#depth	He	He+	He+2
 1.49634e+10	4.31e-20	3.13e-10	1.00e+00
 4.54887e+10	4.99e-20	3.46e-10	1.00e+00
 7.72350e+10	5.73e-20	3.82e-10	1.00e+00
 1.10251e+11	6.57e-20	4.23e-10	1.00e+00
 1.40215e+11	7.40e-20	4.63e-10	1.00e+00
 1.65348e+11	8.14e-20	4.98e-10	1.00e+00
 1.92952e+11	8.99e-20	5.38e-10	1.00e+00
 2.27688e+11	1.01e-19	5.92e-10	1.00e+00
 2.62312e+11	1.14e-19	6.50e-10	1.00e+00
 2.91027e+11	1.25e-19	7.00e-10	1.00e+00
 3.21446e+11	1.37e-19	7.55e-10	1.00e+00
 3.60375e+11	1.54e-19	8.30e-10	1.00e+00
 4.00941e+11	1.73e-19	9.13e-10	1.00e+00
 4.36216e+11	1.90e-19	9.89e-10	1.00e+00
 4.74042e+11	2.10e-19	1.08e-09	1.00e+00
 5.20293e+11	2.36e-19	1.19e-09	1.00e+00
 5.67290e+11	2.64e-19	1.31e-09	1.00e+00
 6.09961e+11	2.92e-19	1.42e-09	1.00e+00
 6.57217e+11	3.26e-19	1.55e-09	1.00e+00
 7.12568e+11	3.69e-19	1.72e-09	1.00e+00
 7.67826e+11	4.17e-19	1.89e-09	1.00e+00
 8.20668e+11	4.68e-19	2.07e-09	1.00e+00
 8.78795e+11	5.30e-19	2.27e-09	1.00e+00
 9.43873e+11	6.08e-19	2.51e-09	1.00e+00
 1.00255e+12	6.87e-19	2.74e-09	1.00e+00
 1.04896e+12	7.56e-19	2.92e-09	1.00e+00
 1.09705e+12	8.33e-19	3.12e-09	1.00e+00
 1.15958e+12	9.44e-19	3.40e-09	1.00e+00
 1.22612e+12	1.08e-18	3.70e-09	1.00e+00
 1.28445e+12	1.21e-18	3.98e-09	1.00e+00
 1.34685e+12	1.36e-18	4.29e-09	1.00e+00
 1.42473e+12	1.57e-18	4.69e-09	1.00e+00
 1.50387e+12	1.82e-18	5.13e-09	1.00e+00
 1.57306e+12	2.07e-18	5.52e-09	1.00e+00
 1.64815e+12	2.36e-18	5.96e-09	1.00e+00
 1.73160e+12	2.73e-18	6.48e-09	1.00e+00
 1.80928e+12	3.11e-18	6.99e-09	1.00e+00
 1.89363e+12	3.58e-18	7.55e-09	1.00e+00
 1.98726e+12	4.16e-18	8.22e-09	1.00e+00
 2.07437e+12	4.78e-18	8.85e-09	1.00e+00
 2.16904e+12	5.52e-18	9.58e-09	1.00e+00
 2.27444e+12	6.46e-18	1.04e-08	1.00e+00
 2.37313e+12	7.44e-18	1.12e-08	1.00e+00
 2.48075e+12	8.65e-18	1.22e-08	1.00e+00
 2.60083e+12	1.02e-17	1.33e-08	1.00e+00
 2.71373e+12	1.18e-17	1.43e-08	1.00e+00
 2.83711e+12	1.38e-17	1.55e-08	1.00e+00
 2.97533e+12	1.63e-17	1.70e-08	1.00e+00
 3.10633e+12	1.90e-17	1.84e-08	1.00e+00
 3.24719e+12	2.23e-17	2.00e-08	1.00e+00
 3.40700e+12	2.66e-17	2.18e-08	1.00e+00
 3.56447e+12	3.14e-17	2.38e-08	1.00e+00
 3.72824e+12	3.70e-17	2.58e-08	1.00e+00
 3.90729e+12	4.40e-17	2.82e-08	1.00e+00
 4.09351e+12	5.21e-17	3.08e-08	1.00e+00
 4.27543e+12	6.15e-17	3.34e-08	1.00e+00
 4.44094e+12	7.08e-17	3.59e-08	1.00e+00
 4.58809e+12	7.99e-17	3.82e-08	1.00e+00
 4.74591e+12	9.07e-17	4.07e-08	1.00e+00
 4.94678e+12	1.06e-16	4.40e-08	1.00e+00
 5.15131e+12	1.23e-16	4.76e-08	1.00e+00
 5.32348e+12	1.39e-16	5.06e-08	1.00e+00
 5.50586e+12	1.58e-16	5.39e-08	1.00e+00
 5.73608e+12	1.84e-16	5.82e-08	1.00e+00
 5.97177e+12	2.15e-16	6.29e-08	1.00e+00
 6.17311e+12	2.43e-16	6.69e-08	1.00e+00
 6.38654e+12	2.76e-16	7.13e-08	1.00e+00
 6.65228e+12	3.20e-16	7.70e-08	1.00e+00
 6.92475e+12	3.74e-16	8.32e-08	1.00e+00
 7.16337e+12	4.24e-16	8.86e-08	1.00e+00
 7.41926e+12	4.83e-16	9.46e-08	1.00e+00
 7.73013e+12	5.62e-16	1.02e-07	1.00e+00
 8.04544e+12	6.52e-16	1.10e-07	1.00e+00
 8.33378e+12	7.43e-16	1.18e-07	1.00e+00
 8.65410e+12	8.55e-16	1.26e-07	1.00e+00
 9.02682e+12	9.97e-16	1.36e-07	1.00e+00
 9.39492e+12	1.16e-15	1.47e-07	1.00e+00
 9.74327e+12	1.33e-15	1.57e-07	1.00e+00
 1.01285e+13	1.53e-15	1.69e-07	1.00e+00
 1.05635e+13	1.79e-15	1.83e-07	1.00e+00
 1.10017e+13	2.08e-15	1.97e-07	1.00e+00
 1.14574e+13	2.41e-15	2.13e-07	1.00e+00
 1.19456e+13	2.81e-15	2.30e-07	1.00e+00
 1.24533e+13	3.27e-15	2.49e-07	1.00e+00
 1.29458e+13	3.78e-15	2.68e-07	1.00e+00
 1.34101e+13	4.30e-15	2.86e-07	1.00e+00
 1.38481e+13	4.85e-15	3.04e-07	1.00e+00
 1.43250e+13	5.50e-15	3.24e-07	1.00e+00
 1.48583e+13	6.29e-15	3.47e-07	1.00e+00
 1.53630e+13	7.12e-15	3.69e-07	1.00e+00
 1.59173e+13	8.13e-15	3.95e-07	1.00e+00
 1.65363e+13	9.37e-15	4.25e-07	1.00e+00
 1.71252e+13	1.07e-14	4.54e-07	1.00e+00
 1.77716e+13	1.22e-14	4.87e-07	1.00e+00
 1.84970e+13	1.42e-14	5.26e-07	1.00e+00
 1.91977e+13	1.63e-14	5.65e-07	1.00e+00
 1.99419e+13	1.89e-14	6.08e-07	1.00e+00
 2.07022e+13	2.17e-14	6.53e-07	1.00e+00
 2.13746e+13	2.45e-14	6.96e-07	1.00e+00
 2.21052e+13	2.77e-14	7.42e-07	1.00e+00
 2.29835e+13	3.22e-14	8.01e-07	1.00e+00
 2.38519e+13	3.71e-14	8.62e-07	1.00e+00
 2.46258e+13	4.17e-14	9.17e-07	1.00e+00
 2.54790e+13	4.76e-14	9.82e-07	1.00e+00
 2.64954e+13	5.50e-14	1.06e-06	1.00e+00
 2.75057e+13	6.34e-14	1.14e-06	1.00e+00
 2.84288e+13	7.19e-14	1.22e-06	1.00e+00
 2.94569e+13	8.20e-14	1.31e-06	1.00e+00
 3.06537e+13	9.54e-14	1.42e-06	1.00e+00
 3.18270e+13	1.10e-13	1.53e-06	1.00e+00
 3.29320e+13	1.25e-13	1.63e-06	1.00e+00
 3.41640e+13	1.43e-13	1.76e-06	1.00e+00
 3.55605e+13	1.66e-13	1.90e-06	1.00e+00
 3.69536e+13	1.92e-13	2.05e-06	1.00e+00
 3.82574e+13	2.18e-13	2.20e-06	1.00e+00
 3.96725e+13	2.49e-13	2.37e-06	1.00e+00
 4.12893e+13	2.89e-13	2.57e-06	1.00e+00
 4.28125e+13	3.29e-13	2.76e-06	1.00e+00
 4.41826e+13	3.69e-13	2.94e-06	1.00e+00
 4.54798e+13	4.11e-13	3.11e-06	1.00e+00
 4.69195e+13	4.59e-13	3.32e-06	1.00e+00
 4.85230e+13	5.19e-13	3.55e-06	1.00e+00
 5.00329e+13	5.79e-13	3.77e-06	1.00e+00
 5.16895e+13	6.50e-13	4.03e-06	1.00e+00
 5.35429e+13	7.38e-13	4.32e-06	1.00e+00
 5.52992e+13	8.26e-13	4.61e-06	1.00e+00
 5.72298e+13	9.34e-13	4.94e-06	1.00e+00
 5.93647e+13	1.06e-12	5.32e-06	1.00e+00
 6.13383e+13	1.19e-12	5.68e-06	1.00e+00
 6.34772e+13	1.35e-12	6.09e-06	1.00e+00
 6.58627e+13	1.53e-12	6.56e-06	1.00e+00
 6.81025e+13	1.72e-12	7.03e-06	1.00e+00
 7.05476e+13	1.94e-12	7.54e-06	1.00e+00
 7.32665e+13	2.21e-12	8.15e-06	1.00e+00
 7.58043e+13	2.49e-12	8.73e-06	1.00e+00
 7.85603e+13	2.82e-12	9.40e-06	1.00e+00
 8.16411e+13	3.22e-12	1.02e-05	1.00e+00
 8.45628e+13	3.64e-12	1.09e-05	1.00e+00
 8.76928e+13	4.13e-12	1.18e-05	1.00e+00
 9.12305e+13	4.74e-12	1.28e-05	1.00e+00
 9.47019e+13	5.38e-12	1.38e-05	1.00e+00
 9.83123e+13	6.13e-12	1.50e-05	1.00e+00
 1.02275e+14	7.04e-12	1.63e-05	1.00e+00
 1.06178e+14	8.02e-12	1.76e-05	1.00e+00
 1.09404e+14	8.92e-12	1.88e-05	1.00e+00
 1.11984e+14	9.67e-12	1.97e-05	1.00e+00
 1.14831e+14	1.06e-11	2.08e-05	1.00e+00
 1.18531e+14	1.18e-11	2.23e-05	1.00e+00
 1.22500e+14	1.33e-11	2.40e-05	1.00e+00
 1.26025e+14	1.47e-11	2.55e-05	1.00e+00
 1.29813e+14	1.64e-11	2.72e-05	1.00e+00
 1.34608e+14	1.87e-11	2.94e-05	1.00e+00
 1.39473e+14	2.13e-11	3.18e-05	1.00e+00
 1.43607e+14	2.37e-11	3.39e-05	1.00e+00
 1.48033e+14	2.65e-11	3.63e-05	1.00e+00
 1.53560e+14	3.04e-11	3.94e-05	1.00e+00
 1.59239e+14	3.49e-11	4.27e-05	1.00e+00
 1.64250e+14	3.91e-11	4.58e-05	1.00e+00
 1.69670e+14	4.40e-11	4.93e-05	1.00e+00
 1.76203e+14	5.11e-11	5.37e-05	1.00e+00
 1.82672e+14	5.81e-11	5.82e-05	1.00e+00
 1.88445e+14	6.59e-11	6.25e-05	1.00e+00
 1.94825e+14	7.43e-11	6.73e-05	1.00e+00
 2.02415e+14	8.67e-11	7.34e-05	1.00e+00
 2.09932e+14	1.00e-10	7.98e-05	1.00e+00
 2.16805e+14	1.12e-10	8.57e-05	1.00e+00
 2.24487e+14	1.29e-10	9.29e-05	1.00e+00
 2.33420e+14	1.50e-10	1.01e-04	1.00e+00
 2.42227e+14	1.74e-10	1.10e-04	1.00e+00
 2.50624e+14	1.99e-10	1.19e-04	1.00e+00
 2.59917e+14	2.30e-10	1.29e-04	1.00e+00
 2.68656e+14	2.59e-10	1.39e-04	1.00e+00
 2.75207e+14	2.86e-10	1.47e-04	1.00e+00
 2.81930e+14	3.17e-10	1.55e-04	1.00e+00
 2.90670e+14	3.57e-10	1.67e-04	1.00e+00
 3.00126e+14	4.01e-10	1.79e-04	1.00e+00
 3.08650e+14	4.49e-10	1.91e-04	1.00e+00
 3.17869e+14	5.09e-10	2.04e-04	1.00e+00
 3.29557e+14	5.90e-10	2.21e-04	1.00e+00
 3.41330e+14	6.68e-10	2.39e-04	1.00e+00
 3.51277e+14	7.53e-10	2.55e-04	1.00e+00
 3.61971e+14	8.49e-10	2.72e-04	1.00e+00
 3.75391e+14	9.93e-10	2.96e-04	1.00e+00
 3.89401e+14	1.14e-09	3.20e-04	1.00e+00
 4.02011e+14	1.29e-09	3.44e-04	1.00e+00
 4.15754e+14	1.48e-09	3.71e-04	1.00e+00
 4.32008e+14	1.76e-09	4.04e-04	1.00e+00
 4.47976e+14	2.03e-09	4.37e-04	1.00e+00
 4.62561e+14	2.32e-09	4.69e-04	1.00e+00
 4.78895e+14	2.64e-09	5.07e-04	9.99e-01
 4.97905e+14	3.13e-09	5.52e-04	9.99e-01
 5.16621e+14	3.64e-09	5.99e-04	9.99e-01
 5.34425e+14	4.19e-09	6.45e-04	9.99e-01
 5.54170e+14	4.79e-09	6.98e-04	9.99e-01
 5.76367e+14	5.75e-09	7.61e-04	9.99e-01
 5.95069e+14	6.55e-09	8.15e-04	9.99e-01
 6.08650e+14	7.19e-09	8.56e-04	9.99e-01
 6.22899e+14	7.91e-09	9.00e-04	9.99e-01
 6.41424e+14	8.78e-09	9.59e-04	9.99e-01
 6.62073e+14	1.02e-08	1.03e-03	9.99e-01
 6.81316e+14	1.14e-08	1.09e-03	9.99e-01
 7.02165e+14	1.28e-08	1.17e-03	9.99e-01
 7.25727e+14	1.49e-08	1.25e-03	9.99e-01
 7.48173e+14	1.68e-08	1.34e-03	9.99e-01
 7.72708e+14	1.89e-08	1.43e-03	9.99e-01
 8.00263e+14	2.23e-08	1.55e-03	9.98e-01
 8.26319e+14	2.53e-08	1.65e-03	9.98e-01
 8.54767e+14	2.87e-08	1.78e-03	9.98e-01
 8.86639e+14	3.41e-08	1.92e-03	9.98e-01
 9.16267e+14	3.89e-08	2.06e-03	9.98e-01
 9.48088e+14	4.42e-08	2.22e-03	9.98e-01
 9.83971e+14	5.26e-08	2.40e-03	9.98e-01
 1.01771e+15	6.01e-08	2.58e-03	9.97e-01
 1.05415e+15	6.86e-08	2.78e-03	9.97e-01
 1.09522e+15	8.22e-08	3.02e-03	9.97e-01
 1.13230e+15	9.39e-08	3.24e-03	9.97e-01
 1.16514e+15	1.05e-07	3.45e-03	9.97e-01
 1.20247e+15	1.19e-07	3.69e-03	9.96e-01
 1.24806e+15	1.42e-07	4.00e-03	9.96e-01
 1.28795e+15	1.61e-07	4.28e-03	9.96e-01
 1.31667e+15	1.78e-07	4.49e-03	9.96e-01
 1.34727e+15	1.96e-07	4.71e-03	9.95e-01
 1.38706e+15	2.23e-07	5.03e-03	9.95e-01
 1.43014e+15	2.48e-07	5.36e-03	9.95e-01
 1.47131e+15	2.85e-07	5.71e-03	9.94e-01
 1.51117e+15	3.19e-07	6.05e-03	9.94e-01
 1.55552e+15	3.63e-07	6.45e-03	9.94e-01
 1.60529e+15	4.13e-07	6.91e-03	9.93e-01
 1.65394e+15	4.73e-07	7.39e-03	9.93e-01
 1.70106e+15	5.31e-07	7.86e-03	9.92e-01
 1.75437e+15	6.12e-07	8.43e-03	9.92e-01
 1.81297e+15	7.00e-07	9.06e-03	9.91e-01
 1.86733e+15	7.88e-07	9.68e-03	9.90e-01
 1.92688e+15	9.24e-07	1.04e-02	9.90e-01
 1.98992e+15	1.06e-06	1.12e-02	9.89e-01
 2.04566e+15	1.18e-06	1.19e-02	9.88e-01
 2.10625e+15	1.35e-06	1.28e-02	9.87e-01
 2.17414e+15	1.59e-06	1.38e-02	9.86e-01
 2.23511e+15	1.80e-06	1.48e-02	9.85e-01
 2.28957e+15	2.01e-06	1.56e-02	9.84e-01
 2.34186e+15	2.24e-06	1.65e-02	9.83e-01
 2.39203e+15	2.46e-06	1.74e-02	9.83e-01
 2.44955e+15	2.72e-06	1.85e-02	9.82e-01
 2.52434e+15	3.20e-06	2.00e-02	9.80e-01
 2.60188e+15	3.63e-06	2.16e-02	9.78e-01
 2.66995e+15	4.22e-06	2.32e-02	9.77e-01
 2.73157e+15	4.72e-06	2.46e-02	9.75e-01
 2.78790e+15	5.23e-06	2.61e-02	9.74e-01
 2.85111e+15	5.89e-06	2.78e-02	9.72e-01
 2.92026e+15	6.54e-06	2.97e-02	9.70e-01
 2.99714e+15	7.68e-06	3.22e-02	9.68e-01
 3.07856e+15	8.82e-06	3.49e-02	9.65e-01
 3.15096e+15	1.01e-05	3.76e-02	9.62e-01
 3.21410e+15	1.14e-05	4.00e-02	9.60e-01
 3.28008e+15	1.28e-05	4.29e-02	9.57e-01
 3.36586e+15	1.52e-05	4.71e-02	9.53e-01
 3.45095e+15	1.76e-05	5.15e-02	9.49e-01
 3.51539e+15	1.99e-05	5.52e-02	9.45e-01
 3.57941e+15	2.26e-05	5.94e-02	9.41e-01
 3.64917e+15	2.56e-05	6.42e-02	9.36e-01
 3.71411e+15	2.94e-05	6.93e-02	9.31e-01
 3.77219e+15	3.30e-05	7.42e-02	9.26e-01
 3.83363e+15	3.74e-05	8.01e-02	9.20e-01
 3.89549e+15	4.20e-05	8.65e-02	9.13e-01
 3.94679e+15	4.70e-05	9.25e-02	9.07e-01
 3.99201e+15	5.21e-05	9.83e-02	9.02e-01
 4.03331e+15	5.82e-05	1.04e-01	8.96e-01
 4.07014e+15	6.33e-05	1.09e-01	8.90e-01
 4.10827e+15	6.91e-05	1.16e-01	8.84e-01
 4.15784e+15	7.83e-05	1.25e-01	8.75e-01
 4.20872e+15	8.86e-05	1.34e-01	8.66e-01
 4.24995e+15	9.91e-05	1.43e-01	8.57e-01
 4.28449e+15	1.08e-04	1.51e-01	8.49e-01
 4.32169e+15	1.20e-04	1.61e-01	8.39e-01
 4.37004e+15	1.38e-04	1.75e-01	8.25e-01
 4.41646e+15	1.54e-04	1.89e-01	8.11e-01
 4.46038e+15	1.78e-04	2.05e-01	7.95e-01
 4.50147e+15	2.02e-04	2.20e-01	7.80e-01
 4.53140e+15	2.21e-04	2.33e-01	7.67e-01
 4.56280e+15	2.45e-04	2.47e-01	7.52e-01
 4.60361e+15	2.75e-04	2.68e-01	7.32e-01
 4.65667e+15	3.34e-04	2.97e-01	7.02e-01
 4.70126e+15	3.77e-04	3.23e-01	6.77e-01
 4.73482e+15	4.30e-04	3.46e-01	6.54e-01
 4.76788e+15	4.79e-04	3.69e-01	6.31e-01
 4.80028e+15	5.35e-04	3.93e-01	6.06e-01
 4.83057e+15	5.86e-04	4.16e-01	5.83e-01
 4.85318e+15	6.32e-04	4.35e-01	5.65e-01
 4.87347e+15	6.76e-04	4.51e-01	5.48e-01
 4.89569e+15	7.33e-04	4.71e-01	5.28e-01
 4.91860e+15	7.84e-04	4.90e-01	5.09e-01
 4.94242e+15	8.53e-04	5.12e-01	4.87e-01
 4.96610e+15	9.16e-04	5.32e-01	4.67e-01
 4.98958e+15	9.88e-04	5.54e-01	4.45e-01
 5.01535e+15	1.07e-03	5.77e-01	4.22e-01
 5.03860e+15	1.14e-03	5.98e-01	4.01e-01
 5.06333e+15	1.23e-03	6.20e-01	3.79e-01
 5.08974e+15	1.32e-03	6.43e-01	3.56e-01
 5.11332e+15	1.40e-03	6.62e-01	3.36e-01
 5.13538e+15	1.49e-03	6.80e-01	3.18e-01
 5.16053e+15	1.59e-03	7.01e-01	2.97e-01
 5.18798e+15	1.69e-03	7.21e-01	2.77e-01
 5.21272e+15	1.80e-03	7.39e-01	2.59e-01
 5.23920e+15	1.91e-03	7.58e-01	2.40e-01
 5.26776e+15	2.03e-03	7.76e-01	2.22e-01
 5.29329e+15	2.15e-03	7.91e-01	2.07e-01
 5.31703e+15	2.25e-03	8.05e-01	1.93e-01
 5.34420e+15	2.38e-03	8.19e-01	1.78e-01
 5.37396e+15	2.53e-03	8.34e-01	1.64e-01
 5.40101e+15	2.66e-03	8.46e-01	1.52e-01
 5.42593e+15	2.79e-03	8.56e-01	1.41e-01
 5.45421e+15	2.94e-03	8.67e-01	1.30e-01
 5.48470e+15	3.12e-03	8.78e-01	1.19e-01
 5.51214e+15	3.28e-03	8.87e-01	1.10e-01
 5.54185e+15	3.46e-03	8.95e-01	1.01e-01
 5.57387e+15	3.68e-03	9.04e-01	9.25e-02
 5.60258e+15	3.89e-03	9.11e-01	8.56e-02
 5.63361e+15	4.13e-03	9.18e-01	7.84e-02
 5.66779e+15	4.42e-03	9.24e-01	7.14e-02
 5.69911e+15	4.71e-03	9.29e-01	6.59e-02
 5.72845e+15	5.01e-03	9.34e-01	6.10e-02
 5.76217e+15	5.40e-03	9.39e-01	5.57e-02
 5.79948e+15	5.88e-03	9.43e-01	5.06e-02
 5.83306e+15	6.39e-03	9.47e-01	4.66e-02
 5.86236e+15	6.89e-03	9.50e-01	4.33e-02
 5.89449e+15	7.51e-03	9.53e-01	3.99e-02
 5.92973e+15	8.31e-03	9.55e-01	3.66e-02
 5.96076e+15	9.12e-03	9.57e-01	3.42e-02
 5.98786e+15	9.98e-03	9.58e-01	3.20e-02
 6.01811e+15	1.11e-02	9.59e-01	2.98e-02
 6.04749e+15	1.24e-02	9.60e-01	2.79e-02
 6.06821e+15	1.34e-02	9.60e-01	2.68e-02
 6.08492e+15	1.44e-02	9.60e-01	2.59e-02
 6.10395e+15	1.56e-02	9.60e-01	2.48e-02
 6.12522e+15	1.72e-02	9.59e-01	2.37e-02
 6.14451e+15	1.89e-02	9.58e-01	2.28e-02
 6.16090e+15	2.05e-02	9.57e-01	2.21e-02
 6.17843e+15	2.25e-02	9.56e-01	2.14e-02
 6.19730e+15	2.50e-02	9.54e-01	2.06e-02
 6.21353e+15	2.74e-02	9.52e-01	2.01e-02
 6.22705e+15	2.97e-02	9.51e-01	1.97e-02
 6.24146e+15	3.26e-02	9.48e-01	1.92e-02
 6.26019e+15	3.68e-02	9.45e-01	1.87e-02
 6.27896e+15	4.18e-02	9.40e-01	1.83e-02
 6.29322e+15	4.64e-02	9.36e-01	1.80e-02
 6.30530e+15	5.08e-02	9.31e-01	1.78e-02
 6.31910e+15	5.65e-02	9.26e-01	1.76e-02
 6.33686e+15	6.49e-02	9.18e-01	1.74e-02
 6.35473e+15	7.52e-02	9.07e-01	1.73e-02
 6.36837e+15	8.46e-02	8.98e-01	1.73e-02
 6.37904e+15	9.29e-02	8.90e-01	1.73e-02
 6.38887e+15	1.01e-01	8.81e-01	1.73e-02
 6.39885e+15	1.11e-01	8.72e-01	1.74e-02
 6.40878e+15	1.22e-01	8.61e-01	1.74e-02
 6.41626e+15	1.30e-01	8.52e-01	1.75e-02
 6.42081e+15	1.36e-01	8.47e-01	1.75e-02
 6.42500e+15	1.42e-01	8.41e-01	1.75e-02
 6.43007e+15	1.49e-01	8.34e-01	1.75e-02
 6.43567e+15	1.57e-01	8.25e-01	1.76e-02
 6.44105e+15	1.65e-01	8.17e-01	1.76e-02
 6.44611e+15	1.73e-01	8.09e-01	1.77e-02
 6.45117e+15	1.82e-01	8.00e-01	1.77e-02
 6.45627e+15	1.91e-01	7.91e-01	1.78e-02
 6.46136e+15	2.01e-01	7.81e-01	1.78e-02
 6.46641e+15	2.11e-01	7.71e-01	1.79e-02
 6.47143e+15	2.21e-01	7.61e-01	1.79e-02
 6.47645e+15	2.32e-01	7.50e-01	1.79e-02
 6.48151e+15	2.44e-01	7.38e-01	1.79e-02
 6.48657e+15	2.56e-01	7.26e-01	1.79e-02
 6.49154e+15	2.69e-01	7.13e-01	1.79e-02
 6.49647e+15	2.81e-01	7.01e-01	1.80e-02
 6.50149e+15	2.95e-01	6.87e-01	1.79e-02
 6.50650e+15	3.09e-01	6.73e-01	1.79e-02
 6.51150e+15	3.24e-01	6.58e-01	1.78e-02
 6.51650e+15	3.39e-01	6.43e-01	1.78e-02
 6.52152e+15	3.55e-01	6.28e-01	1.77e-02
 6.52662e+15	3.71e-01	6.11e-01	1.76e-02
 6.53167e+15	3.88e-01	5.95e-01	1.75e-02
 6.53670e+15	4.05e-01	5.78e-01	1.74e-02
 6.54184e+15	4.22e-01	5.61e-01	1.72e-02
 6.54706e+15	4.40e-01	5.43e-01	1.70e-02
 6.55231e+15	4.59e-01	5.24e-01	1.68e-02
 6.55756e+15	4.77e-01	5.06e-01	1.66e-02
 6.56280e+15	4.96e-01	4.88e-01	1.64e-02
 6.56803e+15	5.14e-01	4.70e-01	1.61e-02
 6.57327e+15	5.33e-01	4.51e-01	1.58e-02
 6.57855e+15	5.51e-01	4.33e-01	1.55e-02
 6.58390e+15	5.69e-01	4.16e-01	1.52e-02
 6.58931e+15	5.87e-01	3.98e-01	1.48e-02
 6.59482e+15	6.05e-01	3.81e-01	1.44e-02
 6.60047e+15	6.22e-01	3.64e-01	1.40e-02
 6.60624e+15	6.39e-01	3.47e-01	1.36e-02
 6.61221e+15	6.55e-01	3.31e-01	1.32e-02
 6.61847e+15	6.72e-01	3.15e-01	1.28e-02
 6.62502e+15	6.88e-01	3.00e-01	1.23e-02
 6.63191e+15	7.03e-01	2.85e-01	1.18e-02
 6.63926e+15	7.18e-01	2.71e-01	1.13e-02
 6.64726e+15	7.32e-01	2.57e-01	1.08e-02
 6.65600e+15	7.46e-01	2.44e-01	1.03e-02
 6.66552e+15	7.58e-01	2.32e-01	9.81e-03
 6.67528e+15	7.69e-01	2.21e-01	9.36e-03
 6.68486e+15	7.78e-01	2.13e-01	8.97e-03
 6.69513e+15	7.87e-01	2.05e-01	8.55e-03
 6.70629e+15	7.94e-01	1.98e-01	8.19e-03
 6.71835e+15	8.01e-01	1.91e-01	7.80e-03
 6.73124e+15	8.07e-01	1.85e-01	7.46e-03
 6.74498e+15	8.13e-01	1.80e-01	7.11e-03
 6.75949e+15	8.18e-01	1.75e-01	6.78e-03
 6.77442e+15	8.23e-01	1.71e-01	6.48e-03
 6.79021e+15	8.28e-01	1.66e-01	6.17e-03
 6.80633e+15	8.32e-01	1.62e-01	5.88e-03
 6.82218e+15	8.36e-01	1.58e-01	5.61e-03
 6.83808e+15	8.40e-01	1.55e-01	5.37e-03
 6.85445e+15	8.44e-01	1.51e-01	5.12e-03
 6.87052e+15	8.47e-01	1.48e-01	4.90e-03
 6.88607e+15	8.50e-01	1.45e-01	4.68e-03
 6.90133e+15	8.53e-01	1.42e-01	4.49e-03
 6.91628e+15	8.56e-01	1.39e-01	4.31e-03
 6.93132e+15	8.59e-01	1.36e-01	4.13e-03
 6.94624e+15	8.62e-01	1.34e-01	3.96e-03
 6.96082e+15	8.65e-01	1.31e-01	3.81e-03
 6.97493e+15	8.68e-01	1.29e-01	3.66e-03
 6.98866e+15	8.70e-01	1.26e-01	3.53e-03
 7.00224e+15	8.72e-01	1.24e-01	3.40e-03
 7.01579e+15	8.75e-01	1.22e-01	3.27e-03
 7.02921e+15	8.77e-01	1.20e-01	3.15e-03
 7.04241e+15	8.79e-01	1.18e-01	3.04e-03
 7.05537e+15	8.81e-01	1.16e-01	2.94e-03
 7.06815e+15	8.83e-01	1.14e-01	2.84e-03
 7.08079e+15	8.85e-01	1.12e-01	2.74e-03
 7.09327e+15	8.87e-01	1.10e-01	2.65e-03
 7.10557e+15	8.89e-01	1.08e-01	2.57e-03
 7.11768e+15	8.91e-01	1.07e-01	2.48e-03
 7.12971e+15	8.92e-01	1.05e-01	2.40e-03
 7.14167e+15	8.94e-01	1.04e-01	2.33e-03
 7.15353e+15	8.96e-01	1.02e-01	2.26e-03
 7.16528e+15	8.97e-01	1.00e-01	2.19e-03
 7.17692e+15	8.99e-01	9.90e-02	2.12e-03
 7.18850e+15	9.00e-01	9.75e-02	2.06e-03
 7.20003e+15	9.02e-01	9.61e-02	1.99e-03
 7.21150e+15	9.03e-01	9.47e-02	1.93e-03
 7.22295e+15	9.05e-01	9.34e-02	1.88e-03
 7.23438e+15	9.06e-01	9.20e-02	1.82e-03
 7.24583e+15	9.08e-01	9.07e-02	1.77e-03
 7.25746e+15	9.09e-01	8.94e-02	1.71e-03
 7.26937e+15	9.10e-01	8.81e-02	1.66e-03
 7.28156e+15	9.12e-01	8.68e-02	1.61e-03
 7.29387e+15	9.13e-01	8.54e-02	1.56e-03
 7.30622e+15	9.14e-01	8.41e-02	1.51e-03
 7.31885e+15	9.16e-01	8.28e-02	1.46e-03
 7.33200e+15	9.17e-01	8.15e-02	1.41e-03
 7.34576e+15	9.18e-01	8.01e-02	1.36e-03
 7.36035e+15	9.20e-01	7.87e-02	1.31e-03
 7.37599e+15	9.22e-01	7.72e-02	1.26e-03
 7.39266e+15	9.23e-01	7.56e-02	1.21e-03
 7.41108e+15	9.25e-01	7.39e-02	1.15e-03
 7.43245e+15	9.27e-01	7.19e-02	1.09e-03
 7.45450e+15	9.29e-01	7.00e-02	1.03e-03
 7.47457e+15	9.31e-01	6.83e-02	9.75e-04
 7.49283e+15	9.32e-01	6.68e-02	9.30e-04
 7.50945e+15	9.34e-01	6.55e-02	8.91e-04
 7.52457e+15	9.35e-01	6.43e-02	8.57e-04
 7.53834e+15	9.36e-01	6.31e-02	8.26e-04
 7.55086e+15	9.37e-01	6.22e-02	8.00e-04
 7.56458e+15	9.38e-01	6.11e-02	7.71e-04
 7.57940e+15	9.39e-01	6.00e-02	7.42e-04
 7.59288e+15	9.40e-01	5.90e-02	7.15e-04
 7.60515e+15	9.41e-01	5.81e-02	6.93e-04
 7.61859e+15	9.42e-01	5.71e-02	6.68e-04
 7.63310e+15	9.43e-01	5.60e-02	6.43e-04
 7.64631e+15	9.44e-01	5.51e-02	6.20e-04
 7.65833e+15	9.45e-01	5.42e-02	6.00e-04
 7.66927e+15	9.46e-01	5.34e-02	5.82e-04
 7.68125e+15	9.47e-01	5.26e-02	5.62e-04
 7.69419e+15	9.48e-01	5.17e-02	5.43e-04
 7.70596e+15	9.49e-01	5.09e-02	5.26e-04
 7.71668e+15	9.49e-01	5.02e-02	5.10e-04
 7.72842e+15	9.50e-01	4.93e-02	4.93e-04
 7.74109e+15	9.51e-01	4.85e-02	4.76e-04
 7.75263e+15	9.52e-01	4.78e-02	4.60e-04
 7.76312e+15	9.52e-01	4.71e-02	4.47e-04
 7.77268e+15	9.53e-01	4.64e-02	4.34e-04
 7.78314e+15	9.54e-01	4.57e-02	4.20e-04
 7.79444e+15	9.55e-01	4.50e-02	4.08e-04
 7.80472e+15	9.55e-01	4.43e-02	3.95e-04
 7.81408e+15	9.56e-01	4.38e-02	3.84e-04
 7.82433e+15	9.57e-01	4.31e-02	3.72e-04
 7.83540e+15	9.57e-01	4.25e-02	3.61e-04
 7.84548e+15	9.58e-01	4.18e-02	3.50e-04
 7.85464e+15	9.58e-01	4.13e-02	3.40e-04
 7.86298e+15	9.59e-01	4.08e-02	3.32e-04
 7.87213e+15	9.59e-01	4.02e-02	3.22e-04
 7.88199e+15	9.60e-01	3.97e-02	3.14e-04
 7.89097e+15	9.61e-01	3.91e-02	3.05e-04
 7.89914e+15	9.61e-01	3.87e-02	2.98e-04
 7.90810e+15	9.62e-01	3.81e-02	2.89e-04
 7.91777e+15	9.62e-01	3.76e-02	2.81e-04
 7.92656e+15	9.63e-01	3.71e-02	2.74e-04
 7.93457e+15	9.63e-01	3.67e-02	2.67e-04
 7.94334e+15	9.64e-01	3.62e-02	2.60e-04
 7.95281e+15	9.64e-01	3.57e-02	2.53e-04
 7.96143e+15	9.64e-01	3.53e-02	2.47e-04
 7.97087e+15	9.65e-01	3.48e-02	2.39e-04
 7.98107e+15	9.65e-01	3.43e-02	2.33e-04
 7.99035e+15	9.66e-01	3.38e-02	2.26e-04
 7.99879e+15	9.66e-01	3.34e-02	2.21e-04
 8.00804e+15	9.67e-01	3.29e-02	2.14e-04
 8.01803e+15	9.67e-01	3.25e-02	2.09e-04
 8.02712e+15	9.68e-01	3.21e-02	2.03e-04
 8.03708e+15	9.68e-01	3.16e-02	1.97e-04
 8.04783e+15	9.69e-01	3.12e-02	1.92e-04
 8.05761e+15	9.69e-01	3.07e-02	1.87e-04
 8.06833e+15	9.70e-01	3.02e-02	1.81e-04
 8.07991e+15	9.70e-01	2.98e-02	1.76e-04
 8.09044e+15	9.70e-01	2.94e-02	1.70e-04
 8.10003e+15	9.71e-01	2.90e-02	1.66e-04
 8.11053e+15	9.71e-01	2.85e-02	1.61e-04
 8.12187e+15	9.72e-01	2.81e-02	1.56e-04
 8.13219e+15	9.72e-01	2.77e-02	1.52e-04
 8.14350e+15	9.73e-01	2.73e-02	1.47e-04
 8.15570e+15	9.73e-01	2.69e-02	1.43e-04
 8.16681e+15	9.73e-01	2.65e-02	1.39e-04
 8.17692e+15	9.74e-01	2.61e-02	1.35e-04
 8.18800e+15	9.74e-01	2.57e-02	1.31e-04
 8.19995e+15	9.75e-01	2.53e-02	1.27e-04
 8.21084e+15	9.75e-01	2.50e-02	1.23e-04
 8.22276e+15	9.75e-01	2.46e-02	1.19e-04
 8.23563e+15	9.76e-01	2.42e-02	1.16e-04
 8.24735e+15	9.76e-01	2.38e-02	1.12e-04
 8.26019e+15	9.76e-01	2.34e-02	1.09e-04
 8.27405e+15	9.77e-01	2.30e-02	1.05e-04
 8.28666e+15	9.77e-01	2.27e-02	1.02e-04
 8.29813e+15	9.78e-01	2.23e-02	9.89e-05
 8.31071e+15	9.78e-01	2.20e-02	9.57e-05
 8.32429e+15	9.78e-01	2.17e-02	9.30e-05
 8.33664e+15	9.79e-01	2.13e-02	9.00e-05
 8.35018e+15	9.79e-01	2.09e-02	8.70e-05
 8.36480e+15	9.79e-01	2.06e-02	8.41e-05
 8.37810e+15	9.80e-01	2.03e-02	8.15e-05
 8.39267e+15	9.80e-01	1.99e-02	7.86e-05
 8.40840e+15	9.80e-01	1.95e-02	7.58e-05
 8.42272e+15	9.81e-01	1.92e-02	7.33e-05
 8.43575e+15	9.81e-01	1.89e-02	7.12e-05
 8.45003e+15	9.81e-01	1.86e-02	6.88e-05
 8.46544e+15	9.82e-01	1.83e-02	6.65e-05
 8.47947e+15	9.82e-01	1.80e-02	6.44e-05
 8.49484e+15	9.82e-01	1.77e-02	6.21e-05
 8.51143e+15	9.83e-01	1.73e-02	5.99e-05
 8.52653e+15	9.83e-01	1.71e-02	5.79e-05
 8.54308e+15	9.83e-01	1.67e-02	5.58e-05
 8.56094e+15	9.84e-01	1.64e-02	5.37e-05
 8.57720e+15	9.84e-01	1.61e-02	5.19e-05
 8.59501e+15	9.84e-01	1.58e-02	4.98e-05
 8.61424e+15	9.84e-01	1.55e-02	4.79e-05
 8.63174e+15	9.85e-01	1.52e-02	4.62e-05
 8.65092e+15	9.85e-01	1.49e-02	4.43e-05
 8.67162e+15	9.85e-01	1.46e-02	4.25e-05
 8.69046e+15	9.86e-01	1.43e-02	4.09e-05
 8.70761e+15	9.86e-01	1.40e-02	3.95e-05
 8.72639e+15	9.86e-01	1.38e-02	3.79e-05
 8.74667e+15	9.86e-01	1.35e-02	3.65e-05
 8.76513e+15	9.87e-01	1.32e-02	3.52e-05
 8.78535e+15	9.87e-01	1.30e-02	3.37e-05
 8.80718e+15	9.87e-01	1.27e-02	3.23e-05
 8.82705e+15	9.88e-01	1.25e-02	3.11e-05
 8.84882e+15	9.88e-01	1.22e-02	2.98e-05
 8.87233e+15	9.88e-01	1.19e-02	2.85e-05
 8.89372e+15	9.88e-01	1.17e-02	2.74e-05
 8.91715e+15	9.89e-01	1.14e-02	2.62e-05
 8.94246e+15	9.89e-01	1.11e-02	2.50e-05
 8.96548e+15	9.89e-01	1.09e-02	2.39e-05
 8.99071e+15	9.89e-01	1.06e-02	2.28e-05
 9.01795e+15	9.90e-01	1.04e-02	2.17e-05
 9.04274e+15	9.90e-01	1.02e-02	2.08e-05
 9.06990e+15	9.90e-01	9.90e-03	1.98e-05
 9.09922e+15	9.90e-01	9.65e-03	1.88e-05
 9.12591e+15	9.91e-01	9.43e-03	1.80e-05
 9.15515e+15	9.91e-01	9.18e-03	1.70e-05
 9.18672e+15	9.91e-01	8.93e-03	1.61e-05
 9.21544e+15	9.91e-01	8.72e-03	1.54e-05
 9.24692e+15	9.92e-01	8.48e-03	1.46e-05
 9.28091e+15	9.92e-01	8.24e-03	1.38e-05
 9.31183e+15	9.92e-01	8.03e-03	1.31e-05
 9.34572e+15	9.92e-01	7.80e-03	1.24e-05
 9.38230e+15	9.92e-01	7.57e-03	1.17e-05
 9.42239e+15	9.93e-01	7.32e-03	1.09e-05
 9.47174e+15	9.93e-01	7.03e-03	1.01e-05
 9.52502e+15	9.93e-01	6.74e-03	9.25e-06
 9.57795e+15	9.94e-01	6.46e-03	8.52e-06
 9.63172e+15	9.94e-01	6.20e-03	7.84e-06
 9.68795e+15	9.94e-01	5.94e-03	7.20e-06
 9.74654e+15	9.94e-01	5.68e-03	6.59e-06
 9.80702e+15	9.95e-01	5.43e-03	6.03e-06
 9.86944e+15	9.95e-01	5.18e-03	5.50e-06
 9.93408e+15	9.95e-01	4.94e-03	5.01e-06
 1.00008e+16	9.95e-01	4.71e-03	4.55e-06
 1.00690e+16	9.96e-01	4.49e-03	4.14e-06
 1.01382e+16	9.96e-01	4.28e-03	3.76e-06
 1.02078e+16	9.96e-01	4.07e-03	3.42e-06
 1.02783e+16	9.96e-01	3.88e-03	3.10e-06
 1.03511e+16	9.96e-01	3.69e-03	2.81e-06
 1.04257e+16	9.96e-01	3.51e-03	2.55e-06
 1.05012e+16	9.97e-01	3.34e-03	2.31e-06
 1.05779e+16	9.97e-01	3.18e-03	2.09e-06
 1.06560e+16	9.97e-01	3.02e-03	1.89e-06
 1.07356e+16	9.97e-01	2.87e-03	1.70e-06
 1.08167e+16	9.97e-01	2.72e-03	1.54e-06
 1.08992e+16	9.97e-01	2.58e-03	1.39e-06
 1.09833e+16	9.98e-01	2.45e-03	1.25e-06
 1.10690e+16	9.98e-01	2.32e-03	1.12e-06
 1.11562e+16	9.98e-01	2.20e-03	1.01e-06
 1.12450e+16	9.98e-01	2.09e-03	9.05e-07
 1.13356e+16	9.98e-01	1.97e-03	8.12e-07
 1.14281e+16	9.98e-01	1.87e-03	7.27e-07
 1.15224e+16	9.98e-01	1.76e-03	6.50e-07
 1.16185e+16	9.98e-01	1.67e-03	5.81e-07
 1.17166e+16	9.98e-01	1.57e-03	5.18e-07
 1.18168e+16	9.99e-01	1.48e-03	4.61e-07
 1.19191e+16	9.99e-01	1.40e-03	4.10e-07
 1.20237e+16	9.99e-01	1.32e-03	3.64e-07
 1.21306e+16	9.99e-01	1.24e-03	3.22e-07
 1.22400e+16	9.99e-01	1.17e-03	2.85e-07
 1.23519e+16	9.99e-01	1.09e-03	2.51e-07
 1.24667e+16	9.99e-01	1.03e-03	2.21e-07
 1.25843e+16	9.99e-01	9.61e-04	1.94e-07
 1.27050e+16	9.99e-01	9.00e-04	1.70e-07
 1.28289e+16	9.99e-01	8.41e-04	1.49e-07
 1.29564e+16	9.99e-01	7.84e-04	1.30e-07
 1.30874e+16	9.99e-01	7.30e-04	1.13e-07
 1.32217e+16	9.99e-01	6.80e-04	9.77e-08
 1.33579e+16	9.99e-01	6.33e-04	8.47e-08
 1.34990e+16	9.99e-01	5.87e-04	7.28e-08
 1.36482e+16	9.99e-01	5.43e-04	6.23e-08
 1.38040e+16	9.99e-01	5.00e-04	5.30e-08
 1.39649e+16	1.00e+00	4.60e-04	4.48e-08
 1.41318e+16	1.00e+00	4.22e-04	3.77e-08
 1.43064e+16	1.00e+00	3.85e-04	3.15e-08
 1.44894e+16	1.00e+00	3.51e-04	2.62e-08
 1.46816e+16	1.00e+00	3.18e-04	2.15e-08
 1.48844e+16	1.00e+00	2.87e-04	1.75e-08
 1.50996e+16	1.00e+00	2.58e-04	1.41e-08
 1.53278e+16	1.00e+00	2.30e-04	1.13e-08
 1.55736e+16	1.00e+00	2.04e-04	8.82e-09
 1.58383e+16	1.00e+00	1.79e-04	6.81e-09
 1.61208e+16	1.00e+00	1.56e-04	5.17e-09
 1.64350e+16	1.00e+00	1.34e-04	3.81e-09
 1.67880e+16	1.00e+00	1.13e-04	2.71e-09
 1.71805e+16	1.00e+00	9.35e-05	1.87e-09
 1.76374e+16	1.00e+00	7.53e-05	1.21e-09
 1.81593e+16	1.00e+00	5.93e-05	7.54e-10
 1.87035e+16	1.00e+00	4.65e-05	4.65e-10
 1.92400e+16	1.00e+00	3.68e-05	2.91e-10
 1.97698e+16	1.00e+00	2.93e-05	1.85e-10
 2.03066e+16	1.00e+00	2.33e-05	1.18e-10
 2.08557e+16	1.00e+00	1.86e-05	7.48e-11
 2.14171e+16	1.00e+00	1.48e-05	4.74e-11
 2.19887e+16	1.00e+00	1.18e-05	3.01e-11
 2.25695e+16	1.00e+00	9.41e-06	1.92e-11
 2.31633e+16	1.00e+00	7.50e-06	1.22e-11
 2.37719e+16	1.00e+00	5.97e-06	7.78e-12
 2.43950e+16	1.00e+00	4.76e-06	4.94e-12
 2.50333e+16	1.00e+00	3.78e-06	3.13e-12
 2.56880e+16	1.00e+00	3.01e-06	1.98e-12
 2.63611e+16	1.00e+00	2.38e-06	1.25e-12
 2.70346e+16	1.00e+00	1.90e-06	7.97e-13
 2.76898e+16	1.00e+00	1.53e-06	5.19e-13
 2.83250e+16	1.00e+00	1.25e-06	3.46e-13
 2.89431e+16	1.00e+00	1.03e-06	2.34e-13
 2.95469e+16	1.00e+00	8.51e-07	1.61e-13
 3.01340e+16	1.00e+00	7.11e-07	1.12e-13
 3.07032e+16	1.00e+00	5.98e-07	7.98e-14
 3.12526e+16	1.00e+00	5.08e-07	5.76e-14
 3.17816e+16	1.00e+00	4.35e-07	4.23e-14
 3.22906e+16	1.00e+00	3.75e-07	3.15e-14
 3.27794e+16	1.00e+00	3.26e-07	2.38e-14
 3.32485e+16	1.00e+00	2.85e-07	1.83e-14
 3.36985e+16	1.00e+00	2.51e-07	1.42e-14
 3.41294e+16	1.00e+00	2.23e-07	1.12e-14
 3.45415e+16	1.00e+00	1.99e-07	8.95e-15
 3.49351e+16	1.00e+00	1.79e-07	7.23e-15
 3.53109e+16	1.00e+00	1.61e-07	5.91e-15
 3.56695e+16	1.00e+00	1.47e-07	4.88e-15
 3.60118e+16	1.00e+00	1.34e-07	4.07e-15
 3.63385e+16	1.00e+00	1.23e-07	3.43e-15
 3.66501e+16	1.00e+00	1.13e-07	2.91e-15
 3.69472e+16	1.00e+00	1.05e-07	2.49e-15
 3.72306e+16	1.00e+00	9.72e-08	2.16e-15
 3.75009e+16	1.00e+00	9.06e-08	1.88e-15
 3.77589e+16	1.00e+00	8.48e-08	1.64e-15
 3.80050e+16	1.00e+00	7.96e-08	1.45e-15
 3.82398e+16	1.00e+00	7.50e-08	1.29e-15
 3.84640e+16	1.00e+00	7.09e-08	1.15e-15
 3.86784e+16	1.00e+00	6.71e-08	1.03e-15
 3.88837e+16	1.00e+00	6.37e-08	9.33e-16
 3.90802e+16	1.00e+00	6.07e-08	8.46e-16
 3.92683e+16	1.00e+00	5.79e-08	7.71e-16
 3.94485e+16	1.00e+00	5.53e-08	7.05e-16
 3.96216e+16	1.00e+00	5.30e-08	6.47e-16
 3.97881e+16	1.00e+00	5.09e-08	5.97e-16
 3.99485e+16	1.00e+00	4.89e-08	5.52e-16
 4.01032e+16	1.00e+00	4.71e-08	5.12e-16
 4.02525e+16	1.00e+00	4.54e-08	4.76e-16
 4.03971e+16	1.00e+00	4.38e-08	4.43e-16
 4.05374e+16	1.00e+00	4.23e-08	4.14e-16
 4.06739e+16	1.00e+00	4.09e-08	3.88e-16
 4.08072e+16	1.00e+00	3.96e-08	3.64e-16
 4.09376e+16	1.00e+00	3.84e-08	3.42e-16
 4.10658e+16	1.00e+00	3.72e-08	3.21e-16
 4.11922e+16	1.00e+00	3.61e-08	3.02e-16
 4.13177e+16	1.00e+00	3.50e-08	2.85e-16
 4.14428e+16	1.00e+00	3.40e-08	2.68e-16
 4.15683e+16	1.00e+00	3.30e-08	2.52e-16
 4.16951e+16	1.00e+00	3.20e-08	2.38e-16
 4.18241e+16	1.00e+00	3.10e-08	2.23e-16
 4.19568e+16	1.00e+00	3.00e-08	2.10e-16
 4.20947e+16	1.00e+00	2.90e-08	1.96e-16
 4.22397e+16	1.00e+00	2.81e-08	1.83e-16
 4.23945e+16	1.00e+00	2.70e-08	1.70e-16
 4.25625e+16	1.00e+00	2.60e-08	1.57e-16
 4.27484e+16	1.00e+00	2.48e-08	1.44e-16
 4.29592e+16	1.00e+00	2.36e-08	1.30e-16
 4.32047e+16	1.00e+00	2.23e-08	1.16e-16
 4.35003e+16	1.00e+00	2.08e-08	1.01e-16
 4.38703e+16	1.00e+00	1.90e-08	8.46e-17
 4.43470e+16	1.00e+00	1.70e-08	6.77e-17
 4.49668e+16	1.00e+00	1.47e-08	5.07e-17
 4.57725e+16	1.00e+00	1.22e-08	3.50e-17
 4.68200e+16	1.00e+00	9.59e-09	2.18e-17
 4.81816e+16	1.00e+00	7.09e-09	1.20e-17
 4.97332e+16	1.00e+00	5.10e-09	6.25e-18
 5.12969e+16	1.00e+00	3.70e-09	3.31e-18
 5.28605e+16	1.00e+00	2.70e-09	1.78e-18
 5.44239e+16	1.00e+00	1.98e-09	9.69e-19
 5.59871e+16	1.00e+00	1.47e-09	5.36e-19
 5.77847e+16	1.00e+00	1.04e-09	2.71e-19
 5.99334e+16	1.00e+00	7.03e-10	1.25e-19
 6.22207e+16	1.00e+00	4.70e-10	5.63e-20
 6.45301e+16	1.00e+00	3.17e-10	2.59e-20
 6.69160e+16	1.00e+00	2.13e-10	1.19e-20
 6.93781e+16	1.00e+00	1.44e-10	5.46e-21
 7.19121e+16	1.00e+00	9.67e-11	0.00e+00
 7.45564e+16	1.00e+00	6.48e-11	0.00e+00
 7.72783e+16	1.00e+00	4.35e-11	0.00e+00
 8.00800e+16	1.00e+00	2.92e-11	0.00e+00
 8.29222e+16	1.00e+00	1.97e-11	0.00e+00
 8.57645e+16	1.00e+00	1.35e-11	0.00e+00
 8.87357e+16	1.00e+00	9.14e-12	0.00e+00
 9.16321e+16	1.00e+00	6.36e-12	0.00e+00
 9.37826e+16	1.00e+00	4.95e-12	0.00e+00
 9.50061e+16	1.00e+00	4.31e-12	0.00e+00
 9.56770e+16	1.00e+00	4.01e-12	0.00e+00
 9.60795e+16	1.00e+00	3.82e-12	0.00e+00
 9.63304e+16	1.00e+00	3.72e-12	0.00e+00
 9.65053e+16	1.00e+00	3.64e-12	0.00e+00
 9.66618e+16	1.00e+00	3.58e-12	0.00e+00
 9.68497e+16	1.00e+00	3.49e-12	0.00e+00
 9.70861e+16	1.00e+00	3.39e-12	0.00e+00
 9.73229e+16	1.00e+00	3.30e-12	0.00e+00
 9.75083e+16	1.00e+00	3.23e-12	0.00e+00
 9.76499e+16	1.00e+00	3.18e-12	0.00e+00
 9.77929e+16	1.00e+00	3.12e-12	0.00e+00
 9.79561e+16	1.00e+00	3.06e-12	0.00e+00
 9.81074e+16	1.00e+00	3.01e-12	0.00e+00
 9.82353e+16	1.00e+00	2.97e-12	0.00e+00
 9.83555e+16	1.00e+00	2.92e-12	0.00e+00
 9.84719e+16	1.00e+00	2.88e-12	0.00e+00
 9.85786e+16	1.00e+00	2.85e-12	0.00e+00
 9.86830e+16	1.00e+00	2.81e-12	0.00e+00
 9.87957e+16	1.00e+00	2.77e-12	0.00e+00
 9.89038e+16	1.00e+00	2.74e-12	0.00e+00
 9.89939e+16	1.00e+00	2.71e-12	0.00e+00
 9.90772e+16	1.00e+00	2.69e-12	0.00e+00
 9.91672e+16	1.00e+00	2.66e-12	0.00e+00
 9.92607e+16	1.00e+00	2.63e-12	0.00e+00
 9.93426e+16	1.00e+00	2.60e-12	0.00e+00
 9.94121e+16	1.00e+00	2.58e-12	0.00e+00
 9.94879e+16	1.00e+00	2.56e-12	0.00e+00
 9.95735e+16	1.00e+00	2.53e-12	0.00e+00
 9.96510e+16	1.00e+00	2.51e-12	0.00e+00
 9.97165e+16	1.00e+00	2.49e-12	0.00e+00
 9.97863e+16	1.00e+00	2.47e-12	0.00e+00
 9.98661e+16	1.00e+00	2.44e-12	0.00e+00
 9.99411e+16	1.00e+00	2.42e-12	0.00e+00
 9.99990e+16	1.00e+00	2.40e-12	0.00e+00
 1.00053e+17	1.00e+00	2.39e-12	0.00e+00
 1.00123e+17	1.00e+00	2.37e-12	0.00e+00
 1.00199e+17	1.00e+00	2.34e-12	0.00e+00
 1.00272e+17	1.00e+00	2.32e-12	0.00e+00
 1.00340e+17	1.00e+00	2.30e-12	0.00e+00
 1.00409e+17	1.00e+00	2.28e-12	0.00e+00
 1.00484e+17	1.00e+00	2.26e-12	0.00e+00
 1.00560e+17	1.00e+00	2.24e-12	0.00e+00
 1.00633e+17	1.00e+00	2.22e-12	0.00e+00
 1.00703e+17	1.00e+00	2.20e-12	0.00e+00
 1.00776e+17	1.00e+00	2.18e-12	0.00e+00
 1.00854e+17	1.00e+00	2.16e-12	0.00e+00
 1.00934e+17	1.00e+00	2.14e-12	0.00e+00
 1.01014e+17	1.00e+00	2.11e-12	0.00e+00
 1.01094e+17	1.00e+00	2.09e-12	0.00e+00
 1.01178e+17	1.00e+00	2.07e-12	0.00e+00
 1.01267e+17	1.00e+00	2.05e-12	0.00e+00
 1.01357e+17	1.00e+00	2.02e-12	0.00e+00
 1.01442e+17	1.00e+00	2.00e-12	0.00e+00
 1.01526e+17	1.00e+00	1.98e-12	0.00e+00
 1.01615e+17	1.00e+00	1.96e-12	0.00e+00
 1.01717e+17	1.00e+00	1.93e-12	0.00e+00
 1.01820e+17	1.00e+00	1.91e-12	0.00e+00
 1.01916e+17	1.00e+00	1.88e-12	0.00e+00
 1.02011e+17	1.00e+00	1.86e-12	0.00e+00
 1.02114e+17	1.00e+00	1.83e-12	0.00e+00
 1.02231e+17	1.00e+00	1.81e-12	0.00e+00
 1.02351e+17	1.00e+00	1.78e-12	0.00e+00
 1.02468e+17	1.00e+00	1.75e-12	0.00e+00
 1.02577e+17	1.00e+00	1.73e-12	0.00e+00
 1.02687e+17	1.00e+00	1.70e-12	0.00e+00
 1.02811e+17	1.00e+00	1.67e-12	0.00e+00
 1.02949e+17	1.00e+00	1.64e-12	0.00e+00
 1.03091e+17	1.00e+00	1.61e-12	0.00e+00
 1.03226e+17	1.00e+00	1.58e-12	0.00e+00
 1.03357e+17	1.00e+00	1.56e-12	0.00e+00
 1.03498e+17	1.00e+00	1.53e-12	0.00e+00
 1.03649e+17	1.00e+00	1.50e-12	0.00e+00
 1.03809e+17	1.00e+00	1.46e-12	0.00e+00
 1.03970e+17	1.00e+00	1.43e-12	0.00e+00
 1.04130e+17	1.00e+00	1.40e-12	0.00e+00
 1.04293e+17	1.00e+00	1.37e-12	0.00e+00
 1.04465e+17	1.00e+00	1.34e-12	0.00e+00
 1.04653e+17	1.00e+00	1.31e-12	0.00e+00
 1.04847e+17	1.00e+00	1.27e-12	0.00e+00
 1.05032e+17	1.00e+00	1.24e-12	0.00e+00
 1.05215e+17	1.00e+00	1.21e-12	0.00e+00
 1.05418e+17	1.00e+00	1.18e-12	0.00e+00
 1.05645e+17	1.00e+00	1.15e-12	0.00e+00
 1.05874e+17	1.00e+00	1.11e-12	0.00e+00
 1.06088e+17	1.00e+00	1.08e-12	0.00e+00
 1.06297e+17	1.00e+00	1.05e-12	0.00e+00
 1.06528e+17	1.00e+00	1.02e-12	0.00e+00
 1.06787e+17	1.00e+00	9.82e-13	0.00e+00
 1.07054e+17	1.00e+00	9.47e-13	0.00e+00
 1.07304e+17	1.00e+00	9.15e-13	0.00e+00
 1.07550e+17	1.00e+00	8.86e-13	0.00e+00
 1.07817e+17	1.00e+00	8.54e-13	0.00e+00
 1.08117e+17	1.00e+00	8.20e-13	0.00e+00
 1.08427e+17	1.00e+00	7.86e-13	0.00e+00
 1.08721e+17	1.00e+00	7.56e-13	0.00e+00
 1.09010e+17	1.00e+00	7.27e-13	0.00e+00
 1.09319e+17	1.00e+00	6.98e-13	0.00e+00
 1.09651e+17	1.00e+00	6.68e-13	0.00e+00
 1.10004e+17	1.00e+00	6.36e-13	0.00e+00
 1.10357e+17	1.00e+00	6.07e-13	0.00e+00
 1.10708e+17	1.00e+00	5.79e-13	0.00e+00
 1.11073e+17	1.00e+00	5.51e-13	0.00e+00
 1.11447e+17	1.00e+00	5.25e-13	0.00e+00
 1.11836e+17	1.00e+00	5.00e-13	0.00e+00
 1.12261e+17	1.00e+00	4.72e-13	0.00e+00
 1.12703e+17	1.00e+00	4.47e-13	0.00e+00
 1.13142e+17	1.00e+00	4.21e-13	0.00e+00
 1.13587e+17	1.00e+00	3.98e-13	0.00e+00
 1.14044e+17	1.00e+00	3.76e-13	0.00e+00
 1.14531e+17	1.00e+00	3.54e-13	0.00e+00
 1.15050e+17	1.00e+00	3.32e-13	0.00e+00
 1.15590e+17	1.00e+00	3.11e-13	0.00e+00
 1.16152e+17	1.00e+00	2.91e-13	0.00e+00
 1.16737e+17	1.00e+00	2.71e-13	0.00e+00
 1.17310e+17	1.00e+00	2.54e-13	0.00e+00
 1.17826e+17	1.00e+00	2.40e-13	0.00e+00
 1.18289e+17	1.00e+00	2.28e-13	0.00e+00
 1.18737e+17	1.00e+00	2.16e-13	0.00e+00
 1.19204e+17	1.00e+00	2.05e-13	0.00e+00
 1.19702e+17	1.00e+00	1.94e-13	0.00e+00
 1.20195e+17	1.00e+00	1.83e-13	0.00e+00
 1.20629e+17	1.00e+00	1.74e-13	0.00e+00
 1.20995e+17	1.00e+00	1.67e-13	0.00e+00
 1.21316e+17	1.00e+00	1.61e-13	0.00e+00
 1.21616e+17	1.00e+00	1.55e-13	0.00e+00
 1.21905e+17	1.00e+00	1.50e-13	0.00e+00
 1.22179e+17	1.00e+00	1.45e-13	0.00e+00
 1.22432e+17	1.00e+00	1.41e-13	0.00e+00
 1.22665e+17	1.00e+00	1.37e-13	0.00e+00
 1.22885e+17	1.00e+00	1.34e-13	0.00e+00
 1.23096e+17	1.00e+00	1.30e-13	0.00e+00
 1.23300e+17	1.00e+00	1.27e-13	0.00e+00
 1.23498e+17	1.00e+00	1.24e-13	0.00e+00
 1.23688e+17	1.00e+00	1.21e-13	0.00e+00
 1.23871e+17	1.00e+00	1.19e-13	0.00e+00
 1.24049e+17	1.00e+00	1.16e-13	0.00e+00
 1.24223e+17	1.00e+00	1.14e-13	0.00e+00
 1.24394e+17	1.00e+00	1.11e-13	0.00e+00
 1.24560e+17	1.00e+00	1.09e-13	0.00e+00
 1.24723e+17	1.00e+00	1.07e-13	0.00e+00
 1.24882e+17	1.00e+00	1.05e-13	0.00e+00
 1.25039e+17	1.00e+00	1.03e-13	0.00e+00
 1.25194e+17	1.00e+00	1.02e-13	0.00e+00
 1.25347e+17	1.00e+00	9.97e-14	0.00e+00
 1.25498e+17	1.00e+00	9.80e-14	0.00e+00
 1.25646e+17	1.00e+00	9.64e-14	0.00e+00
 1.25793e+17	1.00e+00	9.48e-14	0.00e+00
 1.25960e+17	1.00e+00	9.29e-14	0.00e+00
 1.26178e+17	1.00e+00	9.06e-14	0.00e+00
 1.26462e+17	1.00e+00	8.77e-14	0.00e+00
 1.26831e+17	1.00e+00	8.40e-14	0.00e+00
 1.27310e+17	1.00e+00	7.96e-14	0.00e+00
 1.27907e+17	1.00e+00	7.44e-14	0.00e+00
 1.28546e+17	1.00e+00	6.94e-14	0.00e+00
 1.29125e+17	1.00e+00	6.53e-14	0.00e+00
 1.29630e+17	1.00e+00	6.19e-14	0.00e+00
 1.30113e+17	1.00e+00	5.88e-14	0.00e+00
 1.30629e+17	1.00e+00	5.56e-14	0.00e+00
 1.31190e+17	1.00e+00	5.24e-14	0.00e+00
 1.31769e+17	1.00e+00	4.93e-14	0.00e+00
 1.32339e+17	1.00e+00	4.65e-14	0.00e+00
 1.32901e+17	1.00e+00	4.39e-14	0.00e+00
 1.33479e+17	1.00e+00	4.13e-14	0.00e+00
 1.34099e+17	1.00e+00	3.88e-14	0.00e+00
 1.34772e+17	1.00e+00	3.62e-14	0.00e+00
 1.35497e+17	1.00e+00	3.36e-14	0.00e+00
 1.36284e+17	1.00e+00	3.10e-14	0.00e+00
 1.37169e+17	1.00e+00	2.83e-14	0.00e+00
 1.38220e+17	1.00e+00	2.55e-14	0.00e+00
 1.39548e+17	1.00e+00	2.23e-14	0.00e+00
 1.41273e+17	1.00e+00	1.87e-14	0.00e+00
 1.43516e+17	1.00e+00	1.50e-14	0.00e+00
 1.46432e+17	1.00e+00	1.12e-14	0.00e+00
 1.50223e+17	1.00e+00	7.81e-15	0.00e+00
 1.55150e+17	1.00e+00	4.91e-15	0.00e+00
 1.61094e+17	1.00e+00	2.85e-15	0.00e+00
 1.67328e+17	1.00e+00	1.64e-15	0.00e+00
 1.73112e+17	1.00e+00	9.89e-16	0.00e+00
 1.78267e+17	1.00e+00	6.32e-16	0.00e+00
 1.83893e+17	1.00e+00	3.85e-16	0.00e+00
 1.90814e+17	1.00e+00	2.10e-16	0.00e+00
 1.96800e+17	1.00e+00	1.22e-16	0.00e+00
 2.00392e+17	1.00e+00	8.60e-17	0.00e+00
 2.02547e+17	1.00e+00	6.79e-17	0.00e+00
 2.03828e+17	1.00e+00	5.79e-17	0.00e+00
 2.04584e+17	1.00e+00	5.20e-17	0.00e+00
 2.05037e+17	1.00e+00	4.84e-17	0.00e+00
 2.05309e+17	1.00e+00	4.63e-17	0.00e+00
 2.05473e+17	1.00e+00	4.50e-17	0.00e+00
 2.05586e+17	1.00e+00	4.41e-17	0.00e+00
 2.05707e+17	1.00e+00	4.33e-17	0.00e+00
 2.05864e+17	1.00e+00	4.22e-17	0.00e+00
 2.06062e+17	1.00e+00	4.08e-17	0.00e+00
 2.06274e+17	1.00e+00	3.93e-17	0.00e+00
 2.06454e+17	1.00e+00	3.80e-17	0.00e+00
 2.06593e+17	1.00e+00	3.69e-17	0.00e+00
 2.06718e+17	1.00e+00	3.61e-17	0.00e+00
 2.06862e+17	1.00e+00	3.51e-17	0.00e+00
 2.07042e+17	1.00e+00	3.40e-17	0.00e+00
 2.07240e+17	1.00e+00	3.26e-17	0.00e+00
 2.07414e+17	1.00e+00	3.14e-17	0.00e+00
 2.07549e+17	1.00e+00	3.05e-17	0.00e+00
 2.07671e+17	1.00e+00	2.97e-17	0.00e+00
 2.07808e+17	1.00e+00	2.88e-17	0.00e+00
 2.07978e+17	1.00e+00	2.78e-17	0.00e+00
 2.08166e+17	1.00e+00	2.66e-17	0.00e+00
 2.08336e+17	1.00e+00	2.55e-17	0.00e+00
 2.08472e+17	1.00e+00	2.47e-17	0.00e+00
 2.08592e+17	1.00e+00	2.40e-17	0.00e+00
 2.08727e+17	1.00e+00	2.32e-17	0.00e+00
 2.08890e+17	1.00e+00	2.24e-17	0.00e+00
 2.09070e+17	1.00e+00	2.14e-17	0.00e+00
 2.09239e+17	1.00e+00	2.04e-17	0.00e+00
 2.09378e+17	1.00e+00	1.96e-17	0.00e+00
 2.09504e+17	1.00e+00	1.90e-17	0.00e+00
 2.09638e+17	1.00e+00	1.84e-17	0.00e+00
 2.09797e+17	1.00e+00	1.77e-17	0.00e+00
 2.09977e+17	1.00e+00	1.68e-17	0.00e+00
 2.10150e+17	1.00e+00	1.60e-17	0.00e+00
 2.10297e+17	1.00e+00	1.54e-17	0.00e+00
 2.10428e+17	1.00e+00	1.48e-17	0.00e+00
 2.10566e+17	1.00e+00	1.43e-17	0.00e+00
 2.10730e+17	1.00e+00	1.37e-17	0.00e+00
 2.10916e+17	1.00e+00	1.30e-17	0.00e+00
 2.11096e+17	1.00e+00	1.23e-17	0.00e+00
 2.11252e+17	1.00e+00	1.18e-17	0.00e+00
 2.11393e+17	1.00e+00	1.13e-17	0.00e+00
 2.11543e+17	1.00e+00	1.08e-17	0.00e+00
 2.11719e+17	1.00e+00	1.03e-17	0.00e+00
 2.11918e+17	1.00e+00	9.80e-18	0.00e+00
 2.12112e+17	1.00e+00	9.26e-18	0.00e+00
 2.12284e+17	1.00e+00	8.82e-18	0.00e+00
 2.12444e+17	1.00e+00	8.43e-18	0.00e+00
 2.12614e+17	1.00e+00	8.07e-18	0.00e+00
 2.12813e+17	1.00e+00	7.66e-18	0.00e+00
 2.13036e+17	1.00e+00	7.23e-18	0.00e+00
 2.13256e+17	1.00e+00	6.82e-18	0.00e+00
 2.13456e+17	1.00e+00	6.46e-18	0.00e+00
 2.13649e+17	1.00e+00	6.15e-18	0.00e+00
 2.13857e+17	1.00e+00	5.85e-18	0.00e+00
 2.14100e+17	1.00e+00	5.53e-18	0.00e+00
 2.14367e+17	1.00e+00	5.20e-18	0.00e+00
 2.14635e+17	1.00e+00	4.88e-18	0.00e+00
 2.14889e+17	1.00e+00	4.60e-18	0.00e+00
 2.15141e+17	1.00e+00	4.36e-18	0.00e+00
 2.15421e+17	1.00e+00	4.11e-18	0.00e+00
 2.15746e+17	1.00e+00	3.86e-18	0.00e+00
 2.16106e+17	1.00e+00	3.60e-18	0.00e+00
 2.16473e+17	1.00e+00	3.35e-18	0.00e+00
