#depth	C	C+	C+2	C+3	C+4	C+5	C+6	C[1]	C[2]	C[3]	C+[1]	C+[2]	CO
 1.49634e+10	0.00e+00	3.09e-30	5.62e-21	2.31e-12	5.00e-03	8.74e-01	1.21e-01	0.00e+00	0.00e+00	0.00e+00	0.00e+00	0.00e+00	0.00e+00
 4.54887e+10	3.33e-40	4.38e-30	7.34e-21	2.78e-12	5.53e-03	8.82e-01	1.12e-01	0.00e+00	0.00e+00	0.00e+00	0.00e+00	0.00e+00	3.18e-130
 7.72350e+10	0.00e+00	6.22e-30	9.59e-21	3.34e-12	6.11e-03	8.90e-01	1.04e-01	0.00e+00	0.00e+00	0.00e+00	0.00e+00	0.00e+00	0.00e+00
 1.10251e+11	7.90e-40	8.82e-30	1.25e-20	4.02e-12	6.75e-03	8.97e-01	9.67e-02	0.00e+00	0.00e+00	0.00e+00	0.00e+00	0.00e+00	3.22e-129
 1.42041e+11	0.00e+00	1.22e-29	1.61e-20	4.77e-12	7.41e-03	9.02e-01	9.01e-02	0.00e+00	0.00e+00	0.00e+00	0.00e+00	0.00e+00	0.00e+00
 1.71687e+11	1.70e-39	1.64e-29	2.01e-20	5.56e-12	8.05e-03	9.07e-01	8.45e-02	0.00e+00	0.00e+00	0.00e+00	0.00e+00	0.00e+00	2.50e-128
 2.05066e+11	0.00e+00	2.26e-29	2.57e-20	6.57e-12	8.82e-03	9.12e-01	7.87e-02	0.00e+00	0.00e+00	0.00e+00	0.00e+00	0.00e+00	0.00e+00
 2.43195e+11	3.90e-39	3.21e-29	3.36e-20	7.91e-12	9.75e-03	9.17e-01	7.28e-02	0.00e+00	0.00e+00	0.00e+00	0.00e+00	0.00e+00	2.33e-127
 2.81201e+11	0.00e+00	4.51e-29	4.35e-20	9.44e-12	1.07e-02	9.22e-01	6.75e-02	0.00e+00	0.00e+00	0.00e+00	0.00e+00	0.00e+00	0.00e+00
 3.20727e+11	9.04e-39	6.33e-29	5.64e-20	1.13e-11	1.18e-02	9.26e-01	6.24e-02	0.00e+00	0.00e+00	0.00e+00	0.00e+00	0.00e+00	2.20e-126
 3.63483e+11	0.00e+00	9.04e-29	7.41e-20	1.36e-11	1.30e-02	9.29e-01	5.76e-02	0.00e+00	0.00e+00	0.00e+00	0.00e+00	0.00e+00	0.00e+00
 4.07949e+11	2.18e-38	1.29e-28	9.72e-20	1.64e-11	1.44e-02	9.33e-01	5.30e-02	0.00e+00	0.00e+00	0.00e+00	0.00e+00	0.00e+00	2.31e-125
 4.49863e+11	0.00e+00	1.78e-28	1.24e-19	1.94e-11	1.58e-02	9.35e-01	4.92e-02	0.00e+00	0.00e+00	0.00e+00	0.00e+00	0.00e+00	0.00e+00
 4.87555e+11	4.62e-38	2.36e-28	1.54e-19	2.24e-11	1.70e-02	9.37e-01	4.61e-02	0.00e+00	0.00e+00	0.00e+00	0.00e+00	0.00e+00	1.71e-124
 5.29982e+11	0.00e+00	3.22e-28	1.96e-19	2.64e-11	1.85e-02	9.39e-01	4.28e-02	0.00e+00	0.00e+00	0.00e+00	0.00e+00	0.00e+00	0.00e+00
 5.80004e+11	1.04e-37	4.57e-28	2.55e-19	3.16e-11	2.04e-02	9.40e-01	3.94e-02	0.00e+00	0.00e+00	0.00e+00	0.00e+00	0.00e+00	1.50e-123
 6.29994e+11	0.00e+00	6.44e-28	3.32e-19	3.78e-11	2.24e-02	9.41e-01	3.63e-02	0.00e+00	0.00e+00	0.00e+00	0.00e+00	0.00e+00	0.00e+00
 6.76875e+11	2.34e-37	8.76e-28	4.20e-19	4.44e-11	2.44e-02	9.42e-01	3.37e-02	0.00e+00	0.00e+00	0.00e+00	0.00e+00	0.00e+00	1.28e-122
 7.28769e+11	0.00e+00	1.22e-27	5.40e-19	5.26e-11	2.67e-02	9.42e-01	3.12e-02	0.00e+00	0.00e+00	0.00e+00	0.00e+00	0.00e+00	0.00e+00
 7.87847e+11	5.49e-37	1.75e-27	7.11e-19	6.35e-11	2.95e-02	9.42e-01	2.85e-02	0.00e+00	0.00e+00	0.00e+00	0.00e+00	0.00e+00	1.24e-121
 8.46454e+11	0.00e+00	2.48e-27	9.29e-19	7.62e-11	3.24e-02	9.41e-01	2.62e-02	0.00e+00	0.00e+00	0.00e+00	0.00e+00	0.00e+00	0.00e+00
 9.03282e+11	1.27e-36	3.44e-27	1.19e-18	9.02e-11	3.54e-02	9.40e-01	2.41e-02	0.00e+00	0.00e+00	0.00e+00	0.00e+00	0.00e+00	1.14e-120
 9.65218e+11	0.00e+00	4.84e-27	1.55e-18	1.08e-10	3.87e-02	9.39e-01	2.22e-02	0.00e+00	0.00e+00	0.00e+00	0.00e+00	0.00e+00	0.00e+00
 1.03375e+12	3.05e-36	6.98e-27	2.05e-18	1.30e-10	4.27e-02	9.37e-01	2.02e-02	0.00e+00	0.00e+00	0.00e+00	0.00e+00	0.00e+00	1.16e-119
 1.10345e+12	0.00e+00	9.99e-27	2.70e-18	1.57e-10	4.70e-02	9.35e-01	1.84e-02	0.00e+00	0.00e+00	0.00e+00	0.00e+00	0.00e+00	0.00e+00
 1.17149e+12	7.21e-36	1.40e-26	3.49e-18	1.87e-10	5.14e-02	9.32e-01	1.69e-02	0.00e+00	0.00e+00	0.00e+00	0.00e+00	0.00e+00	1.14e-118
 1.24384e+12	0.00e+00	1.98e-26	4.55e-18	2.24e-10	5.63e-02	9.28e-01	1.55e-02	0.00e+00	0.00e+00	0.00e+00	0.00e+00	0.00e+00	0.00e+00
 1.32352e+12	1.74e-35	2.86e-26	6.03e-18	2.70e-10	6.20e-02	9.24e-01	1.40e-02	0.00e+00	0.00e+00	0.00e+00	0.00e+00	0.00e+00	1.17e-117
 1.40466e+12	0.00e+00	4.10e-26	7.95e-18	3.26e-10	6.80e-02	9.19e-01	1.27e-02	0.00e+00	0.00e+00	0.00e+00	0.00e+00	0.00e+00	0.00e+00
 1.48905e+12	4.25e-35	5.88e-26	1.05e-17	3.93e-10	7.47e-02	9.14e-01	1.16e-02	0.00e+00	0.00e+00	0.00e+00	0.00e+00	0.00e+00	1.23e-116
 1.57854e+12	0.00e+00	8.48e-26	1.39e-17	4.75e-10	8.21e-02	9.07e-01	1.05e-02	0.00e+00	0.00e+00	0.00e+00	0.00e+00	0.00e+00	0.00e+00
 1.67161e+12	1.05e-34	1.22e-25	1.84e-17	5.74e-10	9.01e-02	9.00e-01	9.45e-03	0.00e+00	0.00e+00	0.00e+00	0.00e+00	0.00e+00	1.35e-115
 1.75575e+12	1.56e-34	1.69e-25	2.35e-17	6.78e-10	9.77e-02	8.94e-01	8.64e-03	0.00e+00	0.00e+00	0.00e+00	0.00e+00	0.00e+00	6.67e-98
 1.82582e+12	2.14e-34	2.18e-25	2.87e-17	7.74e-10	1.04e-01	8.88e-01	8.03e-03	0.00e+00	0.00e+00	0.00e+00	0.00e+00	0.00e+00	0.00e+00
 1.90256e+12	3.00e-34	2.86e-25	3.53e-17	8.91e-10	1.12e-01	8.81e-01	7.43e-03	0.00e+00	0.00e+00	0.00e+00	0.00e+00	0.00e+00	2.16e-114
 1.99982e+12	4.53e-34	3.99e-25	4.57e-17	1.06e-09	1.21e-01	8.72e-01	6.74e-03	0.00e+00	0.00e+00	0.00e+00	0.00e+00	0.00e+00	7.21e-97
 2.10128e+12	6.84e-34	5.58e-25	5.92e-17	1.26e-09	1.32e-01	8.62e-01	6.10e-03	0.00e+00	0.00e+00	0.00e+00	0.00e+00	0.00e+00	0.00e+00
 2.19108e+12	9.72e-34	7.42e-25	7.37e-17	1.46e-09	1.41e-01	8.53e-01	5.60e-03	0.00e+00	0.00e+00	0.00e+00	0.00e+00	0.00e+00	4.87e-113
 2.27497e+12	1.33e-33	9.59e-25	8.98e-17	1.67e-09	1.50e-01	8.45e-01	5.17e-03	0.00e+00	0.00e+00	0.00e+00	0.00e+00	0.00e+00	8.02e-96
 2.37075e+12	1.89e-33	1.27e-24	1.12e-16	1.93e-09	1.61e-01	8.34e-01	4.74e-03	0.00e+00	0.00e+00	0.00e+00	0.00e+00	0.00e+00	0.00e+00
 2.48836e+12	2.85e-33	1.78e-24	1.45e-16	2.29e-09	1.74e-01	8.22e-01	4.26e-03	0.00e+00	0.00e+00	0.00e+00	0.00e+00	0.00e+00	8.56e-112
 2.60546e+12	4.23e-33	2.45e-24	1.85e-16	2.70e-09	1.88e-01	8.08e-01	3.85e-03	0.00e+00	0.00e+00	0.00e+00	0.00e+00	0.00e+00	1.05e-94
 2.70733e+12	5.86e-33	3.19e-24	2.27e-16	3.10e-09	2.00e-01	7.97e-01	3.52e-03	0.00e+00	0.00e+00	0.00e+00	0.00e+00	0.00e+00	5.87e-111
 2.81822e+12	8.26e-33	4.21e-24	2.82e-16	3.57e-09	2.13e-01	7.84e-01	3.21e-03	0.00e+00	0.00e+00	0.00e+00	0.00e+00	0.00e+00	4.68e-94
 2.95349e+12	1.23e-32	5.83e-24	3.62e-16	4.22e-09	2.29e-01	7.68e-01	2.87e-03	0.00e+00	0.00e+00	0.00e+00	0.00e+00	0.00e+00	4.34e-110
 3.09158e+12	1.82e-32	8.00e-24	4.62e-16	4.96e-09	2.46e-01	7.51e-01	2.57e-03	0.00e+00	0.00e+00	0.00e+00	0.00e+00	0.00e+00	2.75e-93
 3.21857e+12	2.57e-32	1.06e-23	5.73e-16	5.72e-09	2.62e-01	7.36e-01	2.33e-03	0.00e+00	0.00e+00	0.00e+00	0.00e+00	0.00e+00	3.16e-109
 3.35997e+12	3.70e-32	1.42e-23	7.20e-16	6.65e-09	2.79e-01	7.19e-01	2.09e-03	0.00e+00	0.00e+00	0.00e+00	0.00e+00	0.00e+00	1.36e-92
 3.52366e+12	5.53e-32	1.97e-23	9.26e-16	7.84e-09	2.99e-01	6.99e-01	1.85e-03	0.00e+00	0.00e+00	0.00e+00	0.00e+00	0.00e+00	2.59e-108
 3.68484e+12	8.07e-32	2.67e-23	1.17e-15	9.15e-09	3.19e-01	6.80e-01	1.65e-03	0.00e+00	0.00e+00	0.00e+00	0.00e+00	0.00e+00	7.96e-92
 3.83929e+12	1.14e-31	3.53e-23	1.45e-15	1.05e-08	3.37e-01	6.61e-01	1.48e-03	0.00e+00	0.00e+00	0.00e+00	0.00e+00	0.00e+00	1.90e-107
 4.00961e+12	1.64e-31	4.74e-23	1.82e-15	1.22e-08	3.57e-01	6.41e-01	1.32e-03	0.00e+00	0.00e+00	0.00e+00	0.00e+00	0.00e+00	4.02e-91
 4.19992e+12	2.41e-31	6.48e-23	2.31e-15	1.42e-08	3.80e-01	6.19e-01	1.16e-03	0.00e+00	0.00e+00	0.00e+00	0.00e+00	0.00e+00	1.55e-106
 4.37300e+12	3.38e-31	8.49e-23	2.84e-15	1.63e-08	3.99e-01	6.00e-01	1.04e-03	0.00e+00	0.00e+00	0.00e+00	0.00e+00	0.00e+00	2.13e-90
 4.51876e+12	4.43e-31	1.06e-22	3.36e-15	1.81e-08	4.16e-01	5.83e-01	9.44e-04	0.00e+00	0.00e+00	0.00e+00	0.00e+00	0.00e+00	8.55e-106
 4.67910e+12	5.90e-31	1.33e-22	4.00e-15	2.02e-08	4.33e-01	5.66e-01	8.55e-04	0.00e+00	0.00e+00	0.00e+00	0.00e+00	0.00e+00	7.80e-90
 4.86014e+12	8.06e-31	1.71e-22	4.85e-15	2.28e-08	4.52e-01	5.47e-01	7.65e-04	0.00e+00	0.00e+00	0.00e+00	0.00e+00	0.00e+00	4.71e-105
 5.03357e+12	1.07e-30	2.15e-22	5.77e-15	2.55e-08	4.70e-01	5.29e-01	6.90e-04	0.00e+00	0.00e+00	0.00e+00	0.00e+00	0.00e+00	3.17e-89
 5.22448e+12	1.45e-30	2.74e-22	6.94e-15	2.86e-08	4.89e-01	5.10e-01	6.17e-04	0.00e+00	0.00e+00	0.00e+00	0.00e+00	0.00e+00	2.57e-104
 5.43655e+12	2.01e-30	3.55e-22	8.43e-15	3.24e-08	5.10e-01	4.90e-01	5.47e-04	0.00e+00	0.00e+00	0.00e+00	0.00e+00	0.00e+00	1.40e-88
 5.63529e+12	2.69e-30	4.48e-22	1.00e-14	3.61e-08	5.28e-01	4.71e-01	4.90e-04	0.00e+00	0.00e+00	0.00e+00	0.00e+00	0.00e+00	1.52e-103
 5.85282e+12	3.64e-30	5.71e-22	1.21e-14	4.04e-08	5.47e-01	4.52e-01	4.36e-04	0.00e+00	0.00e+00	0.00e+00	0.00e+00	0.00e+00	5.80e-88
 6.09751e+12	5.06e-30	7.42e-22	1.47e-14	4.56e-08	5.68e-01	4.31e-01	3.83e-04	0.00e+00	0.00e+00	0.00e+00	0.00e+00	0.00e+00	9.74e-103
 6.33132e+12	6.84e-30	9.43e-22	1.76e-14	5.09e-08	5.87e-01	4.13e-01	3.39e-04	0.00e+00	0.00e+00	0.00e+00	0.00e+00	0.00e+00	2.64e-87
 6.54778e+12	8.94e-30	1.17e-21	2.06e-14	5.61e-08	6.04e-01	3.96e-01	3.04e-04	0.00e+00	0.00e+00	0.00e+00	0.00e+00	0.00e+00	5.23e-102
 6.78786e+12	1.19e-29	1.46e-21	2.44e-14	6.22e-08	6.21e-01	3.79e-01	2.71e-04	0.00e+00	0.00e+00	0.00e+00	0.00e+00	0.00e+00	1.02e-86
 7.05693e+12	1.62e-29	1.87e-21	2.92e-14	6.93e-08	6.40e-01	3.60e-01	2.38e-04	0.00e+00	0.00e+00	0.00e+00	0.00e+00	0.00e+00	3.08e-101
 7.31115e+12	2.14e-29	2.33e-21	3.44e-14	7.65e-08	6.56e-01	3.43e-01	2.11e-04	0.00e+00	0.00e+00	0.00e+00	0.00e+00	0.00e+00	4.28e-86
 7.58909e+12	2.87e-29	2.94e-21	4.08e-14	8.47e-08	6.73e-01	3.27e-01	1.86e-04	0.00e+00	0.00e+00	0.00e+00	0.00e+00	0.00e+00	1.73e-100
 7.89660e+12	3.92e-29	3.75e-21	4.88e-14	9.43e-08	6.91e-01	3.09e-01	1.63e-04	0.00e+00	0.00e+00	0.00e+00	0.00e+00	0.00e+00	1.92e-85
 8.18198e+12	5.17e-29	4.67e-21	5.73e-14	1.04e-07	7.06e-01	2.94e-01	1.44e-04	0.00e+00	0.00e+00	0.00e+00	0.00e+00	0.00e+00	1.03e-99
 8.49241e+12	6.91e-29	5.86e-21	6.78e-14	1.14e-07	7.22e-01	2.78e-01	1.27e-04	0.00e+00	0.00e+00	0.00e+00	0.00e+00	0.00e+00	7.94e-85
 8.83953e+12	9.44e-29	7.49e-21	8.10e-14	1.27e-07	7.38e-01	2.62e-01	1.10e-04	0.00e+00	0.00e+00	0.00e+00	0.00e+00	0.00e+00	6.53e-99
 9.16717e+12	1.25e-28	9.35e-21	9.52e-14	1.39e-07	7.52e-01	2.48e-01	9.66e-05	0.00e+00	0.00e+00	0.00e+00	0.00e+00	0.00e+00	3.54e-84
 9.52457e+12	1.68e-28	1.18e-20	1.13e-13	1.54e-07	7.66e-01	2.34e-01	8.43e-05	0.00e+00	0.00e+00	0.00e+00	0.00e+00	0.00e+00	3.89e-98
 9.92292e+12	2.31e-28	1.51e-20	1.35e-13	1.70e-07	7.81e-01	2.19e-01	7.27e-05	0.00e+00	0.00e+00	0.00e+00	0.00e+00	0.00e+00	1.68e-83
 1.02999e+13	3.08e-28	1.89e-20	1.58e-13	1.87e-07	7.94e-01	2.06e-01	6.35e-05	0.00e+00	0.00e+00	0.00e+00	0.00e+00	0.00e+00	2.54e-97
 1.07046e+13	4.15e-28	2.38e-20	1.87e-13	2.05e-07	8.06e-01	1.94e-01	5.52e-05	0.00e+00	0.00e+00	0.00e+00	0.00e+00	0.00e+00	7.49e-83
 1.11627e+13	5.72e-28	3.06e-20	2.24e-13	2.27e-07	8.19e-01	1.81e-01	4.73e-05	0.00e+00	0.00e+00	0.00e+00	0.00e+00	0.00e+00	1.76e-96
 1.16145e+13	7.76e-28	3.87e-20	2.65e-13	2.50e-07	8.31e-01	1.69e-01	4.09e-05	0.00e+00	0.00e+00	0.00e+00	0.00e+00	0.00e+00	3.77e-82
 1.20843e+13	1.05e-27	4.91e-20	3.14e-13	2.74e-07	8.42e-01	1.58e-01	3.53e-05	0.00e+00	0.00e+00	0.00e+00	0.00e+00	0.00e+00	1.20e-95
 1.25976e+13	1.45e-27	6.28e-20	3.74e-13	3.03e-07	8.53e-01	1.47e-01	3.02e-05	0.00e+00	0.00e+00	0.00e+00	0.00e+00	0.00e+00	1.90e-81
 1.31206e+13	1.98e-27	7.99e-20	4.44e-13	3.32e-07	8.63e-01	1.37e-01	2.59e-05	0.00e+00	0.00e+00	0.00e+00	0.00e+00	0.00e+00	8.80e-95
 1.36645e+13	2.70e-27	1.02e-19	5.26e-13	3.65e-07	8.72e-01	1.28e-01	2.22e-05	0.00e+00	0.00e+00	0.00e+00	0.00e+00	0.00e+00	9.71e-81
 1.42126e+13	3.65e-27	1.28e-19	6.20e-13	3.99e-07	8.81e-01	1.19e-01	1.92e-05	0.00e+00	0.00e+00	0.00e+00	0.00e+00	0.00e+00	6.16e-94
 1.47223e+13	4.78e-27	1.58e-19	7.18e-13	4.32e-07	8.88e-01	1.12e-01	1.67e-05	0.00e+00	0.00e+00	0.00e+00	0.00e+00	0.00e+00	4.35e-80
 1.52807e+13	6.36e-27	1.97e-19	8.37e-13	4.70e-07	8.95e-01	1.05e-01	1.45e-05	0.00e+00	0.00e+00	0.00e+00	0.00e+00	0.00e+00	3.62e-93
 1.58528e+13	8.43e-27	2.44e-19	9.74e-13	5.10e-07	9.02e-01	9.78e-02	1.26e-05	0.00e+00	0.00e+00	0.00e+00	0.00e+00	0.00e+00	1.95e-79
 1.63287e+13	1.06e-26	2.90e-19	1.10e-12	5.45e-07	9.07e-01	9.27e-02	1.13e-05	0.00e+00	0.00e+00	0.00e+00	0.00e+00	0.00e+00	1.84e-92
 1.68302e+13	1.33e-26	3.47e-19	1.25e-12	5.82e-07	9.12e-01	8.77e-02	1.00e-05	0.00e+00	0.00e+00	0.00e+00	0.00e+00	0.00e+00	6.61e-79
 1.74708e+13	1.78e-26	4.32e-19	1.45e-12	6.31e-07	9.18e-01	8.19e-02	8.71e-06	0.00e+00	0.00e+00	0.00e+00	0.00e+00	0.00e+00	9.75e-92
 1.81416e+13	2.37e-26	5.39e-19	1.69e-12	6.85e-07	9.24e-01	7.64e-02	7.53e-06	0.00e+00	0.00e+00	0.00e+00	0.00e+00	0.00e+00	3.07e-78
 1.87334e+13	3.04e-26	6.51e-19	1.93e-12	7.34e-07	9.28e-01	7.20e-02	6.66e-06	0.00e+00	0.00e+00	0.00e+00	0.00e+00	0.00e+00	5.47e-91
 1.93733e+13	3.94e-26	7.93e-19	2.21e-12	7.89e-07	9.32e-01	6.76e-02	5.85e-06	0.00e+00	0.00e+00	0.00e+00	0.00e+00	0.00e+00	1.19e-77
 2.00900e+13	5.21e-26	9.82e-19	2.56e-12	8.52e-07	9.37e-01	6.32e-02	5.08e-06	0.00e+00	0.00e+00	0.00e+00	0.00e+00	0.00e+00	3.10e-90
 2.07652e+13	6.73e-26	1.19e-18	2.92e-12	9.14e-07	9.41e-01	5.94e-02	4.47e-06	0.00e+00	0.00e+00	0.00e+00	0.00e+00	0.00e+00	5.03e-77
 2.15017e+13	8.81e-26	1.46e-18	3.36e-12	9.83e-07	9.44e-01	5.56e-02	3.91e-06	0.00e+00	0.00e+00	0.00e+00	0.00e+00	0.00e+00	1.69e-89
 2.23182e+13	1.17e-25	1.82e-18	3.91e-12	1.06e-06	9.48e-01	5.18e-02	3.39e-06	0.00e+00	0.00e+00	0.00e+00	0.00e+00	0.00e+00	2.26e-76
 2.30765e+13	1.52e-25	2.22e-18	4.47e-12	1.14e-06	9.51e-01	4.87e-02	2.98e-06	0.00e+00	0.00e+00	0.00e+00	0.00e+00	0.00e+00	4.56e-76
 2.38999e+13	2.00e-25	2.72e-18	5.14e-12	1.23e-06	9.54e-01	4.56e-02	2.60e-06	0.00e+00	0.00e+00	0.00e+00	0.00e+00	0.00e+00	9.52e-76
 2.48212e+13	2.68e-25	3.40e-18	5.98e-12	1.33e-06	9.58e-01	4.24e-02	2.24e-06	0.00e+00	0.00e+00	0.00e+00	0.00e+00	0.00e+00	2.11e-75
 2.56899e+13	3.50e-25	4.16e-18	6.86e-12	1.42e-06	9.60e-01	3.97e-02	1.96e-06	0.00e+00	0.00e+00	0.00e+00	0.00e+00	0.00e+00	4.35e-75
 2.66396e+13	4.65e-25	5.16e-18	7.93e-12	1.53e-06	9.63e-01	3.71e-02	1.71e-06	0.00e+00	0.00e+00	0.00e+00	0.00e+00	0.00e+00	9.40e-75
 2.76995e+13	6.29e-25	6.49e-18	9.27e-12	1.66e-06	9.66e-01	3.44e-02	1.47e-06	0.00e+00	0.00e+00	0.00e+00	0.00e+00	0.00e+00	2.14e-74
 2.86974e+13	8.30e-25	7.99e-18	1.07e-11	1.79e-06	9.68e-01	3.22e-02	1.28e-06	0.00e+00	0.00e+00	0.00e+00	0.00e+00	0.00e+00	4.55e-74
 2.97704e+13	1.11e-24	9.92e-18	1.23e-11	1.92e-06	9.70e-01	3.00e-02	1.11e-06	0.00e+00	0.00e+00	0.00e+00	0.00e+00	0.00e+00	9.93e-74
 3.09912e+13	1.51e-24	1.26e-17	1.45e-11	2.09e-06	9.72e-01	2.78e-02	9.47e-07	0.00e+00	0.00e+00	0.00e+00	0.00e+00	0.00e+00	2.33e-73
 3.21863e+13	2.03e-24	1.57e-17	1.68e-11	2.25e-06	9.74e-01	2.58e-02	0.00e+00	0.00e+00	0.00e+00	0.00e+00	0.00e+00	0.00e+00	5.23e-73
 3.34293e+13	2.74e-24	1.96e-17	1.96e-11	2.43e-06	9.76e-01	2.40e-02	0.00e+00	0.00e+00	0.00e+00	0.00e+00	0.00e+00	0.00e+00	1.18e-72
 3.47964e+13	3.74e-24	2.49e-17	2.29e-11	2.64e-06	9.78e-01	2.22e-02	0.00e+00	0.00e+00	0.00e+00	0.00e+00	0.00e+00	0.00e+00	2.77e-72
 3.61766e+13	5.07e-24	3.13e-17	2.68e-11	2.86e-06	9.79e-01	2.06e-02	0.00e+00	0.00e+00	0.00e+00	0.00e+00	0.00e+00	0.00e+00	6.36e-72
 3.76119e+13	6.88e-24	3.94e-17	3.13e-11	3.09e-06	9.81e-01	1.91e-02	0.00e+00	0.00e+00	0.00e+00	0.00e+00	0.00e+00	0.00e+00	1.46e-71
 3.90561e+13	9.24e-24	4.92e-17	3.63e-11	3.33e-06	9.82e-01	1.77e-02	0.00e+00	0.00e+00	0.00e+00	0.00e+00	1.57e-17	3.34e-17	3.27e-71
 4.04167e+13	1.21e-23	6.02e-17	4.16e-11	3.57e-06	9.83e-01	1.66e-02	0.00e+00	0.00e+00	0.00e+00	0.00e+00	2.00e-17	4.02e-17	6.82e-71
 4.19219e+13	1.61e-23	7.47e-17	4.81e-11	3.84e-06	9.85e-01	1.55e-02	0.00e+00	0.00e+00	0.00e+00	0.00e+00	2.48e-17	4.99e-17	1.49e-70
 4.34296e+13	2.12e-23	9.20e-17	5.54e-11	4.13e-06	9.86e-01	1.44e-02	0.00e+00	0.00e+00	0.00e+00	0.00e+00	3.05e-17	6.15e-17	3.17e-70
 4.46691e+13	2.65e-23	1.09e-16	6.19e-11	4.37e-06	9.86e-01	1.36e-02	0.00e+00	0.00e+00	0.00e+00	0.00e+00	3.61e-17	7.26e-17	5.80e-70
 4.59763e+13	3.32e-23	1.29e-16	6.95e-11	4.63e-06	9.87e-01	1.29e-02	0.00e+00	0.00e+00	0.00e+00	0.00e+00	4.28e-17	8.61e-17	1.07e-69
 4.76644e+13	4.40e-23	1.59e-16	8.02e-11	4.99e-06	9.88e-01	1.20e-02	0.00e+00	0.00e+00	0.00e+00	0.00e+00	5.29e-17	1.06e-16	2.32e-69
 4.94446e+13	5.86e-23	1.98e-16	9.29e-11	5.37e-06	9.89e-01	1.12e-02	0.00e+00	0.00e+00	0.00e+00	0.00e+00	6.57e-17	1.32e-16	5.06e-69
 5.10053e+13	7.47e-23	2.38e-16	1.05e-10	5.72e-06	9.90e-01	1.05e-02	0.00e+00	0.00e+00	0.00e+00	0.00e+00	7.89e-17	1.59e-16	9.95e-69
 5.26837e+13	9.62e-23	2.88e-16	1.20e-10	6.11e-06	9.90e-01	9.84e-03	0.00e+00	0.00e+00	0.00e+00	0.00e+00	9.55e-17	1.92e-16	1.96e-68
 5.47199e+13	1.29e-22	3.60e-16	1.39e-10	6.60e-06	9.91e-01	9.12e-03	0.00e+00	0.00e+00	0.00e+00	0.00e+00	1.19e-16	2.41e-16	4.40e-68
 5.67912e+13	1.73e-22	4.48e-16	1.62e-10	7.12e-06	9.92e-01	8.46e-03	0.00e+00	0.00e+00	0.00e+00	0.00e+00	1.49e-16	3.00e-16	9.69e-68
 5.87100e+13	2.24e-22	5.46e-16	1.85e-10	7.62e-06	9.92e-01	7.92e-03	0.00e+00	0.00e+00	0.00e+00	0.00e+00	1.81e-16	3.64e-16	1.97e-67
 6.08530e+13	2.96e-22	6.74e-16	2.13e-10	8.20e-06	9.93e-01	7.37e-03	0.00e+00	0.00e+00	0.00e+00	0.00e+00	2.24e-16	4.50e-16	4.20e-67
 6.31526e+13	3.96e-22	8.39e-16	2.47e-10	8.85e-06	9.93e-01	6.84e-03	0.00e+00	0.00e+00	0.00e+00	0.00e+00	2.78e-16	5.61e-16	9.22e-67
 6.51969e+13	5.07e-22	1.01e-15	2.81e-10	9.44e-06	9.94e-01	6.41e-03	0.00e+00	0.00e+00	0.00e+00	0.00e+00	3.36e-16	6.77e-16	1.82e-66
 6.73879e+13	6.56e-22	1.23e-15	3.21e-10	1.01e-05	9.94e-01	6.00e-03	0.00e+00	0.00e+00	0.00e+00	0.00e+00	4.08e-16	8.22e-16	3.65e-66
 7.00138e+13	8.84e-22	1.54e-15	3.74e-10	1.09e-05	9.94e-01	5.55e-03	0.00e+00	0.00e+00	0.00e+00	0.00e+00	5.11e-16	1.03e-15	8.19e-66
 7.25933e+13	1.17e-21	1.91e-15	4.33e-10	1.18e-05	9.95e-01	5.16e-03	0.00e+00	0.00e+00	0.00e+00	0.00e+00	6.33e-16	1.28e-15	1.76e-65
 7.48821e+13	1.49e-21	2.29e-15	4.91e-10	1.26e-05	9.95e-01	4.84e-03	0.00e+00	0.00e+00	0.00e+00	0.00e+00	7.60e-16	1.53e-15	3.40e-65
 7.74046e+13	1.93e-21	2.79e-15	5.61e-10	1.35e-05	9.95e-01	4.52e-03	0.00e+00	0.00e+00	0.00e+00	0.00e+00	9.24e-16	1.86e-15	6.83e-65
 8.04219e+13	2.60e-21	3.49e-15	6.54e-10	1.46e-05	9.96e-01	4.18e-03	0.00e+00	0.00e+00	0.00e+00	0.00e+00	1.16e-15	2.33e-15	1.53e-64
 8.34223e+13	3.45e-21	4.33e-15	7.58e-10	1.57e-05	9.96e-01	3.88e-03	0.00e+00	0.00e+00	0.00e+00	0.00e+00	1.44e-15	2.90e-15	3.32e-64
 8.61536e+13	4.43e-21	5.24e-15	8.63e-10	1.68e-05	9.96e-01	3.64e-03	0.00e+00	0.00e+00	0.00e+00	0.00e+00	1.74e-15	3.50e-15	6.56e-64
 8.91953e+13	5.80e-21	6.43e-15	9.93e-10	1.80e-05	9.97e-01	3.39e-03	0.00e+00	0.00e+00	0.00e+00	0.00e+00	2.13e-15	4.30e-15	1.36e-63
 9.27478e+13	7.86e-21	8.09e-15	1.16e-09	1.96e-05	9.97e-01	3.13e-03	0.00e+00	0.00e+00	0.00e+00	0.00e+00	2.68e-15	5.41e-15	3.11e-63
 9.62414e+13	1.05e-20	1.01e-14	1.35e-09	2.11e-05	9.97e-01	2.90e-03	0.00e+00	0.00e+00	0.00e+00	0.00e+00	3.34e-15	6.73e-15	6.79e-63
 9.95245e+13	1.36e-20	1.23e-14	1.54e-09	2.26e-05	9.97e-01	2.71e-03	0.00e+00	0.00e+00	0.00e+00	0.00e+00	4.06e-15	8.20e-15	1.38e-62
 1.03185e+14	1.80e-20	1.52e-14	1.79e-09	2.44e-05	9.97e-01	2.51e-03	0.00e+00	0.00e+00	0.00e+00	0.00e+00	5.03e-15	1.01e-14	2.96e-62
 1.07342e+14	2.45e-20	1.92e-14	2.09e-09	2.64e-05	9.98e-01	2.32e-03	0.00e+00	0.00e+00	0.00e+00	0.00e+00	6.35e-15	1.28e-14	6.83e-62
 1.11485e+14	3.29e-20	2.39e-14	2.44e-09	2.86e-05	9.98e-01	2.15e-03	0.00e+00	0.00e+00	0.00e+00	0.00e+00	7.93e-15	1.60e-14	1.53e-61
 1.15347e+14	4.28e-20	2.93e-14	2.80e-09	3.07e-05	9.98e-01	2.00e-03	0.00e+00	0.00e+00	0.00e+00	0.00e+00	9.70e-15	1.96e-14	3.14e-61
 1.19544e+14	5.66e-20	3.61e-14	3.23e-09	3.30e-05	9.98e-01	1.86e-03	0.00e+00	0.00e+00	0.00e+00	0.00e+00	1.20e-14	2.42e-14	6.71e-61
 1.24253e+14	7.64e-20	4.54e-14	3.77e-09	3.57e-05	9.98e-01	1.72e-03	0.00e+00	0.00e+00	0.00e+00	0.00e+00	1.50e-14	3.04e-14	1.52e-60
 1.28644e+14	1.00e-19	5.57e-14	4.34e-09	3.84e-05	9.98e-01	1.60e-03	0.00e+00	0.00e+00	0.00e+00	0.00e+00	1.85e-14	3.73e-14	3.20e-60
 1.32703e+14	1.28e-19	6.70e-14	4.91e-09	4.09e-05	9.98e-01	1.50e-03	0.00e+00	0.00e+00	0.00e+00	0.00e+00	2.22e-14	4.48e-14	6.20e-60
 1.36608e+14	1.60e-19	7.95e-14	5.52e-09	4.34e-05	9.99e-01	1.42e-03	0.00e+00	0.00e+00	0.00e+00	0.00e+00	2.63e-14	5.32e-14	1.15e-59
 1.40946e+14	2.04e-19	9.56e-14	6.26e-09	4.62e-05	9.99e-01	1.33e-03	0.00e+00	0.00e+00	0.00e+00	0.00e+00	3.16e-14	6.40e-14	2.24e-59
 1.45745e+14	2.66e-19	1.17e-13	7.16e-09	4.95e-05	9.99e-01	1.24e-03	0.00e+00	0.00e+00	0.00e+00	0.00e+00	3.85e-14	7.80e-14	4.59e-59
 1.50211e+14	3.36e-19	1.39e-13	8.08e-09	5.27e-05	9.99e-01	1.17e-03	0.00e+00	0.00e+00	0.00e+00	0.00e+00	4.61e-14	9.32e-14	8.75e-59
 1.55085e+14	4.32e-19	1.68e-13	9.18e-09	5.62e-05	9.99e-01	1.10e-03	0.00e+00	0.00e+00	0.00e+00	0.00e+00	5.56e-14	1.13e-13	1.74e-58
 1.60568e+14	5.67e-19	2.07e-13	1.06e-08	6.03e-05	9.99e-01	1.02e-03	0.00e+00	0.00e+00	0.00e+00	0.00e+00	6.83e-14	1.38e-13	3.66e-58
 1.65805e+14	7.29e-19	2.50e-13	1.20e-08	6.44e-05	9.99e-01	9.56e-04	0.00e+00	0.00e+00	0.00e+00	0.00e+00	8.26e-14	1.67e-13	7.29e-58
 1.71576e+14	9.53e-19	3.06e-13	1.38e-08	6.90e-05	9.99e-01	8.92e-04	0.00e+00	0.00e+00	0.00e+00	0.00e+00	1.01e-13	2.05e-13	1.52e-57
 1.77936e+14	1.27e-18	3.80e-13	1.59e-08	7.44e-05	9.99e-01	8.28e-04	0.00e+00	0.00e+00	0.00e+00	0.00e+00	1.25e-13	2.54e-13	3.32e-57
 1.83785e+14	1.63e-18	4.60e-13	1.81e-08	7.94e-05	9.99e-01	7.76e-04	0.00e+00	0.00e+00	0.00e+00	0.00e+00	1.52e-13	3.08e-13	6.68e-57
 1.90110e+14	2.13e-18	5.62e-13	2.08e-08	8.51e-05	9.99e-01	7.24e-04	0.00e+00	0.00e+00	0.00e+00	0.00e+00	1.85e-13	3.76e-13	1.38e-56
 1.97186e+14	2.83e-18	6.97e-13	2.41e-08	9.17e-05	9.99e-01	6.72e-04	0.00e+00	0.00e+00	0.00e+00	0.00e+00	2.30e-13	4.67e-13	3.03e-56
 2.03843e+14	3.68e-18	8.49e-13	2.75e-08	9.81e-05	9.99e-01	6.28e-04	0.00e+00	0.00e+00	0.00e+00	0.00e+00	2.80e-13	5.69e-13	6.20e-56
 2.11103e+14	4.83e-18	1.04e-12	3.16e-08	1.05e-04	9.99e-01	5.85e-04	0.00e+00	0.00e+00	0.00e+00	0.00e+00	3.44e-13	7.00e-13	1.31e-55
 2.19165e+14	6.47e-18	1.30e-12	3.68e-08	1.14e-04	9.99e-01	5.42e-04	0.00e+00	0.00e+00	0.00e+00	0.00e+00	4.29e-13	8.73e-13	2.94e-55
 2.26682e+14	8.43e-18	1.59e-12	4.21e-08	1.22e-04	9.99e-01	5.06e-04	0.00e+00	0.00e+00	0.00e+00	0.00e+00	5.24e-13	1.07e-12	6.09e-55
 2.34860e+14	1.11e-17	1.96e-12	4.85e-08	1.31e-04	9.99e-01	4.70e-04	0.00e+00	0.00e+00	0.00e+00	0.00e+00	6.46e-13	1.31e-12	1.30e-54
 2.44012e+14	1.49e-17	2.46e-12	5.66e-08	1.42e-04	9.99e-01	4.35e-04	0.00e+00	0.00e+00	0.00e+00	0.00e+00	8.08e-13	1.65e-12	2.95e-54
 2.52666e+14	1.96e-17	3.02e-12	6.51e-08	1.52e-04	9.99e-01	4.04e-04	0.00e+00	0.00e+00	0.00e+00	0.00e+00	9.92e-13	2.02e-12	6.20e-54
 2.61938e+14	2.59e-17	3.73e-12	7.53e-08	1.64e-04	9.99e-01	3.76e-04	0.00e+00	0.00e+00	0.00e+00	0.00e+00	1.23e-12	2.50e-12	1.34e-53
 2.72445e+14	3.51e-17	4.70e-12	8.82e-08	1.78e-04	9.99e-01	3.46e-04	0.00e+00	0.00e+00	0.00e+00	0.00e+00	1.54e-12	3.15e-12	3.09e-53
 2.82749e+14	4.67e-17	5.84e-12	1.02e-07	1.92e-04	9.99e-01	3.20e-04	0.00e+00	3.84e-18	1.15e-17	1.93e-17	1.92e-12	3.92e-12	6.84e-53
 2.93465e+14	6.21e-17	7.26e-12	1.19e-07	2.08e-04	9.99e-01	2.96e-04	0.00e+00	5.11e-18	1.53e-17	2.56e-17	2.38e-12	4.88e-12	1.50e-52
 3.05234e+14	8.39e-17	9.14e-12	1.40e-07	2.26e-04	1.00e+00	2.73e-04	0.00e+00	6.91e-18	2.07e-17	3.47e-17	3.00e-12	6.14e-12	3.45e-52
 3.16818e+14	1.11e-16	1.14e-11	1.62e-07	2.44e-04	1.00e+00	2.52e-04	0.00e+00	9.17e-18	2.76e-17	4.60e-17	3.73e-12	7.63e-12	7.56e-52
 3.26388e+14	1.40e-16	1.35e-11	1.83e-07	2.60e-04	1.00e+00	2.37e-04	0.00e+00	1.15e-17	3.46e-17	5.77e-17	4.43e-12	9.07e-12	1.41e-51
 3.34085e+14	1.66e-16	1.55e-11	2.01e-07	2.74e-04	1.00e+00	2.25e-04	0.00e+00	1.37e-17	4.12e-17	6.88e-17	5.07e-12	1.04e-11	2.30e-51
 3.42621e+14	2.01e-16	1.79e-11	2.23e-07	2.89e-04	9.99e-01	2.14e-04	0.00e+00	1.66e-17	4.98e-17	8.32e-17	5.86e-12	1.20e-11	3.89e-51
 3.53718e+14	2.55e-16	2.15e-11	2.54e-07	3.09e-04	9.99e-01	1.99e-04	0.00e+00	2.10e-17	6.31e-17	1.05e-16	7.04e-12	1.44e-11	7.52e-51
 3.65623e+14	3.26e-16	2.60e-11	2.90e-07	3.32e-04	9.99e-01	1.86e-04	0.00e+00	2.69e-17	8.09e-17	1.35e-16	8.52e-12	1.75e-11	1.50e-50
 3.76192e+14	4.03e-16	3.06e-11	3.26e-07	3.53e-04	9.99e-01	1.75e-04	0.00e+00	3.33e-17	1.00e-16	1.67e-16	1.00e-11	2.06e-11	2.71e-50
 3.87548e+14	5.01e-16	3.63e-11	3.68e-07	3.77e-04	9.99e-01	1.64e-04	0.00e+00	4.14e-17	1.24e-16	2.08e-16	1.19e-11	2.44e-11	4.98e-50
 4.01860e+14	6.55e-16	4.47e-11	4.27e-07	4.08e-04	9.99e-01	1.51e-04	0.00e+00	5.42e-17	1.63e-16	2.72e-16	1.46e-11	3.00e-11	1.06e-49
 4.16386e+14	8.49e-16	5.47e-11	4.93e-07	4.41e-04	9.99e-01	1.40e-04	0.00e+00	7.02e-17	2.11e-16	3.52e-16	1.79e-11	3.68e-11	2.19e-49
 4.28840e+14	1.05e-15	6.46e-11	5.56e-07	4.71e-04	9.99e-01	1.31e-04	0.00e+00	8.71e-17	2.61e-16	4.37e-16	2.11e-11	4.35e-11	4.01e-49
 4.42234e+14	1.31e-15	7.68e-11	6.31e-07	5.04e-04	9.99e-01	1.23e-04	0.00e+00	1.08e-16	3.25e-16	5.44e-16	2.51e-11	5.17e-11	7.43e-49
 4.58815e+14	1.71e-15	9.46e-11	7.34e-07	5.48e-04	9.99e-01	1.13e-04	0.00e+00	1.41e-16	4.25e-16	7.10e-16	3.09e-11	6.36e-11	1.58e-48
 4.75786e+14	2.21e-15	1.16e-10	8.51e-07	5.94e-04	9.99e-01	1.04e-04	0.00e+00	1.83e-16	5.51e-16	9.20e-16	3.79e-11	7.81e-11	3.31e-48
 4.90905e+14	2.75e-15	1.38e-10	9.68e-07	6.37e-04	9.99e-01	9.75e-05	0.00e+00	2.29e-16	6.87e-16	1.15e-15	4.52e-11	9.30e-11	6.25e-48
 5.07372e+14	3.46e-15	1.66e-10	1.11e-06	6.87e-04	9.99e-01	9.05e-05	0.00e+00	2.88e-16	8.65e-16	1.45e-15	5.42e-11	1.12e-10	1.21e-47
 5.27028e+14	4.52e-15	2.05e-10	1.29e-06	7.49e-04	9.99e-01	8.32e-05	0.00e+00	3.77e-16	1.13e-15	1.89e-15	6.70e-11	1.38e-10	2.63e-47
 5.46416e+14	5.81e-15	2.50e-10	1.50e-06	8.13e-04	9.99e-01	7.68e-05	0.00e+00	4.84e-16	1.45e-15	2.43e-15	8.18e-11	1.68e-10	5.46e-47
 5.63877e+14	7.19e-15	2.97e-10	1.70e-06	8.73e-04	9.99e-01	7.15e-05	0.00e+00	6.00e-16	1.80e-15	3.01e-15	9.71e-11	2.00e-10	1.03e-46
 5.83250e+14	9.07e-15	3.58e-10	1.96e-06	9.43e-04	9.99e-01	6.63e-05	0.00e+00	7.58e-16	2.28e-15	3.80e-15	1.17e-10	2.41e-10	2.04e-46
 6.06099e+14	1.18e-14	4.41e-10	2.29e-06	1.03e-03	9.99e-01	6.09e-05	0.00e+00	9.85e-16	2.96e-15	4.94e-15	1.44e-10	2.97e-10	4.44e-46
 6.28659e+14	1.51e-14	5.38e-10	2.65e-06	1.12e-03	9.99e-01	5.61e-05	0.00e+00	1.26e-15	3.79e-15	6.33e-15	1.76e-10	3.62e-10	9.31e-46
 6.49538e+14	1.88e-14	6.43e-10	3.03e-06	1.21e-03	9.99e-01	5.21e-05	0.00e+00	1.57e-15	4.72e-15	7.89e-15	2.10e-10	4.33e-10	1.81e-45
 6.72967e+14	2.38e-14	7.79e-10	3.49e-06	1.31e-03	9.99e-01	4.81e-05	0.00e+00	2.00e-15	5.99e-15	1.00e-14	2.55e-10	5.24e-10	3.71e-45
 6.99915e+14	3.08e-14	9.62e-10	4.09e-06	1.43e-03	9.99e-01	4.41e-05	0.00e+00	2.59e-15	7.78e-15	1.30e-14	3.15e-10	6.48e-10	8.25e-45
 7.26337e+14	3.94e-14	1.17e-09	4.76e-06	1.56e-03	9.98e-01	4.06e-05	0.00e+00	3.32e-15	9.95e-15	1.66e-14	3.84e-10	7.90e-10	1.76e-44
 7.53815e+14	5.03e-14	1.43e-09	5.52e-06	1.70e-03	9.98e-01	3.73e-05	0.00e+00	4.24e-15	1.27e-14	2.13e-14	4.70e-10	9.65e-10	3.76e-44
 7.78914e+14	6.23e-14	1.71e-09	6.30e-06	1.83e-03	9.98e-01	3.47e-05	0.00e+00	5.26e-15	1.58e-14	2.64e-14	5.60e-10	1.15e-09	7.36e-44
 7.97545e+14	7.27e-14	1.94e-09	6.93e-06	1.93e-03	9.98e-01	3.29e-05	0.00e+00	6.15e-15	1.85e-14	3.08e-14	6.36e-10	1.31e-09	1.19e-43
 8.16695e+14	8.50e-14	2.21e-09	7.62e-06	2.04e-03	9.98e-01	3.12e-05	0.00e+00	7.19e-15	2.16e-14	3.60e-14	7.22e-10	1.48e-09	1.95e-43
 8.41591e+14	1.03e-13	2.59e-09	8.60e-06	2.18e-03	9.98e-01	2.92e-05	0.00e+00	8.75e-15	2.63e-14	4.39e-14	8.49e-10	1.74e-09	3.61e-43
 8.68652e+14	1.22e-13	3.07e-09	9.76e-06	2.35e-03	9.98e-01	2.72e-05	0.00e+00	1.03e-14	3.11e-14	5.19e-14	1.01e-09	2.07e-09	6.89e-43
 8.93124e+14	1.46e-13	3.57e-09	1.09e-05	2.50e-03	9.97e-01	2.56e-05	0.00e+00	1.24e-14	3.71e-14	6.20e-14	1.17e-09	2.40e-09	1.25e-42
 9.19536e+14	1.75e-13	4.17e-09	1.23e-05	2.67e-03	9.97e-01	2.40e-05	0.00e+00	1.49e-14	4.47e-14	7.47e-14	1.37e-09	2.80e-09	2.28e-42
 9.53169e+14	2.21e-13	5.06e-09	1.42e-05	2.90e-03	9.97e-01	2.22e-05	0.00e+00	1.88e-14	5.63e-14	9.41e-14	1.66e-09	3.40e-09	4.89e-42
 9.87040e+14	2.75e-13	6.11e-09	1.63e-05	3.14e-03	9.97e-01	2.06e-05	0.00e+00	2.34e-14	7.03e-14	1.17e-13	2.00e-09	4.10e-09	1.03e-41
 1.01519e+15	3.28e-13	7.10e-09	1.82e-05	3.35e-03	9.97e-01	1.94e-05	0.00e+00	2.80e-14	8.40e-14	1.40e-13	2.33e-09	4.77e-09	1.88e-41
 1.04506e+15	3.94e-13	8.30e-09	2.04e-05	3.58e-03	9.96e-01	1.82e-05	0.00e+00	3.37e-14	1.01e-13	1.69e-13	2.73e-09	5.58e-09	3.50e-41
 1.08320e+15	4.93e-13	1.01e-08	2.36e-05	3.89e-03	9.96e-01	1.69e-05	0.00e+00	4.21e-14	1.26e-13	2.11e-13	3.31e-09	6.77e-09	7.57e-41
 1.12331e+15	6.21e-13	1.23e-08	2.73e-05	4.22e-03	9.96e-01	1.56e-05	0.00e+00	5.31e-14	1.59e-13	2.66e-13	4.04e-09	8.25e-09	1.66e-40
 1.15923e+15	7.55e-13	1.46e-08	3.09e-05	4.53e-03	9.95e-01	1.46e-05	0.00e+00	6.47e-14	1.94e-13	3.24e-13	4.78e-09	9.77e-09	3.27e-40
 1.19846e+15	9.31e-13	1.74e-08	3.53e-05	4.89e-03	9.95e-01	1.36e-05	0.00e+00	7.99e-14	2.40e-13	4.01e-13	5.73e-09	1.17e-08	6.72e-40
 1.24506e+15	1.18e-12	2.15e-08	4.11e-05	5.33e-03	9.95e-01	1.26e-05	0.00e+00	1.02e-13	3.05e-13	5.09e-13	7.07e-09	1.44e-08	1.54e-39
 1.29095e+15	1.48e-12	2.62e-08	4.75e-05	5.78e-03	9.94e-01	1.17e-05	0.00e+00	1.27e-13	3.82e-13	6.37e-13	8.62e-09	1.76e-08	3.36e-39
 1.33268e+15	1.80e-12	3.12e-08	5.39e-05	6.21e-03	9.94e-01	1.10e-05	0.00e+00	1.55e-13	4.66e-13	7.79e-13	1.03e-08	2.09e-08	6.69e-39
 1.37928e+15	2.23e-12	3.77e-08	6.18e-05	6.71e-03	9.93e-01	1.03e-05	0.00e+00	1.93e-13	5.78e-13	9.65e-13	1.24e-08	2.53e-08	1.40e-38
 1.43375e+15	2.84e-12	4.66e-08	7.21e-05	7.32e-03	9.93e-01	9.51e-06	0.00e+00	2.45e-13	7.36e-13	1.23e-12	1.54e-08	3.13e-08	3.23e-38
 1.48745e+15	3.57e-12	5.72e-08	8.35e-05	7.96e-03	9.92e-01	8.87e-06	0.00e+00	3.08e-13	9.26e-13	1.55e-12	1.88e-08	3.83e-08	7.15e-38
 1.53794e+15	4.38e-12	6.88e-08	9.55e-05	8.58e-03	9.91e-01	8.33e-06	0.00e+00	3.79e-13	1.14e-12	1.90e-12	2.27e-08	4.62e-08	1.47e-37
 1.59413e+15	5.47e-12	8.41e-08	1.10e-04	9.30e-03	9.91e-01	7.80e-06	0.00e+00	4.74e-13	1.42e-12	2.38e-12	2.77e-08	5.64e-08	3.20e-37
 1.65793e+15	6.96e-12	1.05e-07	1.29e-04	1.02e-02	9.90e-01	7.27e-06	0.00e+00	6.04e-13	1.81e-12	3.02e-12	3.45e-08	7.01e-08	7.47e-37
 1.71155e+15	8.37e-12	1.25e-07	1.47e-04	1.09e-02	9.89e-01	6.89e-06	0.00e+00	7.27e-13	2.18e-12	3.64e-12	4.12e-08	8.38e-08	1.48e-36
 1.75007e+15	9.56e-12	1.42e-07	1.60e-04	1.15e-02	9.88e-01	6.64e-06	0.00e+00	8.31e-13	2.49e-12	4.16e-12	4.67e-08	9.49e-08	2.38e-36
 1.79015e+15	1.10e-11	1.61e-07	1.75e-04	1.21e-02	9.88e-01	6.39e-06	0.00e+00	9.57e-13	2.87e-12	4.79e-12	5.31e-08	1.08e-07	3.87e-36
 1.84225e+15	1.32e-11	1.89e-07	1.97e-04	1.29e-02	9.87e-01	6.09e-06	0.00e+00	1.15e-12	3.44e-12	5.74e-12	6.23e-08	1.27e-07	7.15e-36
 1.90041e+15	1.59e-11	2.25e-07	2.23e-04	1.38e-02	9.86e-01	5.78e-06	0.00e+00	1.39e-12	4.16e-12	6.94e-12	7.42e-08	1.51e-07	1.38e-35
 1.95495e+15	1.89e-11	2.64e-07	2.50e-04	1.47e-02	9.85e-01	5.54e-06	0.00e+00	1.65e-12	4.95e-12	8.26e-12	8.72e-08	1.77e-07	2.51e-35
 2.01436e+15	2.27e-11	3.13e-07	2.82e-04	1.57e-02	9.84e-01	5.29e-06	0.00e+00	1.98e-12	5.94e-12	9.92e-12	1.03e-07	2.10e-07	4.74e-35
 2.08077e+15	2.74e-11	3.76e-07	3.21e-04	1.69e-02	9.83e-01	5.06e-06	0.00e+00	2.40e-12	7.19e-12	1.20e-11	1.24e-07	2.52e-07	9.42e-35
 2.14323e+15	3.30e-11	4.45e-07	3.62e-04	1.80e-02	9.82e-01	4.85e-06	0.00e+00	2.89e-12	8.66e-12	1.45e-11	1.47e-07	2.98e-07	1.75e-34
 2.21138e+15	3.98e-11	5.31e-07	4.10e-04	1.93e-02	9.80e-01	4.64e-06	0.00e+00	3.49e-12	1.05e-11	1.75e-11	1.75e-07	3.56e-07	3.37e-34
 2.28792e+15	4.90e-11	6.44e-07	4.71e-04	2.09e-02	9.79e-01	4.44e-06	0.00e+00	4.29e-12	1.29e-11	2.15e-11	2.13e-07	4.31e-07	6.84e-34
 2.36081e+15	5.90e-11	7.70e-07	5.35e-04	2.24e-02	9.77e-01	4.27e-06	0.00e+00	5.17e-12	1.55e-11	2.59e-11	2.55e-07	5.15e-07	1.31e-33
 2.44101e+15	7.23e-11	9.32e-07	6.12e-04	2.41e-02	9.75e-01	4.10e-06	0.00e+00	6.35e-12	1.91e-11	3.18e-11	3.08e-07	6.24e-07	2.60e-33
 2.52977e+15	8.94e-11	1.14e-06	7.07e-04	2.61e-02	9.73e-01	3.93e-06	0.00e+00	7.86e-12	2.36e-11	3.94e-11	3.78e-07	7.64e-07	5.40e-33
 2.61190e+15	1.08e-10	1.37e-06	8.05e-04	2.81e-02	9.71e-01	3.81e-06	0.00e+00	9.52e-12	2.86e-11	4.76e-11	4.53e-07	9.17e-07	1.02e-32
 2.70093e+15	1.33e-10	1.66e-06	9.23e-04	3.03e-02	9.69e-01	3.67e-06	0.00e+00	1.17e-11	3.52e-11	5.87e-11	5.50e-07	1.11e-06	2.05e-32
 2.80010e+15	1.67e-10	2.05e-06	1.07e-03	3.28e-02	9.66e-01	3.54e-06	0.00e+00	1.47e-11	4.41e-11	7.35e-11	6.77e-07	1.37e-06	4.24e-32
 2.89273e+15	2.04e-10	2.47e-06	1.22e-03	3.53e-02	9.63e-01	3.44e-06	0.00e+00	1.80e-11	5.39e-11	9.00e-11	8.17e-07	1.65e-06	8.17e-32
 2.99342e+15	2.53e-10	3.01e-06	1.41e-03	3.82e-02	9.60e-01	3.34e-06	0.00e+00	2.23e-11	6.70e-11	1.12e-10	9.97e-07	2.01e-06	1.64e-31
 3.10078e+15	3.14e-10	3.69e-06	1.62e-03	4.14e-02	9.57e-01	3.24e-06	0.00e+00	2.78e-11	8.34e-11	1.39e-10	1.22e-06	2.47e-06	3.29e-31
 3.19514e+15	3.79e-10	4.39e-06	1.83e-03	4.43e-02	9.54e-01	3.17e-06	0.00e+00	3.36e-11	1.01e-10	1.68e-10	1.45e-06	2.93e-06	5.92e-31
 3.27643e+15	4.42e-10	5.07e-06	2.03e-03	4.69e-02	9.51e-01	3.12e-06	0.00e+00	3.92e-11	1.18e-10	1.96e-10	1.68e-06	3.39e-06	9.67e-31
 3.36241e+15	5.23e-10	5.90e-06	2.26e-03	4.97e-02	9.48e-01	3.06e-06	0.00e+00	4.63e-11	1.39e-10	2.32e-10	1.96e-06	3.95e-06	1.62e-30
 3.45882e+15	6.24e-10	6.95e-06	2.54e-03	5.31e-02	9.44e-01	2.99e-06	0.00e+00	5.54e-11	1.66e-10	2.77e-10	2.30e-06	4.65e-06	2.81e-30
 3.55064e+15	7.39e-10	8.10e-06	2.83e-03	5.63e-02	9.41e-01	2.94e-06	0.00e+00	6.56e-11	1.97e-10	3.28e-10	2.68e-06	5.41e-06	4.66e-30
 3.65186e+15	8.87e-10	9.56e-06	3.19e-03	6.01e-02	9.37e-01	2.88e-06	0.00e+00	7.88e-11	2.37e-10	3.95e-10	3.17e-06	6.39e-06	8.11e-30
 3.76211e+15	1.07e-09	1.14e-05	3.61e-03	6.43e-02	9.32e-01	2.83e-06	0.00e+00	9.53e-11	2.86e-10	4.77e-10	3.77e-06	7.59e-06	1.43e-29
 3.86351e+15	1.27e-09	1.33e-05	4.03e-03	6.84e-02	9.28e-01	2.79e-06	0.00e+00	1.13e-10	3.40e-10	5.68e-10	4.40e-06	8.87e-06	2.36e-29
 3.97475e+15	1.55e-09	1.57e-05	4.54e-03	7.31e-02	9.22e-01	2.75e-06	0.00e+00	1.38e-10	4.13e-10	6.89e-10	5.21e-06	1.05e-05	4.09e-29
 4.09766e+15	1.88e-09	1.88e-05	5.16e-03	7.84e-02	9.16e-01	2.69e-06	0.00e+00	1.68e-10	5.03e-10	8.38e-10	6.23e-06	1.25e-05	7.23e-29
 4.21378e+15	2.28e-09	2.21e-05	5.80e-03	8.37e-02	9.11e-01	2.66e-06	0.00e+00	2.03e-10	6.10e-10	1.02e-09	7.34e-06	1.48e-05	1.21e-28
 4.34280e+15	2.79e-09	2.65e-05	6.60e-03	8.97e-02	9.04e-01	2.61e-06	0.00e+00	2.49e-10	7.48e-10	1.25e-09	8.80e-06	1.77e-05	2.16e-28
 4.48254e+15	3.48e-09	3.19e-05	7.55e-03	9.67e-02	8.96e-01	2.57e-06	0.00e+00	3.12e-10	9.35e-10	1.56e-09	1.06e-05	2.13e-05	3.86e-28
 4.60723e+15	4.19e-09	3.75e-05	8.48e-03	1.03e-01	8.88e-01	2.53e-06	0.00e+00	3.76e-10	1.13e-09	1.88e-09	1.25e-05	2.50e-05	6.29e-28
 4.74033e+15	5.09e-09	4.46e-05	9.60e-03	1.10e-01	8.80e-01	2.49e-06	0.00e+00	4.56e-10	1.37e-09	2.28e-09	1.48e-05	2.98e-05	1.08e-27
 4.88875e+15	6.28e-09	5.36e-05	1.10e-02	1.18e-01	8.71e-01	2.44e-06	0.00e+00	5.64e-10	1.69e-09	2.82e-09	1.78e-05	3.58e-05	1.88e-27
 5.02787e+15	7.73e-09	6.33e-05	1.24e-02	1.27e-01	8.61e-01	2.41e-06	0.00e+00	6.96e-10	2.09e-09	3.48e-09	2.10e-05	4.23e-05	3.09e-27
 5.15955e+15	9.32e-09	7.41e-05	1.39e-02	1.34e-01	8.52e-01	2.38e-06	0.00e+00	8.39e-10	2.52e-09	4.20e-09	2.46e-05	4.94e-05	4.90e-27
 5.31081e+15	1.14e-08	8.87e-05	1.58e-02	1.44e-01	8.40e-01	2.33e-06	0.00e+00	1.03e-09	3.09e-09	5.16e-09	2.95e-05	5.92e-05	8.38e-27
 5.46840e+15	1.42e-08	1.06e-04	1.80e-02	1.54e-01	8.27e-01	2.29e-06	0.00e+00	1.28e-09	3.85e-09	6.42e-09	3.51e-05	7.06e-05	1.36e-26
 5.60088e+15	1.69e-08	1.22e-04	2.00e-02	1.63e-01	8.17e-01	2.27e-06	0.00e+00	1.53e-09	4.59e-09	7.65e-09	4.06e-05	8.15e-05	2.04e-26
 5.71950e+15	1.98e-08	1.39e-04	2.20e-02	1.72e-01	8.06e-01	2.24e-06	0.00e+00	1.79e-09	5.38e-09	8.96e-09	4.63e-05	9.28e-05	2.96e-26
 5.85343e+15	2.36e-08	1.61e-04	2.46e-02	1.82e-01	7.94e-01	2.20e-06	0.00e+00	2.14e-09	6.41e-09	1.07e-08	5.37e-05	1.08e-04	4.54e-26
 6.00467e+15	2.89e-08	1.90e-04	2.77e-02	1.93e-01	7.79e-01	2.16e-06	0.00e+00	2.63e-09	7.87e-09	1.31e-08	6.31e-05	1.27e-04	7.17e-26
 6.14817e+15	3.48e-08	2.20e-04	3.09e-02	2.04e-01	7.65e-01	2.14e-06	0.00e+00	3.16e-09	9.49e-09	1.58e-08	7.33e-05	1.47e-04	1.08e-25
 6.28270e+15	4.10e-08	2.53e-04	3.43e-02	2.15e-01	7.51e-01	2.09e-06	0.00e+00	3.73e-09	1.12e-08	1.86e-08	8.42e-05	1.69e-04	1.59e-25
 6.43581e+15	5.07e-08	2.98e-04	3.88e-02	2.28e-01	7.33e-01	2.06e-06	0.00e+00	4.62e-09	1.39e-08	2.31e-08	9.94e-05	1.99e-04	2.54e-25
 6.59951e+15	6.17e-08	3.51e-04	4.38e-02	2.42e-01	7.14e-01	2.01e-06	0.00e+00	5.62e-09	1.69e-08	2.81e-08	1.17e-04	2.34e-04	3.93e-25
 6.74490e+15	7.40e-08	4.06e-04	4.89e-02	2.55e-01	6.96e-01	1.98e-06	0.00e+00	6.75e-09	2.02e-08	3.37e-08	1.35e-04	2.71e-04	5.81e-25
 6.87866e+15	8.92e-08	4.65e-04	5.41e-02	2.67e-01	6.79e-01	1.96e-06	0.00e+00	8.14e-09	2.44e-08	4.07e-08	1.55e-04	3.10e-04	8.41e-25
 7.02937e+15	1.09e-07	5.45e-04	6.09e-02	2.81e-01	6.57e-01	1.92e-06	0.00e+00	9.93e-09	2.98e-08	4.96e-08	1.82e-04	3.63e-04	1.31e-24
 7.19326e+15	1.33e-07	6.40e-04	6.87e-02	2.96e-01	6.34e-01	1.88e-06	0.00e+00	1.21e-08	3.64e-08	6.07e-08	2.13e-04	4.27e-04	2.00e-24
 7.34198e+15	1.62e-07	7.43e-04	7.69e-02	3.11e-01	6.12e-01	1.85e-06	0.00e+00	1.48e-08	4.45e-08	7.41e-08	2.47e-04	4.95e-04	3.00e-24
 7.47918e+15	1.94e-07	8.53e-04	8.53e-02	3.24e-01	5.90e-01	1.83e-06	0.00e+00	1.78e-08	5.32e-08	8.87e-08	2.84e-04	5.69e-04	4.36e-24
 7.63368e+15	2.37e-07	1.00e-03	9.61e-02	3.40e-01	5.63e-01	1.78e-06	0.00e+00	2.17e-08	6.52e-08	1.09e-07	3.33e-04	6.67e-04	6.74e-24
 7.79895e+15	2.98e-07	1.18e-03	1.09e-01	3.56e-01	5.34e-01	1.76e-06	0.00e+00	2.74e-08	8.22e-08	1.37e-07	3.94e-04	7.89e-04	1.08e-23
 7.94079e+15	3.60e-07	1.36e-03	1.21e-01	3.70e-01	5.08e-01	1.73e-06	0.00e+00	3.31e-08	9.92e-08	1.65e-07	4.55e-04	9.10e-04	1.57e-23
 8.06733e+15	4.28e-07	1.56e-03	1.34e-01	3.82e-01	4.83e-01	1.70e-06	0.00e+00	3.94e-08	1.18e-07	1.97e-07	5.18e-04	1.04e-03	2.26e-23
 8.21143e+15	5.20e-07	1.81e-03	1.50e-01	3.95e-01	4.53e-01	1.65e-06	0.00e+00	4.79e-08	1.44e-07	2.39e-07	6.03e-04	1.21e-03	3.45e-23
 8.36205e+15	6.49e-07	2.12e-03	1.68e-01	4.09e-01	4.21e-01	1.63e-06	0.00e+00	5.99e-08	1.80e-07	2.99e-07	7.08e-04	1.42e-03	5.49e-23
 8.48241e+15	7.66e-07	2.40e-03	1.85e-01	4.18e-01	3.95e-01	1.61e-06	0.00e+00	7.08e-08	2.12e-07	3.54e-07	8.01e-04	1.60e-03	7.74e-23
 8.58374e+15	8.87e-07	2.68e-03	2.00e-01	4.26e-01	3.72e-01	1.58e-06	0.00e+00	8.20e-08	2.46e-07	4.09e-07	8.93e-04	1.79e-03	1.06e-22
 8.69908e+15	1.05e-06	2.99e-03	2.18e-01	4.34e-01	3.45e-01	1.54e-06	0.00e+00	9.69e-08	2.90e-07	4.84e-07	9.98e-04	1.99e-03	1.44e-22
 8.84901e+15	1.33e-06	3.60e-03	2.46e-01	4.43e-01	3.07e-01	1.48e-06	0.00e+00	1.24e-07	3.70e-07	6.17e-07	1.20e-03	2.40e-03	2.55e-22
 8.97017e+15	1.57e-06	4.06e-03	2.70e-01	4.47e-01	2.79e-01	1.45e-06	0.00e+00	1.45e-07	4.36e-07	7.26e-07	1.35e-03	2.71e-03	3.65e-22
 9.03060e+15	1.74e-06	4.36e-03	2.83e-01	4.49e-01	2.64e-01	1.45e-06	0.00e+00	1.61e-07	4.84e-07	8.06e-07	1.45e-03	2.90e-03	4.56e-22
 9.08584e+15	1.91e-06	4.65e-03	2.95e-01	4.50e-01	2.50e-01	1.43e-06	0.00e+00	1.77e-07	5.30e-07	8.84e-07	1.55e-03	3.10e-03	5.66e-22
 9.15765e+15	2.15e-06	5.06e-03	3.12e-01	4.51e-01	2.31e-01	1.40e-06	0.00e+00	2.00e-07	5.99e-07	9.97e-07	1.69e-03	3.37e-03	7.44e-22
 9.23593e+15	2.42e-06	5.44e-03	3.30e-01	4.51e-01	2.13e-01	1.36e-06	0.00e+00	2.24e-07	6.72e-07	1.12e-06	1.81e-03	3.62e-03	9.19e-22
 9.32263e+15	2.80e-06	6.01e-03	3.53e-01	4.50e-01	1.91e-01	1.30e-06	0.00e+00	2.60e-07	7.79e-07	1.30e-06	2.00e-03	4.00e-03	1.28e-21
 9.40707e+15	3.22e-06	6.61e-03	3.75e-01	4.47e-01	1.71e-01	1.26e-06	0.00e+00	3.00e-07	8.99e-07	1.50e-06	2.20e-03	4.40e-03	1.77e-21
 9.46832e+15	3.63e-06	7.18e-03	3.93e-01	4.44e-01	1.56e-01	1.24e-06	0.00e+00	3.38e-07	1.01e-06	1.69e-06	2.40e-03	4.79e-03	2.41e-21
 9.51517e+15	3.93e-06	7.57e-03	4.06e-01	4.41e-01	1.45e-01	1.21e-06	0.00e+00	3.66e-07	1.10e-06	1.83e-06	2.53e-03	5.05e-03	2.90e-21
 9.56353e+15	4.26e-06	7.95e-03	4.20e-01	4.38e-01	1.34e-01	1.17e-06	0.00e+00	3.96e-07	1.19e-06	1.98e-06	2.65e-03	5.30e-03	3.43e-21
 9.62639e+15	4.84e-06	8.66e-03	4.40e-01	4.33e-01	1.19e-01	1.11e-06	0.00e+00	4.51e-07	1.35e-06	2.25e-06	2.89e-03	5.77e-03	4.76e-21
 9.68872e+15	5.39e-06	9.18e-03	4.57e-01	4.27e-01	1.06e-01	1.06e-06	0.00e+00	5.03e-07	1.51e-06	2.51e-06	3.06e-03	6.12e-03	5.82e-21
 9.75034e+15	6.09e-06	9.88e-03	4.77e-01	4.20e-01	9.35e-02	9.92e-07	0.00e+00	5.68e-07	1.70e-06	2.84e-06	3.30e-03	6.58e-03	7.68e-21
 9.81426e+15	6.91e-06	1.06e-02	4.96e-01	4.12e-01	8.14e-02	0.00e+00	0.00e+00	6.46e-07	1.94e-06	3.23e-06	3.55e-03	7.08e-03	1.02e-20
 9.86702e+15	7.96e-06	1.14e-02	5.14e-01	4.04e-01	7.12e-02	0.00e+00	0.00e+00	7.44e-07	2.23e-06	3.72e-06	3.82e-03	7.62e-03	1.40e-20
 9.90974e+15	8.52e-06	1.19e-02	5.26e-01	3.98e-01	6.46e-02	0.00e+00	0.00e+00	7.97e-07	2.39e-06	3.98e-06	3.96e-03	7.91e-03	1.59e-20
 9.95354e+15	9.51e-06	1.26e-02	5.40e-01	3.90e-01	5.70e-02	0.00e+00	0.00e+00	8.90e-07	2.67e-06	4.45e-06	4.21e-03	8.40e-03	2.07e-20
 1.00025e+16	1.05e-05	1.32e-02	5.54e-01	3.83e-01	5.01e-02	0.00e+00	0.00e+00	9.82e-07	2.94e-06	4.90e-06	4.41e-03	8.80e-03	2.47e-20
 1.00583e+16	1.19e-05	1.42e-02	5.72e-01	3.72e-01	4.21e-02	0.00e+00	0.00e+00	1.12e-06	3.36e-06	5.59e-06	4.75e-03	9.48e-03	3.43e-20
