#depth	He	He+	He+2
 1.49634e+10	1.80e-21	4.96e-11	1.00e+00
 4.54887e+10	2.10e-21	5.40e-11	1.00e+00
 7.72350e+10	2.43e-21	5.87e-11	1.00e+00
 1.10251e+11	2.81e-21	6.38e-11	1.00e+00
 1.42041e+11	3.22e-21	6.91e-11	1.00e+00
 1.71687e+11	3.63e-21	7.41e-11	1.00e+00
 2.05066e+11	4.14e-21	8.01e-11	1.00e+00
 2.43195e+11	4.80e-21	8.73e-11	1.00e+00
 2.81201e+11	5.54e-21	9.47e-11	1.00e+00
 3.20727e+11	6.39e-21	1.03e-10	1.00e+00
 3.63483e+11	7.42e-21	1.12e-10	1.00e+00
 4.07949e+11	8.62e-21	1.22e-10	1.00e+00
 4.49863e+11	9.90e-21	1.33e-10	1.00e+00
 4.87555e+11	1.11e-20	1.42e-10	1.00e+00
 5.29982e+11	1.26e-20	1.53e-10	1.00e+00
 5.80004e+11	1.47e-20	1.67e-10	1.00e+00
 6.29994e+11	1.70e-20	1.82e-10	1.00e+00
 6.76875e+11	1.93e-20	1.96e-10	1.00e+00
 7.28769e+11	2.21e-20	2.13e-10	1.00e+00
 7.87847e+11	2.57e-20	2.33e-10	1.00e+00
 8.46454e+11	2.97e-20	2.55e-10	1.00e+00
 9.03282e+11	3.40e-20	2.76e-10	1.00e+00
 9.65218e+11	3.90e-20	3.01e-10	1.00e+00
 1.03375e+12	4.54e-20	3.31e-10	1.00e+00
 1.10345e+12	5.25e-20	3.62e-10	1.00e+00
 1.17149e+12	6.02e-20	3.95e-10	1.00e+00
 1.24384e+12	6.90e-20	4.31e-10	1.00e+00
 1.32352e+12	7.99e-20	4.74e-10	1.00e+00
 1.40466e+12	9.21e-20	5.21e-10	1.00e+00
 1.48905e+12	1.06e-19	5.72e-10	1.00e+00
 1.57854e+12	1.22e-19	6.30e-10	1.00e+00
 1.67161e+12	1.41e-19	6.93e-10	1.00e+00
 1.75575e+12	1.59e-19	7.55e-10	1.00e+00
 1.82582e+12	1.75e-19	8.08e-10	1.00e+00
 1.90256e+12	1.94e-19	8.69e-10	1.00e+00
 1.99982e+12	2.20e-19	9.51e-10	1.00e+00
 2.10128e+12	2.50e-19	1.04e-09	1.00e+00
 2.19108e+12	2.78e-19	1.13e-09	1.00e+00
 2.27497e+12	3.06e-19	1.21e-09	1.00e+00
 2.37075e+12	3.39e-19	1.31e-09	1.00e+00
 2.48836e+12	3.85e-19	1.43e-09	1.00e+00
 2.60546e+12	4.36e-19	1.57e-09	1.00e+00
 2.70733e+12	4.82e-19	1.69e-09	1.00e+00
 2.81822e+12	5.36e-19	1.83e-09	1.00e+00
 2.95349e+12	6.08e-19	2.00e-09	1.00e+00
 3.09158e+12	6.88e-19	2.19e-09	1.00e+00
 3.21857e+12	7.68e-19	2.38e-09	1.00e+00
 3.35997e+12	8.65e-19	2.59e-09	1.00e+00
 3.52366e+12	9.90e-19	2.85e-09	1.00e+00
 3.68484e+12	1.13e-18	3.12e-09	1.00e+00
 3.83929e+12	1.27e-18	3.39e-09	1.00e+00
 4.00961e+12	1.44e-18	3.70e-09	1.00e+00
 4.19992e+12	1.66e-18	4.07e-09	1.00e+00
 4.37300e+12	1.88e-18	4.42e-09	1.00e+00
 4.51876e+12	2.08e-18	4.72e-09	1.00e+00
 4.67910e+12	2.33e-18	5.07e-09	1.00e+00
 4.86014e+12	2.63e-18	5.48e-09	1.00e+00
 5.03357e+12	2.95e-18	5.88e-09	1.00e+00
 5.22448e+12	3.34e-18	6.34e-09	1.00e+00
 5.43655e+12	3.82e-18	6.88e-09	1.00e+00
 5.63529e+12	4.32e-18	7.40e-09	1.00e+00
 5.85282e+12	4.93e-18	8.00e-09	1.00e+00
 6.09751e+12	5.69e-18	8.70e-09	1.00e+00
 6.33132e+12	6.50e-18	9.39e-09	1.00e+00
 6.54778e+12	7.33e-18	1.01e-08	1.00e+00
 6.78786e+12	8.35e-18	1.08e-08	1.00e+00
 7.05693e+12	9.62e-18	1.17e-08	1.00e+00
 7.31115e+12	1.10e-17	1.26e-08	1.00e+00
 7.58909e+12	1.26e-17	1.36e-08	1.00e+00
 7.89660e+12	1.46e-17	1.47e-08	1.00e+00
 8.18198e+12	1.67e-17	1.59e-08	1.00e+00
 8.49241e+12	1.92e-17	1.71e-08	1.00e+00
 8.83953e+12	2.23e-17	1.86e-08	1.00e+00
 9.16717e+12	2.57e-17	2.00e-08	1.00e+00
 9.52457e+12	2.97e-17	2.16e-08	1.00e+00
 9.92292e+12	3.48e-17	2.35e-08	1.00e+00
 1.02999e+13	4.02e-17	2.54e-08	1.00e+00
 1.07046e+13	4.67e-17	2.74e-08	1.00e+00
 1.11627e+13	5.50e-17	2.99e-08	1.00e+00
 1.16145e+13	6.43e-17	3.24e-08	1.00e+00
 1.20843e+13	7.50e-17	3.51e-08	1.00e+00
 1.25976e+13	8.84e-17	3.82e-08	1.00e+00
 1.31206e+13	1.04e-16	4.15e-08	1.00e+00
 1.36645e+13	1.22e-16	4.50e-08	1.00e+00
 1.42126e+13	1.42e-16	4.88e-08	1.00e+00
 1.47223e+13	1.63e-16	5.24e-08	1.00e+00
 1.52807e+13	1.89e-16	5.64e-08	1.00e+00
 1.58528e+13	2.19e-16	6.08e-08	1.00e+00
 1.63287e+13	2.46e-16	6.45e-08	1.00e+00
 1.68302e+13	2.77e-16	6.86e-08	1.00e+00
 1.74708e+13	3.21e-16	7.39e-08	1.00e+00
 1.81416e+13	3.73e-16	7.97e-08	1.00e+00
 1.87334e+13	4.23e-16	8.50e-08	1.00e+00
 1.93733e+13	4.83e-16	9.09e-08	1.00e+00
 2.00900e+13	5.57e-16	9.77e-08	1.00e+00
 2.07652e+13	6.35e-16	1.04e-07	1.00e+00
 2.15017e+13	7.28e-16	1.12e-07	1.00e+00
 2.23182e+13	8.44e-16	1.21e-07	1.00e+00
 2.30765e+13	9.62e-16	1.29e-07	1.00e+00
 2.38999e+13	1.10e-15	1.38e-07	1.00e+00
 2.48212e+13	1.28e-15	1.49e-07	1.00e+00
 2.56899e+13	1.47e-15	1.59e-07	1.00e+00
 2.66396e+13	1.69e-15	1.71e-07	1.00e+00
 2.76995e+13	1.97e-15	1.85e-07	1.00e+00
 2.86974e+13	2.26e-15	1.98e-07	1.00e+00
 2.97704e+13	2.61e-15	2.13e-07	1.00e+00
 3.09912e+13	3.06e-15	2.31e-07	1.00e+00
 3.21863e+13	3.55e-15	2.49e-07	1.00e+00
 3.34293e+13	4.11e-15	2.68e-07	1.00e+00
 3.47964e+13	4.82e-15	2.90e-07	1.00e+00
 3.61766e+13	5.61e-15	3.13e-07	1.00e+00
 3.76119e+13	6.53e-15	3.38e-07	1.00e+00
 3.90561e+13	7.57e-15	3.64e-07	1.00e+00
 4.04167e+13	8.66e-15	3.90e-07	1.00e+00
 4.19219e+13	1.00e-14	4.19e-07	1.00e+00
 4.34296e+13	1.15e-14	4.50e-07	1.00e+00
 4.46691e+13	1.28e-14	4.76e-07	1.00e+00
 4.59763e+13	1.44e-14	5.04e-07	1.00e+00
 4.76644e+13	1.66e-14	5.42e-07	1.00e+00
 4.94446e+13	1.92e-14	5.83e-07	1.00e+00
 5.10053e+13	2.17e-14	6.20e-07	1.00e+00
 5.26837e+13	2.46e-14	6.62e-07	1.00e+00
 5.47199e+13	2.86e-14	7.15e-07	1.00e+00
 5.67912e+13	3.32e-14	7.70e-07	1.00e+00
 5.87100e+13	3.78e-14	8.24e-07	1.00e+00
 6.08530e+13	4.36e-14	8.86e-07	1.00e+00
 6.31526e+13	5.05e-14	9.56e-07	1.00e+00
 6.51969e+13	5.73e-14	1.02e-06	1.00e+00
 6.73879e+13	6.54e-14	1.09e-06	1.00e+00
 7.00138e+13	7.62e-14	1.18e-06	1.00e+00
 7.25933e+13	8.80e-14	1.27e-06	1.00e+00
 7.48821e+13	9.96e-14	1.35e-06	1.00e+00
 7.74046e+13	1.14e-13	1.45e-06	1.00e+00
 8.04219e+13	1.32e-13	1.57e-06	1.00e+00
 8.34223e+13	1.53e-13	1.69e-06	1.00e+00
 8.61536e+13	1.74e-13	1.81e-06	1.00e+00
 8.91953e+13	2.00e-13	1.94e-06	1.00e+00
 9.27478e+13	2.33e-13	2.10e-06	1.00e+00
 9.62414e+13	2.70e-13	2.27e-06	1.00e+00
 9.95245e+13	3.08e-13	2.43e-06	1.00e+00
 1.03185e+14	3.55e-13	2.62e-06	1.00e+00
 1.07342e+14	4.15e-13	2.84e-06	1.00e+00
 1.11485e+14	4.81e-13	3.07e-06	1.00e+00
 1.15347e+14	5.49e-13	3.29e-06	1.00e+00
 1.19544e+14	6.31e-13	3.54e-06	1.00e+00
 1.24253e+14	7.34e-13	3.83e-06	1.00e+00
 1.28644e+14	8.39e-13	4.11e-06	1.00e+00
 1.32703e+14	9.45e-13	4.38e-06	1.00e+00
 1.36608e+14	1.06e-12	4.65e-06	1.00e+00
 1.40946e+14	1.19e-12	4.96e-06	1.00e+00
 1.45745e+14	1.35e-12	5.31e-06	1.00e+00
 1.50211e+14	1.52e-12	5.64e-06	1.00e+00
 1.55085e+14	1.71e-12	6.02e-06	1.00e+00
 1.60568e+14	1.95e-12	6.46e-06	1.00e+00
 1.65805e+14	2.20e-12	6.90e-06	1.00e+00
 1.71576e+14	2.51e-12	7.39e-06	1.00e+00
 1.77936e+14	2.87e-12	7.96e-06	1.00e+00
 1.83785e+14	3.24e-12	8.50e-06	1.00e+00
 1.90110e+14	3.67e-12	9.11e-06	1.00e+00
 1.97186e+14	4.21e-12	9.81e-06	1.00e+00
 2.03843e+14	4.76e-12	1.05e-05	1.00e+00
 2.11103e+14	5.42e-12	1.13e-05	1.00e+00
 2.19165e+14	6.23e-12	1.22e-05	1.00e+00
 2.26682e+14	7.05e-12	1.30e-05	1.00e+00
 2.34860e+14	8.05e-12	1.40e-05	1.00e+00
 2.44012e+14	9.27e-12	1.52e-05	1.00e+00
 2.52666e+14	1.06e-11	1.63e-05	1.00e+00
 2.61938e+14	1.21e-11	1.75e-05	1.00e+00
 2.72445e+14	1.40e-11	1.90e-05	1.00e+00
 2.82749e+14	1.60e-11	2.06e-05	1.00e+00
 2.93465e+14	1.85e-11	2.22e-05	1.00e+00
 3.05234e+14	2.14e-11	2.41e-05	1.00e+00
 3.16818e+14	2.46e-11	2.61e-05	1.00e+00
 3.26388e+14	2.76e-11	2.78e-05	1.00e+00
 3.34085e+14	3.02e-11	2.92e-05	1.00e+00
 3.42621e+14	3.32e-11	3.08e-05	1.00e+00
 3.53718e+14	3.76e-11	3.30e-05	1.00e+00
 3.65623e+14	4.28e-11	3.54e-05	1.00e+00
 3.76192e+14	4.78e-11	3.76e-05	1.00e+00
 3.87548e+14	5.38e-11	4.01e-05	1.00e+00
 4.01860e+14	6.20e-11	4.34e-05	1.00e+00
 4.16386e+14	7.15e-11	4.69e-05	1.00e+00
 4.28840e+14	8.04e-11	5.01e-05	1.00e+00
 4.42234e+14	9.12e-11	5.36e-05	1.00e+00
 4.58815e+14	1.06e-10	5.81e-05	1.00e+00
 4.75786e+14	1.23e-10	6.30e-05	1.00e+00
 4.90905e+14	1.40e-10	6.76e-05	1.00e+00
 5.07372e+14	1.60e-10	7.28e-05	1.00e+00
 5.27028e+14	1.88e-10	7.92e-05	1.00e+00
 5.46416e+14	2.18e-10	8.59e-05	1.00e+00
 5.63877e+14	2.50e-10	9.23e-05	1.00e+00
 5.83250e+14	2.88e-10	9.95e-05	1.00e+00
 6.06099e+14	3.39e-10	1.09e-04	1.00e+00
 6.28659e+14	3.96e-10	1.18e-04	1.00e+00
 6.49538e+14	4.55e-10	1.27e-04	1.00e+00
 6.72967e+14	5.30e-10	1.38e-04	1.00e+00
 6.99915e+14	6.28e-10	1.50e-04	1.00e+00
 7.26337e+14	7.36e-10	1.63e-04	1.00e+00
 7.53815e+14	8.65e-10	1.78e-04	1.00e+00
 7.78914e+14	9.96e-10	1.91e-04	1.00e+00
 7.97545e+14	1.10e-09	2.02e-04	1.00e+00
 8.16695e+14	1.22e-09	2.13e-04	1.00e+00
 8.41591e+14	1.39e-09	2.28e-04	1.00e+00
 8.68652e+14	1.60e-09	2.45e-04	1.00e+00
 8.93124e+14	1.80e-09	2.61e-04	1.00e+00
 9.19536e+14	2.04e-09	2.78e-04	1.00e+00
 9.53169e+14	2.39e-09	3.02e-04	1.00e+00
 9.87040e+14	2.78e-09	3.26e-04	1.00e+00
 1.01519e+15	3.14e-09	3.47e-04	1.00e+00
 1.04506e+15	3.56e-09	3.70e-04	1.00e+00
 1.08320e+15	4.17e-09	4.01e-04	1.00e+00
 1.12331e+15	4.88e-09	4.35e-04	1.00e+00
 1.15923e+15	5.59e-09	4.66e-04	1.00e+00
 1.19846e+15	6.45e-09	5.02e-04	9.99e-01
 1.24506e+15	7.61e-09	5.46e-04	9.99e-01
 1.29095e+15	8.90e-09	5.92e-04	9.99e-01
 1.33268e+15	1.02e-08	6.34e-04	9.99e-01
 1.37928e+15	1.18e-08	6.84e-04	9.99e-01
 1.43375e+15	1.40e-08	7.45e-04	9.99e-01
 1.48745e+15	1.64e-08	8.06e-04	9.99e-01
 1.53794e+15	1.89e-08	8.67e-04	9.99e-01
 1.59413e+15	2.20e-08	9.37e-04	9.99e-01
 1.65793e+15	2.61e-08	1.02e-03	9.99e-01
 1.71155e+15	2.98e-08	1.09e-03	9.99e-01
 1.75007e+15	3.28e-08	1.15e-03	9.99e-01
 1.79015e+15	3.61e-08	1.20e-03	9.99e-01
 1.84225e+15	4.08e-08	1.28e-03	9.99e-01
 1.90041e+15	4.65e-08	1.37e-03	9.99e-01
 1.95495e+15	5.23e-08	1.45e-03	9.99e-01
 2.01436e+15	5.94e-08	1.55e-03	9.98e-01
 2.08077e+15	6.81e-08	1.66e-03	9.98e-01
 2.14323e+15	7.70e-08	1.77e-03	9.98e-01
 2.21138e+15	8.78e-08	1.89e-03	9.98e-01
 2.28792e+15	1.01e-07	2.03e-03	9.98e-01
 2.36081e+15	1.15e-07	2.17e-03	9.98e-01
 2.44101e+15	1.32e-07	2.32e-03	9.98e-01
 2.52977e+15	1.53e-07	2.51e-03	9.97e-01
 2.61190e+15	1.74e-07	2.68e-03	9.97e-01
 2.70093e+15	2.01e-07	2.87e-03	9.97e-01
 2.80010e+15	2.33e-07	3.10e-03	9.97e-01
 2.89273e+15	2.67e-07	3.31e-03	9.97e-01
 2.99342e+15	3.07e-07	3.56e-03	9.96e-01
 3.10078e+15	3.55e-07	3.83e-03	9.96e-01
 3.19514e+15	4.02e-07	4.08e-03	9.96e-01
 3.27643e+15	4.45e-07	4.29e-03	9.96e-01
 3.36241e+15	4.96e-07	4.53e-03	9.95e-01
 3.45882e+15	5.57e-07	4.81e-03	9.95e-01
 3.55064e+15	6.20e-07	5.08e-03	9.95e-01
 3.65186e+15	6.98e-07	5.39e-03	9.95e-01
 3.76211e+15	7.88e-07	5.73e-03	9.94e-01
 3.86351e+15	8.78e-07	6.06e-03	9.94e-01
 3.97475e+15	9.89e-07	6.44e-03	9.94e-01
 4.09766e+15	1.12e-06	6.86e-03	9.93e-01
 4.21378e+15	1.26e-06	7.28e-03	9.93e-01
 4.34280e+15	1.43e-06	7.77e-03	9.92e-01
 4.48254e+15	1.63e-06	8.32e-03	9.92e-01
 4.60723e+15	1.81e-06	8.82e-03	9.91e-01
 4.74033e+15	2.05e-06	9.39e-03	9.91e-01
 4.88875e+15	2.33e-06	1.01e-02	9.90e-01
 5.02787e+15	2.61e-06	1.07e-02	9.89e-01
 5.15955e+15	2.91e-06	1.13e-02	9.89e-01
 5.31081e+15	3.30e-06	1.21e-02	9.88e-01
 5.46840e+15	3.73e-06	1.30e-02	9.87e-01
 5.60088e+15	4.12e-06	1.37e-02	9.86e-01
 5.71950e+15	4.51e-06	1.45e-02	9.86e-01
 5.85343e+15	5.01e-06	1.53e-02	9.85e-01
 6.00467e+15	5.61e-06	1.64e-02	9.84e-01
 6.14817e+15	6.23e-06	1.74e-02	9.83e-01
 6.28270e+15	6.87e-06	1.85e-02	9.82e-01
 6.43581e+15	7.74e-06	1.98e-02	9.80e-01
 6.59951e+15	8.69e-06	2.13e-02	9.79e-01
 6.74490e+15	9.66e-06	2.27e-02	9.77e-01
 6.87866e+15	1.07e-05	2.42e-02	9.76e-01
 7.02937e+15	1.20e-05	2.61e-02	9.74e-01
 7.19326e+15	1.36e-05	2.82e-02	9.72e-01
 7.34198e+15	1.52e-05	3.04e-02	9.70e-01
 7.47918e+15	1.70e-05	3.27e-02	9.67e-01
 7.63368e+15	1.93e-05	3.56e-02	9.64e-01
 7.79895e+15	2.22e-05	3.91e-02	9.61e-01
 7.94079e+15	2.51e-05	4.26e-02	9.57e-01
 8.06733e+15	2.81e-05	4.61e-02	9.54e-01
 8.21143e+15	3.23e-05	5.08e-02	9.49e-01
 8.36205e+15	3.75e-05	5.64e-02	9.44e-01
 8.48241e+15	4.23e-05	6.16e-02	9.38e-01
 8.58374e+15	4.72e-05	6.67e-02	9.33e-01
 8.69908e+15	5.34e-05	7.35e-02	9.26e-01
 8.84901e+15	6.48e-05	8.38e-02	9.16e-01
 8.97017e+15	7.49e-05	9.38e-02	9.06e-01
 9.03060e+15	8.14e-05	9.96e-02	9.00e-01
 9.08584e+15	8.82e-05	1.06e-01	8.94e-01
 9.15765e+15	9.80e-05	1.14e-01	8.86e-01
 9.23593e+15	1.09e-04	1.24e-01	8.75e-01
 9.32263e+15	1.25e-04	1.38e-01	8.62e-01
 9.40707e+15	1.44e-04	1.53e-01	8.47e-01
 9.46832e+15	1.61e-04	1.65e-01	8.34e-01
 9.51517e+15	1.75e-04	1.76e-01	8.24e-01
 9.56353e+15	1.90e-04	1.88e-01	8.12e-01
 9.62639e+15	2.16e-04	2.06e-01	7.94e-01
 9.68872e+15	2.42e-04	2.25e-01	7.75e-01
 9.75034e+15	2.75e-04	2.47e-01	7.52e-01
 9.81426e+15	3.14e-04	2.73e-01	7.27e-01
 9.86702e+15	3.53e-04	2.96e-01	7.04e-01
 9.90974e+15	3.84e-04	3.16e-01	6.84e-01
 9.95354e+15	4.26e-04	3.39e-01	6.60e-01
 1.00025e+16	4.71e-04	3.66e-01	6.33e-01
 1.00583e+16	5.37e-04	4.00e-01	5.99e-01
 1.01138e+16	6.04e-04	4.35e-01	5.64e-01
 1.01598e+16	6.65e-04	4.66e-01	5.33e-01
 1.02104e+16	7.41e-04	5.02e-01	4.98e-01
 1.02673e+16	8.31e-04	5.42e-01	4.57e-01
 1.03223e+16	9.25e-04	5.81e-01	4.18e-01
 1.03665e+16	1.00e-03	6.11e-01	3.88e-01
 1.03994e+16	1.06e-03	6.34e-01	3.65e-01
 1.04346e+16	1.13e-03	6.58e-01	3.41e-01
 1.04804e+16	1.22e-03	6.88e-01	3.11e-01
 1.05288e+16	1.32e-03	7.18e-01	2.81e-01
 1.05709e+16	1.40e-03	7.41e-01	2.57e-01
 1.06158e+16	1.49e-03	7.66e-01	2.32e-01
 1.06657e+16	1.60e-03	7.91e-01	2.08e-01
 1.07123e+16	1.69e-03	8.11e-01	1.87e-01
 1.07559e+16	1.79e-03	8.29e-01	1.70e-01
 1.08057e+16	1.90e-03	8.47e-01	1.51e-01
 1.08597e+16	2.01e-03	8.65e-01	1.33e-01
 1.09076e+16	2.12e-03	8.78e-01	1.20e-01
 1.09584e+16	2.23e-03	8.91e-01	1.06e-01
 1.10127e+16	2.36e-03	9.03e-01	9.43e-02
 1.10600e+16	2.47e-03	9.12e-01	8.52e-02
 1.11034e+16	2.58e-03	9.20e-01	7.74e-02
 1.11530e+16	2.71e-03	9.28e-01	6.94e-02
 1.12066e+16	2.86e-03	9.35e-01	6.19e-02
 1.12538e+16	2.99e-03	9.41e-01	5.63e-02
 1.12962e+16	3.12e-03	9.45e-01	5.16e-02
 1.13439e+16	3.27e-03	9.50e-01	4.67e-02
 1.13961e+16	3.45e-03	9.54e-01	4.21e-02
 1.14424e+16	3.63e-03	9.58e-01	3.85e-02
 1.14830e+16	3.79e-03	9.61e-01	3.57e-02
 1.15279e+16	3.98e-03	9.63e-01	3.26e-02
 1.15775e+16	4.21e-03	9.66e-01	2.98e-02
 1.16218e+16	4.44e-03	9.68e-01	2.75e-02
 1.16608e+16	4.66e-03	9.70e-01	2.56e-02
 1.17038e+16	4.92e-03	9.71e-01	2.36e-02
 1.17516e+16	5.23e-03	9.73e-01	2.17e-02
 1.17945e+16	5.55e-03	9.74e-01	2.02e-02
 1.18320e+16	5.86e-03	9.75e-01	1.89e-02
 1.18736e+16	6.22e-03	9.76e-01	1.76e-02
 1.19200e+16	6.69e-03	9.77e-01	1.62e-02
 1.19631e+16	7.17e-03	9.78e-01	1.51e-02
 1.20019e+16	7.67e-03	9.78e-01	1.42e-02
 1.20451e+16	8.29e-03	9.79e-01	1.32e-02
 1.20936e+16	9.10e-03	9.79e-01	1.22e-02
 1.21374e+16	9.96e-03	9.79e-01	1.14e-02
 1.21742e+16	1.08e-02	9.78e-01	1.08e-02
 1.22134e+16	1.18e-02	9.78e-01	1.01e-02
 1.22566e+16	1.31e-02	9.77e-01	9.44e-03
 1.22921e+16	1.45e-02	9.77e-01	8.95e-03
 1.23179e+16	1.56e-02	9.76e-01	8.64e-03
 1.23437e+16	1.68e-02	9.75e-01	8.29e-03
 1.23773e+16	1.87e-02	9.73e-01	7.86e-03
 1.24104e+16	2.09e-02	9.72e-01	7.49e-03
 1.24343e+16	2.30e-02	9.70e-01	7.24e-03
 1.24526e+16	2.46e-02	9.68e-01	7.06e-03
 1.24725e+16	2.67e-02	9.66e-01	6.85e-03
 1.24983e+16	2.97e-02	9.64e-01	6.60e-03
 1.25245e+16	3.36e-02	9.60e-01	6.38e-03
 1.25442e+16	3.71e-02	9.57e-01	6.22e-03
 1.25596e+16	4.02e-02	9.54e-01	6.11e-03
 1.25764e+16	4.39e-02	9.50e-01	5.98e-03
 1.25981e+16	4.95e-02	9.45e-01	5.83e-03
 1.26198e+16	5.65e-02	9.38e-01	5.71e-03
 1.26361e+16	6.28e-02	9.32e-01	5.64e-03
 1.26495e+16	6.88e-02	9.26e-01	5.58e-03
 1.26647e+16	7.64e-02	9.18e-01	5.51e-03
 1.26814e+16	8.60e-02	9.09e-01	5.47e-03
 1.26965e+16	9.63e-02	8.98e-01	5.45e-03
 1.27095e+16	1.07e-01	8.88e-01	5.44e-03
 1.27209e+16	1.17e-01	8.78e-01	5.45e-03
 1.27312e+16	1.27e-01	8.67e-01	5.45e-03
 1.27416e+16	1.39e-01	8.56e-01	5.46e-03
 1.27520e+16	1.52e-01	8.43e-01	5.48e-03
 1.27615e+16	1.64e-01	8.30e-01	5.52e-03
 1.27685e+16	1.74e-01	8.20e-01	5.55e-03
 1.27728e+16	1.81e-01	8.14e-01	5.56e-03
 1.27767e+16	1.87e-01	8.07e-01	5.58e-03
 1.27815e+16	1.96e-01	7.99e-01	5.58e-03
 1.27868e+16	2.05e-01	7.89e-01	5.60e-03
 1.27919e+16	2.15e-01	7.80e-01	5.62e-03
 1.27967e+16	2.24e-01	7.71e-01	5.65e-03
 1.28013e+16	2.33e-01	7.61e-01	5.67e-03
 1.28060e+16	2.43e-01	7.51e-01	5.69e-03
 1.28108e+16	2.54e-01	7.40e-01	5.70e-03
 1.28154e+16	2.64e-01	7.30e-01	5.74e-03
 1.28200e+16	2.76e-01	7.19e-01	5.75e-03
 1.28247e+16	2.87e-01	7.07e-01	5.76e-03
 1.28292e+16	2.99e-01	6.95e-01	5.78e-03
 1.28336e+16	3.11e-01	6.83e-01	5.80e-03
 1.28381e+16	3.24e-01	6.70e-01	5.81e-03
 1.28426e+16	3.36e-01	6.58e-01	5.83e-03
 1.28470e+16	3.50e-01	6.45e-01	5.84e-03
 1.28514e+16	3.63e-01	6.31e-01	5.84e-03
 1.28558e+16	3.77e-01	6.17e-01	5.84e-03
 1.28601e+16	3.91e-01	6.03e-01	5.84e-03
 1.28644e+16	4.05e-01	5.89e-01	5.84e-03
 1.28688e+16	4.20e-01	5.74e-01	5.84e-03
 1.28731e+16	4.35e-01	5.59e-01	5.82e-03
 1.28774e+16	4.50e-01	5.44e-01	5.81e-03
 1.28816e+16	4.66e-01	5.28e-01	5.79e-03
 1.28859e+16	4.81e-01	5.13e-01	5.77e-03
 1.28901e+16	4.97e-01	4.97e-01	5.73e-03
 1.28943e+16	5.13e-01	4.82e-01	5.70e-03
 1.28985e+16	5.28e-01	4.66e-01	5.65e-03
 1.29026e+16	5.44e-01	4.51e-01	5.62e-03
 1.29067e+16	5.59e-01	4.35e-01	5.56e-03
 1.29108e+16	5.75e-01	4.19e-01	5.50e-03
 1.29149e+16	5.90e-01	4.04e-01	5.44e-03
 1.29190e+16	6.06e-01	3.89e-01	5.37e-03
 1.29230e+16	6.21e-01	3.74e-01	5.29e-03
 1.29270e+16	6.35e-01	3.59e-01	5.21e-03
 1.29310e+16	6.50e-01	3.45e-01	5.12e-03
 1.29350e+16	6.64e-01	3.31e-01	5.04e-03
 1.29391e+16	6.78e-01	3.17e-01	4.93e-03
 1.29432e+16	6.92e-01	3.03e-01	4.82e-03
 1.29473e+16	7.06e-01	2.90e-01	4.71e-03
 1.29515e+16	7.19e-01	2.76e-01	4.60e-03
 1.29558e+16	7.32e-01	2.63e-01	4.47e-03
 1.29601e+16	7.45e-01	2.51e-01	4.34e-03
 1.29646e+16	7.57e-01	2.38e-01	4.21e-03
 1.29691e+16	7.69e-01	2.27e-01	4.08e-03
 1.29738e+16	7.81e-01	2.15e-01	3.94e-03
 1.29786e+16	7.92e-01	2.04e-01	3.80e-03
 1.29837e+16	8.03e-01	1.93e-01	3.66e-03
 1.29891e+16	8.14e-01	1.83e-01	3.51e-03
 1.29947e+16	8.24e-01	1.73e-01	3.36e-03
 1.29998e+16	8.32e-01	1.65e-01	3.23e-03
 1.30040e+16	8.38e-01	1.58e-01	3.13e-03
 1.30082e+16	8.44e-01	1.53e-01	3.03e-03
 1.30127e+16	8.50e-01	1.47e-01	2.93e-03
 1.30175e+16	8.56e-01	1.41e-01	2.83e-03
 1.30226e+16	8.61e-01	1.36e-01	2.74e-03
 1.30277e+16	8.66e-01	1.32e-01	2.66e-03
 1.30329e+16	8.70e-01	1.27e-01	2.57e-03
 1.30383e+16	8.74e-01	1.24e-01	2.50e-03
 1.30442e+16	8.78e-01	1.20e-01	2.42e-03
 1.30504e+16	8.81e-01	1.16e-01	2.35e-03
 1.30571e+16	8.84e-01	1.13e-01	2.28e-03
 1.30644e+16	8.88e-01	1.10e-01	2.21e-03
 1.30722e+16	8.90e-01	1.08e-01	2.15e-03
 1.30807e+16	8.93e-01	1.05e-01	2.08e-03
 1.30901e+16	8.95e-01	1.03e-01	2.02e-03
 1.31004e+16	8.98e-01	1.00e-01	1.96e-03
 1.31114e+16	9.00e-01	9.84e-02	1.90e-03
 1.31233e+16	9.02e-01	9.66e-02	1.84e-03
 1.31362e+16	9.03e-01	9.48e-02	1.78e-03
 1.31499e+16	9.05e-01	9.32e-02	1.73e-03
 1.31644e+16	9.07e-01	9.16e-02	1.67e-03
 1.31794e+16	9.08e-01	9.01e-02	1.62e-03
 1.31947e+16	9.10e-01	8.86e-02	1.57e-03
 1.32102e+16	9.11e-01	8.72e-02	1.52e-03
 1.32258e+16	9.13e-01	8.58e-02	1.47e-03
 1.32415e+16	9.14e-01	8.45e-02	1.42e-03
 1.32571e+16	9.15e-01	8.32e-02	1.37e-03
 1.32729e+16	9.17e-01	8.19e-02	1.33e-03
 1.32888e+16	9.18e-01	8.07e-02	1.29e-03
 1.33049e+16	9.19e-01	7.94e-02	1.25e-03
 1.33210e+16	9.21e-01	7.82e-02	1.21e-03
 1.33373e+16	9.22e-01	7.70e-02	1.17e-03
 1.33539e+16	9.23e-01	7.58e-02	1.13e-03
 1.33709e+16	9.24e-01	7.45e-02	1.09e-03
 1.33887e+16	9.26e-01	7.33e-02	1.05e-03
 1.34074e+16	9.27e-01	7.20e-02	1.01e-03
 1.34269e+16	9.28e-01	7.06e-02	9.73e-04
 1.34475e+16	9.30e-01	6.93e-02	9.34e-04
 1.34698e+16	9.31e-01	6.78e-02	8.93e-04
 1.34943e+16	9.33e-01	6.62e-02	8.49e-04
 1.35224e+16	9.35e-01	6.45e-02	8.02e-04
 1.35535e+16	9.37e-01	6.26e-02	7.54e-04
 1.35848e+16	9.39e-01	6.08e-02	7.09e-04
 1.36140e+16	9.40e-01	5.92e-02	6.69e-04
 1.36407e+16	9.42e-01	5.77e-02	6.35e-04
 1.36649e+16	9.43e-01	5.64e-02	6.06e-04
 1.36870e+16	9.44e-01	5.53e-02	5.80e-04
 1.37071e+16	9.45e-01	5.43e-02	5.58e-04
 1.37254e+16	9.46e-01	5.33e-02	5.38e-04
 1.37421e+16	9.47e-01	5.25e-02	5.20e-04
 1.37573e+16	9.48e-01	5.17e-02	5.05e-04
 1.37739e+16	9.49e-01	5.09e-02	4.88e-04
 1.37954e+16	9.50e-01	4.98e-02	4.67e-04
 1.38188e+16	9.51e-01	4.87e-02	4.45e-04
 1.38400e+16	9.52e-01	4.78e-02	4.27e-04
 1.38593e+16	9.53e-01	4.69e-02	4.10e-04
 1.38768e+16	9.54e-01	4.61e-02	3.96e-04
 1.38928e+16	9.54e-01	4.53e-02	3.83e-04
 1.39074e+16	9.55e-01	4.47e-02	3.71e-04
 1.39206e+16	9.56e-01	4.41e-02	3.61e-04
 1.39351e+16	9.56e-01	4.34e-02	3.50e-04
 1.39507e+16	9.57e-01	4.28e-02	3.40e-04
 1.39650e+16	9.57e-01	4.22e-02	3.29e-04
 1.39780e+16	9.58e-01	4.16e-02	3.20e-04
 1.39922e+16	9.59e-01	4.10e-02	3.10e-04
 1.40075e+16	9.59e-01	4.04e-02	3.00e-04
 1.40215e+16	9.60e-01	3.98e-02	2.91e-04
 1.40342e+16	9.60e-01	3.92e-02	2.83e-04
 1.40457e+16	9.61e-01	3.88e-02	2.76e-04
 1.40584e+16	9.62e-01	3.82e-02	2.68e-04
 1.40721e+16	9.62e-01	3.77e-02	2.60e-04
 1.40845e+16	9.63e-01	3.72e-02	2.53e-04
 1.40958e+16	9.63e-01	3.67e-02	2.47e-04
 1.41082e+16	9.64e-01	3.62e-02	2.40e-04
 1.41216e+16	9.64e-01	3.57e-02	2.33e-04
 1.41338e+16	9.65e-01	3.52e-02	2.27e-04
 1.41449e+16	9.65e-01	3.48e-02	2.21e-04
 1.41571e+16	9.65e-01	3.43e-02	2.15e-04
 1.41702e+16	9.66e-01	3.38e-02	2.09e-04
 1.41821e+16	9.66e-01	3.34e-02	2.03e-04
 1.41930e+16	9.67e-01	3.30e-02	1.98e-04
 1.42049e+16	9.67e-01	3.26e-02	1.93e-04
 1.42178e+16	9.68e-01	3.21e-02	1.88e-04
 1.42295e+16	9.68e-01	3.17e-02	1.83e-04
 1.42401e+16	9.68e-01	3.13e-02	1.79e-04
 1.42518e+16	9.69e-01	3.09e-02	1.74e-04
 1.42644e+16	9.69e-01	3.05e-02	1.69e-04
 1.42758e+16	9.70e-01	3.01e-02	1.65e-04
 1.42884e+16	9.70e-01	2.97e-02	1.60e-04
 1.43019e+16	9.71e-01	2.93e-02	1.56e-04
 1.43143e+16	9.71e-01	2.89e-02	1.51e-04
 1.43255e+16	9.71e-01	2.85e-02	1.48e-04
 1.43378e+16	9.72e-01	2.81e-02	1.44e-04
 1.43511e+16	9.72e-01	2.78e-02	1.40e-04
 1.43632e+16	9.72e-01	2.74e-02	1.36e-04
 1.43764e+16	9.73e-01	2.70e-02	1.32e-04
 1.43907e+16	9.73e-01	2.66e-02	1.29e-04
 1.44037e+16	9.74e-01	2.63e-02	1.25e-04
 1.44180e+16	9.74e-01	2.59e-02	1.21e-04
 1.44334e+16	9.74e-01	2.55e-02	1.18e-04
 1.44474e+16	9.75e-01	2.51e-02	1.14e-04
 1.44601e+16	9.75e-01	2.48e-02	1.11e-04
 1.44741e+16	9.75e-01	2.44e-02	1.08e-04
 1.44892e+16	9.76e-01	2.41e-02	1.05e-04
 1.45029e+16	9.76e-01	2.37e-02	1.02e-04
 1.45179e+16	9.77e-01	2.34e-02	9.89e-05
 1.45342e+16	9.77e-01	2.30e-02	9.58e-05
 1.45489e+16	9.77e-01	2.27e-02	9.31e-05
 1.45624e+16	9.78e-01	2.24e-02	9.07e-05
 1.45771e+16	9.78e-01	2.20e-02	8.80e-05
 1.45930e+16	9.78e-01	2.17e-02	8.54e-05
 1.46075e+16	9.79e-01	2.14e-02	8.30e-05
 1.46233e+16	9.79e-01	2.11e-02	8.04e-05
 1.46405e+16	9.79e-01	2.07e-02	7.79e-05
 1.46560e+16	9.80e-01	2.04e-02	7.56e-05
 1.46731e+16	9.80e-01	2.01e-02	7.31e-05
 1.46915e+16	9.80e-01	1.97e-02	7.07e-05
 1.47083e+16	9.81e-01	1.94e-02	6.85e-05
 1.47236e+16	9.81e-01	1.92e-02	6.66e-05
 1.47403e+16	9.81e-01	1.88e-02	6.45e-05
 1.47584e+16	9.81e-01	1.85e-02	6.25e-05
 1.47748e+16	9.82e-01	1.83e-02	6.07e-05
 1.47928e+16	9.82e-01	1.80e-02	5.86e-05
 1.48122e+16	9.82e-01	1.77e-02	5.67e-05
 1.48299e+16	9.83e-01	1.74e-02	5.50e-05
 1.48493e+16	9.83e-01	1.71e-02	5.30e-05
 1.48702e+16	9.83e-01	1.68e-02	5.11e-05
 1.48893e+16	9.83e-01	1.65e-02	4.95e-05
 1.49066e+16	9.84e-01	1.62e-02	4.80e-05
 1.49256e+16	9.84e-01	1.60e-02	4.64e-05
 1.49461e+16	9.84e-01	1.57e-02	4.49e-05
 1.49647e+16	9.85e-01	1.54e-02	4.35e-05
 1.49852e+16	9.85e-01	1.52e-02	4.20e-05
 1.50072e+16	9.85e-01	1.49e-02	4.05e-05
 1.50273e+16	9.85e-01	1.46e-02	3.92e-05
 1.50493e+16	9.86e-01	1.44e-02	3.77e-05
 1.50731e+16	9.86e-01	1.41e-02	3.63e-05
 1.50947e+16	9.86e-01	1.38e-02	3.51e-05
 1.51184e+16	9.86e-01	1.36e-02	3.37e-05
 1.51439e+16	9.87e-01	1.33e-02	3.24e-05
 1.51672e+16	9.87e-01	1.31e-02	3.12e-05
 1.51927e+16	9.87e-01	1.28e-02	2.99e-05
 1.52202e+16	9.87e-01	1.25e-02	2.87e-05
 1.52453e+16	9.88e-01	1.23e-02	2.76e-05
 1.52681e+16	9.88e-01	1.21e-02	2.67e-05
 1.52931e+16	9.88e-01	1.18e-02	2.57e-05
 1.53200e+16	9.88e-01	1.16e-02	2.47e-05
 1.53446e+16	9.89e-01	1.14e-02	2.38e-05
 1.53715e+16	9.89e-01	1.11e-02	2.28e-05
 1.54005e+16	9.89e-01	1.09e-02	2.19e-05
 1.54269e+16	9.89e-01	1.07e-02	2.11e-05
 1.54559e+16	9.90e-01	1.05e-02	2.02e-05
 1.54871e+16	9.90e-01	1.02e-02	1.93e-05
 1.55156e+16	9.90e-01	1.00e-02	1.85e-05
 1.55468e+16	9.90e-01	9.80e-03	1.77e-05
 1.55804e+16	9.90e-01	9.57e-03	1.69e-05
 1.56110e+16	9.91e-01	9.37e-03	1.62e-05
 1.56446e+16	9.91e-01	9.15e-03	1.54e-05
 1.56808e+16	9.91e-01	8.92e-03	1.47e-05
 1.57138e+16	9.91e-01	8.73e-03	1.41e-05
 1.57499e+16	9.91e-01	8.51e-03	1.34e-05
 1.57889e+16	9.92e-01	8.29e-03	1.27e-05
 1.58244e+16	9.92e-01	8.10e-03	1.22e-05
 1.58632e+16	9.92e-01	7.89e-03	1.15e-05
 1.59052e+16	9.92e-01	7.67e-03	1.09e-05
 1.59434e+16	9.92e-01	7.49e-03	1.04e-05
 1.59853e+16	9.93e-01	7.28e-03	9.86e-06
 1.60305e+16	9.93e-01	7.08e-03	9.32e-06
 1.60716e+16	9.93e-01	6.90e-03	8.86e-06
 1.61167e+16	9.93e-01	6.70e-03	8.36e-06
 1.61752e+16	9.94e-01	6.45e-03	7.76e-06
 1.62426e+16	9.94e-01	6.19e-03	7.15e-06
 1.63106e+16	9.94e-01	5.94e-03	6.59e-06
 1.63793e+16	9.94e-01	5.70e-03	6.08e-06
 1.64508e+16	9.95e-01	5.46e-03	5.59e-06
 1.65254e+16	9.95e-01	5.23e-03	5.13e-06
 1.66025e+16	9.95e-01	5.00e-03	4.69e-06
 1.66823e+16	9.95e-01	4.78e-03	4.29e-06
 1.67649e+16	9.95e-01	4.56e-03	3.91e-06
 1.68504e+16	9.96e-01	4.35e-03	3.56e-06
 1.69381e+16	9.96e-01	4.15e-03	3.24e-06
 1.70272e+16	9.96e-01	3.95e-03	2.94e-06
 1.71177e+16	9.96e-01	3.76e-03	2.67e-06
 1.72098e+16	9.96e-01	3.58e-03	2.43e-06
 1.73037e+16	9.97e-01	3.41e-03	2.20e-06
 1.73993e+16	9.97e-01	3.25e-03	2.00e-06
 1.74952e+16	9.97e-01	3.09e-03	1.82e-06
 1.75925e+16	9.97e-01	2.94e-03	1.65e-06
 1.76932e+16	9.97e-01	2.80e-03	1.49e-06
 1.77963e+16	9.97e-01	2.66e-03	1.35e-06
 1.79009e+16	9.97e-01	2.53e-03	1.21e-06
 1.80071e+16	9.98e-01	2.40e-03	1.10e-06
 1.81155e+16	9.98e-01	2.28e-03	9.88e-07
 1.82261e+16	9.98e-01	2.16e-03	8.90e-07
 1.83385e+16	9.98e-01	2.05e-03	8.01e-07
 1.84530e+16	9.98e-01	1.94e-03	7.20e-07
 1.85698e+16	9.98e-01	1.84e-03	6.46e-07
 1.86889e+16	9.98e-01	1.74e-03	5.79e-07
 1.88104e+16	9.98e-01	1.64e-03	5.18e-07
 1.89343e+16	9.98e-01	1.55e-03	4.64e-07
 1.90608e+16	9.99e-01	1.47e-03	4.14e-07
 1.91899e+16	9.99e-01	1.38e-03	3.69e-07
 1.93217e+16	9.99e-01	1.31e-03	3.28e-07
 1.94564e+16	9.99e-01	1.23e-03	2.92e-07
 1.95941e+16	9.99e-01	1.16e-03	2.59e-07
 1.97349e+16	9.99e-01	1.09e-03	2.29e-07
 1.98790e+16	9.99e-01	1.02e-03	2.02e-07
 2.00266e+16	9.99e-01	9.60e-04	1.79e-07
 2.01778e+16	9.99e-01	9.00e-04	1.57e-07
 2.03329e+16	9.99e-01	8.43e-04	1.38e-07
 2.04922e+16	9.99e-01	7.88e-04	1.21e-07
 2.06558e+16	9.99e-01	7.36e-04	1.05e-07
 2.08241e+16	9.99e-01	6.86e-04	9.14e-08
 2.09972e+16	9.99e-01	6.39e-04	7.95e-08
 2.11719e+16	9.99e-01	5.95e-04	6.90e-08
 2.13512e+16	9.99e-01	5.53e-04	5.96e-08
 2.15416e+16	9.99e-01	5.11e-04	5.10e-08
 2.17407e+16	1.00e+00	4.72e-04	4.35e-08
 2.19461e+16	1.00e+00	4.34e-04	3.69e-08
 2.21587e+16	1.00e+00	3.99e-04	3.11e-08
 2.23806e+16	1.00e+00	3.65e-04	2.61e-08
 2.26129e+16	1.00e+00	3.33e-04	2.17e-08
 2.28565e+16	1.00e+00	3.02e-04	1.79e-08
 2.31128e+16	1.00e+00	2.73e-04	1.47e-08
 2.33841e+16	1.00e+00	2.46e-04	1.19e-08
 2.36747e+16	1.00e+00	2.20e-04	9.48e-09
 2.39809e+16	1.00e+00	1.95e-04	7.49e-09
 2.43079e+16	1.00e+00	1.72e-04	5.83e-09
 2.46665e+16	1.00e+00	1.50e-04	4.43e-09
 2.50565e+16	1.00e+00	1.29e-04	3.30e-09
 2.54840e+16	1.00e+00	1.10e-04	2.39e-09
 2.59603e+16	1.00e+00	9.22e-05	1.68e-09
 2.64928e+16	1.00e+00	7.57e-05	1.13e-09
 2.71095e+16	1.00e+00	6.03e-05	7.19e-10
 2.77973e+16	1.00e+00	4.72e-05	4.40e-10
 2.84913e+16	1.00e+00	3.70e-05	2.72e-10
 2.91711e+16	1.00e+00	2.93e-05	1.71e-10
 2.98506e+16	1.00e+00	2.33e-05	1.08e-10
 3.05412e+16	1.00e+00	1.85e-05	6.80e-11
 3.12455e+16	1.00e+00	1.47e-05	4.29e-11
 3.19635e+16	1.00e+00	1.16e-05	2.70e-11
 3.26920e+16	1.00e+00	9.23e-06	1.71e-11
 3.34329e+16	1.00e+00	7.33e-06	1.08e-11
 3.41897e+16	1.00e+00	5.82e-06	6.80e-12
 3.49602e+16	1.00e+00	4.62e-06	4.30e-12
 3.57487e+16	1.00e+00	3.67e-06	2.71e-12
 3.65593e+16	1.00e+00	2.90e-06	1.70e-12
 3.73865e+16	1.00e+00	2.30e-06	1.07e-12
 3.82314e+16	1.00e+00	1.82e-06	6.69e-13
 3.90996e+16	1.00e+00	1.44e-06	4.18e-13
 3.99930e+16	1.00e+00	1.13e-06	2.59e-13
 4.09145e+16	1.00e+00	8.88e-07	1.60e-13
 4.18673e+16	1.00e+00	6.95e-07	9.82e-14
 4.28570e+16	1.00e+00	5.41e-07	5.96e-14
 4.38917e+16	1.00e+00	4.19e-07	3.57e-14
 4.49800e+16	1.00e+00	3.22e-07	2.11e-14
 4.61353e+16	1.00e+00	2.44e-07	1.22e-14
 4.73763e+16	1.00e+00	1.83e-07	6.83e-15
 4.87307e+16	1.00e+00	1.34e-07	3.68e-15
 5.02141e+16	1.00e+00	9.65e-08	1.91e-15
 5.17706e+16	1.00e+00	6.91e-08	9.78e-16
 5.33365e+16	1.00e+00	4.98e-08	5.09e-16
 5.49023e+16	1.00e+00	3.62e-08	2.69e-16
 5.64681e+16	1.00e+00	2.65e-08	1.44e-16
 5.80339e+16	1.00e+00	1.96e-08	7.89e-17
 5.95997e+16	1.00e+00	1.45e-08	4.36e-17
 6.11654e+16	1.00e+00	1.09e-08	2.45e-17
 6.27385e+16	1.00e+00	8.20e-09	1.39e-17
 6.43201e+16	1.00e+00	6.21e-09	7.97e-18
 6.58870e+16	1.00e+00	4.74e-09	4.65e-18
 6.74197e+16	1.00e+00	3.66e-09	2.78e-18
 6.89099e+16	1.00e+00	2.87e-09	1.70e-18
 7.03568e+16	1.00e+00	2.27e-09	1.07e-18
 7.17636e+16	1.00e+00	1.82e-09	6.86e-19
 7.31250e+16	1.00e+00	1.47e-09	4.49e-19
 7.44354e+16	1.00e+00	1.20e-09	3.01e-19
 7.56924e+16	1.00e+00	9.95e-10	2.07e-19
 7.68962e+16	1.00e+00	8.32e-10	1.45e-19
 7.80479e+16	1.00e+00	7.03e-10	1.03e-19
 7.91481e+16	1.00e+00	6.00e-10	7.53e-20
 8.01972e+16	1.00e+00	5.17e-10	5.59e-20
 8.11961e+16	1.00e+00	4.49e-10	4.22e-20
 8.21465e+16	1.00e+00	3.93e-10	3.24e-20
 8.30505e+16	1.00e+00	3.47e-10	2.53e-20
 8.39099e+16	1.00e+00	3.08e-10	2.00e-20
 8.47267e+16	1.00e+00	2.76e-10	1.60e-20
 8.55025e+16	1.00e+00	2.49e-10	1.30e-20
 8.62392e+16	1.00e+00	2.25e-10	1.07e-20
 8.69387e+16	1.00e+00	2.05e-10	8.90e-21
 8.76030e+16	1.00e+00	1.88e-10	0.00e+00
 8.82339e+16	1.00e+00	1.73e-10	0.00e+00
 8.88331e+16	1.00e+00	1.60e-10	0.00e+00
 8.94026e+16	1.00e+00	1.49e-10	0.00e+00
 8.99437e+16	1.00e+00	1.39e-10	0.00e+00
 9.04577e+16	1.00e+00	1.30e-10	0.00e+00
 9.09459e+16	1.00e+00	1.22e-10	0.00e+00
 9.14101e+16	1.00e+00	1.15e-10	0.00e+00
 9.18519e+16	1.00e+00	1.09e-10	0.00e+00
 9.22725e+16	1.00e+00	1.03e-10	0.00e+00
 9.26729e+16	1.00e+00	9.83e-11	0.00e+00
 9.30541e+16	1.00e+00	9.37e-11	0.00e+00
 9.34172e+16	1.00e+00	8.96e-11	0.00e+00
 9.37634e+16	1.00e+00	8.58e-11	0.00e+00
 9.40938e+16	1.00e+00	8.23e-11	0.00e+00
 9.44094e+16	1.00e+00	7.92e-11	0.00e+00
 9.47110e+16	1.00e+00	7.63e-11	0.00e+00
 9.49993e+16	1.00e+00	7.37e-11	0.00e+00
 9.52752e+16	1.00e+00	7.12e-11	0.00e+00
 9.55396e+16	1.00e+00	6.90e-11	0.00e+00
 9.57934e+16	1.00e+00	6.68e-11	0.00e+00
 9.60372e+16	1.00e+00	6.49e-11	0.00e+00
 9.62718e+16	1.00e+00	6.31e-11	0.00e+00
 9.64978e+16	1.00e+00	6.14e-11	0.00e+00
 9.67159e+16	1.00e+00	5.98e-11	0.00e+00
 9.69268e+16	1.00e+00	5.83e-11	0.00e+00
 9.71312e+16	1.00e+00	5.68e-11	0.00e+00
 9.73299e+16	1.00e+00	5.55e-11	0.00e+00
 9.75236e+16	1.00e+00	5.42e-11	0.00e+00
 9.77128e+16	1.00e+00	5.30e-11	0.00e+00
 9.78983e+16	1.00e+00	5.18e-11	0.00e+00
 9.80809e+16	1.00e+00	5.07e-11	0.00e+00
 9.82615e+16	1.00e+00	4.96e-11	0.00e+00
 9.84410e+16	1.00e+00	4.86e-11	0.00e+00
 9.86204e+16	1.00e+00	4.75e-11	0.00e+00
 9.88007e+16	1.00e+00	4.66e-11	0.00e+00
 9.89834e+16	1.00e+00	4.55e-11	0.00e+00
 9.91699e+16	1.00e+00	4.45e-11	0.00e+00
 9.93622e+16	1.00e+00	4.35e-11	0.00e+00
 9.95626e+16	1.00e+00	4.25e-11	0.00e+00
 9.97740e+16	1.00e+00	4.14e-11	0.00e+00
 1.00000e+17	1.00e+00	4.03e-11	0.00e+00
 1.00247e+17	1.00e+00	3.92e-11	0.00e+00
 1.00521e+17	1.00e+00	3.79e-11	0.00e+00
 1.00832e+17	1.00e+00	3.65e-11	0.00e+00
 1.01195e+17	1.00e+00	3.50e-11	0.00e+00
 1.01633e+17	1.00e+00	3.32e-11	0.00e+00
 1.02182e+17	1.00e+00	3.11e-11	0.00e+00
 1.02890e+17	1.00e+00	2.85e-11	0.00e+00
 1.03810e+17	1.00e+00	2.56e-11	0.00e+00
 1.05006e+17	1.00e+00	2.23e-11	0.00e+00
 1.06560e+17	1.00e+00	1.86e-11	0.00e+00
 1.08581e+17	1.00e+00	1.48e-11	0.00e+00
 1.11209e+17	1.00e+00	1.11e-11	0.00e+00
 1.14259e+17	1.00e+00	8.01e-12	0.00e+00
 1.17389e+17	1.00e+00	5.82e-12	0.00e+00
 1.20519e+17	1.00e+00	4.27e-12	0.00e+00
 1.23648e+17	1.00e+00	3.17e-12	0.00e+00
 1.26778e+17	1.00e+00	2.38e-12	0.00e+00
 1.29908e+17	1.00e+00	1.81e-12	0.00e+00
 1.33437e+17	1.00e+00	1.34e-12	0.00e+00
 1.37440e+17	1.00e+00	9.75e-13	0.00e+00
 1.41598e+17	1.00e+00	7.17e-13	0.00e+00
 1.45896e+17	1.00e+00	5.36e-13	0.00e+00
 1.50909e+17	1.00e+00	3.95e-13	0.00e+00
 1.56818e+17	1.00e+00	2.79e-13	0.00e+00
 1.63090e+17	1.00e+00	2.03e-13	0.00e+00
 1.69614e+17	1.00e+00	1.55e-13	0.00e+00
 1.76399e+17	1.00e+00	1.21e-13	0.00e+00
 1.83206e+17	1.00e+00	9.71e-14	0.00e+00
 1.89572e+17	1.00e+00	8.22e-14	0.00e+00
 1.95268e+17	1.00e+00	7.37e-14	0.00e+00
 2.00417e+17	1.00e+00	6.78e-14	0.00e+00
 2.05262e+17	1.00e+00	6.21e-14	0.00e+00
 2.09818e+17	1.00e+00	5.59e-14	0.00e+00
 2.13515e+17	1.00e+00	5.08e-14	0.00e+00
 2.15859e+17	1.00e+00	4.90e-14	0.00e+00
 2.17156e+17	1.00e+00	4.89e-14	0.00e+00
 2.17907e+17	1.00e+00	4.89e-14	0.00e+00
 2.18357e+17	1.00e+00	4.89e-14	0.00e+00
 2.18638e+17	1.00e+00	4.89e-14	0.00e+00
 2.18885e+17	1.00e+00	4.89e-14	0.00e+00
 2.19183e+17	1.00e+00	4.88e-14	0.00e+00
 2.19509e+17	1.00e+00	4.87e-14	0.00e+00
 2.19811e+17	1.00e+00	4.85e-14	0.00e+00
 2.20059e+17	1.00e+00	4.84e-14	0.00e+00
 2.20276e+17	1.00e+00	4.83e-14	0.00e+00
 2.20500e+17	1.00e+00	4.81e-14	0.00e+00
 2.20729e+17	1.00e+00	4.80e-14	0.00e+00
 2.20938e+17	1.00e+00	4.78e-14	0.00e+00
 2.21125e+17	1.00e+00	4.76e-14	0.00e+00
 2.21300e+17	1.00e+00	4.75e-14	0.00e+00
 2.21466e+17	1.00e+00	4.73e-14	0.00e+00
 2.21629e+17	1.00e+00	4.72e-14	0.00e+00
 2.21782e+17	1.00e+00	4.70e-14	0.00e+00
 2.21927e+17	1.00e+00	4.68e-14	0.00e+00
 2.22066e+17	1.00e+00	4.67e-14	0.00e+00
 2.22201e+17	1.00e+00	4.66e-14	0.00e+00
 2.22333e+17	1.00e+00	4.64e-14	0.00e+00
 2.22462e+17	1.00e+00	4.62e-14	0.00e+00
 2.22583e+17	1.00e+00	4.61e-14	0.00e+00
 2.22700e+17	1.00e+00	4.60e-14	0.00e+00
 2.22814e+17	1.00e+00	4.58e-14	0.00e+00
 2.22925e+17	1.00e+00	4.57e-14	0.00e+00
 2.23033e+17	1.00e+00	4.55e-14	0.00e+00
 2.23140e+17	1.00e+00	4.54e-14	0.00e+00
 2.23245e+17	1.00e+00	4.52e-14	0.00e+00
 2.23346e+17	1.00e+00	4.51e-14	0.00e+00
 2.23443e+17	1.00e+00	4.50e-14	0.00e+00
 2.23544e+17	1.00e+00	4.48e-14	0.00e+00
 2.23650e+17	1.00e+00	4.46e-14	0.00e+00
 2.23752e+17	1.00e+00	4.45e-14	0.00e+00
 2.23848e+17	1.00e+00	4.44e-14	0.00e+00
 2.23947e+17	1.00e+00	4.42e-14	0.00e+00
 2.24049e+17	1.00e+00	4.40e-14	0.00e+00
 2.24148e+17	1.00e+00	4.38e-14	0.00e+00
 2.24245e+17	1.00e+00	4.37e-14	0.00e+00
 2.24348e+17	1.00e+00	4.35e-14	0.00e+00
 2.24455e+17	1.00e+00	4.33e-14	0.00e+00
 2.24560e+17	1.00e+00	4.31e-14	0.00e+00
 2.24662e+17	1.00e+00	4.30e-14	0.00e+00
 2.24768e+17	1.00e+00	4.28e-14	0.00e+00
 2.24881e+17	1.00e+00	4.25e-14	0.00e+00
 2.24996e+17	1.00e+00	4.23e-14	0.00e+00
 2.25111e+17	1.00e+00	4.21e-14	0.00e+00
 2.25228e+17	1.00e+00	4.19e-14	0.00e+00
 2.25349e+17	1.00e+00	4.16e-14	0.00e+00
 2.25469e+17	1.00e+00	4.14e-14	0.00e+00
 2.25595e+17	1.00e+00	4.12e-14	0.00e+00
 2.25733e+17	1.00e+00	4.09e-14	0.00e+00
 2.25870e+17	1.00e+00	4.06e-14	0.00e+00
 2.25997e+17	1.00e+00	4.04e-14	0.00e+00
 2.26126e+17	1.00e+00	4.01e-14	0.00e+00
 2.26269e+17	1.00e+00	3.98e-14	0.00e+00
 2.26422e+17	1.00e+00	3.95e-14	0.00e+00
 2.26579e+17	1.00e+00	3.92e-14	0.00e+00
 2.26728e+17	1.00e+00	3.88e-14	0.00e+00
 2.26871e+17	1.00e+00	3.86e-14	0.00e+00
 2.27027e+17	1.00e+00	3.82e-14	0.00e+00
 2.27205e+17	1.00e+00	3.79e-14	0.00e+00
 2.27391e+17	1.00e+00	3.75e-14	0.00e+00
 2.27572e+17	1.00e+00	3.71e-14	0.00e+00
 2.27746e+17	1.00e+00	3.67e-14	0.00e+00
 2.27921e+17	1.00e+00	3.63e-14	0.00e+00
 2.28107e+17	1.00e+00	3.59e-14	0.00e+00
 2.28309e+17	1.00e+00	3.55e-14	0.00e+00
 2.28521e+17	1.00e+00	3.50e-14	0.00e+00
 2.28734e+17	1.00e+00	3.45e-14	0.00e+00
 2.28934e+17	1.00e+00	3.41e-14	0.00e+00
 2.29149e+17	1.00e+00	3.36e-14	0.00e+00
 2.29400e+17	1.00e+00	3.31e-14	0.00e+00
 2.29643e+17	1.00e+00	3.25e-14	0.00e+00
 2.29874e+17	1.00e+00	3.20e-14	0.00e+00
 2.30114e+17	1.00e+00	3.15e-14	0.00e+00
 2.30378e+17	1.00e+00	3.09e-14	0.00e+00
 2.30655e+17	1.00e+00	3.04e-14	0.00e+00
 2.30929e+17	1.00e+00	2.97e-14	0.00e+00
 2.31200e+17	1.00e+00	2.91e-14	0.00e+00
 2.31475e+17	1.00e+00	2.85e-14	0.00e+00
 2.31766e+17	1.00e+00	2.80e-14	0.00e+00
 2.32076e+17	1.00e+00	2.73e-14	0.00e+00
 2.32395e+17	1.00e+00	2.66e-14	0.00e+00
 2.32710e+17	1.00e+00	2.59e-14	0.00e+00
 2.33023e+17	1.00e+00	2.53e-14	0.00e+00
 2.33352e+17	1.00e+00	2.46e-14	0.00e+00
 2.33702e+17	1.00e+00	2.39e-14	0.00e+00
 2.34059e+17	1.00e+00	2.32e-14	0.00e+00
 2.34418e+17	1.00e+00	2.25e-14	0.00e+00
 2.34781e+17	1.00e+00	2.18e-14	0.00e+00
 2.35158e+17	1.00e+00	2.11e-14	0.00e+00
 2.35548e+17	1.00e+00	2.03e-14	0.00e+00
 2.35948e+17	1.00e+00	1.96e-14	0.00e+00
 2.36362e+17	1.00e+00	1.88e-14	0.00e+00
 2.36777e+17	1.00e+00	1.81e-14	0.00e+00
 2.37199e+17	1.00e+00	1.74e-14	0.00e+00
 2.37643e+17	1.00e+00	1.66e-14	0.00e+00
 2.38098e+17	1.00e+00	1.58e-14	0.00e+00
 2.38550e+17	1.00e+00	1.51e-14	0.00e+00
 2.39031e+17	1.00e+00	1.44e-14	0.00e+00
 2.39540e+17	1.00e+00	1.37e-14	0.00e+00
 2.40062e+17	1.00e+00	1.29e-14	0.00e+00
 2.40590e+17	1.00e+00	1.22e-14	0.00e+00
 2.41120e+17	1.00e+00	1.14e-14	0.00e+00
 2.41666e+17	1.00e+00	1.08e-14	0.00e+00
 2.42247e+17	1.00e+00	1.01e-14	0.00e+00
 2.42869e+17	1.00e+00	9.36e-15	0.00e+00
 2.43496e+17	1.00e+00	8.68e-15	0.00e+00
 2.44104e+17	1.00e+00	8.04e-15	0.00e+00
 2.44659e+17	1.00e+00	7.47e-15	0.00e+00
 2.45153e+17	1.00e+00	6.98e-15	0.00e+00
 2.45606e+17	1.00e+00	6.58e-15	0.00e+00
 2.46042e+17	1.00e+00	6.21e-15	0.00e+00
 2.46472e+17	1.00e+00	5.86e-15	0.00e+00
 2.46887e+17	1.00e+00	5.53e-15	0.00e+00
 2.47278e+17	1.00e+00	5.23e-15	0.00e+00
 2.47645e+17	1.00e+00	4.96e-15	0.00e+00
 2.47995e+17	1.00e+00	4.71e-15	0.00e+00
 2.48332e+17	1.00e+00	4.48e-15	0.00e+00
 2.48657e+17	1.00e+00	4.26e-15	0.00e+00
 2.48968e+17	1.00e+00	4.06e-15	0.00e+00
 2.49264e+17	1.00e+00	3.87e-15	0.00e+00
 2.49545e+17	1.00e+00	3.70e-15	0.00e+00
 2.49814e+17	1.00e+00	3.53e-15	0.00e+00
 2.50074e+17	1.00e+00	3.39e-15	0.00e+00
 2.50323e+17	1.00e+00	3.24e-15	0.00e+00
 2.50560e+17	1.00e+00	3.11e-15	0.00e+00
 2.50787e+17	1.00e+00	2.99e-15	0.00e+00
 2.51007e+17	1.00e+00	2.88e-15	0.00e+00
 2.51223e+17	1.00e+00	2.77e-15	0.00e+00
 2.51431e+17	1.00e+00	2.67e-15	0.00e+00
 2.51632e+17	1.00e+00	2.57e-15	0.00e+00
 2.51827e+17	1.00e+00	2.48e-15	0.00e+00
 2.52017e+17	1.00e+00	2.40e-15	0.00e+00
 2.52202e+17	1.00e+00	2.32e-15	0.00e+00
 2.52384e+17	1.00e+00	2.24e-15	0.00e+00
 2.52561e+17	1.00e+00	2.17e-15	0.00e+00
 2.52734e+17	1.00e+00	2.10e-15	0.00e+00
 2.52904e+17	1.00e+00	2.03e-15	0.00e+00
 2.53070e+17	1.00e+00	1.97e-15	0.00e+00
 2.53261e+17	1.00e+00	1.91e-15	0.00e+00
 2.53508e+17	1.00e+00	1.83e-15	0.00e+00
 2.53829e+17	1.00e+00	1.73e-15	0.00e+00
 2.54247e+17	1.00e+00	1.62e-15	0.00e+00
 2.54791e+17	1.00e+00	1.47e-15	0.00e+00
 2.55497e+17	1.00e+00	1.31e-15	0.00e+00
 2.56283e+17	1.00e+00	1.12e-15	0.00e+00
 2.56980e+17	1.00e+00	9.62e-16	0.00e+00
 2.57542e+17	1.00e+00	8.53e-16	0.00e+00
 2.58037e+17	1.00e+00	7.73e-16	0.00e+00
 2.58553e+17	1.00e+00	7.03e-16	0.00e+00
 2.59129e+17	1.00e+00	6.32e-16	0.00e+00
 2.59738e+17	1.00e+00	5.61e-16	0.00e+00
 2.60328e+17	1.00e+00	4.99e-16	0.00e+00
 2.60886e+17	1.00e+00	4.47e-16	0.00e+00
 2.61442e+17	1.00e+00	4.02e-16	0.00e+00
 2.62027e+17	1.00e+00	3.61e-16	0.00e+00
 2.62653e+17	1.00e+00	3.22e-16	0.00e+00
 2.63311e+17	1.00e+00	2.85e-16	0.00e+00
 2.63995e+17	1.00e+00	2.51e-16	0.00e+00
 2.64715e+17	1.00e+00	2.21e-16	0.00e+00
 2.65506e+17	1.00e+00	1.92e-16	0.00e+00
 2.66411e+17	1.00e+00	1.65e-16	0.00e+00
 2.67486e+17	1.00e+00	1.39e-16	0.00e+00
 2.68828e+17	1.00e+00	1.13e-16	0.00e+00
 2.70559e+17	1.00e+00	8.71e-17	0.00e+00
 2.72810e+17	1.00e+00	6.31e-17	0.00e+00
 2.75735e+17	1.00e+00	4.25e-17	0.00e+00
 2.79539e+17	1.00e+00	2.66e-17	0.00e+00
 2.84484e+17	1.00e+00	1.55e-17	0.00e+00
 2.90912e+17	1.00e+00	8.37e-18	0.00e+00
 2.99269e+17	1.00e+00	4.32e-18	0.00e+00
 3.10072e+17	1.00e+00	1.95e-18	0.00e+00
 3.22475e+17	1.00e+00	8.65e-19	0.00e+00
 3.34454e+17	1.00e+00	4.05e-19	0.00e+00
 3.44856e+17	1.00e+00	2.13e-19	0.00e+00
 3.53835e+17	1.00e+00	1.23e-19	0.00e+00
 3.62290e+17	1.00e+00	7.30e-20	0.00e+00
 3.72001e+17	1.00e+00	3.99e-20	0.00e+00
 3.82302e+17	1.00e+00	2.13e-20	0.00e+00
 3.90543e+17	1.00e+00	1.30e-20	0.00e+00
 3.96768e+17	1.00e+00	8.93e-21	0.00e+00
 4.03200e+17	1.00e+00	5.97e-21	0.00e+00
 4.10604e+17	1.00e+00	3.78e-21	0.00e+00
 4.17580e+17	1.00e+00	2.45e-21	0.00e+00
 4.23571e+17	1.00e+00	1.68e-21	0.00e+00
 4.29972e+17	1.00e+00	1.10e-21	0.00e+00
 4.38293e+17	1.00e+00	6.37e-22	0.00e+00
 4.49111e+17	1.00e+00	3.07e-22	0.00e+00
 4.60076e+17	1.00e+00	1.40e-22	0.00e+00
 4.67386e+17	1.00e+00	7.91e-23	0.00e+00
 4.71095e+17	1.00e+00	5.74e-23	0.00e+00
 4.73004e+17	1.00e+00	4.82e-23	0.00e+00
 4.74061e+17	1.00e+00	4.40e-23	0.00e+00
 4.74695e+17	1.00e+00	4.52e-23	0.00e+00
 4.75075e+17	1.00e+00	5.57e-23	0.00e+00
 4.75334e+17	1.00e+00	7.07e-23	0.00e+00
 4.75600e+17	1.00e+00	7.77e-23	0.00e+00
