#depth	O	O+	O+2	O+3	O+4	O+5	O+6	O+7	O+8	O[1]	O[2]	O[3]
 1.49634e+10	0.00e+00	0.00e+00	5.76e-32	3.68e-23	3.43e-15	4.25e-08	1.00e+00	0.00e+00	0.00e+00	0.00e+00	0.00e+00	0.00e+00
 4.54887e+10	0.00e+00	1.66e-41	7.97e-32	4.70e-23	4.05e-15	4.62e-08	1.00e+00	1.68e-07	0.00e+00	0.00e+00	0.00e+00	0.00e+00
 7.72350e+10	0.00e+00	0.00e+00	1.10e-31	6.01e-23	4.78e-15	5.02e-08	1.00e+00	0.00e+00	0.00e+00	0.00e+00	0.00e+00	0.00e+00
 1.10251e+11	0.00e+00	3.73e-41	1.53e-31	7.68e-23	5.64e-15	5.46e-08	1.00e+00	0.00e+00	0.00e+00	0.00e+00	0.00e+00	0.00e+00
 1.42041e+11	0.00e+00	0.00e+00	2.07e-31	9.66e-23	6.58e-15	5.90e-08	1.00e+00	0.00e+00	0.00e+00	0.00e+00	0.00e+00	0.00e+00
 1.71687e+11	0.00e+00	7.64e-41	2.71e-31	1.19e-22	7.56e-15	6.33e-08	1.00e+00	0.00e+00	0.00e+00	0.00e+00	0.00e+00	0.00e+00
 2.05066e+11	0.00e+00	0.00e+00	3.66e-31	1.49e-22	8.80e-15	6.83e-08	1.00e+00	0.00e+00	0.00e+00	0.00e+00	0.00e+00	0.00e+00
 2.43195e+11	0.00e+00	1.66e-40	5.08e-31	1.91e-22	1.04e-14	7.44e-08	1.00e+00	0.00e+00	0.00e+00	0.00e+00	0.00e+00	0.00e+00
 2.81201e+11	0.00e+00	0.00e+00	6.96e-31	2.42e-22	1.22e-14	8.07e-08	1.00e+00	0.00e+00	0.00e+00	0.00e+00	0.00e+00	0.00e+00
 3.20727e+11	0.00e+00	3.65e-40	9.54e-31	3.08e-22	1.44e-14	8.76e-08	1.00e+00	0.00e+00	0.00e+00	0.00e+00	0.00e+00	0.00e+00
 3.63483e+11	0.00e+00	0.00e+00	1.33e-30	3.95e-22	1.71e-14	9.55e-08	1.00e+00	0.00e+00	0.00e+00	0.00e+00	0.00e+00	0.00e+00
 4.07949e+11	0.00e+00	8.29e-40	1.85e-30	5.08e-22	2.02e-14	1.04e-07	1.00e+00	0.00e+00	0.00e+00	0.00e+00	0.00e+00	0.00e+00
 4.49863e+11	0.00e+00	0.00e+00	2.49e-30	6.37e-22	2.36e-14	1.13e-07	1.00e+00	0.00e+00	0.00e+00	0.00e+00	0.00e+00	0.00e+00
 4.87555e+11	0.00e+00	1.66e-39	3.24e-30	7.77e-22	2.70e-14	1.21e-07	1.00e+00	0.00e+00	0.00e+00	0.00e+00	0.00e+00	0.00e+00
 5.29982e+11	0.00e+00	0.00e+00	4.31e-30	9.67e-22	3.14e-14	1.30e-07	1.00e+00	0.00e+00	0.00e+00	0.00e+00	0.00e+00	0.00e+00
 5.80004e+11	0.00e+00	3.55e-39	5.96e-30	1.24e-21	3.71e-14	1.42e-07	1.00e+00	0.00e+00	0.00e+00	0.00e+00	0.00e+00	0.00e+00
 6.29994e+11	0.00e+00	0.00e+00	8.17e-30	1.57e-21	4.37e-14	1.54e-07	1.00e+00	0.00e+00	0.00e+00	0.00e+00	0.00e+00	0.00e+00
 6.76875e+11	0.00e+00	7.45e-39	1.09e-29	1.95e-21	5.07e-14	1.66e-07	1.00e+00	0.00e+00	0.00e+00	0.00e+00	0.00e+00	0.00e+00
 7.28769e+11	0.00e+00	0.00e+00	1.47e-29	2.47e-21	5.94e-14	1.80e-07	1.00e+00	0.00e+00	0.00e+00	0.00e+00	0.00e+00	0.00e+00
 7.87847e+11	0.00e+00	1.64e-38	2.05e-29	3.18e-21	7.07e-14	1.97e-07	1.00e+00	0.00e+00	0.00e+00	0.00e+00	0.00e+00	0.00e+00
 8.46454e+11	0.00e+00	0.00e+00	2.83e-29	4.06e-21	8.38e-14	2.15e-07	1.00e+00	0.00e+00	0.00e+00	0.00e+00	0.00e+00	0.00e+00
 9.03282e+11	0.00e+00	3.52e-38	3.81e-29	5.11e-21	9.81e-14	2.33e-07	1.00e+00	0.00e+00	0.00e+00	0.00e+00	0.00e+00	0.00e+00
 9.65218e+11	0.00e+00	0.00e+00	5.22e-29	6.50e-21	1.16e-13	2.54e-07	1.00e+00	0.00e+00	0.00e+00	0.00e+00	0.00e+00	0.00e+00
 1.03375e+12	0.00e+00	7.85e-38	7.30e-29	8.41e-21	1.39e-13	2.78e-07	1.00e+00	0.00e+00	0.00e+00	0.00e+00	0.00e+00	0.00e+00
 1.10345e+12	0.00e+00	0.00e+00	1.01e-28	1.08e-20	1.65e-13	3.04e-07	1.00e+00	0.00e+00	0.00e+00	0.00e+00	0.00e+00	0.00e+00
 1.17149e+12	0.00e+00	1.72e-37	1.38e-28	1.37e-20	1.95e-13	3.31e-07	1.00e+00	0.00e+00	0.00e+00	0.00e+00	0.00e+00	0.00e+00
 1.24384e+12	0.00e+00	0.00e+00	1.89e-28	1.75e-20	2.31e-13	3.62e-07	1.00e+00	0.00e+00	0.00e+00	0.00e+00	0.00e+00	0.00e+00
 1.32352e+12	0.00e+00	3.81e-37	2.64e-28	2.27e-20	2.76e-13	3.97e-07	1.00e+00	0.00e+00	0.00e+00	0.00e+00	0.00e+00	0.00e+00
 1.40466e+12	0.00e+00	0.00e+00	3.66e-28	2.92e-20	3.30e-13	4.36e-07	1.00e+00	0.00e+00	0.00e+00	0.00e+00	0.00e+00	0.00e+00
 1.48905e+12	0.00e+00	8.50e-37	5.08e-28	3.76e-20	3.94e-13	4.78e-07	1.00e+00	0.00e+00	0.00e+00	0.00e+00	0.00e+00	0.00e+00
 1.57854e+12	0.00e+00	0.00e+00	7.08e-28	4.87e-20	4.73e-13	5.26e-07	1.00e+00	0.00e+00	0.00e+00	0.00e+00	0.00e+00	0.00e+00
 1.67161e+12	0.00e+00	1.91e-36	9.86e-28	6.31e-20	5.68e-13	5.79e-07	1.00e+00	0.00e+00	0.00e+00	0.00e+00	0.00e+00	0.00e+00
 1.75575e+12	9.02e-46	2.72e-36	1.32e-27	7.90e-20	6.66e-13	6.30e-07	1.00e+00	0.00e+00	0.00e+00	0.00e+00	0.00e+00	0.00e+00
 1.82582e+12	0.00e+00	0.00e+00	1.66e-27	9.47e-20	7.58e-13	6.74e-07	1.00e+00	0.00e+00	0.00e+00	0.00e+00	0.00e+00	0.00e+00
 1.90256e+12	0.00e+00	4.86e-36	2.12e-27	1.15e-19	8.69e-13	7.24e-07	1.00e+00	0.00e+00	0.00e+00	0.00e+00	0.00e+00	0.00e+00
 1.99982e+12	2.79e-45	7.00e-36	2.87e-27	1.45e-19	1.03e-12	7.92e-07	1.00e+00	0.00e+00	0.00e+00	0.00e+00	0.00e+00	0.00e+00
 2.10128e+12	0.00e+00	0.00e+00	3.87e-27	1.84e-19	1.22e-12	8.67e-07	1.00e+00	0.00e+00	0.00e+00	0.00e+00	0.00e+00	0.00e+00
 2.19108e+12	0.00e+00	1.37e-35	5.01e-27	2.25e-19	1.41e-12	9.36e-07	1.00e+00	0.00e+00	0.00e+00	0.00e+00	0.00e+00	0.00e+00
 2.27497e+12	8.69e-45	1.82e-35	6.31e-27	2.70e-19	1.61e-12	1.00e-06	1.00e+00	0.00e+00	0.00e+00	0.00e+00	0.00e+00	0.00e+00
 2.37075e+12	0.00e+00	0.00e+00	8.15e-27	3.31e-19	1.86e-12	1.08e-06	1.00e+00	0.00e+00	0.00e+00	0.00e+00	0.00e+00	0.00e+00
 2.48836e+12	0.00e+00	3.56e-35	1.10e-26	4.20e-19	2.20e-12	1.19e-06	1.00e+00	0.00e+00	0.00e+00	0.00e+00	0.00e+00	0.00e+00
 2.60546e+12	2.91e-44	5.03e-35	1.47e-26	5.28e-19	2.60e-12	1.30e-06	1.00e+00	0.00e+00	0.00e+00	0.00e+00	0.00e+00	0.00e+00
 2.70733e+12	0.00e+00	6.72e-35	1.87e-26	6.39e-19	2.98e-12	1.40e-06	1.00e+00	0.00e+00	0.00e+00	0.00e+00	0.00e+00	0.00e+00
 2.81822e+12	5.88e-44	9.11e-35	2.41e-26	7.81e-19	3.45e-12	1.51e-06	1.00e+00	0.00e+00	0.00e+00	0.00e+00	0.00e+00	0.00e+00
 2.95349e+12	0.00e+00	1.30e-34	3.24e-26	9.89e-19	4.09e-12	1.66e-06	1.00e+00	0.00e+00	0.00e+00	0.00e+00	0.00e+00	0.00e+00
 3.09158e+12	1.35e-43	1.84e-34	4.33e-26	1.25e-18	4.84e-12	1.82e-06	1.00e+00	0.00e+00	0.00e+00	0.00e+00	0.00e+00	0.00e+00
 3.21857e+12	0.00e+00	2.50e-34	5.60e-26	1.53e-18	5.61e-12	1.97e-06	1.00e+00	0.00e+00	0.00e+00	0.00e+00	0.00e+00	0.00e+00
 3.35997e+12	2.87e-43	3.47e-34	7.37e-26	1.90e-18	6.57e-12	2.15e-06	1.00e+00	0.00e+00	0.00e+00	0.00e+00	0.00e+00	0.00e+00
 3.52366e+12	0.00e+00	5.00e-34	9.99e-26	2.43e-18	7.83e-12	2.36e-06	1.00e+00	0.00e+00	0.00e+00	0.00e+00	0.00e+00	0.00e+00
 3.68484e+12	6.61e-43	7.05e-34	1.33e-25	3.05e-18	9.24e-12	2.58e-06	1.00e+00	0.00e+00	0.00e+00	0.00e+00	0.00e+00	0.00e+00
 3.83929e+12	0.00e+00	9.68e-34	1.74e-25	3.77e-18	1.08e-11	2.81e-06	1.00e+00	0.00e+00	0.00e+00	0.00e+00	0.00e+00	0.00e+00
 4.00961e+12	1.43e-42	1.35e-33	2.30e-25	4.72e-18	1.26e-11	3.06e-06	1.00e+00	0.00e+00	0.00e+00	0.00e+00	0.00e+00	0.00e+00
 4.19992e+12	0.00e+00	1.94e-33	3.11e-25	6.00e-18	1.50e-11	3.37e-06	1.00e+00	0.00e+00	0.00e+00	0.00e+00	0.00e+00	0.00e+00
 4.37300e+12	3.15e-42	2.66e-33	4.04e-25	7.40e-18	1.75e-11	3.65e-06	1.00e+00	0.00e+00	0.00e+00	0.00e+00	0.00e+00	0.00e+00
 4.51876e+12	0.00e+00	3.44e-33	5.01e-25	8.78e-18	1.97e-11	3.90e-06	1.00e+00	0.00e+00	0.00e+00	0.00e+00	0.00e+00	0.00e+00
 4.67910e+12	5.89e-42	4.52e-33	6.30e-25	1.05e-17	2.25e-11	4.19e-06	1.00e+00	0.00e+00	0.00e+00	0.00e+00	0.00e+00	0.00e+00
 4.86014e+12	0.00e+00	6.09e-33	8.09e-25	1.29e-17	2.59e-11	4.53e-06	1.00e+00	0.00e+00	0.00e+00	0.00e+00	0.00e+00	0.00e+00
 5.03357e+12	1.16e-41	8.03e-33	1.02e-24	1.55e-17	2.95e-11	4.86e-06	1.00e+00	0.00e+00	0.00e+00	0.00e+00	0.00e+00	0.00e+00
 5.22448e+12	0.00e+00	1.08e-32	1.31e-24	1.88e-17	3.39e-11	5.24e-06	1.00e+00	0.00e+00	0.00e+00	0.00e+00	0.00e+00	0.00e+00
 5.43655e+12	2.38e-41	1.48e-32	1.70e-24	2.32e-17	3.94e-11	5.69e-06	1.00e+00	0.00e+00	0.00e+00	0.00e+00	0.00e+00	0.00e+00
 5.63529e+12	0.00e+00	1.97e-32	2.16e-24	2.81e-17	4.51e-11	6.12e-06	1.00e+00	0.00e+00	0.00e+00	0.00e+00	0.00e+00	0.00e+00
 5.85282e+12	4.77e-41	2.68e-32	2.79e-24	3.44e-17	5.20e-11	6.61e-06	1.00e+00	0.00e+00	0.00e+00	0.00e+00	0.00e+00	0.00e+00
 6.09751e+12	0.00e+00	3.72e-32	3.67e-24	4.28e-17	6.06e-11	7.19e-06	1.00e+00	0.00e+00	0.00e+00	0.00e+00	0.00e+00	0.00e+00
 6.33132e+12	1.01e-40	5.05e-32	4.74e-24	5.23e-17	6.99e-11	7.76e-06	1.00e+00	0.00e+00	0.00e+00	0.00e+00	0.00e+00	0.00e+00
 6.54778e+12	0.00e+00	6.63e-32	5.95e-24	6.27e-17	7.93e-11	8.32e-06	1.00e+00	0.00e+00	0.00e+00	0.00e+00	0.00e+00	0.00e+00
 6.78786e+12	1.96e-40	8.91e-32	7.60e-24	7.61e-17	9.08e-11	8.95e-06	1.00e+00	0.00e+00	0.00e+00	0.00e+00	0.00e+00	0.00e+00
 7.05693e+12	0.00e+00	1.23e-31	9.92e-24	9.38e-17	1.05e-10	9.69e-06	1.00e+00	0.00e+00	0.00e+00	0.00e+00	0.00e+00	0.00e+00
 7.31115e+12	4.02e-40	1.64e-31	1.26e-23	1.14e-16	1.20e-10	1.04e-05	1.00e+00	0.00e+00	0.00e+00	0.00e+00	0.00e+00	0.00e+00
 7.58909e+12	0.00e+00	2.23e-31	1.64e-23	1.39e-16	1.38e-10	1.12e-05	1.00e+00	0.00e+00	0.00e+00	0.00e+00	0.00e+00	0.00e+00
 7.89660e+12	8.53e-40	3.11e-31	2.15e-23	1.73e-16	1.61e-10	1.22e-05	1.00e+00	0.00e+00	0.00e+00	0.00e+00	0.00e+00	0.00e+00
 8.18198e+12	0.00e+00	4.18e-31	2.75e-23	2.10e-16	1.84e-10	1.31e-05	1.00e+00	0.00e+00	0.00e+00	0.00e+00	0.00e+00	0.00e+00
 8.49241e+12	1.75e-39	5.72e-31	3.57e-23	2.57e-16	2.12e-10	1.41e-05	1.00e+00	0.00e+00	0.00e+00	0.00e+00	0.00e+00	0.00e+00
 8.83953e+12	0.00e+00	8.01e-31	4.72e-23	3.20e-16	2.47e-10	1.54e-05	1.00e+00	0.00e+00	0.00e+00	0.00e+00	0.00e+00	0.00e+00
 9.16717e+12	3.73e-39	1.09e-30	6.09e-23	3.92e-16	2.84e-10	1.65e-05	1.00e+00	0.00e+00	0.00e+00	0.00e+00	0.00e+00	0.00e+00
 9.52457e+12	0.00e+00	1.51e-30	7.98e-23	4.84e-16	3.28e-10	1.79e-05	1.00e+00	0.00e+00	0.00e+00	0.00e+00	0.00e+00	0.00e+00
 9.92292e+12	8.25e-39	2.14e-30	1.07e-22	6.07e-16	3.84e-10	1.94e-05	1.00e+00	0.00e+00	0.00e+00	0.00e+00	0.00e+00	0.00e+00
 1.02999e+13	0.00e+00	2.94e-30	1.39e-22	7.46e-16	4.43e-10	2.10e-05	1.00e+00	0.00e+00	0.00e+00	0.00e+00	0.00e+00	0.00e+00
 1.07046e+13	1.78e-38	4.11e-30	1.83e-22	9.25e-16	5.13e-10	2.27e-05	1.00e+00	0.00e+00	0.00e+00	0.00e+00	0.00e+00	0.00e+00
 1.11627e+13	0.00e+00	5.90e-30	2.47e-22	1.17e-15	6.02e-10	2.47e-05	1.00e+00	0.00e+00	0.00e+00	0.00e+00	0.00e+00	0.00e+00
 1.16145e+13	4.11e-38	8.34e-30	3.28e-22	1.46e-15	7.01e-10	2.68e-05	1.00e+00	0.00e+00	0.00e+00	0.00e+00	0.00e+00	0.00e+00
 1.20843e+13	0.00e+00	1.18e-29	4.37e-22	1.82e-15	8.16e-10	2.90e-05	1.00e+00	0.00e+00	0.00e+00	0.00e+00	0.00e+00	0.00e+00
 1.25976e+13	9.51e-38	1.70e-29	5.90e-22	2.30e-15	9.57e-10	3.16e-05	1.00e+00	0.00e+00	0.00e+00	0.00e+00	0.00e+00	0.00e+00
 1.31206e+13	0.00e+00	2.44e-29	7.93e-22	2.89e-15	1.12e-09	3.43e-05	1.00e+00	0.00e+00	0.00e+00	0.00e+00	0.00e+00	0.00e+00
 1.36645e+13	2.23e-37	3.49e-29	1.07e-21	3.64e-15	1.31e-09	3.73e-05	1.00e+00	0.00e+00	0.00e+00	0.00e+00	0.00e+00	0.00e+00
 1.42126e+13	0.00e+00	4.96e-29	1.42e-21	4.55e-15	1.52e-09	4.04e-05	1.00e+00	0.00e+00	0.00e+00	0.00e+00	0.00e+00	0.00e+00
 1.47223e+13	4.90e-37	6.80e-29	1.84e-21	5.56e-15	1.74e-09	4.34e-05	1.00e+00	0.00e+00	0.00e+00	0.00e+00	0.00e+00	0.00e+00
 1.52807e+13	0.00e+00	9.51e-29	2.42e-21	6.86e-15	2.01e-09	4.67e-05	1.00e+00	0.00e+00	0.00e+00	0.00e+00	0.00e+00	0.00e+00
 1.58528e+13	1.08e-36	1.32e-28	3.18e-21	8.46e-15	2.32e-09	5.03e-05	1.00e+00	0.00e+00	0.00e+00	0.00e+00	0.00e+00	0.00e+00
 1.63287e+13	0.00e+00	1.73e-28	3.96e-21	1.00e-14	2.60e-09	5.34e-05	1.00e+00	0.00e+00	0.00e+00	0.00e+00	0.00e+00	0.00e+00
 1.68302e+13	2.06e-36	2.28e-28	4.96e-21	1.19e-14	2.92e-09	5.68e-05	1.00e+00	0.00e+00	0.00e+00	0.00e+00	0.00e+00	0.00e+00
 1.74708e+13	0.00e+00	3.21e-28	6.55e-21	1.47e-14	3.37e-09	6.12e-05	1.00e+00	0.00e+00	0.00e+00	0.00e+00	0.00e+00	0.00e+00
 1.81416e+13	4.65e-36	4.54e-28	8.67e-21	1.83e-14	3.90e-09	6.60e-05	1.00e+00	0.00e+00	0.00e+00	0.00e+00	0.00e+00	0.00e+00
 1.87334e+13	0.00e+00	6.11e-28	1.10e-20	2.20e-14	4.42e-09	7.04e-05	1.00e+00	0.00e+00	0.00e+00	0.00e+00	0.00e+00	0.00e+00
 1.93733e+13	9.59e-36	8.34e-28	1.42e-20	2.67e-14	5.03e-09	7.53e-05	1.00e+00	0.00e+00	0.00e+00	0.00e+00	0.00e+00	0.00e+00
 2.00900e+13	0.00e+00	1.17e-27	1.87e-20	3.29e-14	5.79e-09	8.10e-05	1.00e+00	0.00e+00	0.00e+00	0.00e+00	0.00e+00	0.00e+00
 2.07652e+13	2.07e-35	1.59e-27	2.40e-20	3.98e-14	6.59e-09	8.65e-05	1.00e+00	0.00e+00	0.00e+00	0.00e+00	0.00e+00	0.00e+00
 2.15017e+13	0.00e+00	2.21e-27	3.13e-20	4.87e-14	7.54e-09	9.27e-05	1.00e+00	0.00e+00	0.00e+00	0.00e+00	0.00e+00	0.00e+00
 2.23182e+13	4.63e-35	3.13e-27	4.15e-20	6.04e-14	8.72e-09	9.98e-05	1.00e+00	0.00e+00	0.00e+00	0.00e+00	0.00e+00	0.00e+00
 2.30765e+13	6.75e-35	4.29e-27	5.36e-20	7.33e-14	9.92e-09	1.07e-04	1.00e+00	0.00e+00	0.00e+00	0.00e+00	0.00e+00	0.00e+00
 2.38999e+13	1.00e-34	5.99e-27	7.01e-20	8.98e-14	1.14e-08	1.14e-04	1.00e+00	0.00e+00	0.00e+00	0.00e+00	0.00e+00	0.00e+00
 2.48212e+13	1.54e-34	8.56e-27	9.36e-20	1.12e-13	1.32e-08	1.23e-04	1.00e+00	0.00e+00	0.00e+00	0.00e+00	0.00e+00	0.00e+00
 2.56899e+13	2.28e-34	1.19e-26	1.22e-19	1.37e-13	1.51e-08	1.32e-04	1.00e+00	0.00e+00	0.00e+00	0.00e+00	0.00e+00	0.00e+00
 2.66396e+13	3.45e-34	1.68e-26	1.61e-19	1.69e-13	1.74e-08	1.42e-04	1.00e+00	0.00e+00	0.00e+00	0.00e+00	0.00e+00	0.00e+00
 2.76995e+13	5.38e-34	2.44e-26	2.18e-19	2.12e-13	2.02e-08	1.53e-04	1.00e+00	0.00e+00	0.00e+00	0.00e+00	0.00e+00	0.00e+00
 2.86974e+13	8.08e-34	3.43e-26	2.86e-19	2.61e-13	2.32e-08	1.64e-04	1.00e+00	0.00e+00	0.00e+00	0.00e+00	0.00e+00	0.00e+00
 2.97704e+13	1.23e-33	4.89e-26	3.81e-19	3.23e-13	2.68e-08	1.77e-04	1.00e+00	0.00e+00	0.00e+00	0.00e+00	0.00e+00	0.00e+00
 3.09912e+13	1.96e-33	7.19e-26	5.19e-19	4.08e-13	3.13e-08	1.91e-04	1.00e+00	0.00e+00	0.00e+00	0.00e+00	0.00e+00	0.00e+00
 3.21863e+13	3.03e-33	1.04e-25	6.97e-19	5.09e-13	3.63e-08	2.06e-04	1.00e+00	0.00e+00	0.00e+00	0.00e+00	0.00e+00	0.00e+00
 3.34293e+13	4.71e-33	1.50e-25	9.35e-19	6.36e-13	4.21e-08	2.22e-04	1.00e+00	0.00e+00	0.00e+00	0.00e+00	0.00e+00	0.00e+00
 3.47964e+13	7.48e-33	2.20e-25	1.28e-18	8.04e-13	4.93e-08	2.40e-04	1.00e+00	0.00e+00	0.00e+00	0.00e+00	0.00e+00	0.00e+00
 3.61766e+13	1.17e-32	3.21e-25	1.73e-18	1.01e-12	5.74e-08	2.59e-04	1.00e+00	0.00e+00	0.00e+00	0.00e+00	0.00e+00	0.00e+00
 3.76119e+13	1.84e-32	4.68e-25	2.34e-18	1.27e-12	6.69e-08	2.80e-04	1.00e+00	0.00e+00	0.00e+00	0.00e+00	0.00e+00	0.00e+00
 3.90561e+13	2.85e-32	6.75e-25	3.14e-18	1.58e-12	7.75e-08	3.02e-04	1.00e+00	0.00e+00	0.00e+00	0.00e+00	0.00e+00	0.00e+00
 4.04167e+13	4.25e-32	9.41e-25	4.10e-18	1.94e-12	8.87e-08	3.23e-04	1.00e+00	0.00e+00	0.00e+00	0.00e+00	0.00e+00	0.00e+00
 4.19219e+13	6.49e-32	1.34e-24	5.45e-18	2.40e-12	1.02e-07	3.47e-04	1.00e+00	0.00e+00	0.00e+00	0.00e+00	0.00e+00	0.00e+00
 4.34296e+13	9.77e-32	1.89e-24	7.18e-18	2.96e-12	1.18e-07	3.73e-04	1.00e+00	0.00e+00	0.00e+00	0.00e+00	0.00e+00	0.00e+00
 4.46691e+13	1.36e-31	2.48e-24	8.94e-18	3.49e-12	1.31e-07	3.94e-04	1.00e+00	0.00e+00	0.00e+00	0.00e+00	0.00e+00	0.00e+00
 4.59763e+13	1.89e-31	3.28e-24	1.12e-17	4.14e-12	1.47e-07	4.18e-04	1.00e+00	0.00e+00	0.00e+00	0.00e+00	0.00e+00	0.00e+00
 4.76644e+13	2.87e-31	4.65e-24	1.48e-17	5.12e-12	1.70e-07	4.49e-04	1.00e+00	0.00e+00	0.00e+00	0.00e+00	0.00e+00	0.00e+00
 4.94446e+13	4.38e-31	6.62e-24	1.97e-17	6.35e-12	1.96e-07	4.83e-04	1.00e+00	0.00e+00	0.00e+00	0.00e+00	0.00e+00	0.00e+00
 5.10053e+13	6.34e-31	9.04e-24	2.54e-17	7.63e-12	2.22e-07	5.14e-04	9.99e-01	0.00e+00	0.00e+00	0.00e+00	0.00e+00	0.00e+00
 5.26837e+13	9.11e-31	1.22e-23	3.24e-17	9.23e-12	2.52e-07	5.49e-04	9.99e-01	0.00e+00	0.00e+00	0.00e+00	0.00e+00	0.00e+00
 5.47199e+13	1.41e-30	1.76e-23	4.35e-17	1.15e-11	2.93e-07	5.92e-04	9.99e-01	0.00e+00	0.00e+00	0.00e+00	0.00e+00	0.00e+00
 5.67912e+13	2.16e-30	2.52e-23	5.80e-17	1.44e-11	3.39e-07	6.38e-04	9.99e-01	0.00e+00	0.00e+00	0.00e+00	0.00e+00	0.00e+00
 5.87100e+13	3.16e-30	3.47e-23	7.51e-17	1.75e-11	3.87e-07	6.82e-04	9.99e-01	0.00e+00	0.00e+00	0.00e+00	0.00e+00	0.00e+00
 6.08530e+13	4.76e-30	4.89e-23	9.93e-17	2.16e-11	4.45e-07	7.34e-04	9.99e-01	0.00e+00	0.00e+00	0.00e+00	0.00e+00	0.00e+00
 6.31526e+13	7.27e-30	6.98e-23	1.32e-16	2.69e-11	5.16e-07	7.91e-04	9.99e-01	0.00e+00	0.00e+00	0.00e+00	0.00e+00	0.00e+00
 6.51969e+13	1.05e-29	9.49e-23	1.70e-16	3.25e-11	5.85e-07	8.44e-04	9.99e-01	0.00e+00	0.00e+00	0.00e+00	0.00e+00	0.00e+00
 6.73879e+13	1.52e-29	1.30e-22	2.19e-16	3.94e-11	6.67e-07	9.03e-04	9.99e-01	0.00e+00	0.00e+00	0.00e+00	0.00e+00	0.00e+00
 7.00138e+13	2.35e-29	1.88e-22	2.95e-16	4.94e-11	7.76e-07	9.76e-04	9.99e-01	0.00e+00	0.00e+00	0.00e+00	0.00e+00	0.00e+00
 7.25933e+13	3.55e-29	2.65e-22	3.90e-16	6.12e-11	8.96e-07	1.05e-03	9.99e-01	0.00e+00	0.00e+00	0.00e+00	0.00e+00	0.00e+00
 7.48821e+13	5.06e-29	3.57e-22	4.97e-16	7.35e-11	1.01e-06	1.12e-03	9.99e-01	0.00e+00	0.00e+00	0.00e+00	0.00e+00	0.00e+00
 7.74046e+13	7.36e-29	4.89e-22	6.42e-16	8.94e-11	1.16e-06	1.20e-03	9.99e-01	0.00e+00	0.00e+00	0.00e+00	0.00e+00	0.00e+00
 8.04219e+13	1.13e-28	7.05e-22	8.64e-16	1.12e-10	1.34e-06	1.30e-03	9.99e-01	0.00e+00	0.00e+00	0.00e+00	0.00e+00	0.00e+00
 8.34223e+13	1.72e-28	1.00e-21	1.15e-15	1.39e-10	1.55e-06	1.40e-03	9.99e-01	0.00e+00	0.00e+00	0.00e+00	0.00e+00	0.00e+00
 8.61536e+13	2.48e-28	1.36e-21	1.47e-15	1.68e-10	1.77e-06	1.49e-03	9.99e-01	0.00e+00	0.00e+00	0.00e+00	0.00e+00	0.00e+00
 8.91953e+13	3.67e-28	1.90e-21	1.93e-15	2.07e-10	2.03e-06	1.60e-03	9.98e-01	0.00e+00	0.00e+00	0.00e+00	0.00e+00	0.00e+00
 9.27478e+13	5.72e-28	2.75e-21	2.61e-15	2.61e-10	2.37e-06	1.73e-03	9.98e-01	0.00e+00	0.00e+00	0.00e+00	0.00e+00	0.00e+00
 9.62414e+13	8.71e-28	3.92e-21	3.48e-15	3.24e-10	2.74e-06	1.87e-03	9.98e-01	0.00e+00	0.00e+00	0.00e+00	0.00e+00	0.00e+00
 9.95245e+13	1.28e-27	5.40e-21	4.52e-15	3.96e-10	3.13e-06	2.00e-03	9.98e-01	0.00e+00	0.00e+00	0.00e+00	0.00e+00	0.00e+00
 1.03185e+14	1.92e-27	7.63e-21	5.98e-15	4.90e-10	3.62e-06	2.16e-03	9.98e-01	0.00e+00	0.00e+00	0.00e+00	0.00e+00	0.00e+00
 1.07342e+14	3.01e-27	1.11e-20	8.13e-15	6.19e-10	4.23e-06	2.34e-03	9.98e-01	0.00e+00	0.00e+00	0.00e+00	0.00e+00	0.00e+00
 1.11485e+14	4.64e-27	1.60e-20	1.09e-14	7.75e-10	4.91e-06	2.53e-03	9.97e-01	0.00e+00	0.00e+00	0.00e+00	0.00e+00	0.00e+00
 1.15347e+14	6.84e-27	2.22e-20	1.42e-14	9.48e-10	5.63e-06	2.71e-03	9.97e-01	0.00e+00	0.00e+00	0.00e+00	0.00e+00	0.00e+00
 1.19544e+14	1.03e-26	3.13e-20	1.88e-14	1.17e-09	6.48e-06	2.91e-03	9.97e-01	0.00e+00	0.00e+00	0.00e+00	0.00e+00	0.00e+00
 1.24253e+14	1.60e-26	4.54e-20	2.54e-14	1.47e-09	7.56e-06	3.15e-03	9.97e-01	0.00e+00	0.00e+00	0.00e+00	0.00e+00	0.00e+00
 1.28644e+14	2.39e-26	6.35e-20	3.34e-14	1.81e-09	8.67e-06	3.38e-03	9.97e-01	0.00e+00	0.00e+00	0.00e+00	0.00e+00	0.00e+00
 1.32703e+14	3.41e-26	8.57e-20	4.25e-14	2.18e-09	9.81e-06	3.60e-03	9.96e-01	0.00e+00	0.00e+00	0.00e+00	0.00e+00	0.00e+00
 1.36608e+14	4.76e-26	1.13e-19	5.34e-14	2.59e-09	1.10e-05	3.82e-03	9.96e-01	0.00e+00	0.00e+00	0.00e+00	0.00e+00	0.00e+00
 1.40946e+14	6.81e-26	1.53e-19	6.81e-14	3.11e-09	1.25e-05	4.07e-03	9.96e-01	0.00e+00	0.00e+00	0.00e+00	0.00e+00	0.00e+00
 1.45745e+14	1.00e-25	2.12e-19	8.86e-14	3.80e-09	1.42e-05	4.36e-03	9.96e-01	0.00e+00	0.00e+00	0.00e+00	0.00e+00	0.00e+00
 1.50211e+14	1.42e-25	2.84e-19	1.12e-13	4.54e-09	1.60e-05	4.63e-03	9.95e-01	0.00e+00	0.00e+00	0.00e+00	0.00e+00	0.00e+00
 1.55085e+14	2.05e-25	3.88e-19	1.44e-13	5.49e-09	1.82e-05	4.94e-03	9.95e-01	0.00e+00	0.00e+00	0.00e+00	0.00e+00	0.00e+00
 1.60568e+14	3.07e-25	5.43e-19	1.89e-13	6.75e-09	2.09e-05	5.30e-03	9.95e-01	0.00e+00	0.00e+00	0.00e+00	0.00e+00	0.00e+00
 1.65805e+14	4.45e-25	7.42e-19	2.44e-13	8.16e-09	2.37e-05	5.65e-03	9.94e-01	0.00e+00	0.00e+00	0.00e+00	0.00e+00	0.00e+00
 1.71576e+14	6.61e-25	1.03e-18	3.19e-13	1.00e-08	2.72e-05	6.06e-03	9.94e-01	0.00e+00	0.00e+00	0.00e+00	0.00e+00	0.00e+00
 1.77936e+14	1.01e-24	1.47e-18	4.24e-13	1.24e-08	3.14e-05	6.52e-03	9.93e-01	0.00e+00	0.00e+00	0.00e+00	0.00e+00	0.00e+00
 1.83785e+14	1.47e-24	2.02e-18	5.47e-13	1.50e-08	3.57e-05	6.96e-03	9.93e-01	0.00e+00	0.00e+00	0.00e+00	0.00e+00	0.00e+00
 1.90110e+14	2.17e-24	2.80e-18	7.13e-13	1.84e-08	4.08e-05	7.45e-03	9.93e-01	0.00e+00	0.00e+00	0.00e+00	0.00e+00	0.00e+00
 1.97186e+14	3.31e-24	4.00e-18	9.49e-13	2.29e-08	4.72e-05	8.02e-03	9.92e-01	0.00e+00	0.00e+00	0.00e+00	0.00e+00	0.00e+00
 2.03843e+14	4.87e-24	5.52e-18	1.23e-12	2.78e-08	5.38e-05	8.57e-03	9.91e-01	0.00e+00	0.00e+00	0.00e+00	0.00e+00	0.00e+00
 2.11103e+14	7.29e-24	7.75e-18	1.62e-12	3.43e-08	6.18e-05	9.20e-03	9.91e-01	0.00e+00	0.00e+00	0.00e+00	0.00e+00	0.00e+00
 2.19165e+14	1.12e-23	1.11e-17	2.17e-12	4.28e-08	7.17e-05	9.93e-03	9.90e-01	0.00e+00	0.00e+00	0.00e+00	0.00e+00	0.00e+00
 2.26682e+14	1.66e-23	1.55e-17	2.83e-12	5.23e-08	8.20e-05	1.06e-02	9.89e-01	0.00e+00	0.00e+00	0.00e+00	0.00e+00	0.00e+00
 2.34860e+14	2.49e-23	2.17e-17	3.73e-12	6.45e-08	9.43e-05	1.14e-02	9.88e-01	0.00e+00	0.00e+00	0.00e+00	0.00e+00	0.00e+00
 2.44012e+14	3.84e-23	3.14e-17	5.03e-12	8.09e-08	1.10e-04	1.23e-02	9.88e-01	0.00e+00	0.00e+00	0.00e+00	0.00e+00	0.00e+00
 2.52666e+14	5.71e-23	4.38e-17	6.59e-12	9.95e-08	1.26e-04	1.33e-02	9.87e-01	0.00e+00	0.00e+00	0.00e+00	0.00e+00	0.00e+00
 2.61938e+14	8.62e-23	6.20e-17	8.73e-12	1.23e-07	1.45e-04	1.43e-02	9.86e-01	0.00e+00	0.00e+00	0.00e+00	0.00e+00	0.00e+00
 2.72445e+14	1.34e-22	9.00e-17	1.18e-11	1.55e-07	1.70e-04	1.55e-02	9.84e-01	0.00e+00	0.00e+00	0.00e+00	0.00e+00	0.00e+00
 2.82749e+14	2.04e-22	1.28e-16	1.58e-11	1.94e-07	1.97e-04	1.67e-02	9.83e-01	0.00e+00	0.00e+00	0.00e+00	0.00e+00	0.00e+00
 2.93465e+14	3.08e-22	1.82e-16	2.10e-11	2.41e-07	2.28e-04	1.80e-02	9.82e-01	0.00e+00	0.00e+00	0.00e+00	0.00e+00	0.00e+00
 3.05234e+14	4.77e-22	2.64e-16	2.85e-11	3.05e-07	2.66e-04	1.95e-02	9.80e-01	0.00e+00	0.00e+00	0.00e+00	0.00e+00	0.00e+00
 3.16818e+14	7.20e-22	3.74e-16	3.80e-11	3.80e-07	3.08e-04	2.11e-02	9.79e-01	0.00e+00	0.00e+00	0.00e+00	0.00e+00	0.00e+00
 3.26388e+14	9.99e-22	4.95e-16	4.77e-11	4.52e-07	3.47e-04	2.24e-02	9.77e-01	0.00e+00	0.00e+00	0.00e+00	0.00e+00	0.00e+00
 3.34085e+14	1.29e-21	6.14e-16	5.70e-11	5.19e-07	3.80e-04	2.35e-02	9.76e-01	0.00e+00	0.00e+00	0.00e+00	0.00e+00	0.00e+00
 3.42621e+14	1.69e-21	7.75e-16	6.91e-11	6.02e-07	4.20e-04	2.48e-02	9.75e-01	0.00e+00	0.00e+00	0.00e+00	0.00e+00	0.00e+00
 3.53718e+14	2.37e-21	1.04e-15	8.79e-11	7.27e-07	4.76e-04	2.65e-02	9.73e-01	0.00e+00	0.00e+00	0.00e+00	0.00e+00	0.00e+00
 3.65623e+14	3.38e-21	1.41e-15	1.13e-10	8.83e-07	5.42e-04	2.84e-02	9.71e-01	0.00e+00	0.00e+00	0.00e+00	0.00e+00	0.00e+00
 3.76192e+14	4.58e-21	1.83e-15	1.41e-10	1.04e-06	6.06e-04	3.02e-02	9.69e-01	0.00e+00	0.00e+00	0.00e+00	0.00e+00	0.00e+00
 3.87548e+14	6.24e-21	2.39e-15	1.76e-10	1.24e-06	6.81e-04	3.22e-02	9.67e-01	0.00e+00	0.00e+00	0.00e+00	0.00e+00	0.00e+00
 4.01860e+14	9.15e-21	3.32e-15	2.31e-10	1.54e-06	7.84e-04	3.47e-02	9.65e-01	0.00e+00	0.00e+00	0.00e+00	0.00e+00	0.00e+00
 4.16386e+14	1.32e-20	4.57e-15	3.02e-10	1.90e-06	9.01e-04	3.74e-02	9.62e-01	0.00e+00	0.00e+00	0.00e+00	0.00e+00	0.00e+00
 4.28840e+14	1.80e-20	5.97e-15	3.77e-10	2.25e-06	1.01e-03	3.98e-02	9.59e-01	0.00e+00	0.00e+00	0.00e+00	0.00e+00	0.00e+00
 4.42234e+14	2.45e-20	7.82e-15	4.75e-10	2.70e-06	1.14e-03	4.25e-02	9.56e-01	0.00e+00	0.00e+00	0.00e+00	0.00e+00	0.00e+00
 4.58815e+14	3.57e-20	1.09e-14	6.26e-10	3.35e-06	1.31e-03	4.60e-02	9.53e-01	0.00e+00	0.00e+00	0.00e+00	0.00e+00	0.00e+00
 4.75786e+14	5.16e-20	1.50e-14	8.22e-10	4.14e-06	1.51e-03	4.97e-02	9.49e-01	0.00e+00	0.00e+00	0.00e+00	0.00e+00	0.00e+00
 4.90905e+14	7.08e-20	1.98e-14	1.04e-09	4.97e-06	1.71e-03	5.31e-02	9.45e-01	0.00e+00	0.00e+00	0.00e+00	0.00e+00	0.00e+00
 5.07372e+14	9.80e-20	2.65e-14	1.33e-09	6.03e-06	1.94e-03	5.70e-02	9.41e-01	0.00e+00	0.00e+00	0.00e+00	0.00e+00	0.00e+00
 5.27028e+14	1.44e-19	3.71e-14	1.77e-09	7.53e-06	2.25e-03	6.18e-02	9.36e-01	0.00e+00	0.00e+00	0.00e+00	0.00e+00	0.00e+00
 5.46416e+14	2.06e-19	5.10e-14	2.31e-09	9.29e-06	2.58e-03	6.67e-02	9.31e-01	0.00e+00	0.00e+00	0.00e+00	0.00e+00	0.00e+00
 5.63877e+14	2.81e-19	6.72e-14	2.92e-09	1.12e-05	2.91e-03	7.13e-02	9.26e-01	0.00e+00	0.00e+00	0.00e+00	0.00e+00	0.00e+00
 5.83250e+14	3.93e-19	9.07e-14	3.76e-09	1.36e-05	3.31e-03	7.65e-02	9.20e-01	0.00e+00	0.00e+00	0.00e+00	0.00e+00	0.00e+00
 6.06099e+14	5.75e-19	1.27e-13	5.01e-09	1.70e-05	3.83e-03	8.29e-02	9.13e-01	0.00e+00	0.00e+00	0.00e+00	0.00e+00	0.00e+00
 6.28659e+14	8.26e-19	1.76e-13	6.59e-09	2.10e-05	4.39e-03	8.95e-02	9.06e-01	0.00e+00	0.00e+00	0.00e+00	0.00e+00	0.00e+00
 6.49538e+14	1.14e-18	2.35e-13	8.41e-09	2.54e-05	4.97e-03	9.57e-02	8.99e-01	0.00e+00	0.00e+00	0.00e+00	0.00e+00	0.00e+00
 6.72967e+14	1.62e-18	3.22e-13	1.10e-08	3.11e-05	5.67e-03	1.03e-01	8.91e-01	0.00e+00	0.00e+00	0.00e+00	0.00e+00	0.00e+00
 6.99915e+14	2.40e-18	4.56e-13	1.47e-08	3.90e-05	6.56e-03	1.11e-01	8.82e-01	0.00e+00	0.00e+00	0.00e+00	0.00e+00	0.00e+00
 7.26337e+14	3.47e-18	6.35e-13	1.94e-08	4.83e-05	7.53e-03	1.20e-01	8.72e-01	0.00e+00	0.00e+00	0.00e+00	0.00e+00	0.00e+00
 7.53815e+14	5.03e-18	8.86e-13	2.57e-08	5.98e-05	8.63e-03	1.29e-01	8.62e-01	0.00e+00	0.00e+00	0.00e+00	0.00e+00	0.00e+00
 7.78914e+14	6.99e-18	1.19e-12	3.29e-08	7.22e-05	9.74e-03	1.38e-01	8.52e-01	0.00e+00	0.00e+00	0.00e+00	0.00e+00	0.00e+00
 7.97545e+14	8.87e-18	1.47e-12	3.93e-08	8.26e-05	1.06e-02	1.44e-01	8.45e-01	0.00e+00	0.00e+00	0.00e+00	0.00e+00	0.00e+00
 8.16695e+14	1.13e-17	1.82e-12	4.70e-08	9.46e-05	1.16e-02	1.51e-01	8.37e-01	0.00e+00	0.00e+00	0.00e+00	0.00e+00	0.00e+00
 8.41591e+14	1.53e-17	2.39e-12	5.89e-08	1.12e-04	1.29e-02	1.60e-01	8.27e-01	0.00e+00	0.00e+00	0.00e+00	0.00e+00	0.00e+00
 8.68652e+14	2.11e-17	3.19e-12	7.48e-08	1.34e-04	1.44e-02	1.70e-01	8.16e-01	0.00e+00	0.00e+00	0.00e+00	0.00e+00	0.00e+00
 8.93124e+14	2.87e-17	4.11e-12	9.22e-08	1.57e-04	1.59e-02	1.79e-01	8.05e-01	0.00e+00	0.00e+00	1.66e-17	8.65e-18	2.92e-18
 9.19536e+14	3.86e-17	5.37e-12	1.15e-07	1.85e-04	1.77e-02	1.88e-01	7.94e-01	0.00e+00	0.00e+00	2.22e-17	1.17e-17	3.92e-18
 9.53169e+14	5.60e-17	7.46e-12	1.50e-07	2.27e-04	2.01e-02	2.01e-01	7.79e-01	0.00e+00	0.00e+00	3.22e-17	1.69e-17	5.67e-18
 9.87040e+14	8.06e-17	1.03e-11	1.96e-07	2.76e-04	2.27e-02	2.14e-01	7.64e-01	0.00e+00	0.00e+00	4.64e-17	2.43e-17	8.12e-18
 1.01519e+15	1.08e-16	1.33e-11	2.41e-07	3.22e-04	2.50e-02	2.24e-01	7.51e-01	0.00e+00	0.00e+00	6.22e-17	3.26e-17	1.08e-17
 1.04506e+15	1.46e-16	1.74e-11	3.00e-07	3.78e-04	2.76e-02	2.35e-01	7.37e-01	0.00e+00	0.00e+00	8.43e-17	4.41e-17	1.47e-17
 1.08320e+15	2.13e-16	2.42e-11	3.93e-07	4.61e-04	3.12e-02	2.49e-01	7.19e-01	0.00e+00	0.00e+00	1.23e-16	6.43e-17	2.13e-17
 1.12331e+15	3.14e-16	3.38e-11	5.15e-07	5.62e-04	3.53e-02	2.64e-01	7.00e-01	0.00e+00	0.00e+00	1.82e-16	9.47e-17	3.13e-17
 1.15923e+15	4.39e-16	4.51e-11	6.51e-07	6.66e-04	3.91e-02	2.77e-01	6.83e-01	0.00e+00	0.00e+00	2.53e-16	1.32e-16	4.35e-17
 1.19846e+15	6.26e-16	6.14e-11	8.33e-07	7.97e-04	4.36e-02	2.91e-01	6.65e-01	0.00e+00	0.00e+00	3.62e-16	1.89e-16	6.20e-17
 1.24506e+15	9.45e-16	8.73e-11	1.11e-06	9.78e-04	4.94e-02	3.07e-01	6.43e-01	0.00e+00	0.00e+00	5.47e-16	2.85e-16	9.34e-17
 1.29095e+15	1.40e-15	1.22e-10	1.44e-06	1.18e-03	5.54e-02	3.23e-01	6.21e-01	0.00e+00	0.00e+00	8.08e-16	4.20e-16	1.38e-16
 1.33268e+15	1.97e-15	1.63e-10	1.82e-06	1.40e-03	6.12e-02	3.36e-01	6.01e-01	0.00e+00	0.00e+00	1.14e-15	5.92e-16	1.94e-16
 1.37928e+15	2.85e-15	2.23e-10	2.33e-06	1.67e-03	6.80e-02	3.51e-01	5.80e-01	0.00e+00	0.00e+00	1.65e-15	8.60e-16	2.80e-16
 1.43375e+15	4.35e-15	3.18e-10	3.09e-06	2.04e-03	7.65e-02	3.67e-01	5.55e-01	0.00e+00	0.00e+00	2.52e-15	1.31e-15	4.26e-16
 1.48745e+15	6.49e-15	4.44e-10	4.02e-06	2.46e-03	8.53e-02	3.82e-01	5.30e-01	0.00e+00	0.00e+00	3.76e-15	1.96e-15	6.36e-16
 1.53794e+15	9.35e-15	6.02e-10	5.11e-06	2.91e-03	9.40e-02	3.95e-01	5.08e-01	0.00e+00	0.00e+00	5.42e-15	2.82e-15	9.16e-16
 1.59413e+15	1.39e-14	8.32e-10	6.58e-06	3.47e-03	1.04e-01	4.09e-01	4.84e-01	0.00e+00	0.00e+00	8.03e-15	4.18e-15	1.35e-15
 1.65793e+15	2.13e-14	1.18e-09	8.67e-06	4.20e-03	1.16e-01	4.23e-01	4.57e-01	0.00e+00	0.00e+00	1.23e-14	6.42e-15	2.08e-15
 1.71155e+15	3.01e-14	1.57e-09	1.08e-05	4.90e-03	1.26e-01	4.34e-01	4.35e-01	0.00e+00	0.00e+00	1.75e-14	9.10e-15	2.94e-15
 1.75007e+15	3.84e-14	1.92e-09	1.26e-05	5.45e-03	1.34e-01	4.41e-01	4.20e-01	0.00e+00	0.00e+00	2.23e-14	1.16e-14	3.75e-15
 1.79015e+15	4.92e-14	2.34e-09	1.48e-05	6.06e-03	1.42e-01	4.48e-01	4.04e-01	0.00e+00	0.00e+00	2.86e-14	1.49e-14	4.81e-15
 1.84225e+15	6.73e-14	3.02e-09	1.79e-05	6.93e-03	1.53e-01	4.55e-01	3.85e-01	0.00e+00	0.00e+00	3.91e-14	2.03e-14	6.57e-15
 1.90041e+15	9.45e-14	3.96e-09	2.21e-05	7.99e-03	1.65e-01	4.63e-01	3.64e-01	0.00e+00	0.00e+00	5.48e-14	2.85e-14	9.22e-15
 1.95495e+15	1.29e-13	5.06e-09	2.68e-05	9.09e-03	1.77e-01	4.69e-01	3.45e-01	0.00e+00	0.00e+00	7.46e-14	3.89e-14	1.25e-14
 2.01436e+15	1.78e-13	6.56e-09	3.27e-05	1.04e-02	1.90e-01	4.74e-01	3.25e-01	0.00e+00	0.00e+00	1.03e-13	5.39e-14	1.74e-14
 2.08077e+15	2.53e-13	8.68e-09	4.05e-05	1.20e-02	2.05e-01	4.79e-01	3.04e-01	0.00e+00	0.00e+00	1.47e-13	7.66e-14	2.47e-14
 2.14323e+15	3.48e-13	1.11e-08	4.91e-05	1.36e-02	2.18e-01	4.82e-01	2.86e-01	0.00e+00	0.00e+00	2.02e-13	1.05e-13	3.39e-14
 2.21138e+15	4.88e-13	1.45e-08	6.02e-05	1.56e-02	2.34e-01	4.84e-01	2.66e-01	0.00e+00	0.00e+00	2.84e-13	1.48e-13	4.76e-14
 2.28792e+15	7.03e-13	1.93e-08	7.48e-05	1.79e-02	2.51e-01	4.85e-01	2.46e-01	0.00e+00	0.00e+00	4.08e-13	2.13e-13	6.85e-14
 2.36081e+15	9.81e-13	2.51e-08	9.13e-05	2.04e-02	2.67e-01	4.85e-01	2.28e-01	0.00e+00	0.00e+00	5.70e-13	2.97e-13	9.56e-14
 2.44101e+15	1.40e-12	3.31e-08	1.13e-04	2.34e-02	2.84e-01	4.83e-01	2.10e-01	0.00e+00	0.00e+00	8.14e-13	4.24e-13	1.36e-13
 2.52977e+15	2.04e-12	4.43e-08	1.40e-04	2.69e-02	3.03e-01	4.79e-01	1.91e-01	0.00e+00	0.00e+00	1.18e-12	6.17e-13	1.99e-13
 2.61190e+15	2.84e-12	5.72e-08	1.71e-04	3.05e-02	3.21e-01	4.74e-01	1.75e-01	0.00e+00	0.00e+00	1.65e-12	8.60e-13	2.77e-13
 2.70093e+15	4.06e-12	7.52e-08	2.10e-04	3.46e-02	3.39e-01	4.67e-01	1.59e-01	0.00e+00	0.00e+00	2.36e-12	1.23e-12	3.96e-13
 2.80010e+15	5.92e-12	1.01e-07	2.60e-04	3.96e-02	3.59e-01	4.58e-01	1.43e-01	0.00e+00	0.00e+00	3.44e-12	1.79e-12	5.77e-13
 2.89273e+15	8.31e-12	1.30e-07	3.15e-04	4.45e-02	3.77e-01	4.49e-01	1.29e-01	0.00e+00	0.00e+00	4.83e-12	2.52e-12	8.10e-13
 2.99342e+15	1.19e-11	1.71e-07	3.86e-04	5.03e-02	3.95e-01	4.38e-01	1.16e-01	0.00e+00	0.00e+00	6.91e-12	3.60e-12	1.16e-12
 3.10078e+15	1.71e-11	2.25e-07	4.73e-04	5.69e-02	4.14e-01	4.26e-01	1.03e-01	0.00e+00	0.00e+00	9.93e-12	5.18e-12	1.67e-12
 3.19514e+15	2.32e-11	2.84e-07	5.62e-04	6.30e-02	4.29e-01	4.14e-01	9.30e-02	0.00e+00	0.00e+00	1.35e-11	7.03e-12	2.26e-12
 3.27643e+15	2.99e-11	3.45e-07	6.48e-04	6.85e-02	4.42e-01	4.04e-01	8.51e-02	0.00e+00	0.00e+00	1.74e-11	9.06e-12	2.92e-12
 3.36241e+15	3.90e-11	4.22e-07	7.51e-04	7.46e-02	4.55e-01	3.92e-01	7.75e-02	0.00e+00	0.00e+00	2.27e-11	1.18e-11	3.81e-12
 3.45882e+15	5.20e-11	5.24e-07	8.81e-04	8.18e-02	4.68e-01	3.80e-01	6.97e-02	0.00e+00	0.00e+00	3.02e-11	1.58e-11	5.07e-12
 3.55064e+15	6.75e-11	6.38e-07	1.02e-03	8.88e-02	4.80e-01	3.67e-01	6.31e-02	0.00e+00	0.00e+00	3.92e-11	2.05e-11	6.59e-12
 3.65186e+15	8.99e-11	7.92e-07	1.19e-03	9.70e-02	4.92e-01	3.54e-01	5.64e-02	0.00e+00	0.00e+00	5.23e-11	2.73e-11	8.77e-12
 3.76211e+15	1.21e-10	9.89e-07	1.40e-03	1.06e-01	5.04e-01	3.39e-01	5.01e-02	0.00e+00	0.00e+00	7.01e-11	3.66e-11	1.18e-11
 3.86351e+15	1.56e-10	1.20e-06	1.62e-03	1.15e-01	5.13e-01	3.25e-01	4.49e-02	0.00e+00	0.00e+00	9.10e-11	4.75e-11	1.53e-11
 3.97475e+15	2.08e-10	1.49e-06	1.89e-03	1.25e-01	5.23e-01	3.10e-01	3.97e-02	0.00e+00	0.00e+00	1.21e-10	6.32e-11	2.03e-11
 4.09766e+15	2.80e-10	1.86e-06	2.22e-03	1.36e-01	5.32e-01	2.95e-01	3.48e-02	0.00e+00	0.00e+00	1.63e-10	8.49e-11	2.73e-11
 4.21378e+15	3.66e-10	2.29e-06	2.58e-03	1.47e-01	5.40e-01	2.80e-01	3.06e-02	0.00e+00	0.00e+00	2.13e-10	1.11e-10	3.58e-11
 4.34280e+15	4.93e-10	2.86e-06	3.02e-03	1.60e-01	5.46e-01	2.64e-01	2.66e-02	0.00e+00	0.00e+00	2.87e-10	1.50e-10	4.82e-11
 4.48254e+15	6.68e-10	3.60e-06	3.57e-03	1.74e-01	5.52e-01	2.47e-01	2.29e-02	0.00e+00	0.00e+00	3.88e-10	2.03e-10	6.54e-11
 4.60723e+15	8.62e-10	4.37e-06	4.12e-03	1.87e-01	5.56e-01	2.33e-01	2.00e-02	0.00e+00	0.00e+00	5.02e-10	2.62e-10	8.44e-11
 4.74033e+15	1.14e-09	5.38e-06	4.78e-03	2.01e-01	5.58e-01	2.18e-01	1.74e-02	0.00e+00	0.00e+00	6.61e-10	3.46e-10	1.11e-10
 4.88875e+15	1.52e-09	6.70e-06	5.61e-03	2.17e-01	5.59e-01	2.03e-01	1.48e-02	0.00e+00	0.00e+00	8.83e-10	4.62e-10	1.49e-10
 5.02787e+15	1.97e-09	8.18e-06	6.48e-03	2.33e-01	5.59e-01	1.89e-01	1.27e-02	0.00e+00	0.00e+00	1.15e-09	6.00e-10	1.94e-10
 5.15955e+15	2.51e-09	9.83e-06	7.40e-03	2.48e-01	5.57e-01	1.77e-01	1.11e-02	0.00e+00	0.00e+00	1.46e-09	7.64e-10	2.47e-10
 5.31081e+15	3.32e-09	1.21e-05	8.60e-03	2.65e-01	5.54e-01	1.63e-01	9.40e-03	0.00e+00	0.00e+00	1.93e-09	1.01e-09	3.26e-10
 5.46840e+15	4.34e-09	1.49e-05	1.00e-02	2.83e-01	5.49e-01	1.50e-01	7.94e-03	0.00e+00	0.00e+00	2.52e-09	1.32e-09	4.27e-10
 5.60088e+15	5.38e-09	1.76e-05	1.13e-02	2.98e-01	5.44e-01	1.40e-01	6.91e-03	0.00e+00	0.00e+00	3.13e-09	1.64e-09	5.30e-10
 5.71950e+15	6.53e-09	2.04e-05	1.26e-02	3.12e-01	5.38e-01	1.31e-01	6.08e-03	0.00e+00	0.00e+00	3.80e-09	1.99e-09	6.44e-10
 5.85343e+15	8.17e-09	2.41e-05	1.42e-02	3.28e-01	5.31e-01	1.21e-01	5.26e-03	0.00e+00	0.00e+00	4.75e-09	2.49e-09	8.06e-10
 6.00467e+15	1.04e-08	2.90e-05	1.62e-02	3.46e-01	5.22e-01	1.11e-01	4.46e-03	0.00e+00	0.00e+00	6.06e-09	3.17e-09	1.03e-09
 6.14817e+15	1.30e-08	3.43e-05	1.84e-02	3.63e-01	5.13e-01	1.02e-01	3.82e-03	0.00e+00	0.00e+00	7.54e-09	3.95e-09	1.28e-09
 6.28270e+15	1.58e-08	4.01e-05	2.06e-02	3.78e-01	5.03e-01	9.45e-02	3.31e-03	0.00e+00	0.00e+00	9.22e-09	4.83e-09	1.57e-09
 6.43581e+15	2.03e-08	4.83e-05	2.35e-02	3.97e-01	4.91e-01	8.60e-02	2.78e-03	0.00e+00	0.00e+00	1.18e-08	6.20e-09	2.01e-09
 6.59951e+15	2.56e-08	5.79e-05	2.69e-02	4.15e-01	4.78e-01	7.78e-02	2.33e-03	0.00e+00	0.00e+00	1.49e-08	7.82e-09	2.54e-09
 6.74490e+15	3.16e-08	6.81e-05	3.03e-02	4.32e-01	4.65e-01	7.10e-02	1.99e-03	0.00e+00	0.00e+00	1.84e-08	9.65e-09	3.13e-09
 6.87866e+15	3.86e-08	7.93e-05	3.38e-02	4.47e-01	4.53e-01	6.51e-02	1.71e-03	0.00e+00	0.00e+00	2.25e-08	1.18e-08	3.83e-09
 7.02937e+15	4.90e-08	9.48e-05	3.83e-02	4.64e-01	4.38e-01	5.88e-02	1.43e-03	0.00e+00	0.00e+00	2.85e-08	1.50e-08	4.86e-09
 7.19326e+15	6.15e-08	1.13e-04	4.37e-02	4.81e-01	4.21e-01	5.27e-02	1.19e-03	0.00e+00	0.00e+00	3.58e-08	1.88e-08	6.11e-09
 7.34198e+15	7.70e-08	1.34e-04	4.94e-02	4.97e-01	4.05e-01	4.74e-02	9.98e-04	0.00e+00	0.00e+00	4.48e-08	2.35e-08	7.65e-09
 7.47918e+15	9.44e-08	1.57e-04	5.53e-02	5.10e-01	3.90e-01	4.29e-02	8.47e-04	0.00e+00	0.00e+00	5.49e-08	2.88e-08	9.39e-09
 7.63368e+15	1.20e-07	1.88e-04	6.29e-02	5.25e-01	3.73e-01	3.82e-02	7.00e-04	0.00e+00	0.00e+00	6.97e-08	3.66e-08	1.19e-08
 7.79895e+15	1.55e-07	2.29e-04	7.24e-02	5.40e-01	3.53e-01	3.36e-02	5.68e-04	0.00e+00	0.00e+00	9.03e-08	4.74e-08	1.55e-08
 7.94079e+15	1.92e-07	2.70e-04	8.15e-02	5.51e-01	3.37e-01	3.00e-02	4.75e-04	0.00e+00	0.00e+00	1.12e-07	5.88e-08	1.92e-08
 8.06733e+15	2.36e-07	3.16e-04	9.10e-02	5.61e-01	3.21e-01	2.69e-02	4.01e-04	0.00e+00	0.00e+00	1.37e-07	7.22e-08	2.36e-08
 8.21143e+15	2.99e-07	3.79e-04	1.03e-01	5.70e-01	3.02e-01	2.37e-02	3.28e-04	0.00e+00	0.00e+00	1.74e-07	9.16e-08	2.99e-08
 8.36205e+15	3.91e-07	4.62e-04	1.19e-01	5.78e-01	2.82e-01	2.05e-02	2.64e-04	0.00e+00	0.00e+00	2.27e-07	1.20e-07	3.91e-08
 8.48241e+15	4.78e-07	5.39e-04	1.32e-01	5.82e-01	2.66e-01	1.83e-02	2.21e-04	0.00e+00	0.00e+00	2.78e-07	1.46e-07	4.78e-08
 8.58374e+15	5.74e-07	6.20e-04	1.46e-01	5.85e-01	2.52e-01	1.64e-02	1.89e-04	0.00e+00	0.00e+00	3.34e-07	1.76e-07	5.74e-08
 8.69908e+15	6.85e-07	7.13e-04	1.63e-01	5.86e-01	2.36e-01	1.45e-02	1.57e-04	0.00e+00	0.00e+00	3.98e-07	2.09e-07	6.85e-08
 8.84901e+15	9.65e-07	9.18e-04	1.90e-01	5.83e-01	2.14e-01	1.20e-02	1.19e-04	0.00e+00	0.00e+00	5.62e-07	2.95e-07	9.67e-08
 8.97017e+15	1.21e-06	1.09e-03	2.14e-01	5.78e-01	1.96e-01	1.04e-02	9.64e-05	0.00e+00	0.00e+00	7.02e-07	3.69e-07	1.21e-07
 9.03060e+15	1.39e-06	1.20e-03	2.28e-01	5.74e-01	1.87e-01	9.51e-03	8.53e-05	0.00e+00	0.00e+00	8.07e-07	4.25e-07	1.39e-07
 9.08584e+15	1.58e-06	1.32e-03	2.43e-01	5.69e-01	1.78e-01	8.74e-03	7.57e-05	0.00e+00	0.00e+00	9.19e-07	4.84e-07	1.58e-07
 9.15765e+15	1.87e-06	1.50e-03	2.63e-01	5.61e-01	1.66e-01	7.81e-03	6.46e-05	0.00e+00	0.00e+00	1.09e-06	5.73e-07	1.88e-07
 9.23593e+15	2.14e-06	1.67e-03	2.86e-01	5.52e-01	1.54e-01	6.91e-03	5.47e-05	0.00e+00	0.00e+00	1.24e-06	6.55e-07	2.15e-07
 9.32263e+15	2.63e-06	1.95e-03	3.15e-01	5.37e-01	1.40e-01	5.90e-03	4.41e-05	0.00e+00	0.00e+00	1.53e-06	8.07e-07	2.65e-07
 9.40707e+15	3.24e-06	2.26e-03	3.46e-01	5.20e-01	1.26e-01	5.02e-03	3.54e-05	0.00e+00	0.00e+00	1.89e-06	9.94e-07	3.26e-07
 9.46832e+15	3.96e-06	2.60e-03	3.72e-01	5.05e-01	1.16e-01	4.39e-03	2.94e-05	0.00e+00	0.00e+00	2.30e-06	1.21e-06	3.98e-07
 9.51517e+15	4.48e-06	2.84e-03	3.93e-01	4.92e-01	1.08e-01	3.95e-03	2.55e-05	0.00e+00	0.00e+00	2.61e-06	1.37e-06	4.51e-07
 9.56353e+15	5.00e-06	3.08e-03	4.15e-01	4.78e-01	1.00e-01	3.52e-03	2.20e-05	0.00e+00	0.00e+00	2.91e-06	1.53e-06	5.03e-07
 9.62639e+15	6.17e-06	3.57e-03	4.48e-01	4.56e-01	8.96e-02	2.97e-03	1.75e-05	0.00e+00	0.00e+00	3.59e-06	1.89e-06	6.22e-07
 9.68872e+15	7.09e-06	3.95e-03	4.79e-01	4.35e-01	7.99e-02	2.52e-03	1.41e-05	0.00e+00	0.00e+00	4.12e-06	2.17e-06	7.15e-07
 9.75034e+15	8.54e-06	4.49e-03	5.14e-01	4.10e-01	7.00e-02	2.08e-03	1.10e-05	0.00e+00	0.00e+00	4.96e-06	2.62e-06	8.61e-07
 9.81426e+15	1.03e-05	5.12e-03	5.51e-01	3.82e-01	6.05e-02	1.68e-03	8.39e-06	0.00e+00	0.00e+00	6.01e-06	3.17e-06	1.04e-06
 9.86702e+15	1.27e-05	5.86e-03	5.84e-01	3.56e-01	5.27e-02	1.38e-03	6.44e-06	0.00e+00	0.00e+00	7.40e-06	3.90e-06	1.29e-06
 9.90974e+15	1.40e-05	6.27e-03	6.08e-01	3.37e-01	4.72e-02	1.18e-03	5.32e-06	0.00e+00	0.00e+00	8.14e-06	4.30e-06	1.42e-06
 9.95354e+15	1.66e-05	7.01e-03	6.37e-01	3.14e-01	4.12e-02	9.72e-04	4.14e-06	0.00e+00	0.00e+00	9.68e-06	5.11e-06	1.68e-06
 1.00025e+16	1.89e-05	7.62e-03	6.66e-01	2.90e-01	3.54e-02	7.90e-04	3.19e-06	0.00e+00	0.00e+00	1.10e-05	5.80e-06	1.91e-06
 1.00583e+16	2.34e-05	8.74e-03	7.01e-01	2.60e-01	2.90e-02	5.97e-04	2.23e-06	0.00e+00	0.00e+00	1.36e-05	7.19e-06	2.38e-06
 1.01138e+16	2.79e-05	9.75e-03	7.33e-01	2.33e-01	2.37e-02	4.52e-04	1.57e-06	0.00e+00	0.00e+00	1.62e-05	8.57e-06	2.83e-06
 1.01598e+16	3.24e-05	1.07e-02	7.58e-01	2.11e-01	1.98e-02	3.52e-04	1.15e-06	0.00e+00	0.00e+00	1.88e-05	9.95e-06	3.29e-06
 1.02104e+16	3.84e-05	1.19e-02	7.85e-01	1.86e-01	1.60e-02	2.61e-04	7.93e-07	0.00e+00	0.00e+00	2.23e-05	1.18e-05	3.91e-06
 1.02673e+16	4.60e-05	1.32e-02	8.12e-01	1.62e-01	1.24e-02	1.85e-04	0.00e+00	0.00e+00	0.00e+00	2.68e-05	1.42e-05	4.69e-06
 1.03223e+16	5.47e-05	1.46e-02	8.36e-01	1.40e-01	9.59e-03	1.30e-04	0.00e+00	0.00e+00	0.00e+00	3.18e-05	1.68e-05	5.57e-06
 1.03665e+16	6.25e-05	1.58e-02	8.52e-01	1.24e-01	7.80e-03	9.80e-05	0.00e+00	0.00e+00	0.00e+00	3.64e-05	1.92e-05	6.38e-06
 1.03994e+16	6.91e-05	1.67e-02	8.64e-01	1.13e-01	6.63e-03	7.85e-05	0.00e+00	0.00e+00	0.00e+00	4.02e-05	2.13e-05	7.06e-06
 1.04346e+16	7.72e-05	1.78e-02	8.75e-01	1.02e-01	5.52e-03	6.10e-05	0.00e+00	0.00e+00	0.00e+00	4.49e-05	2.37e-05	7.89e-06
 1.04804e+16	8.88e-05	1.92e-02	8.88e-01	8.84e-02	4.33e-03	4.36e-05	0.00e+00	0.00e+00	0.00e+00	5.17e-05	2.73e-05	9.09e-06
 1.05288e+16	1.03e-04	2.08e-02	8.99e-01	7.64e-02	3.36e-03	3.07e-05	0.00e+00	0.00e+00	0.00e+00	5.97e-05	3.16e-05	1.05e-05
 1.05709e+16	1.16e-04	2.22e-02	9.08e-01	6.73e-02	2.69e-03	2.27e-05	0.00e+00	0.00e+00	0.00e+00	6.74e-05	3.56e-05	1.19e-05
 1.06158e+16	1.32e-04	2.39e-02	9.16e-01	5.83e-02	2.09e-03	1.60e-05	0.00e+00	0.00e+00	0.00e+00	7.70e-05	4.07e-05	1.36e-05
 1.06657e+16	1.53e-04	2.58e-02	9.23e-01	4.99e-02	1.60e-03	1.10e-05	0.00e+00	0.00e+00	0.00e+00	8.88e-05	4.70e-05	1.57e-05
 1.07123e+16	1.74e-04	2.76e-02	9.28e-01	4.32e-02	1.25e-03	7.76e-06	0.00e+00	0.00e+00	0.00e+00	1.01e-04	5.34e-05	1.78e-05
 1.07559e+16	1.96e-04	2.95e-02	9.32e-01	3.77e-02	9.82e-04	5.56e-06	0.00e+00	0.00e+00	0.00e+00	1.14e-04	6.04e-05	2.02e-05
 1.08057e+16	2.26e-04	3.18e-02	9.35e-01	3.22e-02	7.44e-04	3.76e-06	0.00e+00	0.00e+00	0.00e+00	1.31e-04	6.95e-05	2.32e-05
 1.08597e+16	2.62e-04	3.43e-02	9.38e-01	2.73e-02	5.59e-04	2.50e-06	0.00e+00	0.00e+00	0.00e+00	1.52e-04	8.05e-05	2.69e-05
 1.09076e+16	2.97e-04	3.68e-02	9.39e-01	2.37e-02	4.34e-04	1.75e-06	0.00e+00	0.00e+00	0.00e+00	1.73e-04	9.15e-05	3.06e-05
 1.09584e+16	3.43e-04	3.96e-02	9.40e-01	2.02e-02	3.30e-04	1.18e-06	0.00e+00	0.00e+00	0.00e+00	1.99e-04	1.05e-04	3.53e-05
 1.10127e+16	3.98e-04	4.29e-02	9.39e-01	1.72e-02	2.49e-04	7.86e-07	0.00e+00	0.00e+00	0.00e+00	2.31e-04	1.23e-04	4.10e-05
 1.10600e+16	4.53e-04	4.59e-02	9.38e-01	1.49e-02	1.96e-04	0.00e+00	0.00e+00	0.00e+00	0.00e+00	2.63e-04	1.39e-04	4.67e-05
 1.11034e+16	5.10e-04	4.89e-02	9.37e-01	1.31e-02	1.57e-04	0.00e+00	0.00e+00	0.00e+00	0.00e+00	2.97e-04	1.57e-04	5.26e-05
 1.11530e+16	5.86e-04	5.27e-02	9.35e-01	1.13e-02	1.21e-04	0.00e+00	0.00e+00	0.00e+00	0.00e+00	3.41e-04	1.80e-04	6.04e-05
 1.12066e+16	6.82e-04	5.71e-02	9.32e-01	9.68e-03	9.27e-05	0.00e+00	0.00e+00	0.00e+00	0.00e+00	3.97e-04	2.10e-04	7.04e-05
