#depth	He	He+	He+2
 1.49634e+10	1.17e-20	1.32e-10	1.00e+00
 4.54887e+10	1.37e-20	1.45e-10	1.00e+00
 7.72350e+10	1.59e-20	1.59e-10	1.00e+00
 1.10251e+11	1.84e-20	1.75e-10	1.00e+00
 1.43758e+11	2.13e-20	1.93e-10	1.00e+00
 1.76388e+11	2.44e-20	2.11e-10	1.00e+00
 2.11154e+11	2.79e-20	2.31e-10	1.00e+00
 2.49527e+11	3.23e-20	2.55e-10	1.00e+00
 2.88497e+11	3.72e-20	2.81e-10	1.00e+00
 3.29027e+11	4.27e-20	3.09e-10	1.00e+00
 3.72114e+11	4.91e-20	3.42e-10	1.00e+00
 4.16926e+11	5.65e-20	3.78e-10	1.00e+00
 4.57396e+11	6.37e-20	4.13e-10	1.00e+00
 4.91015e+11	7.00e-20	4.44e-10	1.00e+00
 5.27803e+11	7.73e-20	4.79e-10	1.00e+00
 5.74532e+11	8.73e-20	5.27e-10	1.00e+00
 6.23345e+11	9.88e-20	5.79e-10	1.00e+00
 6.66474e+11	1.09e-19	6.29e-10	1.00e+00
 7.06428e+11	1.20e-19	6.77e-10	1.00e+00
 7.51744e+11	1.32e-19	7.34e-10	1.00e+00
 8.07869e+11	1.49e-19	8.09e-10	1.00e+00
 8.63890e+11	1.67e-19	8.89e-10	1.00e+00
 9.11973e+11	1.83e-19	9.61e-10	1.00e+00
 9.63890e+11	2.02e-19	1.04e-09	1.00e+00
 1.02806e+12	2.27e-19	1.15e-09	1.00e+00
 1.09399e+12	2.54e-19	1.26e-09	1.00e+00
 1.15370e+12	2.81e-19	1.38e-09	1.00e+00
 1.21951e+12	3.13e-19	1.50e-09	1.00e+00
 1.29681e+12	3.55e-19	1.66e-09	1.00e+00
 1.37399e+12	4.00e-19	1.83e-09	1.00e+00
 1.44752e+12	4.49e-19	2.00e-09	1.00e+00
 1.52861e+12	5.07e-19	2.19e-09	1.00e+00
 1.61969e+12	5.81e-19	2.43e-09	1.00e+00
 1.70168e+12	6.56e-19	2.65e-09	1.00e+00
 1.76941e+12	7.24e-19	2.84e-09	1.00e+00
 1.84341e+12	8.05e-19	3.05e-09	1.00e+00
 1.93790e+12	9.20e-19	3.34e-09	1.00e+00
 2.03331e+12	1.05e-18	3.64e-09	1.00e+00
 2.11233e+12	1.17e-18	3.91e-09	1.00e+00
 2.19581e+12	1.31e-18	4.20e-09	1.00e+00
 2.30281e+12	1.52e-18	4.58e-09	1.00e+00
 2.41496e+12	1.76e-18	5.01e-09	1.00e+00
 2.51332e+12	1.99e-18	5.40e-09	1.00e+00
 2.61921e+12	2.27e-18	5.84e-09	1.00e+00
 2.73659e+12	2.63e-18	6.35e-09	1.00e+00
 2.84543e+12	3.00e-18	6.84e-09	1.00e+00
 2.96344e+12	3.44e-18	7.39e-09	1.00e+00
 3.09463e+12	4.00e-18	8.04e-09	1.00e+00
 3.21690e+12	4.59e-18	8.66e-09	1.00e+00
 3.34983e+12	5.30e-18	9.37e-09	1.00e+00
 3.49769e+12	6.20e-18	1.02e-08	1.00e+00
 3.63589e+12	7.15e-18	1.10e-08	1.00e+00
 3.78649e+12	8.30e-18	1.19e-08	1.00e+00
 3.95459e+12	9.76e-18	1.30e-08	1.00e+00
 4.11267e+12	1.13e-17	1.40e-08	1.00e+00
 4.28540e+12	1.32e-17	1.52e-08	1.00e+00
 4.47878e+12	1.56e-17	1.66e-08	1.00e+00
 4.66186e+12	1.82e-17	1.80e-08	1.00e+00
 4.85912e+12	2.14e-17	1.95e-08	1.00e+00
 5.08341e+12	2.54e-17	2.13e-08	1.00e+00
 5.30377e+12	3.00e-17	2.32e-08	1.00e+00
 5.53294e+12	3.54e-17	2.53e-08	1.00e+00
 5.78418e+12	4.21e-17	2.76e-08	1.00e+00
 6.04548e+12	4.99e-17	3.01e-08	1.00e+00
 6.31722e+12	5.94e-17	3.29e-08	1.00e+00
 6.57382e+12	6.93e-17	3.55e-08	1.00e+00
 6.80538e+12	7.94e-17	3.81e-08	1.00e+00
 7.02413e+12	8.99e-17	4.05e-08	1.00e+00
 7.26619e+12	1.03e-16	4.33e-08	1.00e+00
 7.53766e+12	1.18e-16	4.66e-08	1.00e+00
 7.79601e+12	1.35e-16	4.98e-08	1.00e+00
 8.08049e+12	1.55e-16	5.34e-08	1.00e+00
 8.39145e+12	1.80e-16	5.75e-08	1.00e+00
 8.67469e+12	2.05e-16	6.14e-08	1.00e+00
 8.98076e+12	2.34e-16	6.57e-08	1.00e+00
 9.32493e+12	2.71e-16	7.07e-08	1.00e+00
 9.65194e+12	3.10e-16	7.56e-08	1.00e+00
 1.00104e+13	3.56e-16	8.12e-08	1.00e+00
 1.04064e+13	4.14e-16	8.75e-08	1.00e+00
 1.07740e+13	4.73e-16	9.36e-08	1.00e+00
 1.11747e+13	5.44e-16	1.00e-07	1.00e+00
 1.16254e+13	6.32e-16	1.08e-07	1.00e+00
 1.20547e+13	7.26e-16	1.16e-07	1.00e+00
 1.25201e+13	8.39e-16	1.25e-07	1.00e+00
 1.30360e+13	9.78e-16	1.35e-07	1.00e+00
 1.35298e+13	1.13e-15	1.45e-07	1.00e+00
 1.40582e+13	1.30e-15	1.56e-07	1.00e+00
 1.46504e+13	1.52e-15	1.69e-07	1.00e+00
 1.52433e+13	1.76e-15	1.82e-07	1.00e+00
 1.58599e+13	2.05e-15	1.96e-07	1.00e+00
 1.65242e+13	2.39e-15	2.12e-07	1.00e+00
 1.72151e+13	2.79e-15	2.29e-07	1.00e+00
 1.79336e+13	3.25e-15	2.48e-07	1.00e+00
 1.86308e+13	3.75e-15	2.66e-07	1.00e+00
 1.92883e+13	4.28e-15	2.85e-07	1.00e+00
 1.99041e+13	4.81e-15	3.03e-07	1.00e+00
 2.05692e+13	5.44e-15	3.22e-07	1.00e+00
 2.13183e+13	6.22e-15	3.45e-07	1.00e+00
 2.20330e+13	7.07e-15	3.68e-07	1.00e+00
 2.28182e+13	8.05e-15	3.93e-07	1.00e+00
 2.36993e+13	9.27e-15	4.22e-07	1.00e+00
 2.45393e+13	1.06e-14	4.52e-07	1.00e+00
 2.54557e+13	1.22e-14	4.85e-07	1.00e+00
 2.64771e+13	1.41e-14	5.24e-07	1.00e+00
 2.74653e+13	1.62e-14	5.62e-07	1.00e+00
 2.85199e+13	1.87e-14	6.05e-07	1.00e+00
 2.95951e+13	2.15e-14	6.50e-07	1.00e+00
 3.05452e+13	2.43e-14	6.93e-07	1.00e+00
 3.15776e+13	2.75e-14	7.38e-07	1.00e+00
 3.28193e+13	3.19e-14	7.98e-07	1.00e+00
 3.40475e+13	3.67e-14	8.57e-07	1.00e+00
 3.51437e+13	4.14e-14	9.13e-07	1.00e+00
 3.63537e+13	4.71e-14	9.77e-07	1.00e+00
 3.77933e+13	5.46e-14	1.06e-06	1.00e+00
 3.92183e+13	6.28e-14	1.14e-06	1.00e+00
 4.05203e+13	7.12e-14	1.21e-06	1.00e+00
 4.19759e+13	8.13e-14	1.30e-06	1.00e+00
 4.36696e+13	9.46e-14	1.41e-06	1.00e+00
 4.53284e+13	1.09e-13	1.52e-06	1.00e+00
 4.68913e+13	1.24e-13	1.63e-06	1.00e+00
 4.86345e+13	1.42e-13	1.75e-06	1.00e+00
 5.06098e+13	1.65e-13	1.90e-06	1.00e+00
 5.25795e+13	1.90e-13	2.04e-06	1.00e+00
 5.44218e+13	2.16e-13	2.19e-06	1.00e+00
 5.64225e+13	2.47e-13	2.36e-06	1.00e+00
 5.86638e+13	2.85e-13	2.55e-06	1.00e+00
 6.07576e+13	3.25e-13	2.74e-06	1.00e+00
 6.26912e+13	3.64e-13	2.92e-06	1.00e+00
 6.45435e+13	4.05e-13	3.09e-06	1.00e+00
 6.65961e+13	4.53e-13	3.29e-06	1.00e+00
 6.88661e+13	5.12e-13	3.52e-06	1.00e+00
 7.09851e+13	5.72e-13	3.75e-06	1.00e+00
 7.33060e+13	6.42e-13	4.00e-06	1.00e+00
 7.59109e+13	7.27e-13	4.29e-06	1.00e+00
 7.83909e+13	8.15e-13	4.58e-06	1.00e+00
 8.11209e+13	9.21e-13	4.90e-06	1.00e+00
 8.41369e+13	1.05e-12	5.28e-06	1.00e+00
 8.69202e+13	1.18e-12	5.64e-06	1.00e+00
 8.99339e+13	1.33e-12	6.04e-06	1.00e+00
 9.32993e+13	1.51e-12	6.51e-06	1.00e+00
 9.64598e+13	1.69e-12	6.96e-06	1.00e+00
 9.99065e+13	1.92e-12	7.48e-06	1.00e+00
 1.03736e+14	2.18e-12	8.07e-06	1.00e+00
 1.07314e+14	2.46e-12	8.67e-06	1.00e+00
 1.11207e+14	2.78e-12	9.31e-06	1.00e+00
 1.15556e+14	3.17e-12	1.01e-05	1.00e+00
 1.19667e+14	3.58e-12	1.08e-05	1.00e+00
 1.24072e+14	4.06e-12	1.17e-05	1.00e+00
 1.29065e+14	4.65e-12	1.27e-05	1.00e+00
 1.33970e+14	5.30e-12	1.37e-05	1.00e+00
 1.38681e+14	5.97e-12	1.47e-05	1.00e+00
 1.43868e+14	6.82e-12	1.59e-05	1.00e+00
 1.49652e+14	7.80e-12	1.73e-05	1.00e+00
 1.54572e+14	8.76e-12	1.86e-05	1.00e+00
 1.58190e+14	9.50e-12	1.95e-05	1.00e+00
 1.61978e+14	1.03e-11	2.05e-05	1.00e+00
 1.66903e+14	1.15e-11	2.19e-05	1.00e+00
 1.72335e+14	1.29e-11	2.35e-05	1.00e+00
 1.77362e+14	1.43e-11	2.50e-05	1.00e+00
 1.82832e+14	1.59e-11	2.67e-05	1.00e+00
 1.88965e+14	1.80e-11	2.87e-05	1.00e+00
 1.94787e+14	2.00e-11	3.07e-05	1.00e+00
 2.01185e+14	2.26e-11	3.30e-05	1.00e+00
 2.08314e+14	2.58e-11	3.56e-05	1.00e+00
 2.15050e+14	2.88e-11	3.82e-05	1.00e+00
 2.22461e+14	3.29e-11	4.13e-05	1.00e+00
 2.30676e+14	3.74e-11	4.47e-05	1.00e+00
 2.38303e+14	4.26e-11	4.82e-05	1.00e+00
 2.46587e+14	4.83e-11	5.19e-05	1.00e+00
 2.55834e+14	5.56e-11	5.65e-05	1.00e+00
 2.64474e+14	6.31e-11	6.09e-05	1.00e+00
 2.73848e+14	7.21e-11	6.59e-05	1.00e+00
 2.84316e+14	8.32e-11	7.17e-05	1.00e+00
 2.94147e+14	9.49e-11	7.75e-05	1.00e+00
 3.04801e+14	1.09e-10	8.40e-05	1.00e+00
 3.16693e+14	1.26e-10	9.16e-05	1.00e+00
 3.28014e+14	1.45e-10	9.92e-05	1.00e+00
 3.40117e+14	1.67e-10	1.08e-04	1.00e+00
 3.53752e+14	1.95e-10	1.18e-04	1.00e+00
 3.67234e+14	2.25e-10	1.28e-04	1.00e+00
 3.78251e+14	2.51e-10	1.37e-04	1.00e+00
 3.86822e+14	2.77e-10	1.44e-04	1.00e+00
 3.96215e+14	3.05e-10	1.52e-04	1.00e+00
 4.08427e+14	3.44e-10	1.63e-04	1.00e+00
 4.21623e+14	3.85e-10	1.75e-04	1.00e+00
 4.33522e+14	4.36e-10	1.86e-04	1.00e+00
 4.46417e+14	4.88e-10	1.99e-04	1.00e+00
 4.62795e+14	5.67e-10	2.16e-04	1.00e+00
 4.79250e+14	6.48e-10	2.33e-04	1.00e+00
 4.93040e+14	7.27e-10	2.49e-04	1.00e+00
 5.07815e+14	8.19e-10	2.66e-04	1.00e+00
 5.26505e+14	9.49e-10	2.88e-04	1.00e+00
 5.46104e+14	1.10e-09	3.13e-04	1.00e+00
 5.63677e+14	1.24e-09	3.35e-04	1.00e+00
 5.82796e+14	1.41e-09	3.61e-04	1.00e+00
 6.05490e+14	1.68e-09	3.94e-04	1.00e+00
 6.27845e+14	1.94e-09	4.26e-04	1.00e+00
 6.48207e+14	2.21e-09	4.58e-04	1.00e+00
 6.70962e+14	2.54e-09	4.94e-04	1.00e+00
 6.97515e+14	2.98e-09	5.38e-04	9.99e-01
 7.23700e+14	3.46e-09	5.83e-04	9.99e-01
 7.48510e+14	3.93e-09	6.27e-04	9.99e-01
 7.76057e+14	4.55e-09	6.79e-04	9.99e-01
 8.07129e+14	5.45e-09	7.41e-04	9.99e-01
 8.33236e+14	6.21e-09	7.94e-04	9.99e-01
 8.52080e+14	6.81e-09	8.33e-04	9.99e-01
 8.71811e+14	7.49e-09	8.76e-04	9.99e-01
 8.97461e+14	8.31e-09	9.32e-04	9.99e-01
 9.26098e+14	9.61e-09	9.99e-04	9.99e-01
 9.52860e+14	1.06e-08	1.06e-03	9.99e-01
 9.81892e+14	1.23e-08	1.13e-03	9.99e-01
 1.01439e+15	1.40e-08	1.22e-03	9.99e-01
 1.04523e+15	1.56e-08	1.30e-03	9.99e-01
 1.07912e+15	1.78e-08	1.39e-03	9.99e-01
 1.11712e+15	2.09e-08	1.50e-03	9.99e-01
 1.15308e+15	2.38e-08	1.60e-03	9.98e-01
 1.19245e+15	2.72e-08	1.72e-03	9.98e-01
 1.23648e+15	3.12e-08	1.86e-03	9.98e-01
 1.27766e+15	3.65e-08	2.00e-03	9.98e-01
 1.32227e+15	4.21e-08	2.15e-03	9.98e-01
 1.37200e+15	4.80e-08	2.32e-03	9.98e-01
 1.41854e+15	5.52e-08	2.50e-03	9.98e-01
 1.46921e+15	6.53e-08	2.69e-03	9.97e-01
 1.52551e+15	7.59e-08	2.92e-03	9.97e-01
 1.57642e+15	8.60e-08	3.13e-03	9.97e-01
 1.62261e+15	9.73e-08	3.33e-03	9.97e-01
 1.67534e+15	1.11e-07	3.57e-03	9.96e-01
 1.73926e+15	1.33e-07	3.88e-03	9.96e-01
 1.80210e+15	1.54e-07	4.19e-03	9.96e-01
 1.85174e+15	1.73e-07	4.44e-03	9.96e-01
 1.89982e+15	1.93e-07	4.70e-03	9.95e-01
 1.96234e+15	2.17e-07	5.04e-03	9.95e-01
 2.02951e+15	2.56e-07	5.43e-03	9.95e-01
 2.08503e+15	2.85e-07	5.76e-03	9.94e-01
 2.13953e+15	3.15e-07	6.10e-03	9.94e-01
 2.21037e+15	3.70e-07	6.57e-03	9.93e-01
 2.28278e+15	4.22e-07	7.05e-03	9.93e-01
 2.34452e+15	4.69e-07	7.48e-03	9.93e-01
 2.41208e+15	5.30e-07	7.98e-03	9.92e-01
 2.49928e+15	6.33e-07	8.67e-03	9.91e-01
 2.58701e+15	7.31e-07	9.38e-03	9.91e-01
 2.65863e+15	8.17e-07	9.99e-03	9.90e-01
 2.73431e+15	9.27e-07	1.07e-02	9.89e-01
 2.81969e+15	1.09e-06	1.15e-02	9.88e-01
 2.89965e+15	1.23e-06	1.23e-02	9.88e-01
 2.98560e+15	1.39e-06	1.32e-02	9.87e-01
 3.08113e+15	1.64e-06	1.43e-02	9.86e-01
 3.16541e+15	1.86e-06	1.53e-02	9.85e-01
 3.23969e+15	2.08e-06	1.63e-02	9.84e-01
 3.31110e+15	2.31e-06	1.72e-02	9.83e-01
 3.37990e+15	2.54e-06	1.82e-02	9.82e-01
 3.45883e+15	2.82e-06	1.93e-02	9.81e-01
 3.56144e+15	3.34e-06	2.10e-02	9.79e-01
 3.66667e+15	3.84e-06	2.28e-02	9.77e-01
 3.75576e+15	4.31e-06	2.44e-02	9.76e-01
 3.83708e+15	4.84e-06	2.61e-02	9.74e-01
 3.91414e+15	5.40e-06	2.77e-02	9.72e-01
 4.00060e+15	6.10e-06	2.97e-02	9.70e-01
 4.09430e+15	7.12e-06	3.21e-02	9.68e-01
 4.17961e+15	8.02e-06	3.44e-02	9.66e-01
 4.25888e+15	9.00e-06	3.67e-02	9.63e-01
 4.34812e+15	1.03e-05	3.97e-02	9.60e-01
 4.44339e+15	1.16e-05	4.30e-02	9.57e-01
 4.54650e+15	1.39e-05	4.72e-02	9.53e-01
 4.65294e+15	1.59e-05	5.19e-02	9.48e-01
 4.74731e+15	1.90e-05	5.69e-02	9.43e-01
 4.82332e+15	2.13e-05	6.11e-02	9.39e-01
 4.88282e+15	2.35e-05	6.49e-02	9.35e-01
 4.95117e+15	2.66e-05	6.97e-02	9.30e-01
 5.04003e+15	3.03e-05	7.66e-02	9.23e-01
 5.14034e+15	3.73e-05	8.57e-02	9.14e-01
 5.21717e+15	4.25e-05	9.34e-02	9.07e-01
 5.26424e+15	4.70e-05	9.89e-02	9.01e-01
 5.30477e+15	5.09e-05	1.04e-01	8.96e-01
 5.35127e+15	5.58e-05	1.10e-01	8.90e-01
 5.41172e+15	6.38e-05	1.19e-01	8.80e-01
 5.47038e+15	7.18e-05	1.29e-01	8.71e-01
 5.51653e+15	7.88e-05	1.38e-01	8.62e-01
 5.56632e+15	9.02e-05	1.48e-01	8.52e-01
 5.61373e+15	1.00e-04	1.59e-01	8.41e-01
 5.65804e+15	1.12e-04	1.70e-01	8.30e-01
 5.70439e+15	1.24e-04	1.83e-01	8.17e-01
 5.75340e+15	1.44e-04	1.98e-01	8.02e-01
 5.79828e+15	1.61e-04	2.13e-01	7.87e-01
 5.83174e+15	1.76e-04	2.25e-01	7.74e-01
 5.86919e+15	1.95e-04	2.41e-01	7.59e-01
 5.91787e+15	2.25e-04	2.63e-01	7.37e-01
 5.96627e+15	2.58e-04	2.86e-01	7.14e-01
 6.00335e+15	2.85e-04	3.06e-01	6.94e-01
 6.04057e+15	3.23e-04	3.28e-01	6.72e-01
 6.07825e+15	3.56e-04	3.50e-01	6.49e-01
 6.11652e+15	4.05e-04	3.76e-01	6.23e-01
 6.15466e+15	4.54e-04	4.03e-01	5.97e-01
 6.18736e+15	5.00e-04	4.27e-01	5.72e-01
 6.22459e+15	5.60e-04	4.57e-01	5.43e-01
 6.25859e+15	6.15e-04	4.83e-01	5.17e-01
 6.28144e+15	6.55e-04	5.01e-01	4.99e-01
 6.30423e+15	6.97e-04	5.20e-01	4.79e-01
 6.33386e+15	7.61e-04	5.45e-01	4.54e-01
 6.36272e+15	8.21e-04	5.69e-01	4.30e-01
 6.38618e+15	8.73e-04	5.88e-01	4.11e-01
 6.41224e+15	9.35e-04	6.10e-01	3.89e-01
 6.44613e+15	1.02e-03	6.38e-01	3.61e-01
 6.48001e+15	1.10e-03	6.64e-01	3.35e-01
 6.50701e+15	1.17e-03	6.84e-01	3.15e-01
 6.53524e+15	1.25e-03	7.06e-01	2.93e-01
 6.57194e+15	1.35e-03	7.32e-01	2.67e-01
 6.60823e+15	1.45e-03	7.55e-01	2.44e-01
 6.63640e+15	1.53e-03	7.71e-01	2.27e-01
 6.66543e+15	1.61e-03	7.88e-01	2.10e-01
 6.70317e+15	1.73e-03	8.09e-01	1.89e-01
 6.74114e+15	1.84e-03	8.26e-01	1.72e-01
 6.77113e+15	1.93e-03	8.39e-01	1.59e-01
 6.80184e+15	2.03e-03	8.52e-01	1.46e-01
 6.84175e+15	2.16e-03	8.67e-01	1.31e-01
 6.88158e+15	2.28e-03	8.80e-01	1.18e-01
 6.91234e+15	2.39e-03	8.89e-01	1.09e-01
 6.94338e+15	2.50e-03	8.97e-01	1.00e-01
 6.98374e+15	2.66e-03	9.07e-01	9.01e-02
 7.02430e+15	2.82e-03	9.16e-01	8.15e-02
 7.05578e+15	2.95e-03	9.22e-01	7.55e-02
 7.08738e+15	3.09e-03	9.27e-01	6.96e-02
 7.12844e+15	3.29e-03	9.34e-01	6.27e-02
 7.16974e+15	3.50e-03	9.40e-01	5.69e-02
 7.20182e+15	3.69e-03	9.43e-01	5.29e-02
 7.23401e+15	3.89e-03	9.47e-01	4.89e-02
 7.27586e+15	4.18e-03	9.52e-01	4.42e-02
 7.31844e+15	4.51e-03	9.55e-01	4.02e-02
 7.35238e+15	4.79e-03	9.58e-01	3.74e-02
 7.38695e+15	5.12e-03	9.60e-01	3.46e-02
 7.43187e+15	5.61e-03	9.63e-01	3.12e-02
 7.47708e+15	6.19e-03	9.65e-01	2.85e-02
 7.51163e+15	6.72e-03	9.67e-01	2.65e-02
 7.54046e+15	7.20e-03	9.68e-01	2.50e-02
 7.57287e+15	7.84e-03	9.69e-01	2.33e-02
 7.61500e+15	8.80e-03	9.70e-01	2.14e-02
 7.65668e+15	9.98e-03	9.70e-01	1.98e-02
 7.68747e+15	1.11e-02	9.70e-01	1.86e-02
 7.70976e+15	1.20e-02	9.70e-01	1.79e-02
 7.73130e+15	1.29e-02	9.70e-01	1.72e-02
 7.75564e+15	1.42e-02	9.69e-01	1.64e-02
 7.77798e+15	1.56e-02	9.69e-01	1.58e-02
 7.79689e+15	1.69e-02	9.68e-01	1.53e-02
 7.81699e+15	1.85e-02	9.67e-01	1.48e-02
 7.83876e+15	2.05e-02	9.65e-01	1.43e-02
 7.85752e+15	2.26e-02	9.64e-01	1.38e-02
 7.87329e+15	2.45e-02	9.62e-01	1.35e-02
 7.89038e+15	2.70e-02	9.60e-01	1.32e-02
 7.90931e+15	3.00e-02	9.57e-01	1.29e-02
 7.92617e+15	3.34e-02	9.54e-01	1.26e-02
 7.94060e+15	3.65e-02	9.51e-01	1.25e-02
 7.95631e+15	4.06e-02	9.47e-01	1.22e-02
 7.97371e+15	4.57e-02	9.42e-01	1.20e-02
 7.98954e+15	5.12e-02	9.37e-01	1.19e-02
 8.00383e+15	5.69e-02	9.31e-01	1.19e-02
 8.01855e+15	6.38e-02	9.24e-01	1.18e-02
 8.03376e+15	7.20e-02	9.16e-01	1.18e-02
 8.04783e+15	8.08e-02	9.07e-01	1.18e-02
 8.06020e+15	9.00e-02	8.98e-01	1.19e-02
 8.07142e+15	9.90e-02	8.89e-01	1.20e-02
 8.08171e+15	1.09e-01	8.79e-01	1.20e-02
 8.09133e+15	1.18e-01	8.70e-01	1.21e-02
 8.10051e+15	1.29e-01	8.59e-01	1.21e-02
 8.10746e+15	1.37e-01	8.51e-01	1.22e-02
 8.11202e+15	1.43e-01	8.45e-01	1.23e-02
 8.11644e+15	1.49e-01	8.38e-01	1.23e-02
 8.12166e+15	1.57e-01	8.31e-01	1.24e-02
 8.12719e+15	1.65e-01	8.22e-01	1.24e-02
 8.13247e+15	1.74e-01	8.14e-01	1.25e-02
 8.13753e+15	1.82e-01	8.05e-01	1.26e-02
 8.14260e+15	1.92e-01	7.96e-01	1.26e-02
 8.14767e+15	2.01e-01	7.86e-01	1.27e-02
 8.15273e+15	2.11e-01	7.76e-01	1.27e-02
 8.15780e+15	2.22e-01	7.65e-01	1.28e-02
 8.16275e+15	2.33e-01	7.55e-01	1.28e-02
 8.16765e+15	2.44e-01	7.44e-01	1.29e-02
 8.17263e+15	2.56e-01	7.31e-01	1.29e-02
 8.17758e+15	2.68e-01	7.19e-01	1.29e-02
 8.18248e+15	2.81e-01	7.06e-01	1.29e-02
 8.18736e+15	2.94e-01	6.93e-01	1.30e-02
 8.19226e+15	3.08e-01	6.79e-01	1.30e-02
 8.19721e+15	3.23e-01	6.64e-01	1.30e-02
 8.20203e+15	3.37e-01	6.50e-01	1.30e-02
 8.20681e+15	3.52e-01	6.35e-01	1.30e-02
 8.21169e+15	3.68e-01	6.19e-01	1.29e-02
 8.21658e+15	3.84e-01	6.03e-01	1.29e-02
 8.22141e+15	4.01e-01	5.86e-01	1.28e-02
 8.22630e+15	4.18e-01	5.69e-01	1.28e-02
 8.23123e+15	4.36e-01	5.52e-01	1.27e-02
 8.23614e+15	4.53e-01	5.34e-01	1.26e-02
 8.24098e+15	4.71e-01	5.17e-01	1.25e-02
 8.24583e+15	4.89e-01	4.99e-01	1.23e-02
 8.25069e+15	5.07e-01	4.81e-01	1.22e-02
 8.25554e+15	5.25e-01	4.63e-01	1.20e-02
 8.26036e+15	5.42e-01	4.46e-01	1.19e-02
 8.26518e+15	5.60e-01	4.28e-01	1.17e-02
 8.26999e+15	5.77e-01	4.11e-01	1.14e-02
 8.27487e+15	5.95e-01	3.94e-01	1.12e-02
 8.27977e+15	6.11e-01	3.78e-01	1.10e-02
 8.28472e+15	6.28e-01	3.61e-01	1.07e-02
 8.28979e+15	6.44e-01	3.45e-01	1.05e-02
 8.29498e+15	6.61e-01	3.29e-01	1.02e-02
 8.30028e+15	6.76e-01	3.14e-01	9.87e-03
 8.30579e+15	6.92e-01	2.99e-01	9.56e-03
 8.31154e+15	7.07e-01	2.84e-01	9.24e-03
 8.31749e+15	7.22e-01	2.70e-01	8.90e-03
 8.32378e+15	7.36e-01	2.56e-01	8.56e-03
 8.33044e+15	7.49e-01	2.43e-01	8.22e-03
 8.33747e+15	7.62e-01	2.30e-01	7.87e-03
 8.34452e+15	7.73e-01	2.19e-01	7.56e-03
 8.35133e+15	7.83e-01	2.10e-01	7.27e-03
 8.35820e+15	7.91e-01	2.02e-01	7.00e-03
 8.36552e+15	7.99e-01	1.94e-01	6.73e-03
 8.37344e+15	8.07e-01	1.87e-01	6.47e-03
 8.38190e+15	8.14e-01	1.80e-01	6.23e-03
 8.39093e+15	8.20e-01	1.74e-01	5.99e-03
 8.40065e+15	8.26e-01	1.69e-01	5.77e-03
 8.41139e+15	8.31e-01	1.63e-01	5.53e-03
 8.42292e+15	8.36e-01	1.59e-01	5.33e-03
 8.43521e+15	8.40e-01	1.55e-01	5.11e-03
 8.44835e+15	8.44e-01	1.51e-01	4.91e-03
 8.46235e+15	8.48e-01	1.47e-01	4.71e-03
 8.47703e+15	8.51e-01	1.44e-01	4.52e-03
 8.49218e+15	8.55e-01	1.41e-01	4.33e-03
 8.50760e+15	8.58e-01	1.38e-01	4.17e-03
 8.52313e+15	8.61e-01	1.35e-01	4.00e-03
 8.53905e+15	8.64e-01	1.33e-01	3.83e-03
 8.55451e+15	8.66e-01	1.30e-01	3.69e-03
 8.56952e+15	8.69e-01	1.28e-01	3.55e-03
 8.58472e+15	8.71e-01	1.25e-01	3.41e-03
 8.59989e+15	8.74e-01	1.23e-01	3.28e-03
 8.61474e+15	8.76e-01	1.21e-01	3.16e-03
 8.62928e+15	8.78e-01	1.19e-01	3.05e-03
 8.64360e+15	8.80e-01	1.17e-01	2.94e-03
 8.65777e+15	8.82e-01	1.15e-01	2.84e-03
 8.67178e+15	8.84e-01	1.13e-01	2.74e-03
 8.68561e+15	8.86e-01	1.11e-01	2.65e-03
 8.69926e+15	8.88e-01	1.09e-01	2.56e-03
 8.71270e+15	8.90e-01	1.07e-01	2.48e-03
 8.72596e+15	8.92e-01	1.06e-01	2.40e-03
 8.73915e+15	8.94e-01	1.04e-01	2.32e-03
 8.75228e+15	8.95e-01	1.02e-01	2.25e-03
 8.76532e+15	8.97e-01	1.01e-01	2.18e-03
 8.77825e+15	8.98e-01	9.94e-02	2.11e-03
 8.79110e+15	9.00e-01	9.79e-02	2.04e-03
 8.80390e+15	9.02e-01	9.65e-02	1.98e-03
 8.81668e+15	9.03e-01	9.50e-02	1.92e-03
 8.82944e+15	9.04e-01	9.36e-02	1.86e-03
 8.84222e+15	9.06e-01	9.23e-02	1.81e-03
 8.85504e+15	9.07e-01	9.09e-02	1.75e-03
 8.86807e+15	9.09e-01	8.96e-02	1.70e-03
 8.88146e+15	9.10e-01	8.82e-02	1.64e-03
 8.89516e+15	9.12e-01	8.68e-02	1.59e-03
 8.90911e+15	9.13e-01	8.54e-02	1.54e-03
 8.92337e+15	9.14e-01	8.41e-02	1.48e-03
 8.93813e+15	9.16e-01	8.27e-02	1.43e-03
 8.95354e+15	9.17e-01	8.12e-02	1.38e-03
 8.96982e+15	9.19e-01	7.97e-02	1.33e-03
 8.98753e+15	9.21e-01	7.81e-02	1.27e-03
 9.00673e+15	9.22e-01	7.64e-02	1.22e-03
 9.02785e+15	9.24e-01	7.46e-02	1.15e-03
 9.05222e+15	9.26e-01	7.25e-02	1.09e-03
 9.07862e+15	9.29e-01	7.04e-02	1.02e-03
 9.10401e+15	9.31e-01	6.84e-02	9.63e-04
 9.12712e+15	9.32e-01	6.66e-02	9.12e-04
 9.14815e+15	9.34e-01	6.51e-02	8.67e-04
 9.16728e+15	9.35e-01	6.37e-02	8.29e-04
 9.18470e+15	9.37e-01	6.24e-02	7.95e-04
 9.20054e+15	9.38e-01	6.13e-02	7.65e-04
 9.21496e+15	9.39e-01	6.03e-02	7.39e-04
 9.22808e+15	9.40e-01	5.94e-02	7.16e-04
 9.24246e+15	9.41e-01	5.84e-02	6.91e-04
 9.25799e+15	9.42e-01	5.74e-02	6.65e-04
 9.27211e+15	9.43e-01	5.64e-02	6.42e-04
 9.28497e+15	9.44e-01	5.55e-02	6.22e-04
 9.29905e+15	9.45e-01	5.46e-02	5.99e-04
 9.31426e+15	9.46e-01	5.37e-02	5.79e-04
 9.32810e+15	9.47e-01	5.27e-02	5.58e-04
 9.34069e+15	9.48e-01	5.19e-02	5.40e-04
 9.35215e+15	9.48e-01	5.12e-02	5.25e-04
 9.36471e+15	9.49e-01	5.04e-02	5.07e-04
 9.37827e+15	9.50e-01	4.96e-02	4.91e-04
 9.39060e+15	9.51e-01	4.88e-02	4.75e-04
 9.40183e+15	9.51e-01	4.81e-02	4.61e-04
 9.41205e+15	9.52e-01	4.75e-02	4.49e-04
 9.42324e+15	9.53e-01	4.68e-02	4.35e-04
 9.43533e+15	9.53e-01	4.61e-02	4.22e-04
 9.44633e+15	9.54e-01	4.54e-02	4.09e-04
 9.45633e+15	9.55e-01	4.48e-02	3.98e-04
 9.46730e+15	9.55e-01	4.42e-02	3.86e-04
 9.47914e+15	9.56e-01	4.35e-02	3.74e-04
 9.48991e+15	9.57e-01	4.29e-02	3.63e-04
 9.49972e+15	9.57e-01	4.23e-02	3.54e-04
 9.51046e+15	9.58e-01	4.17e-02	3.43e-04
 9.52206e+15	9.59e-01	4.11e-02	3.33e-04
 9.53262e+15	9.59e-01	4.05e-02	3.23e-04
 9.54222e+15	9.60e-01	4.00e-02	3.15e-04
 9.55274e+15	9.60e-01	3.94e-02	3.05e-04
 9.56411e+15	9.61e-01	3.88e-02	2.96e-04
 9.57445e+15	9.61e-01	3.83e-02	2.88e-04
 9.58386e+15	9.62e-01	3.78e-02	2.80e-04
 9.59417e+15	9.62e-01	3.72e-02	2.72e-04
 9.60530e+15	9.63e-01	3.67e-02	2.64e-04
 9.61543e+15	9.64e-01	3.62e-02	2.57e-04
 9.62465e+15	9.64e-01	3.58e-02	2.50e-04
 9.63475e+15	9.65e-01	3.52e-02	2.43e-04
 9.64565e+15	9.65e-01	3.48e-02	2.37e-04
 9.65557e+15	9.65e-01	3.43e-02	2.30e-04
 9.66460e+15	9.66e-01	3.39e-02	2.25e-04
 9.67450e+15	9.66e-01	3.34e-02	2.18e-04
 9.68518e+15	9.67e-01	3.30e-02	2.12e-04
 9.69490e+15	9.67e-01	3.25e-02	2.07e-04
 9.70555e+15	9.68e-01	3.21e-02	2.01e-04
 9.71705e+15	9.68e-01	3.16e-02	1.95e-04
 9.72752e+15	9.69e-01	3.12e-02	1.90e-04
 9.73899e+15	9.69e-01	3.07e-02	1.84e-04
 9.75137e+15	9.70e-01	3.03e-02	1.79e-04
 9.76263e+15	9.70e-01	2.98e-02	1.74e-04
 9.77289e+15	9.70e-01	2.95e-02	1.69e-04
 9.78412e+15	9.71e-01	2.90e-02	1.64e-04
 9.79625e+15	9.71e-01	2.86e-02	1.60e-04
 9.80728e+15	9.72e-01	2.82e-02	1.55e-04
 9.81938e+15	9.72e-01	2.78e-02	1.50e-04
 9.83243e+15	9.73e-01	2.73e-02	1.46e-04
 9.84432e+15	9.73e-01	2.69e-02	1.42e-04
 9.85513e+15	9.73e-01	2.66e-02	1.38e-04
 9.86698e+15	9.74e-01	2.62e-02	1.34e-04
 9.87977e+15	9.74e-01	2.58e-02	1.30e-04
 9.89141e+15	9.74e-01	2.54e-02	1.26e-04
 9.90416e+15	9.75e-01	2.50e-02	1.22e-04
 9.91793e+15	9.75e-01	2.46e-02	1.19e-04
 9.93046e+15	9.76e-01	2.43e-02	1.15e-04
 9.94419e+15	9.76e-01	2.39e-02	1.11e-04
 9.95901e+15	9.76e-01	2.35e-02	1.08e-04
 9.97250e+15	9.77e-01	2.31e-02	1.04e-04
 9.98478e+15	9.77e-01	2.28e-02	1.01e-04
 9.99823e+15	9.77e-01	2.24e-02	9.82e-05
 1.00127e+16	9.78e-01	2.21e-02	9.54e-05
 1.00260e+16	9.78e-01	2.17e-02	9.24e-05
 1.00404e+16	9.79e-01	2.14e-02	8.93e-05
 1.00561e+16	9.79e-01	2.10e-02	8.64e-05
 1.00703e+16	9.79e-01	2.07e-02	8.37e-05
 1.00859e+16	9.80e-01	2.03e-02	8.08e-05
 1.01027e+16	9.80e-01	1.99e-02	7.80e-05
 1.01180e+16	9.80e-01	1.96e-02	7.55e-05
 1.01320e+16	9.81e-01	1.93e-02	7.32e-05
 1.01472e+16	9.81e-01	1.90e-02	7.08e-05
 1.01637e+16	9.81e-01	1.87e-02	6.85e-05
 1.01787e+16	9.82e-01	1.84e-02	6.63e-05
 1.01952e+16	9.82e-01	1.81e-02	6.40e-05
 1.02129e+16	9.82e-01	1.77e-02	6.18e-05
 1.02291e+16	9.83e-01	1.74e-02	5.97e-05
 1.02468e+16	9.83e-01	1.71e-02	5.75e-05
 1.02659e+16	9.83e-01	1.68e-02	5.54e-05
 1.02833e+16	9.83e-01	1.65e-02	5.35e-05
 1.03023e+16	9.84e-01	1.62e-02	5.14e-05
 1.03229e+16	9.84e-01	1.58e-02	4.94e-05
 1.03416e+16	9.84e-01	1.56e-02	4.77e-05
 1.03621e+16	9.85e-01	1.52e-02	4.58e-05
 1.03843e+16	9.85e-01	1.49e-02	4.39e-05
 1.04044e+16	9.85e-01	1.46e-02	4.23e-05
 1.04227e+16	9.86e-01	1.44e-02	4.08e-05
 1.04428e+16	9.86e-01	1.41e-02	3.93e-05
 1.04645e+16	9.86e-01	1.38e-02	3.77e-05
 1.04843e+16	9.86e-01	1.36e-02	3.64e-05
 1.05059e+16	9.87e-01	1.33e-02	3.49e-05
 1.05292e+16	9.87e-01	1.30e-02	3.35e-05
 1.05505e+16	9.87e-01	1.28e-02	3.23e-05
 1.05738e+16	9.87e-01	1.25e-02	3.09e-05
 1.05989e+16	9.88e-01	1.22e-02	2.96e-05
 1.06218e+16	9.88e-01	1.20e-02	2.84e-05
 1.06469e+16	9.88e-01	1.17e-02	2.72e-05
 1.06739e+16	9.89e-01	1.14e-02	2.59e-05
 1.06986e+16	9.89e-01	1.12e-02	2.49e-05
 1.07255e+16	9.89e-01	1.09e-02	2.37e-05
 1.07547e+16	9.89e-01	1.07e-02	2.26e-05
 1.07812e+16	9.90e-01	1.04e-02	2.16e-05
 1.08102e+16	9.90e-01	1.02e-02	2.06e-05
 1.08416e+16	9.90e-01	9.91e-03	1.96e-05
 1.08702e+16	9.90e-01	9.68e-03	1.87e-05
 1.09014e+16	9.91e-01	9.43e-03	1.77e-05
 1.09352e+16	9.91e-01	9.18e-03	1.68e-05
 1.09659e+16	9.91e-01	8.96e-03	1.60e-05
 1.09996e+16	9.91e-01	8.72e-03	1.52e-05
 1.10359e+16	9.92e-01	8.48e-03	1.44e-05
 1.10690e+16	9.92e-01	8.26e-03	1.37e-05
 1.11053e+16	9.92e-01	8.03e-03	1.29e-05
 1.11444e+16	9.92e-01	7.80e-03	1.22e-05
 1.11800e+16	9.92e-01	7.59e-03	1.16e-05
 1.12190e+16	9.93e-01	7.37e-03	1.09e-05
 1.12697e+16	9.93e-01	7.08e-03	1.01e-05
 1.13279e+16	9.93e-01	6.78e-03	9.26e-06
 1.13861e+16	9.93e-01	6.51e-03	8.53e-06
 1.14445e+16	9.94e-01	6.24e-03	7.85e-06
 1.15053e+16	9.94e-01	5.98e-03	7.21e-06
 1.15690e+16	9.94e-01	5.72e-03	6.60e-06
 1.16348e+16	9.95e-01	5.46e-03	6.04e-06
 1.17026e+16	9.95e-01	5.22e-03	5.51e-06
 1.17729e+16	9.95e-01	4.98e-03	5.02e-06
 1.18455e+16	9.95e-01	4.74e-03	4.56e-06
 1.19197e+16	9.95e-01	4.52e-03	4.14e-06
 1.19950e+16	9.96e-01	4.30e-03	3.76e-06
 1.20715e+16	9.96e-01	4.10e-03	3.42e-06
 1.21494e+16	9.96e-01	3.90e-03	3.10e-06
 1.22278e+16	9.96e-01	3.72e-03	2.81e-06
 1.23074e+16	9.96e-01	3.54e-03	2.55e-06
 1.23895e+16	9.97e-01	3.36e-03	2.31e-06
 1.24735e+16	9.97e-01	3.20e-03	2.09e-06
 1.25587e+16	9.97e-01	3.04e-03	1.89e-06
 1.26453e+16	9.97e-01	2.89e-03	1.71e-06
 1.27334e+16	9.97e-01	2.74e-03	1.54e-06
 1.28233e+16	9.97e-01	2.60e-03	1.39e-06
 1.29149e+16	9.98e-01	2.47e-03	1.25e-06
 1.30082e+16	9.98e-01	2.34e-03	1.12e-06
 1.31031e+16	9.98e-01	2.22e-03	1.01e-06
 1.31998e+16	9.98e-01	2.10e-03	9.06e-07
 1.32984e+16	9.98e-01	1.99e-03	8.13e-07
 1.33991e+16	9.98e-01	1.88e-03	7.28e-07
 1.35017e+16	9.98e-01	1.78e-03	6.51e-07
 1.36063e+16	9.98e-01	1.68e-03	5.81e-07
 1.37131e+16	9.98e-01	1.58e-03	5.18e-07
 1.38222e+16	9.99e-01	1.49e-03	4.61e-07
 1.39335e+16	9.99e-01	1.41e-03	4.10e-07
 1.40473e+16	9.99e-01	1.33e-03	3.64e-07
 1.41636e+16	9.99e-01	1.25e-03	3.23e-07
 1.42826e+16	9.99e-01	1.17e-03	2.85e-07
 1.44044e+16	9.99e-01	1.10e-03	2.52e-07
 1.45291e+16	9.99e-01	1.03e-03	2.22e-07
 1.46570e+16	9.99e-01	9.68e-04	1.95e-07
 1.47882e+16	9.99e-01	9.06e-04	1.71e-07
 1.49230e+16	9.99e-01	8.46e-04	1.49e-07
 1.50615e+16	9.99e-01	7.89e-04	1.30e-07
 1.52039e+16	9.99e-01	7.36e-04	1.13e-07
 1.53497e+16	9.99e-01	6.85e-04	9.79e-08
 1.54976e+16	9.99e-01	6.38e-04	8.48e-08
 1.56507e+16	9.99e-01	5.91e-04	7.31e-08
 1.58127e+16	9.99e-01	5.47e-04	6.25e-08
 1.59815e+16	9.99e-01	5.04e-04	5.31e-08
 1.61559e+16	1.00e+00	4.64e-04	4.50e-08
 1.63368e+16	1.00e+00	4.25e-04	3.79e-08
 1.65257e+16	1.00e+00	3.89e-04	3.17e-08
 1.67237e+16	1.00e+00	3.54e-04	2.63e-08
 1.69316e+16	1.00e+00	3.21e-04	2.17e-08
 1.71506e+16	1.00e+00	2.90e-04	1.77e-08
 1.73828e+16	1.00e+00	2.61e-04	1.43e-08
 1.76320e+16	1.00e+00	2.32e-04	1.13e-08
 1.78949e+16	1.00e+00	2.06e-04	8.93e-09
 1.81763e+16	1.00e+00	1.81e-04	6.92e-09
 1.84856e+16	1.00e+00	1.58e-04	5.23e-09
 1.88233e+16	1.00e+00	1.36e-04	3.87e-09
 1.91946e+16	1.00e+00	1.15e-04	2.79e-09
 1.96099e+16	1.00e+00	9.57e-05	1.93e-09
 2.00958e+16	1.00e+00	7.73e-05	1.26e-09
 2.06564e+16	1.00e+00	6.10e-05	7.88e-10
 2.12487e+16	1.00e+00	4.77e-05	4.82e-10
 2.18337e+16	1.00e+00	3.77e-05	3.01e-10
 2.24083e+16	1.00e+00	3.00e-05	1.91e-10
 2.29889e+16	1.00e+00	2.38e-05	1.21e-10
 2.35824e+16	1.00e+00	1.90e-05	7.67e-11
 2.41885e+16	1.00e+00	1.51e-05	4.86e-11
 2.48066e+16	1.00e+00	1.20e-05	3.08e-11
 2.54336e+16	1.00e+00	9.57e-06	1.96e-11
 2.60721e+16	1.00e+00	7.62e-06	1.24e-11
 2.67259e+16	1.00e+00	6.07e-06	7.90e-12
 2.73951e+16	1.00e+00	4.83e-06	5.01e-12
 2.80804e+16	1.00e+00	3.84e-06	3.17e-12
 2.87804e+16	1.00e+00	3.05e-06	2.01e-12
 2.94978e+16	1.00e+00	2.42e-06	1.27e-12
 3.02363e+16	1.00e+00	1.92e-06	7.96e-13
 3.09967e+16	1.00e+00	1.52e-06	4.99e-13
 3.17831e+16	1.00e+00	1.20e-06	3.10e-13
 3.25993e+16	1.00e+00	9.39e-07	1.91e-13
 3.34498e+16	1.00e+00	7.33e-07	1.17e-13
 3.43366e+16	1.00e+00	5.69e-07	7.04e-14
 3.52368e+16	1.00e+00	4.43e-07	4.28e-14
 3.61220e+16	1.00e+00	3.48e-07	2.65e-14
 3.69871e+16	1.00e+00	2.76e-07	1.67e-14
 3.78336e+16	1.00e+00	2.21e-07	1.07e-14
 3.86634e+16	1.00e+00	1.79e-07	7.00e-15
 3.94752e+16	1.00e+00	1.45e-07	4.64e-15
 4.02652e+16	1.00e+00	1.19e-07	3.14e-15
 4.10300e+16	1.00e+00	9.89e-08	2.16e-15
 4.17688e+16	1.00e+00	8.27e-08	1.51e-15
 4.24811e+16	1.00e+00	6.98e-08	1.08e-15
 4.31660e+16	1.00e+00	5.94e-08	7.80e-16
 4.38241e+16	1.00e+00	5.09e-08	5.75e-16
 4.44550e+16	1.00e+00	4.40e-08	4.31e-16
 4.50587e+16	1.00e+00	3.84e-08	3.27e-16
 4.56356e+16	1.00e+00	3.37e-08	2.53e-16
 4.61864e+16	1.00e+00	2.98e-08	1.98e-16
 4.67119e+16	1.00e+00	2.65e-08	1.57e-16
 4.72130e+16	1.00e+00	2.38e-08	1.26e-16
 4.76907e+16	1.00e+00	2.14e-08	1.03e-16
 4.81459e+16	1.00e+00	1.94e-08	8.45e-17
 4.85795e+16	1.00e+00	1.77e-08	7.03e-17
 4.89924e+16	1.00e+00	1.62e-08	5.90e-17
 4.93854e+16	1.00e+00	1.49e-08	5.01e-17
 4.97596e+16	1.00e+00	1.38e-08	4.28e-17
 5.01159e+16	1.00e+00	1.28e-08	3.69e-17
 5.04552e+16	1.00e+00	1.19e-08	3.21e-17
 5.07785e+16	1.00e+00	1.12e-08	2.81e-17
 5.10865e+16	1.00e+00	1.05e-08	2.48e-17
 5.13799e+16	1.00e+00	9.87e-09	2.20e-17
 5.16595e+16	1.00e+00	9.33e-09	1.97e-17
 5.19261e+16	1.00e+00	8.84e-09	1.77e-17
 5.21805e+16	1.00e+00	8.40e-09	1.60e-17
 5.24234e+16	1.00e+00	8.00e-09	1.45e-17
 5.26555e+16	1.00e+00	7.63e-09	1.32e-17
 5.28775e+16	1.00e+00	7.30e-09	1.21e-17
 5.30901e+16	1.00e+00	7.00e-09	1.11e-17
 5.32938e+16	1.00e+00	6.72e-09	1.03e-17
 5.34891e+16	1.00e+00	6.47e-09	9.51e-18
 5.36764e+16	1.00e+00	6.24e-09	8.84e-18
 5.38567e+16	1.00e+00	6.02e-09	8.24e-18
 5.40304e+16	1.00e+00	5.82e-09	7.70e-18
 5.41980e+16	1.00e+00	5.63e-09	7.22e-18
 5.43599e+16	1.00e+00	5.45e-09	6.78e-18
 5.45167e+16	1.00e+00	5.29e-09	6.38e-18
 5.46690e+16	1.00e+00	5.14e-09	6.01e-18
 5.48173e+16	1.00e+00	4.99e-09	5.68e-18
 5.49620e+16	1.00e+00	4.85e-09	5.37e-18
 5.51039e+16	1.00e+00	4.72e-09	5.09e-18
 5.52434e+16	1.00e+00	4.60e-09	4.82e-18
 5.53813e+16	1.00e+00	4.48e-09	4.58e-18
 5.55181e+16	1.00e+00	4.36e-09	4.34e-18
 5.56547e+16	1.00e+00	4.25e-09	4.12e-18
 5.57920e+16	1.00e+00	4.14e-09	3.91e-18
 5.59309e+16	1.00e+00	4.03e-09	3.71e-18
 5.60725e+16	1.00e+00	3.92e-09	3.52e-18
 5.62184e+16	1.00e+00	3.81e-09	3.33e-18
 5.63704e+16	1.00e+00	3.70e-09	3.14e-18
 5.65308e+16	1.00e+00	3.59e-09	2.95e-18
 5.67023e+16	1.00e+00	3.47e-09	2.77e-18
 5.68891e+16	1.00e+00	3.35e-09	2.58e-18
 5.70967e+16	1.00e+00	3.22e-09	2.38e-18
 5.73329e+16	1.00e+00	3.08e-09	2.18e-18
 5.76097e+16	1.00e+00	2.92e-09	1.96e-18
 5.79450e+16	1.00e+00	2.74e-09	1.73e-18
 5.83675e+16	1.00e+00	2.53e-09	1.47e-18
 5.89138e+16	1.00e+00	2.28e-09	1.20e-18
 5.96239e+16	1.00e+00	1.99e-09	9.19e-19
 6.05471e+16	1.00e+00	1.68e-09	6.55e-19
 6.17473e+16	1.00e+00	1.35e-09	4.24e-19
 6.33075e+16	1.00e+00	1.02e-09	2.44e-19
 6.53357e+16	1.00e+00	7.20e-10	1.22e-19
 6.77141e+16	1.00e+00	4.86e-10	5.58e-20
 7.01781e+16	1.00e+00	3.29e-10	2.57e-20
 7.26419e+16	1.00e+00	2.25e-10	1.21e-20
 7.52150e+16	1.00e+00	1.52e-10	5.61e-21
 7.79236e+16	1.00e+00	1.03e-10	0.00e+00
 8.07120e+16	1.00e+00	6.91e-11	0.00e+00
 8.35542e+16	1.00e+00	4.67e-11	0.00e+00
 8.63964e+16	1.00e+00	3.20e-11	0.00e+00
 8.92386e+16	1.00e+00	2.21e-11	0.00e+00
 9.22247e+16	1.00e+00	1.51e-11	0.00e+00
 9.53547e+16	1.00e+00	1.03e-11	0.00e+00
 9.84847e+16	1.00e+00	7.05e-12	0.00e+00
 1.01615e+17	1.00e+00	4.89e-12	0.00e+00
 1.04745e+17	1.00e+00	3.43e-12	0.00e+00
 1.07875e+17	1.00e+00	2.42e-12	0.00e+00
 1.11005e+17	1.00e+00	1.73e-12	0.00e+00
 1.14135e+17	1.00e+00	1.24e-12	0.00e+00
 1.17265e+17	1.00e+00	9.03e-13	0.00e+00
 1.20205e+17	1.00e+00	6.76e-13	0.00e+00
 1.22539e+17	1.00e+00	5.43e-13	0.00e+00
 1.24057e+17	1.00e+00	4.74e-13	0.00e+00
 1.24952e+17	1.00e+00	4.39e-13	0.00e+00
 1.25489e+17	1.00e+00	4.18e-13	0.00e+00
 1.25811e+17	1.00e+00	4.06e-13	0.00e+00
 1.26033e+17	1.00e+00	3.98e-13	0.00e+00
 1.26250e+17	1.00e+00	3.90e-13	0.00e+00
 1.26492e+17	1.00e+00	3.81e-13	0.00e+00
 1.26741e+17	1.00e+00	3.73e-13	0.00e+00
 1.26972e+17	1.00e+00	3.65e-13	0.00e+00
 1.27167e+17	1.00e+00	3.59e-13	0.00e+00
 1.27344e+17	1.00e+00	3.53e-13	0.00e+00
 1.27530e+17	1.00e+00	3.47e-13	0.00e+00
 1.27719e+17	1.00e+00	3.41e-13	0.00e+00
 1.27887e+17	1.00e+00	3.36e-13	0.00e+00
 1.28027e+17	1.00e+00	3.31e-13	0.00e+00
 1.28159e+17	1.00e+00	3.27e-13	0.00e+00
 1.28298e+17	1.00e+00	3.23e-13	0.00e+00
 1.28435e+17	1.00e+00	3.19e-13	0.00e+00
 1.28557e+17	1.00e+00	3.15e-13	0.00e+00
 1.28670e+17	1.00e+00	3.12e-13	0.00e+00
 1.28782e+17	1.00e+00	3.09e-13	0.00e+00
 1.28893e+17	1.00e+00	3.06e-13	0.00e+00
 1.28994e+17	1.00e+00	3.03e-13	0.00e+00
 1.29085e+17	1.00e+00	3.01e-13	0.00e+00
 1.29183e+17	1.00e+00	2.98e-13	0.00e+00
 1.29288e+17	1.00e+00	2.95e-13	0.00e+00
 1.29380e+17	1.00e+00	2.92e-13	0.00e+00
 1.29460e+17	1.00e+00	2.90e-13	0.00e+00
 1.29546e+17	1.00e+00	2.88e-13	0.00e+00
 1.29640e+17	1.00e+00	2.85e-13	0.00e+00
 1.29725e+17	1.00e+00	2.83e-13	0.00e+00
 1.29802e+17	1.00e+00	2.81e-13	0.00e+00
 1.29882e+17	1.00e+00	2.79e-13	0.00e+00
 1.29964e+17	1.00e+00	2.76e-13	0.00e+00
 1.30046e+17	1.00e+00	2.74e-13	0.00e+00
 1.30123e+17	1.00e+00	2.72e-13	0.00e+00
 1.30196e+17	1.00e+00	2.70e-13	0.00e+00
 1.30275e+17	1.00e+00	2.68e-13	0.00e+00
 1.30359e+17	1.00e+00	2.66e-13	0.00e+00
 1.30439e+17	1.00e+00	2.64e-13	0.00e+00
 1.30515e+17	1.00e+00	2.62e-13	0.00e+00
 1.30596e+17	1.00e+00	2.60e-13	0.00e+00
 1.30679e+17	1.00e+00	2.58e-13	0.00e+00
 1.30764e+17	1.00e+00	2.55e-13	0.00e+00
 1.30849e+17	1.00e+00	2.53e-13	0.00e+00
 1.30929e+17	1.00e+00	2.51e-13	0.00e+00
 1.31009e+17	1.00e+00	2.49e-13	0.00e+00
 1.31095e+17	1.00e+00	2.47e-13	0.00e+00
 1.31189e+17	1.00e+00	2.44e-13	0.00e+00
 1.31285e+17	1.00e+00	2.42e-13	0.00e+00
 1.31381e+17	1.00e+00	2.40e-13	0.00e+00
 1.31478e+17	1.00e+00	2.37e-13	0.00e+00
 1.31574e+17	1.00e+00	2.35e-13	0.00e+00
 1.31674e+17	1.00e+00	2.33e-13	0.00e+00
 1.31778e+17	1.00e+00	2.30e-13	0.00e+00
 1.31874e+17	1.00e+00	2.28e-13	0.00e+00
 1.31976e+17	1.00e+00	2.25e-13	0.00e+00
 1.32097e+17	1.00e+00	2.22e-13	0.00e+00
 1.32223e+17	1.00e+00	2.19e-13	0.00e+00
 1.32335e+17	1.00e+00	2.17e-13	0.00e+00
 1.32445e+17	1.00e+00	2.14e-13	0.00e+00
 1.32564e+17	1.00e+00	2.12e-13	0.00e+00
 1.32696e+17	1.00e+00	2.09e-13	0.00e+00
 1.32837e+17	1.00e+00	2.06e-13	0.00e+00
 1.32976e+17	1.00e+00	2.03e-13	0.00e+00
 1.33109e+17	1.00e+00	2.00e-13	0.00e+00
 1.33242e+17	1.00e+00	1.97e-13	0.00e+00
 1.33382e+17	1.00e+00	1.94e-13	0.00e+00
 1.33533e+17	1.00e+00	1.91e-13	0.00e+00
 1.33692e+17	1.00e+00	1.87e-13	0.00e+00
 1.33855e+17	1.00e+00	1.84e-13	0.00e+00
 1.34015e+17	1.00e+00	1.81e-13	0.00e+00
 1.34178e+17	1.00e+00	1.78e-13	0.00e+00
 1.34352e+17	1.00e+00	1.74e-13	0.00e+00
 1.34534e+17	1.00e+00	1.71e-13	0.00e+00
 1.34721e+17	1.00e+00	1.68e-13	0.00e+00
 1.34911e+17	1.00e+00	1.64e-13	0.00e+00
 1.35103e+17	1.00e+00	1.61e-13	0.00e+00
 1.35305e+17	1.00e+00	1.57e-13	0.00e+00
 1.35517e+17	1.00e+00	1.53e-13	0.00e+00
 1.35736e+17	1.00e+00	1.50e-13	0.00e+00
 1.35955e+17	1.00e+00	1.46e-13	0.00e+00
 1.36177e+17	1.00e+00	1.43e-13	0.00e+00
 1.36405e+17	1.00e+00	1.39e-13	0.00e+00
 1.36648e+17	1.00e+00	1.35e-13	0.00e+00
 1.36907e+17	1.00e+00	1.31e-13	0.00e+00
 1.37167e+17	1.00e+00	1.28e-13	0.00e+00
 1.37425e+17	1.00e+00	1.24e-13	0.00e+00
 1.37685e+17	1.00e+00	1.20e-13	0.00e+00
 1.37961e+17	1.00e+00	1.17e-13	0.00e+00
 1.38253e+17	1.00e+00	1.13e-13	0.00e+00
 1.38555e+17	1.00e+00	1.09e-13	0.00e+00
 1.38856e+17	1.00e+00	1.05e-13	0.00e+00
 1.39157e+17	1.00e+00	1.02e-13	0.00e+00
 1.39472e+17	1.00e+00	9.81e-14	0.00e+00
 1.39802e+17	1.00e+00	9.45e-14	0.00e+00
 1.40140e+17	1.00e+00	9.10e-14	0.00e+00
 1.40492e+17	1.00e+00	8.73e-14	0.00e+00
 1.40859e+17	1.00e+00	8.37e-14	0.00e+00
 1.41222e+17	1.00e+00	8.03e-14	0.00e+00
 1.41589e+17	1.00e+00	7.70e-14	0.00e+00
 1.41974e+17	1.00e+00	7.37e-14	0.00e+00
 1.42381e+17	1.00e+00	7.02e-14	0.00e+00
 1.42800e+17	1.00e+00	6.71e-14	0.00e+00
 1.43233e+17	1.00e+00	6.38e-14	0.00e+00
 1.43679e+17	1.00e+00	6.06e-14	0.00e+00
 1.44126e+17	1.00e+00	5.77e-14	0.00e+00
 1.44595e+17	1.00e+00	5.48e-14	0.00e+00
 1.45099e+17	1.00e+00	5.18e-14	0.00e+00
 1.45623e+17	1.00e+00	4.88e-14	0.00e+00
 1.46151e+17	1.00e+00	4.61e-14	0.00e+00
 1.46691e+17	1.00e+00	4.35e-14	0.00e+00
 1.47263e+17	1.00e+00	4.10e-14	0.00e+00
 1.47879e+17	1.00e+00	3.84e-14	0.00e+00
 1.48501e+17	1.00e+00	3.60e-14	0.00e+00
 1.49070e+17	1.00e+00	3.40e-14	0.00e+00
 1.49568e+17	1.00e+00	3.23e-14	0.00e+00
 1.50025e+17	1.00e+00	3.08e-14	0.00e+00
 1.50473e+17	1.00e+00	2.95e-14	0.00e+00
 1.50917e+17	1.00e+00	2.82e-14	0.00e+00
 1.51341e+17	1.00e+00	2.70e-14	0.00e+00
 1.51732e+17	1.00e+00	2.59e-14	0.00e+00
 1.52088e+17	1.00e+00	2.49e-14	0.00e+00
 1.52418e+17	1.00e+00	2.41e-14	0.00e+00
 1.52731e+17	1.00e+00	2.33e-14	0.00e+00
 1.53028e+17	1.00e+00	2.26e-14	0.00e+00
 1.53306e+17	1.00e+00	2.19e-14	0.00e+00
 1.53567e+17	1.00e+00	2.13e-14	0.00e+00
 1.53812e+17	1.00e+00	2.08e-14	0.00e+00
 1.54045e+17	1.00e+00	2.03e-14	0.00e+00
 1.54270e+17	1.00e+00	1.98e-14	0.00e+00
 1.54486e+17	1.00e+00	1.93e-14	0.00e+00
 1.54694e+17	1.00e+00	1.89e-14	0.00e+00
 1.54892e+17	1.00e+00	1.85e-14	0.00e+00
 1.55083e+17	1.00e+00	1.81e-14	0.00e+00
 1.55269e+17	1.00e+00	1.77e-14	0.00e+00
 1.55452e+17	1.00e+00	1.74e-14	0.00e+00
 1.55629e+17	1.00e+00	1.70e-14	0.00e+00
 1.55803e+17	1.00e+00	1.67e-14	0.00e+00
 1.55972e+17	1.00e+00	1.64e-14	0.00e+00
 1.56137e+17	1.00e+00	1.61e-14	0.00e+00
 1.56300e+17	1.00e+00	1.59e-14	0.00e+00
 1.56460e+17	1.00e+00	1.56e-14	0.00e+00
 1.56618e+17	1.00e+00	1.53e-14	0.00e+00
 1.56773e+17	1.00e+00	1.51e-14	0.00e+00
 1.56926e+17	1.00e+00	1.48e-14	0.00e+00
 1.57101e+17	1.00e+00	1.46e-14	0.00e+00
 1.57328e+17	1.00e+00	1.42e-14	0.00e+00
 1.57623e+17	1.00e+00	1.38e-14	0.00e+00
 1.58007e+17	1.00e+00	1.32e-14	0.00e+00
 1.58505e+17	1.00e+00	1.26e-14	0.00e+00
 1.59137e+17	1.00e+00	1.18e-14	0.00e+00
 1.59824e+17	1.00e+00	1.10e-14	0.00e+00
 1.60440e+17	1.00e+00	1.04e-14	0.00e+00
 1.60962e+17	1.00e+00	9.90e-15	0.00e+00
 1.61448e+17	1.00e+00	9.45e-15	0.00e+00
 1.61966e+17	1.00e+00	8.99e-15	0.00e+00
 1.62535e+17	1.00e+00	8.52e-15	0.00e+00
 1.63126e+17	1.00e+00	8.06e-15	0.00e+00
 1.63703e+17	1.00e+00	7.65e-15	0.00e+00
 1.64264e+17	1.00e+00	7.26e-15	0.00e+00
 1.64836e+17	1.00e+00	6.89e-15	0.00e+00
 1.65445e+17	1.00e+00	6.52e-15	0.00e+00
 1.66102e+17	1.00e+00	6.15e-15	0.00e+00
 1.66802e+17	1.00e+00	5.77e-15	0.00e+00
 1.67548e+17	1.00e+00	5.40e-15	0.00e+00
 1.68367e+17	1.00e+00	5.02e-15	0.00e+00
 1.69311e+17	1.00e+00	4.62e-15	0.00e+00
 1.70458e+17	1.00e+00	4.17e-15	0.00e+00
 1.71921e+17	1.00e+00	3.67e-15	0.00e+00
 1.73823e+17	1.00e+00	3.10e-15	0.00e+00
 1.76295e+17	1.00e+00	2.51e-15	0.00e+00
 1.79509e+17	1.00e+00	1.91e-15	0.00e+00
 1.83687e+17	1.00e+00	1.34e-15	0.00e+00
 1.89118e+17	1.00e+00	8.61e-16	0.00e+00
 1.96032e+17	1.00e+00	4.95e-16	0.00e+00
 2.03873e+17	1.00e+00	2.69e-16	0.00e+00
 2.11359e+17	1.00e+00	1.53e-16	0.00e+00
 2.17811e+17	1.00e+00	9.39e-17	0.00e+00
 2.23533e+17	1.00e+00	6.12e-17	0.00e+00
 2.29876e+17	1.00e+00	3.77e-17	0.00e+00
 2.38123e+17	1.00e+00	2.03e-17	0.00e+00
 2.46445e+17	1.00e+00	1.09e-17	0.00e+00
 2.52602e+17	1.00e+00	6.65e-18	0.00e+00
 2.56594e+17	1.00e+00	4.86e-18	0.00e+00
 2.58989e+17	1.00e+00	3.99e-18	0.00e+00
 2.60427e+17	1.00e+00	3.54e-18	0.00e+00
 2.61289e+17	1.00e+00	3.28e-18	0.00e+00
 2.61806e+17	1.00e+00	3.13e-18	0.00e+00
 2.62117e+17	1.00e+00	3.05e-18	0.00e+00
 2.62339e+17	1.00e+00	2.99e-18	0.00e+00
 2.62583e+17	1.00e+00	2.92e-18	0.00e+00
 2.62899e+17	1.00e+00	2.84e-18	0.00e+00
 2.63294e+17	1.00e+00	2.74e-18	0.00e+00
 2.63708e+17	1.00e+00	2.64e-18	0.00e+00
 2.64058e+17	1.00e+00	2.55e-18	0.00e+00
 2.64330e+17	1.00e+00	2.48e-18	0.00e+00
 2.64580e+17	1.00e+00	2.39e-18	0.00e+00
 2.64868e+17	1.00e+00	2.32e-18	0.00e+00
 2.65220e+17	1.00e+00	2.24e-18	0.00e+00
 2.65585e+17	1.00e+00	2.16e-18	0.00e+00
 2.65898e+17	1.00e+00	2.10e-18	0.00e+00
 2.66153e+17	1.00e+00	2.04e-18	0.00e+00
 2.66389e+17	1.00e+00	1.99e-18	0.00e+00
 2.66655e+17	1.00e+00	1.94e-18	0.00e+00
 2.66968e+17	1.00e+00	1.88e-18	0.00e+00
 2.67295e+17	1.00e+00	1.82e-18	0.00e+00
 2.67580e+17	1.00e+00	1.76e-18	0.00e+00
 2.67815e+17	1.00e+00	1.71e-18	0.00e+00
 2.68033e+17	1.00e+00	1.67e-18	0.00e+00
 2.68274e+17	1.00e+00	1.63e-18	0.00e+00
 2.68554e+17	1.00e+00	1.58e-18	0.00e+00
 2.68841e+17	1.00e+00	1.53e-18	0.00e+00
 2.69095e+17	1.00e+00	1.48e-18	0.00e+00
 2.69313e+17	1.00e+00	1.44e-18	0.00e+00
 2.69518e+17	1.00e+00	1.40e-18	0.00e+00
 2.69742e+17	1.00e+00	1.37e-18	0.00e+00
 2.69993e+17	1.00e+00	1.32e-18	0.00e+00
 2.70251e+17	1.00e+00	1.28e-18	0.00e+00
 2.70485e+17	1.00e+00	1.24e-18	0.00e+00
 2.70687e+17	1.00e+00	1.21e-18	0.00e+00
 2.70877e+17	1.00e+00	1.18e-18	0.00e+00
 2.71084e+17	1.00e+00	1.14e-18	0.00e+00
 2.71314e+17	1.00e+00	1.11e-18	0.00e+00
 2.71549e+17	1.00e+00	1.07e-18	0.00e+00
 2.71765e+17	1.00e+00	1.03e-18	0.00e+00
 2.71956e+17	1.00e+00	1.00e-18	0.00e+00
 2.72139e+17	1.00e+00	9.75e-19	0.00e+00
 2.72333e+17	1.00e+00	9.46e-19	0.00e+00
 2.72548e+17	1.00e+00	9.14e-19	0.00e+00
 2.72766e+17	1.00e+00	8.82e-19	0.00e+00
 2.72970e+17	1.00e+00	8.52e-19	0.00e+00
 2.73155e+17	1.00e+00	8.25e-19	0.00e+00
 2.73333e+17	1.00e+00	8.00e-19	0.00e+00
