#depth	O	O+	O+2	O+3	O+4	O+5	O+6	O+7	O+8	O[1]	O[2]	O[3]
 1.49634e+10	0.00e+00	0.00e+00	2.75e-29	3.97e-21	8.26e-14	2.13e-07	1.00e+00	0.00e+00	0.00e+00	0.00e+00	0.00e+00	0.00e+00
 4.54887e+10	0.00e+00	2.80e-38	3.84e-29	5.14e-21	9.86e-14	2.34e-07	1.00e+00	4.21e-08	0.00e+00	0.00e+00	0.00e+00	0.00e+00
 7.72350e+10	0.00e+00	0.00e+00	5.37e-29	6.65e-21	1.18e-13	2.56e-07	1.00e+00	0.00e+00	0.00e+00	0.00e+00	0.00e+00	0.00e+00
 1.10251e+11	0.00e+00	6.43e-38	7.51e-29	8.60e-21	1.41e-13	2.81e-07	1.00e+00	0.00e+00	0.00e+00	0.00e+00	0.00e+00	0.00e+00
 1.43758e+11	0.00e+00	0.00e+00	1.04e-28	1.11e-20	1.68e-13	3.07e-07	1.00e+00	0.00e+00	0.00e+00	0.00e+00	0.00e+00	0.00e+00
 1.76388e+11	0.00e+00	1.41e-37	1.42e-28	1.40e-20	1.98e-13	3.34e-07	1.00e+00	0.00e+00	0.00e+00	0.00e+00	0.00e+00	0.00e+00
 2.11154e+11	0.00e+00	0.00e+00	1.94e-28	1.79e-20	2.34e-13	3.65e-07	1.00e+00	0.00e+00	0.00e+00	0.00e+00	0.00e+00	0.00e+00
 2.49527e+11	0.00e+00	3.14e-37	2.71e-28	2.32e-20	2.81e-13	4.01e-07	1.00e+00	0.00e+00	0.00e+00	0.00e+00	0.00e+00	0.00e+00
 2.88497e+11	0.00e+00	0.00e+00	3.76e-28	2.99e-20	3.36e-13	4.40e-07	1.00e+00	0.00e+00	0.00e+00	0.00e+00	0.00e+00	0.00e+00
 3.29027e+11	0.00e+00	7.00e-37	5.21e-28	3.85e-20	4.02e-13	4.83e-07	1.00e+00	0.00e+00	0.00e+00	0.00e+00	0.00e+00	0.00e+00
 3.72114e+11	0.00e+00	0.00e+00	7.27e-28	4.99e-20	4.82e-13	5.32e-07	1.00e+00	0.00e+00	0.00e+00	0.00e+00	0.00e+00	0.00e+00
 4.16926e+11	0.00e+00	1.58e-36	1.01e-27	6.46e-20	5.80e-13	5.86e-07	1.00e+00	0.00e+00	0.00e+00	0.00e+00	0.00e+00	0.00e+00
 4.57396e+11	6.77e-46	2.25e-36	1.35e-27	8.10e-20	6.80e-13	6.38e-07	1.00e+00	0.00e+00	0.00e+00	0.00e+00	0.00e+00	0.00e+00
 4.91015e+11	0.00e+00	0.00e+00	1.70e-27	9.70e-20	7.74e-13	6.83e-07	1.00e+00	0.00e+00	0.00e+00	0.00e+00	0.00e+00	0.00e+00
 5.27803e+11	0.00e+00	4.02e-36	2.18e-27	1.18e-19	8.88e-13	7.34e-07	1.00e+00	0.00e+00	0.00e+00	0.00e+00	0.00e+00	0.00e+00
 5.74532e+11	2.09e-45	5.78e-36	2.94e-27	1.49e-19	1.05e-12	8.04e-07	1.00e+00	0.00e+00	0.00e+00	0.00e+00	0.00e+00	0.00e+00
 6.23345e+11	0.00e+00	0.00e+00	3.97e-27	1.89e-19	1.25e-12	8.81e-07	1.00e+00	0.00e+00	0.00e+00	0.00e+00	0.00e+00	0.00e+00
 6.66474e+11	0.00e+00	1.14e-35	5.12e-27	2.31e-19	1.44e-12	9.52e-07	1.00e+00	0.00e+00	0.00e+00	0.00e+00	0.00e+00	0.00e+00
 7.06428e+11	6.49e-45	1.50e-35	6.44e-27	2.77e-19	1.65e-12	1.02e-06	1.00e+00	0.00e+00	0.00e+00	0.00e+00	0.00e+00	0.00e+00
 7.51744e+11	0.00e+00	0.00e+00	8.27e-27	3.38e-19	1.90e-12	1.10e-06	1.00e+00	0.00e+00	0.00e+00	0.00e+00	0.00e+00	0.00e+00
 8.07869e+11	0.00e+00	2.90e-35	1.11e-26	4.29e-19	2.26e-12	1.21e-06	1.00e+00	0.00e+00	0.00e+00	0.00e+00	0.00e+00	0.00e+00
 8.63890e+11	2.14e-44	4.09e-35	1.48e-26	5.38e-19	2.67e-12	1.33e-06	1.00e+00	0.00e+00	0.00e+00	0.00e+00	0.00e+00	0.00e+00
 9.11973e+11	0.00e+00	5.42e-35	1.88e-26	6.50e-19	3.06e-12	1.43e-06	1.00e+00	0.00e+00	0.00e+00	0.00e+00	0.00e+00	0.00e+00
 9.63890e+11	4.23e-44	7.27e-35	2.40e-26	7.90e-19	3.53e-12	1.54e-06	1.00e+00	0.00e+00	0.00e+00	0.00e+00	0.00e+00	0.00e+00
 1.02806e+12	0.00e+00	1.03e-34	3.20e-26	9.98e-19	4.19e-12	1.69e-06	1.00e+00	0.00e+00	0.00e+00	0.00e+00	0.00e+00	0.00e+00
 1.09399e+12	9.53e-44	1.45e-34	4.26e-26	1.26e-18	4.96e-12	1.86e-06	1.00e+00	0.00e+00	0.00e+00	0.00e+00	0.00e+00	0.00e+00
 1.15370e+12	0.00e+00	1.95e-34	5.47e-26	1.53e-18	5.74e-12	2.01e-06	1.00e+00	0.00e+00	0.00e+00	0.00e+00	0.00e+00	0.00e+00
 1.21951e+12	1.95e-43	2.66e-34	7.11e-26	1.90e-18	6.70e-12	2.19e-06	1.00e+00	0.00e+00	0.00e+00	0.00e+00	0.00e+00	0.00e+00
 1.29681e+12	0.00e+00	3.78e-34	9.57e-26	2.41e-18	7.98e-12	2.42e-06	1.00e+00	0.00e+00	0.00e+00	0.00e+00	0.00e+00	0.00e+00
 1.37399e+12	4.38e-43	5.29e-34	1.27e-25	3.03e-18	9.44e-12	2.65e-06	1.00e+00	0.00e+00	0.00e+00	0.00e+00	0.00e+00	0.00e+00
 1.44752e+12	0.00e+00	7.19e-34	1.64e-25	3.74e-18	1.10e-11	2.89e-06	1.00e+00	0.00e+00	0.00e+00	0.00e+00	0.00e+00	0.00e+00
 1.52861e+12	9.17e-43	9.94e-34	2.16e-25	4.67e-18	1.29e-11	3.16e-06	1.00e+00	0.00e+00	0.00e+00	0.00e+00	0.00e+00	0.00e+00
 1.61969e+12	0.00e+00	1.41e-33	2.90e-25	5.93e-18	1.54e-11	3.48e-06	1.00e+00	0.00e+00	0.00e+00	0.00e+00	0.00e+00	0.00e+00
 1.70168e+12	1.95e-42	1.90e-33	3.74e-25	7.29e-18	1.79e-11	3.79e-06	1.00e+00	0.00e+00	0.00e+00	0.00e+00	0.00e+00	0.00e+00
 1.76941e+12	0.00e+00	2.42e-33	4.59e-25	8.60e-18	2.02e-11	4.05e-06	1.00e+00	0.00e+00	0.00e+00	0.00e+00	0.00e+00	0.00e+00
 1.84341e+12	3.48e-42	3.11e-33	5.69e-25	1.02e-17	2.29e-11	4.35e-06	1.00e+00	0.00e+00	0.00e+00	0.00e+00	0.00e+00	0.00e+00
 1.93790e+12	0.00e+00	4.26e-33	7.42e-25	1.27e-17	2.68e-11	4.74e-06	1.00e+00	0.00e+00	0.00e+00	0.00e+00	0.00e+00	0.00e+00
 2.03331e+12	7.11e-42	5.76e-33	9.59e-25	1.57e-17	3.12e-11	5.17e-06	1.00e+00	0.00e+00	0.00e+00	0.00e+00	0.00e+00	0.00e+00
 2.11233e+12	0.00e+00	7.34e-33	1.18e-24	1.85e-17	3.52e-11	5.53e-06	1.00e+00	0.00e+00	0.00e+00	0.00e+00	0.00e+00	0.00e+00
 2.19581e+12	1.26e-41	9.42e-33	1.46e-24	2.20e-17	3.98e-11	5.92e-06	1.00e+00	0.00e+00	0.00e+00	0.00e+00	0.00e+00	0.00e+00
 2.30281e+12	0.00e+00	1.28e-32	1.89e-24	2.73e-17	4.63e-11	6.46e-06	1.00e+00	0.00e+00	0.00e+00	0.00e+00	0.00e+00	0.00e+00
 2.41496e+12	2.58e-41	1.75e-32	2.47e-24	3.38e-17	5.41e-11	7.04e-06	1.00e+00	0.00e+00	0.00e+00	0.00e+00	0.00e+00	0.00e+00
 2.51332e+12	0.00e+00	2.27e-32	3.09e-24	4.06e-17	6.16e-11	7.58e-06	1.00e+00	0.00e+00	0.00e+00	0.00e+00	0.00e+00	0.00e+00
 2.61921e+12	4.82e-41	2.99e-32	3.90e-24	4.91e-17	7.05e-11	8.17e-06	1.00e+00	0.00e+00	0.00e+00	0.00e+00	0.00e+00	0.00e+00
 2.73659e+12	0.00e+00	4.01e-32	5.00e-24	6.01e-17	8.14e-11	8.87e-06	1.00e+00	0.00e+00	0.00e+00	0.00e+00	0.00e+00	0.00e+00
 2.84543e+12	9.16e-41	5.21e-32	6.26e-24	7.22e-17	9.27e-11	9.54e-06	1.00e+00	0.00e+00	0.00e+00	0.00e+00	0.00e+00	0.00e+00
 2.96344e+12	0.00e+00	6.88e-32	7.93e-24	8.74e-17	1.06e-10	1.03e-05	1.00e+00	0.00e+00	0.00e+00	0.00e+00	0.00e+00	0.00e+00
 3.09463e+12	1.78e-40	9.25e-32	1.02e-23	1.07e-16	1.23e-10	1.12e-05	1.00e+00	0.00e+00	0.00e+00	0.00e+00	0.00e+00	0.00e+00
 3.21690e+12	0.00e+00	1.21e-31	1.28e-23	1.29e-16	1.40e-10	1.20e-05	1.00e+00	0.00e+00	0.00e+00	0.00e+00	0.00e+00	0.00e+00
 3.34983e+12	3.36e-40	1.60e-31	1.63e-23	1.57e-16	1.60e-10	1.30e-05	1.00e+00	0.00e+00	0.00e+00	0.00e+00	0.00e+00	0.00e+00
 3.49769e+12	0.00e+00	2.17e-31	2.12e-23	1.94e-16	1.86e-10	1.41e-05	1.00e+00	0.00e+00	0.00e+00	0.00e+00	0.00e+00	0.00e+00
 3.63589e+12	6.55e-40	2.86e-31	2.68e-23	2.34e-16	2.12e-10	1.52e-05	1.00e+00	0.00e+00	0.00e+00	0.00e+00	0.00e+00	0.00e+00
 3.78649e+12	0.00e+00	3.83e-31	3.43e-23	2.86e-16	2.43e-10	1.64e-05	1.00e+00	0.00e+00	0.00e+00	0.00e+00	0.00e+00	0.00e+00
 3.95459e+12	1.31e-39	5.23e-31	4.48e-23	3.55e-16	2.83e-10	1.79e-05	1.00e+00	0.00e+00	0.00e+00	0.00e+00	0.00e+00	0.00e+00
 4.11267e+12	0.00e+00	6.97e-31	5.71e-23	4.31e-16	3.24e-10	1.93e-05	1.00e+00	0.00e+00	0.00e+00	0.00e+00	0.00e+00	0.00e+00
 4.28540e+12	2.60e-39	9.44e-31	7.39e-23	5.31e-16	3.73e-10	2.09e-05	1.00e+00	0.00e+00	0.00e+00	0.00e+00	0.00e+00	0.00e+00
 4.47878e+12	0.00e+00	1.31e-30	9.75e-23	6.63e-16	4.35e-10	2.27e-05	1.00e+00	0.00e+00	0.00e+00	0.00e+00	0.00e+00	0.00e+00
 4.66186e+12	5.36e-39	1.77e-30	1.26e-22	8.13e-16	5.01e-10	2.46e-05	1.00e+00	0.00e+00	0.00e+00	0.00e+00	0.00e+00	0.00e+00
 4.85912e+12	0.00e+00	2.42e-30	1.64e-22	1.01e-15	5.79e-10	2.66e-05	1.00e+00	0.00e+00	0.00e+00	0.00e+00	0.00e+00	0.00e+00
 5.08341e+12	1.15e-38	3.42e-30	2.20e-22	1.27e-15	6.79e-10	2.91e-05	1.00e+00	0.00e+00	0.00e+00	0.00e+00	0.00e+00	0.00e+00
 5.30377e+12	0.00e+00	4.74e-30	2.90e-22	1.58e-15	7.89e-10	3.16e-05	1.00e+00	0.00e+00	0.00e+00	0.00e+00	0.00e+00	0.00e+00
 5.53294e+12	2.45e-38	6.59e-30	3.82e-22	1.97e-15	9.17e-10	3.44e-05	1.00e+00	0.00e+00	0.00e+00	0.00e+00	0.00e+00	0.00e+00
 5.78418e+12	0.00e+00	9.36e-30	5.13e-22	2.49e-15	1.07e-09	3.75e-05	1.00e+00	0.00e+00	0.00e+00	0.00e+00	0.00e+00	0.00e+00
 6.04548e+12	5.58e-38	1.34e-29	6.91e-22	3.14e-15	1.26e-09	4.09e-05	1.00e+00	0.00e+00	0.00e+00	0.00e+00	0.00e+00	0.00e+00
 6.31722e+12	0.00e+00	1.90e-29	9.28e-22	3.97e-15	1.47e-09	4.46e-05	1.00e+00	0.00e+00	0.00e+00	0.00e+00	0.00e+00	0.00e+00
 6.57382e+12	1.22e-37	2.63e-29	1.22e-21	4.90e-15	1.70e-09	4.82e-05	1.00e+00	0.00e+00	0.00e+00	0.00e+00	0.00e+00	0.00e+00
 6.80538e+12	0.00e+00	3.49e-29	1.54e-21	5.90e-15	1.93e-09	5.16e-05	1.00e+00	0.00e+00	0.00e+00	0.00e+00	0.00e+00	0.00e+00
 7.02413e+12	2.30e-37	4.53e-29	1.92e-21	7.00e-15	2.16e-09	5.49e-05	1.00e+00	0.00e+00	0.00e+00	0.00e+00	0.00e+00	0.00e+00
 7.26619e+12	0.00e+00	6.02e-29	2.42e-21	8.40e-15	2.44e-09	5.86e-05	1.00e+00	0.00e+00	0.00e+00	0.00e+00	0.00e+00	0.00e+00
 7.53766e+12	4.61e-37	8.21e-29	3.13e-21	1.02e-14	2.79e-09	6.30e-05	1.00e+00	0.00e+00	0.00e+00	0.00e+00	0.00e+00	0.00e+00
 7.79601e+12	0.00e+00	1.09e-28	3.96e-21	1.23e-14	3.16e-09	6.73e-05	1.00e+00	0.00e+00	0.00e+00	0.00e+00	0.00e+00	0.00e+00
 8.08049e+12	9.18e-37	1.48e-28	5.10e-21	1.50e-14	3.60e-09	7.21e-05	1.00e+00	0.00e+00	0.00e+00	0.00e+00	0.00e+00	0.00e+00
 8.39145e+12	0.00e+00	2.05e-28	6.67e-21	1.84e-14	4.13e-09	7.77e-05	1.00e+00	0.00e+00	0.00e+00	0.00e+00	0.00e+00	0.00e+00
 8.67469e+12	1.88e-36	2.73e-28	8.45e-21	2.21e-14	4.67e-09	8.28e-05	1.00e+00	0.00e+00	0.00e+00	0.00e+00	0.00e+00	0.00e+00
 8.98076e+12	0.00e+00	3.69e-28	1.08e-20	2.67e-14	5.31e-09	8.86e-05	1.00e+00	0.00e+00	0.00e+00	0.00e+00	0.00e+00	0.00e+00
 9.32493e+12	3.98e-36	5.15e-28	1.42e-20	3.29e-14	6.10e-09	9.53e-05	1.00e+00	0.00e+00	0.00e+00	0.00e+00	0.00e+00	0.00e+00
 9.65194e+12	0.00e+00	6.98e-28	1.82e-20	3.98e-14	6.93e-09	1.02e-04	1.00e+00	0.00e+00	0.00e+00	0.00e+00	0.00e+00	0.00e+00
 1.00104e+13	8.34e-36	9.65e-28	2.37e-20	4.87e-14	7.94e-09	1.09e-04	1.00e+00	0.00e+00	0.00e+00	0.00e+00	0.00e+00	0.00e+00
 1.04064e+13	0.00e+00	1.37e-27	3.15e-20	6.05e-14	9.18e-09	1.18e-04	1.00e+00	0.00e+00	0.00e+00	0.00e+00	0.00e+00	0.00e+00
 1.07740e+13	1.82e-35	1.87e-27	4.07e-20	7.34e-14	1.04e-08	1.26e-04	1.00e+00	0.00e+00	0.00e+00	0.00e+00	0.00e+00	0.00e+00
 1.11747e+13	0.00e+00	2.61e-27	5.33e-20	9.01e-14	1.20e-08	1.35e-04	1.00e+00	0.00e+00	0.00e+00	0.00e+00	0.00e+00	0.00e+00
 1.16254e+13	4.17e-35	3.75e-27	7.15e-20	1.13e-13	1.39e-08	1.46e-04	1.00e+00	0.00e+00	0.00e+00	0.00e+00	0.00e+00	0.00e+00
 1.20547e+13	6.19e-35	5.23e-27	9.36e-20	1.38e-13	1.59e-08	1.56e-04	1.00e+00	0.00e+00	0.00e+00	0.00e+00	0.00e+00	0.00e+00
 1.25201e+13	9.40e-35	7.42e-27	1.24e-19	1.71e-13	1.84e-08	1.68e-04	1.00e+00	0.00e+00	0.00e+00	0.00e+00	0.00e+00	0.00e+00
 1.30360e+13	1.47e-34	1.08e-26	1.68e-19	2.15e-13	2.14e-08	1.82e-04	1.00e+00	0.00e+00	0.00e+00	0.00e+00	0.00e+00	0.00e+00
 1.35298e+13	2.22e-34	1.53e-26	2.22e-19	2.65e-13	2.46e-08	1.95e-04	1.00e+00	0.00e+00	0.00e+00	0.00e+00	0.00e+00	0.00e+00
 1.40582e+13	3.42e-34	2.19e-26	2.97e-19	3.30e-13	2.85e-08	2.10e-04	1.00e+00	0.00e+00	0.00e+00	0.00e+00	0.00e+00	0.00e+00
 1.46504e+13	5.47e-34	3.24e-26	4.07e-19	4.17e-13	3.33e-08	2.27e-04	1.00e+00	0.00e+00	0.00e+00	0.00e+00	0.00e+00	0.00e+00
 1.52433e+13	8.59e-34	4.71e-26	5.50e-19	5.24e-13	3.87e-08	2.45e-04	1.00e+00	0.00e+00	0.00e+00	0.00e+00	0.00e+00	0.00e+00
 1.58599e+13	1.35e-33	6.87e-26	7.44e-19	6.57e-13	4.51e-08	2.64e-04	1.00e+00	0.00e+00	0.00e+00	0.00e+00	0.00e+00	0.00e+00
 1.65242e+13	2.15e-33	1.02e-25	1.02e-18	8.31e-13	5.27e-08	2.85e-04	1.00e+00	0.00e+00	0.00e+00	0.00e+00	0.00e+00	0.00e+00
 1.72151e+13	3.44e-33	1.50e-25	1.39e-18	1.05e-12	6.17e-08	3.09e-04	1.00e+00	0.00e+00	0.00e+00	0.00e+00	0.00e+00	0.00e+00
 1.79336e+13	5.50e-33	2.22e-25	1.91e-18	1.33e-12	7.21e-08	3.34e-04	1.00e+00	0.00e+00	0.00e+00	0.00e+00	0.00e+00	0.00e+00
 1.86308e+13	8.61e-33	3.22e-25	2.57e-18	1.66e-12	8.35e-08	3.58e-04	1.00e+00	0.00e+00	0.00e+00	0.00e+00	0.00e+00	0.00e+00
 1.92883e+13	1.27e-32	4.46e-25	3.35e-18	2.02e-12	9.54e-08	3.83e-04	1.00e+00	0.00e+00	0.00e+00	0.00e+00	0.00e+00	0.00e+00
 1.99041e+13	1.83e-32	6.05e-25	4.27e-18	2.43e-12	1.08e-07	4.07e-04	1.00e+00	0.00e+00	0.00e+00	0.00e+00	0.00e+00	0.00e+00
 2.05692e+13	2.70e-32	8.35e-25	5.51e-18	2.94e-12	1.22e-07	4.33e-04	1.00e+00	0.00e+00	0.00e+00	0.00e+00	0.00e+00	0.00e+00
 2.13183e+13	4.09e-32	1.18e-24	7.27e-18	3.61e-12	1.40e-07	4.64e-04	1.00e+00	0.00e+00	0.00e+00	0.00e+00	0.00e+00	0.00e+00
 2.20330e+13	5.91e-32	1.61e-24	9.37e-18	4.37e-12	1.59e-07	4.95e-04	1.00e+00	0.00e+00	0.00e+00	0.00e+00	0.00e+00	0.00e+00
 2.28182e+13	8.91e-32	2.26e-24	1.23e-17	5.36e-12	1.82e-07	5.29e-04	9.99e-01	0.00e+00	0.00e+00	0.00e+00	0.00e+00	0.00e+00
 2.36993e+13	1.39e-31	3.28e-24	1.65e-17	6.68e-12	2.11e-07	5.68e-04	9.99e-01	0.00e+00	0.00e+00	0.00e+00	0.00e+00	0.00e+00
 2.45393e+13	2.08e-31	4.58e-24	2.17e-17	8.18e-12	2.42e-07	6.08e-04	9.99e-01	0.00e+00	0.00e+00	0.00e+00	0.00e+00	0.00e+00
 2.54557e+13	3.15e-31	6.48e-24	2.88e-17	1.01e-11	2.79e-07	6.53e-04	9.99e-01	0.00e+00	0.00e+00	0.00e+00	0.00e+00	0.00e+00
 2.64771e+13	4.97e-31	9.48e-24	3.91e-17	1.27e-11	3.25e-07	7.04e-04	9.99e-01	0.00e+00	0.00e+00	0.00e+00	0.00e+00	0.00e+00
 2.74653e+13	7.63e-31	1.36e-23	5.21e-17	1.58e-11	3.75e-07	7.56e-04	9.99e-01	0.00e+00	0.00e+00	0.00e+00	0.00e+00	0.00e+00
 2.85199e+13	1.16e-30	1.93e-23	6.97e-17	1.97e-11	4.34e-07	8.14e-04	9.99e-01	0.00e+00	0.00e+00	0.00e+00	0.00e+00	0.00e+00
 2.95951e+13	1.80e-30	2.78e-23	9.31e-17	2.44e-11	5.01e-07	8.75e-04	9.99e-01	0.00e+00	0.00e+00	0.00e+00	0.00e+00	0.00e+00
 3.05452e+13	2.54e-30	3.73e-23	1.19e-16	2.93e-11	5.66e-07	9.31e-04	9.99e-01	0.00e+00	0.00e+00	0.00e+00	0.00e+00	0.00e+00
 3.15776e+13	3.77e-30	5.17e-23	1.54e-16	3.56e-11	6.45e-07	9.93e-04	9.99e-01	0.00e+00	0.00e+00	0.00e+00	0.00e+00	0.00e+00
 3.28193e+13	5.76e-30	7.41e-23	2.08e-16	4.47e-11	7.50e-07	1.07e-03	9.99e-01	0.00e+00	0.00e+00	0.00e+00	0.00e+00	0.00e+00
 3.40475e+13	8.86e-30	1.06e-22	2.77e-16	5.54e-11	8.65e-07	1.15e-03	9.99e-01	0.00e+00	0.00e+00	0.00e+00	0.00e+00	0.00e+00
 3.51437e+13	1.25e-29	1.42e-22	3.54e-16	6.67e-11	9.79e-07	1.23e-03	9.99e-01	0.00e+00	0.00e+00	0.00e+00	0.00e+00	0.00e+00
 3.63537e+13	1.83e-29	1.96e-22	4.61e-16	8.13e-11	1.12e-06	1.31e-03	9.99e-01	0.00e+00	0.00e+00	0.00e+00	0.00e+00	0.00e+00
 3.77933e+13	2.84e-29	2.84e-22	6.23e-16	1.02e-10	1.30e-06	1.42e-03	9.99e-01	0.00e+00	0.00e+00	0.00e+00	0.00e+00	0.00e+00
 3.92183e+13	4.37e-29	4.07e-22	8.33e-16	1.27e-10	1.50e-06	1.52e-03	9.98e-01	0.00e+00	0.00e+00	0.00e+00	0.00e+00	0.00e+00
 4.05203e+13	6.21e-29	5.49e-22	1.07e-15	1.54e-10	1.71e-06	1.63e-03	9.98e-01	0.00e+00	0.00e+00	0.00e+00	0.00e+00	0.00e+00
 4.19759e+13	9.37e-29	7.75e-22	1.41e-15	1.89e-10	1.96e-06	1.74e-03	9.98e-01	0.00e+00	0.00e+00	0.00e+00	0.00e+00	0.00e+00
 4.36696e+13	1.43e-28	1.11e-21	1.92e-15	2.39e-10	2.29e-06	1.89e-03	9.98e-01	0.00e+00	0.00e+00	0.00e+00	0.00e+00	0.00e+00
 4.53284e+13	2.21e-28	1.60e-21	2.57e-15	2.97e-10	2.65e-06	2.03e-03	9.98e-01	0.00e+00	0.00e+00	0.00e+00	0.00e+00	0.00e+00
 4.68913e+13	3.16e-28	2.18e-21	3.34e-15	3.63e-10	3.03e-06	2.18e-03	9.98e-01	0.00e+00	0.00e+00	0.00e+00	0.00e+00	0.00e+00
 4.86345e+13	4.75e-28	3.08e-21	4.45e-15	4.50e-10	3.50e-06	2.34e-03	9.98e-01	0.00e+00	0.00e+00	0.00e+00	0.00e+00	0.00e+00
 5.06098e+13	7.35e-28	4.46e-21	6.06e-15	5.69e-10	4.09e-06	2.53e-03	9.97e-01	0.00e+00	0.00e+00	0.00e+00	0.00e+00	0.00e+00
 5.25795e+13	1.15e-27	6.47e-21	8.18e-15	7.13e-10	4.75e-06	2.73e-03	9.97e-01	0.00e+00	0.00e+00	0.00e+00	0.00e+00	0.00e+00
 5.44218e+13	1.64e-27	8.81e-21	1.07e-14	8.73e-10	5.44e-06	2.93e-03	9.97e-01	0.00e+00	0.00e+00	0.00e+00	0.00e+00	0.00e+00
 5.64225e+13	2.45e-27	1.24e-20	1.42e-14	1.08e-09	6.27e-06	3.15e-03	9.97e-01	0.00e+00	0.00e+00	0.00e+00	0.00e+00	0.00e+00
 5.86638e+13	3.83e-27	1.80e-20	1.92e-14	1.36e-09	7.31e-06	3.40e-03	9.97e-01	0.00e+00	0.00e+00	0.00e+00	0.00e+00	0.00e+00
 6.07576e+13	5.62e-27	2.50e-20	2.53e-14	1.67e-09	8.39e-06	3.65e-03	9.96e-01	0.00e+00	0.00e+00	0.00e+00	0.00e+00	0.00e+00
 6.26912e+13	7.78e-27	3.31e-20	3.23e-14	2.01e-09	9.49e-06	3.88e-03	9.96e-01	0.00e+00	0.00e+00	0.00e+00	0.00e+00	0.00e+00
 6.45435e+13	1.09e-26	4.40e-20	4.06e-14	2.39e-09	1.06e-05	4.11e-03	9.96e-01	0.00e+00	0.00e+00	0.00e+00	0.00e+00	0.00e+00
 6.65961e+13	1.50e-26	5.81e-20	5.17e-14	2.87e-09	1.20e-05	4.38e-03	9.96e-01	0.00e+00	0.00e+00	0.00e+00	0.00e+00	0.00e+00
 6.88661e+13	2.23e-26	8.07e-20	6.74e-14	3.50e-09	1.37e-05	4.68e-03	9.95e-01	0.00e+00	0.00e+00	0.00e+00	0.00e+00	0.00e+00
 7.09851e+13	3.03e-26	1.06e-19	8.53e-14	4.19e-09	1.55e-05	4.98e-03	9.95e-01	0.00e+00	0.00e+00	0.00e+00	0.00e+00	0.00e+00
 7.33060e+13	4.32e-26	1.43e-19	1.10e-13	5.07e-09	1.76e-05	5.31e-03	9.95e-01	0.00e+00	0.00e+00	0.00e+00	0.00e+00	0.00e+00
 7.59109e+13	6.43e-26	2.00e-19	1.44e-13	6.23e-09	2.02e-05	5.69e-03	9.94e-01	0.00e+00	0.00e+00	0.00e+00	0.00e+00	0.00e+00
 7.83909e+13	8.92e-26	2.66e-19	1.86e-13	7.54e-09	2.29e-05	6.07e-03	9.94e-01	0.00e+00	0.00e+00	0.00e+00	0.00e+00	0.00e+00
 8.11209e+13	1.32e-25	3.71e-19	2.43e-13	9.23e-09	2.62e-05	6.50e-03	9.93e-01	0.00e+00	0.00e+00	0.00e+00	0.00e+00	0.00e+00
 8.41369e+13	1.91e-25	5.11e-19	3.23e-13	1.15e-08	3.02e-05	6.99e-03	9.93e-01	0.00e+00	0.00e+00	0.00e+00	0.00e+00	0.00e+00
 8.69202e+13	2.74e-25	6.95e-19	4.17e-13	1.39e-08	3.44e-05	7.46e-03	9.93e-01	0.00e+00	0.00e+00	0.00e+00	0.00e+00	0.00e+00
 8.99339e+13	4.03e-25	9.62e-19	5.45e-13	1.70e-08	3.93e-05	7.98e-03	9.92e-01	0.00e+00	0.00e+00	0.00e+00	0.00e+00	0.00e+00
 9.32993e+13	5.82e-25	1.33e-18	7.26e-13	2.11e-08	4.54e-05	8.60e-03	9.91e-01	0.00e+00	0.00e+00	0.00e+00	0.00e+00	0.00e+00
 9.64598e+13	8.54e-25	1.83e-18	9.43e-13	2.57e-08	5.18e-05	9.19e-03	9.91e-01	0.00e+00	0.00e+00	0.00e+00	0.00e+00	0.00e+00
 9.99065e+13	1.22e-24	2.51e-18	1.24e-12	3.16e-08	5.95e-05	9.86e-03	9.90e-01	0.00e+00	0.00e+00	0.00e+00	0.00e+00	0.00e+00
 1.03736e+14	1.85e-24	3.57e-18	1.66e-12	3.95e-08	6.90e-05	1.06e-02	9.89e-01	0.00e+00	0.00e+00	0.00e+00	0.00e+00	0.00e+00
 1.07314e+14	2.57e-24	4.79e-18	2.16e-12	4.83e-08	7.88e-05	1.14e-02	9.89e-01	0.00e+00	0.00e+00	0.00e+00	0.00e+00	0.00e+00
 1.11207e+14	3.79e-24	6.68e-18	2.86e-12	5.96e-08	9.07e-05	1.22e-02	9.88e-01	0.00e+00	0.00e+00	0.00e+00	0.00e+00	0.00e+00
 1.15556e+14	5.58e-24	9.38e-18	3.85e-12	7.48e-08	1.05e-04	1.32e-02	9.87e-01	0.00e+00	0.00e+00	0.00e+00	0.00e+00	0.00e+00
 1.19667e+14	8.15e-24	1.30e-17	5.06e-12	9.20e-08	1.21e-04	1.42e-02	9.86e-01	0.00e+00	0.00e+00	0.00e+00	0.00e+00	0.00e+00
 1.24072e+14	1.17e-23	1.78e-17	6.69e-12	1.14e-07	1.40e-04	1.53e-02	9.85e-01	0.00e+00	0.00e+00	0.00e+00	0.00e+00	0.00e+00
 1.29065e+14	1.80e-23	2.59e-17	9.11e-12	1.44e-07	1.63e-04	1.66e-02	9.83e-01	0.00e+00	0.00e+00	0.00e+00	0.00e+00	0.00e+00
 1.33970e+14	2.58e-23	3.56e-17	1.21e-11	1.79e-07	1.89e-04	1.79e-02	9.82e-01	0.00e+00	0.00e+00	0.00e+00	0.00e+00	0.00e+00
 1.38681e+14	3.73e-23	4.90e-17	1.59e-11	2.20e-07	2.16e-04	1.92e-02	9.81e-01	0.00e+00	0.00e+00	0.00e+00	0.00e+00	0.00e+00
 1.43868e+14	5.34e-23	6.73e-17	2.10e-11	2.73e-07	2.49e-04	2.07e-02	9.79e-01	0.00e+00	0.00e+00	0.00e+00	0.00e+00	0.00e+00
 1.49652e+14	8.01e-23	9.61e-17	2.86e-11	3.45e-07	2.91e-04	2.24e-02	9.77e-01	0.00e+00	0.00e+00	0.00e+00	0.00e+00	0.00e+00
 1.54572e+14	1.08e-22	1.26e-16	3.66e-11	4.17e-07	3.30e-04	2.40e-02	9.76e-01	0.00e+00	0.00e+00	0.00e+00	0.00e+00	0.00e+00
 1.58190e+14	1.37e-22	1.55e-16	4.37e-11	4.78e-07	3.62e-04	2.52e-02	9.74e-01	0.00e+00	0.00e+00	0.00e+00	0.00e+00	0.00e+00
 1.61978e+14	1.73e-22	1.91e-16	5.24e-11	5.49e-07	3.96e-04	2.65e-02	9.73e-01	0.00e+00	0.00e+00	0.00e+00	0.00e+00	0.00e+00
 1.66903e+14	2.33e-22	2.49e-16	6.59e-11	6.56e-07	4.46e-04	2.82e-02	9.71e-01	0.00e+00	0.00e+00	0.00e+00	0.00e+00	0.00e+00
 1.72335e+14	3.15e-22	3.27e-16	8.42e-11	7.92e-07	5.05e-04	3.01e-02	9.69e-01	0.00e+00	0.00e+00	0.00e+00	0.00e+00	0.00e+00
 1.77362e+14	4.22e-22	4.23e-16	1.05e-10	9.38e-07	5.65e-04	3.20e-02	9.67e-01	0.00e+00	0.00e+00	0.00e+00	0.00e+00	0.00e+00
 1.82832e+14	5.60e-22	5.48e-16	1.32e-10	1.12e-06	6.35e-04	3.41e-02	9.65e-01	0.00e+00	0.00e+00	0.00e+00	0.00e+00	0.00e+00
 1.88965e+14	7.74e-22	7.32e-16	1.70e-10	1.36e-06	7.22e-04	3.65e-02	9.63e-01	0.00e+00	0.00e+00	0.00e+00	0.00e+00	0.00e+00
 1.94787e+14	1.04e-21	9.53e-16	2.15e-10	1.63e-06	8.12e-04	3.89e-02	9.60e-01	0.00e+00	0.00e+00	0.00e+00	0.00e+00	0.00e+00
 2.01185e+14	1.41e-21	1.26e-15	2.74e-10	1.97e-06	9.20e-04	4.17e-02	9.57e-01	0.00e+00	0.00e+00	0.00e+00	0.00e+00	0.00e+00
 2.08314e+14	1.97e-21	1.70e-15	3.57e-10	2.41e-06	1.05e-03	4.48e-02	9.54e-01	0.00e+00	0.00e+00	0.00e+00	0.00e+00	0.00e+00
 2.15050e+14	2.66e-21	2.24e-15	4.56e-10	2.91e-06	1.19e-03	4.79e-02	9.51e-01	0.00e+00	0.00e+00	0.00e+00	0.00e+00	0.00e+00
 2.22461e+14	3.67e-21	3.01e-15	5.89e-10	3.55e-06	1.36e-03	5.15e-02	9.47e-01	0.00e+00	0.00e+00	0.00e+00	0.00e+00	0.00e+00
 2.30676e+14	5.17e-21	4.11e-15	7.78e-10	4.39e-06	1.56e-03	5.55e-02	9.43e-01	0.00e+00	0.00e+00	0.00e+00	0.00e+00	0.00e+00
 2.38303e+14	7.02e-21	5.46e-15	9.96e-10	5.32e-06	1.76e-03	5.95e-02	9.39e-01	0.00e+00	0.00e+00	0.00e+00	0.00e+00	0.00e+00
 2.46587e+14	9.82e-21	7.39e-15	1.29e-09	6.49e-06	2.01e-03	6.39e-02	9.34e-01	0.00e+00	0.00e+00	0.00e+00	0.00e+00	0.00e+00
 2.55834e+14	1.39e-20	1.02e-14	1.71e-09	8.06e-06	2.31e-03	6.90e-02	9.29e-01	0.00e+00	0.00e+00	0.00e+00	0.00e+00	0.00e+00
 2.64474e+14	1.91e-20	1.36e-14	2.21e-09	9.78e-06	2.62e-03	7.39e-02	9.23e-01	0.00e+00	0.00e+00	0.00e+00	0.00e+00	0.00e+00
 2.73848e+14	2.68e-20	1.86e-14	2.88e-09	1.20e-05	2.99e-03	7.94e-02	9.18e-01	0.00e+00	0.00e+00	0.00e+00	0.00e+00	0.00e+00
 2.84316e+14	3.86e-20	2.59e-14	3.84e-09	1.49e-05	3.45e-03	8.58e-02	9.11e-01	0.00e+00	0.00e+00	0.00e+00	0.00e+00	0.00e+00
 2.94147e+14	5.36e-20	3.50e-14	4.99e-09	1.82e-05	3.92e-03	9.19e-02	9.04e-01	0.00e+00	0.00e+00	0.00e+00	0.00e+00	0.00e+00
 3.04801e+14	7.58e-20	4.82e-14	6.55e-09	2.24e-05	4.47e-03	9.88e-02	8.97e-01	0.00e+00	0.00e+00	0.00e+00	0.00e+00	0.00e+00
 3.16693e+14	1.11e-19	6.80e-14	8.79e-09	2.79e-05	5.16e-03	1.07e-01	8.88e-01	0.00e+00	0.00e+00	0.00e+00	0.00e+00	0.00e+00
 3.28014e+14	1.57e-19	9.34e-14	1.15e-08	3.42e-05	5.88e-03	1.14e-01	8.80e-01	0.00e+00	0.00e+00	0.00e+00	0.00e+00	0.00e+00
 3.40117e+14	2.25e-19	1.30e-13	1.52e-08	4.22e-05	6.72e-03	1.23e-01	8.71e-01	0.00e+00	0.00e+00	0.00e+00	0.00e+00	0.00e+00
 3.53752e+14	3.34e-19	1.86e-13	2.06e-08	5.29e-05	7.76e-03	1.33e-01	8.60e-01	0.00e+00	0.00e+00	0.00e+00	0.00e+00	0.00e+00
 3.67234e+14	4.86e-19	2.61e-13	2.74e-08	6.56e-05	8.90e-03	1.42e-01	8.49e-01	0.00e+00	0.00e+00	0.00e+00	0.00e+00	0.00e+00
 3.78251e+14	6.46e-19	3.40e-13	3.44e-08	7.76e-05	9.91e-03	1.50e-01	8.40e-01	0.00e+00	0.00e+00	0.00e+00	0.00e+00	0.00e+00
 3.86822e+14	8.25e-19	4.22e-13	4.09e-08	8.82e-05	1.07e-02	1.57e-01	8.32e-01	0.00e+00	0.00e+00	0.00e+00	0.00e+00	0.00e+00
 3.96215e+14	1.06e-18	5.28e-13	4.91e-08	1.01e-04	1.17e-02	1.64e-01	8.24e-01	0.00e+00	0.00e+00	0.00e+00	0.00e+00	0.00e+00
 4.08427e+14	1.44e-18	6.99e-13	6.20e-08	1.20e-04	1.31e-02	1.73e-01	8.13e-01	0.00e+00	0.00e+00	0.00e+00	0.00e+00	0.00e+00
 4.21623e+14	1.96e-18	9.25e-13	7.91e-08	1.44e-04	1.46e-02	1.83e-01	8.02e-01	0.00e+00	0.00e+00	0.00e+00	0.00e+00	0.00e+00
 4.33522e+14	2.68e-18	1.22e-12	9.79e-08	1.68e-04	1.61e-02	1.93e-01	7.91e-01	0.00e+00	0.00e+00	0.00e+00	0.00e+00	0.00e+00
 4.46417e+14	3.63e-18	1.60e-12	1.22e-07	1.99e-04	1.79e-02	2.03e-01	7.79e-01	0.00e+00	0.00e+00	0.00e+00	0.00e+00	0.00e+00
 4.62795e+14	5.32e-18	2.24e-12	1.61e-07	2.43e-04	2.03e-02	2.16e-01	7.64e-01	0.00e+00	0.00e+00	0.00e+00	0.00e+00	0.00e+00
 4.79250e+14	7.66e-18	3.10e-12	2.10e-07	2.95e-04	2.29e-02	2.28e-01	7.48e-01	0.00e+00	0.00e+00	0.00e+00	0.00e+00	0.00e+00
 4.93040e+14	1.04e-17	4.04e-12	2.61e-07	3.46e-04	2.53e-02	2.39e-01	7.35e-01	0.00e+00	0.00e+00	0.00e+00	0.00e+00	0.00e+00
 5.07815e+14	1.42e-17	5.33e-12	3.26e-07	4.07e-04	2.79e-02	2.51e-01	7.21e-01	0.00e+00	0.00e+00	0.00e+00	0.00e+00	0.00e+00
 5.26505e+14	2.08e-17	7.47e-12	4.29e-07	4.96e-04	3.15e-02	2.65e-01	7.03e-01	0.00e+00	0.00e+00	0.00e+00	0.00e+00	0.00e+00
 5.46104e+14	3.12e-17	1.05e-11	5.64e-07	6.04e-04	3.56e-02	2.80e-01	6.84e-01	0.00e+00	0.00e+00	1.79e-17	9.47e-18	3.33e-18
 5.63677e+14	4.27e-17	1.39e-11	7.14e-07	7.16e-04	3.95e-02	2.93e-01	6.67e-01	0.00e+00	0.00e+00	2.45e-17	1.30e-17	4.54e-18
 5.82796e+14	6.09e-17	1.90e-11	9.14e-07	8.56e-04	4.40e-02	3.06e-01	6.49e-01	0.00e+00	0.00e+00	3.49e-17	1.85e-17	6.44e-18
 6.05490e+14	9.53e-17	2.77e-11	1.22e-06	1.05e-03	4.97e-02	3.23e-01	6.26e-01	0.00e+00	0.00e+00	5.47e-17	2.90e-17	1.00e-17
 6.27845e+14	1.41e-16	3.87e-11	1.58e-06	1.27e-03	5.57e-02	3.38e-01	6.05e-01	0.00e+00	0.00e+00	8.11e-17	4.29e-17	1.47e-17
 6.48207e+14	1.99e-16	5.20e-11	2.00e-06	1.50e-03	6.14e-02	3.51e-01	5.86e-01	0.00e+00	0.00e+00	1.15e-16	6.06e-17	2.07e-17
 6.70962e+14	2.87e-16	7.10e-11	2.57e-06	1.79e-03	6.82e-02	3.65e-01	5.65e-01	0.00e+00	0.00e+00	1.65e-16	8.71e-17	2.97e-17
 6.97515e+14	4.36e-16	1.01e-10	3.40e-06	2.18e-03	7.66e-02	3.81e-01	5.40e-01	0.00e+00	0.00e+00	2.51e-16	1.32e-16	4.49e-17
 7.23700e+14	6.51e-16	1.42e-10	4.42e-06	2.62e-03	8.52e-02	3.95e-01	5.17e-01	0.00e+00	0.00e+00	3.75e-16	1.98e-16	6.68e-17
 7.48510e+14	9.09e-16	1.90e-10	5.60e-06	3.09e-03	9.38e-02	4.08e-01	4.95e-01	0.00e+00	0.00e+00	5.24e-16	2.76e-16	9.30e-17
 7.76057e+14	1.34e-15	2.62e-10	7.21e-06	3.69e-03	1.04e-01	4.21e-01	4.72e-01	0.00e+00	0.00e+00	7.71e-16	4.06e-16	1.36e-16
 8.07129e+14	2.14e-15	3.83e-10	9.49e-06	4.46e-03	1.15e-01	4.35e-01	4.46e-01	0.00e+00	0.00e+00	1.24e-15	6.50e-16	2.17e-16
 8.33236e+14	3.02e-15	5.08e-10	1.18e-05	5.19e-03	1.26e-01	4.44e-01	4.25e-01	0.00e+00	0.00e+00	1.75e-15	9.16e-16	3.06e-16
 8.52080e+14	3.84e-15	6.19e-10	1.37e-05	5.76e-03	1.33e-01	4.51e-01	4.10e-01	0.00e+00	0.00e+00	2.22e-15	1.16e-15	3.88e-16
 8.71811e+14	4.91e-15	7.58e-10	1.61e-05	6.41e-03	1.41e-01	4.57e-01	3.95e-01	0.00e+00	0.00e+00	2.84e-15	1.49e-15	4.95e-16
 8.97461e+14	6.45e-15	9.56e-10	1.95e-05	7.31e-03	1.51e-01	4.64e-01	3.77e-01	0.00e+00	0.00e+00	3.73e-15	1.96e-15	6.49e-16
 9.26098e+14	9.41e-15	1.29e-09	2.40e-05	8.44e-03	1.63e-01	4.71e-01	3.57e-01	0.00e+00	0.00e+00	5.45e-15	2.85e-15	9.44e-16
 9.52860e+14	1.23e-14	1.61e-09	2.90e-05	9.57e-03	1.75e-01	4.77e-01	3.39e-01	0.00e+00	0.00e+00	7.10e-15	3.72e-15	1.23e-15
 9.81892e+14	1.76e-14	2.13e-09	3.53e-05	1.09e-02	1.87e-01	4.82e-01	3.20e-01	0.00e+00	0.00e+00	1.02e-14	5.32e-15	1.76e-15
 1.01439e+15	2.48e-14	2.81e-09	4.35e-05	1.26e-02	2.01e-01	4.86e-01	3.00e-01	0.00e+00	0.00e+00	1.44e-14	7.52e-15	2.48e-15
 1.04523e+15	3.27e-14	3.54e-09	5.26e-05	1.43e-02	2.15e-01	4.88e-01	2.83e-01	0.00e+00	0.00e+00	1.90e-14	9.93e-15	3.26e-15
 1.07912e+15	4.57e-14	4.62e-09	6.44e-05	1.63e-02	2.30e-01	4.90e-01	2.64e-01	0.00e+00	0.00e+00	2.65e-14	1.39e-14	4.55e-15
 1.11712e+15	6.89e-14	6.33e-09	8.01e-05	1.88e-02	2.46e-01	4.90e-01	2.45e-01	0.00e+00	0.00e+00	3.99e-14	2.09e-14	6.84e-15
 1.15308e+15	9.60e-14	8.21e-09	9.73e-05	2.14e-02	2.62e-01	4.89e-01	2.28e-01	0.00e+00	0.00e+00	5.57e-14	2.91e-14	9.53e-15
 1.19245e+15	1.35e-13	1.07e-08	1.19e-04	2.44e-02	2.79e-01	4.87e-01	2.10e-01	0.00e+00	0.00e+00	7.82e-14	4.09e-14	1.34e-14
 1.23648e+15	1.89e-13	1.41e-08	1.48e-04	2.80e-02	2.97e-01	4.82e-01	1.93e-01	0.00e+00	0.00e+00	1.10e-13	5.75e-14	1.87e-14
 1.27766e+15	2.80e-13	1.89e-08	1.81e-04	3.18e-02	3.14e-01	4.77e-01	1.77e-01	0.00e+00	0.00e+00	1.63e-13	8.51e-14	2.77e-14
 1.32227e+15	4.00e-13	2.48e-08	2.21e-04	3.61e-02	3.32e-01	4.71e-01	1.61e-01	0.00e+00	0.00e+00	2.32e-13	1.21e-13	3.95e-14
 1.37200e+15	5.54e-13	3.23e-08	2.73e-04	4.12e-02	3.51e-01	4.62e-01	1.46e-01	0.00e+00	0.00e+00	3.22e-13	1.68e-13	5.47e-14
 1.41854e+15	7.84e-13	4.20e-08	3.30e-04	4.64e-02	3.68e-01	4.52e-01	1.33e-01	0.00e+00	0.00e+00	4.55e-13	2.38e-13	7.72e-14
 1.46921e+15	1.18e-12	5.68e-08	4.03e-04	5.24e-02	3.86e-01	4.42e-01	1.19e-01	0.00e+00	0.00e+00	6.87e-13	3.59e-13	1.16e-13
 1.52551e+15	1.71e-12	7.51e-08	4.96e-04	5.95e-02	4.05e-01	4.29e-01	1.07e-01	0.00e+00	0.00e+00	9.91e-13	5.18e-13	1.68e-13
 1.57642e+15	2.30e-12	9.48e-08	5.93e-04	6.62e-02	4.21e-01	4.16e-01	9.61e-02	0.00e+00	0.00e+00	1.34e-12	6.99e-13	2.27e-13
 1.62261e+15	3.10e-12	1.18e-07	6.94e-04	7.26e-02	4.35e-01	4.05e-01	8.74e-02	0.00e+00	0.00e+00	1.80e-12	9.40e-13	3.04e-13
 1.67534e+15	4.25e-12	1.50e-07	8.23e-04	8.03e-02	4.49e-01	3.91e-01	7.85e-02	0.00e+00	0.00e+00	2.47e-12	1.29e-12	4.18e-13
 1.73926e+15	6.53e-12	2.04e-07	1.01e-03	9.02e-02	4.65e-01	3.75e-01	6.88e-02	0.00e+00	0.00e+00	3.80e-12	1.98e-12	6.42e-13
 1.80210e+15	9.29e-12	2.64e-07	1.21e-03	1.00e-01	4.80e-01	3.58e-01	6.06e-02	0.00e+00	0.00e+00	5.40e-12	2.82e-12	9.13e-13
 1.85174e+15	1.22e-11	3.22e-07	1.39e-03	1.08e-01	4.90e-01	3.45e-01	5.48e-02	0.00e+00	0.00e+00	7.07e-12	3.70e-12	1.20e-12
 1.89982e+15	1.57e-11	3.88e-07	1.59e-03	1.17e-01	4.99e-01	3.33e-01	4.98e-02	0.00e+00	0.00e+00	9.14e-12	4.78e-12	1.54e-12
 1.96234e+15	2.06e-11	4.77e-07	1.86e-03	1.28e-01	5.09e-01	3.17e-01	4.40e-02	0.00e+00	0.00e+00	1.20e-11	6.26e-12	2.02e-12
 2.02951e+15	3.03e-11	6.25e-07	2.21e-03	1.40e-01	5.19e-01	3.01e-01	3.84e-02	0.00e+00	0.00e+00	1.76e-11	9.22e-12	2.98e-12
 2.08503e+15	3.89e-11	7.52e-07	2.52e-03	1.50e-01	5.26e-01	2.87e-01	3.44e-02	0.00e+00	0.00e+00	2.26e-11	1.18e-11	3.83e-12
 2.13953e+15	4.88e-11	8.90e-07	2.86e-03	1.60e-01	5.31e-01	2.75e-01	3.10e-02	0.00e+00	0.00e+00	2.84e-11	1.48e-11	4.79e-12
 2.21037e+15	7.04e-11	1.15e-06	3.36e-03	1.74e-01	5.37e-01	2.58e-01	2.68e-02	0.00e+00	0.00e+00	4.09e-11	2.14e-11	6.92e-12
 2.28278e+15	9.46e-11	1.42e-06	3.91e-03	1.89e-01	5.42e-01	2.43e-01	2.33e-02	0.00e+00	0.00e+00	5.50e-11	2.88e-11	9.30e-12
 2.34452e+15	1.19e-10	1.69e-06	4.43e-03	2.01e-01	5.44e-01	2.30e-01	2.07e-02	0.00e+00	0.00e+00	6.93e-11	3.63e-11	1.17e-11
 2.41208e+15	1.56e-10	2.06e-06	5.06e-03	2.15e-01	5.46e-01	2.16e-01	1.82e-02	0.00e+00	0.00e+00	9.10e-11	4.76e-11	1.54e-11
 2.49928e+15	2.34e-10	2.71e-06	6.00e-03	2.33e-01	5.46e-01	2.00e-01	1.53e-02	0.00e+00	0.00e+00	1.36e-10	7.12e-11	2.30e-11
 2.58701e+15	3.20e-10	3.39e-06	7.02e-03	2.51e-01	5.45e-01	1.84e-01	1.30e-02	0.00e+00	0.00e+00	1.86e-10	9.73e-11	3.15e-11
 2.65863e+15	4.04e-10	4.03e-06	7.95e-03	2.66e-01	5.43e-01	1.72e-01	1.13e-02	0.00e+00	0.00e+00	2.35e-10	1.23e-10	3.98e-11
 2.73431e+15	5.29e-10	4.89e-06	9.04e-03	2.81e-01	5.39e-01	1.60e-01	9.82e-03	0.00e+00	0.00e+00	3.08e-10	1.61e-10	5.22e-11
 2.81969e+15	7.54e-10	6.21e-06	1.04e-02	3.00e-01	5.34e-01	1.48e-01	8.31e-03	0.00e+00	0.00e+00	4.39e-10	2.30e-10	7.44e-11
 2.89965e+15	9.71e-10	7.45e-06	1.18e-02	3.16e-01	5.28e-01	1.37e-01	7.17e-03	0.00e+00	0.00e+00	5.65e-10	2.96e-10	9.59e-11
 2.98560e+15	1.24e-09	8.94e-06	1.34e-02	3.34e-01	5.21e-01	1.26e-01	6.12e-03	0.00e+00	0.00e+00	7.24e-10	3.79e-10	1.23e-10
 3.08113e+15	1.80e-09	1.15e-05	1.56e-02	3.54e-01	5.11e-01	1.14e-01	5.08e-03	0.00e+00	0.00e+00	1.05e-09	5.48e-10	1.78e-10
 3.16541e+15	2.32e-09	1.37e-05	1.75e-02	3.71e-01	5.02e-01	1.05e-01	4.35e-03	0.00e+00	0.00e+00	1.35e-09	7.08e-10	2.30e-10
 3.23969e+15	2.92e-09	1.62e-05	1.94e-02	3.85e-01	4.94e-01	9.76e-02	3.79e-03	0.00e+00	0.00e+00	1.70e-09	8.91e-10	2.89e-10
 3.31110e+15	3.62e-09	1.88e-05	2.14e-02	3.99e-01	4.85e-01	9.08e-02	3.32e-03	0.00e+00	0.00e+00	2.11e-09	1.10e-09	3.59e-10
 3.37990e+15	4.39e-09	2.16e-05	2.35e-02	4.13e-01	4.76e-01	8.47e-02	2.93e-03	0.00e+00	0.00e+00	2.55e-09	1.34e-09	4.34e-10
 3.45883e+15	5.34e-09	2.49e-05	2.60e-02	4.28e-01	4.66e-01	7.81e-02	2.54e-03	0.00e+00	0.00e+00	3.11e-09	1.63e-09	5.29e-10
 3.56144e+15	7.62e-09	3.17e-05	2.98e-02	4.47e-01	4.51e-01	6.99e-02	2.08e-03	0.00e+00	0.00e+00	4.43e-09	2.33e-09	7.56e-10
 3.66667e+15	9.96e-09	3.85e-05	3.39e-02	4.66e-01	4.36e-01	6.27e-02	1.72e-03	0.00e+00	0.00e+00	5.80e-09	3.04e-09	9.88e-10
 3.75576e+15	1.23e-08	4.50e-05	3.77e-02	4.81e-01	4.23e-01	5.71e-02	1.46e-03	0.00e+00	0.00e+00	7.17e-09	3.76e-09	1.22e-09
 3.83708e+15	1.54e-08	5.27e-05	4.16e-02	4.95e-01	4.10e-01	5.23e-02	1.26e-03	0.00e+00	0.00e+00	8.97e-09	4.71e-09	1.53e-09
 3.91414e+15	1.91e-08	6.12e-05	4.57e-02	5.07e-01	3.98e-01	4.80e-02	1.09e-03	0.00e+00	0.00e+00	1.11e-08	5.83e-09	1.90e-09
 4.00060e+15	2.40e-08	7.21e-05	5.06e-02	5.21e-01	3.84e-01	4.36e-02	9.23e-04	0.00e+00	0.00e+00	1.40e-08	7.34e-09	2.39e-09
 4.09430e+15	3.30e-08	8.92e-05	5.68e-02	5.35e-01	3.69e-01	3.90e-02	7.65e-04	0.00e+00	0.00e+00	1.92e-08	1.01e-08	3.28e-09
 4.17961e+15	4.12e-08	1.05e-04	6.27e-02	5.46e-01	3.55e-01	3.54e-02	6.51e-04	0.00e+00	0.00e+00	2.40e-08	1.26e-08	4.10e-09
 4.25888e+15	5.10e-08	1.22e-04	6.87e-02	5.57e-01	3.42e-01	3.22e-02	5.58e-04	0.00e+00	0.00e+00	2.97e-08	1.56e-08	5.09e-09
 4.34812e+15	6.53e-08	1.45e-04	7.63e-02	5.67e-01	3.27e-01	2.89e-02	4.67e-04	0.00e+00	0.00e+00	3.80e-08	2.00e-08	6.51e-09
 4.44339e+15	7.89e-08	1.68e-04	8.47e-02	5.78e-01	3.11e-01	2.59e-02	3.92e-04	0.00e+00	0.00e+00	4.59e-08	2.41e-08	7.88e-09
 4.54650e+15	1.14e-07	2.14e-04	9.63e-02	5.87e-01	2.93e-01	2.25e-02	3.13e-04	0.00e+00	0.00e+00	6.61e-08	3.47e-08	1.13e-08
 4.65294e+15	1.39e-07	2.51e-04	1.08e-01	5.96e-01	2.76e-01	1.98e-02	2.56e-04	0.00e+00	0.00e+00	8.10e-08	4.26e-08	1.39e-08
 4.74731e+15	1.97e-07	3.18e-04	1.22e-01	6.02e-01	2.59e-01	1.72e-02	2.05e-04	0.00e+00	0.00e+00	1.15e-07	6.03e-08	1.97e-08
 4.82332e+15	2.43e-07	3.70e-04	1.33e-01	6.05e-01	2.46e-01	1.55e-02	1.75e-04	0.00e+00	0.00e+00	1.42e-07	7.45e-08	2.44e-08
 4.88282e+15	2.89e-07	4.18e-04	1.43e-01	6.07e-01	2.36e-01	1.42e-02	1.53e-04	0.00e+00	0.00e+00	1.68e-07	8.83e-08	2.89e-08
 4.95117e+15	3.56e-07	4.85e-04	1.55e-01	6.07e-01	2.24e-01	1.28e-02	1.30e-04	0.00e+00	0.00e+00	2.07e-07	1.09e-07	3.57e-08
 5.04003e+15	4.31e-07	5.62e-04	1.72e-01	6.07e-01	2.08e-01	1.12e-02	1.07e-04	0.00e+00	0.00e+00	2.51e-07	1.32e-07	4.32e-08
 5.14034e+15	6.40e-07	7.37e-04	1.96e-01	6.03e-01	1.90e-01	9.42e-03	8.19e-05	0.00e+00	0.00e+00	3.73e-07	1.96e-07	6.43e-08
 5.21717e+15	7.91e-07	8.60e-04	2.15e-01	5.98e-01	1.77e-01	8.28e-03	6.79e-05	0.00e+00	0.00e+00	4.60e-07	2.42e-07	7.94e-08
 5.26424e+15	9.45e-07	9.72e-04	2.29e-01	5.93e-01	1.69e-01	7.57e-03	5.94e-05	0.00e+00	0.00e+00	5.50e-07	2.89e-07	9.49e-08
 5.30477e+15	1.08e-06	1.07e-03	2.42e-01	5.88e-01	1.62e-01	7.01e-03	5.30e-05	0.00e+00	0.00e+00	6.29e-07	3.31e-07	1.09e-07
 5.35127e+15	1.25e-06	1.19e-03	2.57e-01	5.82e-01	1.53e-01	6.39e-03	4.65e-05	0.00e+00	0.00e+00	7.30e-07	3.84e-07	1.26e-07
 5.41172e+15	1.58e-06	1.40e-03	2.79e-01	5.72e-01	1.42e-01	5.60e-03	3.84e-05	0.00e+00	0.00e+00	9.22e-07	4.86e-07	1.60e-07
 5.47038e+15	1.91e-06	1.60e-03	3.00e-01	5.61e-01	1.32e-01	4.95e-03	3.23e-05	0.00e+00	0.00e+00	1.11e-06	5.84e-07	1.92e-07
 5.51653e+15	2.18e-06	1.77e-03	3.19e-01	5.51e-01	1.24e-01	4.46e-03	2.80e-05	0.00e+00	0.00e+00	1.27e-06	6.69e-07	2.20e-07
 5.56632e+15	2.81e-06	2.10e-03	3.43e-01	5.36e-01	1.14e-01	3.90e-03	2.30e-05	0.00e+00	0.00e+00	1.64e-06	8.63e-07	2.84e-07
 5.61373e+15	3.29e-06	2.35e-03	3.65e-01	5.23e-01	1.06e-01	3.47e-03	1.96e-05	0.00e+00	0.00e+00	1.91e-06	1.01e-06	3.32e-07
 5.65804e+15	4.03e-06	2.70e-03	3.89e-01	5.07e-01	9.81e-02	3.04e-03	1.63e-05	0.00e+00	0.00e+00	2.34e-06	1.24e-06	4.07e-07
 5.70439e+15	4.55e-06	2.96e-03	4.12e-01	4.92e-01	9.04e-02	2.69e-03	1.39e-05	0.00e+00	0.00e+00	2.65e-06	1.40e-06	4.60e-07
 5.75340e+15	6.02e-06	3.57e-03	4.43e-01	4.70e-01	8.13e-02	2.27e-03	1.09e-05	0.00e+00	0.00e+00	3.50e-06	1.85e-06	6.08e-07
 5.79828e+15	7.19e-06	4.04e-03	4.69e-01	4.51e-01	7.40e-02	1.96e-03	8.97e-06	0.00e+00	0.00e+00	4.18e-06	2.21e-06	7.27e-07
 5.83174e+15	8.33e-06	4.47e-03	4.91e-01	4.35e-01	6.83e-02	1.74e-03	7.62e-06	0.00e+00	0.00e+00	4.85e-06	2.56e-06	8.44e-07
 5.86919e+15	9.76e-06	4.99e-03	5.16e-01	4.16e-01	6.22e-02	1.51e-03	6.33e-06	0.00e+00	0.00e+00	5.68e-06	3.00e-06	9.89e-07
 5.91787e+15	1.22e-05	5.81e-03	5.49e-01	3.89e-01	5.44e-02	1.24e-03	4.85e-06	0.00e+00	0.00e+00	7.10e-06	3.75e-06	1.24e-06
 5.96627e+15	1.52e-05	6.74e-03	5.83e-01	3.62e-01	4.72e-02	1.01e-03	3.69e-06	0.00e+00	0.00e+00	8.85e-06	4.68e-06	1.54e-06
 6.00335e+15	1.75e-05	7.40e-03	6.08e-01	3.41e-01	4.21e-02	8.56e-04	2.99e-06	0.00e+00	0.00e+00	1.02e-05	5.36e-06	1.77e-06
 6.04057e+15	2.20e-05	8.59e-03	6.37e-01	3.16e-01	3.68e-02	6.99e-04	2.28e-06	0.00e+00	0.00e+00	1.28e-05	6.77e-06	2.24e-06
 6.07825e+15	2.50e-05	9.38e-03	6.62e-01	2.95e-01	3.23e-02	5.84e-04	1.82e-06	0.00e+00	0.00e+00	1.46e-05	7.69e-06	2.55e-06
 6.11652e+15	3.19e-05	1.09e-02	6.92e-01	2.69e-01	2.75e-02	4.62e-04	1.33e-06	0.00e+00	0.00e+00	1.85e-05	9.80e-06	3.25e-06
 6.15466e+15	3.83e-05	1.23e-02	7.18e-01	2.46e-01	2.35e-02	3.69e-04	9.98e-07	0.00e+00	0.00e+00	2.23e-05	1.18e-05	3.91e-06
 6.18736e+15	4.50e-05	1.37e-02	7.40e-01	2.26e-01	2.03e-02	3.00e-04	0.00e+00	0.00e+00	0.00e+00	2.62e-05	1.38e-05	4.59e-06
 6.22459e+15	5.44e-05	1.54e-02	7.64e-01	2.03e-01	1.70e-02	2.33e-04	0.00e+00	0.00e+00	0.00e+00	3.16e-05	1.67e-05	5.55e-06
 6.25859e+15	6.35e-05	1.69e-02	7.83e-01	1.85e-01	1.45e-02	1.86e-04	0.00e+00	0.00e+00	0.00e+00	3.69e-05	1.95e-05	6.49e-06
 6.28144e+15	7.09e-05	1.81e-02	7.96e-01	1.73e-01	1.29e-02	1.59e-04	0.00e+00	0.00e+00	0.00e+00	4.12e-05	2.18e-05	7.25e-06
 6.30423e+15	7.79e-05	1.92e-02	8.08e-01	1.61e-01	1.14e-02	1.35e-04	0.00e+00	0.00e+00	0.00e+00	4.53e-05	2.40e-05	7.98e-06
 6.33386e+15	9.24e-05	2.13e-02	8.24e-01	1.45e-01	9.64e-03	1.06e-04	0.00e+00	0.00e+00	0.00e+00	5.37e-05	2.84e-05	9.46e-06
 6.36272e+15	1.06e-04	2.31e-02	8.37e-01	1.32e-01	8.22e-03	8.47e-05	0.00e+00	0.00e+00	0.00e+00	6.15e-05	3.25e-05	1.08e-05
 6.38618e+15	1.18e-04	2.47e-02	8.47e-01	1.21e-01	7.18e-03	7.00e-05	0.00e+00	0.00e+00	0.00e+00	6.89e-05	3.64e-05	1.21e-05
 6.41224e+15	1.34e-04	2.66e-02	8.57e-01	1.10e-01	6.11e-03	5.60e-05	0.00e+00	0.00e+00	0.00e+00	7.82e-05	4.14e-05	1.38e-05
 6.44613e+15	1.59e-04	2.93e-02	8.69e-01	9.65e-02	4.94e-03	4.16e-05	0.00e+00	0.00e+00	0.00e+00	9.22e-05	4.88e-05	1.63e-05
 6.48001e+15	1.85e-04	3.20e-02	8.79e-01	8.50e-02	4.02e-03	3.12e-05	0.00e+00	0.00e+00	0.00e+00	1.08e-04	5.69e-05	1.90e-05
 6.50701e+15	2.10e-04	3.44e-02	8.85e-01	7.65e-02	3.39e-03	2.46e-05	0.00e+00	0.00e+00	0.00e+00	1.22e-04	6.45e-05	2.16e-05
 6.53524e+15	2.39e-04	3.70e-02	8.92e-01	6.82e-02	2.81e-03	1.89e-05	0.00e+00	0.00e+00	0.00e+00	1.39e-04	7.34e-05	2.45e-05
 6.57194e+15	2.83e-04	4.07e-02	8.98e-01	5.86e-02	2.19e-03	1.33e-05	0.00e+00	0.00e+00	0.00e+00	1.64e-04	8.70e-05	2.91e-05
 6.60823e+15	3.31e-04	4.44e-02	9.03e-01	5.07e-02	1.73e-03	9.58e-06	0.00e+00	0.00e+00	0.00e+00	1.92e-04	1.02e-04	3.41e-05
 6.63640e+15	3.74e-04	4.75e-02	9.05e-01	4.52e-02	1.44e-03	7.37e-06	0.00e+00	0.00e+00	0.00e+00	2.18e-04	1.15e-04	3.86e-05
 6.66543e+15	4.25e-04	5.09e-02	9.08e-01	3.99e-02	1.18e-03	5.55e-06	0.00e+00	0.00e+00	0.00e+00	2.47e-04	1.31e-04	4.39e-05
 6.70317e+15	5.02e-04	5.57e-02	9.09e-01	3.40e-02	9.04e-04	3.82e-06	0.00e+00	0.00e+00	0.00e+00	2.92e-04	1.54e-04	5.18e-05
 6.74114e+15	5.89e-04	6.07e-02	9.09e-01	2.91e-02	7.02e-04	2.67e-06	0.00e+00	0.00e+00	0.00e+00	3.43e-04	1.81e-04	6.08e-05
 6.77113e+15	6.69e-04	6.50e-02	9.08e-01	2.57e-02	5.74e-04	2.00e-06	0.00e+00	0.00e+00	0.00e+00	3.89e-04	2.06e-04	6.91e-05
 6.80184e+15	7.62e-04	6.98e-02	9.07e-01	2.25e-02	4.63e-04	1.47e-06	0.00e+00	0.00e+00	0.00e+00	4.43e-04	2.35e-04	7.88e-05
 6.84175e+15	9.04e-04	7.64e-02	9.03e-01	1.89e-02	3.50e-04	9.85e-07	0.00e+00	0.00e+00	0.00e+00	5.26e-04	2.78e-04	9.34e-05
 6.88158e+15	1.07e-03	8.34e-02	8.99e-01	1.61e-02	2.69e-04	0.00e+00	0.00e+00	0.00e+00	0.00e+00	6.21e-04	3.29e-04	1.10e-04
 6.91234e+15	1.22e-03	8.94e-02	8.95e-01	1.41e-02	2.18e-04	0.00e+00	0.00e+00	0.00e+00	0.00e+00	7.09e-04	3.75e-04	1.26e-04
 6.94338e+15	1.39e-03	9.59e-02	8.90e-01	1.24e-02	1.76e-04	0.00e+00	0.00e+00	0.00e+00	0.00e+00	8.07e-04	4.27e-04	1.44e-04
 6.98374e+15	1.65e-03	1.05e-01	8.83e-01	1.04e-02	1.33e-04	0.00e+00	0.00e+00	0.00e+00	0.00e+00	9.60e-04	5.08e-04	1.71e-04
 7.02430e+15	1.97e-03	1.15e-01	8.74e-01	8.73e-03	1.01e-04	0.00e+00	0.00e+00	0.00e+00	0.00e+00	1.14e-03	6.05e-04	2.03e-04
 7.05578e+15	2.26e-03	1.24e-01	8.66e-01	7.64e-03	8.20e-05	0.00e+00	0.00e+00	0.00e+00	0.00e+00	1.31e-03	6.95e-04	2.34e-04
 7.08738e+15	2.59e-03	1.33e-01	8.58e-01	6.65e-03	6.58e-05	0.00e+00	0.00e+00	0.00e+00	0.00e+00	1.51e-03	7.97e-04	2.68e-04
 7.12844e+15	3.10e-03	1.46e-01	8.45e-01	5.54e-03	4.94e-05	0.00e+00	0.00e+00	0.00e+00	0.00e+00	1.81e-03	9.55e-04	3.21e-04
 7.16974e+15	3.74e-03	1.61e-01	8.30e-01	4.62e-03	3.73e-05	0.00e+00	0.00e+00	0.00e+00	0.00e+00	2.18e-03	1.15e-03	3.87e-04
 7.20182e+15	4.34e-03	1.74e-01	8.17e-01	4.01e-03	3.00e-05	0.00e+00	0.00e+00	0.00e+00	0.00e+00	2.52e-03	1.34e-03	4.49e-04
 7.23401e+15	5.02e-03	1.88e-01	8.03e-01	3.45e-03	2.38e-05	0.00e+00	0.00e+00	0.00e+00	0.00e+00	2.92e-03	1.55e-03	5.20e-04
 7.27586e+15	6.10e-03	2.08e-01	7.83e-01	2.83e-03	1.76e-05	0.00e+00	0.00e+00	0.00e+00	0.00e+00	3.55e-03	1.88e-03	6.32e-04
 7.31844e+15	7.50e-03	2.31e-01	7.59e-01	2.31e-03	1.30e-05	0.00e+00	0.00e+00	0.00e+00	0.00e+00	4.37e-03	2.31e-03	7.77e-04
 7.35238e+15	8.88e-03	2.52e-01	7.37e-01	1.95e-03	1.01e-05	0.00e+00	0.00e+00	0.00e+00	0.00e+00	5.17e-03	2.73e-03	9.20e-04
 7.38695e+15	1.05e-02	2.75e-01	7.13e-01	1.63e-03	7.78e-06	0.00e+00	0.00e+00	0.00e+00	0.00e+00	6.14e-03	3.25e-03	1.09e-03
