#depth	C	C+	C+2	C+3	C+4	C+5	C+6	C[1]	C[2]	C[3]	C+[1]	C+[2]	CO
 1.49634e+10	3.66e-47	3.32e-36	4.11e-26	1.36e-16	2.61e-06	4.38e-02	9.56e-01	0.00e+00	0.00e+00	0.00e+00	0.00e+00	0.00e+00	2.44e-145
 4.54887e+10	0.00e+00	4.93e-36	5.64e-26	1.73e-16	3.05e-06	4.72e-02	9.53e-01	0.00e+00	0.00e+00	0.00e+00	0.00e+00	0.00e+00	5.02e-212
 7.72350e+10	9.46e-47	7.33e-36	7.74e-26	2.19e-16	3.57e-06	5.09e-02	9.49e-01	0.00e+00	0.00e+00	0.00e+00	0.00e+00	0.00e+00	2.60e-144
 1.10251e+11	0.00e+00	1.09e-35	1.06e-25	2.77e-16	4.18e-06	5.49e-02	9.45e-01	0.00e+00	0.00e+00	0.00e+00	0.00e+00	0.00e+00	2.01e-211
 1.43210e+11	2.40e-46	1.59e-35	1.44e-25	3.48e-16	4.85e-06	5.90e-02	9.41e-01	0.00e+00	0.00e+00	0.00e+00	0.00e+00	0.00e+00	2.65e-143
 1.77488e+11	0.00e+00	2.33e-35	1.95e-25	4.37e-16	5.65e-06	6.34e-02	9.37e-01	0.00e+00	0.00e+00	0.00e+00	0.00e+00	0.00e+00	7.86e-211
 2.14514e+11	6.11e-46	3.47e-35	2.68e-25	5.54e-16	6.61e-06	6.83e-02	9.32e-01	0.00e+00	0.00e+00	0.00e+00	0.00e+00	0.00e+00	2.73e-142
 2.53021e+11	0.00e+00	5.16e-35	3.68e-25	7.02e-16	7.74e-06	7.36e-02	9.26e-01	0.00e+00	0.00e+00	0.00e+00	0.00e+00	0.00e+00	2.96e-210
 2.93069e+11	1.59e-45	7.67e-35	5.06e-25	8.90e-16	9.05e-06	7.92e-02	9.21e-01	0.00e+00	0.00e+00	0.00e+00	0.00e+00	0.00e+00	2.95e-141
 3.34718e+11	0.00e+00	1.14e-34	6.95e-25	1.13e-15	1.06e-05	8.52e-02	9.15e-01	0.00e+00	0.00e+00	0.00e+00	0.00e+00	0.00e+00	1.13e-209
 3.78034e+11	4.13e-45	1.70e-34	9.55e-25	1.43e-15	1.24e-05	9.17e-02	9.08e-01	0.00e+00	0.00e+00	0.00e+00	0.00e+00	0.00e+00	3.20e-140
 4.19687e+11	0.00e+00	2.46e-34	1.28e-24	1.78e-15	1.43e-05	9.81e-02	9.02e-01	0.00e+00	0.00e+00	0.00e+00	0.00e+00	0.00e+00	4.21e-209
 4.58548e+11	9.61e-45	3.43e-34	1.67e-24	2.18e-15	1.64e-05	1.04e-01	8.96e-01	0.00e+00	0.00e+00	0.00e+00	0.00e+00	0.00e+00	2.62e-139
 5.02359e+11	0.00e+00	4.94e-34	2.24e-24	2.70e-15	1.89e-05	1.11e-01	8.89e-01	0.00e+00	0.00e+00	0.00e+00	0.00e+00	0.00e+00	1.23e-208
 5.52380e+11	2.41e-44	7.37e-34	3.08e-24	3.43e-15	2.21e-05	1.19e-01	8.81e-01	0.00e+00	0.00e+00	0.00e+00	0.00e+00	0.00e+00	2.58e-138
 6.02378e+11	0.00e+00	1.08e-33	4.18e-24	4.31e-15	2.57e-05	1.28e-01	8.72e-01	0.00e+00	0.00e+00	0.00e+00	0.00e+00	0.00e+00	3.25e-208
 6.54375e+11	6.08e-44	1.59e-33	5.69e-24	5.42e-15	2.99e-05	1.37e-01	8.63e-01	0.00e+00	0.00e+00	0.00e+00	0.00e+00	0.00e+00	2.60e-137
 7.04623e+11	0.00e+00	2.28e-33	7.59e-24	6.71e-15	3.44e-05	1.46e-01	8.54e-01	0.00e+00	0.00e+00	0.00e+00	0.00e+00	0.00e+00	5.14e-208
 7.47841e+11	1.34e-43	3.08e-33	9.63e-24	8.02e-15	3.86e-05	1.53e-01	8.47e-01	0.00e+00	0.00e+00	0.00e+00	0.00e+00	0.00e+00	1.88e-136
 7.94927e+11	0.00e+00	4.24e-33	1.24e-23	9.68e-15	4.37e-05	1.62e-01	8.38e-01	0.00e+00	0.00e+00	0.00e+00	0.00e+00	0.00e+00	0.00e+00
 8.52935e+11	3.11e-43	6.19e-33	1.68e-23	1.21e-14	5.07e-05	1.73e-01	8.27e-01	0.00e+00	0.00e+00	0.00e+00	0.00e+00	0.00e+00	1.52e-135
 9.11579e+11	0.00e+00	8.95e-33	2.25e-23	1.51e-14	5.84e-05	1.84e-01	8.16e-01	0.00e+00	0.00e+00	0.00e+00	0.00e+00	0.00e+00	0.00e+00
 9.63418e+11	7.09e-43	1.23e-32	2.90e-23	1.82e-14	6.60e-05	1.93e-01	8.07e-01	0.00e+00	0.00e+00	0.00e+00	0.00e+00	0.00e+00	1.19e-134
 1.01997e+12	0.00e+00	1.71e-32	3.78e-23	2.21e-14	7.51e-05	2.04e-01	7.96e-01	0.00e+00	0.00e+00	0.00e+00	0.00e+00	0.00e+00	0.00e+00
 1.08794e+12	1.70e-42	2.53e-32	5.15e-23	2.78e-14	8.72e-05	2.17e-01	7.82e-01	0.00e+00	0.00e+00	0.00e+00	0.00e+00	0.00e+00	1.04e-133
 1.15556e+12	0.00e+00	3.67e-32	6.92e-23	3.47e-14	1.01e-04	2.31e-01	7.69e-01	0.00e+00	0.00e+00	0.00e+00	0.00e+00	0.00e+00	0.00e+00
 1.21672e+12	3.93e-42	5.08e-32	8.97e-23	4.20e-14	1.14e-04	2.43e-01	7.57e-01	0.00e+00	0.00e+00	0.00e+00	0.00e+00	0.00e+00	8.49e-133
 1.28464e+12	0.00e+00	7.22e-32	1.19e-22	5.16e-14	1.30e-04	2.56e-01	7.44e-01	0.00e+00	0.00e+00	0.00e+00	0.00e+00	0.00e+00	0.00e+00
 1.36446e+12	9.70e-42	1.08e-31	1.63e-22	6.51e-14	1.51e-04	2.72e-01	7.28e-01	0.00e+00	0.00e+00	0.00e+00	0.00e+00	0.00e+00	8.10e-132
 1.44342e+12	0.00e+00	1.57e-31	2.20e-22	8.13e-14	1.75e-04	2.88e-01	7.12e-01	0.00e+00	0.00e+00	0.00e+00	0.00e+00	0.00e+00	0.00e+00
 1.51759e+12	2.32e-41	2.21e-31	2.88e-22	9.94e-14	1.99e-04	3.02e-01	6.97e-01	0.00e+00	0.00e+00	0.00e+00	0.00e+00	0.00e+00	7.13e-131
 1.60028e+12	0.00e+00	3.21e-31	3.87e-22	1.23e-13	2.28e-04	3.19e-01	6.81e-01	0.00e+00	0.00e+00	0.00e+00	0.00e+00	0.00e+00	0.00e+00
 1.69422e+12	5.92e-41	4.81e-31	5.34e-22	1.56e-13	2.65e-04	3.37e-01	6.62e-01	0.00e+00	0.00e+00	0.00e+00	0.00e+00	0.00e+00	7.44e-130
 1.78830e+12	0.00e+00	7.12e-31	7.28e-22	1.96e-13	3.07e-04	3.56e-01	6.44e-01	0.00e+00	0.00e+00	0.00e+00	0.00e+00	0.00e+00	0.00e+00
 1.87883e+12	1.47e-40	1.02e-30	9.69e-22	2.42e-13	3.51e-04	3.73e-01	6.26e-01	0.00e+00	0.00e+00	0.00e+00	0.00e+00	0.00e+00	7.27e-129
 1.97659e+12	0.00e+00	1.49e-30	1.31e-21	3.01e-13	4.03e-04	3.92e-01	6.08e-01	0.00e+00	0.00e+00	0.00e+00	0.00e+00	0.00e+00	0.00e+00
 2.08558e+12	3.80e-40	2.24e-30	1.80e-21	3.80e-13	4.67e-04	4.13e-01	5.87e-01	0.00e+00	0.00e+00	0.00e+00	0.00e+00	0.00e+00	7.86e-128
 2.19648e+12	0.00e+00	3.33e-30	2.46e-21	4.78e-13	5.39e-04	4.33e-01	5.67e-01	0.00e+00	0.00e+00	0.00e+00	0.00e+00	0.00e+00	0.00e+00
 2.29892e+12	9.42e-40	4.73e-30	3.25e-21	5.85e-13	6.11e-04	4.51e-01	5.48e-01	0.00e+00	0.00e+00	0.00e+00	0.00e+00	0.00e+00	7.67e-127
 2.39217e+12	0.00e+00	6.45e-30	4.15e-21	6.98e-13	6.82e-04	4.68e-01	5.32e-01	0.00e+00	0.00e+00	0.00e+00	0.00e+00	0.00e+00	0.00e+00
 2.48427e+12	1.97e-39	8.70e-30	5.25e-21	8.28e-13	7.59e-04	4.84e-01	5.16e-01	0.00e+00	0.00e+00	0.00e+00	0.00e+00	0.00e+00	4.92e-126
 2.58996e+12	0.00e+00	1.21e-29	6.83e-21	1.00e-12	8.52e-04	5.01e-01	4.98e-01	0.00e+00	0.00e+00	0.00e+00	0.00e+00	0.00e+00	0.00e+00
 2.70705e+12	4.55e-39	1.73e-29	9.03e-21	1.22e-12	9.65e-04	5.20e-01	4.79e-01	0.00e+00	0.00e+00	0.00e+00	0.00e+00	0.00e+00	4.03e-125
 2.81675e+12	0.00e+00	2.38e-29	1.16e-20	1.47e-12	1.08e-03	5.38e-01	4.61e-01	0.00e+00	0.00e+00	0.00e+00	0.00e+00	0.00e+00	0.00e+00
 2.93714e+12	1.02e-38	3.35e-29	1.52e-20	1.78e-12	1.21e-03	5.56e-01	4.43e-01	0.00e+00	0.00e+00	0.00e+00	0.00e+00	0.00e+00	3.07e-124
 3.07264e+12	0.00e+00	4.85e-29	2.03e-20	2.19e-12	1.38e-03	5.76e-01	4.23e-01	0.00e+00	0.00e+00	0.00e+00	0.00e+00	0.00e+00	0.00e+00
 3.20287e+12	2.42e-38	6.83e-29	2.65e-20	2.66e-12	1.55e-03	5.94e-01	4.05e-01	0.00e+00	0.00e+00	0.00e+00	0.00e+00	0.00e+00	2.75e-123
 3.34591e+12	0.00e+00	9.82e-29	3.52e-20	3.25e-12	1.74e-03	6.13e-01	3.86e-01	0.00e+00	0.00e+00	0.00e+00	0.00e+00	0.00e+00	0.00e+00
 3.50572e+12	6.04e-38	1.45e-28	4.78e-20	4.05e-12	1.99e-03	6.33e-01	3.65e-01	0.00e+00	0.00e+00	0.00e+00	0.00e+00	0.00e+00	2.82e-122
 3.65957e+12	0.00e+00	2.08e-28	6.34e-20	4.95e-12	2.24e-03	6.51e-01	3.47e-01	0.00e+00	0.00e+00	0.00e+00	0.00e+00	0.00e+00	0.00e+00
 3.82353e+12	1.47e-37	3.01e-28	8.45e-20	6.07e-12	2.52e-03	6.69e-01	3.28e-01	0.00e+00	0.00e+00	0.00e+00	0.00e+00	0.00e+00	2.72e-121
 4.00640e+12	0.00e+00	4.48e-28	1.15e-19	7.56e-12	2.87e-03	6.88e-01	3.09e-01	0.00e+00	0.00e+00	0.00e+00	0.00e+00	0.00e+00	0.00e+00
 4.18972e+12	3.81e-37	6.55e-28	1.55e-19	9.33e-12	3.24e-03	7.06e-01	2.91e-01	0.00e+00	0.00e+00	0.00e+00	0.00e+00	0.00e+00	3.07e-120
 4.38038e+12	0.00e+00	9.58e-28	2.09e-19	1.15e-11	3.66e-03	7.23e-01	2.73e-01	0.00e+00	0.00e+00	0.00e+00	0.00e+00	0.00e+00	0.00e+00
 4.58552e+12	9.80e-37	1.42e-27	2.83e-19	1.43e-11	4.14e-03	7.41e-01	2.55e-01	0.00e+00	0.00e+00	0.00e+00	0.00e+00	0.00e+00	3.44e-119
 4.77743e+12	0.00e+00	2.02e-27	3.73e-19	1.73e-11	4.62e-03	7.55e-01	2.40e-01	0.00e+00	0.00e+00	0.00e+00	0.00e+00	0.00e+00	0.00e+00
 4.94764e+12	2.18e-36	2.73e-27	4.71e-19	2.04e-11	5.07e-03	7.68e-01	2.27e-01	0.00e+00	0.00e+00	0.00e+00	0.00e+00	0.00e+00	2.69e-118
 5.13825e+12	0.00e+00	3.79e-27	6.07e-19	2.44e-11	5.60e-03	7.80e-01	2.14e-01	0.00e+00	0.00e+00	0.00e+00	0.00e+00	0.00e+00	0.00e+00
 5.36587e+12	5.16e-36	5.52e-27	8.13e-19	2.99e-11	6.28e-03	7.94e-01	2.00e-01	0.00e+00	0.00e+00	0.00e+00	0.00e+00	0.00e+00	2.45e-117
 5.59543e+12	0.00e+00	7.94e-27	1.08e-18	3.64e-11	7.01e-03	8.07e-01	1.86e-01	0.00e+00	0.00e+00	0.00e+00	0.00e+00	0.00e+00	0.00e+00
 5.81056e+12	1.21e-35	1.10e-26	1.39e-18	4.35e-11	7.73e-03	8.18e-01	1.75e-01	0.00e+00	0.00e+00	0.00e+00	0.00e+00	0.00e+00	2.18e-116
 6.04930e+12	0.00e+00	1.56e-26	1.83e-18	5.26e-11	8.57e-03	8.29e-01	1.63e-01	0.00e+00	0.00e+00	0.00e+00	0.00e+00	0.00e+00	0.00e+00
 6.32120e+12	2.97e-35	2.30e-26	2.46e-18	6.47e-11	9.60e-03	8.40e-01	1.50e-01	0.00e+00	0.00e+00	0.00e+00	0.00e+00	0.00e+00	2.23e-115
 6.58578e+12	0.00e+00	3.29e-26	3.26e-18	7.85e-11	1.07e-02	8.50e-01	1.40e-01	0.00e+00	0.00e+00	0.00e+00	0.00e+00	0.00e+00	2.63e-99
 6.81143e+12	6.62e-35	4.42e-26	4.09e-18	9.20e-11	1.16e-02	8.57e-01	1.31e-01	0.00e+00	0.00e+00	0.00e+00	0.00e+00	0.00e+00	0.00e+00
 7.00989e+12	9.01e-35	5.68e-26	4.97e-18	1.05e-10	1.25e-02	8.63e-01	1.24e-01	0.00e+00	0.00e+00	0.00e+00	0.00e+00	0.00e+00	3.94e-114
 7.23708e+12	1.27e-34	7.51e-26	6.18e-18	1.22e-10	1.35e-02	8.70e-01	1.17e-01	0.00e+00	0.00e+00	0.00e+00	0.00e+00	0.00e+00	4.27e-97
 7.52777e+12	1.94e-34	1.06e-25	8.08e-18	1.47e-10	1.49e-02	8.77e-01	1.08e-01	0.00e+00	0.00e+00	0.00e+00	0.00e+00	0.00e+00	0.00e+00
 7.82864e+12	2.96e-34	1.50e-25	1.06e-17	1.77e-10	1.65e-02	8.83e-01	1.00e-01	0.00e+00	0.00e+00	0.00e+00	0.00e+00	0.00e+00	8.61e-113
 8.08717e+12	4.20e-34	1.99e-25	1.32e-17	2.06e-10	1.79e-02	8.88e-01	9.39e-02	0.00e+00	0.00e+00	0.00e+00	0.00e+00	0.00e+00	5.99e-96
 8.36302e+12	6.02e-34	2.67e-25	1.66e-17	2.41e-10	1.94e-02	8.93e-01	8.78e-02	0.00e+00	0.00e+00	0.00e+00	0.00e+00	0.00e+00	0.00e+00
 8.70428e+12	9.26e-34	3.80e-25	2.18e-17	2.92e-10	2.14e-02	8.98e-01	8.08e-02	0.00e+00	0.00e+00	0.00e+00	0.00e+00	0.00e+00	1.67e-111
 9.05184e+12	1.41e-33	5.36e-25	2.85e-17	3.51e-10	2.35e-02	9.02e-01	7.45e-02	0.00e+00	0.00e+00	0.00e+00	0.00e+00	0.00e+00	8.66e-95
 9.36106e+12	2.03e-33	7.20e-25	3.59e-17	4.11e-10	2.56e-02	9.05e-01	6.94e-02	0.00e+00	0.00e+00	0.00e+00	0.00e+00	0.00e+00	1.28e-110
 9.69914e+12	2.96e-33	9.83e-25	4.57e-17	4.85e-10	2.78e-02	9.08e-01	6.43e-02	0.00e+00	0.00e+00	0.00e+00	0.00e+00	0.00e+00	4.42e-94
 1.01030e+13	4.59e-33	1.41e-24	6.04e-17	5.88e-10	3.07e-02	9.10e-01	5.89e-02	0.00e+00	0.00e+00	0.00e+00	0.00e+00	0.00e+00	1.09e-109
 1.05083e+13	7.01e-33	1.99e-24	7.91e-17	7.08e-10	3.38e-02	9.12e-01	5.40e-02	0.00e+00	0.00e+00	0.00e+00	0.00e+00	0.00e+00	2.92e-93
 1.08854e+13	1.02e-32	2.70e-24	1.01e-16	8.36e-10	3.67e-02	9.13e-01	4.99e-02	0.00e+00	0.00e+00	0.00e+00	0.00e+00	0.00e+00	8.74e-109
 1.12540e+13	1.46e-32	3.61e-24	1.26e-16	9.77e-10	3.97e-02	9.14e-01	4.63e-02	0.00e+00	0.00e+00	0.00e+00	0.00e+00	0.00e+00	1.45e-92
 1.16776e+13	2.15e-32	4.97e-24	1.62e-16	1.16e-09	4.33e-02	9.14e-01	4.26e-02	0.00e+00	0.00e+00	0.00e+00	0.00e+00	0.00e+00	6.18e-108
 1.21501e+13	3.28e-32	7.02e-24	2.13e-16	1.40e-09	4.75e-02	9.14e-01	3.89e-02	0.00e+00	0.00e+00	0.00e+00	0.00e+00	0.00e+00	8.57e-92
 1.25956e+13	4.79e-32	9.58e-24	2.71e-16	1.65e-09	5.17e-02	9.12e-01	3.58e-02	0.00e+00	0.00e+00	0.00e+00	0.00e+00	0.00e+00	5.05e-107
 1.30792e+13	7.11e-32	1.32e-23	3.49e-16	1.97e-09	5.63e-02	9.11e-01	3.29e-02	0.00e+00	0.00e+00	0.00e+00	0.00e+00	0.00e+00	4.67e-91
 1.36191e+13	1.08e-31	1.87e-23	4.59e-16	2.37e-09	6.18e-02	9.08e-01	2.99e-02	0.00e+00	0.00e+00	0.00e+00	0.00e+00	0.00e+00	4.35e-106
 1.40999e+13	1.56e-31	2.52e-23	5.79e-16	2.78e-09	6.68e-02	9.06e-01	2.75e-02	0.00e+00	0.00e+00	0.00e+00	0.00e+00	0.00e+00	2.60e-90
 1.45114e+13	2.09e-31	3.21e-23	7.01e-16	3.17e-09	7.12e-02	9.03e-01	2.57e-02	0.00e+00	0.00e+00	0.00e+00	0.00e+00	0.00e+00	2.48e-105
 1.49703e+13	2.88e-31	4.17e-23	8.60e-16	3.64e-09	7.63e-02	9.00e-01	2.39e-02	0.00e+00	0.00e+00	0.00e+00	0.00e+00	0.00e+00	1.01e-89
 1.54811e+13	4.06e-31	5.52e-23	1.07e-15	4.24e-09	8.21e-02	8.96e-01	2.20e-02	0.00e+00	0.00e+00	0.00e+00	0.00e+00	0.00e+00	1.45e-104
 1.59589e+13	5.53e-31	7.11e-23	1.31e-15	4.86e-09	8.77e-02	8.92e-01	2.05e-02	0.00e+00	0.00e+00	0.00e+00	0.00e+00	0.00e+00	4.25e-89
 1.64799e+13	7.64e-31	9.28e-23	1.61e-15	5.60e-09	9.39e-02	8.87e-01	1.90e-02	0.00e+00	0.00e+00	0.00e+00	0.00e+00	0.00e+00	7.90e-104
 1.70664e+13	1.09e-30	1.24e-22	2.02e-15	6.54e-09	1.01e-01	8.81e-01	1.74e-02	0.00e+00	0.00e+00	0.00e+00	0.00e+00	0.00e+00	1.91e-88
 1.76254e+13	1.50e-30	1.61e-22	2.49e-15	7.53e-09	1.08e-01	8.76e-01	1.61e-02	0.00e+00	0.00e+00	0.00e+00	0.00e+00	0.00e+00	4.86e-103
 1.82393e+13	2.11e-30	2.13e-22	3.09e-15	8.72e-09	1.16e-01	8.69e-01	1.48e-02	0.00e+00	0.00e+00	0.00e+00	0.00e+00	0.00e+00	8.37e-88
 1.89287e+13	3.04e-30	2.87e-22	3.91e-15	1.02e-08	1.25e-01	8.61e-01	1.35e-02	0.00e+00	0.00e+00	0.00e+00	0.00e+00	0.00e+00	3.31e-102
 1.95850e+13	4.25e-30	3.78e-22	4.84e-15	1.18e-08	1.34e-01	8.54e-01	1.24e-02	0.00e+00	0.00e+00	0.00e+00	0.00e+00	0.00e+00	4.05e-87
 2.03069e+13	6.06e-30	5.04e-22	6.06e-15	1.38e-08	1.44e-01	8.45e-01	1.14e-02	0.00e+00	0.00e+00	0.00e+00	0.00e+00	0.00e+00	2.17e-101
 2.10981e+13	8.79e-30	6.83e-22	7.68e-15	1.61e-08	1.55e-01	8.35e-01	1.03e-02	0.00e+00	0.00e+00	0.00e+00	0.00e+00	0.00e+00	2.10e-86
 2.18234e+13	1.22e-29	8.91e-22	9.44e-15	1.85e-08	1.65e-01	8.26e-01	9.48e-03	0.00e+00	0.00e+00	0.00e+00	0.00e+00	0.00e+00	1.49e-100
 2.26101e+13	1.71e-29	1.17e-21	1.17e-14	2.14e-08	1.76e-01	8.16e-01	8.68e-03	0.00e+00	0.00e+00	0.00e+00	0.00e+00	0.00e+00	9.65e-86
 2.34968e+13	2.48e-29	1.59e-21	1.47e-14	2.50e-08	1.89e-01	8.04e-01	7.86e-03	0.00e+00	0.00e+00	0.00e+00	0.00e+00	0.00e+00	1.06e-99
 2.43441e+13	3.47e-29	2.09e-21	1.82e-14	2.87e-08	2.01e-01	7.92e-01	7.18e-03	0.00e+00	0.00e+00	0.00e+00	0.00e+00	0.00e+00	4.90e-85
 2.52595e+13	4.93e-29	2.77e-21	2.26e-14	3.32e-08	2.14e-01	7.79e-01	6.53e-03	0.00e+00	0.00e+00	0.00e+00	0.00e+00	0.00e+00	7.25e-99
 2.62717e+13	7.14e-29	3.74e-21	2.85e-14	3.87e-08	2.29e-01	7.65e-01	5.89e-03	0.00e+00	0.00e+00	0.00e+00	0.00e+00	0.00e+00	2.62e-84
 2.72420e+13	1.00e-28	4.92e-21	3.52e-14	4.44e-08	2.43e-01	7.52e-01	5.35e-03	0.00e+00	0.00e+00	0.00e+00	0.00e+00	0.00e+00	5.38e-98
 2.81156e+13	1.35e-28	6.24e-21	4.22e-14	5.01e-08	2.56e-01	7.39e-01	4.92e-03	0.00e+00	0.00e+00	0.00e+00	0.00e+00	0.00e+00	1.16e-83
 2.88880e+13	1.74e-28	7.65e-21	4.93e-14	5.54e-08	2.67e-01	7.28e-01	4.58e-03	0.00e+00	0.00e+00	0.00e+00	0.00e+00	0.00e+00	2.54e-97
 2.97321e+13	2.27e-28	9.49e-21	5.80e-14	6.16e-08	2.79e-01	7.16e-01	4.24e-03	0.00e+00	0.00e+00	0.00e+00	0.00e+00	0.00e+00	3.99e-83
 3.08283e+13	3.17e-28	1.24e-20	7.12e-14	7.04e-08	2.95e-01	7.01e-01	3.84e-03	0.00e+00	0.00e+00	0.00e+00	0.00e+00	0.00e+00	1.42e-96
 3.19521e+13	4.41e-28	1.62e-20	8.70e-14	8.02e-08	3.12e-01	6.85e-01	3.48e-03	0.00e+00	0.00e+00	0.00e+00	0.00e+00	0.00e+00	1.93e-82
 3.28803e+13	5.74e-28	2.00e-20	1.02e-13	8.89e-08	3.25e-01	6.72e-01	3.21e-03	0.00e+00	0.00e+00	0.00e+00	0.00e+00	0.00e+00	7.78e-96
 3.38546e+13	7.50e-28	2.47e-20	1.20e-13	9.86e-08	3.39e-01	6.58e-01	2.96e-03	0.00e+00	0.00e+00	0.00e+00	0.00e+00	0.00e+00	6.89e-82
 3.51083e+13	1.04e-27	3.23e-20	1.46e-13	1.12e-07	3.56e-01	6.41e-01	2.67e-03	0.00e+00	0.00e+00	0.00e+00	0.00e+00	0.00e+00	4.38e-95
 3.64256e+13	1.46e-27	4.22e-20	1.79e-13	1.27e-07	3.74e-01	6.23e-01	2.40e-03	0.00e+00	0.00e+00	0.00e+00	0.00e+00	0.00e+00	3.42e-81
 3.75801e+13	1.93e-27	5.28e-20	2.12e-13	1.42e-07	3.90e-01	6.08e-01	2.20e-03	0.00e+00	0.00e+00	0.00e+00	0.00e+00	0.00e+00	2.63e-94
 3.88224e+13	2.59e-27	6.66e-20	2.52e-13	1.58e-07	4.06e-01	5.92e-01	2.00e-03	0.00e+00	0.00e+00	0.00e+00	0.00e+00	0.00e+00	1.39e-80
 4.02251e+13	3.56e-27	8.58e-20	3.04e-13	1.78e-07	4.25e-01	5.73e-01	1.80e-03	0.00e+00	0.00e+00	0.00e+00	0.00e+00	0.00e+00	1.57e-93
 4.15612e+13	4.77e-27	1.08e-19	3.61e-13	1.98e-07	4.42e-01	5.57e-01	1.63e-03	0.00e+00	0.00e+00	0.00e+00	0.00e+00	0.00e+00	6.14e-80
 4.30230e+13	6.49e-27	1.38e-19	4.33e-13	2.22e-07	4.60e-01	5.39e-01	1.47e-03	0.00e+00	0.00e+00	0.00e+00	0.00e+00	0.00e+00	9.19e-93
 4.46341e+13	8.98e-27	1.79e-19	5.24e-13	2.50e-07	4.79e-01	5.20e-01	1.31e-03	0.00e+00	0.00e+00	0.00e+00	0.00e+00	0.00e+00	2.91e-79
 4.61165e+13	1.20e-26	2.24e-19	6.20e-13	2.77e-07	4.96e-01	5.03e-01	1.18e-03	0.00e+00	0.00e+00	0.00e+00	0.00e+00	0.00e+00	5.67e-92
 4.77207e+13	1.62e-26	2.84e-19	7.38e-13	3.09e-07	5.14e-01	4.85e-01	1.06e-03	0.00e+00	0.00e+00	0.00e+00	0.00e+00	0.00e+00	1.25e-78
 4.95179e+13	2.23e-26	3.67e-19	8.91e-13	3.47e-07	5.33e-01	4.66e-01	9.45e-04	0.00e+00	0.00e+00	0.00e+00	0.00e+00	0.00e+00	3.64e-91
 5.12152e+13	3.00e-26	4.62e-19	1.05e-12	3.84e-07	5.51e-01	4.48e-01	8.49e-04	0.00e+00	0.00e+00	0.00e+00	0.00e+00	0.00e+00	5.82e-78
 5.30714e+13	4.08e-26	5.89e-19	1.26e-12	4.27e-07	5.69e-01	4.30e-01	7.56e-04	0.00e+00	0.00e+00	0.00e+00	0.00e+00	0.00e+00	2.23e-90
 5.51377e+13	5.67e-26	7.63e-19	1.52e-12	4.79e-07	5.89e-01	4.11e-01	6.66e-04	0.00e+00	0.00e+00	0.00e+00	0.00e+00	0.00e+00	2.88e-77
 5.70743e+13	7.63e-26	9.63e-19	1.80e-12	5.30e-07	6.06e-01	3.93e-01	5.94e-04	0.00e+00	0.00e+00	0.00e+00	0.00e+00	0.00e+00	1.48e-89
 5.91685e+13	1.04e-25	1.23e-18	2.15e-12	5.88e-07	6.24e-01	3.76e-01	5.27e-04	0.00e+00	0.00e+00	0.00e+00	0.00e+00	0.00e+00	1.33e-76
 6.15130e+13	1.45e-25	1.59e-18	2.59e-12	6.57e-07	6.43e-01	3.57e-01	4.62e-04	0.00e+00	0.00e+00	0.00e+00	0.00e+00	0.00e+00	1.04e-88
 6.37677e+13	1.96e-25	2.02e-18	3.07e-12	7.27e-07	6.60e-01	3.40e-01	4.08e-04	0.00e+00	0.00e+00	0.00e+00	0.00e+00	0.00e+00	6.75e-76
 6.61648e+13	2.68e-25	2.57e-18	3.66e-12	8.05e-07	6.77e-01	3.23e-01	3.59e-04	0.00e+00	0.00e+00	0.00e+00	0.00e+00	0.00e+00	1.50e-75
 6.88413e+13	3.75e-25	3.34e-18	4.41e-12	8.98e-07	6.94e-01	3.05e-01	3.13e-04	0.00e+00	0.00e+00	0.00e+00	0.00e+00	0.00e+00	3.53e-75
 7.14831e+13	5.14e-25	4.27e-18	5.26e-12	9.93e-07	7.11e-01	2.89e-01	2.74e-04	0.00e+00	0.00e+00	0.00e+00	0.00e+00	0.00e+00	7.99e-75
 7.42306e+13	7.05e-25	5.45e-18	6.25e-12	1.10e-06	7.26e-01	2.73e-01	2.40e-04	0.00e+00	0.00e+00	0.00e+00	0.00e+00	0.00e+00	1.81e-74
 7.70055e+13	9.57e-25	6.90e-18	7.40e-12	1.21e-06	7.41e-01	2.59e-01	2.10e-04	0.00e+00	0.00e+00	0.00e+00	0.00e+00	0.00e+00	4.00e-74
 7.92822e+13	1.22e-24	8.33e-18	8.45e-12	1.30e-06	7.52e-01	2.47e-01	1.90e-04	0.00e+00	0.00e+00	0.00e+00	0.00e+00	0.00e+00	7.52e-74
 8.12072e+13	1.49e-24	9.71e-18	9.42e-12	1.38e-06	7.62e-01	2.38e-01	1.74e-04	0.00e+00	0.00e+00	0.00e+00	0.00e+00	0.00e+00	1.27e-73
 8.33994e+13	1.86e-24	1.15e-17	1.06e-11	1.48e-06	7.71e-01	2.29e-01	1.58e-04	0.00e+00	0.00e+00	0.00e+00	0.00e+00	0.00e+00	2.26e-73
 8.62492e+13	2.45e-24	1.43e-17	1.23e-11	1.61e-06	7.83e-01	2.17e-01	1.40e-04	0.00e+00	0.00e+00	0.00e+00	0.00e+00	0.00e+00	4.67e-73
 8.92692e+13	3.26e-24	1.77e-17	1.44e-11	1.75e-06	7.95e-01	2.05e-01	1.23e-04	0.00e+00	0.00e+00	0.00e+00	0.00e+00	0.00e+00	9.87e-73
 9.19090e+13	4.14e-24	2.13e-17	1.64e-11	1.88e-06	8.04e-01	1.95e-01	1.11e-04	0.00e+00	0.00e+00	0.00e+00	0.00e+00	0.00e+00	1.86e-72
 9.47393e+13	5.32e-24	2.58e-17	1.87e-11	2.03e-06	8.14e-01	1.86e-01	9.92e-05	0.00e+00	0.00e+00	0.00e+00	0.00e+00	0.00e+00	3.62e-72
 9.82808e+13	7.19e-24	3.25e-17	2.19e-11	2.21e-06	8.25e-01	1.75e-01	8.66e-05	0.00e+00	0.00e+00	0.00e+00	0.00e+00	0.00e+00	8.01e-72
 1.01891e+14	9.66e-24	4.08e-17	2.57e-11	2.41e-06	8.35e-01	1.65e-01	7.58e-05	0.00e+00	0.00e+00	0.00e+00	0.00e+00	0.00e+00	1.76e-71
 1.05037e+14	1.24e-23	4.93e-17	2.93e-11	2.59e-06	8.44e-01	1.56e-01	6.77e-05	0.00e+00	0.00e+00	0.00e+00	1.58e-17	3.36e-17	3.43e-71
 1.08435e+14	1.61e-23	6.02e-17	3.36e-11	2.79e-06	8.52e-01	1.48e-01	6.01e-05	0.00e+00	0.00e+00	0.00e+00	2.00e-17	4.02e-17	6.88e-71
 1.12578e+14	2.19e-23	7.60e-17	3.94e-11	3.04e-06	8.61e-01	1.39e-01	5.23e-05	0.00e+00	0.00e+00	0.00e+00	2.52e-17	5.08e-17	1.56e-70
 1.16726e+14	2.94e-23	9.52e-17	4.60e-11	3.30e-06	8.70e-01	1.30e-01	4.56e-05	0.00e+00	0.00e+00	0.00e+00	3.16e-17	6.36e-17	3.45e-70
 1.20408e+14	3.79e-23	1.15e-16	5.24e-11	3.54e-06	8.76e-01	1.23e-01	4.06e-05	0.00e+00	0.00e+00	0.00e+00	3.83e-17	7.71e-17	6.82e-70
 1.24448e+14	4.96e-23	1.42e-16	6.03e-11	3.81e-06	8.83e-01	1.17e-01	3.59e-05	0.00e+00	0.00e+00	0.00e+00	4.70e-17	9.46e-17	1.41e-69
 1.29281e+14	6.76e-23	1.79e-16	7.08e-11	4.15e-06	8.91e-01	1.09e-01	3.11e-05	0.00e+00	0.00e+00	0.00e+00	5.94e-17	1.20e-16	3.24e-69
 1.34093e+14	9.10e-23	2.24e-16	8.25e-11	4.49e-06	8.98e-01	1.02e-01	2.70e-05	0.00e+00	0.00e+00	0.00e+00	7.44e-17	1.50e-16	7.24e-69
 1.38488e+14	1.18e-22	2.73e-16	9.43e-11	4.82e-06	9.04e-01	9.62e-02	2.39e-05	0.00e+00	0.00e+00	0.00e+00	9.07e-17	1.83e-16	1.47e-68
 1.43392e+14	1.57e-22	3.39e-16	1.09e-10	5.20e-06	9.10e-01	9.04e-02	2.10e-05	0.00e+00	0.00e+00	0.00e+00	1.12e-16	2.26e-16	3.16e-68
 1.49102e+14	2.15e-22	4.30e-16	1.28e-10	5.66e-06	9.16e-01	8.42e-02	1.81e-05	0.00e+00	0.00e+00	0.00e+00	1.43e-16	2.87e-16	7.45e-68
 1.54718e+14	2.91e-22	5.39e-16	1.49e-10	6.13e-06	9.21e-01	7.86e-02	1.57e-05	0.00e+00	0.00e+00	0.00e+00	1.79e-16	3.60e-16	1.70e-67
 1.60039e+14	3.82e-22	6.63e-16	1.72e-10	6.59e-06	9.26e-01	7.39e-02	1.38e-05	0.00e+00	0.00e+00	0.00e+00	2.20e-16	4.43e-16	3.54e-67
 1.65952e+14	5.13e-22	8.28e-16	2.00e-10	7.13e-06	9.31e-01	6.91e-02	1.20e-05	0.00e+00	0.00e+00	0.00e+00	2.75e-16	5.53e-16	7.87e-67
 1.72620e+14	7.05e-22	1.05e-15	2.35e-10	7.75e-06	9.36e-01	6.42e-02	1.03e-05	0.00e+00	0.00e+00	0.00e+00	3.49e-16	7.04e-16	1.87e-66
 1.79327e+14	9.60e-22	1.33e-15	2.75e-10	8.40e-06	9.40e-01	5.98e-02	8.87e-06	0.00e+00	0.00e+00	0.00e+00	4.41e-16	8.88e-16	4.32e-66
 1.86302e+14	1.31e-21	1.68e-15	3.21e-10	9.11e-06	9.44e-01	5.56e-02	7.65e-06	0.00e+00	0.00e+00	0.00e+00	5.56e-16	1.12e-15	9.98e-66
 1.92571e+14	1.70e-21	2.05e-15	3.68e-10	9.77e-06	9.48e-01	5.22e-02	6.72e-06	0.00e+00	0.00e+00	0.00e+00	6.80e-16	1.37e-15	2.06e-65
 1.97367e+14	2.08e-21	2.38e-15	4.07e-10	1.03e-05	9.50e-01	4.99e-02	6.11e-06	0.00e+00	0.00e+00	0.00e+00	7.89e-16	1.59e-15	3.53e-65
 2.02414e+14	2.54e-21	2.77e-15	4.52e-10	1.08e-05	9.52e-01	4.75e-02	5.53e-06	0.00e+00	0.00e+00	0.00e+00	9.19e-16	1.85e-15	6.13e-65
 2.08975e+14	3.29e-21	3.37e-15	5.15e-10	1.16e-05	9.55e-01	4.47e-02	4.88e-06	0.00e+00	0.00e+00	0.00e+00	1.12e-15	2.25e-15	1.23e-64
 2.16115e+14	4.31e-21	4.13e-15	5.91e-10	1.24e-05	9.58e-01	4.19e-02	4.28e-06	0.00e+00	0.00e+00	0.00e+00	1.37e-15	2.76e-15	2.57e-64
 2.22588e+14	5.46e-21	4.94e-15	6.67e-10	1.32e-05	9.60e-01	3.96e-02	3.81e-06	0.00e+00	0.00e+00	0.00e+00	1.64e-15	3.30e-15	4.89e-64
 2.29585e+14	6.99e-21	5.95e-15	7.57e-10	1.41e-05	9.63e-01	3.73e-02	3.37e-06	0.00e+00	0.00e+00	0.00e+00	1.97e-15	3.98e-15	9.61e-64
 2.38225e+14	9.40e-21	7.44e-15	8.80e-10	1.53e-05	9.65e-01	3.47e-02	2.91e-06	0.00e+00	0.00e+00	0.00e+00	2.47e-15	4.98e-15	2.14e-63
 2.46892e+14	1.25e-20	9.24e-15	1.02e-09	1.65e-05	9.68e-01	3.23e-02	2.52e-06	0.00e+00	0.00e+00	0.00e+00	3.06e-15	6.18e-15	4.66e-63
 2.54465e+14	1.59e-20	1.11e-14	1.15e-09	1.75e-05	9.70e-01	3.05e-02	2.23e-06	0.00e+00	0.00e+00	0.00e+00	3.67e-15	7.41e-15	8.98e-63
 2.62727e+14	2.05e-20	1.34e-14	1.31e-09	1.88e-05	9.71e-01	2.86e-02	1.96e-06	0.00e+00	0.00e+00	0.00e+00	4.45e-15	8.99e-15	1.79e-62
 2.72759e+14	2.77e-20	1.68e-14	1.53e-09	2.03e-05	9.73e-01	2.65e-02	1.69e-06	0.00e+00	0.00e+00	0.00e+00	5.57e-15	1.13e-14	4.02e-62
 2.82664e+14	3.67e-20	2.09e-14	1.77e-09	2.19e-05	9.75e-01	2.47e-02	1.46e-06	0.00e+00	0.00e+00	0.00e+00	6.91e-15	1.40e-14	8.68e-62
 2.91287e+14	4.66e-20	2.50e-14	2.01e-09	2.33e-05	9.77e-01	2.33e-02	1.30e-06	0.00e+00	0.00e+00	0.00e+00	8.28e-15	1.67e-14	1.66e-61
 3.00674e+14	5.99e-20	3.03e-14	2.28e-09	2.49e-05	9.78e-01	2.18e-02	1.14e-06	0.00e+00	0.00e+00	0.00e+00	1.00e-14	2.02e-14	3.28e-61
 3.12115e+14	8.05e-20	3.79e-14	2.66e-09	2.70e-05	9.80e-01	2.03e-02	9.78e-07	0.00e+00	0.00e+00	0.00e+00	1.25e-14	2.53e-14	7.30e-61
 3.23585e+14	1.07e-19	4.70e-14	3.08e-09	2.91e-05	9.81e-01	1.88e-02	0.00e+00	0.00e+00	0.00e+00	0.00e+00	1.55e-14	3.15e-14	1.58e-60
 3.33773e+14	1.37e-19	5.66e-14	3.50e-09	3.10e-05	9.82e-01	1.77e-02	0.00e+00	0.00e+00	0.00e+00	0.00e+00	1.87e-14	3.79e-14	3.08e-60
 3.44933e+14	1.77e-19	6.89e-14	4.01e-09	3.33e-05	9.83e-01	1.65e-02	0.00e+00	0.00e+00	0.00e+00	0.00e+00	2.28e-14	4.61e-14	6.20e-60
 3.58280e+14	2.39e-19	8.64e-14	4.68e-09	3.61e-05	9.85e-01	1.53e-02	0.00e+00	0.00e+00	0.00e+00	0.00e+00	2.86e-14	5.79e-14	1.39e-59
 3.71523e+14	3.18e-19	1.07e-13	5.43e-09	3.89e-05	9.86e-01	1.42e-02	0.00e+00	0.00e+00	0.00e+00	0.00e+00	3.54e-14	7.19e-14	3.02e-59
 3.83530e+14	4.08e-19	1.30e-13	6.18e-09	4.16e-05	9.87e-01	1.33e-02	0.00e+00	0.00e+00	0.00e+00	0.00e+00	4.28e-14	8.69e-14	5.95e-59
 3.96880e+14	5.33e-19	1.59e-13	7.11e-09	4.47e-05	9.88e-01	1.24e-02	0.00e+00	0.00e+00	0.00e+00	0.00e+00	5.25e-14	1.07e-13	1.23e-58
 4.12530e+14	7.20e-19	2.00e-13	8.33e-09	4.86e-05	9.88e-01	1.15e-02	0.00e+00	0.00e+00	0.00e+00	0.00e+00	6.60e-14	1.34e-13	2.79e-58
 4.27954e+14	9.60e-19	2.49e-13	9.67e-09	5.24e-05	9.89e-01	1.06e-02	0.00e+00	0.00e+00	0.00e+00	0.00e+00	8.21e-14	1.67e-13	6.09e-58
 4.42406e+14	1.24e-18	3.03e-13	1.11e-08	5.63e-05	9.90e-01	9.92e-03	0.00e+00	0.00e+00	0.00e+00	0.00e+00	1.00e-13	2.03e-13	1.23e-57
 4.58543e+14	1.65e-18	3.75e-13	1.28e-08	6.07e-05	9.91e-01	9.22e-03	0.00e+00	0.00e+00	0.00e+00	0.00e+00	1.24e-13	2.52e-13	2.64e-57
 4.75622e+14	2.19e-18	4.66e-13	1.49e-08	6.55e-05	9.91e-01	8.54e-03	0.00e+00	0.00e+00	0.00e+00	0.00e+00	1.54e-13	3.13e-13	5.72e-57
 4.90855e+14	2.80e-18	5.62e-13	1.69e-08	7.00e-05	9.92e-01	8.01e-03	0.00e+00	0.00e+00	0.00e+00	0.00e+00	1.85e-13	3.77e-13	1.12e-56
 5.07326e+14	3.62e-18	6.83e-13	1.94e-08	7.51e-05	9.92e-01	7.48e-03	0.00e+00	0.00e+00	0.00e+00	0.00e+00	2.25e-13	4.58e-13	2.25e-56
 5.26983e+14	4.86e-18	8.56e-13	2.26e-08	8.13e-05	9.93e-01	6.91e-03	0.00e+00	0.00e+00	0.00e+00	0.00e+00	2.82e-13	5.74e-13	5.06e-56
 5.44598e+14	6.29e-18	1.04e-12	2.58e-08	8.71e-05	9.93e-01	6.46e-03	0.00e+00	0.00e+00	0.00e+00	0.00e+00	3.42e-13	6.99e-13	1.02e-55
 5.57979e+14	7.59e-18	1.20e-12	2.85e-08	9.16e-05	9.94e-01	6.14e-03	0.00e+00	0.00e+00	0.00e+00	0.00e+00	3.95e-13	8.07e-13	1.71e-55
 5.72039e+14	9.21e-18	1.39e-12	3.16e-08	9.66e-05	9.94e-01	5.83e-03	0.00e+00	0.00e+00	0.00e+00	0.00e+00	4.58e-13	9.35e-13	2.91e-55
 5.90317e+14	1.18e-17	1.68e-12	3.59e-08	1.03e-04	9.94e-01	5.46e-03	0.00e+00	0.00e+00	0.00e+00	0.00e+00	5.51e-13	1.13e-12	5.67e-55
 6.10193e+14	1.52e-17	2.04e-12	4.10e-08	1.11e-04	9.95e-01	5.10e-03	0.00e+00	0.00e+00	0.00e+00	0.00e+00	6.70e-13	1.37e-12	1.15e-54
 6.28223e+14	1.91e-17	2.42e-12	4.62e-08	1.17e-04	9.95e-01	4.80e-03	0.00e+00	0.00e+00	0.00e+00	0.00e+00	7.96e-13	1.63e-12	2.15e-54
 6.47736e+14	2.42e-17	2.91e-12	5.23e-08	1.25e-04	9.95e-01	4.50e-03	0.00e+00	0.00e+00	0.00e+00	0.00e+00	9.53e-13	1.95e-12	4.13e-54
 6.71955e+14	3.22e-17	3.61e-12	6.07e-08	1.35e-04	9.96e-01	4.17e-03	0.00e+00	0.00e+00	0.00e+00	0.00e+00	1.18e-12	2.43e-12	9.06e-54
 6.96290e+14	4.25e-17	4.46e-12	7.01e-08	1.46e-04	9.96e-01	3.88e-03	0.00e+00	0.00e+00	0.00e+00	0.00e+00	1.46e-12	3.00e-12	1.95e-53
 7.17436e+14	5.36e-17	5.32e-12	7.92e-08	1.55e-04	9.96e-01	3.64e-03	0.00e+00	4.39e-18	1.32e-17	2.20e-17	1.74e-12	3.58e-12	3.71e-53
 7.40438e+14	6.85e-17	6.41e-12	9.00e-08	1.66e-04	9.96e-01	3.41e-03	0.00e+00	5.61e-18	1.68e-17	2.82e-17	2.10e-12	4.31e-12	7.30e-53
 7.68523e+14	9.14e-17	7.99e-12	1.05e-07	1.79e-04	9.97e-01	3.16e-03	0.00e+00	7.49e-18	2.25e-17	3.76e-17	2.62e-12	5.37e-12	1.63e-52
 7.96759e+14	1.21e-16	9.89e-12	1.21e-07	1.93e-04	9.97e-01	2.93e-03	0.00e+00	9.91e-18	2.98e-17	4.97e-17	3.24e-12	6.65e-12	3.53e-52
 8.21847e+14	1.54e-16	1.19e-11	1.37e-07	2.06e-04	9.97e-01	2.75e-03	0.00e+00	1.26e-17	3.79e-17	6.33e-17	3.89e-12	7.99e-12	6.92e-52
 8.49302e+14	1.98e-16	1.44e-11	1.57e-07	2.21e-04	9.97e-01	2.56e-03	0.00e+00	1.63e-17	4.88e-17	8.16e-17	4.71e-12	9.70e-12	1.40e-51
 8.82132e+14	2.66e-16	1.80e-11	1.83e-07	2.39e-04	9.97e-01	2.37e-03	0.00e+00	2.18e-17	6.55e-17	1.09e-16	5.89e-12	1.21e-11	3.17e-51
 9.14748e+14	3.52e-16	2.23e-11	2.12e-07	2.58e-04	9.98e-01	2.19e-03	0.00e+00	2.89e-17	8.67e-17	1.45e-16	7.29e-12	1.50e-11	6.93e-51
 9.44400e+14	4.50e-16	2.70e-11	2.41e-07	2.76e-04	9.98e-01	2.05e-03	0.00e+00	3.69e-17	1.11e-16	1.85e-16	8.80e-12	1.82e-11	1.38e-50
 9.77400e+14	5.85e-16	3.30e-11	2.77e-07	2.96e-04	9.98e-01	1.91e-03	0.00e+00	4.80e-17	1.44e-16	2.41e-16	1.08e-11	2.22e-11	2.88e-50
 1.01599e+15	7.87e-16	4.14e-11	3.25e-07	3.22e-04	9.98e-01	1.76e-03	0.00e+00	6.47e-17	1.94e-16	3.25e-16	1.35e-11	2.79e-11	6.62e-50
 1.05407e+15	1.04e-15	5.14e-11	3.77e-07	3.48e-04	9.98e-01	1.63e-03	0.00e+00	8.57e-17	2.57e-16	4.30e-16	1.68e-11	3.46e-11	1.46e-49
 1.09003e+15	1.35e-15	6.26e-11	4.33e-07	3.74e-04	9.98e-01	1.52e-03	0.00e+00	1.11e-16	3.33e-16	5.56e-16	2.04e-11	4.22e-11	3.01e-49
 1.13000e+15	1.77e-15	7.72e-11	5.01e-07	4.04e-04	9.98e-01	1.40e-03	0.00e+00	1.46e-16	4.37e-16	7.31e-16	2.52e-11	5.21e-11	6.47e-49
 1.16796e+15	2.27e-15	9.36e-11	5.74e-07	4.34e-04	9.98e-01	1.31e-03	0.00e+00	1.87e-16	5.61e-16	9.38e-16	3.05e-11	6.31e-11	1.31e-48
 1.19622e+15	2.72e-15	1.08e-10	6.33e-07	4.56e-04	9.98e-01	1.24e-03	0.00e+00	2.24e-16	6.72e-16	1.12e-15	3.50e-11	7.26e-11	2.18e-48
 1.22490e+15	3.25e-15	1.24e-10	6.97e-07	4.80e-04	9.98e-01	1.18e-03	0.00e+00	2.67e-16	8.03e-16	1.34e-15	4.02e-11	8.33e-11	3.61e-48
 1.26219e+15	4.06e-15	1.47e-10	7.88e-07	5.13e-04	9.98e-01	1.11e-03	0.00e+00	3.34e-16	1.00e-15	1.68e-15	4.78e-11	9.91e-11	6.79e-48
 1.30260e+15	5.12e-15	1.76e-10	8.97e-07	5.49e-04	9.98e-01	1.03e-03	0.00e+00	4.22e-16	1.27e-15	2.12e-15	5.74e-11	1.19e-10	1.32e-47
 1.33895e+15	6.27e-15	2.07e-10	1.00e-06	5.83e-04	9.98e-01	9.71e-04	0.00e+00	5.17e-16	1.55e-15	2.60e-15	6.72e-11	1.39e-10	2.35e-47
 1.37809e+15	7.75e-15	2.44e-10	1.13e-06	6.22e-04	9.98e-01	9.12e-04	0.00e+00	6.40e-16	1.92e-15	3.21e-15	7.93e-11	1.65e-10	4.31e-47
 1.42823e+15	1.01e-14	2.99e-10	1.31e-06	6.73e-04	9.98e-01	8.43e-04	0.00e+00	8.31e-16	2.50e-15	4.17e-15	9.73e-11	2.02e-10	9.09e-47
 1.47891e+15	1.29e-14	3.65e-10	1.51e-06	7.27e-04	9.98e-01	7.80e-04	0.00e+00	1.07e-15	3.21e-15	5.37e-15	1.19e-10	2.46e-10	1.88e-46
 1.52076e+15	1.58e-14	4.28e-10	1.69e-06	7.73e-04	9.98e-01	7.33e-04	0.00e+00	1.31e-15	3.93e-15	6.57e-15	1.39e-10	2.89e-10	3.36e-46
 1.56490e+15	1.94e-14	5.03e-10	1.90e-06	8.25e-04	9.98e-01	6.87e-04	0.00e+00	1.60e-15	4.82e-15	8.05e-15	1.64e-10	3.39e-10	6.03e-46
 1.62166e+15	2.50e-14	6.15e-10	2.20e-06	8.94e-04	9.98e-01	6.35e-04	0.00e+00	2.07e-15	6.21e-15	1.04e-14	2.00e-10	4.15e-10	1.26e-45
 1.68164e+15	3.22e-14	7.54e-10	2.56e-06	9.70e-04	9.98e-01	5.85e-04	0.00e+00	2.67e-15	8.01e-15	1.34e-14	2.45e-10	5.09e-10	2.65e-45
 1.73476e+15	3.99e-14	8.97e-10	2.91e-06	1.04e-03	9.98e-01	5.45e-04	0.00e+00	3.31e-15	9.95e-15	1.66e-14	2.92e-10	6.05e-10	4.99e-45
 1.79218e+15	4.77e-14	1.08e-09	3.33e-06	1.12e-03	9.98e-01	5.06e-04	0.00e+00	3.96e-15	1.19e-14	1.99e-14	3.50e-10	7.26e-10	9.51e-45
 1.86114e+15	6.14e-14	1.33e-09	3.88e-06	1.22e-03	9.98e-01	4.64e-04	0.00e+00	5.10e-15	1.53e-14	2.56e-14	4.31e-10	8.94e-10	2.04e-44
 1.92939e+15	7.76e-14	1.62e-09	4.50e-06	1.33e-03	9.98e-01	4.27e-04	0.00e+00	6.46e-15	1.94e-14	3.24e-14	5.26e-10	1.09e-09	4.23e-44
 1.99042e+15	9.50e-14	1.92e-09	5.11e-06	1.43e-03	9.98e-01	3.97e-04	0.00e+00	7.91e-15	2.38e-14	3.97e-14	6.24e-10	1.29e-09	7.91e-44
 2.05775e+15	1.18e-13	2.31e-09	5.86e-06	1.54e-03	9.98e-01	3.68e-04	0.00e+00	9.86e-15	2.96e-14	4.95e-14	7.51e-10	1.55e-09	1.56e-43
 2.13774e+15	1.50e-13	2.83e-09	6.85e-06	1.68e-03	9.98e-01	3.37e-04	0.00e+00	1.25e-14	3.76e-14	6.29e-14	9.22e-10	1.91e-09	3.33e-43
 2.21704e+15	1.88e-13	3.45e-09	7.95e-06	1.83e-03	9.98e-01	3.09e-04	0.00e+00	1.57e-14	4.72e-14	7.89e-14	1.12e-09	2.33e-09	6.92e-43
 2.28990e+15	2.30e-13	4.12e-09	9.07e-06	1.97e-03	9.98e-01	2.87e-04	0.00e+00	1.93e-14	5.79e-14	9.67e-14	1.34e-09	2.77e-09	1.33e-42
 2.37151e+15	2.84e-13	4.96e-09	1.05e-05	2.14e-03	9.98e-01	2.64e-04	0.00e+00	2.38e-14	7.15e-14	1.19e-13	1.62e-09	3.34e-09	2.73e-42
 2.46601e+15	3.59e-13	6.12e-09	1.23e-05	2.35e-03	9.97e-01	2.41e-04	0.00e+00	3.01e-14	9.05e-14	1.51e-13	2.00e-09	4.12e-09	5.98e-42
 2.54490e+15	4.29e-13	7.24e-09	1.39e-05	2.53e-03	9.97e-01	2.24e-04	0.00e+00	3.61e-14	1.08e-13	1.81e-13	2.36e-09	4.87e-09	1.12e-41
 2.60030e+15	4.86e-13	8.11e-09	1.52e-05	2.66e-03	9.97e-01	2.13e-04	0.00e+00	4.09e-14	1.23e-13	2.05e-13	2.65e-09	5.46e-09	1.71e-41
 2.65751e+15	5.52e-13	9.11e-09	1.66e-05	2.80e-03	9.97e-01	2.02e-04	0.00e+00	4.65e-14	1.40e-13	2.33e-13	2.98e-09	6.14e-09	2.65e-41
 2.73190e+15	6.48e-13	1.06e-08	1.86e-05	2.98e-03	9.97e-01	1.90e-04	0.00e+00	5.47e-14	1.64e-13	2.74e-13	3.45e-09	7.11e-09	4.63e-41
 2.81474e+15	7.67e-13	1.24e-08	2.10e-05	3.20e-03	9.97e-01	1.77e-04	0.00e+00	6.48e-14	1.95e-13	3.25e-13	4.05e-09	8.33e-09	8.41e-41
 2.89225e+15	8.93e-13	1.43e-08	2.34e-05	3.41e-03	9.96e-01	1.66e-04	0.00e+00	7.55e-14	2.27e-13	3.79e-13	4.67e-09	9.61e-09	1.44e-40
 2.97670e+15	1.05e-12	1.66e-08	2.63e-05	3.65e-03	9.96e-01	1.55e-04	0.00e+00	8.90e-14	2.67e-13	4.46e-13	5.44e-09	1.12e-08	2.59e-40
 3.07084e+15	1.25e-12	1.97e-08	2.98e-05	3.92e-03	9.96e-01	1.44e-04	0.00e+00	1.06e-13	3.17e-13	5.29e-13	6.43e-09	1.32e-08	4.87e-40
 3.15883e+15	1.45e-12	2.28e-08	3.34e-05	4.19e-03	9.96e-01	1.34e-04	0.00e+00	1.23e-13	3.69e-13	6.17e-13	7.47e-09	1.54e-08	8.60e-40
 3.25448e+15	1.71e-12	2.67e-08	3.76e-05	4.49e-03	9.95e-01	1.25e-04	0.00e+00	1.45e-13	4.36e-13	7.29e-13	8.76e-09	1.80e-08	1.58e-39
 3.36187e+15	2.04e-12	3.18e-08	4.29e-05	4.85e-03	9.95e-01	1.16e-04	0.00e+00	1.73e-13	5.20e-13	8.68e-13	1.04e-08	2.14e-08	3.10e-39
 3.46391e+15	2.38e-12	3.72e-08	4.84e-05	5.20e-03	9.95e-01	1.08e-04	0.00e+00	2.03e-13	6.09e-13	1.02e-12	1.22e-08	2.50e-08	5.79e-39
 3.57595e+15	2.83e-12	4.41e-08	5.50e-05	5.60e-03	9.94e-01	1.00e-04	0.00e+00	2.42e-13	7.25e-13	1.21e-12	1.45e-08	2.96e-08	1.13e-38
 3.70171e+15	3.39e-12	5.30e-08	6.32e-05	6.07e-03	9.94e-01	9.23e-05	0.00e+00	2.90e-13	8.70e-13	1.45e-12	1.74e-08	3.56e-08	2.33e-38
 3.82177e+15	4.00e-12	6.28e-08	7.18e-05	6.54e-03	9.93e-01	8.56e-05	0.00e+00	3.42e-13	1.03e-12	1.71e-12	2.06e-08	4.22e-08	4.52e-38
 3.95433e+15	4.80e-12	7.53e-08	8.23e-05	7.08e-03	9.93e-01	7.89e-05	0.00e+00	4.11e-13	1.23e-12	2.06e-12	2.47e-08	5.06e-08	9.24e-38
 4.10159e+15	5.79e-12	9.15e-08	9.53e-05	7.72e-03	9.92e-01	7.24e-05	0.00e+00	4.97e-13	1.49e-12	2.49e-12	3.01e-08	6.14e-08	1.98e-37
 4.23912e+15	6.83e-12	1.09e-07	1.09e-04	8.33e-03	9.91e-01	6.69e-05	0.00e+00	5.87e-13	1.76e-12	2.94e-12	3.58e-08	7.32e-08	3.94e-37
 4.38910e+15	8.22e-12	1.31e-07	1.25e-04	9.04e-03	9.91e-01	6.16e-05	0.00e+00	7.08e-13	2.12e-12	3.55e-12	4.32e-08	8.82e-08	8.16e-37
 4.55598e+15	9.93e-12	1.60e-07	1.45e-04	9.86e-03	9.90e-01	5.64e-05	0.00e+00	8.56e-13	2.57e-12	4.29e-12	5.28e-08	1.08e-07	1.78e-36
 4.71245e+15	1.18e-11	1.92e-07	1.66e-04	1.07e-02	9.89e-01	5.21e-05	0.00e+00	1.01e-12	3.04e-12	5.08e-12	6.32e-08	1.29e-07	3.56e-36
 4.88257e+15	1.42e-11	2.33e-07	1.92e-04	1.16e-02	9.88e-01	4.79e-05	0.00e+00	1.23e-12	3.68e-12	6.14e-12	7.66e-08	1.56e-07	7.45e-36
 5.04529e+15	1.66e-11	2.77e-07	2.19e-04	1.25e-02	9.87e-01	4.44e-05	0.00e+00	1.43e-12	4.30e-12	7.18e-12	9.12e-08	1.86e-07	1.45e-35
 5.16273e+15	1.84e-11	3.12e-07	2.40e-04	1.32e-02	9.87e-01	4.21e-05	0.00e+00	1.59e-12	4.79e-12	7.99e-12	1.03e-07	2.09e-07	2.29e-35
 5.27880e+15	2.09e-11	3.53e-07	2.63e-04	1.39e-02	9.86e-01	4.00e-05	0.00e+00	1.81e-12	5.43e-12	9.06e-12	1.16e-07	2.37e-07	3.62e-35
 5.42969e+15	2.45e-11	4.11e-07	2.94e-04	1.48e-02	9.85e-01	3.74e-05	0.00e+00	2.12e-12	6.37e-12	1.06e-11	1.36e-07	2.76e-07	6.47e-35
 5.59457e+15	2.86e-11	4.84e-07	3.32e-04	1.59e-02	9.84e-01	3.49e-05	0.00e+00	2.49e-12	7.47e-12	1.25e-11	1.60e-07	3.25e-07	1.19e-34
 5.74343e+15	3.31e-11	5.58e-07	3.69e-04	1.69e-02	9.83e-01	3.28e-05	0.00e+00	2.88e-12	8.64e-12	1.44e-11	1.84e-07	3.74e-07	2.04e-34
 5.90273e+15	3.87e-11	6.50e-07	4.12e-04	1.80e-02	9.82e-01	3.08e-05	0.00e+00	3.37e-12	1.01e-11	1.69e-11	2.15e-07	4.36e-07	3.58e-34
 6.10983e+15	4.70e-11	7.88e-07	4.75e-04	1.95e-02	9.80e-01	2.84e-05	0.00e+00	4.10e-12	1.23e-11	2.05e-11	2.60e-07	5.28e-07	7.34e-34
 6.31818e+15	5.62e-11	9.46e-07	5.44e-04	2.11e-02	9.78e-01	2.63e-05	0.00e+00	4.91e-12	1.47e-11	2.46e-11	3.12e-07	6.34e-07	1.43e-33
 6.48438e+15	6.46e-11	1.09e-06	6.04e-04	2.24e-02	9.77e-01	2.48e-05	0.00e+00	5.65e-12	1.70e-11	2.83e-11	3.60e-07	7.30e-07	2.38e-33
 6.65663e+15	7.54e-11	1.26e-06	6.72e-04	2.39e-02	9.75e-01	2.34e-05	0.00e+00	6.60e-12	1.98e-11	3.30e-11	4.18e-07	8.46e-07	4.05e-33
 6.88056e+15	9.18e-11	1.52e-06	7.70e-04	2.58e-02	9.73e-01	2.16e-05	0.00e+00	8.04e-12	2.41e-11	4.03e-11	5.03e-07	1.02e-06	7.95e-33
 7.11772e+15	1.11e-10	1.84e-06	8.85e-04	2.80e-02	9.71e-01	2.01e-05	0.00e+00	9.78e-12	2.93e-11	4.90e-11	6.08e-07	1.23e-06	1.51e-32
 7.32305e+15	1.32e-10	2.15e-06	9.94e-04	2.99e-02	9.69e-01	1.88e-05	0.00e+00	1.15e-11	3.47e-11	5.78e-11	7.12e-07	1.44e-06	2.61e-32
 7.54096e+15	1.57e-10	2.55e-06	1.12e-03	3.20e-02	9.67e-01	1.76e-05	0.00e+00	1.38e-11	4.15e-11	6.92e-11	8.42e-07	1.70e-06	4.69e-32
 7.81743e+15	1.97e-10	3.13e-06	1.31e-03	3.49e-02	9.64e-01	1.63e-05	0.00e+00	1.73e-11	5.20e-11	8.68e-11	1.04e-06	2.09e-06	9.59e-32
 8.09323e+15	2.40e-10	3.79e-06	1.51e-03	3.79e-02	9.61e-01	1.51e-05	0.00e+00	2.12e-11	6.36e-11	1.06e-10	1.25e-06	2.54e-06	1.83e-31
 8.32428e+15	2.86e-10	4.45e-06	1.69e-03	4.06e-02	9.58e-01	1.42e-05	0.00e+00	2.52e-11	7.57e-11	1.26e-10	1.47e-06	2.98e-06	3.10e-31
 8.57391e+15	3.46e-10	5.29e-06	1.92e-03	4.36e-02	9.54e-01	1.34e-05	0.00e+00	3.06e-11	9.18e-11	1.53e-10	1.75e-06	3.54e-06	5.53e-31
 8.85378e+15	4.21e-10	6.35e-06	2.20e-03	4.71e-02	9.51e-01	1.25e-05	0.00e+00	3.73e-11	1.12e-10	1.86e-10	2.10e-06	4.25e-06	1.01e-30
 9.09314e+15	4.98e-10	7.37e-06	2.46e-03	5.02e-02	9.47e-01	1.18e-05	0.00e+00	4.41e-11	1.32e-10	2.21e-10	2.44e-06	4.93e-06	1.61e-30
 9.29161e+15	5.69e-10	8.35e-06	2.70e-03	5.30e-02	9.44e-01	1.13e-05	0.00e+00	5.05e-11	1.51e-10	2.53e-10	2.77e-06	5.58e-06	2.41e-30
 9.51671e+15	6.71e-10	9.63e-06	3.00e-03	5.62e-02	9.41e-01	1.07e-05	0.00e+00	5.95e-11	1.78e-10	2.98e-10	3.19e-06	6.44e-06	3.81e-30
 9.76557e+15	7.89e-10	1.12e-05	3.36e-03	6.00e-02	9.37e-01	1.02e-05	0.00e+00	7.01e-11	2.10e-10	3.51e-10	3.71e-06	7.47e-06	6.08e-30
 1.00031e+16	9.21e-10	1.29e-05	3.73e-03	6.36e-02	9.33e-01	9.70e-06	0.00e+00	8.18e-11	2.45e-10	4.09e-10	4.27e-06	8.60e-06	9.38e-30
 1.02697e+16	1.10e-09	1.51e-05	4.20e-03	6.80e-02	9.28e-01	9.19e-06	0.00e+00	9.77e-11	2.93e-10	4.89e-10	5.00e-06	1.01e-05	1.55e-29
 1.05532e+16	1.31e-09	1.77e-05	4.74e-03	7.28e-02	9.22e-01	8.71e-06	0.00e+00	1.17e-10	3.51e-10	5.86e-10	5.87e-06	1.18e-05	2.50e-29
 1.08113e+16	1.55e-09	2.05e-05	5.29e-03	7.74e-02	9.17e-01	8.32e-06	0.00e+00	1.38e-10	4.15e-10	6.92e-10	6.79e-06	1.37e-05	3.84e-29
 1.10994e+16	1.88e-09	2.41e-05	5.99e-03	8.31e-02	9.11e-01	7.90e-06	0.00e+00	1.68e-10	5.04e-10	8.40e-10	8.00e-06	1.61e-05	6.39e-29
 1.14083e+16	2.29e-09	2.85e-05	6.80e-03	8.92e-02	9.04e-01	7.50e-06	0.00e+00	2.04e-10	6.13e-10	1.02e-09	9.46e-06	1.90e-05	1.03e-28
 1.16940e+16	2.70e-09	3.32e-05	7.64e-03	9.52e-02	8.97e-01	7.16e-06	0.00e+00	2.41e-10	7.23e-10	1.21e-09	1.10e-05	2.21e-05	1.60e-28
 1.19710e+16	3.19e-09	3.84e-05	8.56e-03	1.01e-01	8.90e-01	6.85e-06	0.00e+00	2.86e-10	8.58e-10	1.43e-09	1.28e-05	2.57e-05	2.44e-28
 1.22874e+16	3.95e-09	4.57e-05	9.77e-03	1.09e-01	8.81e-01	6.53e-06	0.00e+00	3.54e-10	1.06e-09	1.77e-09	1.52e-05	3.05e-05	4.07e-28
 1.26203e+16	4.78e-09	5.41e-05	1.12e-02	1.17e-01	8.72e-01	6.22e-06	0.00e+00	4.29e-10	1.29e-09	2.15e-09	1.80e-05	3.62e-05	6.46e-28
 1.29089e+16	5.67e-09	6.27e-05	1.25e-02	1.25e-01	8.63e-01	5.98e-06	0.00e+00	5.09e-10	1.53e-09	2.55e-09	2.08e-05	4.19e-05	9.71e-28
 1.32182e+16	6.92e-09	7.42e-05	1.42e-02	1.34e-01	8.52e-01	5.73e-06	0.00e+00	6.23e-10	1.87e-09	3.11e-09	2.46e-05	4.95e-05	1.56e-27
 1.35549e+16	8.60e-09	8.83e-05	1.63e-02	1.44e-01	8.40e-01	5.49e-06	0.00e+00	7.74e-10	2.32e-09	3.87e-09	2.94e-05	5.90e-05	2.51e-27
 1.38578e+16	1.04e-08	1.03e-04	1.84e-02	1.53e-01	8.28e-01	5.30e-06	0.00e+00	9.35e-10	2.81e-09	4.68e-09	3.43e-05	6.88e-05	3.80e-27
 1.41383e+16	1.22e-08	1.19e-04	2.07e-02	1.63e-01	8.16e-01	5.12e-06	0.00e+00	1.10e-09	3.31e-09	5.53e-09	3.96e-05	7.96e-05	5.59e-27
 1.44098e+16	1.45e-08	1.37e-04	2.31e-02	1.72e-01	8.04e-01	4.96e-06	0.00e+00	1.31e-09	3.93e-09	6.55e-09	4.57e-05	9.17e-05	8.17e-27
 1.46701e+16	1.72e-08	1.58e-04	2.58e-02	1.82e-01	7.92e-01	4.82e-06	0.00e+00	1.55e-09	4.66e-09	7.76e-09	5.24e-05	1.05e-04	1.18e-26
 1.49652e+16	2.13e-08	1.87e-04	2.94e-02	1.95e-01	7.76e-01	4.67e-06	0.00e+00	1.93e-09	5.78e-09	9.63e-09	6.21e-05	1.25e-04	1.89e-26
 1.52719e+16	2.57e-08	2.19e-04	3.35e-02	2.08e-01	7.59e-01	4.53e-06	0.00e+00	2.33e-09	6.99e-09	1.17e-08	7.29e-05	1.46e-04	2.83e-26
 1.55264e+16	3.05e-08	2.52e-04	3.74e-02	2.19e-01	7.43e-01	4.42e-06	0.00e+00	2.76e-09	8.29e-09	1.38e-08	8.37e-05	1.68e-04	4.07e-26
 1.57519e+16	3.58e-08	2.86e-04	4.14e-02	2.30e-01	7.28e-01	4.34e-06	0.00e+00	3.25e-09	9.74e-09	1.62e-08	9.52e-05	1.91e-04	5.72e-26
 1.60074e+16	4.33e-08	3.33e-04	4.66e-02	2.43e-01	7.10e-01	4.23e-06	0.00e+00	3.93e-09	1.18e-08	1.96e-08	1.11e-04	2.22e-04	8.64e-26
