#depth	He	He+	He+2
 1.49634e+10	9.08e-23	6.16e-12	1.00e+00
 4.54887e+10	1.02e-22	6.67e-12	1.00e+00
 7.72350e+10	1.15e-22	7.22e-12	1.00e+00
 1.10251e+11	1.28e-22	7.82e-12	1.00e+00
 1.43210e+11	1.44e-22	8.44e-12	1.00e+00
 1.77488e+11	1.61e-22	9.11e-12	1.00e+00
 2.14514e+11	1.81e-22	9.87e-12	1.00e+00
 2.53021e+11	2.04e-22	1.07e-11	1.00e+00
 2.93069e+11	2.30e-22	1.16e-11	1.00e+00
 3.34718e+11	2.60e-22	1.26e-11	1.00e+00
 3.78034e+11	2.95e-22	1.36e-11	1.00e+00
 4.19687e+11	3.32e-22	1.47e-11	1.00e+00
 4.58548e+11	3.68e-22	1.57e-11	1.00e+00
 5.02359e+11	4.13e-22	1.69e-11	1.00e+00
 5.52380e+11	4.71e-22	1.83e-11	1.00e+00
 6.02378e+11	5.34e-22	1.98e-11	1.00e+00
 6.54375e+11	6.06e-22	2.14e-11	1.00e+00
 7.04623e+11	6.85e-22	2.30e-11	1.00e+00
 7.47841e+11	7.57e-22	2.45e-11	1.00e+00
 7.94927e+11	8.40e-22	2.61e-11	1.00e+00
 8.52935e+11	9.55e-22	2.82e-11	1.00e+00
 9.11579e+11	1.09e-21	3.05e-11	1.00e+00
 9.63418e+11	1.21e-21	3.25e-11	1.00e+00
 1.01997e+12	1.36e-21	3.48e-11	1.00e+00
 1.08794e+12	1.56e-21	3.77e-11	1.00e+00
 1.15556e+12	1.78e-21	4.07e-11	1.00e+00
 1.21672e+12	1.99e-21	4.36e-11	1.00e+00
 1.28464e+12	2.26e-21	4.69e-11	1.00e+00
 1.36446e+12	2.62e-21	5.09e-11	1.00e+00
 1.44342e+12	3.02e-21	5.51e-11	1.00e+00
 1.51759e+12	3.42e-21	5.92e-11	1.00e+00
 1.60028e+12	3.92e-21	6.40e-11	1.00e+00
 1.69422e+12	4.57e-21	6.97e-11	1.00e+00
 1.78830e+12	5.29e-21	7.58e-11	1.00e+00
 1.87883e+12	6.06e-21	8.18e-11	1.00e+00
 1.97659e+12	6.98e-21	8.87e-11	1.00e+00
 2.08558e+12	8.16e-21	9.67e-11	1.00e+00
 2.19648e+12	9.49e-21	1.05e-10	1.00e+00
 2.29892e+12	1.09e-20	1.14e-10	1.00e+00
 2.39217e+12	1.22e-20	1.22e-10	1.00e+00
 2.48427e+12	1.37e-20	1.30e-10	1.00e+00
 2.58996e+12	1.55e-20	1.40e-10	1.00e+00
 2.70705e+12	1.79e-20	1.51e-10	1.00e+00
 2.81675e+12	2.02e-20	1.62e-10	1.00e+00
 2.93714e+12	2.30e-20	1.75e-10	1.00e+00
 3.07264e+12	2.67e-20	1.90e-10	1.00e+00
 3.20287e+12	3.05e-20	2.05e-10	1.00e+00
 3.34591e+12	3.50e-20	2.22e-10	1.00e+00
 3.50572e+12	4.08e-20	2.43e-10	1.00e+00
 3.65957e+12	4.70e-20	2.64e-10	1.00e+00
 3.82353e+12	5.41e-20	2.87e-10	1.00e+00
 4.00640e+12	6.33e-20	3.15e-10	1.00e+00
 4.18972e+12	7.35e-20	3.44e-10	1.00e+00
 4.38038e+12	8.51e-20	3.76e-10	1.00e+00
 4.58552e+12	9.92e-20	4.12e-10	1.00e+00
 4.77743e+12	1.14e-19	4.48e-10	1.00e+00
 4.94764e+12	1.28e-19	4.81e-10	1.00e+00
 5.13825e+12	1.45e-19	5.20e-10	1.00e+00
 5.36587e+12	1.68e-19	5.70e-10	1.00e+00
 5.59543e+12	1.93e-19	6.22e-10	1.00e+00
 5.81056e+12	2.19e-19	6.73e-10	1.00e+00
 6.04930e+12	2.50e-19	7.33e-10	1.00e+00
 6.32120e+12	2.90e-19	8.06e-10	1.00e+00
 6.58578e+12	3.33e-19	8.81e-10	1.00e+00
 6.81143e+12	3.73e-19	9.47e-10	1.00e+00
 7.00989e+12	4.09e-19	1.01e-09	1.00e+00
 7.23708e+12	4.54e-19	1.08e-09	1.00e+00
 7.52777e+12	5.17e-19	1.18e-09	1.00e+00
 7.82864e+12	5.89e-19	1.29e-09	1.00e+00
 8.08717e+12	6.55e-19	1.38e-09	1.00e+00
 8.36302e+12	7.29e-19	1.49e-09	1.00e+00
 8.70428e+12	8.30e-19	1.63e-09	1.00e+00
 9.05184e+12	9.43e-19	1.78e-09	1.00e+00
 9.36106e+12	1.05e-18	1.92e-09	1.00e+00
 9.69914e+12	1.17e-18	2.08e-09	1.00e+00
 1.01030e+13	1.34e-18	2.29e-09	1.00e+00
 1.05083e+13	1.52e-18	2.51e-09	1.00e+00
 1.08854e+13	1.70e-18	2.72e-09	1.00e+00
 1.12540e+13	1.89e-18	2.93e-09	1.00e+00
 1.16776e+13	2.12e-18	3.20e-09	1.00e+00
 1.21501e+13	2.41e-18	3.50e-09	1.00e+00
 1.25956e+13	2.70e-18	3.81e-09	1.00e+00
 1.30792e+13	3.04e-18	4.16e-09	1.00e+00
 1.36191e+13	3.47e-18	4.57e-09	1.00e+00
 1.40999e+13	3.88e-18	4.95e-09	1.00e+00
 1.45114e+13	4.26e-18	5.29e-09	1.00e+00
 1.49703e+13	4.71e-18	5.68e-09	1.00e+00
 1.54811e+13	5.27e-18	6.14e-09	1.00e+00
 1.59589e+13	5.83e-18	6.58e-09	1.00e+00
 1.64799e+13	6.50e-18	7.08e-09	1.00e+00
 1.70664e+13	7.33e-18	7.67e-09	1.00e+00
 1.76254e+13	8.20e-18	8.25e-09	1.00e+00
 1.82393e+13	9.26e-18	8.91e-09	1.00e+00
 1.89287e+13	1.06e-17	9.69e-09	1.00e+00
 1.95850e+13	1.20e-17	1.05e-08	1.00e+00
 2.03069e+13	1.36e-17	1.13e-08	1.00e+00
 2.10981e+13	1.57e-17	1.23e-08	1.00e+00
 2.18234e+13	1.78e-17	1.33e-08	1.00e+00
 2.26101e+13	2.04e-17	1.44e-08	1.00e+00
 2.34968e+13	2.36e-17	1.56e-08	1.00e+00
 2.43441e+13	2.70e-17	1.69e-08	1.00e+00
 2.52595e+13	3.11e-17	1.83e-08	1.00e+00
 2.62717e+13	3.62e-17	1.99e-08	1.00e+00
 2.72420e+13	4.18e-17	2.16e-08	1.00e+00
 2.81156e+13	4.72e-17	2.31e-08	1.00e+00
 2.88880e+13	5.25e-17	2.44e-08	1.00e+00
 2.97321e+13	5.88e-17	2.60e-08	1.00e+00
 3.08283e+13	6.79e-17	2.81e-08	1.00e+00
 3.19521e+13	7.82e-17	3.03e-08	1.00e+00
 3.28803e+13	8.77e-17	3.22e-08	1.00e+00
 3.38546e+13	9.84e-17	3.42e-08	1.00e+00
 3.51083e+13	1.14e-16	3.70e-08	1.00e+00
 3.64256e+13	1.32e-16	4.00e-08	1.00e+00
 3.75801e+13	1.49e-16	4.27e-08	1.00e+00
 3.88224e+13	1.70e-16	4.57e-08	1.00e+00
 4.02251e+13	1.96e-16	4.93e-08	1.00e+00
 4.15612e+13	2.24e-16	5.28e-08	1.00e+00
 4.30230e+13	2.57e-16	5.68e-08	1.00e+00
 4.46341e+13	2.98e-16	6.13e-08	1.00e+00
 4.61165e+13	3.40e-16	6.57e-08	1.00e+00
 4.77207e+13	3.91e-16	7.05e-08	1.00e+00
 4.95179e+13	4.54e-16	7.62e-08	1.00e+00
 5.12152e+13	5.20e-16	8.18e-08	1.00e+00
 5.30714e+13	6.01e-16	8.81e-08	1.00e+00
 5.51377e+13	7.02e-16	9.55e-08	1.00e+00
 5.70743e+13	8.07e-16	1.03e-07	1.00e+00
 5.91685e+13	9.33e-16	1.11e-07	1.00e+00
 6.15130e+13	1.09e-15	1.20e-07	1.00e+00
 6.37677e+13	1.26e-15	1.29e-07	1.00e+00
 6.61648e+13	1.47e-15	1.39e-07	1.00e+00
 6.88413e+13	1.72e-15	1.51e-07	1.00e+00
 7.14831e+13	2.01e-15	1.64e-07	1.00e+00
 7.42306e+13	2.34e-15	1.77e-07	1.00e+00
 7.70055e+13	2.71e-15	1.91e-07	1.00e+00
 7.92822e+13	3.05e-15	2.03e-07	1.00e+00
 8.12072e+13	3.36e-15	2.13e-07	1.00e+00
 8.33994e+13	3.74e-15	2.25e-07	1.00e+00
 8.62492e+13	4.28e-15	2.41e-07	1.00e+00
 8.92692e+13	4.92e-15	2.58e-07	1.00e+00
 9.19090e+13	5.53e-15	2.74e-07	1.00e+00
 9.47393e+13	6.23e-15	2.91e-07	1.00e+00
 9.82808e+13	7.22e-15	3.14e-07	1.00e+00
 1.01891e+14	8.34e-15	3.38e-07	1.00e+00
 1.05037e+14	9.41e-15	3.59e-07	1.00e+00
 1.08435e+14	1.07e-14	3.83e-07	1.00e+00
 1.12578e+14	1.24e-14	4.13e-07	1.00e+00
 1.16726e+14	1.43e-14	4.44e-07	1.00e+00
 1.20408e+14	1.61e-14	4.72e-07	1.00e+00
 1.24448e+14	1.84e-14	5.04e-07	1.00e+00
 1.29281e+14	2.13e-14	5.44e-07	1.00e+00
 1.34093e+14	2.46e-14	5.85e-07	1.00e+00
 1.38488e+14	2.79e-14	6.24e-07	1.00e+00
 1.43392e+14	3.20e-14	6.69e-07	1.00e+00
 1.49102e+14	3.73e-14	7.23e-07	1.00e+00
 1.54718e+14	4.31e-14	7.78e-07	1.00e+00
 1.60039e+14	4.91e-14	8.32e-07	1.00e+00
 1.65952e+14	5.66e-14	8.94e-07	1.00e+00
 1.72620e+14	6.59e-14	9.67e-07	1.00e+00
 1.79327e+14	7.64e-14	1.04e-06	1.00e+00
 1.86302e+14	8.86e-14	1.13e-06	1.00e+00
 1.92571e+14	1.01e-13	1.20e-06	1.00e+00
 1.97367e+14	1.11e-13	1.26e-06	1.00e+00
 2.02414e+14	1.22e-13	1.33e-06	1.00e+00
 2.08975e+14	1.38e-13	1.42e-06	1.00e+00
 2.16115e+14	1.57e-13	1.52e-06	1.00e+00
 2.22588e+14	1.76e-13	1.61e-06	1.00e+00
 2.29585e+14	1.99e-13	1.71e-06	1.00e+00
 2.38225e+14	2.29e-13	1.85e-06	1.00e+00
 2.46892e+14	2.63e-13	1.99e-06	1.00e+00
 2.54465e+14	2.96e-13	2.11e-06	1.00e+00
 2.62727e+14	3.35e-13	2.26e-06	1.00e+00
 2.72759e+14	3.87e-13	2.44e-06	1.00e+00
 2.82664e+14	4.44e-13	2.62e-06	1.00e+00
 2.91287e+14	4.99e-13	2.79e-06	1.00e+00
 3.00674e+14	5.64e-13	2.98e-06	1.00e+00
 3.12115e+14	6.51e-13	3.22e-06	1.00e+00
 3.23585e+14	7.48e-13	3.47e-06	1.00e+00
 3.33773e+14	8.42e-13	3.70e-06	1.00e+00
 3.44933e+14	9.55e-13	3.96e-06	1.00e+00
 3.58280e+14	1.10e-12	4.28e-06	1.00e+00
 3.71523e+14	1.27e-12	4.62e-06	1.00e+00
 3.83530e+14	1.43e-12	4.93e-06	1.00e+00
 3.96880e+14	1.63e-12	5.30e-06	1.00e+00
 4.12530e+14	1.89e-12	5.75e-06	1.00e+00
 4.27954e+14	2.17e-12	6.20e-06	1.00e+00
 4.42406e+14	2.46e-12	6.64e-06	1.00e+00
 4.58543e+14	2.82e-12	7.16e-06	1.00e+00
 4.75622e+14	3.23e-12	7.73e-06	1.00e+00
 4.90855e+14	3.64e-12	8.25e-06	1.00e+00
 5.07326e+14	4.12e-12	8.84e-06	1.00e+00
 5.26983e+14	4.75e-12	9.57e-06	1.00e+00
 5.44598e+14	5.36e-12	1.02e-05	1.00e+00
 5.57979e+14	5.87e-12	1.08e-05	1.00e+00
 5.72039e+14	6.44e-12	1.13e-05	1.00e+00
 5.90317e+14	7.24e-12	1.21e-05	1.00e+00
 6.10193e+14	8.18e-12	1.30e-05	1.00e+00
 6.28223e+14	9.10e-12	1.38e-05	1.00e+00
 6.47736e+14	1.02e-11	1.47e-05	1.00e+00
 6.71955e+14	1.17e-11	1.59e-05	1.00e+00
 6.96290e+14	1.33e-11	1.71e-05	1.00e+00
 7.17436e+14	1.49e-11	1.82e-05	1.00e+00
 7.40438e+14	1.67e-11	1.94e-05	1.00e+00
 7.68523e+14	1.91e-11	2.10e-05	1.00e+00
 7.96759e+14	2.19e-11	2.26e-05	1.00e+00
 8.21847e+14	2.45e-11	2.41e-05	1.00e+00
 8.49302e+14	2.77e-11	2.58e-05	1.00e+00
 8.82132e+14	3.19e-11	2.79e-05	1.00e+00
 9.14748e+14	3.65e-11	3.01e-05	1.00e+00
 9.44400e+14	4.10e-11	3.22e-05	1.00e+00
 9.77400e+14	4.68e-11	3.46e-05	1.00e+00
 1.01599e+15	5.41e-11	3.75e-05	1.00e+00
 1.05407e+15	6.22e-11	4.05e-05	1.00e+00
 1.09003e+15	7.07e-11	4.35e-05	1.00e+00
 1.13000e+15	8.12e-11	4.70e-05	1.00e+00
 1.16796e+15	9.24e-11	5.04e-05	1.00e+00
 1.19622e+15	1.01e-10	5.30e-05	1.00e+00
 1.22490e+15	1.11e-10	5.58e-05	1.00e+00
 1.26219e+15	1.25e-10	5.95e-05	1.00e+00
 1.30260e+15	1.42e-10	6.37e-05	1.00e+00
 1.33895e+15	1.58e-10	6.76e-05	1.00e+00
 1.37809e+15	1.78e-10	7.20e-05	1.00e+00
 1.42823e+15	2.06e-10	7.79e-05	1.00e+00
 1.47891e+15	2.37e-10	8.40e-05	1.00e+00
 1.52076e+15	2.66e-10	8.93e-05	1.00e+00
 1.56490e+15	3.00e-10	9.52e-05	1.00e+00
 1.62166e+15	3.48e-10	1.03e-04	1.00e+00
 1.68164e+15	4.05e-10	1.12e-04	1.00e+00
 1.73476e+15	4.63e-10	1.20e-04	1.00e+00
 1.79218e+15	5.31e-10	1.29e-04	1.00e+00
 1.86114e+15	6.24e-10	1.40e-04	1.00e+00
 1.92939e+15	7.29e-10	1.52e-04	1.00e+00
 1.99042e+15	8.35e-10	1.63e-04	1.00e+00
 2.05775e+15	9.63e-10	1.76e-04	1.00e+00
 2.13774e+15	1.14e-09	1.92e-04	1.00e+00
 2.21704e+15	1.34e-09	2.09e-04	1.00e+00
 2.28990e+15	1.54e-09	2.24e-04	1.00e+00
 2.37151e+15	1.80e-09	2.43e-04	1.00e+00
 2.46601e+15	2.14e-09	2.66e-04	1.00e+00
 2.54490e+15	2.46e-09	2.86e-04	1.00e+00
 2.60030e+15	2.71e-09	3.00e-04	1.00e+00
 2.65751e+15	2.99e-09	3.15e-04	1.00e+00
 2.73190e+15	3.38e-09	3.36e-04	1.00e+00
 2.81474e+15	3.86e-09	3.59e-04	1.00e+00
 2.89225e+15	4.35e-09	3.82e-04	1.00e+00
 2.97670e+15	4.95e-09	4.08e-04	1.00e+00
 3.07084e+15	5.68e-09	4.37e-04	1.00e+00
 3.15883e+15	6.44e-09	4.66e-04	1.00e+00
 3.25448e+15	7.35e-09	4.99e-04	1.00e+00
 3.36187e+15	8.49e-09	5.37e-04	9.99e-01
 3.46391e+15	9.68e-09	5.74e-04	9.99e-01
 3.57595e+15	1.12e-08	6.16e-04	9.99e-01
 3.70171e+15	1.30e-08	6.66e-04	9.99e-01
 3.82177e+15	1.49e-08	7.15e-04	9.99e-01
 3.95433e+15	1.74e-08	7.72e-04	9.99e-01
 4.10159e+15	2.04e-08	8.37e-04	9.99e-01
 4.23912e+15	2.35e-08	9.00e-04	9.99e-01
 4.38910e+15	2.73e-08	9.72e-04	9.99e-01
 4.55598e+15	3.21e-08	1.06e-03	9.99e-01
 4.71245e+15	3.71e-08	1.14e-03	9.99e-01
 4.88257e+15	4.32e-08	1.23e-03	9.99e-01
 5.04529e+15	4.96e-08	1.32e-03	9.99e-01
 5.16273e+15	5.47e-08	1.39e-03	9.99e-01
 5.27880e+15	6.00e-08	1.45e-03	9.99e-01
 5.42969e+15	6.76e-08	1.55e-03	9.98e-01
 5.59457e+15	7.68e-08	1.65e-03	9.98e-01
 5.74343e+15	8.59e-08	1.74e-03	9.98e-01
 5.90273e+15	9.65e-08	1.85e-03	9.98e-01
 6.10983e+15	1.12e-07	1.99e-03	9.98e-01
 6.31818e+15	1.29e-07	2.14e-03	9.98e-01
 6.48438e+15	1.43e-07	2.26e-03	9.98e-01
 6.65663e+15	1.60e-07	2.39e-03	9.98e-01
 6.88056e+15	1.84e-07	2.57e-03	9.97e-01
 7.11772e+15	2.12e-07	2.76e-03	9.97e-01
 7.32305e+15	2.38e-07	2.93e-03	9.97e-01
 7.54096e+15	2.69e-07	3.12e-03	9.97e-01
 7.81743e+15	3.13e-07	3.38e-03	9.97e-01
 8.09323e+15	3.60e-07	3.63e-03	9.96e-01
 8.32428e+15	4.04e-07	3.85e-03	9.96e-01
 8.57391e+15	4.57e-07	4.11e-03	9.96e-01
 8.85378e+15	5.21e-07	4.40e-03	9.96e-01
 9.09314e+15	5.79e-07	4.66e-03	9.95e-01
 9.29161e+15	6.32e-07	4.88e-03	9.95e-01
 9.51671e+15	6.99e-07	5.15e-03	9.95e-01
 9.76557e+15	7.76e-07	5.45e-03	9.95e-01
 1.00031e+16	8.55e-07	5.75e-03	9.94e-01
 1.02697e+16	9.56e-07	6.11e-03	9.94e-01
 1.05532e+16	1.07e-06	6.50e-03	9.94e-01
 1.08113e+16	1.18e-06	6.86e-03	9.93e-01
 1.10994e+16	1.32e-06	7.33e-03	9.93e-01
 1.14083e+16	1.48e-06	7.81e-03	9.92e-01
 1.16940e+16	1.64e-06	8.30e-03	9.92e-01
 1.19710e+16	1.81e-06	8.80e-03	9.91e-01
 1.22874e+16	2.05e-06	9.45e-03	9.91e-01
 1.26203e+16	2.29e-06	1.01e-02	9.90e-01
 1.29089e+16	2.53e-06	1.08e-02	9.89e-01
 1.32182e+16	2.85e-06	1.16e-02	9.88e-01
 1.35549e+16	3.21e-06	1.25e-02	9.88e-01
 1.38578e+16	3.57e-06	1.34e-02	9.87e-01
 1.41383e+16	3.95e-06	1.43e-02	9.86e-01
 1.44098e+16	4.37e-06	1.53e-02	9.85e-01
 1.46701e+16	4.82e-06	1.63e-02	9.84e-01
 1.49652e+16	5.44e-06	1.76e-02	9.82e-01
 1.52719e+16	6.11e-06	1.91e-02	9.81e-01
 1.55264e+16	6.78e-06	2.06e-02	9.79e-01
 1.57519e+16	7.47e-06	2.20e-02	9.78e-01
 1.60074e+16	8.39e-06	2.38e-02	9.76e-01
 1.62811e+16	9.55e-06	2.60e-02	9.74e-01
 1.65160e+16	1.07e-05	2.82e-02	9.72e-01
 1.67246e+16	1.18e-05	3.04e-02	9.70e-01
 1.69616e+16	1.35e-05	3.34e-02	9.67e-01
 1.72085e+16	1.54e-05	3.69e-02	9.63e-01
 1.74177e+16	1.74e-05	4.04e-02	9.60e-01
 1.76013e+16	1.95e-05	4.39e-02	9.56e-01
 1.78022e+16	2.21e-05	4.85e-02	9.51e-01
 1.80236e+16	2.62e-05	5.45e-02	9.46e-01
 1.82087e+16	3.00e-05	6.04e-02	9.40e-01
 1.83552e+16	3.35e-05	6.59e-02	9.34e-01
 1.85143e+16	3.84e-05	7.30e-02	9.27e-01
 1.86872e+16	4.42e-05	8.20e-02	9.18e-01
 1.88430e+16	5.21e-05	9.18e-02	9.08e-01
 1.89652e+16	5.84e-05	1.01e-01	8.99e-01
 1.90789e+16	6.63e-05	1.11e-01	8.89e-01
 1.92267e+16	7.84e-05	1.26e-01	8.74e-01
 1.93742e+16	9.33e-05	1.44e-01	8.56e-01
 1.94711e+16	1.05e-04	1.58e-01	8.42e-01
 1.95300e+16	1.13e-04	1.67e-01	8.33e-01
 1.95893e+16	1.23e-04	1.78e-01	8.22e-01
 1.96664e+16	1.36e-04	1.93e-01	8.07e-01
 1.97500e+16	1.54e-04	2.12e-01	7.88e-01
 1.98219e+16	1.72e-04	2.29e-01	7.71e-01
 1.98768e+16	1.86e-04	2.43e-01	7.56e-01
 1.99294e+16	2.02e-04	2.59e-01	7.41e-01
 1.99978e+16	2.25e-04	2.81e-01	7.19e-01
 2.00700e+16	2.52e-04	3.05e-01	6.94e-01
 2.01312e+16	2.76e-04	3.28e-01	6.71e-01
 2.01952e+16	3.08e-04	3.54e-01	6.45e-01
 2.02598e+16	3.40e-04	3.82e-01	6.18e-01
 2.03251e+16	3.80e-04	4.12e-01	5.88e-01
 2.03902e+16	4.19e-04	4.43e-01	5.57e-01
 2.04454e+16	4.56e-04	4.70e-01	5.29e-01
 2.05077e+16	5.03e-04	5.03e-01	4.97e-01
 2.05770e+16	5.57e-04	5.39e-01	4.61e-01
 2.06431e+16	6.11e-04	5.74e-01	4.26e-01
 2.07166e+16	6.77e-04	6.12e-01	3.87e-01
 2.07969e+16	7.50e-04	6.53e-01	3.47e-01
 2.08719e+16	8.19e-04	6.88e-01	3.11e-01
 2.09552e+16	9.00e-04	7.26e-01	2.73e-01
 2.10634e+16	1.00e-03	7.70e-01	2.29e-01
 2.11565e+16	1.09e-03	8.01e-01	1.98e-01
 2.12099e+16	1.14e-03	8.17e-01	1.81e-01
 2.12594e+16	1.19e-03	8.32e-01	1.67e-01
 2.13236e+16	1.26e-03	8.50e-01	1.49e-01
 2.14072e+16	1.34e-03	8.69e-01	1.29e-01
 2.14957e+16	1.43e-03	8.87e-01	1.12e-01
 2.15721e+16	1.50e-03	9.00e-01	9.88e-02
 2.16527e+16	1.59e-03	9.12e-01	8.64e-02
 2.17438e+16	1.68e-03	9.24e-01	7.46e-02
 2.18246e+16	1.77e-03	9.32e-01	6.62e-02
 2.18908e+16	1.85e-03	9.38e-01	5.98e-02
 2.19616e+16	1.93e-03	9.44e-01	5.36e-02
 2.20409e+16	2.03e-03	9.50e-01	4.77e-02
 2.21141e+16	2.13e-03	9.55e-01	4.31e-02
 2.21792e+16	2.22e-03	9.58e-01	3.93e-02
 2.22510e+16	2.33e-03	9.62e-01	3.55e-02
 2.23290e+16	2.46e-03	9.66e-01	3.19e-02
 2.23968e+16	2.58e-03	9.68e-01	2.93e-02
 2.24547e+16	2.69e-03	9.70e-01	2.71e-02
 2.25183e+16	2.81e-03	9.72e-01	2.49e-02
 2.25883e+16	2.97e-03	9.74e-01	2.28e-02
 2.26506e+16	3.12e-03	9.76e-01	2.12e-02
 2.27046e+16	3.26e-03	9.77e-01	1.98e-02
 2.27637e+16	3.42e-03	9.78e-01	1.84e-02
 2.28283e+16	3.62e-03	9.79e-01	1.71e-02
 2.28852e+16	3.81e-03	9.80e-01	1.60e-02
 2.29341e+16	3.99e-03	9.81e-01	1.51e-02
 2.29877e+16	4.20e-03	9.82e-01	1.42e-02
 2.30475e+16	4.46e-03	9.82e-01	1.32e-02
 2.31010e+16	4.71e-03	9.83e-01	1.25e-02
 2.31465e+16	4.96e-03	9.83e-01	1.19e-02
 2.31957e+16	5.24e-03	9.84e-01	1.12e-02
 2.32510e+16	5.59e-03	9.84e-01	1.06e-02
 2.33017e+16	5.97e-03	9.84e-01	1.00e-02
 2.33455e+16	6.31e-03	9.84e-01	9.57e-03
 2.33932e+16	6.73e-03	9.84e-01	9.08e-03
 2.34468e+16	7.28e-03	9.84e-01	8.57e-03
 2.34964e+16	7.86e-03	9.84e-01	8.15e-03
 2.35410e+16	8.44e-03	9.84e-01	7.79e-03
 2.35905e+16	9.18e-03	9.83e-01	7.38e-03
 2.36446e+16	1.01e-02	9.83e-01	6.99e-03
 2.36913e+16	1.12e-02	9.82e-01	6.67e-03
 2.37298e+16	1.21e-02	9.81e-01	6.43e-03
 2.37647e+16	1.31e-02	9.81e-01	6.20e-03
 2.38038e+16	1.44e-02	9.80e-01	5.96e-03
 2.38452e+16	1.60e-02	9.78e-01	5.72e-03
 2.38789e+16	1.77e-02	9.77e-01	5.53e-03
 2.39052e+16	1.91e-02	9.75e-01	5.41e-03
 2.39326e+16	2.08e-02	9.74e-01	5.26e-03
 2.39683e+16	2.34e-02	9.72e-01	5.08e-03
 2.40033e+16	2.67e-02	9.68e-01	4.92e-03
 2.40279e+16	2.96e-02	9.66e-01	4.82e-03
 2.40459e+16	3.19e-02	9.63e-01	4.75e-03
 2.40652e+16	3.47e-02	9.61e-01	4.68e-03
 2.40901e+16	3.89e-02	9.57e-01	4.58e-03
 2.41164e+16	4.44e-02	9.51e-01	4.50e-03
 2.41373e+16	5.00e-02	9.46e-01	4.45e-03
 2.41537e+16	5.48e-02	9.41e-01	4.42e-03
 2.41707e+16	6.06e-02	9.35e-01	4.39e-03
 2.41898e+16	6.81e-02	9.28e-01	4.37e-03
 2.42072e+16	7.64e-02	9.19e-01	4.36e-03
 2.42220e+16	8.46e-02	9.11e-01	4.36e-03
 2.42355e+16	9.31e-02	9.03e-01	4.37e-03
 2.42497e+16	1.03e-01	8.92e-01	4.39e-03
 2.42644e+16	1.15e-01	8.80e-01	4.43e-03
 2.42773e+16	1.28e-01	8.68e-01	4.47e-03
 2.42880e+16	1.39e-01	8.56e-01	4.50e-03
 2.42976e+16	1.51e-01	8.45e-01	4.55e-03
 2.43067e+16	1.62e-01	8.33e-01	4.59e-03
 2.43140e+16	1.73e-01	8.23e-01	4.63e-03
 2.43187e+16	1.79e-01	8.16e-01	4.66e-03
 2.43229e+16	1.86e-01	8.09e-01	4.68e-03
 2.43278e+16	1.94e-01	8.01e-01	4.70e-03
 2.43334e+16	2.03e-01	7.92e-01	4.73e-03
 2.43387e+16	2.13e-01	7.82e-01	4.77e-03
 2.43436e+16	2.22e-01	7.73e-01	4.80e-03
 2.43485e+16	2.32e-01	7.64e-01	4.83e-03
 2.43533e+16	2.42e-01	7.54e-01	4.86e-03
 2.43582e+16	2.52e-01	7.43e-01	4.89e-03
 2.43630e+16	2.63e-01	7.32e-01	4.92e-03
 2.43678e+16	2.74e-01	7.21e-01	4.96e-03
 2.43726e+16	2.85e-01	7.10e-01	4.98e-03
 2.43772e+16	2.97e-01	6.98e-01	5.01e-03
 2.43819e+16	3.09e-01	6.86e-01	5.04e-03
 2.43865e+16	3.22e-01	6.73e-01	5.07e-03
 2.43911e+16	3.34e-01	6.60e-01	5.10e-03
 2.43957e+16	3.48e-01	6.47e-01	5.11e-03
 2.44002e+16	3.61e-01	6.33e-01	5.14e-03
 2.44047e+16	3.75e-01	6.20e-01	5.15e-03
 2.44092e+16	3.89e-01	6.06e-01	5.17e-03
 2.44137e+16	4.04e-01	5.91e-01	5.18e-03
 2.44181e+16	4.19e-01	5.76e-01	5.19e-03
 2.44226e+16	4.34e-01	5.61e-01	5.19e-03
 2.44269e+16	4.49e-01	5.46e-01	5.19e-03
 2.44314e+16	4.64e-01	5.30e-01	5.19e-03
 2.44358e+16	4.80e-01	5.15e-01	5.18e-03
 2.44402e+16	4.96e-01	4.99e-01	5.17e-03
 2.44446e+16	5.12e-01	4.83e-01	5.15e-03
 2.44489e+16	5.28e-01	4.67e-01	5.12e-03
 2.44532e+16	5.44e-01	4.51e-01	5.09e-03
 2.44574e+16	5.60e-01	4.35e-01	5.05e-03
 2.44616e+16	5.75e-01	4.20e-01	5.01e-03
 2.44657e+16	5.91e-01	4.04e-01	4.96e-03
 2.44699e+16	6.06e-01	3.89e-01	4.91e-03
 2.44740e+16	6.22e-01	3.74e-01	4.84e-03
 2.44782e+16	6.37e-01	3.59e-01	4.78e-03
 2.44823e+16	6.51e-01	3.44e-01	4.71e-03
 2.44865e+16	6.66e-01	3.30e-01	4.63e-03
 2.44906e+16	6.80e-01	3.16e-01	4.55e-03
 2.44948e+16	6.94e-01	3.01e-01	4.45e-03
 2.44991e+16	7.08e-01	2.88e-01	4.35e-03
 2.45035e+16	7.22e-01	2.74e-01	4.25e-03
 2.45079e+16	7.35e-01	2.61e-01	4.14e-03
 2.45124e+16	7.48e-01	2.48e-01	4.02e-03
 2.45170e+16	7.61e-01	2.35e-01	3.90e-03
 2.45217e+16	7.73e-01	2.23e-01	3.78e-03
 2.45267e+16	7.85e-01	2.11e-01	3.65e-03
 2.45319e+16	7.97e-01	2.00e-01	3.51e-03
 2.45373e+16	8.08e-01	1.88e-01	3.38e-03
 2.45431e+16	8.19e-01	1.78e-01	3.24e-03
 2.45492e+16	8.30e-01	1.67e-01	3.10e-03
 2.45559e+16	8.40e-01	1.57e-01	2.96e-03
 2.45633e+16	8.49e-01	1.48e-01	2.81e-03
 2.45714e+16	8.59e-01	1.39e-01	2.67e-03
 2.45789e+16	8.65e-01	1.32e-01	2.56e-03
 2.45846e+16	8.70e-01	1.28e-01	2.48e-03
 2.45907e+16	8.74e-01	1.23e-01	2.40e-03
 2.45981e+16	8.79e-01	1.19e-01	2.32e-03
 2.46063e+16	8.83e-01	1.15e-01	2.24e-03
 2.46152e+16	8.86e-01	1.11e-01	2.17e-03
 2.46253e+16	8.90e-01	1.08e-01	2.10e-03
 2.46361e+16	8.92e-01	1.06e-01	2.05e-03
 2.46486e+16	8.95e-01	1.03e-01	1.98e-03
 2.46641e+16	8.98e-01	1.01e-01	1.92e-03
 2.46819e+16	9.00e-01	9.85e-02	1.86e-03
 2.47020e+16	9.02e-01	9.66e-02	1.80e-03
 2.47252e+16	9.04e-01	9.47e-02	1.73e-03
 2.47497e+16	9.05e-01	9.31e-02	1.68e-03
 2.47747e+16	9.07e-01	9.15e-02	1.62e-03
 2.48006e+16	9.08e-01	9.00e-02	1.56e-03
 2.48269e+16	9.10e-01	8.85e-02	1.51e-03
 2.48531e+16	9.12e-01	8.70e-02	1.45e-03
 2.48790e+16	9.13e-01	8.56e-02	1.40e-03
 2.49048e+16	9.14e-01	8.42e-02	1.36e-03
 2.49305e+16	9.16e-01	8.29e-02	1.31e-03
 2.49561e+16	9.17e-01	8.16e-02	1.27e-03
 2.49816e+16	9.18e-01	8.03e-02	1.22e-03
 2.50072e+16	9.20e-01	7.90e-02	1.18e-03
 2.50329e+16	9.21e-01	7.78e-02	1.14e-03
 2.50588e+16	9.22e-01	7.65e-02	1.11e-03
 2.50850e+16	9.24e-01	7.53e-02	1.07e-03
 2.51116e+16	9.25e-01	7.41e-02	1.03e-03
 2.51388e+16	9.26e-01	7.29e-02	9.95e-04
 2.51670e+16	9.27e-01	7.16e-02	9.59e-04
 2.51967e+16	9.29e-01	7.03e-02	9.23e-04
 2.52284e+16	9.30e-01	6.90e-02	8.85e-04
 2.52624e+16	9.32e-01	6.76e-02	8.47e-04
 2.52992e+16	9.33e-01	6.60e-02	8.07e-04
 2.53402e+16	9.35e-01	6.44e-02	7.64e-04
 2.53870e+16	9.37e-01	6.26e-02	7.19e-04
 2.54363e+16	9.39e-01	6.07e-02	6.75e-04
 2.54829e+16	9.40e-01	5.91e-02	6.36e-04
 2.55269e+16	9.42e-01	5.76e-02	6.02e-04
 2.55687e+16	9.43e-01	5.61e-02	5.71e-04
 2.56068e+16	9.45e-01	5.49e-02	5.44e-04
 2.56414e+16	9.46e-01	5.38e-02	5.21e-04
 2.56729e+16	9.47e-01	5.28e-02	5.01e-04
 2.57016e+16	9.48e-01	5.19e-02	4.83e-04
 2.57277e+16	9.48e-01	5.11e-02	4.66e-04
 2.57514e+16	9.49e-01	5.04e-02	4.53e-04
 2.57774e+16	9.50e-01	4.96e-02	4.38e-04
 2.58112e+16	9.51e-01	4.85e-02	4.18e-04
 2.58477e+16	9.52e-01	4.74e-02	3.99e-04
 2.58810e+16	9.53e-01	4.65e-02	3.82e-04
 2.59112e+16	9.54e-01	4.56e-02	3.67e-04
 2.59387e+16	9.55e-01	4.48e-02	3.54e-04
 2.59638e+16	9.55e-01	4.42e-02	3.43e-04
 2.59865e+16	9.56e-01	4.35e-02	3.33e-04
 2.60073e+16	9.57e-01	4.30e-02	3.24e-04
 2.60300e+16	9.57e-01	4.23e-02	3.14e-04
 2.60545e+16	9.58e-01	4.17e-02	3.03e-04
 2.60768e+16	9.59e-01	4.11e-02	2.95e-04
 2.60971e+16	9.59e-01	4.05e-02	2.87e-04
 2.61194e+16	9.60e-01	3.99e-02	2.77e-04
 2.61434e+16	9.60e-01	3.93e-02	2.69e-04
 2.61653e+16	9.61e-01	3.87e-02	2.61e-04
 2.61852e+16	9.62e-01	3.82e-02	2.54e-04
 2.62033e+16	9.62e-01	3.78e-02	2.47e-04
 2.62231e+16	9.63e-01	3.72e-02	2.40e-04
 2.62446e+16	9.63e-01	3.67e-02	2.33e-04
 2.62641e+16	9.64e-01	3.62e-02	2.27e-04
 2.62818e+16	9.64e-01	3.58e-02	2.21e-04
 2.63012e+16	9.64e-01	3.53e-02	2.15e-04
 2.63222e+16	9.65e-01	3.48e-02	2.09e-04
 2.63413e+16	9.65e-01	3.43e-02	2.03e-04
 2.63587e+16	9.66e-01	3.39e-02	1.98e-04
 2.63777e+16	9.66e-01	3.35e-02	1.93e-04
 2.63983e+16	9.67e-01	3.30e-02	1.87e-04
 2.64170e+16	9.67e-01	3.26e-02	1.82e-04
 2.64340e+16	9.68e-01	3.22e-02	1.78e-04
 2.64527e+16	9.68e-01	3.18e-02	1.73e-04
 2.64728e+16	9.69e-01	3.13e-02	1.68e-04
 2.64911e+16	9.69e-01	3.09e-02	1.64e-04
 2.65078e+16	9.69e-01	3.06e-02	1.60e-04
 2.65261e+16	9.70e-01	3.02e-02	1.56e-04
 2.65458e+16	9.70e-01	2.98e-02	1.52e-04
 2.65638e+16	9.70e-01	2.94e-02	1.48e-04
 2.65834e+16	9.71e-01	2.90e-02	1.44e-04
 2.66047e+16	9.71e-01	2.86e-02	1.40e-04
 2.66240e+16	9.72e-01	2.82e-02	1.36e-04
 2.66416e+16	9.72e-01	2.79e-02	1.33e-04
 2.66609e+16	9.72e-01	2.75e-02	1.29e-04
 2.66817e+16	9.73e-01	2.71e-02	1.25e-04
 2.67006e+16	9.73e-01	2.68e-02	1.22e-04
 2.67214e+16	9.74e-01	2.64e-02	1.19e-04
 2.67438e+16	9.74e-01	2.60e-02	1.15e-04
 2.67641e+16	9.74e-01	2.57e-02	1.12e-04
 2.67865e+16	9.75e-01	2.53e-02	1.09e-04
 2.68106e+16	9.75e-01	2.49e-02	1.06e-04
 2.68325e+16	9.75e-01	2.45e-02	1.03e-04
 2.68525e+16	9.76e-01	2.42e-02	1.00e-04
 2.68744e+16	9.76e-01	2.39e-02	9.71e-05
 2.68980e+16	9.76e-01	2.35e-02	9.42e-05
 2.69195e+16	9.77e-01	2.32e-02	9.17e-05
 2.69431e+16	9.77e-01	2.28e-02	8.88e-05
 2.69685e+16	9.77e-01	2.25e-02	8.60e-05
 2.69916e+16	9.78e-01	2.21e-02	8.36e-05
 2.70170e+16	9.78e-01	2.18e-02	8.09e-05
 2.70444e+16	9.79e-01	2.14e-02	7.82e-05
 2.70693e+16	9.79e-01	2.11e-02	7.58e-05
 2.70919e+16	9.79e-01	2.08e-02	7.38e-05
 2.71168e+16	9.79e-01	2.05e-02	7.15e-05
 2.71436e+16	9.80e-01	2.01e-02	6.92e-05
 2.71680e+16	9.80e-01	1.98e-02	6.72e-05
 2.71947e+16	9.80e-01	1.95e-02	6.50e-05
 2.72236e+16	9.81e-01	1.92e-02	6.28e-05
 2.72499e+16	9.81e-01	1.89e-02	6.09e-05
 2.72787e+16	9.81e-01	1.85e-02	5.88e-05
 2.73098e+16	9.82e-01	1.82e-02	5.67e-05
 2.73380e+16	9.82e-01	1.79e-02	5.49e-05
 2.73638e+16	9.82e-01	1.77e-02	5.34e-05
 2.73920e+16	9.83e-01	1.74e-02	5.16e-05
 2.74224e+16	9.83e-01	1.71e-02	4.98e-05
 2.74501e+16	9.83e-01	1.68e-02	4.83e-05
 2.74805e+16	9.83e-01	1.65e-02	4.66e-05
 2.75133e+16	9.84e-01	1.62e-02	4.50e-05
 2.75431e+16	9.84e-01	1.59e-02	4.35e-05
 2.75758e+16	9.84e-01	1.56e-02	4.19e-05
 2.76111e+16	9.85e-01	1.53e-02	4.03e-05
 2.76432e+16	9.85e-01	1.51e-02	3.90e-05
 2.76724e+16	9.85e-01	1.48e-02	3.78e-05
 2.77044e+16	9.85e-01	1.46e-02	3.65e-05
 2.77390e+16	9.86e-01	1.43e-02	3.52e-05
 2.77704e+16	9.86e-01	1.41e-02	3.41e-05
 2.78049e+16	9.86e-01	1.38e-02	3.28e-05
 2.78421e+16	9.86e-01	1.35e-02	3.16e-05
 2.78760e+16	9.87e-01	1.33e-02	3.05e-05
 2.79131e+16	9.87e-01	1.30e-02	2.93e-05
 2.79532e+16	9.87e-01	1.28e-02	2.82e-05
 2.79896e+16	9.87e-01	1.26e-02	2.72e-05
 2.80296e+16	9.88e-01	1.23e-02	2.61e-05
 2.80727e+16	9.88e-01	1.20e-02	2.50e-05
 2.81119e+16	9.88e-01	1.18e-02	2.41e-05
 2.81549e+16	9.88e-01	1.15e-02	2.30e-05
 2.82014e+16	9.89e-01	1.13e-02	2.20e-05
 2.82436e+16	9.89e-01	1.11e-02	2.12e-05
 2.82899e+16	9.89e-01	1.08e-02	2.02e-05
 2.83399e+16	9.89e-01	1.06e-02	1.93e-05
 2.83854e+16	9.90e-01	1.03e-02	1.85e-05
 2.84352e+16	9.90e-01	1.01e-02	1.77e-05
 2.84890e+16	9.90e-01	9.84e-03	1.68e-05
 2.85380e+16	9.90e-01	9.63e-03	1.61e-05
 2.85916e+16	9.91e-01	9.39e-03	1.53e-05
 2.86496e+16	9.91e-01	9.15e-03	1.45e-05
 2.87023e+16	9.91e-01	8.94e-03	1.39e-05
 2.87600e+16	9.91e-01	8.70e-03	1.32e-05
 2.88224e+16	9.92e-01	8.47e-03	1.25e-05
 2.88791e+16	9.92e-01	8.27e-03	1.19e-05
 2.89413e+16	9.92e-01	8.04e-03	1.13e-05
 2.90084e+16	9.92e-01	7.82e-03	1.07e-05
 2.90695e+16	9.92e-01	7.62e-03	1.02e-05
 2.91365e+16	9.93e-01	7.40e-03	9.58e-06
 2.92087e+16	9.93e-01	7.19e-03	9.04e-06
 2.92745e+16	9.93e-01	7.00e-03	8.58e-06
 2.93466e+16	9.93e-01	6.79e-03	8.08e-06
 2.94244e+16	9.93e-01	6.58e-03	7.60e-06
 2.94952e+16	9.94e-01	6.41e-03	7.20e-06
 2.95727e+16	9.94e-01	6.20e-03	6.76e-06
 2.96698e+16	9.94e-01	5.96e-03	6.25e-06
 2.97773e+16	9.94e-01	5.72e-03	5.76e-06
 2.98879e+16	9.95e-01	5.48e-03	5.30e-06
 3.00028e+16	9.95e-01	5.25e-03	4.86e-06
 3.01223e+16	9.95e-01	5.02e-03	4.45e-06
 3.02462e+16	9.95e-01	4.80e-03	4.07e-06
 3.03747e+16	9.95e-01	4.58e-03	3.71e-06
 3.05076e+16	9.96e-01	4.36e-03	3.38e-06
 3.06437e+16	9.96e-01	4.16e-03	3.07e-06
 3.07818e+16	9.96e-01	3.96e-03	2.79e-06
 3.09222e+16	9.96e-01	3.78e-03	2.54e-06
 3.10653e+16	9.96e-01	3.60e-03	2.31e-06
 3.12113e+16	9.97e-01	3.42e-03	2.09e-06
 3.13599e+16	9.97e-01	3.26e-03	1.90e-06
 3.15111e+16	9.97e-01	3.10e-03	1.72e-06
 3.16650e+16	9.97e-01	2.95e-03	1.56e-06
 3.18218e+16	9.97e-01	2.80e-03	1.41e-06
 3.19814e+16	9.97e-01	2.67e-03	1.28e-06
 3.21411e+16	9.97e-01	2.53e-03	1.15e-06
 3.23033e+16	9.98e-01	2.41e-03	1.04e-06
 3.24719e+16	9.98e-01	2.29e-03	9.40e-07
 3.26444e+16	9.98e-01	2.17e-03	8.47e-07
 3.28193e+16	9.98e-01	2.05e-03	7.62e-07
 3.29970e+16	9.98e-01	1.95e-03	6.85e-07
 3.31782e+16	9.98e-01	1.84e-03	6.15e-07
 3.33630e+16	9.98e-01	1.75e-03	5.51e-07
 3.35513e+16	9.98e-01	1.65e-03	4.94e-07
 3.37433e+16	9.98e-01	1.56e-03	4.42e-07
 3.39392e+16	9.99e-01	1.47e-03	3.95e-07
 3.41391e+16	9.99e-01	1.39e-03	3.52e-07
 3.43431e+16	9.99e-01	1.31e-03	3.13e-07
 3.45513e+16	9.99e-01	1.24e-03	2.79e-07
 3.47640e+16	9.99e-01	1.16e-03	2.47e-07
 3.49813e+16	9.99e-01	1.10e-03	2.19e-07
 3.52035e+16	9.99e-01	1.03e-03	1.94e-07
 3.54308e+16	9.99e-01	9.67e-04	1.71e-07
 3.56634e+16	9.99e-01	9.07e-04	1.50e-07
 3.59017e+16	9.99e-01	8.50e-04	1.32e-07
 3.61459e+16	9.99e-01	7.94e-04	1.16e-07
 3.63964e+16	9.99e-01	7.42e-04	1.01e-07
 3.66535e+16	9.99e-01	6.93e-04	8.81e-08
 3.69180e+16	9.99e-01	6.46e-04	7.66e-08
 3.71860e+16	9.99e-01	6.01e-04	6.65e-08
 3.74593e+16	9.99e-01	5.60e-04	5.76e-08
 3.77463e+16	9.99e-01	5.19e-04	4.95e-08
 3.80468e+16	1.00e+00	4.79e-04	4.23e-08
 3.83574e+16	1.00e+00	4.42e-04	3.59e-08
 3.86782e+16	1.00e+00	4.06e-04	3.04e-08
 3.90114e+16	1.00e+00	3.73e-04	2.56e-08
 3.93590e+16	1.00e+00	3.40e-04	2.14e-08
 3.97224e+16	1.00e+00	3.10e-04	1.77e-08
 4.01032e+16	1.00e+00	2.81e-04	1.46e-08
 4.05048e+16	1.00e+00	2.54e-04	1.19e-08
 4.09294e+16	1.00e+00	2.28e-04	9.55e-09
 4.13786e+16	1.00e+00	2.03e-04	7.60e-09
 4.18606e+16	1.00e+00	1.80e-04	5.95e-09
 4.23799e+16	1.00e+00	1.58e-04	4.58e-09
 4.29386e+16	1.00e+00	1.37e-04	3.45e-09
 4.35470e+16	1.00e+00	1.18e-04	2.54e-09
 4.42194e+16	1.00e+00	9.92e-05	1.81e-09
 4.49940e+16	1.00e+00	8.19e-05	1.23e-09
 4.58457e+16	1.00e+00	6.65e-05	8.15e-10
 4.67730e+16	1.00e+00	5.30e-05	5.17e-10
 4.77940e+16	1.00e+00	4.14e-05	3.17e-10
 4.88376e+16	1.00e+00	3.24e-05	1.94e-10
 4.98676e+16	1.00e+00	2.54e-05	1.20e-10
 5.08951e+16	1.00e+00	2.01e-05	7.50e-11
 5.19400e+16	1.00e+00	1.58e-05	4.67e-11
 5.30092e+16	1.00e+00	1.24e-05	2.90e-11
 5.40988e+16	1.00e+00	9.76e-06	1.79e-11
 5.52027e+16	1.00e+00	7.69e-06	1.12e-11
 5.63288e+16	1.00e+00	6.04e-06	6.94e-12
 5.74888e+16	1.00e+00	4.74e-06	4.29e-12
 5.86827e+16	1.00e+00	3.71e-06	2.63e-12
 5.99056e+16	1.00e+00	2.90e-06	1.62e-12
 6.11632e+16	1.00e+00	2.27e-06	9.88e-13
 6.24637e+16	1.00e+00	1.77e-06	6.01e-13
 6.38103e+16	1.00e+00	1.37e-06	3.63e-13
 6.52079e+16	1.00e+00	1.06e-06	2.17e-13
 6.66604e+16	1.00e+00	8.14e-07	1.29e-13
 6.81782e+16	1.00e+00	6.23e-07	7.57e-14
 6.97699e+16	1.00e+00	4.74e-07	4.39e-14
 7.14501e+16	1.00e+00	3.57e-07	2.50e-14
 7.32342e+16	1.00e+00	2.67e-07	1.40e-14
 7.51402e+16	1.00e+00	1.97e-07	7.64e-15
 7.71935e+16	1.00e+00	1.43e-07	4.05e-15
 7.94305e+16	1.00e+00	1.02e-07	2.06e-15
 8.18722e+16	1.00e+00	7.15e-08	1.01e-15
 8.44408e+16	1.00e+00	4.98e-08	4.92e-16
 8.70448e+16	1.00e+00	3.49e-08	2.42e-16
 8.96867e+16	1.00e+00	2.46e-08	1.20e-16
 9.23924e+16	1.00e+00	1.73e-08	5.99e-17
 9.51626e+16	1.00e+00	1.23e-08	3.00e-17
 9.79837e+16	1.00e+00	8.69e-09	1.51e-17
 1.00826e+17	1.00e+00	6.21e-09	7.70e-18
 1.03668e+17	1.00e+00	4.47e-09	4.00e-18
 1.06510e+17	1.00e+00	3.25e-09	2.11e-18
 1.09411e+17	1.00e+00	2.36e-09	1.12e-18
 1.12391e+17	1.00e+00	1.71e-09	5.88e-19
 1.15385e+17	1.00e+00	1.25e-09	3.15e-19
 1.18347e+17	1.00e+00	9.25e-10	1.72e-19
 1.21266e+17	1.00e+00	6.91e-10	9.60e-20
 1.24150e+17	1.00e+00	5.21e-10	5.47e-20
 1.26985e+17	1.00e+00	3.97e-10	3.18e-20
 1.29755e+17	1.00e+00	3.06e-10	1.89e-20
 1.32448e+17	1.00e+00	2.39e-10	1.16e-20
 1.35053e+17	1.00e+00	1.89e-10	7.23e-21
 1.37564e+17	1.00e+00	1.52e-10	0.00e+00
 1.39978e+17	1.00e+00	1.23e-10	0.00e+00
 1.42294e+17	1.00e+00	1.01e-10	0.00e+00
 1.44511e+17	1.00e+00	8.39e-11	0.00e+00
 1.46626e+17	1.00e+00	7.05e-11	0.00e+00
 1.48640e+17	1.00e+00	5.99e-11	0.00e+00
 1.50556e+17	1.00e+00	5.15e-11	0.00e+00
 1.52375e+17	1.00e+00	4.47e-11	0.00e+00
 1.54103e+17	1.00e+00	3.92e-11	0.00e+00
 1.55742e+17	1.00e+00	3.46e-11	0.00e+00
 1.57296e+17	1.00e+00	3.09e-11	0.00e+00
 1.58768e+17	1.00e+00	2.77e-11	0.00e+00
 1.60164e+17	1.00e+00	2.51e-11	0.00e+00
 1.61486e+17	1.00e+00	2.29e-11	0.00e+00
 1.62740e+17	1.00e+00	2.10e-11	0.00e+00
 1.63928e+17	1.00e+00	1.94e-11	0.00e+00
 1.65054e+17	1.00e+00	1.80e-11	0.00e+00
 1.66120e+17	1.00e+00	1.68e-11	0.00e+00
 1.67131e+17	1.00e+00	1.57e-11	0.00e+00
 1.68091e+17	1.00e+00	1.48e-11	0.00e+00
 1.69001e+17	1.00e+00	1.40e-11	0.00e+00
 1.69864e+17	1.00e+00	1.33e-11	0.00e+00
 1.70685e+17	1.00e+00	1.26e-11	0.00e+00
 1.71463e+17	1.00e+00	1.21e-11	0.00e+00
 1.72203e+17	1.00e+00	1.16e-11	0.00e+00
 1.72906e+17	1.00e+00	1.11e-11	0.00e+00
 1.73574e+17	1.00e+00	1.07e-11	0.00e+00
 1.74210e+17	1.00e+00	1.04e-11	0.00e+00
 1.74815e+17	1.00e+00	1.00e-11	0.00e+00
 1.75391e+17	1.00e+00	9.71e-12	0.00e+00
 1.75941e+17	1.00e+00	9.43e-12	0.00e+00
 1.76464e+17	1.00e+00	9.18e-12	0.00e+00
 1.76963e+17	1.00e+00	8.96e-12	0.00e+00
 1.77440e+17	1.00e+00	8.74e-12	0.00e+00
 1.77896e+17	1.00e+00	8.54e-12	0.00e+00
 1.78332e+17	1.00e+00	8.36e-12	0.00e+00
 1.78749e+17	1.00e+00	8.20e-12	0.00e+00
 1.79149e+17	1.00e+00	8.03e-12	0.00e+00
 1.79533e+17	1.00e+00	7.89e-12	0.00e+00
 1.79902e+17	1.00e+00	7.75e-12	0.00e+00
 1.80256e+17	1.00e+00	7.63e-12	0.00e+00
 1.80598e+17	1.00e+00	7.51e-12	0.00e+00
 1.80928e+17	1.00e+00	7.40e-12	0.00e+00
 1.81247e+17	1.00e+00	7.29e-12	0.00e+00
 1.81556e+17	1.00e+00	7.19e-12	0.00e+00
 1.81857e+17	1.00e+00	7.09e-12	0.00e+00
 1.82149e+17	1.00e+00	7.00e-12	0.00e+00
 1.82435e+17	1.00e+00	6.92e-12	0.00e+00
 1.82716e+17	1.00e+00	6.84e-12	0.00e+00
 1.82991e+17	1.00e+00	6.75e-12	0.00e+00
 1.83263e+17	1.00e+00	6.68e-12	0.00e+00
 1.83533e+17	1.00e+00	6.60e-12	0.00e+00
 1.83803e+17	1.00e+00	6.53e-12	0.00e+00
 1.84073e+17	1.00e+00	6.45e-12	0.00e+00
 1.84347e+17	1.00e+00	6.38e-12	0.00e+00
 1.84625e+17	1.00e+00	6.31e-12	0.00e+00
 1.84910e+17	1.00e+00	6.23e-12	0.00e+00
 1.85206e+17	1.00e+00	6.16e-12	0.00e+00
 1.85516e+17	1.00e+00	6.08e-12	0.00e+00
 1.85845e+17	1.00e+00	6.00e-12	0.00e+00
 1.86201e+17	1.00e+00	5.92e-12	0.00e+00
 1.86590e+17	1.00e+00	5.82e-12	0.00e+00
 1.87026e+17	1.00e+00	5.73e-12	0.00e+00
 1.87525e+17	1.00e+00	5.61e-12	0.00e+00
 1.88111e+17	1.00e+00	5.48e-12	0.00e+00
 1.88823e+17	1.00e+00	5.33e-12	0.00e+00
 1.89719e+17	1.00e+00	5.14e-12	0.00e+00
 1.90874e+17	1.00e+00	4.91e-12	0.00e+00
 1.92376e+17	1.00e+00	4.63e-12	0.00e+00
 1.94328e+17	1.00e+00	4.29e-12	0.00e+00
 1.96866e+17	1.00e+00	3.89e-12	0.00e+00
 2.00165e+17	1.00e+00	3.43e-12	0.00e+00
 2.04454e+17	1.00e+00	2.92e-12	0.00e+00
 2.09951e+17	1.00e+00	2.40e-12	0.00e+00
 2.16186e+17	1.00e+00	1.92e-12	0.00e+00
 2.22572e+17	1.00e+00	1.67e-12	0.00e+00
 2.29112e+17	1.00e+00	1.52e-12	0.00e+00
 2.35747e+17	1.00e+00	1.40e-12	0.00e+00
 2.43377e+17	1.00e+00	1.32e-12	0.00e+00
 2.52643e+17	1.00e+00	1.05e-12	0.00e+00
 2.62748e+17	1.00e+00	8.49e-13	0.00e+00
 2.73258e+17	1.00e+00	7.55e-13	0.00e+00
 2.84189e+17	1.00e+00	6.80e-13	0.00e+00
 2.95556e+17	1.00e+00	6.12e-13	0.00e+00
 3.07379e+17	1.00e+00	5.47e-13	0.00e+00
 3.19674e+17	1.00e+00	4.85e-13	0.00e+00
 3.32461e+17	1.00e+00	4.26e-13	0.00e+00
 3.45759e+17	1.00e+00	3.71e-13	0.00e+00
 3.59590e+17	1.00e+00	3.18e-13	0.00e+00
 3.73264e+17	1.00e+00	2.69e-13	0.00e+00
 3.85588e+17	1.00e+00	2.67e-13	0.00e+00
 3.96229e+17	1.00e+00	2.97e-13	0.00e+00
 4.05814e+17	1.00e+00	3.20e-13	0.00e+00
 4.15098e+17	1.00e+00	3.14e-13	0.00e+00
 4.24248e+17	1.00e+00	2.85e-13	0.00e+00
 4.32768e+17	1.00e+00	2.59e-13	0.00e+00
 4.40092e+17	1.00e+00	2.51e-13	0.00e+00
 4.45451e+17	1.00e+00	2.53e-13	0.00e+00
 4.48544e+17	1.00e+00	2.75e-13	0.00e+00
 4.50192e+17	1.00e+00	2.93e-13	0.00e+00
 4.51148e+17	1.00e+00	3.04e-13	0.00e+00
 4.51721e+17	1.00e+00	3.09e-13	0.00e+00
 4.52105e+17	1.00e+00	3.13e-13	0.00e+00
 4.52474e+17	1.00e+00	3.15e-13	0.00e+00
 4.52938e+17	1.00e+00	3.17e-13	0.00e+00
 4.53473e+17	1.00e+00	3.19e-13	0.00e+00
 4.53955e+17	1.00e+00	3.20e-13	0.00e+00
 4.54309e+17	1.00e+00	3.21e-13	0.00e+00
 4.54585e+17	1.00e+00	3.21e-13	0.00e+00
 4.54858e+17	1.00e+00	3.22e-13	0.00e+00
 4.55177e+17	1.00e+00	3.22e-13	0.00e+00
 4.55527e+17	1.00e+00	3.21e-13	0.00e+00
 4.55823e+17	1.00e+00	3.21e-13	0.00e+00
 4.56047e+17	1.00e+00	3.21e-13	0.00e+00
 4.56253e+17	1.00e+00	3.20e-13	0.00e+00
 4.56471e+17	1.00e+00	3.20e-13	0.00e+00
 4.56709e+17	1.00e+00	3.19e-13	0.00e+00
 4.56951e+17	1.00e+00	3.19e-13	0.00e+00
 4.57159e+17	1.00e+00	3.18e-13	0.00e+00
 4.57337e+17	1.00e+00	3.17e-13	0.00e+00
 4.57510e+17	1.00e+00	3.17e-13	0.00e+00
 4.57687e+17	1.00e+00	3.16e-13	0.00e+00
 4.57869e+17	1.00e+00	3.15e-13	0.00e+00
 4.58052e+17	1.00e+00	3.15e-13	0.00e+00
 4.58229e+17	1.00e+00	3.14e-13	0.00e+00
 4.58388e+17	1.00e+00	3.13e-13	0.00e+00
 4.58534e+17	1.00e+00	3.12e-13	0.00e+00
 4.58683e+17	1.00e+00	3.11e-13	0.00e+00
 4.58841e+17	1.00e+00	3.10e-13	0.00e+00
 4.59004e+17	1.00e+00	3.09e-13	0.00e+00
 4.59157e+17	1.00e+00	3.08e-13	0.00e+00
 4.59302e+17	1.00e+00	3.07e-13	0.00e+00
 4.59449e+17	1.00e+00	3.07e-13	0.00e+00
 4.59599e+17	1.00e+00	3.05e-13	0.00e+00
 4.59750e+17	1.00e+00	3.04e-13	0.00e+00
 4.59901e+17	1.00e+00	3.03e-13	0.00e+00
 4.60053e+17	1.00e+00	3.02e-13	0.00e+00
 4.60198e+17	1.00e+00	3.01e-13	0.00e+00
 4.60342e+17	1.00e+00	3.00e-13	0.00e+00
 4.60491e+17	1.00e+00	2.99e-13	0.00e+00
 4.60656e+17	1.00e+00	2.97e-13	0.00e+00
 4.60836e+17	1.00e+00	2.96e-13	0.00e+00
 4.61003e+17	1.00e+00	2.94e-13	0.00e+00
 4.61147e+17	1.00e+00	2.93e-13	0.00e+00
 4.61301e+17	1.00e+00	2.92e-13	0.00e+00
 4.61489e+17	1.00e+00	2.90e-13	0.00e+00
 4.61688e+17	1.00e+00	2.88e-13	0.00e+00
 4.61872e+17	1.00e+00	2.86e-13	0.00e+00
 4.62042e+17	1.00e+00	2.85e-13	0.00e+00
 4.62215e+17	1.00e+00	2.83e-13	0.00e+00
 4.62410e+17	1.00e+00	2.81e-13	0.00e+00
 4.62610e+17	1.00e+00	2.79e-13	0.00e+00
 4.62814e+17	1.00e+00	2.77e-13	0.00e+00
 4.63034e+17	1.00e+00	2.75e-13	0.00e+00
 4.63253e+17	1.00e+00	2.73e-13	0.00e+00
 4.63460e+17	1.00e+00	2.70e-13	0.00e+00
 4.63676e+17	1.00e+00	2.68e-13	0.00e+00
 4.63917e+17	1.00e+00	2.66e-13	0.00e+00
 4.64173e+17	1.00e+00	2.63e-13	0.00e+00
 4.64423e+17	1.00e+00	2.60e-13	0.00e+00
 4.64665e+17	1.00e+00	2.57e-13	0.00e+00
 4.64912e+17	1.00e+00	2.55e-13	0.00e+00
 4.65176e+17	1.00e+00	2.52e-13	0.00e+00
 4.65466e+17	1.00e+00	2.49e-13	0.00e+00
 4.65766e+17	1.00e+00	2.45e-13	0.00e+00
 4.66061e+17	1.00e+00	2.42e-13	0.00e+00
 4.66352e+17	1.00e+00	2.39e-13	0.00e+00
 4.66648e+17	1.00e+00	2.35e-13	0.00e+00
 4.66961e+17	1.00e+00	2.32e-13	0.00e+00
 4.67288e+17	1.00e+00	2.28e-13	0.00e+00
 4.67628e+17	1.00e+00	2.24e-13	0.00e+00
 4.67978e+17	1.00e+00	2.20e-13	0.00e+00
 4.68333e+17	1.00e+00	2.16e-13	0.00e+00
 4.68697e+17	1.00e+00	2.12e-13	0.00e+00
 4.69069e+17	1.00e+00	2.08e-13	0.00e+00
 4.69458e+17	1.00e+00	2.04e-13	0.00e+00
 4.69869e+17	1.00e+00	1.99e-13	0.00e+00
 4.70276e+17	1.00e+00	1.94e-13	0.00e+00
 4.70676e+17	1.00e+00	1.90e-13	0.00e+00
 4.71085e+17	1.00e+00	1.85e-13	0.00e+00
 4.71521e+17	1.00e+00	1.81e-13	0.00e+00
 4.71987e+17	1.00e+00	1.76e-13	0.00e+00
 4.72458e+17	1.00e+00	1.71e-13	0.00e+00
 4.72918e+17	1.00e+00	1.65e-13	0.00e+00
 4.73369e+17	1.00e+00	1.61e-13	0.00e+00
 4.73846e+17	1.00e+00	1.56e-13	0.00e+00
 4.74366e+17	1.00e+00	1.51e-13	0.00e+00
 4.74902e+17	1.00e+00	1.45e-13	0.00e+00
 4.75425e+17	1.00e+00	1.40e-13	0.00e+00
 4.75940e+17	1.00e+00	1.35e-13	0.00e+00
 4.76473e+17	1.00e+00	1.30e-13	0.00e+00
 4.77037e+17	1.00e+00	1.24e-13	0.00e+00
 4.77618e+17	1.00e+00	1.19e-13	0.00e+00
 4.78199e+17	1.00e+00	1.14e-13	0.00e+00
 4.78773e+17	1.00e+00	1.09e-13	0.00e+00
 4.79378e+17	1.00e+00	1.03e-13	0.00e+00
 4.80019e+17	1.00e+00	9.80e-14	0.00e+00
 4.80657e+17	1.00e+00	9.27e-14	0.00e+00
 4.81278e+17	1.00e+00	8.79e-14	0.00e+00
 4.81935e+17	1.00e+00	8.31e-14	0.00e+00
 4.82642e+17	1.00e+00	7.80e-14	0.00e+00
 4.83361e+17	1.00e+00	7.28e-14	0.00e+00
 4.84081e+17	1.00e+00	6.80e-14	0.00e+00
 4.84814e+17	1.00e+00	6.34e-14	0.00e+00
 4.85575e+17	1.00e+00	5.87e-14	0.00e+00
 4.86339e+17	1.00e+00	5.42e-14	0.00e+00
 4.87041e+17	1.00e+00	5.01e-14	0.00e+00
 4.87636e+17	1.00e+00	4.68e-14	0.00e+00
 4.88147e+17	1.00e+00	4.41e-14	0.00e+00
 4.88625e+17	1.00e+00	4.19e-14	0.00e+00
 4.89105e+17	1.00e+00	3.97e-14	0.00e+00
 4.89583e+17	1.00e+00	3.76e-14	0.00e+00
 4.90036e+17	1.00e+00	3.56e-14	0.00e+00
 4.90450e+17	1.00e+00	3.39e-14	0.00e+00
 4.90833e+17	1.00e+00	3.23e-14	0.00e+00
 4.91203e+17	1.00e+00	3.09e-14	0.00e+00
 4.91571e+17	1.00e+00	2.96e-14	0.00e+00
 4.91931e+17	1.00e+00	2.83e-14	0.00e+00
 4.92275e+17	1.00e+00	2.71e-14	0.00e+00
 4.92600e+17	1.00e+00	2.59e-14	0.00e+00
 4.92911e+17	1.00e+00	2.49e-14	0.00e+00
 4.93213e+17	1.00e+00	2.39e-14	0.00e+00
 4.93509e+17	1.00e+00	2.30e-14	0.00e+00
 4.93797e+17	1.00e+00	2.21e-14	0.00e+00
 4.94073e+17	1.00e+00	2.13e-14	0.00e+00
 4.94339e+17	1.00e+00	2.05e-14	0.00e+00
 4.94597e+17	1.00e+00	1.97e-14	0.00e+00
 4.94846e+17	1.00e+00	1.91e-14	0.00e+00
 4.95090e+17	1.00e+00	1.84e-14	0.00e+00
 4.95329e+17	1.00e+00	1.77e-14	0.00e+00
 4.95560e+17	1.00e+00	1.71e-14	0.00e+00
 4.95779e+17	1.00e+00	1.65e-14	0.00e+00
 4.95993e+17	1.00e+00	1.60e-14	0.00e+00
 4.96205e+17	1.00e+00	1.54e-14	0.00e+00
 4.96413e+17	1.00e+00	1.49e-14	0.00e+00
 4.96647e+17	1.00e+00	1.45e-14	0.00e+00
 4.96951e+17	1.00e+00	1.38e-14	0.00e+00
 4.97346e+17	1.00e+00	1.31e-14	0.00e+00
 4.97860e+17	1.00e+00	1.21e-14	0.00e+00
 4.98528e+17	1.00e+00	1.09e-14	0.00e+00
 4.99397e+17	1.00e+00	9.53e-15	0.00e+00
 5.00466e+17	1.00e+00	7.93e-15	0.00e+00
 5.01506e+17	1.00e+00	6.36e-15	0.00e+00
 5.02263e+17	1.00e+00	5.32e-15	0.00e+00
 5.02778e+17	1.00e+00	4.74e-15	0.00e+00
 5.03222e+17	1.00e+00	4.35e-15	0.00e+00
 5.03737e+17	1.00e+00	3.97e-15	0.00e+00
 5.04363e+17	1.00e+00	3.54e-15	0.00e+00
 5.05020e+17	1.00e+00	3.09e-15	0.00e+00
 5.05619e+17	1.00e+00	2.72e-15	0.00e+00
 5.06145e+17	1.00e+00	2.43e-15	0.00e+00
 5.06655e+17	1.00e+00	2.20e-15	0.00e+00
 5.07209e+17	1.00e+00	1.98e-15	0.00e+00
 5.07829e+17	1.00e+00	1.76e-15	0.00e+00
 5.08480e+17	1.00e+00	1.55e-15	0.00e+00
 5.09125e+17	1.00e+00	1.36e-15	0.00e+00
