#depth	He	He+	He+2
 1.49634e+10	8.32e-20	4.90e-10	1.00e+00
 4.54887e+10	9.70e-20	5.39e-10	1.00e+00
 7.72350e+10	1.12e-19	5.93e-10	1.00e+00
 1.10251e+11	1.29e-19	6.53e-10	1.00e+00
 1.44588e+11	1.48e-19	7.20e-10	1.00e+00
 1.75684e+11	1.68e-19	7.83e-10	1.00e+00
 2.01659e+11	1.85e-19	8.39e-10	1.00e+00
 2.30145e+11	2.05e-19	9.03e-10	1.00e+00
 2.66134e+11	2.32e-19	9.88e-10	1.00e+00
 3.03625e+11	2.63e-19	1.08e-09	1.00e+00
 3.35693e+11	2.92e-19	1.17e-09	1.00e+00
 3.68962e+11	3.23e-19	1.26e-09	1.00e+00
 4.10485e+11	3.65e-19	1.38e-09	1.00e+00
 4.52574e+11	4.14e-19	1.51e-09	1.00e+00
 4.89144e+11	4.58e-19	1.63e-09	1.00e+00
 5.28701e+11	5.09e-19	1.76e-09	1.00e+00
 5.77045e+11	5.77e-19	1.93e-09	1.00e+00
 6.26317e+11	6.54e-19	2.11e-09	1.00e+00
 6.71332e+11	7.29e-19	2.29e-09	1.00e+00
 7.21304e+11	8.19e-19	2.49e-09	1.00e+00
 7.79503e+11	9.36e-19	2.74e-09	1.00e+00
 8.37147e+11	1.06e-18	3.00e-09	1.00e+00
 8.92203e+11	1.20e-18	3.26e-09	1.00e+00
 9.52925e+11	1.36e-18	3.56e-09	1.00e+00
 1.02097e+12	1.56e-18	3.91e-09	1.00e+00
 1.08934e+12	1.79e-18	4.29e-09	1.00e+00
 1.15060e+12	2.02e-18	4.63e-09	1.00e+00
 1.20252e+12	2.24e-18	4.93e-09	1.00e+00
 1.25849e+12	2.48e-18	5.28e-09	1.00e+00
 1.33089e+12	2.84e-18	5.74e-09	1.00e+00
 1.40642e+12	3.25e-18	6.24e-09	1.00e+00
 1.47117e+12	3.64e-18	6.68e-09	1.00e+00
 1.54014e+12	4.10e-18	7.18e-09	1.00e+00
 1.62567e+12	4.73e-18	7.81e-09	1.00e+00
 1.71353e+12	5.46e-18	8.49e-09	1.00e+00
 1.79267e+12	6.18e-18	9.12e-09	1.00e+00
 1.87970e+12	7.07e-18	9.86e-09	1.00e+00
 1.97464e+12	8.16e-18	1.07e-08	1.00e+00
 2.06088e+12	9.25e-18	1.15e-08	1.00e+00
 2.15401e+12	1.06e-17	1.23e-08	1.00e+00
 2.25867e+12	1.22e-17	1.34e-08	1.00e+00
 2.35796e+12	1.39e-17	1.44e-08	1.00e+00
 2.46666e+12	1.60e-17	1.55e-08	1.00e+00
 2.58695e+12	1.87e-17	1.69e-08	1.00e+00
 2.69872e+12	2.14e-17	1.81e-08	1.00e+00
 2.82044e+12	2.47e-17	1.96e-08	1.00e+00
 2.95680e+12	2.88e-17	2.13e-08	1.00e+00
 3.08596e+12	3.32e-17	2.29e-08	1.00e+00
 3.22545e+12	3.86e-17	2.48e-08	1.00e+00
 3.38076e+12	4.52e-17	2.70e-08	1.00e+00
 3.53041e+12	5.25e-17	2.91e-08	1.00e+00
 3.68969e+12	6.11e-17	3.15e-08	1.00e+00
 3.86720e+12	7.19e-17	3.43e-08	1.00e+00
 4.04527e+12	8.42e-17	3.73e-08	1.00e+00
 4.23045e+12	9.86e-17	4.04e-08	1.00e+00
 4.42960e+12	1.16e-16	4.40e-08	1.00e+00
 4.63671e+12	1.37e-16	4.78e-08	1.00e+00
 4.84039e+12	1.59e-16	5.17e-08	1.00e+00
 5.02963e+12	1.83e-16	5.55e-08	1.00e+00
 5.20035e+12	2.07e-16	5.91e-08	1.00e+00
 5.38335e+12	2.34e-16	6.29e-08	1.00e+00
 5.61148e+12	2.72e-16	6.80e-08	1.00e+00
 5.84033e+12	3.15e-16	7.32e-08	1.00e+00
 6.03673e+12	3.55e-16	7.78e-08	1.00e+00
 6.24894e+12	4.03e-16	8.30e-08	1.00e+00
 6.51122e+12	4.69e-16	8.96e-08	1.00e+00
 6.77389e+12	5.43e-16	9.65e-08	1.00e+00
 7.00062e+12	6.13e-16	1.03e-07	1.00e+00
 7.24534e+12	6.95e-16	1.09e-07	1.00e+00
 7.54630e+12	8.09e-16	1.18e-07	1.00e+00
 7.85040e+12	9.36e-16	1.27e-07	1.00e+00
 8.11961e+12	1.06e-15	1.35e-07	1.00e+00
 8.41344e+12	1.21e-15	1.45e-07	1.00e+00
 8.76607e+12	1.41e-15	1.56e-07	1.00e+00
 9.11765e+12	1.63e-15	1.68e-07	1.00e+00
 9.43765e+12	1.86e-15	1.79e-07	1.00e+00
 9.79407e+12	2.13e-15	1.92e-07	1.00e+00
 1.02104e+13	2.49e-15	2.08e-07	1.00e+00
 1.06209e+13	2.89e-15	2.24e-07	1.00e+00
 1.10090e+13	3.31e-15	2.40e-07	1.00e+00
 1.14405e+13	3.82e-15	2.58e-07	1.00e+00
 1.19280e+13	4.47e-15	2.79e-07	1.00e+00
 1.24173e+13	5.20e-15	3.02e-07	1.00e+00
 1.29262e+13	6.05e-15	3.26e-07	1.00e+00
 1.34732e+13	7.08e-15	3.52e-07	1.00e+00
 1.40024e+13	8.20e-15	3.79e-07	1.00e+00
 1.44996e+13	9.36e-15	4.06e-07	1.00e+00
 1.50563e+13	1.08e-14	4.36e-07	1.00e+00
 1.56176e+13	1.24e-14	4.68e-07	1.00e+00
 1.60832e+13	1.39e-14	4.96e-07	1.00e+00
 1.65756e+13	1.56e-14	5.25e-07	1.00e+00
 1.72060e+13	1.80e-14	5.65e-07	1.00e+00
 1.78675e+13	2.08e-14	6.08e-07	1.00e+00
 1.84521e+13	2.36e-14	6.48e-07	1.00e+00
 1.90846e+13	2.68e-14	6.92e-07	1.00e+00
 1.98459e+13	3.12e-14	7.48e-07	1.00e+00
 2.06174e+13	3.62e-14	8.06e-07	1.00e+00
 2.13390e+13	4.14e-14	8.63e-07	1.00e+00
 2.21417e+13	4.77e-14	9.29e-07	1.00e+00
 2.29935e+13	5.53e-14	1.00e-06	1.00e+00
 2.37506e+13	6.27e-14	1.07e-06	1.00e+00
 2.45649e+13	7.16e-14	1.14e-06	1.00e+00
 2.55407e+13	8.34e-14	1.24e-06	1.00e+00
 2.65009e+13	9.63e-14	1.33e-06	1.00e+00
 2.73558e+13	1.09e-13	1.42e-06	1.00e+00
 2.82993e+13	1.25e-13	1.52e-06	1.00e+00
 2.94243e+13	1.45e-13	1.64e-06	1.00e+00
 3.05416e+13	1.68e-13	1.77e-06	1.00e+00
 3.15637e+13	1.91e-13	1.89e-06	1.00e+00
 3.27053e+13	2.19e-13	2.04e-06	1.00e+00
 3.40325e+13	2.56e-13	2.21e-06	1.00e+00
 3.53351e+13	2.96e-13	2.38e-06	1.00e+00
 3.65671e+13	3.39e-13	2.55e-06	1.00e+00
 3.79369e+13	3.91e-13	2.75e-06	1.00e+00
 3.94843e+13	4.56e-13	2.98e-06	1.00e+00
 4.09523e+13	5.25e-13	3.21e-06	1.00e+00
 4.22887e+13	5.94e-13	3.43e-06	1.00e+00
 4.38007e+13	6.80e-13	3.68e-06	1.00e+00
 4.55633e+13	7.92e-13	3.99e-06	1.00e+00
 4.72561e+13	9.10e-13	4.29e-06	1.00e+00
 4.87902e+13	1.03e-12	4.58e-06	1.00e+00
 5.02332e+13	1.15e-12	4.86e-06	1.00e+00
 5.18284e+13	1.29e-12	5.17e-06	1.00e+00
 5.36128e+13	1.47e-12	5.54e-06	1.00e+00
 5.53015e+13	1.65e-12	5.90e-06	1.00e+00
 5.71554e+13	1.87e-12	6.30e-06	1.00e+00
 5.92287e+13	2.13e-12	6.77e-06	1.00e+00
 6.11840e+13	2.41e-12	7.23e-06	1.00e+00
 6.33228e+13	2.74e-12	7.75e-06	1.00e+00
 6.56883e+13	3.13e-12	8.35e-06	1.00e+00
 6.78764e+13	3.54e-12	8.92e-06	1.00e+00
 7.02489e+13	4.02e-12	9.56e-06	1.00e+00
 7.28975e+13	4.61e-12	1.03e-05	1.00e+00
 7.53838e+13	5.21e-12	1.10e-05	1.00e+00
 7.80950e+13	5.93e-12	1.18e-05	1.00e+00
 8.11115e+13	6.82e-12	1.28e-05	1.00e+00
 8.39342e+13	7.74e-12	1.37e-05	1.00e+00
 8.69933e+13	8.83e-12	1.47e-05	1.00e+00
 9.04101e+13	1.02e-11	1.60e-05	1.00e+00
 9.36647e+13	1.16e-11	1.72e-05	1.00e+00
 9.71423e+13	1.33e-11	1.85e-05	1.00e+00
 1.01058e+14	1.54e-11	2.01e-05	1.00e+00
 1.04928e+14	1.77e-11	2.17e-05	1.00e+00
 1.08952e+14	2.04e-11	2.35e-05	1.00e+00
 1.13214e+14	2.35e-11	2.54e-05	1.00e+00
 1.16782e+14	2.65e-11	2.71e-05	1.00e+00
 1.19538e+14	2.89e-11	2.85e-05	1.00e+00
 1.22522e+14	3.18e-11	3.00e-05	1.00e+00
 1.26401e+14	3.58e-11	3.21e-05	1.00e+00
 1.30612e+14	4.07e-11	3.44e-05	1.00e+00
 1.34416e+14	4.55e-11	3.66e-05	1.00e+00
 1.38524e+14	5.11e-11	3.91e-05	1.00e+00
 1.43677e+14	5.90e-11	4.23e-05	1.00e+00
 1.48860e+14	6.79e-11	4.57e-05	1.00e+00
 1.53273e+14	7.63e-11	4.87e-05	1.00e+00
 1.58015e+14	8.63e-11	5.20e-05	1.00e+00
 1.63924e+14	1.00e-10	5.64e-05	1.00e+00
 1.70020e+14	1.16e-10	6.12e-05	1.00e+00
 1.75456e+14	1.32e-10	6.56e-05	1.00e+00
 1.81364e+14	1.52e-10	7.06e-05	1.00e+00
 1.88413e+14	1.77e-10	7.69e-05	1.00e+00
 1.95355e+14	2.06e-10	8.34e-05	1.00e+00
 2.01599e+14	2.36e-10	8.95e-05	1.00e+00
 2.08522e+14	2.72e-10	9.65e-05	1.00e+00
 2.16698e+14	3.20e-10	1.05e-04	1.00e+00
 2.24780e+14	3.73e-10	1.14e-04	1.00e+00
 2.32250e+14	4.29e-10	1.23e-04	1.00e+00
 2.40635e+14	5.00e-10	1.33e-04	1.00e+00
 2.50291e+14	5.92e-10	1.46e-04	1.00e+00
 2.59741e+14	6.94e-10	1.58e-04	1.00e+00
 2.69570e+14	8.14e-10	1.72e-04	1.00e+00
 2.80383e+14	9.65e-10	1.88e-04	1.00e+00
 2.89529e+14	1.11e-09	2.02e-04	1.00e+00
 2.96212e+14	1.22e-09	2.13e-04	1.00e+00
 3.03226e+14	1.35e-09	2.25e-04	1.00e+00
 3.12345e+14	1.54e-09	2.40e-04	1.00e+00
 3.22404e+14	1.77e-09	2.58e-04	1.00e+00
 3.31713e+14	2.00e-09	2.75e-04	1.00e+00
 3.41842e+14	2.28e-09	2.94e-04	1.00e+00
 3.53223e+14	2.63e-09	3.16e-04	1.00e+00
 3.64054e+14	2.99e-09	3.38e-04	1.00e+00
 3.75957e+14	3.44e-09	3.64e-04	1.00e+00
 3.89268e+14	4.00e-09	3.93e-04	1.00e+00
 4.01909e+14	4.60e-09	4.22e-04	1.00e+00
 4.15843e+14	5.33e-09	4.55e-04	1.00e+00
 4.31478e+14	6.25e-09	4.94e-04	1.00e+00
 4.46261e+14	7.24e-09	5.32e-04	9.99e-01
 4.62366e+14	8.44e-09	5.75e-04	9.99e-01
 4.80247e+14	9.94e-09	6.25e-04	9.99e-01
 4.97000e+14	1.15e-08	6.74e-04	9.99e-01
 5.15067e+14	1.34e-08	7.29e-04	9.99e-01
 5.35277e+14	1.59e-08	7.93e-04	9.99e-01
 5.54691e+14	1.85e-08	8.57e-04	9.99e-01
 5.75304e+14	2.16e-08	9.28e-04	9.99e-01
 5.98347e+14	2.56e-08	1.01e-03	9.99e-01
 6.17741e+14	2.93e-08	1.08e-03	9.99e-01
 6.31687e+14	3.22e-08	1.14e-03	9.99e-01
 6.46172e+14	3.55e-08	1.19e-03	9.99e-01
 6.65002e+14	4.02e-08	1.27e-03	9.99e-01
 6.86007e+14	4.59e-08	1.36e-03	9.99e-01
 7.05679e+14	5.17e-08	1.44e-03	9.99e-01
 7.27094e+14	5.87e-08	1.54e-03	9.98e-01
 7.51050e+14	6.73e-08	1.65e-03	9.98e-01
 7.73644e+14	7.63e-08	1.75e-03	9.98e-01
 7.98351e+14	8.72e-08	1.87e-03	9.98e-01
 8.26045e+14	1.01e-07	2.02e-03	9.98e-01
 8.52320e+14	1.15e-07	2.15e-03	9.98e-01
 8.81176e+14	1.32e-07	2.31e-03	9.98e-01
 9.13362e+14	1.54e-07	2.49e-03	9.98e-01
 9.43319e+14	1.76e-07	2.67e-03	9.97e-01
 9.75702e+14	2.03e-07	2.86e-03	9.97e-01
 1.01198e+15	2.36e-07	3.09e-03	9.97e-01
 1.04598e+15	2.71e-07	3.31e-03	9.97e-01
 1.08286e+15	3.13e-07	3.56e-03	9.96e-01
 1.12199e+15	3.62e-07	3.84e-03	9.96e-01
 1.15608e+15	4.10e-07	4.08e-03	9.96e-01
 1.18531e+15	4.54e-07	4.30e-03	9.96e-01
 1.21616e+15	5.05e-07	4.54e-03	9.95e-01
 1.25627e+15	5.78e-07	4.86e-03	9.95e-01
 1.29666e+15	6.58e-07	5.19e-03	9.95e-01
 1.32917e+15	7.28e-07	5.46e-03	9.95e-01
 1.36321e+15	8.09e-07	5.76e-03	9.94e-01
 1.40745e+15	9.25e-07	6.16e-03	9.94e-01
 1.45338e+15	1.06e-06	6.58e-03	9.93e-01
 1.49246e+15	1.18e-06	6.95e-03	9.93e-01
 1.53425e+15	1.32e-06	7.36e-03	9.93e-01
 1.58858e+15	1.53e-06	7.93e-03	9.92e-01
 1.64414e+15	1.76e-06	8.51e-03	9.91e-01
 1.68937e+15	1.97e-06	8.99e-03	9.91e-01
 1.73623e+15	2.21e-06	9.53e-03	9.90e-01
 1.79714e+15	2.56e-06	1.03e-02	9.90e-01
 1.86007e+15	2.94e-06	1.10e-02	9.89e-01
 1.91292e+15	3.30e-06	1.17e-02	9.88e-01
 1.96891e+15	3.73e-06	1.24e-02	9.88e-01
 2.02947e+15	4.23e-06	1.32e-02	9.87e-01
 2.08385e+15	4.71e-06	1.40e-02	9.86e-01
 2.13213e+15	5.18e-06	1.47e-02	9.85e-01
 2.18458e+15	5.74e-06	1.55e-02	9.85e-01
 2.24245e+15	6.40e-06	1.64e-02	9.84e-01
 2.29852e+15	7.09e-06	1.73e-02	9.83e-01
 2.35299e+15	7.82e-06	1.82e-02	9.82e-01
 2.41426e+15	8.73e-06	1.93e-02	9.81e-01
 2.48272e+15	9.82e-06	2.05e-02	9.79e-01
 2.54753e+15	1.09e-05	2.17e-02	9.78e-01
 2.60707e+15	1.20e-05	2.29e-02	9.77e-01
 2.67277e+15	1.35e-05	2.43e-02	9.76e-01
 2.74398e+15	1.51e-05	2.59e-02	9.74e-01
 2.81097e+15	1.67e-05	2.74e-02	9.73e-01
 2.87625e+15	1.85e-05	2.90e-02	9.71e-01
 2.95071e+15	2.08e-05	3.11e-02	9.69e-01
 3.03233e+15	2.35e-05	3.33e-02	9.67e-01
 3.10804e+15	2.62e-05	3.56e-02	9.64e-01
 3.17892e+15	2.91e-05	3.79e-02	9.62e-01
 3.24788e+15	3.22e-05	4.03e-02	9.60e-01
 3.32667e+15	3.66e-05	4.34e-02	9.57e-01
 3.40818e+15	4.11e-05	4.67e-02	9.53e-01
 3.47853e+15	4.55e-05	4.98e-02	9.50e-01
 3.55533e+15	5.14e-05	5.37e-02	9.46e-01
 3.62775e+15	5.71e-05	5.76e-02	9.42e-01
 3.68030e+15	6.18e-05	6.06e-02	9.39e-01
 3.73444e+15	6.77e-05	6.43e-02	9.36e-01
 3.79542e+15	7.47e-05	6.85e-02	9.31e-01
 3.85288e+15	8.20e-05	7.29e-02	9.27e-01
 3.90596e+15	8.97e-05	7.74e-02	9.22e-01
 3.95769e+15	9.79e-05	8.22e-02	9.18e-01
 4.01692e+15	1.09e-04	8.83e-02	9.12e-01
 4.08195e+15	1.23e-04	9.57e-02	9.04e-01
 4.13507e+15	1.35e-04	1.02e-01	8.98e-01
 4.18466e+15	1.50e-04	1.09e-01	8.91e-01
 4.23965e+15	1.65e-04	1.18e-01	8.82e-01
 4.30165e+15	1.89e-04	1.29e-01	8.71e-01
 4.36314e+15	2.15e-04	1.41e-01	8.59e-01
 4.40997e+15	2.40e-04	1.52e-01	8.48e-01
 4.44748e+15	2.62e-04	1.61e-01	8.39e-01
 4.48685e+15	2.87e-04	1.72e-01	8.28e-01
 4.53803e+15	3.27e-04	1.87e-01	8.12e-01
 4.59067e+15	3.69e-04	2.05e-01	7.94e-01
 4.63684e+15	4.19e-04	2.23e-01	7.77e-01
 4.67674e+15	4.63e-04	2.40e-01	7.60e-01
 4.71684e+15	5.22e-04	2.59e-01	7.41e-01
 4.75896e+15	5.82e-04	2.80e-01	7.19e-01
 4.80369e+15	6.67e-04	3.05e-01	6.94e-01
 4.84062e+15	7.37e-04	3.27e-01	6.72e-01
 4.86158e+15	7.83e-04	3.41e-01	6.58e-01
 4.88300e+15	8.34e-04	3.56e-01	6.44e-01
 4.91085e+15	9.04e-04	3.76e-01	6.23e-01
 4.94705e+15	1.01e-03	4.03e-01	5.96e-01
 4.97930e+15	1.10e-03	4.28e-01	5.71e-01
 5.00639e+15	1.20e-03	4.50e-01	5.49e-01
 5.03367e+15	1.29e-03	4.72e-01	5.26e-01
 5.06118e+15	1.41e-03	4.97e-01	5.02e-01
 5.08890e+15	1.52e-03	5.20e-01	4.79e-01
 5.11246e+15	1.62e-03	5.41e-01	4.58e-01
 5.13862e+15	1.75e-03	5.64e-01	4.34e-01
 5.16586e+15	1.88e-03	5.88e-01	4.11e-01
 5.18989e+15	2.00e-03	6.08e-01	3.90e-01
 5.21653e+15	2.14e-03	6.32e-01	3.66e-01
 5.24569e+15	2.30e-03	6.55e-01	3.42e-01
 5.27199e+15	2.46e-03	6.77e-01	3.21e-01
 5.29622e+15	2.60e-03	6.95e-01	3.02e-01
 5.32390e+15	2.78e-03	7.16e-01	2.81e-01
 5.35401e+15	2.97e-03	7.37e-01	2.60e-01
 5.38091e+15	3.16e-03	7.55e-01	2.42e-01
 5.40560e+15	3.32e-03	7.71e-01	2.26e-01
 5.43385e+15	3.54e-03	7.88e-01	2.08e-01
 5.46469e+15	3.77e-03	8.05e-01	1.91e-01
 5.49255e+15	3.99e-03	8.19e-01	1.77e-01
 5.51823e+15	4.21e-03	8.31e-01	1.65e-01
 5.54744e+15	4.47e-03	8.44e-01	1.51e-01
 5.57957e+15	4.76e-03	8.57e-01	1.38e-01
 5.60873e+15	5.05e-03	8.67e-01	1.27e-01
 5.63557e+15	5.32e-03	8.76e-01	1.18e-01
 5.66615e+15	5.67e-03	8.86e-01	1.08e-01
 5.69997e+15	6.08e-03	8.95e-01	9.86e-02
 5.73103e+15	6.48e-03	9.03e-01	9.05e-02
 5.76445e+15	6.96e-03	9.11e-01	8.25e-02
 5.80069e+15	7.54e-03	9.18e-01	7.48e-02
 5.83345e+15	8.14e-03	9.23e-01	6.85e-02
 5.86887e+15	8.84e-03	9.29e-01	6.23e-02
 5.90675e+15	9.72e-03	9.34e-01	5.65e-02
 5.93915e+15	1.06e-02	9.37e-01	5.20e-02
 5.96723e+15	1.15e-02	9.40e-01	4.84e-02
 5.99841e+15	1.25e-02	9.43e-01	4.46e-02
 6.03296e+15	1.39e-02	9.45e-01	4.09e-02
 6.06383e+15	1.55e-02	9.47e-01	3.79e-02
 6.08798e+15	1.68e-02	9.47e-01	3.58e-02
 6.10740e+15	1.81e-02	9.48e-01	3.42e-02
 6.12860e+15	1.96e-02	9.48e-01	3.24e-02
 6.15214e+15	2.16e-02	9.48e-01	3.06e-02
 6.17314e+15	2.37e-02	9.47e-01	2.91e-02
 6.19069e+15	2.56e-02	9.46e-01	2.80e-02
 6.20936e+15	2.80e-02	9.45e-01	2.67e-02
 6.22949e+15	3.09e-02	9.44e-01	2.56e-02
 6.24691e+15	3.40e-02	9.41e-01	2.46e-02
 6.26175e+15	3.67e-02	9.39e-01	2.38e-02
 6.27782e+15	4.03e-02	9.37e-01	2.30e-02
 6.29546e+15	4.47e-02	9.33e-01	2.22e-02
 6.31116e+15	4.94e-02	9.29e-01	2.15e-02
 6.32472e+15	5.40e-02	9.25e-01	2.10e-02
 6.33733e+15	5.88e-02	9.21e-01	2.05e-02
 6.35158e+15	6.49e-02	9.15e-01	2.00e-02
 6.36755e+15	7.28e-02	9.08e-01	1.95e-02
 6.38230e+15	8.16e-02	8.99e-01	1.91e-02
 6.39531e+15	9.03e-02	8.91e-01	1.88e-02
 6.40657e+15	9.91e-02	8.82e-01	1.85e-02
 6.41653e+15	1.08e-01	8.74e-01	1.83e-02
 6.42708e+15	1.18e-01	8.64e-01	1.81e-02
 6.43887e+15	1.30e-01	8.52e-01	1.80e-02
 6.45006e+15	1.43e-01	8.39e-01	1.79e-02
 6.45929e+15	1.56e-01	8.27e-01	1.78e-02
 6.46737e+15	1.67e-01	8.15e-01	1.77e-02
 6.47522e+15	1.80e-01	8.03e-01	1.76e-02
 6.48164e+15	1.90e-01	7.92e-01	1.76e-02
 6.48602e+15	1.98e-01	7.84e-01	1.76e-02
 6.49001e+15	2.06e-01	7.77e-01	1.76e-02
 6.49463e+15	2.15e-01	7.68e-01	1.75e-02
 6.49972e+15	2.25e-01	7.58e-01	1.75e-02
 6.50471e+15	2.35e-01	7.47e-01	1.74e-02
 6.50938e+15	2.45e-01	7.37e-01	1.75e-02
 6.51397e+15	2.56e-01	7.27e-01	1.74e-02
 6.51869e+15	2.67e-01	7.16e-01	1.74e-02
 6.52336e+15	2.79e-01	7.04e-01	1.73e-02
 6.52799e+15	2.90e-01	6.93e-01	1.73e-02
 6.53266e+15	3.03e-01	6.80e-01	1.72e-02
 6.53733e+15	3.15e-01	6.68e-01	1.72e-02
 6.54198e+15	3.29e-01	6.54e-01	1.71e-02
 6.54663e+15	3.42e-01	6.41e-01	1.70e-02
 6.55130e+15	3.56e-01	6.27e-01	1.69e-02
 6.55604e+15	3.71e-01	6.12e-01	1.68e-02
 6.56072e+15	3.86e-01	5.98e-01	1.67e-02
 6.56539e+15	4.00e-01	5.83e-01	1.66e-02
 6.57017e+15	4.17e-01	5.67e-01	1.64e-02
 6.57498e+15	4.32e-01	5.51e-01	1.63e-02
 6.57981e+15	4.49e-01	5.35e-01	1.61e-02
 6.58471e+15	4.66e-01	5.19e-01	1.59e-02
 6.58965e+15	4.83e-01	5.01e-01	1.57e-02
 6.59465e+15	5.00e-01	4.85e-01	1.55e-02
 6.59966e+15	5.18e-01	4.67e-01	1.52e-02
 6.60474e+15	5.35e-01	4.50e-01	1.49e-02
 6.60989e+15	5.52e-01	4.33e-01	1.46e-02
 6.61504e+15	5.70e-01	4.16e-01	1.43e-02
 6.62030e+15	5.87e-01	3.99e-01	1.40e-02
 6.62571e+15	6.05e-01	3.82e-01	1.36e-02
 6.63122e+15	6.22e-01	3.65e-01	1.32e-02
 6.63684e+15	6.39e-01	3.49e-01	1.28e-02
 6.64266e+15	6.55e-01	3.32e-01	1.24e-02
 6.64872e+15	6.71e-01	3.17e-01	1.20e-02
 6.65506e+15	6.87e-01	3.01e-01	1.16e-02
 6.66175e+15	7.03e-01	2.86e-01	1.11e-02
 6.66882e+15	7.18e-01	2.72e-01	1.06e-02
 6.67638e+15	7.32e-01	2.58e-01	1.02e-02
 6.68462e+15	7.46e-01	2.44e-01	9.70e-03
 6.69368e+15	7.60e-01	2.31e-01	9.21e-03
 6.70372e+15	7.72e-01	2.19e-01	8.71e-03
 6.71504e+15	7.84e-01	2.08e-01	8.22e-03
 6.72703e+15	7.94e-01	1.98e-01	7.78e-03
 6.73891e+15	8.02e-01	1.91e-01	7.40e-03
 6.75070e+15	8.09e-01	1.84e-01	7.06e-03
 6.76422e+15	8.16e-01	1.78e-01	6.69e-03
 6.78179e+15	8.23e-01	1.71e-01	6.28e-03
 6.80134e+15	8.29e-01	1.65e-01	5.90e-03
 6.82001e+15	8.34e-01	1.60e-01	5.57e-03
 6.83818e+15	8.39e-01	1.56e-01	5.28e-03
 6.85677e+15	8.44e-01	1.51e-01	4.99e-03
 6.87583e+15	8.48e-01	1.47e-01	4.73e-03
 6.89483e+15	8.52e-01	1.44e-01	4.48e-03
 6.91344e+15	8.56e-01	1.40e-01	4.25e-03
 6.93165e+15	8.59e-01	1.37e-01	4.04e-03
 6.94953e+15	8.63e-01	1.34e-01	3.84e-03
 6.96712e+15	8.66e-01	1.31e-01	3.66e-03
 6.98440e+15	8.69e-01	1.28e-01	3.49e-03
 7.00133e+15	8.72e-01	1.25e-01	3.33e-03
 7.01794e+15	8.75e-01	1.22e-01	3.18e-03
 7.03422e+15	8.77e-01	1.20e-01	3.05e-03
 7.05019e+15	8.80e-01	1.17e-01	2.92e-03
 7.06625e+15	8.82e-01	1.15e-01	2.79e-03
 7.08184e+15	8.85e-01	1.13e-01	2.68e-03
 7.09688e+15	8.87e-01	1.11e-01	2.58e-03
 7.11195e+15	8.89e-01	1.08e-01	2.48e-03
 7.12668e+15	8.91e-01	1.06e-01	2.38e-03
 7.14098e+15	8.93e-01	1.04e-01	2.29e-03
 7.15501e+15	8.95e-01	1.03e-01	2.21e-03
 7.16887e+15	8.97e-01	1.01e-01	2.13e-03
 7.18250e+15	8.99e-01	9.91e-02	2.05e-03
 7.19581e+15	9.01e-01	9.75e-02	1.98e-03
 7.20892e+15	9.02e-01	9.59e-02	1.92e-03
 7.22200e+15	9.04e-01	9.43e-02	1.85e-03
 7.23500e+15	9.05e-01	9.28e-02	1.79e-03
 7.24783e+15	9.07e-01	9.14e-02	1.73e-03
 7.26047e+15	9.08e-01	8.99e-02	1.68e-03
 7.27296e+15	9.10e-01	8.86e-02	1.62e-03
 7.28532e+15	9.11e-01	8.72e-02	1.57e-03
 7.29757e+15	9.13e-01	8.59e-02	1.52e-03
 7.30971e+15	9.14e-01	8.47e-02	1.48e-03
 7.32174e+15	9.15e-01	8.34e-02	1.43e-03
 7.33370e+15	9.16e-01	8.22e-02	1.39e-03
 7.34558e+15	9.18e-01	8.10e-02	1.35e-03
 7.35742e+15	9.19e-01	7.99e-02	1.31e-03
 7.36923e+15	9.20e-01	7.87e-02	1.27e-03
 7.38101e+15	9.21e-01	7.76e-02	1.23e-03
 7.39281e+15	9.22e-01	7.65e-02	1.19e-03
 7.40466e+15	9.23e-01	7.54e-02	1.16e-03
 7.41674e+15	9.25e-01	7.43e-02	1.12e-03
 7.42915e+15	9.26e-01	7.32e-02	1.09e-03
 7.44177e+15	9.27e-01	7.22e-02	1.06e-03
 7.45458e+15	9.28e-01	7.11e-02	1.02e-03
 7.46768e+15	9.29e-01	7.00e-02	9.90e-04
 7.48121e+15	9.30e-01	6.88e-02	9.57e-04
 7.49530e+15	9.31e-01	6.77e-02	9.24e-04
 7.51013e+15	9.33e-01	6.65e-02	8.90e-04
 7.52595e+15	9.34e-01	6.53e-02	8.56e-04
 7.54315e+15	9.35e-01	6.40e-02	8.20e-04
 7.56233e+15	9.37e-01	6.25e-02	7.81e-04
 7.58457e+15	9.38e-01	6.09e-02	7.38e-04
 7.60880e+15	9.40e-01	5.91e-02	6.95e-04
 7.63201e+15	9.42e-01	5.76e-02	6.57e-04
 7.65314e+15	9.43e-01	5.62e-02	6.24e-04
 7.67236e+15	9.45e-01	5.49e-02	5.95e-04
 7.68985e+15	9.46e-01	5.38e-02	5.70e-04
 7.70577e+15	9.47e-01	5.28e-02	5.48e-04
 7.72026e+15	9.48e-01	5.19e-02	5.28e-04
 7.73344e+15	9.48e-01	5.10e-02	5.10e-04
 7.74544e+15	9.49e-01	5.03e-02	4.95e-04
 7.75858e+15	9.50e-01	4.95e-02	4.79e-04
 7.77567e+15	9.51e-01	4.85e-02	4.58e-04
 7.79412e+15	9.52e-01	4.74e-02	4.38e-04
 7.81091e+15	9.53e-01	4.64e-02	4.19e-04
 7.82619e+15	9.54e-01	4.56e-02	4.03e-04
 7.84009e+15	9.55e-01	4.48e-02	3.89e-04
 7.85274e+15	9.56e-01	4.41e-02	3.76e-04
 7.86426e+15	9.56e-01	4.34e-02	3.65e-04
 7.87473e+15	9.57e-01	4.29e-02	3.55e-04
 7.88621e+15	9.57e-01	4.22e-02	3.43e-04
 7.89861e+15	9.58e-01	4.16e-02	3.33e-04
 7.90989e+15	9.59e-01	4.10e-02	3.23e-04
 7.92015e+15	9.59e-01	4.04e-02	3.14e-04
 7.92949e+15	9.60e-01	3.99e-02	3.06e-04
 7.93972e+15	9.60e-01	3.93e-02	2.97e-04
 7.95077e+15	9.61e-01	3.88e-02	2.88e-04
 7.96083e+15	9.61e-01	3.83e-02	2.80e-04
 7.96998e+15	9.62e-01	3.78e-02	2.73e-04
 7.98000e+15	9.62e-01	3.73e-02	2.65e-04
 7.99083e+15	9.63e-01	3.68e-02	2.58e-04
 8.00068e+15	9.63e-01	3.63e-02	2.51e-04
 8.00964e+15	9.64e-01	3.58e-02	2.45e-04
 8.01946e+15	9.64e-01	3.53e-02	2.37e-04
 8.03007e+15	9.65e-01	3.48e-02	2.31e-04
 8.03972e+15	9.65e-01	3.44e-02	2.25e-04
 8.04850e+15	9.66e-01	3.39e-02	2.19e-04
 8.05812e+15	9.66e-01	3.35e-02	2.13e-04
 8.06851e+15	9.67e-01	3.30e-02	2.07e-04
 8.07796e+15	9.67e-01	3.26e-02	2.01e-04
 8.08656e+15	9.68e-01	3.22e-02	1.97e-04
 8.09599e+15	9.68e-01	3.17e-02	1.91e-04
 8.10616e+15	9.68e-01	3.13e-02	1.86e-04
 8.11543e+15	9.69e-01	3.09e-02	1.81e-04
 8.12385e+15	9.69e-01	3.06e-02	1.77e-04
 8.13309e+15	9.70e-01	3.01e-02	1.72e-04
 8.14306e+15	9.70e-01	2.98e-02	1.68e-04
 8.15213e+15	9.70e-01	2.94e-02	1.63e-04
 8.16207e+15	9.71e-01	2.90e-02	1.59e-04
 8.17280e+15	9.71e-01	2.86e-02	1.54e-04
 8.18257e+15	9.72e-01	2.82e-02	1.50e-04
 8.19145e+15	9.72e-01	2.79e-02	1.47e-04
 8.20119e+15	9.72e-01	2.75e-02	1.43e-04
 8.21171e+15	9.73e-01	2.71e-02	1.39e-04
 8.22127e+15	9.73e-01	2.68e-02	1.35e-04
 8.23176e+15	9.73e-01	2.64e-02	1.32e-04
 8.24308e+15	9.74e-01	2.60e-02	1.28e-04
 8.25338e+15	9.74e-01	2.57e-02	1.25e-04
 8.26466e+15	9.75e-01	2.53e-02	1.21e-04
 8.27685e+15	9.75e-01	2.49e-02	1.17e-04
 8.28793e+15	9.75e-01	2.45e-02	1.14e-04
 8.29802e+15	9.76e-01	2.42e-02	1.11e-04
 8.30908e+15	9.76e-01	2.39e-02	1.08e-04
 8.32102e+15	9.76e-01	2.35e-02	1.05e-04
 8.33188e+15	9.77e-01	2.32e-02	1.02e-04
 8.34378e+15	9.77e-01	2.28e-02	9.86e-05
 8.35663e+15	9.77e-01	2.25e-02	9.56e-05
 8.36833e+15	9.78e-01	2.22e-02	9.29e-05
 8.37897e+15	9.78e-01	2.19e-02	9.04e-05
 8.39063e+15	9.78e-01	2.15e-02	8.77e-05
 8.40322e+15	9.79e-01	2.13e-02	8.54e-05
 8.41467e+15	9.79e-01	2.09e-02	8.29e-05
 8.42722e+15	9.79e-01	2.06e-02	8.03e-05
 8.44077e+15	9.80e-01	2.03e-02	7.78e-05
 8.45311e+15	9.80e-01	2.00e-02	7.56e-05
 8.46662e+15	9.80e-01	1.97e-02	7.31e-05
 8.48121e+15	9.81e-01	1.93e-02	7.07e-05
 8.49448e+15	9.81e-01	1.90e-02	6.86e-05
 8.50657e+15	9.81e-01	1.88e-02	6.67e-05
 8.51980e+15	9.81e-01	1.85e-02	6.46e-05
 8.53410e+15	9.82e-01	1.82e-02	6.26e-05
 8.54710e+15	9.82e-01	1.79e-02	6.07e-05
 8.56135e+15	9.82e-01	1.76e-02	5.87e-05
 8.57674e+15	9.83e-01	1.73e-02	5.68e-05
 8.59074e+15	9.83e-01	1.70e-02	5.51e-05
 8.60608e+15	9.83e-01	1.67e-02	5.31e-05
 8.62264e+15	9.84e-01	1.64e-02	5.13e-05
 8.63772e+15	9.84e-01	1.62e-02	4.96e-05
 8.65143e+15	9.84e-01	1.59e-02	4.82e-05
 8.66646e+15	9.84e-01	1.57e-02	4.66e-05
 8.68269e+15	9.85e-01	1.54e-02	4.50e-05
 8.69745e+15	9.85e-01	1.52e-02	4.36e-05
 8.71363e+15	9.85e-01	1.49e-02	4.21e-05
 8.73110e+15	9.85e-01	1.46e-02	4.06e-05
 8.74700e+15	9.86e-01	1.44e-02	3.93e-05
 8.76442e+15	9.86e-01	1.41e-02	3.79e-05
 8.78322e+15	9.86e-01	1.38e-02	3.65e-05
 8.80033e+15	9.86e-01	1.36e-02	3.52e-05
 8.81908e+15	9.87e-01	1.33e-02	3.39e-05
 8.83933e+15	9.87e-01	1.31e-02	3.26e-05
 8.85775e+15	9.87e-01	1.28e-02	3.14e-05
 8.87793e+15	9.87e-01	1.26e-02	3.01e-05
 8.89973e+15	9.88e-01	1.23e-02	2.89e-05
 8.91956e+15	9.88e-01	1.21e-02	2.78e-05
 8.93760e+15	9.88e-01	1.19e-02	2.69e-05
 8.95738e+15	9.88e-01	1.16e-02	2.59e-05
 8.97873e+15	9.89e-01	1.14e-02	2.49e-05
 8.99816e+15	9.89e-01	1.12e-02	2.40e-05
 9.01945e+15	9.89e-01	1.10e-02	2.30e-05
 9.04243e+15	9.89e-01	1.07e-02	2.21e-05
 9.06334e+15	9.89e-01	1.05e-02	2.12e-05
 9.08626e+15	9.90e-01	1.03e-02	2.03e-05
 9.11100e+15	9.90e-01	1.01e-02	1.95e-05
 9.13352e+15	9.90e-01	9.87e-03	1.87e-05
 9.15819e+15	9.90e-01	9.64e-03	1.79e-05
 9.18482e+15	9.91e-01	9.42e-03	1.71e-05
 9.20906e+15	9.91e-01	9.22e-03	1.64e-05
 9.23562e+15	9.91e-01	9.00e-03	1.56e-05
 9.26430e+15	9.91e-01	8.79e-03	1.49e-05
 9.29039e+15	9.91e-01	8.59e-03	1.42e-05
 9.31898e+15	9.92e-01	8.38e-03	1.35e-05
 9.34985e+15	9.92e-01	8.17e-03	1.29e-05
 9.37794e+15	9.92e-01	7.98e-03	1.23e-05
 9.40872e+15	9.92e-01	7.77e-03	1.17e-05
 9.44195e+15	9.92e-01	7.56e-03	1.11e-05
 9.47219e+15	9.93e-01	7.38e-03	1.05e-05
 9.50533e+15	9.93e-01	7.18e-03	9.98e-06
 9.54110e+15	9.93e-01	6.98e-03	9.43e-06
 9.57365e+15	9.93e-01	6.80e-03	8.97e-06
 9.60933e+15	9.93e-01	6.61e-03	8.47e-06
 9.65570e+15	9.94e-01	6.36e-03	7.86e-06
 9.70935e+15	9.94e-01	6.10e-03	7.24e-06
 9.76359e+15	9.94e-01	5.86e-03	6.67e-06
 9.81782e+15	9.94e-01	5.62e-03	6.16e-06
 9.87412e+15	9.95e-01	5.39e-03	5.66e-06
 9.93304e+15	9.95e-01	5.16e-03	5.20e-06
 9.99402e+15	9.95e-01	4.94e-03	4.76e-06
 1.00569e+16	9.95e-01	4.72e-03	4.35e-06
 1.01220e+16	9.95e-01	4.50e-03	3.97e-06
 1.01894e+16	9.96e-01	4.30e-03	3.62e-06
 1.02587e+16	9.96e-01	4.10e-03	3.29e-06
 1.03292e+16	9.96e-01	3.90e-03	2.99e-06
 1.04007e+16	9.96e-01	3.72e-03	2.72e-06
 1.04726e+16	9.96e-01	3.55e-03	2.48e-06
 1.05456e+16	9.97e-01	3.38e-03	2.25e-06
 1.06210e+16	9.97e-01	3.22e-03	2.04e-06
 1.06981e+16	9.97e-01	3.06e-03	1.85e-06
 1.07763e+16	9.97e-01	2.91e-03	1.67e-06
 1.08557e+16	9.97e-01	2.77e-03	1.51e-06
 1.09365e+16	9.97e-01	2.63e-03	1.37e-06
 1.10189e+16	9.97e-01	2.50e-03	1.24e-06
 1.11028e+16	9.98e-01	2.37e-03	1.12e-06
 1.11883e+16	9.98e-01	2.25e-03	1.01e-06
 1.12754e+16	9.98e-01	2.14e-03	9.07e-07
 1.13640e+16	9.98e-01	2.03e-03	8.16e-07
 1.14542e+16	9.98e-01	1.92e-03	7.34e-07
 1.15463e+16	9.98e-01	1.82e-03	6.59e-07
 1.16402e+16	9.98e-01	1.72e-03	5.91e-07
 1.17360e+16	9.98e-01	1.63e-03	5.29e-07
 1.18337e+16	9.98e-01	1.54e-03	4.73e-07
 1.19334e+16	9.99e-01	1.45e-03	4.23e-07
 1.20351e+16	9.99e-01	1.37e-03	3.77e-07
 1.21391e+16	9.99e-01	1.29e-03	3.36e-07
 1.22453e+16	9.99e-01	1.22e-03	2.98e-07
 1.23538e+16	9.99e-01	1.15e-03	2.65e-07
 1.24649e+16	9.99e-01	1.08e-03	2.34e-07
 1.25786e+16	9.99e-01	1.01e-03	2.07e-07
 1.26950e+16	9.99e-01	9.52e-04	1.83e-07
 1.28144e+16	9.99e-01	8.93e-04	1.61e-07
 1.29368e+16	9.99e-01	8.36e-04	1.41e-07
 1.30626e+16	9.99e-01	7.82e-04	1.23e-07
 1.31919e+16	9.99e-01	7.30e-04	1.08e-07
 1.33248e+16	9.99e-01	6.80e-04	9.36e-08
 1.34617e+16	9.99e-01	6.34e-04	8.13e-08
 1.36000e+16	9.99e-01	5.90e-04	7.06e-08
 1.37420e+16	9.99e-01	5.48e-04	6.10e-08
 1.38928e+16	9.99e-01	5.07e-04	5.22e-08
 1.40507e+16	1.00e+00	4.68e-04	4.45e-08
 1.42138e+16	1.00e+00	4.31e-04	3.77e-08
 1.43827e+16	1.00e+00	3.95e-04	3.18e-08
 1.45591e+16	1.00e+00	3.62e-04	2.67e-08
 1.47441e+16	1.00e+00	3.30e-04	2.22e-08
 1.49383e+16	1.00e+00	2.99e-04	1.83e-08
 1.51428e+16	1.00e+00	2.71e-04	1.50e-08
 1.53598e+16	1.00e+00	2.43e-04	1.21e-08
 1.55930e+16	1.00e+00	2.17e-04	9.64e-09
 1.58389e+16	1.00e+00	1.93e-04	7.60e-09
 1.61020e+16	1.00e+00	1.70e-04	5.90e-09
 1.63915e+16	1.00e+00	1.48e-04	4.47e-09
 1.67076e+16	1.00e+00	1.27e-04	3.31e-09
 1.70554e+16	1.00e+00	1.08e-04	2.39e-09
 1.74446e+16	1.00e+00	8.98e-05	1.66e-09
 1.78822e+16	1.00e+00	7.35e-05	1.11e-09
 1.83823e+16	1.00e+00	5.85e-05	7.06e-10
 1.89284e+16	1.00e+00	4.59e-05	4.36e-10
 1.94771e+16	1.00e+00	3.62e-05	2.72e-10
 2.00177e+16	1.00e+00	2.88e-05	1.72e-10
 2.05610e+16	1.00e+00	2.30e-05	1.10e-10
 2.11151e+16	1.00e+00	1.83e-05	6.98e-11
 2.16816e+16	1.00e+00	1.46e-05	4.44e-11
 2.22603e+16	1.00e+00	1.16e-05	2.81e-11
 2.28480e+16	1.00e+00	9.27e-06	1.79e-11
 2.34468e+16	1.00e+00	7.39e-06	1.14e-11
 2.40610e+16	1.00e+00	5.89e-06	7.26e-12
 2.46893e+16	1.00e+00	4.69e-06	4.62e-12
 2.53320e+16	1.00e+00	3.73e-06	2.93e-12
 2.59920e+16	1.00e+00	2.97e-06	1.85e-12
 2.66689e+16	1.00e+00	2.36e-06	1.17e-12
 2.73659e+16	1.00e+00	1.87e-06	7.36e-13
 2.80786e+16	1.00e+00	1.48e-06	4.63e-13
 2.87921e+16	1.00e+00	1.18e-06	2.94e-13
 2.94904e+16	1.00e+00	9.47e-07	1.91e-13
 3.01675e+16	1.00e+00	7.69e-07	1.26e-13
 3.08284e+16	1.00e+00	6.30e-07	8.47e-14
 3.14736e+16	1.00e+00	5.20e-07	5.79e-14
 3.21009e+16	1.00e+00	4.33e-07	4.02e-14
 3.27078e+16	1.00e+00	3.64e-07	2.84e-14
 3.32932e+16	1.00e+00	3.08e-07	2.04e-14
 3.38579e+16	1.00e+00	2.63e-07	1.49e-14
 3.44018e+16	1.00e+00	2.26e-07	1.10e-14
 3.49247e+16	1.00e+00	1.96e-07	8.31e-15
 3.54261e+16	1.00e+00	1.71e-07	6.34e-15
 3.59061e+16	1.00e+00	1.51e-07	4.92e-15
 3.63652e+16	1.00e+00	1.33e-07	3.86e-15
 3.68041e+16	1.00e+00	1.19e-07	3.07e-15
 3.72236e+16	1.00e+00	1.07e-07	2.47e-15
 3.76241e+16	1.00e+00	9.61e-08	2.01e-15
 3.80061e+16	1.00e+00	8.71e-08	1.66e-15
 3.83704e+16	1.00e+00	7.94e-08	1.38e-15
 3.87177e+16	1.00e+00	7.27e-08	1.16e-15
 3.90487e+16	1.00e+00	6.69e-08	9.83e-16
 3.93638e+16	1.00e+00	6.19e-08	8.41e-16
 3.96640e+16	1.00e+00	5.75e-08	7.25e-16
 3.99503e+16	1.00e+00	5.35e-08	6.31e-16
 4.02234e+16	1.00e+00	5.01e-08	5.52e-16
 4.04841e+16	1.00e+00	4.70e-08	4.87e-16
 4.07328e+16	1.00e+00	4.42e-08	4.32e-16
 4.09702e+16	1.00e+00	4.18e-08	3.85e-16
 4.11970e+16	1.00e+00	3.96e-08	3.46e-16
 4.14134e+16	1.00e+00	3.76e-08	3.12e-16
 4.16203e+16	1.00e+00	3.57e-08	2.83e-16
 4.18184e+16	1.00e+00	3.41e-08	2.58e-16
 4.20084e+16	1.00e+00	3.26e-08	2.35e-16
 4.21905e+16	1.00e+00	3.12e-08	2.16e-16
 4.23653e+16	1.00e+00	3.00e-08	1.99e-16
 4.25331e+16	1.00e+00	2.88e-08	1.84e-16
 4.26946e+16	1.00e+00	2.77e-08	1.71e-16
 4.28504e+16	1.00e+00	2.67e-08	1.59e-16
 4.30010e+16	1.00e+00	2.58e-08	1.48e-16
 4.31467e+16	1.00e+00	2.50e-08	1.39e-16
 4.32881e+16	1.00e+00	2.42e-08	1.30e-16
 4.34254e+16	1.00e+00	2.34e-08	1.22e-16
 4.35594e+16	1.00e+00	2.27e-08	1.15e-16
 4.36906e+16	1.00e+00	2.20e-08	1.08e-16
 4.38195e+16	1.00e+00	2.14e-08	1.02e-16
 4.39467e+16	1.00e+00	2.08e-08	9.61e-17
 4.40726e+16	1.00e+00	2.02e-08	9.08e-17
 4.41980e+16	1.00e+00	1.96e-08	8.57e-17
 4.43238e+16	1.00e+00	1.90e-08	8.10e-17
 4.44507e+16	1.00e+00	1.85e-08	7.64e-17
 4.45799e+16	1.00e+00	1.79e-08	7.21e-17
 4.47125e+16	1.00e+00	1.74e-08	6.79e-17
 4.48501e+16	1.00e+00	1.69e-08	6.38e-17
 4.49945e+16	1.00e+00	1.63e-08	5.98e-17
 4.51483e+16	1.00e+00	1.58e-08	5.57e-17
 4.53149e+16	1.00e+00	1.52e-08	5.17e-17
 4.54988e+16	1.00e+00	1.46e-08	4.76e-17
 4.57065e+16	1.00e+00	1.39e-08	4.33e-17
 4.59474e+16	1.00e+00	1.31e-08	3.89e-17
 4.62364e+16	1.00e+00	1.23e-08	3.41e-17
 4.65963e+16	1.00e+00	1.13e-08	2.90e-17
 4.70592e+16	1.00e+00	1.02e-08	2.36e-17
 4.76610e+16	1.00e+00	8.93e-09	1.80e-17
 4.84433e+16	1.00e+00	7.51e-09	1.28e-17
 4.94603e+16	1.00e+00	6.02e-09	8.26e-18
 5.07824e+16	1.00e+00	4.54e-09	4.73e-18
 5.23116e+16	1.00e+00	3.33e-09	2.56e-18
 5.38753e+16	1.00e+00	2.45e-09	1.39e-18
 5.54390e+16	1.00e+00	1.81e-09	7.64e-19
 5.70024e+16	1.00e+00	1.35e-09	4.27e-19
 5.88003e+16	1.00e+00	9.61e-10	2.19e-19
 6.09601e+16	1.00e+00	6.51e-10	1.01e-19
 6.32585e+16	1.00e+00	4.37e-10	4.61e-20
 6.56210e+16	1.00e+00	2.94e-10	2.10e-20
 6.80600e+16	1.00e+00	1.98e-10	9.62e-21
 7.05223e+16	1.00e+00	1.34e-10	0.00e+00
 7.30818e+16	1.00e+00	9.04e-11	0.00e+00
 7.57645e+16	1.00e+00	6.07e-11	0.00e+00
 7.85262e+16	1.00e+00	4.07e-11	0.00e+00
 8.13548e+16	1.00e+00	2.74e-11	0.00e+00
 8.41971e+16	1.00e+00	1.86e-11	0.00e+00
 8.70393e+16	1.00e+00	1.28e-11	0.00e+00
 9.00257e+16	1.00e+00	8.70e-12	0.00e+00
 9.31559e+16	1.00e+00	5.88e-12	0.00e+00
 9.59507e+16	1.00e+00	4.22e-12	0.00e+00
 9.79071e+16	1.00e+00	3.39e-12	0.00e+00
 9.90380e+16	1.00e+00	3.00e-12	0.00e+00
 9.96848e+16	1.00e+00	2.80e-12	0.00e+00
 1.00073e+17	1.00e+00	2.68e-12	0.00e+00
 1.00322e+17	1.00e+00	2.61e-12	0.00e+00
 1.00517e+17	1.00e+00	2.55e-12	0.00e+00
 1.00722e+17	1.00e+00	2.49e-12	0.00e+00
 1.00960e+17	1.00e+00	2.42e-12	0.00e+00
 1.01194e+17	1.00e+00	2.36e-12	0.00e+00
 1.01394e+17	1.00e+00	2.31e-12	0.00e+00
 1.01570e+17	1.00e+00	2.26e-12	0.00e+00
 1.01734e+17	1.00e+00	2.22e-12	0.00e+00
 1.01894e+17	1.00e+00	2.18e-12	0.00e+00
 1.02054e+17	1.00e+00	2.14e-12	0.00e+00
 1.02209e+17	1.00e+00	2.10e-12	0.00e+00
 1.02347e+17	1.00e+00	2.07e-12	0.00e+00
 1.02465e+17	1.00e+00	2.04e-12	0.00e+00
 1.02581e+17	1.00e+00	2.02e-12	0.00e+00
 1.02706e+17	1.00e+00	1.99e-12	0.00e+00
 1.02827e+17	1.00e+00	1.96e-12	0.00e+00
 1.02930e+17	1.00e+00	1.94e-12	0.00e+00
 1.03022e+17	1.00e+00	1.92e-12	0.00e+00
 1.03107e+17	1.00e+00	1.90e-12	0.00e+00
 1.03195e+17	1.00e+00	1.88e-12	0.00e+00
 1.03301e+17	1.00e+00	1.86e-12	0.00e+00
 1.03405e+17	1.00e+00	1.83e-12	0.00e+00
 1.03487e+17	1.00e+00	1.82e-12	0.00e+00
 1.03558e+17	1.00e+00	1.80e-12	0.00e+00
 1.03636e+17	1.00e+00	1.79e-12	0.00e+00
 1.03721e+17	1.00e+00	1.77e-12	0.00e+00
 1.03801e+17	1.00e+00	1.75e-12	0.00e+00
 1.03876e+17	1.00e+00	1.74e-12	0.00e+00
 1.03945e+17	1.00e+00	1.72e-12	0.00e+00
 1.04013e+17	1.00e+00	1.71e-12	0.00e+00
 1.04086e+17	1.00e+00	1.70e-12	0.00e+00
 1.04163e+17	1.00e+00	1.68e-12	0.00e+00
 1.04237e+17	1.00e+00	1.67e-12	0.00e+00
 1.04304e+17	1.00e+00	1.65e-12	0.00e+00
 1.04370e+17	1.00e+00	1.64e-12	0.00e+00
 1.04445e+17	1.00e+00	1.62e-12	0.00e+00
 1.04523e+17	1.00e+00	1.61e-12	0.00e+00
 1.04592e+17	1.00e+00	1.60e-12	0.00e+00
 1.04659e+17	1.00e+00	1.58e-12	0.00e+00
 1.04730e+17	1.00e+00	1.57e-12	0.00e+00
 1.04806e+17	1.00e+00	1.56e-12	0.00e+00
 1.04883e+17	1.00e+00	1.54e-12	0.00e+00
 1.04958e+17	1.00e+00	1.53e-12	0.00e+00
 1.05031e+17	1.00e+00	1.51e-12	0.00e+00
 1.05108e+17	1.00e+00	1.50e-12	0.00e+00
 1.05188e+17	1.00e+00	1.48e-12	0.00e+00
 1.05271e+17	1.00e+00	1.47e-12	0.00e+00
 1.05357e+17	1.00e+00	1.45e-12	0.00e+00
 1.05449e+17	1.00e+00	1.44e-12	0.00e+00
 1.05540e+17	1.00e+00	1.42e-12	0.00e+00
 1.05625e+17	1.00e+00	1.41e-12	0.00e+00
 1.05707e+17	1.00e+00	1.39e-12	0.00e+00
 1.05797e+17	1.00e+00	1.38e-12	0.00e+00
 1.05898e+17	1.00e+00	1.36e-12	0.00e+00
 1.06000e+17	1.00e+00	1.34e-12	0.00e+00
 1.06098e+17	1.00e+00	1.33e-12	0.00e+00
 1.06199e+17	1.00e+00	1.31e-12	0.00e+00
 1.06304e+17	1.00e+00	1.29e-12	0.00e+00
 1.06416e+17	1.00e+00	1.27e-12	0.00e+00
 1.06531e+17	1.00e+00	1.25e-12	0.00e+00
 1.06646e+17	1.00e+00	1.24e-12	0.00e+00
 1.06761e+17	1.00e+00	1.22e-12	0.00e+00
 1.06878e+17	1.00e+00	1.20e-12	0.00e+00
 1.07001e+17	1.00e+00	1.18e-12	0.00e+00
 1.07130e+17	1.00e+00	1.16e-12	0.00e+00
 1.07266e+17	1.00e+00	1.14e-12	0.00e+00
 1.07400e+17	1.00e+00	1.12e-12	0.00e+00
 1.07538e+17	1.00e+00	1.10e-12	0.00e+00
 1.07683e+17	1.00e+00	1.08e-12	0.00e+00
 1.07833e+17	1.00e+00	1.06e-12	0.00e+00
 1.07988e+17	1.00e+00	1.04e-12	0.00e+00
 1.08146e+17	1.00e+00	1.02e-12	0.00e+00
 1.08307e+17	1.00e+00	1.00e-12	0.00e+00
 1.08472e+17	1.00e+00	9.79e-13	0.00e+00
 1.08646e+17	1.00e+00	9.58e-13	0.00e+00
 1.08827e+17	1.00e+00	9.35e-13	0.00e+00
 1.09011e+17	1.00e+00	9.14e-13	0.00e+00
 1.09201e+17	1.00e+00	8.92e-13	0.00e+00
 1.09403e+17	1.00e+00	8.68e-13	0.00e+00
 1.09607e+17	1.00e+00	8.46e-13	0.00e+00
 1.09810e+17	1.00e+00	8.24e-13	0.00e+00
 1.10022e+17	1.00e+00	8.02e-13	0.00e+00
 1.10244e+17	1.00e+00	7.79e-13	0.00e+00
 1.10473e+17	1.00e+00	7.57e-13	0.00e+00
 1.10709e+17	1.00e+00	7.34e-13	0.00e+00
 1.10951e+17	1.00e+00	7.11e-13	0.00e+00
 1.11201e+17	1.00e+00	6.88e-13	0.00e+00
 1.11457e+17	1.00e+00	6.66e-13	0.00e+00
 1.11719e+17	1.00e+00	6.43e-13	0.00e+00
 1.11983e+17	1.00e+00	6.21e-13	0.00e+00
 1.12259e+17	1.00e+00	6.00e-13	0.00e+00
 1.12550e+17	1.00e+00	5.77e-13	0.00e+00
 1.12852e+17	1.00e+00	5.55e-13	0.00e+00
 1.13165e+17	1.00e+00	5.33e-13	0.00e+00
 1.13477e+17	1.00e+00	5.12e-13	0.00e+00
 1.13786e+17	1.00e+00	4.92e-13	0.00e+00
 1.14108e+17	1.00e+00	4.72e-13	0.00e+00
 1.14461e+17	1.00e+00	4.51e-13	0.00e+00
 1.14848e+17	1.00e+00	4.28e-13	0.00e+00
 1.15222e+17	1.00e+00	4.09e-13	0.00e+00
 1.15579e+17	1.00e+00	3.90e-13	0.00e+00
 1.15945e+17	1.00e+00	3.73e-13	0.00e+00
 1.16351e+17	1.00e+00	3.53e-13	0.00e+00
 1.16789e+17	1.00e+00	3.35e-13	0.00e+00
 1.17233e+17	1.00e+00	3.17e-13	0.00e+00
 1.17678e+17	1.00e+00	3.00e-13	0.00e+00
 1.18131e+17	1.00e+00	2.84e-13	0.00e+00
 1.18607e+17	1.00e+00	2.68e-13	0.00e+00
 1.19114e+17	1.00e+00	2.53e-13	0.00e+00
 1.19661e+17	1.00e+00	2.37e-13	0.00e+00
 1.20225e+17	1.00e+00	2.22e-13	0.00e+00
 1.20797e+17	1.00e+00	2.08e-13	0.00e+00
 1.21363e+17	1.00e+00	1.95e-13	0.00e+00
 1.21892e+17	1.00e+00	1.84e-13	0.00e+00
 1.22374e+17	1.00e+00	1.75e-13	0.00e+00
 1.22831e+17	1.00e+00	1.66e-13	0.00e+00
 1.23296e+17	1.00e+00	1.58e-13	0.00e+00
 1.23785e+17	1.00e+00	1.50e-13	0.00e+00
 1.24272e+17	1.00e+00	1.42e-13	0.00e+00
 1.24708e+17	1.00e+00	1.35e-13	0.00e+00
 1.25081e+17	1.00e+00	1.30e-13	0.00e+00
 1.25407e+17	1.00e+00	1.25e-13	0.00e+00
 1.25711e+17	1.00e+00	1.21e-13	0.00e+00
 1.26003e+17	1.00e+00	1.17e-13	0.00e+00
 1.26280e+17	1.00e+00	1.13e-13	0.00e+00
 1.26535e+17	1.00e+00	1.10e-13	0.00e+00
 1.26769e+17	1.00e+00	1.07e-13	0.00e+00
 1.26990e+17	1.00e+00	1.04e-13	0.00e+00
 1.27204e+17	1.00e+00	1.02e-13	0.00e+00
 1.27412e+17	1.00e+00	9.90e-14	0.00e+00
 1.27612e+17	1.00e+00	9.67e-14	0.00e+00
 1.27803e+17	1.00e+00	9.46e-14	0.00e+00
 1.27986e+17	1.00e+00	9.26e-14	0.00e+00
 1.28165e+17	1.00e+00	9.07e-14	0.00e+00
 1.28341e+17	1.00e+00	8.89e-14	0.00e+00
 1.28513e+17	1.00e+00	8.72e-14	0.00e+00
 1.28681e+17	1.00e+00	8.55e-14	0.00e+00
 1.28844e+17	1.00e+00	8.39e-14	0.00e+00
 1.29004e+17	1.00e+00	8.24e-14	0.00e+00
 1.29162e+17	1.00e+00	8.09e-14	0.00e+00
 1.29318e+17	1.00e+00	7.95e-14	0.00e+00
 1.29472e+17	1.00e+00	7.81e-14	0.00e+00
 1.29623e+17	1.00e+00	7.68e-14	0.00e+00
 1.29772e+17	1.00e+00	7.56e-14	0.00e+00
 1.29919e+17	1.00e+00	7.43e-14	0.00e+00
 1.30088e+17	1.00e+00	7.29e-14	0.00e+00
 1.30307e+17	1.00e+00	7.11e-14	0.00e+00
 1.30592e+17	1.00e+00	6.88e-14	0.00e+00
 1.30962e+17	1.00e+00	6.60e-14	0.00e+00
 1.31444e+17	1.00e+00	6.26e-14	0.00e+00
 1.32045e+17	1.00e+00	5.86e-14	0.00e+00
 1.32689e+17	1.00e+00	5.47e-14	0.00e+00
 1.33271e+17	1.00e+00	5.15e-14	0.00e+00
 1.33777e+17	1.00e+00	4.89e-14	0.00e+00
 1.34261e+17	1.00e+00	4.65e-14	0.00e+00
 1.34777e+17	1.00e+00	4.40e-14	0.00e+00
 1.35339e+17	1.00e+00	4.15e-14	0.00e+00
 1.35919e+17	1.00e+00	3.92e-14	0.00e+00
 1.36489e+17	1.00e+00	3.70e-14	0.00e+00
 1.37051e+17	1.00e+00	3.49e-14	0.00e+00
 1.37632e+17	1.00e+00	3.29e-14	0.00e+00
 1.38253e+17	1.00e+00	3.09e-14	0.00e+00
 1.38924e+17	1.00e+00	2.89e-14	0.00e+00
 1.39644e+17	1.00e+00	2.69e-14	0.00e+00
 1.40426e+17	1.00e+00	2.49e-14	0.00e+00
 1.41303e+17	1.00e+00	2.28e-14	0.00e+00
 1.42342e+17	1.00e+00	2.06e-14	0.00e+00
 1.43648e+17	1.00e+00	1.81e-14	0.00e+00
 1.45341e+17	1.00e+00	1.53e-14	0.00e+00
 1.47541e+17	1.00e+00	1.23e-14	0.00e+00
 1.50401e+17	1.00e+00	9.38e-15	0.00e+00
 1.54120e+17	1.00e+00	6.60e-15	0.00e+00
 1.58954e+17	1.00e+00	4.22e-15	0.00e+00
 1.64920e+17	1.00e+00	2.47e-15	0.00e+00
 1.71516e+17	1.00e+00	1.39e-15	0.00e+00
 1.77784e+17	1.00e+00	8.12e-16	0.00e+00
 1.83143e+17	1.00e+00	5.16e-16	0.00e+00
 1.88023e+17	1.00e+00	3.40e-16	0.00e+00
 1.93601e+17	1.00e+00	2.11e-16	0.00e+00
 1.98645e+17	1.00e+00	1.37e-16	0.00e+00
 2.01671e+17	1.00e+00	1.05e-16	0.00e+00
 2.03487e+17	1.00e+00	8.83e-17	0.00e+00
 2.04576e+17	1.00e+00	7.94e-17	0.00e+00
 2.05230e+17	1.00e+00	7.44e-17	0.00e+00
 2.05622e+17	1.00e+00	7.15e-17	0.00e+00
 2.05857e+17	1.00e+00	6.97e-17	0.00e+00
 2.06030e+17	1.00e+00	6.85e-17	0.00e+00
 2.06225e+17	1.00e+00	6.71e-17	0.00e+00
 2.06477e+17	1.00e+00	6.53e-17	0.00e+00
 2.06790e+17	1.00e+00	6.32e-17	0.00e+00
 2.07115e+17	1.00e+00	6.10e-17	0.00e+00
 2.07388e+17	1.00e+00	5.92e-17	0.00e+00
 2.07603e+17	1.00e+00	5.78e-17	0.00e+00
 2.07800e+17	1.00e+00	5.65e-17	0.00e+00
 2.08028e+17	1.00e+00	5.51e-17	0.00e+00
 2.08305e+17	1.00e+00	5.34e-17	0.00e+00
 2.08595e+17	1.00e+00	5.16e-17	0.00e+00
 2.08845e+17	1.00e+00	5.01e-17	0.00e+00
 2.09045e+17	1.00e+00	4.89e-17	0.00e+00
 2.09228e+17	1.00e+00	4.78e-17	0.00e+00
 2.09434e+17	1.00e+00	4.66e-17	0.00e+00
 2.09679e+17	1.00e+00	4.52e-17	0.00e+00
 2.09938e+17	1.00e+00	4.37e-17	0.00e+00
 2.10165e+17	1.00e+00	4.24e-17	0.00e+00
 2.10351e+17	1.00e+00	4.13e-17	0.00e+00
 2.10520e+17	1.00e+00	4.03e-17	0.00e+00
 2.10706e+17	1.00e+00	3.93e-17	0.00e+00
 2.10925e+17	1.00e+00	3.82e-17	0.00e+00
 2.11159e+17	1.00e+00	3.69e-17	0.00e+00
 2.11368e+17	1.00e+00	3.57e-17	0.00e+00
 2.11540e+17	1.00e+00	3.47e-17	0.00e+00
 2.11695e+17	1.00e+00	3.39e-17	0.00e+00
 2.11865e+17	1.00e+00	3.30e-17	0.00e+00
 2.12065e+17	1.00e+00	3.20e-17	0.00e+00
 2.12279e+17	1.00e+00	3.09e-17	0.00e+00
 2.12472e+17	1.00e+00	2.99e-17	0.00e+00
 2.12633e+17	1.00e+00	2.90e-17	0.00e+00
 2.12779e+17	1.00e+00	2.83e-17	0.00e+00
 2.12938e+17	1.00e+00	2.75e-17	0.00e+00
 2.13124e+17	1.00e+00	2.66e-17	0.00e+00
 2.13322e+17	1.00e+00	2.56e-17	0.00e+00
 2.13502e+17	1.00e+00	2.47e-17	0.00e+00
 2.13655e+17	1.00e+00	2.39e-17	0.00e+00
 2.13796e+17	1.00e+00	2.32e-17	0.00e+00
 2.13948e+17	1.00e+00	2.25e-17	0.00e+00
 2.14125e+17	1.00e+00	2.17e-17	0.00e+00
 2.14314e+17	1.00e+00	2.09e-17	0.00e+00
 2.14488e+17	1.00e+00	2.01e-17	0.00e+00
 2.14638e+17	1.00e+00	1.94e-17	0.00e+00
 2.14777e+17	1.00e+00	1.88e-17	0.00e+00
 2.14927e+17	1.00e+00	1.82e-17	0.00e+00
 2.15100e+17	1.00e+00	1.75e-17	0.00e+00
 2.15283e+17	1.00e+00	1.67e-17	0.00e+00
 2.15453e+17	1.00e+00	1.60e-17	0.00e+00
 2.15603e+17	1.00e+00	1.55e-17	0.00e+00
 2.15744e+17	1.00e+00	1.49e-17	0.00e+00
 2.15895e+17	1.00e+00	1.44e-17	0.00e+00
 2.16067e+17	1.00e+00	1.38e-17	0.00e+00
 2.16249e+17	1.00e+00	1.32e-17	0.00e+00
 2.16420e+17	1.00e+00	1.26e-17	0.00e+00
 2.16574e+17	1.00e+00	1.21e-17	0.00e+00
 2.16722e+17	1.00e+00	1.16e-17	0.00e+00
 2.16879e+17	1.00e+00	1.12e-17	0.00e+00
 2.17055e+17	1.00e+00	1.07e-17	0.00e+00
 2.17240e+17	1.00e+00	1.02e-17	0.00e+00
 2.17417e+17	1.00e+00	9.69e-18	0.00e+00
 2.17580e+17	1.00e+00	9.26e-18	0.00e+00
 2.17738e+17	1.00e+00	8.88e-18	0.00e+00
