#depth	He	He+	He+2
 1.49634e+10	6.91e-23	9.71e-12	1.00e+00
 4.54887e+10	7.71e-23	1.05e-11	1.00e+00
 7.72350e+10	8.55e-23	1.14e-11	1.00e+00
 1.10251e+11	9.49e-23	1.23e-11	1.00e+00
 1.44588e+11	1.06e-22	1.33e-11	1.00e+00
 1.80298e+11	1.17e-22	1.44e-11	1.00e+00
 2.17437e+11	1.31e-22	1.56e-11	1.00e+00
 2.56061e+11	1.45e-22	1.69e-11	1.00e+00
 2.96231e+11	1.62e-22	1.83e-11	1.00e+00
 3.38007e+11	1.81e-22	1.99e-11	1.00e+00
 3.81454e+11	2.02e-22	2.15e-11	1.00e+00
 4.26639e+11	2.26e-22	2.33e-11	1.00e+00
 4.73631e+11	2.53e-22	2.53e-11	1.00e+00
 5.22503e+11	2.84e-22	2.74e-11	1.00e+00
 5.73330e+11	3.19e-22	2.97e-11	1.00e+00
 6.23571e+11	3.57e-22	3.21e-11	1.00e+00
 6.75823e+11	3.99e-22	3.47e-11	1.00e+00
 7.32783e+11	4.50e-22	3.76e-11	1.00e+00
 7.90238e+11	5.06e-22	4.07e-11	1.00e+00
 8.49993e+11	5.69e-22	4.40e-11	1.00e+00
 9.13919e+11	6.44e-22	4.78e-11	1.00e+00
 9.80403e+11	7.29e-22	5.19e-11	1.00e+00
 1.04955e+12	8.26e-22	5.63e-11	1.00e+00
 1.12145e+12	9.38e-22	6.12e-11	1.00e+00
 1.19624e+12	1.07e-21	6.64e-11	1.00e+00
 1.27402e+12	1.21e-21	7.22e-11	1.00e+00
 1.35490e+12	1.38e-21	7.85e-11	1.00e+00
 1.43903e+12	1.58e-21	8.53e-11	1.00e+00
 1.52651e+12	1.80e-21	9.28e-11	1.00e+00
 1.60850e+12	2.03e-21	1.00e-10	1.00e+00
 1.68136e+12	2.25e-21	1.07e-10	1.00e+00
 1.76294e+12	2.52e-21	1.15e-10	1.00e+00
 1.86019e+12	2.88e-21	1.25e-10	1.00e+00
 1.95771e+12	3.27e-21	1.35e-10	1.00e+00
 2.04834e+12	3.67e-21	1.45e-10	1.00e+00
 2.14941e+12	4.14e-21	1.57e-10	1.00e+00
 2.26531e+12	4.76e-21	1.71e-10	1.00e+00
 2.37944e+12	5.43e-21	1.86e-10	1.00e+00
 2.49813e+12	6.19e-21	2.02e-10	1.00e+00
 2.62799e+12	7.12e-21	2.21e-10	1.00e+00
 2.75977e+12	8.15e-21	2.40e-10	1.00e+00
 2.89682e+12	9.34e-21	2.62e-10	1.00e+00
 3.04262e+12	1.07e-20	2.86e-10	1.00e+00
 3.19425e+12	1.24e-20	3.13e-10	1.00e+00
 3.35195e+12	1.42e-20	3.42e-10	1.00e+00
 3.51595e+12	1.63e-20	3.75e-10	1.00e+00
 3.68652e+12	1.88e-20	4.10e-10	1.00e+00
 3.86390e+12	2.16e-20	4.49e-10	1.00e+00
 4.04839e+12	2.48e-20	4.92e-10	1.00e+00
 4.24025e+12	2.86e-20	5.39e-10	1.00e+00
 4.43979e+12	3.28e-20	5.91e-10	1.00e+00
 4.64730e+12	3.79e-20	6.48e-10	1.00e+00
 4.86312e+12	4.37e-20	7.11e-10	1.00e+00
 5.08248e+12	5.02e-20	7.79e-10	1.00e+00
 5.31062e+12	5.76e-20	8.53e-10	1.00e+00
 5.55297e+12	6.63e-20	9.36e-10	1.00e+00
 5.80502e+12	7.63e-20	1.03e-09	1.00e+00
 6.05750e+12	8.74e-20	1.13e-09	1.00e+00
 6.30515e+12	9.92e-20	1.23e-09	1.00e+00
 6.57235e+12	1.13e-19	1.34e-09	1.00e+00
 6.86517e+12	1.30e-19	1.47e-09	1.00e+00
 7.16971e+12	1.50e-19	1.62e-09	1.00e+00
 7.48642e+12	1.72e-19	1.78e-09	1.00e+00
 7.81581e+12	1.98e-19	1.96e-09	1.00e+00
 8.15836e+12	2.29e-19	2.16e-09	1.00e+00
 8.51463e+12	2.64e-19	2.37e-09	1.00e+00
 8.83991e+12	3.00e-19	2.58e-09	1.00e+00
 9.11550e+12	3.34e-19	2.77e-09	1.00e+00
 9.41893e+12	3.74e-19	2.98e-09	1.00e+00
 9.79721e+12	4.30e-19	3.26e-09	1.00e+00
 1.01870e+13	4.95e-19	3.56e-09	1.00e+00
 1.05350e+13	5.59e-19	3.84e-09	1.00e+00
 1.09143e+13	6.37e-19	4.16e-09	1.00e+00
 1.13662e+13	7.43e-19	4.57e-09	1.00e+00
 1.18152e+13	8.62e-19	4.99e-09	1.00e+00
 1.22275e+13	9.85e-19	5.40e-09	1.00e+00
 1.26893e+13	1.14e-18	5.88e-09	1.00e+00
 1.32242e+13	1.34e-18	6.46e-09	1.00e+00
 1.37528e+13	1.58e-18	7.06e-09	1.00e+00
 1.43025e+13	1.85e-18	7.71e-09	1.00e+00
 1.49046e+13	2.19e-18	8.47e-09	1.00e+00
 1.55179e+13	2.59e-18	9.27e-09	1.00e+00
 1.61557e+13	3.07e-18	1.01e-08	1.00e+00
 1.68318e+13	3.64e-18	1.11e-08	1.00e+00
 1.75197e+13	4.31e-18	1.21e-08	1.00e+00
 1.82350e+13	5.09e-18	1.33e-08	1.00e+00
 1.89943e+13	6.05e-18	1.45e-08	1.00e+00
 1.97840e+13	7.18e-18	1.59e-08	1.00e+00
 2.06053e+13	8.52e-18	1.73e-08	1.00e+00
 2.14595e+13	1.01e-17	1.89e-08	1.00e+00
 2.23478e+13	1.20e-17	2.06e-08	1.00e+00
 2.32716e+13	1.42e-17	2.25e-08	1.00e+00
 2.42324e+13	1.68e-17	2.45e-08	1.00e+00
 2.51529e+13	1.96e-17	2.65e-08	1.00e+00
 2.60072e+13	2.25e-17	2.85e-08	1.00e+00
 2.69743e+13	2.62e-17	3.07e-08	1.00e+00
 2.80831e+13	3.09e-17	3.35e-08	1.00e+00
 2.91905e+13	3.63e-17	3.63e-08	1.00e+00
 3.03422e+13	4.26e-17	3.93e-08	1.00e+00
 3.15859e+13	5.02e-17	4.27e-08	1.00e+00
 3.28792e+13	5.92e-17	4.65e-08	1.00e+00
 3.42243e+13	6.98e-17	5.05e-08	1.00e+00
 3.56232e+13	8.23e-17	5.48e-08	1.00e+00
 3.70781e+13	9.69e-17	5.95e-08	1.00e+00
 3.85911e+13	1.14e-16	6.46e-08	1.00e+00
 4.01647e+13	1.34e-16	7.01e-08	1.00e+00
 4.16522e+13	1.56e-16	7.56e-08	1.00e+00
 4.29934e+13	1.77e-16	8.06e-08	1.00e+00
 4.45019e+13	2.04e-16	8.65e-08	1.00e+00
 4.62766e+13	2.39e-16	9.37e-08	1.00e+00
 4.80379e+13	2.77e-16	1.01e-07	1.00e+00
 4.96913e+13	3.18e-16	1.08e-07	1.00e+00
 5.15305e+13	3.68e-16	1.16e-07	1.00e+00
 5.36216e+13	4.32e-16	1.26e-07	1.00e+00
 5.56920e+13	5.03e-16	1.36e-07	1.00e+00
 5.78452e+13	5.86e-16	1.47e-07	1.00e+00
 6.01890e+13	6.87e-16	1.59e-07	1.00e+00
 6.25707e+13	8.02e-16	1.72e-07	1.00e+00
 6.50477e+13	9.37e-16	1.86e-07	1.00e+00
 6.76796e+13	1.10e-15	2.01e-07	1.00e+00
 7.04167e+13	1.28e-15	2.18e-07	1.00e+00
 7.32633e+13	1.50e-15	2.36e-07	1.00e+00
 7.62237e+13	1.76e-15	2.55e-07	1.00e+00
 7.93026e+13	2.06e-15	2.76e-07	1.00e+00
 8.23515e+13	2.39e-15	2.97e-07	1.00e+00
 8.55223e+13	2.78e-15	3.21e-07	1.00e+00
 8.89732e+13	3.25e-15	3.47e-07	1.00e+00
 9.24642e+13	3.78e-15	3.74e-07	1.00e+00
 9.60950e+13	4.40e-15	4.04e-07	1.00e+00
 9.99687e+13	5.14e-15	4.37e-07	1.00e+00
 1.03997e+14	6.01e-15	4.72e-07	1.00e+00
 1.08187e+14	7.03e-15	5.11e-07	1.00e+00
 1.12545e+14	8.21e-15	5.52e-07	1.00e+00
 1.16762e+14	9.49e-15	5.94e-07	1.00e+00
 1.20735e+14	1.08e-14	6.35e-07	1.00e+00
 1.25180e+14	1.25e-14	6.82e-07	1.00e+00
 1.30218e+14	1.46e-14	7.38e-07	1.00e+00
 1.35278e+14	1.70e-14	7.96e-07	1.00e+00
 1.40542e+14	1.97e-14	8.58e-07	1.00e+00
 1.45700e+14	2.28e-14	9.23e-07	1.00e+00
 1.50287e+14	2.57e-14	9.81e-07	1.00e+00
 1.55347e+14	2.93e-14	1.05e-06	1.00e+00
 1.61386e+14	3.41e-14	1.13e-06	1.00e+00
 1.67384e+14	3.94e-14	1.22e-06	1.00e+00
 1.72853e+14	4.48e-14	1.30e-06	1.00e+00
 1.78949e+14	5.14e-14	1.39e-06	1.00e+00
 1.86057e+14	6.01e-14	1.51e-06	1.00e+00
 1.93030e+14	6.96e-14	1.62e-06	1.00e+00
 1.99568e+14	7.96e-14	1.74e-06	1.00e+00
 2.06867e+14	9.20e-14	1.87e-06	1.00e+00
 2.15172e+14	1.08e-13	2.02e-06	1.00e+00
 2.23413e+14	1.26e-13	2.19e-06	1.00e+00
 2.31985e+14	1.46e-13	2.36e-06	1.00e+00
 2.41294e+14	1.72e-13	2.56e-06	1.00e+00
 2.50976e+14	2.02e-13	2.78e-06	1.00e+00
 2.61045e+14	2.37e-13	3.02e-06	1.00e+00
 2.71517e+14	2.78e-13	3.28e-06	1.00e+00
 2.82407e+14	3.28e-13	3.56e-06	1.00e+00
 2.93734e+14	3.85e-13	3.87e-06	1.00e+00
 3.04807e+14	4.50e-13	4.19e-06	1.00e+00
 3.15370e+14	5.18e-13	4.50e-06	1.00e+00
 3.27060e+14	6.04e-13	4.87e-06	1.00e+00
 3.40173e+14	7.13e-13	5.30e-06	1.00e+00
 3.52135e+14	8.26e-13	5.71e-06	1.00e+00
 3.62312e+14	9.32e-13	6.08e-06	1.00e+00
 3.73581e+14	1.06e-12	6.49e-06	1.00e+00
 3.87564e+14	1.24e-12	7.04e-06	1.00e+00
 4.02117e+14	1.46e-12	7.64e-06	1.00e+00
 4.15486e+14	1.67e-12	8.21e-06	1.00e+00
 4.30277e+14	1.95e-12	8.87e-06	1.00e+00
 4.47425e+14	2.31e-12	9.67e-06	1.00e+00
 4.63425e+14	2.68e-12	1.05e-05	1.00e+00
 4.77337e+14	3.05e-12	1.12e-05	1.00e+00
 4.92744e+14	3.50e-12	1.20e-05	1.00e+00
 5.11496e+14	4.11e-12	1.30e-05	1.00e+00
 5.30381e+14	4.81e-12	1.41e-05	1.00e+00
 5.47314e+14	5.50e-12	1.52e-05	1.00e+00
 5.65929e+14	6.36e-12	1.63e-05	1.00e+00
 5.87994e+14	7.49e-12	1.78e-05	1.00e+00
 6.09728e+14	8.76e-12	1.93e-05	1.00e+00
 6.29547e+14	1.00e-11	2.07e-05	1.00e+00
 6.51694e+14	1.16e-11	2.24e-05	1.00e+00
 6.77511e+14	1.37e-11	2.44e-05	1.00e+00
 7.02856e+14	1.61e-11	2.65e-05	1.00e+00
 7.26701e+14	1.85e-11	2.86e-05	1.00e+00
 7.53283e+14	2.16e-11	3.09e-05	1.00e+00
 7.83445e+14	2.55e-11	3.37e-05	1.00e+00
 8.13484e+14	2.99e-11	3.67e-05	1.00e+00
 8.44725e+14	3.50e-11	3.99e-05	1.00e+00
 8.78544e+14	4.13e-11	4.35e-05	1.00e+00
 9.13716e+14	4.86e-11	4.75e-05	1.00e+00
 9.50294e+14	5.73e-11	5.18e-05	1.00e+00
 9.88336e+14	6.75e-11	5.66e-05	1.00e+00
 1.02790e+15	7.95e-11	6.17e-05	1.00e+00
 1.06905e+15	9.35e-11	6.73e-05	1.00e+00
 1.10814e+15	1.09e-10	7.29e-05	1.00e+00
 1.14143e+15	1.23e-10	7.77e-05	1.00e+00
 1.17632e+15	1.39e-10	8.30e-05	1.00e+00
 1.21997e+15	1.61e-10	9.00e-05	1.00e+00
 1.26477e+15	1.87e-10	9.74e-05	1.00e+00
 1.30444e+15	2.12e-10	1.04e-04	1.00e+00
 1.34773e+15	2.42e-10	1.12e-04	1.00e+00
 1.39965e+15	2.82e-10	1.21e-04	1.00e+00
 1.45072e+15	3.25e-10	1.31e-04	1.00e+00
 1.49603e+15	3.68e-10	1.40e-04	1.00e+00
 1.54595e+15	4.20e-10	1.51e-04	1.00e+00
 1.60566e+15	4.90e-10	1.63e-04	1.00e+00
 1.66500e+15	5.67e-10	1.77e-04	1.00e+00
 1.71896e+15	6.43e-10	1.89e-04	1.00e+00
 1.77903e+15	7.40e-10	2.04e-04	1.00e+00
 1.84926e+15	8.63e-10	2.21e-04	1.00e+00
 1.91830e+15	1.00e-09	2.39e-04	1.00e+00
 1.98294e+15	1.14e-09	2.56e-04	1.00e+00
 2.05512e+15	1.32e-09	2.77e-04	1.00e+00
 2.13736e+15	1.54e-09	3.01e-04	1.00e+00
 2.21891e+15	1.79e-09	3.26e-04	1.00e+00
 2.30372e+15	2.07e-09	3.52e-04	1.00e+00
 2.39590e+15	2.42e-09	3.83e-04	1.00e+00
 2.49177e+15	2.83e-09	4.15e-04	1.00e+00
 2.59147e+15	3.31e-09	4.51e-04	1.00e+00
 2.69516e+15	3.86e-09	4.89e-04	1.00e+00
 2.80299e+15	4.51e-09	5.31e-04	9.99e-01
 2.91514e+15	5.27e-09	5.75e-04	9.99e-01
 3.01473e+15	6.02e-09	6.17e-04	9.99e-01
 3.09496e+15	6.68e-09	6.51e-04	9.99e-01
 3.18197e+15	7.45e-09	6.89e-04	9.99e-01
 3.29508e+15	8.57e-09	7.41e-04	9.99e-01
 3.41643e+15	9.88e-09	7.98e-04	9.99e-01
 3.52370e+15	1.12e-08	8.51e-04	9.99e-01
 3.63833e+15	1.27e-08	9.08e-04	9.99e-01
 3.77720e+15	1.47e-08	9.81e-04	9.99e-01
 3.91449e+15	1.69e-08	1.05e-03	9.99e-01
 4.03580e+15	1.91e-08	1.12e-03	9.99e-01
 4.16942e+15	2.17e-08	1.20e-03	9.99e-01
 4.32986e+15	2.53e-08	1.30e-03	9.99e-01
 4.48855e+15	2.91e-08	1.39e-03	9.99e-01
 4.62998e+15	3.29e-08	1.48e-03	9.99e-01
 4.78559e+15	3.76e-08	1.59e-03	9.98e-01
 4.97102e+15	4.37e-08	1.72e-03	9.98e-01
 5.15620e+15	5.06e-08	1.85e-03	9.98e-01
 5.32674e+15	5.76e-08	1.97e-03	9.98e-01
 5.51729e+15	6.64e-08	2.12e-03	9.98e-01
 5.73009e+15	7.72e-08	2.29e-03	9.98e-01
 5.93445e+15	8.89e-08	2.46e-03	9.98e-01
 6.13075e+15	1.01e-07	2.63e-03	9.97e-01
 6.35236e+15	1.17e-07	2.83e-03	9.97e-01
 6.59231e+15	1.36e-07	3.05e-03	9.97e-01
 6.81103e+15	1.55e-07	3.26e-03	9.97e-01
 7.04870e+15	1.78e-07	3.51e-03	9.96e-01
 7.28878e+15	2.04e-07	3.76e-03	9.96e-01
 7.48326e+15	2.27e-07	3.97e-03	9.96e-01
 7.68733e+15	2.53e-07	4.20e-03	9.96e-01
 7.95262e+15	2.92e-07	4.53e-03	9.95e-01
 8.22772e+15	3.36e-07	4.86e-03	9.95e-01
 8.46252e+15	3.77e-07	5.16e-03	9.95e-01
 8.71473e+15	4.27e-07	5.52e-03	9.94e-01
 8.99452e+15	4.87e-07	5.92e-03	9.94e-01
 9.25442e+15	5.49e-07	6.31e-03	9.94e-01
 9.49942e+15	6.13e-07	6.71e-03	9.93e-01
 9.78079e+15	6.99e-07	7.21e-03	9.93e-01
 1.00893e+16	8.00e-07	7.76e-03	9.92e-01
 1.03716e+16	9.03e-07	8.31e-03	9.92e-01
 1.06279e+16	1.01e-06	8.85e-03	9.91e-01
 1.09120e+16	1.14e-06	9.52e-03	9.90e-01
 1.12225e+16	1.30e-06	1.03e-02	9.90e-01
 1.15019e+16	1.46e-06	1.10e-02	9.89e-01
 1.17598e+16	1.63e-06	1.18e-02	9.88e-01
 1.20551e+16	1.87e-06	1.28e-02	9.87e-01
 1.23732e+16	2.14e-06	1.40e-02	9.86e-01
 1.26540e+16	2.42e-06	1.51e-02	9.85e-01
 1.29111e+16	2.72e-06	1.63e-02	9.84e-01
 1.32043e+16	3.12e-06	1.79e-02	9.82e-01
 1.35178e+16	3.63e-06	1.98e-02	9.80e-01
 1.37882e+16	4.14e-06	2.17e-02	9.78e-01
 1.40293e+16	4.70e-06	2.37e-02	9.76e-01
 1.42556e+16	5.30e-06	2.59e-02	9.74e-01
 1.44684e+16	5.96e-06	2.82e-02	9.72e-01
 1.47093e+16	6.92e-06	3.14e-02	9.69e-01
 1.49729e+16	8.14e-06	3.55e-02	9.65e-01
 1.52079e+16	9.54e-06	4.00e-02	9.60e-01
 1.54122e+16	1.10e-05	4.47e-02	9.55e-01
 1.56054e+16	1.28e-05	5.02e-02	9.50e-01
 1.58269e+16	1.55e-05	5.81e-02	9.42e-01
 1.60504e+16	1.89e-05	6.82e-02	9.32e-01
 1.62227e+16	2.25e-05	7.85e-02	9.21e-01
 1.63639e+16	2.62e-05	8.90e-02	9.11e-01
 1.65180e+16	3.15e-05	1.03e-01	8.97e-01
 1.66807e+16	3.89e-05	1.23e-01	8.77e-01
 1.68137e+16	4.67e-05	1.44e-01	8.56e-01
 1.69211e+16	5.58e-05	1.66e-01	8.34e-01
 1.70035e+16	6.37e-05	1.86e-01	8.14e-01
 1.70682e+16	7.13e-05	2.05e-01	7.94e-01
 1.71420e+16	8.18e-05	2.31e-01	7.69e-01
 1.72236e+16	9.61e-05	2.63e-01	7.37e-01
 1.72935e+16	1.11e-04	2.96e-01	7.03e-01
 1.73524e+16	1.25e-04	3.29e-01	6.71e-01
 1.74185e+16	1.44e-04	3.71e-01	6.29e-01
 1.74874e+16	1.66e-04	4.19e-01	5.81e-01
 1.75473e+16	1.89e-04	4.66e-01	5.34e-01
 1.76125e+16	2.16e-04	5.22e-01	4.78e-01
 1.76836e+16	2.48e-04	5.84e-01	4.16e-01
 1.77489e+16	2.79e-04	6.42e-01	3.58e-01
 1.78201e+16	3.14e-04	7.03e-01	2.97e-01
 1.79128e+16	3.57e-04	7.73e-01	2.27e-01
 1.80125e+16	3.98e-04	8.33e-01	1.66e-01
 1.81216e+16	4.36e-04	8.83e-01	1.16e-01
 1.82635e+16	4.76e-04	9.26e-01	7.38e-02
 1.84479e+16	5.16e-04	9.57e-01	4.21e-02
 1.86876e+16	5.55e-04	9.78e-01	2.17e-02
 1.89992e+16	5.98e-04	9.89e-01	1.02e-02
 1.94043e+16	6.52e-04	9.95e-01	4.39e-03
 1.98261e+16	7.10e-04	9.97e-01	2.09e-03
 2.01669e+16	7.64e-04	9.98e-01	1.24e-03
 2.04495e+16	8.14e-04	9.98e-01	8.35e-04
 2.07589e+16	8.76e-04	9.99e-01	5.49e-04
 2.10952e+16	9.56e-04	9.99e-01	3.64e-04
 2.13831e+16	1.03e-03	9.99e-01	2.63e-04
 2.16182e+16	1.11e-03	9.99e-01	2.04e-04
 2.18677e+16	1.20e-03	9.99e-01	1.56e-04
 2.20797e+16	1.29e-03	9.99e-01	1.28e-04
 2.21908e+16	1.34e-03	9.99e-01	1.15e-04
 2.22832e+16	1.39e-03	9.99e-01	1.05e-04
 2.24033e+16	1.46e-03	9.98e-01	9.32e-05
 2.25373e+16	1.54e-03	9.98e-01	8.21e-05
 2.26593e+16	1.62e-03	9.98e-01	7.35e-05
 2.27649e+16	1.70e-03	9.98e-01	6.68e-05
 2.28552e+16	1.77e-03	9.98e-01	6.17e-05
 2.29338e+16	1.84e-03	9.98e-01	5.75e-05
 2.30213e+16	1.92e-03	9.98e-01	5.30e-05
 2.31153e+16	2.01e-03	9.98e-01	4.88e-05
 2.31960e+16	2.10e-03	9.98e-01	4.56e-05
 2.32666e+16	2.19e-03	9.98e-01	4.29e-05
 2.33453e+16	2.29e-03	9.98e-01	4.00e-05
 2.34296e+16	2.41e-03	9.98e-01	3.73e-05
 2.35018e+16	2.52e-03	9.97e-01	3.51e-05
 2.35640e+16	2.63e-03	9.97e-01	3.33e-05
 2.36329e+16	2.75e-03	9.97e-01	3.14e-05
 2.37074e+16	2.90e-03	9.97e-01	2.95e-05
 2.37724e+16	3.04e-03	9.97e-01	2.80e-05
 2.38286e+16	3.18e-03	9.97e-01	2.68e-05
 2.38903e+16	3.34e-03	9.97e-01	2.54e-05
 2.39568e+16	3.53e-03	9.96e-01	2.41e-05
 2.40146e+16	3.71e-03	9.96e-01	2.30e-05
 2.40653e+16	3.88e-03	9.96e-01	2.21e-05
 2.41220e+16	4.09e-03	9.96e-01	2.11e-05
 2.41830e+16	4.34e-03	9.96e-01	2.01e-05
 2.42358e+16	4.58e-03	9.95e-01	1.93e-05
 2.42817e+16	4.81e-03	9.95e-01	1.86e-05
 2.43329e+16	5.10e-03	9.95e-01	1.78e-05
 2.43889e+16	5.44e-03	9.95e-01	1.70e-05
 2.44386e+16	5.78e-03	9.94e-01	1.64e-05
 2.44823e+16	6.11e-03	9.94e-01	1.58e-05
 2.45309e+16	6.53e-03	9.93e-01	1.52e-05
 2.45843e+16	7.05e-03	9.93e-01	1.46e-05
 2.46327e+16	7.58e-03	9.92e-01	1.40e-05
 2.46767e+16	8.12e-03	9.92e-01	1.36e-05
 2.47263e+16	8.83e-03	9.91e-01	1.30e-05
 2.47800e+16	9.73e-03	9.90e-01	1.25e-05
 2.48265e+16	1.07e-02	9.89e-01	1.21e-05
 2.48656e+16	1.16e-02	9.88e-01	1.17e-05
 2.49078e+16	1.27e-02	9.87e-01	1.13e-05
 2.49511e+16	1.41e-02	9.86e-01	1.09e-05
 2.49849e+16	1.54e-02	9.85e-01	1.06e-05
 2.50122e+16	1.66e-02	9.83e-01	1.04e-05
 2.50372e+16	1.79e-02	9.82e-01	1.02e-05
 2.50648e+16	1.95e-02	9.81e-01	1.00e-05
 2.50956e+16	2.15e-02	9.78e-01	9.78e-06
 2.51235e+16	2.38e-02	9.76e-01	9.57e-06
 2.51470e+16	2.59e-02	9.74e-01	9.43e-06
 2.51718e+16	2.86e-02	9.71e-01	9.26e-06
 2.51985e+16	3.20e-02	9.68e-01	9.11e-06
 2.52213e+16	3.55e-02	9.65e-01	8.98e-06
 2.52402e+16	3.88e-02	9.61e-01	8.90e-06
 2.52607e+16	4.30e-02	9.57e-01	8.80e-06
 2.52832e+16	4.85e-02	9.52e-01	8.72e-06
 2.53032e+16	5.43e-02	9.46e-01	8.67e-06
 2.53200e+16	6.01e-02	9.40e-01	8.65e-06
 2.53379e+16	6.74e-02	9.33e-01	8.62e-06
 2.53567e+16	7.60e-02	9.24e-01	8.65e-06
 2.53723e+16	8.49e-02	9.15e-01	8.66e-06
 2.53856e+16	9.32e-02	9.07e-01	8.73e-06
 2.53984e+16	1.02e-01	8.98e-01	8.79e-06
 2.54119e+16	1.14e-01	8.86e-01	8.87e-06
 2.54249e+16	1.26e-01	8.74e-01	8.98e-06
 2.54363e+16	1.38e-01	8.62e-01	9.07e-06
 2.54463e+16	1.50e-01	8.50e-01	9.20e-06
 2.54553e+16	1.61e-01	8.39e-01	9.30e-06
 2.54638e+16	1.73e-01	8.27e-01	9.41e-06
 2.54706e+16	1.83e-01	8.17e-01	9.52e-06
 2.54752e+16	1.91e-01	8.09e-01	9.59e-06
 2.54794e+16	1.98e-01	8.02e-01	9.65e-06
 2.54842e+16	2.06e-01	7.94e-01	9.71e-06
 2.54893e+16	2.16e-01	7.84e-01	9.79e-06
 2.54943e+16	2.26e-01	7.74e-01	9.87e-06
 2.54990e+16	2.35e-01	7.65e-01	9.97e-06
 2.55037e+16	2.45e-01	7.55e-01	1.00e-05
 2.55083e+16	2.55e-01	7.45e-01	1.01e-05
 2.55130e+16	2.66e-01	7.34e-01	1.02e-05
 2.55175e+16	2.76e-01	7.24e-01	1.03e-05
 2.55220e+16	2.88e-01	7.12e-01	1.04e-05
 2.55265e+16	3.00e-01	7.00e-01	1.04e-05
 2.55309e+16	3.11e-01	6.89e-01	1.05e-05
 2.55352e+16	3.23e-01	6.77e-01	1.06e-05
 2.55395e+16	3.36e-01	6.64e-01	1.07e-05
 2.55438e+16	3.48e-01	6.52e-01	1.08e-05
 2.55480e+16	3.61e-01	6.39e-01	1.08e-05
 2.55521e+16	3.74e-01	6.26e-01	1.09e-05
 2.55562e+16	3.87e-01	6.13e-01	1.10e-05
 2.55603e+16	4.01e-01	5.99e-01	1.10e-05
 2.55643e+16	4.15e-01	5.85e-01	1.11e-05
 2.55682e+16	4.28e-01	5.72e-01	1.11e-05
 2.55721e+16	4.42e-01	5.58e-01	1.12e-05
 2.55760e+16	4.56e-01	5.44e-01	1.12e-05
 2.55799e+16	4.71e-01	5.29e-01	1.12e-05
 2.55836e+16	4.85e-01	5.15e-01	1.13e-05
 2.55874e+16	4.99e-01	5.01e-01	1.13e-05
 2.55911e+16	5.13e-01	4.87e-01	1.13e-05
 2.55947e+16	5.27e-01	4.73e-01	1.13e-05
 2.55983e+16	5.41e-01	4.59e-01	1.13e-05
 2.56017e+16	5.55e-01	4.45e-01	1.13e-05
 2.56051e+16	5.68e-01	4.32e-01	1.13e-05
 2.56084e+16	5.81e-01	4.19e-01	1.13e-05
 2.56117e+16	5.94e-01	4.06e-01	1.13e-05
 2.56148e+16	6.07e-01	3.93e-01	1.13e-05
 2.56179e+16	6.19e-01	3.81e-01	1.12e-05
 2.56210e+16	6.31e-01	3.69e-01	1.12e-05
 2.56241e+16	6.43e-01	3.57e-01	1.11e-05
 2.56270e+16	6.55e-01	3.45e-01	1.11e-05
 2.56300e+16	6.66e-01	3.34e-01	1.10e-05
 2.56329e+16	6.77e-01	3.23e-01	1.10e-05
 2.56357e+16	6.88e-01	3.12e-01	1.09e-05
 2.56385e+16	6.98e-01	3.02e-01	1.08e-05
 2.56412e+16	7.08e-01	2.92e-01	1.08e-05
 2.56439e+16	7.18e-01	2.82e-01	1.07e-05
 2.56465e+16	7.28e-01	2.72e-01	1.06e-05
 2.56491e+16	7.37e-01	2.63e-01	1.05e-05
 2.56517e+16	7.46e-01	2.54e-01	1.05e-05
 2.56542e+16	7.54e-01	2.46e-01	1.04e-05
 2.56567e+16	7.63e-01	2.37e-01	1.03e-05
 2.56591e+16	7.71e-01	2.29e-01	1.02e-05
 2.56616e+16	7.79e-01	2.21e-01	1.01e-05
 2.56639e+16	7.86e-01	2.14e-01	1.00e-05
 2.56663e+16	7.94e-01	2.06e-01	9.91e-06
 2.56684e+16	8.00e-01	2.00e-01	9.81e-06
 2.56700e+16	8.05e-01	1.95e-01	9.72e-06
 2.56715e+16	8.10e-01	1.90e-01	9.65e-06
 2.56732e+16	8.15e-01	1.85e-01	9.56e-06
 2.56748e+16	8.19e-01	1.81e-01	9.48e-06
 2.56763e+16	8.24e-01	1.76e-01	9.40e-06
 2.56778e+16	8.28e-01	1.72e-01	9.31e-06
 2.56793e+16	8.32e-01	1.68e-01	9.23e-06
 2.56807e+16	8.36e-01	1.64e-01	9.16e-06
 2.56821e+16	8.40e-01	1.60e-01	9.08e-06
 2.56836e+16	8.43e-01	1.57e-01	9.00e-06
 2.56850e+16	8.47e-01	1.53e-01	8.92e-06
 2.56863e+16	8.50e-01	1.50e-01	8.84e-06
 2.56877e+16	8.54e-01	1.46e-01	8.76e-06
 2.56891e+16	8.57e-01	1.43e-01	8.68e-06
 2.56905e+16	8.61e-01	1.39e-01	8.59e-06
 2.56919e+16	8.64e-01	1.36e-01	8.51e-06
 2.56934e+16	8.67e-01	1.33e-01	8.43e-06
 2.56949e+16	8.71e-01	1.29e-01	8.34e-06
 2.56965e+16	8.75e-01	1.25e-01	8.24e-06
 2.56983e+16	8.79e-01	1.21e-01	8.13e-06
 2.57001e+16	8.83e-01	1.17e-01	8.01e-06
 2.57021e+16	8.87e-01	1.13e-01	7.88e-06
 2.57041e+16	8.91e-01	1.09e-01	7.75e-06
 2.57060e+16	8.95e-01	1.05e-01	7.62e-06
 2.57079e+16	8.98e-01	1.02e-01	7.49e-06
 2.57096e+16	9.02e-01	9.84e-02	7.35e-06
 2.57114e+16	9.05e-01	9.52e-02	7.22e-06
 2.57130e+16	9.08e-01	9.21e-02	7.09e-06
 2.57146e+16	9.11e-01	8.93e-02	6.96e-06
 2.57161e+16	9.13e-01	8.66e-02	6.83e-06
 2.57175e+16	9.16e-01	8.42e-02	6.71e-06
 2.57187e+16	9.18e-01	8.22e-02	6.61e-06
 2.57199e+16	9.20e-01	8.02e-02	6.50e-06
 2.57209e+16	9.21e-01	7.85e-02	6.41e-06
 2.57218e+16	9.23e-01	7.70e-02	6.32e-06
 2.57227e+16	9.24e-01	7.56e-02	6.24e-06
 2.57234e+16	9.26e-01	7.42e-02	6.15e-06
 2.57242e+16	9.27e-01	7.31e-02	6.08e-06
 2.57249e+16	9.28e-01	7.18e-02	6.01e-06
 2.57258e+16	9.29e-01	7.06e-02	5.93e-06
 2.57265e+16	9.31e-01	6.94e-02	5.86e-06
 2.57272e+16	9.32e-01	6.83e-02	5.78e-06
 2.57280e+16	9.33e-01	6.71e-02	5.70e-06
 2.57288e+16	9.34e-01	6.58e-02	5.62e-06
 2.57295e+16	9.35e-01	6.47e-02	5.54e-06
 2.57302e+16	9.36e-01	6.37e-02	5.47e-06
 2.57308e+16	9.37e-01	6.28e-02	5.41e-06
 2.57314e+16	9.38e-01	6.19e-02	5.34e-06
 2.57319e+16	9.39e-01	6.11e-02	5.28e-06
 2.57324e+16	9.40e-01	6.03e-02	5.22e-06
 2.57332e+16	9.41e-01	5.92e-02	5.14e-06
 2.57339e+16	9.42e-01	5.80e-02	5.06e-06
 2.57347e+16	9.43e-01	5.70e-02	4.97e-06
 2.57353e+16	9.44e-01	5.61e-02	4.90e-06
 2.57359e+16	9.45e-01	5.52e-02	4.84e-06
 2.57364e+16	9.46e-01	5.44e-02	4.77e-06
 2.57369e+16	9.46e-01	5.37e-02	4.72e-06
 2.57374e+16	9.47e-01	5.31e-02	4.65e-06
 2.57378e+16	9.47e-01	5.25e-02	4.61e-06
 2.57382e+16	9.48e-01	5.19e-02	4.55e-06
 2.57388e+16	9.49e-01	5.10e-02	4.49e-06
 2.57394e+16	9.50e-01	5.01e-02	4.41e-06
 2.57400e+16	9.51e-01	4.94e-02	4.35e-06
 2.57405e+16	9.51e-01	4.87e-02	4.29e-06
 2.57410e+16	9.52e-01	4.81e-02	4.24e-06
 2.57414e+16	9.52e-01	4.75e-02	4.19e-06
 2.57419e+16	9.53e-01	4.68e-02	4.13e-06
 2.57424e+16	9.54e-01	4.61e-02	4.07e-06
 2.57428e+16	9.54e-01	4.56e-02	4.02e-06
 2.57432e+16	9.55e-01	4.50e-02	3.97e-06
 2.57436e+16	9.55e-01	4.45e-02	3.93e-06
 2.57440e+16	9.56e-01	4.40e-02	3.88e-06
 2.57445e+16	9.57e-01	4.34e-02	3.83e-06
 2.57449e+16	9.57e-01	4.29e-02	3.79e-06
 2.57453e+16	9.58e-01	4.24e-02	3.75e-06
 2.57457e+16	9.58e-01	4.19e-02	3.70e-06
 2.57462e+16	9.59e-01	4.12e-02	3.64e-06
 2.57468e+16	9.59e-01	4.05e-02	3.58e-06
 2.57473e+16	9.60e-01	4.00e-02	3.54e-06
 2.57478e+16	9.61e-01	3.94e-02	3.49e-06
 2.57482e+16	9.61e-01	3.90e-02	3.45e-06
 2.57487e+16	9.62e-01	3.84e-02	3.40e-06
 2.57492e+16	9.62e-01	3.79e-02	3.36e-06
 2.57497e+16	9.63e-01	3.74e-02	3.32e-06
 2.57501e+16	9.63e-01	3.69e-02	3.28e-06
 2.57506e+16	9.64e-01	3.64e-02	3.24e-06
 2.57512e+16	9.64e-01	3.58e-02	3.19e-06
 2.57518e+16	9.65e-01	3.51e-02	3.14e-06
 2.57524e+16	9.65e-01	3.45e-02	3.08e-06
 2.57529e+16	9.66e-01	3.40e-02	3.04e-06
 2.57534e+16	9.66e-01	3.36e-02	3.00e-06
 2.57539e+16	9.67e-01	3.31e-02	2.97e-06
 2.57544e+16	9.67e-01	3.26e-02	2.92e-06
 2.57549e+16	9.68e-01	3.22e-02	2.89e-06
 2.57554e+16	9.68e-01	3.17e-02	2.85e-06
 2.57558e+16	9.69e-01	3.13e-02	2.82e-06
 2.57563e+16	9.69e-01	3.09e-02	2.78e-06
 2.57569e+16	9.70e-01	3.03e-02	2.74e-06
 2.57576e+16	9.70e-01	2.98e-02	2.69e-06
 2.57582e+16	9.71e-01	2.93e-02	2.65e-06
 2.57588e+16	9.71e-01	2.89e-02	2.62e-06
 2.57593e+16	9.72e-01	2.84e-02	2.58e-06
 2.57597e+16	9.72e-01	2.81e-02	2.55e-06
 2.57602e+16	9.72e-01	2.77e-02	2.52e-06
 2.57609e+16	9.73e-01	2.71e-02	2.48e-06
 2.57616e+16	9.73e-01	2.66e-02	2.44e-06
 2.57622e+16	9.74e-01	2.62e-02	2.40e-06
 2.57628e+16	9.74e-01	2.58e-02	2.37e-06
 2.57634e+16	9.75e-01	2.54e-02	2.33e-06
 2.57640e+16	9.75e-01	2.50e-02	2.31e-06
 2.57646e+16	9.75e-01	2.46e-02	2.27e-06
 2.57652e+16	9.76e-01	2.42e-02	2.24e-06
 2.57657e+16	9.76e-01	2.38e-02	2.21e-06
 2.57663e+16	9.77e-01	2.35e-02	2.18e-06
 2.57670e+16	9.77e-01	2.30e-02	2.14e-06
 2.57678e+16	9.77e-01	2.25e-02	2.11e-06
 2.57685e+16	9.78e-01	2.21e-02	2.07e-06
 2.57692e+16	9.78e-01	2.17e-02	2.04e-06
 2.57698e+16	9.79e-01	2.13e-02	2.01e-06
 2.57705e+16	9.79e-01	2.10e-02	1.98e-06
 2.57712e+16	9.79e-01	2.06e-02	1.95e-06
 2.57719e+16	9.80e-01	2.02e-02	1.92e-06
 2.57726e+16	9.80e-01	1.98e-02	1.90e-06
 2.57733e+16	9.81e-01	1.95e-02	1.87e-06
 2.57740e+16	9.81e-01	1.91e-02	1.84e-06
 2.57748e+16	9.81e-01	1.87e-02	1.81e-06
 2.57756e+16	9.82e-01	1.83e-02	1.78e-06
 2.57764e+16	9.82e-01	1.80e-02	1.75e-06
 2.57771e+16	9.82e-01	1.77e-02	1.73e-06
 2.57779e+16	9.83e-01	1.73e-02	1.70e-06
 2.57787e+16	9.83e-01	1.70e-02	1.67e-06
 2.57794e+16	9.83e-01	1.67e-02	1.65e-06
 2.57802e+16	9.84e-01	1.63e-02	1.62e-06
 2.57811e+16	9.84e-01	1.60e-02	1.59e-06
 2.57819e+16	9.84e-01	1.57e-02	1.57e-06
 2.57828e+16	9.85e-01	1.53e-02	1.54e-06
 2.57837e+16	9.85e-01	1.50e-02	1.51e-06
 2.57846e+16	9.85e-01	1.46e-02	1.48e-06
 2.57855e+16	9.86e-01	1.43e-02	1.46e-06
 2.57865e+16	9.86e-01	1.39e-02	1.43e-06
 2.57875e+16	9.86e-01	1.36e-02	1.40e-06
 2.57883e+16	9.87e-01	1.34e-02	1.38e-06
 2.57892e+16	9.87e-01	1.31e-02	1.36e-06
 2.57902e+16	9.87e-01	1.28e-02	1.33e-06
 2.57911e+16	9.88e-01	1.25e-02	1.31e-06
 2.57921e+16	9.88e-01	1.22e-02	1.28e-06
 2.57932e+16	9.88e-01	1.19e-02	1.26e-06
 2.57942e+16	9.88e-01	1.16e-02	1.24e-06
 2.57952e+16	9.89e-01	1.13e-02	1.21e-06
 2.57964e+16	9.89e-01	1.10e-02	1.19e-06
 2.57974e+16	9.89e-01	1.08e-02	1.17e-06
 2.57986e+16	9.90e-01	1.05e-02	1.14e-06
 2.57998e+16	9.90e-01	1.02e-02	1.12e-06
 2.58010e+16	9.90e-01	9.91e-03	1.09e-06
 2.58022e+16	9.90e-01	9.62e-03	1.07e-06
 2.58038e+16	9.91e-01	9.26e-03	1.04e-06
 2.58057e+16	9.91e-01	8.87e-03	1.00e-06
 2.58076e+16	9.91e-01	8.51e-03	9.73e-07
 2.58094e+16	9.92e-01	8.18e-03	9.43e-07
 2.58113e+16	9.92e-01	7.84e-03	9.12e-07
 2.58133e+16	9.92e-01	7.51e-03	8.81e-07
 2.58153e+16	9.93e-01	7.18e-03	8.51e-07
 2.58174e+16	9.93e-01	6.86e-03	8.20e-07
 2.58195e+16	9.93e-01	6.56e-03	7.91e-07
 2.58217e+16	9.94e-01	6.26e-03	7.61e-07
 2.58240e+16	9.94e-01	5.96e-03	7.32e-07
 2.58264e+16	9.94e-01	5.68e-03	7.03e-07
 2.58289e+16	9.95e-01	5.40e-03	6.74e-07
 2.58314e+16	9.95e-01	5.13e-03	6.46e-07
 2.58340e+16	9.95e-01	4.87e-03	6.18e-07
 2.58367e+16	9.95e-01	4.62e-03	5.91e-07
 2.58395e+16	9.96e-01	4.38e-03	5.64e-07
 2.58424e+16	9.96e-01	4.15e-03	5.38e-07
 2.58455e+16	9.96e-01	3.92e-03	5.13e-07
 2.58486e+16	9.96e-01	3.71e-03	4.88e-07
 2.58519e+16	9.96e-01	3.50e-03	4.64e-07
 2.58554e+16	9.97e-01	3.31e-03	4.39e-07
 2.58590e+16	9.97e-01	3.12e-03	4.18e-07
 2.58628e+16	9.97e-01	2.94e-03	3.95e-07
 2.58669e+16	9.97e-01	2.77e-03	3.74e-07
 2.58712e+16	9.97e-01	2.61e-03	3.54e-07
 2.58758e+16	9.98e-01	2.46e-03	3.34e-07
 2.58808e+16	9.98e-01	2.31e-03	3.15e-07
 2.58862e+16	9.98e-01	2.17e-03	2.96e-07
 2.58921e+16	9.98e-01	2.04e-03	2.79e-07
 2.58987e+16	9.98e-01	1.92e-03	2.62e-07
 2.59062e+16	9.98e-01	1.80e-03	2.46e-07
 2.59149e+16	9.98e-01	1.69e-03	2.31e-07
 2.59245e+16	9.98e-01	1.60e-03	2.18e-07
 2.59344e+16	9.98e-01	1.52e-03	2.07e-07
 2.59444e+16	9.99e-01	1.46e-03	1.98e-07
 2.59544e+16	9.99e-01	1.42e-03	1.91e-07
 2.59643e+16	9.99e-01	1.38e-03	1.85e-07
 2.59743e+16	9.99e-01	1.35e-03	1.81e-07
 2.59857e+16	9.99e-01	1.32e-03	1.76e-07
 2.60006e+16	9.99e-01	1.29e-03	1.71e-07
 2.60200e+16	9.99e-01	1.26e-03	1.65e-07
 2.60452e+16	9.99e-01	1.23e-03	1.59e-07
 2.60779e+16	9.99e-01	1.19e-03	1.51e-07
 2.61204e+16	9.99e-01	1.15e-03	1.43e-07
 2.61757e+16	9.99e-01	1.10e-03	1.33e-07
 2.62452e+16	9.99e-01	1.05e-03	1.22e-07
 2.63254e+16	9.99e-01	9.94e-04	1.10e-07
 2.64115e+16	9.99e-01	9.42e-04	9.93e-08
 2.65030e+16	9.99e-01	8.90e-04	8.89e-08
 2.66004e+16	9.99e-01	8.40e-04	7.91e-08
 2.67037e+16	9.99e-01	7.90e-04	6.99e-08
 2.68134e+16	9.99e-01	7.42e-04	6.13e-08
 2.69297e+16	9.99e-01	6.94e-04	5.34e-08
 2.70530e+16	9.99e-01	6.46e-04	4.61e-08
 2.71836e+16	9.99e-01	6.00e-04	3.95e-08
 2.73222e+16	9.99e-01	5.54e-04	3.35e-08
 2.74703e+16	9.99e-01	5.09e-04	2.81e-08
 2.76270e+16	1.00e+00	4.65e-04	2.33e-08
 2.77928e+16	1.00e+00	4.22e-04	1.91e-08
 2.79702e+16	1.00e+00	3.80e-04	1.55e-08
 2.81602e+16	1.00e+00	3.40e-04	1.23e-08
 2.83638e+16	1.00e+00	3.01e-04	9.67e-09
 2.85831e+16	1.00e+00	2.64e-04	7.44e-09
 2.88211e+16	1.00e+00	2.29e-04	5.60e-09
 2.90833e+16	1.00e+00	1.95e-04	4.10e-09
 2.93733e+16	1.00e+00	1.64e-04	2.92e-09
 2.96930e+16	1.00e+00	1.36e-04	2.01e-09
 3.00517e+16	1.00e+00	1.10e-04	1.33e-09
 3.04630e+16	1.00e+00	8.72e-05	8.33e-10
 3.09406e+16	1.00e+00	6.66e-05	4.89e-10
 3.14758e+16	1.00e+00	4.97e-05	2.75e-10
 3.20709e+16	1.00e+00	3.61e-05	1.47e-10
 3.27170e+16	1.00e+00	2.59e-05	7.62e-11
 3.33893e+16	1.00e+00	1.85e-05	3.93e-11
 3.40816e+16	1.00e+00	1.33e-05	2.03e-11
 3.47844e+16	1.00e+00	9.56e-06	1.06e-11
 3.54906e+16	1.00e+00	6.93e-06	5.63e-12
 3.62407e+16	1.00e+00	4.96e-06	2.90e-12
 3.70465e+16	1.00e+00	3.50e-06	1.46e-12
 3.78767e+16	1.00e+00	2.48e-06	7.37e-13
 3.87191e+16	1.00e+00	1.76e-06	3.78e-13
 3.95904e+16	1.00e+00	1.25e-06	1.91e-13
 4.04950e+16	1.00e+00	8.79e-07	9.65e-14
 4.14040e+16	1.00e+00	6.26e-07	4.94e-14
 4.23553e+16	1.00e+00	4.40e-07	2.48e-14
 4.33640e+16	1.00e+00	3.06e-07	1.22e-14
 4.44083e+16	1.00e+00	2.12e-07	5.96e-15
 4.54732e+16	1.00e+00	1.47e-07	2.94e-15
 4.65707e+16	1.00e+00	1.02e-07	1.43e-15
 4.77179e+16	1.00e+00	6.98e-08	6.90e-16
 4.88936e+16	1.00e+00	4.78e-08	3.31e-16
 5.00870e+16	1.00e+00	3.30e-08	1.61e-16
 5.12862e+16	1.00e+00	2.29e-08	7.94e-17
 5.25348e+16	1.00e+00	1.57e-08	3.83e-17
 5.38590e+16	1.00e+00	1.07e-08	1.81e-17
 5.52297e+16	1.00e+00	7.18e-09	8.43e-18
 5.66205e+16	1.00e+00	4.91e-09	4.00e-18
 5.80323e+16	1.00e+00	3.36e-09	1.91e-18
 5.95016e+16	1.00e+00	2.28e-09	8.96e-19
 6.10299e+16	1.00e+00	1.54e-09	4.15e-19
 6.25885e+16	1.00e+00	1.05e-09	1.95e-19
 6.41545e+16	1.00e+00	7.18e-10	9.21e-20
 6.57210e+16	1.00e+00	4.95e-10	4.44e-20
 6.72878e+16	1.00e+00	3.44e-10	2.16e-20
 6.88542e+16	1.00e+00	2.41e-10	1.08e-20
 7.04205e+16	1.00e+00	1.71e-10	5.42e-21
 7.19871e+16	1.00e+00	1.22e-10	0.00e+00
 7.35536e+16	1.00e+00	8.72e-11	0.00e+00
 7.51201e+16	1.00e+00	6.30e-11	0.00e+00
 7.66865e+16	1.00e+00	4.58e-11	0.00e+00
 7.82529e+16	1.00e+00	3.35e-11	0.00e+00
 7.98193e+16	1.00e+00	2.47e-11	0.00e+00
 8.13856e+16	1.00e+00	1.83e-11	0.00e+00
 8.29519e+16	1.00e+00	1.36e-11	0.00e+00
 8.45180e+16	1.00e+00	1.02e-11	0.00e+00
 8.60841e+16	1.00e+00	7.70e-12	0.00e+00
 8.76504e+16	1.00e+00	5.83e-12	0.00e+00
 8.94515e+16	1.00e+00	4.23e-12	0.00e+00
 9.15181e+16	1.00e+00	2.97e-12	0.00e+00
 9.36153e+16	1.00e+00	2.10e-12	0.00e+00
 9.57126e+16	1.00e+00	1.50e-12	0.00e+00
 9.79612e+16	1.00e+00	1.05e-12	0.00e+00
 1.00384e+17	1.00e+00	7.21e-13	0.00e+00
 1.02843e+17	1.00e+00	4.99e-13	0.00e+00
 1.05684e+17	1.00e+00	3.28e-13	0.00e+00
 1.09376e+17	1.00e+00	1.94e-13	0.00e+00
 1.13419e+17	1.00e+00	1.14e-13	0.00e+00
 1.17236e+17	1.00e+00	7.10e-14	0.00e+00
 1.21020e+17	1.00e+00	4.58e-14	0.00e+00
 1.24970e+17	1.00e+00	3.02e-14	0.00e+00
 1.29084e+17	1.00e+00	2.06e-14	0.00e+00
 1.33295e+17	1.00e+00	1.48e-14	0.00e+00
 1.37593e+17	1.00e+00	1.13e-14	0.00e+00
 1.41985e+17	1.00e+00	9.13e-15	0.00e+00
 1.46459e+17	1.00e+00	7.79e-15	0.00e+00
 1.51003e+17	1.00e+00	6.95e-15	0.00e+00
 1.55599e+17	1.00e+00	6.41e-15	0.00e+00
 1.60233e+17	1.00e+00	6.06e-15	0.00e+00
 1.64882e+17	1.00e+00	5.83e-15	0.00e+00
 1.69525e+17	1.00e+00	5.67e-15	0.00e+00
 1.74138e+17	1.00e+00	5.56e-15	0.00e+00
 1.78693e+17	1.00e+00	5.50e-15	0.00e+00
 1.83176e+17	1.00e+00	5.45e-15	0.00e+00
 1.87564e+17	1.00e+00	5.43e-15	0.00e+00
 1.91830e+17	1.00e+00	5.42e-15	0.00e+00
 1.95959e+17	1.00e+00	5.43e-15	0.00e+00
 1.99938e+17	1.00e+00	5.45e-15	0.00e+00
 2.03751e+17	1.00e+00	5.48e-15	0.00e+00
 2.07398e+17	1.00e+00	5.51e-15	0.00e+00
 2.10874e+17	1.00e+00	5.55e-15	0.00e+00
 2.14177e+17	1.00e+00	5.59e-15	0.00e+00
 2.17306e+17	1.00e+00	5.64e-15	0.00e+00
 2.20266e+17	1.00e+00	5.69e-15	0.00e+00
 2.23063e+17	1.00e+00	5.74e-15	0.00e+00
 2.25706e+17	1.00e+00	5.78e-15	0.00e+00
 2.28203e+17	1.00e+00	5.82e-15	0.00e+00
 2.30562e+17	1.00e+00	5.87e-15	0.00e+00
 2.32788e+17	1.00e+00	5.90e-15	0.00e+00
 2.34888e+17	1.00e+00	5.94e-15	0.00e+00
 2.36870e+17	1.00e+00	5.98e-15	0.00e+00
 2.38742e+17	1.00e+00	6.01e-15	0.00e+00
 2.40511e+17	1.00e+00	6.04e-15	0.00e+00
 2.42182e+17	1.00e+00	6.07e-15	0.00e+00
 2.43762e+17	1.00e+00	6.09e-15	0.00e+00
 2.45255e+17	1.00e+00	6.12e-15	0.00e+00
 2.46668e+17	1.00e+00	6.14e-15	0.00e+00
 2.48005e+17	1.00e+00	6.16e-15	0.00e+00
 2.49270e+17	1.00e+00	6.18e-15	0.00e+00
 2.50469e+17	1.00e+00	6.20e-15	0.00e+00
 2.51605e+17	1.00e+00	6.21e-15	0.00e+00
 2.52682e+17	1.00e+00	6.23e-15	0.00e+00
 2.53704e+17	1.00e+00	6.24e-15	0.00e+00
 2.54673e+17	1.00e+00	6.25e-15	0.00e+00
 2.55594e+17	1.00e+00	6.26e-15	0.00e+00
 2.56468e+17	1.00e+00	6.28e-15	0.00e+00
 2.57299e+17	1.00e+00	6.29e-15	0.00e+00
 2.58090e+17	1.00e+00	6.29e-15	0.00e+00
 2.58842e+17	1.00e+00	6.30e-15	0.00e+00
 2.59557e+17	1.00e+00	6.31e-15	0.00e+00
 2.60239e+17	1.00e+00	6.32e-15	0.00e+00
 2.60889e+17	1.00e+00	6.32e-15	0.00e+00
 2.61510e+17	1.00e+00	6.33e-15	0.00e+00
 2.62102e+17	1.00e+00	6.34e-15	0.00e+00
 2.62667e+17	1.00e+00	6.34e-15	0.00e+00
 2.63208e+17	1.00e+00	6.35e-15	0.00e+00
 2.63726e+17	1.00e+00	6.35e-15	0.00e+00
 2.64223e+17	1.00e+00	6.35e-15	0.00e+00
 2.64699e+17	1.00e+00	6.36e-15	0.00e+00
 2.65157e+17	1.00e+00	6.36e-15	0.00e+00
 2.65597e+17	1.00e+00	6.36e-15	0.00e+00
 2.66021e+17	1.00e+00	6.37e-15	0.00e+00
 2.66430e+17	1.00e+00	6.37e-15	0.00e+00
 2.66826e+17	1.00e+00	6.37e-15	0.00e+00
 2.67210e+17	1.00e+00	6.37e-15	0.00e+00
 2.67582e+17	1.00e+00	6.37e-15	0.00e+00
 2.67945e+17	1.00e+00	6.37e-15	0.00e+00
 2.68299e+17	1.00e+00	6.38e-15	0.00e+00
 2.68646e+17	1.00e+00	6.38e-15	0.00e+00
 2.68987e+17	1.00e+00	6.38e-15	0.00e+00
 2.69323e+17	1.00e+00	6.38e-15	0.00e+00
 2.69656e+17	1.00e+00	6.38e-15	0.00e+00
 2.69988e+17	1.00e+00	6.37e-15	0.00e+00
 2.70321e+17	1.00e+00	6.37e-15	0.00e+00
 2.70656e+17	1.00e+00	6.37e-15	0.00e+00
 2.70996e+17	1.00e+00	6.37e-15	0.00e+00
 2.71343e+17	1.00e+00	6.37e-15	0.00e+00
 2.71702e+17	1.00e+00	6.36e-15	0.00e+00
 2.72076e+17	1.00e+00	6.36e-15	0.00e+00
 2.72471e+17	1.00e+00	6.35e-15	0.00e+00
 2.72892e+17	1.00e+00	6.34e-15	0.00e+00
 2.73349e+17	1.00e+00	6.34e-15	0.00e+00
 2.73854e+17	1.00e+00	6.32e-15	0.00e+00
 2.74422e+17	1.00e+00	6.31e-15	0.00e+00
 2.75077e+17	1.00e+00	6.28e-15	0.00e+00
 2.75852e+17	1.00e+00	6.25e-15	0.00e+00
 2.76796e+17	1.00e+00	6.20e-15	0.00e+00
 2.77984e+17	1.00e+00	6.13e-15	0.00e+00
 2.79519e+17	1.00e+00	6.01e-15	0.00e+00
 2.81515e+17	1.00e+00	5.82e-15	0.00e+00
 2.84108e+17	1.00e+00	5.55e-15	0.00e+00
 2.87481e+17	1.00e+00	5.17e-15	0.00e+00
 2.91864e+17	1.00e+00	4.67e-15	0.00e+00
 2.97563e+17	1.00e+00	4.06e-15	0.00e+00
 3.04972e+17	1.00e+00	3.34e-15	0.00e+00
 3.14603e+17	1.00e+00	2.56e-15	0.00e+00
 3.26447e+17	1.00e+00	1.78e-15	0.00e+00
 3.39505e+17	1.00e+00	1.29e-15	0.00e+00
 3.53086e+17	1.00e+00	1.11e-15	0.00e+00
 3.67209e+17	1.00e+00	9.60e-16	0.00e+00
 3.81897e+17	1.00e+00	8.22e-16	0.00e+00
 3.96566e+17	1.00e+00	6.93e-16	0.00e+00
 4.10151e+17	1.00e+00	6.73e-16	0.00e+00
 4.22289e+17	1.00e+00	7.34e-16	0.00e+00
 4.33433e+17	1.00e+00	7.83e-16	0.00e+00
 4.44027e+17	1.00e+00	7.69e-16	0.00e+00
 4.54043e+17	1.00e+00	7.28e-16	0.00e+00
 4.63206e+17	1.00e+00	7.00e-16	0.00e+00
 4.71348e+17	1.00e+00	6.91e-16	0.00e+00
 4.78554e+17	1.00e+00	6.84e-16	0.00e+00
 4.85036e+17	1.00e+00	6.65e-16	0.00e+00
 4.90605e+17	1.00e+00	6.30e-16	0.00e+00
 4.94654e+17	1.00e+00	6.21e-16	0.00e+00
 4.97093e+17	1.00e+00	6.41e-16	0.00e+00
 4.98482e+17	1.00e+00	6.60e-16	0.00e+00
 4.99316e+17	1.00e+00	6.72e-16	0.00e+00
 4.99817e+17	1.00e+00	6.79e-16	0.00e+00
 5.00168e+17	1.00e+00	6.83e-16	0.00e+00
 5.00523e+17	1.00e+00	6.85e-16	0.00e+00
 5.00927e+17	1.00e+00	6.87e-16	0.00e+00
 5.01316e+17	1.00e+00	6.89e-16	0.00e+00
 5.01652e+17	1.00e+00	6.89e-16	0.00e+00
 5.01952e+17	1.00e+00	6.90e-16	0.00e+00
 5.02240e+17	1.00e+00	6.89e-16	0.00e+00
 5.02531e+17	1.00e+00	6.89e-16	0.00e+00
 5.02796e+17	1.00e+00	6.87e-16	0.00e+00
 5.03028e+17	1.00e+00	6.87e-16	0.00e+00
 5.03257e+17	1.00e+00	6.85e-16	0.00e+00
 5.03485e+17	1.00e+00	6.84e-16	0.00e+00
 5.03697e+17	1.00e+00	6.82e-16	0.00e+00
 5.03896e+17	1.00e+00	6.81e-16	0.00e+00
 5.04096e+17	1.00e+00	6.79e-16	0.00e+00
 5.04290e+17	1.00e+00	6.77e-16	0.00e+00
 5.04463e+17	1.00e+00	6.76e-16	0.00e+00
 5.04624e+17	1.00e+00	6.74e-16	0.00e+00
 5.04790e+17	1.00e+00	6.72e-16	0.00e+00
 5.04957e+17	1.00e+00	6.70e-16	0.00e+00
 5.05111e+17	1.00e+00	6.68e-16	0.00e+00
 5.05255e+17	1.00e+00	6.67e-16	0.00e+00
 5.05397e+17	1.00e+00	6.66e-16	0.00e+00
 5.05538e+17	1.00e+00	6.64e-16	0.00e+00
 5.05679e+17	1.00e+00	6.62e-16	0.00e+00
 5.05818e+17	1.00e+00	6.60e-16	0.00e+00
 5.05956e+17	1.00e+00	6.58e-16	0.00e+00
 5.06087e+17	1.00e+00	6.56e-16	0.00e+00
 5.06213e+17	1.00e+00	6.58e-16	0.00e+00
 5.06345e+17	1.00e+00	6.53e-16	0.00e+00
 5.06483e+17	1.00e+00	6.49e-16	0.00e+00
 5.06617e+17	1.00e+00	6.46e-16	0.00e+00
 5.06745e+17	1.00e+00	6.47e-16	0.00e+00
 5.06873e+17	1.00e+00	6.43e-16	0.00e+00
 5.07010e+17	1.00e+00	6.42e-16	0.00e+00
 5.07151e+17	1.00e+00	6.35e-16	0.00e+00
 5.07284e+17	1.00e+00	6.34e-16	0.00e+00
 5.07417e+17	1.00e+00	6.32e-16	0.00e+00
 5.07555e+17	1.00e+00	6.28e-16	0.00e+00
 5.07697e+17	1.00e+00	6.25e-16	0.00e+00
 5.07840e+17	1.00e+00	6.21e-16	0.00e+00
 5.07981e+17	1.00e+00	6.18e-16	0.00e+00
 5.08131e+17	1.00e+00	6.15e-16	0.00e+00
 5.08301e+17	1.00e+00	6.10e-16	0.00e+00
 5.08471e+17	1.00e+00	6.06e-16	0.00e+00
 5.08620e+17	1.00e+00	6.02e-16	0.00e+00
 5.08767e+17	1.00e+00	6.00e-16	0.00e+00
 5.08936e+17	1.00e+00	5.95e-16	0.00e+00
 5.09118e+17	1.00e+00	5.90e-16	0.00e+00
 5.09295e+17	1.00e+00	5.86e-16	0.00e+00
 5.09460e+17	1.00e+00	5.82e-16	0.00e+00
 5.09632e+17	1.00e+00	5.78e-16	0.00e+00
 5.09825e+17	1.00e+00	5.72e-16	0.00e+00
 5.10022e+17	1.00e+00	5.67e-16	0.00e+00
 5.10220e+17	1.00e+00	5.62e-16	0.00e+00
 5.10417e+17	1.00e+00	5.57e-16	0.00e+00
 5.10619e+17	1.00e+00	5.51e-16	0.00e+00
 5.10834e+17	1.00e+00	5.46e-16	0.00e+00
 5.11055e+17	1.00e+00	5.40e-16	0.00e+00
 5.11278e+17	1.00e+00	5.34e-16	0.00e+00
 5.11504e+17	1.00e+00	5.27e-16	0.00e+00
 5.11736e+17	1.00e+00	5.21e-16	0.00e+00
 5.11975e+17	1.00e+00	5.14e-16	0.00e+00
 5.12217e+17	1.00e+00	5.07e-16	0.00e+00
 5.12468e+17	1.00e+00	5.00e-16	0.00e+00
 5.12730e+17	1.00e+00	4.93e-16	0.00e+00
 5.13000e+17	1.00e+00	4.85e-16	0.00e+00
 5.13277e+17	1.00e+00	4.78e-16	0.00e+00
 5.13555e+17	1.00e+00	4.70e-16	0.00e+00
 5.13838e+17	1.00e+00	4.62e-16	0.00e+00
 5.14139e+17	1.00e+00	4.53e-16	0.00e+00
 5.14449e+17	1.00e+00	4.45e-16	0.00e+00
 5.14757e+17	1.00e+00	4.36e-16	0.00e+00
 5.15063e+17	1.00e+00	4.27e-16	0.00e+00
 5.15385e+17	1.00e+00	4.18e-16	0.00e+00
 5.15729e+17	1.00e+00	4.09e-16	0.00e+00
 5.16080e+17	1.00e+00	3.99e-16	0.00e+00
 5.16427e+17	1.00e+00	3.89e-16	0.00e+00
 5.16772e+17	1.00e+00	3.79e-16	0.00e+00
 5.17127e+17	1.00e+00	3.70e-16	0.00e+00
 5.17502e+17	1.00e+00	3.60e-16	0.00e+00
 5.17894e+17	1.00e+00	3.49e-16	0.00e+00
 5.18283e+17	1.00e+00	3.39e-16	0.00e+00
 5.18672e+17	1.00e+00	3.28e-16	0.00e+00
 5.19074e+17	1.00e+00	3.18e-16	0.00e+00
 5.19495e+17	1.00e+00	3.07e-16	0.00e+00
 5.19924e+17	1.00e+00	2.96e-16	0.00e+00
 5.20354e+17	1.00e+00	2.86e-16	0.00e+00
 5.20784e+17	1.00e+00	2.75e-16	0.00e+00
 5.21238e+17	1.00e+00	2.65e-16	0.00e+00
 5.21710e+17	1.00e+00	2.54e-16	0.00e+00
 5.22188e+17	1.00e+00	2.43e-16	0.00e+00
 5.22665e+17	1.00e+00	2.32e-16	0.00e+00
 5.23153e+17	1.00e+00	2.21e-16	0.00e+00
 5.23661e+17	1.00e+00	2.10e-16	0.00e+00
 5.24167e+17	1.00e+00	2.00e-16	0.00e+00
 5.24683e+17	1.00e+00	1.90e-16	0.00e+00
 5.25227e+17	1.00e+00	1.79e-16	0.00e+00
 5.25788e+17	1.00e+00	1.69e-16	0.00e+00
 5.26372e+17	1.00e+00	1.59e-16	0.00e+00
 5.26974e+17	1.00e+00	1.48e-16	0.00e+00
 5.27564e+17	1.00e+00	1.39e-16	0.00e+00
 5.28161e+17	1.00e+00	1.30e-16	0.00e+00
 5.28801e+17	1.00e+00	1.21e-16	0.00e+00
 5.29448e+17	1.00e+00	1.12e-16	0.00e+00
 5.30023e+17	1.00e+00	1.03e-16	0.00e+00
 5.30516e+17	1.00e+00	9.69e-17	0.00e+00
 5.30962e+17	1.00e+00	9.16e-17	0.00e+00
 5.31395e+17	1.00e+00	8.67e-17	0.00e+00
 5.31822e+17	1.00e+00	8.20e-17	0.00e+00
 5.32233e+17	1.00e+00	7.76e-17	0.00e+00
 5.32618e+17	1.00e+00	7.37e-17	0.00e+00
 5.32981e+17	1.00e+00	7.01e-17	0.00e+00
 5.33329e+17	1.00e+00	6.68e-17	0.00e+00
 5.33666e+17	1.00e+00	6.37e-17	0.00e+00
 5.33991e+17	1.00e+00	6.08e-17	0.00e+00
 5.34303e+17	1.00e+00	5.81e-17	0.00e+00
 5.34603e+17	1.00e+00	5.55e-17	0.00e+00
 5.34892e+17	1.00e+00	5.32e-17	0.00e+00
 5.35170e+17	1.00e+00	5.10e-17	0.00e+00
 5.35439e+17	1.00e+00	4.88e-17	0.00e+00
 5.35698e+17	1.00e+00	4.68e-17	0.00e+00
 5.35946e+17	1.00e+00	4.50e-17	0.00e+00
 5.36188e+17	1.00e+00	4.33e-17	0.00e+00
 5.36423e+17	1.00e+00	4.16e-17	0.00e+00
 5.36652e+17	1.00e+00	4.01e-17	0.00e+00
 5.36874e+17	1.00e+00	3.86e-17	0.00e+00
 5.37088e+17	1.00e+00	3.72e-17	0.00e+00
 5.37294e+17	1.00e+00	3.58e-17	0.00e+00
 5.37494e+17	1.00e+00	3.46e-17	0.00e+00
 5.37691e+17	1.00e+00	3.34e-17	0.00e+00
 5.37884e+17	1.00e+00	3.23e-17	0.00e+00
 5.38072e+17	1.00e+00	3.12e-17	0.00e+00
 5.38256e+17	1.00e+00	3.01e-17	0.00e+00
 5.38435e+17	1.00e+00	2.92e-17	0.00e+00
 5.38612e+17	1.00e+00	2.82e-17	0.00e+00
 5.38814e+17	1.00e+00	2.73e-17	0.00e+00
 5.39076e+17	1.00e+00	2.62e-17	0.00e+00
 5.39417e+17	1.00e+00	2.47e-17	0.00e+00
 5.39861e+17	1.00e+00	2.30e-17	0.00e+00
 5.40437e+17	1.00e+00	2.08e-17	0.00e+00
 5.41186e+17	1.00e+00	1.81e-17	0.00e+00
 5.42039e+17	1.00e+00	1.53e-17	0.00e+00
 5.42810e+17	1.00e+00	1.29e-17	0.00e+00
 5.43417e+17	1.00e+00	1.12e-17	0.00e+00
 5.43935e+17	1.00e+00	1.01e-17	0.00e+00
 5.44461e+17	1.00e+00	9.08e-18	0.00e+00
 5.45034e+17	1.00e+00	8.11e-18	0.00e+00
 5.45630e+17	1.00e+00	7.18e-18	0.00e+00
 5.46211e+17	1.00e+00	6.35e-18	0.00e+00
 5.46773e+17	1.00e+00	5.65e-18	0.00e+00
 5.47335e+17	1.00e+00	4.99e-18	0.00e+00
 5.47917e+17	1.00e+00	4.44e-18	0.00e+00
