#depth	C	C+	C+2	C+3	C+4	C+5	C+6	C[1]	C[2]	C[3]	C+[1]	C+[2]	CO
 1.49634e+10	0.00e+00	1.96e-30	3.11e-20	6.94e-11	5.80e-01	4.20e-01	3.50e-05	0.00e+00	0.00e+00	0.00e+00	0.00e+00	0.00e+00	3.65e-267
 4.54887e+10	1.78e-41	2.57e-30	3.77e-20	7.76e-11	5.99e-01	4.01e-01	3.08e-05	0.00e+00	0.00e+00	0.00e+00	0.00e+00	0.00e+00	2.70e-138
 7.72350e+10	0.00e+00	3.36e-30	4.56e-20	8.67e-11	6.18e-01	3.82e-01	2.71e-05	0.00e+00	0.00e+00	0.00e+00	0.00e+00	0.00e+00	1.16e-202
 1.10251e+11	3.57e-41	4.39e-30	5.51e-20	9.68e-11	6.37e-01	3.63e-01	2.38e-05	0.00e+00	0.00e+00	0.00e+00	0.00e+00	0.00e+00	2.21e-137
 1.44588e+11	0.00e+00	5.72e-30	6.64e-20	1.08e-10	6.55e-01	3.45e-01	2.09e-05	0.00e+00	0.00e+00	0.00e+00	0.00e+00	0.00e+00	3.64e-202
 1.80298e+11	7.12e-41	7.47e-30	8.00e-20	1.20e-10	6.74e-01	3.26e-01	1.83e-05	0.00e+00	0.00e+00	0.00e+00	0.00e+00	0.00e+00	1.80e-136
 2.17437e+11	0.00e+00	9.72e-30	9.62e-20	1.33e-10	6.91e-01	3.09e-01	1.60e-05	0.00e+00	0.00e+00	0.00e+00	0.00e+00	0.00e+00	1.14e-201
 2.56061e+11	1.41e-40	1.26e-29	1.16e-19	1.48e-10	7.08e-01	2.92e-01	1.39e-05	0.00e+00	0.00e+00	0.00e+00	0.00e+00	0.00e+00	1.46e-135
 2.96231e+11	0.00e+00	1.64e-29	1.39e-19	1.64e-10	7.25e-01	2.75e-01	1.21e-05	0.00e+00	0.00e+00	0.00e+00	0.00e+00	0.00e+00	3.53e-201
 3.38007e+11	2.79e-40	2.13e-29	1.66e-19	1.82e-10	7.41e-01	2.59e-01	1.05e-05	0.00e+00	0.00e+00	0.00e+00	0.00e+00	0.00e+00	1.19e-134
 3.81454e+11	0.00e+00	2.76e-29	1.99e-19	2.01e-10	7.57e-01	2.43e-01	9.14e-06	0.00e+00	0.00e+00	0.00e+00	0.00e+00	0.00e+00	1.09e-200
 4.26639e+11	5.50e-40	3.58e-29	2.39e-19	2.22e-10	7.72e-01	2.28e-01	7.92e-06	0.00e+00	0.00e+00	0.00e+00	0.00e+00	0.00e+00	9.65e-134
 4.73631e+11	0.00e+00	4.64e-29	2.85e-19	2.45e-10	7.86e-01	2.14e-01	6.85e-06	0.00e+00	0.00e+00	0.00e+00	0.00e+00	0.00e+00	3.31e-200
 5.22503e+11	1.08e-39	6.00e-29	3.41e-19	2.70e-10	7.99e-01	2.01e-01	5.92e-06	0.00e+00	0.00e+00	0.00e+00	0.00e+00	0.00e+00	7.82e-133
 5.73330e+11	0.00e+00	7.75e-29	4.07e-19	2.97e-10	8.13e-01	1.87e-01	5.11e-06	0.00e+00	0.00e+00	0.00e+00	0.00e+00	0.00e+00	9.93e-200
 6.23571e+11	2.08e-39	9.88e-29	4.81e-19	3.26e-10	8.24e-01	1.76e-01	4.43e-06	0.00e+00	0.00e+00	0.00e+00	0.00e+00	0.00e+00	6.02e-132
 6.75823e+11	0.00e+00	1.26e-28	5.69e-19	3.57e-10	8.36e-01	1.64e-01	3.84e-06	0.00e+00	0.00e+00	0.00e+00	0.00e+00	0.00e+00	2.89e-199
 7.32783e+11	4.00e-39	1.63e-28	6.77e-19	3.92e-10	8.47e-01	1.53e-01	3.30e-06	0.00e+00	0.00e+00	0.00e+00	0.00e+00	0.00e+00	4.65e-131
 7.90238e+11	0.00e+00	2.08e-28	8.02e-19	4.29e-10	8.57e-01	1.43e-01	2.84e-06	0.00e+00	0.00e+00	0.00e+00	0.00e+00	0.00e+00	8.02e-199
 8.49993e+11	7.65e-39	2.66e-28	9.50e-19	4.70e-10	8.67e-01	1.33e-01	2.45e-06	0.00e+00	0.00e+00	0.00e+00	0.00e+00	0.00e+00	3.55e-130
 9.13919e+11	0.00e+00	3.43e-28	1.13e-18	5.16e-10	8.77e-01	1.23e-01	2.09e-06	0.00e+00	0.00e+00	0.00e+00	0.00e+00	0.00e+00	2.11e-198
 9.80403e+11	1.49e-38	4.42e-28	1.34e-18	5.66e-10	8.86e-01	1.14e-01	1.79e-06	0.00e+00	0.00e+00	0.00e+00	0.00e+00	0.00e+00	2.89e-129
 1.04955e+12	0.00e+00	5.70e-28	1.60e-18	6.20e-10	8.94e-01	1.06e-01	1.53e-06	0.00e+00	0.00e+00	0.00e+00	0.00e+00	0.00e+00	5.31e-198
 1.12145e+12	2.91e-38	7.34e-28	1.90e-18	6.79e-10	9.02e-01	9.79e-02	1.30e-06	0.00e+00	0.00e+00	0.00e+00	0.00e+00	0.00e+00	2.35e-128
 1.19624e+12	0.00e+00	9.45e-28	2.26e-18	7.43e-10	9.09e-01	9.05e-02	1.11e-06	0.00e+00	0.00e+00	0.00e+00	0.00e+00	0.00e+00	1.12e-197
 1.27402e+12	5.66e-38	1.22e-27	2.68e-18	8.14e-10	9.16e-01	8.36e-02	9.43e-07	0.00e+00	0.00e+00	0.00e+00	0.00e+00	0.00e+00	1.92e-127
 1.35490e+12	0.00e+00	1.57e-27	3.19e-18	8.90e-10	9.23e-01	7.71e-02	0.00e+00	0.00e+00	0.00e+00	0.00e+00	0.00e+00	0.00e+00	1.22e-197
 1.43903e+12	1.10e-37	2.02e-27	3.78e-18	9.74e-10	9.29e-01	7.10e-02	0.00e+00	0.00e+00	0.00e+00	0.00e+00	0.00e+00	0.00e+00	1.57e-126
 1.52651e+12	0.00e+00	2.60e-27	4.50e-18	1.07e-09	9.35e-01	6.54e-02	0.00e+00	0.00e+00	0.00e+00	0.00e+00	0.00e+00	0.00e+00	0.00e+00
 1.60850e+12	2.09e-37	3.27e-27	5.25e-18	1.16e-09	9.39e-01	6.06e-02	0.00e+00	0.00e+00	0.00e+00	0.00e+00	0.00e+00	0.00e+00	1.17e-125
 1.68136e+12	0.00e+00	3.97e-27	6.00e-18	1.24e-09	9.43e-01	5.68e-02	0.00e+00	0.00e+00	0.00e+00	0.00e+00	0.00e+00	0.00e+00	0.00e+00
 1.76294e+12	3.59e-37	4.92e-27	6.94e-18	1.34e-09	9.47e-01	5.29e-02	0.00e+00	0.00e+00	0.00e+00	0.00e+00	0.00e+00	0.00e+00	6.45e-125
 1.86019e+12	0.00e+00	6.30e-27	8.21e-18	1.46e-09	9.51e-01	4.87e-02	0.00e+00	0.00e+00	0.00e+00	0.00e+00	0.00e+00	0.00e+00	0.00e+00
 1.95771e+12	6.80e-37	7.99e-27	9.65e-18	1.58e-09	9.55e-01	4.49e-02	0.00e+00	0.00e+00	0.00e+00	0.00e+00	0.00e+00	0.00e+00	4.83e-124
 2.04834e+12	0.00e+00	9.88e-27	1.12e-17	1.71e-09	9.58e-01	4.18e-02	0.00e+00	0.00e+00	0.00e+00	0.00e+00	0.00e+00	0.00e+00	0.00e+00
 2.14941e+12	1.22e-36	1.25e-26	1.31e-17	1.85e-09	9.61e-01	3.86e-02	0.00e+00	0.00e+00	0.00e+00	0.00e+00	0.00e+00	0.00e+00	3.06e-123
 2.26531e+12	0.00e+00	1.61e-26	1.55e-17	2.02e-09	9.65e-01	3.53e-02	0.00e+00	0.00e+00	0.00e+00	0.00e+00	0.00e+00	0.00e+00	0.00e+00
 2.37944e+12	2.36e-36	2.05e-26	1.83e-17	2.20e-09	9.68e-01	3.25e-02	0.00e+00	0.00e+00	0.00e+00	0.00e+00	0.00e+00	0.00e+00	2.41e-122
 2.49813e+12	0.00e+00	2.61e-26	2.16e-17	2.40e-09	9.70e-01	2.99e-02	0.00e+00	0.00e+00	0.00e+00	0.00e+00	0.00e+00	0.00e+00	0.00e+00
 2.62799e+12	4.55e-36	3.37e-26	2.57e-17	2.62e-09	9.73e-01	2.73e-02	0.00e+00	0.00e+00	0.00e+00	0.00e+00	0.00e+00	0.00e+00	1.91e-121
 2.75977e+12	0.00e+00	4.33e-26	3.05e-17	2.86e-09	9.75e-01	2.50e-02	0.00e+00	0.00e+00	0.00e+00	0.00e+00	0.00e+00	0.00e+00	0.00e+00
 2.89682e+12	8.81e-36	5.56e-26	3.62e-17	3.13e-09	9.77e-01	2.29e-02	0.00e+00	0.00e+00	0.00e+00	0.00e+00	0.00e+00	0.00e+00	1.52e-120
 3.04262e+12	0.00e+00	7.19e-26	4.32e-17	3.42e-09	9.79e-01	2.09e-02	0.00e+00	0.00e+00	0.00e+00	0.00e+00	0.00e+00	0.00e+00	0.00e+00
 3.19425e+12	1.73e-35	9.29e-26	5.15e-17	3.75e-09	9.81e-01	1.91e-02	0.00e+00	0.00e+00	0.00e+00	0.00e+00	0.00e+00	0.00e+00	1.28e-119
 3.35195e+12	0.00e+00	1.20e-25	6.12e-17	4.10e-09	9.83e-01	1.74e-02	0.00e+00	0.00e+00	0.00e+00	0.00e+00	0.00e+00	0.00e+00	0.00e+00
 3.51595e+12	3.42e-35	1.56e-25	7.32e-17	4.49e-09	9.84e-01	1.59e-02	0.00e+00	0.00e+00	0.00e+00	0.00e+00	0.00e+00	0.00e+00	1.07e-118
 3.68652e+12	0.00e+00	2.01e-25	8.73e-17	4.92e-09	9.86e-01	1.45e-02	0.00e+00	0.00e+00	0.00e+00	0.00e+00	0.00e+00	0.00e+00	6.84e-101
 3.86390e+12	6.73e-35	2.60e-25	1.04e-16	5.38e-09	9.87e-01	1.32e-02	0.00e+00	0.00e+00	0.00e+00	0.00e+00	0.00e+00	0.00e+00	0.00e+00
 4.04839e+12	9.47e-35	3.37e-25	1.25e-16	5.91e-09	9.88e-01	1.20e-02	0.00e+00	0.00e+00	0.00e+00	0.00e+00	0.00e+00	0.00e+00	2.59e-117
 4.24025e+12	1.33e-34	4.36e-25	1.49e-16	6.48e-09	9.89e-01	1.09e-02	0.00e+00	0.00e+00	0.00e+00	0.00e+00	0.00e+00	0.00e+00	1.80e-98
 4.43979e+12	1.87e-34	5.65e-25	1.78e-16	7.10e-09	9.90e-01	9.96e-03	0.00e+00	0.00e+00	0.00e+00	0.00e+00	0.00e+00	0.00e+00	0.00e+00
 4.64730e+12	2.62e-34	7.31e-25	2.13e-16	7.79e-09	9.91e-01	9.07e-03	0.00e+00	0.00e+00	0.00e+00	0.00e+00	0.00e+00	0.00e+00	6.21e-116
 4.86312e+12	3.67e-34	9.47e-25	2.54e-16	8.54e-09	9.92e-01	8.26e-03	0.00e+00	0.00e+00	0.00e+00	0.00e+00	0.00e+00	0.00e+00	2.51e-97
 5.08248e+12	5.11e-34	1.22e-24	3.03e-16	9.35e-09	9.92e-01	7.53e-03	0.00e+00	0.00e+00	0.00e+00	0.00e+00	0.00e+00	0.00e+00	5.02e-115
 5.31062e+12	7.11e-34	1.57e-24	3.61e-16	1.02e-08	9.93e-01	6.87e-03	0.00e+00	0.00e+00	0.00e+00	0.00e+00	0.00e+00	0.00e+00	1.38e-96
 5.55297e+12	9.96e-34	2.03e-24	4.32e-16	1.12e-08	9.94e-01	6.25e-03	0.00e+00	0.00e+00	0.00e+00	0.00e+00	0.00e+00	0.00e+00	4.02e-114
 5.80502e+12	1.39e-33	2.62e-24	5.17e-16	1.23e-08	9.94e-01	5.69e-03	0.00e+00	0.00e+00	0.00e+00	0.00e+00	0.00e+00	0.00e+00	7.82e-96
 6.05750e+12	1.93e-33	3.36e-24	6.15e-16	1.35e-08	9.95e-01	5.19e-03	0.00e+00	0.00e+00	0.00e+00	0.00e+00	0.00e+00	0.00e+00	3.15e-113
 6.30515e+12	2.61e-33	4.24e-24	7.24e-16	1.47e-08	9.95e-01	4.77e-03	0.00e+00	0.00e+00	0.00e+00	0.00e+00	0.00e+00	0.00e+00	3.91e-95
 6.57235e+12	3.58e-33	5.41e-24	8.58e-16	1.61e-08	9.96e-01	4.36e-03	0.00e+00	0.00e+00	0.00e+00	0.00e+00	0.00e+00	0.00e+00	2.19e-112
 6.86517e+12	5.00e-33	6.98e-24	1.03e-15	1.77e-08	9.96e-01	3.96e-03	0.00e+00	0.00e+00	0.00e+00	0.00e+00	0.00e+00	0.00e+00	2.05e-94
 7.16971e+12	6.97e-33	9.01e-24	1.23e-15	1.94e-08	9.96e-01	3.60e-03	0.00e+00	0.00e+00	0.00e+00	0.00e+00	0.00e+00	0.00e+00	1.74e-111
 7.48642e+12	9.69e-33	1.16e-23	1.47e-15	2.13e-08	9.97e-01	3.28e-03	0.00e+00	0.00e+00	0.00e+00	0.00e+00	0.00e+00	0.00e+00	1.11e-93
 7.81581e+12	1.35e-32	1.50e-23	1.76e-15	2.35e-08	9.97e-01	2.98e-03	0.00e+00	0.00e+00	0.00e+00	0.00e+00	0.00e+00	0.00e+00	1.36e-110
 8.15836e+12	1.87e-32	1.93e-23	2.11e-15	2.58e-08	9.97e-01	2.71e-03	0.00e+00	0.00e+00	0.00e+00	0.00e+00	0.00e+00	0.00e+00	5.85e-93
 8.51463e+12	2.59e-32	2.48e-23	2.53e-15	2.84e-08	9.98e-01	2.46e-03	0.00e+00	0.00e+00	0.00e+00	0.00e+00	0.00e+00	0.00e+00	1.05e-109
 8.83991e+12	3.44e-32	3.09e-23	2.96e-15	3.09e-08	9.98e-01	2.26e-03	0.00e+00	0.00e+00	0.00e+00	0.00e+00	0.00e+00	0.00e+00	2.74e-92
 9.11550e+12	4.35e-32	3.71e-23	3.37e-15	3.31e-08	9.98e-01	2.11e-03	0.00e+00	0.00e+00	0.00e+00	0.00e+00	0.00e+00	0.00e+00	5.34e-109
 9.41893e+12	5.57e-32	4.49e-23	3.87e-15	3.56e-08	9.98e-01	1.96e-03	0.00e+00	0.00e+00	0.00e+00	0.00e+00	0.00e+00	0.00e+00	9.25e-92
 9.79721e+12	7.51e-32	5.66e-23	4.57e-15	3.89e-08	9.98e-01	1.80e-03	0.00e+00	0.00e+00	0.00e+00	0.00e+00	0.00e+00	0.00e+00	2.97e-108
 1.01870e+13	1.01e-31	7.12e-23	5.39e-15	4.26e-08	9.98e-01	1.64e-03	0.00e+00	0.00e+00	0.00e+00	0.00e+00	0.00e+00	0.00e+00	4.10e-91
 1.05350e+13	1.30e-31	8.66e-23	6.22e-15	4.59e-08	9.98e-01	1.52e-03	0.00e+00	0.00e+00	0.00e+00	0.00e+00	0.00e+00	0.00e+00	1.66e-107
 1.09143e+13	1.69e-31	1.07e-22	7.22e-15	4.98e-08	9.99e-01	1.41e-03	0.00e+00	0.00e+00	0.00e+00	0.00e+00	0.00e+00	0.00e+00	1.51e-90
 1.13662e+13	2.29e-31	1.35e-22	8.58e-15	5.46e-08	9.99e-01	1.28e-03	0.00e+00	0.00e+00	0.00e+00	0.00e+00	0.00e+00	0.00e+00	9.97e-107
 1.18152e+13	3.05e-31	1.69e-22	1.01e-14	5.97e-08	9.99e-01	1.17e-03	0.00e+00	0.00e+00	0.00e+00	0.00e+00	0.00e+00	0.00e+00	6.65e-90
 1.22275e+13	3.93e-31	2.06e-22	1.17e-14	6.45e-08	9.99e-01	1.09e-03	0.00e+00	0.00e+00	0.00e+00	0.00e+00	0.00e+00	0.00e+00	5.57e-106
 1.26893e+13	5.17e-31	2.55e-22	1.37e-14	7.02e-08	9.99e-01	1.00e-03	0.00e+00	0.00e+00	0.00e+00	0.00e+00	0.00e+00	0.00e+00	2.52e-89
 1.32242e+13	7.01e-31	3.24e-22	1.62e-14	7.72e-08	9.99e-01	9.10e-04	0.00e+00	0.00e+00	0.00e+00	0.00e+00	0.00e+00	0.00e+00	3.51e-105
 1.37528e+13	9.34e-31	4.05e-22	1.92e-14	8.44e-08	9.99e-01	8.33e-04	0.00e+00	0.00e+00	0.00e+00	0.00e+00	0.00e+00	0.00e+00	1.12e-88
 1.43025e+13	1.24e-30	5.07e-22	2.26e-14	9.22e-08	9.99e-01	7.63e-04	0.00e+00	0.00e+00	0.00e+00	0.00e+00	0.00e+00	0.00e+00	2.21e-104
 1.49046e+13	1.68e-30	6.42e-22	2.68e-14	1.01e-07	9.99e-01	6.96e-04	0.00e+00	0.00e+00	0.00e+00	0.00e+00	0.00e+00	0.00e+00	5.00e-88
 1.55179e+13	2.25e-30	8.08e-22	3.17e-14	1.11e-07	9.99e-01	6.36e-04	0.00e+00	0.00e+00	0.00e+00	0.00e+00	0.00e+00	0.00e+00	1.50e-103
 1.61557e+13	3.02e-30	1.02e-21	3.74e-14	1.21e-07	9.99e-01	5.81e-04	0.00e+00	0.00e+00	0.00e+00	0.00e+00	0.00e+00	0.00e+00	2.24e-87
 1.68318e+13	4.06e-30	1.28e-21	4.43e-14	1.33e-07	9.99e-01	5.31e-04	0.00e+00	0.00e+00	0.00e+00	0.00e+00	0.00e+00	0.00e+00	1.02e-102
 1.75197e+13	5.43e-30	1.61e-21	5.23e-14	1.45e-07	1.00e+00	4.86e-04	0.00e+00	0.00e+00	0.00e+00	0.00e+00	0.00e+00	0.00e+00	1.03e-86
 1.82350e+13	7.27e-30	2.02e-21	6.16e-14	1.59e-07	1.00e+00	4.45e-04	0.00e+00	0.00e+00	0.00e+00	0.00e+00	0.00e+00	0.00e+00	6.74e-102
 1.89943e+13	9.77e-30	2.54e-21	7.27e-14	1.73e-07	1.00e+00	4.08e-04	0.00e+00	0.00e+00	0.00e+00	0.00e+00	0.00e+00	0.00e+00	4.73e-86
 1.97840e+13	1.31e-29	3.20e-21	8.58e-14	1.90e-07	1.00e+00	3.73e-04	0.00e+00	0.00e+00	0.00e+00	0.00e+00	0.00e+00	0.00e+00	4.68e-101
 2.06053e+13	1.77e-29	4.03e-21	1.01e-13	2.07e-07	1.00e+00	3.42e-04	0.00e+00	0.00e+00	0.00e+00	0.00e+00	0.00e+00	0.00e+00	2.24e-85
 2.14595e+13	2.38e-29	5.07e-21	1.19e-13	2.26e-07	1.00e+00	3.13e-04	0.00e+00	0.00e+00	0.00e+00	0.00e+00	0.00e+00	0.00e+00	3.26e-100
 2.23478e+13	3.20e-29	6.38e-21	1.41e-13	2.47e-07	1.00e+00	2.87e-04	0.00e+00	0.00e+00	0.00e+00	0.00e+00	0.00e+00	0.00e+00	1.08e-84
 2.32716e+13	4.31e-29	8.02e-21	1.66e-13	2.69e-07	1.00e+00	2.63e-04	0.00e+00	0.00e+00	0.00e+00	0.00e+00	0.00e+00	0.00e+00	2.29e-99
 2.42324e+13	5.81e-29	1.01e-20	1.95e-13	2.93e-07	1.00e+00	2.42e-04	0.00e+00	0.00e+00	0.00e+00	0.00e+00	0.00e+00	0.00e+00	5.24e-84
 2.51529e+13	7.65e-29	1.25e-20	2.26e-13	3.17e-07	1.00e+00	2.24e-04	0.00e+00	0.00e+00	0.00e+00	0.00e+00	0.00e+00	0.00e+00	1.50e-98
 2.60072e+13	9.78e-29	1.51e-20	2.59e-13	3.41e-07	1.00e+00	2.08e-04	0.00e+00	0.00e+00	0.00e+00	0.00e+00	0.00e+00	0.00e+00	2.11e-83
 2.69743e+13	1.28e-28	1.86e-20	2.99e-13	3.68e-07	1.00e+00	1.93e-04	0.00e+00	0.00e+00	0.00e+00	0.00e+00	0.00e+00	0.00e+00	8.23e-98
 2.80831e+13	1.73e-28	2.34e-20	3.52e-13	4.00e-07	1.00e+00	1.77e-04	0.00e+00	0.00e+00	0.00e+00	0.00e+00	0.00e+00	0.00e+00	9.75e-83
 2.91905e+13	2.31e-28	2.92e-20	4.11e-13	4.34e-07	1.00e+00	1.64e-04	0.00e+00	0.00e+00	0.00e+00	0.00e+00	0.00e+00	0.00e+00	5.68e-97
 3.03422e+13	3.08e-28	3.64e-20	4.79e-13	4.70e-07	1.00e+00	1.51e-04	0.00e+00	0.00e+00	0.00e+00	0.00e+00	0.00e+00	0.00e+00	4.62e-82
 3.15859e+13	4.16e-28	4.58e-20	5.62e-13	5.11e-07	1.00e+00	1.39e-04	0.00e+00	0.00e+00	0.00e+00	0.00e+00	0.00e+00	0.00e+00	3.94e-96
 3.28792e+13	5.62e-28	5.77e-20	6.60e-13	5.56e-07	1.00e+00	1.28e-04	0.00e+00	0.00e+00	0.00e+00	0.00e+00	0.00e+00	0.00e+00	2.35e-81
 3.42243e+13	7.61e-28	7.27e-20	7.74e-13	6.04e-07	1.00e+00	1.18e-04	0.00e+00	0.00e+00	0.00e+00	0.00e+00	0.00e+00	0.00e+00	2.86e-95
 3.56232e+13	1.03e-27	9.15e-20	9.08e-13	6.56e-07	1.00e+00	1.08e-04	0.00e+00	0.00e+00	0.00e+00	0.00e+00	0.00e+00	0.00e+00	1.21e-80
 3.70781e+13	1.39e-27	1.15e-19	1.07e-12	7.12e-07	1.00e+00	9.98e-05	0.00e+00	0.00e+00	0.00e+00	0.00e+00	0.00e+00	0.00e+00	2.08e-94
 3.85911e+13	1.89e-27	1.45e-19	1.25e-12	7.73e-07	1.00e+00	9.20e-05	0.00e+00	0.00e+00	0.00e+00	0.00e+00	0.00e+00	0.00e+00	6.24e-80
 4.01647e+13	2.55e-27	1.83e-19	1.46e-12	8.39e-07	1.00e+00	8.47e-05	0.00e+00	0.00e+00	0.00e+00	0.00e+00	0.00e+00	0.00e+00	1.53e-93
 4.16522e+13	3.37e-27	2.26e-19	1.69e-12	9.04e-07	1.00e+00	7.87e-05	0.00e+00	0.00e+00	0.00e+00	0.00e+00	0.00e+00	0.00e+00	3.03e-79
 4.29934e+13	4.29e-27	2.71e-19	1.92e-12	9.64e-07	1.00e+00	7.38e-05	0.00e+00	0.00e+00	0.00e+00	0.00e+00	0.00e+00	0.00e+00	8.39e-93
 4.45019e+13	5.58e-27	3.31e-19	2.20e-12	1.03e-06	1.00e+00	6.87e-05	0.00e+00	0.00e+00	0.00e+00	0.00e+00	0.00e+00	0.00e+00	1.20e-78
 4.62766e+13	7.53e-27	4.16e-19	2.57e-12	1.12e-06	1.00e+00	6.35e-05	0.00e+00	0.00e+00	0.00e+00	0.00e+00	0.00e+00	0.00e+00	5.31e-92
 4.80379e+13	1.00e-26	5.17e-19	2.98e-12	1.21e-06	1.00e+00	5.89e-05	0.00e+00	0.00e+00	0.00e+00	0.00e+00	0.00e+00	0.00e+00	5.94e-78
 4.96913e+13	1.30e-26	6.30e-19	3.41e-12	1.29e-06	1.00e+00	5.50e-05	0.00e+00	0.00e+00	0.00e+00	0.00e+00	0.00e+00	0.00e+00	1.21e-77
 5.15305e+13	1.72e-26	7.78e-19	3.94e-12	1.39e-06	1.00e+00	5.11e-05	0.00e+00	0.00e+00	0.00e+00	0.00e+00	0.00e+00	0.00e+00	2.60e-77
 5.36216e+13	2.34e-26	9.82e-19	4.61e-12	1.51e-06	1.00e+00	4.71e-05	0.00e+00	0.00e+00	0.00e+00	0.00e+00	0.00e+00	0.00e+00	6.02e-77
 5.56920e+13	3.14e-26	1.23e-18	5.35e-12	1.63e-06	1.00e+00	4.37e-05	0.00e+00	0.00e+00	0.00e+00	0.00e+00	0.00e+00	0.00e+00	1.35e-76
 5.78452e+13	4.21e-26	1.53e-18	6.22e-12	1.76e-06	1.00e+00	4.04e-05	0.00e+00	0.00e+00	0.00e+00	0.00e+00	0.00e+00	0.00e+00	3.01e-76
 6.01890e+13	5.74e-26	1.93e-18	7.28e-12	1.90e-06	1.00e+00	3.73e-05	0.00e+00	0.00e+00	0.00e+00	0.00e+00	0.00e+00	0.00e+00	7.02e-76
 6.25707e+13	7.77e-26	2.43e-18	8.49e-12	2.06e-06	1.00e+00	3.45e-05	0.00e+00	0.00e+00	0.00e+00	0.00e+00	0.00e+00	0.00e+00	1.61e-75
 6.50477e+13	1.05e-25	3.05e-18	9.90e-12	2.22e-06	1.00e+00	3.20e-05	0.00e+00	0.00e+00	0.00e+00	0.00e+00	0.00e+00	0.00e+00	3.70e-75
 6.76796e+13	1.43e-25	3.85e-18	1.16e-11	2.41e-06	1.00e+00	2.95e-05	0.00e+00	0.00e+00	0.00e+00	0.00e+00	0.00e+00	0.00e+00	8.66e-75
 7.04167e+13	1.96e-25	4.87e-18	1.35e-11	2.60e-06	1.00e+00	2.73e-05	0.00e+00	0.00e+00	0.00e+00	0.00e+00	0.00e+00	0.00e+00	2.03e-74
 7.32633e+13	2.67e-25	6.15e-18	1.58e-11	2.82e-06	1.00e+00	2.52e-05	0.00e+00	0.00e+00	0.00e+00	0.00e+00	0.00e+00	0.00e+00	4.78e-74
 7.62237e+13	3.65e-25	7.77e-18	1.85e-11	3.04e-06	1.00e+00	2.33e-05	0.00e+00	0.00e+00	0.00e+00	0.00e+00	0.00e+00	0.00e+00	1.13e-73
 7.93026e+13	4.99e-25	9.82e-18	2.17e-11	3.29e-06	1.00e+00	2.15e-05	0.00e+00	0.00e+00	0.00e+00	0.00e+00	0.00e+00	0.00e+00	2.66e-73
 8.23515e+13	6.72e-25	1.23e-17	2.52e-11	3.55e-06	1.00e+00	2.00e-05	0.00e+00	0.00e+00	0.00e+00	0.00e+00	0.00e+00	0.00e+00	6.07e-73
 8.55223e+13	9.07e-25	1.54e-17	2.93e-11	3.83e-06	1.00e+00	1.85e-05	0.00e+00	0.00e+00	0.00e+00	0.00e+00	0.00e+00	0.00e+00	1.37e-72
 8.89732e+13	1.24e-24	1.95e-17	3.42e-11	4.14e-06	1.00e+00	1.71e-05	0.00e+00	0.00e+00	0.00e+00	0.00e+00	0.00e+00	0.00e+00	3.25e-72
 9.24642e+13	1.69e-24	2.45e-17	3.99e-11	4.47e-06	1.00e+00	1.59e-05	0.00e+00	0.00e+00	0.00e+00	0.00e+00	0.00e+00	0.00e+00	7.54e-72
 9.60950e+13	2.29e-24	3.08e-17	4.65e-11	4.82e-06	1.00e+00	1.47e-05	0.00e+00	0.00e+00	0.00e+00	0.00e+00	0.00e+00	0.00e+00	1.75e-71
 9.99687e+13	3.14e-24	3.90e-17	5.44e-11	5.22e-06	1.00e+00	1.36e-05	0.00e+00	0.00e+00	0.00e+00	0.00e+00	0.00e+00	0.00e+00	4.16e-71
 1.03997e+14	4.30e-24	4.94e-17	6.36e-11	5.64e-06	1.00e+00	1.26e-05	0.00e+00	0.00e+00	0.00e+00	0.00e+00	1.59e-17	3.35e-17	9.89e-71
 1.08187e+14	5.89e-24	6.25e-17	7.44e-11	6.10e-06	1.00e+00	1.16e-05	0.00e+00	0.00e+00	0.00e+00	0.00e+00	2.08e-17	4.18e-17	2.35e-70
 1.12545e+14	8.07e-24	7.92e-17	8.71e-11	6.60e-06	1.00e+00	1.08e-05	0.00e+00	0.00e+00	0.00e+00	0.00e+00	2.63e-17	5.29e-17	5.60e-70
 1.16762e+14	1.08e-23	9.87e-17	1.01e-10	7.10e-06	1.00e+00	1.00e-05	0.00e+00	0.00e+00	0.00e+00	0.00e+00	3.28e-17	6.59e-17	1.25e-69
 1.20735e+14	1.42e-23	1.21e-16	1.15e-10	7.59e-06	1.00e+00	9.36e-06	0.00e+00	0.00e+00	0.00e+00	0.00e+00	4.00e-17	8.05e-17	2.62e-69
 1.25180e+14	1.89e-23	1.50e-16	1.33e-10	8.16e-06	1.00e+00	8.71e-06	0.00e+00	0.00e+00	0.00e+00	0.00e+00	4.97e-17	1.00e-16	5.79e-69
 1.30218e+14	2.59e-23	1.90e-16	1.56e-10	8.82e-06	1.00e+00	8.06e-06	0.00e+00	0.00e+00	0.00e+00	0.00e+00	6.29e-17	1.27e-16	1.37e-68
 1.35278e+14	3.50e-23	2.38e-16	1.81e-10	9.52e-06	1.00e+00	7.47e-06	0.00e+00	0.00e+00	0.00e+00	0.00e+00	7.90e-17	1.59e-16	3.16e-68
 1.40542e+14	4.75e-23	2.99e-16	2.11e-10	1.03e-05	1.00e+00	6.92e-06	0.00e+00	0.00e+00	0.00e+00	0.00e+00	9.93e-17	2.00e-16	7.31e-68
 1.45700e+14	6.32e-23	3.70e-16	2.44e-10	1.10e-05	1.00e+00	6.44e-06	0.00e+00	0.00e+00	0.00e+00	0.00e+00	1.23e-16	2.47e-16	1.60e-67
 1.50287e+14	8.10e-23	4.46e-16	2.76e-10	1.17e-05	1.00e+00	6.06e-06	0.00e+00	0.00e+00	0.00e+00	0.00e+00	1.48e-16	2.98e-16	3.16e-67
 1.55347e+14	1.05e-22	5.43e-16	3.14e-10	1.25e-05	1.00e+00	5.67e-06	0.00e+00	0.00e+00	0.00e+00	0.00e+00	1.80e-16	3.63e-16	6.49e-67
 1.61386e+14	1.42e-22	6.81e-16	3.66e-10	1.35e-05	1.00e+00	5.25e-06	0.00e+00	0.00e+00	0.00e+00	0.00e+00	2.26e-16	4.55e-16	1.49e-66
 1.67384e+14	1.90e-22	8.46e-16	4.23e-10	1.46e-05	1.00e+00	4.88e-06	0.00e+00	0.00e+00	0.00e+00	0.00e+00	2.81e-16	5.65e-16	3.27e-66
 1.72853e+14	2.45e-22	1.02e-15	4.81e-10	1.55e-05	1.00e+00	4.58e-06	0.00e+00	0.00e+00	0.00e+00	0.00e+00	3.40e-16	6.84e-16	6.59e-66
 1.78949e+14	3.21e-22	1.26e-15	5.52e-10	1.66e-05	1.00e+00	4.27e-06	0.00e+00	0.00e+00	0.00e+00	0.00e+00	4.17e-16	8.40e-16	1.39e-65
 1.86057e+14	4.36e-22	1.58e-15	6.45e-10	1.80e-05	1.00e+00	3.94e-06	0.00e+00	0.00e+00	0.00e+00	0.00e+00	5.26e-16	1.06e-15	3.21e-65
 1.93030e+14	5.82e-22	1.97e-15	7.48e-10	1.94e-05	1.00e+00	3.66e-06	0.00e+00	0.00e+00	0.00e+00	0.00e+00	6.53e-16	1.31e-15	7.07e-65
 1.99568e+14	7.55e-22	2.40e-15	8.54e-10	2.08e-05	1.00e+00	3.42e-06	0.00e+00	0.00e+00	0.00e+00	0.00e+00	7.95e-16	1.60e-15	1.44e-64
 2.06867e+14	9.98e-22	2.96e-15	9.86e-10	2.23e-05	1.00e+00	3.18e-06	0.00e+00	0.00e+00	0.00e+00	0.00e+00	9.82e-16	1.98e-15	3.10e-64
 2.15172e+14	1.36e-21	3.73e-15	1.15e-09	2.42e-05	1.00e+00	2.93e-06	0.00e+00	0.00e+00	0.00e+00	0.00e+00	1.24e-15	2.49e-15	7.15e-64
 2.23413e+14	1.81e-21	4.65e-15	1.34e-09	2.62e-05	1.00e+00	2.72e-06	0.00e+00	0.00e+00	0.00e+00	0.00e+00	1.54e-15	3.11e-15	1.58e-63
 2.31985e+14	2.43e-21	5.80e-15	1.56e-09	2.83e-05	1.00e+00	2.51e-06	0.00e+00	0.00e+00	0.00e+00	0.00e+00	1.93e-15	3.88e-15	3.50e-63
 2.41294e+14	3.28e-21	7.30e-15	1.83e-09	3.07e-05	1.00e+00	2.32e-06	0.00e+00	0.00e+00	0.00e+00	0.00e+00	2.42e-15	4.88e-15	7.97e-63
 2.50976e+14	4.44e-21	9.19e-15	2.14e-09	3.33e-05	1.00e+00	2.13e-06	0.00e+00	0.00e+00	0.00e+00	0.00e+00	3.05e-15	6.14e-15	1.82e-62
 2.61045e+14	5.98e-21	1.15e-14	2.51e-09	3.61e-05	1.00e+00	1.97e-06	0.00e+00	0.00e+00	0.00e+00	0.00e+00	3.83e-15	7.71e-15	4.09e-62
 2.71517e+14	8.07e-21	1.45e-14	2.94e-09	3.92e-05	1.00e+00	1.81e-06	0.00e+00	0.00e+00	0.00e+00	0.00e+00	4.81e-15	9.69e-15	9.26e-62
 2.82407e+14	1.09e-20	1.82e-14	3.45e-09	4.26e-05	1.00e+00	1.67e-06	0.00e+00	0.00e+00	0.00e+00	0.00e+00	6.04e-15	1.22e-14	2.07e-61
 2.93734e+14	1.46e-20	2.28e-14	4.04e-09	4.63e-05	1.00e+00	1.56e-06	0.00e+00	0.00e+00	0.00e+00	0.00e+00	7.58e-15	1.53e-14	4.63e-61
 3.04807e+14	1.92e-20	2.83e-14	4.70e-09	5.01e-05	1.00e+00	1.46e-06	0.00e+00	0.00e+00	0.00e+00	0.00e+00	9.37e-15	1.89e-14	9.79e-61
 3.15370e+14	2.48e-20	3.44e-14	5.39e-09	5.39e-05	1.00e+00	1.38e-06	0.00e+00	0.00e+00	0.00e+00	0.00e+00	1.14e-14	2.30e-14	1.95e-60
 3.27060e+14	3.23e-20	4.23e-14	6.24e-09	5.83e-05	1.00e+00	1.29e-06	0.00e+00	0.00e+00	0.00e+00	0.00e+00	1.40e-14	2.82e-14	4.04e-60
 3.40173e+14	4.31e-20	5.29e-14	7.32e-09	6.35e-05	1.00e+00	1.21e-06	0.00e+00	0.00e+00	0.00e+00	0.00e+00	1.75e-14	3.53e-14	8.83e-60
 3.52135e+14	5.54e-20	6.43e-14	8.42e-09	6.85e-05	1.00e+00	1.14e-06	0.00e+00	0.00e+00	0.00e+00	0.00e+00	2.13e-14	4.29e-14	1.75e-59
 3.62312e+14	6.81e-20	7.55e-14	9.45e-09	7.29e-05	1.00e+00	1.09e-06	0.00e+00	0.00e+00	0.00e+00	0.00e+00	2.50e-14	5.04e-14	3.06e-59
 3.73581e+14	8.50e-20	8.97e-14	1.07e-08	7.79e-05	1.00e+00	1.03e-06	0.00e+00	0.00e+00	0.00e+00	0.00e+00	2.98e-14	6.00e-14	5.61e-59
 3.87564e+14	1.10e-19	1.10e-13	1.24e-08	8.45e-05	1.00e+00	9.73e-07	0.00e+00	0.00e+00	0.00e+00	0.00e+00	3.66e-14	7.37e-14	1.15e-58
 4.02117e+14	1.43e-19	1.35e-13	1.44e-08	9.17e-05	1.00e+00	0.00e+00	0.00e+00	0.00e+00	0.00e+00	0.00e+00	4.49e-14	9.05e-14	2.34e-58
 4.15486e+14	1.81e-19	1.62e-13	1.65e-08	9.86e-05	1.00e+00	0.00e+00	0.00e+00	0.00e+00	0.00e+00	0.00e+00	5.39e-14	1.09e-13	4.41e-58
 4.30277e+14	2.31e-19	1.97e-13	1.90e-08	1.07e-04	1.00e+00	0.00e+00	0.00e+00	0.00e+00	0.00e+00	0.00e+00	6.53e-14	1.32e-13	8.59e-58
 4.47425e+14	3.04e-19	2.45e-13	2.22e-08	1.16e-04	1.00e+00	0.00e+00	0.00e+00	0.00e+00	0.00e+00	0.00e+00	8.12e-14	1.64e-13	1.83e-57
 4.63425e+14	3.88e-19	2.97e-13	2.56e-08	1.26e-04	1.00e+00	0.00e+00	0.00e+00	0.00e+00	0.00e+00	0.00e+00	9.85e-14	1.99e-13	3.59e-57
 4.77337e+14	4.77e-19	3.50e-13	2.89e-08	1.34e-04	1.00e+00	0.00e+00	0.00e+00	0.00e+00	0.00e+00	0.00e+00	1.16e-13	2.34e-13	6.35e-57
 4.92744e+14	5.91e-19	4.16e-13	3.28e-08	1.44e-04	1.00e+00	0.00e+00	0.00e+00	0.00e+00	0.00e+00	0.00e+00	1.38e-13	2.78e-13	1.15e-56
 5.11496e+14	7.66e-19	5.11e-13	3.82e-08	1.57e-04	1.00e+00	0.00e+00	0.00e+00	0.00e+00	0.00e+00	0.00e+00	1.69e-13	3.41e-13	2.37e-56
 5.30381e+14	9.83e-19	6.23e-13	4.42e-08	1.70e-04	1.00e+00	0.00e+00	0.00e+00	0.00e+00	0.00e+00	0.00e+00	2.06e-13	4.17e-13	4.76e-56
 5.47314e+14	1.22e-18	7.39e-13	5.02e-08	1.83e-04	1.00e+00	0.00e+00	0.00e+00	0.00e+00	0.00e+00	0.00e+00	2.45e-13	4.94e-13	8.67e-56
 5.65929e+14	1.53e-18	8.88e-13	5.74e-08	1.97e-04	1.00e+00	0.00e+00	0.00e+00	0.00e+00	0.00e+00	0.00e+00	2.94e-13	5.94e-13	1.65e-55
 5.87994e+14	1.99e-18	1.09e-12	6.69e-08	2.15e-04	1.00e+00	0.00e+00	0.00e+00	0.00e+00	0.00e+00	0.00e+00	3.62e-13	7.31e-13	3.43e-55
 6.09728e+14	2.54e-18	1.33e-12	7.74e-08	2.33e-04	1.00e+00	0.00e+00	0.00e+00	0.00e+00	0.00e+00	0.00e+00	4.41e-13	8.91e-13	6.87e-55
 6.29547e+14	3.15e-18	1.58e-12	8.80e-08	2.50e-04	1.00e+00	0.00e+00	0.00e+00	0.00e+00	0.00e+00	0.00e+00	5.24e-13	1.06e-12	1.27e-54
 6.51694e+14	3.98e-18	1.91e-12	1.01e-07	2.71e-04	1.00e+00	0.00e+00	0.00e+00	0.00e+00	0.00e+00	0.00e+00	6.33e-13	1.28e-12	2.47e-54
 6.77511e+14	5.18e-18	2.36e-12	1.18e-07	2.95e-04	1.00e+00	0.00e+00	0.00e+00	0.00e+00	0.00e+00	0.00e+00	7.81e-13	1.58e-12	5.22e-54
 7.02856e+14	6.63e-18	2.88e-12	1.37e-07	3.21e-04	1.00e+00	0.00e+00	0.00e+00	0.00e+00	0.00e+00	0.00e+00	9.53e-13	1.92e-12	1.06e-53
 7.26701e+14	8.29e-18	3.44e-12	1.56e-07	3.45e-04	1.00e+00	0.00e+00	0.00e+00	0.00e+00	0.00e+00	0.00e+00	1.14e-12	2.30e-12	2.02e-53
 7.53283e+14	1.06e-17	4.19e-12	1.80e-07	3.74e-04	1.00e+00	0.00e+00	0.00e+00	0.00e+00	0.00e+00	0.00e+00	1.39e-12	2.80e-12	4.07e-53
 7.83445e+14	1.38e-17	5.18e-12	2.10e-07	4.08e-04	1.00e+00	0.00e+00	0.00e+00	0.00e+00	0.00e+00	0.00e+00	1.71e-12	3.46e-12	8.77e-53
 8.13484e+14	1.77e-17	6.35e-12	2.44e-07	4.44e-04	1.00e+00	0.00e+00	0.00e+00	0.00e+00	0.00e+00	0.00e+00	2.10e-12	4.25e-12	1.83e-52
 8.44725e+14	2.28e-17	7.79e-12	2.84e-07	4.84e-04	1.00e+00	0.00e+00	0.00e+00	0.00e+00	0.00e+00	0.00e+00	2.58e-12	5.21e-12	3.85e-52
 8.78544e+14	2.97e-17	9.64e-12	3.32e-07	5.28e-04	9.99e-01	0.00e+00	0.00e+00	0.00e+00	0.00e+00	0.00e+00	3.19e-12	6.45e-12	8.40e-52
 9.13716e+14	3.87e-17	1.19e-11	3.88e-07	5.76e-04	9.99e-01	0.00e+00	0.00e+00	0.00e+00	0.00e+00	0.00e+00	3.95e-12	7.99e-12	1.84e-51
 9.50294e+14	5.06e-17	1.48e-11	4.54e-07	6.30e-04	9.99e-01	0.00e+00	0.00e+00	4.33e-18	1.30e-17	2.17e-17	4.90e-12	9.90e-12	4.04e-51
 9.88336e+14	6.60e-17	1.84e-11	5.31e-07	6.88e-04	9.99e-01	0.00e+00	0.00e+00	5.66e-18	1.70e-17	2.83e-17	6.07e-12	1.23e-11	8.93e-51
 1.02790e+15	8.62e-17	2.28e-11	6.20e-07	7.51e-04	9.99e-01	0.00e+00	0.00e+00	7.40e-18	2.22e-17	3.71e-17	7.53e-12	1.52e-11	1.99e-50
 1.06905e+15	1.13e-16	2.83e-11	7.25e-07	8.20e-04	9.99e-01	0.00e+00	0.00e+00	9.68e-18	2.91e-17	4.85e-17	9.35e-12	1.89e-11	4.44e-50
 1.10814e+15	1.44e-16	3.44e-11	8.37e-07	8.89e-04	9.99e-01	0.00e+00	0.00e+00	1.24e-17	3.71e-17	6.20e-17	1.14e-11	2.30e-11	9.29e-50
 1.14143e+15	1.76e-16	4.05e-11	9.41e-07	9.49e-04	9.99e-01	0.00e+00	0.00e+00	1.52e-17	4.56e-17	7.61e-17	1.34e-11	2.71e-11	1.72e-49
 1.17632e+15	2.17e-16	4.79e-11	1.06e-06	1.01e-03	9.99e-01	0.00e+00	0.00e+00	1.87e-17	5.61e-17	9.36e-17	1.58e-11	3.20e-11	3.22e-49
 1.21997e+15	2.79e-16	5.86e-11	1.23e-06	1.10e-03	9.99e-01	0.00e+00	0.00e+00	2.40e-17	7.22e-17	1.20e-16	1.94e-11	3.92e-11	6.92e-49
 1.26477e+15	3.57e-16	7.16e-11	1.41e-06	1.19e-03	9.99e-01	0.00e+00	0.00e+00	3.09e-17	9.26e-17	1.55e-16	2.37e-11	4.79e-11	1.48e-48
 1.30444e+15	4.43e-16	8.51e-11	1.60e-06	1.28e-03	9.99e-01	0.00e+00	0.00e+00	3.83e-17	1.15e-16	1.92e-16	2.81e-11	5.69e-11	2.86e-48
 1.34773e+15	5.57e-16	1.02e-10	1.82e-06	1.37e-03	9.99e-01	0.00e+00	0.00e+00	4.82e-17	1.45e-16	2.41e-16	3.38e-11	6.84e-11	5.75e-48
 1.39965e+15	7.24e-16	1.26e-10	2.11e-06	1.49e-03	9.99e-01	0.00e+00	0.00e+00	6.27e-17	1.88e-16	3.14e-16	4.17e-11	8.44e-11	1.29e-47
 1.45072e+15	9.23e-16	1.54e-10	2.44e-06	1.61e-03	9.98e-01	0.00e+00	0.00e+00	8.01e-17	2.40e-16	4.01e-16	5.10e-11	1.03e-10	2.79e-47
 1.49603e+15	1.14e-15	1.83e-10	2.75e-06	1.72e-03	9.98e-01	0.00e+00	0.00e+00	9.91e-17	2.97e-16	4.96e-16	6.07e-11	1.23e-10	5.41e-47
 1.54595e+15	1.44e-15	2.21e-10	3.14e-06	1.85e-03	9.98e-01	0.00e+00	0.00e+00	1.25e-16	3.75e-16	6.26e-16	7.30e-11	1.48e-10	1.11e-46
 1.60566e+15	1.87e-15	2.73e-10	3.65e-06	2.01e-03	9.98e-01	0.00e+00	0.00e+00	1.63e-16	4.89e-16	8.16e-16	9.04e-11	1.83e-10	2.52e-46
 1.66500e+15	2.42e-15	3.36e-10	4.21e-06	2.18e-03	9.98e-01	0.00e+00	0.00e+00	2.11e-16	6.32e-16	1.05e-15	1.11e-10	2.25e-10	5.58e-46
 1.71896e+15	3.04e-15	4.03e-10	4.78e-06	2.33e-03	9.98e-01	0.00e+00	0.00e+00	2.65e-16	7.96e-16	1.33e-15	1.33e-10	2.70e-10	1.12e-45
 1.77903e+15	3.85e-15	4.89e-10	5.47e-06	2.51e-03	9.97e-01	0.00e+00	0.00e+00	3.36e-16	1.01e-15	1.68e-15	1.62e-10	3.27e-10	2.38e-45
 1.84926e+15	5.08e-15	6.10e-10	6.38e-06	2.73e-03	9.97e-01	0.00e+00	0.00e+00	4.43e-16	1.33e-15	2.22e-15	2.02e-10	4.08e-10	5.59e-45
 1.91830e+15	6.58e-15	7.52e-10	7.38e-06	2.96e-03	9.97e-01	0.00e+00	0.00e+00	5.75e-16	1.73e-15	2.88e-15	2.49e-10	5.03e-10	1.27e-44
 1.98294e+15	8.35e-15	9.09e-10	8.42e-06	3.17e-03	9.97e-01	0.00e+00	0.00e+00	7.30e-16	2.19e-15	3.66e-15	3.01e-10	6.08e-10	2.62e-44
 2.05512e+15	1.07e-14	1.11e-09	9.70e-06	3.43e-03	9.97e-01	0.00e+00	0.00e+00	9.40e-16	2.82e-15	4.71e-15	3.69e-10	7.46e-10	5.76e-44
 2.13736e+15	1.42e-14	1.40e-09	1.13e-05	3.73e-03	9.96e-01	0.00e+00	0.00e+00	1.25e-15	3.74e-15	6.24e-15	4.63e-10	9.35e-10	1.37e-43
 2.21891e+15	1.86e-14	1.73e-09	1.32e-05	4.04e-03	9.96e-01	0.00e+00	0.00e+00	1.63e-15	4.89e-15	8.15e-15	5.74e-10	1.16e-09	3.11e-43
 2.30372e+15	2.44e-14	2.16e-09	1.53e-05	4.38e-03	9.96e-01	0.00e+00	0.00e+00	2.14e-15	6.41e-15	1.07e-14	7.13e-10	1.44e-09	7.09e-43
 2.39590e+15	3.21e-14	2.70e-09	1.78e-05	4.76e-03	9.95e-01	0.00e+00	0.00e+00	2.82e-15	8.47e-15	1.41e-14	8.94e-10	1.81e-09	1.67e-42
 2.49177e+15	4.26e-14	3.39e-09	2.09e-05	5.17e-03	9.95e-01	0.00e+00	0.00e+00	3.75e-15	1.12e-14	1.88e-14	1.12e-09	2.27e-09	3.94e-42
 2.59147e+15	5.63e-14	4.26e-09	2.44e-05	5.62e-03	9.94e-01	0.00e+00	0.00e+00	4.96e-15	1.49e-14	2.48e-14	1.41e-09	2.85e-09	9.24e-42
 2.69516e+15	7.47e-14	5.35e-09	2.85e-05	6.11e-03	9.94e-01	0.00e+00	0.00e+00	6.58e-15	1.97e-14	3.29e-14	1.77e-09	3.58e-09	2.16e-41
 2.80299e+15	9.90e-14	6.72e-09	3.33e-05	6.64e-03	9.93e-01	0.00e+00	0.00e+00	8.72e-15	2.62e-14	4.37e-14	2.23e-09	4.50e-09	5.04e-41
 2.91514e+15	1.31e-13	8.44e-09	3.89e-05	7.21e-03	9.93e-01	0.00e+00	0.00e+00	1.16e-14	3.47e-14	5.79e-14	2.79e-09	5.64e-09	1.17e-40
 3.01473e+15	1.67e-13	1.03e-08	4.45e-05	7.74e-03	9.92e-01	0.00e+00	0.00e+00	1.47e-14	4.41e-14	7.36e-14	3.40e-09	6.86e-09	2.33e-40
 3.09496e+15	2.00e-13	1.20e-08	4.94e-05	8.18e-03	9.92e-01	0.00e+00	0.00e+00	1.77e-14	5.31e-14	8.85e-14	3.96e-09	8.00e-09	4.10e-40
 3.18197e+15	2.45e-13	1.41e-08	5.52e-05	8.67e-03	9.91e-01	0.00e+00	0.00e+00	2.16e-14	6.49e-14	1.08e-13	4.66e-09	9.41e-09	7.33e-40
 3.29508e+15	3.14e-13	1.72e-08	6.34e-05	9.34e-03	9.91e-01	0.00e+00	0.00e+00	2.77e-14	8.31e-14	1.39e-13	5.71e-09	1.15e-08	1.54e-39
 3.41643e+15	4.06e-13	2.13e-08	7.33e-05	1.01e-02	9.90e-01	0.00e+00	0.00e+00	3.59e-14	1.08e-13	1.80e-13	7.07e-09	1.43e-08	3.31e-39
 3.52370e+15	5.05e-13	2.55e-08	8.29e-05	1.08e-02	9.89e-01	0.00e+00	0.00e+00	4.47e-14	1.34e-13	2.24e-13	8.46e-09	1.71e-08	6.31e-39
 3.63833e+15	6.36e-13	3.08e-08	9.42e-05	1.15e-02	9.88e-01	0.00e+00	0.00e+00	5.63e-14	1.69e-13	2.82e-13	1.02e-08	2.06e-08	1.23e-38
 3.77720e+15	8.28e-13	3.84e-08	1.09e-04	1.25e-02	9.87e-01	0.00e+00	0.00e+00	7.33e-14	2.20e-13	3.67e-13	1.27e-08	2.57e-08	2.69e-38
 3.91449e+15	1.06e-12	4.72e-08	1.26e-04	1.34e-02	9.86e-01	0.00e+00	0.00e+00	9.40e-14	2.82e-13	4.71e-13	1.56e-08	3.16e-08	5.60e-38
 4.03580e+15	1.31e-12	5.65e-08	1.43e-04	1.43e-02	9.86e-01	0.00e+00	0.00e+00	1.17e-13	3.50e-13	5.83e-13	1.87e-08	3.77e-08	1.05e-37
 4.16942e+15	1.66e-12	6.83e-08	1.62e-04	1.53e-02	9.84e-01	0.00e+00	0.00e+00	1.47e-13	4.40e-13	7.35e-13	2.27e-08	4.57e-08	2.05e-37
 4.32986e+15	2.15e-12	8.52e-08	1.89e-04	1.66e-02	9.83e-01	0.00e+00	0.00e+00	1.91e-13	5.73e-13	9.56e-13	2.82e-08	5.70e-08	4.36e-37
 4.48855e+15	2.77e-12	1.05e-07	2.19e-04	1.80e-02	9.82e-01	0.00e+00	0.00e+00	2.46e-13	7.37e-13	1.23e-12	3.49e-08	7.04e-08	8.90e-37
 4.62998e+15	3.43e-12	1.26e-07	2.48e-04	1.92e-02	9.81e-01	0.00e+00	0.00e+00	3.05e-13	9.15e-13	1.53e-12	4.19e-08	8.44e-08	1.67e-36
 4.78559e+15	4.33e-12	1.54e-07	2.83e-04	2.06e-02	9.79e-01	0.00e+00	0.00e+00	3.85e-13	1.16e-12	1.93e-12	5.09e-08	1.03e-07	3.26e-36
 4.97102e+15	5.63e-12	1.92e-07	3.29e-04	2.23e-02	9.77e-01	0.00e+00	0.00e+00	5.01e-13	1.50e-12	2.51e-12	6.36e-08	1.28e-07	6.93e-36
 5.15620e+15	7.24e-12	2.38e-07	3.82e-04	2.42e-02	9.75e-01	0.00e+00	0.00e+00	6.45e-13	1.93e-12	3.23e-12	7.89e-08	1.59e-07	1.44e-35
 5.32674e+15	9.08e-12	2.88e-07	4.36e-04	2.59e-02	9.74e-01	0.00e+00	0.00e+00	8.09e-13	2.43e-12	4.05e-12	9.56e-08	1.93e-07	2.74e-35
 5.51729e+15	1.16e-11	3.55e-07	5.03e-04	2.80e-02	9.72e-01	0.00e+00	0.00e+00	1.03e-12	3.10e-12	5.18e-12	1.18e-07	2.37e-07	5.53e-35
 5.73009e+15	1.51e-11	4.44e-07	5.86e-04	3.04e-02	9.69e-01	0.00e+00	0.00e+00	1.34e-12	4.03e-12	6.72e-12	1.47e-07	2.97e-07	1.16e-34
 5.93445e+15	1.92e-11	5.46e-07	6.76e-04	3.28e-02	9.66e-01	0.00e+00	0.00e+00	1.71e-12	5.13e-12	8.56e-12	1.81e-07	3.65e-07	2.29e-34
 6.13075e+15	2.40e-11	6.62e-07	7.72e-04	3.53e-02	9.64e-01	0.00e+00	0.00e+00	2.14e-12	6.43e-12	1.07e-11	2.20e-07	4.43e-07	4.29e-34
 6.35236e+15	3.08e-11	8.19e-07	8.94e-04	3.82e-02	9.61e-01	0.00e+00	0.00e+00	2.75e-12	8.26e-12	1.38e-11	2.72e-07	5.47e-07	8.62e-34
 6.59231e+15	3.97e-11	1.02e-06	1.04e-03	4.14e-02	9.58e-01	0.00e+00	0.00e+00	3.55e-12	1.07e-11	1.78e-11	3.39e-07	6.81e-07	1.70e-33
 6.81103e+15	4.98e-11	1.24e-06	1.19e-03	4.46e-02	9.54e-01	0.00e+00	0.00e+00	4.46e-12	1.34e-11	2.23e-11	4.11e-07	8.28e-07	3.21e-33
 7.04870e+15	6.34e-11	1.52e-06	1.37e-03	4.82e-02	9.50e-01	0.00e+00	0.00e+00	5.69e-12	1.71e-11	2.84e-11	5.06e-07	1.02e-06	6.21e-33
 7.28878e+15	7.99e-11	1.86e-06	1.58e-03	5.20e-02	9.46e-01	0.00e+00	0.00e+00	7.17e-12	2.15e-11	3.59e-11	6.18e-07	1.24e-06	1.16e-32
 7.48326e+15	9.60e-11	2.18e-06	1.76e-03	5.53e-02	9.43e-01	0.00e+00	0.00e+00	8.62e-12	2.59e-11	4.31e-11	7.23e-07	1.45e-06	1.90e-32
 7.68733e+15	1.16e-10	2.56e-06	1.98e-03	5.88e-02	9.39e-01	0.00e+00	0.00e+00	1.04e-11	3.13e-11	5.22e-11	8.51e-07	1.71e-06	3.18e-32
 7.95262e+15	1.49e-10	3.16e-06	2.29e-03	6.37e-02	9.34e-01	0.00e+00	0.00e+00	1.34e-11	4.02e-11	6.70e-11	1.05e-06	2.11e-06	6.14e-32
 8.22772e+15	1.89e-10	3.87e-06	2.64e-03	6.89e-02	9.28e-01	0.00e+00	0.00e+00	1.70e-11	5.10e-11	8.50e-11	1.29e-06	2.59e-06	1.15e-31
 8.46252e+15	2.29e-10	4.59e-06	2.98e-03	7.37e-02	9.23e-01	0.00e+00	0.00e+00	2.07e-11	6.20e-11	1.03e-10	1.53e-06	3.07e-06	1.94e-31
 8.71473e+15	2.85e-10	5.52e-06	3.39e-03	7.90e-02	9.18e-01	0.00e+00	0.00e+00	2.57e-11	7.72e-11	1.29e-10	1.83e-06	3.68e-06	3.40e-31
 8.99452e+15	3.58e-10	6.70e-06	3.90e-03	8.53e-02	9.11e-01	0.00e+00	0.00e+00	3.23e-11	9.69e-11	1.62e-10	2.23e-06	4.47e-06	6.11e-31
 9.25442e+15	4.41e-10	8.00e-06	4.42e-03	9.15e-02	9.04e-01	0.00e+00	0.00e+00	3.98e-11	1.20e-10	1.99e-10	2.66e-06	5.34e-06	1.03e-30
 9.49942e+15	5.39e-10	9.43e-06	4.98e-03	9.75e-02	8.97e-01	0.00e+00	0.00e+00	4.88e-11	1.46e-10	2.44e-10	3.14e-06	6.29e-06	1.68e-30
 9.78079e+15	6.75e-10	1.14e-05	5.70e-03	1.05e-01	8.89e-01	0.00e+00	0.00e+00	6.12e-11	1.83e-10	3.06e-10	3.79e-06	7.60e-06	2.94e-30
 1.00893e+16	8.49e-10	1.39e-05	6.58e-03	1.14e-01	8.80e-01	0.00e+00	0.00e+00	7.70e-11	2.31e-10	3.85e-10	4.62e-06	9.26e-06	5.25e-30
 1.03716e+16	1.05e-09	1.66e-05	7.49e-03	1.22e-01	8.71e-01	0.00e+00	0.00e+00	9.53e-11	2.86e-10	4.76e-10	5.52e-06	1.11e-05	8.73e-30
 1.06279e+16	1.28e-09	1.95e-05	8.42e-03	1.30e-01	8.62e-01	0.00e+00	0.00e+00	1.16e-10	3.49e-10	5.82e-10	6.48e-06	1.30e-05	1.37e-29
 1.09120e+16	1.58e-09	2.33e-05	9.60e-03	1.39e-01	8.51e-01	0.00e+00	0.00e+00	1.44e-10	4.32e-10	7.20e-10	7.75e-06	1.55e-05	2.31e-29
 1.12225e+16	2.00e-09	2.82e-05	1.11e-02	1.50e-01	8.39e-01	0.00e+00	0.00e+00	1.82e-10	5.46e-10	9.10e-10	9.38e-06	1.88e-05	3.92e-29
 1.15019e+16	2.45e-09	3.33e-05	1.25e-02	1.61e-01	8.27e-01	0.00e+00	0.00e+00	2.24e-10	6.71e-10	1.12e-09	1.11e-05	2.22e-05	6.22e-29
 1.17598e+16	2.95e-09	3.89e-05	1.41e-02	1.71e-01	8.15e-01	0.00e+00	0.00e+00	2.69e-10	8.07e-10	1.35e-09	1.30e-05	2.59e-05	9.54e-29
 1.20551e+16	3.71e-09	4.67e-05	1.61e-02	1.83e-01	8.01e-01	0.00e+00	0.00e+00	3.39e-10	1.02e-09	1.70e-09	1.56e-05	3.12e-05	1.59e-28
 1.23732e+16	4.67e-09	5.65e-05	1.86e-02	1.98e-01	7.84e-01	0.00e+00	0.00e+00	4.28e-10	1.28e-09	2.14e-09	1.88e-05	3.77e-05	2.68e-28
 1.26540e+16	5.75e-09	6.68e-05	2.11e-02	2.11e-01	7.68e-01	0.00e+00	0.00e+00	5.26e-10	1.58e-09	2.63e-09	2.22e-05	4.45e-05	4.16e-28
 1.29111e+16	6.99e-09	7.80e-05	2.38e-02	2.24e-01	7.52e-01	0.00e+00	0.00e+00	6.40e-10	1.92e-09	3.20e-09	2.60e-05	5.20e-05	6.34e-28
 1.32043e+16	8.72e-09	9.36e-05	2.73e-02	2.40e-01	7.33e-01	0.00e+00	0.00e+00	8.00e-10	2.40e-09	4.00e-09	3.12e-05	6.24e-05	1.04e-27
 1.35178e+16	1.11e-08	1.14e-04	3.17e-02	2.58e-01	7.10e-01	0.00e+00	0.00e+00	1.02e-09	3.06e-09	5.10e-09	3.78e-05	7.57e-05	1.74e-27
 1.37882e+16	1.37e-08	1.34e-04	3.60e-02	2.74e-01	6.90e-01	0.00e+00	0.00e+00	1.26e-09	3.79e-09	6.31e-09	4.47e-05	8.93e-05	2.69e-27
 1.40293e+16	1.66e-08	1.56e-04	4.05e-02	2.90e-01	6.69e-01	0.00e+00	0.00e+00	1.53e-09	4.59e-09	7.65e-09	5.20e-05	1.04e-04	4.04e-27
 1.42556e+16	1.99e-08	1.80e-04	4.52e-02	3.06e-01	6.49e-01	0.00e+00	0.00e+00	1.84e-09	5.51e-09	9.18e-09	6.00e-05	1.20e-04	5.91e-27
 1.44684e+16	2.36e-08	2.06e-04	5.03e-02	3.21e-01	6.28e-01	0.00e+00	0.00e+00	2.17e-09	6.52e-09	1.09e-08	6.88e-05	1.38e-04	8.48e-27
 1.47093e+16	2.92e-08	2.44e-04	5.71e-02	3.40e-01	6.02e-01	0.00e+00	0.00e+00	2.70e-09	8.09e-09	1.35e-08	8.13e-05	1.62e-04	1.35e-26
 1.49729e+16	3.64e-08	2.90e-04	6.55e-02	3.62e-01	5.73e-01	0.00e+00	0.00e+00	3.36e-09	1.01e-08	1.68e-08	9.67e-05	1.93e-04	2.14e-26
 1.52079e+16	4.51e-08	3.41e-04	7.43e-02	3.82e-01	5.43e-01	0.00e+00	0.00e+00	4.17e-09	1.25e-08	2.08e-08	1.14e-04	2.27e-04	3.35e-26
 1.54122e+16	5.43e-08	3.94e-04	8.30e-02	4.01e-01	5.16e-01	0.00e+00	0.00e+00	5.03e-09	1.51e-08	2.51e-08	1.32e-04	2.63e-04	5.00e-26
 1.56054e+16	6.46e-08	4.53e-04	9.25e-02	4.20e-01	4.87e-01	0.00e+00	0.00e+00	5.99e-09	1.80e-08	2.99e-08	1.51e-04	3.02e-04	7.29e-26
 1.58269e+16	8.10e-08	5.38e-04	1.05e-01	4.43e-01	4.52e-01	0.00e+00	0.00e+00	7.52e-09	2.25e-08	3.76e-08	1.79e-04	3.58e-04	1.22e-25
 1.60504e+16	1.00e-07	6.33e-04	1.20e-01	4.66e-01	4.14e-01	0.00e+00	0.00e+00	9.29e-09	2.79e-08	4.64e-08	2.11e-04	4.22e-04	1.92e-25
 1.62227e+16	1.21e-07	7.24e-04	1.33e-01	4.85e-01	3.82e-01	0.00e+00	0.00e+00	1.12e-08	3.37e-08	5.61e-08	2.42e-04	4.83e-04	2.90e-25
 1.63639e+16	1.40e-07	8.11e-04	1.44e-01	5.01e-01	3.54e-01	0.00e+00	0.00e+00	1.31e-08	3.92e-08	6.52e-08	2.71e-04	5.41e-04	4.09e-25
 1.65180e+16	1.67e-07	9.21e-04	1.59e-01	5.19e-01	3.21e-01	0.00e+00	0.00e+00	1.55e-08	4.65e-08	7.75e-08	3.07e-04	6.14e-04	6.11e-25
 1.66807e+16	2.00e-07	1.05e-03	1.75e-01	5.38e-01	2.86e-01	0.00e+00	0.00e+00	1.86e-08	5.59e-08	9.31e-08	3.51e-04	7.01e-04	9.37e-25
 1.68137e+16	2.31e-07	1.16e-03	1.90e-01	5.54e-01	2.55e-01	0.00e+00	0.00e+00	2.16e-08	6.47e-08	1.08e-07	3.87e-04	7.73e-04	1.28e-24
 1.69211e+16	2.67e-07	1.29e-03	2.03e-01	5.67e-01	2.29e-01	0.00e+00	0.00e+00	2.50e-08	7.49e-08	1.25e-07	4.30e-04	8.59e-04	1.87e-24
 1.70035e+16	2.95e-07	1.38e-03	2.13e-01	5.76e-01	2.09e-01	0.00e+00	0.00e+00	2.76e-08	8.28e-08	1.38e-07	4.60e-04	9.19e-04	2.36e-24
 1.70682e+16	3.18e-07	1.45e-03	2.22e-01	5.84e-01	1.92e-01	0.00e+00	0.00e+00	2.98e-08	8.94e-08	1.49e-07	4.84e-04	9.67e-04	2.80e-24
 1.71420e+16	3.50e-07	1.55e-03	2.32e-01	5.93e-01	1.73e-01	0.00e+00	0.00e+00	3.29e-08	9.85e-08	1.64e-07	5.17e-04	1.03e-03	3.55e-24
 1.72236e+16	3.97e-07	1.67e-03	2.44e-01	6.02e-01	1.53e-01	0.00e+00	0.00e+00	3.73e-08	1.12e-07	1.86e-07	5.59e-04	1.12e-03	4.82e-24
 1.72935e+16	4.31e-07	1.77e-03	2.53e-01	6.09e-01	1.36e-01	0.00e+00	0.00e+00	4.05e-08	1.21e-07	2.02e-07	5.92e-04	1.18e-03	6.00e-24
 1.73524e+16	4.62e-07	1.86e-03	2.62e-01	6.15e-01	1.21e-01	0.00e+00	0.00e+00	4.35e-08	1.30e-07	2.17e-07	6.20e-04	1.24e-03	7.05e-24
 1.74185e+16	5.09e-07	1.98e-03	2.72e-01	6.21e-01	1.05e-01	0.00e+00	0.00e+00	4.80e-08	1.44e-07	2.40e-07	6.60e-04	1.32e-03	9.18e-24
 1.74874e+16	5.58e-07	2.09e-03	2.81e-01	6.27e-01	8.99e-02	0.00e+00	0.00e+00	5.27e-08	1.58e-07	2.63e-07	6.97e-04	1.39e-03	1.13e-23
 1.75473e+16	5.98e-07	2.19e-03	2.90e-01	6.31e-01	7.71e-02	0.00e+00	0.00e+00	5.66e-08	1.70e-07	2.83e-07	7.31e-04	1.46e-03	1.38e-23
 1.76125e+16	6.50e-07	2.30e-03	2.98e-01	6.35e-01	6.42e-02	0.00e+00	0.00e+00	6.17e-08	1.85e-07	3.08e-07	7.70e-04	1.53e-03	1.68e-23
 1.76836e+16	7.04e-07	2.43e-03	3.08e-01	6.38e-01	5.19e-02	0.00e+00	0.00e+00	6.70e-08	2.01e-07	3.34e-07	8.12e-04	1.62e-03	2.07e-23
 1.77489e+16	7.55e-07	2.54e-03	3.16e-01	6.40e-01	4.20e-02	0.00e+00	0.00e+00	7.21e-08	2.16e-07	3.60e-07	8.51e-04	1.69e-03	2.49e-23
 1.78201e+16	8.15e-07	2.68e-03	3.24e-01	6.40e-01	3.29e-02	0.00e+00	0.00e+00	7.80e-08	2.34e-07	3.89e-07	8.95e-04	1.78e-03	3.05e-23
 1.79128e+16	8.95e-07	2.85e-03	3.35e-01	6.39e-01	2.36e-02	0.00e+00	0.00e+00	8.60e-08	2.58e-07	4.29e-07	9.52e-04	1.90e-03	3.87e-23
 1.80125e+16	9.79e-07	3.02e-03	3.45e-01	6.36e-01	1.65e-02	0.00e+00	0.00e+00	9.44e-08	2.83e-07	4.71e-07	1.01e-03	2.01e-03	4.87e-23
 1.81216e+16	1.08e-06	3.21e-03	3.55e-01	6.31e-01	1.12e-02	0.00e+00	0.00e+00	1.04e-07	3.12e-07	5.19e-07	1.07e-03	2.14e-03	6.12e-23
