#depth	O	O+	O+2	O+3	O+4	O+5	O+6	O+7	O+8	O[1]	O[2]	O[3]
 1.49634e+10	0.00e+00	0.00e+00	3.26e-32	2.39e-23	2.57e-15	3.68e-08	1.00e+00	0.00e+00	0.00e+00	0.00e+00	0.00e+00	0.00e+00
 4.54887e+10	0.00e+00	8.15e-42	4.50e-32	3.05e-23	3.03e-15	3.99e-08	1.00e+00	1.95e-07	0.00e+00	0.00e+00	0.00e+00	0.00e+00
 7.72350e+10	0.00e+00	0.00e+00	6.23e-32	3.90e-23	3.57e-15	4.34e-08	1.00e+00	0.00e+00	0.00e+00	0.00e+00	0.00e+00	0.00e+00
 1.10251e+11	0.00e+00	1.83e-41	8.61e-32	4.98e-23	4.21e-15	4.71e-08	1.00e+00	0.00e+00	0.00e+00	0.00e+00	0.00e+00	0.00e+00
 1.41645e+11	0.00e+00	0.00e+00	1.16e-31	6.24e-23	4.90e-15	5.09e-08	1.00e+00	0.00e+00	0.00e+00	0.00e+00	0.00e+00	0.00e+00
 1.70283e+11	0.00e+00	3.67e-41	1.51e-31	7.61e-23	5.60e-15	5.44e-08	1.00e+00	0.00e+00	0.00e+00	0.00e+00	0.00e+00	0.00e+00
 2.02656e+11	0.00e+00	0.00e+00	2.01e-31	9.47e-23	6.49e-15	5.86e-08	1.00e+00	0.00e+00	0.00e+00	0.00e+00	0.00e+00	0.00e+00
 2.40336e+11	0.00e+00	7.88e-41	2.78e-31	1.21e-22	7.66e-15	6.37e-08	1.00e+00	0.00e+00	0.00e+00	0.00e+00	0.00e+00	0.00e+00
 2.77705e+11	0.00e+00	0.00e+00	3.79e-31	1.53e-22	8.97e-15	6.90e-08	1.00e+00	0.00e+00	0.00e+00	0.00e+00	0.00e+00	0.00e+00
 3.13604e+11	0.00e+00	1.66e-40	5.05e-31	1.90e-22	1.04e-14	7.43e-08	1.00e+00	0.00e+00	0.00e+00	0.00e+00	0.00e+00	0.00e+00
 3.53112e+11	0.00e+00	0.00e+00	6.87e-31	2.40e-22	1.22e-14	8.04e-08	1.00e+00	0.00e+00	0.00e+00	0.00e+00	0.00e+00	0.00e+00
 3.97163e+11	0.00e+00	3.65e-40	9.54e-31	3.07e-22	1.44e-14	8.76e-08	1.00e+00	0.00e+00	0.00e+00	0.00e+00	0.00e+00	0.00e+00
 4.41855e+11	0.00e+00	0.00e+00	1.32e-30	3.93e-22	1.70e-14	9.53e-08	1.00e+00	0.00e+00	0.00e+00	0.00e+00	0.00e+00	0.00e+00
 4.88334e+11	0.00e+00	8.12e-40	1.82e-30	5.01e-22	2.01e-14	1.04e-07	1.00e+00	0.00e+00	0.00e+00	0.00e+00	0.00e+00	0.00e+00
 5.33728e+11	0.00e+00	0.00e+00	2.46e-30	6.32e-22	2.35e-14	1.12e-07	1.00e+00	0.00e+00	0.00e+00	0.00e+00	0.00e+00	0.00e+00
 5.74824e+11	0.00e+00	1.65e-39	3.21e-30	7.73e-22	2.69e-14	1.20e-07	1.00e+00	0.00e+00	0.00e+00	0.00e+00	0.00e+00	0.00e+00
 6.20701e+11	0.00e+00	0.00e+00	4.29e-30	9.64e-22	3.13e-14	1.30e-07	1.00e+00	0.00e+00	0.00e+00	0.00e+00	0.00e+00	0.00e+00
 6.74528e+11	0.00e+00	3.54e-39	5.95e-30	1.24e-21	3.71e-14	1.42e-07	1.00e+00	0.00e+00	0.00e+00	0.00e+00	0.00e+00	0.00e+00
 7.27784e+11	0.00e+00	0.00e+00	8.13e-30	1.57e-21	4.36e-14	1.54e-07	1.00e+00	0.00e+00	0.00e+00	0.00e+00	0.00e+00	0.00e+00
 7.77733e+11	0.00e+00	7.40e-39	1.08e-29	1.95e-21	5.06e-14	1.66e-07	1.00e+00	0.00e+00	0.00e+00	0.00e+00	0.00e+00	0.00e+00
 8.33332e+11	0.00e+00	0.00e+00	1.46e-29	2.45e-21	5.92e-14	1.80e-07	1.00e+00	0.00e+00	0.00e+00	0.00e+00	0.00e+00	0.00e+00
 8.96592e+11	0.00e+00	1.63e-38	2.04e-29	3.17e-21	7.06e-14	1.97e-07	1.00e+00	0.00e+00	0.00e+00	0.00e+00	0.00e+00	0.00e+00
 9.58909e+11	0.00e+00	0.00e+00	2.80e-29	4.03e-21	8.33e-14	2.14e-07	1.00e+00	0.00e+00	0.00e+00	0.00e+00	0.00e+00	0.00e+00
 1.02372e+12	0.00e+00	3.56e-38	3.85e-29	5.14e-21	9.85e-14	2.33e-07	1.00e+00	0.00e+00	0.00e+00	0.00e+00	0.00e+00	0.00e+00
 1.09459e+12	0.00e+00	0.00e+00	5.39e-29	6.66e-21	1.18e-13	2.56e-07	1.00e+00	0.00e+00	0.00e+00	0.00e+00	0.00e+00	0.00e+00
 1.16581e+12	0.00e+00	8.05e-38	7.45e-29	8.55e-21	1.40e-13	2.80e-07	1.00e+00	0.00e+00	0.00e+00	0.00e+00	0.00e+00	0.00e+00
 1.23988e+12	0.00e+00	0.00e+00	1.03e-28	1.10e-20	1.66e-13	3.06e-07	1.00e+00	0.00e+00	0.00e+00	0.00e+00	0.00e+00	0.00e+00
 1.31668e+12	0.00e+00	1.79e-37	1.42e-28	1.41e-20	1.98e-13	3.34e-07	1.00e+00	0.00e+00	0.00e+00	0.00e+00	0.00e+00	0.00e+00
 1.39211e+12	0.00e+00	0.00e+00	1.93e-28	1.78e-20	2.34e-13	3.64e-07	1.00e+00	0.00e+00	0.00e+00	0.00e+00	0.00e+00	0.00e+00
 1.47329e+12	0.00e+00	3.84e-37	2.66e-28	2.28e-20	2.77e-13	3.98e-07	1.00e+00	0.00e+00	0.00e+00	0.00e+00	0.00e+00	0.00e+00
 1.56215e+12	0.00e+00	0.00e+00	3.71e-28	2.95e-20	3.32e-13	4.37e-07	1.00e+00	0.00e+00	0.00e+00	0.00e+00	0.00e+00	0.00e+00
 1.65456e+12	0.00e+00	8.70e-37	5.18e-28	3.82e-20	3.98e-13	4.81e-07	1.00e+00	0.00e+00	0.00e+00	0.00e+00	0.00e+00	0.00e+00
 1.75067e+12	0.00e+00	0.00e+00	7.22e-28	4.95e-20	4.78e-13	5.29e-07	1.00e+00	0.00e+00	0.00e+00	0.00e+00	0.00e+00	0.00e+00
 1.85062e+12	0.00e+00	1.96e-36	1.01e-27	6.40e-20	5.74e-13	5.82e-07	1.00e+00	0.00e+00	0.00e+00	0.00e+00	0.00e+00	0.00e+00
 1.94102e+12	9.27e-46	2.78e-36	1.34e-27	8.02e-20	6.73e-13	6.33e-07	1.00e+00	0.00e+00	0.00e+00	0.00e+00	0.00e+00	0.00e+00
 2.01632e+12	0.00e+00	0.00e+00	1.69e-27	9.61e-20	7.66e-13	6.78e-07	1.00e+00	0.00e+00	0.00e+00	0.00e+00	0.00e+00	0.00e+00
 2.09882e+12	0.00e+00	4.97e-36	2.16e-27	1.17e-19	8.78e-13	7.29e-07	1.00e+00	0.00e+00	0.00e+00	0.00e+00	0.00e+00	0.00e+00
 2.20332e+12	2.87e-45	7.16e-36	2.92e-27	1.48e-19	1.04e-12	7.97e-07	1.00e+00	0.00e+00	0.00e+00	0.00e+00	0.00e+00	0.00e+00
 2.31230e+12	0.00e+00	0.00e+00	3.95e-27	1.87e-19	1.23e-12	8.72e-07	1.00e+00	0.00e+00	0.00e+00	0.00e+00	0.00e+00	0.00e+00
 2.40883e+12	0.00e+00	1.41e-35	5.11e-27	2.29e-19	1.42e-12	9.42e-07	1.00e+00	0.00e+00	0.00e+00	0.00e+00	0.00e+00	0.00e+00
 2.49904e+12	8.94e-45	1.86e-35	6.44e-27	2.75e-19	1.62e-12	1.01e-06	1.00e+00	0.00e+00	0.00e+00	0.00e+00	0.00e+00	0.00e+00
 2.60205e+12	0.00e+00	0.00e+00	8.31e-27	3.36e-19	1.88e-12	1.09e-06	1.00e+00	0.00e+00	0.00e+00	0.00e+00	0.00e+00	0.00e+00
 2.72845e+12	0.00e+00	3.65e-35	1.12e-26	4.27e-19	2.23e-12	1.20e-06	1.00e+00	0.00e+00	0.00e+00	0.00e+00	0.00e+00	0.00e+00
 2.85427e+12	3.00e-44	5.15e-35	1.50e-26	5.36e-19	2.63e-12	1.31e-06	1.00e+00	0.00e+00	0.00e+00	0.00e+00	0.00e+00	0.00e+00
 2.96381e+12	0.00e+00	6.89e-35	1.91e-26	6.49e-19	3.02e-12	1.41e-06	1.00e+00	0.00e+00	0.00e+00	0.00e+00	0.00e+00	0.00e+00
 3.08312e+12	6.06e-44	9.34e-35	2.46e-26	7.94e-19	3.49e-12	1.52e-06	1.00e+00	0.00e+00	0.00e+00	0.00e+00	0.00e+00	0.00e+00
 3.22854e+12	0.00e+00	1.33e-34	3.31e-26	1.01e-18	4.14e-12	1.67e-06	1.00e+00	0.00e+00	0.00e+00	0.00e+00	0.00e+00	0.00e+00
 3.37694e+12	1.39e-43	1.89e-34	4.42e-26	1.27e-18	4.89e-12	1.83e-06	1.00e+00	0.00e+00	0.00e+00	0.00e+00	0.00e+00	0.00e+00
 3.51356e+12	0.00e+00	2.56e-34	5.71e-26	1.55e-18	5.67e-12	1.98e-06	1.00e+00	0.00e+00	0.00e+00	0.00e+00	0.00e+00	0.00e+00
 3.66579e+12	2.95e-43	3.56e-34	7.53e-26	1.94e-18	6.65e-12	2.16e-06	1.00e+00	0.00e+00	0.00e+00	0.00e+00	0.00e+00	0.00e+00
 3.84183e+12	0.00e+00	5.13e-34	1.02e-25	2.47e-18	7.93e-12	2.38e-06	1.00e+00	0.00e+00	0.00e+00	0.00e+00	0.00e+00	0.00e+00
 4.01501e+12	6.81e-43	7.24e-34	1.36e-25	3.11e-18	9.35e-12	2.60e-06	1.00e+00	0.00e+00	0.00e+00	0.00e+00	0.00e+00	0.00e+00
 4.18106e+12	0.00e+00	9.93e-34	1.77e-25	3.84e-18	1.09e-11	2.82e-06	1.00e+00	0.00e+00	0.00e+00	0.00e+00	0.00e+00	0.00e+00
 4.36417e+12	1.47e-42	1.39e-33	2.35e-25	4.80e-18	1.28e-11	3.08e-06	1.00e+00	0.00e+00	0.00e+00	0.00e+00	0.00e+00	0.00e+00
 4.56866e+12	0.00e+00	1.99e-33	3.18e-25	6.10e-18	1.52e-11	3.39e-06	1.00e+00	0.00e+00	0.00e+00	0.00e+00	0.00e+00	0.00e+00
 4.75470e+12	3.25e-42	2.73e-33	4.13e-25	7.53e-18	1.77e-11	3.68e-06	1.00e+00	0.00e+00	0.00e+00	0.00e+00	0.00e+00	0.00e+00
 4.91149e+12	0.00e+00	3.53e-33	5.12e-25	8.93e-18	2.00e-11	3.93e-06	1.00e+00	0.00e+00	0.00e+00	0.00e+00	0.00e+00	0.00e+00
 5.08400e+12	6.07e-42	4.64e-33	6.44e-25	1.07e-17	2.27e-11	4.22e-06	1.00e+00	0.00e+00	0.00e+00	0.00e+00	0.00e+00	0.00e+00
 5.27882e+12	0.00e+00	6.25e-33	8.27e-25	1.31e-17	2.62e-11	4.56e-06	1.00e+00	0.00e+00	0.00e+00	0.00e+00	0.00e+00	0.00e+00
 5.46548e+12	1.20e-41	8.25e-33	1.04e-24	1.57e-17	2.99e-11	4.90e-06	1.00e+00	0.00e+00	0.00e+00	0.00e+00	0.00e+00	0.00e+00
 5.67100e+12	0.00e+00	1.11e-32	1.34e-24	1.92e-17	3.44e-11	5.28e-06	1.00e+00	0.00e+00	0.00e+00	0.00e+00	0.00e+00	0.00e+00
 5.89929e+12	2.46e-41	1.52e-32	1.74e-24	2.37e-17	3.99e-11	5.73e-06	1.00e+00	0.00e+00	0.00e+00	0.00e+00	0.00e+00	0.00e+00
 6.11324e+12	0.00e+00	2.03e-32	2.21e-24	2.86e-17	4.57e-11	6.17e-06	1.00e+00	0.00e+00	0.00e+00	0.00e+00	0.00e+00	0.00e+00
 6.34743e+12	4.97e-41	2.77e-32	2.86e-24	3.50e-17	5.26e-11	6.65e-06	1.00e+00	0.00e+00	0.00e+00	0.00e+00	0.00e+00	0.00e+00
 6.62437e+12	0.00e+00	3.90e-32	3.82e-24	4.41e-17	6.19e-11	7.27e-06	1.00e+00	0.00e+00	0.00e+00	0.00e+00	0.00e+00	0.00e+00
 6.89407e+12	1.09e-40	5.40e-32	5.01e-24	5.47e-17	7.21e-11	7.90e-06	1.00e+00	0.00e+00	0.00e+00	0.00e+00	0.00e+00	0.00e+00
 7.12746e+12	0.00e+00	7.09e-32	6.29e-24	6.55e-17	8.18e-11	8.46e-06	1.00e+00	0.00e+00	0.00e+00	0.00e+00	0.00e+00	0.00e+00
 7.37645e+12	2.10e-40	9.42e-32	7.97e-24	7.89e-17	9.32e-11	9.07e-06	1.00e+00	0.00e+00	0.00e+00	0.00e+00	0.00e+00	0.00e+00
 7.68249e+12	0.00e+00	1.32e-31	1.05e-23	9.84e-17	1.09e-10	9.86e-06	1.00e+00	0.00e+00	0.00e+00	0.00e+00	0.00e+00	0.00e+00
 7.98933e+12	4.56e-40	1.83e-31	1.38e-23	1.22e-16	1.26e-10	1.07e-05	1.00e+00	0.00e+00	0.00e+00	0.00e+00	0.00e+00	0.00e+00
 8.25761e+12	0.00e+00	2.41e-31	1.74e-23	1.46e-16	1.43e-10	1.14e-05	1.00e+00	0.00e+00	0.00e+00	0.00e+00	0.00e+00	0.00e+00
 8.54913e+12	8.88e-40	3.22e-31	2.21e-23	1.77e-16	1.63e-10	1.23e-05	1.00e+00	0.00e+00	0.00e+00	0.00e+00	0.00e+00	0.00e+00
 8.90315e+12	0.00e+00	4.52e-31	2.94e-23	2.21e-16	1.91e-10	1.34e-05	1.00e+00	0.00e+00	0.00e+00	0.00e+00	0.00e+00	0.00e+00
 9.25842e+12	1.95e-39	6.28e-31	3.86e-23	2.74e-16	2.22e-10	1.45e-05	1.00e+00	0.00e+00	0.00e+00	0.00e+00	0.00e+00	0.00e+00
 9.57704e+12	0.00e+00	8.38e-31	4.90e-23	3.30e-16	2.52e-10	1.55e-05	1.00e+00	0.00e+00	0.00e+00	0.00e+00	0.00e+00	0.00e+00
 9.92801e+12	3.94e-39	1.14e-30	6.33e-23	4.03e-16	2.89e-10	1.67e-05	1.00e+00	0.00e+00	0.00e+00	0.00e+00	0.00e+00	0.00e+00
 1.03439e+13	0.00e+00	1.62e-30	8.45e-23	5.06e-16	3.39e-10	1.82e-05	1.00e+00	0.00e+00	0.00e+00	0.00e+00	0.00e+00	0.00e+00
 1.07566e+13	8.83e-39	2.26e-30	1.12e-22	6.29e-16	3.94e-10	1.97e-05	1.00e+00	0.00e+00	0.00e+00	0.00e+00	0.00e+00	0.00e+00
 1.11397e+13	0.00e+00	3.06e-30	1.43e-22	7.65e-16	4.50e-10	2.12e-05	1.00e+00	0.00e+00	0.00e+00	0.00e+00	0.00e+00	0.00e+00
 1.15692e+13	1.86e-38	4.25e-30	1.88e-22	9.45e-16	5.21e-10	2.29e-05	1.00e+00	0.00e+00	0.00e+00	0.00e+00	0.00e+00	0.00e+00
 1.20619e+13	0.00e+00	6.10e-30	2.54e-22	1.19e-15	6.11e-10	2.49e-05	1.00e+00	0.00e+00	0.00e+00	0.00e+00	0.00e+00	0.00e+00
 1.25479e+13	4.28e-38	8.63e-30	3.37e-22	1.49e-15	7.11e-10	2.70e-05	1.00e+00	0.00e+00	0.00e+00	0.00e+00	0.00e+00	0.00e+00
 1.30534e+13	0.00e+00	1.22e-29	4.49e-22	1.86e-15	8.28e-10	2.93e-05	1.00e+00	0.00e+00	0.00e+00	0.00e+00	0.00e+00	0.00e+00
 1.36055e+13	9.91e-38	1.76e-29	6.07e-22	2.35e-15	9.71e-10	3.19e-05	1.00e+00	0.00e+00	0.00e+00	0.00e+00	0.00e+00	0.00e+00
 1.41796e+13	0.00e+00	2.54e-29	8.20e-22	2.97e-15	1.14e-09	3.47e-05	1.00e+00	0.00e+00	0.00e+00	0.00e+00	0.00e+00	0.00e+00
 1.47768e+13	2.36e-37	3.67e-29	1.11e-21	3.76e-15	1.34e-09	3.77e-05	1.00e+00	0.00e+00	0.00e+00	0.00e+00	0.00e+00	0.00e+00
 1.53617e+13	0.00e+00	5.20e-29	1.48e-21	4.68e-15	1.55e-09	4.08e-05	1.00e+00	0.00e+00	0.00e+00	0.00e+00	0.00e+00	0.00e+00
 1.59037e+13	5.15e-37	7.09e-29	1.91e-21	5.71e-15	1.77e-09	4.38e-05	1.00e+00	0.00e+00	0.00e+00	0.00e+00	0.00e+00	0.00e+00
 1.65034e+13	0.00e+00	9.92e-29	2.51e-21	7.05e-15	2.05e-09	4.72e-05	1.00e+00	0.00e+00	0.00e+00	0.00e+00	0.00e+00	0.00e+00
 1.71206e+13	1.13e-36	1.38e-28	3.29e-21	8.69e-15	2.36e-09	5.08e-05	1.00e+00	0.00e+00	0.00e+00	0.00e+00	0.00e+00	0.00e+00
 1.76354e+13	0.00e+00	1.81e-28	4.10e-21	1.03e-14	2.65e-09	5.40e-05	1.00e+00	0.00e+00	0.00e+00	0.00e+00	0.00e+00	0.00e+00
 1.81779e+13	2.17e-36	2.39e-28	5.14e-21	1.23e-14	2.98e-09	5.73e-05	1.00e+00	0.00e+00	0.00e+00	0.00e+00	0.00e+00	0.00e+00
 1.88691e+13	0.00e+00	3.37e-28	6.80e-21	1.52e-14	3.44e-09	6.18e-05	1.00e+00	0.00e+00	0.00e+00	0.00e+00	0.00e+00	0.00e+00
 1.95917e+13	4.91e-36	4.75e-28	9.01e-21	1.88e-14	3.98e-09	6.67e-05	1.00e+00	0.00e+00	0.00e+00	0.00e+00	0.00e+00	0.00e+00
 2.02303e+13	0.00e+00	6.41e-28	1.15e-20	2.27e-14	4.51e-09	7.11e-05	1.00e+00	0.00e+00	0.00e+00	0.00e+00	0.00e+00	0.00e+00
 2.09219e+13	1.02e-35	8.77e-28	1.48e-20	2.75e-14	5.14e-09	7.61e-05	1.00e+00	0.00e+00	0.00e+00	0.00e+00	0.00e+00	0.00e+00
 2.16948e+13	0.00e+00	1.23e-27	1.95e-20	3.39e-14	5.92e-09	8.18e-05	1.00e+00	0.00e+00	0.00e+00	0.00e+00	0.00e+00	0.00e+00
 2.24203e+13	2.19e-35	1.67e-27	2.50e-20	4.10e-14	6.72e-09	8.74e-05	1.00e+00	0.00e+00	0.00e+00	0.00e+00	0.00e+00	0.00e+00
 2.32104e+13	0.00e+00	2.32e-27	3.25e-20	5.01e-14	7.69e-09	9.36e-05	1.00e+00	0.00e+00	0.00e+00	0.00e+00	0.00e+00	0.00e+00
 2.40889e+13	4.90e-35	3.28e-27	4.32e-20	6.22e-14	8.89e-09	1.01e-04	1.00e+00	0.00e+00	0.00e+00	0.00e+00	0.00e+00	0.00e+00
 2.49078e+13	7.15e-35	4.51e-27	5.58e-20	7.55e-14	1.01e-08	1.08e-04	1.00e+00	0.00e+00	0.00e+00	0.00e+00	0.00e+00	0.00e+00
 2.57980e+13	1.07e-34	6.29e-27	7.30e-20	9.26e-14	1.16e-08	1.16e-04	1.00e+00	0.00e+00	0.00e+00	0.00e+00	0.00e+00	0.00e+00
 2.67929e+13	1.63e-34	9.01e-27	9.75e-20	1.15e-13	1.35e-08	1.25e-04	1.00e+00	0.00e+00	0.00e+00	0.00e+00	0.00e+00	0.00e+00
 2.77294e+13	2.42e-34	1.25e-26	1.27e-19	1.41e-13	1.54e-08	1.33e-04	1.00e+00	0.00e+00	0.00e+00	0.00e+00	0.00e+00	0.00e+00
 2.87523e+13	3.67e-34	1.77e-26	1.68e-19	1.74e-13	1.77e-08	1.43e-04	1.00e+00	0.00e+00	0.00e+00	0.00e+00	0.00e+00	0.00e+00
 2.98952e+13	5.72e-34	2.57e-26	2.27e-19	2.19e-13	2.06e-08	1.55e-04	1.00e+00	0.00e+00	0.00e+00	0.00e+00	0.00e+00	0.00e+00
 3.09727e+13	8.60e-34	3.62e-26	2.99e-19	2.69e-13	2.37e-08	1.66e-04	1.00e+00	0.00e+00	0.00e+00	0.00e+00	0.00e+00	0.00e+00
 3.21303e+13	1.31e-33	5.15e-26	3.97e-19	3.33e-13	2.74e-08	1.78e-04	1.00e+00	0.00e+00	0.00e+00	0.00e+00	0.00e+00	0.00e+00
 3.34454e+13	2.09e-33	7.58e-26	5.42e-19	4.22e-13	3.20e-08	1.93e-04	1.00e+00	0.00e+00	0.00e+00	0.00e+00	0.00e+00	0.00e+00
 3.47346e+13	3.23e-33	1.09e-25	7.27e-19	5.26e-13	3.71e-08	2.08e-04	1.00e+00	0.00e+00	0.00e+00	0.00e+00	0.00e+00	0.00e+00
 3.60754e+13	5.02e-33	1.58e-25	9.77e-19	6.57e-13	4.31e-08	2.24e-04	1.00e+00	0.00e+00	0.00e+00	0.00e+00	0.00e+00	0.00e+00
 3.75484e+13	7.97e-33	2.32e-25	1.33e-18	8.31e-13	5.04e-08	2.43e-04	1.00e+00	0.00e+00	0.00e+00	0.00e+00	0.00e+00	0.00e+00
 3.90379e+13	1.25e-32	3.39e-25	1.81e-18	1.04e-12	5.87e-08	2.62e-04	1.00e+00	0.00e+00	0.00e+00	0.00e+00	0.00e+00	0.00e+00
 4.05870e+13	1.97e-32	4.95e-25	2.45e-18	1.31e-12	6.84e-08	2.83e-04	1.00e+00	0.00e+00	0.00e+00	0.00e+00	0.00e+00	0.00e+00
 4.21436e+13	3.05e-32	7.13e-25	3.28e-18	1.64e-12	7.93e-08	3.05e-04	1.00e+00	0.00e+00	0.00e+00	0.00e+00	0.00e+00	0.00e+00
 4.36118e+13	4.54e-32	9.94e-25	4.29e-18	2.00e-12	9.07e-08	3.27e-04	1.00e+00	0.00e+00	0.00e+00	0.00e+00	0.00e+00	0.00e+00
 4.52356e+13	6.94e-32	1.42e-24	5.70e-18	2.49e-12	1.05e-07	3.51e-04	1.00e+00	0.00e+00	0.00e+00	0.00e+00	0.00e+00	0.00e+00
 4.68619e+13	1.04e-31	2.00e-24	7.51e-18	3.06e-12	1.20e-07	3.77e-04	1.00e+00	0.00e+00	0.00e+00	0.00e+00	0.00e+00	0.00e+00
 4.82018e+13	1.45e-31	2.63e-24	9.36e-18	3.61e-12	1.35e-07	3.99e-04	1.00e+00	0.00e+00	0.00e+00	0.00e+00	0.00e+00	0.00e+00
 4.96168e+13	2.03e-31	3.47e-24	1.17e-17	4.29e-12	1.51e-07	4.23e-04	1.00e+00	0.00e+00	0.00e+00	0.00e+00	0.00e+00	0.00e+00
 5.14398e+13	3.08e-31	4.92e-24	1.55e-17	5.30e-12	1.74e-07	4.54e-04	1.00e+00	0.00e+00	0.00e+00	0.00e+00	0.00e+00	0.00e+00
 5.33605e+13	4.69e-31	7.02e-24	2.07e-17	6.58e-12	2.01e-07	4.89e-04	1.00e+00	0.00e+00	0.00e+00	0.00e+00	0.00e+00	0.00e+00
 5.50482e+13	6.80e-31	9.59e-24	2.66e-17	7.91e-12	2.27e-07	5.20e-04	9.99e-01	0.00e+00	0.00e+00	0.00e+00	0.00e+00	0.00e+00
 5.68662e+13	9.80e-31	1.30e-23	3.40e-17	9.58e-12	2.58e-07	5.56e-04	9.99e-01	0.00e+00	0.00e+00	0.00e+00	0.00e+00	0.00e+00
 5.90666e+13	1.51e-30	1.87e-23	4.57e-17	1.20e-11	3.00e-07	6.00e-04	9.99e-01	0.00e+00	0.00e+00	0.00e+00	0.00e+00	0.00e+00
 6.13024e+13	2.32e-30	2.68e-23	6.10e-17	1.49e-11	3.48e-07	6.47e-04	9.99e-01	0.00e+00	0.00e+00	0.00e+00	0.00e+00	0.00e+00
 6.33797e+13	3.40e-30	3.69e-23	7.91e-17	1.82e-11	3.97e-07	6.92e-04	9.99e-01	0.00e+00	0.00e+00	0.00e+00	0.00e+00	0.00e+00
 6.56967e+13	5.13e-30	5.21e-23	1.04e-16	2.25e-11	4.57e-07	7.44e-04	9.99e-01	0.00e+00	0.00e+00	0.00e+00	0.00e+00	0.00e+00
 6.81752e+13	7.83e-30	7.44e-23	1.39e-16	2.80e-11	5.30e-07	8.02e-04	9.99e-01	0.00e+00	0.00e+00	0.00e+00	0.00e+00	0.00e+00
 7.03785e+13	1.13e-29	1.01e-22	1.78e-16	3.37e-11	6.01e-07	8.55e-04	9.99e-01	0.00e+00	0.00e+00	0.00e+00	0.00e+00	0.00e+00
 7.27424e+13	1.64e-29	1.39e-22	2.31e-16	4.10e-11	6.85e-07	9.15e-04	9.99e-01	0.00e+00	0.00e+00	0.00e+00	0.00e+00	0.00e+00
 7.55750e+13	2.54e-29	2.00e-22	3.10e-16	5.14e-11	7.97e-07	9.89e-04	9.99e-01	0.00e+00	0.00e+00	0.00e+00	0.00e+00	0.00e+00
 7.83589e+13	3.83e-29	2.82e-22	4.11e-16	6.36e-11	9.20e-07	1.06e-03	9.99e-01	0.00e+00	0.00e+00	0.00e+00	0.00e+00	0.00e+00
 8.08317e+13	5.45e-29	3.80e-22	5.23e-16	7.65e-11	1.04e-06	1.13e-03	9.99e-01	0.00e+00	0.00e+00	0.00e+00	0.00e+00	0.00e+00
 8.35581e+13	7.94e-29	5.22e-22	6.76e-16	9.31e-11	1.19e-06	1.21e-03	9.99e-01	0.00e+00	0.00e+00	0.00e+00	0.00e+00	0.00e+00
 8.68160e+13	1.22e-28	7.51e-22	9.10e-16	1.17e-10	1.38e-06	1.31e-03	9.99e-01	0.00e+00	0.00e+00	0.00e+00	0.00e+00	0.00e+00
 9.00541e+13	1.86e-28	1.07e-21	1.21e-15	1.45e-10	1.60e-06	1.42e-03	9.99e-01	0.00e+00	0.00e+00	0.00e+00	0.00e+00	0.00e+00
 9.30054e+13	2.68e-28	1.45e-21	1.55e-15	1.75e-10	1.81e-06	1.51e-03	9.98e-01	0.00e+00	0.00e+00	0.00e+00	0.00e+00	0.00e+00
 9.62948e+13	3.97e-28	2.02e-21	2.03e-15	2.15e-10	2.08e-06	1.62e-03	9.98e-01	0.00e+00	0.00e+00	0.00e+00	0.00e+00	0.00e+00
 1.00132e+14	6.18e-28	2.94e-21	2.76e-15	2.72e-10	2.43e-06	1.76e-03	9.98e-01	0.00e+00	0.00e+00	0.00e+00	0.00e+00	0.00e+00
 1.03904e+14	9.42e-28	4.19e-21	3.67e-15	3.38e-10	2.82e-06	1.90e-03	9.98e-01	0.00e+00	0.00e+00	0.00e+00	0.00e+00	0.00e+00
 1.07455e+14	1.38e-27	5.78e-21	4.77e-15	4.12e-10	3.22e-06	2.03e-03	9.98e-01	0.00e+00	0.00e+00	0.00e+00	0.00e+00	0.00e+00
 1.11412e+14	2.08e-27	8.16e-21	6.32e-15	5.11e-10	3.72e-06	2.19e-03	9.98e-01	0.00e+00	0.00e+00	0.00e+00	0.00e+00	0.00e+00
 1.15898e+14	3.26e-27	1.19e-20	8.59e-15	6.46e-10	4.35e-06	2.37e-03	9.98e-01	0.00e+00	0.00e+00	0.00e+00	0.00e+00	0.00e+00
 1.20377e+14	5.03e-27	1.72e-20	1.15e-14	8.08e-10	5.05e-06	2.56e-03	9.97e-01	0.00e+00	0.00e+00	0.00e+00	0.00e+00	0.00e+00
 1.24562e+14	7.43e-27	2.38e-20	1.51e-14	9.90e-10	5.79e-06	2.75e-03	9.97e-01	0.00e+00	0.00e+00	0.00e+00	0.00e+00	0.00e+00
 1.29101e+14	1.12e-26	3.36e-20	1.99e-14	1.22e-09	6.67e-06	2.96e-03	9.97e-01	0.00e+00	0.00e+00	0.00e+00	0.00e+00	0.00e+00
 1.34187e+14	1.74e-26	4.87e-20	2.69e-14	1.54e-09	7.78e-06	3.20e-03	9.97e-01	0.00e+00	0.00e+00	0.00e+00	0.00e+00	0.00e+00
 1.38936e+14	2.60e-26	6.82e-20	3.54e-14	1.89e-09	8.93e-06	3.43e-03	9.97e-01	0.00e+00	0.00e+00	0.00e+00	0.00e+00	0.00e+00
 1.43332e+14	3.71e-26	9.21e-20	4.51e-14	2.28e-09	1.01e-05	3.66e-03	9.96e-01	0.00e+00	0.00e+00	0.00e+00	0.00e+00	0.00e+00
 1.47563e+14	5.19e-26	1.22e-19	5.66e-14	2.70e-09	1.13e-05	3.88e-03	9.96e-01	0.00e+00	0.00e+00	0.00e+00	0.00e+00	0.00e+00
 1.52263e+14	7.44e-26	1.65e-19	7.24e-14	3.26e-09	1.28e-05	4.13e-03	9.96e-01	0.00e+00	0.00e+00	0.00e+00	0.00e+00	0.00e+00
 1.57464e+14	1.10e-25	2.29e-19	9.42e-14	3.98e-09	1.47e-05	4.43e-03	9.96e-01	0.00e+00	0.00e+00	0.00e+00	0.00e+00	0.00e+00
 1.62307e+14	1.56e-25	3.07e-19	1.19e-13	4.76e-09	1.65e-05	4.70e-03	9.95e-01	0.00e+00	0.00e+00	0.00e+00	0.00e+00	0.00e+00
 1.67594e+14	2.25e-25	4.19e-19	1.54e-13	5.76e-09	1.88e-05	5.02e-03	9.95e-01	0.00e+00	0.00e+00	0.00e+00	0.00e+00	0.00e+00
 1.73543e+14	3.37e-25	5.88e-19	2.02e-13	7.09e-09	2.16e-05	5.39e-03	9.95e-01	0.00e+00	0.00e+00	0.00e+00	0.00e+00	0.00e+00
 1.79220e+14	4.90e-25	8.04e-19	2.60e-13	8.58e-09	2.45e-05	5.75e-03	9.94e-01	0.00e+00	0.00e+00	0.00e+00	0.00e+00	0.00e+00
 1.85467e+14	7.29e-25	1.12e-18	3.40e-13	1.05e-08	2.81e-05	6.16e-03	9.94e-01	0.00e+00	0.00e+00	0.00e+00	0.00e+00	0.00e+00
 1.92349e+14	1.11e-24	1.60e-18	4.53e-13	1.31e-08	3.25e-05	6.63e-03	9.93e-01	0.00e+00	0.00e+00	0.00e+00	0.00e+00	0.00e+00
 1.98675e+14	1.62e-24	2.19e-18	5.84e-13	1.58e-08	3.69e-05	7.08e-03	9.93e-01	0.00e+00	0.00e+00	0.00e+00	0.00e+00	0.00e+00
 2.05515e+14	2.39e-24	3.04e-18	7.62e-13	1.93e-08	4.22e-05	7.58e-03	9.92e-01	0.00e+00	0.00e+00	0.00e+00	0.00e+00	0.00e+00
 2.13170e+14	3.65e-24	4.34e-18	1.01e-12	2.40e-08	4.88e-05	8.16e-03	9.92e-01	0.00e+00	0.00e+00	0.00e+00	0.00e+00	0.00e+00
 2.20378e+14	5.38e-24	6.00e-18	1.32e-12	2.93e-08	5.57e-05	8.72e-03	9.91e-01	0.00e+00	0.00e+00	0.00e+00	0.00e+00	0.00e+00
 2.28242e+14	8.05e-24	8.42e-18	1.73e-12	3.61e-08	6.40e-05	9.36e-03	9.91e-01	0.00e+00	0.00e+00	0.00e+00	0.00e+00	0.00e+00
 2.36973e+14	1.24e-23	1.21e-17	2.33e-12	4.51e-08	7.43e-05	1.01e-02	9.90e-01	0.00e+00	0.00e+00	0.00e+00	0.00e+00	0.00e+00
 2.45112e+14	1.83e-23	1.68e-17	3.03e-12	5.51e-08	8.49e-05	1.08e-02	9.89e-01	0.00e+00	0.00e+00	0.00e+00	0.00e+00	0.00e+00
 2.53959e+14	2.75e-23	2.37e-17	4.00e-12	6.80e-08	9.77e-05	1.16e-02	9.88e-01	0.00e+00	0.00e+00	0.00e+00	0.00e+00	0.00e+00
 2.63862e+14	4.25e-23	3.41e-17	5.38e-12	8.53e-08	1.14e-04	1.26e-02	9.87e-01	0.00e+00	0.00e+00	0.00e+00	0.00e+00	0.00e+00
 2.73242e+14	6.33e-23	4.78e-17	7.07e-12	1.05e-07	1.31e-04	1.35e-02	9.86e-01	0.00e+00	0.00e+00	0.00e+00	0.00e+00	0.00e+00
 2.83283e+14	9.52e-23	6.74e-17	9.36e-12	1.30e-07	1.51e-04	1.45e-02	9.85e-01	0.00e+00	0.00e+00	0.00e+00	0.00e+00	0.00e+00
 2.94645e+14	1.48e-22	9.81e-17	1.27e-11	1.64e-07	1.76e-04	1.57e-02	9.84e-01	0.00e+00	0.00e+00	0.00e+00	0.00e+00	0.00e+00
 3.05808e+14	2.25e-22	1.40e-16	1.69e-11	2.04e-07	2.04e-04	1.70e-02	9.83e-01	0.00e+00	0.00e+00	0.00e+00	0.00e+00	0.00e+00
 3.17418e+14	3.41e-22	1.99e-16	2.26e-11	2.55e-07	2.36e-04	1.83e-02	9.81e-01	0.00e+00	0.00e+00	0.00e+00	0.00e+00	0.00e+00
 3.30145e+14	5.26e-22	2.87e-16	3.05e-11	3.21e-07	2.76e-04	1.99e-02	9.80e-01	0.00e+00	0.00e+00	0.00e+00	0.00e+00	0.00e+00
 3.42689e+14	7.96e-22	4.08e-16	4.07e-11	4.01e-07	3.20e-04	2.15e-02	9.78e-01	0.00e+00	0.00e+00	0.00e+00	0.00e+00	0.00e+00
 3.53080e+14	1.10e-21	5.39e-16	5.12e-11	4.78e-07	3.60e-04	2.29e-02	9.77e-01	0.00e+00	0.00e+00	0.00e+00	0.00e+00	0.00e+00
 3.61452e+14	1.42e-21	6.69e-16	6.12e-11	5.49e-07	3.94e-04	2.40e-02	9.76e-01	0.00e+00	0.00e+00	0.00e+00	0.00e+00	0.00e+00
 3.70733e+14	1.87e-21	8.46e-16	7.43e-11	6.37e-07	4.36e-04	2.53e-02	9.74e-01	0.00e+00	0.00e+00	0.00e+00	0.00e+00	0.00e+00
 3.82799e+14	2.64e-21	1.14e-15	9.48e-11	7.69e-07	4.94e-04	2.71e-02	9.72e-01	0.00e+00	0.00e+00	0.00e+00	0.00e+00	0.00e+00
 3.95744e+14	3.76e-21	1.54e-15	1.22e-10	9.36e-07	5.63e-04	2.90e-02	9.70e-01	0.00e+00	0.00e+00	0.00e+00	0.00e+00	0.00e+00
 4.07238e+14	5.07e-21	2.00e-15	1.51e-10	1.11e-06	6.30e-04	3.08e-02	9.69e-01	0.00e+00	0.00e+00	0.00e+00	0.00e+00	0.00e+00
 4.19585e+14	6.97e-21	2.62e-15	1.90e-10	1.32e-06	7.08e-04	3.28e-02	9.66e-01	0.00e+00	0.00e+00	0.00e+00	0.00e+00	0.00e+00
 4.35110e+14	1.02e-20	3.64e-15	2.50e-10	1.63e-06	8.16e-04	3.55e-02	9.64e-01	0.00e+00	0.00e+00	0.00e+00	0.00e+00	0.00e+00
 4.50857e+14	1.47e-20	5.01e-15	3.27e-10	2.01e-06	9.38e-04	3.82e-02	9.61e-01	0.00e+00	0.00e+00	0.00e+00	0.00e+00	0.00e+00
 4.64416e+14	2.00e-20	6.54e-15	4.08e-10	2.39e-06	1.05e-03	4.07e-02	9.58e-01	0.00e+00	0.00e+00	0.00e+00	0.00e+00	0.00e+00
 4.79038e+14	2.74e-20	8.62e-15	5.15e-10	2.87e-06	1.19e-03	4.35e-02	9.55e-01	0.00e+00	0.00e+00	0.00e+00	0.00e+00	0.00e+00
 4.97064e+14	3.99e-20	1.20e-14	6.79e-10	3.57e-06	1.37e-03	4.71e-02	9.52e-01	0.00e+00	0.00e+00	0.00e+00	0.00e+00	0.00e+00
 5.15426e+14	5.75e-20	1.65e-14	8.91e-10	4.41e-06	1.58e-03	5.08e-02	9.48e-01	0.00e+00	0.00e+00	0.00e+00	0.00e+00	0.00e+00
 5.31789e+14	7.87e-20	2.18e-14	1.13e-09	5.29e-06	1.78e-03	5.43e-02	9.44e-01	0.00e+00	0.00e+00	0.00e+00	0.00e+00	0.00e+00
 5.49642e+14	1.09e-19	2.92e-14	1.44e-09	6.42e-06	2.02e-03	5.83e-02	9.40e-01	0.00e+00	0.00e+00	0.00e+00	0.00e+00	0.00e+00
 5.70943e+14	1.60e-19	4.08e-14	1.91e-09	8.02e-06	2.34e-03	6.32e-02	9.34e-01	0.00e+00	0.00e+00	0.00e+00	0.00e+00	0.00e+00
 5.91962e+14	2.29e-19	5.61e-14	2.51e-09	9.90e-06	2.69e-03	6.82e-02	9.29e-01	0.00e+00	0.00e+00	0.00e+00	0.00e+00	0.00e+00
 6.10928e+14	3.13e-19	7.41e-14	3.17e-09	1.19e-05	3.03e-03	7.29e-02	9.24e-01	0.00e+00	0.00e+00	0.00e+00	0.00e+00	0.00e+00
 6.31989e+14	4.38e-19	9.99e-14	4.08e-09	1.45e-05	3.45e-03	7.83e-02	9.18e-01	0.00e+00	0.00e+00	0.00e+00	0.00e+00	0.00e+00
 6.56786e+14	6.41e-19	1.40e-13	5.45e-09	1.81e-05	3.99e-03	8.49e-02	9.11e-01	0.00e+00	0.00e+00	0.00e+00	0.00e+00	0.00e+00
 6.81248e+14	9.21e-19	1.94e-13	7.16e-09	2.24e-05	4.58e-03	9.16e-02	9.04e-01	0.00e+00	0.00e+00	0.00e+00	0.00e+00	0.00e+00
 7.03939e+14	1.27e-18	2.59e-13	9.15e-09	2.71e-05	5.18e-03	9.80e-02	8.97e-01	0.00e+00	0.00e+00	0.00e+00	0.00e+00	0.00e+00
 7.29377e+14	1.81e-18	3.55e-13	1.19e-08	3.32e-05	5.91e-03	1.05e-01	8.89e-01	0.00e+00	0.00e+00	0.00e+00	0.00e+00	0.00e+00
 7.58582e+14	2.68e-18	5.05e-13	1.60e-08	4.17e-05	6.84e-03	1.14e-01	8.79e-01	0.00e+00	0.00e+00	0.00e+00	0.00e+00	0.00e+00
 7.87287e+14	3.88e-18	7.03e-13	2.12e-08	5.16e-05	7.85e-03	1.23e-01	8.69e-01	0.00e+00	0.00e+00	0.00e+00	0.00e+00	0.00e+00
 8.17140e+14	5.64e-18	9.82e-13	2.80e-08	6.39e-05	9.01e-03	1.32e-01	8.59e-01	0.00e+00	0.00e+00	0.00e+00	0.00e+00	0.00e+00
 8.44363e+14	7.85e-18	1.32e-12	3.59e-08	7.71e-05	1.02e-02	1.41e-01	8.49e-01	0.00e+00	0.00e+00	0.00e+00	0.00e+00	0.00e+00
 8.64624e+14	9.97e-18	1.63e-12	4.29e-08	8.83e-05	1.11e-02	1.48e-01	8.41e-01	0.00e+00	0.00e+00	0.00e+00	0.00e+00	0.00e+00
 8.85497e+14	1.27e-17	2.03e-12	5.13e-08	1.01e-04	1.21e-02	1.55e-01	8.33e-01	0.00e+00	0.00e+00	0.00e+00	0.00e+00	0.00e+00
 9.12632e+14	1.72e-17	2.67e-12	6.44e-08	1.20e-04	1.35e-02	1.64e-01	8.23e-01	0.00e+00	0.00e+00	0.00e+00	0.00e+00	0.00e+00
 9.42123e+14	2.43e-17	3.56e-12	8.19e-08	1.44e-04	1.51e-02	1.74e-01	8.11e-01	0.00e+00	0.00e+00	1.40e-17	7.32e-18	2.48e-18
 9.68800e+14	3.24e-17	4.60e-12	1.01e-07	1.68e-04	1.67e-02	1.83e-01	8.00e-01	0.00e+00	0.00e+00	1.86e-17	9.80e-18	3.30e-18
 9.97606e+14	4.38e-17	6.01e-12	1.26e-07	1.99e-04	1.85e-02	1.93e-01	7.89e-01	0.00e+00	0.00e+00	2.52e-17	1.32e-17	4.45e-18
 1.03418e+15	6.37e-17	8.36e-12	1.65e-07	2.43e-04	2.10e-02	2.05e-01	7.73e-01	0.00e+00	0.00e+00	3.66e-17	1.92e-17	6.44e-18
 1.07102e+15	9.17e-17	1.15e-11	2.15e-07	2.96e-04	2.37e-02	2.18e-01	7.58e-01	0.00e+00	0.00e+00	5.28e-17	2.77e-17	9.24e-18
 1.10182e+15	1.23e-16	1.49e-11	2.66e-07	3.46e-04	2.61e-02	2.29e-01	7.45e-01	0.00e+00	0.00e+00	7.10e-17	3.72e-17	1.24e-17
 1.13461e+15	1.68e-16	1.96e-11	3.31e-07	4.06e-04	2.89e-02	2.40e-01	7.30e-01	0.00e+00	0.00e+00	9.67e-17	5.05e-17	1.68e-17
 1.17622e+15	2.46e-16	2.73e-11	4.34e-07	4.96e-04	3.26e-02	2.55e-01	7.12e-01	0.00e+00	0.00e+00	1.42e-16	7.40e-17	2.45e-17
 1.21994e+15	3.62e-16	3.83e-11	5.70e-07	6.05e-04	3.69e-02	2.70e-01	6.93e-01	0.00e+00	0.00e+00	2.09e-16	1.09e-16	3.60e-17
 1.25925e+15	5.07e-16	5.12e-11	7.20e-07	7.17e-04	4.09e-02	2.83e-01	6.76e-01	0.00e+00	0.00e+00	2.93e-16	1.53e-16	5.03e-17
 1.30217e+15	7.26e-16	6.97e-11	9.23e-07	8.59e-04	4.57e-02	2.97e-01	6.57e-01	0.00e+00	0.00e+00	4.20e-16	2.19e-16	7.18e-17
 1.35298e+15	1.10e-15	9.93e-11	1.23e-06	1.05e-03	5.17e-02	3.13e-01	6.34e-01	0.00e+00	0.00e+00	6.35e-16	3.31e-16	1.08e-16
 1.40284e+15	1.62e-15	1.38e-10	1.60e-06	1.28e-03	5.79e-02	3.29e-01	6.12e-01	0.00e+00	0.00e+00	9.38e-16	4.88e-16	1.60e-16
 1.44827e+15	2.29e-15	1.85e-10	2.02e-06	1.51e-03	6.39e-02	3.42e-01	5.92e-01	0.00e+00	0.00e+00	1.32e-15	6.89e-16	2.25e-16
 1.49913e+15	3.32e-15	2.54e-10	2.59e-06	1.80e-03	7.11e-02	3.57e-01	5.70e-01	0.00e+00	0.00e+00	1.92e-15	1.00e-15	3.27e-16
 1.55844e+15	5.07e-15	3.62e-10	3.43e-06	2.19e-03	7.98e-02	3.73e-01	5.45e-01	0.00e+00	0.00e+00	2.94e-15	1.53e-15	4.97e-16
 1.61688e+15	7.58e-15	5.06e-10	4.46e-06	2.64e-03	8.90e-02	3.88e-01	5.20e-01	0.00e+00	0.00e+00	4.39e-15	2.28e-15	7.43e-16
 1.67199e+15	1.09e-14	6.85e-10	5.66e-06	3.12e-03	9.80e-02	4.01e-01	4.98e-01	0.00e+00	0.00e+00	6.34e-15	3.30e-15	1.07e-15
 1.73323e+15	1.62e-14	9.48e-10	7.30e-06	3.73e-03	1.08e-01	4.14e-01	4.73e-01	0.00e+00	0.00e+00	9.40e-15	4.89e-15	1.59e-15
 1.79151e+15	2.32e-14	1.27e-09	9.20e-06	4.38e-03	1.19e-01	4.26e-01	4.51e-01	0.00e+00	0.00e+00	1.35e-14	7.02e-15	2.27e-15
 1.83487e+15	3.02e-14	1.58e-09	1.09e-05	4.92e-03	1.27e-01	4.34e-01	4.34e-01	0.00e+00	0.00e+00	1.75e-14	9.11e-15	2.95e-15
 1.87876e+15	3.91e-14	1.95e-09	1.28e-05	5.50e-03	1.35e-01	4.42e-01	4.18e-01	0.00e+00	0.00e+00	2.27e-14	1.18e-14	3.82e-15
 1.93582e+15	5.42e-14	2.54e-09	1.57e-05	6.33e-03	1.46e-01	4.50e-01	3.98e-01	0.00e+00	0.00e+00	3.14e-14	1.64e-14	5.29e-15
 1.99780e+15	7.64e-14	3.35e-09	1.95e-05	7.33e-03	1.58e-01	4.59e-01	3.76e-01	0.00e+00	0.00e+00	4.43e-14	2.31e-14	7.46e-15
 2.05356e+15	1.03e-13	4.25e-09	2.35e-05	8.31e-03	1.69e-01	4.65e-01	3.58e-01	0.00e+00	0.00e+00	5.98e-14	3.11e-14	1.01e-14
 2.11344e+15	1.41e-13	5.46e-09	2.84e-05	9.46e-03	1.81e-01	4.71e-01	3.39e-01	0.00e+00	0.00e+00	8.19e-14	4.26e-14	1.38e-14
 2.19025e+15	2.08e-13	7.44e-09	3.61e-05	1.11e-02	1.97e-01	4.77e-01	3.15e-01	0.00e+00	0.00e+00	1.21e-13	6.29e-14	2.03e-14
 2.26773e+15	3.02e-13	1.00e-08	4.53e-05	1.29e-02	2.13e-01	4.81e-01	2.93e-01	0.00e+00	0.00e+00	1.75e-13	9.13e-14	2.95e-14
 2.33157e+15	4.07e-13	1.27e-08	5.43e-05	1.46e-02	2.26e-01	4.84e-01	2.76e-01	0.00e+00	0.00e+00	2.36e-13	1.23e-13	3.97e-14
 2.39901e+15	5.54e-13	1.61e-08	6.53e-05	1.64e-02	2.40e-01	4.85e-01	2.59e-01	0.00e+00	0.00e+00	3.22e-13	1.67e-13	5.40e-14
 2.48589e+15	8.10e-13	2.17e-08	8.19e-05	1.90e-02	2.58e-01	4.85e-01	2.38e-01	0.00e+00	0.00e+00	4.71e-13	2.45e-13	7.90e-14
 2.57754e+15	1.19e-12	2.92e-08	1.03e-04	2.21e-02	2.77e-01	4.84e-01	2.17e-01	0.00e+00	0.00e+00	6.90e-13	3.59e-13	1.16e-13
 2.65779e+15	1.64e-12	3.76e-08	1.25e-04	2.50e-02	2.93e-01	4.81e-01	2.01e-01	0.00e+00	0.00e+00	9.52e-13	4.96e-13	1.60e-13
 2.74369e+15	2.29e-12	4.87e-08	1.52e-04	2.83e-02	3.10e-01	4.77e-01	1.84e-01	0.00e+00	0.00e+00	1.33e-12	6.93e-13	2.23e-13
 2.84810e+15	3.41e-12	6.61e-08	1.91e-04	3.27e-02	3.31e-01	4.70e-01	1.66e-01	0.00e+00	0.00e+00	1.98e-12	1.03e-12	3.32e-13
 2.95117e+15	4.94e-12	8.79e-08	2.36e-04	3.73e-02	3.50e-01	4.63e-01	1.50e-01	0.00e+00	0.00e+00	2.87e-12	1.49e-12	4.82e-13
 3.04139e+15	6.76e-12	1.12e-07	2.83e-04	4.17e-02	3.67e-01	4.55e-01	1.37e-01	0.00e+00	0.00e+00	3.93e-12	2.05e-12	6.60e-13
 3.14030e+15	9.46e-12	1.44e-07	3.42e-04	4.68e-02	3.84e-01	4.45e-01	1.24e-01	0.00e+00	0.00e+00	5.49e-12	2.86e-12	9.22e-13
 3.26015e+15	1.40e-11	1.95e-07	4.26e-04	5.35e-02	4.04e-01	4.32e-01	1.09e-01	0.00e+00	0.00e+00	8.13e-12	4.24e-12	1.36e-12
 3.37525e+15	1.99e-11	2.55e-07	5.21e-04	6.02e-02	4.23e-01	4.20e-01	9.72e-02	0.00e+00	0.00e+00	1.16e-11	6.03e-12	1.94e-12
 3.47213e+15	2.65e-11	3.17e-07	6.13e-04	6.63e-02	4.37e-01	4.08e-01	8.81e-02	0.00e+00	0.00e+00	1.54e-11	8.04e-12	2.59e-12
 3.55953e+15	3.41e-11	3.84e-07	7.05e-04	7.20e-02	4.49e-01	3.97e-01	8.05e-02	0.00e+00	0.00e+00	1.98e-11	1.03e-11	3.33e-12
 3.65540e+15	4.48e-11	4.71e-07	8.19e-04	7.85e-02	4.62e-01	3.86e-01	7.30e-02	0.00e+00	0.00e+00	2.60e-11	1.36e-11	4.37e-12
 3.76154e+15	5.97e-11	5.86e-07	9.62e-04	8.61e-02	4.75e-01	3.72e-01	6.55e-02	0.00e+00	0.00e+00	3.47e-11	1.81e-11	5.83e-12
 3.86089e+15	7.74e-11	7.14e-07	1.11e-03	9.34e-02	4.87e-01	3.60e-01	5.92e-02	0.00e+00	0.00e+00	4.50e-11	2.35e-11	7.56e-12
 3.96988e+15	1.03e-10	8.82e-07	1.30e-03	1.02e-01	4.98e-01	3.46e-01	5.29e-02	0.00e+00	0.00e+00	5.96e-11	3.11e-11	1.00e-11
 4.08958e+15	1.38e-10	1.10e-06	1.53e-03	1.11e-01	5.10e-01	3.31e-01	4.68e-02	0.00e+00	0.00e+00	8.01e-11	4.18e-11	1.35e-11
 4.20088e+15	1.79e-10	1.34e-06	1.76e-03	1.21e-01	5.19e-01	3.17e-01	4.18e-02	0.00e+00	0.00e+00	1.04e-10	5.43e-11	1.75e-11
 4.32325e+15	2.38e-10	1.67e-06	2.06e-03	1.31e-01	5.28e-01	3.02e-01	3.69e-02	0.00e+00	0.00e+00	1.38e-10	7.23e-11	2.33e-11
 4.45835e+15	3.21e-10	2.09e-06	2.43e-03	1.43e-01	5.37e-01	2.85e-01	3.21e-02	0.00e+00	0.00e+00	1.87e-10	9.74e-11	3.14e-11
 4.58543e+15	4.20e-10	2.56e-06	2.82e-03	1.55e-01	5.44e-01	2.71e-01	2.82e-02	0.00e+00	0.00e+00	2.44e-10	1.28e-10	4.11e-11
 4.70741e+15	5.39e-10	3.10e-06	3.24e-03	1.66e-01	5.49e-01	2.57e-01	2.50e-02	0.00e+00	0.00e+00	3.14e-10	1.64e-10	5.28e-11
 4.84735e+15	7.20e-10	3.85e-06	3.79e-03	1.80e-01	5.54e-01	2.41e-01	2.16e-02	0.00e+00	0.00e+00	4.19e-10	2.19e-10	7.06e-11
 4.99973e+15	9.64e-10	4.81e-06	4.45e-03	1.95e-01	5.57e-01	2.25e-01	1.85e-02	0.00e+00	0.00e+00	5.61e-10	2.93e-10	9.45e-11
 5.13857e+15	1.24e-09	5.84e-06	5.13e-03	2.09e-01	5.59e-01	2.11e-01	1.61e-02	0.00e+00	0.00e+00	7.23e-10	3.78e-10	1.22e-10
 5.28936e+15	1.65e-09	7.22e-06	5.98e-03	2.24e-01	5.59e-01	1.97e-01	1.38e-02	0.00e+00	0.00e+00	9.60e-10	5.02e-10	1.62e-10
 5.45469e+15	2.19e-09	8.98e-06	7.02e-03	2.42e-01	5.58e-01	1.82e-01	1.17e-02	0.00e+00	0.00e+00	1.28e-09	6.68e-10	2.16e-10
 5.60659e+15	2.82e-09	1.09e-05	8.08e-03	2.58e-01	5.55e-01	1.69e-01	1.00e-02	0.00e+00	0.00e+00	1.64e-09	8.59e-10	2.78e-10
 5.77173e+15	3.76e-09	1.35e-05	9.43e-03	2.76e-01	5.51e-01	1.55e-01	8.47e-03	0.00e+00	0.00e+00	2.19e-09	1.14e-09	3.70e-10
 5.94141e+15	4.87e-09	1.65e-05	1.09e-02	2.94e-01	5.45e-01	1.42e-01	7.15e-03	0.00e+00	0.00e+00	2.83e-09	1.48e-09	4.80e-10
 6.08247e+15	6.04e-09	1.95e-05	1.24e-02	3.10e-01	5.39e-01	1.32e-01	6.21e-03	0.00e+00	0.00e+00	3.52e-09	1.84e-09	5.95e-10
 6.20947e+15	7.31e-09	2.26e-05	1.38e-02	3.24e-01	5.33e-01	1.24e-01	5.46e-03	0.00e+00	0.00e+00	4.26e-09	2.23e-09	7.21e-10
 6.35270e+15	9.17e-09	2.68e-05	1.56e-02	3.40e-01	5.25e-01	1.14e-01	4.70e-03	0.00e+00	0.00e+00	5.34e-09	2.80e-09	9.05e-10
 6.51359e+15	1.17e-08	3.22e-05	1.78e-02	3.58e-01	5.15e-01	1.05e-01	3.98e-03	0.00e+00	0.00e+00	6.79e-09	3.56e-09	1.15e-09
 6.66529e+15	1.44e-08	3.79e-05	2.01e-02	3.75e-01	5.05e-01	9.61e-02	3.42e-03	0.00e+00	0.00e+00	8.39e-09	4.39e-09	1.42e-09
 6.80827e+15	1.77e-08	4.44e-05	2.26e-02	3.91e-01	4.95e-01	8.86e-02	2.94e-03	0.00e+00	0.00e+00	1.03e-08	5.40e-09	1.75e-09
 6.95041e+15	2.17e-08	5.18e-05	2.53e-02	4.07e-01	4.84e-01	8.15e-02	2.54e-03	0.00e+00	0.00e+00	1.26e-08	6.62e-09	2.15e-09
 7.11355e+15	2.78e-08	6.25e-05	2.89e-02	4.25e-01	4.70e-01	7.38e-02	2.13e-03	0.00e+00	0.00e+00	1.62e-08	8.49e-09	2.76e-09
 7.28722e+15	3.51e-08	7.48e-05	3.30e-02	4.44e-01	4.55e-01	6.64e-02	1.77e-03	0.00e+00	0.00e+00	2.04e-08	1.07e-08	3.48e-09
 7.44025e+15	4.33e-08	8.80e-05	3.72e-02	4.60e-01	4.41e-01	6.04e-02	1.50e-03	0.00e+00	0.00e+00	2.52e-08	1.32e-08	4.30e-09
 7.58304e+15	5.32e-08	1.03e-04	4.17e-02	4.75e-01	4.27e-01	5.50e-02	1.29e-03	0.00e+00	0.00e+00	3.10e-08	1.62e-08	5.28e-09
 7.72541e+15	6.54e-08	1.21e-04	4.67e-02	4.89e-01	4.13e-01	5.00e-02	1.09e-03	0.00e+00	0.00e+00	3.80e-08	2.00e-08	6.49e-09
 7.88904e+15	8.29e-08	1.45e-04	5.32e-02	5.05e-01	3.96e-01	4.47e-02	9.07e-04	0.00e+00	0.00e+00	4.83e-08	2.53e-08	8.25e-09
 8.06329e+15	1.07e-07	1.76e-04	6.12e-02	5.22e-01	3.77e-01	3.94e-02	7.39e-04	0.00e+00	0.00e+00	6.26e-08	3.28e-08	1.07e-08
 8.21223e+15	1.33e-07	2.07e-04	6.90e-02	5.34e-01	3.60e-01	3.54e-02	6.21e-04	0.00e+00	0.00e+00	7.73e-08	4.06e-08	1.32e-08
 8.34538e+15	1.62e-07	2.42e-04	7.70e-02	5.45e-01	3.45e-01	3.19e-02	5.27e-04	0.00e+00	0.00e+00	9.46e-08	4.97e-08	1.62e-08
 8.49711e+15	2.06e-07	2.90e-04	8.76e-02	5.57e-01	3.27e-01	2.82e-02	4.34e-04	0.00e+00	0.00e+00	1.20e-07	6.28e-08	2.05e-08
 8.65994e+15	2.69e-07	3.55e-04	1.01e-01	5.67e-01	3.07e-01	2.46e-02	3.50e-04	0.00e+00	0.00e+00	1.57e-07	8.22e-08	2.69e-08
 8.79541e+15	3.33e-07	4.18e-04	1.13e-01	5.75e-01	2.90e-01	2.18e-02	2.91e-04	0.00e+00	0.00e+00	1.94e-07	1.02e-07	3.33e-08
 8.90723e+15	4.03e-07	4.82e-04	1.25e-01	5.79e-01	2.75e-01	1.96e-02	2.48e-04	0.00e+00	0.00e+00	2.34e-07	1.23e-07	4.02e-08
 9.03011e+15	4.97e-07	5.67e-04	1.40e-01	5.83e-01	2.58e-01	1.74e-02	2.07e-04	0.00e+00	0.00e+00	2.89e-07	1.52e-07	4.97e-08
 9.16432e+15	6.45e-07	6.88e-04	1.60e-01	5.85e-01	2.40e-01	1.50e-02	1.67e-04	0.00e+00	0.00e+00	3.75e-07	1.97e-07	6.45e-08
 9.27939e+15	7.94e-07	8.06e-04	1.78e-01	5.84e-01	2.24e-01	1.32e-02	1.38e-04	0.00e+00	0.00e+00	4.62e-07	2.43e-07	7.95e-08
 9.36592e+15	9.36e-07	9.13e-04	1.94e-01	5.82e-01	2.11e-01	1.19e-02	1.19e-04	0.00e+00	0.00e+00	5.45e-07	2.86e-07	9.38e-08
 9.43653e+15	1.08e-06	1.02e-03	2.09e-01	5.78e-01	2.01e-01	1.09e-02	1.05e-04	0.00e+00	0.00e+00	6.29e-07	3.31e-07	1.08e-07
 9.51558e+15	1.23e-06	1.13e-03	2.27e-01	5.74e-01	1.88e-01	9.80e-03	9.05e-05	0.00e+00	0.00e+00	7.16e-07	3.77e-07	1.23e-07
 9.61835e+15	1.53e-06	1.33e-03	2.53e-01	5.65e-01	1.72e-01	8.43e-03	7.33e-05	0.00e+00	0.00e+00	8.89e-07	4.68e-07	1.53e-07
 9.71648e+15	1.90e-06	1.56e-03	2.81e-01	5.53e-01	1.57e-01	7.24e-03	5.93e-05	0.00e+00	0.00e+00	1.10e-06	5.82e-07	1.91e-07
 9.78443e+15	2.32e-06	1.80e-03	3.03e-01	5.42e-01	1.46e-01	6.42e-03	5.01e-05	0.00e+00	0.00e+00	1.35e-06	7.12e-07	2.33e-07
 9.83497e+15	2.64e-06	1.97e-03	3.21e-01	5.33e-01	1.38e-01	5.85e-03	4.41e-05	0.00e+00	0.00e+00	1.53e-06	8.08e-07	2.65e-07
 9.88701e+15	2.91e-06	2.12e-03	3.40e-01	5.23e-01	1.29e-01	5.31e-03	3.87e-05	0.00e+00	0.00e+00	1.69e-06	8.92e-07	2.93e-07
 9.95466e+15	3.58e-06	2.46e-03	3.68e-01	5.07e-01	1.18e-01	4.58e-03	3.17e-05	0.00e+00	0.00e+00	2.08e-06	1.10e-06	3.60e-07
 1.00223e+16	4.25e-06	2.78e-03	3.98e-01	4.89e-01	1.07e-01	3.95e-03	2.60e-05	0.00e+00	0.00e+00	2.48e-06	1.30e-06	4.28e-07
 1.00779e+16	4.95e-06	3.10e-03	4.24e-01	4.72e-01	9.78e-02	3.45e-03	2.18e-05	0.00e+00	0.00e+00	2.88e-06	1.52e-06	4.98e-07
 1.01382e+16	5.67e-06	3.42e-03	4.53e-01	4.53e-01	8.80e-02	2.96e-03	1.78e-05	0.00e+00	0.00e+00	3.30e-06	1.74e-06	5.71e-07
 1.02165e+16	7.40e-06	4.11e-03	4.96e-01	4.22e-01	7.52e-02	2.34e-03	1.31e-05	0.00e+00	0.00e+00	4.30e-06	2.27e-06	7.46e-07
 1.02863e+16	8.65e-06	4.59e-03	5.34e-01	3.95e-01	6.50e-02	1.91e-03	1.01e-05	0.00e+00	0.00e+00	5.03e-06	2.65e-06	8.73e-07
 1.03354e+16	1.05e-05	5.22e-03	5.64e-01	3.71e-01	5.75e-02	1.59e-03	7.96e-06	0.00e+00	0.00e+00	6.12e-06	3.23e-06	1.06e-06
 1.03789e+16	1.16e-05	5.59e-03	5.89e-01	3.53e-01	5.17e-02	1.37e-03	6.61e-06	0.00e+00	0.00e+00	6.74e-06	3.56e-06	1.17e-06
 1.04250e+16	1.34e-05	6.16e-03	6.17e-01	3.30e-01	4.53e-02	1.14e-03	5.22e-06	0.00e+00	0.00e+00	7.79e-06	4.11e-06	1.36e-06
 1.04849e+16	1.67e-05	7.10e-03	6.55e-01	2.99e-01	3.75e-02	8.75e-04	3.71e-06	0.00e+00	0.00e+00	9.73e-06	5.14e-06	1.69e-06
 1.05433e+16	2.00e-05	7.96e-03	6.90e-01	2.70e-01	3.11e-02	6.74e-04	2.67e-06	0.00e+00	0.00e+00	1.16e-05	6.14e-06	2.03e-06
 1.05894e+16	2.30e-05	8.71e-03	7.16e-01	2.48e-01	2.65e-02	5.40e-04	2.02e-06	0.00e+00	0.00e+00	1.34e-05	7.08e-06	2.34e-06
 1.06389e+16	2.72e-05	9.64e-03	7.45e-01	2.23e-01	2.19e-02	4.14e-04	1.45e-06	0.00e+00	0.00e+00	1.58e-05	8.35e-06	2.76e-06
 1.06947e+16	3.24e-05	1.07e-02	7.75e-01	1.97e-01	1.75e-02	3.04e-04	9.86e-07	0.00e+00	0.00e+00	1.88e-05	9.95e-06	3.29e-06
 1.07484e+16	3.83e-05	1.19e-02	8.01e-01	1.73e-01	1.39e-02	2.22e-04	0.00e+00	0.00e+00	0.00e+00	2.23e-05	1.18e-05	3.90e-06
 1.08079e+16	4.63e-05	1.33e-02	8.28e-01	1.48e-01	1.05e-02	1.52e-04	0.00e+00	0.00e+00	0.00e+00	2.69e-05	1.42e-05	4.71e-06
 1.08723e+16	5.62e-05	1.48e-02	8.53e-01	1.25e-01	7.77e-03	1.00e-04	0.00e+00	0.00e+00	0.00e+00	3.27e-05	1.73e-05	5.73e-06
 1.09206e+16	6.45e-05	1.60e-02	8.68e-01	1.09e-01	6.19e-03	7.34e-05	0.00e+00	0.00e+00	0.00e+00	3.75e-05	1.98e-05	6.58e-06
 1.09535e+16	7.08e-05	1.69e-02	8.78e-01	9.96e-02	5.25e-03	5.87e-05	0.00e+00	0.00e+00	0.00e+00	4.12e-05	2.18e-05	7.24e-06
 1.09883e+16	7.87e-05	1.79e-02	8.88e-01	8.97e-02	4.37e-03	4.56e-05	0.00e+00	0.00e+00	0.00e+00	4.58e-05	2.42e-05	8.05e-06
 1.10337e+16	8.99e-05	1.93e-02	8.99e-01	7.81e-02	3.43e-03	3.27e-05	0.00e+00	0.00e+00	0.00e+00	5.23e-05	2.77e-05	9.21e-06
 1.10832e+16	1.03e-04	2.08e-02	9.09e-01	6.74e-02	2.65e-03	2.28e-05	0.00e+00	0.00e+00	0.00e+00	6.01e-05	3.18e-05	1.06e-05
 1.11289e+16	1.17e-04	2.23e-02	9.17e-01	5.88e-02	2.09e-03	1.64e-05	0.00e+00	0.00e+00	0.00e+00	6.81e-05	3.60e-05	1.20e-05
 1.11789e+16	1.35e-04	2.40e-02	9.24e-01	5.03e-02	1.59e-03	1.12e-05	0.00e+00	0.00e+00	0.00e+00	7.83e-05	4.14e-05	1.38e-05
 1.12333e+16	1.56e-04	2.59e-02	9.30e-01	4.27e-02	1.19e-03	7.48e-06	0.00e+00	0.00e+00	0.00e+00	9.08e-05	4.80e-05	1.60e-05
 1.12820e+16	1.78e-04	2.78e-02	9.34e-01	3.69e-02	9.20e-04	5.23e-06	0.00e+00	0.00e+00	0.00e+00	1.03e-04	5.47e-05	1.83e-05
 1.13268e+16	2.00e-04	2.96e-02	9.37e-01	3.23e-02	7.26e-04	3.75e-06	0.00e+00	0.00e+00	0.00e+00	1.16e-04	6.15e-05	2.06e-05
 1.13781e+16	2.29e-04	3.18e-02	9.40e-01	2.76e-02	5.51e-04	2.53e-06	0.00e+00	0.00e+00	0.00e+00	1.33e-04	7.05e-05	2.36e-05
 1.14344e+16	2.65e-04	3.43e-02	9.42e-01	2.34e-02	4.12e-04	1.68e-06	0.00e+00	0.00e+00	0.00e+00	1.54e-04	8.16e-05	2.73e-05
 1.14852e+16	3.02e-04	3.68e-02	9.42e-01	2.02e-02	3.18e-04	1.16e-06	0.00e+00	0.00e+00	0.00e+00	1.76e-04	9.30e-05	3.11e-05
 1.15322e+16	3.43e-04	3.93e-02	9.43e-01	1.76e-02	2.51e-04	8.19e-07	0.00e+00	0.00e+00	0.00e+00	1.99e-04	1.05e-04	3.53e-05
 1.15860e+16	3.95e-04	4.23e-02	9.42e-01	1.50e-02	1.90e-04	0.00e+00	0.00e+00	0.00e+00	0.00e+00	2.30e-04	1.22e-04	4.07e-05
 1.16438e+16	4.60e-04	4.59e-02	9.41e-01	1.27e-02	1.43e-04	0.00e+00	0.00e+00	0.00e+00	0.00e+00	2.67e-04	1.41e-04	4.74e-05
 1.16940e+16	5.26e-04	4.93e-02	9.39e-01	1.11e-02	1.12e-04	0.00e+00	0.00e+00	0.00e+00	0.00e+00	3.06e-04	1.62e-04	5.43e-05
