#depth	C	C+	C+2	C+3	C+4	C+5	C+6	C[1]	C[2]	C[3]	C+[1]	C+[2]	CO
 1.49634e+10	0.00e+00	1.68e-30	3.52e-21	1.68e-12	4.19e-03	8.59e-01	1.37e-01	0.00e+00	0.00e+00	0.00e+00	0.00e+00	0.00e+00	0.00e+00
 4.54887e+10	1.56e-40	2.37e-30	4.59e-21	2.01e-12	4.63e-03	8.68e-01	1.28e-01	0.00e+00	0.00e+00	0.00e+00	0.00e+00	0.00e+00	4.15e-131
 7.72350e+10	0.00e+00	3.36e-30	5.99e-21	2.42e-12	5.12e-03	8.76e-01	1.19e-01	0.00e+00	0.00e+00	0.00e+00	0.00e+00	0.00e+00	0.00e+00
 1.10251e+11	3.69e-40	4.77e-30	7.83e-21	2.91e-12	5.66e-03	8.84e-01	1.10e-01	0.00e+00	0.00e+00	0.00e+00	0.00e+00	0.00e+00	4.19e-130
 1.41645e+11	0.00e+00	6.56e-30	1.00e-20	3.44e-12	6.21e-03	8.91e-01	1.03e-01	0.00e+00	0.00e+00	0.00e+00	0.00e+00	0.00e+00	0.00e+00
 1.70283e+11	7.76e-40	8.70e-30	1.24e-20	3.99e-12	6.73e-03	8.96e-01	9.70e-02	0.00e+00	0.00e+00	0.00e+00	0.00e+00	0.00e+00	3.08e-129
 2.02656e+11	0.00e+00	1.19e-29	1.57e-20	4.69e-12	7.35e-03	9.02e-01	9.07e-02	0.00e+00	0.00e+00	0.00e+00	0.00e+00	0.00e+00	0.00e+00
 2.40336e+11	1.75e-39	1.68e-29	2.05e-20	5.64e-12	8.12e-03	9.08e-01	8.40e-02	0.00e+00	0.00e+00	0.00e+00	0.00e+00	0.00e+00	2.73e-128
 2.77705e+11	0.00e+00	2.35e-29	2.64e-20	6.71e-12	8.92e-03	9.13e-01	7.81e-02	0.00e+00	0.00e+00	0.00e+00	0.00e+00	0.00e+00	0.00e+00
 3.13604e+11	3.88e-39	3.19e-29	3.35e-20	7.89e-12	9.73e-03	9.17e-01	7.29e-02	0.00e+00	0.00e+00	0.00e+00	0.00e+00	0.00e+00	2.29e-127
 3.53112e+11	0.00e+00	4.44e-29	4.31e-20	9.37e-12	1.07e-02	9.22e-01	6.77e-02	0.00e+00	0.00e+00	0.00e+00	0.00e+00	0.00e+00	0.00e+00
 3.97163e+11	9.04e-39	6.33e-29	5.64e-20	1.13e-11	1.18e-02	9.26e-01	6.25e-02	0.00e+00	0.00e+00	0.00e+00	0.00e+00	0.00e+00	2.20e-126
 4.41855e+11	0.00e+00	8.97e-29	7.36e-20	1.35e-11	1.30e-02	9.29e-01	5.77e-02	0.00e+00	0.00e+00	0.00e+00	0.00e+00	0.00e+00	0.00e+00
 4.88334e+11	2.14e-38	1.27e-28	9.59e-20	1.62e-11	1.43e-02	9.32e-01	5.33e-02	0.00e+00	0.00e+00	0.00e+00	0.00e+00	0.00e+00	2.19e-125
 5.33728e+11	0.00e+00	1.76e-28	1.23e-19	1.92e-11	1.57e-02	9.35e-01	4.94e-02	0.00e+00	0.00e+00	0.00e+00	0.00e+00	0.00e+00	0.00e+00
 5.74824e+11	4.58e-38	2.35e-28	1.53e-19	2.23e-11	1.70e-02	9.37e-01	4.62e-02	0.00e+00	0.00e+00	0.00e+00	0.00e+00	0.00e+00	1.67e-124
 6.20701e+11	0.00e+00	3.21e-28	1.95e-19	2.63e-11	1.85e-02	9.39e-01	4.29e-02	0.00e+00	0.00e+00	0.00e+00	0.00e+00	0.00e+00	0.00e+00
 6.74528e+11	1.04e-37	4.57e-28	2.55e-19	3.16e-11	2.04e-02	9.40e-01	3.94e-02	0.00e+00	0.00e+00	0.00e+00	0.00e+00	0.00e+00	1.50e-123
 7.27784e+11	0.00e+00	6.41e-28	3.30e-19	3.77e-11	2.24e-02	9.41e-01	3.64e-02	0.00e+00	0.00e+00	0.00e+00	0.00e+00	0.00e+00	0.00e+00
 7.77733e+11	2.32e-37	8.72e-28	4.18e-19	4.42e-11	2.44e-02	9.42e-01	3.38e-02	0.00e+00	0.00e+00	0.00e+00	0.00e+00	0.00e+00	1.26e-122
 8.33332e+11	0.00e+00	1.21e-27	5.36e-19	5.24e-11	2.66e-02	9.42e-01	3.12e-02	0.00e+00	0.00e+00	0.00e+00	0.00e+00	0.00e+00	0.00e+00
 8.96592e+11	5.47e-37	1.74e-27	7.09e-19	6.34e-11	2.94e-02	9.42e-01	2.86e-02	0.00e+00	0.00e+00	0.00e+00	0.00e+00	0.00e+00	1.22e-121
 9.58909e+11	0.00e+00	2.45e-27	9.21e-19	7.57e-11	3.23e-02	9.41e-01	2.63e-02	0.00e+00	0.00e+00	0.00e+00	0.00e+00	0.00e+00	0.00e+00
 1.02372e+12	1.28e-36	3.46e-27	1.20e-18	9.05e-11	3.54e-02	9.40e-01	2.41e-02	0.00e+00	0.00e+00	0.00e+00	0.00e+00	0.00e+00	1.17e-120
 1.09459e+12	0.00e+00	5.01e-27	1.59e-18	1.10e-10	3.91e-02	9.39e-01	2.20e-02	0.00e+00	0.00e+00	0.00e+00	0.00e+00	0.00e+00	0.00e+00
 1.16581e+12	3.13e-36	7.14e-27	2.08e-18	1.32e-10	4.30e-02	9.37e-01	2.01e-02	0.00e+00	0.00e+00	0.00e+00	0.00e+00	0.00e+00	1.25e-119
 1.23988e+12	0.00e+00	1.02e-26	2.73e-18	1.58e-10	4.72e-02	9.34e-01	1.84e-02	0.00e+00	0.00e+00	0.00e+00	0.00e+00	0.00e+00	0.00e+00
 1.31668e+12	7.54e-36	1.45e-26	3.59e-18	1.90e-10	5.19e-02	9.31e-01	1.68e-02	0.00e+00	0.00e+00	0.00e+00	0.00e+00	0.00e+00	1.28e-118
 1.39211e+12	0.00e+00	2.03e-26	4.64e-18	2.27e-10	5.67e-02	9.28e-01	1.53e-02	0.00e+00	0.00e+00	0.00e+00	0.00e+00	0.00e+00	0.00e+00
 1.47329e+12	1.76e-35	2.88e-26	6.06e-18	2.71e-10	6.21e-02	9.24e-01	1.40e-02	0.00e+00	0.00e+00	0.00e+00	0.00e+00	0.00e+00	1.20e-117
 1.56215e+12	0.00e+00	4.16e-26	8.03e-18	3.28e-10	6.83e-02	9.19e-01	1.27e-02	0.00e+00	0.00e+00	0.00e+00	0.00e+00	0.00e+00	0.00e+00
 1.65456e+12	4.36e-35	6.00e-26	1.06e-17	3.97e-10	7.51e-02	9.13e-01	1.15e-02	0.00e+00	0.00e+00	0.00e+00	0.00e+00	0.00e+00	1.32e-116
 1.75067e+12	0.00e+00	8.67e-26	1.41e-17	4.80e-10	8.25e-02	9.07e-01	1.04e-02	0.00e+00	0.00e+00	0.00e+00	0.00e+00	0.00e+00	0.00e+00
 1.85062e+12	1.08e-34	1.25e-25	1.87e-17	5.81e-10	9.06e-02	9.00e-01	9.40e-03	0.00e+00	0.00e+00	0.00e+00	0.00e+00	0.00e+00	1.45e-115
 1.94102e+12	1.60e-34	1.72e-25	2.39e-17	6.85e-10	9.83e-02	8.93e-01	8.59e-03	0.00e+00	0.00e+00	0.00e+00	0.00e+00	0.00e+00	7.08e-98
 2.01632e+12	2.20e-34	2.23e-25	2.91e-17	7.83e-10	1.05e-01	8.87e-01	7.98e-03	0.00e+00	0.00e+00	0.00e+00	0.00e+00	0.00e+00	0.00e+00
 2.09882e+12	3.08e-34	2.92e-25	3.59e-17	9.01e-10	1.12e-01	8.80e-01	7.38e-03	0.00e+00	0.00e+00	0.00e+00	0.00e+00	0.00e+00	2.32e-114
 2.20332e+12	4.65e-34	4.08e-25	4.65e-17	1.07e-09	1.22e-01	8.71e-01	6.69e-03	0.00e+00	0.00e+00	0.00e+00	0.00e+00	0.00e+00	7.65e-97
 2.31230e+12	7.03e-34	5.70e-25	6.02e-17	1.27e-09	1.32e-01	8.62e-01	6.06e-03	0.00e+00	0.00e+00	0.00e+00	0.00e+00	0.00e+00	0.00e+00
 2.40883e+12	9.98e-34	7.58e-25	7.49e-17	1.48e-09	1.42e-01	8.52e-01	5.56e-03	0.00e+00	0.00e+00	0.00e+00	0.00e+00	0.00e+00	5.23e-113
 2.49904e+12	1.37e-33	9.81e-25	9.14e-17	1.69e-09	1.51e-01	8.44e-01	5.14e-03	0.00e+00	0.00e+00	0.00e+00	0.00e+00	0.00e+00	8.51e-96
 2.60205e+12	1.94e-33	1.30e-24	1.14e-16	1.95e-09	1.62e-01	8.34e-01	4.70e-03	0.00e+00	0.00e+00	0.00e+00	0.00e+00	0.00e+00	0.00e+00
 2.72845e+12	2.93e-33	1.82e-24	1.47e-16	2.32e-09	1.75e-01	8.21e-01	4.23e-03	0.00e+00	0.00e+00	0.00e+00	0.00e+00	0.00e+00	9.21e-112
 2.85427e+12	4.34e-33	2.50e-24	1.88e-16	2.73e-09	1.89e-01	8.07e-01	3.82e-03	0.00e+00	0.00e+00	0.00e+00	0.00e+00	0.00e+00	1.11e-94
 2.96381e+12	6.03e-33	3.26e-24	2.31e-16	3.13e-09	2.01e-01	7.96e-01	3.50e-03	0.00e+00	0.00e+00	0.00e+00	0.00e+00	0.00e+00	6.32e-111
 3.08312e+12	8.49e-33	4.31e-24	2.86e-16	3.61e-09	2.14e-01	7.83e-01	3.19e-03	0.00e+00	0.00e+00	0.00e+00	0.00e+00	0.00e+00	4.98e-94
 3.22854e+12	1.27e-32	5.96e-24	3.68e-16	4.27e-09	2.31e-01	7.67e-01	2.85e-03	0.00e+00	0.00e+00	0.00e+00	0.00e+00	0.00e+00	4.67e-110
 3.37694e+12	1.87e-32	8.18e-24	4.70e-16	5.02e-09	2.47e-01	7.50e-01	2.55e-03	0.00e+00	0.00e+00	0.00e+00	0.00e+00	0.00e+00	2.93e-93
 3.51356e+12	2.64e-32	1.08e-23	5.83e-16	5.79e-09	2.63e-01	7.35e-01	2.31e-03	0.00e+00	0.00e+00	0.00e+00	0.00e+00	0.00e+00	3.41e-109
 3.66579e+12	3.80e-32	1.45e-23	7.32e-16	6.72e-09	2.80e-01	7.18e-01	2.08e-03	0.00e+00	0.00e+00	0.00e+00	0.00e+00	0.00e+00	1.45e-92
 3.84183e+12	5.69e-32	2.01e-23	9.42e-16	7.94e-09	3.01e-01	6.98e-01	1.84e-03	0.00e+00	0.00e+00	0.00e+00	0.00e+00	0.00e+00	2.79e-108
 4.01501e+12	8.30e-32	2.73e-23	1.19e-15	9.26e-09	3.20e-01	6.78e-01	1.64e-03	0.00e+00	0.00e+00	0.00e+00	0.00e+00	0.00e+00	8.48e-92
 4.18106e+12	1.17e-31	3.61e-23	1.48e-15	1.06e-08	3.39e-01	6.60e-01	1.47e-03	0.00e+00	0.00e+00	0.00e+00	0.00e+00	0.00e+00	2.06e-107
 4.36417e+12	1.69e-31	4.85e-23	1.85e-15	1.23e-08	3.59e-01	6.40e-01	1.31e-03	0.00e+00	0.00e+00	0.00e+00	0.00e+00	0.00e+00	4.29e-91
 4.56866e+12	2.48e-31	6.62e-23	2.35e-15	1.44e-08	3.81e-01	6.18e-01	1.15e-03	0.00e+00	0.00e+00	0.00e+00	0.00e+00	0.00e+00	1.67e-106
 4.75470e+12	3.47e-31	8.68e-23	2.89e-15	1.64e-08	4.01e-01	5.98e-01	1.03e-03	0.00e+00	0.00e+00	0.00e+00	0.00e+00	0.00e+00	2.26e-90
 4.91149e+12	4.55e-31	1.08e-22	3.41e-15	1.83e-08	4.17e-01	5.82e-01	9.35e-04	0.00e+00	0.00e+00	0.00e+00	0.00e+00	0.00e+00	9.24e-106
 5.08400e+12	6.07e-31	1.36e-22	4.07e-15	2.04e-08	4.35e-01	5.64e-01	8.46e-04	0.00e+00	0.00e+00	0.00e+00	0.00e+00	0.00e+00	8.31e-90
 5.27882e+12	8.29e-31	1.75e-22	4.93e-15	2.31e-08	4.54e-01	5.45e-01	7.58e-04	0.00e+00	0.00e+00	0.00e+00	0.00e+00	0.00e+00	5.09e-105
 5.46548e+12	1.10e-30	2.20e-22	5.87e-15	2.58e-08	4.72e-01	5.27e-01	6.83e-04	0.00e+00	0.00e+00	0.00e+00	0.00e+00	0.00e+00	3.39e-89
 5.67100e+12	1.50e-30	2.80e-22	7.05e-15	2.89e-08	4.91e-01	5.08e-01	6.11e-04	0.00e+00	0.00e+00	0.00e+00	0.00e+00	0.00e+00	2.78e-104
 5.89929e+12	2.07e-30	3.63e-22	8.58e-15	3.27e-08	5.12e-01	4.88e-01	5.41e-04	0.00e+00	0.00e+00	0.00e+00	0.00e+00	0.00e+00	1.49e-88
 6.11324e+12	2.76e-30	4.58e-22	1.02e-14	3.65e-08	5.30e-01	4.70e-01	4.85e-04	0.00e+00	0.00e+00	0.00e+00	0.00e+00	0.00e+00	1.65e-103
 6.34743e+12	3.75e-30	5.84e-22	1.22e-14	4.08e-08	5.49e-01	4.51e-01	4.32e-04	0.00e+00	0.00e+00	0.00e+00	0.00e+00	0.00e+00	6.24e-88
 6.62437e+12	5.30e-30	7.70e-22	1.51e-14	4.64e-08	5.71e-01	4.29e-01	3.76e-04	0.00e+00	0.00e+00	0.00e+00	0.00e+00	0.00e+00	1.11e-102
 6.89407e+12	7.31e-30	9.94e-22	1.83e-14	5.22e-08	5.91e-01	4.08e-01	3.30e-04	0.00e+00	0.00e+00	0.00e+00	0.00e+00	0.00e+00	3.10e-87
 7.12746e+12	9.54e-30	1.23e-21	2.14e-14	5.75e-08	6.08e-01	3.92e-01	2.96e-04	0.00e+00	0.00e+00	0.00e+00	0.00e+00	0.00e+00	6.35e-102
 7.37645e+12	1.26e-29	1.53e-21	2.51e-14	6.34e-08	6.24e-01	3.75e-01	2.65e-04	0.00e+00	0.00e+00	0.00e+00	0.00e+00	0.00e+00	1.16e-86
 7.68249e+12	1.74e-29	1.97e-21	3.04e-14	7.10e-08	6.44e-01	3.56e-01	2.31e-04	0.00e+00	0.00e+00	0.00e+00	0.00e+00	0.00e+00	3.80e-101
 7.98933e+12	2.37e-29	2.52e-21	3.65e-14	7.92e-08	6.62e-01	3.38e-01	2.02e-04	0.00e+00	0.00e+00	0.00e+00	0.00e+00	0.00e+00	5.51e-86
 8.25761e+12	3.07e-29	3.10e-21	4.24e-14	8.68e-08	6.77e-01	3.23e-01	1.81e-04	0.00e+00	0.00e+00	0.00e+00	0.00e+00	0.00e+00	2.13e-100
 8.54913e+12	4.04e-29	3.85e-21	4.97e-14	9.53e-08	6.93e-01	3.07e-01	1.61e-04	0.00e+00	0.00e+00	0.00e+00	0.00e+00	0.00e+00	2.08e-85
 8.90315e+12	5.56e-29	4.94e-21	5.98e-14	1.06e-07	7.10e-01	2.90e-01	1.39e-04	0.00e+00	0.00e+00	0.00e+00	0.00e+00	0.00e+00	1.29e-99
 9.25842e+12	7.56e-29	6.29e-21	7.14e-14	1.18e-07	7.27e-01	2.73e-01	1.21e-04	0.00e+00	0.00e+00	0.00e+00	0.00e+00	0.00e+00	9.90e-85
 9.57704e+12	9.85e-29	7.74e-21	8.30e-14	1.29e-07	7.40e-01	2.60e-01	1.08e-04	0.00e+00	0.00e+00	0.00e+00	0.00e+00	0.00e+00	7.43e-99
 9.92801e+12	1.30e-28	9.65e-21	9.73e-14	1.41e-07	7.54e-01	2.46e-01	9.49e-05	0.00e+00	0.00e+00	0.00e+00	0.00e+00	0.00e+00	3.93e-84
 1.03439e+13	1.79e-28	1.24e-20	1.17e-13	1.57e-07	7.69e-01	2.31e-01	8.18e-05	0.00e+00	0.00e+00	0.00e+00	0.00e+00	0.00e+00	4.73e-98
 1.07566e+13	2.43e-28	1.57e-20	1.39e-13	1.73e-07	7.83e-01	2.17e-01	7.10e-05	0.00e+00	0.00e+00	0.00e+00	0.00e+00	0.00e+00	1.91e-83
 1.11397e+13	3.19e-28	1.94e-20	1.62e-13	1.89e-07	7.95e-01	2.05e-01	6.25e-05	0.00e+00	0.00e+00	0.00e+00	0.00e+00	0.00e+00	2.83e-97
 1.15692e+13	4.27e-28	2.44e-20	1.90e-13	2.07e-07	8.07e-01	1.92e-01	5.44e-05	0.00e+00	0.00e+00	0.00e+00	0.00e+00	0.00e+00	8.10e-83
 1.20619e+13	5.90e-28	3.13e-20	2.28e-13	2.29e-07	8.20e-01	1.80e-01	4.66e-05	0.00e+00	0.00e+00	0.00e+00	0.00e+00	0.00e+00	1.93e-96
 1.25479e+13	8.00e-28	3.97e-20	2.70e-13	2.52e-07	8.32e-01	1.68e-01	4.03e-05	0.00e+00	0.00e+00	0.00e+00	0.00e+00	0.00e+00	4.08e-82
 1.30534e+13	1.08e-27	5.02e-20	3.19e-13	2.77e-07	8.43e-01	1.57e-01	3.48e-05	0.00e+00	0.00e+00	0.00e+00	0.00e+00	0.00e+00	1.32e-95
 1.36055e+13	1.49e-27	6.43e-20	3.81e-13	3.05e-07	8.54e-01	1.46e-01	2.97e-05	0.00e+00	0.00e+00	0.00e+00	0.00e+00	0.00e+00	2.06e-81
 1.41796e+13	2.05e-27	8.22e-20	4.53e-13	3.36e-07	8.64e-01	1.36e-01	2.54e-05	0.00e+00	0.00e+00	0.00e+00	0.00e+00	0.00e+00	9.88e-95
 1.47768e+13	2.82e-27	1.05e-19	5.39e-13	3.70e-07	8.74e-01	1.26e-01	2.18e-05	0.00e+00	0.00e+00	0.00e+00	0.00e+00	0.00e+00	1.08e-80
 1.53617e+13	3.80e-27	1.32e-19	6.34e-13	4.04e-07	8.82e-01	1.18e-01	1.88e-05	0.00e+00	0.00e+00	0.00e+00	0.00e+00	0.00e+00	6.99e-94
 1.59037e+13	4.96e-27	1.62e-19	7.32e-13	4.37e-07	8.89e-01	1.11e-01	1.64e-05	0.00e+00	0.00e+00	0.00e+00	0.00e+00	0.00e+00	4.79e-80
 1.65034e+13	6.59e-27	2.02e-19	8.53e-13	4.75e-07	8.96e-01	1.04e-01	1.43e-05	0.00e+00	0.00e+00	0.00e+00	0.00e+00	0.00e+00	4.06e-93
 1.71206e+13	8.74e-27	2.51e-19	9.93e-13	5.15e-07	9.03e-01	9.70e-02	1.24e-05	0.00e+00	0.00e+00	0.00e+00	0.00e+00	0.00e+00	2.15e-79
 1.76354e+13	1.10e-26	2.99e-19	1.12e-12	5.50e-07	9.08e-01	9.18e-02	1.11e-05	0.00e+00	0.00e+00	0.00e+00	0.00e+00	0.00e+00	2.08e-92
 1.81779e+13	1.39e-26	3.57e-19	1.27e-12	5.88e-07	9.13e-01	8.69e-02	9.86e-06	0.00e+00	0.00e+00	0.00e+00	0.00e+00	0.00e+00	7.32e-79
 1.88691e+13	1.85e-26	4.45e-19	1.48e-12	6.38e-07	9.19e-01	8.11e-02	8.54e-06	0.00e+00	0.00e+00	0.00e+00	0.00e+00	0.00e+00	1.11e-91
 1.95917e+13	2.47e-26	5.55e-19	1.73e-12	6.93e-07	9.24e-01	7.56e-02	7.38e-06	0.00e+00	0.00e+00	0.00e+00	0.00e+00	0.00e+00	3.41e-78
 2.02303e+13	3.16e-26	6.71e-19	1.97e-12	7.42e-07	9.29e-01	7.13e-02	6.53e-06	0.00e+00	0.00e+00	0.00e+00	0.00e+00	0.00e+00	6.22e-91
 2.09219e+13	4.10e-26	8.18e-19	2.25e-12	7.97e-07	9.33e-01	6.70e-02	5.73e-06	0.00e+00	0.00e+00	0.00e+00	0.00e+00	0.00e+00	1.33e-77
 2.16948e+13	5.43e-26	1.01e-18	2.61e-12	8.62e-07	9.37e-01	6.25e-02	4.98e-06	0.00e+00	0.00e+00	0.00e+00	0.00e+00	0.00e+00	3.54e-90
 2.24203e+13	7.00e-26	1.23e-18	2.98e-12	9.24e-07	9.41e-01	5.88e-02	4.39e-06	0.00e+00	0.00e+00	0.00e+00	0.00e+00	0.00e+00	5.60e-77
 2.32104e+13	9.16e-26	1.51e-18	3.43e-12	9.94e-07	9.45e-01	5.51e-02	3.84e-06	0.00e+00	0.00e+00	0.00e+00	0.00e+00	0.00e+00	1.92e-89
 2.40889e+13	1.22e-25	1.88e-18	3.99e-12	1.07e-06	9.49e-01	5.14e-02	3.32e-06	0.00e+00	0.00e+00	0.00e+00	0.00e+00	0.00e+00	2.51e-76
 2.49078e+13	1.58e-25	2.28e-18	4.56e-12	1.15e-06	9.52e-01	4.82e-02	2.92e-06	0.00e+00	0.00e+00	0.00e+00	0.00e+00	0.00e+00	5.07e-76
 2.57980e+13	2.08e-25	2.81e-18	5.25e-12	1.24e-06	9.55e-01	4.51e-02	2.55e-06	0.00e+00	0.00e+00	0.00e+00	0.00e+00	0.00e+00	1.06e-75
 2.67929e+13	2.79e-25	3.51e-18	6.11e-12	1.34e-06	9.58e-01	4.20e-02	2.20e-06	0.00e+00	0.00e+00	0.00e+00	0.00e+00	0.00e+00	2.36e-75
 2.77294e+13	3.65e-25	4.30e-18	7.01e-12	1.44e-06	9.61e-01	3.93e-02	1.92e-06	0.00e+00	0.00e+00	0.00e+00	0.00e+00	0.00e+00	4.88e-75
 2.87523e+13	4.84e-25	5.32e-18	8.10e-12	1.55e-06	9.63e-01	3.67e-02	1.67e-06	0.00e+00	0.00e+00	0.00e+00	0.00e+00	0.00e+00	1.05e-74
 2.98952e+13	6.56e-25	6.70e-18	9.47e-12	1.68e-06	9.66e-01	3.41e-02	1.44e-06	0.00e+00	0.00e+00	0.00e+00	0.00e+00	0.00e+00	2.40e-74
 3.09727e+13	8.66e-25	8.25e-18	1.09e-11	1.81e-06	9.68e-01	3.18e-02	1.25e-06	0.00e+00	0.00e+00	0.00e+00	0.00e+00	0.00e+00	5.10e-74
 3.21303e+13	1.15e-24	1.02e-17	1.26e-11	1.95e-06	9.70e-01	2.97e-02	1.08e-06	0.00e+00	0.00e+00	0.00e+00	0.00e+00	0.00e+00	1.12e-73
 3.34454e+13	1.58e-24	1.30e-17	1.48e-11	2.11e-06	9.73e-01	2.75e-02	9.27e-07	0.00e+00	0.00e+00	0.00e+00	0.00e+00	0.00e+00	2.62e-73
 3.47346e+13	2.12e-24	1.62e-17	1.72e-11	2.28e-06	9.74e-01	2.55e-02	0.00e+00	0.00e+00	0.00e+00	0.00e+00	0.00e+00	0.00e+00	5.89e-73
 3.60754e+13	2.86e-24	2.03e-17	2.00e-11	2.46e-06	9.76e-01	2.37e-02	0.00e+00	0.00e+00	0.00e+00	0.00e+00	0.00e+00	0.00e+00	1.32e-72
 3.75484e+13	3.91e-24	2.57e-17	2.35e-11	2.67e-06	9.78e-01	2.20e-02	0.00e+00	0.00e+00	0.00e+00	0.00e+00	0.00e+00	0.00e+00	3.12e-72
 3.90379e+13	5.30e-24	3.24e-17	2.74e-11	2.89e-06	9.80e-01	2.04e-02	0.00e+00	0.00e+00	0.00e+00	0.00e+00	0.00e+00	0.00e+00	7.17e-72
 4.05870e+13	7.19e-24	4.07e-17	3.20e-11	3.12e-06	9.81e-01	1.89e-02	0.00e+00	0.00e+00	0.00e+00	0.00e+00	0.00e+00	0.00e+00	1.65e-71
 4.21436e+13	9.66e-24	5.09e-17	3.71e-11	3.37e-06	9.82e-01	1.75e-02	0.00e+00	0.00e+00	0.00e+00	0.00e+00	1.63e-17	3.46e-17	3.70e-71
 4.36118e+13	1.26e-23	6.23e-17	4.26e-11	3.61e-06	9.84e-01	1.64e-02	0.00e+00	0.00e+00	0.00e+00	0.00e+00	2.07e-17	4.16e-17	7.70e-71
 4.52356e+13	1.68e-23	7.73e-17	4.92e-11	3.89e-06	9.85e-01	1.53e-02	0.00e+00	0.00e+00	0.00e+00	0.00e+00	2.57e-17	5.16e-17	1.69e-70
 4.68619e+13	2.22e-23	9.52e-17	5.67e-11	4.18e-06	9.86e-01	1.43e-02	0.00e+00	0.00e+00	0.00e+00	0.00e+00	3.16e-17	6.36e-17	3.59e-70
 4.82018e+13	2.77e-23	1.12e-16	6.34e-11	4.42e-06	9.87e-01	1.35e-02	0.00e+00	0.00e+00	0.00e+00	0.00e+00	3.73e-17	7.52e-17	6.57e-70
 4.96168e+13	3.48e-23	1.33e-16	7.11e-11	4.69e-06	9.87e-01	1.27e-02	0.00e+00	0.00e+00	0.00e+00	0.00e+00	4.43e-17	8.92e-17	1.22e-69
 5.14398e+13	4.61e-23	1.65e-16	8.22e-11	5.05e-06	9.88e-01	1.19e-02	0.00e+00	0.00e+00	0.00e+00	0.00e+00	5.48e-17	1.10e-16	2.64e-69
 5.33605e+13	6.14e-23	2.05e-16	9.51e-11	5.44e-06	9.89e-01	1.10e-02	0.00e+00	0.00e+00	0.00e+00	0.00e+00	6.81e-17	1.37e-16	5.76e-69
 5.50482e+13	7.84e-23	2.47e-16	1.08e-10	5.79e-06	9.90e-01	1.04e-02	0.00e+00	0.00e+00	0.00e+00	0.00e+00	8.18e-17	1.65e-16	1.13e-68
 5.68662e+13	1.01e-22	2.99e-16	1.23e-10	6.19e-06	9.90e-01	9.71e-03	0.00e+00	0.00e+00	0.00e+00	0.00e+00	9.91e-17	2.00e-16	2.25e-68
 5.90666e+13	1.36e-22	3.74e-16	1.43e-10	6.69e-06	9.91e-01	9.00e-03	0.00e+00	0.00e+00	0.00e+00	0.00e+00	1.24e-16	2.50e-16	5.03e-68
 6.13024e+13	1.82e-22	4.66e-16	1.66e-10	7.21e-06	9.92e-01	8.36e-03	0.00e+00	0.00e+00	0.00e+00	0.00e+00	1.55e-16	3.11e-16	1.11e-67
 6.33797e+13	2.36e-22	5.67e-16	1.89e-10	7.72e-06	9.92e-01	7.82e-03	0.00e+00	0.00e+00	0.00e+00	0.00e+00	1.88e-16	3.79e-16	2.26e-67
 6.56967e+13	3.12e-22	7.01e-16	2.19e-10	8.31e-06	9.93e-01	7.27e-03	0.00e+00	0.00e+00	0.00e+00	0.00e+00	2.33e-16	4.68e-16	4.84e-67
 6.81752e+13	4.17e-22	8.72e-16	2.54e-10	8.97e-06	9.93e-01	6.75e-03	0.00e+00	0.00e+00	0.00e+00	0.00e+00	2.89e-16	5.83e-16	1.06e-66
 7.03785e+13	5.34e-22	1.05e-15	2.89e-10	9.57e-06	9.94e-01	6.33e-03	0.00e+00	0.00e+00	0.00e+00	0.00e+00	3.49e-16	7.03e-16	2.09e-66
 7.27424e+13	6.91e-22	1.28e-15	3.30e-10	1.02e-05	9.94e-01	5.92e-03	0.00e+00	0.00e+00	0.00e+00	0.00e+00	4.24e-16	8.55e-16	4.20e-66
 7.55750e+13	9.30e-22	1.60e-15	3.84e-10	1.11e-05	9.95e-01	5.47e-03	0.00e+00	0.00e+00	0.00e+00	0.00e+00	5.32e-16	1.07e-15	9.41e-66
 7.83589e+13	1.23e-21	1.98e-15	4.45e-10	1.19e-05	9.95e-01	5.09e-03	0.00e+00	0.00e+00	0.00e+00	0.00e+00	6.58e-16	1.33e-15	2.02e-65
 8.08317e+13	1.57e-21	2.38e-15	5.04e-10	1.27e-05	9.95e-01	4.78e-03	0.00e+00	0.00e+00	0.00e+00	0.00e+00	7.91e-16	1.59e-15	3.91e-65
 8.35581e+13	2.03e-21	2.90e-15	5.76e-10	1.36e-05	9.96e-01	4.46e-03	0.00e+00	0.00e+00	0.00e+00	0.00e+00	9.61e-16	1.94e-15	7.87e-65
 8.68160e+13	2.74e-21	3.63e-15	6.72e-10	1.48e-05	9.96e-01	4.13e-03	0.00e+00	0.00e+00	0.00e+00	0.00e+00	1.20e-15	2.43e-15	1.76e-64
 9.00541e+13	3.64e-21	4.51e-15	7.79e-10	1.59e-05	9.96e-01	3.83e-03	0.00e+00	0.00e+00	0.00e+00	0.00e+00	1.50e-15	3.01e-15	3.83e-64
 9.30054e+13	4.68e-21	5.45e-15	8.87e-10	1.70e-05	9.96e-01	3.59e-03	0.00e+00	0.00e+00	0.00e+00	0.00e+00	1.81e-15	3.65e-15	7.58e-64
 9.62948e+13	6.12e-21	6.69e-15	1.02e-09	1.83e-05	9.97e-01	3.34e-03	0.00e+00	0.00e+00	0.00e+00	0.00e+00	2.22e-15	4.48e-15	1.58e-63
 1.00132e+14	8.29e-21	8.43e-15	1.20e-09	1.98e-05	9.97e-01	3.08e-03	0.00e+00	0.00e+00	0.00e+00	0.00e+00	2.79e-15	5.64e-15	3.59e-63
 1.03904e+14	1.11e-20	1.05e-14	1.39e-09	2.14e-05	9.97e-01	2.86e-03	0.00e+00	0.00e+00	0.00e+00	0.00e+00	3.48e-15	7.01e-15	7.87e-63
 1.07455e+14	1.44e-20	1.28e-14	1.59e-09	2.30e-05	9.97e-01	2.67e-03	0.00e+00	0.00e+00	0.00e+00	0.00e+00	4.24e-15	8.55e-15	1.60e-62
 1.11412e+14	1.90e-20	1.58e-14	1.84e-09	2.47e-05	9.97e-01	2.48e-03	0.00e+00	0.00e+00	0.00e+00	0.00e+00	5.24e-15	1.06e-14	3.44e-62
 1.15898e+14	2.59e-20	2.00e-14	2.16e-09	2.68e-05	9.98e-01	2.28e-03	0.00e+00	0.00e+00	0.00e+00	0.00e+00	6.62e-15	1.34e-14	7.93e-62
 1.20377e+14	3.47e-20	2.50e-14	2.51e-09	2.90e-05	9.98e-01	2.11e-03	0.00e+00	0.00e+00	0.00e+00	0.00e+00	8.27e-15	1.67e-14	1.77e-61
 1.24562e+14	4.53e-20	3.06e-14	2.88e-09	3.11e-05	9.98e-01	1.97e-03	0.00e+00	0.00e+00	0.00e+00	0.00e+00	1.01e-14	2.04e-14	3.66e-61
 1.29101e+14	5.99e-20	3.77e-14	3.33e-09	3.35e-05	9.98e-01	1.83e-03	0.00e+00	0.00e+00	0.00e+00	0.00e+00	1.25e-14	2.52e-14	7.84e-61
 1.34187e+14	8.09e-20	4.74e-14	3.89e-09	3.63e-05	9.98e-01	1.69e-03	0.00e+00	0.00e+00	0.00e+00	0.00e+00	1.57e-14	3.17e-14	1.78e-60
 1.38936e+14	1.06e-19	5.82e-14	4.47e-09	3.89e-05	9.98e-01	1.58e-03	0.00e+00	0.00e+00	0.00e+00	0.00e+00	1.93e-14	3.90e-14	3.74e-60
 1.43332e+14	1.35e-19	7.00e-14	5.06e-09	4.15e-05	9.98e-01	1.48e-03	0.00e+00	0.00e+00	0.00e+00	0.00e+00	2.32e-14	4.68e-14	7.27e-60
 1.47563e+14	1.70e-19	8.31e-14	5.69e-09	4.41e-05	9.99e-01	1.40e-03	0.00e+00	0.00e+00	0.00e+00	0.00e+00	2.75e-14	5.56e-14	1.35e-59
 1.52263e+14	2.17e-19	1.00e-13	6.45e-09	4.70e-05	9.99e-01	1.31e-03	0.00e+00	0.00e+00	0.00e+00	0.00e+00	3.31e-14	6.70e-14	2.64e-59
 1.57464e+14	2.82e-19	1.22e-13	7.39e-09	5.03e-05	9.99e-01	1.22e-03	0.00e+00	0.00e+00	0.00e+00	0.00e+00	4.04e-14	8.17e-14	5.42e-59
 1.62307e+14	3.58e-19	1.46e-13	8.34e-09	5.35e-05	9.99e-01	1.15e-03	0.00e+00	0.00e+00	0.00e+00	0.00e+00	4.83e-14	9.77e-14	1.04e-58
 1.67594e+14	4.60e-19	1.76e-13	9.48e-09	5.71e-05	9.99e-01	1.08e-03	0.00e+00	0.00e+00	0.00e+00	0.00e+00	5.83e-14	1.18e-13	2.06e-58
 1.73543e+14	6.04e-19	2.17e-13	1.09e-08	6.13e-05	9.99e-01	1.00e-03	0.00e+00	0.00e+00	0.00e+00	0.00e+00	7.17e-14	1.45e-13	4.36e-58
 1.79220e+14	7.78e-19	2.63e-13	1.24e-08	6.55e-05	9.99e-01	9.40e-04	0.00e+00	0.00e+00	0.00e+00	0.00e+00	8.67e-14	1.76e-13	8.72e-58
 1.85467e+14	1.02e-18	3.22e-13	1.42e-08	7.02e-05	9.99e-01	8.77e-04	0.00e+00	0.00e+00	0.00e+00	0.00e+00	1.06e-13	2.15e-13	1.82e-57
 1.92349e+14	1.35e-18	3.99e-13	1.65e-08	7.56e-05	9.99e-01	8.14e-04	0.00e+00	0.00e+00	0.00e+00	0.00e+00	1.32e-13	2.67e-13	3.99e-57
 1.98675e+14	1.75e-18	4.83e-13	1.88e-08	8.08e-05	9.99e-01	7.62e-04	0.00e+00	0.00e+00	0.00e+00	0.00e+00	1.60e-13	3.24e-13	8.01e-57
 2.05515e+14	2.27e-18	5.91e-13	2.15e-08	8.66e-05	9.99e-01	7.11e-04	0.00e+00	0.00e+00	0.00e+00	0.00e+00	1.95e-13	3.96e-13	1.66e-56
 2.13170e+14	3.03e-18	7.33e-13	2.49e-08	9.33e-05	9.99e-01	6.60e-04	0.00e+00	0.00e+00	0.00e+00	0.00e+00	2.42e-13	4.91e-13	3.64e-56
 2.20378e+14	3.93e-18	8.93e-13	2.84e-08	9.98e-05	9.99e-01	6.17e-04	0.00e+00	0.00e+00	0.00e+00	0.00e+00	2.95e-13	5.99e-13	7.46e-56
 2.28242e+14	5.17e-18	1.10e-12	3.27e-08	1.07e-04	9.99e-01	5.74e-04	0.00e+00	0.00e+00	0.00e+00	0.00e+00	3.62e-13	7.37e-13	1.58e-55
 2.36973e+14	6.93e-18	1.37e-12	3.81e-08	1.16e-04	9.99e-01	5.32e-04	0.00e+00	0.00e+00	0.00e+00	0.00e+00	4.52e-13	9.20e-13	3.55e-55
 2.45112e+14	9.03e-18	1.68e-12	4.36e-08	1.24e-04	9.99e-01	4.97e-04	0.00e+00	0.00e+00	0.00e+00	0.00e+00	5.52e-13	1.12e-12	7.35e-55
 2.53959e+14	1.19e-17	2.07e-12	5.03e-08	1.33e-04	9.99e-01	4.62e-04	0.00e+00	0.00e+00	0.00e+00	0.00e+00	6.80e-13	1.39e-12	1.57e-54
 2.63862e+14	1.60e-17	2.59e-12	5.86e-08	1.44e-04	9.99e-01	4.27e-04	0.00e+00	0.00e+00	0.00e+00	0.00e+00	8.51e-13	1.74e-12	3.55e-54
 2.73242e+14	2.10e-17	3.18e-12	6.75e-08	1.55e-04	9.99e-01	3.97e-04	0.00e+00	0.00e+00	0.00e+00	0.00e+00	1.05e-12	2.13e-12	7.52e-54
 2.83283e+14	2.78e-17	3.93e-12	7.80e-08	1.67e-04	9.99e-01	3.68e-04	0.00e+00	0.00e+00	0.00e+00	0.00e+00	1.29e-12	2.64e-12	1.62e-53
 2.94645e+14	3.76e-17	4.95e-12	9.15e-08	1.81e-04	9.99e-01	3.39e-04	0.00e+00	0.00e+00	0.00e+00	0.00e+00	1.63e-12	3.32e-12	3.75e-53
 3.05808e+14	5.00e-17	6.16e-12	1.06e-07	1.96e-04	9.99e-01	3.14e-04	0.00e+00	4.12e-18	1.24e-17	2.07e-17	2.02e-12	4.14e-12	8.26e-53
 3.17418e+14	6.66e-17	7.66e-12	1.24e-07	2.12e-04	9.99e-01	2.91e-04	0.00e+00	5.48e-18	1.65e-17	2.75e-17	2.52e-12	5.15e-12	1.82e-52
 3.30145e+14	8.98e-17	9.63e-12	1.45e-07	2.30e-04	1.00e+00	2.67e-04	0.00e+00	7.39e-18	2.22e-17	3.71e-17	3.16e-12	6.47e-12	4.16e-52
 3.42689e+14	1.19e-16	1.20e-11	1.68e-07	2.49e-04	1.00e+00	2.47e-04	0.00e+00	9.84e-18	2.95e-17	4.94e-17	3.93e-12	8.05e-12	9.17e-52
 3.53080e+14	1.50e-16	1.42e-11	1.90e-07	2.65e-04	1.00e+00	2.32e-04	0.00e+00	1.23e-17	3.70e-17	6.19e-17	4.67e-12	9.57e-12	1.72e-51
 3.61452e+14	1.78e-16	1.63e-11	2.09e-07	2.79e-04	9.99e-01	2.21e-04	0.00e+00	1.47e-17	4.42e-17	7.38e-17	5.35e-12	1.10e-11	2.79e-51
 3.70733e+14	2.16e-16	1.89e-11	2.32e-07	2.95e-04	9.99e-01	2.09e-04	0.00e+00	1.78e-17	5.35e-17	8.94e-17	6.19e-12	1.27e-11	4.75e-51
 3.82799e+14	2.74e-16	2.27e-11	2.64e-07	3.16e-04	9.99e-01	1.95e-04	0.00e+00	2.26e-17	6.79e-17	1.14e-16	7.45e-12	1.53e-11	9.24e-51
 3.95744e+14	3.51e-16	2.75e-11	3.02e-07	3.39e-04	9.99e-01	1.82e-04	0.00e+00	2.90e-17	8.71e-17	1.46e-16	9.01e-12	1.85e-11	1.84e-50
 4.07238e+14	4.34e-16	3.24e-11	3.40e-07	3.61e-04	9.99e-01	1.71e-04	0.00e+00	3.58e-17	1.08e-16	1.80e-16	1.06e-11	2.18e-11	3.32e-50
 4.19585e+14	5.41e-16	3.85e-11	3.83e-07	3.85e-04	9.99e-01	1.60e-04	0.00e+00	4.47e-17	1.34e-16	2.24e-16	1.26e-11	2.59e-11	6.17e-50
 4.35110e+14	7.06e-16	4.73e-11	4.45e-07	4.17e-04	9.99e-01	1.48e-04	0.00e+00	5.84e-17	1.75e-16	2.93e-16	1.55e-11	3.18e-11	1.30e-49
 4.50857e+14	9.14e-16	5.79e-11	5.14e-07	4.51e-04	9.99e-01	1.37e-04	0.00e+00	7.56e-17	2.27e-16	3.80e-16	1.90e-11	3.90e-11	2.70e-49
 4.64416e+14	1.13e-15	6.85e-11	5.81e-07	4.82e-04	9.99e-01	1.28e-04	0.00e+00	9.38e-17	2.82e-16	4.71e-16	2.24e-11	4.61e-11	4.95e-49
 4.79038e+14	1.41e-15	8.16e-11	6.59e-07	5.16e-04	9.99e-01	1.20e-04	0.00e+00	1.17e-16	3.52e-16	5.88e-16	2.67e-11	5.49e-11	9.28e-49
 4.97064e+14	1.84e-15	1.01e-10	7.67e-07	5.61e-04	9.99e-01	1.10e-04	0.00e+00	1.53e-16	4.59e-16	7.67e-16	3.29e-11	6.77e-11	1.97e-48
 5.15426e+14	2.38e-15	1.23e-10	8.90e-07	6.09e-04	9.99e-01	1.02e-04	0.00e+00	1.98e-16	5.94e-16	9.93e-16	4.03e-11	8.29e-11	4.12e-48
 5.31789e+14	2.97e-15	1.47e-10	1.01e-06	6.53e-04	9.99e-01	9.51e-05	0.00e+00	2.47e-16	7.41e-16	1.24e-15	4.79e-11	9.87e-11	7.75e-48
 5.49642e+14	3.74e-15	1.76e-10	1.16e-06	7.04e-04	9.99e-01	8.84e-05	0.00e+00	3.11e-16	9.34e-16	1.56e-15	5.76e-11	1.19e-10	1.51e-47
 5.70943e+14	4.87e-15	2.18e-10	1.35e-06	7.67e-04	9.99e-01	8.12e-05	0.00e+00	4.06e-16	1.22e-15	2.04e-15	7.11e-11	1.46e-10	3.27e-47
 5.91962e+14	6.25e-15	2.65e-10	1.57e-06	8.33e-04	9.99e-01	7.49e-05	0.00e+00	5.21e-16	1.57e-15	2.62e-15	8.68e-11	1.79e-10	6.79e-47
 6.10928e+14	7.76e-15	3.16e-10	1.78e-06	8.95e-04	9.99e-01	6.98e-05	0.00e+00	6.48e-16	1.94e-15	3.25e-15	1.03e-10	2.12e-10	1.28e-46
 6.31989e+14	9.77e-15	3.80e-10	2.04e-06	9.67e-04	9.99e-01	6.47e-05	0.00e+00	8.17e-16	2.45e-15	4.10e-15	1.24e-10	2.56e-10	2.55e-46
 6.56786e+14	1.27e-14	4.69e-10	2.39e-06	1.06e-03	9.99e-01	5.93e-05	0.00e+00	1.06e-15	3.19e-15	5.32e-15	1.53e-10	3.15e-10	5.55e-46
 6.81248e+14	1.62e-14	5.72e-10	2.77e-06	1.15e-03	9.99e-01	5.46e-05	0.00e+00	1.36e-15	4.08e-15	6.82e-15	1.87e-10	3.85e-10	1.16e-45
 7.03939e+14	2.02e-14	6.83e-10	3.17e-06	1.24e-03	9.99e-01	5.08e-05	0.00e+00	1.69e-15	5.09e-15	8.50e-15	2.23e-10	4.60e-10	2.26e-45
 7.29377e+14	2.56e-14	8.27e-10	3.66e-06	1.34e-03	9.99e-01	4.69e-05	0.00e+00	2.15e-15	6.45e-15	1.08e-14	2.71e-10	5.57e-10	4.66e-45
 7.58582e+14	3.32e-14	1.02e-09	4.29e-06	1.47e-03	9.98e-01	4.29e-05	0.00e+00	2.79e-15	8.38e-15	1.40e-14	3.34e-10	6.88e-10	1.04e-44
 7.87287e+14	4.24e-14	1.25e-09	4.98e-06	1.60e-03	9.98e-01	3.95e-05	0.00e+00	3.57e-15	1.07e-14	1.79e-14	4.09e-10	8.40e-10	2.21e-44
 8.17140e+14	5.41e-14	1.53e-09	5.78e-06	1.74e-03	9.98e-01	3.64e-05	0.00e+00	4.57e-15	1.37e-14	2.29e-14	4.99e-10	1.03e-09	4.75e-44
 8.44363e+14	6.71e-14	1.82e-09	6.60e-06	1.88e-03	9.98e-01	3.38e-05	0.00e+00	5.67e-15	1.70e-14	2.84e-14	5.96e-10	1.22e-09	9.30e-44
 8.64624e+14	7.83e-14	2.07e-09	7.26e-06	1.98e-03	9.98e-01	3.21e-05	0.00e+00	6.62e-15	1.99e-14	3.32e-14	6.76e-10	1.39e-09	1.51e-43
 8.85497e+14	9.15e-14	2.35e-09	7.99e-06	2.09e-03	9.98e-01	3.04e-05	0.00e+00	7.74e-15	2.32e-14	3.88e-14	7.69e-10	1.58e-09	2.47e-43
 9.12632e+14	1.07e-13	2.76e-09	9.02e-06	2.24e-03	9.98e-01	2.84e-05	0.00e+00	9.06e-15	2.72e-14	4.54e-14	9.04e-10	1.86e-09	4.56e-43
 9.42123e+14	1.31e-13	3.28e-09	1.02e-05	2.41e-03	9.98e-01	2.65e-05	0.00e+00	1.11e-14	3.34e-14	5.58e-14	1.07e-09	2.20e-09	8.96e-43
 9.68800e+14	1.57e-13	3.81e-09	1.15e-05	2.57e-03	9.97e-01	2.49e-05	0.00e+00	1.33e-14	3.99e-14	6.67e-14	1.25e-09	2.56e-09	1.60e-42
 9.97606e+14	1.89e-13	4.45e-09	1.29e-05	2.75e-03	9.97e-01	2.34e-05	0.00e+00	1.60e-14	4.81e-14	8.04e-14	1.46e-09	2.99e-09	2.94e-42
 1.03418e+15	2.37e-13	5.41e-09	1.49e-05	2.99e-03	9.97e-01	2.16e-05	0.00e+00	2.02e-14	6.06e-14	1.01e-13	1.77e-09	3.63e-09	6.35e-42
 1.07102e+15	2.95e-13	6.53e-09	1.71e-05	3.24e-03	9.97e-01	2.00e-05	0.00e+00	2.52e-14	7.56e-14	1.26e-13	2.14e-09	4.39e-09	1.34e-41
 1.10182e+15	3.53e-13	7.60e-09	1.91e-05	3.45e-03	9.97e-01	1.88e-05	0.00e+00	3.01e-14	9.04e-14	1.51e-13	2.50e-09	5.11e-09	2.46e-41
 1.13461e+15	4.25e-13	8.90e-09	2.15e-05	3.69e-03	9.96e-01	1.77e-05	0.00e+00	3.63e-14	1.09e-13	1.82e-13	2.92e-09	5.98e-09	4.61e-41
 1.17622e+15	5.33e-13	1.08e-08	2.49e-05	4.01e-03	9.96e-01	1.64e-05	0.00e+00	4.56e-14	1.37e-13	2.28e-13	3.56e-09	7.27e-09	1.00e-40
 1.21994e+15	6.69e-13	1.32e-08	2.88e-05	4.35e-03	9.96e-01	1.52e-05	0.00e+00	5.73e-14	1.72e-13	2.87e-13	4.34e-09	8.86e-09	2.21e-40
 1.25925e+15	8.14e-13	1.57e-08	3.26e-05	4.67e-03	9.95e-01	1.42e-05	0.00e+00	6.98e-14	2.10e-13	3.50e-13	5.15e-09	1.05e-08	4.36e-40
 1.30217e+15	1.00e-12	1.88e-08	3.73e-05	5.04e-03	9.95e-01	1.32e-05	0.00e+00	8.62e-14	2.59e-13	4.32e-13	6.18e-09	1.26e-08	9.01e-40
 1.35298e+15	1.27e-12	2.32e-08	4.35e-05	5.50e-03	9.94e-01	1.22e-05	0.00e+00	1.10e-13	3.29e-13	5.49e-13	7.63e-09	1.56e-08	2.07e-39
 1.40284e+15	1.59e-12	2.83e-08	5.02e-05	5.97e-03	9.94e-01	1.14e-05	0.00e+00	1.37e-13	4.11e-13	6.86e-13	9.30e-09	1.90e-08	4.52e-39
 1.44827e+15	1.94e-12	3.37e-08	5.70e-05	6.41e-03	9.94e-01	1.07e-05	0.00e+00	1.67e-13	5.02e-13	8.38e-13	1.11e-08	2.26e-08	8.92e-39
 1.49913e+15	2.40e-12	4.07e-08	6.54e-05	6.93e-03	9.93e-01	9.97e-06	0.00e+00	2.07e-13	6.22e-13	1.04e-12	1.34e-08	2.73e-08	1.88e-38
 1.55844e+15	3.05e-12	5.04e-08	7.63e-05	7.57e-03	9.92e-01	9.24e-06	0.00e+00	2.64e-13	7.92e-13	1.32e-12	1.66e-08	3.38e-08	4.35e-38
 1.61688e+15	3.83e-12	6.18e-08	8.84e-05	8.22e-03	9.92e-01	8.62e-06	0.00e+00	3.31e-13	9.94e-13	1.66e-12	2.04e-08	4.15e-08	9.65e-38
 1.67199e+15	4.70e-12	7.45e-08	1.01e-04	8.86e-03	9.91e-01	8.10e-06	0.00e+00	4.07e-13	1.22e-12	2.04e-12	2.45e-08	4.99e-08	1.99e-37
 1.73323e+15	5.87e-12	9.10e-08	1.17e-04	9.61e-03	9.90e-01	7.59e-06	0.00e+00	5.09e-13	1.53e-12	2.55e-12	3.00e-08	6.10e-08	4.33e-37
 1.79151e+15	7.17e-12	1.10e-07	1.33e-04	1.03e-02	9.90e-01	7.16e-06	0.00e+00	6.22e-13	1.87e-12	3.12e-12	3.61e-08	7.34e-08	8.80e-37
 1.83487e+15	8.19e-12	1.25e-07	1.47e-04	1.09e-02	9.89e-01	6.88e-06	0.00e+00	7.12e-13	2.14e-12	3.56e-12	4.13e-08	8.38e-08	1.47e-36
 1.87876e+15	9.48e-12	1.43e-07	1.61e-04	1.15e-02	9.88e-01	6.61e-06	0.00e+00	8.24e-13	2.47e-12	4.13e-12	4.71e-08	9.57e-08	2.44e-36
 1.93582e+15	1.14e-11	1.69e-07	1.82e-04	1.23e-02	9.87e-01	6.27e-06	0.00e+00	9.95e-13	2.99e-12	4.98e-12	5.57e-08	1.13e-07	4.64e-36
 1.99780e+15	1.38e-11	2.02e-07	2.06e-04	1.32e-02	9.87e-01	5.96e-06	0.00e+00	1.20e-12	3.61e-12	6.03e-12	6.65e-08	1.35e-07	9.03e-36
 2.05356e+15	1.63e-11	2.36e-07	2.30e-04	1.40e-02	9.86e-01	5.71e-06	0.00e+00	1.42e-12	4.27e-12	7.12e-12	7.77e-08	1.58e-07	1.61e-35
 2.11344e+15	1.94e-11	2.77e-07	2.59e-04	1.50e-02	9.85e-01	5.46e-06	0.00e+00	1.69e-12	5.08e-12	8.49e-12	9.15e-08	1.86e-07	2.97e-35
 2.19025e+15	2.41e-11	3.39e-07	2.99e-04	1.62e-02	9.83e-01	5.18e-06	0.00e+00	2.10e-12	6.31e-12	1.05e-11	1.12e-07	2.27e-07	6.36e-35
 2.26773e+15	2.97e-11	4.12e-07	3.43e-04	1.75e-02	9.82e-01	4.92e-06	0.00e+00	2.59e-12	7.78e-12	1.30e-11	1.36e-07	2.76e-07	1.31e-34
 2.33157e+15	3.47e-11	4.83e-07	3.84e-04	1.87e-02	9.81e-01	4.75e-06	0.00e+00	3.03e-12	9.11e-12	1.52e-11	1.59e-07	3.23e-07	2.33e-34
 2.39901e+15	4.13e-11	5.68e-07	4.31e-04	1.99e-02	9.80e-01	4.57e-06	0.00e+00	3.62e-12	1.09e-11	1.81e-11	1.88e-07	3.80e-07	4.24e-34
 2.48589e+15	5.16e-11	6.95e-07	4.98e-04	2.15e-02	9.78e-01	4.35e-06	0.00e+00	4.52e-12	1.36e-11	2.26e-11	2.30e-07	4.65e-07	8.91e-34
 2.57754e+15	6.39e-11	8.53e-07	5.76e-04	2.34e-02	9.76e-01	4.16e-06	0.00e+00	5.61e-12	1.68e-11	2.81e-11	2.82e-07	5.71e-07	1.86e-33
 2.65779e+15	7.61e-11	1.02e-06	6.53e-04	2.50e-02	9.74e-01	4.03e-06	0.00e+00	6.68e-12	2.01e-11	3.35e-11	3.36e-07	6.80e-07	3.48e-33
 2.74369e+15	9.30e-11	1.22e-06	7.43e-04	2.69e-02	9.72e-01	3.89e-06	0.00e+00	8.18e-12	2.45e-11	4.09e-11	4.03e-07	8.16e-07	6.65e-33
 2.84810e+15	1.17e-10	1.51e-06	8.65e-04	2.92e-02	9.70e-01	3.74e-06	0.00e+00	1.03e-11	3.09e-11	5.16e-11	5.00e-07	1.01e-06	1.43e-32
 2.95117e+15	1.45e-10	1.85e-06	9.99e-04	3.17e-02	9.67e-01	3.60e-06	0.00e+00	1.28e-11	3.85e-11	6.42e-11	6.13e-07	1.24e-06	2.93e-32
 3.04139e+15	1.75e-10	2.20e-06	1.13e-03	3.39e-02	9.65e-01	3.51e-06	0.00e+00	1.54e-11	4.63e-11	7.72e-11	7.29e-07	1.47e-06	5.38e-32
 3.14030e+15	2.15e-10	2.65e-06	1.29e-03	3.64e-02	9.62e-01	3.40e-06	0.00e+00	1.90e-11	5.69e-11	9.49e-11	8.79e-07	1.78e-06	1.03e-31
 3.26015e+15	2.72e-10	3.30e-06	1.50e-03	3.97e-02	9.59e-01	3.30e-06	0.00e+00	2.40e-11	7.20e-11	1.20e-10	1.09e-06	2.21e-06	2.19e-31
 3.37525e+15	3.35e-10	4.02e-06	1.73e-03	4.29e-02	9.55e-01	3.20e-06	0.00e+00	2.97e-11	8.90e-11	1.48e-10	1.33e-06	2.69e-06	4.30e-31
 3.47213e+15	4.00e-10	4.74e-06	1.94e-03	4.58e-02	9.52e-01	3.14e-06	0.00e+00	3.54e-11	1.06e-10	1.77e-10	1.57e-06	3.17e-06	7.50e-31
 3.55953e+15	4.67e-10	5.47e-06	2.15e-03	4.85e-02	9.49e-01	3.09e-06	0.00e+00	4.14e-11	1.24e-10	2.07e-10	1.81e-06	3.66e-06	1.22e-30
 3.65540e+15	5.56e-10	6.40e-06	2.40e-03	5.15e-02	9.46e-01	3.02e-06	0.00e+00	4.93e-11	1.48e-10	2.47e-10	2.12e-06	4.28e-06	2.06e-30
 3.76154e+15	6.66e-10	7.55e-06	2.71e-03	5.50e-02	9.42e-01	2.96e-06	0.00e+00	5.92e-11	1.77e-10	2.96e-10	2.50e-06	5.05e-06	3.58e-30
 3.86089e+15	7.87e-10	8.78e-06	3.01e-03	5.84e-02	9.39e-01	2.92e-06	0.00e+00	6.99e-11	2.10e-10	3.50e-10	2.91e-06	5.87e-06	5.89e-30
 3.96988e+15	9.42e-10	1.04e-05	3.39e-03	6.23e-02	9.34e-01	2.86e-06	0.00e+00	8.38e-11	2.51e-10	4.19e-10	3.43e-06	6.92e-06	1.01e-29
 4.08958e+15	1.14e-09	1.23e-05	3.83e-03	6.67e-02	9.29e-01	2.81e-06	0.00e+00	1.02e-10	3.05e-10	5.09e-10	4.08e-06	8.23e-06	1.79e-29
 4.20088e+15	1.37e-09	1.44e-05	4.29e-03	7.10e-02	9.25e-01	2.77e-06	0.00e+00	1.22e-10	3.66e-10	6.10e-10	4.78e-06	9.62e-06	2.95e-29
 4.32325e+15	1.65e-09	1.71e-05	4.84e-03	7.59e-02	9.19e-01	2.71e-06	0.00e+00	1.47e-10	4.42e-10	7.37e-10	5.67e-06	1.14e-05	5.13e-29
 4.45835e+15	2.04e-09	2.05e-05	5.51e-03	8.15e-02	9.13e-01	2.67e-06	0.00e+00	1.82e-10	5.46e-10	9.11e-10	6.79e-06	1.37e-05	9.09e-29
 4.58543e+15	2.46e-09	2.41e-05	6.20e-03	8.70e-02	9.07e-01	2.63e-06	0.00e+00	2.20e-10	6.60e-10	1.10e-09	8.01e-06	1.61e-05	1.52e-28
 4.70741e+15	2.92e-09	2.82e-05	6.94e-03	9.25e-02	9.01e-01	2.59e-06	0.00e+00	2.62e-10	7.85e-10	1.31e-09	9.36e-06	1.88e-05	2.46e-28
 4.84735e+15	3.58e-09	3.36e-05	7.88e-03	9.92e-02	8.93e-01	2.54e-06	0.00e+00	3.21e-10	9.61e-10	1.60e-09	1.12e-05	2.25e-05	4.30e-28
 4.99973e+15	4.42e-09	4.04e-05	8.99e-03	1.07e-01	8.84e-01	2.49e-06	0.00e+00	3.97e-10	1.19e-09	1.99e-09	1.34e-05	2.70e-05	7.50e-28
 5.13857e+15	5.36e-09	4.75e-05	1.01e-02	1.14e-01	8.76e-01	2.46e-06	0.00e+00	4.81e-10	1.44e-09	2.41e-09	1.58e-05	3.17e-05	1.22e-27
 5.28936e+15	6.68e-09	5.68e-05	1.15e-02	1.22e-01	8.66e-01	2.44e-06	0.00e+00	6.01e-10	1.80e-09	3.01e-09	1.89e-05	3.80e-05	2.10e-27
 5.45469e+15	8.20e-09	6.83e-05	1.32e-02	1.31e-01	8.56e-01	2.38e-06	0.00e+00	7.39e-10	2.22e-09	3.69e-09	2.27e-05	4.56e-05	3.62e-27
 5.60659e+15	9.99e-09	8.06e-05	1.49e-02	1.40e-01	8.45e-01	2.34e-06	0.00e+00	9.01e-10	2.70e-09	4.51e-09	2.68e-05	5.38e-05	5.69e-27
 5.77173e+15	1.26e-08	9.70e-05	1.70e-02	1.50e-01	8.33e-01	2.31e-06	0.00e+00	1.14e-09	3.41e-09	5.69e-09	3.22e-05	6.47e-05	9.87e-27
 5.94141e+15	1.53e-08	1.15e-04	1.93e-02	1.61e-01	8.20e-01	2.26e-06	0.00e+00	1.39e-09	4.16e-09	6.94e-09	3.84e-05	7.70e-05	1.61e-26
 6.08247e+15	1.86e-08	1.33e-04	2.15e-02	1.70e-01	8.08e-01	2.24e-06	0.00e+00	1.68e-09	5.04e-09	8.40e-09	4.44e-05	8.90e-05	2.42e-26
 6.20947e+15	2.14e-08	1.52e-04	2.37e-02	1.79e-01	7.97e-01	2.21e-06	0.00e+00	1.94e-09	5.82e-09	9.70e-09	5.05e-05	1.01e-04	3.48e-26
 6.35270e+15	2.57e-08	1.76e-04	2.65e-02	1.89e-01	7.84e-01	2.17e-06	0.00e+00	2.33e-09	7.00e-09	1.17e-08	5.86e-05	1.18e-04	5.35e-26
 6.51359e+15	3.17e-08	2.07e-04	2.99e-02	2.01e-01	7.69e-01	2.14e-06	0.00e+00	2.88e-09	8.63e-09	1.44e-08	6.89e-05	1.38e-04	8.41e-26
 6.66529e+15	3.77e-08	2.40e-04	3.33e-02	2.12e-01	7.54e-01	2.10e-06	0.00e+00	3.43e-09	1.03e-08	1.71e-08	7.99e-05	1.60e-04	1.25e-25
 6.80827e+15	4.48e-08	2.76e-04	3.70e-02	2.24e-01	7.39e-01	2.07e-06	0.00e+00	4.08e-09	1.22e-08	2.04e-08	9.19e-05	1.84e-04	1.84e-25
 6.95041e+15	5.33e-08	3.17e-04	4.11e-02	2.35e-01	7.23e-01	2.04e-06	0.00e+00	4.86e-09	1.46e-08	2.43e-08	1.06e-04	2.12e-04	2.69e-25
 7.11355e+15	6.63e-08	3.74e-04	4.65e-02	2.49e-01	7.04e-01	2.01e-06	0.00e+00	6.05e-09	1.81e-08	3.02e-08	1.25e-04	2.50e-04	4.29e-25
 7.28722e+15	8.08e-08	4.40e-04	5.26e-02	2.64e-01	6.83e-01	1.97e-06	0.00e+00	7.38e-09	2.21e-08	3.69e-08	1.47e-04	2.94e-04	6.59e-25
 7.44025e+15	9.71e-08	5.09e-04	5.87e-02	2.77e-01	6.63e-01	1.94e-06	0.00e+00	8.88e-09	2.66e-08	4.44e-08	1.70e-04	3.40e-04	9.73e-25
 7.58304e+15	1.18e-07	5.86e-04	6.52e-02	2.90e-01	6.44e-01	1.92e-06	0.00e+00	1.08e-08	3.23e-08	5.38e-08	1.95e-04	3.91e-04	1.42e-24
 7.72541e+15	1.40e-07	6.72e-04	7.24e-02	3.04e-01	6.23e-01	1.89e-06	0.00e+00	1.28e-08	3.84e-08	6.40e-08	2.24e-04	4.48e-04	2.07e-24
 7.88904e+15	1.72e-07	7.91e-04	8.17e-02	3.19e-01	5.98e-01	1.85e-06	0.00e+00	1.57e-08	4.72e-08	7.87e-08	2.63e-04	5.27e-04	3.22e-24
 8.06329e+15	2.15e-07	9.37e-04	9.29e-02	3.36e-01	5.70e-01	1.82e-06	0.00e+00	1.97e-08	5.91e-08	9.85e-08	3.12e-04	6.25e-04	5.13e-24
 8.21223e+15	2.59e-07	1.08e-03	1.04e-01	3.50e-01	5.45e-01	1.80e-06	0.00e+00	2.38e-08	7.15e-08	1.19e-07	3.60e-04	7.21e-04	7.51e-24
 8.34538e+15	3.10e-07	1.23e-03	1.14e-01	3.63e-01	5.22e-01	1.77e-06	0.00e+00	2.85e-08	8.54e-08	1.42e-07	4.11e-04	8.22e-04	1.07e-23
 8.49711e+15	3.76e-07	1.44e-03	1.28e-01	3.77e-01	4.93e-01	1.73e-06	0.00e+00	3.46e-08	1.04e-07	1.73e-07	4.79e-04	9.58e-04	1.64e-23
 8.65994e+15	4.70e-07	1.70e-03	1.45e-01	3.92e-01	4.61e-01	1.70e-06	0.00e+00	4.33e-08	1.30e-07	2.17e-07	5.66e-04	1.13e-03	2.63e-23
 8.79541e+15	5.65e-07	1.94e-03	1.60e-01	4.04e-01	4.33e-01	1.69e-06	0.00e+00	5.21e-08	1.56e-07	2.60e-07	6.47e-04	1.29e-03	3.82e-23
 8.90723e+15	6.60e-07	2.18e-03	1.75e-01	4.14e-01	4.10e-01	1.67e-06	0.00e+00	6.09e-08	1.83e-07	3.04e-07	7.26e-04	1.45e-03	5.29e-23
 9.03011e+15	7.90e-07	2.47e-03	1.92e-01	4.23e-01	3.82e-01	1.63e-06	0.00e+00	7.30e-08	2.19e-07	3.65e-07	8.25e-04	1.65e-03	7.61e-23
 9.16432e+15	9.50e-07	2.86e-03	2.13e-01	4.33e-01	3.51e-01	1.59e-06	0.00e+00	8.78e-08	2.63e-07	4.39e-07	9.55e-04	1.91e-03	1.18e-22
 9.27939e+15	1.12e-06	3.22e-03	2.32e-01	4.40e-01	3.25e-01	1.57e-06	0.00e+00	1.04e-07	3.11e-07	5.19e-07	1.07e-03	2.15e-03	1.67e-22
 9.36592e+15	1.27e-06	3.53e-03	2.48e-01	4.44e-01	3.05e-01	1.56e-06	0.00e+00	1.18e-07	3.53e-07	5.89e-07	1.18e-03	2.35e-03	2.19e-22
 9.43653e+15	1.42e-06	3.81e-03	2.61e-01	4.47e-01	2.87e-01	1.54e-06	0.00e+00	1.31e-07	3.93e-07	6.55e-07	1.27e-03	2.54e-03	2.77e-22
 9.51558e+15	1.59e-06	4.10e-03	2.77e-01	4.50e-01	2.68e-01	1.50e-06	0.00e+00	1.47e-07	4.42e-07	7.36e-07	1.37e-03	2.73e-03	3.44e-22
 9.61835e+15	1.87e-06	4.59e-03	2.99e-01	4.53e-01	2.43e-01	1.45e-06	0.00e+00	1.74e-07	5.20e-07	8.67e-07	1.53e-03	3.06e-03	4.90e-22
 9.71648e+15	2.18e-06	5.10e-03	3.22e-01	4.54e-01	2.19e-01	1.41e-06	0.00e+00	2.02e-07	6.07e-07	1.01e-06	1.70e-03	3.40e-03	6.92e-22
 9.78443e+15	2.46e-06	5.58e-03	3.39e-01	4.53e-01	2.02e-01	1.41e-06	0.00e+00	2.29e-07	6.85e-07	1.14e-06	1.86e-03	3.72e-03	9.50e-22
 9.83497e+15	2.66e-06	5.92e-03	3.52e-01	4.52e-01	1.89e-01	1.39e-06	0.00e+00	2.47e-07	7.41e-07	1.23e-06	1.97e-03	3.94e-03	1.16e-21
 9.88701e+15	2.89e-06	6.21e-03	3.65e-01	4.51e-01	1.77e-01	1.36e-06	0.00e+00	2.68e-07	8.05e-07	1.34e-06	2.07e-03	4.14e-03	1.35e-21
 9.95466e+15	3.27e-06	6.79e-03	3.85e-01	4.49e-01	1.60e-01	1.31e-06	0.00e+00	3.04e-07	9.11e-07	1.52e-06	2.26e-03	4.52e-03	1.87e-21
 1.00223e+16	3.68e-06	7.31e-03	4.03e-01	4.45e-01	1.45e-01	1.27e-06	0.00e+00	3.42e-07	1.03e-06	1.71e-06	2.44e-03	4.87e-03	2.44e-21
 1.00779e+16	4.07e-06	7.79e-03	4.19e-01	4.41e-01	1.32e-01	1.23e-06	0.00e+00	3.79e-07	1.14e-06	1.89e-06	2.60e-03	5.19e-03	3.06e-21
 1.01382e+16	4.50e-06	8.26e-03	4.36e-01	4.37e-01	1.19e-01	1.17e-06	0.00e+00	4.20e-07	1.26e-06	2.10e-06	2.76e-03	5.51e-03	3.76e-21
 1.02165e+16	5.27e-06	9.16e-03	4.60e-01	4.29e-01	1.02e-01	1.09e-06	0.00e+00	4.91e-07	1.47e-06	2.45e-06	3.06e-03	6.10e-03	5.65e-21
 1.02863e+16	5.97e-06	9.76e-03	4.79e-01	4.22e-01	8.88e-02	1.02e-06	0.00e+00	5.57e-07	1.67e-06	2.78e-06	3.26e-03	6.50e-03	7.07e-21
 1.03354e+16	6.78e-06	1.05e-02	4.95e-01	4.15e-01	7.88e-02	9.74e-07	0.00e+00	6.33e-07	1.90e-06	3.16e-06	3.49e-03	6.97e-03	9.51e-21
 1.03789e+16	7.26e-06	1.09e-02	5.07e-01	4.10e-01	7.17e-02	0.00e+00	0.00e+00	6.79e-07	2.03e-06	3.39e-06	3.63e-03	7.24e-03	1.09e-20
 1.04250e+16	7.99e-06	1.15e-02	5.21e-01	4.04e-01	6.37e-02	0.00e+00	0.00e+00	7.48e-07	2.24e-06	3.74e-06	3.83e-03	7.63e-03	1.35e-20
 1.04849e+16	9.13e-06	1.24e-02	5.40e-01	3.94e-01	5.39e-02	0.00e+00	0.00e+00	8.55e-07	2.56e-06	4.27e-06	4.13e-03	8.25e-03	1.89e-20
