#depth	He	He+	He+2
 1.49634e+10	1.41e-21	4.29e-11	1.00e+00
 4.54887e+10	1.64e-21	4.66e-11	1.00e+00
 7.72350e+10	1.89e-21	5.06e-11	1.00e+00
 1.10251e+11	2.18e-21	5.51e-11	1.00e+00
 1.41645e+11	2.49e-21	5.95e-11	1.00e+00
 1.70283e+11	2.79e-21	6.36e-11	1.00e+00
 2.02656e+11	3.17e-21	6.86e-11	1.00e+00
 2.40336e+11	3.67e-21	7.46e-11	1.00e+00
 2.77705e+11	4.22e-21	8.09e-11	1.00e+00
 3.13604e+11	4.80e-21	8.71e-11	1.00e+00
 3.53112e+11	5.50e-21	9.44e-11	1.00e+00
 3.97163e+11	6.39e-21	1.03e-10	1.00e+00
 4.41855e+11	7.40e-21	1.12e-10	1.00e+00
 4.88334e+11	8.56e-21	1.22e-10	1.00e+00
 5.33728e+11	9.85e-21	1.32e-10	1.00e+00
 5.74824e+11	1.11e-20	1.42e-10	1.00e+00
 6.20701e+11	1.26e-20	1.53e-10	1.00e+00
 6.74528e+11	1.47e-20	1.67e-10	1.00e+00
 7.27784e+11	1.69e-20	1.82e-10	1.00e+00
 7.77733e+11	1.92e-20	1.96e-10	1.00e+00
 8.33332e+11	2.20e-20	2.13e-10	1.00e+00
 8.96592e+11	2.57e-20	2.33e-10	1.00e+00
 9.58909e+11	2.96e-20	2.54e-10	1.00e+00
 1.02372e+12	3.41e-20	2.77e-10	1.00e+00
 1.09459e+12	3.97e-20	3.04e-10	1.00e+00
 1.16581e+12	4.58e-20	3.33e-10	1.00e+00
 1.23988e+12	5.29e-20	3.64e-10	1.00e+00
 1.31668e+12	6.10e-20	3.98e-10	1.00e+00
 1.39211e+12	6.98e-20	4.34e-10	1.00e+00
 1.47329e+12	8.00e-20	4.75e-10	1.00e+00
 1.56215e+12	9.26e-20	5.23e-10	1.00e+00
 1.65456e+12	1.07e-19	5.75e-10	1.00e+00
 1.75067e+12	1.23e-19	6.33e-10	1.00e+00
 1.85062e+12	1.42e-19	6.97e-10	1.00e+00
 1.94102e+12	1.61e-19	7.59e-10	1.00e+00
 2.01632e+12	1.77e-19	8.13e-10	1.00e+00
 2.09882e+12	1.96e-19	8.74e-10	1.00e+00
 2.20332e+12	2.22e-19	9.57e-10	1.00e+00
 2.31230e+12	2.52e-19	1.05e-09	1.00e+00
 2.40883e+12	2.80e-19	1.13e-09	1.00e+00
 2.49904e+12	3.08e-19	1.21e-09	1.00e+00
 2.60205e+12	3.42e-19	1.31e-09	1.00e+00
 2.72845e+12	3.88e-19	1.44e-09	1.00e+00
 2.85427e+12	4.39e-19	1.58e-09	1.00e+00
 2.96381e+12	4.86e-19	1.70e-09	1.00e+00
 3.08312e+12	5.41e-19	1.84e-09	1.00e+00
 3.22854e+12	6.13e-19	2.02e-09	1.00e+00
 3.37694e+12	6.95e-19	2.21e-09	1.00e+00
 3.51356e+12	7.75e-19	2.39e-09	1.00e+00
 3.66579e+12	8.73e-19	2.61e-09	1.00e+00
 3.84183e+12	9.99e-19	2.87e-09	1.00e+00
 4.01501e+12	1.14e-18	3.14e-09	1.00e+00
 4.18106e+12	1.28e-18	3.41e-09	1.00e+00
 4.36417e+12	1.46e-18	3.73e-09	1.00e+00
 4.56866e+12	1.68e-18	4.10e-09	1.00e+00
 4.75470e+12	1.90e-18	4.45e-09	1.00e+00
 4.91149e+12	2.11e-18	4.75e-09	1.00e+00
 5.08400e+12	2.35e-18	5.10e-09	1.00e+00
 5.27882e+12	2.66e-18	5.51e-09	1.00e+00
 5.46548e+12	2.99e-18	5.92e-09	1.00e+00
 5.67100e+12	3.38e-18	6.39e-09	1.00e+00
 5.89929e+12	3.87e-18	6.93e-09	1.00e+00
 6.11324e+12	4.38e-18	7.46e-09	1.00e+00
 6.34743e+12	4.99e-18	8.04e-09	1.00e+00
 6.62437e+12	5.80e-18	8.80e-09	1.00e+00
 6.89407e+12	6.70e-18	9.55e-09	1.00e+00
 7.12746e+12	7.55e-18	1.02e-08	1.00e+00
 7.37645e+12	8.56e-18	1.10e-08	1.00e+00
 7.68249e+12	9.94e-18	1.19e-08	1.00e+00
 7.98933e+12	1.15e-17	1.29e-08	1.00e+00
 8.25761e+12	1.30e-17	1.38e-08	1.00e+00
 8.54913e+12	1.48e-17	1.49e-08	1.00e+00
 8.90315e+12	1.73e-17	1.62e-08	1.00e+00
 9.25842e+12	2.01e-17	1.75e-08	1.00e+00
 9.57704e+12	2.28e-17	1.88e-08	1.00e+00
 9.92801e+12	2.62e-17	2.02e-08	1.00e+00
 1.03439e+13	3.07e-17	2.20e-08	1.00e+00
 1.07566e+13	3.57e-17	2.38e-08	1.00e+00
 1.11397e+13	4.09e-17	2.56e-08	1.00e+00
 1.15692e+13	4.75e-17	2.76e-08	1.00e+00
 1.20619e+13	5.59e-17	3.01e-08	1.00e+00
 1.25479e+13	6.53e-17	3.26e-08	1.00e+00
 1.30534e+13	7.62e-17	3.54e-08	1.00e+00
 1.36055e+13	8.98e-17	3.85e-08	1.00e+00
 1.41796e+13	1.06e-16	4.19e-08	1.00e+00
 1.47768e+13	1.24e-16	4.55e-08	1.00e+00
 1.53617e+13	1.45e-16	4.93e-08	1.00e+00
 1.59037e+13	1.66e-16	5.29e-08	1.00e+00
 1.65034e+13	1.93e-16	5.70e-08	1.00e+00
 1.71206e+13	2.23e-16	6.14e-08	1.00e+00
 1.76354e+13	2.51e-16	6.52e-08	1.00e+00
 1.81779e+13	2.83e-16	6.92e-08	1.00e+00
 1.88691e+13	3.28e-16	7.46e-08	1.00e+00
 1.95917e+13	3.80e-16	8.05e-08	1.00e+00
 2.02303e+13	4.31e-16	8.58e-08	1.00e+00
 2.09219e+13	4.93e-16	9.18e-08	1.00e+00
 2.16948e+13	5.69e-16	9.88e-08	1.00e+00
 2.24203e+13	6.48e-16	1.05e-07	1.00e+00
 2.32104e+13	7.43e-16	1.13e-07	1.00e+00
 2.40889e+13	8.60e-16	1.22e-07	1.00e+00
 2.49078e+13	9.81e-16	1.30e-07	1.00e+00
 2.57980e+13	1.13e-15	1.39e-07	1.00e+00
 2.67929e+13	1.31e-15	1.50e-07	1.00e+00
 2.77294e+13	1.50e-15	1.61e-07	1.00e+00
 2.87523e+13	1.73e-15	1.73e-07	1.00e+00
 2.98952e+13	2.01e-15	1.87e-07	1.00e+00
 3.09727e+13	2.31e-15	2.00e-07	1.00e+00
 3.21303e+13	2.67e-15	2.15e-07	1.00e+00
 3.34454e+13	3.13e-15	2.33e-07	1.00e+00
 3.47346e+13	3.63e-15	2.51e-07	1.00e+00
 3.60754e+13	4.21e-15	2.71e-07	1.00e+00
 3.75484e+13	4.92e-15	2.93e-07	1.00e+00
 3.90379e+13	5.73e-15	3.17e-07	1.00e+00
 4.05870e+13	6.68e-15	3.42e-07	1.00e+00
 4.21436e+13	7.75e-15	3.68e-07	1.00e+00
 4.36118e+13	8.86e-15	3.94e-07	1.00e+00
 4.52356e+13	1.02e-14	4.24e-07	1.00e+00
 4.68619e+13	1.18e-14	4.55e-07	1.00e+00
 4.82018e+13	1.31e-14	4.81e-07	1.00e+00
 4.96168e+13	1.47e-14	5.10e-07	1.00e+00
 5.14398e+13	1.70e-14	5.48e-07	1.00e+00
 5.33605e+13	1.96e-14	5.90e-07	1.00e+00
 5.50482e+13	2.22e-14	6.28e-07	1.00e+00
 5.68662e+13	2.52e-14	6.70e-07	1.00e+00
 5.90666e+13	2.93e-14	7.24e-07	1.00e+00
 6.13024e+13	3.40e-14	7.80e-07	1.00e+00
 6.33797e+13	3.88e-14	8.35e-07	1.00e+00
 6.56967e+13	4.48e-14	8.98e-07	1.00e+00
 6.81752e+13	5.19e-14	9.69e-07	1.00e+00
 7.03785e+13	5.89e-14	1.03e-06	1.00e+00
 7.27424e+13	6.72e-14	1.11e-06	1.00e+00
 7.55750e+13	7.82e-14	1.20e-06	1.00e+00
 7.83589e+13	9.04e-14	1.29e-06	1.00e+00
 8.08317e+13	1.02e-13	1.37e-06	1.00e+00
 8.35581e+13	1.17e-13	1.47e-06	1.00e+00
 8.68160e+13	1.36e-13	1.59e-06	1.00e+00
 9.00541e+13	1.57e-13	1.71e-06	1.00e+00
 9.30054e+13	1.79e-13	1.83e-06	1.00e+00
 9.62948e+13	2.05e-13	1.97e-06	1.00e+00
 1.00132e+14	2.40e-13	2.13e-06	1.00e+00
 1.03904e+14	2.77e-13	2.30e-06	1.00e+00
 1.07455e+14	3.17e-13	2.47e-06	1.00e+00
 1.11412e+14	3.65e-13	2.66e-06	1.00e+00
 1.15898e+14	4.27e-13	2.88e-06	1.00e+00
 1.20377e+14	4.95e-13	3.11e-06	1.00e+00
 1.24562e+14	5.65e-13	3.34e-06	1.00e+00
 1.29101e+14	6.50e-13	3.59e-06	1.00e+00
 1.34187e+14	7.55e-13	3.89e-06	1.00e+00
 1.38936e+14	8.63e-13	4.18e-06	1.00e+00
 1.43332e+14	9.73e-13	4.45e-06	1.00e+00
 1.47563e+14	1.09e-12	4.72e-06	1.00e+00
 1.52263e+14	1.23e-12	5.04e-06	1.00e+00
 1.57464e+14	1.39e-12	5.39e-06	1.00e+00
 1.62307e+14	1.56e-12	5.73e-06	1.00e+00
 1.67594e+14	1.77e-12	6.12e-06	1.00e+00
 1.73543e+14	2.02e-12	6.57e-06	1.00e+00
 1.79220e+14	2.27e-12	7.01e-06	1.00e+00
 1.85467e+14	2.59e-12	7.52e-06	1.00e+00
 1.92349e+14	2.96e-12	8.10e-06	1.00e+00
 1.98675e+14	3.34e-12	8.65e-06	1.00e+00
 2.05515e+14	3.79e-12	9.26e-06	1.00e+00
 2.13170e+14	4.35e-12	9.98e-06	1.00e+00
 2.20378e+14	4.92e-12	1.07e-05	1.00e+00
 2.28242e+14	5.60e-12	1.15e-05	1.00e+00
 2.36973e+14	6.44e-12	1.24e-05	1.00e+00
 2.45112e+14	7.29e-12	1.33e-05	1.00e+00
 2.53959e+14	8.31e-12	1.43e-05	1.00e+00
 2.63862e+14	9.59e-12	1.54e-05	1.00e+00
 2.73242e+14	1.09e-11	1.66e-05	1.00e+00
 2.83283e+14	1.25e-11	1.79e-05	1.00e+00
 2.94645e+14	1.44e-11	1.94e-05	1.00e+00
 3.05808e+14	1.66e-11	2.10e-05	1.00e+00
 3.17418e+14	1.91e-11	2.26e-05	1.00e+00
 3.30145e+14	2.22e-11	2.46e-05	1.00e+00
 3.42689e+14	2.55e-11	2.66e-05	1.00e+00
 3.53080e+14	2.86e-11	2.83e-05	1.00e+00
 3.61452e+14	3.13e-11	2.98e-05	1.00e+00
 3.70733e+14	3.45e-11	3.14e-05	1.00e+00
 3.82799e+14	3.91e-11	3.37e-05	1.00e+00
 3.95744e+14	4.45e-11	3.62e-05	1.00e+00
 4.07238e+14	4.98e-11	3.85e-05	1.00e+00
 4.19585e+14	5.59e-11	4.10e-05	1.00e+00
 4.35110e+14	6.46e-11	4.44e-05	1.00e+00
 4.50857e+14	7.45e-11	4.80e-05	1.00e+00
 4.64416e+14	8.39e-11	5.12e-05	1.00e+00
 4.79038e+14	9.52e-11	5.49e-05	1.00e+00
 4.97064e+14	1.11e-10	5.96e-05	1.00e+00
 5.15426e+14	1.28e-10	6.46e-05	1.00e+00
 5.31789e+14	1.46e-10	6.92e-05	1.00e+00
 5.49642e+14	1.68e-10	7.46e-05	1.00e+00
 5.70943e+14	1.96e-10	8.12e-05	1.00e+00
 5.91962e+14	2.29e-10	8.81e-05	1.00e+00
 6.10928e+14	2.61e-10	9.45e-05	1.00e+00
 6.31989e+14	3.02e-10	1.02e-04	1.00e+00
 6.56786e+14	3.55e-10	1.11e-04	1.00e+00
 6.81248e+14	4.15e-10	1.21e-04	1.00e+00
 7.03939e+14	4.78e-10	1.30e-04	1.00e+00
 7.29377e+14	5.56e-10	1.41e-04	1.00e+00
 7.58582e+14	6.59e-10	1.54e-04	1.00e+00
 7.87287e+14	7.74e-10	1.68e-04	1.00e+00
 8.17140e+14	9.09e-10	1.82e-04	1.00e+00
 8.44363e+14	1.05e-09	1.96e-04	1.00e+00
 8.64624e+14	1.16e-09	2.07e-04	1.00e+00
 8.85497e+14	1.29e-09	2.19e-04	1.00e+00
 9.12632e+14	1.47e-09	2.34e-04	1.00e+00
 9.42123e+14	1.68e-09	2.51e-04	1.00e+00
 9.68800e+14	1.90e-09	2.68e-04	1.00e+00
 9.97606e+14	2.16e-09	2.86e-04	1.00e+00
 1.03418e+15	2.52e-09	3.10e-04	1.00e+00
 1.07102e+15	2.94e-09	3.35e-04	1.00e+00
 1.10182e+15	3.32e-09	3.57e-04	1.00e+00
 1.13461e+15	3.77e-09	3.81e-04	1.00e+00
 1.17622e+15	4.41e-09	4.13e-04	1.00e+00
 1.21994e+15	5.16e-09	4.48e-04	1.00e+00
 1.25925e+15	5.92e-09	4.81e-04	1.00e+00
 1.30217e+15	6.85e-09	5.18e-04	9.99e-01
 1.35298e+15	8.08e-09	5.63e-04	9.99e-01
 1.40284e+15	9.45e-09	6.10e-04	9.99e-01
 1.44827e+15	1.08e-08	6.54e-04	9.99e-01
 1.49913e+15	1.26e-08	7.05e-04	9.99e-01
 1.55844e+15	1.49e-08	7.68e-04	9.99e-01
 1.61688e+15	1.74e-08	8.32e-04	9.99e-01
 1.67199e+15	2.01e-08	8.95e-04	9.99e-01
 1.73323e+15	2.34e-08	9.67e-04	9.99e-01
 1.79151e+15	2.69e-08	1.04e-03	9.99e-01
 1.83487e+15	2.99e-08	1.09e-03	9.99e-01
 1.87876e+15	3.30e-08	1.15e-03	9.99e-01
 1.93582e+15	3.75e-08	1.23e-03	9.99e-01
 1.99780e+15	4.28e-08	1.31e-03	9.99e-01
 2.05356e+15	4.81e-08	1.39e-03	9.99e-01
 2.11344e+15	5.43e-08	1.48e-03	9.99e-01
 2.19025e+15	6.31e-08	1.60e-03	9.98e-01
 2.26773e+15	7.30e-08	1.72e-03	9.98e-01
 2.33157e+15	8.19e-08	1.82e-03	9.98e-01
 2.39901e+15	9.22e-08	1.94e-03	9.98e-01
 2.48589e+15	1.07e-07	2.09e-03	9.98e-01
 2.57754e+15	1.24e-07	2.25e-03	9.98e-01
 2.65779e+15	1.41e-07	2.40e-03	9.98e-01
 2.74369e+15	1.60e-07	2.57e-03	9.97e-01
 2.84810e+15	1.88e-07	2.78e-03	9.97e-01
 2.95117e+15	2.17e-07	2.99e-03	9.97e-01
 3.04139e+15	2.46e-07	3.18e-03	9.97e-01
 3.14030e+15	2.81e-07	3.40e-03	9.97e-01
 3.26015e+15	3.28e-07	3.68e-03	9.96e-01
 3.37525e+15	3.78e-07	3.96e-03	9.96e-01
 3.47213e+15	4.25e-07	4.20e-03	9.96e-01
 3.55953e+15	4.70e-07	4.42e-03	9.96e-01
 3.65540e+15	5.25e-07	4.67e-03	9.95e-01
 3.76154e+15	5.91e-07	4.96e-03	9.95e-01
 3.86089e+15	6.57e-07	5.23e-03	9.95e-01
 3.96988e+15	7.38e-07	5.55e-03	9.94e-01
 4.08958e+15	8.34e-07	5.91e-03	9.94e-01
 4.20088e+15	9.30e-07	6.25e-03	9.94e-01
 4.32325e+15	1.05e-06	6.65e-03	9.93e-01
 4.45835e+15	1.19e-06	7.09e-03	9.93e-01
 4.58543e+15	1.33e-06	7.53e-03	9.92e-01
 4.70741e+15	1.48e-06	7.96e-03	9.92e-01
 4.84735e+15	1.68e-06	8.50e-03	9.92e-01
 4.99973e+15	1.91e-06	9.09e-03	9.91e-01
 5.13857e+15	2.14e-06	9.64e-03	9.90e-01
 5.28936e+15	2.42e-06	1.03e-02	9.90e-01
 5.45469e+15	2.75e-06	1.10e-02	9.89e-01
 5.60659e+15	3.08e-06	1.18e-02	9.88e-01
 5.77173e+15	3.51e-06	1.26e-02	9.87e-01
 5.94141e+15	3.95e-06	1.35e-02	9.86e-01
 6.08247e+15	4.37e-06	1.43e-02	9.86e-01
 6.20947e+15	4.78e-06	1.51e-02	9.85e-01
 6.35270e+15	5.31e-06	1.60e-02	9.84e-01
 6.51359e+15	5.96e-06	1.71e-02	9.83e-01
 6.66529e+15	6.60e-06	1.82e-02	9.82e-01
 6.80827e+15	7.30e-06	1.93e-02	9.81e-01
 6.95041e+15	8.07e-06	2.06e-02	9.79e-01
 7.11355e+15	9.11e-06	2.21e-02	9.78e-01
 7.28722e+15	1.03e-05	2.39e-02	9.76e-01
 7.44025e+15	1.14e-05	2.56e-02	9.74e-01
 7.58304e+15	1.27e-05	2.74e-02	9.73e-01
 7.72541e+15	1.41e-05	2.94e-02	9.71e-01
 7.88904e+15	1.60e-05	3.20e-02	9.68e-01
 8.06329e+15	1.84e-05	3.51e-02	9.65e-01
 8.21223e+15	2.07e-05	3.80e-02	9.62e-01
 8.34538e+15	2.32e-05	4.11e-02	9.59e-01
 8.49711e+15	2.65e-05	4.51e-02	9.55e-01
 8.65994e+15	3.08e-05	5.01e-02	9.50e-01
 8.79541e+15	3.49e-05	5.49e-02	9.45e-01
 8.90723e+15	3.90e-05	5.94e-02	9.41e-01
 9.03011e+15	4.43e-05	6.53e-02	9.35e-01
 9.16432e+15	5.17e-05	7.27e-02	9.27e-01
 9.27939e+15	5.88e-05	8.01e-02	9.20e-01
 9.36592e+15	6.51e-05	8.66e-02	9.13e-01
 9.43653e+15	7.12e-05	9.25e-02	9.07e-01
 9.51558e+15	7.86e-05	1.00e-01	9.00e-01
 9.61835e+15	9.06e-05	1.11e-01	8.89e-01
 9.71648e+15	1.04e-04	1.24e-01	8.76e-01
 9.78443e+15	1.17e-04	1.34e-01	8.66e-01
 9.83497e+15	1.26e-04	1.42e-01	8.58e-01
 9.88701e+15	1.37e-04	1.51e-01	8.48e-01
 9.95466e+15	1.55e-04	1.65e-01	8.35e-01
 1.00223e+16	1.74e-04	1.80e-01	8.19e-01
 1.00779e+16	1.93e-04	1.95e-01	8.05e-01
 1.01382e+16	2.15e-04	2.12e-01	7.88e-01
 1.02165e+16	2.53e-04	2.38e-01	7.62e-01
 1.02863e+16	2.88e-04	2.64e-01	7.36e-01
 1.03354e+16	3.21e-04	2.84e-01	7.15e-01
 1.03789e+16	3.49e-04	3.04e-01	6.96e-01
 1.04250e+16	3.87e-04	3.27e-01	6.72e-01
 1.04849e+16	4.43e-04	3.60e-01	6.40e-01
 1.05433e+16	5.01e-04	3.93e-01	6.06e-01
 1.05894e+16	5.51e-04	4.21e-01	5.78e-01
 1.06389e+16	6.13e-04	4.54e-01	5.45e-01
 1.06947e+16	6.87e-04	4.92e-01	5.08e-01
 1.07484e+16	7.66e-04	5.29e-01	4.70e-01
 1.08079e+16	8.62e-04	5.72e-01	4.27e-01
 1.08723e+16	9.69e-04	6.16e-01	3.83e-01
 1.09206e+16	1.05e-03	6.48e-01	3.51e-01
 1.09535e+16	1.11e-03	6.69e-01	3.30e-01
 1.09883e+16	1.17e-03	6.92e-01	3.07e-01
 1.10337e+16	1.26e-03	7.20e-01	2.79e-01
 1.10832e+16	1.35e-03	7.48e-01	2.51e-01
 1.11289e+16	1.44e-03	7.71e-01	2.28e-01
 1.11789e+16	1.53e-03	7.95e-01	2.03e-01
 1.12333e+16	1.64e-03	8.18e-01	1.80e-01
 1.12820e+16	1.73e-03	8.37e-01	1.61e-01
 1.13268e+16	1.82e-03	8.52e-01	1.46e-01
 1.13781e+16	1.92e-03	8.69e-01	1.29e-01
 1.14344e+16	2.04e-03	8.84e-01	1.14e-01
 1.14852e+16	2.14e-03	8.96e-01	1.02e-01
 1.15322e+16	2.24e-03	9.06e-01	9.21e-02
 1.15860e+16	2.36e-03	9.16e-01	8.15e-02
 1.16438e+16	2.49e-03	9.25e-01	7.22e-02
 1.16940e+16	2.61e-03	9.32e-01	6.50e-02
 1.17384e+16	2.72e-03	9.38e-01	5.94e-02
 1.17885e+16	2.85e-03	9.44e-01	5.34e-02
 1.18436e+16	3.00e-03	9.49e-01	4.78e-02
 1.18929e+16	3.15e-03	9.53e-01	4.34e-02
 1.19364e+16	3.29e-03	9.57e-01	4.00e-02
 1.19845e+16	3.45e-03	9.60e-01	3.63e-02
 1.20373e+16	3.64e-03	9.63e-01	3.29e-02
 1.20841e+16	3.83e-03	9.66e-01	3.02e-02
 1.21253e+16	4.00e-03	9.68e-01	2.81e-02
 1.21713e+16	4.22e-03	9.70e-01	2.57e-02
 1.22215e+16	4.47e-03	9.72e-01	2.36e-02
 1.22658e+16	4.71e-03	9.73e-01	2.18e-02
 1.23049e+16	4.95e-03	9.75e-01	2.04e-02
 1.23486e+16	5.23e-03	9.76e-01	1.89e-02
 1.23966e+16	5.59e-03	9.77e-01	1.74e-02
 1.24398e+16	5.94e-03	9.78e-01	1.63e-02
 1.24782e+16	6.28e-03	9.78e-01	1.53e-02
 1.25207e+16	6.70e-03	9.79e-01	1.42e-02
 1.25682e+16	7.24e-03	9.80e-01	1.32e-02
 1.26121e+16	7.80e-03	9.80e-01	1.23e-02
 1.26521e+16	8.38e-03	9.80e-01	1.16e-02
 1.26971e+16	9.12e-03	9.80e-01	1.07e-02
 1.27457e+16	1.01e-02	9.80e-01	9.98e-03
 1.27870e+16	1.10e-02	9.80e-01	9.39e-03
 1.28215e+16	1.20e-02	9.79e-01	8.91e-03
 1.28589e+16	1.31e-02	9.78e-01	8.41e-03
 1.28973e+16	1.45e-02	9.78e-01	7.96e-03
 1.29275e+16	1.58e-02	9.77e-01	7.61e-03
 1.29517e+16	1.70e-02	9.76e-01	7.36e-03
 1.29777e+16	1.85e-02	9.74e-01	7.07e-03
 1.30068e+16	2.04e-02	9.73e-01	6.78e-03
 1.30331e+16	2.24e-02	9.71e-01	6.54e-03
 1.30550e+16	2.44e-02	9.69e-01	6.34e-03
 1.30782e+16	2.67e-02	9.67e-01	6.13e-03
 1.31032e+16	2.97e-02	9.64e-01	5.93e-03
 1.31246e+16	3.29e-02	9.61e-01	5.77e-03
 1.31425e+16	3.58e-02	9.59e-01	5.65e-03
 1.31617e+16	3.94e-02	9.55e-01	5.51e-03
 1.31831e+16	4.41e-02	9.51e-01	5.37e-03
 1.32023e+16	4.93e-02	9.45e-01	5.27e-03
 1.32184e+16	5.42e-02	9.41e-01	5.19e-03
 1.32356e+16	6.05e-02	9.34e-01	5.10e-03
 1.32544e+16	6.82e-02	9.27e-01	5.04e-03
 1.32709e+16	7.65e-02	9.19e-01	4.99e-03
 1.32850e+16	8.46e-02	9.10e-01	4.96e-03
 1.32989e+16	9.38e-02	9.01e-01	4.94e-03
 1.33136e+16	1.05e-01	8.90e-01	4.93e-03
 1.33264e+16	1.16e-01	8.79e-01	4.92e-03
 1.33373e+16	1.27e-01	8.68e-01	4.95e-03
 1.33473e+16	1.38e-01	8.57e-01	4.96e-03
 1.33568e+16	1.49e-01	8.46e-01	4.98e-03
 1.33662e+16	1.62e-01	8.33e-01	5.01e-03
 1.33750e+16	1.75e-01	8.20e-01	5.04e-03
 1.33816e+16	1.85e-01	8.10e-01	5.06e-03
 1.33859e+16	1.92e-01	8.03e-01	5.08e-03
 1.33900e+16	1.99e-01	7.96e-01	5.10e-03
 1.33947e+16	2.08e-01	7.87e-01	5.11e-03
 1.33999e+16	2.18e-01	7.77e-01	5.12e-03
 1.34049e+16	2.28e-01	7.67e-01	5.15e-03
 1.34096e+16	2.37e-01	7.58e-01	5.18e-03
 1.34143e+16	2.47e-01	7.47e-01	5.19e-03
 1.34189e+16	2.58e-01	7.37e-01	5.22e-03
 1.34236e+16	2.69e-01	7.26e-01	5.23e-03
 1.34282e+16	2.80e-01	7.15e-01	5.25e-03
 1.34328e+16	2.92e-01	7.03e-01	5.27e-03
 1.34372e+16	3.03e-01	6.91e-01	5.29e-03
 1.34417e+16	3.16e-01	6.79e-01	5.29e-03
 1.34462e+16	3.28e-01	6.67e-01	5.32e-03
 1.34506e+16	3.41e-01	6.53e-01	5.32e-03
 1.34550e+16	3.54e-01	6.40e-01	5.34e-03
 1.34594e+16	3.68e-01	6.27e-01	5.34e-03
 1.34638e+16	3.82e-01	6.12e-01	5.34e-03
 1.34681e+16	3.96e-01	5.98e-01	5.35e-03
 1.34724e+16	4.11e-01	5.84e-01	5.35e-03
 1.34767e+16	4.25e-01	5.69e-01	5.34e-03
 1.34810e+16	4.40e-01	5.54e-01	5.33e-03
 1.34853e+16	4.56e-01	5.39e-01	5.32e-03
 1.34895e+16	4.71e-01	5.24e-01	5.30e-03
 1.34937e+16	4.87e-01	5.08e-01	5.28e-03
 1.34979e+16	5.02e-01	4.93e-01	5.26e-03
 1.35020e+16	5.17e-01	4.77e-01	5.23e-03
 1.35061e+16	5.33e-01	4.62e-01	5.19e-03
 1.35103e+16	5.49e-01	4.46e-01	5.14e-03
 1.35144e+16	5.64e-01	4.30e-01	5.10e-03
 1.35184e+16	5.80e-01	4.15e-01	5.05e-03
 1.35224e+16	5.95e-01	4.00e-01	4.99e-03
 1.35263e+16	6.10e-01	3.85e-01	4.92e-03
 1.35303e+16	6.25e-01	3.71e-01	4.86e-03
 1.35343e+16	6.39e-01	3.56e-01	4.78e-03
 1.35382e+16	6.53e-01	3.42e-01	4.71e-03
 1.35422e+16	6.67e-01	3.28e-01	4.62e-03
 1.35461e+16	6.81e-01	3.14e-01	4.54e-03
 1.35501e+16	6.95e-01	3.01e-01	4.44e-03
 1.35542e+16	7.08e-01	2.87e-01	4.34e-03
 1.35583e+16	7.21e-01	2.74e-01	4.24e-03
 1.35624e+16	7.34e-01	2.62e-01	4.13e-03
 1.35666e+16	7.47e-01	2.49e-01	4.02e-03
 1.35709e+16	7.59e-01	2.37e-01	3.90e-03
 1.35752e+16	7.70e-01	2.26e-01	3.78e-03
 1.35797e+16	7.82e-01	2.14e-01	3.65e-03
 1.35844e+16	7.93e-01	2.03e-01	3.53e-03
 1.35893e+16	8.04e-01	1.93e-01	3.40e-03
 1.35943e+16	8.14e-01	1.82e-01	3.27e-03
 1.35996e+16	8.24e-01	1.72e-01	3.13e-03
 1.36044e+16	8.33e-01	1.64e-01	3.02e-03
 1.36083e+16	8.39e-01	1.58e-01	2.93e-03
 1.36120e+16	8.44e-01	1.53e-01	2.84e-03
 1.36161e+16	8.50e-01	1.47e-01	2.75e-03
 1.36205e+16	8.56e-01	1.42e-01	2.66e-03
 1.36250e+16	8.61e-01	1.37e-01	2.58e-03
 1.36295e+16	8.65e-01	1.32e-01	2.50e-03
 1.36340e+16	8.70e-01	1.28e-01	2.43e-03
 1.36387e+16	8.74e-01	1.24e-01	2.36e-03
 1.36437e+16	8.78e-01	1.20e-01	2.29e-03
 1.36490e+16	8.81e-01	1.17e-01	2.22e-03
 1.36545e+16	8.84e-01	1.13e-01	2.16e-03
 1.36605e+16	8.88e-01	1.10e-01	2.09e-03
 1.36669e+16	8.91e-01	1.07e-01	2.04e-03
 1.36737e+16	8.93e-01	1.05e-01	1.98e-03
 1.36812e+16	8.96e-01	1.02e-01	1.92e-03
 1.36893e+16	8.98e-01	1.00e-01	1.87e-03
 1.36981e+16	9.00e-01	9.78e-02	1.82e-03
 1.37076e+16	9.02e-01	9.59e-02	1.77e-03
 1.37180e+16	9.04e-01	9.40e-02	1.72e-03
 1.37294e+16	9.06e-01	9.23e-02	1.67e-03
 1.37417e+16	9.08e-01	9.07e-02	1.62e-03
 1.37549e+16	9.09e-01	8.92e-02	1.57e-03
 1.37689e+16	9.11e-01	8.77e-02	1.52e-03
 1.37835e+16	9.12e-01	8.63e-02	1.47e-03
 1.37986e+16	9.14e-01	8.49e-02	1.43e-03
 1.38140e+16	9.15e-01	8.36e-02	1.38e-03
 1.38297e+16	9.16e-01	8.23e-02	1.34e-03
 1.38456e+16	9.18e-01	8.10e-02	1.29e-03
 1.38615e+16	9.19e-01	7.98e-02	1.25e-03
 1.38778e+16	9.20e-01	7.85e-02	1.21e-03
 1.38944e+16	9.22e-01	7.73e-02	1.17e-03
 1.39112e+16	9.23e-01	7.61e-02	1.13e-03
 1.39285e+16	9.24e-01	7.48e-02	1.10e-03
 1.39466e+16	9.25e-01	7.36e-02	1.06e-03
 1.39656e+16	9.27e-01	7.23e-02	1.02e-03
 1.39856e+16	9.28e-01	7.09e-02	9.78e-04
 1.40067e+16	9.30e-01	6.95e-02	9.37e-04
 1.40294e+16	9.31e-01	6.80e-02	8.96e-04
 1.40546e+16	9.33e-01	6.64e-02	8.52e-04
 1.40835e+16	9.35e-01	6.46e-02	8.04e-04
 1.41153e+16	9.37e-01	6.27e-02	7.55e-04
 1.41469e+16	9.38e-01	6.09e-02	7.10e-04
 1.41764e+16	9.40e-01	5.93e-02	6.71e-04
 1.42034e+16	9.41e-01	5.79e-02	6.37e-04
 1.42279e+16	9.43e-01	5.66e-02	6.07e-04
 1.42503e+16	9.44e-01	5.54e-02	5.81e-04
 1.42706e+16	9.45e-01	5.44e-02	5.59e-04
 1.42891e+16	9.46e-01	5.35e-02	5.40e-04
 1.43059e+16	9.47e-01	5.26e-02	5.21e-04
 1.43213e+16	9.48e-01	5.19e-02	5.06e-04
 1.43381e+16	9.48e-01	5.11e-02	4.89e-04
 1.43599e+16	9.50e-01	5.00e-02	4.68e-04
 1.43834e+16	9.51e-01	4.89e-02	4.47e-04
 1.44049e+16	9.52e-01	4.79e-02	4.29e-04
 1.44244e+16	9.53e-01	4.70e-02	4.12e-04
 1.44422e+16	9.53e-01	4.62e-02	3.97e-04
 1.44583e+16	9.54e-01	4.55e-02	3.84e-04
 1.44730e+16	9.55e-01	4.49e-02	3.73e-04
 1.44864e+16	9.55e-01	4.43e-02	3.63e-04
 1.45011e+16	9.56e-01	4.36e-02	3.51e-04
 1.45169e+16	9.57e-01	4.30e-02	3.41e-04
 1.45313e+16	9.57e-01	4.23e-02	3.30e-04
 1.45444e+16	9.58e-01	4.18e-02	3.21e-04
 1.45588e+16	9.59e-01	4.11e-02	3.11e-04
 1.45743e+16	9.59e-01	4.05e-02	3.01e-04
 1.45884e+16	9.60e-01	3.99e-02	2.92e-04
 1.46013e+16	9.60e-01	3.94e-02	2.84e-04
 1.46130e+16	9.61e-01	3.89e-02	2.77e-04
 1.46258e+16	9.61e-01	3.84e-02	2.69e-04
 1.46396e+16	9.62e-01	3.78e-02	2.62e-04
 1.46522e+16	9.62e-01	3.73e-02	2.54e-04
 1.46636e+16	9.63e-01	3.69e-02	2.48e-04
 1.46762e+16	9.63e-01	3.64e-02	2.41e-04
 1.46897e+16	9.64e-01	3.59e-02	2.34e-04
 1.47020e+16	9.64e-01	3.54e-02	2.28e-04
 1.47133e+16	9.65e-01	3.50e-02	2.22e-04
 1.47255e+16	9.65e-01	3.45e-02	2.16e-04
 1.47388e+16	9.66e-01	3.40e-02	2.10e-04
 1.47509e+16	9.66e-01	3.36e-02	2.04e-04
 1.47619e+16	9.67e-01	3.32e-02	1.99e-04
 1.47739e+16	9.67e-01	3.27e-02	1.94e-04
 1.47869e+16	9.68e-01	3.23e-02	1.89e-04
 1.47988e+16	9.68e-01	3.18e-02	1.84e-04
 1.48095e+16	9.68e-01	3.15e-02	1.79e-04
 1.48213e+16	9.69e-01	3.11e-02	1.75e-04
 1.48340e+16	9.69e-01	3.07e-02	1.70e-04
 1.48456e+16	9.70e-01	3.03e-02	1.66e-04
 1.48583e+16	9.70e-01	2.98e-02	1.61e-04
 1.48720e+16	9.70e-01	2.94e-02	1.56e-04
 1.48845e+16	9.71e-01	2.90e-02	1.52e-04
 1.48959e+16	9.71e-01	2.87e-02	1.49e-04
 1.49083e+16	9.72e-01	2.83e-02	1.44e-04
 1.49217e+16	9.72e-01	2.79e-02	1.41e-04
 1.49340e+16	9.72e-01	2.75e-02	1.37e-04
 1.49474e+16	9.73e-01	2.71e-02	1.33e-04
 1.49618e+16	9.73e-01	2.68e-02	1.29e-04
 1.49750e+16	9.73e-01	2.64e-02	1.26e-04
 1.49894e+16	9.74e-01	2.60e-02	1.22e-04
 1.50049e+16	9.74e-01	2.56e-02	1.18e-04
 1.50191e+16	9.75e-01	2.52e-02	1.15e-04
 1.50320e+16	9.75e-01	2.49e-02	1.12e-04
 1.50461e+16	9.75e-01	2.45e-02	1.09e-04
 1.50614e+16	9.76e-01	2.42e-02	1.06e-04
 1.50752e+16	9.76e-01	2.39e-02	1.03e-04
 1.50905e+16	9.76e-01	2.35e-02	9.95e-05
 1.51069e+16	9.77e-01	2.31e-02	9.64e-05
 1.51218e+16	9.77e-01	2.28e-02	9.37e-05
 1.51354e+16	9.77e-01	2.25e-02	9.12e-05
 1.51503e+16	9.78e-01	2.21e-02	8.85e-05
 1.51664e+16	9.78e-01	2.18e-02	8.59e-05
 1.51810e+16	9.78e-01	2.15e-02	8.36e-05
 1.51970e+16	9.79e-01	2.12e-02	8.09e-05
 1.52143e+16	9.79e-01	2.08e-02	7.84e-05
 1.52301e+16	9.79e-01	2.05e-02	7.61e-05
 1.52474e+16	9.80e-01	2.02e-02	7.36e-05
 1.52660e+16	9.80e-01	1.98e-02	7.11e-05
 1.52830e+16	9.80e-01	1.95e-02	6.90e-05
 1.52984e+16	9.81e-01	1.93e-02	6.71e-05
 1.53153e+16	9.81e-01	1.89e-02	6.50e-05
 1.53336e+16	9.81e-01	1.86e-02	6.29e-05
 1.53502e+16	9.82e-01	1.84e-02	6.11e-05
 1.53684e+16	9.82e-01	1.81e-02	5.90e-05
 1.53880e+16	9.82e-01	1.77e-02	5.71e-05
 1.54059e+16	9.82e-01	1.75e-02	5.53e-05
 1.54255e+16	9.83e-01	1.72e-02	5.34e-05
 1.54467e+16	9.83e-01	1.69e-02	5.15e-05
 1.54659e+16	9.83e-01	1.66e-02	4.98e-05
 1.54834e+16	9.84e-01	1.63e-02	4.84e-05
 1.55026e+16	9.84e-01	1.61e-02	4.68e-05
 1.55234e+16	9.84e-01	1.58e-02	4.52e-05
 1.55422e+16	9.84e-01	1.55e-02	4.38e-05
 1.55629e+16	9.85e-01	1.52e-02	4.23e-05
 1.55852e+16	9.85e-01	1.50e-02	4.08e-05
 1.56055e+16	9.85e-01	1.47e-02	3.94e-05
 1.56278e+16	9.86e-01	1.44e-02	3.80e-05
 1.56518e+16	9.86e-01	1.42e-02	3.66e-05
 1.56736e+16	9.86e-01	1.39e-02	3.53e-05
 1.56976e+16	9.86e-01	1.36e-02	3.39e-05
 1.57235e+16	9.87e-01	1.34e-02	3.26e-05
 1.57470e+16	9.87e-01	1.31e-02	3.15e-05
 1.57728e+16	9.87e-01	1.29e-02	3.02e-05
 1.58006e+16	9.87e-01	1.26e-02	2.89e-05
 1.58259e+16	9.88e-01	1.23e-02	2.78e-05
 1.58490e+16	9.88e-01	1.21e-02	2.69e-05
 1.58743e+16	9.88e-01	1.19e-02	2.59e-05
 1.59015e+16	9.88e-01	1.17e-02	2.49e-05
 1.59263e+16	9.89e-01	1.14e-02	2.40e-05
 1.59535e+16	9.89e-01	1.12e-02	2.30e-05
 1.59829e+16	9.89e-01	1.10e-02	2.21e-05
 1.60096e+16	9.89e-01	1.08e-02	2.12e-05
 1.60389e+16	9.89e-01	1.05e-02	2.03e-05
 1.60705e+16	9.90e-01	1.03e-02	1.94e-05
 1.60993e+16	9.90e-01	1.01e-02	1.87e-05
 1.61308e+16	9.90e-01	9.86e-03	1.79e-05
 1.61648e+16	9.90e-01	9.63e-03	1.70e-05
 1.61958e+16	9.91e-01	9.43e-03	1.63e-05
 1.62297e+16	9.91e-01	9.20e-03	1.56e-05
 1.62663e+16	9.91e-01	8.98e-03	1.48e-05
 1.62996e+16	9.91e-01	8.78e-03	1.42e-05
 1.63362e+16	9.91e-01	8.56e-03	1.35e-05
 1.63756e+16	9.92e-01	8.34e-03	1.28e-05
 1.64115e+16	9.92e-01	8.15e-03	1.23e-05
 1.64508e+16	9.92e-01	7.94e-03	1.16e-05
 1.64932e+16	9.92e-01	7.72e-03	1.10e-05
 1.65319e+16	9.92e-01	7.54e-03	1.05e-05
 1.65742e+16	9.93e-01	7.33e-03	9.95e-06
 1.66199e+16	9.93e-01	7.12e-03	9.40e-06
 1.66615e+16	9.93e-01	6.95e-03	8.94e-06
 1.67071e+16	9.93e-01	6.75e-03	8.44e-06
 1.67663e+16	9.93e-01	6.49e-03	7.83e-06
 1.68344e+16	9.94e-01	6.23e-03	7.21e-06
 1.69031e+16	9.94e-01	5.98e-03	6.65e-06
 1.69724e+16	9.94e-01	5.74e-03	6.14e-06
 1.70447e+16	9.94e-01	5.50e-03	5.64e-06
 1.71201e+16	9.95e-01	5.27e-03	5.18e-06
 1.71981e+16	9.95e-01	5.04e-03	4.74e-06
 1.72787e+16	9.95e-01	4.81e-03	4.34e-06
 1.73622e+16	9.95e-01	4.60e-03	3.95e-06
 1.74486e+16	9.96e-01	4.38e-03	3.60e-06
 1.75375e+16	9.96e-01	4.18e-03	3.27e-06
 1.76277e+16	9.96e-01	3.98e-03	2.98e-06
 1.77193e+16	9.96e-01	3.79e-03	2.70e-06
 1.78126e+16	9.96e-01	3.61e-03	2.46e-06
 1.79077e+16	9.97e-01	3.44e-03	2.23e-06
 1.80045e+16	9.97e-01	3.27e-03	2.02e-06
 1.81030e+16	9.97e-01	3.11e-03	1.83e-06
 1.82019e+16	9.97e-01	2.96e-03	1.66e-06
 1.83021e+16	9.97e-01	2.82e-03	1.51e-06
 1.84060e+16	9.97e-01	2.68e-03	1.36e-06
 1.85123e+16	9.97e-01	2.55e-03	1.23e-06
 1.86202e+16	9.98e-01	2.42e-03	1.11e-06
 1.87299e+16	9.98e-01	2.29e-03	1.00e-06
 1.88418e+16	9.98e-01	2.18e-03	9.01e-07
 1.89556e+16	9.98e-01	2.06e-03	8.10e-07
 1.90716e+16	9.98e-01	1.95e-03	7.28e-07
 1.91899e+16	9.98e-01	1.85e-03	6.54e-07
 1.93104e+16	9.98e-01	1.75e-03	5.86e-07
 1.94335e+16	9.98e-01	1.66e-03	5.25e-07
 1.95590e+16	9.98e-01	1.57e-03	4.69e-07
 1.96871e+16	9.99e-01	1.48e-03	4.19e-07
 1.98178e+16	9.99e-01	1.40e-03	3.74e-07
 1.99513e+16	9.99e-01	1.32e-03	3.33e-07
 2.00876e+16	9.99e-01	1.24e-03	2.96e-07
 2.02270e+16	9.99e-01	1.17e-03	2.62e-07
 2.03696e+16	9.99e-01	1.10e-03	2.32e-07
 2.05154e+16	9.99e-01	1.03e-03	2.05e-07
 2.06648e+16	9.99e-01	9.69e-04	1.81e-07
 2.08178e+16	9.99e-01	9.09e-04	1.59e-07
 2.09748e+16	9.99e-01	8.51e-04	1.40e-07
 2.11359e+16	9.99e-01	7.96e-04	1.22e-07
 2.13015e+16	9.99e-01	7.43e-04	1.07e-07
 2.14717e+16	9.99e-01	6.93e-04	9.29e-08
 2.16468e+16	9.99e-01	6.45e-04	8.08e-08
 2.18234e+16	9.99e-01	6.01e-04	7.01e-08
 2.20048e+16	9.99e-01	5.59e-04	6.06e-08
 2.21972e+16	9.99e-01	5.17e-04	5.20e-08
 2.23984e+16	1.00e+00	4.77e-04	4.43e-08
 2.26059e+16	1.00e+00	4.39e-04	3.76e-08
 2.28206e+16	1.00e+00	4.04e-04	3.17e-08
 2.30446e+16	1.00e+00	3.70e-04	2.66e-08
 2.32790e+16	1.00e+00	3.37e-04	2.22e-08
 2.35247e+16	1.00e+00	3.07e-04	1.83e-08
 2.37832e+16	1.00e+00	2.77e-04	1.50e-08
 2.40565e+16	1.00e+00	2.50e-04	1.22e-08
 2.43491e+16	1.00e+00	2.23e-04	9.74e-09
 2.46571e+16	1.00e+00	1.99e-04	7.71e-09
 2.49859e+16	1.00e+00	1.75e-04	6.01e-09
 2.53459e+16	1.00e+00	1.53e-04	4.58e-09
 2.57370e+16	1.00e+00	1.32e-04	3.42e-09
 2.61651e+16	1.00e+00	1.13e-04	2.49e-09
 2.66410e+16	1.00e+00	9.45e-05	1.75e-09
 2.71799e+16	1.00e+00	7.76e-05	1.18e-09
 2.78064e+16	1.00e+00	6.18e-05	7.51e-10
 2.85006e+16	1.00e+00	4.84e-05	4.61e-10
 2.92037e+16	1.00e+00	3.79e-05	2.84e-10
 2.98941e+16	1.00e+00	3.00e-05	1.78e-10
 3.05827e+16	1.00e+00	2.38e-05	1.12e-10
 3.12822e+16	1.00e+00	1.89e-05	7.08e-11
 3.19957e+16	1.00e+00	1.50e-05	4.46e-11
 3.27231e+16	1.00e+00	1.19e-05	2.81e-11
 3.34612e+16	1.00e+00	9.43e-06	1.77e-11
 3.42118e+16	1.00e+00	7.48e-06	1.12e-11
 3.49789e+16	1.00e+00	5.94e-06	7.06e-12
 3.57619e+16	1.00e+00	4.70e-06	4.44e-12
 3.65595e+16	1.00e+00	3.73e-06	2.80e-12
 3.73763e+16	1.00e+00	2.96e-06	1.76e-12
 3.82157e+16	1.00e+00	2.34e-06	1.10e-12
 3.90742e+16	1.00e+00	1.85e-06	6.89e-13
 3.99535e+16	1.00e+00	1.46e-06	4.29e-13
 4.08581e+16	1.00e+00	1.15e-06	2.66e-13
 4.17909e+16	1.00e+00	9.00e-07	1.64e-13
 4.27569e+16	1.00e+00	7.04e-07	1.00e-13
 4.37599e+16	1.00e+00	5.48e-07	6.09e-14
 4.48070e+16	1.00e+00	4.24e-07	3.64e-14
 4.59069e+16	1.00e+00	3.25e-07	2.15e-14
 4.70726e+16	1.00e+00	2.47e-07	1.24e-14
 4.83240e+16	1.00e+00	1.85e-07	6.98e-15
 4.96849e+16	1.00e+00	1.36e-07	3.78e-15
 5.11794e+16	1.00e+00	9.79e-08	1.96e-15
 5.27453e+16	1.00e+00	7.02e-08	1.01e-15
 5.43111e+16	1.00e+00	5.07e-08	5.27e-16
 5.58770e+16	1.00e+00	3.70e-08	2.80e-16
 5.74428e+16	1.00e+00	2.72e-08	1.51e-16
 5.90087e+16	1.00e+00	2.01e-08	8.31e-17
 6.05745e+16	1.00e+00	1.50e-08	4.62e-17
 6.21403e+16	1.00e+00	1.13e-08	2.61e-17
 6.37655e+16	1.00e+00	8.40e-09	1.45e-17
 6.54694e+16	1.00e+00	6.24e-09	8.02e-18
 6.71739e+16	1.00e+00	4.67e-09	4.50e-18
 6.88342e+16	1.00e+00	3.55e-09	2.60e-18
 7.04514e+16	1.00e+00	2.73e-09	1.54e-18
 7.20350e+16	1.00e+00	2.12e-09	9.30e-19
 7.35843e+16	1.00e+00	1.67e-09	5.74e-19
 7.50905e+16	1.00e+00	1.32e-09	3.63e-19
 7.65460e+16	1.00e+00	1.06e-09	2.35e-19
 7.79473e+16	1.00e+00	8.65e-10	1.56e-19
 7.92932e+16	1.00e+00	7.12e-10	1.05e-19
 8.05839e+16	1.00e+00	5.92e-10	7.30e-20
 8.18198e+16	1.00e+00	4.97e-10	5.16e-20
 8.30005e+16	1.00e+00	4.22e-10	3.72e-20
 8.41261e+16	1.00e+00	3.62e-10	2.73e-20
 8.51978e+16	1.00e+00	3.13e-10	2.04e-20
 8.62175e+16	1.00e+00	2.73e-10	1.56e-20
 8.71876e+16	1.00e+00	2.40e-10	1.20e-20
 8.81099e+16	1.00e+00	2.12e-10	9.45e-21
 8.89862e+16	1.00e+00	1.89e-10	0.00e+00
 8.98185e+16	1.00e+00	1.70e-10	0.00e+00
 9.06086e+16	1.00e+00	1.54e-10	0.00e+00
 9.13586e+16	1.00e+00	1.40e-10	0.00e+00
 9.20707e+16	1.00e+00	1.28e-10	0.00e+00
 9.27470e+16	1.00e+00	1.17e-10	0.00e+00
 9.33895e+16	1.00e+00	1.08e-10	0.00e+00
 9.39998e+16	1.00e+00	1.00e-10	0.00e+00
 9.45792e+16	1.00e+00	9.33e-11	0.00e+00
 9.51291e+16	1.00e+00	8.74e-11	0.00e+00
 9.56515e+16	1.00e+00	8.18e-11	0.00e+00
 9.61482e+16	1.00e+00	7.70e-11	0.00e+00
 9.66211e+16	1.00e+00	7.27e-11	0.00e+00
 9.70711e+16	1.00e+00	6.90e-11	0.00e+00
 9.74989e+16	1.00e+00	6.54e-11	0.00e+00
 9.79060e+16	1.00e+00	6.23e-11	0.00e+00
 9.82938e+16	1.00e+00	5.95e-11	0.00e+00
 9.86635e+16	1.00e+00	5.70e-11	0.00e+00
 9.90162e+16	1.00e+00	5.46e-11	0.00e+00
 9.93527e+16	1.00e+00	5.24e-11	0.00e+00
 9.96742e+16	1.00e+00	5.05e-11	0.00e+00
 9.99813e+16	1.00e+00	4.87e-11	0.00e+00
 1.00275e+17	1.00e+00	4.70e-11	0.00e+00
 1.00556e+17	1.00e+00	4.55e-11	0.00e+00
 1.00826e+17	1.00e+00	4.41e-11	0.00e+00
 1.01085e+17	1.00e+00	4.28e-11	0.00e+00
 1.01333e+17	1.00e+00	4.16e-11	0.00e+00
 1.01573e+17	1.00e+00	4.04e-11	0.00e+00
 1.01804e+17	1.00e+00	3.94e-11	0.00e+00
 1.02026e+17	1.00e+00	3.84e-11	0.00e+00
 1.02242e+17	1.00e+00	3.74e-11	0.00e+00
 1.02451e+17	1.00e+00	3.65e-11	0.00e+00
 1.02655e+17	1.00e+00	3.57e-11	0.00e+00
 1.02853e+17	1.00e+00	3.49e-11	0.00e+00
 1.03047e+17	1.00e+00	3.41e-11	0.00e+00
 1.03237e+17	1.00e+00	3.34e-11	0.00e+00
 1.03425e+17	1.00e+00	3.27e-11	0.00e+00
 1.03611e+17	1.00e+00	3.20e-11	0.00e+00
 1.03795e+17	1.00e+00	3.13e-11	0.00e+00
 1.03980e+17	1.00e+00	3.07e-11	0.00e+00
 1.04167e+17	1.00e+00	3.00e-11	0.00e+00
 1.04356e+17	1.00e+00	2.94e-11	0.00e+00
 1.04549e+17	1.00e+00	2.87e-11	0.00e+00
 1.04749e+17	1.00e+00	2.81e-11	0.00e+00
 1.04958e+17	1.00e+00	2.74e-11	0.00e+00
 1.05179e+17	1.00e+00	2.67e-11	0.00e+00
 1.05416e+17	1.00e+00	2.60e-11	0.00e+00
 1.05676e+17	1.00e+00	2.53e-11	0.00e+00
 1.05966e+17	1.00e+00	2.45e-11	0.00e+00
 1.06297e+17	1.00e+00	2.36e-11	0.00e+00
 1.06686e+17	1.00e+00	2.25e-11	0.00e+00
 1.07159e+17	1.00e+00	2.13e-11	0.00e+00
 1.07757e+17	1.00e+00	1.99e-11	0.00e+00
 1.08531e+17	1.00e+00	1.83e-11	0.00e+00
 1.09537e+17	1.00e+00	1.63e-11	0.00e+00
 1.10844e+17	1.00e+00	1.41e-11	0.00e+00
 1.12544e+17	1.00e+00	1.17e-11	0.00e+00
 1.14754e+17	1.00e+00	9.23e-12	0.00e+00
 1.17568e+17	1.00e+00	6.88e-12	0.00e+00
 1.20698e+17	1.00e+00	5.05e-12	0.00e+00
 1.23828e+17	1.00e+00	3.74e-12	0.00e+00
 1.26958e+17	1.00e+00	2.81e-12	0.00e+00
 1.30088e+17	1.00e+00	2.14e-12	0.00e+00
 1.33617e+17	1.00e+00	1.58e-12	0.00e+00
 1.37620e+17	1.00e+00	1.15e-12	0.00e+00
 1.41778e+17	1.00e+00	8.48e-13	0.00e+00
 1.46055e+17	1.00e+00	6.37e-13	0.00e+00
 1.50436e+17	1.00e+00	4.89e-13	0.00e+00
 1.55546e+17	1.00e+00	3.73e-13	0.00e+00
 1.61603e+17	1.00e+00	2.71e-13	0.00e+00
 1.68067e+17	1.00e+00	2.03e-13	0.00e+00
 1.74789e+17	1.00e+00	1.59e-13	0.00e+00
 1.81781e+17	1.00e+00	1.28e-13	0.00e+00
 1.89052e+17	1.00e+00	1.05e-13	0.00e+00
 1.96185e+17	1.00e+00	8.67e-14	0.00e+00
 2.02553e+17	1.00e+00	7.73e-14	0.00e+00
 2.08115e+17	1.00e+00	7.29e-14	0.00e+00
 2.13232e+17	1.00e+00	6.86e-14	0.00e+00
 2.18190e+17	1.00e+00	6.29e-14	0.00e+00
 2.22733e+17	1.00e+00	5.63e-14	0.00e+00
 2.26129e+17	1.00e+00	5.23e-14	0.00e+00
 2.28140e+17	1.00e+00	5.16e-14	0.00e+00
 2.29253e+17	1.00e+00	5.18e-14	0.00e+00
 2.29919e+17	1.00e+00	5.19e-14	0.00e+00
 2.30318e+17	1.00e+00	5.19e-14	0.00e+00
 2.30582e+17	1.00e+00	5.20e-14	0.00e+00
 2.30836e+17	1.00e+00	5.19e-14	0.00e+00
 2.31150e+17	1.00e+00	5.19e-14	0.00e+00
 2.31484e+17	1.00e+00	5.18e-14	0.00e+00
 2.31765e+17	1.00e+00	5.16e-14	0.00e+00
 2.32000e+17	1.00e+00	5.15e-14	0.00e+00
 2.32220e+17	1.00e+00	5.14e-14	0.00e+00
 2.32454e+17	1.00e+00	5.13e-14	0.00e+00
 2.32708e+17	1.00e+00	5.11e-14	0.00e+00
 2.32931e+17	1.00e+00	5.09e-14	0.00e+00
 2.33106e+17	1.00e+00	5.07e-14	0.00e+00
 2.33257e+17	1.00e+00	5.06e-14	0.00e+00
 2.33415e+17	1.00e+00	5.05e-14	0.00e+00
 2.33595e+17	1.00e+00	5.03e-14	0.00e+00
 2.33774e+17	1.00e+00	5.01e-14	0.00e+00
 2.33923e+17	1.00e+00	5.00e-14	0.00e+00
 2.34045e+17	1.00e+00	4.98e-14	0.00e+00
 2.34170e+17	1.00e+00	4.97e-14	0.00e+00
 2.34314e+17	1.00e+00	4.95e-14	0.00e+00
 2.34456e+17	1.00e+00	4.93e-14	0.00e+00
 2.34572e+17	1.00e+00	4.92e-14	0.00e+00
 2.34683e+17	1.00e+00	4.91e-14	0.00e+00
 2.34801e+17	1.00e+00	4.89e-14	0.00e+00
 2.34917e+17	1.00e+00	4.88e-14	0.00e+00
 2.35027e+17	1.00e+00	4.86e-14	0.00e+00
 2.35131e+17	1.00e+00	4.85e-14	0.00e+00
 2.35237e+17	1.00e+00	4.83e-14	0.00e+00
 2.35344e+17	1.00e+00	4.82e-14	0.00e+00
 2.35451e+17	1.00e+00	4.80e-14	0.00e+00
 2.35556e+17	1.00e+00	4.78e-14	0.00e+00
 2.35655e+17	1.00e+00	4.77e-14	0.00e+00
 2.35750e+17	1.00e+00	4.76e-14	0.00e+00
 2.35851e+17	1.00e+00	4.74e-14	0.00e+00
 2.35957e+17	1.00e+00	4.72e-14	0.00e+00
 2.36063e+17	1.00e+00	4.70e-14	0.00e+00
 2.36164e+17	1.00e+00	4.69e-14	0.00e+00
 2.36268e+17	1.00e+00	4.67e-14	0.00e+00
 2.36375e+17	1.00e+00	4.65e-14	0.00e+00
 2.36479e+17	1.00e+00	4.63e-14	0.00e+00
 2.36582e+17	1.00e+00	4.61e-14	0.00e+00
 2.36692e+17	1.00e+00	4.59e-14	0.00e+00
 2.36808e+17	1.00e+00	4.57e-14	0.00e+00
 2.36926e+17	1.00e+00	4.54e-14	0.00e+00
 2.37045e+17	1.00e+00	4.52e-14	0.00e+00
 2.37162e+17	1.00e+00	4.50e-14	0.00e+00
 2.37283e+17	1.00e+00	4.47e-14	0.00e+00
 2.37410e+17	1.00e+00	4.45e-14	0.00e+00
 2.37533e+17	1.00e+00	4.42e-14	0.00e+00
 2.37666e+17	1.00e+00	4.39e-14	0.00e+00
 2.37803e+17	1.00e+00	4.37e-14	0.00e+00
 2.37941e+17	1.00e+00	4.34e-14	0.00e+00
 2.38080e+17	1.00e+00	4.31e-14	0.00e+00
 2.38219e+17	1.00e+00	4.28e-14	0.00e+00
 2.38368e+17	1.00e+00	4.25e-14	0.00e+00
 2.38519e+17	1.00e+00	4.21e-14	0.00e+00
 2.38673e+17	1.00e+00	4.18e-14	0.00e+00
 2.38831e+17	1.00e+00	4.14e-14	0.00e+00
 2.38994e+17	1.00e+00	4.11e-14	0.00e+00
 2.39168e+17	1.00e+00	4.07e-14	0.00e+00
 2.39345e+17	1.00e+00	4.03e-14	0.00e+00
 2.39523e+17	1.00e+00	3.99e-14	0.00e+00
 2.39703e+17	1.00e+00	3.95e-14	0.00e+00
 2.39889e+17	1.00e+00	3.91e-14	0.00e+00
 2.40082e+17	1.00e+00	3.86e-14	0.00e+00
 2.40279e+17	1.00e+00	3.82e-14	0.00e+00
 2.40483e+17	1.00e+00	3.77e-14	0.00e+00
 2.40696e+17	1.00e+00	3.72e-14	0.00e+00
 2.40916e+17	1.00e+00	3.67e-14	0.00e+00
 2.41144e+17	1.00e+00	3.62e-14	0.00e+00
 2.41374e+17	1.00e+00	3.56e-14	0.00e+00
 2.41608e+17	1.00e+00	3.51e-14	0.00e+00
 2.41849e+17	1.00e+00	3.46e-14	0.00e+00
 2.42101e+17	1.00e+00	3.40e-14	0.00e+00
 2.42353e+17	1.00e+00	3.34e-14	0.00e+00
 2.42623e+17	1.00e+00	3.28e-14	0.00e+00
 2.42917e+17	1.00e+00	3.21e-14	0.00e+00
 2.43199e+17	1.00e+00	3.14e-14	0.00e+00
 2.43473e+17	1.00e+00	3.08e-14	0.00e+00
 2.43764e+17	1.00e+00	3.02e-14	0.00e+00
 2.44075e+17	1.00e+00	2.95e-14	0.00e+00
 2.44395e+17	1.00e+00	2.88e-14	0.00e+00
 2.44716e+17	1.00e+00	2.80e-14	0.00e+00
 2.45039e+17	1.00e+00	2.73e-14	0.00e+00
 2.45368e+17	1.00e+00	2.66e-14	0.00e+00
 2.45711e+17	1.00e+00	2.59e-14	0.00e+00
 2.46069e+17	1.00e+00	2.51e-14	0.00e+00
 2.46440e+17	1.00e+00	2.43e-14	0.00e+00
 2.46810e+17	1.00e+00	2.35e-14	0.00e+00
 2.47181e+17	1.00e+00	2.28e-14	0.00e+00
 2.47569e+17	1.00e+00	2.20e-14	0.00e+00
 2.47978e+17	1.00e+00	2.12e-14	0.00e+00
 2.48393e+17	1.00e+00	2.04e-14	0.00e+00
 2.48819e+17	1.00e+00	1.96e-14	0.00e+00
 2.49257e+17	1.00e+00	1.88e-14	0.00e+00
 2.49694e+17	1.00e+00	1.80e-14	0.00e+00
 2.50130e+17	1.00e+00	1.73e-14	0.00e+00
 2.50606e+17	1.00e+00	1.64e-14	0.00e+00
 2.51106e+17	1.00e+00	1.56e-14	0.00e+00
 2.51608e+17	1.00e+00	1.48e-14	0.00e+00
 2.52117e+17	1.00e+00	1.40e-14	0.00e+00
 2.52637e+17	1.00e+00	1.32e-14	0.00e+00
 2.53177e+17	1.00e+00	1.25e-14	0.00e+00
 2.53739e+17	1.00e+00	1.17e-14	0.00e+00
 2.54334e+17	1.00e+00	1.09e-14	0.00e+00
 2.54931e+17	1.00e+00	1.02e-14	0.00e+00
 2.55534e+17	1.00e+00	9.49e-15	0.00e+00
 2.56147e+17	1.00e+00	8.81e-15	0.00e+00
 2.56735e+17	1.00e+00	8.16e-15	0.00e+00
 2.57259e+17	1.00e+00	7.60e-15	0.00e+00
 2.57721e+17	1.00e+00	7.15e-15	0.00e+00
 2.58152e+17	1.00e+00	6.75e-15	0.00e+00
 2.58578e+17	1.00e+00	6.38e-15	0.00e+00
 2.58999e+17	1.00e+00	6.02e-15	0.00e+00
 2.59400e+17	1.00e+00	5.69e-15	0.00e+00
 2.59775e+17	1.00e+00	5.39e-15	0.00e+00
 2.60128e+17	1.00e+00	5.12e-15	0.00e+00
 2.60467e+17	1.00e+00	4.87e-15	0.00e+00
 2.60796e+17	1.00e+00	4.64e-15	0.00e+00
 2.61113e+17	1.00e+00	4.41e-15	0.00e+00
 2.61415e+17	1.00e+00	4.21e-15	0.00e+00
 2.61702e+17	1.00e+00	4.02e-15	0.00e+00
 2.61975e+17	1.00e+00	3.84e-15	0.00e+00
 2.62239e+17	1.00e+00	3.68e-15	0.00e+00
 2.62492e+17	1.00e+00	3.52e-15	0.00e+00
 2.62735e+17	1.00e+00	3.37e-15	0.00e+00
 2.62968e+17	1.00e+00	3.24e-15	0.00e+00
 2.63192e+17	1.00e+00	3.12e-15	0.00e+00
 2.63411e+17	1.00e+00	3.00e-15	0.00e+00
 2.63623e+17	1.00e+00	2.89e-15	0.00e+00
 2.63829e+17	1.00e+00	2.78e-15	0.00e+00
 2.64028e+17	1.00e+00	2.68e-15	0.00e+00
 2.64221e+17	1.00e+00	2.59e-15	0.00e+00
 2.64408e+17	1.00e+00	2.50e-15	0.00e+00
 2.64592e+17	1.00e+00	2.42e-15	0.00e+00
 2.64773e+17	1.00e+00	2.34e-15	0.00e+00
 2.64949e+17	1.00e+00	2.26e-15	0.00e+00
 2.65120e+17	1.00e+00	2.19e-15	0.00e+00
 2.65289e+17	1.00e+00	2.12e-15	0.00e+00
 2.65481e+17	1.00e+00	2.05e-15	0.00e+00
 2.65731e+17	1.00e+00	1.97e-15	0.00e+00
 2.66056e+17	1.00e+00	1.86e-15	0.00e+00
 2.66479e+17	1.00e+00	1.73e-15	0.00e+00
 2.67028e+17	1.00e+00	1.58e-15	0.00e+00
 2.67742e+17	1.00e+00	1.39e-15	0.00e+00
 2.68539e+17	1.00e+00	1.19e-15	0.00e+00
 2.69246e+17	1.00e+00	1.02e-15	0.00e+00
 2.69815e+17	1.00e+00	8.98e-16	0.00e+00
 2.70312e+17	1.00e+00	8.11e-16	0.00e+00
 2.70827e+17	1.00e+00	7.36e-16	0.00e+00
 2.71403e+17	1.00e+00	6.60e-16	0.00e+00
 2.72012e+17	1.00e+00	5.84e-16	0.00e+00
 2.72603e+17	1.00e+00	5.17e-16	0.00e+00
 2.73161e+17	1.00e+00	4.61e-16	0.00e+00
 2.73715e+17	1.00e+00	4.14e-16	0.00e+00
 2.74296e+17	1.00e+00	3.70e-16	0.00e+00
 2.74918e+17	1.00e+00	3.28e-16	0.00e+00
 2.75572e+17	1.00e+00	2.89e-16	0.00e+00
 2.76249e+17	1.00e+00	2.54e-16	0.00e+00
 2.76959e+17	1.00e+00	2.22e-16	0.00e+00
 2.77733e+17	1.00e+00	1.92e-16	0.00e+00
 2.78614e+17	1.00e+00	1.64e-16	0.00e+00
 2.79653e+17	1.00e+00	1.37e-16	0.00e+00
 2.80931e+17	1.00e+00	1.11e-16	0.00e+00
 2.82568e+17	1.00e+00	8.48e-17	0.00e+00
 2.84696e+17	1.00e+00	6.06e-17	0.00e+00
 2.87462e+17	1.00e+00	3.98e-17	0.00e+00
 2.91058e+17	1.00e+00	2.39e-17	0.00e+00
 2.95733e+17	1.00e+00	1.31e-17	0.00e+00
 3.01811e+17	1.00e+00	6.58e-18	0.00e+00
 3.09711e+17	1.00e+00	3.21e-18	0.00e+00
 3.19983e+17	1.00e+00	1.42e-18	0.00e+00
 3.32304e+17	1.00e+00	6.14e-19	0.00e+00
 3.45263e+17	1.00e+00	2.68e-19	0.00e+00
 3.57222e+17	1.00e+00	1.27e-19	0.00e+00
 3.67351e+17	1.00e+00	6.88e-20	0.00e+00
 3.76220e+17	1.00e+00	4.01e-20	0.00e+00
 3.86004e+17	1.00e+00	2.20e-20	0.00e+00
 3.96649e+17	1.00e+00	1.16e-20	0.00e+00
 4.05528e+17	1.00e+00	6.85e-21	0.00e+00
 4.12275e+17	1.00e+00	4.59e-21	0.00e+00
 4.19134e+17	1.00e+00	3.01e-21	0.00e+00
 4.27187e+17	1.00e+00	1.85e-21	0.00e+00
 4.34865e+17	1.00e+00	1.16e-21	0.00e+00
 4.41338e+17	1.00e+00	7.83e-22	0.00e+00
 4.48173e+17	1.00e+00	5.07e-22	0.00e+00
 4.57058e+17	1.00e+00	2.87e-22	0.00e+00
 4.68609e+17	1.00e+00	1.36e-22	0.00e+00
 4.80370e+17	1.00e+00	6.12e-23	0.00e+00
 4.88277e+17	1.00e+00	3.41e-23	0.00e+00
 4.92313e+17	1.00e+00	2.47e-23	0.00e+00
 4.94489e+17	1.00e+00	2.06e-23	0.00e+00
 4.95795e+17	1.00e+00	1.85e-23	0.00e+00
 4.96579e+17	1.00e+00	1.87e-23	0.00e+00
 4.97049e+17	1.00e+00	2.57e-23	0.00e+00
