#depth	He	He+	He+2
 1.49634e+10	3.78e-20	2.97e-10	1.00e+00
 4.54887e+10	4.43e-20	3.26e-10	1.00e+00
 7.72350e+10	5.14e-20	3.57e-10	1.00e+00
 1.10251e+11	5.96e-20	3.93e-10	1.00e+00
 1.43142e+11	6.87e-20	4.30e-10	1.00e+00
 1.77348e+11	7.89e-20	4.71e-10	1.00e+00
 2.14369e+11	9.12e-20	5.18e-10	1.00e+00
 2.52870e+11	1.05e-19	5.70e-10	1.00e+00
 2.92912e+11	1.21e-19	6.27e-10	1.00e+00
 3.34555e+11	1.40e-19	6.91e-10	1.00e+00
 3.72199e+11	1.58e-19	7.52e-10	1.00e+00
 4.03532e+11	1.74e-19	8.05e-10	1.00e+00
 4.37846e+11	1.93e-19	8.66e-10	1.00e+00
 4.81350e+11	2.19e-19	9.47e-10	1.00e+00
 5.26735e+11	2.48e-19	1.04e-09	1.00e+00
 5.66895e+11	2.76e-19	1.12e-09	1.00e+00
 6.04392e+11	3.04e-19	1.20e-09	1.00e+00
 6.47204e+11	3.37e-19	1.30e-09	1.00e+00
 6.99794e+11	3.83e-19	1.43e-09	1.00e+00
 7.52173e+11	4.33e-19	1.56e-09	1.00e+00
 7.97703e+11	4.79e-19	1.68e-09	1.00e+00
 8.47246e+11	5.32e-19	1.82e-09	1.00e+00
 9.07718e+11	6.04e-19	1.99e-09	1.00e+00
 9.69474e+11	6.84e-19	2.18e-09	1.00e+00
 1.02622e+12	7.63e-19	2.37e-09	1.00e+00
 1.08936e+12	8.59e-19	2.58e-09	1.00e+00
 1.16252e+12	9.82e-19	2.84e-09	1.00e+00
 1.23461e+12	1.12e-18	3.11e-09	1.00e+00
 1.30365e+12	1.26e-18	3.38e-09	1.00e+00
 1.37979e+12	1.43e-18	3.69e-09	1.00e+00
 1.46491e+12	1.65e-18	4.05e-09	1.00e+00
 1.54230e+12	1.87e-18	4.40e-09	1.00e+00
 1.60742e+12	2.07e-18	4.70e-09	1.00e+00
 1.67903e+12	2.31e-18	5.04e-09	1.00e+00
 1.75990e+12	2.61e-18	5.45e-09	1.00e+00
 1.83735e+12	2.93e-18	5.85e-09	1.00e+00
 1.92260e+12	3.31e-18	6.31e-09	1.00e+00
 2.01730e+12	3.79e-18	6.85e-09	1.00e+00
 2.10603e+12	4.29e-18	7.36e-09	1.00e+00
 2.20315e+12	4.88e-18	7.96e-09	1.00e+00
 2.31188e+12	5.63e-18	8.65e-09	1.00e+00
 2.41552e+12	6.43e-18	9.33e-09	1.00e+00
 2.51230e+12	7.25e-18	1.00e-08	1.00e+00
 2.62035e+12	8.26e-18	1.08e-08	1.00e+00
 2.74093e+12	9.52e-18	1.16e-08	1.00e+00
 2.85432e+12	1.08e-17	1.25e-08	1.00e+00
 2.97824e+12	1.24e-17	1.35e-08	1.00e+00
 3.11519e+12	1.44e-17	1.46e-08	1.00e+00
 3.24244e+12	1.65e-17	1.58e-08	1.00e+00
 3.38125e+12	1.90e-17	1.70e-08	1.00e+00
 3.53646e+12	2.21e-17	1.85e-08	1.00e+00
 3.68280e+12	2.54e-17	1.99e-08	1.00e+00
 3.84240e+12	2.94e-17	2.15e-08	1.00e+00
 4.02037e+12	3.44e-17	2.34e-08	1.00e+00
 4.18868e+12	3.98e-17	2.52e-08	1.00e+00
 4.36938e+12	4.62e-17	2.73e-08	1.00e+00
 4.57408e+12	5.44e-17	2.97e-08	1.00e+00
 4.77577e+12	6.35e-17	3.22e-08	1.00e+00
 4.98553e+12	7.42e-17	3.49e-08	1.00e+00
 5.21488e+12	8.73e-17	3.80e-08	1.00e+00
 5.44830e+12	1.02e-16	4.12e-08	1.00e+00
 5.69107e+12	1.20e-16	4.48e-08	1.00e+00
 5.94863e+12	1.41e-16	4.87e-08	1.00e+00
 6.19411e+12	1.64e-16	5.25e-08	1.00e+00
 6.41832e+12	1.87e-16	5.62e-08	1.00e+00
 6.62992e+12	2.12e-16	5.98e-08	1.00e+00
 6.86353e+12	2.40e-16	6.38e-08	1.00e+00
 7.12538e+12	2.77e-16	6.85e-08	1.00e+00
 7.37311e+12	3.14e-16	7.31e-08	1.00e+00
 7.64432e+12	3.60e-16	7.83e-08	1.00e+00
 7.94843e+12	4.17e-16	8.44e-08	1.00e+00
 8.23050e+12	4.75e-16	9.02e-08	1.00e+00
 8.49186e+12	5.34e-16	9.56e-08	1.00e+00
 8.79110e+12	6.08e-16	1.02e-07	1.00e+00
 9.15441e+12	7.09e-16	1.10e-07	1.00e+00
 9.51362e+12	8.19e-16	1.19e-07	1.00e+00
 9.82835e+12	9.26e-16	1.26e-07	1.00e+00
 1.01726e+13	1.05e-15	1.35e-07	1.00e+00
 1.05895e+13	1.23e-15	1.46e-07	1.00e+00
 1.10080e+13	1.42e-15	1.57e-07	1.00e+00
 1.13863e+13	1.62e-15	1.67e-07	1.00e+00
 1.18053e+13	1.85e-15	1.79e-07	1.00e+00
 1.22979e+13	2.16e-15	1.94e-07	1.00e+00
 1.27846e+13	2.51e-15	2.09e-07	1.00e+00
 1.32399e+13	2.86e-15	2.23e-07	1.00e+00
 1.37486e+13	3.30e-15	2.40e-07	1.00e+00
 1.43285e+13	3.87e-15	2.60e-07	1.00e+00
 1.49046e+13	4.49e-15	2.80e-07	1.00e+00
 1.55037e+13	5.22e-15	3.02e-07	1.00e+00
 1.61538e+13	6.11e-15	3.27e-07	1.00e+00
 1.68298e+13	7.15e-15	3.54e-07	1.00e+00
 1.74844e+13	8.27e-15	3.81e-07	1.00e+00
 1.80999e+13	9.45e-15	4.08e-07	1.00e+00
 1.87885e+13	1.09e-14	4.38e-07	1.00e+00
 1.94826e+13	1.25e-14	4.71e-07	1.00e+00
 2.00587e+13	1.40e-14	4.98e-07	1.00e+00
 2.06686e+13	1.58e-14	5.28e-07	1.00e+00
 2.14486e+13	1.82e-14	5.68e-07	1.00e+00
 2.22668e+13	2.10e-14	6.11e-07	1.00e+00
 2.29904e+13	2.38e-14	6.51e-07	1.00e+00
 2.37742e+13	2.71e-14	6.96e-07	1.00e+00
 2.47165e+13	3.16e-14	7.52e-07	1.00e+00
 2.56709e+13	3.66e-14	8.11e-07	1.00e+00
 2.65645e+13	4.18e-14	8.68e-07	1.00e+00
 2.75582e+13	4.83e-14	9.34e-07	1.00e+00
 2.86113e+13	5.59e-14	1.01e-06	1.00e+00
 2.95473e+13	6.34e-14	1.07e-06	1.00e+00
 3.05545e+13	7.24e-14	1.15e-06	1.00e+00
 3.17613e+13	8.43e-14	1.24e-06	1.00e+00
 3.29490e+13	9.74e-14	1.34e-06	1.00e+00
 3.40070e+13	1.10e-13	1.43e-06	1.00e+00
 3.51750e+13	1.26e-13	1.53e-06	1.00e+00
 3.65668e+13	1.47e-13	1.65e-06	1.00e+00
 3.79489e+13	1.70e-13	1.78e-06	1.00e+00
 3.92138e+13	1.93e-13	1.91e-06	1.00e+00
 4.06272e+13	2.22e-13	2.05e-06	1.00e+00
 4.22696e+13	2.59e-13	2.22e-06	1.00e+00
 4.38812e+13	3.00e-13	2.40e-06	1.00e+00
 4.54068e+13	3.43e-13	2.57e-06	1.00e+00
 4.71024e+13	3.95e-13	2.77e-06	1.00e+00
 4.90164e+13	4.62e-13	3.00e-06	1.00e+00
 5.08336e+13	5.31e-13	3.23e-06	1.00e+00
 5.24894e+13	6.01e-13	3.45e-06	1.00e+00
 5.43623e+13	6.89e-13	3.71e-06	1.00e+00
 5.65443e+13	8.01e-13	4.01e-06	1.00e+00
 5.86390e+13	9.21e-13	4.32e-06	1.00e+00
 6.03737e+13	1.03e-12	4.58e-06	1.00e+00
 6.21295e+13	1.15e-12	4.86e-06	1.00e+00
 6.43994e+13	1.32e-12	5.23e-06	1.00e+00
 6.67480e+13	1.51e-12	5.62e-06	1.00e+00
 6.87385e+13	1.68e-12	5.96e-06	1.00e+00
 7.08528e+13	1.89e-12	6.34e-06	1.00e+00
 7.35038e+13	2.16e-12	6.83e-06	1.00e+00
 7.62354e+13	2.48e-12	7.35e-06	1.00e+00
 7.86409e+13	2.78e-12	7.82e-06	1.00e+00
 8.12395e+13	3.14e-12	8.36e-06	1.00e+00
 8.43774e+13	3.62e-12	9.02e-06	1.00e+00
 8.74904e+13	4.14e-12	9.71e-06	1.00e+00
 9.02556e+13	4.64e-12	1.03e-05	1.00e+00
 9.32949e+13	5.24e-12	1.11e-05	1.00e+00
 9.69280e+13	6.04e-12	1.20e-05	1.00e+00
 1.00537e+14	6.91e-12	1.29e-05	1.00e+00
 1.03820e+14	7.77e-12	1.37e-05	1.00e+00
 1.07475e+14	8.83e-12	1.48e-05	1.00e+00
 1.11746e+14	1.02e-11	1.60e-05	1.00e+00
 1.15949e+14	1.17e-11	1.72e-05	1.00e+00
 1.19895e+14	1.32e-11	1.85e-05	1.00e+00
 1.24296e+14	1.51e-11	1.99e-05	1.00e+00
 1.29297e+14	1.75e-11	2.16e-05	1.00e+00
 1.34284e+14	2.02e-11	2.34e-05	1.00e+00
 1.39470e+14	2.33e-11	2.53e-05	1.00e+00
 1.44926e+14	2.70e-11	2.74e-05	1.00e+00
 1.49528e+14	3.04e-11	2.93e-05	1.00e+00
 1.53124e+14	3.33e-11	3.08e-05	1.00e+00
 1.57032e+14	3.67e-11	3.25e-05	1.00e+00
 1.62113e+14	4.15e-11	3.48e-05	1.00e+00
 1.67615e+14	4.73e-11	3.74e-05	1.00e+00
 1.72572e+14	5.30e-11	3.98e-05	1.00e+00
 1.77924e+14	5.98e-11	4.26e-05	1.00e+00
 1.84582e+14	6.92e-11	4.61e-05	1.00e+00
 1.91286e+14	7.98e-11	4.99e-05	1.00e+00
 1.97095e+14	8.99e-11	5.32e-05	1.00e+00
 2.03395e+14	1.02e-10	5.71e-05	1.00e+00
 2.11110e+14	1.19e-10	6.20e-05	1.00e+00
 2.18915e+14	1.38e-10	6.72e-05	1.00e+00
 2.25877e+14	1.57e-10	7.20e-05	1.00e+00
 2.33494e+14	1.81e-10	7.76e-05	1.00e+00
 2.42570e+14	2.12e-10	8.45e-05	1.00e+00
 2.51537e+14	2.47e-10	9.17e-05	1.00e+00
 2.59664e+14	2.82e-10	9.85e-05	1.00e+00
 2.68707e+14	3.26e-10	1.06e-04	1.00e+00
 2.79309e+14	3.85e-10	1.16e-04	1.00e+00
 2.89747e+14	4.50e-10	1.26e-04	1.00e+00
 2.99485e+14	5.18e-10	1.36e-04	1.00e+00
 3.10377e+14	6.04e-10	1.47e-04	1.00e+00
 3.22822e+14	7.16e-10	1.61e-04	1.00e+00
 3.35126e+14	8.41e-10	1.75e-04	1.00e+00
 3.47922e+14	9.89e-10	1.91e-04	1.00e+00
 3.59542e+14	1.14e-09	2.05e-04	1.00e+00
 3.68242e+14	1.26e-09	2.17e-04	1.00e+00
 3.77249e+14	1.40e-09	2.29e-04	1.00e+00
 3.88958e+14	1.60e-09	2.45e-04	1.00e+00
 4.01684e+14	1.84e-09	2.63e-04	1.00e+00
 4.13207e+14	2.08e-09	2.81e-04	1.00e+00
 4.25658e+14	2.37e-09	3.00e-04	1.00e+00
 4.41365e+14	2.77e-09	3.25e-04	1.00e+00
 4.57180e+14	3.23e-09	3.52e-04	1.00e+00
 4.70559e+14	3.66e-09	3.75e-04	1.00e+00
 4.84892e+14	4.18e-09	4.01e-04	1.00e+00
 5.02869e+14	4.88e-09	4.35e-04	1.00e+00
 5.21712e+14	5.73e-09	4.72e-04	1.00e+00
 5.38783e+14	6.59e-09	5.07e-04	9.99e-01
 5.57418e+14	7.63e-09	5.47e-04	9.99e-01
 5.79326e+14	9.02e-09	5.95e-04	9.99e-01
 6.00749e+14	1.06e-08	6.45e-04	9.99e-01
 6.20393e+14	1.21e-08	6.91e-04	9.99e-01
 6.42464e+14	1.41e-08	7.47e-04	9.99e-01
 6.68052e+14	1.67e-08	8.13e-04	9.99e-01
 6.93113e+14	1.95e-08	8.81e-04	9.99e-01
 7.16962e+14	2.25e-08	9.48e-04	9.99e-01
 7.37934e+14	2.55e-08	1.01e-03	9.99e-01
 7.55284e+14	2.82e-08	1.06e-03	9.99e-01
 7.74328e+14	3.14e-08	1.12e-03	9.99e-01
 7.99085e+14	3.59e-08	1.20e-03	9.99e-01
 8.25223e+14	4.12e-08	1.28e-03	9.99e-01
 8.47709e+14	4.61e-08	1.36e-03	9.99e-01
 8.71492e+14	5.19e-08	1.44e-03	9.99e-01
 9.02411e+14	6.02e-08	1.56e-03	9.98e-01
 9.34240e+14	6.97e-08	1.68e-03	9.98e-01
 9.60729e+14	7.84e-08	1.78e-03	9.98e-01
 9.88642e+14	8.85e-08	1.89e-03	9.98e-01
 1.02452e+15	1.03e-07	2.04e-03	9.98e-01
 1.06226e+15	1.20e-07	2.20e-03	9.98e-01
 1.09520e+15	1.36e-07	2.34e-03	9.98e-01
 1.13040e+15	1.55e-07	2.51e-03	9.97e-01
 1.17332e+15	1.82e-07	2.71e-03	9.97e-01
 1.21612e+15	2.11e-07	2.92e-03	9.97e-01
 1.25379e+15	2.39e-07	3.11e-03	9.97e-01
 1.29492e+15	2.73e-07	3.33e-03	9.97e-01
 1.34454e+15	3.20e-07	3.61e-03	9.96e-01
 1.39212e+15	3.69e-07	3.88e-03	9.96e-01
 1.43213e+15	4.14e-07	4.11e-03	9.96e-01
 1.46805e+15	4.58e-07	4.33e-03	9.96e-01
 1.50737e+15	5.11e-07	4.58e-03	9.95e-01
 1.55135e+15	5.76e-07	4.86e-03	9.95e-01
 1.59274e+15	6.42e-07	5.13e-03	9.95e-01
 1.63792e+15	7.22e-07	5.44e-03	9.95e-01
 1.68767e+15	8.17e-07	5.79e-03	9.94e-01
 1.73372e+15	9.13e-07	6.12e-03	9.94e-01
 1.78394e+15	1.03e-06	6.50e-03	9.93e-01
 1.83976e+15	1.17e-06	6.93e-03	9.93e-01
 1.89251e+15	1.31e-06	7.35e-03	9.93e-01
 1.95072e+15	1.49e-06	7.83e-03	9.92e-01
 2.01458e+15	1.70e-06	8.38e-03	9.92e-01
 2.07258e+15	1.91e-06	8.88e-03	9.91e-01
 2.13481e+15	2.17e-06	9.46e-03	9.91e-01
 2.20392e+15	2.47e-06	1.01e-02	9.90e-01
 2.26890e+15	2.78e-06	1.07e-02	9.89e-01
 2.34030e+15	3.17e-06	1.15e-02	9.89e-01
 2.41848e+15	3.64e-06	1.23e-02	9.88e-01
 2.49028e+15	4.10e-06	1.31e-02	9.87e-01
 2.55520e+15	4.56e-06	1.38e-02	9.86e-01
 2.61462e+15	5.01e-06	1.45e-02	9.85e-01
 2.68009e+15	5.57e-06	1.54e-02	9.85e-01
 2.75150e+15	6.21e-06	1.63e-02	9.84e-01
 2.81930e+15	6.87e-06	1.72e-02	9.83e-01
 2.88499e+15	7.57e-06	1.81e-02	9.82e-01
 2.95923e+15	8.46e-06	1.92e-02	9.81e-01
 3.04197e+15	9.51e-06	2.04e-02	9.80e-01
 3.11997e+15	1.06e-05	2.17e-02	9.78e-01
 3.19174e+15	1.17e-05	2.29e-02	9.77e-01
 3.27117e+15	1.30e-05	2.43e-02	9.76e-01
 3.36039e+15	1.47e-05	2.60e-02	9.74e-01
 3.44485e+15	1.64e-05	2.77e-02	9.72e-01
 3.52510e+15	1.81e-05	2.94e-02	9.71e-01
 3.61735e+15	2.06e-05	3.17e-02	9.68e-01
 3.71576e+15	2.33e-05	3.41e-02	9.66e-01
 3.80342e+15	2.60e-05	3.65e-02	9.63e-01
 3.88526e+15	2.89e-05	3.89e-02	9.61e-01
 3.97832e+15	3.28e-05	4.21e-02	9.58e-01
 4.07364e+15	3.70e-05	4.55e-02	9.54e-01
 4.15466e+15	4.11e-05	4.87e-02	9.51e-01
 4.24278e+15	4.66e-05	5.27e-02	9.47e-01
 4.33586e+15	5.28e-05	5.73e-02	9.43e-01
 4.40791e+15	5.82e-05	6.12e-02	9.39e-01
 4.46211e+15	6.29e-05	6.44e-02	9.35e-01
 4.52062e+15	6.83e-05	6.84e-02	9.32e-01
 4.59667e+15	7.76e-05	7.40e-02	9.26e-01
 4.66792e+15	8.59e-05	7.96e-02	9.20e-01
 4.72205e+15	9.38e-05	8.46e-02	9.15e-01
 4.78154e+15	1.04e-04	9.06e-02	9.09e-01
 4.84584e+15	1.15e-04	9.77e-02	9.02e-01
 4.90708e+15	1.28e-04	1.05e-01	8.95e-01
 4.96481e+15	1.43e-04	1.13e-01	8.87e-01
 5.01415e+15	1.57e-04	1.21e-01	8.79e-01
 5.06515e+15	1.73e-04	1.30e-01	8.70e-01
 5.13143e+15	2.00e-04	1.43e-01	8.57e-01
 5.19183e+15	2.24e-04	1.56e-01	8.44e-01
 5.24458e+15	2.54e-04	1.69e-01	8.31e-01
 5.29675e+15	2.83e-04	1.84e-01	8.16e-01
 5.34818e+15	3.20e-04	2.00e-01	7.99e-01
 5.40241e+15	3.64e-04	2.19e-01	7.80e-01
 5.44830e+15	4.11e-04	2.38e-01	7.62e-01
 5.48601e+15	4.52e-04	2.54e-01	7.46e-01
 5.52507e+15	4.99e-04	2.73e-01	7.27e-01
 5.57584e+15	5.77e-04	3.00e-01	7.00e-01
 5.62474e+15	6.52e-04	3.28e-01	6.71e-01
 5.67120e+15	7.43e-04	3.58e-01	6.41e-01
 5.71198e+15	8.30e-04	3.85e-01	6.14e-01
 5.73462e+15	8.81e-04	4.01e-01	5.98e-01
 5.75330e+15	9.28e-04	4.15e-01	5.84e-01
 5.77757e+15	9.91e-04	4.34e-01	5.65e-01
 5.80912e+15	1.09e-03	4.59e-01	5.40e-01
 5.84022e+15	1.18e-03	4.84e-01	5.15e-01
 5.87074e+15	1.28e-03	5.09e-01	4.90e-01
 5.90137e+15	1.38e-03	5.34e-01	4.64e-01
 5.92733e+15	1.48e-03	5.55e-01	4.43e-01
 5.95622e+15	1.59e-03	5.80e-01	4.18e-01
 5.98808e+15	1.72e-03	6.06e-01	3.92e-01
 6.01717e+15	1.84e-03	6.30e-01	3.68e-01
 6.04376e+15	1.96e-03	6.51e-01	3.47e-01
 6.07375e+15	2.10e-03	6.75e-01	3.23e-01
 6.10629e+15	2.25e-03	6.99e-01	2.99e-01
 6.13543e+15	2.40e-03	7.19e-01	2.78e-01
 6.16243e+15	2.53e-03	7.37e-01	2.60e-01
 6.19338e+15	2.70e-03	7.58e-01	2.40e-01
 6.22701e+15	2.88e-03	7.77e-01	2.20e-01
 6.25697e+15	3.05e-03	7.94e-01	2.03e-01
 6.28451e+15	3.21e-03	8.08e-01	1.89e-01
 6.31606e+15	3.40e-03	8.24e-01	1.73e-01
 6.35059e+15	3.61e-03	8.38e-01	1.58e-01
 6.38161e+15	3.82e-03	8.51e-01	1.45e-01
 6.40994e+15	4.01e-03	8.61e-01	1.35e-01
 6.44218e+15	4.24e-03	8.72e-01	1.23e-01
 6.47757e+15	4.51e-03	8.83e-01	1.12e-01
 6.50956e+15	4.77e-03	8.92e-01	1.03e-01
 6.53874e+15	5.02e-03	8.99e-01	9.57e-02
 6.57173e+15	5.33e-03	9.07e-01	8.75e-02
 6.60815e+15	5.70e-03	9.15e-01	7.96e-02
 6.64174e+15	6.05e-03	9.21e-01	7.33e-02
 6.67234e+15	6.42e-03	9.26e-01	6.78e-02
 6.70638e+15	6.87e-03	9.31e-01	6.20e-02
 6.75063e+15	7.51e-03	9.37e-01	5.54e-02
 6.79497e+15	8.26e-03	9.42e-01	4.98e-02
 6.82891e+15	8.91e-03	9.45e-01	4.61e-02
 6.85781e+15	9.54e-03	9.47e-01	4.30e-02
 6.89066e+15	1.04e-02	9.50e-01	3.97e-02
 6.93338e+15	1.16e-02	9.53e-01	3.58e-02
 6.97506e+15	1.30e-02	9.54e-01	3.27e-02
 7.00509e+15	1.43e-02	9.55e-01	3.06e-02
 7.03004e+15	1.54e-02	9.56e-01	2.89e-02
 7.05451e+15	1.68e-02	9.56e-01	2.74e-02
 7.07776e+15	1.82e-02	9.56e-01	2.60e-02
 7.09953e+15	1.98e-02	9.55e-01	2.48e-02
 7.12035e+15	2.14e-02	9.55e-01	2.37e-02
 7.14078e+15	2.33e-02	9.54e-01	2.26e-02
 7.16045e+15	2.55e-02	9.53e-01	2.17e-02
 7.17882e+15	2.77e-02	9.51e-01	2.09e-02
 7.19621e+15	3.01e-02	9.50e-01	2.01e-02
 7.21326e+15	3.27e-02	9.48e-01	1.95e-02
 7.23281e+15	3.62e-02	9.45e-01	1.87e-02
 7.25310e+15	4.05e-02	9.41e-01	1.80e-02
 7.26934e+15	4.47e-02	9.38e-01	1.75e-02
 7.28269e+15	4.85e-02	9.34e-01	1.71e-02
 7.29730e+15	5.32e-02	9.30e-01	1.66e-02
 7.31630e+15	6.01e-02	9.24e-01	1.61e-02
 7.33517e+15	6.86e-02	9.16e-01	1.57e-02
 7.34921e+15	7.62e-02	9.08e-01	1.54e-02
 7.36089e+15	8.33e-02	9.01e-01	1.52e-02
 7.37417e+15	9.25e-02	8.93e-01	1.50e-02
 7.38775e+15	1.03e-01	8.82e-01	1.48e-02
 7.39873e+15	1.13e-01	8.73e-01	1.47e-02
 7.40851e+15	1.23e-01	8.63e-01	1.46e-02
 7.41883e+15	1.34e-01	8.52e-01	1.45e-02
 7.42954e+15	1.47e-01	8.39e-01	1.45e-02
 7.43912e+15	1.60e-01	8.26e-01	1.44e-02
 7.44742e+15	1.72e-01	8.13e-01	1.44e-02
 7.45386e+15	1.82e-01	8.03e-01	1.44e-02
 7.45821e+15	1.90e-01	7.96e-01	1.44e-02
 7.46223e+15	1.97e-01	7.89e-01	1.44e-02
 7.46691e+15	2.05e-01	7.80e-01	1.44e-02
 7.47204e+15	2.15e-01	7.70e-01	1.44e-02
 7.47702e+15	2.25e-01	7.61e-01	1.44e-02
 7.48170e+15	2.35e-01	7.51e-01	1.44e-02
 7.48634e+15	2.45e-01	7.41e-01	1.43e-02
 7.49102e+15	2.55e-01	7.30e-01	1.43e-02
 7.49572e+15	2.67e-01	7.19e-01	1.43e-02
 7.50038e+15	2.78e-01	7.08e-01	1.43e-02
 7.50498e+15	2.90e-01	6.96e-01	1.43e-02
 7.50960e+15	3.02e-01	6.84e-01	1.43e-02
 7.51425e+15	3.15e-01	6.71e-01	1.42e-02
 7.51886e+15	3.28e-01	6.58e-01	1.42e-02
 7.52347e+15	3.41e-01	6.45e-01	1.42e-02
 7.52815e+15	3.55e-01	6.30e-01	1.41e-02
 7.53272e+15	3.69e-01	6.17e-01	1.40e-02
 7.53726e+15	3.84e-01	6.02e-01	1.40e-02
 7.54192e+15	3.99e-01	5.87e-01	1.39e-02
 7.54660e+15	4.14e-01	5.72e-01	1.38e-02
 7.55127e+15	4.30e-01	5.56e-01	1.37e-02
 7.55602e+15	4.47e-01	5.40e-01	1.36e-02
 7.56075e+15	4.63e-01	5.24e-01	1.34e-02
 7.56550e+15	4.80e-01	5.07e-01	1.33e-02
 7.57036e+15	4.97e-01	4.90e-01	1.31e-02
 7.57526e+15	5.14e-01	4.73e-01	1.29e-02
 7.58016e+15	5.32e-01	4.56e-01	1.27e-02
 7.58505e+15	5.49e-01	4.39e-01	1.25e-02
 7.58994e+15	5.66e-01	4.22e-01	1.23e-02
 7.59489e+15	5.83e-01	4.05e-01	1.20e-02
 7.59991e+15	6.00e-01	3.88e-01	1.18e-02
 7.60501e+15	6.17e-01	3.72e-01	1.15e-02
 7.61020e+15	6.33e-01	3.56e-01	1.12e-02
 7.61552e+15	6.50e-01	3.39e-01	1.09e-02
 7.62100e+15	6.66e-01	3.24e-01	1.05e-02
 7.62667e+15	6.82e-01	3.08e-01	1.02e-02
 7.63256e+15	6.97e-01	2.93e-01	9.85e-03
 7.63868e+15	7.12e-01	2.79e-01	9.49e-03
 7.64512e+15	7.27e-01	2.64e-01	9.11e-03
 7.65202e+15	7.41e-01	2.50e-01	8.73e-03
 7.65947e+15	7.55e-01	2.37e-01	8.32e-03
 7.66763e+15	7.68e-01	2.24e-01	7.92e-03
 7.67663e+15	7.81e-01	2.12e-01	7.51e-03
 7.68654e+15	7.92e-01	2.01e-01	7.11e-03
 7.69769e+15	8.03e-01	1.90e-01	6.72e-03
 7.70947e+15	8.12e-01	1.81e-01	6.37e-03
 7.72115e+15	8.20e-01	1.74e-01	6.06e-03
 7.73276e+15	8.26e-01	1.68e-01	5.80e-03
 7.74599e+15	8.32e-01	1.63e-01	5.51e-03
 7.76167e+15	8.37e-01	1.57e-01	5.23e-03
 7.77853e+15	8.42e-01	1.53e-01	4.96e-03
 7.79615e+15	8.47e-01	1.48e-01	4.71e-03
 7.81441e+15	8.51e-01	1.44e-01	4.47e-03
 7.83312e+15	8.55e-01	1.41e-01	4.24e-03
 7.85201e+15	8.59e-01	1.37e-01	4.03e-03
 7.87083e+15	8.62e-01	1.34e-01	3.83e-03
 7.88945e+15	8.66e-01	1.31e-01	3.64e-03
 7.90779e+15	8.69e-01	1.28e-01	3.47e-03
 7.92582e+15	8.72e-01	1.25e-01	3.31e-03
 7.94354e+15	8.75e-01	1.22e-01	3.16e-03
 7.96092e+15	8.77e-01	1.20e-01	3.02e-03
 7.97797e+15	8.80e-01	1.17e-01	2.89e-03
 7.99470e+15	8.83e-01	1.15e-01	2.77e-03
 8.01111e+15	8.85e-01	1.13e-01	2.66e-03
 8.02759e+15	8.87e-01	1.10e-01	2.55e-03
 8.04360e+15	8.89e-01	1.08e-01	2.45e-03
 8.05904e+15	8.91e-01	1.06e-01	2.36e-03
 8.07453e+15	8.94e-01	1.04e-01	2.27e-03
 8.08972e+15	8.96e-01	1.02e-01	2.18e-03
 8.10449e+15	8.97e-01	1.01e-01	2.10e-03
 8.11893e+15	8.99e-01	9.88e-02	2.03e-03
 8.13299e+15	9.01e-01	9.71e-02	1.96e-03
 8.14681e+15	9.03e-01	9.55e-02	1.89e-03
 8.16066e+15	9.04e-01	9.40e-02	1.83e-03
 8.17448e+15	9.06e-01	9.25e-02	1.76e-03
 8.18811e+15	9.07e-01	9.10e-02	1.71e-03
 8.20151e+15	9.09e-01	8.96e-02	1.65e-03
 8.21475e+15	9.10e-01	8.82e-02	1.60e-03
 8.22787e+15	9.12e-01	8.69e-02	1.55e-03
 8.24088e+15	9.13e-01	8.55e-02	1.50e-03
 8.25378e+15	9.14e-01	8.43e-02	1.45e-03
 8.26657e+15	9.16e-01	8.30e-02	1.41e-03
 8.27929e+15	9.17e-01	8.18e-02	1.37e-03
 8.29196e+15	9.18e-01	8.06e-02	1.32e-03
 8.30459e+15	9.19e-01	7.95e-02	1.28e-03
 8.31720e+15	9.20e-01	7.83e-02	1.25e-03
 8.32981e+15	9.22e-01	7.72e-02	1.21e-03
 8.34247e+15	9.23e-01	7.61e-02	1.17e-03
 8.35525e+15	9.24e-01	7.50e-02	1.14e-03
 8.36835e+15	9.25e-01	7.39e-02	1.10e-03
 8.38182e+15	9.26e-01	7.27e-02	1.07e-03
 8.39557e+15	9.27e-01	7.16e-02	1.03e-03
 8.40961e+15	9.29e-01	7.05e-02	9.99e-04
 8.42408e+15	9.30e-01	6.93e-02	9.65e-04
 8.43916e+15	9.31e-01	6.82e-02	9.31e-04
 8.45507e+15	9.32e-01	6.70e-02	8.97e-04
 8.47207e+15	9.33e-01	6.57e-02	8.61e-04
 8.49058e+15	9.35e-01	6.43e-02	8.24e-04
 8.51128e+15	9.36e-01	6.28e-02	7.84e-04
 8.53539e+15	9.38e-01	6.11e-02	7.40e-04
 8.56137e+15	9.40e-01	5.94e-02	6.96e-04
 8.58593e+15	9.42e-01	5.78e-02	6.57e-04
 8.60828e+15	9.43e-01	5.63e-02	6.24e-04
 8.62861e+15	9.44e-01	5.51e-02	5.95e-04
 8.64712e+15	9.45e-01	5.40e-02	5.70e-04
 8.66396e+15	9.47e-01	5.29e-02	5.48e-04
 8.67928e+15	9.47e-01	5.20e-02	5.28e-04
 8.69323e+15	9.48e-01	5.12e-02	5.10e-04
 8.70592e+15	9.49e-01	5.05e-02	4.95e-04
 8.71983e+15	9.50e-01	4.97e-02	4.79e-04
 8.73791e+15	9.51e-01	4.86e-02	4.58e-04
 8.75742e+15	9.52e-01	4.75e-02	4.37e-04
 8.77518e+15	9.53e-01	4.66e-02	4.19e-04
 8.79135e+15	9.54e-01	4.57e-02	4.03e-04
 8.80605e+15	9.55e-01	4.49e-02	3.88e-04
 8.81944e+15	9.55e-01	4.42e-02	3.76e-04
 8.83162e+15	9.56e-01	4.36e-02	3.64e-04
 8.84270e+15	9.57e-01	4.30e-02	3.54e-04
 8.85485e+15	9.57e-01	4.23e-02	3.43e-04
 8.86796e+15	9.58e-01	4.17e-02	3.32e-04
 8.87989e+15	9.59e-01	4.11e-02	3.22e-04
 8.89075e+15	9.59e-01	4.05e-02	3.13e-04
 8.90063e+15	9.60e-01	4.00e-02	3.05e-04
 8.91145e+15	9.60e-01	3.94e-02	2.96e-04
 8.92314e+15	9.61e-01	3.89e-02	2.88e-04
 8.93378e+15	9.61e-01	3.84e-02	2.80e-04
 8.94346e+15	9.62e-01	3.79e-02	2.73e-04
 8.95406e+15	9.62e-01	3.74e-02	2.65e-04
 8.96551e+15	9.63e-01	3.68e-02	2.57e-04
 8.97593e+15	9.63e-01	3.63e-02	2.50e-04
 8.98542e+15	9.64e-01	3.59e-02	2.44e-04
 8.99581e+15	9.64e-01	3.54e-02	2.37e-04
 9.00702e+15	9.65e-01	3.49e-02	2.30e-04
 9.01723e+15	9.65e-01	3.44e-02	2.24e-04
 9.02652e+15	9.66e-01	3.40e-02	2.18e-04
 9.03670e+15	9.66e-01	3.35e-02	2.12e-04
 9.04769e+15	9.67e-01	3.31e-02	2.06e-04
 9.05769e+15	9.67e-01	3.26e-02	2.01e-04
 9.06679e+15	9.68e-01	3.22e-02	1.96e-04
 9.07676e+15	9.68e-01	3.18e-02	1.91e-04
 9.08753e+15	9.68e-01	3.14e-02	1.85e-04
 9.09732e+15	9.69e-01	3.10e-02	1.81e-04
 9.10624e+15	9.69e-01	3.06e-02	1.76e-04
 9.11601e+15	9.70e-01	3.02e-02	1.71e-04
 9.12655e+15	9.70e-01	2.98e-02	1.67e-04
 9.13615e+15	9.70e-01	2.94e-02	1.63e-04
 9.14667e+15	9.71e-01	2.90e-02	1.58e-04
 9.15802e+15	9.71e-01	2.86e-02	1.54e-04
 9.16835e+15	9.72e-01	2.82e-02	1.50e-04
 9.17775e+15	9.72e-01	2.79e-02	1.46e-04
 9.18806e+15	9.72e-01	2.75e-02	1.42e-04
 9.19918e+15	9.73e-01	2.71e-02	1.38e-04
 9.20930e+15	9.73e-01	2.68e-02	1.35e-04
 9.22039e+15	9.73e-01	2.64e-02	1.31e-04
 9.23236e+15	9.74e-01	2.60e-02	1.27e-04
 9.24326e+15	9.74e-01	2.57e-02	1.24e-04
 9.25520e+15	9.75e-01	2.53e-02	1.20e-04
 9.26809e+15	9.75e-01	2.49e-02	1.16e-04
 9.27982e+15	9.75e-01	2.46e-02	1.13e-04
 9.29049e+15	9.76e-01	2.42e-02	1.10e-04
 9.30219e+15	9.76e-01	2.39e-02	1.07e-04
 9.31482e+15	9.76e-01	2.35e-02	1.04e-04
 9.32631e+15	9.77e-01	2.32e-02	1.01e-04
 9.33890e+15	9.77e-01	2.29e-02	9.80e-05
 9.35249e+15	9.77e-01	2.25e-02	9.50e-05
 9.36486e+15	9.78e-01	2.22e-02	9.23e-05
 9.37612e+15	9.78e-01	2.19e-02	8.99e-05
 9.38845e+15	9.78e-01	2.15e-02	8.72e-05
 9.40177e+15	9.79e-01	2.13e-02	8.48e-05
 9.41389e+15	9.79e-01	2.09e-02	8.23e-05
 9.42717e+15	9.79e-01	2.06e-02	7.97e-05
 9.44150e+15	9.80e-01	2.03e-02	7.73e-05
 9.45455e+15	9.80e-01	2.00e-02	7.50e-05
 9.46885e+15	9.80e-01	1.96e-02	7.25e-05
 9.48428e+15	9.81e-01	1.93e-02	7.02e-05
 9.49832e+15	9.81e-01	1.90e-02	6.80e-05
 9.51110e+15	9.81e-01	1.88e-02	6.61e-05
 9.52511e+15	9.81e-01	1.85e-02	6.40e-05
 9.54023e+15	9.82e-01	1.82e-02	6.21e-05
 9.55399e+15	9.82e-01	1.79e-02	6.02e-05
 9.56906e+15	9.82e-01	1.76e-02	5.82e-05
 9.58534e+15	9.83e-01	1.73e-02	5.63e-05
 9.60015e+15	9.83e-01	1.70e-02	5.46e-05
 9.61638e+15	9.83e-01	1.67e-02	5.27e-05
 9.63390e+15	9.84e-01	1.64e-02	5.08e-05
 9.64985e+15	9.84e-01	1.61e-02	4.92e-05
 9.66435e+15	9.84e-01	1.59e-02	4.77e-05
 9.68025e+15	9.84e-01	1.56e-02	4.61e-05
 9.69742e+15	9.85e-01	1.54e-02	4.46e-05
 9.71304e+15	9.85e-01	1.51e-02	4.32e-05
 9.73016e+15	9.85e-01	1.49e-02	4.17e-05
 9.74863e+15	9.85e-01	1.46e-02	4.02e-05
 9.76545e+15	9.86e-01	1.43e-02	3.89e-05
 9.78388e+15	9.86e-01	1.41e-02	3.75e-05
 9.80377e+15	9.86e-01	1.38e-02	3.61e-05
 9.82187e+15	9.86e-01	1.36e-02	3.49e-05
 9.84171e+15	9.87e-01	1.33e-02	3.35e-05
 9.86312e+15	9.87e-01	1.30e-02	3.22e-05
 9.88261e+15	9.87e-01	1.28e-02	3.11e-05
 9.90397e+15	9.87e-01	1.25e-02	2.98e-05
 9.92702e+15	9.88e-01	1.23e-02	2.86e-05
 9.94800e+15	9.88e-01	1.20e-02	2.75e-05
 9.96709e+15	9.88e-01	1.18e-02	2.66e-05
 9.98801e+15	9.88e-01	1.16e-02	2.56e-05
 1.00106e+16	9.89e-01	1.14e-02	2.46e-05
 1.00311e+16	9.89e-01	1.12e-02	2.37e-05
 1.00537e+16	9.89e-01	1.09e-02	2.27e-05
 1.00780e+16	9.89e-01	1.07e-02	2.18e-05
 1.01001e+16	9.89e-01	1.05e-02	2.10e-05
 1.01244e+16	9.90e-01	1.03e-02	2.01e-05
 1.01505e+16	9.90e-01	1.00e-02	1.92e-05
 1.01743e+16	9.90e-01	9.84e-03	1.85e-05
 1.02004e+16	9.90e-01	9.61e-03	1.76e-05
 1.02286e+16	9.91e-01	9.39e-03	1.68e-05
 1.02543e+16	9.91e-01	9.19e-03	1.62e-05
 1.02824e+16	9.91e-01	8.97e-03	1.54e-05
 1.03127e+16	9.91e-01	8.75e-03	1.47e-05
 1.03403e+16	9.91e-01	8.56e-03	1.40e-05
 1.03705e+16	9.92e-01	8.35e-03	1.34e-05
 1.04032e+16	9.92e-01	8.13e-03	1.27e-05
 1.04329e+16	9.92e-01	7.95e-03	1.21e-05
 1.04655e+16	9.92e-01	7.74e-03	1.15e-05
 1.05006e+16	9.92e-01	7.53e-03	1.09e-05
 1.05326e+16	9.93e-01	7.35e-03	1.04e-05
 1.05677e+16	9.93e-01	7.15e-03	9.83e-06
 1.06055e+16	9.93e-01	6.95e-03	9.29e-06
 1.06400e+16	9.93e-01	6.77e-03	8.84e-06
 1.06777e+16	9.93e-01	6.58e-03	8.34e-06
 1.07268e+16	9.94e-01	6.33e-03	7.74e-06
 1.07834e+16	9.94e-01	6.07e-03	7.12e-06
 1.08407e+16	9.94e-01	5.83e-03	6.57e-06
 1.08981e+16	9.94e-01	5.59e-03	6.06e-06
 1.09578e+16	9.95e-01	5.36e-03	5.57e-06
 1.10201e+16	9.95e-01	5.13e-03	5.11e-06
 1.10847e+16	9.95e-01	4.91e-03	4.68e-06
 1.11513e+16	9.95e-01	4.69e-03	4.28e-06
 1.12201e+16	9.96e-01	4.48e-03	3.90e-06
 1.12916e+16	9.96e-01	4.27e-03	3.55e-06
 1.13649e+16	9.96e-01	4.07e-03	3.23e-06
 1.14393e+16	9.96e-01	3.88e-03	2.94e-06
 1.15148e+16	9.96e-01	3.70e-03	2.67e-06
 1.15916e+16	9.96e-01	3.52e-03	2.43e-06
 1.16689e+16	9.97e-01	3.36e-03	2.20e-06
 1.17474e+16	9.97e-01	3.20e-03	2.00e-06
 1.18284e+16	9.97e-01	3.04e-03	1.81e-06
 1.19113e+16	9.97e-01	2.89e-03	1.64e-06
 1.19954e+16	9.97e-01	2.75e-03	1.48e-06
 1.20807e+16	9.97e-01	2.61e-03	1.34e-06
 1.21677e+16	9.98e-01	2.48e-03	1.21e-06
 1.22563e+16	9.98e-01	2.36e-03	1.09e-06
 1.23467e+16	9.98e-01	2.24e-03	9.86e-07
 1.24387e+16	9.98e-01	2.12e-03	8.88e-07
 1.25323e+16	9.98e-01	2.01e-03	7.99e-07
 1.26277e+16	9.98e-01	1.91e-03	7.18e-07
 1.27249e+16	9.98e-01	1.80e-03	6.45e-07
 1.28242e+16	9.98e-01	1.71e-03	5.78e-07
 1.29255e+16	9.98e-01	1.61e-03	5.17e-07
 1.30287e+16	9.98e-01	1.53e-03	4.63e-07
 1.31340e+16	9.99e-01	1.44e-03	4.13e-07
 1.32416e+16	9.99e-01	1.36e-03	3.68e-07
 1.33514e+16	9.99e-01	1.28e-03	3.28e-07
 1.34636e+16	9.99e-01	1.21e-03	2.91e-07
 1.35784e+16	9.99e-01	1.14e-03	2.58e-07
 1.36958e+16	9.99e-01	1.07e-03	2.29e-07
 1.38159e+16	9.99e-01	1.01e-03	2.02e-07
 1.39390e+16	9.99e-01	9.43e-04	1.78e-07
 1.40652e+16	9.99e-01	8.84e-04	1.57e-07
 1.41947e+16	9.99e-01	8.28e-04	1.37e-07
 1.43277e+16	9.99e-01	7.74e-04	1.20e-07
 1.44644e+16	9.99e-01	7.22e-04	1.05e-07
 1.46049e+16	9.99e-01	6.73e-04	9.11e-08
 1.47497e+16	9.99e-01	6.27e-04	7.90e-08
 1.48959e+16	9.99e-01	5.84e-04	6.86e-08
 1.50461e+16	9.99e-01	5.42e-04	5.92e-08
 1.52057e+16	9.99e-01	5.01e-04	5.07e-08
 1.53727e+16	1.00e+00	4.62e-04	4.31e-08
 1.55453e+16	1.00e+00	4.25e-04	3.65e-08
 1.57240e+16	1.00e+00	3.90e-04	3.08e-08
 1.59107e+16	1.00e+00	3.57e-04	2.58e-08
 1.61065e+16	1.00e+00	3.25e-04	2.14e-08
 1.63122e+16	1.00e+00	2.95e-04	1.76e-08
 1.65290e+16	1.00e+00	2.66e-04	1.44e-08
 1.67589e+16	1.00e+00	2.39e-04	1.16e-08
 1.70058e+16	1.00e+00	2.13e-04	9.25e-09
 1.72665e+16	1.00e+00	1.89e-04	7.28e-09
 1.75457e+16	1.00e+00	1.66e-04	5.63e-09
 1.78530e+16	1.00e+00	1.45e-04	4.26e-09
 1.81888e+16	1.00e+00	1.24e-04	3.15e-09
 1.85585e+16	1.00e+00	1.05e-04	2.26e-09
 1.89729e+16	1.00e+00	8.75e-05	1.56e-09
 1.94586e+16	1.00e+00	7.05e-05	1.02e-09
 2.00151e+16	1.00e+00	5.56e-05	6.33e-10
 2.05963e+16	1.00e+00	4.36e-05	3.90e-10
 2.11695e+16	1.00e+00	3.45e-05	2.44e-10
 2.17348e+16	1.00e+00	2.74e-05	1.55e-10
 2.23071e+16	1.00e+00	2.18e-05	9.84e-11
 2.28922e+16	1.00e+00	1.74e-05	6.25e-11
 2.34898e+16	1.00e+00	1.38e-05	3.96e-11
 2.40976e+16	1.00e+00	1.10e-05	2.52e-11
 2.47147e+16	1.00e+00	8.79e-06	1.60e-11
 2.53451e+16	1.00e+00	7.01e-06	1.02e-11
 2.59902e+16	1.00e+00	5.58e-06	6.48e-12
 2.66501e+16	1.00e+00	4.45e-06	4.11e-12
 2.73259e+16	1.00e+00	3.54e-06	2.61e-12
 2.80181e+16	1.00e+00	2.81e-06	1.65e-12
 2.87271e+16	1.00e+00	2.23e-06	1.04e-12
 2.94563e+16	1.00e+00	1.77e-06	6.54e-13
 3.02101e+16	1.00e+00	1.40e-06	4.09e-13
 3.09893e+16	1.00e+00	1.10e-06	2.54e-13
 3.17978e+16	1.00e+00	8.63e-07	1.56e-13
 3.26374e+16	1.00e+00	6.74e-07	9.56e-14
 3.34925e+16	1.00e+00	5.27e-07	5.86e-14
 3.43351e+16	1.00e+00	4.16e-07	3.65e-14
 3.51549e+16	1.00e+00	3.32e-07	2.33e-14
 3.59555e+16	1.00e+00	2.67e-07	1.51e-14
 3.67384e+16	1.00e+00	2.17e-07	9.98e-15
 3.75046e+16	1.00e+00	1.77e-07	6.69e-15
 3.82499e+16	1.00e+00	1.46e-07	4.56e-15
 3.89710e+16	1.00e+00	1.22e-07	3.17e-15
 3.96668e+16	1.00e+00	1.02e-07	2.24e-15
 4.03371e+16	1.00e+00	8.67e-08	1.61e-15
 4.09821e+16	1.00e+00	7.41e-08	1.18e-15
 4.16015e+16	1.00e+00	6.38e-08	8.74e-16
 4.21948e+16	1.00e+00	5.54e-08	6.60e-16
 4.27622e+16	1.00e+00	4.84e-08	5.06e-16
 4.33043e+16	1.00e+00	4.27e-08	3.93e-16
 4.38221e+16	1.00e+00	3.79e-08	3.10e-16
 4.43165e+16	1.00e+00	3.38e-08	2.47e-16
 4.47881e+16	1.00e+00	3.04e-08	2.00e-16
 4.52375e+16	1.00e+00	2.75e-08	1.63e-16
 4.56656e+16	1.00e+00	2.49e-08	1.35e-16
 4.60733e+16	1.00e+00	2.28e-08	1.13e-16
 4.64617e+16	1.00e+00	2.09e-08	9.51e-17
 4.68314e+16	1.00e+00	1.93e-08	8.10e-17
 4.71831e+16	1.00e+00	1.79e-08	6.96e-17
 4.75179e+16	1.00e+00	1.66e-08	6.02e-17
 4.78368e+16	1.00e+00	1.55e-08	5.25e-17
 4.81410e+16	1.00e+00	1.45e-08	4.62e-17
 4.84313e+16	1.00e+00	1.37e-08	4.08e-17
 4.87078e+16	1.00e+00	1.29e-08	3.63e-17
 4.89710e+16	1.00e+00	1.22e-08	3.25e-17
 4.92220e+16	1.00e+00	1.16e-08	2.93e-17
 4.94619e+16	1.00e+00	1.10e-08	2.65e-17
 4.96914e+16	1.00e+00	1.05e-08	2.41e-17
 4.99108e+16	1.00e+00	1.00e-08	2.20e-17
 5.01206e+16	1.00e+00	9.59e-09	2.02e-17
 5.03214e+16	1.00e+00	9.20e-09	1.86e-17
 5.05138e+16	1.00e+00	8.84e-09	1.72e-17
 5.06985e+16	1.00e+00	8.51e-09	1.59e-17
 5.08762e+16	1.00e+00	8.21e-09	1.48e-17
 5.10473e+16	1.00e+00	7.92e-09	1.38e-17
 5.12122e+16	1.00e+00	7.66e-09	1.29e-17
 5.13714e+16	1.00e+00	7.42e-09	1.21e-17
 5.15254e+16	1.00e+00	7.19e-09	1.14e-17
 5.16749e+16	1.00e+00	6.98e-09	1.07e-17
 5.18202e+16	1.00e+00	6.77e-09	1.01e-17
 5.19621e+16	1.00e+00	6.58e-09	9.57e-18
 5.21009e+16	1.00e+00	6.40e-09	9.05e-18
 5.22371e+16	1.00e+00	6.23e-09	8.57e-18
 5.23716e+16	1.00e+00	6.06e-09	8.12e-18
 5.25048e+16	1.00e+00	5.90e-09	7.70e-18
 5.26374e+16	1.00e+00	5.75e-09	7.31e-18
 5.27704e+16	1.00e+00	5.60e-09	6.93e-18
 5.29047e+16	1.00e+00	5.45e-09	6.57e-18
 5.30412e+16	1.00e+00	5.30e-09	6.23e-18
 5.31813e+16	1.00e+00	5.16e-09	5.89e-18
 5.33266e+16	1.00e+00	5.01e-09	5.56e-18
 5.34792e+16	1.00e+00	4.86e-09	5.24e-18
 5.36416e+16	1.00e+00	4.70e-09	4.91e-18
 5.38173e+16	1.00e+00	4.54e-09	4.58e-18
 5.40111e+16	1.00e+00	4.37e-09	4.24e-18
 5.42298e+16	1.00e+00	4.18e-09	3.89e-18
 5.44833e+16	1.00e+00	3.98e-09	3.52e-18
 5.47866e+16	1.00e+00	3.75e-09	3.12e-18
 5.51637e+16	1.00e+00	3.47e-09	2.69e-18
 5.56482e+16	1.00e+00	3.16e-09	2.22e-18
 5.62781e+16	1.00e+00	2.79e-09	1.74e-18
 5.70969e+16	1.00e+00	2.38e-09	1.27e-18
 5.81613e+16	1.00e+00	1.94e-09	8.49e-19
 5.95451e+16	1.00e+00	1.50e-09	5.08e-19
 6.13441e+16	1.00e+00	1.08e-09	2.65e-19
 6.35156e+16	1.00e+00	7.40e-10	1.25e-19
 6.58786e+16	1.00e+00	4.98e-10	5.69e-20
 6.83187e+16	1.00e+00	3.35e-10	2.60e-20
 7.07822e+16	1.00e+00	2.27e-10	1.21e-20
 7.33295e+16	1.00e+00	1.54e-10	5.57e-21
 7.59993e+16	1.00e+00	1.03e-10	0.00e+00
 7.87475e+16	1.00e+00	6.95e-11	0.00e+00
 8.15624e+16	1.00e+00	4.69e-11	0.00e+00
 8.44046e+16	1.00e+00	3.19e-11	0.00e+00
 8.72467e+16	1.00e+00	2.19e-11	0.00e+00
 9.02329e+16	1.00e+00	1.49e-11	0.00e+00
 9.33630e+16	1.00e+00	1.01e-11	0.00e+00
 9.64931e+16	1.00e+00	6.87e-12	0.00e+00
 9.96231e+16	1.00e+00	4.74e-12	0.00e+00
 1.02753e+17	1.00e+00	3.31e-12	0.00e+00
 1.05884e+17	1.00e+00	2.32e-12	0.00e+00
 1.09014e+17	1.00e+00	1.65e-12	0.00e+00
 1.12073e+17	1.00e+00	1.19e-12	0.00e+00
 1.14605e+17	1.00e+00	9.25e-13	0.00e+00
 1.16232e+17	1.00e+00	7.92e-13	0.00e+00
 1.17164e+17	1.00e+00	7.26e-13	0.00e+00
 1.17712e+17	1.00e+00	6.89e-13	0.00e+00
 1.18042e+17	1.00e+00	6.69e-13	0.00e+00
 1.18261e+17	1.00e+00	6.55e-13	0.00e+00
 1.18457e+17	1.00e+00	6.42e-13	0.00e+00
 1.18669e+17	1.00e+00	6.28e-13	0.00e+00
 1.18911e+17	1.00e+00	6.13e-13	0.00e+00
 1.19157e+17	1.00e+00	5.98e-13	0.00e+00
 1.19362e+17	1.00e+00	5.87e-13	0.00e+00
 1.19524e+17	1.00e+00	5.78e-13	0.00e+00
 1.19676e+17	1.00e+00	5.69e-13	0.00e+00
 1.19845e+17	1.00e+00	5.59e-13	0.00e+00
 1.20023e+17	1.00e+00	5.49e-13	0.00e+00
 1.20182e+17	1.00e+00	5.41e-13	0.00e+00
 1.20308e+17	1.00e+00	5.35e-13	0.00e+00
 1.20419e+17	1.00e+00	5.29e-13	0.00e+00
 1.20541e+17	1.00e+00	5.22e-13	0.00e+00
 1.20671e+17	1.00e+00	5.16e-13	0.00e+00
 1.20787e+17	1.00e+00	5.10e-13	0.00e+00
 1.20890e+17	1.00e+00	5.05e-13	0.00e+00
 1.20997e+17	1.00e+00	4.99e-13	0.00e+00
 1.21104e+17	1.00e+00	4.94e-13	0.00e+00
 1.21196e+17	1.00e+00	4.90e-13	0.00e+00
 1.21278e+17	1.00e+00	4.86e-13	0.00e+00
 1.21368e+17	1.00e+00	4.81e-13	0.00e+00
 1.21469e+17	1.00e+00	4.76e-13	0.00e+00
 1.21559e+17	1.00e+00	4.72e-13	0.00e+00
 1.21638e+17	1.00e+00	4.69e-13	0.00e+00
 1.21717e+17	1.00e+00	4.65e-13	0.00e+00
 1.21797e+17	1.00e+00	4.61e-13	0.00e+00
 1.21877e+17	1.00e+00	4.57e-13	0.00e+00
 1.21953e+17	1.00e+00	4.54e-13	0.00e+00
 1.22026e+17	1.00e+00	4.50e-13	0.00e+00
 1.22104e+17	1.00e+00	4.47e-13	0.00e+00
 1.22185e+17	1.00e+00	4.43e-13	0.00e+00
 1.22263e+17	1.00e+00	4.39e-13	0.00e+00
 1.22338e+17	1.00e+00	4.36e-13	0.00e+00
 1.22413e+17	1.00e+00	4.33e-13	0.00e+00
 1.22489e+17	1.00e+00	4.29e-13	0.00e+00
 1.22566e+17	1.00e+00	4.26e-13	0.00e+00
 1.22645e+17	1.00e+00	4.22e-13	0.00e+00
 1.22721e+17	1.00e+00	4.19e-13	0.00e+00
 1.22796e+17	1.00e+00	4.15e-13	0.00e+00
 1.22876e+17	1.00e+00	4.12e-13	0.00e+00
 1.22961e+17	1.00e+00	4.08e-13	0.00e+00
 1.23045e+17	1.00e+00	4.04e-13	0.00e+00
 1.23127e+17	1.00e+00	4.01e-13	0.00e+00
 1.23212e+17	1.00e+00	3.97e-13	0.00e+00
 1.23302e+17	1.00e+00	3.93e-13	0.00e+00
 1.23400e+17	1.00e+00	3.89e-13	0.00e+00
 1.23501e+17	1.00e+00	3.85e-13	0.00e+00
 1.23596e+17	1.00e+00	3.81e-13	0.00e+00
 1.23684e+17	1.00e+00	3.77e-13	0.00e+00
 1.23777e+17	1.00e+00	3.73e-13	0.00e+00
 1.23882e+17	1.00e+00	3.69e-13	0.00e+00
 1.23988e+17	1.00e+00	3.65e-13	0.00e+00
 1.24093e+17	1.00e+00	3.60e-13	0.00e+00
 1.24202e+17	1.00e+00	3.56e-13	0.00e+00
 1.24315e+17	1.00e+00	3.52e-13	0.00e+00
 1.24435e+17	1.00e+00	3.47e-13	0.00e+00
 1.24555e+17	1.00e+00	3.42e-13	0.00e+00
 1.24675e+17	1.00e+00	3.38e-13	0.00e+00
 1.24797e+17	1.00e+00	3.33e-13	0.00e+00
 1.24923e+17	1.00e+00	3.29e-13	0.00e+00
 1.25054e+17	1.00e+00	3.24e-13	0.00e+00
 1.25192e+17	1.00e+00	3.19e-13	0.00e+00
 1.25334e+17	1.00e+00	3.14e-13	0.00e+00
 1.25476e+17	1.00e+00	3.09e-13	0.00e+00
 1.25621e+17	1.00e+00	3.04e-13	0.00e+00
 1.25776e+17	1.00e+00	2.98e-13	0.00e+00
 1.25936e+17	1.00e+00	2.93e-13	0.00e+00
 1.26100e+17	1.00e+00	2.88e-13	0.00e+00
 1.26266e+17	1.00e+00	2.82e-13	0.00e+00
 1.26436e+17	1.00e+00	2.77e-13	0.00e+00
 1.26611e+17	1.00e+00	2.71e-13	0.00e+00
 1.26795e+17	1.00e+00	2.66e-13	0.00e+00
 1.26987e+17	1.00e+00	2.60e-13	0.00e+00
 1.27181e+17	1.00e+00	2.54e-13	0.00e+00
 1.27381e+17	1.00e+00	2.48e-13	0.00e+00
 1.27594e+17	1.00e+00	2.42e-13	0.00e+00
 1.27809e+17	1.00e+00	2.36e-13	0.00e+00
 1.28024e+17	1.00e+00	2.30e-13	0.00e+00
 1.28247e+17	1.00e+00	2.25e-13	0.00e+00
 1.28480e+17	1.00e+00	2.19e-13	0.00e+00
 1.28720e+17	1.00e+00	2.13e-13	0.00e+00
 1.28967e+17	1.00e+00	2.07e-13	0.00e+00
 1.29223e+17	1.00e+00	2.00e-13	0.00e+00
 1.29485e+17	1.00e+00	1.95e-13	0.00e+00
 1.29753e+17	1.00e+00	1.88e-13	0.00e+00
 1.30027e+17	1.00e+00	1.82e-13	0.00e+00
 1.30302e+17	1.00e+00	1.77e-13	0.00e+00
 1.30585e+17	1.00e+00	1.71e-13	0.00e+00
 1.30891e+17	1.00e+00	1.65e-13	0.00e+00
 1.31214e+17	1.00e+00	1.59e-13	0.00e+00
 1.31534e+17	1.00e+00	1.53e-13	0.00e+00
 1.31851e+17	1.00e+00	1.47e-13	0.00e+00
 1.32183e+17	1.00e+00	1.42e-13	0.00e+00
 1.32542e+17	1.00e+00	1.36e-13	0.00e+00
 1.32911e+17	1.00e+00	1.30e-13	0.00e+00
 1.33272e+17	1.00e+00	1.25e-13	0.00e+00
 1.33636e+17	1.00e+00	1.19e-13	0.00e+00
 1.34020e+17	1.00e+00	1.14e-13	0.00e+00
 1.34430e+17	1.00e+00	1.09e-13	0.00e+00
 1.34870e+17	1.00e+00	1.03e-13	0.00e+00
 1.35314e+17	1.00e+00	9.84e-14	0.00e+00
 1.35751e+17	1.00e+00	9.35e-14	0.00e+00
 1.36196e+17	1.00e+00	8.90e-14	0.00e+00
 1.36671e+17	1.00e+00	8.42e-14	0.00e+00
 1.37175e+17	1.00e+00	7.98e-14	0.00e+00
 1.37700e+17	1.00e+00	7.52e-14	0.00e+00
 1.38246e+17	1.00e+00	7.09e-14	0.00e+00
 1.38805e+17	1.00e+00	6.67e-14	0.00e+00
 1.39387e+17	1.00e+00	6.28e-14	0.00e+00
 1.39977e+17	1.00e+00	5.91e-14	0.00e+00
 1.40545e+17	1.00e+00	5.58e-14	0.00e+00
 1.41062e+17	1.00e+00	5.29e-14	0.00e+00
 1.41538e+17	1.00e+00	5.04e-14	0.00e+00
 1.41998e+17	1.00e+00	4.81e-14	0.00e+00
 1.42452e+17	1.00e+00	4.60e-14	0.00e+00
 1.42888e+17	1.00e+00	4.40e-14	0.00e+00
 1.43289e+17	1.00e+00	4.22e-14	0.00e+00
 1.43652e+17	1.00e+00	4.06e-14	0.00e+00
 1.43985e+17	1.00e+00	3.92e-14	0.00e+00
 1.44297e+17	1.00e+00	3.79e-14	0.00e+00
 1.44591e+17	1.00e+00	3.68e-14	0.00e+00
 1.44866e+17	1.00e+00	3.57e-14	0.00e+00
 1.45125e+17	1.00e+00	3.47e-14	0.00e+00
 1.45369e+17	1.00e+00	3.38e-14	0.00e+00
 1.45601e+17	1.00e+00	3.30e-14	0.00e+00
 1.45822e+17	1.00e+00	3.22e-14	0.00e+00
 1.46033e+17	1.00e+00	3.14e-14	0.00e+00
 1.46236e+17	1.00e+00	3.08e-14	0.00e+00
 1.46433e+17	1.00e+00	3.01e-14	0.00e+00
 1.46623e+17	1.00e+00	2.95e-14	0.00e+00
 1.46807e+17	1.00e+00	2.89e-14	0.00e+00
 1.46987e+17	1.00e+00	2.83e-14	0.00e+00
 1.47162e+17	1.00e+00	2.78e-14	0.00e+00
 1.47334e+17	1.00e+00	2.73e-14	0.00e+00
 1.47501e+17	1.00e+00	2.68e-14	0.00e+00
 1.47665e+17	1.00e+00	2.63e-14	0.00e+00
 1.47826e+17	1.00e+00	2.59e-14	0.00e+00
 1.47985e+17	1.00e+00	2.55e-14	0.00e+00
 1.48141e+17	1.00e+00	2.50e-14	0.00e+00
 1.48295e+17	1.00e+00	2.46e-14	0.00e+00
 1.48446e+17	1.00e+00	2.42e-14	0.00e+00
 1.48619e+17	1.00e+00	2.38e-14	0.00e+00
 1.48844e+17	1.00e+00	2.32e-14	0.00e+00
 1.49137e+17	1.00e+00	2.25e-14	0.00e+00
 1.49517e+17	1.00e+00	2.16e-14	0.00e+00
 1.50012e+17	1.00e+00	2.06e-14	0.00e+00
 1.50634e+17	1.00e+00	1.93e-14	0.00e+00
 1.51306e+17	1.00e+00	1.80e-14	0.00e+00
 1.51909e+17	1.00e+00	1.70e-14	0.00e+00
 1.52425e+17	1.00e+00	1.62e-14	0.00e+00
 1.52914e+17	1.00e+00	1.54e-14	0.00e+00
 1.53433e+17	1.00e+00	1.47e-14	0.00e+00
 1.54000e+17	1.00e+00	1.39e-14	0.00e+00
 1.54584e+17	1.00e+00	1.32e-14	0.00e+00
 1.55157e+17	1.00e+00	1.25e-14	0.00e+00
 1.55718e+17	1.00e+00	1.18e-14	0.00e+00
 1.56292e+17	1.00e+00	1.12e-14	0.00e+00
 1.56904e+17	1.00e+00	1.06e-14	0.00e+00
 1.57562e+17	1.00e+00	9.97e-15	0.00e+00
 1.58264e+17	1.00e+00	9.35e-15	0.00e+00
 1.59015e+17	1.00e+00	8.73e-15	0.00e+00
 1.59845e+17	1.00e+00	8.09e-15	0.00e+00
 1.60806e+17	1.00e+00	7.41e-15	0.00e+00
 1.61981e+17	1.00e+00	6.66e-15	0.00e+00
 1.63483e+17	1.00e+00	5.81e-15	0.00e+00
 1.65437e+17	1.00e+00	4.87e-15	0.00e+00
 1.67976e+17	1.00e+00	3.89e-15	0.00e+00
 1.71277e+17	1.00e+00	2.91e-15	0.00e+00
 1.75568e+17	1.00e+00	2.01e-15	0.00e+00
 1.81147e+17	1.00e+00	1.26e-15	0.00e+00
 1.87986e+17	1.00e+00	7.17e-16	0.00e+00
 1.95340e+17	1.00e+00	4.00e-16	0.00e+00
 2.02172e+17	1.00e+00	2.34e-16	0.00e+00
 2.08038e+17	1.00e+00	1.49e-16	0.00e+00
 2.13406e+17	1.00e+00	9.79e-17	0.00e+00
 2.19535e+17	1.00e+00	6.05e-17	0.00e+00
 2.27256e+17	1.00e+00	3.30e-17	0.00e+00
 2.34894e+17	1.00e+00	1.81e-17	0.00e+00
 2.40306e+17	1.00e+00	1.17e-17	0.00e+00
 2.43554e+17	1.00e+00	8.84e-18	0.00e+00
 2.45502e+17	1.00e+00	7.26e-18	0.00e+00
 2.46671e+17	1.00e+00	6.49e-18	0.00e+00
 2.47373e+17	1.00e+00	6.05e-18	0.00e+00
 2.47793e+17	1.00e+00	5.79e-18	0.00e+00
 2.48046e+17	1.00e+00	5.64e-18	0.00e+00
 2.48223e+17	1.00e+00	5.53e-18	0.00e+00
 2.48413e+17	1.00e+00	5.43e-18	0.00e+00
 2.48660e+17	1.00e+00	5.29e-18	0.00e+00
 2.48968e+17	1.00e+00	5.12e-18	0.00e+00
 2.49292e+17	1.00e+00	4.94e-18	0.00e+00
 2.49566e+17	1.00e+00	4.78e-18	0.00e+00
 2.49778e+17	1.00e+00	4.67e-18	0.00e+00
 2.49970e+17	1.00e+00	4.57e-18	0.00e+00
 2.50187e+17	1.00e+00	4.46e-18	0.00e+00
 2.50455e+17	1.00e+00	4.32e-18	0.00e+00
 2.50749e+17	1.00e+00	4.17e-18	0.00e+00
 2.51006e+17	1.00e+00	4.03e-18	0.00e+00
 2.51207e+17	1.00e+00	3.93e-18	0.00e+00
 2.51383e+17	1.00e+00	3.84e-18	0.00e+00
 2.51577e+17	1.00e+00	3.75e-18	0.00e+00
 2.51815e+17	1.00e+00	3.64e-18	0.00e+00
 2.52076e+17	1.00e+00	3.51e-18	0.00e+00
 2.52311e+17	1.00e+00	3.39e-18	0.00e+00
 2.52501e+17	1.00e+00	3.30e-18	0.00e+00
 2.52666e+17	1.00e+00	3.22e-18	0.00e+00
 2.52845e+17	1.00e+00	3.14e-18	0.00e+00
 2.53061e+17	1.00e+00	3.05e-18	0.00e+00
 2.53301e+17	1.00e+00	2.94e-18	0.00e+00
 2.53519e+17	1.00e+00	2.83e-18	0.00e+00
 2.53698e+17	1.00e+00	2.75e-18	0.00e+00
 2.53855e+17	1.00e+00	2.68e-18	0.00e+00
 2.54024e+17	1.00e+00	2.61e-18	0.00e+00
 2.54226e+17	1.00e+00	2.52e-18	0.00e+00
 2.54448e+17	1.00e+00	2.43e-18	0.00e+00
 2.54653e+17	1.00e+00	2.34e-18	0.00e+00
 2.54824e+17	1.00e+00	2.26e-18	0.00e+00
 2.54977e+17	1.00e+00	2.20e-18	0.00e+00
 2.55140e+17	1.00e+00	2.14e-18	0.00e+00
 2.55334e+17	1.00e+00	2.06e-18	0.00e+00
 2.55546e+17	1.00e+00	1.98e-18	0.00e+00
 2.55744e+17	1.00e+00	1.90e-18	0.00e+00
 2.55914e+17	1.00e+00	1.83e-18	0.00e+00
 2.56067e+17	1.00e+00	1.78e-18	0.00e+00
 2.56230e+17	1.00e+00	1.72e-18	0.00e+00
 2.56419e+17	1.00e+00	1.66e-18	0.00e+00
 2.56623e+17	1.00e+00	1.59e-18	0.00e+00
 2.56817e+17	1.00e+00	1.52e-18	0.00e+00
 2.56987e+17	1.00e+00	1.46e-18	0.00e+00
 2.57144e+17	1.00e+00	1.41e-18	0.00e+00
 2.57309e+17	1.00e+00	1.36e-18	0.00e+00
 2.57497e+17	1.00e+00	1.31e-18	0.00e+00
 2.57703e+17	1.00e+00	1.25e-18	0.00e+00
 2.57903e+17	1.00e+00	1.19e-18	0.00e+00
 2.58080e+17	1.00e+00	1.14e-18	0.00e+00
 2.58242e+17	1.00e+00	1.10e-18	0.00e+00
 2.58411e+17	1.00e+00	1.06e-18	0.00e+00
