#depth	N	N+	N+2	N+3	N+4	N+5	N+6	N+7
 1.49634e+10	0.00e+00	3.25e-32	1.64e-23	1.47e-15	2.20e-08	9.98e-01	1.77e-03	0.00e+00
 4.54887e+10	1.07e-41	4.58e-32	2.13e-23	1.75e-15	2.42e-08	9.98e-01	1.62e-03	1.16e-09
 7.72350e+10	0.00e+00	6.45e-32	2.77e-23	2.10e-15	2.65e-08	9.99e-01	1.48e-03	0.00e+00
 1.10251e+11	2.51e-41	9.09e-32	3.60e-23	2.52e-15	2.91e-08	9.99e-01	1.35e-03	0.00e+00
 1.43142e+11	0.00e+00	1.26e-31	4.63e-23	3.00e-15	3.18e-08	9.99e-01	1.23e-03	0.00e+00
 1.77348e+11	5.66e-41	1.76e-31	5.97e-23	3.57e-15	3.48e-08	9.99e-01	1.13e-03	0.00e+00
 2.14369e+11	0.00e+00	2.47e-31	7.77e-23	4.29e-15	3.83e-08	9.99e-01	1.03e-03	0.00e+00
 2.52870e+11	1.32e-40	3.48e-31	1.01e-22	5.15e-15	4.21e-08	9.99e-01	9.35e-04	0.00e+00
 2.92912e+11	0.00e+00	4.90e-31	1.32e-22	6.20e-15	4.63e-08	9.99e-01	8.51e-04	0.00e+00
 3.34555e+11	3.07e-40	6.90e-31	1.72e-22	7.45e-15	5.10e-08	9.99e-01	7.74e-04	0.00e+00
 3.72199e+11	0.00e+00	9.28e-31	2.16e-22	8.76e-15	5.55e-08	9.99e-01	7.13e-04	0.00e+00
 4.03532e+11	5.93e-40	1.18e-30	2.60e-22	9.98e-15	5.94e-08	9.99e-01	6.66e-04	0.00e+00
 4.37846e+11	0.00e+00	1.52e-30	3.16e-22	1.15e-14	6.39e-08	9.99e-01	6.21e-04	0.00e+00
 4.81350e+11	1.18e-39	2.07e-30	4.03e-22	1.36e-14	6.98e-08	9.99e-01	5.68e-04	0.00e+00
 5.26735e+11	0.00e+00	2.82e-30	5.13e-22	1.61e-14	7.64e-08	9.99e-01	5.20e-04	0.00e+00
 5.66895e+11	2.39e-39	3.67e-30	6.31e-22	1.87e-14	8.26e-08	1.00e+00	4.82e-04	0.00e+00
 6.04392e+11	0.00e+00	4.66e-30	7.61e-22	2.13e-14	8.86e-08	1.00e+00	4.50e-04	0.00e+00
 6.47204e+11	4.41e-39	6.05e-30	9.35e-22	2.47e-14	9.57e-08	1.00e+00	4.17e-04	0.00e+00
 6.99794e+11	0.00e+00	8.26e-30	1.19e-21	2.94e-14	1.05e-07	1.00e+00	3.81e-04	0.00e+00
 7.52173e+11	9.22e-39	1.11e-29	1.51e-21	3.48e-14	1.15e-07	1.00e+00	3.49e-04	0.00e+00
 7.97703e+11	0.00e+00	1.42e-29	1.83e-21	4.00e-14	1.24e-07	1.00e+00	3.24e-04	0.00e+00
 8.47246e+11	1.71e-38	1.84e-29	2.25e-21	4.64e-14	1.34e-07	1.00e+00	3.00e-04	0.00e+00
 9.07718e+11	0.00e+00	2.50e-29	2.86e-21	5.51e-14	1.47e-07	1.00e+00	2.74e-04	0.00e+00
 9.69474e+11	3.54e-38	3.36e-29	3.62e-21	6.53e-14	1.61e-07	1.00e+00	2.51e-04	0.00e+00
 1.02622e+12	0.00e+00	4.37e-29	4.45e-21	7.59e-14	1.74e-07	1.00e+00	2.32e-04	0.00e+00
 1.08936e+12	6.84e-38	5.79e-29	5.56e-21	8.91e-14	1.90e-07	1.00e+00	2.13e-04	0.00e+00
 1.16252e+12	0.00e+00	7.90e-29	7.11e-21	1.07e-13	2.09e-07	1.00e+00	1.94e-04	0.00e+00
 1.23461e+12	1.42e-37	1.06e-28	8.97e-21	1.26e-13	2.29e-07	1.00e+00	1.77e-04	0.00e+00
 1.30365e+12	0.00e+00	1.39e-28	1.11e-20	1.47e-13	2.48e-07	1.00e+00	1.63e-04	0.00e+00
 1.37979e+12	2.78e-37	1.85e-28	1.39e-20	1.73e-13	2.71e-07	1.00e+00	1.50e-04	0.00e+00
 1.46491e+12	0.00e+00	2.51e-28	1.78e-20	2.07e-13	2.98e-07	1.00e+00	1.37e-04	0.00e+00
 1.54230e+12	5.57e-37	3.28e-28	2.19e-20	2.41e-13	3.24e-07	1.00e+00	1.26e-04	0.00e+00
 1.60742e+12	0.00e+00	4.07e-28	2.61e-20	2.73e-13	3.46e-07	1.00e+00	1.18e-04	0.00e+00
 1.67903e+12	9.59e-37	5.13e-28	3.13e-20	3.11e-13	3.71e-07	1.00e+00	1.10e-04	0.00e+00
 1.75990e+12	0.00e+00	6.60e-28	3.82e-20	3.59e-13	4.01e-07	1.00e+00	1.02e-04	0.00e+00
 1.83735e+12	1.73e-36	8.34e-28	4.60e-20	4.10e-13	4.31e-07	1.00e+00	9.50e-05	0.00e+00
 1.92260e+12	0.00e+00	1.07e-27	5.60e-20	4.73e-13	4.65e-07	1.00e+00	8.82e-05	0.00e+00
 2.01730e+12	3.23e-36	1.40e-27	6.91e-20	5.50e-13	5.04e-07	1.00e+00	8.14e-05	0.00e+00
 2.10603e+12	0.00e+00	1.78e-27	8.35e-20	6.30e-13	5.42e-07	1.00e+00	7.58e-05	0.00e+00
 2.20315e+12	5.90e-36	2.29e-27	1.02e-19	7.29e-13	5.86e-07	1.00e+00	7.01e-05	0.00e+00
 2.31188e+12	0.00e+00	3.02e-27	1.27e-19	8.51e-13	6.37e-07	1.00e+00	6.46e-05	0.00e+00
 2.41552e+12	1.12e-35	3.90e-27	1.55e-19	9.81e-13	6.87e-07	1.00e+00	6.00e-05	0.00e+00
 2.51230e+12	0.00e+00	4.89e-27	1.86e-19	1.12e-12	7.37e-07	1.00e+00	5.60e-05	0.00e+00
 2.62035e+12	2.00e-35	6.27e-27	2.25e-19	1.28e-12	7.94e-07	1.00e+00	5.20e-05	0.00e+00
 2.74093e+12	0.00e+00	8.20e-27	2.78e-19	1.49e-12	8.59e-07	1.00e+00	4.81e-05	0.00e+00
 2.85432e+12	3.73e-35	1.04e-26	3.36e-19	1.71e-12	9.23e-07	1.00e+00	4.48e-05	0.00e+00
 2.97824e+12	0.00e+00	1.35e-26	4.11e-19	1.97e-12	9.97e-07	1.00e+00	4.15e-05	0.00e+00
 3.11519e+12	7.12e-35	1.77e-26	5.10e-19	2.29e-12	1.08e-06	1.00e+00	3.83e-05	0.00e+00
 3.24244e+12	0.00e+00	2.26e-26	6.17e-19	2.63e-12	1.16e-06	1.00e+00	3.56e-05	0.00e+00
 3.38125e+12	1.32e-34	2.94e-26	7.56e-19	3.03e-12	1.25e-06	1.00e+00	3.31e-05	0.00e+00
 3.53646e+12	0.00e+00	3.88e-26	9.41e-19	3.54e-12	1.36e-06	1.00e+00	3.05e-05	0.00e+00
 3.68280e+12	2.53e-34	5.01e-26	1.15e-18	4.07e-12	1.47e-06	1.00e+00	2.83e-05	0.00e+00
 3.84240e+12	3.51e-34	6.56e-26	1.42e-18	4.72e-12	1.59e-06	1.00e+00	2.62e-05	0.00e+00
 4.02037e+12	4.99e-34	8.74e-26	1.77e-18	5.53e-12	1.73e-06	1.00e+00	2.41e-05	0.00e+00
 4.18868e+12	6.89e-34	1.14e-25	2.18e-18	6.38e-12	1.86e-06	1.00e+00	2.24e-05	0.00e+00
 4.36938e+12	9.64e-34	1.50e-25	2.69e-18	7.41e-12	2.01e-06	1.00e+00	2.07e-05	0.00e+00
 4.57408e+12	1.39e-33	2.02e-25	3.39e-18	8.71e-12	2.19e-06	1.00e+00	1.90e-05	0.00e+00
 4.77577e+12	1.97e-33	2.68e-25	4.23e-18	1.02e-11	2.38e-06	1.00e+00	1.75e-05	0.00e+00
 4.98553e+12	2.79e-33	3.56e-25	5.27e-18	1.18e-11	2.58e-06	1.00e+00	1.62e-05	0.00e+00
 5.21488e+12	4.02e-33	4.80e-25	6.65e-18	1.39e-11	2.81e-06	1.00e+00	1.49e-05	0.00e+00
 5.44830e+12	5.77e-33	6.44e-25	8.34e-18	1.63e-11	3.05e-06	1.00e+00	1.37e-05	0.00e+00
 5.69107e+12	8.29e-33	8.64e-25	1.05e-17	1.91e-11	3.31e-06	1.00e+00	1.26e-05	0.00e+00
 5.94863e+12	1.20e-32	1.17e-24	1.32e-17	2.24e-11	3.60e-06	1.00e+00	1.16e-05	0.00e+00
 6.19411e+12	1.69e-32	1.54e-24	1.63e-17	2.60e-11	3.89e-06	1.00e+00	1.08e-05	0.00e+00
 6.41832e+12	2.28e-32	1.97e-24	1.97e-17	2.96e-11	4.16e-06	1.00e+00	1.01e-05	0.00e+00
 6.62992e+12	3.01e-32	2.46e-24	2.34e-17	3.33e-11	4.42e-06	1.00e+00	9.48e-06	0.00e+00
 6.86353e+12	4.05e-32	3.13e-24	2.82e-17	3.78e-11	4.72e-06	1.00e+00	8.88e-06	0.00e+00
 7.12538e+12	5.58e-32	4.06e-24	3.44e-17	4.34e-11	5.07e-06	1.00e+00	8.27e-06	0.00e+00
 7.37311e+12	7.52e-32	5.17e-24	4.14e-17	4.92e-11	5.41e-06	1.00e+00	7.75e-06	0.00e+00
 7.64432e+12	1.03e-31	6.67e-24	5.03e-17	5.62e-11	5.80e-06	1.00e+00	7.24e-06	0.00e+00
 7.94843e+12	1.45e-31	8.79e-24	6.22e-17	6.49e-11	6.25e-06	1.00e+00	6.72e-06	0.00e+00
 8.23050e+12	1.97e-31	1.13e-23	7.51e-17	7.39e-11	6.68e-06	1.00e+00	6.29e-06	0.00e+00
 8.49186e+12	2.60e-31	1.41e-23	8.91e-17	8.30e-11	7.08e-06	1.00e+00	5.93e-06	0.00e+00
 8.79110e+12	3.54e-31	1.81e-23	1.08e-16	9.44e-11	7.57e-06	1.00e+00	5.55e-06	0.00e+00
 9.15441e+12	5.09e-31	2.42e-23	1.35e-16	1.10e-10	8.18e-06	1.00e+00	5.14e-06	0.00e+00
 9.51362e+12	7.19e-31	3.20e-23	1.66e-16	1.27e-10	8.80e-06	1.00e+00	4.78e-06	0.00e+00
 9.82835e+12	9.67e-31	4.06e-23	1.99e-16	1.43e-10	9.36e-06	1.00e+00	4.49e-06	0.00e+00
 1.01726e+13	1.32e-30	5.23e-23	2.41e-16	1.63e-10	1.00e-05	1.00e+00	4.21e-06	0.00e+00
 1.05895e+13	1.91e-30	7.01e-23	3.01e-16	1.89e-10	1.08e-05	1.00e+00	3.89e-06	0.00e+00
 1.10080e+13	2.72e-30	9.33e-23	3.74e-16	2.19e-10	1.16e-05	1.00e+00	3.62e-06	0.00e+00
 1.13863e+13	3.72e-30	1.20e-22	4.52e-16	2.49e-10	1.24e-05	1.00e+00	3.39e-06	0.00e+00
 1.18053e+13	5.19e-30	1.57e-22	5.54e-16	2.85e-10	1.33e-05	1.00e+00	3.17e-06	0.00e+00
 1.22979e+13	7.57e-30	2.13e-22	6.97e-16	3.33e-10	1.44e-05	1.00e+00	2.93e-06	0.00e+00
 1.27846e+13	1.09e-29	2.84e-22	8.68e-16	3.86e-10	1.55e-05	1.00e+00	2.72e-06	0.00e+00
 1.32399e+13	1.51e-29	3.70e-22	1.06e-15	4.41e-10	1.65e-05	1.00e+00	2.54e-06	0.00e+00
 1.37486e+13	2.15e-29	4.91e-22	1.31e-15	5.09e-10	1.78e-05	1.00e+00	2.37e-06	0.00e+00
 1.43285e+13	3.16e-29	6.69e-22	1.66e-15	5.95e-10	1.93e-05	1.00e+00	2.19e-06	0.00e+00
 1.49046e+13	4.59e-29	9.02e-22	2.07e-15	6.92e-10	2.08e-05	1.00e+00	2.03e-06	0.00e+00
 1.55037e+13	6.66e-29	1.22e-21	2.59e-15	8.04e-10	2.24e-05	1.00e+00	1.88e-06	0.00e+00
 1.61538e+13	9.81e-29	1.66e-21	3.28e-15	9.41e-10	2.43e-05	1.00e+00	1.74e-06	0.00e+00
 1.68298e+13	1.45e-28	2.26e-21	4.15e-15	1.10e-09	2.63e-05	1.00e+00	1.60e-06	0.00e+00
 1.74844e+13	2.08e-28	3.03e-21	5.16e-15	1.28e-09	2.83e-05	1.00e+00	1.49e-06	0.00e+00
 1.80999e+13	2.88e-28	3.94e-21	6.29e-15	1.46e-09	3.02e-05	1.00e+00	1.39e-06	0.00e+00
 1.87885e+13	4.11e-28	5.23e-21	7.80e-15	1.68e-09	3.25e-05	1.00e+00	1.29e-06	0.00e+00
 1.94826e+13	5.79e-28	6.90e-21	9.61e-15	1.94e-09	3.49e-05	1.00e+00	1.21e-06	0.00e+00
 2.00587e+13	7.65e-28	8.62e-21	1.14e-14	2.17e-09	3.70e-05	1.00e+00	1.14e-06	0.00e+00
 2.06686e+13	1.02e-27	1.08e-20	1.35e-14	2.44e-09	3.92e-05	1.00e+00	1.07e-06	0.00e+00
 2.14486e+13	1.44e-27	1.44e-20	1.67e-14	2.81e-09	4.22e-05	1.00e+00	9.99e-07	0.00e+00
 2.22668e+13	2.06e-27	1.91e-20	2.07e-14	3.25e-09	4.54e-05	1.00e+00	0.00e+00	0.00e+00
 2.29904e+13	2.79e-27	2.44e-20	2.50e-14	3.68e-09	4.83e-05	1.00e+00	0.00e+00	0.00e+00
 2.37742e+13	3.83e-27	3.15e-20	3.03e-14	4.20e-09	5.17e-05	1.00e+00	0.00e+00	0.00e+00
 2.47165e+13	5.54e-27	4.24e-20	3.79e-14	4.89e-09	5.58e-05	1.00e+00	0.00e+00	0.00e+00
 2.56709e+13	7.93e-27	5.65e-20	4.72e-14	5.67e-09	6.02e-05	1.00e+00	0.00e+00	0.00e+00
 2.65645e+13	1.10e-26	7.34e-20	5.76e-14	6.48e-09	6.44e-05	1.00e+00	0.00e+00	0.00e+00
 2.75582e+13	1.55e-26	9.71e-20	7.12e-14	7.48e-09	6.94e-05	1.00e+00	0.00e+00	0.00e+00
 2.86113e+13	2.21e-26	1.29e-19	8.85e-14	8.67e-09	7.48e-05	1.00e+00	0.00e+00	0.00e+00
 2.95473e+13	3.00e-26	1.65e-19	1.07e-13	9.84e-09	7.98e-05	1.00e+00	0.00e+00	0.00e+00
 3.05545e+13	4.11e-26	2.13e-19	1.30e-13	1.12e-08	8.54e-05	1.00e+00	0.00e+00	0.00e+00
 3.17613e+13	5.93e-26	2.86e-19	1.62e-13	1.31e-08	9.23e-05	1.00e+00	0.00e+00	0.00e+00
 3.29490e+13	8.38e-26	3.79e-19	2.01e-13	1.51e-08	9.94e-05	1.00e+00	0.00e+00	0.00e+00
 3.40070e+13	1.13e-25	4.82e-19	2.41e-13	1.71e-08	1.06e-04	1.00e+00	0.00e+00	0.00e+00
 3.51750e+13	1.55e-25	6.24e-19	2.94e-13	1.96e-08	1.14e-04	1.00e+00	0.00e+00	0.00e+00
 3.65668e+13	2.24e-25	8.38e-19	3.68e-13	2.28e-08	1.23e-04	1.00e+00	0.00e+00	0.00e+00
 3.79489e+13	3.18e-25	1.11e-18	4.57e-13	2.64e-08	1.32e-04	1.00e+00	0.00e+00	0.00e+00
 3.92138e+13	4.34e-25	1.43e-18	5.53e-13	3.01e-08	1.42e-04	1.00e+00	0.00e+00	0.00e+00
 4.06272e+13	6.05e-25	1.87e-18	6.79e-13	3.46e-08	1.52e-04	1.00e+00	0.00e+00	0.00e+00
 4.22696e+13	8.79e-25	2.53e-18	8.56e-13	4.05e-08	1.65e-04	1.00e+00	0.00e+00	0.00e+00
 4.38812e+13	1.25e-24	3.37e-18	1.06e-12	4.70e-08	1.78e-04	1.00e+00	0.00e+00	0.00e+00
 4.54068e+13	1.73e-24	4.38e-18	1.30e-12	5.38e-08	1.91e-04	1.00e+00	0.00e+00	0.00e+00
 4.71024e+13	2.45e-24	5.80e-18	1.61e-12	6.22e-08	2.06e-04	1.00e+00	0.00e+00	0.00e+00
 4.90164e+13	3.58e-24	7.87e-18	2.03e-12	7.29e-08	2.23e-04	1.00e+00	0.00e+00	0.00e+00
 5.08336e+13	5.06e-24	1.04e-17	2.51e-12	8.42e-08	2.40e-04	1.00e+00	0.00e+00	0.00e+00
 5.24894e+13	6.87e-24	1.33e-17	3.03e-12	9.56e-08	2.56e-04	1.00e+00	0.00e+00	0.00e+00
 5.43623e+13	9.59e-24	1.74e-17	3.73e-12	1.10e-07	2.75e-04	1.00e+00	0.00e+00	0.00e+00
 5.65443e+13	1.40e-23	2.36e-17	4.69e-12	1.28e-07	2.98e-04	1.00e+00	0.00e+00	0.00e+00
 5.86390e+13	1.98e-23	3.13e-17	5.81e-12	1.48e-07	3.21e-04	1.00e+00	0.00e+00	0.00e+00
 6.03737e+13	2.62e-23	3.92e-17	6.90e-12	1.67e-07	3.41e-04	1.00e+00	0.00e+00	0.00e+00
 6.21295e+13	3.45e-23	4.89e-17	8.16e-12	1.87e-07	3.61e-04	1.00e+00	0.00e+00	0.00e+00
 6.43994e+13	4.86e-23	6.45e-17	1.01e-11	2.15e-07	3.88e-04	1.00e+00	0.00e+00	0.00e+00
 6.67480e+13	6.86e-23	8.52e-17	1.24e-11	2.48e-07	4.18e-04	1.00e+00	0.00e+00	0.00e+00
 6.87385e+13	9.11e-23	1.07e-16	1.48e-11	2.79e-07	4.43e-04	1.00e+00	0.00e+00	0.00e+00
 7.08528e+13	1.22e-22	1.35e-16	1.77e-11	3.15e-07	4.71e-04	1.00e+00	0.00e+00	0.00e+00
 7.35038e+13	1.74e-22	1.80e-16	2.20e-11	3.64e-07	5.08e-04	9.99e-01	0.00e+00	0.00e+00
 7.62354e+13	2.47e-22	2.39e-16	2.72e-11	4.21e-07	5.46e-04	9.99e-01	0.00e+00	0.00e+00
 7.86409e+13	3.34e-22	3.05e-16	3.27e-11	4.76e-07	5.82e-04	9.99e-01	0.00e+00	0.00e+00
 8.12395e+13	4.57e-22	3.92e-16	3.96e-11	5.42e-07	6.21e-04	9.99e-01	0.00e+00	0.00e+00
 8.43774e+13	6.59e-22	5.27e-16	4.96e-11	6.30e-07	6.71e-04	9.99e-01	0.00e+00	0.00e+00
 8.74904e+13	9.36e-22	6.99e-16	6.14e-11	7.28e-07	7.22e-04	9.99e-01	0.00e+00	0.00e+00
 9.02556e+13	1.27e-21	8.90e-16	7.38e-11	8.24e-07	7.69e-04	9.99e-01	0.00e+00	0.00e+00
 9.32949e+13	1.74e-21	1.15e-15	8.97e-11	9.40e-07	8.22e-04	9.99e-01	0.00e+00	0.00e+00
 9.69280e+13	2.51e-21	1.55e-15	1.12e-10	1.09e-06	8.89e-04	9.99e-01	0.00e+00	0.00e+00
 1.00537e+14	3.57e-21	2.06e-15	1.39e-10	1.27e-06	9.57e-04	9.99e-01	0.00e+00	0.00e+00
 1.03820e+14	4.87e-21	2.64e-15	1.68e-10	1.44e-06	1.02e-03	9.99e-01	0.00e+00	0.00e+00
 1.07475e+14	6.78e-21	3.45e-15	2.07e-10	1.65e-06	1.10e-03	9.99e-01	0.00e+00	0.00e+00
 1.11746e+14	9.83e-21	4.66e-15	2.60e-10	1.93e-06	1.19e-03	9.99e-01	0.00e+00	0.00e+00
 1.15949e+14	1.40e-20	6.19e-15	3.23e-10	2.24e-06	1.28e-03	9.99e-01	0.00e+00	0.00e+00
 1.19895e+14	1.92e-20	8.01e-15	3.93e-10	2.56e-06	1.37e-03	9.99e-01	0.00e+00	0.00e+00
 1.24296e+14	2.70e-20	1.06e-14	4.86e-10	2.96e-06	1.48e-03	9.99e-01	0.00e+00	0.00e+00
 1.29297e+14	3.92e-20	1.43e-14	6.13e-10	3.46e-06	1.61e-03	9.98e-01	0.00e+00	0.00e+00
 1.34284e+14	5.57e-20	1.90e-14	7.64e-10	4.03e-06	1.74e-03	9.98e-01	0.00e+00	0.00e+00
 1.39470e+14	7.94e-20	2.54e-14	9.55e-10	4.69e-06	1.88e-03	9.98e-01	0.00e+00	0.00e+00
 1.44926e+14	1.13e-19	3.39e-14	1.19e-09	5.47e-06	2.04e-03	9.98e-01	0.00e+00	0.00e+00
 1.49528e+14	1.51e-19	4.29e-14	1.43e-09	6.20e-06	2.18e-03	9.98e-01	0.00e+00	0.00e+00
 1.53124e+14	1.88e-19	5.12e-14	1.65e-09	6.82e-06	2.29e-03	9.98e-01	0.00e+00	0.00e+00
 1.57032e+14	2.36e-19	6.19e-14	1.91e-09	7.55e-06	2.42e-03	9.98e-01	0.00e+00	0.00e+00
 1.62113e+14	3.15e-19	7.84e-14	2.30e-09	8.58e-06	2.59e-03	9.97e-01	0.00e+00	0.00e+00
 1.67615e+14	4.25e-19	1.00e-13	2.79e-09	9.81e-06	2.79e-03	9.97e-01	0.00e+00	0.00e+00
 1.72572e+14	5.52e-19	1.24e-13	3.30e-09	1.10e-05	2.97e-03	9.97e-01	0.00e+00	0.00e+00
 1.77924e+14	7.23e-19	1.56e-13	3.94e-09	1.25e-05	3.17e-03	9.97e-01	0.00e+00	0.00e+00
 1.84582e+14	1.00e-18	2.04e-13	4.87e-09	1.45e-05	3.44e-03	9.97e-01	0.00e+00	0.00e+00
 1.91286e+14	1.37e-18	2.64e-13	5.99e-09	1.67e-05	3.72e-03	9.96e-01	0.00e+00	0.00e+00
 1.97095e+14	1.78e-18	3.28e-13	7.12e-09	1.88e-05	3.97e-03	9.96e-01	0.00e+00	0.00e+00
 2.03395e+14	2.33e-18	4.11e-13	8.54e-09	2.14e-05	4.26e-03	9.96e-01	0.00e+00	0.00e+00
 2.11110e+14	3.21e-18	5.37e-13	1.06e-08	2.49e-05	4.62e-03	9.95e-01	0.00e+00	0.00e+00
 2.18915e+14	4.38e-18	6.97e-13	1.31e-08	2.88e-05	5.01e-03	9.95e-01	0.00e+00	0.00e+00
 2.25877e+14	5.72e-18	8.71e-13	1.56e-08	3.26e-05	5.37e-03	9.95e-01	0.00e+00	0.00e+00
 2.33494e+14	7.57e-18	1.10e-12	1.89e-08	3.73e-05	5.79e-03	9.94e-01	0.00e+00	0.00e+00
 2.42570e+14	1.04e-17	1.45e-12	2.36e-08	4.35e-05	6.31e-03	9.94e-01	0.00e+00	0.00e+00
 2.51537e+14	1.42e-17	1.87e-12	2.91e-08	5.03e-05	6.85e-03	9.93e-01	0.00e+00	0.00e+00
 2.59664e+14	1.85e-17	2.34e-12	3.49e-08	5.72e-05	7.35e-03	9.93e-01	0.00e+00	0.00e+00
 2.68707e+14	2.46e-17	2.98e-12	4.26e-08	6.56e-05	7.95e-03	9.92e-01	0.00e+00	0.00e+00
 2.79309e+14	3.39e-17	3.92e-12	5.33e-08	7.67e-05	8.68e-03	9.91e-01	0.00e+00	0.00e+00
 2.89747e+14	4.60e-17	5.08e-12	6.59e-08	8.88e-05	9.43e-03	9.90e-01	0.00e+00	0.00e+00
 2.99485e+14	6.06e-17	6.42e-12	7.98e-08	1.01e-04	1.02e-02	9.90e-01	0.00e+00	0.00e+00
 3.10377e+14	8.16e-17	8.26e-12	9.83e-08	1.17e-04	1.10e-02	9.89e-01	0.00e+00	0.00e+00
 3.22822e+14	1.13e-16	1.09e-11	1.24e-07	1.37e-04	1.20e-02	9.88e-01	0.00e+00	0.00e+00
 3.35126e+14	1.84e-16	1.42e-11	1.54e-07	1.59e-04	1.31e-02	9.87e-01	0.00e+00	0.00e+00
 3.47922e+14	2.54e-16	1.86e-11	1.91e-07	1.85e-04	1.43e-02	9.86e-01	0.00e+00	0.00e+00
 3.59542e+14	3.37e-16	2.35e-11	2.32e-07	2.11e-04	1.54e-02	9.84e-01	0.00e+00	0.00e+00
 3.68242e+14	4.14e-16	2.79e-11	2.67e-07	2.32e-04	1.62e-02	9.84e-01	0.00e+00	0.00e+00
 3.77249e+14	5.09e-16	3.31e-11	3.08e-07	2.56e-04	1.71e-02	9.83e-01	0.00e+00	0.00e+00
 3.88958e+14	6.62e-16	4.12e-11	3.69e-07	2.89e-04	1.84e-02	9.81e-01	0.00e+00	0.00e+00
 4.01684e+14	8.75e-16	5.20e-11	4.46e-07	3.29e-04	1.97e-02	9.80e-01	0.00e+00	0.00e+00
 4.13207e+14	1.12e-15	6.38e-11	5.28e-07	3.68e-04	2.10e-02	9.79e-01	0.00e+00	0.00e+00
 4.25658e+14	1.45e-15	7.91e-11	6.29e-07	4.15e-04	2.25e-02	9.77e-01	0.00e+00	0.00e+00
 4.41365e+14	1.99e-15	1.03e-10	7.81e-07	4.80e-04	2.44e-02	9.75e-01	0.00e+00	0.00e+00
 4.57180e+14	2.71e-15	1.33e-10	9.63e-07	5.52e-04	2.64e-02	9.73e-01	0.00e+00	0.00e+00
 4.70559e+14	3.49e-15	1.65e-10	1.14e-06	6.20e-04	2.81e-02	9.71e-01	0.00e+00	0.00e+00
 4.84892e+14	4.54e-15	2.05e-10	1.37e-06	6.99e-04	3.01e-02	9.69e-01	0.00e+00	0.00e+00
 5.02869e+14	6.17e-15	2.68e-10	1.70e-06	8.09e-04	3.26e-02	9.67e-01	0.00e+00	0.00e+00
 5.21712e+14	8.55e-15	3.52e-10	2.13e-06	9.37e-04	3.54e-02	9.64e-01	0.00e+00	0.00e+00
 5.38783e+14	1.14e-14	4.48e-10	2.58e-06	1.07e-03	3.80e-02	9.61e-01	0.00e+00	0.00e+00
 5.57418e+14	1.54e-14	5.77e-10	3.17e-06	1.22e-03	4.10e-02	9.58e-01	0.00e+00	0.00e+00
 5.79326e+14	2.18e-14	7.71e-10	4.00e-06	1.43e-03	4.46e-02	9.54e-01	0.00e+00	0.00e+00
 6.00749e+14	3.03e-14	1.01e-09	4.99e-06	1.65e-03	4.83e-02	9.50e-01	0.00e+00	0.00e+00
 6.20393e+14	4.05e-14	1.29e-09	6.06e-06	1.87e-03	5.18e-02	9.46e-01	0.00e+00	0.00e+00
 6.42464e+14	5.56e-14	1.68e-09	7.49e-06	2.16e-03	5.59e-02	9.42e-01	0.00e+00	0.00e+00
 6.68052e+14	7.96e-14	2.27e-09	9.51e-06	2.52e-03	6.08e-02	9.37e-01	0.00e+00	0.00e+00
 6.93113e+14	1.11e-13	3.00e-09	1.19e-05	2.92e-03	6.58e-02	9.31e-01	0.00e+00	0.00e+00
 7.16962e+14	1.52e-13	3.89e-09	1.46e-05	3.35e-03	7.07e-02	9.26e-01	0.00e+00	0.00e+00
 7.37934e+14	1.98e-13	4.85e-09	1.74e-05	3.76e-03	7.53e-02	9.21e-01	0.00e+00	0.00e+00
 7.55284e+14	2.45e-13	5.80e-09	2.01e-05	4.12e-03	7.91e-02	9.17e-01	0.00e+00	0.00e+00
 7.74328e+14	3.09e-13	7.03e-09	2.34e-05	4.55e-03	8.34e-02	9.12e-01	0.00e+00	0.00e+00
 7.99085e+14	4.13e-13	8.95e-09	2.83e-05	5.16e-03	8.91e-02	9.06e-01	0.00e+00	0.00e+00
 8.25223e+14	5.57e-13	1.15e-08	3.44e-05	5.86e-03	9.53e-02	8.99e-01	0.00e+00	0.00e+00
 8.47709e+14	7.16e-13	1.42e-08	4.06e-05	6.53e-03	1.01e-01	8.93e-01	0.00e+00	0.00e+00
 8.71492e+14	9.28e-13	1.75e-08	4.80e-05	7.28e-03	1.07e-01	8.86e-01	0.00e+00	0.00e+00
 9.02411e+14	1.29e-12	2.30e-08	5.94e-05	8.37e-03	1.15e-01	8.77e-01	0.00e+00	0.00e+00
 9.34240e+14	1.77e-12	3.01e-08	7.33e-05	9.59e-03	1.23e-01	8.67e-01	0.00e+00	0.00e+00
 9.60729e+14	2.30e-12	3.74e-08	8.70e-05	1.07e-02	1.30e-01	8.59e-01	0.00e+00	0.00e+00
 9.88642e+14	3.01e-12	4.68e-08	1.03e-04	1.20e-02	1.38e-01	8.50e-01	0.00e+00	0.00e+00
 1.02452e+15	4.20e-12	6.17e-08	1.28e-04	1.38e-02	1.48e-01	8.38e-01	0.00e+00	0.00e+00
 1.06226e+15	5.88e-12	8.18e-08	1.60e-04	1.59e-02	1.59e-01	8.25e-01	0.00e+00	0.00e+00
 1.09520e+15	7.83e-12	1.04e-07	1.92e-04	1.79e-02	1.68e-01	8.14e-01	0.00e+00	0.00e+00
 1.13040e+15	1.05e-11	1.33e-07	2.33e-04	2.02e-02	1.79e-01	8.01e-01	0.00e+00	0.00e+00
 1.17332e+15	1.49e-11	1.77e-07	2.91e-04	2.33e-02	1.92e-01	7.85e-01	0.00e+00	0.00e+00
 1.21612e+15	2.08e-11	2.34e-07	3.61e-04	2.67e-02	2.05e-01	7.68e-01	0.00e+00	0.00e+00
 1.25379e+15	2.75e-11	2.96e-07	4.32e-04	3.00e-02	2.16e-01	7.53e-01	0.00e+00	0.00e+00
 1.29492e+15	3.71e-11	3.80e-07	5.24e-04	3.38e-02	2.29e-01	7.37e-01	0.00e+00	0.00e+00
 1.34454e+15	5.24e-11	5.07e-07	6.54e-04	3.89e-02	2.44e-01	7.16e-01	0.00e+00	0.00e+00
 1.39212e+15	7.19e-11	6.60e-07	8.01e-04	4.41e-02	2.59e-01	6.96e-01	0.00e+00	0.00e+00
 1.43213e+15	9.29e-11	8.18e-07	9.46e-04	4.89e-02	2.71e-01	6.79e-01	0.00e+00	0.00e+00
 1.46805e+15	1.16e-10	9.86e-07	1.09e-03	5.35e-02	2.82e-01	6.64e-01	0.00e+00	0.00e+00
 1.50737e+15	1.48e-10	1.21e-06	1.27e-03	5.88e-02	2.93e-01	6.47e-01	0.00e+00	0.00e+00
 1.55135e+15	1.92e-10	1.50e-06	1.50e-03	6.50e-02	3.06e-01	6.27e-01	0.00e+00	0.00e+00
 1.59274e+15	2.44e-10	1.83e-06	1.74e-03	7.12e-02	3.18e-01	6.09e-01	0.00e+00	0.00e+00
 1.63792e+15	3.14e-10	2.26e-06	2.04e-03	7.84e-02	3.30e-01	5.89e-01	0.00e+00	0.00e+00
 1.68767e+15	4.11e-10	2.82e-06	2.41e-03	8.68e-02	3.44e-01	5.67e-01	0.00e+00	0.00e+00
 1.73372e+15	5.22e-10	3.44e-06	2.80e-03	9.48e-02	3.55e-01	5.47e-01	0.00e+00	0.00e+00
 1.78394e+15	6.76e-10	4.26e-06	3.29e-03	1.04e-01	3.68e-01	5.25e-01	0.00e+00	0.00e+00
 1.83976e+15	8.87e-10	5.33e-06	3.88e-03	1.15e-01	3.80e-01	5.01e-01	0.00e+00	0.00e+00
 1.89251e+15	1.14e-09	6.54e-06	4.52e-03	1.25e-01	3.91e-01	4.78e-01	0.00e+00	0.00e+00
 1.95072e+15	1.49e-09	8.16e-06	5.32e-03	1.38e-01	4.03e-01	4.54e-01	0.00e+00	0.00e+00
 2.01458e+15	1.97e-09	1.03e-05	6.30e-03	1.52e-01	4.14e-01	4.28e-01	0.00e+00	0.00e+00
 2.07258e+15	2.51e-09	1.25e-05	7.30e-03	1.65e-01	4.23e-01	4.05e-01	0.00e+00	0.00e+00
 2.13481e+15	3.25e-09	1.55e-05	8.51e-03	1.79e-01	4.32e-01	3.81e-01	0.00e+00	0.00e+00
 2.20392e+15	4.26e-09	1.93e-05	9.99e-03	1.95e-01	4.39e-01	3.55e-01	0.00e+00	0.00e+00
 2.26890e+15	5.43e-09	2.36e-05	1.15e-02	2.11e-01	4.45e-01	3.32e-01	0.00e+00	0.00e+00
 2.34030e+15	7.10e-09	2.92e-05	1.35e-02	2.29e-01	4.50e-01	3.08e-01	0.00e+00	0.00e+00
 2.41848e+15	9.31e-09	3.64e-05	1.58e-02	2.48e-01	4.53e-01	2.83e-01	0.00e+00	0.00e+00
 2.49028e+15	1.18e-08	4.42e-05	1.81e-02	2.66e-01	4.55e-01	2.62e-01	0.00e+00	0.00e+00
 2.55520e+15	1.46e-08	5.23e-05	2.04e-02	2.82e-01	4.55e-01	2.43e-01	0.00e+00	0.00e+00
 2.61462e+15	1.76e-08	6.08e-05	2.27e-02	2.96e-01	4.54e-01	2.27e-01	0.00e+00	0.00e+00
 2.68009e+15	2.16e-08	7.16e-05	2.54e-02	3.13e-01	4.52e-01	2.10e-01	0.00e+00	0.00e+00
 2.75150e+15	2.67e-08	8.47e-05	2.86e-02	3.30e-01	4.48e-01	1.93e-01	0.00e+00	0.00e+00
 2.81930e+15	3.24e-08	9.89e-05	3.19e-02	3.46e-01	4.44e-01	1.78e-01	0.00e+00	0.00e+00
 2.88499e+15	3.89e-08	1.14e-04	3.53e-02	3.62e-01	4.38e-01	1.64e-01	0.00e+00	0.00e+00
 2.95923e+15	4.81e-08	1.35e-04	3.95e-02	3.79e-01	4.32e-01	1.50e-01	0.00e+00	0.00e+00
 3.04197e+15	5.98e-08	1.60e-04	4.44e-02	3.98e-01	4.23e-01	1.35e-01	0.00e+00	0.00e+00
 3.11997e+15	7.28e-08	1.87e-04	4.94e-02	4.15e-01	4.13e-01	1.22e-01	0.00e+00	0.00e+00
 3.19174e+15	8.70e-08	2.15e-04	5.43e-02	4.30e-01	4.04e-01	1.11e-01	0.00e+00	0.00e+00
 3.27117e+15	1.07e-07	2.51e-04	6.03e-02	4.46e-01	3.93e-01	1.00e-01	0.00e+00	0.00e+00
 3.36039e+15	1.32e-07	2.96e-04	6.74e-02	4.63e-01	3.80e-01	8.88e-02	0.00e+00	0.00e+00
 3.44485e+15	1.60e-07	3.44e-04	7.45e-02	4.79e-01	3.67e-01	7.93e-02	0.00e+00	0.00e+00
 3.52510e+15	1.92e-07	3.95e-04	8.18e-02	4.92e-01	3.55e-01	7.10e-02	0.00e+00	0.00e+00
 3.61735e+15	2.39e-07	4.67e-04	9.12e-02	5.07e-01	3.39e-01	6.21e-02	0.00e+00	0.00e+00
 3.71576e+15	2.94e-07	5.47e-04	1.01e-01	5.21e-01	3.23e-01	5.41e-02	0.00e+00	0.00e+00
 3.80342e+15	3.55e-07	6.31e-04	1.11e-01	5.33e-01	3.08e-01	4.76e-02	0.00e+00	0.00e+00
 3.88526e+15	4.23e-07	7.20e-04	1.21e-01	5.42e-01	2.93e-01	4.21e-02	0.00e+00	0.00e+00
 3.97832e+15	5.21e-07	8.43e-04	1.34e-01	5.52e-01	2.77e-01	3.63e-02	0.00e+00	0.00e+00
 4.07364e+15	6.28e-07	9.71e-04	1.47e-01	5.60e-01	2.60e-01	3.14e-02	0.00e+00	0.00e+00
 4.15466e+15	7.42e-07	1.10e-03	1.59e-01	5.66e-01	2.46e-01	2.75e-02	0.00e+00	0.00e+00
 4.24278e+15	9.01e-07	1.27e-03	1.74e-01	5.70e-01	2.31e-01	2.37e-02	0.00e+00	0.00e+00
 4.33586e+15	1.09e-06	1.47e-03	1.90e-01	5.73e-01	2.15e-01	2.02e-02	0.00e+00	0.00e+00
 4.40791e+15	1.26e-06	1.64e-03	2.04e-01	5.75e-01	2.02e-01	1.78e-02	0.00e+00	0.00e+00
 4.46211e+15	1.40e-06	1.78e-03	2.14e-01	5.75e-01	1.93e-01	1.61e-02	0.00e+00	0.00e+00
 4.52062e+15	1.56e-06	1.93e-03	2.26e-01	5.74e-01	1.83e-01	1.45e-02	0.00e+00	0.00e+00
 4.59667e+15	1.91e-06	2.23e-03	2.44e-01	5.71e-01	1.70e-01	1.23e-02	0.00e+00	0.00e+00
 4.66792e+15	2.18e-06	2.47e-03	2.60e-01	5.68e-01	1.59e-01	1.08e-02	0.00e+00	0.00e+00
 4.72205e+15	2.46e-06	2.70e-03	2.74e-01	5.64e-01	1.50e-01	9.62e-03	0.00e+00	0.00e+00
 4.78154e+15	2.82e-06	2.99e-03	2.89e-01	5.59e-01	1.40e-01	8.41e-03	0.00e+00	0.00e+00
 4.84584e+15	3.18e-06	3.28e-03	3.06e-01	5.53e-01	1.30e-01	7.33e-03	0.00e+00	0.00e+00
 4.90708e+15	3.66e-06	3.64e-03	3.24e-01	5.45e-01	1.21e-01	6.34e-03	0.00e+00	0.00e+00
 4.96481e+15	4.30e-06	4.08e-03	3.42e-01	5.37e-01	1.11e-01	5.45e-03	0.00e+00	0.00e+00
 5.01415e+15	4.85e-06	4.46e-03	3.58e-01	5.28e-01	1.04e-01	4.80e-03	0.00e+00	0.00e+00
 5.06515e+15	5.35e-06	4.81e-03	3.74e-01	5.20e-01	9.67e-02	4.21e-03	0.00e+00	0.00e+00
 5.13143e+15	6.59e-06	5.59e-03	3.99e-01	5.05e-01	8.66e-02	3.42e-03	0.00e+00	0.00e+00
 5.19183e+15	7.34e-06	6.06e-03	4.19e-01	4.93e-01	7.89e-02	2.91e-03	0.00e+00	0.00e+00
 5.24458e+15	8.76e-06	6.87e-03	4.40e-01	4.79e-01	7.13e-02	2.42e-03	0.00e+00	0.00e+00
 5.29675e+15	9.76e-06	7.46e-03	4.59e-01	4.66e-01	6.49e-02	2.06e-03	0.00e+00	0.00e+00
 5.34818e+15	1.13e-05	8.29e-03	4.80e-01	4.51e-01	5.83e-02	1.71e-03	0.00e+00	0.00e+00
 5.40241e+15	1.32e-05	9.26e-03	5.02e-01	4.35e-01	5.18e-02	1.39e-03	0.00e+00	0.00e+00
 5.44830e+15	1.56e-05	1.04e-02	5.23e-01	4.19e-01	4.63e-02	1.14e-03	0.00e+00	0.00e+00
 5.48601e+15	1.74e-05	1.13e-02	5.39e-01	4.07e-01	4.23e-02	9.76e-04	0.00e+00	0.00e+00
 5.52507e+15	1.93e-05	1.21e-02	5.55e-01	3.94e-01	3.83e-02	8.27e-04	0.00e+00	0.00e+00
 5.57584e+15	2.34e-05	1.39e-02	5.78e-01	3.75e-01	3.30e-02	6.39e-04	0.00e+00	0.00e+00
 5.62474e+15	2.66e-05	1.52e-02	5.97e-01	3.58e-01	2.88e-02	5.11e-04	0.00e+00	0.00e+00
 5.67120e+15	3.13e-05	1.71e-02	6.17e-01	3.41e-01	2.48e-02	3.96e-04	0.00e+00	0.00e+00
 5.71198e+15	3.70e-05	1.91e-02	6.35e-01	3.24e-01	2.16e-02	3.12e-04	0.00e+00	0.00e+00
 5.73462e+15	3.98e-05	2.02e-02	6.43e-01	3.16e-01	2.01e-02	2.75e-04	0.00e+00	0.00e+00
 5.75330e+15	4.26e-05	2.11e-02	6.51e-01	3.09e-01	1.87e-02	2.45e-04	0.00e+00	0.00e+00
 5.77757e+15	4.59e-05	2.23e-02	6.60e-01	3.00e-01	1.72e-02	2.13e-04	0.00e+00	0.00e+00
 5.80912e+15	5.26e-05	2.44e-02	6.73e-01	2.87e-01	1.51e-02	1.71e-04	0.00e+00	0.00e+00
 5.84022e+15	5.79e-05	2.61e-02	6.84e-01	2.76e-01	1.35e-02	1.42e-04	0.00e+00	0.00e+00
 5.87074e+15	6.62e-05	2.86e-02	6.95e-01	2.64e-01	1.18e-02	1.13e-04	0.00e+00	0.00e+00
 5.90137e+15	7.41e-05	3.09e-02	7.06e-01	2.53e-01	1.04e-02	9.15e-05	0.00e+00	0.00e+00
 5.92733e+15	8.18e-05	3.31e-02	7.14e-01	2.44e-01	9.32e-03	7.58e-05	0.00e+00	0.00e+00
 5.95622e+15	9.16e-05	3.58e-02	7.23e-01	2.33e-01	8.17e-03	6.09e-05	0.00e+00	0.00e+00
 5.98808e+15	1.04e-04	3.89e-02	7.32e-01	2.22e-01	7.07e-03	4.78e-05	0.00e+00	0.00e+00
 6.01717e+15	1.16e-04	4.20e-02	7.40e-01	2.12e-01	6.17e-03	3.80e-05	0.00e+00	0.00e+00
 6.04376e+15	1.29e-04	4.51e-02	7.46e-01	2.03e-01	5.43e-03	3.07e-05	0.00e+00	0.00e+00
 6.07375e+15	1.46e-04	4.89e-02	7.53e-01	1.93e-01	4.67e-03	2.39e-05	0.00e+00	0.00e+00
 6.10629e+15	1.66e-04	5.32e-02	7.60e-01	1.82e-01	3.97e-03	1.82e-05	0.00e+00	0.00e+00
 6.13543e+15	1.86e-04	5.75e-02	7.65e-01	1.73e-01	3.42e-03	1.43e-05	0.00e+00	0.00e+00
 6.16243e+15	2.07e-04	6.18e-02	7.70e-01	1.65e-01	2.97e-03	1.13e-05	0.00e+00	0.00e+00
 6.19338e+15	2.35e-04	6.72e-02	7.74e-01	1.56e-01	2.51e-03	8.54e-06	0.00e+00	0.00e+00
 6.22701e+15	2.69e-04	7.34e-02	7.78e-01	1.46e-01	2.10e-03	6.33e-06	0.00e+00	0.00e+00
 6.25697e+15	3.04e-04	7.95e-02	7.80e-01	1.38e-01	1.78e-03	4.83e-06	0.00e+00	0.00e+00
 6.28451e+15	3.39e-04	8.55e-02	7.82e-01	1.31e-01	1.53e-03	3.75e-06	0.00e+00	0.00e+00
 6.31606e+15	3.87e-04	9.30e-02	7.83e-01	1.22e-01	1.27e-03	2.78e-06	0.00e+00	0.00e+00
 6.35059e+15	4.45e-04	1.02e-01	7.83e-01	1.14e-01	1.04e-03	2.01e-06	0.00e+00	0.00e+00
 6.38161e+15	5.07e-04	1.11e-01	7.82e-01	1.06e-01	8.69e-04	1.49e-06	0.00e+00	0.00e+00
 6.40994e+15	5.69e-04	1.19e-01	7.80e-01	9.96e-02	7.34e-04	1.14e-06	0.00e+00	0.00e+00
 6.44218e+15	6.53e-04	1.30e-01	7.76e-01	9.22e-02	6.00e-04	8.21e-07	0.00e+00	0.00e+00
 6.47757e+15	7.58e-04	1.43e-01	7.71e-01	8.45e-02	4.82e-04	0.00e+00	0.00e+00	0.00e+00
 6.50956e+15	8.71e-04	1.56e-01	7.65e-01	7.77e-02	3.94e-04	0.00e+00	0.00e+00	0.00e+00
 6.53874e+15	9.89e-04	1.69e-01	7.58e-01	7.18e-02	3.26e-04	0.00e+00	0.00e+00	0.00e+00
 6.57173e+15	1.14e-03	1.85e-01	7.48e-01	6.54e-02	2.61e-04	0.00e+00	0.00e+00	0.00e+00
 6.60815e+15	1.34e-03	2.04e-01	7.36e-01	5.87e-02	2.04e-04	0.00e+00	0.00e+00	0.00e+00
 6.64174e+15	1.56e-03	2.24e-01	7.22e-01	5.26e-02	1.61e-04	0.00e+00	0.00e+00	0.00e+00
 6.67234e+15	1.80e-03	2.44e-01	7.07e-01	4.74e-02	1.28e-04	0.00e+00	0.00e+00	0.00e+00
 6.70638e+15	2.11e-03	2.67e-01	6.88e-01	4.20e-02	9.92e-05	0.00e+00	0.00e+00	0.00e+00
 6.75063e+15	2.60e-03	3.02e-01	6.60e-01	3.54e-02	6.98e-05	0.00e+00	0.00e+00	0.00e+00
 6.79497e+15	3.23e-03	3.42e-01	6.26e-01	2.92e-02	4.82e-05	0.00e+00	0.00e+00	0.00e+00
 6.82891e+15	3.82e-03	3.76e-01	5.95e-01	2.48e-02	3.55e-05	0.00e+00	0.00e+00	0.00e+00
 6.85781e+15	4.43e-03	4.07e-01	5.67e-01	2.13e-02	2.71e-05	0.00e+00	0.00e+00	0.00e+00
 6.89066e+15	5.23e-03	4.45e-01	5.32e-01	1.78e-02	1.96e-05	0.00e+00	0.00e+00	0.00e+00
 6.93338e+15	6.51e-03	4.97e-01	4.83e-01	1.37e-02	1.24e-05	0.00e+00	0.00e+00	0.00e+00
 6.97506e+15	8.13e-03	5.54e-01	4.28e-01	1.02e-02	7.62e-06	0.00e+00	0.00e+00	0.00e+00
 7.00509e+15	9.60e-03	5.96e-01	3.86e-01	8.01e-03	5.21e-06	0.00e+00	0.00e+00	0.00e+00
 7.03004e+15	1.10e-02	6.32e-01	3.51e-01	6.44e-03	3.70e-06	0.00e+00	0.00e+00	0.00e+00
 7.05451e+15	1.26e-02	6.67e-01	3.15e-01	5.11e-03	2.59e-06	0.00e+00	0.00e+00	0.00e+00
 7.07776e+15	1.43e-02	7.01e-01	2.81e-01	4.02e-03	1.81e-06	0.00e+00	0.00e+00	0.00e+00
 7.09953e+15	1.62e-02	7.31e-01	2.50e-01	3.16e-03	1.26e-06	0.00e+00	0.00e+00	0.00e+00
 7.12035e+15	1.82e-02	7.58e-01	2.21e-01	2.47e-03	8.82e-07	0.00e+00	0.00e+00	0.00e+00
 7.14078e+15	2.05e-02	7.84e-01	1.93e-01	1.90e-03	0.00e+00	0.00e+00	0.00e+00	0.00e+00
 7.16045e+15	2.31e-02	8.08e-01	1.67e-01	1.44e-03	0.00e+00	0.00e+00	0.00e+00	0.00e+00
 7.17882e+15	2.58e-02	8.28e-01	1.45e-01	1.10e-03	0.00e+00	0.00e+00	0.00e+00	0.00e+00
 7.19621e+15	2.86e-02	8.46e-01	1.25e-01	8.31e-04	0.00e+00	0.00e+00	0.00e+00	0.00e+00
 7.21326e+15	3.17e-02	8.60e-01	1.07e-01	6.27e-04	0.00e+00	0.00e+00	0.00e+00	0.00e+00
 7.23281e+15	3.58e-02	8.75e-01	8.90e-02	4.44e-04	0.00e+00	0.00e+00	0.00e+00	0.00e+00
 7.25310e+15	4.09e-02	8.87e-01	7.17e-02	3.01e-04	0.00e+00	0.00e+00	0.00e+00	0.00e+00
 7.26934e+15	4.56e-02	8.95e-01	5.93e-02	2.14e-04	0.00e+00	0.00e+00	0.00e+00	0.00e+00
 7.28269e+15	5.00e-02	8.99e-01	5.05e-02	1.61e-04	0.00e+00	0.00e+00	0.00e+00	0.00e+00
 7.29730e+15	5.52e-02	9.03e-01	4.20e-02	1.15e-04	0.00e+00	0.00e+00	0.00e+00	0.00e+00
 7.31630e+15	6.31e-02	9.04e-01	3.27e-02	7.39e-05	0.00e+00	0.00e+00	0.00e+00	0.00e+00
 7.33517e+15	7.25e-02	9.03e-01	2.48e-02	4.58e-05	0.00e+00	0.00e+00	0.00e+00	0.00e+00
 7.34921e+15	8.08e-02	8.99e-01	1.99e-02	3.13e-05	0.00e+00	0.00e+00	0.00e+00	0.00e+00
 7.36089e+15	8.83e-02	8.95e-01	1.65e-02	2.25e-05	0.00e+00	0.00e+00	0.00e+00	0.00e+00
 7.37417e+15	9.78e-02	8.89e-01	1.32e-02	1.53e-05	0.00e+00	0.00e+00	0.00e+00	0.00e+00
 7.38775e+15	1.09e-01	8.81e-01	1.05e-02	1.02e-05	0.00e+00	0.00e+00	0.00e+00	0.00e+00
 7.39873e+15	1.19e-01	8.73e-01	8.57e-03	7.24e-06	0.00e+00	0.00e+00	0.00e+00	0.00e+00
 7.40851e+15	1.28e-01	8.65e-01	7.13e-03	5.27e-06	0.00e+00	0.00e+00	0.00e+00	0.00e+00
 7.41883e+15	1.39e-01	8.55e-01	5.85e-03	3.75e-06	0.00e+00	0.00e+00	0.00e+00	0.00e+00
 7.42954e+15	1.51e-01	8.44e-01	4.74e-03	2.61e-06	0.00e+00	0.00e+00	0.00e+00	0.00e+00
 7.43912e+15	1.63e-01	8.33e-01	3.90e-03	1.87e-06	0.00e+00	0.00e+00	0.00e+00	0.00e+00
 7.44742e+15	1.74e-01	8.23e-01	3.29e-03	1.39e-06	0.00e+00	0.00e+00	0.00e+00	0.00e+00
 7.45386e+15	1.82e-01	8.15e-01	2.87e-03	1.11e-06	0.00e+00	0.00e+00	0.00e+00	0.00e+00
 7.45821e+15	1.88e-01	8.09e-01	2.62e-03	9.49e-07	0.00e+00	0.00e+00	0.00e+00	0.00e+00
 7.46223e+15	1.94e-01	8.04e-01	2.40e-03	0.00e+00	0.00e+00	0.00e+00	0.00e+00	0.00e+00
 7.46691e+15	2.01e-01	7.97e-01	2.17e-03	0.00e+00	0.00e+00	0.00e+00	0.00e+00	0.00e+00
 7.47204e+15	2.09e-01	7.89e-01	1.94e-03	0.00e+00	0.00e+00	0.00e+00	0.00e+00	0.00e+00
 7.47702e+15	2.16e-01	7.82e-01	1.74e-03	0.00e+00	0.00e+00	0.00e+00	0.00e+00	0.00e+00
 7.48170e+15	2.23e-01	7.75e-01	1.57e-03	0.00e+00	0.00e+00	0.00e+00	0.00e+00	0.00e+00
 7.48634e+15	2.31e-01	7.68e-01	1.41e-03	0.00e+00	0.00e+00	0.00e+00	0.00e+00	0.00e+00
 7.49102e+15	2.39e-01	7.60e-01	1.27e-03	0.00e+00	0.00e+00	0.00e+00	0.00e+00	0.00e+00
 7.49572e+15	2.46e-01	7.53e-01	1.14e-03	0.00e+00	0.00e+00	0.00e+00	0.00e+00	0.00e+00
 7.50038e+15	2.54e-01	7.45e-01	1.03e-03	0.00e+00	0.00e+00	0.00e+00	0.00e+00	0.00e+00
 7.50498e+15	2.62e-01	7.37e-01	9.22e-04	0.00e+00	0.00e+00	0.00e+00	0.00e+00	0.00e+00
 7.50960e+15	2.70e-01	7.29e-01	8.28e-04	0.00e+00	0.00e+00	0.00e+00	0.00e+00	0.00e+00
 7.51425e+15	2.78e-01	7.21e-01	7.43e-04	0.00e+00	0.00e+00	0.00e+00	0.00e+00	0.00e+00
 7.51886e+15	2.86e-01	7.13e-01	6.67e-04	0.00e+00	0.00e+00	0.00e+00	0.00e+00	0.00e+00
 7.52347e+15	2.95e-01	7.05e-01	5.98e-04	0.00e+00	0.00e+00	0.00e+00	0.00e+00	0.00e+00
 7.52815e+15	3.03e-01	6.96e-01	5.35e-04	0.00e+00	0.00e+00	0.00e+00	0.00e+00	0.00e+00
 7.53272e+15	3.12e-01	6.88e-01	4.80e-04	0.00e+00	0.00e+00	0.00e+00	0.00e+00	0.00e+00
 7.53726e+15	3.20e-01	6.80e-01	4.31e-04	0.00e+00	0.00e+00	0.00e+00	0.00e+00	0.00e+00
 7.54192e+15	3.29e-01	6.71e-01	3.86e-04	0.00e+00	0.00e+00	0.00e+00	0.00e+00	0.00e+00
 7.54660e+15	3.38e-01	6.62e-01	3.45e-04	0.00e+00	0.00e+00	0.00e+00	0.00e+00	0.00e+00
 7.55127e+15	3.47e-01	6.52e-01	3.08e-04	0.00e+00	0.00e+00	0.00e+00	0.00e+00	0.00e+00
 7.55602e+15	3.56e-01	6.43e-01	2.75e-04	0.00e+00	0.00e+00	0.00e+00	0.00e+00	0.00e+00
 7.56075e+15	3.66e-01	6.34e-01	2.46e-04	0.00e+00	0.00e+00	0.00e+00	0.00e+00	0.00e+00
 7.56550e+15	3.75e-01	6.25e-01	2.20e-04	0.00e+00	0.00e+00	0.00e+00	0.00e+00	0.00e+00
 7.57036e+15	3.85e-01	6.15e-01	1.96e-04	0.00e+00	0.00e+00	0.00e+00	0.00e+00	0.00e+00
 7.57526e+15	3.95e-01	6.05e-01	1.75e-04	0.00e+00	0.00e+00	0.00e+00	0.00e+00	0.00e+00
 7.58016e+15	4.05e-01	5.95e-01	1.56e-04	0.00e+00	0.00e+00	0.00e+00	0.00e+00	0.00e+00
 7.58505e+15	4.15e-01	5.85e-01	1.40e-04	0.00e+00	0.00e+00	0.00e+00	0.00e+00	0.00e+00
 7.58994e+15	4.26e-01	5.74e-01	1.25e-04	0.00e+00	0.00e+00	0.00e+00	0.00e+00	0.00e+00
 7.59489e+15	4.36e-01	5.64e-01	1.12e-04	0.00e+00	0.00e+00	0.00e+00	0.00e+00	0.00e+00
 7.59991e+15	4.47e-01	5.53e-01	1.00e-04	0.00e+00	0.00e+00	0.00e+00	0.00e+00	0.00e+00
 7.60501e+15	4.58e-01	5.42e-01	8.96e-05	0.00e+00	0.00e+00	0.00e+00	0.00e+00	0.00e+00
 7.61020e+15	4.70e-01	5.30e-01	8.03e-05	0.00e+00	0.00e+00	0.00e+00	0.00e+00	0.00e+00
 7.61552e+15	4.81e-01	5.19e-01	7.19e-05	0.00e+00	0.00e+00	0.00e+00	0.00e+00	0.00e+00
 7.62100e+15	4.94e-01	5.06e-01	6.44e-05	0.00e+00	0.00e+00	0.00e+00	0.00e+00	0.00e+00
 7.62667e+15	5.06e-01	4.94e-01	5.77e-05	0.00e+00	0.00e+00	0.00e+00	0.00e+00	0.00e+00
 7.63256e+15	5.20e-01	4.80e-01	5.16e-05	0.00e+00	0.00e+00	0.00e+00	0.00e+00	0.00e+00
 7.63868e+15	5.34e-01	4.66e-01	4.63e-05	0.00e+00	0.00e+00	0.00e+00	0.00e+00	0.00e+00
 7.64512e+15	5.48e-01	4.52e-01	4.14e-05	0.00e+00	0.00e+00	0.00e+00	0.00e+00	0.00e+00
 7.65202e+15	5.62e-01	4.38e-01	3.71e-05	0.00e+00	0.00e+00	0.00e+00	0.00e+00	0.00e+00
 7.65947e+15	5.76e-01	4.24e-01	3.32e-05	0.00e+00	0.00e+00	0.00e+00	0.00e+00	0.00e+00
 7.66763e+15	5.92e-01	4.08e-01	2.96e-05	0.00e+00	0.00e+00	0.00e+00	0.00e+00	0.00e+00
 7.67663e+15	6.08e-01	3.92e-01	2.64e-05	0.00e+00	0.00e+00	0.00e+00	0.00e+00	0.00e+00
 7.68654e+15	6.25e-01	3.75e-01	2.36e-05	0.00e+00	0.00e+00	0.00e+00	0.00e+00	0.00e+00
 7.69769e+15	6.41e-01	3.59e-01	2.11e-05	0.00e+00	0.00e+00	0.00e+00	0.00e+00	0.00e+00
 7.70947e+15	6.58e-01	3.42e-01	1.89e-05	0.00e+00	0.00e+00	0.00e+00	0.00e+00	0.00e+00
 7.72115e+15	6.73e-01	3.27e-01	1.71e-05	0.00e+00	0.00e+00	0.00e+00	0.00e+00	0.00e+00
 7.73276e+15	6.87e-01	3.13e-01	1.57e-05	0.00e+00	0.00e+00	0.00e+00	0.00e+00	0.00e+00
 7.74599e+15	6.99e-01	3.01e-01	1.44e-05	0.00e+00	0.00e+00	0.00e+00	0.00e+00	0.00e+00
 7.76167e+15	7.14e-01	2.86e-01	1.30e-05	0.00e+00	0.00e+00	0.00e+00	0.00e+00	0.00e+00
 7.77853e+15	7.28e-01	2.72e-01	1.18e-05	0.00e+00	0.00e+00	0.00e+00	0.00e+00	0.00e+00
 7.79615e+15	7.42e-01	2.58e-01	1.07e-05	0.00e+00	0.00e+00	0.00e+00	0.00e+00	0.00e+00
 7.81441e+15	7.56e-01	2.44e-01	9.69e-06	0.00e+00	0.00e+00	0.00e+00	0.00e+00	0.00e+00
 7.83312e+15	7.69e-01	2.31e-01	8.77e-06	0.00e+00	0.00e+00	0.00e+00	0.00e+00	0.00e+00
 7.85201e+15	7.82e-01	2.18e-01	7.93e-06	0.00e+00	0.00e+00	0.00e+00	0.00e+00	0.00e+00
 7.87083e+15	7.94e-01	2.06e-01	7.18e-06	0.00e+00	0.00e+00	0.00e+00	0.00e+00	0.00e+00
 7.88945e+15	8.06e-01	1.94e-01	6.49e-06	0.00e+00	0.00e+00	0.00e+00	0.00e+00	0.00e+00
 7.90779e+15	8.17e-01	1.83e-01	5.88e-06	0.00e+00	0.00e+00	0.00e+00	0.00e+00	0.00e+00
 7.92582e+15	8.28e-01	1.72e-01	5.33e-06	0.00e+00	0.00e+00	0.00e+00	0.00e+00	0.00e+00
 7.94354e+15	8.38e-01	1.62e-01	4.83e-06	0.00e+00	0.00e+00	0.00e+00	0.00e+00	0.00e+00
 7.96092e+15	8.48e-01	1.52e-01	4.38e-06	0.00e+00	0.00e+00	0.00e+00	0.00e+00	0.00e+00
 7.97797e+15	8.57e-01	1.43e-01	3.98e-06	0.00e+00	0.00e+00	0.00e+00	0.00e+00	0.00e+00
 7.99470e+15	8.66e-01	1.34e-01	3.61e-06	0.00e+00	0.00e+00	0.00e+00	0.00e+00	0.00e+00
 8.01111e+15	8.74e-01	1.26e-01	3.27e-06	0.00e+00	0.00e+00	0.00e+00	0.00e+00	0.00e+00
 8.02759e+15	8.81e-01	1.19e-01	2.98e-06	0.00e+00	0.00e+00	0.00e+00	0.00e+00	0.00e+00
 8.04360e+15	8.89e-01	1.11e-01	2.70e-06	0.00e+00	0.00e+00	0.00e+00	0.00e+00	0.00e+00
 8.05904e+15	8.96e-01	1.04e-01	2.46e-06	0.00e+00	0.00e+00	0.00e+00	0.00e+00	0.00e+00
 8.07453e+15	9.02e-01	9.77e-02	2.24e-06	0.00e+00	0.00e+00	0.00e+00	0.00e+00	0.00e+00
 8.08972e+15	9.08e-01	9.16e-02	2.04e-06	0.00e+00	0.00e+00	0.00e+00	0.00e+00	0.00e+00
 8.10449e+15	9.14e-01	8.61e-02	1.86e-06	0.00e+00	0.00e+00	0.00e+00	0.00e+00	0.00e+00
 8.11893e+15	9.19e-01	8.09e-02	1.70e-06	0.00e+00	0.00e+00	0.00e+00	0.00e+00	0.00e+00
 8.13299e+15	9.24e-01	7.61e-02	1.56e-06	0.00e+00	0.00e+00	0.00e+00	0.00e+00	0.00e+00
 8.14681e+15	9.28e-01	7.16e-02	1.43e-06	0.00e+00	0.00e+00	0.00e+00	0.00e+00	0.00e+00
 8.16066e+15	9.33e-01	6.74e-02	1.31e-06	0.00e+00	0.00e+00	0.00e+00	0.00e+00	0.00e+00
 8.17448e+15	9.37e-01	6.33e-02	1.20e-06	0.00e+00	0.00e+00	0.00e+00	0.00e+00	0.00e+00
 8.18811e+15	9.40e-01	5.96e-02	1.10e-06	0.00e+00	0.00e+00	0.00e+00	0.00e+00	0.00e+00
 8.20151e+15	9.44e-01	5.61e-02	1.01e-06	0.00e+00	0.00e+00	0.00e+00	0.00e+00	0.00e+00
 8.21475e+15	9.47e-01	5.28e-02	9.32e-07	0.00e+00	0.00e+00	0.00e+00	0.00e+00	0.00e+00
 8.22787e+15	9.50e-01	4.97e-02	8.57e-07	0.00e+00	0.00e+00	0.00e+00	0.00e+00	0.00e+00
 8.24088e+15	9.53e-01	4.69e-02	7.90e-07	0.00e+00	0.00e+00	0.00e+00	0.00e+00	0.00e+00
 8.25378e+15	9.56e-01	4.42e-02	7.28e-07	0.00e+00	0.00e+00	0.00e+00	0.00e+00	0.00e+00
 8.26657e+15	9.58e-01	4.17e-02	6.71e-07	0.00e+00	0.00e+00	0.00e+00	0.00e+00	0.00e+00
 8.27929e+15	9.61e-01	3.94e-02	6.19e-07	0.00e+00	0.00e+00	0.00e+00	0.00e+00	0.00e+00
 8.29196e+15	9.63e-01	3.71e-02	5.72e-07	0.00e+00	0.00e+00	0.00e+00	0.00e+00	0.00e+00
 8.30459e+15	9.65e-01	3.51e-02	5.28e-07	0.00e+00	0.00e+00	0.00e+00	0.00e+00	0.00e+00
 8.31720e+15	9.67e-01	3.31e-02	4.89e-07	0.00e+00	0.00e+00	0.00e+00	0.00e+00	0.00e+00
 8.32981e+15	9.69e-01	3.13e-02	4.52e-07	0.00e+00	0.00e+00	0.00e+00	0.00e+00	0.00e+00
 8.34247e+15	9.70e-01	2.96e-02	4.18e-07	0.00e+00	0.00e+00	0.00e+00	0.00e+00	0.00e+00
 8.35525e+15	9.72e-01	2.80e-02	3.86e-07	0.00e+00	0.00e+00	0.00e+00	0.00e+00	0.00e+00
 8.36835e+15	9.74e-01	2.64e-02	3.57e-07	0.00e+00	0.00e+00	0.00e+00	0.00e+00	0.00e+00
 8.38182e+15	9.75e-01	2.49e-02	3.29e-07	0.00e+00	0.00e+00	0.00e+00	0.00e+00	0.00e+00
 8.39557e+15	9.77e-01	2.34e-02	3.03e-07	0.00e+00	0.00e+00	0.00e+00	0.00e+00	0.00e+00
 8.40961e+15	9.78e-01	2.21e-02	2.79e-07	0.00e+00	0.00e+00	0.00e+00	0.00e+00	0.00e+00
 8.42408e+15	9.79e-01	2.08e-02	2.56e-07	0.00e+00	0.00e+00	0.00e+00	0.00e+00	0.00e+00
 8.43916e+15	9.80e-01	1.95e-02	2.35e-07	0.00e+00	0.00e+00	0.00e+00	0.00e+00	0.00e+00
 8.45507e+15	9.82e-01	1.83e-02	2.14e-07	0.00e+00	0.00e+00	0.00e+00	0.00e+00	0.00e+00
 8.47207e+15	9.83e-01	1.71e-02	1.95e-07	0.00e+00	0.00e+00	0.00e+00	0.00e+00	0.00e+00
 8.49058e+15	9.84e-01	1.59e-02	1.76e-07	0.00e+00	0.00e+00	0.00e+00	0.00e+00	0.00e+00
 8.51128e+15	9.85e-01	1.47e-02	1.57e-07	0.00e+00	0.00e+00	0.00e+00	0.00e+00	0.00e+00
 8.53539e+15	9.87e-01	1.34e-02	1.38e-07	0.00e+00	0.00e+00	0.00e+00	0.00e+00	0.00e+00
 8.56137e+15	9.88e-01	1.23e-02	1.22e-07	0.00e+00	0.00e+00	0.00e+00	0.00e+00	0.00e+00
 8.58593e+15	9.89e-01	1.13e-02	1.08e-07	0.00e+00	0.00e+00	0.00e+00	0.00e+00	0.00e+00
 8.60828e+15	9.89e-01	1.06e-02	9.77e-08	0.00e+00	0.00e+00	0.00e+00	0.00e+00	0.00e+00
 8.62861e+15	9.90e-01	9.98e-03	8.94e-08	0.00e+00	0.00e+00	0.00e+00	0.00e+00	0.00e+00
 8.64712e+15	9.91e-01	9.48e-03	8.26e-08	0.00e+00	0.00e+00	0.00e+00	0.00e+00	0.00e+00
 8.66396e+15	9.91e-01	9.06e-03	7.70e-08	0.00e+00	0.00e+00	0.00e+00	0.00e+00	0.00e+00
 8.67928e+15	9.91e-01	8.70e-03	7.24e-08	0.00e+00	0.00e+00	0.00e+00	0.00e+00	0.00e+00
 8.69323e+15	9.92e-01	8.39e-03	6.85e-08	0.00e+00	0.00e+00	0.00e+00	0.00e+00	0.00e+00
 8.70592e+15	9.92e-01	8.14e-03	6.52e-08	0.00e+00	0.00e+00	0.00e+00	0.00e+00	0.00e+00
 8.71983e+15	9.92e-01	7.88e-03	6.18e-08	0.00e+00	0.00e+00	0.00e+00	0.00e+00	0.00e+00
 8.73791e+15	9.92e-01	7.54e-03	5.76e-08	0.00e+00	0.00e+00	0.00e+00	0.00e+00	0.00e+00
 8.75742e+15	9.93e-01	7.22e-03	5.37e-08	0.00e+00	0.00e+00	0.00e+00	0.00e+00	0.00e+00
