#depth	O	O+	O+2	O+3	O+4	O+5	O+6	O+7	O+8	O[1]	O[2]	O[3]
 1.49634e+10	0.00e+00	0.00e+00	4.94e-29	6.24e-21	1.13e-13	2.50e-07	1.00e+00	0.00e+00	0.00e+00	0.00e+00	0.00e+00	0.00e+00
 4.54887e+10	0.00e+00	7.34e-38	6.91e-29	8.07e-21	1.35e-13	2.74e-07	1.00e+00	2.87e-08	0.00e+00	0.00e+00	0.00e+00	0.00e+00
 7.72350e+10	0.00e+00	0.00e+00	9.66e-29	1.04e-20	1.61e-13	3.00e-07	1.00e+00	0.00e+00	0.00e+00	0.00e+00	0.00e+00	0.00e+00
 1.10251e+11	0.00e+00	1.67e-37	1.35e-28	1.35e-20	1.93e-13	3.30e-07	1.00e+00	0.00e+00	0.00e+00	0.00e+00	0.00e+00	0.00e+00
 1.43142e+11	0.00e+00	0.00e+00	1.86e-28	1.73e-20	2.29e-13	3.60e-07	1.00e+00	0.00e+00	0.00e+00	0.00e+00	0.00e+00	0.00e+00
 1.77348e+11	0.00e+00	3.68e-37	2.57e-28	2.22e-20	2.72e-13	3.94e-07	1.00e+00	0.00e+00	0.00e+00	0.00e+00	0.00e+00	0.00e+00
 2.14369e+11	0.00e+00	0.00e+00	3.58e-28	2.87e-20	3.26e-13	4.33e-07	1.00e+00	0.00e+00	0.00e+00	0.00e+00	0.00e+00	0.00e+00
 2.52870e+11	0.00e+00	8.35e-37	5.00e-28	3.72e-20	3.91e-13	4.76e-07	1.00e+00	0.00e+00	0.00e+00	0.00e+00	0.00e+00	0.00e+00
 2.92912e+11	0.00e+00	0.00e+00	6.98e-28	4.82e-20	4.69e-13	5.24e-07	1.00e+00	0.00e+00	0.00e+00	0.00e+00	0.00e+00	0.00e+00
 3.34555e+11	0.00e+00	1.88e-36	9.72e-28	6.24e-20	5.63e-13	5.77e-07	1.00e+00	0.00e+00	0.00e+00	0.00e+00	0.00e+00	0.00e+00
 3.72199e+11	8.83e-46	2.67e-36	1.30e-27	7.81e-20	6.61e-13	6.27e-07	1.00e+00	0.00e+00	0.00e+00	0.00e+00	0.00e+00	0.00e+00
 4.03532e+11	0.00e+00	0.00e+00	1.64e-27	9.36e-20	7.51e-13	6.71e-07	1.00e+00	0.00e+00	0.00e+00	0.00e+00	0.00e+00	0.00e+00
 4.37846e+11	0.00e+00	4.77e-36	2.09e-27	1.13e-19	8.62e-13	7.21e-07	1.00e+00	0.00e+00	0.00e+00	0.00e+00	0.00e+00	0.00e+00
 4.81350e+11	2.73e-45	6.87e-36	2.82e-27	1.44e-19	1.02e-12	7.88e-07	1.00e+00	0.00e+00	0.00e+00	0.00e+00	0.00e+00	0.00e+00
 5.26735e+11	0.00e+00	0.00e+00	3.82e-27	1.82e-19	1.21e-12	8.63e-07	1.00e+00	0.00e+00	0.00e+00	0.00e+00	0.00e+00	0.00e+00
 5.66895e+11	0.00e+00	1.35e-35	4.93e-27	2.23e-19	1.40e-12	9.32e-07	1.00e+00	0.00e+00	0.00e+00	0.00e+00	0.00e+00	0.00e+00
 6.04392e+11	8.51e-45	1.79e-35	6.22e-27	2.67e-19	1.59e-12	9.99e-07	1.00e+00	0.00e+00	0.00e+00	0.00e+00	0.00e+00	0.00e+00
 6.47204e+11	0.00e+00	0.00e+00	8.03e-27	3.27e-19	1.84e-12	1.08e-06	1.00e+00	0.00e+00	0.00e+00	0.00e+00	0.00e+00	0.00e+00
 6.99794e+11	0.00e+00	3.49e-35	1.09e-26	4.15e-19	2.19e-12	1.18e-06	1.00e+00	0.00e+00	0.00e+00	0.00e+00	0.00e+00	0.00e+00
 7.52173e+11	2.85e-44	4.94e-35	1.45e-26	5.22e-19	2.58e-12	1.29e-06	1.00e+00	0.00e+00	0.00e+00	0.00e+00	0.00e+00	0.00e+00
 7.97703e+11	0.00e+00	6.60e-35	1.84e-26	6.31e-19	2.96e-12	1.39e-06	1.00e+00	0.00e+00	0.00e+00	0.00e+00	0.00e+00	0.00e+00
 8.47246e+11	5.75e-44	8.94e-35	2.37e-26	7.72e-19	3.42e-12	1.51e-06	1.00e+00	0.00e+00	0.00e+00	0.00e+00	0.00e+00	0.00e+00
 9.07718e+11	0.00e+00	1.28e-34	3.19e-26	9.77e-19	4.06e-12	1.65e-06	1.00e+00	0.00e+00	0.00e+00	0.00e+00	0.00e+00	0.00e+00
 9.69474e+11	1.32e-43	1.81e-34	4.26e-26	1.23e-18	4.79e-12	1.81e-06	1.00e+00	0.00e+00	0.00e+00	0.00e+00	0.00e+00	0.00e+00
 1.02622e+12	0.00e+00	2.45e-34	5.51e-26	1.51e-18	5.56e-12	1.96e-06	1.00e+00	0.00e+00	0.00e+00	0.00e+00	0.00e+00	0.00e+00
 1.08936e+12	2.80e-43	3.41e-34	7.25e-26	1.88e-18	6.51e-12	2.13e-06	1.00e+00	0.00e+00	0.00e+00	0.00e+00	0.00e+00	0.00e+00
 1.16252e+12	0.00e+00	4.90e-34	9.83e-26	2.40e-18	7.76e-12	2.35e-06	1.00e+00	0.00e+00	0.00e+00	0.00e+00	0.00e+00	0.00e+00
 1.23461e+12	6.45e-43	6.92e-34	1.31e-25	3.01e-18	9.15e-12	2.57e-06	1.00e+00	0.00e+00	0.00e+00	0.00e+00	0.00e+00	0.00e+00
 1.30365e+12	0.00e+00	9.49e-34	1.71e-25	3.72e-18	1.07e-11	2.79e-06	1.00e+00	0.00e+00	0.00e+00	0.00e+00	0.00e+00	0.00e+00
 1.37979e+12	1.39e-42	1.33e-33	2.26e-25	4.66e-18	1.25e-11	3.05e-06	1.00e+00	0.00e+00	0.00e+00	0.00e+00	0.00e+00	0.00e+00
 1.46491e+12	0.00e+00	1.90e-33	3.06e-25	5.92e-18	1.49e-11	3.35e-06	1.00e+00	0.00e+00	0.00e+00	0.00e+00	0.00e+00	0.00e+00
 1.54230e+12	3.08e-42	2.61e-33	3.98e-25	7.31e-18	1.73e-11	3.64e-06	1.00e+00	0.00e+00	0.00e+00	0.00e+00	0.00e+00	0.00e+00
 1.60742e+12	0.00e+00	3.37e-33	4.93e-25	8.67e-18	1.95e-11	3.89e-06	1.00e+00	0.00e+00	0.00e+00	0.00e+00	0.00e+00	0.00e+00
 1.67903e+12	5.74e-42	4.43e-33	6.20e-25	1.04e-17	2.23e-11	4.17e-06	1.00e+00	0.00e+00	0.00e+00	0.00e+00	0.00e+00	0.00e+00
 1.75990e+12	0.00e+00	5.96e-33	7.95e-25	1.27e-17	2.57e-11	4.51e-06	1.00e+00	0.00e+00	0.00e+00	0.00e+00	0.00e+00	0.00e+00
 1.83735e+12	1.13e-41	7.86e-33	1.00e-24	1.52e-17	2.92e-11	4.84e-06	1.00e+00	0.00e+00	0.00e+00	0.00e+00	0.00e+00	0.00e+00
 1.92260e+12	0.00e+00	1.06e-32	1.28e-24	1.85e-17	3.36e-11	5.22e-06	1.00e+00	0.00e+00	0.00e+00	0.00e+00	0.00e+00	0.00e+00
 2.01730e+12	2.32e-41	1.45e-32	1.67e-24	2.29e-17	3.90e-11	5.66e-06	1.00e+00	0.00e+00	0.00e+00	0.00e+00	0.00e+00	0.00e+00
 2.10603e+12	0.00e+00	1.94e-32	2.13e-24	2.77e-17	4.46e-11	6.08e-06	1.00e+00	0.00e+00	0.00e+00	0.00e+00	0.00e+00	0.00e+00
 2.20315e+12	4.64e-41	2.62e-32	2.74e-24	3.39e-17	5.14e-11	6.58e-06	1.00e+00	0.00e+00	0.00e+00	0.00e+00	0.00e+00	0.00e+00
 2.31188e+12	0.00e+00	3.63e-32	3.60e-24	4.21e-17	6.00e-11	7.15e-06	1.00e+00	0.00e+00	0.00e+00	0.00e+00	0.00e+00	0.00e+00
 2.41552e+12	9.78e-41	4.93e-32	4.64e-24	5.14e-17	6.90e-11	7.71e-06	1.00e+00	0.00e+00	0.00e+00	0.00e+00	0.00e+00	0.00e+00
 2.51230e+12	0.00e+00	6.46e-32	5.82e-24	6.15e-17	7.83e-11	8.26e-06	1.00e+00	0.00e+00	0.00e+00	0.00e+00	0.00e+00	0.00e+00
 2.62035e+12	1.90e-40	8.69e-32	7.45e-24	7.48e-17	8.98e-11	8.90e-06	1.00e+00	0.00e+00	0.00e+00	0.00e+00	0.00e+00	0.00e+00
 2.74093e+12	0.00e+00	1.20e-31	9.74e-24	9.23e-17	1.04e-10	9.63e-06	1.00e+00	0.00e+00	0.00e+00	0.00e+00	0.00e+00	0.00e+00
 2.85432e+12	3.92e-40	1.60e-31	1.24e-23	1.12e-16	1.19e-10	1.03e-05	1.00e+00	0.00e+00	0.00e+00	0.00e+00	0.00e+00	0.00e+00
 2.97824e+12	0.00e+00	2.18e-31	1.60e-23	1.37e-16	1.37e-10	1.12e-05	1.00e+00	0.00e+00	0.00e+00	0.00e+00	0.00e+00	0.00e+00
 3.11519e+12	8.29e-40	3.03e-31	2.11e-23	1.70e-16	1.59e-10	1.21e-05	1.00e+00	0.00e+00	0.00e+00	0.00e+00	0.00e+00	0.00e+00
 3.24244e+12	0.00e+00	4.06e-31	2.69e-23	2.06e-16	1.82e-10	1.30e-05	1.00e+00	0.00e+00	0.00e+00	0.00e+00	0.00e+00	0.00e+00
 3.38125e+12	1.69e-39	5.56e-31	3.49e-23	2.53e-16	2.10e-10	1.41e-05	1.00e+00	0.00e+00	0.00e+00	0.00e+00	0.00e+00	0.00e+00
 3.53646e+12	0.00e+00	7.79e-31	4.61e-23	3.15e-16	2.44e-10	1.53e-05	1.00e+00	0.00e+00	0.00e+00	0.00e+00	0.00e+00	0.00e+00
 3.68280e+12	3.61e-39	1.06e-30	5.96e-23	3.85e-16	2.80e-10	1.64e-05	1.00e+00	0.00e+00	0.00e+00	0.00e+00	0.00e+00	0.00e+00
 3.84240e+12	0.00e+00	1.47e-30	7.80e-23	4.75e-16	3.24e-10	1.78e-05	1.00e+00	0.00e+00	0.00e+00	0.00e+00	0.00e+00	0.00e+00
 4.02037e+12	7.98e-39	2.08e-30	1.04e-22	5.96e-16	3.79e-10	1.93e-05	1.00e+00	0.00e+00	0.00e+00	0.00e+00	0.00e+00	0.00e+00
 4.18868e+12	0.00e+00	2.86e-30	1.36e-22	7.33e-16	4.37e-10	2.08e-05	1.00e+00	0.00e+00	0.00e+00	0.00e+00	0.00e+00	0.00e+00
 4.36938e+12	1.72e-38	3.99e-30	1.79e-22	9.08e-16	5.06e-10	2.25e-05	1.00e+00	0.00e+00	0.00e+00	0.00e+00	0.00e+00	0.00e+00
 4.57408e+12	0.00e+00	5.74e-30	2.41e-22	1.15e-15	5.95e-10	2.46e-05	1.00e+00	0.00e+00	0.00e+00	0.00e+00	0.00e+00	0.00e+00
 4.77577e+12	3.97e-38	8.11e-30	3.20e-22	1.43e-15	6.92e-10	2.66e-05	1.00e+00	0.00e+00	0.00e+00	0.00e+00	0.00e+00	0.00e+00
 4.98553e+12	0.00e+00	1.15e-29	4.26e-22	1.79e-15	8.05e-10	2.88e-05	1.00e+00	0.00e+00	0.00e+00	0.00e+00	0.00e+00	0.00e+00
 5.21488e+12	9.20e-38	1.65e-29	5.76e-22	2.26e-15	9.45e-10	3.14e-05	1.00e+00	0.00e+00	0.00e+00	0.00e+00	0.00e+00	0.00e+00
 5.44830e+12	0.00e+00	2.37e-29	7.74e-22	2.84e-15	1.10e-09	3.41e-05	1.00e+00	0.00e+00	0.00e+00	0.00e+00	0.00e+00	0.00e+00
 5.69107e+12	2.15e-37	3.39e-29	1.04e-21	3.57e-15	1.29e-09	3.70e-05	1.00e+00	0.00e+00	0.00e+00	0.00e+00	0.00e+00	0.00e+00
 5.94863e+12	0.00e+00	4.91e-29	1.41e-21	4.51e-15	1.51e-09	4.03e-05	1.00e+00	0.00e+00	0.00e+00	0.00e+00	0.00e+00	0.00e+00
 6.19411e+12	4.98e-37	6.89e-29	1.86e-21	5.60e-15	1.75e-09	4.35e-05	1.00e+00	0.00e+00	0.00e+00	0.00e+00	0.00e+00	0.00e+00
 6.41832e+12	0.00e+00	9.29e-29	2.38e-21	6.76e-15	1.99e-09	4.65e-05	1.00e+00	0.00e+00	0.00e+00	0.00e+00	0.00e+00	0.00e+00
 6.62992e+12	9.83e-37	1.22e-28	2.98e-21	8.05e-15	2.24e-09	4.95e-05	1.00e+00	0.00e+00	0.00e+00	0.00e+00	0.00e+00	0.00e+00
 6.86353e+12	0.00e+00	1.65e-28	3.80e-21	9.69e-15	2.54e-09	5.28e-05	1.00e+00	0.00e+00	0.00e+00	0.00e+00	0.00e+00	0.00e+00
 7.12538e+12	2.04e-36	2.27e-28	4.93e-21	1.19e-14	2.91e-09	5.67e-05	1.00e+00	0.00e+00	0.00e+00	0.00e+00	0.00e+00	0.00e+00
 7.37311e+12	0.00e+00	3.06e-28	6.28e-21	1.43e-14	3.30e-09	6.05e-05	1.00e+00	0.00e+00	0.00e+00	0.00e+00	0.00e+00	0.00e+00
 7.64432e+12	4.23e-36	4.19e-28	8.12e-21	1.74e-14	3.77e-09	6.48e-05	1.00e+00	0.00e+00	0.00e+00	0.00e+00	0.00e+00	0.00e+00
 7.94843e+12	0.00e+00	5.89e-28	1.07e-20	2.15e-14	4.35e-09	6.98e-05	1.00e+00	0.00e+00	0.00e+00	0.00e+00	0.00e+00	0.00e+00
 8.23050e+12	9.13e-36	8.00e-28	1.37e-20	2.60e-14	4.95e-09	7.46e-05	1.00e+00	0.00e+00	0.00e+00	0.00e+00	0.00e+00	0.00e+00
 8.49186e+12	0.00e+00	1.06e-27	1.72e-20	3.09e-14	5.55e-09	7.92e-05	1.00e+00	0.00e+00	0.00e+00	0.00e+00	0.00e+00	0.00e+00
 8.79110e+12	1.83e-35	1.44e-27	2.21e-20	3.73e-14	6.31e-09	8.46e-05	1.00e+00	0.00e+00	0.00e+00	0.00e+00	0.00e+00	0.00e+00
 9.15441e+12	0.00e+00	2.06e-27	2.96e-20	4.67e-14	7.33e-09	9.14e-05	1.00e+00	0.00e+00	0.00e+00	0.00e+00	0.00e+00	0.00e+00
 9.51362e+12	4.26e-35	2.92e-27	3.92e-20	5.78e-14	8.46e-09	9.84e-05	1.00e+00	0.00e+00	0.00e+00	0.00e+00	0.00e+00	0.00e+00
 9.82835e+12	6.06e-35	3.92e-27	4.98e-20	6.93e-14	9.55e-09	1.05e-04	1.00e+00	0.00e+00	0.00e+00	0.00e+00	0.00e+00	0.00e+00
 1.01726e+13	8.80e-35	5.36e-27	6.41e-20	8.39e-14	1.09e-08	1.12e-04	1.00e+00	0.00e+00	0.00e+00	0.00e+00	0.00e+00	0.00e+00
 1.05895e+13	1.36e-34	7.72e-27	8.61e-20	1.05e-13	1.26e-08	1.21e-04	1.00e+00	0.00e+00	0.00e+00	0.00e+00	0.00e+00	0.00e+00
 1.10080e+13	2.08e-34	1.10e-26	1.15e-19	1.30e-13	1.46e-08	1.30e-04	1.00e+00	0.00e+00	0.00e+00	0.00e+00	0.00e+00	0.00e+00
 1.13863e+13	3.02e-34	1.51e-26	1.47e-19	1.58e-13	1.66e-08	1.39e-04	1.00e+00	0.00e+00	0.00e+00	0.00e+00	0.00e+00	0.00e+00
 1.18053e+13	4.50e-34	2.10e-26	1.93e-19	1.93e-13	1.90e-08	1.48e-04	1.00e+00	0.00e+00	0.00e+00	0.00e+00	0.00e+00	0.00e+00
 1.22979e+13	7.07e-34	3.07e-26	2.62e-19	2.43e-13	2.22e-08	1.61e-04	1.00e+00	0.00e+00	0.00e+00	0.00e+00	0.00e+00	0.00e+00
 1.27846e+13	1.09e-33	4.41e-26	3.50e-19	3.03e-13	2.57e-08	1.73e-04	1.00e+00	0.00e+00	0.00e+00	0.00e+00	0.00e+00	0.00e+00
 1.32399e+13	1.61e-33	6.11e-26	4.55e-19	3.69e-13	2.93e-08	1.85e-04	1.00e+00	0.00e+00	0.00e+00	0.00e+00	0.00e+00	0.00e+00
 1.37486e+13	2.46e-33	8.70e-26	6.05e-19	4.58e-13	3.38e-08	1.99e-04	1.00e+00	0.00e+00	0.00e+00	0.00e+00	0.00e+00	0.00e+00
 1.43285e+13	3.91e-33	1.28e-25	8.26e-19	5.79e-13	3.96e-08	2.15e-04	1.00e+00	0.00e+00	0.00e+00	0.00e+00	0.00e+00	0.00e+00
 1.49046e+13	6.10e-33	1.86e-25	1.11e-18	7.25e-13	4.60e-08	2.32e-04	1.00e+00	0.00e+00	0.00e+00	0.00e+00	0.00e+00	0.00e+00
 1.55037e+13	9.52e-33	2.70e-25	1.50e-18	9.07e-13	5.34e-08	2.50e-04	1.00e+00	0.00e+00	0.00e+00	0.00e+00	0.00e+00	0.00e+00
 1.61538e+13	1.51e-32	3.97e-25	2.05e-18	1.15e-12	6.25e-08	2.71e-04	1.00e+00	0.00e+00	0.00e+00	0.00e+00	0.00e+00	0.00e+00
 1.68298e+13	2.41e-32	5.85e-25	2.80e-18	1.45e-12	7.32e-08	2.93e-04	1.00e+00	0.00e+00	0.00e+00	0.00e+00	0.00e+00	0.00e+00
 1.74844e+13	3.71e-32	8.40e-25	3.74e-18	1.81e-12	8.47e-08	3.16e-04	1.00e+00	0.00e+00	0.00e+00	0.00e+00	0.00e+00	0.00e+00
 1.80999e+13	5.50e-32	1.17e-24	4.87e-18	2.20e-12	9.67e-08	3.38e-04	1.00e+00	0.00e+00	0.00e+00	0.00e+00	0.00e+00	0.00e+00
 1.87885e+13	8.40e-32	1.66e-24	6.47e-18	2.73e-12	1.12e-07	3.63e-04	1.00e+00	0.00e+00	0.00e+00	0.00e+00	0.00e+00	0.00e+00
 1.94826e+13	1.27e-31	2.34e-24	8.54e-18	3.37e-12	1.28e-07	3.90e-04	1.00e+00	0.00e+00	0.00e+00	0.00e+00	0.00e+00	0.00e+00
 2.00587e+13	1.77e-31	3.09e-24	1.07e-17	3.99e-12	1.44e-07	4.12e-04	1.00e+00	0.00e+00	0.00e+00	0.00e+00	0.00e+00	0.00e+00
 2.06686e+13	2.48e-31	4.11e-24	1.34e-17	4.74e-12	1.61e-07	4.37e-04	1.00e+00	0.00e+00	0.00e+00	0.00e+00	0.00e+00	0.00e+00
 2.14486e+13	3.77e-31	5.84e-24	1.78e-17	5.87e-12	1.86e-07	4.70e-04	1.00e+00	0.00e+00	0.00e+00	0.00e+00	0.00e+00	0.00e+00
 2.22668e+13	5.82e-31	8.41e-24	2.39e-17	7.29e-12	2.15e-07	5.06e-04	9.99e-01	0.00e+00	0.00e+00	0.00e+00	0.00e+00	0.00e+00
 2.29904e+13	8.29e-31	1.13e-23	3.03e-17	8.77e-12	2.44e-07	5.39e-04	9.99e-01	0.00e+00	0.00e+00	0.00e+00	0.00e+00	0.00e+00
 2.37742e+13	1.21e-30	1.55e-23	3.92e-17	1.07e-11	2.78e-07	5.76e-04	9.99e-01	0.00e+00	0.00e+00	0.00e+00	0.00e+00	0.00e+00
 2.47165e+13	1.88e-30	2.24e-23	5.27e-17	1.34e-11	3.23e-07	6.23e-04	9.99e-01	0.00e+00	0.00e+00	0.00e+00	0.00e+00	0.00e+00
 2.56709e+13	2.88e-30	3.21e-23	7.05e-17	1.66e-11	3.74e-07	6.71e-04	9.99e-01	0.00e+00	0.00e+00	0.00e+00	0.00e+00	0.00e+00
 2.65645e+13	4.24e-30	4.44e-23	9.16e-17	2.03e-11	4.28e-07	7.19e-04	9.99e-01	0.00e+00	0.00e+00	0.00e+00	0.00e+00	0.00e+00
 2.75582e+13	6.41e-30	6.28e-23	1.21e-16	2.51e-11	4.93e-07	7.73e-04	9.99e-01	0.00e+00	0.00e+00	0.00e+00	0.00e+00	0.00e+00
 2.86113e+13	9.77e-30	8.95e-23	1.62e-16	3.13e-11	5.71e-07	8.34e-04	9.99e-01	0.00e+00	0.00e+00	0.00e+00	0.00e+00	0.00e+00
 2.95473e+13	1.40e-29	1.21e-22	2.07e-16	3.77e-11	6.48e-07	8.89e-04	9.99e-01	0.00e+00	0.00e+00	0.00e+00	0.00e+00	0.00e+00
 3.05545e+13	2.05e-29	1.67e-22	2.67e-16	4.59e-11	7.38e-07	9.51e-04	9.99e-01	0.00e+00	0.00e+00	0.00e+00	0.00e+00	0.00e+00
 3.17613e+13	3.16e-29	2.40e-22	3.60e-16	5.75e-11	8.59e-07	1.03e-03	9.99e-01	0.00e+00	0.00e+00	0.00e+00	0.00e+00	0.00e+00
 3.29490e+13	4.77e-29	3.40e-22	4.77e-16	7.12e-11	9.92e-07	1.11e-03	9.99e-01	0.00e+00	0.00e+00	0.00e+00	0.00e+00	0.00e+00
 3.40070e+13	6.81e-29	4.58e-22	6.08e-16	8.57e-11	1.12e-06	1.18e-03	9.99e-01	0.00e+00	0.00e+00	0.00e+00	0.00e+00	0.00e+00
 3.51750e+13	9.93e-29	6.30e-22	7.87e-16	1.04e-10	1.28e-06	1.26e-03	9.99e-01	0.00e+00	0.00e+00	0.00e+00	0.00e+00	0.00e+00
 3.65668e+13	1.53e-28	9.07e-22	1.06e-15	1.31e-10	1.49e-06	1.37e-03	9.99e-01	0.00e+00	0.00e+00	0.00e+00	0.00e+00	0.00e+00
 3.79489e+13	2.33e-28	1.29e-21	1.41e-15	1.63e-10	1.73e-06	1.47e-03	9.99e-01	0.00e+00	0.00e+00	0.00e+00	0.00e+00	0.00e+00
 3.92138e+13	3.37e-28	1.76e-21	1.81e-15	1.97e-10	1.96e-06	1.58e-03	9.98e-01	0.00e+00	0.00e+00	0.00e+00	0.00e+00	0.00e+00
 4.06272e+13	5.00e-28	2.46e-21	2.38e-15	2.43e-10	2.26e-06	1.69e-03	9.98e-01	0.00e+00	0.00e+00	0.00e+00	0.00e+00	0.00e+00
 4.22696e+13	7.80e-28	3.57e-21	3.23e-15	3.06e-10	2.64e-06	1.84e-03	9.98e-01	0.00e+00	0.00e+00	0.00e+00	0.00e+00	0.00e+00
 4.38812e+13	1.19e-27	5.10e-21	4.30e-15	3.81e-10	3.06e-06	1.98e-03	9.98e-01	0.00e+00	0.00e+00	0.00e+00	0.00e+00	0.00e+00
 4.54068e+13	1.75e-27	7.05e-21	5.60e-15	4.66e-10	3.50e-06	2.12e-03	9.98e-01	0.00e+00	0.00e+00	0.00e+00	0.00e+00	0.00e+00
 4.71024e+13	2.64e-27	9.98e-21	7.43e-15	5.78e-10	4.04e-06	2.29e-03	9.98e-01	0.00e+00	0.00e+00	0.00e+00	0.00e+00	0.00e+00
 4.90164e+13	4.14e-27	1.46e-20	1.01e-14	7.30e-10	4.73e-06	2.48e-03	9.98e-01	0.00e+00	0.00e+00	0.00e+00	0.00e+00	0.00e+00
 5.08336e+13	6.26e-27	2.06e-20	1.34e-14	9.04e-10	5.46e-06	2.67e-03	9.97e-01	0.00e+00	0.00e+00	0.00e+00	0.00e+00	0.00e+00
 5.24894e+13	9.00e-27	2.80e-20	1.72e-14	1.09e-09	6.19e-06	2.85e-03	9.97e-01	0.00e+00	0.00e+00	0.00e+00	0.00e+00	0.00e+00
 5.43623e+13	1.34e-26	3.91e-20	2.25e-14	1.34e-09	7.11e-06	3.06e-03	9.97e-01	0.00e+00	0.00e+00	0.00e+00	0.00e+00	0.00e+00
 5.65443e+13	2.09e-26	5.69e-20	3.05e-14	1.69e-09	8.30e-06	3.31e-03	9.97e-01	0.00e+00	0.00e+00	0.00e+00	0.00e+00	0.00e+00
 5.86390e+13	3.17e-26	8.07e-20	4.05e-14	2.10e-09	9.58e-06	3.56e-03	9.96e-01	0.00e+00	0.00e+00	0.00e+00	0.00e+00	0.00e+00
 6.03737e+13	4.43e-26	1.07e-19	5.08e-14	2.49e-09	1.07e-05	3.78e-03	9.96e-01	0.00e+00	0.00e+00	0.00e+00	0.00e+00	0.00e+00
 6.21295e+13	6.15e-26	1.41e-19	6.34e-14	2.95e-09	1.20e-05	4.00e-03	9.96e-01	0.00e+00	0.00e+00	0.00e+00	0.00e+00	0.00e+00
 6.43994e+13	9.26e-26	1.98e-19	8.38e-14	3.64e-09	1.39e-05	4.30e-03	9.96e-01	0.00e+00	0.00e+00	0.00e+00	0.00e+00	0.00e+00
 6.67480e+13	1.40e-25	2.80e-19	1.11e-13	4.50e-09	1.60e-05	4.62e-03	9.95e-01	0.00e+00	0.00e+00	0.00e+00	0.00e+00	0.00e+00
 6.87385e+13	1.96e-25	3.72e-19	1.39e-13	5.35e-09	1.79e-05	4.90e-03	9.95e-01	0.00e+00	0.00e+00	0.00e+00	0.00e+00	0.00e+00
 7.08528e+13	2.78e-25	4.99e-19	1.77e-13	6.40e-09	2.02e-05	5.21e-03	9.95e-01	0.00e+00	0.00e+00	0.00e+00	0.00e+00	0.00e+00
 7.35038e+13	4.23e-25	7.11e-19	2.35e-13	7.95e-09	2.33e-05	5.61e-03	9.94e-01	0.00e+00	0.00e+00	0.00e+00	0.00e+00	0.00e+00
 7.62354e+13	6.45e-25	1.01e-18	3.13e-13	9.87e-09	2.70e-05	6.04e-03	9.94e-01	0.00e+00	0.00e+00	0.00e+00	0.00e+00	0.00e+00
 7.86409e+13	9.24e-25	1.37e-18	3.99e-13	1.19e-08	3.05e-05	6.42e-03	9.94e-01	0.00e+00	0.00e+00	0.00e+00	0.00e+00	0.00e+00
 8.12395e+13	1.34e-24	1.87e-18	5.14e-13	1.44e-08	3.46e-05	6.86e-03	9.93e-01	0.00e+00	0.00e+00	0.00e+00	0.00e+00	0.00e+00
 8.43774e+13	2.08e-24	2.70e-18	6.91e-13	1.80e-08	4.02e-05	7.40e-03	9.93e-01	0.00e+00	0.00e+00	0.00e+00	0.00e+00	0.00e+00
 8.74904e+13	3.15e-24	3.83e-18	9.17e-13	2.23e-08	4.64e-05	7.96e-03	9.92e-01	0.00e+00	0.00e+00	0.00e+00	0.00e+00	0.00e+00
 9.02556e+13	4.52e-24	5.19e-18	1.17e-12	2.68e-08	5.25e-05	8.47e-03	9.91e-01	0.00e+00	0.00e+00	0.00e+00	0.00e+00	0.00e+00
 9.32949e+13	6.61e-24	7.13e-18	1.51e-12	3.25e-08	5.98e-05	9.05e-03	9.91e-01	0.00e+00	0.00e+00	0.00e+00	0.00e+00	0.00e+00
 9.69280e+13	1.02e-23	1.03e-17	2.04e-12	4.08e-08	6.95e-05	9.77e-03	9.90e-01	0.00e+00	0.00e+00	0.00e+00	0.00e+00	0.00e+00
 1.00537e+14	1.56e-23	1.47e-17	2.71e-12	5.06e-08	8.03e-05	1.05e-02	9.89e-01	0.00e+00	0.00e+00	0.00e+00	0.00e+00	0.00e+00
 1.03820e+14	2.26e-23	2.00e-17	3.48e-12	6.12e-08	9.12e-05	1.12e-02	9.89e-01	0.00e+00	0.00e+00	0.00e+00	0.00e+00	0.00e+00
 1.07475e+14	3.34e-23	2.79e-17	4.56e-12	7.51e-08	1.05e-04	1.20e-02	9.88e-01	0.00e+00	0.00e+00	0.00e+00	0.00e+00	0.00e+00
 1.11746e+14	5.20e-23	4.04e-17	6.17e-12	9.45e-08	1.22e-04	1.30e-02	9.87e-01	0.00e+00	0.00e+00	0.00e+00	0.00e+00	0.00e+00
 1.15949e+14	7.91e-23	5.76e-17	8.22e-12	1.18e-07	1.41e-04	1.40e-02	9.86e-01	0.00e+00	0.00e+00	0.00e+00	0.00e+00	0.00e+00
 1.19895e+14	1.15e-22	7.92e-17	1.07e-11	1.43e-07	1.61e-04	1.50e-02	9.85e-01	0.00e+00	0.00e+00	0.00e+00	0.00e+00	0.00e+00
 1.24296e+14	1.73e-22	1.11e-16	1.41e-11	1.77e-07	1.85e-04	1.62e-02	9.84e-01	0.00e+00	0.00e+00	0.00e+00	0.00e+00	0.00e+00
 1.29297e+14	2.68e-22	1.62e-16	1.91e-11	2.24e-07	2.17e-04	1.75e-02	9.82e-01	0.00e+00	0.00e+00	0.00e+00	0.00e+00	0.00e+00
 1.34284e+14	4.07e-22	2.31e-16	2.55e-11	2.80e-07	2.52e-04	1.90e-02	9.81e-01	0.00e+00	0.00e+00	0.00e+00	0.00e+00	0.00e+00
 1.39470e+14	6.20e-22	3.29e-16	3.41e-11	3.50e-07	2.92e-04	2.05e-02	9.79e-01	0.00e+00	0.00e+00	0.00e+00	0.00e+00	0.00e+00
 1.44926e+14	9.40e-22	4.70e-16	4.58e-11	4.38e-07	3.40e-04	2.22e-02	9.77e-01	0.00e+00	0.00e+00	0.00e+00	0.00e+00	0.00e+00
 1.49528e+14	1.32e-21	6.29e-16	5.81e-11	5.27e-07	3.84e-04	2.37e-02	9.76e-01	0.00e+00	0.00e+00	0.00e+00	0.00e+00	0.00e+00
 1.53124e+14	1.71e-21	7.83e-16	6.96e-11	6.06e-07	4.21e-04	2.49e-02	9.75e-01	0.00e+00	0.00e+00	0.00e+00	0.00e+00	0.00e+00
 1.57032e+14	2.25e-21	9.89e-16	8.44e-11	7.02e-07	4.65e-04	2.62e-02	9.73e-01	0.00e+00	0.00e+00	0.00e+00	0.00e+00	0.00e+00
 1.62113e+14	3.15e-21	1.32e-15	1.07e-10	8.47e-07	5.27e-04	2.80e-02	9.71e-01	0.00e+00	0.00e+00	0.00e+00	0.00e+00	0.00e+00
 1.67615e+14	4.49e-21	1.79e-15	1.38e-10	1.03e-06	6.01e-04	3.00e-02	9.69e-01	0.00e+00	0.00e+00	0.00e+00	0.00e+00	0.00e+00
 1.72572e+14	6.09e-21	2.33e-15	1.72e-10	1.22e-06	6.73e-04	3.19e-02	9.67e-01	0.00e+00	0.00e+00	0.00e+00	0.00e+00	0.00e+00
 1.77924e+14	8.37e-21	3.07e-15	2.17e-10	1.46e-06	7.58e-04	3.40e-02	9.65e-01	0.00e+00	0.00e+00	0.00e+00	0.00e+00	0.00e+00
 1.84582e+14	1.23e-20	4.28e-15	2.86e-10	1.81e-06	8.75e-04	3.68e-02	9.62e-01	0.00e+00	0.00e+00	0.00e+00	0.00e+00	0.00e+00
 1.91286e+14	1.77e-20	5.89e-15	3.74e-10	2.23e-06	1.01e-03	3.97e-02	9.59e-01	0.00e+00	0.00e+00	0.00e+00	0.00e+00	0.00e+00
 1.97095e+14	2.41e-20	7.70e-15	4.67e-10	2.66e-06	1.13e-03	4.23e-02	9.57e-01	0.00e+00	0.00e+00	0.00e+00	0.00e+00	0.00e+00
 2.03395e+14	3.30e-20	1.01e-14	5.91e-10	3.20e-06	1.28e-03	4.52e-02	9.53e-01	0.00e+00	0.00e+00	0.00e+00	0.00e+00	0.00e+00
 2.11110e+14	4.81e-20	1.41e-14	7.80e-10	3.97e-06	1.47e-03	4.89e-02	9.50e-01	0.00e+00	0.00e+00	0.00e+00	0.00e+00	0.00e+00
 2.18915e+14	6.95e-20	1.95e-14	1.02e-09	4.91e-06	1.70e-03	5.29e-02	9.45e-01	0.00e+00	0.00e+00	0.00e+00	0.00e+00	0.00e+00
 2.25877e+14	9.49e-20	2.57e-14	1.29e-09	5.90e-06	1.91e-03	5.65e-02	9.42e-01	0.00e+00	0.00e+00	0.00e+00	0.00e+00	0.00e+00
 2.33494e+14	1.32e-19	3.44e-14	1.65e-09	7.15e-06	2.17e-03	6.06e-02	9.37e-01	0.00e+00	0.00e+00	0.00e+00	0.00e+00	0.00e+00
 2.42570e+14	1.93e-19	4.81e-14	2.20e-09	8.93e-06	2.52e-03	6.57e-02	9.32e-01	0.00e+00	0.00e+00	0.00e+00	0.00e+00	0.00e+00
 2.51537e+14	2.76e-19	6.62e-14	2.88e-09	1.10e-05	2.89e-03	7.09e-02	9.26e-01	0.00e+00	0.00e+00	0.00e+00	0.00e+00	0.00e+00
 2.59664e+14	3.78e-19	8.75e-14	3.65e-09	1.33e-05	3.26e-03	7.58e-02	9.21e-01	0.00e+00	0.00e+00	0.00e+00	0.00e+00	0.00e+00
 2.68707e+14	5.30e-19	1.18e-13	4.71e-09	1.62e-05	3.71e-03	8.14e-02	9.15e-01	0.00e+00	0.00e+00	0.00e+00	0.00e+00	0.00e+00
 2.79309e+14	7.76e-19	1.66e-13	6.28e-09	2.02e-05	4.29e-03	8.82e-02	9.07e-01	0.00e+00	0.00e+00	0.00e+00	0.00e+00	0.00e+00
 2.89747e+14	1.12e-18	2.30e-13	8.26e-09	2.50e-05	4.92e-03	9.52e-02	9.00e-01	0.00e+00	0.00e+00	0.00e+00	0.00e+00	0.00e+00
 2.99485e+14	1.55e-18	3.08e-13	1.06e-08	3.03e-05	5.57e-03	1.02e-01	8.93e-01	0.00e+00	0.00e+00	0.00e+00	0.00e+00	0.00e+00
 3.10377e+14	2.20e-18	4.23e-13	1.38e-08	3.72e-05	6.36e-03	1.09e-01	8.84e-01	0.00e+00	0.00e+00	0.00e+00	0.00e+00	0.00e+00
 3.22822e+14	3.26e-18	6.01e-13	1.85e-08	4.66e-05	7.35e-03	1.18e-01	8.74e-01	0.00e+00	0.00e+00	0.00e+00	0.00e+00	0.00e+00
 3.35126e+14	4.74e-18	8.39e-13	2.45e-08	5.77e-05	8.44e-03	1.28e-01	8.64e-01	0.00e+00	0.00e+00	0.00e+00	0.00e+00	0.00e+00
 3.47922e+14	6.90e-18	1.17e-12	3.25e-08	7.15e-05	9.68e-03	1.37e-01	8.53e-01	0.00e+00	0.00e+00	0.00e+00	0.00e+00	0.00e+00
 3.59542e+14	9.61e-18	1.58e-12	4.16e-08	8.63e-05	1.09e-02	1.46e-01	8.43e-01	0.00e+00	0.00e+00	0.00e+00	0.00e+00	0.00e+00
 3.68242e+14	1.22e-17	1.96e-12	4.97e-08	9.88e-05	1.19e-02	1.53e-01	8.35e-01	0.00e+00	0.00e+00	0.00e+00	0.00e+00	0.00e+00
 3.77249e+14	1.56e-17	2.44e-12	5.96e-08	1.13e-04	1.30e-02	1.60e-01	8.27e-01	0.00e+00	0.00e+00	0.00e+00	0.00e+00	0.00e+00
 3.88958e+14	2.13e-17	3.21e-12	7.50e-08	1.35e-04	1.45e-02	1.70e-01	8.16e-01	0.00e+00	0.00e+00	0.00e+00	0.00e+00	0.00e+00
 4.01684e+14	3.02e-17	4.31e-12	9.56e-08	1.61e-04	1.62e-02	1.80e-01	8.04e-01	0.00e+00	0.00e+00	1.74e-17	9.09e-18	3.05e-18
 4.13207e+14	4.05e-17	5.58e-12	1.18e-07	1.89e-04	1.79e-02	1.89e-01	7.92e-01	0.00e+00	0.00e+00	2.32e-17	1.22e-17	4.09e-18
 4.25658e+14	5.50e-17	7.31e-12	1.48e-07	2.24e-04	1.99e-02	2.00e-01	7.80e-01	0.00e+00	0.00e+00	3.16e-17	1.66e-17	5.53e-18
 4.41365e+14	8.02e-17	1.02e-11	1.94e-07	2.74e-04	2.26e-02	2.13e-01	7.64e-01	0.00e+00	0.00e+00	4.61e-17	2.42e-17	8.03e-18
 4.57180e+14	1.16e-16	1.41e-11	2.52e-07	3.33e-04	2.55e-02	2.26e-01	7.48e-01	0.00e+00	0.00e+00	6.67e-17	3.50e-17	1.16e-17
 4.70559e+14	1.57e-16	1.84e-11	3.13e-07	3.90e-04	2.81e-02	2.37e-01	7.35e-01	0.00e+00	0.00e+00	9.05e-17	4.73e-17	1.56e-17
 4.84892e+14	2.15e-16	2.42e-11	3.92e-07	4.60e-04	3.11e-02	2.49e-01	7.20e-01	0.00e+00	0.00e+00	1.24e-16	6.48e-17	2.13e-17
 5.02869e+14	3.16e-16	3.38e-11	5.14e-07	5.61e-04	3.52e-02	2.63e-01	7.01e-01	0.00e+00	0.00e+00	1.83e-16	9.54e-17	3.13e-17
 5.21712e+14	4.68e-16	4.75e-11	6.75e-07	6.84e-04	3.97e-02	2.78e-01	6.81e-01	0.00e+00	0.00e+00	2.71e-16	1.41e-16	4.62e-17
 5.38783e+14	6.61e-16	6.38e-11	8.56e-07	8.13e-04	4.41e-02	2.92e-01	6.63e-01	0.00e+00	0.00e+00	3.82e-16	1.99e-16	6.51e-17
 5.57418e+14	9.52e-16	8.73e-11	1.10e-06	9.74e-04	4.92e-02	3.06e-01	6.44e-01	0.00e+00	0.00e+00	5.51e-16	2.87e-16	9.35e-17
 5.79326e+14	1.44e-15	1.24e-10	1.46e-06	1.19e-03	5.56e-02	3.22e-01	6.21e-01	0.00e+00	0.00e+00	8.36e-16	4.35e-16	1.42e-16
 6.00749e+14	2.14e-15	1.74e-10	1.90e-06	1.44e-03	6.23e-02	3.38e-01	5.98e-01	0.00e+00	0.00e+00	1.24e-15	6.44e-16	2.09e-16
 6.20393e+14	3.04e-15	2.33e-10	2.40e-06	1.70e-03	6.87e-02	3.51e-01	5.78e-01	0.00e+00	0.00e+00	1.76e-15	9.15e-16	2.96e-16
 6.42464e+14	4.44e-15	3.20e-10	3.09e-06	2.04e-03	7.64e-02	3.66e-01	5.56e-01	0.00e+00	0.00e+00	2.57e-15	1.34e-15	4.33e-16
 6.68052e+14	6.81e-15	4.58e-10	4.09e-06	2.49e-03	8.57e-02	3.82e-01	5.30e-01	0.00e+00	0.00e+00	3.95e-15	2.05e-15	6.63e-16
 6.93113e+14	1.02e-14	6.38e-10	5.30e-06	2.98e-03	9.53e-02	3.96e-01	5.06e-01	0.00e+00	0.00e+00	5.91e-15	3.07e-15	9.91e-16
 7.16962e+14	1.48e-14	8.66e-10	6.73e-06	3.53e-03	1.05e-01	4.09e-01	4.83e-01	0.00e+00	0.00e+00	8.58e-15	4.46e-15	1.44e-15
 7.37934e+14	2.03e-14	1.12e-09	8.25e-06	4.06e-03	1.14e-01	4.19e-01	4.63e-01	0.00e+00	0.00e+00	1.18e-14	6.12e-15	1.97e-15
 7.55284e+14	2.62e-14	1.38e-09	9.69e-06	4.54e-03	1.21e-01	4.27e-01	4.47e-01	0.00e+00	0.00e+00	1.52e-14	7.91e-15	2.54e-15
 7.74328e+14	3.45e-14	1.73e-09	1.15e-05	5.11e-03	1.29e-01	4.35e-01	4.30e-01	0.00e+00	0.00e+00	2.00e-14	1.04e-14	3.34e-15
 7.99085e+14	4.87e-14	2.28e-09	1.43e-05	5.93e-03	1.40e-01	4.45e-01	4.09e-01	0.00e+00	0.00e+00	2.83e-14	1.47e-14	4.72e-15
 8.25223e+14	6.95e-14	3.03e-09	1.78e-05	6.88e-03	1.52e-01	4.54e-01	3.87e-01	0.00e+00	0.00e+00	4.03e-14	2.10e-14	6.72e-15
 8.47709e+14	9.34e-14	3.84e-09	2.13e-05	7.79e-03	1.63e-01	4.60e-01	3.69e-01	0.00e+00	0.00e+00	5.43e-14	2.82e-14	9.04e-15
 8.71492e+14	1.27e-13	4.89e-09	2.56e-05	8.82e-03	1.74e-01	4.66e-01	3.51e-01	0.00e+00	0.00e+00	7.36e-14	3.82e-14	1.22e-14
 9.02411e+14	1.86e-13	6.63e-09	3.24e-05	1.03e-02	1.89e-01	4.73e-01	3.28e-01	0.00e+00	0.00e+00	1.08e-13	5.62e-14	1.80e-14
 9.34240e+14	2.72e-13	8.93e-09	4.06e-05	1.20e-02	2.04e-01	4.78e-01	3.06e-01	0.00e+00	0.00e+00	1.58e-13	8.20e-14	2.62e-14
 9.60729e+14	3.69e-13	1.14e-08	4.87e-05	1.35e-02	2.17e-01	4.81e-01	2.88e-01	0.00e+00	0.00e+00	2.14e-13	1.11e-13	3.56e-14
 9.88642e+14	5.05e-13	1.45e-08	5.86e-05	1.53e-02	2.31e-01	4.83e-01	2.71e-01	0.00e+00	0.00e+00	2.93e-13	1.52e-13	4.87e-14
 1.02452e+15	7.44e-13	1.96e-08	7.35e-05	1.77e-02	2.49e-01	4.84e-01	2.50e-01	0.00e+00	0.00e+00	4.33e-13	2.25e-13	7.19e-14
 1.06226e+15	1.10e-12	2.65e-08	9.23e-05	2.05e-02	2.67e-01	4.83e-01	2.29e-01	0.00e+00	0.00e+00	6.40e-13	3.33e-13	1.06e-13
 1.09520e+15	1.53e-12	3.41e-08	1.12e-04	2.32e-02	2.83e-01	4.81e-01	2.12e-01	0.00e+00	0.00e+00	8.90e-13	4.63e-13	1.48e-13
 1.13040e+15	2.15e-12	4.43e-08	1.36e-04	2.63e-02	3.00e-01	4.78e-01	1.96e-01	0.00e+00	0.00e+00	1.25e-12	6.52e-13	2.08e-13
 1.17332e+15	3.22e-12	6.02e-08	1.70e-04	3.03e-02	3.20e-01	4.73e-01	1.77e-01	0.00e+00	0.00e+00	1.87e-12	9.73e-13	3.11e-13
 1.21612e+15	4.71e-12	8.04e-08	2.11e-04	3.47e-02	3.39e-01	4.66e-01	1.60e-01	0.00e+00	0.00e+00	2.74e-12	1.42e-12	4.55e-13
 1.25379e+15	6.49e-12	1.03e-07	2.53e-04	3.88e-02	3.56e-01	4.59e-01	1.46e-01	0.00e+00	0.00e+00	3.77e-12	1.96e-12	6.27e-13
 1.29492e+15	9.13e-12	1.33e-07	3.06e-04	4.36e-02	3.73e-01	4.50e-01	1.33e-01	0.00e+00	0.00e+00	5.31e-12	2.76e-12	8.82e-13
 1.34454e+15	1.35e-11	1.79e-07	3.81e-04	4.98e-02	3.93e-01	4.38e-01	1.18e-01	0.00e+00	0.00e+00	7.88e-12	4.10e-12	1.31e-12
 1.39212e+15	1.94e-11	2.34e-07	4.64e-04	5.61e-02	4.11e-01	4.26e-01	1.06e-01	0.00e+00	0.00e+00	1.13e-11	5.86e-12	1.87e-12
 1.43213e+15	2.59e-11	2.91e-07	5.45e-04	6.17e-02	4.26e-01	4.16e-01	9.60e-02	0.00e+00	0.00e+00	1.51e-11	7.84e-12	2.51e-12
 1.46805e+15	3.33e-11	3.51e-07	6.26e-04	6.70e-02	4.38e-01	4.06e-01	8.82e-02	0.00e+00	0.00e+00	1.94e-11	1.01e-11	3.22e-12
 1.50737e+15	4.37e-11	4.30e-07	7.25e-04	7.29e-02	4.51e-01	3.95e-01	8.04e-02	0.00e+00	0.00e+00	2.54e-11	1.32e-11	4.23e-12
 1.55135e+15	5.88e-11	5.36e-07	8.50e-04	7.99e-02	4.64e-01	3.82e-01	7.24e-02	0.00e+00	0.00e+00	3.42e-11	1.78e-11	5.69e-12
 1.59274e+15	7.68e-11	6.54e-07	9.81e-04	8.67e-02	4.76e-01	3.70e-01	6.57e-02	0.00e+00	0.00e+00	4.47e-11	2.33e-11	7.44e-12
 1.63792e+15	1.02e-10	8.10e-07	1.14e-03	9.44e-02	4.88e-01	3.57e-01	5.90e-02	0.00e+00	0.00e+00	5.96e-11	3.10e-11	9.92e-12
 1.68767e+15	1.38e-10	1.01e-06	1.34e-03	1.03e-01	5.00e-01	3.43e-01	5.25e-02	0.00e+00	0.00e+00	8.05e-11	4.20e-11	1.34e-11
 1.73372e+15	1.81e-10	1.24e-06	1.55e-03	1.12e-01	5.10e-01	3.30e-01	4.72e-02	0.00e+00	0.00e+00	1.05e-10	5.49e-11	1.76e-11
 1.78394e+15	2.42e-10	1.53e-06	1.80e-03	1.21e-01	5.20e-01	3.15e-01	4.19e-02	0.00e+00	0.00e+00	1.41e-10	7.34e-11	2.35e-11
 1.83976e+15	3.28e-10	1.92e-06	2.11e-03	1.32e-01	5.29e-01	3.00e-01	3.68e-02	0.00e+00	0.00e+00	1.91e-10	9.96e-11	3.19e-11
 1.89251e+15	4.33e-10	2.36e-06	2.44e-03	1.42e-01	5.37e-01	2.86e-01	3.26e-02	0.00e+00	0.00e+00	2.52e-10	1.31e-10	4.21e-11
 1.95072e+15	5.86e-10	2.95e-06	2.85e-03	1.54e-01	5.44e-01	2.70e-01	2.85e-02	0.00e+00	0.00e+00	3.41e-10	1.78e-10	5.69e-11
 2.01458e+15	8.01e-10	3.72e-06	3.36e-03	1.68e-01	5.50e-01	2.54e-01	2.46e-02	0.00e+00	0.00e+00	4.66e-10	2.43e-10	7.78e-11
 2.07258e+15	1.05e-09	4.55e-06	3.86e-03	1.80e-01	5.54e-01	2.40e-01	2.16e-02	0.00e+00	0.00e+00	6.11e-10	3.19e-10	1.02e-10
 2.13481e+15	1.40e-09	5.63e-06	4.48e-03	1.94e-01	5.58e-01	2.25e-01	1.87e-02	0.00e+00	0.00e+00	8.17e-10	4.26e-10	1.37e-10
 2.20392e+15	1.90e-09	7.05e-06	5.24e-03	2.09e-01	5.60e-01	2.10e-01	1.60e-02	0.00e+00	0.00e+00	1.10e-09	5.77e-10	1.85e-10
 2.26890e+15	2.49e-09	8.63e-06	6.03e-03	2.23e-01	5.60e-01	1.96e-01	1.39e-02	0.00e+00	0.00e+00	1.45e-09	7.57e-10	2.43e-10
 2.34030e+15	3.36e-09	1.08e-05	7.02e-03	2.40e-01	5.59e-01	1.82e-01	1.18e-02	0.00e+00	0.00e+00	1.96e-09	1.02e-09	3.28e-10
 2.41848e+15	4.55e-09	1.35e-05	8.22e-03	2.57e-01	5.57e-01	1.68e-01	9.93e-03	0.00e+00	0.00e+00	2.65e-09	1.38e-09	4.45e-10
 2.49028e+15	5.94e-09	1.65e-05	9.43e-03	2.74e-01	5.53e-01	1.55e-01	8.50e-03	0.00e+00	0.00e+00	3.46e-09	1.81e-09	5.81e-10
 2.55520e+15	7.50e-09	1.96e-05	1.07e-02	2.89e-01	5.49e-01	1.45e-01	7.38e-03	0.00e+00	0.00e+00	4.37e-09	2.28e-09	7.35e-10
 2.61462e+15	9.24e-09	2.30e-05	1.19e-02	3.02e-01	5.44e-01	1.36e-01	6.48e-03	0.00e+00	0.00e+00	5.38e-09	2.81e-09	9.07e-10
 2.68009e+15	1.16e-08	2.72e-05	1.33e-02	3.17e-01	5.38e-01	1.26e-01	5.62e-03	0.00e+00	0.00e+00	6.78e-09	3.54e-09	1.14e-09
 2.75150e+15	1.47e-08	3.25e-05	1.51e-02	3.33e-01	5.30e-01	1.16e-01	4.82e-03	0.00e+00	0.00e+00	8.57e-09	4.48e-09	1.45e-09
 2.81930e+15	1.83e-08	3.82e-05	1.69e-02	3.48e-01	5.23e-01	1.08e-01	4.17e-03	0.00e+00	0.00e+00	1.06e-08	5.57e-09	1.80e-09
 2.88499e+15	2.25e-08	4.46e-05	1.88e-02	3.63e-01	5.14e-01	1.00e-01	3.63e-03	0.00e+00	0.00e+00	1.31e-08	6.84e-09	2.21e-09
 2.95923e+15	2.85e-08	5.32e-05	2.11e-02	3.79e-01	5.04e-01	9.20e-02	3.09e-03	0.00e+00	0.00e+00	1.66e-08	8.68e-09	2.80e-09
 3.04197e+15	3.63e-08	6.39e-05	2.40e-02	3.97e-01	4.93e-01	8.37e-02	2.60e-03	0.00e+00	0.00e+00	2.11e-08	1.11e-08	3.58e-09
 3.11997e+15	4.52e-08	7.55e-05	2.69e-02	4.13e-01	4.81e-01	7.65e-02	2.21e-03	0.00e+00	0.00e+00	2.63e-08	1.38e-08	4.46e-09
 3.19174e+15	5.52e-08	8.78e-05	2.99e-02	4.28e-01	4.70e-01	7.03e-02	1.90e-03	0.00e+00	0.00e+00	3.21e-08	1.68e-08	5.45e-09
 3.27117e+15	6.94e-08	1.04e-04	3.36e-02	4.44e-01	4.57e-01	6.39e-02	1.60e-03	0.00e+00	0.00e+00	4.04e-08	2.12e-08	6.86e-09
 3.36039e+15	8.84e-08	1.25e-04	3.80e-02	4.62e-01	4.42e-01	5.74e-02	1.33e-03	0.00e+00	0.00e+00	5.14e-08	2.70e-08	8.76e-09
 3.44485e+15	1.10e-07	1.47e-04	4.26e-02	4.77e-01	4.27e-01	5.19e-02	1.11e-03	0.00e+00	0.00e+00	6.38e-08	3.35e-08	1.09e-08
 3.52510e+15	1.34e-07	1.72e-04	4.74e-02	4.91e-01	4.13e-01	4.70e-02	9.41e-04	0.00e+00	0.00e+00	7.82e-08	4.10e-08	1.33e-08
 3.61735e+15	1.73e-07	2.07e-04	5.38e-02	5.07e-01	3.96e-01	4.18e-02	7.70e-04	0.00e+00	0.00e+00	1.01e-07	5.28e-08	1.72e-08
 3.71576e+15	2.18e-07	2.48e-04	6.09e-02	5.23e-01	3.78e-01	3.70e-02	6.28e-04	0.00e+00	0.00e+00	1.27e-07	6.66e-08	2.17e-08
 3.80342e+15	2.70e-07	2.92e-04	6.81e-02	5.36e-01	3.62e-01	3.31e-02	5.21e-04	0.00e+00	0.00e+00	1.57e-07	8.24e-08	2.68e-08
 3.88526e+15	3.30e-07	3.39e-04	7.55e-02	5.47e-01	3.47e-01	2.97e-02	4.37e-04	0.00e+00	0.00e+00	1.92e-07	1.01e-07	3.29e-08
 3.97832e+15	4.21e-07	4.07e-04	8.51e-02	5.59e-01	3.29e-01	2.62e-02	3.55e-04	0.00e+00	0.00e+00	2.45e-07	1.29e-07	4.20e-08
 4.07364e+15	5.21e-07	4.80e-04	9.56e-02	5.69e-01	3.12e-01	2.30e-02	2.90e-04	0.00e+00	0.00e+00	3.03e-07	1.59e-07	5.20e-08
 4.15466e+15	6.33e-07	5.57e-04	1.06e-01	5.76e-01	2.97e-01	2.06e-02	2.42e-04	0.00e+00	0.00e+00	3.69e-07	1.94e-07	6.33e-08
 4.24278e+15	7.96e-07	6.61e-04	1.18e-01	5.83e-01	2.80e-01	1.81e-02	1.97e-04	0.00e+00	0.00e+00	4.63e-07	2.44e-07	7.96e-08
 4.33586e+15	9.94e-07	7.82e-04	1.32e-01	5.89e-01	2.62e-01	1.57e-02	1.59e-04	0.00e+00	0.00e+00	5.79e-07	3.04e-07	9.95e-08
 4.40791e+15	1.18e-06	8.91e-04	1.45e-01	5.91e-01	2.49e-01	1.41e-02	1.34e-04	0.00e+00	0.00e+00	6.88e-07	3.62e-07	1.18e-07
 4.46211e+15	1.35e-06	9.87e-04	1.55e-01	5.93e-01	2.39e-01	1.30e-02	1.18e-04	0.00e+00	0.00e+00	7.87e-07	4.14e-07	1.36e-07
 4.52062e+15	1.54e-06	1.09e-03	1.66e-01	5.93e-01	2.28e-01	1.18e-02	1.02e-04	0.00e+00	0.00e+00	8.97e-07	4.72e-07	1.55e-07
 4.59667e+15	1.96e-06	1.30e-03	1.84e-01	5.91e-01	2.13e-01	1.03e-02	8.33e-05	0.00e+00	0.00e+00	1.14e-06	6.00e-07	1.97e-07
 4.66792e+15	2.31e-06	1.47e-03	2.01e-01	5.89e-01	2.00e-01	9.15e-03	6.98e-05	0.00e+00	0.00e+00	1.34e-06	7.07e-07	2.32e-07
 4.72205e+15	2.68e-06	1.64e-03	2.15e-01	5.85e-01	1.89e-01	8.29e-03	6.03e-05	0.00e+00	0.00e+00	1.56e-06	8.20e-07	2.69e-07
 4.78154e+15	3.18e-06	1.87e-03	2.33e-01	5.80e-01	1.78e-01	7.38e-03	5.08e-05	0.00e+00	0.00e+00	1.85e-06	9.75e-07	3.20e-07
 4.84584e+15	3.70e-06	2.10e-03	2.52e-01	5.73e-01	1.66e-01	6.53e-03	4.25e-05	0.00e+00	0.00e+00	2.15e-06	1.13e-06	3.72e-07
 4.90708e+15	4.42e-06	2.39e-03	2.73e-01	5.64e-01	1.54e-01	5.74e-03	3.54e-05	0.00e+00	0.00e+00	2.57e-06	1.35e-06	4.44e-07
 4.96481e+15	5.39e-06	2.76e-03	2.96e-01	5.53e-01	1.43e-01	5.03e-03	2.92e-05	0.00e+00	0.00e+00	3.14e-06	1.65e-06	5.43e-07
 5.01415e+15	6.29e-06	3.08e-03	3.16e-01	5.43e-01	1.34e-01	4.49e-03	2.48e-05	0.00e+00	0.00e+00	3.66e-06	1.93e-06	6.34e-07
 5.06515e+15	7.15e-06	3.40e-03	3.37e-01	5.31e-01	1.24e-01	3.98e-03	2.10e-05	0.00e+00	0.00e+00	4.16e-06	2.19e-06	7.21e-07
 5.13143e+15	9.31e-06	4.09e-03	3.70e-01	5.11e-01	1.12e-01	3.31e-03	1.62e-05	0.00e+00	0.00e+00	5.41e-06	2.86e-06	9.39e-07
 5.19183e+15	1.07e-05	4.55e-03	3.99e-01	4.93e-01	1.01e-01	2.84e-03	1.31e-05	0.00e+00	0.00e+00	6.23e-06	3.29e-06	1.08e-06
 5.24458e+15	1.34e-05	5.32e-03	4.29e-01	4.72e-01	9.12e-02	2.40e-03	1.04e-05	0.00e+00	0.00e+00	7.79e-06	4.11e-06	1.35e-06
 5.29675e+15	1.55e-05	5.90e-03	4.58e-01	4.52e-01	8.23e-02	2.05e-03	8.40e-06	0.00e+00	0.00e+00	9.00e-06	4.75e-06	1.56e-06
 5.34818e+15	1.87e-05	6.74e-03	4.90e-01	4.28e-01	7.31e-02	1.71e-03	6.59e-06	0.00e+00	0.00e+00	1.09e-05	5.74e-06	1.89e-06
 5.40241e+15	2.28e-05	7.74e-03	5.25e-01	4.02e-01	6.41e-02	1.40e-03	5.05e-06	0.00e+00	0.00e+00	1.32e-05	6.99e-06	2.31e-06
 5.44830e+15	2.81e-05	8.92e-03	5.57e-01	3.77e-01	5.66e-02	1.16e-03	3.89e-06	0.00e+00	0.00e+00	1.64e-05	8.64e-06	2.85e-06
 5.48601e+15	3.25e-05	9.83e-03	5.82e-01	3.56e-01	5.08e-02	9.86e-04	3.15e-06	0.00e+00	0.00e+00	1.89e-05	9.97e-06	3.29e-06
 5.52507e+15	3.70e-05	1.07e-02	6.09e-01	3.35e-01	4.50e-02	8.29e-04	2.52e-06	0.00e+00	0.00e+00	2.15e-05	1.14e-05	3.75e-06
 5.57584e+15	4.72e-05	1.26e-02	6.46e-01	3.03e-01	3.77e-02	6.37e-04	1.78e-06	0.00e+00	0.00e+00	2.75e-05	1.45e-05	4.80e-06
 5.62474e+15	5.54e-05	1.40e-02	6.78e-01	2.76e-01	3.18e-02	5.00e-04	1.31e-06	0.00e+00	0.00e+00	3.22e-05	1.70e-05	5.63e-06
 5.67120e+15	6.78e-05	1.60e-02	7.10e-01	2.47e-01	2.63e-02	3.82e-04	9.20e-07	0.00e+00	0.00e+00	3.94e-05	2.08e-05	6.90e-06
 5.71198e+15	8.34e-05	1.82e-02	7.37e-01	2.22e-01	2.21e-02	2.96e-04	0.00e+00	0.00e+00	0.00e+00	4.85e-05	2.56e-05	8.49e-06
 5.73462e+15	9.14e-05	1.93e-02	7.51e-01	2.10e-01	2.01e-02	2.58e-04	0.00e+00	0.00e+00	0.00e+00	5.31e-05	2.81e-05	9.31e-06
 5.75330e+15	9.92e-05	2.03e-02	7.62e-01	1.99e-01	1.84e-02	2.28e-04	0.00e+00	0.00e+00	0.00e+00	5.77e-05	3.05e-05	1.01e-05
 5.77757e+15	1.09e-04	2.15e-02	7.76e-01	1.85e-01	1.63e-02	1.94e-04	0.00e+00	0.00e+00	0.00e+00	6.32e-05	3.34e-05	1.11e-05
 5.80912e+15	1.28e-04	2.37e-02	7.95e-01	1.67e-01	1.38e-02	1.52e-04	0.00e+00	0.00e+00	0.00e+00	7.44e-05	3.93e-05	1.31e-05
 5.84022e+15	1.43e-04	2.55e-02	8.10e-01	1.52e-01	1.18e-02	1.23e-04	0.00e+00	0.00e+00	0.00e+00	8.34e-05	4.41e-05	1.46e-05
 5.87074e+15	1.68e-04	2.80e-02	8.25e-01	1.36e-01	9.93e-03	9.59e-05	0.00e+00	0.00e+00	0.00e+00	9.79e-05	5.17e-05	1.72e-05
 5.90137e+15	1.92e-04	3.03e-02	8.38e-01	1.23e-01	8.37e-03	7.55e-05	0.00e+00	0.00e+00	0.00e+00	1.12e-04	5.91e-05	1.97e-05
 5.92733e+15	2.16e-04	3.25e-02	8.48e-01	1.12e-01	7.20e-03	6.11e-05	0.00e+00	0.00e+00	0.00e+00	1.26e-04	6.64e-05	2.21e-05
 5.95622e+15	2.47e-04	3.51e-02	8.59e-01	1.00e-01	6.02e-03	4.76e-05	0.00e+00	0.00e+00	0.00e+00	1.43e-04	7.58e-05	2.52e-05
 5.98808e+15	2.84e-04	3.81e-02	8.68e-01	8.84e-02	4.95e-03	3.61e-05	0.00e+00	0.00e+00	0.00e+00	1.65e-04	8.74e-05	2.91e-05
 6.01717e+15	3.25e-04	4.11e-02	8.76e-01	7.88e-02	4.11e-03	2.79e-05	0.00e+00	0.00e+00	0.00e+00	1.89e-04	9.98e-05	3.33e-05
 6.04376e+15	3.65e-04	4.40e-02	8.81e-01	7.07e-02	3.46e-03	2.19e-05	0.00e+00	0.00e+00	0.00e+00	2.13e-04	1.12e-04	3.75e-05
 6.07375e+15	4.19e-04	4.75e-02	8.87e-01	6.22e-02	2.82e-03	1.64e-05	0.00e+00	0.00e+00	0.00e+00	2.44e-04	1.29e-04	4.30e-05
 6.10629e+15	4.84e-04	5.15e-02	8.91e-01	5.43e-02	2.27e-03	1.21e-05	0.00e+00	0.00e+00	0.00e+00	2.82e-04	1.49e-04	4.97e-05
 6.13543e+15	5.52e-04	5.54e-02	8.94e-01	4.80e-02	1.86e-03	9.16e-06	0.00e+00	0.00e+00	0.00e+00	3.21e-04	1.70e-04	5.67e-05
 6.16243e+15	6.22e-04	5.92e-02	8.96e-01	4.27e-02	1.55e-03	7.05e-06	0.00e+00	0.00e+00	0.00e+00	3.62e-04	1.91e-04	6.39e-05
 6.19338e+15	7.15e-04	6.39e-02	8.97e-01	3.72e-02	1.24e-03	5.14e-06	0.00e+00	0.00e+00	0.00e+00	4.16e-04	2.20e-04	7.35e-05
 6.22701e+15	8.30e-04	6.94e-02	8.97e-01	3.21e-02	9.78e-04	3.69e-06	0.00e+00	0.00e+00	0.00e+00	4.83e-04	2.55e-04	8.54e-05
 6.25697e+15	9.48e-04	7.46e-02	8.96e-01	2.81e-02	7.92e-04	2.73e-06	0.00e+00	0.00e+00	0.00e+00	5.52e-04	2.92e-04	9.76e-05
 6.28451e+15	1.07e-03	7.97e-02	8.94e-01	2.49e-02	6.51e-04	2.07e-06	0.00e+00	0.00e+00	0.00e+00	6.23e-04	3.30e-04	1.10e-04
 6.31606e+15	1.23e-03	8.61e-02	8.91e-01	2.15e-02	5.16e-04	1.49e-06	0.00e+00	0.00e+00	0.00e+00	7.18e-04	3.80e-04	1.27e-04
 6.35059e+15	1.44e-03	9.35e-02	8.86e-01	1.84e-02	4.03e-04	1.04e-06	0.00e+00	0.00e+00	0.00e+00	8.37e-04	4.43e-04	1.48e-04
 6.38161e+15	1.65e-03	1.01e-01	8.81e-01	1.60e-02	3.23e-04	7.59e-07	0.00e+00	0.00e+00	0.00e+00	9.62e-04	5.09e-04	1.70e-04
 6.40994e+15	1.88e-03	1.08e-01	8.76e-01	1.41e-02	2.64e-04	0.00e+00	0.00e+00	0.00e+00	0.00e+00	1.09e-03	5.77e-04	1.93e-04
 6.44218e+15	2.17e-03	1.17e-01	8.69e-01	1.21e-02	2.07e-04	0.00e+00	0.00e+00	0.00e+00	0.00e+00	1.26e-03	6.69e-04	2.24e-04
 6.47757e+15	2.55e-03	1.27e-01	8.60e-01	1.03e-02	1.60e-04	0.00e+00	0.00e+00	0.00e+00	0.00e+00	1.48e-03	7.85e-04	2.63e-04
 6.50956e+15	2.96e-03	1.38e-01	8.50e-01	8.87e-03	1.27e-04	0.00e+00	0.00e+00	0.00e+00	0.00e+00	1.72e-03	9.10e-04	3.05e-04
 6.53874e+15	3.38e-03	1.48e-01	8.41e-01	7.74e-03	1.03e-04	0.00e+00	0.00e+00	0.00e+00	0.00e+00	1.97e-03	1.04e-03	3.49e-04
 6.57173e+15	3.95e-03	1.61e-01	8.28e-01	6.60e-03	7.99e-05	0.00e+00	0.00e+00	0.00e+00	0.00e+00	2.30e-03	1.22e-03	4.08e-04
 6.60815e+15	4.68e-03	1.76e-01	8.14e-01	5.55e-03	6.10e-05	0.00e+00	0.00e+00	0.00e+00	0.00e+00	2.73e-03	1.44e-03	4.84e-04
 6.64174e+15	5.52e-03	1.92e-01	7.98e-01	4.71e-03	4.75e-05	0.00e+00	0.00e+00	0.00e+00	0.00e+00	3.21e-03	1.70e-03	5.70e-04
 6.67234e+15	6.43e-03	2.08e-01	7.81e-01	4.03e-03	3.75e-05	0.00e+00	0.00e+00	0.00e+00	0.00e+00	3.74e-03	1.98e-03	6.64e-04
 6.70638e+15	7.59e-03	2.27e-01	7.62e-01	3.39e-03	2.87e-05	0.00e+00	0.00e+00	0.00e+00	0.00e+00	4.42e-03	2.34e-03	7.85e-04
 6.75063e+15	9.48e-03	2.55e-01	7.33e-01	2.68e-03	2.01e-05	0.00e+00	0.00e+00	0.00e+00	0.00e+00	5.52e-03	2.92e-03	9.80e-04
 6.79497e+15	1.20e-02	2.87e-01	6.99e-01	2.10e-03	1.41e-05	0.00e+00	0.00e+00	0.00e+00	0.00e+00	6.98e-03	3.69e-03	1.24e-03
 6.82891e+15	1.44e-02	3.15e-01	6.69e-01	1.72e-03	1.06e-05	0.00e+00	0.00e+00	0.00e+00	0.00e+00	8.41e-03	4.44e-03	1.49e-03
 6.85781e+15	1.69e-02	3.40e-01	6.41e-01	1.44e-03	8.22e-06	0.00e+00	0.00e+00	0.00e+00	0.00e+00	9.87e-03	5.21e-03	1.75e-03
 6.89066e+15	2.03e-02	3.71e-01	6.08e-01	1.17e-03	6.09e-06	0.00e+00	0.00e+00	0.00e+00	0.00e+00	1.18e-02	6.23e-03	2.10e-03
 6.93338e+15	2.58e-02	4.15e-01	5.58e-01	8.72e-04	4.02e-06	0.00e+00	0.00e+00	0.00e+00	0.00e+00	1.51e-02	7.94e-03	2.68e-03
 6.97506e+15	3.31e-02	4.63e-01	5.03e-01	6.40e-04	2.64e-06	0.00e+00	0.00e+00	0.00e+00	0.00e+00	1.93e-02	1.02e-02	3.43e-03
 7.00509e+15	3.97e-02	4.99e-01	4.60e-01	5.02e-04	1.90e-06	0.00e+00	0.00e+00	0.00e+00	0.00e+00	2.32e-02	1.22e-02	4.12e-03
