#depth	C	C+	C+2	C+3	C+4	C+5	C+6	C[1]	C[2]	C[3]	C+[1]	C+[2]	CO
 1.49634e+10	0.00e+00	0.00e+00	6.07e-29	3.47e-19	7.60e-09	1.64e-03	9.98e-01	0.00e+00	0.00e+00	0.00e+00	0.00e+00	0.00e+00	1.63e-291
 4.54887e+10	0.00e+00	6.41e-39	8.31e-29	4.40e-19	8.90e-09	1.79e-03	9.98e-01	0.00e+00	0.00e+00	0.00e+00	0.00e+00	0.00e+00	0.00e+00
 7.72350e+10	0.00e+00	0.00e+00	1.14e-28	5.60e-19	1.05e-08	1.94e-03	9.98e-01	0.00e+00	0.00e+00	0.00e+00	0.00e+00	0.00e+00	4.65e-212
 1.10251e+11	0.00e+00	1.42e-38	1.58e-28	7.12e-19	1.23e-08	2.10e-03	9.98e-01	0.00e+00	0.00e+00	0.00e+00	0.00e+00	0.00e+00	0.00e+00
 1.42443e+11	0.00e+00	0.00e+00	2.13e-28	8.93e-19	1.43e-08	2.27e-03	9.98e-01	0.00e+00	0.00e+00	0.00e+00	0.00e+00	0.00e+00	1.31e-239
 1.73039e+11	0.00e+00	2.92e-38	2.81e-28	1.10e-18	1.65e-08	2.43e-03	9.98e-01	0.00e+00	0.00e+00	0.00e+00	0.00e+00	0.00e+00	0.00e+00
 2.07005e+11	0.00e+00	0.00e+00	3.78e-28	1.38e-18	1.92e-08	2.62e-03	9.97e-01	0.00e+00	0.00e+00	0.00e+00	0.00e+00	0.00e+00	1.26e-209
 2.41653e+11	0.00e+00	6.08e-38	5.05e-28	1.71e-18	2.22e-08	2.82e-03	9.97e-01	0.00e+00	0.00e+00	0.00e+00	0.00e+00	0.00e+00	0.00e+00
 2.71613e+11	0.00e+00	0.00e+00	6.45e-28	2.06e-18	2.52e-08	3.00e-03	9.97e-01	0.00e+00	0.00e+00	0.00e+00	0.00e+00	0.00e+00	1.05e-284
 3.03907e+11	0.00e+00	1.14e-37	8.36e-28	2.50e-18	2.88e-08	3.19e-03	9.97e-01	0.00e+00	0.00e+00	0.00e+00	0.00e+00	0.00e+00	0.00e+00
 3.43567e+11	0.00e+00	0.00e+00	1.13e-27	3.15e-18	3.36e-08	3.45e-03	9.97e-01	0.00e+00	0.00e+00	0.00e+00	0.00e+00	0.00e+00	0.00e+00
 3.84359e+11	0.00e+00	2.42e-37	1.53e-27	3.95e-18	3.91e-08	3.72e-03	9.96e-01	0.00e+00	0.00e+00	0.00e+00	0.00e+00	0.00e+00	1.03e-164
 4.21902e+11	0.00e+00	0.00e+00	2.00e-27	4.85e-18	4.49e-08	3.98e-03	9.96e-01	0.00e+00	0.00e+00	0.00e+00	0.00e+00	0.00e+00	4.06e-211
 4.63664e+11	0.00e+00	4.86e-37	2.69e-27	6.04e-18	5.22e-08	4.28e-03	9.96e-01	0.00e+00	0.00e+00	0.00e+00	0.00e+00	0.00e+00	1.05e-163
 5.11977e+11	0.00e+00	0.00e+00	3.71e-27	7.70e-18	6.15e-08	4.64e-03	9.95e-01	0.00e+00	0.00e+00	0.00e+00	0.00e+00	0.00e+00	4.76e-222
 5.59916e+11	0.00e+00	1.07e-36	5.06e-27	9.74e-18	7.20e-08	5.01e-03	9.95e-01	0.00e+00	0.00e+00	0.00e+00	0.00e+00	0.00e+00	1.46e-162
 6.09772e+11	0.00e+00	0.00e+00	6.91e-27	1.23e-17	8.46e-08	5.42e-03	9.95e-01	0.00e+00	0.00e+00	0.00e+00	0.00e+00	0.00e+00	1.40e-209
 6.64090e+11	0.00e+00	2.37e-36	9.59e-27	1.58e-17	1.00e-07	5.88e-03	9.94e-01	0.00e+00	0.00e+00	0.00e+00	0.00e+00	0.00e+00	2.07e-161
 7.20580e+11	9.14e-47	3.57e-36	1.33e-26	2.02e-17	1.18e-07	6.37e-03	9.94e-01	0.00e+00	0.00e+00	0.00e+00	0.00e+00	0.00e+00	4.26e-210
 7.79330e+11	0.00e+00	0.00e+00	1.85e-26	2.59e-17	1.40e-07	6.91e-03	9.93e-01	0.00e+00	0.00e+00	0.00e+00	0.00e+00	0.00e+00	0.00e+00
 8.32714e+11	0.00e+00	7.69e-36	2.47e-26	3.22e-17	1.62e-07	7.43e-03	9.93e-01	0.00e+00	0.00e+00	0.00e+00	0.00e+00	0.00e+00	2.14e-207
 8.77538e+11	3.27e-46	1.03e-35	3.13e-26	3.85e-17	1.83e-07	7.87e-03	9.92e-01	0.00e+00	0.00e+00	0.00e+00	0.00e+00	0.00e+00	1.86e-139
 9.26740e+11	0.00e+00	0.00e+00	4.04e-26	4.67e-17	2.09e-07	8.37e-03	9.92e-01	0.00e+00	0.00e+00	0.00e+00	0.00e+00	0.00e+00	9.27e-212
 9.88604e+11	0.00e+00	2.08e-35	5.50e-26	5.90e-17	2.45e-07	9.03e-03	9.91e-01	0.00e+00	0.00e+00	0.00e+00	0.00e+00	0.00e+00	2.79e-158
 1.05256e+12	1.19e-45	3.05e-35	7.48e-26	7.44e-17	2.86e-07	9.74e-03	9.90e-01	0.00e+00	0.00e+00	0.00e+00	0.00e+00	0.00e+00	3.46e-205
 1.10856e+12	0.00e+00	0.00e+00	9.73e-26	9.07e-17	3.27e-07	1.04e-02	9.90e-01	0.00e+00	0.00e+00	0.00e+00	0.00e+00	0.00e+00	0.00e+00
 1.16861e+12	0.00e+00	5.96e-35	1.28e-25	1.12e-16	3.77e-07	1.11e-02	9.89e-01	0.00e+00	0.00e+00	0.00e+00	0.00e+00	0.00e+00	0.00e+00
 1.24156e+12	4.31e-45	8.92e-35	1.77e-25	1.43e-16	4.46e-07	1.20e-02	9.88e-01	0.00e+00	0.00e+00	0.00e+00	0.00e+00	0.00e+00	1.01e-136
 1.31438e+12	0.00e+00	1.32e-34	2.42e-25	1.80e-16	5.23e-07	1.30e-02	9.87e-01	0.00e+00	0.00e+00	0.00e+00	0.00e+00	0.00e+00	0.00e+00
 1.37950e+12	1.03e-44	1.84e-34	3.18e-25	2.21e-16	6.01e-07	1.38e-02	9.86e-01	0.00e+00	0.00e+00	0.00e+00	0.00e+00	0.00e+00	8.39e-136
 1.45152e+12	0.00e+00	2.67e-34	4.28e-25	2.77e-16	7.00e-07	1.48e-02	9.85e-01	0.00e+00	0.00e+00	0.00e+00	0.00e+00	0.00e+00	0.00e+00
 1.53704e+12	2.64e-44	4.06e-34	6.00e-25	3.57e-16	8.32e-07	1.61e-02	9.84e-01	0.00e+00	0.00e+00	0.00e+00	0.00e+00	0.00e+00	8.25e-135
 1.62139e+12	0.00e+00	6.07e-34	8.29e-25	4.55e-16	9.82e-07	1.74e-02	9.83e-01	0.00e+00	0.00e+00	0.00e+00	0.00e+00	0.00e+00	0.00e+00
 1.69745e+12	6.57e-44	8.66e-34	1.10e-24	5.65e-16	1.14e-06	1.86e-02	9.81e-01	0.00e+00	0.00e+00	0.00e+00	0.00e+00	0.00e+00	7.44e-134
 1.78142e+12	0.00e+00	1.28e-33	1.51e-24	7.14e-16	1.33e-06	2.01e-02	9.80e-01	0.00e+00	0.00e+00	0.00e+00	0.00e+00	0.00e+00	0.00e+00
 1.88042e+12	1.76e-43	1.97e-33	2.14e-24	9.29e-16	1.60e-06	2.18e-02	9.78e-01	0.00e+00	0.00e+00	0.00e+00	0.00e+00	0.00e+00	7.97e-133
 1.97806e+12	0.00e+00	2.99e-33	2.99e-24	1.19e-15	1.89e-06	2.36e-02	9.76e-01	0.00e+00	0.00e+00	0.00e+00	0.00e+00	0.00e+00	0.00e+00
 2.06845e+12	4.57e-43	4.37e-33	4.06e-24	1.50e-15	2.21e-06	2.54e-02	9.75e-01	0.00e+00	0.00e+00	0.00e+00	0.00e+00	0.00e+00	7.83e-132
 2.16996e+12	0.00e+00	6.61e-33	5.66e-24	1.93e-15	2.62e-06	2.74e-02	9.73e-01	0.00e+00	0.00e+00	0.00e+00	0.00e+00	0.00e+00	0.00e+00
 2.28669e+12	1.31e-42	1.05e-32	8.21e-24	2.55e-15	3.17e-06	2.99e-02	9.70e-01	0.00e+00	0.00e+00	0.00e+00	0.00e+00	0.00e+00	9.63e-131
 2.40115e+12	0.00e+00	1.63e-32	1.17e-23	3.32e-15	3.79e-06	3.25e-02	9.67e-01	0.00e+00	0.00e+00	0.00e+00	0.00e+00	0.00e+00	0.00e+00
 2.51098e+12	3.63e-42	2.46e-32	1.63e-23	4.26e-15	4.48e-06	3.51e-02	9.65e-01	0.00e+00	0.00e+00	0.00e+00	0.00e+00	0.00e+00	1.09e-129
 2.63214e+12	0.00e+00	3.82e-32	2.32e-23	5.55e-15	5.37e-06	3.81e-02	9.62e-01	0.00e+00	0.00e+00	0.00e+00	0.00e+00	0.00e+00	0.00e+00
 2.75168e+12	1.02e-41	5.81e-32	3.26e-23	7.15e-15	6.37e-06	4.13e-02	9.59e-01	0.00e+00	0.00e+00	0.00e+00	0.00e+00	0.00e+00	1.27e-128
 2.85092e+12	0.00e+00	8.17e-32	4.28e-23	8.78e-15	7.32e-06	4.40e-02	9.56e-01	0.00e+00	0.00e+00	0.00e+00	0.00e+00	0.00e+00	0.00e+00
 2.95670e+12	2.35e-41	1.16e-31	5.69e-23	1.09e-14	8.45e-06	4.70e-02	9.53e-01	0.00e+00	0.00e+00	0.00e+00	0.00e+00	0.00e+00	9.08e-128
 3.09178e+12	0.00e+00	1.80e-31	8.10e-23	1.41e-14	1.01e-05	5.10e-02	9.49e-01	0.00e+00	0.00e+00	0.00e+00	0.00e+00	0.00e+00	0.00e+00
 3.23470e+12	6.82e-41	2.82e-31	1.16e-22	1.85e-14	1.21e-05	5.54e-02	9.45e-01	0.00e+00	0.00e+00	0.00e+00	0.00e+00	0.00e+00	1.12e-126
 3.35432e+12	0.00e+00	4.06e-31	1.56e-22	2.30e-14	1.40e-05	5.92e-02	9.41e-01	0.00e+00	0.00e+00	0.00e+00	0.00e+00	0.00e+00	0.00e+00
 3.45706e+12	1.52e-40	5.51e-31	1.99e-22	2.77e-14	1.59e-05	6.26e-02	9.37e-01	0.00e+00	0.00e+00	0.00e+00	0.00e+00	0.00e+00	7.45e-126
 3.57378e+12	0.00e+00	7.71e-31	2.61e-22	3.39e-14	1.82e-05	6.67e-02	9.33e-01	0.00e+00	0.00e+00	0.00e+00	0.00e+00	0.00e+00	0.00e+00
 3.72551e+12	3.79e-40	1.18e-30	3.67e-22	4.37e-14	2.16e-05	7.20e-02	9.28e-01	0.00e+00	0.00e+00	0.00e+00	0.00e+00	0.00e+00	6.41e-125
 3.88324e+12	0.00e+00	1.80e-30	5.17e-22	5.64e-14	2.56e-05	7.79e-02	9.22e-01	0.00e+00	0.00e+00	0.00e+00	0.00e+00	0.00e+00	0.00e+00
 4.01569e+12	9.56e-40	2.54e-30	6.83e-22	6.94e-14	2.94e-05	8.29e-02	9.17e-01	0.00e+00	0.00e+00	0.00e+00	0.00e+00	0.00e+00	5.68e-124
 4.15482e+12	0.00e+00	3.62e-30	9.06e-22	8.58e-14	3.39e-05	8.84e-02	9.12e-01	0.00e+00	0.00e+00	0.00e+00	0.00e+00	0.00e+00	0.00e+00
 4.33309e+12	2.46e-39	5.59e-30	1.29e-21	1.11e-13	4.03e-05	9.56e-02	9.04e-01	0.00e+00	0.00e+00	0.00e+00	0.00e+00	0.00e+00	5.29e-123
 4.51634e+12	0.00e+00	8.59e-30	1.82e-21	1.44e-13	4.79e-05	1.03e-01	8.97e-01	0.00e+00	0.00e+00	0.00e+00	0.00e+00	0.00e+00	0.00e+00
 4.67162e+12	6.29e-39	1.22e-29	2.42e-21	1.78e-13	5.51e-05	1.10e-01	8.90e-01	0.00e+00	0.00e+00	0.00e+00	0.00e+00	0.00e+00	4.87e-122
 4.83644e+12	0.00e+00	1.75e-29	3.23e-21	2.21e-13	6.36e-05	1.17e-01	8.83e-01	0.00e+00	0.00e+00	0.00e+00	0.00e+00	0.00e+00	0.00e+00
 5.04316e+12	1.64e-38	2.71e-29	4.59e-21	2.87e-13	7.57e-05	1.27e-01	8.73e-01	0.00e+00	0.00e+00	0.00e+00	0.00e+00	0.00e+00	4.70e-121
 5.25569e+12	0.00e+00	4.17e-29	6.50e-21	3.72e-13	8.98e-05	1.37e-01	8.63e-01	0.00e+00	0.00e+00	0.00e+00	0.00e+00	0.00e+00	0.00e+00
 5.44332e+12	4.27e-38	6.01e-29	8.72e-21	4.63e-13	1.04e-04	1.46e-01	8.54e-01	0.00e+00	0.00e+00	0.00e+00	0.00e+00	0.00e+00	4.56e-120
 5.64725e+12	0.00e+00	8.82e-29	1.19e-20	5.83e-13	1.21e-04	1.56e-01	8.44e-01	0.00e+00	0.00e+00	0.00e+00	0.00e+00	0.00e+00	0.00e+00
 5.86846e+12	1.10e-37	1.32e-28	1.64e-20	7.41e-13	1.41e-04	1.67e-01	8.33e-01	0.00e+00	0.00e+00	0.00e+00	0.00e+00	0.00e+00	4.29e-119
 6.06760e+12	0.00e+00	1.86e-28	2.17e-20	9.12e-13	1.62e-04	1.77e-01	8.23e-01	0.00e+00	0.00e+00	0.00e+00	0.00e+00	0.00e+00	0.00e+00
 6.28193e+12	2.57e-37	2.68e-28	2.91e-20	1.13e-12	1.86e-04	1.88e-01	8.12e-01	0.00e+00	0.00e+00	0.00e+00	0.00e+00	0.00e+00	3.28e-118
 6.52303e+12	0.00e+00	3.96e-28	3.98e-20	1.43e-12	2.17e-04	2.01e-01	7.99e-01	0.00e+00	0.00e+00	0.00e+00	0.00e+00	0.00e+00	0.00e+00
 6.75224e+12	6.35e-37	5.67e-28	5.32e-20	1.77e-12	2.49e-04	2.13e-01	7.87e-01	0.00e+00	0.00e+00	0.00e+00	0.00e+00	0.00e+00	2.84e-117
 6.96512e+12	0.00e+00	7.83e-28	6.90e-20	2.15e-12	2.83e-04	2.24e-01	7.75e-01	0.00e+00	0.00e+00	0.00e+00	0.00e+00	0.00e+00	0.00e+00
 7.16533e+12	1.33e-36	1.05e-27	8.74e-20	2.56e-12	3.16e-04	2.35e-01	7.64e-01	0.00e+00	0.00e+00	0.00e+00	0.00e+00	0.00e+00	1.68e-116
 7.38742e+12	0.00e+00	1.44e-27	1.13e-19	3.09e-12	3.57e-04	2.48e-01	7.52e-01	0.00e+00	0.00e+00	0.00e+00	0.00e+00	0.00e+00	1.87e-100
 7.63569e+12	2.94e-36	2.03e-27	1.48e-19	3.78e-12	4.07e-04	2.61e-01	7.38e-01	0.00e+00	0.00e+00	0.00e+00	0.00e+00	0.00e+00	0.00e+00
 7.86981e+12	0.00e+00	2.77e-27	1.91e-19	4.55e-12	4.58e-04	2.74e-01	7.25e-01	0.00e+00	0.00e+00	0.00e+00	0.00e+00	0.00e+00	2.39e-132
 8.12597e+12	6.38e-36	3.86e-27	2.49e-19	5.54e-12	5.19e-04	2.88e-01	7.11e-01	0.00e+00	0.00e+00	0.00e+00	0.00e+00	0.00e+00	5.31e-98
 8.41181e+12	0.00e+00	5.51e-27	3.31e-19	6.84e-12	5.94e-04	3.04e-01	6.95e-01	0.00e+00	0.00e+00	0.00e+00	0.00e+00	0.00e+00	0.00e+00
 8.68121e+12	1.45e-35	7.63e-27	4.30e-19	8.28e-12	6.70e-04	3.19e-01	6.80e-01	0.00e+00	0.00e+00	0.00e+00	0.00e+00	0.00e+00	5.28e-114
 8.97640e+12	0.00e+00	1.07e-26	5.67e-19	1.01e-11	7.62e-04	3.36e-01	6.64e-01	0.00e+00	0.00e+00	0.00e+00	0.00e+00	0.00e+00	2.76e-98
 9.30743e+12	3.42e-35	1.56e-26	7.64e-19	1.26e-11	8.74e-04	3.54e-01	6.45e-01	0.00e+00	0.00e+00	0.00e+00	0.00e+00	0.00e+00	0.00e+00
 9.62222e+12	0.00e+00	2.19e-26	1.00e-18	1.54e-11	9.91e-04	3.71e-01	6.28e-01	0.00e+00	0.00e+00	0.00e+00	0.00e+00	0.00e+00	1.78e-129
 9.96859e+12	7.96e-35	3.14e-26	1.34e-18	1.91e-11	1.13e-03	3.90e-01	6.09e-01	0.00e+00	0.00e+00	0.00e+00	0.00e+00	0.00e+00	9.93e-96
 1.03574e+13	1.27e-34	4.64e-26	1.84e-18	2.40e-11	1.30e-03	4.10e-01	5.88e-01	0.00e+00	0.00e+00	0.00e+00	0.00e+00	0.00e+00	1.05e-111
 1.07281e+13	1.96e-34	6.63e-26	2.45e-18	2.96e-11	1.48e-03	4.30e-01	5.69e-01	0.00e+00	0.00e+00	0.00e+00	0.00e+00	0.00e+00	6.43e-95
 1.11369e+13	3.09e-34	9.69e-26	3.32e-18	3.69e-11	1.70e-03	4.50e-01	5.48e-01	0.00e+00	0.00e+00	0.00e+00	0.00e+00	0.00e+00	9.17e-111
 1.15973e+13	5.07e-34	1.46e-25	4.61e-18	4.69e-11	1.97e-03	4.73e-01	5.25e-01	0.00e+00	0.00e+00	0.00e+00	0.00e+00	0.00e+00	4.61e-94
 1.20383e+13	7.98e-34	2.13e-25	6.25e-18	5.85e-11	2.25e-03	4.95e-01	5.03e-01	0.00e+00	0.00e+00	0.00e+00	0.00e+00	0.00e+00	9.40e-110
 1.25100e+13	1.27e-33	3.13e-25	8.52e-18	7.32e-11	2.57e-03	5.17e-01	4.81e-01	0.00e+00	0.00e+00	0.00e+00	0.00e+00	0.00e+00	3.10e-93
 1.30028e+13	2.03e-33	4.62e-25	1.17e-17	9.19e-11	2.94e-03	5.39e-01	4.58e-01	0.00e+00	0.00e+00	0.00e+00	0.00e+00	0.00e+00	9.35e-109
 1.34434e+13	3.03e-33	6.44e-25	1.52e-17	1.12e-10	3.30e-03	5.58e-01	4.38e-01	0.00e+00	0.00e+00	0.00e+00	0.00e+00	0.00e+00	1.87e-92
 1.39214e+13	4.60e-33	9.12e-25	2.02e-17	1.36e-10	3.72e-03	5.78e-01	4.18e-01	0.00e+00	0.00e+00	0.00e+00	0.00e+00	0.00e+00	7.08e-108
 1.44903e+13	7.43e-33	1.36e-24	2.78e-17	1.72e-10	4.26e-03	6.01e-01	3.95e-01	0.00e+00	0.00e+00	0.00e+00	0.00e+00	0.00e+00	1.19e-91
 1.49813e+13	1.11e-32	1.89e-24	3.64e-17	2.09e-10	4.77e-03	6.19e-01	3.76e-01	0.00e+00	0.00e+00	0.00e+00	0.00e+00	0.00e+00	6.22e-107
 1.53262e+13	1.45e-32	2.36e-24	4.36e-17	2.38e-10	5.14e-03	6.32e-01	3.63e-01	0.00e+00	0.00e+00	0.00e+00	0.00e+00	0.00e+00	4.68e-91
 1.56773e+13	1.89e-32	2.95e-24	5.21e-17	2.70e-10	5.54e-03	6.44e-01	3.51e-01	0.00e+00	0.00e+00	0.00e+00	0.00e+00	0.00e+00	2.35e-106
 1.61338e+13	2.64e-32	3.90e-24	6.54e-17	3.19e-10	6.09e-03	6.59e-01	3.35e-01	0.00e+00	0.00e+00	0.00e+00	0.00e+00	0.00e+00	1.62e-90
 1.66429e+13	3.80e-32	5.29e-24	8.36e-17	3.80e-10	6.73e-03	6.75e-01	3.18e-01	0.00e+00	0.00e+00	0.00e+00	0.00e+00	0.00e+00	1.35e-105
 1.71190e+13	5.27e-32	6.95e-24	1.04e-16	4.46e-10	7.37e-03	6.89e-01	3.03e-01	0.00e+00	0.00e+00	0.00e+00	0.00e+00	0.00e+00	6.69e-90
 1.76366e+13	7.42e-32	9.24e-24	1.32e-16	5.27e-10	8.09e-03	7.04e-01	2.88e-01	0.00e+00	0.00e+00	0.00e+00	0.00e+00	0.00e+00	7.24e-105
 1.82156e+13	1.08e-31	1.26e-23	1.69e-16	6.32e-10	8.96e-03	7.19e-01	2.72e-01	0.00e+00	0.00e+00	0.00e+00	0.00e+00	0.00e+00	2.89e-89
 1.87587e+13	1.50e-31	1.67e-23	2.13e-16	7.44e-10	9.81e-03	7.32e-01	2.58e-01	0.00e+00	0.00e+00	0.00e+00	0.00e+00	0.00e+00	4.26e-104
 1.93486e+13	2.13e-31	2.23e-23	2.69e-16	8.80e-10	1.08e-02	7.45e-01	2.44e-01	0.00e+00	0.00e+00	0.00e+00	0.00e+00	0.00e+00	1.17e-88
 2.00125e+13	3.10e-31	3.05e-23	3.49e-16	1.06e-09	1.19e-02	7.59e-01	2.29e-01	0.00e+00	0.00e+00	0.00e+00	0.00e+00	0.00e+00	2.68e-103
 2.06421e+13	4.37e-31	4.07e-23	4.40e-16	1.25e-09	1.31e-02	7.71e-01	2.16e-01	0.00e+00	0.00e+00	0.00e+00	0.00e+00	0.00e+00	5.17e-88
 2.13301e+13	6.25e-31	5.48e-23	5.61e-16	1.49e-09	1.44e-02	7.83e-01	2.03e-01	0.00e+00	0.00e+00	0.00e+00	0.00e+00	0.00e+00	1.60e-102
 2.21684e+13	9.49e-31	7.78e-23	7.47e-16	1.83e-09	1.60e-02	7.96e-01	1.88e-01	0.00e+00	0.00e+00	0.00e+00	0.00e+00	0.00e+00	2.59e-87
 2.30007e+13	1.41e-30	1.08e-22	9.78e-16	2.21e-09	1.78e-02	8.08e-01	1.75e-01	0.00e+00	0.00e+00	0.00e+00	0.00e+00	0.00e+00	1.30e-101
 2.37369e+13	1.97e-30	1.43e-22	1.23e-15	2.60e-09	1.94e-02	8.17e-01	1.64e-01	0.00e+00	0.00e+00	0.00e+00	0.00e+00	0.00e+00	1.19e-86
 2.45493e+13	2.80e-30	1.92e-22	1.55e-15	3.07e-09	2.12e-02	8.26e-01	1.53e-01	0.00e+00	0.00e+00	0.00e+00	0.00e+00	0.00e+00	7.84e-101
 2.54078e+13	4.01e-30	2.59e-22	1.98e-15	3.65e-09	2.32e-02	8.34e-01	1.43e-01	0.00e+00	0.00e+00	0.00e+00	0.00e+00	0.00e+00	5.41e-86
 2.61490e+13	5.40e-30	3.31e-22	2.42e-15	4.20e-09	2.50e-02	8.40e-01	1.35e-01	0.00e+00	0.00e+00	0.00e+00	0.00e+00	0.00e+00	4.41e-100
 2.69357e+13	7.31e-30	4.26e-22	2.96e-15	4.84e-09	2.69e-02	8.46e-01	1.27e-01	0.00e+00	0.00e+00	0.00e+00	0.00e+00	0.00e+00	1.99e-85
 2.79430e+13	1.06e-29	5.82e-22	3.79e-15	5.77e-09	2.95e-02	8.53e-01	1.18e-01	0.00e+00	0.00e+00	0.00e+00	0.00e+00	0.00e+00	2.68e-99
 2.89862e+13	1.54e-29	7.92e-22	4.86e-15	6.86e-09	3.23e-02	8.59e-01	1.09e-01	0.00e+00	0.00e+00	0.00e+00	0.00e+00	0.00e+00	1.01e-84
 2.98292e+13	2.06e-29	1.01e-21	5.87e-15	7.83e-09	3.46e-02	8.62e-01	1.03e-01	0.00e+00	0.00e+00	0.00e+00	0.00e+00	0.00e+00	1.58e-98
 3.06629e+13	2.72e-29	1.26e-21	7.02e-15	8.87e-09	3.69e-02	8.66e-01	9.73e-02	0.00e+00	0.00e+00	0.00e+00	0.00e+00	0.00e+00	3.55e-84
 3.17466e+13	3.84e-29	1.68e-21	8.82e-15	1.04e-08	4.00e-02	8.69e-01	9.05e-02	0.00e+00	0.00e+00	0.00e+00	0.00e+00	0.00e+00	8.55e-98
 3.28901e+13	5.47e-29	2.25e-21	1.11e-14	1.22e-08	4.35e-02	8.73e-01	8.40e-02	0.00e+00	0.00e+00	0.00e+00	0.00e+00	0.00e+00	1.68e-83
 3.38789e+13	7.34e-29	2.86e-21	1.34e-14	1.39e-08	4.64e-02	8.75e-01	7.90e-02	0.00e+00	0.00e+00	0.00e+00	0.00e+00	0.00e+00	4.97e-97
 3.49322e+13	9.93e-29	3.66e-21	1.63e-14	1.59e-08	4.97e-02	8.76e-01	7.42e-02	0.00e+00	0.00e+00	0.00e+00	0.00e+00	0.00e+00	6.52e-83
 3.62531e+13	1.43e-28	4.94e-21	2.06e-14	1.86e-08	5.39e-02	8.77e-01	6.87e-02	0.00e+00	0.00e+00	0.00e+00	0.00e+00	0.00e+00	3.12e-96
 3.76319e+13	2.07e-28	6.68e-21	2.61e-14	2.19e-08	5.85e-02	8.78e-01	6.34e-02	0.00e+00	0.00e+00	0.00e+00	0.00e+00	0.00e+00	3.46e-82
 3.88717e+13	2.84e-28	8.65e-21	3.19e-14	2.52e-08	6.26e-02	8.78e-01	5.92e-02	0.00e+00	0.00e+00	0.00e+00	0.00e+00	0.00e+00	2.06e-95
 4.02205e+13	3.97e-28	1.14e-20	3.94e-14	2.91e-08	6.73e-02	8.78e-01	5.51e-02	0.00e+00	0.00e+00	0.00e+00	0.00e+00	0.00e+00	1.56e-81
 4.18174e+13	5.80e-28	1.55e-20	5.00e-14	3.42e-08	7.29e-02	8.76e-01	5.07e-02	0.00e+00	0.00e+00	0.00e+00	0.00e+00	0.00e+00	1.49e-94
 4.34007e+13	8.33e-28	2.08e-20	6.29e-14	4.00e-08	7.88e-02	8.75e-01	4.67e-02	0.00e+00	0.00e+00	0.00e+00	0.00e+00	0.00e+00	8.64e-81
 4.48162e+13	1.14e-27	2.68e-20	7.66e-14	4.57e-08	8.41e-02	8.72e-01	4.35e-02	0.00e+00	0.00e+00	0.00e+00	0.00e+00	0.00e+00	9.68e-94
 4.63499e+13	1.58e-27	3.49e-20	9.36e-14	5.23e-08	8.99e-02	8.70e-01	4.05e-02	0.00e+00	0.00e+00	0.00e+00	0.00e+00	0.00e+00	3.85e-80
 4.80661e+13	2.24e-27	4.64e-20	1.17e-13	6.06e-08	9.65e-02	8.66e-01	3.74e-02	0.00e+00	0.00e+00	0.00e+00	0.00e+00	0.00e+00	6.48e-93
 4.96854e+13	3.09e-27	6.01e-20	1.43e-13	6.94e-08	1.03e-01	8.62e-01	3.47e-02	0.00e+00	0.00e+00	0.00e+00	0.00e+00	0.00e+00	1.85e-79
 5.14564e+13	4.33e-27	7.90e-20	1.76e-13	7.98e-08	1.10e-01	8.58e-01	3.21e-02	0.00e+00	0.00e+00	0.00e+00	0.00e+00	0.00e+00	4.09e-92
 5.33108e+13	6.08e-27	1.04e-19	2.17e-13	9.22e-08	1.18e-01	8.52e-01	2.96e-02	0.00e+00	0.00e+00	0.00e+00	0.00e+00	0.00e+00	9.08e-79
 5.47902e+13	7.90e-27	1.29e-19	2.56e-13	1.03e-07	1.24e-01	8.48e-01	2.78e-02	0.00e+00	0.00e+00	0.00e+00	0.00e+00	0.00e+00	2.23e-91
 5.62298e+13	1.01e-26	1.57e-19	2.98e-13	1.14e-07	1.31e-01	8.43e-01	2.62e-02	0.00e+00	0.00e+00	0.00e+00	0.00e+00	0.00e+00	3.04e-78
 5.81012e+13	1.39e-26	2.03e-19	3.61e-13	1.29e-07	1.39e-01	8.37e-01	2.43e-02	0.00e+00	0.00e+00	0.00e+00	0.00e+00	0.00e+00	1.09e-90
 6.00512e+13	1.90e-26	2.62e-19	4.40e-13	1.48e-07	1.48e-01	8.30e-01	2.25e-02	0.00e+00	0.00e+00	0.00e+00	0.00e+00	0.00e+00	1.34e-77
 6.16895e+13	2.45e-26	3.22e-19	5.15e-13	1.64e-07	1.55e-01	8.24e-01	2.11e-02	0.00e+00	0.00e+00	0.00e+00	0.00e+00	0.00e+00	5.48e-90
 6.34052e+13	3.18e-26	3.97e-19	6.04e-13	1.82e-07	1.63e-01	8.17e-01	1.98e-02	0.00e+00	0.00e+00	0.00e+00	0.00e+00	0.00e+00	4.58e-77
 6.56357e+13	4.41e-26	5.17e-19	7.42e-13	2.09e-07	1.73e-01	8.08e-01	1.82e-02	0.00e+00	0.00e+00	0.00e+00	0.00e+00	0.00e+00	2.90e-89
 6.79399e+13	6.11e-26	6.73e-19	9.05e-13	2.38e-07	1.84e-01	7.99e-01	1.68e-02	0.00e+00	0.00e+00	0.00e+00	0.00e+00	0.00e+00	2.16e-76
 6.98871e+13	7.96e-26	8.34e-19	1.07e-12	2.66e-07	1.93e-01	7.91e-01	1.56e-02	0.00e+00	0.00e+00	0.00e+00	0.00e+00	0.00e+00	4.02e-76
 7.19655e+13	1.05e-25	1.04e-18	1.26e-12	2.97e-07	2.03e-01	7.82e-01	1.45e-02	0.00e+00	0.00e+00	0.00e+00	0.00e+00	0.00e+00	7.75e-76
 7.46179e+13	1.47e-25	1.37e-18	1.56e-12	3.42e-07	2.16e-01	7.70e-01	1.32e-02	0.00e+00	0.00e+00	0.00e+00	0.00e+00	0.00e+00	1.72e-75
 7.73523e+13	2.05e-25	1.79e-18	1.91e-12	3.91e-07	2.29e-01	7.58e-01	1.21e-02	0.00e+00	0.00e+00	0.00e+00	0.00e+00	0.00e+00	3.87e-75
 7.97174e+13	2.71e-25	2.25e-18	2.28e-12	4.39e-07	2.41e-01	7.47e-01	1.12e-02	0.00e+00	0.00e+00	0.00e+00	0.00e+00	0.00e+00	7.45e-75
 8.22671e+13	3.63e-25	2.84e-18	2.72e-12	4.93e-07	2.54e-01	7.36e-01	1.03e-02	0.00e+00	0.00e+00	0.00e+00	0.00e+00	0.00e+00	1.50e-74
 8.53973e+13	5.11e-25	3.75e-18	3.37e-12	5.67e-07	2.69e-01	7.21e-01	9.32e-03	0.00e+00	0.00e+00	0.00e+00	0.00e+00	0.00e+00	3.39e-74
 8.85236e+13	7.11e-25	4.88e-18	4.12e-12	6.46e-07	2.85e-01	7.07e-01	8.47e-03	0.00e+00	0.00e+00	0.00e+00	0.00e+00	0.00e+00	7.53e-74
 9.12581e+13	9.38e-25	6.11e-18	4.88e-12	7.21e-07	2.98e-01	6.94e-01	7.80e-03	0.00e+00	0.00e+00	0.00e+00	0.00e+00	0.00e+00	1.47e-73
 9.42420e+13	1.26e-24	7.74e-18	5.84e-12	8.10e-07	3.13e-01	6.80e-01	7.14e-03	0.00e+00	0.00e+00	0.00e+00	0.00e+00	0.00e+00	2.99e-73
 9.78621e+13	1.76e-24	1.02e-17	7.21e-12	9.28e-07	3.31e-01	6.63e-01	6.42e-03	0.00e+00	0.00e+00	0.00e+00	0.00e+00	0.00e+00	6.74e-73
 1.01479e+14	2.45e-24	1.32e-17	8.78e-12	1.05e-06	3.48e-01	6.46e-01	5.81e-03	0.00e+00	0.00e+00	0.00e+00	0.00e+00	0.00e+00	1.51e-72
 1.04728e+14	3.25e-24	1.66e-17	1.04e-11	1.18e-06	3.63e-01	6.31e-01	5.30e-03	0.00e+00	0.00e+00	0.00e+00	0.00e+00	0.00e+00	2.99e-72
 1.08329e+14	4.38e-24	2.11e-17	1.25e-11	1.32e-06	3.80e-01	6.15e-01	4.81e-03	0.00e+00	0.00e+00	0.00e+00	0.00e+00	0.00e+00	6.22e-72
 1.12587e+14	6.17e-24	2.78e-17	1.54e-11	1.51e-06	4.00e-01	5.96e-01	4.30e-03	0.00e+00	0.00e+00	0.00e+00	0.00e+00	0.00e+00	1.44e-71
 1.16812e+14	8.51e-24	3.60e-17	1.88e-11	1.71e-06	4.19e-01	5.77e-01	3.85e-03	0.00e+00	0.00e+00	0.00e+00	0.00e+00	0.00e+00	3.15e-71
 1.20715e+14	1.14e-23	4.53e-17	2.23e-11	1.91e-06	4.36e-01	5.61e-01	3.49e-03	0.00e+00	0.00e+00	0.00e+00	1.45e-17	3.07e-17	6.44e-71
 1.25083e+14	1.55e-23	5.80e-17	2.68e-11	2.14e-06	4.54e-01	5.43e-01	3.14e-03	0.00e+00	0.00e+00	0.00e+00	1.92e-17	3.88e-17	1.40e-70
 1.29661e+14	2.12e-23	7.46e-17	3.23e-11	2.40e-06	4.73e-01	5.24e-01	2.81e-03	0.00e+00	0.00e+00	0.00e+00	2.47e-17	4.99e-17	3.07e-70
 1.33593e+14	2.75e-23	9.16e-17	3.77e-11	2.64e-06	4.89e-01	5.09e-01	2.56e-03	0.00e+00	0.00e+00	0.00e+00	3.04e-17	6.12e-17	5.85e-70
 1.37021e+14	3.42e-23	1.09e-16	4.29e-11	2.86e-06	5.02e-01	4.96e-01	2.37e-03	0.00e+00	0.00e+00	0.00e+00	3.61e-17	7.27e-17	1.01e-69
 1.40715e+14	4.30e-23	1.31e-16	4.90e-11	3.11e-06	5.16e-01	4.82e-01	2.18e-03	0.00e+00	0.00e+00	0.00e+00	4.34e-17	8.74e-17	1.81e-69
 1.45518e+14	5.71e-23	1.64e-16	5.81e-11	3.45e-06	5.33e-01	4.65e-01	1.96e-03	0.00e+00	0.00e+00	0.00e+00	5.43e-17	1.09e-16	3.67e-69
 1.50423e+14	7.59e-23	2.05e-16	6.85e-11	3.81e-06	5.50e-01	4.48e-01	1.76e-03	0.00e+00	0.00e+00	0.00e+00	6.79e-17	1.37e-16	7.58e-69
 1.54461e+14	9.53e-23	2.45e-16	7.81e-11	4.12e-06	5.64e-01	4.35e-01	1.62e-03	0.00e+00	0.00e+00	0.00e+00	8.13e-17	1.64e-16	1.36e-68
 1.58711e+14	1.20e-22	2.94e-16	8.92e-11	4.46e-06	5.78e-01	4.21e-01	1.48e-03	0.00e+00	0.00e+00	0.00e+00	9.76e-17	1.97e-16	2.45e-68
 1.64237e+14	1.61e-22	3.70e-16	1.05e-10	4.93e-06	5.95e-01	4.04e-01	1.33e-03	0.00e+00	0.00e+00	0.00e+00	1.23e-16	2.47e-16	5.18e-68
 1.70054e+14	2.14e-22	4.64e-16	1.25e-10	5.45e-06	6.12e-01	3.87e-01	1.18e-03	0.00e+00	0.00e+00	0.00e+00	1.54e-16	3.10e-16	1.08e-67
 1.75057e+14	2.74e-22	5.62e-16	1.43e-10	5.91e-06	6.26e-01	3.73e-01	1.08e-03	0.00e+00	0.00e+00	0.00e+00	1.86e-16	3.76e-16	2.04e-67
 1.80366e+14	3.52e-22	6.84e-16	1.65e-10	6.42e-06	6.40e-01	3.59e-01	9.76e-04	0.00e+00	0.00e+00	0.00e+00	2.27e-16	4.58e-16	3.93e-67
 1.87050e+14	4.79e-22	8.72e-16	1.96e-10	7.08e-06	6.57e-01	3.43e-01	8.65e-04	0.00e+00	0.00e+00	0.00e+00	2.89e-16	5.83e-16	8.83e-67
 1.94007e+14	6.45e-22	1.10e-15	2.33e-10	7.83e-06	6.73e-01	3.26e-01	7.64e-04	0.00e+00	0.00e+00	0.00e+00	3.64e-16	7.36e-16	1.91e-66
 2.00170e+14	8.37e-22	1.35e-15	2.69e-10	8.50e-06	6.87e-01	3.12e-01	6.88e-04	0.00e+00	0.00e+00	0.00e+00	4.46e-16	9.01e-16	3.79e-66
 2.06810e+14	1.10e-21	1.67e-15	3.12e-10	9.24e-06	7.01e-01	2.99e-01	6.17e-04	0.00e+00	0.00e+00	0.00e+00	5.53e-16	1.12e-15	7.90e-66
 2.14790e+14	1.50e-21	2.12e-15	3.71e-10	1.02e-05	7.17e-01	2.83e-01	5.41e-04	0.00e+00	0.00e+00	0.00e+00	7.01e-16	1.42e-15	1.76e-65
 2.22747e+14	2.03e-21	2.67e-15	4.37e-10	1.12e-05	7.31e-01	2.69e-01	4.78e-04	0.00e+00	0.00e+00	0.00e+00	8.85e-16	1.79e-15	3.94e-65
 2.30015e+14	2.65e-21	3.29e-15	5.05e-10	1.21e-05	7.43e-01	2.56e-01	4.28e-04	0.00e+00	0.00e+00	0.00e+00	1.09e-15	2.20e-15	8.04e-65
 2.38149e+14	3.52e-21	4.10e-15	5.90e-10	1.32e-05	7.56e-01	2.43e-01	3.79e-04	0.00e+00	0.00e+00	0.00e+00	1.36e-15	2.74e-15	1.72e-64
 2.47617e+14	4.84e-21	5.24e-15	7.01e-10	1.45e-05	7.70e-01	2.29e-01	3.31e-04	0.00e+00	0.00e+00	0.00e+00	1.74e-15	3.51e-15	4.04e-64
 2.56952e+14	6.54e-21	6.62e-15	8.26e-10	1.59e-05	7.83e-01	2.17e-01	2.91e-04	0.00e+00	0.00e+00	0.00e+00	2.19e-15	4.43e-15	9.05e-64
 2.65819e+14	8.60e-21	8.18e-15	9.60e-10	1.72e-05	7.94e-01	2.06e-01	2.58e-04	0.00e+00	0.00e+00	0.00e+00	2.71e-15	5.48e-15	1.89e-63
 2.75640e+14	1.15e-20	1.03e-14	1.12e-09	1.88e-05	8.06e-01	1.94e-01	2.27e-04	0.00e+00	0.00e+00	0.00e+00	3.39e-15	6.87e-15	4.18e-63
 2.86696e+14	1.58e-20	1.31e-14	1.33e-09	2.06e-05	8.18e-01	1.82e-01	1.97e-04	0.00e+00	0.00e+00	0.00e+00	4.33e-15	8.77e-15	9.84e-63
 2.96089e+14	2.05e-20	1.60e-14	1.53e-09	2.22e-05	8.27e-01	1.73e-01	1.75e-04	0.00e+00	0.00e+00	0.00e+00	5.28e-15	1.07e-14	1.98e-62
 3.03031e+14	2.45e-20	1.83e-14	1.70e-09	2.34e-05	8.33e-01	1.67e-01	1.61e-04	0.00e+00	0.00e+00	0.00e+00	6.06e-15	1.23e-14	3.20e-62
 3.10356e+14	2.97e-20	2.13e-14	1.88e-09	2.47e-05	8.40e-01	1.60e-01	1.48e-04	0.00e+00	0.00e+00	0.00e+00	7.04e-15	1.43e-14	5.48e-62
 3.19879e+14	3.75e-20	2.55e-14	2.14e-09	2.64e-05	8.48e-01	1.52e-01	1.33e-04	0.00e+00	0.00e+00	0.00e+00	8.43e-15	1.71e-14	1.03e-61
 3.30342e+14	4.88e-20	3.12e-14	2.45e-09	2.84e-05	8.55e-01	1.44e-01	1.18e-04	0.00e+00	0.00e+00	0.00e+00	1.03e-14	2.09e-14	2.12e-61
 3.40020e+14	6.08e-20	3.70e-14	2.77e-09	3.04e-05	8.63e-01	1.37e-01	1.06e-04	0.00e+00	0.00e+00	0.00e+00	1.22e-14	2.48e-14	3.84e-61
 3.50594e+14	7.70e-20	4.44e-14	3.16e-09	3.25e-05	8.70e-01	1.30e-01	9.47e-05	0.00e+00	0.00e+00	0.00e+00	1.47e-14	2.98e-14	7.37e-61
 3.62499e+14	1.00e-19	5.44e-14	3.64e-09	3.50e-05	8.77e-01	1.23e-01	8.37e-05	0.00e+00	0.00e+00	0.00e+00	1.80e-14	3.65e-14	1.52e-60
 3.73844e+14	1.28e-19	6.57e-14	4.14e-09	3.75e-05	8.83e-01	1.17e-01	7.46e-05	0.00e+00	0.00e+00	0.00e+00	2.17e-14	4.40e-14	2.97e-60
 3.86301e+14	1.63e-19	7.93e-14	4.75e-09	4.03e-05	8.90e-01	1.10e-01	6.59e-05	0.00e+00	0.00e+00	0.00e+00	2.62e-14	5.32e-14	5.76e-60
 4.00132e+14	2.14e-19	9.78e-14	5.51e-09	4.35e-05	8.97e-01	1.03e-01	5.78e-05	0.00e+00	0.00e+00	0.00e+00	3.22e-14	6.56e-14	1.22e-59
 4.13019e+14	2.74e-19	1.19e-13	6.28e-09	4.66e-05	9.02e-01	9.77e-02	5.13e-05	0.00e+00	0.00e+00	0.00e+00	3.91e-14	7.96e-14	2.44e-59
 4.27039e+14	3.54e-19	1.45e-13	7.22e-09	5.01e-05	9.08e-01	9.19e-02	4.51e-05	0.00e+00	0.00e+00	0.00e+00	4.76e-14	9.69e-14	4.92e-59
 4.42630e+14	4.59e-19	1.77e-13	8.39e-09	5.43e-05	9.14e-01	8.61e-02	3.93e-05	0.00e+00	0.00e+00	0.00e+00	5.83e-14	1.19e-13	1.01e-58
 4.57114e+14	5.90e-19	2.15e-13	9.59e-09	5.81e-05	9.19e-01	8.12e-02	3.48e-05	0.00e+00	0.00e+00	0.00e+00	7.08e-14	1.44e-13	2.04e-58
 4.72794e+14	7.56e-19	2.61e-13	1.10e-08	6.26e-05	9.24e-01	7.62e-02	3.05e-05	0.00e+00	0.00e+00	0.00e+00	8.58e-14	1.75e-13	4.02e-58
 4.90286e+14	9.94e-19	3.23e-13	1.28e-08	6.76e-05	9.29e-01	7.12e-02	2.65e-05	0.00e+00	0.00e+00	0.00e+00	1.06e-13	2.17e-13	8.65e-58
 5.06636e+14	1.25e-18	3.88e-13	1.47e-08	7.27e-05	9.33e-01	6.69e-02	2.32e-05	0.00e+00	0.00e+00	0.00e+00	1.28e-13	2.61e-13	1.65e-57
 5.24394e+14	1.63e-18	4.76e-13	1.69e-08	7.82e-05	9.37e-01	6.27e-02	2.03e-05	0.00e+00	0.00e+00	0.00e+00	1.56e-13	3.20e-13	3.44e-57
 5.44187e+14	2.12e-18	5.85e-13	1.98e-08	8.48e-05	9.42e-01	5.83e-02	1.75e-05	0.00e+00	0.00e+00	0.00e+00	1.92e-13	3.93e-13	7.08e-57
 5.62656e+14	2.71e-18	7.08e-13	2.27e-08	9.11e-05	9.45e-01	5.47e-02	1.54e-05	0.00e+00	0.00e+00	0.00e+00	2.32e-13	4.76e-13	1.41e-56
 5.82696e+14	3.50e-18	8.65e-13	2.62e-08	9.82e-05	9.49e-01	5.11e-02	1.34e-05	0.00e+00	0.00e+00	0.00e+00	2.84e-13	5.81e-13	2.87e-56
 6.05004e+14	4.61e-18	1.08e-12	3.06e-08	1.06e-04	9.52e-01	4.75e-02	1.15e-05	0.00e+00	0.00e+00	0.00e+00	3.53e-13	7.23e-13	6.26e-56
 6.25968e+14	5.85e-18	1.30e-12	3.52e-08	1.15e-04	9.55e-01	4.44e-02	1.00e-05	0.00e+00	0.00e+00	0.00e+00	4.25e-13	8.72e-13	1.21e-55
 6.48685e+14	7.61e-18	1.59e-12	4.08e-08	1.24e-04	9.58e-01	4.14e-02	8.68e-06	0.00e+00	0.00e+00	0.00e+00	5.22e-13	1.07e-12	2.53e-55
 6.73928e+14	9.93e-18	1.97e-12	4.77e-08	1.34e-04	9.62e-01	3.83e-02	7.42e-06	0.00e+00	0.00e+00	0.00e+00	6.44e-13	1.32e-12	5.34e-55
 6.96247e+14	1.26e-17	2.37e-12	5.46e-08	1.44e-04	9.64e-01	3.59e-02	6.51e-06	0.00e+00	0.00e+00	0.00e+00	7.75e-13	1.59e-12	1.04e-54
 7.15411e+14	1.52e-17	2.76e-12	6.10e-08	1.52e-04	9.66e-01	3.40e-02	5.83e-06	0.00e+00	0.00e+00	0.00e+00	9.02e-13	1.86e-12	1.79e-54
 7.33835e+14	1.82e-17	3.18e-12	6.77e-08	1.61e-04	9.68e-01	3.23e-02	5.25e-06	0.00e+00	0.00e+00	0.00e+00	1.04e-12	2.14e-12	2.98e-54
 7.54694e+14	2.21e-17	3.70e-12	7.60e-08	1.71e-04	9.69e-01	3.05e-02	4.67e-06	0.00e+00	0.00e+00	0.00e+00	1.21e-12	2.49e-12	5.13e-54
 7.77679e+14	2.74e-17	4.39e-12	8.59e-08	1.82e-04	9.71e-01	2.87e-02	4.14e-06	0.00e+00	0.00e+00	0.00e+00	1.44e-12	2.96e-12	9.50e-54
 7.98916e+14	3.32e-17	5.10e-12	9.60e-08	1.93e-04	9.73e-01	2.72e-02	3.70e-06	0.00e+00	0.00e+00	0.00e+00	1.67e-12	3.44e-12	1.62e-53
 8.22016e+14	4.04e-17	5.98e-12	1.08e-07	2.05e-04	9.74e-01	2.57e-02	3.29e-06	0.00e+00	0.00e+00	0.00e+00	1.95e-12	4.03e-12	2.86e-53
 8.47868e+14	5.03e-17	7.09e-12	1.22e-07	2.19e-04	9.76e-01	2.41e-02	2.89e-06	4.14e-18	1.24e-17	2.08e-17	2.32e-12	4.78e-12	5.29e-53
 8.72135e+14	6.11e-17	8.30e-12	1.37e-07	2.33e-04	9.77e-01	2.27e-02	2.58e-06	5.03e-18	1.51e-17	2.52e-17	2.71e-12	5.59e-12	9.30e-53
 8.98520e+14	7.56e-17	9.80e-12	1.55e-07	2.48e-04	9.78e-01	2.14e-02	2.27e-06	6.23e-18	1.87e-17	3.13e-17	3.20e-12	6.60e-12	1.69e-52
 9.27922e+14	9.48e-17	1.17e-11	1.77e-07	2.66e-04	9.80e-01	2.00e-02	1.99e-06	7.81e-18	2.35e-17	3.92e-17	3.82e-12	7.90e-12	3.23e-52
 9.55611e+14	1.16e-16	1.38e-11	2.00e-07	2.83e-04	9.81e-01	1.88e-02	1.76e-06	9.52e-18	2.86e-17	4.78e-17	4.49e-12	9.28e-12	5.75e-52
 9.85971e+14	1.44e-16	1.64e-11	2.27e-07	3.03e-04	9.82e-01	1.76e-02	1.54e-06	1.19e-17	3.57e-17	5.97e-17	5.33e-12	1.10e-11	1.07e-51
 1.01996e+15	1.83e-16	1.98e-11	2.61e-07	3.25e-04	9.83e-01	1.64e-02	1.34e-06	1.51e-17	4.54e-17	7.58e-17	6.44e-12	1.33e-11	2.13e-51
 1.05224e+15	2.26e-16	2.34e-11	2.96e-07	3.47e-04	9.84e-01	1.54e-02	1.18e-06	1.86e-17	5.59e-17	9.34e-17	7.63e-12	1.58e-11	3.94e-51
 1.08780e+15	2.87e-16	2.83e-11	3.39e-07	3.73e-04	9.85e-01	1.44e-02	1.02e-06	2.37e-17	7.12e-17	1.19e-16	9.20e-12	1.91e-11	7.78e-51
 1.12778e+15	3.65e-16	3.43e-11	3.93e-07	4.03e-04	9.86e-01	1.33e-02	8.78e-07	3.01e-17	9.04e-17	1.51e-16	1.12e-11	2.32e-11	1.58e-50
 1.16563e+15	4.63e-16	4.14e-11	4.50e-07	4.33e-04	9.87e-01	1.24e-02	0.00e+00	3.83e-17	1.15e-16	1.92e-16	1.35e-11	2.79e-11	3.10e-50
 1.20152e+15	5.73e-16	4.90e-11	5.09e-07	4.62e-04	9.88e-01	1.17e-02	0.00e+00	4.73e-17	1.42e-16	2.38e-16	1.59e-11	3.30e-11	5.74e-50
 1.24280e+15	7.24e-16	5.89e-11	5.85e-07	4.97e-04	9.89e-01	1.08e-02	0.00e+00	5.98e-17	1.80e-16	3.00e-16	1.92e-11	3.98e-11	1.12e-49
 1.29146e+15	9.29e-16	7.25e-11	6.84e-07	5.39e-04	9.89e-01	1.00e-02	0.00e+00	7.68e-17	2.31e-16	3.86e-16	2.36e-11	4.89e-11	2.39e-49
 1.33908e+15	1.21e-15	8.91e-11	7.94e-07	5.83e-04	9.90e-01	9.25e-03	0.00e+00	1.01e-16	3.02e-16	5.04e-16	2.90e-11	6.01e-11	5.06e-49
 1.38226e+15	1.51e-15	1.06e-10	9.04e-07	6.24e-04	9.91e-01	8.65e-03	0.00e+00	1.25e-16	3.76e-16	6.29e-16	3.45e-11	7.16e-11	9.62e-49
 1.43036e+15	1.88e-15	1.27e-10	1.04e-06	6.72e-04	9.91e-01	8.04e-03	0.00e+00	1.56e-16	4.68e-16	7.82e-16	4.14e-11	8.59e-11	1.86e-48
 1.47724e+15	2.39e-15	1.53e-10	1.19e-06	7.21e-04	9.92e-01	7.50e-03	0.00e+00	1.98e-16	5.95e-16	9.94e-16	4.97e-11	1.03e-10	3.65e-48
 1.51195e+15	2.81e-15	1.74e-10	1.30e-06	7.58e-04	9.92e-01	7.13e-03	0.00e+00	2.33e-16	6.99e-16	1.17e-15	5.65e-11	1.17e-10	5.84e-48
 1.54647e+15	3.27e-15	1.97e-10	1.43e-06	7.96e-04	9.92e-01	6.79e-03	0.00e+00	2.71e-16	8.14e-16	1.36e-15	6.40e-11	1.33e-10	9.16e-48
 1.59135e+15	3.98e-15	2.30e-10	1.61e-06	8.48e-04	9.93e-01	6.38e-03	0.00e+00	3.30e-16	9.92e-16	1.66e-15	7.49e-11	1.55e-10	1.63e-47
 1.63977e+15	4.89e-15	2.72e-10	1.82e-06	9.05e-04	9.93e-01	5.97e-03	0.00e+00	4.06e-16	1.22e-15	2.04e-15	8.83e-11	1.83e-10	2.98e-47
 1.68289e+15	5.73e-15	3.11e-10	2.02e-06	9.57e-04	9.93e-01	5.65e-03	0.00e+00	4.76e-16	1.43e-15	2.39e-15	1.01e-10	2.10e-10	4.86e-47
 1.72906e+15	6.97e-15	3.63e-10	2.26e-06	1.02e-03	9.94e-01	5.32e-03	0.00e+00	5.79e-16	1.74e-15	2.91e-15	1.18e-10	2.45e-10	8.54e-47
 1.78908e+15	8.75e-15	4.37e-10	2.60e-06	1.10e-03	9.94e-01	4.93e-03	0.00e+00	7.28e-16	2.19e-15	3.65e-15	1.42e-10	2.95e-10	1.69e-46
 1.84987e+15	1.10e-14	5.24e-10	2.98e-06	1.18e-03	9.94e-01	4.58e-03	0.00e+00	9.12e-16	2.74e-15	4.57e-15	1.70e-10	3.54e-10	3.29e-46
 1.89872e+15	1.30e-14	6.04e-10	3.31e-06	1.25e-03	9.94e-01	4.32e-03	0.00e+00	1.09e-15	3.26e-15	5.45e-15	1.96e-10	4.08e-10	5.52e-46
 1.94929e+15	1.53e-14	6.92e-10	3.69e-06	1.33e-03	9.95e-01	4.07e-03	0.00e+00	1.27e-15	3.83e-15	6.40e-15	2.25e-10	4.67e-10	9.03e-46
 2.01502e+15	1.95e-14	8.36e-10	4.23e-06	1.43e-03	9.95e-01	3.78e-03	0.00e+00	1.62e-15	4.88e-15	8.15e-15	2.72e-10	5.64e-10	1.81e-45
 2.08473e+15	2.43e-14	1.00e-09	4.86e-06	1.54e-03	9.95e-01	3.49e-03	0.00e+00	2.03e-15	6.09e-15	1.02e-14	3.27e-10	6.77e-10	3.54e-45
 2.14556e+15	2.93e-14	1.17e-09	5.46e-06	1.65e-03	9.95e-01	3.28e-03	0.00e+00	2.45e-15	7.36e-15	1.23e-14	3.82e-10	7.91e-10	6.27e-45
 2.21060e+15	3.47e-14	1.36e-09	6.17e-06	1.76e-03	9.95e-01	3.06e-03	0.00e+00	2.91e-15	8.73e-15	1.46e-14	4.43e-10	9.18e-10	1.08e-44
 2.29233e+15	4.52e-14	1.68e-09	7.16e-06	1.91e-03	9.95e-01	2.81e-03	0.00e+00	3.78e-15	1.14e-14	1.90e-14	5.46e-10	1.13e-09	2.33e-44
 2.37663e+15	5.62e-14	2.02e-09	8.30e-06	2.07e-03	9.95e-01	2.59e-03	0.00e+00	4.71e-15	1.41e-14	2.36e-14	6.59e-10	1.36e-09	4.65e-44
 2.45061e+15	6.82e-14	2.38e-09	9.41e-06	2.23e-03	9.95e-01	2.41e-03	0.00e+00	5.73e-15	1.72e-14	2.87e-14	7.77e-10	1.61e-09	8.48e-44
 2.53031e+15	8.22e-14	2.80e-09	1.07e-05	2.39e-03	9.95e-01	2.24e-03	0.00e+00	6.91e-15	2.07e-14	3.46e-14	9.13e-10	1.89e-09	1.54e-43
 2.62687e+15	1.08e-13	3.47e-09	1.25e-05	2.61e-03	9.95e-01	2.05e-03	0.00e+00	9.06e-15	2.72e-14	4.54e-14	1.13e-09	2.34e-09	3.44e-43
 2.72319e+15	1.33e-13	4.18e-09	1.45e-05	2.83e-03	9.95e-01	1.89e-03	0.00e+00	1.12e-14	3.36e-14	5.61e-14	1.37e-09	2.82e-09	6.82e-43
 2.80913e+15	1.61e-13	4.94e-09	1.64e-05	3.04e-03	9.95e-01	1.75e-03	0.00e+00	1.36e-14	4.08e-14	6.82e-14	1.61e-09	3.33e-09	1.27e-42
 2.88240e+15	1.87e-13	5.63e-09	1.82e-05	3.23e-03	9.95e-01	1.65e-03	0.00e+00	1.58e-14	4.74e-14	7.91e-14	1.84e-09	3.79e-09	2.05e-42
 2.94556e+15	2.13e-13	6.32e-09	1.99e-05	3.39e-03	9.95e-01	1.57e-03	0.00e+00	1.80e-14	5.41e-14	9.04e-14	2.06e-09	4.25e-09	3.15e-42
 3.01693e+15	2.47e-13	7.17e-09	2.19e-05	3.59e-03	9.95e-01	1.48e-03	0.00e+00	2.09e-14	6.27e-14	1.05e-13	2.34e-09	4.82e-09	5.05e-42
 3.10971e+15	3.06e-13	8.54e-09	2.48e-05	3.85e-03	9.95e-01	1.38e-03	0.00e+00	2.59e-14	7.78e-14	1.30e-13	2.79e-09	5.75e-09	9.98e-42
 3.20491e+15	3.60e-13	9.95e-09	2.80e-05	4.13e-03	9.95e-01	1.28e-03	0.00e+00	3.06e-14	9.18e-14	1.53e-13	3.25e-09	6.69e-09	1.76e-41
 3.28280e+15	4.24e-13	1.14e-08	3.09e-05	4.36e-03	9.94e-01	1.21e-03	0.00e+00	3.60e-14	1.08e-13	1.81e-13	3.73e-09	7.67e-09	2.94e-41
 3.36360e+15	4.87e-13	1.29e-08	3.40e-05	4.61e-03	9.94e-01	1.15e-03	0.00e+00	4.14e-14	1.24e-13	2.08e-13	4.23e-09	8.69e-09	4.70e-41
 3.46863e+15	5.92e-13	1.53e-08	3.85e-05	4.95e-03	9.94e-01	1.07e-03	0.00e+00	5.04e-14	1.51e-13	2.53e-13	5.01e-09	1.03e-08	9.00e-41
 3.57782e+15	7.11e-13	1.80e-08	4.37e-05	5.32e-03	9.94e-01	9.88e-04	0.00e+00	6.06e-14	1.82e-13	3.04e-13	5.91e-09	1.21e-08	1.71e-40
 3.66947e+15	8.26e-13	2.06e-08	4.84e-05	5.64e-03	9.93e-01	9.31e-04	0.00e+00	7.04e-14	2.11e-13	3.53e-13	6.77e-09	1.39e-08	2.89e-40
 3.76570e+15	9.46e-13	2.34e-08	5.36e-05	5.98e-03	9.93e-01	8.76e-04	0.00e+00	8.07e-14	2.42e-13	4.05e-13	7.68e-09	1.57e-08	4.60e-40
 3.89079e+15	1.18e-12	2.83e-08	6.12e-05	6.45e-03	9.93e-01	8.09e-04	0.00e+00	1.01e-13	3.02e-13	5.04e-13	9.29e-09	1.90e-08	9.77e-40
 4.02067e+15	1.42e-12	3.37e-08	6.99e-05	6.96e-03	9.92e-01	7.48e-04	0.00e+00	1.22e-13	3.65e-13	6.09e-13	1.11e-08	2.27e-08	1.93e-39
 4.13038e+15	1.64e-12	3.88e-08	7.79e-05	7.40e-03	9.92e-01	7.02e-04	0.00e+00	1.41e-13	4.23e-13	7.06e-13	1.27e-08	2.61e-08	3.30e-39
 4.24660e+15	1.91e-12	4.46e-08	8.70e-05	7.88e-03	9.91e-01	6.57e-04	0.00e+00	1.64e-13	4.93e-13	8.23e-13	1.46e-08	2.99e-08	5.63e-39
 4.39768e+15	2.41e-12	5.48e-08	1.00e-04	8.55e-03	9.91e-01	6.03e-04	0.00e+00	2.07e-13	6.22e-13	1.04e-12	1.80e-08	3.68e-08	1.26e-38
 4.55650e+15	2.96e-12	6.64e-08	1.16e-04	9.28e-03	9.90e-01	5.54e-04	0.00e+00	2.54e-13	7.64e-13	1.28e-12	2.18e-08	4.46e-08	2.66e-38
 4.69457e+15	3.44e-12	7.68e-08	1.30e-04	9.92e-03	9.89e-01	5.16e-04	0.00e+00	2.96e-13	8.89e-13	1.48e-12	2.53e-08	5.15e-08	4.59e-38
 4.84326e+15	4.16e-12	9.22e-08	1.48e-04	1.07e-02	9.89e-01	4.78e-04	0.00e+00	3.59e-13	1.08e-12	1.80e-12	3.03e-08	6.19e-08	9.44e-38
 5.02586e+15	5.12e-12	1.12e-07	1.72e-04	1.16e-02	9.88e-01	4.37e-04	0.00e+00	4.42e-13	1.33e-12	2.22e-12	3.70e-08	7.54e-08	1.99e-37
 5.21130e+15	6.30e-12	1.37e-07	1.99e-04	1.26e-02	9.87e-01	4.00e-04	0.00e+00	5.45e-13	1.63e-12	2.73e-12	4.52e-08	9.20e-08	4.20e-37
 5.37658e+15	7.54e-12	1.63e-07	2.26e-04	1.35e-02	9.86e-01	3.71e-04	0.00e+00	6.53e-13	1.96e-12	3.27e-12	5.38e-08	1.09e-07	8.04e-37
 5.52084e+15	8.77e-12	1.87e-07	2.51e-04	1.44e-02	9.85e-01	3.48e-04	0.00e+00	7.60e-13	2.28e-12	3.81e-12	6.17e-08	1.26e-07	1.34e-36
 5.64772e+15	1.00e-11	2.15e-07	2.75e-04	1.52e-02	9.84e-01	3.29e-04	0.00e+00	8.70e-13	2.61e-12	4.36e-12	7.10e-08	1.44e-07	2.28e-36
 5.78804e+15	1.16e-11	2.47e-07	3.04e-04	1.60e-02	9.83e-01	3.10e-04	0.00e+00	1.01e-12	3.02e-12	5.04e-12	8.15e-08	1.66e-07	3.82e-36
 5.97047e+15	1.39e-11	2.94e-07	3.45e-04	1.72e-02	9.82e-01	2.87e-04	0.00e+00	1.21e-12	3.63e-12	6.07e-12	9.70e-08	1.97e-07	7.36e-36
 6.15485e+15	1.65e-11	3.47e-07	3.91e-04	1.84e-02	9.81e-01	2.67e-04	0.00e+00	1.43e-12	4.31e-12	7.19e-12	1.14e-07	2.32e-07	1.32e-35
 6.30116e+15	1.89e-11	3.96e-07	4.30e-04	1.94e-02	9.80e-01	2.52e-04	0.00e+00	1.65e-12	4.95e-12	8.26e-12	1.31e-07	2.65e-07	2.15e-35
 6.45074e+15	2.19e-11	4.54e-07	4.74e-04	2.05e-02	9.79e-01	2.37e-04	0.00e+00	1.91e-12	5.74e-12	9.59e-12	1.50e-07	3.04e-07	3.56e-35
 6.64520e+15	2.61e-11	5.29e-07	5.35e-04	2.19e-02	9.77e-01	2.21e-04	0.00e+00	2.28e-12	6.85e-12	1.14e-11	1.75e-07	3.54e-07	6.06e-35
 6.85071e+15	3.16e-11	6.40e-07	6.07e-04	2.36e-02	9.76e-01	2.04e-04	0.00e+00	2.76e-12	8.29e-12	1.38e-11	2.12e-07	4.29e-07	1.21e-34
 7.02551e+15	3.68e-11	7.40e-07	6.73e-04	2.49e-02	9.74e-01	1.92e-04	0.00e+00	3.22e-12	9.67e-12	1.61e-11	2.45e-07	4.96e-07	2.01e-34
 7.20766e+15	4.29e-11	8.56e-07	7.49e-04	2.64e-02	9.73e-01	1.80e-04	0.00e+00	3.76e-12	1.13e-11	1.88e-11	2.83e-07	5.73e-07	3.34e-34
 7.44444e+15	5.24e-11	1.01e-06	8.56e-04	2.84e-02	9.71e-01	1.66e-04	0.00e+00	4.60e-12	1.38e-11	2.30e-11	3.35e-07	6.78e-07	5.94e-34
 7.69015e+15	6.43e-11	1.25e-06	9.82e-04	3.07e-02	9.68e-01	1.53e-04	0.00e+00	5.65e-12	1.70e-11	2.83e-11	4.13e-07	8.35e-07	1.24e-33
 7.89415e+15	7.52e-11	1.45e-06	1.10e-03	3.26e-02	9.66e-01	1.43e-04	0.00e+00	6.61e-12	1.98e-11	3.31e-11	4.80e-07	9.70e-07	2.06e-33
 8.10606e+15	8.96e-11	1.70e-06	1.23e-03	3.46e-02	9.64e-01	1.34e-04	0.00e+00	7.88e-12	2.36e-11	3.95e-11	5.61e-07	1.13e-06	3.51e-33
 8.38153e+15	1.11e-10	2.03e-06	1.41e-03	3.73e-02	9.61e-01	1.23e-04	0.00e+00	9.80e-12	2.94e-11	4.91e-11	6.71e-07	1.36e-06	6.29e-33
 8.66367e+15	1.39e-10	2.52e-06	1.63e-03	4.04e-02	9.58e-01	1.13e-04	0.00e+00	1.22e-11	3.67e-11	6.13e-11	8.34e-07	1.68e-06	1.32e-32
 8.89813e+15	1.64e-10	2.94e-06	1.82e-03	4.29e-02	9.55e-01	1.06e-04	0.00e+00	1.44e-11	4.33e-11	7.23e-11	9.75e-07	1.97e-06	2.18e-32
 9.14660e+15	1.98e-10	3.48e-06	2.06e-03	4.58e-02	9.52e-01	9.85e-05	0.00e+00	1.74e-11	5.24e-11	8.73e-11	1.15e-06	2.33e-06	3.78e-32
 9.46962e+15	2.51e-10	4.21e-06	2.39e-03	4.96e-02	9.48e-01	9.03e-05	0.00e+00	2.22e-11	6.65e-11	1.11e-10	1.39e-06	2.82e-06	6.80e-32
 9.79371e+15	3.15e-10	5.28e-06	2.78e-03	5.38e-02	9.43e-01	8.25e-05	0.00e+00	2.79e-11	8.38e-11	1.40e-10	1.75e-06	3.53e-06	1.43e-31
 1.00510e+16	3.76e-10	6.19e-06	3.12e-03	5.72e-02	9.40e-01	7.72e-05	0.00e+00	3.33e-11	1.00e-10	1.67e-10	2.05e-06	4.14e-06	2.33e-31
 1.03173e+16	4.50e-10	7.28e-06	3.51e-03	6.09e-02	9.36e-01	7.20e-05	0.00e+00	3.99e-11	1.20e-10	2.00e-10	2.41e-06	4.87e-06	3.86e-31
 1.05891e+16	5.38e-10	8.55e-06	3.95e-03	6.48e-02	9.31e-01	6.73e-05	0.00e+00	4.78e-11	1.43e-10	2.39e-10	2.83e-06	5.72e-06	6.24e-31
 1.08197e+16	6.27e-10	9.79e-06	4.36e-03	6.83e-02	9.27e-01	6.36e-05	0.00e+00	5.57e-11	1.67e-10	2.79e-10	3.25e-06	6.55e-06	9.35e-31
 1.10711e+16	7.43e-10	1.13e-05	4.85e-03	7.22e-02	9.23e-01	5.99e-05	0.00e+00	6.60e-11	1.98e-10	3.31e-10	3.75e-06	7.56e-06	1.44e-30
 1.13454e+16	8.90e-10	1.31e-05	5.44e-03	7.66e-02	9.18e-01	5.62e-05	0.00e+00	7.92e-11	2.38e-10	3.96e-10	4.33e-06	8.74e-06	2.16e-30
 1.16083e+16	1.06e-09	1.55e-05	6.08e-03	8.13e-02	9.13e-01	5.27e-05	0.00e+00	9.43e-11	2.83e-10	4.72e-10	5.13e-06	1.03e-05	3.67e-30
 1.18580e+16	1.23e-09	1.77e-05	6.73e-03	8.56e-02	9.08e-01	4.98e-05	0.00e+00	1.10e-10	3.30e-10	5.50e-10	5.86e-06	1.18e-05	5.27e-30
 1.21317e+16	1.48e-09	2.03e-05	7.53e-03	9.07e-02	9.02e-01	4.69e-05	0.00e+00	1.32e-10	3.95e-10	6.59e-10	6.75e-06	1.36e-05	7.86e-30
 1.24391e+16	1.80e-09	2.46e-05	8.55e-03	9.70e-02	8.94e-01	4.36e-05	0.00e+00	1.61e-10	4.82e-10	8.05e-10	8.16e-06	1.64e-05	1.40e-29
