#depth	N	N+	N+2	N+3	N+4	N+5	N+6	N+7
 1.49634e+10	0.00e+00	0.00e+00	3.21e-31	1.93e-21	1.93e-12	7.97e-03	8.35e-01	1.57e-01
 4.54887e+10	0.00e+00	2.32e-41	4.47e-31	2.49e-21	2.30e-12	8.78e-03	8.45e-01	1.46e-01
 7.72350e+10	0.00e+00	0.00e+00	6.24e-31	3.21e-21	2.74e-12	9.66e-03	8.54e-01	1.37e-01
 1.10251e+11	0.00e+00	5.28e-41	8.69e-31	4.14e-21	3.26e-12	1.06e-02	8.62e-01	1.28e-01
 1.42443e+11	0.00e+00	0.00e+00	1.19e-30	5.24e-21	3.84e-12	1.16e-02	8.69e-01	1.19e-01
 1.73039e+11	0.00e+00	1.10e-40	1.58e-30	6.52e-21	4.46e-12	1.26e-02	8.75e-01	1.12e-01
 2.07005e+11	0.00e+00	0.00e+00	2.14e-30	8.22e-21	5.23e-12	1.37e-02	8.81e-01	1.05e-01
 2.41653e+11	0.00e+00	2.34e-40	2.89e-30	1.03e-20	6.11e-12	1.50e-02	8.86e-01	9.86e-02
 2.71613e+11	0.00e+00	0.00e+00	3.71e-30	1.25e-20	6.96e-12	1.60e-02	8.91e-01	9.33e-02
 3.03907e+11	0.00e+00	4.41e-40	4.82e-30	1.52e-20	7.97e-12	1.73e-02	8.95e-01	8.80e-02
 3.43567e+11	0.00e+00	0.00e+00	6.57e-30	1.93e-20	9.37e-12	1.88e-02	8.99e-01	8.21e-02
 3.84359e+11	0.00e+00	9.49e-40	8.94e-30	2.43e-20	1.10e-11	2.05e-02	9.03e-01	7.65e-02
 4.21902e+11	0.00e+00	0.00e+00	1.17e-29	2.99e-20	1.26e-11	2.21e-02	9.06e-01	7.19e-02
 4.63664e+11	0.00e+00	1.92e-39	1.57e-29	3.74e-20	1.47e-11	2.40e-02	9.09e-01	6.72e-02
 5.11977e+11	0.00e+00	0.00e+00	2.18e-29	4.78e-20	1.74e-11	2.62e-02	9.12e-01	6.23e-02
 5.59916e+11	0.00e+00	4.23e-39	2.98e-29	6.06e-20	2.04e-11	2.85e-02	9.14e-01	5.79e-02
 6.09772e+11	0.00e+00	0.00e+00	4.07e-29	7.67e-20	2.40e-11	3.10e-02	9.15e-01	5.37e-02
 6.64090e+11	0.00e+00	9.38e-39	5.65e-29	9.82e-20	2.83e-11	3.39e-02	9.16e-01	4.97e-02
 7.20580e+11	0.00e+00	0.00e+00	7.83e-29	1.26e-19	3.35e-11	3.69e-02	9.17e-01	4.59e-02
 7.79330e+11	0.00e+00	2.12e-38	1.09e-28	1.61e-19	3.96e-11	4.03e-02	9.17e-01	4.24e-02
 8.32714e+11	0.00e+00	0.00e+00	1.45e-28	2.00e-19	4.58e-11	4.34e-02	9.17e-01	3.95e-02
 8.77538e+11	0.00e+00	4.04e-38	1.83e-28	2.38e-19	5.15e-11	4.62e-02	9.17e-01	3.73e-02
 9.26740e+11	0.00e+00	0.00e+00	2.34e-28	2.87e-19	5.84e-11	4.93e-02	9.16e-01	3.51e-02
 9.88604e+11	0.00e+00	8.05e-38	3.17e-28	3.60e-19	6.81e-11	5.33e-02	9.14e-01	3.25e-02
 1.05256e+12	0.00e+00	0.00e+00	4.29e-28	4.53e-19	7.94e-11	5.76e-02	9.12e-01	3.01e-02
 1.10856e+12	0.00e+00	1.61e-37	5.54e-28	5.48e-19	9.03e-11	6.15e-02	9.10e-01	2.82e-02
 1.16861e+12	0.00e+00	0.00e+00	7.25e-28	6.70e-19	1.03e-10	6.58e-02	9.08e-01	2.63e-02
 1.24156e+12	0.00e+00	3.34e-37	9.92e-28	8.48e-19	1.21e-10	7.13e-02	9.04e-01	2.42e-02
 1.31438e+12	0.00e+00	0.00e+00	1.34e-27	1.06e-18	1.41e-10	7.69e-02	9.01e-01	2.24e-02
 1.37950e+12	0.00e+00	6.76e-37	1.75e-27	1.29e-18	1.60e-10	8.21e-02	8.97e-01	2.09e-02
 1.45152e+12	0.00e+00	0.00e+00	2.32e-27	1.60e-18	1.85e-10	8.80e-02	8.93e-01	1.93e-02
 1.53704e+12	0.00e+00	1.45e-36	3.20e-27	2.04e-18	2.17e-10	9.53e-02	8.87e-01	1.77e-02
 1.62139e+12	1.34e-46	2.13e-36	4.37e-27	2.57e-18	2.53e-10	1.03e-01	8.81e-01	1.63e-02
 1.69745e+12	0.00e+00	0.00e+00	5.73e-27	3.15e-18	2.89e-10	1.10e-01	8.75e-01	1.51e-02
 1.78142e+12	0.00e+00	4.32e-36	7.69e-27	3.92e-18	3.34e-10	1.18e-01	8.68e-01	1.39e-02
 1.88042e+12	5.19e-46	6.55e-36	1.07e-26	5.02e-18	3.93e-10	1.27e-01	8.60e-01	1.27e-02
 1.97806e+12	0.00e+00	0.00e+00	1.47e-26	6.34e-18	4.58e-10	1.37e-01	8.51e-01	1.16e-02
 2.06845e+12	0.00e+00	1.39e-35	1.95e-26	7.84e-18	5.26e-10	1.46e-01	8.43e-01	1.07e-02
 2.16996e+12	2.05e-45	2.05e-35	2.66e-26	9.87e-18	6.12e-10	1.57e-01	8.33e-01	9.73e-03
 2.28669e+12	0.00e+00	0.00e+00	3.76e-26	1.28e-17	7.24e-10	1.70e-01	8.21e-01	8.77e-03
 2.40115e+12	0.00e+00	4.77e-35	5.22e-26	1.63e-17	8.48e-10	1.83e-01	8.09e-01	7.94e-03
 2.51098e+12	8.97e-45	6.99e-35	7.08e-26	2.04e-17	9.81e-10	1.95e-01	7.98e-01	7.23e-03
 2.63214e+12	0.00e+00	0.00e+00	9.80e-26	2.59e-17	1.15e-09	2.09e-01	7.84e-01	6.52e-03
 2.75168e+12	0.00e+00	1.55e-34	1.34e-25	3.26e-17	1.33e-09	2.24e-01	7.70e-01	5.91e-03
 2.85092e+12	3.42e-44	2.12e-34	1.71e-25	3.91e-17	1.50e-09	2.36e-01	7.59e-01	5.45e-03
 2.95670e+12	0.00e+00	2.93e-34	2.22e-25	4.73e-17	1.69e-09	2.49e-01	7.46e-01	5.00e-03
 3.09178e+12	8.20e-44	4.37e-34	3.05e-25	5.99e-17	1.97e-09	2.66e-01	7.30e-01	4.50e-03
 3.23470e+12	0.00e+00	6.57e-34	4.21e-25	7.60e-17	2.29e-09	2.84e-01	7.12e-01	4.02e-03
 3.35432e+12	2.00e-43	9.13e-34	5.47e-25	9.22e-17	2.59e-09	2.99e-01	6.98e-01	3.67e-03
 3.45706e+12	0.00e+00	1.20e-33	6.81e-25	1.08e-16	2.87e-09	3.11e-01	6.85e-01	3.40e-03
 3.57378e+12	4.01e-43	1.63e-33	8.66e-25	1.29e-16	3.21e-09	3.26e-01	6.71e-01	3.11e-03
 3.72551e+12	0.00e+00	2.38e-33	1.17e-24	1.61e-16	3.69e-09	3.45e-01	6.52e-01	2.79e-03
 3.88324e+12	1.01e-42	3.47e-33	1.58e-24	2.01e-16	4.24e-09	3.65e-01	6.33e-01	2.49e-03
 4.01569e+12	0.00e+00	4.72e-33	2.02e-24	2.40e-16	4.75e-09	3.81e-01	6.17e-01	2.26e-03
 4.15482e+12	2.13e-42	6.44e-33	2.58e-24	2.88e-16	5.31e-09	3.98e-01	6.00e-01	2.06e-03
 4.33309e+12	0.00e+00	9.46e-33	3.50e-24	3.59e-16	6.10e-09	4.19e-01	5.79e-01	1.82e-03
 4.51634e+12	5.37e-42	1.38e-32	4.72e-24	4.47e-16	6.99e-09	4.40e-01	5.58e-01	1.61e-03
 4.67162e+12	0.00e+00	1.88e-32	6.03e-24	5.34e-16	7.80e-09	4.58e-01	5.41e-01	1.45e-03
 4.83644e+12	1.14e-41	2.57e-32	7.73e-24	6.41e-16	8.72e-09	4.76e-01	5.23e-01	1.31e-03
 5.04316e+12	0.00e+00	3.76e-32	1.04e-23	7.97e-16	9.97e-09	4.98e-01	5.01e-01	1.15e-03
 5.25569e+12	2.85e-41	5.46e-32	1.40e-23	9.87e-16	1.14e-08	5.20e-01	4.79e-01	1.01e-03
 5.44332e+12	0.00e+00	7.49e-32	1.80e-23	1.18e-15	1.27e-08	5.39e-01	4.60e-01	8.98e-04
 5.64725e+12	6.26e-41	1.04e-31	2.33e-23	1.43e-15	1.42e-08	5.58e-01	4.41e-01	7.96e-04
 5.86846e+12	0.00e+00	1.47e-31	3.06e-23	1.74e-15	1.60e-08	5.79e-01	4.21e-01	7.00e-04
 6.06760e+12	1.37e-40	1.98e-31	3.87e-23	2.06e-15	1.77e-08	5.96e-01	4.03e-01	6.25e-04
 6.28193e+12	0.00e+00	2.69e-31	4.93e-23	2.45e-15	1.96e-08	6.14e-01	3.85e-01	5.55e-04
 6.52303e+12	2.98e-40	3.76e-31	6.41e-23	2.96e-15	2.20e-08	6.33e-01	3.66e-01	4.86e-04
 6.75224e+12	0.00e+00	5.10e-31	8.15e-23	3.52e-15	2.43e-08	6.50e-01	3.49e-01	4.30e-04
 6.96512e+12	6.03e-40	6.70e-31	1.01e-22	4.11e-15	2.66e-08	6.66e-01	3.34e-01	3.85e-04
 7.16533e+12	0.00e+00	8.59e-31	1.23e-22	4.72e-15	2.89e-08	6.79e-01	3.20e-01	3.47e-04
 7.38742e+12	1.13e-39	1.12e-30	1.51e-22	5.49e-15	3.15e-08	6.94e-01	3.06e-01	3.11e-04
 7.63569e+12	0.00e+00	1.50e-30	1.90e-22	6.45e-15	3.46e-08	7.09e-01	2.91e-01	2.75e-04
 7.86981e+12	2.21e-39	1.94e-30	2.33e-22	7.48e-15	3.77e-08	7.22e-01	2.77e-01	2.45e-04
 8.12597e+12	0.00e+00	2.56e-30	2.90e-22	8.74e-15	4.13e-08	7.36e-01	2.64e-01	2.17e-04
 8.41181e+12	4.46e-39	3.45e-30	3.66e-22	1.03e-14	4.54e-08	7.51e-01	2.49e-01	1.90e-04
 8.68121e+12	0.00e+00	4.53e-30	4.53e-22	1.20e-14	4.96e-08	7.64e-01	2.36e-01	1.68e-04
 8.97640e+12	8.80e-39	6.03e-30	5.67e-22	1.41e-14	5.43e-08	7.77e-01	2.23e-01	1.48e-04
 9.30743e+12	0.00e+00	8.22e-30	7.23e-22	1.68e-14	5.99e-08	7.91e-01	2.09e-01	1.28e-04
 9.62222e+12	1.81e-38	1.09e-29	9.03e-22	1.97e-14	6.56e-08	8.03e-01	1.97e-01	1.12e-04
 9.96859e+12	0.00e+00	1.47e-29	1.14e-21	2.33e-14	7.21e-08	8.15e-01	1.85e-01	9.68e-05
 1.03574e+13	3.87e-38	2.03e-29	1.47e-21	2.79e-14	7.99e-08	8.28e-01	1.72e-01	8.27e-05
 1.07281e+13	0.00e+00	2.73e-29	1.86e-21	3.30e-14	8.77e-08	8.39e-01	1.61e-01	7.15e-05
 1.11369e+13	8.13e-38	3.74e-29	2.38e-21	3.94e-14	9.68e-08	8.50e-01	1.50e-01	6.11e-05
 1.15973e+13	0.00e+00	5.25e-29	3.11e-21	4.77e-14	1.08e-07	8.62e-01	1.38e-01	5.14e-05
 1.20383e+13	1.79e-37	7.16e-29	3.97e-21	5.68e-14	1.19e-07	8.71e-01	1.28e-01	4.38e-05
 1.25100e+13	0.00e+00	9.83e-29	5.10e-21	6.80e-14	1.31e-07	8.81e-01	1.19e-01	3.71e-05
 1.30028e+13	3.87e-37	1.35e-28	6.57e-21	8.16e-14	1.45e-07	8.90e-01	1.10e-01	3.13e-05
 1.34434e+13	0.00e+00	1.78e-28	8.15e-21	9.54e-14	1.59e-07	8.98e-01	1.02e-01	2.70e-05
 1.39214e+13	7.58e-37	2.36e-28	1.02e-20	1.12e-13	1.74e-07	9.05e-01	9.50e-02	2.31e-05
 1.44903e+13	0.00e+00	3.26e-28	1.32e-20	1.35e-13	1.93e-07	9.13e-01	8.71e-02	1.93e-05
 1.49813e+13	1.55e-36	4.27e-28	1.64e-20	1.58e-13	2.10e-07	9.19e-01	8.09e-02	1.65e-05
 1.53262e+13	0.00e+00	5.12e-28	1.90e-20	1.76e-13	2.23e-07	9.23e-01	7.70e-02	1.49e-05
 1.56773e+13	2.39e-36	6.12e-28	2.19e-20	1.95e-13	2.37e-07	9.27e-01	7.33e-02	1.34e-05
 1.61338e+13	0.00e+00	7.69e-28	2.63e-20	2.23e-13	2.55e-07	9.31e-01	6.87e-02	1.18e-05
 1.66429e+13	4.20e-36	9.81e-28	3.20e-20	2.58e-13	2.76e-07	9.36e-01	6.41e-02	1.02e-05
 1.71190e+13	0.00e+00	1.22e-27	3.82e-20	2.94e-13	2.97e-07	9.40e-01	6.01e-02	8.91e-06
 1.76366e+13	7.21e-36	1.54e-27	4.59e-20	3.37e-13	3.21e-07	9.44e-01	5.62e-02	7.75e-06
 1.82156e+13	0.00e+00	1.97e-27	5.62e-20	3.91e-13	3.49e-07	9.48e-01	5.21e-02	6.65e-06
 1.87587e+13	1.27e-35	2.47e-27	6.74e-20	4.48e-13	3.76e-07	9.51e-01	4.87e-02	5.79e-06
 1.93486e+13	0.00e+00	3.13e-27	8.15e-20	5.15e-13	4.07e-07	9.55e-01	4.54e-02	5.01e-06
 2.00125e+13	2.27e-35	4.03e-27	1.00e-19	6.01e-13	4.44e-07	9.58e-01	4.20e-02	4.27e-06
 2.06421e+13	0.00e+00	5.08e-27	1.21e-19	6.91e-13	4.80e-07	9.61e-01	3.91e-02	3.69e-06
 2.13301e+13	4.00e-35	6.48e-27	1.47e-19	7.99e-13	5.21e-07	9.64e-01	3.62e-02	3.16e-06
 2.21684e+13	0.00e+00	8.61e-27	1.85e-19	9.48e-13	5.73e-07	9.67e-01	3.31e-02	2.64e-06
 2.30007e+13	7.73e-35	1.13e-26	2.31e-19	1.12e-12	6.28e-07	9.70e-01	3.04e-02	2.22e-06
 2.37369e+13	0.00e+00	1.42e-26	2.78e-19	1.28e-12	6.78e-07	9.72e-01	2.83e-02	1.92e-06
 2.45493e+13	1.37e-34	1.82e-26	3.39e-19	1.48e-12	7.35e-07	9.74e-01	2.63e-02	1.65e-06
 2.54078e+13	0.00e+00	2.34e-26	4.15e-19	1.72e-12	7.99e-07	9.76e-01	2.43e-02	1.41e-06
 2.61490e+13	2.38e-34	2.88e-26	4.92e-19	1.94e-12	8.54e-07	9.77e-01	2.28e-02	1.24e-06
 2.69357e+13	3.10e-34	3.59e-26	5.85e-19	2.20e-12	9.15e-07	9.79e-01	2.14e-02	1.08e-06
 2.79430e+13	4.28e-34	4.69e-26	7.24e-19	2.57e-12	9.97e-07	9.80e-01	1.97e-02	9.19e-07
 2.89862e+13	5.91e-34	6.13e-26	8.97e-19	3.00e-12	1.08e-06	9.82e-01	1.81e-02	0.00e+00
 2.98292e+13	7.65e-34	7.58e-26	1.06e-18	3.38e-12	1.16e-06	9.83e-01	1.71e-02	0.00e+00
 3.06629e+13	9.81e-34	9.30e-26	1.24e-18	3.79e-12	1.23e-06	9.84e-01	1.61e-02	0.00e+00
 3.17466e+13	1.34e-33	1.20e-25	1.52e-18	4.38e-12	1.33e-06	9.85e-01	1.49e-02	0.00e+00
 3.28901e+13	1.83e-33	1.56e-25	1.87e-18	5.07e-12	1.44e-06	9.86e-01	1.38e-02	0.00e+00
 3.38789e+13	2.40e-33	1.94e-25	2.22e-18	5.72e-12	1.54e-06	9.87e-01	1.30e-02	0.00e+00
 3.49322e+13	3.18e-33	2.44e-25	2.66e-18	6.49e-12	1.64e-06	9.88e-01	1.22e-02	0.00e+00
 3.62531e+13	4.47e-33	3.23e-25	3.30e-18	7.54e-12	1.78e-06	9.89e-01	1.13e-02	0.00e+00
 3.76319e+13	6.26e-33	4.26e-25	4.10e-18	8.79e-12	1.93e-06	9.90e-01	1.04e-02	0.00e+00
 3.88717e+13	8.44e-33	5.43e-25	4.95e-18	1.00e-11	2.07e-06	9.90e-01	9.71e-03	0.00e+00
 4.02205e+13	1.16e-32	7.03e-25	6.05e-18	1.15e-11	2.22e-06	9.91e-01	9.04e-03	0.00e+00
 4.18174e+13	1.67e-32	9.44e-25	7.59e-18	1.35e-11	2.42e-06	9.92e-01	8.34e-03	0.00e+00
 4.34007e+13	2.34e-32	1.25e-24	9.42e-18	1.57e-11	2.62e-06	9.92e-01	7.71e-03	0.00e+00
 4.48162e+13	3.15e-32	1.59e-24	1.14e-17	1.78e-11	2.80e-06	9.93e-01	7.21e-03	0.00e+00
 4.63499e+13	4.33e-32	2.05e-24	1.38e-17	2.04e-11	3.00e-06	9.93e-01	6.73e-03	0.00e+00
 4.80661e+13	6.09e-32	2.71e-24	1.71e-17	2.36e-11	3.24e-06	9.94e-01	6.25e-03	0.00e+00
 4.96854e+13	8.25e-32	3.47e-24	2.08e-17	2.70e-11	3.48e-06	9.94e-01	5.83e-03	0.00e+00
 5.14564e+13	1.15e-31	4.54e-24	2.55e-17	3.11e-11	3.74e-06	9.95e-01	5.42e-03	0.00e+00
 5.33108e+13	1.59e-31	5.93e-24	3.14e-17	3.59e-11	4.04e-06	9.95e-01	5.03e-03	0.00e+00
 5.47902e+13	2.06e-31	7.30e-24	3.68e-17	4.01e-11	4.27e-06	9.95e-01	4.76e-03	0.00e+00
 5.62298e+13	2.63e-31	8.90e-24	4.29e-17	4.45e-11	4.51e-06	9.95e-01	4.51e-03	0.00e+00
 5.81012e+13	3.59e-31	1.14e-23	5.20e-17	5.08e-11	4.83e-06	9.96e-01	4.19e-03	0.00e+00
 6.00512e+13	4.86e-31	1.47e-23	6.31e-17	5.80e-11	5.18e-06	9.96e-01	3.91e-03	0.00e+00
 6.16895e+13	6.25e-31	1.80e-23	7.38e-17	6.47e-11	5.48e-06	9.96e-01	3.70e-03	0.00e+00
 6.34052e+13	8.11e-31	2.22e-23	8.68e-17	7.22e-11	5.80e-06	9.96e-01	3.50e-03	0.00e+00
 6.56357e+13	1.11e-30	2.87e-23	1.06e-16	8.31e-11	6.25e-06	9.97e-01	3.25e-03	0.00e+00
 6.79399e+13	1.54e-30	3.75e-23	1.30e-16	9.54e-11	6.71e-06	9.97e-01	3.03e-03	0.00e+00
 6.98871e+13	1.99e-30	4.63e-23	1.53e-16	1.07e-10	7.13e-06	9.97e-01	2.85e-03	0.00e+00
 7.19655e+13	2.62e-30	5.78e-23	1.82e-16	1.20e-10	7.58e-06	9.97e-01	2.68e-03	0.00e+00
 7.46179e+13	3.66e-30	7.59e-23	2.25e-16	1.39e-10	8.19e-06	9.98e-01	2.48e-03	0.00e+00
 7.73523e+13	5.14e-30	9.99e-23	2.78e-16	1.61e-10	8.83e-06	9.98e-01	2.31e-03	0.00e+00
 7.97174e+13	6.73e-30	1.25e-22	3.31e-16	1.82e-10	9.43e-06	9.98e-01	2.16e-03	0.00e+00
 8.22671e+13	9.02e-30	1.58e-22	3.98e-16	2.07e-10	1.01e-05	9.98e-01	2.02e-03	0.00e+00
 8.53973e+13	1.27e-29	2.09e-22	4.95e-16	2.41e-10	1.09e-05	9.98e-01	1.87e-03	0.00e+00
 8.85236e+13	1.77e-29	2.75e-22	6.11e-16	2.78e-10	1.18e-05	9.98e-01	1.73e-03	0.00e+00
 9.12581e+13	2.35e-29	3.46e-22	7.31e-16	3.14e-10	1.26e-05	9.98e-01	1.63e-03	0.00e+00
 9.42420e+13	3.16e-29	4.41e-22	8.82e-16	3.58e-10	1.34e-05	9.98e-01	1.52e-03	0.00e+00
 9.78621e+13	4.44e-29	5.83e-22	1.10e-15	4.17e-10	1.46e-05	9.99e-01	1.40e-03	0.00e+00
 1.01479e+14	6.25e-29	7.70e-22	1.36e-15	4.83e-10	1.57e-05	9.99e-01	1.30e-03	0.00e+00
 1.04728e+14	8.32e-29	9.74e-22	1.64e-15	5.48e-10	1.68e-05	9.99e-01	1.22e-03	0.00e+00
 1.08329e+14	1.13e-28	1.26e-21	1.99e-15	6.29e-10	1.81e-05	9.99e-01	1.13e-03	0.00e+00
 1.12587e+14	1.62e-28	1.68e-21	2.50e-15	7.34e-10	1.96e-05	9.99e-01	1.04e-03	0.00e+00
 1.16812e+14	2.25e-28	2.20e-21	3.10e-15	8.52e-10	2.12e-05	9.99e-01	9.65e-04	0.00e+00
 1.20715e+14	3.05e-28	2.82e-21	3.76e-15	9.73e-10	2.27e-05	9.99e-01	9.01e-04	0.00e+00
 1.25083e+14	4.24e-28	3.69e-21	4.63e-15	1.12e-09	2.45e-05	9.99e-01	8.37e-04	0.00e+00
 1.29661e+14	5.95e-28	4.86e-21	5.72e-15	1.30e-09	2.64e-05	9.99e-01	7.77e-04	0.00e+00
 1.33593e+14	7.83e-28	6.09e-21	6.82e-15	1.46e-09	2.81e-05	9.99e-01	7.30e-04	0.00e+00
 1.37021e+14	9.87e-28	7.37e-21	7.91e-15	1.62e-09	2.96e-05	9.99e-01	6.92e-04	0.00e+00
 1.40715e+14	1.27e-27	9.04e-21	9.26e-15	1.80e-09	3.13e-05	9.99e-01	6.55e-04	0.00e+00
 1.45518e+14	1.72e-27	1.16e-20	1.13e-14	2.06e-09	3.36e-05	9.99e-01	6.11e-04	0.00e+00
 1.50423e+14	2.35e-27	1.49e-20	1.37e-14	2.35e-09	3.59e-05	9.99e-01	5.71e-04	0.00e+00
 1.54461e+14	3.03e-27	1.84e-20	1.60e-14	2.62e-09	3.79e-05	9.99e-01	5.40e-04	0.00e+00
 1.58711e+14	3.91e-27	2.26e-20	1.88e-14	2.92e-09	4.01e-05	9.99e-01	5.11e-04	0.00e+00
 1.64237e+14	5.42e-27	2.94e-20	2.31e-14	3.35e-09	4.30e-05	9.99e-01	4.77e-04	0.00e+00
 1.70054e+14	7.44e-27	3.82e-20	2.83e-14	3.85e-09	4.62e-05	1.00e+00	4.44e-04	0.00e+00
 1.75057e+14	9.79e-27	4.78e-20	3.36e-14	4.32e-09	4.90e-05	1.00e+00	4.18e-04	0.00e+00
 1.80366e+14	1.30e-26	6.02e-20	4.02e-14	4.87e-09	5.21e-05	1.00e+00	3.94e-04	0.00e+00
 1.87050e+14	1.86e-26	8.02e-20	4.99e-14	5.63e-09	5.60e-05	1.00e+00	3.66e-04	0.00e+00
 1.94007e+14	2.60e-26	1.06e-19	6.20e-14	6.51e-09	6.04e-05	1.00e+00	3.40e-04	0.00e+00
 2.00170e+14	3.52e-26	1.35e-19	7.47e-14	7.37e-09	6.43e-05	1.00e+00	3.19e-04	0.00e+00
 2.06810e+14	4.88e-26	1.75e-19	9.08e-14	8.40e-09	6.85e-05	1.00e+00	2.99e-04	0.00e+00
 2.14790e+14	6.93e-26	2.33e-19	1.14e-13	9.77e-09	7.40e-05	1.00e+00	2.77e-04	0.00e+00
 2.22747e+14	9.87e-26	3.10e-19	1.41e-13	1.13e-08	7.95e-05	1.00e+00	2.58e-04	0.00e+00
 2.30015e+14	1.36e-25	4.01e-19	1.71e-13	1.28e-08	8.47e-05	1.00e+00	2.42e-04	0.00e+00
 2.38149e+14	1.90e-25	5.26e-19	2.11e-13	1.47e-08	9.07e-05	1.00e+00	2.26e-04	0.00e+00
 2.47617e+14	2.78e-25	7.14e-19	2.67e-13	1.72e-08	9.80e-05	1.00e+00	2.09e-04	0.00e+00
 2.56952e+14	3.97e-25	9.54e-19	3.33e-13	1.99e-08	1.05e-04	1.00e+00	1.94e-04	0.00e+00
 2.65819e+14	5.51e-25	1.24e-18	4.08e-13	2.28e-08	1.13e-04	1.00e+00	1.82e-04	0.00e+00
 2.75640e+14	7.84e-25	1.65e-18	5.08e-13	2.63e-08	1.21e-04	1.00e+00	1.69e-04	0.00e+00
 2.86696e+14	1.15e-24	2.25e-18	6.43e-13	3.08e-08	1.31e-04	1.00e+00	1.57e-04	0.00e+00
 2.96089e+14	1.56e-24	2.90e-18	7.81e-13	3.50e-08	1.39e-04	1.00e+00	1.47e-04	0.00e+00
 3.03031e+14	1.93e-24	3.45e-18	8.97e-13	3.84e-08	1.46e-04	1.00e+00	1.40e-04	0.00e+00
 3.10356e+14	2.46e-24	4.18e-18	1.04e-12	4.22e-08	1.53e-04	1.00e+00	1.34e-04	0.00e+00
 3.19879e+14	3.25e-24	5.26e-18	1.24e-12	4.76e-08	1.62e-04	1.00e+00	1.26e-04	0.00e+00
 3.30342e+14	4.51e-24	6.82e-18	1.51e-12	5.41e-08	1.73e-04	1.00e+00	1.19e-04	0.00e+00
 3.40020e+14	5.85e-24	8.47e-18	1.79e-12	6.07e-08	1.83e-04	1.00e+00	1.12e-04	0.00e+00
 3.50594e+14	7.82e-24	1.07e-17	2.15e-12	6.85e-08	1.94e-04	1.00e+00	1.05e-04	0.00e+00
 3.62499e+14	1.08e-23	1.39e-17	2.63e-12	7.83e-08	2.07e-04	1.00e+00	9.86e-05	0.00e+00
 3.73844e+14	1.46e-23	1.78e-17	3.17e-12	8.85e-08	2.20e-04	1.00e+00	9.28e-05	0.00e+00
 3.86301e+14	1.95e-23	2.27e-17	3.85e-12	1.01e-07	2.35e-04	1.00e+00	8.69e-05	0.00e+00
 4.00132e+14	2.73e-23	2.98e-17	4.76e-12	1.16e-07	2.52e-04	1.00e+00	8.10e-05	0.00e+00
 4.13019e+14	3.74e-23	3.83e-17	5.76e-12	1.32e-07	2.68e-04	1.00e+00	7.61e-05	0.00e+00
 4.27039e+14	5.10e-23	4.94e-17	7.03e-12	1.50e-07	2.87e-04	1.00e+00	7.12e-05	0.00e+00
 4.42630e+14	6.99e-23	6.43e-17	8.70e-12	1.74e-07	3.08e-04	1.00e+00	6.62e-05	0.00e+00
 4.57114e+14	9.59e-23	8.30e-17	1.06e-11	1.97e-07	3.28e-04	1.00e+00	6.21e-05	0.00e+00
 4.72794e+14	1.29e-22	1.06e-16	1.29e-11	2.26e-07	3.52e-04	1.00e+00	5.80e-05	0.00e+00
 4.90286e+14	1.82e-22	1.41e-16	1.60e-11	2.61e-07	3.78e-04	1.00e+00	5.39e-05	0.00e+00
 5.06636e+14	2.41e-22	1.78e-16	1.95e-11	2.98e-07	4.04e-04	1.00e+00	5.04e-05	0.00e+00
 5.24394e+14	3.36e-22	2.33e-16	2.39e-11	3.42e-07	4.33e-04	1.00e+00	4.71e-05	0.00e+00
 5.44187e+14	4.60e-22	3.04e-16	2.98e-11	3.96e-07	4.68e-04	9.99e-01	4.36e-05	0.00e+00
 5.62656e+14	6.23e-22	3.91e-16	3.64e-11	4.53e-07	5.00e-04	9.99e-01	4.07e-05	0.00e+00
 5.82696e+14	8.53e-22	5.08e-16	4.48e-11	5.21e-07	5.37e-04	9.99e-01	3.79e-05	0.00e+00
 6.05004e+14	1.21e-21	6.76e-16	5.60e-11	6.06e-07	5.80e-04	9.99e-01	3.51e-05	0.00e+00
 6.25968e+14	1.61e-21	8.61e-16	6.86e-11	6.95e-07	6.22e-04	9.99e-01	3.27e-05	0.00e+00
 6.48685e+14	2.23e-21	1.13e-15	8.48e-11	8.01e-07	6.69e-04	9.99e-01	3.04e-05	0.00e+00
 6.73928e+14	3.08e-21	1.48e-15	1.06e-10	9.35e-07	7.25e-04	9.99e-01	2.81e-05	0.00e+00
 6.96247e+14	4.14e-21	1.89e-15	1.29e-10	1.06e-06	7.74e-04	9.99e-01	2.63e-05	0.00e+00
 7.15411e+14	5.26e-21	2.31e-15	1.51e-10	1.19e-06	8.19e-04	9.99e-01	2.48e-05	0.00e+00
 7.33835e+14	6.56e-21	2.78e-15	1.76e-10	1.32e-06	8.63e-04	9.99e-01	2.35e-05	0.00e+00
 7.54694e+14	8.29e-21	3.39e-15	2.08e-10	1.47e-06	9.15e-04	9.99e-01	2.22e-05	0.00e+00
 7.77679e+14	1.09e-20	4.25e-15	2.48e-10	1.66e-06	9.73e-04	9.99e-01	2.09e-05	0.00e+00
 7.98916e+14	1.37e-20	5.16e-15	2.91e-10	1.85e-06	1.03e-03	9.99e-01	1.97e-05	0.00e+00
 8.22016e+14	1.76e-20	6.36e-15	3.44e-10	2.07e-06	1.09e-03	9.99e-01	1.86e-05	0.00e+00
 8.47868e+14	2.29e-20	7.94e-15	4.13e-10	2.35e-06	1.17e-03	9.99e-01	1.74e-05	0.00e+00
 8.72135e+14	2.93e-20	9.77e-15	4.88e-10	2.63e-06	1.24e-03	9.99e-01	1.64e-05	0.00e+00
 8.98520e+14	3.78e-20	1.21e-14	5.82e-10	2.97e-06	1.32e-03	9.99e-01	1.54e-05	0.00e+00
 9.27922e+14	5.01e-20	1.53e-14	7.04e-10	3.38e-06	1.41e-03	9.99e-01	1.44e-05	0.00e+00
 9.55611e+14	6.43e-20	1.89e-14	8.37e-10	3.80e-06	1.50e-03	9.98e-01	1.35e-05	0.00e+00
 9.85971e+14	8.41e-20	2.37e-14	1.01e-09	4.31e-06	1.60e-03	9.98e-01	1.27e-05	0.00e+00
 1.01996e+15	1.13e-19	3.04e-14	1.23e-09	4.94e-06	1.71e-03	9.98e-01	1.18e-05	0.00e+00
 1.05224e+15	1.47e-19	3.80e-14	1.48e-09	5.59e-06	1.83e-03	9.98e-01	1.11e-05	0.00e+00
 1.08780e+15	1.97e-19	4.85e-14	1.80e-09	6.39e-06	1.96e-03	9.98e-01	1.03e-05	0.00e+00
 1.12778e+15	2.67e-19	6.27e-14	2.22e-09	7.39e-06	2.12e-03	9.98e-01	9.54e-06	0.00e+00
 1.16563e+15	3.56e-19	7.98e-14	2.70e-09	8.44e-06	2.27e-03	9.98e-01	8.89e-06	0.00e+00
 1.20152e+15	4.64e-19	9.96e-14	3.23e-09	9.53e-06	2.42e-03	9.98e-01	8.34e-06	0.00e+00
 1.24280e+15	6.17e-19	1.27e-13	3.93e-09	1.09e-05	2.60e-03	9.97e-01	7.75e-06	0.00e+00
 1.29146e+15	8.51e-19	1.67e-13	4.93e-09	1.27e-05	2.81e-03	9.97e-01	7.15e-06	0.00e+00
 1.33908e+15	1.17e-18	2.17e-13	6.10e-09	1.47e-05	3.04e-03	9.97e-01	6.61e-06	0.00e+00
 1.38226e+15	1.54e-18	2.74e-13	7.35e-09	1.67e-05	3.25e-03	9.97e-01	6.18e-06	0.00e+00
 1.43036e+15	2.03e-18	3.47e-13	8.99e-09	1.92e-05	3.50e-03	9.96e-01	5.74e-06	0.00e+00
 1.47724e+15	2.71e-18	4.41e-13	1.09e-08	2.19e-05	3.75e-03	9.96e-01	5.35e-06	0.00e+00
 1.51195e+15	3.31e-18	5.21e-13	1.24e-08	2.40e-05	3.94e-03	9.96e-01	5.09e-06	0.00e+00
 1.54647e+15	4.00e-18	6.12e-13	1.42e-08	2.63e-05	4.13e-03	9.96e-01	4.84e-06	0.00e+00
 1.59135e+15	5.09e-18	7.51e-13	1.68e-08	2.95e-05	4.40e-03	9.96e-01	4.55e-06	0.00e+00
 1.63977e+15	6.57e-18	9.32e-13	2.00e-08	3.33e-05	4.69e-03	9.95e-01	4.26e-06	0.00e+00
 1.68289e+15	8.07e-18	1.11e-12	2.33e-08	3.69e-05	4.96e-03	9.95e-01	4.03e-06	0.00e+00
 1.72906e+15	1.02e-17	1.36e-12	2.73e-08	4.12e-05	5.26e-03	9.95e-01	3.79e-06	0.00e+00
 1.78908e+15	1.36e-17	1.73e-12	3.33e-08	4.72e-05	5.67e-03	9.94e-01	3.51e-06	0.00e+00
 1.84987e+15	1.80e-17	2.19e-12	4.05e-08	5.40e-05	6.10e-03	9.94e-01	3.26e-06	0.00e+00
 1.89872e+15	2.24e-17	2.64e-12	4.72e-08	6.00e-05	6.46e-03	9.93e-01	3.08e-06	0.00e+00
 1.94929e+15	2.74e-17	3.15e-12	5.50e-08	6.67e-05	6.84e-03	9.93e-01	2.90e-06	0.00e+00
 2.01502e+15	3.68e-17	4.02e-12	6.67e-08	7.62e-05	7.36e-03	9.93e-01	2.69e-06	0.00e+00
 2.08473e+15	4.85e-17	5.10e-12	8.13e-08	8.74e-05	7.95e-03	9.92e-01	2.49e-06	0.00e+00
 2.14556e+15	6.16e-17	6.25e-12	9.62e-08	9.81e-05	8.47e-03	9.91e-01	2.33e-06	0.00e+00
 2.21060e+15	7.69e-17	7.62e-12	1.15e-07	1.11e-04	9.05e-03	9.91e-01	2.18e-06	0.00e+00
 2.29233e+15	1.06e-16	9.95e-12	1.42e-07	1.28e-04	9.82e-03	9.90e-01	2.07e-06	0.00e+00
 2.37663e+15	1.57e-16	1.28e-11	1.75e-07	1.48e-04	1.07e-02	9.89e-01	1.96e-06	0.00e+00
 2.45061e+15	2.02e-16	1.58e-11	2.09e-07	1.67e-04	1.14e-02	9.88e-01	1.88e-06	0.00e+00
 2.53031e+15	2.58e-16	1.96e-11	2.52e-07	1.90e-04	1.23e-02	9.88e-01	1.79e-06	0.00e+00
 2.62687e+15	3.65e-16	2.59e-11	3.14e-07	2.21e-04	1.34e-02	9.86e-01	1.71e-06	0.00e+00
 2.72319e+15	4.84e-16	3.31e-11	3.88e-07	2.56e-04	1.45e-02	9.85e-01	1.63e-06	0.00e+00
 2.80913e+15	6.27e-16	4.13e-11	4.66e-07	2.90e-04	1.55e-02	9.84e-01	1.56e-06	0.00e+00
 2.88240e+15	7.64e-16	4.91e-11	5.43e-07	3.21e-04	1.65e-02	9.83e-01	1.52e-06	0.00e+00
 2.94556e+15	9.14e-16	5.72e-11	6.16e-07	3.50e-04	1.73e-02	9.82e-01	1.48e-06	0.00e+00
 3.01693e+15	1.11e-15	6.77e-11	7.10e-07	3.85e-04	1.83e-02	9.81e-01	1.44e-06	0.00e+00
 3.10971e+15	1.48e-15	8.53e-11	8.50e-07	4.35e-04	1.96e-02	9.80e-01	1.41e-06	0.00e+00
 3.20491e+15	1.87e-15	1.05e-10	1.02e-06	4.91e-04	2.10e-02	9.79e-01	1.36e-06	0.00e+00
 3.28280e+15	2.33e-15	1.26e-10	1.17e-06	5.41e-04	2.22e-02	9.77e-01	1.34e-06	0.00e+00
 3.36360e+15	2.83e-15	1.49e-10	1.35e-06	5.96e-04	2.34e-02	9.76e-01	1.31e-06	0.00e+00
 3.46863e+15	3.70e-15	1.86e-10	1.63e-06	6.74e-04	2.51e-02	9.74e-01	1.29e-06	0.00e+00
 3.57782e+15	4.80e-15	2.33e-10	1.96e-06	7.63e-04	2.69e-02	9.72e-01	1.26e-06	0.00e+00
 3.66947e+15	5.94e-15	2.80e-10	2.28e-06	8.44e-04	2.85e-02	9.71e-01	1.25e-06	0.00e+00
 3.76570e+15	7.20e-15	3.33e-10	2.66e-06	9.36e-04	3.02e-02	9.69e-01	1.23e-06	0.00e+00
 3.89079e+15	9.83e-15	4.29e-10	3.25e-06	1.07e-03	3.25e-02	9.66e-01	1.22e-06	0.00e+00
 4.02067e+15	1.30e-14	5.44e-10	3.96e-06	1.22e-03	3.50e-02	9.64e-01	1.20e-06	0.00e+00
 4.13038e+15	1.62e-14	6.60e-10	4.65e-06	1.36e-03	3.72e-02	9.61e-01	1.20e-06	0.00e+00
 4.24660e+15	2.00e-14	7.99e-10	5.50e-06	1.51e-03	3.95e-02	9.59e-01	1.19e-06	0.00e+00
 4.39768e+15	2.82e-14	1.06e-09	6.82e-06	1.74e-03	4.28e-02	9.55e-01	1.19e-06	0.00e+00
 4.55650e+15	3.84e-14	1.37e-09	8.46e-06	2.01e-03	4.63e-02	9.52e-01	1.19e-06	0.00e+00
 4.69457e+15	4.79e-14	1.68e-09	1.01e-05	2.26e-03	4.94e-02	9.48e-01	1.19e-06	0.00e+00
 4.84326e+15	6.48e-14	2.16e-09	1.23e-05	2.56e-03	5.30e-02	9.44e-01	1.20e-06	0.00e+00
 5.02586e+15	8.88e-14	2.83e-09	1.54e-05	2.97e-03	5.74e-02	9.40e-01	1.20e-06	0.00e+00
 5.21130e+15	1.22e-13	3.72e-09	1.92e-05	3.44e-03	6.21e-02	9.34e-01	1.21e-06	0.00e+00
 5.37658e+15	1.62e-13	4.72e-09	2.33e-05	3.89e-03	6.65e-02	9.30e-01	1.22e-06	0.00e+00
 5.52084e+15	2.01e-13	5.72e-09	2.74e-05	4.32e-03	7.03e-02	9.25e-01	1.24e-06	9.42e-13
 5.64772e+15	2.54e-13	6.91e-09	3.16e-05	4.74e-03	7.40e-02	9.21e-01	1.25e-06	0.00e+00
 5.78804e+15	3.17e-13	8.34e-09	3.68e-05	5.23e-03	7.80e-02	9.17e-01	1.26e-06	1.03e-12
 5.97047e+15	4.22e-13	1.06e-08	4.46e-05	5.92e-03	8.34e-02	9.11e-01	1.28e-06	0.00e+00
 6.15485e+15	5.48e-13	1.33e-08	5.38e-05	6.68e-03	8.89e-02	9.04e-01	1.29e-06	1.13e-12
 6.30116e+15	6.79e-13	1.60e-08	6.22e-05	7.33e-03	9.34e-02	8.99e-01	1.31e-06	0.00e+00
 6.45074e+15	8.50e-13	1.93e-08	7.20e-05	8.06e-03	9.82e-02	8.94e-01	1.33e-06	1.23e-12
 6.64520e+15	1.08e-12	2.38e-08	8.65e-05	9.06e-03	1.04e-01	8.86e-01	1.33e-06	0.00e+00
 6.85071e+15	1.48e-12	3.08e-08	1.05e-04	1.03e-02	1.11e-01	8.78e-01	1.37e-06	0.00e+00
 7.02551e+15	1.87e-12	3.76e-08	1.23e-04	1.13e-02	1.17e-01	8.71e-01	1.39e-06	1.43e-12
 7.20766e+15	2.37e-12	4.58e-08	1.44e-04	1.25e-02	1.24e-01	8.64e-01	1.40e-06	0.00e+00
 7.44444e+15	3.08e-12	5.78e-08	1.76e-04	1.43e-02	1.32e-01	8.54e-01	1.41e-06	0.00e+00
 7.69015e+15	4.36e-12	7.66e-08	2.16e-04	1.62e-02	1.41e-01	8.42e-01	1.44e-06	0.00e+00
 7.89415e+15	5.54e-12	9.39e-08	2.54e-04	1.80e-02	1.49e-01	8.33e-01	1.46e-06	1.70e-12
 8.10606e+15	7.13e-12	1.16e-07	3.01e-04	2.00e-02	1.57e-01	8.23e-01	1.47e-06	0.00e+00
 8.38153e+15	9.40e-12	1.48e-07	3.70e-04	2.28e-02	1.67e-01	8.10e-01	1.48e-06	1.83e-12
 8.66367e+15	1.35e-11	1.98e-07	4.58e-04	2.61e-02	1.79e-01	7.95e-01	1.51e-06	0.00e+00
 8.89813e+15	1.73e-11	2.44e-07	5.42e-04	2.90e-02	1.88e-01	7.83e-01	1.52e-06	2.03e-12
 9.14660e+15	2.26e-11	3.06e-07	6.46e-04	3.23e-02	1.98e-01	7.69e-01	1.53e-06	0.00e+00
 9.46962e+15	3.02e-11	3.95e-07	8.02e-04	3.70e-02	2.11e-01	7.51e-01	1.53e-06	0.00e+00
 9.79371e+15	4.39e-11	5.33e-07	9.98e-04	4.23e-02	2.25e-01	7.32e-01	1.55e-06	0.00e+00
 1.00510e+16	5.65e-11	6.58e-07	1.18e-03	4.68e-02	2.35e-01	7.17e-01	1.56e-06	2.38e-12
 1.03173e+16	7.28e-11	8.15e-07	1.39e-03	5.19e-02	2.46e-01	7.00e-01	1.56e-06	0.00e+00
 1.05891e+16	9.36e-11	1.01e-06	1.64e-03	5.74e-02	2.57e-01	6.83e-01	1.56e-06	0.00e+00
 1.08197e+16	1.16e-10	1.20e-06	1.89e-03	6.25e-02	2.67e-01	6.69e-01	1.56e-06	0.00e+00
 1.10711e+16	1.45e-10	1.45e-06	2.19e-03	6.83e-02	2.77e-01	6.52e-01	1.55e-06	0.00e+00
 1.13454e+16	1.80e-10	1.75e-06	2.56e-03	7.50e-02	2.88e-01	6.35e-01	1.54e-06	0.00e+00
 1.16083e+16	2.36e-10	2.17e-06	2.99e-03	8.22e-02	2.99e-01	6.16e-01	1.54e-06	0.00e+00
 1.18580e+16	2.88e-10	2.57e-06	3.43e-03	8.92e-02	3.08e-01	5.99e-01	1.52e-06	0.00e+00
 1.21317e+16	3.54e-10	3.08e-06	3.99e-03	9.73e-02	3.18e-01	5.81e-01	1.51e-06	0.00e+00
 1.24391e+16	4.79e-10	3.92e-06	4.73e-03	1.07e-01	3.30e-01	5.58e-01	1.49e-06	0.00e+00
 1.27176e+16	5.92e-10	4.69e-06	5.47e-03	1.17e-01	3.40e-01	5.38e-01	1.47e-06	0.00e+00
 1.30071e+16	7.31e-10	5.63e-06	6.36e-03	1.27e-01	3.49e-01	5.17e-01	1.45e-06	0.00e+00
 1.33835e+16	1.04e-09	7.47e-06	7.80e-03	1.43e-01	3.62e-01	4.88e-01	1.42e-06	0.00e+00
 1.37401e+16	1.36e-09	9.33e-06	9.29e-03	1.57e-01	3.71e-01	4.62e-01	1.38e-06	0.00e+00
 1.40000e+16	1.69e-09	1.12e-05	1.06e-02	1.69e-01	3.78e-01	4.42e-01	1.36e-06	0.00e+00
 1.42670e+16	2.10e-09	1.34e-05	1.22e-02	1.82e-01	3.85e-01	4.22e-01	1.34e-06	0.00e+00
 1.46140e+16	2.64e-09	1.63e-05	1.44e-02	1.99e-01	3.91e-01	3.96e-01	1.29e-06	0.00e+00
 1.49726e+16	3.72e-09	2.13e-05	1.73e-02	2.18e-01	3.97e-01	3.67e-01	1.26e-06	0.00e+00
 1.52615e+16	4.64e-09	2.56e-05	1.99e-02	2.34e-01	4.01e-01	3.45e-01	1.22e-06	0.00e+00
 1.55059e+16	5.66e-09	3.01e-05	2.24e-02	2.48e-01	4.03e-01	3.27e-01	1.19e-06	0.00e+00
 1.57415e+16	6.87e-09	3.53e-05	2.52e-02	2.63e-01	4.04e-01	3.08e-01	1.16e-06	0.00e+00
 1.60122e+16	8.21e-09	4.12e-05	2.87e-02	2.80e-01	4.03e-01	2.89e-01	1.12e-06	0.00e+00
 1.63134e+16	1.12e-08	5.24e-05	3.36e-02	3.00e-01	4.02e-01	2.64e-01	1.08e-06	0.00e+00
 1.65779e+16	1.37e-08	6.17e-05	3.81e-02	3.18e-01	3.99e-01	2.45e-01	1.05e-06	0.00e+00
 1.68021e+16	1.61e-08	7.07e-05	4.25e-02	3.33e-01	3.95e-01	2.29e-01	1.02e-06	0.00e+00
 1.70503e+16	1.98e-08	8.38e-05	4.82e-02	3.51e-01	3.90e-01	2.11e-01	9.77e-07	0.00e+00
 1.73169e+16	2.71e-08	1.06e-04	5.57e-02	3.71e-01	3.83e-01	1.90e-01	0.00e+00	0.00e+00
 1.75374e+16	3.33e-08	1.25e-04	6.23e-02	3.88e-01	3.75e-01	1.75e-01	0.00e+00	0.00e+00
 1.77226e+16	3.99e-08	1.44e-04	6.87e-02	4.02e-01	3.68e-01	1.61e-01	0.00e+00	0.00e+00
 1.79317e+16	4.83e-08	1.68e-04	7.67e-02	4.18e-01	3.58e-01	1.47e-01	0.00e+00	0.00e+00
 1.81624e+16	6.08e-08	2.01e-04	8.67e-02	4.36e-01	3.46e-01	1.32e-01	0.00e+00	0.00e+00
 1.83669e+16	7.21e-08	2.31e-04	9.63e-02	4.50e-01	3.34e-01	1.19e-01	0.00e+00	0.00e+00
 1.85450e+16	9.18e-08	2.76e-04	1.07e-01	4.64e-01	3.22e-01	1.07e-01	0.00e+00	0.00e+00
 1.87108e+16	1.06e-07	3.11e-04	1.16e-01	4.76e-01	3.10e-01	9.70e-02	0.00e+00	0.00e+00
 1.88937e+16	1.30e-07	3.63e-04	1.29e-01	4.89e-01	2.96e-01	8.59e-02	0.00e+00	0.00e+00
 1.90875e+16	1.62e-07	4.30e-04	1.44e-01	5.01e-01	2.80e-01	7.49e-02	0.00e+00	0.00e+00
 1.92487e+16	2.12e-07	5.23e-04	1.58e-01	5.12e-01	2.64e-01	6.51e-02	0.00e+00	0.00e+00
 1.93766e+16	2.58e-07	6.02e-04	1.71e-01	5.19e-01	2.52e-01	5.79e-02	0.00e+00	0.00e+00
 1.95080e+16	3.02e-07	6.80e-04	1.84e-01	5.26e-01	2.38e-01	5.13e-02	0.00e+00	0.00e+00
 1.96789e+16	3.81e-07	8.09e-04	2.04e-01	5.33e-01	2.19e-01	4.30e-02	0.00e+00	0.00e+00
 1.98375e+16	4.77e-07	9.55e-04	2.23e-01	5.38e-01	2.02e-01	3.60e-02	0.00e+00	0.00e+00
 1.99407e+16	5.61e-07	1.07e-03	2.37e-01	5.40e-01	1.90e-01	3.16e-02	0.00e+00	0.00e+00
 2.00218e+16	6.39e-07	1.18e-03	2.49e-01	5.42e-01	1.80e-01	2.83e-02	0.00e+00	0.00e+00
 2.01135e+16	7.09e-07	1.28e-03	2.62e-01	5.43e-01	1.69e-01	2.51e-02	0.00e+00	0.00e+00
 2.02329e+16	8.42e-07	1.45e-03	2.80e-01	5.43e-01	1.54e-01	2.10e-02	0.00e+00	0.00e+00
 2.03387e+16	1.01e-06	1.65e-03	2.97e-01	5.42e-01	1.41e-01	1.76e-02	0.00e+00	0.00e+00
 2.03990e+16	1.19e-06	1.85e-03	3.09e-01	5.40e-01	1.33e-01	1.56e-02	0.00e+00	0.00e+00
 2.04363e+16	1.27e-06	1.94e-03	3.16e-01	5.39e-01	1.29e-01	1.45e-02	0.00e+00	0.00e+00
 2.04717e+16	1.35e-06	2.03e-03	3.22e-01	5.38e-01	1.24e-01	1.36e-02	0.00e+00	0.00e+00
 2.05178e+16	1.42e-06	2.11e-03	3.30e-01	5.37e-01	1.19e-01	1.25e-02	0.00e+00	0.00e+00
 2.05777e+16	1.57e-06	2.26e-03	3.41e-01	5.35e-01	1.12e-01	1.10e-02	0.00e+00	0.00e+00
 2.06556e+16	1.86e-06	2.55e-03	3.56e-01	5.30e-01	1.02e-01	9.21e-03	0.00e+00	0.00e+00
 2.07262e+16	2.05e-06	2.73e-03	3.69e-01	5.27e-01	9.41e-02	7.94e-03	0.00e+00	0.00e+00
 2.07781e+16	2.34e-06	2.99e-03	3.80e-01	5.22e-01	8.78e-02	6.92e-03	0.00e+00	0.00e+00
 2.08247e+16	2.49e-06	3.13e-03	3.88e-01	5.20e-01	8.28e-02	6.20e-03	0.00e+00	0.00e+00
 2.08739e+16	2.73e-06	3.34e-03	3.98e-01	5.16e-01	7.74e-02	5.44e-03	0.00e+00	0.00e+00
 2.09380e+16	3.19e-06	3.72e-03	4.12e-01	5.09e-01	7.02e-02	4.49e-03	0.00e+00	0.00e+00
 2.09989e+16	3.55e-06	4.01e-03	4.24e-01	5.04e-01	6.43e-02	3.80e-03	0.00e+00	0.00e+00
 2.10474e+16	3.82e-06	4.23e-03	4.33e-01	4.99e-01	5.97e-02	3.32e-03	0.00e+00	0.00e+00
 2.11019e+16	4.24e-06	4.55e-03	4.44e-01	4.94e-01	5.46e-02	2.79e-03	0.00e+00	0.00e+00
 2.11728e+16	5.04e-06	5.12e-03	4.60e-01	4.84e-01	4.80e-02	2.18e-03	0.00e+00	0.00e+00
 2.12391e+16	5.69e-06	5.57e-03	4.73e-01	4.77e-01	4.29e-02	1.76e-03	0.00e+00	0.00e+00
 2.12896e+16	6.29e-06	5.97e-03	4.83e-01	4.70e-01	3.91e-02	1.48e-03	0.00e+00	0.00e+00
 2.13453e+16	7.03e-06	6.45e-03	4.95e-01	4.63e-01	3.51e-02	1.20e-03	0.00e+00	0.00e+00
 2.14178e+16	8.16e-06	7.13e-03	5.09e-01	4.52e-01	3.04e-02	9.12e-04	0.00e+00	0.00e+00
 2.14930e+16	9.42e-06	7.87e-03	5.23e-01	4.42e-01	2.62e-02	6.87e-04	0.00e+00	0.00e+00
 2.15578e+16	1.07e-05	8.58e-03	5.36e-01	4.32e-01	2.29e-02	5.33e-04	0.00e+00	0.00e+00
 2.16279e+16	1.23e-05	9.44e-03	5.49e-01	4.21e-01	1.97e-02	3.99e-04	0.00e+00	0.00e+00
 2.17191e+16	1.47e-05	1.06e-02	5.66e-01	4.07e-01	1.62e-02	2.74e-04	0.00e+00	0.00e+00
 2.18139e+16	1.76e-05	1.20e-02	5.82e-01	3.92e-01	1.32e-02	1.85e-04	0.00e+00	0.00e+00
 2.18800e+16	2.00e-05	1.31e-02	5.93e-01	3.82e-01	1.14e-02	1.41e-04	0.00e+00	0.00e+00
 2.19217e+16	2.16e-05	1.38e-02	6.00e-01	3.75e-01	1.04e-02	1.18e-04	0.00e+00	0.00e+00
 2.19652e+16	2.35e-05	1.46e-02	6.08e-01	3.68e-01	9.45e-03	9.81e-05	0.00e+00	0.00e+00
 2.20218e+16	2.62e-05	1.57e-02	6.17e-01	3.59e-01	8.30e-03	7.67e-05	0.00e+00	0.00e+00
 2.20952e+16	3.01e-05	1.73e-02	6.29e-01	3.47e-01	7.02e-03	5.57e-05	0.00e+00	0.00e+00
 2.21711e+16	3.48e-05	1.90e-02	6.41e-01	3.34e-01	5.93e-03	4.04e-05	0.00e+00	0.00e+00
 2.22338e+16	3.92e-05	2.06e-02	6.50e-01	3.24e-01	5.15e-03	3.10e-05	0.00e+00	0.00e+00
 2.22903e+16	4.37e-05	2.22e-02	6.59e-01	3.14e-01	4.53e-03	2.43e-05	0.00e+00	0.00e+00
 2.23550e+16	4.92e-05	2.40e-02	6.68e-01	3.04e-01	3.91e-03	1.84e-05	0.00e+00	0.00e+00
 2.24390e+16	5.79e-05	2.68e-02	6.80e-01	2.90e-01	3.21e-03	1.27e-05	0.00e+00	0.00e+00
 2.25201e+16	6.81e-05	2.99e-02	6.92e-01	2.76e-01	2.67e-03	9.01e-06	0.00e+00	0.00e+00
 2.25785e+16	7.66e-05	3.23e-02	7.00e-01	2.66e-01	2.34e-03	7.04e-06	0.00e+00	0.00e+00
 2.26356e+16	8.56e-05	3.48e-02	7.07e-01	2.56e-01	2.05e-03	5.49e-06	0.00e+00	0.00e+00
 2.27098e+16	9.95e-05	3.84e-02	7.16e-01	2.43e-01	1.71e-03	3.96e-06	0.00e+00	0.00e+00
 2.27852e+16	1.17e-04	4.27e-02	7.25e-01	2.30e-01	1.43e-03	2.86e-06	0.00e+00	0.00e+00
 2.28446e+16	1.32e-04	4.64e-02	7.32e-01	2.20e-01	1.24e-03	2.21e-06	0.00e+00	0.00e+00
 2.28959e+16	1.48e-04	5.00e-02	7.37e-01	2.11e-01	1.09e-03	1.76e-06	0.00e+00	0.00e+00
 2.29544e+16	1.67e-04	5.43e-02	7.43e-01	2.01e-01	9.43e-04	1.35e-06	0.00e+00	0.00e+00
 2.30199e+16	1.94e-04	5.99e-02	7.49e-01	1.90e-01	7.98e-04	1.01e-06	0.00e+00	0.00e+00
 2.30803e+16	2.22e-04	6.56e-02	7.54e-01	1.79e-01	6.83e-04	7.69e-07	0.00e+00	0.00e+00
 2.31337e+16	2.52e-04	7.12e-02	7.58e-01	1.70e-01	5.93e-04	0.00e+00	0.00e+00	0.00e+00
 2.31923e+16	2.89e-04	7.80e-02	7.61e-01	1.60e-01	5.05e-04	0.00e+00	0.00e+00	0.00e+00
 2.32564e+16	3.37e-04	8.64e-02	7.64e-01	1.49e-01	4.23e-04	0.00e+00	0.00e+00	0.00e+00
 2.33126e+16	3.88e-04	9.47e-02	7.65e-01	1.40e-01	3.61e-04	0.00e+00	0.00e+00	0.00e+00
 2.33613e+16	4.39e-04	1.03e-01	7.65e-01	1.31e-01	3.12e-04	0.00e+00	0.00e+00	0.00e+00
 2.34154e+16	5.05e-04	1.13e-01	7.64e-01	1.22e-01	2.64e-04	0.00e+00	0.00e+00	0.00e+00
 2.34749e+16	5.92e-04	1.25e-01	7.62e-01	1.13e-01	2.19e-04	0.00e+00	0.00e+00	0.00e+00
 2.35277e+16	6.85e-04	1.37e-01	7.58e-01	1.04e-01	1.85e-04	0.00e+00	0.00e+00	0.00e+00
 2.35733e+16	7.79e-04	1.49e-01	7.53e-01	9.67e-02	1.58e-04	0.00e+00	0.00e+00	0.00e+00
 2.36231e+16	8.96e-04	1.64e-01	7.47e-01	8.88e-02	1.33e-04	0.00e+00	0.00e+00	0.00e+00
 2.36784e+16	1.06e-03	1.82e-01	7.37e-01	8.02e-02	1.08e-04	0.00e+00	0.00e+00	0.00e+00
 2.37284e+16	1.23e-03	2.00e-01	7.26e-01	7.27e-02	8.95e-05	0.00e+00	0.00e+00	0.00e+00
 2.37727e+16	1.41e-03	2.18e-01	7.14e-01	6.61e-02	7.47e-05	0.00e+00	0.00e+00	0.00e+00
 2.38220e+16	1.65e-03	2.41e-01	6.99e-01	5.90e-02	6.06e-05	0.00e+00	0.00e+00	0.00e+00
 2.38767e+16	1.98e-03	2.69e-01	6.78e-01	5.15e-02	4.74e-05	0.00e+00	0.00e+00	0.00e+00
 2.39266e+16	2.34e-03	2.98e-01	6.55e-01	4.48e-02	3.73e-05	0.00e+00	0.00e+00	0.00e+00
 2.39712e+16	2.72e-03	3.27e-01	6.31e-01	3.92e-02	2.96e-05	0.00e+00	0.00e+00	0.00e+00
 2.40209e+16	3.24e-03	3.62e-01	6.02e-01	3.32e-02	2.25e-05	0.00e+00	0.00e+00	0.00e+00
 2.40761e+16	3.96e-03	4.06e-01	5.63e-01	2.71e-02	1.62e-05	0.00e+00	0.00e+00	0.00e+00
 2.41254e+16	4.77e-03	4.51e-01	5.23e-01	2.20e-02	1.16e-05	0.00e+00	0.00e+00	0.00e+00
 2.41664e+16	5.60e-03	4.91e-01	4.86e-01	1.81e-02	8.66e-06	0.00e+00	0.00e+00	0.00e+00
 2.42101e+16	6.61e-03	5.35e-01	4.44e-01	1.44e-02	6.16e-06	0.00e+00	0.00e+00	0.00e+00
 2.42554e+16	7.89e-03	5.84e-01	3.97e-01	1.10e-02	4.15e-06	0.00e+00	0.00e+00	0.00e+00
 2.42910e+16	9.14e-03	6.26e-01	3.56e-01	8.67e-03	2.94e-06	0.00e+00	0.00e+00	0.00e+00
 2.43191e+16	1.03e-02	6.58e-01	3.24e-01	7.06e-03	2.20e-06	0.00e+00	0.00e+00	0.00e+00
 2.43492e+16	1.16e-02	6.92e-01	2.90e-01	5.57e-03	1.57e-06	0.00e+00	0.00e+00	0.00e+00
 2.43883e+16	1.36e-02	7.35e-01	2.47e-01	3.97e-03	9.88e-07	0.00e+00	0.00e+00	0.00e+00
 2.44264e+16	1.60e-02	7.77e-01	2.04e-01	2.72e-03	0.00e+00	0.00e+00	0.00e+00	0.00e+00
 2.44532e+16	1.81e-02	8.05e-01	1.75e-01	2.01e-03	0.00e+00	0.00e+00	0.00e+00	0.00e+00
 2.44734e+16	1.98e-02	8.24e-01	1.54e-01	1.58e-03	0.00e+00	0.00e+00	0.00e+00	0.00e+00
 2.44951e+16	2.17e-02	8.43e-01	1.34e-01	1.21e-03	0.00e+00	0.00e+00	0.00e+00	0.00e+00
 2.45233e+16	2.46e-02	8.65e-01	1.10e-01	8.28e-04	0.00e+00	0.00e+00	0.00e+00	0.00e+00
 2.45526e+16	2.82e-02	8.84e-01	8.68e-02	5.36e-04	0.00e+00	0.00e+00	0.00e+00	0.00e+00
 2.45756e+16	3.15e-02	8.98e-01	7.05e-02	3.67e-04	0.00e+00	0.00e+00	0.00e+00	0.00e+00
 2.45939e+16	3.45e-02	9.06e-01	5.94e-02	2.68e-04	0.00e+00	0.00e+00	0.00e+00	0.00e+00
 2.46135e+16	3.79e-02	9.13e-01	4.89e-02	1.88e-04	0.00e+00	0.00e+00	0.00e+00	0.00e+00
 2.46391e+16	4.31e-02	9.19e-01	3.75e-02	1.16e-04	0.00e+00	0.00e+00	0.00e+00	0.00e+00
 2.46641e+16	4.90e-02	9.23e-01	2.80e-02	6.86e-05	0.00e+00	0.00e+00	0.00e+00	0.00e+00
 2.46819e+16	5.40e-02	9.24e-01	2.23e-02	4.59e-05	0.00e+00	0.00e+00	0.00e+00	0.00e+00
 2.46956e+16	5.81e-02	9.23e-01	1.87e-02	3.35e-05	0.00e+00	0.00e+00	0.00e+00	0.00e+00
 2.47105e+16	6.29e-02	9.22e-01	1.53e-02	2.35e-05	0.00e+00	0.00e+00	0.00e+00	0.00e+00
 2.47292e+16	6.96e-02	9.19e-01	1.18e-02	1.47e-05	0.00e+00	0.00e+00	0.00e+00	0.00e+00
 2.47478e+16	7.71e-02	9.14e-01	9.01e-03	9.09e-06	0.00e+00	0.00e+00	0.00e+00	0.00e+00
 2.47622e+16	8.35e-02	9.09e-01	7.20e-03	6.13e-06	0.00e+00	0.00e+00	0.00e+00	0.00e+00
 2.47740e+16	8.92e-02	9.05e-01	5.98e-03	4.40e-06	0.00e+00	0.00e+00	0.00e+00	0.00e+00
 2.47851e+16	9.47e-02	9.00e-01	5.00e-03	3.21e-06	0.00e+00	0.00e+00	0.00e+00	0.00e+00
 2.47958e+16	1.00e-01	8.96e-01	4.19e-03	2.35e-06	0.00e+00	0.00e+00	0.00e+00	0.00e+00
 2.48063e+16	1.06e-01	8.90e-01	3.51e-03	1.71e-06	0.00e+00	0.00e+00	0.00e+00	0.00e+00
 2.48144e+16	1.10e-01	8.87e-01	3.06e-03	1.35e-06	0.00e+00	0.00e+00	0.00e+00	0.00e+00
 2.48195e+16	1.14e-01	8.83e-01	2.81e-03	1.16e-06	0.00e+00	0.00e+00	0.00e+00	0.00e+00
 2.48242e+16	1.17e-01	8.81e-01	2.59e-03	1.00e-06	0.00e+00	0.00e+00	0.00e+00	0.00e+00
 2.48298e+16	1.20e-01	8.77e-01	2.34e-03	8.42e-07	0.00e+00	0.00e+00	0.00e+00	0.00e+00
 2.48360e+16	1.24e-01	8.74e-01	2.10e-03	0.00e+00	0.00e+00	0.00e+00	0.00e+00	0.00e+00
 2.48419e+16	1.28e-01	8.70e-01	1.89e-03	0.00e+00	0.00e+00	0.00e+00	0.00e+00	0.00e+00
 2.48474e+16	1.32e-01	8.66e-01	1.71e-03	0.00e+00	0.00e+00	0.00e+00	0.00e+00	0.00e+00
 2.48530e+16	1.36e-01	8.63e-01	1.54e-03	0.00e+00	0.00e+00	0.00e+00	0.00e+00	0.00e+00
 2.48586e+16	1.40e-01	8.59e-01	1.39e-03	0.00e+00	0.00e+00	0.00e+00	0.00e+00	0.00e+00
 2.48641e+16	1.44e-01	8.55e-01	1.26e-03	0.00e+00	0.00e+00	0.00e+00	0.00e+00	0.00e+00
 2.48697e+16	1.48e-01	8.51e-01	1.13e-03	0.00e+00	0.00e+00	0.00e+00	0.00e+00	0.00e+00
 2.48752e+16	1.52e-01	8.47e-01	1.02e-03	0.00e+00	0.00e+00	0.00e+00	0.00e+00	0.00e+00
 2.48807e+16	1.56e-01	8.43e-01	9.20e-04	0.00e+00	0.00e+00	0.00e+00	0.00e+00	0.00e+00
 2.48862e+16	1.61e-01	8.38e-01	8.30e-04	0.00e+00	0.00e+00	0.00e+00	0.00e+00	0.00e+00
 2.48916e+16	1.65e-01	8.34e-01	7.49e-04	0.00e+00	0.00e+00	0.00e+00	0.00e+00	0.00e+00
 2.48970e+16	1.69e-01	8.30e-01	6.74e-04	0.00e+00	0.00e+00	0.00e+00	0.00e+00	0.00e+00
 2.49025e+16	1.74e-01	8.25e-01	6.07e-04	0.00e+00	0.00e+00	0.00e+00	0.00e+00	0.00e+00
 2.49079e+16	1.79e-01	8.20e-01	5.46e-04	0.00e+00	0.00e+00	0.00e+00	0.00e+00	0.00e+00
 2.49134e+16	1.84e-01	8.15e-01	4.91e-04	0.00e+00	0.00e+00	0.00e+00	0.00e+00	0.00e+00
 2.49189e+16	1.90e-01	8.10e-01	4.41e-04	0.00e+00	0.00e+00	0.00e+00	0.00e+00	0.00e+00
 2.49244e+16	1.94e-01	8.05e-01	3.96e-04	0.00e+00	0.00e+00	0.00e+00	0.00e+00	0.00e+00
 2.49299e+16	2.00e-01	8.00e-01	3.56e-04	0.00e+00	0.00e+00	0.00e+00	0.00e+00	0.00e+00
 2.49354e+16	2.05e-01	7.94e-01	3.20e-04	0.00e+00	0.00e+00	0.00e+00	0.00e+00	0.00e+00
 2.49411e+16	2.11e-01	7.89e-01	2.87e-04	0.00e+00	0.00e+00	0.00e+00	0.00e+00	0.00e+00
 2.49468e+16	2.17e-01	7.82e-01	2.57e-04	0.00e+00	0.00e+00	0.00e+00	0.00e+00	0.00e+00
 2.49524e+16	2.23e-01	7.76e-01	2.31e-04	0.00e+00	0.00e+00	0.00e+00	0.00e+00	0.00e+00
 2.49581e+16	2.30e-01	7.69e-01	2.07e-04	0.00e+00	0.00e+00	0.00e+00	0.00e+00	0.00e+00
 2.49638e+16	2.37e-01	7.63e-01	1.86e-04	0.00e+00	0.00e+00	0.00e+00	0.00e+00	0.00e+00
 2.49697e+16	2.44e-01	7.56e-01	1.67e-04	0.00e+00	0.00e+00	0.00e+00	0.00e+00	0.00e+00
 2.49755e+16	2.52e-01	7.48e-01	1.50e-04	0.00e+00	0.00e+00	0.00e+00	0.00e+00	0.00e+00
 2.49814e+16	2.59e-01	7.41e-01	1.36e-04	0.00e+00	0.00e+00	0.00e+00	0.00e+00	0.00e+00
 2.49874e+16	2.67e-01	7.33e-01	1.22e-04	0.00e+00	0.00e+00	0.00e+00	0.00e+00	0.00e+00
 2.49935e+16	2.75e-01	7.25e-01	1.10e-04	0.00e+00	0.00e+00	0.00e+00	0.00e+00	0.00e+00
 2.49998e+16	2.84e-01	7.16e-01	9.98e-05	0.00e+00	0.00e+00	0.00e+00	0.00e+00	0.00e+00
 2.50063e+16	2.93e-01	7.07e-01	9.03e-05	0.00e+00	0.00e+00	0.00e+00	0.00e+00	0.00e+00
 2.50130e+16	3.02e-01	6.98e-01	8.19e-05	0.00e+00	0.00e+00	0.00e+00	0.00e+00	0.00e+00
