#depth	C	C+	C+2	C+3	C+4	C+5	C+6	C[1]	C[2]	C[3]	C+[1]	C+[2]	CO
 1.49634e+10	0.00e+00	1.06e-30	1.84e-20	6.10e-11	5.13e-01	4.87e-01	6.43e-05	0.00e+00	0.00e+00	0.00e+00	0.00e+00	0.00e+00	1.86e-236
 4.54887e+10	5.64e-42	1.40e-30	2.23e-20	6.85e-11	5.32e-01	4.68e-01	5.71e-05	0.00e+00	0.00e+00	0.00e+00	0.00e+00	0.00e+00	1.26e-139
 7.72350e+10	0.00e+00	1.84e-30	2.72e-20	7.70e-11	5.52e-01	4.48e-01	5.05e-05	0.00e+00	0.00e+00	0.00e+00	0.00e+00	0.00e+00	1.60e-182
 1.10251e+11	1.14e-41	2.42e-30	3.30e-20	8.63e-11	5.72e-01	4.28e-01	4.46e-05	0.00e+00	0.00e+00	0.00e+00	0.00e+00	0.00e+00	1.03e-138
 1.44588e+11	0.00e+00	3.17e-30	4.00e-20	9.67e-11	5.91e-01	4.09e-01	3.93e-05	0.00e+00	0.00e+00	0.00e+00	0.00e+00	0.00e+00	6.96e-182
 1.80298e+11	2.31e-41	4.16e-30	4.84e-20	1.08e-10	6.11e-01	3.89e-01	3.46e-05	0.00e+00	0.00e+00	0.00e+00	0.00e+00	0.00e+00	8.46e-138
 2.17437e+11	0.00e+00	5.44e-30	5.86e-20	1.21e-10	6.30e-01	3.70e-01	3.03e-05	0.00e+00	0.00e+00	0.00e+00	0.00e+00	0.00e+00	3.02e-181
 2.56061e+11	4.62e-41	7.11e-30	7.08e-20	1.35e-10	6.49e-01	3.51e-01	2.66e-05	0.00e+00	0.00e+00	0.00e+00	0.00e+00	0.00e+00	6.92e-137
 2.96231e+11	0.00e+00	9.29e-30	8.54e-20	1.50e-10	6.67e-01	3.33e-01	2.33e-05	0.00e+00	0.00e+00	0.00e+00	0.00e+00	0.00e+00	1.30e-180
 3.38007e+11	9.24e-41	1.21e-29	1.03e-19	1.67e-10	6.85e-01	3.15e-01	2.03e-05	0.00e+00	0.00e+00	0.00e+00	0.00e+00	0.00e+00	5.66e-136
 3.81454e+11	0.00e+00	1.58e-29	1.24e-19	1.85e-10	7.03e-01	2.97e-01	1.77e-05	0.00e+00	0.00e+00	0.00e+00	0.00e+00	0.00e+00	5.61e-180
 4.26639e+11	1.84e-40	2.05e-29	1.49e-19	2.06e-10	7.20e-01	2.80e-01	1.54e-05	0.00e+00	0.00e+00	0.00e+00	0.00e+00	0.00e+00	4.62e-135
 4.73631e+11	0.00e+00	2.67e-29	1.79e-19	2.28e-10	7.36e-01	2.64e-01	1.34e-05	0.00e+00	0.00e+00	0.00e+00	0.00e+00	0.00e+00	2.40e-179
 5.22503e+11	3.64e-40	3.47e-29	2.14e-19	2.52e-10	7.52e-01	2.48e-01	1.16e-05	0.00e+00	0.00e+00	0.00e+00	0.00e+00	0.00e+00	3.77e-134
 5.73330e+11	0.00e+00	4.50e-29	2.57e-19	2.79e-10	7.67e-01	2.33e-01	1.01e-05	0.00e+00	0.00e+00	0.00e+00	0.00e+00	0.00e+00	1.02e-178
 6.23295e+11	7.07e-40	5.76e-29	3.05e-19	3.07e-10	7.81e-01	2.19e-01	8.77e-06	0.00e+00	0.00e+00	0.00e+00	0.00e+00	0.00e+00	2.91e-133
 6.71381e+11	0.00e+00	7.24e-29	3.57e-19	3.35e-10	7.93e-01	2.07e-01	7.71e-06	0.00e+00	0.00e+00	0.00e+00	0.00e+00	0.00e+00	0.00e+00
 7.24286e+11	1.31e-39	9.22e-29	4.22e-19	3.67e-10	8.06e-01	1.94e-01	6.71e-06	0.00e+00	0.00e+00	0.00e+00	0.00e+00	0.00e+00	1.95e-132
 7.83184e+11	0.00e+00	1.19e-28	5.04e-19	4.04e-10	8.19e-01	1.81e-01	5.77e-06	0.00e+00	0.00e+00	0.00e+00	0.00e+00	0.00e+00	1.52e-177
 8.42622e+11	2.55e-39	1.53e-28	5.99e-19	4.44e-10	8.31e-01	1.69e-01	4.99e-06	0.00e+00	0.00e+00	0.00e+00	0.00e+00	0.00e+00	1.55e-131
 9.04437e+11	0.00e+00	1.97e-28	7.12e-19	4.87e-10	8.42e-01	1.58e-01	4.30e-06	0.00e+00	0.00e+00	0.00e+00	0.00e+00	0.00e+00	6.18e-177
 9.70541e+11	4.96e-39	2.54e-28	8.49e-19	5.35e-10	8.53e-01	1.47e-01	3.68e-06	0.00e+00	0.00e+00	0.00e+00	0.00e+00	0.00e+00	1.24e-130
 1.03929e+12	0.00e+00	3.29e-28	1.01e-18	5.88e-10	8.64e-01	1.36e-01	3.15e-06	0.00e+00	0.00e+00	0.00e+00	0.00e+00	0.00e+00	2.45e-176
 1.11079e+12	9.75e-39	4.25e-28	1.21e-18	6.46e-10	8.73e-01	1.27e-01	2.69e-06	0.00e+00	0.00e+00	0.00e+00	0.00e+00	0.00e+00	1.02e-129
 1.18515e+12	0.00e+00	5.49e-28	1.44e-18	7.09e-10	8.83e-01	1.17e-01	2.30e-06	0.00e+00	0.00e+00	0.00e+00	0.00e+00	0.00e+00	9.63e-176
 1.26248e+12	1.92e-38	7.09e-28	1.72e-18	7.78e-10	8.91e-01	1.09e-01	1.96e-06	0.00e+00	0.00e+00	0.00e+00	0.00e+00	0.00e+00	8.40e-129
 1.34291e+12	0.00e+00	9.16e-28	2.04e-18	8.53e-10	9.00e-01	1.00e-01	1.67e-06	0.00e+00	0.00e+00	0.00e+00	0.00e+00	0.00e+00	3.60e-175
 1.42655e+12	3.77e-38	1.18e-27	2.43e-18	9.35e-10	9.07e-01	9.27e-02	1.42e-06	0.00e+00	0.00e+00	0.00e+00	0.00e+00	0.00e+00	6.96e-128
 1.51354e+12	0.00e+00	1.53e-27	2.90e-18	1.02e-09	9.14e-01	8.55e-02	1.20e-06	0.00e+00	0.00e+00	0.00e+00	0.00e+00	0.00e+00	1.22e-174
 1.59473e+12	7.16e-38	1.92e-27	3.39e-18	1.11e-09	9.20e-01	7.96e-02	1.04e-06	0.00e+00	0.00e+00	0.00e+00	0.00e+00	0.00e+00	5.21e-127
 1.66637e+12	0.00e+00	2.34e-27	3.88e-18	1.19e-09	9.25e-01	7.47e-02	9.13e-07	0.00e+00	0.00e+00	0.00e+00	0.00e+00	0.00e+00	1.71e-162
 1.74637e+12	1.23e-37	2.90e-27	4.49e-18	1.29e-09	9.30e-01	6.97e-02	0.00e+00	0.00e+00	0.00e+00	0.00e+00	0.00e+00	0.00e+00	2.85e-126
 1.84239e+12	0.00e+00	3.71e-27	5.32e-18	1.40e-09	9.36e-01	6.43e-02	0.00e+00	0.00e+00	0.00e+00	0.00e+00	0.00e+00	0.00e+00	6.14e-186
 1.93903e+12	2.35e-37	4.72e-27	6.26e-18	1.53e-09	9.41e-01	5.94e-02	0.00e+00	0.00e+00	0.00e+00	0.00e+00	0.00e+00	0.00e+00	2.14e-125
 2.02823e+12	0.00e+00	5.84e-27	7.25e-18	1.65e-09	9.45e-01	5.54e-02	0.00e+00	0.00e+00	0.00e+00	0.00e+00	0.00e+00	0.00e+00	0.00e+00
 2.12794e+12	4.23e-37	7.36e-27	8.49e-18	1.79e-09	9.49e-01	5.12e-02	0.00e+00	0.00e+00	0.00e+00	0.00e+00	0.00e+00	0.00e+00	1.36e-124
 2.24296e+12	0.00e+00	9.53e-27	1.01e-17	1.96e-09	9.53e-01	4.70e-02	0.00e+00	0.00e+00	0.00e+00	0.00e+00	0.00e+00	0.00e+00	0.00e+00
 2.35544e+12	8.20e-37	1.21e-26	1.20e-17	2.13e-09	9.57e-01	4.33e-02	0.00e+00	0.00e+00	0.00e+00	0.00e+00	0.00e+00	0.00e+00	1.08e-123
 2.46301e+12	0.00e+00	1.52e-26	1.39e-17	2.30e-09	9.60e-01	4.01e-02	0.00e+00	0.00e+00	0.00e+00	0.00e+00	0.00e+00	0.00e+00	0.00e+00
 2.58204e+12	1.52e-36	1.93e-26	1.64e-17	2.51e-09	9.63e-01	3.70e-02	0.00e+00	0.00e+00	0.00e+00	0.00e+00	0.00e+00	0.00e+00	7.40e-123
 2.71525e+12	0.00e+00	2.50e-26	1.96e-17	2.75e-09	9.66e-01	3.38e-02	0.00e+00	0.00e+00	0.00e+00	0.00e+00	0.00e+00	0.00e+00	0.00e+00
 2.85065e+12	2.99e-36	3.23e-26	2.33e-17	3.00e-09	9.69e-01	3.10e-02	0.00e+00	0.00e+00	0.00e+00	0.00e+00	0.00e+00	0.00e+00	6.18e-122
 2.99145e+12	0.00e+00	4.16e-26	2.78e-17	3.28e-09	9.72e-01	2.84e-02	0.00e+00	0.00e+00	0.00e+00	0.00e+00	0.00e+00	0.00e+00	0.00e+00
 3.14104e+12	5.91e-36	5.40e-26	3.32e-17	3.59e-09	9.74e-01	2.59e-02	0.00e+00	0.00e+00	0.00e+00	0.00e+00	0.00e+00	0.00e+00	5.17e-121
 3.29661e+12	0.00e+00	7.01e-26	3.97e-17	3.94e-09	9.76e-01	2.37e-02	0.00e+00	0.00e+00	0.00e+00	0.00e+00	0.00e+00	0.00e+00	0.00e+00
 3.45840e+12	1.18e-35	9.09e-26	4.75e-17	4.32e-09	9.78e-01	2.16e-02	0.00e+00	0.00e+00	0.00e+00	0.00e+00	0.00e+00	0.00e+00	4.44e-120
 3.62666e+12	0.00e+00	1.18e-25	5.68e-17	4.73e-09	9.80e-01	1.97e-02	0.00e+00	0.00e+00	0.00e+00	0.00e+00	0.00e+00	0.00e+00	1.09e-101
 3.80165e+12	2.35e-35	1.53e-25	6.81e-17	5.19e-09	9.82e-01	1.80e-02	0.00e+00	0.00e+00	0.00e+00	0.00e+00	0.00e+00	0.00e+00	0.00e+00
 3.98365e+12	0.00e+00	1.99e-25	8.15e-17	5.69e-09	9.84e-01	1.64e-02	0.00e+00	0.00e+00	0.00e+00	0.00e+00	0.00e+00	0.00e+00	1.08e-137
 4.17292e+12	4.70e-35	2.59e-25	9.77e-17	6.24e-09	9.85e-01	1.49e-02	0.00e+00	0.00e+00	0.00e+00	0.00e+00	0.00e+00	0.00e+00	4.03e-99
 4.36976e+12	0.00e+00	3.36e-25	1.17e-16	6.85e-09	9.86e-01	1.36e-02	0.00e+00	0.00e+00	0.00e+00	0.00e+00	0.00e+00	0.00e+00	0.00e+00
 4.57448e+12	9.38e-35	4.37e-25	1.41e-16	7.52e-09	9.88e-01	1.24e-02	0.00e+00	0.00e+00	0.00e+00	0.00e+00	0.00e+00	0.00e+00	2.80e-117
 4.78739e+12	1.32e-34	5.68e-25	1.69e-16	8.26e-09	9.89e-01	1.13e-02	0.00e+00	0.00e+00	0.00e+00	0.00e+00	0.00e+00	0.00e+00	5.76e-98
 5.00881e+12	1.87e-34	7.38e-25	2.02e-16	9.07e-09	9.90e-01	1.03e-02	0.00e+00	0.00e+00	0.00e+00	0.00e+00	0.00e+00	0.00e+00	0.00e+00
 5.23378e+12	2.62e-34	9.53e-25	2.42e-16	9.94e-09	9.91e-01	9.35e-03	0.00e+00	0.00e+00	0.00e+00	0.00e+00	0.00e+00	0.00e+00	6.78e-116
 5.46775e+12	3.67e-34	1.23e-24	2.89e-16	1.09e-08	9.91e-01	8.52e-03	0.00e+00	0.00e+00	0.00e+00	0.00e+00	0.00e+00	0.00e+00	7.71e-97
 5.71639e+12	5.17e-34	1.60e-24	3.47e-16	1.20e-08	9.92e-01	7.75e-03	0.00e+00	0.00e+00	0.00e+00	0.00e+00	0.00e+00	0.00e+00	5.58e-115
 5.97497e+12	7.29e-34	2.08e-24	4.18e-16	1.32e-08	9.93e-01	7.04e-03	0.00e+00	0.00e+00	0.00e+00	0.00e+00	0.00e+00	0.00e+00	4.38e-96
 6.23351e+12	1.01e-33	2.67e-24	4.98e-16	1.44e-08	9.94e-01	6.42e-03	0.00e+00	0.00e+00	0.00e+00	0.00e+00	0.00e+00	0.00e+00	4.47e-114
 6.48677e+12	1.38e-33	3.38e-24	5.89e-16	1.57e-08	9.94e-01	5.88e-03	0.00e+00	0.00e+00	0.00e+00	0.00e+00	0.00e+00	0.00e+00	2.19e-95
 6.76055e+12	1.91e-33	4.32e-24	7.02e-16	1.72e-08	9.95e-01	5.37e-03	0.00e+00	0.00e+00	0.00e+00	0.00e+00	0.00e+00	0.00e+00	3.17e-113
 7.06090e+12	2.67e-33	5.61e-24	8.44e-16	1.90e-08	9.95e-01	4.87e-03	0.00e+00	0.00e+00	0.00e+00	0.00e+00	0.00e+00	0.00e+00	1.15e-94
 7.36708e+12	3.72e-33	7.23e-24	1.01e-15	2.09e-08	9.96e-01	4.43e-03	0.00e+00	0.00e+00	0.00e+00	0.00e+00	0.00e+00	0.00e+00	2.53e-112
 7.68551e+12	5.18e-33	9.31e-24	1.21e-15	2.30e-08	9.96e-01	4.03e-03	0.00e+00	0.00e+00	0.00e+00	0.00e+00	0.00e+00	0.00e+00	5.95e-94
 8.02285e+12	7.24e-33	1.20e-23	1.46e-15	2.53e-08	9.96e-01	3.65e-03	0.00e+00	0.00e+00	0.00e+00	0.00e+00	0.00e+00	0.00e+00	1.98e-111
 8.37370e+12	1.01e-32	1.56e-23	1.76e-15	2.79e-08	9.97e-01	3.31e-03	0.00e+00	0.00e+00	0.00e+00	0.00e+00	0.00e+00	0.00e+00	3.09e-93
 8.73857e+12	1.40e-32	2.01e-23	2.11e-15	3.08e-08	9.97e-01	3.00e-03	0.00e+00	0.00e+00	0.00e+00	0.00e+00	0.00e+00	0.00e+00	1.55e-110
 9.07000e+12	1.87e-32	2.51e-23	2.49e-15	3.36e-08	9.97e-01	2.75e-03	0.00e+00	0.00e+00	0.00e+00	0.00e+00	0.00e+00	0.00e+00	1.41e-92
 9.34793e+12	2.36e-32	3.00e-23	2.84e-15	3.60e-08	9.97e-01	2.57e-03	0.00e+00	0.00e+00	0.00e+00	0.00e+00	0.00e+00	0.00e+00	7.78e-110
 9.65270e+12	3.01e-32	3.63e-23	3.26e-15	3.88e-08	9.98e-01	2.38e-03	0.00e+00	0.00e+00	0.00e+00	0.00e+00	0.00e+00	0.00e+00	4.54e-92
 1.00364e+13	4.06e-32	4.57e-23	3.87e-15	4.25e-08	9.98e-01	2.17e-03	0.00e+00	0.00e+00	0.00e+00	0.00e+00	0.00e+00	0.00e+00	4.23e-109
 1.04336e+13	5.44e-32	5.75e-23	4.59e-15	4.66e-08	9.98e-01	1.98e-03	0.00e+00	0.00e+00	0.00e+00	0.00e+00	0.00e+00	0.00e+00	1.91e-91
 1.07840e+13	6.97e-32	6.98e-23	5.30e-15	5.04e-08	9.98e-01	1.83e-03	0.00e+00	0.00e+00	0.00e+00	0.00e+00	0.00e+00	0.00e+00	2.31e-108
 1.11629e+13	9.02e-32	8.54e-23	6.16e-15	5.47e-08	9.98e-01	1.69e-03	0.00e+00	0.00e+00	0.00e+00	0.00e+00	0.00e+00	0.00e+00	6.55e-91
 1.16195e+13	1.21e-31	1.08e-22	7.34e-15	6.02e-08	9.98e-01	1.54e-03	0.00e+00	0.00e+00	0.00e+00	0.00e+00	0.00e+00	0.00e+00	1.33e-107
 1.20754e+13	1.61e-31	1.35e-22	8.67e-15	6.60e-08	9.99e-01	1.40e-03	0.00e+00	0.00e+00	0.00e+00	0.00e+00	0.00e+00	0.00e+00	2.68e-90
 1.24878e+13	2.06e-31	1.63e-22	1.00e-14	7.14e-08	9.99e-01	1.30e-03	0.00e+00	0.00e+00	0.00e+00	0.00e+00	0.00e+00	0.00e+00	7.16e-107
 1.29454e+13	2.67e-31	2.01e-22	1.17e-14	7.78e-08	9.99e-01	1.19e-03	0.00e+00	0.00e+00	0.00e+00	0.00e+00	0.00e+00	0.00e+00	9.25e-90
 1.34830e+13	3.58e-31	2.53e-22	1.40e-14	8.56e-08	9.99e-01	1.08e-03	0.00e+00	0.00e+00	0.00e+00	0.00e+00	0.00e+00	0.00e+00	4.23e-106
 1.40191e+13	4.73e-31	3.15e-22	1.65e-14	9.39e-08	9.99e-01	9.87e-04	0.00e+00	0.00e+00	0.00e+00	0.00e+00	0.00e+00	0.00e+00	3.77e-89
 1.45299e+13	6.10e-31	3.85e-22	1.92e-14	1.02e-07	9.99e-01	9.08e-04	0.00e+00	0.00e+00	0.00e+00	0.00e+00	0.00e+00	0.00e+00	2.38e-105
 1.50943e+13	7.99e-31	4.77e-22	2.25e-14	1.12e-07	9.99e-01	8.31e-04	0.00e+00	0.00e+00	0.00e+00	0.00e+00	0.00e+00	0.00e+00	1.39e-88
 1.57280e+13	1.07e-30	6.00e-22	2.68e-14	1.23e-07	9.99e-01	7.56e-04	0.00e+00	0.00e+00	0.00e+00	0.00e+00	0.00e+00	0.00e+00	1.49e-104
 1.63871e+13	1.43e-30	7.53e-22	3.18e-14	1.35e-07	9.99e-01	6.88e-04	0.00e+00	0.00e+00	0.00e+00	0.00e+00	0.00e+00	0.00e+00	5.99e-88
 1.70725e+13	1.90e-30	9.45e-22	3.77e-14	1.48e-07	9.99e-01	6.27e-04	0.00e+00	0.00e+00	0.00e+00	0.00e+00	0.00e+00	0.00e+00	9.98e-104
 1.77679e+13	2.52e-30	1.18e-21	4.45e-14	1.62e-07	9.99e-01	5.73e-04	0.00e+00	0.00e+00	0.00e+00	0.00e+00	0.00e+00	0.00e+00	2.57e-87
 1.84911e+13	3.34e-30	1.47e-21	5.24e-14	1.77e-07	9.99e-01	5.24e-04	0.00e+00	0.00e+00	0.00e+00	0.00e+00	0.00e+00	0.00e+00	6.44e-103
 1.92607e+13	4.45e-30	1.84e-21	6.19e-14	1.94e-07	1.00e+00	4.79e-04	0.00e+00	0.00e+00	0.00e+00	0.00e+00	0.00e+00	0.00e+00	1.12e-86
 2.00611e+13	5.94e-30	2.31e-21	7.30e-14	2.12e-07	1.00e+00	4.38e-04	0.00e+00	0.00e+00	0.00e+00	0.00e+00	0.00e+00	0.00e+00	4.38e-102
 2.08934e+13	7.94e-30	2.90e-21	8.61e-14	2.32e-07	1.00e+00	4.00e-04	0.00e+00	0.00e+00	0.00e+00	0.00e+00	0.00e+00	0.00e+00	5.12e-86
 2.17591e+13	1.06e-29	3.63e-21	1.01e-13	2.54e-07	1.00e+00	3.67e-04	0.00e+00	0.00e+00	0.00e+00	0.00e+00	0.00e+00	0.00e+00	3.02e-101
 2.26594e+13	1.42e-29	4.55e-21	1.19e-13	2.77e-07	1.00e+00	3.36e-04	0.00e+00	0.00e+00	0.00e+00	0.00e+00	0.00e+00	0.00e+00	2.39e-85
 2.35957e+13	1.90e-29	5.71e-21	1.41e-13	3.02e-07	1.00e+00	3.08e-04	0.00e+00	0.00e+00	0.00e+00	0.00e+00	0.00e+00	0.00e+00	2.10e-100
 2.45415e+13	2.53e-29	7.12e-21	1.64e-13	3.28e-07	1.00e+00	2.84e-04	0.00e+00	0.00e+00	0.00e+00	0.00e+00	0.00e+00	0.00e+00	1.12e-84
 2.54401e+13	3.28e-29	8.71e-21	1.90e-13	3.54e-07	1.00e+00	2.63e-04	0.00e+00	0.00e+00	0.00e+00	0.00e+00	0.00e+00	0.00e+00	1.30e-99
 2.64026e+13	4.30e-29	1.07e-20	2.20e-13	3.83e-07	1.00e+00	2.43e-04	0.00e+00	0.00e+00	0.00e+00	0.00e+00	0.00e+00	0.00e+00	4.67e-84
 2.74886e+13	5.79e-29	1.35e-20	2.59e-13	4.17e-07	1.00e+00	2.23e-04	0.00e+00	0.00e+00	0.00e+00	0.00e+00	0.00e+00	0.00e+00	8.55e-99
 2.85695e+13	7.68e-29	1.68e-20	3.02e-13	4.52e-07	1.00e+00	2.06e-04	0.00e+00	0.00e+00	0.00e+00	0.00e+00	0.00e+00	0.00e+00	2.24e-83
 2.96935e+13	1.02e-28	2.09e-20	3.51e-13	4.90e-07	1.00e+00	1.90e-04	0.00e+00	0.00e+00	0.00e+00	0.00e+00	0.00e+00	0.00e+00	5.66e-98
 3.09112e+13	1.38e-28	2.62e-20	4.12e-13	5.32e-07	1.00e+00	1.75e-04	0.00e+00	0.00e+00	0.00e+00	0.00e+00	0.00e+00	0.00e+00	1.09e-82
 3.21776e+13	1.86e-28	3.30e-20	4.84e-13	5.78e-07	1.00e+00	1.61e-04	0.00e+00	0.00e+00	0.00e+00	0.00e+00	0.00e+00	0.00e+00	4.10e-97
 3.34946e+13	2.51e-28	4.15e-20	5.67e-13	6.28e-07	1.00e+00	1.48e-04	0.00e+00	0.00e+00	0.00e+00	0.00e+00	0.00e+00	0.00e+00	5.56e-82
 3.48643e+13	3.38e-28	5.22e-20	6.65e-13	6.82e-07	1.00e+00	1.36e-04	0.00e+00	0.00e+00	0.00e+00	0.00e+00	0.00e+00	0.00e+00	2.99e-96
 3.62888e+13	4.57e-28	6.56e-20	7.79e-13	7.41e-07	1.00e+00	1.26e-04	0.00e+00	0.00e+00	0.00e+00	0.00e+00	0.00e+00	0.00e+00	2.87e-81
 3.77703e+13	6.18e-28	8.26e-20	9.13e-13	8.04e-07	1.00e+00	1.16e-04	0.00e+00	0.00e+00	0.00e+00	0.00e+00	0.00e+00	0.00e+00	2.19e-95
 3.93110e+13	8.36e-28	1.04e-19	1.07e-12	8.72e-07	1.00e+00	1.07e-04	0.00e+00	0.00e+00	0.00e+00	0.00e+00	0.00e+00	0.00e+00	1.49e-80
 4.07640e+13	1.10e-27	1.28e-19	1.23e-12	9.39e-07	1.00e+00	9.91e-05	0.00e+00	0.00e+00	0.00e+00	0.00e+00	0.00e+00	0.00e+00	1.47e-94
 4.20686e+13	1.40e-27	1.54e-19	1.40e-12	1.00e-06	1.00e+00	9.29e-05	0.00e+00	0.00e+00	0.00e+00	0.00e+00	0.00e+00	0.00e+00	6.10e-80
 4.35341e+13	1.82e-27	1.87e-19	1.60e-12	1.07e-06	1.00e+00	8.67e-05	0.00e+00	0.00e+00	0.00e+00	0.00e+00	0.00e+00	0.00e+00	7.66e-94
 4.52646e+13	2.44e-27	2.34e-19	1.87e-12	1.16e-06	1.00e+00	8.00e-05	0.00e+00	0.00e+00	0.00e+00	0.00e+00	0.00e+00	0.00e+00	2.79e-79
 4.69854e+13	3.25e-27	2.92e-19	2.16e-12	1.25e-06	1.00e+00	7.43e-05	0.00e+00	0.00e+00	0.00e+00	0.00e+00	0.00e+00	0.00e+00	5.22e-93
 4.85950e+13	4.20e-27	3.54e-19	2.47e-12	1.34e-06	1.00e+00	6.93e-05	0.00e+00	0.00e+00	0.00e+00	0.00e+00	0.00e+00	0.00e+00	1.24e-78
 5.03888e+13	5.56e-27	4.38e-19	2.85e-12	1.44e-06	1.00e+00	6.45e-05	0.00e+00	0.00e+00	0.00e+00	0.00e+00	0.00e+00	0.00e+00	2.68e-78
 5.24342e+13	7.51e-27	5.50e-19	3.34e-12	1.56e-06	1.00e+00	5.94e-05	0.00e+00	0.00e+00	0.00e+00	0.00e+00	0.00e+00	0.00e+00	6.10e-78
 5.44481e+13	1.01e-26	6.86e-19	3.88e-12	1.69e-06	1.00e+00	5.51e-05	0.00e+00	0.00e+00	0.00e+00	0.00e+00	0.00e+00	0.00e+00	1.36e-77
 5.65426e+13	1.35e-26	8.56e-19	4.50e-12	1.82e-06	1.00e+00	5.11e-05	0.00e+00	0.00e+00	0.00e+00	0.00e+00	0.00e+00	0.00e+00	3.06e-77
 5.88342e+13	1.83e-26	1.08e-18	5.27e-12	1.97e-06	1.00e+00	4.72e-05	0.00e+00	0.00e+00	0.00e+00	0.00e+00	0.00e+00	0.00e+00	7.09e-77
 6.11500e+13	2.47e-26	1.35e-18	6.13e-12	2.13e-06	1.00e+00	4.36e-05	0.00e+00	0.00e+00	0.00e+00	0.00e+00	0.00e+00	0.00e+00	1.60e-76
 6.35584e+13	3.34e-26	1.70e-18	7.15e-12	2.30e-06	1.00e+00	4.04e-05	0.00e+00	0.00e+00	0.00e+00	0.00e+00	0.00e+00	0.00e+00	3.69e-76
 6.61307e+13	4.53e-26	2.14e-18	8.36e-12	2.49e-06	1.00e+00	3.73e-05	0.00e+00	0.00e+00	0.00e+00	0.00e+00	0.00e+00	0.00e+00	8.51e-76
 6.88059e+13	6.19e-26	2.70e-18	9.78e-12	2.69e-06	1.00e+00	3.45e-05	0.00e+00	0.00e+00	0.00e+00	0.00e+00	0.00e+00	0.00e+00	2.01e-75
 7.15880e+13	8.39e-26	3.40e-18	1.14e-11	2.91e-06	1.00e+00	3.18e-05	0.00e+00	0.00e+00	0.00e+00	0.00e+00	0.00e+00	0.00e+00	4.65e-75
 7.44815e+13	1.15e-25	4.30e-18	1.34e-11	3.15e-06	1.00e+00	2.94e-05	0.00e+00	0.00e+00	0.00e+00	0.00e+00	0.00e+00	0.00e+00	1.09e-74
 7.74906e+13	1.56e-25	5.43e-18	1.56e-11	3.41e-06	1.00e+00	2.72e-05	0.00e+00	0.00e+00	0.00e+00	0.00e+00	0.00e+00	0.00e+00	2.58e-74
 8.06202e+13	2.13e-25	6.86e-18	1.83e-11	3.69e-06	1.00e+00	2.51e-05	0.00e+00	0.00e+00	0.00e+00	0.00e+00	0.00e+00	0.00e+00	6.03e-74
 8.37235e+13	2.86e-25	8.57e-18	2.12e-11	3.97e-06	1.00e+00	2.33e-05	0.00e+00	0.00e+00	0.00e+00	0.00e+00	0.00e+00	0.00e+00	1.36e-73
 8.69509e+13	3.85e-25	1.07e-17	2.47e-11	4.28e-06	1.00e+00	2.16e-05	0.00e+00	0.00e+00	0.00e+00	0.00e+00	0.00e+00	0.00e+00	3.08e-73
 9.04588e+13	5.26e-25	1.35e-17	2.89e-11	4.63e-06	1.00e+00	2.00e-05	0.00e+00	0.00e+00	0.00e+00	0.00e+00	0.00e+00	0.00e+00	7.23e-73
 9.40134e+13	7.13e-25	1.70e-17	3.36e-11	5.00e-06	1.00e+00	1.85e-05	0.00e+00	0.00e+00	0.00e+00	0.00e+00	0.00e+00	0.00e+00	1.68e-72
 9.77102e+13	9.63e-25	2.13e-17	3.92e-11	5.40e-06	1.00e+00	1.71e-05	0.00e+00	0.00e+00	0.00e+00	0.00e+00	0.00e+00	0.00e+00	3.83e-72
 1.01649e+14	1.32e-24	2.70e-17	4.58e-11	5.84e-06	1.00e+00	1.58e-05	0.00e+00	0.00e+00	0.00e+00	0.00e+00	0.00e+00	0.00e+00	9.11e-72
 1.05744e+14	1.80e-24	3.41e-17	5.37e-11	6.32e-06	1.00e+00	1.46e-05	0.00e+00	0.00e+00	0.00e+00	0.00e+00	0.00e+00	0.00e+00	2.13e-71
 1.10004e+14	2.46e-24	4.32e-17	6.28e-11	6.84e-06	1.00e+00	1.35e-05	0.00e+00	0.00e+00	0.00e+00	0.00e+00	0.00e+00	0.00e+00	5.05e-71
 1.14088e+14	3.27e-24	5.35e-17	7.26e-11	7.36e-06	1.00e+00	1.26e-05	0.00e+00	0.00e+00	0.00e+00	0.00e+00	1.73e-17	3.62e-17	1.10e-70
 1.17869e+14	4.23e-24	6.51e-17	8.27e-11	7.85e-06	1.00e+00	1.18e-05	0.00e+00	0.00e+00	0.00e+00	0.00e+00	2.16e-17	4.35e-17	2.26e-70
 1.22149e+14	5.60e-24	8.03e-17	9.54e-11	8.43e-06	1.00e+00	1.10e-05	0.00e+00	0.00e+00	0.00e+00	0.00e+00	2.67e-17	5.36e-17	4.84e-70
 1.27065e+14	7.65e-24	1.02e-16	1.12e-10	9.12e-06	1.00e+00	1.02e-05	0.00e+00	0.00e+00	0.00e+00	0.00e+00	3.37e-17	6.78e-17	1.15e-69
 1.31952e+14	1.03e-23	1.27e-16	1.30e-10	9.85e-06	1.00e+00	9.41e-06	0.00e+00	0.00e+00	0.00e+00	0.00e+00	4.21e-17	8.47e-17	2.57e-69
 1.37035e+14	1.38e-23	1.59e-16	1.51e-10	1.06e-05	1.00e+00	8.73e-06	0.00e+00	0.00e+00	0.00e+00	0.00e+00	5.28e-17	1.06e-16	5.86e-69
 1.42546e+14	1.88e-23	2.00e-16	1.77e-10	1.15e-05	1.00e+00	8.06e-06	0.00e+00	0.00e+00	0.00e+00	0.00e+00	6.65e-17	1.34e-16	1.35e-68
 1.47698e+14	2.48e-23	2.47e-16	2.04e-10	1.24e-05	1.00e+00	7.51e-06	0.00e+00	0.00e+00	0.00e+00	0.00e+00	8.19e-17	1.65e-16	2.89e-68
 1.52246e+14	3.14e-23	2.95e-16	2.30e-10	1.31e-05	1.00e+00	7.06e-06	0.00e+00	0.00e+00	0.00e+00	0.00e+00	9.79e-17	1.97e-16	5.54e-68
 1.57320e+14	4.06e-23	3.58e-16	2.62e-10	1.40e-05	1.00e+00	6.61e-06	0.00e+00	0.00e+00	0.00e+00	0.00e+00	1.19e-16	2.39e-16	1.13e-67
 1.63407e+14	5.44e-23	4.46e-16	3.05e-10	1.51e-05	1.00e+00	6.12e-06	0.00e+00	0.00e+00	0.00e+00	0.00e+00	1.48e-16	2.98e-16	2.50e-67
 1.69504e+14	7.23e-23	5.55e-16	3.53e-10	1.63e-05	1.00e+00	5.69e-06	0.00e+00	0.00e+00	0.00e+00	0.00e+00	1.84e-16	3.70e-16	5.50e-67
 1.75103e+14	9.26e-23	6.68e-16	4.01e-10	1.74e-05	1.00e+00	5.32e-06	0.00e+00	0.00e+00	0.00e+00	0.00e+00	2.22e-16	4.46e-16	1.08e-66
 1.81360e+14	1.22e-22	8.23e-16	4.62e-10	1.87e-05	1.00e+00	4.96e-06	0.00e+00	0.00e+00	0.00e+00	0.00e+00	2.73e-16	5.49e-16	2.29e-66
 1.88610e+14	1.63e-22	1.03e-15	5.40e-10	2.03e-05	1.00e+00	4.57e-06	0.00e+00	0.00e+00	0.00e+00	0.00e+00	3.42e-16	6.87e-16	5.13e-66
 1.95667e+14	2.16e-22	1.27e-15	6.26e-10	2.18e-05	1.00e+00	4.24e-06	0.00e+00	0.00e+00	0.00e+00	0.00e+00	4.22e-16	8.49e-16	1.10e-65
 2.02294e+14	2.79e-22	1.55e-15	7.15e-10	2.34e-05	1.00e+00	3.96e-06	0.00e+00	0.00e+00	0.00e+00	0.00e+00	5.14e-16	1.03e-15	2.23e-65
 2.09704e+14	3.64e-22	1.89e-15	8.26e-10	2.52e-05	1.00e+00	3.68e-06	0.00e+00	0.00e+00	0.00e+00	0.00e+00	6.29e-16	1.27e-15	4.61e-65
 2.18122e+14	4.88e-22	2.37e-15	9.67e-10	2.73e-05	1.00e+00	3.39e-06	0.00e+00	0.00e+00	0.00e+00	0.00e+00	7.87e-16	1.58e-15	1.03e-64
 2.26496e+14	6.49e-22	2.95e-15	1.12e-09	2.95e-05	1.00e+00	3.14e-06	0.00e+00	0.00e+00	0.00e+00	0.00e+00	9.81e-16	1.97e-15	2.27e-64
 2.35204e+14	8.51e-22	3.64e-15	1.31e-09	3.20e-05	1.00e+00	2.90e-06	0.00e+00	0.00e+00	0.00e+00	0.00e+00	1.21e-15	2.43e-15	4.76e-64
 2.44642e+14	1.14e-21	4.57e-15	1.53e-09	3.47e-05	1.00e+00	2.67e-06	0.00e+00	0.00e+00	0.00e+00	0.00e+00	1.52e-15	3.05e-15	1.08e-63
 2.54458e+14	1.51e-21	5.66e-15	1.79e-09	3.77e-05	1.00e+00	2.45e-06	0.00e+00	0.00e+00	0.00e+00	0.00e+00	1.88e-15	3.78e-15	2.30e-63
 2.64666e+14	2.03e-21	7.11e-15	2.10e-09	4.09e-05	1.00e+00	2.26e-06	0.00e+00	0.00e+00	0.00e+00	0.00e+00	2.36e-15	4.75e-15	5.18e-63
 2.75282e+14	2.66e-21	8.79e-15	2.46e-09	4.45e-05	1.00e+00	2.08e-06	0.00e+00	0.00e+00	0.00e+00	0.00e+00	2.92e-15	5.87e-15	1.09e-62
 2.86324e+14	3.55e-21	1.10e-14	2.88e-09	4.84e-05	1.00e+00	1.94e-06	0.00e+00	0.00e+00	0.00e+00	0.00e+00	3.65e-15	7.35e-15	2.42e-62
 2.97806e+14	4.61e-21	1.35e-14	3.38e-09	5.27e-05	1.00e+00	1.81e-06	0.00e+00	0.00e+00	0.00e+00	0.00e+00	4.49e-15	9.03e-15	4.96e-62
 3.09004e+14	5.98e-21	1.66e-14	3.92e-09	5.70e-05	1.00e+00	1.69e-06	0.00e+00	0.00e+00	0.00e+00	0.00e+00	5.50e-15	1.11e-14	1.02e-61
 3.19680e+14	7.61e-21	2.01e-14	4.49e-09	6.14e-05	1.00e+00	1.59e-06	0.00e+00	0.00e+00	0.00e+00	0.00e+00	6.65e-15	1.34e-14	1.99e-61
 3.31529e+14	9.64e-21	2.42e-14	5.20e-09	6.64e-05	1.00e+00	1.49e-06	0.00e+00	0.00e+00	0.00e+00	0.00e+00	8.02e-15	1.62e-14	3.82e-61
 3.44820e+14	1.25e-20	2.98e-14	6.10e-09	7.24e-05	1.00e+00	1.39e-06	0.00e+00	0.00e+00	0.00e+00	0.00e+00	9.89e-15	1.99e-14	7.94e-61
 3.56884e+14	1.59e-20	3.61e-14	7.00e-09	7.81e-05	1.00e+00	1.31e-06	0.00e+00	0.00e+00	0.00e+00	0.00e+00	1.20e-14	2.41e-14	1.56e-60
 3.67080e+14	1.91e-20	4.18e-14	7.84e-09	8.31e-05	1.00e+00	1.25e-06	0.00e+00	0.00e+00	0.00e+00	0.00e+00	1.39e-14	2.79e-14	2.59e-60
 3.78368e+14	2.33e-20	4.90e-14	8.85e-09	8.88e-05	1.00e+00	1.18e-06	0.00e+00	0.00e+00	0.00e+00	0.00e+00	1.63e-14	3.28e-14	4.53e-60
 3.92459e+14	2.92e-20	5.88e-14	1.03e-08	9.63e-05	1.00e+00	1.12e-06	0.00e+00	0.00e+00	0.00e+00	0.00e+00	1.95e-14	3.93e-14	8.53e-60
 4.07145e+14	3.70e-20	7.12e-14	1.19e-08	1.05e-04	1.00e+00	1.05e-06	0.00e+00	0.00e+00	0.00e+00	0.00e+00	2.36e-14	4.76e-14	1.66e-59
 4.20511e+14	4.56e-20	8.43e-14	1.35e-08	1.12e-04	1.00e+00	1.00e-06	0.00e+00	0.00e+00	0.00e+00	0.00e+00	2.79e-14	5.63e-14	3.00e-59
 4.35209e+14	5.73e-20	1.02e-13	1.55e-08	1.21e-04	1.00e+00	0.00e+00	0.00e+00	0.00e+00	0.00e+00	0.00e+00	3.37e-14	6.78e-14	5.79e-59
 4.52401e+14	7.20e-20	1.23e-13	1.81e-08	1.32e-04	1.00e+00	0.00e+00	0.00e+00	0.00e+00	0.00e+00	0.00e+00	4.06e-14	8.19e-14	1.11e-58
 4.68505e+14	8.96e-20	1.47e-13	2.09e-08	1.43e-04	1.00e+00	0.00e+00	0.00e+00	0.00e+00	0.00e+00	0.00e+00	4.86e-14	9.79e-14	2.08e-58
 4.82335e+14	1.08e-19	1.70e-13	2.34e-08	1.52e-04	1.00e+00	0.00e+00	0.00e+00	0.00e+00	0.00e+00	0.00e+00	5.65e-14	1.14e-13	3.56e-58
 4.97540e+14	1.32e-19	2.01e-13	2.65e-08	1.63e-04	1.00e+00	0.00e+00	0.00e+00	0.00e+00	0.00e+00	0.00e+00	6.68e-14	1.35e-13	6.42e-58
 5.16272e+14	1.65e-19	2.41e-13	3.07e-08	1.77e-04	1.00e+00	0.00e+00	0.00e+00	0.00e+00	0.00e+00	0.00e+00	8.00e-14	1.61e-13	1.21e-57
 5.35284e+14	2.09e-19	2.93e-13	3.55e-08	1.92e-04	1.00e+00	0.00e+00	0.00e+00	0.00e+00	0.00e+00	0.00e+00	9.70e-14	1.96e-13	2.42e-57
 5.52230e+14	2.52e-19	3.42e-13	4.02e-08	2.06e-04	1.00e+00	0.00e+00	0.00e+00	0.00e+00	0.00e+00	0.00e+00	1.13e-13	2.29e-13	4.20e-57
 5.70793e+14	3.09e-19	4.05e-13	4.58e-08	2.21e-04	1.00e+00	0.00e+00	0.00e+00	0.00e+00	0.00e+00	0.00e+00	1.34e-13	2.71e-13	7.64e-57
 5.92925e+14	3.86e-19	4.86e-13	5.33e-08	2.41e-04	1.00e+00	0.00e+00	0.00e+00	0.00e+00	0.00e+00	0.00e+00	1.61e-13	3.25e-13	1.46e-56
 6.14745e+14	4.91e-19	5.92e-13	6.16e-08	2.61e-04	1.00e+00	0.00e+00	0.00e+00	0.00e+00	0.00e+00	0.00e+00	1.96e-13	3.96e-13	2.97e-56
 6.34570e+14	5.94e-19	6.94e-13	6.99e-08	2.80e-04	1.00e+00	0.00e+00	0.00e+00	0.00e+00	0.00e+00	0.00e+00	2.30e-13	4.64e-13	5.23e-56
 6.56754e+14	7.35e-19	8.27e-13	8.01e-08	3.02e-04	1.00e+00	0.00e+00	0.00e+00	0.00e+00	0.00e+00	0.00e+00	2.74e-13	5.53e-13	9.81e-56
 6.82694e+14	9.19e-19	9.97e-13	9.35e-08	3.29e-04	1.00e+00	0.00e+00	0.00e+00	0.00e+00	0.00e+00	0.00e+00	3.30e-13	6.66e-13	1.92e-55
 7.08132e+14	1.17e-18	1.22e-12	1.08e-07	3.56e-04	1.00e+00	0.00e+00	0.00e+00	0.00e+00	0.00e+00	0.00e+00	4.03e-13	8.13e-13	3.93e-55
 7.32043e+14	1.41e-18	1.42e-12	1.23e-07	3.84e-04	1.00e+00	0.00e+00	0.00e+00	0.00e+00	0.00e+00	0.00e+00	4.72e-13	9.52e-13	6.94e-55
 7.58811e+14	1.79e-18	1.73e-12	1.42e-07	4.15e-04	1.00e+00	0.00e+00	0.00e+00	0.00e+00	0.00e+00	0.00e+00	5.73e-13	1.16e-12	1.40e-54
 7.89194e+14	2.25e-18	2.09e-12	1.66e-07	4.53e-04	1.00e+00	0.00e+00	0.00e+00	0.00e+00	0.00e+00	0.00e+00	6.92e-13	1.40e-12	2.80e-54
 8.19309e+14	2.88e-18	2.56e-12	1.93e-07	4.91e-04	1.00e+00	0.00e+00	0.00e+00	0.00e+00	0.00e+00	0.00e+00	8.48e-13	1.71e-12	5.85e-54
 8.50629e+14	3.58e-18	3.07e-12	2.23e-07	5.34e-04	9.99e-01	0.00e+00	0.00e+00	0.00e+00	0.00e+00	0.00e+00	1.02e-12	2.05e-12	1.14e-53
 8.84684e+14	4.64e-18	3.80e-12	2.61e-07	5.81e-04	9.99e-01	0.00e+00	0.00e+00	0.00e+00	0.00e+00	0.00e+00	1.26e-12	2.54e-12	2.48e-53
 9.20101e+14	5.85e-18	4.61e-12	3.05e-07	6.35e-04	9.99e-01	0.00e+00	0.00e+00	0.00e+00	0.00e+00	0.00e+00	1.53e-12	3.08e-12	5.07e-53
 9.56935e+14	7.60e-18	5.69e-12	3.56e-07	6.91e-04	9.99e-01	0.00e+00	0.00e+00	0.00e+00	0.00e+00	0.00e+00	1.89e-12	3.81e-12	1.11e-52
 9.95242e+14	9.72e-18	6.99e-12	4.16e-07	7.53e-04	9.99e-01	0.00e+00	0.00e+00	0.00e+00	0.00e+00	0.00e+00	2.32e-12	4.68e-12	2.36e-52
 1.03508e+15	1.24e-17	8.56e-12	4.87e-07	8.22e-04	9.99e-01	0.00e+00	0.00e+00	0.00e+00	0.00e+00	0.00e+00	2.83e-12	5.72e-12	4.99e-52
 1.07652e+15	1.62e-17	1.06e-11	5.70e-07	8.96e-04	9.99e-01	0.00e+00	0.00e+00	0.00e+00	0.00e+00	0.00e+00	3.51e-12	7.09e-12	1.11e-51
 1.11346e+15	2.01e-17	1.27e-11	6.52e-07	9.66e-04	9.99e-01	0.00e+00	0.00e+00	0.00e+00	0.00e+00	0.00e+00	4.20e-12	8.48e-12	2.16e-51
 1.14349e+15	2.38e-17	1.46e-11	7.25e-07	1.02e-03	9.99e-01	0.00e+00	0.00e+00	0.00e+00	0.00e+00	0.00e+00	4.83e-12	9.74e-12	3.64e-51
 1.17619e+15	2.86e-17	1.70e-11	8.12e-07	1.09e-03	9.99e-01	0.00e+00	0.00e+00	0.00e+00	0.00e+00	0.00e+00	5.62e-12	1.13e-11	6.43e-51
 1.21857e+15	3.60e-17	2.05e-11	9.34e-07	1.18e-03	9.99e-01	0.00e+00	0.00e+00	0.00e+00	0.00e+00	0.00e+00	6.79e-12	1.37e-11	1.31e-50
 1.26415e+15	4.60e-17	2.50e-11	1.08e-06	1.28e-03	9.99e-01	0.00e+00	0.00e+00	4.03e-18	1.21e-17	2.02e-17	8.29e-12	1.67e-11	2.81e-50
 1.30481e+15	5.70e-17	2.98e-11	1.23e-06	1.37e-03	9.99e-01	0.00e+00	0.00e+00	4.99e-18	1.50e-17	2.50e-17	9.86e-12	1.99e-11	5.40e-50
 1.34847e+15	7.13e-17	3.57e-11	1.40e-06	1.47e-03	9.99e-01	0.00e+00	0.00e+00	6.25e-18	1.88e-17	3.13e-17	1.18e-11	2.39e-11	1.08e-49
 1.39766e+15	8.97e-17	4.32e-11	1.61e-06	1.59e-03	9.98e-01	0.00e+00	0.00e+00	7.87e-18	2.36e-17	3.94e-17	1.43e-11	2.89e-11	2.22e-49
 1.44442e+15	1.13e-16	5.19e-11	1.84e-06	1.71e-03	9.98e-01	0.00e+00	0.00e+00	9.90e-18	2.97e-17	4.96e-17	1.72e-11	3.47e-11	4.51e-49
 1.48886e+15	1.39e-16	6.14e-11	2.08e-06	1.82e-03	9.98e-01	0.00e+00	0.00e+00	1.22e-17	3.67e-17	6.12e-17	2.04e-11	4.11e-11	8.59e-49
 1.53987e+15	1.76e-16	7.43e-11	2.38e-06	1.96e-03	9.98e-01	0.00e+00	0.00e+00	1.55e-17	4.65e-17	7.76e-17	2.46e-11	4.97e-11	1.78e-48
 1.59744e+15	2.24e-16	9.04e-11	2.75e-06	2.12e-03	9.98e-01	0.00e+00	0.00e+00	1.97e-17	5.91e-17	9.86e-17	3.00e-11	6.05e-11	3.77e-48
 1.65240e+15	2.86e-16	1.10e-10	3.15e-06	2.29e-03	9.98e-01	0.00e+00	0.00e+00	2.52e-17	7.56e-17	1.26e-16	3.64e-11	7.34e-11	8.02e-48
 1.71222e+15	3.69e-16	1.34e-10	3.64e-06	2.47e-03	9.98e-01	0.00e+00	0.00e+00	3.25e-17	9.75e-17	1.63e-16	4.46e-11	8.99e-11	1.75e-47
 1.77831e+15	4.82e-16	1.67e-10	4.23e-06	2.68e-03	9.97e-01	0.00e+00	0.00e+00	4.25e-17	1.28e-16	2.13e-16	5.52e-11	1.11e-10	3.98e-47
 1.84043e+15	6.03e-16	2.01e-10	4.85e-06	2.88e-03	9.97e-01	0.00e+00	0.00e+00	5.33e-17	1.60e-16	2.67e-16	6.65e-11	1.34e-10	8.08e-47
 1.90746e+15	7.79e-16	2.46e-10	5.59e-06	3.11e-03	9.97e-01	0.00e+00	0.00e+00	6.89e-17	2.07e-16	3.45e-16	8.15e-11	1.64e-10	1.77e-46
 1.98223e+15	1.04e-15	3.08e-10	6.53e-06	3.38e-03	9.97e-01	0.00e+00	0.00e+00	9.18e-17	2.76e-16	4.60e-16	1.02e-10	2.06e-10	4.22e-46
 2.05433e+15	1.35e-15	3.79e-10	7.53e-06	3.65e-03	9.96e-01	0.00e+00	0.00e+00	1.19e-16	3.58e-16	5.97e-16	1.26e-10	2.53e-10	9.31e-46
 2.13086e+15	1.75e-15	4.67e-10	8.71e-06	3.94e-03	9.96e-01	0.00e+00	0.00e+00	1.55e-16	4.66e-16	7.77e-16	1.55e-10	3.12e-10	2.08e-45
 2.21613e+15	2.33e-15	5.86e-10	1.02e-05	4.28e-03	9.96e-01	0.00e+00	0.00e+00	2.06e-16	6.19e-16	1.03e-15	1.94e-10	3.92e-10	4.88e-45
 2.30155e+15	3.00e-15	7.20e-10	1.18e-05	4.64e-03	9.95e-01	0.00e+00	0.00e+00	2.66e-16	7.99e-16	1.33e-15	2.39e-10	4.81e-10	1.06e-44
 2.39039e+15	3.96e-15	8.98e-10	1.38e-05	5.02e-03	9.95e-01	0.00e+00	0.00e+00	3.52e-16	1.06e-15	1.76e-15	2.98e-10	6.00e-10	2.48e-44
 2.48604e+15	5.38e-15	1.14e-09	1.61e-05	5.46e-03	9.95e-01	0.00e+00	0.00e+00	4.79e-16	1.44e-15	2.40e-15	3.78e-10	7.61e-10	6.04e-44
 2.58551e+15	7.22e-15	1.43e-09	1.89e-05	5.93e-03	9.94e-01	0.00e+00	0.00e+00	6.43e-16	1.93e-15	3.22e-15	4.76e-10	9.58e-10	1.44e-43
 2.68896e+15	9.64e-15	1.80e-09	2.21e-05	6.44e-03	9.94e-01	0.00e+00	0.00e+00	8.59e-16	2.58e-15	4.30e-15	5.98e-10	1.20e-09	3.37e-43
 2.79655e+15	1.29e-14	2.27e-09	2.59e-05	7.00e-03	9.93e-01	0.00e+00	0.00e+00	1.15e-15	3.45e-15	5.76e-15	7.53e-10	1.52e-09	7.88e-43
 2.90844e+15	1.73e-14	2.86e-09	3.03e-05	7.59e-03	9.92e-01	0.00e+00	0.00e+00	1.54e-15	4.62e-15	7.71e-15	9.48e-10	1.91e-09	1.84e-42
 3.02480e+15	2.32e-14	3.60e-09	3.54e-05	8.24e-03	9.92e-01	0.00e+00	0.00e+00	2.07e-15	6.20e-15	1.03e-14	1.19e-09	2.40e-09	4.27e-42
 3.12869e+15	2.98e-14	4.39e-09	4.05e-05	8.84e-03	9.91e-01	0.00e+00	0.00e+00	2.66e-15	7.98e-15	1.33e-14	1.46e-09	2.93e-09	8.77e-42
 3.21359e+15	3.64e-14	5.13e-09	4.51e-05	9.35e-03	9.91e-01	0.00e+00	0.00e+00	3.25e-15	9.75e-15	1.63e-14	1.70e-09	3.43e-09	1.55e-41
 3.30639e+15	4.49e-14	6.07e-09	5.06e-05	9.91e-03	9.90e-01	0.00e+00	0.00e+00	4.02e-15	1.20e-14	2.01e-14	2.01e-09	4.05e-09	2.81e-41
 3.42603e+15	5.74e-14	7.39e-09	5.83e-05	1.07e-02	9.89e-01	0.00e+00	0.00e+00	5.14e-15	1.54e-14	2.57e-14	2.45e-09	4.93e-09	5.65e-41
 3.55308e+15	7.71e-14	9.29e-09	6.76e-05	1.15e-02	9.88e-01	0.00e+00	0.00e+00	6.90e-15	2.07e-14	3.45e-14	3.08e-09	6.20e-09	1.29e-40
 3.66482e+15	9.76e-14	1.12e-08	7.65e-05	1.23e-02	9.88e-01	0.00e+00	0.00e+00	8.74e-15	2.62e-14	4.37e-14	3.71e-09	7.47e-09	2.48e-40
 3.78417e+15	1.24e-13	1.35e-08	8.70e-05	1.31e-02	9.87e-01	0.00e+00	0.00e+00	1.11e-14	3.33e-14	5.55e-14	4.48e-09	9.02e-09	4.80e-40
 3.92867e+15	1.61e-13	1.66e-08	1.01e-04	1.42e-02	9.86e-01	0.00e+00	0.00e+00	1.44e-14	4.32e-14	7.21e-14	5.52e-09	1.11e-08	9.89e-40
 4.07186e+15	2.15e-13	2.09e-08	1.17e-04	1.53e-02	9.85e-01	0.00e+00	0.00e+00	1.93e-14	5.80e-14	9.67e-14	6.94e-09	1.40e-08	2.13e-39
 4.19773e+15	2.71e-13	2.51e-08	1.32e-04	1.63e-02	9.84e-01	0.00e+00	0.00e+00	2.44e-14	7.31e-14	1.22e-13	8.33e-09	1.68e-08	3.98e-39
 4.33511e+15	3.45e-13	3.04e-08	1.51e-04	1.74e-02	9.82e-01	0.00e+00	0.00e+00	3.10e-14	9.30e-14	1.55e-13	1.01e-08	2.03e-08	7.58e-39
 4.50104e+15	4.48e-13	3.75e-08	1.75e-04	1.88e-02	9.81e-01	0.00e+00	0.00e+00	4.03e-14	1.21e-13	2.01e-13	1.24e-08	2.50e-08	1.54e-38
 4.66705e+15	6.02e-13	4.73e-08	2.03e-04	2.03e-02	9.79e-01	0.00e+00	0.00e+00	5.42e-14	1.62e-13	2.71e-13	1.57e-08	3.16e-08	3.47e-38
 4.81583e+15	7.65e-13	5.71e-08	2.31e-04	2.16e-02	9.78e-01	0.00e+00	0.00e+00	6.88e-14	2.06e-13	3.44e-13	1.90e-08	3.81e-08	6.53e-38
 4.97922e+15	9.83e-13	6.98e-08	2.64e-04	2.32e-02	9.77e-01	0.00e+00	0.00e+00	8.84e-14	2.65e-13	4.42e-13	2.32e-08	4.66e-08	1.28e-37
 5.17303e+15	1.28e-12	8.65e-08	3.08e-04	2.51e-02	9.75e-01	0.00e+00	0.00e+00	1.15e-13	3.46e-13	5.77e-13	2.87e-08	5.77e-08	2.58e-37
 5.36556e+15	1.73e-12	1.10e-07	3.58e-04	2.71e-02	9.73e-01	0.00e+00	0.00e+00	1.56e-13	4.69e-13	7.81e-13	3.64e-08	7.32e-08	5.64e-37
 5.54244e+15	2.21e-12	1.33e-07	4.09e-04	2.90e-02	9.71e-01	0.00e+00	0.00e+00	1.99e-13	5.97e-13	9.96e-13	4.43e-08	8.90e-08	1.07e-36
 5.73975e+15	2.83e-12	1.63e-07	4.72e-04	3.12e-02	9.68e-01	0.00e+00	0.00e+00	2.55e-13	7.64e-13	1.27e-12	5.40e-08	1.09e-07	1.99e-36
 5.95988e+15	3.84e-12	2.08e-07	5.52e-04	3.38e-02	9.66e-01	0.00e+00	0.00e+00	3.47e-13	1.04e-12	1.73e-12	6.90e-08	1.39e-07	4.42e-36
 6.17108e+15	5.02e-12	2.57e-07	6.37e-04	3.64e-02	9.63e-01	0.00e+00	0.00e+00	4.53e-13	1.36e-12	2.26e-12	8.55e-08	1.72e-07	8.79e-36
 6.37318e+15	6.38e-12	3.13e-07	7.28e-04	3.89e-02	9.60e-01	0.00e+00	0.00e+00	5.76e-13	1.73e-12	2.88e-12	1.04e-07	2.09e-07	1.64e-35
 6.60203e+15	8.20e-12	3.83e-07	8.43e-04	4.19e-02	9.57e-01	0.00e+00	0.00e+00	7.41e-13	2.22e-12	3.70e-12	1.27e-07	2.55e-07	3.10e-35
 6.85485e+15	1.12e-11	4.91e-07	9.88e-04	4.55e-02	9.54e-01	0.00e+00	0.00e+00	1.01e-12	3.04e-12	5.06e-12	1.63e-07	3.28e-07	6.82e-35
 7.08623e+15	1.44e-11	6.02e-07	1.14e-03	4.88e-02	9.50e-01	0.00e+00	0.00e+00	1.30e-12	3.90e-12	6.50e-12	2.00e-07	4.02e-07	1.29e-34
 7.33440e+15	1.84e-11	7.35e-07	1.31e-03	5.25e-02	9.46e-01	0.00e+00	0.00e+00	1.66e-12	4.99e-12	8.33e-12	2.44e-07	4.90e-07	2.39e-34
 7.61471e+15	2.52e-11	9.46e-07	1.54e-03	5.71e-02	9.41e-01	0.00e+00	0.00e+00	2.28e-12	6.83e-12	1.14e-11	3.15e-07	6.31e-07	5.36e-34
 7.87952e+15	3.28e-11	1.18e-06	1.79e-03	6.15e-02	9.37e-01	0.00e+00	0.00e+00	2.97e-12	8.92e-12	1.49e-11	3.91e-07	7.84e-07	1.04e-33
 8.12276e+15	4.16e-11	1.43e-06	2.04e-03	6.58e-02	9.32e-01	0.00e+00	0.00e+00	3.77e-12	1.13e-11	1.89e-11	4.74e-07	9.51e-07	1.88e-33
 8.35030e+15	5.17e-11	1.70e-06	2.30e-03	7.00e-02	9.28e-01	0.00e+00	0.00e+00	4.69e-12	1.41e-11	2.34e-11	5.65e-07	1.13e-06	3.21e-33
 8.60116e+15	6.54e-11	2.05e-06	2.62e-03	7.47e-02	9.23e-01	0.00e+00	0.00e+00	5.93e-12	1.78e-11	2.96e-11	6.83e-07	1.37e-06	5.61e-33
 8.88056e+15	8.46e-11	2.53e-06	3.02e-03	8.04e-02	9.17e-01	0.00e+00	0.00e+00	7.68e-12	2.30e-11	3.84e-11	8.42e-07	1.69e-06	1.05e-32
 9.14026e+15	1.06e-10	3.05e-06	3.44e-03	8.58e-02	9.11e-01	0.00e+00	0.00e+00	9.66e-12	2.90e-11	4.83e-11	1.02e-06	2.04e-06	1.81e-32
 9.42106e+15	1.37e-10	3.74e-06	3.95e-03	9.22e-02	9.04e-01	0.00e+00	0.00e+00	1.25e-11	3.74e-11	6.23e-11	1.25e-06	2.50e-06	3.38e-32
 9.72549e+15	1.78e-10	4.64e-06	4.58e-03	9.92e-02	8.96e-01	0.00e+00	0.00e+00	1.62e-11	4.86e-11	8.10e-11	1.54e-06	3.10e-06	6.32e-32
 9.99988e+15	2.24e-10	5.58e-06	5.21e-03	1.06e-01	8.89e-01	0.00e+00	0.00e+00	2.04e-11	6.11e-11	1.02e-10	1.86e-06	3.72e-06	1.08e-31
 1.02958e+16	2.82e-10	6.73e-06	6.00e-03	1.14e-01	8.80e-01	0.00e+00	0.00e+00	2.57e-11	7.71e-11	1.29e-10	2.24e-06	4.49e-06	1.83e-31
 1.06222e+16	3.79e-10	8.55e-06	6.99e-03	1.23e-01	8.70e-01	0.00e+00	0.00e+00	3.46e-11	1.04e-10	1.73e-10	2.84e-06	5.70e-06	3.70e-31
 1.09122e+16	4.80e-10	1.04e-05	7.98e-03	1.31e-01	8.61e-01	0.00e+00	0.00e+00	4.37e-11	1.31e-10	2.19e-10	3.45e-06	6.90e-06	6.39e-31
 1.11708e+16	5.92e-10	1.23e-05	8.98e-03	1.39e-01	8.52e-01	0.00e+00	0.00e+00	5.41e-11	1.62e-10	2.70e-10	4.09e-06	8.19e-06	1.03e-30
 1.14643e+16	7.58e-10	1.49e-05	1.03e-02	1.49e-01	8.41e-01	0.00e+00	0.00e+00	6.92e-11	2.08e-10	3.46e-10	4.97e-06	9.95e-06	1.81e-30
 1.17887e+16	9.57e-10	1.80e-05	1.19e-02	1.60e-01	8.28e-01	0.00e+00	0.00e+00	8.74e-11	2.62e-10	4.37e-10	5.98e-06	1.20e-05	2.96e-30
 1.20889e+16	1.26e-09	2.24e-05	1.37e-02	1.71e-01	8.15e-01	0.00e+00	0.00e+00	1.15e-10	3.44e-10	5.74e-10	7.44e-06	1.49e-05	5.56e-30
 1.23636e+16	1.53e-09	2.62e-05	1.55e-02	1.82e-01	8.03e-01	0.00e+00	0.00e+00	1.40e-10	4.19e-10	6.98e-10	8.71e-06	1.74e-05	8.35e-30
 1.26698e+16	2.03e-09	3.28e-05	1.79e-02	1.95e-01	7.87e-01	0.00e+00	0.00e+00	1.86e-10	5.58e-10	9.30e-10	1.09e-05	2.19e-05	1.63e-29
 1.29973e+16	2.62e-09	4.04e-05	2.07e-02	2.10e-01	7.69e-01	0.00e+00	0.00e+00	2.40e-10	7.21e-10	1.20e-09	1.35e-05	2.69e-05	2.83e-29
 1.32853e+16	3.36e-09	4.91e-05	2.37e-02	2.24e-01	7.52e-01	0.00e+00	0.00e+00	3.08e-10	9.24e-10	1.54e-09	1.64e-05	3.27e-05	4.90e-29
 1.35480e+16	4.19e-09	5.87e-05	2.69e-02	2.38e-01	7.36e-01	0.00e+00	0.00e+00	3.85e-10	1.15e-09	1.92e-09	1.96e-05	3.91e-05	8.05e-29
 1.38451e+16	5.40e-09	7.16e-05	3.10e-02	2.54e-01	7.15e-01	0.00e+00	0.00e+00	4.96e-10	1.49e-09	2.48e-09	2.39e-05	4.78e-05	1.38e-28
 1.41626e+16	7.18e-09	8.99e-05	3.62e-02	2.73e-01	6.90e-01	0.00e+00	0.00e+00	6.61e-10	1.98e-09	3.30e-09	3.00e-05	5.99e-05	2.60e-28
 1.44336e+16	9.15e-09	1.09e-04	4.14e-02	2.90e-01	6.68e-01	0.00e+00	0.00e+00	8.43e-10	2.53e-09	4.21e-09	3.62e-05	7.23e-05	4.36e-28
 1.46699e+16	1.10e-08	1.25e-04	4.65e-02	3.06e-01	6.47e-01	0.00e+00	0.00e+00	1.01e-09	3.04e-09	5.06e-09	4.17e-05	8.34e-05	6.26e-28
 1.48972e+16	1.36e-08	1.48e-04	5.23e-02	3.23e-01	6.24e-01	0.00e+00	0.00e+00	1.25e-09	3.76e-09	6.27e-09	4.94e-05	9.87e-05	1.00e-27
 1.51015e+16	1.71e-08	1.77e-04	5.84e-02	3.39e-01	6.02e-01	0.00e+00	0.00e+00	1.58e-09	4.74e-09	7.90e-09	5.91e-05	1.18e-04	1.72e-27
 1.52637e+16	2.00e-08	2.00e-04	6.36e-02	3.52e-01	5.84e-01	0.00e+00	0.00e+00	1.85e-09	5.54e-09	9.23e-09	6.68e-05	1.33e-04	2.42e-27
 1.54253e+16	2.37e-08	2.28e-04	6.95e-02	3.66e-01	5.64e-01	0.00e+00	0.00e+00	2.19e-09	6.56e-09	1.09e-08	7.61e-05	1.52e-04	3.52e-27
 1.56353e+16	2.93e-08	2.69e-04	7.82e-02	3.85e-01	5.36e-01	0.00e+00	0.00e+00	2.71e-09	8.11e-09	1.35e-08	8.96e-05	1.79e-04	5.59e-27
 1.58699e+16	3.80e-08	3.28e-04	8.93e-02	4.08e-01	5.02e-01	0.00e+00	0.00e+00	3.52e-09	1.05e-08	1.76e-08	1.09e-04	2.19e-04	1.02e-26
 1.60798e+16	4.72e-08	3.88e-04	1.01e-01	4.29e-01	4.70e-01	0.00e+00	0.00e+00	4.38e-09	1.31e-08	2.19e-08	1.29e-04	2.58e-04	1.65e-26
 1.62562e+16	5.86e-08	4.55e-04	1.12e-01	4.48e-01	4.40e-01	0.00e+00	0.00e+00	5.44e-09	1.63e-08	2.72e-08	1.52e-04	3.03e-04	2.73e-26
 1.64176e+16	7.11e-08	5.26e-04	1.23e-01	4.66e-01	4.11e-01	0.00e+00	0.00e+00	6.60e-09	1.98e-08	3.30e-08	1.76e-04	3.51e-04	4.30e-26
 1.65749e+16	8.52e-08	6.05e-04	1.36e-01	4.84e-01	3.80e-01	0.00e+00	0.00e+00	7.92e-09	2.37e-08	3.96e-08	2.02e-04	4.03e-04	6.56e-26
 1.67286e+16	1.05e-07	7.03e-04	1.49e-01	5.02e-01	3.48e-01	0.00e+00	0.00e+00	9.77e-09	2.93e-08	4.88e-08	2.35e-04	4.68e-04	1.09e-25
 1.68713e+16	1.26e-07	8.06e-04	1.63e-01	5.19e-01	3.17e-01	0.00e+00	0.00e+00	1.17e-08	3.52e-08	5.87e-08	2.69e-04	5.37e-04	1.71e-25
 1.69996e+16	1.50e-07	9.12e-04	1.77e-01	5.35e-01	2.87e-01	0.00e+00	0.00e+00	1.40e-08	4.21e-08	7.01e-08	3.04e-04	6.08e-04	2.61e-25
 1.71179e+16	1.75e-07	1.02e-03	1.91e-01	5.50e-01	2.58e-01	0.00e+00	0.00e+00	1.64e-08	4.91e-08	8.17e-08	3.41e-04	6.80e-04	3.85e-25
 1.72296e+16	2.08e-07	1.15e-03	2.04e-01	5.64e-01	2.30e-01	0.00e+00	0.00e+00	1.95e-08	5.84e-08	9.72e-08	3.82e-04	7.63e-04	5.89e-25
 1.73344e+16	2.41e-07	1.27e-03	2.18e-01	5.77e-01	2.03e-01	0.00e+00	0.00e+00	2.26e-08	6.77e-08	1.13e-07	4.25e-04	8.49e-04	8.78e-25
 1.74158e+16	2.72e-07	1.38e-03	2.29e-01	5.87e-01	1.83e-01	0.00e+00	0.00e+00	2.55e-08	7.65e-08	1.27e-07	4.59e-04	9.17e-04	1.17e-24
 1.74722e+16	2.96e-07	1.46e-03	2.37e-01	5.94e-01	1.68e-01	0.00e+00	0.00e+00	2.78e-08	8.33e-08	1.39e-07	4.86e-04	9.69e-04	1.45e-24
 1.75308e+16	3.16e-07	1.53e-03	2.45e-01	6.00e-01	1.53e-01	0.00e+00	0.00e+00	2.97e-08	8.91e-08	1.48e-07	5.09e-04	1.02e-03	1.71e-24
 1.76068e+16	3.62e-07	1.67e-03	2.57e-01	6.09e-01	1.33e-01	0.00e+00	0.00e+00	3.41e-08	1.02e-07	1.70e-07	5.56e-04	1.11e-03	2.47e-24
 1.76779e+16	4.01e-07	1.78e-03	2.67e-01	6.16e-01	1.16e-01	0.00e+00	0.00e+00	3.78e-08	1.13e-07	1.89e-07	5.93e-04	1.18e-03	3.21e-24
 1.77288e+16	4.28e-07	1.87e-03	2.74e-01	6.21e-01	1.03e-01	0.00e+00	0.00e+00	4.05e-08	1.21e-07	2.02e-07	6.23e-04	1.24e-03	3.93e-24
 1.77815e+16	4.63e-07	1.96e-03	2.82e-01	6.25e-01	9.06e-02	0.00e+00	0.00e+00	4.39e-08	1.32e-07	2.19e-07	6.56e-04	1.31e-03	4.88e-24
 1.78500e+16	5.11e-07	2.09e-03	2.92e-01	6.30e-01	7.56e-02	0.00e+00	0.00e+00	4.85e-08	1.45e-07	2.42e-07	6.97e-04	1.39e-03	6.29e-24
 1.79196e+16	5.57e-07	2.21e-03	3.02e-01	6.34e-01	6.21e-02	0.00e+00	0.00e+00	5.30e-08	1.59e-07	2.65e-07	7.39e-04	1.47e-03	7.97e-24
 1.79761e+16	5.96e-07	2.31e-03	3.09e-01	6.36e-01	5.22e-02	0.00e+00	0.00e+00	5.69e-08	1.71e-07	2.84e-07	7.74e-04	1.54e-03	9.65e-24
 1.80353e+16	6.41e-07	2.43e-03	3.17e-01	6.38e-01	4.28e-02	0.00e+00	0.00e+00	6.14e-08	1.84e-07	3.06e-07	8.12e-04	1.62e-03	1.18e-23
 1.81121e+16	7.01e-07	2.58e-03	3.27e-01	6.38e-01	3.28e-02	0.00e+00	0.00e+00	6.73e-08	2.02e-07	3.36e-07	8.62e-04	1.72e-03	1.50e-23
 1.81941e+16	7.64e-07	2.73e-03	3.36e-01	6.37e-01	2.44e-02	0.00e+00	0.00e+00	7.37e-08	2.21e-07	3.68e-07	9.13e-04	1.82e-03	1.89e-23
