#depth	He	He+	He+2
 1.49634e+10	3.48e-23	5.15e-12	1.00e+00
 4.54887e+10	3.86e-23	5.57e-12	1.00e+00
 7.72350e+10	4.27e-23	6.03e-12	1.00e+00
 1.10251e+11	4.73e-23	6.53e-12	1.00e+00
 1.44588e+11	5.23e-23	7.07e-12	1.00e+00
 1.80298e+11	5.80e-23	7.66e-12	1.00e+00
 2.17437e+11	6.43e-23	8.29e-12	1.00e+00
 2.56061e+11	7.13e-23	8.98e-12	1.00e+00
 2.96231e+11	7.92e-23	9.73e-12	1.00e+00
 3.38007e+11	8.80e-23	1.05e-11	1.00e+00
 3.81454e+11	9.79e-23	1.14e-11	1.00e+00
 4.26639e+11	1.09e-22	1.24e-11	1.00e+00
 4.73631e+11	1.22e-22	1.34e-11	1.00e+00
 5.22503e+11	1.36e-22	1.46e-11	1.00e+00
 5.73330e+11	1.52e-22	1.58e-11	1.00e+00
 6.23295e+11	1.69e-22	1.70e-11	1.00e+00
 6.71381e+11	1.86e-22	1.83e-11	1.00e+00
 7.24286e+11	2.07e-22	1.98e-11	1.00e+00
 7.83184e+11	2.33e-22	2.15e-11	1.00e+00
 8.42622e+11	2.61e-22	2.32e-11	1.00e+00
 9.04437e+11	2.92e-22	2.52e-11	1.00e+00
 9.70541e+11	3.29e-22	2.73e-11	1.00e+00
 1.03929e+12	3.71e-22	2.97e-11	1.00e+00
 1.11079e+12	4.20e-22	3.23e-11	1.00e+00
 1.18515e+12	4.74e-22	3.51e-11	1.00e+00
 1.26248e+12	5.37e-22	3.82e-11	1.00e+00
 1.34291e+12	6.09e-22	4.15e-11	1.00e+00
 1.42655e+12	6.91e-22	4.52e-11	1.00e+00
 1.51354e+12	7.85e-22	4.92e-11	1.00e+00
 1.59473e+12	8.83e-22	5.31e-11	1.00e+00
 1.66637e+12	9.74e-22	5.67e-11	1.00e+00
 1.74637e+12	1.08e-21	6.09e-11	1.00e+00
 1.84239e+12	1.23e-21	6.62e-11	1.00e+00
 1.93903e+12	1.39e-21	7.18e-11	1.00e+00
 2.02823e+12	1.55e-21	7.72e-11	1.00e+00
 2.12794e+12	1.75e-21	8.35e-11	1.00e+00
 2.24296e+12	2.00e-21	9.12e-11	1.00e+00
 2.35544e+12	2.27e-21	9.92e-11	1.00e+00
 2.46301e+12	2.55e-21	1.07e-10	1.00e+00
 2.58204e+12	2.89e-21	1.16e-10	1.00e+00
 2.71525e+12	3.31e-21	1.27e-10	1.00e+00
 2.85065e+12	3.78e-21	1.39e-10	1.00e+00
 2.99145e+12	4.31e-21	1.52e-10	1.00e+00
 3.14104e+12	4.94e-21	1.66e-10	1.00e+00
 3.29661e+12	5.66e-21	1.82e-10	1.00e+00
 3.45840e+12	6.48e-21	2.00e-10	1.00e+00
 3.62666e+12	7.42e-21	2.19e-10	1.00e+00
 3.80165e+12	8.49e-21	2.41e-10	1.00e+00
 3.98365e+12	9.71e-21	2.65e-10	1.00e+00
 4.17292e+12	1.11e-20	2.91e-10	1.00e+00
 4.36976e+12	1.27e-20	3.19e-10	1.00e+00
 4.57448e+12	1.46e-20	3.51e-10	1.00e+00
 4.78739e+12	1.67e-20	3.86e-10	1.00e+00
 5.00881e+12	1.91e-20	4.25e-10	1.00e+00
 5.23378e+12	2.18e-20	4.67e-10	1.00e+00
 5.46775e+12	2.48e-20	5.13e-10	1.00e+00
 5.71639e+12	2.83e-20	5.66e-10	1.00e+00
 5.97497e+12	3.23e-20	6.24e-10	1.00e+00
 6.23351e+12	3.66e-20	6.86e-10	1.00e+00
 6.48677e+12	4.12e-20	7.50e-10	1.00e+00
 6.76055e+12	4.66e-20	8.23e-10	1.00e+00
 7.06090e+12	5.30e-20	9.09e-10	1.00e+00
 7.36708e+12	6.03e-20	1.00e-09	1.00e+00
 7.68551e+12	6.85e-20	1.11e-09	1.00e+00
 8.02285e+12	7.82e-20	1.22e-09	1.00e+00
 8.37370e+12	8.95e-20	1.35e-09	1.00e+00
 8.73857e+12	1.03e-19	1.50e-09	1.00e+00
 9.07000e+12	1.16e-19	1.64e-09	1.00e+00
 9.34793e+12	1.28e-19	1.76e-09	1.00e+00
 9.65270e+12	1.43e-19	1.90e-09	1.00e+00
 1.00364e+13	1.64e-19	2.09e-09	1.00e+00
 1.04336e+13	1.89e-19	2.30e-09	1.00e+00
 1.07840e+13	2.13e-19	2.49e-09	1.00e+00
 1.11629e+13	2.43e-19	2.71e-09	1.00e+00
 1.16195e+13	2.85e-19	2.99e-09	1.00e+00
 1.20754e+13	3.33e-19	3.28e-09	1.00e+00
 1.24878e+13	3.82e-19	3.56e-09	1.00e+00
 1.29454e+13	4.44e-19	3.88e-09	1.00e+00
 1.34830e+13	5.29e-19	4.29e-09	1.00e+00
 1.40191e+13	6.26e-19	4.71e-09	1.00e+00
 1.45299e+13	7.33e-19	5.14e-09	1.00e+00
 1.50943e+13	8.67e-19	5.62e-09	1.00e+00
 1.57280e+13	1.04e-18	6.20e-09	1.00e+00
 1.63871e+13	1.25e-18	6.83e-09	1.00e+00
 1.70725e+13	1.50e-18	7.51e-09	1.00e+00
 1.77679e+13	1.79e-18	8.23e-09	1.00e+00
 1.84911e+13	2.14e-18	9.02e-09	1.00e+00
 1.92607e+13	2.56e-18	9.89e-09	1.00e+00
 2.00611e+13	3.06e-18	1.08e-08	1.00e+00
 2.08934e+13	3.66e-18	1.19e-08	1.00e+00
 2.17591e+13	4.36e-18	1.30e-08	1.00e+00
 2.26594e+13	5.20e-18	1.42e-08	1.00e+00
 2.35957e+13	6.18e-18	1.55e-08	1.00e+00
 2.45415e+13	7.30e-18	1.68e-08	1.00e+00
 2.54401e+13	8.52e-18	1.82e-08	1.00e+00
 2.64026e+13	9.97e-18	1.97e-08	1.00e+00
 2.74886e+13	1.18e-17	2.14e-08	1.00e+00
 2.85695e+13	1.39e-17	2.33e-08	1.00e+00
 2.96935e+13	1.63e-17	2.52e-08	1.00e+00
 3.09112e+13	1.93e-17	2.74e-08	1.00e+00
 3.21776e+13	2.28e-17	2.98e-08	1.00e+00
 3.34946e+13	2.69e-17	3.24e-08	1.00e+00
 3.48643e+13	3.17e-17	3.52e-08	1.00e+00
 3.62888e+13	3.74e-17	3.82e-08	1.00e+00
 3.77703e+13	4.40e-17	4.15e-08	1.00e+00
 3.93110e+13	5.18e-17	4.51e-08	1.00e+00
 4.07640e+13	6.01e-17	4.85e-08	1.00e+00
 4.20686e+13	6.83e-17	5.18e-08	1.00e+00
 4.35341e+13	7.85e-17	5.55e-08	1.00e+00
 4.52646e+13	9.21e-17	6.01e-08	1.00e+00
 4.69854e+13	1.07e-16	6.48e-08	1.00e+00
 4.85950e+13	1.23e-16	6.94e-08	1.00e+00
 5.03888e+13	1.42e-16	7.47e-08	1.00e+00
 5.24342e+13	1.67e-16	8.11e-08	1.00e+00
 5.44481e+13	1.94e-16	8.74e-08	1.00e+00
 5.65426e+13	2.26e-16	9.42e-08	1.00e+00
 5.88342e+13	2.65e-16	1.02e-07	1.00e+00
 6.11500e+13	3.09e-16	1.10e-07	1.00e+00
 6.35584e+13	3.60e-16	1.19e-07	1.00e+00
 6.61307e+13	4.23e-16	1.29e-07	1.00e+00
 6.88059e+13	4.94e-16	1.40e-07	1.00e+00
 7.15880e+13	5.80e-16	1.51e-07	1.00e+00
 7.44815e+13	6.78e-16	1.64e-07	1.00e+00
 7.74906e+13	7.92e-16	1.77e-07	1.00e+00
 8.06202e+13	9.27e-16	1.92e-07	1.00e+00
 8.37235e+13	1.08e-15	2.07e-07	1.00e+00
 8.69509e+13	1.25e-15	2.23e-07	1.00e+00
 9.04588e+13	1.46e-15	2.41e-07	1.00e+00
 9.40134e+13	1.70e-15	2.60e-07	1.00e+00
 9.77102e+13	1.98e-15	2.81e-07	1.00e+00
 1.01649e+14	2.31e-15	3.04e-07	1.00e+00
 1.05744e+14	2.71e-15	3.29e-07	1.00e+00
 1.10004e+14	3.16e-15	3.56e-07	1.00e+00
 1.14088e+14	3.65e-15	3.83e-07	1.00e+00
 1.17869e+14	4.15e-15	4.08e-07	1.00e+00
 1.22149e+14	4.78e-15	4.39e-07	1.00e+00
 1.27065e+14	5.57e-15	4.74e-07	1.00e+00
 1.31952e+14	6.48e-15	5.12e-07	1.00e+00
 1.37035e+14	7.51e-15	5.52e-07	1.00e+00
 1.42546e+14	8.79e-15	5.97e-07	1.00e+00
 1.47698e+14	1.01e-14	6.42e-07	1.00e+00
 1.52246e+14	1.14e-14	6.82e-07	1.00e+00
 1.57320e+14	1.30e-14	7.28e-07	1.00e+00
 1.63407e+14	1.51e-14	7.87e-07	1.00e+00
 1.69504e+14	1.75e-14	8.47e-07	1.00e+00
 1.75103e+14	1.99e-14	9.05e-07	1.00e+00
 1.81360e+14	2.29e-14	9.71e-07	1.00e+00
 1.88610e+14	2.68e-14	1.05e-06	1.00e+00
 1.95667e+14	3.10e-14	1.14e-06	1.00e+00
 2.02294e+14	3.55e-14	1.22e-06	1.00e+00
 2.09704e+14	4.10e-14	1.31e-06	1.00e+00
 2.18122e+14	4.82e-14	1.42e-06	1.00e+00
 2.26496e+14	5.61e-14	1.54e-06	1.00e+00
 2.35204e+14	6.54e-14	1.66e-06	1.00e+00
 2.44642e+14	7.67e-14	1.81e-06	1.00e+00
 2.54458e+14	9.02e-14	1.96e-06	1.00e+00
 2.64666e+14	1.06e-13	2.13e-06	1.00e+00
 2.75282e+14	1.25e-13	2.32e-06	1.00e+00
 2.86324e+14	1.47e-13	2.52e-06	1.00e+00
 2.97806e+14	1.73e-13	2.75e-06	1.00e+00
 3.09004e+14	2.01e-13	2.98e-06	1.00e+00
 3.19680e+14	2.32e-13	3.21e-06	1.00e+00
 3.31529e+14	2.70e-13	3.47e-06	1.00e+00
 3.44820e+14	3.18e-13	3.79e-06	1.00e+00
 3.56884e+14	3.68e-13	4.09e-06	1.00e+00
 3.67080e+14	4.15e-13	4.35e-06	1.00e+00
 3.78368e+14	4.72e-13	4.66e-06	1.00e+00
 3.92459e+14	5.49e-13	5.05e-06	1.00e+00
 4.07145e+14	6.44e-13	5.49e-06	1.00e+00
 4.20511e+14	7.36e-13	5.90e-06	1.00e+00
 4.35209e+14	8.52e-13	6.37e-06	1.00e+00
 4.52401e+14	1.00e-12	6.95e-06	1.00e+00
 4.68505e+14	1.16e-12	7.52e-06	1.00e+00
 4.82335e+14	1.31e-12	8.03e-06	1.00e+00
 4.97540e+14	1.49e-12	8.60e-06	1.00e+00
 5.16272e+14	1.74e-12	9.35e-06	1.00e+00
 5.35284e+14	2.02e-12	1.01e-05	1.00e+00
 5.52230e+14	2.29e-12	1.09e-05	1.00e+00
 5.70793e+14	2.63e-12	1.17e-05	1.00e+00
 5.92925e+14	3.06e-12	1.27e-05	1.00e+00
 6.14745e+14	3.55e-12	1.38e-05	1.00e+00
 6.34570e+14	4.04e-12	1.48e-05	1.00e+00
 6.56754e+14	4.64e-12	1.60e-05	1.00e+00
 6.82694e+14	5.42e-12	1.75e-05	1.00e+00
 7.08132e+14	6.28e-12	1.89e-05	1.00e+00
 7.32043e+14	7.17e-12	2.04e-05	1.00e+00
 7.58811e+14	8.27e-12	2.21e-05	1.00e+00
 7.89194e+14	9.67e-12	2.41e-05	1.00e+00
 8.19309e+14	1.12e-11	2.62e-05	1.00e+00
 8.50629e+14	1.30e-11	2.85e-05	1.00e+00
 8.84684e+14	1.51e-11	3.10e-05	1.00e+00
 9.20101e+14	1.77e-11	3.39e-05	1.00e+00
 9.56935e+14	2.07e-11	3.69e-05	1.00e+00
 9.95242e+14	2.40e-11	4.02e-05	1.00e+00
 1.03508e+15	2.81e-11	4.39e-05	1.00e+00
 1.07652e+15	3.27e-11	4.79e-05	1.00e+00
 1.11346e+15	3.73e-11	5.16e-05	1.00e+00
 1.14349e+15	4.13e-11	5.47e-05	1.00e+00
 1.17619e+15	4.60e-11	5.82e-05	1.00e+00
 1.21857e+15	5.25e-11	6.29e-05	1.00e+00
 1.26415e+15	6.09e-11	6.83e-05	1.00e+00
 1.30481e+15	6.86e-11	7.32e-05	1.00e+00
 1.34847e+15	7.77e-11	7.86e-05	1.00e+00
 1.39766e+15	8.86e-11	8.49e-05	1.00e+00
 1.44442e+15	1.01e-10	9.14e-05	1.00e+00
 1.48886e+15	1.13e-10	9.76e-05	1.00e+00
 1.53987e+15	1.29e-10	1.05e-04	1.00e+00
 1.59744e+15	1.47e-10	1.14e-04	1.00e+00
 1.65240e+15	1.68e-10	1.22e-04	1.00e+00
 1.71222e+15	1.92e-10	1.32e-04	1.00e+00
 1.77831e+15	2.21e-10	1.43e-04	1.00e+00
 1.84043e+15	2.49e-10	1.54e-04	1.00e+00
 1.90746e+15	2.85e-10	1.67e-04	1.00e+00
 1.98223e+15	3.31e-10	1.81e-04	1.00e+00
 2.05433e+15	3.78e-10	1.95e-04	1.00e+00
 2.13086e+15	4.33e-10	2.11e-04	1.00e+00
 2.21613e+15	4.99e-10	2.30e-04	1.00e+00
 2.30155e+15	5.69e-10	2.49e-04	1.00e+00
 2.39039e+15	6.55e-10	2.70e-04	1.00e+00
 2.48604e+15	7.65e-10	2.93e-04	1.00e+00
 2.58551e+15	8.86e-10	3.19e-04	1.00e+00
 2.68896e+15	1.02e-09	3.46e-04	1.00e+00
 2.79655e+15	1.18e-09	3.76e-04	1.00e+00
 2.90844e+15	1.37e-09	4.09e-04	1.00e+00
 3.02480e+15	1.58e-09	4.44e-04	1.00e+00
 3.12869e+15	1.80e-09	4.77e-04	1.00e+00
 3.21359e+15	1.98e-09	5.04e-04	9.99e-01
 3.30639e+15	2.20e-09	5.35e-04	9.99e-01
 3.42603e+15	2.48e-09	5.76e-04	9.99e-01
 3.55308e+15	2.88e-09	6.23e-04	9.99e-01
 3.66482e+15	3.24e-09	6.65e-04	9.99e-01
 3.78417e+15	3.65e-09	7.10e-04	9.99e-01
 3.92867e+15	4.15e-09	7.68e-04	9.99e-01
 4.07186e+15	4.83e-09	8.30e-04	9.99e-01
 4.19773e+15	5.42e-09	8.84e-04	9.99e-01
 4.33511e+15	6.11e-09	9.45e-04	9.99e-01
 4.50104e+15	6.97e-09	1.02e-03	9.99e-01
 4.66705e+15	8.16e-09	1.11e-03	9.99e-01
 4.81583e+15	9.19e-09	1.18e-03	9.99e-01
 4.97922e+15	1.04e-08	1.27e-03	9.99e-01
 5.17303e+15	1.20e-08	1.37e-03	9.99e-01
 5.36556e+15	1.40e-08	1.49e-03	9.99e-01
 5.54244e+15	1.59e-08	1.59e-03	9.98e-01
 5.73975e+15	1.80e-08	1.71e-03	9.98e-01
 5.95988e+15	2.13e-08	1.86e-03	9.98e-01
 6.17108e+15	2.45e-08	2.01e-03	9.98e-01
 6.37318e+15	2.78e-08	2.15e-03	9.98e-01
 6.60203e+15	3.17e-08	2.33e-03	9.98e-01
 6.85485e+15	3.76e-08	2.53e-03	9.97e-01
 7.08623e+15	4.30e-08	2.72e-03	9.97e-01
 7.33440e+15	4.91e-08	2.94e-03	9.97e-01
 7.61471e+15	5.85e-08	3.21e-03	9.97e-01
 7.87952e+15	6.77e-08	3.47e-03	9.97e-01
 8.12276e+15	7.71e-08	3.72e-03	9.96e-01
 8.35030e+15	8.69e-08	3.98e-03	9.96e-01
 8.60116e+15	9.87e-08	4.27e-03	9.96e-01
 8.88056e+15	1.14e-07	4.61e-03	9.95e-01
 9.14026e+15	1.29e-07	4.95e-03	9.95e-01
 9.42106e+15	1.50e-07	5.36e-03	9.95e-01
 9.72549e+15	1.74e-07	5.81e-03	9.94e-01
 9.99988e+15	1.97e-07	6.25e-03	9.94e-01
 1.02958e+16	2.24e-07	6.77e-03	9.93e-01
 1.06222e+16	2.67e-07	7.40e-03	9.93e-01
 1.09122e+16	3.06e-07	8.00e-03	9.92e-01
 1.11708e+16	3.46e-07	8.58e-03	9.91e-01
 1.14643e+16	3.99e-07	9.32e-03	9.91e-01
 1.17887e+16	4.55e-07	1.02e-02	9.90e-01
 1.20889e+16	5.36e-07	1.11e-02	9.89e-01
 1.23636e+16	6.02e-07	1.20e-02	9.88e-01
 1.26698e+16	7.18e-07	1.32e-02	9.87e-01
 1.29973e+16	8.40e-07	1.46e-02	9.85e-01
 1.32853e+16	9.83e-07	1.60e-02	9.84e-01
 1.35480e+16	1.13e-06	1.75e-02	9.83e-01
 1.38451e+16	1.33e-06	1.94e-02	9.81e-01
 1.41626e+16	1.61e-06	2.18e-02	9.78e-01
 1.44336e+16	1.90e-06	2.42e-02	9.76e-01
 1.46699e+16	2.16e-06	2.67e-02	9.73e-01
 1.48972e+16	2.51e-06	2.95e-02	9.70e-01
 1.51015e+16	2.96e-06	3.25e-02	9.68e-01
 1.52637e+16	3.33e-06	3.51e-02	9.65e-01
 1.54253e+16	3.78e-06	3.82e-02	9.62e-01
 1.56353e+16	4.46e-06	4.29e-02	9.57e-01
 1.58699e+16	5.50e-06	4.94e-02	9.51e-01
 1.60798e+16	6.63e-06	5.66e-02	9.43e-01
 1.62562e+16	7.99e-06	6.43e-02	9.36e-01
 1.64176e+16	9.53e-06	7.28e-02	9.27e-01
 1.65749e+16	1.14e-05	8.32e-02	9.17e-01
 1.67286e+16	1.40e-05	9.60e-02	9.04e-01
 1.68713e+16	1.70e-05	1.11e-01	8.89e-01
 1.69996e+16	2.06e-05	1.28e-01	8.72e-01
 1.71179e+16	2.48e-05	1.48e-01	8.52e-01
 1.72296e+16	3.03e-05	1.71e-01	8.29e-01
 1.73344e+16	3.69e-05	1.99e-01	8.01e-01
 1.74158e+16	4.32e-05	2.25e-01	7.75e-01
 1.74722e+16	4.86e-05	2.46e-01	7.54e-01
 1.75308e+16	5.49e-05	2.72e-01	7.28e-01
 1.76068e+16	6.57e-05	3.10e-01	6.90e-01
 1.76779e+16	7.69e-05	3.51e-01	6.49e-01
 1.77288e+16	8.68e-05	3.85e-01	6.15e-01
 1.77815e+16	9.86e-05	4.24e-01	5.76e-01
 1.78500e+16	1.16e-04	4.79e-01	5.21e-01
 1.79196e+16	1.35e-04	5.38e-01	4.61e-01
 1.79761e+16	1.52e-04	5.89e-01	4.11e-01
 1.80353e+16	1.71e-04	6.43e-01	3.57e-01
 1.81121e+16	1.97e-04	7.09e-01	2.91e-01
 1.81941e+16	2.23e-04	7.71e-01	2.29e-01
 1.82710e+16	2.46e-04	8.20e-01	1.80e-01
 1.83589e+16	2.69e-04	8.65e-01	1.34e-01
 1.84732e+16	2.94e-04	9.08e-01	9.21e-02
 1.86218e+16	3.20e-04	9.42e-01	5.72e-02
 1.88149e+16	3.45e-04	9.67e-01	3.22e-02
 1.90660e+16	3.70e-04	9.83e-01	1.65e-02
 1.93924e+16	3.98e-04	9.92e-01	7.71e-03
 1.98167e+16	4.32e-04	9.96e-01	3.32e-03
 2.02616e+16	4.69e-04	9.98e-01	1.57e-03
 2.06274e+16	5.03e-04	9.99e-01	9.22e-04
 2.09350e+16	5.35e-04	9.99e-01	6.10e-04
 2.12723e+16	5.74e-04	9.99e-01	3.95e-04
 2.16337e+16	6.22e-04	9.99e-01	2.61e-04
 2.19371e+16	6.70e-04	9.99e-01	1.88e-04
 2.21852e+16	7.15e-04	9.99e-01	1.46e-04
 2.24507e+16	7.70e-04	9.99e-01	1.11e-04
 2.26739e+16	8.23e-04	9.99e-01	9.13e-05
 2.27883e+16	8.54e-04	9.99e-01	8.27e-05
 2.28829e+16	8.81e-04	9.99e-01	7.55e-05
 2.30059e+16	9.20e-04	9.99e-01	6.71e-05
 2.31441e+16	9.69e-04	9.99e-01	5.92e-05
 2.32717e+16	1.02e-03	9.99e-01	5.31e-05
 2.33827e+16	1.06e-03	9.99e-01	4.82e-05
 2.35028e+16	1.12e-03	9.99e-01	4.33e-05
 2.36195e+16	1.18e-03	9.99e-01	3.94e-05
 2.37035e+16	1.22e-03	9.99e-01	3.68e-05
 2.37736e+16	1.26e-03	9.99e-01	3.48e-05
 2.38538e+16	1.32e-03	9.99e-01	3.24e-05
 2.39439e+16	1.38e-03	9.99e-01	3.01e-05
 2.40264e+16	1.44e-03	9.99e-01	2.82e-05
 2.40981e+16	1.50e-03	9.98e-01	2.66e-05
 2.41761e+16	1.57e-03	9.98e-01	2.50e-05
 2.42594e+16	1.65e-03	9.98e-01	2.34e-05
 2.43305e+16	1.73e-03	9.98e-01	2.22e-05
 2.43918e+16	1.80e-03	9.98e-01	2.11e-05
 2.44596e+16	1.89e-03	9.98e-01	2.00e-05
 2.45335e+16	1.99e-03	9.98e-01	1.89e-05
 2.45980e+16	2.09e-03	9.98e-01	1.80e-05
 2.46538e+16	2.19e-03	9.98e-01	1.72e-05
 2.47155e+16	2.30e-03	9.98e-01	1.64e-05
 2.47821e+16	2.43e-03	9.98e-01	1.56e-05
 2.48401e+16	2.56e-03	9.97e-01	1.50e-05
 2.48908e+16	2.69e-03	9.97e-01	1.44e-05
 2.49472e+16	2.84e-03	9.97e-01	1.38e-05
 2.50082e+16	3.02e-03	9.97e-01	1.32e-05
 2.50613e+16	3.19e-03	9.97e-01	1.27e-05
 2.51079e+16	3.36e-03	9.97e-01	1.22e-05
 2.51601e+16	3.58e-03	9.96e-01	1.18e-05
 2.52170e+16	3.83e-03	9.96e-01	1.13e-05
 2.52676e+16	4.09e-03	9.96e-01	1.09e-05
 2.53130e+16	4.35e-03	9.96e-01	1.05e-05
 2.53640e+16	4.68e-03	9.95e-01	1.01e-05
 2.54199e+16	5.10e-03	9.95e-01	9.74e-06
 2.54709e+16	5.54e-03	9.94e-01	9.38e-06
 2.55174e+16	6.01e-03	9.94e-01	9.08e-06
 2.55625e+16	6.53e-03	9.93e-01	8.79e-06
 2.56073e+16	7.13e-03	9.93e-01	8.52e-06
 2.56511e+16	7.81e-03	9.92e-01	8.29e-06
 2.56907e+16	8.54e-03	9.91e-01	8.07e-06
 2.57246e+16	9.28e-03	9.91e-01	7.88e-06
 2.57561e+16	1.00e-02	9.90e-01	7.74e-06
 2.57922e+16	1.11e-02	9.89e-01	7.55e-06
 2.58294e+16	1.23e-02	9.88e-01	7.39e-06
 2.58592e+16	1.36e-02	9.86e-01	7.24e-06
 2.58835e+16	1.47e-02	9.85e-01	7.17e-06
 2.59062e+16	1.60e-02	9.84e-01	7.06e-06
 2.59322e+16	1.76e-02	9.82e-01	6.95e-06
 2.59603e+16	1.96e-02	9.80e-01	6.90e-06
 2.59850e+16	2.18e-02	9.78e-01	6.83e-06
 2.60062e+16	2.40e-02	9.76e-01	6.80e-06
 2.60293e+16	2.67e-02	9.73e-01	6.76e-06
 2.60542e+16	3.03e-02	9.70e-01	6.75e-06
 2.60756e+16	3.41e-02	9.66e-01	6.75e-06
 2.60937e+16	3.78e-02	9.62e-01	6.77e-06
 2.61133e+16	4.26e-02	9.57e-01	6.79e-06
 2.61337e+16	4.83e-02	9.52e-01	6.88e-06
 2.61509e+16	5.43e-02	9.46e-01	6.94e-06
 2.61655e+16	5.99e-02	9.40e-01	7.05e-06
 2.61800e+16	6.67e-02	9.33e-01	7.14e-06
 2.61950e+16	7.45e-02	9.26e-01	7.29e-06
 2.62090e+16	8.32e-02	9.17e-01	7.41e-06
 2.62217e+16	9.18e-02	9.08e-01	7.59e-06
 2.62332e+16	1.01e-01	8.99e-01	7.72e-06
 2.62437e+16	1.10e-01	8.90e-01	7.89e-06
 2.62536e+16	1.20e-01	8.80e-01	8.03e-06
 2.62611e+16	1.28e-01	8.72e-01	8.17e-06
 2.62660e+16	1.33e-01	8.67e-01	8.26e-06
 2.62706e+16	1.39e-01	8.61e-01	8.34e-06
 2.62761e+16	1.46e-01	8.54e-01	8.43e-06
 2.62818e+16	1.54e-01	8.46e-01	8.55e-06
 2.62872e+16	1.62e-01	8.38e-01	8.66e-06
 2.62924e+16	1.69e-01	8.31e-01	8.78e-06
 2.62976e+16	1.78e-01	8.22e-01	8.88e-06
 2.63028e+16	1.86e-01	8.14e-01	9.01e-06
 2.63079e+16	1.96e-01	8.04e-01	9.10e-06
 2.63129e+16	2.05e-01	7.95e-01	9.24e-06
 2.63178e+16	2.15e-01	7.85e-01	9.35e-06
 2.63228e+16	2.25e-01	7.75e-01	9.45e-06
 2.63276e+16	2.36e-01	7.64e-01	9.57e-06
 2.63324e+16	2.46e-01	7.54e-01	9.69e-06
 2.63371e+16	2.58e-01	7.42e-01	9.78e-06
 2.63418e+16	2.69e-01	7.31e-01	9.92e-06
 2.63465e+16	2.82e-01	7.18e-01	1.00e-05
 2.63510e+16	2.94e-01	7.06e-01	1.01e-05
 2.63555e+16	3.07e-01	6.93e-01	1.02e-05
 2.63601e+16	3.20e-01	6.80e-01	1.03e-05
 2.63644e+16	3.34e-01	6.66e-01	1.04e-05
 2.63687e+16	3.47e-01	6.53e-01	1.05e-05
 2.63730e+16	3.61e-01	6.39e-01	1.06e-05
 2.63773e+16	3.75e-01	6.25e-01	1.07e-05
 2.63815e+16	3.90e-01	6.10e-01	1.07e-05
 2.63855e+16	4.04e-01	5.96e-01	1.08e-05
 2.63896e+16	4.19e-01	5.81e-01	1.09e-05
 2.63936e+16	4.35e-01	5.65e-01	1.09e-05
 2.63975e+16	4.50e-01	5.50e-01	1.10e-05
 2.64014e+16	4.65e-01	5.35e-01	1.10e-05
 2.64052e+16	4.79e-01	5.21e-01	1.11e-05
 2.64090e+16	4.94e-01	5.06e-01	1.11e-05
 2.64126e+16	5.09e-01	4.91e-01	1.11e-05
 2.64161e+16	5.23e-01	4.77e-01	1.11e-05
 2.64195e+16	5.37e-01	4.63e-01	1.11e-05
 2.64230e+16	5.52e-01	4.48e-01	1.11e-05
 2.64263e+16	5.66e-01	4.34e-01	1.11e-05
 2.64296e+16	5.79e-01	4.21e-01	1.11e-05
 2.64328e+16	5.93e-01	4.07e-01	1.10e-05
 2.64359e+16	6.06e-01	3.94e-01	1.10e-05
 2.64390e+16	6.18e-01	3.82e-01	1.10e-05
 2.64420e+16	6.31e-01	3.69e-01	1.09e-05
 2.64450e+16	6.43e-01	3.57e-01	1.09e-05
 2.64479e+16	6.55e-01	3.45e-01	1.08e-05
 2.64507e+16	6.66e-01	3.34e-01	1.07e-05
 2.64535e+16	6.77e-01	3.23e-01	1.07e-05
 2.64562e+16	6.88e-01	3.12e-01	1.06e-05
 2.64589e+16	6.98e-01	3.02e-01	1.05e-05
 2.64616e+16	7.08e-01	2.92e-01	1.05e-05
 2.64642e+16	7.18e-01	2.82e-01	1.04e-05
 2.64668e+16	7.28e-01	2.72e-01	1.03e-05
 2.64693e+16	7.37e-01	2.63e-01	1.02e-05
 2.64718e+16	7.46e-01	2.54e-01	1.01e-05
 2.64743e+16	7.55e-01	2.45e-01	1.00e-05
 2.64764e+16	7.62e-01	2.38e-01	9.92e-06
 2.64780e+16	7.68e-01	2.32e-01	9.84e-06
 2.64796e+16	7.73e-01	2.27e-01	9.76e-06
 2.64812e+16	7.79e-01	2.21e-01	9.66e-06
 2.64829e+16	7.84e-01	2.16e-01	9.59e-06
 2.64844e+16	7.89e-01	2.11e-01	9.51e-06
 2.64860e+16	7.94e-01	2.06e-01	9.43e-06
 2.64875e+16	7.99e-01	2.01e-01	9.35e-06
 2.64889e+16	8.04e-01	1.96e-01	9.27e-06
 2.64904e+16	8.08e-01	1.92e-01	9.19e-06
 2.64919e+16	8.13e-01	1.87e-01	9.10e-06
 2.64933e+16	8.17e-01	1.83e-01	9.02e-06
 2.64947e+16	8.21e-01	1.79e-01	8.94e-06
 2.64961e+16	8.25e-01	1.75e-01	8.86e-06
 2.64975e+16	8.29e-01	1.71e-01	8.77e-06
 2.64990e+16	8.33e-01	1.67e-01	8.69e-06
 2.65004e+16	8.37e-01	1.63e-01	8.60e-06
 2.65019e+16	8.42e-01	1.58e-01	8.51e-06
 2.65035e+16	8.46e-01	1.54e-01	8.43e-06
 2.65051e+16	8.50e-01	1.50e-01	8.32e-06
 2.65070e+16	8.55e-01	1.45e-01	8.20e-06
 2.65089e+16	8.60e-01	1.40e-01	8.08e-06
 2.65109e+16	8.65e-01	1.35e-01	7.95e-06
 2.65129e+16	8.69e-01	1.31e-01	7.82e-06
 2.65149e+16	8.74e-01	1.26e-01	7.68e-06
 2.65168e+16	8.78e-01	1.22e-01	7.54e-06
 2.65186e+16	8.82e-01	1.18e-01	7.40e-06
 2.65204e+16	8.86e-01	1.14e-01	7.26e-06
 2.65221e+16	8.90e-01	1.10e-01	7.12e-06
 2.65237e+16	8.93e-01	1.07e-01	6.99e-06
 2.65252e+16	8.97e-01	1.03e-01	6.85e-06
 2.65265e+16	8.99e-01	1.01e-01	6.74e-06
 2.65277e+16	9.02e-01	9.83e-02	6.63e-06
 2.65288e+16	9.04e-01	9.61e-02	6.53e-06
 2.65298e+16	9.06e-01	9.41e-02	6.43e-06
 2.65307e+16	9.08e-01	9.23e-02	6.35e-06
 2.65316e+16	9.09e-01	9.06e-02	6.26e-06
 2.65325e+16	9.11e-01	8.88e-02	6.17e-06
 2.65334e+16	9.13e-01	8.70e-02	6.08e-06
 2.65343e+16	9.15e-01	8.53e-02	5.99e-06
 2.65351e+16	9.16e-01	8.38e-02	5.91e-06
 2.65359e+16	9.18e-01	8.24e-02	5.83e-06
 2.65366e+16	9.19e-01	8.11e-02	5.75e-06
 2.65373e+16	9.20e-01	7.97e-02	5.67e-06
 2.65381e+16	9.22e-01	7.83e-02	5.59e-06
 2.65388e+16	9.23e-01	7.70e-02	5.51e-06
 2.65395e+16	9.24e-01	7.58e-02	5.44e-06
 2.65401e+16	9.25e-01	7.47e-02	5.37e-06
 2.65406e+16	9.26e-01	7.37e-02	5.31e-06
 2.65412e+16	9.27e-01	7.26e-02	5.24e-06
 2.65418e+16	9.29e-01	7.15e-02	5.17e-06
 2.65424e+16	9.30e-01	7.05e-02	5.10e-06
 2.65430e+16	9.30e-01	6.95e-02	5.04e-06
 2.65435e+16	9.31e-01	6.87e-02	4.98e-06
 2.65440e+16	9.32e-01	6.77e-02	4.91e-06
 2.65446e+16	9.33e-01	6.67e-02	4.85e-06
 2.65451e+16	9.34e-01	6.58e-02	4.79e-06
 2.65456e+16	9.35e-01	6.50e-02	4.73e-06
 2.65460e+16	9.36e-01	6.42e-02	4.68e-06
 2.65465e+16	9.37e-01	6.34e-02	4.62e-06
 2.65470e+16	9.37e-01	6.25e-02	4.56e-06
 2.65474e+16	9.38e-01	6.17e-02	4.50e-06
 2.65479e+16	9.39e-01	6.10e-02	4.45e-06
 2.65483e+16	9.40e-01	6.02e-02	4.39e-06
 2.65488e+16	9.41e-01	5.94e-02	4.33e-06
 2.65493e+16	9.41e-01	5.86e-02	4.28e-06
 2.65498e+16	9.42e-01	5.77e-02	4.21e-06
 2.65503e+16	9.43e-01	5.69e-02	4.15e-06
 2.65508e+16	9.44e-01	5.61e-02	4.09e-06
 2.65513e+16	9.45e-01	5.54e-02	4.05e-06
 2.65517e+16	9.45e-01	5.47e-02	4.00e-06
 2.65521e+16	9.46e-01	5.40e-02	3.94e-06
 2.65526e+16	9.47e-01	5.32e-02	3.89e-06
 2.65530e+16	9.47e-01	5.26e-02	3.84e-06
 2.65534e+16	9.48e-01	5.20e-02	3.79e-06
 2.65539e+16	9.49e-01	5.12e-02	3.74e-06
 2.65543e+16	9.49e-01	5.05e-02	3.69e-06
 2.65548e+16	9.50e-01	4.99e-02	3.64e-06
 2.65552e+16	9.51e-01	4.92e-02	3.59e-06
 2.65558e+16	9.52e-01	4.85e-02	3.53e-06
 2.65562e+16	9.52e-01	4.79e-02	3.49e-06
 2.65567e+16	9.53e-01	4.71e-02	3.44e-06
 2.65573e+16	9.54e-01	4.64e-02	3.39e-06
 2.65578e+16	9.54e-01	4.57e-02	3.34e-06
 2.65582e+16	9.55e-01	4.51e-02	3.30e-06
 2.65586e+16	9.55e-01	4.46e-02	3.26e-06
 2.65591e+16	9.56e-01	4.40e-02	3.22e-06
 2.65597e+16	9.57e-01	4.32e-02	3.17e-06
 2.65603e+16	9.58e-01	4.24e-02	3.11e-06
 2.65609e+16	9.58e-01	4.17e-02	3.06e-06
 2.65614e+16	9.59e-01	4.11e-02	3.02e-06
 2.65619e+16	9.59e-01	4.06e-02	2.98e-06
 2.65623e+16	9.60e-01	4.00e-02	2.94e-06
 2.65628e+16	9.61e-01	3.94e-02	2.90e-06
 2.65634e+16	9.61e-01	3.87e-02	2.85e-06
 2.65641e+16	9.62e-01	3.80e-02	2.81e-06
 2.65647e+16	9.63e-01	3.73e-02	2.76e-06
 2.65652e+16	9.63e-01	3.68e-02	2.72e-06
 2.65657e+16	9.64e-01	3.62e-02	2.68e-06
 2.65662e+16	9.64e-01	3.58e-02	2.65e-06
 2.65667e+16	9.65e-01	3.52e-02	2.61e-06
 2.65674e+16	9.65e-01	3.46e-02	2.57e-06
 2.65681e+16	9.66e-01	3.39e-02	2.52e-06
 2.65687e+16	9.67e-01	3.33e-02	2.49e-06
 2.65693e+16	9.67e-01	3.28e-02	2.45e-06
 2.65698e+16	9.68e-01	3.23e-02	2.41e-06
 2.65703e+16	9.68e-01	3.18e-02	2.38e-06
 2.65708e+16	9.69e-01	3.14e-02	2.35e-06
 2.65715e+16	9.69e-01	3.07e-02	2.31e-06
 2.65723e+16	9.70e-01	3.01e-02	2.27e-06
 2.65729e+16	9.70e-01	2.96e-02	2.24e-06
 2.65736e+16	9.71e-01	2.91e-02	2.20e-06
 2.65741e+16	9.71e-01	2.86e-02	2.17e-06
 2.65747e+16	9.72e-01	2.81e-02	2.14e-06
 2.65754e+16	9.72e-01	2.76e-02	2.11e-06
 2.65760e+16	9.73e-01	2.72e-02	2.07e-06
 2.65765e+16	9.73e-01	2.68e-02	2.05e-06
 2.65771e+16	9.74e-01	2.63e-02	2.02e-06
 2.65779e+16	9.74e-01	2.57e-02	1.98e-06
 2.65788e+16	9.75e-01	2.52e-02	1.95e-06
 2.65795e+16	9.75e-01	2.47e-02	1.91e-06
 2.65802e+16	9.76e-01	2.42e-02	1.88e-06
 2.65809e+16	9.76e-01	2.38e-02	1.86e-06
 2.65816e+16	9.77e-01	2.34e-02	1.83e-06
 2.65823e+16	9.77e-01	2.29e-02	1.80e-06
 2.65830e+16	9.77e-01	2.25e-02	1.77e-06
 2.65837e+16	9.78e-01	2.21e-02	1.74e-06
 2.65846e+16	9.78e-01	2.16e-02	1.71e-06
 2.65853e+16	9.79e-01	2.12e-02	1.69e-06
 2.65861e+16	9.79e-01	2.08e-02	1.66e-06
 2.65870e+16	9.80e-01	2.03e-02	1.63e-06
 2.65878e+16	9.80e-01	1.99e-02	1.60e-06
 2.65885e+16	9.80e-01	1.95e-02	1.58e-06
 2.65893e+16	9.81e-01	1.91e-02	1.55e-06
 2.65901e+16	9.81e-01	1.87e-02	1.53e-06
 2.65909e+16	9.82e-01	1.84e-02	1.50e-06
 2.65918e+16	9.82e-01	1.80e-02	1.48e-06
 2.65927e+16	9.82e-01	1.76e-02	1.45e-06
 2.65935e+16	9.83e-01	1.72e-02	1.43e-06
 2.65944e+16	9.83e-01	1.68e-02	1.40e-06
 2.65954e+16	9.84e-01	1.64e-02	1.37e-06
 2.65963e+16	9.84e-01	1.60e-02	1.35e-06
 2.65971e+16	9.84e-01	1.57e-02	1.33e-06
 2.65980e+16	9.85e-01	1.54e-02	1.31e-06
 2.65990e+16	9.85e-01	1.50e-02	1.28e-06
 2.65999e+16	9.85e-01	1.47e-02	1.26e-06
 2.66009e+16	9.86e-01	1.43e-02	1.24e-06
 2.66019e+16	9.86e-01	1.40e-02	1.21e-06
 2.66029e+16	9.86e-01	1.37e-02	1.19e-06
 2.66039e+16	9.87e-01	1.33e-02	1.17e-06
 2.66050e+16	9.87e-01	1.30e-02	1.15e-06
 2.66060e+16	9.87e-01	1.27e-02	1.13e-06
 2.66072e+16	9.88e-01	1.23e-02	1.10e-06
 2.66084e+16	9.88e-01	1.20e-02	1.08e-06
 2.66095e+16	9.88e-01	1.17e-02	1.06e-06
 2.66107e+16	9.89e-01	1.13e-02	1.03e-06
 2.66120e+16	9.89e-01	1.10e-02	1.01e-06
 2.66134e+16	9.89e-01	1.06e-02	9.85e-07
 2.66152e+16	9.90e-01	1.02e-02	9.55e-07
 2.66171e+16	9.90e-01	9.79e-03	9.25e-07
 2.66190e+16	9.91e-01	9.39e-03	8.97e-07
 2.66208e+16	9.91e-01	9.01e-03	8.68e-07
 2.66227e+16	9.91e-01	8.63e-03	8.40e-07
 2.66247e+16	9.92e-01	8.25e-03	8.11e-07
 2.66268e+16	9.92e-01	7.88e-03	7.82e-07
 2.66289e+16	9.92e-01	7.53e-03	7.54e-07
 2.66311e+16	9.93e-01	7.18e-03	7.27e-07
 2.66334e+16	9.93e-01	6.84e-03	6.99e-07
 2.66357e+16	9.93e-01	6.51e-03	6.72e-07
 2.66381e+16	9.94e-01	6.19e-03	6.45e-07
 2.66406e+16	9.94e-01	5.88e-03	6.19e-07
 2.66431e+16	9.94e-01	5.58e-03	5.93e-07
 2.66457e+16	9.95e-01	5.30e-03	5.67e-07
 2.66485e+16	9.95e-01	5.02e-03	5.42e-07
 2.66513e+16	9.95e-01	4.75e-03	5.18e-07
 2.66542e+16	9.96e-01	4.49e-03	4.94e-07
 2.66572e+16	9.96e-01	4.25e-03	4.70e-07
 2.66604e+16	9.96e-01	4.01e-03	4.47e-07
 2.66636e+16	9.96e-01	3.79e-03	4.25e-07
 2.66671e+16	9.96e-01	3.57e-03	4.03e-07
 2.66706e+16	9.97e-01	3.36e-03	3.82e-07
 2.66744e+16	9.97e-01	3.17e-03	3.62e-07
 2.66784e+16	9.97e-01	2.98e-03	3.42e-07
 2.66826e+16	9.97e-01	2.80e-03	3.23e-07
 2.66871e+16	9.97e-01	2.63e-03	3.05e-07
 2.66919e+16	9.98e-01	2.47e-03	2.87e-07
 2.66971e+16	9.98e-01	2.32e-03	2.70e-07
 2.67027e+16	9.98e-01	2.17e-03	2.54e-07
 2.67090e+16	9.98e-01	2.04e-03	2.38e-07
 2.67159e+16	9.98e-01	1.91e-03	2.23e-07
 2.67239e+16	9.98e-01	1.78e-03	2.08e-07
 2.67331e+16	9.98e-01	1.67e-03	1.95e-07
 2.67431e+16	9.98e-01	1.57e-03	1.83e-07
 2.67530e+16	9.99e-01	1.49e-03	1.74e-07
 2.67630e+16	9.99e-01	1.43e-03	1.66e-07
 2.67730e+16	9.99e-01	1.39e-03	1.61e-07
 2.67829e+16	9.99e-01	1.35e-03	1.56e-07
 2.67929e+16	9.99e-01	1.32e-03	1.52e-07
 2.68028e+16	9.99e-01	1.30e-03	1.49e-07
 2.68143e+16	9.99e-01	1.27e-03	1.45e-07
 2.68292e+16	9.99e-01	1.25e-03	1.41e-07
 2.68485e+16	9.99e-01	1.22e-03	1.37e-07
 2.68737e+16	9.99e-01	1.19e-03	1.32e-07
 2.69064e+16	9.99e-01	1.15e-03	1.26e-07
 2.69489e+16	9.99e-01	1.12e-03	1.19e-07
 2.70042e+16	9.99e-01	1.07e-03	1.11e-07
 2.70758e+16	9.99e-01	1.01e-03	1.01e-07
 2.71615e+16	9.99e-01	9.58e-04	9.09e-08
 2.72537e+16	9.99e-01	9.04e-04	8.14e-08
 2.73498e+16	9.99e-01	8.53e-04	7.27e-08
 2.74520e+16	9.99e-01	8.02e-04	6.43e-08
 2.75622e+16	9.99e-01	7.51e-04	5.64e-08
 2.76809e+16	9.99e-01	7.01e-04	4.90e-08
 2.78085e+16	9.99e-01	6.50e-04	4.21e-08
 2.79452e+16	9.99e-01	6.01e-04	3.58e-08
 2.80912e+16	9.99e-01	5.51e-04	3.01e-08
 2.82473e+16	9.99e-01	5.03e-04	2.50e-08
 2.84147e+16	1.00e+00	4.55e-04	2.05e-08
 2.85944e+16	1.00e+00	4.09e-04	1.65e-08
 2.87875e+16	1.00e+00	3.64e-04	1.31e-08
 2.89958e+16	1.00e+00	3.21e-04	1.02e-08
 2.92225e+16	1.00e+00	2.80e-04	7.77e-09
 2.94702e+16	1.00e+00	2.41e-04	5.78e-09
 2.97413e+16	1.00e+00	2.05e-04	4.20e-09
 3.00410e+16	1.00e+00	1.71e-04	2.95e-09
 3.03766e+16	1.00e+00	1.40e-04	2.00e-09
 3.07566e+16	1.00e+00	1.13e-04	1.30e-09
 3.11938e+16	1.00e+00	8.76e-05	7.93e-10
 3.17041e+16	1.00e+00	6.59e-05	4.53e-10
 3.22899e+16	1.00e+00	4.80e-05	2.43e-10
 3.29265e+16	1.00e+00	3.44e-05	1.26e-10
 3.35921e+16	1.00e+00	2.46e-05	6.52e-11
 3.42811e+16	1.00e+00	1.76e-05	3.36e-11
 3.49838e+16	1.00e+00	1.26e-05	1.74e-11
 3.56900e+16	1.00e+00	9.15e-06	9.22e-12
 3.64361e+16	1.00e+00	6.54e-06	4.75e-12
 3.72341e+16	1.00e+00	4.63e-06	2.40e-12
 3.80479e+16	1.00e+00	3.29e-06	1.22e-12
 3.88780e+16	1.00e+00	2.35e-06	6.31e-13
 3.97405e+16	1.00e+00	1.67e-06	3.21e-13
 4.06362e+16	1.00e+00	1.18e-06	1.62e-13
 4.15452e+16	1.00e+00	8.42e-07	8.30e-14
 4.24966e+16	1.00e+00	5.91e-07	4.15e-14
 4.35052e+16	1.00e+00	4.11e-07	2.04e-14
 4.45443e+16	1.00e+00	2.87e-07	1.00e-14
 4.56040e+16	1.00e+00	2.00e-07	4.95e-15
 4.66960e+16	1.00e+00	1.37e-07	2.41e-15
 4.78375e+16	1.00e+00	9.42e-08	1.16e-15
 4.90133e+16	1.00e+00	6.47e-08	5.58e-16
 5.02008e+16	1.00e+00	4.44e-08	2.70e-16
 5.13942e+16	1.00e+00	3.04e-08	1.31e-16
 5.26428e+16	1.00e+00	2.08e-08	6.31e-17
 5.39670e+16	1.00e+00	1.39e-08	2.91e-17
 5.51177e+16	1.00e+00	1.01e-08	1.58e-17
 5.62113e+16	1.00e+00	7.34e-09	8.52e-18
 5.75460e+16	1.00e+00	5.04e-09	4.12e-18
 5.90079e+16	1.00e+00	3.39e-09	1.91e-18
 6.05212e+16	1.00e+00	2.29e-09	8.86e-19
 6.20645e+16	1.00e+00	1.54e-09	4.11e-19
 6.36230e+16	1.00e+00	1.04e-09	1.91e-19
 6.51890e+16	1.00e+00	7.09e-10	9.05e-20
 6.67551e+16	1.00e+00	4.91e-10	4.39e-20
 6.83216e+16	1.00e+00	3.42e-10	2.16e-20
 6.98887e+16	1.00e+00	2.40e-10	1.08e-20
 7.14556e+16	1.00e+00	1.70e-10	5.44e-21
 7.30224e+16	1.00e+00	1.21e-10	0.00e+00
 7.45892e+16	1.00e+00	8.70e-11	0.00e+00
 7.61558e+16	1.00e+00	6.29e-11	0.00e+00
 7.77222e+16	1.00e+00	4.58e-11	0.00e+00
 7.92884e+16	1.00e+00	3.36e-11	0.00e+00
 8.08549e+16	1.00e+00	2.48e-11	0.00e+00
 8.24214e+16	1.00e+00	1.84e-11	0.00e+00
 8.39878e+16	1.00e+00	1.37e-11	0.00e+00
 8.55541e+16	1.00e+00	1.03e-11	0.00e+00
 8.71204e+16	1.00e+00	7.78e-12	0.00e+00
 8.86867e+16	1.00e+00	5.90e-12	0.00e+00
 9.04879e+16	1.00e+00	4.29e-12	0.00e+00
 9.25548e+16	1.00e+00	3.02e-12	0.00e+00
 9.46521e+16	1.00e+00	2.14e-12	0.00e+00
 9.68778e+16	1.00e+00	1.49e-12	0.00e+00
 9.92664e+16	1.00e+00	1.03e-12	0.00e+00
 1.01713e+17	1.00e+00	7.07e-13	0.00e+00
 1.04183e+17	1.00e+00	4.91e-13	0.00e+00
 1.07024e+17	1.00e+00	3.24e-13	0.00e+00
 1.10717e+17	1.00e+00	1.92e-13	0.00e+00
 1.14761e+17	1.00e+00	1.14e-13	0.00e+00
 1.18582e+17	1.00e+00	7.11e-14	0.00e+00
 1.22366e+17	1.00e+00	4.61e-14	0.00e+00
 1.26314e+17	1.00e+00	3.06e-14	0.00e+00
 1.30426e+17	1.00e+00	2.09e-14	0.00e+00
 1.34633e+17	1.00e+00	1.51e-14	0.00e+00
 1.38923e+17	1.00e+00	1.16e-14	0.00e+00
 1.43303e+17	1.00e+00	9.37e-15	0.00e+00
 1.47764e+17	1.00e+00	8.01e-15	0.00e+00
 1.52291e+17	1.00e+00	7.15e-15	0.00e+00
 1.56866e+17	1.00e+00	6.60e-15	0.00e+00
 1.61475e+17	1.00e+00	6.24e-15	0.00e+00
 1.66095e+17	1.00e+00	6.00e-15	0.00e+00
 1.70709e+17	1.00e+00	5.84e-15	0.00e+00
 1.75288e+17	1.00e+00	5.73e-15	0.00e+00
 1.79805e+17	1.00e+00	5.66e-15	0.00e+00
 1.84248e+17	1.00e+00	5.61e-15	0.00e+00
 1.88589e+17	1.00e+00	5.59e-15	0.00e+00
 1.92803e+17	1.00e+00	5.58e-15	0.00e+00
 1.96881e+17	1.00e+00	5.59e-15	0.00e+00
 2.00811e+17	1.00e+00	5.61e-15	0.00e+00
 2.04584e+17	1.00e+00	5.64e-15	0.00e+00
 2.08187e+17	1.00e+00	5.67e-15	0.00e+00
 2.11613e+17	1.00e+00	5.72e-15	0.00e+00
 2.14871e+17	1.00e+00	5.76e-15	0.00e+00
 2.17962e+17	1.00e+00	5.81e-15	0.00e+00
 2.20890e+17	1.00e+00	5.85e-15	0.00e+00
 2.23660e+17	1.00e+00	5.90e-15	0.00e+00
 2.26274e+17	1.00e+00	5.94e-15	0.00e+00
 2.28743e+17	1.00e+00	5.99e-15	0.00e+00
 2.31073e+17	1.00e+00	6.03e-15	0.00e+00
 2.33273e+17	1.00e+00	6.07e-15	0.00e+00
 2.35351e+17	1.00e+00	6.10e-15	0.00e+00
 2.37313e+17	1.00e+00	6.14e-15	0.00e+00
 2.39165e+17	1.00e+00	6.17e-15	0.00e+00
 2.40914e+17	1.00e+00	6.20e-15	0.00e+00
 2.42567e+17	1.00e+00	6.23e-15	0.00e+00
 2.44130e+17	1.00e+00	6.25e-15	0.00e+00
 2.45608e+17	1.00e+00	6.28e-15	0.00e+00
 2.47007e+17	1.00e+00	6.30e-15	0.00e+00
 2.48330e+17	1.00e+00	6.32e-15	0.00e+00
 2.49583e+17	1.00e+00	6.34e-15	0.00e+00
 2.50770e+17	1.00e+00	6.36e-15	0.00e+00
 2.51895e+17	1.00e+00	6.37e-15	0.00e+00
 2.52961e+17	1.00e+00	6.39e-15	0.00e+00
 2.53973e+17	1.00e+00	6.40e-15	0.00e+00
 2.54933e+17	1.00e+00	6.42e-15	0.00e+00
 2.55845e+17	1.00e+00	6.43e-15	0.00e+00
 2.56711e+17	1.00e+00	6.44e-15	0.00e+00
 2.57534e+17	1.00e+00	6.45e-15	0.00e+00
 2.58317e+17	1.00e+00	6.46e-15	0.00e+00
 2.59062e+17	1.00e+00	6.47e-15	0.00e+00
 2.59772e+17	1.00e+00	6.47e-15	0.00e+00
 2.60448e+17	1.00e+00	6.48e-15	0.00e+00
 2.61092e+17	1.00e+00	6.49e-15	0.00e+00
 2.61707e+17	1.00e+00	6.49e-15	0.00e+00
 2.62294e+17	1.00e+00	6.50e-15	0.00e+00
 2.62855e+17	1.00e+00	6.50e-15	0.00e+00
 2.63392e+17	1.00e+00	6.51e-15	0.00e+00
 2.63906e+17	1.00e+00	6.51e-15	0.00e+00
 2.64398e+17	1.00e+00	6.52e-15	0.00e+00
 2.64871e+17	1.00e+00	6.52e-15	0.00e+00
 2.65325e+17	1.00e+00	6.52e-15	0.00e+00
 2.65763e+17	1.00e+00	6.53e-15	0.00e+00
 2.66184e+17	1.00e+00	6.53e-15	0.00e+00
 2.66591e+17	1.00e+00	6.53e-15	0.00e+00
 2.66984e+17	1.00e+00	6.53e-15	0.00e+00
 2.67366e+17	1.00e+00	6.53e-15	0.00e+00
 2.67736e+17	1.00e+00	6.54e-15	0.00e+00
 2.68097e+17	1.00e+00	6.54e-15	0.00e+00
 2.68450e+17	1.00e+00	6.54e-15	0.00e+00
 2.68796e+17	1.00e+00	6.54e-15	0.00e+00
 2.69136e+17	1.00e+00	6.54e-15	0.00e+00
 2.69472e+17	1.00e+00	6.54e-15	0.00e+00
 2.69805e+17	1.00e+00	6.54e-15	0.00e+00
 2.70137e+17	1.00e+00	6.54e-15	0.00e+00
 2.70470e+17	1.00e+00	6.53e-15	0.00e+00
 2.70806e+17	1.00e+00	6.53e-15	0.00e+00
 2.71147e+17	1.00e+00	6.53e-15	0.00e+00
 2.71497e+17	1.00e+00	6.53e-15	0.00e+00
 2.71858e+17	1.00e+00	6.52e-15	0.00e+00
 2.72236e+17	1.00e+00	6.52e-15	0.00e+00
 2.72635e+17	1.00e+00	6.51e-15	0.00e+00
 2.73063e+17	1.00e+00	6.50e-15	0.00e+00
 2.73528e+17	1.00e+00	6.49e-15	0.00e+00
 2.74044e+17	1.00e+00	6.48e-15	0.00e+00
 2.74628e+17	1.00e+00	6.46e-15	0.00e+00
 2.75303e+17	1.00e+00	6.43e-15	0.00e+00
 2.76107e+17	1.00e+00	6.40e-15	0.00e+00
 2.77092e+17	1.00e+00	6.34e-15	0.00e+00
 2.78342e+17	1.00e+00	6.26e-15	0.00e+00
 2.79960e+17	1.00e+00	6.13e-15	0.00e+00
 2.82063e+17	1.00e+00	5.92e-15	0.00e+00
 2.84798e+17	1.00e+00	5.62e-15	0.00e+00
 2.88352e+17	1.00e+00	5.21e-15	0.00e+00
 2.92974e+17	1.00e+00	4.67e-15	0.00e+00
 2.98981e+17	1.00e+00	4.02e-15	0.00e+00
 3.06791e+17	1.00e+00	3.27e-15	0.00e+00
 3.16944e+17	1.00e+00	2.46e-15	0.00e+00
 3.29136e+17	1.00e+00	1.68e-15	0.00e+00
 3.42301e+17	1.00e+00	1.28e-15	0.00e+00
 3.55993e+17	1.00e+00	1.10e-15	0.00e+00
 3.70233e+17	1.00e+00	9.54e-16	0.00e+00
 3.85042e+17	1.00e+00	8.15e-16	0.00e+00
 3.99763e+17	1.00e+00	6.86e-16	0.00e+00
 4.13284e+17	1.00e+00	6.77e-16	0.00e+00
 4.25324e+17	1.00e+00	7.47e-16	0.00e+00
 4.36382e+17	1.00e+00	7.95e-16	0.00e+00
 4.46921e+17	1.00e+00	7.79e-16	0.00e+00
 4.56919e+17	1.00e+00	7.33e-16	0.00e+00
 4.66060e+17	1.00e+00	7.01e-16	0.00e+00
 4.74146e+17	1.00e+00	6.93e-16	0.00e+00
 4.81276e+17	1.00e+00	6.88e-16	0.00e+00
 4.87695e+17	1.00e+00	6.68e-16	0.00e+00
 4.93017e+17	1.00e+00	6.32e-16	0.00e+00
 4.96647e+17	1.00e+00	6.39e-16	0.00e+00
 4.98805e+17	1.00e+00	6.64e-16	0.00e+00
 5.00065e+17	1.00e+00	6.82e-16	0.00e+00
 5.00820e+17	1.00e+00	6.93e-16	0.00e+00
 5.01284e+17	1.00e+00	7.00e-16	0.00e+00
 5.01634e+17	1.00e+00	7.04e-16	0.00e+00
 5.02007e+17	1.00e+00	7.06e-16	0.00e+00
 5.02430e+17	1.00e+00	7.08e-16	0.00e+00
 5.02835e+17	1.00e+00	7.09e-16	0.00e+00
 5.03156e+17	1.00e+00	7.10e-16	0.00e+00
 5.03452e+17	1.00e+00	7.10e-16	0.00e+00
 5.03769e+17	1.00e+00	7.10e-16	0.00e+00
 5.04056e+17	1.00e+00	7.09e-16	0.00e+00
 5.04297e+17	1.00e+00	7.08e-16	0.00e+00
 5.04532e+17	1.00e+00	7.07e-16	0.00e+00
 5.04783e+17	1.00e+00	7.05e-16	0.00e+00
 5.05021e+17	1.00e+00	7.04e-16	0.00e+00
 5.05232e+17	1.00e+00	7.02e-16	0.00e+00
 5.05425e+17	1.00e+00	7.00e-16	0.00e+00
 5.05610e+17	1.00e+00	6.99e-16	0.00e+00
 5.05800e+17	1.00e+00	6.97e-16	0.00e+00
 5.05990e+17	1.00e+00	6.95e-16	0.00e+00
 5.06165e+17	1.00e+00	6.93e-16	0.00e+00
 5.06326e+17	1.00e+00	6.91e-16	0.00e+00
 5.06478e+17	1.00e+00	6.90e-16	0.00e+00
 5.06629e+17	1.00e+00	6.88e-16	0.00e+00
 5.06782e+17	1.00e+00	6.86e-16	0.00e+00
 5.06935e+17	1.00e+00	6.83e-16	0.00e+00
 5.07082e+17	1.00e+00	6.82e-16	0.00e+00
 5.07224e+17	1.00e+00	6.80e-16	0.00e+00
 5.07362e+17	1.00e+00	6.78e-16	0.00e+00
 5.07498e+17	1.00e+00	6.76e-16	0.00e+00
 5.07632e+17	1.00e+00	6.74e-16	0.00e+00
 5.07767e+17	1.00e+00	6.72e-16	0.00e+00
 5.07903e+17	1.00e+00	6.69e-16	0.00e+00
 5.08038e+17	1.00e+00	6.67e-16	0.00e+00
 5.08173e+17	1.00e+00	6.64e-16	0.00e+00
 5.08302e+17	1.00e+00	6.62e-16	0.00e+00
 5.08431e+17	1.00e+00	6.62e-16	0.00e+00
 5.08568e+17	1.00e+00	6.57e-16	0.00e+00
 5.08709e+17	1.00e+00	6.53e-16	0.00e+00
 5.08850e+17	1.00e+00	6.50e-16	0.00e+00
 5.08990e+17	1.00e+00	6.47e-16	0.00e+00
 5.09130e+17	1.00e+00	6.44e-16	0.00e+00
 5.09270e+17	1.00e+00	6.41e-16	0.00e+00
 5.09410e+17	1.00e+00	6.37e-16	0.00e+00
 5.09561e+17	1.00e+00	6.34e-16	0.00e+00
 5.09723e+17	1.00e+00	6.29e-16	0.00e+00
 5.09884e+17	1.00e+00	6.25e-16	0.00e+00
 5.10038e+17	1.00e+00	6.22e-16	0.00e+00
 5.10197e+17	1.00e+00	6.19e-16	0.00e+00
 5.10375e+17	1.00e+00	6.14e-16	0.00e+00
 5.10551e+17	1.00e+00	6.09e-16	0.00e+00
 5.10711e+17	1.00e+00	6.05e-16	0.00e+00
 5.10877e+17	1.00e+00	6.01e-16	0.00e+00
 5.11068e+17	1.00e+00	5.96e-16	0.00e+00
 5.11265e+17	1.00e+00	5.90e-16	0.00e+00
 5.11452e+17	1.00e+00	5.85e-16	0.00e+00
 5.11643e+17	1.00e+00	5.80e-16	0.00e+00
 5.11847e+17	1.00e+00	5.75e-16	0.00e+00
 5.12059e+17	1.00e+00	5.69e-16	0.00e+00
 5.12267e+17	1.00e+00	5.63e-16	0.00e+00
 5.12476e+17	1.00e+00	5.57e-16	0.00e+00
 5.12699e+17	1.00e+00	5.51e-16	0.00e+00
 5.12931e+17	1.00e+00	5.45e-16	0.00e+00
 5.13168e+17	1.00e+00	5.38e-16	0.00e+00
 5.13407e+17	1.00e+00	5.31e-16	0.00e+00
 5.13650e+17	1.00e+00	5.24e-16	0.00e+00
 5.13900e+17	1.00e+00	5.17e-16	0.00e+00
 5.14151e+17	1.00e+00	5.10e-16	0.00e+00
 5.14422e+17	1.00e+00	5.02e-16	0.00e+00
 5.14710e+17	1.00e+00	4.93e-16	0.00e+00
 5.14990e+17	1.00e+00	4.85e-16	0.00e+00
 5.15269e+17	1.00e+00	4.77e-16	0.00e+00
 5.15561e+17	1.00e+00	4.69e-16	0.00e+00
 5.15867e+17	1.00e+00	4.60e-16	0.00e+00
 5.16183e+17	1.00e+00	4.50e-16	0.00e+00
 5.16500e+17	1.00e+00	4.41e-16	0.00e+00
 5.16819e+17	1.00e+00	4.32e-16	0.00e+00
 5.17142e+17	1.00e+00	4.23e-16	0.00e+00
 5.17484e+17	1.00e+00	4.13e-16	0.00e+00
 5.17846e+17	1.00e+00	4.03e-16	0.00e+00
 5.18209e+17	1.00e+00	3.92e-16	0.00e+00
 5.18566e+17	1.00e+00	3.82e-16	0.00e+00
 5.18921e+17	1.00e+00	3.72e-16	0.00e+00
 5.19299e+17	1.00e+00	3.62e-16	0.00e+00
 5.19702e+17	1.00e+00	3.51e-16	0.00e+00
 5.20112e+17	1.00e+00	3.40e-16	0.00e+00
 5.20514e+17	1.00e+00	3.29e-16	0.00e+00
 5.20921e+17	1.00e+00	3.19e-16	0.00e+00
 5.21344e+17	1.00e+00	3.08e-16	0.00e+00
 5.21783e+17	1.00e+00	2.96e-16	0.00e+00
 5.22225e+17	1.00e+00	2.85e-16	0.00e+00
 5.22670e+17	1.00e+00	2.74e-16	0.00e+00
 5.23125e+17	1.00e+00	2.63e-16	0.00e+00
 5.23604e+17	1.00e+00	2.52e-16	0.00e+00
 5.24097e+17	1.00e+00	2.41e-16	0.00e+00
 5.24592e+17	1.00e+00	2.30e-16	0.00e+00
 5.25095e+17	1.00e+00	2.19e-16	0.00e+00
 5.25594e+17	1.00e+00	2.08e-16	0.00e+00
 5.26107e+17	1.00e+00	1.98e-16	0.00e+00
 5.26646e+17	1.00e+00	1.87e-16	0.00e+00
 5.27205e+17	1.00e+00	1.77e-16	0.00e+00
 5.27785e+17	1.00e+00	1.66e-16	0.00e+00
 5.28381e+17	1.00e+00	1.56e-16	0.00e+00
 5.28980e+17	1.00e+00	1.45e-16	0.00e+00
 5.29586e+17	1.00e+00	1.36e-16	0.00e+00
 5.30216e+17	1.00e+00	1.26e-16	0.00e+00
 5.30871e+17	1.00e+00	1.17e-16	0.00e+00
 5.31502e+17	1.00e+00	1.08e-16	0.00e+00
 5.32055e+17	1.00e+00	1.01e-16	0.00e+00
 5.32539e+17	1.00e+00	9.44e-17	0.00e+00
 5.32988e+17	1.00e+00	8.91e-17	0.00e+00
 5.33426e+17	1.00e+00	8.43e-17	0.00e+00
 5.33854e+17	1.00e+00	7.97e-17	0.00e+00
 5.34261e+17	1.00e+00	7.54e-17	0.00e+00
 5.34643e+17	1.00e+00	7.16e-17	0.00e+00
 5.35005e+17	1.00e+00	6.81e-17	0.00e+00
 5.35354e+17	1.00e+00	6.49e-17	0.00e+00
 5.35692e+17	1.00e+00	6.19e-17	0.00e+00
 5.36017e+17	1.00e+00	5.90e-17	0.00e+00
 5.36330e+17	1.00e+00	5.64e-17	0.00e+00
 5.36631e+17	1.00e+00	5.39e-17	0.00e+00
 5.36920e+17	1.00e+00	5.16e-17	0.00e+00
 5.37199e+17	1.00e+00	4.95e-17	0.00e+00
 5.37469e+17	1.00e+00	4.74e-17	0.00e+00
 5.37729e+17	1.00e+00	4.55e-17	0.00e+00
 5.37981e+17	1.00e+00	4.37e-17	0.00e+00
 5.38225e+17	1.00e+00	4.19e-17	0.00e+00
 5.38460e+17	1.00e+00	4.04e-17	0.00e+00
 5.38687e+17	1.00e+00	3.88e-17	0.00e+00
 5.38906e+17	1.00e+00	3.73e-17	0.00e+00
 5.39117e+17	1.00e+00	3.60e-17	0.00e+00
 5.39325e+17	1.00e+00	3.48e-17	0.00e+00
 5.39531e+17	1.00e+00	3.36e-17	0.00e+00
 5.39733e+17	1.00e+00	3.24e-17	0.00e+00
 5.39926e+17	1.00e+00	3.12e-17	0.00e+00
 5.40112e+17	1.00e+00	3.02e-17	0.00e+00
 5.40295e+17	1.00e+00	2.92e-17	0.00e+00
 5.40476e+17	1.00e+00	2.82e-17	0.00e+00
 5.40682e+17	1.00e+00	2.73e-17	0.00e+00
 5.40951e+17	1.00e+00	2.62e-17	0.00e+00
 5.41300e+17	1.00e+00	2.47e-17	0.00e+00
 5.41754e+17	1.00e+00	2.29e-17	0.00e+00
 5.42345e+17	1.00e+00	2.04e-17	0.00e+00
 5.43112e+17	1.00e+00	1.79e-17	0.00e+00
 5.43970e+17	1.00e+00	1.51e-17	0.00e+00
 5.44730e+17	1.00e+00	1.27e-17	0.00e+00
 5.45336e+17	1.00e+00	1.11e-17	0.00e+00
 5.45861e+17	1.00e+00	9.97e-18	0.00e+00
 5.46394e+17	1.00e+00	8.97e-18	0.00e+00
 5.46971e+17	1.00e+00	8.01e-18	0.00e+00
 5.47565e+17	1.00e+00	7.09e-18	0.00e+00
