#depth	O	O+	O+2	O+3	O+4	O+5	O+6	O+7	O+8	O[1]	O[2]	O[3]
 1.49634e+10	0.00e+00	0.00e+00	2.29e-33	8.20e-24	2.58e-15	4.86e-08	1.00e+00	9.19e-13	0.00e+00	0.00e+00	0.00e+00	0.00e+00
 4.54887e+10	0.00e+00	6.81e-44	3.15e-33	1.04e-23	3.02e-15	5.26e-08	1.00e+00	0.00e+00	0.00e+00	0.00e+00	0.00e+00	0.00e+00
 7.72350e+10	0.00e+00	0.00e+00	4.31e-33	1.32e-23	3.53e-15	5.70e-08	1.00e+00	0.00e+00	0.00e+00	0.00e+00	0.00e+00	0.00e+00
 1.10251e+11	0.00e+00	1.50e-43	5.91e-33	1.67e-23	4.14e-15	6.17e-08	1.00e+00	0.00e+00	0.00e+00	0.00e+00	0.00e+00	0.00e+00
 1.44588e+11	0.00e+00	0.00e+00	8.09e-33	2.11e-23	4.85e-15	6.67e-08	1.00e+00	0.00e+00	0.00e+00	0.00e+00	0.00e+00	0.00e+00
 1.80298e+11	0.00e+00	3.29e-43	1.11e-32	2.68e-23	5.69e-15	7.23e-08	1.00e+00	0.00e+00	0.00e+00	0.00e+00	0.00e+00	0.00e+00
 2.17437e+11	0.00e+00	0.00e+00	1.52e-32	3.40e-23	6.66e-15	7.83e-08	1.00e+00	0.00e+00	0.00e+00	0.00e+00	0.00e+00	0.00e+00
 2.56061e+11	0.00e+00	7.23e-43	2.09e-32	4.31e-23	7.81e-15	8.48e-08	1.00e+00	0.00e+00	0.00e+00	0.00e+00	0.00e+00	0.00e+00
 2.96231e+11	0.00e+00	0.00e+00	2.86e-32	5.46e-23	9.16e-15	9.18e-08	1.00e+00	0.00e+00	0.00e+00	0.00e+00	0.00e+00	0.00e+00
 3.38007e+11	0.00e+00	1.59e-42	3.92e-32	6.92e-23	1.07e-14	9.94e-08	1.00e+00	0.00e+00	0.00e+00	0.00e+00	0.00e+00	0.00e+00
 3.81454e+11	0.00e+00	0.00e+00	5.38e-32	8.78e-23	1.26e-14	1.08e-07	1.00e+00	0.00e+00	0.00e+00	0.00e+00	0.00e+00	0.00e+00
 4.26639e+11	0.00e+00	3.50e-42	7.38e-32	1.11e-22	1.48e-14	1.17e-07	1.00e+00	0.00e+00	0.00e+00	0.00e+00	0.00e+00	0.00e+00
 4.73631e+11	0.00e+00	0.00e+00	1.01e-31	1.41e-22	1.73e-14	1.26e-07	1.00e+00	0.00e+00	0.00e+00	0.00e+00	0.00e+00	0.00e+00
 5.22503e+11	0.00e+00	7.72e-42	1.39e-31	1.79e-22	2.03e-14	1.37e-07	1.00e+00	0.00e+00	0.00e+00	0.00e+00	0.00e+00	0.00e+00
 5.73330e+11	0.00e+00	0.00e+00	1.91e-31	2.28e-22	2.39e-14	1.48e-07	1.00e+00	0.00e+00	0.00e+00	0.00e+00	0.00e+00	0.00e+00
 6.23295e+11	0.00e+00	1.67e-41	2.58e-31	2.86e-22	2.78e-14	1.60e-07	1.00e+00	0.00e+00	0.00e+00	0.00e+00	0.00e+00	0.00e+00
 6.71381e+11	0.00e+00	0.00e+00	3.41e-31	3.52e-22	3.20e-14	1.72e-07	1.00e+00	0.00e+00	0.00e+00	0.00e+00	0.00e+00	0.00e+00
 7.24286e+11	0.00e+00	3.41e-41	4.58e-31	4.40e-22	3.72e-14	1.86e-07	1.00e+00	0.00e+00	0.00e+00	0.00e+00	0.00e+00	0.00e+00
 7.83184e+11	0.00e+00	0.00e+00	6.29e-31	5.60e-22	4.37e-14	2.01e-07	1.00e+00	0.00e+00	0.00e+00	0.00e+00	0.00e+00	0.00e+00
 8.42622e+11	0.00e+00	7.45e-41	8.57e-31	7.06e-22	5.11e-14	2.18e-07	1.00e+00	0.00e+00	0.00e+00	0.00e+00	0.00e+00	0.00e+00
 9.04437e+11	0.00e+00	0.00e+00	1.17e-30	8.92e-22	5.97e-14	2.36e-07	1.00e+00	0.00e+00	0.00e+00	0.00e+00	0.00e+00	0.00e+00
 9.70541e+11	0.00e+00	1.63e-40	1.60e-30	1.13e-21	7.03e-14	2.56e-07	1.00e+00	0.00e+00	0.00e+00	0.00e+00	0.00e+00	0.00e+00
 1.03929e+12	0.00e+00	0.00e+00	2.21e-30	1.44e-21	8.26e-14	2.78e-07	1.00e+00	0.00e+00	0.00e+00	0.00e+00	0.00e+00	0.00e+00
 1.11079e+12	0.00e+00	3.60e-40	3.04e-30	1.84e-21	9.72e-14	3.01e-07	1.00e+00	0.00e+00	0.00e+00	0.00e+00	0.00e+00	0.00e+00
 1.18515e+12	0.00e+00	0.00e+00	4.18e-30	2.34e-21	1.14e-13	3.27e-07	1.00e+00	0.00e+00	0.00e+00	0.00e+00	0.00e+00	0.00e+00
 1.26248e+12	0.00e+00	7.98e-40	5.75e-30	2.98e-21	1.35e-13	3.56e-07	1.00e+00	0.00e+00	0.00e+00	0.00e+00	0.00e+00	0.00e+00
 1.34291e+12	0.00e+00	0.00e+00	7.91e-30	3.79e-21	1.59e-13	3.86e-07	1.00e+00	0.00e+00	0.00e+00	0.00e+00	0.00e+00	0.00e+00
 1.42655e+12	0.00e+00	1.77e-39	1.09e-29	4.83e-21	1.87e-13	4.20e-07	1.00e+00	0.00e+00	0.00e+00	0.00e+00	0.00e+00	0.00e+00
 1.51354e+12	0.00e+00	0.00e+00	1.50e-29	6.16e-21	2.21e-13	4.56e-07	1.00e+00	0.00e+00	0.00e+00	0.00e+00	0.00e+00	0.00e+00
 1.59473e+12	0.00e+00	3.77e-39	2.00e-29	7.66e-21	2.56e-13	4.92e-07	1.00e+00	0.00e+00	0.00e+00	0.00e+00	0.00e+00	0.00e+00
 1.66637e+12	0.00e+00	0.00e+00	2.56e-29	9.24e-21	2.90e-13	5.25e-07	1.00e+00	0.00e+00	0.00e+00	0.00e+00	0.00e+00	0.00e+00
 1.74637e+12	0.00e+00	7.12e-39	3.34e-29	1.13e-20	3.33e-13	5.63e-07	1.00e+00	0.00e+00	0.00e+00	0.00e+00	0.00e+00	0.00e+00
 1.84239e+12	0.00e+00	0.00e+00	4.55e-29	1.43e-20	3.91e-13	6.11e-07	1.00e+00	0.00e+00	0.00e+00	0.00e+00	0.00e+00	0.00e+00
 1.93903e+12	0.00e+00	1.52e-38	6.15e-29	1.80e-20	4.57e-13	6.61e-07	1.00e+00	0.00e+00	0.00e+00	0.00e+00	0.00e+00	0.00e+00
 2.02823e+12	0.00e+00	0.00e+00	8.03e-29	2.20e-20	5.25e-13	7.10e-07	1.00e+00	0.00e+00	0.00e+00	0.00e+00	0.00e+00	0.00e+00
 2.12794e+12	0.00e+00	3.02e-38	1.07e-28	2.75e-20	6.11e-13	7.66e-07	1.00e+00	0.00e+00	0.00e+00	0.00e+00	0.00e+00	0.00e+00
 2.24296e+12	0.00e+00	0.00e+00	1.48e-28	3.51e-20	7.23e-13	8.35e-07	1.00e+00	0.00e+00	0.00e+00	0.00e+00	0.00e+00	0.00e+00
 2.35544e+12	0.00e+00	6.55e-38	2.00e-28	4.43e-20	8.47e-13	9.06e-07	1.00e+00	0.00e+00	0.00e+00	0.00e+00	0.00e+00	0.00e+00
 2.46301e+12	0.00e+00	0.00e+00	2.65e-28	5.48e-20	9.80e-13	9.76e-07	1.00e+00	0.00e+00	0.00e+00	0.00e+00	0.00e+00	0.00e+00
 2.58204e+12	0.00e+00	1.34e-37	3.57e-28	6.88e-20	1.15e-12	1.06e-06	1.00e+00	0.00e+00	0.00e+00	0.00e+00	0.00e+00	0.00e+00
 2.71525e+12	0.00e+00	0.00e+00	4.93e-28	8.81e-20	1.36e-12	1.15e-06	1.00e+00	0.00e+00	0.00e+00	0.00e+00	0.00e+00	0.00e+00
 2.85065e+12	0.00e+00	2.94e-37	6.75e-28	1.12e-19	1.61e-12	1.26e-06	1.00e+00	0.00e+00	0.00e+00	0.00e+00	0.00e+00	0.00e+00
 2.99145e+12	0.00e+00	0.00e+00	9.24e-28	1.43e-19	1.90e-12	1.37e-06	1.00e+00	0.00e+00	0.00e+00	0.00e+00	0.00e+00	0.00e+00
 3.14104e+12	0.00e+00	6.44e-37	1.27e-27	1.83e-19	2.25e-12	1.50e-06	1.00e+00	0.00e+00	0.00e+00	0.00e+00	0.00e+00	0.00e+00
 3.29661e+12	0.00e+00	0.00e+00	1.76e-27	2.34e-19	2.67e-12	1.64e-06	1.00e+00	0.00e+00	0.00e+00	0.00e+00	0.00e+00	0.00e+00
 3.45840e+12	0.00e+00	1.42e-36	2.42e-27	2.99e-19	3.17e-12	1.79e-06	1.00e+00	0.00e+00	0.00e+00	0.00e+00	0.00e+00	0.00e+00
 3.62666e+12	1.86e-46	2.11e-36	3.34e-27	3.83e-19	3.77e-12	1.96e-06	1.00e+00	0.00e+00	0.00e+00	0.00e+00	0.00e+00	0.00e+00
 3.80165e+12	0.00e+00	0.00e+00	4.59e-27	4.91e-19	4.48e-12	2.14e-06	1.00e+00	0.00e+00	0.00e+00	0.00e+00	0.00e+00	0.00e+00
 3.98365e+12	0.00e+00	4.61e-36	6.32e-27	6.29e-19	5.33e-12	2.34e-06	1.00e+00	0.00e+00	0.00e+00	0.00e+00	0.00e+00	0.00e+00
 4.17292e+12	7.57e-46	6.82e-36	8.69e-27	8.05e-19	6.34e-12	2.57e-06	1.00e+00	0.00e+00	0.00e+00	0.00e+00	0.00e+00	0.00e+00
 4.36976e+12	0.00e+00	0.00e+00	1.19e-26	1.03e-18	7.54e-12	2.81e-06	1.00e+00	0.00e+00	0.00e+00	0.00e+00	0.00e+00	0.00e+00
 4.57448e+12	0.00e+00	1.48e-35	1.64e-26	1.32e-18	8.98e-12	3.08e-06	1.00e+00	0.00e+00	0.00e+00	0.00e+00	0.00e+00	0.00e+00
 4.78739e+12	3.03e-45	2.18e-35	2.25e-26	1.69e-18	1.07e-11	3.38e-06	1.00e+00	0.00e+00	0.00e+00	0.00e+00	0.00e+00	0.00e+00
 5.00881e+12	0.00e+00	0.00e+00	3.09e-26	2.16e-18	1.27e-11	3.70e-06	1.00e+00	0.00e+00	0.00e+00	0.00e+00	0.00e+00	0.00e+00
 5.23378e+12	0.00e+00	4.65e-35	4.19e-26	2.75e-18	1.51e-11	4.06e-06	1.00e+00	0.00e+00	0.00e+00	0.00e+00	0.00e+00	0.00e+00
 5.46775e+12	1.16e-44	6.74e-35	5.70e-26	3.49e-18	1.79e-11	4.44e-06	1.00e+00	0.00e+00	0.00e+00	0.00e+00	0.00e+00	0.00e+00
 5.71639e+12	0.00e+00	9.84e-35	7.78e-26	4.47e-18	2.13e-11	4.88e-06	1.00e+00	0.00e+00	0.00e+00	0.00e+00	0.00e+00	0.00e+00
 5.97497e+12	2.84e-44	1.43e-34	1.06e-25	5.70e-18	2.54e-11	5.36e-06	1.00e+00	0.00e+00	0.00e+00	0.00e+00	0.00e+00	0.00e+00
 6.23351e+12	0.00e+00	2.05e-34	1.43e-25	7.22e-18	3.00e-11	5.86e-06	1.00e+00	0.00e+00	0.00e+00	0.00e+00	0.00e+00	0.00e+00
 6.48677e+12	6.46e-44	2.87e-34	1.89e-25	9.01e-18	3.52e-11	6.39e-06	1.00e+00	0.00e+00	0.00e+00	0.00e+00	0.00e+00	0.00e+00
 6.76055e+12	0.00e+00	4.07e-34	2.52e-25	1.13e-17	4.16e-11	6.99e-06	1.00e+00	0.00e+00	0.00e+00	0.00e+00	0.00e+00	0.00e+00
 7.06090e+12	1.50e-43	5.86e-34	3.42e-25	1.45e-17	4.95e-11	7.69e-06	1.00e+00	0.00e+00	0.00e+00	0.00e+00	0.00e+00	0.00e+00
 7.36708e+12	0.00e+00	8.34e-34	4.60e-25	1.83e-17	5.88e-11	8.45e-06	1.00e+00	0.00e+00	0.00e+00	0.00e+00	0.00e+00	0.00e+00
 7.68551e+12	3.43e-43	1.18e-33	6.18e-25	2.32e-17	6.98e-11	9.28e-06	1.00e+00	0.00e+00	0.00e+00	0.00e+00	0.00e+00	0.00e+00
 8.02285e+12	0.00e+00	1.69e-33	8.32e-25	2.95e-17	8.31e-11	1.02e-05	1.00e+00	0.00e+00	0.00e+00	0.00e+00	0.00e+00	0.00e+00
 8.37370e+12	7.82e-43	2.39e-33	1.12e-24	3.75e-17	9.90e-11	1.13e-05	1.00e+00	0.00e+00	0.00e+00	0.00e+00	0.00e+00	0.00e+00
 8.73857e+12	0.00e+00	3.38e-33	1.50e-24	4.77e-17	1.18e-10	1.24e-05	1.00e+00	0.00e+00	0.00e+00	0.00e+00	0.00e+00	0.00e+00
 9.07000e+12	1.66e-42	4.56e-33	1.93e-24	5.87e-17	1.37e-10	1.35e-05	1.00e+00	0.00e+00	0.00e+00	0.00e+00	0.00e+00	0.00e+00
 9.34793e+12	0.00e+00	5.80e-33	2.38e-24	6.95e-17	1.55e-10	1.45e-05	1.00e+00	0.00e+00	0.00e+00	0.00e+00	0.00e+00	0.00e+00
 9.65270e+12	2.95e-42	7.48e-33	2.96e-24	8.31e-17	1.77e-10	1.56e-05	1.00e+00	0.00e+00	0.00e+00	0.00e+00	0.00e+00	0.00e+00
 1.00364e+13	0.00e+00	1.02e-32	3.85e-24	1.03e-16	2.07e-10	1.71e-05	1.00e+00	0.00e+00	0.00e+00	0.00e+00	0.00e+00	0.00e+00
 1.04336e+13	5.94e-42	1.37e-32	4.99e-24	1.28e-16	2.43e-10	1.87e-05	1.00e+00	0.00e+00	0.00e+00	0.00e+00	0.00e+00	0.00e+00
 1.07840e+13	0.00e+00	1.77e-32	6.23e-24	1.54e-16	2.78e-10	2.02e-05	1.00e+00	0.00e+00	0.00e+00	0.00e+00	0.00e+00	0.00e+00
 1.11629e+13	1.08e-41	2.31e-32	7.85e-24	1.87e-16	3.20e-10	2.19e-05	1.00e+00	0.00e+00	0.00e+00	0.00e+00	0.00e+00	0.00e+00
 1.16195e+13	0.00e+00	3.14e-32	1.02e-23	2.34e-16	3.76e-10	2.41e-05	1.00e+00	0.00e+00	0.00e+00	0.00e+00	0.00e+00	0.00e+00
 1.20754e+13	2.13e-41	4.19e-32	1.32e-23	2.90e-16	4.40e-10	2.64e-05	1.00e+00	0.00e+00	0.00e+00	0.00e+00	0.00e+00	0.00e+00
 1.24878e+13	0.00e+00	5.41e-32	1.65e-23	3.49e-16	5.03e-10	2.86e-05	1.00e+00	0.00e+00	0.00e+00	0.00e+00	0.00e+00	0.00e+00
 1.29454e+13	3.88e-41	7.11e-32	2.10e-23	4.27e-16	5.82e-10	3.11e-05	1.00e+00	0.00e+00	0.00e+00	0.00e+00	0.00e+00	0.00e+00
 1.34830e+13	0.00e+00	9.65e-32	2.75e-23	5.35e-16	6.84e-10	3.42e-05	1.00e+00	0.00e+00	0.00e+00	0.00e+00	0.00e+00	0.00e+00
 1.40191e+13	7.64e-41	1.30e-31	3.56e-23	6.66e-16	7.99e-10	3.75e-05	1.00e+00	0.00e+00	0.00e+00	0.00e+00	0.00e+00	0.00e+00
 1.45299e+13	0.00e+00	1.70e-31	4.53e-23	8.13e-16	9.21e-10	4.08e-05	1.00e+00	0.00e+00	0.00e+00	0.00e+00	0.00e+00	0.00e+00
 1.50943e+13	1.45e-40	2.28e-31	5.85e-23	1.01e-15	1.07e-09	4.45e-05	1.00e+00	0.00e+00	0.00e+00	0.00e+00	0.00e+00	0.00e+00
 1.57280e+13	0.00e+00	3.13e-31	7.72e-23	1.27e-15	1.26e-09	4.89e-05	1.00e+00	0.00e+00	0.00e+00	0.00e+00	0.00e+00	0.00e+00
 1.63871e+13	2.97e-40	4.31e-31	1.02e-22	1.60e-15	1.48e-09	5.38e-05	1.00e+00	0.00e+00	0.00e+00	0.00e+00	0.00e+00	0.00e+00
 1.70725e+13	0.00e+00	5.95e-31	1.35e-22	2.01e-15	1.74e-09	5.90e-05	1.00e+00	0.00e+00	0.00e+00	0.00e+00	0.00e+00	0.00e+00
 1.77679e+13	6.16e-40	8.19e-31	1.78e-22	2.52e-15	2.03e-09	6.45e-05	1.00e+00	0.00e+00	0.00e+00	0.00e+00	0.00e+00	0.00e+00
 1.84911e+13	0.00e+00	1.13e-30	2.36e-22	3.16e-15	2.37e-09	7.06e-05	1.00e+00	0.00e+00	0.00e+00	0.00e+00	0.00e+00	0.00e+00
 1.92607e+13	1.30e-39	1.58e-30	3.14e-22	3.99e-15	2.78e-09	7.72e-05	1.00e+00	0.00e+00	0.00e+00	0.00e+00	0.00e+00	0.00e+00
 2.00611e+13	0.00e+00	2.22e-30	4.19e-22	5.03e-15	3.26e-09	8.45e-05	1.00e+00	0.00e+00	0.00e+00	0.00e+00	0.00e+00	0.00e+00
 2.08934e+13	2.84e-39	3.12e-30	5.61e-22	6.34e-15	3.81e-09	9.23e-05	1.00e+00	0.00e+00	0.00e+00	0.00e+00	0.00e+00	0.00e+00
 2.17591e+13	0.00e+00	4.41e-30	7.51e-22	8.01e-15	4.47e-09	1.01e-04	1.00e+00	0.00e+00	0.00e+00	0.00e+00	0.00e+00	0.00e+00
 2.26594e+13	6.31e-39	6.25e-30	1.01e-21	1.01e-14	5.23e-09	1.10e-04	1.00e+00	0.00e+00	0.00e+00	0.00e+00	0.00e+00	0.00e+00
 2.35957e+13	0.00e+00	8.89e-30	1.36e-21	1.28e-14	6.12e-09	1.20e-04	1.00e+00	0.00e+00	0.00e+00	0.00e+00	0.00e+00	0.00e+00
 2.45415e+13	1.42e-38	1.26e-29	1.81e-21	1.60e-14	7.13e-09	1.30e-04	1.00e+00	0.00e+00	0.00e+00	0.00e+00	0.00e+00	0.00e+00
 2.54401e+13	0.00e+00	1.73e-29	2.36e-21	1.97e-14	8.20e-09	1.41e-04	1.00e+00	0.00e+00	0.00e+00	0.00e+00	0.00e+00	0.00e+00
 2.64026e+13	3.01e-38	2.41e-29	3.11e-21	2.44e-14	9.47e-09	1.52e-04	1.00e+00	0.00e+00	0.00e+00	0.00e+00	0.00e+00	0.00e+00
 2.74886e+13	0.00e+00	3.47e-29	4.21e-21	3.09e-14	1.11e-08	1.65e-04	1.00e+00	0.00e+00	0.00e+00	0.00e+00	0.00e+00	0.00e+00
 2.85695e+13	6.93e-38	4.92e-29	5.62e-21	3.86e-14	1.29e-08	1.79e-04	1.00e+00	0.00e+00	0.00e+00	0.00e+00	0.00e+00	0.00e+00
 2.96935e+13	0.00e+00	7.00e-29	7.51e-21	4.83e-14	1.50e-08	1.94e-04	1.00e+00	0.00e+00	0.00e+00	0.00e+00	0.00e+00	0.00e+00
 3.09112e+13	1.61e-37	1.01e-28	1.02e-20	6.11e-14	1.75e-08	2.11e-04	1.00e+00	0.00e+00	0.00e+00	0.00e+00	0.00e+00	0.00e+00
 3.21776e+13	0.00e+00	1.46e-28	1.38e-20	7.72e-14	2.05e-08	2.29e-04	1.00e+00	0.00e+00	0.00e+00	0.00e+00	0.00e+00	0.00e+00
 3.34946e+13	3.85e-37	2.12e-28	1.87e-20	9.76e-14	2.39e-08	2.49e-04	1.00e+00	0.00e+00	0.00e+00	0.00e+00	0.00e+00	0.00e+00
 3.48643e+13	0.00e+00	3.09e-28	2.54e-20	1.23e-13	2.80e-08	2.70e-04	1.00e+00	0.00e+00	0.00e+00	0.00e+00	0.00e+00	0.00e+00
 3.62888e+13	9.29e-37	4.49e-28	3.45e-20	1.56e-13	3.27e-08	2.93e-04	1.00e+00	0.00e+00	0.00e+00	0.00e+00	0.00e+00	0.00e+00
 3.77703e+13	0.00e+00	6.54e-28	4.69e-20	1.97e-13	3.83e-08	3.18e-04	1.00e+00	0.00e+00	0.00e+00	0.00e+00	0.00e+00	0.00e+00
 3.93110e+13	2.26e-36	9.53e-28	6.38e-20	2.49e-13	4.47e-08	3.45e-04	1.00e+00	0.00e+00	0.00e+00	0.00e+00	0.00e+00	0.00e+00
 4.07640e+13	0.00e+00	1.34e-27	8.43e-20	3.08e-13	5.16e-08	3.72e-04	1.00e+00	0.00e+00	0.00e+00	0.00e+00	0.00e+00	0.00e+00
 4.20686e+13	4.82e-36	1.81e-27	1.08e-19	3.71e-13	5.84e-08	3.96e-04	1.00e+00	0.00e+00	0.00e+00	0.00e+00	0.00e+00	0.00e+00
 4.35341e+13	0.00e+00	2.51e-27	1.40e-19	4.54e-13	6.67e-08	4.25e-04	1.00e+00	0.00e+00	0.00e+00	0.00e+00	0.00e+00	0.00e+00
 4.52646e+13	1.09e-35	3.62e-27	1.89e-19	5.71e-13	7.77e-08	4.60e-04	1.00e+00	0.00e+00	0.00e+00	0.00e+00	0.00e+00	0.00e+00
 4.69854e+13	0.00e+00	5.20e-27	2.53e-19	7.11e-13	9.00e-08	4.95e-04	1.00e+00	0.00e+00	0.00e+00	0.00e+00	0.00e+00	0.00e+00
 4.85950e+13	2.45e-35	7.15e-27	3.28e-19	8.67e-13	1.03e-07	5.31e-04	9.99e-01	0.00e+00	0.00e+00	0.00e+00	0.00e+00	0.00e+00
 5.03888e+13	3.73e-35	1.02e-26	4.36e-19	1.07e-12	1.18e-07	5.70e-04	9.99e-01	0.00e+00	0.00e+00	0.00e+00	0.00e+00	0.00e+00
 5.24342e+13	5.80e-35	1.48e-26	5.92e-19	1.36e-12	1.38e-07	6.19e-04	9.99e-01	0.00e+00	0.00e+00	0.00e+00	0.00e+00	0.00e+00
 5.44481e+13	8.99e-35	2.14e-26	7.96e-19	1.69e-12	1.61e-07	6.67e-04	9.99e-01	0.00e+00	0.00e+00	0.00e+00	0.00e+00	0.00e+00
 5.65426e+13	1.39e-34	3.08e-26	1.07e-18	2.12e-12	1.86e-07	7.19e-04	9.99e-01	0.00e+00	0.00e+00	0.00e+00	0.00e+00	0.00e+00
 5.88342e+13	2.20e-34	4.53e-26	1.46e-18	2.68e-12	2.18e-07	7.79e-04	9.99e-01	0.00e+00	0.00e+00	0.00e+00	0.00e+00	0.00e+00
 6.11500e+13	3.42e-34	6.56e-26	1.97e-18	3.36e-12	2.54e-07	8.42e-04	9.99e-01	0.00e+00	0.00e+00	0.00e+00	0.00e+00	0.00e+00
 6.35584e+13	5.38e-34	9.59e-26	2.67e-18	4.23e-12	2.95e-07	9.09e-04	9.99e-01	0.00e+00	0.00e+00	0.00e+00	0.00e+00	0.00e+00
 6.61307e+13	8.47e-34	1.40e-25	3.64e-18	5.34e-12	3.45e-07	9.84e-04	9.99e-01	0.00e+00	0.00e+00	0.00e+00	0.00e+00	0.00e+00
 6.88059e+13	1.35e-33	2.08e-25	4.98e-18	6.76e-12	4.04e-07	1.06e-03	9.99e-01	0.00e+00	0.00e+00	0.00e+00	0.00e+00	0.00e+00
 7.15880e+13	2.13e-33	3.04e-25	6.79e-18	8.55e-12	4.72e-07	1.15e-03	9.99e-01	0.00e+00	0.00e+00	0.00e+00	0.00e+00	0.00e+00
 7.44815e+13	3.40e-33	4.49e-25	9.28e-18	1.08e-11	5.52e-07	1.25e-03	9.99e-01	0.00e+00	0.00e+00	0.00e+00	0.00e+00	0.00e+00
 7.74906e+13	5.42e-33	6.63e-25	1.27e-17	1.37e-11	6.45e-07	1.35e-03	9.99e-01	0.00e+00	0.00e+00	0.00e+00	0.00e+00	0.00e+00
 8.06202e+13	8.62e-33	9.77e-25	1.73e-17	1.73e-11	7.55e-07	1.46e-03	9.99e-01	0.00e+00	0.00e+00	0.00e+00	0.00e+00	0.00e+00
 8.37235e+13	1.34e-32	1.41e-24	2.33e-17	2.16e-11	8.76e-07	1.57e-03	9.98e-01	0.00e+00	0.00e+00	0.00e+00	0.00e+00	0.00e+00
 8.69509e+13	2.09e-32	2.05e-24	3.15e-17	2.71e-11	1.02e-06	1.69e-03	9.98e-01	0.00e+00	0.00e+00	0.00e+00	0.00e+00	0.00e+00
 9.04588e+13	3.33e-32	3.02e-24	4.31e-17	3.42e-11	1.19e-06	1.83e-03	9.98e-01	0.00e+00	0.00e+00	0.00e+00	0.00e+00	0.00e+00
 9.40134e+13	5.27e-32	4.43e-24	5.85e-17	4.30e-11	1.39e-06	1.98e-03	9.98e-01	0.00e+00	0.00e+00	0.00e+00	0.00e+00	0.00e+00
 9.77102e+13	8.25e-32	6.45e-24	7.93e-17	5.41e-11	1.61e-06	2.13e-03	9.98e-01	0.00e+00	0.00e+00	0.00e+00	0.00e+00	0.00e+00
 1.01649e+14	1.33e-31	9.57e-24	1.09e-16	6.84e-11	1.89e-06	2.31e-03	9.98e-01	0.00e+00	0.00e+00	0.00e+00	0.00e+00	0.00e+00
 1.05744e+14	2.10e-31	1.41e-23	1.48e-16	8.65e-11	2.21e-06	2.49e-03	9.98e-01	0.00e+00	0.00e+00	0.00e+00	0.00e+00	0.00e+00
 1.10004e+14	3.37e-31	2.09e-23	2.03e-16	1.09e-10	2.58e-06	2.70e-03	9.97e-01	0.00e+00	0.00e+00	0.00e+00	0.00e+00	0.00e+00
 1.14088e+14	5.15e-31	2.97e-23	2.71e-16	1.36e-10	2.98e-06	2.90e-03	9.97e-01	0.00e+00	0.00e+00	0.00e+00	0.00e+00	0.00e+00
 1.17869e+14	7.62e-31	4.12e-23	3.51e-16	1.65e-10	3.39e-06	3.09e-03	9.97e-01	0.00e+00	0.00e+00	0.00e+00	0.00e+00	0.00e+00
 1.22149e+14	1.15e-30	5.83e-23	4.66e-16	2.04e-10	3.90e-06	3.32e-03	9.97e-01	0.00e+00	0.00e+00	0.00e+00	0.00e+00	0.00e+00
 1.27065e+14	1.85e-30	8.62e-23	6.37e-16	2.58e-10	4.56e-06	3.58e-03	9.96e-01	0.00e+00	0.00e+00	0.00e+00	0.00e+00	0.00e+00
 1.31952e+14	2.85e-30	1.24e-22	8.59e-16	3.23e-10	5.30e-06	3.86e-03	9.96e-01	0.00e+00	0.00e+00	0.00e+00	0.00e+00	0.00e+00
 1.37035e+14	4.48e-30	1.81e-22	1.16e-15	4.04e-10	6.16e-06	4.16e-03	9.96e-01	0.00e+00	0.00e+00	0.00e+00	0.00e+00	0.00e+00
 1.42546e+14	7.04e-30	2.65e-22	1.58e-15	5.11e-10	7.20e-06	4.50e-03	9.95e-01	0.00e+00	0.00e+00	0.00e+00	0.00e+00	0.00e+00
 1.47698e+14	1.06e-29	3.74e-22	2.10e-15	6.31e-10	8.28e-06	4.83e-03	9.95e-01	0.00e+00	0.00e+00	0.00e+00	0.00e+00	0.00e+00
 1.52246e+14	1.52e-29	5.03e-22	2.67e-15	7.55e-10	9.34e-06	5.13e-03	9.95e-01	0.00e+00	0.00e+00	0.00e+00	0.00e+00	0.00e+00
 1.57320e+14	2.23e-29	6.96e-22	3.46e-15	9.18e-10	1.06e-05	5.48e-03	9.95e-01	0.00e+00	0.00e+00	0.00e+00	0.00e+00	0.00e+00
 1.63407e+14	3.43e-29	9.99e-22	4.66e-15	1.15e-09	1.24e-05	5.92e-03	9.94e-01	0.00e+00	0.00e+00	0.00e+00	0.00e+00	0.00e+00
 1.69504e+14	5.27e-29	1.43e-21	6.23e-15	1.43e-09	1.43e-05	6.36e-03	9.94e-01	0.00e+00	0.00e+00	0.00e+00	0.00e+00	0.00e+00
 1.75103e+14	7.56e-29	1.95e-21	8.04e-15	1.73e-09	1.62e-05	6.79e-03	9.93e-01	0.00e+00	0.00e+00	0.00e+00	0.00e+00	0.00e+00
 1.81360e+14	1.14e-28	2.75e-21	1.06e-14	2.14e-09	1.87e-05	7.29e-03	9.93e-01	0.00e+00	0.00e+00	0.00e+00	0.00e+00	0.00e+00
 1.88610e+14	1.76e-28	3.96e-21	1.44e-14	2.70e-09	2.18e-05	7.89e-03	9.92e-01	0.00e+00	0.00e+00	0.00e+00	0.00e+00	0.00e+00
 1.95667e+14	2.65e-28	5.61e-21	1.92e-14	3.35e-09	2.52e-05	8.51e-03	9.91e-01	0.00e+00	0.00e+00	0.00e+00	0.00e+00	0.00e+00
 2.02294e+14	3.89e-28	7.77e-21	2.50e-14	4.09e-09	2.87e-05	9.09e-03	9.91e-01	0.00e+00	0.00e+00	0.00e+00	0.00e+00	0.00e+00
 2.09704e+14	5.73e-28	1.08e-20	3.31e-14	5.06e-09	3.31e-05	9.79e-03	9.90e-01	0.00e+00	0.00e+00	0.00e+00	0.00e+00	0.00e+00
 2.18122e+14	8.82e-28	1.56e-20	4.49e-14	6.39e-09	3.87e-05	1.06e-02	9.89e-01	0.00e+00	0.00e+00	0.00e+00	0.00e+00	0.00e+00
 2.26496e+14	1.35e-27	2.25e-20	6.03e-14	8.00e-09	4.49e-05	1.15e-02	9.88e-01	0.00e+00	0.00e+00	0.00e+00	0.00e+00	0.00e+00
 2.35204e+14	2.00e-27	3.16e-20	8.08e-14	1.00e-08	5.21e-05	1.24e-02	9.88e-01	0.00e+00	0.00e+00	0.00e+00	0.00e+00	0.00e+00
 2.44642e+14	3.12e-27	4.60e-20	1.10e-13	1.26e-08	6.08e-05	1.34e-02	9.87e-01	0.00e+00	0.00e+00	0.00e+00	0.00e+00	0.00e+00
 2.54458e+14	4.65e-27	6.53e-20	1.49e-13	1.59e-08	7.10e-05	1.46e-02	9.85e-01	0.00e+00	0.00e+00	0.00e+00	0.00e+00	0.00e+00
 2.64666e+14	7.22e-27	9.50e-20	2.02e-13	2.01e-08	8.29e-05	1.58e-02	9.84e-01	0.00e+00	0.00e+00	0.00e+00	0.00e+00	0.00e+00
 2.75282e+14	1.07e-26	1.34e-19	2.74e-13	2.54e-08	9.67e-05	1.72e-02	9.83e-01	0.00e+00	0.00e+00	0.00e+00	0.00e+00	0.00e+00
 2.86324e+14	1.64e-26	1.94e-19	3.72e-13	3.21e-08	1.13e-04	1.86e-02	9.81e-01	0.00e+00	0.00e+00	0.00e+00	0.00e+00	0.00e+00
 2.97806e+14	2.39e-26	2.72e-19	5.02e-13	4.05e-08	1.32e-04	2.02e-02	9.80e-01	0.00e+00	0.00e+00	0.00e+00	0.00e+00	0.00e+00
 3.09004e+14	3.50e-26	3.79e-19	6.68e-13	5.04e-08	1.52e-04	2.19e-02	9.78e-01	0.00e+00	0.00e+00	0.00e+00	0.00e+00	0.00e+00
 3.19680e+14	5.02e-26	5.20e-19	8.68e-13	6.16e-08	1.74e-04	2.35e-02	9.76e-01	0.00e+00	0.00e+00	0.00e+00	0.00e+00	0.00e+00
 3.31529e+14	7.05e-26	7.07e-19	1.15e-12	7.64e-08	2.00e-04	2.54e-02	9.74e-01	0.00e+00	0.00e+00	0.00e+00	0.00e+00	0.00e+00
 3.44820e+14	1.04e-25	9.99e-19	1.55e-12	9.64e-08	2.33e-04	2.76e-02	9.72e-01	0.00e+00	0.00e+00	0.00e+00	0.00e+00	0.00e+00
 3.56884e+14	1.49e-25	1.38e-18	2.02e-12	1.18e-07	2.66e-04	2.97e-02	9.70e-01	0.00e+00	0.00e+00	0.00e+00	0.00e+00	0.00e+00
 3.67080e+14	1.95e-25	1.75e-18	2.51e-12	1.40e-07	2.97e-04	3.16e-02	9.68e-01	0.00e+00	0.00e+00	0.00e+00	0.00e+00	0.00e+00
 3.78368e+14	2.62e-25	2.29e-18	3.17e-12	1.67e-07	3.34e-04	3.37e-02	9.66e-01	0.00e+00	0.00e+00	0.00e+00	0.00e+00	0.00e+00
 3.92459e+14	3.65e-25	3.11e-18	4.20e-12	2.07e-07	3.85e-04	3.64e-02	9.63e-01	0.00e+00	0.00e+00	0.00e+00	0.00e+00	0.00e+00
 4.07145e+14	5.21e-25	4.30e-18	5.58e-12	2.58e-07	4.44e-04	3.94e-02	9.60e-01	0.00e+00	0.00e+00	0.00e+00	0.00e+00	0.00e+00
 4.20511e+14	7.12e-25	5.71e-18	7.16e-12	3.12e-07	5.04e-04	4.22e-02	9.57e-01	0.00e+00	0.00e+00	0.00e+00	0.00e+00	0.00e+00
 4.35209e+14	1.02e-24	7.83e-18	9.34e-12	3.82e-07	5.75e-04	4.54e-02	9.54e-01	0.00e+00	0.00e+00	0.00e+00	0.00e+00	0.00e+00
 4.52401e+14	1.43e-24	1.08e-17	1.26e-11	4.81e-07	6.68e-04	4.93e-02	9.50e-01	0.00e+00	0.00e+00	0.00e+00	0.00e+00	0.00e+00
 4.68505e+14	2.00e-24	1.47e-17	1.65e-11	5.91e-07	7.64e-04	5.31e-02	9.46e-01	0.00e+00	0.00e+00	0.00e+00	0.00e+00	0.00e+00
 4.82335e+14	2.66e-24	1.91e-17	2.07e-11	7.02e-07	8.54e-04	5.65e-02	9.43e-01	0.00e+00	0.00e+00	0.00e+00	0.00e+00	0.00e+00
 4.97540e+14	3.66e-24	2.54e-17	2.64e-11	8.43e-07	9.63e-04	6.03e-02	9.39e-01	0.00e+00	0.00e+00	0.00e+00	0.00e+00	0.00e+00
 5.16272e+14	5.13e-24	3.48e-17	3.52e-11	1.05e-06	1.11e-03	6.52e-02	9.34e-01	0.00e+00	0.00e+00	0.00e+00	0.00e+00	0.00e+00
 5.35284e+14	7.45e-24	4.86e-17	4.66e-11	1.30e-06	1.27e-03	7.01e-02	9.29e-01	0.00e+00	0.00e+00	0.00e+00	0.00e+00	0.00e+00
 5.52230e+14	1.00e-23	6.39e-17	5.95e-11	1.56e-06	1.43e-03	7.49e-02	9.24e-01	0.00e+00	0.00e+00	0.00e+00	0.00e+00	0.00e+00
 5.70793e+14	1.38e-23	8.59e-17	7.70e-11	1.90e-06	1.63e-03	8.01e-02	9.18e-01	0.00e+00	0.00e+00	0.00e+00	0.00e+00	0.00e+00
 5.92925e+14	1.95e-23	1.19e-16	1.04e-10	2.37e-06	1.88e-03	8.66e-02	9.11e-01	0.00e+00	0.00e+00	0.00e+00	0.00e+00	0.00e+00
 6.14745e+14	2.87e-23	1.67e-16	1.38e-10	2.93e-06	2.16e-03	9.31e-02	9.05e-01	0.00e+00	0.00e+00	0.00e+00	0.00e+00	0.00e+00
 6.34570e+14	3.89e-23	2.21e-16	1.76e-10	3.53e-06	2.43e-03	9.92e-02	8.98e-01	0.00e+00	0.00e+00	0.00e+00	0.00e+00	0.00e+00
 6.56754e+14	5.45e-23	3.02e-16	2.31e-10	4.32e-06	2.77e-03	1.06e-01	8.91e-01	0.00e+00	0.00e+00	0.00e+00	0.00e+00	0.00e+00
 6.82694e+14	7.79e-23	4.22e-16	3.13e-10	5.42e-06	3.20e-03	1.15e-01	8.82e-01	0.00e+00	0.00e+00	0.00e+00	0.00e+00	0.00e+00
 7.08132e+14	1.15e-22	5.96e-16	4.16e-10	6.70e-06	3.67e-03	1.23e-01	8.73e-01	0.00e+00	0.00e+00	0.00e+00	0.00e+00	0.00e+00
 7.32043e+14	1.55e-22	7.92e-16	5.40e-10	8.13e-06	4.15e-03	1.31e-01	8.64e-01	0.00e+00	0.00e+00	0.00e+00	0.00e+00	0.00e+00
 7.58811e+14	2.28e-22	1.11e-15	7.14e-10	1.00e-05	4.74e-03	1.40e-01	8.55e-01	0.00e+00	0.00e+00	0.00e+00	0.00e+00	0.00e+00
 7.89194e+14	3.29e-22	1.57e-15	9.71e-10	1.26e-05	5.48e-03	1.51e-01	8.43e-01	0.00e+00	0.00e+00	0.00e+00	0.00e+00	0.00e+00
 8.19309e+14	4.89e-22	2.23e-15	1.30e-09	1.56e-05	6.29e-03	1.62e-01	8.32e-01	0.00e+00	0.00e+00	0.00e+00	0.00e+00	0.00e+00
 8.50629e+14	6.96e-22	3.10e-15	1.74e-09	1.93e-05	7.21e-03	1.74e-01	8.19e-01	0.00e+00	0.00e+00	0.00e+00	0.00e+00	0.00e+00
 8.84684e+14	1.06e-21	4.47e-15	2.36e-09	2.42e-05	8.31e-03	1.86e-01	8.06e-01	0.00e+00	0.00e+00	0.00e+00	0.00e+00	0.00e+00
 9.20101e+14	1.54e-21	6.34e-15	3.20e-09	3.03e-05	9.57e-03	2.00e-01	7.91e-01	0.00e+00	0.00e+00	0.00e+00	0.00e+00	0.00e+00
 9.56935e+14	2.32e-21	9.11e-15	4.33e-09	3.78e-05	1.10e-02	2.13e-01	7.76e-01	0.00e+00	0.00e+00	0.00e+00	0.00e+00	0.00e+00
 9.95242e+14	3.47e-21	1.30e-14	5.85e-09	4.71e-05	1.26e-02	2.28e-01	7.60e-01	0.00e+00	0.00e+00	0.00e+00	0.00e+00	0.00e+00
 1.03508e+15	5.12e-21	1.86e-14	7.93e-09	5.87e-05	1.45e-02	2.43e-01	7.42e-01	0.00e+00	0.00e+00	0.00e+00	0.00e+00	0.00e+00
 1.07652e+15	7.76e-21	2.67e-14	1.07e-08	7.29e-05	1.66e-02	2.59e-01	7.25e-01	0.00e+00	0.00e+00	0.00e+00	0.00e+00	0.00e+00
 1.11346e+15	1.10e-20	3.64e-14	1.38e-08	8.79e-05	1.86e-02	2.73e-01	7.09e-01	0.00e+00	0.00e+00	0.00e+00	0.00e+00	0.00e+00
 1.14349e+15	1.43e-20	4.62e-14	1.69e-08	1.02e-04	2.04e-02	2.84e-01	6.96e-01	0.00e+00	0.00e+00	0.00e+00	0.00e+00	0.00e+00
 1.17619e+15	1.92e-20	5.98e-14	2.10e-08	1.19e-04	2.24e-02	2.96e-01	6.82e-01	0.00e+00	0.00e+00	0.00e+00	0.00e+00	0.00e+00
 1.21857e+15	2.76e-20	8.23e-14	2.73e-08	1.44e-04	2.52e-02	3.11e-01	6.64e-01	0.00e+00	0.00e+00	0.00e+00	0.00e+00	0.00e+00
 1.26415e+15	4.06e-20	1.16e-13	3.60e-08	1.75e-04	2.84e-02	3.28e-01	6.44e-01	0.00e+00	0.00e+00	0.00e+00	0.00e+00	0.00e+00
 1.30481e+15	5.65e-20	1.54e-13	4.56e-08	2.07e-04	3.15e-02	3.42e-01	6.27e-01	0.00e+00	0.00e+00	0.00e+00	0.00e+00	0.00e+00
 1.34847e+15	7.99e-20	2.08e-13	5.81e-08	2.47e-04	3.50e-02	3.56e-01	6.08e-01	0.00e+00	0.00e+00	0.00e+00	0.00e+00	0.00e+00
 1.39766e+15	1.15e-19	2.85e-13	7.56e-08	2.98e-04	3.92e-02	3.72e-01	5.88e-01	0.00e+00	0.00e+00	0.00e+00	0.00e+00	0.00e+00
 1.44442e+15	1.63e-19	3.86e-13	9.64e-08	3.54e-04	4.34e-02	3.88e-01	5.69e-01	0.00e+00	0.00e+00	0.00e+00	0.00e+00	0.00e+00
 1.48886e+15	2.23e-19	5.06e-13	1.20e-07	4.13e-04	4.76e-02	4.01e-01	5.51e-01	0.00e+00	0.00e+00	0.00e+00	0.00e+00	0.00e+00
 1.53987e+15	3.19e-19	6.87e-13	1.53e-07	4.91e-04	5.27e-02	4.16e-01	5.31e-01	0.00e+00	0.00e+00	0.00e+00	0.00e+00	0.00e+00
 1.59744e+15	4.60e-19	9.42e-13	1.99e-07	5.90e-04	5.87e-02	4.32e-01	5.09e-01	0.00e+00	0.00e+00	0.00e+00	0.00e+00	0.00e+00
 1.65240e+15	6.62e-19	1.29e-12	2.53e-07	7.00e-04	6.48e-02	4.46e-01	4.88e-01	0.00e+00	0.00e+00	0.00e+00	0.00e+00	0.00e+00
 1.71222e+15	9.64e-19	1.76e-12	3.25e-07	8.34e-04	7.18e-02	4.61e-01	4.67e-01	0.00e+00	0.00e+00	0.00e+00	0.00e+00	0.00e+00
 1.77831e+15	1.43e-18	2.46e-12	4.24e-07	1.00e-03	7.98e-02	4.76e-01	4.44e-01	0.00e+00	0.00e+00	0.00e+00	0.00e+00	0.00e+00
 1.84043e+15	2.00e-18	3.28e-12	5.37e-07	1.18e-03	8.76e-02	4.88e-01	4.23e-01	0.00e+00	0.00e+00	0.00e+00	0.00e+00	0.00e+00
 1.90746e+15	2.90e-18	4.49e-12	6.86e-07	1.40e-03	9.64e-02	5.01e-01	4.01e-01	0.00e+00	0.00e+00	0.00e+00	0.00e+00	0.00e+00
 1.98223e+15	4.39e-18	6.34e-12	8.93e-07	1.68e-03	1.07e-01	5.14e-01	3.78e-01	0.00e+00	0.00e+00	0.00e+00	0.00e+00	0.00e+00
 2.05433e+15	6.38e-18	8.64e-12	1.14e-06	1.98e-03	1.17e-01	5.24e-01	3.57e-01	0.00e+00	0.00e+00	0.00e+00	0.00e+00	0.00e+00
 2.13086e+15	9.31e-18	1.18e-11	1.45e-06	2.34e-03	1.28e-01	5.34e-01	3.36e-01	0.00e+00	0.00e+00	0.00e+00	0.00e+00	0.00e+00
 2.21613e+15	1.39e-17	1.65e-11	1.87e-06	2.79e-03	1.41e-01	5.43e-01	3.14e-01	0.00e+00	0.00e+00	0.00e+00	0.00e+00	0.00e+00
 2.30155e+15	1.99e-17	2.23e-11	2.40e-06	3.30e-03	1.54e-01	5.50e-01	2.93e-01	0.00e+00	0.00e+00	0.00e+00	0.00e+00	0.00e+00
 2.39039e+15	2.97e-17	3.06e-11	3.06e-06	3.89e-03	1.67e-01	5.56e-01	2.73e-01	0.00e+00	0.00e+00	1.69e-17	9.11e-18	3.46e-18
 2.48604e+15	4.50e-17	4.31e-11	3.94e-06	4.61e-03	1.83e-01	5.61e-01	2.52e-01	0.00e+00	0.00e+00	2.55e-17	1.40e-17	5.12e-18
 2.58551e+15	6.73e-17	5.97e-11	5.04e-06	5.43e-03	1.98e-01	5.64e-01	2.32e-01	0.00e+00	0.00e+00	3.82e-17	2.08e-17	7.62e-18
 2.68896e+15	9.99e-17	8.24e-11	6.43e-06	6.39e-03	2.15e-01	5.65e-01	2.14e-01	0.00e+00	0.00e+00	5.68e-17	3.08e-17	1.13e-17
 2.79655e+15	1.48e-16	1.13e-10	8.19e-06	7.49e-03	2.33e-01	5.64e-01	1.96e-01	0.00e+00	0.00e+00	8.43e-17	4.56e-17	1.66e-17
 2.90844e+15	2.19e-16	1.55e-10	1.04e-05	8.76e-03	2.51e-01	5.62e-01	1.79e-01	0.00e+00	0.00e+00	1.25e-16	6.73e-17	2.44e-17
 3.02480e+15	3.23e-16	2.12e-10	1.31e-05	1.02e-02	2.70e-01	5.57e-01	1.63e-01	0.00e+00	0.00e+00	1.85e-16	9.92e-17	3.58e-17
 3.12869e+15	4.51e-16	2.77e-10	1.61e-05	1.16e-02	2.86e-01	5.52e-01	1.50e-01	0.00e+00	0.00e+00	2.58e-16	1.38e-16	4.97e-17
 3.21359e+15	5.85e-16	3.42e-10	1.88e-05	1.29e-02	3.00e-01	5.47e-01	1.40e-01	0.00e+00	0.00e+00	3.35e-16	1.79e-16	6.44e-17
 3.30639e+15	7.70e-16	4.26e-10	2.21e-05	1.43e-02	3.14e-01	5.41e-01	1.30e-01	0.00e+00	0.00e+00	4.41e-16	2.36e-16	8.44e-17
 3.42603e+15	1.06e-15	5.50e-10	2.72e-05	1.63e-02	3.33e-01	5.33e-01	1.18e-01	0.00e+00	0.00e+00	6.05e-16	3.23e-16	1.15e-16
 3.55308e+15	1.55e-15	7.44e-10	3.35e-05	1.86e-02	3.52e-01	5.22e-01	1.07e-01	0.00e+00	0.00e+00	8.92e-16	4.75e-16	1.69e-16
 3.66482e+15	2.11e-15	9.44e-10	3.98e-05	2.07e-02	3.68e-01	5.13e-01	9.80e-02	0.00e+00	0.00e+00	1.21e-15	6.44e-16	2.28e-16
 3.78417e+15	2.85e-15	1.20e-09	4.76e-05	2.32e-02	3.86e-01	5.02e-01	8.93e-02	0.00e+00	0.00e+00	1.64e-15	8.71e-16	3.07e-16
 3.92867e+15	3.95e-15	1.56e-09	5.85e-05	2.63e-02	4.06e-01	4.88e-01	7.99e-02	0.00e+00	0.00e+00	2.27e-15	1.21e-15	4.24e-16
 4.07186e+15	5.77e-15	2.09e-09	7.12e-05	2.97e-02	4.25e-01	4.74e-01	7.15e-02	0.00e+00	0.00e+00	3.32e-15	1.76e-15	6.17e-16
 4.19773e+15	7.73e-15	2.61e-09	8.39e-05	3.28e-02	4.41e-01	4.61e-01	6.50e-02	0.00e+00	0.00e+00	4.45e-15	2.36e-15	8.23e-16
 4.33511e+15	1.04e-14	3.30e-09	9.95e-05	3.64e-02	4.58e-01	4.47e-01	5.86e-02	0.00e+00	0.00e+00	6.00e-15	3.18e-15	1.11e-15
 4.50104e+15	1.43e-14	4.26e-09	1.21e-04	4.11e-02	4.77e-01	4.30e-01	5.17e-02	0.00e+00	0.00e+00	8.25e-15	4.37e-15	1.52e-15
 4.66705e+15	2.10e-14	5.68e-09	1.47e-04	4.60e-02	4.95e-01	4.13e-01	4.56e-02	0.00e+00	0.00e+00	1.21e-14	6.41e-15	2.21e-15
 4.81583e+15	2.81e-14	7.11e-09	1.73e-04	5.07e-02	5.10e-01	3.98e-01	4.09e-02	0.00e+00	0.00e+00	1.62e-14	8.59e-15	2.96e-15
 4.97922e+15	3.83e-14	9.01e-09	2.05e-04	5.60e-02	5.26e-01	3.82e-01	3.63e-02	0.00e+00	0.00e+00	2.21e-14	1.17e-14	4.01e-15
 5.17303e+15	5.26e-14	1.16e-08	2.48e-04	6.26e-02	5.43e-01	3.62e-01	3.16e-02	0.00e+00	0.00e+00	3.03e-14	1.60e-14	5.49e-15
 5.36556e+15	7.69e-14	1.54e-08	2.99e-04	6.97e-02	5.59e-01	3.44e-01	2.74e-02	0.00e+00	0.00e+00	4.44e-14	2.35e-14	8.01e-15
 5.54244e+15	1.04e-13	1.92e-08	3.51e-04	7.63e-02	5.72e-01	3.28e-01	2.42e-02	0.00e+00	0.00e+00	5.98e-14	3.16e-14	1.08e-14
 5.73975e+15	1.38e-13	2.41e-08	4.17e-04	8.41e-02	5.85e-01	3.10e-01	2.11e-02	0.00e+00	0.00e+00	7.98e-14	4.21e-14	1.43e-14
 5.95988e+15	2.03e-13	3.21e-08	5.02e-04	9.33e-02	5.97e-01	2.91e-01	1.80e-02	0.00e+00	0.00e+00	1.18e-13	6.20e-14	2.10e-14
 6.17108e+15	2.81e-13	4.09e-08	5.94e-04	1.02e-01	6.08e-01	2.73e-01	1.56e-02	0.00e+00	0.00e+00	1.63e-13	8.58e-14	2.90e-14
 6.37318e+15	3.75e-13	5.08e-08	6.93e-04	1.11e-01	6.17e-01	2.58e-01	1.36e-02	0.00e+00	0.00e+00	2.17e-13	1.14e-13	3.86e-14
 6.60203e+15	5.00e-13	6.33e-08	8.20e-04	1.22e-01	6.25e-01	2.40e-01	1.16e-02	0.00e+00	0.00e+00	2.89e-13	1.52e-13	5.13e-14
 6.85485e+15	7.37e-13	8.40e-08	9.82e-04	1.34e-01	6.32e-01	2.23e-01	9.78e-03	0.00e+00	0.00e+00	4.27e-13	2.25e-13	7.55e-14
 7.08623e+15	9.94e-13	1.05e-07	1.15e-03	1.45e-01	6.37e-01	2.08e-01	8.40e-03	0.00e+00	0.00e+00	5.76e-13	3.03e-13	1.02e-13
 7.33440e+15	1.32e-12	1.30e-07	1.35e-03	1.58e-01	6.41e-01	1.92e-01	7.12e-03	0.00e+00	0.00e+00	7.62e-13	4.01e-13	1.34e-13
 7.61471e+15	1.94e-12	1.72e-07	1.61e-03	1.73e-01	6.43e-01	1.76e-01	5.91e-03	0.00e+00	0.00e+00	1.13e-12	5.93e-13	1.98e-13
 7.87952e+15	2.67e-12	2.17e-07	1.89e-03	1.87e-01	6.44e-01	1.62e-01	4.98e-03	0.00e+00	0.00e+00	1.55e-12	8.16e-13	2.72e-13
 8.12276e+15	3.55e-12	2.67e-07	2.17e-03	2.01e-01	6.43e-01	1.50e-01	4.26e-03	0.00e+00	0.00e+00	2.06e-12	1.08e-12	3.60e-13
 8.35030e+15	4.58e-12	3.23e-07	2.47e-03	2.14e-01	6.41e-01	1.39e-01	3.68e-03	0.00e+00	0.00e+00	2.66e-12	1.40e-12	4.65e-13
 8.60116e+15	6.00e-12	3.93e-07	2.83e-03	2.28e-01	6.37e-01	1.29e-01	3.13e-03	0.00e+00	0.00e+00	3.48e-12	1.83e-12	6.08e-13
 8.88056e+15	8.14e-12	4.91e-07	3.29e-03	2.45e-01	6.32e-01	1.17e-01	2.62e-03	0.00e+00	0.00e+00	4.72e-12	2.48e-12	8.24e-13
 9.14026e+15	1.06e-11	5.96e-07	3.75e-03	2.60e-01	6.26e-01	1.08e-01	2.23e-03	0.00e+00	0.00e+00	6.17e-12	3.24e-12	1.07e-12
 9.42106e+15	1.43e-11	7.40e-07	4.33e-03	2.78e-01	6.18e-01	9.81e-02	1.86e-03	0.00e+00	0.00e+00	8.33e-12	4.38e-12	1.45e-12
 9.72549e+15	1.95e-11	9.25e-07	5.03e-03	2.97e-01	6.08e-01	8.86e-02	1.53e-03	0.00e+00	0.00e+00	1.13e-11	5.96e-12	1.97e-12
 9.99988e+15	2.53e-11	1.12e-06	5.72e-03	3.14e-01	5.99e-01	8.08e-02	1.29e-03	0.00e+00	0.00e+00	1.47e-11	7.72e-12	2.55e-12
 1.02958e+16	3.25e-11	1.35e-06	6.58e-03	3.33e-01	5.87e-01	7.30e-02	1.07e-03	0.00e+00	0.00e+00	1.89e-11	9.91e-12	3.27e-12
 1.06222e+16	4.68e-11	1.74e-06	7.67e-03	3.54e-01	5.72e-01	6.51e-02	8.72e-04	0.00e+00	0.00e+00	2.72e-11	1.43e-11	4.71e-12
 1.09122e+16	6.14e-11	2.11e-06	8.74e-03	3.73e-01	5.59e-01	5.88e-02	7.27e-04	0.00e+00	0.00e+00	3.56e-11	1.87e-11	6.18e-12
 1.11708e+16	7.82e-11	2.52e-06	9.81e-03	3.90e-01	5.46e-01	5.36e-02	6.17e-04	0.00e+00	0.00e+00	4.54e-11	2.39e-11	7.87e-12
 1.14643e+16	1.03e-10	3.07e-06	1.12e-02	4.10e-01	5.30e-01	4.81e-02	5.11e-04	0.00e+00	0.00e+00	6.00e-11	3.15e-11	1.04e-11
 1.17887e+16	1.31e-10	3.68e-06	1.29e-02	4.31e-01	5.13e-01	4.27e-02	4.17e-04	0.00e+00	0.00e+00	7.59e-11	3.99e-11	1.31e-11
 1.20889e+16	1.83e-10	4.64e-06	1.47e-02	4.51e-01	4.96e-01	3.81e-02	3.43e-04	0.00e+00	0.00e+00	1.06e-10	5.59e-11	1.84e-11
 1.23636e+16	2.23e-10	5.41e-06	1.66e-02	4.69e-01	4.79e-01	3.43e-02	2.88e-04	0.00e+00	0.00e+00	1.30e-10	6.82e-11	2.24e-11
 1.26698e+16	3.18e-10	6.89e-06	1.91e-02	4.91e-01	4.60e-01	3.03e-02	2.34e-04	0.00e+00	0.00e+00	1.85e-10	9.70e-11	3.19e-11
 1.29973e+16	4.23e-10	8.50e-06	2.21e-02	5.12e-01	4.39e-01	2.66e-02	1.88e-04	0.00e+00	0.00e+00	2.46e-10	1.29e-10	4.25e-11
 1.32853e+16	5.64e-10	1.04e-05	2.52e-02	5.31e-01	4.20e-01	2.36e-02	1.55e-04	0.00e+00	0.00e+00	3.28e-10	1.72e-10	5.67e-11
 1.35480e+16	7.31e-10	1.26e-05	2.84e-02	5.49e-01	4.02e-01	2.10e-02	1.29e-04	0.00e+00	0.00e+00	4.25e-10	2.23e-10	7.34e-11
 1.38451e+16	9.68e-10	1.55e-05	3.27e-02	5.68e-01	3.81e-01	1.84e-02	1.04e-04	0.00e+00	0.00e+00	5.63e-10	2.96e-10	9.73e-11
 1.41626e+16	1.36e-09	1.98e-05	3.81e-02	5.88e-01	3.58e-01	1.59e-02	8.27e-05	0.00e+00	0.00e+00	7.93e-10	4.17e-10	1.37e-10
 1.44336e+16	1.80e-09	2.42e-05	4.35e-02	6.04e-01	3.38e-01	1.40e-02	6.77e-05	0.00e+00	0.00e+00	1.05e-09	5.50e-10	1.81e-10
 1.46699e+16	2.17e-09	2.80e-05	4.91e-02	6.18e-01	3.21e-01	1.24e-02	5.67e-05	0.00e+00	0.00e+00	1.26e-09	6.62e-10	2.18e-10
 1.48972e+16	2.80e-09	3.38e-05	5.55e-02	6.30e-01	3.03e-01	1.10e-02	4.73e-05	0.00e+00	0.00e+00	1.63e-09	8.56e-10	2.82e-10
 1.51015e+16	3.80e-09	4.18e-05	6.22e-02	6.41e-01	2.87e-01	9.83e-03	3.98e-05	0.00e+00	0.00e+00	2.21e-09	1.16e-09	3.82e-10
 1.52637e+16	4.60e-09	4.81e-05	6.82e-02	6.49e-01	2.74e-01	8.97e-03	3.48e-05	0.00e+00	0.00e+00	2.68e-09	1.41e-09	4.63e-10
 1.54253e+16	5.66e-09	5.60e-05	7.53e-02	6.56e-01	2.61e-01	8.12e-03	3.01e-05	0.00e+00	0.00e+00	3.29e-09	1.73e-09	5.70e-10
 1.56353e+16	7.32e-09	6.80e-05	8.58e-02	6.64e-01	2.43e-01	7.10e-03	2.48e-05	0.00e+00	0.00e+00	4.26e-09	2.24e-09	7.37e-10
 1.58699e+16	1.03e-08	8.73e-05	1.00e-01	6.71e-01	2.23e-01	6.05e-03	1.97e-05	0.00e+00	0.00e+00	6.01e-09	3.16e-09	1.04e-09
 1.60798e+16	1.36e-08	1.08e-04	1.16e-01	6.75e-01	2.04e-01	5.19e-03	1.59e-05	0.00e+00	0.00e+00	7.92e-09	4.17e-09	1.37e-09
 1.62562e+16	1.82e-08	1.33e-04	1.32e-01	6.75e-01	1.88e-01	4.50e-03	1.30e-05	0.00e+00	0.00e+00	1.06e-08	5.58e-09	1.84e-09
 1.64176e+16	2.38e-08	1.63e-04	1.50e-01	6.73e-01	1.73e-01	3.90e-03	1.07e-05	0.00e+00	0.00e+00	1.38e-08	7.29e-09	2.40e-09
 1.65749e+16	3.07e-08	1.98e-04	1.71e-01	6.68e-01	1.57e-01	3.36e-03	8.75e-06	0.00e+00	0.00e+00	1.79e-08	9.40e-09	3.10e-09
 1.67286e+16	4.16e-08	2.48e-04	1.97e-01	6.59e-01	1.41e-01	2.84e-03	7.00e-06	0.00e+00	0.00e+00	2.42e-08	1.27e-08	4.20e-09
 1.68713e+16	5.50e-08	3.06e-04	2.25e-01	6.46e-01	1.26e-01	2.40e-03	5.61e-06	0.00e+00	0.00e+00	3.20e-08	1.68e-08	5.55e-09
 1.69996e+16	7.16e-08	3.73e-04	2.56e-01	6.29e-01	1.12e-01	2.01e-03	4.47e-06	0.00e+00	0.00e+00	4.16e-08	2.19e-08	7.24e-09
 1.71179e+16	9.16e-08	4.52e-04	2.91e-01	6.09e-01	9.88e-02	1.68e-03	3.55e-06	0.00e+00	0.00e+00	5.33e-08	2.81e-08	9.27e-09
 1.72296e+16	1.20e-07	5.53e-04	3.29e-01	5.83e-01	8.58e-02	1.38e-03	2.77e-06	0.00e+00	0.00e+00	6.98e-08	3.68e-08	1.22e-08
 1.73344e+16	1.55e-07	6.72e-04	3.72e-01	5.53e-01	7.34e-02	1.11e-03	2.13e-06	0.00e+00	0.00e+00	9.04e-08	4.76e-08	1.58e-08
 1.74158e+16	1.88e-07	7.78e-04	4.09e-01	5.26e-01	6.41e-02	9.27e-04	1.70e-06	0.00e+00	0.00e+00	1.09e-07	5.77e-08	1.91e-08
 1.74722e+16	2.17e-07	8.67e-04	4.37e-01	5.03e-01	5.75e-02	8.03e-04	1.43e-06	0.00e+00	0.00e+00	1.26e-07	6.67e-08	2.21e-08
 1.75308e+16	2.45e-07	9.54e-04	4.70e-01	4.78e-01	5.06e-02	6.79e-04	1.17e-06	0.00e+00	0.00e+00	1.42e-07	7.51e-08	2.49e-08
 1.76068e+16	3.12e-07	1.14e-03	5.16e-01	4.41e-01	4.20e-02	5.32e-04	8.75e-07	0.00e+00	0.00e+00	1.81e-07	9.58e-08	3.18e-08
 1.76779e+16	3.74e-07	1.30e-03	5.60e-01	4.04e-01	3.47e-02	4.17e-04	0.00e+00	0.00e+00	0.00e+00	2.18e-07	1.15e-07	3.82e-08
 1.77288e+16	4.29e-07	1.44e-03	5.94e-01	3.74e-01	2.95e-02	3.40e-04	0.00e+00	0.00e+00	0.00e+00	2.49e-07	1.32e-07	4.38e-08
 1.77815e+16	4.96e-07	1.60e-03	6.31e-01	3.42e-01	2.45e-02	2.69e-04	0.00e+00	0.00e+00	0.00e+00	2.89e-07	1.53e-07	5.08e-08
 1.78500e+16	5.92e-07	1.81e-03	6.79e-01	3.00e-01	1.88e-02	1.93e-04	0.00e+00	0.00e+00	0.00e+00	3.44e-07	1.82e-07	6.07e-08
 1.79196e+16	7.00e-07	2.04e-03	7.25e-01	2.59e-01	1.40e-02	1.34e-04	0.00e+00	0.00e+00	0.00e+00	4.07e-07	2.15e-07	7.19e-08
 1.79761e+16	7.98e-07	2.23e-03	7.61e-01	2.26e-01	1.08e-02	9.64e-05	0.00e+00	0.00e+00	0.00e+00	4.64e-07	2.46e-07	8.22e-08
 1.80353e+16	9.13e-07	2.44e-03	7.97e-01	1.93e-01	7.93e-03	6.59e-05	0.00e+00	0.00e+00	0.00e+00	5.31e-07	2.81e-07	9.41e-08
 1.81121e+16	1.07e-06	2.70e-03	8.37e-01	1.55e-01	5.20e-03	3.89e-05	0.00e+00	0.00e+00	0.00e+00	6.22e-07	3.29e-07	1.10e-07
 1.81941e+16	1.24e-06	2.95e-03	8.72e-01	1.22e-01	3.26e-03	2.17e-05	0.00e+00	0.00e+00	0.00e+00	7.19e-07	3.81e-07	1.28e-07
 1.82710e+16	1.40e-06	3.17e-03	8.98e-01	9.63e-02	2.07e-03	1.23e-05	0.00e+00	0.00e+00	0.00e+00	8.12e-07	4.31e-07	1.45e-07
 1.83589e+16	1.58e-06	3.39e-03	9.22e-01	7.38e-02	1.22e-03	6.29e-06	0.00e+00	0.00e+00	0.00e+00	9.18e-07	4.87e-07	1.64e-07
 1.84732e+16	1.81e-06	3.64e-03	9.43e-01	5.31e-02	6.28e-04	2.67e-06	0.00e+00	0.00e+00	0.00e+00	1.05e-06	5.58e-07	1.88e-07
 1.86218e+16	2.09e-06	3.90e-03	9.60e-01	3.61e-02	2.79e-04	9.23e-07	0.00e+00	0.00e+00	0.00e+00	1.21e-06	6.45e-07	2.18e-07
 1.88149e+16	2.45e-06	4.18e-03	9.72e-01	2.37e-02	1.09e-04	0.00e+00	0.00e+00	0.00e+00	0.00e+00	1.42e-06	7.56e-07	2.56e-07
 1.90660e+16	2.93e-06	4.49e-03	9.80e-01	1.56e-02	3.87e-05	0.00e+00	0.00e+00	0.00e+00	0.00e+00	1.70e-06	9.06e-07	3.07e-07
 1.93924e+16	3.65e-06	4.88e-03	9.84e-01	1.07e-02	1.31e-05	0.00e+00	0.00e+00	0.00e+00	0.00e+00	2.12e-06	1.13e-06	3.81e-07
 1.98167e+16	4.83e-06	5.42e-03	9.87e-01	7.96e-03	4.41e-06	0.00e+00	0.00e+00	0.00e+00	0.00e+00	2.81e-06	1.49e-06	5.05e-07
 2.02616e+16	6.59e-06	6.08e-03	9.87e-01	6.52e-03	1.79e-06	0.00e+00	0.00e+00	0.00e+00	0.00e+00	3.83e-06	2.03e-06	6.88e-07
 2.06274e+16	8.64e-06	6.74e-03	9.87e-01	5.75e-03	9.48e-07	0.00e+00	0.00e+00	0.00e+00	0.00e+00	5.02e-06	2.67e-06	9.01e-07
 2.09350e+16	1.10e-05	7.41e-03	9.87e-01	5.20e-03	0.00e+00	0.00e+00	0.00e+00	0.00e+00	0.00e+00	6.40e-06	3.40e-06	1.15e-06
 2.12723e+16	1.45e-05	8.27e-03	9.87e-01	4.70e-03	0.00e+00	0.00e+00	0.00e+00	0.00e+00	0.00e+00	8.43e-06	4.48e-06	1.51e-06
 2.16337e+16	1.99e-05	9.43e-03	9.86e-01	4.20e-03	0.00e+00	0.00e+00	0.00e+00	0.00e+00	0.00e+00	1.16e-05	6.15e-06	2.07e-06
 2.19371e+16	2.66e-05	1.07e-02	9.86e-01	3.76e-03	0.00e+00	0.00e+00	0.00e+00	0.00e+00	0.00e+00	1.54e-05	8.20e-06	2.76e-06
 2.21852e+16	3.40e-05	1.19e-02	9.85e-01	3.45e-03	0.00e+00	0.00e+00	0.00e+00	0.00e+00	0.00e+00	1.98e-05	1.05e-05	3.53e-06
 2.24507e+16	4.50e-05	1.35e-02	9.83e-01	3.10e-03	0.00e+00	0.00e+00	0.00e+00	0.00e+00	0.00e+00	2.62e-05	1.39e-05	4.67e-06
 2.26739e+16	5.77e-05	1.51e-02	9.82e-01	2.82e-03	0.00e+00	0.00e+00	0.00e+00	0.00e+00	0.00e+00	3.36e-05	1.78e-05	5.99e-06
 2.27883e+16	6.60e-05	1.61e-02	9.81e-01	2.68e-03	0.00e+00	0.00e+00	0.00e+00	0.00e+00	0.00e+00	3.83e-05	2.03e-05	6.84e-06
 2.28829e+16	7.39e-05	1.70e-02	9.80e-01	2.56e-03	0.00e+00	0.00e+00	0.00e+00	0.00e+00	0.00e+00	4.30e-05	2.28e-05	7.67e-06
 2.30059e+16	8.61e-05	1.83e-02	9.79e-01	2.40e-03	0.00e+00	0.00e+00	0.00e+00	0.00e+00	0.00e+00	5.01e-05	2.65e-05	8.92e-06
 2.31441e+16	1.02e-04	1.99e-02	9.78e-01	2.23e-03	0.00e+00	0.00e+00	0.00e+00	0.00e+00	0.00e+00	5.96e-05	3.16e-05	1.06e-05
 2.32717e+16	1.21e-04	2.16e-02	9.76e-01	2.08e-03	0.00e+00	0.00e+00	0.00e+00	0.00e+00	0.00e+00	7.05e-05	3.74e-05	1.26e-05
 2.33827e+16	1.41e-04	2.33e-02	9.75e-01	1.94e-03	0.00e+00	0.00e+00	0.00e+00	0.00e+00	0.00e+00	8.21e-05	4.35e-05	1.46e-05
 2.35028e+16	1.67e-04	2.54e-02	9.73e-01	1.81e-03	0.00e+00	0.00e+00	0.00e+00	0.00e+00	0.00e+00	9.72e-05	5.15e-05	1.73e-05
