#depth	O	O+	O+2	O+3	O+4	O+5	O+6	O+7	O+8	O[1]	O[2]	O[3]
 1.49634e+10	0.00e+00	1.30e-44	2.59e-34	6.28e-25	2.25e-16	1.08e-08	1.00e+00	0.00e+00	0.00e+00	0.00e+00	0.00e+00	0.00e+00
 4.54887e+10	0.00e+00	0.00e+00	3.55e-34	7.98e-25	2.63e-16	1.17e-08	1.00e+00	6.69e-07	0.00e+00	0.00e+00	0.00e+00	0.00e+00
 7.72350e+10	0.00e+00	2.88e-44	4.88e-34	1.01e-24	3.09e-16	1.27e-08	1.00e+00	0.00e+00	0.00e+00	0.00e+00	0.00e+00	0.00e+00
 1.10251e+11	0.00e+00	0.00e+00	6.71e-34	1.29e-24	3.63e-16	1.37e-08	1.00e+00	0.00e+00	0.00e+00	0.00e+00	0.00e+00	0.00e+00
 1.42152e+11	0.00e+00	6.20e-44	9.02e-34	1.61e-24	4.21e-16	1.48e-08	1.00e+00	0.00e+00	0.00e+00	0.00e+00	0.00e+00	0.00e+00
 1.72155e+11	0.00e+00	0.00e+00	1.18e-33	1.97e-24	4.82e-16	1.59e-08	1.00e+00	0.00e+00	0.00e+00	0.00e+00	0.00e+00	0.00e+00
 2.05793e+11	0.00e+00	1.25e-43	1.58e-33	2.45e-24	5.58e-16	1.71e-08	1.00e+00	0.00e+00	0.00e+00	0.00e+00	0.00e+00	0.00e+00
 2.43952e+11	0.00e+00	0.00e+00	2.18e-33	3.12e-24	6.55e-16	1.85e-08	1.00e+00	0.00e+00	0.00e+00	0.00e+00	0.00e+00	0.00e+00
 2.82349e+11	0.00e+00	2.74e-43	2.97e-33	3.93e-24	7.66e-16	2.00e-08	1.00e+00	0.00e+00	0.00e+00	0.00e+00	0.00e+00	0.00e+00
 3.22282e+11	0.00e+00	0.00e+00	4.04e-33	4.97e-24	8.96e-16	2.16e-08	1.00e+00	0.00e+00	0.00e+00	0.00e+00	0.00e+00	0.00e+00
 3.65100e+11	0.00e+00	6.01e-43	5.57e-33	6.32e-24	1.05e-15	2.35e-08	1.00e+00	0.00e+00	0.00e+00	0.00e+00	0.00e+00	0.00e+00
 4.09631e+11	0.00e+00	0.00e+00	7.68e-33	8.05e-24	1.24e-15	2.55e-08	1.00e+00	0.00e+00	0.00e+00	0.00e+00	0.00e+00	0.00e+00
 4.55943e+11	0.00e+00	1.34e-42	1.06e-32	1.03e-23	1.46e-15	2.76e-08	1.00e+00	0.00e+00	0.00e+00	0.00e+00	0.00e+00	0.00e+00
 5.04108e+11	0.00e+00	0.00e+00	1.46e-32	1.31e-23	1.71e-15	3.00e-08	1.00e+00	0.00e+00	0.00e+00	0.00e+00	0.00e+00	0.00e+00
 5.54199e+11	0.00e+00	2.99e-42	2.02e-32	1.67e-23	2.02e-15	3.25e-08	1.00e+00	0.00e+00	0.00e+00	0.00e+00	0.00e+00	0.00e+00
 6.06294e+11	0.00e+00	0.00e+00	2.78e-32	2.12e-23	2.37e-15	3.53e-08	1.00e+00	0.00e+00	0.00e+00	0.00e+00	0.00e+00	0.00e+00
 6.60472e+11	0.00e+00	6.69e-42	3.84e-32	2.71e-23	2.80e-15	3.83e-08	1.00e+00	0.00e+00	0.00e+00	0.00e+00	0.00e+00	0.00e+00
 7.16818e+11	0.00e+00	0.00e+00	5.31e-32	3.46e-23	3.30e-15	4.16e-08	1.00e+00	0.00e+00	0.00e+00	0.00e+00	0.00e+00	0.00e+00
 7.69920e+11	0.00e+00	1.44e-41	7.13e-32	4.32e-23	3.83e-15	4.49e-08	1.00e+00	0.00e+00	0.00e+00	0.00e+00	0.00e+00	0.00e+00
 8.17595e+11	0.00e+00	0.00e+00	9.21e-32	5.24e-23	4.36e-15	4.79e-08	1.00e+00	0.00e+00	0.00e+00	0.00e+00	0.00e+00	0.00e+00
 8.71180e+11	0.00e+00	2.82e-41	1.22e-31	6.47e-23	5.02e-15	5.15e-08	1.00e+00	0.00e+00	0.00e+00	0.00e+00	0.00e+00	0.00e+00
 9.34461e+11	0.00e+00	0.00e+00	1.68e-31	8.24e-23	5.91e-15	5.59e-08	1.00e+00	0.00e+00	0.00e+00	0.00e+00	0.00e+00	0.00e+00
 9.97668e+11	0.00e+00	6.13e-41	2.28e-31	1.04e-22	6.91e-15	6.05e-08	1.00e+00	0.00e+00	0.00e+00	0.00e+00	0.00e+00	0.00e+00
 1.05726e+12	0.00e+00	0.00e+00	3.01e-31	1.28e-22	7.97e-15	6.50e-08	1.00e+00	0.00e+00	0.00e+00	0.00e+00	0.00e+00	0.00e+00
 1.12333e+12	0.00e+00	1.26e-40	4.06e-31	1.61e-22	9.29e-15	7.02e-08	1.00e+00	0.00e+00	0.00e+00	0.00e+00	0.00e+00	0.00e+00
 1.19819e+12	0.00e+00	0.00e+00	5.64e-31	2.06e-22	1.10e-14	7.64e-08	1.00e+00	0.00e+00	0.00e+00	0.00e+00	0.00e+00	0.00e+00
 1.27309e+12	0.00e+00	2.81e-40	7.75e-31	2.63e-22	1.29e-14	8.30e-08	1.00e+00	0.00e+00	0.00e+00	0.00e+00	0.00e+00	0.00e+00
 1.35098e+12	0.00e+00	0.00e+00	1.06e-30	3.34e-22	1.52e-14	9.01e-08	1.00e+00	0.00e+00	0.00e+00	0.00e+00	0.00e+00	0.00e+00
 1.43494e+12	0.00e+00	6.29e-40	1.48e-30	4.29e-22	1.80e-14	9.82e-08	1.00e+00	0.00e+00	0.00e+00	0.00e+00	0.00e+00	0.00e+00
 1.51370e+12	0.00e+00	0.00e+00	1.99e-30	5.38e-22	2.10e-14	1.06e-07	1.00e+00	0.00e+00	0.00e+00	0.00e+00	0.00e+00	0.00e+00
 1.58402e+12	0.00e+00	1.26e-39	2.58e-30	6.54e-22	2.40e-14	1.14e-07	1.00e+00	0.00e+00	0.00e+00	0.00e+00	0.00e+00	0.00e+00
 1.66305e+12	0.00e+00	0.00e+00	3.42e-30	8.11e-22	2.78e-14	1.22e-07	1.00e+00	0.00e+00	0.00e+00	0.00e+00	0.00e+00	0.00e+00
 1.75683e+12	0.00e+00	2.65e-39	4.72e-30	1.04e-21	3.28e-14	1.33e-07	1.00e+00	0.00e+00	0.00e+00	0.00e+00	0.00e+00	0.00e+00
 1.85097e+12	0.00e+00	0.00e+00	6.45e-30	1.31e-21	3.86e-14	1.45e-07	1.00e+00	0.00e+00	0.00e+00	0.00e+00	0.00e+00	0.00e+00
 1.93917e+12	0.00e+00	5.56e-39	8.56e-30	1.63e-21	4.48e-14	1.56e-07	1.00e+00	0.00e+00	0.00e+00	0.00e+00	0.00e+00	0.00e+00
 2.03697e+12	0.00e+00	0.00e+00	1.16e-29	2.06e-21	5.26e-14	1.69e-07	1.00e+00	0.00e+00	0.00e+00	0.00e+00	0.00e+00	0.00e+00
 2.14837e+12	0.00e+00	1.23e-38	1.62e-29	2.66e-21	6.26e-14	1.85e-07	1.00e+00	0.00e+00	0.00e+00	0.00e+00	0.00e+00	0.00e+00
 2.25795e+12	0.00e+00	0.00e+00	2.23e-29	3.39e-21	7.39e-14	2.01e-07	1.00e+00	0.00e+00	0.00e+00	0.00e+00	0.00e+00	0.00e+00
 2.37191e+12	0.00e+00	2.68e-38	3.06e-29	4.32e-21	8.74e-14	2.19e-07	1.00e+00	0.00e+00	0.00e+00	0.00e+00	0.00e+00	0.00e+00
 2.49672e+12	0.00e+00	0.00e+00	4.27e-29	5.58e-21	1.04e-13	2.40e-07	1.00e+00	0.00e+00	0.00e+00	0.00e+00	0.00e+00	0.00e+00
 2.62209e+12	0.00e+00	6.05e-38	5.91e-29	7.15e-21	1.24e-13	2.62e-07	1.00e+00	0.00e+00	0.00e+00	0.00e+00	0.00e+00	0.00e+00
 2.75247e+12	0.00e+00	0.00e+00	8.17e-29	9.18e-21	1.47e-13	2.87e-07	1.00e+00	0.00e+00	0.00e+00	0.00e+00	0.00e+00	0.00e+00
 2.89250e+12	0.00e+00	1.36e-37	1.14e-28	1.19e-20	1.76e-13	3.15e-07	1.00e+00	0.00e+00	0.00e+00	0.00e+00	0.00e+00	0.00e+00
 3.03119e+12	0.00e+00	0.00e+00	1.57e-28	1.52e-20	2.09e-13	3.44e-07	1.00e+00	0.00e+00	0.00e+00	0.00e+00	0.00e+00	0.00e+00
 3.17543e+12	0.00e+00	2.99e-37	2.16e-28	1.94e-20	2.48e-13	3.76e-07	1.00e+00	0.00e+00	0.00e+00	0.00e+00	0.00e+00	0.00e+00
 3.33238e+12	0.00e+00	0.00e+00	3.02e-28	2.52e-20	2.97e-13	4.13e-07	1.00e+00	0.00e+00	0.00e+00	0.00e+00	0.00e+00	0.00e+00
 3.49560e+12	0.00e+00	6.77e-37	4.22e-28	3.26e-20	3.56e-13	4.54e-07	1.00e+00	0.00e+00	0.00e+00	0.00e+00	0.00e+00	0.00e+00
 3.66535e+12	0.00e+00	0.00e+00	5.89e-28	4.22e-20	4.28e-13	4.99e-07	1.00e+00	0.00e+00	0.00e+00	0.00e+00	0.00e+00	0.00e+00
 3.84189e+12	0.00e+00	1.53e-36	8.20e-28	5.47e-20	5.13e-13	5.49e-07	1.00e+00	0.00e+00	0.00e+00	0.00e+00	0.00e+00	0.00e+00
 4.02550e+12	7.34e-46	2.29e-36	1.14e-27	7.07e-20	6.16e-13	6.04e-07	1.00e+00	0.00e+00	0.00e+00	0.00e+00	0.00e+00	0.00e+00
 4.19182e+12	0.00e+00	0.00e+00	1.52e-27	8.86e-20	7.23e-13	6.57e-07	1.00e+00	0.00e+00	0.00e+00	0.00e+00	0.00e+00	0.00e+00
 4.33085e+12	0.00e+00	4.31e-36	1.92e-27	1.06e-19	8.23e-13	7.04e-07	1.00e+00	0.00e+00	0.00e+00	0.00e+00	0.00e+00	0.00e+00
 4.48334e+12	2.24e-45	5.82e-36	2.46e-27	1.29e-19	9.44e-13	7.57e-07	1.00e+00	0.00e+00	0.00e+00	0.00e+00	0.00e+00	0.00e+00
 4.67589e+12	0.00e+00	0.00e+00	3.33e-27	1.63e-19	1.12e-12	8.28e-07	1.00e+00	0.00e+00	0.00e+00	0.00e+00	0.00e+00	0.00e+00
 4.87639e+12	0.00e+00	1.21e-35	4.50e-27	2.07e-19	1.32e-12	9.06e-07	1.00e+00	0.00e+00	0.00e+00	0.00e+00	0.00e+00	0.00e+00
 5.04800e+12	7.62e-45	1.63e-35	5.76e-27	2.52e-19	1.52e-12	9.76e-07	1.00e+00	0.00e+00	0.00e+00	0.00e+00	0.00e+00	0.00e+00
 5.22616e+12	0.00e+00	0.00e+00	7.38e-27	3.06e-19	1.75e-12	1.05e-06	1.00e+00	0.00e+00	0.00e+00	0.00e+00	0.00e+00	0.00e+00
 5.44836e+12	0.00e+00	3.15e-35	9.95e-27	3.88e-19	2.08e-12	1.15e-06	1.00e+00	0.00e+00	0.00e+00	0.00e+00	0.00e+00	0.00e+00
 5.67354e+12	2.52e-44	4.46e-35	1.33e-26	4.88e-19	2.45e-12	1.26e-06	1.00e+00	0.00e+00	0.00e+00	0.00e+00	0.00e+00	0.00e+00
 5.86942e+12	0.00e+00	5.97e-35	1.69e-26	5.91e-19	2.82e-12	1.36e-06	1.00e+00	0.00e+00	0.00e+00	0.00e+00	0.00e+00	0.00e+00
 6.08146e+12	5.11e-44	8.09e-35	2.18e-26	7.22e-19	3.26e-12	1.47e-06	1.00e+00	0.00e+00	0.00e+00	0.00e+00	0.00e+00	0.00e+00
 6.34029e+12	0.00e+00	1.16e-34	2.94e-26	9.15e-19	3.87e-12	1.61e-06	1.00e+00	0.00e+00	0.00e+00	0.00e+00	0.00e+00	0.00e+00
 6.60397e+12	1.18e-43	1.64e-34	3.92e-26	1.15e-18	4.57e-12	1.76e-06	1.00e+00	0.00e+00	0.00e+00	0.00e+00	0.00e+00	0.00e+00
 6.84522e+12	0.00e+00	2.22e-34	5.06e-26	1.41e-18	5.29e-12	1.91e-06	1.00e+00	0.00e+00	0.00e+00	0.00e+00	0.00e+00	0.00e+00
 7.11330e+12	2.48e-43	3.08e-34	6.65e-26	1.75e-18	6.19e-12	2.08e-06	1.00e+00	0.00e+00	0.00e+00	0.00e+00	0.00e+00	0.00e+00
 7.42508e+12	0.00e+00	4.42e-34	9.02e-26	2.24e-18	7.38e-12	2.29e-06	1.00e+00	0.00e+00	0.00e+00	0.00e+00	0.00e+00	0.00e+00
 7.73348e+12	5.72e-43	6.24e-34	1.20e-25	2.81e-18	8.71e-12	2.50e-06	1.00e+00	0.00e+00	0.00e+00	0.00e+00	0.00e+00	0.00e+00
 8.02829e+12	0.00e+00	8.57e-34	1.57e-25	3.47e-18	1.01e-11	2.72e-06	1.00e+00	0.00e+00	0.00e+00	0.00e+00	0.00e+00	0.00e+00
 8.35341e+12	1.23e-42	1.20e-33	2.08e-25	4.35e-18	1.19e-11	2.97e-06	1.00e+00	0.00e+00	0.00e+00	0.00e+00	0.00e+00	0.00e+00
 8.71748e+12	0.00e+00	1.72e-33	2.81e-25	5.53e-18	1.42e-11	3.26e-06	1.00e+00	0.00e+00	0.00e+00	0.00e+00	0.00e+00	0.00e+00
 9.08359e+12	2.84e-42	2.43e-33	3.75e-25	6.97e-18	1.67e-11	3.57e-06	1.00e+00	0.00e+00	0.00e+00	0.00e+00	0.00e+00	0.00e+00
 9.41204e+12	0.00e+00	3.28e-33	4.83e-25	8.52e-18	1.93e-11	3.86e-06	1.00e+00	0.00e+00	0.00e+00	0.00e+00	0.00e+00	0.00e+00
 9.69054e+12	5.41e-42	4.20e-33	5.93e-25	1.00e-17	2.17e-11	4.11e-06	1.00e+00	0.00e+00	0.00e+00	0.00e+00	0.00e+00	0.00e+00
 9.99084e+12	0.00e+00	5.45e-33	7.37e-25	1.19e-17	2.45e-11	4.39e-06	1.00e+00	0.00e+00	0.00e+00	0.00e+00	0.00e+00	0.00e+00
 1.03788e+13	1.07e-41	7.52e-33	9.65e-25	1.48e-17	2.86e-11	4.78e-06	1.00e+00	0.00e+00	0.00e+00	0.00e+00	0.00e+00	0.00e+00
 1.07832e+13	0.00e+00	1.04e-32	1.27e-24	1.83e-17	3.33e-11	5.19e-06	1.00e+00	0.00e+00	0.00e+00	0.00e+00	0.00e+00	0.00e+00
 1.11305e+13	2.16e-41	1.36e-32	1.59e-24	2.19e-17	3.78e-11	5.56e-06	1.00e+00	0.00e+00	0.00e+00	0.00e+00	0.00e+00	0.00e+00
 1.15008e+13	0.00e+00	1.80e-32	2.00e-24	2.64e-17	4.31e-11	5.97e-06	1.00e+00	0.00e+00	0.00e+00	0.00e+00	0.00e+00	0.00e+00
 1.19593e+13	4.43e-41	2.51e-32	2.64e-24	3.29e-17	5.04e-11	6.50e-06	1.00e+00	0.00e+00	0.00e+00	0.00e+00	0.00e+00	0.00e+00
 1.24298e+13	0.00e+00	3.49e-32	3.48e-24	4.10e-17	5.88e-11	7.07e-06	1.00e+00	0.00e+00	0.00e+00	0.00e+00	0.00e+00	0.00e+00
 1.28544e+13	9.16e-41	4.66e-32	4.43e-24	4.96e-17	6.72e-11	7.60e-06	1.00e+00	0.00e+00	0.00e+00	0.00e+00	0.00e+00	0.00e+00
 1.33217e+13	0.00e+00	6.34e-32	5.72e-24	6.07e-17	7.75e-11	8.21e-06	1.00e+00	0.00e+00	0.00e+00	0.00e+00	0.00e+00	0.00e+00
 1.38317e+13	1.92e-40	8.75e-32	7.49e-24	7.51e-17	9.00e-11	8.90e-06	1.00e+00	0.00e+00	0.00e+00	0.00e+00	0.00e+00	0.00e+00
 1.42946e+13	0.00e+00	1.16e-31	9.48e-24	9.06e-17	1.03e-10	9.56e-06	1.00e+00	0.00e+00	0.00e+00	0.00e+00	0.00e+00	0.00e+00
 1.47939e+13	3.80e-40	1.56e-31	1.21e-23	1.10e-16	1.18e-10	1.03e-05	1.00e+00	0.00e+00	0.00e+00	0.00e+00	0.00e+00	0.00e+00
 1.53550e+13	0.00e+00	2.16e-31	1.59e-23	1.36e-16	1.36e-10	1.11e-05	1.00e+00	0.00e+00	0.00e+00	0.00e+00	0.00e+00	0.00e+00
 1.58873e+13	7.87e-40	2.90e-31	2.03e-23	1.65e-16	1.56e-10	1.20e-05	1.00e+00	0.00e+00	0.00e+00	0.00e+00	0.00e+00	0.00e+00
 1.64702e+13	0.00e+00	3.98e-31	2.64e-23	2.03e-16	1.80e-10	1.29e-05	1.00e+00	0.00e+00	0.00e+00	0.00e+00	0.00e+00	0.00e+00
 1.71153e+13	1.69e-39	5.56e-31	3.49e-23	2.53e-16	2.10e-10	1.40e-05	1.00e+00	0.00e+00	0.00e+00	0.00e+00	0.00e+00	0.00e+00
 1.77148e+13	0.00e+00	7.52e-31	4.48e-23	3.08e-16	2.40e-10	1.51e-05	1.00e+00	0.00e+00	0.00e+00	0.00e+00	0.00e+00	0.00e+00
 1.83677e+13	3.52e-39	1.04e-30	5.84e-23	3.79e-16	2.77e-10	1.63e-05	1.00e+00	0.00e+00	0.00e+00	0.00e+00	0.00e+00	0.00e+00
 1.90993e+13	0.00e+00	1.46e-30	7.76e-23	4.74e-16	3.24e-10	1.77e-05	1.00e+00	0.00e+00	0.00e+00	0.00e+00	0.00e+00	0.00e+00
 1.97923e+13	7.64e-39	2.00e-30	1.01e-22	5.81e-16	3.73e-10	1.91e-05	1.00e+00	0.00e+00	0.00e+00	0.00e+00	0.00e+00	0.00e+00
 2.05401e+13	0.00e+00	2.78e-30	1.33e-22	7.19e-16	4.31e-10	2.07e-05	1.00e+00	0.00e+00	0.00e+00	0.00e+00	0.00e+00	0.00e+00
 2.13728e+13	1.71e-38	3.96e-30	1.77e-22	9.04e-16	5.05e-10	2.25e-05	1.00e+00	0.00e+00	0.00e+00	0.00e+00	0.00e+00	0.00e+00
 2.21763e+13	0.00e+00	5.51e-30	2.33e-22	1.12e-15	5.84e-10	2.43e-05	1.00e+00	0.00e+00	0.00e+00	0.00e+00	0.00e+00	0.00e+00
 2.30308e+13	3.76e-38	7.74e-30	3.09e-22	1.39e-15	6.78e-10	2.63e-05	1.00e+00	0.00e+00	0.00e+00	0.00e+00	0.00e+00	0.00e+00
 2.39820e+13	0.00e+00	1.11e-29	4.16e-22	1.76e-15	7.96e-10	2.87e-05	1.00e+00	0.00e+00	0.00e+00	0.00e+00	0.00e+00	0.00e+00
 2.49373e+13	8.76e-38	1.58e-29	5.57e-22	2.20e-15	9.29e-10	3.11e-05	1.00e+00	0.00e+00	0.00e+00	0.00e+00	0.00e+00	0.00e+00
 2.59308e+13	0.00e+00	2.26e-29	7.46e-22	2.76e-15	1.08e-09	3.37e-05	1.00e+00	0.00e+00	0.00e+00	0.00e+00	0.00e+00	0.00e+00
 2.69980e+13	2.05e-37	3.26e-29	1.01e-21	3.49e-15	1.27e-09	3.67e-05	1.00e+00	0.00e+00	0.00e+00	0.00e+00	0.00e+00	0.00e+00
 2.81078e+13	0.00e+00	4.71e-29	1.36e-21	4.41e-15	1.49e-09	3.99e-05	1.00e+00	0.00e+00	0.00e+00	0.00e+00	0.00e+00	0.00e+00
 2.92005e+13	4.81e-37	6.69e-29	1.82e-21	5.50e-15	1.73e-09	4.32e-05	1.00e+00	0.00e+00	0.00e+00	0.00e+00	0.00e+00	0.00e+00
 3.02171e+13	0.00e+00	9.16e-29	2.35e-21	6.72e-15	1.98e-09	4.64e-05	1.00e+00	0.00e+00	0.00e+00	0.00e+00	0.00e+00	0.00e+00
 3.11345e+13	9.67e-37	1.21e-28	2.95e-21	7.99e-15	2.23e-09	4.93e-05	1.00e+00	0.00e+00	0.00e+00	0.00e+00	0.00e+00	0.00e+00
 3.21183e+13	0.00e+00	1.61e-28	3.73e-21	9.58e-15	2.52e-09	5.26e-05	1.00e+00	0.00e+00	0.00e+00	0.00e+00	0.00e+00	0.00e+00
 3.33428e+13	2.06e-36	2.28e-28	4.96e-21	1.19e-14	2.92e-09	5.68e-05	1.00e+00	0.00e+00	0.00e+00	0.00e+00	0.00e+00	0.00e+00
 3.45705e+13	0.00e+00	3.20e-28	6.53e-21	1.47e-14	3.37e-09	6.12e-05	1.00e+00	0.00e+00	0.00e+00	0.00e+00	0.00e+00	0.00e+00
 3.56265e+13	4.29e-36	4.24e-28	8.22e-21	1.76e-14	3.80e-09	6.51e-05	1.00e+00	0.00e+00	0.00e+00	0.00e+00	0.00e+00	0.00e+00
 3.67689e+13	0.00e+00	5.71e-28	1.05e-20	2.11e-14	4.30e-09	6.94e-05	1.00e+00	0.00e+00	0.00e+00	0.00e+00	0.00e+00	0.00e+00
 3.81779e+13	9.31e-36	8.14e-28	1.40e-20	2.63e-14	4.99e-09	7.49e-05	1.00e+00	0.00e+00	0.00e+00	0.00e+00	0.00e+00	0.00e+00
 3.95860e+13	0.00e+00	1.15e-27	1.84e-20	3.26e-14	5.75e-09	8.07e-05	1.00e+00	0.00e+00	0.00e+00	0.00e+00	0.00e+00	0.00e+00
 4.08024e+13	1.97e-35	1.53e-27	2.33e-20	3.89e-14	6.48e-09	8.58e-05	1.00e+00	0.00e+00	0.00e+00	0.00e+00	0.00e+00	0.00e+00
 4.21170e+13	0.00e+00	2.07e-27	2.97e-20	4.68e-14	7.35e-09	9.14e-05	1.00e+00	0.00e+00	0.00e+00	0.00e+00	0.00e+00	0.00e+00
 4.37322e+13	4.33e-35	2.96e-27	3.97e-20	5.84e-14	8.52e-09	9.87e-05	1.00e+00	0.00e+00	0.00e+00	0.00e+00	0.00e+00	0.00e+00
 4.53617e+13	6.57e-35	4.20e-27	5.28e-20	7.25e-14	9.85e-09	1.06e-04	1.00e+00	0.00e+00	0.00e+00	0.00e+00	0.00e+00	0.00e+00
 4.68063e+13	9.44e-35	5.69e-27	6.73e-20	8.72e-14	1.11e-08	1.13e-04	1.00e+00	0.00e+00	0.00e+00	0.00e+00	0.00e+00	0.00e+00
 4.83868e+13	1.38e-34	7.83e-27	8.71e-20	1.06e-13	1.27e-08	1.21e-04	1.00e+00	0.00e+00	0.00e+00	0.00e+00	0.00e+00	0.00e+00
 5.02807e+13	2.15e-34	1.13e-26	1.17e-19	1.33e-13	1.48e-08	1.31e-04	1.00e+00	0.00e+00	0.00e+00	0.00e+00	0.00e+00	0.00e+00
 5.21669e+13	3.28e-34	1.62e-26	1.56e-19	1.65e-13	1.71e-08	1.41e-04	1.00e+00	0.00e+00	0.00e+00	0.00e+00	0.00e+00	0.00e+00
 5.38861e+13	4.79e-34	2.22e-26	2.02e-19	2.00e-13	1.94e-08	1.50e-04	1.00e+00	0.00e+00	0.00e+00	0.00e+00	0.00e+00	0.00e+00
 5.58032e+13	7.19e-34	3.11e-26	2.65e-19	2.46e-13	2.23e-08	1.61e-04	1.00e+00	0.00e+00	0.00e+00	0.00e+00	0.00e+00	0.00e+00
 5.80394e+13	1.13e-33	4.55e-26	3.60e-19	3.10e-13	2.61e-08	1.74e-04	1.00e+00	0.00e+00	0.00e+00	0.00e+00	0.00e+00	0.00e+00
 6.02429e+13	1.75e-33	6.55e-26	4.82e-19	3.87e-13	3.02e-08	1.88e-04	1.00e+00	0.00e+00	0.00e+00	0.00e+00	0.00e+00	0.00e+00
 6.23297e+13	2.61e-33	9.14e-26	6.30e-19	4.73e-13	3.46e-08	2.01e-04	1.00e+00	0.00e+00	0.00e+00	0.00e+00	0.00e+00	0.00e+00
 6.46482e+13	4.00e-33	1.31e-25	8.39e-19	5.87e-13	3.99e-08	2.16e-04	1.00e+00	0.00e+00	0.00e+00	0.00e+00	0.00e+00	0.00e+00
 6.72640e+13	6.34e-33	1.92e-25	1.15e-18	7.42e-13	4.67e-08	2.34e-04	1.00e+00	0.00e+00	0.00e+00	0.00e+00	0.00e+00	0.00e+00
 6.98937e+13	9.95e-33	2.80e-25	1.55e-18	9.31e-13	5.44e-08	2.52e-04	1.00e+00	0.00e+00	0.00e+00	0.00e+00	0.00e+00	0.00e+00
 7.26286e+13	1.56e-32	4.07e-25	2.09e-18	1.17e-12	6.33e-08	2.72e-04	1.00e+00	0.00e+00	0.00e+00	0.00e+00	0.00e+00	0.00e+00
 7.55637e+13	2.48e-32	6.00e-25	2.86e-18	1.48e-12	7.40e-08	2.95e-04	1.00e+00	0.00e+00	0.00e+00	0.00e+00	0.00e+00	0.00e+00
 7.84079e+13	3.82e-32	8.61e-25	3.82e-18	1.84e-12	8.57e-08	3.18e-04	1.00e+00	0.00e+00	0.00e+00	0.00e+00	0.00e+00	0.00e+00
 8.10863e+13	5.66e-32	1.20e-24	4.98e-18	2.25e-12	9.79e-08	3.40e-04	1.00e+00	0.00e+00	0.00e+00	0.00e+00	0.00e+00	0.00e+00
 8.40800e+13	8.64e-32	1.70e-24	6.62e-18	2.78e-12	1.13e-07	3.65e-04	1.00e+00	0.00e+00	0.00e+00	0.00e+00	0.00e+00	0.00e+00
 8.70962e+13	1.30e-31	2.40e-24	8.73e-18	3.43e-12	1.30e-07	3.92e-04	1.00e+00	0.00e+00	0.00e+00	0.00e+00	0.00e+00	0.00e+00
 8.96048e+13	1.82e-31	3.17e-24	1.09e-17	4.06e-12	1.45e-07	4.15e-04	1.00e+00	0.00e+00	0.00e+00	0.00e+00	0.00e+00	0.00e+00
 9.22629e+13	2.55e-31	4.21e-24	1.37e-17	4.83e-12	1.63e-07	4.40e-04	1.00e+00	0.00e+00	0.00e+00	0.00e+00	0.00e+00	0.00e+00
 9.56555e+13	3.88e-31	5.99e-24	1.82e-17	5.98e-12	1.88e-07	4.73e-04	1.00e+00	0.00e+00	0.00e+00	0.00e+00	0.00e+00	0.00e+00
 9.92117e+13	5.98e-31	8.62e-24	2.45e-17	7.43e-12	2.18e-07	5.10e-04	9.99e-01	0.00e+00	0.00e+00	0.00e+00	0.00e+00	0.00e+00
 1.02361e+14	8.53e-31	1.16e-23	3.10e-17	8.95e-12	2.47e-07	5.43e-04	9.99e-01	0.00e+00	0.00e+00	0.00e+00	0.00e+00	0.00e+00
 1.05774e+14	1.25e-30	1.59e-23	4.01e-17	1.09e-11	2.81e-07	5.80e-04	9.99e-01	0.00e+00	0.00e+00	0.00e+00	0.00e+00	0.00e+00
 1.09872e+14	1.93e-30	2.30e-23	5.40e-17	1.36e-11	3.27e-07	6.26e-04	9.99e-01	0.00e+00	0.00e+00	0.00e+00	0.00e+00	0.00e+00
 1.14022e+14	2.96e-30	3.29e-23	7.21e-17	1.70e-11	3.79e-07	6.75e-04	9.99e-01	0.00e+00	0.00e+00	0.00e+00	0.00e+00	0.00e+00
 1.17916e+14	4.36e-30	4.55e-23	9.37e-17	2.07e-11	4.33e-07	7.23e-04	9.99e-01	0.00e+00	0.00e+00	0.00e+00	0.00e+00	0.00e+00
 1.21673e+14	6.25e-30	6.16e-23	1.20e-16	2.49e-11	4.90e-07	7.71e-04	9.99e-01	0.00e+00	0.00e+00	0.00e+00	0.00e+00	0.00e+00
 1.25917e+14	9.24e-30	8.56e-23	1.56e-16	3.06e-11	5.62e-07	8.27e-04	9.99e-01	0.00e+00	0.00e+00	0.00e+00	0.00e+00	0.00e+00
 1.30598e+14	1.41e-29	1.22e-22	2.08e-16	3.80e-11	6.50e-07	8.91e-04	9.99e-01	0.00e+00	0.00e+00	0.00e+00	0.00e+00	0.00e+00
 1.34914e+14	2.04e-29	1.66e-22	2.68e-16	4.60e-11	7.40e-07	9.52e-04	9.99e-01	0.00e+00	0.00e+00	0.00e+00	0.00e+00	0.00e+00
 1.39593e+14	3.01e-29	2.31e-22	3.50e-16	5.64e-11	8.47e-07	1.02e-03	9.99e-01	0.00e+00	0.00e+00	0.00e+00	0.00e+00	0.00e+00
 1.44820e+14	4.58e-29	3.28e-22	4.66e-16	7.01e-11	9.81e-07	1.10e-03	9.99e-01	0.00e+00	0.00e+00	0.00e+00	0.00e+00	0.00e+00
 1.49735e+14	6.70e-29	4.53e-22	6.04e-16	8.55e-11	1.12e-06	1.18e-03	9.99e-01	0.00e+00	0.00e+00	0.00e+00	0.00e+00	0.00e+00
 1.55099e+14	1.00e-28	6.35e-22	7.95e-16	1.05e-10	1.29e-06	1.27e-03	9.99e-01	0.00e+00	0.00e+00	0.00e+00	0.00e+00	0.00e+00
 1.61054e+14	1.54e-28	9.11e-22	1.07e-15	1.32e-10	1.50e-06	1.37e-03	9.99e-01	0.00e+00	0.00e+00	0.00e+00	0.00e+00	0.00e+00
 1.66613e+14	2.26e-28	1.26e-21	1.39e-15	1.61e-10	1.71e-06	1.47e-03	9.99e-01	0.00e+00	0.00e+00	0.00e+00	0.00e+00	0.00e+00
 1.72648e+14	3.39e-28	1.77e-21	1.83e-15	1.99e-10	1.97e-06	1.58e-03	9.98e-01	0.00e+00	0.00e+00	0.00e+00	0.00e+00	0.00e+00
 1.79398e+14	5.25e-28	2.56e-21	2.47e-15	2.50e-10	2.30e-06	1.71e-03	9.98e-01	0.00e+00	0.00e+00	0.00e+00	0.00e+00	0.00e+00
 1.85821e+14	7.85e-28	3.59e-21	3.25e-15	3.08e-10	2.65e-06	1.84e-03	9.98e-01	0.00e+00	0.00e+00	0.00e+00	0.00e+00	0.00e+00
 1.92687e+14	1.19e-27	5.09e-21	4.31e-15	3.82e-10	3.06e-06	1.98e-03	9.98e-01	0.00e+00	0.00e+00	0.00e+00	0.00e+00	0.00e+00
 2.00424e+14	1.86e-27	7.43e-21	5.87e-15	4.83e-10	3.58e-06	2.15e-03	9.98e-01	0.00e+00	0.00e+00	0.00e+00	0.00e+00	0.00e+00
 2.08056e+14	2.85e-27	1.06e-20	7.85e-15	6.03e-10	4.15e-06	2.32e-03	9.98e-01	0.00e+00	0.00e+00	0.00e+00	0.00e+00	0.00e+00
 2.15993e+14	4.37e-27	1.53e-20	1.05e-14	7.53e-10	4.82e-06	2.50e-03	9.97e-01	0.00e+00	0.00e+00	0.00e+00	0.00e+00	0.00e+00
 2.24131e+14	6.68e-27	2.18e-20	1.40e-14	9.39e-10	5.58e-06	2.70e-03	9.97e-01	0.00e+00	0.00e+00	0.00e+00	0.00e+00	0.00e+00
 2.31673e+14	9.76e-27	3.00e-20	1.82e-14	1.14e-09	6.37e-06	2.89e-03	9.97e-01	0.00e+00	0.00e+00	0.00e+00	0.00e+00	0.00e+00
 2.40049e+14	1.47e-26	4.22e-20	2.40e-14	1.41e-09	7.33e-06	3.10e-03	9.97e-01	0.00e+00	0.00e+00	0.00e+00	0.00e+00	0.00e+00
 2.49249e+14	2.26e-26	6.08e-20	3.23e-14	1.76e-09	8.52e-06	3.35e-03	9.97e-01	0.00e+00	0.00e+00	0.00e+00	0.00e+00	0.00e+00
 2.57756e+14	3.33e-26	8.41e-20	4.20e-14	2.15e-09	9.73e-06	3.59e-03	9.96e-01	0.00e+00	0.00e+00	0.00e+00	0.00e+00	0.00e+00
 2.65222e+14	4.63e-26	1.11e-19	5.25e-14	2.55e-09	1.09e-05	3.80e-03	9.96e-01	0.00e+00	0.00e+00	0.00e+00	0.00e+00	0.00e+00
 2.73130e+14	6.49e-26	1.47e-19	6.61e-14	3.04e-09	1.23e-05	4.03e-03	9.96e-01	0.00e+00	0.00e+00	0.00e+00	0.00e+00	0.00e+00
 2.83167e+14	9.85e-26	2.09e-19	8.77e-14	3.77e-09	1.41e-05	4.34e-03	9.96e-01	0.00e+00	0.00e+00	0.00e+00	0.00e+00	0.00e+00
 2.93335e+14	1.48e-25	2.95e-19	1.16e-13	4.65e-09	1.63e-05	4.66e-03	9.95e-01	0.00e+00	0.00e+00	0.00e+00	0.00e+00	0.00e+00
 3.01920e+14	2.07e-25	3.90e-19	1.45e-13	5.52e-09	1.83e-05	4.94e-03	9.95e-01	0.00e+00	0.00e+00	0.00e+00	0.00e+00	0.00e+00
 3.11083e+14	2.93e-25	5.22e-19	1.84e-13	6.60e-09	2.06e-05	5.25e-03	9.95e-01	0.00e+00	0.00e+00	0.00e+00	0.00e+00	0.00e+00
 3.22603e+14	4.46e-25	7.44e-19	2.44e-13	8.19e-09	2.38e-05	5.65e-03	9.94e-01	0.00e+00	0.00e+00	0.00e+00	0.00e+00	0.00e+00
 3.34508e+14	6.79e-25	1.06e-18	3.25e-13	1.02e-08	2.74e-05	6.09e-03	9.94e-01	0.00e+00	0.00e+00	0.00e+00	0.00e+00	0.00e+00
 3.44987e+14	9.73e-25	1.43e-18	4.14e-13	1.22e-08	3.10e-05	6.48e-03	9.93e-01	0.00e+00	0.00e+00	0.00e+00	0.00e+00	0.00e+00
 3.56292e+14	1.41e-24	1.96e-18	5.34e-13	1.48e-08	3.53e-05	6.91e-03	9.93e-01	0.00e+00	0.00e+00	0.00e+00	0.00e+00	0.00e+00
 3.69950e+14	2.19e-24	2.82e-18	7.17e-13	1.85e-08	4.09e-05	7.46e-03	9.92e-01	0.00e+00	0.00e+00	0.00e+00	0.00e+00	0.00e+00
 3.83496e+14	3.32e-24	4.00e-18	9.52e-13	2.29e-08	4.72e-05	8.02e-03	9.92e-01	0.00e+00	0.00e+00	0.00e+00	0.00e+00	0.00e+00
 3.95512e+14	4.75e-24	5.41e-18	1.21e-12	2.75e-08	5.34e-05	8.54e-03	9.91e-01	0.00e+00	0.00e+00	0.00e+00	0.00e+00	0.00e+00
 4.08711e+14	6.93e-24	7.43e-18	1.57e-12	3.34e-08	6.08e-05	9.13e-03	9.91e-01	0.00e+00	0.00e+00	0.00e+00	0.00e+00	0.00e+00
 4.24510e+14	1.07e-23	1.07e-17	2.11e-12	4.19e-08	7.07e-05	9.86e-03	9.90e-01	0.00e+00	0.00e+00	0.00e+00	0.00e+00	0.00e+00
 4.40214e+14	1.63e-23	1.53e-17	2.81e-12	5.20e-08	8.17e-05	1.06e-02	9.89e-01	0.00e+00	0.00e+00	0.00e+00	0.00e+00	0.00e+00
 4.54473e+14	2.36e-23	2.08e-17	3.60e-12	6.28e-08	9.27e-05	1.13e-02	9.89e-01	0.00e+00	0.00e+00	0.00e+00	0.00e+00	0.00e+00
 4.70329e+14	3.48e-23	2.89e-17	4.71e-12	7.70e-08	1.06e-04	1.21e-02	9.88e-01	0.00e+00	0.00e+00	0.00e+00	0.00e+00	0.00e+00
 4.88891e+14	5.41e-23	4.19e-17	6.36e-12	9.69e-08	1.24e-04	1.31e-02	9.87e-01	0.00e+00	0.00e+00	0.00e+00	0.00e+00	0.00e+00
 5.07176e+14	8.23e-23	5.96e-17	8.47e-12	1.21e-07	1.43e-04	1.42e-02	9.86e-01	0.00e+00	0.00e+00	0.00e+00	0.00e+00	0.00e+00
 5.24315e+14	1.20e-22	8.20e-17	1.10e-11	1.47e-07	1.63e-04	1.52e-02	9.85e-01	0.00e+00	0.00e+00	0.00e+00	0.00e+00	0.00e+00
 5.43441e+14	1.79e-22	1.15e-16	1.45e-11	1.81e-07	1.88e-04	1.63e-02	9.83e-01	0.00e+00	0.00e+00	0.00e+00	0.00e+00	0.00e+00
 5.65208e+14	2.79e-22	1.67e-16	1.96e-11	2.29e-07	2.20e-04	1.77e-02	9.82e-01	0.00e+00	0.00e+00	0.00e+00	0.00e+00	0.00e+00
 5.86887e+14	4.22e-22	2.38e-16	2.62e-11	2.86e-07	2.55e-04	1.91e-02	9.81e-01	0.00e+00	0.00e+00	0.00e+00	0.00e+00	0.00e+00
 6.07739e+14	6.24e-22	3.32e-16	3.44e-11	3.52e-07	2.93e-04	2.05e-02	9.79e-01	0.00e+00	0.00e+00	0.00e+00	0.00e+00	0.00e+00
 6.25854e+14	8.57e-22	4.35e-16	4.30e-11	4.18e-07	3.29e-04	2.18e-02	9.78e-01	0.00e+00	0.00e+00	0.00e+00	0.00e+00	0.00e+00
 6.41038e+14	1.12e-21	5.45e-16	5.17e-11	4.82e-07	3.61e-04	2.29e-02	9.77e-01	0.00e+00	0.00e+00	0.00e+00	0.00e+00	0.00e+00
 6.57916e+14	1.48e-21	6.94e-16	6.30e-11	5.62e-07	4.00e-04	2.42e-02	9.75e-01	0.00e+00	0.00e+00	0.00e+00	0.00e+00	0.00e+00
 6.79857e+14	2.11e-21	9.40e-16	8.10e-11	6.82e-07	4.56e-04	2.59e-02	9.74e-01	0.00e+00	0.00e+00	0.00e+00	0.00e+00	0.00e+00
 7.02977e+14	3.02e-21	1.28e-15	1.05e-10	8.31e-07	5.20e-04	2.78e-02	9.72e-01	0.00e+00	0.00e+00	0.00e+00	0.00e+00	0.00e+00
 7.22910e+14	4.07e-21	1.65e-15	1.29e-10	9.79e-07	5.80e-04	2.95e-02	9.70e-01	0.00e+00	0.00e+00	0.00e+00	0.00e+00	0.00e+00
 7.44104e+14	5.52e-21	2.15e-15	1.61e-10	1.16e-06	6.50e-04	3.14e-02	9.68e-01	0.00e+00	0.00e+00	0.00e+00	0.00e+00	0.00e+00
 7.71220e+14	8.05e-21	2.97e-15	2.11e-10	1.43e-06	7.47e-04	3.38e-02	9.65e-01	0.00e+00	0.00e+00	0.00e+00	0.00e+00	0.00e+00
 7.99140e+14	1.17e-20	4.10e-15	2.76e-10	1.77e-06	8.59e-04	3.65e-02	9.63e-01	0.00e+00	0.00e+00	0.00e+00	0.00e+00	0.00e+00
 8.23030e+14	1.59e-20	5.35e-15	3.45e-10	2.10e-06	9.64e-04	3.88e-02	9.60e-01	0.00e+00	0.00e+00	0.00e+00	0.00e+00	0.00e+00
 8.48575e+14	2.16e-20	7.02e-15	4.33e-10	2.51e-06	1.09e-03	4.15e-02	9.57e-01	0.00e+00	0.00e+00	0.00e+00	0.00e+00	0.00e+00
 8.80288e+14	3.15e-20	9.76e-15	5.72e-10	3.12e-06	1.25e-03	4.48e-02	9.54e-01	0.00e+00	0.00e+00	0.00e+00	0.00e+00	0.00e+00
 9.12807e+14	4.56e-20	1.35e-14	7.50e-10	3.85e-06	1.44e-03	4.84e-02	9.50e-01	0.00e+00	0.00e+00	0.00e+00	0.00e+00	0.00e+00
 9.41723e+14	6.25e-20	1.78e-14	9.48e-10	4.63e-06	1.63e-03	5.18e-02	9.47e-01	0.00e+00	0.00e+00	0.00e+00	0.00e+00	0.00e+00
 9.73169e+14	8.64e-20	2.37e-14	1.21e-09	5.61e-06	1.85e-03	5.56e-02	9.43e-01	0.00e+00	0.00e+00	0.00e+00	0.00e+00	0.00e+00
 1.01078e+15	1.27e-19	3.33e-14	1.61e-09	7.00e-06	2.14e-03	6.02e-02	9.38e-01	0.00e+00	0.00e+00	0.00e+00	0.00e+00	0.00e+00
 1.04788e+15	1.82e-19	4.57e-14	2.11e-09	8.65e-06	2.46e-03	6.50e-02	9.33e-01	0.00e+00	0.00e+00	0.00e+00	0.00e+00	0.00e+00
 1.08119e+15	2.48e-19	6.02e-14	2.66e-09	1.04e-05	2.77e-03	6.95e-02	9.28e-01	0.00e+00	0.00e+00	0.00e+00	0.00e+00	0.00e+00
 1.11808e+15	3.46e-19	8.10e-14	3.42e-09	1.26e-05	3.15e-03	7.46e-02	9.22e-01	0.00e+00	0.00e+00	0.00e+00	0.00e+00	0.00e+00
 1.16172e+15	5.06e-19	1.14e-13	4.56e-09	1.58e-05	3.65e-03	8.08e-02	9.15e-01	0.00e+00	0.00e+00	0.00e+00	0.00e+00	0.00e+00
 1.20488e+15	7.26e-19	1.57e-13	5.99e-09	1.95e-05	4.19e-03	8.72e-02	9.09e-01	0.00e+00	0.00e+00	0.00e+00	0.00e+00	0.00e+00
 1.24468e+15	1.00e-18	2.09e-13	7.64e-09	2.35e-05	4.73e-03	9.33e-02	9.02e-01	0.00e+00	0.00e+00	0.00e+00	0.00e+00	0.00e+00
 1.28938e+15	1.42e-18	2.86e-13	9.96e-09	2.89e-05	5.40e-03	1.00e-01	8.94e-01	0.00e+00	0.00e+00	0.00e+00	0.00e+00	0.00e+00
 1.34095e+15	2.10e-18	4.06e-13	1.34e-08	3.63e-05	6.26e-03	1.09e-01	8.85e-01	0.00e+00	0.00e+00	0.00e+00	0.00e+00	0.00e+00
 1.39137e+15	3.03e-18	5.65e-13	1.76e-08	4.49e-05	7.18e-03	1.17e-01	8.76e-01	0.00e+00	0.00e+00	0.00e+00	0.00e+00	0.00e+00
 1.43956e+15	4.26e-18	7.66e-13	2.28e-08	5.46e-05	8.15e-03	1.26e-01	8.66e-01	0.00e+00	0.00e+00	0.00e+00	0.00e+00	0.00e+00
 1.49294e+15	6.15e-18	1.06e-12	3.00e-08	6.74e-05	9.32e-03	1.35e-01	8.56e-01	0.00e+00	0.00e+00	0.00e+00	0.00e+00	0.00e+00
 1.54318e+15	8.58e-18	1.43e-12	3.85e-08	8.15e-05	1.05e-02	1.44e-01	8.45e-01	0.00e+00	0.00e+00	0.00e+00	0.00e+00	0.00e+00
 1.58097e+15	1.10e-17	1.78e-12	4.62e-08	9.35e-05	1.15e-02	1.51e-01	8.38e-01	0.00e+00	0.00e+00	0.00e+00	0.00e+00	0.00e+00
 1.61971e+15	1.40e-17	2.22e-12	5.55e-08	1.07e-04	1.25e-02	1.58e-01	8.29e-01	0.00e+00	0.00e+00	0.00e+00	0.00e+00	0.00e+00
 1.67007e+15	1.91e-17	2.93e-12	6.99e-08	1.28e-04	1.40e-02	1.67e-01	8.19e-01	0.00e+00	0.00e+00	0.00e+00	0.00e+00	0.00e+00
 1.72448e+15	2.70e-17	3.93e-12	8.91e-08	1.53e-04	1.57e-02	1.78e-01	8.07e-01	0.00e+00	0.00e+00	1.56e-17	8.14e-18	2.76e-18
 1.77328e+15	3.60e-17	5.06e-12	1.10e-07	1.79e-04	1.73e-02	1.87e-01	7.96e-01	0.00e+00	0.00e+00	2.06e-17	1.09e-17	3.68e-18
 1.82585e+15	4.86e-17	6.62e-12	1.37e-07	2.11e-04	1.92e-02	1.97e-01	7.84e-01	0.00e+00	0.00e+00	2.79e-17	1.47e-17	4.95e-18
 1.89269e+15	7.08e-17	9.22e-12	1.80e-07	2.59e-04	2.18e-02	2.10e-01	7.68e-01	0.00e+00	0.00e+00	4.07e-17	2.14e-17	7.18e-18
 1.96014e+15	1.02e-16	1.27e-11	2.34e-07	3.15e-04	2.47e-02	2.23e-01	7.52e-01	0.00e+00	0.00e+00	5.87e-17	3.07e-17	1.03e-17
 2.01676e+15	1.37e-16	1.65e-11	2.90e-07	3.69e-04	2.72e-02	2.34e-01	7.39e-01	0.00e+00	0.00e+00	7.92e-17	4.14e-17	1.38e-17
 2.07728e+15	1.87e-16	2.17e-11	3.61e-07	4.34e-04	3.01e-02	2.46e-01	7.24e-01	0.00e+00	0.00e+00	1.08e-16	5.64e-17	1.88e-17
 2.15373e+15	2.75e-16	3.03e-11	4.74e-07	5.30e-04	3.40e-02	2.60e-01	7.05e-01	0.00e+00	0.00e+00	1.59e-16	8.28e-17	2.76e-17
 2.23390e+15	4.05e-16	4.25e-11	6.23e-07	6.46e-04	3.84e-02	2.75e-01	6.86e-01	0.00e+00	0.00e+00	2.34e-16	1.22e-16	4.05e-17
 2.30610e+15	5.67e-16	5.69e-11	7.89e-07	7.67e-04	4.27e-02	2.89e-01	6.68e-01	0.00e+00	0.00e+00	3.27e-16	1.71e-16	5.66e-17
 2.38494e+15	8.12e-16	7.75e-11	1.01e-06	9.19e-04	4.76e-02	3.03e-01	6.48e-01	0.00e+00	0.00e+00	4.69e-16	2.45e-16	8.10e-17
 2.47811e+15	1.23e-15	1.10e-10	1.35e-06	1.13e-03	5.39e-02	3.20e-01	6.25e-01	0.00e+00	0.00e+00	7.10e-16	3.70e-16	1.22e-16
 2.56938e+15	1.81e-15	1.54e-10	1.75e-06	1.36e-03	6.04e-02	3.35e-01	6.03e-01	0.00e+00	0.00e+00	1.05e-15	5.46e-16	1.80e-16
 2.65260e+15	2.55e-15	2.06e-10	2.21e-06	1.61e-03	6.66e-02	3.49e-01	5.83e-01	0.00e+00	0.00e+00	1.48e-15	7.70e-16	2.53e-16
 2.74586e+15	3.71e-15	2.83e-10	2.84e-06	1.92e-03	7.40e-02	3.64e-01	5.60e-01	0.00e+00	0.00e+00	2.15e-15	1.12e-15	3.68e-16
 2.85456e+15	5.65e-15	4.02e-10	3.77e-06	2.35e-03	8.32e-02	3.80e-01	5.35e-01	0.00e+00	0.00e+00	3.27e-15	1.70e-15	5.59e-16
 2.96155e+15	8.43e-15	5.62e-10	4.90e-06	2.83e-03	9.27e-02	3.95e-01	5.10e-01	0.00e+00	0.00e+00	4.88e-15	2.54e-15	8.33e-16
 3.06246e+15	1.21e-14	7.60e-10	6.23e-06	3.34e-03	1.02e-01	4.08e-01	4.87e-01	0.00e+00	0.00e+00	7.03e-15	3.66e-15	1.20e-15
 3.17463e+15	1.79e-14	1.05e-09	8.03e-06	3.99e-03	1.13e-01	4.21e-01	4.62e-01	0.00e+00	0.00e+00	1.04e-14	5.42e-15	1.77e-15
 3.28142e+15	2.56e-14	1.41e-09	1.01e-05	4.68e-03	1.24e-01	4.33e-01	4.39e-01	0.00e+00	0.00e+00	1.49e-14	7.74e-15	2.53e-15
 3.36103e+15	3.32e-14	1.75e-09	1.20e-05	5.26e-03	1.32e-01	4.40e-01	4.22e-01	0.00e+00	0.00e+00	1.92e-14	1.00e-14	3.28e-15
 3.44172e+15	4.30e-14	2.15e-09	1.41e-05	5.89e-03	1.40e-01	4.48e-01	4.06e-01	0.00e+00	0.00e+00	2.49e-14	1.30e-14	4.24e-15
 3.54662e+15	5.95e-14	2.80e-09	1.74e-05	6.78e-03	1.52e-01	4.56e-01	3.85e-01	0.00e+00	0.00e+00	3.45e-14	1.80e-14	5.87e-15
 3.66049e+15	8.36e-14	3.69e-09	2.15e-05	7.85e-03	1.64e-01	4.64e-01	3.64e-01	0.00e+00	0.00e+00	4.84e-14	2.53e-14	8.24e-15
 3.76287e+15	1.12e-13	4.69e-09	2.60e-05	8.91e-03	1.76e-01	4.70e-01	3.45e-01	0.00e+00	0.00e+00	6.51e-14	3.39e-14	1.11e-14
 3.87283e+15	1.53e-13	6.02e-09	3.15e-05	1.01e-02	1.88e-01	4.76e-01	3.26e-01	0.00e+00	0.00e+00	8.88e-14	4.63e-14	1.51e-14
 4.01369e+15	2.25e-13	8.19e-09	4.00e-05	1.19e-02	2.04e-01	4.81e-01	3.02e-01	0.00e+00	0.00e+00	1.30e-13	6.81e-14	2.22e-14
 4.15572e+15	3.24e-13	1.10e-08	5.03e-05	1.38e-02	2.21e-01	4.85e-01	2.80e-01	0.00e+00	0.00e+00	1.88e-13	9.79e-14	3.19e-14
 4.27307e+15	4.36e-13	1.39e-08	6.04e-05	1.56e-02	2.35e-01	4.87e-01	2.63e-01	0.00e+00	0.00e+00	2.53e-13	1.32e-13	4.30e-14
 4.39737e+15	5.94e-13	1.77e-08	7.27e-05	1.76e-02	2.49e-01	4.87e-01	2.46e-01	0.00e+00	0.00e+00	3.45e-13	1.80e-13	5.85e-14
 4.55699e+15	8.71e-13	2.39e-08	9.15e-05	2.05e-02	2.68e-01	4.87e-01	2.25e-01	0.00e+00	0.00e+00	5.05e-13	2.64e-13	8.57e-14
 4.72362e+15	1.27e-12	3.22e-08	1.15e-04	2.37e-02	2.87e-01	4.84e-01	2.05e-01	0.00e+00	0.00e+00	7.38e-13	3.85e-13	1.25e-13
 4.86876e+15	1.75e-12	4.14e-08	1.39e-04	2.68e-02	3.04e-01	4.81e-01	1.89e-01	0.00e+00	0.00e+00	1.02e-12	5.30e-13	1.72e-13
 5.02488e+15	2.45e-12	5.37e-08	1.69e-04	3.03e-02	3.21e-01	4.76e-01	1.73e-01	0.00e+00	0.00e+00	1.42e-12	7.41e-13	2.41e-13
 5.21540e+15	3.63e-12	7.29e-08	2.13e-04	3.51e-02	3.42e-01	4.68e-01	1.55e-01	0.00e+00	0.00e+00	2.11e-12	1.10e-12	3.57e-13
 5.40331e+15	5.22e-12	9.68e-08	2.65e-04	4.01e-02	3.62e-01	4.59e-01	1.39e-01	0.00e+00	0.00e+00	3.03e-12	1.58e-12	5.13e-13
 5.56624e+15	7.10e-12	1.23e-07	3.17e-04	4.48e-02	3.79e-01	4.50e-01	1.26e-01	0.00e+00	0.00e+00	4.12e-12	2.15e-12	6.98e-13
 5.74406e+15	9.87e-12	1.58e-07	3.83e-04	5.02e-02	3.96e-01	4.39e-01	1.14e-01	0.00e+00	0.00e+00	5.73e-12	2.99e-12	9.70e-13
 5.94086e+15	1.39e-11	2.06e-07	4.68e-04	5.66e-02	4.15e-01	4.27e-01	1.01e-01	0.00e+00	0.00e+00	8.07e-12	4.21e-12	1.37e-12
 6.12436e+15	1.89e-11	2.62e-07	5.60e-04	6.30e-02	4.31e-01	4.15e-01	9.07e-02	0.00e+00	0.00e+00	1.10e-11	5.73e-12	1.86e-12
 6.28368e+15	2.44e-11	3.19e-07	6.51e-04	6.88e-02	4.44e-01	4.04e-01	8.26e-02	0.00e+00	0.00e+00	1.42e-11	7.41e-12	2.40e-12
 6.44953e+15	3.19e-11	3.92e-07	7.58e-04	7.52e-02	4.58e-01	3.91e-01	7.47e-02	0.00e+00	0.00e+00	1.86e-11	9.69e-12	3.14e-12
 6.63251e+15	4.23e-11	4.87e-07	8.92e-04	8.26e-02	4.71e-01	3.78e-01	6.70e-02	0.00e+00	0.00e+00	2.45e-11	1.28e-11	4.15e-12
 6.80426e+15	5.44e-11	5.92e-07	1.03e-03	8.98e-02	4.83e-01	3.65e-01	6.04e-02	0.00e+00	0.00e+00	3.16e-11	1.65e-11	5.35e-12
 6.99405e+15	7.21e-11	7.33e-07	1.21e-03	9.83e-02	4.96e-01	3.51e-01	5.39e-02	0.00e+00	0.00e+00	4.19e-11	2.19e-11	7.08e-12
 7.20004e+15	9.58e-11	9.13e-07	1.43e-03	1.08e-01	5.08e-01	3.36e-01	4.76e-02	0.00e+00	0.00e+00	5.56e-11	2.91e-11	9.41e-12
 7.38992e+15	1.23e-10	1.11e-06	1.66e-03	1.17e-01	5.18e-01	3.22e-01	4.24e-02	0.00e+00	0.00e+00	7.17e-11	3.75e-11	1.21e-11
 7.59960e+15	1.64e-10	1.38e-06	1.95e-03	1.27e-01	5.27e-01	3.06e-01	3.73e-02	0.00e+00	0.00e+00	9.54e-11	4.98e-11	1.61e-11
 7.82857e+15	2.18e-10	1.72e-06	2.30e-03	1.39e-01	5.37e-01	2.89e-01	3.25e-02	0.00e+00	0.00e+00	1.27e-10	6.62e-11	2.14e-11
 8.04298e+15	2.84e-10	2.11e-06	2.68e-03	1.51e-01	5.44e-01	2.74e-01	2.85e-02	0.00e+00	0.00e+00	1.65e-10	8.62e-11	2.79e-11
 8.28209e+15	3.80e-10	2.64e-06	3.16e-03	1.64e-01	5.50e-01	2.57e-01	2.46e-02	0.00e+00	0.00e+00	2.21e-10	1.16e-10	3.74e-11
 8.53649e+15	5.09e-10	3.31e-06	3.75e-03	1.79e-01	5.55e-01	2.40e-01	2.10e-02	0.00e+00	0.00e+00	2.96e-10	1.55e-10	5.01e-11
 8.75752e+15	6.47e-10	3.98e-06	4.32e-03	1.93e-01	5.59e-01	2.26e-01	1.83e-02	0.00e+00	0.00e+00	3.76e-10	1.97e-10	6.37e-11
 8.99161e+15	8.42e-10	4.88e-06	5.03e-03	2.07e-01	5.60e-01	2.11e-01	1.58e-02	0.00e+00	0.00e+00	4.90e-10	2.56e-10	8.30e-11
 9.25167e+15	1.12e-09	6.06e-06	5.92e-03	2.24e-01	5.61e-01	1.96e-01	1.34e-02	0.00e+00	0.00e+00	6.49e-10	3.39e-10	1.10e-10
 9.49225e+15	1.42e-09	7.33e-06	6.84e-03	2.40e-01	5.60e-01	1.82e-01	1.16e-02	0.00e+00	0.00e+00	8.27e-10	4.33e-10	1.40e-10
 9.71757e+15	1.78e-09	8.74e-06	7.83e-03	2.55e-01	5.57e-01	1.70e-01	1.01e-02	0.00e+00	0.00e+00	1.04e-09	5.43e-10	1.76e-10
 9.97628e+15	2.36e-09	1.08e-05	9.15e-03	2.73e-01	5.53e-01	1.56e-01	8.49e-03	0.00e+00	0.00e+00	1.37e-09	7.17e-10	2.33e-10
 1.02414e+16	3.04e-09	1.32e-05	1.07e-02	2.92e-01	5.47e-01	1.43e-01	7.16e-03	0.00e+00	0.00e+00	1.77e-09	9.25e-10	3.00e-10
 1.04590e+16	3.72e-09	1.55e-05	1.21e-02	3.07e-01	5.41e-01	1.33e-01	6.23e-03	0.00e+00	0.00e+00	2.17e-09	1.13e-09	3.68e-10
 1.06859e+16	4.71e-09	1.85e-05	1.38e-02	3.24e-01	5.34e-01	1.23e-01	5.35e-03	0.00e+00	0.00e+00	2.74e-09	1.43e-09	4.65e-10
 1.09379e+16	5.95e-09	2.23e-05	1.59e-02	3.43e-01	5.24e-01	1.12e-01	4.53e-03	0.00e+00	0.00e+00	3.46e-09	1.82e-09	5.89e-10
 1.11684e+16	7.44e-09	2.65e-05	1.81e-02	3.60e-01	5.14e-01	1.03e-01	3.88e-03	0.00e+00	0.00e+00	4.33e-09	2.27e-09	7.37e-10
 1.13760e+16	9.09e-09	3.09e-05	2.04e-02	3.76e-01	5.04e-01	9.55e-02	3.37e-03	0.00e+00	0.00e+00	5.29e-09	2.77e-09	9.01e-10
 1.16077e+16	1.15e-08	3.70e-05	2.33e-02	3.94e-01	4.92e-01	8.71e-02	2.86e-03	0.00e+00	0.00e+00	6.67e-09	3.49e-09	1.14e-09
 1.18576e+16	1.47e-08	4.49e-05	2.69e-02	4.14e-01	4.78e-01	7.87e-02	2.39e-03	0.00e+00	0.00e+00	8.56e-09	4.49e-09	1.46e-09
 1.20764e+16	1.82e-08	5.29e-05	3.05e-02	4.31e-01	4.65e-01	7.18e-02	2.04e-03	0.00e+00	0.00e+00	1.06e-08	5.55e-09	1.80e-09
 1.22736e+16	2.20e-08	6.15e-05	3.43e-02	4.46e-01	4.52e-01	6.59e-02	1.77e-03	0.00e+00	0.00e+00	1.28e-08	6.71e-09	2.18e-09
 1.24975e+16	2.84e-08	7.46e-05	3.94e-02	4.64e-01	4.36e-01	5.93e-02	1.48e-03	0.00e+00	0.00e+00	1.65e-08	8.68e-09	2.83e-09
 1.27332e+16	3.57e-08	8.94e-05	4.53e-02	4.81e-01	4.19e-01	5.32e-02	1.24e-03	0.00e+00	0.00e+00	2.08e-08	1.09e-08	3.55e-09
 1.29364e+16	4.44e-08	1.06e-04	5.15e-02	4.96e-01	4.03e-01	4.81e-02	1.05e-03	0.00e+00	0.00e+00	2.58e-08	1.36e-08	4.41e-09
 1.31211e+16	5.53e-08	1.25e-04	5.80e-02	5.10e-01	3.87e-01	4.36e-02	8.96e-04	0.00e+00	0.00e+00	3.22e-08	1.69e-08	5.50e-09
 1.33009e+16	6.72e-08	1.46e-04	6.52e-02	5.23e-01	3.72e-01	3.96e-02	7.68e-04	0.00e+00	0.00e+00	3.91e-08	2.05e-08	6.69e-09
 1.35063e+16	8.86e-08	1.79e-04	7.54e-02	5.37e-01	3.52e-01	3.49e-02	6.31e-04	0.00e+00	0.00e+00	5.15e-08	2.71e-08	8.82e-09
 1.37167e+16	1.14e-07	2.18e-04	8.73e-02	5.49e-01	3.32e-01	3.07e-02	5.19e-04	0.00e+00	0.00e+00	6.64e-08	3.49e-08	1.14e-08
 1.38876e+16	1.40e-07	2.56e-04	9.87e-02	5.58e-01	3.15e-01	2.75e-02	4.39e-04	0.00e+00	0.00e+00	8.13e-08	4.27e-08	1.39e-08
 1.40398e+16	1.76e-07	3.04e-04	1.11e-01	5.65e-01	2.98e-01	2.46e-02	3.71e-04	0.00e+00	0.00e+00	1.02e-07	5.37e-08	1.75e-08
 1.41910e+16	2.06e-07	3.47e-04	1.25e-01	5.71e-01	2.81e-01	2.21e-02	3.16e-04	0.00e+00	0.00e+00	1.20e-07	6.30e-08	2.06e-08
 1.43644e+16	2.66e-07	4.23e-04	1.44e-01	5.76e-01	2.60e-01	1.91e-02	2.57e-04	0.00e+00	0.00e+00	1.55e-07	8.13e-08	2.66e-08
 1.45423e+16	3.49e-07	5.21e-04	1.67e-01	5.77e-01	2.38e-01	1.63e-02	2.05e-04	0.00e+00	0.00e+00	2.03e-07	1.07e-07	3.49e-08
 1.46802e+16	4.73e-07	6.46e-04	1.90e-01	5.75e-01	2.20e-01	1.41e-02	1.66e-04	0.00e+00	0.00e+00	2.75e-07	1.45e-07	4.73e-08
 1.47799e+16	5.32e-07	7.13e-04	2.07e-01	5.72e-01	2.07e-01	1.28e-02	1.45e-04	0.00e+00	0.00e+00	3.10e-07	1.63e-07	5.32e-08
 1.48754e+16	6.38e-07	8.17e-04	2.28e-01	5.67e-01	1.93e-01	1.14e-02	1.23e-04	0.00e+00	0.00e+00	3.71e-07	1.95e-07	6.38e-08
 1.49759e+16	7.99e-07	9.62e-04	2.51e-01	5.59e-01	1.78e-01	9.97e-03	1.03e-04	0.00e+00	0.00e+00	4.65e-07	2.45e-07	8.00e-08
 1.50546e+16	9.02e-07	1.06e-03	2.71e-01	5.52e-01	1.67e-01	8.99e-03	8.97e-05	0.00e+00	0.00e+00	5.25e-07	2.76e-07	9.03e-08
 1.51290e+16	1.10e-06	1.22e-03	2.94e-01	5.42e-01	1.55e-01	7.98e-03	7.61e-05	0.00e+00	0.00e+00	6.42e-07	3.38e-07	1.11e-07
 1.52048e+16	1.23e-06	1.33e-03	3.17e-01	5.31e-01	1.44e-01	7.12e-03	6.56e-05	0.00e+00	0.00e+00	7.17e-07	3.77e-07	1.24e-07
 1.52826e+16	1.46e-06	1.51e-03	3.44e-01	5.17e-01	1.31e-01	6.20e-03	5.47e-05	0.00e+00	0.00e+00	8.50e-07	4.47e-07	1.47e-07
 1.53652e+16	1.84e-06	1.77e-03	3.76e-01	4.99e-01	1.18e-01	5.27e-03	4.40e-05	0.00e+00	0.00e+00	1.07e-06	5.65e-07	1.85e-07
 1.54296e+16	2.10e-06	1.95e-03	4.02e-01	4.84e-01	1.08e-01	4.64e-03	3.74e-05	0.00e+00	0.00e+00	1.22e-06	6.43e-07	2.11e-07
 1.54888e+16	2.36e-06	2.13e-03	4.28e-01	4.68e-01	9.85e-02	4.06e-03	3.15e-05	0.00e+00	0.00e+00	1.37e-06	7.23e-07	2.37e-07
 1.55657e+16	2.95e-06	2.48e-03	4.65e-01	4.43e-01	8.62e-02	3.34e-03	2.45e-05	0.00e+00	0.00e+00	1.72e-06	9.04e-07	2.97e-07
 1.56385e+16	3.38e-06	2.74e-03	5.00e-01	4.19e-01	7.55e-02	2.78e-03	1.94e-05	0.00e+00	0.00e+00	1.97e-06	1.04e-06	3.41e-07
 1.56968e+16	4.07e-06	3.09e-03	5.31e-01	3.97e-01	6.67e-02	2.33e-03	1.55e-05	0.00e+00	0.00e+00	2.37e-06	1.25e-06	4.10e-07
 1.57500e+16	4.53e-06	3.34e-03	5.59e-01	3.76e-01	5.93e-02	1.98e-03	1.27e-05	0.00e+00	0.00e+00	2.64e-06	1.39e-06	4.57e-07
 1.58058e+16	5.24e-06	3.68e-03	5.90e-01	3.53e-01	5.16e-02	1.63e-03	9.94e-06	0.00e+00	0.00e+00	3.05e-06	1.61e-06	5.29e-07
 1.58784e+16	6.59e-06	4.26e-03	6.32e-01	3.20e-01	4.23e-02	1.24e-03	6.97e-06	0.00e+00	0.00e+00	3.83e-06	2.02e-06	6.65e-07
 1.59466e+16	7.76e-06	4.74e-03	6.69e-01	2.91e-01	3.48e-02	9.49e-04	5.03e-06	0.00e+00	0.00e+00	4.51e-06	2.38e-06	7.84e-07
 1.59974e+16	8.85e-06	5.15e-03	6.97e-01	2.68e-01	2.96e-02	7.63e-04	3.84e-06	0.00e+00	0.00e+00	5.15e-06	2.72e-06	8.95e-07
 1.60521e+16	1.02e-05	5.64e-03	7.26e-01	2.43e-01	2.45e-02	5.90e-04	2.80e-06	0.00e+00	0.00e+00	5.95e-06	3.14e-06	1.04e-06
 1.61233e+16	1.23e-05	6.30e-03	7.62e-01	2.12e-01	1.89e-02	4.15e-04	1.81e-06	0.00e+00	0.00e+00	7.15e-06	3.78e-06	1.25e-06
 1.61958e+16	1.46e-05	7.00e-03	7.95e-01	1.84e-01	1.44e-02	2.86e-04	1.15e-06	0.00e+00	0.00e+00	8.52e-06	4.50e-06	1.49e-06
 1.62560e+16	1.69e-05	7.61e-03	8.20e-01	1.61e-01	1.13e-02	2.06e-04	7.67e-07	0.00e+00	0.00e+00	9.84e-06	5.20e-06	1.72e-06
 1.63200e+16	1.98e-05	8.31e-03	8.44e-01	1.39e-01	8.51e-03	1.41e-04	0.00e+00	0.00e+00	0.00e+00	1.15e-05	6.07e-06	2.01e-06
 1.64032e+16	2.39e-05	9.24e-03	8.71e-01	1.14e-01	5.86e-03	8.51e-05	0.00e+00	0.00e+00	0.00e+00	1.39e-05	7.35e-06	2.44e-06
 1.64909e+16	2.88e-05	1.02e-02	8.94e-01	9.22e-02	3.95e-03	4.98e-05	0.00e+00	0.00e+00	0.00e+00	1.68e-05	8.87e-06	2.95e-06
 1.65697e+16	3.40e-05	1.12e-02	9.10e-01	7.59e-02	2.75e-03	3.03e-05	0.00e+00	0.00e+00	0.00e+00	1.97e-05	1.04e-05	3.48e-06
 1.66571e+16	4.05e-05	1.22e-02	9.25e-01	6.09e-02	1.82e-03	1.72e-05	0.00e+00	0.00e+00	0.00e+00	2.35e-05	1.25e-05	4.15e-06
 1.67708e+16	5.01e-05	1.36e-02	9.39e-01	4.60e-02	1.07e-03	8.25e-06	0.00e+00	0.00e+00	0.00e+00	2.91e-05	1.54e-05	5.15e-06
