#depth	He	He+	He+2
 1.49634e+10	1.99e-22	1.26e-11	1.00e+00
 4.54887e+10	2.26e-22	1.36e-11	1.00e+00
 7.72350e+10	2.55e-22	1.47e-11	1.00e+00
 1.10251e+11	2.88e-22	1.60e-11	1.00e+00
 1.42152e+11	3.24e-22	1.72e-11	1.00e+00
 1.72155e+11	3.59e-22	1.84e-11	1.00e+00
 2.05793e+11	4.03e-22	1.98e-11	1.00e+00
 2.43952e+11	4.58e-22	2.15e-11	1.00e+00
 2.82349e+11	5.20e-22	2.33e-11	1.00e+00
 3.22282e+11	5.89e-22	2.52e-11	1.00e+00
 3.65100e+11	6.73e-22	2.73e-11	1.00e+00
 4.09631e+11	7.69e-22	2.96e-11	1.00e+00
 4.55943e+11	8.80e-22	3.22e-11	1.00e+00
 5.04108e+11	1.01e-21	3.49e-11	1.00e+00
 5.54199e+11	1.16e-21	3.79e-11	1.00e+00
 6.06294e+11	1.33e-21	4.12e-11	1.00e+00
 6.60472e+11	1.53e-21	4.47e-11	1.00e+00
 7.16818e+11	1.76e-21	4.86e-11	1.00e+00
 7.69920e+11	2.01e-21	5.24e-11	1.00e+00
 8.17595e+11	2.24e-21	5.60e-11	1.00e+00
 8.71180e+11	2.53e-21	6.02e-11	1.00e+00
 9.34461e+11	2.92e-21	6.54e-11	1.00e+00
 9.97668e+11	3.36e-21	7.08e-11	1.00e+00
 1.05726e+12	3.80e-21	7.61e-11	1.00e+00
 1.12333e+12	4.34e-21	8.23e-11	1.00e+00
 1.19819e+12	5.04e-21	8.97e-11	1.00e+00
 1.27309e+12	5.82e-21	9.74e-11	1.00e+00
 1.35098e+12	6.71e-21	1.06e-10	1.00e+00
 1.43494e+12	7.80e-21	1.16e-10	1.00e+00
 1.51370e+12	8.95e-21	1.25e-10	1.00e+00
 1.58402e+12	1.00e-20	1.34e-10	1.00e+00
 1.66305e+12	1.14e-20	1.44e-10	1.00e+00
 1.75683e+12	1.32e-20	1.57e-10	1.00e+00
 1.85097e+12	1.53e-20	1.71e-10	1.00e+00
 1.93917e+12	1.73e-20	1.84e-10	1.00e+00
 2.03697e+12	1.98e-20	2.00e-10	1.00e+00
 2.14837e+12	2.31e-20	2.19e-10	1.00e+00
 2.25795e+12	2.67e-20	2.39e-10	1.00e+00
 2.37191e+12	3.07e-20	2.60e-10	1.00e+00
 2.49672e+12	3.58e-20	2.85e-10	1.00e+00
 2.62209e+12	4.13e-20	3.12e-10	1.00e+00
 2.75247e+12	4.77e-20	3.41e-10	1.00e+00
 2.89250e+12	5.53e-20	3.74e-10	1.00e+00
 3.03119e+12	6.38e-20	4.10e-10	1.00e+00
 3.17543e+12	7.32e-20	4.48e-10	1.00e+00
 3.33238e+12	8.47e-20	4.93e-10	1.00e+00
 3.49560e+12	9.79e-20	5.42e-10	1.00e+00
 3.66535e+12	1.13e-19	5.97e-10	1.00e+00
 3.84189e+12	1.30e-19	6.57e-10	1.00e+00
 4.02550e+12	1.50e-19	7.24e-10	1.00e+00
 4.19182e+12	1.69e-19	7.88e-10	1.00e+00
 4.33085e+12	1.86e-19	8.44e-10	1.00e+00
 4.48334e+12	2.06e-19	9.08e-10	1.00e+00
 4.67589e+12	2.34e-19	9.94e-10	1.00e+00
 4.87639e+12	2.66e-19	1.09e-09	1.00e+00
 5.04800e+12	2.94e-19	1.17e-09	1.00e+00
 5.22616e+12	3.26e-19	1.27e-09	1.00e+00
 5.44836e+12	3.69e-19	1.39e-09	1.00e+00
 5.67354e+12	4.18e-19	1.52e-09	1.00e+00
 5.86942e+12	4.62e-19	1.64e-09	1.00e+00
 6.08146e+12	5.14e-19	1.77e-09	1.00e+00
 6.34029e+12	5.83e-19	1.94e-09	1.00e+00
 6.60397e+12	6.60e-19	2.13e-09	1.00e+00
 6.84522e+12	7.36e-19	2.30e-09	1.00e+00
 7.11330e+12	8.27e-19	2.51e-09	1.00e+00
 7.42508e+12	9.46e-19	2.76e-09	1.00e+00
 7.73348e+12	1.07e-18	3.02e-09	1.00e+00
 8.02829e+12	1.21e-18	3.28e-09	1.00e+00
 8.35341e+12	1.38e-18	3.58e-09	1.00e+00
 8.71748e+12	1.58e-18	3.94e-09	1.00e+00
 9.08359e+12	1.81e-18	4.31e-09	1.00e+00
 9.41204e+12	2.05e-18	4.66e-09	1.00e+00
 9.69054e+12	2.26e-18	4.97e-09	1.00e+00
 9.99084e+12	2.51e-18	5.31e-09	1.00e+00
 1.03788e+13	2.87e-18	5.77e-09	1.00e+00
 1.07832e+13	3.29e-18	6.28e-09	1.00e+00
 1.11305e+13	3.69e-18	6.73e-09	1.00e+00
 1.15008e+13	4.15e-18	7.22e-09	1.00e+00
 1.19593e+13	4.79e-18	7.86e-09	1.00e+00
 1.24298e+13	5.53e-18	8.55e-09	1.00e+00
 1.28544e+13	6.27e-18	9.19e-09	1.00e+00
 1.33217e+13	7.17e-18	9.92e-09	1.00e+00
 1.38317e+13	8.27e-18	1.08e-08	1.00e+00
 1.42946e+13	9.39e-18	1.16e-08	1.00e+00
 1.47939e+13	1.07e-17	1.24e-08	1.00e+00
 1.53550e+13	1.24e-17	1.35e-08	1.00e+00
 1.58873e+13	1.41e-17	1.45e-08	1.00e+00
 1.64702e+13	1.63e-17	1.56e-08	1.00e+00
 1.71153e+13	1.89e-17	1.70e-08	1.00e+00
 1.77148e+13	2.17e-17	1.83e-08	1.00e+00
 1.83677e+13	2.51e-17	1.97e-08	1.00e+00
 1.90993e+13	2.93e-17	2.14e-08	1.00e+00
 1.97923e+13	3.38e-17	2.31e-08	1.00e+00
 2.05401e+13	3.92e-17	2.50e-08	1.00e+00
 2.13728e+13	4.60e-17	2.72e-08	1.00e+00
 2.21763e+13	5.33e-17	2.94e-08	1.00e+00
 2.30308e+13	6.21e-17	3.18e-08	1.00e+00
 2.39820e+13	7.31e-17	3.46e-08	1.00e+00
 2.49373e+13	8.56e-17	3.76e-08	1.00e+00
 2.59308e+13	1.00e-16	4.07e-08	1.00e+00
 2.69980e+13	1.18e-16	4.43e-08	1.00e+00
 2.81078e+13	1.39e-16	4.82e-08	1.00e+00
 2.92005e+13	1.62e-16	5.21e-08	1.00e+00
 3.02171e+13	1.86e-16	5.60e-08	1.00e+00
 3.11345e+13	2.10e-16	5.95e-08	1.00e+00
 3.21183e+13	2.38e-16	6.35e-08	1.00e+00
 3.33428e+13	2.77e-16	6.86e-08	1.00e+00
 3.45705e+13	3.21e-16	7.38e-08	1.00e+00
 3.56265e+13	3.62e-16	7.85e-08	1.00e+00
 3.67689e+13	4.11e-16	8.37e-08	1.00e+00
 3.81779e+13	4.78e-16	9.04e-08	1.00e+00
 3.95860e+13	5.53e-16	9.73e-08	1.00e+00
 4.08024e+13	6.24e-16	1.03e-07	1.00e+00
 4.21170e+13	7.09e-16	1.10e-07	1.00e+00
 4.37322e+13	8.24e-16	1.19e-07	1.00e+00
 4.53617e+13	9.54e-16	1.28e-07	1.00e+00
 4.68063e+13	1.08e-15	1.37e-07	1.00e+00
 4.83868e+13	1.23e-15	1.46e-07	1.00e+00
 5.02807e+13	1.44e-15	1.58e-07	1.00e+00
 5.21669e+13	1.67e-15	1.70e-07	1.00e+00
 5.38861e+13	1.89e-15	1.81e-07	1.00e+00
 5.58032e+13	2.18e-15	1.94e-07	1.00e+00
 5.80394e+13	2.54e-15	2.10e-07	1.00e+00
 6.02429e+13	2.95e-15	2.26e-07	1.00e+00
 6.23297e+13	3.37e-15	2.42e-07	1.00e+00
 6.46482e+13	3.90e-15	2.61e-07	1.00e+00
 6.72640e+13	4.56e-15	2.82e-07	1.00e+00
 6.98937e+13	5.31e-15	3.04e-07	1.00e+00
 7.26286e+13	6.18e-15	3.29e-07	1.00e+00
 7.55637e+13	7.23e-15	3.56e-07	1.00e+00
 7.84079e+13	8.37e-15	3.83e-07	1.00e+00
 8.10863e+13	9.56e-15	4.10e-07	1.00e+00
 8.40800e+13	1.10e-14	4.41e-07	1.00e+00
 8.70962e+13	1.27e-14	4.73e-07	1.00e+00
 8.96048e+13	1.42e-14	5.01e-07	1.00e+00
 9.22629e+13	1.60e-14	5.31e-07	1.00e+00
 9.56555e+13	1.84e-14	5.71e-07	1.00e+00
 9.92117e+13	2.13e-14	6.15e-07	1.00e+00
 1.02361e+14	2.41e-14	6.55e-07	1.00e+00
 1.05774e+14	2.75e-14	7.00e-07	1.00e+00
 1.09872e+14	3.20e-14	7.56e-07	1.00e+00
 1.14022e+14	3.71e-14	8.15e-07	1.00e+00
 1.17916e+14	4.24e-14	8.73e-07	1.00e+00
 1.21673e+14	4.81e-14	9.31e-07	1.00e+00
 1.25917e+14	5.52e-14	9.99e-07	1.00e+00
 1.30598e+14	6.38e-14	1.08e-06	1.00e+00
 1.34914e+14	7.27e-14	1.15e-06	1.00e+00
 1.39593e+14	8.34e-14	1.23e-06	1.00e+00
 1.44820e+14	9.66e-14	1.33e-06	1.00e+00
 1.49735e+14	1.10e-13	1.43e-06	1.00e+00
 1.55099e+14	1.27e-13	1.54e-06	1.00e+00
 1.61054e+14	1.48e-13	1.66e-06	1.00e+00
 1.66613e+14	1.69e-13	1.78e-06	1.00e+00
 1.72648e+14	1.95e-13	1.92e-06	1.00e+00
 1.79398e+14	2.27e-13	2.08e-06	1.00e+00
 1.85821e+14	2.61e-13	2.23e-06	1.00e+00
 1.92687e+14	3.02e-13	2.40e-06	1.00e+00
 2.00424e+14	3.53e-13	2.61e-06	1.00e+00
 2.08056e+14	4.09e-13	2.82e-06	1.00e+00
 2.15993e+14	4.73e-13	3.04e-06	1.00e+00
 2.24131e+14	5.47e-13	3.28e-06	1.00e+00
 2.31673e+14	6.22e-13	3.51e-06	1.00e+00
 2.40049e+14	7.14e-13	3.78e-06	1.00e+00
 2.49249e+14	8.27e-13	4.08e-06	1.00e+00
 2.57756e+14	9.41e-13	4.37e-06	1.00e+00
 2.65222e+14	1.05e-12	4.63e-06	1.00e+00
 2.73130e+14	1.18e-12	4.92e-06	1.00e+00
 2.83167e+14	1.35e-12	5.30e-06	1.00e+00
 2.93335e+14	1.54e-12	5.69e-06	1.00e+00
 3.01920e+14	1.72e-12	6.04e-06	1.00e+00
 3.11083e+14	1.93e-12	6.42e-06	1.00e+00
 3.22603e+14	2.21e-12	6.91e-06	1.00e+00
 3.34508e+14	2.53e-12	7.44e-06	1.00e+00
 3.44987e+14	2.84e-12	7.92e-06	1.00e+00
 3.56292e+14	3.21e-12	8.46e-06	1.00e+00
 3.69950e+14	3.70e-12	9.13e-06	1.00e+00
 3.83496e+14	4.23e-12	9.83e-06	1.00e+00
 3.95512e+14	4.74e-12	1.05e-05	1.00e+00
 4.08711e+14	5.35e-12	1.12e-05	1.00e+00
 4.24510e+14	6.16e-12	1.21e-05	1.00e+00
 4.40214e+14	7.05e-12	1.30e-05	1.00e+00
 4.54473e+14	7.93e-12	1.39e-05	1.00e+00
 4.70329e+14	9.01e-12	1.49e-05	1.00e+00
 4.88891e+14	1.04e-11	1.62e-05	1.00e+00
 5.07176e+14	1.19e-11	1.74e-05	1.00e+00
 5.24315e+14	1.35e-11	1.87e-05	1.00e+00
 5.43441e+14	1.55e-11	2.01e-05	1.00e+00
 5.65208e+14	1.79e-11	2.18e-05	1.00e+00
 5.86887e+14	2.06e-11	2.36e-05	1.00e+00
 6.07739e+14	2.35e-11	2.54e-05	1.00e+00
 6.25854e+14	2.63e-11	2.70e-05	1.00e+00
 6.41038e+14	2.88e-11	2.84e-05	1.00e+00
 6.57916e+14	3.18e-11	3.01e-05	1.00e+00
 6.79857e+14	3.61e-11	3.22e-05	1.00e+00
 7.02977e+14	4.12e-11	3.46e-05	1.00e+00
 7.22910e+14	4.59e-11	3.68e-05	1.00e+00
 7.44104e+14	5.14e-11	3.92e-05	1.00e+00
 7.71220e+14	5.93e-11	4.23e-05	1.00e+00
 7.99140e+14	6.83e-11	4.58e-05	1.00e+00
 8.23030e+14	7.68e-11	4.88e-05	1.00e+00
 8.48575e+14	8.70e-11	5.22e-05	1.00e+00
 8.80288e+14	1.01e-10	5.67e-05	1.00e+00
 9.12807e+14	1.17e-10	6.14e-05	1.00e+00
 9.41723e+14	1.33e-10	6.58e-05	1.00e+00
 9.73169e+14	1.53e-10	7.09e-05	1.00e+00
 1.01078e+15	1.79e-10	7.71e-05	1.00e+00
 1.04788e+15	2.08e-10	8.36e-05	1.00e+00
 1.08119e+15	2.37e-10	8.98e-05	1.00e+00
 1.11808e+15	2.73e-10	9.68e-05	1.00e+00
 1.16172e+15	3.21e-10	1.06e-04	1.00e+00
 1.20488e+15	3.75e-10	1.15e-04	1.00e+00
 1.24468e+15	4.31e-10	1.23e-04	1.00e+00
 1.28938e+15	5.02e-10	1.34e-04	1.00e+00
 1.34095e+15	5.94e-10	1.46e-04	1.00e+00
 1.39137e+15	6.95e-10	1.59e-04	1.00e+00
 1.43956e+15	8.05e-10	1.71e-04	1.00e+00
 1.49294e+15	9.43e-10	1.86e-04	1.00e+00
 1.54318e+15	1.09e-09	2.01e-04	1.00e+00
 1.58097e+15	1.21e-09	2.12e-04	1.00e+00
 1.61971e+15	1.34e-09	2.24e-04	1.00e+00
 1.67007e+15	1.53e-09	2.40e-04	1.00e+00
 1.72448e+15	1.76e-09	2.58e-04	1.00e+00
 1.77328e+15	1.99e-09	2.74e-04	1.00e+00
 1.82585e+15	2.25e-09	2.93e-04	1.00e+00
 1.89269e+15	2.64e-09	3.17e-04	1.00e+00
 1.96014e+15	3.07e-09	3.43e-04	1.00e+00
 2.01676e+15	3.47e-09	3.66e-04	1.00e+00
 2.07728e+15	3.95e-09	3.91e-04	1.00e+00
 2.15373e+15	4.62e-09	4.23e-04	1.00e+00
 2.23390e+15	5.41e-09	4.59e-04	1.00e+00
 2.30610e+15	6.21e-09	4.93e-04	1.00e+00
 2.38494e+15	7.18e-09	5.31e-04	9.99e-01
 2.47811e+15	8.47e-09	5.77e-04	9.99e-01
 2.56938e+15	9.89e-09	6.25e-04	9.99e-01
 2.65260e+15	1.13e-08	6.70e-04	9.99e-01
 2.74586e+15	1.32e-08	7.23e-04	9.99e-01
 2.85456e+15	1.55e-08	7.86e-04	9.99e-01
 2.96155e+15	1.82e-08	8.52e-04	9.99e-01
 3.06246e+15	2.09e-08	9.16e-04	9.99e-01
 3.17463e+15	2.44e-08	9.90e-04	9.99e-01
 3.28142e+15	2.81e-08	1.06e-03	9.99e-01
 3.36103e+15	3.10e-08	1.12e-03	9.99e-01
 3.44172e+15	3.43e-08	1.18e-03	9.99e-01
 3.54662e+15	3.89e-08	1.26e-03	9.99e-01
 3.66049e+15	4.44e-08	1.34e-03	9.99e-01
 3.76287e+15	4.98e-08	1.42e-03	9.99e-01
 3.87283e+15	5.62e-08	1.51e-03	9.98e-01
 4.01369e+15	6.52e-08	1.63e-03	9.98e-01
 4.15572e+15	7.52e-08	1.76e-03	9.98e-01
 4.27307e+15	8.44e-08	1.86e-03	9.98e-01
 4.39737e+15	9.51e-08	1.98e-03	9.98e-01
 4.55699e+15	1.10e-07	2.14e-03	9.98e-01
 4.72362e+15	1.28e-07	2.30e-03	9.98e-01
 4.86876e+15	1.45e-07	2.45e-03	9.98e-01
 5.02488e+15	1.65e-07	2.62e-03	9.97e-01
 5.21540e+15	1.93e-07	2.83e-03	9.97e-01
 5.40331e+15	2.23e-07	3.05e-03	9.97e-01
 5.56624e+15	2.52e-07	3.24e-03	9.97e-01
 5.74406e+15	2.87e-07	3.47e-03	9.97e-01
 5.94086e+15	3.29e-07	3.72e-03	9.96e-01
 6.12436e+15	3.73e-07	3.96e-03	9.96e-01
 6.28368e+15	4.13e-07	4.18e-03	9.96e-01
 6.44953e+15	4.61e-07	4.42e-03	9.96e-01
 6.63251e+15	5.17e-07	4.69e-03	9.95e-01
 6.80426e+15	5.73e-07	4.95e-03	9.95e-01
 6.99405e+15	6.43e-07	5.25e-03	9.95e-01
 7.20004e+15	7.24e-07	5.59e-03	9.94e-01
 7.38992e+15	8.04e-07	5.91e-03	9.94e-01
 7.59960e+15	9.07e-07	6.30e-03	9.94e-01
 7.82857e+15	1.02e-06	6.72e-03	9.93e-01
 8.04298e+15	1.14e-06	7.13e-03	9.93e-01
 8.28209e+15	1.30e-06	7.64e-03	9.92e-01
 8.53649e+15	1.47e-06	8.19e-03	9.92e-01
 8.75752e+15	1.63e-06	8.68e-03	9.91e-01
 8.99161e+15	1.83e-06	9.27e-03	9.91e-01
 9.25167e+15	2.08e-06	9.95e-03	9.90e-01
 9.49225e+15	2.32e-06	1.06e-02	9.89e-01
 9.71757e+15	2.57e-06	1.13e-02	9.89e-01
 9.97628e+15	2.92e-06	1.21e-02	9.88e-01
 1.02414e+16	3.28e-06	1.31e-02	9.87e-01
 1.04590e+16	3.61e-06	1.39e-02	9.86e-01
 1.06859e+16	4.04e-06	1.48e-02	9.85e-01
 1.09379e+16	4.53e-06	1.60e-02	9.84e-01
 1.11684e+16	5.04e-06	1.71e-02	9.83e-01
 1.13760e+16	5.57e-06	1.82e-02	9.82e-01
 1.16077e+16	6.26e-06	1.97e-02	9.80e-01
 1.18576e+16	7.10e-06	2.14e-02	9.79e-01
 1.20764e+16	7.92e-06	2.31e-02	9.77e-01
 1.22736e+16	8.78e-06	2.48e-02	9.75e-01
 1.24975e+16	1.00e-05	2.71e-02	9.73e-01
 1.27332e+16	1.14e-05	2.97e-02	9.70e-01
 1.29364e+16	1.29e-05	3.24e-02	9.68e-01
 1.31211e+16	1.45e-05	3.52e-02	9.65e-01
 1.33009e+16	1.62e-05	3.83e-02	9.62e-01
 1.35063e+16	1.89e-05	4.26e-02	9.57e-01
 1.37167e+16	2.20e-05	4.77e-02	9.52e-01
 1.38876e+16	2.49e-05	5.26e-02	9.47e-01
 1.40398e+16	2.84e-05	5.78e-02	9.42e-01
 1.41910e+16	3.20e-05	6.39e-02	9.36e-01
 1.43644e+16	3.76e-05	7.22e-02	9.28e-01
 1.45423e+16	4.48e-05	8.26e-02	9.17e-01
 1.46802e+16	5.28e-05	9.25e-02	9.07e-01
 1.47799e+16	5.83e-05	1.01e-01	8.99e-01
 1.48754e+16	6.56e-05	1.10e-01	8.89e-01
 1.49759e+16	7.50e-05	1.22e-01	8.78e-01
 1.50546e+16	8.24e-05	1.32e-01	8.68e-01
 1.51290e+16	9.24e-05	1.43e-01	8.57e-01
 1.52048e+16	1.02e-04	1.55e-01	8.45e-01
 1.52826e+16	1.15e-04	1.70e-01	8.30e-01
 1.53652e+16	1.31e-04	1.87e-01	8.12e-01
 1.54296e+16	1.45e-04	2.03e-01	7.97e-01
 1.54888e+16	1.59e-04	2.19e-01	7.81e-01
 1.55657e+16	1.83e-04	2.43e-01	7.57e-01
 1.56385e+16	2.06e-04	2.68e-01	7.32e-01
 1.56968e+16	2.30e-04	2.90e-01	7.10e-01
 1.57500e+16	2.52e-04	3.12e-01	6.87e-01
 1.58058e+16	2.80e-04	3.38e-01	6.62e-01
 1.58784e+16	3.23e-04	3.74e-01	6.25e-01
 1.59466e+16	3.65e-04	4.11e-01	5.89e-01
 1.59974e+16	4.00e-04	4.40e-01	5.60e-01
 1.60521e+16	4.42e-04	4.74e-01	5.26e-01
 1.61233e+16	5.01e-04	5.18e-01	4.81e-01
 1.61958e+16	5.64e-04	5.64e-01	4.36e-01
 1.62560e+16	6.20e-04	6.02e-01	3.97e-01
 1.63200e+16	6.85e-04	6.43e-01	3.56e-01
 1.64032e+16	7.69e-04	6.92e-01	3.07e-01
 1.64909e+16	8.56e-04	7.39e-01	2.60e-01
 1.65697e+16	9.36e-04	7.77e-01	2.22e-01
 1.66571e+16	1.02e-03	8.14e-01	1.85e-01
 1.67708e+16	1.13e-03	8.54e-01	1.45e-01
 1.68705e+16	1.22e-03	8.80e-01	1.19e-01
 1.69308e+16	1.28e-03	8.93e-01	1.06e-01
 1.69879e+16	1.33e-03	9.05e-01	9.37e-02
 1.70622e+16	1.40e-03	9.18e-01	8.02e-02
 1.71588e+16	1.49e-03	9.32e-01	6.62e-02
 1.72580e+16	1.58e-03	9.44e-01	5.49e-02
 1.73386e+16	1.66e-03	9.51e-01	4.75e-02
 1.74213e+16	1.74e-03	9.58e-01	4.07e-02
 1.75093e+16	1.83e-03	9.63e-01	3.50e-02
 1.75825e+16	1.91e-03	9.67e-01	3.10e-02
 1.76446e+16	1.99e-03	9.70e-01	2.79e-02
 1.77140e+16	2.07e-03	9.73e-01	2.48e-02
 1.77918e+16	2.17e-03	9.76e-01	2.20e-02
 1.78623e+16	2.27e-03	9.78e-01	1.97e-02
 1.79235e+16	2.37e-03	9.80e-01	1.80e-02
 1.79904e+16	2.47e-03	9.81e-01	1.62e-02
 1.80635e+16	2.60e-03	9.83e-01	1.46e-02
 1.81274e+16	2.72e-03	9.84e-01	1.33e-02
 1.81821e+16	2.84e-03	9.85e-01	1.23e-02
 1.82423e+16	2.97e-03	9.86e-01	1.13e-02
 1.83087e+16	3.13e-03	9.87e-01	1.03e-02
 1.83677e+16	3.28e-03	9.87e-01	9.57e-03
 1.84186e+16	3.43e-03	9.88e-01	8.95e-03
 1.84741e+16	3.60e-03	9.88e-01	8.30e-03
 1.85350e+16	3.80e-03	9.89e-01	7.67e-03
 1.85891e+16	4.00e-03	9.89e-01	7.17e-03
 1.86359e+16	4.19e-03	9.89e-01	6.77e-03
 1.86870e+16	4.42e-03	9.89e-01	6.34e-03
 1.87432e+16	4.69e-03	9.89e-01	5.91e-03
 1.87931e+16	4.96e-03	9.89e-01	5.57e-03
 1.88366e+16	5.21e-03	9.89e-01	5.29e-03
 1.88847e+16	5.53e-03	9.89e-01	4.98e-03
 1.89377e+16	5.92e-03	9.89e-01	4.68e-03
 1.89854e+16	6.31e-03	9.89e-01	4.43e-03
 1.90274e+16	6.68e-03	9.89e-01	4.22e-03
 1.90739e+16	7.15e-03	9.89e-01	3.99e-03
 1.91259e+16	7.76e-03	9.88e-01	3.76e-03
 1.91741e+16	8.41e-03	9.88e-01	3.56e-03
 1.92177e+16	9.07e-03	9.88e-01	3.39e-03
 1.92667e+16	9.92e-03	9.87e-01	3.20e-03
 1.93186e+16	1.10e-02	9.86e-01	3.02e-03
 1.93616e+16	1.21e-02	9.85e-01	2.89e-03
 1.93950e+16	1.31e-02	9.84e-01	2.79e-03
 1.94291e+16	1.42e-02	9.83e-01	2.68e-03
 1.94667e+16	1.57e-02	9.82e-01	2.57e-03
 1.94996e+16	1.73e-02	9.80e-01	2.48e-03
 1.95265e+16	1.87e-02	9.79e-01	2.41e-03
 1.95548e+16	2.05e-02	9.77e-01	2.34e-03
 1.95857e+16	2.28e-02	9.75e-01	2.26e-03
 1.96126e+16	2.52e-02	9.73e-01	2.20e-03
 1.96347e+16	2.74e-02	9.70e-01	2.16e-03
 1.96581e+16	3.02e-02	9.68e-01	2.11e-03
 1.96839e+16	3.38e-02	9.64e-01	2.06e-03
 1.97065e+16	3.77e-02	9.60e-01	2.02e-03
 1.97252e+16	4.13e-02	9.57e-01	1.99e-03
 1.97451e+16	4.59e-02	9.52e-01	1.95e-03
 1.97671e+16	5.18e-02	9.46e-01	1.93e-03
 1.97866e+16	5.82e-02	9.40e-01	1.91e-03
 1.98027e+16	6.43e-02	9.34e-01	1.90e-03
 1.98198e+16	7.18e-02	9.26e-01	1.88e-03
 1.98379e+16	8.10e-02	9.17e-01	1.88e-03
 1.98533e+16	9.05e-02	9.08e-01	1.88e-03
 1.98664e+16	9.96e-02	8.98e-01	1.89e-03
 1.98790e+16	1.10e-01	8.88e-01	1.89e-03
 1.98919e+16	1.21e-01	8.77e-01	1.91e-03
 1.99037e+16	1.33e-01	8.65e-01	1.92e-03
 1.99140e+16	1.45e-01	8.53e-01	1.94e-03
 1.99232e+16	1.57e-01	8.41e-01	1.95e-03
 1.99321e+16	1.69e-01	8.29e-01	1.97e-03
 1.99391e+16	1.79e-01	8.19e-01	1.99e-03
 1.99437e+16	1.86e-01	8.12e-01	2.00e-03
 1.99478e+16	1.93e-01	8.05e-01	2.01e-03
 1.99526e+16	2.01e-01	7.97e-01	2.02e-03
 1.99579e+16	2.10e-01	7.87e-01	2.03e-03
 1.99631e+16	2.20e-01	7.78e-01	2.04e-03
 1.99679e+16	2.29e-01	7.68e-01	2.06e-03
 1.99726e+16	2.39e-01	7.59e-01	2.07e-03
 1.99773e+16	2.50e-01	7.48e-01	2.08e-03
 1.99820e+16	2.60e-01	7.38e-01	2.10e-03
 1.99866e+16	2.71e-01	7.27e-01	2.11e-03
 1.99912e+16	2.82e-01	7.16e-01	2.12e-03
 1.99958e+16	2.93e-01	7.05e-01	2.14e-03
 2.00003e+16	3.05e-01	6.92e-01	2.14e-03
 2.00047e+16	3.17e-01	6.81e-01	2.16e-03
 2.00092e+16	3.30e-01	6.68e-01	2.17e-03
 2.00136e+16	3.43e-01	6.55e-01	2.18e-03
 2.00179e+16	3.56e-01	6.42e-01	2.19e-03
 2.00222e+16	3.69e-01	6.29e-01	2.20e-03
 2.00264e+16	3.83e-01	6.15e-01	2.20e-03
 2.00307e+16	3.96e-01	6.02e-01	2.21e-03
 2.00349e+16	4.10e-01	5.87e-01	2.22e-03
 2.00390e+16	4.24e-01	5.74e-01	2.22e-03
 2.00431e+16	4.39e-01	5.59e-01	2.23e-03
 2.00473e+16	4.54e-01	5.44e-01	2.23e-03
 2.00513e+16	4.68e-01	5.29e-01	2.23e-03
 2.00553e+16	4.83e-01	5.15e-01	2.23e-03
 2.00593e+16	4.98e-01	5.00e-01	2.23e-03
 2.00633e+16	5.13e-01	4.85e-01	2.22e-03
 2.00672e+16	5.28e-01	4.70e-01	2.22e-03
 2.00710e+16	5.43e-01	4.55e-01	2.21e-03
 2.00748e+16	5.57e-01	4.41e-01	2.20e-03
 2.00785e+16	5.71e-01	4.26e-01	2.19e-03
 2.00821e+16	5.86e-01	4.12e-01	2.17e-03
 2.00857e+16	6.00e-01	3.98e-01	2.16e-03
 2.00893e+16	6.13e-01	3.85e-01	2.15e-03
 2.00928e+16	6.26e-01	3.71e-01	2.13e-03
 2.00962e+16	6.40e-01	3.58e-01	2.11e-03
 2.00997e+16	6.53e-01	3.45e-01	2.09e-03
 2.01031e+16	6.66e-01	3.32e-01	2.07e-03
 2.01065e+16	6.78e-01	3.20e-01	2.04e-03
 2.01098e+16	6.90e-01	3.08e-01	2.01e-03
 2.01132e+16	7.02e-01	2.96e-01	1.99e-03
 2.01165e+16	7.14e-01	2.84e-01	1.96e-03
 2.01198e+16	7.26e-01	2.73e-01	1.93e-03
 2.01231e+16	7.36e-01	2.62e-01	1.89e-03
 2.01263e+16	7.47e-01	2.51e-01	1.86e-03
 2.01296e+16	7.58e-01	2.40e-01	1.82e-03
 2.01329e+16	7.68e-01	2.30e-01	1.79e-03
 2.01362e+16	7.78e-01	2.20e-01	1.75e-03
 2.01396e+16	7.88e-01	2.11e-01	1.71e-03
 2.01429e+16	7.97e-01	2.01e-01	1.67e-03
 2.01463e+16	8.06e-01	1.92e-01	1.63e-03
 2.01493e+16	8.14e-01	1.85e-01	1.59e-03
 2.01516e+16	8.20e-01	1.79e-01	1.56e-03
 2.01537e+16	8.25e-01	1.73e-01	1.53e-03
 2.01559e+16	8.30e-01	1.68e-01	1.50e-03
 2.01583e+16	8.36e-01	1.63e-01	1.47e-03
 2.01606e+16	8.41e-01	1.58e-01	1.44e-03
 2.01627e+16	8.46e-01	1.53e-01	1.41e-03
 2.01648e+16	8.50e-01	1.49e-01	1.38e-03
 2.01669e+16	8.54e-01	1.44e-01	1.35e-03
 2.01690e+16	8.58e-01	1.40e-01	1.33e-03
 2.01711e+16	8.62e-01	1.36e-01	1.30e-03
 2.01731e+16	8.66e-01	1.33e-01	1.27e-03
 2.01751e+16	8.70e-01	1.29e-01	1.25e-03
 2.01771e+16	8.73e-01	1.26e-01	1.23e-03
 2.01791e+16	8.76e-01	1.23e-01	1.20e-03
 2.01811e+16	8.79e-01	1.20e-01	1.18e-03
 2.01831e+16	8.82e-01	1.17e-01	1.15e-03
 2.01850e+16	8.85e-01	1.14e-01	1.13e-03
 2.01870e+16	8.88e-01	1.11e-01	1.11e-03
 2.01891e+16	8.91e-01	1.08e-01	1.09e-03
 2.01911e+16	8.93e-01	1.06e-01	1.07e-03
 2.01932e+16	8.96e-01	1.03e-01	1.04e-03
 2.01954e+16	8.98e-01	1.01e-01	1.02e-03
 2.01976e+16	9.01e-01	9.81e-02	1.00e-03
 2.01998e+16	9.03e-01	9.57e-02	9.79e-04
 2.02022e+16	9.06e-01	9.33e-02	9.59e-04
 2.02048e+16	9.08e-01	9.08e-02	9.35e-04
 2.02074e+16	9.11e-01	8.85e-02	9.14e-04
 2.02101e+16	9.13e-01	8.62e-02	8.92e-04
 2.02132e+16	9.15e-01	8.38e-02	8.69e-04
 2.02168e+16	9.18e-01	8.12e-02	8.45e-04
 2.02209e+16	9.21e-01	7.85e-02	8.18e-04
 2.02257e+16	9.23e-01	7.57e-02	7.90e-04
 2.02313e+16	9.26e-01	7.28e-02	7.60e-04
 2.02376e+16	9.29e-01	7.01e-02	7.31e-04
 2.02442e+16	9.32e-01	6.76e-02	7.04e-04
 2.02513e+16	9.34e-01	6.53e-02	6.77e-04
 2.02593e+16	9.36e-01	6.32e-02	6.52e-04
 2.02674e+16	9.38e-01	6.15e-02	6.31e-04
 2.02747e+16	9.39e-01	6.01e-02	6.13e-04
 2.02828e+16	9.41e-01	5.88e-02	5.94e-04
 2.02915e+16	9.42e-01	5.77e-02	5.81e-04
 2.03010e+16	9.43e-01	5.66e-02	5.65e-04
 2.03134e+16	9.44e-01	5.55e-02	5.47e-04
 2.03268e+16	9.45e-01	5.45e-02	5.32e-04
 2.03414e+16	9.46e-01	5.35e-02	5.14e-04
 2.03573e+16	9.47e-01	5.26e-02	4.98e-04
 2.03746e+16	9.48e-01	5.17e-02	4.81e-04
 2.03933e+16	9.49e-01	5.08e-02	4.65e-04
 2.04103e+16	9.50e-01	5.00e-02	4.50e-04
 2.04258e+16	9.50e-01	4.94e-02	4.38e-04
 2.04428e+16	9.51e-01	4.86e-02	4.24e-04
 2.04612e+16	9.52e-01	4.79e-02	4.11e-04
 2.04778e+16	9.52e-01	4.72e-02	3.98e-04
 2.04930e+16	9.53e-01	4.65e-02	3.87e-04
 2.05097e+16	9.54e-01	4.58e-02	3.75e-04
 2.05276e+16	9.55e-01	4.51e-02	3.62e-04
 2.05440e+16	9.55e-01	4.44e-02	3.51e-04
 2.05588e+16	9.56e-01	4.39e-02	3.42e-04
 2.05751e+16	9.56e-01	4.32e-02	3.31e-04
 2.05927e+16	9.57e-01	4.25e-02	3.20e-04
 2.06088e+16	9.58e-01	4.19e-02	3.11e-04
 2.06233e+16	9.58e-01	4.13e-02	3.02e-04
 2.06366e+16	9.59e-01	4.08e-02	2.94e-04
 2.06511e+16	9.59e-01	4.02e-02	2.86e-04
 2.06668e+16	9.60e-01	3.97e-02	2.77e-04
 2.06811e+16	9.61e-01	3.91e-02	2.70e-04
 2.06941e+16	9.61e-01	3.87e-02	2.63e-04
 2.07083e+16	9.62e-01	3.81e-02	2.55e-04
 2.07237e+16	9.62e-01	3.76e-02	2.48e-04
 2.07377e+16	9.63e-01	3.71e-02	2.41e-04
 2.07504e+16	9.63e-01	3.66e-02	2.35e-04
 2.07643e+16	9.64e-01	3.61e-02	2.28e-04
 2.07794e+16	9.64e-01	3.56e-02	2.22e-04
 2.07931e+16	9.65e-01	3.51e-02	2.16e-04
 2.08056e+16	9.65e-01	3.47e-02	2.10e-04
 2.08192e+16	9.66e-01	3.42e-02	2.04e-04
 2.08340e+16	9.66e-01	3.37e-02	1.99e-04
 2.08474e+16	9.66e-01	3.33e-02	1.93e-04
 2.08596e+16	9.67e-01	3.29e-02	1.89e-04
 2.08730e+16	9.67e-01	3.25e-02	1.83e-04
 2.08874e+16	9.68e-01	3.20e-02	1.78e-04
 2.09006e+16	9.68e-01	3.16e-02	1.74e-04
 2.09125e+16	9.69e-01	3.13e-02	1.70e-04
 2.09257e+16	9.69e-01	3.08e-02	1.65e-04
 2.09398e+16	9.69e-01	3.04e-02	1.61e-04
 2.09527e+16	9.70e-01	3.00e-02	1.57e-04
 2.09668e+16	9.70e-01	2.96e-02	1.52e-04
 2.09820e+16	9.71e-01	2.92e-02	1.48e-04
 2.09959e+16	9.71e-01	2.88e-02	1.44e-04
 2.10085e+16	9.71e-01	2.85e-02	1.41e-04
 2.10223e+16	9.72e-01	2.81e-02	1.37e-04
 2.10373e+16	9.72e-01	2.77e-02	1.33e-04
 2.10509e+16	9.72e-01	2.74e-02	1.30e-04
 2.10657e+16	9.73e-01	2.70e-02	1.26e-04
 2.10818e+16	9.73e-01	2.66e-02	1.23e-04
 2.10964e+16	9.74e-01	2.62e-02	1.19e-04
 2.11125e+16	9.74e-01	2.58e-02	1.16e-04
 2.11298e+16	9.74e-01	2.55e-02	1.12e-04
 2.11455e+16	9.75e-01	2.51e-02	1.09e-04
 2.11598e+16	9.75e-01	2.48e-02	1.06e-04
 2.11755e+16	9.75e-01	2.44e-02	1.03e-04
 2.11925e+16	9.76e-01	2.41e-02	1.00e-04
 2.12079e+16	9.76e-01	2.37e-02	9.77e-05
 2.12248e+16	9.77e-01	2.34e-02	9.47e-05
 2.12430e+16	9.77e-01	2.30e-02	9.18e-05
 2.12596e+16	9.77e-01	2.27e-02	8.92e-05
 2.12747e+16	9.78e-01	2.24e-02	8.69e-05
 2.12913e+16	9.78e-01	2.20e-02	8.43e-05
 2.13092e+16	9.78e-01	2.17e-02	8.18e-05
 2.13254e+16	9.79e-01	2.14e-02	7.96e-05
 2.13433e+16	9.79e-01	2.11e-02	7.71e-05
 2.13625e+16	9.79e-01	2.07e-02	7.47e-05
 2.13800e+16	9.79e-01	2.04e-02	7.26e-05
 2.13992e+16	9.80e-01	2.01e-02	7.02e-05
 2.14199e+16	9.80e-01	1.98e-02	6.79e-05
 2.14388e+16	9.80e-01	1.95e-02	6.59e-05
 2.14559e+16	9.81e-01	1.92e-02	6.41e-05
 2.14747e+16	9.81e-01	1.89e-02	6.21e-05
 2.14950e+16	9.81e-01	1.86e-02	6.01e-05
 2.15135e+16	9.82e-01	1.83e-02	5.84e-05
 2.15337e+16	9.82e-01	1.80e-02	5.65e-05
 2.15555e+16	9.82e-01	1.77e-02	5.46e-05
 2.15754e+16	9.83e-01	1.74e-02	5.30e-05
 2.15972e+16	9.83e-01	1.71e-02	5.11e-05
 2.16207e+16	9.83e-01	1.68e-02	4.93e-05
 2.16421e+16	9.83e-01	1.66e-02	4.77e-05
 2.16656e+16	9.84e-01	1.62e-02	4.60e-05
 2.16909e+16	9.84e-01	1.59e-02	4.43e-05
 2.17139e+16	9.84e-01	1.57e-02	4.28e-05
 2.17349e+16	9.85e-01	1.54e-02	4.15e-05
 2.17578e+16	9.85e-01	1.52e-02	4.01e-05
 2.17826e+16	9.85e-01	1.49e-02	3.87e-05
 2.18052e+16	9.85e-01	1.46e-02	3.74e-05
 2.18299e+16	9.86e-01	1.44e-02	3.61e-05
 2.18566e+16	9.86e-01	1.41e-02	3.47e-05
 2.18809e+16	9.86e-01	1.39e-02	3.36e-05
 2.19076e+16	9.86e-01	1.36e-02	3.23e-05
 2.19363e+16	9.87e-01	1.33e-02	3.10e-05
 2.19625e+16	9.87e-01	1.31e-02	3.00e-05
 2.19911e+16	9.87e-01	1.28e-02	2.88e-05
 2.20221e+16	9.87e-01	1.25e-02	2.76e-05
 2.20502e+16	9.88e-01	1.23e-02	2.66e-05
 2.20811e+16	9.88e-01	1.20e-02	2.54e-05
 2.21144e+16	9.88e-01	1.18e-02	2.44e-05
 2.21447e+16	9.88e-01	1.15e-02	2.34e-05
 2.21779e+16	9.89e-01	1.13e-02	2.24e-05
 2.22138e+16	9.89e-01	1.10e-02	2.14e-05
 2.22464e+16	9.89e-01	1.08e-02	2.05e-05
 2.22821e+16	9.89e-01	1.05e-02	1.96e-05
 2.23207e+16	9.90e-01	1.03e-02	1.86e-05
 2.23559e+16	9.90e-01	1.01e-02	1.79e-05
 2.23878e+16	9.90e-01	9.87e-03	1.72e-05
 2.24229e+16	9.90e-01	9.65e-03	1.64e-05
 2.24607e+16	9.91e-01	9.43e-03	1.57e-05
 2.24951e+16	9.91e-01	9.23e-03	1.51e-05
 2.25328e+16	9.91e-01	9.02e-03	1.44e-05
 2.25735e+16	9.91e-01	8.80e-03	1.37e-05
 2.26106e+16	9.91e-01	8.61e-03	1.31e-05
 2.26512e+16	9.92e-01	8.40e-03	1.25e-05
 2.26950e+16	9.92e-01	8.19e-03	1.19e-05
 2.27349e+16	9.92e-01	8.01e-03	1.14e-05
 2.27786e+16	9.92e-01	7.80e-03	1.08e-05
 2.28257e+16	9.92e-01	7.59e-03	1.02e-05
 2.28687e+16	9.93e-01	7.42e-03	9.77e-06
 2.29157e+16	9.93e-01	7.22e-03	9.26e-06
 2.29665e+16	9.93e-01	7.02e-03	8.76e-06
 2.30127e+16	9.93e-01	6.84e-03	8.34e-06
 2.30634e+16	9.93e-01	6.65e-03	7.88e-06
 2.31292e+16	9.94e-01	6.41e-03	7.32e-06
 2.32062e+16	9.94e-01	6.14e-03	6.74e-06
 2.32858e+16	9.94e-01	5.89e-03	6.20e-06
 2.33667e+16	9.94e-01	5.65e-03	5.71e-06
 2.34508e+16	9.95e-01	5.41e-03	5.24e-06
 2.35383e+16	9.95e-01	5.17e-03	4.79e-06
 2.36290e+16	9.95e-01	4.94e-03	4.38e-06
 2.37229e+16	9.95e-01	4.71e-03	3.99e-06
 2.38200e+16	9.96e-01	4.49e-03	3.64e-06
 2.39194e+16	9.96e-01	4.28e-03	3.31e-06
 2.40205e+16	9.96e-01	4.08e-03	3.01e-06
 2.41233e+16	9.96e-01	3.89e-03	2.73e-06
 2.42280e+16	9.96e-01	3.70e-03	2.48e-06
 2.43347e+16	9.96e-01	3.53e-03	2.25e-06
 2.44434e+16	9.97e-01	3.36e-03	2.04e-06
 2.45541e+16	9.97e-01	3.19e-03	1.85e-06
 2.46667e+16	9.97e-01	3.04e-03	1.68e-06
 2.47797e+16	9.97e-01	2.89e-03	1.52e-06
 2.48944e+16	9.97e-01	2.75e-03	1.38e-06
 2.50133e+16	9.97e-01	2.61e-03	1.24e-06
 2.51351e+16	9.98e-01	2.48e-03	1.12e-06
 2.52589e+16	9.98e-01	2.35e-03	1.01e-06
 2.53847e+16	9.98e-01	2.23e-03	9.09e-07
 2.55127e+16	9.98e-01	2.12e-03	8.18e-07
 2.56433e+16	9.98e-01	2.00e-03	7.35e-07
 2.57764e+16	9.98e-01	1.90e-03	6.60e-07
 2.59122e+16	9.98e-01	1.80e-03	5.92e-07
 2.60507e+16	9.98e-01	1.70e-03	5.30e-07
 2.61921e+16	9.98e-01	1.61e-03	4.74e-07
 2.63364e+16	9.98e-01	1.52e-03	4.23e-07
 2.64838e+16	9.99e-01	1.43e-03	3.77e-07
 2.66342e+16	9.99e-01	1.35e-03	3.36e-07
 2.67879e+16	9.99e-01	1.27e-03	2.99e-07
 2.69450e+16	9.99e-01	1.20e-03	2.65e-07
 2.71057e+16	9.99e-01	1.13e-03	2.35e-07
 2.72702e+16	9.99e-01	1.06e-03	2.07e-07
 2.74386e+16	9.99e-01	9.96e-04	1.83e-07
 2.76112e+16	9.99e-01	9.34e-04	1.61e-07
 2.77882e+16	9.99e-01	8.75e-04	1.41e-07
 2.79699e+16	9.99e-01	8.18e-04	1.24e-07
 2.81566e+16	9.99e-01	7.64e-04	1.08e-07
 2.83484e+16	9.99e-01	7.13e-04	9.40e-08
 2.85458e+16	9.99e-01	6.64e-04	8.17e-08
 2.87463e+16	9.99e-01	6.19e-04	7.09e-08
 2.89511e+16	9.99e-01	5.75e-04	6.13e-08
 2.91666e+16	9.99e-01	5.33e-04	5.26e-08
 2.93925e+16	1.00e+00	4.92e-04	4.49e-08
 2.96265e+16	1.00e+00	4.54e-04	3.81e-08
 2.98686e+16	1.00e+00	4.17e-04	3.22e-08
 3.01207e+16	1.00e+00	3.82e-04	2.71e-08
 3.03842e+16	1.00e+00	3.49e-04	2.26e-08
 3.06604e+16	1.00e+00	3.18e-04	1.87e-08
 3.09513e+16	1.00e+00	2.88e-04	1.53e-08
 3.12584e+16	1.00e+00	2.59e-04	1.24e-08
 3.15828e+16	1.00e+00	2.33e-04	9.99e-09
 3.19299e+16	1.00e+00	2.07e-04	7.91e-09
 3.23025e+16	1.00e+00	1.83e-04	6.16e-09
 3.27022e+16	1.00e+00	1.60e-04	4.72e-09
 3.31353e+16	1.00e+00	1.39e-04	3.54e-09
 3.36109e+16	1.00e+00	1.19e-04	2.59e-09
 3.41396e+16	1.00e+00	9.98e-05	1.83e-09
 3.47355e+16	1.00e+00	8.22e-05	1.24e-09
 3.54241e+16	1.00e+00	6.58e-05	7.96e-10
 3.61974e+16	1.00e+00	5.15e-05	4.89e-10
 3.69998e+16	1.00e+00	4.02e-05	2.97e-10
 3.77931e+16	1.00e+00	3.15e-05	1.84e-10
 3.85821e+16	1.00e+00	2.48e-05	1.14e-10
 3.93826e+16	1.00e+00	1.95e-05	7.08e-11
 4.02000e+16	1.00e+00	1.53e-05	4.39e-11
 4.10360e+16	1.00e+00	1.20e-05	2.71e-11
 4.18874e+16	1.00e+00	9.43e-06	1.68e-11
 4.27566e+16	1.00e+00	7.39e-06	1.03e-11
 4.36492e+16	1.00e+00	5.78e-06	6.36e-12
 4.45656e+16	1.00e+00	4.51e-06	3.89e-12
 4.55050e+16	1.00e+00	3.52e-06	2.38e-12
 4.64744e+16	1.00e+00	2.74e-06	1.44e-12
 4.74795e+16	1.00e+00	2.12e-06	8.66e-13
 4.85176e+16	1.00e+00	1.63e-06	5.18e-13
 4.95906e+16	1.00e+00	1.26e-06	3.08e-13
 5.07098e+16	1.00e+00	9.60e-07	1.80e-13
 5.18813e+16	1.00e+00	7.30e-07	1.04e-13
 5.31109e+16	1.00e+00	5.50e-07	5.94e-14
 5.44087e+16	1.00e+00	4.11e-07	3.33e-14
 5.57871e+16	1.00e+00	3.03e-07	1.82e-14
 5.72616e+16	1.00e+00	2.21e-07	9.69e-15
 5.88072e+16	1.00e+00	1.60e-07	5.10e-15
 6.03732e+16	1.00e+00	1.17e-07	2.71e-15
 6.19392e+16	1.00e+00	8.58e-08	1.46e-15
 6.35052e+16	1.00e+00	6.35e-08	8.03e-16
 6.50712e+16	1.00e+00	4.73e-08	4.46e-16
 6.66372e+16	1.00e+00	3.55e-08	2.52e-16
 6.84381e+16	1.00e+00	2.55e-08	1.30e-16
 7.05046e+16	1.00e+00	1.78e-08	6.33e-17
 7.26856e+16	1.00e+00	1.23e-08	3.02e-17
 7.49971e+16	1.00e+00	8.39e-09	1.42e-17
 7.73781e+16	1.00e+00	5.75e-09	6.65e-18
 7.98062e+16	1.00e+00	3.96e-09	3.15e-18
 8.22670e+16	1.00e+00	2.74e-09	1.51e-18
 8.47753e+16	1.00e+00	1.90e-09	7.31e-19
 8.73496e+16	1.00e+00	1.32e-09	3.54e-19
 8.99712e+16	1.00e+00	9.24e-10	1.73e-19
 9.26209e+16	1.00e+00	6.49e-10	8.52e-20
 9.52932e+16	1.00e+00	4.59e-10	4.27e-20
 9.79758e+16	1.00e+00	3.27e-10	2.17e-20
 1.00657e+17	1.00e+00	2.35e-10	1.12e-20
 1.03332e+17	1.00e+00	1.70e-10	5.88e-21
 1.05986e+17	1.00e+00	1.25e-10	0.00e+00
 1.08604e+17	1.00e+00	9.22e-11	0.00e+00
 1.11174e+17	1.00e+00	6.91e-11	0.00e+00
 1.13681e+17	1.00e+00	5.25e-11	0.00e+00
 1.16118e+17	1.00e+00	4.04e-11	0.00e+00
 1.18483e+17	1.00e+00	3.16e-11	0.00e+00
 1.20770e+17	1.00e+00	2.50e-11	0.00e+00
 1.22969e+17	1.00e+00	2.00e-11	0.00e+00
 1.25074e+17	1.00e+00	1.63e-11	0.00e+00
 1.27088e+17	1.00e+00	1.35e-11	0.00e+00
 1.29011e+17	1.00e+00	1.13e-11	0.00e+00
 1.30844e+17	1.00e+00	9.53e-12	0.00e+00
 1.32585e+17	1.00e+00	8.17e-12	0.00e+00
 1.34239e+17	1.00e+00	7.09e-12	0.00e+00
 1.35809e+17	1.00e+00	6.22e-12	0.00e+00
 1.37299e+17	1.00e+00	5.51e-12	0.00e+00
 1.38711e+17	1.00e+00	4.92e-12	0.00e+00
 1.40050e+17	1.00e+00	4.44e-12	0.00e+00
 1.41318e+17	1.00e+00	4.04e-12	0.00e+00
 1.42520e+17	1.00e+00	3.70e-12	0.00e+00
 1.43659e+17	1.00e+00	3.42e-12	0.00e+00
 1.44738e+17	1.00e+00	3.18e-12	0.00e+00
 1.45761e+17	1.00e+00	2.97e-12	0.00e+00
 1.46731e+17	1.00e+00	2.79e-12	0.00e+00
 1.47651e+17	1.00e+00	2.63e-12	0.00e+00
 1.48523e+17	1.00e+00	2.50e-12	0.00e+00
 1.49349e+17	1.00e+00	2.38e-12	0.00e+00
 1.50134e+17	1.00e+00	2.28e-12	0.00e+00
 1.50878e+17	1.00e+00	2.18e-12	0.00e+00
 1.51586e+17	1.00e+00	2.10e-12	0.00e+00
 1.52258e+17	1.00e+00	2.03e-12	0.00e+00
 1.52897e+17	1.00e+00	1.96e-12	0.00e+00
 1.53504e+17	1.00e+00	1.90e-12	0.00e+00
 1.54081e+17	1.00e+00	1.85e-12	0.00e+00
 1.54630e+17	1.00e+00	1.80e-12	0.00e+00
 1.55153e+17	1.00e+00	1.76e-12	0.00e+00
 1.55652e+17	1.00e+00	1.72e-12	0.00e+00
 1.56127e+17	1.00e+00	1.68e-12	0.00e+00
 1.56581e+17	1.00e+00	1.65e-12	0.00e+00
 1.57013e+17	1.00e+00	1.62e-12	0.00e+00
 1.57427e+17	1.00e+00	1.59e-12	0.00e+00
 1.57822e+17	1.00e+00	1.57e-12	0.00e+00
 1.58201e+17	1.00e+00	1.54e-12	0.00e+00
 1.58563e+17	1.00e+00	1.52e-12	0.00e+00
 1.58911e+17	1.00e+00	1.50e-12	0.00e+00
 1.59245e+17	1.00e+00	1.48e-12	0.00e+00
 1.59567e+17	1.00e+00	1.46e-12	0.00e+00
 1.59876e+17	1.00e+00	1.44e-12	0.00e+00
 1.60175e+17	1.00e+00	1.43e-12	0.00e+00
 1.60464e+17	1.00e+00	1.41e-12	0.00e+00
 1.60744e+17	1.00e+00	1.40e-12	0.00e+00
 1.61016e+17	1.00e+00	1.39e-12	0.00e+00
 1.61281e+17	1.00e+00	1.37e-12	0.00e+00
 1.61539e+17	1.00e+00	1.36e-12	0.00e+00
 1.61792e+17	1.00e+00	1.35e-12	0.00e+00
 1.62041e+17	1.00e+00	1.34e-12	0.00e+00
 1.62287e+17	1.00e+00	1.33e-12	0.00e+00
 1.62531e+17	1.00e+00	1.32e-12	0.00e+00
 1.62774e+17	1.00e+00	1.31e-12	0.00e+00
 1.63018e+17	1.00e+00	1.30e-12	0.00e+00
 1.63265e+17	1.00e+00	1.29e-12	0.00e+00
 1.63515e+17	1.00e+00	1.28e-12	0.00e+00
 1.63772e+17	1.00e+00	1.26e-12	0.00e+00
 1.64039e+17	1.00e+00	1.25e-12	0.00e+00
 1.64318e+17	1.00e+00	1.24e-12	0.00e+00
 1.64614e+17	1.00e+00	1.23e-12	0.00e+00
 1.64933e+17	1.00e+00	1.22e-12	0.00e+00
 1.65283e+17	1.00e+00	1.21e-12	0.00e+00
 1.65675e+17	1.00e+00	1.19e-12	0.00e+00
 1.66124e+17	1.00e+00	1.18e-12	0.00e+00
 1.66651e+17	1.00e+00	1.16e-12	0.00e+00
 1.67292e+17	1.00e+00	1.13e-12	0.00e+00
 1.68100e+17	1.00e+00	1.11e-12	0.00e+00
 1.69144e+17	1.00e+00	1.07e-12	0.00e+00
 1.70501e+17	1.00e+00	1.02e-12	0.00e+00
 1.72265e+17	1.00e+00	9.69e-13	0.00e+00
 1.74558e+17	1.00e+00	8.99e-13	0.00e+00
 1.77539e+17	1.00e+00	8.17e-13	0.00e+00
 1.81414e+17	1.00e+00	7.21e-13	0.00e+00
 1.86452e+17	1.00e+00	6.14e-13	0.00e+00
 1.93002e+17	1.00e+00	5.00e-13	0.00e+00
 2.00638e+17	1.00e+00	3.86e-13	0.00e+00
 2.08663e+17	1.00e+00	3.29e-13	0.00e+00
 2.17010e+17	1.00e+00	2.94e-13	0.00e+00
 2.25690e+17	1.00e+00	2.65e-13	0.00e+00
 2.34718e+17	1.00e+00	2.39e-13	0.00e+00
 2.44107e+17	1.00e+00	2.15e-13	0.00e+00
 2.53871e+17	1.00e+00	1.92e-13	0.00e+00
 2.64026e+17	1.00e+00	1.70e-13	0.00e+00
 2.74587e+17	1.00e+00	1.49e-13	0.00e+00
 2.85570e+17	1.00e+00	1.29e-13	0.00e+00
 2.96473e+17	1.00e+00	1.10e-13	0.00e+00
 3.06477e+17	1.00e+00	1.04e-13	0.00e+00
 3.15321e+17	1.00e+00	1.06e-13	0.00e+00
 3.23329e+17	1.00e+00	1.08e-13	0.00e+00
 3.30967e+17	1.00e+00	1.04e-13	0.00e+00
 3.38357e+17	1.00e+00	9.52e-14	0.00e+00
 3.45215e+17	1.00e+00	8.69e-14	0.00e+00
 3.51143e+17	1.00e+00	8.17e-14	0.00e+00
 3.55530e+17	1.00e+00	7.95e-14	0.00e+00
 3.58167e+17	1.00e+00	8.21e-14	0.00e+00
 3.59662e+17	1.00e+00	8.48e-14	0.00e+00
 3.60557e+17	1.00e+00	8.63e-14	0.00e+00
 3.61094e+17	1.00e+00	8.72e-14	0.00e+00
 3.61449e+17	1.00e+00	8.77e-14	0.00e+00
 3.61742e+17	1.00e+00	8.80e-14	0.00e+00
 3.62063e+17	1.00e+00	8.83e-14	0.00e+00
 3.62469e+17	1.00e+00	8.84e-14	0.00e+00
 3.62881e+17	1.00e+00	8.85e-14	0.00e+00
 3.63224e+17	1.00e+00	8.85e-14	0.00e+00
 3.63506e+17	1.00e+00	8.84e-14	0.00e+00
 3.63742e+17	1.00e+00	8.83e-14	0.00e+00
 3.63969e+17	1.00e+00	8.83e-14	0.00e+00
 3.64235e+17	1.00e+00	8.81e-14	0.00e+00
 3.64510e+17	1.00e+00	8.79e-14	0.00e+00
 3.64740e+17	1.00e+00	8.77e-14	0.00e+00
 3.64931e+17	1.00e+00	8.75e-14	0.00e+00
 3.65114e+17	1.00e+00	8.74e-14	0.00e+00
 3.65301e+17	1.00e+00	8.72e-14	0.00e+00
 3.65483e+17	1.00e+00	8.70e-14	0.00e+00
 3.65661e+17	1.00e+00	8.67e-14	0.00e+00
 3.65833e+17	1.00e+00	8.65e-14	0.00e+00
 3.65996e+17	1.00e+00	8.63e-14	0.00e+00
 3.66148e+17	1.00e+00	8.60e-14	0.00e+00
 3.66294e+17	1.00e+00	8.58e-14	0.00e+00
 3.66439e+17	1.00e+00	8.56e-14	0.00e+00
 3.66582e+17	1.00e+00	8.53e-14	0.00e+00
 3.66722e+17	1.00e+00	8.51e-14	0.00e+00
 3.66858e+17	1.00e+00	8.49e-14	0.00e+00
 3.66991e+17	1.00e+00	8.46e-14	0.00e+00
 3.67117e+17	1.00e+00	8.43e-14	0.00e+00
 3.67239e+17	1.00e+00	8.41e-14	0.00e+00
 3.67366e+17	1.00e+00	8.39e-14	0.00e+00
 3.67500e+17	1.00e+00	8.36e-14	0.00e+00
 3.67629e+17	1.00e+00	8.33e-14	0.00e+00
 3.67751e+17	1.00e+00	8.30e-14	0.00e+00
 3.67874e+17	1.00e+00	8.27e-14	0.00e+00
 3.68001e+17	1.00e+00	8.24e-14	0.00e+00
 3.68125e+17	1.00e+00	8.21e-14	0.00e+00
 3.68247e+17	1.00e+00	8.18e-14	0.00e+00
 3.68375e+17	1.00e+00	8.15e-14	0.00e+00
 3.68509e+17	1.00e+00	8.11e-14	0.00e+00
 3.68641e+17	1.00e+00	8.08e-14	0.00e+00
 3.68769e+17	1.00e+00	8.05e-14	0.00e+00
 3.68898e+17	1.00e+00	8.01e-14	0.00e+00
 3.69038e+17	1.00e+00	7.97e-14	0.00e+00
 3.69191e+17	1.00e+00	7.93e-14	0.00e+00
 3.69334e+17	1.00e+00	7.89e-14	0.00e+00
 3.69472e+17	1.00e+00	7.85e-14	0.00e+00
 3.69626e+17	1.00e+00	7.80e-14	0.00e+00
 3.69791e+17	1.00e+00	7.75e-14	0.00e+00
 3.69948e+17	1.00e+00	7.70e-14	0.00e+00
 3.70095e+17	1.00e+00	7.66e-14	0.00e+00
 3.70248e+17	1.00e+00	7.61e-14	0.00e+00
 3.70427e+17	1.00e+00	7.56e-14	0.00e+00
 3.70613e+17	1.00e+00	7.49e-14	0.00e+00
 3.70783e+17	1.00e+00	7.44e-14	0.00e+00
 3.70953e+17	1.00e+00	7.39e-14	0.00e+00
 3.71143e+17	1.00e+00	7.33e-14	0.00e+00
 3.71348e+17	1.00e+00	7.26e-14	0.00e+00
 3.71544e+17	1.00e+00	7.19e-14	0.00e+00
 3.71735e+17	1.00e+00	7.13e-14	0.00e+00
 3.71942e+17	1.00e+00	7.06e-14	0.00e+00
 3.72163e+17	1.00e+00	6.98e-14	0.00e+00
 3.72390e+17	1.00e+00	6.90e-14	0.00e+00
 3.72617e+17	1.00e+00	6.82e-14	0.00e+00
 3.72843e+17	1.00e+00	6.74e-14	0.00e+00
 3.73074e+17	1.00e+00	6.66e-14	0.00e+00
 3.73305e+17	1.00e+00	6.58e-14	0.00e+00
 3.73562e+17	1.00e+00	6.50e-14	0.00e+00
 3.73846e+17	1.00e+00	6.40e-14	0.00e+00
 3.74123e+17	1.00e+00	6.29e-14	0.00e+00
 3.74387e+17	1.00e+00	6.20e-14	0.00e+00
 3.74662e+17	1.00e+00	6.10e-14	0.00e+00
 3.74957e+17	1.00e+00	6.00e-14	0.00e+00
 3.75255e+17	1.00e+00	5.89e-14	0.00e+00
 3.75555e+17	1.00e+00	5.79e-14	0.00e+00
 3.75872e+17	1.00e+00	5.67e-14	0.00e+00
 3.76197e+17	1.00e+00	5.56e-14	0.00e+00
 3.76525e+17	1.00e+00	5.44e-14	0.00e+00
 3.76870e+17	1.00e+00	5.33e-14	0.00e+00
 3.77225e+17	1.00e+00	5.20e-14	0.00e+00
 3.77579e+17	1.00e+00	5.08e-14	0.00e+00
 3.77937e+17	1.00e+00	4.95e-14	0.00e+00
 3.78306e+17	1.00e+00	4.82e-14	0.00e+00
 3.78684e+17	1.00e+00	4.70e-14	0.00e+00
 3.79078e+17	1.00e+00	4.57e-14	0.00e+00
 3.79490e+17	1.00e+00	4.43e-14	0.00e+00
 3.79908e+17	1.00e+00	4.29e-14	0.00e+00
 3.80326e+17	1.00e+00	4.15e-14	0.00e+00
 3.80751e+17	1.00e+00	4.02e-14	0.00e+00
 3.81189e+17	1.00e+00	3.88e-14	0.00e+00
 3.81639e+17	1.00e+00	3.74e-14	0.00e+00
 3.82091e+17	1.00e+00	3.60e-14	0.00e+00
 3.82561e+17	1.00e+00	3.47e-14	0.00e+00
 3.83060e+17	1.00e+00	3.32e-14	0.00e+00
 3.83561e+17	1.00e+00	3.18e-14	0.00e+00
 3.84066e+17	1.00e+00	3.03e-14	0.00e+00
 3.84576e+17	1.00e+00	2.90e-14	0.00e+00
 3.85103e+17	1.00e+00	2.76e-14	0.00e+00
 3.85648e+17	1.00e+00	2.62e-14	0.00e+00
 3.86202e+17	1.00e+00	2.48e-14	0.00e+00
 3.86779e+17	1.00e+00	2.34e-14	0.00e+00
 3.87353e+17	1.00e+00	2.21e-14	0.00e+00
 3.87952e+17	1.00e+00	2.07e-14	0.00e+00
 3.88579e+17	1.00e+00	1.94e-14	0.00e+00
 3.89223e+17	1.00e+00	1.81e-14	0.00e+00
 3.89898e+17	1.00e+00	1.69e-14	0.00e+00
 3.90574e+17	1.00e+00	1.56e-14	0.00e+00
 3.91217e+17	1.00e+00	1.45e-14	0.00e+00
 3.91783e+17	1.00e+00	1.35e-14	0.00e+00
 3.92275e+17	1.00e+00	1.27e-14	0.00e+00
 3.92730e+17	1.00e+00	1.20e-14	0.00e+00
 3.93176e+17	1.00e+00	1.13e-14	0.00e+00
 3.93616e+17	1.00e+00	1.07e-14	0.00e+00
 3.94037e+17	1.00e+00	1.02e-14	0.00e+00
 3.94429e+17	1.00e+00	9.65e-15	0.00e+00
 3.94797e+17	1.00e+00	9.19e-15	0.00e+00
 3.95152e+17	1.00e+00	8.76e-15	0.00e+00
 3.95497e+17	1.00e+00	8.36e-15	0.00e+00
 3.95833e+17	1.00e+00	7.99e-15	0.00e+00
 3.96154e+17	1.00e+00	7.63e-15	0.00e+00
 3.96460e+17	1.00e+00	7.30e-15	0.00e+00
 3.96755e+17	1.00e+00	7.00e-15	0.00e+00
 3.97040e+17	1.00e+00	6.71e-15	0.00e+00
 3.97316e+17	1.00e+00	6.44e-15	0.00e+00
 3.97583e+17	1.00e+00	6.18e-15	0.00e+00
 3.97840e+17	1.00e+00	5.94e-15	0.00e+00
 3.98088e+17	1.00e+00	5.70e-15	0.00e+00
 3.98328e+17	1.00e+00	5.49e-15	0.00e+00
 3.98561e+17	1.00e+00	5.28e-15	0.00e+00
 3.98786e+17	1.00e+00	5.10e-15	0.00e+00
 3.99005e+17	1.00e+00	4.91e-15	0.00e+00
 3.99217e+17	1.00e+00	4.73e-15	0.00e+00
 3.99422e+17	1.00e+00	4.57e-15	0.00e+00
 3.99623e+17	1.00e+00	4.41e-15	0.00e+00
 3.99818e+17	1.00e+00	4.26e-15	0.00e+00
 4.00010e+17	1.00e+00	4.12e-15	0.00e+00
 4.00197e+17	1.00e+00	3.98e-15	0.00e+00
 4.00380e+17	1.00e+00	3.86e-15	0.00e+00
 4.00588e+17	1.00e+00	3.73e-15	0.00e+00
 4.00860e+17	1.00e+00	3.58e-15	0.00e+00
 4.01212e+17	1.00e+00	3.37e-15	0.00e+00
 4.01670e+17	1.00e+00	3.14e-15	0.00e+00
 4.02266e+17	1.00e+00	2.84e-15	0.00e+00
 4.03040e+17	1.00e+00	2.49e-15	0.00e+00
 4.03928e+17	1.00e+00	2.10e-15	0.00e+00
 4.04741e+17	1.00e+00	1.76e-15	0.00e+00
 4.05379e+17	1.00e+00	1.52e-15	0.00e+00
 4.05894e+17	1.00e+00	1.36e-15	0.00e+00
 4.06393e+17	1.00e+00	1.24e-15	0.00e+00
 4.06951e+17	1.00e+00	1.11e-15	0.00e+00
 4.07564e+17	1.00e+00	9.85e-16	0.00e+00
 4.08175e+17	1.00e+00	8.66e-16	0.00e+00
 4.08744e+17	1.00e+00	7.68e-16	0.00e+00
 4.09285e+17	1.00e+00	6.86e-16	0.00e+00
 4.09839e+17	1.00e+00	6.15e-16	0.00e+00
 4.10433e+17	1.00e+00	5.47e-16	0.00e+00
 4.11062e+17	1.00e+00	4.82e-16	0.00e+00
 4.11709e+17	1.00e+00	4.22e-16	0.00e+00
 4.12371e+17	1.00e+00	3.69e-16	0.00e+00
 4.13067e+17	1.00e+00	3.21e-16	0.00e+00
 4.13832e+17	1.00e+00	2.77e-16	0.00e+00
 4.14698e+17	1.00e+00	2.35e-16	0.00e+00
 4.15705e+17	1.00e+00	1.94e-16	0.00e+00
 4.16921e+17	1.00e+00	1.55e-16	0.00e+00
 4.18465e+17	1.00e+00	1.18e-16	0.00e+00
 4.20473e+17	1.00e+00	8.26e-17	0.00e+00
 4.23083e+17	1.00e+00	5.21e-17	0.00e+00
 4.26475e+17	1.00e+00	2.89e-17	0.00e+00
 4.30886e+17	1.00e+00	1.37e-17	0.00e+00
 4.36620e+17	1.00e+00	5.28e-18	0.00e+00
