#depth	N	N+	N+2	N+3	N+4	N+5	N+6	N+7
 1.49634e+10	0.00e+00	0.00e+00	1.48e-27	2.74e-18	9.12e-10	9.57e-01	4.25e-02	0.00e+00
 4.54887e+10	0.00e+00	2.00e-37	1.89e-27	3.22e-18	9.91e-10	9.61e-01	3.92e-02	6.42e-07
 7.72350e+10	0.00e+00	0.00e+00	2.41e-27	3.79e-18	1.08e-09	9.64e-01	3.62e-02	0.00e+00
 1.10251e+11	0.00e+00	3.81e-37	3.07e-27	4.46e-18	1.17e-09	9.67e-01	3.34e-02	0.00e+00
 1.42152e+11	0.00e+00	0.00e+00	3.85e-27	5.19e-18	1.26e-09	9.69e-01	3.09e-02	0.00e+00
 1.72155e+11	0.00e+00	6.75e-37	4.73e-27	5.96e-18	1.36e-09	9.71e-01	2.89e-02	0.00e+00
 2.05793e+11	0.00e+00	0.00e+00	5.90e-27	6.92e-18	1.46e-09	9.73e-01	2.68e-02	0.00e+00
 2.43952e+11	0.00e+00	1.25e-36	7.53e-27	8.15e-18	1.59e-09	9.75e-01	2.47e-02	0.00e+00
 2.82349e+11	3.22e-47	1.71e-36	9.52e-27	9.54e-18	1.72e-09	9.77e-01	2.28e-02	0.00e+00
 3.22282e+11	0.00e+00	0.00e+00	1.21e-26	1.12e-17	1.87e-09	9.79e-01	2.10e-02	0.00e+00
 3.65100e+11	0.00e+00	3.23e-36	1.54e-26	1.32e-17	2.03e-09	9.81e-01	1.94e-02	0.00e+00
 4.09631e+11	1.07e-46	4.47e-36	1.96e-26	1.55e-17	2.20e-09	9.82e-01	1.78e-02	0.00e+00
 4.55943e+11	0.00e+00	0.00e+00	2.51e-26	1.83e-17	2.39e-09	9.84e-01	1.64e-02	0.00e+00
 5.04108e+11	0.00e+00	8.56e-36	3.20e-26	2.15e-17	2.60e-09	9.85e-01	1.51e-02	0.00e+00
 5.54199e+11	3.61e-46	1.18e-35	4.09e-26	2.54e-17	2.82e-09	9.86e-01	1.39e-02	0.00e+00
 6.06294e+11	0.00e+00	0.00e+00	5.23e-26	2.99e-17	3.07e-09	9.87e-01	1.28e-02	0.00e+00
 6.60472e+11	0.00e+00	2.27e-35	6.69e-26	3.53e-17	3.34e-09	9.88e-01	1.17e-02	0.00e+00
 7.16818e+11	1.23e-45	3.15e-35	8.55e-26	4.17e-17	3.63e-09	9.89e-01	1.08e-02	0.00e+00
 7.69920e+11	0.00e+00	0.00e+00	1.07e-25	4.85e-17	3.92e-09	9.90e-01	9.99e-03	0.00e+00
 8.17595e+11	0.00e+00	5.50e-35	1.30e-25	5.53e-17	4.18e-09	9.91e-01	9.35e-03	0.00e+00
 8.71180e+11	3.49e-45	7.29e-35	1.61e-25	6.38e-17	4.50e-09	9.91e-01	8.69e-03	0.00e+00
 9.34461e+11	0.00e+00	0.00e+00	2.05e-25	7.51e-17	4.89e-09	9.92e-01	8.00e-03	0.00e+00
 9.97668e+11	0.00e+00	1.37e-34	2.59e-25	8.79e-17	5.29e-09	9.93e-01	7.38e-03	0.00e+00
 1.05726e+12	1.09e-44	1.82e-34	3.21e-25	1.02e-16	5.69e-09	9.93e-01	6.86e-03	0.00e+00
 1.12333e+12	0.00e+00	2.47e-34	4.04e-25	1.19e-16	6.15e-09	9.94e-01	6.34e-03	0.00e+00
 1.19819e+12	2.42e-44	3.44e-34	5.19e-25	1.40e-16	6.70e-09	9.94e-01	5.82e-03	0.00e+00
 1.27309e+12	0.00e+00	4.74e-34	6.62e-25	1.65e-16	7.28e-09	9.95e-01	5.36e-03	0.00e+00
 1.35098e+12	5.39e-44	6.54e-34	8.43e-25	1.95e-16	7.91e-09	9.95e-01	4.93e-03	0.00e+00
 1.43494e+12	0.00e+00	9.14e-34	1.09e-24	2.31e-16	8.62e-09	9.95e-01	4.52e-03	0.00e+00
 1.51370e+12	1.19e-43	1.24e-33	1.37e-24	2.70e-16	9.33e-09	9.96e-01	4.18e-03	0.00e+00
 1.58402e+12	0.00e+00	1.61e-33	1.67e-24	3.09e-16	9.98e-09	9.96e-01	3.90e-03	0.00e+00
 1.66305e+12	2.37e-43	2.14e-33	2.07e-24	3.58e-16	1.08e-08	9.96e-01	3.62e-03	0.00e+00
 1.75683e+12	0.00e+00	2.96e-33	2.65e-24	4.23e-16	1.17e-08	9.97e-01	3.33e-03	0.00e+00
 1.85097e+12	5.27e-43	4.07e-33	3.37e-24	4.98e-16	1.27e-08	9.97e-01	3.06e-03	0.00e+00
 1.93917e+12	0.00e+00	5.44e-33	4.20e-24	5.78e-16	1.37e-08	9.97e-01	2.84e-03	0.00e+00
 2.03697e+12	1.11e-42	7.42e-33	5.32e-24	6.79e-16	1.49e-08	9.97e-01	2.62e-03	0.00e+00
 2.14837e+12	0.00e+00	1.04e-32	6.89e-24	8.10e-16	1.63e-08	9.98e-01	2.39e-03	0.00e+00
 2.25795e+12	2.54e-42	1.44e-32	8.81e-24	9.58e-16	1.77e-08	9.98e-01	2.20e-03	0.00e+00
 2.37191e+12	0.00e+00	1.99e-32	1.13e-23	1.13e-15	1.93e-08	9.98e-01	2.02e-03	0.00e+00
 2.49672e+12	5.81e-42	2.80e-32	1.46e-23	1.36e-15	2.12e-08	9.98e-01	1.84e-03	0.00e+00
 2.62209e+12	0.00e+00	3.90e-32	1.88e-23	1.61e-15	2.31e-08	9.98e-01	1.69e-03	0.00e+00
 2.75247e+12	1.32e-41	5.43e-32	2.43e-23	1.92e-15	2.53e-08	9.98e-01	1.55e-03	0.00e+00
 2.89250e+12	0.00e+00	7.66e-32	3.16e-23	2.30e-15	2.78e-08	9.99e-01	1.41e-03	0.00e+00
 3.03119e+12	3.04e-41	1.06e-31	4.06e-23	2.73e-15	3.04e-08	9.99e-01	1.29e-03	0.00e+00
 3.17543e+12	0.00e+00	1.47e-31	5.21e-23	3.25e-15	3.32e-08	9.99e-01	1.18e-03	0.00e+00
 3.33238e+12	6.96e-41	2.08e-31	6.79e-23	3.91e-15	3.65e-08	9.99e-01	1.08e-03	0.00e+00
 3.49560e+12	0.00e+00	2.92e-31	8.84e-23	4.69e-15	4.01e-08	9.99e-01	9.81e-04	0.00e+00
 3.66535e+12	1.62e-40	4.11e-31	1.15e-22	5.64e-15	4.41e-08	9.99e-01	8.93e-04	0.00e+00
 3.84189e+12	0.00e+00	5.79e-31	1.50e-22	6.78e-15	4.86e-08	9.99e-01	8.13e-04	0.00e+00
 4.02550e+12	3.76e-40	8.14e-31	1.95e-22	8.16e-15	5.35e-08	9.99e-01	7.39e-04	0.00e+00
 4.19182e+12	0.00e+00	1.09e-30	2.46e-22	9.59e-15	5.82e-08	9.99e-01	6.80e-04	0.00e+00
 4.33085e+12	7.27e-40	1.39e-30	2.96e-22	1.09e-14	6.23e-08	9.99e-01	6.36e-04	0.00e+00
 4.48334e+12	0.00e+00	1.79e-30	3.61e-22	1.26e-14	6.70e-08	9.99e-01	5.92e-04	0.00e+00
 4.67589e+12	1.45e-39	2.44e-30	4.59e-22	1.49e-14	7.33e-08	9.99e-01	5.42e-04	0.00e+00
 4.87639e+12	0.00e+00	3.33e-30	5.85e-22	1.77e-14	8.03e-08	1.00e+00	4.95e-04	0.00e+00
 5.04800e+12	2.90e-39	4.30e-30	7.15e-22	2.04e-14	8.66e-08	1.00e+00	4.60e-04	0.00e+00
 5.22616e+12	0.00e+00	5.55e-30	8.73e-22	2.36e-14	9.33e-08	1.00e+00	4.27e-04	0.00e+00
 5.44836e+12	5.77e-39	7.55e-30	1.11e-21	2.80e-14	1.02e-07	1.00e+00	3.91e-04	0.00e+00
 5.67354e+12	0.00e+00	1.02e-29	1.41e-21	3.31e-14	1.12e-07	1.00e+00	3.58e-04	0.00e+00
 5.86942e+12	1.12e-38	1.30e-29	1.71e-21	3.81e-14	1.21e-07	1.00e+00	3.33e-04	0.00e+00
 6.08146e+12	0.00e+00	1.69e-29	2.10e-21	4.42e-14	1.30e-07	1.00e+00	3.08e-04	0.00e+00
 6.34029e+12	2.23e-38	2.29e-29	2.67e-21	5.25e-14	1.43e-07	1.00e+00	2.81e-04	0.00e+00
 6.60397e+12	0.00e+00	3.09e-29	3.38e-21	6.22e-14	1.57e-07	1.00e+00	2.57e-04	0.00e+00
 6.84522e+12	4.38e-38	4.01e-29	4.15e-21	7.22e-14	1.70e-07	1.00e+00	2.38e-04	0.00e+00
 7.11330e+12	0.00e+00	5.30e-29	5.18e-21	8.47e-14	1.85e-07	1.00e+00	2.19e-04	0.00e+00
 7.42508e+12	8.95e-38	7.23e-29	6.62e-21	1.01e-13	2.03e-07	1.00e+00	1.99e-04	0.00e+00
 7.73348e+12	0.00e+00	9.70e-29	8.36e-21	1.20e-13	2.22e-07	1.00e+00	1.82e-04	0.00e+00
 8.02829e+12	1.77e-37	1.27e-28	1.04e-20	1.40e-13	2.42e-07	1.00e+00	1.68e-04	0.00e+00
 8.35341e+12	0.00e+00	1.69e-28	1.30e-20	1.65e-13	2.64e-07	1.00e+00	1.54e-04	0.00e+00
 8.71748e+12	3.62e-37	2.30e-28	1.66e-20	1.96e-13	2.90e-07	1.00e+00	1.40e-04	0.00e+00
 9.08359e+12	0.00e+00	3.09e-28	2.09e-20	2.33e-13	3.18e-07	1.00e+00	1.28e-04	0.00e+00
 9.41204e+12	7.05e-37	3.98e-28	2.56e-20	2.69e-13	3.43e-07	1.00e+00	1.19e-04	0.00e+00
 9.69054e+12	0.00e+00	4.91e-28	3.02e-20	3.03e-13	3.66e-07	1.00e+00	1.12e-04	0.00e+00
 9.99084e+12	1.18e-36	6.11e-28	3.59e-20	3.43e-13	3.91e-07	1.00e+00	1.04e-04	0.00e+00
 1.03788e+13	0.00e+00	8.02e-28	4.45e-20	4.01e-13	4.25e-07	1.00e+00	9.62e-05	0.00e+00
 1.07832e+13	2.30e-36	1.05e-27	5.53e-20	4.69e-13	4.63e-07	1.00e+00	8.86e-05	0.00e+00
 1.11305e+13	0.00e+00	1.32e-27	6.62e-20	5.33e-13	4.96e-07	1.00e+00	8.27e-05	0.00e+00
 1.15008e+13	4.03e-36	1.67e-27	7.96e-20	6.09e-13	5.32e-07	1.00e+00	7.71e-05	0.00e+00
 1.19593e+13	0.00e+00	2.22e-27	9.93e-20	7.14e-13	5.80e-07	1.00e+00	7.09e-05	0.00e+00
 1.24298e+13	7.92e-36	2.92e-27	1.24e-19	8.35e-13	6.30e-07	1.00e+00	6.53e-05	0.00e+00
 1.28544e+13	0.00e+00	3.72e-27	1.49e-19	9.56e-13	6.78e-07	1.00e+00	6.08e-05	0.00e+00
 1.33217e+13	1.45e-35	4.81e-27	1.83e-19	1.10e-12	7.32e-07	1.00e+00	5.63e-05	0.00e+00
 1.38317e+13	0.00e+00	6.30e-27	2.26e-19	1.29e-12	7.94e-07	1.00e+00	5.20e-05	0.00e+00
 1.42946e+13	2.69e-35	7.98e-27	2.72e-19	1.47e-12	8.53e-07	1.00e+00	4.84e-05	0.00e+00
 1.47939e+13	0.00e+00	1.02e-26	3.31e-19	1.69e-12	9.18e-07	1.00e+00	4.50e-05	0.00e+00
 1.53550e+13	5.05e-35	1.34e-26	4.09e-19	1.96e-12	9.94e-07	1.00e+00	4.16e-05	0.00e+00
 1.58873e+13	0.00e+00	1.71e-26	4.96e-19	2.25e-12	1.07e-06	1.00e+00	3.87e-05	0.00e+00
 1.64702e+13	9.37e-35	2.22e-26	6.08e-19	2.60e-12	1.16e-06	1.00e+00	3.59e-05	0.00e+00
 1.71153e+13	0.00e+00	2.94e-26	7.56e-19	3.03e-12	1.25e-06	1.00e+00	3.31e-05	0.00e+00
 1.77148e+13	1.79e-34	3.77e-26	9.19e-19	3.48e-12	1.35e-06	1.00e+00	3.08e-05	0.00e+00
 1.83677e+13	2.47e-34	4.91e-26	1.13e-18	4.02e-12	1.46e-06	1.00e+00	2.85e-05	0.00e+00
 1.90993e+13	3.49e-34	6.52e-26	1.41e-18	4.71e-12	1.59e-06	1.00e+00	2.62e-05	0.00e+00
 1.97923e+13	4.80e-34	8.47e-26	1.73e-18	5.43e-12	1.71e-06	1.00e+00	2.44e-05	0.00e+00
 2.05401e+13	6.70e-34	1.11e-25	2.13e-18	6.30e-12	1.85e-06	1.00e+00	2.25e-05	0.00e+00
 2.13728e+13	9.55e-34	1.49e-25	2.68e-18	7.39e-12	2.01e-06	1.00e+00	2.07e-05	0.00e+00
 2.21763e+13	1.33e-33	1.95e-25	3.31e-18	8.56e-12	2.17e-06	1.00e+00	1.92e-05	0.00e+00
 2.30308e+13	1.88e-33	2.58e-25	4.11e-18	9.96e-12	2.35e-06	1.00e+00	1.77e-05	0.00e+00
 2.39820e+13	2.70e-33	3.47e-25	5.18e-18	1.17e-11	2.56e-06	1.00e+00	1.63e-05	0.00e+00
 2.49373e+13	3.86e-33	4.64e-25	6.48e-18	1.37e-11	2.78e-06	1.00e+00	1.50e-05	0.00e+00
 2.59308e+13	5.51e-33	6.20e-25	8.10e-18	1.60e-11	3.02e-06	1.00e+00	1.39e-05	0.00e+00
 2.69980e+13	7.96e-33	8.36e-25	1.02e-17	1.88e-11	3.28e-06	1.00e+00	1.27e-05	0.00e+00
 2.81078e+13	1.15e-32	1.13e-24	1.29e-17	2.21e-11	3.57e-06	1.00e+00	1.17e-05	0.00e+00
 2.92005e+13	1.64e-32	1.50e-24	1.61e-17	2.57e-11	3.87e-06	1.00e+00	1.08e-05	0.00e+00
 3.02171e+13	2.25e-32	1.94e-24	1.96e-17	2.94e-11	4.15e-06	1.00e+00	1.01e-05	0.00e+00
 3.11345e+13	2.96e-32	2.43e-24	2.33e-17	3.31e-11	4.42e-06	1.00e+00	9.49e-06	0.00e+00
 3.21183e+13	3.96e-32	3.08e-24	2.78e-17	3.75e-11	4.71e-06	1.00e+00	8.91e-06	0.00e+00
 3.33428e+13	5.61e-32	4.08e-24	3.46e-17	4.35e-11	5.08e-06	1.00e+00	8.25e-06	0.00e+00
 3.45705e+13	7.87e-32	5.36e-24	4.27e-17	5.03e-11	5.48e-06	1.00e+00	7.66e-06	0.00e+00
 3.56265e+13	1.04e-31	6.74e-24	5.08e-17	5.66e-11	5.83e-06	1.00e+00	7.20e-06	0.00e+00
 3.67689e+13	1.41e-31	8.58e-24	6.11e-17	6.42e-11	6.21e-06	1.00e+00	6.76e-06	0.00e+00
 3.81779e+13	2.01e-31	1.14e-23	7.60e-17	7.46e-11	6.71e-06	1.00e+00	6.26e-06	0.00e+00
 3.95860e+13	2.82e-31	1.51e-23	9.39e-17	8.61e-11	7.22e-06	1.00e+00	5.81e-06	0.00e+00
 4.08024e+13	3.77e-31	1.90e-23	1.12e-16	9.71e-11	7.68e-06	1.00e+00	5.47e-06	0.00e+00
 4.21170e+13	5.10e-31	2.43e-23	1.35e-16	1.10e-10	8.19e-06	1.00e+00	5.13e-06	0.00e+00
 4.37322e+13	7.30e-31	3.24e-23	1.68e-16	1.28e-10	8.84e-06	1.00e+00	4.75e-06	0.00e+00
 4.53617e+13	1.04e-30	4.30e-23	2.08e-16	1.48e-10	9.52e-06	1.00e+00	4.41e-06	0.00e+00
 4.68063e+13	1.40e-30	5.48e-23	2.50e-16	1.67e-10	1.01e-05	1.00e+00	4.15e-06	0.00e+00
 4.83868e+13	1.93e-30	7.09e-23	3.04e-16	1.91e-10	1.08e-05	1.00e+00	3.88e-06	0.00e+00
 5.02807e+13	2.80e-30	9.55e-23	3.81e-16	2.22e-10	1.17e-05	1.00e+00	3.59e-06	0.00e+00
 5.21669e+13	3.99e-30	1.27e-22	4.73e-16	2.57e-10	1.26e-05	1.00e+00	3.33e-06	0.00e+00
 5.38861e+13	5.47e-30	1.64e-22	5.73e-16	2.92e-10	1.35e-05	1.00e+00	3.13e-06	0.00e+00
 5.58032e+13	7.69e-30	2.15e-22	7.04e-16	3.36e-10	1.44e-05	1.00e+00	2.91e-06	0.00e+00
 5.80394e+13	1.13e-29	2.92e-22	8.87e-16	3.92e-10	1.56e-05	1.00e+00	2.69e-06	0.00e+00
 6.02429e+13	1.62e-29	3.91e-22	1.11e-15	4.55e-10	1.68e-05	1.00e+00	2.50e-06	0.00e+00
 6.23297e+13	2.26e-29	5.11e-22	1.35e-15	5.21e-10	1.80e-05	1.00e+00	2.34e-06	0.00e+00
 6.46482e+13	3.23e-29	6.80e-22	1.68e-15	6.02e-10	1.94e-05	1.00e+00	2.17e-06	0.00e+00
 6.72640e+13	4.75e-29	9.28e-22	2.12e-15	7.04e-10	2.10e-05	1.00e+00	2.01e-06	0.00e+00
 6.98937e+13	6.92e-29	1.25e-21	2.66e-15	8.20e-10	2.26e-05	1.00e+00	1.86e-06	0.00e+00
 7.26286e+13	1.01e-28	1.70e-21	3.34e-15	9.55e-10	2.45e-05	1.00e+00	1.72e-06	0.00e+00
 7.55637e+13	1.48e-28	2.31e-21	4.22e-15	1.12e-09	2.65e-05	1.00e+00	1.59e-06	0.00e+00
 7.84079e+13	2.13e-28	3.09e-21	5.25e-15	1.29e-09	2.85e-05	1.00e+00	1.48e-06	0.00e+00
 8.10863e+13	2.96e-28	4.03e-21	6.41e-15	1.48e-09	3.05e-05	1.00e+00	1.38e-06	0.00e+00
 8.40800e+13	4.22e-28	5.35e-21	7.94e-15	1.71e-09	3.28e-05	1.00e+00	1.28e-06	0.00e+00
 8.70962e+13	5.95e-28	7.05e-21	9.79e-15	1.97e-09	3.52e-05	1.00e+00	1.20e-06	0.00e+00
 8.96048e+13	7.85e-28	8.81e-21	1.16e-14	2.20e-09	3.73e-05	1.00e+00	1.13e-06	0.00e+00
 9.22629e+13	1.04e-27	1.11e-20	1.38e-14	2.47e-09	3.95e-05	1.00e+00	1.06e-06	0.00e+00
 9.56555e+13	1.48e-27	1.47e-20	1.70e-14	2.86e-09	4.25e-05	1.00e+00	9.90e-07	0.00e+00
 9.92117e+13	2.11e-27	1.95e-20	2.12e-14	3.31e-09	4.58e-05	1.00e+00	0.00e+00	0.00e+00
 1.02361e+14	2.87e-27	2.50e-20	2.55e-14	3.74e-09	4.88e-05	1.00e+00	0.00e+00	0.00e+00
 1.05774e+14	3.94e-27	3.22e-20	3.09e-14	4.27e-09	5.21e-05	1.00e+00	0.00e+00	0.00e+00
 1.09872e+14	5.69e-27	4.33e-20	3.87e-14	4.97e-09	5.63e-05	1.00e+00	0.00e+00	0.00e+00
 1.14022e+14	8.15e-27	5.79e-20	4.82e-14	5.76e-09	6.08e-05	1.00e+00	0.00e+00	0.00e+00
 1.17916e+14	1.13e-26	7.52e-20	5.88e-14	6.59e-09	6.51e-05	1.00e+00	0.00e+00	0.00e+00
 1.21673e+14	1.53e-26	9.60e-20	7.08e-14	7.47e-09	6.94e-05	1.00e+00	0.00e+00	0.00e+00
 1.25917e+14	2.12e-26	1.25e-19	8.67e-14	8.58e-09	7.44e-05	1.00e+00	0.00e+00	0.00e+00
 1.30598e+14	3.02e-26	1.66e-19	1.08e-13	9.93e-09	8.02e-05	1.00e+00	0.00e+00	0.00e+00
 1.34914e+14	4.13e-26	2.14e-19	1.30e-13	1.13e-08	8.58e-05	1.00e+00	0.00e+00	0.00e+00
 1.39593e+14	5.73e-26	2.79e-19	1.60e-13	1.30e-08	9.20e-05	1.00e+00	0.00e+00	0.00e+00
 1.44820e+14	8.15e-26	3.71e-19	1.98e-13	1.50e-08	9.92e-05	1.00e+00	0.00e+00	0.00e+00
 1.49735e+14	1.12e-25	4.81e-19	2.42e-13	1.72e-08	1.06e-04	1.00e+00	0.00e+00	0.00e+00
 1.55099e+14	1.57e-25	6.31e-19	2.97e-13	1.98e-08	1.14e-04	1.00e+00	0.00e+00	0.00e+00
 1.61054e+14	2.26e-25	8.45e-19	3.72e-13	2.30e-08	1.24e-04	1.00e+00	0.00e+00	0.00e+00
 1.66613e+14	3.13e-25	1.10e-18	4.54e-13	2.64e-08	1.32e-04	1.00e+00	0.00e+00	0.00e+00
 1.72648e+14	4.40e-25	1.45e-18	5.61e-13	3.04e-08	1.43e-04	1.00e+00	0.00e+00	0.00e+00
 1.79398e+14	6.35e-25	1.95e-18	7.03e-13	3.55e-08	1.54e-04	1.00e+00	0.00e+00	0.00e+00
 1.85821e+14	8.90e-25	2.56e-18	8.66e-13	4.09e-08	1.66e-04	1.00e+00	0.00e+00	0.00e+00
 1.92687e+14	1.26e-24	3.39e-18	1.07e-12	4.73e-08	1.79e-04	1.00e+00	0.00e+00	0.00e+00
 2.00424e+14	1.84e-24	4.60e-18	1.35e-12	5.54e-08	1.94e-04	1.00e+00	0.00e+00	0.00e+00
 2.08056e+14	2.63e-24	6.15e-18	1.69e-12	6.44e-08	2.09e-04	1.00e+00	0.00e+00	0.00e+00
 2.15993e+14	3.77e-24	8.22e-18	2.11e-12	7.48e-08	2.26e-04	1.00e+00	0.00e+00	0.00e+00
 2.24131e+14	5.38e-24	1.10e-17	2.62e-12	8.68e-08	2.44e-04	1.00e+00	0.00e+00	0.00e+00
 2.31673e+14	7.40e-24	1.42e-17	3.19e-12	9.91e-08	2.61e-04	1.00e+00	0.00e+00	0.00e+00
 2.40049e+14	1.04e-23	1.87e-17	3.94e-12	1.14e-07	2.81e-04	1.00e+00	0.00e+00	0.00e+00
 2.49249e+14	1.50e-23	2.50e-17	4.92e-12	1.33e-07	3.04e-04	1.00e+00	0.00e+00	0.00e+00
 2.57756e+14	2.07e-23	3.25e-17	6.00e-12	1.52e-07	3.25e-04	1.00e+00	0.00e+00	0.00e+00
 2.65222e+14	2.73e-23	4.06e-17	7.11e-12	1.70e-07	3.45e-04	1.00e+00	0.00e+00	0.00e+00
 2.73130e+14	3.63e-23	5.11e-17	8.46e-12	1.92e-07	3.66e-04	1.00e+00	0.00e+00	0.00e+00
 2.83167e+14	5.15e-23	6.77e-17	1.05e-11	2.21e-07	3.94e-04	1.00e+00	0.00e+00	0.00e+00
 2.93335e+14	7.25e-23	8.92e-17	1.29e-11	2.55e-07	4.23e-04	1.00e+00	0.00e+00	0.00e+00
 3.01920e+14	9.59e-23	1.12e-16	1.53e-11	2.86e-07	4.49e-04	1.00e+00	0.00e+00	0.00e+00
 3.11083e+14	1.28e-22	1.41e-16	1.83e-11	3.23e-07	4.77e-04	1.00e+00	0.00e+00	0.00e+00
 3.22603e+14	1.82e-22	1.88e-16	2.27e-11	3.73e-07	5.14e-04	9.99e-01	0.00e+00	0.00e+00
 3.34508e+14	2.59e-22	2.49e-16	2.82e-11	4.31e-07	5.53e-04	9.99e-01	0.00e+00	0.00e+00
 3.44987e+14	3.51e-22	3.17e-16	3.38e-11	4.88e-07	5.89e-04	9.99e-01	0.00e+00	0.00e+00
 3.56292e+14	4.79e-22	4.08e-16	4.10e-11	5.55e-07	6.29e-04	9.99e-01	0.00e+00	0.00e+00
 3.69950e+14	6.91e-22	5.48e-16	5.12e-11	6.45e-07	6.79e-04	9.99e-01	0.00e+00	0.00e+00
 3.83496e+14	9.80e-22	7.26e-16	6.34e-11	7.45e-07	7.31e-04	9.99e-01	0.00e+00	0.00e+00
 3.95512e+14	1.32e-21	9.25e-16	7.62e-11	8.43e-07	7.78e-04	9.99e-01	0.00e+00	0.00e+00
 4.08711e+14	1.82e-21	1.19e-15	9.25e-11	9.61e-07	8.32e-04	9.99e-01	0.00e+00	0.00e+00
 4.24510e+14	2.62e-21	1.61e-15	1.16e-10	1.12e-06	8.99e-04	9.99e-01	0.00e+00	0.00e+00
 4.40214e+14	3.73e-21	2.13e-15	1.44e-10	1.29e-06	9.69e-04	9.99e-01	0.00e+00	0.00e+00
 4.54473e+14	5.08e-21	2.73e-15	1.73e-10	1.47e-06	1.03e-03	9.99e-01	0.00e+00	0.00e+00
 4.70329e+14	7.04e-21	3.56e-15	2.12e-10	1.69e-06	1.11e-03	9.99e-01	0.00e+00	0.00e+00
 4.88891e+14	1.02e-20	4.81e-15	2.67e-10	1.97e-06	1.20e-03	9.99e-01	0.00e+00	0.00e+00
 5.07176e+14	1.45e-20	6.39e-15	3.32e-10	2.28e-06	1.30e-03	9.99e-01	0.00e+00	0.00e+00
 5.24315e+14	1.99e-20	8.26e-15	4.04e-10	2.61e-06	1.39e-03	9.99e-01	0.00e+00	0.00e+00
 5.43441e+14	2.79e-20	1.09e-14	4.98e-10	3.01e-06	1.50e-03	9.99e-01	0.00e+00	0.00e+00
 5.65208e+14	4.06e-20	1.47e-14	6.28e-10	3.53e-06	1.62e-03	9.98e-01	0.00e+00	0.00e+00
 5.86887e+14	5.76e-20	1.96e-14	7.84e-10	4.10e-06	1.76e-03	9.98e-01	0.00e+00	0.00e+00
 6.07739e+14	8.02e-20	2.56e-14	9.63e-10	4.72e-06	1.89e-03	9.98e-01	0.00e+00	0.00e+00
 6.25854e+14	1.05e-19	3.19e-14	1.14e-09	5.32e-06	2.01e-03	9.98e-01	0.00e+00	0.00e+00
 6.41038e+14	1.31e-19	3.83e-14	1.32e-09	5.85e-06	2.12e-03	9.98e-01	0.00e+00	0.00e+00
 6.57916e+14	1.67e-19	4.65e-14	1.53e-09	6.50e-06	2.24e-03	9.98e-01	0.00e+00	0.00e+00
 6.79857e+14	2.25e-19	5.95e-14	1.86e-09	7.42e-06	2.40e-03	9.98e-01	0.00e+00	0.00e+00
 7.02977e+14	3.05e-19	7.64e-14	2.26e-09	8.49e-06	2.58e-03	9.97e-01	0.00e+00	0.00e+00
 7.22910e+14	3.93e-19	9.41e-14	2.66e-09	9.50e-06	2.74e-03	9.97e-01	0.00e+00	0.00e+00
 7.44104e+14	5.09e-19	1.16e-13	3.14e-09	1.07e-05	2.92e-03	9.97e-01	0.00e+00	0.00e+00
 7.71220e+14	7.02e-19	1.52e-13	3.87e-09	1.23e-05	3.15e-03	9.97e-01	0.00e+00	0.00e+00
 7.99140e+14	9.62e-19	1.97e-13	4.76e-09	1.42e-05	3.41e-03	9.97e-01	0.00e+00	0.00e+00
 8.23030e+14	1.25e-18	2.45e-13	5.65e-09	1.60e-05	3.63e-03	9.96e-01	0.00e+00	0.00e+00
 8.48575e+14	1.63e-18	3.05e-13	6.74e-09	1.81e-05	3.89e-03	9.96e-01	0.00e+00	0.00e+00
 8.80288e+14	2.24e-18	3.98e-13	8.34e-09	2.10e-05	4.22e-03	9.96e-01	0.00e+00	0.00e+00
 9.12807e+14	3.07e-18	5.18e-13	1.03e-08	2.44e-05	4.57e-03	9.95e-01	0.00e+00	0.00e+00
 9.41723e+14	4.01e-18	6.48e-13	1.23e-08	2.76e-05	4.90e-03	9.95e-01	0.00e+00	0.00e+00
 9.73169e+14	5.29e-18	8.17e-13	1.49e-08	3.16e-05	5.28e-03	9.95e-01	0.00e+00	0.00e+00
 1.01078e+15	7.33e-18	1.07e-12	1.85e-08	3.68e-05	5.75e-03	9.94e-01	0.00e+00	0.00e+00
 1.04788e+15	9.94e-18	1.39e-12	2.28e-08	4.25e-05	6.23e-03	9.94e-01	0.00e+00	0.00e+00
 1.08119e+15	1.29e-17	1.73e-12	2.74e-08	4.83e-05	6.69e-03	9.93e-01	0.00e+00	0.00e+00
 1.11808e+15	1.71e-17	2.20e-12	3.32e-08	5.53e-05	7.22e-03	9.93e-01	0.00e+00	0.00e+00
 1.16172e+15	2.36e-17	2.88e-12	4.15e-08	6.45e-05	7.87e-03	9.92e-01	0.00e+00	0.00e+00
 1.20488e+15	3.20e-17	3.74e-12	5.13e-08	7.47e-05	8.55e-03	9.91e-01	0.00e+00	0.00e+00
 1.24468e+15	4.20e-17	4.70e-12	6.19e-08	8.51e-05	9.21e-03	9.91e-01	0.00e+00	0.00e+00
 1.28938e+15	5.63e-17	6.03e-12	7.60e-08	9.81e-05	9.97e-03	9.90e-01	0.00e+00	0.00e+00
 1.34095e+15	7.81e-17	7.97e-12	9.55e-08	1.15e-04	1.09e-02	9.89e-01	0.00e+00	0.00e+00
 1.39137e+15	1.06e-16	1.03e-11	1.19e-07	1.33e-04	1.19e-02	9.88e-01	0.00e+00	0.00e+00
 1.43956e+15	1.65e-16	1.32e-11	1.45e-07	1.53e-04	1.28e-02	9.87e-01	0.00e+00	0.00e+00
 1.49294e+15	2.25e-16	1.71e-11	1.79e-07	1.77e-04	1.39e-02	9.86e-01	0.00e+00	0.00e+00
 1.54318e+15	2.98e-16	2.16e-11	2.18e-07	2.02e-04	1.50e-02	9.85e-01	0.00e+00	0.00e+00
 1.58097e+15	3.66e-16	2.57e-11	2.51e-07	2.23e-04	1.59e-02	9.84e-01	0.00e+00	0.00e+00
 1.61971e+15	4.49e-16	3.06e-11	2.89e-07	2.45e-04	1.67e-02	9.83e-01	0.00e+00	0.00e+00
 1.67007e+15	5.83e-16	3.81e-11	3.47e-07	2.77e-04	1.80e-02	9.82e-01	0.00e+00	0.00e+00
 1.72448e+15	7.65e-16	4.79e-11	4.19e-07	3.16e-04	1.93e-02	9.80e-01	0.00e+00	0.00e+00
 1.77328e+15	9.70e-16	5.85e-11	4.94e-07	3.53e-04	2.06e-02	9.79e-01	0.00e+00	0.00e+00
 1.82585e+15	1.25e-15	7.23e-11	5.88e-07	3.96e-04	2.20e-02	9.78e-01	0.00e+00	0.00e+00
 1.89269e+15	1.70e-15	9.40e-11	7.29e-07	4.59e-04	2.38e-02	9.76e-01	0.00e+00	0.00e+00
 1.96014e+15	2.30e-15	1.21e-10	8.98e-07	5.28e-04	2.58e-02	9.74e-01	0.00e+00	0.00e+00
 2.01676e+15	2.93e-15	1.49e-10	1.06e-06	5.91e-04	2.75e-02	9.72e-01	0.00e+00	0.00e+00
 2.07728e+15	3.78e-15	1.85e-10	1.27e-06	6.65e-04	2.93e-02	9.70e-01	0.00e+00	0.00e+00
 2.15373e+15	5.19e-15	2.42e-10	1.58e-06	7.70e-04	3.18e-02	9.67e-01	0.00e+00	0.00e+00
 2.23390e+15	7.13e-15	3.17e-10	1.97e-06	8.92e-04	3.45e-02	9.65e-01	0.00e+00	0.00e+00
 2.30610e+15	9.39e-15	4.00e-10	2.38e-06	1.01e-03	3.70e-02	9.62e-01	0.00e+00	0.00e+00
 2.38494e+15	1.26e-14	5.13e-10	2.92e-06	1.16e-03	3.99e-02	9.59e-01	0.00e+00	0.00e+00
 2.47811e+15	1.77e-14	6.85e-10	3.69e-06	1.35e-03	4.35e-02	9.55e-01	0.00e+00	0.00e+00
 2.56938e+15	2.44e-14	8.97e-10	4.59e-06	1.56e-03	4.71e-02	9.51e-01	0.00e+00	0.00e+00
 2.65260e+15	3.23e-14	1.14e-09	5.56e-06	1.78e-03	5.04e-02	9.48e-01	0.00e+00	0.00e+00
 2.74586e+15	4.39e-14	1.47e-09	6.86e-06	2.04e-03	5.44e-02	9.44e-01	0.00e+00	0.00e+00
 2.85456e+15	6.20e-14	1.98e-09	8.69e-06	2.38e-03	5.92e-02	9.38e-01	0.00e+00	0.00e+00
 2.96155e+15	8.62e-14	2.61e-09	1.09e-05	2.76e-03	6.41e-02	9.33e-01	0.00e+00	0.00e+00
 3.06246e+15	1.16e-13	3.37e-09	1.33e-05	3.16e-03	6.89e-02	9.28e-01	0.00e+00	0.00e+00
 3.17463e+15	1.61e-13	4.43e-09	1.66e-05	3.65e-03	7.45e-02	9.22e-01	0.00e+00	0.00e+00
 3.28142e+15	2.16e-13	5.69e-09	2.03e-05	4.17e-03	7.99e-02	9.16e-01	0.00e+00	0.00e+00
 3.36103e+15	2.68e-13	6.83e-09	2.35e-05	4.59e-03	8.41e-02	9.11e-01	0.00e+00	0.00e+00
 3.44172e+15	3.32e-13	8.19e-09	2.72e-05	5.04e-03	8.84e-02	9.06e-01	0.00e+00	0.00e+00
 3.54662e+15	4.36e-13	1.03e-08	3.27e-05	5.68e-03	9.42e-02	9.00e-01	0.00e+00	0.00e+00
 3.66049e+15	5.79e-13	1.31e-08	3.96e-05	6.45e-03	1.01e-01	8.93e-01	0.00e+00	0.00e+00
 3.76287e+15	7.43e-13	1.62e-08	4.68e-05	7.20e-03	1.07e-01	8.86e-01	0.00e+00	0.00e+00
 3.87283e+15	9.65e-13	2.01e-08	5.59e-05	8.07e-03	1.13e-01	8.79e-01	0.00e+00	0.00e+00
 4.01369e+15	1.34e-12	2.65e-08	6.96e-05	9.31e-03	1.22e-01	8.69e-01	0.00e+00	0.00e+00
 4.15572e+15	1.82e-12	3.44e-08	8.58e-05	1.07e-02	1.31e-01	8.59e-01	0.00e+00	0.00e+00
 4.27307e+15	2.34e-12	4.27e-08	1.02e-04	1.19e-02	1.38e-01	8.50e-01	0.00e+00	0.00e+00
 4.39737e+15	3.06e-12	5.33e-08	1.21e-04	1.34e-02	1.46e-01	8.40e-01	0.00e+00	0.00e+00
 4.55699e+15	4.24e-12	7.02e-08	1.50e-04	1.54e-02	1.57e-01	8.28e-01	0.00e+00	0.00e+00
 4.72362e+15	5.87e-12	9.24e-08	1.87e-04	1.77e-02	1.68e-01	8.14e-01	0.00e+00	0.00e+00
 4.86876e+15	7.75e-12	1.17e-07	2.25e-04	1.99e-02	1.79e-01	8.01e-01	0.00e+00	0.00e+00
 5.02488e+15	1.04e-11	1.49e-07	2.72e-04	2.25e-02	1.89e-01	7.88e-01	0.00e+00	0.00e+00
 5.21540e+15	1.46e-11	1.99e-07	3.41e-04	2.60e-02	2.03e-01	7.70e-01	0.00e+00	0.00e+00
 5.40331e+15	2.01e-11	2.60e-07	4.21e-04	2.98e-02	2.17e-01	7.53e-01	0.00e+00	0.00e+00
 5.56624e+15	2.63e-11	3.26e-07	5.03e-04	3.34e-02	2.29e-01	7.37e-01	0.00e+00	0.00e+00
 5.74406e+15	3.53e-11	4.16e-07	6.09e-04	3.76e-02	2.42e-01	7.20e-01	0.00e+00	0.00e+00
 5.94086e+15	4.78e-11	5.37e-07	7.43e-04	4.27e-02	2.56e-01	7.01e-01	0.00e+00	0.00e+00
 6.12436e+15	6.29e-11	6.76e-07	8.90e-04	4.78e-02	2.69e-01	6.82e-01	0.00e+00	0.00e+00
 6.28368e+15	7.91e-11	8.19e-07	1.04e-03	5.26e-02	2.81e-01	6.66e-01	0.00e+00	0.00e+00
 6.44953e+15	1.01e-10	1.00e-06	1.21e-03	5.80e-02	2.92e-01	6.48e-01	0.00e+00	0.00e+00
 6.63251e+15	1.29e-10	1.23e-06	1.43e-03	6.42e-02	3.05e-01	6.29e-01	0.00e+00	0.00e+00
 6.80426e+15	1.62e-10	1.50e-06	1.66e-03	7.05e-02	3.17e-01	6.11e-01	0.00e+00	0.00e+00
 6.99405e+15	2.09e-10	1.85e-06	1.95e-03	7.79e-02	3.30e-01	5.91e-01	0.00e+00	0.00e+00
 7.20004e+15	2.71e-10	2.29e-06	2.31e-03	8.63e-02	3.43e-01	5.68e-01	0.00e+00	0.00e+00
 7.38992e+15	3.41e-10	2.77e-06	2.68e-03	9.46e-02	3.55e-01	5.48e-01	0.00e+00	0.00e+00
 7.59960e+15	4.42e-10	3.44e-06	3.16e-03	1.04e-01	3.67e-01	5.25e-01	0.00e+00	0.00e+00
 7.82857e+15	5.73e-10	4.27e-06	3.75e-03	1.16e-01	3.80e-01	5.01e-01	0.00e+00	0.00e+00
 8.04298e+15	7.28e-10	5.21e-06	4.38e-03	1.27e-01	3.91e-01	4.78e-01	0.00e+00	0.00e+00
 8.28209e+15	9.53e-10	6.50e-06	5.19e-03	1.40e-01	4.02e-01	4.52e-01	0.00e+00	0.00e+00
 8.53649e+15	1.24e-09	8.10e-06	6.17e-03	1.55e-01	4.14e-01	4.26e-01	0.00e+00	0.00e+00
 8.75752e+15	1.55e-09	9.73e-06	7.12e-03	1.68e-01	4.22e-01	4.03e-01	0.00e+00	0.00e+00
 8.99161e+15	1.98e-09	1.19e-05	8.30e-03	1.83e-01	4.29e-01	3.80e-01	0.00e+00	0.00e+00
 9.25167e+15	2.54e-09	1.46e-05	9.77e-03	2.00e-01	4.37e-01	3.54e-01	0.00e+00	0.00e+00
 9.49225e+15	3.19e-09	1.76e-05	1.13e-02	2.16e-01	4.41e-01	3.31e-01	0.00e+00	0.00e+00
 9.71757e+15	3.92e-09	2.09e-05	1.29e-02	2.32e-01	4.45e-01	3.10e-01	0.00e+00	0.00e+00
 9.97628e+15	5.04e-09	2.56e-05	1.50e-02	2.52e-01	4.47e-01	2.86e-01	0.00e+00	0.00e+00
 1.02414e+16	6.34e-09	3.09e-05	1.75e-02	2.71e-01	4.48e-01	2.63e-01	0.00e+00	0.00e+00
 1.04590e+16	7.64e-09	3.60e-05	1.97e-02	2.88e-01	4.47e-01	2.45e-01	0.00e+00	0.00e+00
 1.06859e+16	9.43e-09	4.27e-05	2.23e-02	3.06e-01	4.45e-01	2.26e-01	0.00e+00	0.00e+00
 1.09379e+16	1.17e-08	5.07e-05	2.55e-02	3.26e-01	4.41e-01	2.07e-01	0.00e+00	0.00e+00
 1.11684e+16	1.42e-08	5.96e-05	2.89e-02	3.45e-01	4.36e-01	1.90e-01	0.00e+00	0.00e+00
 1.13760e+16	1.70e-08	6.87e-05	3.22e-02	3.62e-01	4.31e-01	1.75e-01	0.00e+00	0.00e+00
 1.16077e+16	2.09e-08	8.10e-05	3.65e-02	3.81e-01	4.23e-01	1.59e-01	0.00e+00	0.00e+00
 1.18576e+16	2.59e-08	9.64e-05	4.15e-02	4.02e-01	4.13e-01	1.43e-01	0.00e+00	0.00e+00
 1.20764e+16	3.12e-08	1.12e-04	4.65e-02	4.20e-01	4.03e-01	1.30e-01	0.00e+00	0.00e+00
 1.22736e+16	3.68e-08	1.28e-04	5.14e-02	4.37e-01	3.94e-01	1.18e-01	0.00e+00	0.00e+00
 1.24975e+16	4.57e-08	1.51e-04	5.80e-02	4.55e-01	3.81e-01	1.05e-01	0.00e+00	0.00e+00
 1.27332e+16	5.56e-08	1.77e-04	6.54e-02	4.74e-01	3.67e-01	9.37e-02	0.00e+00	0.00e+00
 1.29364e+16	6.67e-08	2.04e-04	7.27e-02	4.90e-01	3.53e-01	8.38e-02	0.00e+00	0.00e+00
 1.31211e+16	8.00e-08	2.35e-04	8.02e-02	5.04e-01	3.40e-01	7.51e-02	0.00e+00	0.00e+00
 1.33009e+16	9.39e-08	2.67e-04	8.82e-02	5.18e-01	3.26e-01	6.74e-02	0.00e+00	0.00e+00
 1.35063e+16	1.17e-07	3.16e-04	9.89e-02	5.33e-01	3.09e-01	5.85e-02	0.00e+00	0.00e+00
 1.37167e+16	1.44e-07	3.70e-04	1.11e-01	5.47e-01	2.92e-01	5.07e-02	0.00e+00	0.00e+00
 1.38876e+16	1.68e-07	4.19e-04	1.21e-01	5.57e-01	2.76e-01	4.48e-02	0.00e+00	0.00e+00
 1.40398e+16	2.01e-07	4.79e-04	1.32e-01	5.66e-01	2.62e-01	3.95e-02	0.00e+00	0.00e+00
 1.41910e+16	2.26e-07	5.28e-04	1.43e-01	5.74e-01	2.47e-01	3.49e-02	0.00e+00	0.00e+00
 1.43644e+16	2.74e-07	6.12e-04	1.58e-01	5.82e-01	2.30e-01	2.98e-02	0.00e+00	0.00e+00
 1.45423e+16	3.35e-07	7.13e-04	1.75e-01	5.88e-01	2.11e-01	2.50e-02	0.00e+00	0.00e+00
 1.46802e+16	4.19e-07	8.38e-04	1.91e-01	5.91e-01	1.96e-01	2.12e-02	0.00e+00	0.00e+00
 1.47799e+16	4.54e-07	8.95e-04	2.02e-01	5.93e-01	1.85e-01	1.91e-02	0.00e+00	0.00e+00
 1.48754e+16	5.16e-07	9.85e-04	2.14e-01	5.95e-01	1.74e-01	1.69e-02	0.00e+00	0.00e+00
 1.49759e+16	6.07e-07	1.11e-03	2.27e-01	5.95e-01	1.62e-01	1.47e-02	0.00e+00	0.00e+00
 1.50546e+16	6.58e-07	1.18e-03	2.37e-01	5.95e-01	1.53e-01	1.32e-02	0.00e+00	0.00e+00
 1.51290e+16	7.58e-07	1.30e-03	2.49e-01	5.94e-01	1.44e-01	1.16e-02	0.00e+00	0.00e+00
 1.52048e+16	8.15e-07	1.38e-03	2.60e-01	5.93e-01	1.36e-01	1.04e-02	0.00e+00	0.00e+00
 1.52826e+16	9.14e-07	1.50e-03	2.72e-01	5.91e-01	1.26e-01	9.07e-03	0.00e+00	0.00e+00
 1.53652e+16	1.08e-06	1.69e-03	2.87e-01	5.88e-01	1.16e-01	7.70e-03	0.00e+00	0.00e+00
 1.54296e+16	1.17e-06	1.80e-03	2.98e-01	5.85e-01	1.09e-01	6.83e-03	0.00e+00	0.00e+00
 1.54888e+16	1.26e-06	1.90e-03	3.08e-01	5.82e-01	1.02e-01	6.04e-03	0.00e+00	0.00e+00
 1.55657e+16	1.47e-06	2.12e-03	3.23e-01	5.78e-01	9.22e-02	5.03e-03	0.00e+00	0.00e+00
 1.56385e+16	1.61e-06	2.27e-03	3.36e-01	5.73e-01	8.43e-02	4.27e-03	0.00e+00	0.00e+00
 1.56968e+16	1.83e-06	2.48e-03	3.48e-01	5.68e-01	7.74e-02	3.64e-03	0.00e+00	0.00e+00
 1.57500e+16	1.97e-06	2.61e-03	3.58e-01	5.65e-01	7.18e-02	3.17e-03	0.00e+00	0.00e+00
 1.58058e+16	2.17e-06	2.81e-03	3.69e-01	5.60e-01	6.56e-02	2.69e-03	0.00e+00	0.00e+00
 1.58784e+16	2.55e-06	3.14e-03	3.85e-01	5.52e-01	5.77e-02	2.11e-03	0.00e+00	0.00e+00
 1.59466e+16	2.86e-06	3.41e-03	3.99e-01	5.45e-01	5.12e-02	1.70e-03	0.00e+00	0.00e+00
 1.59974e+16	3.14e-06	3.64e-03	4.09e-01	5.39e-01	4.65e-02	1.42e-03	0.00e+00	0.00e+00
 1.60521e+16	3.49e-06	3.93e-03	4.21e-01	5.33e-01	4.15e-02	1.15e-03	0.00e+00	0.00e+00
 1.61233e+16	4.00e-06	4.32e-03	4.35e-01	5.24e-01	3.56e-02	8.70e-04	0.00e+00	0.00e+00
 1.61958e+16	4.56e-06	4.73e-03	4.49e-01	5.15e-01	3.03e-02	6.49e-04	0.00e+00	0.00e+00
 1.62560e+16	5.10e-06	5.12e-03	4.61e-01	5.07e-01	2.63e-02	5.01e-04	0.00e+00	0.00e+00
 1.63200e+16	5.77e-06	5.58e-03	4.74e-01	4.98e-01	2.24e-02	3.73e-04	0.00e+00	0.00e+00
 1.64032e+16	6.73e-06	6.20e-03	4.89e-01	4.86e-01	1.81e-02	2.51e-04	0.00e+00	0.00e+00
 1.64909e+16	7.87e-06	6.91e-03	5.05e-01	4.73e-01	1.44e-02	1.66e-04	0.00e+00	0.00e+00
 1.65697e+16	9.06e-06	7.61e-03	5.19e-01	4.62e-01	1.17e-02	1.13e-04	0.00e+00	0.00e+00
 1.66571e+16	1.06e-05	8.46e-03	5.33e-01	4.49e-01	9.23e-03	7.24e-05	0.00e+00	0.00e+00
 1.67708e+16	1.28e-05	9.65e-03	5.52e-01	4.32e-01	6.79e-03	4.08e-05	0.00e+00	0.00e+00
 1.68705e+16	1.51e-05	1.08e-02	5.67e-01	4.17e-01	5.27e-03	2.54e-05	0.00e+00	0.00e+00
 1.69308e+16	1.68e-05	1.16e-02	5.76e-01	4.08e-01	4.52e-03	1.91e-05	0.00e+00	0.00e+00
 1.69879e+16	1.85e-05	1.23e-02	5.84e-01	3.99e-01	3.88e-03	1.43e-05	0.00e+00	0.00e+00
 1.70622e+16	2.09e-05	1.34e-02	5.95e-01	3.88e-01	3.19e-03	9.91e-06	0.00e+00	0.00e+00
 1.71588e+16	2.46e-05	1.50e-02	6.09e-01	3.73e-01	2.48e-03	6.18e-06	0.00e+00	0.00e+00
 1.72580e+16	2.91e-05	1.68e-02	6.24e-01	3.58e-01	1.94e-03	3.88e-06	0.00e+00	0.00e+00
 1.73386e+16	3.34e-05	1.84e-02	6.35e-01	3.45e-01	1.59e-03	2.68e-06	0.00e+00	0.00e+00
 1.74213e+16	3.86e-05	2.03e-02	6.47e-01	3.32e-01	1.29e-03	1.80e-06	0.00e+00	0.00e+00
 1.75093e+16	4.51e-05	2.25e-02	6.59e-01	3.17e-01	1.04e-03	1.21e-06	0.00e+00	0.00e+00
 1.75825e+16	5.16e-05	2.46e-02	6.69e-01	3.05e-01	8.73e-04	8.65e-07	0.00e+00	0.00e+00
 1.76446e+16	5.78e-05	2.66e-02	6.78e-01	2.95e-01	7.50e-04	0.00e+00	0.00e+00	0.00e+00
 1.77140e+16	6.58e-05	2.90e-02	6.87e-01	2.83e-01	6.29e-04	0.00e+00	0.00e+00	0.00e+00
 1.77918e+16	7.63e-05	3.20e-02	6.98e-01	2.70e-01	5.19e-04	0.00e+00	0.00e+00	0.00e+00
 1.78623e+16	8.77e-05	3.51e-02	7.07e-01	2.58e-01	4.36e-04	0.00e+00	0.00e+00	0.00e+00
 1.79235e+16	9.92e-05	3.81e-02	7.14e-01	2.47e-01	3.74e-04	0.00e+00	0.00e+00	0.00e+00
 1.79904e+16	1.14e-04	4.17e-02	7.23e-01	2.35e-01	3.14e-04	0.00e+00	0.00e+00	0.00e+00
 1.80635e+16	1.32e-04	4.63e-02	7.31e-01	2.22e-01	2.60e-04	0.00e+00	0.00e+00	0.00e+00
 1.81274e+16	1.52e-04	5.08e-02	7.38e-01	2.11e-01	2.20e-04	0.00e+00	0.00e+00	0.00e+00
 1.81821e+16	1.72e-04	5.50e-02	7.43e-01	2.01e-01	1.91e-04	0.00e+00	0.00e+00	0.00e+00
 1.82423e+16	1.97e-04	6.02e-02	7.49e-01	1.90e-01	1.61e-04	0.00e+00	0.00e+00	0.00e+00
 1.83087e+16	2.30e-04	6.67e-02	7.55e-01	1.78e-01	1.34e-04	0.00e+00	0.00e+00	0.00e+00
 1.83677e+16	2.64e-04	7.33e-02	7.59e-01	1.68e-01	1.13e-04	0.00e+00	0.00e+00	0.00e+00
 1.84186e+16	2.99e-04	7.97e-02	7.61e-01	1.59e-01	9.78e-05	0.00e+00	0.00e+00	0.00e+00
 1.84741e+16	3.44e-04	8.73e-02	7.64e-01	1.49e-01	8.26e-05	0.00e+00	0.00e+00	0.00e+00
 1.85350e+16	4.02e-04	9.68e-02	7.65e-01	1.38e-01	6.86e-05	0.00e+00	0.00e+00	0.00e+00
 1.85891e+16	4.65e-04	1.06e-01	7.65e-01	1.28e-01	5.78e-05	0.00e+00	0.00e+00	0.00e+00
 1.86359e+16	5.27e-04	1.16e-01	7.64e-01	1.20e-01	4.95e-05	0.00e+00	0.00e+00	0.00e+00
 1.86870e+16	6.07e-04	1.27e-01	7.61e-01	1.11e-01	4.15e-05	0.00e+00	0.00e+00	0.00e+00
 1.87432e+16	7.13e-04	1.41e-01	7.57e-01	1.02e-01	3.41e-05	0.00e+00	0.00e+00	0.00e+00
 1.87931e+16	8.28e-04	1.55e-01	7.51e-01	9.33e-02	2.84e-05	0.00e+00	0.00e+00	0.00e+00
 1.88366e+16	9.43e-04	1.69e-01	7.44e-01	8.61e-02	2.40e-05	0.00e+00	0.00e+00	0.00e+00
 1.88847e+16	1.09e-03	1.86e-01	7.35e-01	7.83e-02	1.98e-05	0.00e+00	0.00e+00	0.00e+00
 1.89377e+16	1.30e-03	2.07e-01	7.22e-01	6.99e-02	1.59e-05	0.00e+00	0.00e+00	0.00e+00
 1.89854e+16	1.52e-03	2.29e-01	7.07e-01	6.26e-02	1.29e-05	0.00e+00	0.00e+00	0.00e+00
 1.90274e+16	1.75e-03	2.50e-01	6.92e-01	5.63e-02	1.06e-05	0.00e+00	0.00e+00	0.00e+00
 1.90739e+16	2.05e-03	2.76e-01	6.73e-01	4.96e-02	8.40e-06	0.00e+00	0.00e+00	0.00e+00
 1.91259e+16	2.47e-03	3.08e-01	6.47e-01	4.24e-02	6.39e-06	0.00e+00	0.00e+00	0.00e+00
 1.91741e+16	2.95e-03	3.43e-01	6.18e-01	3.62e-02	4.87e-06	0.00e+00	0.00e+00	0.00e+00
 1.92177e+16	3.47e-03	3.77e-01	5.89e-01	3.08e-02	3.73e-06	0.00e+00	0.00e+00	0.00e+00
 1.92667e+16	4.17e-03	4.19e-01	5.52e-01	2.52e-02	2.70e-06	0.00e+00	0.00e+00	0.00e+00
 1.93186e+16	5.14e-03	4.69e-01	5.06e-01	1.98e-02	1.85e-06	0.00e+00	0.00e+00	0.00e+00
 1.93616e+16	6.14e-03	5.16e-01	4.62e-01	1.58e-02	1.30e-06	0.00e+00	0.00e+00	0.00e+00
 1.93950e+16	7.05e-03	5.53e-01	4.27e-01	1.29e-02	9.71e-07	0.00e+00	0.00e+00	0.00e+00
 1.94291e+16	8.13e-03	5.93e-01	3.89e-01	1.04e-02	0.00e+00	0.00e+00	0.00e+00	0.00e+00
 1.94667e+16	9.53e-03	6.38e-01	3.45e-01	7.92e-03	0.00e+00	0.00e+00	0.00e+00	0.00e+00
 1.94996e+16	1.10e-02	6.79e-01	3.04e-01	6.05e-03	0.00e+00	0.00e+00	0.00e+00	0.00e+00
 1.95265e+16	1.24e-02	7.11e-01	2.72e-01	4.77e-03	0.00e+00	0.00e+00	0.00e+00	0.00e+00
 1.95548e+16	1.41e-02	7.44e-01	2.38e-01	3.63e-03	0.00e+00	0.00e+00	0.00e+00	0.00e+00
 1.95857e+16	1.62e-02	7.79e-01	2.02e-01	2.61e-03	0.00e+00	0.00e+00	0.00e+00	0.00e+00
 1.96126e+16	1.84e-02	8.09e-01	1.71e-01	1.89e-03	0.00e+00	0.00e+00	0.00e+00	0.00e+00
 1.96347e+16	2.04e-02	8.31e-01	1.48e-01	1.42e-03	0.00e+00	0.00e+00	0.00e+00	0.00e+00
 1.96581e+16	2.29e-02	8.51e-01	1.25e-01	1.03e-03	0.00e+00	0.00e+00	0.00e+00	0.00e+00
 1.96839e+16	2.59e-02	8.72e-01	1.01e-01	6.99e-04	0.00e+00	0.00e+00	0.00e+00	0.00e+00
 1.97065e+16	2.90e-02	8.88e-01	8.29e-02	4.81e-04	0.00e+00	0.00e+00	0.00e+00	0.00e+00
 1.97252e+16	3.20e-02	8.98e-01	6.93e-02	3.46e-04	0.00e+00	0.00e+00	0.00e+00	0.00e+00
 1.97451e+16	3.54e-02	9.08e-01	5.66e-02	2.39e-04	0.00e+00	0.00e+00	0.00e+00	0.00e+00
 1.97671e+16	4.00e-02	9.15e-01	4.45e-02	1.54e-04	0.00e+00	0.00e+00	0.00e+00	0.00e+00
 1.97866e+16	4.45e-02	9.20e-01	3.52e-02	1.01e-04	0.00e+00	0.00e+00	0.00e+00	0.00e+00
 1.98027e+16	4.89e-02	9.22e-01	2.87e-02	6.99e-05	0.00e+00	0.00e+00	0.00e+00	0.00e+00
 1.98198e+16	5.39e-02	9.23e-01	2.29e-02	4.64e-05	0.00e+00	0.00e+00	0.00e+00	0.00e+00
 1.98379e+16	6.00e-02	9.22e-01	1.78e-02	2.95e-05	0.00e+00	0.00e+00	0.00e+00	0.00e+00
 1.98533e+16	6.59e-02	9.20e-01	1.41e-02	1.95e-05	0.00e+00	0.00e+00	0.00e+00	0.00e+00
 1.98664e+16	7.13e-02	9.17e-01	1.15e-02	1.35e-05	0.00e+00	0.00e+00	0.00e+00	0.00e+00
 1.98790e+16	7.71e-02	9.14e-01	9.32e-03	9.32e-06	0.00e+00	0.00e+00	0.00e+00	0.00e+00
 1.98919e+16	8.34e-02	9.09e-01	7.51e-03	6.33e-06	0.00e+00	0.00e+00	0.00e+00	0.00e+00
 1.99037e+16	8.99e-02	9.04e-01	6.11e-03	4.38e-06	0.00e+00	0.00e+00	0.00e+00	0.00e+00
 1.99140e+16	9.55e-02	8.99e-01	5.08e-03	3.15e-06	0.00e+00	0.00e+00	0.00e+00	0.00e+00
 1.99232e+16	1.01e-01	8.94e-01	4.28e-03	2.32e-06	0.00e+00	0.00e+00	0.00e+00	0.00e+00
 1.99321e+16	1.07e-01	8.89e-01	3.62e-03	1.72e-06	0.00e+00	0.00e+00	0.00e+00	0.00e+00
 1.99391e+16	1.12e-01	8.85e-01	3.16e-03	1.35e-06	0.00e+00	0.00e+00	0.00e+00	0.00e+00
 1.99437e+16	1.15e-01	8.82e-01	2.90e-03	1.16e-06	0.00e+00	0.00e+00	0.00e+00	0.00e+00
 1.99478e+16	1.18e-01	8.80e-01	2.67e-03	9.98e-07	0.00e+00	0.00e+00	0.00e+00	0.00e+00
 1.99526e+16	1.22e-01	8.76e-01	2.42e-03	0.00e+00	0.00e+00	0.00e+00	0.00e+00	0.00e+00
 1.99579e+16	1.26e-01	8.72e-01	2.17e-03	0.00e+00	0.00e+00	0.00e+00	0.00e+00	0.00e+00
 1.99631e+16	1.30e-01	8.68e-01	1.95e-03	0.00e+00	0.00e+00	0.00e+00	0.00e+00	0.00e+00
 1.99679e+16	1.33e-01	8.65e-01	1.77e-03	0.00e+00	0.00e+00	0.00e+00	0.00e+00	0.00e+00
 1.99726e+16	1.38e-01	8.61e-01	1.60e-03	0.00e+00	0.00e+00	0.00e+00	0.00e+00	0.00e+00
 1.99773e+16	1.42e-01	8.57e-01	1.45e-03	0.00e+00	0.00e+00	0.00e+00	0.00e+00	0.00e+00
 1.99820e+16	1.46e-01	8.53e-01	1.31e-03	0.00e+00	0.00e+00	0.00e+00	0.00e+00	0.00e+00
 1.99866e+16	1.50e-01	8.49e-01	1.18e-03	0.00e+00	0.00e+00	0.00e+00	0.00e+00	0.00e+00
 1.99912e+16	1.54e-01	8.45e-01	1.07e-03	0.00e+00	0.00e+00	0.00e+00	0.00e+00	0.00e+00
 1.99958e+16	1.59e-01	8.40e-01	9.65e-04	0.00e+00	0.00e+00	0.00e+00	0.00e+00	0.00e+00
 2.00003e+16	1.63e-01	8.36e-01	8.71e-04	0.00e+00	0.00e+00	0.00e+00	0.00e+00	0.00e+00
 2.00047e+16	1.68e-01	8.31e-01	7.88e-04	0.00e+00	0.00e+00	0.00e+00	0.00e+00	0.00e+00
 2.00092e+16	1.73e-01	8.26e-01	7.11e-04	0.00e+00	0.00e+00	0.00e+00	0.00e+00	0.00e+00
 2.00136e+16	1.78e-01	8.21e-01	6.40e-04	0.00e+00	0.00e+00	0.00e+00	0.00e+00	0.00e+00
 2.00179e+16	1.83e-01	8.16e-01	5.78e-04	0.00e+00	0.00e+00	0.00e+00	0.00e+00	0.00e+00
 2.00222e+16	1.88e-01	8.11e-01	5.23e-04	0.00e+00	0.00e+00	0.00e+00	0.00e+00	0.00e+00
 2.00264e+16	1.94e-01	8.06e-01	4.71e-04	0.00e+00	0.00e+00	0.00e+00	0.00e+00	0.00e+00
 2.00307e+16	1.99e-01	8.00e-01	4.25e-04	0.00e+00	0.00e+00	0.00e+00	0.00e+00	0.00e+00
 2.00349e+16	2.05e-01	7.95e-01	3.83e-04	0.00e+00	0.00e+00	0.00e+00	0.00e+00	0.00e+00
 2.00390e+16	2.11e-01	7.88e-01	3.45e-04	0.00e+00	0.00e+00	0.00e+00	0.00e+00	0.00e+00
 2.00431e+16	2.18e-01	7.82e-01	3.11e-04	0.00e+00	0.00e+00	0.00e+00	0.00e+00	0.00e+00
 2.00473e+16	2.24e-01	7.75e-01	2.79e-04	0.00e+00	0.00e+00	0.00e+00	0.00e+00	0.00e+00
 2.00513e+16	2.31e-01	7.68e-01	2.52e-04	0.00e+00	0.00e+00	0.00e+00	0.00e+00	0.00e+00
 2.00553e+16	2.39e-01	7.61e-01	2.26e-04	0.00e+00	0.00e+00	0.00e+00	0.00e+00	0.00e+00
 2.00593e+16	2.46e-01	7.54e-01	2.04e-04	0.00e+00	0.00e+00	0.00e+00	0.00e+00	0.00e+00
 2.00633e+16	2.54e-01	7.46e-01	1.83e-04	0.00e+00	0.00e+00	0.00e+00	0.00e+00	0.00e+00
 2.00672e+16	2.63e-01	7.37e-01	1.64e-04	0.00e+00	0.00e+00	0.00e+00	0.00e+00	0.00e+00
 2.00710e+16	2.72e-01	7.28e-01	1.48e-04	0.00e+00	0.00e+00	0.00e+00	0.00e+00	0.00e+00
 2.00748e+16	2.81e-01	7.19e-01	1.33e-04	0.00e+00	0.00e+00	0.00e+00	0.00e+00	0.00e+00
 2.00785e+16	2.90e-01	7.10e-01	1.20e-04	0.00e+00	0.00e+00	0.00e+00	0.00e+00	0.00e+00
 2.00821e+16	3.00e-01	7.00e-01	1.08e-04	0.00e+00	0.00e+00	0.00e+00	0.00e+00	0.00e+00
 2.00857e+16	3.11e-01	6.89e-01	9.69e-05	0.00e+00	0.00e+00	0.00e+00	0.00e+00	0.00e+00
 2.00893e+16	3.23e-01	6.77e-01	8.70e-05	0.00e+00	0.00e+00	0.00e+00	0.00e+00	0.00e+00
 2.00928e+16	3.35e-01	6.65e-01	7.84e-05	0.00e+00	0.00e+00	0.00e+00	0.00e+00	0.00e+00
 2.00962e+16	3.46e-01	6.54e-01	7.06e-05	0.00e+00	0.00e+00	0.00e+00	0.00e+00	0.00e+00
 2.00997e+16	3.61e-01	6.39e-01	6.32e-05	0.00e+00	0.00e+00	0.00e+00	0.00e+00	0.00e+00
 2.01031e+16	3.73e-01	6.27e-01	5.68e-05	0.00e+00	0.00e+00	0.00e+00	0.00e+00	0.00e+00
 2.01065e+16	3.88e-01	6.11e-01	5.09e-05	0.00e+00	0.00e+00	0.00e+00	0.00e+00	0.00e+00
 2.01098e+16	4.04e-01	5.96e-01	4.56e-05	0.00e+00	0.00e+00	0.00e+00	0.00e+00	0.00e+00
 2.01132e+16	4.20e-01	5.80e-01	4.08e-05	0.00e+00	0.00e+00	0.00e+00	0.00e+00	0.00e+00
 2.01165e+16	4.37e-01	5.63e-01	3.65e-05	0.00e+00	0.00e+00	0.00e+00	0.00e+00	0.00e+00
 2.01198e+16	4.58e-01	5.42e-01	3.23e-05	0.00e+00	0.00e+00	0.00e+00	0.00e+00	0.00e+00
 2.01231e+16	4.77e-01	5.23e-01	2.88e-05	0.00e+00	0.00e+00	0.00e+00	0.00e+00	0.00e+00
 2.01263e+16	4.97e-01	5.03e-01	2.56e-05	0.00e+00	0.00e+00	0.00e+00	0.00e+00	0.00e+00
 2.01296e+16	5.18e-01	4.82e-01	2.26e-05	0.00e+00	0.00e+00	0.00e+00	0.00e+00	0.00e+00
 2.01329e+16	5.40e-01	4.60e-01	1.99e-05	0.00e+00	0.00e+00	0.00e+00	0.00e+00	0.00e+00
 2.01362e+16	5.63e-01	4.37e-01	1.75e-05	0.00e+00	0.00e+00	0.00e+00	0.00e+00	0.00e+00
 2.01396e+16	5.86e-01	4.14e-01	1.54e-05	0.00e+00	0.00e+00	0.00e+00	0.00e+00	0.00e+00
 2.01429e+16	6.10e-01	3.90e-01	1.34e-05	0.00e+00	0.00e+00	0.00e+00	0.00e+00	0.00e+00
 2.01463e+16	6.34e-01	3.65e-01	1.17e-05	0.00e+00	0.00e+00	0.00e+00	0.00e+00	0.00e+00
 2.01493e+16	6.56e-01	3.44e-01	1.03e-05	0.00e+00	0.00e+00	0.00e+00	0.00e+00	0.00e+00
 2.01516e+16	6.72e-01	3.28e-01	9.39e-06	0.00e+00	0.00e+00	0.00e+00	0.00e+00	0.00e+00
 2.01537e+16	6.87e-01	3.13e-01	8.57e-06	0.00e+00	0.00e+00	0.00e+00	0.00e+00	0.00e+00
 2.01559e+16	7.02e-01	2.98e-01	7.80e-06	0.00e+00	0.00e+00	0.00e+00	0.00e+00	0.00e+00
 2.01583e+16	7.21e-01	2.79e-01	6.98e-06	0.00e+00	0.00e+00	0.00e+00	0.00e+00	0.00e+00
 2.01606e+16	7.35e-01	2.65e-01	6.34e-06	0.00e+00	0.00e+00	0.00e+00	0.00e+00	0.00e+00
 2.01627e+16	7.48e-01	2.52e-01	5.81e-06	0.00e+00	0.00e+00	0.00e+00	0.00e+00	0.00e+00
 2.01648e+16	7.63e-01	2.37e-01	5.25e-06	0.00e+00	0.00e+00	0.00e+00	0.00e+00	0.00e+00
 2.01669e+16	7.75e-01	2.25e-01	4.80e-06	0.00e+00	0.00e+00	0.00e+00	0.00e+00	0.00e+00
 2.01690e+16	7.87e-01	2.13e-01	4.38e-06	0.00e+00	0.00e+00	0.00e+00	0.00e+00	0.00e+00
 2.01711e+16	7.99e-01	2.01e-01	3.99e-06	0.00e+00	0.00e+00	0.00e+00	0.00e+00	0.00e+00
 2.01731e+16	8.10e-01	1.90e-01	3.64e-06	0.00e+00	0.00e+00	0.00e+00	0.00e+00	0.00e+00
 2.01751e+16	8.21e-01	1.79e-01	3.33e-06	0.00e+00	0.00e+00	0.00e+00	0.00e+00	0.00e+00
 2.01771e+16	8.31e-01	1.69e-01	3.05e-06	0.00e+00	0.00e+00	0.00e+00	0.00e+00	0.00e+00
 2.01791e+16	8.41e-01	1.59e-01	2.79e-06	0.00e+00	0.00e+00	0.00e+00	0.00e+00	0.00e+00
 2.01811e+16	8.49e-01	1.51e-01	2.56e-06	0.00e+00	0.00e+00	0.00e+00	0.00e+00	0.00e+00
 2.01831e+16	8.58e-01	1.42e-01	2.35e-06	0.00e+00	0.00e+00	0.00e+00	0.00e+00	0.00e+00
 2.01850e+16	8.66e-01	1.34e-01	2.16e-06	0.00e+00	0.00e+00	0.00e+00	0.00e+00	0.00e+00
