#depth	He	He+	He+2
 1.49634e+10	7.32e-23	5.09e-11	1.00e+00
 4.54887e+10	8.13e-23	5.51e-11	1.00e+00
 7.72350e+10	9.02e-23	5.97e-11	1.00e+00
 1.10251e+11	1.00e-22	6.47e-11	1.00e+00
 1.44588e+11	1.11e-22	7.00e-11	1.00e+00
 1.80298e+11	1.23e-22	7.59e-11	1.00e+00
 2.17437e+11	1.37e-22	8.22e-11	1.00e+00
 2.56061e+11	1.53e-22	8.90e-11	1.00e+00
 2.96231e+11	1.70e-22	9.64e-11	1.00e+00
 3.38007e+11	1.89e-22	1.05e-10	1.00e+00
 3.81454e+11	2.11e-22	1.13e-10	1.00e+00
 4.26639e+11	2.35e-22	1.23e-10	1.00e+00
 4.73631e+11	2.63e-22	1.33e-10	1.00e+00
 5.22503e+11	2.94e-22	1.44e-10	1.00e+00
 5.73330e+11	3.29e-22	1.56e-10	1.00e+00
 6.26190e+11	3.68e-22	1.70e-10	1.00e+00
 6.81164e+11	4.13e-22	1.84e-10	1.00e+00
 7.38337e+11	4.64e-22	2.00e-10	1.00e+00
 7.97798e+11	5.22e-22	2.17e-10	1.00e+00
 8.59636e+11	5.88e-22	2.35e-10	1.00e+00
 9.23949e+11	6.64e-22	2.55e-10	1.00e+00
 9.90833e+11	7.50e-22	2.77e-10	1.00e+00
 1.06039e+12	8.48e-22	3.01e-10	1.00e+00
 1.13274e+12	9.61e-22	3.27e-10	1.00e+00
 1.20797e+12	1.09e-21	3.55e-10	1.00e+00
 1.28622e+12	1.24e-21	3.86e-10	1.00e+00
 1.36759e+12	1.41e-21	4.19e-10	1.00e+00
 1.45222e+12	1.61e-21	4.56e-10	1.00e+00
 1.54024e+12	1.83e-21	4.95e-10	1.00e+00
 1.63178e+12	2.10e-21	5.39e-10	1.00e+00
 1.72697e+12	2.40e-21	5.86e-10	1.00e+00
 1.82598e+12	2.75e-21	6.38e-10	1.00e+00
 1.92895e+12	3.16e-21	6.95e-10	1.00e+00
 2.03603e+12	3.64e-21	7.56e-10	1.00e+00
 2.14740e+12	4.19e-21	8.24e-10	1.00e+00
 2.26322e+12	4.83e-21	8.97e-10	1.00e+00
 2.38368e+12	5.59e-21	9.78e-10	1.00e+00
 2.50895e+12	6.46e-21	1.07e-09	1.00e+00
 2.63924e+12	7.49e-21	1.16e-09	1.00e+00
 2.77473e+12	8.69e-21	1.27e-09	1.00e+00
 2.91565e+12	1.01e-20	1.38e-09	1.00e+00
 3.06220e+12	1.18e-20	1.51e-09	1.00e+00
 3.21461e+12	1.37e-20	1.65e-09	1.00e+00
 3.37313e+12	1.60e-20	1.80e-09	1.00e+00
 3.53798e+12	1.87e-20	1.96e-09	1.00e+00
 3.70942e+12	2.19e-20	2.14e-09	1.00e+00
 3.88773e+12	2.57e-20	2.34e-09	1.00e+00
 4.07316e+12	3.02e-20	2.56e-09	1.00e+00
 4.26602e+12	3.55e-20	2.79e-09	1.00e+00
 4.46658e+12	4.17e-20	3.05e-09	1.00e+00
 4.67517e+12	4.92e-20	3.34e-09	1.00e+00
 4.89211e+12	5.80e-20	3.65e-09	1.00e+00
 5.11772e+12	6.85e-20	3.99e-09	1.00e+00
 5.35235e+12	8.11e-20	4.37e-09	1.00e+00
 5.59638e+12	9.59e-20	4.78e-09	1.00e+00
 5.85016e+12	1.14e-19	5.23e-09	1.00e+00
 6.11409e+12	1.35e-19	5.72e-09	1.00e+00
 6.38858e+12	1.60e-19	6.26e-09	1.00e+00
 6.67405e+12	1.90e-19	6.85e-09	1.00e+00
 6.97094e+12	2.26e-19	7.50e-09	1.00e+00
 7.27970e+12	2.69e-19	8.21e-09	1.00e+00
 7.60082e+12	3.20e-19	8.99e-09	1.00e+00
 7.93478e+12	3.82e-19	9.85e-09	1.00e+00
 8.28210e+12	4.55e-19	1.08e-08	1.00e+00
 8.64331e+12	5.43e-19	1.18e-08	1.00e+00
 9.01897e+12	6.48e-19	1.29e-08	1.00e+00
 9.40965e+12	7.74e-19	1.42e-08	1.00e+00
 9.81596e+12	9.24e-19	1.55e-08	1.00e+00
 1.02385e+13	1.10e-18	1.70e-08	1.00e+00
 1.06780e+13	1.32e-18	1.86e-08	1.00e+00
 1.11350e+13	1.58e-18	2.04e-08	1.00e+00
 1.16104e+13	1.88e-18	2.24e-08	1.00e+00
 1.21047e+13	2.25e-18	2.45e-08	1.00e+00
 1.26188e+13	2.69e-18	2.68e-08	1.00e+00
 1.31535e+13	3.22e-18	2.94e-08	1.00e+00
 1.37096e+13	3.85e-18	3.22e-08	1.00e+00
 1.42879e+13	4.61e-18	3.53e-08	1.00e+00
 1.48893e+13	5.51e-18	3.86e-08	1.00e+00
 1.55148e+13	6.58e-18	4.23e-08	1.00e+00
 1.61653e+13	7.87e-18	4.63e-08	1.00e+00
 1.68419e+13	9.41e-18	5.07e-08	1.00e+00
 1.75455e+13	1.12e-17	5.55e-08	1.00e+00
 1.82772e+13	1.34e-17	6.07e-08	1.00e+00
 1.90383e+13	1.61e-17	6.65e-08	1.00e+00
 1.98297e+13	1.92e-17	7.27e-08	1.00e+00
 2.06528e+13	2.29e-17	7.96e-08	1.00e+00
 2.15089e+13	2.73e-17	8.70e-08	1.00e+00
 2.23991e+13	3.26e-17	9.52e-08	1.00e+00
 2.33250e+13	3.90e-17	1.04e-07	1.00e+00
 2.42880e+13	4.65e-17	1.14e-07	1.00e+00
 2.52894e+13	5.54e-17	1.24e-07	1.00e+00
 2.63309e+13	6.61e-17	1.36e-07	1.00e+00
 2.74141e+13	7.88e-17	1.48e-07	1.00e+00
 2.85406e+13	9.38e-17	1.62e-07	1.00e+00
 2.97121e+13	1.12e-16	1.77e-07	1.00e+00
 3.09305e+13	1.33e-16	1.93e-07	1.00e+00
 3.21977e+13	1.59e-16	2.11e-07	1.00e+00
 3.35155e+13	1.89e-16	2.31e-07	1.00e+00
 3.48861e+13	2.25e-16	2.52e-07	1.00e+00
 3.63114e+13	2.67e-16	2.75e-07	1.00e+00
 3.77938e+13	3.18e-16	3.00e-07	1.00e+00
 3.93355e+13	3.79e-16	3.27e-07	1.00e+00
 4.08684e+13	4.47e-16	3.56e-07	1.00e+00
 4.24625e+13	5.28e-16	3.87e-07	1.00e+00
 4.41910e+13	6.28e-16	4.22e-07	1.00e+00
 4.59467e+13	7.43e-16	4.60e-07	1.00e+00
 4.77728e+13	8.80e-16	5.00e-07	1.00e+00
 4.97136e+13	1.05e-15	5.45e-07	1.00e+00
 5.17321e+13	1.24e-15	5.95e-07	1.00e+00
 5.38313e+13	1.47e-15	6.48e-07	1.00e+00
 5.60144e+13	1.75e-15	7.06e-07	1.00e+00
 5.82849e+13	2.08e-15	7.70e-07	1.00e+00
 6.06463e+13	2.46e-15	8.38e-07	1.00e+00
 6.31021e+13	2.92e-15	9.13e-07	1.00e+00
 6.56561e+13	3.46e-15	9.95e-07	1.00e+00
 6.83122e+13	4.11e-15	1.08e-06	1.00e+00
 7.10746e+13	4.86e-15	1.18e-06	1.00e+00
 7.39476e+13	5.76e-15	1.28e-06	1.00e+00
 7.69354e+13	6.83e-15	1.40e-06	1.00e+00
 8.00427e+13	8.09e-15	1.52e-06	1.00e+00
 8.32744e+13	9.57e-15	1.66e-06	1.00e+00
 8.66353e+13	1.13e-14	1.80e-06	1.00e+00
 9.01306e+13	1.34e-14	1.96e-06	1.00e+00
 9.37658e+13	1.59e-14	2.13e-06	1.00e+00
 9.75463e+13	1.88e-14	2.32e-06	1.00e+00
 1.01478e+14	2.22e-14	2.52e-06	1.00e+00
 1.05567e+14	2.63e-14	2.74e-06	1.00e+00
 1.09820e+14	3.11e-14	2.98e-06	1.00e+00
 1.14242e+14	3.67e-14	3.25e-06	1.00e+00
 1.18842e+14	4.34e-14	3.53e-06	1.00e+00
 1.23626e+14	5.13e-14	3.84e-06	1.00e+00
 1.28601e+14	6.06e-14	4.17e-06	1.00e+00
 1.33775e+14	7.16e-14	4.53e-06	1.00e+00
 1.39156e+14	8.46e-14	4.93e-06	1.00e+00
 1.44752e+14	9.98e-14	5.35e-06	1.00e+00
 1.50572e+14	1.18e-13	5.82e-06	1.00e+00
 1.56624e+14	1.39e-13	6.32e-06	1.00e+00
 1.62919e+14	1.64e-13	6.87e-06	1.00e+00
 1.69466e+14	1.94e-13	7.46e-06	1.00e+00
 1.76275e+14	2.28e-13	8.10e-06	1.00e+00
 1.83356e+14	2.69e-13	8.80e-06	1.00e+00
 1.90720e+14	3.17e-13	9.55e-06	1.00e+00
 1.98378e+14	3.74e-13	1.04e-05	1.00e+00
 2.06343e+14	4.41e-13	1.13e-05	1.00e+00
 2.14627e+14	5.19e-13	1.22e-05	1.00e+00
 2.23242e+14	6.12e-13	1.33e-05	1.00e+00
 2.32202e+14	7.21e-13	1.44e-05	1.00e+00
 2.41093e+14	8.43e-13	1.56e-05	1.00e+00
 2.50340e+14	9.85e-13	1.68e-05	1.00e+00
 2.60384e+14	1.16e-12	1.83e-05	1.00e+00
 2.70576e+14	1.36e-12	1.98e-05	1.00e+00
 2.81176e+14	1.59e-12	2.14e-05	1.00e+00
 2.92453e+14	1.88e-12	2.32e-05	1.00e+00
 3.04181e+14	2.21e-12	2.52e-05	1.00e+00
 3.16378e+14	2.59e-12	2.73e-05	1.00e+00
 3.29063e+14	3.05e-12	2.96e-05	1.00e+00
 3.42256e+14	3.58e-12	3.21e-05	1.00e+00
 3.55976e+14	4.21e-12	3.49e-05	1.00e+00
 3.70245e+14	4.95e-12	3.78e-05	1.00e+00
 3.85084e+14	5.81e-12	4.10e-05	1.00e+00
 4.00518e+14	6.82e-12	4.44e-05	1.00e+00
 4.16568e+14	8.01e-12	4.81e-05	1.00e+00
 4.33261e+14	9.39e-12	5.21e-05	1.00e+00
 4.50621e+14	1.10e-11	5.64e-05	1.00e+00
 4.68676e+14	1.29e-11	6.11e-05	1.00e+00
 4.87453e+14	1.51e-11	6.62e-05	1.00e+00
 5.06981e+14	1.78e-11	7.17e-05	1.00e+00
 5.27290e+14	2.08e-11	7.76e-05	1.00e+00
 5.48412e+14	2.44e-11	8.40e-05	1.00e+00
 5.70378e+14	2.85e-11	9.10e-05	1.00e+00
 5.93223e+14	3.34e-11	9.85e-05	1.00e+00
 6.16982e+14	3.91e-11	1.07e-04	1.00e+00
 6.41691e+14	4.58e-11	1.15e-04	1.00e+00
 6.67389e+14	5.36e-11	1.25e-04	1.00e+00
 6.94114e+14	6.27e-11	1.35e-04	1.00e+00
 7.21909e+14	7.34e-11	1.46e-04	1.00e+00
 7.50815e+14	8.59e-11	1.58e-04	1.00e+00
 7.80878e+14	1.01e-10	1.71e-04	1.00e+00
 8.12143e+14	1.18e-10	1.85e-04	1.00e+00
 8.44658e+14	1.38e-10	2.01e-04	1.00e+00
 8.78475e+14	1.61e-10	2.17e-04	1.00e+00
 9.13644e+14	1.88e-10	2.35e-04	1.00e+00
 9.50219e+14	2.20e-10	2.54e-04	1.00e+00
 9.88258e+14	2.58e-10	2.75e-04	1.00e+00
 1.02782e+15	3.01e-10	2.98e-04	1.00e+00
 1.06896e+15	3.52e-10	3.22e-04	1.00e+00
 1.11175e+15	4.12e-10	3.48e-04	1.00e+00
 1.15317e+15	4.76e-10	3.75e-04	1.00e+00
 1.19201e+15	5.43e-10	4.01e-04	1.00e+00
 1.23549e+15	6.26e-10	4.31e-04	1.00e+00
 1.28494e+15	7.32e-10	4.66e-04	1.00e+00
 1.33385e+15	8.49e-10	5.02e-04	9.99e-01
 1.38472e+15	9.84e-10	5.41e-04	9.99e-01
 1.44014e+15	1.15e-09	5.85e-04	9.99e-01
 1.49603e+15	1.34e-09	6.31e-04	9.99e-01
 1.55415e+15	1.55e-09	6.82e-04	9.99e-01
 1.61635e+15	1.81e-09	7.37e-04	9.99e-01
 1.68103e+15	2.12e-09	7.97e-04	9.99e-01
 1.74831e+15	2.47e-09	8.62e-04	9.99e-01
 1.81827e+15	2.89e-09	9.32e-04	9.99e-01
 1.89103e+15	3.36e-09	1.01e-03	9.99e-01
 1.96118e+15	3.88e-09	1.08e-03	9.99e-01
 2.02608e+15	4.41e-09	1.16e-03	9.99e-01
 2.09911e+15	5.08e-09	1.24e-03	9.99e-01
 2.18113e+15	5.89e-09	1.34e-03	9.99e-01
 2.25931e+15	6.77e-09	1.44e-03	9.99e-01
 2.34259e+15	7.80e-09	1.54e-03	9.98e-01
 2.43317e+15	9.07e-09	1.66e-03	9.98e-01
 2.51891e+15	1.04e-08	1.78e-03	9.98e-01
 2.61124e+15	1.20e-08	1.91e-03	9.98e-01
 2.71236e+15	1.39e-08	2.06e-03	9.98e-01
 2.80824e+15	1.59e-08	2.21e-03	9.98e-01
 2.91131e+15	1.83e-08	2.38e-03	9.98e-01
 3.02404e+15	2.13e-08	2.56e-03	9.97e-01
 3.13090e+15	2.44e-08	2.75e-03	9.97e-01
 3.24579e+15	2.82e-08	2.95e-03	9.97e-01
 3.37098e+15	3.27e-08	3.18e-03	9.97e-01
 3.48981e+15	3.76e-08	3.41e-03	9.97e-01
 3.61805e+15	4.34e-08	3.67e-03	9.96e-01
 3.75770e+15	5.05e-08	3.96e-03	9.96e-01
 3.89467e+15	5.83e-08	4.26e-03	9.96e-01
 4.02956e+15	6.69e-08	4.57e-03	9.95e-01
 4.17811e+15	7.76e-08	4.93e-03	9.95e-01
 4.33849e+15	9.04e-08	5.33e-03	9.95e-01
 4.48710e+15	1.04e-07	5.71e-03	9.94e-01
 4.64841e+15	1.20e-07	6.17e-03	9.94e-01
 4.82760e+15	1.41e-07	6.69e-03	9.93e-01
 4.99562e+15	1.62e-07	7.20e-03	9.93e-01
 5.17714e+15	1.89e-07	7.81e-03	9.92e-01
 5.37756e+15	2.23e-07	8.50e-03	9.91e-01
 5.56774e+15	2.59e-07	9.21e-03	9.91e-01
 5.74750e+15	2.98e-07	9.93e-03	9.90e-01
 5.95096e+15	3.49e-07	1.08e-02	9.89e-01
 6.17422e+15	4.13e-07	1.19e-02	9.88e-01
 6.38833e+15	4.85e-07	1.30e-02	9.87e-01
 6.59444e+15	5.65e-07	1.42e-02	9.86e-01
 6.82500e+15	6.72e-07	1.57e-02	9.84e-01
 7.08417e+15	8.14e-07	1.76e-02	9.82e-01
 7.32676e+15	9.76e-07	1.97e-02	9.80e-01
 7.54866e+15	1.15e-06	2.19e-02	9.78e-01
 7.79743e+15	1.41e-06	2.48e-02	9.75e-01
 8.06286e+15	1.74e-06	2.86e-02	9.71e-01
 8.28998e+15	2.10e-06	3.25e-02	9.67e-01
 8.48829e+15	2.50e-06	3.68e-02	9.63e-01
 8.70909e+15	3.08e-06	4.28e-02	9.57e-01
 8.94246e+15	3.89e-06	5.09e-02	9.49e-01
 9.13569e+15	4.80e-06	5.98e-02	9.40e-01
 9.29502e+15	5.80e-06	6.94e-02	9.31e-01
 9.44433e+15	7.06e-06	8.12e-02	9.19e-01
 9.59261e+15	8.73e-06	9.67e-02	9.03e-01
 9.73318e+15	1.09e-05	1.16e-01	8.84e-01
 9.85836e+15	1.37e-05	1.41e-01	8.59e-01
 9.96815e+15	1.71e-05	1.70e-01	8.30e-01
 1.00666e+16	2.12e-05	2.06e-01	7.94e-01
 1.01568e+16	2.65e-05	2.51e-01	7.49e-01
 1.02370e+16	3.29e-05	3.04e-01	6.96e-01
 1.03039e+16	3.98e-05	3.61e-01	6.39e-01
 1.03624e+16	4.74e-05	4.22e-01	5.78e-01
 1.04156e+16	5.56e-05	4.87e-01	5.13e-01
 1.04648e+16	6.42e-05	5.55e-01	4.45e-01
 1.05206e+16	7.48e-05	6.36e-01	3.64e-01
 1.05931e+16	8.86e-05	7.38e-01	2.62e-01
 1.06723e+16	1.02e-04	8.32e-01	1.68e-01
 1.07511e+16	1.13e-04	8.98e-01	1.02e-01
 1.08443e+16	1.22e-04	9.45e-01	5.53e-02
 1.09655e+16	1.29e-04	9.74e-01	2.58e-02
 1.11231e+16	1.35e-04	9.89e-01	1.05e-02
 1.13279e+16	1.42e-04	9.96e-01	3.78e-03
 1.15941e+16	1.50e-04	9.99e-01	1.23e-03
 1.19402e+16	1.59e-04	9.99e-01	3.62e-04
 1.23786e+16	1.72e-04	1.00e+00	9.89e-05
 1.28737e+16	1.87e-04	1.00e+00	2.86e-05
 1.33210e+16	2.01e-04	1.00e+00	1.10e-05
 1.36896e+16	2.13e-04	1.00e+00	5.42e-06
 1.40892e+16	2.28e-04	1.00e+00	2.67e-06
 1.46014e+16	2.47e-04	1.00e+00	1.19e-06
 1.51295e+16	2.68e-04	1.00e+00	5.72e-07
 1.55733e+16	2.86e-04	1.00e+00	3.33e-07
 1.60381e+16	3.08e-04	1.00e+00	2.00e-07
 1.66269e+16	3.39e-04	1.00e+00	1.15e-07
 1.72121e+16	3.70e-04	1.00e+00	7.27e-08
 1.76870e+16	3.99e-04	1.00e+00	5.38e-08
 1.81832e+16	4.32e-04	1.00e+00	4.12e-08
 1.88282e+16	4.79e-04	1.00e+00	3.06e-08
 1.94731e+16	5.32e-04	9.99e-01	2.32e-08
 1.99729e+16	5.78e-04	9.99e-01	1.96e-08
 2.04780e+16	6.26e-04	9.99e-01	1.70e-08
 2.10465e+16	7.00e-04	9.99e-01	1.42e-08
 2.15313e+16	7.67e-04	9.99e-01	1.23e-08
 2.19210e+16	8.32e-04	9.99e-01	1.11e-08
 2.23536e+16	9.09e-04	9.99e-01	1.01e-08
 2.28169e+16	1.02e-03	9.99e-01	8.79e-09
 2.32023e+16	1.12e-03	9.99e-01	7.92e-09
 2.35093e+16	1.22e-03	9.99e-01	7.34e-09
 2.37879e+16	1.32e-03	9.99e-01	6.86e-09
 2.39904e+16	1.41e-03	9.99e-01	6.40e-09
 2.40956e+16	1.46e-03	9.99e-01	6.30e-09
 2.41897e+16	1.51e-03	9.98e-01	6.19e-09
 2.43119e+16	1.58e-03	9.98e-01	5.99e-09
 2.44458e+16	1.66e-03	9.98e-01	5.74e-09
 2.45577e+16	1.74e-03	9.98e-01	5.54e-09
 2.46447e+16	1.80e-03	9.98e-01	5.42e-09
 2.47368e+16	1.88e-03	9.98e-01	5.30e-09
 2.48379e+16	1.97e-03	9.98e-01	5.12e-09
 2.49271e+16	2.06e-03	9.98e-01	4.97e-09
 2.50040e+16	2.14e-03	9.98e-01	4.86e-09
 2.50885e+16	2.24e-03	9.98e-01	4.75e-09
 2.51779e+16	2.35e-03	9.98e-01	4.59e-09
 2.52527e+16	2.45e-03	9.98e-01	4.47e-09
 2.53169e+16	2.55e-03	9.97e-01	4.38e-09
 2.53883e+16	2.67e-03	9.97e-01	4.29e-09
 2.54644e+16	2.81e-03	9.97e-01	4.15e-09
 2.55291e+16	2.94e-03	9.97e-01	4.05e-09
 2.55852e+16	3.06e-03	9.97e-01	3.97e-09
 2.56477e+16	3.21e-03	9.97e-01	3.88e-09
 2.57142e+16	3.39e-03	9.97e-01	3.76e-09
 2.57706e+16	3.56e-03	9.96e-01	3.66e-09
 2.58198e+16	3.72e-03	9.96e-01	3.59e-09
 2.58748e+16	3.92e-03	9.96e-01	3.51e-09
 2.59335e+16	4.15e-03	9.96e-01	3.40e-09
 2.59837e+16	4.37e-03	9.96e-01	3.31e-09
 2.60278e+16	4.59e-03	9.95e-01	3.24e-09
 2.60772e+16	4.87e-03	9.95e-01	3.16e-09
 2.61303e+16	5.19e-03	9.95e-01	3.05e-09
 2.61763e+16	5.51e-03	9.94e-01	2.96e-09
 2.62173e+16	5.83e-03	9.94e-01	2.89e-09
 2.62634e+16	6.24e-03	9.94e-01	2.80e-09
 2.63131e+16	6.74e-03	9.93e-01	2.69e-09
 2.63571e+16	7.25e-03	9.93e-01	2.59e-09
 2.63972e+16	7.79e-03	9.92e-01	2.51e-09
 2.64428e+16	8.51e-03	9.91e-01	2.42e-09
 2.64902e+16	9.38e-03	9.91e-01	2.29e-09
 2.65288e+16	1.02e-02	9.90e-01	2.19e-09
 2.65615e+16	1.10e-02	9.89e-01	2.12e-09
 2.65978e+16	1.21e-02	9.88e-01	2.03e-09
 2.66370e+16	1.35e-02	9.86e-01	1.91e-09
 2.66707e+16	1.50e-02	9.85e-01	1.80e-09
 2.66979e+16	1.64e-02	9.84e-01	1.72e-09
 2.67203e+16	1.77e-02	9.82e-01	1.65e-09
 2.67441e+16	1.93e-02	9.81e-01	1.59e-09
 2.67691e+16	2.13e-02	9.79e-01	1.49e-09
 2.67897e+16	2.32e-02	9.77e-01	1.42e-09
 2.68069e+16	2.50e-02	9.75e-01	1.36e-09
 2.68256e+16	2.73e-02	9.73e-01	1.30e-09
 2.68457e+16	3.01e-02	9.70e-01	1.21e-09
 2.68629e+16	3.31e-02	9.67e-01	1.14e-09
 2.68772e+16	3.57e-02	9.64e-01	1.09e-09
 2.68925e+16	3.91e-02	9.61e-01	1.03e-09
 2.69091e+16	4.32e-02	9.57e-01	9.57e-10
 2.69234e+16	4.73e-02	9.53e-01	8.95e-10
 2.69360e+16	5.14e-02	9.49e-01	8.44e-10
 2.69499e+16	5.67e-02	9.43e-01	7.89e-10
 2.69649e+16	6.32e-02	9.37e-01	7.15e-10
 2.69777e+16	6.98e-02	9.30e-01	6.59e-10
 2.69888e+16	7.60e-02	9.24e-01	6.13e-10
 2.70010e+16	8.41e-02	9.16e-01	5.67e-10
 2.70144e+16	9.41e-02	9.06e-01	5.04e-10
 2.70265e+16	1.05e-01	8.95e-01	4.53e-10
 2.70373e+16	1.15e-01	8.85e-01	4.12e-10
 2.70474e+16	1.27e-01	8.73e-01	3.72e-10
 2.70571e+16	1.38e-01	8.62e-01	3.36e-10
 2.70660e+16	1.51e-01	8.49e-01	3.03e-10
 2.70739e+16	1.63e-01	8.37e-01	2.77e-10
 2.70812e+16	1.75e-01	8.25e-01	2.53e-10
 2.70869e+16	1.84e-01	8.16e-01	2.33e-10
 2.70907e+16	1.91e-01	8.09e-01	2.24e-10
 2.70944e+16	1.98e-01	8.02e-01	2.15e-10
 2.70986e+16	2.07e-01	7.93e-01	2.03e-10
 2.71030e+16	2.17e-01	7.83e-01	1.90e-10
 2.71073e+16	2.26e-01	7.74e-01	1.78e-10
 2.71113e+16	2.35e-01	7.65e-01	1.68e-10
 2.71154e+16	2.45e-01	7.55e-01	1.58e-10
 2.71194e+16	2.55e-01	7.45e-01	1.48e-10
 2.71234e+16	2.66e-01	7.34e-01	1.39e-10
 2.71274e+16	2.76e-01	7.24e-01	1.31e-10
 2.71313e+16	2.87e-01	7.13e-01	1.23e-10
 2.71352e+16	2.99e-01	7.01e-01	1.15e-10
 2.71391e+16	3.10e-01	6.90e-01	1.08e-10
 2.71428e+16	3.22e-01	6.78e-01	1.02e-10
 2.71466e+16	3.34e-01	6.66e-01	9.52e-11
 2.71504e+16	3.46e-01	6.54e-01	8.92e-11
 2.71541e+16	3.59e-01	6.41e-01	8.37e-11
 2.71577e+16	3.72e-01	6.28e-01	7.86e-11
 2.71614e+16	3.85e-01	6.15e-01	7.39e-11
 2.71650e+16	3.98e-01	6.02e-01	6.92e-11
 2.71685e+16	4.12e-01	5.88e-01	6.51e-11
 2.71720e+16	4.25e-01	5.75e-01	6.15e-11
 2.71755e+16	4.39e-01	5.61e-01	5.78e-11
 2.71790e+16	4.53e-01	5.47e-01	5.45e-11
 2.71824e+16	4.66e-01	5.34e-01	5.15e-11
 2.71858e+16	4.80e-01	5.20e-01	4.87e-11
 2.71892e+16	4.95e-01	5.05e-01	4.61e-11
 2.71925e+16	5.08e-01	4.92e-01	4.38e-11
 2.71957e+16	5.22e-01	4.78e-01	4.17e-11
 2.71989e+16	5.36e-01	4.64e-01	3.97e-11
 2.72021e+16	5.49e-01	4.51e-01	3.80e-11
 2.72052e+16	5.63e-01	4.37e-01	3.64e-11
 2.72082e+16	5.75e-01	4.25e-01	3.49e-11
 2.72112e+16	5.88e-01	4.12e-01	3.36e-11
 2.72141e+16	6.01e-01	3.99e-01	3.23e-11
 2.72170e+16	6.13e-01	3.87e-01	3.12e-11
 2.72199e+16	6.25e-01	3.75e-01	3.02e-11
 2.72226e+16	6.37e-01	3.63e-01	2.93e-11
 2.72254e+16	6.49e-01	3.51e-01	2.84e-11
 2.72281e+16	6.60e-01	3.40e-01	2.76e-11
 2.72308e+16	6.71e-01	3.29e-01	2.68e-11
 2.72334e+16	6.82e-01	3.18e-01	2.61e-11
 2.72360e+16	6.93e-01	3.07e-01	2.55e-11
 2.72385e+16	7.03e-01	2.97e-01	2.49e-11
 2.72410e+16	7.13e-01	2.87e-01	2.43e-11
 2.72435e+16	7.22e-01	2.78e-01	2.38e-11
 2.72459e+16	7.32e-01	2.68e-01	2.33e-11
 2.72483e+16	7.41e-01	2.59e-01	2.29e-11
 2.72507e+16	7.49e-01	2.51e-01	2.24e-11
 2.72531e+16	7.58e-01	2.42e-01	2.20e-11
 2.72554e+16	7.67e-01	2.33e-01	2.16e-11
 2.72577e+16	7.75e-01	2.25e-01	2.12e-11
 2.72600e+16	7.82e-01	2.18e-01	2.09e-11
 2.72622e+16	7.90e-01	2.10e-01	2.05e-11
 2.72644e+16	7.97e-01	2.03e-01	2.02e-11
 2.72666e+16	8.04e-01	1.96e-01	1.98e-11
 2.72686e+16	8.11e-01	1.89e-01	1.95e-11
 2.72702e+16	8.16e-01	1.84e-01	1.92e-11
 2.72718e+16	8.21e-01	1.79e-01	1.90e-11
 2.72735e+16	8.26e-01	1.74e-01	1.87e-11
 2.72754e+16	8.31e-01	1.69e-01	1.84e-11
 2.72773e+16	8.37e-01	1.63e-01	1.81e-11
 2.72791e+16	8.42e-01	1.58e-01	1.78e-11
 2.72810e+16	8.47e-01	1.53e-01	1.76e-11
 2.72831e+16	8.53e-01	1.47e-01	1.72e-11
 2.72852e+16	8.58e-01	1.42e-01	1.69e-11
 2.72872e+16	8.63e-01	1.37e-01	1.66e-11
 2.72892e+16	8.68e-01	1.32e-01	1.63e-11
 2.72912e+16	8.73e-01	1.27e-01	1.60e-11
 2.72932e+16	8.78e-01	1.22e-01	1.57e-11
 2.72952e+16	8.83e-01	1.17e-01	1.53e-11
 2.72971e+16	8.87e-01	1.13e-01	1.50e-11
 2.72990e+16	8.91e-01	1.09e-01	1.47e-11
 2.73009e+16	8.95e-01	1.05e-01	1.44e-11
 2.73026e+16	8.99e-01	1.01e-01	1.41e-11
 2.73043e+16	9.02e-01	9.77e-02	1.38e-11
 2.73060e+16	9.06e-01	9.45e-02	1.35e-11
 2.73076e+16	9.09e-01	9.14e-02	1.32e-11
 2.73090e+16	9.11e-01	8.86e-02	1.29e-11
 2.73104e+16	9.14e-01	8.60e-02	1.27e-11
 2.73116e+16	9.16e-01	8.38e-02	1.25e-11
 2.73127e+16	9.18e-01	8.18e-02	1.22e-11
 2.73137e+16	9.20e-01	8.00e-02	1.20e-11
 2.73147e+16	9.22e-01	7.84e-02	1.19e-11
 2.73155e+16	9.23e-01	7.69e-02	1.17e-11
 2.73163e+16	9.25e-01	7.55e-02	1.15e-11
 2.73170e+16	9.26e-01	7.43e-02	1.14e-11
 2.73177e+16	9.27e-01	7.29e-02	1.12e-11
 2.73185e+16	9.28e-01	7.16e-02	1.10e-11
 2.73193e+16	9.30e-01	7.03e-02	1.09e-11
 2.73200e+16	9.31e-01	6.92e-02	1.07e-11
 2.73206e+16	9.32e-01	6.82e-02	1.06e-11
 2.73213e+16	9.33e-01	6.70e-02	1.05e-11
 2.73220e+16	9.34e-01	6.58e-02	1.03e-11
 2.73227e+16	9.35e-01	6.48e-02	1.02e-11
 2.73233e+16	9.36e-01	6.38e-02	1.00e-11
 2.73238e+16	9.37e-01	6.29e-02	9.90e-12
 2.73243e+16	9.38e-01	6.21e-02	9.79e-12
 2.73249e+16	9.39e-01	6.12e-02	9.66e-12
 2.73256e+16	9.40e-01	6.01e-02	9.50e-12
 2.73264e+16	9.41e-01	5.89e-02	9.32e-12
 2.73271e+16	9.42e-01	5.78e-02	9.16e-12
 2.73277e+16	9.43e-01	5.68e-02	9.02e-12
 2.73283e+16	9.44e-01	5.60e-02	8.88e-12
 2.73288e+16	9.45e-01	5.52e-02	8.76e-12
 2.73293e+16	9.46e-01	5.45e-02	8.67e-12
 2.73298e+16	9.46e-01	5.36e-02	8.52e-12
 2.73304e+16	9.47e-01	5.28e-02	8.39e-12
 2.73309e+16	9.48e-01	5.20e-02	8.27e-12
 2.73314e+16	9.49e-01	5.13e-02	8.16e-12
 2.73318e+16	9.49e-01	5.07e-02	8.07e-12
 2.73323e+16	9.50e-01	5.00e-02	7.95e-12
 2.73328e+16	9.51e-01	4.93e-02	7.83e-12
 2.73333e+16	9.51e-01	4.86e-02	7.73e-12
 2.73337e+16	9.52e-01	4.81e-02	7.64e-12
 2.73342e+16	9.53e-01	4.74e-02	7.52e-12
 2.73347e+16	9.53e-01	4.67e-02	7.41e-12
 2.73351e+16	9.54e-01	4.61e-02	7.31e-12
 2.73355e+16	9.54e-01	4.56e-02	7.23e-12
 2.73360e+16	9.55e-01	4.49e-02	7.12e-12
 2.73365e+16	9.56e-01	4.42e-02	7.01e-12
 2.73369e+16	9.56e-01	4.37e-02	6.92e-12
 2.73373e+16	9.57e-01	4.32e-02	6.84e-12
 2.73378e+16	9.57e-01	4.25e-02	6.74e-12
 2.73382e+16	9.58e-01	4.20e-02	6.64e-12
 2.73387e+16	9.59e-01	4.14e-02	6.55e-12
 2.73391e+16	9.59e-01	4.10e-02	6.48e-12
 2.73395e+16	9.60e-01	4.04e-02	6.40e-12
 2.73401e+16	9.60e-01	3.97e-02	6.29e-12
 2.73407e+16	9.61e-01	3.90e-02	6.18e-12
 2.73412e+16	9.62e-01	3.84e-02	6.08e-12
 2.73417e+16	9.62e-01	3.79e-02	6.00e-12
 2.73422e+16	9.63e-01	3.74e-02	5.93e-12
 2.73427e+16	9.63e-01	3.68e-02	5.84e-12
 2.73433e+16	9.64e-01	3.63e-02	5.75e-12
 2.73437e+16	9.64e-01	3.57e-02	5.67e-12
 2.73442e+16	9.65e-01	3.53e-02	5.60e-12
 2.73447e+16	9.65e-01	3.48e-02	5.52e-12
 2.73452e+16	9.66e-01	3.43e-02	5.44e-12
 2.73457e+16	9.66e-01	3.38e-02	5.36e-12
 2.73461e+16	9.67e-01	3.34e-02	5.30e-12
 2.73466e+16	9.67e-01	3.29e-02	5.22e-12
 2.73471e+16	9.68e-01	3.24e-02	5.16e-12
 2.73476e+16	9.68e-01	3.20e-02	5.09e-12
 2.73481e+16	9.69e-01	3.15e-02	5.01e-12
 2.73487e+16	9.69e-01	3.10e-02	4.94e-12
 2.73492e+16	9.69e-01	3.06e-02	4.87e-12
 2.73497e+16	9.70e-01	3.02e-02	4.80e-12
 2.73501e+16	9.70e-01	2.98e-02	4.75e-12
 2.73506e+16	9.71e-01	2.95e-02	4.70e-12
 2.73512e+16	9.71e-01	2.89e-02	4.62e-12
 2.73518e+16	9.72e-01	2.84e-02	4.54e-12
 2.73524e+16	9.72e-01	2.80e-02	4.48e-12
 2.73530e+16	9.72e-01	2.76e-02	4.42e-12
 2.73534e+16	9.73e-01	2.72e-02	4.36e-12
 2.73540e+16	9.73e-01	2.68e-02	4.31e-12
 2.73547e+16	9.74e-01	2.63e-02	4.22e-12
 2.73554e+16	9.74e-01	2.58e-02	4.15e-12
 2.73561e+16	9.75e-01	2.53e-02	4.09e-12
 2.73567e+16	9.75e-01	2.49e-02	4.03e-12
 2.73573e+16	9.75e-01	2.45e-02	3.97e-12
 2.73578e+16	9.76e-01	2.42e-02	3.92e-12
 2.73584e+16	9.76e-01	2.39e-02	3.87e-12
 2.73591e+16	9.77e-01	2.34e-02	3.80e-12
 2.73599e+16	9.77e-01	2.29e-02	3.73e-12
 2.73606e+16	9.77e-01	2.25e-02	3.67e-12
 2.73613e+16	9.78e-01	2.21e-02	3.62e-12
 2.73619e+16	9.78e-01	2.18e-02	3.56e-12
 2.73626e+16	9.79e-01	2.14e-02	3.52e-12
 2.73633e+16	9.79e-01	2.11e-02	3.46e-12
 2.73639e+16	9.79e-01	2.07e-02	3.41e-12
 2.73646e+16	9.80e-01	2.04e-02	3.36e-12
 2.73654e+16	9.80e-01	2.00e-02	3.31e-12
 2.73661e+16	9.80e-01	1.97e-02	3.26e-12
 2.73668e+16	9.81e-01	1.93e-02	3.20e-12
 2.73677e+16	9.81e-01	1.89e-02	3.15e-12
 2.73684e+16	9.81e-01	1.86e-02	3.10e-12
 2.73691e+16	9.82e-01	1.83e-02	3.06e-12
 2.73698e+16	9.82e-01	1.80e-02	3.01e-12
 2.73706e+16	9.82e-01	1.76e-02	2.97e-12
 2.73714e+16	9.83e-01	1.74e-02	2.93e-12
 2.73722e+16	9.83e-01	1.70e-02	2.87e-12
 2.73730e+16	9.83e-01	1.67e-02	2.83e-12
 2.73738e+16	9.84e-01	1.64e-02	2.79e-12
 2.73747e+16	9.84e-01	1.61e-02	2.74e-12
 2.73756e+16	9.84e-01	1.57e-02	2.69e-12
 2.73765e+16	9.85e-01	1.54e-02	2.65e-12
 2.73774e+16	9.85e-01	1.51e-02	2.60e-12
 2.73784e+16	9.85e-01	1.48e-02	2.55e-12
 2.73793e+16	9.86e-01	1.45e-02	2.51e-12
 2.73802e+16	9.86e-01	1.42e-02	2.47e-12
 2.73811e+16	9.86e-01	1.40e-02	2.43e-12
 2.73820e+16	9.86e-01	1.37e-02	2.39e-12
 2.73829e+16	9.87e-01	1.34e-02	2.35e-12
 2.73839e+16	9.87e-01	1.31e-02	2.31e-12
 2.73850e+16	9.87e-01	1.29e-02	2.27e-12
 2.73859e+16	9.87e-01	1.26e-02	2.24e-12
 2.73870e+16	9.88e-01	1.23e-02	2.19e-12
 2.73881e+16	9.88e-01	1.20e-02	2.15e-12
 2.73892e+16	9.88e-01	1.18e-02	2.12e-12
 2.73903e+16	9.88e-01	1.15e-02	2.07e-12
 2.73915e+16	9.89e-01	1.13e-02	2.03e-12
 2.73927e+16	9.89e-01	1.10e-02	2.00e-12
 2.73939e+16	9.89e-01	1.07e-02	1.96e-12
 2.73955e+16	9.90e-01	1.04e-02	1.90e-12
 2.73973e+16	9.90e-01	1.00e-02	1.85e-12
 2.73993e+16	9.90e-01	9.66e-03	1.79e-12
 2.74012e+16	9.91e-01	9.32e-03	1.74e-12
 2.74031e+16	9.91e-01	8.98e-03	1.69e-12
 2.74051e+16	9.91e-01	8.64e-03	1.63e-12
 2.74071e+16	9.92e-01	8.29e-03	1.57e-12
 2.74093e+16	9.92e-01	7.94e-03	1.52e-12
 2.74115e+16	9.92e-01	7.59e-03	1.46e-12
 2.74137e+16	9.93e-01	7.22e-03	1.40e-12
 2.74161e+16	9.93e-01	6.84e-03	1.33e-12
 2.74186e+16	9.94e-01	6.44e-03	1.26e-12
 2.74211e+16	9.94e-01	6.03e-03	1.18e-12
 2.74238e+16	9.94e-01	5.60e-03	1.11e-12
 2.74265e+16	9.95e-01	5.18e-03	1.03e-12
 2.74294e+16	9.95e-01	4.76e-03	9.47e-13
 2.74324e+16	9.96e-01	4.35e-03	8.68e-13
 2.74355e+16	9.96e-01	3.95e-03	7.91e-13
 2.74388e+16	9.96e-01	3.57e-03	7.17e-13
 2.74423e+16	9.97e-01	3.20e-03	6.45e-13
 2.74459e+16	9.97e-01	2.85e-03	5.77e-13
 2.74498e+16	9.97e-01	2.52e-03	5.11e-13
 2.74539e+16	9.98e-01	2.21e-03	4.49e-13
 2.74583e+16	9.98e-01	1.92e-03	3.91e-13
 2.74631e+16	9.98e-01	1.65e-03	3.36e-13
 2.74682e+16	9.99e-01	1.40e-03	2.85e-13
 2.74739e+16	9.99e-01	1.17e-03	2.38e-13
 2.74801e+16	9.99e-01	9.53e-04	1.95e-13
 2.74871e+16	9.99e-01	7.60e-04	1.56e-13
 2.74950e+16	9.99e-01	5.87e-04	1.20e-13
 2.75042e+16	1.00e+00	4.35e-04	8.91e-14
 2.75142e+16	1.00e+00	3.17e-04	6.49e-14
 2.75242e+16	1.00e+00	2.31e-04	4.72e-14
 2.75341e+16	1.00e+00	1.68e-04	3.43e-14
 2.75441e+16	1.00e+00	1.22e-04	2.50e-14
 2.75540e+16	1.00e+00	8.90e-05	1.81e-14
 2.75640e+16	1.00e+00	6.51e-05	1.32e-14
 2.75739e+16	1.00e+00	4.75e-05	9.65e-15
 2.75839e+16	1.00e+00	3.47e-05	7.03e-15
 2.75938e+16	1.00e+00	2.53e-05	5.13e-15
 2.76038e+16	1.00e+00	1.85e-05	3.74e-15
 2.76137e+16	1.00e+00	1.35e-05	2.72e-15
 2.76237e+16	1.00e+00	9.90e-06	1.99e-15
 2.76337e+16	1.00e+00	7.24e-06	1.45e-15
 2.76436e+16	1.00e+00	5.29e-06	1.06e-15
 2.76536e+16	1.00e+00	3.86e-06	7.66e-16
 2.76635e+16	1.00e+00	2.83e-06	5.62e-16
 2.76735e+16	1.00e+00	2.07e-06	4.10e-16
 2.76834e+16	1.00e+00	1.51e-06	2.98e-16
 2.76934e+16	1.00e+00	1.11e-06	2.17e-16
 2.77033e+16	1.00e+00	8.14e-07	1.59e-16
 2.77133e+16	1.00e+00	5.97e-07	1.16e-16
 2.77232e+16	1.00e+00	4.37e-07	8.51e-17
 2.77332e+16	1.00e+00	3.20e-07	6.19e-17
 2.77432e+16	1.00e+00	2.36e-07	4.55e-17
 2.77531e+16	1.00e+00	1.73e-07	3.33e-17
 2.77631e+16	1.00e+00	1.27e-07	2.43e-17
 2.77730e+16	1.00e+00	9.38e-08	1.79e-17
 2.77830e+16	1.00e+00	6.95e-08	1.32e-17
 2.77929e+16	1.00e+00	5.16e-08	9.76e-18
 2.78029e+16	1.00e+00	3.83e-08	7.21e-18
 2.78128e+16	1.00e+00	2.87e-08	5.38e-18
 2.78228e+16	1.00e+00	2.17e-08	4.06e-18
 2.78327e+16	1.00e+00	1.65e-08	3.07e-18
 2.78427e+16	1.00e+00	1.27e-08	2.34e-18
 2.78526e+16	1.00e+00	9.86e-09	1.82e-18
 2.78626e+16	1.00e+00	7.83e-09	1.44e-18
 2.78725e+16	1.00e+00	6.32e-09	1.16e-18
 2.78825e+16	1.00e+00	5.20e-09	9.46e-19
 2.78924e+16	1.00e+00	4.38e-09	7.94e-19
 2.79024e+16	1.00e+00	3.79e-09	6.85e-19
 2.79124e+16	1.00e+00	3.34e-09	6.01e-19
 2.79223e+16	1.00e+00	3.01e-09	5.38e-19
 2.79323e+16	1.00e+00	2.76e-09	4.91e-19
 2.79422e+16	1.00e+00	2.59e-09	4.59e-19
 2.79522e+16	1.00e+00	2.45e-09	4.32e-19
 2.79621e+16	1.00e+00	2.34e-09	4.10e-19
 2.79721e+16	1.00e+00	2.26e-09	3.95e-19
 2.79820e+16	1.00e+00	2.20e-09	3.84e-19
 2.79920e+16	1.00e+00	2.16e-09	3.73e-19
 2.80019e+16	1.00e+00	2.11e-09	3.64e-19
 2.80134e+16	1.00e+00	2.08e-09	3.56e-19
 2.80283e+16	1.00e+00	2.04e-09	3.47e-19
 2.80476e+16	1.00e+00	2.00e-09	3.37e-19
 2.80727e+16	1.00e+00	1.96e-09	3.26e-19
 2.81054e+16	1.00e+00	1.92e-09	3.13e-19
 2.81479e+16	1.00e+00	1.87e-09	2.97e-19
 2.82032e+16	1.00e+00	1.80e-09	2.78e-19
 2.82750e+16	1.00e+00	1.72e-09	2.55e-19
 2.83684e+16	1.00e+00	1.62e-09	2.27e-19
 2.84880e+16	1.00e+00	1.50e-09	1.96e-19
 2.86256e+16	1.00e+00	1.38e-09	1.66e-19
 2.87697e+16	1.00e+00	1.25e-09	1.39e-19
 2.89223e+16	1.00e+00	1.14e-09	1.15e-19
 2.90899e+16	1.00e+00	1.02e-09	9.30e-20
 2.92771e+16	1.00e+00	9.01e-10	7.31e-20
 2.94863e+16	1.00e+00	7.85e-10	5.59e-20
 2.97152e+16	1.00e+00	6.76e-10	4.18e-20
 2.99606e+16	1.00e+00	5.76e-10	3.06e-20
 3.02272e+16	1.00e+00	4.84e-10	2.18e-20
 3.05203e+16	1.00e+00	4.00e-10	1.50e-20
 3.08430e+16	1.00e+00	3.25e-10	9.99e-21
 3.11974e+16	1.00e+00	2.60e-10	0.00e+00
 3.15857e+16	1.00e+00	2.03e-10	0.00e+00
 3.20131e+16	1.00e+00	1.56e-10	0.00e+00
 3.24845e+16	1.00e+00	1.17e-10	0.00e+00
 3.29995e+16	1.00e+00	8.57e-11	0.00e+00
 3.35429e+16	1.00e+00	6.23e-11	0.00e+00
 3.40971e+16	1.00e+00	4.53e-11	0.00e+00
 3.46540e+16	1.00e+00	3.32e-11	0.00e+00
 3.52109e+16	1.00e+00	2.44e-11	0.00e+00
 3.57678e+16	1.00e+00	1.80e-11	0.00e+00
 3.63247e+16	1.00e+00	1.34e-11	0.00e+00
 3.69167e+16	1.00e+00	9.82e-12	0.00e+00
 3.75533e+16	1.00e+00	7.08e-12	0.00e+00
 3.82057e+16	1.00e+00	5.11e-12	0.00e+00
 3.88712e+16	1.00e+00	3.68e-12	0.00e+00
 3.95500e+16	1.00e+00	2.65e-12	0.00e+00
 4.02459e+16	1.00e+00	1.91e-12	0.00e+00
 4.09521e+16	1.00e+00	1.38e-12	0.00e+00
 4.17642e+16	1.00e+00	9.45e-13	0.00e+00
 4.28200e+16	1.00e+00	5.86e-13	0.00e+00
 4.41925e+16	1.00e+00	3.22e-13	0.00e+00
 4.58677e+16	1.00e+00	1.61e-13	0.00e+00
 4.77024e+16	1.00e+00	7.77e-14	0.00e+00
 4.96105e+16	1.00e+00	3.76e-14	0.00e+00
 5.15950e+16	1.00e+00	1.82e-14	0.00e+00
 5.36588e+16	1.00e+00	8.81e-15	0.00e+00
 5.58052e+16	1.00e+00	4.25e-15	0.00e+00
 5.80374e+16	1.00e+00	2.05e-15	0.00e+00
 6.03590e+16	1.00e+00	9.87e-16	0.00e+00
 6.27734e+16	1.00e+00	4.72e-16	0.00e+00
 6.52843e+16	1.00e+00	2.24e-16	0.00e+00
 6.78957e+16	1.00e+00	1.06e-16	0.00e+00
 7.06116e+16	1.00e+00	4.91e-17	0.00e+00
 7.34361e+16	1.00e+00	2.28e-17	0.00e+00
 7.63736e+16	1.00e+00	1.04e-17	0.00e+00
 7.94285e+16	1.00e+00	4.78e-18	0.00e+00
 8.26057e+16	1.00e+00	2.19e-18	0.00e+00
 8.59100e+16	1.00e+00	1.01e-18	0.00e+00
 8.93464e+16	1.00e+00	4.76e-19	0.00e+00
 9.28176e+16	1.00e+00	2.43e-19	0.00e+00
 9.61751e+16	1.00e+00	1.29e-19	0.00e+00
 9.88828e+16	1.00e+00	8.97e-20	0.00e+00
 1.01343e+17	1.00e+00	6.72e-20	0.00e+00
 1.04541e+17	1.00e+00	5.25e-20	0.00e+00
 1.08475e+17	1.00e+00	3.78e-20	0.00e+00
 1.11757e+17	1.00e+00	3.03e-20	0.00e+00
 1.13876e+17	1.00e+00	2.77e-20	0.00e+00
 1.16092e+17	1.00e+00	2.53e-20	0.00e+00
 1.18972e+17	1.00e+00	2.32e-20	0.00e+00
 1.22717e+17	1.00e+00	1.91e-20	0.00e+00
 1.26767e+17	1.00e+00	1.62e-20	0.00e+00
 1.31214e+17	1.00e+00	1.49e-20	0.00e+00
 1.36401e+17	1.00e+00	1.24e-20	0.00e+00
 1.41858e+17	1.00e+00	1.09e-20	0.00e+00
 1.47532e+17	1.00e+00	9.36e-21	0.00e+00
 1.53433e+17	1.00e+00	7.52e-21	0.00e+00
 1.59571e+17	1.00e+00	6.47e-21	0.00e+00
 1.65953e+17	1.00e+00	5.60e-21	0.00e+00
 1.72592e+17	1.00e+00	4.92e-21	0.00e+00
 1.79495e+17	1.00e+00	4.33e-21	0.00e+00
 1.86675e+17	1.00e+00	3.81e-21	0.00e+00
 1.93635e+17	1.00e+00	3.37e-21	0.00e+00
 2.00219e+17	1.00e+00	3.06e-21	0.00e+00
 2.06977e+17	1.00e+00	2.77e-21	0.00e+00
 2.14055e+17	1.00e+00	2.50e-21	0.00e+00
 2.21334e+17	1.00e+00	2.27e-21	0.00e+00
 2.28748e+17	1.00e+00	2.06e-21	0.00e+00
 2.36302e+17	1.00e+00	1.88e-21	0.00e+00
 2.43970e+17	1.00e+00	1.71e-21	0.00e+00
 2.51720e+17	1.00e+00	1.57e-21	0.00e+00
 2.59514e+17	1.00e+00	1.44e-21	0.00e+00
 2.67309e+17	1.00e+00	1.33e-21	0.00e+00
 2.75082e+17	1.00e+00	1.23e-21	0.00e+00
 2.82783e+17	1.00e+00	1.14e-21	0.00e+00
 2.90347e+17	1.00e+00	1.07e-21	0.00e+00
 2.97731e+17	1.00e+00	9.98e-22	0.00e+00
 3.04877e+17	1.00e+00	9.37e-22	0.00e+00
 3.11698e+17	1.00e+00	8.84e-22	0.00e+00
 3.18181e+17	1.00e+00	8.38e-22	0.00e+00
 3.24363e+17	1.00e+00	7.98e-22	0.00e+00
 3.30267e+17	1.00e+00	7.62e-22	0.00e+00
 3.35886e+17	1.00e+00	7.30e-22	0.00e+00
 3.41198e+17	1.00e+00	7.02e-22	0.00e+00
 3.46193e+17	1.00e+00	6.77e-22	0.00e+00
 3.50895e+17	1.00e+00	6.55e-22	0.00e+00
 3.55321e+17	1.00e+00	6.34e-22	0.00e+00
 3.59483e+17	1.00e+00	6.17e-22	0.00e+00
 3.63389e+17	1.00e+00	6.01e-22	0.00e+00
 3.67056e+17	1.00e+00	5.87e-22	0.00e+00
 3.70500e+17	1.00e+00	5.74e-22	0.00e+00
 3.73735e+17	1.00e+00	5.62e-22	0.00e+00
 3.76778e+17	1.00e+00	5.52e-22	0.00e+00
 3.79640e+17	1.00e+00	5.42e-22	0.00e+00
 3.82333e+17	1.00e+00	5.34e-22	0.00e+00
 3.84868e+17	1.00e+00	5.26e-22	0.00e+00
 3.87256e+17	1.00e+00	5.18e-22	0.00e+00
 3.89508e+17	1.00e+00	5.11e-22	0.00e+00
 3.91632e+17	1.00e+00	5.06e-22	0.00e+00
 3.93638e+17	1.00e+00	5.00e-22	0.00e+00
 3.95532e+17	1.00e+00	4.94e-22	0.00e+00
 3.97323e+17	1.00e+00	4.90e-22	0.00e+00
 3.99015e+17	1.00e+00	4.86e-22	0.00e+00
 4.00617e+17	1.00e+00	4.82e-22	0.00e+00
 4.02134e+17	1.00e+00	4.79e-22	0.00e+00
 4.03571e+17	1.00e+00	4.78e-22	0.00e+00
 4.04934e+17	1.00e+00	4.76e-22	0.00e+00
 4.06226e+17	1.00e+00	4.77e-22	0.00e+00
 4.07452e+17	1.00e+00	4.78e-22	0.00e+00
 4.08616e+17	1.00e+00	4.81e-22	0.00e+00
 4.09723e+17	1.00e+00	4.86e-22	0.00e+00
 4.10774e+17	1.00e+00	4.92e-22	0.00e+00
 4.11775e+17	1.00e+00	5.01e-22	0.00e+00
 4.12727e+17	1.00e+00	5.12e-22	0.00e+00
 4.13635e+17	1.00e+00	5.25e-22	0.00e+00
 4.14499e+17	1.00e+00	5.41e-22	0.00e+00
 4.15324e+17	1.00e+00	5.59e-22	0.00e+00
 4.16112e+17	1.00e+00	5.80e-22	0.00e+00
 4.16865e+17	1.00e+00	6.03e-22	0.00e+00
 4.17584e+17	1.00e+00	6.29e-22	0.00e+00
 4.18274e+17	1.00e+00	6.56e-22	0.00e+00
 4.18934e+17	1.00e+00	6.86e-22	0.00e+00
 4.19568e+17	1.00e+00	7.16e-22	0.00e+00
 4.20177e+17	1.00e+00	7.49e-22	0.00e+00
 4.20762e+17	1.00e+00	7.82e-22	0.00e+00
 4.21327e+17	1.00e+00	8.16e-22	0.00e+00
 4.21872e+17	1.00e+00	8.50e-22	0.00e+00
 4.22398e+17	1.00e+00	8.83e-22	0.00e+00
 4.22909e+17	1.00e+00	9.16e-22	0.00e+00
 4.23404e+17	1.00e+00	9.48e-22	0.00e+00
 4.23887e+17	1.00e+00	9.78e-22	0.00e+00
 4.24358e+17	1.00e+00	1.01e-21	0.00e+00
 4.24819e+17	1.00e+00	1.03e-21	0.00e+00
 4.25271e+17	1.00e+00	1.05e-21	0.00e+00
 4.25718e+17	1.00e+00	1.07e-21	0.00e+00
 4.26160e+17	1.00e+00	1.09e-21	0.00e+00
 4.26599e+17	1.00e+00	1.09e-21	0.00e+00
 4.27038e+17	1.00e+00	1.10e-21	0.00e+00
 4.27480e+17	1.00e+00	1.09e-21	0.00e+00
 4.27927e+17	1.00e+00	1.08e-21	0.00e+00
 4.28382e+17	1.00e+00	1.07e-21	0.00e+00
 4.28849e+17	1.00e+00	1.04e-21	0.00e+00
 4.29334e+17	1.00e+00	1.00e-21	0.00e+00
 4.29842e+17	1.00e+00	9.55e-22	0.00e+00
 4.30381e+17	1.00e+00	8.97e-22	0.00e+00
 4.30958e+17	1.00e+00	8.31e-22	0.00e+00
 4.31588e+17	1.00e+00	7.55e-22	0.00e+00
 4.32286e+17	1.00e+00	6.75e-22	0.00e+00
 4.33075e+17	1.00e+00	5.93e-22	0.00e+00
 4.33985e+17	1.00e+00	5.19e-22	0.00e+00
 4.35060e+17	1.00e+00	4.59e-22	0.00e+00
 4.36366e+17	1.00e+00	4.19e-22	0.00e+00
 4.37998e+17	1.00e+00	3.96e-22	0.00e+00
 4.40095e+17	1.00e+00	3.86e-22	0.00e+00
 4.42820e+17	1.00e+00	3.77e-22	0.00e+00
 4.46363e+17	1.00e+00	3.68e-22	0.00e+00
 4.50969e+17	1.00e+00	3.57e-22	0.00e+00
 4.56956e+17	1.00e+00	3.42e-22	0.00e+00
 4.64740e+17	1.00e+00	3.25e-22	0.00e+00
 4.74859e+17	1.00e+00	3.04e-22	0.00e+00
 4.88014e+17	1.00e+00	2.80e-22	0.00e+00
 5.05115e+17	1.00e+00	2.54e-22	0.00e+00
 5.25077e+17	1.00e+00	2.27e-22	0.00e+00
 5.44775e+17	1.00e+00	2.06e-22	0.00e+00
 5.62799e+17	1.00e+00	1.91e-22	0.00e+00
 5.79876e+17	1.00e+00	1.78e-22	0.00e+00
 5.95773e+17	1.00e+00	1.67e-22	0.00e+00
 6.09671e+17	1.00e+00	1.58e-22	0.00e+00
 6.22092e+17	1.00e+00	1.51e-22	0.00e+00
 6.33583e+17	1.00e+00	1.45e-22	0.00e+00
 6.44166e+17	1.00e+00	1.40e-22	0.00e+00
 6.53722e+17	1.00e+00	1.35e-22	0.00e+00
 6.62197e+17	1.00e+00	1.31e-22	0.00e+00
 6.69685e+17	1.00e+00	1.28e-22	0.00e+00
 6.76169e+17	1.00e+00	1.25e-22	0.00e+00
 6.81232e+17	1.00e+00	1.23e-22	0.00e+00
 6.84551e+17	1.00e+00	1.22e-22	0.00e+00
 6.86515e+17	1.00e+00	1.22e-22	0.00e+00
 6.87694e+17	1.00e+00	1.27e-22	0.00e+00
 6.88401e+17	1.00e+00	2.15e-22	0.00e+00
 6.88875e+17	1.00e+00	5.55e-22	0.00e+00
 6.89301e+17	1.00e+00	8.13e-22	0.00e+00
 6.89745e+17	1.00e+00	7.88e-22	0.00e+00
 6.90168e+17	1.00e+00	7.42e-22	0.00e+00
 6.90555e+17	1.00e+00	8.95e-22	0.00e+00
 6.90928e+17	1.00e+00	9.33e-22	0.00e+00
 6.91283e+17	1.00e+00	9.97e-22	0.00e+00
 6.91610e+17	1.00e+00	1.05e-21	0.00e+00
 6.91920e+17	1.00e+00	1.18e-21	0.00e+00
 6.92210e+17	1.00e+00	1.19e-21	0.00e+00
 6.92479e+17	1.00e+00	1.34e-21	0.00e+00
 6.92738e+17	1.00e+00	1.36e-21	0.00e+00
 6.92990e+17	1.00e+00	1.45e-21	0.00e+00
 6.93228e+17	1.00e+00	1.44e-21	0.00e+00
 6.93442e+17	1.00e+00	1.56e-21	0.00e+00
 6.93654e+17	1.00e+00	1.65e-21	0.00e+00
 6.93866e+17	1.00e+00	1.63e-21	0.00e+00
 6.94062e+17	1.00e+00	1.67e-21	0.00e+00
 6.94243e+17	1.00e+00	1.76e-21	0.00e+00
 6.94421e+17	1.00e+00	1.82e-21	0.00e+00
 6.94607e+17	1.00e+00	1.84e-21	0.00e+00
 6.94785e+17	1.00e+00	1.77e-21	0.00e+00
 6.94944e+17	1.00e+00	1.91e-21	0.00e+00
 6.95103e+17	1.00e+00	1.96e-21	0.00e+00
 6.95265e+17	1.00e+00	1.97e-21	0.00e+00
 6.95427e+17	1.00e+00	1.94e-21	0.00e+00
 6.95582e+17	1.00e+00	1.98e-21	0.00e+00
 6.95734e+17	1.00e+00	2.02e-21	0.00e+00
 6.95885e+17	1.00e+00	2.06e-21	0.00e+00
 6.96035e+17	1.00e+00	2.04e-21	0.00e+00
 6.96184e+17	1.00e+00	2.07e-21	0.00e+00
 6.96328e+17	1.00e+00	2.07e-21	0.00e+00
 6.96481e+17	1.00e+00	2.19e-21	0.00e+00
 6.96635e+17	1.00e+00	1.97e-21	0.00e+00
 6.96780e+17	1.00e+00	2.10e-21	0.00e+00
 6.96929e+17	1.00e+00	2.09e-21	0.00e+00
 6.97083e+17	1.00e+00	2.05e-21	0.00e+00
 6.97240e+17	1.00e+00	1.99e-21	0.00e+00
 6.97396e+17	1.00e+00	1.98e-21	0.00e+00
 6.97548e+17	1.00e+00	1.98e-21	0.00e+00
 6.97710e+17	1.00e+00	2.04e-21	0.00e+00
 6.97882e+17	1.00e+00	1.87e-21	0.00e+00
 6.98046e+17	1.00e+00	1.88e-21	0.00e+00
 6.98208e+17	1.00e+00	1.91e-21	0.00e+00
 6.98382e+17	1.00e+00	1.91e-21	0.00e+00
 6.98564e+17	1.00e+00	1.79e-21	0.00e+00
 6.98739e+17	1.00e+00	1.80e-21	0.00e+00
 6.98912e+17	1.00e+00	1.81e-21	0.00e+00
 6.99100e+17	1.00e+00	1.83e-21	0.00e+00
 6.99302e+17	1.00e+00	1.68e-21	0.00e+00
 6.99499e+17	1.00e+00	1.66e-21	0.00e+00
 6.99688e+17	1.00e+00	1.68e-21	0.00e+00
 6.99893e+17	1.00e+00	1.70e-21	0.00e+00
 7.00112e+17	1.00e+00	1.57e-21	0.00e+00
 7.00327e+17	1.00e+00	1.55e-21	0.00e+00
 7.00542e+17	1.00e+00	1.56e-21	0.00e+00
 7.00771e+17	1.00e+00	1.54e-21	0.00e+00
 7.01005e+17	1.00e+00	1.44e-21	0.00e+00
 7.01237e+17	1.00e+00	1.47e-21	0.00e+00
 7.01481e+17	1.00e+00	1.43e-21	0.00e+00
 7.01734e+17	1.00e+00	1.38e-21	0.00e+00
 7.01990e+17	1.00e+00	1.33e-21	0.00e+00
 7.02247e+17	1.00e+00	1.33e-21	0.00e+00
 7.02506e+17	1.00e+00	1.31e-21	0.00e+00
 7.02778e+17	1.00e+00	1.29e-21	0.00e+00
 7.03063e+17	1.00e+00	1.21e-21	0.00e+00
 7.03350e+17	1.00e+00	1.18e-21	0.00e+00
 7.03636e+17	1.00e+00	1.16e-21	0.00e+00
 7.03932e+17	1.00e+00	1.16e-21	0.00e+00
 7.04240e+17	1.00e+00	1.09e-21	0.00e+00
 7.04558e+17	1.00e+00	1.06e-21	0.00e+00
 7.04879e+17	1.00e+00	1.01e-21	0.00e+00
 7.05200e+17	1.00e+00	1.02e-21	0.00e+00
 7.05531e+17	1.00e+00	9.86e-22	0.00e+00
 7.05883e+17	1.00e+00	9.49e-22	0.00e+00
 7.06245e+17	1.00e+00	8.47e-22	0.00e+00
 7.06598e+17	1.00e+00	8.66e-22	0.00e+00
 7.06956e+17	1.00e+00	8.69e-22	0.00e+00
 7.07332e+17	1.00e+00	8.35e-22	0.00e+00
 7.07720e+17	1.00e+00	7.58e-22	0.00e+00
 7.08107e+17	1.00e+00	7.57e-22	0.00e+00
 7.08499e+17	1.00e+00	7.36e-22	0.00e+00
 7.08901e+17	1.00e+00	7.25e-22	0.00e+00
 7.09317e+17	1.00e+00	6.73e-22	0.00e+00
 7.09739e+17	1.00e+00	6.49e-22	0.00e+00
 7.10168e+17	1.00e+00	6.25e-22	0.00e+00
 7.10605e+17	1.00e+00	6.03e-22	0.00e+00
 7.11048e+17	1.00e+00	5.81e-22	0.00e+00
 7.11499e+17	1.00e+00	5.60e-22	0.00e+00
 7.11954e+17	1.00e+00	5.39e-22	0.00e+00
 7.12427e+17	1.00e+00	5.27e-22	0.00e+00
 7.12911e+17	1.00e+00	4.68e-22	0.00e+00
 7.13401e+17	1.00e+00	4.70e-22	0.00e+00
 7.13897e+17	1.00e+00	4.37e-22	0.00e+00
 7.14392e+17	1.00e+00	4.36e-22	0.00e+00
 7.14889e+17	1.00e+00	4.27e-22	0.00e+00
 7.15424e+17	1.00e+00	4.19e-22	0.00e+00
 7.15980e+17	1.00e+00	3.19e-22	0.00e+00
 7.16537e+17	1.00e+00	3.50e-22	0.00e+00
 7.17093e+17	1.00e+00	3.04e-22	0.00e+00
 7.17663e+17	1.00e+00	3.39e-22	0.00e+00
 7.18266e+17	1.00e+00	2.70e-22	0.00e+00
 7.18883e+17	1.00e+00	2.62e-22	0.00e+00
 7.19523e+17	1.00e+00	2.36e-22	0.00e+00
 7.20164e+17	1.00e+00	2.19e-22	0.00e+00
 7.20765e+17	1.00e+00	2.26e-22	0.00e+00
 7.21304e+17	1.00e+00	2.74e-22	0.00e+00
 7.21796e+17	1.00e+00	3.33e-22	0.00e+00
 7.22261e+17	1.00e+00	3.75e-22	0.00e+00
 7.22708e+17	1.00e+00	3.98e-22	0.00e+00
 7.23137e+17	1.00e+00	4.19e-22	0.00e+00
 7.23546e+17	1.00e+00	4.47e-22	0.00e+00
 7.23936e+17	1.00e+00	4.78e-22	0.00e+00
 7.24310e+17	1.00e+00	5.06e-22	0.00e+00
 7.24669e+17	1.00e+00	5.32e-22	0.00e+00
 7.25014e+17	1.00e+00	5.57e-22	0.00e+00
 7.25346e+17	1.00e+00	5.84e-22	0.00e+00
 7.25664e+17	1.00e+00	6.09e-22	0.00e+00
 7.25969e+17	1.00e+00	6.35e-22	0.00e+00
 7.26261e+17	1.00e+00	6.63e-22	0.00e+00
 7.26543e+17	1.00e+00	6.88e-22	0.00e+00
 7.26813e+17	1.00e+00	7.12e-22	0.00e+00
 7.27073e+17	1.00e+00	7.38e-22	0.00e+00
 7.27324e+17	1.00e+00	7.60e-22	0.00e+00
 7.27565e+17	1.00e+00	7.81e-22	0.00e+00
 7.27797e+17	1.00e+00	8.03e-22	0.00e+00
 7.28020e+17	1.00e+00	8.27e-22	0.00e+00
 7.28238e+17	1.00e+00	8.48e-22	0.00e+00
 7.28451e+17	1.00e+00	8.62e-22	0.00e+00
 7.28658e+17	1.00e+00	8.70e-22	0.00e+00
 7.28856e+17	1.00e+00	8.89e-22	0.00e+00
 7.29049e+17	1.00e+00	9.09e-22	0.00e+00
 7.29237e+17	1.00e+00	9.24e-22	0.00e+00
 7.29420e+17	1.00e+00	9.35e-22	0.00e+00
 7.29600e+17	1.00e+00	9.45e-22	0.00e+00
 7.29777e+17	1.00e+00	9.54e-22	0.00e+00
 7.29950e+17	1.00e+00	9.63e-22	0.00e+00
 7.30119e+17	1.00e+00	9.72e-22	0.00e+00
 7.30312e+17	1.00e+00	9.79e-22	0.00e+00
 7.30563e+17	1.00e+00	8.67e-22	0.00e+00
 7.30889e+17	1.00e+00	6.89e-22	0.00e+00
 7.31313e+17	1.00e+00	4.99e-22	0.00e+00
 7.31864e+17	1.00e+00	3.25e-22	0.00e+00
 7.32541e+17	1.00e+00	1.91e-22	0.00e+00
 7.33252e+17	1.00e+00	1.32e-22	0.00e+00
 7.33900e+17	1.00e+00	1.48e-22	0.00e+00
 7.34480e+17	1.00e+00	1.94e-22	0.00e+00
 7.35030e+17	1.00e+00	2.29e-22	0.00e+00
 7.35584e+17	1.00e+00	2.36e-22	0.00e+00
