#depth	N	N+	N+2	N+3	N+4	N+5	N+6	N+7
 1.49634e+10	0.00e+00	0.00e+00	1.84e-27	3.16e-18	9.81e-10	9.60e-01	3.96e-02	0.00e+00
 4.54887e+10	0.00e+00	2.66e-37	2.34e-27	3.72e-18	1.07e-09	9.63e-01	3.65e-02	5.57e-07
 7.72350e+10	0.00e+00	0.00e+00	2.98e-27	4.38e-18	1.16e-09	9.66e-01	3.37e-02	0.00e+00
 1.10251e+11	0.00e+00	5.06e-37	3.80e-27	5.15e-18	1.26e-09	9.69e-01	3.11e-02	0.00e+00
 1.42465e+11	0.00e+00	0.00e+00	4.78e-27	6.00e-18	1.36e-09	9.71e-01	2.88e-02	0.00e+00
 1.75967e+11	0.00e+00	9.27e-37	6.00e-27	7.00e-18	1.47e-09	9.73e-01	2.66e-02	0.00e+00
 2.12932e+11	0.00e+00	0.00e+00	7.66e-27	8.24e-18	1.60e-09	9.75e-01	2.45e-02	0.00e+00
 2.50156e+11	0.00e+00	1.75e-36	9.69e-27	9.65e-18	1.73e-09	9.77e-01	2.27e-02	0.00e+00
 2.88868e+11	4.91e-47	2.40e-36	1.23e-26	1.13e-17	1.88e-09	9.79e-01	2.09e-02	0.00e+00
 3.30349e+11	0.00e+00	0.00e+00	1.57e-26	1.33e-17	2.04e-09	9.81e-01	1.93e-02	0.00e+00
 3.73490e+11	0.00e+00	4.58e-36	2.00e-26	1.57e-17	2.21e-09	9.82e-01	1.77e-02	0.00e+00
 4.18356e+11	1.65e-46	6.33e-36	2.55e-26	1.85e-17	2.41e-09	9.84e-01	1.63e-02	0.00e+00
 4.65017e+11	0.00e+00	0.00e+00	3.26e-26	2.18e-17	2.61e-09	9.85e-01	1.50e-02	0.00e+00
 5.13545e+11	0.00e+00	1.21e-35	4.16e-26	2.57e-17	2.84e-09	9.86e-01	1.38e-02	0.00e+00
 5.64013e+11	5.58e-46	1.68e-35	5.32e-26	3.03e-17	3.09e-09	9.87e-01	1.27e-02	0.00e+00
 6.16501e+11	0.00e+00	0.00e+00	6.81e-26	3.58e-17	3.36e-09	9.88e-01	1.17e-02	0.00e+00
 6.71088e+11	0.00e+00	3.23e-35	8.71e-26	4.22e-17	3.65e-09	9.89e-01	1.07e-02	0.00e+00
 7.22553e+11	1.83e-45	4.35e-35	1.09e-25	4.91e-17	3.94e-09	9.90e-01	9.93e-03	0.00e+00
 7.68791e+11	0.00e+00	0.00e+00	1.32e-25	5.59e-17	4.21e-09	9.91e-01	9.29e-03	0.00e+00
 8.20776e+11	0.00e+00	7.47e-35	1.64e-25	6.46e-17	4.53e-09	9.91e-01	8.64e-03	0.00e+00
 8.82126e+11	5.38e-45	1.03e-34	2.09e-25	7.61e-17	4.92e-09	9.92e-01	7.95e-03	0.00e+00
 9.43384e+11	0.00e+00	0.00e+00	2.64e-25	8.91e-17	5.32e-09	9.93e-01	7.33e-03	0.00e+00
 1.00119e+12	0.00e+00	1.87e-34	3.27e-25	1.03e-16	5.72e-09	9.93e-01	6.82e-03	0.00e+00
 1.06526e+12	1.65e-44	2.53e-34	4.12e-25	1.20e-16	6.19e-09	9.94e-01	6.30e-03	0.00e+00
 1.13779e+12	0.00e+00	3.53e-34	5.29e-25	1.42e-16	6.74e-09	9.94e-01	5.78e-03	0.00e+00
 1.21043e+12	3.73e-44	4.87e-34	6.75e-25	1.68e-16	7.33e-09	9.95e-01	5.32e-03	0.00e+00
 1.28597e+12	0.00e+00	6.71e-34	8.60e-25	1.97e-16	7.96e-09	9.95e-01	4.90e-03	0.00e+00
 1.36733e+12	8.46e-44	9.38e-34	1.11e-24	2.34e-16	8.68e-09	9.96e-01	4.49e-03	0.00e+00
 1.44369e+12	0.00e+00	1.27e-33	1.39e-24	2.74e-16	9.39e-09	9.96e-01	4.15e-03	0.00e+00
 1.51192e+12	1.71e-43	1.65e-33	1.70e-24	3.13e-16	1.01e-08	9.96e-01	3.88e-03	0.00e+00
 1.58862e+12	0.00e+00	2.20e-33	2.11e-24	3.63e-16	1.08e-08	9.96e-01	3.60e-03	0.00e+00
 1.67957e+12	3.69e-43	3.05e-33	2.71e-24	4.30e-16	1.18e-08	9.97e-01	3.30e-03	0.00e+00
 1.77054e+12	0.00e+00	4.19e-33	3.45e-24	5.06e-16	1.28e-08	9.97e-01	3.04e-03	0.00e+00
 1.85554e+12	7.83e-43	5.59e-33	4.29e-24	5.87e-16	1.38e-08	9.97e-01	2.82e-03	0.00e+00
 1.95009e+12	0.00e+00	7.59e-33	5.41e-24	6.87e-16	1.50e-08	9.97e-01	2.60e-03	0.00e+00
 2.05802e+12	1.75e-42	1.07e-32	7.02e-24	8.21e-16	1.64e-08	9.98e-01	2.38e-03	0.00e+00
 2.16392e+12	0.00e+00	1.48e-32	8.97e-24	9.70e-16	1.79e-08	9.98e-01	2.19e-03	0.00e+00
 2.27407e+12	3.91e-42	2.04e-32	1.15e-23	1.15e-15	1.95e-08	9.98e-01	2.01e-03	0.00e+00
 2.39496e+12	0.00e+00	2.87e-32	1.49e-23	1.37e-15	2.13e-08	9.98e-01	1.83e-03	0.00e+00
 2.51647e+12	9.03e-42	3.99e-32	1.92e-23	1.63e-15	2.33e-08	9.98e-01	1.68e-03	0.00e+00
 2.64284e+12	0.00e+00	5.56e-32	2.47e-23	1.94e-15	2.55e-08	9.98e-01	1.54e-03	0.00e+00
 2.77848e+12	2.09e-41	7.84e-32	3.21e-23	2.33e-15	2.79e-08	9.99e-01	1.40e-03	0.00e+00
 2.91294e+12	0.00e+00	1.09e-31	4.13e-23	2.77e-15	3.06e-08	9.99e-01	1.28e-03	0.00e+00
 3.05277e+12	4.69e-41	1.51e-31	5.31e-23	3.30e-15	3.34e-08	9.99e-01	1.17e-03	0.00e+00
 3.20481e+12	0.00e+00	2.13e-31	6.92e-23	3.96e-15	3.67e-08	9.99e-01	1.07e-03	0.00e+00
 3.36293e+12	1.10e-40	2.99e-31	9.01e-23	4.75e-15	4.04e-08	9.99e-01	9.75e-04	0.00e+00
 3.52737e+12	0.00e+00	4.22e-31	1.17e-22	5.71e-15	4.44e-08	9.99e-01	8.87e-04	0.00e+00
 3.69840e+12	2.55e-40	5.93e-31	1.53e-22	6.87e-15	4.89e-08	9.99e-01	8.07e-04	0.00e+00
 3.87626e+12	0.00e+00	8.34e-31	1.99e-22	8.26e-15	5.38e-08	9.99e-01	7.34e-04	0.00e+00
 4.03743e+12	5.58e-40	1.12e-30	2.50e-22	9.72e-15	5.86e-08	9.99e-01	6.76e-04	0.00e+00
 4.17223e+12	0.00e+00	1.42e-30	3.02e-22	1.11e-14	6.27e-08	9.99e-01	6.31e-04	0.00e+00
 4.32013e+12	1.02e-39	1.84e-30	3.68e-22	1.27e-14	6.75e-08	9.99e-01	5.88e-04	0.00e+00
 4.50676e+12	0.00e+00	2.51e-30	4.68e-22	1.51e-14	7.39e-08	9.99e-01	5.38e-04	0.00e+00
 4.70109e+12	2.19e-39	3.42e-30	5.97e-22	1.80e-14	8.09e-08	1.00e+00	4.92e-04	0.00e+00
 4.86753e+12	0.00e+00	4.41e-30	7.29e-22	2.07e-14	8.72e-08	1.00e+00	4.57e-04	0.00e+00
 5.04038e+12	4.09e-39	5.69e-30	8.91e-22	2.39e-14	9.40e-08	1.00e+00	4.24e-04	0.00e+00
 5.25581e+12	0.00e+00	7.74e-30	1.13e-21	2.84e-14	1.03e-07	1.00e+00	3.88e-04	0.00e+00
 5.47406e+12	8.54e-39	1.04e-29	1.43e-21	3.36e-14	1.13e-07	1.00e+00	3.55e-04	0.00e+00
 5.66408e+12	0.00e+00	1.34e-29	1.74e-21	3.87e-14	1.21e-07	1.00e+00	3.30e-04	0.00e+00
 5.86989e+12	1.59e-38	1.73e-29	2.14e-21	4.48e-14	1.31e-07	1.00e+00	3.06e-04	0.00e+00
 6.12090e+12	0.00e+00	2.35e-29	2.72e-21	5.33e-14	1.44e-07	1.00e+00	2.79e-04	0.00e+00
 6.37653e+12	3.29e-38	3.17e-29	3.45e-21	6.31e-14	1.58e-07	1.00e+00	2.55e-04	0.00e+00
 6.61069e+12	0.00e+00	4.11e-29	4.24e-21	7.33e-14	1.71e-07	1.00e+00	2.36e-04	0.00e+00
 6.87106e+12	6.34e-38	5.44e-29	5.29e-21	8.60e-14	1.86e-07	1.00e+00	2.17e-04	0.00e+00
 7.17356e+12	0.00e+00	7.42e-29	6.76e-21	1.03e-13	2.05e-07	1.00e+00	1.98e-04	0.00e+00
 7.47248e+12	1.32e-37	9.96e-29	8.54e-21	1.22e-13	2.24e-07	1.00e+00	1.81e-04	0.00e+00
 7.75842e+12	0.00e+00	1.30e-28	1.06e-20	1.42e-13	2.44e-07	1.00e+00	1.67e-04	0.00e+00
 8.07373e+12	2.58e-37	1.74e-28	1.33e-20	1.67e-13	2.66e-07	1.00e+00	1.53e-04	0.00e+00
 8.42661e+12	0.00e+00	2.36e-28	1.69e-20	1.99e-13	2.92e-07	1.00e+00	1.39e-04	0.00e+00
 8.78173e+12	5.35e-37	3.17e-28	2.14e-20	2.36e-13	3.20e-07	1.00e+00	1.27e-04	0.00e+00
 9.10057e+12	0.00e+00	4.09e-28	2.61e-20	2.73e-13	3.46e-07	1.00e+00	1.18e-04	0.00e+00
 9.37098e+12	9.39e-37	5.04e-28	3.08e-20	3.08e-13	3.69e-07	1.00e+00	1.11e-04	0.00e+00
 9.66260e+12	0.00e+00	6.27e-28	3.67e-20	3.49e-13	3.95e-07	1.00e+00	1.04e-04	0.00e+00
 1.00389e+13	1.70e-36	8.24e-28	4.55e-20	4.07e-13	4.29e-07	1.00e+00	9.54e-05	0.00e+00
 1.04313e+13	0.00e+00	1.08e-27	5.65e-20	4.76e-13	4.67e-07	1.00e+00	8.79e-05	0.00e+00
 1.07686e+13	3.13e-36	1.36e-27	6.76e-20	5.42e-13	5.00e-07	1.00e+00	8.21e-05	0.00e+00
 1.11286e+13	0.00e+00	1.72e-27	8.14e-20	6.19e-13	5.37e-07	1.00e+00	7.65e-05	0.00e+00
 1.15737e+13	5.86e-36	2.28e-27	1.02e-19	7.25e-13	5.85e-07	1.00e+00	7.03e-05	0.00e+00
 1.20301e+13	0.00e+00	3.01e-27	1.26e-19	8.48e-13	6.36e-07	1.00e+00	6.47e-05	0.00e+00
 1.24425e+13	1.10e-35	3.83e-27	1.53e-19	9.72e-13	6.84e-07	1.00e+00	6.02e-05	0.00e+00
 1.28968e+13	0.00e+00	4.95e-27	1.87e-19	1.12e-12	7.39e-07	1.00e+00	5.58e-05	0.00e+00
 1.33922e+13	2.09e-35	6.49e-27	2.31e-19	1.31e-12	8.01e-07	1.00e+00	5.15e-05	0.00e+00
 1.38412e+13	0.00e+00	8.22e-27	2.79e-19	1.49e-12	8.61e-07	1.00e+00	4.80e-05	0.00e+00
 1.43252e+13	3.77e-35	1.05e-26	3.39e-19	1.71e-12	9.26e-07	1.00e+00	4.46e-05	0.00e+00
 1.48695e+13	0.00e+00	1.38e-26	4.18e-19	1.99e-12	1.00e-06	1.00e+00	4.13e-05	0.00e+00
 1.53865e+13	7.07e-35	1.76e-26	5.07e-19	2.29e-12	1.08e-06	1.00e+00	3.84e-05	0.00e+00
 1.59528e+13	0.00e+00	2.29e-26	6.23e-19	2.64e-12	1.17e-06	1.00e+00	3.56e-05	0.00e+00
 1.65793e+13	1.37e-34	3.03e-26	7.75e-19	3.08e-12	1.27e-06	1.00e+00	3.28e-05	0.00e+00
 1.71614e+13	0.00e+00	3.89e-26	9.42e-19	3.54e-12	1.36e-06	1.00e+00	3.05e-05	0.00e+00
 1.77952e+13	2.56e-34	5.07e-26	1.16e-18	4.09e-12	1.47e-06	1.00e+00	2.82e-05	0.00e+00
 1.85057e+13	3.62e-34	6.73e-26	1.45e-18	4.79e-12	1.60e-06	1.00e+00	2.60e-05	0.00e+00
 1.91791e+13	5.00e-34	8.74e-26	1.77e-18	5.53e-12	1.72e-06	1.00e+00	2.41e-05	0.00e+00
 1.99052e+13	6.97e-34	1.15e-25	2.19e-18	6.41e-12	1.87e-06	1.00e+00	2.23e-05	0.00e+00
 2.07134e+13	9.94e-34	1.53e-25	2.75e-18	7.52e-12	2.03e-06	1.00e+00	2.05e-05	0.00e+00
 2.14944e+13	1.39e-33	2.02e-25	3.39e-18	8.72e-12	2.19e-06	1.00e+00	1.90e-05	0.00e+00
 2.23245e+13	1.96e-33	2.66e-25	4.21e-18	1.01e-11	2.38e-06	1.00e+00	1.76e-05	0.00e+00
 2.32474e+13	2.82e-33	3.59e-25	5.31e-18	1.19e-11	2.59e-06	1.00e+00	1.61e-05	0.00e+00
 2.41756e+13	4.02e-33	4.80e-25	6.65e-18	1.39e-11	2.81e-06	1.00e+00	1.49e-05	0.00e+00
 2.51409e+13	5.75e-33	6.42e-25	8.32e-18	1.63e-11	3.05e-06	1.00e+00	1.37e-05	0.00e+00
 2.61764e+13	8.31e-33	8.66e-25	1.05e-17	1.91e-11	3.32e-06	1.00e+00	1.26e-05	0.00e+00
 2.72534e+13	1.20e-32	1.17e-24	1.32e-17	2.25e-11	3.60e-06	1.00e+00	1.16e-05	0.00e+00
 2.82805e+13	1.69e-32	1.54e-24	1.64e-17	2.60e-11	3.89e-06	1.00e+00	1.08e-05	0.00e+00
 2.92191e+13	2.29e-32	1.97e-24	1.98e-17	2.96e-11	4.17e-06	1.00e+00	1.01e-05	0.00e+00
 3.01045e+13	3.01e-32	2.46e-24	2.35e-17	3.34e-11	4.43e-06	1.00e+00	9.46e-06	0.00e+00
 3.10816e+13	4.06e-32	3.14e-24	2.83e-17	3.79e-11	4.73e-06	1.00e+00	8.86e-06	0.00e+00
 3.21772e+13	5.59e-32	4.07e-24	3.45e-17	4.35e-11	5.08e-06	1.00e+00	8.25e-06	0.00e+00
 3.32139e+13	7.54e-32	5.18e-24	4.15e-17	4.93e-11	5.42e-06	1.00e+00	7.74e-06	0.00e+00
 3.43488e+13	1.03e-31	6.69e-24	5.05e-17	5.64e-11	5.81e-06	1.00e+00	7.22e-06	0.00e+00
 3.56216e+13	1.45e-31	8.81e-24	6.23e-17	6.51e-11	6.26e-06	1.00e+00	6.71e-06	0.00e+00
 3.68021e+13	1.98e-31	1.13e-23	7.54e-17	7.41e-11	6.69e-06	1.00e+00	6.28e-06	0.00e+00
 3.78979e+13	2.61e-31	1.41e-23	8.94e-17	8.33e-11	7.10e-06	1.00e+00	5.91e-06	0.00e+00
 3.91550e+13	3.56e-31	1.82e-23	1.08e-16	9.48e-11	7.59e-06	1.00e+00	5.54e-06	0.00e+00
 4.06778e+13	5.11e-31	2.43e-23	1.35e-16	1.10e-10	8.20e-06	1.00e+00	5.12e-06	0.00e+00
 4.21783e+13	7.23e-31	3.22e-23	1.67e-16	1.27e-10	8.82e-06	1.00e+00	4.76e-06	0.00e+00
 4.34932e+13	9.71e-31	4.08e-23	2.00e-16	1.44e-10	9.38e-06	1.00e+00	4.48e-06	0.00e+00
 4.49348e+13	1.33e-30	5.25e-23	2.42e-16	1.64e-10	1.00e-05	1.00e+00	4.19e-06	0.00e+00
 4.66795e+13	1.91e-30	7.04e-23	3.03e-16	1.90e-10	1.08e-05	1.00e+00	3.88e-06	0.00e+00
 4.84294e+13	2.73e-30	9.37e-23	3.76e-16	2.20e-10	1.17e-05	1.00e+00	3.61e-06	0.00e+00
 5.00120e+13	3.73e-30	1.20e-22	4.54e-16	2.50e-10	1.24e-05	1.00e+00	3.38e-06	0.00e+00
 5.17664e+13	5.21e-30	1.57e-22	5.56e-16	2.87e-10	1.33e-05	1.00e+00	3.16e-06	0.00e+00
 5.38282e+13	7.60e-30	2.13e-22	7.00e-16	3.35e-10	1.44e-05	1.00e+00	2.92e-06	0.00e+00
 5.58639e+13	1.09e-29	2.85e-22	8.71e-16	3.88e-10	1.55e-05	1.00e+00	2.71e-06	0.00e+00
 5.77692e+13	1.51e-29	3.71e-22	1.06e-15	4.43e-10	1.66e-05	1.00e+00	2.54e-06	0.00e+00
 5.98981e+13	2.16e-29	4.92e-22	1.31e-15	5.11e-10	1.78e-05	1.00e+00	2.36e-06	0.00e+00
 6.23240e+13	3.17e-29	6.71e-22	1.66e-15	5.98e-10	1.93e-05	1.00e+00	2.18e-06	0.00e+00
 6.47343e+13	4.60e-29	9.04e-22	2.08e-15	6.95e-10	2.08e-05	1.00e+00	2.02e-06	0.00e+00
 6.72410e+13	6.67e-29	1.22e-21	2.60e-15	8.08e-10	2.25e-05	1.00e+00	1.87e-06	0.00e+00
 6.99606e+13	9.83e-29	1.66e-21	3.29e-15	9.46e-10	2.43e-05	1.00e+00	1.73e-06	0.00e+00
 7.27890e+13	1.45e-28	2.27e-21	4.16e-15	1.11e-09	2.63e-05	1.00e+00	1.60e-06	0.00e+00
 7.55290e+13	2.08e-28	3.03e-21	5.18e-15	1.28e-09	2.84e-05	1.00e+00	1.48e-06	0.00e+00
 7.81075e+13	2.89e-28	3.95e-21	6.31e-15	1.46e-09	3.03e-05	1.00e+00	1.39e-06	0.00e+00
 8.09906e+13	4.11e-28	5.24e-21	7.83e-15	1.69e-09	3.26e-05	1.00e+00	1.29e-06	0.00e+00
 8.38955e+13	5.80e-28	6.91e-21	9.64e-15	1.95e-09	3.50e-05	1.00e+00	1.20e-06	0.00e+00
 8.63091e+13	7.66e-28	8.63e-21	1.14e-14	2.18e-09	3.71e-05	1.00e+00	1.14e-06	0.00e+00
 8.88655e+13	1.02e-27	1.09e-20	1.36e-14	2.45e-09	3.93e-05	1.00e+00	1.07e-06	0.00e+00
 9.21316e+13	1.44e-27	1.44e-20	1.68e-14	2.83e-09	4.23e-05	1.00e+00	9.95e-07	0.00e+00
 9.55566e+13	2.06e-27	1.91e-20	2.08e-14	3.27e-09	4.55e-05	1.00e+00	0.00e+00	0.00e+00
 9.85866e+13	2.79e-27	2.44e-20	2.51e-14	3.70e-09	4.85e-05	1.00e+00	0.00e+00	0.00e+00
 1.01867e+14	3.84e-27	3.15e-20	3.04e-14	4.22e-09	5.18e-05	1.00e+00	0.00e+00	0.00e+00
 1.05810e+14	5.54e-27	4.24e-20	3.81e-14	4.91e-09	5.60e-05	1.00e+00	0.00e+00	0.00e+00
 1.09806e+14	7.93e-27	5.66e-20	4.74e-14	5.70e-09	6.04e-05	1.00e+00	0.00e+00	0.00e+00
 1.13551e+14	1.10e-26	7.35e-20	5.78e-14	6.51e-09	6.47e-05	1.00e+00	0.00e+00	0.00e+00
 1.17711e+14	1.55e-26	9.72e-20	7.15e-14	7.52e-09	6.96e-05	1.00e+00	0.00e+00	0.00e+00
 1.22120e+14	2.21e-26	1.29e-19	8.89e-14	8.72e-09	7.51e-05	1.00e+00	0.00e+00	0.00e+00
 1.26039e+14	3.00e-26	1.65e-19	1.07e-13	9.89e-09	8.01e-05	1.00e+00	0.00e+00	0.00e+00
 1.30257e+14	4.12e-26	2.14e-19	1.30e-13	1.13e-08	8.57e-05	1.00e+00	0.00e+00	0.00e+00
 1.35309e+14	5.93e-26	2.87e-19	1.63e-13	1.32e-08	9.27e-05	1.00e+00	0.00e+00	0.00e+00
 1.40280e+14	8.38e-26	3.79e-19	2.02e-13	1.52e-08	9.98e-05	1.00e+00	0.00e+00	0.00e+00
 1.44709e+14	1.13e-25	4.83e-19	2.42e-13	1.72e-08	1.06e-04	1.00e+00	0.00e+00	0.00e+00
 1.49599e+14	1.55e-25	6.25e-19	2.95e-13	1.97e-08	1.14e-04	1.00e+00	0.00e+00	0.00e+00
 1.55425e+14	2.24e-25	8.40e-19	3.70e-13	2.29e-08	1.23e-04	1.00e+00	0.00e+00	0.00e+00
 1.61207e+14	3.18e-25	1.11e-18	4.59e-13	2.66e-08	1.33e-04	1.00e+00	0.00e+00	0.00e+00
 1.66494e+14	4.34e-25	1.43e-18	5.55e-13	3.02e-08	1.42e-04	1.00e+00	0.00e+00	0.00e+00
 1.72402e+14	6.05e-25	1.87e-18	6.82e-13	3.48e-08	1.53e-04	1.00e+00	0.00e+00	0.00e+00
 1.79270e+14	8.79e-25	2.54e-18	8.60e-13	4.07e-08	1.66e-04	1.00e+00	0.00e+00	0.00e+00
 1.86015e+14	1.25e-24	3.38e-18	1.07e-12	4.72e-08	1.79e-04	1.00e+00	0.00e+00	0.00e+00
 1.92400e+14	1.73e-24	4.39e-18	1.31e-12	5.40e-08	1.91e-04	1.00e+00	0.00e+00	0.00e+00
 1.99497e+14	2.45e-24	5.81e-18	1.62e-12	6.25e-08	2.06e-04	1.00e+00	0.00e+00	0.00e+00
 2.07507e+14	3.58e-24	7.88e-18	2.04e-12	7.32e-08	2.24e-04	1.00e+00	0.00e+00	0.00e+00
 2.15109e+14	5.06e-24	1.04e-17	2.53e-12	8.46e-08	2.41e-04	1.00e+00	0.00e+00	0.00e+00
 2.22035e+14	6.87e-24	1.33e-17	3.05e-12	9.60e-08	2.57e-04	1.00e+00	0.00e+00	0.00e+00
 2.29875e+14	9.59e-24	1.75e-17	3.74e-12	1.10e-07	2.76e-04	1.00e+00	0.00e+00	0.00e+00
 2.39006e+14	1.40e-23	2.36e-17	4.71e-12	1.29e-07	2.99e-04	1.00e+00	0.00e+00	0.00e+00
 2.47765e+14	1.98e-23	3.13e-17	5.83e-12	1.49e-07	3.22e-04	1.00e+00	0.00e+00	0.00e+00
 2.55698e+14	2.68e-23	4.00e-17	7.03e-12	1.69e-07	3.43e-04	1.00e+00	0.00e+00	0.00e+00
 2.63172e+14	3.55e-23	5.01e-17	8.34e-12	1.90e-07	3.64e-04	1.00e+00	0.00e+00	0.00e+00
 2.71448e+14	4.78e-23	6.38e-17	1.00e-11	2.15e-07	3.88e-04	1.00e+00	0.00e+00	0.00e+00
 2.80700e+14	6.62e-23	8.29e-17	1.22e-11	2.46e-07	4.15e-04	1.00e+00	0.00e+00	0.00e+00
 2.89444e+14	8.92e-23	1.05e-16	1.47e-11	2.78e-07	4.42e-04	1.00e+00	0.00e+00	0.00e+00
 2.99036e+14	1.22e-22	1.36e-16	1.78e-11	3.16e-07	4.73e-04	1.00e+00	0.00e+00	0.00e+00
 3.09776e+14	1.72e-22	1.79e-16	2.19e-11	3.64e-07	5.08e-04	9.99e-01	0.00e+00	0.00e+00
 3.19908e+14	2.36e-22	2.30e-16	2.66e-11	4.14e-07	5.42e-04	9.99e-01	0.00e+00	0.00e+00
 3.30979e+14	3.28e-22	3.01e-16	3.25e-11	4.75e-07	5.81e-04	9.99e-01	0.00e+00	0.00e+00
 3.43220e+14	4.67e-22	4.00e-16	4.03e-11	5.49e-07	6.26e-04	9.99e-01	0.00e+00	0.00e+00
 3.54530e+14	6.39e-22	5.15e-16	4.89e-11	6.25e-07	6.68e-04	9.99e-01	0.00e+00	0.00e+00
 3.66781e+14	8.91e-22	6.72e-16	5.98e-11	7.16e-07	7.16e-04	9.99e-01	0.00e+00	0.00e+00
 3.80472e+14	1.27e-21	8.95e-16	7.43e-11	8.29e-07	7.72e-04	9.99e-01	0.00e+00	0.00e+00
 3.93330e+14	1.76e-21	1.16e-15	9.05e-11	9.47e-07	8.26e-04	9.99e-01	0.00e+00	0.00e+00
 4.07342e+14	2.46e-21	1.52e-15	1.11e-10	1.09e-06	8.87e-04	9.99e-01	0.00e+00	0.00e+00
 4.22929e+14	3.54e-21	2.04e-15	1.39e-10	1.27e-06	9.58e-04	9.99e-01	0.00e+00	0.00e+00
 4.37500e+14	4.90e-21	2.66e-15	1.70e-10	1.45e-06	1.03e-03	9.99e-01	0.00e+00	0.00e+00
 4.53306e+14	6.89e-21	3.50e-15	2.10e-10	1.67e-06	1.10e-03	9.99e-01	0.00e+00	0.00e+00
 4.70979e+14	9.96e-21	4.71e-15	2.63e-10	1.95e-06	1.19e-03	9.99e-01	0.00e+00	0.00e+00
 4.87776e+14	1.39e-20	6.18e-15	3.23e-10	2.24e-06	1.28e-03	9.99e-01	0.00e+00	0.00e+00
 5.05734e+14	1.96e-20	8.16e-15	4.00e-10	2.59e-06	1.38e-03	9.99e-01	0.00e+00	0.00e+00
 5.25994e+14	2.85e-20	1.11e-14	5.05e-10	3.04e-06	1.50e-03	9.98e-01	0.00e+00	0.00e+00
 5.45979e+14	4.05e-20	1.47e-14	6.28e-10	3.53e-06	1.62e-03	9.98e-01	0.00e+00	0.00e+00
 5.66763e+14	5.77e-20	1.96e-14	7.83e-10	4.10e-06	1.76e-03	9.98e-01	0.00e+00	0.00e+00
 5.88803e+14	8.23e-20	2.62e-14	9.79e-10	4.78e-06	1.90e-03	9.98e-01	0.00e+00	0.00e+00
 6.07244e+14	1.10e-19	3.31e-14	1.17e-09	5.41e-06	2.03e-03	9.98e-01	0.00e+00	0.00e+00
 6.21463e+14	1.36e-19	3.93e-14	1.34e-09	5.94e-06	2.13e-03	9.98e-01	0.00e+00	0.00e+00
 6.36853e+14	1.70e-19	4.73e-14	1.55e-09	6.55e-06	2.25e-03	9.98e-01	0.00e+00	0.00e+00
 6.56859e+14	2.26e-19	5.96e-14	1.86e-09	7.42e-06	2.40e-03	9.98e-01	0.00e+00	0.00e+00
 6.78599e+14	3.03e-19	7.61e-14	2.25e-09	8.47e-06	2.58e-03	9.97e-01	0.00e+00	0.00e+00
 6.98269e+14	3.93e-19	9.40e-14	2.65e-09	9.50e-06	2.74e-03	9.97e-01	0.00e+00	0.00e+00
 7.19518e+14	5.14e-19	1.17e-13	3.16e-09	1.07e-05	2.92e-03	9.97e-01	0.00e+00	0.00e+00
 7.46174e+14	7.12e-19	1.54e-13	3.91e-09	1.24e-05	3.16e-03	9.97e-01	0.00e+00	0.00e+00
 7.72979e+14	9.74e-19	1.99e-13	4.80e-09	1.43e-05	3.42e-03	9.97e-01	0.00e+00	0.00e+00
 7.95801e+14	1.26e-18	2.46e-13	5.68e-09	1.61e-05	3.64e-03	9.96e-01	0.00e+00	0.00e+00
 8.20328e+14	1.64e-18	3.06e-13	6.77e-09	1.82e-05	3.90e-03	9.96e-01	0.00e+00	0.00e+00
 8.50890e+14	2.26e-18	4.00e-13	8.37e-09	2.11e-05	4.22e-03	9.96e-01	0.00e+00	0.00e+00
 8.82376e+14	3.09e-18	5.20e-13	1.03e-08	2.44e-05	4.58e-03	9.95e-01	0.00e+00	0.00e+00
 9.10402e+14	4.04e-18	6.51e-13	1.24e-08	2.77e-05	4.91e-03	9.95e-01	0.00e+00	0.00e+00
 9.40848e+14	5.33e-18	8.22e-13	1.50e-08	3.17e-05	5.29e-03	9.95e-01	0.00e+00	0.00e+00
 9.77233e+14	7.38e-18	1.08e-12	1.86e-08	3.69e-05	5.76e-03	9.94e-01	0.00e+00	0.00e+00
 1.01310e+15	1.00e-17	1.40e-12	2.30e-08	4.27e-05	6.24e-03	9.94e-01	0.00e+00	0.00e+00
 1.04530e+15	1.30e-17	1.74e-12	2.75e-08	4.84e-05	6.70e-03	9.93e-01	0.00e+00	0.00e+00
 1.08097e+15	1.73e-17	2.21e-12	3.34e-08	5.54e-05	7.23e-03	9.93e-01	0.00e+00	0.00e+00
 1.12316e+15	2.38e-17	2.90e-12	4.17e-08	6.47e-05	7.89e-03	9.92e-01	0.00e+00	0.00e+00
 1.16490e+15	3.23e-17	3.76e-12	5.15e-08	7.49e-05	8.57e-03	9.91e-01	0.00e+00	0.00e+00
 1.20340e+15	4.23e-17	4.73e-12	6.22e-08	8.54e-05	9.22e-03	9.91e-01	0.00e+00	0.00e+00
 1.24664e+15	5.68e-17	6.07e-12	7.64e-08	9.84e-05	9.99e-03	9.90e-01	0.00e+00	0.00e+00
 1.29652e+15	7.87e-17	8.02e-12	9.60e-08	1.15e-04	1.09e-02	9.89e-01	0.00e+00	0.00e+00
 1.34527e+15	1.07e-16	1.04e-11	1.19e-07	1.34e-04	1.19e-02	9.88e-01	0.00e+00	0.00e+00
 1.39189e+15	1.66e-16	1.33e-11	1.45e-07	1.53e-04	1.28e-02	9.87e-01	0.00e+00	0.00e+00
 1.44351e+15	2.27e-16	1.72e-11	1.80e-07	1.78e-04	1.40e-02	9.86e-01	0.00e+00	0.00e+00
 1.49209e+15	3.00e-16	2.18e-11	2.19e-07	2.03e-04	1.50e-02	9.85e-01	0.00e+00	0.00e+00
 1.52864e+15	3.69e-16	2.59e-11	2.52e-07	2.23e-04	1.59e-02	9.84e-01	0.00e+00	0.00e+00
 1.56612e+15	4.53e-16	3.08e-11	2.91e-07	2.46e-04	1.68e-02	9.83e-01	0.00e+00	0.00e+00
 1.61483e+15	5.88e-16	3.83e-11	3.49e-07	2.79e-04	1.80e-02	9.82e-01	0.00e+00	0.00e+00
 1.66747e+15	7.73e-16	4.83e-11	4.22e-07	3.17e-04	1.94e-02	9.80e-01	0.00e+00	0.00e+00
 1.71469e+15	9.79e-16	5.90e-11	4.97e-07	3.54e-04	2.06e-02	9.79e-01	0.00e+00	0.00e+00
 1.76555e+15	1.26e-15	7.29e-11	5.91e-07	3.98e-04	2.20e-02	9.78e-01	0.00e+00	0.00e+00
 1.83020e+15	1.72e-15	9.47e-11	7.33e-07	4.60e-04	2.39e-02	9.76e-01	0.00e+00	0.00e+00
 1.89543e+15	2.32e-15	1.22e-10	9.04e-07	5.30e-04	2.58e-02	9.74e-01	0.00e+00	0.00e+00
 1.95023e+15	2.97e-15	1.50e-10	1.07e-06	5.94e-04	2.75e-02	9.72e-01	0.00e+00	0.00e+00
 2.00881e+15	3.83e-15	1.87e-10	1.28e-06	6.68e-04	2.94e-02	9.70e-01	0.00e+00	0.00e+00
 2.08277e+15	5.25e-15	2.44e-10	1.59e-06	7.73e-04	3.19e-02	9.67e-01	0.00e+00	0.00e+00
 2.16032e+15	7.22e-15	3.19e-10	1.98e-06	8.96e-04	3.46e-02	9.64e-01	0.00e+00	0.00e+00
 2.23019e+15	9.51e-15	4.04e-10	2.40e-06	1.02e-03	3.71e-02	9.62e-01	0.00e+00	0.00e+00
 2.30648e+15	1.28e-14	5.18e-10	2.94e-06	1.16e-03	4.00e-02	9.59e-01	0.00e+00	0.00e+00
 2.39660e+15	1.80e-14	6.91e-10	3.71e-06	1.36e-03	4.36e-02	9.55e-01	0.00e+00	0.00e+00
 2.48488e+15	2.47e-14	9.05e-10	4.62e-06	1.57e-03	4.72e-02	9.51e-01	0.00e+00	0.00e+00
 2.56539e+15	3.27e-14	1.15e-09	5.60e-06	1.78e-03	5.06e-02	9.48e-01	0.00e+00	0.00e+00
 2.65565e+15	4.45e-14	1.49e-09	6.91e-06	2.05e-03	5.45e-02	9.43e-01	0.00e+00	0.00e+00
 2.76081e+15	6.30e-14	2.00e-09	8.75e-06	2.39e-03	5.93e-02	9.38e-01	0.00e+00	0.00e+00
 2.86430e+15	8.75e-14	2.64e-09	1.10e-05	2.78e-03	6.43e-02	9.33e-01	0.00e+00	0.00e+00
 2.96196e+15	1.18e-13	3.40e-09	1.34e-05	3.18e-03	6.91e-02	9.28e-01	0.00e+00	0.00e+00
 3.07050e+15	1.64e-13	4.48e-09	1.67e-05	3.67e-03	7.46e-02	9.22e-01	0.00e+00	0.00e+00
 3.17380e+15	2.20e-13	5.75e-09	2.05e-05	4.19e-03	8.01e-02	9.16e-01	0.00e+00	0.00e+00
 3.25083e+15	2.72e-13	6.91e-09	2.37e-05	4.61e-03	8.43e-02	9.11e-01	0.00e+00	0.00e+00
 3.32894e+15	3.38e-13	8.28e-09	2.74e-05	5.07e-03	8.87e-02	9.06e-01	0.00e+00	0.00e+00
 3.43048e+15	4.43e-13	1.04e-08	3.29e-05	5.71e-03	9.44e-02	9.00e-01	0.00e+00	0.00e+00
 3.54070e+15	5.89e-13	1.32e-08	3.99e-05	6.48e-03	1.01e-01	8.93e-01	0.00e+00	0.00e+00
 3.63981e+15	7.56e-13	1.64e-08	4.72e-05	7.23e-03	1.07e-01	8.86e-01	0.00e+00	0.00e+00
 3.74627e+15	9.83e-13	2.04e-08	5.63e-05	8.11e-03	1.13e-01	8.78e-01	0.00e+00	0.00e+00
 3.88258e+15	1.36e-12	2.69e-08	7.01e-05	9.36e-03	1.22e-01	8.69e-01	0.00e+00	0.00e+00
 4.02002e+15	1.85e-12	3.49e-08	8.65e-05	1.07e-02	1.31e-01	8.58e-01	0.00e+00	0.00e+00
 4.13369e+15	2.39e-12	4.32e-08	1.03e-04	1.20e-02	1.39e-01	8.49e-01	0.00e+00	0.00e+00
 4.25413e+15	3.12e-12	5.40e-08	1.22e-04	1.34e-02	1.47e-01	8.40e-01	0.00e+00	0.00e+00
 4.40866e+15	4.33e-12	7.11e-08	1.52e-04	1.54e-02	1.57e-01	8.27e-01	0.00e+00	0.00e+00
 4.56991e+15	5.99e-12	9.37e-08	1.89e-04	1.78e-02	1.69e-01	8.13e-01	0.00e+00	0.00e+00
 4.71046e+15	7.91e-12	1.18e-07	2.27e-04	2.00e-02	1.79e-01	8.01e-01	0.00e+00	0.00e+00
 4.86172e+15	1.06e-11	1.51e-07	2.74e-04	2.26e-02	1.90e-01	7.87e-01	0.00e+00	0.00e+00
 5.04618e+15	1.49e-11	2.02e-07	3.44e-04	2.62e-02	2.04e-01	7.70e-01	0.00e+00	0.00e+00
 5.22806e+15	2.05e-11	2.63e-07	4.25e-04	2.99e-02	2.17e-01	7.52e-01	0.00e+00	0.00e+00
 5.38594e+15	2.69e-11	3.31e-07	5.08e-04	3.36e-02	2.29e-01	7.37e-01	0.00e+00	0.00e+00
 5.55834e+15	3.61e-11	4.22e-07	6.14e-04	3.78e-02	2.42e-01	7.19e-01	0.00e+00	0.00e+00
 5.74907e+15	4.89e-11	5.45e-07	7.50e-04	4.29e-02	2.56e-01	7.00e-01	0.00e+00	0.00e+00
 5.92680e+15	6.43e-11	6.86e-07	8.98e-04	4.81e-02	2.70e-01	6.81e-01	0.00e+00	0.00e+00
 6.08107e+15	8.09e-11	8.32e-07	1.04e-03	5.29e-02	2.81e-01	6.65e-01	0.00e+00	0.00e+00
 6.24169e+15	1.03e-10	1.02e-06	1.22e-03	5.83e-02	2.93e-01	6.48e-01	0.00e+00	0.00e+00
 6.41901e+15	1.32e-10	1.25e-06	1.44e-03	6.45e-02	3.06e-01	6.28e-01	0.00e+00	0.00e+00
 6.58554e+15	1.66e-10	1.52e-06	1.67e-03	7.08e-02	3.17e-01	6.10e-01	0.00e+00	0.00e+00
 6.76954e+15	2.14e-10	1.87e-06	1.97e-03	7.82e-02	3.30e-01	5.90e-01	0.00e+00	0.00e+00
 6.96934e+15	2.77e-10	2.33e-06	2.33e-03	8.67e-02	3.43e-01	5.68e-01	0.00e+00	0.00e+00
 7.15357e+15	3.50e-10	2.82e-06	2.70e-03	9.50e-02	3.55e-01	5.47e-01	0.00e+00	0.00e+00
 7.35696e+15	4.53e-10	3.49e-06	3.19e-03	1.05e-01	3.68e-01	5.24e-01	0.00e+00	0.00e+00
 7.57917e+15	5.88e-10	4.34e-06	3.78e-03	1.16e-01	3.80e-01	5.00e-01	0.00e+00	0.00e+00
 7.78694e+15	7.46e-10	5.29e-06	4.41e-03	1.27e-01	3.91e-01	4.77e-01	0.00e+00	0.00e+00
 8.01808e+15	9.77e-10	6.60e-06	5.23e-03	1.40e-01	4.03e-01	4.51e-01	0.00e+00	0.00e+00
 8.26383e+15	1.27e-09	8.20e-06	6.20e-03	1.55e-01	4.14e-01	4.25e-01	0.00e+00	0.00e+00
 8.47903e+15	1.59e-09	9.88e-06	7.16e-03	1.68e-01	4.22e-01	4.03e-01	0.00e+00	0.00e+00
 8.70924e+15	2.03e-09	1.21e-05	8.36e-03	1.83e-01	4.30e-01	3.79e-01	0.00e+00	0.00e+00
 8.96355e+15	2.62e-09	1.49e-05	9.85e-03	2.01e-01	4.37e-01	3.53e-01	0.00e+00	0.00e+00
 9.19710e+15	3.27e-09	1.79e-05	1.14e-02	2.17e-01	4.42e-01	3.30e-01	0.00e+00	0.00e+00
 9.44864e+15	4.20e-09	2.20e-05	1.33e-02	2.35e-01	4.46e-01	3.06e-01	0.00e+00	0.00e+00
 9.72074e+15	5.42e-09	2.70e-05	1.56e-02	2.56e-01	4.48e-01	2.80e-01	0.00e+00	0.00e+00
 9.95041e+15	6.63e-09	3.19e-05	1.78e-02	2.73e-01	4.48e-01	2.61e-01	0.00e+00	0.00e+00
 1.01459e+16	7.90e-09	3.68e-05	1.98e-02	2.89e-01	4.47e-01	2.44e-01	0.00e+00	0.00e+00
 1.03660e+16	9.74e-09	4.36e-05	2.25e-02	3.07e-01	4.45e-01	2.25e-01	0.00e+00	0.00e+00
 1.06075e+16	1.20e-08	5.18e-05	2.57e-02	3.27e-01	4.41e-01	2.06e-01	0.00e+00	0.00e+00
 1.08273e+16	1.46e-08	6.04e-05	2.89e-02	3.45e-01	4.37e-01	1.90e-01	0.00e+00	0.00e+00
 1.10308e+16	1.73e-08	6.95e-05	3.23e-02	3.62e-01	4.31e-01	1.75e-01	0.00e+00	0.00e+00
 1.12626e+16	2.16e-08	8.28e-05	3.67e-02	3.82e-01	4.23e-01	1.58e-01	0.00e+00	0.00e+00
 1.15078e+16	2.65e-08	9.76e-05	4.16e-02	4.02e-01	4.13e-01	1.43e-01	0.00e+00	0.00e+00
 1.17206e+16	3.18e-08	1.13e-04	4.66e-02	4.20e-01	4.04e-01	1.29e-01	0.00e+00	0.00e+00
 1.19161e+16	3.81e-08	1.30e-04	5.16e-02	4.37e-01	3.94e-01	1.18e-01	0.00e+00	0.00e+00
 1.21092e+16	4.50e-08	1.49e-04	5.71e-02	4.53e-01	3.83e-01	1.07e-01	0.00e+00	0.00e+00
 1.23303e+16	5.61e-08	1.77e-04	6.45e-02	4.72e-01	3.69e-01	9.48e-02	0.00e+00	0.00e+00
 1.25605e+16	6.82e-08	2.07e-04	7.26e-02	4.90e-01	3.54e-01	8.38e-02	0.00e+00	0.00e+00
 1.27556e+16	8.18e-08	2.38e-04	8.05e-02	5.05e-01	3.40e-01	7.48e-02	0.00e+00	0.00e+00
 1.29320e+16	9.70e-08	2.72e-04	8.86e-02	5.18e-01	3.26e-01	6.70e-02	0.00e+00	0.00e+00
 1.31311e+16	1.19e-07	3.18e-04	9.89e-02	5.33e-01	3.10e-01	5.85e-02	0.00e+00	0.00e+00
 1.33399e+16	1.48e-07	3.76e-04	1.11e-01	5.47e-01	2.92e-01	5.04e-02	0.00e+00	0.00e+00
 1.35116e+16	1.76e-07	4.30e-04	1.22e-01	5.57e-01	2.76e-01	4.44e-02	0.00e+00	0.00e+00
 1.36598e+16	2.04e-07	4.83e-04	1.32e-01	5.65e-01	2.62e-01	3.95e-02	0.00e+00	0.00e+00
 1.38269e+16	2.38e-07	5.46e-04	1.45e-01	5.74e-01	2.46e-01	3.42e-02	0.00e+00	0.00e+00
 1.40075e+16	2.90e-07	6.36e-04	1.61e-01	5.82e-01	2.27e-01	2.90e-02	0.00e+00	0.00e+00
 1.41612e+16	3.67e-07	7.54e-04	1.77e-01	5.87e-01	2.11e-01	2.46e-02	0.00e+00	0.00e+00
 1.42744e+16	4.18e-07	8.33e-04	1.89e-01	5.90e-01	1.98e-01	2.18e-02	0.00e+00	0.00e+00
 1.43794e+16	4.61e-07	9.01e-04	2.01e-01	5.92e-01	1.87e-01	1.93e-02	0.00e+00	0.00e+00
 1.45158e+16	5.46e-07	1.02e-03	2.17e-01	5.94e-01	1.71e-01	1.63e-02	0.00e+00	0.00e+00
 1.46399e+16	6.44e-07	1.16e-03	2.34e-01	5.94e-01	1.57e-01	1.38e-02	0.00e+00	0.00e+00
 1.47167e+16	7.44e-07	1.28e-03	2.46e-01	5.93e-01	1.48e-01	1.22e-02	0.00e+00	0.00e+00
 1.47703e+16	8.07e-07	1.36e-03	2.54e-01	5.92e-01	1.41e-01	1.12e-02	0.00e+00	0.00e+00
 1.48252e+16	8.73e-07	1.44e-03	2.63e-01	5.91e-01	1.35e-01	1.02e-02	0.00e+00	0.00e+00
 1.48966e+16	9.75e-07	1.57e-03	2.75e-01	5.89e-01	1.26e-01	8.98e-03	0.00e+00	0.00e+00
 1.49751e+16	1.10e-06	1.71e-03	2.88e-01	5.86e-01	1.17e-01	7.78e-03	0.00e+00	0.00e+00
 1.50458e+16	1.19e-06	1.82e-03	3.00e-01	5.83e-01	1.09e-01	6.82e-03	0.00e+00	0.00e+00
 1.51207e+16	1.35e-06	1.99e-03	3.13e-01	5.79e-01	9.96e-02	5.80e-03	0.00e+00	0.00e+00
 1.51976e+16	1.53e-06	2.18e-03	3.28e-01	5.74e-01	9.08e-02	4.88e-03	0.00e+00	0.00e+00
 1.52593e+16	1.74e-06	2.39e-03	3.41e-01	5.69e-01	8.35e-02	4.16e-03	0.00e+00	0.00e+00
 1.53085e+16	1.89e-06	2.54e-03	3.50e-01	5.66e-01	7.80e-02	3.67e-03	0.00e+00	0.00e+00
 1.53590e+16	2.08e-06	2.71e-03	3.61e-01	5.61e-01	7.22e-02	3.18e-03	0.00e+00	0.00e+00
 1.54247e+16	2.36e-06	2.96e-03	3.75e-01	5.55e-01	6.49e-02	2.61e-03	0.00e+00	0.00e+00
 1.54920e+16	2.65e-06	3.22e-03	3.88e-01	5.48e-01	5.81e-02	2.13e-03	0.00e+00	0.00e+00
 1.55480e+16	2.93e-06	3.46e-03	4.00e-01	5.42e-01	5.25e-02	1.77e-03	0.00e+00	0.00e+00
 1.56077e+16	3.29e-06	3.76e-03	4.13e-01	5.35e-01	4.67e-02	1.43e-03	0.00e+00	0.00e+00
 1.56723e+16	3.72e-06	4.09e-03	4.26e-01	5.27e-01	4.10e-02	1.13e-03	0.00e+00	0.00e+00
 1.57306e+16	4.15e-06	4.42e-03	4.38e-01	5.20e-01	3.62e-02	8.98e-04	0.00e+00	0.00e+00
 1.57938e+16	4.70e-06	4.83e-03	4.52e-01	5.11e-01	3.13e-02	6.87e-04	0.00e+00	0.00e+00
 1.58625e+16	5.34e-06	5.28e-03	4.66e-01	5.02e-01	2.67e-02	5.13e-04	0.00e+00	0.00e+00
 1.59263e+16	6.02e-06	5.74e-03	4.78e-01	4.93e-01	2.28e-02	3.85e-04	0.00e+00	0.00e+00
 1.59972e+16	6.90e-06	6.31e-03	4.92e-01	4.82e-01	1.90e-02	2.75e-04	0.00e+00	0.00e+00
 1.60769e+16	7.99e-06	6.98e-03	5.07e-01	4.71e-01	1.54e-02	1.88e-04	0.00e+00	0.00e+00
 1.61555e+16	9.22e-06	7.70e-03	5.21e-01	4.59e-01	1.25e-02	1.28e-04	0.00e+00	0.00e+00
 1.62449e+16	1.08e-05	8.60e-03	5.36e-01	4.45e-01	9.81e-03	8.10e-05	0.00e+00	0.00e+00
 1.63612e+16	1.33e-05	9.88e-03	5.55e-01	4.28e-01	7.13e-03	4.48e-05	0.00e+00	0.00e+00
 1.64608e+16	1.57e-05	1.11e-02	5.71e-01	4.13e-01	5.52e-03	2.78e-05	0.00e+00	0.00e+00
 1.65176e+16	1.74e-05	1.18e-02	5.80e-01	4.04e-01	4.76e-03	2.11e-05	0.00e+00	0.00e+00
 1.65704e+16	1.90e-05	1.26e-02	5.88e-01	3.96e-01	4.13e-03	1.62e-05	0.00e+00	0.00e+00
 1.66390e+16	2.14e-05	1.36e-02	5.98e-01	3.85e-01	3.43e-03	1.14e-05	0.00e+00	0.00e+00
 1.67282e+16	2.49e-05	1.51e-02	6.11e-01	3.71e-01	2.71e-03	7.33e-06	0.00e+00	0.00e+00
 1.68220e+16	2.93e-05	1.69e-02	6.25e-01	3.56e-01	2.13e-03	4.67e-06	0.00e+00	0.00e+00
 1.69014e+16	3.37e-05	1.85e-02	6.37e-01	3.43e-01	1.75e-03	3.21e-06	0.00e+00	0.00e+00
 1.69843e+16	3.90e-05	2.04e-02	6.49e-01	3.30e-01	1.41e-03	2.15e-06	0.00e+00	0.00e+00
 1.70714e+16	4.57e-05	2.27e-02	6.61e-01	3.15e-01	1.13e-03	1.43e-06	0.00e+00	0.00e+00
 1.71428e+16	5.21e-05	2.48e-02	6.71e-01	3.03e-01	9.51e-04	1.03e-06	0.00e+00	0.00e+00
 1.72033e+16	5.83e-05	2.67e-02	6.79e-01	2.93e-01	8.17e-04	7.76e-07	0.00e+00	0.00e+00
 1.72712e+16	6.63e-05	2.91e-02	6.89e-01	2.82e-01	6.86e-04	0.00e+00	0.00e+00	0.00e+00
 1.73475e+16	7.68e-05	3.21e-02	6.99e-01	2.68e-01	5.65e-04	0.00e+00	0.00e+00	0.00e+00
 1.74173e+16	8.83e-05	3.53e-02	7.08e-01	2.56e-01	4.74e-04	0.00e+00	0.00e+00	0.00e+00
 1.74779e+16	9.99e-05	3.83e-02	7.16e-01	2.46e-01	4.06e-04	0.00e+00	0.00e+00	0.00e+00
 1.75442e+16	1.14e-04	4.19e-02	7.24e-01	2.34e-01	3.41e-04	0.00e+00	0.00e+00	0.00e+00
 1.76165e+16	1.33e-04	4.65e-02	7.32e-01	2.21e-01	2.82e-04	0.00e+00	0.00e+00	0.00e+00
 1.76797e+16	1.53e-04	5.10e-02	7.39e-01	2.10e-01	2.38e-04	0.00e+00	0.00e+00	0.00e+00
 1.77338e+16	1.73e-04	5.53e-02	7.44e-01	2.00e-01	2.06e-04	0.00e+00	0.00e+00	0.00e+00
 1.77934e+16	1.98e-04	6.04e-02	7.50e-01	1.89e-01	1.74e-04	0.00e+00	0.00e+00	0.00e+00
 1.78591e+16	2.31e-04	6.69e-02	7.55e-01	1.77e-01	1.45e-04	0.00e+00	0.00e+00	0.00e+00
 1.79176e+16	2.66e-04	7.36e-02	7.59e-01	1.67e-01	1.22e-04	0.00e+00	0.00e+00	0.00e+00
 1.79681e+16	3.01e-04	7.99e-02	7.62e-01	1.58e-01	1.05e-04	0.00e+00	0.00e+00	0.00e+00
 1.80232e+16	3.46e-04	8.76e-02	7.64e-01	1.48e-01	8.88e-05	0.00e+00	0.00e+00	0.00e+00
 1.80836e+16	4.05e-04	9.71e-02	7.65e-01	1.37e-01	7.36e-05	0.00e+00	0.00e+00	0.00e+00
 1.81372e+16	4.67e-04	1.07e-01	7.65e-01	1.28e-01	6.19e-05	0.00e+00	0.00e+00	0.00e+00
 1.81837e+16	5.30e-04	1.16e-01	7.64e-01	1.19e-01	5.31e-05	0.00e+00	0.00e+00	0.00e+00
 1.82345e+16	6.11e-04	1.27e-01	7.62e-01	1.10e-01	4.44e-05	0.00e+00	0.00e+00	0.00e+00
 1.82904e+16	7.18e-04	1.41e-01	7.57e-01	1.01e-01	3.64e-05	0.00e+00	0.00e+00	0.00e+00
 1.83399e+16	8.33e-04	1.56e-01	7.51e-01	9.27e-02	3.03e-05	0.00e+00	0.00e+00	0.00e+00
 1.83831e+16	9.49e-04	1.69e-01	7.44e-01	8.55e-02	2.57e-05	0.00e+00	0.00e+00	0.00e+00
 1.84310e+16	1.10e-03	1.86e-01	7.35e-01	7.77e-02	2.11e-05	0.00e+00	0.00e+00	0.00e+00
 1.84839e+16	1.30e-03	2.07e-01	7.22e-01	6.94e-02	1.69e-05	0.00e+00	0.00e+00	0.00e+00
 1.85313e+16	1.52e-03	2.29e-01	7.07e-01	6.21e-02	1.37e-05	0.00e+00	0.00e+00	0.00e+00
 1.85730e+16	1.76e-03	2.50e-01	6.92e-01	5.58e-02	1.12e-05	0.00e+00	0.00e+00	0.00e+00
 1.86192e+16	2.07e-03	2.76e-01	6.73e-01	4.92e-02	8.93e-06	0.00e+00	0.00e+00	0.00e+00
 1.86711e+16	2.49e-03	3.09e-01	6.47e-01	4.21e-02	6.78e-06	0.00e+00	0.00e+00	0.00e+00
 1.87195e+16	2.98e-03	3.44e-01	6.18e-01	3.58e-02	5.14e-06	0.00e+00	0.00e+00	0.00e+00
 1.87629e+16	3.51e-03	3.78e-01	5.88e-01	3.04e-02	3.93e-06	0.00e+00	0.00e+00	0.00e+00
 1.88110e+16	4.21e-03	4.20e-01	5.51e-01	2.50e-02	2.85e-06	0.00e+00	0.00e+00	0.00e+00
 1.88624e+16	5.17e-03	4.70e-01	5.05e-01	1.97e-02	1.95e-06	0.00e+00	0.00e+00	0.00e+00
 1.89053e+16	6.20e-03	5.16e-01	4.62e-01	1.56e-02	1.38e-06	0.00e+00	0.00e+00	0.00e+00
 1.89389e+16	7.11e-03	5.54e-01	4.26e-01	1.28e-02	1.02e-06	0.00e+00	0.00e+00	0.00e+00
 1.89686e+16	8.07e-03	5.89e-01	3.92e-01	1.06e-02	7.68e-07	0.00e+00	0.00e+00	0.00e+00
 1.90025e+16	9.31e-03	6.30e-01	3.53e-01	8.29e-03	0.00e+00	0.00e+00	0.00e+00	0.00e+00
 1.90390e+16	1.09e-02	6.74e-01	3.09e-01	6.22e-03	0.00e+00	0.00e+00	0.00e+00	0.00e+00
 1.90699e+16	1.25e-02	7.12e-01	2.71e-01	4.70e-03	0.00e+00	0.00e+00	0.00e+00	0.00e+00
 1.90950e+16	1.41e-02	7.42e-01	2.40e-01	3.68e-03	0.00e+00	0.00e+00	0.00e+00	0.00e+00
 1.91216e+16	1.59e-02	7.72e-01	2.09e-01	2.79e-03	0.00e+00	0.00e+00	0.00e+00	0.00e+00
 1.91511e+16	1.82e-02	8.04e-01	1.76e-01	1.98e-03	0.00e+00	0.00e+00	0.00e+00	0.00e+00
 1.91771e+16	2.06e-02	8.30e-01	1.48e-01	1.42e-03	0.00e+00	0.00e+00	0.00e+00	0.00e+00
 1.91985e+16	2.28e-02	8.50e-01	1.26e-01	1.05e-03	0.00e+00	0.00e+00	0.00e+00	0.00e+00
 1.92211e+16	2.55e-02	8.68e-01	1.06e-01	7.50e-04	0.00e+00	0.00e+00	0.00e+00	0.00e+00
 1.92458e+16	2.88e-02	8.85e-01	8.54e-02	5.05e-04	0.00e+00	0.00e+00	0.00e+00	0.00e+00
 1.92672e+16	3.22e-02	8.98e-01	6.94e-02	3.45e-04	0.00e+00	0.00e+00	0.00e+00	0.00e+00
 1.92852e+16	3.55e-02	9.07e-01	5.78e-02	2.47e-04	0.00e+00	0.00e+00	0.00e+00	0.00e+00
 1.93045e+16	3.93e-02	9.14e-01	4.69e-02	1.68e-04	0.00e+00	0.00e+00	0.00e+00	0.00e+00
 1.93254e+16	4.42e-02	9.19e-01	3.67e-02	1.08e-04	0.00e+00	0.00e+00	0.00e+00	0.00e+00
 1.93437e+16	4.90e-02	9.22e-01	2.91e-02	7.12e-05	0.00e+00	0.00e+00	0.00e+00	0.00e+00
 1.93590e+16	5.37e-02	9.23e-01	2.37e-02	4.94e-05	0.00e+00	0.00e+00	0.00e+00	0.00e+00
 1.93747e+16	5.89e-02	9.22e-01	1.90e-02	3.32e-05	0.00e+00	0.00e+00	0.00e+00	0.00e+00
 1.93914e+16	6.51e-02	9.20e-01	1.49e-02	2.15e-05	0.00e+00	0.00e+00	0.00e+00	0.00e+00
 1.94062e+16	7.13e-02	9.17e-01	1.18e-02	1.42e-05	0.00e+00	0.00e+00	0.00e+00	0.00e+00
 1.94192e+16	7.72e-02	9.13e-01	9.58e-03	9.77e-06	0.00e+00	0.00e+00	0.00e+00	0.00e+00
 1.94309e+16	8.30e-02	9.09e-01	7.87e-03	6.88e-06	0.00e+00	0.00e+00	0.00e+00	0.00e+00
 1.94420e+16	8.90e-02	9.05e-01	6.49e-03	4.87e-06	0.00e+00	0.00e+00	0.00e+00	0.00e+00
 1.94527e+16	9.52e-02	8.99e-01	5.35e-03	3.45e-06	0.00e+00	0.00e+00	0.00e+00	0.00e+00
 1.94630e+16	1.01e-01	8.94e-01	4.43e-03	2.47e-06	0.00e+00	0.00e+00	0.00e+00	0.00e+00
 1.94722e+16	1.08e-01	8.89e-01	3.72e-03	1.80e-06	0.00e+00	0.00e+00	0.00e+00	0.00e+00
 1.94789e+16	1.12e-01	8.85e-01	3.28e-03	1.44e-06	0.00e+00	0.00e+00	0.00e+00	0.00e+00
 1.94833e+16	1.15e-01	8.82e-01	3.01e-03	1.24e-06	0.00e+00	0.00e+00	0.00e+00	0.00e+00
 1.94874e+16	1.18e-01	8.79e-01	2.77e-03	1.07e-06	0.00e+00	0.00e+00	0.00e+00	0.00e+00
 1.94924e+16	1.22e-01	8.76e-01	2.51e-03	8.93e-07	0.00e+00	0.00e+00	0.00e+00	0.00e+00
 1.94977e+16	1.26e-01	8.72e-01	2.25e-03	0.00e+00	0.00e+00	0.00e+00	0.00e+00	0.00e+00
 1.95028e+16	1.30e-01	8.68e-01	2.03e-03	0.00e+00	0.00e+00	0.00e+00	0.00e+00	0.00e+00
 1.95076e+16	1.34e-01	8.64e-01	1.84e-03	0.00e+00	0.00e+00	0.00e+00	0.00e+00	0.00e+00
 1.95123e+16	1.38e-01	8.61e-01	1.66e-03	0.00e+00	0.00e+00	0.00e+00	0.00e+00	0.00e+00
 1.95171e+16	1.42e-01	8.57e-01	1.50e-03	0.00e+00	0.00e+00	0.00e+00	0.00e+00	0.00e+00
 1.95218e+16	1.46e-01	8.53e-01	1.36e-03	0.00e+00	0.00e+00	0.00e+00	0.00e+00	0.00e+00
 1.95265e+16	1.50e-01	8.48e-01	1.23e-03	0.00e+00	0.00e+00	0.00e+00	0.00e+00	0.00e+00
 1.95311e+16	1.55e-01	8.44e-01	1.11e-03	0.00e+00	0.00e+00	0.00e+00	0.00e+00	0.00e+00
 1.95356e+16	1.59e-01	8.40e-01	1.00e-03	0.00e+00	0.00e+00	0.00e+00	0.00e+00	0.00e+00
 1.95402e+16	1.64e-01	8.35e-01	9.04e-04	0.00e+00	0.00e+00	0.00e+00	0.00e+00	0.00e+00
 1.95447e+16	1.69e-01	8.30e-01	8.16e-04	0.00e+00	0.00e+00	0.00e+00	0.00e+00	0.00e+00
 1.95491e+16	1.74e-01	8.26e-01	7.37e-04	0.00e+00	0.00e+00	0.00e+00	0.00e+00	0.00e+00
 1.95535e+16	1.79e-01	8.21e-01	6.66e-04	0.00e+00	0.00e+00	0.00e+00	0.00e+00	0.00e+00
 1.95578e+16	1.84e-01	8.16e-01	6.01e-04	0.00e+00	0.00e+00	0.00e+00	0.00e+00	0.00e+00
 1.95622e+16	1.89e-01	8.11e-01	5.42e-04	0.00e+00	0.00e+00	0.00e+00	0.00e+00	0.00e+00
 1.95664e+16	1.94e-01	8.05e-01	4.89e-04	0.00e+00	0.00e+00	0.00e+00	0.00e+00	0.00e+00
 1.95707e+16	2.00e-01	7.99e-01	4.41e-04	0.00e+00	0.00e+00	0.00e+00	0.00e+00	0.00e+00
 1.95749e+16	2.06e-01	7.94e-01	3.97e-04	0.00e+00	0.00e+00	0.00e+00	0.00e+00	0.00e+00
 1.95790e+16	2.12e-01	7.88e-01	3.58e-04	0.00e+00	0.00e+00	0.00e+00	0.00e+00	0.00e+00
 1.95832e+16	2.19e-01	7.81e-01	3.22e-04	0.00e+00	0.00e+00	0.00e+00	0.00e+00	0.00e+00
 1.95874e+16	2.25e-01	7.75e-01	2.90e-04	0.00e+00	0.00e+00	0.00e+00	0.00e+00	0.00e+00
 1.95914e+16	2.32e-01	7.68e-01	2.61e-04	0.00e+00	0.00e+00	0.00e+00	0.00e+00	0.00e+00
 1.95954e+16	2.39e-01	7.61e-01	2.35e-04	0.00e+00	0.00e+00	0.00e+00	0.00e+00	0.00e+00
 1.95994e+16	2.46e-01	7.53e-01	2.11e-04	0.00e+00	0.00e+00	0.00e+00	0.00e+00	0.00e+00
 1.96034e+16	2.54e-01	7.46e-01	1.90e-04	0.00e+00	0.00e+00	0.00e+00	0.00e+00	0.00e+00
 1.96074e+16	2.63e-01	7.37e-01	1.70e-04	0.00e+00	0.00e+00	0.00e+00	0.00e+00	0.00e+00
 1.96113e+16	2.72e-01	7.28e-01	1.53e-04	0.00e+00	0.00e+00	0.00e+00	0.00e+00	0.00e+00
 1.96150e+16	2.81e-01	7.19e-01	1.38e-04	0.00e+00	0.00e+00	0.00e+00	0.00e+00	0.00e+00
 1.96187e+16	2.90e-01	7.10e-01	1.24e-04	0.00e+00	0.00e+00	0.00e+00	0.00e+00	0.00e+00
 1.96224e+16	3.00e-01	7.00e-01	1.12e-04	0.00e+00	0.00e+00	0.00e+00	0.00e+00	0.00e+00
 1.96261e+16	3.10e-01	6.89e-01	1.00e-04	0.00e+00	0.00e+00	0.00e+00	0.00e+00	0.00e+00
 1.96297e+16	3.22e-01	6.78e-01	9.02e-05	0.00e+00	0.00e+00	0.00e+00	0.00e+00	0.00e+00
 1.96332e+16	3.34e-01	6.66e-01	8.13e-05	0.00e+00	0.00e+00	0.00e+00	0.00e+00	0.00e+00
 1.96366e+16	3.44e-01	6.55e-01	7.33e-05	0.00e+00	0.00e+00	0.00e+00	0.00e+00	0.00e+00
 1.96401e+16	3.59e-01	6.40e-01	6.56e-05	0.00e+00	0.00e+00	0.00e+00	0.00e+00	0.00e+00
 1.96436e+16	3.72e-01	6.28e-01	5.90e-05	0.00e+00	0.00e+00	0.00e+00	0.00e+00	0.00e+00
 1.96470e+16	3.87e-01	6.13e-01	5.29e-05	0.00e+00	0.00e+00	0.00e+00	0.00e+00	0.00e+00
 1.96504e+16	4.02e-01	5.98e-01	4.74e-05	0.00e+00	0.00e+00	0.00e+00	0.00e+00	0.00e+00
 1.96538e+16	4.18e-01	5.82e-01	4.24e-05	0.00e+00	0.00e+00	0.00e+00	0.00e+00	0.00e+00
 1.96571e+16	4.34e-01	5.66e-01	3.79e-05	0.00e+00	0.00e+00	0.00e+00	0.00e+00	0.00e+00
 1.96605e+16	4.55e-01	5.45e-01	3.36e-05	0.00e+00	0.00e+00	0.00e+00	0.00e+00	0.00e+00
 1.96638e+16	4.74e-01	5.26e-01	2.99e-05	0.00e+00	0.00e+00	0.00e+00	0.00e+00	0.00e+00
 1.96671e+16	4.93e-01	5.07e-01	2.66e-05	0.00e+00	0.00e+00	0.00e+00	0.00e+00	0.00e+00
 1.96704e+16	5.14e-01	4.86e-01	2.35e-05	0.00e+00	0.00e+00	0.00e+00	0.00e+00	0.00e+00
 1.96737e+16	5.36e-01	4.64e-01	2.08e-05	0.00e+00	0.00e+00	0.00e+00	0.00e+00	0.00e+00
 1.96771e+16	5.58e-01	4.42e-01	1.83e-05	0.00e+00	0.00e+00	0.00e+00	0.00e+00	0.00e+00
 1.96805e+16	5.81e-01	4.19e-01	1.60e-05	0.00e+00	0.00e+00	0.00e+00	0.00e+00	0.00e+00
 1.96839e+16	6.05e-01	3.95e-01	1.40e-05	0.00e+00	0.00e+00	0.00e+00	0.00e+00	0.00e+00
 1.96873e+16	6.29e-01	3.71e-01	1.22e-05	0.00e+00	0.00e+00	0.00e+00	0.00e+00	0.00e+00
 1.96908e+16	6.54e-01	3.46e-01	1.06e-05	0.00e+00	0.00e+00	0.00e+00	0.00e+00	0.00e+00
 1.96938e+16	6.75e-01	3.25e-01	9.36e-06	0.00e+00	0.00e+00	0.00e+00	0.00e+00	0.00e+00
 1.96961e+16	6.89e-01	3.11e-01	8.56e-06	0.00e+00	0.00e+00	0.00e+00	0.00e+00	0.00e+00
 1.96983e+16	7.06e-01	2.94e-01	7.77e-06	0.00e+00	0.00e+00	0.00e+00	0.00e+00	0.00e+00
 1.97005e+16	7.20e-01	2.80e-01	7.07e-06	0.00e+00	0.00e+00	0.00e+00	0.00e+00	0.00e+00
 1.97028e+16	7.36e-01	2.64e-01	6.38e-06	0.00e+00	0.00e+00	0.00e+00	0.00e+00	0.00e+00
 1.97051e+16	7.50e-01	2.50e-01	5.82e-06	0.00e+00	0.00e+00	0.00e+00	0.00e+00	0.00e+00
 1.97073e+16	7.65e-01	2.35e-01	5.26e-06	0.00e+00	0.00e+00	0.00e+00	0.00e+00	0.00e+00
 1.97094e+16	7.76e-01	2.24e-01	4.82e-06	0.00e+00	0.00e+00	0.00e+00	0.00e+00	0.00e+00
 1.97115e+16	7.88e-01	2.12e-01	4.40e-06	0.00e+00	0.00e+00	0.00e+00	0.00e+00	0.00e+00
 1.97137e+16	8.01e-01	1.99e-01	4.00e-06	0.00e+00	0.00e+00	0.00e+00	0.00e+00	0.00e+00
 1.97158e+16	8.12e-01	1.88e-01	3.65e-06	0.00e+00	0.00e+00	0.00e+00	0.00e+00	0.00e+00
 1.97178e+16	8.23e-01	1.77e-01	3.34e-06	0.00e+00	0.00e+00	0.00e+00	0.00e+00	0.00e+00
 1.97199e+16	8.33e-01	1.67e-01	3.06e-06	0.00e+00	0.00e+00	0.00e+00	0.00e+00	0.00e+00
 1.97219e+16	8.42e-01	1.58e-01	2.80e-06	0.00e+00	0.00e+00	0.00e+00	0.00e+00	0.00e+00
 1.97240e+16	8.51e-01	1.49e-01	2.57e-06	0.00e+00	0.00e+00	0.00e+00	0.00e+00	0.00e+00
 1.97261e+16	8.59e-01	1.41e-01	2.36e-06	0.00e+00	0.00e+00	0.00e+00	0.00e+00	0.00e+00
 1.97281e+16	8.67e-01	1.33e-01	2.17e-06	0.00e+00	0.00e+00	0.00e+00	0.00e+00	0.00e+00
 1.97302e+16	8.75e-01	1.25e-01	1.99e-06	0.00e+00	0.00e+00	0.00e+00	0.00e+00	0.00e+00
