#depth	C	C+	C+2	C+3	C+4	C+5	C+6	C[1]	C[2]	C[3]	C+[1]	C+[2]	CO
 1.49634e+10	0.00e+00	1.19e-32	7.90e-23	1.19e-13	9.45e-04	6.64e-01	3.35e-01	0.00e+00	0.00e+00	0.00e+00	0.00e+00	0.00e+00	1.01e-159
 4.54887e+10	3.51e-43	1.69e-32	1.03e-22	1.44e-13	1.05e-03	6.81e-01	3.17e-01	0.00e+00	0.00e+00	0.00e+00	0.00e+00	0.00e+00	7.21e-239
 7.72350e+10	0.00e+00	2.40e-32	1.35e-22	1.74e-13	1.18e-03	6.98e-01	3.00e-01	0.00e+00	0.00e+00	0.00e+00	0.00e+00	0.00e+00	1.36e-158
 1.10251e+11	8.28e-43	3.40e-32	1.77e-22	2.10e-13	1.31e-03	7.15e-01	2.84e-01	0.00e+00	0.00e+00	0.00e+00	0.00e+00	0.00e+00	2.93e-238
 1.42465e+11	0.00e+00	4.71e-32	2.28e-22	2.51e-13	1.45e-03	7.30e-01	2.69e-01	0.00e+00	0.00e+00	0.00e+00	0.00e+00	0.00e+00	1.69e-157
 1.75967e+11	1.85e-42	6.54e-32	2.93e-22	2.99e-13	1.60e-03	7.44e-01	2.54e-01	0.00e+00	0.00e+00	0.00e+00	0.00e+00	0.00e+00	3.08e-226
 2.12932e+11	0.00e+00	9.25e-32	3.82e-22	3.60e-13	1.78e-03	7.59e-01	2.39e-01	0.00e+00	0.00e+00	0.00e+00	0.00e+00	0.00e+00	2.11e-156
 2.50156e+11	4.30e-42	1.29e-31	4.95e-22	4.31e-13	1.97e-03	7.73e-01	2.25e-01	0.00e+00	0.00e+00	0.00e+00	0.00e+00	0.00e+00	1.10e-225
 2.88868e+11	0.00e+00	1.81e-31	6.40e-22	5.15e-13	2.18e-03	7.86e-01	2.12e-01	0.00e+00	0.00e+00	0.00e+00	0.00e+00	0.00e+00	2.63e-155
 3.30349e+11	9.98e-42	2.56e-31	8.35e-22	6.20e-13	2.41e-03	7.99e-01	1.99e-01	0.00e+00	0.00e+00	0.00e+00	0.00e+00	0.00e+00	4.52e-225
 3.73490e+11	0.00e+00	3.62e-31	1.09e-21	7.45e-13	2.67e-03	8.11e-01	1.86e-01	0.00e+00	0.00e+00	0.00e+00	0.00e+00	0.00e+00	3.56e-154
 4.18356e+11	2.35e-41	5.12e-31	1.42e-21	8.96e-13	2.96e-03	8.23e-01	1.74e-01	0.00e+00	0.00e+00	0.00e+00	0.00e+00	0.00e+00	2.44e-225
 4.65017e+11	0.00e+00	7.25e-31	1.85e-21	1.08e-12	3.28e-03	8.34e-01	1.62e-01	0.00e+00	0.00e+00	0.00e+00	0.00e+00	0.00e+00	4.84e-153
 5.13545e+11	5.52e-41	1.03e-30	2.42e-21	1.29e-12	3.63e-03	8.45e-01	1.52e-01	0.00e+00	0.00e+00	0.00e+00	0.00e+00	0.00e+00	0.00e+00
 5.64013e+11	0.00e+00	1.45e-30	3.15e-21	1.55e-12	4.02e-03	8.55e-01	1.41e-01	0.00e+00	0.00e+00	0.00e+00	0.00e+00	0.00e+00	6.61e-152
 6.16501e+11	1.30e-40	2.05e-30	4.11e-21	1.87e-12	4.44e-03	8.64e-01	1.32e-01	0.00e+00	0.00e+00	0.00e+00	0.00e+00	0.00e+00	0.00e+00
 6.71088e+11	0.00e+00	2.91e-30	5.37e-21	2.24e-12	4.91e-03	8.73e-01	1.22e-01	0.00e+00	0.00e+00	0.00e+00	0.00e+00	0.00e+00	9.09e-151
 7.22553e+11	2.96e-40	3.99e-30	6.83e-21	2.65e-12	5.38e-03	8.80e-01	1.15e-01	0.00e+00	0.00e+00	0.00e+00	0.00e+00	0.00e+00	0.00e+00
 7.68791e+11	0.00e+00	5.25e-30	8.43e-21	3.06e-12	5.82e-03	8.86e-01	1.08e-01	0.00e+00	0.00e+00	0.00e+00	0.00e+00	0.00e+00	8.44e-150
 8.20776e+11	6.04e-40	7.10e-30	1.06e-20	3.58e-12	6.35e-03	8.92e-01	1.01e-01	0.00e+00	0.00e+00	0.00e+00	0.00e+00	0.00e+00	0.00e+00
 8.82126e+11	0.00e+00	1.00e-29	1.38e-20	4.29e-12	7.00e-03	8.99e-01	9.41e-02	0.00e+00	0.00e+00	0.00e+00	0.00e+00	0.00e+00	9.54e-149
 9.43384e+11	1.39e-39	1.39e-29	1.77e-20	5.10e-12	7.69e-03	9.05e-01	8.76e-02	0.00e+00	0.00e+00	0.00e+00	0.00e+00	0.00e+00	0.00e+00
 1.00119e+12	0.00e+00	1.88e-29	2.23e-20	5.97e-12	8.37e-03	9.10e-01	8.20e-02	0.00e+00	0.00e+00	0.00e+00	0.00e+00	0.00e+00	1.02e-147
 1.06526e+12	3.00e-39	2.60e-29	2.86e-20	7.07e-12	9.18e-03	9.15e-01	7.63e-02	0.00e+00	0.00e+00	0.00e+00	0.00e+00	0.00e+00	0.00e+00
 1.13779e+12	0.00e+00	3.69e-29	3.74e-20	8.51e-12	1.01e-02	9.19e-01	7.05e-02	0.00e+00	0.00e+00	0.00e+00	0.00e+00	0.00e+00	1.30e-146
 1.21043e+12	7.09e-39	5.20e-29	4.86e-20	1.02e-11	1.12e-02	9.24e-01	6.53e-02	0.00e+00	0.00e+00	0.00e+00	0.00e+00	0.00e+00	0.00e+00
 1.28597e+12	0.00e+00	7.32e-29	6.30e-20	1.22e-11	1.23e-02	9.27e-01	6.04e-02	0.00e+00	0.00e+00	0.00e+00	0.00e+00	0.00e+00	1.69e-145
 1.36733e+12	1.68e-38	1.05e-28	8.27e-20	1.47e-11	1.36e-02	9.31e-01	5.57e-02	0.00e+00	0.00e+00	0.00e+00	0.00e+00	0.00e+00	0.00e+00
 1.44369e+12	0.00e+00	1.44e-28	1.06e-19	1.73e-11	1.48e-02	9.33e-01	5.17e-02	0.00e+00	0.00e+00	0.00e+00	0.00e+00	0.00e+00	2.14e-144
 1.51192e+12	3.53e-38	1.90e-28	1.31e-19	2.00e-11	1.60e-02	9.36e-01	4.85e-02	0.00e+00	0.00e+00	0.00e+00	0.00e+00	0.00e+00	0.00e+00
 1.58862e+12	0.00e+00	2.59e-28	1.65e-19	2.35e-11	1.74e-02	9.37e-01	4.51e-02	0.00e+00	0.00e+00	0.00e+00	0.00e+00	0.00e+00	1.90e-143
 1.67957e+12	7.95e-38	3.67e-28	2.16e-19	2.82e-11	1.92e-02	9.39e-01	4.15e-02	0.00e+00	0.00e+00	0.00e+00	0.00e+00	0.00e+00	0.00e+00
 1.77054e+12	0.00e+00	5.14e-28	2.79e-19	3.36e-11	2.11e-02	9.41e-01	3.83e-02	0.00e+00	0.00e+00	0.00e+00	0.00e+00	0.00e+00	2.48e-142
 1.85554e+12	1.76e-37	6.98e-28	3.53e-19	3.94e-11	2.29e-02	9.41e-01	3.56e-02	0.00e+00	0.00e+00	0.00e+00	0.00e+00	0.00e+00	0.00e+00
 1.95009e+12	0.00e+00	9.66e-28	4.52e-19	4.67e-11	2.51e-02	9.42e-01	3.30e-02	0.00e+00	0.00e+00	0.00e+00	0.00e+00	0.00e+00	2.61e-141
 2.05802e+12	4.15e-37	1.39e-27	5.98e-19	5.64e-11	2.77e-02	9.42e-01	3.02e-02	0.00e+00	0.00e+00	0.00e+00	0.00e+00	0.00e+00	0.00e+00
 2.16392e+12	0.00e+00	1.96e-27	7.77e-19	6.75e-11	3.04e-02	9.42e-01	2.77e-02	0.00e+00	0.00e+00	0.00e+00	0.00e+00	0.00e+00	3.63e-140
 2.27407e+12	9.71e-37	2.77e-27	1.01e-18	8.06e-11	3.34e-02	9.41e-01	2.55e-02	0.00e+00	0.00e+00	0.00e+00	0.00e+00	0.00e+00	0.00e+00
 2.39496e+12	0.00e+00	3.99e-27	1.34e-18	9.75e-11	3.68e-02	9.40e-01	2.33e-02	0.00e+00	0.00e+00	0.00e+00	0.00e+00	0.00e+00	5.05e-139
 2.51647e+12	2.36e-36	5.68e-27	1.75e-18	1.17e-10	4.05e-02	9.38e-01	2.13e-02	0.00e+00	0.00e+00	0.00e+00	0.00e+00	0.00e+00	0.00e+00
 2.64284e+12	0.00e+00	8.10e-27	2.30e-18	1.41e-10	4.45e-02	9.36e-01	1.95e-02	0.00e+00	0.00e+00	0.00e+00	0.00e+00	0.00e+00	6.95e-138
 2.77848e+12	5.77e-36	1.17e-26	3.04e-18	1.70e-10	4.90e-02	9.33e-01	1.77e-02	0.00e+00	0.00e+00	0.00e+00	0.00e+00	0.00e+00	0.00e+00
 2.91294e+12	0.00e+00	1.66e-26	3.97e-18	2.04e-10	5.37e-02	9.30e-01	1.62e-02	0.00e+00	0.00e+00	0.00e+00	0.00e+00	0.00e+00	9.83e-137
 3.05277e+12	1.37e-35	2.36e-26	5.20e-18	2.45e-10	5.89e-02	9.26e-01	1.48e-02	0.00e+00	0.00e+00	0.00e+00	0.00e+00	0.00e+00	0.00e+00
 3.20481e+12	0.00e+00	3.40e-26	6.89e-18	2.96e-10	6.48e-02	9.22e-01	1.34e-02	0.00e+00	0.00e+00	0.00e+00	0.00e+00	0.00e+00	1.39e-135
 3.36293e+12	3.41e-35	4.92e-26	9.13e-18	3.58e-10	7.13e-02	9.17e-01	1.21e-02	0.00e+00	0.00e+00	0.00e+00	0.00e+00	0.00e+00	0.00e+00
 3.52737e+12	0.00e+00	7.10e-26	1.21e-17	4.33e-10	7.84e-02	9.11e-01	1.10e-02	0.00e+00	0.00e+00	0.00e+00	0.00e+00	0.00e+00	2.08e-134
 3.69840e+12	8.44e-35	1.02e-25	1.60e-17	5.24e-10	8.61e-02	9.04e-01	9.93e-03	0.00e+00	0.00e+00	0.00e+00	0.00e+00	0.00e+00	0.00e+00
 3.87626e+12	1.33e-34	1.48e-25	2.13e-17	6.33e-10	9.45e-02	8.97e-01	8.97e-03	0.00e+00	0.00e+00	0.00e+00	0.00e+00	0.00e+00	2.50e-115
 4.03743e+12	1.97e-34	2.03e-25	2.72e-17	7.47e-10	1.02e-01	8.89e-01	8.19e-03	0.00e+00	0.00e+00	0.00e+00	0.00e+00	0.00e+00	1.12e-97
 4.17223e+12	2.71e-34	2.63e-25	3.32e-17	8.54e-10	1.09e-01	8.83e-01	7.61e-03	0.00e+00	0.00e+00	0.00e+00	0.00e+00	0.00e+00	0.00e+00
 4.32013e+12	3.80e-34	3.46e-25	4.09e-17	9.84e-10	1.17e-01	8.76e-01	7.02e-03	0.00e+00	0.00e+00	0.00e+00	0.00e+00	0.00e+00	4.04e-114
 4.50676e+12	5.73e-34	4.84e-25	5.30e-17	1.17e-09	1.27e-01	8.67e-01	6.36e-03	0.00e+00	0.00e+00	0.00e+00	0.00e+00	0.00e+00	1.22e-96
 4.70109e+12	8.66e-34	6.76e-25	6.85e-17	1.39e-09	1.38e-01	8.56e-01	5.76e-03	0.00e+00	0.00e+00	0.00e+00	0.00e+00	0.00e+00	0.00e+00
 4.86753e+12	1.22e-33	8.90e-25	8.48e-17	1.60e-09	1.48e-01	8.47e-01	5.29e-03	0.00e+00	0.00e+00	0.00e+00	0.00e+00	0.00e+00	8.83e-113
 5.04038e+12	1.71e-33	1.17e-24	1.05e-16	1.85e-09	1.58e-01	8.37e-01	4.86e-03	0.00e+00	0.00e+00	0.00e+00	0.00e+00	0.00e+00	1.39e-95
 5.25581e+12	2.56e-33	1.63e-24	1.35e-16	2.19e-09	1.71e-01	8.25e-01	4.38e-03	0.00e+00	0.00e+00	0.00e+00	0.00e+00	0.00e+00	0.00e+00
 5.47406e+12	3.81e-33	2.25e-24	1.73e-16	2.59e-09	1.84e-01	8.12e-01	3.95e-03	0.00e+00	0.00e+00	0.00e+00	0.00e+00	0.00e+00	1.85e-111
 5.66408e+12	5.30e-33	2.94e-24	2.13e-16	2.97e-09	1.96e-01	8.00e-01	3.62e-03	0.00e+00	0.00e+00	0.00e+00	0.00e+00	0.00e+00	1.74e-94
 5.86989e+12	7.46e-33	3.88e-24	2.64e-16	3.43e-09	2.09e-01	7.88e-01	3.30e-03	0.00e+00	0.00e+00	0.00e+00	0.00e+00	0.00e+00	1.12e-110
 6.12090e+12	1.12e-32	5.37e-24	3.40e-16	4.05e-09	2.25e-01	7.72e-01	2.96e-03	0.00e+00	0.00e+00	0.00e+00	0.00e+00	0.00e+00	9.18e-94
 6.37653e+12	1.65e-32	7.38e-24	4.34e-16	4.76e-09	2.42e-01	7.55e-01	2.65e-03	0.00e+00	0.00e+00	0.00e+00	0.00e+00	0.00e+00	9.52e-110
 6.61069e+12	2.32e-32	9.73e-24	5.38e-16	5.49e-09	2.57e-01	7.40e-01	2.40e-03	0.00e+00	0.00e+00	0.00e+00	0.00e+00	0.00e+00	4.74e-93
 6.87106e+12	3.33e-32	1.31e-23	6.75e-16	6.37e-09	2.74e-01	7.24e-01	2.16e-03	0.00e+00	0.00e+00	0.00e+00	0.00e+00	0.00e+00	6.48e-109
 7.17356e+12	4.99e-32	1.81e-23	8.68e-16	7.52e-09	2.94e-01	7.04e-01	1.91e-03	0.00e+00	0.00e+00	0.00e+00	0.00e+00	0.00e+00	2.68e-92
 7.47248e+12	7.29e-32	2.46e-23	1.10e-15	8.78e-09	3.13e-01	6.85e-01	1.70e-03	0.00e+00	0.00e+00	0.00e+00	0.00e+00	0.00e+00	5.53e-108
 7.75842e+12	1.03e-31	3.25e-23	1.36e-15	1.01e-08	3.32e-01	6.67e-01	1.53e-03	0.00e+00	0.00e+00	0.00e+00	0.00e+00	0.00e+00	1.39e-91
 8.07373e+12	1.48e-31	4.37e-23	1.71e-15	1.17e-08	3.52e-01	6.47e-01	1.36e-03	0.00e+00	0.00e+00	0.00e+00	0.00e+00	0.00e+00	3.96e-107
 8.42661e+12	2.19e-31	5.97e-23	2.17e-15	1.37e-08	3.74e-01	6.25e-01	1.20e-03	0.00e+00	0.00e+00	0.00e+00	0.00e+00	0.00e+00	7.80e-91
 8.78173e+12	3.17e-31	8.06e-23	2.73e-15	1.58e-08	3.96e-01	6.03e-01	1.06e-03	0.00e+00	0.00e+00	0.00e+00	0.00e+00	0.00e+00	3.32e-106
 9.10057e+12	4.36e-31	1.04e-22	3.32e-15	1.80e-08	4.15e-01	5.84e-01	9.50e-04	0.00e+00	0.00e+00	0.00e+00	0.00e+00	0.00e+00	3.85e-90
 9.37098e+12	5.65e-31	1.28e-22	3.90e-15	1.99e-08	4.30e-01	5.69e-01	8.68e-04	0.00e+00	0.00e+00	0.00e+00	0.00e+00	0.00e+00	1.71e-105
 9.66260e+12	7.40e-31	1.59e-22	4.59e-15	2.21e-08	4.47e-01	5.52e-01	7.89e-04	0.00e+00	0.00e+00	0.00e+00	0.00e+00	0.00e+00	1.33e-89
 1.00389e+13	1.03e-30	2.09e-22	5.64e-15	2.51e-08	4.68e-01	5.31e-01	7.00e-04	0.00e+00	0.00e+00	0.00e+00	0.00e+00	0.00e+00	9.64e-105
 1.04313e+13	1.45e-30	2.73e-22	6.90e-15	2.86e-08	4.89e-01	5.10e-01	6.19e-04	0.00e+00	0.00e+00	0.00e+00	0.00e+00	0.00e+00	6.41e-89
 1.07686e+13	1.90e-30	3.40e-22	8.15e-15	3.17e-08	5.06e-01	4.93e-01	5.59e-04	0.00e+00	0.00e+00	0.00e+00	0.00e+00	0.00e+00	5.59e-104
 1.11286e+13	2.53e-30	4.26e-22	9.67e-15	3.52e-08	5.24e-01	4.75e-01	5.02e-04	0.00e+00	0.00e+00	0.00e+00	0.00e+00	0.00e+00	2.42e-88
 1.15737e+13	3.53e-30	5.57e-22	1.18e-14	3.99e-08	5.45e-01	4.54e-01	4.41e-04	0.00e+00	0.00e+00	0.00e+00	0.00e+00	0.00e+00	3.39e-103
 1.20301e+13	4.91e-30	7.24e-22	1.44e-14	4.51e-08	5.66e-01	4.33e-01	3.88e-04	0.00e+00	0.00e+00	0.00e+00	0.00e+00	0.00e+00	1.19e-87
 1.24425e+13	6.52e-30	9.08e-22	1.71e-14	5.00e-08	5.84e-01	4.16e-01	3.46e-04	0.00e+00	0.00e+00	0.00e+00	0.00e+00	0.00e+00	2.06e-102
 1.28968e+13	8.81e-30	1.15e-21	2.04e-14	5.58e-08	6.03e-01	3.97e-01	3.06e-04	0.00e+00	0.00e+00	0.00e+00	0.00e+00	0.00e+00	4.91e-87
 1.33922e+13	1.21e-29	1.48e-21	2.45e-14	6.25e-08	6.22e-01	3.78e-01	2.69e-04	0.00e+00	0.00e+00	0.00e+00	0.00e+00	0.00e+00	1.29e-101
 1.38412e+13	1.59e-29	1.84e-21	2.89e-14	6.89e-08	6.39e-01	3.61e-01	2.40e-04	0.00e+00	0.00e+00	0.00e+00	0.00e+00	0.00e+00	2.07e-86
 1.43252e+13	2.11e-29	2.30e-21	3.41e-14	7.61e-08	6.55e-01	3.44e-01	2.13e-04	0.00e+00	0.00e+00	0.00e+00	0.00e+00	0.00e+00	6.86e-101
 1.48695e+13	2.87e-29	2.93e-21	4.07e-14	8.47e-08	6.73e-01	3.27e-01	1.86e-04	0.00e+00	0.00e+00	0.00e+00	0.00e+00	0.00e+00	8.89e-86
 1.53865e+13	3.80e-29	3.66e-21	4.80e-14	9.33e-08	6.89e-01	3.11e-01	1.65e-04	0.00e+00	0.00e+00	0.00e+00	0.00e+00	0.00e+00	4.05e-100
 1.59528e+13	5.10e-29	4.62e-21	5.68e-14	1.03e-07	7.05e-01	2.94e-01	1.45e-04	0.00e+00	0.00e+00	0.00e+00	0.00e+00	0.00e+00	3.71e-85
 1.65793e+13	6.97e-29	5.90e-21	6.81e-14	1.15e-07	7.22e-01	2.78e-01	1.26e-04	0.00e+00	0.00e+00	0.00e+00	0.00e+00	0.00e+00	2.58e-99
 1.71614e+13	9.22e-29	7.35e-21	7.99e-14	1.26e-07	7.37e-01	2.63e-01	1.11e-04	0.00e+00	0.00e+00	0.00e+00	0.00e+00	0.00e+00	1.64e-84
 1.77952e+13	1.23e-28	9.24e-21	9.44e-14	1.39e-07	7.51e-01	2.49e-01	9.72e-05	0.00e+00	0.00e+00	0.00e+00	0.00e+00	0.00e+00	1.50e-98
 1.85057e+13	1.69e-28	1.18e-20	1.13e-13	1.54e-07	7.67e-01	2.33e-01	8.40e-05	0.00e+00	0.00e+00	0.00e+00	0.00e+00	0.00e+00	7.58e-84
 1.91791e+13	2.25e-28	1.48e-20	1.33e-13	1.69e-07	7.80e-01	2.20e-01	7.36e-05	0.00e+00	0.00e+00	0.00e+00	0.00e+00	0.00e+00	9.60e-98
 1.99052e+13	3.03e-28	1.86e-20	1.57e-13	1.86e-07	7.93e-01	2.07e-01	6.40e-05	0.00e+00	0.00e+00	0.00e+00	0.00e+00	0.00e+00	3.36e-83
 2.07134e+13	4.16e-28	2.38e-20	1.87e-13	2.05e-07	8.06e-01	1.94e-01	5.51e-05	0.00e+00	0.00e+00	0.00e+00	0.00e+00	0.00e+00	6.48e-97
 2.14944e+13	5.58e-28	3.00e-20	2.21e-13	2.25e-07	8.18e-01	1.82e-01	4.79e-05	0.00e+00	0.00e+00	0.00e+00	0.00e+00	0.00e+00	1.61e-82
 2.23245e+13	7.53e-28	3.78e-20	2.61e-13	2.47e-07	8.30e-01	1.70e-01	4.14e-05	0.00e+00	0.00e+00	0.00e+00	0.00e+00	0.00e+00	4.18e-96
 2.32474e+13	1.04e-27	4.85e-20	3.11e-13	2.73e-07	8.41e-01	1.59e-01	3.55e-05	0.00e+00	0.00e+00	0.00e+00	0.00e+00	0.00e+00	7.98e-82
 2.41756e+13	1.41e-27	6.16e-20	3.69e-13	3.00e-07	8.52e-01	1.48e-01	3.05e-05	0.00e+00	0.00e+00	0.00e+00	0.00e+00	0.00e+00	3.03e-95
 2.51409e+13	1.92e-27	7.81e-20	4.37e-13	3.30e-07	8.62e-01	1.38e-01	2.63e-05	0.00e+00	0.00e+00	0.00e+00	0.00e+00	0.00e+00	3.99e-81
 2.61764e+13	2.64e-27	9.98e-20	5.20e-13	3.63e-07	8.72e-01	1.28e-01	2.24e-05	0.00e+00	0.00e+00	0.00e+00	0.00e+00	0.00e+00	2.20e-94
 2.72534e+13	3.62e-27	1.27e-19	6.18e-13	3.98e-07	8.81e-01	1.19e-01	1.92e-05	0.00e+00	0.00e+00	0.00e+00	0.00e+00	0.00e+00	2.10e-80
 2.82805e+13	4.84e-27	1.59e-19	7.23e-13	4.34e-07	8.89e-01	1.11e-01	1.66e-05	0.00e+00	0.00e+00	0.00e+00	0.00e+00	0.00e+00	1.52e-93
 2.92191e+13	6.25e-27	1.94e-19	8.30e-13	4.68e-07	8.95e-01	1.05e-01	1.46e-05	0.00e+00	0.00e+00	0.00e+00	0.00e+00	0.00e+00	8.86e-80
 3.01045e+13	7.90e-27	2.32e-19	9.41e-13	5.01e-07	9.01e-01	9.92e-02	1.30e-05	0.00e+00	0.00e+00	0.00e+00	0.00e+00	0.00e+00	7.27e-93
 3.10816e+13	1.02e-26	2.81e-19	1.08e-12	5.38e-07	9.06e-01	9.36e-02	1.15e-05	0.00e+00	0.00e+00	0.00e+00	0.00e+00	0.00e+00	3.21e-79
 3.21772e+13	1.33e-26	3.46e-19	1.24e-12	5.82e-07	9.12e-01	8.76e-02	1.00e-05	0.00e+00	0.00e+00	0.00e+00	0.00e+00	0.00e+00	3.87e-92
 3.32139e+13	1.71e-26	4.19e-19	1.42e-12	6.24e-07	9.17e-01	8.26e-02	8.87e-06	0.00e+00	0.00e+00	0.00e+00	0.00e+00	0.00e+00	1.28e-78
 3.43488e+13	2.22e-26	5.12e-19	1.63e-12	6.72e-07	9.22e-01	7.76e-02	7.78e-06	0.00e+00	0.00e+00	0.00e+00	0.00e+00	0.00e+00	2.00e-91
 3.56216e+13	2.96e-26	6.37e-19	1.90e-12	7.28e-07	9.28e-01	7.24e-02	6.74e-06	0.00e+00	0.00e+00	0.00e+00	0.00e+00	0.00e+00	5.52e-78
 3.68021e+13	3.82e-26	7.74e-19	2.17e-12	7.82e-07	9.32e-01	6.81e-02	5.94e-06	0.00e+00	0.00e+00	0.00e+00	0.00e+00	0.00e+00	1.14e-90
 3.78979e+13	4.81e-26	9.23e-19	2.45e-12	8.33e-07	9.36e-01	6.44e-02	5.29e-06	0.00e+00	0.00e+00	0.00e+00	0.00e+00	0.00e+00	2.04e-77
 3.91550e+13	6.21e-26	1.12e-18	2.80e-12	8.94e-07	9.39e-01	6.05e-02	4.65e-06	0.00e+00	0.00e+00	0.00e+00	0.00e+00	0.00e+00	5.48e-90
 4.06778e+13	8.37e-26	1.41e-18	3.28e-12	9.71e-07	9.44e-01	5.63e-02	4.00e-06	0.00e+00	0.00e+00	0.00e+00	0.00e+00	0.00e+00	9.06e-77
 4.21783e+13	1.11e-25	1.75e-18	3.80e-12	1.05e-06	9.48e-01	5.25e-02	3.47e-06	0.00e+00	0.00e+00	0.00e+00	0.00e+00	0.00e+00	1.96e-76
 4.34932e+13	1.42e-25	2.10e-18	4.30e-12	1.12e-06	9.50e-01	4.95e-02	3.08e-06	0.00e+00	0.00e+00	0.00e+00	0.00e+00	0.00e+00	3.76e-76
 4.49348e+13	1.83e-25	2.55e-18	4.91e-12	1.20e-06	9.53e-01	4.65e-02	2.71e-06	0.00e+00	0.00e+00	0.00e+00	0.00e+00	0.00e+00	7.53e-76
 4.66795e+13	2.47e-25	3.20e-18	5.74e-12	1.30e-06	9.57e-01	4.32e-02	2.33e-06	0.00e+00	0.00e+00	0.00e+00	0.00e+00	0.00e+00	1.69e-75
 4.84294e+13	3.30e-25	3.98e-18	6.66e-12	1.40e-06	9.60e-01	4.03e-02	2.02e-06	0.00e+00	0.00e+00	0.00e+00	0.00e+00	0.00e+00	3.72e-75
 5.00120e+13	4.26e-25	4.83e-18	7.58e-12	1.50e-06	9.62e-01	3.78e-02	1.78e-06	0.00e+00	0.00e+00	0.00e+00	0.00e+00	0.00e+00	7.41e-75
 5.17664e+13	5.59e-25	5.93e-18	8.72e-12	1.61e-06	9.65e-01	3.54e-02	1.55e-06	0.00e+00	0.00e+00	0.00e+00	0.00e+00	0.00e+00	1.55e-74
 5.38282e+13	7.60e-25	7.48e-18	1.02e-11	1.75e-06	9.67e-01	3.28e-02	1.33e-06	0.00e+00	0.00e+00	0.00e+00	0.00e+00	0.00e+00	3.58e-74
 5.58639e+13	1.02e-24	9.33e-18	1.19e-11	1.89e-06	9.69e-01	3.05e-02	1.15e-06	0.00e+00	0.00e+00	0.00e+00	0.00e+00	0.00e+00	7.96e-74
 5.77692e+13	1.33e-24	1.14e-17	1.36e-11	2.02e-06	9.71e-01	2.86e-02	1.01e-06	0.00e+00	0.00e+00	0.00e+00	0.00e+00	0.00e+00	1.64e-73
 5.98981e+13	1.77e-24	1.41e-17	1.57e-11	2.18e-06	9.73e-01	2.67e-02	8.74e-07	0.00e+00	0.00e+00	0.00e+00	0.00e+00	0.00e+00	3.58e-73
 6.23240e+13	2.42e-24	1.79e-17	1.84e-11	2.36e-06	9.75e-01	2.47e-02	0.00e+00	0.00e+00	0.00e+00	0.00e+00	0.00e+00	0.00e+00	8.40e-73
 6.47343e+13	3.26e-24	2.24e-17	2.14e-11	2.55e-06	9.77e-01	2.29e-02	0.00e+00	0.00e+00	0.00e+00	0.00e+00	0.00e+00	0.00e+00	1.91e-72
 6.72410e+13	4.41e-24	2.81e-17	2.49e-11	2.76e-06	9.79e-01	2.13e-02	0.00e+00	0.00e+00	0.00e+00	0.00e+00	0.00e+00	0.00e+00	4.33e-72
 6.99606e+13	6.03e-24	3.56e-17	2.92e-11	2.99e-06	9.80e-01	1.97e-02	0.00e+00	0.00e+00	0.00e+00	0.00e+00	0.00e+00	0.00e+00	1.02e-71
 7.27890e+13	8.25e-24	4.51e-17	3.43e-11	3.24e-06	9.82e-01	1.82e-02	0.00e+00	0.00e+00	0.00e+00	0.00e+00	1.44e-17	3.07e-17	2.40e-71
 7.55290e+13	1.10e-23	5.62e-17	3.98e-11	3.49e-06	9.83e-01	1.69e-02	0.00e+00	0.00e+00	0.00e+00	0.00e+00	1.87e-17	3.76e-17	5.32e-71
 7.81075e+13	1.44e-23	6.87e-17	4.55e-11	3.74e-06	9.84e-01	1.59e-02	0.00e+00	0.00e+00	0.00e+00	0.00e+00	2.28e-17	4.59e-17	1.10e-70
 8.09906e+13	1.92e-23	8.52e-17	5.26e-11	4.02e-06	9.85e-01	1.48e-02	0.00e+00	0.00e+00	0.00e+00	0.00e+00	2.83e-17	5.69e-17	2.40e-70
 8.38955e+13	2.53e-23	1.05e-16	6.06e-11	4.32e-06	9.86e-01	1.38e-02	0.00e+00	0.00e+00	0.00e+00	0.00e+00	3.49e-17	7.02e-17	5.12e-70
 8.63091e+13	3.16e-23	1.24e-16	6.79e-11	4.58e-06	9.87e-01	1.30e-02	0.00e+00	0.00e+00	0.00e+00	0.00e+00	4.13e-17	8.31e-17	9.44e-70
 8.88655e+13	3.98e-23	1.48e-16	7.63e-11	4.86e-06	9.88e-01	1.23e-02	0.00e+00	0.00e+00	0.00e+00	0.00e+00	4.91e-17	9.88e-17	1.77e-69
 9.21316e+13	5.29e-23	1.83e-16	8.82e-11	5.23e-06	9.89e-01	1.14e-02	0.00e+00	0.00e+00	0.00e+00	0.00e+00	6.08e-17	1.22e-16	3.84e-69
 9.55566e+13	7.05e-23	2.28e-16	1.02e-10	5.64e-06	9.89e-01	1.06e-02	0.00e+00	0.00e+00	0.00e+00	0.00e+00	7.55e-17	1.52e-16	8.48e-69
 9.85866e+13	9.02e-23	2.74e-16	1.16e-10	6.01e-06	9.90e-01	9.98e-03	0.00e+00	0.00e+00	0.00e+00	0.00e+00	9.09e-17	1.83e-16	1.64e-68
 1.01867e+14	1.17e-22	3.33e-16	1.32e-10	6.43e-06	9.91e-01	9.34e-03	0.00e+00	0.00e+00	0.00e+00	0.00e+00	1.10e-16	2.22e-16	3.31e-68
 1.05810e+14	1.57e-22	4.17e-16	1.54e-10	6.95e-06	9.91e-01	8.65e-03	0.00e+00	0.00e+00	0.00e+00	0.00e+00	1.38e-16	2.79e-16	7.46e-68
 1.09806e+14	2.10e-22	5.20e-16	1.79e-10	7.50e-06	9.92e-01	8.03e-03	0.00e+00	0.00e+00	0.00e+00	0.00e+00	1.72e-16	3.47e-16	1.65e-67
 1.13551e+14	2.73e-22	6.34e-16	2.05e-10	8.03e-06	9.92e-01	7.50e-03	0.00e+00	0.00e+00	0.00e+00	0.00e+00	2.10e-16	4.24e-16	3.37e-67
 1.17711e+14	3.62e-22	7.85e-16	2.37e-10	8.65e-06	9.93e-01	6.98e-03	0.00e+00	0.00e+00	0.00e+00	0.00e+00	2.60e-16	5.24e-16	7.26e-67
 1.22120e+14	4.84e-22	9.76e-16	2.74e-10	9.34e-06	9.94e-01	6.47e-03	0.00e+00	0.00e+00	0.00e+00	0.00e+00	3.24e-16	6.52e-16	1.59e-66
 1.26039e+14	6.19e-22	1.18e-15	3.12e-10	9.97e-06	9.94e-01	6.07e-03	0.00e+00	0.00e+00	0.00e+00	0.00e+00	3.91e-16	7.87e-16	3.12e-66
 1.30257e+14	8.01e-22	1.43e-15	3.56e-10	1.07e-05	9.94e-01	5.68e-03	0.00e+00	0.00e+00	0.00e+00	0.00e+00	4.75e-16	9.57e-16	6.27e-66
 1.35309e+14	1.08e-21	1.79e-15	4.16e-10	1.15e-05	9.95e-01	5.25e-03	0.00e+00	0.00e+00	0.00e+00	0.00e+00	5.95e-16	1.20e-15	1.41e-65
 1.40280e+14	1.43e-21	2.22e-15	4.81e-10	1.24e-05	9.95e-01	4.88e-03	0.00e+00	0.00e+00	0.00e+00	0.00e+00	7.37e-16	1.48e-15	3.02e-65
 1.44709e+14	1.82e-21	2.67e-15	5.45e-10	1.33e-05	9.95e-01	4.58e-03	0.00e+00	0.00e+00	0.00e+00	0.00e+00	8.86e-16	1.79e-15	5.86e-65
 1.49599e+14	2.36e-21	3.25e-15	6.24e-10	1.42e-05	9.96e-01	4.28e-03	0.00e+00	0.00e+00	0.00e+00	0.00e+00	1.08e-15	2.17e-15	1.18e-64
 1.55425e+14	3.19e-21	4.08e-15	7.29e-10	1.54e-05	9.96e-01	3.95e-03	0.00e+00	0.00e+00	0.00e+00	0.00e+00	1.35e-15	2.73e-15	2.66e-64
 1.61207e+14	4.24e-21	5.07e-15	8.45e-10	1.66e-05	9.96e-01	3.67e-03	0.00e+00	0.00e+00	0.00e+00	0.00e+00	1.68e-15	3.39e-15	5.78e-64
 1.66494e+14	5.45e-21	6.13e-15	9.63e-10	1.78e-05	9.97e-01	3.43e-03	0.00e+00	0.00e+00	0.00e+00	0.00e+00	2.03e-15	4.10e-15	1.15e-63
 1.72402e+14	7.15e-21	7.54e-15	1.11e-09	1.91e-05	9.97e-01	3.20e-03	0.00e+00	0.00e+00	0.00e+00	0.00e+00	2.50e-15	5.04e-15	2.40e-63
 1.79270e+14	9.70e-21	9.50e-15	1.30e-09	2.07e-05	9.97e-01	2.95e-03	0.00e+00	0.00e+00	0.00e+00	0.00e+00	3.15e-15	6.35e-15	5.49e-63
 1.86015e+14	1.29e-20	1.18e-14	1.51e-09	2.24e-05	9.97e-01	2.74e-03	0.00e+00	0.00e+00	0.00e+00	0.00e+00	3.92e-15	7.90e-15	1.20e-62
 1.92400e+14	1.68e-20	1.44e-14	1.73e-09	2.40e-05	9.97e-01	2.55e-03	0.00e+00	0.00e+00	0.00e+00	0.00e+00	4.78e-15	9.65e-15	2.46e-62
 1.99497e+14	2.23e-20	1.79e-14	2.00e-09	2.58e-05	9.98e-01	2.37e-03	0.00e+00	0.00e+00	0.00e+00	0.00e+00	5.92e-15	1.20e-14	5.31e-62
 2.07507e+14	3.03e-20	2.26e-14	2.35e-09	2.80e-05	9.98e-01	2.18e-03	0.00e+00	0.00e+00	0.00e+00	0.00e+00	7.47e-15	1.51e-14	1.22e-61
 2.15109e+14	4.02e-20	2.79e-14	2.71e-09	3.02e-05	9.98e-01	2.03e-03	0.00e+00	0.00e+00	0.00e+00	0.00e+00	9.25e-15	1.87e-14	2.64e-61
 2.22035e+14	5.15e-20	3.37e-14	3.08e-09	3.22e-05	9.98e-01	1.90e-03	0.00e+00	0.00e+00	0.00e+00	0.00e+00	1.12e-14	2.25e-14	5.18e-61
 2.29875e+14	6.75e-20	4.13e-14	3.54e-09	3.46e-05	9.98e-01	1.77e-03	0.00e+00	0.00e+00	0.00e+00	0.00e+00	1.37e-14	2.77e-14	1.09e-60
 2.39006e+14	9.16e-20	5.21e-14	4.15e-09	3.75e-05	9.98e-01	1.64e-03	0.00e+00	0.00e+00	0.00e+00	0.00e+00	1.72e-14	3.48e-14	2.49e-60
 2.47765e+14	1.21e-19	6.45e-14	4.79e-09	4.04e-05	9.98e-01	1.52e-03	0.00e+00	0.00e+00	0.00e+00	0.00e+00	2.13e-14	4.31e-14	5.38e-60
 2.55698e+14	1.55e-19	7.77e-14	5.44e-09	4.31e-05	9.99e-01	1.43e-03	0.00e+00	0.00e+00	0.00e+00	0.00e+00	2.57e-14	5.20e-14	1.06e-59
 2.63172e+14	1.95e-19	9.21e-14	6.11e-09	4.57e-05	9.99e-01	1.34e-03	0.00e+00	0.00e+00	0.00e+00	0.00e+00	3.05e-14	6.16e-14	1.96e-59
 2.71448e+14	2.48e-19	1.11e-13	6.92e-09	4.87e-05	9.99e-01	1.26e-03	0.00e+00	0.00e+00	0.00e+00	0.00e+00	3.66e-14	7.40e-14	3.79e-59
 2.80700e+14	3.22e-19	1.35e-13	7.91e-09	5.21e-05	9.99e-01	1.18e-03	0.00e+00	0.00e+00	0.00e+00	0.00e+00	4.46e-14	9.03e-14	7.79e-59
 2.89444e+14	4.10e-19	1.62e-13	8.95e-09	5.55e-05	9.99e-01	1.11e-03	0.00e+00	0.00e+00	0.00e+00	0.00e+00	5.35e-14	1.08e-13	1.51e-58
 2.99036e+14	5.29e-19	1.96e-13	1.02e-08	5.93e-05	9.99e-01	1.04e-03	0.00e+00	0.00e+00	0.00e+00	0.00e+00	6.49e-14	1.31e-13	3.03e-58
 3.09776e+14	6.98e-19	2.42e-13	1.18e-08	6.37e-05	9.99e-01	9.64e-04	0.00e+00	0.00e+00	0.00e+00	0.00e+00	7.99e-14	1.62e-13	6.47e-58
 3.19908e+14	8.99e-19	2.93e-13	1.34e-08	6.80e-05	9.99e-01	9.03e-04	0.00e+00	0.00e+00	0.00e+00	0.00e+00	9.67e-14	1.96e-13	1.30e-57
 3.30979e+14	1.17e-18	3.58e-13	1.53e-08	7.30e-05	9.99e-01	8.42e-04	0.00e+00	0.00e+00	0.00e+00	0.00e+00	1.18e-13	2.40e-13	2.69e-57
 3.43220e+14	1.56e-18	4.45e-13	1.77e-08	7.85e-05	9.99e-01	7.82e-04	0.00e+00	0.00e+00	0.00e+00	0.00e+00	1.47e-13	2.98e-13	5.90e-57
 3.54530e+14	2.01e-18	5.39e-13	2.02e-08	8.39e-05	9.99e-01	7.32e-04	0.00e+00	0.00e+00	0.00e+00	0.00e+00	1.78e-13	3.61e-13	1.18e-56
 3.66781e+14	2.63e-18	6.59e-13	2.32e-08	8.99e-05	9.99e-01	6.83e-04	0.00e+00	0.00e+00	0.00e+00	0.00e+00	2.18e-13	4.42e-13	2.47e-56
 3.80472e+14	3.50e-18	8.19e-13	2.69e-08	9.70e-05	9.99e-01	6.34e-04	0.00e+00	0.00e+00	0.00e+00	0.00e+00	2.70e-13	5.49e-13	5.43e-56
 3.93330e+14	4.55e-18	9.98e-13	3.07e-08	1.04e-04	9.99e-01	5.92e-04	0.00e+00	0.00e+00	0.00e+00	0.00e+00	3.29e-13	6.69e-13	1.11e-55
 4.07342e+14	5.97e-18	1.23e-12	3.53e-08	1.12e-04	9.99e-01	5.51e-04	0.00e+00	0.00e+00	0.00e+00	0.00e+00	4.04e-13	8.22e-13	2.35e-55
 4.22929e+14	8.02e-18	1.53e-12	4.11e-08	1.20e-04	9.99e-01	5.10e-04	0.00e+00	0.00e+00	0.00e+00	0.00e+00	5.05e-13	1.03e-12	5.31e-55
 4.37500e+14	1.04e-17	1.87e-12	4.71e-08	1.29e-04	9.99e-01	4.76e-04	0.00e+00	0.00e+00	0.00e+00	0.00e+00	6.16e-13	1.26e-12	1.10e-54
 4.53306e+14	1.38e-17	2.31e-12	5.43e-08	1.39e-04	9.99e-01	4.42e-04	0.00e+00	0.00e+00	0.00e+00	0.00e+00	7.60e-13	1.55e-12	2.34e-54
 4.70979e+14	1.85e-17	2.89e-12	6.33e-08	1.50e-04	9.99e-01	4.09e-04	0.00e+00	0.00e+00	0.00e+00	0.00e+00	9.52e-13	1.94e-12	5.32e-54
 4.87776e+14	2.43e-17	3.56e-12	7.29e-08	1.62e-04	9.99e-01	3.80e-04	0.00e+00	0.00e+00	0.00e+00	0.00e+00	1.17e-12	2.39e-12	1.13e-53
 5.05734e+14	3.21e-17	4.40e-12	8.44e-08	1.74e-04	9.99e-01	3.52e-04	0.00e+00	0.00e+00	0.00e+00	0.00e+00	1.45e-12	2.95e-12	2.43e-53
 5.25994e+14	4.36e-17	5.54e-12	9.89e-08	1.89e-04	9.99e-01	3.25e-04	0.00e+00	0.00e+00	0.00e+00	0.00e+00	1.82e-12	3.72e-12	5.63e-53
 5.45979e+14	5.79e-17	6.89e-12	1.15e-07	2.04e-04	9.99e-01	3.00e-04	0.00e+00	4.77e-18	1.43e-17	2.39e-17	2.26e-12	4.63e-12	1.24e-52
 5.66763e+14	7.72e-17	8.58e-12	1.34e-07	2.21e-04	1.00e+00	2.78e-04	0.00e+00	6.36e-18	1.91e-17	3.19e-17	2.82e-12	5.76e-12	2.75e-52
 5.88803e+14	1.03e-16	1.07e-11	1.56e-07	2.39e-04	1.00e+00	2.56e-04	0.00e+00	8.50e-18	2.55e-17	4.27e-17	3.52e-12	7.20e-12	6.13e-52
 6.07244e+14	1.30e-16	1.28e-11	1.77e-07	2.56e-04	1.00e+00	2.40e-04	0.00e+00	1.08e-17	3.23e-17	5.40e-17	4.21e-12	8.62e-12	1.17e-51
 6.21463e+14	1.55e-16	1.47e-11	1.94e-07	2.68e-04	1.00e+00	2.29e-04	0.00e+00	1.28e-17	3.85e-17	6.43e-17	4.81e-12	9.86e-12	1.91e-51
 6.36853e+14	1.87e-16	1.69e-11	2.14e-07	2.83e-04	1.00e+00	2.17e-04	0.00e+00	1.54e-17	4.63e-17	7.73e-17	5.54e-12	1.14e-11	3.18e-51
 6.56859e+14	2.36e-16	2.02e-11	2.43e-07	3.02e-04	9.99e-01	2.03e-04	0.00e+00	1.94e-17	5.83e-17	9.75e-17	6.63e-12	1.36e-11	6.06e-51
 6.78599e+14	3.00e-16	2.44e-11	2.78e-07	3.24e-04	9.99e-01	1.89e-04	0.00e+00	2.48e-17	7.45e-17	1.24e-16	8.00e-12	1.64e-11	1.19e-50
 6.98269e+14	3.71e-16	2.88e-11	3.12e-07	3.45e-04	9.99e-01	1.78e-04	0.00e+00	3.07e-17	9.21e-17	1.54e-16	9.42e-12	1.93e-11	2.16e-50
 7.19518e+14	4.64e-16	3.42e-11	3.53e-07	3.68e-04	9.99e-01	1.67e-04	0.00e+00	3.83e-17	1.15e-16	1.92e-16	1.12e-11	2.30e-11	4.01e-50
 7.46174e+14	6.06e-16	4.21e-11	4.09e-07	3.99e-04	9.99e-01	1.54e-04	0.00e+00	5.01e-17	1.50e-16	2.51e-16	1.38e-11	2.83e-11	8.49e-50
 7.72979e+14	7.85e-16	5.15e-11	4.73e-07	4.31e-04	9.99e-01	1.43e-04	0.00e+00	6.49e-17	1.95e-16	3.26e-16	1.69e-11	3.47e-11	1.75e-49
 7.95801e+14	9.70e-16	6.08e-11	5.33e-07	4.60e-04	9.99e-01	1.34e-04	0.00e+00	8.03e-17	2.41e-16	4.03e-16	1.99e-11	4.09e-11	3.20e-49
 8.20328e+14	1.20e-15	7.21e-11	6.03e-07	4.92e-04	9.99e-01	1.25e-04	0.00e+00	9.98e-17	3.00e-16	5.01e-16	2.36e-11	4.85e-11	5.90e-49
 8.50890e+14	1.57e-15	8.88e-11	7.01e-07	5.34e-04	9.99e-01	1.15e-04	0.00e+00	1.30e-16	3.91e-16	6.53e-16	2.90e-11	5.97e-11	1.25e-48
 8.82376e+14	2.03e-15	1.09e-10	8.14e-07	5.80e-04	9.99e-01	1.06e-04	0.00e+00	1.69e-16	5.07e-16	8.47e-16	3.56e-11	7.33e-11	2.62e-48
 9.10402e+14	2.54e-15	1.30e-10	9.25e-07	6.22e-04	9.99e-01	9.94e-05	0.00e+00	2.11e-16	6.33e-16	1.06e-15	4.24e-11	8.73e-11	4.94e-48
 9.40848e+14	3.18e-15	1.56e-10	1.06e-06	6.70e-04	9.99e-01	9.23e-05	0.00e+00	2.65e-16	7.95e-16	1.33e-15	5.09e-11	1.05e-10	9.55e-48
 9.77233e+14	4.16e-15	1.92e-10	1.24e-06	7.30e-04	9.99e-01	8.48e-05	0.00e+00	3.46e-16	1.04e-15	1.74e-15	6.29e-11	1.29e-10	2.07e-47
 1.01310e+15	5.34e-15	2.35e-10	1.43e-06	7.92e-04	9.99e-01	7.82e-05	0.00e+00	4.45e-16	1.34e-15	2.23e-15	7.67e-11	1.58e-10	4.29e-47
 1.04530e+15	6.60e-15	2.79e-10	1.63e-06	8.51e-04	9.99e-01	7.29e-05	0.00e+00	5.51e-16	1.65e-15	2.76e-15	9.11e-11	1.88e-10	8.05e-47
 1.08097e+15	8.31e-15	3.35e-10	1.86e-06	9.18e-04	9.99e-01	6.76e-05	0.00e+00	6.94e-16	2.08e-15	3.48e-15	1.10e-10	2.26e-10	1.59e-46
 1.12316e+15	1.08e-14	4.13e-10	2.18e-06	1.00e-03	9.99e-01	6.20e-05	0.00e+00	9.00e-16	2.70e-15	4.52e-15	1.35e-10	2.78e-10	3.45e-46
 1.16490e+15	1.38e-14	5.04e-10	2.53e-06	1.09e-03	9.99e-01	5.71e-05	0.00e+00	1.15e-15	3.46e-15	5.78e-15	1.65e-10	3.39e-10	7.22e-46
 1.20340e+15	1.71e-14	6.01e-10	2.88e-06	1.17e-03	9.99e-01	5.31e-05	0.00e+00	1.43e-15	4.31e-15	7.19e-15	1.97e-10	4.05e-10	1.39e-45
 1.24664e+15	2.16e-14	7.28e-10	3.33e-06	1.27e-03	9.99e-01	4.90e-05	0.00e+00	1.82e-15	5.45e-15	9.11e-15	2.38e-10	4.90e-10	2.85e-45
 1.29652e+15	2.81e-14	9.00e-10	3.90e-06	1.39e-03	9.99e-01	4.49e-05	0.00e+00	2.36e-15	7.08e-15	1.18e-14	2.94e-10	6.06e-10	6.34e-45
 1.34527e+15	3.45e-14	1.10e-09	4.52e-06	1.52e-03	9.98e-01	4.13e-05	0.00e+00	2.91e-15	8.73e-15	1.46e-14	3.59e-10	7.39e-10	1.33e-44
 1.39189e+15	4.30e-14	1.32e-09	5.19e-06	1.64e-03	9.98e-01	3.83e-05	0.00e+00	3.62e-15	1.09e-14	1.82e-14	4.32e-10	8.87e-10	2.66e-44
 1.44351e+15	5.43e-14	1.60e-09	6.01e-06	1.78e-03	9.98e-01	3.53e-05	0.00e+00	4.58e-15	1.38e-14	2.30e-14	5.25e-10	1.08e-09	5.60e-44
 1.49209e+15	6.69e-14	1.92e-09	6.87e-06	1.92e-03	9.98e-01	3.28e-05	0.00e+00	5.65e-15	1.70e-14	2.83e-14	6.27e-10	1.29e-09	1.10e-43
 1.52864e+15	7.80e-14	2.18e-09	7.57e-06	2.03e-03	9.98e-01	3.10e-05	0.00e+00	6.60e-15	1.98e-14	3.31e-14	7.15e-10	1.47e-09	1.82e-43
 1.56612e+15	9.08e-14	2.49e-09	8.34e-06	2.15e-03	9.98e-01	2.94e-05	0.00e+00	7.69e-15	2.31e-14	3.86e-14	8.14e-10	1.67e-09	2.98e-43
 1.61483e+15	1.10e-13	2.93e-09	9.43e-06	2.31e-03	9.98e-01	2.75e-05	0.00e+00	9.33e-15	2.80e-14	4.68e-14	9.59e-10	1.97e-09	5.61e-43
 1.66747e+15	1.34e-13	3.48e-09	1.07e-05	2.48e-03	9.97e-01	2.56e-05	0.00e+00	1.14e-14	3.42e-14	5.72e-14	1.14e-09	2.34e-09	1.10e-42
 1.71469e+15	1.60e-13	4.04e-09	1.20e-05	2.65e-03	9.97e-01	2.40e-05	0.00e+00	1.36e-14	4.07e-14	6.80e-14	1.32e-09	2.71e-09	1.96e-42
 1.76555e+15	1.92e-13	4.72e-09	1.35e-05	2.83e-03	9.97e-01	2.25e-05	0.00e+00	1.63e-14	4.89e-14	8.17e-14	1.55e-09	3.17e-09	3.63e-42
 1.83020e+15	2.39e-13	5.73e-09	1.56e-05	3.07e-03	9.97e-01	2.08e-05	0.00e+00	2.04e-14	6.12e-14	1.02e-13	1.88e-09	3.85e-09	7.84e-42
 1.89543e+15	2.96e-13	6.92e-09	1.79e-05	3.33e-03	9.97e-01	1.93e-05	0.00e+00	2.53e-14	7.58e-14	1.27e-13	2.27e-09	4.65e-09	1.65e-41
 1.95023e+15	3.52e-13	8.07e-09	2.01e-05	3.55e-03	9.96e-01	1.82e-05	0.00e+00	3.00e-14	9.02e-14	1.51e-13	2.65e-09	5.42e-09	3.04e-41
 2.00881e+15	4.22e-13	9.46e-09	2.26e-05	3.80e-03	9.96e-01	1.70e-05	0.00e+00	3.61e-14	1.08e-13	1.81e-13	3.11e-09	6.35e-09	5.71e-41
 2.08277e+15	5.26e-13	1.15e-08	2.61e-05	4.13e-03	9.96e-01	1.58e-05	0.00e+00	4.50e-14	1.35e-13	2.26e-13	3.78e-09	7.73e-09	1.24e-40
 2.16032e+15	6.54e-13	1.40e-08	3.02e-05	4.48e-03	9.95e-01	1.46e-05	0.00e+00	5.61e-14	1.68e-13	2.81e-13	4.61e-09	9.42e-09	2.70e-40
 2.23019e+15	7.92e-13	1.66e-08	3.42e-05	4.82e-03	9.95e-01	1.36e-05	0.00e+00	6.80e-14	2.04e-13	3.41e-13	5.47e-09	1.12e-08	5.32e-40
 2.30648e+15	9.70e-13	2.00e-08	3.92e-05	5.20e-03	9.95e-01	1.27e-05	0.00e+00	8.34e-14	2.50e-13	4.18e-13	6.57e-09	1.34e-08	1.09e-39
 2.39660e+15	1.22e-12	2.47e-08	4.57e-05	5.68e-03	9.94e-01	1.18e-05	0.00e+00	1.05e-13	3.15e-13	5.25e-13	8.11e-09	1.66e-08	2.51e-39
 2.48488e+15	1.50e-12	3.00e-08	5.27e-05	6.16e-03	9.94e-01	1.09e-05	0.00e+00	1.30e-13	3.89e-13	6.49e-13	9.88e-09	2.02e-08	5.45e-39
 2.56539e+15	1.82e-12	3.57e-08	5.98e-05	6.62e-03	9.93e-01	1.03e-05	0.00e+00	1.57e-13	4.72e-13	7.87e-13	1.18e-08	2.40e-08	1.08e-38
 2.65565e+15	2.24e-12	4.32e-08	6.87e-05	7.16e-03	9.93e-01	9.57e-06	0.00e+00	1.93e-13	5.80e-13	9.68e-13	1.42e-08	2.90e-08	2.27e-38
 2.76081e+15	2.81e-12	5.35e-08	8.02e-05	7.82e-03	9.92e-01	8.87e-06	0.00e+00	2.43e-13	7.30e-13	1.22e-12	1.76e-08	3.59e-08	5.22e-38
 2.86430e+15	3.49e-12	6.55e-08	9.29e-05	8.49e-03	9.91e-01	8.28e-06	0.00e+00	3.02e-13	9.06e-13	1.51e-12	2.16e-08	4.39e-08	1.15e-37
 2.96196e+15	4.23e-12	7.89e-08	1.06e-04	9.16e-03	9.91e-01	7.78e-06	0.00e+00	3.67e-13	1.10e-12	1.84e-12	2.60e-08	5.29e-08	2.33e-37
 3.07050e+15	5.23e-12	9.63e-08	1.23e-04	9.93e-03	9.90e-01	7.29e-06	0.00e+00	4.54e-13	1.36e-12	2.27e-12	3.18e-08	6.46e-08	5.01e-37
 3.17380e+15	6.30e-12	1.16e-07	1.40e-04	1.07e-02	9.89e-01	6.88e-06	0.00e+00	5.48e-13	1.64e-12	2.74e-12	3.81e-08	7.75e-08	1.00e-36
 3.25083e+15	7.13e-12	1.32e-07	1.54e-04	1.13e-02	9.89e-01	6.61e-06	0.00e+00	6.20e-13	1.86e-12	3.11e-12	4.36e-08	8.85e-08	1.66e-36
 3.32894e+15	8.21e-12	1.51e-07	1.70e-04	1.19e-02	9.88e-01	6.35e-06	0.00e+00	7.14e-13	2.14e-12	3.58e-12	4.98e-08	1.01e-07	2.75e-36
 3.43048e+15	9.85e-12	1.78e-07	1.91e-04	1.28e-02	9.87e-01	6.03e-06	0.00e+00	8.58e-13	2.57e-12	4.30e-12	5.88e-08	1.19e-07	5.19e-36
 3.54070e+15	1.18e-11	2.13e-07	2.17e-04	1.37e-02	9.86e-01	5.72e-06	0.00e+00	1.03e-12	3.09e-12	5.15e-12	7.02e-08	1.42e-07	9.98e-36
 3.63981e+15	1.38e-11	2.48e-07	2.43e-04	1.46e-02	9.85e-01	5.48e-06	0.00e+00	1.20e-12	3.62e-12	6.03e-12	8.19e-08	1.66e-07	1.77e-35
 3.74627e+15	1.64e-11	2.92e-07	2.72e-04	1.55e-02	9.84e-01	5.25e-06	0.00e+00	1.43e-12	4.29e-12	7.15e-12	9.63e-08	1.95e-07	3.23e-35
 3.88258e+15	2.02e-11	3.57e-07	3.15e-04	1.69e-02	9.83e-01	4.98e-06	0.00e+00	1.77e-12	5.31e-12	8.87e-12	1.18e-07	2.39e-07	6.78e-35
 4.02002e+15	2.48e-11	4.32e-07	3.62e-04	1.82e-02	9.81e-01	4.73e-06	0.00e+00	2.17e-12	6.50e-12	1.09e-11	1.43e-07	2.89e-07	1.37e-34
 4.13369e+15	2.90e-11	5.06e-07	4.05e-04	1.94e-02	9.80e-01	4.57e-06	0.00e+00	2.55e-12	7.64e-12	1.27e-11	1.67e-07	3.39e-07	2.41e-34
 4.25413e+15	3.47e-11	5.96e-07	4.55e-04	2.07e-02	9.79e-01	4.40e-06	0.00e+00	3.04e-12	9.13e-12	1.52e-11	1.97e-07	3.99e-07	4.38e-34
 4.40866e+15	4.31e-11	7.31e-07	5.26e-04	2.25e-02	9.77e-01	4.19e-06	0.00e+00	3.79e-12	1.14e-11	1.90e-11	2.42e-07	4.89e-07	9.12e-34
 4.56991e+15	5.34e-11	8.96e-07	6.08e-04	2.44e-02	9.75e-01	4.01e-06	0.00e+00	4.70e-12	1.41e-11	2.35e-11	2.96e-07	5.99e-07	1.88e-33
 4.71046e+15	6.38e-11	1.07e-06	6.88e-04	2.61e-02	9.73e-01	3.89e-06	0.00e+00	5.62e-12	1.69e-11	2.81e-11	3.52e-07	7.13e-07	3.44e-33
 4.86172e+15	7.79e-11	1.28e-06	7.83e-04	2.80e-02	9.71e-01	3.75e-06	0.00e+00	6.86e-12	2.06e-11	3.43e-11	4.23e-07	8.55e-07	6.55e-33
 5.04618e+15	9.80e-11	1.58e-06	9.12e-04	3.05e-02	9.69e-01	3.61e-06	0.00e+00	8.64e-12	2.59e-11	4.33e-11	5.24e-07	1.06e-06	1.39e-32
 5.22806e+15	1.21e-10	1.94e-06	1.05e-03	3.31e-02	9.66e-01	3.47e-06	0.00e+00	1.07e-11	3.21e-11	5.35e-11	6.41e-07	1.29e-06	2.76e-32
 5.38594e+15	1.46e-10	2.30e-06	1.19e-03	3.55e-02	9.63e-01	3.39e-06	0.00e+00	1.29e-11	3.88e-11	6.47e-11	7.61e-07	1.54e-06	4.94e-32
 5.55834e+15	1.79e-10	2.76e-06	1.36e-03	3.81e-02	9.60e-01	3.30e-06	0.00e+00	1.59e-11	4.76e-11	7.94e-11	9.15e-07	1.85e-06	9.24e-32
 5.74907e+15	2.20e-10	3.35e-06	1.56e-03	4.12e-02	9.57e-01	3.19e-06	0.00e+00	1.95e-11	5.85e-11	9.76e-11	1.11e-06	2.24e-06	1.77e-31
 5.92680e+15	2.67e-10	3.99e-06	1.77e-03	4.42e-02	9.54e-01	3.11e-06	0.00e+00	2.37e-11	7.10e-11	1.18e-10	1.32e-06	2.67e-06	3.17e-31
 6.08107e+15	3.14e-10	4.63e-06	1.96e-03	4.70e-02	9.51e-01	3.06e-06	0.00e+00	2.79e-11	8.36e-11	1.39e-10	1.53e-06	3.10e-06	5.13e-31
 6.24169e+15	3.73e-10	5.40e-06	2.19e-03	4.99e-02	9.48e-01	3.00e-06	0.00e+00	3.32e-11	9.95e-11	1.66e-10	1.79e-06	3.61e-06	8.53e-31
 6.41901e+15	4.46e-10	6.35e-06	2.47e-03	5.33e-02	9.44e-01	2.93e-06	0.00e+00	3.96e-11	1.19e-10	1.98e-10	2.11e-06	4.25e-06	1.44e-30
 6.58554e+15	5.28e-10	7.38e-06	2.75e-03	5.66e-02	9.41e-01	2.88e-06	0.00e+00	4.70e-11	1.41e-10	2.35e-10	2.45e-06	4.93e-06	2.27e-30
 6.76954e+15	6.35e-10	8.70e-06	3.09e-03	6.05e-02	9.36e-01	2.82e-06	0.00e+00	5.66e-11	1.70e-10	2.83e-10	2.88e-06	5.81e-06	3.88e-30
 6.96934e+15	7.68e-10	1.03e-05	3.50e-03	6.49e-02	9.32e-01	2.77e-06	0.00e+00	6.85e-11	2.05e-10	3.43e-10	3.42e-06	6.88e-06	6.61e-30
 7.15357e+15	9.16e-10	1.20e-05	3.91e-03	6.90e-02	9.27e-01	2.73e-06	0.00e+00	8.17e-11	2.45e-10	4.09e-10	3.99e-06	8.03e-06	1.07e-29
 7.35696e+15	1.12e-09	1.42e-05	4.42e-03	7.40e-02	9.22e-01	2.69e-06	0.00e+00	1.00e-10	3.00e-10	5.01e-10	4.73e-06	9.52e-06	1.82e-29
 7.57917e+15	1.37e-09	1.70e-05	5.03e-03	7.95e-02	9.15e-01	2.65e-06	0.00e+00	1.23e-10	3.68e-10	6.14e-10	5.64e-06	1.14e-05	3.13e-29
 7.78694e+15	1.64e-09	2.00e-05	5.66e-03	8.49e-02	9.09e-01	2.60e-06	0.00e+00	1.47e-10	4.40e-10	7.33e-10	6.63e-06	1.33e-05	5.07e-29
 8.01808e+15	2.04e-09	2.39e-05	6.47e-03	9.14e-02	9.02e-01	2.56e-06	0.00e+00	1.83e-10	5.49e-10	9.16e-10	7.95e-06	1.60e-05	8.84e-29
 8.26383e+15	2.49e-09	2.87e-05	7.40e-03	9.84e-02	8.94e-01	2.50e-06	0.00e+00	2.23e-10	6.70e-10	1.12e-09	9.53e-06	1.92e-05	1.51e-28
 8.47903e+15	3.03e-09	3.35e-05	8.31e-03	1.05e-01	8.87e-01	2.48e-06	0.00e+00	2.72e-10	8.16e-10	1.36e-09	1.11e-05	2.24e-05	2.37e-28
 8.70924e+15	3.67e-09	3.98e-05	9.43e-03	1.12e-01	8.78e-01	2.43e-06	0.00e+00	3.30e-10	9.91e-10	1.65e-09	1.32e-05	2.66e-05	3.94e-28
 8.96355e+15	4.57e-09	4.77e-05	1.08e-02	1.21e-01	8.68e-01	2.40e-06	0.00e+00	4.12e-10	1.23e-09	2.06e-09	1.58e-05	3.18e-05	6.63e-28
 9.19710e+15	5.54e-09	5.60e-05	1.22e-02	1.29e-01	8.58e-01	2.38e-06	0.00e+00	5.00e-10	1.50e-09	2.50e-09	1.86e-05	3.74e-05	1.04e-27
 9.44864e+15	6.83e-09	6.70e-05	1.39e-02	1.39e-01	8.47e-01	2.33e-06	0.00e+00	6.17e-10	1.85e-09	3.08e-09	2.23e-05	4.47e-05	1.74e-27
 9.72074e+15	8.60e-09	8.07e-05	1.60e-02	1.50e-01	8.34e-01	2.30e-06	0.00e+00	7.78e-10	2.33e-09	3.89e-09	2.68e-05	5.38e-05	2.92e-27
 9.95041e+15	1.04e-08	9.38e-05	1.80e-02	1.59e-01	8.23e-01	2.27e-06	0.00e+00	9.37e-10	2.81e-09	4.69e-09	3.12e-05	6.26e-05	4.36e-27
 1.01459e+16	1.21e-08	1.07e-04	1.99e-02	1.68e-01	8.12e-01	2.26e-06	0.00e+00	1.10e-09	3.29e-09	5.49e-09	3.56e-05	7.14e-05	6.26e-27
 1.03660e+16	1.47e-08	1.25e-04	2.24e-02	1.78e-01	7.99e-01	2.23e-06	0.00e+00	1.33e-09	4.00e-09	6.67e-09	4.16e-05	8.34e-05	9.66e-27
 1.06075e+16	1.79e-08	1.47e-04	2.54e-02	1.90e-01	7.84e-01	2.20e-06	0.00e+00	1.62e-09	4.86e-09	8.11e-09	4.89e-05	9.80e-05	1.49e-26
 1.08273e+16	2.15e-08	1.70e-04	2.84e-02	2.01e-01	7.70e-01	2.18e-06	0.00e+00	1.95e-09	5.85e-09	9.75e-09	5.66e-05	1.13e-04	2.20e-26
 1.10308e+16	2.52e-08	1.95e-04	3.16e-02	2.12e-01	7.56e-01	2.16e-06	0.00e+00	2.29e-09	6.87e-09	1.15e-08	6.48e-05	1.30e-04	3.15e-26
 1.12626e+16	3.12e-08	2.30e-04	3.58e-02	2.26e-01	7.38e-01	2.14e-06	0.00e+00	2.84e-09	8.52e-09	1.42e-08	7.66e-05	1.53e-04	5.01e-26
 1.15078e+16	3.80e-08	2.71e-04	4.07e-02	2.40e-01	7.19e-01	2.11e-06	0.00e+00	3.46e-09	1.04e-08	1.73e-08	9.01e-05	1.80e-04	7.61e-26
 1.17206e+16	4.56e-08	3.13e-04	4.56e-02	2.53e-01	7.01e-01	2.10e-06	0.00e+00	4.16e-09	1.25e-08	2.08e-08	1.04e-04	2.09e-04	1.12e-25
 1.19161e+16	5.52e-08	3.60e-04	5.08e-02	2.66e-01	6.83e-01	2.10e-06	0.00e+00	5.04e-09	1.51e-08	2.52e-08	1.20e-04	2.40e-04	1.63e-25
 1.21092e+16	6.47e-08	4.12e-04	5.65e-02	2.79e-01	6.64e-01	2.08e-06	0.00e+00	5.91e-09	1.77e-08	2.95e-08	1.37e-04	2.75e-04	2.32e-25
 1.23303e+16	8.11e-08	4.89e-04	6.42e-02	2.95e-01	6.40e-01	2.08e-06	0.00e+00	7.42e-09	2.23e-08	3.71e-08	1.63e-04	3.26e-04	3.74e-25
 1.25605e+16	9.90e-08	5.74e-04	7.30e-02	3.12e-01	6.15e-01	2.06e-06	0.00e+00	9.07e-09	2.72e-08	4.53e-08	1.91e-04	3.83e-04	5.63e-25
 1.27556e+16	1.19e-07	6.63e-04	8.17e-02	3.26e-01	5.91e-01	2.06e-06	0.00e+00	1.09e-08	3.27e-08	5.46e-08	2.21e-04	4.42e-04	8.31e-25
 1.29320e+16	1.42e-07	7.59e-04	9.07e-02	3.41e-01	5.68e-01	2.06e-06	0.00e+00	1.30e-08	3.91e-08	6.51e-08	2.53e-04	5.06e-04	1.20e-24
 1.31311e+16	1.75e-07	8.91e-04	1.02e-01	3.57e-01	5.40e-01	2.05e-06	0.00e+00	1.61e-08	4.81e-08	8.02e-08	2.97e-04	5.94e-04	1.88e-24
 1.33399e+16	2.20e-07	1.05e-03	1.16e-01	3.74e-01	5.08e-01	2.09e-06	0.00e+00	2.02e-08	6.05e-08	1.01e-07	3.51e-04	7.04e-04	3.03e-24
 1.35116e+16	2.63e-07	1.21e-03	1.29e-01	3.89e-01	4.81e-01	2.08e-06	5.75e-12	2.41e-08	7.24e-08	1.21e-07	4.03e-04	8.07e-04	4.41e-24
 1.36598e+16	3.09e-07	1.36e-03	1.42e-01	4.01e-01	4.56e-01	2.09e-06	0.00e+00	2.85e-08	8.54e-08	1.42e-07	4.54e-04	9.08e-04	6.12e-24
 1.38269e+16	3.71e-07	1.55e-03	1.57e-01	4.15e-01	4.26e-01	2.06e-06	0.00e+00	3.41e-08	1.02e-07	1.71e-07	5.16e-04	1.03e-03	8.78e-24
 1.40075e+16	4.57e-07	1.80e-03	1.77e-01	4.29e-01	3.92e-01	2.05e-06	0.00e+00	4.21e-08	1.26e-07	2.10e-07	6.01e-04	1.20e-03	1.37e-23
 1.41612e+16	5.54e-07	2.12e-03	1.96e-01	4.42e-01	3.60e-01	2.10e-06	0.00e+00	5.11e-08	1.53e-07	2.55e-07	7.06e-04	1.41e-03	2.30e-23
 1.42744e+16	6.29e-07	2.34e-03	2.11e-01	4.50e-01	3.37e-01	2.12e-06	8.80e-12	5.80e-08	1.74e-07	2.90e-07	7.78e-04	1.56e-03	3.08e-23
 1.43794e+16	7.17e-07	2.53e-03	2.26e-01	4.57e-01	3.15e-01	2.10e-06	0.00e+00	6.63e-08	1.99e-07	3.31e-07	8.44e-04	1.69e-03	3.91e-23
 1.45158e+16	8.56e-07	2.87e-03	2.47e-01	4.66e-01	2.84e-01	2.06e-06	0.00e+00	7.91e-08	2.37e-07	3.95e-07	9.55e-04	1.91e-03	5.78e-23
 1.46399e+16	1.00e-06	3.21e-03	2.67e-01	4.72e-01	2.57e-01	2.05e-06	0.00e+00	9.27e-08	2.78e-07	4.63e-07	1.07e-03	2.14e-03	8.43e-23
 1.47167e+16	1.12e-06	3.51e-03	2.82e-01	4.76e-01	2.39e-01	2.09e-06	0.00e+00	1.04e-07	3.11e-07	5.19e-07	1.17e-03	2.34e-03	1.17e-22
 1.47703e+16	1.20e-06	3.70e-03	2.92e-01	4.78e-01	2.26e-01	2.09e-06	1.32e-11	1.11e-07	3.33e-07	5.55e-07	1.23e-03	2.47e-03	1.41e-22
