#depth	O	O+	O+2	O+3	O+4	O+5	O+6	O+7	O+8	O[1]	O[2]	O[3]
 1.49634e+10	0.00e+00	5.00e-31	1.41e-20	4.32e-12	7.57e-06	1.24e-02	9.88e-01	0.00e+00	0.00e+00	0.00e+00	0.00e+00	0.00e+00
 4.54887e+10	7.73e-43	7.36e-31	1.93e-20	5.46e-12	8.85e-06	1.34e-02	9.87e-01	3.67e-08	0.00e+00	0.00e+00	0.00e+00	0.00e+00
 7.72350e+10	0.00e+00	1.09e-30	2.63e-20	6.90e-12	1.03e-05	1.45e-02	9.85e-01	0.00e+00	0.00e+00	0.00e+00	0.00e+00	0.00e+00
 1.10251e+11	1.96e-42	1.60e-30	3.59e-20	8.71e-12	1.21e-05	1.57e-02	9.84e-01	0.00e+00	0.00e+00	0.00e+00	0.00e+00	0.00e+00
 1.44588e+11	0.00e+00	2.36e-30	4.90e-20	1.10e-11	1.41e-05	1.70e-02	9.83e-01	0.00e+00	0.00e+00	0.00e+00	0.00e+00	0.00e+00
 1.80298e+11	4.95e-42	3.47e-30	6.67e-20	1.39e-11	1.65e-05	1.84e-02	9.82e-01	0.00e+00	0.00e+00	0.00e+00	0.00e+00	0.00e+00
 2.17437e+11	0.00e+00	5.10e-30	9.10e-20	1.76e-11	1.93e-05	1.99e-02	9.80e-01	0.00e+00	0.00e+00	0.00e+00	0.00e+00	0.00e+00
 2.56061e+11	1.25e-41	7.49e-30	1.24e-19	2.22e-11	2.26e-05	2.15e-02	9.78e-01	0.00e+00	0.00e+00	0.00e+00	0.00e+00	0.00e+00
 2.96231e+11	0.00e+00	1.10e-29	1.69e-19	2.80e-11	2.64e-05	2.32e-02	9.77e-01	0.00e+00	0.00e+00	0.00e+00	0.00e+00	0.00e+00
 3.38007e+11	3.12e-41	1.62e-29	2.30e-19	3.54e-11	3.08e-05	2.51e-02	9.75e-01	0.00e+00	0.00e+00	0.00e+00	0.00e+00	0.00e+00
 3.81454e+11	0.00e+00	2.37e-29	3.13e-19	4.46e-11	3.60e-05	2.72e-02	9.73e-01	0.00e+00	0.00e+00	0.00e+00	0.00e+00	0.00e+00
 4.26639e+11	7.79e-41	3.47e-29	4.26e-19	5.63e-11	4.21e-05	2.94e-02	9.71e-01	0.00e+00	0.00e+00	0.00e+00	0.00e+00	0.00e+00
 4.73631e+11	0.00e+00	5.07e-29	5.78e-19	7.11e-11	4.92e-05	3.18e-02	9.68e-01	0.00e+00	0.00e+00	0.00e+00	0.00e+00	0.00e+00
 5.22503e+11	1.93e-40	7.41e-29	7.85e-19	8.96e-11	5.75e-05	3.44e-02	9.66e-01	0.00e+00	0.00e+00	0.00e+00	0.00e+00	0.00e+00
 5.73330e+11	0.00e+00	1.08e-28	1.07e-18	1.13e-10	6.72e-05	3.72e-02	9.63e-01	0.00e+00	0.00e+00	0.00e+00	0.00e+00	0.00e+00
 6.26190e+11	4.73e-40	1.57e-28	1.44e-18	1.42e-10	7.85e-05	4.02e-02	9.60e-01	0.00e+00	0.00e+00	0.00e+00	0.00e+00	0.00e+00
 6.81164e+11	0.00e+00	2.28e-28	1.96e-18	1.80e-10	9.16e-05	4.35e-02	9.56e-01	0.00e+00	0.00e+00	0.00e+00	0.00e+00	0.00e+00
 7.38337e+11	1.15e-39	3.31e-28	2.64e-18	2.26e-10	1.07e-04	4.70e-02	9.53e-01	0.00e+00	0.00e+00	0.00e+00	0.00e+00	0.00e+00
 7.97798e+11	0.00e+00	4.79e-28	3.57e-18	2.85e-10	1.25e-04	5.09e-02	9.49e-01	0.00e+00	0.00e+00	0.00e+00	0.00e+00	0.00e+00
 8.59636e+11	2.75e-39	6.91e-28	4.82e-18	3.58e-10	1.46e-04	5.51e-02	9.45e-01	0.00e+00	0.00e+00	0.00e+00	0.00e+00	0.00e+00
 9.23949e+11	0.00e+00	9.93e-28	6.48e-18	4.50e-10	1.70e-04	5.97e-02	9.40e-01	0.00e+00	0.00e+00	0.00e+00	0.00e+00	0.00e+00
 9.90833e+11	6.47e-39	1.42e-27	8.71e-18	5.66e-10	1.99e-04	6.46e-02	9.35e-01	0.00e+00	0.00e+00	0.00e+00	0.00e+00	0.00e+00
 1.06039e+12	0.00e+00	2.03e-27	1.17e-17	7.11e-10	2.32e-04	6.99e-02	9.30e-01	0.00e+00	0.00e+00	0.00e+00	0.00e+00	0.00e+00
 1.13274e+12	1.49e-38	2.89e-27	1.56e-17	8.92e-10	2.71e-04	7.58e-02	9.24e-01	0.00e+00	0.00e+00	0.00e+00	0.00e+00	0.00e+00
 1.20797e+12	0.00e+00	4.09e-27	2.09e-17	1.12e-09	3.15e-04	8.21e-02	9.18e-01	0.00e+00	0.00e+00	0.00e+00	0.00e+00	0.00e+00
 1.28622e+12	3.35e-38	5.76e-27	2.78e-17	1.40e-09	3.68e-04	8.89e-02	9.11e-01	0.00e+00	0.00e+00	0.00e+00	0.00e+00	0.00e+00
 1.36759e+12	0.00e+00	8.04e-27	3.67e-17	1.75e-09	4.28e-04	9.64e-02	9.03e-01	0.00e+00	0.00e+00	0.00e+00	0.00e+00	0.00e+00
 1.45222e+12	7.25e-38	1.12e-26	4.86e-17	2.19e-09	4.98e-04	1.05e-01	8.95e-01	0.00e+00	0.00e+00	0.00e+00	0.00e+00	0.00e+00
 1.54024e+12	0.00e+00	1.55e-26	6.41e-17	2.74e-09	5.79e-04	1.13e-01	8.86e-01	0.00e+00	0.00e+00	0.00e+00	0.00e+00	0.00e+00
 1.63178e+12	1.52e-37	2.13e-26	8.41e-17	3.41e-09	6.73e-04	1.23e-01	8.76e-01	0.00e+00	0.00e+00	0.00e+00	0.00e+00	0.00e+00
 1.72697e+12	0.00e+00	2.90e-26	1.10e-16	4.25e-09	7.81e-04	1.33e-01	8.66e-01	0.00e+00	0.00e+00	0.00e+00	0.00e+00	0.00e+00
 1.82598e+12	3.04e-37	3.93e-26	1.44e-16	5.28e-09	9.05e-04	1.44e-01	8.55e-01	0.00e+00	0.00e+00	0.00e+00	0.00e+00	0.00e+00
 1.92895e+12	0.00e+00	5.29e-26	1.87e-16	6.55e-09	1.05e-03	1.57e-01	8.42e-01	0.00e+00	0.00e+00	0.00e+00	0.00e+00	0.00e+00
 2.03603e+12	5.87e-37	7.09e-26	2.42e-16	8.12e-09	1.21e-03	1.70e-01	8.29e-01	0.00e+00	0.00e+00	0.00e+00	0.00e+00	0.00e+00
 2.14740e+12	0.00e+00	9.43e-26	3.13e-16	1.01e-08	1.39e-03	1.84e-01	8.15e-01	0.00e+00	0.00e+00	0.00e+00	0.00e+00	0.00e+00
 2.26322e+12	1.09e-36	1.25e-25	4.03e-16	1.24e-08	1.60e-03	1.99e-01	8.00e-01	0.00e+00	0.00e+00	0.00e+00	0.00e+00	0.00e+00
 2.38368e+12	0.00e+00	1.65e-25	5.19e-16	1.53e-08	1.84e-03	2.15e-01	7.83e-01	0.00e+00	0.00e+00	0.00e+00	0.00e+00	0.00e+00
 2.50895e+12	1.97e-36	2.17e-25	6.66e-16	1.89e-08	2.10e-03	2.32e-01	7.66e-01	0.00e+00	0.00e+00	0.00e+00	0.00e+00	0.00e+00
 2.63924e+12	0.00e+00	2.86e-25	8.56e-16	2.32e-08	2.40e-03	2.50e-01	7.48e-01	0.00e+00	0.00e+00	0.00e+00	0.00e+00	0.00e+00
 2.77473e+12	3.50e-36	3.76e-25	1.10e-15	2.85e-08	2.73e-03	2.68e-01	7.29e-01	0.00e+00	0.00e+00	0.00e+00	0.00e+00	0.00e+00
 2.91565e+12	0.00e+00	4.95e-25	1.41e-15	3.50e-08	3.10e-03	2.88e-01	7.09e-01	0.00e+00	0.00e+00	0.00e+00	0.00e+00	0.00e+00
 3.06220e+12	6.21e-36	6.54e-25	1.81e-15	4.29e-08	3.52e-03	3.09e-01	6.88e-01	0.00e+00	0.00e+00	0.00e+00	0.00e+00	0.00e+00
 3.21461e+12	0.00e+00	8.66e-25	2.34e-15	5.25e-08	3.97e-03	3.30e-01	6.66e-01	0.00e+00	0.00e+00	0.00e+00	0.00e+00	0.00e+00
 3.37313e+12	1.11e-35	1.15e-24	3.01e-15	6.42e-08	4.48e-03	3.51e-01	6.44e-01	0.00e+00	0.00e+00	0.00e+00	0.00e+00	0.00e+00
 3.53798e+12	0.00e+00	1.54e-24	3.89e-15	7.83e-08	5.05e-03	3.74e-01	6.21e-01	0.00e+00	0.00e+00	0.00e+00	0.00e+00	0.00e+00
 3.70942e+12	2.04e-35	2.07e-24	5.03e-15	9.55e-08	5.67e-03	3.96e-01	5.98e-01	0.00e+00	0.00e+00	0.00e+00	0.00e+00	0.00e+00
 3.88773e+12	0.00e+00	2.79e-24	6.51e-15	1.16e-07	6.35e-03	4.19e-01	5.74e-01	0.00e+00	0.00e+00	0.00e+00	0.00e+00	0.00e+00
 4.07316e+12	3.81e-35	3.79e-24	8.45e-15	1.41e-07	7.11e-03	4.42e-01	5.51e-01	0.00e+00	0.00e+00	0.00e+00	0.00e+00	0.00e+00
 4.26602e+12	5.27e-35	5.16e-24	1.10e-14	1.72e-07	7.94e-03	4.65e-01	5.27e-01	0.00e+00	0.00e+00	0.00e+00	0.00e+00	0.00e+00
 4.46658e+12	7.34e-35	7.07e-24	1.43e-14	2.08e-07	8.85e-03	4.88e-01	5.03e-01	0.00e+00	0.00e+00	0.00e+00	0.00e+00	0.00e+00
 4.67517e+12	1.03e-34	9.72e-24	1.86e-14	2.52e-07	9.85e-03	5.11e-01	4.79e-01	0.00e+00	0.00e+00	0.00e+00	0.00e+00	0.00e+00
 4.89211e+12	1.45e-34	1.34e-23	2.42e-14	3.05e-07	1.09e-02	5.34e-01	4.55e-01	0.00e+00	0.00e+00	0.00e+00	0.00e+00	0.00e+00
 5.11772e+12	2.05e-34	1.85e-23	3.15e-14	3.68e-07	1.21e-02	5.56e-01	4.32e-01	0.00e+00	0.00e+00	0.00e+00	0.00e+00	0.00e+00
 5.35235e+12	2.92e-34	2.57e-23	4.10e-14	4.43e-07	1.35e-02	5.77e-01	4.09e-01	0.00e+00	0.00e+00	0.00e+00	0.00e+00	0.00e+00
 5.59638e+12	4.19e-34	3.58e-23	5.33e-14	5.34e-07	1.49e-02	5.98e-01	3.87e-01	0.00e+00	0.00e+00	0.00e+00	0.00e+00	0.00e+00
 5.85016e+12	6.02e-34	4.98e-23	6.94e-14	6.41e-07	1.64e-02	6.19e-01	3.65e-01	0.00e+00	0.00e+00	0.00e+00	0.00e+00	0.00e+00
 6.11409e+12	8.70e-34	6.95e-23	9.02e-14	7.70e-07	1.81e-02	6.38e-01	3.44e-01	0.00e+00	0.00e+00	0.00e+00	0.00e+00	0.00e+00
 6.38858e+12	1.26e-33	9.70e-23	1.17e-13	9.23e-07	2.00e-02	6.57e-01	3.23e-01	0.00e+00	0.00e+00	0.00e+00	0.00e+00	0.00e+00
 6.67405e+12	1.83e-33	1.36e-22	1.52e-13	1.10e-06	2.20e-02	6.74e-01	3.04e-01	0.00e+00	0.00e+00	0.00e+00	0.00e+00	0.00e+00
 6.97094e+12	2.68e-33	1.89e-22	1.97e-13	1.32e-06	2.41e-02	6.91e-01	2.84e-01	0.00e+00	0.00e+00	0.00e+00	0.00e+00	0.00e+00
 7.27970e+12	3.91e-33	2.65e-22	2.56e-13	1.57e-06	2.65e-02	7.07e-01	2.66e-01	0.00e+00	0.00e+00	0.00e+00	0.00e+00	0.00e+00
 7.60082e+12	5.73e-33	3.70e-22	3.31e-13	1.88e-06	2.90e-02	7.22e-01	2.49e-01	0.00e+00	0.00e+00	0.00e+00	0.00e+00	0.00e+00
 7.93478e+12	8.42e-33	5.17e-22	4.28e-13	2.23e-06	3.17e-02	7.36e-01	2.32e-01	0.00e+00	0.00e+00	0.00e+00	0.00e+00	0.00e+00
 8.28210e+12	1.24e-32	7.22e-22	5.54e-13	2.66e-06	3.47e-02	7.49e-01	2.16e-01	0.00e+00	0.00e+00	0.00e+00	0.00e+00	0.00e+00
 8.64331e+12	1.83e-32	1.01e-21	7.14e-13	3.15e-06	3.79e-02	7.61e-01	2.01e-01	0.00e+00	0.00e+00	0.00e+00	0.00e+00	0.00e+00
 9.01897e+12	2.69e-32	1.41e-21	9.21e-13	3.74e-06	4.13e-02	7.72e-01	1.87e-01	0.00e+00	0.00e+00	0.00e+00	0.00e+00	0.00e+00
 9.40965e+12	3.97e-32	1.96e-21	1.19e-12	4.43e-06	4.50e-02	7.81e-01	1.74e-01	0.00e+00	0.00e+00	0.00e+00	0.00e+00	0.00e+00
 9.81596e+12	5.87e-32	2.73e-21	1.52e-12	5.24e-06	4.90e-02	7.90e-01	1.61e-01	0.00e+00	0.00e+00	0.00e+00	0.00e+00	0.00e+00
 1.02385e+13	8.67e-32	3.80e-21	1.96e-12	6.19e-06	5.32e-02	7.98e-01	1.49e-01	0.00e+00	0.00e+00	0.00e+00	0.00e+00	0.00e+00
 1.06780e+13	1.28e-31	5.29e-21	2.51e-12	7.30e-06	5.78e-02	8.04e-01	1.38e-01	0.00e+00	0.00e+00	0.00e+00	0.00e+00	0.00e+00
 1.11350e+13	1.90e-31	7.35e-21	3.22e-12	8.61e-06	6.27e-02	8.10e-01	1.27e-01	0.00e+00	0.00e+00	0.00e+00	0.00e+00	0.00e+00
 1.16104e+13	2.81e-31	1.02e-20	4.12e-12	1.01e-05	6.79e-02	8.15e-01	1.18e-01	0.00e+00	0.00e+00	0.00e+00	0.00e+00	0.00e+00
 1.21047e+13	4.16e-31	1.42e-20	5.27e-12	1.19e-05	7.35e-02	8.18e-01	1.08e-01	0.00e+00	0.00e+00	0.00e+00	0.00e+00	0.00e+00
 1.26188e+13	6.17e-31	1.96e-20	6.74e-12	1.40e-05	7.95e-02	8.21e-01	9.98e-02	0.00e+00	0.00e+00	0.00e+00	0.00e+00	0.00e+00
 1.31535e+13	9.13e-31	2.72e-20	8.60e-12	1.64e-05	8.59e-02	8.22e-01	9.18e-02	0.00e+00	0.00e+00	0.00e+00	0.00e+00	0.00e+00
 1.37096e+13	1.35e-30	3.76e-20	1.10e-11	1.93e-05	9.27e-02	8.23e-01	8.44e-02	0.00e+00	0.00e+00	0.00e+00	0.00e+00	0.00e+00
 1.42879e+13	2.00e-30	5.19e-20	1.40e-11	2.26e-05	1.00e-01	8.23e-01	7.75e-02	0.00e+00	0.00e+00	0.00e+00	0.00e+00	0.00e+00
 1.48893e+13	2.96e-30	7.16e-20	1.77e-11	2.64e-05	1.08e-01	8.21e-01	7.10e-02	0.00e+00	0.00e+00	0.00e+00	0.00e+00	0.00e+00
 1.55148e+13	4.39e-30	9.88e-20	2.25e-11	3.09e-05	1.16e-01	8.19e-01	6.51e-02	0.00e+00	0.00e+00	0.00e+00	0.00e+00	0.00e+00
 1.61653e+13	6.49e-30	1.36e-19	2.86e-11	3.61e-05	1.25e-01	8.16e-01	5.96e-02	0.00e+00	0.00e+00	0.00e+00	0.00e+00	0.00e+00
 1.68419e+13	9.59e-30	1.87e-19	3.63e-11	4.21e-05	1.34e-01	8.12e-01	5.45e-02	0.00e+00	0.00e+00	0.00e+00	0.00e+00	0.00e+00
 1.75455e+13	1.42e-29	2.57e-19	4.59e-11	4.90e-05	1.44e-01	8.07e-01	4.97e-02	0.00e+00	0.00e+00	0.00e+00	0.00e+00	0.00e+00
 1.82772e+13	2.09e-29	3.53e-19	5.80e-11	5.70e-05	1.54e-01	8.01e-01	4.54e-02	0.00e+00	0.00e+00	0.00e+00	0.00e+00	0.00e+00
 1.90383e+13	3.09e-29	4.84e-19	7.33e-11	6.63e-05	1.65e-01	7.94e-01	4.14e-02	0.00e+00	0.00e+00	0.00e+00	0.00e+00	0.00e+00
 1.98297e+13	4.56e-29	6.63e-19	9.25e-11	7.69e-05	1.76e-01	7.86e-01	3.77e-02	0.00e+00	0.00e+00	0.00e+00	0.00e+00	0.00e+00
 2.06528e+13	6.71e-29	9.06e-19	1.16e-10	8.92e-05	1.88e-01	7.77e-01	3.43e-02	0.00e+00	0.00e+00	0.00e+00	0.00e+00	0.00e+00
 2.15089e+13	9.88e-29	1.24e-18	1.46e-10	1.03e-04	2.01e-01	7.68e-01	3.11e-02	0.00e+00	0.00e+00	0.00e+00	0.00e+00	0.00e+00
 2.23991e+13	1.45e-28	1.69e-18	1.84e-10	1.20e-04	2.14e-01	7.57e-01	2.83e-02	0.00e+00	0.00e+00	0.00e+00	0.00e+00	0.00e+00
 2.33250e+13	2.13e-28	2.29e-18	2.31e-10	1.38e-04	2.28e-01	7.46e-01	2.56e-02	0.00e+00	0.00e+00	0.00e+00	0.00e+00	0.00e+00
 2.42880e+13	3.13e-28	3.12e-18	2.89e-10	1.59e-04	2.43e-01	7.34e-01	2.32e-02	0.00e+00	0.00e+00	0.00e+00	0.00e+00	0.00e+00
 2.52894e+13	4.58e-28	4.23e-18	3.61e-10	1.83e-04	2.58e-01	7.21e-01	2.10e-02	0.00e+00	0.00e+00	0.00e+00	0.00e+00	0.00e+00
 2.63309e+13	6.70e-28	5.73e-18	4.51e-10	2.11e-04	2.73e-01	7.08e-01	1.90e-02	0.00e+00	0.00e+00	0.00e+00	0.00e+00	0.00e+00
 2.74141e+13	9.78e-28	7.74e-18	5.62e-10	2.42e-04	2.89e-01	6.93e-01	1.71e-02	0.00e+00	0.00e+00	0.00e+00	0.00e+00	0.00e+00
 2.85406e+13	1.43e-27	1.04e-17	7.00e-10	2.78e-04	3.06e-01	6.78e-01	1.54e-02	0.00e+00	0.00e+00	0.00e+00	0.00e+00	0.00e+00
 2.97121e+13	2.08e-27	1.41e-17	8.69e-10	3.18e-04	3.23e-01	6.63e-01	1.39e-02	0.00e+00	0.00e+00	0.00e+00	0.00e+00	0.00e+00
 3.09305e+13	3.02e-27	1.89e-17	1.08e-09	3.64e-04	3.41e-01	6.46e-01	1.25e-02	0.00e+00	0.00e+00	0.00e+00	0.00e+00	0.00e+00
 3.21977e+13	4.37e-27	2.54e-17	1.33e-09	4.15e-04	3.59e-01	6.29e-01	1.12e-02	0.00e+00	0.00e+00	0.00e+00	0.00e+00	0.00e+00
 3.35155e+13	6.33e-27	3.40e-17	1.65e-09	4.73e-04	3.77e-01	6.12e-01	1.00e-02	0.00e+00	0.00e+00	0.00e+00	0.00e+00	0.00e+00
 3.48861e+13	9.15e-27	4.54e-17	2.03e-09	5.39e-04	3.96e-01	5.94e-01	8.98e-03	0.00e+00	0.00e+00	0.00e+00	0.00e+00	0.00e+00
 3.63114e+13	1.32e-26	6.06e-17	2.50e-09	6.12e-04	4.15e-01	5.76e-01	8.02e-03	0.00e+00	0.00e+00	0.00e+00	0.00e+00	0.00e+00
 3.77938e+13	1.90e-26	8.07e-17	3.07e-09	6.93e-04	4.35e-01	5.58e-01	7.16e-03	0.00e+00	0.00e+00	0.00e+00	0.00e+00	0.00e+00
 3.93355e+13	2.73e-26	1.07e-16	3.77e-09	7.85e-04	4.54e-01	5.39e-01	6.38e-03	0.00e+00	0.00e+00	0.00e+00	0.00e+00	0.00e+00
 4.09388e+13	3.91e-26	1.42e-16	4.61e-09	8.87e-04	4.74e-01	5.20e-01	5.68e-03	0.00e+00	0.00e+00	0.00e+00	0.00e+00	0.00e+00
 4.26063e+13	5.61e-26	1.88e-16	5.64e-09	1.00e-03	4.93e-01	5.00e-01	5.05e-03	0.00e+00	0.00e+00	0.00e+00	0.00e+00	0.00e+00
 4.43405e+13	8.01e-26	2.49e-16	6.88e-09	1.13e-03	5.13e-01	4.81e-01	4.48e-03	0.00e+00	0.00e+00	0.00e+00	0.00e+00	0.00e+00
 4.61441e+13	1.14e-25	3.28e-16	8.38e-09	1.27e-03	5.33e-01	4.62e-01	3.97e-03	0.00e+00	0.00e+00	0.00e+00	0.00e+00	0.00e+00
 4.80197e+13	1.63e-25	4.32e-16	1.02e-08	1.42e-03	5.52e-01	4.43e-01	3.51e-03	0.00e+00	0.00e+00	0.00e+00	0.00e+00	0.00e+00
 4.99705e+13	2.32e-25	5.69e-16	1.24e-08	1.59e-03	5.72e-01	4.24e-01	3.10e-03	0.00e+00	0.00e+00	0.00e+00	0.00e+00	0.00e+00
 5.19992e+13	3.29e-25	7.46e-16	1.50e-08	1.78e-03	5.91e-01	4.05e-01	2.73e-03	0.00e+00	0.00e+00	0.00e+00	0.00e+00	0.00e+00
 5.41091e+13	4.67e-25	9.78e-16	1.81e-08	1.99e-03	6.09e-01	3.86e-01	2.40e-03	0.00e+00	0.00e+00	0.00e+00	0.00e+00	0.00e+00
 5.63034e+13	6.60e-25	1.28e-15	2.19e-08	2.22e-03	6.28e-01	3.68e-01	2.11e-03	0.00e+00	0.00e+00	0.00e+00	0.00e+00	0.00e+00
 5.85854e+13	9.33e-25	1.67e-15	2.64e-08	2.48e-03	6.46e-01	3.50e-01	1.86e-03	0.00e+00	0.00e+00	0.00e+00	0.00e+00	0.00e+00
 6.09588e+13	1.32e-24	2.18e-15	3.18e-08	2.75e-03	6.63e-01	3.32e-01	1.63e-03	0.00e+00	0.00e+00	0.00e+00	0.00e+00	0.00e+00
 6.34271e+13	1.85e-24	2.84e-15	3.83e-08	3.06e-03	6.80e-01	3.15e-01	1.42e-03	0.00e+00	0.00e+00	0.00e+00	0.00e+00	0.00e+00
 6.59941e+13	2.61e-24	3.69e-15	4.60e-08	3.39e-03	6.97e-01	2.98e-01	1.24e-03	0.00e+00	0.00e+00	0.00e+00	0.00e+00	0.00e+00
 6.86638e+13	3.66e-24	4.80e-15	5.52e-08	3.76e-03	7.13e-01	2.82e-01	1.09e-03	0.00e+00	0.00e+00	0.00e+00	0.00e+00	0.00e+00
 7.14402e+13	5.14e-24	6.22e-15	6.61e-08	4.15e-03	7.28e-01	2.67e-01	9.47e-04	0.00e+00	0.00e+00	0.00e+00	0.00e+00	0.00e+00
 7.43278e+13	7.20e-24	8.06e-15	7.90e-08	4.59e-03	7.43e-01	2.51e-01	8.24e-04	0.00e+00	0.00e+00	0.00e+00	0.00e+00	0.00e+00
 7.73308e+13	1.01e-23	1.04e-14	9.44e-08	5.06e-03	7.57e-01	2.37e-01	7.17e-04	0.00e+00	0.00e+00	0.00e+00	0.00e+00	0.00e+00
 8.04540e+13	1.41e-23	1.35e-14	1.13e-07	5.58e-03	7.71e-01	2.23e-01	6.23e-04	0.00e+00	0.00e+00	0.00e+00	0.00e+00	0.00e+00
 8.37021e+13	1.97e-23	1.74e-14	1.34e-07	6.14e-03	7.84e-01	2.10e-01	5.40e-04	0.00e+00	0.00e+00	0.00e+00	0.00e+00	0.00e+00
 8.70801e+13	2.74e-23	2.24e-14	1.60e-07	6.75e-03	7.96e-01	1.97e-01	4.68e-04	0.00e+00	0.00e+00	0.00e+00	0.00e+00	0.00e+00
 9.05932e+13	3.83e-23	2.89e-14	1.90e-07	7.42e-03	8.08e-01	1.85e-01	4.05e-04	0.00e+00	0.00e+00	0.00e+00	0.00e+00	0.00e+00
 9.42469e+13	5.33e-23	3.71e-14	2.26e-07	8.14e-03	8.19e-01	1.73e-01	3.51e-04	0.00e+00	0.00e+00	0.00e+00	0.00e+00	0.00e+00
 9.80467e+13	7.42e-23	4.78e-14	2.68e-07	8.92e-03	8.29e-01	1.62e-01	3.03e-04	0.00e+00	0.00e+00	0.00e+00	0.00e+00	0.00e+00
 1.01998e+14	1.03e-22	6.13e-14	3.18e-07	9.77e-03	8.39e-01	1.51e-01	2.61e-04	0.00e+00	0.00e+00	0.00e+00	0.00e+00	0.00e+00
 1.06108e+14	1.43e-22	7.88e-14	3.77e-07	1.07e-02	8.48e-01	1.41e-01	2.25e-04	0.00e+00	0.00e+00	0.00e+00	0.00e+00	0.00e+00
 1.10383e+14	1.98e-22	1.01e-13	4.46e-07	1.17e-02	8.56e-01	1.32e-01	1.94e-04	0.00e+00	0.00e+00	0.00e+00	0.00e+00	0.00e+00
 1.14828e+14	2.75e-22	1.29e-13	5.28e-07	1.28e-02	8.64e-01	1.23e-01	1.67e-04	0.00e+00	0.00e+00	0.00e+00	0.00e+00	0.00e+00
 1.19451e+14	3.81e-22	1.65e-13	6.24e-07	1.39e-02	8.71e-01	1.15e-01	1.44e-04	0.00e+00	0.00e+00	0.00e+00	0.00e+00	0.00e+00
 1.24259e+14	5.27e-22	2.12e-13	7.37e-07	1.52e-02	8.78e-01	1.07e-01	1.24e-04	0.00e+00	0.00e+00	0.00e+00	0.00e+00	0.00e+00
 1.29259e+14	7.29e-22	2.71e-13	8.70e-07	1.66e-02	8.84e-01	9.95e-02	1.06e-04	0.00e+00	0.00e+00	0.00e+00	0.00e+00	0.00e+00
 1.34459e+14	1.01e-21	3.46e-13	1.03e-06	1.81e-02	8.89e-01	9.26e-02	9.10e-05	0.00e+00	0.00e+00	0.00e+00	0.00e+00	0.00e+00
 1.39868e+14	1.39e-21	4.41e-13	1.21e-06	1.96e-02	8.94e-01	8.61e-02	7.81e-05	0.00e+00	0.00e+00	0.00e+00	0.00e+00	0.00e+00
 1.45492e+14	1.92e-21	5.63e-13	1.43e-06	2.14e-02	8.99e-01	7.99e-02	6.69e-05	0.00e+00	0.00e+00	0.00e+00	0.00e+00	0.00e+00
 1.51342e+14	2.65e-21	7.17e-13	1.68e-06	2.32e-02	9.03e-01	7.42e-02	5.74e-05	0.00e+00	0.00e+00	0.00e+00	0.00e+00	0.00e+00
 1.57426e+14	3.66e-21	9.15e-13	1.97e-06	2.53e-02	9.06e-01	6.88e-02	4.91e-05	0.00e+00	0.00e+00	0.00e+00	0.00e+00	0.00e+00
 1.63752e+14	5.04e-21	1.16e-12	2.32e-06	2.74e-02	9.09e-01	6.38e-02	4.20e-05	0.00e+00	0.00e+00	0.00e+00	0.00e+00	0.00e+00
 1.70333e+14	6.95e-21	1.48e-12	2.73e-06	2.98e-02	9.11e-01	5.91e-02	3.59e-05	0.00e+00	0.00e+00	0.00e+00	0.00e+00	0.00e+00
 1.77176e+14	9.54e-21	1.88e-12	3.20e-06	3.23e-02	9.13e-01	5.48e-02	3.07e-05	0.00e+00	0.00e+00	0.00e+00	0.00e+00	0.00e+00
 1.84293e+14	1.31e-20	2.40e-12	3.76e-06	3.50e-02	9.14e-01	5.07e-02	2.62e-05	0.00e+00	0.00e+00	0.00e+00	0.00e+00	0.00e+00
 1.91694e+14	1.81e-20	3.04e-12	4.41e-06	3.79e-02	9.15e-01	4.69e-02	2.24e-05	0.00e+00	0.00e+00	0.00e+00	0.00e+00	0.00e+00
 1.99392e+14	2.48e-20	3.87e-12	5.18e-06	4.11e-02	9.16e-01	4.33e-02	1.91e-05	0.00e+00	0.00e+00	0.00e+00	0.00e+00	0.00e+00
 2.07398e+14	3.41e-20	4.90e-12	6.07e-06	4.45e-02	9.15e-01	4.01e-02	1.63e-05	0.00e+00	0.00e+00	0.00e+00	0.00e+00	0.00e+00
 2.15723e+14	4.68e-20	6.22e-12	7.11e-06	4.82e-02	9.15e-01	3.70e-02	1.39e-05	0.00e+00	0.00e+00	0.00e+00	0.00e+00	0.00e+00
 2.24382e+14	6.41e-20	7.88e-12	8.32e-06	5.21e-02	9.14e-01	3.41e-02	1.18e-05	0.00e+00	0.00e+00	0.00e+00	0.00e+00	0.00e+00
 2.33388e+14	8.80e-20	9.99e-12	9.74e-06	5.63e-02	9.12e-01	3.15e-02	1.01e-05	0.00e+00	0.00e+00	0.00e+00	0.00e+00	0.00e+00
 2.42753e+14	1.20e-19	1.26e-11	1.14e-05	6.08e-02	9.10e-01	2.90e-02	8.56e-06	0.00e+00	0.00e+00	0.00e+00	0.00e+00	0.00e+00
 2.52493e+14	1.65e-19	1.60e-11	1.33e-05	6.56e-02	9.08e-01	2.67e-02	7.28e-06	0.00e+00	0.00e+00	0.00e+00	0.00e+00	0.00e+00
 2.62623e+14	2.25e-19	2.02e-11	1.55e-05	7.08e-02	9.05e-01	2.46e-02	6.19e-06	0.00e+00	0.00e+00	0.00e+00	0.00e+00	0.00e+00
 2.73158e+14	3.08e-19	2.55e-11	1.81e-05	7.63e-02	9.01e-01	2.27e-02	5.26e-06	0.00e+00	0.00e+00	0.00e+00	0.00e+00	0.00e+00
 2.84114e+14	4.20e-19	3.22e-11	2.11e-05	8.22e-02	8.97e-01	2.08e-02	4.46e-06	0.00e+00	0.00e+00	0.00e+00	0.00e+00	0.00e+00
 2.95508e+14	5.74e-19	4.06e-11	2.46e-05	8.86e-02	8.92e-01	1.92e-02	3.78e-06	0.00e+00	0.00e+00	0.00e+00	0.00e+00	0.00e+00
 3.07358e+14	7.81e-19	5.11e-11	2.87e-05	9.53e-02	8.87e-01	1.76e-02	3.21e-06	0.00e+00	0.00e+00	0.00e+00	0.00e+00	0.00e+00
 3.19683e+14	1.06e-18	6.44e-11	3.34e-05	1.03e-01	8.81e-01	1.61e-02	2.72e-06	0.00e+00	0.00e+00	0.00e+00	0.00e+00	0.00e+00
 3.32500e+14	1.45e-18	8.09e-11	3.88e-05	1.10e-01	8.75e-01	1.48e-02	2.30e-06	0.00e+00	0.00e+00	0.00e+00	0.00e+00	0.00e+00
 3.45830e+14	1.97e-18	1.02e-10	4.51e-05	1.18e-01	8.68e-01	1.36e-02	1.95e-06	0.00e+00	0.00e+00	0.00e+00	0.00e+00	0.00e+00
 3.59693e+14	2.67e-18	1.28e-10	5.23e-05	1.27e-01	8.61e-01	1.24e-02	1.65e-06	0.00e+00	0.00e+00	0.00e+00	0.00e+00	0.00e+00
 3.74111e+14	3.63e-18	1.60e-10	6.07e-05	1.36e-01	8.53e-01	1.14e-02	1.39e-06	0.00e+00	0.00e+00	0.00e+00	0.00e+00	0.00e+00
 3.89105e+14	4.92e-18	2.01e-10	7.03e-05	1.46e-01	8.44e-01	1.04e-02	1.18e-06	0.00e+00	0.00e+00	0.00e+00	0.00e+00	0.00e+00
 4.04699e+14	6.67e-18	2.51e-10	8.14e-05	1.56e-01	8.34e-01	9.48e-03	9.91e-07	0.00e+00	0.00e+00	0.00e+00	0.00e+00	0.00e+00
 4.20917e+14	9.02e-18	3.15e-10	9.42e-05	1.67e-01	8.24e-01	8.65e-03	0.00e+00	0.00e+00	0.00e+00	0.00e+00	0.00e+00	0.00e+00
 4.37784e+14	1.22e-17	3.93e-10	1.09e-04	1.78e-01	8.14e-01	7.88e-03	0.00e+00	0.00e+00	0.00e+00	0.00e+00	0.00e+00	0.00e+00
 4.55325e+14	1.65e-17	4.91e-10	1.26e-04	1.90e-01	8.02e-01	7.18e-03	0.00e+00	0.00e+00	0.00e+00	0.00e+00	0.00e+00	0.00e+00
 4.73568e+14	2.22e-17	6.12e-10	1.45e-04	2.03e-01	7.90e-01	6.53e-03	0.00e+00	0.00e+00	0.00e+00	0.00e+00	0.00e+00	0.00e+00
 4.92541e+14	3.01e-17	7.63e-10	1.67e-04	2.16e-01	7.78e-01	5.93e-03	0.00e+00	0.00e+00	0.00e+00	1.69e-17	9.34e-18	3.83e-18
 5.12272e+14	4.03e-17	9.49e-10	1.92e-04	2.30e-01	7.65e-01	5.38e-03	0.00e+00	0.00e+00	0.00e+00	2.24e-17	1.34e-17	4.46e-18
 5.32793e+14	5.42e-17	1.18e-09	2.21e-04	2.44e-01	7.51e-01	4.87e-03	0.00e+00	0.00e+00	0.00e+00	3.02e-17	1.80e-17	6.00e-18
 5.54135e+14	7.27e-17	1.47e-09	2.54e-04	2.59e-01	7.36e-01	4.41e-03	0.00e+00	0.00e+00	0.00e+00	4.05e-17	2.41e-17	8.06e-18
 5.76330e+14	9.76e-17	1.82e-09	2.91e-04	2.75e-01	7.21e-01	3.98e-03	0.00e+00	0.00e+00	0.00e+00	5.44e-17	3.24e-17	1.08e-17
 5.99413e+14	1.31e-16	2.25e-09	3.33e-04	2.91e-01	7.05e-01	3.59e-03	0.00e+00	0.00e+00	0.00e+00	7.29e-17	4.34e-17	1.45e-17
 6.23419e+14	1.75e-16	2.79e-09	3.82e-04	3.08e-01	6.88e-01	3.24e-03	0.00e+00	0.00e+00	0.00e+00	9.75e-17	5.80e-17	1.94e-17
 6.48386e+14	2.34e-16	3.44e-09	4.36e-04	3.25e-01	6.71e-01	2.91e-03	0.00e+00	0.00e+00	0.00e+00	1.30e-16	7.75e-17	2.59e-17
 6.74351e+14	3.12e-16	4.25e-09	4.98e-04	3.43e-01	6.54e-01	2.62e-03	0.00e+00	0.00e+00	0.00e+00	1.74e-16	1.03e-16	3.47e-17
 7.01355e+14	4.16e-16	5.24e-09	5.67e-04	3.61e-01	6.36e-01	2.35e-03	0.00e+00	0.00e+00	0.00e+00	2.32e-16	1.38e-16	4.62e-17
 7.29440e+14	5.54e-16	6.45e-09	6.45e-04	3.80e-01	6.17e-01	2.10e-03	0.00e+00	0.00e+00	0.00e+00	3.09e-16	1.84e-16	6.15e-17
 7.58647e+14	7.37e-16	7.92e-09	7.33e-04	3.99e-01	5.99e-01	1.88e-03	0.00e+00	0.00e+00	0.00e+00	4.11e-16	2.44e-16	8.18e-17
 7.89023e+14	9.79e-16	9.72e-09	8.32e-04	4.18e-01	5.79e-01	1.67e-03	0.00e+00	0.00e+00	0.00e+00	5.46e-16	3.24e-16	1.09e-16
 8.20614e+14	1.30e-15	1.19e-08	9.43e-04	4.38e-01	5.60e-01	1.49e-03	0.00e+00	0.00e+00	0.00e+00	7.23e-16	4.29e-16	1.44e-16
 8.51211e+14	1.69e-15	1.44e-08	1.06e-03	4.56e-01	5.41e-01	1.34e-03	0.00e+00	0.00e+00	0.00e+00	9.41e-16	5.57e-16	1.87e-16
 8.79732e+14	2.13e-15	1.70e-08	1.17e-03	4.73e-01	5.25e-01	1.21e-03	0.00e+00	0.00e+00	0.00e+00	1.19e-15	7.03e-16	2.36e-16
 9.11653e+14	2.74e-15	2.04e-08	1.31e-03	4.91e-01	5.06e-01	1.08e-03	0.00e+00	0.00e+00	0.00e+00	1.53e-15	9.05e-16	3.05e-16
 9.47409e+14	3.60e-15	2.48e-08	1.47e-03	5.11e-01	4.86e-01	9.60e-04	0.00e+00	0.00e+00	0.00e+00	2.01e-15	1.19e-15	4.00e-16
 9.81759e+14	4.62e-15	2.96e-08	1.64e-03	5.29e-01	4.68e-01	8.58e-04	0.00e+00	0.00e+00	0.00e+00	2.58e-15	1.52e-15	5.13e-16
 1.01822e+15	5.95e-15	3.55e-08	1.82e-03	5.48e-01	4.49e-01	7.62e-04	0.00e+00	0.00e+00	0.00e+00	3.32e-15	1.96e-15	6.61e-16
 1.05784e+15	7.76e-15	4.29e-08	2.04e-03	5.67e-01	4.30e-01	6.73e-04	0.00e+00	0.00e+00	0.00e+00	4.34e-15	2.56e-15	8.63e-16
 1.09580e+15	9.91e-15	5.09e-08	2.26e-03	5.85e-01	4.12e-01	5.99e-04	0.00e+00	0.00e+00	0.00e+00	5.54e-15	3.26e-15	1.10e-15
 1.13643e+15	1.27e-14	6.08e-08	2.51e-03	6.03e-01	3.94e-01	5.30e-04	0.00e+00	0.00e+00	0.00e+00	7.12e-15	4.18e-15	1.42e-15
 1.18075e+15	1.66e-14	7.32e-08	2.80e-03	6.22e-01	3.75e-01	4.65e-04	0.00e+00	0.00e+00	0.00e+00	9.26e-15	5.43e-15	1.84e-15
 1.22339e+15	2.11e-14	8.69e-08	3.09e-03	6.39e-01	3.57e-01	4.11e-04	0.00e+00	0.00e+00	0.00e+00	1.18e-14	6.91e-15	2.35e-15
 1.26891e+15	2.70e-14	1.03e-07	3.42e-03	6.56e-01	3.40e-01	3.61e-04	0.00e+00	0.00e+00	0.00e+00	1.51e-14	8.85e-15	3.01e-15
 1.31839e+15	3.50e-14	1.24e-07	3.80e-03	6.74e-01	3.22e-01	3.15e-04	0.00e+00	0.00e+00	0.00e+00	1.96e-14	1.15e-14	3.90e-15
 1.36613e+15	4.45e-14	1.47e-07	4.19e-03	6.90e-01	3.05e-01	2.77e-04	0.00e+00	0.00e+00	0.00e+00	2.50e-14	1.45e-14	4.95e-15
 1.41709e+15	5.70e-14	1.74e-07	4.63e-03	7.06e-01	2.89e-01	2.42e-04	0.00e+00	0.00e+00	0.00e+00	3.20e-14	1.86e-14	6.34e-15
 1.47246e+15	7.37e-14	2.09e-07	5.13e-03	7.22e-01	2.72e-01	2.10e-04	0.00e+00	0.00e+00	0.00e+00	4.14e-14	2.40e-14	8.20e-15
 1.52606e+15	9.36e-14	2.46e-07	5.63e-03	7.37e-01	2.57e-01	1.84e-04	0.00e+00	0.00e+00	0.00e+00	5.26e-14	3.04e-14	1.04e-14
 1.58316e+15	1.20e-13	2.92e-07	6.21e-03	7.51e-01	2.42e-01	1.60e-04	0.00e+00	0.00e+00	0.00e+00	6.73e-14	3.88e-14	1.33e-14
 1.64501e+15	1.54e-13	3.49e-07	6.86e-03	7.66e-01	2.27e-01	1.38e-04	0.00e+00	0.00e+00	0.00e+00	8.69e-14	5.00e-14	1.72e-14
 1.70526e+15	1.96e-13	4.12e-07	7.53e-03	7.79e-01	2.13e-01	1.20e-04	0.00e+00	0.00e+00	0.00e+00	1.11e-13	6.34e-14	2.18e-14
 1.76942e+15	2.51e-13	4.88e-07	8.28e-03	7.92e-01	2.00e-01	1.03e-04	0.00e+00	0.00e+00	0.00e+00	1.41e-13	8.08e-14	2.78e-14
 1.83879e+15	3.23e-13	5.82e-07	9.13e-03	8.04e-01	1.86e-01	8.84e-05	0.00e+00	0.00e+00	0.00e+00	1.83e-13	1.04e-13	3.59e-14
 1.90667e+15	4.11e-13	6.86e-07	1.00e-02	8.16e-01	1.74e-01	7.62e-05	0.00e+00	0.00e+00	0.00e+00	2.32e-13	1.32e-13	4.56e-14
 1.97872e+15	5.26e-13	8.13e-07	1.10e-02	8.27e-01	1.62e-01	6.54e-05	0.00e+00	0.00e+00	0.00e+00	2.98e-13	1.68e-13	5.83e-14
 2.05790e+15	6.81e-13	9.71e-07	1.21e-02	8.37e-01	1.51e-01	5.55e-05	0.00e+00	0.00e+00	0.00e+00	3.86e-13	2.18e-13	7.55e-14
 2.13671e+15	8.75e-13	1.15e-06	1.34e-02	8.47e-01	1.40e-01	4.72e-05	0.00e+00	0.00e+00	0.00e+00	4.97e-13	2.79e-13	9.69e-14
 2.21344e+15	1.10e-12	1.35e-06	1.46e-02	8.55e-01	1.30e-01	4.06e-05	0.00e+00	0.00e+00	0.00e+00	6.27e-13	3.50e-13	1.22e-13
 2.29679e+15	1.41e-12	1.60e-06	1.60e-02	8.64e-01	1.20e-01	3.45e-05	0.00e+00	0.00e+00	0.00e+00	8.04e-13	4.47e-13	1.56e-13
 2.38869e+15	1.83e-12	1.91e-06	1.77e-02	8.72e-01	1.11e-01	2.90e-05	0.00e+00	0.00e+00	0.00e+00	1.04e-12	5.78e-13	2.02e-13
 2.48115e+15	2.36e-12	2.28e-06	1.95e-02	8.79e-01	1.02e-01	2.45e-05	0.00e+00	0.00e+00	0.00e+00	1.35e-12	7.43e-13	2.60e-13
 2.57730e+15	3.03e-12	2.70e-06	2.15e-02	8.85e-01	9.36e-02	2.06e-05	0.00e+00	0.00e+00	0.00e+00	1.73e-12	9.53e-13	3.34e-13
 2.68042e+15	3.95e-12	3.24e-06	2.37e-02	8.91e-01	8.55e-02	1.71e-05	0.00e+00	0.00e+00	0.00e+00	2.26e-12	1.24e-12	4.35e-13
 2.78454e+15	5.10e-12	3.86e-06	2.62e-02	8.96e-01	7.82e-02	1.43e-05	0.00e+00	0.00e+00	0.00e+00	2.92e-12	1.59e-12	5.61e-13
 2.89282e+15	6.61e-12	4.62e-06	2.90e-02	9.00e-01	7.13e-02	1.19e-05	0.00e+00	0.00e+00	0.00e+00	3.79e-12	2.06e-12	7.26e-13
 3.00857e+15	8.63e-12	5.54e-06	3.21e-02	9.03e-01	6.47e-02	9.82e-06	0.00e+00	0.00e+00	0.00e+00	4.96e-12	2.69e-12	9.47e-13
 3.12648e+15	1.12e-11	6.66e-06	3.57e-02	9.06e-01	5.86e-02	8.10e-06	0.00e+00	0.00e+00	0.00e+00	6.47e-12	3.50e-12	1.23e-12
 3.24911e+15	1.47e-11	8.00e-06	3.97e-02	9.07e-01	5.30e-02	6.66e-06	0.00e+00	0.00e+00	0.00e+00	8.45e-12	4.56e-12	1.61e-12
 3.37910e+15	1.94e-11	9.69e-06	4.43e-02	9.08e-01	4.76e-02	5.42e-06	0.00e+00	0.00e+00	0.00e+00	1.11e-11	6.00e-12	2.12e-12
 3.51429e+15	2.56e-11	1.18e-05	4.97e-02	9.08e-01	4.26e-02	4.40e-06	0.00e+00	0.00e+00	0.00e+00	1.48e-11	7.93e-12	2.80e-12
 3.65489e+15	3.40e-11	1.43e-05	5.59e-02	9.06e-01	3.80e-02	3.54e-06	0.00e+00	0.00e+00	0.00e+00	1.96e-11	1.05e-11	3.70e-12
 3.80112e+15	4.53e-11	1.76e-05	6.33e-02	9.03e-01	3.37e-02	2.83e-06	0.00e+00	0.00e+00	0.00e+00	2.62e-11	1.40e-11	4.94e-12
 3.95320e+15	6.09e-11	2.17e-05	7.20e-02	8.98e-01	2.97e-02	2.25e-06	0.00e+00	0.00e+00	0.00e+00	3.52e-11	1.88e-11	6.63e-12
 4.11135e+15	8.26e-11	2.69e-05	8.26e-02	8.91e-01	2.59e-02	1.77e-06	0.00e+00	0.00e+00	0.00e+00	4.77e-11	2.55e-11	8.97e-12
 4.27584e+15	1.13e-10	3.38e-05	9.55e-02	8.82e-01	2.25e-02	1.37e-06	0.00e+00	0.00e+00	0.00e+00	6.53e-11	3.49e-11	1.23e-11
 4.44690e+15	1.57e-10	4.29e-05	1.12e-01	8.69e-01	1.92e-02	1.05e-06	0.00e+00	0.00e+00	0.00e+00	9.06e-11	4.84e-11	1.70e-11
 4.61796e+15	2.18e-10	5.47e-05	1.32e-01	8.52e-01	1.63e-02	7.98e-07	0.00e+00	0.00e+00	0.00e+00	1.26e-10	6.73e-11	2.36e-11
 4.77935e+15	3.00e-10	6.95e-05	1.55e-01	8.31e-01	1.38e-02	0.00e+00	0.00e+00	0.00e+00	0.00e+00	1.73e-10	9.24e-11	3.23e-11
 4.92905e+15	4.06e-10	8.75e-05	1.82e-01	8.06e-01	1.17e-02	0.00e+00	0.00e+00	0.00e+00	0.00e+00	2.35e-10	1.25e-10	4.38e-11
 5.06907e+15	5.45e-10	1.10e-04	2.15e-01	7.75e-01	9.77e-03	0.00e+00	0.00e+00	0.00e+00	0.00e+00	3.15e-10	1.68e-10	5.87e-11
 5.20012e+15	7.28e-10	1.38e-04	2.53e-01	7.38e-01	8.09e-03	0.00e+00	0.00e+00	0.00e+00	0.00e+00	4.21e-10	2.25e-10	7.83e-11
 5.32080e+15	9.64e-10	1.72e-04	2.99e-01	6.94e-01	6.60e-03	0.00e+00	0.00e+00	0.00e+00	0.00e+00	5.58e-10	2.97e-10	1.04e-10
 5.41663e+15	1.22e-09	2.08e-04	3.45e-01	6.50e-01	5.46e-03	0.00e+00	0.00e+00	0.00e+00	0.00e+00	7.06e-10	3.76e-10	1.31e-10
 5.48364e+15	1.45e-09	2.40e-04	3.84e-01	6.11e-01	4.66e-03	0.00e+00	0.00e+00	0.00e+00	0.00e+00	8.39e-10	4.47e-10	1.56e-10
 5.54000e+15	1.69e-09	2.71e-04	4.22e-01	5.74e-01	4.01e-03	0.00e+00	0.00e+00	0.00e+00	0.00e+00	9.77e-10	5.20e-10	1.81e-10
 5.60375e+15	2.01e-09	3.13e-04	4.71e-01	5.26e-01	3.28e-03	0.00e+00	0.00e+00	0.00e+00	0.00e+00	1.16e-09	6.20e-10	2.16e-10
 5.67075e+15	2.43e-09	3.66e-04	5.30e-01	4.67e-01	2.57e-03	0.00e+00	0.00e+00	0.00e+00	0.00e+00	1.41e-09	7.48e-10	2.60e-10
 5.72485e+15	2.83e-09	4.16e-04	5.84e-01	4.13e-01	2.02e-03	0.00e+00	0.00e+00	0.00e+00	0.00e+00	1.64e-09	8.74e-10	3.04e-10
 5.76782e+15	3.20e-09	4.60e-04	6.32e-01	3.66e-01	1.61e-03	0.00e+00	0.00e+00	0.00e+00	0.00e+00	1.86e-09	9.89e-10	3.44e-10
 5.81345e+15	3.65e-09	5.13e-04	6.85e-01	3.13e-01	1.22e-03	0.00e+00	0.00e+00	0.00e+00	0.00e+00	2.12e-09	1.13e-09	3.92e-10
 5.86363e+15	4.18e-09	5.72e-04	7.43e-01	2.55e-01	8.53e-04	0.00e+00	0.00e+00	0.00e+00	0.00e+00	2.43e-09	1.29e-09	4.48e-10
 5.90929e+15	4.69e-09	6.28e-04	7.95e-01	2.03e-01	5.83e-04	0.00e+00	0.00e+00	0.00e+00	0.00e+00	2.72e-09	1.45e-09	5.03e-10
 5.95821e+15	5.26e-09	6.86e-04	8.47e-01	1.52e-01	3.61e-04	0.00e+00	0.00e+00	0.00e+00	0.00e+00	3.05e-09	1.62e-09	5.64e-10
 6.02181e+15	5.95e-09	7.54e-04	8.99e-01	9.99e-02	1.80e-04	0.00e+00	0.00e+00	0.00e+00	0.00e+00	3.46e-09	1.84e-09	6.38e-10
 6.10094e+15	6.72e-09	8.20e-04	9.42e-01	5.67e-02	7.03e-05	0.00e+00	0.00e+00	0.00e+00	0.00e+00	3.91e-09	2.08e-09	7.21e-10
 6.19649e+15	7.50e-09	8.78e-04	9.69e-01	2.99e-02	2.29e-05	0.00e+00	0.00e+00	0.00e+00	0.00e+00	4.36e-09	2.32e-09	8.04e-10
 6.31695e+15	8.34e-09	9.31e-04	9.83e-01	1.65e-02	6.82e-06	0.00e+00	0.00e+00	0.00e+00	0.00e+00	4.85e-09	2.58e-09	8.93e-10
 6.47353e+15	9.36e-09	9.86e-04	9.88e-01	1.09e-02	2.06e-06	0.00e+00	0.00e+00	0.00e+00	0.00e+00	5.44e-09	2.89e-09	1.00e-09
 6.67710e+15	1.07e-08	1.05e-03	9.90e-01	8.62e-03	6.19e-07	0.00e+00	0.00e+00	0.00e+00	0.00e+00	6.24e-09	3.32e-09	1.15e-09
 6.92801e+15	1.26e-08	1.14e-03	9.91e-01	7.51e-03	0.00e+00	0.00e+00	0.00e+00	0.00e+00	0.00e+00	7.33e-09	3.90e-09	1.35e-09
 7.20516e+15	1.50e-08	1.23e-03	9.92e-01	6.78e-03	0.00e+00	0.00e+00	0.00e+00	0.00e+00	0.00e+00	8.70e-09	4.62e-09	1.60e-09
 7.49340e+15	1.77e-08	1.34e-03	9.93e-01	6.14e-03	0.00e+00	0.00e+00	0.00e+00	0.00e+00	0.00e+00	1.03e-08	5.48e-09	1.90e-09
 7.79316e+15	2.10e-08	1.45e-03	9.93e-01	5.60e-03	0.00e+00	0.00e+00	0.00e+00	0.00e+00	0.00e+00	1.22e-08	6.50e-09	2.25e-09
 8.10492e+15	2.50e-08	1.57e-03	9.93e-01	5.09e-03	0.00e+00	0.00e+00	0.00e+00	0.00e+00	0.00e+00	1.46e-08	7.73e-09	2.67e-09
 8.42915e+15	2.98e-08	1.70e-03	9.94e-01	4.63e-03	0.00e+00	0.00e+00	0.00e+00	0.00e+00	0.00e+00	1.73e-08	9.21e-09	3.18e-09
 8.76634e+15	3.56e-08	1.85e-03	9.94e-01	4.20e-03	0.00e+00	0.00e+00	0.00e+00	0.00e+00	0.00e+00	2.07e-08	1.10e-08	3.79e-09
 9.11703e+15	4.25e-08	2.01e-03	9.94e-01	3.82e-03	0.00e+00	0.00e+00	0.00e+00	0.00e+00	0.00e+00	2.47e-08	1.31e-08	4.53e-09
 9.48174e+15	5.08e-08	2.18e-03	9.94e-01	3.45e-03	0.00e+00	0.00e+00	0.00e+00	0.00e+00	0.00e+00	2.96e-08	1.57e-08	5.42e-09
 9.86104e+15	6.09e-08	2.37e-03	9.95e-01	3.12e-03	0.00e+00	0.00e+00	0.00e+00	0.00e+00	0.00e+00	3.55e-08	1.88e-08	6.49e-09
 1.02555e+16	7.32e-08	2.58e-03	9.95e-01	2.82e-03	0.00e+00	0.00e+00	0.00e+00	0.00e+00	0.00e+00	4.26e-08	2.26e-08	7.79e-09
 1.06658e+16	8.81e-08	2.81e-03	9.95e-01	2.54e-03	0.00e+00	0.00e+00	0.00e+00	0.00e+00	0.00e+00	5.13e-08	2.72e-08	9.38e-09
 1.10602e+16	1.05e-07	3.04e-03	9.95e-01	2.30e-03	0.00e+00	0.00e+00	0.00e+00	0.00e+00	0.00e+00	6.10e-08	3.24e-08	1.12e-08
 1.14256e+16	1.23e-07	3.26e-03	9.95e-01	2.10e-03	0.00e+00	0.00e+00	0.00e+00	0.00e+00	0.00e+00	7.14e-08	3.79e-08	1.30e-08
 1.18378e+16	1.46e-07	3.53e-03	9.95e-01	1.91e-03	0.00e+00	0.00e+00	0.00e+00	0.00e+00	0.00e+00	8.50e-08	4.51e-08	1.55e-08
 1.23113e+16	1.78e-07	3.86e-03	9.94e-01	1.71e-03	0.00e+00	0.00e+00	0.00e+00	0.00e+00	0.00e+00	1.03e-07	5.48e-08	1.89e-08
 1.27722e+16	2.14e-07	4.19e-03	9.94e-01	1.53e-03	0.00e+00	0.00e+00	0.00e+00	0.00e+00	0.00e+00	1.24e-07	6.60e-08	2.27e-08
 1.32075e+16	2.54e-07	4.53e-03	9.94e-01	1.39e-03	0.00e+00	0.00e+00	0.00e+00	0.00e+00	0.00e+00	1.48e-07	7.85e-08	2.70e-08
 1.36918e+16	3.07e-07	4.92e-03	9.94e-01	1.25e-03	0.00e+00	0.00e+00	0.00e+00	0.00e+00	0.00e+00	1.79e-07	9.49e-08	3.26e-08
 1.42395e+16	3.79e-07	5.40e-03	9.93e-01	1.11e-03	0.00e+00	0.00e+00	0.00e+00	0.00e+00	0.00e+00	2.21e-07	1.17e-07	4.03e-08
 1.47774e+16	4.64e-07	5.90e-03	9.93e-01	9.86e-04	0.00e+00	0.00e+00	0.00e+00	0.00e+00	0.00e+00	2.70e-07	1.44e-07	4.93e-08
 1.52920e+16	5.64e-07	6.42e-03	9.93e-01	8.84e-04	0.00e+00	0.00e+00	0.00e+00	0.00e+00	0.00e+00	3.28e-07	1.74e-07	5.99e-08
 1.58591e+16	6.97e-07	7.02e-03	9.92e-01	7.85e-04	0.00e+00	0.00e+00	0.00e+00	0.00e+00	0.00e+00	4.05e-07	2.16e-07	7.41e-08
 1.64935e+16	8.84e-07	7.76e-03	9.92e-01	6.92e-04	0.00e+00	0.00e+00	0.00e+00	0.00e+00	0.00e+00	5.14e-07	2.74e-07	9.38e-08
 1.71156e+16	1.12e-06	8.56e-03	9.91e-01	6.11e-04	0.00e+00	0.00e+00	0.00e+00	0.00e+00	0.00e+00	6.49e-07	3.46e-07	1.19e-07
 1.77053e+16	1.39e-06	9.37e-03	9.90e-01	5.44e-04	0.00e+00	0.00e+00	0.00e+00	0.00e+00	0.00e+00	8.10e-07	4.32e-07	1.48e-07
 1.83564e+16	1.80e-06	1.04e-02	9.89e-01	4.79e-04	0.00e+00	0.00e+00	0.00e+00	0.00e+00	0.00e+00	1.04e-06	5.58e-07	1.91e-07
 1.90619e+16	2.37e-06	1.16e-02	9.88e-01	4.22e-04	0.00e+00	0.00e+00	0.00e+00	0.00e+00	0.00e+00	1.38e-06	7.36e-07	2.52e-07
 1.97181e+16	3.10e-06	1.28e-02	9.87e-01	3.71e-04	0.00e+00	0.00e+00	0.00e+00	0.00e+00	0.00e+00	1.80e-06	9.63e-07	3.29e-07
 2.03278e+16	4.03e-06	1.42e-02	9.86e-01	3.31e-04	0.00e+00	0.00e+00	0.00e+00	0.00e+00	0.00e+00	2.34e-06	1.25e-06	4.27e-07
 2.10159e+16	5.51e-06	1.59e-02	9.84e-01	2.91e-04	0.00e+00	0.00e+00	0.00e+00	0.00e+00	0.00e+00	3.20e-06	1.71e-06	5.84e-07
 2.17404e+16	7.82e-06	1.81e-02	9.82e-01	2.54e-04	0.00e+00	0.00e+00	0.00e+00	0.00e+00	0.00e+00	4.54e-06	2.43e-06	8.29e-07
 2.23434e+16	1.08e-05	2.02e-02	9.80e-01	2.27e-04	0.00e+00	0.00e+00	0.00e+00	0.00e+00	0.00e+00	6.25e-06	3.34e-06	1.14e-06
 2.28579e+16	1.45e-05	2.25e-02	9.77e-01	2.05e-04	0.00e+00	0.00e+00	0.00e+00	0.00e+00	0.00e+00	8.44e-06	4.51e-06	1.54e-06
 2.33241e+16	1.95e-05	2.50e-02	9.75e-01	1.86e-04	0.00e+00	0.00e+00	0.00e+00	0.00e+00	0.00e+00	1.13e-05	6.07e-06	2.07e-06
 2.37406e+16	2.61e-05	2.77e-02	9.72e-01	1.69e-04	0.00e+00	0.00e+00	0.00e+00	0.00e+00	0.00e+00	1.52e-05	8.10e-06	2.77e-06
 2.41194e+16	3.50e-05	3.08e-02	9.69e-01	1.54e-04	0.00e+00	0.00e+00	0.00e+00	0.00e+00	0.00e+00	2.03e-05	1.09e-05	3.71e-06
 2.44657e+16	4.70e-05	3.43e-02	9.66e-01	1.41e-04	0.00e+00	0.00e+00	0.00e+00	0.00e+00	0.00e+00	2.73e-05	1.46e-05	4.98e-06
 2.47063e+16	5.86e-05	3.72e-02	9.63e-01	1.32e-04	0.00e+00	0.00e+00	0.00e+00	0.00e+00	0.00e+00	3.40e-05	1.82e-05	6.20e-06
 2.48313e+16	6.62e-05	3.89e-02	9.61e-01	1.27e-04	0.00e+00	0.00e+00	0.00e+00	0.00e+00	0.00e+00	3.84e-05	2.05e-05	7.00e-06
 2.49443e+16	7.46e-05	4.08e-02	9.59e-01	1.22e-04	0.00e+00	0.00e+00	0.00e+00	0.00e+00	0.00e+00	4.33e-05	2.31e-05	7.89e-06
 2.50911e+16	8.79e-05	4.34e-02	9.56e-01	1.15e-04	0.00e+00	0.00e+00	0.00e+00	0.00e+00	0.00e+00	5.10e-05	2.72e-05	9.29e-06
 2.52447e+16	1.05e-04	4.65e-02	9.53e-01	1.09e-04	0.00e+00	0.00e+00	0.00e+00	0.00e+00	0.00e+00	6.08e-05	3.24e-05	1.11e-05
 2.53701e+16	1.22e-04	4.94e-02	9.50e-01	1.03e-04	0.00e+00	0.00e+00	0.00e+00	0.00e+00	0.00e+00	7.08e-05	3.78e-05	1.29e-05
 2.54746e+16	1.40e-04	5.22e-02	9.48e-01	9.83e-05	0.00e+00	0.00e+00	0.00e+00	0.00e+00	0.00e+00	8.10e-05	4.32e-05	1.47e-05
 2.55888e+16	1.63e-04	5.57e-02	9.44e-01	9.31e-05	0.00e+00	0.00e+00	0.00e+00	0.00e+00	0.00e+00	9.49e-05	5.06e-05	1.73e-05
 2.57097e+16	1.94e-04	5.98e-02	9.40e-01	8.75e-05	0.00e+00	0.00e+00	0.00e+00	0.00e+00	0.00e+00	1.13e-04	6.00e-05	2.05e-05
 2.58099e+16	2.26e-04	6.37e-02	9.36e-01	8.24e-05	0.00e+00	0.00e+00	0.00e+00	0.00e+00	0.00e+00	1.31e-04	6.99e-05	2.38e-05
 2.58938e+16	2.58e-04	6.75e-02	9.32e-01	7.87e-05	0.00e+00	0.00e+00	0.00e+00	0.00e+00	0.00e+00	1.50e-04	7.99e-05	2.72e-05
 2.59858e+16	3.02e-04	7.22e-02	9.27e-01	7.39e-05	0.00e+00	0.00e+00	0.00e+00	0.00e+00	0.00e+00	1.76e-04	9.35e-05	3.19e-05
 2.60823e+16	3.59e-04	7.78e-02	9.22e-01	6.90e-05	0.00e+00	0.00e+00	0.00e+00	0.00e+00	0.00e+00	2.08e-04	1.11e-04	3.78e-05
 2.61628e+16	4.17e-04	8.32e-02	9.16e-01	6.49e-05	0.00e+00	0.00e+00	0.00e+00	0.00e+00	0.00e+00	2.42e-04	1.29e-04	4.40e-05
 2.62315e+16	4.78e-04	8.84e-02	9.11e-01	6.11e-05	0.00e+00	0.00e+00	0.00e+00	0.00e+00	0.00e+00	2.78e-04	1.48e-04	5.04e-05
 2.63067e+16	5.60e-04	9.50e-02	9.04e-01	5.72e-05	0.00e+00	0.00e+00	0.00e+00	0.00e+00	0.00e+00	3.26e-04	1.73e-04	5.91e-05
 2.63862e+16	6.67e-04	1.03e-01	8.97e-01	5.30e-05	0.00e+00	0.00e+00	0.00e+00	0.00e+00	0.00e+00	3.87e-04	2.06e-04	7.02e-05
 2.64525e+16	7.77e-04	1.10e-01	8.89e-01	4.93e-05	0.00e+00	0.00e+00	0.00e+00	0.00e+00	0.00e+00	4.52e-04	2.40e-04	8.19e-05
 2.65087e+16	8.92e-04	1.17e-01	8.82e-01	4.65e-05	0.00e+00	0.00e+00	0.00e+00	0.00e+00	0.00e+00	5.18e-04	2.75e-04	9.39e-05
 2.65709e+16	1.05e-03	1.27e-01	8.72e-01	4.29e-05	0.00e+00	0.00e+00	0.00e+00	0.00e+00	0.00e+00	6.10e-04	3.24e-04	1.10e-04
 2.66366e+16	1.25e-03	1.38e-01	8.61e-01	3.93e-05	0.00e+00	0.00e+00	0.00e+00	0.00e+00	0.00e+00	7.28e-04	3.87e-04	1.32e-04
 2.66917e+16	1.47e-03	1.48e-01	8.50e-01	3.62e-05	0.00e+00	0.00e+00	0.00e+00	0.00e+00	0.00e+00	8.52e-04	4.53e-04	1.54e-04
 2.67390e+16	1.69e-03	1.58e-01	8.40e-01	3.37e-05	0.00e+00	0.00e+00	0.00e+00	0.00e+00	0.00e+00	9.82e-04	5.21e-04	1.78e-04
 2.67916e+16	2.00e-03	1.72e-01	8.26e-01	3.07e-05	0.00e+00	0.00e+00	0.00e+00	0.00e+00	0.00e+00	1.16e-03	6.18e-04	2.10e-04
 2.68473e+16	2.41e-03	1.87e-01	8.10e-01	2.77e-05	0.00e+00	0.00e+00	0.00e+00	0.00e+00	0.00e+00	1.40e-03	7.43e-04	2.53e-04
 2.68942e+16	2.84e-03	2.02e-01	7.95e-01	2.51e-05	0.00e+00	0.00e+00	0.00e+00	0.00e+00	0.00e+00	1.65e-03	8.75e-04	2.98e-04
 2.69349e+16	3.30e-03	2.17e-01	7.79e-01	2.30e-05	0.00e+00	0.00e+00	0.00e+00	0.00e+00	0.00e+00	1.92e-03	1.02e-03	3.46e-04
 2.69804e+16	3.95e-03	2.36e-01	7.60e-01	2.05e-05	0.00e+00	0.00e+00	0.00e+00	0.00e+00	0.00e+00	2.30e-03	1.22e-03	4.14e-04
 2.70288e+16	4.81e-03	2.59e-01	7.36e-01	1.80e-05	0.00e+00	0.00e+00	0.00e+00	0.00e+00	0.00e+00	2.80e-03	1.48e-03	5.04e-04
 2.70702e+16	5.75e-03	2.82e-01	7.12e-01	1.58e-05	0.00e+00	0.00e+00	0.00e+00	0.00e+00	0.00e+00	3.35e-03	1.77e-03	6.03e-04
 2.71068e+16	6.79e-03	3.04e-01	6.89e-01	1.41e-05	0.00e+00	0.00e+00	0.00e+00	0.00e+00	0.00e+00	3.95e-03	2.09e-03	7.12e-04
 2.71478e+16	8.30e-03	3.33e-01	6.59e-01	1.20e-05	0.00e+00	0.00e+00	0.00e+00	0.00e+00	0.00e+00	4.83e-03	2.56e-03	8.69e-04
 2.71919e+16	1.04e-02	3.67e-01	6.22e-01	9.99e-06	0.00e+00	0.00e+00	0.00e+00	0.00e+00	0.00e+00	6.03e-03	3.19e-03	1.08e-03
 2.72297e+16	1.27e-02	4.01e-01	5.86e-01	8.34e-06	0.00e+00	0.00e+00	0.00e+00	0.00e+00	0.00e+00	7.38e-03	3.90e-03	1.33e-03
 2.72617e+16	1.52e-02	4.33e-01	5.52e-01	7.02e-06	0.00e+00	0.00e+00	0.00e+00	0.00e+00	0.00e+00	8.84e-03	4.68e-03	1.59e-03
 2.72963e+16	1.87e-02	4.70e-01	5.11e-01	5.66e-06	0.00e+00	0.00e+00	0.00e+00	0.00e+00	0.00e+00	1.09e-02	5.76e-03	1.95e-03
 2.73327e+16	2.35e-02	5.13e-01	4.64e-01	4.39e-06	0.00e+00	0.00e+00	0.00e+00	0.00e+00	0.00e+00	1.37e-02	7.22e-03	2.45e-03
 2.73629e+16	2.86e-02	5.51e-01	4.21e-01	3.47e-06	0.00e+00	0.00e+00	0.00e+00	0.00e+00	0.00e+00	1.66e-02	8.79e-03	2.98e-03
 2.73884e+16	3.40e-02	5.84e-01	3.82e-01	2.74e-06	0.00e+00	0.00e+00	0.00e+00	0.00e+00	0.00e+00	1.98e-02	1.05e-02	3.55e-03
 2.74164e+16	4.17e-02	6.22e-01	3.36e-01	2.04e-06	0.00e+00	0.00e+00	0.00e+00	0.00e+00	0.00e+00	2.43e-02	1.28e-02	4.35e-03
 2.74464e+16	5.20e-02	6.61e-01	2.87e-01	1.43e-06	0.00e+00	0.00e+00	0.00e+00	0.00e+00	0.00e+00	3.03e-02	1.60e-02	5.42e-03
 2.74718e+16	6.34e-02	6.92e-01	2.44e-01	1.01e-06	0.00e+00	0.00e+00	0.00e+00	0.00e+00	0.00e+00	3.70e-02	1.95e-02	6.61e-03
 2.74937e+16	7.57e-02	7.17e-01	2.08e-01	7.18e-07	0.00e+00	0.00e+00	0.00e+00	0.00e+00	0.00e+00	4.42e-02	2.33e-02	7.90e-03
 2.75177e+16	9.27e-02	7.39e-01	1.69e-01	0.00e+00	0.00e+00	0.00e+00	0.00e+00	0.00e+00	0.00e+00	5.41e-02	2.85e-02	9.67e-03
 2.75390e+16	1.11e-01	7.52e-01	1.37e-01	0.00e+00	0.00e+00	0.00e+00	0.00e+00	0.00e+00	0.00e+00	6.48e-02	3.40e-02	1.16e-02
