#depth	He	He+	He+2
 1.49634e+10	1.46e-22	3.09e-10	1.00e+00
 4.54887e+10	1.65e-22	3.35e-10	1.00e+00
 7.72350e+10	1.87e-22	3.62e-10	1.00e+00
 1.10251e+11	2.12e-22	3.92e-10	1.00e+00
 1.44588e+11	2.41e-22	4.25e-10	1.00e+00
 1.80298e+11	2.73e-22	4.60e-10	1.00e+00
 2.17437e+11	3.11e-22	4.98e-10	1.00e+00
 2.56061e+11	3.53e-22	5.39e-10	1.00e+00
 2.96231e+11	4.02e-22	5.84e-10	1.00e+00
 3.38007e+11	4.59e-22	6.33e-10	1.00e+00
 3.81454e+11	5.24e-22	6.86e-10	1.00e+00
 4.26639e+11	5.98e-22	7.44e-10	1.00e+00
 4.73631e+11	6.84e-22	8.06e-10	1.00e+00
 5.22503e+11	7.84e-22	8.75e-10	1.00e+00
 5.73330e+11	8.99e-22	9.49e-10	1.00e+00
 6.26190e+11	1.03e-21	1.03e-09	1.00e+00
 6.81164e+11	1.19e-21	1.12e-09	1.00e+00
 7.38337e+11	1.37e-21	1.21e-09	1.00e+00
 7.97798e+11	1.58e-21	1.32e-09	1.00e+00
 8.59636e+11	1.82e-21	1.43e-09	1.00e+00
 9.23949e+11	2.11e-21	1.56e-09	1.00e+00
 9.90833e+11	2.44e-21	1.70e-09	1.00e+00
 1.06039e+12	2.84e-21	1.85e-09	1.00e+00
 1.13274e+12	3.31e-21	2.02e-09	1.00e+00
 1.20797e+12	3.86e-21	2.20e-09	1.00e+00
 1.28622e+12	4.52e-21	2.40e-09	1.00e+00
 1.36759e+12	5.31e-21	2.62e-09	1.00e+00
 1.45222e+12	6.25e-21	2.87e-09	1.00e+00
 1.54024e+12	7.38e-21	3.14e-09	1.00e+00
 1.63178e+12	8.76e-21	3.45e-09	1.00e+00
 1.72697e+12	1.04e-20	3.78e-09	1.00e+00
 1.82598e+12	1.25e-20	4.15e-09	1.00e+00
 1.92895e+12	1.49e-20	4.57e-09	1.00e+00
 2.03603e+12	1.79e-20	5.02e-09	1.00e+00
 2.14740e+12	2.15e-20	5.53e-09	1.00e+00
 2.26322e+12	2.59e-20	6.10e-09	1.00e+00
 2.38368e+12	3.13e-20	6.72e-09	1.00e+00
 2.50895e+12	3.78e-20	7.41e-09	1.00e+00
 2.63924e+12	4.58e-20	8.18e-09	1.00e+00
 2.77473e+12	5.55e-20	9.02e-09	1.00e+00
 2.91565e+12	6.72e-20	9.95e-09	1.00e+00
 3.06220e+12	8.15e-20	1.10e-08	1.00e+00
 3.21461e+12	9.87e-20	1.21e-08	1.00e+00
 3.37313e+12	1.20e-19	1.34e-08	1.00e+00
 3.53798e+12	1.45e-19	1.47e-08	1.00e+00
 3.70942e+12	1.75e-19	1.62e-08	1.00e+00
 3.88773e+12	2.12e-19	1.78e-08	1.00e+00
 4.07316e+12	2.56e-19	1.96e-08	1.00e+00
 4.26602e+12	3.08e-19	2.16e-08	1.00e+00
 4.46658e+12	3.72e-19	2.37e-08	1.00e+00
 4.67517e+12	4.48e-19	2.61e-08	1.00e+00
 4.89211e+12	5.38e-19	2.87e-08	1.00e+00
 5.11772e+12	6.47e-19	3.14e-08	1.00e+00
 5.35235e+12	7.77e-19	3.45e-08	1.00e+00
 5.59638e+12	9.31e-19	3.78e-08	1.00e+00
 5.85016e+12	1.12e-18	4.14e-08	1.00e+00
 6.11409e+12	1.34e-18	4.54e-08	1.00e+00
 6.38858e+12	1.60e-18	4.97e-08	1.00e+00
 6.67405e+12	1.91e-18	5.44e-08	1.00e+00
 6.97094e+12	2.28e-18	5.95e-08	1.00e+00
 7.27970e+12	2.73e-18	6.51e-08	1.00e+00
 7.60082e+12	3.25e-18	7.12e-08	1.00e+00
 7.93478e+12	3.88e-18	7.78e-08	1.00e+00
 8.28210e+12	4.62e-18	8.50e-08	1.00e+00
 8.64331e+12	5.49e-18	9.28e-08	1.00e+00
 9.01897e+12	6.55e-18	1.01e-07	1.00e+00
 9.40965e+12	7.79e-18	1.11e-07	1.00e+00
 9.81596e+12	9.27e-18	1.21e-07	1.00e+00
 1.02385e+13	1.10e-17	1.32e-07	1.00e+00
 1.06780e+13	1.31e-17	1.44e-07	1.00e+00
 1.11350e+13	1.56e-17	1.57e-07	1.00e+00
 1.16104e+13	1.85e-17	1.72e-07	1.00e+00
 1.21047e+13	2.20e-17	1.87e-07	1.00e+00
 1.26188e+13	2.61e-17	2.04e-07	1.00e+00
 1.31535e+13	3.09e-17	2.23e-07	1.00e+00
 1.37096e+13	3.67e-17	2.43e-07	1.00e+00
 1.42879e+13	4.35e-17	2.65e-07	1.00e+00
 1.48893e+13	5.16e-17	2.89e-07	1.00e+00
 1.55148e+13	6.12e-17	3.15e-07	1.00e+00
 1.61653e+13	7.25e-17	3.43e-07	1.00e+00
 1.68419e+13	8.60e-17	3.74e-07	1.00e+00
 1.75455e+13	1.02e-16	4.08e-07	1.00e+00
 1.82772e+13	1.21e-16	4.44e-07	1.00e+00
 1.90383e+13	1.43e-16	4.84e-07	1.00e+00
 1.98297e+13	1.69e-16	5.27e-07	1.00e+00
 2.06528e+13	2.00e-16	5.74e-07	1.00e+00
 2.15089e+13	2.37e-16	6.25e-07	1.00e+00
 2.23991e+13	2.80e-16	6.81e-07	1.00e+00
 2.33250e+13	3.31e-16	7.41e-07	1.00e+00
 2.42880e+13	3.91e-16	8.06e-07	1.00e+00
 2.52894e+13	4.62e-16	8.77e-07	1.00e+00
 2.63309e+13	5.45e-16	9.54e-07	1.00e+00
 2.74141e+13	6.44e-16	1.04e-06	1.00e+00
 2.85406e+13	7.59e-16	1.13e-06	1.00e+00
 2.97121e+13	8.96e-16	1.23e-06	1.00e+00
 3.09305e+13	1.06e-15	1.33e-06	1.00e+00
 3.21977e+13	1.24e-15	1.45e-06	1.00e+00
 3.35155e+13	1.46e-15	1.57e-06	1.00e+00
 3.48861e+13	1.72e-15	1.71e-06	1.00e+00
 3.63114e+13	2.03e-15	1.85e-06	1.00e+00
 3.77938e+13	2.39e-15	2.01e-06	1.00e+00
 3.93355e+13	2.81e-15	2.18e-06	1.00e+00
 4.09388e+13	3.30e-15	2.37e-06	1.00e+00
 4.26063e+13	3.88e-15	2.57e-06	1.00e+00
 4.43405e+13	4.56e-15	2.79e-06	1.00e+00
 4.61441e+13	5.36e-15	3.02e-06	1.00e+00
 4.80197e+13	6.30e-15	3.28e-06	1.00e+00
 4.99705e+13	7.40e-15	3.55e-06	1.00e+00
 5.19992e+13	8.69e-15	3.85e-06	1.00e+00
 5.41091e+13	1.02e-14	4.18e-06	1.00e+00
 5.63034e+13	1.20e-14	4.53e-06	1.00e+00
 5.85854e+13	1.41e-14	4.91e-06	1.00e+00
 6.09588e+13	1.65e-14	5.32e-06	1.00e+00
 6.34271e+13	1.94e-14	5.76e-06	1.00e+00
 6.59941e+13	2.28e-14	6.25e-06	1.00e+00
 6.86638e+13	2.67e-14	6.77e-06	1.00e+00
 7.14402e+13	3.14e-14	7.33e-06	1.00e+00
 7.43278e+13	3.68e-14	7.95e-06	1.00e+00
 7.73308e+13	4.32e-14	8.61e-06	1.00e+00
 8.04540e+13	5.07e-14	9.33e-06	1.00e+00
 8.37021e+13	5.96e-14	1.01e-05	1.00e+00
 8.70801e+13	6.98e-14	1.09e-05	1.00e+00
 9.05932e+13	8.20e-14	1.19e-05	1.00e+00
 9.42469e+13	9.62e-14	1.29e-05	1.00e+00
 9.80467e+13	1.13e-13	1.39e-05	1.00e+00
 1.01998e+14	1.33e-13	1.51e-05	1.00e+00
 1.06108e+14	1.56e-13	1.63e-05	1.00e+00
 1.10383e+14	1.82e-13	1.77e-05	1.00e+00
 1.14828e+14	2.14e-13	1.92e-05	1.00e+00
 1.19451e+14	2.51e-13	2.08e-05	1.00e+00
 1.24259e+14	2.95e-13	2.25e-05	1.00e+00
 1.29259e+14	3.46e-13	2.44e-05	1.00e+00
 1.34459e+14	4.06e-13	2.64e-05	1.00e+00
 1.39868e+14	4.76e-13	2.86e-05	1.00e+00
 1.45492e+14	5.59e-13	3.10e-05	1.00e+00
 1.51342e+14	6.56e-13	3.36e-05	1.00e+00
 1.57426e+14	7.70e-13	3.64e-05	1.00e+00
 1.63752e+14	9.02e-13	3.94e-05	1.00e+00
 1.70333e+14	1.06e-12	4.27e-05	1.00e+00
 1.77176e+14	1.24e-12	4.62e-05	1.00e+00
 1.84293e+14	1.46e-12	5.00e-05	1.00e+00
 1.91694e+14	1.71e-12	5.42e-05	1.00e+00
 1.99392e+14	2.00e-12	5.87e-05	1.00e+00
 2.07398e+14	2.35e-12	6.35e-05	1.00e+00
 2.15723e+14	2.76e-12	6.88e-05	1.00e+00
 2.24382e+14	3.23e-12	7.45e-05	1.00e+00
 2.33388e+14	3.79e-12	8.07e-05	1.00e+00
 2.42753e+14	4.44e-12	8.73e-05	1.00e+00
 2.52493e+14	5.20e-12	9.45e-05	1.00e+00
 2.62623e+14	6.09e-12	1.02e-04	1.00e+00
 2.73158e+14	7.14e-12	1.11e-04	1.00e+00
 2.84114e+14	8.36e-12	1.20e-04	1.00e+00
 2.95508e+14	9.81e-12	1.30e-04	1.00e+00
 3.07358e+14	1.15e-11	1.40e-04	1.00e+00
 3.19683e+14	1.34e-11	1.52e-04	1.00e+00
 3.32500e+14	1.57e-11	1.64e-04	1.00e+00
 3.45830e+14	1.84e-11	1.78e-04	1.00e+00
 3.59693e+14	2.16e-11	1.92e-04	1.00e+00
 3.74111e+14	2.53e-11	2.08e-04	1.00e+00
 3.89105e+14	2.96e-11	2.25e-04	1.00e+00
 4.04699e+14	3.46e-11	2.44e-04	1.00e+00
 4.20917e+14	4.05e-11	2.63e-04	1.00e+00
 4.37784e+14	4.74e-11	2.85e-04	1.00e+00
 4.55325e+14	5.54e-11	3.08e-04	1.00e+00
 4.73568e+14	6.48e-11	3.33e-04	1.00e+00
 4.92541e+14	7.59e-11	3.60e-04	1.00e+00
 5.12272e+14	8.88e-11	3.90e-04	1.00e+00
 5.32793e+14	1.04e-10	4.22e-04	1.00e+00
 5.54135e+14	1.22e-10	4.56e-04	1.00e+00
 5.76330e+14	1.42e-10	4.93e-04	1.00e+00
 5.99413e+14	1.66e-10	5.33e-04	9.99e-01
 6.23419e+14	1.95e-10	5.77e-04	9.99e-01
 6.48386e+14	2.28e-10	6.24e-04	9.99e-01
 6.74351e+14	2.67e-10	6.75e-04	9.99e-01
 7.01355e+14	3.12e-10	7.30e-04	9.99e-01
 7.29440e+14	3.66e-10	7.89e-04	9.99e-01
 7.58647e+14	4.28e-10	8.53e-04	9.99e-01
 7.89023e+14	5.01e-10	9.23e-04	9.99e-01
 8.20614e+14	5.87e-10	9.98e-04	9.99e-01
 8.51211e+14	6.80e-10	1.07e-03	9.99e-01
 8.79732e+14	7.76e-10	1.15e-03	9.99e-01
 9.11653e+14	8.96e-10	1.23e-03	9.99e-01
 9.47409e+14	1.05e-09	1.33e-03	9.99e-01
 9.81759e+14	1.21e-09	1.43e-03	9.99e-01
 1.01822e+15	1.40e-09	1.53e-03	9.98e-01
 1.05784e+15	1.63e-09	1.66e-03	9.98e-01
 1.09580e+15	1.88e-09	1.78e-03	9.98e-01
 1.13643e+15	2.18e-09	1.91e-03	9.98e-01
 1.18075e+15	2.54e-09	2.06e-03	9.98e-01
 1.22339e+15	2.94e-09	2.21e-03	9.98e-01
 1.26891e+15	3.41e-09	2.38e-03	9.98e-01
 1.31839e+15	3.98e-09	2.57e-03	9.97e-01
 1.36613e+15	4.60e-09	2.76e-03	9.97e-01
 1.41709e+15	5.34e-09	2.97e-03	9.97e-01
 1.47246e+15	6.25e-09	3.21e-03	9.97e-01
 1.52606e+15	7.23e-09	3.44e-03	9.97e-01
 1.58316e+15	8.42e-09	3.71e-03	9.96e-01
 1.64501e+15	9.84e-09	4.00e-03	9.96e-01
 1.70526e+15	1.14e-08	4.31e-03	9.96e-01
 1.76942e+15	1.33e-08	4.64e-03	9.95e-01
 1.83879e+15	1.56e-08	5.02e-03	9.95e-01
 1.90667e+15	1.81e-08	5.40e-03	9.95e-01
 1.97872e+15	2.12e-08	5.83e-03	9.94e-01
 2.05790e+15	2.49e-08	6.31e-03	9.94e-01
 2.13671e+15	2.92e-08	6.82e-03	9.93e-01
 2.21344e+15	3.38e-08	7.33e-03	9.93e-01
 2.29679e+15	3.96e-08	7.92e-03	9.92e-01
 2.38869e+15	4.68e-08	8.60e-03	9.91e-01
 2.48115e+15	5.51e-08	9.32e-03	9.91e-01
 2.57730e+15	6.48e-08	1.01e-02	9.90e-01
 2.68042e+15	7.68e-08	1.10e-02	9.89e-01
 2.78454e+15	9.07e-08	1.20e-02	9.88e-01
 2.89282e+15	1.07e-07	1.30e-02	9.87e-01
 3.00857e+15	1.28e-07	1.42e-02	9.86e-01
 3.12648e+15	1.52e-07	1.56e-02	9.84e-01
 3.24911e+15	1.81e-07	1.71e-02	9.83e-01
 3.37910e+15	2.18e-07	1.88e-02	9.81e-01
 3.51429e+15	2.62e-07	2.08e-02	9.79e-01
 3.65489e+15	3.18e-07	2.31e-02	9.77e-01
 3.80112e+15	3.87e-07	2.58e-02	9.74e-01
 3.95320e+15	4.75e-07	2.91e-02	9.71e-01
 4.11135e+15	5.89e-07	3.30e-02	9.67e-01
 4.27584e+15	7.37e-07	3.79e-02	9.62e-01
 4.44690e+15	9.37e-07	4.42e-02	9.56e-01
 4.61796e+15	1.20e-06	5.20e-02	9.48e-01
 4.77935e+15	1.54e-06	6.16e-02	9.38e-01
 4.92905e+15	1.97e-06	7.33e-02	9.27e-01
 5.06907e+15	2.52e-06	8.80e-02	9.12e-01
 5.20012e+15	3.25e-06	1.07e-01	8.93e-01
 5.32080e+15	4.20e-06	1.31e-01	8.69e-01
 5.41663e+15	5.28e-06	1.57e-01	8.43e-01
 5.48364e+15	6.29e-06	1.81e-01	8.19e-01
 5.54000e+15	7.36e-06	2.07e-01	7.93e-01
 5.60375e+15	8.90e-06	2.43e-01	7.57e-01
 5.67075e+15	1.10e-05	2.92e-01	7.08e-01
 5.72485e+15	1.33e-05	3.43e-01	6.57e-01
 5.76782e+15	1.55e-05	3.92e-01	6.08e-01
 5.81345e+15	1.83e-05	4.55e-01	5.45e-01
 5.86363e+15	2.19e-05	5.33e-01	4.67e-01
 5.90929e+15	2.57e-05	6.12e-01	3.88e-01
 5.95821e+15	2.99e-05	7.00e-01	3.00e-01
 6.02181e+15	3.52e-05	8.02e-01	1.98e-01
 6.10094e+15	4.05e-05	8.94e-01	1.06e-01
 6.19649e+15	4.48e-05	9.54e-01	4.55e-02
 6.31695e+15	4.82e-05	9.84e-01	1.60e-02
 6.47353e+15	5.13e-05	9.95e-01	4.66e-03
 6.67710e+15	5.49e-05	9.99e-01	1.17e-03
 6.92801e+15	5.92e-05	1.00e+00	2.75e-04
 7.20516e+15	6.41e-05	1.00e+00	7.07e-05
 7.49340e+15	6.93e-05	1.00e+00	2.11e-05
 7.79316e+15	7.49e-05	1.00e+00	7.05e-06
 8.10492e+15	8.10e-05	1.00e+00	2.60e-06
 8.42915e+15	8.77e-05	1.00e+00	1.05e-06
 8.76634e+15	9.49e-05	1.00e+00	4.74e-07
 9.11703e+15	1.03e-04	1.00e+00	2.41e-07
 9.48174e+15	1.11e-04	1.00e+00	1.38e-07
 9.86104e+15	1.21e-04	1.00e+00	8.93e-08
 1.02555e+16	1.31e-04	1.00e+00	6.33e-08
 1.06658e+16	1.42e-04	1.00e+00	4.79e-08
 1.10602e+16	1.53e-04	1.00e+00	3.81e-08
 1.14256e+16	1.64e-04	1.00e+00	3.19e-08
 1.18378e+16	1.77e-04	1.00e+00	2.69e-08
 1.23113e+16	1.92e-04	1.00e+00	2.19e-08
 1.27722e+16	2.08e-04	1.00e+00	1.83e-08
 1.32075e+16	2.24e-04	1.00e+00	1.57e-08
 1.36918e+16	2.43e-04	1.00e+00	1.34e-08
 1.42395e+16	2.66e-04	1.00e+00	1.11e-08
 1.47774e+16	2.89e-04	1.00e+00	9.25e-09
 1.52920e+16	3.14e-04	1.00e+00	7.92e-09
 1.58591e+16	3.43e-04	1.00e+00	6.76e-09
 1.64935e+16	3.79e-04	1.00e+00	5.57e-09
 1.71156e+16	4.19e-04	1.00e+00	4.64e-09
 1.77053e+16	4.57e-04	1.00e+00	3.96e-09
 1.83564e+16	5.08e-04	9.99e-01	3.38e-09
 1.90619e+16	5.68e-04	9.99e-01	2.76e-09
 1.97181e+16	6.32e-04	9.99e-01	2.33e-09
 2.03278e+16	7.00e-04	9.99e-01	2.01e-09
 2.10159e+16	7.92e-04	9.99e-01	1.73e-09
 2.17404e+16	9.03e-04	9.99e-01	1.41e-09
 2.23434e+16	1.01e-03	9.99e-01	1.22e-09
 2.28579e+16	1.13e-03	9.99e-01	1.09e-09
 2.33241e+16	1.25e-03	9.99e-01	9.72e-10
 2.37406e+16	1.38e-03	9.99e-01	8.82e-10
 2.41194e+16	1.52e-03	9.98e-01	8.06e-10
 2.44657e+16	1.68e-03	9.98e-01	7.41e-10
 2.47063e+16	1.80e-03	9.98e-01	6.88e-10
 2.48313e+16	1.88e-03	9.98e-01	6.77e-10
 2.49443e+16	1.95e-03	9.98e-01	6.64e-10
 2.50911e+16	2.05e-03	9.98e-01	6.40e-10
 2.52447e+16	2.17e-03	9.98e-01	6.10e-10
 2.53701e+16	2.27e-03	9.98e-01	5.90e-10
 2.54746e+16	2.37e-03	9.98e-01	5.75e-10
 2.55888e+16	2.49e-03	9.98e-01	5.60e-10
 2.57097e+16	2.62e-03	9.97e-01	5.39e-10
 2.58099e+16	2.75e-03	9.97e-01	5.23e-10
 2.58938e+16	2.86e-03	9.97e-01	5.12e-10
 2.59858e+16	3.01e-03	9.97e-01	5.00e-10
 2.60823e+16	3.16e-03	9.97e-01	4.83e-10
 2.61628e+16	3.32e-03	9.97e-01	4.71e-10
 2.62315e+16	3.45e-03	9.97e-01	4.61e-10
 2.63067e+16	3.62e-03	9.96e-01	4.52e-10
 2.63862e+16	3.82e-03	9.96e-01	4.38e-10
 2.64525e+16	4.00e-03	9.96e-01	4.27e-10
 2.65087e+16	4.17e-03	9.96e-01	4.19e-10
 2.65709e+16	4.39e-03	9.96e-01	4.11e-10
 2.66366e+16	4.64e-03	9.95e-01	3.99e-10
 2.66917e+16	4.87e-03	9.95e-01	3.90e-10
 2.67390e+16	5.09e-03	9.95e-01	3.83e-10
 2.67916e+16	5.36e-03	9.95e-01	3.75e-10
 2.68473e+16	5.70e-03	9.94e-01	3.64e-10
 2.68942e+16	6.00e-03	9.94e-01	3.55e-10
 2.69349e+16	6.30e-03	9.94e-01	3.49e-10
 2.69804e+16	6.68e-03	9.93e-01	3.42e-10
 2.70288e+16	7.14e-03	9.93e-01	3.30e-10
 2.70702e+16	7.59e-03	9.92e-01	3.22e-10
 2.71068e+16	8.04e-03	9.92e-01	3.15e-10
 2.71478e+16	8.62e-03	9.91e-01	3.07e-10
 2.71919e+16	9.35e-03	9.91e-01	2.96e-10
 2.72297e+16	1.01e-02	9.90e-01	2.86e-10
 2.72617e+16	1.08e-02	9.89e-01	2.78e-10
 2.72963e+16	1.18e-02	9.88e-01	2.71e-10
 2.73327e+16	1.29e-02	9.87e-01	2.58e-10
 2.73629e+16	1.41e-02	9.86e-01	2.49e-10
 2.73884e+16	1.53e-02	9.85e-01	2.42e-10
 2.74164e+16	1.69e-02	9.83e-01	2.33e-10
 2.74464e+16	1.89e-02	9.81e-01	2.20e-10
 2.74718e+16	2.11e-02	9.79e-01	2.09e-10
 2.74937e+16	2.34e-02	9.77e-01	2.00e-10
 2.75177e+16	2.65e-02	9.73e-01	1.90e-10
 2.75390e+16	2.98e-02	9.70e-01	1.76e-10
 2.75515e+16	3.23e-02	9.68e-01	1.70e-10
 2.75609e+16	3.43e-02	9.66e-01	1.66e-10
 2.75716e+16	3.71e-02	9.63e-01	1.61e-10
 2.75855e+16	4.10e-02	9.59e-01	1.52e-10
 2.75992e+16	4.55e-02	9.55e-01	1.42e-10
 2.76094e+16	4.94e-02	9.51e-01	1.35e-10
 2.76177e+16	5.32e-02	9.47e-01	1.30e-10
 2.76270e+16	5.79e-02	9.42e-01	1.25e-10
 2.76371e+16	6.36e-02	9.36e-01	1.16e-10
 2.76461e+16	6.93e-02	9.31e-01	1.10e-10
 2.76539e+16	7.48e-02	9.25e-01	1.04e-10
 2.76626e+16	8.21e-02	9.18e-01	9.80e-11
 2.76718e+16	9.06e-02	9.09e-01	8.99e-11
 2.76797e+16	9.90e-02	9.01e-01	8.38e-11
 2.76867e+16	1.07e-01	8.93e-01	7.87e-11
 2.76940e+16	1.17e-01	8.83e-01	7.35e-11
 2.77018e+16	1.28e-01	8.72e-01	6.70e-11
 2.77091e+16	1.40e-01	8.60e-01	6.13e-11
 2.77159e+16	1.52e-01	8.48e-01	5.66e-11
 2.77222e+16	1.64e-01	8.36e-01	5.18e-11
 2.77280e+16	1.76e-01	8.24e-01	4.79e-11
 2.77334e+16	1.88e-01	8.12e-01	4.41e-11
 2.77377e+16	1.98e-01	8.02e-01	4.10e-11
 2.77406e+16	2.05e-01	7.95e-01	3.95e-11
 2.77434e+16	2.13e-01	7.87e-01	3.79e-11
 2.77466e+16	2.22e-01	7.78e-01	3.59e-11
 2.77499e+16	2.31e-01	7.69e-01	3.38e-11
 2.77532e+16	2.41e-01	7.59e-01	3.18e-11
 2.77564e+16	2.50e-01	7.50e-01	3.00e-11
 2.77595e+16	2.60e-01	7.40e-01	2.83e-11
 2.77626e+16	2.70e-01	7.30e-01	2.66e-11
 2.77657e+16	2.81e-01	7.19e-01	2.50e-11
 2.77688e+16	2.92e-01	7.08e-01	2.34e-11
 2.77719e+16	3.03e-01	6.97e-01	2.19e-11
 2.77749e+16	3.14e-01	6.86e-01	2.05e-11
 2.77779e+16	3.26e-01	6.74e-01	1.91e-11
 2.77809e+16	3.38e-01	6.62e-01	1.78e-11
 2.77839e+16	3.49e-01	6.51e-01	1.66e-11
 2.77869e+16	3.62e-01	6.38e-01	1.54e-11
 2.77898e+16	3.74e-01	6.26e-01	1.43e-11
 2.77928e+16	3.87e-01	6.13e-01	1.33e-11
 2.77957e+16	4.00e-01	6.00e-01	1.23e-11
 2.77985e+16	4.13e-01	5.87e-01	1.13e-11
 2.78014e+16	4.26e-01	5.74e-01	1.05e-11
 2.78043e+16	4.39e-01	5.61e-01	9.63e-12
 2.78071e+16	4.53e-01	5.47e-01	8.85e-12
 2.78099e+16	4.66e-01	5.34e-01	8.13e-12
 2.78127e+16	4.79e-01	5.21e-01	7.46e-12
 2.78154e+16	4.93e-01	5.07e-01	6.83e-12
 2.78182e+16	5.07e-01	4.93e-01	6.24e-12
 2.78209e+16	5.20e-01	4.80e-01	5.70e-12
 2.78236e+16	5.34e-01	4.66e-01	5.20e-12
 2.78263e+16	5.47e-01	4.53e-01	4.74e-12
 2.78289e+16	5.59e-01	4.41e-01	4.32e-12
 2.78314e+16	5.72e-01	4.28e-01	3.95e-12
 2.78339e+16	5.85e-01	4.15e-01	3.60e-12
 2.78364e+16	5.97e-01	4.03e-01	3.27e-12
 2.78389e+16	6.09e-01	3.91e-01	2.98e-12
 2.78413e+16	6.21e-01	3.79e-01	2.71e-12
 2.78436e+16	6.32e-01	3.68e-01	2.46e-12
 2.78460e+16	6.44e-01	3.56e-01	2.24e-12
 2.78483e+16	6.55e-01	3.45e-01	2.03e-12
 2.78506e+16	6.66e-01	3.34e-01	1.85e-12
 2.78529e+16	6.77e-01	3.23e-01	1.68e-12
 2.78551e+16	6.87e-01	3.13e-01	1.52e-12
 2.78573e+16	6.97e-01	3.03e-01	1.38e-12
 2.78595e+16	7.07e-01	2.93e-01	1.25e-12
 2.78616e+16	7.16e-01	2.84e-01	1.14e-12
 2.78638e+16	7.26e-01	2.74e-01	1.03e-12
 2.78659e+16	7.35e-01	2.65e-01	9.33e-13
 2.78680e+16	7.43e-01	2.57e-01	8.46e-13
 2.78700e+16	7.52e-01	2.48e-01	7.65e-13
 2.78721e+16	7.60e-01	2.40e-01	6.92e-13
 2.78741e+16	7.68e-01	2.32e-01	6.27e-13
 2.78761e+16	7.76e-01	2.24e-01	5.67e-13
 2.78781e+16	7.84e-01	2.16e-01	5.12e-13
 2.78801e+16	7.91e-01	2.09e-01	4.63e-13
 2.78821e+16	7.98e-01	2.02e-01	4.18e-13
 2.78840e+16	8.06e-01	1.94e-01	3.77e-13
 2.78860e+16	8.12e-01	1.88e-01	3.40e-13
 2.78879e+16	8.19e-01	1.81e-01	3.06e-13
 2.78898e+16	8.25e-01	1.75e-01	2.76e-13
 2.78918e+16	8.32e-01	1.68e-01	2.48e-13
 2.78937e+16	8.38e-01	1.62e-01	2.23e-13
 2.78956e+16	8.44e-01	1.56e-01	2.00e-13
 2.78974e+16	8.49e-01	1.51e-01	1.80e-13
 2.78993e+16	8.55e-01	1.45e-01	1.61e-13
 2.79012e+16	8.60e-01	1.40e-01	1.45e-13
 2.79030e+16	8.65e-01	1.35e-01	1.29e-13
 2.79049e+16	8.70e-01	1.30e-01	1.16e-13
 2.79067e+16	8.75e-01	1.25e-01	1.03e-13
 2.79086e+16	8.80e-01	1.20e-01	9.24e-14
 2.79103e+16	8.84e-01	1.16e-01	8.27e-14
 2.79120e+16	8.88e-01	1.12e-01	7.43e-14
 2.79136e+16	8.92e-01	1.08e-01	6.68e-14
 2.79152e+16	8.96e-01	1.04e-01	6.03e-14
 2.79167e+16	8.99e-01	1.01e-01	5.44e-14
 2.79181e+16	9.02e-01	9.78e-02	4.94e-14
 2.79194e+16	9.05e-01	9.50e-02	4.52e-14
 2.79206e+16	9.07e-01	9.25e-02	4.17e-14
 2.79217e+16	9.10e-01	9.03e-02	3.86e-14
 2.79226e+16	9.12e-01	8.83e-02	3.60e-14
 2.79235e+16	9.13e-01	8.65e-02	3.38e-14
 2.79243e+16	9.15e-01	8.49e-02	3.18e-14
 2.79251e+16	9.17e-01	8.34e-02	3.00e-14
 2.79257e+16	9.18e-01	8.21e-02	2.85e-14
 2.79265e+16	9.19e-01	8.06e-02	2.70e-14
 2.79273e+16	9.21e-01	7.91e-02	2.53e-14
 2.79280e+16	9.22e-01	7.78e-02	2.39e-14
 2.79286e+16	9.24e-01	7.65e-02	2.26e-14
 2.79292e+16	9.25e-01	7.54e-02	2.15e-14
 2.79299e+16	9.26e-01	7.41e-02	2.04e-14
 2.79306e+16	9.27e-01	7.29e-02	1.91e-14
 2.79312e+16	9.28e-01	7.18e-02	1.81e-14
 2.79318e+16	9.29e-01	7.07e-02	1.72e-14
 2.79323e+16	9.30e-01	6.97e-02	1.64e-14
 2.79328e+16	9.31e-01	6.89e-02	1.56e-14
 2.79334e+16	9.32e-01	6.79e-02	1.49e-14
 2.79340e+16	9.33e-01	6.66e-02	1.39e-14
 2.79348e+16	9.35e-01	6.54e-02	1.29e-14
 2.79355e+16	9.36e-01	6.42e-02	1.20e-14
 2.79361e+16	9.37e-01	6.31e-02	1.13e-14
 2.79366e+16	9.38e-01	6.22e-02	1.07e-14
 2.79371e+16	9.39e-01	6.13e-02	1.01e-14
 2.79376e+16	9.39e-01	6.06e-02	9.61e-15
 2.79380e+16	9.40e-01	5.98e-02	9.14e-15
 2.79384e+16	9.41e-01	5.92e-02	8.76e-15
 2.79388e+16	9.41e-01	5.85e-02	8.36e-15
 2.79393e+16	9.42e-01	5.78e-02	7.92e-15
 2.79397e+16	9.43e-01	5.71e-02	7.55e-15
 2.79402e+16	9.44e-01	5.63e-02	7.14e-15
 2.79406e+16	9.44e-01	5.55e-02	6.71e-15
 2.79411e+16	9.45e-01	5.48e-02	6.36e-15
 2.79415e+16	9.46e-01	5.43e-02	6.05e-15
 2.79419e+16	9.46e-01	5.36e-02	5.76e-15
 2.79422e+16	9.47e-01	5.31e-02	5.52e-15
 2.79426e+16	9.47e-01	5.25e-02	5.28e-15
 2.79430e+16	9.48e-01	5.18e-02	4.94e-15
 2.79436e+16	9.49e-01	5.10e-02	4.60e-15
 2.79440e+16	9.50e-01	5.03e-02	4.33e-15
 2.79445e+16	9.50e-01	4.97e-02	4.09e-15
 2.79448e+16	9.51e-01	4.92e-02	3.88e-15
 2.79452e+16	9.51e-01	4.86e-02	3.69e-15
 2.79455e+16	9.52e-01	4.82e-02	3.53e-15
 2.79459e+16	9.52e-01	4.77e-02	3.37e-15
 2.79463e+16	9.53e-01	4.70e-02	3.15e-15
 2.79468e+16	9.54e-01	4.63e-02	2.94e-15
 2.79473e+16	9.54e-01	4.57e-02	2.77e-15
 2.79477e+16	9.55e-01	4.52e-02	2.59e-15
 2.79481e+16	9.55e-01	4.47e-02	2.45e-15
 2.79485e+16	9.56e-01	4.42e-02	2.30e-15
 2.79489e+16	9.56e-01	4.37e-02	2.14e-15
 2.79493e+16	9.57e-01	4.32e-02	2.01e-15
 2.79497e+16	9.57e-01	4.26e-02	1.88e-15
 2.79502e+16	9.58e-01	4.20e-02	1.74e-15
 2.79506e+16	9.58e-01	4.16e-02	1.63e-15
 2.79510e+16	9.59e-01	4.11e-02	1.53e-15
 2.79514e+16	9.59e-01	4.07e-02	1.45e-15
 2.79518e+16	9.60e-01	4.02e-02	1.37e-15
 2.79523e+16	9.60e-01	3.96e-02	1.26e-15
 2.79529e+16	9.61e-01	3.90e-02	1.15e-15
 2.79534e+16	9.61e-01	3.85e-02	1.07e-15
 2.79538e+16	9.62e-01	3.80e-02	1.00e-15
 2.79542e+16	9.62e-01	3.76e-02	9.36e-16
 2.79546e+16	9.63e-01	3.72e-02	8.84e-16
 2.79550e+16	9.63e-01	3.68e-02	8.33e-16
 2.79555e+16	9.64e-01	3.62e-02	7.68e-16
 2.79561e+16	9.64e-01	3.57e-02	7.04e-16
 2.79567e+16	9.65e-01	3.52e-02	6.55e-16
 2.79571e+16	9.65e-01	3.47e-02	6.11e-16
 2.79576e+16	9.66e-01	3.43e-02	5.73e-16
 2.79581e+16	9.66e-01	3.39e-02	5.39e-16
 2.79587e+16	9.67e-01	3.33e-02	4.92e-16
 2.79593e+16	9.67e-01	3.27e-02	4.48e-16
 2.79600e+16	9.68e-01	3.23e-02	4.15e-16
 2.79605e+16	9.68e-01	3.18e-02	3.86e-16
 2.79610e+16	9.69e-01	3.14e-02	3.61e-16
 2.79615e+16	9.69e-01	3.10e-02	3.42e-16
 2.79620e+16	9.69e-01	3.06e-02	3.22e-16
 2.79626e+16	9.70e-01	3.01e-02	2.97e-16
 2.79634e+16	9.70e-01	2.96e-02	2.73e-16
 2.79640e+16	9.71e-01	2.91e-02	2.54e-16
 2.79646e+16	9.71e-01	2.87e-02	2.39e-16
 2.79651e+16	9.72e-01	2.83e-02	2.26e-16
 2.79657e+16	9.72e-01	2.79e-02	2.13e-16
 2.79663e+16	9.72e-01	2.75e-02	1.99e-16
 2.79669e+16	9.73e-01	2.71e-02	1.89e-16
 2.79675e+16	9.73e-01	2.67e-02	1.78e-16
 2.79682e+16	9.74e-01	2.63e-02	1.68e-16
 2.79688e+16	9.74e-01	2.59e-02	1.59e-16
 2.79694e+16	9.74e-01	2.56e-02	1.52e-16
 2.79700e+16	9.75e-01	2.52e-02	1.45e-16
 2.79708e+16	9.75e-01	2.47e-02	1.36e-16
 2.79717e+16	9.76e-01	2.42e-02	1.28e-16
 2.79725e+16	9.76e-01	2.38e-02	1.22e-16
 2.79732e+16	9.77e-01	2.34e-02	1.16e-16
 2.79739e+16	9.77e-01	2.31e-02	1.12e-16
 2.79746e+16	9.77e-01	2.27e-02	1.07e-16
 2.79753e+16	9.78e-01	2.23e-02	1.03e-16
 2.79760e+16	9.78e-01	2.20e-02	9.94e-17
 2.79768e+16	9.78e-01	2.16e-02	9.56e-17
 2.79776e+16	9.79e-01	2.12e-02	9.19e-17
 2.79784e+16	9.79e-01	2.09e-02	8.90e-17
 2.79792e+16	9.80e-01	2.05e-02	8.59e-17
 2.79801e+16	9.80e-01	2.01e-02	8.28e-17
 2.79809e+16	9.80e-01	1.97e-02	8.04e-17
 2.79818e+16	9.81e-01	1.93e-02	7.77e-17
 2.79828e+16	9.81e-01	1.89e-02	7.51e-17
 2.79837e+16	9.81e-01	1.86e-02	7.30e-17
 2.79846e+16	9.82e-01	1.81e-02	7.07e-17
 2.79857e+16	9.82e-01	1.77e-02	6.84e-17
 2.79866e+16	9.83e-01	1.74e-02	6.65e-17
 2.79875e+16	9.83e-01	1.70e-02	6.49e-17
 2.79884e+16	9.83e-01	1.66e-02	6.30e-17
 2.79894e+16	9.84e-01	1.62e-02	6.11e-17
 2.79904e+16	9.84e-01	1.59e-02	5.95e-17
 2.79914e+16	9.85e-01	1.54e-02	5.77e-17
 2.79925e+16	9.85e-01	1.50e-02	5.58e-17
 2.79935e+16	9.85e-01	1.46e-02	5.42e-17
 2.79946e+16	9.86e-01	1.41e-02	5.23e-17
 2.79957e+16	9.86e-01	1.37e-02	5.04e-17
 2.79968e+16	9.87e-01	1.33e-02	4.88e-17
 2.79980e+16	9.87e-01	1.28e-02	4.69e-17
 2.79993e+16	9.88e-01	1.23e-02	4.50e-17
 2.80006e+16	9.88e-01	1.17e-02	4.29e-17
 2.80024e+16	9.89e-01	1.11e-02	4.03e-17
 2.80045e+16	9.90e-01	1.04e-02	3.76e-17
 2.80065e+16	9.90e-01	9.69e-03	3.51e-17
 2.80086e+16	9.91e-01	9.06e-03	3.27e-17
 2.80107e+16	9.92e-01	8.44e-03	3.04e-17
 2.80130e+16	9.92e-01	7.82e-03	2.81e-17
 2.80153e+16	9.93e-01	7.22e-03	2.59e-17
 2.80178e+16	9.93e-01	6.65e-03	2.37e-17
 2.80203e+16	9.94e-01	6.09e-03	2.17e-17
 2.80231e+16	9.94e-01	5.55e-03	1.97e-17
 2.80259e+16	9.95e-01	5.04e-03	1.78e-17
 2.80290e+16	9.95e-01	4.54e-03	1.60e-17
 2.80322e+16	9.96e-01	4.07e-03	1.43e-17
 2.80356e+16	9.96e-01	3.62e-03	1.27e-17
 2.80393e+16	9.97e-01	3.19e-03	1.11e-17
 2.80432e+16	9.97e-01	2.79e-03	9.70e-18
 2.80475e+16	9.98e-01	2.42e-03	8.37e-18
 2.80521e+16	9.98e-01	2.06e-03	7.12e-18
 2.80571e+16	9.98e-01	1.74e-03	5.97e-18
 2.80627e+16	9.99e-01	1.44e-03	4.92e-18
 2.80690e+16	9.99e-01	1.16e-03	3.96e-18
 2.80761e+16	9.99e-01	9.12e-04	3.09e-18
 2.80844e+16	9.99e-01	6.90e-04	2.33e-18
 2.80938e+16	9.99e-01	5.03e-04	1.69e-18
 2.81037e+16	1.00e+00	3.62e-04	1.21e-18
 2.81137e+16	1.00e+00	2.62e-04	8.73e-19
 2.81237e+16	1.00e+00	1.89e-04	6.28e-19
 2.81336e+16	1.00e+00	1.37e-04	4.52e-19
 2.81436e+16	1.00e+00	9.86e-05	3.24e-19
 2.81535e+16	1.00e+00	7.15e-05	2.34e-19
 2.81635e+16	1.00e+00	5.20e-05	1.70e-19
 2.81735e+16	1.00e+00	3.78e-05	1.23e-19
 2.81834e+16	1.00e+00	2.74e-05	8.94e-20
 2.81934e+16	1.00e+00	1.99e-05	6.47e-20
 2.82033e+16	1.00e+00	1.45e-05	4.69e-20
 2.82133e+16	1.00e+00	1.05e-05	3.38e-20
 2.82233e+16	1.00e+00	7.65e-06	2.45e-20
 2.82332e+16	1.00e+00	5.57e-06	1.78e-20
 2.82432e+16	1.00e+00	4.06e-06	1.29e-20
 2.82531e+16	1.00e+00	2.95e-06	9.34e-21
 2.82631e+16	1.00e+00	2.16e-06	0.00e+00
 2.82730e+16	1.00e+00	1.57e-06	0.00e+00
 2.82830e+16	1.00e+00	1.15e-06	0.00e+00
 2.82930e+16	1.00e+00	8.34e-07	0.00e+00
 2.83029e+16	1.00e+00	6.09e-07	0.00e+00
 2.83129e+16	1.00e+00	4.44e-07	0.00e+00
 2.83228e+16	1.00e+00	3.24e-07	0.00e+00
 2.83328e+16	1.00e+00	2.36e-07	0.00e+00
 2.83427e+16	1.00e+00	1.73e-07	0.00e+00
 2.83527e+16	1.00e+00	1.26e-07	0.00e+00
 2.83627e+16	1.00e+00	9.20e-08	0.00e+00
 2.83726e+16	1.00e+00	6.72e-08	0.00e+00
 2.83826e+16	1.00e+00	4.92e-08	0.00e+00
 2.83925e+16	1.00e+00	3.60e-08	0.00e+00
 2.84025e+16	1.00e+00	2.63e-08	0.00e+00
 2.84124e+16	1.00e+00	1.92e-08	0.00e+00
 2.84224e+16	1.00e+00	1.41e-08	0.00e+00
 2.84324e+16	1.00e+00	1.03e-08	0.00e+00
 2.84423e+16	1.00e+00	7.53e-09	0.00e+00
 2.84523e+16	1.00e+00	5.51e-09	0.00e+00
 2.84622e+16	1.00e+00	4.04e-09	0.00e+00
 2.84722e+16	1.00e+00	2.96e-09	0.00e+00
 2.84821e+16	1.00e+00	2.16e-09	0.00e+00
 2.84921e+16	1.00e+00	1.58e-09	0.00e+00
 2.85021e+16	1.00e+00	1.16e-09	0.00e+00
 2.85120e+16	1.00e+00	8.52e-10	0.00e+00
 2.85220e+16	1.00e+00	6.24e-10	0.00e+00
 2.85319e+16	1.00e+00	4.57e-10	0.00e+00
 2.85419e+16	1.00e+00	3.36e-10	0.00e+00
 2.85518e+16	1.00e+00	2.46e-10	0.00e+00
 2.85618e+16	1.00e+00	1.80e-10	0.00e+00
 2.85718e+16	1.00e+00	1.32e-10	0.00e+00
 2.85817e+16	1.00e+00	9.72e-11	0.00e+00
 2.85917e+16	1.00e+00	7.12e-11	0.00e+00
 2.86016e+16	1.00e+00	5.23e-11	0.00e+00
 2.86116e+16	1.00e+00	3.84e-11	0.00e+00
 2.86215e+16	1.00e+00	2.82e-11	0.00e+00
 2.86315e+16	1.00e+00	2.07e-11	0.00e+00
 2.86414e+16	1.00e+00	1.52e-11	0.00e+00
 2.86514e+16	1.00e+00	1.12e-11	0.00e+00
 2.86614e+16	1.00e+00	8.22e-12	0.00e+00
 2.86713e+16	1.00e+00	6.04e-12	0.00e+00
 2.86813e+16	1.00e+00	4.45e-12	0.00e+00
 2.86912e+16	1.00e+00	3.28e-12	0.00e+00
 2.87012e+16	1.00e+00	2.41e-12	0.00e+00
 2.87111e+16	1.00e+00	1.78e-12	0.00e+00
 2.87211e+16	1.00e+00	1.32e-12	0.00e+00
 2.87310e+16	1.00e+00	9.77e-13	0.00e+00
 2.87410e+16	1.00e+00	7.25e-13	0.00e+00
 2.87510e+16	1.00e+00	5.41e-13	0.00e+00
 2.87609e+16	1.00e+00	4.05e-13	0.00e+00
 2.87709e+16	1.00e+00	3.06e-13	0.00e+00
 2.87823e+16	1.00e+00	2.22e-13	0.00e+00
 2.87972e+16	1.00e+00	1.49e-13	0.00e+00
 2.88165e+16	1.00e+00	9.41e-14	0.00e+00
 2.88417e+16	1.00e+00	5.81e-14	0.00e+00
 2.88744e+16	1.00e+00	3.85e-14	0.00e+00
 2.89169e+16	1.00e+00	2.98e-14	0.00e+00
 2.89722e+16	1.00e+00	2.63e-14	0.00e+00
 2.90440e+16	1.00e+00	2.45e-14	0.00e+00
 2.91374e+16	1.00e+00	2.29e-14	0.00e+00
 2.92588e+16	1.00e+00	2.10e-14	0.00e+00
 2.94125e+16	1.00e+00	1.88e-14	0.00e+00
 2.95862e+16	1.00e+00	1.67e-14	0.00e+00
 2.97636e+16	1.00e+00	1.48e-14	0.00e+00
 2.99470e+16	1.00e+00	1.30e-14	0.00e+00
 3.01452e+16	1.00e+00	1.13e-14	0.00e+00
 3.03608e+16	1.00e+00	9.74e-15	0.00e+00
 3.05929e+16	1.00e+00	8.29e-15	0.00e+00
 3.08417e+16	1.00e+00	6.97e-15	0.00e+00
 3.11085e+16	1.00e+00	5.79e-15	0.00e+00
 3.13941e+16	1.00e+00	4.75e-15	0.00e+00
 3.16999e+16	1.00e+00	3.85e-15	0.00e+00
 3.20273e+16	1.00e+00	3.08e-15	0.00e+00
 3.23783e+16	1.00e+00	2.43e-15	0.00e+00
 3.27560e+16	1.00e+00	1.88e-15	0.00e+00
 3.31618e+16	1.00e+00	1.44e-15	0.00e+00
 3.35980e+16	1.00e+00	1.08e-15	0.00e+00
 3.40715e+16	1.00e+00	7.93e-16	0.00e+00
 3.45877e+16	1.00e+00	5.70e-16	0.00e+00
 3.51470e+16	1.00e+00	4.00e-16	0.00e+00
 3.57531e+16	1.00e+00	2.75e-16	0.00e+00
 3.64117e+16	1.00e+00	1.84e-16	0.00e+00
 3.71261e+16	1.00e+00	1.20e-16	0.00e+00
 3.78992e+16	1.00e+00	7.63e-17	0.00e+00
 3.87361e+16	1.00e+00	4.68e-17	0.00e+00
 3.96430e+16	1.00e+00	2.82e-17	0.00e+00
 4.06263e+16	1.00e+00	1.65e-17	0.00e+00
 4.16925e+16	1.00e+00	9.39e-18	0.00e+00
 4.28501e+16	1.00e+00	5.20e-18	0.00e+00
 4.41075e+16	1.00e+00	2.81e-18	0.00e+00
 4.54783e+16	1.00e+00	1.48e-18	0.00e+00
 4.69869e+16	1.00e+00	7.73e-19	0.00e+00
 4.86524e+16	1.00e+00	4.07e-19	0.00e+00
 5.04830e+16	1.00e+00	2.30e-19	0.00e+00
 5.24693e+16	1.00e+00	1.49e-19	0.00e+00
 5.45681e+16	1.00e+00	1.15e-19	0.00e+00
 5.67509e+16	1.00e+00	1.00e-19	0.00e+00
 5.90210e+16	1.00e+00	9.45e-20	0.00e+00
 6.13818e+16	1.00e+00	9.24e-20	0.00e+00
 6.38371e+16	1.00e+00	9.17e-20	0.00e+00
 6.63906e+16	1.00e+00	9.16e-20	0.00e+00
 6.90463e+16	1.00e+00	9.17e-20	0.00e+00
 7.18082e+16	1.00e+00	9.18e-20	0.00e+00
 7.46805e+16	1.00e+00	9.19e-20	0.00e+00
 7.76678e+16	1.00e+00	9.19e-20	0.00e+00
 8.07745e+16	1.00e+00	9.19e-20	0.00e+00
 8.40055e+16	1.00e+00	9.16e-20	0.00e+00
 8.73658e+16	1.00e+00	9.11e-20	0.00e+00
 9.08605e+16	1.00e+00	9.04e-20	0.00e+00
 9.44949e+16	1.00e+00	8.97e-20	0.00e+00
 9.82747e+16	1.00e+00	8.89e-20	0.00e+00
 1.02206e+17	1.00e+00	8.77e-20	0.00e+00
 1.06294e+17	1.00e+00	8.44e-20	0.00e+00
 1.10231e+17	1.00e+00	8.20e-20	0.00e+00
 1.14267e+17	1.00e+00	7.96e-20	0.00e+00
 1.18779e+17	1.00e+00	7.65e-20	0.00e+00
 1.23531e+17	1.00e+00	7.37e-20	0.00e+00
 1.28472e+17	1.00e+00	6.93e-20	0.00e+00
 1.33490e+17	1.00e+00	6.39e-20	0.00e+00
 1.38317e+17	1.00e+00	5.09e-20	0.00e+00
 1.42101e+17	1.00e+00	4.74e-20	0.00e+00
 1.45452e+17	1.00e+00	4.39e-20	0.00e+00
 1.49808e+17	1.00e+00	4.11e-20	0.00e+00
 1.55316e+17	1.00e+00	3.42e-20	0.00e+00
 1.60260e+17	1.00e+00	2.85e-20	0.00e+00
 1.63579e+17	1.00e+00	2.65e-20	0.00e+00
 1.66846e+17	1.00e+00	2.47e-20	0.00e+00
 1.71093e+17	1.00e+00	2.31e-20	0.00e+00
 1.76614e+17	1.00e+00	1.90e-20	0.00e+00
 1.82343e+17	1.00e+00	1.62e-20	0.00e+00
 1.88196e+17	1.00e+00	1.49e-20	0.00e+00
 1.95271e+17	1.00e+00	1.30e-20	0.00e+00
 2.03082e+17	1.00e+00	1.11e-20	0.00e+00
 2.11205e+17	1.00e+00	9.50e-21	0.00e+00
 2.19654e+17	1.00e+00	8.13e-21	0.00e+00
 2.28440e+17	1.00e+00	6.84e-21	0.00e+00
 2.37578e+17	1.00e+00	5.91e-21	0.00e+00
 2.47081e+17	1.00e+00	5.16e-21	0.00e+00
 2.56964e+17	1.00e+00	4.53e-21	0.00e+00
 2.66591e+17	1.00e+00	4.00e-21	0.00e+00
 2.75779e+17	1.00e+00	3.59e-21	0.00e+00
 2.85227e+17	1.00e+00	3.25e-21	0.00e+00
 2.95101e+17	1.00e+00	2.94e-21	0.00e+00
 3.05258e+17	1.00e+00	2.66e-21	0.00e+00
 3.15574e+17	1.00e+00	2.41e-21	0.00e+00
 3.26033e+17	1.00e+00	2.20e-21	0.00e+00
 3.36573e+17	1.00e+00	2.00e-21	0.00e+00
 3.47032e+17	1.00e+00	1.83e-21	0.00e+00
 3.57112e+17	1.00e+00	1.68e-21	0.00e+00
 3.66775e+17	1.00e+00	1.56e-21	0.00e+00
 3.76323e+17	1.00e+00	1.45e-21	0.00e+00
 3.85820e+17	1.00e+00	1.35e-21	0.00e+00
 3.95139e+17	1.00e+00	1.27e-21	0.00e+00
 4.04146e+17	1.00e+00	1.19e-21	0.00e+00
 4.12792e+17	1.00e+00	1.13e-21	0.00e+00
 4.21077e+17	1.00e+00	1.07e-21	0.00e+00
 4.28975e+17	1.00e+00	1.02e-21	0.00e+00
 4.36464e+17	1.00e+00	9.70e-22	0.00e+00
 4.43526e+17	1.00e+00	9.28e-22	0.00e+00
 4.50173e+17	1.00e+00	8.94e-22	0.00e+00
 4.56411e+17	1.00e+00	8.62e-22	0.00e+00
 4.62244e+17	1.00e+00	8.33e-22	0.00e+00
 4.67713e+17	1.00e+00	8.07e-22	0.00e+00
 4.72853e+17	1.00e+00	7.85e-22	0.00e+00
 4.77678e+17	1.00e+00	7.64e-22	0.00e+00
 4.82190e+17	1.00e+00	7.46e-22	0.00e+00
 4.86406e+17	1.00e+00	7.29e-22	0.00e+00
 4.90353e+17	1.00e+00	7.14e-22	0.00e+00
 4.94056e+17	1.00e+00	7.00e-22	0.00e+00
 4.97537e+17	1.00e+00	6.88e-22	0.00e+00
 5.00811e+17	1.00e+00	6.76e-22	0.00e+00
 5.03889e+17	1.00e+00	6.66e-22	0.00e+00
 5.06782e+17	1.00e+00	6.56e-22	0.00e+00
 5.09505e+17	1.00e+00	6.47e-22	0.00e+00
 5.12071e+17	1.00e+00	6.38e-22	0.00e+00
 5.14492e+17	1.00e+00	6.32e-22	0.00e+00
 5.16778e+17	1.00e+00	6.24e-22	0.00e+00
 5.18938e+17	1.00e+00	6.18e-22	0.00e+00
 5.20979e+17	1.00e+00	6.11e-22	0.00e+00
 5.22907e+17	1.00e+00	6.06e-22	0.00e+00
 5.24731e+17	1.00e+00	6.01e-22	0.00e+00
 5.26460e+17	1.00e+00	5.96e-22	0.00e+00
 5.28098e+17	1.00e+00	5.91e-22	0.00e+00
 5.29652e+17	1.00e+00	5.88e-22	0.00e+00
 5.31126e+17	1.00e+00	5.85e-22	0.00e+00
 5.32524e+17	1.00e+00	5.83e-22	0.00e+00
 5.33853e+17	1.00e+00	5.82e-22	0.00e+00
 5.35115e+17	1.00e+00	5.82e-22	0.00e+00
 5.36317e+17	1.00e+00	5.82e-22	0.00e+00
 5.37460e+17	1.00e+00	5.84e-22	0.00e+00
 5.38549e+17	1.00e+00	5.88e-22	0.00e+00
 5.39587e+17	1.00e+00	5.93e-22	0.00e+00
 5.40577e+17	1.00e+00	6.00e-22	0.00e+00
 5.41521e+17	1.00e+00	6.08e-22	0.00e+00
 5.42424e+17	1.00e+00	6.18e-22	0.00e+00
 5.43288e+17	1.00e+00	6.30e-22	0.00e+00
 5.44115e+17	1.00e+00	6.43e-22	0.00e+00
 5.44907e+17	1.00e+00	6.59e-22	0.00e+00
 5.45667e+17	1.00e+00	6.76e-22	0.00e+00
 5.46397e+17	1.00e+00	6.94e-22	0.00e+00
 5.47099e+17	1.00e+00	7.14e-22	0.00e+00
 5.47775e+17	1.00e+00	7.34e-22	0.00e+00
 5.48428e+17	1.00e+00	7.55e-22	0.00e+00
 5.49059e+17	1.00e+00	7.77e-22	0.00e+00
 5.49671e+17	1.00e+00	7.99e-22	0.00e+00
 5.50264e+17	1.00e+00	8.20e-22	0.00e+00
 5.50841e+17	1.00e+00	8.41e-22	0.00e+00
 5.51404e+17	1.00e+00	8.60e-22	0.00e+00
 5.51955e+17	1.00e+00	8.78e-22	0.00e+00
 5.52496e+17	1.00e+00	8.94e-22	0.00e+00
 5.53028e+17	1.00e+00	9.08e-22	0.00e+00
 5.53555e+17	1.00e+00	9.19e-22	0.00e+00
 5.54077e+17	1.00e+00	9.26e-22	0.00e+00
 5.54599e+17	1.00e+00	9.29e-22	0.00e+00
 5.55123e+17	1.00e+00	9.27e-22	0.00e+00
 5.55651e+17	1.00e+00	9.21e-22	0.00e+00
 5.56188e+17	1.00e+00	9.09e-22	0.00e+00
 5.56738e+17	1.00e+00	8.91e-22	0.00e+00
 5.57305e+17	1.00e+00	8.66e-22	0.00e+00
 5.57897e+17	1.00e+00	8.35e-22	0.00e+00
 5.58520e+17	1.00e+00	7.98e-22	0.00e+00
 5.59184e+17	1.00e+00	7.55e-22	0.00e+00
 5.59902e+17	1.00e+00	7.07e-22	0.00e+00
 5.60690e+17	1.00e+00	6.58e-22	0.00e+00
 5.61569e+17	1.00e+00	6.10e-22	0.00e+00
 5.62569e+17	1.00e+00	5.69e-22	0.00e+00
 5.63729e+17	1.00e+00	5.35e-22	0.00e+00
 5.65110e+17	1.00e+00	5.12e-22	0.00e+00
 5.66792e+17	1.00e+00	4.98e-22	0.00e+00
 5.68899e+17	1.00e+00	4.91e-22	0.00e+00
 5.71610e+17	1.00e+00	4.84e-22	0.00e+00
 5.75134e+17	1.00e+00	4.77e-22	0.00e+00
 5.79716e+17	1.00e+00	4.67e-22	0.00e+00
 5.85671e+17	1.00e+00	4.55e-22	0.00e+00
 5.93414e+17	1.00e+00	4.40e-22	0.00e+00
 6.03479e+17	1.00e+00	4.22e-22	0.00e+00
 6.16563e+17	1.00e+00	3.99e-22	0.00e+00
 6.33573e+17	1.00e+00	3.73e-22	0.00e+00
 6.55686e+17	1.00e+00	3.41e-22	0.00e+00
 6.80080e+17	1.00e+00	3.10e-22	0.00e+00
 7.02191e+17	1.00e+00	2.85e-22	0.00e+00
 7.22013e+17	1.00e+00	2.66e-22	0.00e+00
 7.40631e+17	1.00e+00	2.49e-22	0.00e+00
 7.57971e+17	1.00e+00	2.35e-22	0.00e+00
 7.73959e+17	1.00e+00	2.22e-22	0.00e+00
 7.88474e+17	1.00e+00	2.12e-22	0.00e+00
 8.01473e+17	1.00e+00	2.03e-22	0.00e+00
 8.13063e+17	1.00e+00	1.96e-22	0.00e+00
 8.23451e+17	1.00e+00	1.90e-22	0.00e+00
 8.32778e+17	1.00e+00	1.84e-22	0.00e+00
 8.41048e+17	1.00e+00	1.80e-22	0.00e+00
 8.48194e+17	1.00e+00	1.76e-22	0.00e+00
 8.53635e+17	1.00e+00	1.73e-22	0.00e+00
 8.57096e+17	1.00e+00	1.71e-22	0.00e+00
 8.59145e+17	1.00e+00	1.70e-22	0.00e+00
 8.60374e+17	1.00e+00	1.73e-22	0.00e+00
 8.61111e+17	1.00e+00	2.34e-22	0.00e+00
 8.61614e+17	1.00e+00	5.04e-22	0.00e+00
 8.62101e+17	1.00e+00	6.84e-22	0.00e+00
 8.62627e+17	1.00e+00	5.66e-22	0.00e+00
 8.63113e+17	1.00e+00	5.52e-22	0.00e+00
 8.63533e+17	1.00e+00	7.04e-22	0.00e+00
 8.63924e+17	1.00e+00	8.11e-22	0.00e+00
 8.64304e+17	1.00e+00	8.57e-22	0.00e+00
 8.64672e+17	1.00e+00	8.78e-22	0.00e+00
 8.65010e+17	1.00e+00	9.23e-22	0.00e+00
 8.65326e+17	1.00e+00	1.04e-21	0.00e+00
 8.65634e+17	1.00e+00	1.07e-21	0.00e+00
 8.65917e+17	1.00e+00	1.11e-21	0.00e+00
 8.66181e+17	1.00e+00	1.23e-21	0.00e+00
 8.66435e+17	1.00e+00	1.25e-21	0.00e+00
 8.66680e+17	1.00e+00	1.32e-21	0.00e+00
 8.66918e+17	1.00e+00	1.32e-21	0.00e+00
 8.67136e+17	1.00e+00	1.39e-21	0.00e+00
 8.67346e+17	1.00e+00	1.45e-21	0.00e+00
 8.67552e+17	1.00e+00	1.49e-21	0.00e+00
 8.67755e+17	1.00e+00	1.50e-21	0.00e+00
 8.67952e+17	1.00e+00	1.52e-21	0.00e+00
 8.68143e+17	1.00e+00	1.55e-21	0.00e+00
 8.68327e+17	1.00e+00	1.58e-21	0.00e+00
 8.68506e+17	1.00e+00	1.61e-21	0.00e+00
 8.68683e+17	1.00e+00	1.63e-21	0.00e+00
 8.68851e+17	1.00e+00	1.64e-21	0.00e+00
 8.69019e+17	1.00e+00	1.69e-21	0.00e+00
 8.69193e+17	1.00e+00	1.67e-21	0.00e+00
 8.69367e+17	1.00e+00	1.65e-21	0.00e+00
 8.69512e+17	1.00e+00	1.66e-21	0.00e+00
 8.69646e+17	1.00e+00	1.81e-21	0.00e+00
 8.69806e+17	1.00e+00	1.78e-21	0.00e+00
 8.69978e+17	1.00e+00	1.72e-21	0.00e+00
 8.70146e+17	1.00e+00	1.66e-21	0.00e+00
 8.70312e+17	1.00e+00	1.69e-21	0.00e+00
 8.70482e+17	1.00e+00	1.67e-21	0.00e+00
 8.70652e+17	1.00e+00	1.66e-21	0.00e+00
 8.70819e+17	1.00e+00	1.65e-21	0.00e+00
 8.70995e+17	1.00e+00	1.68e-21	0.00e+00
 8.71174e+17	1.00e+00	1.59e-21	0.00e+00
 8.71345e+17	1.00e+00	1.63e-21	0.00e+00
 8.71523e+17	1.00e+00	1.63e-21	0.00e+00
 8.71710e+17	1.00e+00	1.60e-21	0.00e+00
 8.71901e+17	1.00e+00	1.55e-21	0.00e+00
 8.72091e+17	1.00e+00	1.54e-21	0.00e+00
 8.72278e+17	1.00e+00	1.53e-21	0.00e+00
 8.72479e+17	1.00e+00	1.55e-21	0.00e+00
 8.72693e+17	1.00e+00	1.44e-21	0.00e+00
 8.72899e+17	1.00e+00	1.44e-21	0.00e+00
 8.73099e+17	1.00e+00	1.45e-21	0.00e+00
 8.73315e+17	1.00e+00	1.47e-21	0.00e+00
 8.73548e+17	1.00e+00	1.35e-21	0.00e+00
 8.73774e+17	1.00e+00	1.34e-21	0.00e+00
 8.74000e+17	1.00e+00	1.35e-21	0.00e+00
 8.74241e+17	1.00e+00	1.33e-21	0.00e+00
 8.74487e+17	1.00e+00	1.24e-21	0.00e+00
 8.74732e+17	1.00e+00	1.27e-21	0.00e+00
 8.74988e+17	1.00e+00	1.23e-21	0.00e+00
 8.75254e+17	1.00e+00	1.19e-21	0.00e+00
 8.75523e+17	1.00e+00	1.15e-21	0.00e+00
 8.75791e+17	1.00e+00	1.15e-21	0.00e+00
 8.76063e+17	1.00e+00	1.13e-21	0.00e+00
 8.76347e+17	1.00e+00	1.12e-21	0.00e+00
 8.76646e+17	1.00e+00	1.04e-21	0.00e+00
 8.76947e+17	1.00e+00	1.02e-21	0.00e+00
 8.77246e+17	1.00e+00	1.01e-21	0.00e+00
 8.77555e+17	1.00e+00	1.01e-21	0.00e+00
 8.77876e+17	1.00e+00	9.46e-22	0.00e+00
 8.78208e+17	1.00e+00	9.24e-22	0.00e+00
 8.78540e+17	1.00e+00	8.74e-22	0.00e+00
 8.78872e+17	1.00e+00	9.01e-22	0.00e+00
 8.79220e+17	1.00e+00	8.62e-22	0.00e+00
 8.79582e+17	1.00e+00	8.12e-22	0.00e+00
 8.79949e+17	1.00e+00	7.74e-22	0.00e+00
 8.80326e+17	1.00e+00	7.72e-22	0.00e+00
 8.80711e+17	1.00e+00	7.12e-22	0.00e+00
 8.81093e+17	1.00e+00	7.23e-22	0.00e+00
 8.81484e+17	1.00e+00	7.09e-22	0.00e+00
 8.81892e+17	1.00e+00	6.77e-22	0.00e+00
 8.82309e+17	1.00e+00	6.23e-22	0.00e+00
 8.82725e+17	1.00e+00	6.28e-22	0.00e+00
 8.83148e+17	1.00e+00	6.08e-22	0.00e+00
 8.83583e+17	1.00e+00	5.93e-22	0.00e+00
 8.84030e+17	1.00e+00	5.50e-22	0.00e+00
 8.84480e+17	1.00e+00	5.40e-22	0.00e+00
 8.84937e+17	1.00e+00	5.24e-22	0.00e+00
 8.85403e+17	1.00e+00	5.05e-22	0.00e+00
 8.85886e+17	1.00e+00	4.81e-22	0.00e+00
 8.86374e+17	1.00e+00	4.44e-22	0.00e+00
 8.86858e+17	1.00e+00	4.52e-22	0.00e+00
 8.87348e+17	1.00e+00	4.44e-22	0.00e+00
 8.87873e+17	1.00e+00	4.23e-22	0.00e+00
 8.88411e+17	1.00e+00	3.48e-22	0.00e+00
 8.88946e+17	1.00e+00	3.78e-22	0.00e+00
 8.89488e+17	1.00e+00	3.43e-22	0.00e+00
 8.90027e+17	1.00e+00	3.51e-22	0.00e+00
 8.90584e+17	1.00e+00	3.38e-22	0.00e+00
 8.91178e+17	1.00e+00	3.05e-22	0.00e+00
 8.91786e+17	1.00e+00	2.64e-22	0.00e+00
 8.92392e+17	1.00e+00	2.70e-22	0.00e+00
 8.93011e+17	1.00e+00	2.58e-22	0.00e+00
 8.93633e+17	1.00e+00	2.40e-22	0.00e+00
 8.94257e+17	1.00e+00	2.44e-22	0.00e+00
 8.94909e+17	1.00e+00	2.30e-22	0.00e+00
 8.95554e+17	1.00e+00	2.04e-22	0.00e+00
 8.96132e+17	1.00e+00	2.30e-22	0.00e+00
 8.96644e+17	1.00e+00	2.87e-22	0.00e+00
 8.97118e+17	1.00e+00	3.34e-22	0.00e+00
 8.97575e+17	1.00e+00	3.57e-22	0.00e+00
 8.98013e+17	1.00e+00	3.72e-22	0.00e+00
 8.98431e+17	1.00e+00	3.94e-22	0.00e+00
 8.98828e+17	1.00e+00	4.20e-22	0.00e+00
 8.99208e+17	1.00e+00	4.45e-22	0.00e+00
 8.99573e+17	1.00e+00	4.68e-22	0.00e+00
 8.99924e+17	1.00e+00	4.88e-22	0.00e+00
 9.00262e+17	1.00e+00	5.09e-22	0.00e+00
 9.00587e+17	1.00e+00	5.30e-22	0.00e+00
 9.00899e+17	1.00e+00	5.51e-22	0.00e+00
 9.01200e+17	1.00e+00	5.72e-22	0.00e+00
 9.01490e+17	1.00e+00	5.92e-22	0.00e+00
 9.01769e+17	1.00e+00	6.12e-22	0.00e+00
 9.02038e+17	1.00e+00	6.30e-22	0.00e+00
 9.02296e+17	1.00e+00	6.50e-22	0.00e+00
 9.02546e+17	1.00e+00	6.72e-22	0.00e+00
 9.02788e+17	1.00e+00	6.87e-22	0.00e+00
 9.03023e+17	1.00e+00	7.03e-22	0.00e+00
 9.03250e+17	1.00e+00	7.17e-22	0.00e+00
 9.03470e+17	1.00e+00	7.30e-22	0.00e+00
 9.03680e+17	1.00e+00	7.51e-22	0.00e+00
 9.03886e+17	1.00e+00	7.67e-22	0.00e+00
 9.04089e+17	1.00e+00	7.76e-22	0.00e+00
 9.04286e+17	1.00e+00	7.83e-22	0.00e+00
 9.04478e+17	1.00e+00	7.95e-22	0.00e+00
 9.04664e+17	1.00e+00	8.07e-22	0.00e+00
 9.04847e+17	1.00e+00	8.17e-22	0.00e+00
 9.05026e+17	1.00e+00	8.25e-22	0.00e+00
 9.05201e+17	1.00e+00	8.32e-22	0.00e+00
 9.05401e+17	1.00e+00	8.41e-22	0.00e+00
 9.05660e+17	1.00e+00	7.40e-22	0.00e+00
 9.05997e+17	1.00e+00	5.90e-22	0.00e+00
 9.06434e+17	1.00e+00	4.29e-22	0.00e+00
 9.07004e+17	1.00e+00	2.87e-22	0.00e+00
 9.07728e+17	1.00e+00	1.80e-22	0.00e+00
 9.08498e+17	1.00e+00	1.21e-22	0.00e+00
 9.09168e+17	1.00e+00	1.38e-22	0.00e+00
 9.09744e+17	1.00e+00	1.90e-22	0.00e+00
