#depth	O	O+	O+2	O+3	O+4	O+5	O+6	O+7	O+8	O[1]	O[2]	O[3]
 1.49634e+10	0.00e+00	0.00e+00	1.03e-31	5.70e-23	4.61e-15	4.93e-08	1.00e+00	0.00e+00	0.00e+00	0.00e+00	0.00e+00	0.00e+00
 4.54887e+10	0.00e+00	2.65e-41	1.43e-31	7.29e-23	5.44e-15	5.36e-08	1.00e+00	1.83e-07	0.00e+00	0.00e+00	0.00e+00	0.00e+00
 7.72350e+10	0.00e+00	0.00e+00	1.98e-31	9.33e-23	6.43e-15	5.83e-08	1.00e+00	0.00e+00	0.00e+00	0.00e+00	0.00e+00	0.00e+00
 1.10251e+11	0.00e+00	5.99e-41	2.74e-31	1.20e-22	7.59e-15	6.34e-08	1.00e+00	0.00e+00	0.00e+00	0.00e+00	0.00e+00	0.00e+00
 1.42495e+11	0.00e+00	0.00e+00	3.73e-31	1.51e-22	8.89e-15	6.87e-08	1.00e+00	0.00e+00	0.00e+00	0.00e+00	0.00e+00	0.00e+00
 1.73157e+11	0.00e+00	1.25e-40	4.94e-31	1.87e-22	1.03e-14	7.39e-08	1.00e+00	0.00e+00	0.00e+00	0.00e+00	0.00e+00	0.00e+00
 2.07139e+11	0.00e+00	0.00e+00	6.70e-31	2.35e-22	1.20e-14	7.99e-08	1.00e+00	0.00e+00	0.00e+00	0.00e+00	0.00e+00	0.00e+00
 2.45351e+11	0.00e+00	2.75e-40	9.31e-31	3.02e-22	1.42e-14	8.71e-08	1.00e+00	0.00e+00	0.00e+00	0.00e+00	0.00e+00	0.00e+00
 2.83995e+11	0.00e+00	0.00e+00	1.28e-30	3.85e-22	1.68e-14	9.47e-08	1.00e+00	0.00e+00	0.00e+00	0.00e+00	0.00e+00	0.00e+00
 3.24186e+11	0.00e+00	6.13e-40	1.77e-30	4.92e-22	1.98e-14	1.03e-07	1.00e+00	0.00e+00	0.00e+00	0.00e+00	0.00e+00	0.00e+00
 3.63555e+11	0.00e+00	0.00e+00	2.40e-30	6.19e-22	2.32e-14	1.11e-07	1.00e+00	0.00e+00	0.00e+00	0.00e+00	0.00e+00	0.00e+00
 3.99124e+11	0.00e+00	1.25e-39	3.13e-30	7.58e-22	2.65e-14	1.19e-07	1.00e+00	0.00e+00	0.00e+00	0.00e+00	0.00e+00	0.00e+00
 4.38744e+11	0.00e+00	0.00e+00	4.17e-30	9.44e-22	3.08e-14	1.29e-07	1.00e+00	0.00e+00	0.00e+00	0.00e+00	0.00e+00	0.00e+00
 4.85324e+11	0.00e+00	2.68e-39	5.78e-30	1.21e-21	3.65e-14	1.41e-07	1.00e+00	0.00e+00	0.00e+00	0.00e+00	0.00e+00	0.00e+00
 5.31411e+11	0.00e+00	0.00e+00	7.90e-30	1.53e-21	4.30e-14	1.53e-07	1.00e+00	0.00e+00	0.00e+00	0.00e+00	0.00e+00	0.00e+00
 5.74504e+11	0.00e+00	5.59e-39	1.05e-29	1.90e-21	4.98e-14	1.65e-07	1.00e+00	0.00e+00	0.00e+00	0.00e+00	0.00e+00	0.00e+00
 6.22574e+11	0.00e+00	0.00e+00	1.42e-29	2.40e-21	5.84e-14	1.79e-07	1.00e+00	0.00e+00	0.00e+00	0.00e+00	0.00e+00	0.00e+00
 6.77404e+11	0.00e+00	1.24e-38	1.98e-29	3.10e-21	6.96e-14	1.95e-07	1.00e+00	0.00e+00	0.00e+00	0.00e+00	0.00e+00	0.00e+00
 7.31461e+11	0.00e+00	0.00e+00	2.72e-29	3.95e-21	8.22e-14	2.13e-07	1.00e+00	0.00e+00	0.00e+00	0.00e+00	0.00e+00	0.00e+00
 7.87681e+11	0.00e+00	2.72e-38	3.74e-29	5.04e-21	9.73e-14	2.32e-07	1.00e+00	0.00e+00	0.00e+00	0.00e+00	0.00e+00	0.00e+00
 8.49115e+11	0.00e+00	0.00e+00	5.23e-29	6.52e-21	1.16e-13	2.54e-07	1.00e+00	0.00e+00	0.00e+00	0.00e+00	0.00e+00	0.00e+00
 9.10954e+11	0.00e+00	6.15e-38	7.24e-29	8.37e-21	1.38e-13	2.78e-07	1.00e+00	0.00e+00	0.00e+00	0.00e+00	0.00e+00	0.00e+00
 9.75267e+11	0.00e+00	0.00e+00	1.00e-28	1.07e-20	1.64e-13	3.04e-07	1.00e+00	0.00e+00	0.00e+00	0.00e+00	0.00e+00	0.00e+00
 1.04420e+12	0.00e+00	1.39e-37	1.40e-28	1.39e-20	1.97e-13	3.33e-07	1.00e+00	0.00e+00	0.00e+00	0.00e+00	0.00e+00	0.00e+00
 1.11277e+12	0.00e+00	0.00e+00	1.93e-28	1.78e-20	2.34e-13	3.65e-07	1.00e+00	0.00e+00	0.00e+00	0.00e+00	0.00e+00	0.00e+00
 1.18407e+12	0.00e+00	3.07e-37	2.66e-28	2.29e-20	2.78e-13	3.99e-07	1.00e+00	0.00e+00	0.00e+00	0.00e+00	0.00e+00	0.00e+00
 1.26136e+12	0.00e+00	0.00e+00	3.72e-28	2.96e-20	3.34e-13	4.39e-07	1.00e+00	0.00e+00	0.00e+00	0.00e+00	0.00e+00	0.00e+00
 1.34175e+12	0.00e+00	6.97e-37	5.20e-28	3.84e-20	4.01e-13	4.83e-07	1.00e+00	0.00e+00	0.00e+00	0.00e+00	0.00e+00	0.00e+00
 1.42534e+12	0.00e+00	0.00e+00	7.25e-28	4.98e-20	4.81e-13	5.32e-07	1.00e+00	0.00e+00	0.00e+00	0.00e+00	0.00e+00	0.00e+00
 1.51228e+12	0.00e+00	1.57e-36	1.01e-27	6.45e-20	5.79e-13	5.85e-07	1.00e+00	0.00e+00	0.00e+00	0.00e+00	0.00e+00	0.00e+00
 1.59080e+12	6.74e-46	2.24e-36	1.35e-27	8.08e-20	6.79e-13	6.37e-07	1.00e+00	0.00e+00	0.00e+00	0.00e+00	0.00e+00	0.00e+00
 1.65602e+12	0.00e+00	0.00e+00	1.70e-27	9.68e-20	7.73e-13	6.82e-07	1.00e+00	0.00e+00	0.00e+00	0.00e+00	0.00e+00	0.00e+00
 1.72738e+12	0.00e+00	4.00e-36	2.17e-27	1.17e-19	8.87e-13	7.34e-07	1.00e+00	0.00e+00	0.00e+00	0.00e+00	0.00e+00	0.00e+00
 1.81804e+12	2.08e-45	5.76e-36	2.93e-27	1.49e-19	1.05e-12	8.03e-07	1.00e+00	0.00e+00	0.00e+00	0.00e+00	0.00e+00	0.00e+00
 1.91274e+12	0.00e+00	0.00e+00	3.95e-27	1.88e-19	1.25e-12	8.80e-07	1.00e+00	0.00e+00	0.00e+00	0.00e+00	0.00e+00	0.00e+00
 1.99641e+12	0.00e+00	1.13e-35	5.11e-27	2.31e-19	1.44e-12	9.51e-07	1.00e+00	0.00e+00	0.00e+00	0.00e+00	0.00e+00	0.00e+00
 2.07391e+12	6.46e-45	1.49e-35	6.42e-27	2.76e-19	1.64e-12	1.02e-06	1.00e+00	0.00e+00	0.00e+00	0.00e+00	0.00e+00	0.00e+00
 2.16182e+12	0.00e+00	0.00e+00	8.24e-27	3.37e-19	1.90e-12	1.10e-06	1.00e+00	0.00e+00	0.00e+00	0.00e+00	0.00e+00	0.00e+00
 2.27070e+12	0.00e+00	2.89e-35	1.11e-26	4.28e-19	2.26e-12	1.21e-06	1.00e+00	0.00e+00	0.00e+00	0.00e+00	0.00e+00	0.00e+00
 2.37938e+12	2.13e-44	4.07e-35	1.48e-26	5.37e-19	2.66e-12	1.32e-06	1.00e+00	0.00e+00	0.00e+00	0.00e+00	0.00e+00	0.00e+00
 2.47267e+12	0.00e+00	5.40e-35	1.87e-26	6.48e-19	3.05e-12	1.43e-06	1.00e+00	0.00e+00	0.00e+00	0.00e+00	0.00e+00	0.00e+00
 2.57339e+12	4.21e-44	7.24e-35	2.39e-26	7.88e-19	3.52e-12	1.54e-06	1.00e+00	0.00e+00	0.00e+00	0.00e+00	0.00e+00	0.00e+00
 2.69788e+12	0.00e+00	1.02e-34	3.19e-26	9.95e-19	4.18e-12	1.69e-06	1.00e+00	0.00e+00	0.00e+00	0.00e+00	0.00e+00	0.00e+00
 2.82579e+12	9.48e-44	1.44e-34	4.25e-26	1.25e-18	4.95e-12	1.86e-06	1.00e+00	0.00e+00	0.00e+00	0.00e+00	0.00e+00	0.00e+00
 2.94163e+12	0.00e+00	1.94e-34	5.45e-26	1.53e-18	5.73e-12	2.01e-06	1.00e+00	0.00e+00	0.00e+00	0.00e+00	0.00e+00	0.00e+00
 3.06930e+12	1.94e-43	2.65e-34	7.09e-26	1.89e-18	6.69e-12	2.19e-06	1.00e+00	0.00e+00	0.00e+00	0.00e+00	0.00e+00	0.00e+00
 3.21926e+12	0.00e+00	3.77e-34	9.53e-26	2.40e-18	7.97e-12	2.41e-06	1.00e+00	0.00e+00	0.00e+00	0.00e+00	0.00e+00	0.00e+00
 3.36900e+12	4.36e-43	5.27e-34	1.27e-25	3.02e-18	9.42e-12	2.65e-06	1.00e+00	0.00e+00	0.00e+00	0.00e+00	0.00e+00	0.00e+00
 3.51165e+12	0.00e+00	7.16e-34	1.64e-25	3.73e-18	1.10e-11	2.88e-06	1.00e+00	0.00e+00	0.00e+00	0.00e+00	0.00e+00	0.00e+00
 3.66896e+12	9.13e-43	9.91e-34	2.16e-25	4.66e-18	1.29e-11	3.16e-06	1.00e+00	0.00e+00	0.00e+00	0.00e+00	0.00e+00	0.00e+00
 3.84565e+12	0.00e+00	1.40e-33	2.89e-25	5.91e-18	1.54e-11	3.48e-06	1.00e+00	0.00e+00	0.00e+00	0.00e+00	0.00e+00	0.00e+00
 4.00472e+12	1.95e-42	1.89e-33	3.73e-25	7.27e-18	1.79e-11	3.78e-06	1.00e+00	0.00e+00	0.00e+00	0.00e+00	0.00e+00	0.00e+00
 4.13615e+12	0.00e+00	2.41e-33	4.57e-25	8.58e-18	2.01e-11	4.04e-06	1.00e+00	0.00e+00	0.00e+00	0.00e+00	0.00e+00	0.00e+00
 4.27973e+12	3.47e-42	3.10e-33	5.67e-25	1.02e-17	2.29e-11	4.34e-06	1.00e+00	0.00e+00	0.00e+00	0.00e+00	0.00e+00	0.00e+00
 4.46307e+12	0.00e+00	4.24e-33	7.40e-25	1.27e-17	2.67e-11	4.74e-06	1.00e+00	0.00e+00	0.00e+00	0.00e+00	0.00e+00	0.00e+00
 4.64815e+12	7.09e-42	5.74e-33	9.57e-25	1.56e-17	3.11e-11	5.16e-06	1.00e+00	0.00e+00	0.00e+00	0.00e+00	0.00e+00	0.00e+00
 4.80147e+12	0.00e+00	7.32e-33	1.18e-24	1.85e-17	3.51e-11	5.52e-06	1.00e+00	0.00e+00	0.00e+00	0.00e+00	0.00e+00	0.00e+00
 4.96342e+12	1.26e-41	9.39e-33	1.45e-24	2.20e-17	3.97e-11	5.92e-06	1.00e+00	0.00e+00	0.00e+00	0.00e+00	0.00e+00	0.00e+00
 5.17101e+12	0.00e+00	1.28e-32	1.89e-24	2.72e-17	4.62e-11	6.45e-06	1.00e+00	0.00e+00	0.00e+00	0.00e+00	0.00e+00	0.00e+00
 5.38858e+12	2.58e-41	1.74e-32	2.46e-24	3.37e-17	5.40e-11	7.03e-06	1.00e+00	0.00e+00	0.00e+00	0.00e+00	0.00e+00	0.00e+00
 5.57939e+12	0.00e+00	2.27e-32	3.08e-24	4.05e-17	6.14e-11	7.56e-06	1.00e+00	0.00e+00	0.00e+00	0.00e+00	0.00e+00	0.00e+00
 5.78480e+12	4.81e-41	2.98e-32	3.89e-24	4.89e-17	7.03e-11	8.16e-06	1.00e+00	0.00e+00	0.00e+00	0.00e+00	0.00e+00	0.00e+00
 6.01251e+12	0.00e+00	4.00e-32	4.99e-24	6.00e-17	8.13e-11	8.85e-06	1.00e+00	0.00e+00	0.00e+00	0.00e+00	0.00e+00	0.00e+00
 6.22367e+12	9.14e-41	5.20e-32	6.25e-24	7.20e-17	9.25e-11	9.52e-06	1.00e+00	0.00e+00	0.00e+00	0.00e+00	0.00e+00	0.00e+00
 6.45264e+12	0.00e+00	6.86e-32	7.91e-24	8.72e-17	1.06e-10	1.03e-05	1.00e+00	0.00e+00	0.00e+00	0.00e+00	0.00e+00	0.00e+00
 6.70714e+12	1.77e-40	9.22e-32	1.02e-23	1.07e-16	1.22e-10	1.12e-05	1.00e+00	0.00e+00	0.00e+00	0.00e+00	0.00e+00	0.00e+00
 6.94434e+12	0.00e+00	1.21e-31	1.28e-23	1.29e-16	1.39e-10	1.20e-05	1.00e+00	0.00e+00	0.00e+00	0.00e+00	0.00e+00	0.00e+00
 7.20219e+12	3.35e-40	1.60e-31	1.63e-23	1.57e-16	1.60e-10	1.30e-05	1.00e+00	0.00e+00	0.00e+00	0.00e+00	0.00e+00	0.00e+00
 7.48902e+12	0.00e+00	2.17e-31	2.11e-23	1.93e-16	1.85e-10	1.41e-05	1.00e+00	0.00e+00	0.00e+00	0.00e+00	0.00e+00	0.00e+00
 7.75711e+12	6.53e-40	2.85e-31	2.67e-23	2.34e-16	2.11e-10	1.52e-05	1.00e+00	0.00e+00	0.00e+00	0.00e+00	0.00e+00	0.00e+00
 8.04924e+12	0.00e+00	3.82e-31	3.42e-23	2.85e-16	2.43e-10	1.64e-05	1.00e+00	0.00e+00	0.00e+00	0.00e+00	0.00e+00	0.00e+00
 8.37531e+12	1.31e-39	5.21e-31	4.46e-23	3.54e-16	2.82e-10	1.78e-05	1.00e+00	0.00e+00	0.00e+00	0.00e+00	0.00e+00	0.00e+00
 8.68191e+12	0.00e+00	6.94e-31	5.69e-23	4.30e-16	3.23e-10	1.92e-05	1.00e+00	0.00e+00	0.00e+00	0.00e+00	0.00e+00	0.00e+00
 9.01691e+12	2.59e-39	9.41e-31	7.36e-23	5.29e-16	3.72e-10	2.08e-05	1.00e+00	0.00e+00	0.00e+00	0.00e+00	0.00e+00	0.00e+00
 9.39196e+12	0.00e+00	1.30e-30	9.71e-23	6.61e-16	4.34e-10	2.27e-05	1.00e+00	0.00e+00	0.00e+00	0.00e+00	0.00e+00	0.00e+00
 9.74701e+12	5.33e-39	1.76e-30	1.25e-22	8.11e-16	5.00e-10	2.46e-05	1.00e+00	0.00e+00	0.00e+00	0.00e+00	0.00e+00	0.00e+00
 1.01296e+13	0.00e+00	2.41e-30	1.64e-22	1.00e-15	5.78e-10	2.66e-05	1.00e+00	0.00e+00	0.00e+00	0.00e+00	0.00e+00	0.00e+00
 1.05648e+13	1.14e-38	3.40e-30	2.19e-22	1.26e-15	6.77e-10	2.91e-05	1.00e+00	0.00e+00	0.00e+00	0.00e+00	0.00e+00	0.00e+00
 1.09922e+13	0.00e+00	4.72e-30	2.88e-22	1.58e-15	7.87e-10	3.16e-05	1.00e+00	0.00e+00	0.00e+00	0.00e+00	0.00e+00	0.00e+00
 1.14367e+13	2.43e-38	6.55e-30	3.80e-22	1.96e-15	9.14e-10	3.43e-05	1.00e+00	0.00e+00	0.00e+00	0.00e+00	0.00e+00	0.00e+00
 1.19241e+13	0.00e+00	9.31e-30	5.11e-22	2.48e-15	1.07e-09	3.75e-05	1.00e+00	0.00e+00	0.00e+00	0.00e+00	0.00e+00	0.00e+00
 1.24310e+13	5.55e-38	1.33e-29	6.88e-22	3.13e-15	1.25e-09	4.08e-05	1.00e+00	0.00e+00	0.00e+00	0.00e+00	0.00e+00	0.00e+00
 1.29581e+13	0.00e+00	1.88e-29	9.23e-22	3.95e-15	1.47e-09	4.45e-05	1.00e+00	0.00e+00	0.00e+00	0.00e+00	0.00e+00	0.00e+00
 1.34552e+13	1.21e-37	2.61e-29	1.21e-21	4.89e-15	1.70e-09	4.81e-05	1.00e+00	0.00e+00	0.00e+00	0.00e+00	0.00e+00	0.00e+00
 1.39036e+13	0.00e+00	3.46e-29	1.53e-21	5.88e-15	1.92e-09	5.15e-05	1.00e+00	0.00e+00	0.00e+00	0.00e+00	0.00e+00	0.00e+00
 1.43285e+13	2.28e-37	4.50e-29	1.91e-21	6.97e-15	2.15e-09	5.48e-05	1.00e+00	0.00e+00	0.00e+00	0.00e+00	0.00e+00	0.00e+00
 1.47998e+13	0.00e+00	5.99e-29	2.41e-21	8.37e-15	2.44e-09	5.85e-05	1.00e+00	0.00e+00	0.00e+00	0.00e+00	0.00e+00	0.00e+00
 1.53277e+13	4.58e-37	8.16e-29	3.12e-21	1.02e-14	2.79e-09	6.29e-05	1.00e+00	0.00e+00	0.00e+00	0.00e+00	0.00e+00	0.00e+00
 1.58283e+13	0.00e+00	1.08e-28	3.95e-21	1.23e-14	3.15e-09	6.72e-05	1.00e+00	0.00e+00	0.00e+00	0.00e+00	0.00e+00	0.00e+00
 1.63782e+13	9.11e-37	1.47e-28	5.08e-21	1.49e-14	3.59e-09	7.20e-05	1.00e+00	0.00e+00	0.00e+00	0.00e+00	0.00e+00	0.00e+00
 1.69814e+13	0.00e+00	2.04e-28	6.64e-21	1.83e-14	4.12e-09	7.75e-05	1.00e+00	0.00e+00	0.00e+00	0.00e+00	0.00e+00	0.00e+00
 1.75343e+13	1.87e-36	2.72e-28	8.42e-21	2.20e-14	4.66e-09	8.27e-05	1.00e+00	0.00e+00	0.00e+00	0.00e+00	0.00e+00	0.00e+00
 1.81337e+13	0.00e+00	3.69e-28	1.08e-20	2.67e-14	5.31e-09	8.86e-05	1.00e+00	0.00e+00	0.00e+00	0.00e+00	0.00e+00	0.00e+00
 1.88032e+13	3.96e-36	5.13e-28	1.42e-20	3.29e-14	6.10e-09	9.53e-05	1.00e+00	0.00e+00	0.00e+00	0.00e+00	0.00e+00	0.00e+00
 1.94343e+13	0.00e+00	6.94e-28	1.82e-20	3.97e-14	6.93e-09	1.02e-04	1.00e+00	0.00e+00	0.00e+00	0.00e+00	0.00e+00	0.00e+00
 2.01248e+13	8.29e-36	9.60e-28	2.36e-20	4.86e-14	7.92e-09	1.09e-04	1.00e+00	0.00e+00	0.00e+00	0.00e+00	0.00e+00	0.00e+00
 2.08925e+13	0.00e+00	1.36e-27	3.14e-20	6.03e-14	9.16e-09	1.18e-04	1.00e+00	0.00e+00	0.00e+00	0.00e+00	0.00e+00	0.00e+00
 2.16110e+13	1.82e-35	1.86e-27	4.06e-20	7.33e-14	1.04e-08	1.26e-04	1.00e+00	0.00e+00	0.00e+00	0.00e+00	0.00e+00	0.00e+00
 2.23956e+13	0.00e+00	2.60e-27	5.33e-20	9.01e-14	1.20e-08	1.35e-04	1.00e+00	0.00e+00	0.00e+00	0.00e+00	0.00e+00	0.00e+00
 2.32718e+13	4.16e-35	3.74e-27	7.14e-20	1.13e-13	1.39e-08	1.46e-04	1.00e+00	0.00e+00	0.00e+00	0.00e+00	0.00e+00	0.00e+00
 2.40994e+13	6.16e-35	5.21e-27	9.34e-20	1.38e-13	1.59e-08	1.56e-04	1.00e+00	0.00e+00	0.00e+00	0.00e+00	0.00e+00	0.00e+00
 2.49992e+13	9.35e-35	7.38e-27	1.24e-19	1.71e-13	1.83e-08	1.68e-04	1.00e+00	0.00e+00	0.00e+00	0.00e+00	0.00e+00	0.00e+00
 2.60038e+13	1.47e-34	1.08e-26	1.68e-19	2.15e-13	2.14e-08	1.82e-04	1.00e+00	0.00e+00	0.00e+00	0.00e+00	0.00e+00	0.00e+00
 2.69680e+13	2.22e-34	1.53e-26	2.22e-19	2.65e-13	2.46e-08	1.95e-04	1.00e+00	0.00e+00	0.00e+00	0.00e+00	0.00e+00	0.00e+00
 2.79961e+13	3.42e-34	2.19e-26	2.97e-19	3.30e-13	2.85e-08	2.10e-04	1.00e+00	0.00e+00	0.00e+00	0.00e+00	0.00e+00	0.00e+00
 2.91458e+13	5.45e-34	3.23e-26	4.06e-19	4.18e-13	3.33e-08	2.27e-04	1.00e+00	0.00e+00	0.00e+00	0.00e+00	0.00e+00	0.00e+00
 3.02954e+13	8.54e-34	4.70e-26	5.49e-19	5.24e-13	3.87e-08	2.45e-04	1.00e+00	0.00e+00	0.00e+00	0.00e+00	0.00e+00	0.00e+00
 3.14909e+13	1.34e-33	6.85e-26	7.43e-19	6.57e-13	4.50e-08	2.64e-04	1.00e+00	0.00e+00	0.00e+00	0.00e+00	0.00e+00	0.00e+00
 3.27804e+13	2.15e-33	1.01e-25	1.02e-18	8.31e-13	5.27e-08	2.85e-04	1.00e+00	0.00e+00	0.00e+00	0.00e+00	0.00e+00	0.00e+00
 3.41216e+13	3.44e-33	1.50e-25	1.39e-18	1.05e-12	6.16e-08	3.08e-04	1.00e+00	0.00e+00	0.00e+00	0.00e+00	0.00e+00	0.00e+00
 3.55164e+13	5.50e-33	2.22e-25	1.91e-18	1.33e-12	7.21e-08	3.33e-04	1.00e+00	0.00e+00	0.00e+00	0.00e+00	0.00e+00	0.00e+00
 3.68690e+13	8.54e-33	3.20e-25	2.56e-18	1.66e-12	8.34e-08	3.59e-04	1.00e+00	0.00e+00	0.00e+00	0.00e+00	0.00e+00	0.00e+00
 3.81444e+13	1.27e-32	4.46e-25	3.34e-18	2.02e-12	9.53e-08	3.83e-04	1.00e+00	0.00e+00	0.00e+00	0.00e+00	0.00e+00	0.00e+00
 3.93479e+13	1.84e-32	6.05e-25	4.27e-18	2.43e-12	1.08e-07	4.07e-04	1.00e+00	0.00e+00	0.00e+00	0.00e+00	0.00e+00	0.00e+00
 4.06581e+13	2.70e-32	8.35e-25	5.53e-18	2.95e-12	1.22e-07	4.34e-04	1.00e+00	0.00e+00	0.00e+00	0.00e+00	0.00e+00	0.00e+00
 4.21183e+13	4.10e-32	1.18e-24	7.30e-18	3.63e-12	1.41e-07	4.64e-04	1.00e+00	0.00e+00	0.00e+00	0.00e+00	0.00e+00	0.00e+00
 4.34956e+13	5.98e-32	1.62e-24	9.41e-18	4.38e-12	1.60e-07	4.94e-04	1.00e+00	0.00e+00	0.00e+00	0.00e+00	0.00e+00	0.00e+00
 4.50084e+13	8.95e-32	2.27e-24	1.23e-17	5.36e-12	1.82e-07	5.29e-04	9.99e-01	0.00e+00	0.00e+00	0.00e+00	0.00e+00	0.00e+00
 4.67068e+13	1.37e-31	3.24e-24	1.65e-17	6.67e-12	2.11e-07	5.69e-04	9.99e-01	0.00e+00	0.00e+00	0.00e+00	0.00e+00	0.00e+00
 4.83243e+13	2.05e-31	4.52e-24	2.16e-17	8.16e-12	2.41e-07	6.07e-04	9.99e-01	0.00e+00	0.00e+00	0.00e+00	0.00e+00	0.00e+00
 5.00954e+13	3.15e-31	6.47e-24	2.87e-17	1.01e-11	2.78e-07	6.52e-04	9.99e-01	0.00e+00	0.00e+00	0.00e+00	0.00e+00	0.00e+00
 5.21291e+13	5.01e-31	9.53e-24	3.92e-17	1.28e-11	3.25e-07	7.05e-04	9.99e-01	0.00e+00	0.00e+00	0.00e+00	0.00e+00	0.00e+00
 5.41169e+13	7.65e-31	1.36e-23	5.26e-17	1.59e-11	3.77e-07	7.59e-04	9.99e-01	0.00e+00	0.00e+00	0.00e+00	0.00e+00	0.00e+00
 5.61841e+13	1.20e-30	1.98e-23	7.08e-17	1.99e-11	4.37e-07	8.16e-04	9.99e-01	0.00e+00	0.00e+00	0.00e+00	0.00e+00	0.00e+00
 5.82693e+13	1.80e-30	2.80e-23	9.41e-17	2.46e-11	5.04e-07	8.78e-04	9.99e-01	0.00e+00	0.00e+00	0.00e+00	0.00e+00	0.00e+00
 6.01070e+13	2.61e-30	3.80e-23	1.20e-16	2.96e-11	5.70e-07	9.33e-04	9.99e-01	0.00e+00	0.00e+00	0.00e+00	0.00e+00	0.00e+00
 6.21054e+13	3.76e-30	5.18e-23	1.55e-16	3.59e-11	6.48e-07	9.96e-04	9.99e-01	0.00e+00	0.00e+00	0.00e+00	0.00e+00	0.00e+00
 6.45146e+13	5.82e-30	7.48e-23	2.10e-16	4.50e-11	7.53e-07	1.07e-03	9.99e-01	0.00e+00	0.00e+00	0.00e+00	0.00e+00	0.00e+00
 6.69073e+13	8.84e-30	1.06e-22	2.79e-16	5.58e-11	8.69e-07	1.15e-03	9.99e-01	0.00e+00	0.00e+00	0.00e+00	0.00e+00	0.00e+00
 6.90444e+13	1.28e-29	1.45e-22	3.58e-16	6.73e-11	9.84e-07	1.23e-03	9.99e-01	0.00e+00	0.00e+00	0.00e+00	0.00e+00	0.00e+00
 7.13998e+13	1.85e-29	1.98e-22	4.65e-16	8.20e-11	1.12e-06	1.31e-03	9.99e-01	0.00e+00	0.00e+00	0.00e+00	0.00e+00	0.00e+00
 7.42007e+13	2.92e-29	2.89e-22	6.30e-16	1.03e-10	1.31e-06	1.42e-03	9.99e-01	0.00e+00	0.00e+00	0.00e+00	0.00e+00	0.00e+00
 7.69756e+13	4.35e-29	4.07e-22	8.40e-16	1.28e-10	1.51e-06	1.53e-03	9.98e-01	0.00e+00	0.00e+00	0.00e+00	0.00e+00	0.00e+00
 7.95080e+13	6.25e-29	5.54e-22	1.08e-15	1.55e-10	1.72e-06	1.63e-03	9.98e-01	0.00e+00	0.00e+00	0.00e+00	0.00e+00	0.00e+00
 8.23302e+13	9.45e-29	7.81e-22	1.43e-15	1.91e-10	1.97e-06	1.75e-03	9.98e-01	0.00e+00	0.00e+00	0.00e+00	0.00e+00	0.00e+00
 8.56189e+13	1.44e-28	1.12e-21	1.94e-15	2.41e-10	2.30e-06	1.89e-03	9.98e-01	0.00e+00	0.00e+00	0.00e+00	0.00e+00	0.00e+00
 8.88486e+13	2.19e-28	1.60e-21	2.59e-15	3.00e-10	2.66e-06	2.04e-03	9.98e-01	0.00e+00	0.00e+00	0.00e+00	0.00e+00	0.00e+00
 9.18911e+13	3.19e-28	2.20e-21	3.38e-15	3.66e-10	3.04e-06	2.18e-03	9.98e-01	0.00e+00	0.00e+00	0.00e+00	0.00e+00	0.00e+00
 9.52801e+13	4.88e-28	3.14e-21	4.49e-15	4.54e-10	3.51e-06	2.34e-03	9.98e-01	0.00e+00	0.00e+00	0.00e+00	0.00e+00	0.00e+00
 9.91213e+13	7.42e-28	4.50e-21	6.11e-15	5.73e-10	4.11e-06	2.54e-03	9.97e-01	0.00e+00	0.00e+00	0.00e+00	0.00e+00	0.00e+00
 1.02951e+14	1.14e-27	6.46e-21	8.24e-15	7.18e-10	4.77e-06	2.74e-03	9.97e-01	0.00e+00	0.00e+00	0.00e+00	0.00e+00	0.00e+00
 1.06533e+14	1.69e-27	9.00e-21	1.08e-14	8.79e-10	5.46e-06	2.93e-03	9.97e-01	0.00e+00	0.00e+00	0.00e+00	0.00e+00	0.00e+00
 1.10423e+14	2.51e-27	1.26e-20	1.43e-14	1.09e-09	6.29e-06	3.15e-03	9.97e-01	0.00e+00	0.00e+00	0.00e+00	0.00e+00	0.00e+00
 1.14775e+14	3.78e-27	1.80e-20	1.94e-14	1.37e-09	7.33e-06	3.41e-03	9.97e-01	0.00e+00	0.00e+00	0.00e+00	0.00e+00	0.00e+00
 1.18834e+14	5.68e-27	2.53e-20	2.55e-14	1.68e-09	8.42e-06	3.65e-03	9.96e-01	0.00e+00	0.00e+00	0.00e+00	0.00e+00	0.00e+00
 1.22597e+14	7.86e-27	3.34e-20	3.25e-14	2.02e-09	9.52e-06	3.89e-03	9.96e-01	0.00e+00	0.00e+00	0.00e+00	0.00e+00	0.00e+00
 1.26212e+14	1.10e-26	4.43e-20	4.09e-14	2.40e-09	1.07e-05	4.12e-03	9.96e-01	0.00e+00	0.00e+00	0.00e+00	0.00e+00	0.00e+00
 1.30215e+14	1.52e-26	5.87e-20	5.22e-14	2.89e-09	1.21e-05	4.39e-03	9.96e-01	0.00e+00	0.00e+00	0.00e+00	0.00e+00	0.00e+00
 1.34636e+14	2.21e-26	8.07e-20	6.80e-14	3.53e-09	1.38e-05	4.69e-03	9.95e-01	0.00e+00	0.00e+00	0.00e+00	0.00e+00	0.00e+00
 1.38752e+14	3.12e-26	1.08e-19	8.62e-14	4.22e-09	1.55e-05	4.98e-03	9.95e-01	0.00e+00	0.00e+00	0.00e+00	0.00e+00	0.00e+00
 1.43250e+14	4.42e-26	1.45e-19	1.11e-13	5.10e-09	1.76e-05	5.31e-03	9.95e-01	0.00e+00	0.00e+00	0.00e+00	0.00e+00	0.00e+00
 1.48301e+14	6.33e-26	1.99e-19	1.45e-13	6.27e-09	2.02e-05	5.70e-03	9.94e-01	0.00e+00	0.00e+00	0.00e+00	0.00e+00	0.00e+00
 1.53113e+14	9.19e-26	2.71e-19	1.87e-13	7.58e-09	2.29e-05	6.07e-03	9.94e-01	0.00e+00	0.00e+00	0.00e+00	0.00e+00	0.00e+00
 1.58409e+14	1.31e-25	3.69e-19	2.44e-13	9.27e-09	2.62e-05	6.50e-03	9.93e-01	0.00e+00	0.00e+00	0.00e+00	0.00e+00	0.00e+00
 1.64265e+14	1.98e-25	5.23e-19	3.25e-13	1.15e-08	3.03e-05	6.99e-03	9.93e-01	0.00e+00	0.00e+00	0.00e+00	0.00e+00	0.00e+00
 1.69684e+14	2.73e-25	6.94e-19	4.19e-13	1.40e-08	3.45e-05	7.47e-03	9.92e-01	0.00e+00	0.00e+00	0.00e+00	0.00e+00	0.00e+00
 1.75564e+14	3.99e-25	9.59e-19	5.49e-13	1.71e-08	3.94e-05	8.00e-03	9.92e-01	0.00e+00	0.00e+00	0.00e+00	0.00e+00	0.00e+00
 1.82126e+14	5.87e-25	1.34e-18	7.31e-13	2.12e-08	4.56e-05	8.61e-03	9.91e-01	0.00e+00	0.00e+00	0.00e+00	0.00e+00	0.00e+00
 1.88270e+14	8.60e-25	1.85e-18	9.51e-13	2.59e-08	5.20e-05	9.20e-03	9.91e-01	0.00e+00	0.00e+00	0.00e+00	0.00e+00	0.00e+00
 1.94955e+14	1.22e-24	2.51e-18	1.25e-12	3.18e-08	5.96e-05	9.88e-03	9.90e-01	0.00e+00	0.00e+00	0.00e+00	0.00e+00	0.00e+00
 2.02383e+14	1.83e-24	3.56e-18	1.67e-12	3.97e-08	6.92e-05	1.07e-02	9.89e-01	0.00e+00	0.00e+00	0.00e+00	0.00e+00	0.00e+00
 2.09327e+14	2.59e-24	4.82e-18	2.18e-12	4.85e-08	7.90e-05	1.14e-02	9.89e-01	0.00e+00	0.00e+00	0.00e+00	0.00e+00	0.00e+00
 2.16890e+14	3.86e-24	6.77e-18	2.88e-12	5.99e-08	9.09e-05	1.22e-02	9.88e-01	0.00e+00	0.00e+00	0.00e+00	0.00e+00	0.00e+00
 2.25346e+14	5.62e-24	9.44e-18	3.88e-12	7.52e-08	1.06e-04	1.33e-02	9.87e-01	0.00e+00	0.00e+00	0.00e+00	0.00e+00	0.00e+00
 2.33331e+14	8.26e-24	1.31e-17	5.09e-12	9.24e-08	1.21e-04	1.42e-02	9.86e-01	0.00e+00	0.00e+00	0.00e+00	0.00e+00	0.00e+00
 2.41884e+14	1.17e-23	1.79e-17	6.72e-12	1.14e-07	1.40e-04	1.53e-02	9.85e-01	0.00e+00	0.00e+00	0.00e+00	0.00e+00	0.00e+00
 2.51387e+14	1.77e-23	2.55e-17	9.08e-12	1.44e-07	1.63e-04	1.66e-02	9.83e-01	0.00e+00	0.00e+00	0.00e+00	0.00e+00	0.00e+00
 2.60610e+14	2.52e-23	3.50e-17	1.20e-11	1.78e-07	1.87e-04	1.78e-02	9.82e-01	0.00e+00	0.00e+00	0.00e+00	0.00e+00	0.00e+00
 2.70405e+14	3.75e-23	4.93e-17	1.60e-11	2.21e-07	2.17e-04	1.92e-02	9.81e-01	0.00e+00	0.00e+00	0.00e+00	0.00e+00	0.00e+00
 2.81251e+14	5.47e-23	6.91e-17	2.17e-11	2.79e-07	2.53e-04	2.09e-02	9.79e-01	0.00e+00	0.00e+00	0.00e+00	0.00e+00	0.00e+00
 2.91891e+14	8.08e-23	9.70e-17	2.89e-11	3.48e-07	2.93e-04	2.25e-02	9.77e-01	0.00e+00	0.00e+00	0.00e+00	0.00e+00	0.00e+00
 3.00648e+14	1.06e-22	1.25e-16	3.62e-11	4.14e-07	3.29e-04	2.40e-02	9.76e-01	0.00e+00	0.00e+00	0.00e+00	0.00e+00	0.00e+00
 3.07653e+14	1.34e-22	1.53e-16	4.32e-11	4.75e-07	3.60e-04	2.51e-02	9.74e-01	0.00e+00	0.00e+00	0.00e+00	0.00e+00	0.00e+00
 3.15379e+14	1.73e-22	1.91e-16	5.24e-11	5.49e-07	3.96e-04	2.65e-02	9.73e-01	0.00e+00	0.00e+00	0.00e+00	0.00e+00	0.00e+00
 3.25424e+14	2.33e-22	2.50e-16	6.65e-11	6.61e-07	4.48e-04	2.83e-02	9.71e-01	0.00e+00	0.00e+00	0.00e+00	0.00e+00	0.00e+00
 3.36211e+14	3.20e-22	3.32e-16	8.54e-11	8.02e-07	5.09e-04	3.03e-02	9.69e-01	0.00e+00	0.00e+00	0.00e+00	0.00e+00	0.00e+00
 3.45807e+14	4.26e-22	4.28e-16	1.06e-10	9.46e-07	5.68e-04	3.21e-02	9.67e-01	0.00e+00	0.00e+00	0.00e+00	0.00e+00	0.00e+00
 3.56128e+14	5.60e-22	5.49e-16	1.33e-10	1.13e-06	6.36e-04	3.42e-02	9.65e-01	0.00e+00	0.00e+00	0.00e+00	0.00e+00	0.00e+00
 3.69215e+14	7.98e-22	7.54e-16	1.75e-10	1.39e-06	7.32e-04	3.68e-02	9.62e-01	0.00e+00	0.00e+00	0.00e+00	0.00e+00	0.00e+00
 3.82485e+14	1.12e-21	1.02e-15	2.29e-10	1.71e-06	8.40e-04	3.97e-02	9.59e-01	0.00e+00	0.00e+00	0.00e+00	0.00e+00	0.00e+00
 3.93727e+14	1.48e-21	1.32e-15	2.86e-10	2.03e-06	9.39e-04	4.22e-02	9.57e-01	0.00e+00	0.00e+00	0.00e+00	0.00e+00	0.00e+00
 4.05749e+14	1.97e-21	1.71e-15	3.60e-10	2.43e-06	1.06e-03	4.49e-02	9.54e-01	0.00e+00	0.00e+00	0.00e+00	0.00e+00	0.00e+00
 4.20810e+14	2.79e-21	2.35e-15	4.75e-10	3.01e-06	1.21e-03	4.85e-02	9.50e-01	0.00e+00	0.00e+00	0.00e+00	0.00e+00	0.00e+00
 4.36338e+14	3.94e-21	3.22e-15	6.26e-10	3.72e-06	1.40e-03	5.24e-02	9.46e-01	0.00e+00	0.00e+00	0.00e+00	0.00e+00	0.00e+00
 4.50032e+14	5.31e-21	4.22e-15	7.93e-10	4.46e-06	1.57e-03	5.59e-02	9.43e-01	0.00e+00	0.00e+00	0.00e+00	0.00e+00	0.00e+00
 4.64828e+14	7.18e-21	5.57e-15	1.02e-09	5.39e-06	1.78e-03	5.98e-02	9.38e-01	0.00e+00	0.00e+00	0.00e+00	0.00e+00	0.00e+00
 4.82669e+14	1.03e-20	7.76e-15	1.35e-09	6.73e-06	2.06e-03	6.47e-02	9.33e-01	0.00e+00	0.00e+00	0.00e+00	0.00e+00	0.00e+00
 5.00338e+14	1.46e-20	1.07e-14	1.78e-09	8.31e-06	2.36e-03	6.98e-02	9.28e-01	0.00e+00	0.00e+00	0.00e+00	0.00e+00	0.00e+00
 5.16036e+14	1.97e-20	1.40e-14	2.26e-09	9.95e-06	2.65e-03	7.44e-02	9.23e-01	0.00e+00	0.00e+00	0.00e+00	0.00e+00	0.00e+00
 5.33304e+14	2.69e-20	1.87e-14	2.91e-09	1.21e-05	3.00e-03	7.97e-02	9.17e-01	0.00e+00	0.00e+00	0.00e+00	0.00e+00	0.00e+00
 5.53941e+14	3.90e-20	2.62e-14	3.89e-09	1.51e-05	3.47e-03	8.62e-02	9.10e-01	0.00e+00	0.00e+00	0.00e+00	0.00e+00	0.00e+00
 5.74482e+14	5.56e-20	3.63e-14	5.15e-09	1.86e-05	3.98e-03	9.28e-02	9.03e-01	0.00e+00	0.00e+00	0.00e+00	0.00e+00	0.00e+00
 5.93255e+14	7.56e-20	4.82e-14	6.60e-09	2.25e-05	4.49e-03	9.89e-02	8.97e-01	0.00e+00	0.00e+00	0.00e+00	0.00e+00	0.00e+00
 6.14204e+14	1.08e-19	6.64e-14	8.61e-09	2.75e-05	5.11e-03	1.06e-01	8.89e-01	0.00e+00	0.00e+00	0.00e+00	0.00e+00	0.00e+00
 6.38581e+14	1.58e-19	9.44e-14	1.16e-08	3.44e-05	5.90e-03	1.15e-01	8.79e-01	0.00e+00	0.00e+00	0.00e+00	0.00e+00	0.00e+00
 6.62561e+14	2.29e-19	1.32e-13	1.54e-08	4.26e-05	6.77e-03	1.23e-01	8.70e-01	0.00e+00	0.00e+00	0.00e+00	0.00e+00	0.00e+00
 6.85318e+14	3.21e-19	1.80e-13	2.00e-08	5.18e-05	7.67e-03	1.32e-01	8.61e-01	0.00e+00	0.00e+00	0.00e+00	0.00e+00	0.00e+00
 7.10578e+14	4.64e-19	2.51e-13	2.65e-08	6.38e-05	8.75e-03	1.41e-01	8.50e-01	0.00e+00	0.00e+00	0.00e+00	0.00e+00	0.00e+00
 7.34411e+14	6.35e-19	3.35e-13	3.41e-08	7.71e-05	9.87e-03	1.50e-01	8.40e-01	0.00e+00	0.00e+00	0.00e+00	0.00e+00	0.00e+00
 7.52240e+14	8.17e-19	4.20e-13	4.10e-08	8.85e-05	1.08e-02	1.57e-01	8.32e-01	0.00e+00	0.00e+00	0.00e+00	0.00e+00	0.00e+00
 7.70509e+14	1.06e-18	5.30e-13	4.93e-08	1.02e-04	1.17e-02	1.64e-01	8.24e-01	0.00e+00	0.00e+00	0.00e+00	0.00e+00	0.00e+00
 7.94260e+14	1.45e-18	7.03e-13	6.23e-08	1.21e-04	1.31e-02	1.74e-01	8.13e-01	0.00e+00	0.00e+00	0.00e+00	0.00e+00	0.00e+00
 8.19918e+14	1.97e-18	9.30e-13	7.95e-08	1.44e-04	1.47e-02	1.84e-01	8.01e-01	0.00e+00	0.00e+00	0.00e+00	0.00e+00	0.00e+00
 8.43009e+14	2.64e-18	1.21e-12	9.84e-08	1.69e-04	1.62e-02	1.93e-01	7.91e-01	0.00e+00	0.00e+00	0.00e+00	0.00e+00	0.00e+00
 8.67980e+14	3.58e-18	1.59e-12	1.23e-07	1.99e-04	1.79e-02	2.03e-01	7.79e-01	0.00e+00	0.00e+00	0.00e+00	0.00e+00	0.00e+00
 8.99751e+14	5.36e-18	2.26e-12	1.62e-07	2.44e-04	2.04e-02	2.16e-01	7.63e-01	0.00e+00	0.00e+00	0.00e+00	0.00e+00	0.00e+00
 9.31778e+14	7.50e-18	3.07e-12	2.12e-07	2.96e-04	2.30e-02	2.29e-01	7.48e-01	0.00e+00	0.00e+00	0.00e+00	0.00e+00	0.00e+00
 9.58657e+14	1.02e-17	4.02e-12	2.63e-07	3.47e-04	2.54e-02	2.40e-01	7.35e-01	0.00e+00	0.00e+00	0.00e+00	0.00e+00	0.00e+00
 9.87427e+14	1.40e-17	5.31e-12	3.29e-07	4.09e-04	2.80e-02	2.51e-01	7.20e-01	0.00e+00	0.00e+00	0.00e+00	0.00e+00	0.00e+00
 1.02378e+15	2.10e-17	7.54e-12	4.32e-07	4.99e-04	3.17e-02	2.66e-01	7.02e-01	0.00e+00	0.00e+00	0.00e+00	0.00e+00	0.00e+00
 1.06189e+15	3.07e-17	1.04e-11	5.68e-07	6.08e-04	3.58e-02	2.80e-01	6.83e-01	0.00e+00	0.00e+00	1.76e-17	9.33e-18	3.29e-18
 1.09609e+15	4.31e-17	1.41e-11	7.21e-07	7.22e-04	3.97e-02	2.94e-01	6.66e-01	0.00e+00	0.00e+00	2.47e-17	1.31e-17	4.59e-18
 1.13330e+15	6.16e-17	1.92e-11	9.24e-07	8.63e-04	4.42e-02	3.08e-01	6.47e-01	0.00e+00	0.00e+00	3.53e-17	1.88e-17	6.52e-18
 1.17743e+15	9.67e-17	2.80e-11	1.23e-06	1.06e-03	5.00e-02	3.24e-01	6.25e-01	0.00e+00	0.00e+00	5.55e-17	2.94e-17	1.02e-17
 1.22087e+15	1.42e-16	3.90e-11	1.60e-06	1.28e-03	5.60e-02	3.39e-01	6.04e-01	0.00e+00	0.00e+00	8.13e-17	4.30e-17	1.48e-17
 1.26040e+15	2.00e-16	5.24e-11	2.02e-06	1.51e-03	6.18e-02	3.52e-01	5.84e-01	0.00e+00	0.00e+00	1.15e-16	6.08e-17	2.09e-17
 1.30458e+15	2.81e-16	7.07e-11	2.59e-06	1.80e-03	6.86e-02	3.66e-01	5.63e-01	0.00e+00	0.00e+00	1.62e-16	8.55e-17	2.92e-17
 1.35615e+15	4.41e-16	1.03e-10	3.44e-06	2.20e-03	7.71e-02	3.82e-01	5.38e-01	0.00e+00	0.00e+00	2.54e-16	1.34e-16	4.56e-17
 1.40699e+15	6.58e-16	1.44e-10	4.47e-06	2.64e-03	8.58e-02	3.97e-01	5.15e-01	0.00e+00	0.00e+00	3.79e-16	2.00e-16	6.77e-17
 1.45511e+15	9.48e-16	1.95e-10	5.67e-06	3.12e-03	9.45e-02	4.10e-01	4.93e-01	0.00e+00	0.00e+00	5.47e-16	2.88e-16	9.72e-17
 1.50858e+15	1.35e-15	2.65e-10	7.30e-06	3.72e-03	1.04e-01	4.22e-01	4.69e-01	0.00e+00	0.00e+00	7.81e-16	4.11e-16	1.38e-16
 1.56896e+15	2.17e-15	3.88e-10	9.61e-06	4.50e-03	1.16e-01	4.36e-01	4.43e-01	0.00e+00	0.00e+00	1.25e-15	6.57e-16	2.20e-16
 1.61966e+15	3.05e-15	5.15e-10	1.20e-05	5.24e-03	1.26e-01	4.46e-01	4.22e-01	0.00e+00	0.00e+00	1.77e-15	9.27e-16	3.10e-16
 1.65622e+15	3.88e-15	6.27e-10	1.39e-05	5.82e-03	1.34e-01	4.52e-01	4.08e-01	0.00e+00	0.00e+00	2.24e-15	1.18e-15	3.93e-16
 1.69447e+15	4.97e-15	7.68e-10	1.63e-05	6.47e-03	1.42e-01	4.59e-01	3.93e-01	0.00e+00	0.00e+00	2.87e-15	1.51e-15	5.02e-16
 1.74420e+15	6.52e-15	9.69e-10	1.97e-05	7.38e-03	1.53e-01	4.66e-01	3.74e-01	0.00e+00	0.00e+00	3.77e-15	1.98e-15	6.58e-16
 1.79971e+15	9.50e-15	1.30e-09	2.44e-05	8.52e-03	1.65e-01	4.73e-01	3.54e-01	0.00e+00	0.00e+00	5.49e-15	2.88e-15	9.57e-16
 1.85161e+15	1.27e-14	1.66e-09	2.94e-05	9.67e-03	1.76e-01	4.78e-01	3.36e-01	0.00e+00	0.00e+00	7.37e-15	3.86e-15	1.28e-15
 1.90792e+15	1.70e-14	2.11e-09	3.57e-05	1.10e-02	1.89e-01	4.83e-01	3.17e-01	0.00e+00	0.00e+00	9.86e-15	5.16e-15	1.71e-15
 1.97126e+15	2.51e-14	2.85e-09	4.42e-05	1.27e-02	2.03e-01	4.87e-01	2.97e-01	0.00e+00	0.00e+00	1.45e-14	7.61e-15	2.51e-15
 2.03125e+15	3.41e-14	3.66e-09	5.36e-05	1.44e-02	2.17e-01	4.89e-01	2.79e-01	0.00e+00	0.00e+00	1.98e-14	1.04e-14	3.41e-15
 2.09678e+15	4.63e-14	4.70e-09	6.55e-05	1.65e-02	2.32e-01	4.91e-01	2.61e-01	0.00e+00	0.00e+00	2.68e-14	1.40e-14	4.62e-15
 2.17041e+15	6.96e-14	6.42e-09	8.15e-05	1.90e-02	2.48e-01	4.91e-01	2.41e-01	0.00e+00	0.00e+00	4.03e-14	2.11e-14	6.94e-15
 2.24024e+15	9.70e-14	8.34e-09	9.91e-05	2.16e-02	2.64e-01	4.90e-01	2.24e-01	0.00e+00	0.00e+00	5.62e-14	2.94e-14	9.67e-15
 2.31667e+15	1.32e-13	1.07e-08	1.22e-04	2.47e-02	2.81e-01	4.87e-01	2.07e-01	0.00e+00	0.00e+00	7.63e-14	3.99e-14	1.31e-14
 2.40162e+15	2.02e-13	1.48e-08	1.52e-04	2.84e-02	3.00e-01	4.83e-01	1.89e-01	0.00e+00	0.00e+00	1.17e-13	6.12e-14	2.00e-14
 2.48010e+15	2.81e-13	1.91e-08	1.84e-04	3.21e-02	3.17e-01	4.77e-01	1.73e-01	0.00e+00	0.00e+00	1.63e-13	8.53e-14	2.79e-14
 2.56460e+15	3.79e-13	2.44e-08	2.23e-04	3.64e-02	3.34e-01	4.70e-01	1.59e-01	0.00e+00	0.00e+00	2.20e-13	1.15e-13	3.76e-14
 2.65946e+15	5.81e-13	3.35e-08	2.77e-04	4.16e-02	3.54e-01	4.61e-01	1.43e-01	0.00e+00	0.00e+00	3.37e-13	1.76e-13	5.76e-14
 2.74853e+15	8.03e-13	4.30e-08	3.34e-04	4.67e-02	3.71e-01	4.52e-01	1.30e-01	0.00e+00	0.00e+00	4.66e-13	2.44e-13	7.95e-14
 2.84506e+15	1.10e-12	5.52e-08	4.06e-04	5.27e-02	3.89e-01	4.41e-01	1.17e-01	0.00e+00	0.00e+00	6.40e-13	3.35e-13	1.09e-13
 2.95293e+15	1.70e-12	7.58e-08	5.02e-04	5.99e-02	4.08e-01	4.28e-01	1.04e-01	0.00e+00	0.00e+00	9.87e-13	5.16e-13	1.68e-13
 3.04990e+15	2.32e-12	9.63e-08	6.00e-04	6.67e-02	4.24e-01	4.15e-01	9.36e-02	0.00e+00	0.00e+00	1.35e-12	7.06e-13	2.30e-13
 3.13677e+15	3.00e-12	1.17e-07	6.99e-04	7.30e-02	4.38e-01	4.03e-01	8.52e-02	0.00e+00	0.00e+00	1.74e-12	9.12e-13	2.97e-13
 3.23615e+15	4.09e-12	1.48e-07	8.29e-04	8.07e-02	4.52e-01	3.90e-01	7.65e-02	0.00e+00	0.00e+00	2.38e-12	1.24e-12	4.04e-13
 3.35818e+15	6.28e-12	2.02e-07	1.02e-03	9.07e-02	4.69e-01	3.73e-01	6.68e-02	0.00e+00	0.00e+00	3.65e-12	1.91e-12	6.20e-13
 3.47901e+15	8.91e-12	2.62e-07	1.22e-03	1.01e-01	4.83e-01	3.56e-01	5.86e-02	0.00e+00	0.00e+00	5.18e-12	2.71e-12	8.79e-13
 3.57393e+15	1.17e-11	3.20e-07	1.41e-03	1.09e-01	4.94e-01	3.43e-01	5.29e-02	0.00e+00	0.00e+00	6.77e-12	3.54e-12	1.15e-12
 3.66585e+15	1.51e-11	3.86e-07	1.61e-03	1.18e-01	5.03e-01	3.30e-01	4.79e-02	0.00e+00	0.00e+00	8.75e-12	4.58e-12	1.49e-12
 3.78535e+15	1.97e-11	4.76e-07	1.90e-03	1.29e-01	5.13e-01	3.14e-01	4.22e-02	0.00e+00	0.00e+00	1.15e-11	6.00e-12	1.94e-12
 3.91286e+15	2.90e-11	6.24e-07	2.25e-03	1.41e-01	5.23e-01	2.97e-01	3.67e-02	0.00e+00	0.00e+00	1.69e-11	8.82e-12	2.86e-12
 4.01756e+15	3.71e-11	7.49e-07	2.57e-03	1.52e-01	5.29e-01	2.83e-01	3.28e-02	0.00e+00	0.00e+00	2.15e-11	1.13e-11	3.65e-12
 4.12044e+15	4.63e-11	8.87e-07	2.92e-03	1.62e-01	5.35e-01	2.70e-01	2.94e-02	0.00e+00	0.00e+00	2.69e-11	1.41e-11	4.57e-12
 4.25419e+15	6.70e-11	1.15e-06	3.45e-03	1.77e-01	5.41e-01	2.54e-01	2.54e-02	0.00e+00	0.00e+00	3.89e-11	2.04e-11	6.61e-12
 4.39009e+15	8.95e-11	1.42e-06	4.02e-03	1.91e-01	5.45e-01	2.38e-01	2.20e-02	0.00e+00	0.00e+00	5.20e-11	2.72e-11	8.83e-12
 4.50491e+15	1.12e-10	1.69e-06	4.56e-03	2.04e-01	5.47e-01	2.25e-01	1.95e-02	0.00e+00	0.00e+00	6.53e-11	3.42e-11	1.11e-11
 4.63030e+15	1.47e-10	2.05e-06	5.23e-03	2.18e-01	5.49e-01	2.11e-01	1.70e-02	0.00e+00	0.00e+00	8.54e-11	4.47e-11	1.45e-11
 4.79330e+15	2.21e-10	2.72e-06	6.23e-03	2.37e-01	5.49e-01	1.94e-01	1.42e-02	0.00e+00	0.00e+00	1.28e-10	6.71e-11	2.18e-11
 4.95615e+15	3.00e-10	3.41e-06	7.31e-03	2.55e-01	5.47e-01	1.79e-01	1.20e-02	0.00e+00	0.00e+00	1.74e-10	9.13e-11	2.96e-11
 5.08559e+15	3.77e-10	4.05e-06	8.29e-03	2.70e-01	5.44e-01	1.67e-01	1.05e-02	0.00e+00	0.00e+00	2.19e-10	1.15e-10	3.72e-11
 5.22064e+15	4.90e-10	4.90e-06	9.43e-03	2.86e-01	5.40e-01	1.55e-01	9.07e-03	0.00e+00	0.00e+00	2.85e-10	1.49e-10	4.84e-11
 5.37264e+15	6.96e-10	6.22e-06	1.09e-02	3.05e-01	5.34e-01	1.43e-01	7.67e-03	0.00e+00	0.00e+00	4.05e-10	2.12e-10	6.88e-11
 5.51414e+15	9.02e-10	7.51e-06	1.24e-02	3.21e-01	5.28e-01	1.32e-01	6.60e-03	0.00e+00	0.00e+00	5.25e-10	2.75e-10	8.92e-11
 5.66557e+15	1.18e-09	9.13e-06	1.42e-02	3.40e-01	5.20e-01	1.21e-01	5.61e-03	0.00e+00	0.00e+00	6.86e-10	3.60e-10	1.17e-10
 5.83131e+15	1.52e-09	1.11e-05	1.63e-02	3.59e-01	5.10e-01	1.10e-01	4.72e-03	0.00e+00	0.00e+00	8.86e-10	4.64e-10	1.51e-10
 5.98001e+15	2.12e-09	1.39e-05	1.86e-02	3.77e-01	4.99e-01	1.01e-01	3.99e-03	0.00e+00	0.00e+00	1.23e-09	6.47e-10	2.10e-10
 6.11066e+15	2.67e-09	1.63e-05	2.07e-02	3.93e-01	4.90e-01	9.32e-02	3.46e-03	0.00e+00	0.00e+00	1.55e-09	8.14e-10	2.65e-10
 6.22930e+15	3.28e-09	1.90e-05	2.28e-02	4.07e-01	4.81e-01	8.68e-02	3.04e-03	0.00e+00	0.00e+00	1.91e-09	9.99e-10	3.25e-10
 6.35934e+15	4.07e-09	2.22e-05	2.54e-02	4.22e-01	4.70e-01	8.00e-02	2.64e-03	0.00e+00	0.00e+00	2.37e-09	1.24e-09	4.04e-10
 6.50212e+15	5.31e-09	2.68e-05	2.86e-02	4.39e-01	4.57e-01	7.31e-02	2.25e-03	0.00e+00	0.00e+00	3.09e-09	1.62e-09	5.27e-10
 6.62742e+15	6.58e-09	3.12e-05	3.17e-02	4.53e-01	4.46e-01	6.75e-02	1.96e-03	0.00e+00	0.00e+00	3.83e-09	2.01e-09	6.53e-10
 6.73854e+15	7.87e-09	3.57e-05	3.46e-02	4.65e-01	4.36e-01	6.28e-02	1.73e-03	0.00e+00	0.00e+00	4.58e-09	2.40e-09	7.82e-10
 6.86527e+15	9.48e-09	4.10e-05	3.83e-02	4.79e-01	4.23e-01	5.77e-02	1.50e-03	0.00e+00	0.00e+00	5.51e-09	2.89e-09	9.41e-10
 7.03002e+15	1.35e-08	5.24e-05	4.41e-02	4.97e-01	4.06e-01	5.13e-02	1.23e-03	0.00e+00	0.00e+00	7.87e-09	4.13e-09	1.34e-09
 7.19870e+15	1.68e-08	6.22e-05	5.03e-02	5.14e-01	3.89e-01	4.57e-02	1.02e-03	0.00e+00	0.00e+00	9.80e-09	5.14e-09	1.68e-09
 7.34100e+15	2.35e-08	7.80e-05	5.68e-02	5.29e-01	3.73e-01	4.10e-02	8.46e-04	0.00e+00	0.00e+00	1.37e-08	7.19e-09	2.34e-09
 7.46770e+15	2.95e-08	9.19e-05	6.31e-02	5.41e-01	3.58e-01	3.72e-02	7.24e-04	0.00e+00	0.00e+00	1.72e-08	9.01e-09	2.94e-09
 7.58492e+15	3.67e-08	1.08e-04	6.97e-02	5.51e-01	3.45e-01	3.40e-02	6.24e-04	0.00e+00	0.00e+00	2.14e-08	1.12e-08	3.66e-09
 7.71664e+15	4.75e-08	1.29e-04	7.81e-02	5.62e-01	3.29e-01	3.04e-02	5.25e-04	0.00e+00	0.00e+00	2.77e-08	1.45e-08	4.74e-09
 7.85529e+15	5.74e-08	1.50e-04	8.76e-02	5.72e-01	3.12e-01	2.72e-02	4.42e-04	0.00e+00	0.00e+00	3.34e-08	1.75e-08	5.73e-09
 8.00294e+15	8.41e-08	1.95e-04	1.01e-01	5.82e-01	2.93e-01	2.37e-02	3.54e-04	0.00e+00	0.00e+00	4.89e-08	2.57e-08	8.40e-09
 8.15179e+15	1.15e-07	2.44e-04	1.15e-01	5.90e-01	2.74e-01	2.06e-02	2.85e-04	0.00e+00	0.00e+00	6.68e-08	3.51e-08	1.15e-08
 8.27118e+15	1.47e-07	2.92e-04	1.29e-01	5.95e-01	2.58e-01	1.83e-02	2.38e-04	0.00e+00	0.00e+00	8.55e-08	4.49e-08	1.47e-08
 8.37821e+15	1.88e-07	3.48e-04	1.43e-01	5.97e-01	2.43e-01	1.63e-02	2.01e-04	0.00e+00	0.00e+00	1.09e-07	5.75e-08	1.88e-08
 8.47973e+15	2.36e-07	4.10e-04	1.58e-01	5.98e-01	2.29e-01	1.45e-02	1.70e-04	0.00e+00	0.00e+00	1.37e-07	7.21e-08	2.36e-08
 8.57336e+15	2.88e-07	4.76e-04	1.74e-01	5.97e-01	2.15e-01	1.30e-02	1.45e-04	0.00e+00	0.00e+00	1.68e-07	8.81e-08	2.89e-08
 8.67716e+15	3.52e-07	5.55e-04	1.93e-01	5.95e-01	2.00e-01	1.14e-02	1.20e-04	0.00e+00	0.00e+00	2.05e-07	1.08e-07	3.53e-08
 8.79451e+15	4.68e-07	6.82e-04	2.19e-01	5.88e-01	1.82e-01	9.74e-03	9.56e-05	0.00e+00	0.00e+00	2.72e-07	1.43e-07	4.69e-08
 8.89585e+15	6.19e-07	8.33e-04	2.45e-01	5.79e-01	1.67e-01	8.37e-03	7.72e-05	0.00e+00	0.00e+00	3.60e-07	1.89e-07	6.21e-08
 8.96306e+15	8.16e-07	1.00e-03	2.65e-01	5.70e-01	1.56e-01	7.45e-03	6.50e-05	0.00e+00	0.00e+00	4.75e-07	2.50e-07	8.20e-08
 9.00321e+15	9.08e-07	1.08e-03	2.78e-01	5.65e-01	1.50e-01	6.97e-03	5.93e-05	0.00e+00	0.00e+00	5.29e-07	2.78e-07	9.13e-08
 9.03908e+15	1.01e-06	1.17e-03	2.90e-01	5.59e-01	1.44e-01	6.52e-03	5.41e-05	0.00e+00	0.00e+00	5.90e-07	3.11e-07	1.02e-07
 9.08572e+15	1.12e-06	1.26e-03	3.05e-01	5.51e-01	1.36e-01	6.00e-03	4.85e-05	0.00e+00	0.00e+00	6.49e-07	3.42e-07	1.12e-07
 9.14635e+15	1.39e-06	1.47e-03	3.29e-01	5.38e-01	1.26e-01	5.29e-03	4.07e-05	0.00e+00	0.00e+00	8.10e-07	4.27e-07	1.40e-07
 9.20668e+15	1.68e-06	1.67e-03	3.53e-01	5.24e-01	1.16e-01	4.67e-03	3.44e-05	0.00e+00	0.00e+00	9.75e-07	5.14e-07	1.69e-07
 9.25567e+15	1.90e-06	1.83e-03	3.74e-01	5.12e-01	1.08e-01	4.20e-03	2.99e-05	0.00e+00	0.00e+00	1.10e-06	5.81e-07	1.91e-07
 9.30845e+15	2.39e-06	2.14e-03	4.00e-01	4.95e-01	9.90e-02	3.66e-03	2.47e-05	0.00e+00	0.00e+00	1.39e-06	7.33e-07	2.41e-07
 9.36010e+15	2.67e-06	2.33e-03	4.24e-01	4.80e-01	9.11e-02	3.24e-03	2.12e-05	0.00e+00	0.00e+00	1.56e-06	8.20e-07	2.70e-07
 9.41030e+15	3.19e-06	2.63e-03	4.51e-01	4.61e-01	8.27e-02	2.81e-03	1.75e-05	0.00e+00	0.00e+00	1.86e-06	9.78e-07	3.22e-07
 9.46480e+15	3.85e-06	3.00e-03	4.80e-01	4.40e-01	7.41e-02	2.40e-03	1.42e-05	0.00e+00	0.00e+00	2.24e-06	1.18e-06	3.89e-07
 9.51311e+15	4.61e-06	3.39e-03	5.08e-01	4.19e-01	6.67e-02	2.05e-03	1.16e-05	0.00e+00	0.00e+00	2.68e-06	1.41e-06	4.66e-07
 9.55560e+15	5.41e-06	3.78e-03	5.34e-01	4.00e-01	6.03e-02	1.78e-03	9.63e-06	0.00e+00	0.00e+00	3.14e-06	1.66e-06	5.47e-07
 9.60233e+15	6.42e-06	4.25e-03	5.63e-01	3.77e-01	5.33e-02	1.49e-03	7.70e-06	0.00e+00	0.00e+00	3.74e-06	1.97e-06	6.50e-07
 9.65363e+15	7.76e-06	4.82e-03	5.96e-01	3.52e-01	4.63e-02	1.22e-03	5.96e-06	0.00e+00	0.00e+00	4.51e-06	2.38e-06	7.86e-07
 9.69986e+15	9.28e-06	5.42e-03	6.25e-01	3.28e-01	4.03e-02	1.01e-03	4.66e-06	0.00e+00	0.00e+00	5.39e-06	2.85e-06	9.40e-07
 9.74102e+15	1.13e-05	6.14e-03	6.52e-01	3.05e-01	3.52e-02	8.32e-04	3.64e-06	0.00e+00	0.00e+00	6.55e-06	3.46e-06	1.14e-06
 9.77871e+15	1.26e-05	6.61e-03	6.75e-01	2.86e-01	3.11e-02	7.02e-04	2.94e-06	0.00e+00	0.00e+00	7.32e-06	3.87e-06	1.28e-06
 9.81980e+15	1.53e-05	7.48e-03	7.03e-01	2.63e-01	2.66e-02	5.62e-04	2.21e-06	0.00e+00	0.00e+00	8.92e-06	4.72e-06	1.56e-06
 9.86384e+15	1.80e-05	8.28e-03	7.29e-01	2.40e-01	2.25e-02	4.47e-04	1.66e-06	0.00e+00	0.00e+00	1.04e-05	5.52e-06	1.83e-06
 9.91171e+15	2.17e-05	9.29e-03	7.57e-01	2.15e-01	1.84e-02	3.40e-04	1.18e-06	0.00e+00	0.00e+00	1.26e-05	6.66e-06	2.21e-06
 9.96329e+15	2.62e-05	1.04e-02	7.85e-01	1.90e-01	1.47e-02	2.51e-04	8.05e-07	0.00e+00	0.00e+00	1.52e-05	8.04e-06	2.67e-06
 1.00100e+16	3.09e-05	1.15e-02	8.08e-01	1.69e-01	1.19e-02	1.87e-04	0.00e+00	0.00e+00	0.00e+00	1.80e-05	9.51e-06	3.16e-06
 1.00611e+16	3.72e-05	1.29e-02	8.31e-01	1.46e-01	9.27e-03	1.33e-04	0.00e+00	0.00e+00	0.00e+00	2.17e-05	1.15e-05	3.81e-06
 1.01176e+16	4.53e-05	1.45e-02	8.54e-01	1.25e-01	6.99e-03	9.05e-05	0.00e+00	0.00e+00	0.00e+00	2.63e-05	1.39e-05	4.64e-06
 1.01712e+16	5.42e-05	1.60e-02	8.72e-01	1.07e-01	5.31e-03	6.22e-05	0.00e+00	0.00e+00	0.00e+00	3.15e-05	1.67e-05	5.56e-06
 1.02141e+16	6.22e-05	1.73e-02	8.84e-01	9.41e-02	4.26e-03	4.60e-05	0.00e+00	0.00e+00	0.00e+00	3.62e-05	1.91e-05	6.39e-06
 1.02462e+16	6.89e-05	1.83e-02	8.93e-01	8.54e-02	3.60e-03	3.64e-05	0.00e+00	0.00e+00	0.00e+00	4.01e-05	2.12e-05	7.08e-06
 1.02810e+16	7.70e-05	1.94e-02	9.01e-01	7.65e-02	2.96e-03	2.79e-05	0.00e+00	0.00e+00	0.00e+00	4.48e-05	2.37e-05	7.92e-06
 1.03263e+16	8.89e-05	2.10e-02	9.10e-01	6.62e-02	2.30e-03	1.97e-05	0.00e+00	0.00e+00	0.00e+00	5.17e-05	2.74e-05	9.15e-06
 1.03747e+16	1.03e-04	2.27e-02	9.18e-01	5.70e-02	1.77e-03	1.36e-05	0.00e+00	0.00e+00	0.00e+00	5.98e-05	3.17e-05	1.06e-05
 1.04181e+16	1.17e-04	2.43e-02	9.24e-01	4.98e-02	1.40e-03	9.85e-06	0.00e+00	0.00e+00	0.00e+00	6.78e-05	3.59e-05	1.20e-05
 1.04652e+16	1.34e-04	2.61e-02	9.30e-01	4.29e-02	1.07e-03	6.80e-06	0.00e+00	0.00e+00	0.00e+00	7.79e-05	4.13e-05	1.38e-05
 1.05169e+16	1.55e-04	2.82e-02	9.34e-01	3.65e-02	8.10e-04	4.58e-06	0.00e+00	0.00e+00	0.00e+00	9.03e-05	4.78e-05	1.60e-05
 1.05641e+16	1.77e-04	3.02e-02	9.37e-01	3.16e-02	6.29e-04	3.21e-06	0.00e+00	0.00e+00	0.00e+00	1.03e-04	5.46e-05	1.83e-05
 1.06079e+16	2.00e-04	3.22e-02	9.39e-01	2.76e-02	4.98e-04	2.30e-06	0.00e+00	0.00e+00	0.00e+00	1.16e-04	6.17e-05	2.07e-05
 1.06580e+16	2.30e-04	3.46e-02	9.41e-01	2.36e-02	3.78e-04	1.55e-06	0.00e+00	0.00e+00	0.00e+00	1.34e-04	7.09e-05	2.38e-05
 1.07126e+16	2.67e-04	3.73e-02	9.42e-01	2.01e-02	2.85e-04	1.03e-06	0.00e+00	0.00e+00	0.00e+00	1.55e-04	8.23e-05	2.76e-05
 1.07615e+16	3.06e-04	4.00e-02	9.42e-01	1.74e-02	2.21e-04	7.18e-07	0.00e+00	0.00e+00	0.00e+00	1.78e-04	9.44e-05	3.17e-05
 1.08056e+16	3.46e-04	4.26e-02	9.42e-01	1.53e-02	1.77e-04	0.00e+00	0.00e+00	0.00e+00	0.00e+00	2.01e-04	1.06e-04	3.58e-05
 1.08554e+16	3.96e-04	4.57e-02	9.41e-01	1.31e-02	1.36e-04	0.00e+00	0.00e+00	0.00e+00	0.00e+00	2.30e-04	1.22e-04	4.10e-05
