#depth	C	C+	C+2	C+3	C+4	C+5	C+6	C[1]	C[2]	C[3]	C+[1]	C+[2]	CO
 1.49634e+10	0.00e+00	2.33e-30	4.22e-21	2.32e-12	4.32e-03	8.44e-01	1.52e-01	0.00e+00	0.00e+00	0.00e+00	0.00e+00	0.00e+00	0.00e+00
 4.54887e+10	1.64e-40	3.31e-30	5.52e-21	2.79e-12	4.78e-03	8.54e-01	1.41e-01	0.00e+00	0.00e+00	0.00e+00	0.00e+00	0.00e+00	6.94e-131
 7.72350e+10	0.00e+00	4.73e-30	7.27e-21	3.37e-12	5.31e-03	8.64e-01	1.31e-01	0.00e+00	0.00e+00	0.00e+00	0.00e+00	0.00e+00	0.00e+00
 1.10251e+11	3.98e-40	6.77e-30	9.57e-21	4.08e-12	5.90e-03	8.72e-01	1.22e-01	0.00e+00	0.00e+00	0.00e+00	0.00e+00	0.00e+00	7.27e-130
 1.42495e+11	0.00e+00	9.48e-30	1.24e-20	4.87e-12	6.51e-03	8.80e-01	1.14e-01	0.00e+00	0.00e+00	0.00e+00	0.00e+00	0.00e+00	0.00e+00
 1.73157e+11	8.84e-40	1.29e-29	1.57e-20	5.74e-12	7.12e-03	8.87e-01	1.06e-01	0.00e+00	0.00e+00	0.00e+00	0.00e+00	0.00e+00	6.07e-129
 2.07139e+11	0.00e+00	1.81e-29	2.03e-20	6.85e-12	7.85e-03	8.93e-01	9.90e-02	0.00e+00	0.00e+00	0.00e+00	0.00e+00	0.00e+00	0.00e+00
 2.45351e+11	2.09e-39	2.59e-29	2.68e-20	8.27e-12	8.71e-03	9.00e-01	9.15e-02	0.00e+00	0.00e+00	0.00e+00	0.00e+00	0.00e+00	5.94e-128
 2.83995e+11	0.00e+00	3.69e-29	3.51e-20	9.96e-12	9.64e-03	9.06e-01	8.47e-02	0.00e+00	0.00e+00	0.00e+00	0.00e+00	0.00e+00	0.00e+00
 3.24186e+11	5.01e-39	5.25e-29	4.60e-20	1.20e-11	1.07e-02	9.11e-01	7.84e-02	0.00e+00	0.00e+00	0.00e+00	0.00e+00	0.00e+00	6.00e-127
 3.63555e+11	0.00e+00	7.33e-29	5.94e-20	1.43e-11	1.17e-02	9.16e-01	7.27e-02	0.00e+00	0.00e+00	0.00e+00	0.00e+00	0.00e+00	0.00e+00
 3.99124e+11	1.09e-38	9.80e-29	7.42e-20	1.66e-11	1.27e-02	9.19e-01	6.81e-02	0.00e+00	0.00e+00	0.00e+00	0.00e+00	0.00e+00	4.68e-126
 4.38744e+11	0.00e+00	1.35e-28	9.47e-20	1.96e-11	1.39e-02	9.23e-01	6.34e-02	0.00e+00	0.00e+00	0.00e+00	0.00e+00	0.00e+00	0.00e+00
 4.85324e+11	2.52e-38	1.93e-28	1.25e-19	2.37e-11	1.54e-02	9.26e-01	5.84e-02	0.00e+00	0.00e+00	0.00e+00	0.00e+00	0.00e+00	4.31e-125
 5.31411e+11	0.00e+00	2.72e-28	1.62e-19	2.83e-11	1.69e-02	9.29e-01	5.39e-02	0.00e+00	0.00e+00	0.00e+00	0.00e+00	0.00e+00	0.00e+00
 5.74504e+11	5.67e-38	3.71e-28	2.06e-19	3.32e-11	1.85e-02	9.31e-01	5.01e-02	0.00e+00	0.00e+00	0.00e+00	0.00e+00	0.00e+00	3.67e-124
 6.22574e+11	0.00e+00	5.19e-28	2.66e-19	3.96e-11	2.03e-02	9.33e-01	4.63e-02	0.00e+00	0.00e+00	0.00e+00	0.00e+00	0.00e+00	0.00e+00
 6.77404e+11	1.36e-37	7.52e-28	3.53e-19	4.80e-11	2.24e-02	9.35e-01	4.24e-02	0.00e+00	0.00e+00	0.00e+00	0.00e+00	0.00e+00	3.70e-123
 7.31461e+11	0.00e+00	1.07e-27	4.62e-19	5.76e-11	2.47e-02	9.36e-01	3.90e-02	0.00e+00	0.00e+00	0.00e+00	0.00e+00	0.00e+00	0.00e+00
 7.87681e+11	3.26e-37	1.52e-27	6.05e-19	6.91e-11	2.72e-02	9.37e-01	3.58e-02	0.00e+00	0.00e+00	0.00e+00	0.00e+00	0.00e+00	3.71e-122
 8.49115e+11	0.00e+00	2.21e-27	8.05e-19	8.38e-11	3.01e-02	9.37e-01	3.27e-02	0.00e+00	0.00e+00	0.00e+00	0.00e+00	0.00e+00	0.00e+00
 9.10954e+11	8.12e-37	3.17e-27	1.06e-18	1.01e-10	3.32e-02	9.37e-01	2.99e-02	0.00e+00	0.00e+00	0.00e+00	0.00e+00	0.00e+00	4.07e-121
 9.75267e+11	0.00e+00	4.55e-27	1.40e-18	1.22e-10	3.66e-02	9.36e-01	2.73e-02	0.00e+00	0.00e+00	0.00e+00	0.00e+00	0.00e+00	0.00e+00
 1.04420e+12	2.03e-36	6.61e-27	1.87e-18	1.48e-10	4.04e-02	9.35e-01	2.48e-02	0.00e+00	0.00e+00	0.00e+00	0.00e+00	0.00e+00	4.51e-120
 1.11277e+12	0.00e+00	9.47e-27	2.46e-18	1.78e-10	4.45e-02	9.33e-01	2.27e-02	0.00e+00	0.00e+00	0.00e+00	0.00e+00	0.00e+00	0.00e+00
 1.18407e+12	4.95e-36	1.36e-26	3.24e-18	2.14e-10	4.89e-02	9.30e-01	2.06e-02	0.00e+00	0.00e+00	0.00e+00	0.00e+00	0.00e+00	4.70e-119
 1.26136e+12	0.00e+00	1.98e-26	4.33e-18	2.60e-10	5.40e-02	9.27e-01	1.87e-02	0.00e+00	0.00e+00	0.00e+00	0.00e+00	0.00e+00	0.00e+00
 1.34175e+12	1.26e-35	2.88e-26	5.78e-18	3.16e-10	5.96e-02	9.24e-01	1.69e-02	0.00e+00	0.00e+00	0.00e+00	0.00e+00	0.00e+00	5.43e-118
 1.42534e+12	0.00e+00	4.19e-26	7.72e-18	3.84e-10	6.57e-02	9.19e-01	1.53e-02	0.00e+00	0.00e+00	0.00e+00	0.00e+00	0.00e+00	0.00e+00
 1.51228e+12	3.20e-35	6.11e-26	1.03e-17	4.67e-10	7.24e-02	9.14e-01	1.38e-02	0.00e+00	0.00e+00	0.00e+00	0.00e+00	0.00e+00	6.26e-117
 1.59080e+12	0.00e+00	8.47e-26	1.33e-17	5.53e-10	7.87e-02	9.09e-01	1.26e-02	0.00e+00	0.00e+00	0.00e+00	0.00e+00	0.00e+00	6.11e-100
 1.65602e+12	6.66e-35	1.10e-25	1.63e-17	6.33e-10	8.42e-02	9.04e-01	1.17e-02	0.00e+00	0.00e+00	0.00e+00	0.00e+00	0.00e+00	0.00e+00
 1.72738e+12	9.41e-35	1.46e-25	2.02e-17	7.32e-10	9.04e-02	8.99e-01	1.09e-02	0.00e+00	0.00e+00	0.00e+00	0.00e+00	0.00e+00	1.05e-115
 1.81804e+12	1.44e-34	2.05e-25	2.63e-17	8.74e-10	9.86e-02	8.92e-01	9.85e-03	0.00e+00	0.00e+00	0.00e+00	0.00e+00	0.00e+00	1.69e-97
 1.91274e+12	2.21e-34	2.90e-25	3.43e-17	1.04e-09	1.08e-01	8.84e-01	8.91e-03	0.00e+00	0.00e+00	0.00e+00	0.00e+00	0.00e+00	0.00e+00
 1.99641e+12	3.17e-34	3.88e-25	4.31e-17	1.22e-09	1.16e-01	8.76e-01	8.17e-03	0.00e+00	0.00e+00	0.00e+00	0.00e+00	0.00e+00	2.53e-114
 2.07391e+12	4.38e-34	5.04e-25	5.28e-17	1.39e-09	1.24e-01	8.69e-01	7.56e-03	0.00e+00	0.00e+00	0.00e+00	0.00e+00	0.00e+00	1.93e-96
 2.16182e+12	6.25e-34	6.72e-25	6.60e-17	1.62e-09	1.33e-01	8.60e-01	6.93e-03	0.00e+00	0.00e+00	0.00e+00	0.00e+00	0.00e+00	0.00e+00
 2.27070e+12	9.55e-34	9.47e-25	8.62e-17	1.93e-09	1.44e-01	8.49e-01	6.23e-03	0.00e+00	0.00e+00	0.00e+00	0.00e+00	0.00e+00	4.60e-113
 2.37938e+12	1.43e-33	1.31e-24	1.11e-16	2.29e-09	1.56e-01	8.38e-01	5.62e-03	0.00e+00	0.00e+00	0.00e+00	0.00e+00	0.00e+00	2.55e-95
 2.47267e+12	2.00e-33	1.72e-24	1.37e-16	2.64e-09	1.67e-01	8.28e-01	5.16e-03	0.00e+00	0.00e+00	0.00e+00	0.00e+00	0.00e+00	3.22e-112
 2.57339e+12	2.82e-33	2.28e-24	1.71e-16	3.05e-09	1.78e-01	8.17e-01	4.71e-03	0.00e+00	0.00e+00	0.00e+00	0.00e+00	0.00e+00	1.12e-94
 2.69788e+12	4.26e-33	3.18e-24	2.21e-16	3.62e-09	1.93e-01	8.03e-01	4.21e-03	0.00e+00	0.00e+00	0.00e+00	0.00e+00	0.00e+00	2.40e-111
 2.82579e+12	6.37e-33	4.40e-24	2.86e-16	4.29e-09	2.08e-01	7.88e-01	3.77e-03	0.00e+00	0.00e+00	0.00e+00	0.00e+00	0.00e+00	6.62e-94
 2.94163e+12	9.02e-33	5.83e-24	3.56e-16	4.97e-09	2.22e-01	7.74e-01	3.42e-03	0.00e+00	0.00e+00	0.00e+00	0.00e+00	0.00e+00	1.77e-110
 3.06930e+12	1.30e-32	7.86e-24	4.49e-16	5.80e-09	2.38e-01	7.59e-01	3.08e-03	0.00e+00	0.00e+00	0.00e+00	0.00e+00	0.00e+00	3.17e-93
 3.21926e+12	1.96e-32	1.10e-23	5.83e-16	6.89e-09	2.57e-01	7.41e-01	2.73e-03	0.00e+00	0.00e+00	0.00e+00	0.00e+00	0.00e+00	1.44e-109
 3.36900e+12	2.90e-32	1.51e-23	7.47e-16	8.11e-09	2.75e-01	7.22e-01	2.43e-03	0.00e+00	0.00e+00	0.00e+00	0.00e+00	0.00e+00	1.84e-92
 3.51165e+12	4.14e-32	2.01e-23	9.36e-16	9.40e-09	2.93e-01	7.05e-01	2.18e-03	0.00e+00	0.00e+00	0.00e+00	0.00e+00	0.00e+00	1.09e-108
 3.66896e+12	6.00e-32	2.71e-23	1.18e-15	1.10e-08	3.12e-01	6.86e-01	1.94e-03	0.00e+00	0.00e+00	0.00e+00	0.00e+00	0.00e+00	9.20e-92
 3.84565e+12	8.94e-32	3.75e-23	1.52e-15	1.29e-08	3.34e-01	6.64e-01	1.70e-03	0.00e+00	0.00e+00	0.00e+00	0.00e+00	0.00e+00	9.00e-108
 4.00472e+12	1.26e-31	4.94e-23	1.89e-15	1.49e-08	3.53e-01	6.45e-01	1.52e-03	0.00e+00	0.00e+00	0.00e+00	0.00e+00	0.00e+00	4.76e-91
 4.13615e+12	1.65e-31	6.15e-23	2.24e-15	1.67e-08	3.69e-01	6.30e-01	1.39e-03	0.00e+00	0.00e+00	0.00e+00	0.00e+00	0.00e+00	4.90e-107
 4.27973e+12	2.19e-31	7.74e-23	2.68e-15	1.87e-08	3.86e-01	6.13e-01	1.26e-03	0.00e+00	0.00e+00	0.00e+00	0.00e+00	0.00e+00	1.65e-90
 4.46307e+12	3.10e-31	1.03e-22	3.34e-15	2.15e-08	4.07e-01	5.92e-01	1.11e-03	0.00e+00	0.00e+00	0.00e+00	0.00e+00	0.00e+00	2.88e-106
 4.64815e+12	4.33e-31	1.34e-22	4.12e-15	2.47e-08	4.28e-01	5.71e-01	9.88e-04	0.00e+00	0.00e+00	0.00e+00	0.00e+00	0.00e+00	7.72e-90
 4.80147e+12	5.65e-31	1.67e-22	4.87e-15	2.75e-08	4.45e-01	5.54e-01	8.97e-04	0.00e+00	0.00e+00	0.00e+00	0.00e+00	0.00e+00	1.57e-105
 4.96342e+12	7.40e-31	2.07e-22	5.77e-15	3.06e-08	4.62e-01	5.37e-01	8.11e-04	0.00e+00	0.00e+00	0.00e+00	0.00e+00	0.00e+00	2.63e-89
 5.17101e+12	1.03e-30	2.71e-22	7.10e-15	3.49e-08	4.84e-01	5.15e-01	7.14e-04	0.00e+00	0.00e+00	0.00e+00	0.00e+00	0.00e+00	8.82e-105
 5.38858e+12	1.44e-30	3.54e-22	8.74e-15	3.98e-08	5.06e-01	4.93e-01	6.27e-04	0.00e+00	0.00e+00	0.00e+00	0.00e+00	0.00e+00	1.21e-88
 5.57939e+12	1.90e-30	4.43e-22	1.04e-14	4.44e-08	5.24e-01	4.75e-01	5.62e-04	0.00e+00	0.00e+00	0.00e+00	0.00e+00	0.00e+00	5.16e-104
 5.78480e+12	2.53e-30	5.59e-22	1.24e-14	4.97e-08	5.43e-01	4.56e-01	5.00e-04	0.00e+00	0.00e+00	0.00e+00	0.00e+00	0.00e+00	4.50e-88
 6.01251e+12	3.44e-30	7.14e-22	1.50e-14	5.60e-08	5.64e-01	4.36e-01	4.40e-04	0.00e+00	0.00e+00	0.00e+00	0.00e+00	0.00e+00	2.93e-103
 6.22367e+12	4.51e-30	8.89e-22	1.77e-14	6.21e-08	5.82e-01	4.18e-01	3.93e-04	0.00e+00	0.00e+00	0.00e+00	0.00e+00	0.00e+00	1.74e-87
 6.45264e+12	5.98e-30	1.11e-21	2.11e-14	6.92e-08	6.00e-01	3.99e-01	3.48e-04	0.00e+00	0.00e+00	0.00e+00	0.00e+00	0.00e+00	1.51e-102
 6.70714e+12	8.08e-30	1.42e-21	2.54e-14	7.76e-08	6.20e-01	3.80e-01	3.05e-04	0.00e+00	0.00e+00	0.00e+00	0.00e+00	0.00e+00	6.93e-87
 6.94434e+12	1.06e-29	1.76e-21	3.00e-14	8.58e-08	6.37e-01	3.63e-01	2.71e-04	0.00e+00	0.00e+00	0.00e+00	0.00e+00	0.00e+00	8.34e-102
 7.20219e+12	1.40e-29	2.20e-21	3.56e-14	9.53e-08	6.55e-01	3.45e-01	2.39e-04	0.00e+00	0.00e+00	0.00e+00	0.00e+00	0.00e+00	2.59e-86
 7.48902e+12	1.89e-29	2.80e-21	4.27e-14	1.06e-07	6.73e-01	3.26e-01	2.08e-04	0.00e+00	0.00e+00	0.00e+00	0.00e+00	0.00e+00	4.82e-101
 7.75711e+12	2.47e-29	3.47e-21	5.02e-14	1.18e-07	6.90e-01	3.10e-01	1.84e-04	0.00e+00	0.00e+00	0.00e+00	0.00e+00	0.00e+00	1.02e-85
 8.04924e+12	3.27e-29	4.34e-21	5.95e-14	1.30e-07	7.06e-01	2.94e-01	1.61e-04	0.00e+00	0.00e+00	0.00e+00	0.00e+00	0.00e+00	2.59e-100
 8.37531e+12	4.41e-29	5.51e-21	7.13e-14	1.45e-07	7.23e-01	2.77e-01	1.39e-04	0.00e+00	0.00e+00	0.00e+00	0.00e+00	0.00e+00	4.21e-85
 8.68191e+12	5.78e-29	6.84e-21	8.39e-14	1.60e-07	7.38e-01	2.62e-01	1.22e-04	0.00e+00	0.00e+00	0.00e+00	0.00e+00	0.00e+00	1.51e-99
 9.01691e+12	7.68e-29	8.57e-21	9.93e-14	1.77e-07	7.53e-01	2.46e-01	1.06e-04	0.00e+00	0.00e+00	0.00e+00	0.00e+00	0.00e+00	1.66e-84
 9.39196e+12	1.04e-28	1.09e-20	1.19e-13	1.97e-07	7.69e-01	2.31e-01	9.13e-05	0.00e+00	0.00e+00	0.00e+00	0.00e+00	0.00e+00	9.48e-99
 9.74701e+12	1.37e-28	1.36e-20	1.40e-13	2.16e-07	7.83e-01	2.17e-01	7.95e-05	0.00e+00	0.00e+00	0.00e+00	0.00e+00	0.00e+00	7.09e-84
 1.01296e+13	1.83e-28	1.70e-20	1.66e-13	2.39e-07	7.96e-01	2.04e-01	6.88e-05	0.00e+00	0.00e+00	0.00e+00	0.00e+00	0.00e+00	5.59e-98
 1.05648e+13	2.49e-28	2.18e-20	1.99e-13	2.65e-07	8.10e-01	1.90e-01	5.87e-05	0.00e+00	0.00e+00	0.00e+00	0.00e+00	0.00e+00	3.21e-83
 1.09922e+13	3.34e-28	2.75e-20	2.37e-13	2.93e-07	8.23e-01	1.77e-01	5.05e-05	0.00e+00	0.00e+00	0.00e+00	0.00e+00	0.00e+00	3.82e-97
 1.14367e+13	4.48e-28	3.46e-20	2.80e-13	3.23e-07	8.35e-01	1.65e-01	4.34e-05	0.00e+00	0.00e+00	0.00e+00	0.00e+00	0.00e+00	1.43e-82
 1.19241e+13	6.09e-28	4.40e-20	3.35e-13	3.57e-07	8.46e-01	1.54e-01	3.70e-05	0.00e+00	0.00e+00	0.00e+00	0.00e+00	0.00e+00	2.62e-96
 1.24310e+13	8.30e-28	5.61e-20	3.99e-13	3.94e-07	8.57e-01	1.43e-01	3.15e-05	0.00e+00	0.00e+00	0.00e+00	0.00e+00	0.00e+00	7.09e-82
 1.29581e+13	1.12e-27	7.12e-20	4.76e-13	4.36e-07	8.67e-01	1.33e-01	2.68e-05	0.00e+00	0.00e+00	0.00e+00	0.00e+00	0.00e+00	1.89e-95
 1.34552e+13	1.49e-27	8.85e-20	5.57e-13	4.76e-07	8.76e-01	1.24e-01	2.32e-05	0.00e+00	0.00e+00	0.00e+00	0.00e+00	0.00e+00	3.22e-81
 1.39036e+13	1.89e-27	1.07e-19	6.38e-13	5.13e-07	8.83e-01	1.17e-01	2.04e-05	0.00e+00	0.00e+00	0.00e+00	0.00e+00	0.00e+00	1.02e-94
 1.43285e+13	2.37e-27	1.27e-19	7.23e-13	5.50e-07	8.90e-01	1.10e-01	1.82e-05	0.00e+00	0.00e+00	0.00e+00	0.00e+00	0.00e+00	1.09e-80
 1.47998e+13	3.01e-27	1.53e-19	8.26e-13	5.92e-07	8.96e-01	1.04e-01	1.60e-05	0.00e+00	0.00e+00	0.00e+00	0.00e+00	0.00e+00	4.58e-94
 1.53277e+13	3.91e-27	1.88e-19	9.54e-13	6.41e-07	9.02e-01	9.76e-02	1.40e-05	0.00e+00	0.00e+00	0.00e+00	0.00e+00	0.00e+00	4.12e-80
 1.58283e+13	4.95e-27	2.26e-19	1.09e-12	6.89e-07	9.08e-01	9.20e-02	1.23e-05	0.00e+00	0.00e+00	0.00e+00	0.00e+00	0.00e+00	2.32e-93
 1.63782e+13	6.39e-27	2.75e-19	1.25e-12	7.43e-07	9.14e-01	8.63e-02	1.08e-05	0.00e+00	0.00e+00	0.00e+00	0.00e+00	0.00e+00	1.53e-79
 1.69814e+13	8.38e-27	3.39e-19	1.45e-12	8.04e-07	9.19e-01	8.07e-02	9.39e-06	0.00e+00	0.00e+00	0.00e+00	0.00e+00	0.00e+00	1.28e-92
 1.75343e+13	1.06e-26	4.07e-19	1.65e-12	8.63e-07	9.24e-01	7.60e-02	8.28e-06	0.00e+00	0.00e+00	0.00e+00	0.00e+00	0.00e+00	5.96e-79
 1.81337e+13	1.37e-26	4.94e-19	1.89e-12	9.29e-07	9.29e-01	7.13e-02	7.26e-06	0.00e+00	0.00e+00	0.00e+00	0.00e+00	0.00e+00	6.36e-92
 1.88032e+13	1.80e-26	6.09e-19	2.19e-12	1.00e-06	9.33e-01	6.66e-02	6.31e-06	0.00e+00	0.00e+00	0.00e+00	0.00e+00	0.00e+00	2.44e-78
 1.94343e+13	2.30e-26	7.37e-19	2.51e-12	1.08e-06	9.37e-01	6.26e-02	5.54e-06	0.00e+00	0.00e+00	0.00e+00	0.00e+00	0.00e+00	3.48e-91
 2.01248e+13	3.00e-26	9.03e-19	2.88e-12	1.16e-06	9.41e-01	5.86e-02	4.84e-06	0.00e+00	0.00e+00	0.00e+00	0.00e+00	0.00e+00	9.73e-78
 2.08925e+13	3.99e-26	1.12e-18	3.35e-12	1.26e-06	9.45e-01	5.46e-02	4.19e-06	0.00e+00	0.00e+00	0.00e+00	0.00e+00	0.00e+00	2.08e-90
 2.16110e+13	5.15e-26	1.36e-18	3.83e-12	1.35e-06	9.49e-01	5.12e-02	3.67e-06	0.00e+00	0.00e+00	0.00e+00	0.00e+00	0.00e+00	4.20e-77
 2.23956e+13	6.76e-26	1.68e-18	4.42e-12	1.45e-06	9.52e-01	4.79e-02	3.20e-06	0.00e+00	0.00e+00	0.00e+00	0.00e+00	0.00e+00	1.17e-89
 2.32718e+13	9.07e-26	2.10e-18	5.15e-12	1.57e-06	9.55e-01	4.45e-02	2.76e-06	0.00e+00	0.00e+00	0.00e+00	0.00e+00	0.00e+00	1.96e-76
 2.40994e+13	1.19e-25	2.57e-18	5.92e-12	1.69e-06	9.58e-01	4.17e-02	2.41e-06	0.00e+00	0.00e+00	0.00e+00	0.00e+00	0.00e+00	4.05e-76
 2.49992e+13	1.57e-25	3.19e-18	6.85e-12	1.82e-06	9.61e-01	3.89e-02	2.09e-06	0.00e+00	0.00e+00	0.00e+00	0.00e+00	0.00e+00	8.76e-76
 2.60038e+13	2.13e-25	4.01e-18	8.01e-12	1.98e-06	9.64e-01	3.61e-02	1.79e-06	0.00e+00	0.00e+00	0.00e+00	0.00e+00	0.00e+00	2.01e-75
 2.69680e+13	2.82e-25	4.97e-18	9.25e-12	2.13e-06	9.66e-01	3.37e-02	1.56e-06	0.00e+00	0.00e+00	0.00e+00	0.00e+00	0.00e+00	4.34e-75
 2.79961e+13	3.77e-25	6.18e-18	1.07e-11	2.30e-06	9.69e-01	3.14e-02	1.35e-06	0.00e+00	0.00e+00	0.00e+00	0.00e+00	0.00e+00	9.60e-75
 2.91458e+13	5.16e-25	7.83e-18	1.26e-11	2.49e-06	9.71e-01	2.91e-02	1.16e-06	0.00e+00	0.00e+00	0.00e+00	0.00e+00	0.00e+00	2.26e-74
 3.02954e+13	6.97e-25	9.83e-18	1.47e-11	2.69e-06	9.73e-01	2.70e-02	9.95e-07	0.00e+00	0.00e+00	0.00e+00	0.00e+00	0.00e+00	5.17e-74
 3.14909e+13	9.43e-25	1.23e-17	1.71e-11	2.91e-06	9.75e-01	2.51e-02	0.00e+00	0.00e+00	0.00e+00	0.00e+00	0.00e+00	0.00e+00	1.18e-73
 3.27804e+13	1.29e-24	1.56e-17	2.00e-11	3.15e-06	9.77e-01	2.32e-02	0.00e+00	0.00e+00	0.00e+00	0.00e+00	0.00e+00	0.00e+00	2.80e-73
 3.41216e+13	1.77e-24	1.98e-17	2.34e-11	3.41e-06	9.78e-01	2.15e-02	0.00e+00	0.00e+00	0.00e+00	0.00e+00	0.00e+00	0.00e+00	6.64e-73
 3.55164e+13	2.42e-24	2.51e-17	2.75e-11	3.69e-06	9.80e-01	2.00e-02	0.00e+00	0.00e+00	0.00e+00	0.00e+00	0.00e+00	0.00e+00	1.57e-72
 3.68690e+13	3.24e-24	3.12e-17	3.18e-11	3.97e-06	9.81e-01	1.86e-02	0.00e+00	0.00e+00	0.00e+00	0.00e+00	0.00e+00	0.00e+00	3.52e-72
 3.81444e+13	4.23e-24	3.81e-17	3.64e-11	4.25e-06	9.83e-01	1.74e-02	0.00e+00	0.00e+00	0.00e+00	0.00e+00	0.00e+00	0.00e+00	7.32e-72
 3.93479e+13	5.39e-24	4.58e-17	4.11e-11	4.52e-06	9.84e-01	1.64e-02	0.00e+00	0.00e+00	0.00e+00	0.00e+00	1.48e-17	3.10e-17	1.43e-71
 4.06581e+13	6.97e-24	5.56e-17	4.68e-11	4.82e-06	9.85e-01	1.54e-02	0.00e+00	0.00e+00	0.00e+00	0.00e+00	1.84e-17	3.71e-17	2.90e-71
 4.21183e+13	9.19e-24	6.84e-17	5.38e-11	5.17e-06	9.86e-01	1.44e-02	0.00e+00	0.00e+00	0.00e+00	0.00e+00	2.27e-17	4.57e-17	6.22e-71
 4.34956e+13	1.18e-23	8.27e-17	6.10e-11	5.51e-06	9.86e-01	1.35e-02	0.00e+00	0.00e+00	0.00e+00	0.00e+00	2.74e-17	5.52e-17	1.25e-70
 4.50084e+13	1.55e-23	1.01e-16	6.98e-11	5.89e-06	9.87e-01	1.27e-02	0.00e+00	0.00e+00	0.00e+00	0.00e+00	3.36e-17	6.76e-17	2.61e-70
 4.67068e+13	2.06e-23	1.25e-16	8.08e-11	6.35e-06	9.88e-01	1.18e-02	0.00e+00	0.00e+00	0.00e+00	0.00e+00	4.16e-17	8.38e-17	5.71e-70
 4.83243e+13	2.69e-23	1.53e-16	9.25e-11	6.79e-06	9.89e-01	1.10e-02	0.00e+00	0.00e+00	0.00e+00	0.00e+00	5.09e-17	1.02e-16	1.19e-69
 5.00954e+13	3.57e-23	1.90e-16	1.07e-10	7.28e-06	9.90e-01	1.03e-02	0.00e+00	0.00e+00	0.00e+00	0.00e+00	6.30e-17	1.27e-16	2.61e-69
 5.21291e+13	4.87e-23	2.40e-16	1.25e-10	7.88e-06	9.90e-01	9.52e-03	0.00e+00	0.00e+00	0.00e+00	0.00e+00	7.96e-17	1.60e-16	6.13e-69
 5.41169e+13	6.48e-23	2.98e-16	1.45e-10	8.50e-06	9.91e-01	8.84e-03	0.00e+00	0.00e+00	0.00e+00	0.00e+00	9.88e-17	1.99e-16	1.34e-68
 5.61841e+13	8.71e-23	3.72e-16	1.68e-10	9.15e-06	9.92e-01	8.22e-03	0.00e+00	0.00e+00	0.00e+00	0.00e+00	1.23e-16	2.49e-16	3.05e-68
 5.82693e+13	1.15e-22	4.59e-16	1.94e-10	9.85e-06	9.92e-01	7.65e-03	0.00e+00	0.00e+00	0.00e+00	0.00e+00	1.52e-16	3.07e-16	6.50e-68
 6.01070e+13	1.47e-22	5.52e-16	2.19e-10	1.05e-05	9.93e-01	7.20e-03	0.00e+00	0.00e+00	0.00e+00	0.00e+00	1.83e-16	3.69e-16	1.27e-67
 6.21054e+13	1.88e-22	6.65e-16	2.50e-10	1.12e-05	9.93e-01	6.75e-03	0.00e+00	0.00e+00	0.00e+00	0.00e+00	2.21e-16	4.45e-16	2.52e-67
 6.45146e+13	2.52e-22	8.31e-16	2.91e-10	1.21e-05	9.94e-01	6.25e-03	0.00e+00	0.00e+00	0.00e+00	0.00e+00	2.76e-16	5.55e-16	5.62e-67
 6.69073e+13	3.33e-22	1.03e-15	3.36e-10	1.30e-05	9.94e-01	5.82e-03	0.00e+00	0.00e+00	0.00e+00	0.00e+00	3.41e-16	6.86e-16	1.21e-66
 6.90444e+13	4.26e-22	1.24e-15	3.80e-10	1.38e-05	9.95e-01	5.47e-03	0.00e+00	0.00e+00	0.00e+00	0.00e+00	4.11e-16	8.27e-16	2.40e-66
 7.13998e+13	5.48e-22	1.50e-15	4.35e-10	1.48e-05	9.95e-01	5.11e-03	0.00e+00	0.00e+00	0.00e+00	0.00e+00	4.97e-16	1.00e-15	4.75e-66
 7.42007e+13	7.39e-22	1.88e-15	5.07e-10	1.60e-05	9.95e-01	4.74e-03	0.00e+00	0.00e+00	0.00e+00	0.00e+00	6.24e-16	1.26e-15	1.09e-65
 7.69756e+13	9.71e-22	2.32e-15	5.87e-10	1.72e-05	9.96e-01	4.40e-03	0.00e+00	0.00e+00	0.00e+00	0.00e+00	7.68e-16	1.55e-15	2.30e-65
 7.95080e+13	1.24e-21	2.79e-15	6.68e-10	1.84e-05	9.96e-01	4.12e-03	0.00e+00	0.00e+00	0.00e+00	0.00e+00	9.26e-16	1.87e-15	4.51e-65
 8.23302e+13	1.63e-21	3.43e-15	7.68e-10	1.97e-05	9.96e-01	3.85e-03	0.00e+00	0.00e+00	0.00e+00	0.00e+00	1.14e-15	2.29e-15	9.58e-65
 8.56189e+13	2.17e-21	4.28e-15	8.98e-10	2.14e-05	9.96e-01	3.55e-03	0.00e+00	0.00e+00	0.00e+00	0.00e+00	1.42e-15	2.86e-15	2.11e-64
 8.88486e+13	2.88e-21	5.30e-15	1.04e-09	2.30e-05	9.97e-01	3.30e-03	0.00e+00	0.00e+00	0.00e+00	0.00e+00	1.76e-15	3.54e-15	4.56e-64
 9.18911e+13	3.70e-21	6.43e-15	1.19e-09	2.47e-05	9.97e-01	3.08e-03	0.00e+00	0.00e+00	0.00e+00	0.00e+00	2.13e-15	4.30e-15	9.16e-64
 9.52801e+13	4.90e-21	7.96e-15	1.38e-09	2.65e-05	9.97e-01	2.87e-03	0.00e+00	0.00e+00	0.00e+00	0.00e+00	2.64e-15	5.32e-15	2.00e-63
 9.91213e+13	6.54e-21	9.93e-15	1.61e-09	2.88e-05	9.97e-01	2.64e-03	0.00e+00	0.00e+00	0.00e+00	0.00e+00	3.29e-15	6.64e-15	4.38e-63
 1.02951e+14	8.70e-21	1.23e-14	1.88e-09	3.11e-05	9.98e-01	2.45e-03	0.00e+00	0.00e+00	0.00e+00	0.00e+00	4.09e-15	8.25e-15	9.63e-63
 1.06533e+14	1.13e-20	1.51e-14	2.15e-09	3.33e-05	9.98e-01	2.29e-03	0.00e+00	0.00e+00	0.00e+00	0.00e+00	5.00e-15	1.01e-14	1.99e-62
 1.10423e+14	1.47e-20	1.85e-14	2.48e-09	3.58e-05	9.98e-01	2.13e-03	0.00e+00	0.00e+00	0.00e+00	0.00e+00	6.13e-15	1.24e-14	4.15e-62
 1.14775e+14	1.94e-20	2.29e-14	2.90e-09	3.87e-05	9.98e-01	1.97e-03	0.00e+00	0.00e+00	0.00e+00	0.00e+00	7.58e-15	1.53e-14	8.91e-62
 1.18834e+14	2.54e-20	2.81e-14	3.33e-09	4.15e-05	9.98e-01	1.84e-03	0.00e+00	0.00e+00	0.00e+00	0.00e+00	9.31e-15	1.88e-14	1.88e-61
 1.22597e+14	3.18e-20	3.33e-14	3.77e-09	4.43e-05	9.98e-01	1.72e-03	0.00e+00	0.00e+00	0.00e+00	0.00e+00	1.10e-14	2.23e-14	3.46e-61
 1.26212e+14	3.96e-20	3.95e-14	4.23e-09	4.69e-05	9.98e-01	1.63e-03	0.00e+00	0.00e+00	0.00e+00	0.00e+00	1.31e-14	2.64e-14	6.39e-61
 1.30215e+14	4.93e-20	4.68e-14	4.79e-09	5.00e-05	9.98e-01	1.52e-03	0.00e+00	0.00e+00	0.00e+00	0.00e+00	1.55e-14	3.13e-14	1.17e-60
 1.34636e+14	6.34e-20	5.67e-14	5.48e-09	5.35e-05	9.99e-01	1.43e-03	0.00e+00	0.00e+00	0.00e+00	0.00e+00	1.88e-14	3.79e-14	2.34e-60
 1.38752e+14	7.94e-20	6.75e-14	6.17e-09	5.68e-05	9.99e-01	1.34e-03	0.00e+00	0.00e+00	0.00e+00	0.00e+00	2.23e-14	4.52e-14	4.40e-60
 1.43250e+14	1.00e-19	8.08e-14	7.01e-09	6.06e-05	9.99e-01	1.26e-03	0.00e+00	0.00e+00	0.00e+00	0.00e+00	2.67e-14	5.41e-14	8.43e-60
 1.48301e+14	1.28e-19	9.75e-14	8.06e-09	6.51e-05	9.99e-01	1.17e-03	0.00e+00	0.00e+00	0.00e+00	0.00e+00	3.23e-14	6.53e-14	1.65e-59
 1.53113e+14	1.63e-19	1.18e-13	9.15e-09	6.94e-05	9.99e-01	1.10e-03	0.00e+00	0.00e+00	0.00e+00	0.00e+00	3.89e-14	7.87e-14	3.26e-59
 1.58409e+14	2.08e-19	1.41e-13	1.05e-08	7.44e-05	9.99e-01	1.03e-03	0.00e+00	0.00e+00	0.00e+00	0.00e+00	4.68e-14	9.47e-14	6.32e-59
 1.64265e+14	2.72e-19	1.75e-13	1.21e-08	8.00e-05	9.99e-01	9.53e-04	0.00e+00	0.00e+00	0.00e+00	0.00e+00	5.77e-14	1.17e-13	1.35e-58
 1.69684e+14	3.39e-19	2.07e-13	1.38e-08	8.55e-05	9.99e-01	8.92e-04	0.00e+00	0.00e+00	0.00e+00	0.00e+00	6.85e-14	1.39e-13	2.48e-58
 1.75564e+14	4.37e-19	2.52e-13	1.58e-08	9.16e-05	9.99e-01	8.33e-04	0.00e+00	0.00e+00	0.00e+00	0.00e+00	8.31e-14	1.68e-13	5.02e-58
 1.82126e+14	5.65e-19	3.08e-13	1.83e-08	9.87e-05	9.99e-01	7.72e-04	0.00e+00	0.00e+00	0.00e+00	0.00e+00	1.02e-13	2.06e-13	1.03e-57
 1.88270e+14	7.25e-19	3.73e-13	2.09e-08	1.06e-04	9.99e-01	7.23e-04	0.00e+00	0.00e+00	0.00e+00	0.00e+00	1.23e-13	2.50e-13	2.08e-57
 1.94955e+14	9.22e-19	4.50e-13	2.40e-08	1.14e-04	9.99e-01	6.72e-04	0.00e+00	0.00e+00	0.00e+00	0.00e+00	1.48e-13	3.01e-13	4.03e-57
 2.02383e+14	1.21e-18	5.54e-13	2.79e-08	1.22e-04	9.99e-01	6.23e-04	0.00e+00	0.00e+00	0.00e+00	0.00e+00	1.83e-13	3.71e-13	8.57e-57
 2.09327e+14	1.52e-18	6.65e-13	3.20e-08	1.31e-04	9.99e-01	5.81e-04	0.00e+00	0.00e+00	0.00e+00	0.00e+00	2.19e-13	4.45e-13	1.64e-56
 2.16890e+14	1.98e-18	8.16e-13	3.68e-08	1.41e-04	9.99e-01	5.41e-04	0.00e+00	0.00e+00	0.00e+00	0.00e+00	2.69e-13	5.47e-13	3.44e-56
 2.25346e+14	2.55e-18	9.97e-13	4.30e-08	1.53e-04	9.99e-01	4.99e-04	0.00e+00	0.00e+00	0.00e+00	0.00e+00	3.29e-13	6.68e-13	7.02e-56
 2.33331e+14	3.28e-18	1.22e-12	4.94e-08	1.64e-04	9.99e-01	4.65e-04	0.00e+00	0.00e+00	0.00e+00	0.00e+00	4.00e-13	8.15e-13	1.43e-55
 2.41884e+14	4.16e-18	1.46e-12	5.71e-08	1.77e-04	9.99e-01	4.31e-04	0.00e+00	0.00e+00	0.00e+00	0.00e+00	4.83e-13	9.82e-13	2.78e-55
 2.51387e+14	5.49e-18	1.82e-12	6.66e-08	1.92e-04	9.99e-01	3.98e-04	0.00e+00	0.00e+00	0.00e+00	0.00e+00	5.98e-13	1.22e-12	6.05e-55
 2.60610e+14	6.97e-18	2.20e-12	7.70e-08	2.07e-04	9.99e-01	3.69e-04	0.00e+00	0.00e+00	0.00e+00	0.00e+00	7.23e-13	1.47e-12	1.19e-54
 2.70405e+14	9.04e-18	2.70e-12	8.93e-08	2.23e-04	9.99e-01	3.41e-04	0.00e+00	0.00e+00	0.00e+00	0.00e+00	8.90e-13	1.81e-12	2.50e-54
 2.81251e+14	1.17e-17	3.32e-12	1.05e-07	2.43e-04	9.99e-01	3.14e-04	0.00e+00	0.00e+00	0.00e+00	0.00e+00	1.09e-12	2.23e-12	5.18e-54
 2.91891e+14	1.51e-17	4.07e-12	1.22e-07	2.62e-04	9.99e-01	2.90e-04	0.00e+00	0.00e+00	0.00e+00	0.00e+00	1.34e-12	2.73e-12	1.08e-53
 3.00648e+14	1.83e-17	4.74e-12	1.37e-07	2.79e-04	9.99e-01	2.72e-04	0.00e+00	0.00e+00	0.00e+00	0.00e+00	1.56e-12	3.18e-12	1.84e-53
 3.07653e+14	2.14e-17	5.36e-12	1.50e-07	2.93e-04	9.99e-01	2.59e-04	0.00e+00	0.00e+00	0.00e+00	0.00e+00	1.76e-12	3.60e-12	2.87e-53
 3.15379e+14	2.53e-17	6.14e-12	1.66e-07	3.09e-04	9.99e-01	2.46e-04	0.00e+00	0.00e+00	0.00e+00	0.00e+00	2.02e-12	4.12e-12	4.66e-53
 3.25424e+14	3.10e-17	7.23e-12	1.89e-07	3.31e-04	9.99e-01	2.30e-04	0.00e+00	0.00e+00	0.00e+00	0.00e+00	2.37e-12	4.85e-12	8.35e-53
 3.36211e+14	3.84e-17	8.58e-12	2.15e-07	3.55e-04	9.99e-01	2.14e-04	0.00e+00	0.00e+00	0.00e+00	0.00e+00	2.82e-12	5.76e-12	1.54e-52
 3.45807e+14	4.62e-17	9.99e-12	2.41e-07	3.77e-04	9.99e-01	2.02e-04	0.00e+00	3.86e-18	1.16e-17	1.94e-17	3.28e-12	6.71e-12	2.66e-52
 3.56128e+14	5.59e-17	1.16e-11	2.71e-07	4.02e-04	9.99e-01	1.89e-04	0.00e+00	4.67e-18	1.40e-17	2.34e-17	3.81e-12	7.80e-12	4.57e-52
 3.69215e+14	7.09e-17	1.41e-11	3.14e-07	4.35e-04	9.99e-01	1.75e-04	0.00e+00	5.93e-18	1.78e-17	2.97e-17	4.62e-12	9.46e-12	9.12e-52
 3.82485e+14	8.88e-17	1.69e-11	3.62e-07	4.70e-04	9.99e-01	1.62e-04	0.00e+00	7.43e-18	2.23e-17	3.73e-17	5.55e-12	1.14e-11	1.76e-51
 3.93727e+14	1.07e-16	1.97e-11	4.07e-07	5.01e-04	9.99e-01	1.52e-04	0.00e+00	8.98e-18	2.70e-17	4.50e-17	6.47e-12	1.32e-11	3.06e-51
 4.05749e+14	1.29e-16	2.30e-11	4.60e-07	5.35e-04	9.99e-01	1.42e-04	0.00e+00	1.08e-17	3.25e-17	5.43e-17	7.55e-12	1.55e-11	5.35e-51
 4.20810e+14	1.64e-16	2.78e-11	5.33e-07	5.80e-04	9.99e-01	1.31e-04	0.00e+00	1.37e-17	4.12e-17	6.89e-17	9.13e-12	1.87e-11	1.07e-50
 4.36338e+14	2.06e-16	3.36e-11	6.18e-07	6.29e-04	9.99e-01	1.21e-04	0.00e+00	1.73e-17	5.20e-17	8.68e-17	1.10e-11	2.26e-11	2.13e-50
 4.50032e+14	2.51e-16	3.95e-11	7.00e-07	6.74e-04	9.99e-01	1.13e-04	0.00e+00	2.11e-17	6.33e-17	1.06e-16	1.30e-11	2.65e-11	3.84e-50
 4.64828e+14	3.04e-16	4.65e-11	7.97e-07	7.24e-04	9.99e-01	1.05e-04	0.00e+00	2.56e-17	7.68e-17	1.28e-16	1.53e-11	3.13e-11	6.99e-50
 4.82669e+14	3.89e-16	5.67e-11	9.29e-07	7.89e-04	9.99e-01	9.68e-05	0.00e+00	3.28e-17	9.84e-17	1.64e-16	1.86e-11	3.81e-11	1.45e-49
 5.00338e+14	4.88e-16	6.84e-11	1.07e-06	8.56e-04	9.99e-01	8.93e-05	0.00e+00	4.11e-17	1.23e-16	2.06e-16	2.24e-11	4.59e-11	2.91e-49
 5.16036e+14	5.94e-16	8.03e-11	1.22e-06	9.17e-04	9.99e-01	8.34e-05	0.00e+00	5.01e-17	1.50e-16	2.51e-16	2.63e-11	5.40e-11	5.31e-49
 5.33304e+14	7.28e-16	9.50e-11	1.39e-06	9.88e-04	9.99e-01	7.74e-05	0.00e+00	6.15e-17	1.85e-16	3.08e-16	3.12e-11	6.38e-11	9.98e-49
 5.53941e+14	9.21e-16	1.16e-10	1.62e-06	1.08e-03	9.99e-01	7.12e-05	0.00e+00	7.80e-17	2.34e-16	3.91e-16	3.80e-11	7.77e-11	2.09e-48
 5.74482e+14	1.16e-15	1.40e-10	1.88e-06	1.17e-03	9.99e-01	6.56e-05	0.00e+00	9.82e-17	2.95e-16	4.92e-16	4.59e-11	9.39e-11	4.29e-48
 5.93255e+14	1.40e-15	1.64e-10	2.13e-06	1.25e-03	9.99e-01	6.12e-05	0.00e+00	1.19e-16	3.57e-16	5.97e-16	5.39e-11	1.10e-10	7.92e-48
 6.14204e+14	1.78e-15	1.98e-10	2.45e-06	1.36e-03	9.99e-01	5.66e-05	0.00e+00	1.51e-16	4.53e-16	7.56e-16	6.51e-11	1.33e-10	1.63e-47
 6.38581e+14	2.26e-15	2.43e-10	2.87e-06	1.48e-03	9.98e-01	5.19e-05	0.00e+00	1.92e-16	5.77e-16	9.63e-16	7.96e-11	1.63e-10	3.55e-47
 6.62561e+14	2.85e-15	2.94e-10	3.32e-06	1.61e-03	9.98e-01	4.78e-05	0.00e+00	2.43e-16	7.30e-16	1.22e-15	9.66e-11	1.98e-10	7.55e-47
 6.85318e+14	3.53e-15	3.51e-10	3.80e-06	1.74e-03	9.98e-01	4.43e-05	0.00e+00	3.01e-16	9.04e-16	1.51e-15	1.15e-10	2.35e-10	1.51e-46
 7.10578e+14	4.45e-15	4.24e-10	4.40e-06	1.89e-03	9.98e-01	4.09e-05	0.00e+00	3.80e-16	1.14e-15	1.91e-15	1.39e-10	2.85e-10	3.23e-46
 7.34411e+14	5.38e-15	5.00e-10	5.01e-06	2.03e-03	9.98e-01	3.81e-05	0.00e+00	4.60e-16	1.38e-15	2.31e-15	1.64e-10	3.36e-10	6.13e-46
 7.52240e+14	6.31e-15	5.69e-10	5.52e-06	2.14e-03	9.98e-01	3.61e-05	0.00e+00	5.40e-16	1.62e-15	2.70e-15	1.87e-10	3.82e-10	1.03e-45
 7.70509e+14	7.49e-15	6.51e-10	6.07e-06	2.26e-03	9.98e-01	3.42e-05	0.00e+00	6.41e-16	1.92e-15	3.21e-15	2.14e-10	4.37e-10	1.77e-45
 7.94260e+14	9.09e-15	7.64e-10	6.86e-06	2.42e-03	9.98e-01	3.20e-05	0.00e+00	7.79e-16	2.34e-15	3.90e-15	2.51e-10	5.13e-10	3.36e-45
 8.19918e+14	1.09e-14	8.95e-10	7.78e-06	2.60e-03	9.97e-01	2.99e-05	0.00e+00	9.34e-16	2.80e-15	4.68e-15	2.94e-10	6.00e-10	6.27e-45
 8.43009e+14	1.31e-14	1.04e-09	8.69e-06	2.77e-03	9.97e-01	2.81e-05	0.00e+00	1.12e-15	3.37e-15	5.63e-15	3.42e-10	6.98e-10	1.14e-44
 8.67980e+14	1.58e-14	1.21e-09	9.76e-06	2.95e-03	9.97e-01	2.64e-05	0.00e+00	1.36e-15	4.07e-15	6.79e-15	4.00e-10	8.15e-10	2.13e-44
 8.99751e+14	2.04e-14	1.49e-09	1.13e-05	3.20e-03	9.97e-01	2.44e-05	0.00e+00	1.76e-15	5.28e-15	8.82e-15	4.91e-10	1.00e-09	4.88e-44
 9.31778e+14	2.49e-14	1.77e-09	1.29e-05	3.46e-03	9.97e-01	2.26e-05	0.00e+00	2.14e-15	6.44e-15	1.07e-14	5.84e-10	1.19e-09	9.68e-44
 9.58657e+14	3.01e-14	2.07e-09	1.45e-05	3.69e-03	9.96e-01	2.13e-05	0.00e+00	2.60e-15	7.79e-15	1.30e-14	6.83e-10	1.39e-09	1.82e-43
 9.87427e+14	3.65e-14	2.43e-09	1.63e-05	3.94e-03	9.96e-01	2.00e-05	0.00e+00	3.16e-15	9.47e-15	1.58e-14	8.02e-10	1.63e-09	3.44e-43
 1.02378e+15	4.72e-14	2.99e-09	1.88e-05	4.27e-03	9.96e-01	1.85e-05	0.00e+00	4.08e-15	1.23e-14	2.05e-14	9.86e-10	2.01e-09	7.87e-43
 1.06189e+15	5.89e-14	3.61e-09	2.18e-05	4.62e-03	9.95e-01	1.72e-05	0.00e+00	5.10e-15	1.53e-14	2.56e-14	1.19e-09	2.42e-09	1.68e-42
 1.09609e+15	7.28e-14	4.30e-09	2.47e-05	4.96e-03	9.95e-01	1.60e-05	0.00e+00	6.32e-15	1.90e-14	3.16e-14	1.42e-09	2.88e-09	3.35e-42
 1.13330e+15	9.08e-14	5.17e-09	2.82e-05	5.34e-03	9.95e-01	1.50e-05	0.00e+00	7.89e-15	2.37e-14	3.95e-14	1.70e-09	3.46e-09	6.91e-42
 1.17743e+15	1.21e-13	6.49e-09	3.28e-05	5.82e-03	9.94e-01	1.38e-05	0.00e+00	1.06e-14	3.17e-14	5.29e-14	2.14e-09	4.35e-09	1.71e-41
 1.22087e+15	1.53e-13	7.90e-09	3.79e-05	6.30e-03	9.94e-01	1.29e-05	0.00e+00	1.33e-14	4.00e-14	6.68e-14	2.61e-09	5.29e-09	3.69e-41
 1.26040e+15	1.90e-13	9.44e-09	4.30e-05	6.76e-03	9.93e-01	1.21e-05	0.00e+00	1.66e-14	4.98e-14	8.30e-14	3.12e-09	6.32e-09	7.41e-41
 1.30458e+15	2.35e-13	1.13e-08	4.93e-05	7.29e-03	9.93e-01	1.13e-05	0.00e+00	2.05e-14	6.15e-14	1.03e-13	3.73e-09	7.56e-09	1.48e-40
 1.35615e+15	3.12e-13	1.42e-08	5.76e-05	7.94e-03	9.92e-01	1.04e-05	0.00e+00	2.72e-14	8.17e-14	1.36e-13	4.70e-09	9.52e-09	3.64e-40
 1.40699e+15	4.02e-13	1.75e-08	6.66e-05	8.60e-03	9.91e-01	9.73e-06	0.00e+00	3.51e-14	1.05e-13	1.76e-13	5.79e-09	1.17e-08	8.10e-40
 1.45511e+15	5.06e-13	2.12e-08	7.62e-05	9.26e-03	9.91e-01	9.13e-06	0.00e+00	4.43e-14	1.33e-13	2.22e-13	7.00e-09	1.42e-08	1.68e-39
 1.50858e+15	6.33e-13	2.56e-08	8.79e-05	1.00e-02	9.90e-01	8.54e-06	0.00e+00	5.55e-14	1.67e-13	2.78e-13	8.47e-09	1.72e-08	3.45e-39
 1.56896e+15	8.57e-13	3.27e-08	1.03e-04	1.09e-02	9.89e-01	7.95e-06	0.00e+00	7.52e-14	2.26e-13	3.76e-13	1.08e-08	2.19e-08	8.79e-39
 1.61966e+15	1.07e-12	3.92e-08	1.17e-04	1.17e-02	9.88e-01	7.52e-06	0.00e+00	9.38e-14	2.81e-13	4.69e-13	1.30e-08	2.62e-08	1.74e-38
 1.65622e+15	1.24e-12	4.45e-08	1.28e-04	1.23e-02	9.88e-01	7.23e-06	0.00e+00	1.09e-13	3.28e-13	5.47e-13	1.47e-08	2.98e-08	2.81e-38
 1.69447e+15	1.46e-12	5.08e-08	1.40e-04	1.29e-02	9.87e-01	6.95e-06	0.00e+00	1.28e-13	3.85e-13	6.42e-13	1.68e-08	3.40e-08	4.59e-38
 1.74420e+15	1.74e-12	5.90e-08	1.57e-04	1.37e-02	9.86e-01	6.62e-06	0.00e+00	1.53e-13	4.58e-13	7.65e-13	1.95e-08	3.95e-08	7.81e-38
 1.79971e+15	2.22e-12	7.19e-08	1.78e-04	1.47e-02	9.85e-01	6.29e-06	0.00e+00	1.95e-13	5.86e-13	9.77e-13	2.38e-08	4.81e-08	1.64e-37
 1.85161e+15	2.67e-12	8.44e-08	2.00e-04	1.56e-02	9.84e-01	6.00e-06	0.00e+00	2.35e-13	7.07e-13	1.18e-12	2.79e-08	5.65e-08	2.93e-37
 1.90792e+15	3.24e-12	9.92e-08	2.25e-04	1.66e-02	9.83e-01	5.72e-06	0.00e+00	2.86e-13	8.57e-13	1.43e-12	3.28e-08	6.64e-08	5.26e-37
 1.97126e+15	4.17e-12	1.22e-07	2.57e-04	1.79e-02	9.82e-01	5.45e-06	0.00e+00	3.68e-13	1.10e-12	1.84e-12	4.04e-08	8.16e-08	1.13e-36
 2.03125e+15	5.08e-12	1.45e-07	2.89e-04	1.90e-02	9.81e-01	5.21e-06	0.00e+00	4.49e-13	1.35e-12	2.25e-12	4.79e-08	9.67e-08	2.08e-36
 2.09678e+15	6.24e-12	1.72e-07	3.28e-04	2.04e-02	9.79e-01	4.98e-06	0.00e+00	5.52e-13	1.66e-12	2.76e-12	5.69e-08	1.15e-07	3.85e-36
 2.17041e+15	8.12e-12	2.14e-07	3.78e-04	2.20e-02	9.78e-01	4.75e-06	0.00e+00	7.19e-13	2.16e-12	3.60e-12	7.08e-08	1.43e-07	8.59e-36
 2.24024e+15	1.01e-11	2.58e-07	4.29e-04	2.35e-02	9.76e-01	4.56e-06	0.00e+00	8.95e-13	2.69e-12	4.48e-12	8.53e-08	1.72e-07	1.66e-35
 2.31667e+15	1.25e-11	3.08e-07	4.91e-04	2.52e-02	9.74e-01	4.36e-06	0.00e+00	1.11e-12	3.32e-12	5.55e-12	1.02e-07	2.06e-07	3.07e-35
 2.40162e+15	1.65e-11	3.88e-07	5.68e-04	2.73e-02	9.72e-01	4.18e-06	0.00e+00	1.46e-12	4.38e-12	7.31e-12	1.29e-07	2.59e-07	7.09e-35
 2.48010e+15	2.06e-11	4.69e-07	6.47e-04	2.92e-02	9.70e-01	4.02e-06	0.00e+00	1.82e-12	5.47e-12	9.13e-12	1.55e-07	3.14e-07	1.35e-34
 2.56460e+15	2.55e-11	5.61e-07	7.41e-04	3.13e-02	9.68e-01	3.87e-06	0.00e+00	2.26e-12	6.79e-12	1.13e-11	1.86e-07	3.75e-07	2.47e-34
 2.65946e+15	3.37e-11	7.10e-07	8.59e-04	3.39e-02	9.65e-01	3.73e-06	0.00e+00	3.00e-12	8.99e-12	1.50e-11	2.35e-07	4.75e-07	5.67e-34
 2.74853e+15	4.19e-11	8.59e-07	9.82e-04	3.63e-02	9.63e-01	3.61e-06	0.00e+00	3.73e-12	1.12e-11	1.87e-11	2.85e-07	5.74e-07	1.08e-33
 2.84506e+15	5.27e-11	1.04e-06	1.13e-03	3.91e-02	9.60e-01	3.49e-06	0.00e+00	4.69e-12	1.41e-11	2.35e-11	3.45e-07	6.95e-07	2.04e-33
 2.95293e+15	7.01e-11	1.32e-06	1.32e-03	4.24e-02	9.56e-01	3.39e-06	0.00e+00	6.25e-12	1.87e-11	3.13e-11	4.39e-07	8.85e-07	4.71e-33
 3.04990e+15	8.69e-11	1.60e-06	1.50e-03	4.53e-02	9.53e-01	3.29e-06	0.00e+00	7.75e-12	2.33e-11	3.88e-11	5.30e-07	1.07e-06	8.73e-33
 3.13677e+15	1.05e-10	1.87e-06	1.68e-03	4.81e-02	9.50e-01	3.22e-06	0.00e+00	9.36e-12	2.81e-11	4.68e-11	6.20e-07	1.25e-06	1.46e-32
 3.23615e+15	1.30e-10	2.25e-06	1.92e-03	5.14e-02	9.47e-01	3.13e-06	0.00e+00	1.16e-11	3.49e-11	5.82e-11	7.46e-07	1.50e-06	2.68e-32
 3.35818e+15	1.73e-10	2.87e-06	2.24e-03	5.58e-02	9.42e-01	3.06e-06	0.00e+00	1.55e-11	4.64e-11	7.74e-11	9.52e-07	1.92e-06	6.15e-32
 3.47901e+15	2.21e-10	3.55e-06	2.59e-03	6.02e-02	9.37e-01	2.99e-06	0.00e+00	1.98e-11	5.94e-11	9.90e-11	1.18e-06	2.37e-06	1.21e-31
 3.57393e+15	2.67e-10	4.17e-06	2.89e-03	6.37e-02	9.33e-01	2.94e-06	0.00e+00	2.39e-11	7.16e-11	1.19e-10	1.38e-06	2.79e-06	2.05e-31
 3.66585e+15	3.20e-10	4.87e-06	3.22e-03	6.73e-02	9.29e-01	2.90e-06	0.00e+00	2.87e-11	8.61e-11	1.44e-10	1.62e-06	3.25e-06	3.38e-31
 3.78535e+15	3.97e-10	5.81e-06	3.68e-03	7.20e-02	9.24e-01	2.84e-06	0.00e+00	3.56e-11	1.07e-10	1.78e-10	1.93e-06	3.88e-06	5.78e-31
 3.91286e+15	5.15e-10	7.27e-06	4.24e-03	7.76e-02	9.18e-01	2.80e-06	0.00e+00	4.62e-11	1.39e-10	2.31e-10	2.41e-06	4.85e-06	1.21e-30
 4.01756e+15	6.15e-10	8.49e-06	4.73e-03	8.20e-02	9.13e-01	2.75e-06	0.00e+00	5.53e-11	1.66e-10	2.76e-10	2.82e-06	5.67e-06	1.94e-30
 4.12044e+15	7.35e-10	9.82e-06	5.27e-03	8.66e-02	9.08e-01	2.72e-06	0.00e+00	6.61e-11	1.98e-10	3.30e-10	3.26e-06	6.56e-06	3.01e-30
 4.25419e+15	9.48e-10	1.22e-05	6.05e-03	9.31e-02	9.01e-01	2.68e-06	0.00e+00	8.53e-11	2.56e-10	4.27e-10	4.05e-06	8.14e-06	6.10e-30
 4.39009e+15	1.18e-09	1.47e-05	6.92e-03	9.96e-02	8.93e-01	2.64e-06	0.00e+00	1.06e-10	3.19e-10	5.32e-10	4.89e-06	9.83e-06	1.06e-29
 4.50491e+15	1.42e-09	1.71e-05	7.73e-03	1.05e-01	8.87e-01	2.61e-06	0.00e+00	1.28e-10	3.83e-10	6.39e-10	5.68e-06	1.14e-05	1.65e-29
 4.63030e+15	1.74e-09	2.03e-05	8.72e-03	1.12e-01	8.79e-01	2.57e-06	0.00e+00	1.57e-10	4.71e-10	7.85e-10	6.75e-06	1.36e-05	2.77e-29
 4.79330e+15	2.32e-09	2.59e-05	1.02e-02	1.21e-01	8.69e-01	2.55e-06	0.00e+00	2.10e-10	6.29e-10	1.05e-09	8.61e-06	1.73e-05	5.96e-29
 4.95615e+15	2.96e-09	3.18e-05	1.18e-02	1.30e-01	8.58e-01	2.51e-06	0.00e+00	2.67e-10	8.02e-10	1.34e-09	1.06e-05	2.12e-05	1.04e-28
 5.08559e+15	3.58e-09	3.71e-05	1.32e-02	1.38e-01	8.49e-01	2.48e-06	0.00e+00	3.24e-10	9.71e-10	1.62e-09	1.23e-05	2.47e-05	1.62e-28
 5.22064e+15	4.40e-09	4.39e-05	1.49e-02	1.46e-01	8.39e-01	2.46e-06	0.00e+00	3.98e-10	1.19e-09	1.99e-09	1.46e-05	2.93e-05	2.66e-28
 5.37264e+15	5.67e-09	5.43e-05	1.70e-02	1.56e-01	8.27e-01	2.44e-06	0.00e+00	5.14e-10	1.54e-09	2.57e-09	1.81e-05	3.62e-05	5.08e-28
 5.51414e+15	6.95e-09	6.44e-05	1.92e-02	1.66e-01	8.15e-01	2.41e-06	0.00e+00	6.30e-10	1.89e-09	3.15e-09	2.14e-05	4.30e-05	8.22e-28
 5.66557e+15	8.70e-09	7.71e-05	2.19e-02	1.76e-01	8.02e-01	2.38e-06	0.00e+00	7.89e-10	2.37e-09	3.95e-09	2.57e-05	5.15e-05	1.36e-27
 5.83131e+15	1.09e-08	9.23e-05	2.50e-02	1.88e-01	7.87e-01	2.35e-06	0.00e+00	9.90e-10	2.97e-09	4.95e-09	3.07e-05	6.16e-05	2.22e-27
 5.98001e+15	1.38e-08	1.13e-04	2.84e-02	1.99e-01	7.72e-01	2.35e-06	0.00e+00	1.26e-09	3.78e-09	6.29e-09	3.75e-05	7.52e-05	4.03e-27
 6.11066e+15	1.67e-08	1.31e-04	3.15e-02	2.10e-01	7.59e-01	2.33e-06	0.00e+00	1.52e-09	4.56e-09	7.61e-09	4.37e-05	8.76e-05	6.16e-27
 6.22930e+15	1.97e-08	1.50e-04	3.47e-02	2.19e-01	7.46e-01	2.31e-06	0.00e+00	1.80e-09	5.39e-09	8.98e-09	5.01e-05	1.00e-04	8.94e-27
 6.35934e+15	2.38e-08	1.74e-04	3.86e-02	2.30e-01	7.32e-01	2.29e-06	0.00e+00	2.17e-09	6.51e-09	1.09e-08	5.80e-05	1.16e-04	1.34e-26
 6.50212e+15	2.93e-08	2.07e-04	4.33e-02	2.42e-01	7.15e-01	2.27e-06	0.00e+00	2.68e-09	8.03e-09	1.34e-08	6.88e-05	1.38e-04	2.17e-26
 6.62742e+15	3.50e-08	2.38e-04	4.78e-02	2.53e-01	6.99e-01	2.25e-06	0.00e+00	3.20e-09	9.59e-09	1.60e-08	7.93e-05	1.59e-04	3.18e-26
 6.73854e+15	4.11e-08	2.69e-04	5.22e-02	2.62e-01	6.85e-01	2.24e-06	0.00e+00	3.75e-09	1.13e-08	1.88e-08	8.96e-05	1.80e-04	4.41e-26
 6.86527e+15	4.87e-08	3.07e-04	5.76e-02	2.74e-01	6.68e-01	2.21e-06	0.00e+00	4.46e-09	1.34e-08	2.23e-08	1.02e-04	2.05e-04	6.24e-26
 7.03002e+15	6.37e-08	3.81e-04	6.61e-02	2.90e-01	6.43e-01	2.20e-06	0.00e+00	5.83e-09	1.75e-08	2.91e-08	1.27e-04	2.54e-04	1.18e-25
 7.19870e+15	7.93e-08	4.48e-04	7.51e-02	3.05e-01	6.19e-01	2.16e-06	0.00e+00	7.26e-09	2.18e-08	3.63e-08	1.49e-04	2.99e-04	1.76e-25
 7.34100e+15	1.01e-07	5.45e-04	8.46e-02	3.20e-01	5.95e-01	2.17e-06	0.00e+00	9.27e-09	2.78e-08	4.63e-08	1.82e-04	3.64e-04	3.15e-25
 7.46770e+15	1.21e-07	6.31e-04	9.36e-02	3.32e-01	5.74e-01	2.15e-06	0.00e+00	1.11e-08	3.34e-08	5.57e-08	2.10e-04	4.21e-04	4.70e-25
 7.58492e+15	1.45e-07	7.25e-04	1.03e-01	3.44e-01	5.53e-01	2.13e-06	0.00e+00	1.33e-08	4.00e-08	6.67e-08	2.41e-04	4.83e-04	6.91e-25
 7.71664e+15	1.79e-07	8.51e-04	1.15e-01	3.57e-01	5.27e-01	2.11e-06	0.00e+00	1.65e-08	4.94e-08	8.23e-08	2.83e-04	5.67e-04	1.09e-24
 7.85529e+15	2.16e-07	9.73e-04	1.27e-01	3.70e-01	5.02e-01	2.08e-06	0.00e+00	1.99e-08	5.97e-08	9.95e-08	3.24e-04	6.48e-04	1.53e-24
 8.00294e+15	2.84e-07	1.21e-03	1.45e-01	3.85e-01	4.69e-01	2.07e-06	0.00e+00	2.61e-08	7.84e-08	1.31e-07	4.02e-04	8.03e-04	2.97e-24
 8.15179e+15	3.61e-07	1.45e-03	1.63e-01	3.99e-01	4.37e-01	2.05e-06	0.00e+00	3.33e-08	1.00e-07	1.67e-07	4.82e-04	9.64e-04	5.04e-24
 8.27118e+15	4.37e-07	1.67e-03	1.80e-01	4.09e-01	4.10e-01	2.03e-06	0.00e+00	4.03e-08	1.21e-07	2.01e-07	5.57e-04	1.11e-03	7.65e-24
 8.37821e+15	5.29e-07	1.92e-03	1.96e-01	4.18e-01	3.84e-01	2.01e-06	0.00e+00	4.88e-08	1.46e-07	2.44e-07	6.40e-04	1.28e-03	1.16e-23
 8.47973e+15	6.25e-07	2.18e-03	2.13e-01	4.25e-01	3.59e-01	1.99e-06	0.00e+00	5.78e-08	1.73e-07	2.89e-07	7.27e-04	1.45e-03	1.70e-23
 8.57336e+15	7.33e-07	2.44e-03	2.30e-01	4.32e-01	3.36e-01	1.96e-06	0.00e+00	6.78e-08	2.03e-07	3.39e-07	8.13e-04	1.63e-03	2.37e-23
 8.67716e+15	8.63e-07	2.74e-03	2.50e-01	4.38e-01	3.10e-01	1.91e-06	0.00e+00	7.99e-08	2.40e-07	3.99e-07	9.12e-04	1.82e-03	3.33e-23
 8.79451e+15	1.06e-06	3.17e-03	2.74e-01	4.43e-01	2.80e-01	1.86e-06	0.00e+00	9.82e-08	2.95e-07	4.91e-07	1.06e-03	2.12e-03	5.31e-23
 8.89585e+15	1.29e-06	3.64e-03	2.97e-01	4.46e-01	2.53e-01	1.82e-06	0.00e+00	1.19e-07	3.58e-07	5.96e-07	1.21e-03	2.43e-03	8.37e-23
 8.96306e+15	1.52e-06	4.12e-03	3.15e-01	4.47e-01	2.34e-01	1.82e-06	0.00e+00	1.41e-07	4.24e-07	7.07e-07	1.37e-03	2.74e-03	1.31e-22
 9.00321e+15	1.63e-06	4.33e-03	3.25e-01	4.47e-01	2.24e-01	1.80e-06	0.00e+00	1.51e-07	4.53e-07	7.55e-07	1.44e-03	2.89e-03	1.55e-22
 9.03908e+15	1.76e-06	4.56e-03	3.35e-01	4.47e-01	2.14e-01	1.78e-06	0.00e+00	1.63e-07	4.89e-07	8.15e-07	1.52e-03	3.04e-03	1.86e-22
 9.08572e+15	1.90e-06	4.78e-03	3.46e-01	4.47e-01	2.02e-01	1.75e-06	0.00e+00	1.77e-07	5.30e-07	8.83e-07	1.60e-03	3.19e-03	2.15e-22
 9.14635e+15	2.17e-06	5.27e-03	3.64e-01	4.46e-01	1.85e-01	1.70e-06	0.00e+00	2.02e-07	6.05e-07	1.01e-06	1.76e-03	3.51e-03	3.08e-22
 9.20668e+15	2.46e-06	5.72e-03	3.81e-01	4.44e-01	1.70e-01	1.65e-06	0.00e+00	2.29e-07	6.85e-07	1.14e-06	1.91e-03	3.81e-03	4.11e-22
 9.25567e+15	2.69e-06	6.04e-03	3.94e-01	4.42e-01	1.58e-01	1.61e-06	0.00e+00	2.51e-07	7.51e-07	1.25e-06	2.02e-03	4.03e-03	4.97e-22
 9.30845e+15	3.10e-06	6.63e-03	4.11e-01	4.38e-01	1.43e-01	1.56e-06	0.00e+00	2.89e-07	8.67e-07	1.44e-06	2.21e-03	4.42e-03	7.20e-22
 9.36010e+15	3.37e-06	6.97e-03	4.25e-01	4.35e-01	1.32e-01	1.51e-06	0.00e+00	3.14e-07	9.42e-07	1.57e-06	2.33e-03	4.65e-03	8.48e-22
 9.41030e+15	3.76e-06	7.49e-03	4.41e-01	4.31e-01	1.20e-01	1.44e-06	0.00e+00	3.51e-07	1.05e-06	1.75e-06	2.50e-03	4.99e-03	1.12e-21
 9.46480e+15	4.25e-06	8.07e-03	4.58e-01	4.26e-01	1.08e-01	1.37e-06	0.00e+00	3.97e-07	1.19e-06	1.98e-06	2.69e-03	5.38e-03	1.49e-21
 9.51311e+15	4.76e-06	8.64e-03	4.73e-01	4.21e-01	9.71e-02	1.31e-06	0.00e+00	4.45e-07	1.34e-06	2.22e-06	2.88e-03	5.76e-03	1.96e-21
 9.55560e+15	5.28e-06	9.18e-03	4.87e-01	4.16e-01	8.82e-02	1.25e-06	0.00e+00	4.94e-07	1.48e-06	2.47e-06	3.06e-03	6.11e-03	2.51e-21
 9.60233e+15	5.90e-06	9.79e-03	5.01e-01	4.10e-01	7.87e-02	1.17e-06	0.00e+00	5.52e-07	1.66e-06	2.76e-06	3.27e-03	6.52e-03	3.25e-21
 9.65363e+15	6.68e-06	1.05e-02	5.17e-01	4.03e-01	6.92e-02	1.08e-06	0.00e+00	6.26e-07	1.88e-06	3.13e-06	3.50e-03	6.98e-03	4.33e-21
 9.69986e+15	7.52e-06	1.12e-02	5.32e-01	3.96e-01	6.12e-02	1.00e-06	0.00e+00	7.05e-07	2.11e-06	3.52e-06	3.73e-03	7.44e-03	5.68e-21
 9.74102e+15	8.55e-06	1.19e-02	5.45e-01	3.89e-01	5.42e-02	9.29e-07	0.00e+00	8.03e-07	2.41e-06	4.01e-06	3.99e-03	7.95e-03	7.64e-21
