#depth	N	N+	N+2	N+3	N+4	N+5	N+6	N+7
 1.49634e+10	1.38e-45	3.29e-35	9.10e-26	5.84e-17	4.30e-09	9.88e-01	1.16e-02	0.00e+00
 4.54887e+10	0.00e+00	4.58e-35	1.17e-25	6.90e-17	4.67e-09	9.89e-01	1.07e-02	5.63e-08
 7.72350e+10	3.14e-45	6.38e-35	1.50e-25	8.16e-17	5.09e-09	9.90e-01	9.76e-03	0.00e+00
 1.10251e+11	0.00e+00	8.90e-35	1.93e-25	9.65e-17	5.54e-09	9.91e-01	8.96e-03	0.00e+00
 1.42495e+11	7.03e-45	1.22e-34	2.44e-25	1.13e-16	6.00e-09	9.92e-01	8.27e-03	0.00e+00
 1.73157e+11	0.00e+00	1.62e-34	3.03e-25	1.31e-16	6.46e-09	9.92e-01	7.68e-03	0.00e+00
 2.07139e+11	1.48e-44	2.21e-34	3.83e-25	1.53e-16	7.00e-09	9.93e-01	7.10e-03	0.00e+00
 2.45351e+11	0.00e+00	3.10e-34	4.94e-25	1.82e-16	7.63e-09	9.93e-01	6.51e-03	0.00e+00
 2.83995e+11	3.39e-44	4.30e-34	6.33e-25	2.15e-16	8.30e-09	9.94e-01	5.98e-03	0.00e+00
 3.24186e+11	0.00e+00	5.97e-34	8.12e-25	2.54e-16	9.03e-09	9.95e-01	5.50e-03	0.00e+00
 3.63555e+11	7.54e-44	8.16e-34	1.03e-24	2.97e-16	9.78e-09	9.95e-01	5.08e-03	0.00e+00
 3.99124e+11	0.00e+00	1.07e-33	1.26e-24	3.41e-16	1.05e-08	9.95e-01	4.73e-03	0.00e+00
 4.38744e+11	1.53e-43	1.44e-33	1.58e-24	3.97e-16	1.13e-08	9.96e-01	4.38e-03	0.00e+00
 4.85324e+11	0.00e+00	2.01e-33	2.03e-24	4.71e-16	1.24e-08	9.96e-01	4.02e-03	0.00e+00
 5.31411e+11	3.45e-43	2.77e-33	2.59e-24	5.54e-16	1.34e-08	9.96e-01	3.70e-03	0.00e+00
 5.74504e+11	0.00e+00	3.70e-33	3.23e-24	6.43e-16	1.45e-08	9.97e-01	3.43e-03	0.00e+00
 6.22574e+11	7.30e-43	5.05e-33	4.09e-24	7.55e-16	1.57e-08	9.97e-01	3.16e-03	0.00e+00
 6.77404e+11	0.00e+00	7.13e-33	5.32e-24	9.01e-16	1.72e-08	9.97e-01	2.89e-03	0.00e+00
 7.31461e+11	1.68e-42	9.89e-33	6.83e-24	1.07e-15	1.87e-08	9.97e-01	2.65e-03	0.00e+00
 7.87681e+11	0.00e+00	1.37e-32	8.77e-24	1.26e-15	2.04e-08	9.98e-01	2.43e-03	0.00e+00
 8.49115e+11	3.89e-42	1.94e-32	1.14e-23	1.51e-15	2.24e-08	9.98e-01	2.22e-03	0.00e+00
 9.10954e+11	0.00e+00	2.72e-32	1.48e-23	1.80e-15	2.45e-08	9.98e-01	2.03e-03	0.00e+00
 9.75267e+11	8.95e-42	3.80e-32	1.91e-23	2.15e-15	2.68e-08	9.98e-01	1.86e-03	0.00e+00
 1.04420e+12	0.00e+00	5.38e-32	2.49e-23	2.57e-15	2.94e-08	9.98e-01	1.69e-03	0.00e+00
 1.11277e+12	2.08e-41	7.51e-32	3.21e-23	3.07e-15	3.22e-08	9.98e-01	1.55e-03	0.00e+00
 1.18407e+12	0.00e+00	1.05e-31	4.15e-23	3.65e-15	3.53e-08	9.99e-01	1.41e-03	0.00e+00
 1.26136e+12	4.82e-41	1.48e-31	5.43e-23	4.39e-15	3.88e-08	9.99e-01	1.28e-03	0.00e+00
 1.34175e+12	0.00e+00	2.10e-31	7.09e-23	5.28e-15	4.27e-08	9.99e-01	1.17e-03	0.00e+00
 1.42534e+12	1.13e-40	2.97e-31	9.27e-23	6.36e-15	4.70e-08	9.99e-01	1.06e-03	0.00e+00
 1.51228e+12	0.00e+00	4.20e-31	1.21e-22	7.66e-15	5.18e-08	9.99e-01	9.63e-04	0.00e+00
 1.59080e+12	2.51e-40	5.67e-31	1.53e-22	9.01e-15	5.64e-08	9.99e-01	8.85e-04	0.00e+00
 1.65602e+12	0.00e+00	7.21e-31	1.85e-22	1.03e-14	6.04e-08	9.99e-01	8.27e-04	0.00e+00
 1.72738e+12	4.62e-40	9.31e-31	2.25e-22	1.18e-14	6.50e-08	9.99e-01	7.69e-04	0.00e+00
 1.81804e+12	0.00e+00	1.27e-30	2.88e-22	1.40e-14	7.11e-08	9.99e-01	7.03e-04	0.00e+00
 1.91274e+12	9.97e-40	1.75e-30	3.68e-22	1.67e-14	7.79e-08	9.99e-01	6.41e-04	0.00e+00
 1.99641e+12	0.00e+00	2.28e-30	4.54e-22	1.93e-14	8.43e-08	9.99e-01	5.93e-04	0.00e+00
 2.07391e+12	1.85e-39	2.89e-30	5.48e-22	2.21e-14	9.05e-08	9.99e-01	5.53e-04	0.00e+00
 2.16182e+12	0.00e+00	3.76e-30	6.73e-22	2.56e-14	9.78e-08	9.99e-01	5.12e-04	0.00e+00
 2.27070e+12	3.71e-39	5.13e-30	8.61e-22	3.04e-14	1.07e-07	1.00e+00	4.67e-04	0.00e+00
 2.37938e+12	0.00e+00	6.92e-30	1.09e-21	3.60e-14	1.18e-07	1.00e+00	4.27e-04	0.00e+00
 2.47267e+12	7.16e-39	8.84e-30	1.32e-21	4.14e-14	1.27e-07	1.00e+00	3.96e-04	0.00e+00
 2.57339e+12	0.00e+00	1.14e-29	1.62e-21	4.79e-14	1.37e-07	1.00e+00	3.67e-04	0.00e+00
 2.69788e+12	1.40e-38	1.54e-29	2.06e-21	5.70e-14	1.50e-07	1.00e+00	3.34e-04	0.00e+00
 2.82579e+12	0.00e+00	2.08e-29	2.62e-21	6.77e-14	1.65e-07	1.00e+00	3.05e-04	0.00e+00
 2.94163e+12	2.74e-38	2.69e-29	3.21e-21	7.85e-14	1.79e-07	1.00e+00	2.81e-04	0.00e+00
 3.06930e+12	0.00e+00	3.54e-29	4.00e-21	9.20e-14	1.95e-07	1.00e+00	2.58e-04	0.00e+00
 3.21926e+12	5.50e-38	4.81e-29	5.11e-21	1.10e-13	2.15e-07	1.00e+00	2.35e-04	0.00e+00
 3.36900e+12	0.00e+00	6.44e-29	6.46e-21	1.31e-13	2.36e-07	1.00e+00	2.14e-04	0.00e+00
 3.51165e+12	1.07e-37	8.41e-29	8.00e-21	1.53e-13	2.57e-07	1.00e+00	1.97e-04	0.00e+00
 3.66896e+12	0.00e+00	1.11e-28	1.00e-20	1.80e-13	2.81e-07	1.00e+00	1.80e-04	0.00e+00
 3.84565e+12	2.17e-37	1.51e-28	1.28e-20	2.15e-13	3.10e-07	1.00e+00	1.63e-04	0.00e+00
 4.00472e+12	0.00e+00	1.96e-28	1.58e-20	2.51e-13	3.37e-07	1.00e+00	1.50e-04	0.00e+00
 4.13615e+12	3.80e-37	2.41e-28	1.87e-20	2.83e-13	3.60e-07	1.00e+00	1.40e-04	0.00e+00
 4.27973e+12	0.00e+00	3.00e-28	2.23e-20	3.23e-13	3.87e-07	1.00e+00	1.31e-04	0.00e+00
 4.46307e+12	6.84e-37	3.94e-28	2.77e-20	3.78e-13	4.22e-07	1.00e+00	1.20e-04	0.00e+00
 4.64815e+12	0.00e+00	5.12e-28	3.42e-20	4.42e-13	4.60e-07	1.00e+00	1.10e-04	0.00e+00
 4.80147e+12	1.20e-36	6.31e-28	4.05e-20	5.00e-13	4.92e-07	1.00e+00	1.03e-04	0.00e+00
 4.96342e+12	0.00e+00	7.82e-28	4.81e-20	5.67e-13	5.28e-07	1.00e+00	9.63e-05	0.00e+00
 5.17101e+12	2.14e-36	1.02e-27	5.96e-20	6.63e-13	5.75e-07	1.00e+00	8.84e-05	0.00e+00
 5.38858e+12	0.00e+00	1.33e-27	7.39e-20	7.76e-13	6.27e-07	1.00e+00	8.11e-05	0.00e+00
 5.57939e+12	3.86e-36	1.67e-27	8.86e-20	8.87e-13	6.75e-07	1.00e+00	7.54e-05	0.00e+00
 5.78480e+12	0.00e+00	2.11e-27	1.07e-19	1.02e-12	7.29e-07	1.00e+00	6.99e-05	0.00e+00
 6.01251e+12	6.90e-36	2.71e-27	1.31e-19	1.18e-12	7.91e-07	1.00e+00	6.44e-05	0.00e+00
 6.22367e+12	0.00e+00	3.40e-27	1.57e-19	1.35e-12	8.50e-07	1.00e+00	5.99e-05	0.00e+00
 6.45264e+12	1.20e-35	4.30e-27	1.90e-19	1.55e-12	9.18e-07	1.00e+00	5.56e-05	0.00e+00
 6.70714e+12	0.00e+00	5.54e-27	2.33e-19	1.79e-12	9.96e-07	1.00e+00	5.12e-05	0.00e+00
 6.94434e+12	2.13e-35	6.96e-27	2.80e-19	2.05e-12	1.07e-06	1.00e+00	4.76e-05	0.00e+00
 7.20219e+12	0.00e+00	8.85e-27	3.39e-19	2.36e-12	1.16e-06	1.00e+00	4.41e-05	0.00e+00
 7.48902e+12	3.87e-35	1.14e-26	4.17e-19	2.74e-12	1.26e-06	1.00e+00	4.06e-05	0.00e+00
 7.75711e+12	0.00e+00	1.44e-26	5.03e-19	3.14e-12	1.36e-06	1.00e+00	3.77e-05	0.00e+00
 8.04924e+12	6.87e-35	1.84e-26	6.13e-19	3.62e-12	1.47e-06	1.00e+00	3.49e-05	0.00e+00
 8.37531e+12	0.00e+00	2.40e-26	7.57e-19	4.21e-12	1.60e-06	1.00e+00	3.21e-05	0.00e+00
 8.68191e+12	1.26e-34	3.05e-26	9.18e-19	4.84e-12	1.72e-06	1.00e+00	2.98e-05	0.00e+00
 9.01691e+12	0.00e+00	3.93e-26	1.12e-18	5.59e-12	1.86e-06	1.00e+00	2.75e-05	0.00e+00
 9.39196e+12	2.36e-34	5.16e-26	1.40e-18	6.55e-12	2.03e-06	1.00e+00	2.52e-05	0.00e+00
 9.74701e+12	3.19e-34	6.63e-26	1.71e-18	7.55e-12	2.20e-06	1.00e+00	2.34e-05	0.00e+00
 1.01296e+13	4.38e-34	8.62e-26	2.11e-18	8.76e-12	2.38e-06	1.00e+00	2.16e-05	0.00e+00
 1.05648e+13	6.17e-34	1.15e-25	2.64e-18	1.03e-11	2.60e-06	1.00e+00	1.97e-05	0.00e+00
 1.09922e+13	8.56e-34	1.50e-25	3.28e-18	1.20e-11	2.83e-06	1.00e+00	1.82e-05	0.00e+00
 1.14367e+13	1.19e-33	1.97e-25	4.07e-18	1.40e-11	3.08e-06	1.00e+00	1.67e-05	0.00e+00
 1.19241e+13	1.68e-33	2.63e-25	5.12e-18	1.64e-11	3.36e-06	1.00e+00	1.53e-05	0.00e+00
 1.24310e+13	2.40e-33	3.53e-25	6.44e-18	1.93e-11	3.66e-06	1.00e+00	1.41e-05	0.00e+00
 1.29581e+13	3.39e-33	4.69e-25	8.08e-18	2.26e-11	3.99e-06	1.00e+00	1.29e-05	0.00e+00
 1.34552e+13	4.68e-33	6.12e-25	9.96e-18	2.62e-11	4.31e-06	1.00e+00	1.19e-05	0.00e+00
 1.39036e+13	6.21e-33	7.72e-25	1.19e-17	2.97e-11	4.62e-06	1.00e+00	1.12e-05	0.00e+00
 1.43285e+13	8.05e-33	9.56e-25	1.41e-17	3.34e-11	4.91e-06	1.00e+00	1.05e-05	0.00e+00
 1.47998e+13	1.07e-32	1.20e-24	1.69e-17	3.78e-11	5.25e-06	1.00e+00	9.83e-06	0.00e+00
 1.53277e+13	1.45e-32	1.55e-24	2.06e-17	4.33e-11	5.64e-06	1.00e+00	9.15e-06	0.00e+00
 1.58283e+13	1.92e-32	1.95e-24	2.47e-17	4.90e-11	6.02e-06	1.00e+00	8.57e-06	0.00e+00
 1.63782e+13	2.60e-32	2.50e-24	2.99e-17	5.59e-11	6.46e-06	1.00e+00	7.99e-06	0.00e+00
 1.69814e+13	3.60e-32	3.25e-24	3.67e-17	6.43e-11	6.95e-06	1.00e+00	7.43e-06	0.00e+00
 1.75343e+13	4.78e-32	4.10e-24	4.39e-17	7.28e-11	7.42e-06	1.00e+00	6.96e-06	0.00e+00
 1.81337e+13	6.47e-32	5.25e-24	5.31e-17	8.30e-11	7.94e-06	1.00e+00	6.50e-06	0.00e+00
 1.88032e+13	8.99e-32	6.86e-24	6.53e-17	9.55e-11	8.55e-06	1.00e+00	6.05e-06	0.00e+00
 1.94343e+13	1.21e-31	8.75e-24	7.88e-17	1.09e-10	9.14e-06	1.00e+00	5.66e-06	0.00e+00
 2.01248e+13	1.67e-31	1.14e-23	9.62e-17	1.24e-10	9.80e-06	1.00e+00	5.28e-06	0.00e+00
 2.08925e+13	2.36e-31	1.50e-23	1.19e-16	1.44e-10	1.06e-05	1.00e+00	4.90e-06	0.00e+00
 2.16110e+13	3.23e-31	1.94e-23	1.45e-16	1.64e-10	1.13e-05	1.00e+00	4.58e-06	0.00e+00
 2.23956e+13	4.51e-31	2.53e-23	1.78e-16	1.88e-10	1.21e-05	1.00e+00	4.26e-06	0.00e+00
 2.32718e+13	6.46e-31	3.39e-23	2.22e-16	2.19e-10	1.31e-05	1.00e+00	3.95e-06	0.00e+00
 2.40994e+13	8.98e-31	4.42e-23	2.71e-16	2.50e-10	1.40e-05	1.00e+00	3.69e-06	0.00e+00
 2.49992e+13	1.27e-30	5.85e-23	3.35e-16	2.89e-10	1.51e-05	1.00e+00	3.43e-06	0.00e+00
 2.60038e+13	1.85e-30	7.91e-23	4.22e-16	3.37e-10	1.63e-05	1.00e+00	3.17e-06	0.00e+00
 2.69680e+13	2.62e-30	1.05e-22	5.21e-16	3.88e-10	1.75e-05	1.00e+00	2.95e-06	0.00e+00
 2.79961e+13	3.76e-30	1.40e-22	6.48e-16	4.49e-10	1.88e-05	1.00e+00	2.75e-06	0.00e+00
 2.91458e+13	5.54e-30	1.91e-22	8.19e-16	5.25e-10	2.04e-05	1.00e+00	2.54e-06	0.00e+00
 3.02954e+13	8.06e-30	2.57e-22	1.03e-15	6.10e-10	2.20e-05	1.00e+00	2.35e-06	0.00e+00
 3.14909e+13	1.17e-29	3.48e-22	1.29e-15	7.10e-10	2.37e-05	1.00e+00	2.18e-06	0.00e+00
 3.27804e+13	1.74e-29	4.76e-22	1.63e-15	8.31e-10	2.56e-05	1.00e+00	2.02e-06	0.00e+00
 3.41216e+13	2.57e-29	6.50e-22	2.06e-15	9.71e-10	2.77e-05	1.00e+00	1.87e-06	0.00e+00
 3.55164e+13	3.80e-29	8.90e-22	2.61e-15	1.14e-09	3.00e-05	1.00e+00	1.73e-06	0.00e+00
 3.68690e+13	5.47e-29	1.19e-21	3.25e-15	1.32e-09	3.22e-05	1.00e+00	1.61e-06	0.00e+00
 3.81444e+13	7.63e-29	1.56e-21	3.98e-15	1.50e-09	3.44e-05	1.00e+00	1.50e-06	0.00e+00
 3.93479e+13	1.04e-28	1.99e-21	4.77e-15	1.70e-09	3.66e-05	1.00e+00	1.41e-06	0.00e+00
 4.06581e+13	1.43e-28	2.57e-21	5.79e-15	1.93e-09	3.90e-05	1.00e+00	1.33e-06	0.00e+00
 4.21183e+13	2.02e-28	3.39e-21	7.13e-15	2.22e-09	4.17e-05	1.00e+00	1.24e-06	0.00e+00
 4.34956e+13	2.76e-28	4.36e-21	8.62e-15	2.51e-09	4.44e-05	1.00e+00	1.16e-06	0.00e+00
 4.50084e+13	3.87e-28	5.70e-21	1.06e-14	2.88e-09	4.75e-05	1.00e+00	1.09e-06	0.00e+00
 4.67068e+13	5.51e-28	7.59e-21	1.31e-14	3.33e-09	5.11e-05	1.00e+00	1.01e-06	0.00e+00
 4.83243e+13	7.70e-28	9.91e-21	1.61e-14	3.80e-09	5.46e-05	1.00e+00	9.46e-07	0.00e+00
 5.00954e+13	1.10e-27	1.32e-20	1.99e-14	4.38e-09	5.86e-05	1.00e+00	0.00e+00	0.00e+00
 5.21291e+13	1.62e-27	1.80e-20	2.51e-14	5.13e-09	6.34e-05	1.00e+00	0.00e+00	0.00e+00
 5.41169e+13	2.31e-27	2.40e-20	3.13e-14	5.94e-09	6.83e-05	1.00e+00	0.00e+00	0.00e+00
 5.61841e+13	3.35e-27	3.23e-20	3.92e-14	6.89e-09	7.34e-05	1.00e+00	0.00e+00	0.00e+00
 5.82693e+13	4.72e-27	4.26e-20	4.85e-14	7.96e-09	7.90e-05	1.00e+00	0.00e+00	0.00e+00
 6.01070e+13	6.41e-27	5.44e-20	5.83e-14	8.99e-09	8.40e-05	1.00e+00	0.00e+00	0.00e+00
 6.21054e+13	8.71e-27	6.98e-20	7.08e-14	1.02e-08	8.97e-05	1.00e+00	0.00e+00	0.00e+00
 6.45146e+13	1.25e-26	9.37e-20	8.86e-14	1.19e-08	9.67e-05	1.00e+00	0.00e+00	0.00e+00
 6.69073e+13	1.77e-26	1.24e-19	1.10e-13	1.37e-08	1.04e-04	1.00e+00	0.00e+00	0.00e+00
 6.90444e+13	2.42e-26	1.59e-19	1.32e-13	1.56e-08	1.11e-04	1.00e+00	0.00e+00	0.00e+00
 7.13998e+13	3.29e-26	2.05e-19	1.61e-13	1.78e-08	1.18e-04	1.00e+00	0.00e+00	0.00e+00
 7.42007e+13	4.80e-26	2.77e-19	2.03e-13	2.07e-08	1.28e-04	1.00e+00	0.00e+00	0.00e+00
 7.69756e+13	6.71e-26	3.65e-19	2.52e-13	2.40e-08	1.38e-04	1.00e+00	0.00e+00	0.00e+00
 7.95080e+13	9.09e-26	4.67e-19	3.05e-13	2.72e-08	1.47e-04	1.00e+00	0.00e+00	0.00e+00
 8.23302e+13	1.28e-25	6.15e-19	3.75e-13	3.13e-08	1.58e-04	1.00e+00	0.00e+00	0.00e+00
 8.56189e+13	1.83e-25	8.22e-19	4.73e-13	3.66e-08	1.71e-04	1.00e+00	0.00e+00	0.00e+00
 8.88486e+13	2.58e-25	1.09e-18	5.89e-13	4.24e-08	1.84e-04	1.00e+00	0.00e+00	0.00e+00
 9.18911e+13	3.54e-25	1.41e-18	7.19e-13	4.84e-08	1.97e-04	1.00e+00	0.00e+00	0.00e+00
 9.52801e+13	5.05e-25	1.87e-18	8.91e-13	5.59e-08	2.12e-04	1.00e+00	0.00e+00	0.00e+00
 9.91213e+13	7.16e-25	2.50e-18	1.12e-12	6.54e-08	2.29e-04	1.00e+00	0.00e+00	0.00e+00
 1.02951e+14	1.02e-24	3.34e-18	1.41e-12	7.61e-08	2.47e-04	1.00e+00	0.00e+00	0.00e+00
 1.06533e+14	1.42e-24	4.36e-18	1.73e-12	8.72e-08	2.65e-04	1.00e+00	0.00e+00	0.00e+00
 1.10423e+14	1.98e-24	5.72e-18	2.13e-12	1.01e-07	2.85e-04	1.00e+00	0.00e+00	0.00e+00
 1.14775e+14	2.78e-24	7.59e-18	2.68e-12	1.17e-07	3.08e-04	1.00e+00	0.00e+00	0.00e+00
 1.18834e+14	3.91e-24	9.98e-18	3.30e-12	1.35e-07	3.30e-04	1.00e+00	0.00e+00	0.00e+00
 1.22597e+14	5.12e-24	1.25e-17	3.96e-12	1.52e-07	3.52e-04	1.00e+00	0.00e+00	0.00e+00
 1.26212e+14	6.77e-24	1.57e-17	4.71e-12	1.71e-07	3.73e-04	1.00e+00	0.00e+00	0.00e+00
 1.30215e+14	8.85e-24	1.96e-17	5.66e-12	1.94e-07	3.98e-04	1.00e+00	0.00e+00	0.00e+00
 1.34636e+14	1.21e-23	2.53e-17	6.91e-12	2.21e-07	4.26e-04	1.00e+00	0.00e+00	0.00e+00
 1.38752e+14	1.61e-23	3.19e-17	8.26e-12	2.49e-07	4.52e-04	1.00e+00	0.00e+00	0.00e+00
 1.43250e+14	2.16e-23	4.05e-17	9.98e-12	2.83e-07	4.82e-04	1.00e+00	0.00e+00	0.00e+00
 1.48301e+14	2.90e-23	5.20e-17	1.22e-11	3.25e-07	5.17e-04	9.99e-01	0.00e+00	0.00e+00
 1.53113e+14	3.96e-23	6.68e-17	1.48e-11	3.69e-07	5.51e-04	9.99e-01	0.00e+00	0.00e+00
 1.58409e+14	5.30e-23	8.53e-17	1.81e-11	4.23e-07	5.91e-04	9.99e-01	0.00e+00	0.00e+00
 1.64265e+14	7.49e-23	1.13e-16	2.25e-11	4.89e-07	6.36e-04	9.99e-01	0.00e+00	0.00e+00
 1.69684e+14	9.77e-23	1.42e-16	2.72e-11	5.56e-07	6.80e-04	9.99e-01	0.00e+00	0.00e+00
 1.75564e+14	1.34e-22	1.83e-16	3.33e-11	6.37e-07	7.28e-04	9.99e-01	0.00e+00	0.00e+00
 1.82126e+14	1.85e-22	2.40e-16	4.14e-11	7.37e-07	7.84e-04	9.99e-01	0.00e+00	0.00e+00
 1.88270e+14	2.54e-22	3.10e-16	5.04e-11	8.41e-07	8.38e-04	9.99e-01	0.00e+00	0.00e+00
 1.94955e+14	3.40e-22	3.97e-16	6.20e-11	9.67e-07	9.01e-04	9.99e-01	0.00e+00	0.00e+00
 2.02383e+14	4.75e-22	5.24e-16	7.74e-11	1.12e-06	9.72e-04	9.99e-01	0.00e+00	0.00e+00
 2.09327e+14	6.34e-22	6.67e-16	9.44e-11	1.28e-06	1.04e-03	9.99e-01	0.00e+00	0.00e+00
 2.16890e+14	8.86e-22	8.75e-16	1.17e-10	1.48e-06	1.12e-03	9.99e-01	0.00e+00	0.00e+00
 2.25346e+14	1.21e-21	1.14e-15	1.46e-10	1.72e-06	1.21e-03	9.99e-01	0.00e+00	0.00e+00
 2.33331e+14	1.67e-21	1.49e-15	1.79e-10	1.98e-06	1.30e-03	9.99e-01	0.00e+00	0.00e+00
 2.41884e+14	2.22e-21	1.90e-15	2.22e-10	2.29e-06	1.40e-03	9.99e-01	0.00e+00	0.00e+00
 2.51387e+14	3.13e-21	2.53e-15	2.78e-10	2.67e-06	1.52e-03	9.98e-01	0.00e+00	0.00e+00
 2.60610e+14	4.21e-21	3.25e-15	3.44e-10	3.08e-06	1.64e-03	9.98e-01	0.00e+00	0.00e+00
 2.70405e+14	5.87e-21	4.28e-15	4.28e-10	3.57e-06	1.77e-03	9.98e-01	0.00e+00	0.00e+00
 2.81251e+14	8.02e-21	5.61e-15	5.39e-10	4.18e-06	1.92e-03	9.98e-01	0.00e+00	0.00e+00
 2.91891e+14	1.11e-20	7.36e-15	6.70e-10	4.85e-06	2.08e-03	9.98e-01	0.00e+00	0.00e+00
 3.00648e+14	1.40e-20	8.98e-15	7.96e-10	5.46e-06	2.21e-03	9.98e-01	0.00e+00	0.00e+00
 3.07653e+14	1.69e-20	1.06e-14	9.12e-10	5.98e-06	2.32e-03	9.98e-01	0.00e+00	0.00e+00
 3.15379e+14	2.09e-20	1.26e-14	1.05e-09	6.61e-06	2.45e-03	9.98e-01	0.00e+00	0.00e+00
 3.25424e+14	2.68e-20	1.57e-14	1.27e-09	7.49e-06	2.62e-03	9.97e-01	0.00e+00	0.00e+00
 3.36211e+14	3.49e-20	1.96e-14	1.53e-09	8.54e-06	2.81e-03	9.97e-01	0.00e+00	0.00e+00
 3.45807e+14	4.43e-20	2.40e-14	1.81e-09	9.55e-06	2.99e-03	9.97e-01	0.00e+00	0.00e+00
 3.56128e+14	5.56e-20	2.93e-14	2.15e-09	1.07e-05	3.18e-03	9.97e-01	0.00e+00	0.00e+00
 3.69215e+14	7.49e-20	3.77e-14	2.65e-09	1.24e-05	3.44e-03	9.97e-01	0.00e+00	0.00e+00
 3.82485e+14	9.89e-20	4.80e-14	3.26e-09	1.43e-05	3.72e-03	9.96e-01	0.00e+00	0.00e+00
 3.93727e+14	1.25e-19	5.88e-14	3.86e-09	1.61e-05	3.96e-03	9.96e-01	0.00e+00	0.00e+00
 4.05749e+14	1.58e-19	7.22e-14	4.60e-09	1.81e-05	4.23e-03	9.96e-01	0.00e+00	0.00e+00
 4.20810e+14	2.11e-19	9.27e-14	5.69e-09	2.10e-05	4.58e-03	9.95e-01	0.00e+00	0.00e+00
 4.36338e+14	2.82e-19	1.19e-13	7.04e-09	2.42e-05	4.97e-03	9.95e-01	0.00e+00	0.00e+00
 4.50032e+14	3.61e-19	1.47e-13	8.43e-09	2.74e-05	5.31e-03	9.95e-01	0.00e+00	0.00e+00
 4.64828e+14	4.62e-19	1.83e-13	1.02e-08	3.12e-05	5.71e-03	9.94e-01	0.00e+00	0.00e+00
 4.82669e+14	6.24e-19	2.37e-13	1.27e-08	3.63e-05	6.21e-03	9.94e-01	0.00e+00	0.00e+00
 5.00338e+14	8.32e-19	3.05e-13	1.57e-08	4.19e-05	6.73e-03	9.93e-01	0.00e+00	0.00e+00
 5.16036e+14	1.06e-18	3.77e-13	1.88e-08	4.73e-05	7.20e-03	9.93e-01	0.00e+00	0.00e+00
 5.33304e+14	1.38e-18	4.72e-13	2.28e-08	5.40e-05	7.76e-03	9.92e-01	0.00e+00	0.00e+00
 5.53941e+14	1.86e-18	6.14e-13	2.86e-08	6.28e-05	8.44e-03	9.91e-01	0.00e+00	0.00e+00
 5.74482e+14	2.50e-18	7.92e-13	3.54e-08	7.26e-05	9.15e-03	9.91e-01	0.00e+00	0.00e+00
 5.93255e+14	3.20e-18	9.86e-13	4.29e-08	8.26e-05	9.82e-03	9.90e-01	0.00e+00	0.00e+00
 6.14204e+14	4.30e-18	1.27e-12	5.26e-08	9.48e-05	1.06e-02	9.89e-01	0.00e+00	0.00e+00
 6.38581e+14	5.88e-18	1.66e-12	6.63e-08	1.11e-04	1.16e-02	9.88e-01	0.00e+00	0.00e+00
 6.62561e+14	7.95e-18	2.16e-12	8.26e-08	1.28e-04	1.26e-02	9.87e-01	0.00e+00	0.00e+00
 6.85318e+14	1.05e-17	2.74e-12	1.01e-07	1.47e-04	1.35e-02	9.86e-01	0.00e+00	0.00e+00
 7.10578e+14	1.41e-17	3.54e-12	1.25e-07	1.69e-04	1.47e-02	9.85e-01	0.00e+00	0.00e+00
 7.34411e+14	1.83e-17	4.44e-12	1.53e-07	1.93e-04	1.58e-02	9.84e-01	0.00e+00	0.00e+00
 7.52240e+14	2.24e-17	5.29e-12	1.76e-07	2.13e-04	1.66e-02	9.83e-01	0.00e+00	0.00e+00
 7.70509e+14	2.79e-17	6.34e-12	2.03e-07	2.34e-04	1.75e-02	9.82e-01	0.00e+00	0.00e+00
 7.94260e+14	3.59e-17	7.89e-12	2.44e-07	2.64e-04	1.88e-02	9.81e-01	0.00e+00	0.00e+00
 8.19918e+14	4.60e-17	9.82e-12	2.95e-07	3.00e-04	2.01e-02	9.80e-01	0.00e+00	0.00e+00
 8.43009e+14	5.86e-17	1.20e-11	3.49e-07	3.35e-04	2.14e-02	9.78e-01	0.00e+00	0.00e+00
 8.67980e+14	7.51e-17	1.49e-11	4.16e-07	3.76e-04	2.28e-02	9.77e-01	0.00e+00	0.00e+00
 8.99751e+14	1.05e-16	1.97e-11	5.18e-07	4.34e-04	2.47e-02	9.75e-01	0.00e+00	0.00e+00
 9.31778e+14	1.38e-16	2.50e-11	6.39e-07	4.99e-04	2.66e-02	9.73e-01	0.00e+00	0.00e+00
 9.58657e+14	1.93e-16	3.10e-11	7.59e-07	5.59e-04	2.83e-02	9.71e-01	0.00e+00	0.00e+00
 9.87427e+14	2.51e-16	3.86e-11	9.08e-07	6.28e-04	3.02e-02	9.69e-01	0.00e+00	0.00e+00
 1.02378e+15	3.55e-16	5.11e-11	1.13e-06	7.26e-04	3.26e-02	9.67e-01	0.00e+00	0.00e+00
 1.06189e+15	4.80e-16	6.63e-11	1.41e-06	8.39e-04	3.53e-02	9.64e-01	0.00e+00	0.00e+00
 1.09609e+15	6.40e-16	8.43e-11	1.71e-06	9.52e-04	3.78e-02	9.61e-01	0.00e+00	0.00e+00
 1.13330e+15	8.65e-16	1.08e-10	2.09e-06	1.09e-03	4.06e-02	9.58e-01	0.00e+00	0.00e+00
 1.17743e+15	1.28e-15	1.47e-10	2.64e-06	1.26e-03	4.40e-02	9.55e-01	0.00e+00	0.00e+00
 1.22087e+15	1.76e-15	1.93e-10	3.29e-06	1.46e-03	4.75e-02	9.51e-01	0.00e+00	0.00e+00
 1.26040e+15	2.37e-15	2.47e-10	3.99e-06	1.66e-03	5.08e-02	9.48e-01	0.00e+00	0.00e+00
 1.30458e+15	3.16e-15	3.16e-10	4.92e-06	1.90e-03	5.46e-02	9.44e-01	0.00e+00	0.00e+00
 1.35615e+15	4.66e-15	4.32e-10	6.24e-06	2.21e-03	5.93e-02	9.39e-01	0.00e+00	0.00e+00
 1.40699e+15	6.60e-15	5.73e-10	7.80e-06	2.56e-03	6.39e-02	9.34e-01	0.00e+00	0.00e+00
 1.45511e+15	9.06e-15	7.43e-10	9.56e-06	2.92e-03	6.85e-02	9.29e-01	0.00e+00	0.00e+00
 1.50858e+15	1.23e-14	9.66e-10	1.19e-05	3.37e-03	7.37e-02	9.23e-01	0.00e+00	0.00e+00
 1.56896e+15	1.87e-14	1.34e-09	1.51e-05	3.93e-03	8.00e-02	9.16e-01	0.00e+00	0.00e+00
 1.61966e+15	2.53e-14	1.71e-09	1.83e-05	4.46e-03	8.53e-02	9.10e-01	0.00e+00	0.00e+00
 1.65622e+15	3.12e-14	2.04e-09	2.10e-05	4.86e-03	8.91e-02	9.06e-01	0.00e+00	0.00e+00
 1.69447e+15	3.89e-14	2.43e-09	2.41e-05	5.32e-03	9.33e-02	9.01e-01	0.00e+00	0.00e+00
 1.74420e+15	4.94e-14	2.99e-09	2.86e-05	5.95e-03	9.87e-02	8.95e-01	0.00e+00	0.00e+00
 1.79971e+15	6.92e-14	3.89e-09	3.47e-05	6.72e-03	1.05e-01	8.88e-01	0.00e+00	0.00e+00
 1.85161e+15	8.99e-14	4.83e-09	4.11e-05	7.51e-03	1.11e-01	8.81e-01	0.00e+00	0.00e+00
 1.90792e+15	1.17e-13	6.01e-09	4.92e-05	8.43e-03	1.18e-01	8.74e-01	0.00e+00	0.00e+00
 1.97126e+15	1.66e-13	7.90e-09	5.99e-05	9.56e-03	1.25e-01	8.65e-01	0.00e+00	0.00e+00
 2.03125e+15	2.19e-13	9.93e-09	7.16e-05	1.07e-02	1.33e-01	8.57e-01	0.00e+00	0.00e+00
 2.09678e+15	2.88e-13	1.25e-08	8.65e-05	1.21e-02	1.41e-01	8.47e-01	0.00e+00	0.00e+00
 2.17041e+15	4.18e-13	1.67e-08	1.07e-04	1.38e-02	1.50e-01	8.36e-01	0.00e+00	0.00e+00
 2.24024e+15	5.67e-13	2.14e-08	1.29e-04	1.56e-02	1.59e-01	8.25e-01	0.00e+00	0.00e+00
 2.31667e+15	7.51e-13	2.72e-08	1.56e-04	1.77e-02	1.69e-01	8.13e-01	0.00e+00	0.00e+00
 2.40162e+15	1.11e-12	3.68e-08	1.94e-04	2.03e-02	1.80e-01	7.99e-01	0.00e+00	0.00e+00
 2.48010e+15	1.51e-12	4.72e-08	2.35e-04	2.28e-02	1.91e-01	7.86e-01	0.00e+00	0.00e+00
 2.56460e+15	1.99e-12	5.98e-08	2.85e-04	2.58e-02	2.02e-01	7.72e-01	0.00e+00	0.00e+00
 2.65946e+15	2.96e-12	8.12e-08	3.54e-04	2.96e-02	2.15e-01	7.55e-01	0.00e+00	0.00e+00
 2.74853e+15	3.99e-12	1.04e-07	4.28e-04	3.33e-02	2.26e-01	7.40e-01	0.00e+00	0.00e+00
 2.84506e+15	5.38e-12	1.33e-07	5.22e-04	3.77e-02	2.39e-01	7.23e-01	0.00e+00	0.00e+00
 2.95293e+15	8.02e-12	1.82e-07	6.49e-04	4.32e-02	2.54e-01	7.02e-01	0.00e+00	0.00e+00
 3.04990e+15	1.08e-11	2.31e-07	7.81e-04	4.84e-02	2.66e-01	6.85e-01	0.00e+00	0.00e+00
 3.13677e+15	1.37e-11	2.83e-07	9.15e-04	5.34e-02	2.77e-01	6.68e-01	0.00e+00	0.00e+00
 3.23615e+15	1.83e-11	3.58e-07	1.09e-03	5.95e-02	2.90e-01	6.50e-01	0.00e+00	0.00e+00
 3.35818e+15	2.72e-11	4.87e-07	1.36e-03	6.77e-02	3.06e-01	6.25e-01	0.00e+00	0.00e+00
 3.47901e+15	3.77e-11	6.35e-07	1.65e-03	7.63e-02	3.20e-01	6.02e-01	0.00e+00	0.00e+00
 3.57393e+15	4.85e-11	7.77e-07	1.92e-03	8.34e-02	3.31e-01	5.84e-01	0.00e+00	0.00e+00
 3.66585e+15	6.16e-11	9.42e-07	2.21e-03	9.08e-02	3.41e-01	5.66e-01	0.00e+00	0.00e+00
 3.78535e+15	7.97e-11	1.17e-06	2.64e-03	1.01e-01	3.53e-01	5.44e-01	0.00e+00	0.00e+00
 3.91286e+15	1.14e-10	1.54e-06	3.18e-03	1.12e-01	3.66e-01	5.18e-01	0.00e+00	0.00e+00
 4.01756e+15	1.43e-10	1.86e-06	3.66e-03	1.22e-01	3.76e-01	4.99e-01	0.00e+00	0.00e+00
 4.12044e+15	1.76e-10	2.21e-06	4.20e-03	1.32e-01	3.85e-01	4.80e-01	0.00e+00	0.00e+00
 4.25419e+15	2.47e-10	2.87e-06	5.01e-03	1.45e-01	3.96e-01	4.54e-01	0.00e+00	0.00e+00
 4.39009e+15	3.25e-10	3.58e-06	5.91e-03	1.59e-01	4.05e-01	4.29e-01	0.00e+00	0.00e+00
 4.50491e+15	4.02e-10	4.27e-06	6.78e-03	1.72e-01	4.12e-01	4.09e-01	0.00e+00	0.00e+00
 4.63030e+15	5.15e-10	5.22e-06	7.84e-03	1.86e-01	4.19e-01	3.87e-01	0.00e+00	0.00e+00
 4.79330e+15	7.44e-10	6.92e-06	9.46e-03	2.05e-01	4.27e-01	3.58e-01	0.00e+00	0.00e+00
 4.95615e+15	9.91e-10	8.73e-06	1.12e-02	2.24e-01	4.32e-01	3.32e-01	0.00e+00	0.00e+00
 5.08559e+15	1.22e-09	1.04e-05	1.28e-02	2.40e-01	4.35e-01	3.12e-01	0.00e+00	0.00e+00
 5.22064e+15	1.56e-09	1.26e-05	1.47e-02	2.57e-01	4.37e-01	2.91e-01	0.00e+00	0.00e+00
 5.37264e+15	2.13e-09	1.59e-05	1.71e-02	2.76e-01	4.38e-01	2.68e-01	0.00e+00	0.00e+00
 5.51414e+15	2.69e-09	1.92e-05	1.95e-02	2.94e-01	4.38e-01	2.49e-01	0.00e+00	0.00e+00
 5.66557e+15	3.44e-09	2.33e-05	2.24e-02	3.14e-01	4.35e-01	2.29e-01	0.00e+00	0.00e+00
 5.83131e+15	4.35e-09	2.82e-05	2.59e-02	3.35e-01	4.31e-01	2.08e-01	0.00e+00	0.00e+00
 5.98001e+15	5.81e-09	3.51e-05	2.95e-02	3.54e-01	4.27e-01	1.90e-01	0.00e+00	0.00e+00
 6.11066e+15	7.14e-09	4.12e-05	3.29e-02	3.71e-01	4.21e-01	1.75e-01	0.00e+00	0.00e+00
 6.22930e+15	8.56e-09	4.75e-05	3.63e-02	3.86e-01	4.15e-01	1.63e-01	0.00e+00	0.00e+00
 6.35934e+15	1.04e-08	5.53e-05	4.03e-02	4.02e-01	4.08e-01	1.50e-01	0.00e+00	0.00e+00
 6.50212e+15	1.31e-08	6.61e-05	4.53e-02	4.20e-01	3.99e-01	1.36e-01	0.00e+00	0.00e+00
 6.62742e+15	1.58e-08	7.64e-05	4.99e-02	4.35e-01	3.91e-01	1.25e-01	0.00e+00	0.00e+00
 6.73854e+15	1.85e-08	8.65e-05	5.43e-02	4.48e-01	3.83e-01	1.15e-01	0.00e+00	0.00e+00
 6.86527e+15	2.18e-08	9.85e-05	5.97e-02	4.62e-01	3.73e-01	1.06e-01	0.00e+00	0.00e+00
 7.03002e+15	2.95e-08	1.23e-04	6.80e-02	4.81e-01	3.58e-01	9.25e-02	0.00e+00	0.00e+00
 7.19870e+15	3.58e-08	1.44e-04	7.65e-02	4.98e-01	3.43e-01	8.17e-02	0.00e+00	0.00e+00
 7.34100e+15	4.74e-08	1.77e-04	8.54e-02	5.13e-01	3.29e-01	7.21e-02	0.00e+00	0.00e+00
 7.46770e+15	5.74e-08	2.04e-04	9.37e-02	5.25e-01	3.17e-01	6.47e-02	0.00e+00	0.00e+00
 7.58492e+15	6.90e-08	2.35e-04	1.02e-01	5.35e-01	3.04e-01	5.83e-02	0.00e+00	0.00e+00
 7.71664e+15	8.55e-08	2.76e-04	1.13e-01	5.46e-01	2.90e-01	5.15e-02	0.00e+00	0.00e+00
 7.85529e+15	1.00e-07	3.13e-04	1.24e-01	5.56e-01	2.75e-01	4.55e-02	0.00e+00	0.00e+00
 8.00294e+15	1.37e-07	3.92e-04	1.39e-01	5.65e-01	2.57e-01	3.86e-02	0.00e+00	0.00e+00
 8.15179e+15	1.76e-07	4.72e-04	1.54e-01	5.73e-01	2.40e-01	3.28e-02	0.00e+00	0.00e+00
 8.27118e+15	2.14e-07	5.47e-04	1.68e-01	5.78e-01	2.25e-01	2.86e-02	0.00e+00	0.00e+00
 8.37821e+15	2.60e-07	6.31e-04	1.82e-01	5.81e-01	2.12e-01	2.51e-02	0.00e+00	0.00e+00
 8.47973e+15	3.11e-07	7.20e-04	1.96e-01	5.82e-01	1.99e-01	2.20e-02	0.00e+00	0.00e+00
 8.57336e+15	3.64e-07	8.09e-04	2.10e-01	5.83e-01	1.87e-01	1.94e-02	0.00e+00	0.00e+00
 8.67716e+15	4.23e-07	9.10e-04	2.26e-01	5.82e-01	1.74e-01	1.68e-02	0.00e+00	0.00e+00
 8.79451e+15	5.26e-07	1.07e-03	2.46e-01	5.80e-01	1.59e-01	1.41e-02	0.00e+00	0.00e+00
 8.89585e+15	6.50e-07	1.24e-03	2.65e-01	5.76e-01	1.46e-01	1.19e-02	0.00e+00	0.00e+00
 8.96306e+15	8.03e-07	1.44e-03	2.80e-01	5.72e-01	1.36e-01	1.04e-02	0.00e+00	0.00e+00
 9.00321e+15	8.70e-07	1.52e-03	2.88e-01	5.69e-01	1.31e-01	9.65e-03	0.00e+00	0.00e+00
 9.03908e+15	9.44e-07	1.62e-03	2.97e-01	5.66e-01	1.26e-01	8.98e-03	0.00e+00	0.00e+00
 9.08572e+15	1.01e-06	1.70e-03	3.06e-01	5.63e-01	1.21e-01	8.24e-03	0.00e+00	0.00e+00
 9.14635e+15	1.19e-06	1.91e-03	3.21e-01	5.57e-01	1.12e-01	7.20e-03	0.00e+00	0.00e+00
 9.20668e+15	1.37e-06	2.11e-03	3.36e-01	5.51e-01	1.05e-01	6.31e-03	0.00e+00	0.00e+00
 9.25567e+15	1.49e-06	2.25e-03	3.47e-01	5.46e-01	9.87e-02	5.67e-03	0.00e+00	0.00e+00
 9.30845e+15	1.78e-06	2.54e-03	3.62e-01	5.39e-01	9.15e-02	4.90e-03	0.00e+00	0.00e+00
 9.36010e+15	1.92e-06	2.69e-03	3.75e-01	5.33e-01	8.56e-02	4.36e-03	0.00e+00	0.00e+00
 9.41030e+15	2.18e-06	2.95e-03	3.89e-01	5.25e-01	7.93e-02	3.79e-03	0.00e+00	0.00e+00
 9.46480e+15	2.51e-06	3.25e-03	4.04e-01	5.17e-01	7.28e-02	3.25e-03	0.00e+00	0.00e+00
 9.51311e+15	2.86e-06	3.56e-03	4.18e-01	5.09e-01	6.71e-02	2.80e-03	0.00e+00	0.00e+00
 9.55560e+15	3.21e-06	3.87e-03	4.30e-01	5.01e-01	6.23e-02	2.45e-03	0.00e+00	0.00e+00
 9.60233e+15	3.65e-06	4.23e-03	4.45e-01	4.92e-01	5.70e-02	2.08e-03	0.00e+00	0.00e+00
 9.65363e+15	4.19e-06	4.66e-03	4.60e-01	4.82e-01	5.15e-02	1.74e-03	0.00e+00	0.00e+00
 9.69986e+15	4.78e-06	5.11e-03	4.74e-01	4.73e-01	4.68e-02	1.46e-03	0.00e+00	0.00e+00
 9.74102e+15	5.54e-06	5.64e-03	4.87e-01	4.63e-01	4.26e-02	1.23e-03	0.00e+00	0.00e+00
 9.77871e+15	6.01e-06	5.98e-03	4.98e-01	4.56e-01	3.92e-02	1.06e-03	0.00e+00	0.00e+00
 9.81980e+15	7.00e-06	6.63e-03	5.12e-01	4.46e-01	3.53e-02	8.76e-04	0.00e+00	0.00e+00
 9.86384e+15	7.89e-06	7.21e-03	5.24e-01	4.36e-01	3.17e-02	7.23e-04	0.00e+00	0.00e+00
 9.91171e+15	9.11e-06	7.95e-03	5.39e-01	4.25e-01	2.79e-02	5.73e-04	0.00e+00	0.00e+00
 9.96329e+15	1.06e-05	8.79e-03	5.54e-01	4.13e-01	2.42e-02	4.46e-04	0.00e+00	0.00e+00
 1.00100e+16	1.20e-05	9.63e-03	5.67e-01	4.02e-01	2.12e-02	3.51e-04	0.00e+00	0.00e+00
 1.00611e+16	1.40e-05	1.07e-02	5.81e-01	3.90e-01	1.81e-02	2.66e-04	0.00e+00	0.00e+00
 1.01176e+16	1.64e-05	1.19e-02	5.96e-01	3.76e-01	1.53e-02	1.95e-04	0.00e+00	0.00e+00
 1.01712e+16	1.90e-05	1.31e-02	6.10e-01	3.64e-01	1.29e-02	1.44e-04	0.00e+00	0.00e+00
 1.02141e+16	2.13e-05	1.42e-02	6.20e-01	3.54e-01	1.13e-02	1.13e-04	0.00e+00	0.00e+00
 1.02462e+16	2.33e-05	1.50e-02	6.28e-01	3.47e-01	1.01e-02	9.34e-05	0.00e+00	0.00e+00
 1.02810e+16	2.56e-05	1.60e-02	6.36e-01	3.39e-01	9.00e-03	7.55e-05	0.00e+00	0.00e+00
 1.03263e+16	2.90e-05	1.74e-02	6.46e-01	3.29e-01	7.70e-03	5.69e-05	0.00e+00	0.00e+00
 1.03747e+16	3.29e-05	1.89e-02	6.56e-01	3.18e-01	6.53e-03	4.24e-05	0.00e+00	0.00e+00
 1.04181e+16	3.68e-05	2.04e-02	6.65e-01	3.09e-01	5.64e-03	3.26e-05	0.00e+00	0.00e+00
 1.04652e+16	4.17e-05	2.21e-02	6.75e-01	2.98e-01	4.78e-03	2.41e-05	0.00e+00	0.00e+00
 1.05169e+16	4.76e-05	2.41e-02	6.85e-01	2.87e-01	4.00e-03	1.75e-05	0.00e+00	0.00e+00
 1.05641e+16	5.37e-05	2.61e-02	6.93e-01	2.77e-01	3.40e-03	1.30e-05	0.00e+00	0.00e+00
 1.06079e+16	6.00e-05	2.81e-02	7.01e-01	2.68e-01	2.92e-03	9.90e-06	0.00e+00	0.00e+00
 1.06580e+16	6.83e-05	3.06e-02	7.10e-01	2.57e-01	2.44e-03	7.16e-06	0.00e+00	0.00e+00
 1.07126e+16	7.84e-05	3.35e-02	7.18e-01	2.46e-01	2.01e-03	5.09e-06	0.00e+00	0.00e+00
 1.07615e+16	8.90e-05	3.64e-02	7.26e-01	2.36e-01	1.70e-03	3.74e-06	0.00e+00	0.00e+00
 1.08056e+16	9.98e-05	3.92e-02	7.33e-01	2.27e-01	1.45e-03	2.83e-06	0.00e+00	0.00e+00
 1.08554e+16	1.13e-04	4.26e-02	7.40e-01	2.17e-01	1.21e-03	2.05e-06	0.00e+00	0.00e+00
 1.09108e+16	1.31e-04	4.69e-02	7.47e-01	2.05e-01	9.96e-04	1.44e-06	0.00e+00	0.00e+00
 1.09600e+16	1.50e-04	5.11e-02	7.53e-01	1.95e-01	8.35e-04	1.05e-06	0.00e+00	0.00e+00
 1.10026e+16	1.68e-04	5.50e-02	7.58e-01	1.87e-01	7.16e-04	8.01e-07	0.00e+00	0.00e+00
 1.10498e+16	1.91e-04	5.98e-02	7.62e-01	1.77e-01	6.00e-04	0.00e+00	0.00e+00	0.00e+00
 1.11023e+16	2.21e-04	6.58e-02	7.67e-01	1.66e-01	4.94e-04	0.00e+00	0.00e+00	0.00e+00
 1.11495e+16	2.54e-04	7.18e-02	7.70e-01	1.57e-01	4.14e-04	0.00e+00	0.00e+00	0.00e+00
 1.11909e+16	2.86e-04	7.75e-02	7.73e-01	1.49e-01	3.54e-04	0.00e+00	0.00e+00	0.00e+00
 1.12370e+16	3.27e-04	8.46e-02	7.75e-01	1.40e-01	2.95e-04	0.00e+00	0.00e+00	0.00e+00
 1.12876e+16	3.80e-04	9.32e-02	7.76e-01	1.30e-01	2.41e-04	0.00e+00	0.00e+00	0.00e+00
 1.13325e+16	4.37e-04	1.02e-01	7.76e-01	1.22e-01	2.01e-04	0.00e+00	0.00e+00	0.00e+00
 1.13719e+16	4.94e-04	1.10e-01	7.75e-01	1.14e-01	1.71e-04	0.00e+00	0.00e+00	0.00e+00
 1.14157e+16	5.68e-04	1.20e-01	7.73e-01	1.06e-01	1.42e-04	0.00e+00	0.00e+00	0.00e+00
 1.14641e+16	6.64e-04	1.33e-01	7.69e-01	9.76e-02	1.15e-04	0.00e+00	0.00e+00	0.00e+00
 1.15072e+16	7.68e-04	1.46e-01	7.64e-01	9.00e-02	9.48e-05	0.00e+00	0.00e+00	0.00e+00
 1.15453e+16	8.74e-04	1.58e-01	7.58e-01	8.34e-02	7.96e-05	0.00e+00	0.00e+00	0.00e+00
 1.15877e+16	1.01e-03	1.73e-01	7.50e-01	7.63e-02	6.49e-05	0.00e+00	0.00e+00	0.00e+00
 1.16345e+16	1.20e-03	1.92e-01	7.38e-01	6.86e-02	5.16e-05	0.00e+00	0.00e+00	0.00e+00
 1.16769e+16	1.40e-03	2.11e-01	7.26e-01	6.18e-02	4.15e-05	0.00e+00	0.00e+00	0.00e+00
 1.17148e+16	1.61e-03	2.30e-01	7.12e-01	5.60e-02	3.39e-05	0.00e+00	0.00e+00	0.00e+00
 1.17572e+16	1.89e-03	2.54e-01	6.95e-01	4.97e-02	2.67e-05	0.00e+00	0.00e+00	0.00e+00
 1.18041e+16	2.26e-03	2.82e-01	6.72e-01	4.31e-02	2.03e-05	0.00e+00	0.00e+00	0.00e+00
 1.18474e+16	2.69e-03	3.13e-01	6.47e-01	3.73e-02	1.55e-05	0.00e+00	0.00e+00	0.00e+00
 1.18875e+16	3.17e-03	3.44e-01	6.21e-01	3.22e-02	1.19e-05	0.00e+00	0.00e+00	0.00e+00
 1.19331e+16	3.83e-03	3.83e-01	5.87e-01	2.68e-02	8.60e-06	0.00e+00	0.00e+00	0.00e+00
 1.19818e+16	4.72e-03	4.29e-01	5.45e-01	2.16e-02	5.95e-06	0.00e+00	0.00e+00	0.00e+00
 1.20229e+16	5.66e-03	4.72e-01	5.05e-01	1.75e-02	4.23e-06	0.00e+00	0.00e+00	0.00e+00
 1.20575e+16	6.61e-03	5.11e-01	4.68e-01	1.44e-02	3.10e-06	0.00e+00	0.00e+00	0.00e+00
 1.20953e+16	7.84e-03	5.55e-01	4.26e-01	1.14e-02	2.15e-06	0.00e+00	0.00e+00	0.00e+00
 1.21373e+16	9.48e-03	6.07e-01	3.75e-01	8.54e-03	1.38e-06	0.00e+00	0.00e+00	0.00e+00
 1.21714e+16	1.12e-02	6.50e-01	3.32e-01	6.53e-03	9.24e-07	0.00e+00	0.00e+00	0.00e+00
 1.21954e+16	1.25e-02	6.80e-01	3.02e-01	5.33e-03	0.00e+00	0.00e+00	0.00e+00	0.00e+00
 1.22193e+16	1.40e-02	7.10e-01	2.71e-01	4.27e-03	0.00e+00	0.00e+00	0.00e+00	0.00e+00
 1.22504e+16	1.63e-02	7.47e-01	2.33e-01	3.13e-03	0.00e+00	0.00e+00	0.00e+00	0.00e+00
 1.22814e+16	1.89e-02	7.83e-01	1.96e-01	2.22e-03	0.00e+00	0.00e+00	0.00e+00	0.00e+00
 1.23043e+16	2.13e-02	8.08e-01	1.69e-01	1.67e-03	0.00e+00	0.00e+00	0.00e+00	0.00e+00
 1.23224e+16	2.34e-02	8.26e-01	1.49e-01	1.32e-03	0.00e+00	0.00e+00	0.00e+00	0.00e+00
 1.23421e+16	2.59e-02	8.44e-01	1.29e-01	1.00e-03	0.00e+00	0.00e+00	0.00e+00	0.00e+00
 1.23676e+16	2.96e-02	8.64e-01	1.06e-01	6.88e-04	0.00e+00	0.00e+00	0.00e+00	0.00e+00
 1.23933e+16	3.40e-02	8.81e-01	8.42e-02	4.55e-04	0.00e+00	0.00e+00	0.00e+00	0.00e+00
 1.24124e+16	3.78e-02	8.92e-01	6.99e-02	3.24e-04	0.00e+00	0.00e+00	0.00e+00	0.00e+00
 1.24278e+16	4.13e-02	8.99e-01	5.98e-02	2.45e-04	0.00e+00	0.00e+00	0.00e+00	0.00e+00
 1.24446e+16	4.55e-02	9.05e-01	4.99e-02	1.76e-04	0.00e+00	0.00e+00	0.00e+00	0.00e+00
 1.24666e+16	5.19e-02	9.09e-01	3.89e-02	1.13e-04	0.00e+00	0.00e+00	0.00e+00	0.00e+00
 1.24888e+16	5.93e-02	9.11e-01	2.96e-02	6.95e-05	0.00e+00	0.00e+00	0.00e+00	0.00e+00
 1.25060e+16	6.60e-02	9.10e-01	2.36e-02	4.64e-05	0.00e+00	0.00e+00	0.00e+00	0.00e+00
 1.25200e+16	7.22e-02	9.08e-01	1.94e-02	3.31e-05	0.00e+00	0.00e+00	0.00e+00	0.00e+00
 1.25351e+16	7.96e-02	9.05e-01	1.56e-02	2.24e-05	0.00e+00	0.00e+00	0.00e+00	0.00e+00
 1.25518e+16	8.87e-02	8.99e-01	1.22e-02	1.45e-05	0.00e+00	0.00e+00	0.00e+00	0.00e+00
 1.25671e+16	9.80e-02	8.92e-01	9.61e-03	9.52e-06	0.00e+00	0.00e+00	0.00e+00	0.00e+00
 1.25806e+16	1.07e-01	8.85e-01	7.69e-03	6.45e-06	0.00e+00	0.00e+00	0.00e+00	0.00e+00
 1.25931e+16	1.17e-01	8.77e-01	6.25e-03	4.47e-06	0.00e+00	0.00e+00	0.00e+00	0.00e+00
 1.26044e+16	1.26e-01	8.69e-01	5.13e-03	3.16e-06	0.00e+00	0.00e+00	0.00e+00	0.00e+00
 1.26147e+16	1.35e-01	8.61e-01	4.27e-03	2.29e-06	0.00e+00	0.00e+00	0.00e+00	0.00e+00
 1.26244e+16	1.43e-01	8.53e-01	3.58e-03	1.68e-06	0.00e+00	0.00e+00	0.00e+00	0.00e+00
 1.26318e+16	1.50e-01	8.47e-01	3.14e-03	1.33e-06	0.00e+00	0.00e+00	0.00e+00	0.00e+00
 1.26365e+16	1.55e-01	8.42e-01	2.87e-03	1.14e-06	0.00e+00	0.00e+00	0.00e+00	0.00e+00
 1.26410e+16	1.59e-01	8.38e-01	2.64e-03	9.84e-07	0.00e+00	0.00e+00	0.00e+00	0.00e+00
 1.26462e+16	1.65e-01	8.33e-01	2.38e-03	0.00e+00	0.00e+00	0.00e+00	0.00e+00	0.00e+00
 1.26519e+16	1.71e-01	8.27e-01	2.13e-03	0.00e+00	0.00e+00	0.00e+00	0.00e+00	0.00e+00
 1.26573e+16	1.77e-01	8.21e-01	1.92e-03	0.00e+00	0.00e+00	0.00e+00	0.00e+00	0.00e+00
 1.26625e+16	1.83e-01	8.15e-01	1.73e-03	0.00e+00	0.00e+00	0.00e+00	0.00e+00	0.00e+00
 1.26676e+16	1.89e-01	8.09e-01	1.56e-03	0.00e+00	0.00e+00	0.00e+00	0.00e+00	0.00e+00
 1.26727e+16	1.95e-01	8.03e-01	1.41e-03	0.00e+00	0.00e+00	0.00e+00	0.00e+00	0.00e+00
 1.26778e+16	2.01e-01	7.97e-01	1.27e-03	0.00e+00	0.00e+00	0.00e+00	0.00e+00	0.00e+00
 1.26829e+16	2.08e-01	7.91e-01	1.14e-03	0.00e+00	0.00e+00	0.00e+00	0.00e+00	0.00e+00
 1.26878e+16	2.14e-01	7.85e-01	1.03e-03	0.00e+00	0.00e+00	0.00e+00	0.00e+00	0.00e+00
 1.26928e+16	2.21e-01	7.78e-01	9.24e-04	0.00e+00	0.00e+00	0.00e+00	0.00e+00	0.00e+00
 1.26977e+16	2.28e-01	7.71e-01	8.30e-04	0.00e+00	0.00e+00	0.00e+00	0.00e+00	0.00e+00
 1.27027e+16	2.35e-01	7.64e-01	7.46e-04	0.00e+00	0.00e+00	0.00e+00	0.00e+00	0.00e+00
 1.27075e+16	2.42e-01	7.57e-01	6.71e-04	0.00e+00	0.00e+00	0.00e+00	0.00e+00	0.00e+00
 1.27122e+16	2.49e-01	7.50e-01	6.04e-04	0.00e+00	0.00e+00	0.00e+00	0.00e+00	0.00e+00
 1.27170e+16	2.56e-01	7.43e-01	5.42e-04	0.00e+00	0.00e+00	0.00e+00	0.00e+00	0.00e+00
 1.27218e+16	2.64e-01	7.36e-01	4.87e-04	0.00e+00	0.00e+00	0.00e+00	0.00e+00	0.00e+00
 1.27265e+16	2.72e-01	7.28e-01	4.37e-04	0.00e+00	0.00e+00	0.00e+00	0.00e+00	0.00e+00
 1.27311e+16	2.80e-01	7.20e-01	3.92e-04	0.00e+00	0.00e+00	0.00e+00	0.00e+00	0.00e+00
 1.27358e+16	2.88e-01	7.11e-01	3.51e-04	0.00e+00	0.00e+00	0.00e+00	0.00e+00	0.00e+00
 1.27404e+16	2.96e-01	7.04e-01	3.14e-04	0.00e+00	0.00e+00	0.00e+00	0.00e+00	0.00e+00
 1.27450e+16	3.05e-01	6.95e-01	2.82e-04	0.00e+00	0.00e+00	0.00e+00	0.00e+00	0.00e+00
 1.27495e+16	3.14e-01	6.86e-01	2.52e-04	0.00e+00	0.00e+00	0.00e+00	0.00e+00	0.00e+00
 1.27540e+16	3.23e-01	6.77e-01	2.26e-04	0.00e+00	0.00e+00	0.00e+00	0.00e+00	0.00e+00
 1.27585e+16	3.32e-01	6.68e-01	2.02e-04	0.00e+00	0.00e+00	0.00e+00	0.00e+00	0.00e+00
 1.27630e+16	3.42e-01	6.58e-01	1.80e-04	0.00e+00	0.00e+00	0.00e+00	0.00e+00	0.00e+00
 1.27674e+16	3.53e-01	6.47e-01	1.61e-04	0.00e+00	0.00e+00	0.00e+00	0.00e+00	0.00e+00
 1.27718e+16	3.63e-01	6.37e-01	1.44e-04	0.00e+00	0.00e+00	0.00e+00	0.00e+00	0.00e+00
 1.27762e+16	3.74e-01	6.26e-01	1.28e-04	0.00e+00	0.00e+00	0.00e+00	0.00e+00	0.00e+00
 1.27805e+16	3.85e-01	6.15e-01	1.14e-04	0.00e+00	0.00e+00	0.00e+00	0.00e+00	0.00e+00
 1.27847e+16	3.97e-01	6.03e-01	1.02e-04	0.00e+00	0.00e+00	0.00e+00	0.00e+00	0.00e+00
 1.27889e+16	4.09e-01	5.91e-01	9.10e-05	0.00e+00	0.00e+00	0.00e+00	0.00e+00	0.00e+00
 1.27930e+16	4.22e-01	5.78e-01	8.13e-05	0.00e+00	0.00e+00	0.00e+00	0.00e+00	0.00e+00
 1.27971e+16	4.36e-01	5.64e-01	7.24e-05	0.00e+00	0.00e+00	0.00e+00	0.00e+00	0.00e+00
 1.28011e+16	4.48e-01	5.52e-01	6.48e-05	0.00e+00	0.00e+00	0.00e+00	0.00e+00	0.00e+00
 1.28051e+16	4.64e-01	5.36e-01	5.77e-05	0.00e+00	0.00e+00	0.00e+00	0.00e+00	0.00e+00
 1.28091e+16	4.77e-01	5.23e-01	5.15e-05	0.00e+00	0.00e+00	0.00e+00	0.00e+00	0.00e+00
 1.28131e+16	4.93e-01	5.07e-01	4.58e-05	0.00e+00	0.00e+00	0.00e+00	0.00e+00	0.00e+00
 1.28171e+16	5.08e-01	4.92e-01	4.07e-05	0.00e+00	0.00e+00	0.00e+00	0.00e+00	0.00e+00
 1.28211e+16	5.25e-01	4.75e-01	3.62e-05	0.00e+00	0.00e+00	0.00e+00	0.00e+00	0.00e+00
 1.28251e+16	5.41e-01	4.59e-01	3.21e-05	0.00e+00	0.00e+00	0.00e+00	0.00e+00	0.00e+00
 1.28291e+16	5.59e-01	4.41e-01	2.85e-05	0.00e+00	0.00e+00	0.00e+00	0.00e+00	0.00e+00
 1.28332e+16	5.80e-01	4.20e-01	2.50e-05	0.00e+00	0.00e+00	0.00e+00	0.00e+00	0.00e+00
 1.28372e+16	5.99e-01	4.01e-01	2.21e-05	0.00e+00	0.00e+00	0.00e+00	0.00e+00	0.00e+00
 1.28413e+16	6.18e-01	3.82e-01	1.94e-05	0.00e+00	0.00e+00	0.00e+00	0.00e+00	0.00e+00
 1.28455e+16	6.38e-01	3.62e-01	1.70e-05	0.00e+00	0.00e+00	0.00e+00	0.00e+00	0.00e+00
 1.28498e+16	6.58e-01	3.42e-01	1.49e-05	0.00e+00	0.00e+00	0.00e+00	0.00e+00	0.00e+00
 1.28543e+16	6.80e-01	3.20e-01	1.29e-05	0.00e+00	0.00e+00	0.00e+00	0.00e+00	0.00e+00
 1.28584e+16	6.98e-01	3.02e-01	1.14e-05	0.00e+00	0.00e+00	0.00e+00	0.00e+00	0.00e+00
 1.28619e+16	7.13e-01	2.87e-01	1.03e-05	0.00e+00	0.00e+00	0.00e+00	0.00e+00	0.00e+00
 1.28651e+16	7.27e-01	2.73e-01	9.33e-06	0.00e+00	0.00e+00	0.00e+00	0.00e+00	0.00e+00
 1.28685e+16	7.41e-01	2.59e-01	8.46e-06	0.00e+00	0.00e+00	0.00e+00	0.00e+00	0.00e+00
 1.28721e+16	7.57e-01	2.43e-01	7.56e-06	0.00e+00	0.00e+00	0.00e+00	0.00e+00	0.00e+00
 1.28757e+16	7.70e-01	2.30e-01	6.84e-06	0.00e+00	0.00e+00	0.00e+00	0.00e+00	0.00e+00
 1.28791e+16	7.83e-01	2.17e-01	6.19e-06	0.00e+00	0.00e+00	0.00e+00	0.00e+00	0.00e+00
 1.28826e+16	7.95e-01	2.05e-01	5.61e-06	0.00e+00	0.00e+00	0.00e+00	0.00e+00	0.00e+00
 1.28862e+16	8.07e-01	1.93e-01	5.08e-06	0.00e+00	0.00e+00	0.00e+00	0.00e+00	0.00e+00
 1.28897e+16	8.18e-01	1.82e-01	4.62e-06	0.00e+00	0.00e+00	0.00e+00	0.00e+00	0.00e+00
 1.28933e+16	8.29e-01	1.71e-01	4.20e-06	0.00e+00	0.00e+00	0.00e+00	0.00e+00	0.00e+00
 1.28970e+16	8.39e-01	1.61e-01	3.83e-06	0.00e+00	0.00e+00	0.00e+00	0.00e+00	0.00e+00
 1.29007e+16	8.48e-01	1.52e-01	3.50e-06	0.00e+00	0.00e+00	0.00e+00	0.00e+00	0.00e+00
 1.29046e+16	8.58e-01	1.42e-01	3.18e-06	0.00e+00	0.00e+00	0.00e+00	0.00e+00	0.00e+00
 1.29086e+16	8.66e-01	1.34e-01	2.91e-06	0.00e+00	0.00e+00	0.00e+00	0.00e+00	0.00e+00
 1.29128e+16	8.74e-01	1.26e-01	2.65e-06	0.00e+00	0.00e+00	0.00e+00	0.00e+00	0.00e+00
 1.29170e+16	8.82e-01	1.18e-01	2.43e-06	0.00e+00	0.00e+00	0.00e+00	0.00e+00	0.00e+00
 1.29215e+16	8.89e-01	1.11e-01	2.23e-06	0.00e+00	0.00e+00	0.00e+00	0.00e+00	0.00e+00
 1.29262e+16	8.95e-01	1.05e-01	2.05e-06	0.00e+00	0.00e+00	0.00e+00	0.00e+00	0.00e+00
 1.29311e+16	9.01e-01	9.88e-02	1.88e-06	0.00e+00	0.00e+00	0.00e+00	0.00e+00	0.00e+00
 1.29363e+16	9.07e-01	9.31e-02	1.73e-06	0.00e+00	0.00e+00	0.00e+00	0.00e+00	0.00e+00
 1.29418e+16	9.12e-01	8.78e-02	1.60e-06	0.00e+00	0.00e+00	0.00e+00	0.00e+00	0.00e+00
 1.29478e+16	9.17e-01	8.28e-02	1.47e-06	0.00e+00	0.00e+00	0.00e+00	0.00e+00	0.00e+00
 1.29542e+16	9.22e-01	7.80e-02	1.36e-06	0.00e+00	0.00e+00	0.00e+00	0.00e+00	0.00e+00
 1.29610e+16	9.26e-01	7.36e-02	1.26e-06	0.00e+00	0.00e+00	0.00e+00	0.00e+00	0.00e+00
 1.29685e+16	9.31e-01	6.94e-02	1.16e-06	0.00e+00	0.00e+00	0.00e+00	0.00e+00	0.00e+00
 1.29766e+16	9.35e-01	6.54e-02	1.07e-06	0.00e+00	0.00e+00	0.00e+00	0.00e+00	0.00e+00
 1.29855e+16	9.38e-01	6.16e-02	9.90e-07	0.00e+00	0.00e+00	0.00e+00	0.00e+00	0.00e+00
 1.29951e+16	9.42e-01	5.81e-02	9.13e-07	0.00e+00	0.00e+00	0.00e+00	0.00e+00	0.00e+00
 1.30056e+16	9.45e-01	5.47e-02	8.42e-07	0.00e+00	0.00e+00	0.00e+00	0.00e+00	0.00e+00
 1.30170e+16	9.49e-01	5.14e-02	7.75e-07	0.00e+00	0.00e+00	0.00e+00	0.00e+00	0.00e+00
 1.30293e+16	9.52e-01	4.83e-02	7.13e-07	0.00e+00	0.00e+00	0.00e+00	0.00e+00	0.00e+00
 1.30423e+16	9.55e-01	4.53e-02	6.55e-07	0.00e+00	0.00e+00	0.00e+00	0.00e+00	0.00e+00
 1.30562e+16	9.57e-01	4.25e-02	6.01e-07	0.00e+00	0.00e+00	0.00e+00	0.00e+00	0.00e+00
 1.30708e+16	9.60e-01	3.98e-02	5.50e-07	0.00e+00	0.00e+00	0.00e+00	0.00e+00	0.00e+00
 1.30862e+16	9.63e-01	3.72e-02	5.02e-07	0.00e+00	0.00e+00	0.00e+00	0.00e+00	0.00e+00
