#depth	He	He+	He+2
 1.49634e+10	9.69e-22	2.92e-11	1.00e+00
 4.54887e+10	1.12e-21	3.18e-11	1.00e+00
 7.72350e+10	1.30e-21	3.46e-11	1.00e+00
 1.10251e+11	1.50e-21	3.77e-11	1.00e+00
 1.42495e+11	1.72e-21	4.09e-11	1.00e+00
 1.73157e+11	1.94e-21	4.41e-11	1.00e+00
 2.07139e+11	2.22e-21	4.78e-11	1.00e+00
 2.45351e+11	2.58e-21	5.22e-11	1.00e+00
 2.83995e+11	2.97e-21	5.69e-11	1.00e+00
 3.24186e+11	3.43e-21	6.20e-11	1.00e+00
 3.63555e+11	3.94e-21	6.73e-11	1.00e+00
 3.99124e+11	4.44e-21	7.23e-11	1.00e+00
 4.38744e+11	5.05e-21	7.82e-11	1.00e+00
 4.85324e+11	5.86e-21	8.55e-11	1.00e+00
 5.31411e+11	6.75e-21	9.32e-11	1.00e+00
 5.74504e+11	7.65e-21	1.01e-10	1.00e+00
 6.22574e+11	8.76e-21	1.10e-10	1.00e+00
 6.77404e+11	1.02e-20	1.20e-10	1.00e+00
 7.31461e+11	1.18e-20	1.31e-10	1.00e+00
 7.87681e+11	1.35e-20	1.44e-10	1.00e+00
 8.49115e+11	1.57e-20	1.58e-10	1.00e+00
 9.10954e+11	1.82e-20	1.73e-10	1.00e+00
 9.75267e+11	2.09e-20	1.90e-10	1.00e+00
 1.04420e+12	2.43e-20	2.10e-10	1.00e+00
 1.11277e+12	2.79e-20	2.30e-10	1.00e+00
 1.18407e+12	3.20e-20	2.53e-10	1.00e+00
 1.26136e+12	3.70e-20	2.80e-10	1.00e+00
 1.34175e+12	4.26e-20	3.09e-10	1.00e+00
 1.42534e+12	4.91e-20	3.42e-10	1.00e+00
 1.51228e+12	5.64e-20	3.78e-10	1.00e+00
 1.59080e+12	6.36e-20	4.13e-10	1.00e+00
 1.65602e+12	6.99e-20	4.44e-10	1.00e+00
 1.72738e+12	7.72e-20	4.79e-10	1.00e+00
 1.81804e+12	8.72e-20	5.26e-10	1.00e+00
 1.91274e+12	9.86e-20	5.79e-10	1.00e+00
 1.99641e+12	1.09e-19	6.28e-10	1.00e+00
 2.07391e+12	1.20e-19	6.76e-10	1.00e+00
 2.16182e+12	1.32e-19	7.33e-10	1.00e+00
 2.27070e+12	1.49e-19	8.08e-10	1.00e+00
 2.37938e+12	1.67e-19	8.87e-10	1.00e+00
 2.47267e+12	1.83e-19	9.59e-10	1.00e+00
 2.57339e+12	2.02e-19	1.04e-09	1.00e+00
 2.69788e+12	2.26e-19	1.15e-09	1.00e+00
 2.82579e+12	2.54e-19	1.26e-09	1.00e+00
 2.94163e+12	2.81e-19	1.37e-09	1.00e+00
 3.06930e+12	3.13e-19	1.50e-09	1.00e+00
 3.21926e+12	3.54e-19	1.66e-09	1.00e+00
 3.36900e+12	4.00e-19	1.83e-09	1.00e+00
 3.51165e+12	4.48e-19	2.00e-09	1.00e+00
 3.66896e+12	5.06e-19	2.19e-09	1.00e+00
 3.84565e+12	5.80e-19	2.42e-09	1.00e+00
 4.00472e+12	6.55e-19	2.64e-09	1.00e+00
 4.13615e+12	7.23e-19	2.83e-09	1.00e+00
 4.27973e+12	8.04e-19	3.04e-09	1.00e+00
 4.46307e+12	9.19e-19	3.33e-09	1.00e+00
 4.64815e+12	1.05e-18	3.64e-09	1.00e+00
 4.80147e+12	1.17e-18	3.90e-09	1.00e+00
 4.96342e+12	1.31e-18	4.19e-09	1.00e+00
 5.17101e+12	1.51e-18	4.57e-09	1.00e+00
 5.38858e+12	1.75e-18	5.00e-09	1.00e+00
 5.57939e+12	1.99e-18	5.39e-09	1.00e+00
 5.78480e+12	2.27e-18	5.83e-09	1.00e+00
 6.01251e+12	2.62e-18	6.33e-09	1.00e+00
 6.22367e+12	2.99e-18	6.83e-09	1.00e+00
 6.45264e+12	3.43e-18	7.38e-09	1.00e+00
 6.70714e+12	3.99e-18	8.02e-09	1.00e+00
 6.94434e+12	4.58e-18	8.65e-09	1.00e+00
 7.20219e+12	5.29e-18	9.35e-09	1.00e+00
 7.48902e+12	6.18e-18	1.02e-08	1.00e+00
 7.75711e+12	7.13e-18	1.10e-08	1.00e+00
 8.04924e+12	8.27e-18	1.19e-08	1.00e+00
 8.37531e+12	9.73e-18	1.30e-08	1.00e+00
 8.68191e+12	1.13e-17	1.40e-08	1.00e+00
 9.01691e+12	1.32e-17	1.52e-08	1.00e+00
 9.39196e+12	1.56e-17	1.66e-08	1.00e+00
 9.74701e+12	1.82e-17	1.79e-08	1.00e+00
 1.01296e+13	2.13e-17	1.95e-08	1.00e+00
 1.05648e+13	2.54e-17	2.13e-08	1.00e+00
 1.09922e+13	2.99e-17	2.32e-08	1.00e+00
 1.14367e+13	3.53e-17	2.52e-08	1.00e+00
 1.19241e+13	4.19e-17	2.75e-08	1.00e+00
 1.24310e+13	4.97e-17	3.00e-08	1.00e+00
 1.29581e+13	5.92e-17	3.28e-08	1.00e+00
 1.34552e+13	6.92e-17	3.55e-08	1.00e+00
 1.39036e+13	7.92e-17	3.80e-08	1.00e+00
 1.43285e+13	8.96e-17	4.05e-08	1.00e+00
 1.47998e+13	1.02e-16	4.32e-08	1.00e+00
 1.53277e+13	1.18e-16	4.65e-08	1.00e+00
 1.58283e+13	1.35e-16	4.97e-08	1.00e+00
 1.63782e+13	1.55e-16	5.33e-08	1.00e+00
 1.69814e+13	1.79e-16	5.74e-08	1.00e+00
 1.75343e+13	2.04e-16	6.13e-08	1.00e+00
 1.81337e+13	2.34e-16	6.56e-08	1.00e+00
 1.88032e+13	2.71e-16	7.06e-08	1.00e+00
 1.94343e+13	3.09e-16	7.55e-08	1.00e+00
 2.01248e+13	3.55e-16	8.10e-08	1.00e+00
 2.08925e+13	4.12e-16	8.73e-08	1.00e+00
 2.16110e+13	4.72e-16	9.35e-08	1.00e+00
 2.23956e+13	5.43e-16	1.00e-07	1.00e+00
 2.32718e+13	6.32e-16	1.08e-07	1.00e+00
 2.40994e+13	7.26e-16	1.16e-07	1.00e+00
 2.49992e+13	8.37e-16	1.25e-07	1.00e+00
 2.60038e+13	9.76e-16	1.35e-07	1.00e+00
 2.69680e+13	1.13e-15	1.45e-07	1.00e+00
 2.79961e+13	1.30e-15	1.56e-07	1.00e+00
 2.91458e+13	1.52e-15	1.69e-07	1.00e+00
 3.02954e+13	1.77e-15	1.82e-07	1.00e+00
 3.14909e+13	2.05e-15	1.96e-07	1.00e+00
 3.27804e+13	2.39e-15	2.12e-07	1.00e+00
 3.41216e+13	2.79e-15	2.29e-07	1.00e+00
 3.55164e+13	3.25e-15	2.48e-07	1.00e+00
 3.68690e+13	3.75e-15	2.66e-07	1.00e+00
 3.81444e+13	4.27e-15	2.85e-07	1.00e+00
 3.93479e+13	4.81e-15	3.02e-07	1.00e+00
 4.06581e+13	5.45e-15	3.22e-07	1.00e+00
 4.21183e+13	6.24e-15	3.45e-07	1.00e+00
 4.34956e+13	7.06e-15	3.67e-07	1.00e+00
 4.50084e+13	8.05e-15	3.93e-07	1.00e+00
 4.67068e+13	9.29e-15	4.23e-07	1.00e+00
 4.83243e+13	1.06e-14	4.51e-07	1.00e+00
 5.00954e+13	1.21e-14	4.84e-07	1.00e+00
 5.21291e+13	1.41e-14	5.24e-07	1.00e+00
 5.41169e+13	1.63e-14	5.64e-07	1.00e+00
 5.61841e+13	1.88e-14	6.07e-07	1.00e+00
 5.82693e+13	2.17e-14	6.53e-07	1.00e+00
 6.01070e+13	2.44e-14	6.94e-07	1.00e+00
 6.21054e+13	2.77e-14	7.41e-07	1.00e+00
 6.45146e+13	3.21e-14	8.00e-07	1.00e+00
 6.69073e+13	3.69e-14	8.60e-07	1.00e+00
 6.90444e+13	4.16e-14	9.15e-07	1.00e+00
 7.13998e+13	4.75e-14	9.80e-07	1.00e+00
 7.42007e+13	5.49e-14	1.06e-06	1.00e+00
 7.69756e+13	6.33e-14	1.14e-06	1.00e+00
 7.95080e+13	7.18e-14	1.22e-06	1.00e+00
 8.23302e+13	8.19e-14	1.30e-06	1.00e+00
 8.56189e+13	9.51e-14	1.41e-06	1.00e+00
 8.88486e+13	1.10e-13	1.52e-06	1.00e+00
 9.18911e+13	1.24e-13	1.63e-06	1.00e+00
 9.52801e+13	1.43e-13	1.75e-06	1.00e+00
 9.91213e+13	1.66e-13	1.90e-06	1.00e+00
 1.02951e+14	1.91e-13	2.05e-06	1.00e+00
 1.06533e+14	2.18e-13	2.20e-06	1.00e+00
 1.10423e+14	2.49e-13	2.37e-06	1.00e+00
 1.14775e+14	2.87e-13	2.56e-06	1.00e+00
 1.18834e+14	3.26e-13	2.74e-06	1.00e+00
 1.22597e+14	3.66e-13	2.93e-06	1.00e+00
 1.26212e+14	4.07e-13	3.10e-06	1.00e+00
 1.30215e+14	4.56e-13	3.31e-06	1.00e+00
 1.34636e+14	5.16e-13	3.54e-06	1.00e+00
 1.38752e+14	5.75e-13	3.76e-06	1.00e+00
 1.43250e+14	6.46e-13	4.01e-06	1.00e+00
 1.48301e+14	7.31e-13	4.30e-06	1.00e+00
 1.53113e+14	8.20e-13	4.59e-06	1.00e+00
 1.58409e+14	9.26e-13	4.92e-06	1.00e+00
 1.64265e+14	1.05e-12	5.29e-06	1.00e+00
 1.69684e+14	1.18e-12	5.66e-06	1.00e+00
 1.75564e+14	1.33e-12	6.06e-06	1.00e+00
 1.82126e+14	1.51e-12	6.53e-06	1.00e+00
 1.88270e+14	1.70e-12	6.98e-06	1.00e+00
 1.94955e+14	1.93e-12	7.51e-06	1.00e+00
 2.02383e+14	2.19e-12	8.10e-06	1.00e+00
 2.09327e+14	2.46e-12	8.69e-06	1.00e+00
 2.16890e+14	2.79e-12	9.33e-06	1.00e+00
 2.25346e+14	3.19e-12	1.01e-05	1.00e+00
 2.33331e+14	3.60e-12	1.09e-05	1.00e+00
 2.41884e+14	4.08e-12	1.17e-05	1.00e+00
 2.51387e+14	4.67e-12	1.27e-05	1.00e+00
 2.60610e+14	5.29e-12	1.37e-05	1.00e+00
 2.70405e+14	6.01e-12	1.48e-05	1.00e+00
 2.81251e+14	6.91e-12	1.61e-05	1.00e+00
 2.91891e+14	7.86e-12	1.74e-05	1.00e+00
 3.00648e+14	8.74e-12	1.85e-05	1.00e+00
 3.07653e+14	9.48e-12	1.95e-05	1.00e+00
 3.15379e+14	1.03e-11	2.05e-05	1.00e+00
 3.25424e+14	1.16e-11	2.20e-05	1.00e+00
 3.36211e+14	1.30e-11	2.36e-05	1.00e+00
 3.45807e+14	1.44e-11	2.51e-05	1.00e+00
 3.56128e+14	1.60e-11	2.68e-05	1.00e+00
 3.69215e+14	1.83e-11	2.90e-05	1.00e+00
 3.82485e+14	2.08e-11	3.13e-05	1.00e+00
 3.93727e+14	2.31e-11	3.34e-05	1.00e+00
 4.05749e+14	2.58e-11	3.57e-05	1.00e+00
 4.20810e+14	2.96e-11	3.87e-05	1.00e+00
 4.36338e+14	3.39e-11	4.20e-05	1.00e+00
 4.50032e+14	3.80e-11	4.50e-05	1.00e+00
 4.64828e+14	4.28e-11	4.84e-05	1.00e+00
 4.82669e+14	4.96e-11	5.28e-05	1.00e+00
 5.00338e+14	5.69e-11	5.73e-05	1.00e+00
 5.16036e+14	6.39e-11	6.14e-05	1.00e+00
 5.33304e+14	7.27e-11	6.62e-05	1.00e+00
 5.53941e+14	8.41e-11	7.21e-05	1.00e+00
 5.74482e+14	9.67e-11	7.83e-05	1.00e+00
 5.93255e+14	1.09e-10	8.41e-05	1.00e+00
 6.14204e+14	1.25e-10	9.11e-05	1.00e+00
 6.38581e+14	1.46e-10	9.95e-05	1.00e+00
 6.62561e+14	1.68e-10	1.08e-04	1.00e+00
 6.85318e+14	1.92e-10	1.17e-04	1.00e+00
 7.10578e+14	2.22e-10	1.27e-04	1.00e+00
 7.34411e+14	2.50e-10	1.37e-04	1.00e+00
 7.52240e+14	2.76e-10	1.44e-04	1.00e+00
 7.70509e+14	3.05e-10	1.52e-04	1.00e+00
 7.94260e+14	3.44e-10	1.63e-04	1.00e+00
 8.19918e+14	3.86e-10	1.75e-04	1.00e+00
 8.43009e+14	4.32e-10	1.87e-04	1.00e+00
 8.67980e+14	4.86e-10	1.99e-04	1.00e+00
 8.99751e+14	5.67e-10	2.16e-04	1.00e+00
 9.31778e+14	6.42e-10	2.34e-04	1.00e+00
 9.58657e+14	7.23e-10	2.49e-04	1.00e+00
 9.87427e+14	8.14e-10	2.66e-04	1.00e+00
 1.02378e+15	9.50e-10	2.89e-04	1.00e+00
 1.06189e+15	1.09e-09	3.13e-04	1.00e+00
 1.09609e+15	1.24e-09	3.36e-04	1.00e+00
 1.13330e+15	1.42e-09	3.62e-04	1.00e+00
 1.17743e+15	1.68e-09	3.95e-04	1.00e+00
 1.22087e+15	1.94e-09	4.28e-04	1.00e+00
 1.26040e+15	2.21e-09	4.59e-04	1.00e+00
 1.30458e+15	2.51e-09	4.95e-04	1.00e+00
 1.35615e+15	2.98e-09	5.40e-04	9.99e-01
 1.40699e+15	3.47e-09	5.85e-04	9.99e-01
 1.45511e+15	3.98e-09	6.30e-04	9.99e-01
 1.50858e+15	4.56e-09	6.82e-04	9.99e-01
 1.56896e+15	5.46e-09	7.44e-04	9.99e-01
 1.61966e+15	6.23e-09	7.97e-04	9.99e-01
 1.65622e+15	6.83e-09	8.37e-04	9.99e-01
 1.69447e+15	7.50e-09	8.80e-04	9.99e-01
 1.74420e+15	8.32e-09	9.36e-04	9.99e-01
 1.79971e+15	9.63e-09	1.00e-03	9.99e-01
 1.85161e+15	1.08e-08	1.07e-03	9.99e-01
 1.90792e+15	1.21e-08	1.14e-03	9.99e-01
 1.97126e+15	1.40e-08	1.22e-03	9.99e-01
 2.03125e+15	1.58e-08	1.30e-03	9.99e-01
 2.09678e+15	1.78e-08	1.40e-03	9.99e-01
 2.17041e+15	2.09e-08	1.51e-03	9.98e-01
 2.24024e+15	2.39e-08	1.61e-03	9.98e-01
 2.31667e+15	2.69e-08	1.73e-03	9.98e-01
 2.40162e+15	3.19e-08	1.88e-03	9.98e-01
 2.48010e+15	3.64e-08	2.01e-03	9.98e-01
 2.56460e+15	4.11e-08	2.16e-03	9.98e-01
 2.65946e+15	4.89e-08	2.34e-03	9.98e-01
 2.74853e+15	5.57e-08	2.51e-03	9.97e-01
 2.84506e+15	6.35e-08	2.71e-03	9.97e-01
 2.95293e+15	7.58e-08	2.94e-03	9.97e-01
 3.04990e+15	8.63e-08	3.15e-03	9.97e-01
 3.13677e+15	9.62e-08	3.35e-03	9.97e-01
 3.23615e+15	1.09e-07	3.59e-03	9.96e-01
 3.35818e+15	1.31e-07	3.90e-03	9.96e-01
 3.47901e+15	1.52e-07	4.22e-03	9.96e-01
 3.57393e+15	1.70e-07	4.48e-03	9.96e-01
 3.66585e+15	1.90e-07	4.75e-03	9.95e-01
 3.78535e+15	2.14e-07	5.10e-03	9.95e-01
 3.91286e+15	2.53e-07	5.50e-03	9.94e-01
 4.01756e+15	2.82e-07	5.84e-03	9.94e-01
 4.12044e+15	3.12e-07	6.20e-03	9.94e-01
 4.25419e+15	3.66e-07	6.69e-03	9.93e-01
 4.39009e+15	4.17e-07	7.19e-03	9.93e-01
 4.50491e+15	4.64e-07	7.65e-03	9.92e-01
 4.63030e+15	5.24e-07	8.18e-03	9.92e-01
 4.79330e+15	6.28e-07	8.92e-03	9.91e-01
 4.95615e+15	7.25e-07	9.68e-03	9.90e-01
 5.08559e+15	8.11e-07	1.03e-02	9.90e-01
 5.22064e+15	9.19e-07	1.11e-02	9.89e-01
 5.37264e+15	1.08e-06	1.20e-02	9.88e-01
 5.51414e+15	1.22e-06	1.28e-02	9.87e-01
 5.66557e+15	1.39e-06	1.38e-02	9.86e-01
 5.83131e+15	1.59e-06	1.50e-02	9.85e-01
 5.98001e+15	1.85e-06	1.62e-02	9.84e-01
 6.11066e+15	2.08e-06	1.73e-02	9.83e-01
 6.22930e+15	2.31e-06	1.83e-02	9.82e-01
 6.35934e+15	2.58e-06	1.96e-02	9.80e-01
 6.50212e+15	2.95e-06	2.11e-02	9.79e-01
 6.62742e+15	3.29e-06	2.25e-02	9.77e-01
 6.73854e+15	3.62e-06	2.39e-02	9.76e-01
 6.86527e+15	4.03e-06	2.56e-02	9.74e-01
 7.03002e+15	4.80e-06	2.81e-02	9.72e-01
 7.19870e+15	5.49e-06	3.09e-02	9.69e-01
 7.34100e+15	6.46e-06	3.36e-02	9.66e-01
 7.46770e+15	7.33e-06	3.63e-02	9.64e-01
 7.58492e+15	8.27e-06	3.91e-02	9.61e-01
 7.71664e+15	9.54e-06	4.26e-02	9.57e-01
 7.85529e+15	1.08e-05	4.67e-02	9.53e-01
 8.00294e+15	1.32e-05	5.21e-02	9.48e-01
 8.15179e+15	1.57e-05	5.82e-02	9.42e-01
 8.27118e+15	1.82e-05	6.39e-02	9.36e-01
 8.37821e+15	2.09e-05	6.99e-02	9.30e-01
 8.47973e+15	2.40e-05	7.64e-02	9.24e-01
 8.57336e+15	2.72e-05	8.31e-02	9.17e-01
 8.67716e+15	3.13e-05	9.20e-02	9.08e-01
 8.79451e+15	3.74e-05	1.04e-01	8.96e-01
 8.89585e+15	4.42e-05	1.15e-01	8.84e-01
 8.96306e+15	5.08e-05	1.24e-01	8.75e-01
 9.00321e+15	5.43e-05	1.30e-01	8.70e-01
 9.03908e+15	5.82e-05	1.36e-01	8.64e-01
 9.08572e+15	6.27e-05	1.44e-01	8.56e-01
 9.14635e+15	7.13e-05	1.56e-01	8.44e-01
 9.20668e+15	8.01e-05	1.69e-01	8.31e-01
 9.25567e+15	8.78e-05	1.80e-01	8.20e-01
 9.30845e+15	9.97e-05	1.94e-01	8.06e-01
 9.36010e+15	1.10e-04	2.09e-01	7.91e-01
 9.41030e+15	1.23e-04	2.25e-01	7.75e-01
 9.46480e+15	1.39e-04	2.45e-01	7.55e-01
 9.51311e+15	1.56e-04	2.63e-01	7.37e-01
 9.55560e+15	1.72e-04	2.81e-01	7.19e-01
 9.60233e+15	1.94e-04	3.03e-01	6.96e-01
 9.65363e+15	2.19e-04	3.29e-01	6.71e-01
 9.69986e+15	2.46e-04	3.54e-01	6.45e-01
 9.74102e+15	2.74e-04	3.78e-01	6.22e-01
 9.77871e+15	2.98e-04	4.01e-01	5.98e-01
 9.81980e+15	3.34e-04	4.29e-01	5.71e-01
 9.86384e+15	3.70e-04	4.58e-01	5.41e-01
 9.91171e+15	4.16e-04	4.93e-01	5.07e-01
 9.96329e+15	4.68e-04	5.30e-01	4.70e-01
 1.00100e+16	5.19e-04	5.64e-01	4.35e-01
 1.00611e+16	5.80e-04	6.02e-01	3.97e-01
 1.01176e+16	6.50e-04	6.43e-01	3.57e-01
 1.01712e+16	7.17e-04	6.79e-01	3.20e-01
 1.02141e+16	7.71e-04	7.06e-01	2.93e-01
 1.02462e+16	8.13e-04	7.25e-01	2.74e-01
 1.02810e+16	8.60e-04	7.46e-01	2.53e-01
 1.03263e+16	9.23e-04	7.72e-01	2.27e-01
 1.03747e+16	9.88e-04	7.96e-01	2.03e-01
 1.04181e+16	1.04e-03	8.15e-01	1.84e-01
 1.04652e+16	1.11e-03	8.35e-01	1.64e-01
 1.05169e+16	1.18e-03	8.54e-01	1.45e-01
 1.05641e+16	1.24e-03	8.69e-01	1.30e-01
 1.06079e+16	1.30e-03	8.81e-01	1.18e-01
 1.06580e+16	1.36e-03	8.94e-01	1.04e-01
 1.07126e+16	1.44e-03	9.07e-01	9.21e-02
 1.07615e+16	1.50e-03	9.16e-01	8.25e-02
 1.08056e+16	1.56e-03	9.24e-01	7.49e-02
 1.08554e+16	1.64e-03	9.32e-01	6.68e-02
 1.09108e+16	1.72e-03	9.39e-01	5.94e-02
 1.09600e+16	1.80e-03	9.45e-01	5.37e-02
 1.10026e+16	1.86e-03	9.49e-01	4.91e-02
 1.10498e+16	1.95e-03	9.54e-01	4.45e-02
 1.11023e+16	2.04e-03	9.58e-01	4.01e-02
 1.11495e+16	2.13e-03	9.61e-01	3.66e-02
 1.11909e+16	2.21e-03	9.64e-01	3.38e-02
 1.12370e+16	2.31e-03	9.67e-01	3.09e-02
 1.12876e+16	2.43e-03	9.69e-01	2.81e-02
 1.13325e+16	2.54e-03	9.72e-01	2.59e-02
 1.13719e+16	2.65e-03	9.73e-01	2.42e-02
 1.14157e+16	2.78e-03	9.75e-01	2.23e-02
 1.14641e+16	2.93e-03	9.77e-01	2.05e-02
 1.15072e+16	3.09e-03	9.78e-01	1.90e-02
 1.15453e+16	3.24e-03	9.79e-01	1.78e-02
 1.15877e+16	3.41e-03	9.80e-01	1.66e-02
 1.16345e+16	3.63e-03	9.81e-01	1.53e-02
 1.16769e+16	3.85e-03	9.82e-01	1.43e-02
 1.17148e+16	4.07e-03	9.82e-01	1.35e-02
 1.17572e+16	4.34e-03	9.83e-01	1.26e-02
 1.18041e+16	4.68e-03	9.84e-01	1.17e-02
 1.18474e+16	5.03e-03	9.84e-01	1.09e-02
 1.18875e+16	5.41e-03	9.84e-01	1.03e-02
 1.19331e+16	5.90e-03	9.85e-01	9.56e-03
 1.19818e+16	6.51e-03	9.85e-01	8.89e-03
 1.20229e+16	7.13e-03	9.84e-01	8.39e-03
 1.20575e+16	7.73e-03	9.84e-01	7.98e-03
 1.20953e+16	8.48e-03	9.84e-01	7.54e-03
 1.21373e+16	9.47e-03	9.83e-01	7.12e-03
 1.21714e+16	1.05e-02	9.83e-01	6.81e-03
 1.21954e+16	1.12e-02	9.82e-01	6.62e-03
 1.22193e+16	1.22e-02	9.81e-01	6.39e-03
 1.22504e+16	1.35e-02	9.80e-01	6.13e-03
 1.22814e+16	1.51e-02	9.79e-01	5.91e-03
 1.23043e+16	1.66e-02	9.78e-01	5.74e-03
 1.23224e+16	1.78e-02	9.77e-01	5.63e-03
 1.23421e+16	1.94e-02	9.75e-01	5.49e-03
 1.23676e+16	2.17e-02	9.73e-01	5.35e-03
 1.23933e+16	2.46e-02	9.70e-01	5.22e-03
 1.24124e+16	2.72e-02	9.68e-01	5.13e-03
 1.24278e+16	2.95e-02	9.65e-01	5.08e-03
 1.24446e+16	3.25e-02	9.62e-01	5.01e-03
 1.24666e+16	3.69e-02	9.58e-01	4.94e-03
 1.24888e+16	4.24e-02	9.53e-01	4.91e-03
 1.25060e+16	4.77e-02	9.47e-01	4.88e-03
 1.25200e+16	5.25e-02	9.43e-01	4.89e-03
 1.25351e+16	5.86e-02	9.37e-01	4.88e-03
 1.25518e+16	6.62e-02	9.29e-01	4.91e-03
 1.25671e+16	7.46e-02	9.20e-01	4.95e-03
 1.25806e+16	8.33e-02	9.12e-01	4.99e-03
 1.25931e+16	9.21e-02	9.03e-01	5.05e-03
 1.26044e+16	1.02e-01	8.93e-01	5.10e-03
 1.26147e+16	1.11e-01	8.84e-01	5.17e-03
 1.26244e+16	1.21e-01	8.74e-01	5.23e-03
 1.26318e+16	1.29e-01	8.66e-01	5.28e-03
 1.26365e+16	1.34e-01	8.60e-01	5.32e-03
 1.26410e+16	1.40e-01	8.55e-01	5.35e-03
 1.26462e+16	1.47e-01	8.48e-01	5.38e-03
 1.26519e+16	1.55e-01	8.40e-01	5.43e-03
 1.26573e+16	1.63e-01	8.32e-01	5.47e-03
 1.26625e+16	1.71e-01	8.24e-01	5.53e-03
 1.26676e+16	1.79e-01	8.15e-01	5.56e-03
 1.26727e+16	1.88e-01	8.06e-01	5.61e-03
 1.26778e+16	1.98e-01	7.97e-01	5.65e-03
 1.26829e+16	2.07e-01	7.87e-01	5.70e-03
 1.26878e+16	2.17e-01	7.77e-01	5.73e-03
 1.26928e+16	2.28e-01	7.67e-01	5.79e-03
 1.26977e+16	2.39e-01	7.55e-01	5.83e-03
 1.27027e+16	2.50e-01	7.44e-01	5.86e-03
 1.27075e+16	2.62e-01	7.32e-01	5.90e-03
 1.27122e+16	2.74e-01	7.20e-01	5.94e-03
 1.27170e+16	2.87e-01	7.07e-01	5.97e-03
 1.27218e+16	3.00e-01	6.94e-01	6.01e-03
 1.27265e+16	3.14e-01	6.80e-01	6.03e-03
 1.27311e+16	3.28e-01	6.66e-01	6.06e-03
 1.27358e+16	3.42e-01	6.52e-01	6.08e-03
 1.27404e+16	3.57e-01	6.37e-01	6.09e-03
 1.27450e+16	3.72e-01	6.22e-01	6.11e-03
 1.27495e+16	3.88e-01	6.06e-01	6.12e-03
 1.27540e+16	4.03e-01	5.91e-01	6.12e-03
 1.27585e+16	4.20e-01	5.74e-01	6.12e-03
 1.27630e+16	4.36e-01	5.58e-01	6.10e-03
 1.27674e+16	4.53e-01	5.41e-01	6.09e-03
 1.27718e+16	4.69e-01	5.25e-01	6.07e-03
 1.27762e+16	4.86e-01	5.08e-01	6.05e-03
 1.27805e+16	5.03e-01	4.91e-01	6.01e-03
 1.27847e+16	5.19e-01	4.75e-01	5.97e-03
 1.27889e+16	5.36e-01	4.58e-01	5.92e-03
 1.27930e+16	5.52e-01	4.42e-01	5.87e-03
 1.27971e+16	5.68e-01	4.26e-01	5.82e-03
 1.28011e+16	5.84e-01	4.10e-01	5.75e-03
 1.28051e+16	5.99e-01	3.95e-01	5.68e-03
 1.28091e+16	6.15e-01	3.79e-01	5.60e-03
 1.28131e+16	6.30e-01	3.64e-01	5.51e-03
 1.28171e+16	6.45e-01	3.49e-01	5.42e-03
 1.28211e+16	6.60e-01	3.35e-01	5.32e-03
 1.28251e+16	6.74e-01	3.21e-01	5.22e-03
 1.28291e+16	6.88e-01	3.07e-01	5.11e-03
 1.28332e+16	7.02e-01	2.93e-01	4.99e-03
 1.28372e+16	7.15e-01	2.80e-01	4.88e-03
 1.28413e+16	7.28e-01	2.68e-01	4.75e-03
 1.28455e+16	7.40e-01	2.55e-01	4.62e-03
 1.28498e+16	7.53e-01	2.43e-01	4.49e-03
 1.28543e+16	7.64e-01	2.31e-01	4.36e-03
 1.28584e+16	7.75e-01	2.21e-01	4.23e-03
 1.28619e+16	7.83e-01	2.13e-01	4.12e-03
 1.28651e+16	7.91e-01	2.05e-01	4.01e-03
 1.28685e+16	7.98e-01	1.98e-01	3.91e-03
 1.28721e+16	8.06e-01	1.90e-01	3.80e-03
 1.28757e+16	8.13e-01	1.84e-01	3.70e-03
 1.28791e+16	8.19e-01	1.77e-01	3.60e-03
 1.28826e+16	8.25e-01	1.71e-01	3.50e-03
 1.28862e+16	8.31e-01	1.66e-01	3.41e-03
 1.28897e+16	8.36e-01	1.61e-01	3.32e-03
 1.28933e+16	8.41e-01	1.56e-01	3.24e-03
 1.28970e+16	8.46e-01	1.51e-01	3.15e-03
 1.29007e+16	8.50e-01	1.47e-01	3.07e-03
 1.29046e+16	8.55e-01	1.42e-01	3.00e-03
 1.29086e+16	8.59e-01	1.38e-01	2.91e-03
 1.29128e+16	8.62e-01	1.35e-01	2.84e-03
 1.29170e+16	8.66e-01	1.31e-01	2.77e-03
 1.29215e+16	8.70e-01	1.28e-01	2.70e-03
 1.29262e+16	8.73e-01	1.25e-01	2.63e-03
 1.29311e+16	8.76e-01	1.22e-01	2.57e-03
 1.29363e+16	8.79e-01	1.19e-01	2.50e-03
 1.29418e+16	8.81e-01	1.16e-01	2.44e-03
 1.29478e+16	8.84e-01	1.14e-01	2.38e-03
 1.29542e+16	8.86e-01	1.11e-01	2.32e-03
 1.29610e+16	8.89e-01	1.09e-01	2.27e-03
 1.29685e+16	8.91e-01	1.07e-01	2.21e-03
 1.29766e+16	8.93e-01	1.05e-01	2.15e-03
 1.29855e+16	8.95e-01	1.03e-01	2.10e-03
 1.29951e+16	8.97e-01	1.01e-01	2.04e-03
 1.30056e+16	8.98e-01	9.96e-02	1.99e-03
 1.30170e+16	9.00e-01	9.79e-02	1.93e-03
 1.30293e+16	9.02e-01	9.63e-02	1.88e-03
 1.30423e+16	9.03e-01	9.48e-02	1.82e-03
 1.30562e+16	9.05e-01	9.33e-02	1.77e-03
 1.30708e+16	9.06e-01	9.18e-02	1.71e-03
 1.30862e+16	9.08e-01	9.03e-02	1.65e-03
 1.31027e+16	9.10e-01	8.88e-02	1.60e-03
 1.31200e+16	9.11e-01	8.72e-02	1.54e-03
 1.31382e+16	9.13e-01	8.56e-02	1.48e-03
 1.31574e+16	9.15e-01	8.40e-02	1.42e-03
 1.31780e+16	9.16e-01	8.22e-02	1.36e-03
 1.32001e+16	9.18e-01	8.04e-02	1.30e-03
 1.32247e+16	9.20e-01	7.84e-02	1.23e-03
 1.32538e+16	9.23e-01	7.62e-02	1.16e-03
 1.32850e+16	9.25e-01	7.38e-02	1.09e-03
 1.33148e+16	9.27e-01	7.17e-02	1.02e-03
 1.33422e+16	9.29e-01	6.98e-02	9.66e-04
 1.33671e+16	9.31e-01	6.81e-02	9.18e-04
 1.33898e+16	9.32e-01	6.66e-02	8.76e-04
 1.34105e+16	9.34e-01	6.53e-02	8.39e-04
 1.34293e+16	9.35e-01	6.41e-02	8.07e-04
 1.34464e+16	9.36e-01	6.30e-02	7.78e-04
 1.34620e+16	9.37e-01	6.20e-02	7.54e-04
 1.34790e+16	9.38e-01	6.10e-02	7.27e-04
 1.34975e+16	9.39e-01	5.99e-02	6.99e-04
 1.35142e+16	9.41e-01	5.88e-02	6.74e-04
 1.35295e+16	9.41e-01	5.79e-02	6.53e-04
 1.35462e+16	9.42e-01	5.70e-02	6.30e-04
 1.35642e+16	9.44e-01	5.59e-02	6.06e-04
 1.35807e+16	9.44e-01	5.49e-02	5.84e-04
 1.35956e+16	9.45e-01	5.41e-02	5.66e-04
 1.36092e+16	9.46e-01	5.33e-02	5.49e-04
 1.36241e+16	9.47e-01	5.24e-02	5.30e-04
 1.36402e+16	9.48e-01	5.16e-02	5.12e-04
 1.36548e+16	9.49e-01	5.08e-02	4.96e-04
 1.36681e+16	9.49e-01	5.01e-02	4.81e-04
 1.36803e+16	9.50e-01	4.94e-02	4.68e-04
 1.36935e+16	9.51e-01	4.86e-02	4.54e-04
 1.37079e+16	9.52e-01	4.79e-02	4.40e-04
 1.37209e+16	9.52e-01	4.72e-02	4.26e-04
 1.37328e+16	9.53e-01	4.66e-02	4.14e-04
 1.37436e+16	9.54e-01	4.60e-02	4.04e-04
 1.37555e+16	9.54e-01	4.54e-02	3.93e-04
 1.37682e+16	9.55e-01	4.48e-02	3.82e-04
 1.37799e+16	9.55e-01	4.42e-02	3.71e-04
 1.37905e+16	9.56e-01	4.36e-02	3.62e-04
 1.38021e+16	9.57e-01	4.30e-02	3.52e-04
 1.38146e+16	9.57e-01	4.24e-02	3.42e-04
 1.38260e+16	9.58e-01	4.19e-02	3.33e-04
 1.38364e+16	9.58e-01	4.14e-02	3.24e-04
 1.38477e+16	9.59e-01	4.08e-02	3.15e-04
 1.38600e+16	9.59e-01	4.02e-02	3.07e-04
 1.38712e+16	9.60e-01	3.97e-02	2.99e-04
 1.38813e+16	9.60e-01	3.92e-02	2.91e-04
 1.38925e+16	9.61e-01	3.87e-02	2.83e-04
 1.39045e+16	9.62e-01	3.82e-02	2.76e-04
 1.39154e+16	9.62e-01	3.77e-02	2.68e-04
 1.39274e+16	9.63e-01	3.71e-02	2.60e-04
 1.39403e+16	9.63e-01	3.66e-02	2.53e-04
 1.39521e+16	9.64e-01	3.61e-02	2.46e-04
 1.39628e+16	9.64e-01	3.56e-02	2.40e-04
 1.39746e+16	9.65e-01	3.51e-02	2.33e-04
 1.39872e+16	9.65e-01	3.46e-02	2.26e-04
 1.39988e+16	9.66e-01	3.42e-02	2.20e-04
 1.40093e+16	9.66e-01	3.38e-02	2.15e-04
 1.40208e+16	9.67e-01	3.33e-02	2.09e-04
 1.40332e+16	9.67e-01	3.28e-02	2.03e-04
 1.40445e+16	9.67e-01	3.24e-02	1.98e-04
 1.40569e+16	9.68e-01	3.20e-02	1.92e-04
 1.40702e+16	9.68e-01	3.15e-02	1.87e-04
 1.40824e+16	9.69e-01	3.11e-02	1.82e-04
 1.40957e+16	9.69e-01	3.06e-02	1.76e-04
 1.41101e+16	9.70e-01	3.01e-02	1.71e-04
 1.41232e+16	9.70e-01	2.97e-02	1.66e-04
 1.41351e+16	9.71e-01	2.93e-02	1.62e-04
 1.41482e+16	9.71e-01	2.89e-02	1.57e-04
 1.41623e+16	9.71e-01	2.85e-02	1.53e-04
 1.41751e+16	9.72e-01	2.81e-02	1.49e-04
 1.41892e+16	9.72e-01	2.76e-02	1.44e-04
 1.42044e+16	9.73e-01	2.72e-02	1.40e-04
 1.42182e+16	9.73e-01	2.68e-02	1.36e-04
 1.42333e+16	9.74e-01	2.64e-02	1.31e-04
 1.42496e+16	9.74e-01	2.59e-02	1.27e-04
 1.42645e+16	9.74e-01	2.55e-02	1.23e-04
 1.42780e+16	9.75e-01	2.52e-02	1.20e-04
 1.42929e+16	9.75e-01	2.48e-02	1.16e-04
 1.43089e+16	9.75e-01	2.44e-02	1.12e-04
 1.43234e+16	9.76e-01	2.40e-02	1.09e-04
 1.43394e+16	9.76e-01	2.36e-02	1.05e-04
 1.43566e+16	9.77e-01	2.32e-02	1.02e-04
 1.43723e+16	9.77e-01	2.29e-02	9.89e-05
 1.43895e+16	9.77e-01	2.25e-02	9.55e-05
 1.44080e+16	9.78e-01	2.21e-02	9.21e-05
 1.44249e+16	9.78e-01	2.17e-02	8.92e-05
 1.44403e+16	9.79e-01	2.14e-02	8.66e-05
 1.44571e+16	9.79e-01	2.10e-02	8.38e-05
 1.44753e+16	9.79e-01	2.07e-02	8.10e-05
 1.44918e+16	9.80e-01	2.04e-02	7.85e-05
 1.45099e+16	9.80e-01	2.00e-02	7.58e-05
 1.45295e+16	9.80e-01	1.96e-02	7.32e-05
 1.45473e+16	9.81e-01	1.93e-02	7.08e-05
 1.45668e+16	9.81e-01	1.90e-02	6.82e-05
 1.45879e+16	9.81e-01	1.86e-02	6.57e-05
 1.46070e+16	9.82e-01	1.83e-02	6.35e-05
 1.46245e+16	9.82e-01	1.80e-02	6.16e-05
 1.46436e+16	9.82e-01	1.77e-02	5.94e-05
 1.46642e+16	9.83e-01	1.74e-02	5.73e-05
 1.46830e+16	9.83e-01	1.71e-02	5.55e-05
 1.47036e+16	9.83e-01	1.68e-02	5.35e-05
 1.47258e+16	9.84e-01	1.64e-02	5.15e-05
 1.47460e+16	9.84e-01	1.62e-02	4.98e-05
 1.47681e+16	9.84e-01	1.58e-02	4.79e-05
 1.47920e+16	9.84e-01	1.55e-02	4.60e-05
 1.48138e+16	9.85e-01	1.53e-02	4.44e-05
 1.48376e+16	9.85e-01	1.49e-02	4.26e-05
 1.48634e+16	9.85e-01	1.46e-02	4.09e-05
 1.48868e+16	9.86e-01	1.44e-02	3.94e-05
 1.49125e+16	9.86e-01	1.40e-02	3.77e-05
 1.49402e+16	9.86e-01	1.37e-02	3.61e-05
 1.49654e+16	9.86e-01	1.35e-02	3.47e-05
 1.49883e+16	9.87e-01	1.32e-02	3.35e-05
 1.50135e+16	9.87e-01	1.30e-02	3.22e-05
 1.50406e+16	9.87e-01	1.27e-02	3.09e-05
 1.50653e+16	9.88e-01	1.24e-02	2.97e-05
 1.50924e+16	9.88e-01	1.22e-02	2.85e-05
 1.51216e+16	9.88e-01	1.19e-02	2.73e-05
 1.51482e+16	9.88e-01	1.17e-02	2.62e-05
 1.51774e+16	9.89e-01	1.14e-02	2.51e-05
 1.52088e+16	9.89e-01	1.12e-02	2.39e-05
 1.52374e+16	9.89e-01	1.09e-02	2.30e-05
 1.52688e+16	9.89e-01	1.07e-02	2.19e-05
 1.53027e+16	9.90e-01	1.04e-02	2.09e-05
 1.53335e+16	9.90e-01	1.02e-02	2.00e-05
 1.53673e+16	9.90e-01	9.93e-03	1.90e-05
 1.54037e+16	9.90e-01	9.68e-03	1.81e-05
 1.54369e+16	9.91e-01	9.47e-03	1.73e-05
 1.54733e+16	9.91e-01	9.22e-03	1.64e-05
 1.55125e+16	9.91e-01	8.98e-03	1.56e-05
 1.55482e+16	9.91e-01	8.77e-03	1.49e-05
 1.55874e+16	9.91e-01	8.53e-03	1.41e-05
 1.56296e+16	9.92e-01	8.29e-03	1.33e-05
 1.56681e+16	9.92e-01	8.09e-03	1.27e-05
 1.57102e+16	9.92e-01	7.86e-03	1.20e-05
 1.57557e+16	9.92e-01	7.63e-03	1.13e-05
 1.58055e+16	9.93e-01	7.38e-03	1.06e-05
 1.58674e+16	9.93e-01	7.09e-03	9.78e-06
 1.59348e+16	9.93e-01	6.79e-03	8.99e-06
 1.60022e+16	9.93e-01	6.51e-03	8.28e-06
 1.60711e+16	9.94e-01	6.24e-03	7.62e-06
 1.61430e+16	9.94e-01	5.98e-03	6.98e-06
 1.62177e+16	9.94e-01	5.71e-03	6.39e-06
 1.62950e+16	9.95e-01	5.46e-03	5.84e-06
 1.63750e+16	9.95e-01	5.21e-03	5.32e-06
 1.64578e+16	9.95e-01	4.96e-03	4.84e-06
 1.65429e+16	9.95e-01	4.73e-03	4.40e-06
 1.66295e+16	9.95e-01	4.51e-03	4.00e-06
 1.67174e+16	9.96e-01	4.29e-03	3.63e-06
 1.68069e+16	9.96e-01	4.09e-03	3.29e-06
 1.68980e+16	9.96e-01	3.89e-03	2.98e-06
 1.69909e+16	9.96e-01	3.70e-03	2.71e-06
 1.70841e+16	9.96e-01	3.52e-03	2.46e-06
 1.71786e+16	9.97e-01	3.35e-03	2.22e-06
 1.72764e+16	9.97e-01	3.19e-03	2.01e-06
 1.73765e+16	9.97e-01	3.03e-03	1.82e-06
 1.74781e+16	9.97e-01	2.87e-03	1.64e-06
 1.75812e+16	9.97e-01	2.73e-03	1.48e-06
 1.76865e+16	9.97e-01	2.59e-03	1.33e-06
 1.77938e+16	9.98e-01	2.45e-03	1.20e-06
 1.79030e+16	9.98e-01	2.33e-03	1.08e-06
 1.80142e+16	9.98e-01	2.20e-03	9.68e-07
 1.81274e+16	9.98e-01	2.09e-03	8.69e-07
 1.82430e+16	9.98e-01	1.97e-03	7.79e-07
 1.83609e+16	9.98e-01	1.87e-03	6.97e-07
 1.84812e+16	9.98e-01	1.76e-03	6.23e-07
 1.86038e+16	9.98e-01	1.67e-03	5.56e-07
 1.87290e+16	9.98e-01	1.57e-03	4.95e-07
 1.88568e+16	9.99e-01	1.48e-03	4.41e-07
 1.89874e+16	9.99e-01	1.40e-03	3.92e-07
 1.91208e+16	9.99e-01	1.32e-03	3.47e-07
 1.92572e+16	9.99e-01	1.24e-03	3.08e-07
 1.93968e+16	9.99e-01	1.16e-03	2.72e-07
 1.95396e+16	9.99e-01	1.09e-03	2.40e-07
 1.96860e+16	9.99e-01	1.02e-03	2.11e-07
 1.98360e+16	9.99e-01	9.58e-04	1.85e-07
 1.99899e+16	9.99e-01	8.96e-04	1.62e-07
 2.01480e+16	9.99e-01	8.37e-04	1.41e-07
 2.03105e+16	9.99e-01	7.80e-04	1.23e-07
 2.04776e+16	9.99e-01	7.27e-04	1.07e-07
 2.06496e+16	9.99e-01	6.76e-04	9.25e-08
 2.08236e+16	9.99e-01	6.29e-04	8.00e-08
 2.10022e+16	9.99e-01	5.83e-04	6.90e-08
 2.11918e+16	9.99e-01	5.39e-04	5.89e-08
 2.13902e+16	1.00e+00	4.96e-04	5.00e-08
 2.15951e+16	1.00e+00	4.56e-04	4.23e-08
 2.18075e+16	1.00e+00	4.18e-04	3.56e-08
 2.20293e+16	1.00e+00	3.82e-04	2.97e-08
 2.22617e+16	1.00e+00	3.48e-04	2.46e-08
 2.25058e+16	1.00e+00	3.15e-04	2.02e-08
 2.27636e+16	1.00e+00	2.84e-04	1.64e-08
 2.30390e+16	1.00e+00	2.55e-04	1.32e-08
 2.33282e+16	1.00e+00	2.27e-04	1.05e-08
 2.36358e+16	1.00e+00	2.01e-04	8.26e-09
 2.39714e+16	1.00e+00	1.77e-04	6.35e-09
 2.43346e+16	1.00e+00	1.53e-04	4.79e-09
 2.47302e+16	1.00e+00	1.32e-04	3.53e-09
 2.51673e+16	1.00e+00	1.11e-04	2.53e-09
 2.56513e+16	1.00e+00	9.27e-05	1.75e-09
 2.62129e+16	1.00e+00	7.49e-05	1.15e-09
 2.68652e+16	1.00e+00	5.89e-05	7.09e-10
 2.75517e+16	1.00e+00	4.60e-05	4.34e-10
 2.82271e+16	1.00e+00	3.63e-05	2.70e-10
 2.88936e+16	1.00e+00	2.88e-05	1.70e-10
 2.95677e+16	1.00e+00	2.28e-05	1.07e-10
 3.02548e+16	1.00e+00	1.81e-05	6.77e-11
 3.09544e+16	1.00e+00	1.44e-05	4.26e-11
 3.16656e+16	1.00e+00	1.14e-05	2.69e-11
 3.23888e+16	1.00e+00	9.06e-06	1.70e-11
 3.31263e+16	1.00e+00	7.19e-06	1.07e-11
 3.38762e+16	1.00e+00	5.72e-06	6.81e-12
 3.46437e+16	1.00e+00	4.54e-06	4.30e-12
 3.54328e+16	1.00e+00	3.59e-06	2.70e-12
 3.62378e+16	1.00e+00	2.85e-06	1.69e-12
 3.70575e+16	1.00e+00	2.26e-06	1.07e-12
 3.78986e+16	1.00e+00	1.78e-06	6.67e-13
 3.87646e+16	1.00e+00	1.41e-06	4.16e-13
 3.96561e+16	1.00e+00	1.11e-06	2.58e-13
 4.05758e+16	1.00e+00	8.69e-07	1.59e-13
 4.15289e+16	1.00e+00	6.79e-07	9.72e-14
 4.25208e+16	1.00e+00	5.28e-07	5.89e-14
 4.35607e+16	1.00e+00	4.08e-07	3.51e-14
 4.46588e+16	1.00e+00	3.12e-07	2.06e-14
 4.58298e+16	1.00e+00	2.36e-07	1.18e-14
 4.70957e+16	1.00e+00	1.75e-07	6.51e-15
 4.84838e+16	1.00e+00	1.28e-07	3.45e-15
 4.99618e+16	1.00e+00	9.19e-08	1.80e-15
 5.14584e+16	1.00e+00	6.66e-08	9.43e-16
 5.29549e+16	1.00e+00	4.86e-08	5.04e-16
 5.44585e+16	1.00e+00	3.57e-08	2.72e-16
 5.59717e+16	1.00e+00	2.64e-08	1.49e-16
 5.74898e+16	1.00e+00	1.96e-08	8.23e-17
 5.90011e+16	1.00e+00	1.47e-08	4.63e-17
 6.04991e+16	1.00e+00	1.11e-08	2.66e-17
 6.19784e+16	1.00e+00	8.51e-09	1.55e-17
 6.34341e+16	1.00e+00	6.57e-09	9.27e-18
 6.48586e+16	1.00e+00	5.13e-09	5.65e-18
 6.62454e+16	1.00e+00	4.05e-09	3.52e-18
 6.75941e+16	1.00e+00	3.23e-09	2.25e-18
 6.89001e+16	1.00e+00	2.60e-09	1.46e-18
 7.01597e+16	1.00e+00	2.13e-09	9.76e-19
 7.13708e+16	1.00e+00	1.75e-09	6.65e-19
 7.25327e+16	1.00e+00	1.46e-09	4.63e-19
 7.36455e+16	1.00e+00	1.23e-09	3.29e-19
 7.47093e+16	1.00e+00	1.05e-09	2.38e-19
 7.57248e+16	1.00e+00	9.00e-10	1.76e-19
 7.66928e+16	1.00e+00	7.79e-10	1.32e-19
 7.76147e+16	1.00e+00	6.81e-10	1.01e-19
 7.84917e+16	1.00e+00	5.99e-10	7.82e-20
 7.93258e+16	1.00e+00	5.32e-10	6.16e-20
 8.01187e+16	1.00e+00	4.75e-10	4.92e-20
 8.08724e+16	1.00e+00	4.27e-10	3.98e-20
 8.15885e+16	1.00e+00	3.86e-10	3.26e-20
 8.22687e+16	1.00e+00	3.51e-10	2.70e-20
 8.29148e+16	1.00e+00	3.21e-10	2.26e-20
 8.35286e+16	1.00e+00	2.95e-10	1.91e-20
 8.41119e+16	1.00e+00	2.73e-10	1.63e-20
 8.46662e+16	1.00e+00	2.53e-10	1.40e-20
 8.51927e+16	1.00e+00	2.36e-10	1.22e-20
 8.56928e+16	1.00e+00	2.20e-10	1.07e-20
 8.61681e+16	1.00e+00	2.07e-10	9.40e-21
 8.66203e+16	1.00e+00	1.95e-10	0.00e+00
 8.70504e+16	1.00e+00	1.84e-10	0.00e+00
 8.74599e+16	1.00e+00	1.74e-10	0.00e+00
 8.78498e+16	1.00e+00	1.66e-10	0.00e+00
 8.82211e+16	1.00e+00	1.58e-10	0.00e+00
 8.85747e+16	1.00e+00	1.51e-10	0.00e+00
 8.89119e+16	1.00e+00	1.44e-10	0.00e+00
 8.92337e+16	1.00e+00	1.38e-10	0.00e+00
 8.95412e+16	1.00e+00	1.33e-10	0.00e+00
 8.98349e+16	1.00e+00	1.28e-10	0.00e+00
 9.01158e+16	1.00e+00	1.23e-10	0.00e+00
 9.03845e+16	1.00e+00	1.19e-10	0.00e+00
 9.06420e+16	1.00e+00	1.15e-10	0.00e+00
 9.08891e+16	1.00e+00	1.12e-10	0.00e+00
 9.11266e+16	1.00e+00	1.09e-10	0.00e+00
 9.13550e+16	1.00e+00	1.05e-10	0.00e+00
 9.15751e+16	1.00e+00	1.02e-10	0.00e+00
 9.17875e+16	1.00e+00	9.98e-11	0.00e+00
 9.19928e+16	1.00e+00	9.73e-11	0.00e+00
 9.21919e+16	1.00e+00	9.48e-11	0.00e+00
 9.23853e+16	1.00e+00	9.25e-11	0.00e+00
 9.25739e+16	1.00e+00	9.04e-11	0.00e+00
 9.27581e+16	1.00e+00	8.84e-11	0.00e+00
 9.29388e+16	1.00e+00	8.63e-11	0.00e+00
 9.31166e+16	1.00e+00	8.44e-11	0.00e+00
 9.32924e+16	1.00e+00	8.26e-11	0.00e+00
 9.34672e+16	1.00e+00	8.08e-11	0.00e+00
 9.36419e+16	1.00e+00	7.90e-11	0.00e+00
 9.38175e+16	1.00e+00	7.74e-11	0.00e+00
 9.39953e+16	1.00e+00	7.56e-11	0.00e+00
 9.41770e+16	1.00e+00	7.39e-11	0.00e+00
 9.43643e+16	1.00e+00	7.22e-11	0.00e+00
 9.45596e+16	1.00e+00	7.05e-11	0.00e+00
 9.47657e+16	1.00e+00	6.87e-11	0.00e+00
 9.49864e+16	1.00e+00	6.68e-11	0.00e+00
 9.52268e+16	1.00e+00	6.48e-11	0.00e+00
 9.54940e+16	1.00e+00	6.28e-11	0.00e+00
 9.57980e+16	1.00e+00	6.04e-11	0.00e+00
 9.61534e+16	1.00e+00	5.78e-11	0.00e+00
 9.65828e+16	1.00e+00	5.47e-11	0.00e+00
 9.71218e+16	1.00e+00	5.11e-11	0.00e+00
 9.78170e+16	1.00e+00	4.69e-11	0.00e+00
 9.87209e+16	1.00e+00	4.19e-11	0.00e+00
 9.98960e+16	1.00e+00	3.63e-11	0.00e+00
 1.01424e+17	1.00e+00	3.02e-11	0.00e+00
 1.03409e+17	1.00e+00	2.39e-11	0.00e+00
 1.05991e+17	1.00e+00	1.77e-11	0.00e+00
 1.09015e+17	1.00e+00	1.26e-11	0.00e+00
 1.12145e+17	1.00e+00	9.03e-12	0.00e+00
 1.15275e+17	1.00e+00	6.53e-12	0.00e+00
 1.18405e+17	1.00e+00	4.76e-12	0.00e+00
 1.21535e+17	1.00e+00	3.51e-12	0.00e+00
 1.24665e+17	1.00e+00	2.62e-12	0.00e+00
 1.27795e+17	1.00e+00	1.98e-12	0.00e+00
 1.30925e+17	1.00e+00	1.51e-12	0.00e+00
 1.34453e+17	1.00e+00	1.13e-12	0.00e+00
 1.38456e+17	1.00e+00	8.27e-13	0.00e+00
 1.42634e+17	1.00e+00	6.12e-13	0.00e+00
 1.46952e+17	1.00e+00	4.60e-13	0.00e+00
 1.51966e+17	1.00e+00	3.42e-13	0.00e+00
 1.57895e+17	1.00e+00	2.43e-13	0.00e+00
 1.64211e+17	1.00e+00	1.77e-13	0.00e+00
 1.70780e+17	1.00e+00	1.34e-13	0.00e+00
 1.77329e+17	1.00e+00	1.05e-13	0.00e+00
 1.83348e+17	1.00e+00	8.75e-14	0.00e+00
 1.88643e+17	1.00e+00	7.79e-14	0.00e+00
 1.93430e+17	1.00e+00	7.12e-14	0.00e+00
 1.98020e+17	1.00e+00	6.45e-14	0.00e+00
 2.02179e+17	1.00e+00	5.73e-14	0.00e+00
 2.05220e+17	1.00e+00	5.31e-14	0.00e+00
 2.07001e+17	1.00e+00	5.20e-14	0.00e+00
 2.07993e+17	1.00e+00	5.18e-14	0.00e+00
 2.08588e+17	1.00e+00	5.17e-14	0.00e+00
 2.08945e+17	1.00e+00	5.17e-14	0.00e+00
 2.09190e+17	1.00e+00	5.16e-14	0.00e+00
 2.09426e+17	1.00e+00	5.15e-14	0.00e+00
 2.09717e+17	1.00e+00	5.14e-14	0.00e+00
 2.10040e+17	1.00e+00	5.12e-14	0.00e+00
 2.10334e+17	1.00e+00	5.10e-14	0.00e+00
 2.10570e+17	1.00e+00	5.08e-14	0.00e+00
 2.10772e+17	1.00e+00	5.07e-14	0.00e+00
 2.10978e+17	1.00e+00	5.05e-14	0.00e+00
 2.11198e+17	1.00e+00	5.03e-14	0.00e+00
 2.11408e+17	1.00e+00	5.01e-14	0.00e+00
 2.11584e+17	1.00e+00	5.00e-14	0.00e+00
 2.11746e+17	1.00e+00	4.98e-14	0.00e+00
 2.11915e+17	1.00e+00	4.96e-14	0.00e+00
 2.12079e+17	1.00e+00	4.94e-14	0.00e+00
 2.12226e+17	1.00e+00	4.92e-14	0.00e+00
 2.12357e+17	1.00e+00	4.91e-14	0.00e+00
 2.12489e+17	1.00e+00	4.89e-14	0.00e+00
 2.12628e+17	1.00e+00	4.88e-14	0.00e+00
 2.12760e+17	1.00e+00	4.86e-14	0.00e+00
 2.12882e+17	1.00e+00	4.84e-14	0.00e+00
 2.12998e+17	1.00e+00	4.83e-14	0.00e+00
 2.13108e+17	1.00e+00	4.81e-14	0.00e+00
 2.13216e+17	1.00e+00	4.80e-14	0.00e+00
 2.13324e+17	1.00e+00	4.78e-14	0.00e+00
 2.13433e+17	1.00e+00	4.76e-14	0.00e+00
 2.13537e+17	1.00e+00	4.75e-14	0.00e+00
 2.13636e+17	1.00e+00	4.74e-14	0.00e+00
 2.13737e+17	1.00e+00	4.72e-14	0.00e+00
 2.13840e+17	1.00e+00	4.70e-14	0.00e+00
 2.13940e+17	1.00e+00	4.68e-14	0.00e+00
 2.14035e+17	1.00e+00	4.67e-14	0.00e+00
 2.14133e+17	1.00e+00	4.65e-14	0.00e+00
 2.14234e+17	1.00e+00	4.63e-14	0.00e+00
 2.14332e+17	1.00e+00	4.62e-14	0.00e+00
 2.14427e+17	1.00e+00	4.60e-14	0.00e+00
 2.14526e+17	1.00e+00	4.58e-14	0.00e+00
 2.14629e+17	1.00e+00	4.56e-14	0.00e+00
 2.14730e+17	1.00e+00	4.54e-14	0.00e+00
 2.14828e+17	1.00e+00	4.52e-14	0.00e+00
 2.14931e+17	1.00e+00	4.50e-14	0.00e+00
 2.15039e+17	1.00e+00	4.48e-14	0.00e+00
 2.15149e+17	1.00e+00	4.46e-14	0.00e+00
 2.15258e+17	1.00e+00	4.44e-14	0.00e+00
 2.15367e+17	1.00e+00	4.42e-14	0.00e+00
 2.15485e+17	1.00e+00	4.39e-14	0.00e+00
 2.15611e+17	1.00e+00	4.36e-14	0.00e+00
 2.15732e+17	1.00e+00	4.34e-14	0.00e+00
 2.15841e+17	1.00e+00	4.31e-14	0.00e+00
 2.15955e+17	1.00e+00	4.29e-14	0.00e+00
 2.16094e+17	1.00e+00	4.26e-14	0.00e+00
 2.16242e+17	1.00e+00	4.23e-14	0.00e+00
 2.16375e+17	1.00e+00	4.20e-14	0.00e+00
 2.16503e+17	1.00e+00	4.17e-14	0.00e+00
 2.16638e+17	1.00e+00	4.14e-14	0.00e+00
 2.16786e+17	1.00e+00	4.11e-14	0.00e+00
 2.16947e+17	1.00e+00	4.07e-14	0.00e+00
 2.17109e+17	1.00e+00	4.03e-14	0.00e+00
 2.17265e+17	1.00e+00	4.00e-14	0.00e+00
 2.17419e+17	1.00e+00	3.96e-14	0.00e+00
 2.17577e+17	1.00e+00	3.93e-14	0.00e+00
 2.17747e+17	1.00e+00	3.89e-14	0.00e+00
 2.17923e+17	1.00e+00	3.85e-14	0.00e+00
 2.18105e+17	1.00e+00	3.80e-14	0.00e+00
 2.18293e+17	1.00e+00	3.76e-14	0.00e+00
 2.18486e+17	1.00e+00	3.72e-14	0.00e+00
 2.18686e+17	1.00e+00	3.67e-14	0.00e+00
 2.18889e+17	1.00e+00	3.62e-14	0.00e+00
 2.19096e+17	1.00e+00	3.57e-14	0.00e+00
 2.19310e+17	1.00e+00	3.52e-14	0.00e+00
 2.19531e+17	1.00e+00	3.47e-14	0.00e+00
 2.19759e+17	1.00e+00	3.41e-14	0.00e+00
 2.19989e+17	1.00e+00	3.36e-14	0.00e+00
 2.20235e+17	1.00e+00	3.31e-14	0.00e+00
 2.20497e+17	1.00e+00	3.24e-14	0.00e+00
 2.20753e+17	1.00e+00	3.18e-14	0.00e+00
 2.21004e+17	1.00e+00	3.12e-14	0.00e+00
 2.21272e+17	1.00e+00	3.06e-14	0.00e+00
 2.21562e+17	1.00e+00	3.00e-14	0.00e+00
 2.21856e+17	1.00e+00	2.93e-14	0.00e+00
 2.22142e+17	1.00e+00	2.86e-14	0.00e+00
 2.22433e+17	1.00e+00	2.80e-14	0.00e+00
 2.22744e+17	1.00e+00	2.73e-14	0.00e+00
 2.23068e+17	1.00e+00	2.66e-14	0.00e+00
 2.23393e+17	1.00e+00	2.59e-14	0.00e+00
 2.23723e+17	1.00e+00	2.51e-14	0.00e+00
 2.24064e+17	1.00e+00	2.44e-14	0.00e+00
 2.24419e+17	1.00e+00	2.37e-14	0.00e+00
 2.24787e+17	1.00e+00	2.29e-14	0.00e+00
 2.25155e+17	1.00e+00	2.21e-14	0.00e+00
 2.25522e+17	1.00e+00	2.14e-14	0.00e+00
 2.25904e+17	1.00e+00	2.07e-14	0.00e+00
 2.26309e+17	1.00e+00	1.99e-14	0.00e+00
 2.26723e+17	1.00e+00	1.91e-14	0.00e+00
 2.27150e+17	1.00e+00	1.83e-14	0.00e+00
 2.27583e+17	1.00e+00	1.75e-14	0.00e+00
 2.28024e+17	1.00e+00	1.68e-14	0.00e+00
 2.28481e+17	1.00e+00	1.60e-14	0.00e+00
 2.28940e+17	1.00e+00	1.52e-14	0.00e+00
 2.29410e+17	1.00e+00	1.45e-14	0.00e+00
 2.29909e+17	1.00e+00	1.37e-14	0.00e+00
 2.30437e+17	1.00e+00	1.29e-14	0.00e+00
 2.30979e+17	1.00e+00	1.22e-14	0.00e+00
 2.31522e+17	1.00e+00	1.14e-14	0.00e+00
 2.32071e+17	1.00e+00	1.07e-14	0.00e+00
 2.32646e+17	1.00e+00	1.00e-14	0.00e+00
 2.33257e+17	1.00e+00	9.32e-15	0.00e+00
 2.33895e+17	1.00e+00	8.63e-15	0.00e+00
 2.34515e+17	1.00e+00	7.95e-15	0.00e+00
 2.35061e+17	1.00e+00	7.38e-15	0.00e+00
 2.35532e+17	1.00e+00	6.91e-15	0.00e+00
 2.35966e+17	1.00e+00	6.53e-15	0.00e+00
 2.36396e+17	1.00e+00	6.16e-15	0.00e+00
 2.36828e+17	1.00e+00	5.82e-15	0.00e+00
 2.37244e+17	1.00e+00	5.48e-15	0.00e+00
 2.37630e+17	1.00e+00	5.18e-15	0.00e+00
 2.37988e+17	1.00e+00	4.91e-15	0.00e+00
 2.38330e+17	1.00e+00	4.67e-15	0.00e+00
 2.38663e+17	1.00e+00	4.44e-15	0.00e+00
 2.38987e+17	1.00e+00	4.23e-15	0.00e+00
 2.39295e+17	1.00e+00	4.02e-15	0.00e+00
 2.39585e+17	1.00e+00	3.84e-15	0.00e+00
 2.39860e+17	1.00e+00	3.66e-15	0.00e+00
 2.40126e+17	1.00e+00	3.51e-15	0.00e+00
 2.40381e+17	1.00e+00	3.36e-15	0.00e+00
 2.40624e+17	1.00e+00	3.22e-15	0.00e+00
 2.40857e+17	1.00e+00	3.09e-15	0.00e+00
 2.41083e+17	1.00e+00	2.97e-15	0.00e+00
 2.41302e+17	1.00e+00	2.86e-15	0.00e+00
 2.41514e+17	1.00e+00	2.76e-15	0.00e+00
 2.41719e+17	1.00e+00	2.66e-15	0.00e+00
 2.41917e+17	1.00e+00	2.56e-15	0.00e+00
 2.42109e+17	1.00e+00	2.48e-15	0.00e+00
 2.42297e+17	1.00e+00	2.39e-15	0.00e+00
 2.42480e+17	1.00e+00	2.31e-15	0.00e+00
 2.42660e+17	1.00e+00	2.24e-15	0.00e+00
 2.42835e+17	1.00e+00	2.16e-15	0.00e+00
 2.43006e+17	1.00e+00	2.10e-15	0.00e+00
 2.43174e+17	1.00e+00	2.03e-15	0.00e+00
 2.43366e+17	1.00e+00	1.97e-15	0.00e+00
 2.43616e+17	1.00e+00	1.89e-15	0.00e+00
 2.43940e+17	1.00e+00	1.79e-15	0.00e+00
 2.44361e+17	1.00e+00	1.67e-15	0.00e+00
 2.44909e+17	1.00e+00	1.52e-15	0.00e+00
 2.45614e+17	1.00e+00	1.35e-15	0.00e+00
 2.46389e+17	1.00e+00	1.16e-15	0.00e+00
 2.47079e+17	1.00e+00	1.01e-15	0.00e+00
 2.47647e+17	1.00e+00	8.93e-16	0.00e+00
 2.48150e+17	1.00e+00	8.10e-16	0.00e+00
 2.48670e+17	1.00e+00	7.38e-16	0.00e+00
 2.49242e+17	1.00e+00	6.65e-16	0.00e+00
 2.49844e+17	1.00e+00	5.94e-16	0.00e+00
 2.50431e+17	1.00e+00	5.30e-16	0.00e+00
 2.50991e+17	1.00e+00	4.77e-16	0.00e+00
 2.51547e+17	1.00e+00	4.31e-16	0.00e+00
 2.52131e+17	1.00e+00	3.89e-16	0.00e+00
 2.52753e+17	1.00e+00	3.48e-16	0.00e+00
 2.53407e+17	1.00e+00	3.11e-16	0.00e+00
 2.54086e+17	1.00e+00	2.76e-16	0.00e+00
 2.54803e+17	1.00e+00	2.44e-16	0.00e+00
 2.55586e+17	1.00e+00	2.15e-16	0.00e+00
 2.56479e+17	1.00e+00	1.87e-16	0.00e+00
 2.57535e+17	1.00e+00	1.59e-16	0.00e+00
 2.58845e+17	1.00e+00	1.31e-16	0.00e+00
 2.60531e+17	1.00e+00	1.04e-16	0.00e+00
 2.62722e+17	1.00e+00	7.80e-17	0.00e+00
 2.65571e+17	1.00e+00	5.48e-17	0.00e+00
 2.69275e+17	1.00e+00	3.61e-17	0.00e+00
 2.74090e+17	1.00e+00	2.23e-17	0.00e+00
 2.80349e+17	1.00e+00	1.30e-17	0.00e+00
 2.88485e+17	1.00e+00	6.84e-18	0.00e+00
 2.98946e+17	1.00e+00	3.31e-18	0.00e+00
 3.10904e+17	1.00e+00	1.46e-18	0.00e+00
 3.22506e+17	1.00e+00	6.96e-19	0.00e+00
 3.32669e+17	1.00e+00	3.68e-19	0.00e+00
 3.41470e+17	1.00e+00	2.13e-19	0.00e+00
 3.49727e+17	1.00e+00	1.28e-19	0.00e+00
 3.59185e+17	1.00e+00	7.04e-20	0.00e+00
 3.69275e+17	1.00e+00	3.79e-20	0.00e+00
 3.77419e+17	1.00e+00	2.30e-20	0.00e+00
 3.83573e+17	1.00e+00	1.58e-20	0.00e+00
 3.89910e+17	1.00e+00	1.06e-20	0.00e+00
 3.97218e+17	1.00e+00	6.69e-21	0.00e+00
 4.04120e+17	1.00e+00	4.32e-21	0.00e+00
 4.10050e+17	1.00e+00	2.96e-21	0.00e+00
 4.16388e+17	1.00e+00	1.94e-21	0.00e+00
 4.24627e+17	1.00e+00	1.11e-21	0.00e+00
 4.35338e+17	1.00e+00	5.30e-22	0.00e+00
 4.45025e+17	1.00e+00	2.58e-22	0.00e+00
 4.50424e+17	1.00e+00	1.65e-22	0.00e+00
 4.53141e+17	1.00e+00	1.30e-22	0.00e+00
 4.54662e+17	1.00e+00	1.13e-22	0.00e+00
 4.55575e+17	1.00e+00	1.04e-22	0.00e+00
