#depth	O	O+	O+2	O+3	O+4	O+5	O+6	O+7	O+8	O[1]	O[2]	O[3]
 1.49634e+10	0.00e+00	7.19e-46	3.53e-35	1.58e-25	9.74e-17	7.36e-09	1.00e+00	0.00e+00	0.00e+00	0.00e+00	0.00e+00	0.00e+00
 4.54887e+10	0.00e+00	0.00e+00	4.85e-35	2.00e-25	1.14e-16	7.97e-09	1.00e+00	2.74e-07	0.00e+00	0.00e+00	0.00e+00	0.00e+00
 7.72350e+10	0.00e+00	1.58e-45	6.65e-35	2.54e-25	1.34e-16	8.63e-09	1.00e+00	0.00e+00	0.00e+00	0.00e+00	0.00e+00	0.00e+00
 1.10251e+11	0.00e+00	0.00e+00	9.11e-35	3.22e-25	1.57e-16	9.34e-09	1.00e+00	0.00e+00	0.00e+00	0.00e+00	0.00e+00	0.00e+00
 1.43353e+11	0.00e+00	3.44e-45	1.24e-34	4.04e-25	1.82e-16	1.01e-08	1.00e+00	0.00e+00	0.00e+00	0.00e+00	0.00e+00	0.00e+00
 1.77780e+11	0.00e+00	0.00e+00	1.68e-34	5.08e-25	2.13e-16	1.09e-08	1.00e+00	0.00e+00	0.00e+00	0.00e+00	0.00e+00	0.00e+00
 2.14818e+11	0.00e+00	7.48e-45	2.30e-34	6.45e-25	2.49e-16	1.18e-08	1.00e+00	0.00e+00	0.00e+00	0.00e+00	0.00e+00	0.00e+00
 2.53337e+11	0.00e+00	0.00e+00	3.16e-34	8.18e-25	2.92e-16	1.28e-08	1.00e+00	0.00e+00	0.00e+00	0.00e+00	0.00e+00	0.00e+00
 2.93398e+11	0.00e+00	1.65e-44	4.34e-34	1.04e-24	3.43e-16	1.38e-08	1.00e+00	0.00e+00	0.00e+00	0.00e+00	0.00e+00	0.00e+00
 3.35060e+11	0.00e+00	0.00e+00	5.95e-34	1.32e-24	4.02e-16	1.50e-08	1.00e+00	0.00e+00	0.00e+00	0.00e+00	0.00e+00	0.00e+00
 3.78389e+11	0.00e+00	3.64e-44	8.18e-34	1.67e-24	4.71e-16	1.62e-08	1.00e+00	0.00e+00	0.00e+00	0.00e+00	0.00e+00	0.00e+00
 4.23452e+11	0.00e+00	0.00e+00	1.12e-33	2.12e-24	5.53e-16	1.76e-08	1.00e+00	0.00e+00	0.00e+00	0.00e+00	0.00e+00	0.00e+00
 4.70317e+11	0.00e+00	8.06e-44	1.54e-33	2.70e-24	6.49e-16	1.90e-08	1.00e+00	0.00e+00	0.00e+00	0.00e+00	0.00e+00	0.00e+00
 5.19056e+11	0.00e+00	0.00e+00	2.12e-33	3.42e-24	7.62e-16	2.06e-08	1.00e+00	0.00e+00	0.00e+00	0.00e+00	0.00e+00	0.00e+00
 5.69745e+11	0.00e+00	1.78e-43	2.92e-33	4.35e-24	8.94e-16	2.24e-08	1.00e+00	0.00e+00	0.00e+00	0.00e+00	0.00e+00	0.00e+00
 6.22462e+11	0.00e+00	0.00e+00	4.01e-33	5.53e-24	1.05e-15	2.42e-08	1.00e+00	0.00e+00	0.00e+00	0.00e+00	0.00e+00	0.00e+00
 6.72309e+11	0.00e+00	3.82e-43	5.36e-33	6.88e-24	1.22e-15	2.61e-08	1.00e+00	0.00e+00	0.00e+00	0.00e+00	0.00e+00	0.00e+00
 7.17462e+11	0.00e+00	0.00e+00	6.92e-33	8.33e-24	1.38e-15	2.78e-08	1.00e+00	0.00e+00	0.00e+00	0.00e+00	0.00e+00	0.00e+00
 7.68477e+11	0.00e+00	7.44e-43	9.15e-33	1.03e-23	1.59e-15	2.99e-08	1.00e+00	0.00e+00	0.00e+00	0.00e+00	0.00e+00	0.00e+00
 8.28220e+11	0.00e+00	0.00e+00	1.25e-32	1.30e-23	1.87e-15	3.23e-08	1.00e+00	0.00e+00	0.00e+00	0.00e+00	0.00e+00	0.00e+00
 8.87416e+11	0.00e+00	1.61e-42	1.69e-32	1.64e-23	2.17e-15	3.49e-08	1.00e+00	0.00e+00	0.00e+00	0.00e+00	0.00e+00	0.00e+00
 9.43466e+11	0.00e+00	0.00e+00	2.23e-32	2.01e-23	2.50e-15	3.74e-08	1.00e+00	0.00e+00	0.00e+00	0.00e+00	0.00e+00	0.00e+00
 1.00562e+12	0.00e+00	3.28e-42	3.00e-32	2.52e-23	2.90e-15	4.04e-08	1.00e+00	0.00e+00	0.00e+00	0.00e+00	0.00e+00	0.00e+00
 1.07577e+12	0.00e+00	0.00e+00	4.14e-32	3.21e-23	3.41e-15	4.38e-08	1.00e+00	0.00e+00	0.00e+00	0.00e+00	0.00e+00	0.00e+00
 1.14590e+12	0.00e+00	7.22e-42	5.64e-32	4.05e-23	3.99e-15	4.74e-08	1.00e+00	0.00e+00	0.00e+00	0.00e+00	0.00e+00	0.00e+00
 1.21883e+12	0.00e+00	0.00e+00	7.70e-32	5.12e-23	4.67e-15	5.13e-08	1.00e+00	0.00e+00	0.00e+00	0.00e+00	0.00e+00	0.00e+00
 1.29751e+12	0.00e+00	1.59e-41	1.06e-31	6.54e-23	5.51e-15	5.58e-08	1.00e+00	0.00e+00	0.00e+00	0.00e+00	0.00e+00	0.00e+00
 1.37934e+12	0.00e+00	0.00e+00	1.47e-31	8.35e-23	6.50e-15	6.06e-08	1.00e+00	0.00e+00	0.00e+00	0.00e+00	0.00e+00	0.00e+00
 1.45773e+12	0.00e+00	3.46e-41	1.98e-31	1.05e-22	7.57e-15	6.54e-08	1.00e+00	0.00e+00	0.00e+00	0.00e+00	0.00e+00	0.00e+00
 1.53008e+12	0.00e+00	0.00e+00	2.59e-31	1.28e-22	8.67e-15	7.01e-08	1.00e+00	0.00e+00	0.00e+00	0.00e+00	0.00e+00	0.00e+00
 1.61204e+12	0.00e+00	6.97e-41	3.48e-31	1.60e-22	1.01e-14	7.56e-08	1.00e+00	0.00e+00	0.00e+00	0.00e+00	0.00e+00	0.00e+00
 1.70645e+12	0.00e+00	0.00e+00	4.82e-31	2.05e-22	1.19e-14	8.22e-08	1.00e+00	0.00e+00	0.00e+00	0.00e+00	0.00e+00	0.00e+00
 1.79955e+12	0.00e+00	1.54e-40	6.57e-31	2.59e-22	1.40e-14	8.91e-08	1.00e+00	0.00e+00	0.00e+00	0.00e+00	0.00e+00	0.00e+00
 1.88864e+12	0.00e+00	0.00e+00	8.75e-31	3.22e-22	1.62e-14	9.60e-08	1.00e+00	0.00e+00	0.00e+00	0.00e+00	0.00e+00	0.00e+00
 1.98637e+12	0.00e+00	3.22e-40	1.19e-30	4.06e-22	1.89e-14	1.04e-07	1.00e+00	0.00e+00	0.00e+00	0.00e+00	0.00e+00	0.00e+00
 2.09575e+12	0.00e+00	0.00e+00	1.65e-30	5.20e-22	2.24e-14	1.13e-07	1.00e+00	0.00e+00	0.00e+00	0.00e+00	0.00e+00	0.00e+00
 2.20636e+12	0.00e+00	7.22e-40	2.27e-30	6.64e-22	2.64e-14	1.23e-07	1.00e+00	0.00e+00	0.00e+00	0.00e+00	0.00e+00	0.00e+00
 2.32139e+12	0.00e+00	0.00e+00	3.13e-30	8.48e-22	3.12e-14	1.34e-07	1.00e+00	0.00e+00	0.00e+00	0.00e+00	0.00e+00	0.00e+00
 2.44417e+12	0.00e+00	1.63e-39	4.36e-30	1.09e-21	3.70e-14	1.46e-07	1.00e+00	0.00e+00	0.00e+00	0.00e+00	0.00e+00	0.00e+00
 2.57186e+12	0.00e+00	0.00e+00	6.07e-30	1.40e-21	4.40e-14	1.60e-07	1.00e+00	0.00e+00	0.00e+00	0.00e+00	0.00e+00	0.00e+00
 2.70467e+12	0.00e+00	3.71e-39	8.46e-30	1.81e-21	5.23e-14	1.74e-07	1.00e+00	0.00e+00	0.00e+00	0.00e+00	0.00e+00	0.00e+00
 2.84278e+12	0.00e+00	0.00e+00	1.18e-29	2.33e-21	6.22e-14	1.90e-07	1.00e+00	0.00e+00	0.00e+00	0.00e+00	0.00e+00	0.00e+00
 2.98074e+12	0.00e+00	8.34e-39	1.63e-29	2.98e-21	7.36e-14	2.08e-07	1.00e+00	0.00e+00	0.00e+00	0.00e+00	0.00e+00	0.00e+00
 3.12422e+12	0.00e+00	0.00e+00	2.24e-29	3.80e-21	8.72e-14	2.26e-07	1.00e+00	0.00e+00	0.00e+00	0.00e+00	0.00e+00	0.00e+00
 3.27911e+12	0.00e+00	1.88e-38	3.13e-29	4.91e-21	1.04e-13	2.48e-07	1.00e+00	0.00e+00	0.00e+00	0.00e+00	0.00e+00	0.00e+00
 3.44021e+12	0.00e+00	0.00e+00	4.37e-29	6.35e-21	1.24e-13	2.71e-07	1.00e+00	0.00e+00	0.00e+00	0.00e+00	0.00e+00	0.00e+00
 3.60774e+12	0.00e+00	4.29e-38	6.11e-29	8.21e-21	1.48e-13	2.98e-07	1.00e+00	0.00e+00	0.00e+00	0.00e+00	0.00e+00	0.00e+00
 3.78198e+12	0.00e+00	0.00e+00	8.53e-29	1.06e-20	1.77e-13	3.26e-07	1.00e+00	0.00e+00	0.00e+00	0.00e+00	0.00e+00	0.00e+00
 3.96318e+12	0.00e+00	9.81e-38	1.19e-28	1.38e-20	2.12e-13	3.58e-07	1.00e+00	0.00e+00	0.00e+00	0.00e+00	0.00e+00	0.00e+00
 4.12758e+12	0.00e+00	0.00e+00	1.60e-28	1.72e-20	2.49e-13	3.89e-07	1.00e+00	0.00e+00	0.00e+00	0.00e+00	0.00e+00	0.00e+00
 4.26528e+12	0.00e+00	1.88e-37	2.02e-28	2.07e-20	2.83e-13	4.16e-07	1.00e+00	0.00e+00	0.00e+00	0.00e+00	0.00e+00	0.00e+00
 4.41635e+12	0.00e+00	0.00e+00	2.61e-28	2.52e-20	3.25e-13	4.46e-07	1.00e+00	0.00e+00	0.00e+00	0.00e+00	0.00e+00	0.00e+00
 4.60674e+12	0.00e+00	3.75e-37	3.54e-28	3.20e-20	3.84e-13	4.87e-07	1.00e+00	0.00e+00	0.00e+00	0.00e+00	0.00e+00	0.00e+00
 4.80452e+12	0.00e+00	0.00e+00	4.82e-28	4.06e-20	4.55e-13	5.33e-07	1.00e+00	0.00e+00	0.00e+00	0.00e+00	0.00e+00	0.00e+00
 4.98012e+12	0.00e+00	7.54e-37	6.27e-28	4.99e-20	5.26e-13	5.75e-07	1.00e+00	0.00e+00	0.00e+00	0.00e+00	0.00e+00	0.00e+00
 5.17057e+12	0.00e+00	0.00e+00	8.26e-28	6.19e-20	6.12e-13	6.23e-07	1.00e+00	0.00e+00	0.00e+00	0.00e+00	0.00e+00	0.00e+00
 5.38240e+12	0.00e+00	1.52e-36	1.11e-27	7.80e-20	7.22e-13	6.79e-07	1.00e+00	0.00e+00	0.00e+00	0.00e+00	0.00e+00	0.00e+00
 5.58034e+12	5.37e-46	2.10e-36	1.45e-27	9.60e-20	8.38e-13	7.35e-07	1.00e+00	0.00e+00	0.00e+00	0.00e+00	0.00e+00	0.00e+00
 5.79602e+12	0.00e+00	0.00e+00	1.92e-27	1.20e-19	9.80e-13	7.99e-07	1.00e+00	0.00e+00	0.00e+00	0.00e+00	0.00e+00	0.00e+00
 6.03678e+12	0.00e+00	4.24e-36	2.59e-27	1.51e-19	1.16e-12	8.74e-07	1.00e+00	0.00e+00	0.00e+00	0.00e+00	0.00e+00	0.00e+00
 6.26333e+12	1.84e-45	5.89e-36	3.39e-27	1.88e-19	1.35e-12	9.49e-07	1.00e+00	0.00e+00	0.00e+00	0.00e+00	0.00e+00	0.00e+00
 6.51102e+12	0.00e+00	0.00e+00	4.51e-27	2.35e-19	1.59e-12	1.03e-06	1.00e+00	0.00e+00	0.00e+00	0.00e+00	0.00e+00	0.00e+00
 6.78787e+12	0.00e+00	1.20e-35	6.12e-27	2.99e-19	1.90e-12	1.14e-06	1.00e+00	0.00e+00	0.00e+00	0.00e+00	0.00e+00	0.00e+00
 7.04940e+12	6.41e-45	1.68e-35	8.07e-27	3.73e-19	2.22e-12	1.24e-06	1.00e+00	0.00e+00	0.00e+00	0.00e+00	0.00e+00	0.00e+00
 7.33251e+12	0.00e+00	0.00e+00	1.08e-26	4.68e-19	2.62e-12	1.35e-06	1.00e+00	0.00e+00	0.00e+00	0.00e+00	0.00e+00	0.00e+00
 7.64913e+12	0.00e+00	3.45e-35	1.46e-26	5.98e-19	3.13e-12	1.49e-06	1.00e+00	0.00e+00	0.00e+00	0.00e+00	0.00e+00	0.00e+00
 7.95504e+12	2.25e-44	4.85e-35	1.95e-26	7.51e-19	3.69e-12	1.63e-06	1.00e+00	0.00e+00	0.00e+00	0.00e+00	0.00e+00	0.00e+00
 8.27980e+12	0.00e+00	6.87e-35	2.60e-26	9.47e-19	4.37e-12	1.79e-06	1.00e+00	0.00e+00	0.00e+00	0.00e+00	0.00e+00	0.00e+00
 8.64091e+12	5.24e-44	9.92e-35	3.54e-26	1.21e-18	5.23e-12	1.97e-06	1.00e+00	0.00e+00	0.00e+00	0.00e+00	0.00e+00	0.00e+00
 9.00399e+12	0.00e+00	1.41e-34	4.75e-26	1.54e-18	6.22e-12	2.16e-06	1.00e+00	0.00e+00	0.00e+00	0.00e+00	0.00e+00	0.00e+00
 9.38158e+12	1.20e-43	2.01e-34	6.38e-26	1.95e-18	7.39e-12	2.38e-06	1.00e+00	0.00e+00	0.00e+00	0.00e+00	0.00e+00	0.00e+00
 9.74393e+12	0.00e+00	2.77e-34	8.36e-26	2.42e-18	8.66e-12	2.60e-06	1.00e+00	0.00e+00	0.00e+00	0.00e+00	0.00e+00	0.00e+00
 1.00557e+13	2.40e-43	3.62e-34	1.05e-25	2.90e-18	9.87e-12	2.79e-06	1.00e+00	0.00e+00	0.00e+00	0.00e+00	0.00e+00	0.00e+00
 1.03961e+13	0.00e+00	4.79e-34	1.33e-25	3.51e-18	1.13e-11	3.01e-06	1.00e+00	0.00e+00	0.00e+00	0.00e+00	0.00e+00	0.00e+00
 1.07770e+13	4.76e-43	6.48e-34	1.71e-25	4.31e-18	1.32e-11	3.28e-06	1.00e+00	0.00e+00	0.00e+00	0.00e+00	0.00e+00	0.00e+00
 1.11367e+13	0.00e+00	8.53e-34	2.16e-25	5.20e-18	1.51e-11	3.53e-06	1.00e+00	0.00e+00	0.00e+00	0.00e+00	0.00e+00	0.00e+00
 1.15307e+13	9.22e-43	1.14e-33	2.76e-25	6.34e-18	1.75e-11	3.83e-06	1.00e+00	0.00e+00	0.00e+00	0.00e+00	0.00e+00	0.00e+00
 1.19696e+13	0.00e+00	1.55e-33	3.58e-25	7.85e-18	2.04e-11	4.17e-06	1.00e+00	0.00e+00	0.00e+00	0.00e+00	0.00e+00	0.00e+00
 1.23821e+13	1.83e-42	2.05e-33	4.54e-25	9.52e-18	2.35e-11	4.51e-06	1.00e+00	0.00e+00	0.00e+00	0.00e+00	0.00e+00	0.00e+00
 1.28335e+13	0.00e+00	2.76e-33	5.84e-25	1.17e-17	2.72e-11	4.90e-06	1.00e+00	0.00e+00	0.00e+00	0.00e+00	0.00e+00	0.00e+00
 1.33388e+13	3.74e-42	3.79e-33	7.64e-25	1.45e-17	3.19e-11	5.36e-06	1.00e+00	0.00e+00	0.00e+00	0.00e+00	0.00e+00	0.00e+00
 1.38176e+13	0.00e+00	5.05e-33	9.76e-25	1.78e-17	3.68e-11	5.82e-06	1.00e+00	0.00e+00	0.00e+00	0.00e+00	0.00e+00	0.00e+00
 1.42572e+13	7.03e-42	6.52e-33	1.21e-24	2.12e-17	4.19e-11	6.26e-06	1.00e+00	0.00e+00	0.00e+00	0.00e+00	0.00e+00	0.00e+00
 1.47426e+13	0.00e+00	8.56e-33	1.53e-24	2.57e-17	4.80e-11	6.76e-06	1.00e+00	0.00e+00	0.00e+00	0.00e+00	0.00e+00	0.00e+00
 1.52874e+13	1.35e-41	1.15e-32	1.97e-24	3.16e-17	5.57e-11	7.35e-06	1.00e+00	0.00e+00	0.00e+00	0.00e+00	0.00e+00	0.00e+00
 1.58022e+13	0.00e+00	1.50e-32	2.48e-24	3.81e-17	6.38e-11	7.94e-06	1.00e+00	0.00e+00	0.00e+00	0.00e+00	0.00e+00	0.00e+00
 1.63643e+13	2.56e-41	1.99e-32	3.16e-24	4.65e-17	7.35e-11	8.60e-06	1.00e+00	0.00e+00	0.00e+00	0.00e+00	0.00e+00	0.00e+00
 1.69854e+13	0.00e+00	2.69e-32	4.09e-24	5.74e-17	8.55e-11	9.37e-06	1.00e+00	0.00e+00	0.00e+00	0.00e+00	0.00e+00	0.00e+00
 1.75599e+13	4.93e-41	3.52e-32	5.15e-24	6.94e-17	9.78e-11	1.01e-05	1.00e+00	0.00e+00	0.00e+00	0.00e+00	0.00e+00	0.00e+00
 1.81836e+13	0.00e+00	4.67e-32	6.56e-24	8.46e-17	1.13e-10	1.10e-05	1.00e+00	0.00e+00	0.00e+00	0.00e+00	0.00e+00	0.00e+00
 1.88813e+13	9.67e-41	6.32e-32	8.52e-24	1.05e-16	1.31e-10	1.19e-05	1.00e+00	0.00e+00	0.00e+00	0.00e+00	0.00e+00	0.00e+00
 1.95396e+13	0.00e+00	8.34e-32	1.08e-23	1.27e-16	1.50e-10	1.29e-05	1.00e+00	0.00e+00	0.00e+00	0.00e+00	0.00e+00	0.00e+00
 2.02600e+13	1.87e-40	1.12e-31	1.39e-23	1.56e-16	1.74e-10	1.40e-05	1.00e+00	0.00e+00	0.00e+00	0.00e+00	0.00e+00	0.00e+00
 2.10634e+13	0.00e+00	1.54e-31	1.83e-23	1.95e-16	2.03e-10	1.53e-05	1.00e+00	0.00e+00	0.00e+00	0.00e+00	0.00e+00	0.00e+00
 2.18203e+13	3.73e-40	2.05e-31	2.34e-23	2.39e-16	2.34e-10	1.66e-05	1.00e+00	0.00e+00	0.00e+00	0.00e+00	0.00e+00	0.00e+00
 2.26394e+13	0.00e+00	2.77e-31	3.03e-23	2.95e-16	2.71e-10	1.80e-05	1.00e+00	0.00e+00	0.00e+00	0.00e+00	0.00e+00	0.00e+00
 2.35749e+13	7.75e-40	3.87e-31	4.03e-23	3.72e-16	3.18e-10	1.98e-05	1.00e+00	0.00e+00	0.00e+00	0.00e+00	0.00e+00	0.00e+00
 2.44894e+13	0.00e+00	5.31e-31	5.28e-23	4.62e-16	3.69e-10	2.15e-05	1.00e+00	0.00e+00	0.00e+00	0.00e+00	0.00e+00	0.00e+00
 2.54405e+13	1.61e-39	7.31e-31	6.93e-23	5.76e-16	4.30e-10	2.34e-05	1.00e+00	0.00e+00	0.00e+00	0.00e+00	0.00e+00	0.00e+00
 2.64880e+13	0.00e+00	1.02e-30	9.25e-23	7.26e-16	5.04e-10	2.56e-05	1.00e+00	0.00e+00	0.00e+00	0.00e+00	0.00e+00	0.00e+00
 2.75488e+13	3.48e-39	1.43e-30	1.23e-22	9.10e-16	5.88e-10	2.79e-05	1.00e+00	0.00e+00	0.00e+00	0.00e+00	0.00e+00	0.00e+00
 2.86521e+13	0.00e+00	2.00e-30	1.63e-22	1.14e-15	6.87e-10	3.05e-05	1.00e+00	0.00e+00	0.00e+00	0.00e+00	0.00e+00	0.00e+00
 2.98281e+13	7.64e-39	2.82e-30	2.18e-22	1.44e-15	8.05e-10	3.33e-05	1.00e+00	0.00e+00	0.00e+00	0.00e+00	0.00e+00	0.00e+00
 3.09407e+13	0.00e+00	3.87e-30	2.85e-22	1.78e-15	9.30e-10	3.60e-05	1.00e+00	0.00e+00	0.00e+00	0.00e+00	0.00e+00	0.00e+00
 3.19446e+13	1.52e-38	5.12e-30	3.60e-22	2.14e-15	1.05e-09	3.86e-05	1.00e+00	0.00e+00	0.00e+00	0.00e+00	0.00e+00	0.00e+00
 3.28945e+13	0.00e+00	6.61e-30	4.47e-22	2.54e-15	1.18e-09	4.11e-05	1.00e+00	0.00e+00	0.00e+00	0.00e+00	0.00e+00	0.00e+00
 3.39508e+13	2.83e-38	8.75e-30	5.64e-22	3.05e-15	1.34e-09	4.40e-05	1.00e+00	0.00e+00	0.00e+00	0.00e+00	0.00e+00	0.00e+00
 3.51335e+13	0.00e+00	1.19e-29	7.28e-22	3.73e-15	1.53e-09	4.74e-05	1.00e+00	0.00e+00	0.00e+00	0.00e+00	0.00e+00	0.00e+00
 3.62564e+13	5.57e-38	1.57e-29	9.20e-22	4.48e-15	1.73e-09	5.07e-05	1.00e+00	0.00e+00	0.00e+00	0.00e+00	0.00e+00	0.00e+00
 3.74917e+13	0.00e+00	2.12e-29	1.18e-21	5.44e-15	1.98e-09	5.44e-05	1.00e+00	0.00e+00	0.00e+00	0.00e+00	0.00e+00	0.00e+00
 3.88733e+13	1.16e-37	2.94e-29	1.55e-21	6.72e-15	2.28e-09	5.88e-05	1.00e+00	0.00e+00	0.00e+00	0.00e+00	0.00e+00	0.00e+00
 4.01871e+13	0.00e+00	3.97e-29	1.99e-21	8.17e-15	2.60e-09	6.30e-05	1.00e+00	0.00e+00	0.00e+00	0.00e+00	0.00e+00	0.00e+00
 4.14108e+13	2.27e-37	5.22e-29	2.49e-21	9.73e-15	2.92e-09	6.71e-05	1.00e+00	0.00e+00	0.00e+00	0.00e+00	0.00e+00	0.00e+00
 4.27752e+13	0.00e+00	7.04e-29	3.19e-21	1.18e-14	3.32e-09	7.18e-05	1.00e+00	0.00e+00	0.00e+00	0.00e+00	0.00e+00	0.00e+00
 4.43109e+13	4.73e-37	9.78e-29	4.18e-21	1.45e-14	3.82e-09	7.73e-05	1.00e+00	0.00e+00	0.00e+00	0.00e+00	0.00e+00	0.00e+00
 4.57740e+13	0.00e+00	1.32e-28	5.35e-21	1.75e-14	4.34e-09	8.27e-05	1.00e+00	0.00e+00	0.00e+00	0.00e+00	0.00e+00	0.00e+00
 4.73807e+13	9.82e-37	1.82e-28	6.96e-21	2.15e-14	4.97e-09	8.89e-05	1.00e+00	0.00e+00	0.00e+00	0.00e+00	0.00e+00	0.00e+00
 4.91535e+13	0.00e+00	2.57e-28	9.23e-21	2.66e-14	5.74e-09	9.58e-05	1.00e+00	0.00e+00	0.00e+00	0.00e+00	0.00e+00	0.00e+00
 5.07972e+13	2.13e-36	3.51e-28	1.19e-20	3.23e-14	6.53e-09	1.03e-04	1.00e+00	0.00e+00	0.00e+00	0.00e+00	0.00e+00	0.00e+00
 5.25887e+13	0.00e+00	4.89e-28	1.56e-20	3.97e-14	7.49e-09	1.10e-04	1.00e+00	0.00e+00	0.00e+00	0.00e+00	0.00e+00	0.00e+00
 5.46066e+13	4.76e-36	6.94e-28	2.08e-20	4.95e-14	8.69e-09	1.19e-04	1.00e+00	0.00e+00	0.00e+00	0.00e+00	0.00e+00	0.00e+00
 5.65163e+13	0.00e+00	9.66e-28	2.72e-20	6.07e-14	9.95e-09	1.27e-04	1.00e+00	0.00e+00	0.00e+00	0.00e+00	0.00e+00	0.00e+00
 5.85843e+13	1.06e-35	1.37e-27	3.59e-20	7.50e-14	1.15e-08	1.37e-04	1.00e+00	0.00e+00	0.00e+00	0.00e+00	0.00e+00	0.00e+00
 6.09097e+13	0.00e+00	1.99e-27	4.87e-20	9.44e-14	1.34e-08	1.48e-04	1.00e+00	0.00e+00	0.00e+00	0.00e+00	0.00e+00	0.00e+00
 6.31517e+13	2.54e-35	2.83e-27	6.47e-20	1.17e-13	1.54e-08	1.59e-04	1.00e+00	0.00e+00	0.00e+00	0.00e+00	0.00e+00	0.00e+00
 6.55312e+13	3.90e-35	4.05e-27	8.65e-20	1.46e-13	1.78e-08	1.72e-04	1.00e+00	0.00e+00	0.00e+00	0.00e+00	0.00e+00	0.00e+00
 6.81823e+13	6.18e-35	5.96e-27	1.18e-19	1.84e-13	2.09e-08	1.86e-04	1.00e+00	0.00e+00	0.00e+00	0.00e+00	0.00e+00	0.00e+00
 7.08441e+13	9.66e-35	8.67e-27	1.60e-19	2.31e-13	2.43e-08	2.00e-04	1.00e+00	0.00e+00	0.00e+00	0.00e+00	0.00e+00	0.00e+00
 7.36122e+13	1.51e-34	1.26e-26	2.16e-19	2.90e-13	2.82e-08	2.16e-04	1.00e+00	0.00e+00	0.00e+00	0.00e+00	0.00e+00	0.00e+00
 7.65867e+13	2.41e-34	1.86e-26	2.95e-19	3.67e-13	3.30e-08	2.34e-04	1.00e+00	0.00e+00	0.00e+00	0.00e+00	0.00e+00	0.00e+00
 7.96800e+13	3.86e-34	2.75e-26	4.04e-19	4.64e-13	3.86e-08	2.53e-04	1.00e+00	0.00e+00	0.00e+00	0.00e+00	0.00e+00	0.00e+00
 8.28972e+13	6.17e-34	4.08e-26	5.53e-19	5.87e-13	4.52e-08	2.73e-04	1.00e+00	0.00e+00	0.00e+00	0.00e+00	0.00e+00	0.00e+00
 8.60458e+13	9.60e-34	5.89e-26	7.43e-19	7.32e-13	5.24e-08	2.94e-04	1.00e+00	0.00e+00	0.00e+00	0.00e+00	0.00e+00	0.00e+00
 8.90571e+13	1.44e-33	8.27e-26	9.76e-19	8.98e-13	6.00e-08	3.15e-04	1.00e+00	0.00e+00	0.00e+00	0.00e+00	0.00e+00	0.00e+00
 9.18914e+13	2.08e-33	1.12e-25	1.25e-18	1.08e-12	6.79e-08	3.35e-04	1.00e+00	0.00e+00	0.00e+00	0.00e+00	0.00e+00	0.00e+00
 9.45481e+13	2.94e-33	1.50e-25	1.57e-18	1.28e-12	7.60e-08	3.54e-04	1.00e+00	0.00e+00	0.00e+00	0.00e+00	0.00e+00	0.00e+00
 9.75958e+13	4.25e-33	2.04e-25	2.02e-18	1.55e-12	8.62e-08	3.77e-04	1.00e+00	0.00e+00	0.00e+00	0.00e+00	0.00e+00	0.00e+00
 1.01320e+14	6.70e-33	2.97e-25	2.72e-18	1.93e-12	1.00e-07	4.06e-04	1.00e+00	0.00e+00	0.00e+00	0.00e+00	0.00e+00	0.00e+00
 1.05078e+14	1.02e-32	4.22e-25	3.62e-18	2.40e-12	1.16e-07	4.37e-04	1.00e+00	0.00e+00	0.00e+00	0.00e+00	0.00e+00	0.00e+00
 1.08425e+14	1.48e-32	5.77e-25	4.65e-18	2.89e-12	1.31e-07	4.64e-04	1.00e+00	0.00e+00	0.00e+00	0.00e+00	0.00e+00	0.00e+00
 1.12082e+14	2.21e-32	8.04e-25	6.05e-18	3.53e-12	1.49e-07	4.96e-04	1.00e+00	0.00e+00	0.00e+00	0.00e+00	0.00e+00	0.00e+00
 1.16448e+14	3.43e-32	1.16e-24	8.18e-18	4.42e-12	1.74e-07	5.35e-04	9.99e-01	0.00e+00	0.00e+00	0.00e+00	0.00e+00	0.00e+00
 1.20875e+14	5.38e-32	1.69e-24	1.10e-17	5.53e-12	2.01e-07	5.76e-04	9.99e-01	0.00e+00	0.00e+00	0.00e+00	0.00e+00	0.00e+00
 1.25107e+14	7.92e-32	2.35e-24	1.44e-17	6.78e-12	2.31e-07	6.17e-04	9.99e-01	0.00e+00	0.00e+00	0.00e+00	0.00e+00	0.00e+00
 1.29769e+14	1.23e-31	3.37e-24	1.93e-17	8.43e-12	2.67e-07	6.63e-04	9.99e-01	0.00e+00	0.00e+00	0.00e+00	0.00e+00	0.00e+00
 1.34990e+14	1.93e-31	4.95e-24	2.64e-17	1.07e-11	3.12e-07	7.18e-04	9.99e-01	0.00e+00	0.00e+00	0.00e+00	0.00e+00	0.00e+00
 1.40278e+14	3.06e-31	7.26e-24	3.58e-17	1.34e-11	3.63e-07	7.74e-04	9.99e-01	0.00e+00	0.00e+00	0.00e+00	0.00e+00	0.00e+00
 1.45121e+14	4.47e-31	1.00e-23	4.67e-17	1.64e-11	4.15e-07	8.30e-04	9.99e-01	0.00e+00	0.00e+00	0.00e+00	0.00e+00	0.00e+00
 1.49489e+14	6.40e-31	1.35e-23	5.92e-17	1.96e-11	4.67e-07	8.79e-04	9.99e-01	0.00e+00	0.00e+00	0.00e+00	0.00e+00	0.00e+00
 1.54436e+14	9.19e-31	1.83e-23	7.63e-17	2.37e-11	5.32e-07	9.40e-04	9.99e-01	0.00e+00	0.00e+00	0.00e+00	0.00e+00	0.00e+00
 1.60392e+14	1.45e-30	2.67e-23	1.03e-16	2.97e-11	6.18e-07	1.01e-03	9.99e-01	0.00e+00	0.00e+00	0.00e+00	0.00e+00	0.00e+00
 1.66336e+14	2.16e-30	3.76e-23	1.37e-16	3.69e-11	7.14e-07	1.09e-03	9.99e-01	0.00e+00	0.00e+00	0.00e+00	0.00e+00	0.00e+00
 1.71679e+14	3.16e-30	5.16e-23	1.77e-16	4.46e-11	8.09e-07	1.16e-03	9.99e-01	0.00e+00	0.00e+00	0.00e+00	0.00e+00	0.00e+00
 1.77567e+14	4.61e-30	7.11e-23	2.30e-16	5.45e-11	9.25e-07	1.24e-03	9.99e-01	0.00e+00	0.00e+00	0.00e+00	0.00e+00	0.00e+00
 1.84528e+14	7.16e-30	1.03e-22	3.12e-16	6.85e-11	1.08e-06	1.34e-03	9.99e-01	0.00e+00	0.00e+00	0.00e+00	0.00e+00	0.00e+00
 1.91408e+14	1.09e-29	1.47e-22	4.16e-16	8.52e-11	1.25e-06	1.45e-03	9.99e-01	0.00e+00	0.00e+00	0.00e+00	0.00e+00	0.00e+00
 1.97759e+14	1.60e-29	2.02e-22	5.39e-16	1.04e-10	1.42e-06	1.54e-03	9.98e-01	0.00e+00	0.00e+00	0.00e+00	0.00e+00	0.00e+00
 2.04894e+14	2.37e-29	2.83e-22	7.13e-16	1.28e-10	1.63e-06	1.66e-03	9.98e-01	0.00e+00	0.00e+00	0.00e+00	0.00e+00	0.00e+00
 2.13120e+14	3.77e-29	4.16e-22	9.74e-16	1.62e-10	1.91e-06	1.79e-03	9.98e-01	0.00e+00	0.00e+00	0.00e+00	0.00e+00	0.00e+00
 2.21170e+14	5.63e-29	5.88e-22	1.30e-15	2.02e-10	2.21e-06	1.94e-03	9.98e-01	0.00e+00	0.00e+00	0.00e+00	0.00e+00	0.00e+00
 2.28855e+14	8.35e-29	8.19e-22	1.71e-15	2.47e-10	2.53e-06	2.07e-03	9.98e-01	0.00e+00	0.00e+00	0.00e+00	0.00e+00	0.00e+00
 2.37352e+14	1.28e-28	1.17e-21	2.28e-15	3.07e-10	2.93e-06	2.23e-03	9.98e-01	0.00e+00	0.00e+00	0.00e+00	0.00e+00	0.00e+00
 2.46877e+14	1.97e-28	1.69e-21	3.11e-15	3.88e-10	3.42e-06	2.41e-03	9.98e-01	0.00e+00	0.00e+00	0.00e+00	0.00e+00	0.00e+00
 2.56019e+14	3.02e-28	2.42e-21	4.15e-15	4.82e-10	3.96e-06	2.60e-03	9.97e-01	0.00e+00	0.00e+00	0.00e+00	0.00e+00	0.00e+00
 2.64524e+14	4.30e-28	3.28e-21	5.37e-15	5.86e-10	4.50e-06	2.77e-03	9.97e-01	0.00e+00	0.00e+00	0.00e+00	0.00e+00	0.00e+00
 2.74133e+14	6.56e-28	4.66e-21	7.13e-15	7.25e-10	5.19e-06	2.98e-03	9.97e-01	0.00e+00	0.00e+00	0.00e+00	0.00e+00	0.00e+00
 2.85128e+14	1.00e-27	6.71e-21	9.71e-15	9.16e-10	6.07e-06	3.23e-03	9.97e-01	0.00e+00	0.00e+00	0.00e+00	0.00e+00	0.00e+00
 2.95581e+14	1.53e-27	9.57e-21	1.29e-14	1.14e-09	7.00e-06	3.46e-03	9.97e-01	0.00e+00	0.00e+00	0.00e+00	0.00e+00	0.00e+00
 3.05152e+14	2.15e-27	1.28e-20	1.66e-14	1.37e-09	7.94e-06	3.70e-03	9.96e-01	0.00e+00	0.00e+00	0.00e+00	0.00e+00	0.00e+00
 3.14231e+14	3.04e-27	1.71e-20	2.10e-14	1.63e-09	8.92e-06	3.92e-03	9.96e-01	0.00e+00	0.00e+00	0.00e+00	0.00e+00	0.00e+00
 3.24250e+14	4.25e-27	2.28e-20	2.69e-14	1.97e-09	1.01e-05	4.17e-03	9.96e-01	0.00e+00	0.00e+00	0.00e+00	0.00e+00	0.00e+00
 3.35405e+14	6.31e-27	3.18e-20	3.51e-14	2.41e-09	1.16e-05	4.46e-03	9.96e-01	0.00e+00	0.00e+00	0.00e+00	0.00e+00	0.00e+00
 3.45924e+14	8.69e-27	4.20e-20	4.48e-14	2.90e-09	1.31e-05	4.76e-03	9.95e-01	0.00e+00	0.00e+00	0.00e+00	0.00e+00	0.00e+00
 3.57486e+14	1.26e-26	5.76e-20	5.81e-14	3.53e-09	1.49e-05	5.08e-03	9.95e-01	0.00e+00	0.00e+00	0.00e+00	0.00e+00	0.00e+00
 3.70439e+14	1.91e-26	8.15e-20	7.70e-14	4.36e-09	1.71e-05	5.45e-03	9.95e-01	0.00e+00	0.00e+00	0.00e+00	0.00e+00	0.00e+00
 3.82622e+14	2.67e-26	1.09e-19	9.94e-14	5.29e-09	1.95e-05	5.82e-03	9.94e-01	0.00e+00	0.00e+00	0.00e+00	0.00e+00	0.00e+00
 3.94136e+14	3.78e-26	1.46e-19	1.26e-13	6.31e-09	2.19e-05	6.17e-03	9.94e-01	0.00e+00	0.00e+00	0.00e+00	0.00e+00	0.00e+00
 4.07357e+14	5.29e-26	1.96e-19	1.63e-13	7.67e-09	2.50e-05	6.61e-03	9.93e-01	0.00e+00	0.00e+00	0.00e+00	0.00e+00	0.00e+00
 4.22209e+14	7.92e-26	2.76e-19	2.16e-13	9.50e-09	2.88e-05	7.09e-03	9.93e-01	0.00e+00	0.00e+00	0.00e+00	0.00e+00	0.00e+00
 4.36297e+14	1.13e-25	3.73e-19	2.80e-13	1.15e-08	3.28e-05	7.58e-03	9.92e-01	0.00e+00	0.00e+00	0.00e+00	0.00e+00	0.00e+00
 4.51727e+14	1.69e-25	5.24e-19	3.69e-13	1.42e-08	3.77e-05	8.13e-03	9.92e-01	0.00e+00	0.00e+00	0.00e+00	0.00e+00	0.00e+00
 4.68799e+14	2.46e-25	7.29e-19	4.92e-13	1.77e-08	4.36e-05	8.77e-03	9.91e-01	0.00e+00	0.00e+00	0.00e+00	0.00e+00	0.00e+00
 4.84570e+14	3.53e-25	9.92e-19	6.39e-13	2.16e-08	4.97e-05	9.37e-03	9.91e-01	0.00e+00	0.00e+00	0.00e+00	0.00e+00	0.00e+00
 5.01636e+14	5.20e-25	1.38e-18	8.39e-13	2.65e-08	5.71e-05	1.00e-02	9.90e-01	0.00e+00	0.00e+00	0.00e+00	0.00e+00	0.00e+00
 5.20799e+14	7.57e-25	1.92e-18	1.12e-12	3.31e-08	6.62e-05	1.08e-02	9.89e-01	0.00e+00	0.00e+00	0.00e+00	0.00e+00	0.00e+00
 5.38920e+14	1.12e-24	2.67e-18	1.47e-12	4.06e-08	7.58e-05	1.16e-02	9.88e-01	0.00e+00	0.00e+00	0.00e+00	0.00e+00	0.00e+00
 5.58490e+14	1.60e-24	3.66e-18	1.94e-12	5.01e-08	8.72e-05	1.25e-02	9.87e-01	0.00e+00	0.00e+00	0.00e+00	0.00e+00	0.00e+00
 5.80185e+14	2.44e-24	5.24e-18	2.62e-12	6.29e-08	1.01e-04	1.35e-02	9.86e-01	0.00e+00	0.00e+00	0.00e+00	0.00e+00	0.00e+00
 6.00903e+14	3.41e-24	7.07e-18	3.44e-12	7.74e-08	1.16e-04	1.45e-02	9.85e-01	0.00e+00	0.00e+00	0.00e+00	0.00e+00	0.00e+00
 6.23125e+14	5.05e-24	9.91e-18	4.57e-12	9.60e-08	1.34e-04	1.56e-02	9.84e-01	0.00e+00	0.00e+00	0.00e+00	0.00e+00	0.00e+00
 6.48079e+14	7.57e-24	1.41e-17	6.20e-12	1.21e-07	1.57e-04	1.69e-02	9.83e-01	0.00e+00	0.00e+00	0.00e+00	0.00e+00	0.00e+00
 6.72753e+14	1.13e-23	1.99e-17	8.30e-12	1.51e-07	1.82e-04	1.83e-02	9.82e-01	0.00e+00	0.00e+00	0.00e+00	0.00e+00	0.00e+00
 6.98413e+14	1.61e-23	2.74e-17	1.11e-11	1.89e-07	2.11e-04	1.98e-02	9.80e-01	0.00e+00	0.00e+00	0.00e+00	0.00e+00	0.00e+00
 7.25654e+14	2.42e-23	3.91e-17	1.49e-11	2.37e-07	2.45e-04	2.14e-02	9.78e-01	0.00e+00	0.00e+00	0.00e+00	0.00e+00	0.00e+00
 7.52560e+14	3.40e-23	5.32e-17	1.97e-11	2.94e-07	2.82e-04	2.31e-02	9.77e-01	0.00e+00	0.00e+00	0.00e+00	0.00e+00	0.00e+00
 7.75733e+14	4.64e-23	6.99e-17	2.50e-11	3.52e-07	3.18e-04	2.46e-02	9.75e-01	0.00e+00	0.00e+00	0.00e+00	0.00e+00	0.00e+00
 7.94554e+14	5.87e-23	8.61e-17	3.00e-11	4.05e-07	3.49e-04	2.58e-02	9.74e-01	0.00e+00	0.00e+00	0.00e+00	0.00e+00	0.00e+00
 8.15305e+14	7.62e-23	1.09e-16	3.66e-11	4.72e-07	3.86e-04	2.73e-02	9.72e-01	0.00e+00	0.00e+00	0.00e+00	0.00e+00	0.00e+00
 8.42282e+14	1.04e-22	1.43e-16	4.70e-11	5.72e-07	4.39e-04	2.92e-02	9.70e-01	0.00e+00	0.00e+00	0.00e+00	0.00e+00	0.00e+00
 8.70983e+14	1.44e-22	1.92e-16	6.09e-11	6.98e-07	5.00e-04	3.13e-02	9.68e-01	0.00e+00	0.00e+00	0.00e+00	0.00e+00	0.00e+00
 8.96176e+14	1.92e-22	2.48e-16	7.58e-11	8.26e-07	5.59e-04	3.32e-02	9.66e-01	0.00e+00	0.00e+00	0.00e+00	0.00e+00	0.00e+00
 9.23177e+14	2.51e-22	3.18e-16	9.50e-11	9.84e-07	6.27e-04	3.54e-02	9.64e-01	0.00e+00	0.00e+00	0.00e+00	0.00e+00	0.00e+00
 9.57221e+14	3.62e-22	4.40e-16	1.26e-10	1.22e-06	7.22e-04	3.82e-02	9.61e-01	0.00e+00	0.00e+00	0.00e+00	0.00e+00	0.00e+00
 9.92082e+14	5.03e-22	5.96e-16	1.65e-10	1.51e-06	8.30e-04	4.12e-02	9.58e-01	0.00e+00	0.00e+00	0.00e+00	0.00e+00	0.00e+00
 1.02219e+15	6.77e-22	7.77e-16	2.08e-10	1.80e-06	9.32e-04	4.39e-02	9.55e-01	0.00e+00	0.00e+00	0.00e+00	0.00e+00	0.00e+00
 1.05446e+15	9.10e-22	1.02e-15	2.64e-10	2.16e-06	1.05e-03	4.68e-02	9.52e-01	0.00e+00	0.00e+00	0.00e+00	0.00e+00	0.00e+00
 1.09417e+15	1.29e-21	1.40e-15	3.50e-10	2.68e-06	1.21e-03	5.07e-02	9.48e-01	0.00e+00	0.00e+00	0.00e+00	0.00e+00	0.00e+00
 1.13416e+15	1.82e-21	1.92e-15	4.62e-10	3.31e-06	1.39e-03	5.46e-02	9.44e-01	0.00e+00	0.00e+00	0.00e+00	0.00e+00	0.00e+00
 1.16935e+15	2.44e-21	2.51e-15	5.84e-10	3.97e-06	1.57e-03	5.83e-02	9.40e-01	0.00e+00	0.00e+00	0.00e+00	0.00e+00	0.00e+00
 1.20766e+15	3.31e-21	3.32e-15	7.48e-10	4.80e-06	1.77e-03	6.24e-02	9.36e-01	0.00e+00	0.00e+00	0.00e+00	0.00e+00	0.00e+00
 1.25392e+15	4.72e-21	4.61e-15	9.99e-10	5.99e-06	2.05e-03	6.76e-02	9.30e-01	0.00e+00	0.00e+00	0.00e+00	0.00e+00	0.00e+00
 1.29982e+15	6.69e-21	6.34e-15	1.32e-09	7.39e-06	2.35e-03	7.27e-02	9.25e-01	0.00e+00	0.00e+00	0.00e+00	0.00e+00	0.00e+00
 1.34080e+15	9.01e-21	8.35e-15	1.67e-09	8.87e-06	2.65e-03	7.76e-02	9.20e-01	0.00e+00	0.00e+00	0.00e+00	0.00e+00	0.00e+00
 1.38609e+15	1.24e-20	1.12e-14	2.16e-09	1.08e-05	3.00e-03	8.30e-02	9.14e-01	0.00e+00	0.00e+00	0.00e+00	0.00e+00	0.00e+00
 1.43993e+15	1.81e-20	1.58e-14	2.91e-09	1.35e-05	3.47e-03	8.99e-02	9.07e-01	0.00e+00	0.00e+00	0.00e+00	0.00e+00	0.00e+00
 1.49315e+15	2.59e-20	2.19e-14	3.85e-09	1.67e-05	3.98e-03	9.68e-02	8.99e-01	0.00e+00	0.00e+00	0.00e+00	0.00e+00	0.00e+00
 1.54183e+15	3.50e-20	2.90e-14	4.93e-09	2.01e-05	4.49e-03	1.03e-01	8.92e-01	0.00e+00	0.00e+00	0.00e+00	0.00e+00	0.00e+00
 1.59635e+15	4.99e-20	4.00e-14	6.44e-09	2.46e-05	5.11e-03	1.11e-01	8.84e-01	0.00e+00	0.00e+00	0.00e+00	0.00e+00	0.00e+00
 1.65973e+15	7.32e-20	5.69e-14	8.71e-09	3.09e-05	5.91e-03	1.20e-01	8.74e-01	0.00e+00	0.00e+00	0.00e+00	0.00e+00	0.00e+00
 1.72204e+15	1.05e-19	7.90e-14	1.16e-08	3.82e-05	6.78e-03	1.28e-01	8.65e-01	0.00e+00	0.00e+00	0.00e+00	0.00e+00	0.00e+00
 1.78685e+15	1.54e-19	1.12e-13	1.54e-08	4.74e-05	7.77e-03	1.38e-01	8.54e-01	0.00e+00	0.00e+00	0.00e+00	0.00e+00	0.00e+00
 1.85835e+15	2.29e-19	1.61e-13	2.09e-08	5.94e-05	8.97e-03	1.49e-01	8.42e-01	0.00e+00	0.00e+00	0.00e+00	0.00e+00	0.00e+00
 1.91846e+15	3.18e-19	2.16e-13	2.67e-08	7.13e-05	1.01e-02	1.58e-01	8.32e-01	0.00e+00	0.00e+00	0.00e+00	0.00e+00	0.00e+00
 1.96209e+15	4.01e-19	2.66e-13	3.18e-08	8.11e-05	1.09e-02	1.65e-01	8.24e-01	0.00e+00	0.00e+00	0.00e+00	0.00e+00	0.00e+00
 2.00803e+15	5.09e-19	3.30e-13	3.80e-08	9.26e-05	1.19e-02	1.72e-01	8.16e-01	0.00e+00	0.00e+00	0.00e+00	0.00e+00	0.00e+00
 2.06775e+15	6.89e-19	4.34e-13	4.77e-08	1.09e-04	1.32e-02	1.81e-01	8.05e-01	0.00e+00	0.00e+00	0.00e+00	0.00e+00	0.00e+00
 2.13362e+15	9.33e-19	5.73e-13	6.06e-08	1.31e-04	1.48e-02	1.91e-01	7.94e-01	0.00e+00	0.00e+00	0.00e+00	0.00e+00	0.00e+00
 2.19492e+15	1.28e-18	7.57e-13	7.55e-08	1.54e-04	1.63e-02	2.01e-01	7.82e-01	0.00e+00	0.00e+00	0.00e+00	0.00e+00	0.00e+00
 2.26208e+15	1.76e-18	1.00e-12	9.51e-08	1.82e-04	1.82e-02	2.12e-01	7.70e-01	0.00e+00	0.00e+00	0.00e+00	0.00e+00	0.00e+00
 2.33734e+15	2.42e-18	1.34e-12	1.22e-07	2.19e-04	2.04e-02	2.24e-01	7.55e-01	0.00e+00	0.00e+00	0.00e+00	0.00e+00	0.00e+00
 2.40882e+15	3.34e-18	1.78e-12	1.54e-07	2.59e-04	2.26e-02	2.35e-01	7.42e-01	0.00e+00	0.00e+00	0.00e+00	0.00e+00	0.00e+00
 2.48742e+15	4.81e-18	2.45e-12	1.97e-07	3.09e-04	2.53e-02	2.48e-01	7.26e-01	0.00e+00	0.00e+00	0.00e+00	0.00e+00	0.00e+00
 2.57504e+15	6.74e-18	3.32e-12	2.55e-07	3.74e-04	2.85e-02	2.62e-01	7.09e-01	0.00e+00	0.00e+00	0.00e+00	0.00e+00	0.00e+00
 2.65830e+15	9.50e-18	4.49e-12	3.25e-07	4.46e-04	3.17e-02	2.75e-01	6.93e-01	0.00e+00	0.00e+00	0.00e+00	0.00e+00	0.00e+00
 2.75044e+15	1.36e-17	6.17e-12	4.20e-07	5.37e-04	3.55e-02	2.89e-01	6.75e-01	0.00e+00	0.00e+00	0.00e+00	0.00e+00	0.00e+00
 2.85344e+15	2.09e-17	8.87e-12	5.54e-07	6.55e-04	4.01e-02	3.05e-01	6.54e-01	0.00e+00	0.00e+00	0.00e+00	0.00e+00	0.00e+00
 2.94992e+15	3.01e-17	1.20e-11	7.10e-07	7.83e-04	4.46e-02	3.19e-01	6.36e-01	0.00e+00	0.00e+00	1.72e-17	9.14e-18	3.27e-18
 3.05470e+15	4.25e-17	1.64e-11	9.19e-07	9.42e-04	4.99e-02	3.34e-01	6.15e-01	0.00e+00	0.00e+00	2.43e-17	1.30e-17	4.60e-18
 3.17184e+15	6.62e-17	2.38e-11	1.21e-06	1.15e-03	5.62e-02	3.50e-01	5.92e-01	0.00e+00	0.00e+00	3.79e-17	2.02e-17	7.10e-18
 3.28175e+15	9.49e-17	3.24e-11	1.56e-06	1.37e-03	6.25e-02	3.65e-01	5.71e-01	0.00e+00	0.00e+00	5.44e-17	2.89e-17	1.01e-17
 3.40043e+15	1.35e-16	4.42e-11	2.02e-06	1.65e-03	6.96e-02	3.80e-01	5.49e-01	0.00e+00	0.00e+00	7.76e-17	4.11e-17	1.44e-17
 3.53340e+15	2.13e-16	6.44e-11	2.66e-06	2.00e-03	7.80e-02	3.96e-01	5.24e-01	0.00e+00	0.00e+00	1.22e-16	6.47e-17	2.25e-17
 3.66032e+15	3.12e-16	8.90e-11	3.43e-06	2.39e-03	8.65e-02	4.10e-01	5.01e-01	0.00e+00	0.00e+00	1.79e-16	9.48e-17	3.29e-17
 3.79541e+15	4.57e-16	1.23e-10	4.43e-06	2.86e-03	9.59e-02	4.24e-01	4.77e-01	0.00e+00	0.00e+00	2.63e-16	1.39e-16	4.80e-17
 3.94725e+15	6.73e-16	1.72e-10	5.84e-06	3.47e-03	1.07e-01	4.38e-01	4.52e-01	0.00e+00	0.00e+00	3.88e-16	2.05e-16	7.04e-17
 4.09787e+15	1.06e-15	2.47e-10	7.60e-06	4.16e-03	1.19e-01	4.51e-01	4.26e-01	0.00e+00	0.00e+00	6.08e-16	3.21e-16	1.10e-16
 4.25451e+15	1.58e-15	3.46e-10	9.84e-06	4.97e-03	1.31e-01	4.62e-01	4.02e-01	0.00e+00	0.00e+00	9.13e-16	4.81e-16	1.64e-16
 4.39590e+15	2.25e-15	4.62e-10	1.23e-05	5.80e-03	1.43e-01	4.72e-01	3.80e-01	0.00e+00	0.00e+00	1.30e-15	6.84e-16	2.33e-16
 4.50122e+15	2.90e-15	5.69e-10	1.44e-05	6.47e-03	1.51e-01	4.78e-01	3.65e-01	0.00e+00	0.00e+00	1.67e-15	8.80e-16	2.99e-16
 4.61015e+15	3.75e-15	7.01e-10	1.70e-05	7.22e-03	1.61e-01	4.83e-01	3.49e-01	0.00e+00	0.00e+00	2.16e-15	1.14e-15	3.86e-16
 4.75176e+15	4.97e-15	8.93e-10	2.07e-05	8.27e-03	1.73e-01	4.89e-01	3.30e-01	0.00e+00	0.00e+00	2.87e-15	1.51e-15	5.11e-16
 4.90675e+15	7.29e-15	1.21e-09	2.57e-05	9.56e-03	1.86e-01	4.95e-01	3.10e-01	0.00e+00	0.00e+00	4.21e-15	2.22e-15	7.48e-16
 5.04751e+15	9.85e-15	1.54e-09	3.09e-05	1.08e-02	1.99e-01	4.98e-01	2.92e-01	0.00e+00	0.00e+00	5.69e-15	2.99e-15	1.01e-15
 5.19885e+15	1.33e-14	1.97e-09	3.75e-05	1.23e-02	2.12e-01	5.01e-01	2.75e-01	0.00e+00	0.00e+00	7.71e-15	4.05e-15	1.36e-15
 5.39010e+15	1.88e-14	2.63e-09	4.72e-05	1.43e-02	2.30e-01	5.03e-01	2.53e-01	0.00e+00	0.00e+00	1.09e-14	5.72e-15	1.92e-15
 5.58310e+15	2.86e-14	3.63e-09	5.92e-05	1.66e-02	2.47e-01	5.03e-01	2.33e-01	0.00e+00	0.00e+00	1.66e-14	8.69e-15	2.91e-15
 5.74541e+15	3.87e-14	4.61e-09	7.09e-05	1.87e-02	2.62e-01	5.02e-01	2.18e-01	0.00e+00	0.00e+00	2.24e-14	1.17e-14	3.93e-15
 5.91794e+15	5.23e-14	5.87e-09	8.53e-05	2.11e-02	2.77e-01	4.99e-01	2.02e-01	0.00e+00	0.00e+00	3.02e-14	1.59e-14	5.30e-15
 6.13578e+15	7.34e-14	7.75e-09	1.07e-04	2.44e-02	2.97e-01	4.95e-01	1.84e-01	0.00e+00	0.00e+00	4.25e-14	2.23e-14	7.42e-15
 6.35880e+15	1.12e-13	1.07e-08	1.33e-04	2.81e-02	3.16e-01	4.89e-01	1.67e-01	0.00e+00	0.00e+00	6.49e-14	3.41e-14	1.13e-14
 6.55203e+15	1.53e-13	1.36e-08	1.59e-04	3.15e-02	3.33e-01	4.83e-01	1.53e-01	0.00e+00	0.00e+00	8.84e-14	4.64e-14	1.54e-14
 6.76025e+15	2.09e-13	1.74e-08	1.92e-04	3.54e-02	3.50e-01	4.75e-01	1.40e-01	0.00e+00	0.00e+00	1.21e-13	6.34e-14	2.10e-14
 7.01551e+15	2.94e-13	2.30e-08	2.39e-04	4.06e-02	3.71e-01	4.64e-01	1.25e-01	0.00e+00	0.00e+00	1.70e-13	8.93e-14	2.96e-14
 7.27031e+15	4.49e-13	3.15e-08	2.96e-04	4.63e-02	3.91e-01	4.52e-01	1.11e-01	0.00e+00	0.00e+00	2.60e-13	1.36e-13	4.51e-14
 7.49392e+15	6.12e-13	4.00e-08	3.52e-04	5.16e-02	4.08e-01	4.40e-01	1.00e-01	0.00e+00	0.00e+00	3.54e-13	1.86e-13	6.14e-14
 7.73861e+15	8.40e-13	5.12e-08	4.24e-04	5.77e-02	4.25e-01	4.27e-01	8.99e-02	0.00e+00	0.00e+00	4.87e-13	2.55e-13	8.42e-14
 8.03447e+15	1.18e-12	6.71e-08	5.25e-04	6.56e-02	4.45e-01	4.10e-01	7.86e-02	0.00e+00	0.00e+00	6.85e-13	3.59e-13	1.18e-13
 8.31906e+15	1.79e-12	9.08e-08	6.42e-04	7.38e-02	4.63e-01	3.94e-01	6.89e-02	0.00e+00	0.00e+00	1.04e-12	5.43e-13	1.79e-13
 8.55431e+15	2.37e-12	1.13e-07	7.51e-04	8.08e-02	4.76e-01	3.80e-01	6.19e-02	0.00e+00	0.00e+00	1.37e-12	7.20e-13	2.37e-13
 8.80322e+15	3.18e-12	1.41e-07	8.83e-04	8.88e-02	4.90e-01	3.65e-01	5.51e-02	0.00e+00	0.00e+00	1.85e-12	9.68e-13	3.18e-13
 9.12279e+15	4.34e-12	1.80e-07	1.08e-03	9.94e-02	5.06e-01	3.46e-01	4.76e-02	0.00e+00	0.00e+00	2.52e-12	1.32e-12	4.33e-13
 9.45564e+15	6.65e-12	2.45e-07	1.32e-03	1.11e-01	5.20e-01	3.26e-01	4.07e-02	0.00e+00	0.00e+00	3.86e-12	2.02e-12	6.63e-13
 9.70577e+15	8.61e-12	2.99e-07	1.52e-03	1.20e-01	5.30e-01	3.12e-01	3.62e-02	0.00e+00	0.00e+00	5.00e-12	2.62e-12	8.58e-13
 9.92699e+15	1.09e-11	3.56e-07	1.72e-03	1.29e-01	5.38e-01	2.99e-01	3.26e-02	0.00e+00	0.00e+00	6.33e-12	3.32e-12	1.09e-12
 1.02146e+16	1.45e-11	4.42e-07	2.02e-03	1.40e-01	5.47e-01	2.83e-01	2.85e-02	0.00e+00	0.00e+00	8.41e-12	4.41e-12	1.44e-12
 1.05211e+16	2.00e-11	5.61e-07	2.38e-03	1.53e-01	5.54e-01	2.66e-01	2.46e-02	0.00e+00	0.00e+00	1.16e-11	6.09e-12	1.99e-12
 1.07875e+16	2.58e-11	6.78e-07	2.73e-03	1.65e-01	5.60e-01	2.51e-01	2.17e-02	0.00e+00	0.00e+00	1.50e-11	7.85e-12	2.57e-12
 1.10694e+16	3.35e-11	8.26e-07	3.15e-03	1.77e-01	5.64e-01	2.37e-01	1.90e-02	0.00e+00	0.00e+00	1.94e-11	1.02e-11	3.33e-12
 1.14358e+16	4.85e-11	1.08e-06	3.79e-03	1.94e-01	5.68e-01	2.18e-01	1.58e-02	0.00e+00	0.00e+00	2.82e-11	1.48e-11	4.83e-12
 1.17976e+16	6.57e-11	1.37e-06	4.49e-03	2.11e-01	5.70e-01	2.01e-01	1.33e-02	0.00e+00	0.00e+00	3.82e-11	2.00e-11	6.53e-12
 1.20735e+16	8.18e-11	1.62e-06	5.11e-03	2.25e-01	5.70e-01	1.89e-01	1.17e-02	0.00e+00	0.00e+00	4.75e-11	2.49e-11	8.13e-12
 1.23521e+16	1.05e-10	1.95e-06	5.84e-03	2.39e-01	5.68e-01	1.76e-01	1.02e-02	0.00e+00	0.00e+00	6.10e-11	3.20e-11	1.04e-11
 1.27143e+16	1.55e-10	2.57e-06	6.94e-03	2.59e-01	5.65e-01	1.61e-01	8.43e-03	0.00e+00	0.00e+00	9.01e-11	4.72e-11	1.54e-11
 1.30796e+16	2.07e-10	3.20e-06	8.17e-03	2.79e-01	5.60e-01	1.46e-01	7.04e-03	0.00e+00	0.00e+00	1.20e-10	6.32e-11	2.06e-11
 1.33733e+16	2.59e-10	3.81e-06	9.32e-03	2.95e-01	5.54e-01	1.36e-01	6.08e-03	0.00e+00	0.00e+00	1.50e-10	7.89e-11	2.57e-11
 1.36379e+16	3.27e-10	4.53e-06	1.05e-02	3.10e-01	5.48e-01	1.26e-01	5.30e-03	0.00e+00	0.00e+00	1.90e-10	9.96e-11	3.25e-11
 1.39404e+16	4.25e-10	5.51e-06	1.21e-02	3.28e-01	5.39e-01	1.16e-01	4.51e-03	0.00e+00	0.00e+00	2.47e-10	1.30e-10	4.23e-11
 1.42691e+16	6.10e-10	7.08e-06	1.41e-02	3.48e-01	5.29e-01	1.05e-01	3.77e-03	0.00e+00	0.00e+00	3.55e-10	1.86e-10	6.07e-11
 1.45577e+16	7.69e-10	8.45e-06	1.60e-02	3.66e-01	5.19e-01	9.65e-02	3.23e-03	0.00e+00	0.00e+00	4.47e-10	2.35e-10	7.65e-11
 1.48161e+16	9.38e-10	9.86e-06	1.80e-02	3.82e-01	5.08e-01	8.91e-02	2.81e-03	0.00e+00	0.00e+00	5.45e-10	2.86e-10	9.33e-11
 1.51097e+16	1.32e-09	1.25e-05	2.08e-02	4.01e-01	4.95e-01	8.08e-02	2.36e-03	0.00e+00	0.00e+00	7.69e-10	4.03e-10	1.32e-10
 1.54179e+16	1.63e-09	1.48e-05	2.40e-02	4.21e-01	4.80e-01	7.30e-02	1.99e-03	0.00e+00	0.00e+00	9.45e-10	4.96e-10	1.62e-10
 1.56870e+16	2.29e-09	1.88e-05	2.74e-02	4.39e-01	4.66e-01	6.63e-02	1.68e-03	0.00e+00	0.00e+00	1.33e-09	6.98e-10	2.28e-10
 1.58985e+16	2.78e-09	2.17e-05	3.04e-02	4.52e-01	4.54e-01	6.15e-02	1.48e-03	0.00e+00	0.00e+00	1.62e-09	8.48e-10	2.76e-10
 1.60930e+16	3.41e-09	2.53e-05	3.36e-02	4.66e-01	4.42e-01	5.71e-02	1.31e-03	0.00e+00	0.00e+00	1.98e-09	1.04e-09	3.40e-10
 1.63458e+16	4.36e-09	3.04e-05	3.84e-02	4.82e-01	4.26e-01	5.16e-02	1.11e-03	0.00e+00	0.00e+00	2.54e-09	1.33e-09	4.34e-10
 1.66240e+16	5.86e-09	3.79e-05	4.45e-02	5.01e-01	4.08e-01	4.60e-02	9.23e-04	0.00e+00	0.00e+00	3.41e-09	1.79e-09	5.84e-10
 1.68711e+16	7.33e-09	4.52e-05	5.09e-02	5.17e-01	3.90e-01	4.13e-02	7.80e-04	0.00e+00	0.00e+00	4.26e-09	2.24e-09	7.31e-10
 1.70874e+16	9.42e-09	5.44e-05	5.77e-02	5.31e-01	3.73e-01	3.74e-02	6.67e-04	0.00e+00	0.00e+00	5.48e-09	2.88e-09	9.40e-10
 1.72960e+16	1.29e-08	6.79e-05	6.56e-02	5.44e-01	3.56e-01	3.36e-02	5.65e-04	0.00e+00	0.00e+00	7.52e-09	3.95e-09	1.29e-09
 1.74953e+16	1.67e-08	8.19e-05	7.44e-02	5.55e-01	3.39e-01	3.03e-02	4.81e-04	0.00e+00	0.00e+00	9.70e-09	5.09e-09	1.66e-09
 1.76844e+16	2.15e-08	9.88e-05	8.42e-02	5.66e-01	3.22e-01	2.72e-02	4.10e-04	0.00e+00	0.00e+00	1.25e-08	6.58e-09	2.15e-09
 1.78719e+16	2.80e-08	1.20e-04	9.58e-02	5.75e-01	3.04e-01	2.43e-02	3.46e-04	0.00e+00	0.00e+00	1.63e-08	8.57e-09	2.80e-09
 1.80539e+16	3.67e-08	1.47e-04	1.09e-01	5.83e-01	2.86e-01	2.16e-02	2.91e-04	0.00e+00	0.00e+00	2.14e-08	1.12e-08	3.67e-09
 1.82249e+16	4.80e-08	1.78e-04	1.24e-01	5.89e-01	2.68e-01	1.91e-02	2.44e-04	0.00e+00	0.00e+00	2.79e-08	1.47e-08	4.79e-09
 1.83842e+16	6.24e-08	2.17e-04	1.41e-01	5.92e-01	2.50e-01	1.69e-02	2.05e-04	0.00e+00	0.00e+00	3.63e-08	1.91e-08	6.24e-09
 1.85342e+16	8.11e-08	2.63e-04	1.59e-01	5.93e-01	2.32e-01	1.49e-02	1.71e-04	0.00e+00	0.00e+00	4.72e-08	2.48e-08	8.11e-09
 1.86766e+16	1.05e-07	3.18e-04	1.80e-01	5.92e-01	2.15e-01	1.30e-02	1.42e-04	0.00e+00	0.00e+00	6.12e-08	3.22e-08	1.05e-08
 1.88114e+16	1.28e-07	3.72e-04	2.03e-01	5.88e-01	1.97e-01	1.13e-02	1.19e-04	0.00e+00	0.00e+00	7.46e-08	3.92e-08	1.28e-08
 1.89418e+16	1.82e-07	4.73e-04	2.30e-01	5.80e-01	1.79e-01	9.71e-03	9.56e-05	0.00e+00	0.00e+00	1.06e-07	5.57e-08	1.82e-08
 1.90541e+16	2.30e-07	5.61e-04	2.56e-01	5.71e-01	1.64e-01	8.44e-03	7.93e-05	0.00e+00	0.00e+00	1.34e-07	7.03e-08	2.30e-08
 1.91480e+16	2.64e-07	6.29e-04	2.81e-01	5.61e-01	1.50e-01	7.42e-03	6.72e-05	0.00e+00	0.00e+00	1.54e-07	8.08e-08	2.65e-08
 1.92544e+16	3.58e-07	7.79e-04	3.15e-01	5.44e-01	1.34e-01	6.24e-03	5.34e-05	0.00e+00	0.00e+00	2.08e-07	1.10e-07	3.60e-08
 1.93609e+16	4.68e-07	9.41e-04	3.52e-01	5.24e-01	1.18e-01	5.18e-03	4.20e-05	0.00e+00	0.00e+00	2.72e-07	1.43e-07	4.71e-08
 1.94337e+16	5.54e-07	1.06e-03	3.79e-01	5.08e-01	1.07e-01	4.51e-03	3.53e-05	0.00e+00	0.00e+00	3.22e-07	1.70e-07	5.57e-08
 1.94845e+16	6.30e-07	1.17e-03	4.01e-01	4.95e-01	9.92e-02	4.05e-03	3.07e-05	0.00e+00	0.00e+00	3.67e-07	1.93e-07	6.35e-08
 1.95402e+16	7.22e-07	1.29e-03	4.25e-01	4.79e-01	9.06e-02	3.57e-03	2.62e-05	0.00e+00	0.00e+00	4.20e-07	2.21e-07	7.28e-08
 1.96127e+16	8.85e-07	1.48e-03	4.60e-01	4.56e-01	7.95e-02	2.97e-03	2.08e-05	0.00e+00	0.00e+00	5.15e-07	2.71e-07	8.93e-08
 1.96842e+16	1.05e-06	1.68e-03	4.95e-01	4.31e-01	6.94e-02	2.47e-03	1.65e-05	0.00e+00	0.00e+00	6.11e-07	3.22e-07	1.06e-07
 1.97403e+16	1.18e-06	1.82e-03	5.24e-01	4.11e-01	6.16e-02	2.10e-03	1.36e-05	0.00e+00	0.00e+00	6.87e-07	3.62e-07	1.19e-07
 1.97993e+16	1.39e-06	2.04e-03	5.56e-01	3.86e-01	5.35e-02	1.74e-03	1.07e-05	0.00e+00	0.00e+00	8.06e-07	4.25e-07	1.40e-07
 1.98631e+16	1.71e-06	2.34e-03	5.92e-01	3.58e-01	4.54e-02	1.39e-03	8.13e-06	0.00e+00	0.00e+00	9.95e-07	5.25e-07	1.73e-07
 1.99157e+16	1.95e-06	2.55e-03	6.21e-01	3.36e-01	3.94e-02	1.15e-03	6.46e-06	0.00e+00	0.00e+00	1.13e-06	5.98e-07	1.97e-07
 1.99669e+16	2.24e-06	2.80e-03	6.51e-01	3.12e-01	3.37e-02	9.34e-04	5.01e-06	0.00e+00	0.00e+00	1.30e-06	6.87e-07	2.27e-07
 2.00333e+16	2.66e-06	3.13e-03	6.88e-01	2.81e-01	2.72e-02	7.02e-04	3.54e-06	0.00e+00	0.00e+00	1.55e-06	8.18e-07	2.70e-07
 2.01016e+16	3.15e-06	3.48e-03	7.24e-01	2.51e-01	2.15e-02	5.16e-04	2.44e-06	0.00e+00	0.00e+00	1.83e-06	9.67e-07	3.20e-07
 2.01589e+16	3.62e-06	3.80e-03	7.52e-01	2.26e-01	1.74e-02	3.91e-04	1.75e-06	0.00e+00	0.00e+00	2.10e-06	1.11e-06	3.68e-07
 2.02197e+16	4.18e-06	4.15e-03	7.82e-01	2.00e-01	1.37e-02	2.84e-04	1.19e-06	0.00e+00	0.00e+00	2.43e-06	1.29e-06	4.27e-07
 2.02987e+16	5.00e-06	4.62e-03	8.16e-01	1.70e-01	9.83e-03	1.84e-04	7.04e-07	0.00e+00	0.00e+00	2.91e-06	1.54e-06	5.11e-07
 2.03801e+16	5.91e-06	5.09e-03	8.46e-01	1.42e-01	6.95e-03	1.16e-04	0.00e+00	0.00e+00	0.00e+00	3.43e-06	1.82e-06	6.05e-07
