#depth	C	C+	C+2	C+3	C+4	C+5	C+6	C[1]	C[2]	C[3]	C+[1]	C+[2]	CO
 1.49634e+10	3.93e-45	7.84e-34	1.24e-23	5.76e-14	8.64e-04	6.69e-01	3.30e-01	0.00e+00	0.00e+00	0.00e+00	0.00e+00	0.00e+00	5.03e-144
 4.54887e+10	0.00e+00	1.10e-33	1.60e-23	6.88e-14	9.53e-04	6.86e-01	3.13e-01	0.00e+00	0.00e+00	0.00e+00	0.00e+00	0.00e+00	8.71e-188
 7.72350e+10	9.04e-45	1.54e-33	2.09e-23	8.27e-14	1.06e-03	7.03e-01	2.96e-01	0.00e+00	0.00e+00	0.00e+00	0.00e+00	0.00e+00	4.74e-143
 1.10251e+11	0.00e+00	2.17e-33	2.72e-23	9.93e-14	1.17e-03	7.19e-01	2.79e-01	0.00e+00	0.00e+00	0.00e+00	0.00e+00	0.00e+00	4.34e-187
 1.43353e+11	2.07e-44	3.02e-33	3.49e-23	1.18e-13	1.30e-03	7.34e-01	2.64e-01	0.00e+00	0.00e+00	0.00e+00	0.00e+00	0.00e+00	4.32e-142
 1.77780e+11	0.00e+00	4.20e-33	4.51e-23	1.41e-13	1.43e-03	7.49e-01	2.50e-01	0.00e+00	0.00e+00	0.00e+00	0.00e+00	0.00e+00	2.12e-186
 2.14818e+11	4.73e-44	5.90e-33	5.84e-23	1.69e-13	1.58e-03	7.63e-01	2.35e-01	0.00e+00	0.00e+00	0.00e+00	0.00e+00	0.00e+00	3.97e-141
 2.53337e+11	0.00e+00	8.29e-33	7.58e-23	2.03e-13	1.75e-03	7.77e-01	2.21e-01	0.00e+00	0.00e+00	0.00e+00	0.00e+00	0.00e+00	1.03e-185
 2.93398e+11	1.09e-43	1.16e-32	9.83e-23	2.43e-13	1.94e-03	7.91e-01	2.07e-01	0.00e+00	0.00e+00	0.00e+00	0.00e+00	0.00e+00	3.79e-140
 3.35060e+11	0.00e+00	1.63e-32	1.28e-22	2.90e-13	2.14e-03	8.03e-01	1.95e-01	0.00e+00	0.00e+00	0.00e+00	0.00e+00	0.00e+00	5.13e-185
 3.78389e+11	2.53e-43	2.29e-32	1.65e-22	3.47e-13	2.36e-03	8.15e-01	1.82e-01	0.00e+00	0.00e+00	0.00e+00	0.00e+00	0.00e+00	3.62e-139
 4.23452e+11	0.00e+00	3.22e-32	2.14e-22	4.15e-13	2.61e-03	8.27e-01	1.71e-01	0.00e+00	0.00e+00	0.00e+00	0.00e+00	0.00e+00	2.54e-184
 4.70317e+11	5.85e-43	4.52e-32	2.77e-22	4.96e-13	2.88e-03	8.38e-01	1.60e-01	0.00e+00	0.00e+00	0.00e+00	0.00e+00	0.00e+00	3.47e-138
 5.19056e+11	0.00e+00	6.34e-32	3.59e-22	5.93e-13	3.17e-03	8.48e-01	1.49e-01	0.00e+00	0.00e+00	0.00e+00	0.00e+00	0.00e+00	1.25e-183
 5.69745e+11	1.35e-42	8.90e-32	4.65e-22	7.08e-13	3.50e-03	8.57e-01	1.39e-01	0.00e+00	0.00e+00	0.00e+00	0.00e+00	0.00e+00	3.34e-137
 6.22462e+11	0.00e+00	1.25e-31	6.03e-22	8.46e-13	3.85e-03	8.66e-01	1.30e-01	0.00e+00	0.00e+00	0.00e+00	0.00e+00	0.00e+00	6.10e-183
 6.72309e+11	3.02e-42	1.70e-31	7.62e-22	9.94e-13	4.20e-03	8.74e-01	1.22e-01	0.00e+00	0.00e+00	0.00e+00	0.00e+00	0.00e+00	2.92e-136
 7.17462e+11	0.00e+00	2.23e-31	9.38e-22	1.15e-12	4.55e-03	8.81e-01	1.15e-01	0.00e+00	0.00e+00	0.00e+00	0.00e+00	0.00e+00	2.83e-182
 7.68477e+11	6.12e-42	3.01e-31	1.18e-21	1.34e-12	4.95e-03	8.87e-01	1.08e-01	0.00e+00	0.00e+00	0.00e+00	0.00e+00	0.00e+00	1.96e-135
 8.28220e+11	0.00e+00	4.20e-31	1.52e-21	1.60e-12	5.44e-03	8.94e-01	1.00e-01	0.00e+00	0.00e+00	0.00e+00	0.00e+00	0.00e+00	9.91e-182
 8.87416e+11	1.37e-41	5.78e-31	1.94e-21	1.88e-12	5.95e-03	9.00e-01	9.36e-02	0.00e+00	0.00e+00	0.00e+00	0.00e+00	0.00e+00	1.75e-134
 9.43466e+11	0.00e+00	7.75e-31	2.43e-21	2.20e-12	6.47e-03	9.06e-01	8.78e-02	0.00e+00	0.00e+00	0.00e+00	0.00e+00	0.00e+00	4.31e-181
 1.00562e+12	2.94e-41	1.07e-30	3.09e-21	2.59e-12	7.08e-03	9.11e-01	8.19e-02	0.00e+00	0.00e+00	0.00e+00	0.00e+00	0.00e+00	1.35e-133
 1.07577e+12	0.00e+00	1.50e-30	4.00e-21	3.09e-12	7.79e-03	9.16e-01	7.59e-02	0.00e+00	0.00e+00	0.00e+00	0.00e+00	0.00e+00	1.48e-180
 1.14590e+12	6.73e-41	2.08e-30	5.15e-21	3.67e-12	8.54e-03	9.21e-01	7.05e-02	0.00e+00	0.00e+00	0.00e+00	0.00e+00	0.00e+00	1.27e-132
 1.21883e+12	0.00e+00	2.90e-30	6.63e-21	4.37e-12	9.38e-03	9.25e-01	6.54e-02	0.00e+00	0.00e+00	0.00e+00	0.00e+00	0.00e+00	5.01e-180
 1.29751e+12	1.56e-40	4.10e-30	8.63e-21	5.22e-12	1.03e-02	9.29e-01	6.04e-02	0.00e+00	0.00e+00	0.00e+00	0.00e+00	0.00e+00	1.22e-131
 1.37934e+12	0.00e+00	5.79e-30	1.12e-20	6.25e-12	1.14e-02	9.33e-01	5.58e-02	0.00e+00	0.00e+00	0.00e+00	0.00e+00	0.00e+00	7.41e-180
 1.45773e+12	3.56e-40	7.97e-30	1.43e-20	7.37e-12	1.24e-02	9.36e-01	5.19e-02	0.00e+00	0.00e+00	0.00e+00	0.00e+00	0.00e+00	1.13e-130
 1.53008e+12	0.00e+00	1.06e-29	1.78e-20	8.55e-12	1.35e-02	9.38e-01	4.86e-02	0.00e+00	0.00e+00	0.00e+00	0.00e+00	0.00e+00	0.00e+00
 1.61204e+12	7.51e-40	1.45e-29	2.27e-20	1.01e-11	1.47e-02	9.40e-01	4.51e-02	0.00e+00	0.00e+00	0.00e+00	0.00e+00	0.00e+00	8.39e-130
 1.70645e+12	0.00e+00	2.06e-29	2.95e-20	1.21e-11	1.62e-02	9.42e-01	4.16e-02	0.00e+00	0.00e+00	0.00e+00	0.00e+00	0.00e+00	0.00e+00
 1.79955e+12	1.75e-39	2.88e-29	3.81e-20	1.43e-11	1.77e-02	9.44e-01	3.84e-02	0.00e+00	0.00e+00	0.00e+00	0.00e+00	0.00e+00	8.17e-129
 1.88864e+12	0.00e+00	3.91e-29	4.81e-20	1.68e-11	1.93e-02	9.45e-01	3.57e-02	0.00e+00	0.00e+00	0.00e+00	0.00e+00	0.00e+00	0.00e+00
 1.98637e+12	3.86e-39	5.44e-29	6.19e-20	1.99e-11	2.11e-02	9.46e-01	3.30e-02	0.00e+00	0.00e+00	0.00e+00	0.00e+00	0.00e+00	6.78e-128
 2.09575e+12	0.00e+00	7.74e-29	8.10e-20	2.39e-11	2.33e-02	9.46e-01	3.03e-02	0.00e+00	0.00e+00	0.00e+00	0.00e+00	0.00e+00	0.00e+00
 2.20636e+12	9.22e-39	1.09e-28	1.05e-19	2.86e-11	2.56e-02	9.47e-01	2.79e-02	0.00e+00	0.00e+00	0.00e+00	0.00e+00	0.00e+00	6.95e-127
 2.32139e+12	0.00e+00	1.55e-28	1.37e-19	3.42e-11	2.81e-02	9.46e-01	2.56e-02	0.00e+00	0.00e+00	0.00e+00	0.00e+00	0.00e+00	0.00e+00
 2.44417e+12	2.21e-38	2.22e-28	1.81e-19	4.12e-11	3.10e-02	9.46e-01	2.35e-02	0.00e+00	0.00e+00	0.00e+00	0.00e+00	0.00e+00	7.22e-126
 2.57186e+12	0.00e+00	3.17e-28	2.37e-19	4.95e-11	3.41e-02	9.44e-01	2.15e-02	0.00e+00	0.00e+00	0.00e+00	0.00e+00	0.00e+00	0.00e+00
 2.70467e+12	5.42e-38	4.55e-28	3.12e-19	5.96e-11	3.76e-02	9.43e-01	1.96e-02	0.00e+00	0.00e+00	0.00e+00	0.00e+00	0.00e+00	7.85e-125
 2.84278e+12	0.00e+00	6.53e-28	4.12e-19	7.17e-11	4.14e-02	9.41e-01	1.79e-02	0.00e+00	0.00e+00	0.00e+00	0.00e+00	0.00e+00	0.00e+00
 2.98074e+12	1.31e-37	9.26e-28	5.37e-19	8.58e-11	4.54e-02	9.38e-01	1.64e-02	0.00e+00	0.00e+00	0.00e+00	0.00e+00	0.00e+00	8.25e-124
 3.12422e+12	0.00e+00	1.31e-27	7.02e-19	1.03e-10	4.98e-02	9.35e-01	1.50e-02	0.00e+00	0.00e+00	0.00e+00	0.00e+00	0.00e+00	0.00e+00
 3.27911e+12	3.20e-37	1.89e-27	9.27e-19	1.24e-10	5.48e-02	9.32e-01	1.36e-02	0.00e+00	0.00e+00	0.00e+00	0.00e+00	0.00e+00	8.77e-123
 3.44021e+12	0.00e+00	2.73e-27	1.23e-18	1.49e-10	6.03e-02	9.27e-01	1.24e-02	0.00e+00	0.00e+00	0.00e+00	0.00e+00	0.00e+00	0.00e+00
 3.60774e+12	7.96e-37	3.94e-27	1.62e-18	1.80e-10	6.64e-02	9.22e-01	1.12e-02	0.00e+00	0.00e+00	0.00e+00	0.00e+00	0.00e+00	9.86e-122
 3.78198e+12	0.00e+00	5.69e-27	2.15e-18	2.17e-10	7.30e-02	9.17e-01	1.02e-02	0.00e+00	0.00e+00	0.00e+00	0.00e+00	0.00e+00	0.00e+00
 3.96318e+12	1.99e-36	8.23e-27	2.85e-18	2.62e-10	8.02e-02	9.11e-01	9.22e-03	0.00e+00	0.00e+00	0.00e+00	0.00e+00	0.00e+00	1.12e-120
 4.12758e+12	0.00e+00	1.14e-26	3.64e-18	3.09e-10	8.71e-02	9.04e-01	8.44e-03	0.00e+00	0.00e+00	0.00e+00	0.00e+00	0.00e+00	0.00e+00
 4.26528e+12	4.12e-36	1.48e-26	4.45e-18	3.54e-10	9.31e-02	8.99e-01	7.85e-03	0.00e+00	0.00e+00	0.00e+00	0.00e+00	0.00e+00	7.68e-120
 4.41635e+12	0.00e+00	1.95e-26	5.51e-18	4.08e-10	9.99e-02	8.93e-01	7.26e-03	0.00e+00	0.00e+00	0.00e+00	0.00e+00	0.00e+00	0.00e+00
 4.60674e+12	8.92e-36	2.75e-26	7.15e-18	4.85e-10	1.09e-01	8.85e-01	6.59e-03	0.00e+00	0.00e+00	0.00e+00	0.00e+00	0.00e+00	5.91e-119
 4.80452e+12	0.00e+00	3.86e-26	9.29e-18	5.77e-10	1.18e-01	8.76e-01	5.97e-03	0.00e+00	0.00e+00	0.00e+00	0.00e+00	0.00e+00	0.00e+00
 4.98012e+12	1.96e-35	5.17e-26	1.16e-17	6.69e-10	1.27e-01	8.67e-01	5.48e-03	0.00e+00	0.00e+00	0.00e+00	0.00e+00	0.00e+00	4.76e-118
 5.17057e+12	0.00e+00	7.03e-26	1.47e-17	7.82e-10	1.37e-01	8.58e-01	5.00e-03	0.00e+00	0.00e+00	0.00e+00	0.00e+00	0.00e+00	0.00e+00
 5.38240e+12	4.33e-35	9.76e-26	1.89e-17	9.24e-10	1.48e-01	8.47e-01	4.53e-03	0.00e+00	0.00e+00	0.00e+00	0.00e+00	0.00e+00	3.86e-117
 5.58034e+12	0.00e+00	1.31e-25	2.37e-17	1.07e-09	1.59e-01	8.37e-01	4.13e-03	0.00e+00	0.00e+00	0.00e+00	0.00e+00	0.00e+00	5.10e-100
 5.79602e+12	9.21e-35	1.79e-25	3.01e-17	1.26e-09	1.72e-01	8.25e-01	3.75e-03	0.00e+00	0.00e+00	0.00e+00	0.00e+00	0.00e+00	0.00e+00
 6.03678e+12	1.40e-34	2.50e-25	3.89e-17	1.49e-09	1.86e-01	8.11e-01	3.37e-03	0.00e+00	0.00e+00	0.00e+00	0.00e+00	0.00e+00	8.62e-116
 6.26333e+12	2.03e-34	3.38e-25	4.91e-17	1.73e-09	1.99e-01	7.98e-01	3.06e-03	0.00e+00	0.00e+00	0.00e+00	0.00e+00	0.00e+00	1.73e-97
 6.51102e+12	3.01e-34	4.63e-25	6.26e-17	2.03e-09	2.14e-01	7.83e-01	2.75e-03	0.00e+00	0.00e+00	0.00e+00	0.00e+00	0.00e+00	0.00e+00
 6.78787e+12	4.59e-34	6.50e-25	8.12e-17	2.41e-09	2.31e-01	7.67e-01	2.45e-03	0.00e+00	0.00e+00	0.00e+00	0.00e+00	0.00e+00	2.06e-114
 7.04940e+12	6.71e-34	8.83e-25	1.03e-16	2.82e-09	2.47e-01	7.51e-01	2.21e-03	0.00e+00	0.00e+00	0.00e+00	0.00e+00	0.00e+00	2.46e-96
 7.33251e+12	9.96e-34	1.21e-24	1.31e-16	3.30e-09	2.65e-01	7.33e-01	1.97e-03	0.00e+00	0.00e+00	0.00e+00	0.00e+00	0.00e+00	0.00e+00
 7.64913e+12	1.52e-33	1.70e-24	1.70e-16	3.91e-09	2.85e-01	7.13e-01	1.74e-03	0.00e+00	0.00e+00	0.00e+00	0.00e+00	0.00e+00	5.14e-113
 7.95504e+12	2.24e-33	2.32e-24	2.16e-16	4.57e-09	3.04e-01	6.94e-01	1.55e-03	0.00e+00	0.00e+00	0.00e+00	0.00e+00	0.00e+00	3.58e-95
 8.27980e+12	3.31e-33	3.18e-24	2.75e-16	5.35e-09	3.25e-01	6.74e-01	1.37e-03	0.00e+00	0.00e+00	0.00e+00	0.00e+00	0.00e+00	4.27e-112
 8.64091e+12	5.02e-33	4.44e-24	3.56e-16	6.31e-09	3.47e-01	6.52e-01	1.20e-03	0.00e+00	0.00e+00	0.00e+00	0.00e+00	0.00e+00	2.18e-94
 9.00399e+12	7.46e-33	6.10e-24	4.55e-16	7.39e-09	3.70e-01	6.29e-01	1.06e-03	0.00e+00	0.00e+00	0.00e+00	0.00e+00	0.00e+00	3.94e-111
 9.38158e+12	1.10e-32	8.36e-24	5.80e-16	8.63e-09	3.93e-01	6.06e-01	9.29e-04	0.00e+00	0.00e+00	0.00e+00	0.00e+00	0.00e+00	1.28e-93
 9.74393e+12	1.58e-32	1.12e-23	7.24e-16	9.95e-09	4.14e-01	5.85e-01	8.21e-04	0.00e+00	0.00e+00	0.00e+00	0.00e+00	0.00e+00	3.14e-110
 1.00557e+13	2.12e-32	1.41e-23	8.68e-16	1.12e-08	4.32e-01	5.67e-01	7.40e-04	0.00e+00	0.00e+00	0.00e+00	0.00e+00	0.00e+00	5.62e-93
 1.03961e+13	2.89e-32	1.81e-23	1.05e-15	1.26e-08	4.52e-01	5.48e-01	6.63e-04	0.00e+00	0.00e+00	0.00e+00	0.00e+00	0.00e+00	1.70e-109
 1.07770e+13	4.04e-32	2.36e-23	1.29e-15	1.43e-08	4.73e-01	5.27e-01	5.87e-04	0.00e+00	0.00e+00	0.00e+00	0.00e+00	0.00e+00	2.41e-92
 1.11367e+13	5.45e-32	3.01e-23	1.55e-15	1.61e-08	4.92e-01	5.07e-01	5.24e-04	0.00e+00	0.00e+00	0.00e+00	0.00e+00	0.00e+00	1.01e-108
 1.15307e+13	7.47e-32	3.87e-23	1.88e-15	1.82e-08	5.13e-01	4.87e-01	4.64e-04	0.00e+00	0.00e+00	0.00e+00	0.00e+00	0.00e+00	9.81e-92
 1.19696e+13	1.04e-31	5.07e-23	2.31e-15	2.07e-08	5.35e-01	4.65e-01	4.07e-04	0.00e+00	0.00e+00	0.00e+00	0.00e+00	0.00e+00	6.41e-108
 1.23821e+13	1.41e-31	6.45e-23	2.78e-15	2.32e-08	5.54e-01	4.45e-01	3.60e-04	0.00e+00	0.00e+00	0.00e+00	0.00e+00	0.00e+00	4.22e-91
 1.28335e+13	1.93e-31	8.29e-23	3.38e-15	2.62e-08	5.75e-01	4.25e-01	3.16e-04	0.00e+00	0.00e+00	0.00e+00	0.00e+00	0.00e+00	3.77e-107
 1.33388e+13	2.71e-31	1.09e-22	4.15e-15	2.97e-08	5.97e-01	4.03e-01	2.74e-04	0.00e+00	0.00e+00	0.00e+00	0.00e+00	0.00e+00	1.90e-90
 1.38176e+13	3.67e-31	1.39e-22	5.00e-15	3.34e-08	6.17e-01	3.83e-01	2.41e-04	0.00e+00	0.00e+00	0.00e+00	0.00e+00	0.00e+00	2.43e-106
 1.42572e+13	4.80e-31	1.72e-22	5.89e-15	3.69e-08	6.34e-01	3.66e-01	2.14e-04	0.00e+00	0.00e+00	0.00e+00	0.00e+00	0.00e+00	7.20e-90
 1.47426e+13	6.37e-31	2.15e-22	7.01e-15	4.10e-08	6.52e-01	3.48e-01	1.88e-04	0.00e+00	0.00e+00	0.00e+00	0.00e+00	0.00e+00	1.23e-105
 1.52874e+13	8.64e-31	2.75e-22	8.44e-15	4.59e-08	6.71e-01	3.29e-01	1.64e-04	0.00e+00	0.00e+00	0.00e+00	0.00e+00	0.00e+00	2.86e-89
 1.58022e+13	1.14e-30	3.42e-22	9.99e-15	5.08e-08	6.88e-01	3.12e-01	1.44e-04	0.00e+00	0.00e+00	0.00e+00	0.00e+00	0.00e+00	6.87e-105
 1.63643e+13	1.52e-30	4.30e-22	1.19e-14	5.65e-08	7.05e-01	2.95e-01	1.26e-04	0.00e+00	0.00e+00	0.00e+00	0.00e+00	0.00e+00	1.08e-88
 1.69854e+13	2.06e-30	5.49e-22	1.43e-14	6.31e-08	7.23e-01	2.77e-01	1.08e-04	0.00e+00	0.00e+00	0.00e+00	0.00e+00	0.00e+00	4.08e-104
 1.75599e+13	2.69e-30	6.80e-22	1.69e-14	6.96e-08	7.38e-01	2.62e-01	9.50e-05	0.00e+00	0.00e+00	0.00e+00	0.00e+00	0.00e+00	4.24e-88
 1.81836e+13	3.56e-30	8.50e-22	2.00e-14	7.70e-08	7.53e-01	2.47e-01	8.26e-05	0.00e+00	0.00e+00	0.00e+00	0.00e+00	0.00e+00	2.17e-103
 1.88813e+13	4.80e-30	1.08e-21	2.40e-14	8.57e-08	7.69e-01	2.31e-01	7.09e-05	0.00e+00	0.00e+00	0.00e+00	0.00e+00	0.00e+00	1.71e-87
 1.95396e+13	6.29e-30	1.34e-21	2.82e-14	9.44e-08	7.83e-01	2.17e-01	6.17e-05	0.00e+00	0.00e+00	0.00e+00	0.00e+00	0.00e+00	1.25e-102
 2.02600e+13	8.36e-30	1.68e-21	3.34e-14	1.04e-07	7.96e-01	2.04e-01	5.33e-05	0.00e+00	0.00e+00	0.00e+00	0.00e+00	0.00e+00	6.59e-87
 2.10634e+13	1.13e-29	2.13e-21	4.01e-14	1.16e-07	8.10e-01	1.89e-01	4.54e-05	0.00e+00	0.00e+00	0.00e+00	0.00e+00	0.00e+00	7.75e-102
 2.18203e+13	1.48e-29	2.65e-21	4.72e-14	1.28e-07	8.23e-01	1.77e-01	3.93e-05	0.00e+00	0.00e+00	0.00e+00	0.00e+00	0.00e+00	2.71e-86
 2.26394e+13	1.97e-29	3.31e-21	5.59e-14	1.41e-07	8.34e-01	1.66e-01	3.37e-05	0.00e+00	0.00e+00	0.00e+00	0.00e+00	0.00e+00	4.46e-101
 2.35749e+13	2.69e-29	4.24e-21	6.72e-14	1.56e-07	8.47e-01	1.53e-01	2.85e-05	0.00e+00	0.00e+00	0.00e+00	0.00e+00	0.00e+00	1.19e-85
 2.44894e+13	3.59e-29	5.32e-21	7.97e-14	1.73e-07	8.57e-01	1.43e-01	2.44e-05	0.00e+00	0.00e+00	0.00e+00	0.00e+00	0.00e+00	2.98e-100
 2.54405e+13	4.79e-29	6.69e-21	9.44e-14	1.90e-07	8.67e-01	1.33e-01	2.08e-05	0.00e+00	0.00e+00	0.00e+00	0.00e+00	0.00e+00	5.11e-85
 2.64880e+13	6.49e-29	8.50e-21	1.13e-13	2.11e-07	8.77e-01	1.23e-01	1.76e-05	0.00e+00	0.00e+00	0.00e+00	0.00e+00	0.00e+00	2.00e-99
 2.75488e+13	8.73e-29	1.07e-20	1.34e-13	2.32e-07	8.87e-01	1.13e-01	1.49e-05	0.00e+00	0.00e+00	0.00e+00	0.00e+00	0.00e+00	2.36e-84
 2.86521e+13	1.17e-28	1.35e-20	1.59e-13	2.55e-07	8.95e-01	1.05e-01	1.27e-05	0.00e+00	0.00e+00	0.00e+00	0.00e+00	0.00e+00	1.35e-98
 2.98281e+13	1.58e-28	1.71e-20	1.89e-13	2.81e-07	9.03e-01	9.71e-02	1.07e-05	0.00e+00	0.00e+00	0.00e+00	0.00e+00	0.00e+00	1.10e-83
 3.09407e+13	2.08e-28	2.13e-20	2.21e-13	3.07e-07	9.10e-01	9.02e-02	9.23e-06	0.00e+00	0.00e+00	0.00e+00	0.00e+00	0.00e+00	8.75e-98
 3.19446e+13	2.65e-28	2.56e-20	2.53e-13	3.31e-07	9.15e-01	8.47e-02	8.09e-06	0.00e+00	0.00e+00	0.00e+00	0.00e+00	0.00e+00	4.18e-83
 3.28945e+13	3.30e-28	3.04e-20	2.87e-13	3.55e-07	9.20e-01	7.99e-02	7.16e-06	0.00e+00	0.00e+00	0.00e+00	0.00e+00	0.00e+00	3.91e-97
 3.39508e+13	4.18e-28	3.66e-20	3.28e-13	3.82e-07	9.25e-01	7.51e-02	6.29e-06	0.00e+00	0.00e+00	0.00e+00	0.00e+00	0.00e+00	1.39e-82
 3.51335e+13	5.41e-28	4.47e-20	3.79e-13	4.13e-07	9.30e-01	7.01e-02	5.46e-06	0.00e+00	0.00e+00	0.00e+00	0.00e+00	0.00e+00	1.97e-96
 3.62564e+13	6.84e-28	5.37e-20	4.32e-13	4.44e-07	9.34e-01	6.59e-02	4.79e-06	0.00e+00	0.00e+00	0.00e+00	0.00e+00	0.00e+00	5.10e-82
 3.74917e+13	8.80e-28	6.53e-20	4.97e-13	4.79e-07	9.38e-01	6.16e-02	4.17e-06	0.00e+00	0.00e+00	0.00e+00	0.00e+00	0.00e+00	9.74e-96
 3.88733e+13	1.16e-27	8.07e-20	5.78e-13	5.20e-07	9.43e-01	5.73e-02	3.60e-06	0.00e+00	0.00e+00	0.00e+00	0.00e+00	0.00e+00	2.06e-81
 4.01871e+13	1.48e-27	9.79e-20	6.63e-13	5.60e-07	9.46e-01	5.36e-02	3.14e-06	0.00e+00	0.00e+00	0.00e+00	0.00e+00	0.00e+00	5.42e-95
 4.14108e+13	1.86e-27	1.17e-19	7.51e-13	5.98e-07	9.49e-01	5.05e-02	2.78e-06	0.00e+00	0.00e+00	0.00e+00	0.00e+00	0.00e+00	7.36e-81
 4.27752e+13	2.38e-27	1.41e-19	8.57e-13	6.42e-07	9.53e-01	4.74e-02	2.43e-06	0.00e+00	0.00e+00	0.00e+00	0.00e+00	0.00e+00	2.55e-94
 4.43109e+13	3.12e-27	1.73e-19	9.91e-13	6.94e-07	9.56e-01	4.42e-02	2.11e-06	0.00e+00	0.00e+00	0.00e+00	0.00e+00	0.00e+00	2.94e-80
 4.57740e+13	3.99e-27	2.09e-19	1.13e-12	7.44e-07	9.59e-01	4.14e-02	1.85e-06	0.00e+00	0.00e+00	0.00e+00	0.00e+00	0.00e+00	1.39e-93
 4.73807e+13	5.18e-27	2.56e-19	1.30e-12	8.02e-07	9.61e-01	3.86e-02	1.60e-06	0.00e+00	0.00e+00	0.00e+00	0.00e+00	0.00e+00	1.16e-79
 4.91535e+13	6.86e-27	3.18e-19	1.51e-12	8.68e-07	9.64e-01	3.59e-02	1.38e-06	0.00e+00	0.00e+00	0.00e+00	0.00e+00	0.00e+00	8.24e-93
 5.07972e+13	8.85e-27	3.85e-19	1.73e-12	9.30e-07	9.66e-01	3.36e-02	1.21e-06	0.00e+00	0.00e+00	0.00e+00	0.00e+00	0.00e+00	4.93e-79
 5.25887e+13	1.16e-26	4.73e-19	1.99e-12	1.00e-06	9.69e-01	3.14e-02	1.05e-06	0.00e+00	0.00e+00	0.00e+00	0.00e+00	0.00e+00	4.53e-92
 5.46066e+13	1.54e-26	5.88e-19	2.32e-12	1.08e-06	9.71e-01	2.91e-02	9.04e-07	0.00e+00	0.00e+00	0.00e+00	0.00e+00	0.00e+00	2.21e-78
 5.65163e+13	2.01e-26	7.20e-19	2.66e-12	1.16e-06	9.73e-01	2.72e-02	0.00e+00	0.00e+00	0.00e+00	0.00e+00	0.00e+00	0.00e+00	2.77e-91
 5.85843e+13	2.66e-26	8.90e-19	3.08e-12	1.25e-06	9.75e-01	2.54e-02	0.00e+00	0.00e+00	0.00e+00	0.00e+00	0.00e+00	0.00e+00	9.83e-78
 6.09097e+13	3.60e-26	1.12e-18	3.60e-12	1.36e-06	9.77e-01	2.35e-02	0.00e+00	0.00e+00	0.00e+00	0.00e+00	0.00e+00	0.00e+00	1.86e-90
 6.31517e+13	4.77e-26	1.39e-18	4.16e-12	1.46e-06	9.78e-01	2.19e-02	0.00e+00	0.00e+00	0.00e+00	0.00e+00	0.00e+00	0.00e+00	4.88e-77
 6.55312e+13	6.37e-26	1.73e-18	4.82e-12	1.58e-06	9.80e-01	2.04e-02	0.00e+00	0.00e+00	0.00e+00	0.00e+00	0.00e+00	0.00e+00	1.08e-76
 6.81823e+13	8.69e-26	2.18e-18	5.65e-12	1.71e-06	9.81e-01	1.88e-02	0.00e+00	0.00e+00	0.00e+00	0.00e+00	0.00e+00	0.00e+00	2.52e-76
 7.08441e+13	1.17e-25	2.74e-18	6.58e-12	1.85e-06	9.83e-01	1.75e-02	0.00e+00	0.00e+00	0.00e+00	0.00e+00	0.00e+00	0.00e+00	5.74e-76
 7.36122e+13	1.58e-25	3.44e-18	7.67e-12	2.00e-06	9.84e-01	1.62e-02	0.00e+00	0.00e+00	0.00e+00	0.00e+00	0.00e+00	0.00e+00	1.31e-75
 7.65867e+13	2.17e-25	4.35e-18	8.98e-12	2.17e-06	9.85e-01	1.50e-02	0.00e+00	0.00e+00	0.00e+00	0.00e+00	0.00e+00	0.00e+00	3.09e-75
 7.96800e+13	2.96e-25	5.50e-18	1.05e-11	2.34e-06	9.86e-01	1.39e-02	0.00e+00	0.00e+00	0.00e+00	0.00e+00	0.00e+00	0.00e+00	7.30e-75
 8.28972e+13	4.05e-25	6.96e-18	1.23e-11	2.54e-06	9.87e-01	1.28e-02	0.00e+00	0.00e+00	0.00e+00	0.00e+00	0.00e+00	0.00e+00	1.73e-74
 8.60458e+13	5.44e-25	8.69e-18	1.43e-11	2.73e-06	9.88e-01	1.19e-02	0.00e+00	0.00e+00	0.00e+00	0.00e+00	0.00e+00	0.00e+00	3.89e-74
 8.90571e+13	7.13e-25	1.07e-17	1.64e-11	2.93e-06	9.89e-01	1.12e-02	0.00e+00	0.00e+00	0.00e+00	0.00e+00	0.00e+00	0.00e+00	8.21e-74
 9.18914e+13	9.11e-25	1.28e-17	1.85e-11	3.12e-06	9.90e-01	1.05e-02	0.00e+00	0.00e+00	0.00e+00	0.00e+00	0.00e+00	0.00e+00	1.61e-73
 9.45481e+13	1.15e-24	1.52e-17	2.07e-11	3.30e-06	9.90e-01	9.93e-03	0.00e+00	0.00e+00	0.00e+00	0.00e+00	0.00e+00	0.00e+00	3.03e-73
 9.75958e+13	1.47e-24	1.83e-17	2.35e-11	3.51e-06	9.91e-01	9.32e-03	0.00e+00	0.00e+00	0.00e+00	0.00e+00	0.00e+00	0.00e+00	5.97e-73
 1.01320e+14	1.98e-24	2.30e-17	2.73e-11	3.78e-06	9.91e-01	8.67e-03	0.00e+00	0.00e+00	0.00e+00	0.00e+00	0.00e+00	0.00e+00	1.37e-72
 1.05078e+14	2.62e-24	2.84e-17	3.16e-11	4.07e-06	9.92e-01	8.06e-03	0.00e+00	0.00e+00	0.00e+00	0.00e+00	0.00e+00	0.00e+00	2.95e-72
 1.08425e+14	3.37e-24	3.42e-17	3.57e-11	4.33e-06	9.92e-01	7.58e-03	0.00e+00	0.00e+00	0.00e+00	0.00e+00	0.00e+00	0.00e+00	5.87e-72
 1.12082e+14	4.38e-24	4.17e-17	4.08e-11	4.62e-06	9.93e-01	7.11e-03	0.00e+00	0.00e+00	0.00e+00	0.00e+00	0.00e+00	0.00e+00	1.22e-71
 1.16448e+14	5.89e-24	5.22e-17	4.75e-11	4.99e-06	9.93e-01	6.58e-03	0.00e+00	0.00e+00	0.00e+00	0.00e+00	1.68e-17	3.53e-17	2.74e-71
 1.20875e+14	7.93e-24	6.53e-17	5.51e-11	5.38e-06	9.94e-01	6.12e-03	0.00e+00	0.00e+00	0.00e+00	0.00e+00	2.17e-17	4.36e-17	6.24e-71
 1.25107e+14	1.03e-23	7.96e-17	6.31e-11	5.77e-06	9.94e-01	5.71e-03	0.00e+00	0.00e+00	0.00e+00	0.00e+00	2.64e-17	5.32e-17	1.28e-70
 1.29769e+14	1.38e-23	9.89e-17	7.30e-11	6.20e-06	9.95e-01	5.31e-03	0.00e+00	0.00e+00	0.00e+00	0.00e+00	3.28e-17	6.61e-17	2.85e-70
 1.34990e+14	1.87e-23	1.25e-16	8.54e-11	6.71e-06	9.95e-01	4.91e-03	0.00e+00	0.00e+00	0.00e+00	0.00e+00	4.14e-17	8.33e-17	6.59e-70
 1.40278e+14	2.54e-23	1.57e-16	9.96e-11	7.24e-06	9.95e-01	4.55e-03	0.00e+00	0.00e+00	0.00e+00	0.00e+00	5.21e-17	1.05e-16	1.53e-69
 1.45121e+14	3.28e-23	1.91e-16	1.14e-10	7.77e-06	9.96e-01	4.24e-03	0.00e+00	0.00e+00	0.00e+00	0.00e+00	6.33e-17	1.28e-16	3.09e-69
 1.49489e+14	4.16e-23	2.28e-16	1.28e-10	8.24e-06	9.96e-01	4.00e-03	0.00e+00	0.00e+00	0.00e+00	0.00e+00	7.57e-17	1.52e-16	5.95e-69
 1.54436e+14	5.33e-23	2.75e-16	1.46e-10	8.81e-06	9.96e-01	3.75e-03	0.00e+00	0.00e+00	0.00e+00	0.00e+00	9.13e-17	1.84e-16	1.17e-68
 1.60392e+14	7.18e-23	3.45e-16	1.70e-10	9.49e-06	9.97e-01	3.48e-03	0.00e+00	0.00e+00	0.00e+00	0.00e+00	1.14e-16	2.30e-16	2.67e-68
 1.66336e+14	9.46e-23	4.25e-16	1.97e-10	1.02e-05	9.97e-01	3.23e-03	0.00e+00	0.00e+00	0.00e+00	0.00e+00	1.41e-16	2.84e-16	5.64e-68
 1.71679e+14	1.22e-22	5.14e-16	2.23e-10	1.09e-05	9.97e-01	3.03e-03	0.00e+00	0.00e+00	0.00e+00	0.00e+00	1.71e-16	3.43e-16	1.13e-67
 1.77567e+14	1.57e-22	6.25e-16	2.56e-10	1.17e-05	9.97e-01	2.83e-03	0.00e+00	0.00e+00	0.00e+00	0.00e+00	2.07e-16	4.17e-16	2.28e-67
 1.84528e+14	2.12e-22	7.82e-16	2.99e-10	1.26e-05	9.97e-01	2.62e-03	0.00e+00	0.00e+00	0.00e+00	0.00e+00	2.60e-16	5.23e-16	5.15e-67
 1.91408e+14	2.80e-22	9.69e-16	3.46e-10	1.36e-05	9.98e-01	2.43e-03	0.00e+00	0.00e+00	0.00e+00	0.00e+00	3.22e-16	6.48e-16	1.12e-66
 1.97759e+14	3.62e-22	1.18e-15	3.94e-10	1.45e-05	9.98e-01	2.28e-03	0.00e+00	0.00e+00	0.00e+00	0.00e+00	3.90e-16	7.86e-16	2.27e-66
 2.04894e+14	4.73e-22	1.44e-15	4.55e-10	1.56e-05	9.98e-01	2.12e-03	0.00e+00	0.00e+00	0.00e+00	0.00e+00	4.78e-16	9.63e-16	4.70e-66
 2.13120e+14	6.43e-22	1.82e-15	5.32e-10	1.69e-05	9.98e-01	1.96e-03	0.00e+00	0.00e+00	0.00e+00	0.00e+00	6.04e-16	1.22e-15	1.10e-65
 2.21170e+14	8.48e-22	2.25e-15	6.19e-10	1.83e-05	9.98e-01	1.81e-03	0.00e+00	0.00e+00	0.00e+00	0.00e+00	7.46e-16	1.50e-15	2.33e-65
 2.28855e+14	1.10e-21	2.75e-15	7.09e-10	1.96e-05	9.98e-01	1.69e-03	0.00e+00	0.00e+00	0.00e+00	0.00e+00	9.11e-16	1.84e-15	4.83e-65
 2.37352e+14	1.46e-21	3.41e-15	8.21e-10	2.11e-05	9.98e-01	1.57e-03	0.00e+00	0.00e+00	0.00e+00	0.00e+00	1.13e-15	2.28e-15	1.06e-64
 2.46877e+14	1.96e-21	4.26e-15	9.62e-10	2.28e-05	9.99e-01	1.45e-03	0.00e+00	0.00e+00	0.00e+00	0.00e+00	1.41e-15	2.85e-15	2.36e-64
 2.56019e+14	2.61e-21	5.29e-15	1.11e-09	2.46e-05	9.99e-01	1.35e-03	0.00e+00	0.00e+00	0.00e+00	0.00e+00	1.75e-15	3.54e-15	5.17e-64
 2.64524e+14	3.31e-21	6.35e-15	1.27e-09	2.63e-05	9.99e-01	1.26e-03	0.00e+00	0.00e+00	0.00e+00	0.00e+00	2.11e-15	4.25e-15	9.97e-64
 2.74133e+14	4.38e-21	7.86e-15	1.46e-09	2.82e-05	9.99e-01	1.18e-03	0.00e+00	0.00e+00	0.00e+00	0.00e+00	2.61e-15	5.25e-15	2.16e-63
 2.85128e+14	5.85e-21	9.80e-15	1.71e-09	3.06e-05	9.99e-01	1.09e-03	0.00e+00	0.00e+00	0.00e+00	0.00e+00	3.25e-15	6.55e-15	4.77e-63
 2.95581e+14	7.73e-21	1.21e-14	1.98e-09	3.29e-05	9.99e-01	1.01e-03	0.00e+00	0.00e+00	0.00e+00	0.00e+00	4.02e-15	8.11e-15	1.04e-62
 3.05152e+14	9.75e-21	1.45e-14	2.25e-09	3.51e-05	9.99e-01	9.46e-04	0.00e+00	0.00e+00	0.00e+00	0.00e+00	4.80e-15	9.68e-15	1.96e-62
 3.14231e+14	1.22e-20	1.72e-14	2.53e-09	3.72e-05	9.99e-01	8.92e-04	0.00e+00	0.00e+00	0.00e+00	0.00e+00	5.70e-15	1.15e-14	3.67e-62
 3.24250e+14	1.54e-20	2.05e-14	2.86e-09	3.97e-05	9.99e-01	8.37e-04	0.00e+00	0.00e+00	0.00e+00	0.00e+00	6.79e-15	1.37e-14	6.89e-62
 3.35405e+14	1.99e-20	2.50e-14	3.28e-09	4.24e-05	9.99e-01	7.82e-04	0.00e+00	0.00e+00	0.00e+00	0.00e+00	8.29e-15	1.67e-14	1.42e-61
 3.45924e+14	2.48e-20	2.96e-14	3.71e-09	4.52e-05	9.99e-01	7.34e-04	0.00e+00	0.00e+00	0.00e+00	0.00e+00	9.80e-15	1.98e-14	2.59e-61
 3.57486e+14	3.18e-20	3.58e-14	4.23e-09	4.83e-05	9.99e-01	6.87e-04	0.00e+00	0.00e+00	0.00e+00	0.00e+00	1.18e-14	2.39e-14	5.16e-61
 3.70439e+14	4.17e-20	4.41e-14	4.88e-09	5.19e-05	9.99e-01	6.39e-04	0.00e+00	0.00e+00	0.00e+00	0.00e+00	1.46e-14	2.95e-14	1.10e-60
 3.82622e+14	5.24e-20	5.26e-14	5.55e-09	5.54e-05	9.99e-01	5.98e-04	0.00e+00	0.00e+00	0.00e+00	0.00e+00	1.74e-14	3.52e-14	2.06e-60
 3.94136e+14	6.59e-20	6.26e-14	6.25e-09	5.88e-05	9.99e-01	5.63e-04	0.00e+00	0.00e+00	0.00e+00	0.00e+00	2.07e-14	4.19e-14	3.90e-60
 4.07357e+14	8.29e-20	7.48e-14	7.13e-09	6.30e-05	9.99e-01	5.26e-04	0.00e+00	0.00e+00	0.00e+00	0.00e+00	2.48e-14	5.00e-14	7.35e-60
 4.22209e+14	1.09e-19	9.18e-14	8.23e-09	6.77e-05	9.99e-01	4.90e-04	0.00e+00	0.00e+00	0.00e+00	0.00e+00	3.04e-14	6.15e-14	1.55e-59
 4.36297e+14	1.37e-19	1.10e-13	9.39e-09	7.24e-05	9.99e-01	4.58e-04	0.00e+00	0.00e+00	0.00e+00	0.00e+00	3.65e-14	7.38e-14	2.98e-59
 4.51727e+14	1.79e-19	1.35e-13	1.08e-08	7.76e-05	9.99e-01	4.27e-04	0.00e+00	0.00e+00	0.00e+00	0.00e+00	4.47e-14	9.05e-14	6.24e-59
 4.68799e+14	2.32e-19	1.65e-13	1.25e-08	8.38e-05	1.00e+00	3.95e-04	0.00e+00	0.00e+00	0.00e+00	0.00e+00	5.46e-14	1.10e-13	1.27e-58
 4.84570e+14	2.94e-19	1.99e-13	1.43e-08	8.96e-05	1.00e+00	3.69e-04	0.00e+00	0.00e+00	0.00e+00	0.00e+00	6.57e-14	1.33e-13	2.48e-58
 5.01636e+14	3.80e-19	2.42e-13	1.64e-08	9.61e-05	1.00e+00	3.44e-04	0.00e+00	0.00e+00	0.00e+00	0.00e+00	8.01e-14	1.62e-13	5.08e-58
 5.20799e+14	4.90e-19	2.96e-13	1.91e-08	1.04e-04	1.00e+00	3.18e-04	0.00e+00	0.00e+00	0.00e+00	0.00e+00	9.77e-14	1.98e-13	1.03e-57
 5.38920e+14	6.33e-19	3.61e-13	2.19e-08	1.11e-04	1.00e+00	2.97e-04	0.00e+00	0.00e+00	0.00e+00	0.00e+00	1.19e-13	2.42e-13	2.12e-57
 5.58490e+14	8.10e-19	4.36e-13	2.52e-08	1.20e-04	1.00e+00	2.75e-04	0.00e+00	0.00e+00	0.00e+00	0.00e+00	1.44e-13	2.92e-13	4.17e-57
 5.80185e+14	1.07e-18	5.42e-13	2.94e-08	1.30e-04	1.00e+00	2.55e-04	0.00e+00	0.00e+00	0.00e+00	0.00e+00	1.79e-13	3.63e-13	9.07e-57
 6.00903e+14	1.34e-18	6.50e-13	3.38e-08	1.40e-04	1.00e+00	2.36e-04	0.00e+00	0.00e+00	0.00e+00	0.00e+00	2.14e-13	4.35e-13	1.72e-56
 6.23125e+14	1.75e-18	7.97e-13	3.91e-08	1.50e-04	1.00e+00	2.19e-04	0.00e+00	0.00e+00	0.00e+00	0.00e+00	2.63e-13	5.34e-13	3.59e-56
 6.48079e+14	2.29e-18	9.87e-13	4.58e-08	1.63e-04	1.00e+00	2.02e-04	0.00e+00	0.00e+00	0.00e+00	0.00e+00	3.26e-13	6.61e-13	7.68e-56
 6.72753e+14	2.97e-18	1.21e-12	5.33e-08	1.76e-04	1.00e+00	1.87e-04	0.00e+00	0.00e+00	0.00e+00	0.00e+00	4.00e-13	8.14e-13	1.61e-55
 6.98413e+14	3.80e-18	1.47e-12	6.19e-08	1.91e-04	1.00e+00	1.72e-04	0.00e+00	0.00e+00	0.00e+00	0.00e+00	4.86e-13	9.87e-13	3.18e-55
 7.25654e+14	4.97e-18	1.83e-12	7.22e-08	2.07e-04	1.00e+00	1.59e-04	0.00e+00	0.00e+00	0.00e+00	0.00e+00	6.02e-13	1.22e-12	6.86e-55
 7.52560e+14	6.28e-18	2.20e-12	8.37e-08	2.24e-04	1.00e+00	1.47e-04	0.00e+00	0.00e+00	0.00e+00	0.00e+00	7.25e-13	1.47e-12	1.32e-54
 7.75733e+14	7.75e-18	2.60e-12	9.46e-08	2.38e-04	1.00e+00	1.38e-04	0.00e+00	0.00e+00	0.00e+00	0.00e+00	8.55e-13	1.74e-12	2.39e-54
 7.94554e+14	9.08e-18	2.95e-12	1.04e-07	2.51e-04	1.00e+00	1.31e-04	0.00e+00	0.00e+00	0.00e+00	0.00e+00	9.70e-13	1.98e-12	3.74e-54
 8.15305e+14	1.08e-17	3.39e-12	1.16e-07	2.65e-04	1.00e+00	1.24e-04	0.00e+00	0.00e+00	0.00e+00	0.00e+00	1.12e-12	2.27e-12	6.12e-54
 8.42282e+14	1.33e-17	4.01e-12	1.32e-07	2.85e-04	1.00e+00	1.15e-04	0.00e+00	0.00e+00	0.00e+00	0.00e+00	1.32e-12	2.69e-12	1.11e-53
 8.70983e+14	1.66e-17	4.78e-12	1.51e-07	3.06e-04	1.00e+00	1.07e-04	0.00e+00	0.00e+00	0.00e+00	0.00e+00	1.57e-12	3.21e-12	2.08e-53
 8.96176e+14	2.00e-17	5.58e-12	1.70e-07	3.25e-04	1.00e+00	1.01e-04	0.00e+00	0.00e+00	0.00e+00	0.00e+00	1.84e-12	3.74e-12	3.61e-53
 9.23177e+14	2.41e-17	6.48e-12	1.91e-07	3.48e-04	1.00e+00	9.43e-05	0.00e+00	0.00e+00	0.00e+00	0.00e+00	2.13e-12	4.35e-12	6.10e-53
 9.57221e+14	3.06e-17	7.88e-12	2.21e-07	3.76e-04	1.00e+00	8.73e-05	0.00e+00	0.00e+00	0.00e+00	0.00e+00	2.59e-12	5.29e-12	1.23e-52
 9.92082e+14	3.83e-17	9.44e-12	2.56e-07	4.07e-04	1.00e+00	8.06e-05	0.00e+00	0.00e+00	0.00e+00	0.00e+00	3.10e-12	6.34e-12	2.35e-52
 1.02219e+15	4.66e-17	1.11e-11	2.89e-07	4.34e-04	9.99e-01	7.55e-05	0.00e+00	3.91e-18	1.17e-17	1.96e-17	3.64e-12	7.43e-12	4.17e-52
 1.05446e+15	5.65e-17	1.30e-11	3.27e-07	4.65e-04	9.99e-01	7.05e-05	0.00e+00	4.74e-18	1.42e-17	2.38e-17	4.27e-12	8.73e-12	7.40e-52
 1.09417e+15	7.14e-17	1.57e-11	3.80e-07	5.05e-04	9.99e-01	6.49e-05	0.00e+00	6.00e-18	1.80e-17	3.01e-17	5.17e-12	1.06e-11	1.47e-51
 1.13416e+15	8.92e-17	1.89e-11	4.40e-07	5.46e-04	9.99e-01	6.00e-05	0.00e+00	7.51e-18	2.25e-17	3.76e-17	6.22e-12	1.27e-11	2.88e-51
 1.16935e+15	1.08e-16	2.22e-11	4.98e-07	5.85e-04	9.99e-01	5.61e-05	0.00e+00	9.12e-18	2.74e-17	4.57e-17	7.29e-12	1.49e-11	5.12e-51
 1.20766e+15	1.32e-16	2.62e-11	5.67e-07	6.29e-04	9.99e-01	5.22e-05	0.00e+00	1.11e-17	3.35e-17	5.59e-17	8.61e-12	1.76e-11	9.37e-51
 1.25392e+15	1.68e-16	3.18e-11	6.61e-07	6.86e-04	9.99e-01	4.80e-05	0.00e+00	1.41e-17	4.24e-17	7.09e-17	1.04e-11	2.13e-11	1.90e-50
 1.29982e+15	2.09e-16	3.82e-11	7.64e-07	7.42e-04	9.99e-01	4.43e-05	0.00e+00	1.76e-17	5.30e-17	8.84e-17	1.26e-11	2.57e-11	3.76e-50
 1.34080e+15	2.55e-16	4.49e-11	8.67e-07	7.97e-04	9.99e-01	4.13e-05	0.00e+00	2.15e-17	6.46e-17	1.08e-16	1.48e-11	3.01e-11	6.83e-50
 1.38609e+15	3.11e-16	5.32e-11	9.90e-07	8.58e-04	9.99e-01	3.84e-05	0.00e+00	2.64e-17	7.92e-17	1.32e-16	1.75e-11	3.58e-11	1.29e-49
 1.43993e+15	4.00e-16	6.51e-11	1.16e-06	9.36e-04	9.99e-01	3.53e-05	0.00e+00	3.39e-17	1.02e-16	1.70e-16	2.14e-11	4.37e-11	2.74e-49
 1.49315e+15	5.01e-16	7.85e-11	1.34e-06	1.02e-03	9.99e-01	3.25e-05	0.00e+00	4.25e-17	1.28e-16	2.13e-16	2.58e-11	5.27e-11	5.57e-49
 1.54183e+15	6.03e-16	9.22e-11	1.52e-06	1.09e-03	9.99e-01	3.03e-05	0.00e+00	5.12e-17	1.54e-16	2.57e-16	3.03e-11	6.19e-11	1.02e-48
 1.59635e+15	7.59e-16	1.11e-10	1.75e-06	1.18e-03	9.99e-01	2.80e-05	0.00e+00	6.46e-17	1.94e-16	3.24e-16	3.64e-11	7.44e-11	2.07e-48
 1.65973e+15	9.64e-16	1.35e-10	2.04e-06	1.29e-03	9.99e-01	2.57e-05	0.00e+00	8.21e-17	2.47e-16	4.12e-16	4.45e-11	9.09e-11	4.52e-48
 1.72204e+15	1.20e-15	1.63e-10	2.37e-06	1.40e-03	9.99e-01	2.37e-05	0.00e+00	1.02e-16	3.07e-16	5.12e-16	5.37e-11	1.10e-10	9.28e-48
 1.78685e+15	1.54e-15	2.00e-10	2.75e-06	1.52e-03	9.98e-01	2.19e-05	0.00e+00	1.32e-16	3.95e-16	6.60e-16	6.56e-11	1.34e-10	2.06e-47
 1.85835e+15	1.97e-15	2.45e-10	3.21e-06	1.66e-03	9.98e-01	2.01e-05	0.00e+00	1.68e-16	5.05e-16	8.43e-16	8.05e-11	1.64e-10	4.61e-47
 1.91846e+15	2.40e-15	2.90e-10	3.65e-06	1.78e-03	9.98e-01	1.87e-05	0.00e+00	2.06e-16	6.18e-16	1.03e-15	9.54e-11	1.95e-10	8.93e-47
 1.96209e+15	2.78e-15	3.26e-10	3.99e-06	1.88e-03	9.98e-01	1.78e-05	0.00e+00	2.38e-16	7.14e-16	1.19e-15	1.07e-10	2.19e-10	1.43e-46
 2.00803e+15	3.22e-15	3.69e-10	4.38e-06	1.98e-03	9.98e-01	1.70e-05	0.00e+00	2.76e-16	8.29e-16	1.38e-15	1.21e-10	2.48e-10	2.33e-46
 2.06775e+15	3.87e-15	4.31e-10	4.92e-06	2.11e-03	9.98e-01	1.59e-05	0.00e+00	3.33e-16	9.98e-16	1.67e-15	1.42e-10	2.89e-10	4.34e-46
 2.13362e+15	4.64e-15	5.04e-10	5.57e-06	2.26e-03	9.98e-01	1.49e-05	0.00e+00	3.99e-16	1.20e-15	2.00e-15	1.66e-10	3.38e-10	8.06e-46
 2.19492e+15	5.67e-15	5.92e-10	6.24e-06	2.42e-03	9.98e-01	1.40e-05	0.00e+00	4.88e-16	1.47e-15	2.45e-15	1.95e-10	3.97e-10	1.54e-45
 2.26208e+15	6.91e-15	6.97e-10	7.04e-06	2.58e-03	9.97e-01	1.31e-05	0.00e+00	5.96e-16	1.79e-15	2.98e-15	2.30e-10	4.67e-10	2.95e-45
 2.33734e+15	8.33e-15	8.21e-10	8.02e-06	2.78e-03	9.97e-01	1.23e-05	0.00e+00	7.18e-16	2.16e-15	3.60e-15	2.70e-10	5.50e-10	5.64e-45
 2.40882e+15	1.01e-14	9.67e-10	9.04e-06	2.97e-03	9.97e-01	1.15e-05	0.00e+00	8.75e-16	2.63e-15	4.38e-15	3.18e-10	6.48e-10	1.09e-44
 2.48742e+15	1.28e-14	1.16e-09	1.03e-05	3.19e-03	9.97e-01	1.08e-05	0.00e+00	1.10e-15	3.31e-15	5.53e-15	3.83e-10	7.79e-10	2.28e-44
 2.57504e+15	1.56e-14	1.38e-09	1.18e-05	3.44e-03	9.97e-01	1.00e-05	0.00e+00	1.35e-15	4.06e-15	6.77e-15	4.57e-10	9.28e-10	4.54e-44
 2.65830e+15	1.93e-14	1.65e-09	1.34e-05	3.70e-03	9.96e-01	9.40e-06	0.00e+00	1.67e-15	5.00e-15	8.35e-15	5.44e-10	1.11e-09	9.12e-44
 2.75044e+15	2.40e-14	1.99e-09	1.53e-05	3.99e-03	9.96e-01	8.77e-06	0.00e+00	2.08e-15	6.26e-15	1.04e-14	6.55e-10	1.33e-09	1.90e-43
 2.85344e+15	3.14e-14	2.46e-09	1.77e-05	4.33e-03	9.96e-01	8.16e-06	0.00e+00	2.73e-15	8.20e-15	1.37e-14	8.13e-10	1.65e-09	4.50e-43
 2.94992e+15	3.89e-14	2.95e-09	2.03e-05	4.66e-03	9.95e-01	7.65e-06	0.00e+00	3.38e-15	1.01e-14	1.69e-14	9.75e-10	1.98e-09	9.26e-43
 3.05470e+15	4.80e-14	3.54e-09	2.33e-05	5.03e-03	9.95e-01	7.15e-06	0.00e+00	4.18e-15	1.25e-14	2.09e-14	1.17e-09	2.37e-09	1.88e-42
 3.17184e+15	6.34e-14	4.43e-09	2.70e-05	5.47e-03	9.94e-01	6.66e-06	0.00e+00	5.52e-15	1.66e-14	2.77e-14	1.46e-09	2.97e-09	4.56e-42
 3.28175e+15	7.88e-14	5.34e-09	3.10e-05	5.89e-03	9.94e-01	6.26e-06	0.00e+00	6.88e-15	2.06e-14	3.44e-14	1.76e-09	3.58e-09	9.41e-42
 3.40043e+15	9.80e-14	6.44e-09	3.57e-05	6.37e-03	9.94e-01	5.86e-06	0.00e+00	8.56e-15	2.57e-14	4.29e-14	2.13e-09	4.31e-09	1.93e-41
 3.53340e+15	1.30e-13	8.12e-09	4.16e-05	6.93e-03	9.93e-01	5.48e-06	0.00e+00	1.14e-14	3.41e-14	5.70e-14	2.68e-09	5.43e-09	4.76e-41
 3.66032e+15	1.65e-13	9.92e-09	4.79e-05	7.49e-03	9.92e-01	5.16e-06	0.00e+00	1.44e-14	4.33e-14	7.22e-14	3.28e-09	6.64e-09	1.02e-40
 3.79541e+15	2.09e-13	1.21e-08	5.53e-05	8.10e-03	9.92e-01	4.86e-06	0.00e+00	1.83e-14	5.49e-14	9.16e-14	4.01e-09	8.13e-09	2.20e-40
 3.94725e+15	2.66e-13	1.49e-08	6.47e-05	8.82e-03	9.91e-01	4.56e-06	0.00e+00	2.33e-14	7.00e-14	1.17e-13	4.94e-09	1.00e-08	4.67e-40
 4.09787e+15	3.53e-13	1.89e-08	7.52e-05	9.58e-03	9.90e-01	4.31e-06	0.00e+00	3.10e-14	9.30e-14	1.55e-13	6.24e-09	1.26e-08	1.13e-39
 4.25451e+15	4.56e-13	2.34e-08	8.75e-05	1.04e-02	9.90e-01	4.08e-06	0.00e+00	4.01e-14	1.20e-13	2.01e-13	7.75e-09	1.57e-08	2.53e-39
 4.39590e+15	5.68e-13	2.83e-08	9.97e-05	1.12e-02	9.89e-01	3.89e-06	0.00e+00	5.00e-14	1.50e-13	2.50e-13	9.36e-09	1.89e-08	5.08e-39
 4.50122e+15	6.67e-13	3.24e-08	1.10e-04	1.17e-02	9.88e-01	3.77e-06	0.00e+00	5.87e-14	1.76e-13	2.94e-13	1.07e-08	2.17e-08	8.38e-39
 4.61015e+15	7.86e-13	3.72e-08	1.21e-04	1.24e-02	9.88e-01	3.65e-06	0.00e+00	6.93e-14	2.08e-13	3.47e-13	1.23e-08	2.49e-08	1.40e-38
 4.75176e+15	9.46e-13	4.37e-08	1.36e-04	1.32e-02	9.87e-01	3.51e-06	0.00e+00	8.34e-14	2.50e-13	4.18e-13	1.45e-08	2.92e-08	2.47e-38
 4.90675e+15	1.20e-12	5.35e-08	1.55e-04	1.42e-02	9.86e-01	3.37e-06	0.00e+00	1.06e-13	3.19e-13	5.31e-13	1.77e-08	3.58e-08	5.23e-38
 5.04751e+15	1.46e-12	6.32e-08	1.74e-04	1.51e-02	9.85e-01	3.27e-06	0.00e+00	1.29e-13	3.87e-13	6.46e-13	2.09e-08	4.22e-08	9.47e-38
 5.19885e+15	1.78e-12	7.48e-08	1.96e-04	1.60e-02	9.84e-01	3.16e-06	0.00e+00	1.57e-13	4.71e-13	7.86e-13	2.48e-08	5.00e-08	1.73e-37
 5.39010e+15	2.24e-12	9.10e-08	2.27e-04	1.73e-02	9.82e-01	3.03e-06	0.00e+00	1.98e-13	5.94e-13	9.91e-13	3.02e-08	6.09e-08	3.39e-37
 5.58310e+15	2.92e-12	1.14e-07	2.62e-04	1.87e-02	9.81e-01	2.94e-06	0.00e+00	2.59e-13	7.76e-13	1.29e-12	3.78e-08	7.63e-08	7.57e-37
 5.74541e+15	3.55e-12	1.35e-07	2.94e-04	1.99e-02	9.80e-01	2.86e-06	0.00e+00	3.15e-13	9.44e-13	1.58e-12	4.48e-08	9.04e-08	1.36e-36
 5.91794e+15	4.35e-12	1.61e-07	3.32e-04	2.12e-02	9.78e-01	2.78e-06	0.00e+00	3.85e-13	1.16e-12	1.93e-12	5.32e-08	1.07e-07	2.47e-36
 6.13578e+15	5.50e-12	1.96e-07	3.85e-04	2.29e-02	9.77e-01	2.70e-06	0.00e+00	4.88e-13	1.46e-12	2.44e-12	6.49e-08	1.31e-07	4.78e-36
 6.35880e+15	7.20e-12	2.47e-07	4.46e-04	2.48e-02	9.75e-01	2.63e-06	0.00e+00	6.40e-13	1.92e-12	3.20e-12	8.20e-08	1.65e-07	1.07e-35
 6.55203e+15	8.87e-12	2.96e-07	5.04e-04	2.65e-02	9.73e-01	2.58e-06	0.00e+00	7.89e-13	2.37e-12	3.95e-12	9.80e-08	1.98e-07	1.95e-35
 6.76025e+15	1.10e-11	3.55e-07	5.74e-04	2.83e-02	9.71e-01	2.52e-06	0.00e+00	9.78e-13	2.93e-12	4.89e-12	1.18e-07	2.37e-07	3.60e-35
 7.01551e+15	1.41e-11	4.37e-07	6.69e-04	3.07e-02	9.69e-01	2.46e-06	0.00e+00	1.25e-12	3.76e-12	6.26e-12	1.45e-07	2.92e-07	7.11e-35
 7.27031e+15	1.84e-11	5.54e-07	7.77e-04	3.32e-02	9.66e-01	2.42e-06	0.00e+00	1.64e-12	4.93e-12	8.22e-12	1.84e-07	3.70e-07	1.58e-34
 7.49392e+15	2.29e-11	6.65e-07	8.83e-04	3.55e-02	9.64e-01	2.38e-06	0.00e+00	2.04e-12	6.12e-12	1.02e-11	2.21e-07	4.45e-07	2.88e-34
 7.73861e+15	2.86e-11	8.06e-07	1.01e-03	3.81e-02	9.61e-01	2.34e-06	0.00e+00	2.55e-12	7.66e-12	1.28e-11	2.67e-07	5.38e-07	5.27e-34
 8.03447e+15	3.70e-11	9.97e-07	1.18e-03	4.13e-02	9.58e-01	2.30e-06	0.00e+00	3.30e-12	9.90e-12	1.65e-11	3.31e-07	6.66e-07	1.04e-33
 8.31906e+15	4.84e-11	1.26e-06	1.38e-03	4.47e-02	9.54e-01	2.28e-06	0.00e+00	4.32e-12	1.30e-11	2.16e-11	4.19e-07	8.44e-07	2.23e-33
 8.55431e+15	5.89e-11	1.50e-06	1.55e-03	4.76e-02	9.51e-01	2.26e-06	0.00e+00	5.27e-12	1.58e-11	2.64e-11	4.98e-07	1.00e-06	3.82e-33
 8.80322e+15	7.30e-11	1.79e-06	1.76e-03	5.08e-02	9.47e-01	2.23e-06	0.00e+00	6.53e-12	1.96e-11	3.27e-11	5.96e-07	1.20e-06	6.72e-33
 9.12279e+15	9.38e-11	2.20e-06	2.05e-03	5.50e-02	9.43e-01	2.20e-06	0.00e+00	8.40e-12	2.52e-11	4.20e-11	7.30e-07	1.47e-06	1.23e-32
 9.45564e+15	1.25e-10	2.82e-06	2.41e-03	5.98e-02	9.38e-01	2.19e-06	0.00e+00	1.12e-11	3.36e-11	5.60e-11	9.38e-07	1.89e-06	2.73e-32
 9.70577e+15	1.50e-10	3.32e-06	2.70e-03	6.35e-02	9.34e-01	2.18e-06	0.00e+00	1.34e-11	4.03e-11	6.72e-11	1.10e-06	2.22e-06	4.37e-32
 9.92699e+15	1.79e-10	3.84e-06	2.99e-03	6.69e-02	9.30e-01	2.17e-06	0.00e+00	1.60e-11	4.81e-11	8.02e-11	1.28e-06	2.57e-06	6.84e-32
 1.02146e+16	2.22e-10	4.61e-06	3.41e-03	7.16e-02	9.25e-01	2.15e-06	0.00e+00	2.00e-11	6.00e-11	1.00e-10	1.53e-06	3.08e-06	1.17e-31
 1.05211e+16	2.81e-10	5.63e-06	3.90e-03	7.69e-02	9.19e-01	2.14e-06	0.00e+00	2.53e-11	7.58e-11	1.26e-10	1.87e-06	3.76e-06	2.13e-31
 1.07875e+16	3.40e-10	6.63e-06	4.38e-03	8.16e-02	9.14e-01	2.13e-06	0.00e+00	3.06e-11	9.18e-11	1.53e-10	2.20e-06	4.43e-06	3.40e-31
 1.10694e+16	4.19e-10	7.86e-06	4.96e-03	8.69e-02	9.08e-01	2.12e-06	0.00e+00	3.77e-11	1.13e-10	1.89e-10	2.61e-06	5.25e-06	5.56e-31
 1.14358e+16	5.53e-10	9.92e-06	5.82e-03	9.44e-02	9.00e-01	2.11e-06	0.00e+00	4.99e-11	1.50e-10	2.49e-10	3.30e-06	6.62e-06	1.11e-30
 1.17976e+16	7.06e-10	1.22e-05	6.76e-03	1.02e-01	8.91e-01	2.10e-06	0.00e+00	6.37e-11	1.91e-10	3.19e-10	4.05e-06	8.13e-06	1.93e-30
 1.20735e+16	8.52e-10	1.41e-05	7.58e-03	1.08e-01	8.84e-01	2.10e-06	0.00e+00	7.69e-11	2.31e-10	3.85e-10	4.70e-06	9.44e-06	2.90e-30
 1.23521e+16	1.04e-09	1.67e-05	8.53e-03	1.15e-01	8.77e-01	2.09e-06	0.00e+00	9.36e-11	2.81e-10	4.68e-10	5.54e-06	1.11e-05	4.59e-30
 1.27143e+16	1.38e-09	2.12e-05	9.97e-03	1.24e-01	8.66e-01	2.10e-06	0.00e+00	1.25e-10	3.74e-10	6.23e-10	7.04e-06	1.41e-05	9.37e-30
 1.30796e+16	1.76e-09	2.59e-05	1.16e-02	1.34e-01	8.55e-01	2.09e-06	0.00e+00	1.59e-10	4.77e-10	7.96e-10	8.60e-06	1.73e-05	1.57e-29
 1.33733e+16	2.14e-09	3.03e-05	1.31e-02	1.42e-01	8.45e-01	2.09e-06	0.00e+00	1.94e-10	5.82e-10	9.70e-10	1.01e-05	2.02e-05	2.38e-29
 1.36379e+16	2.58e-09	3.53e-05	1.46e-02	1.50e-01	8.35e-01	2.09e-06	0.00e+00	2.34e-10	7.02e-10	1.17e-09	1.18e-05	2.36e-05	3.63e-29
 1.39404e+16	3.21e-09	4.22e-05	1.66e-02	1.60e-01	8.23e-01	2.08e-06	0.00e+00	2.92e-10	8.74e-10	1.46e-09	1.40e-05	2.81e-05	5.87e-29
 1.42691e+16	4.19e-09	5.26e-05	1.92e-02	1.72e-01	8.09e-01	2.11e-06	0.00e+00	3.80e-10	1.14e-09	1.90e-09	1.75e-05	3.51e-05	1.11e-28
 1.45577e+16	5.12e-09	6.19e-05	2.17e-02	1.83e-01	7.96e-01	2.11e-06	3.61e-12	4.66e-10	1.40e-09	2.33e-09	2.06e-05	4.13e-05	1.68e-28
 1.48161e+16	6.14e-09	7.13e-05	2.42e-02	1.93e-01	7.83e-01	2.11e-06	0.00e+00	5.59e-10	1.68e-09	2.79e-09	2.37e-05	4.76e-05	2.43e-28
 1.51097e+16	7.92e-09	8.80e-05	2.78e-02	2.06e-01	7.66e-01	2.14e-06	0.00e+00	7.21e-10	2.16e-09	3.61e-09	2.93e-05	5.87e-05	4.49e-28
 1.54179e+16	9.76e-09	1.03e-04	3.17e-02	2.19e-01	7.49e-01	2.14e-06	4.00e-12	8.90e-10	2.67e-09	4.45e-09	3.44e-05	6.89e-05	6.52e-28
 1.56870e+16	1.24e-08	1.26e-04	3.60e-02	2.33e-01	7.31e-01	2.17e-06	0.00e+00	1.13e-09	3.40e-09	5.66e-09	4.21e-05	8.44e-05	1.19e-27
 1.58985e+16	1.46e-08	1.44e-04	3.97e-02	2.44e-01	7.16e-01	2.19e-06	4.44e-12	1.33e-09	3.99e-09	6.65e-09	4.80e-05	9.62e-05	1.66e-27
 1.60930e+16	1.72e-08	1.65e-04	4.36e-02	2.55e-01	7.01e-01	2.21e-06	0.00e+00	1.57e-09	4.72e-09	7.87e-09	5.49e-05	1.10e-04	2.40e-27
 1.63458e+16	2.14e-08	1.94e-04	4.93e-02	2.69e-01	6.81e-01	2.23e-06	0.00e+00	1.95e-09	5.86e-09	9.77e-09	6.48e-05	1.30e-04	3.73e-27
 1.66240e+16	2.71e-08	2.35e-04	5.66e-02	2.87e-01	6.57e-01	2.26e-06	0.00e+00	2.48e-09	7.43e-09	1.24e-08	7.84e-05	1.57e-04	6.29e-27
 1.68711e+16	3.33e-08	2.74e-04	6.39e-02	3.03e-01	6.33e-01	2.27e-06	5.50e-12	3.05e-09	9.14e-09	1.52e-08	9.14e-05	1.83e-04	9.42e-27
 1.70874e+16	4.07e-08	3.22e-04	7.15e-02	3.18e-01	6.10e-01	2.32e-06	0.00e+00	3.73e-09	1.12e-08	1.86e-08	1.07e-04	2.14e-04	1.45e-26
 1.72960e+16	5.09e-08	3.86e-04	8.02e-02	3.34e-01	5.86e-01	2.38e-06	6.58e-12	4.67e-09	1.40e-08	2.33e-08	1.29e-04	2.57e-04	2.52e-26
 1.74953e+16	6.20e-08	4.50e-04	8.94e-02	3.49e-01	5.61e-01	2.43e-06	0.00e+00	5.69e-09	1.71e-08	2.85e-08	1.50e-04	3.00e-04	3.90e-26
 1.76844e+16	7.54e-08	5.23e-04	9.94e-02	3.65e-01	5.35e-01	2.48e-06	7.88e-12	6.92e-09	2.08e-08	3.46e-08	1.74e-04	3.49e-04	6.05e-26
 1.78719e+16	9.20e-08	6.10e-04	1.11e-01	3.81e-01	5.08e-01	2.54e-06	0.00e+00	8.46e-09	2.54e-08	4.23e-08	2.03e-04	4.07e-04	9.54e-26
 1.80539e+16	1.12e-07	7.11e-04	1.23e-01	3.97e-01	4.79e-01	2.59e-06	9.68e-12	1.03e-08	3.10e-08	5.16e-08	2.37e-04	4.74e-04	1.51e-25
 1.82249e+16	1.36e-07	8.25e-04	1.36e-01	4.13e-01	4.51e-01	2.65e-06	0.00e+00	1.26e-08	3.76e-08	6.27e-08	2.75e-04	5.50e-04	2.37e-25
 1.83842e+16	1.64e-07	9.50e-04	1.49e-01	4.28e-01	4.22e-01	2.72e-06	1.21e-11	1.52e-08	4.54e-08	7.57e-08	3.17e-04	6.33e-04	3.68e-25
