#depth	N	N+	N+2	N+3	N+4	N+5	N+6	N+7
 1.49634e+10	0.00e+00	0.00e+00	1.87e-28	9.97e-19	5.70e-10	9.72e-01	2.82e-02	0.00e+00
 4.54887e+10	0.00e+00	1.08e-38	2.37e-28	1.17e-18	6.18e-10	9.74e-01	2.62e-02	2.43e-07
 7.72350e+10	0.00e+00	0.00e+00	3.02e-28	1.37e-18	6.70e-10	9.76e-01	2.41e-02	0.00e+00
 1.10251e+11	0.00e+00	2.05e-38	3.83e-28	1.61e-18	7.27e-10	9.78e-01	2.22e-02	0.00e+00
 1.43353e+11	0.00e+00	0.00e+00	4.83e-28	1.88e-18	7.86e-10	9.79e-01	2.06e-02	0.00e+00
 1.77780e+11	0.00e+00	3.79e-38	6.08e-28	2.20e-18	8.50e-10	9.81e-01	1.90e-02	0.00e+00
 2.14818e+11	0.00e+00	0.00e+00	7.73e-28	2.58e-18	9.22e-10	9.82e-01	1.76e-02	0.00e+00
 2.53337e+11	0.00e+00	7.17e-38	9.83e-28	3.03e-18	1.00e-09	9.84e-01	1.62e-02	0.00e+00
 2.93398e+11	0.00e+00	0.00e+00	1.25e-27	3.56e-18	1.08e-09	9.85e-01	1.50e-02	0.00e+00
 3.35060e+11	0.00e+00	1.36e-37	1.59e-27	4.18e-18	1.18e-09	9.86e-01	1.38e-02	0.00e+00
 3.78389e+11	0.00e+00	0.00e+00	2.02e-27	4.91e-18	1.27e-09	9.87e-01	1.27e-02	0.00e+00
 4.23452e+11	0.00e+00	2.57e-37	2.57e-27	5.76e-18	1.38e-09	9.88e-01	1.17e-02	0.00e+00
 4.70317e+11	0.00e+00	0.00e+00	3.27e-27	6.77e-18	1.50e-09	9.89e-01	1.08e-02	0.00e+00
 5.19056e+11	0.00e+00	4.88e-37	4.16e-27	7.96e-18	1.63e-09	9.90e-01	9.95e-03	0.00e+00
 5.69745e+11	0.00e+00	0.00e+00	5.30e-27	9.35e-18	1.76e-09	9.91e-01	9.16e-03	0.00e+00
 6.22462e+11	0.00e+00	9.28e-37	6.74e-27	1.10e-17	1.91e-09	9.92e-01	8.44e-03	0.00e+00
 6.72309e+11	0.00e+00	0.00e+00	8.40e-27	1.27e-17	2.06e-09	9.92e-01	7.83e-03	0.00e+00
 7.17462e+11	0.00e+00	1.61e-36	1.02e-26	1.45e-17	2.20e-09	9.93e-01	7.33e-03	0.00e+00
 7.68477e+11	4.05e-47	2.13e-36	1.26e-26	1.67e-17	2.36e-09	9.93e-01	6.82e-03	0.00e+00
 8.28220e+11	0.00e+00	0.00e+00	1.60e-26	1.96e-17	2.56e-09	9.94e-01	6.28e-03	0.00e+00
 8.87416e+11	0.00e+00	3.97e-36	2.01e-26	2.28e-17	2.76e-09	9.94e-01	5.81e-03	0.00e+00
 9.43466e+11	1.25e-46	5.25e-36	2.48e-26	2.63e-17	2.97e-09	9.95e-01	5.41e-03	0.00e+00
 1.00562e+12	0.00e+00	0.00e+00	3.11e-26	3.05e-17	3.20e-09	9.95e-01	5.01e-03	0.00e+00
 1.07577e+12	0.00e+00	9.79e-36	3.97e-26	3.59e-17	3.47e-09	9.95e-01	4.61e-03	0.00e+00
 1.14590e+12	4.02e-46	1.34e-35	5.03e-26	4.21e-17	3.76e-09	9.96e-01	4.25e-03	0.00e+00
 1.21883e+12	0.00e+00	0.00e+00	6.37e-26	4.93e-17	4.07e-09	9.96e-01	3.92e-03	0.00e+00
 1.29751e+12	0.00e+00	2.55e-35	8.15e-26	5.82e-17	4.43e-09	9.96e-01	3.61e-03	0.00e+00
 1.37934e+12	1.35e-45	3.53e-35	1.04e-25	6.86e-17	4.81e-09	9.97e-01	3.31e-03	0.00e+00
 1.45773e+12	0.00e+00	0.00e+00	1.31e-25	8.00e-17	5.20e-09	9.97e-01	3.07e-03	0.00e+00
 1.53008e+12	0.00e+00	6.28e-35	1.61e-25	9.17e-17	5.57e-09	9.97e-01	2.86e-03	0.00e+00
 1.61204e+12	4.01e-45	8.46e-35	2.02e-25	1.07e-16	6.01e-09	9.97e-01	2.65e-03	0.00e+00
 1.70645e+12	0.00e+00	0.00e+00	2.59e-25	1.26e-16	6.54e-09	9.98e-01	2.43e-03	0.00e+00
 1.79955e+12	0.00e+00	1.62e-34	3.28e-25	1.48e-16	7.09e-09	9.98e-01	2.24e-03	0.00e+00
 1.88864e+12	1.29e-44	2.16e-34	4.09e-25	1.72e-16	7.63e-09	9.98e-01	2.08e-03	0.00e+00
 1.98637e+12	0.00e+00	2.95e-34	5.18e-25	2.01e-16	8.27e-09	9.98e-01	1.92e-03	0.00e+00
 2.09575e+12	2.89e-44	4.13e-34	6.67e-25	2.38e-16	9.01e-09	9.98e-01	1.76e-03	0.00e+00
 2.20636e+12	0.00e+00	5.72e-34	8.54e-25	2.81e-16	9.80e-09	9.98e-01	1.62e-03	0.00e+00
 2.32139e+12	6.55e-44	7.95e-34	1.10e-24	3.33e-16	1.07e-08	9.99e-01	1.48e-03	0.00e+00
 2.44417e+12	0.00e+00	1.11e-33	1.42e-24	3.95e-16	1.16e-08	9.99e-01	1.36e-03	0.00e+00
 2.57186e+12	1.52e-43	1.56e-33	1.83e-24	4.70e-16	1.27e-08	9.99e-01	1.24e-03	0.00e+00
 2.70467e+12	0.00e+00	2.20e-33	2.37e-24	5.59e-16	1.39e-08	9.99e-01	1.14e-03	0.00e+00
 2.84278e+12	3.56e-43	3.10e-33	3.07e-24	6.66e-16	1.52e-08	9.99e-01	1.04e-03	0.00e+00
 2.98074e+12	0.00e+00	4.30e-33	3.95e-24	7.89e-16	1.65e-08	9.99e-01	9.54e-04	0.00e+00
 3.12422e+12	8.08e-43	5.99e-33	5.07e-24	9.36e-16	1.81e-08	9.99e-01	8.74e-04	0.00e+00
 3.27911e+12	0.00e+00	8.44e-33	6.59e-24	1.12e-15	1.98e-08	9.99e-01	7.98e-04	0.00e+00
 3.44021e+12	1.90e-42	1.19e-32	8.58e-24	1.34e-15	2.17e-08	9.99e-01	7.28e-04	0.00e+00
 3.60774e+12	0.00e+00	1.68e-32	1.12e-23	1.60e-15	2.38e-08	9.99e-01	6.64e-04	0.00e+00
 3.78198e+12	4.48e-42	2.38e-32	1.46e-23	1.92e-15	2.61e-08	9.99e-01	6.05e-04	0.00e+00
 3.96318e+12	0.00e+00	3.37e-32	1.90e-23	2.30e-15	2.86e-08	9.99e-01	5.51e-04	0.00e+00
 4.12758e+12	1.00e-41	4.56e-32	2.40e-23	2.70e-15	3.11e-08	9.99e-01	5.08e-04	0.00e+00
 4.26528e+12	0.00e+00	5.83e-32	2.90e-23	3.07e-15	3.32e-08	1.00e+00	4.75e-04	0.00e+00
 4.41635e+12	1.87e-41	7.58e-32	3.54e-23	3.53e-15	3.57e-08	1.00e+00	4.42e-04	0.00e+00
 4.60674e+12	0.00e+00	1.04e-31	4.53e-23	4.18e-15	3.90e-08	1.00e+00	4.05e-04	0.00e+00
 4.80452e+12	4.13e-41	1.44e-31	5.80e-23	4.96e-15	4.26e-08	1.00e+00	3.71e-04	0.00e+00
 4.98012e+12	0.00e+00	1.89e-31	7.18e-23	5.75e-15	4.60e-08	1.00e+00	3.44e-04	0.00e+00
 5.17057e+12	8.23e-41	2.52e-31	8.96e-23	6.71e-15	4.98e-08	1.00e+00	3.17e-04	0.00e+00
 5.38240e+12	0.00e+00	3.42e-31	1.14e-22	7.92e-15	5.44e-08	1.00e+00	2.91e-04	0.00e+00
 5.58034e+12	1.69e-40	4.52e-31	1.41e-22	9.21e-15	5.88e-08	1.00e+00	2.69e-04	0.00e+00
 5.79602e+12	0.00e+00	6.05e-31	1.77e-22	1.08e-14	6.40e-08	1.00e+00	2.47e-04	0.00e+00
 6.03678e+12	3.54e-40	8.27e-31	2.26e-22	1.28e-14	7.00e-08	1.00e+00	2.26e-04	0.00e+00
 6.26333e+12	0.00e+00	1.10e-30	2.82e-22	1.50e-14	7.60e-08	1.00e+00	2.08e-04	0.00e+00
 6.51102e+12	7.19e-40	1.48e-30	3.57e-22	1.76e-14	8.29e-08	1.00e+00	1.91e-04	0.00e+00
 6.78787e+12	0.00e+00	2.03e-30	4.58e-22	2.11e-14	9.11e-08	1.00e+00	1.74e-04	0.00e+00
 7.04940e+12	1.50e-39	2.71e-30	5.75e-22	2.48e-14	9.93e-08	1.00e+00	1.60e-04	0.00e+00
 7.33251e+12	0.00e+00	3.65e-30	7.28e-22	2.93e-14	1.09e-07	1.00e+00	1.46e-04	0.00e+00
 7.64913e+12	3.19e-39	5.03e-30	9.37e-22	3.51e-14	1.20e-07	1.00e+00	1.33e-04	0.00e+00
 7.95504e+12	0.00e+00	6.77e-30	1.18e-21	4.15e-14	1.31e-07	1.00e+00	1.21e-04	0.00e+00
 8.27980e+12	6.57e-39	9.14e-30	1.50e-21	4.92e-14	1.43e-07	1.00e+00	1.11e-04	0.00e+00
 8.64091e+12	0.00e+00	1.26e-29	1.94e-21	5.91e-14	1.58e-07	1.00e+00	1.01e-04	0.00e+00
 9.00399e+12	1.40e-38	1.71e-29	2.47e-21	7.04e-14	1.74e-07	1.00e+00	9.15e-05	0.00e+00
 9.38158e+12	0.00e+00	2.32e-29	3.15e-21	8.39e-14	1.91e-07	1.00e+00	8.33e-05	0.00e+00
 9.74393e+12	2.82e-38	3.07e-29	3.94e-21	9.87e-14	2.09e-07	1.00e+00	7.64e-05	0.00e+00
 1.00557e+13	0.00e+00	3.86e-29	4.74e-21	1.13e-13	2.25e-07	1.00e+00	7.11e-05	0.00e+00
 1.03961e+13	4.99e-38	4.93e-29	5.76e-21	1.30e-13	2.42e-07	1.00e+00	6.58e-05	0.00e+00
 1.07770e+13	0.00e+00	6.41e-29	7.11e-21	1.51e-13	2.64e-07	1.00e+00	6.06e-05	0.00e+00
 1.11367e+13	9.11e-38	8.13e-29	8.60e-21	1.74e-13	2.84e-07	1.00e+00	5.62e-05	0.00e+00
 1.15307e+13	0.00e+00	1.05e-28	1.05e-20	2.02e-13	3.08e-07	1.00e+00	5.19e-05	0.00e+00
 1.19696e+13	1.70e-37	1.37e-28	1.31e-20	2.36e-13	3.36e-07	1.00e+00	4.76e-05	0.00e+00
 1.23821e+13	0.00e+00	1.74e-28	1.59e-20	2.73e-13	3.64e-07	1.00e+00	4.40e-05	0.00e+00
 1.28335e+13	3.09e-37	2.25e-28	1.95e-20	3.17e-13	3.95e-07	1.00e+00	4.06e-05	0.00e+00
 1.33388e+13	0.00e+00	2.97e-28	2.44e-20	3.73e-13	4.32e-07	1.00e+00	3.71e-05	0.00e+00
 1.38176e+13	5.78e-37	3.81e-28	2.98e-20	4.33e-13	4.69e-07	1.00e+00	3.42e-05	0.00e+00
 1.42572e+13	0.00e+00	4.75e-28	3.57e-20	4.94e-13	5.04e-07	1.00e+00	3.18e-05	0.00e+00
 1.47426e+13	9.98e-37	6.01e-28	4.31e-20	5.68e-13	5.45e-07	1.00e+00	2.95e-05	0.00e+00
 1.52874e+13	0.00e+00	7.75e-28	5.30e-20	6.61e-13	5.93e-07	1.00e+00	2.71e-05	0.00e+00
 1.58022e+13	1.78e-36	9.77e-28	6.40e-20	7.59e-13	6.40e-07	1.00e+00	2.51e-05	0.00e+00
 1.63643e+13	0.00e+00	1.25e-27	7.80e-20	8.78e-13	6.94e-07	1.00e+00	2.32e-05	0.00e+00
 1.69854e+13	3.25e-36	1.62e-27	9.62e-20	1.03e-12	7.57e-07	1.00e+00	2.13e-05	0.00e+00
 1.75599e+13	0.00e+00	2.04e-27	1.16e-19	1.18e-12	8.17e-07	1.00e+00	1.97e-05	0.00e+00
 1.81836e+13	5.71e-36	2.59e-27	1.41e-19	1.36e-12	8.85e-07	1.00e+00	1.82e-05	0.00e+00
 1.88813e+13	0.00e+00	3.37e-27	1.75e-19	1.59e-12	9.65e-07	1.00e+00	1.67e-05	0.00e+00
 1.95396e+13	1.03e-35	4.27e-27	2.12e-19	1.83e-12	1.04e-06	1.00e+00	1.55e-05	0.00e+00
 2.02600e+13	0.00e+00	5.49e-27	2.59e-19	2.12e-12	1.13e-06	1.00e+00	1.43e-05	0.00e+00
 2.10634e+13	1.92e-35	7.18e-27	3.22e-19	2.49e-12	1.24e-06	1.00e+00	1.31e-05	0.00e+00
 2.18203e+13	0.00e+00	9.17e-27	3.93e-19	2.87e-12	1.34e-06	1.00e+00	1.21e-05	0.00e+00
 2.26394e+13	3.50e-35	1.18e-26	4.83e-19	3.34e-12	1.46e-06	1.00e+00	1.11e-05	0.00e+00
 2.35749e+13	0.00e+00	1.57e-26	6.07e-19	3.94e-12	1.60e-06	1.00e+00	1.01e-05	0.00e+00
 2.44894e+13	6.72e-35	2.05e-26	7.51e-19	4.59e-12	1.74e-06	1.00e+00	9.31e-06	0.00e+00
 2.54405e+13	0.00e+00	2.67e-26	9.31e-19	5.36e-12	1.90e-06	1.00e+00	8.56e-06	0.00e+00
 2.64880e+13	1.30e-34	3.55e-26	1.17e-18	6.31e-12	2.07e-06	1.00e+00	7.83e-06	0.00e+00
 2.75488e+13	0.00e+00	4.68e-26	1.46e-18	7.39e-12	2.26e-06	1.00e+00	7.18e-06	0.00e+00
 2.86521e+13	2.53e-34	6.18e-26	1.82e-18	8.65e-12	2.47e-06	1.00e+00	6.59e-06	0.00e+00
 2.98281e+13	3.57e-34	8.22e-26	2.29e-18	1.02e-11	2.69e-06	1.00e+00	6.04e-06	0.00e+00
 3.09407e+13	4.89e-34	1.07e-25	2.82e-18	1.18e-11	2.92e-06	1.00e+00	5.57e-06	0.00e+00
 3.19446e+13	6.46e-34	1.34e-25	3.38e-18	1.34e-11	3.13e-06	1.00e+00	5.20e-06	0.00e+00
 3.28945e+13	8.33e-34	1.66e-25	3.99e-18	1.50e-11	3.33e-06	1.00e+00	4.88e-06	0.00e+00
 3.39508e+13	1.10e-33	2.08e-25	4.78e-18	1.71e-11	3.57e-06	1.00e+00	4.57e-06	0.00e+00
 3.51335e+13	1.49e-33	2.67e-25	5.81e-18	1.96e-11	3.84e-06	1.00e+00	4.24e-06	0.00e+00
 3.62564e+13	1.96e-33	3.36e-25	6.96e-18	2.22e-11	4.11e-06	1.00e+00	3.97e-06	0.00e+00
 3.74917e+13	2.64e-33	4.29e-25	8.44e-18	2.53e-11	4.41e-06	1.00e+00	3.70e-06	0.00e+00
 3.88733e+13	3.66e-33	5.60e-25	1.04e-17	2.93e-11	4.76e-06	1.00e+00	3.42e-06	0.00e+00
 4.01871e+13	4.92e-33	7.15e-25	1.26e-17	3.34e-11	5.11e-06	1.00e+00	3.19e-06	0.00e+00
 4.14108e+13	6.46e-33	8.92e-25	1.50e-17	3.76e-11	5.45e-06	1.00e+00	3.00e-06	0.00e+00
 4.27752e+13	8.68e-33	1.14e-24	1.80e-17	4.28e-11	5.83e-06	1.00e+00	2.80e-06	0.00e+00
 4.43109e+13	1.20e-32	1.48e-24	2.21e-17	4.93e-11	6.27e-06	1.00e+00	2.60e-06	0.00e+00
 4.57740e+13	1.62e-32	1.89e-24	2.67e-17	5.60e-11	6.71e-06	1.00e+00	2.43e-06	0.00e+00
 4.73807e+13	2.23e-32	2.45e-24	3.27e-17	6.43e-11	7.21e-06	1.00e+00	2.27e-06	0.00e+00
 4.91535e+13	3.13e-32	3.23e-24	4.05e-17	7.44e-11	7.78e-06	1.00e+00	2.10e-06	0.00e+00
 5.07972e+13	4.27e-32	4.15e-24	4.90e-17	8.47e-11	8.32e-06	1.00e+00	1.96e-06	0.00e+00
 5.25887e+13	5.94e-32	5.42e-24	6.01e-17	9.72e-11	8.93e-06	1.00e+00	1.83e-06	0.00e+00
 5.46066e+13	8.39e-32	7.19e-24	7.48e-17	1.13e-10	9.66e-06	1.00e+00	1.69e-06	0.00e+00
 5.65163e+13	1.17e-31	9.37e-24	9.15e-17	1.29e-10	1.04e-05	1.00e+00	1.58e-06	0.00e+00
 5.85843e+13	1.65e-31	1.24e-23	1.13e-16	1.49e-10	1.11e-05	1.00e+00	1.47e-06	0.00e+00
 6.09097e+13	2.39e-31	1.67e-23	1.42e-16	1.74e-10	1.20e-05	1.00e+00	1.36e-06	0.00e+00
 6.31517e+13	3.40e-31	2.22e-23	1.76e-16	2.01e-10	1.29e-05	1.00e+00	1.26e-06	0.00e+00
 6.55312e+13	4.87e-31	2.96e-23	2.19e-16	2.32e-10	1.39e-05	1.00e+00	1.17e-06	0.00e+00
 6.81823e+13	7.15e-31	4.04e-23	2.77e-16	2.72e-10	1.51e-05	1.00e+00	1.08e-06	0.00e+00
 7.08441e+13	1.04e-30	5.45e-23	3.47e-16	3.17e-10	1.63e-05	1.00e+00	1.00e-06	0.00e+00
 7.36122e+13	1.51e-30	7.35e-23	4.36e-16	3.69e-10	1.76e-05	1.00e+00	9.30e-07	0.00e+00
 7.65867e+13	2.23e-30	1.00e-22	5.51e-16	4.31e-10	1.90e-05	1.00e+00	0.00e+00	0.00e+00
 7.96800e+13	3.29e-30	1.37e-22	6.97e-16	5.04e-10	2.06e-05	1.00e+00	0.00e+00	0.00e+00
 8.28972e+13	4.87e-30	1.88e-22	8.82e-16	5.90e-10	2.22e-05	1.00e+00	0.00e+00	0.00e+00
 8.60458e+13	7.04e-30	2.52e-22	1.10e-15	6.84e-10	2.39e-05	1.00e+00	0.00e+00	0.00e+00
 8.90571e+13	9.89e-30	3.31e-22	1.35e-15	7.84e-10	2.56e-05	1.00e+00	0.00e+00	0.00e+00
 9.18914e+13	1.34e-29	4.23e-22	1.63e-15	8.87e-10	2.73e-05	1.00e+00	0.00e+00	0.00e+00
 9.45481e+13	1.79e-29	5.32e-22	1.93e-15	9.93e-10	2.88e-05	1.00e+00	0.00e+00	0.00e+00
 9.75958e+13	2.43e-29	6.82e-22	2.33e-15	1.13e-09	3.07e-05	1.00e+00	0.00e+00	0.00e+00
 1.01320e+14	3.55e-29	9.21e-22	2.91e-15	1.31e-09	3.30e-05	1.00e+00	0.00e+00	0.00e+00
 1.05078e+14	5.03e-29	1.22e-21	3.61e-15	1.51e-09	3.56e-05	1.00e+00	0.00e+00	0.00e+00
 1.08425e+14	6.88e-29	1.57e-21	4.35e-15	1.71e-09	3.78e-05	1.00e+00	0.00e+00	0.00e+00
 1.12082e+14	9.59e-29	2.04e-21	5.31e-15	1.95e-09	4.04e-05	1.00e+00	0.00e+00	0.00e+00
 1.16448e+14	1.39e-28	2.75e-21	6.66e-15	2.27e-09	4.36e-05	1.00e+00	0.00e+00	0.00e+00
 1.20875e+14	2.02e-28	3.70e-21	8.32e-15	2.63e-09	4.69e-05	1.00e+00	0.00e+00	0.00e+00
 1.25107e+14	2.79e-28	4.82e-21	1.02e-14	3.02e-09	5.03e-05	1.00e+00	0.00e+00	0.00e+00
 1.29769e+14	4.01e-28	6.44e-21	1.27e-14	3.49e-09	5.41e-05	1.00e+00	0.00e+00	0.00e+00
 1.34990e+14	5.86e-28	8.76e-21	1.60e-14	4.09e-09	5.86e-05	1.00e+00	0.00e+00	0.00e+00
 1.40278e+14	8.60e-28	1.19e-20	2.02e-14	4.76e-09	6.32e-05	1.00e+00	0.00e+00	0.00e+00
 1.45121e+14	1.18e-27	1.54e-20	2.46e-14	5.45e-09	6.77e-05	1.00e+00	0.00e+00	0.00e+00
 1.49489e+14	1.59e-27	1.95e-20	2.94e-14	6.13e-09	7.18e-05	1.00e+00	0.00e+00	0.00e+00
 1.54436e+14	2.16e-27	2.50e-20	3.57e-14	6.99e-09	7.67e-05	1.00e+00	0.00e+00	0.00e+00
 1.60392e+14	3.14e-27	3.38e-20	4.47e-14	8.12e-09	8.27e-05	1.00e+00	0.00e+00	0.00e+00
 1.66336e+14	4.40e-27	4.46e-20	5.55e-14	9.39e-09	8.92e-05	1.00e+00	0.00e+00	0.00e+00
 1.71679e+14	6.05e-27	5.74e-20	6.71e-14	1.07e-08	9.49e-05	1.00e+00	0.00e+00	0.00e+00
 1.77567e+14	8.29e-27	7.43e-20	8.20e-14	1.22e-08	1.02e-04	1.00e+00	0.00e+00	0.00e+00
 1.84528e+14	1.20e-26	1.00e-19	1.03e-13	1.42e-08	1.10e-04	1.00e+00	0.00e+00	0.00e+00
 1.91408e+14	1.70e-26	1.33e-19	1.28e-13	1.64e-08	1.18e-04	1.00e+00	0.00e+00	0.00e+00
 1.97759e+14	2.35e-26	1.72e-19	1.56e-13	1.87e-08	1.26e-04	1.00e+00	0.00e+00	0.00e+00
 2.04894e+14	3.25e-26	2.25e-19	1.92e-13	2.16e-08	1.36e-04	1.00e+00	0.00e+00	0.00e+00
 2.13120e+14	4.79e-26	3.07e-19	2.43e-13	2.52e-08	1.47e-04	1.00e+00	0.00e+00	0.00e+00
 2.21170e+14	6.71e-26	4.05e-19	3.03e-13	2.93e-08	1.59e-04	1.00e+00	0.00e+00	0.00e+00
 2.28855e+14	9.31e-26	5.28e-19	3.71e-13	3.35e-08	1.70e-04	1.00e+00	0.00e+00	0.00e+00
 2.37352e+14	1.33e-25	7.03e-19	4.61e-13	3.88e-08	1.83e-04	1.00e+00	0.00e+00	0.00e+00
 2.46877e+14	1.91e-25	9.44e-19	5.83e-13	4.54e-08	1.98e-04	1.00e+00	0.00e+00	0.00e+00
 2.56019e+14	2.73e-25	1.26e-18	7.24e-13	5.25e-08	2.13e-04	1.00e+00	0.00e+00	0.00e+00
 2.64524e+14	3.65e-25	1.60e-18	8.79e-13	5.98e-08	2.27e-04	1.00e+00	0.00e+00	0.00e+00
 2.74133e+14	5.20e-25	2.13e-18	1.09e-12	6.89e-08	2.44e-04	1.00e+00	0.00e+00	0.00e+00
 2.85128e+14	7.40e-25	2.85e-18	1.37e-12	8.07e-08	2.65e-04	1.00e+00	0.00e+00	0.00e+00
 2.95581e+14	1.06e-24	3.78e-18	1.70e-12	9.31e-08	2.84e-04	1.00e+00	0.00e+00	0.00e+00
 3.05152e+14	1.40e-24	4.78e-18	2.06e-12	1.06e-07	3.04e-04	1.00e+00	0.00e+00	0.00e+00
 3.14231e+14	1.86e-24	6.02e-18	2.45e-12	1.19e-07	3.22e-04	1.00e+00	0.00e+00	0.00e+00
 3.24250e+14	2.47e-24	7.60e-18	2.95e-12	1.35e-07	3.43e-04	1.00e+00	0.00e+00	0.00e+00
 3.35405e+14	3.43e-24	9.90e-18	3.61e-12	1.54e-07	3.67e-04	1.00e+00	0.00e+00	0.00e+00
 3.45924e+14	4.48e-24	1.24e-17	4.34e-12	1.74e-07	3.91e-04	1.00e+00	0.00e+00	0.00e+00
 3.57486e+14	6.11e-24	1.59e-17	5.28e-12	1.99e-07	4.18e-04	1.00e+00	0.00e+00	0.00e+00
 3.70439e+14	8.62e-24	2.10e-17	6.53e-12	2.29e-07	4.49e-04	1.00e+00	0.00e+00	0.00e+00
 3.82622e+14	1.14e-23	2.66e-17	7.91e-12	2.61e-07	4.79e-04	1.00e+00	0.00e+00	0.00e+00
 3.94136e+14	1.52e-23	3.35e-17	9.44e-12	2.93e-07	5.09e-04	9.99e-01	0.00e+00	0.00e+00
 4.07357e+14	2.01e-23	4.24e-17	1.15e-11	3.35e-07	5.44e-04	9.99e-01	0.00e+00	0.00e+00
 4.22209e+14	2.81e-23	5.58e-17	1.42e-11	3.86e-07	5.85e-04	9.99e-01	0.00e+00	0.00e+00
 4.36297e+14	3.77e-23	7.11e-17	1.73e-11	4.40e-07	6.25e-04	9.99e-01	0.00e+00	0.00e+00
 4.51727e+14	5.28e-23	9.32e-17	2.12e-11	5.06e-07	6.70e-04	9.99e-01	0.00e+00	0.00e+00
 4.68799e+14	7.22e-23	1.21e-16	2.64e-11	5.86e-07	7.24e-04	9.99e-01	0.00e+00	0.00e+00
 4.84570e+14	9.75e-23	1.55e-16	3.22e-11	6.69e-07	7.74e-04	9.99e-01	0.00e+00	0.00e+00
 5.01636e+14	1.35e-22	2.02e-16	3.95e-11	7.68e-07	8.30e-04	9.99e-01	0.00e+00	0.00e+00
 5.20799e+14	1.84e-22	2.64e-16	4.93e-11	8.92e-07	8.97e-04	9.99e-01	0.00e+00	0.00e+00
 5.38920e+14	2.55e-22	3.43e-16	6.04e-11	1.02e-06	9.61e-04	9.99e-01	0.00e+00	0.00e+00
 5.58490e+14	3.43e-22	4.42e-16	7.45e-11	1.18e-06	1.03e-03	9.99e-01	0.00e+00	0.00e+00
 5.80185e+14	4.87e-22	5.89e-16	9.34e-11	1.37e-06	1.12e-03	9.99e-01	0.00e+00	0.00e+00
 6.00903e+14	6.43e-22	7.48e-16	1.15e-10	1.58e-06	1.20e-03	9.99e-01	0.00e+00	0.00e+00
 6.23125e+14	8.93e-22	9.81e-16	1.42e-10	1.83e-06	1.30e-03	9.99e-01	0.00e+00	0.00e+00
 6.48079e+14	1.25e-21	1.30e-15	1.80e-10	2.14e-06	1.41e-03	9.99e-01	0.00e+00	0.00e+00
 6.72753e+14	1.74e-21	1.71e-15	2.24e-10	2.48e-06	1.52e-03	9.98e-01	0.00e+00	0.00e+00
 6.98413e+14	2.34e-21	2.21e-15	2.79e-10	2.88e-06	1.65e-03	9.98e-01	0.00e+00	0.00e+00
 7.25654e+14	3.30e-21	2.94e-15	3.49e-10	3.36e-06	1.78e-03	9.98e-01	0.00e+00	0.00e+00
 7.52560e+14	4.37e-21	3.75e-15	4.33e-10	3.89e-06	1.93e-03	9.98e-01	0.00e+00	0.00e+00
 7.75733e+14	5.67e-21	4.67e-15	5.17e-10	4.39e-06	2.06e-03	9.98e-01	0.00e+00	0.00e+00
 7.94554e+14	6.89e-21	5.52e-15	5.95e-10	4.83e-06	2.16e-03	9.98e-01	0.00e+00	0.00e+00
 8.15305e+14	8.57e-21	6.63e-15	6.93e-10	5.36e-06	2.29e-03	9.98e-01	0.00e+00	0.00e+00
 8.42282e+14	1.11e-20	8.28e-15	8.39e-10	6.10e-06	2.45e-03	9.98e-01	0.00e+00	0.00e+00
 8.70983e+14	1.45e-20	1.05e-14	1.02e-09	6.98e-06	2.64e-03	9.97e-01	0.00e+00	0.00e+00
 8.96176e+14	1.85e-20	1.28e-14	1.21e-09	7.82e-06	2.80e-03	9.97e-01	0.00e+00	0.00e+00
 9.23177e+14	2.31e-20	1.56e-14	1.43e-09	8.81e-06	2.99e-03	9.97e-01	0.00e+00	0.00e+00
 9.57221e+14	3.13e-20	2.02e-14	1.77e-09	1.02e-05	3.23e-03	9.97e-01	0.00e+00	0.00e+00
 9.92082e+14	4.11e-20	2.57e-14	2.19e-09	1.18e-05	3.50e-03	9.96e-01	0.00e+00	0.00e+00
 1.02219e+15	5.26e-20	3.17e-14	2.61e-09	1.32e-05	3.73e-03	9.96e-01	0.00e+00	0.00e+00
 1.05446e+15	6.72e-20	3.92e-14	3.13e-09	1.50e-05	4.00e-03	9.96e-01	0.00e+00	0.00e+00
 1.09417e+15	8.94e-20	5.03e-14	3.89e-09	1.74e-05	4.34e-03	9.96e-01	0.00e+00	0.00e+00
 1.13416e+15	1.19e-19	6.45e-14	4.80e-09	2.01e-05	4.69e-03	9.95e-01	0.00e+00	0.00e+00
 1.16935e+15	1.52e-19	7.95e-14	5.74e-09	2.27e-05	5.02e-03	9.95e-01	0.00e+00	0.00e+00
 1.20766e+15	1.95e-19	9.91e-14	6.94e-09	2.58e-05	5.39e-03	9.95e-01	0.00e+00	0.00e+00
 1.25392e+15	2.61e-19	1.28e-13	8.66e-09	3.00e-05	5.87e-03	9.94e-01	0.00e+00	0.00e+00
 1.29982e+15	3.48e-19	1.64e-13	1.07e-08	3.46e-05	6.34e-03	9.94e-01	0.00e+00	0.00e+00
 1.34080e+15	4.44e-19	2.03e-13	1.29e-08	3.92e-05	6.81e-03	9.93e-01	0.00e+00	0.00e+00
 1.38609e+15	5.78e-19	2.55e-13	1.56e-08	4.48e-05	7.32e-03	9.93e-01	0.00e+00	0.00e+00
 1.43993e+15	7.88e-19	3.34e-13	1.96e-08	5.21e-05	7.97e-03	9.92e-01	0.00e+00	0.00e+00
 1.49315e+15	1.05e-18	4.30e-13	2.43e-08	6.03e-05	8.64e-03	9.91e-01	0.00e+00	0.00e+00
 1.54183e+15	1.35e-18	5.34e-13	2.94e-08	6.85e-05	9.27e-03	9.91e-01	0.00e+00	0.00e+00
 1.59635e+15	1.80e-18	6.85e-13	3.62e-08	7.87e-05	1.00e-02	9.90e-01	0.00e+00	0.00e+00
 1.65973e+15	2.46e-18	8.98e-13	4.56e-08	9.19e-05	1.09e-02	9.89e-01	0.00e+00	0.00e+00
 1.72204e+15	3.29e-18	1.16e-12	5.68e-08	1.06e-04	1.19e-02	9.88e-01	0.00e+00	0.00e+00
 1.78685e+15	4.52e-18	1.52e-12	7.08e-08	1.23e-04	1.29e-02	9.87e-01	0.00e+00	0.00e+00
 1.85835e+15	6.23e-18	2.01e-12	8.96e-08	1.44e-04	1.41e-02	9.86e-01	0.00e+00	0.00e+00
 1.91846e+15	8.16e-18	2.52e-12	1.08e-07	1.64e-04	1.51e-02	9.85e-01	0.00e+00	0.00e+00
 1.96209e+15	9.84e-18	2.97e-12	1.24e-07	1.79e-04	1.58e-02	9.84e-01	0.00e+00	0.00e+00
 2.00803e+15	1.20e-17	3.51e-12	1.43e-07	1.96e-04	1.66e-02	9.83e-01	0.00e+00	0.00e+00
 2.06775e+15	1.53e-17	4.33e-12	1.70e-07	2.21e-04	1.78e-02	9.82e-01	0.00e+00	0.00e+00
 2.13362e+15	1.96e-17	5.39e-12	2.05e-07	2.50e-04	1.90e-02	9.81e-01	0.00e+00	0.00e+00
 2.19492e+15	2.54e-17	6.69e-12	2.44e-07	2.80e-04	2.02e-02	9.79e-01	0.00e+00	0.00e+00
 2.26208e+15	3.31e-17	8.36e-12	2.92e-07	3.16e-04	2.16e-02	9.78e-01	0.00e+00	0.00e+00
 2.33734e+15	4.28e-17	1.05e-11	3.56e-07	3.60e-04	2.32e-02	9.76e-01	0.00e+00	0.00e+00
 2.40882e+15	5.58e-17	1.31e-11	4.28e-07	4.06e-04	2.48e-02	9.75e-01	0.00e+00	0.00e+00
 2.48742e+15	7.55e-17	1.69e-11	5.20e-07	4.61e-04	2.66e-02	9.73e-01	0.00e+00	0.00e+00
 2.57504e+15	9.98e-17	2.15e-11	6.41e-07	5.29e-04	2.86e-02	9.71e-01	0.00e+00	0.00e+00
 2.65830e+15	1.33e-16	2.73e-11	7.78e-07	6.01e-04	3.07e-02	9.69e-01	0.00e+00	0.00e+00
 2.75044e+15	1.93e-16	3.53e-11	9.57e-07	6.88e-04	3.30e-02	9.66e-01	0.00e+00	0.00e+00
 2.85344e+15	2.77e-16	4.72e-11	1.20e-06	7.96e-04	3.57e-02	9.63e-01	0.00e+00	0.00e+00
 2.94992e+15	3.73e-16	6.06e-11	1.47e-06	9.09e-04	3.83e-02	9.61e-01	0.00e+00	0.00e+00
 3.05470e+15	4.99e-16	7.79e-11	1.81e-06	1.04e-03	4.13e-02	9.58e-01	0.00e+00	0.00e+00
 3.17184e+15	7.30e-16	1.06e-10	2.28e-06	1.21e-03	4.48e-02	9.54e-01	0.00e+00	0.00e+00
 3.28175e+15	9.92e-16	1.36e-10	2.81e-06	1.39e-03	4.81e-02	9.51e-01	0.00e+00	0.00e+00
 3.40043e+15	1.34e-15	1.77e-10	3.48e-06	1.60e-03	5.18e-02	9.47e-01	0.00e+00	0.00e+00
 3.53340e+15	1.99e-15	2.42e-10	4.41e-06	1.86e-03	5.62e-02	9.42e-01	0.00e+00	0.00e+00
 3.66032e+15	2.77e-15	3.18e-10	5.47e-06	2.14e-03	6.04e-02	9.37e-01	0.00e+00	0.00e+00
 3.79541e+15	3.86e-15	4.18e-10	6.82e-06	2.47e-03	6.51e-02	9.32e-01	0.00e+00	0.00e+00
 3.94725e+15	5.40e-15	5.57e-10	8.65e-06	2.89e-03	7.06e-02	9.27e-01	0.00e+00	0.00e+00
 4.09787e+15	8.05e-15	7.62e-10	1.09e-05	3.35e-03	7.63e-02	9.20e-01	0.00e+00	0.00e+00
 4.25451e+15	1.15e-14	1.02e-09	1.37e-05	3.88e-03	8.23e-02	9.14e-01	0.00e+00	0.00e+00
 4.39590e+15	1.57e-14	1.32e-09	1.67e-05	4.42e-03	8.79e-02	9.08e-01	0.00e+00	0.00e+00
 4.50122e+15	1.97e-14	1.58e-09	1.92e-05	4.85e-03	9.21e-02	9.03e-01	0.00e+00	0.00e+00
 4.61015e+15	2.48e-14	1.91e-09	2.23e-05	5.32e-03	9.66e-02	8.98e-01	0.00e+00	0.00e+00
 4.75176e+15	3.19e-14	2.38e-09	2.67e-05	5.99e-03	1.02e-01	8.92e-01	0.00e+00	0.00e+00
 4.90675e+15	4.51e-14	3.11e-09	3.25e-05	6.80e-03	1.09e-01	8.84e-01	0.00e+00	0.00e+00
 5.04751e+15	5.92e-14	3.89e-09	3.86e-05	7.59e-03	1.15e-01	8.77e-01	0.00e+00	0.00e+00
 5.19885e+15	7.80e-14	4.88e-09	4.61e-05	8.51e-03	1.22e-01	8.69e-01	0.00e+00	0.00e+00
 5.39010e+15	1.07e-13	6.36e-09	5.73e-05	9.79e-03	1.31e-01	8.59e-01	0.00e+00	0.00e+00
 5.58310e+15	1.57e-13	8.58e-09	7.10e-05	1.12e-02	1.40e-01	8.49e-01	0.00e+00	0.00e+00
 5.74541e+15	2.07e-13	1.07e-08	8.44e-05	1.25e-02	1.48e-01	8.40e-01	0.00e+00	0.00e+00
 5.91794e+15	2.73e-13	1.35e-08	1.01e-04	1.40e-02	1.56e-01	8.30e-01	0.00e+00	0.00e+00
 6.13578e+15	3.74e-13	1.76e-08	1.25e-04	1.61e-02	1.67e-01	8.17e-01	0.00e+00	0.00e+00
 6.35880e+15	5.53e-13	2.39e-08	1.56e-04	1.85e-02	1.78e-01	8.03e-01	0.00e+00	0.00e+00
 6.55203e+15	7.39e-13	3.02e-08	1.86e-04	2.07e-02	1.88e-01	7.91e-01	0.00e+00	0.00e+00
 6.76025e+15	9.91e-13	3.85e-08	2.24e-04	2.34e-02	1.99e-01	7.78e-01	0.00e+00	0.00e+00
 7.01551e+15	1.37e-12	5.05e-08	2.80e-04	2.68e-02	2.12e-01	7.61e-01	0.00e+00	0.00e+00
 7.27031e+15	2.03e-12	6.87e-08	3.48e-04	3.08e-02	2.25e-01	7.44e-01	0.00e+00	0.00e+00
 7.49392e+15	2.72e-12	8.71e-08	4.16e-04	3.44e-02	2.37e-01	7.28e-01	0.00e+00	0.00e+00
 7.73861e+15	3.68e-12	1.12e-07	5.04e-04	3.88e-02	2.49e-01	7.11e-01	0.00e+00	0.00e+00
 8.03447e+15	5.11e-12	1.47e-07	6.29e-04	4.45e-02	2.65e-01	6.90e-01	0.00e+00	0.00e+00
 8.31906e+15	7.53e-12	1.98e-07	7.76e-04	5.07e-02	2.80e-01	6.69e-01	0.00e+00	0.00e+00
 8.55431e+15	9.84e-12	2.47e-07	9.16e-04	5.61e-02	2.92e-01	6.51e-01	0.00e+00	0.00e+00
 8.80322e+15	1.30e-11	3.10e-07	1.09e-03	6.23e-02	3.04e-01	6.33e-01	0.00e+00	0.00e+00
 9.12279e+15	1.76e-11	4.00e-07	1.34e-03	7.07e-02	3.19e-01	6.09e-01	0.00e+00	0.00e+00
 9.45564e+15	2.63e-11	5.47e-07	1.67e-03	8.06e-02	3.35e-01	5.82e-01	0.00e+00	0.00e+00
 9.70577e+15	3.37e-11	6.68e-07	1.94e-03	8.83e-02	3.47e-01	5.63e-01	0.00e+00	0.00e+00
 9.92699e+15	4.22e-11	8.01e-07	2.22e-03	9.56e-02	3.56e-01	5.46e-01	0.00e+00	0.00e+00
 1.02146e+16	5.55e-11	1.00e-06	2.63e-03	1.06e-01	3.68e-01	5.23e-01	0.00e+00	0.00e+00
 1.05211e+16	7.51e-11	1.28e-06	3.15e-03	1.17e-01	3.81e-01	4.99e-01	0.00e+00	0.00e+00
 1.07875e+16	9.57e-11	1.55e-06	3.65e-03	1.28e-01	3.91e-01	4.78e-01	0.00e+00	0.00e+00
 1.10694e+16	1.23e-10	1.90e-06	4.25e-03	1.39e-01	4.00e-01	4.56e-01	0.00e+00	0.00e+00
 1.14358e+16	1.74e-10	2.51e-06	5.19e-03	1.56e-01	4.12e-01	4.27e-01	0.00e+00	0.00e+00
 1.17976e+16	2.33e-10	3.18e-06	6.24e-03	1.72e-01	4.21e-01	4.00e-01	0.00e+00	0.00e+00
 1.20735e+16	2.87e-10	3.79e-06	7.15e-03	1.86e-01	4.27e-01	3.80e-01	0.00e+00	0.00e+00
 1.23521e+16	3.62e-10	4.57e-06	8.23e-03	2.00e-01	4.33e-01	3.59e-01	0.00e+00	0.00e+00
 1.27143e+16	5.18e-10	6.01e-06	9.88e-03	2.20e-01	4.39e-01	3.31e-01	0.00e+00	0.00e+00
 1.30796e+16	6.82e-10	7.52e-06	1.17e-02	2.41e-01	4.42e-01	3.05e-01	0.00e+00	0.00e+00
 1.33733e+16	8.39e-10	8.93e-06	1.34e-02	2.58e-01	4.44e-01	2.85e-01	0.00e+00	0.00e+00
 1.36379e+16	1.04e-09	1.06e-05	1.52e-02	2.74e-01	4.44e-01	2.67e-01	0.00e+00	0.00e+00
 1.39404e+16	1.32e-09	1.28e-05	1.75e-02	2.93e-01	4.43e-01	2.47e-01	0.00e+00	0.00e+00
 1.42691e+16	1.82e-09	1.63e-05	2.04e-02	3.15e-01	4.40e-01	2.25e-01	0.00e+00	0.00e+00
 1.45577e+16	2.25e-09	1.94e-05	2.32e-02	3.34e-01	4.36e-01	2.07e-01	0.00e+00	0.00e+00
 1.48161e+16	2.69e-09	2.25e-05	2.60e-02	3.51e-01	4.31e-01	1.92e-01	0.00e+00	0.00e+00
 1.51097e+16	3.62e-09	2.80e-05	2.98e-02	3.72e-01	4.24e-01	1.74e-01	0.00e+00	0.00e+00
 1.54179e+16	4.36e-09	3.29e-05	3.40e-02	3.93e-01	4.15e-01	1.57e-01	0.00e+00	0.00e+00
 1.56870e+16	5.83e-09	4.07e-05	3.86e-02	4.13e-01	4.06e-01	1.42e-01	0.00e+00	0.00e+00
 1.58985e+16	6.89e-09	4.64e-05	4.24e-02	4.28e-01	3.98e-01	1.32e-01	0.00e+00	0.00e+00
 1.60930e+16	8.20e-09	5.31e-05	4.64e-02	4.43e-01	3.89e-01	1.22e-01	0.00e+00	0.00e+00
 1.63458e+16	1.01e-08	6.25e-05	5.21e-02	4.61e-01	3.77e-01	1.10e-01	0.00e+00	0.00e+00
 1.66240e+16	1.29e-08	7.56e-05	5.91e-02	4.81e-01	3.62e-01	9.69e-02	0.00e+00	0.00e+00
 1.68711e+16	1.55e-08	8.76e-05	6.61e-02	4.99e-01	3.48e-01	8.65e-02	0.00e+00	0.00e+00
 1.70874e+16	1.90e-08	1.02e-04	7.31e-02	5.14e-01	3.35e-01	7.75e-02	0.00e+00	0.00e+00
 1.72960e+16	2.44e-08	1.23e-04	8.11e-02	5.29e-01	3.20e-01	6.89e-02	0.00e+00	0.00e+00
 1.74953e+16	2.98e-08	1.43e-04	8.92e-02	5.43e-01	3.06e-01	6.14e-02	0.00e+00	0.00e+00
 1.76844e+16	3.63e-08	1.66e-04	9.79e-02	5.56e-01	2.92e-01	5.45e-02	0.00e+00	0.00e+00
 1.78719e+16	4.44e-08	1.93e-04	1.07e-01	5.68e-01	2.76e-01	4.81e-02	0.00e+00	0.00e+00
 1.80539e+16	5.43e-08	2.24e-04	1.18e-01	5.79e-01	2.61e-01	4.21e-02	0.00e+00	0.00e+00
 1.82249e+16	6.61e-08	2.60e-04	1.28e-01	5.89e-01	2.46e-01	3.69e-02	0.00e+00	0.00e+00
 1.83842e+16	8.00e-08	2.99e-04	1.40e-01	5.97e-01	2.31e-01	3.22e-02	0.00e+00	0.00e+00
 1.85342e+16	9.64e-08	3.43e-04	1.51e-01	6.05e-01	2.16e-01	2.80e-02	0.00e+00	0.00e+00
 1.86766e+16	1.16e-07	3.92e-04	1.63e-01	6.11e-01	2.02e-01	2.43e-02	0.00e+00	0.00e+00
 1.88114e+16	1.32e-07	4.34e-04	1.74e-01	6.17e-01	1.88e-01	2.11e-02	0.00e+00	0.00e+00
 1.89418e+16	1.69e-07	5.14e-04	1.88e-01	6.21e-01	1.73e-01	1.79e-02	0.00e+00	0.00e+00
 1.90541e+16	1.97e-07	5.76e-04	1.99e-01	6.24e-01	1.61e-01	1.55e-02	0.00e+00	0.00e+00
 1.91480e+16	2.14e-07	6.16e-04	2.09e-01	6.26e-01	1.51e-01	1.37e-02	0.00e+00	0.00e+00
 1.92544e+16	2.63e-07	7.12e-04	2.22e-01	6.28e-01	1.38e-01	1.15e-02	0.00e+00	0.00e+00
 1.93609e+16	3.14e-07	8.06e-04	2.35e-01	6.28e-01	1.26e-01	9.65e-03	0.00e+00	0.00e+00
 1.94337e+16	3.49e-07	8.70e-04	2.44e-01	6.29e-01	1.18e-01	8.50e-03	0.00e+00	0.00e+00
 1.94845e+16	3.79e-07	9.23e-04	2.51e-01	6.29e-01	1.12e-01	7.69e-03	0.00e+00	0.00e+00
 1.95402e+16	4.13e-07	9.83e-04	2.59e-01	6.28e-01	1.05e-01	6.87e-03	0.00e+00	0.00e+00
 1.96127e+16	4.71e-07	1.08e-03	2.69e-01	6.28e-01	9.63e-02	5.84e-03	0.00e+00	0.00e+00
 1.96842e+16	5.25e-07	1.16e-03	2.79e-01	6.27e-01	8.83e-02	4.97e-03	0.00e+00	0.00e+00
 1.97403e+16	5.63e-07	1.23e-03	2.87e-01	6.26e-01	8.20e-02	4.35e-03	0.00e+00	0.00e+00
 1.97993e+16	6.24e-07	1.32e-03	2.96e-01	6.24e-01	7.52e-02	3.71e-03	0.00e+00	0.00e+00
 1.98631e+16	7.18e-07	1.45e-03	3.06e-01	6.22e-01	6.82e-02	3.07e-03	0.00e+00	0.00e+00
 1.99157e+16	7.80e-07	1.54e-03	3.13e-01	6.20e-01	6.27e-02	2.64e-03	0.00e+00	0.00e+00
 1.99669e+16	8.55e-07	1.64e-03	3.21e-01	6.18e-01	5.73e-02	2.23e-03	0.00e+00	0.00e+00
 2.00333e+16	9.60e-07	1.78e-03	3.31e-01	6.15e-01	5.07e-02	1.78e-03	0.00e+00	0.00e+00
 2.01016e+16	1.07e-06	1.93e-03	3.41e-01	6.11e-01	4.45e-02	1.40e-03	0.00e+00	0.00e+00
 2.01589e+16	1.18e-06	2.06e-03	3.49e-01	6.08e-01	3.96e-02	1.13e-03	0.00e+00	0.00e+00
 2.02197e+16	1.31e-06	2.21e-03	3.58e-01	6.04e-01	3.47e-02	8.86e-04	0.00e+00	0.00e+00
 2.02987e+16	1.49e-06	2.41e-03	3.69e-01	5.99e-01	2.90e-02	6.36e-04	0.00e+00	0.00e+00
 2.03801e+16	1.68e-06	2.62e-03	3.80e-01	5.93e-01	2.40e-02	4.50e-04	0.00e+00	0.00e+00
 2.04497e+16	1.87e-06	2.82e-03	3.89e-01	5.88e-01	2.04e-02	3.31e-04	0.00e+00	0.00e+00
 2.05255e+16	2.09e-06	3.04e-03	3.98e-01	5.81e-01	1.68e-02	2.33e-04	0.00e+00	0.00e+00
 2.06241e+16	2.40e-06	3.33e-03	4.10e-01	5.73e-01	1.32e-02	1.47e-04	0.00e+00	0.00e+00
 2.07356e+16	2.78e-06	3.66e-03	4.22e-01	5.64e-01	1.00e-02	8.78e-05	0.00e+00	0.00e+00
 2.08637e+16	3.26e-06	4.07e-03	4.36e-01	5.53e-01	7.31e-03	4.84e-05	0.00e+00	0.00e+00
 2.10304e+16	3.96e-06	4.62e-03	4.52e-01	5.39e-01	4.94e-03	2.28e-05	0.00e+00	0.00e+00
 2.12165e+16	4.87e-06	5.27e-03	4.69e-01	5.23e-01	3.28e-03	1.04e-05	0.00e+00	0.00e+00
 2.14279e+16	6.16e-06	6.13e-03	4.88e-01	5.04e-01	2.10e-03	4.32e-06	0.00e+00	0.00e+00
 2.17028e+16	8.34e-06	7.46e-03	5.13e-01	4.78e-01	1.22e-03	1.48e-06	0.00e+00	0.00e+00
 2.19782e+16	1.15e-05	9.18e-03	5.40e-01	4.50e-01	7.41e-04	5.51e-07	0.00e+00	0.00e+00
 2.21443e+16	1.42e-05	1.05e-02	5.57e-01	4.32e-01	5.62e-04	0.00e+00	0.00e+00	0.00e+00
 2.22204e+16	1.56e-05	1.12e-02	5.65e-01	4.23e-01	4.94e-04	0.00e+00	0.00e+00	0.00e+00
 2.22892e+16	1.71e-05	1.19e-02	5.73e-01	4.15e-01	4.37e-04	0.00e+00	0.00e+00	0.00e+00
 2.23787e+16	1.92e-05	1.29e-02	5.83e-01	4.04e-01	3.72e-04	0.00e+00	0.00e+00	0.00e+00
 2.24951e+16	2.24e-05	1.42e-02	5.96e-01	3.90e-01	3.03e-04	0.00e+00	0.00e+00	0.00e+00
 2.26244e+16	2.69e-05	1.60e-02	6.11e-01	3.73e-01	2.42e-04	0.00e+00	0.00e+00	0.00e+00
 2.27402e+16	3.17e-05	1.79e-02	6.24e-01	3.58e-01	1.98e-04	0.00e+00	0.00e+00	0.00e+00
 2.28401e+16	3.68e-05	1.98e-02	6.36e-01	3.44e-01	1.66e-04	0.00e+00	0.00e+00	0.00e+00
 2.29276e+16	4.21e-05	2.16e-02	6.47e-01	3.31e-01	1.43e-04	0.00e+00	0.00e+00	0.00e+00
 2.30051e+16	4.76e-05	2.34e-02	6.56e-01	3.20e-01	1.24e-04	0.00e+00	0.00e+00	0.00e+00
 2.30917e+16	5.46e-05	2.57e-02	6.67e-01	3.07e-01	1.06e-04	0.00e+00	0.00e+00	0.00e+00
 2.31846e+16	6.38e-05	2.85e-02	6.78e-01	2.93e-01	8.91e-05	0.00e+00	0.00e+00	0.00e+00
 2.32645e+16	7.31e-05	3.12e-02	6.87e-01	2.81e-01	7.69e-05	0.00e+00	0.00e+00	0.00e+00
 2.33342e+16	8.26e-05	3.39e-02	6.96e-01	2.70e-01	6.73e-05	0.00e+00	0.00e+00	0.00e+00
 2.34118e+16	9.49e-05	3.72e-02	7.05e-01	2.58e-01	5.77e-05	0.00e+00	0.00e+00	0.00e+00
 2.34959e+16	1.11e-04	4.13e-02	7.14e-01	2.44e-01	4.89e-05	0.00e+00	0.00e+00	0.00e+00
 2.35687e+16	1.27e-04	4.53e-02	7.22e-01	2.33e-01	4.22e-05	0.00e+00	0.00e+00	0.00e+00
 2.36313e+16	1.44e-04	4.92e-02	7.28e-01	2.22e-01	3.70e-05	0.00e+00	0.00e+00	0.00e+00
 2.37003e+16	1.65e-04	5.39e-02	7.35e-01	2.11e-01	3.19e-05	0.00e+00	0.00e+00	0.00e+00
 2.37759e+16	1.93e-04	5.99e-02	7.42e-01	1.98e-01	2.70e-05	0.00e+00	0.00e+00	0.00e+00
 2.38425e+16	2.22e-04	6.58e-02	7.47e-01	1.87e-01	2.32e-05	0.00e+00	0.00e+00	0.00e+00
 2.38995e+16	2.52e-04	7.16e-02	7.51e-01	1.77e-01	2.03e-05	0.00e+00	0.00e+00	0.00e+00
 2.39618e+16	2.89e-04	7.85e-02	7.55e-01	1.67e-01	1.74e-05	0.00e+00	0.00e+00	0.00e+00
 2.40298e+16	3.38e-04	8.71e-02	7.57e-01	1.55e-01	1.47e-05	0.00e+00	0.00e+00	0.00e+00
 2.40896e+16	3.90e-04	9.57e-02	7.59e-01	1.45e-01	1.26e-05	0.00e+00	0.00e+00	0.00e+00
 2.41414e+16	4.42e-04	1.04e-01	7.59e-01	1.36e-01	1.10e-05	0.00e+00	0.00e+00	0.00e+00
 2.41984e+16	5.10e-04	1.14e-01	7.58e-01	1.27e-01	9.36e-06	0.00e+00	0.00e+00	0.00e+00
 2.42609e+16	5.99e-04	1.27e-01	7.56e-01	1.17e-01	7.82e-06	0.00e+00	0.00e+00	0.00e+00
 2.43159e+16	6.91e-04	1.40e-01	7.52e-01	1.07e-01	6.62e-06	0.00e+00	0.00e+00	0.00e+00
 2.43633e+16	7.86e-04	1.52e-01	7.47e-01	9.97e-02	5.70e-06	0.00e+00	0.00e+00	0.00e+00
 2.44153e+16	9.09e-04	1.67e-01	7.40e-01	9.14e-02	4.79e-06	0.00e+00	0.00e+00	0.00e+00
 2.44726e+16	1.07e-03	1.86e-01	7.31e-01	8.24e-02	3.92e-06	0.00e+00	0.00e+00	0.00e+00
 2.45241e+16	1.25e-03	2.05e-01	7.19e-01	7.45e-02	3.25e-06	0.00e+00	0.00e+00	0.00e+00
 2.45697e+16	1.43e-03	2.24e-01	7.07e-01	6.76e-02	2.73e-06	0.00e+00	0.00e+00	0.00e+00
 2.46207e+16	1.68e-03	2.47e-01	6.91e-01	6.01e-02	2.21e-06	0.00e+00	0.00e+00	0.00e+00
 2.46766e+16	2.01e-03	2.76e-01	6.69e-01	5.23e-02	1.73e-06	0.00e+00	0.00e+00	0.00e+00
 2.47270e+16	2.37e-03	3.06e-01	6.46e-01	4.55e-02	1.37e-06	0.00e+00	0.00e+00	0.00e+00
 2.47727e+16	2.76e-03	3.36e-01	6.22e-01	3.96e-02	1.09e-06	0.00e+00	0.00e+00	0.00e+00
 2.48242e+16	3.30e-03	3.73e-01	5.90e-01	3.32e-02	8.19e-07	0.00e+00	0.00e+00	0.00e+00
 2.48804e+16	4.03e-03	4.19e-01	5.50e-01	2.69e-02	0.00e+00	0.00e+00	0.00e+00	0.00e+00
 2.49294e+16	4.82e-03	4.63e-01	5.10e-01	2.18e-02	0.00e+00	0.00e+00	0.00e+00	0.00e+00
 2.49706e+16	5.65e-03	5.03e-01	4.73e-01	1.79e-02	0.00e+00	0.00e+00	0.00e+00	0.00e+00
 2.50079e+16	6.47e-03	5.42e-01	4.37e-01	1.47e-02	0.00e+00	0.00e+00	0.00e+00	0.00e+00
 2.50435e+16	7.44e-03	5.80e-01	4.00e-01	1.19e-02	0.00e+00	0.00e+00	0.00e+00	0.00e+00
 2.50785e+16	8.55e-03	6.19e-01	3.63e-01	9.51e-03	0.00e+00	0.00e+00	0.00e+00	0.00e+00
 2.51122e+16	9.74e-03	6.58e-01	3.25e-01	7.46e-03	0.00e+00	0.00e+00	0.00e+00	0.00e+00
 2.51439e+16	1.11e-02	6.93e-01	2.90e-01	5.83e-03	0.00e+00	0.00e+00	0.00e+00	0.00e+00
 2.51739e+16	1.25e-02	7.27e-01	2.56e-01	4.50e-03	0.00e+00	0.00e+00	0.00e+00	0.00e+00
 2.52026e+16	1.41e-02	7.59e-01	2.24e-01	3.43e-03	0.00e+00	0.00e+00	0.00e+00	0.00e+00
 2.52302e+16	1.58e-02	7.88e-01	1.94e-01	2.58e-03	0.00e+00	0.00e+00	0.00e+00	0.00e+00
 2.52566e+16	1.77e-02	8.14e-01	1.67e-01	1.92e-03	0.00e+00	0.00e+00	0.00e+00	0.00e+00
 2.52820e+16	1.97e-02	8.37e-01	1.42e-01	1.41e-03	0.00e+00	0.00e+00	0.00e+00	0.00e+00
 2.53063e+16	2.18e-02	8.57e-01	1.20e-01	1.03e-03	0.00e+00	0.00e+00	0.00e+00	0.00e+00
 2.53301e+16	2.44e-02	8.74e-01	1.01e-01	7.37e-04	0.00e+00	0.00e+00	0.00e+00	0.00e+00
 2.53536e+16	2.71e-02	8.89e-01	8.34e-02	5.17e-04	0.00e+00	0.00e+00	0.00e+00	0.00e+00
 2.53761e+16	2.99e-02	9.01e-01	6.84e-02	3.58e-04	0.00e+00	0.00e+00	0.00e+00	0.00e+00
 2.53972e+16	3.31e-02	9.11e-01	5.60e-02	2.48e-04	0.00e+00	0.00e+00	0.00e+00	0.00e+00
 2.54175e+16	3.65e-02	9.18e-01	4.56e-02	1.70e-04	0.00e+00	0.00e+00	0.00e+00	0.00e+00
 2.54371e+16	4.03e-02	9.23e-01	3.69e-02	1.16e-04	0.00e+00	0.00e+00	0.00e+00	0.00e+00
 2.54560e+16	4.43e-02	9.26e-01	2.97e-02	7.84e-05	0.00e+00	0.00e+00	0.00e+00	0.00e+00
 2.54737e+16	4.85e-02	9.27e-01	2.40e-02	5.33e-05	0.00e+00	0.00e+00	0.00e+00	0.00e+00
 2.54902e+16	5.28e-02	9.28e-01	1.95e-02	3.66e-05	0.00e+00	0.00e+00	0.00e+00	0.00e+00
 2.55074e+16	5.79e-02	9.27e-01	1.55e-02	2.42e-05	0.00e+00	0.00e+00	0.00e+00	0.00e+00
 2.55246e+16	6.32e-02	9.25e-01	1.22e-02	1.57e-05	0.00e+00	0.00e+00	0.00e+00	0.00e+00
 2.55395e+16	6.88e-02	9.21e-01	9.78e-03	1.06e-05	0.00e+00	0.00e+00	0.00e+00	0.00e+00
 2.55528e+16	7.41e-02	9.18e-01	8.00e-03	7.38e-06	0.00e+00	0.00e+00	0.00e+00	0.00e+00
 2.55652e+16	7.92e-02	9.14e-01	6.60e-03	5.21e-06	0.00e+00	0.00e+00	0.00e+00	0.00e+00
 2.55770e+16	8.46e-02	9.10e-01	5.45e-03	3.69e-06	0.00e+00	0.00e+00	0.00e+00	0.00e+00
 2.55882e+16	9.00e-02	9.05e-01	4.52e-03	2.64e-06	0.00e+00	0.00e+00	0.00e+00	0.00e+00
 2.55986e+16	9.52e-02	9.01e-01	3.80e-03	1.93e-06	0.00e+00	0.00e+00	0.00e+00	0.00e+00
 2.56065e+16	9.94e-02	8.97e-01	3.32e-03	1.51e-06	0.00e+00	0.00e+00	0.00e+00	0.00e+00
 2.56116e+16	1.02e-01	8.95e-01	3.04e-03	1.29e-06	0.00e+00	0.00e+00	0.00e+00	0.00e+00
 2.56162e+16	1.05e-01	8.92e-01	2.80e-03	1.11e-06	0.00e+00	0.00e+00	0.00e+00	0.00e+00
 2.56216e+16	1.08e-01	8.89e-01	2.54e-03	9.31e-07	0.00e+00	0.00e+00	0.00e+00	0.00e+00
 2.56274e+16	1.12e-01	8.86e-01	2.28e-03	0.00e+00	0.00e+00	0.00e+00	0.00e+00	0.00e+00
 2.56330e+16	1.15e-01	8.82e-01	2.05e-03	0.00e+00	0.00e+00	0.00e+00	0.00e+00	0.00e+00
 2.56383e+16	1.19e-01	8.79e-01	1.86e-03	0.00e+00	0.00e+00	0.00e+00	0.00e+00	0.00e+00
 2.56436e+16	1.23e-01	8.76e-01	1.68e-03	0.00e+00	0.00e+00	0.00e+00	0.00e+00	0.00e+00
 2.56488e+16	1.26e-01	8.72e-01	1.52e-03	0.00e+00	0.00e+00	0.00e+00	0.00e+00	0.00e+00
 2.56540e+16	1.30e-01	8.68e-01	1.37e-03	0.00e+00	0.00e+00	0.00e+00	0.00e+00	0.00e+00
 2.56592e+16	1.34e-01	8.64e-01	1.24e-03	0.00e+00	0.00e+00	0.00e+00	0.00e+00	0.00e+00
 2.56642e+16	1.38e-01	8.61e-01	1.12e-03	0.00e+00	0.00e+00	0.00e+00	0.00e+00	0.00e+00
 2.56691e+16	1.42e-01	8.57e-01	1.01e-03	0.00e+00	0.00e+00	0.00e+00	0.00e+00	0.00e+00
 2.56741e+16	1.47e-01	8.52e-01	9.15e-04	0.00e+00	0.00e+00	0.00e+00	0.00e+00	0.00e+00
 2.56790e+16	1.51e-01	8.48e-01	8.26e-04	0.00e+00	0.00e+00	0.00e+00	0.00e+00	0.00e+00
 2.56838e+16	1.56e-01	8.44e-01	7.46e-04	0.00e+00	0.00e+00	0.00e+00	0.00e+00	0.00e+00
 2.56886e+16	1.60e-01	8.39e-01	6.74e-04	0.00e+00	0.00e+00	0.00e+00	0.00e+00	0.00e+00
 2.56933e+16	1.66e-01	8.34e-01	6.07e-04	0.00e+00	0.00e+00	0.00e+00	0.00e+00	0.00e+00
 2.56981e+16	1.70e-01	8.29e-01	5.47e-04	0.00e+00	0.00e+00	0.00e+00	0.00e+00	0.00e+00
 2.57026e+16	1.76e-01	8.24e-01	4.94e-04	0.00e+00	0.00e+00	0.00e+00	0.00e+00	0.00e+00
 2.57071e+16	1.81e-01	8.18e-01	4.46e-04	0.00e+00	0.00e+00	0.00e+00	0.00e+00	0.00e+00
 2.57116e+16	1.87e-01	8.13e-01	4.02e-04	0.00e+00	0.00e+00	0.00e+00	0.00e+00	0.00e+00
 2.57161e+16	1.93e-01	8.07e-01	3.62e-04	0.00e+00	0.00e+00	0.00e+00	0.00e+00	0.00e+00
 2.57205e+16	1.99e-01	8.01e-01	3.26e-04	0.00e+00	0.00e+00	0.00e+00	0.00e+00	0.00e+00
 2.57248e+16	2.06e-01	7.94e-01	2.94e-04	0.00e+00	0.00e+00	0.00e+00	0.00e+00	0.00e+00
 2.57291e+16	2.12e-01	7.87e-01	2.64e-04	0.00e+00	0.00e+00	0.00e+00	0.00e+00	0.00e+00
 2.57333e+16	2.20e-01	7.80e-01	2.38e-04	0.00e+00	0.00e+00	0.00e+00	0.00e+00	0.00e+00
 2.57375e+16	2.28e-01	7.72e-01	2.14e-04	0.00e+00	0.00e+00	0.00e+00	0.00e+00	0.00e+00
 2.57416e+16	2.36e-01	7.64e-01	1.92e-04	0.00e+00	0.00e+00	0.00e+00	0.00e+00	0.00e+00
 2.57456e+16	2.44e-01	7.56e-01	1.72e-04	0.00e+00	0.00e+00	0.00e+00	0.00e+00	0.00e+00
 2.57496e+16	2.53e-01	7.47e-01	1.55e-04	0.00e+00	0.00e+00	0.00e+00	0.00e+00	0.00e+00
 2.57536e+16	2.62e-01	7.38e-01	1.39e-04	0.00e+00	0.00e+00	0.00e+00	0.00e+00	0.00e+00
 2.57575e+16	2.73e-01	7.27e-01	1.24e-04	0.00e+00	0.00e+00	0.00e+00	0.00e+00	0.00e+00
 2.57612e+16	2.84e-01	7.16e-01	1.12e-04	0.00e+00	0.00e+00	0.00e+00	0.00e+00	0.00e+00
 2.57648e+16	2.95e-01	7.05e-01	1.00e-04	0.00e+00	0.00e+00	0.00e+00	0.00e+00	0.00e+00
 2.57684e+16	3.07e-01	6.93e-01	9.02e-05	0.00e+00	0.00e+00	0.00e+00	0.00e+00	0.00e+00
 2.57719e+16	3.20e-01	6.80e-01	8.08e-05	0.00e+00	0.00e+00	0.00e+00	0.00e+00	0.00e+00
 2.57754e+16	3.32e-01	6.68e-01	7.25e-05	0.00e+00	0.00e+00	0.00e+00	0.00e+00	0.00e+00
 2.57788e+16	3.46e-01	6.54e-01	6.49e-05	0.00e+00	0.00e+00	0.00e+00	0.00e+00	0.00e+00
 2.57821e+16	3.60e-01	6.40e-01	5.81e-05	0.00e+00	0.00e+00	0.00e+00	0.00e+00	0.00e+00
 2.57854e+16	3.75e-01	6.25e-01	5.20e-05	0.00e+00	0.00e+00	0.00e+00	0.00e+00	0.00e+00
 2.57886e+16	3.92e-01	6.08e-01	4.65e-05	0.00e+00	0.00e+00	0.00e+00	0.00e+00	0.00e+00
 2.57917e+16	4.08e-01	5.92e-01	4.15e-05	0.00e+00	0.00e+00	0.00e+00	0.00e+00	0.00e+00
 2.57948e+16	4.28e-01	5.72e-01	3.69e-05	0.00e+00	0.00e+00	0.00e+00	0.00e+00	0.00e+00
 2.57978e+16	4.44e-01	5.56e-01	3.30e-05	0.00e+00	0.00e+00	0.00e+00	0.00e+00	0.00e+00
 2.58008e+16	4.66e-01	5.34e-01	2.92e-05	0.00e+00	0.00e+00	0.00e+00	0.00e+00	0.00e+00
 2.58037e+16	4.86e-01	5.14e-01	2.59e-05	0.00e+00	0.00e+00	0.00e+00	0.00e+00	0.00e+00
 2.58066e+16	5.06e-01	4.94e-01	2.29e-05	0.00e+00	0.00e+00	0.00e+00	0.00e+00	0.00e+00
 2.58095e+16	5.27e-01	4.73e-01	2.02e-05	0.00e+00	0.00e+00	0.00e+00	0.00e+00	0.00e+00
 2.58123e+16	5.49e-01	4.51e-01	1.78e-05	0.00e+00	0.00e+00	0.00e+00	0.00e+00	0.00e+00
 2.58151e+16	5.72e-01	4.28e-01	1.57e-05	0.00e+00	0.00e+00	0.00e+00	0.00e+00	0.00e+00
 2.58179e+16	5.94e-01	4.06e-01	1.37e-05	0.00e+00	0.00e+00	0.00e+00	0.00e+00	0.00e+00
 2.58206e+16	6.17e-01	3.83e-01	1.20e-05	0.00e+00	0.00e+00	0.00e+00	0.00e+00	0.00e+00
 2.58233e+16	6.40e-01	3.60e-01	1.04e-05	0.00e+00	0.00e+00	0.00e+00	0.00e+00	0.00e+00
 2.58256e+16	6.60e-01	3.40e-01	9.27e-06	0.00e+00	0.00e+00	0.00e+00	0.00e+00	0.00e+00
 2.58274e+16	6.75e-01	3.25e-01	8.42e-06	0.00e+00	0.00e+00	0.00e+00	0.00e+00	0.00e+00
 2.58291e+16	6.89e-01	3.11e-01	7.67e-06	0.00e+00	0.00e+00	0.00e+00	0.00e+00	0.00e+00
 2.58308e+16	7.04e-01	2.96e-01	6.97e-06	0.00e+00	0.00e+00	0.00e+00	0.00e+00	0.00e+00
 2.58326e+16	7.21e-01	2.79e-01	6.24e-06	0.00e+00	0.00e+00	0.00e+00	0.00e+00	0.00e+00
 2.58344e+16	7.33e-01	2.67e-01	5.69e-06	0.00e+00	0.00e+00	0.00e+00	0.00e+00	0.00e+00
