#depth	He	He+	He+2
 1.49634e+10	3.67e-23	3.46e-12	1.00e+00
 4.54887e+10	4.09e-23	3.74e-12	1.00e+00
 7.72350e+10	4.55e-23	4.05e-12	1.00e+00
 1.10251e+11	5.06e-23	4.39e-12	1.00e+00
 1.43353e+11	5.61e-23	4.74e-12	1.00e+00
 1.77780e+11	6.23e-23	5.12e-12	1.00e+00
 2.14818e+11	6.95e-23	5.54e-12	1.00e+00
 2.53337e+11	7.77e-23	6.00e-12	1.00e+00
 2.93398e+11	8.69e-23	6.51e-12	1.00e+00
 3.35060e+11	9.73e-23	7.05e-12	1.00e+00
 3.78389e+11	1.09e-22	7.64e-12	1.00e+00
 4.23452e+11	1.23e-22	8.28e-12	1.00e+00
 4.70317e+11	1.38e-22	8.98e-12	1.00e+00
 5.19056e+11	1.55e-22	9.73e-12	1.00e+00
 5.69745e+11	1.75e-22	1.06e-11	1.00e+00
 6.22462e+11	1.98e-22	1.14e-11	1.00e+00
 6.72309e+11	2.22e-22	1.23e-11	1.00e+00
 7.17462e+11	2.45e-22	1.32e-11	1.00e+00
 7.68477e+11	2.72e-22	1.41e-11	1.00e+00
 8.28220e+11	3.09e-22	1.53e-11	1.00e+00
 8.87416e+11	3.49e-22	1.66e-11	1.00e+00
 9.43466e+11	3.90e-22	1.78e-11	1.00e+00
 1.00562e+12	4.40e-22	1.92e-11	1.00e+00
 1.07577e+12	5.02e-22	2.08e-11	1.00e+00
 1.14590e+12	5.72e-22	2.26e-11	1.00e+00
 1.21883e+12	6.51e-22	2.45e-11	1.00e+00
 1.29751e+12	7.46e-22	2.66e-11	1.00e+00
 1.37934e+12	8.56e-22	2.90e-11	1.00e+00
 1.45773e+12	9.74e-22	3.13e-11	1.00e+00
 1.53008e+12	1.09e-21	3.36e-11	1.00e+00
 1.61204e+12	1.24e-21	3.63e-11	1.00e+00
 1.70645e+12	1.43e-21	3.96e-11	1.00e+00
 1.79955e+12	1.64e-21	4.30e-11	1.00e+00
 1.88864e+12	1.85e-21	4.64e-11	1.00e+00
 1.98637e+12	2.12e-21	5.03e-11	1.00e+00
 2.09575e+12	2.45e-21	5.50e-11	1.00e+00
 2.20636e+12	2.83e-21	5.99e-11	1.00e+00
 2.32139e+12	3.26e-21	6.54e-11	1.00e+00
 2.44417e+12	3.77e-21	7.15e-11	1.00e+00
 2.57186e+12	4.37e-21	7.83e-11	1.00e+00
 2.70467e+12	5.07e-21	8.58e-11	1.00e+00
 2.84278e+12	5.87e-21	9.40e-11	1.00e+00
 2.98074e+12	6.77e-21	1.03e-10	1.00e+00
 3.12422e+12	7.80e-21	1.12e-10	1.00e+00
 3.27911e+12	9.04e-21	1.24e-10	1.00e+00
 3.44021e+12	1.05e-20	1.36e-10	1.00e+00
 3.60774e+12	1.21e-20	1.50e-10	1.00e+00
 3.78198e+12	1.40e-20	1.65e-10	1.00e+00
 3.96318e+12	1.62e-20	1.81e-10	1.00e+00
 4.12758e+12	1.84e-20	1.98e-10	1.00e+00
 4.26528e+12	2.04e-20	2.12e-10	1.00e+00
 4.41635e+12	2.26e-20	2.28e-10	1.00e+00
 4.60674e+12	2.58e-20	2.50e-10	1.00e+00
 4.80452e+12	2.94e-20	2.75e-10	1.00e+00
 4.98012e+12	3.28e-20	2.97e-10	1.00e+00
 5.17057e+12	3.67e-20	3.23e-10	1.00e+00
 5.38240e+12	4.16e-20	3.54e-10	1.00e+00
 5.58034e+12	4.64e-20	3.85e-10	1.00e+00
 5.79602e+12	5.19e-20	4.20e-10	1.00e+00
 6.03678e+12	5.87e-20	4.61e-10	1.00e+00
 6.26333e+12	6.55e-20	5.02e-10	1.00e+00
 6.51102e+12	7.34e-20	5.50e-10	1.00e+00
 6.78787e+12	8.32e-20	6.07e-10	1.00e+00
 7.04940e+12	9.31e-20	6.63e-10	1.00e+00
 7.33251e+12	1.04e-19	7.28e-10	1.00e+00
 7.64913e+12	1.18e-19	8.05e-10	1.00e+00
 7.95504e+12	1.33e-19	8.84e-10	1.00e+00
 8.27980e+12	1.49e-19	9.72e-10	1.00e+00
 8.64091e+12	1.69e-19	1.08e-09	1.00e+00
 9.00399e+12	1.91e-19	1.19e-09	1.00e+00
 9.38158e+12	2.16e-19	1.31e-09	1.00e+00
 9.74393e+12	2.42e-19	1.44e-09	1.00e+00
 1.00557e+13	2.67e-19	1.55e-09	1.00e+00
 1.03961e+13	2.96e-19	1.68e-09	1.00e+00
 1.07770e+13	3.32e-19	1.83e-09	1.00e+00
 1.11367e+13	3.69e-19	1.98e-09	1.00e+00
 1.15307e+13	4.13e-19	2.15e-09	1.00e+00
 1.19696e+13	4.68e-19	2.35e-09	1.00e+00
 1.23821e+13	5.26e-19	2.54e-09	1.00e+00
 1.28335e+13	5.96e-19	2.77e-09	1.00e+00
 1.33388e+13	6.84e-19	3.04e-09	1.00e+00
 1.38176e+13	7.78e-19	3.31e-09	1.00e+00
 1.42572e+13	8.74e-19	3.56e-09	1.00e+00
 1.47426e+13	9.92e-19	3.86e-09	1.00e+00
 1.52874e+13	1.14e-18	4.21e-09	1.00e+00
 1.58022e+13	1.30e-18	4.55e-09	1.00e+00
 1.63643e+13	1.49e-18	4.94e-09	1.00e+00
 1.69854e+13	1.74e-18	5.40e-09	1.00e+00
 1.75599e+13	1.99e-18	5.84e-09	1.00e+00
 1.81836e+13	2.30e-18	6.34e-09	1.00e+00
 1.88813e+13	2.70e-18	6.93e-09	1.00e+00
 1.95396e+13	3.13e-18	7.50e-09	1.00e+00
 2.02600e+13	3.65e-18	8.16e-09	1.00e+00
 2.10634e+13	4.32e-18	8.94e-09	1.00e+00
 2.18203e+13	5.03e-18	9.70e-09	1.00e+00
 2.26394e+13	5.90e-18	1.06e-08	1.00e+00
 2.35749e+13	7.05e-18	1.16e-08	1.00e+00
 2.44894e+13	8.32e-18	1.26e-08	1.00e+00
 2.54405e+13	9.82e-18	1.38e-08	1.00e+00
 2.64880e+13	1.17e-17	1.51e-08	1.00e+00
 2.75488e+13	1.39e-17	1.65e-08	1.00e+00
 2.86521e+13	1.65e-17	1.80e-08	1.00e+00
 2.98281e+13	1.97e-17	1.97e-08	1.00e+00
 3.09407e+13	2.31e-17	2.13e-08	1.00e+00
 3.19446e+13	2.64e-17	2.29e-08	1.00e+00
 3.28945e+13	3.00e-17	2.44e-08	1.00e+00
 3.39508e+13	3.44e-17	2.61e-08	1.00e+00
 3.51335e+13	3.98e-17	2.81e-08	1.00e+00
 3.62564e+13	4.55e-17	3.01e-08	1.00e+00
 3.74917e+13	5.25e-17	3.24e-08	1.00e+00
 3.88733e+13	6.12e-17	3.50e-08	1.00e+00
 4.01871e+13	7.05e-17	3.76e-08	1.00e+00
 4.14108e+13	8.00e-17	4.00e-08	1.00e+00
 4.27752e+13	9.16e-17	4.29e-08	1.00e+00
 4.43109e+13	1.06e-16	4.61e-08	1.00e+00
 4.57740e+13	1.21e-16	4.94e-08	1.00e+00
 4.73807e+13	1.40e-16	5.31e-08	1.00e+00
 4.91535e+13	1.63e-16	5.73e-08	1.00e+00
 5.07972e+13	1.87e-16	6.13e-08	1.00e+00
 5.25887e+13	2.15e-16	6.58e-08	1.00e+00
 5.46066e+13	2.51e-16	7.12e-08	1.00e+00
 5.65163e+13	2.88e-16	7.63e-08	1.00e+00
 5.85843e+13	3.33e-16	8.20e-08	1.00e+00
 6.09097e+13	3.89e-16	8.88e-08	1.00e+00
 6.31517e+13	4.50e-16	9.54e-08	1.00e+00
 6.55312e+13	5.21e-16	1.03e-07	1.00e+00
 6.81823e+13	6.10e-16	1.11e-07	1.00e+00
 7.08441e+13	7.10e-16	1.20e-07	1.00e+00
 7.36122e+13	8.26e-16	1.30e-07	1.00e+00
 7.65867e+13	9.65e-16	1.40e-07	1.00e+00
 7.96800e+13	1.13e-15	1.52e-07	1.00e+00
 8.28972e+13	1.32e-15	1.64e-07	1.00e+00
 8.60458e+13	1.52e-15	1.76e-07	1.00e+00
 8.90571e+13	1.74e-15	1.89e-07	1.00e+00
 9.18914e+13	1.97e-15	2.01e-07	1.00e+00
 9.45481e+13	2.20e-15	2.12e-07	1.00e+00
 9.75958e+13	2.49e-15	2.26e-07	1.00e+00
 1.01320e+14	2.87e-15	2.43e-07	1.00e+00
 1.05078e+14	3.32e-15	2.62e-07	1.00e+00
 1.08425e+14	3.75e-15	2.78e-07	1.00e+00
 1.12082e+14	4.27e-15	2.97e-07	1.00e+00
 1.16448e+14	4.96e-15	3.21e-07	1.00e+00
 1.20875e+14	5.73e-15	3.45e-07	1.00e+00
 1.25107e+14	6.58e-15	3.70e-07	1.00e+00
 1.29769e+14	7.57e-15	3.98e-07	1.00e+00
 1.34990e+14	8.85e-15	4.31e-07	1.00e+00
 1.40278e+14	1.03e-14	4.65e-07	1.00e+00
 1.45121e+14	1.18e-14	4.98e-07	1.00e+00
 1.49489e+14	1.32e-14	5.28e-07	1.00e+00
 1.54436e+14	1.50e-14	5.65e-07	1.00e+00
 1.60392e+14	1.74e-14	6.09e-07	1.00e+00
 1.66336e+14	2.02e-14	6.56e-07	1.00e+00
 1.71679e+14	2.27e-14	6.99e-07	1.00e+00
 1.77567e+14	2.60e-14	7.49e-07	1.00e+00
 1.84528e+14	3.03e-14	8.10e-07	1.00e+00
 1.91408e+14	3.49e-14	8.72e-07	1.00e+00
 1.97759e+14	3.96e-14	9.31e-07	1.00e+00
 2.04894e+14	4.56e-14	1.00e-06	1.00e+00
 2.13120e+14	5.31e-14	1.08e-06	1.00e+00
 2.21170e+14	6.15e-14	1.17e-06	1.00e+00
 2.28855e+14	7.01e-14	1.25e-06	1.00e+00
 2.37352e+14	8.07e-14	1.35e-06	1.00e+00
 2.46877e+14	9.39e-14	1.46e-06	1.00e+00
 2.56019e+14	1.08e-13	1.57e-06	1.00e+00
 2.64524e+14	1.22e-13	1.68e-06	1.00e+00
 2.74133e+14	1.40e-13	1.81e-06	1.00e+00
 2.85128e+14	1.63e-13	1.96e-06	1.00e+00
 2.95581e+14	1.86e-13	2.11e-06	1.00e+00
 3.05152e+14	2.10e-13	2.25e-06	1.00e+00
 3.14231e+14	2.34e-13	2.39e-06	1.00e+00
 3.24250e+14	2.64e-13	2.54e-06	1.00e+00
 3.35405e+14	2.99e-13	2.72e-06	1.00e+00
 3.45924e+14	3.35e-13	2.90e-06	1.00e+00
 3.57486e+14	3.79e-13	3.10e-06	1.00e+00
 3.70439e+14	4.32e-13	3.33e-06	1.00e+00
 3.82622e+14	4.86e-13	3.56e-06	1.00e+00
 3.94136e+14	5.42e-13	3.77e-06	1.00e+00
 4.07357e+14	6.11e-13	4.04e-06	1.00e+00
 4.22209e+14	6.97e-13	4.34e-06	1.00e+00
 4.36297e+14	7.84e-13	4.64e-06	1.00e+00
 4.51727e+14	8.90e-13	4.98e-06	1.00e+00
 4.68799e+14	1.02e-12	5.38e-06	1.00e+00
 4.84570e+14	1.15e-12	5.75e-06	1.00e+00
 5.01636e+14	1.30e-12	6.17e-06	1.00e+00
 5.20799e+14	1.48e-12	6.67e-06	1.00e+00
 5.38920e+14	1.68e-12	7.15e-06	1.00e+00
 5.58490e+14	1.91e-12	7.70e-06	1.00e+00
 5.80185e+14	2.18e-12	8.33e-06	1.00e+00
 6.00903e+14	2.47e-12	8.97e-06	1.00e+00
 6.23125e+14	2.81e-12	9.66e-06	1.00e+00
 6.48079e+14	3.24e-12	1.05e-05	1.00e+00
 6.72753e+14	3.70e-12	1.13e-05	1.00e+00
 6.98413e+14	4.22e-12	1.23e-05	1.00e+00
 7.25654e+14	4.85e-12	1.33e-05	1.00e+00
 7.52560e+14	5.53e-12	1.44e-05	1.00e+00
 7.75733e+14	6.17e-12	1.54e-05	1.00e+00
 7.94554e+14	6.73e-12	1.62e-05	1.00e+00
 8.15305e+14	7.38e-12	1.71e-05	1.00e+00
 8.42282e+14	8.31e-12	1.84e-05	1.00e+00
 8.70983e+14	9.40e-12	1.98e-05	1.00e+00
 8.96176e+14	1.04e-11	2.10e-05	1.00e+00
 9.23177e+14	1.17e-11	2.25e-05	1.00e+00
 9.57221e+14	1.33e-11	2.43e-05	1.00e+00
 9.92082e+14	1.52e-11	2.63e-05	1.00e+00
 1.02219e+15	1.70e-11	2.81e-05	1.00e+00
 1.05446e+15	1.90e-11	3.01e-05	1.00e+00
 1.09417e+15	2.19e-11	3.28e-05	1.00e+00
 1.13416e+15	2.49e-11	3.55e-05	1.00e+00
 1.16935e+15	2.80e-11	3.80e-05	1.00e+00
 1.20766e+15	3.16e-11	4.09e-05	1.00e+00
 1.25392e+15	3.66e-11	4.46e-05	1.00e+00
 1.29982e+15	4.17e-11	4.83e-05	1.00e+00
 1.34080e+15	4.72e-11	5.19e-05	1.00e+00
 1.38609e+15	5.32e-11	5.58e-05	1.00e+00
 1.43993e+15	6.21e-11	6.09e-05	1.00e+00
 1.49315e+15	7.13e-11	6.62e-05	1.00e+00
 1.54183e+15	8.01e-11	7.11e-05	1.00e+00
 1.59635e+15	9.22e-11	7.70e-05	1.00e+00
 1.65973e+15	1.07e-10	8.42e-05	1.00e+00
 1.72204e+15	1.22e-10	9.13e-05	1.00e+00
 1.78685e+15	1.43e-10	9.94e-05	1.00e+00
 1.85835e+15	1.67e-10	1.09e-04	1.00e+00
 1.91846e+15	1.88e-10	1.17e-04	1.00e+00
 1.96209e+15	2.05e-10	1.23e-04	1.00e+00
 2.00803e+15	2.25e-10	1.29e-04	1.00e+00
 2.06775e+15	2.52e-10	1.38e-04	1.00e+00
 2.13362e+15	2.82e-10	1.48e-04	1.00e+00
 2.19492e+15	3.19e-10	1.58e-04	1.00e+00
 2.26208e+15	3.59e-10	1.69e-04	1.00e+00
 2.33734e+15	4.03e-10	1.82e-04	1.00e+00
 2.40882e+15	4.55e-10	1.95e-04	1.00e+00
 2.48742e+15	5.21e-10	2.10e-04	1.00e+00
 2.57504e+15	5.90e-10	2.26e-04	1.00e+00
 2.65830e+15	6.70e-10	2.43e-04	1.00e+00
 2.75044e+15	7.67e-10	2.62e-04	1.00e+00
 2.85344e+15	8.99e-10	2.85e-04	1.00e+00
 2.94992e+15	1.02e-09	3.07e-04	1.00e+00
 3.05470e+15	1.16e-09	3.32e-04	1.00e+00
 3.17184e+15	1.37e-09	3.61e-04	1.00e+00
 3.28175e+15	1.57e-09	3.89e-04	1.00e+00
 3.40043e+15	1.79e-09	4.21e-04	1.00e+00
 3.53340e+15	2.12e-09	4.58e-04	1.00e+00
 3.66032e+15	2.45e-09	4.95e-04	1.00e+00
 3.79541e+15	2.82e-09	5.36e-04	9.99e-01
 3.94725e+15	3.26e-09	5.85e-04	9.99e-01
 4.09787e+15	3.87e-09	6.36e-04	9.99e-01
 4.25451e+15	4.51e-09	6.90e-04	9.99e-01
 4.39590e+15	5.15e-09	7.41e-04	9.99e-01
 4.50122e+15	5.67e-09	7.81e-04	9.99e-01
 4.61015e+15	6.25e-09	8.23e-04	9.99e-01
 4.75176e+15	6.97e-09	8.79e-04	9.99e-01
 4.90675e+15	8.09e-09	9.44e-04	9.99e-01
 5.04751e+15	9.07e-09	1.00e-03	9.99e-01
 5.19885e+15	1.02e-08	1.07e-03	9.99e-01
 5.39010e+15	1.17e-08	1.16e-03	9.99e-01
 5.58310e+15	1.37e-08	1.25e-03	9.99e-01
 5.74541e+15	1.55e-08	1.33e-03	9.99e-01
 5.91794e+15	1.74e-08	1.42e-03	9.99e-01
 6.13578e+15	1.99e-08	1.54e-03	9.98e-01
 6.35880e+15	2.36e-08	1.67e-03	9.98e-01
 6.55203e+15	2.67e-08	1.78e-03	9.98e-01
 6.76025e+15	3.03e-08	1.91e-03	9.98e-01
 7.01551e+15	3.49e-08	2.07e-03	9.98e-01
 7.27031e+15	4.14e-08	2.25e-03	9.98e-01
 7.49392e+15	4.70e-08	2.41e-03	9.98e-01
 7.73861e+15	5.36e-08	2.59e-03	9.97e-01
 8.03447e+15	6.20e-08	2.82e-03	9.97e-01
 8.31906e+15	7.36e-08	3.06e-03	9.97e-01
 8.55431e+15	8.29e-08	3.26e-03	9.97e-01
 8.80322e+15	9.41e-08	3.49e-03	9.97e-01
 9.12279e+15	1.08e-07	3.80e-03	9.96e-01
 9.45564e+15	1.29e-07	4.14e-03	9.96e-01
 9.70577e+15	1.45e-07	4.41e-03	9.96e-01
 9.92699e+15	1.60e-07	4.67e-03	9.95e-01
 1.02146e+16	1.82e-07	5.02e-03	9.95e-01
 1.05211e+16	2.10e-07	5.42e-03	9.95e-01
 1.07875e+16	2.35e-07	5.77e-03	9.94e-01
 1.10694e+16	2.65e-07	6.19e-03	9.94e-01
 1.14358e+16	3.14e-07	6.78e-03	9.93e-01
 1.17976e+16	3.61e-07	7.38e-03	9.93e-01
 1.20735e+16	4.03e-07	7.88e-03	9.92e-01
 1.23521e+16	4.53e-07	8.45e-03	9.92e-01
 1.27143e+16	5.41e-07	9.26e-03	9.91e-01
 1.30796e+16	6.23e-07	1.01e-02	9.90e-01
 1.33733e+16	7.00e-07	1.09e-02	9.89e-01
 1.36379e+16	7.85e-07	1.17e-02	9.88e-01
 1.39404e+16	8.96e-07	1.26e-02	9.87e-01
 1.42691e+16	1.06e-06	1.38e-02	9.86e-01
 1.45577e+16	1.20e-06	1.50e-02	9.85e-01
 1.48161e+16	1.34e-06	1.61e-02	9.84e-01
 1.51097e+16	1.58e-06	1.76e-02	9.82e-01
 1.54179e+16	1.79e-06	1.94e-02	9.81e-01
 1.56870e+16	2.11e-06	2.12e-02	9.79e-01
 1.58985e+16	2.35e-06	2.27e-02	9.77e-01
 1.60930e+16	2.62e-06	2.44e-02	9.76e-01
 1.63458e+16	3.02e-06	2.68e-02	9.73e-01
 1.66240e+16	3.56e-06	2.98e-02	9.70e-01
 1.68711e+16	4.10e-06	3.30e-02	9.67e-01
 1.70874e+16	4.73e-06	3.64e-02	9.64e-01
 1.72960e+16	5.58e-06	4.02e-02	9.60e-01
 1.74953e+16	6.48e-06	4.44e-02	9.56e-01
 1.76844e+16	7.53e-06	4.91e-02	9.51e-01
 1.78719e+16	8.82e-06	5.47e-02	9.45e-01
 1.80539e+16	1.04e-05	6.11e-02	9.39e-01
 1.82249e+16	1.22e-05	6.84e-02	9.32e-01
 1.83842e+16	1.44e-05	7.66e-02	9.23e-01
 1.85342e+16	1.69e-05	8.58e-02	9.14e-01
 1.86766e+16	1.99e-05	9.63e-02	9.04e-01
 1.88114e+16	2.32e-05	1.08e-01	8.92e-01
 1.89418e+16	2.81e-05	1.22e-01	8.78e-01
 1.90541e+16	3.28e-05	1.37e-01	8.63e-01
 1.91480e+16	3.71e-05	1.51e-01	8.49e-01
 1.92544e+16	4.45e-05	1.71e-01	8.29e-01
 1.93609e+16	5.31e-05	1.93e-01	8.07e-01
 1.94337e+16	5.97e-05	2.11e-01	7.89e-01
 1.94845e+16	6.54e-05	2.25e-01	7.75e-01
 1.95402e+16	7.23e-05	2.42e-01	7.58e-01
 1.96127e+16	8.31e-05	2.67e-01	7.33e-01
 1.96842e+16	9.47e-05	2.94e-01	7.06e-01
 1.97403e+16	1.05e-04	3.18e-01	6.82e-01
 1.97993e+16	1.18e-04	3.46e-01	6.54e-01
 1.98631e+16	1.35e-04	3.78e-01	6.21e-01
 1.99157e+16	1.49e-04	4.07e-01	5.93e-01
 1.99669e+16	1.65e-04	4.37e-01	5.63e-01
 2.00333e+16	1.87e-04	4.78e-01	5.22e-01
 2.01016e+16	2.12e-04	5.21e-01	4.79e-01
 2.01589e+16	2.35e-04	5.59e-01	4.41e-01
 2.02197e+16	2.61e-04	5.99e-01	4.00e-01
 2.02987e+16	2.97e-04	6.51e-01	3.49e-01
 2.03801e+16	3.33e-04	7.00e-01	3.00e-01
 2.04497e+16	3.64e-04	7.39e-01	2.61e-01
 2.05255e+16	3.98e-04	7.78e-01	2.22e-01
 2.06241e+16	4.40e-04	8.21e-01	1.78e-01
 2.07356e+16	4.84e-04	8.60e-01	1.39e-01
 2.08637e+16	5.29e-04	8.95e-01	1.04e-01
 2.10304e+16	5.81e-04	9.27e-01	7.26e-02
 2.12165e+16	6.31e-04	9.50e-01	4.97e-02
 2.14279e+16	6.86e-04	9.66e-01	3.30e-02
 2.17028e+16	7.54e-04	9.79e-01	2.03e-02
 2.19782e+16	8.23e-04	9.86e-01	1.33e-02
 2.21443e+16	8.71e-04	9.88e-01	1.07e-02
 2.22204e+16	8.93e-04	9.89e-01	9.66e-03
 2.22892e+16	9.16e-04	9.90e-01	8.76e-03
 2.23787e+16	9.46e-04	9.91e-01	7.74e-03
 2.24951e+16	9.87e-04	9.92e-01	6.62e-03
 2.26244e+16	1.04e-03	9.93e-01	5.63e-03
 2.27402e+16	1.09e-03	9.94e-01	4.92e-03
 2.28401e+16	1.13e-03	9.94e-01	4.37e-03
 2.29276e+16	1.18e-03	9.95e-01	3.96e-03
 2.30051e+16	1.22e-03	9.95e-01	3.63e-03
 2.30917e+16	1.27e-03	9.95e-01	3.29e-03
 2.31846e+16	1.33e-03	9.96e-01	2.97e-03
 2.32645e+16	1.39e-03	9.96e-01	2.73e-03
 2.33342e+16	1.44e-03	9.96e-01	2.54e-03
 2.34118e+16	1.50e-03	9.96e-01	2.33e-03
 2.34959e+16	1.58e-03	9.96e-01	2.14e-03
 2.35687e+16	1.65e-03	9.96e-01	2.00e-03
 2.36313e+16	1.71e-03	9.96e-01	1.88e-03
 2.37003e+16	1.79e-03	9.96e-01	1.75e-03
 2.37759e+16	1.89e-03	9.96e-01	1.63e-03
 2.38425e+16	1.98e-03	9.96e-01	1.53e-03
 2.38995e+16	2.06e-03	9.96e-01	1.45e-03
 2.39618e+16	2.16e-03	9.96e-01	1.36e-03
 2.40298e+16	2.28e-03	9.96e-01	1.28e-03
 2.40896e+16	2.40e-03	9.96e-01	1.21e-03
 2.41414e+16	2.51e-03	9.96e-01	1.16e-03
 2.41984e+16	2.64e-03	9.96e-01	1.10e-03
 2.42609e+16	2.80e-03	9.96e-01	1.04e-03
 2.43159e+16	2.96e-03	9.96e-01	9.89e-04
 2.43633e+16	3.11e-03	9.96e-01	9.48e-04
 2.44153e+16	3.29e-03	9.96e-01	9.04e-04
 2.44726e+16	3.50e-03	9.96e-01	8.60e-04
 2.45241e+16	3.73e-03	9.95e-01	8.23e-04
 2.45697e+16	3.94e-03	9.95e-01	7.93e-04
 2.46207e+16	4.21e-03	9.95e-01	7.57e-04
 2.46766e+16	4.56e-03	9.95e-01	7.21e-04
 2.47270e+16	4.91e-03	9.94e-01	6.92e-04
 2.47727e+16	5.25e-03	9.94e-01	6.67e-04
 2.48242e+16	5.72e-03	9.94e-01	6.38e-04
 2.48804e+16	6.31e-03	9.93e-01	6.10e-04
 2.49294e+16	6.93e-03	9.92e-01	5.86e-04
 2.49706e+16	7.54e-03	9.92e-01	5.67e-04
 2.50079e+16	8.16e-03	9.91e-01	5.52e-04
 2.50435e+16	8.85e-03	9.91e-01	5.36e-04
 2.50785e+16	9.65e-03	9.90e-01	5.21e-04
 2.51122e+16	1.05e-02	9.89e-01	5.09e-04
 2.51439e+16	1.15e-02	9.88e-01	4.98e-04
 2.51739e+16	1.25e-02	9.87e-01	4.87e-04
 2.52026e+16	1.37e-02	9.86e-01	4.77e-04
 2.52302e+16	1.51e-02	9.84e-01	4.68e-04
 2.52566e+16	1.65e-02	9.83e-01	4.61e-04
 2.52820e+16	1.82e-02	9.81e-01	4.54e-04
 2.53063e+16	2.00e-02	9.80e-01	4.49e-04
 2.53301e+16	2.21e-02	9.77e-01	4.45e-04
 2.53536e+16	2.45e-02	9.75e-01	4.41e-04
 2.53761e+16	2.73e-02	9.72e-01	4.37e-04
 2.53972e+16	3.04e-02	9.69e-01	4.36e-04
 2.54175e+16	3.38e-02	9.66e-01	4.35e-04
 2.54371e+16	3.77e-02	9.62e-01	4.36e-04
 2.54560e+16	4.22e-02	9.57e-01	4.37e-04
 2.54737e+16	4.71e-02	9.52e-01	4.40e-04
 2.54902e+16	5.23e-02	9.47e-01	4.45e-04
 2.55074e+16	5.88e-02	9.41e-01	4.50e-04
 2.55246e+16	6.63e-02	9.33e-01	4.57e-04
 2.55395e+16	7.43e-02	9.25e-01	4.63e-04
 2.55528e+16	8.20e-02	9.18e-01	4.72e-04
 2.55652e+16	9.04e-02	9.09e-01	4.80e-04
 2.55770e+16	9.94e-02	9.00e-01	4.90e-04
 2.55882e+16	1.09e-01	8.90e-01	4.98e-04
 2.55986e+16	1.19e-01	8.81e-01	5.09e-04
 2.56065e+16	1.27e-01	8.72e-01	5.17e-04
 2.56116e+16	1.33e-01	8.67e-01	5.22e-04
 2.56162e+16	1.38e-01	8.61e-01	5.27e-04
 2.56216e+16	1.45e-01	8.54e-01	5.32e-04
 2.56274e+16	1.53e-01	8.47e-01	5.39e-04
 2.56330e+16	1.61e-01	8.39e-01	5.46e-04
 2.56383e+16	1.68e-01	8.31e-01	5.53e-04
 2.56436e+16	1.77e-01	8.23e-01	5.59e-04
 2.56488e+16	1.85e-01	8.14e-01	5.67e-04
 2.56540e+16	1.94e-01	8.05e-01	5.73e-04
 2.56592e+16	2.04e-01	7.95e-01	5.79e-04
 2.56642e+16	2.14e-01	7.86e-01	5.86e-04
 2.56691e+16	2.24e-01	7.76e-01	5.94e-04
 2.56741e+16	2.35e-01	7.65e-01	6.00e-04
 2.56790e+16	2.45e-01	7.54e-01	6.07e-04
 2.56838e+16	2.57e-01	7.42e-01	6.13e-04
 2.56886e+16	2.68e-01	7.31e-01	6.21e-04
 2.56933e+16	2.81e-01	7.19e-01	6.27e-04
 2.56981e+16	2.93e-01	7.06e-01	6.32e-04
 2.57026e+16	3.06e-01	6.93e-01	6.38e-04
 2.57071e+16	3.19e-01	6.80e-01	6.44e-04
 2.57116e+16	3.33e-01	6.67e-01	6.49e-04
 2.57161e+16	3.47e-01	6.53e-01	6.55e-04
 2.57205e+16	3.61e-01	6.38e-01	6.59e-04
 2.57248e+16	3.75e-01	6.24e-01	6.65e-04
 2.57291e+16	3.90e-01	6.09e-01	6.67e-04
 2.57333e+16	4.04e-01	5.95e-01	6.72e-04
 2.57375e+16	4.19e-01	5.80e-01	6.75e-04
 2.57416e+16	4.35e-01	5.64e-01	6.77e-04
 2.57456e+16	4.50e-01	5.49e-01	6.80e-04
 2.57496e+16	4.65e-01	5.34e-01	6.81e-04
 2.57536e+16	4.81e-01	5.19e-01	6.83e-04
 2.57575e+16	4.96e-01	5.03e-01	6.84e-04
 2.57612e+16	5.11e-01	4.89e-01	6.85e-04
 2.57648e+16	5.25e-01	4.74e-01	6.85e-04
 2.57684e+16	5.40e-01	4.60e-01	6.85e-04
 2.57719e+16	5.54e-01	4.45e-01	6.84e-04
 2.57754e+16	5.68e-01	4.31e-01	6.81e-04
 2.57788e+16	5.82e-01	4.17e-01	6.79e-04
 2.57821e+16	5.96e-01	4.03e-01	6.76e-04
 2.57854e+16	6.09e-01	3.90e-01	6.73e-04
 2.57886e+16	6.22e-01	3.77e-01	6.69e-04
 2.57917e+16	6.35e-01	3.64e-01	6.65e-04
 2.57948e+16	6.47e-01	3.52e-01	6.61e-04
 2.57978e+16	6.59e-01	3.40e-01	6.57e-04
 2.58008e+16	6.71e-01	3.28e-01	6.51e-04
 2.58037e+16	6.82e-01	3.17e-01	6.46e-04
 2.58066e+16	6.93e-01	3.06e-01	6.40e-04
 2.58095e+16	7.04e-01	2.95e-01	6.34e-04
 2.58123e+16	7.15e-01	2.85e-01	6.28e-04
 2.58151e+16	7.25e-01	2.74e-01	6.21e-04
 2.58179e+16	7.35e-01	2.64e-01	6.14e-04
 2.58206e+16	7.44e-01	2.55e-01	6.07e-04
 2.58233e+16	7.54e-01	2.46e-01	5.99e-04
 2.58256e+16	7.62e-01	2.38e-01	5.92e-04
 2.58274e+16	7.68e-01	2.32e-01	5.86e-04
 2.58291e+16	7.73e-01	2.26e-01	5.80e-04
 2.58308e+16	7.79e-01	2.20e-01	5.74e-04
 2.58326e+16	7.85e-01	2.14e-01	5.67e-04
 2.58344e+16	7.90e-01	2.09e-01	5.61e-04
 2.58360e+16	7.96e-01	2.04e-01	5.55e-04
 2.58376e+16	8.00e-01	1.99e-01	5.49e-04
 2.58391e+16	8.05e-01	1.94e-01	5.43e-04
 2.58407e+16	8.10e-01	1.90e-01	5.37e-04
 2.58422e+16	8.14e-01	1.86e-01	5.31e-04
 2.58436e+16	8.18e-01	1.81e-01	5.25e-04
 2.58451e+16	8.22e-01	1.77e-01	5.19e-04
 2.58465e+16	8.26e-01	1.73e-01	5.13e-04
 2.58479e+16	8.30e-01	1.70e-01	5.08e-04
 2.58492e+16	8.34e-01	1.66e-01	5.02e-04
 2.58506e+16	8.37e-01	1.62e-01	4.96e-04
 2.58519e+16	8.41e-01	1.59e-01	4.90e-04
 2.58533e+16	8.44e-01	1.55e-01	4.84e-04
 2.58546e+16	8.48e-01	1.52e-01	4.78e-04
 2.58560e+16	8.51e-01	1.49e-01	4.72e-04
 2.58574e+16	8.54e-01	1.45e-01	4.66e-04
 2.58588e+16	8.58e-01	1.42e-01	4.60e-04
 2.58603e+16	8.61e-01	1.38e-01	4.53e-04
 2.58618e+16	8.65e-01	1.35e-01	4.47e-04
 2.58634e+16	8.68e-01	1.31e-01	4.39e-04
 2.58652e+16	8.72e-01	1.27e-01	4.31e-04
 2.58672e+16	8.76e-01	1.23e-01	4.22e-04
 2.58694e+16	8.81e-01	1.19e-01	4.12e-04
 2.58717e+16	8.86e-01	1.14e-01	4.01e-04
 2.58739e+16	8.90e-01	1.10e-01	3.91e-04
 2.58759e+16	8.93e-01	1.06e-01	3.82e-04
 2.58779e+16	8.97e-01	1.03e-01	3.72e-04
 2.58797e+16	9.00e-01	9.93e-02	3.62e-04
 2.58815e+16	9.03e-01	9.63e-02	3.54e-04
 2.58830e+16	9.06e-01	9.37e-02	3.46e-04
 2.58844e+16	9.08e-01	9.13e-02	3.38e-04
 2.58857e+16	9.10e-01	8.93e-02	3.32e-04
 2.58869e+16	9.12e-01	8.74e-02	3.26e-04
 2.58880e+16	9.14e-01	8.56e-02	3.20e-04
 2.58891e+16	9.16e-01	8.38e-02	3.14e-04
 2.58904e+16	9.18e-01	8.19e-02	3.07e-04
 2.58915e+16	9.19e-01	8.02e-02	3.02e-04
 2.58926e+16	9.21e-01	7.87e-02	2.96e-04
 2.58935e+16	9.22e-01	7.73e-02	2.91e-04
 2.58946e+16	9.24e-01	7.58e-02	2.86e-04
 2.58957e+16	9.25e-01	7.43e-02	2.81e-04
 2.58967e+16	9.27e-01	7.29e-02	2.75e-04
 2.58977e+16	9.28e-01	7.16e-02	2.70e-04
 2.58987e+16	9.30e-01	7.02e-02	2.65e-04
 2.58998e+16	9.31e-01	6.88e-02	2.60e-04
 2.59008e+16	9.32e-01	6.75e-02	2.55e-04
 2.59017e+16	9.33e-01	6.64e-02	2.51e-04
 2.59025e+16	9.34e-01	6.53e-02	2.46e-04
 2.59034e+16	9.36e-01	6.42e-02	2.42e-04
 2.59044e+16	9.37e-01	6.30e-02	2.37e-04
 2.59053e+16	9.38e-01	6.19e-02	2.33e-04
 2.59061e+16	9.39e-01	6.09e-02	2.29e-04
 2.59069e+16	9.40e-01	6.01e-02	2.26e-04
 2.59077e+16	9.41e-01	5.91e-02	2.22e-04
 2.59086e+16	9.42e-01	5.81e-02	2.18e-04
 2.59094e+16	9.43e-01	5.73e-02	2.14e-04
 2.59101e+16	9.43e-01	5.64e-02	2.11e-04
 2.59109e+16	9.44e-01	5.56e-02	2.07e-04
 2.59117e+16	9.45e-01	5.47e-02	2.03e-04
 2.59125e+16	9.46e-01	5.38e-02	2.00e-04
 2.59132e+16	9.47e-01	5.31e-02	1.97e-04
 2.59140e+16	9.48e-01	5.23e-02	1.93e-04
 2.59148e+16	9.48e-01	5.15e-02	1.90e-04
 2.59156e+16	9.49e-01	5.07e-02	1.87e-04
 2.59163e+16	9.50e-01	5.01e-02	1.84e-04
 2.59171e+16	9.51e-01	4.93e-02	1.81e-04
 2.59179e+16	9.51e-01	4.86e-02	1.78e-04
 2.59186e+16	9.52e-01	4.79e-02	1.75e-04
 2.59195e+16	9.53e-01	4.71e-02	1.71e-04
 2.59204e+16	9.53e-01	4.64e-02	1.68e-04
 2.59212e+16	9.54e-01	4.57e-02	1.65e-04
 2.59219e+16	9.55e-01	4.51e-02	1.63e-04
 2.59227e+16	9.55e-01	4.44e-02	1.60e-04
 2.59236e+16	9.56e-01	4.37e-02	1.57e-04
 2.59244e+16	9.57e-01	4.31e-02	1.55e-04
 2.59252e+16	9.57e-01	4.24e-02	1.52e-04
 2.59262e+16	9.58e-01	4.17e-02	1.49e-04
 2.59270e+16	9.59e-01	4.11e-02	1.47e-04
 2.59279e+16	9.59e-01	4.05e-02	1.44e-04
 2.59289e+16	9.60e-01	3.98e-02	1.41e-04
 2.59299e+16	9.61e-01	3.92e-02	1.39e-04
 2.59309e+16	9.61e-01	3.86e-02	1.36e-04
 2.59320e+16	9.62e-01	3.79e-02	1.33e-04
 2.59329e+16	9.63e-01	3.74e-02	1.31e-04
 2.59340e+16	9.63e-01	3.67e-02	1.29e-04
 2.59352e+16	9.64e-01	3.61e-02	1.26e-04
 2.59362e+16	9.64e-01	3.55e-02	1.24e-04
 2.59374e+16	9.65e-01	3.49e-02	1.21e-04
 2.59387e+16	9.66e-01	3.43e-02	1.19e-04
 2.59398e+16	9.66e-01	3.38e-02	1.17e-04
 2.59411e+16	9.67e-01	3.32e-02	1.14e-04
 2.59424e+16	9.67e-01	3.26e-02	1.12e-04
 2.59436e+16	9.68e-01	3.21e-02	1.10e-04
 2.59450e+16	9.68e-01	3.15e-02	1.08e-04
 2.59465e+16	9.69e-01	3.09e-02	1.06e-04
 2.59478e+16	9.69e-01	3.05e-02	1.04e-04
 2.59492e+16	9.70e-01	2.99e-02	1.02e-04
 2.59508e+16	9.70e-01	2.94e-02	9.97e-05
 2.59522e+16	9.71e-01	2.90e-02	9.80e-05
 2.59538e+16	9.71e-01	2.85e-02	9.60e-05
 2.59558e+16	9.72e-01	2.78e-02	9.36e-05
 2.59580e+16	9.73e-01	2.73e-02	9.15e-05
 2.59600e+16	9.73e-01	2.68e-02	8.96e-05
 2.59618e+16	9.74e-01	2.64e-02	8.79e-05
 2.59638e+16	9.74e-01	2.59e-02	8.60e-05
 2.59664e+16	9.75e-01	2.53e-02	8.39e-05
 2.59692e+16	9.75e-01	2.48e-02	8.20e-05
 2.59717e+16	9.76e-01	2.44e-02	8.03e-05
 2.59745e+16	9.76e-01	2.39e-02	7.83e-05
 2.59775e+16	9.76e-01	2.34e-02	7.67e-05
 2.59803e+16	9.77e-01	2.31e-02	7.52e-05
 2.59833e+16	9.77e-01	2.27e-02	7.36e-05
 2.59872e+16	9.78e-01	2.22e-02	7.18e-05
 2.59914e+16	9.78e-01	2.18e-02	7.03e-05
 2.59952e+16	9.78e-01	2.14e-02	6.89e-05
 2.59994e+16	9.79e-01	2.11e-02	6.74e-05
 2.60048e+16	9.79e-01	2.07e-02	6.58e-05
 2.60107e+16	9.80e-01	2.03e-02	6.44e-05
 2.60161e+16	9.80e-01	2.00e-02	6.32e-05
 2.60220e+16	9.80e-01	1.97e-02	6.18e-05
 2.60296e+16	9.81e-01	1.94e-02	6.05e-05
 2.60395e+16	9.81e-01	1.91e-02	5.90e-05
 2.60502e+16	9.81e-01	1.88e-02	5.76e-05
 2.60620e+16	9.81e-01	1.84e-02	5.61e-05
 2.60772e+16	9.82e-01	1.81e-02	5.43e-05
 2.60937e+16	9.82e-01	1.78e-02	5.28e-05
 2.61118e+16	9.82e-01	1.75e-02	5.11e-05
 2.61353e+16	9.83e-01	1.71e-02	4.91e-05
 2.61606e+16	9.83e-01	1.67e-02	4.72e-05
 2.61837e+16	9.84e-01	1.64e-02	4.55e-05
 2.62089e+16	9.84e-01	1.61e-02	4.37e-05
 2.62362e+16	9.84e-01	1.58e-02	4.20e-05
 2.62610e+16	9.85e-01	1.55e-02	4.05e-05
 2.62882e+16	9.85e-01	1.51e-02	3.88e-05
 2.63176e+16	9.85e-01	1.48e-02	3.72e-05
 2.63443e+16	9.85e-01	1.45e-02	3.58e-05
 2.63736e+16	9.86e-01	1.42e-02	3.42e-05
 2.64052e+16	9.86e-01	1.38e-02	3.27e-05
 2.64340e+16	9.86e-01	1.36e-02	3.14e-05
 2.64655e+16	9.87e-01	1.32e-02	3.00e-05
 2.64996e+16	9.87e-01	1.29e-02	2.86e-05
 2.65306e+16	9.87e-01	1.26e-02	2.74e-05
 2.65645e+16	9.88e-01	1.23e-02	2.61e-05
 2.66011e+16	9.88e-01	1.20e-02	2.49e-05
 2.66345e+16	9.88e-01	1.17e-02	2.38e-05
 2.66710e+16	9.89e-01	1.14e-02	2.26e-05
 2.67105e+16	9.89e-01	1.11e-02	2.15e-05
 2.67464e+16	9.89e-01	1.09e-02	2.05e-05
 2.67857e+16	9.89e-01	1.06e-02	1.95e-05
 2.68282e+16	9.90e-01	1.03e-02	1.85e-05
 2.68668e+16	9.90e-01	1.01e-02	1.76e-05
 2.69091e+16	9.90e-01	9.78e-03	1.67e-05
 2.69549e+16	9.90e-01	9.50e-03	1.58e-05
 2.69965e+16	9.91e-01	9.26e-03	1.50e-05
 2.70420e+16	9.91e-01	9.00e-03	1.42e-05
 2.70913e+16	9.91e-01	8.73e-03	1.34e-05
 2.71360e+16	9.91e-01	8.50e-03	1.27e-05
 2.71851e+16	9.92e-01	8.25e-03	1.19e-05
 2.72489e+16	9.92e-01	7.93e-03	1.11e-05
 2.73221e+16	9.92e-01	7.59e-03	1.02e-05
 2.73960e+16	9.93e-01	7.28e-03	9.35e-06
 2.74709e+16	9.93e-01	6.97e-03	8.60e-06
 2.75490e+16	9.93e-01	6.67e-03	7.88e-06
 2.76305e+16	9.94e-01	6.38e-03	7.21e-06
 2.77149e+16	9.94e-01	6.09e-03	6.59e-06
 2.78023e+16	9.94e-01	5.81e-03	6.01e-06
 2.78929e+16	9.94e-01	5.54e-03	5.46e-06
 2.79858e+16	9.95e-01	5.28e-03	4.97e-06
 2.80802e+16	9.95e-01	5.03e-03	4.51e-06
 2.81763e+16	9.95e-01	4.79e-03	4.10e-06
 2.82743e+16	9.95e-01	4.56e-03	3.72e-06
 2.83743e+16	9.96e-01	4.34e-03	3.37e-06
 2.84761e+16	9.96e-01	4.13e-03	3.06e-06
 2.85798e+16	9.96e-01	3.93e-03	2.77e-06
 2.86855e+16	9.96e-01	3.74e-03	2.51e-06
 2.87917e+16	9.96e-01	3.56e-03	2.27e-06
 2.88995e+16	9.97e-01	3.38e-03	2.06e-06
 2.90111e+16	9.97e-01	3.21e-03	1.86e-06
 2.91255e+16	9.97e-01	3.05e-03	1.68e-06
 2.92417e+16	9.97e-01	2.90e-03	1.51e-06
 2.93599e+16	9.97e-01	2.75e-03	1.36e-06
 2.94805e+16	9.97e-01	2.61e-03	1.22e-06
 2.96034e+16	9.98e-01	2.47e-03	1.10e-06
 2.97287e+16	9.98e-01	2.34e-03	9.89e-07
 2.98564e+16	9.98e-01	2.22e-03	8.87e-07
 2.99868e+16	9.98e-01	2.10e-03	7.94e-07
 3.01198e+16	9.98e-01	1.98e-03	7.11e-07
 3.02557e+16	9.98e-01	1.88e-03	6.35e-07
 3.03945e+16	9.98e-01	1.77e-03	5.67e-07
 3.05362e+16	9.98e-01	1.67e-03	5.05e-07
 3.06810e+16	9.98e-01	1.58e-03	4.49e-07
 3.08290e+16	9.99e-01	1.49e-03	3.99e-07
 3.09804e+16	9.99e-01	1.40e-03	3.54e-07
 3.11354e+16	9.99e-01	1.32e-03	3.13e-07
 3.12941e+16	9.99e-01	1.24e-03	2.77e-07
 3.14567e+16	9.99e-01	1.16e-03	2.43e-07
 3.16233e+16	9.99e-01	1.09e-03	2.14e-07
 3.17943e+16	9.99e-01	1.02e-03	1.88e-07
 3.19701e+16	9.99e-01	9.58e-04	1.65e-07
 3.21508e+16	9.99e-01	8.95e-04	1.44e-07
 3.23367e+16	9.99e-01	8.36e-04	1.25e-07
 3.25282e+16	9.99e-01	7.80e-04	1.09e-07
 3.27217e+16	9.99e-01	7.27e-04	9.44e-08
 3.29205e+16	9.99e-01	6.77e-04	8.16e-08
 3.31312e+16	9.99e-01	6.28e-04	7.00e-08
 3.33513e+16	9.99e-01	5.81e-04	5.97e-08
 3.35786e+16	9.99e-01	5.36e-04	5.07e-08
 3.38139e+16	1.00e+00	4.94e-04	4.29e-08
 3.40594e+16	1.00e+00	4.54e-04	3.61e-08
 3.43163e+16	1.00e+00	4.15e-04	3.01e-08
 3.45862e+16	1.00e+00	3.79e-04	2.49e-08
 3.48702e+16	1.00e+00	3.44e-04	2.05e-08
 3.51690e+16	1.00e+00	3.11e-04	1.67e-08
 3.54871e+16	1.00e+00	2.80e-04	1.34e-08
 3.58266e+16	1.00e+00	2.50e-04	1.06e-08
 3.61882e+16	1.00e+00	2.22e-04	8.32e-09
 3.65769e+16	1.00e+00	1.96e-04	6.41e-09
 3.69993e+16	1.00e+00	1.71e-04	4.83e-09
 3.74628e+16	1.00e+00	1.47e-04	3.55e-09
 3.79764e+16	1.00e+00	1.24e-04	2.52e-09
 3.85707e+16	1.00e+00	1.03e-04	1.71e-09
 3.92244e+16	1.00e+00	8.36e-05	1.12e-09
 3.99438e+16	1.00e+00	6.64e-05	7.04e-10
 4.07531e+16	1.00e+00	5.14e-05	4.21e-10
 4.15910e+16	1.00e+00	3.96e-05	2.50e-10
 4.24242e+16	1.00e+00	3.05e-05	1.49e-10
 4.32622e+16	1.00e+00	2.36e-05	8.96e-11
 4.41231e+16	1.00e+00	1.81e-05	5.34e-11
 4.50150e+16	1.00e+00	1.38e-05	3.14e-11
 4.59353e+16	1.00e+00	1.05e-05	1.84e-11
 4.68878e+16	1.00e+00	7.95e-06	1.07e-11
 4.78828e+16	1.00e+00	5.97e-06	6.10e-12
 4.89217e+16	1.00e+00	4.46e-06	3.44e-12
 5.00074e+16	1.00e+00	3.31e-06	1.92e-12
 5.11485e+16	1.00e+00	2.43e-06	1.05e-12
 5.23571e+16	1.00e+00	1.77e-06	5.65e-13
 5.36461e+16	1.00e+00	1.27e-06	2.96e-13
 5.50254e+16	1.00e+00	9.02e-07	1.50e-13
 5.65082e+16	1.00e+00	6.29e-07	7.41e-14
 5.80605e+16	1.00e+00	4.37e-07	3.62e-14
 5.96266e+16	1.00e+00	3.06e-07	1.79e-14
 6.11926e+16	1.00e+00	2.17e-07	9.04e-15
 6.27587e+16	1.00e+00	1.55e-07	4.64e-15
 6.43247e+16	1.00e+00	1.11e-07	2.42e-15
 6.58908e+16	1.00e+00	8.09e-08	1.29e-15
 6.74568e+16	1.00e+00	5.92e-08	6.93e-16
 6.90228e+16	1.00e+00	4.37e-08	3.79e-16
 7.05889e+16	1.00e+00	3.25e-08	2.10e-16
 7.21549e+16	1.00e+00	2.43e-08	1.18e-16
 7.37210e+16	1.00e+00	1.83e-08	6.71e-17
 7.55219e+16	1.00e+00	1.32e-08	3.50e-17
 7.75884e+16	1.00e+00	9.24e-09	1.72e-17
 7.96857e+16	1.00e+00	6.51e-09	8.58e-18
 8.19341e+16	1.00e+00	4.50e-09	4.10e-18
 8.43691e+16	1.00e+00	3.06e-09	1.91e-18
 8.68392e+16	1.00e+00	2.10e-09	9.00e-19
 8.93093e+16	1.00e+00	1.46e-09	4.34e-19
 9.18856e+16	1.00e+00	1.00e-09	2.06e-19
 9.46072e+16	1.00e+00	6.84e-10	9.60e-20
 9.74087e+16	1.00e+00	4.67e-10	4.48e-20
 1.00251e+17	1.00e+00	3.21e-10	2.12e-20
 1.03093e+17	1.00e+00	2.23e-10	1.02e-20
 1.05935e+17	1.00e+00	1.56e-10	5.02e-21
 1.08777e+17	1.00e+00	1.10e-10	0.00e+00
 1.11619e+17	1.00e+00	7.87e-11	0.00e+00
 1.14461e+17	1.00e+00	5.66e-11	0.00e+00
 1.17303e+17	1.00e+00	4.11e-11	0.00e+00
 1.20145e+17	1.00e+00	3.00e-11	0.00e+00
 1.23131e+17	1.00e+00	2.17e-11	0.00e+00
 1.26261e+17	1.00e+00	1.57e-11	0.00e+00
 1.29390e+17	1.00e+00	1.15e-11	0.00e+00
 1.32520e+17	1.00e+00	8.46e-12	0.00e+00
 1.35650e+17	1.00e+00	6.33e-12	0.00e+00
 1.38780e+17	1.00e+00	4.79e-12	0.00e+00
 1.41910e+17	1.00e+00	3.68e-12	0.00e+00
 1.45040e+17	1.00e+00	2.88e-12	0.00e+00
 1.48281e+17	1.00e+00	2.27e-12	0.00e+00
 1.51657e+17	1.00e+00	1.80e-12	0.00e+00
 1.54975e+17	1.00e+00	1.47e-12	0.00e+00
 1.58115e+17	1.00e+00	1.25e-12	0.00e+00
 1.61087e+17	1.00e+00	1.09e-12	0.00e+00
 1.63937e+17	1.00e+00	9.72e-13	0.00e+00
 1.66691e+17	1.00e+00	8.85e-13	0.00e+00
 1.69336e+17	1.00e+00	8.20e-13	0.00e+00
 1.71852e+17	1.00e+00	7.71e-13	0.00e+00
 1.74232e+17	1.00e+00	7.35e-13	0.00e+00
 1.76484e+17	1.00e+00	7.08e-13	0.00e+00
 1.78621e+17	1.00e+00	6.88e-13	0.00e+00
 1.80650e+17	1.00e+00	6.71e-13	0.00e+00
 1.82575e+17	1.00e+00	6.59e-13	0.00e+00
 1.84395e+17	1.00e+00	6.49e-13	0.00e+00
 1.86115e+17	1.00e+00	6.42e-13	0.00e+00
 1.87741e+17	1.00e+00	6.36e-13	0.00e+00
 1.89280e+17	1.00e+00	6.31e-13	0.00e+00
 1.90737e+17	1.00e+00	6.27e-13	0.00e+00
 1.92117e+17	1.00e+00	6.25e-13	0.00e+00
 1.93424e+17	1.00e+00	6.22e-13	0.00e+00
 1.94660e+17	1.00e+00	6.20e-13	0.00e+00
 1.95831e+17	1.00e+00	6.19e-13	0.00e+00
 1.96941e+17	1.00e+00	6.18e-13	0.00e+00
 1.97992e+17	1.00e+00	6.17e-13	0.00e+00
 1.98989e+17	1.00e+00	6.16e-13	0.00e+00
 1.99935e+17	1.00e+00	6.16e-13	0.00e+00
 2.00832e+17	1.00e+00	6.16e-13	0.00e+00
 2.01685e+17	1.00e+00	6.15e-13	0.00e+00
 2.02493e+17	1.00e+00	6.15e-13	0.00e+00
 2.03262e+17	1.00e+00	6.15e-13	0.00e+00
 2.03992e+17	1.00e+00	6.15e-13	0.00e+00
 2.04687e+17	1.00e+00	6.15e-13	0.00e+00
 2.05349e+17	1.00e+00	6.15e-13	0.00e+00
 2.05978e+17	1.00e+00	6.15e-13	0.00e+00
 2.06578e+17	1.00e+00	6.15e-13	0.00e+00
 2.07149e+17	1.00e+00	6.15e-13	0.00e+00
 2.07695e+17	1.00e+00	6.15e-13	0.00e+00
 2.08215e+17	1.00e+00	6.15e-13	0.00e+00
 2.08713e+17	1.00e+00	6.15e-13	0.00e+00
 2.09189e+17	1.00e+00	6.15e-13	0.00e+00
 2.09644e+17	1.00e+00	6.15e-13	0.00e+00
 2.10080e+17	1.00e+00	6.15e-13	0.00e+00
 2.10499e+17	1.00e+00	6.15e-13	0.00e+00
 2.10901e+17	1.00e+00	6.15e-13	0.00e+00
 2.11287e+17	1.00e+00	6.15e-13	0.00e+00
 2.11660e+17	1.00e+00	6.15e-13	0.00e+00
 2.12019e+17	1.00e+00	6.15e-13	0.00e+00
 2.12367e+17	1.00e+00	6.15e-13	0.00e+00
 2.12703e+17	1.00e+00	6.15e-13	0.00e+00
 2.13030e+17	1.00e+00	6.15e-13	0.00e+00
 2.13348e+17	1.00e+00	6.15e-13	0.00e+00
 2.13659e+17	1.00e+00	6.15e-13	0.00e+00
 2.13963e+17	1.00e+00	6.14e-13	0.00e+00
 2.14262e+17	1.00e+00	6.14e-13	0.00e+00
 2.14557e+17	1.00e+00	6.14e-13	0.00e+00
 2.14850e+17	1.00e+00	6.14e-13	0.00e+00
 2.15141e+17	1.00e+00	6.14e-13	0.00e+00
 2.15433e+17	1.00e+00	6.14e-13	0.00e+00
 2.15727e+17	1.00e+00	6.14e-13	0.00e+00
 2.16026e+17	1.00e+00	6.13e-13	0.00e+00
 2.16332e+17	1.00e+00	6.13e-13	0.00e+00
 2.16648e+17	1.00e+00	6.13e-13	0.00e+00
 2.16978e+17	1.00e+00	6.12e-13	0.00e+00
 2.17326e+17	1.00e+00	6.12e-13	0.00e+00
 2.17700e+17	1.00e+00	6.11e-13	0.00e+00
 2.18108e+17	1.00e+00	6.10e-13	0.00e+00
 2.18560e+17	1.00e+00	6.09e-13	0.00e+00
 2.19072e+17	1.00e+00	6.07e-13	0.00e+00
 2.19668e+17	1.00e+00	6.05e-13	0.00e+00
 2.20380e+17	1.00e+00	6.02e-13	0.00e+00
 2.21260e+17	1.00e+00	5.98e-13	0.00e+00
 2.22386e+17	1.00e+00	5.91e-13	0.00e+00
 2.23850e+17	1.00e+00	5.80e-13	0.00e+00
 2.25753e+17	1.00e+00	5.63e-13	0.00e+00
 2.28226e+17	1.00e+00	5.39e-13	0.00e+00
 2.31442e+17	1.00e+00	5.04e-13	0.00e+00
 2.35623e+17	1.00e+00	4.59e-13	0.00e+00
 2.41058e+17	1.00e+00	4.02e-13	0.00e+00
 2.48124e+17	1.00e+00	3.36e-13	0.00e+00
 2.57160e+17	1.00e+00	2.62e-13	0.00e+00
 2.67447e+17	1.00e+00	1.94e-13	0.00e+00
 2.78144e+17	1.00e+00	1.71e-13	0.00e+00
 2.89270e+17	1.00e+00	1.54e-13	0.00e+00
 3.00841e+17	1.00e+00	1.38e-13	0.00e+00
 3.12875e+17	1.00e+00	1.23e-13	0.00e+00
 3.25390e+17	1.00e+00	1.09e-13	0.00e+00
 3.38405e+17	1.00e+00	9.53e-14	0.00e+00
 3.51942e+17	1.00e+00	8.25e-14	0.00e+00
 3.66019e+17	1.00e+00	7.04e-14	0.00e+00
 3.79775e+17	1.00e+00	5.92e-14	0.00e+00
 3.92011e+17	1.00e+00	6.10e-14	0.00e+00
 4.02631e+17	1.00e+00	6.82e-14	0.00e+00
 4.12378e+17	1.00e+00	7.27e-14	0.00e+00
 4.21888e+17	1.00e+00	6.94e-14	0.00e+00
 4.31077e+17	1.00e+00	6.30e-14	0.00e+00
 4.39441e+17	1.00e+00	5.88e-14	0.00e+00
 4.46636e+17	1.00e+00	5.77e-14	0.00e+00
 4.52599e+17	1.00e+00	5.76e-14	0.00e+00
 4.56991e+17	1.00e+00	5.79e-14	0.00e+00
 4.59703e+17	1.00e+00	6.05e-14	0.00e+00
 4.61287e+17	1.00e+00	6.27e-14	0.00e+00
 4.62237e+17	1.00e+00	6.41e-14	0.00e+00
 4.62807e+17	1.00e+00	6.49e-14	0.00e+00
 4.63199e+17	1.00e+00	6.54e-14	0.00e+00
 4.63582e+17	1.00e+00	6.57e-14	0.00e+00
 4.63983e+17	1.00e+00	6.60e-14	0.00e+00
 4.64403e+17	1.00e+00	6.61e-14	0.00e+00
 4.64796e+17	1.00e+00	6.62e-14	0.00e+00
 4.65149e+17	1.00e+00	6.63e-14	0.00e+00
 4.65495e+17	1.00e+00	6.62e-14	0.00e+00
 4.65791e+17	1.00e+00	6.62e-14	0.00e+00
 4.66057e+17	1.00e+00	6.61e-14	0.00e+00
 4.66319e+17	1.00e+00	6.60e-14	0.00e+00
 4.66583e+17	1.00e+00	6.59e-14	0.00e+00
 4.66830e+17	1.00e+00	6.57e-14	0.00e+00
 4.67045e+17	1.00e+00	6.56e-14	0.00e+00
 4.67254e+17	1.00e+00	6.55e-14	0.00e+00
 4.67468e+17	1.00e+00	6.53e-14	0.00e+00
 4.67670e+17	1.00e+00	6.51e-14	0.00e+00
 4.67860e+17	1.00e+00	6.50e-14	0.00e+00
 4.68041e+17	1.00e+00	6.48e-14	0.00e+00
 4.68214e+17	1.00e+00	6.46e-14	0.00e+00
 4.68381e+17	1.00e+00	6.45e-14	0.00e+00
 4.68544e+17	1.00e+00	6.43e-14	0.00e+00
 4.68707e+17	1.00e+00	6.41e-14	0.00e+00
 4.68865e+17	1.00e+00	6.39e-14	0.00e+00
 4.69016e+17	1.00e+00	6.37e-14	0.00e+00
 4.69162e+17	1.00e+00	6.35e-14	0.00e+00
 4.69306e+17	1.00e+00	6.33e-14	0.00e+00
 4.69449e+17	1.00e+00	6.31e-14	0.00e+00
 4.69589e+17	1.00e+00	6.29e-14	0.00e+00
 4.69729e+17	1.00e+00	6.27e-14	0.00e+00
 4.69868e+17	1.00e+00	6.25e-14	0.00e+00
 4.70002e+17	1.00e+00	6.23e-14	0.00e+00
 4.70133e+17	1.00e+00	6.21e-14	0.00e+00
 4.70271e+17	1.00e+00	6.18e-14	0.00e+00
 4.70415e+17	1.00e+00	6.16e-14	0.00e+00
 4.70556e+17	1.00e+00	6.13e-14	0.00e+00
 4.70692e+17	1.00e+00	6.11e-14	0.00e+00
 4.70827e+17	1.00e+00	6.08e-14	0.00e+00
 4.70966e+17	1.00e+00	6.06e-14	0.00e+00
 4.71115e+17	1.00e+00	6.03e-14	0.00e+00
 4.71268e+17	1.00e+00	6.00e-14	0.00e+00
 4.71412e+17	1.00e+00	5.97e-14	0.00e+00
 4.71559e+17	1.00e+00	5.94e-14	0.00e+00
 4.71719e+17	1.00e+00	5.91e-14	0.00e+00
 4.71891e+17	1.00e+00	5.87e-14	0.00e+00
 4.72067e+17	1.00e+00	5.83e-14	0.00e+00
 4.72229e+17	1.00e+00	5.80e-14	0.00e+00
 4.72382e+17	1.00e+00	5.76e-14	0.00e+00
 4.72544e+17	1.00e+00	5.73e-14	0.00e+00
 4.72721e+17	1.00e+00	5.69e-14	0.00e+00
 4.72904e+17	1.00e+00	5.65e-14	0.00e+00
 4.73095e+17	1.00e+00	5.60e-14	0.00e+00
 4.73289e+17	1.00e+00	5.56e-14	0.00e+00
 4.73475e+17	1.00e+00	5.51e-14	0.00e+00
 4.73670e+17	1.00e+00	5.47e-14	0.00e+00
 4.73883e+17	1.00e+00	5.42e-14	0.00e+00
 4.74105e+17	1.00e+00	5.36e-14	0.00e+00
 4.74320e+17	1.00e+00	5.31e-14	0.00e+00
 4.74531e+17	1.00e+00	5.26e-14	0.00e+00
 4.74750e+17	1.00e+00	5.21e-14	0.00e+00
 4.74984e+17	1.00e+00	5.15e-14	0.00e+00
 4.75239e+17	1.00e+00	5.09e-14	0.00e+00
 4.75497e+17	1.00e+00	5.02e-14	0.00e+00
 4.75751e+17	1.00e+00	4.95e-14	0.00e+00
 4.76005e+17	1.00e+00	4.89e-14	0.00e+00
 4.76266e+17	1.00e+00	4.82e-14	0.00e+00
 4.76542e+17	1.00e+00	4.75e-14	0.00e+00
 4.76822e+17	1.00e+00	4.68e-14	0.00e+00
 4.77122e+17	1.00e+00	4.61e-14	0.00e+00
 4.77438e+17	1.00e+00	4.53e-14	0.00e+00
 4.77744e+17	1.00e+00	4.44e-14	0.00e+00
 4.78050e+17	1.00e+00	4.37e-14	0.00e+00
 4.78371e+17	1.00e+00	4.29e-14	0.00e+00
 4.78711e+17	1.00e+00	4.20e-14	0.00e+00
 4.79062e+17	1.00e+00	4.11e-14	0.00e+00
 4.79414e+17	1.00e+00	4.02e-14	0.00e+00
 4.79766e+17	1.00e+00	3.93e-14	0.00e+00
 4.80123e+17	1.00e+00	3.84e-14	0.00e+00
 4.80501e+17	1.00e+00	3.75e-14	0.00e+00
 4.80903e+17	1.00e+00	3.65e-14	0.00e+00
 4.81310e+17	1.00e+00	3.55e-14	0.00e+00
 4.81707e+17	1.00e+00	3.45e-14	0.00e+00
 4.82100e+17	1.00e+00	3.36e-14	0.00e+00
 4.82516e+17	1.00e+00	3.26e-14	0.00e+00
 4.82967e+17	1.00e+00	3.16e-14	0.00e+00
 4.83428e+17	1.00e+00	3.05e-14	0.00e+00
 4.83879e+17	1.00e+00	2.94e-14	0.00e+00
 4.84328e+17	1.00e+00	2.84e-14	0.00e+00
 4.84794e+17	1.00e+00	2.74e-14	0.00e+00
 4.85284e+17	1.00e+00	2.63e-14	0.00e+00
 4.85780e+17	1.00e+00	2.53e-14	0.00e+00
 4.86285e+17	1.00e+00	2.42e-14	0.00e+00
 4.86801e+17	1.00e+00	2.32e-14	0.00e+00
 4.87330e+17	1.00e+00	2.21e-14	0.00e+00
 4.87871e+17	1.00e+00	2.11e-14	0.00e+00
 4.88412e+17	1.00e+00	2.00e-14	0.00e+00
 4.88962e+17	1.00e+00	1.90e-14	0.00e+00
 4.89534e+17	1.00e+00	1.80e-14	0.00e+00
 4.90126e+17	1.00e+00	1.71e-14	0.00e+00
 4.90745e+17	1.00e+00	1.60e-14	0.00e+00
 4.91373e+17	1.00e+00	1.50e-14	0.00e+00
 4.92005e+17	1.00e+00	1.41e-14	0.00e+00
 4.92664e+17	1.00e+00	1.32e-14	0.00e+00
 4.93346e+17	1.00e+00	1.22e-14	0.00e+00
 4.94046e+17	1.00e+00	1.13e-14	0.00e+00
 4.94729e+17	1.00e+00	1.05e-14	0.00e+00
 4.95335e+17	1.00e+00	9.69e-15	0.00e+00
 4.95852e+17	1.00e+00	9.09e-15	0.00e+00
 4.96319e+17	1.00e+00	8.59e-15	0.00e+00
 4.96772e+17	1.00e+00	8.14e-15	0.00e+00
 4.97221e+17	1.00e+00	7.70e-15	0.00e+00
 4.97653e+17	1.00e+00	7.30e-15	0.00e+00
 4.98057e+17	1.00e+00	6.92e-15	0.00e+00
 4.98432e+17	1.00e+00	6.59e-15	0.00e+00
 4.98791e+17	1.00e+00	6.29e-15	0.00e+00
 4.99142e+17	1.00e+00	6.01e-15	0.00e+00
 4.99484e+17	1.00e+00	5.74e-15	0.00e+00
 4.99813e+17	1.00e+00	5.49e-15	0.00e+00
 5.00126e+17	1.00e+00	5.26e-15	0.00e+00
 5.00426e+17	1.00e+00	5.04e-15	0.00e+00
 5.00717e+17	1.00e+00	4.84e-15	0.00e+00
 5.01000e+17	1.00e+00	4.64e-15	0.00e+00
 5.01273e+17	1.00e+00	4.46e-15	0.00e+00
 5.01537e+17	1.00e+00	4.29e-15	0.00e+00
 5.01792e+17	1.00e+00	4.12e-15	0.00e+00
 5.02038e+17	1.00e+00	3.97e-15	0.00e+00
 5.02276e+17	1.00e+00	3.82e-15	0.00e+00
 5.02509e+17	1.00e+00	3.68e-15	0.00e+00
 5.02736e+17	1.00e+00	3.55e-15	0.00e+00
 5.02957e+17	1.00e+00	3.43e-15	0.00e+00
 5.03173e+17	1.00e+00	3.31e-15	0.00e+00
 5.03380e+17	1.00e+00	3.19e-15	0.00e+00
 5.03581e+17	1.00e+00	3.08e-15	0.00e+00
 5.03776e+17	1.00e+00	2.98e-15	0.00e+00
 5.03968e+17	1.00e+00	2.88e-15	0.00e+00
 5.04188e+17	1.00e+00	2.79e-15	0.00e+00
 5.04474e+17	1.00e+00	2.68e-15	0.00e+00
 5.04846e+17	1.00e+00	2.53e-15	0.00e+00
 5.05329e+17	1.00e+00	2.34e-15	0.00e+00
 5.05957e+17	1.00e+00	2.12e-15	0.00e+00
 5.06774e+17	1.00e+00	1.85e-15	0.00e+00
 5.07731e+17	1.00e+00	1.55e-15	0.00e+00
 5.08624e+17	1.00e+00	1.27e-15	0.00e+00
 5.09311e+17	1.00e+00	1.09e-15	0.00e+00
 5.09837e+17	1.00e+00	9.71e-16	0.00e+00
 5.10333e+17	1.00e+00	8.81e-16	0.00e+00
 5.10885e+17	1.00e+00	7.93e-16	0.00e+00
 5.11495e+17	1.00e+00	7.04e-16	0.00e+00
 5.12113e+17	1.00e+00	6.19e-16	0.00e+00
 5.12693e+17	1.00e+00	5.47e-16	0.00e+00
