#depth	He	He+	He+2
 1.49634e+10	7.77e-23	6.97e-12	1.00e+00
 4.54887e+10	8.71e-23	7.54e-12	1.00e+00
 7.72350e+10	9.71e-23	8.16e-12	1.00e+00
 1.10251e+11	1.08e-22	8.84e-12	1.00e+00
 1.44588e+11	1.21e-22	9.57e-12	1.00e+00
 1.80298e+11	1.36e-22	1.04e-11	1.00e+00
 2.17437e+11	1.52e-22	1.12e-11	1.00e+00
 2.56061e+11	1.70e-22	1.21e-11	1.00e+00
 2.96231e+11	1.91e-22	1.32e-11	1.00e+00
 3.38007e+11	2.15e-22	1.43e-11	1.00e+00
 3.81454e+11	2.42e-22	1.54e-11	1.00e+00
 4.26639e+11	2.73e-22	1.67e-11	1.00e+00
 4.69473e+11	3.05e-22	1.80e-11	1.00e+00
 5.08315e+11	3.37e-22	1.92e-11	1.00e+00
 5.52112e+11	3.74e-22	2.06e-11	1.00e+00
 6.03368e+11	4.24e-22	2.23e-11	1.00e+00
 6.54221e+11	4.78e-22	2.41e-11	1.00e+00
 7.02500e+11	5.34e-22	2.58e-11	1.00e+00
 7.55919e+11	6.00e-22	2.78e-11	1.00e+00
 8.16082e+11	6.85e-22	3.02e-11	1.00e+00
 8.76565e+11	7.79e-22	3.27e-11	1.00e+00
 9.39466e+11	8.85e-22	3.54e-11	1.00e+00
 1.00697e+12	1.01e-21	3.84e-11	1.00e+00
 1.07718e+12	1.16e-21	4.17e-11	1.00e+00
 1.15019e+12	1.33e-21	4.53e-11	1.00e+00
 1.22081e+12	1.51e-21	4.89e-11	1.00e+00
 1.28707e+12	1.70e-21	5.25e-11	1.00e+00
 1.36130e+12	1.93e-21	5.66e-11	1.00e+00
 1.44568e+12	2.23e-21	6.16e-11	1.00e+00
 1.52936e+12	2.55e-21	6.67e-11	1.00e+00
 1.61638e+12	2.92e-21	7.24e-11	1.00e+00
 1.71096e+12	3.38e-21	7.88e-11	1.00e+00
 1.80633e+12	3.89e-21	8.56e-11	1.00e+00
 1.90552e+12	4.47e-21	9.30e-11	1.00e+00
 2.01166e+12	5.18e-21	1.01e-10	1.00e+00
 2.12206e+12	6.00e-21	1.11e-10	1.00e+00
 2.23687e+12	6.95e-21	1.21e-10	1.00e+00
 2.35627e+12	8.05e-21	1.32e-10	1.00e+00
 2.48044e+12	9.34e-21	1.44e-10	1.00e+00
 2.60579e+12	1.08e-20	1.57e-10	1.00e+00
 2.73615e+12	1.24e-20	1.71e-10	1.00e+00
 2.87552e+12	1.44e-20	1.87e-10	1.00e+00
 3.02047e+12	1.68e-20	2.05e-10	1.00e+00
 3.17121e+12	1.94e-20	2.25e-10	1.00e+00
 3.32799e+12	2.25e-20	2.47e-10	1.00e+00
 3.49103e+12	2.61e-20	2.70e-10	1.00e+00
 3.63959e+12	2.97e-20	2.94e-10	1.00e+00
 3.76505e+12	3.30e-20	3.14e-10	1.00e+00
 3.90310e+12	3.67e-20	3.37e-10	1.00e+00
 4.07571e+12	4.20e-20	3.68e-10	1.00e+00
 4.25417e+12	4.81e-20	4.02e-10	1.00e+00
 4.41363e+12	5.39e-20	4.34e-10	1.00e+00
 4.58748e+12	6.06e-20	4.71e-10	1.00e+00
 4.78226e+12	6.91e-20	5.14e-10	1.00e+00
 4.96650e+12	7.77e-20	5.57e-10	1.00e+00
 5.16827e+12	8.76e-20	6.07e-10	1.00e+00
 5.39260e+12	1.00e-19	6.65e-10	1.00e+00
 5.60279e+12	1.13e-19	7.23e-10	1.00e+00
 5.83170e+12	1.27e-19	7.89e-10	1.00e+00
 6.08801e+12	1.45e-19	8.67e-10	1.00e+00
 6.33243e+12	1.64e-19	9.46e-10	1.00e+00
 6.59350e+12	1.85e-19	1.03e-09	1.00e+00
 6.88717e+12	2.13e-19	1.14e-09	1.00e+00
 7.17817e+12	2.42e-19	1.25e-09	1.00e+00
 7.48081e+12	2.76e-19	1.37e-09	1.00e+00
 7.80997e+12	3.16e-19	1.51e-09	1.00e+00
 8.14520e+12	3.60e-19	1.66e-09	1.00e+00
 8.49383e+12	4.11e-19	1.82e-09	1.00e+00
 8.82693e+12	4.65e-19	1.99e-09	1.00e+00
 9.11937e+12	5.17e-19	2.14e-09	1.00e+00
 9.44264e+12	5.77e-19	2.31e-09	1.00e+00
 9.80223e+12	6.52e-19	2.51e-09	1.00e+00
 1.01408e+13	7.28e-19	2.71e-09	1.00e+00
 1.05127e+13	8.20e-19	2.94e-09	1.00e+00
 1.09292e+13	9.35e-19	3.21e-09	1.00e+00
 1.13241e+13	1.05e-18	3.47e-09	1.00e+00
 1.17579e+13	1.20e-18	3.78e-09	1.00e+00
 1.22433e+13	1.38e-18	4.14e-09	1.00e+00
 1.27034e+13	1.57e-18	4.49e-09	1.00e+00
 1.31225e+13	1.77e-18	4.83e-09	1.00e+00
 1.35805e+13	2.00e-18	5.21e-09	1.00e+00
 1.40956e+13	2.29e-18	5.67e-09	1.00e+00
 1.45849e+13	2.60e-18	6.11e-09	1.00e+00
 1.51208e+13	2.97e-18	6.62e-09	1.00e+00
 1.57131e+13	3.44e-18	7.21e-09	1.00e+00
 1.62621e+13	3.92e-18	7.78e-09	1.00e+00
 1.68595e+13	4.50e-18	8.42e-09	1.00e+00
 1.75286e+13	5.23e-18	9.18e-09	1.00e+00
 1.81626e+13	6.02e-18	9.92e-09	1.00e+00
 1.88492e+13	6.96e-18	1.08e-08	1.00e+00
 1.96131e+13	8.15e-18	1.17e-08	1.00e+00
 2.03454e+13	9.43e-18	1.27e-08	1.00e+00
 2.11270e+13	1.10e-17	1.38e-08	1.00e+00
 2.20020e+13	1.29e-17	1.51e-08	1.00e+00
 2.28753e+13	1.51e-17	1.64e-08	1.00e+00
 2.37835e+13	1.77e-17	1.78e-08	1.00e+00
 2.47648e+13	2.09e-17	1.94e-08	1.00e+00
 2.57853e+13	2.46e-17	2.12e-08	1.00e+00
 2.68466e+13	2.90e-17	2.31e-08	1.00e+00
 2.78966e+13	3.39e-17	2.51e-08	1.00e+00
 2.89886e+13	3.97e-17	2.72e-08	1.00e+00
 3.01186e+13	4.64e-17	2.95e-08	1.00e+00
 3.11902e+13	5.35e-17	3.17e-08	1.00e+00
 3.21834e+13	6.08e-17	3.39e-08	1.00e+00
 3.32611e+13	6.95e-17	3.63e-08	1.00e+00
 3.44760e+13	8.04e-17	3.91e-08	1.00e+00
 3.56402e+13	9.21e-17	4.19e-08	1.00e+00
 3.69245e+13	1.06e-16	4.51e-08	1.00e+00
 3.83606e+13	1.24e-16	4.88e-08	1.00e+00
 3.96569e+13	1.42e-16	5.22e-08	1.00e+00
 4.08139e+13	1.60e-16	5.54e-08	1.00e+00
 4.21269e+13	1.81e-16	5.91e-08	1.00e+00
 4.37414e+13	2.11e-16	6.39e-08	1.00e+00
 4.53661e+13	2.45e-16	6.88e-08	1.00e+00
 4.68028e+13	2.78e-16	7.33e-08	1.00e+00
 4.83766e+13	3.17e-16	7.84e-08	1.00e+00
 5.02665e+13	3.70e-16	8.48e-08	1.00e+00
 5.21501e+13	4.29e-16	9.14e-08	1.00e+00
 5.38656e+13	4.89e-16	9.76e-08	1.00e+00
 5.57797e+13	5.62e-16	1.05e-07	1.00e+00
 5.80137e+13	6.58e-16	1.13e-07	1.00e+00
 6.02155e+13	7.64e-16	1.22e-07	1.00e+00
 6.23020e+13	8.75e-16	1.31e-07	1.00e+00
 6.46206e+13	1.01e-15	1.41e-07	1.00e+00
 6.72353e+13	1.19e-15	1.53e-07	1.00e+00
 6.98657e+13	1.38e-15	1.65e-07	1.00e+00
 7.26013e+13	1.61e-15	1.78e-07	1.00e+00
 7.55353e+13	1.89e-15	1.93e-07	1.00e+00
 7.83989e+13	2.19e-15	2.08e-07	1.00e+00
 8.11259e+13	2.51e-15	2.22e-07	1.00e+00
 8.41498e+13	2.91e-15	2.39e-07	1.00e+00
 8.75457e+13	3.40e-15	2.59e-07	1.00e+00
 9.05806e+13	3.90e-15	2.78e-07	1.00e+00
 9.30699e+13	4.35e-15	2.93e-07	1.00e+00
 9.57971e+13	4.88e-15	3.11e-07	1.00e+00
 9.93003e+13	5.64e-15	3.34e-07	1.00e+00
 1.03040e+14	6.54e-15	3.60e-07	1.00e+00
 1.06415e+14	7.44e-15	3.85e-07	1.00e+00
 1.10088e+14	8.53e-15	4.12e-07	1.00e+00
 1.14423e+14	9.97e-15	4.46e-07	1.00e+00
 1.18752e+14	1.16e-14	4.81e-07	1.00e+00
 1.22860e+14	1.33e-14	5.15e-07	1.00e+00
 1.27411e+14	1.54e-14	5.55e-07	1.00e+00
 1.32537e+14	1.80e-14	6.02e-07	1.00e+00
 1.37278e+14	2.08e-14	6.47e-07	1.00e+00
 1.41388e+14	2.34e-14	6.88e-07	1.00e+00
 1.45948e+14	2.66e-14	7.34e-07	1.00e+00
 1.51510e+14	3.10e-14	7.93e-07	1.00e+00
 1.57138e+14	3.60e-14	8.56e-07	1.00e+00
 1.62206e+14	4.09e-14	9.13e-07	1.00e+00
 1.67785e+14	4.69e-14	9.80e-07	1.00e+00
 1.74371e+14	5.48e-14	1.06e-06	1.00e+00
 1.80862e+14	6.36e-14	1.14e-06	1.00e+00
 1.86839e+14	7.25e-14	1.22e-06	1.00e+00
 1.93557e+14	8.36e-14	1.32e-06	1.00e+00
 2.01316e+14	9.79e-14	1.43e-06	1.00e+00
 2.08913e+14	1.14e-13	1.54e-06	1.00e+00
 2.16174e+14	1.30e-13	1.65e-06	1.00e+00
 2.24211e+14	1.51e-13	1.78e-06	1.00e+00
 2.33209e+14	1.76e-13	1.93e-06	1.00e+00
 2.42313e+14	2.05e-13	2.09e-06	1.00e+00
 2.51031e+14	2.36e-13	2.25e-06	1.00e+00
 2.60351e+14	2.73e-13	2.42e-06	1.00e+00
 2.70273e+14	3.16e-13	2.61e-06	1.00e+00
 2.79494e+14	3.60e-13	2.79e-06	1.00e+00
 2.89606e+14	4.14e-13	3.00e-06	1.00e+00
 3.01220e+14	4.83e-13	3.25e-06	1.00e+00
 3.11581e+14	5.50e-13	3.48e-06	1.00e+00
 3.20054e+14	6.10e-13	3.68e-06	1.00e+00
 3.29328e+14	6.81e-13	3.90e-06	1.00e+00
 3.41276e+14	7.82e-13	4.19e-06	1.00e+00
 3.54046e+14	9.00e-13	4.51e-06	1.00e+00
 3.65352e+14	1.02e-12	4.81e-06	1.00e+00
 3.77409e+14	1.15e-12	5.13e-06	1.00e+00
 3.91923e+14	1.33e-12	5.54e-06	1.00e+00
 4.06187e+14	1.52e-12	5.96e-06	1.00e+00
 4.18732e+14	1.71e-12	6.33e-06	1.00e+00
 4.32486e+14	1.93e-12	6.76e-06	1.00e+00
 4.49080e+14	2.23e-12	7.30e-06	1.00e+00
 4.65649e+14	2.55e-12	7.86e-06	1.00e+00
 4.80563e+14	2.88e-12	8.38e-06	1.00e+00
 4.97044e+14	3.27e-12	8.97e-06	1.00e+00
 5.16501e+14	3.78e-12	9.71e-06	1.00e+00
 5.35712e+14	4.33e-12	1.05e-05	1.00e+00
 5.53465e+14	4.90e-12	1.12e-05	1.00e+00
 5.73408e+14	5.60e-12	1.20e-05	1.00e+00
 5.96374e+14	6.50e-12	1.30e-05	1.00e+00
 6.18910e+14	7.48e-12	1.41e-05	1.00e+00
 6.42348e+14	8.61e-12	1.52e-05	1.00e+00
 6.68072e+14	1.00e-11	1.65e-05	1.00e+00
 6.93614e+14	1.16e-11	1.79e-05	1.00e+00
 7.20178e+14	1.33e-11	1.93e-05	1.00e+00
 7.44488e+14	1.51e-11	2.07e-05	1.00e+00
 7.63212e+14	1.67e-11	2.19e-05	1.00e+00
 7.82877e+14	1.84e-11	2.31e-05	1.00e+00
 8.08441e+14	2.09e-11	2.47e-05	1.00e+00
 8.36048e+14	2.38e-11	2.66e-05	1.00e+00
 8.60823e+14	2.67e-11	2.83e-05	1.00e+00
 8.87545e+14	3.01e-11	3.02e-05	1.00e+00
 9.20717e+14	3.49e-11	3.28e-05	1.00e+00
 9.54118e+14	4.02e-11	3.54e-05	1.00e+00
 9.83204e+14	4.53e-11	3.78e-05	1.00e+00
 1.01483e+15	5.15e-11	4.06e-05	1.00e+00
 1.05338e+15	5.99e-11	4.41e-05	1.00e+00
 1.09200e+15	6.94e-11	4.78e-05	1.00e+00
 1.12624e+15	7.88e-11	5.12e-05	1.00e+00
 1.16370e+15	9.03e-11	5.51e-05	1.00e+00
 1.20858e+15	1.05e-10	6.00e-05	1.00e+00
 1.25306e+15	1.23e-10	6.50e-05	1.00e+00
 1.29315e+15	1.40e-10	6.98e-05	1.00e+00
 1.33757e+15	1.61e-10	7.53e-05	1.00e+00
 1.38995e+15	1.89e-10	8.21e-05	1.00e+00
 1.44163e+15	2.20e-10	8.92e-05	1.00e+00
 1.48942e+15	2.53e-10	9.60e-05	1.00e+00
 1.54309e+15	2.94e-10	1.04e-04	1.00e+00
 1.60484e+15	3.47e-10	1.14e-04	1.00e+00
 1.66535e+15	4.06e-10	1.23e-04	1.00e+00
 1.72828e+15	4.75e-10	1.34e-04	1.00e+00
 1.79744e+15	5.61e-10	1.47e-04	1.00e+00
 1.86732e+15	6.60e-10	1.60e-04	1.00e+00
 1.92595e+15	7.54e-10	1.71e-04	1.00e+00
 1.97134e+15	8.33e-10	1.81e-04	1.00e+00
 2.02053e+15	9.24e-10	1.91e-04	1.00e+00
 2.08447e+15	1.06e-09	2.05e-04	1.00e+00
 2.15377e+15	1.21e-09	2.20e-04	1.00e+00
 2.21632e+15	1.37e-09	2.35e-04	1.00e+00
 2.28392e+15	1.56e-09	2.51e-04	1.00e+00
 2.36858e+15	1.82e-09	2.72e-04	1.00e+00
 2.45373e+15	2.12e-09	2.94e-04	1.00e+00
 2.52685e+15	2.40e-09	3.14e-04	1.00e+00
 2.60602e+15	2.74e-09	3.36e-04	1.00e+00
 2.70380e+15	3.21e-09	3.65e-04	1.00e+00
 2.80428e+15	3.75e-09	3.95e-04	1.00e+00
 2.89504e+15	4.29e-09	4.24e-04	1.00e+00
 2.99464e+15	4.96e-09	4.57e-04	1.00e+00
 3.11198e+15	5.84e-09	4.97e-04	1.00e+00
 3.22727e+15	6.81e-09	5.38e-04	9.99e-01
 3.33320e+15	7.81e-09	5.76e-04	9.99e-01
 3.45206e+15	9.06e-09	6.22e-04	9.99e-01
 3.58963e+15	1.07e-08	6.77e-04	9.99e-01
 3.72512e+15	1.25e-08	7.33e-04	9.99e-01
 3.85472e+15	1.44e-08	7.89e-04	9.99e-01
 3.99763e+15	1.68e-08	8.54e-04	9.99e-01
 4.13206e+15	1.92e-08	9.15e-04	9.99e-01
 4.23264e+15	2.13e-08	9.64e-04	9.99e-01
 4.33508e+15	2.35e-08	1.01e-03	9.99e-01
 4.46825e+15	2.67e-08	1.08e-03	9.99e-01
 4.61297e+15	3.05e-08	1.16e-03	9.99e-01
 4.74340e+15	3.41e-08	1.23e-03	9.99e-01
 4.88367e+15	3.85e-08	1.31e-03	9.99e-01
 5.06222e+15	4.47e-08	1.41e-03	9.99e-01
 5.24166e+15	5.15e-08	1.52e-03	9.98e-01
 5.39092e+15	5.78e-08	1.61e-03	9.98e-01
 5.54983e+15	6.53e-08	1.71e-03	9.98e-01
 5.75246e+15	7.57e-08	1.84e-03	9.98e-01
 5.96299e+15	8.77e-08	1.98e-03	9.98e-01
 6.14700e+15	9.92e-08	2.11e-03	9.98e-01
 6.34549e+15	1.13e-07	2.26e-03	9.98e-01
 6.58684e+15	1.32e-07	2.44e-03	9.98e-01
 6.82515e+15	1.53e-07	2.63e-03	9.97e-01
 7.03361e+15	1.73e-07	2.80e-03	9.97e-01
 7.26202e+15	1.97e-07	2.99e-03	9.97e-01
 7.53896e+15	2.30e-07	3.24e-03	9.97e-01
 7.81478e+15	2.66e-07	3.49e-03	9.97e-01
 8.05115e+15	3.00e-07	3.72e-03	9.96e-01
 8.30047e+15	3.40e-07	3.97e-03	9.96e-01
 8.55461e+15	3.84e-07	4.23e-03	9.96e-01
 8.76695e+15	4.24e-07	4.45e-03	9.96e-01
 8.99490e+15	4.72e-07	4.71e-03	9.95e-01
 9.25157e+15	5.30e-07	5.01e-03	9.95e-01
 9.49976e+15	5.91e-07	5.31e-03	9.95e-01
 9.77659e+15	6.68e-07	5.67e-03	9.94e-01
 1.00738e+16	7.56e-07	6.06e-03	9.94e-01
 1.03443e+16	8.43e-07	6.43e-03	9.94e-01
 1.06426e+16	9.55e-07	6.89e-03	9.93e-01
 1.09603e+16	1.08e-06	7.39e-03	9.93e-01
 1.12383e+16	1.20e-06	7.84e-03	9.92e-01
 1.15347e+16	1.35e-06	8.39e-03	9.92e-01
 1.18611e+16	1.53e-06	9.03e-03	9.91e-01
 1.21589e+16	1.71e-06	9.63e-03	9.90e-01
 1.24360e+16	1.89e-06	1.03e-02	9.90e-01
 1.27540e+16	2.14e-06	1.11e-02	9.89e-01
 1.30827e+16	2.42e-06	1.19e-02	9.88e-01
 1.33529e+16	2.67e-06	1.27e-02	9.87e-01
 1.36317e+16	2.99e-06	1.36e-02	9.86e-01
 1.39397e+16	3.37e-06	1.47e-02	9.85e-01
 1.42203e+16	3.76e-06	1.59e-02	9.84e-01
 1.44728e+16	4.17e-06	1.70e-02	9.83e-01
 1.47169e+16	4.62e-06	1.82e-02	9.82e-01
 1.49968e+16	5.23e-06	1.98e-02	9.80e-01
 1.52959e+16	5.98e-06	2.17e-02	9.78e-01
 1.55524e+16	6.72e-06	2.36e-02	9.76e-01
 1.57798e+16	7.49e-06	2.56e-02	9.74e-01
 1.60368e+16	8.61e-06	2.81e-02	9.72e-01
 1.63072e+16	9.89e-06	3.12e-02	9.69e-01
 1.65373e+16	1.13e-05	3.44e-02	9.66e-01
 1.67413e+16	1.28e-05	3.77e-02	9.62e-01
 1.69382e+16	1.44e-05	4.14e-02	9.59e-01
 1.71631e+16	1.67e-05	4.64e-02	9.54e-01
 1.73988e+16	1.97e-05	5.29e-02	9.47e-01
 1.75906e+16	2.32e-05	5.93e-02	9.41e-01
 1.77437e+16	2.63e-05	6.55e-02	9.34e-01
 1.79043e+16	3.01e-05	7.33e-02	9.27e-01
 1.80841e+16	3.57e-05	8.39e-02	9.16e-01
 1.82452e+16	4.22e-05	9.56e-02	9.04e-01
 1.83777e+16	4.96e-05	1.07e-01	8.92e-01
 1.84865e+16	5.57e-05	1.19e-01	8.81e-01
 1.85974e+16	6.42e-05	1.33e-01	8.67e-01
 1.87416e+16	7.90e-05	1.55e-01	8.45e-01
 1.88587e+16	9.18e-05	1.77e-01	8.22e-01
 1.89238e+16	1.02e-04	1.92e-01	8.08e-01
 1.89785e+16	1.11e-04	2.06e-01	7.94e-01
 1.90365e+16	1.22e-04	2.22e-01	7.78e-01
 1.91119e+16	1.39e-04	2.45e-01	7.55e-01
 1.91866e+16	1.57e-04	2.71e-01	7.29e-01
 1.92468e+16	1.74e-04	2.94e-01	7.05e-01
 1.93111e+16	1.95e-04	3.23e-01	6.77e-01
 1.93815e+16	2.22e-04	3.56e-01	6.44e-01
 1.94407e+16	2.46e-04	3.87e-01	6.13e-01
 1.94989e+16	2.74e-04	4.20e-01	5.80e-01
 1.95614e+16	3.05e-04	4.57e-01	5.43e-01
 1.96204e+16	3.38e-04	4.94e-01	5.05e-01
 1.96877e+16	3.78e-04	5.38e-01	4.62e-01
 1.97609e+16	4.25e-04	5.86e-01	4.14e-01
 1.98278e+16	4.69e-04	6.29e-01	3.70e-01
 1.99008e+16	5.19e-04	6.76e-01	3.24e-01
 1.99958e+16	5.84e-04	7.31e-01	2.68e-01
 2.00951e+16	6.49e-04	7.81e-01	2.19e-01
 2.01841e+16	7.04e-04	8.19e-01	1.80e-01
 2.02841e+16	7.64e-04	8.55e-01	1.44e-01
 2.04140e+16	8.35e-04	8.92e-01	1.08e-01
 2.05830e+16	9.19e-04	9.25e-01	7.44e-02
 2.07725e+16	1.00e-03	9.49e-01	5.04e-02
 2.09889e+16	1.10e-03	9.66e-01	3.31e-02
 2.12228e+16	1.20e-03	9.77e-01	2.19e-02
 2.13850e+16	1.28e-03	9.82e-01	1.72e-02
 2.14690e+16	1.32e-03	9.84e-01	1.51e-02
 2.15461e+16	1.36e-03	9.85e-01	1.34e-02
 2.16462e+16	1.42e-03	9.87e-01	1.15e-02
 2.17764e+16	1.50e-03	9.89e-01	9.46e-03
 2.19124e+16	1.59e-03	9.91e-01	7.88e-03
 2.20227e+16	1.67e-03	9.91e-01	6.84e-03
 2.21155e+16	1.74e-03	9.92e-01	6.07e-03
 2.22007e+16	1.81e-03	9.93e-01	5.46e-03
 2.22797e+16	1.89e-03	9.93e-01	4.94e-03
 2.23687e+16	1.97e-03	9.94e-01	4.43e-03
 2.24625e+16	2.08e-03	9.94e-01	3.96e-03
 2.25408e+16	2.17e-03	9.94e-01	3.63e-03
 2.26075e+16	2.25e-03	9.94e-01	3.36e-03
 2.26810e+16	2.35e-03	9.95e-01	3.09e-03
 2.27622e+16	2.47e-03	9.95e-01	2.82e-03
 2.28351e+16	2.59e-03	9.95e-01	2.61e-03
 2.28976e+16	2.70e-03	9.95e-01	2.44e-03
 2.29651e+16	2.83e-03	9.95e-01	2.26e-03
 2.30392e+16	2.98e-03	9.95e-01	2.09e-03
 2.31043e+16	3.13e-03	9.95e-01	1.96e-03
 2.31594e+16	3.27e-03	9.95e-01	1.85e-03
 2.32192e+16	3.43e-03	9.95e-01	1.74e-03
 2.32855e+16	3.62e-03	9.95e-01	1.63e-03
 2.33445e+16	3.81e-03	9.95e-01	1.54e-03
 2.33949e+16	3.99e-03	9.95e-01	1.46e-03
 2.34494e+16	4.20e-03	9.94e-01	1.38e-03
 2.35098e+16	4.46e-03	9.94e-01	1.30e-03
 2.35636e+16	4.71e-03	9.94e-01	1.24e-03
 2.36097e+16	4.95e-03	9.94e-01	1.19e-03
 2.36600e+16	5.23e-03	9.94e-01	1.13e-03
 2.37154e+16	5.58e-03	9.93e-01	1.07e-03
 2.37651e+16	5.93e-03	9.93e-01	1.02e-03
 2.38092e+16	6.28e-03	9.93e-01	9.81e-04
 2.38581e+16	6.70e-03	9.92e-01	9.35e-04
 2.39122e+16	7.23e-03	9.92e-01	8.90e-04
 2.39610e+16	7.79e-03	9.91e-01	8.51e-04
 2.40050e+16	8.36e-03	9.91e-01	8.17e-04
 2.40546e+16	9.09e-03	9.90e-01	7.79e-04
 2.41090e+16	1.00e-02	9.89e-01	7.41e-04
 2.41562e+16	1.10e-02	9.88e-01	7.11e-04
 2.41953e+16	1.19e-02	9.87e-01	6.87e-04
 2.42309e+16	1.29e-02	9.86e-01	6.65e-04
 2.42655e+16	1.41e-02	9.85e-01	6.44e-04
 2.42996e+16	1.53e-02	9.84e-01	6.25e-04
 2.43322e+16	1.67e-02	9.83e-01	6.07e-04
 2.43627e+16	1.83e-02	9.81e-01	5.91e-04
 2.43914e+16	1.99e-02	9.79e-01	5.76e-04
 2.44187e+16	2.18e-02	9.78e-01	5.63e-04
 2.44450e+16	2.39e-02	9.76e-01	5.50e-04
 2.44703e+16	2.62e-02	9.73e-01	5.39e-04
 2.44944e+16	2.88e-02	9.71e-01	5.29e-04
 2.45176e+16	3.18e-02	9.68e-01	5.19e-04
 2.45399e+16	3.50e-02	9.64e-01	5.11e-04
 2.45612e+16	3.87e-02	9.61e-01	5.04e-04
 2.45819e+16	4.29e-02	9.57e-01	4.98e-04
 2.46018e+16	4.76e-02	9.52e-01	4.93e-04
 2.46209e+16	5.29e-02	9.47e-01	4.88e-04
 2.46389e+16	5.88e-02	9.41e-01	4.86e-04
 2.46558e+16	6.52e-02	9.34e-01	4.84e-04
 2.46719e+16	7.23e-02	9.27e-01	4.83e-04
 2.46873e+16	8.01e-02	9.19e-01	4.83e-04
 2.47021e+16	8.88e-02	9.11e-01	4.84e-04
 2.47163e+16	9.84e-02	9.01e-01	4.87e-04
 2.47300e+16	1.09e-01	8.91e-01	4.91e-04
 2.47427e+16	1.20e-01	8.80e-01	4.95e-04
 2.47541e+16	1.31e-01	8.68e-01	5.00e-04
 2.47647e+16	1.43e-01	8.57e-01	5.06e-04
 2.47744e+16	1.55e-01	8.45e-01	5.10e-04
 2.47836e+16	1.67e-01	8.33e-01	5.17e-04
 2.47909e+16	1.77e-01	8.22e-01	5.22e-04
 2.47955e+16	1.84e-01	8.15e-01	5.25e-04
 2.47996e+16	1.91e-01	8.09e-01	5.28e-04
 2.48044e+16	1.99e-01	8.01e-01	5.32e-04
 2.48099e+16	2.08e-01	7.91e-01	5.36e-04
 2.48151e+16	2.18e-01	7.81e-01	5.39e-04
 2.48199e+16	2.27e-01	7.72e-01	5.44e-04
 2.48245e+16	2.37e-01	7.63e-01	5.48e-04
 2.48293e+16	2.47e-01	7.53e-01	5.51e-04
 2.48341e+16	2.57e-01	7.42e-01	5.56e-04
 2.48387e+16	2.68e-01	7.31e-01	5.59e-04
 2.48433e+16	2.79e-01	7.21e-01	5.65e-04
 2.48479e+16	2.90e-01	7.09e-01	5.68e-04
 2.48524e+16	3.02e-01	6.97e-01	5.72e-04
 2.48569e+16	3.14e-01	6.86e-01	5.76e-04
 2.48612e+16	3.26e-01	6.74e-01	5.80e-04
 2.48656e+16	3.39e-01	6.61e-01	5.83e-04
 2.48699e+16	3.51e-01	6.48e-01	5.87e-04
 2.48742e+16	3.64e-01	6.35e-01	5.89e-04
 2.48784e+16	3.77e-01	6.22e-01	5.94e-04
 2.48826e+16	3.91e-01	6.09e-01	5.96e-04
 2.48867e+16	4.05e-01	5.95e-01	5.98e-04
 2.48908e+16	4.18e-01	5.81e-01	6.01e-04
 2.48948e+16	4.32e-01	5.67e-01	6.03e-04
 2.48988e+16	4.46e-01	5.53e-01	6.05e-04
 2.49028e+16	4.61e-01	5.39e-01	6.07e-04
 2.49067e+16	4.75e-01	5.24e-01	6.07e-04
 2.49106e+16	4.89e-01	5.10e-01	6.09e-04
 2.49143e+16	5.04e-01	4.96e-01	6.09e-04
 2.49181e+16	5.18e-01	4.81e-01	6.10e-04
 2.49218e+16	5.32e-01	4.67e-01	6.09e-04
 2.49255e+16	5.47e-01	4.53e-01	6.08e-04
 2.49290e+16	5.60e-01	4.39e-01	6.07e-04
 2.49325e+16	5.74e-01	4.25e-01	6.05e-04
 2.49359e+16	5.87e-01	4.12e-01	6.04e-04
 2.49393e+16	6.00e-01	3.99e-01	6.03e-04
 2.49425e+16	6.13e-01	3.87e-01	6.01e-04
 2.49457e+16	6.25e-01	3.74e-01	5.98e-04
 2.49489e+16	6.38e-01	3.62e-01	5.94e-04
 2.49521e+16	6.50e-01	3.49e-01	5.90e-04
 2.49552e+16	6.62e-01	3.37e-01	5.87e-04
 2.49583e+16	6.73e-01	3.26e-01	5.82e-04
 2.49613e+16	6.85e-01	3.15e-01	5.78e-04
 2.49642e+16	6.96e-01	3.04e-01	5.73e-04
 2.49672e+16	7.06e-01	2.93e-01	5.68e-04
 2.49700e+16	7.17e-01	2.83e-01	5.63e-04
 2.49728e+16	7.27e-01	2.73e-01	5.57e-04
 2.49756e+16	7.36e-01	2.63e-01	5.51e-04
 2.49784e+16	7.46e-01	2.53e-01	5.45e-04
 2.49812e+16	7.55e-01	2.44e-01	5.39e-04
 2.49839e+16	7.64e-01	2.35e-01	5.32e-04
 2.49866e+16	7.73e-01	2.27e-01	5.26e-04
 2.49893e+16	7.81e-01	2.18e-01	5.19e-04
 2.49919e+16	7.89e-01	2.10e-01	5.12e-04
 2.49946e+16	7.97e-01	2.02e-01	5.04e-04
 2.49969e+16	8.04e-01	1.95e-01	4.97e-04
 2.49987e+16	8.09e-01	1.90e-01	4.92e-04
 2.50003e+16	8.14e-01	1.86e-01	4.86e-04
 2.50020e+16	8.19e-01	1.81e-01	4.80e-04
 2.50037e+16	8.24e-01	1.76e-01	4.74e-04
 2.50055e+16	8.28e-01	1.71e-01	4.68e-04
 2.50070e+16	8.32e-01	1.67e-01	4.63e-04
 2.50086e+16	8.37e-01	1.63e-01	4.57e-04
 2.50101e+16	8.40e-01	1.59e-01	4.52e-04
 2.50116e+16	8.44e-01	1.55e-01	4.46e-04
 2.50131e+16	8.48e-01	1.52e-01	4.41e-04
 2.50145e+16	8.51e-01	1.48e-01	4.36e-04
 2.50159e+16	8.55e-01	1.45e-01	4.30e-04
 2.50173e+16	8.58e-01	1.42e-01	4.25e-04
 2.50187e+16	8.61e-01	1.38e-01	4.20e-04
 2.50201e+16	8.64e-01	1.35e-01	4.15e-04
 2.50214e+16	8.67e-01	1.32e-01	4.09e-04
 2.50228e+16	8.70e-01	1.29e-01	4.04e-04
 2.50241e+16	8.73e-01	1.26e-01	3.99e-04
 2.50255e+16	8.76e-01	1.24e-01	3.93e-04
 2.50268e+16	8.79e-01	1.21e-01	3.88e-04
 2.50282e+16	8.82e-01	1.18e-01	3.82e-04
 2.50297e+16	8.85e-01	1.15e-01	3.76e-04
 2.50312e+16	8.87e-01	1.12e-01	3.71e-04
 2.50327e+16	8.90e-01	1.09e-01	3.65e-04
 2.50344e+16	8.94e-01	1.06e-01	3.58e-04
 2.50364e+16	8.97e-01	1.03e-01	3.50e-04
 2.50386e+16	9.01e-01	9.88e-02	3.41e-04
 2.50409e+16	9.05e-01	9.50e-02	3.32e-04
 2.50431e+16	9.08e-01	9.16e-02	3.24e-04
 2.50451e+16	9.11e-01	8.84e-02	3.15e-04
 2.50471e+16	9.14e-01	8.54e-02	3.07e-04
 2.50491e+16	9.17e-01	8.25e-02	2.98e-04
 2.50509e+16	9.20e-01	7.99e-02	2.91e-04
 2.50526e+16	9.22e-01	7.75e-02	2.84e-04
 2.50542e+16	9.24e-01	7.55e-02	2.77e-04
 2.50556e+16	9.26e-01	7.36e-02	2.71e-04
 2.50568e+16	9.28e-01	7.20e-02	2.66e-04
 2.50580e+16	9.29e-01	7.04e-02	2.60e-04
 2.50593e+16	9.31e-01	6.89e-02	2.55e-04
 2.50606e+16	9.33e-01	6.72e-02	2.50e-04
 2.50619e+16	9.34e-01	6.58e-02	2.45e-04
 2.50630e+16	9.35e-01	6.45e-02	2.40e-04
 2.50641e+16	9.37e-01	6.33e-02	2.36e-04
 2.50652e+16	9.38e-01	6.20e-02	2.31e-04
 2.50664e+16	9.39e-01	6.07e-02	2.27e-04
 2.50675e+16	9.40e-01	5.95e-02	2.22e-04
 2.50686e+16	9.41e-01	5.84e-02	2.18e-04
 2.50695e+16	9.42e-01	5.75e-02	2.14e-04
 2.50705e+16	9.43e-01	5.64e-02	2.11e-04
 2.50716e+16	9.44e-01	5.54e-02	2.07e-04
 2.50726e+16	9.45e-01	5.44e-02	2.03e-04
 2.50735e+16	9.46e-01	5.35e-02	1.99e-04
 2.50745e+16	9.47e-01	5.26e-02	1.96e-04
 2.50756e+16	9.48e-01	5.16e-02	1.92e-04
 2.50765e+16	9.49e-01	5.07e-02	1.88e-04
 2.50774e+16	9.50e-01	4.99e-02	1.85e-04
 2.50782e+16	9.51e-01	4.93e-02	1.82e-04
 2.50791e+16	9.51e-01	4.85e-02	1.79e-04
 2.50801e+16	9.52e-01	4.77e-02	1.76e-04
 2.50809e+16	9.53e-01	4.69e-02	1.73e-04
 2.50817e+16	9.53e-01	4.63e-02	1.70e-04
 2.50826e+16	9.54e-01	4.56e-02	1.67e-04
 2.50835e+16	9.55e-01	4.49e-02	1.64e-04
 2.50844e+16	9.56e-01	4.42e-02	1.62e-04
 2.50853e+16	9.56e-01	4.35e-02	1.59e-04
 2.50863e+16	9.57e-01	4.28e-02	1.56e-04
 2.50872e+16	9.58e-01	4.21e-02	1.53e-04
 2.50881e+16	9.58e-01	4.16e-02	1.51e-04
 2.50890e+16	9.59e-01	4.09e-02	1.48e-04
 2.50900e+16	9.60e-01	4.02e-02	1.45e-04
 2.50909e+16	9.60e-01	3.97e-02	1.43e-04
 2.50918e+16	9.61e-01	3.90e-02	1.40e-04
 2.50929e+16	9.61e-01	3.84e-02	1.37e-04
 2.50939e+16	9.62e-01	3.78e-02	1.35e-04
 2.50947e+16	9.63e-01	3.73e-02	1.33e-04
 2.50957e+16	9.63e-01	3.67e-02	1.30e-04
 2.50967e+16	9.64e-01	3.61e-02	1.28e-04
 2.50977e+16	9.64e-01	3.56e-02	1.26e-04
 2.50987e+16	9.65e-01	3.51e-02	1.23e-04
 2.50998e+16	9.65e-01	3.45e-02	1.21e-04
 2.51009e+16	9.66e-01	3.40e-02	1.19e-04
 2.51020e+16	9.66e-01	3.35e-02	1.17e-04
 2.51032e+16	9.67e-01	3.29e-02	1.15e-04
 2.51043e+16	9.67e-01	3.25e-02	1.13e-04
 2.51055e+16	9.68e-01	3.19e-02	1.11e-04
 2.51068e+16	9.68e-01	3.14e-02	1.09e-04
 2.51080e+16	9.69e-01	3.10e-02	1.07e-04
 2.51093e+16	9.69e-01	3.05e-02	1.05e-04
 2.51106e+16	9.70e-01	3.00e-02	1.03e-04
 2.51119e+16	9.70e-01	2.95e-02	1.01e-04
 2.51133e+16	9.71e-01	2.91e-02	9.92e-05
 2.51148e+16	9.71e-01	2.86e-02	9.73e-05
 2.51162e+16	9.72e-01	2.82e-02	9.57e-05
 2.51177e+16	9.72e-01	2.77e-02	9.39e-05
 2.51196e+16	9.73e-01	2.72e-02	9.17e-05
 2.51217e+16	9.73e-01	2.67e-02	8.97e-05
 2.51236e+16	9.74e-01	2.62e-02	8.79e-05
 2.51254e+16	9.74e-01	2.58e-02	8.63e-05
 2.51273e+16	9.75e-01	2.54e-02	8.46e-05
 2.51298e+16	9.75e-01	2.49e-02	8.25e-05
 2.51325e+16	9.76e-01	2.44e-02	8.07e-05
 2.51349e+16	9.76e-01	2.40e-02	7.91e-05
 2.51371e+16	9.76e-01	2.36e-02	7.76e-05
 2.51395e+16	9.77e-01	2.32e-02	7.60e-05
 2.51427e+16	9.77e-01	2.28e-02	7.42e-05
 2.51461e+16	9.78e-01	2.24e-02	7.27e-05
 2.51492e+16	9.78e-01	2.20e-02	7.13e-05
 2.51526e+16	9.78e-01	2.16e-02	6.97e-05
 2.51571e+16	9.79e-01	2.12e-02	6.80e-05
 2.51618e+16	9.79e-01	2.08e-02	6.66e-05
 2.51662e+16	9.79e-01	2.05e-02	6.53e-05
 2.51709e+16	9.80e-01	2.02e-02	6.38e-05
 2.51771e+16	9.80e-01	1.98e-02	6.23e-05
 2.51838e+16	9.80e-01	1.95e-02	6.11e-05
 2.51899e+16	9.81e-01	1.93e-02	5.99e-05
 2.51966e+16	9.81e-01	1.90e-02	5.86e-05
 2.52052e+16	9.81e-01	1.87e-02	5.73e-05
 2.52165e+16	9.82e-01	1.84e-02	5.59e-05
 2.52286e+16	9.82e-01	1.81e-02	5.45e-05
 2.52420e+16	9.82e-01	1.78e-02	5.29e-05
 2.52593e+16	9.82e-01	1.75e-02	5.13e-05
 2.52780e+16	9.83e-01	1.72e-02	4.96e-05
 2.52950e+16	9.83e-01	1.69e-02	4.82e-05
 2.53136e+16	9.83e-01	1.67e-02	4.66e-05
 2.53338e+16	9.84e-01	1.64e-02	4.51e-05
 2.53521e+16	9.84e-01	1.61e-02	4.38e-05
 2.53722e+16	9.84e-01	1.59e-02	4.23e-05
 2.53938e+16	9.84e-01	1.56e-02	4.09e-05
 2.54136e+16	9.85e-01	1.53e-02	3.97e-05
 2.54352e+16	9.85e-01	1.51e-02	3.83e-05
 2.54585e+16	9.85e-01	1.48e-02	3.70e-05
 2.54797e+16	9.85e-01	1.46e-02	3.58e-05
 2.55030e+16	9.86e-01	1.43e-02	3.45e-05
 2.55281e+16	9.86e-01	1.40e-02	3.32e-05
 2.55509e+16	9.86e-01	1.38e-02	3.21e-05
 2.55760e+16	9.86e-01	1.35e-02	3.09e-05
 2.56030e+16	9.87e-01	1.32e-02	2.97e-05
 2.56276e+16	9.87e-01	1.30e-02	2.87e-05
 2.56546e+16	9.87e-01	1.27e-02	2.75e-05
 2.56837e+16	9.87e-01	1.25e-02	2.64e-05
 2.57102e+16	9.88e-01	1.22e-02	2.54e-05
 2.57392e+16	9.88e-01	1.20e-02	2.43e-05
 2.57705e+16	9.88e-01	1.17e-02	2.33e-05
 2.57990e+16	9.88e-01	1.15e-02	2.24e-05
 2.58303e+16	9.89e-01	1.12e-02	2.14e-05
 2.58640e+16	9.89e-01	1.10e-02	2.05e-05
 2.58947e+16	9.89e-01	1.07e-02	1.96e-05
 2.59283e+16	9.89e-01	1.05e-02	1.87e-05
 2.59647e+16	9.90e-01	1.02e-02	1.79e-05
 2.59977e+16	9.90e-01	1.00e-02	1.71e-05
 2.60339e+16	9.90e-01	9.77e-03	1.63e-05
 2.60730e+16	9.90e-01	9.52e-03	1.55e-05
 2.61086e+16	9.91e-01	9.31e-03	1.48e-05
 2.61476e+16	9.91e-01	9.07e-03	1.40e-05
 2.61896e+16	9.91e-01	8.83e-03	1.33e-05
 2.62279e+16	9.91e-01	8.63e-03	1.27e-05
 2.62699e+16	9.92e-01	8.39e-03	1.20e-05
 2.63152e+16	9.92e-01	8.16e-03	1.14e-05
 2.63564e+16	9.92e-01	7.96e-03	1.09e-05
 2.64016e+16	9.92e-01	7.74e-03	1.03e-05
 2.64504e+16	9.92e-01	7.51e-03	9.68e-06
 2.64947e+16	9.93e-01	7.32e-03	9.20e-06
 2.65434e+16	9.93e-01	7.11e-03	8.67e-06
 2.66066e+16	9.93e-01	6.83e-03	8.03e-06
 2.66791e+16	9.93e-01	6.55e-03	7.38e-06
 2.67523e+16	9.94e-01	6.28e-03	6.80e-06
 2.68264e+16	9.94e-01	6.02e-03	6.26e-06
 2.69037e+16	9.94e-01	5.77e-03	5.74e-06
 2.69844e+16	9.94e-01	5.52e-03	5.26e-06
 2.70679e+16	9.95e-01	5.27e-03	4.81e-06
 2.71543e+16	9.95e-01	5.03e-03	4.39e-06
 2.72437e+16	9.95e-01	4.80e-03	3.99e-06
 2.73355e+16	9.95e-01	4.58e-03	3.63e-06
 2.74288e+16	9.96e-01	4.36e-03	3.30e-06
 2.75237e+16	9.96e-01	4.16e-03	3.00e-06
 2.76205e+16	9.96e-01	3.96e-03	2.73e-06
 2.77191e+16	9.96e-01	3.77e-03	2.47e-06
 2.78195e+16	9.96e-01	3.59e-03	2.24e-06
 2.79219e+16	9.97e-01	3.42e-03	2.04e-06
 2.80247e+16	9.97e-01	3.25e-03	1.85e-06
 2.81291e+16	9.97e-01	3.10e-03	1.67e-06
 2.82371e+16	9.97e-01	2.94e-03	1.51e-06
 2.83479e+16	9.97e-01	2.80e-03	1.37e-06
 2.84603e+16	9.97e-01	2.66e-03	1.23e-06
 2.85746e+16	9.97e-01	2.52e-03	1.11e-06
 2.86912e+16	9.98e-01	2.39e-03	1.00e-06
 2.88104e+16	9.98e-01	2.27e-03	9.02e-07
 2.89316e+16	9.98e-01	2.15e-03	8.11e-07
 2.90552e+16	9.98e-01	2.04e-03	7.28e-07
 2.91812e+16	9.98e-01	1.93e-03	6.53e-07
 2.93099e+16	9.98e-01	1.83e-03	5.85e-07
 2.94414e+16	9.98e-01	1.73e-03	5.24e-07
 2.95756e+16	9.98e-01	1.63e-03	4.68e-07
 2.97126e+16	9.98e-01	1.54e-03	4.17e-07
 2.98526e+16	9.99e-01	1.46e-03	3.72e-07
 2.99957e+16	9.99e-01	1.37e-03	3.31e-07
 3.01421e+16	9.99e-01	1.29e-03	2.94e-07
 3.02919e+16	9.99e-01	1.22e-03	2.60e-07
 3.04452e+16	9.99e-01	1.15e-03	2.30e-07
 3.06023e+16	9.99e-01	1.08e-03	2.03e-07
 3.07634e+16	9.99e-01	1.01e-03	1.79e-07
 3.09287e+16	9.99e-01	9.48e-04	1.57e-07
 3.10983e+16	9.99e-01	8.89e-04	1.38e-07
 3.12726e+16	9.99e-01	8.31e-04	1.21e-07
 3.14520e+16	9.99e-01	7.77e-04	1.05e-07
 3.16369e+16	9.99e-01	7.24e-04	9.14e-08
 3.18275e+16	9.99e-01	6.75e-04	7.94e-08
 3.20202e+16	9.99e-01	6.29e-04	6.88e-08
 3.22184e+16	9.99e-01	5.85e-04	5.93e-08
 3.24288e+16	9.99e-01	5.41e-04	5.07e-08
 3.26490e+16	9.99e-01	5.00e-04	4.32e-08
 3.28766e+16	1.00e+00	4.61e-04	3.66e-08
 3.31128e+16	1.00e+00	4.24e-04	3.08e-08
 3.33597e+16	1.00e+00	3.88e-04	2.58e-08
 3.36188e+16	1.00e+00	3.54e-04	2.14e-08
 3.38917e+16	1.00e+00	3.22e-04	1.76e-08
 3.41795e+16	1.00e+00	2.91e-04	1.44e-08
 3.44851e+16	1.00e+00	2.62e-04	1.16e-08
 3.48085e+16	1.00e+00	2.35e-04	9.23e-09
 3.51541e+16	1.00e+00	2.09e-04	7.25e-09
 3.55289e+16	1.00e+00	1.84e-04	5.59e-09
 3.59341e+16	1.00e+00	1.60e-04	4.23e-09
 3.63759e+16	1.00e+00	1.38e-04	3.12e-09
 3.68643e+16	1.00e+00	1.17e-04	2.24e-09
 3.74060e+16	1.00e+00	9.80e-05	1.55e-09
 3.80226e+16	1.00e+00	7.98e-05	1.02e-09
 3.87456e+16	1.00e+00	6.27e-05	6.31e-10
 3.95460e+16	1.00e+00	4.83e-05	3.74e-10
 4.03606e+16	1.00e+00	3.72e-05	2.22e-10
 4.11714e+16	1.00e+00	2.87e-05	1.33e-10
 4.19935e+16	1.00e+00	2.21e-05	7.91e-11
 4.28412e+16	1.00e+00	1.69e-05	4.68e-11
 4.37205e+16	1.00e+00	1.29e-05	2.74e-11
 4.46309e+16	1.00e+00	9.76e-06	1.59e-11
 4.55731e+16	1.00e+00	7.37e-06	9.16e-12
 4.65556e+16	1.00e+00	5.52e-06	5.21e-12
 4.75877e+16	1.00e+00	4.11e-06	2.92e-12
 4.86751e+16	1.00e+00	3.03e-06	1.60e-12
 4.98213e+16	1.00e+00	2.21e-06	8.64e-13
 5.10326e+16	1.00e+00	1.60e-06	4.57e-13
 5.23271e+16	1.00e+00	1.14e-06	2.36e-13
 5.37251e+16	1.00e+00	8.01e-07	1.17e-13
 5.52346e+16	1.00e+00	5.52e-07	5.62e-14
 5.68002e+16	1.00e+00	3.81e-07	2.70e-14
 5.83663e+16	1.00e+00	2.65e-07	1.32e-14
 5.99323e+16	1.00e+00	1.87e-07	6.57e-15
 6.14984e+16	1.00e+00	1.32e-07	3.34e-15
 6.30644e+16	1.00e+00	9.49e-08	1.72e-15
 6.46305e+16	1.00e+00	6.86e-08	9.03e-16
 6.61965e+16	1.00e+00	4.99e-08	4.81e-16
 6.77626e+16	1.00e+00	3.67e-08	2.60e-16
 6.93286e+16	1.00e+00	2.71e-08	1.43e-16
 7.08946e+16	1.00e+00	2.02e-08	7.93e-17
 7.24607e+16	1.00e+00	1.51e-08	4.47e-17
 7.40267e+16	1.00e+00	1.14e-08	2.55e-17
 7.58277e+16	1.00e+00	8.25e-09	1.33e-17
 7.78942e+16	1.00e+00	5.79e-09	6.59e-18
 7.99914e+16	1.00e+00	4.09e-09	3.29e-18
 8.22399e+16	1.00e+00	2.83e-09	1.58e-18
 8.46748e+16	1.00e+00	1.93e-09	7.36e-19
 8.71450e+16	1.00e+00	1.32e-09	3.48e-19
 8.96152e+16	1.00e+00	9.19e-10	1.68e-19
 9.21915e+16	1.00e+00	6.33e-10	7.97e-20
 9.48999e+16	1.00e+00	4.33e-10	3.74e-20
 9.76745e+16	1.00e+00	2.97e-10	1.76e-20
 1.00503e+17	1.00e+00	2.04e-10	8.35e-21
 1.03345e+17	1.00e+00	1.42e-10	0.00e+00
 1.06187e+17	1.00e+00	9.93e-11	0.00e+00
 1.09029e+17	1.00e+00	7.02e-11	0.00e+00
 1.11871e+17	1.00e+00	5.01e-11	0.00e+00
 1.14713e+17	1.00e+00	3.60e-11	0.00e+00
 1.17555e+17	1.00e+00	2.61e-11	0.00e+00
 1.20397e+17	1.00e+00	1.91e-11	0.00e+00
 1.23383e+17	1.00e+00	1.38e-11	0.00e+00
 1.26513e+17	1.00e+00	1.00e-11	0.00e+00
 1.29643e+17	1.00e+00	7.31e-12	0.00e+00
 1.32773e+17	1.00e+00	5.42e-12	0.00e+00
 1.35902e+17	1.00e+00	4.07e-12	0.00e+00
 1.39032e+17	1.00e+00	3.10e-12	0.00e+00
 1.42162e+17	1.00e+00	2.40e-12	0.00e+00
 1.45292e+17	1.00e+00	1.90e-12	0.00e+00
 1.48576e+17	1.00e+00	1.51e-12	0.00e+00
 1.52058e+17	1.00e+00	1.21e-12	0.00e+00
 1.55493e+17	1.00e+00	9.95e-13	0.00e+00
 1.58734e+17	1.00e+00	8.53e-13	0.00e+00
 1.61791e+17	1.00e+00	7.57e-13	0.00e+00
 1.64721e+17	1.00e+00	6.88e-13	0.00e+00
 1.67555e+17	1.00e+00	6.36e-13	0.00e+00
 1.70282e+17	1.00e+00	5.98e-13	0.00e+00
 1.72875e+17	1.00e+00	5.70e-13	0.00e+00
 1.75329e+17	1.00e+00	5.49e-13	0.00e+00
 1.77651e+17	1.00e+00	5.34e-13	0.00e+00
 1.79853e+17	1.00e+00	5.23e-13	0.00e+00
 1.81945e+17	1.00e+00	5.14e-13	0.00e+00
 1.83929e+17	1.00e+00	5.08e-13	0.00e+00
 1.85805e+17	1.00e+00	5.03e-13	0.00e+00
 1.87577e+17	1.00e+00	5.00e-13	0.00e+00
 1.89252e+17	1.00e+00	4.97e-13	0.00e+00
 1.90837e+17	1.00e+00	4.95e-13	0.00e+00
 1.92338e+17	1.00e+00	4.94e-13	0.00e+00
 1.93759e+17	1.00e+00	4.93e-13	0.00e+00
 1.95103e+17	1.00e+00	4.92e-13	0.00e+00
 1.96375e+17	1.00e+00	4.92e-13	0.00e+00
 1.97579e+17	1.00e+00	4.91e-13	0.00e+00
 1.98720e+17	1.00e+00	4.91e-13	0.00e+00
 1.99802e+17	1.00e+00	4.91e-13	0.00e+00
 2.00827e+17	1.00e+00	4.91e-13	0.00e+00
 2.01800e+17	1.00e+00	4.91e-13	0.00e+00
 2.02721e+17	1.00e+00	4.92e-13	0.00e+00
 2.03596e+17	1.00e+00	4.92e-13	0.00e+00
 2.04427e+17	1.00e+00	4.92e-13	0.00e+00
 2.05217e+17	1.00e+00	4.92e-13	0.00e+00
 2.05967e+17	1.00e+00	4.92e-13	0.00e+00
 2.06681e+17	1.00e+00	4.93e-13	0.00e+00
 2.07359e+17	1.00e+00	4.93e-13	0.00e+00
 2.08004e+17	1.00e+00	4.93e-13	0.00e+00
 2.08620e+17	1.00e+00	4.93e-13	0.00e+00
 2.09206e+17	1.00e+00	4.93e-13	0.00e+00
 2.09765e+17	1.00e+00	4.94e-13	0.00e+00
 2.10299e+17	1.00e+00	4.94e-13	0.00e+00
 2.10808e+17	1.00e+00	4.94e-13	0.00e+00
 2.11295e+17	1.00e+00	4.94e-13	0.00e+00
 2.11761e+17	1.00e+00	4.94e-13	0.00e+00
 2.12208e+17	1.00e+00	4.94e-13	0.00e+00
 2.12636e+17	1.00e+00	4.95e-13	0.00e+00
 2.13047e+17	1.00e+00	4.95e-13	0.00e+00
 2.13442e+17	1.00e+00	4.95e-13	0.00e+00
 2.13822e+17	1.00e+00	4.95e-13	0.00e+00
 2.14189e+17	1.00e+00	4.95e-13	0.00e+00
 2.14543e+17	1.00e+00	4.95e-13	0.00e+00
 2.14886e+17	1.00e+00	4.95e-13	0.00e+00
 2.15219e+17	1.00e+00	4.95e-13	0.00e+00
 2.15542e+17	1.00e+00	4.95e-13	0.00e+00
 2.15858e+17	1.00e+00	4.95e-13	0.00e+00
 2.16166e+17	1.00e+00	4.95e-13	0.00e+00
 2.16469e+17	1.00e+00	4.95e-13	0.00e+00
 2.16767e+17	1.00e+00	4.95e-13	0.00e+00
 2.17063e+17	1.00e+00	4.95e-13	0.00e+00
 2.17356e+17	1.00e+00	4.95e-13	0.00e+00
 2.17649e+17	1.00e+00	4.95e-13	0.00e+00
 2.17944e+17	1.00e+00	4.95e-13	0.00e+00
 2.18242e+17	1.00e+00	4.95e-13	0.00e+00
 2.18546e+17	1.00e+00	4.94e-13	0.00e+00
 2.18859e+17	1.00e+00	4.94e-13	0.00e+00
 2.19185e+17	1.00e+00	4.94e-13	0.00e+00
 2.19527e+17	1.00e+00	4.93e-13	0.00e+00
 2.19892e+17	1.00e+00	4.93e-13	0.00e+00
 2.20286e+17	1.00e+00	4.92e-13	0.00e+00
 2.20720e+17	1.00e+00	4.92e-13	0.00e+00
 2.21208e+17	1.00e+00	4.91e-13	0.00e+00
 2.21768e+17	1.00e+00	4.89e-13	0.00e+00
 2.22429e+17	1.00e+00	4.87e-13	0.00e+00
 2.23233e+17	1.00e+00	4.84e-13	0.00e+00
 2.24247e+17	1.00e+00	4.80e-13	0.00e+00
 2.25558e+17	1.00e+00	4.73e-13	0.00e+00
 2.27262e+17	1.00e+00	4.62e-13	0.00e+00
 2.29477e+17	1.00e+00	4.45e-13	0.00e+00
 2.32357e+17	1.00e+00	4.20e-13	0.00e+00
 2.36101e+17	1.00e+00	3.88e-13	0.00e+00
 2.40967e+17	1.00e+00	3.46e-13	0.00e+00
 2.47294e+17	1.00e+00	2.95e-13	0.00e+00
 2.55519e+17	1.00e+00	2.38e-13	0.00e+00
 2.65371e+17	1.00e+00	1.77e-13	0.00e+00
 2.75986e+17	1.00e+00	1.44e-13	0.00e+00
 2.87025e+17	1.00e+00	1.29e-13	0.00e+00
 2.98506e+17	1.00e+00	1.15e-13	0.00e+00
 3.10446e+17	1.00e+00	1.03e-13	0.00e+00
 3.22864e+17	1.00e+00	9.15e-14	0.00e+00
 3.35779e+17	1.00e+00	8.02e-14	0.00e+00
 3.49210e+17	1.00e+00	6.96e-14	0.00e+00
 3.63179e+17	1.00e+00	5.96e-14	0.00e+00
 3.76918e+17	1.00e+00	5.03e-14	0.00e+00
 3.89292e+17	1.00e+00	5.07e-14	0.00e+00
 4.00136e+17	1.00e+00	5.60e-14	0.00e+00
 4.10046e+17	1.00e+00	5.94e-14	0.00e+00
 4.19599e+17	1.00e+00	5.76e-14	0.00e+00
 4.28807e+17	1.00e+00	5.30e-14	0.00e+00
 4.37254e+17	1.00e+00	4.94e-14	0.00e+00
 4.44599e+17	1.00e+00	4.82e-14	0.00e+00
 4.50861e+17	1.00e+00	4.80e-14	0.00e+00
 4.55725e+17	1.00e+00	4.72e-14	0.00e+00
 4.58832e+17	1.00e+00	4.88e-14	0.00e+00
 4.60628e+17	1.00e+00	5.08e-14	0.00e+00
 4.61701e+17	1.00e+00	5.21e-14	0.00e+00
 4.62344e+17	1.00e+00	5.29e-14	0.00e+00
 4.62767e+17	1.00e+00	5.33e-14	0.00e+00
 4.63122e+17	1.00e+00	5.36e-14	0.00e+00
 4.63504e+17	1.00e+00	5.38e-14	0.00e+00
 4.63936e+17	1.00e+00	5.40e-14	0.00e+00
 4.64341e+17	1.00e+00	5.41e-14	0.00e+00
 4.64677e+17	1.00e+00	5.41e-14	0.00e+00
 4.64967e+17	1.00e+00	5.41e-14	0.00e+00
 4.65246e+17	1.00e+00	5.41e-14	0.00e+00
 4.65538e+17	1.00e+00	5.40e-14	0.00e+00
 4.65814e+17	1.00e+00	5.39e-14	0.00e+00
 4.66056e+17	1.00e+00	5.39e-14	0.00e+00
 4.66288e+17	1.00e+00	5.38e-14	0.00e+00
 4.66515e+17	1.00e+00	5.37e-14	0.00e+00
 4.66726e+17	1.00e+00	5.36e-14	0.00e+00
 4.66928e+17	1.00e+00	5.34e-14	0.00e+00
 4.67134e+17	1.00e+00	5.33e-14	0.00e+00
 4.67335e+17	1.00e+00	5.32e-14	0.00e+00
 4.67514e+17	1.00e+00	5.30e-14	0.00e+00
 4.67678e+17	1.00e+00	5.29e-14	0.00e+00
 4.67838e+17	1.00e+00	5.28e-14	0.00e+00
 4.67998e+17	1.00e+00	5.26e-14	0.00e+00
 4.68159e+17	1.00e+00	5.25e-14	0.00e+00
 4.68317e+17	1.00e+00	5.23e-14	0.00e+00
 4.68472e+17	1.00e+00	5.22e-14	0.00e+00
 4.68616e+17	1.00e+00	5.20e-14	0.00e+00
 4.68751e+17	1.00e+00	5.19e-14	0.00e+00
 4.68891e+17	1.00e+00	5.17e-14	0.00e+00
 4.69037e+17	1.00e+00	5.16e-14	0.00e+00
 4.69179e+17	1.00e+00	5.14e-14	0.00e+00
 4.69314e+17	1.00e+00	5.12e-14	0.00e+00
 4.69451e+17	1.00e+00	5.10e-14	0.00e+00
 4.69590e+17	1.00e+00	5.09e-14	0.00e+00
 4.69724e+17	1.00e+00	5.07e-14	0.00e+00
 4.69855e+17	1.00e+00	5.05e-14	0.00e+00
 4.69993e+17	1.00e+00	5.03e-14	0.00e+00
 4.70136e+17	1.00e+00	5.01e-14	0.00e+00
 4.70282e+17	1.00e+00	4.99e-14	0.00e+00
 4.70420e+17	1.00e+00	4.97e-14	0.00e+00
 4.70550e+17	1.00e+00	4.95e-14	0.00e+00
 4.70695e+17	1.00e+00	4.93e-14	0.00e+00
 4.70857e+17	1.00e+00	4.90e-14	0.00e+00
 4.71012e+17	1.00e+00	4.87e-14	0.00e+00
 4.71154e+17	1.00e+00	4.85e-14	0.00e+00
 4.71309e+17	1.00e+00	4.83e-14	0.00e+00
 4.71493e+17	1.00e+00	4.79e-14	0.00e+00
 4.71672e+17	1.00e+00	4.76e-14	0.00e+00
 4.71825e+17	1.00e+00	4.73e-14	0.00e+00
 4.71980e+17	1.00e+00	4.71e-14	0.00e+00
 4.72162e+17	1.00e+00	4.67e-14	0.00e+00
 4.72354e+17	1.00e+00	4.64e-14	0.00e+00
 4.72534e+17	1.00e+00	4.60e-14	0.00e+00
 4.72714e+17	1.00e+00	4.57e-14	0.00e+00
 4.72914e+17	1.00e+00	4.53e-14	0.00e+00
 4.73125e+17	1.00e+00	4.49e-14	0.00e+00
 4.73336e+17	1.00e+00	4.45e-14	0.00e+00
 4.73537e+17	1.00e+00	4.41e-14	0.00e+00
 4.73736e+17	1.00e+00	4.37e-14	0.00e+00
 4.73955e+17	1.00e+00	4.33e-14	0.00e+00
 4.74186e+17	1.00e+00	4.28e-14	0.00e+00
 4.74426e+17	1.00e+00	4.23e-14	0.00e+00
 4.74668e+17	1.00e+00	4.19e-14	0.00e+00
 4.74911e+17	1.00e+00	4.14e-14	0.00e+00
 4.75165e+17	1.00e+00	4.08e-14	0.00e+00
 4.75426e+17	1.00e+00	4.03e-14	0.00e+00
 4.75694e+17	1.00e+00	3.97e-14	0.00e+00
 4.75968e+17	1.00e+00	3.92e-14	0.00e+00
 4.76249e+17	1.00e+00	3.86e-14	0.00e+00
 4.76538e+17	1.00e+00	3.80e-14	0.00e+00
 4.76826e+17	1.00e+00	3.74e-14	0.00e+00
 4.77136e+17	1.00e+00	3.68e-14	0.00e+00
 4.77466e+17	1.00e+00	3.61e-14	0.00e+00
 4.77790e+17	1.00e+00	3.54e-14	0.00e+00
 4.78112e+17	1.00e+00	3.47e-14	0.00e+00
 4.78449e+17	1.00e+00	3.40e-14	0.00e+00
 4.78802e+17	1.00e+00	3.33e-14	0.00e+00
 4.79166e+17	1.00e+00	3.25e-14	0.00e+00
 4.79538e+17	1.00e+00	3.18e-14	0.00e+00
 4.79908e+17	1.00e+00	3.10e-14	0.00e+00
 4.80276e+17	1.00e+00	3.03e-14	0.00e+00
 4.80663e+17	1.00e+00	2.95e-14	0.00e+00
 4.81078e+17	1.00e+00	2.87e-14	0.00e+00
 4.81498e+17	1.00e+00	2.78e-14	0.00e+00
 4.81910e+17	1.00e+00	2.70e-14	0.00e+00
 4.82328e+17	1.00e+00	2.62e-14	0.00e+00
 4.82768e+17	1.00e+00	2.54e-14	0.00e+00
 4.83224e+17	1.00e+00	2.45e-14	0.00e+00
 4.83688e+17	1.00e+00	2.37e-14	0.00e+00
 4.84154e+17	1.00e+00	2.28e-14	0.00e+00
 4.84631e+17	1.00e+00	2.19e-14	0.00e+00
 4.85119e+17	1.00e+00	2.11e-14	0.00e+00
 4.85612e+17	1.00e+00	2.02e-14	0.00e+00
 4.86113e+17	1.00e+00	1.94e-14	0.00e+00
 4.86641e+17	1.00e+00	1.85e-14	0.00e+00
 4.87187e+17	1.00e+00	1.76e-14	0.00e+00
 4.87738e+17	1.00e+00	1.68e-14	0.00e+00
 4.88295e+17	1.00e+00	1.59e-14	0.00e+00
 4.88846e+17	1.00e+00	1.51e-14	0.00e+00
 4.89414e+17	1.00e+00	1.43e-14	0.00e+00
 4.90021e+17	1.00e+00	1.35e-14	0.00e+00
 4.90652e+17	1.00e+00	1.27e-14	0.00e+00
 4.91303e+17	1.00e+00	1.19e-14	0.00e+00
 4.91968e+17	1.00e+00	1.10e-14	0.00e+00
 4.92631e+17	1.00e+00	1.03e-14	0.00e+00
 4.93297e+17	1.00e+00	9.56e-15	0.00e+00
 4.93945e+17	1.00e+00	8.86e-15	0.00e+00
 4.94544e+17	1.00e+00	8.26e-15	0.00e+00
 4.95072e+17	1.00e+00	7.73e-15	0.00e+00
 4.95546e+17	1.00e+00	7.30e-15	0.00e+00
 4.95994e+17	1.00e+00	6.91e-15	0.00e+00
 4.96433e+17	1.00e+00	6.55e-15	0.00e+00
 4.96858e+17	1.00e+00	6.21e-15	0.00e+00
 4.97260e+17	1.00e+00	5.90e-15	0.00e+00
 4.97636e+17	1.00e+00	5.62e-15	0.00e+00
 4.97995e+17	1.00e+00	5.36e-15	0.00e+00
 4.98343e+17	1.00e+00	5.13e-15	0.00e+00
 4.98681e+17	1.00e+00	4.90e-15	0.00e+00
 4.99007e+17	1.00e+00	4.69e-15	0.00e+00
 4.99319e+17	1.00e+00	4.49e-15	0.00e+00
 4.99618e+17	1.00e+00	4.30e-15	0.00e+00
 4.99908e+17	1.00e+00	4.13e-15	0.00e+00
 5.00188e+17	1.00e+00	3.97e-15	0.00e+00
 5.00459e+17	1.00e+00	3.81e-15	0.00e+00
 5.00722e+17	1.00e+00	3.66e-15	0.00e+00
 5.00975e+17	1.00e+00	3.52e-15	0.00e+00
 5.01219e+17	1.00e+00	3.39e-15	0.00e+00
 5.01456e+17	1.00e+00	3.27e-15	0.00e+00
 5.01687e+17	1.00e+00	3.15e-15	0.00e+00
 5.01912e+17	1.00e+00	3.04e-15	0.00e+00
 5.02132e+17	1.00e+00	2.93e-15	0.00e+00
 5.02346e+17	1.00e+00	2.82e-15	0.00e+00
 5.02550e+17	1.00e+00	2.73e-15	0.00e+00
 5.02747e+17	1.00e+00	2.64e-15	0.00e+00
 5.02942e+17	1.00e+00	2.56e-15	0.00e+00
 5.03137e+17	1.00e+00	2.47e-15	0.00e+00
 5.03328e+17	1.00e+00	2.39e-15	0.00e+00
 5.03544e+17	1.00e+00	2.31e-15	0.00e+00
 5.03825e+17	1.00e+00	2.22e-15	0.00e+00
 5.04190e+17	1.00e+00	2.09e-15	0.00e+00
 5.04665e+17	1.00e+00	1.94e-15	0.00e+00
 5.05282e+17	1.00e+00	1.76e-15	0.00e+00
 5.06085e+17	1.00e+00	1.54e-15	0.00e+00
 5.07027e+17	1.00e+00	1.29e-15	0.00e+00
 5.07902e+17	1.00e+00	1.06e-15	0.00e+00
 5.08564e+17	1.00e+00	9.13e-16	0.00e+00
 5.09078e+17	1.00e+00	8.18e-16	0.00e+00
 5.09572e+17	1.00e+00	7.43e-16	0.00e+00
 5.10132e+17	1.00e+00	6.69e-16	0.00e+00
 5.10751e+17	1.00e+00	5.92e-16	0.00e+00
 5.11363e+17	1.00e+00	5.20e-16	0.00e+00
 5.11928e+17	1.00e+00	4.61e-16	0.00e+00
 5.12464e+17	1.00e+00	4.13e-16	0.00e+00
 5.13013e+17	1.00e+00	3.70e-16	0.00e+00
 5.13603e+17	1.00e+00	3.30e-16	0.00e+00
