#depth	N	N+	N+2	N+3	N+4	N+5	N+6	N+7
 1.49634e+10	0.00e+00	0.00e+00	6.83e-29	4.62e-19	3.59e-10	8.81e-01	1.19e-01	7.27e-06
 4.54887e+10	0.00e+00	3.28e-39	8.74e-29	5.46e-19	3.92e-10	8.89e-01	1.11e-01	6.25e-06
 7.72350e+10	0.00e+00	0.00e+00	1.12e-28	6.45e-19	4.28e-10	8.97e-01	1.03e-01	5.37e-06
 1.10251e+11	0.00e+00	6.29e-39	1.43e-28	7.62e-19	4.67e-10	9.04e-01	9.56e-02	4.61e-06
 1.44588e+11	0.00e+00	0.00e+00	1.82e-28	8.99e-19	5.10e-10	9.11e-01	8.88e-02	3.95e-06
 1.80298e+11	0.00e+00	1.20e-38	2.33e-28	1.06e-18	5.56e-10	9.18e-01	8.24e-02	3.39e-06
 2.17437e+11	0.00e+00	0.00e+00	2.98e-28	1.25e-18	6.05e-10	9.24e-01	7.64e-02	2.90e-06
 2.56061e+11	0.00e+00	2.29e-38	3.80e-28	1.48e-18	6.60e-10	9.29e-01	7.08e-02	2.48e-06
 2.96231e+11	0.00e+00	0.00e+00	4.85e-28	1.74e-18	7.18e-10	9.34e-01	6.55e-02	2.12e-06
 3.38007e+11	0.00e+00	4.38e-38	6.19e-28	2.05e-18	7.82e-10	9.39e-01	6.07e-02	1.81e-06
 3.81454e+11	0.00e+00	0.00e+00	7.90e-28	2.42e-18	8.51e-10	9.44e-01	5.61e-02	1.55e-06
 4.26639e+11	0.00e+00	8.36e-38	1.01e-27	2.85e-18	9.26e-10	9.48e-01	5.16e-02	1.31e-06
 4.73631e+11	0.00e+00	0.00e+00	1.29e-27	3.36e-18	1.01e-09	9.52e-01	4.77e-02	1.12e-06
 5.19238e+11	0.00e+00	1.56e-37	1.61e-27	3.91e-18	1.09e-09	9.56e-01	4.43e-02	9.66e-07
 5.61219e+11	0.00e+00	0.00e+00	1.98e-27	4.48e-18	1.17e-09	9.58e-01	4.15e-02	0.00e+00
 6.07982e+11	0.00e+00	2.73e-37	2.46e-27	5.19e-18	1.26e-09	9.61e-01	3.86e-02	0.00e+00
 6.62064e+11	0.00e+00	0.00e+00	3.13e-27	6.11e-18	1.37e-09	9.64e-01	3.57e-02	0.00e+00
 7.15435e+11	0.00e+00	5.11e-37	3.95e-27	7.13e-18	1.48e-09	9.67e-01	3.31e-02	0.00e+00
 7.70941e+11	0.00e+00	0.00e+00	4.98e-27	8.33e-18	1.60e-09	9.69e-01	3.06e-02	0.00e+00
 8.31705e+11	0.00e+00	9.62e-37	6.35e-27	9.81e-18	1.74e-09	9.72e-01	2.82e-02	0.00e+00
 8.93282e+11	0.00e+00	0.00e+00	8.06e-27	1.15e-17	1.89e-09	9.74e-01	2.61e-02	0.00e+00
 9.57322e+11	0.00e+00	1.81e-36	1.02e-26	1.35e-17	2.05e-09	9.76e-01	2.41e-02	0.00e+00
 1.02554e+12	5.54e-47	2.51e-36	1.31e-26	1.59e-17	2.23e-09	9.78e-01	2.22e-02	0.00e+00
 1.09649e+12	0.00e+00	0.00e+00	1.67e-26	1.88e-17	2.42e-09	9.80e-01	2.04e-02	0.00e+00
 1.17028e+12	0.00e+00	4.82e-36	2.14e-26	2.21e-17	2.63e-09	9.81e-01	1.88e-02	0.00e+00
 1.24701e+12	1.88e-46	6.68e-36	2.73e-26	2.61e-17	2.86e-09	9.83e-01	1.73e-02	0.00e+00
 1.32682e+12	0.00e+00	0.00e+00	3.50e-26	3.08e-17	3.11e-09	9.84e-01	1.59e-02	0.00e+00
 1.40982e+12	0.00e+00	1.29e-35	4.48e-26	3.63e-17	3.38e-09	9.85e-01	1.47e-02	0.00e+00
 1.49614e+12	6.42e-46	1.79e-35	5.74e-26	4.29e-17	3.68e-09	9.87e-01	1.35e-02	0.00e+00
 1.57741e+12	0.00e+00	0.00e+00	7.19e-26	4.99e-17	3.97e-09	9.87e-01	1.25e-02	0.00e+00
 1.65025e+12	0.00e+00	3.12e-35	8.74e-26	5.69e-17	4.24e-09	9.88e-01	1.17e-02	0.00e+00
 1.73209e+12	1.83e-45	4.15e-35	1.08e-25	6.56e-17	4.56e-09	9.89e-01	1.09e-02	0.00e+00
 1.82888e+12	0.00e+00	0.00e+00	1.38e-25	7.73e-17	4.95e-09	9.90e-01	1.00e-02	0.00e+00
 1.92606e+12	0.00e+00	7.84e-35	1.75e-25	9.06e-17	5.36e-09	9.91e-01	9.26e-03	0.00e+00
 2.01750e+12	5.79e-45	1.04e-34	2.17e-25	1.05e-16	5.77e-09	9.91e-01	8.61e-03	0.00e+00
 2.11850e+12	0.00e+00	0.00e+00	2.73e-25	1.22e-16	6.24e-09	9.92e-01	7.96e-03	0.00e+00
 2.23316e+12	0.00e+00	1.98e-34	3.52e-25	1.45e-16	6.80e-09	9.93e-01	7.30e-03	0.00e+00
 2.34792e+12	1.93e-44	2.73e-34	4.49e-25	1.70e-16	7.38e-09	9.93e-01	6.72e-03	0.00e+00
 2.46726e+12	0.00e+00	3.78e-34	5.74e-25	2.01e-16	8.03e-09	9.94e-01	6.19e-03	0.00e+00
 2.59587e+12	4.40e-44	5.30e-34	7.41e-25	2.39e-16	8.75e-09	9.94e-01	5.67e-03	0.00e+00
 2.71647e+12	0.00e+00	7.19e-34	9.33e-25	2.79e-16	9.47e-09	9.95e-01	5.24e-03	0.00e+00
 2.82412e+12	8.95e-44	9.36e-34	1.14e-24	3.19e-16	1.01e-08	9.95e-01	4.90e-03	0.00e+00
 2.94514e+12	0.00e+00	1.25e-33	1.42e-24	3.69e-16	1.09e-08	9.95e-01	4.55e-03	0.00e+00
 3.08877e+12	1.94e-43	1.74e-33	1.82e-24	4.37e-16	1.19e-08	9.96e-01	4.17e-03	0.00e+00
 3.23308e+12	0.00e+00	2.40e-33	2.33e-24	5.15e-16	1.29e-08	9.96e-01	3.84e-03	0.00e+00
 3.36814e+12	4.16e-43	3.21e-33	2.90e-24	5.99e-16	1.40e-08	9.96e-01	3.56e-03	0.00e+00
 3.51777e+12	0.00e+00	4.39e-33	3.68e-24	7.02e-16	1.51e-08	9.97e-01	3.28e-03	0.00e+00
 3.68841e+12	9.40e-43	6.19e-33	4.78e-24	8.38e-16	1.66e-08	9.97e-01	3.00e-03	0.00e+00
 3.85617e+12	0.00e+00	8.58e-33	6.13e-24	9.91e-16	1.81e-08	9.97e-01	2.75e-03	0.00e+00
 4.03065e+12	2.12e-42	1.19e-32	7.86e-24	1.17e-15	1.97e-08	9.97e-01	2.52e-03	0.00e+00
 4.22180e+12	0.00e+00	1.68e-32	1.02e-23	1.40e-15	2.16e-08	9.98e-01	2.30e-03	0.00e+00
 4.41364e+12	4.93e-42	2.35e-32	1.32e-23	1.67e-15	2.36e-08	9.98e-01	2.11e-03	0.00e+00
 4.61316e+12	0.00e+00	3.29e-32	1.71e-23	1.99e-15	2.58e-08	9.98e-01	1.93e-03	0.00e+00
 4.82761e+12	1.15e-41	4.65e-32	2.23e-23	2.39e-15	2.83e-08	9.98e-01	1.76e-03	0.00e+00
 5.03991e+12	0.00e+00	6.48e-32	2.87e-23	2.84e-15	3.09e-08	9.98e-01	1.61e-03	0.00e+00
 5.26071e+12	2.61e-41	9.03e-32	3.70e-23	3.38e-15	3.39e-08	9.99e-01	1.47e-03	0.00e+00
 5.50106e+12	0.00e+00	1.28e-31	4.84e-23	4.06e-15	3.72e-08	9.99e-01	1.34e-03	0.00e+00
 5.75103e+12	6.16e-41	1.81e-31	6.32e-23	4.88e-15	4.10e-08	9.99e-01	1.22e-03	0.00e+00
 6.01100e+12	0.00e+00	2.56e-31	8.27e-23	5.88e-15	4.51e-08	9.99e-01	1.10e-03	0.00e+00
 6.28137e+12	1.45e-40	3.62e-31	1.08e-22	7.07e-15	4.97e-08	9.99e-01	1.00e-03	0.00e+00
 6.56255e+12	0.00e+00	5.11e-31	1.41e-22	8.52e-15	5.48e-08	9.99e-01	9.11e-04	0.00e+00
 6.81711e+12	3.20e-40	6.90e-31	1.79e-22	1.00e-14	5.96e-08	9.99e-01	8.37e-04	0.00e+00
 7.02960e+12	0.00e+00	8.79e-31	2.16e-22	1.14e-14	6.39e-08	9.99e-01	7.81e-04	0.00e+00
 7.26255e+12	5.90e-40	1.14e-30	2.63e-22	1.32e-14	6.88e-08	9.99e-01	7.26e-04	0.00e+00
 7.55706e+12	0.00e+00	1.56e-30	3.37e-22	1.57e-14	7.54e-08	9.99e-01	6.63e-04	0.00e+00
 7.86411e+12	1.27e-39	2.13e-30	4.31e-22	1.86e-14	8.27e-08	9.99e-01	6.05e-04	0.00e+00
 8.12522e+12	0.00e+00	2.75e-30	5.27e-22	2.15e-14	8.92e-08	9.99e-01	5.61e-04	0.00e+00
 8.39412e+12	2.37e-39	3.55e-30	6.44e-22	2.48e-14	9.62e-08	9.99e-01	5.21e-04	0.00e+00
 8.73199e+12	0.00e+00	4.83e-30	8.21e-22	2.94e-14	1.05e-07	1.00e+00	4.75e-04	0.00e+00
 9.07504e+12	4.95e-39	6.52e-30	1.04e-21	3.49e-14	1.15e-07	1.00e+00	4.34e-04	0.00e+00
 9.37009e+12	0.00e+00	8.35e-30	1.27e-21	4.01e-14	1.24e-07	1.00e+00	4.03e-04	0.00e+00
 9.68724e+12	9.11e-39	1.08e-29	1.55e-21	4.64e-14	1.35e-07	1.00e+00	3.73e-04	0.00e+00
 1.00788e+13	0.00e+00	1.46e-29	1.97e-21	5.53e-14	1.48e-07	1.00e+00	3.40e-04	0.00e+00
 1.04799e+13	1.88e-38	1.97e-29	2.50e-21	6.56e-14	1.62e-07	1.00e+00	3.10e-04	0.00e+00
 1.08422e+13	0.00e+00	2.54e-29	3.07e-21	7.61e-14	1.76e-07	1.00e+00	2.86e-04	0.00e+00
 1.12413e+13	3.55e-38	3.34e-29	3.82e-21	8.90e-14	1.91e-07	1.00e+00	2.63e-04	0.00e+00
 1.17112e+13	0.00e+00	4.54e-29	4.88e-21	1.06e-13	2.11e-07	1.00e+00	2.39e-04	0.00e+00
 1.21811e+13	7.30e-38	6.08e-29	6.17e-21	1.26e-13	2.31e-07	1.00e+00	2.18e-04	0.00e+00
 1.26280e+13	0.00e+00	7.94e-29	7.64e-21	1.48e-13	2.52e-07	1.00e+00	2.00e-04	0.00e+00
 1.31213e+13	1.41e-37	1.05e-28	9.58e-21	1.74e-13	2.76e-07	1.00e+00	1.83e-04	0.00e+00
 1.36761e+13	0.00e+00	1.43e-28	1.22e-20	2.08e-13	3.04e-07	1.00e+00	1.66e-04	0.00e+00
 1.42312e+13	2.87e-37	1.91e-28	1.54e-20	2.47e-13	3.34e-07	1.00e+00	1.52e-04	0.00e+00
 1.47232e+13	0.00e+00	2.44e-28	1.88e-20	2.85e-13	3.61e-07	1.00e+00	1.40e-04	0.00e+00
 1.51360e+13	4.90e-37	2.98e-28	2.21e-20	3.21e-13	3.86e-07	1.00e+00	1.31e-04	0.00e+00
 1.55804e+13	0.00e+00	3.67e-28	2.61e-20	3.63e-13	4.12e-07	1.00e+00	1.23e-04	0.00e+00
 1.61581e+13	8.61e-37	4.77e-28	3.23e-20	4.23e-13	4.49e-07	1.00e+00	1.13e-04	0.00e+00
 1.67626e+13	0.00e+00	6.20e-28	3.99e-20	4.94e-13	4.89e-07	1.00e+00	1.04e-04	0.00e+00
 1.72784e+13	1.53e-36	7.70e-28	4.75e-20	5.62e-13	5.25e-07	1.00e+00	9.68e-05	0.00e+00
 1.78255e+13	0.00e+00	9.62e-28	5.68e-20	6.40e-13	5.64e-07	1.00e+00	9.01e-05	0.00e+00
 1.85124e+13	2.75e-36	1.26e-27	7.05e-20	7.50e-13	6.15e-07	1.00e+00	8.26e-05	0.00e+00
 1.92195e+13	0.00e+00	1.64e-27	8.74e-20	8.78e-13	6.71e-07	1.00e+00	7.58e-05	0.00e+00
 1.98439e+13	4.97e-36	2.06e-27	1.05e-19	1.00e-12	7.22e-07	1.00e+00	7.05e-05	0.00e+00
 2.05226e+13	0.00e+00	2.61e-27	1.27e-19	1.15e-12	7.80e-07	1.00e+00	6.53e-05	0.00e+00
 2.12707e+13	8.94e-36	3.36e-27	1.56e-19	1.34e-12	8.47e-07	1.00e+00	6.02e-05	0.00e+00
 2.19587e+13	0.00e+00	4.21e-27	1.87e-19	1.53e-12	9.11e-07	1.00e+00	5.60e-05	0.00e+00
 2.27029e+13	1.55e-35	5.33e-27	2.26e-19	1.75e-12	9.83e-07	1.00e+00	5.19e-05	0.00e+00
 2.35337e+13	0.00e+00	6.86e-27	2.77e-19	2.03e-12	1.07e-06	1.00e+00	4.78e-05	0.00e+00
 2.43130e+13	2.76e-35	8.63e-27	3.33e-19	2.33e-12	1.15e-06	1.00e+00	4.45e-05	0.00e+00
 2.51621e+13	0.00e+00	1.10e-26	4.04e-19	2.68e-12	1.24e-06	1.00e+00	4.12e-05	0.00e+00
 2.61052e+13	5.03e-35	1.42e-26	4.98e-19	3.11e-12	1.35e-06	1.00e+00	3.79e-05	0.00e+00
 2.69853e+13	0.00e+00	1.80e-26	6.01e-19	3.57e-12	1.46e-06	1.00e+00	3.52e-05	0.00e+00
 2.79440e+13	8.96e-35	2.30e-26	7.32e-19	4.11e-12	1.57e-06	1.00e+00	3.25e-05	0.00e+00
 2.90164e+13	0.00e+00	3.00e-26	9.06e-19	4.80e-12	1.71e-06	1.00e+00	2.99e-05	0.00e+00
 3.00286e+13	1.65e-34	3.82e-26	1.10e-18	5.52e-12	1.85e-06	1.00e+00	2.77e-05	0.00e+00
 3.11354e+13	2.24e-34	4.94e-26	1.35e-18	6.39e-12	2.01e-06	1.00e+00	2.56e-05	0.00e+00
 3.23748e+13	3.12e-34	6.51e-26	1.69e-18	7.49e-12	2.19e-06	1.00e+00	2.35e-05	0.00e+00
 3.35510e+13	4.24e-34	8.40e-26	2.06e-18	8.65e-12	2.37e-06	1.00e+00	2.17e-05	0.00e+00
 3.48102e+13	5.83e-34	1.09e-25	2.55e-18	1.00e-11	2.57e-06	1.00e+00	2.00e-05	0.00e+00
 3.62325e+13	8.22e-34	1.45e-25	3.20e-18	1.18e-11	2.81e-06	1.00e+00	1.83e-05	0.00e+00
 3.76437e+13	1.14e-33	1.91e-25	3.98e-18	1.38e-11	3.05e-06	1.00e+00	1.69e-05	0.00e+00
 3.91114e+13	1.60e-33	2.52e-25	4.95e-18	1.61e-11	3.32e-06	1.00e+00	1.55e-05	0.00e+00
 4.07058e+13	2.27e-33	3.37e-25	6.22e-18	1.88e-11	3.61e-06	1.00e+00	1.42e-05	0.00e+00
 4.23640e+13	3.21e-33	4.49e-25	7.82e-18	2.21e-11	3.95e-06	1.00e+00	1.31e-05	0.00e+00
 4.39262e+13	4.43e-33	5.85e-25	9.63e-18	2.56e-11	4.26e-06	1.00e+00	1.21e-05	0.00e+00
 4.53327e+13	5.87e-33	7.37e-25	1.15e-17	2.90e-11	4.56e-06	1.00e+00	1.13e-05	0.00e+00
 4.66649e+13	7.60e-33	9.12e-25	1.36e-17	3.26e-11	4.85e-06	1.00e+00	1.06e-05	0.00e+00
 4.81426e+13	1.01e-32	1.15e-24	1.63e-17	3.69e-11	5.19e-06	1.00e+00	9.94e-06	0.00e+00
 4.97978e+13	1.37e-32	1.48e-24	1.99e-17	4.23e-11	5.57e-06	1.00e+00	9.26e-06	0.00e+00
 5.13664e+13	1.81e-32	1.86e-24	2.38e-17	4.79e-11	5.95e-06	1.00e+00	8.67e-06	0.00e+00
 5.30881e+13	2.44e-32	2.37e-24	2.88e-17	5.46e-11	6.38e-06	1.00e+00	8.09e-06	0.00e+00
 5.50170e+13	3.40e-32	3.10e-24	3.54e-17	6.29e-11	6.87e-06	1.00e+00	7.51e-06	0.00e+00
 5.68090e+13	4.55e-32	3.94e-24	4.26e-17	7.15e-11	7.35e-06	1.00e+00	7.02e-06	0.00e+00
 5.84662e+13	5.93e-32	4.89e-24	5.04e-17	8.02e-11	7.81e-06	1.00e+00	6.61e-06	0.00e+00
 6.03548e+13	7.96e-32	6.22e-24	6.07e-17	9.10e-11	8.34e-06	1.00e+00	6.19e-06	0.00e+00
 6.26656e+13	1.13e-31	8.29e-24	7.56e-17	1.06e-10	9.01e-06	1.00e+00	5.73e-06	0.00e+00
 6.49710e+13	1.58e-31	1.09e-23	9.34e-17	1.22e-10	9.72e-06	1.00e+00	5.31e-06	0.00e+00
 6.69795e+13	2.11e-31	1.37e-23	1.12e-16	1.38e-10	1.03e-05	1.00e+00	4.99e-06	0.00e+00
 6.91565e+13	2.86e-31	1.76e-23	1.35e-16	1.56e-10	1.10e-05	1.00e+00	4.68e-06	0.00e+00
 7.18097e+13	4.11e-31	2.35e-23	1.68e-16	1.82e-10	1.19e-05	1.00e+00	4.33e-06	0.00e+00
 7.45097e+13	5.80e-31	3.11e-23	2.09e-16	2.10e-10	1.29e-05	1.00e+00	4.02e-06	0.00e+00
 7.69547e+13	7.93e-31	4.00e-23	2.53e-16	2.39e-10	1.37e-05	1.00e+00	3.76e-06	0.00e+00
 7.96405e+13	1.11e-30	5.23e-23	3.10e-16	2.74e-10	1.47e-05	1.00e+00	3.51e-06	0.00e+00
 8.27967e+13	1.62e-30	7.10e-23	3.90e-16	3.20e-10	1.59e-05	1.00e+00	3.25e-06	0.00e+00
 8.59402e+13	2.31e-30	9.47e-23	4.86e-16	3.71e-10	1.71e-05	1.00e+00	3.01e-06	0.00e+00
 8.89053e+13	3.22e-30	1.24e-22	5.94e-16	4.24e-10	1.83e-05	1.00e+00	2.82e-06	0.00e+00
 9.21873e+13	4.62e-30	1.65e-22	7.37e-16	4.90e-10	1.97e-05	1.00e+00	2.62e-06	0.00e+00
 9.59047e+13	6.76e-30	2.24e-22	9.31e-16	5.73e-10	2.13e-05	1.00e+00	2.42e-06	0.00e+00
 9.96295e+13	9.93e-30	3.04e-22	1.17e-15	6.67e-10	2.30e-05	1.00e+00	2.25e-06	0.00e+00
 1.03503e+14	1.43e-29	4.09e-22	1.47e-15	7.76e-10	2.48e-05	1.00e+00	2.08e-06	0.00e+00
 1.07673e+14	2.13e-29	5.61e-22	1.85e-15	9.08e-10	2.68e-05	1.00e+00	1.93e-06	0.00e+00
 1.12010e+14	3.16e-29	7.69e-22	2.35e-15	1.06e-09	2.90e-05	1.00e+00	1.78e-06	0.00e+00
 1.16198e+14	4.54e-29	1.03e-21	2.92e-15	1.23e-09	3.12e-05	1.00e+00	1.66e-06	0.00e+00
 1.20125e+14	6.27e-29	1.33e-21	3.56e-15	1.40e-09	3.33e-05	1.00e+00	1.55e-06	0.00e+00
 1.23825e+14	8.48e-29	1.70e-21	4.27e-15	1.58e-09	3.53e-05	1.00e+00	1.46e-06	0.00e+00
 1.27850e+14	1.17e-28	2.20e-21	5.17e-15	1.79e-09	3.76e-05	1.00e+00	1.37e-06	0.00e+00
 1.32345e+14	1.65e-28	2.89e-21	6.35e-15	2.06e-09	4.03e-05	1.00e+00	1.28e-06	0.00e+00
 1.36590e+14	2.24e-28	3.69e-21	7.66e-15	2.33e-09	4.29e-05	1.00e+00	1.20e-06	0.00e+00
 1.41247e+14	3.12e-28	4.82e-21	9.36e-15	2.67e-09	4.58e-05	1.00e+00	1.13e-06	0.00e+00
 1.46482e+14	4.50e-28	6.45e-21	1.16e-14	3.08e-09	4.92e-05	1.00e+00	1.05e-06	0.00e+00
 1.51476e+14	6.25e-28	8.40e-21	1.42e-14	3.52e-09	5.26e-05	1.00e+00	9.80e-07	0.00e+00
 1.56960e+14	8.80e-28	1.11e-20	1.76e-14	4.06e-09	5.65e-05	1.00e+00	0.00e+00	0.00e+00
 1.63094e+14	1.30e-27	1.51e-20	2.21e-14	4.72e-09	6.09e-05	1.00e+00	0.00e+00	0.00e+00
 1.68992e+14	1.81e-27	1.98e-20	2.73e-14	5.44e-09	6.55e-05	1.00e+00	0.00e+00	0.00e+00
 1.75302e+14	2.60e-27	2.65e-20	3.40e-14	6.29e-09	7.04e-05	1.00e+00	0.00e+00	0.00e+00
 1.82344e+14	3.81e-27	3.60e-20	4.29e-14	7.36e-09	7.62e-05	1.00e+00	0.00e+00	0.00e+00
 1.88847e+14	5.40e-27	4.76e-20	5.29e-14	8.47e-09	8.16e-05	1.00e+00	0.00e+00	0.00e+00
 1.94473e+14	7.11e-27	5.95e-20	6.31e-14	9.52e-09	8.67e-05	1.00e+00	0.00e+00	0.00e+00
 2.00714e+14	9.75e-27	7.66e-20	7.62e-14	1.08e-08	9.22e-05	1.00e+00	0.00e+00	0.00e+00
 2.08341e+14	1.38e-26	1.02e-19	9.51e-14	1.25e-08	9.96e-05	1.00e+00	0.00e+00	0.00e+00
 2.16061e+14	1.99e-26	1.36e-19	1.18e-13	1.45e-08	1.07e-04	1.00e+00	0.00e+00	0.00e+00
 2.23007e+14	2.66e-26	1.73e-19	1.43e-13	1.64e-08	1.14e-04	1.00e+00	0.00e+00	0.00e+00
 2.30657e+14	3.72e-26	2.26e-19	1.75e-13	1.88e-08	1.22e-04	1.00e+00	0.00e+00	0.00e+00
 2.39695e+14	5.31e-26	3.03e-19	2.19e-13	2.19e-08	1.32e-04	1.00e+00	0.00e+00	0.00e+00
 2.48558e+14	7.50e-26	4.01e-19	2.73e-13	2.53e-08	1.42e-04	1.00e+00	0.00e+00	0.00e+00
 2.56647e+14	1.01e-25	5.12e-19	3.30e-13	2.88e-08	1.52e-04	1.00e+00	0.00e+00	0.00e+00
 2.65709e+14	1.42e-25	6.71e-19	4.06e-13	3.31e-08	1.62e-04	1.00e+00	0.00e+00	0.00e+00
 2.76262e+14	2.04e-25	9.04e-19	5.12e-13	3.86e-08	1.76e-04	1.00e+00	0.00e+00	0.00e+00
 2.86637e+14	2.94e-25	1.21e-18	6.38e-13	4.48e-08	1.89e-04	1.00e+00	0.00e+00	0.00e+00
 2.96459e+14	3.98e-25	1.55e-18	7.79e-13	5.12e-08	2.03e-04	1.00e+00	0.00e+00	0.00e+00
 3.07379e+14	5.67e-25	2.07e-18	9.67e-13	5.92e-08	2.18e-04	1.00e+00	0.00e+00	0.00e+00
 3.19704e+14	8.07e-25	2.77e-18	1.22e-12	6.93e-08	2.36e-04	1.00e+00	0.00e+00	0.00e+00
 3.32037e+14	1.17e-24	3.73e-18	1.53e-12	8.05e-08	2.55e-04	1.00e+00	0.00e+00	0.00e+00
 3.43630e+14	1.58e-24	4.79e-18	1.88e-12	9.24e-08	2.74e-04	1.00e+00	0.00e+00	0.00e+00
 3.56171e+14	2.24e-24	6.35e-18	2.32e-12	1.07e-07	2.94e-04	1.00e+00	0.00e+00	0.00e+00
 3.70448e+14	3.17e-24	8.47e-18	2.93e-12	1.25e-07	3.19e-04	1.00e+00	0.00e+00	0.00e+00
 3.83907e+14	4.42e-24	1.11e-17	3.63e-12	1.44e-07	3.42e-04	1.00e+00	0.00e+00	0.00e+00
 3.96035e+14	5.97e-24	1.42e-17	4.37e-12	1.63e-07	3.64e-04	1.00e+00	0.00e+00	0.00e+00
 4.07552e+14	7.75e-24	1.76e-17	5.18e-12	1.83e-07	3.86e-04	1.00e+00	0.00e+00	0.00e+00
 4.20364e+14	1.02e-23	2.20e-17	6.22e-12	2.07e-07	4.11e-04	1.00e+00	0.00e+00	0.00e+00
 4.34611e+14	1.41e-23	2.86e-17	7.59e-12	2.36e-07	4.40e-04	1.00e+00	0.00e+00	0.00e+00
 4.48015e+14	1.82e-23	3.55e-17	9.09e-12	2.66e-07	4.68e-04	1.00e+00	0.00e+00	0.00e+00
 4.62732e+14	2.49e-23	4.58e-17	1.10e-11	3.03e-07	4.99e-04	1.00e+00	0.00e+00	0.00e+00
 4.79220e+14	3.37e-23	5.89e-17	1.36e-11	3.49e-07	5.37e-04	9.99e-01	0.00e+00	0.00e+00
 4.94809e+14	4.58e-23	7.55e-17	1.64e-11	3.96e-07	5.72e-04	9.99e-01	0.00e+00	0.00e+00
 5.11875e+14	6.12e-23	9.63e-17	2.01e-11	4.54e-07	6.14e-04	9.99e-01	0.00e+00	0.00e+00
 5.30716e+14	8.64e-23	1.27e-16	2.49e-11	5.24e-07	6.60e-04	9.99e-01	0.00e+00	0.00e+00
 5.48155e+14	1.13e-22	1.60e-16	3.01e-11	5.96e-07	7.05e-04	9.99e-01	0.00e+00	0.00e+00
 5.67119e+14	1.54e-22	2.07e-16	3.69e-11	6.83e-07	7.55e-04	9.99e-01	0.00e+00	0.00e+00
 5.88269e+14	2.12e-22	2.70e-16	4.58e-11	7.91e-07	8.14e-04	9.99e-01	0.00e+00	0.00e+00
 6.08051e+14	2.87e-22	3.46e-16	5.57e-11	9.02e-07	8.71e-04	9.99e-01	0.00e+00	0.00e+00
 6.29559e+14	3.88e-22	4.45e-16	6.85e-11	1.04e-06	9.35e-04	9.99e-01	0.00e+00	0.00e+00
 6.53511e+14	5.53e-22	5.93e-16	8.55e-11	1.20e-06	1.01e-03	9.99e-01	0.00e+00	0.00e+00
 6.76008e+14	7.25e-22	7.49e-16	1.04e-10	1.38e-06	1.08e-03	9.99e-01	0.00e+00	0.00e+00
 7.00458e+14	1.00e-21	9.78e-16	1.29e-10	1.59e-06	1.16e-03	9.99e-01	0.00e+00	0.00e+00
 7.27672e+14	1.38e-21	1.28e-15	1.61e-10	1.85e-06	1.26e-03	9.99e-01	0.00e+00	0.00e+00
 7.53410e+14	1.91e-21	1.67e-15	1.98e-10	2.12e-06	1.35e-03	9.99e-01	0.00e+00	0.00e+00
 7.81013e+14	2.56e-21	2.15e-15	2.45e-10	2.45e-06	1.46e-03	9.99e-01	0.00e+00	0.00e+00
 8.11670e+14	3.63e-21	2.86e-15	3.08e-10	2.86e-06	1.58e-03	9.98e-01	0.00e+00	0.00e+00
 8.41610e+14	4.84e-21	3.67e-15	3.81e-10	3.31e-06	1.70e-03	9.98e-01	0.00e+00	0.00e+00
 8.73360e+14	6.75e-21	4.83e-15	4.74e-10	3.83e-06	1.84e-03	9.98e-01	0.00e+00	0.00e+00
 9.08324e+14	9.22e-21	6.33e-15	5.97e-10	4.49e-06	2.00e-03	9.98e-01	0.00e+00	0.00e+00
 9.42688e+14	1.28e-20	8.30e-15	7.43e-10	5.21e-06	2.16e-03	9.98e-01	0.00e+00	0.00e+00
 9.71091e+14	1.61e-20	1.01e-14	8.84e-10	5.86e-06	2.30e-03	9.98e-01	0.00e+00	0.00e+00
 9.93901e+14	1.95e-20	1.20e-14	1.01e-09	6.43e-06	2.42e-03	9.98e-01	0.00e+00	0.00e+00
 1.01907e+15	2.42e-20	1.43e-14	1.17e-09	7.11e-06	2.55e-03	9.97e-01	0.00e+00	0.00e+00
 1.05180e+15	3.11e-20	1.78e-14	1.41e-09	8.07e-06	2.73e-03	9.97e-01	0.00e+00	0.00e+00
 1.08692e+15	4.05e-20	2.23e-14	1.71e-09	9.21e-06	2.93e-03	9.97e-01	0.00e+00	0.00e+00
 1.11814e+15	5.14e-20	2.73e-14	2.02e-09	1.03e-05	3.11e-03	9.97e-01	0.00e+00	0.00e+00
 1.15174e+15	6.47e-20	3.34e-14	2.40e-09	1.16e-05	3.32e-03	9.97e-01	0.00e+00	0.00e+00
 1.19416e+15	8.63e-20	4.29e-14	2.97e-09	1.34e-05	3.60e-03	9.96e-01	0.00e+00	0.00e+00
 1.23717e+15	1.16e-19	5.50e-14	3.66e-09	1.55e-05	3.88e-03	9.96e-01	0.00e+00	0.00e+00
 1.27405e+15	1.46e-19	6.74e-14	4.34e-09	1.74e-05	4.14e-03	9.96e-01	0.00e+00	0.00e+00
 1.31382e+15	1.87e-19	8.32e-14	5.20e-09	1.97e-05	4.43e-03	9.96e-01	0.00e+00	0.00e+00
 1.36304e+15	2.48e-19	1.07e-13	6.45e-09	2.28e-05	4.81e-03	9.95e-01	0.00e+00	0.00e+00
 1.41297e+15	3.31e-19	1.37e-13	7.97e-09	2.63e-05	5.20e-03	9.95e-01	0.00e+00	0.00e+00
 1.45695e+15	4.23e-19	1.69e-13	9.54e-09	2.98e-05	5.56e-03	9.94e-01	0.00e+00	0.00e+00
 1.50476e+15	5.45e-19	2.11e-13	1.15e-08	3.39e-05	5.98e-03	9.94e-01	0.00e+00	0.00e+00
 1.56243e+15	7.36e-19	2.74e-13	1.44e-08	3.94e-05	6.51e-03	9.93e-01	0.00e+00	0.00e+00
 1.61959e+15	9.73e-19	3.50e-13	1.78e-08	4.55e-05	7.04e-03	9.93e-01	0.00e+00	0.00e+00
 1.67062e+15	1.25e-18	4.35e-13	2.13e-08	5.15e-05	7.55e-03	9.92e-01	0.00e+00	0.00e+00
 1.72702e+15	1.62e-18	5.45e-13	2.59e-08	5.88e-05	8.12e-03	9.92e-01	0.00e+00	0.00e+00
 1.79409e+15	2.22e-18	7.15e-13	3.25e-08	6.85e-05	8.85e-03	9.91e-01	0.00e+00	0.00e+00
 1.86042e+15	2.96e-18	9.20e-13	4.03e-08	7.91e-05	9.60e-03	9.90e-01	0.00e+00	0.00e+00
 1.92109e+15	3.80e-18	1.14e-12	4.87e-08	9.00e-05	1.03e-02	9.90e-01	0.00e+00	0.00e+00
 1.98903e+15	5.11e-18	1.47e-12	5.99e-08	1.03e-04	1.11e-02	9.89e-01	0.00e+00	0.00e+00
 2.06799e+15	7.01e-18	1.94e-12	7.55e-08	1.21e-04	1.21e-02	9.88e-01	0.00e+00	0.00e+00
 2.14581e+15	9.49e-18	2.52e-12	9.42e-08	1.40e-04	1.32e-02	9.87e-01	0.00e+00	0.00e+00
 2.22015e+15	1.26e-17	3.20e-12	1.15e-07	1.60e-04	1.42e-02	9.86e-01	0.00e+00	0.00e+00
 2.28519e+15	1.60e-17	3.94e-12	1.37e-07	1.80e-04	1.51e-02	9.85e-01	0.00e+00	0.00e+00
 2.33889e+15	1.94e-17	4.65e-12	1.57e-07	1.97e-04	1.60e-02	9.84e-01	0.00e+00	0.00e+00
 2.39808e+15	2.39e-17	5.57e-12	1.83e-07	2.18e-04	1.69e-02	9.83e-01	0.00e+00	0.00e+00
 2.47502e+15	3.10e-17	6.98e-12	2.21e-07	2.47e-04	1.81e-02	9.82e-01	0.00e+00	0.00e+00
 2.55599e+15	4.10e-17	8.84e-12	2.68e-07	2.81e-04	1.94e-02	9.80e-01	0.00e+00	0.00e+00
 2.62571e+15	5.16e-17	1.08e-11	3.16e-07	3.13e-04	2.06e-02	9.79e-01	0.00e+00	0.00e+00
 2.69984e+15	6.52e-17	1.32e-11	3.73e-07	3.49e-04	2.19e-02	9.78e-01	0.00e+00	0.00e+00
 2.79620e+15	8.88e-17	1.71e-11	4.62e-07	4.02e-04	2.36e-02	9.76e-01	0.00e+00	0.00e+00
 2.89560e+15	1.19e-16	2.20e-11	5.70e-07	4.62e-04	2.55e-02	9.74e-01	0.00e+00	0.00e+00
 2.97865e+15	1.66e-16	2.72e-11	6.76e-07	5.17e-04	2.71e-02	9.72e-01	0.00e+00	0.00e+00
 3.06637e+15	2.15e-16	3.38e-11	8.07e-07	5.80e-04	2.89e-02	9.71e-01	0.00e+00	0.00e+00
 3.17828e+15	2.95e-16	4.41e-11	1.00e-06	6.69e-04	3.13e-02	9.68e-01	0.00e+00	0.00e+00
 3.29602e+15	4.09e-16	5.79e-11	1.25e-06	7.74e-04	3.38e-02	9.65e-01	0.00e+00	0.00e+00
 3.40087e+15	5.43e-16	7.33e-11	1.51e-06	8.76e-04	3.62e-02	9.63e-01	0.00e+00	0.00e+00
 3.51459e+15	7.25e-16	9.36e-11	1.85e-06	9.99e-04	3.88e-02	9.60e-01	0.00e+00	0.00e+00
 3.65047e+15	1.03e-15	1.25e-10	2.33e-06	1.16e-03	4.21e-02	9.57e-01	0.00e+00	0.00e+00
 3.78484e+15	1.42e-15	1.64e-10	2.90e-06	1.34e-03	4.55e-02	9.53e-01	0.00e+00	0.00e+00
 3.90637e+15	1.90e-15	2.09e-10	3.52e-06	1.52e-03	4.86e-02	9.50e-01	0.00e+00	0.00e+00
 4.04151e+15	2.53e-15	2.67e-10	4.33e-06	1.74e-03	5.22e-02	9.46e-01	0.00e+00	0.00e+00
 4.20026e+15	3.71e-15	3.64e-10	5.48e-06	2.03e-03	5.67e-02	9.41e-01	0.00e+00	0.00e+00
 4.35709e+15	5.24e-15	4.83e-10	6.86e-06	2.35e-03	6.12e-02	9.36e-01	0.00e+00	0.00e+00
 4.50404e+15	7.14e-15	6.25e-10	8.40e-06	2.68e-03	6.56e-02	9.32e-01	0.00e+00	0.00e+00
 4.66807e+15	9.68e-15	8.11e-10	1.04e-05	3.09e-03	7.06e-02	9.26e-01	0.00e+00	0.00e+00
 4.85483e+15	1.46e-14	1.12e-09	1.33e-05	3.61e-03	7.66e-02	9.20e-01	0.00e+00	0.00e+00
 5.01058e+15	1.97e-14	1.44e-09	1.61e-05	4.08e-03	8.17e-02	9.14e-01	0.00e+00	0.00e+00
 5.12122e+15	2.42e-14	1.70e-09	1.84e-05	4.45e-03	8.54e-02	9.10e-01	0.00e+00	0.00e+00
 5.23645e+15	2.99e-14	2.02e-09	2.11e-05	4.86e-03	8.93e-02	9.06e-01	0.00e+00	0.00e+00
 5.38625e+15	3.78e-14	2.48e-09	2.50e-05	5.43e-03	9.45e-02	9.00e-01	0.00e+00	0.00e+00
 5.55378e+15	5.23e-14	3.21e-09	3.02e-05	6.13e-03	1.01e-01	8.93e-01	0.00e+00	0.00e+00
 5.71054e+15	6.83e-14	3.99e-09	3.58e-05	6.83e-03	1.06e-01	8.87e-01	0.00e+00	0.00e+00
 5.88051e+15	8.74e-14	4.93e-09	4.27e-05	7.66e-03	1.13e-01	8.80e-01	0.00e+00	0.00e+00
 6.07132e+15	1.23e-13	6.46e-09	5.20e-05	8.69e-03	1.20e-01	8.71e-01	0.00e+00	0.00e+00
 6.25105e+15	1.63e-13	8.11e-09	6.20e-05	9.74e-03	1.27e-01	8.63e-01	0.00e+00	0.00e+00
 6.44650e+15	2.11e-13	1.01e-08	7.47e-05	1.10e-02	1.35e-01	8.54e-01	0.00e+00	0.00e+00
 6.66614e+15	3.03e-13	1.35e-08	9.18e-05	1.25e-02	1.44e-01	8.44e-01	0.00e+00	0.00e+00
 6.87392e+15	4.03e-13	1.71e-08	1.10e-04	1.41e-02	1.52e-01	8.34e-01	0.00e+00	0.00e+00
 7.10073e+15	5.35e-13	2.17e-08	1.34e-04	1.60e-02	1.62e-01	8.22e-01	0.00e+00	0.00e+00
 7.35067e+15	7.44e-13	2.85e-08	1.66e-04	1.82e-02	1.72e-01	8.09e-01	0.00e+00	0.00e+00
 7.58193e+15	1.05e-12	3.73e-08	2.01e-04	2.06e-02	1.83e-01	7.96e-01	0.00e+00	0.00e+00
 7.83381e+15	1.45e-12	4.83e-08	2.45e-04	2.33e-02	1.94e-01	7.83e-01	0.00e+00	0.00e+00
 8.11073e+15	2.00e-12	6.32e-08	3.02e-04	2.67e-02	2.06e-01	7.67e-01	0.00e+00	0.00e+00
 8.36778e+15	2.63e-12	7.97e-08	3.64e-04	3.00e-02	2.17e-01	7.52e-01	0.00e+00	0.00e+00
 8.64951e+15	3.80e-12	1.06e-07	4.47e-04	3.41e-02	2.31e-01	7.35e-01	0.00e+00	0.00e+00
 8.95797e+15	5.27e-12	1.39e-07	5.52e-04	3.89e-02	2.44e-01	7.16e-01	0.00e+00	0.00e+00
 9.24402e+15	6.95e-12	1.76e-07	6.67e-04	4.37e-02	2.57e-01	6.99e-01	0.00e+00	0.00e+00
 9.51257e+15	9.20e-12	2.21e-07	7.94e-04	4.87e-02	2.69e-01	6.82e-01	0.00e+00	0.00e+00
 9.81555e+15	1.31e-11	2.91e-07	9.65e-04	5.49e-02	2.83e-01	6.61e-01	0.00e+00	0.00e+00
 1.01456e+16	1.79e-11	3.76e-07	1.18e-03	6.20e-02	2.97e-01	6.40e-01	0.00e+00	0.00e+00
 1.04487e+16	2.32e-11	4.69e-07	1.41e-03	6.90e-02	3.10e-01	6.20e-01	0.00e+00	0.00e+00
 1.07209e+16	2.99e-11	5.77e-07	1.64e-03	7.58e-02	3.22e-01	6.01e-01	0.00e+00	0.00e+00
 1.09734e+16	3.78e-11	6.97e-07	1.90e-03	8.26e-02	3.32e-01	5.84e-01	0.00e+00	0.00e+00
 1.12598e+16	4.87e-11	8.58e-07	2.22e-03	9.07e-02	3.43e-01	5.64e-01	0.00e+00	0.00e+00
 1.15742e+16	6.39e-11	1.07e-06	2.63e-03	1.00e-01	3.55e-01	5.42e-01	0.00e+00	0.00e+00
 1.18657e+16	8.58e-11	1.34e-06	3.08e-03	1.10e-01	3.67e-01	5.20e-01	0.00e+00	0.00e+00
 1.21333e+16	1.07e-10	1.61e-06	3.53e-03	1.19e-01	3.76e-01	5.02e-01	0.00e+00	0.00e+00
 1.24289e+16	1.36e-10	1.96e-06	4.10e-03	1.30e-01	3.86e-01	4.81e-01	0.00e+00	0.00e+00
 1.28132e+16	1.89e-10	2.55e-06	4.97e-03	1.45e-01	3.98e-01	4.53e-01	0.00e+00	0.00e+00
 1.31984e+16	2.43e-10	3.17e-06	5.95e-03	1.60e-01	4.07e-01	4.27e-01	0.00e+00	0.00e+00
 1.35065e+16	3.25e-10	3.96e-06	6.91e-03	1.74e-01	4.16e-01	4.04e-01	0.00e+00	0.00e+00
 1.37862e+16	4.03e-10	4.71e-06	7.87e-03	1.86e-01	4.21e-01	3.85e-01	0.00e+00	0.00e+00
 1.41073e+16	5.12e-10	5.72e-06	9.12e-03	2.02e-01	4.27e-01	3.62e-01	0.00e+00	0.00e+00
 1.44664e+16	6.48e-10	6.98e-06	1.07e-02	2.19e-01	4.32e-01	3.38e-01	0.00e+00	0.00e+00
 1.48029e+16	8.80e-10	8.82e-06	1.25e-02	2.37e-01	4.36e-01	3.15e-01	0.00e+00	0.00e+00
 1.51114e+16	1.09e-09	1.05e-05	1.43e-02	2.54e-01	4.37e-01	2.95e-01	0.00e+00	0.00e+00
 1.54091e+16	1.32e-09	1.24e-05	1.63e-02	2.71e-01	4.37e-01	2.76e-01	0.00e+00	0.00e+00
 1.57499e+16	1.81e-09	1.57e-05	1.90e-02	2.92e-01	4.37e-01	2.53e-01	0.00e+00	0.00e+00
 1.61012e+16	2.22e-09	1.87e-05	2.20e-02	3.13e-01	4.34e-01	2.32e-01	0.00e+00	0.00e+00
 1.63960e+16	2.95e-09	2.31e-05	2.51e-02	3.32e-01	4.30e-01	2.13e-01	0.00e+00	0.00e+00
 1.66581e+16	3.60e-09	2.71e-05	2.81e-02	3.49e-01	4.25e-01	1.98e-01	0.00e+00	0.00e+00
 1.69476e+16	4.47e-09	3.22e-05	3.19e-02	3.68e-01	4.19e-01	1.81e-01	0.00e+00	0.00e+00
 1.72648e+16	5.84e-09	3.96e-05	3.67e-02	3.90e-01	4.10e-01	1.63e-01	0.00e+00	0.00e+00
 1.75445e+16	7.18e-09	4.67e-05	4.14e-02	4.09e-01	4.01e-01	1.48e-01	0.00e+00	0.00e+00
 1.77908e+16	8.48e-09	5.35e-05	4.60e-02	4.26e-01	3.92e-01	1.36e-01	0.00e+00	0.00e+00
 1.80672e+16	1.14e-08	6.67e-05	5.25e-02	4.47e-01	3.80e-01	1.21e-01	0.00e+00	0.00e+00
 1.83514e+16	1.36e-08	7.72e-05	5.92e-02	4.66e-01	3.66e-01	1.08e-01	0.00e+00	0.00e+00
 1.85911e+16	1.68e-08	9.10e-05	6.61e-02	4.84e-01	3.53e-01	9.72e-02	0.00e+00	0.00e+00
 1.88086e+16	2.06e-08	1.06e-04	7.31e-02	4.99e-01	3.40e-01	8.75e-02	0.00e+00	0.00e+00
 1.90195e+16	2.52e-08	1.24e-04	8.08e-02	5.14e-01	3.27e-01	7.84e-02	0.00e+00	0.00e+00
 1.92277e+16	3.24e-08	1.49e-04	8.95e-02	5.29e-01	3.12e-01	6.95e-02	0.00e+00	0.00e+00
 1.94243e+16	3.78e-08	1.68e-04	9.81e-02	5.42e-01	2.98e-01	6.20e-02	0.00e+00	0.00e+00
 1.96393e+16	4.68e-08	1.98e-04	1.09e-01	5.57e-01	2.80e-01	5.39e-02	0.00e+00	0.00e+00
 1.98598e+16	5.92e-08	2.37e-04	1.22e-01	5.70e-01	2.62e-01	4.61e-02	0.00e+00	0.00e+00
 2.00334e+16	7.72e-08	2.86e-04	1.33e-01	5.81e-01	2.46e-01	4.00e-02	0.00e+00	0.00e+00
 2.01707e+16	8.72e-08	3.14e-04	1.43e-01	5.88e-01	2.33e-01	3.57e-02	0.00e+00	0.00e+00
 2.03152e+16	1.09e-07	3.69e-04	1.54e-01	5.96e-01	2.18e-01	3.10e-02	0.00e+00	0.00e+00
 2.04713e+16	1.36e-07	4.31e-04	1.68e-01	6.03e-01	2.02e-01	2.63e-02	0.00e+00	0.00e+00
 2.06060e+16	1.58e-07	4.85e-04	1.80e-01	6.09e-01	1.88e-01	2.28e-02	0.00e+00	0.00e+00
 2.07238e+16	1.78e-07	5.31e-04	1.91e-01	6.13e-01	1.75e-01	1.99e-02	0.00e+00	0.00e+00
 2.08559e+16	2.30e-07	6.34e-04	2.06e-01	6.17e-01	1.60e-01	1.64e-02	0.00e+00	0.00e+00
 2.09770e+16	2.68e-07	7.09e-04	2.19e-01	6.20e-01	1.46e-01	1.39e-02	0.00e+00	0.00e+00
 2.10646e+16	3.07e-07	7.81e-04	2.29e-01	6.22e-01	1.36e-01	1.21e-02	0.00e+00	0.00e+00
 2.11363e+16	3.42e-07	8.44e-04	2.38e-01	6.23e-01	1.28e-01	1.07e-02	0.00e+00	0.00e+00
 2.11950e+16	3.75e-07	9.02e-04	2.46e-01	6.23e-01	1.21e-01	9.58e-03	0.00e+00	0.00e+00
 2.12596e+16	4.04e-07	9.53e-04	2.54e-01	6.24e-01	1.13e-01	8.48e-03	0.00e+00	0.00e+00
 2.13436e+16	4.82e-07	1.08e-03	2.66e-01	6.23e-01	1.03e-01	7.03e-03	0.00e+00	0.00e+00
 2.14182e+16	5.19e-07	1.14e-03	2.75e-01	6.23e-01	9.43e-02	6.04e-03	0.00e+00	0.00e+00
 2.14806e+16	5.98e-07	1.26e-03	2.85e-01	6.22e-01	8.67e-02	5.14e-03	0.00e+00	0.00e+00
 2.15416e+16	6.62e-07	1.35e-03	2.93e-01	6.21e-01	7.99e-02	4.41e-03	0.00e+00	0.00e+00
 2.15911e+16	7.14e-07	1.42e-03	3.00e-01	6.20e-01	7.44e-02	3.87e-03	0.00e+00	0.00e+00
 2.16457e+16	7.88e-07	1.52e-03	3.09e-01	6.18e-01	6.83e-02	3.29e-03	0.00e+00	0.00e+00
 2.17067e+16	8.71e-07	1.64e-03	3.17e-01	6.16e-01	6.19e-02	2.74e-03	0.00e+00	0.00e+00
 2.17646e+16	9.60e-07	1.75e-03	3.26e-01	6.14e-01	5.61e-02	2.28e-03	0.00e+00	0.00e+00
 2.18197e+16	1.05e-06	1.87e-03	3.34e-01	6.12e-01	5.08e-02	1.89e-03	0.00e+00	0.00e+00
 2.18824e+16	1.17e-06	2.00e-03	3.43e-01	6.08e-01	4.50e-02	1.51e-03	0.00e+00	0.00e+00
 2.19510e+16	1.30e-06	2.16e-03	3.53e-01	6.05e-01	3.93e-02	1.18e-03	0.00e+00	0.00e+00
 2.20145e+16	1.44e-06	2.32e-03	3.61e-01	6.01e-01	3.44e-02	9.20e-04	0.00e+00	0.00e+00
 2.20843e+16	1.61e-06	2.50e-03	3.71e-01	5.96e-01	2.95e-02	6.91e-04	0.00e+00	0.00e+00
 2.21624e+16	1.81e-06	2.71e-03	3.81e-01	5.91e-01	2.48e-02	4.99e-04	0.00e+00	0.00e+00
 2.22380e+16	2.02e-06	2.93e-03	3.91e-01	5.85e-01	2.09e-02	3.61e-04	0.00e+00	0.00e+00
 2.23230e+16	2.28e-06	3.18e-03	4.01e-01	5.78e-01	1.70e-02	2.47e-04	0.00e+00	0.00e+00
 2.24336e+16	2.66e-06	3.51e-03	4.14e-01	5.69e-01	1.31e-02	1.50e-04	0.00e+00	0.00e+00
 2.25535e+16	3.10e-06	3.89e-03	4.27e-01	5.59e-01	9.93e-03	8.87e-05	0.00e+00	0.00e+00
 2.26855e+16	3.64e-06	4.33e-03	4.40e-01	5.48e-01	7.31e-03	4.94e-05	0.00e+00	0.00e+00
 2.28570e+16	4.45e-06	4.93e-03	4.57e-01	5.33e-01	4.99e-03	2.36e-05	0.00e+00	0.00e+00
 2.30478e+16	5.51e-06	5.66e-03	4.75e-01	5.16e-01	3.35e-03	1.09e-05	0.00e+00	0.00e+00
 2.32635e+16	7.01e-06	6.61e-03	4.95e-01	4.97e-01	2.18e-03	4.64e-06	0.00e+00	0.00e+00
 2.35050e+16	9.21e-06	7.89e-03	5.17e-01	4.73e-01	1.39e-03	1.90e-06	0.00e+00	0.00e+00
 2.36786e+16	1.13e-05	9.04e-03	5.34e-01	4.56e-01	1.04e-03	1.06e-06	0.00e+00	0.00e+00
 2.37669e+16	1.26e-05	9.69e-03	5.43e-01	4.46e-01	8.93e-04	7.90e-07	0.00e+00	0.00e+00
 2.38458e+16	1.39e-05	1.03e-02	5.52e-01	4.37e-01	7.75e-04	0.00e+00	0.00e+00	0.00e+00
 2.39483e+16	1.58e-05	1.12e-02	5.62e-01	4.26e-01	6.47e-04	0.00e+00	0.00e+00	0.00e+00
 2.40816e+16	1.87e-05	1.26e-02	5.77e-01	4.10e-01	5.12e-04	0.00e+00	0.00e+00	0.00e+00
 2.42218e+16	2.25e-05	1.42e-02	5.92e-01	3.93e-01	4.05e-04	0.00e+00	0.00e+00	0.00e+00
 2.43374e+16	2.65e-05	1.58e-02	6.06e-01	3.78e-01	3.34e-04	0.00e+00	0.00e+00	0.00e+00
 2.44356e+16	3.04e-05	1.73e-02	6.17e-01	3.65e-01	2.83e-04	0.00e+00	0.00e+00	0.00e+00
 2.45446e+16	3.56e-05	1.93e-02	6.30e-01	3.51e-01	2.33e-04	0.00e+00	0.00e+00	0.00e+00
 2.46549e+16	4.20e-05	2.15e-02	6.43e-01	3.35e-01	1.93e-04	0.00e+00	0.00e+00	0.00e+00
 2.47394e+16	4.80e-05	2.35e-02	6.53e-01	3.23e-01	1.67e-04	0.00e+00	0.00e+00	0.00e+00
 2.48098e+16	5.37e-05	2.53e-02	6.62e-01	3.13e-01	1.48e-04	0.00e+00	0.00e+00	0.00e+00
 2.48892e+16	6.10e-05	2.76e-02	6.71e-01	3.01e-01	1.28e-04	0.00e+00	0.00e+00	0.00e+00
 2.49925e+16	7.23e-05	3.09e-02	6.84e-01	2.85e-01	1.05e-04	0.00e+00	0.00e+00	0.00e+00
 2.50927e+16	8.62e-05	3.48e-02	6.95e-01	2.70e-01	8.76e-05	0.00e+00	0.00e+00	0.00e+00
 2.51645e+16	9.81e-05	3.80e-02	7.04e-01	2.58e-01	7.67e-05	0.00e+00	0.00e+00	0.00e+00
 2.52331e+16	1.11e-04	4.13e-02	7.11e-01	2.47e-01	6.69e-05	0.00e+00	0.00e+00	0.00e+00
 2.53224e+16	1.31e-04	4.62e-02	7.21e-01	2.33e-01	5.58e-05	0.00e+00	0.00e+00	0.00e+00
 2.54108e+16	1.56e-04	5.19e-02	7.30e-01	2.18e-01	4.66e-05	0.00e+00	0.00e+00	0.00e+00
 2.54764e+16	1.78e-04	5.67e-02	7.36e-01	2.07e-01	4.07e-05	0.00e+00	0.00e+00	0.00e+00
 2.55306e+16	1.99e-04	6.11e-02	7.40e-01	1.98e-01	3.61e-05	0.00e+00	0.00e+00	0.00e+00
 2.55920e+16	2.26e-04	6.66e-02	7.45e-01	1.88e-01	3.14e-05	0.00e+00	0.00e+00	0.00e+00
 2.56614e+16	2.63e-04	7.37e-02	7.50e-01	1.76e-01	2.68e-05	0.00e+00	0.00e+00	0.00e+00
 2.57257e+16	3.03e-04	8.10e-02	7.53e-01	1.65e-01	2.30e-05	0.00e+00	0.00e+00	0.00e+00
 2.57824e+16	3.45e-04	8.84e-02	7.55e-01	1.56e-01	2.00e-05	0.00e+00	0.00e+00	0.00e+00
 2.58446e+16	3.99e-04	9.74e-02	7.57e-01	1.45e-01	1.70e-05	0.00e+00	0.00e+00	0.00e+00
 2.59111e+16	4.69e-04	1.08e-01	7.57e-01	1.34e-01	1.43e-05	0.00e+00	0.00e+00	0.00e+00
 2.59679e+16	5.40e-04	1.19e-01	7.56e-01	1.25e-01	1.22e-05	0.00e+00	0.00e+00	0.00e+00
 2.60168e+16	6.12e-04	1.29e-01	7.53e-01	1.17e-01	1.06e-05	0.00e+00	0.00e+00	0.00e+00
 2.60710e+16	7.06e-04	1.42e-01	7.50e-01	1.08e-01	9.01e-06	0.00e+00	0.00e+00	0.00e+00
 2.61310e+16	8.30e-04	1.58e-01	7.43e-01	9.81e-02	7.47e-06	0.00e+00	0.00e+00	0.00e+00
 2.61848e+16	9.61e-04	1.74e-01	7.36e-01	8.95e-02	6.26e-06	0.00e+00	0.00e+00	0.00e+00
 2.62314e+16	1.10e-03	1.89e-01	7.27e-01	8.21e-02	5.32e-06	0.00e+00	0.00e+00	0.00e+00
 2.62825e+16	1.28e-03	2.08e-01	7.16e-01	7.43e-02	4.41e-06	0.00e+00	0.00e+00	0.00e+00
 2.63390e+16	1.51e-03	2.32e-01	7.01e-01	6.59e-02	3.55e-06	0.00e+00	0.00e+00	0.00e+00
 2.63901e+16	1.77e-03	2.57e-01	6.83e-01	5.84e-02	2.88e-06	0.00e+00	0.00e+00	0.00e+00
 2.64358e+16	2.05e-03	2.81e-01	6.65e-01	5.20e-02	2.36e-06	0.00e+00	0.00e+00	0.00e+00
 2.64867e+16	2.42e-03	3.11e-01	6.41e-01	4.51e-02	1.86e-06	0.00e+00	0.00e+00	0.00e+00
 2.65434e+16	2.93e-03	3.49e-01	6.11e-01	3.79e-02	1.39e-06	0.00e+00	0.00e+00	0.00e+00
 2.65957e+16	3.51e-03	3.88e-01	5.77e-01	3.16e-02	1.04e-06	0.00e+00	0.00e+00	0.00e+00
 2.66421e+16	4.14e-03	4.26e-01	5.43e-01	2.64e-02	7.89e-07	0.00e+00	0.00e+00	0.00e+00
 2.66860e+16	4.85e-03	4.66e-01	5.07e-01	2.18e-02	0.00e+00	0.00e+00	0.00e+00	0.00e+00
 2.67361e+16	5.82e-03	5.14e-01	4.63e-01	1.72e-02	0.00e+00	0.00e+00	0.00e+00	0.00e+00
 2.67861e+16	7.03e-03	5.67e-01	4.13e-01	1.30e-02	0.00e+00	0.00e+00	0.00e+00	0.00e+00
 2.68228e+16	8.14e-03	6.07e-01	3.74e-01	1.04e-02	0.00e+00	0.00e+00	0.00e+00	0.00e+00
 2.68518e+16	9.07e-03	6.40e-01	3.43e-01	8.53e-03	0.00e+00	0.00e+00	0.00e+00	0.00e+00
 2.68837e+16	1.03e-02	6.76e-01	3.07e-01	6.72e-03	0.00e+00	0.00e+00	0.00e+00	0.00e+00
 2.69195e+16	1.19e-02	7.15e-01	2.68e-01	5.01e-03	0.00e+00	0.00e+00	0.00e+00	0.00e+00
 2.69521e+16	1.35e-02	7.51e-01	2.32e-01	3.73e-03	0.00e+00	0.00e+00	0.00e+00	0.00e+00
 2.69796e+16	1.52e-02	7.80e-01	2.02e-01	2.83e-03	0.00e+00	0.00e+00	0.00e+00	0.00e+00
 2.70047e+16	1.68e-02	8.05e-01	1.76e-01	2.16e-03	0.00e+00	0.00e+00	0.00e+00	0.00e+00
 2.70332e+16	1.90e-02	8.31e-01	1.48e-01	1.55e-03	0.00e+00	0.00e+00	0.00e+00	0.00e+00
 2.70637e+16	2.16e-02	8.56e-01	1.21e-01	1.05e-03	0.00e+00	0.00e+00	0.00e+00	0.00e+00
 2.70892e+16	2.42e-02	8.75e-01	9.97e-02	7.32e-04	0.00e+00	0.00e+00	0.00e+00	0.00e+00
 2.71103e+16	2.66e-02	8.89e-01	8.40e-02	5.32e-04	0.00e+00	0.00e+00	0.00e+00	0.00e+00
 2.71330e+16	2.95e-02	9.01e-01	6.90e-02	3.69e-04	0.00e+00	0.00e+00	0.00e+00	0.00e+00
 2.71584e+16	3.32e-02	9.12e-01	5.45e-02	2.39e-04	0.00e+00	0.00e+00	0.00e+00	0.00e+00
 2.71811e+16	3.70e-02	9.20e-01	4.32e-02	1.56e-04	0.00e+00	0.00e+00	0.00e+00	0.00e+00
 2.72000e+16	4.05e-02	9.24e-01	3.52e-02	1.08e-04	0.00e+00	0.00e+00	0.00e+00	0.00e+00
 2.72170e+16	4.41e-02	9.27e-01	2.89e-02	7.54e-05	0.00e+00	0.00e+00	0.00e+00	0.00e+00
 2.72363e+16	4.88e-02	9.28e-01	2.29e-02	4.94e-05	0.00e+00	0.00e+00	0.00e+00	0.00e+00
 2.72566e+16	5.40e-02	9.28e-01	1.77e-02	3.10e-05	0.00e+00	0.00e+00	0.00e+00	0.00e+00
 2.72734e+16	5.91e-02	9.27e-01	1.41e-02	2.06e-05	0.00e+00	0.00e+00	0.00e+00	0.00e+00
 2.72873e+16	6.35e-02	9.25e-01	1.16e-02	1.44e-05	0.00e+00	0.00e+00	0.00e+00	0.00e+00
 2.73011e+16	6.85e-02	9.22e-01	9.43e-03	1.00e-05	0.00e+00	0.00e+00	0.00e+00	0.00e+00
 2.73157e+16	7.39e-02	9.19e-01	7.56e-03	6.71e-06	0.00e+00	0.00e+00	0.00e+00	0.00e+00
 2.73295e+16	7.96e-02	9.14e-01	6.09e-03	4.55e-06	0.00e+00	0.00e+00	0.00e+00	0.00e+00
 2.73412e+16	8.50e-02	9.10e-01	5.04e-03	3.23e-06	0.00e+00	0.00e+00	0.00e+00	0.00e+00
 2.73515e+16	8.98e-02	9.06e-01	4.24e-03	2.37e-06	0.00e+00	0.00e+00	0.00e+00	0.00e+00
 2.73612e+16	9.47e-02	9.02e-01	3.60e-03	1.76e-06	0.00e+00	0.00e+00	0.00e+00	0.00e+00
 2.73689e+16	9.88e-02	8.98e-01	3.15e-03	1.39e-06	0.00e+00	0.00e+00	0.00e+00	0.00e+00
 2.73740e+16	1.01e-01	8.96e-01	2.89e-03	1.19e-06	0.00e+00	0.00e+00	0.00e+00	0.00e+00
 2.73787e+16	1.04e-01	8.93e-01	2.66e-03	1.02e-06	0.00e+00	0.00e+00	0.00e+00	0.00e+00
 2.73840e+16	1.08e-01	8.90e-01	2.41e-03	8.52e-07	0.00e+00	0.00e+00	0.00e+00	0.00e+00
 2.73899e+16	1.11e-01	8.87e-01	2.16e-03	0.00e+00	0.00e+00	0.00e+00	0.00e+00	0.00e+00
 2.73955e+16	1.15e-01	8.83e-01	1.95e-03	0.00e+00	0.00e+00	0.00e+00	0.00e+00	0.00e+00
 2.74008e+16	1.18e-01	8.80e-01	1.77e-03	0.00e+00	0.00e+00	0.00e+00	0.00e+00	0.00e+00
 2.74060e+16	1.22e-01	8.77e-01	1.60e-03	0.00e+00	0.00e+00	0.00e+00	0.00e+00	0.00e+00
 2.74112e+16	1.25e-01	8.73e-01	1.44e-03	0.00e+00	0.00e+00	0.00e+00	0.00e+00	0.00e+00
 2.74164e+16	1.29e-01	8.70e-01	1.30e-03	0.00e+00	0.00e+00	0.00e+00	0.00e+00	0.00e+00
 2.74215e+16	1.33e-01	8.66e-01	1.18e-03	0.00e+00	0.00e+00	0.00e+00	0.00e+00	0.00e+00
 2.74266e+16	1.37e-01	8.62e-01	1.07e-03	0.00e+00	0.00e+00	0.00e+00	0.00e+00	0.00e+00
 2.74316e+16	1.41e-01	8.58e-01	9.63e-04	0.00e+00	0.00e+00	0.00e+00	0.00e+00	0.00e+00
 2.74365e+16	1.46e-01	8.53e-01	8.68e-04	0.00e+00	0.00e+00	0.00e+00	0.00e+00	0.00e+00
 2.74415e+16	1.50e-01	8.49e-01	7.83e-04	0.00e+00	0.00e+00	0.00e+00	0.00e+00	0.00e+00
 2.74463e+16	1.54e-01	8.45e-01	7.07e-04	0.00e+00	0.00e+00	0.00e+00	0.00e+00	0.00e+00
 2.74510e+16	1.59e-01	8.40e-01	6.39e-04	0.00e+00	0.00e+00	0.00e+00	0.00e+00	0.00e+00
 2.74557e+16	1.64e-01	8.36e-01	5.77e-04	0.00e+00	0.00e+00	0.00e+00	0.00e+00	0.00e+00
 2.74604e+16	1.69e-01	8.31e-01	5.20e-04	0.00e+00	0.00e+00	0.00e+00	0.00e+00	0.00e+00
 2.74651e+16	1.74e-01	8.25e-01	4.69e-04	0.00e+00	0.00e+00	0.00e+00	0.00e+00	0.00e+00
 2.74696e+16	1.80e-01	8.20e-01	4.23e-04	0.00e+00	0.00e+00	0.00e+00	0.00e+00	0.00e+00
 2.74741e+16	1.85e-01	8.14e-01	3.81e-04	0.00e+00	0.00e+00	0.00e+00	0.00e+00	0.00e+00
 2.74785e+16	1.91e-01	8.08e-01	3.43e-04	0.00e+00	0.00e+00	0.00e+00	0.00e+00	0.00e+00
 2.74829e+16	1.98e-01	8.02e-01	3.09e-04	0.00e+00	0.00e+00	0.00e+00	0.00e+00	0.00e+00
 2.74873e+16	2.04e-01	7.95e-01	2.78e-04	0.00e+00	0.00e+00	0.00e+00	0.00e+00	0.00e+00
 2.74916e+16	2.11e-01	7.88e-01	2.50e-04	0.00e+00	0.00e+00	0.00e+00	0.00e+00	0.00e+00
 2.74957e+16	2.19e-01	7.81e-01	2.25e-04	0.00e+00	0.00e+00	0.00e+00	0.00e+00	0.00e+00
 2.74999e+16	2.26e-01	7.74e-01	2.03e-04	0.00e+00	0.00e+00	0.00e+00	0.00e+00	0.00e+00
 2.75041e+16	2.34e-01	7.65e-01	1.82e-04	0.00e+00	0.00e+00	0.00e+00	0.00e+00	0.00e+00
 2.75081e+16	2.43e-01	7.57e-01	1.63e-04	0.00e+00	0.00e+00	0.00e+00	0.00e+00	0.00e+00
 2.75121e+16	2.52e-01	7.48e-01	1.47e-04	0.00e+00	0.00e+00	0.00e+00	0.00e+00	0.00e+00
 2.75160e+16	2.62e-01	7.38e-01	1.32e-04	0.00e+00	0.00e+00	0.00e+00	0.00e+00	0.00e+00
 2.75199e+16	2.73e-01	7.27e-01	1.18e-04	0.00e+00	0.00e+00	0.00e+00	0.00e+00	0.00e+00
 2.75236e+16	2.82e-01	7.17e-01	1.06e-04	0.00e+00	0.00e+00	0.00e+00	0.00e+00	0.00e+00
 2.75273e+16	2.95e-01	7.05e-01	9.52e-05	0.00e+00	0.00e+00	0.00e+00	0.00e+00	0.00e+00
 2.75309e+16	3.07e-01	6.93e-01	8.54e-05	0.00e+00	0.00e+00	0.00e+00	0.00e+00	0.00e+00
 2.75344e+16	3.19e-01	6.81e-01	7.68e-05	0.00e+00	0.00e+00	0.00e+00	0.00e+00	0.00e+00
 2.75378e+16	3.32e-01	6.68e-01	6.88e-05	0.00e+00	0.00e+00	0.00e+00	0.00e+00	0.00e+00
 2.75413e+16	3.46e-01	6.54e-01	6.16e-05	0.00e+00	0.00e+00	0.00e+00	0.00e+00	0.00e+00
 2.75446e+16	3.61e-01	6.39e-01	5.52e-05	0.00e+00	0.00e+00	0.00e+00	0.00e+00	0.00e+00
 2.75479e+16	3.77e-01	6.23e-01	4.94e-05	0.00e+00	0.00e+00	0.00e+00	0.00e+00	0.00e+00
 2.75511e+16	3.93e-01	6.07e-01	4.41e-05	0.00e+00	0.00e+00	0.00e+00	0.00e+00	0.00e+00
 2.75543e+16	4.10e-01	5.90e-01	3.94e-05	0.00e+00	0.00e+00	0.00e+00	0.00e+00	0.00e+00
 2.75574e+16	4.30e-01	5.70e-01	3.49e-05	0.00e+00	0.00e+00	0.00e+00	0.00e+00	0.00e+00
 2.75604e+16	4.49e-01	5.51e-01	3.11e-05	0.00e+00	0.00e+00	0.00e+00	0.00e+00	0.00e+00
 2.75634e+16	4.69e-01	5.31e-01	2.76e-05	0.00e+00	0.00e+00	0.00e+00	0.00e+00	0.00e+00
 2.75664e+16	4.89e-01	5.11e-01	2.45e-05	0.00e+00	0.00e+00	0.00e+00	0.00e+00	0.00e+00
 2.75694e+16	5.11e-01	4.89e-01	2.16e-05	0.00e+00	0.00e+00	0.00e+00	0.00e+00	0.00e+00
 2.75723e+16	5.33e-01	4.67e-01	1.91e-05	0.00e+00	0.00e+00	0.00e+00	0.00e+00	0.00e+00
 2.75752e+16	5.55e-01	4.45e-01	1.68e-05	0.00e+00	0.00e+00	0.00e+00	0.00e+00	0.00e+00
 2.75780e+16	5.78e-01	4.22e-01	1.47e-05	0.00e+00	0.00e+00	0.00e+00	0.00e+00	0.00e+00
 2.75809e+16	6.01e-01	3.99e-01	1.29e-05	0.00e+00	0.00e+00	0.00e+00	0.00e+00	0.00e+00
 2.75837e+16	6.24e-01	3.76e-01	1.12e-05	0.00e+00	0.00e+00	0.00e+00	0.00e+00	0.00e+00
 2.75864e+16	6.48e-01	3.52e-01	9.78e-06	0.00e+00	0.00e+00	0.00e+00	0.00e+00	0.00e+00
 2.75888e+16	6.68e-01	3.32e-01	8.67e-06	0.00e+00	0.00e+00	0.00e+00	0.00e+00	0.00e+00
