#depth	C	C+	C+2	C+3	C+4	C+5	C+6	C[1]	C[2]	C[3]	C+[1]	C+[2]	CO
 1.49634e+10	2.70e-46	6.34e-35	1.22e-24	7.27e-15	1.44e-04	3.43e-01	6.57e-01	0.00e+00	0.00e+00	0.00e+00	0.00e+00	0.00e+00	4.34e-146
 4.54887e+10	0.00e+00	9.07e-35	1.61e-24	8.89e-15	1.63e-04	3.61e-01	6.39e-01	0.00e+00	0.00e+00	0.00e+00	0.00e+00	0.00e+00	1.19e-189
 7.72350e+10	6.50e-46	1.31e-34	2.15e-24	1.09e-14	1.86e-04	3.79e-01	6.21e-01	0.00e+00	0.00e+00	0.00e+00	0.00e+00	0.00e+00	4.27e-145
 1.10251e+11	0.00e+00	1.89e-34	2.86e-24	1.35e-14	2.11e-04	3.98e-01	6.02e-01	0.00e+00	0.00e+00	0.00e+00	0.00e+00	0.00e+00	6.21e-189
 1.44588e+11	1.58e-45	2.71e-34	3.80e-24	1.65e-14	2.39e-04	4.17e-01	5.83e-01	0.00e+00	0.00e+00	0.00e+00	0.00e+00	0.00e+00	4.24e-144
 1.80298e+11	0.00e+00	3.90e-34	5.06e-24	2.03e-14	2.71e-04	4.37e-01	5.63e-01	0.00e+00	0.00e+00	0.00e+00	0.00e+00	0.00e+00	3.26e-188
 2.17437e+11	3.83e-45	5.61e-34	6.71e-24	2.48e-14	3.07e-04	4.56e-01	5.43e-01	0.00e+00	0.00e+00	0.00e+00	0.00e+00	0.00e+00	4.22e-143
 2.56061e+11	0.00e+00	8.05e-34	8.90e-24	3.04e-14	3.47e-04	4.76e-01	5.24e-01	0.00e+00	0.00e+00	0.00e+00	0.00e+00	0.00e+00	1.71e-187
 2.96231e+11	9.24e-45	1.15e-33	1.18e-23	3.72e-14	3.92e-04	4.96e-01	5.04e-01	0.00e+00	0.00e+00	0.00e+00	0.00e+00	0.00e+00	4.19e-142
 3.38007e+11	0.00e+00	1.65e-33	1.56e-23	4.54e-14	4.42e-04	5.16e-01	4.84e-01	0.00e+00	0.00e+00	0.00e+00	0.00e+00	0.00e+00	8.90e-187
 3.81454e+11	2.22e-44	2.37e-33	2.06e-23	5.55e-14	4.98e-04	5.36e-01	4.64e-01	0.00e+00	0.00e+00	0.00e+00	0.00e+00	0.00e+00	4.16e-141
 4.26639e+11	0.00e+00	3.39e-33	2.73e-23	6.77e-14	5.61e-04	5.55e-01	4.44e-01	0.00e+00	0.00e+00	0.00e+00	0.00e+00	0.00e+00	4.62e-186
 4.73631e+11	5.35e-44	4.85e-33	3.60e-23	8.24e-14	6.31e-04	5.75e-01	4.24e-01	0.00e+00	0.00e+00	0.00e+00	0.00e+00	0.00e+00	4.14e-140
 5.19238e+11	0.00e+00	6.76e-33	4.66e-23	9.90e-14	7.03e-04	5.93e-01	4.06e-01	0.00e+00	0.00e+00	0.00e+00	0.00e+00	0.00e+00	2.41e-185
 5.61219e+11	1.16e-43	9.10e-33	5.86e-23	1.16e-13	7.74e-04	6.09e-01	3.90e-01	0.00e+00	0.00e+00	0.00e+00	0.00e+00	0.00e+00	3.14e-139
 6.07982e+11	0.00e+00	1.25e-32	7.52e-23	1.39e-13	8.60e-04	6.26e-01	3.73e-01	0.00e+00	0.00e+00	0.00e+00	0.00e+00	0.00e+00	1.02e-184
 6.62064e+11	2.64e-43	1.79e-32	9.89e-23	1.69e-13	9.62e-04	6.44e-01	3.55e-01	0.00e+00	0.00e+00	0.00e+00	0.00e+00	0.00e+00	2.77e-138
 7.15435e+11	0.00e+00	2.50e-32	1.28e-22	2.02e-13	1.07e-03	6.62e-01	3.37e-01	0.00e+00	0.00e+00	0.00e+00	0.00e+00	0.00e+00	4.68e-184
 7.70941e+11	6.05e-43	3.51e-32	1.67e-22	2.44e-13	1.19e-03	6.78e-01	3.20e-01	0.00e+00	0.00e+00	0.00e+00	0.00e+00	0.00e+00	2.46e-137
 8.31705e+11	0.00e+00	5.00e-32	2.19e-22	2.95e-13	1.33e-03	6.96e-01	3.03e-01	0.00e+00	0.00e+00	0.00e+00	0.00e+00	0.00e+00	2.11e-183
 8.93282e+11	1.43e-42	7.06e-32	2.86e-22	3.56e-13	1.48e-03	7.12e-01	2.87e-01	0.00e+00	0.00e+00	0.00e+00	0.00e+00	0.00e+00	2.39e-136
 9.57322e+11	0.00e+00	9.98e-32	3.74e-22	4.29e-13	1.66e-03	7.28e-01	2.71e-01	0.00e+00	0.00e+00	0.00e+00	0.00e+00	0.00e+00	9.99e-183
 1.02554e+12	3.38e-42	1.42e-31	4.91e-22	5.20e-13	1.85e-03	7.43e-01	2.55e-01	0.00e+00	0.00e+00	0.00e+00	0.00e+00	0.00e+00	2.34e-135
 1.09649e+12	0.00e+00	2.03e-31	6.45e-22	6.29e-13	2.06e-03	7.58e-01	2.40e-01	0.00e+00	0.00e+00	0.00e+00	0.00e+00	0.00e+00	4.46e-182
 1.17028e+12	8.10e-42	2.89e-31	8.48e-22	7.61e-13	2.30e-03	7.73e-01	2.25e-01	0.00e+00	0.00e+00	0.00e+00	0.00e+00	0.00e+00	2.37e-134
 1.24701e+12	0.00e+00	4.12e-31	1.11e-21	9.20e-13	2.56e-03	7.86e-01	2.11e-01	0.00e+00	0.00e+00	0.00e+00	0.00e+00	0.00e+00	1.83e-181
 1.32682e+12	1.94e-41	5.88e-31	1.46e-21	1.11e-12	2.85e-03	8.00e-01	1.98e-01	0.00e+00	0.00e+00	0.00e+00	0.00e+00	0.00e+00	2.41e-133
 1.40982e+12	0.00e+00	8.39e-31	1.92e-21	1.35e-12	3.17e-03	8.12e-01	1.85e-01	0.00e+00	0.00e+00	0.00e+00	0.00e+00	0.00e+00	5.82e-181
 1.49614e+12	4.67e-41	1.20e-30	2.53e-21	1.63e-12	3.53e-03	8.24e-01	1.73e-01	0.00e+00	0.00e+00	0.00e+00	0.00e+00	0.00e+00	2.48e-132
 1.57741e+12	0.00e+00	1.65e-30	3.24e-21	1.93e-12	3.89e-03	8.34e-01	1.62e-01	0.00e+00	0.00e+00	0.00e+00	0.00e+00	0.00e+00	2.95e-181
 1.65025e+12	9.83e-41	2.19e-30	4.02e-21	2.24e-12	4.23e-03	8.42e-01	1.53e-01	0.00e+00	0.00e+00	0.00e+00	0.00e+00	0.00e+00	1.79e-131
 1.73209e+12	0.00e+00	2.97e-30	5.09e-21	2.64e-12	4.63e-03	8.51e-01	1.44e-01	0.00e+00	0.00e+00	0.00e+00	0.00e+00	0.00e+00	0.00e+00
 1.82888e+12	2.21e-40	4.21e-30	6.65e-21	3.17e-12	5.13e-03	8.61e-01	1.34e-01	0.00e+00	0.00e+00	0.00e+00	0.00e+00	0.00e+00	1.53e-130
 1.92606e+12	0.00e+00	5.90e-30	8.61e-21	3.79e-12	5.67e-03	8.69e-01	1.25e-01	0.00e+00	0.00e+00	0.00e+00	0.00e+00	0.00e+00	0.00e+00
 2.01750e+12	4.90e-40	8.02e-30	1.09e-20	4.46e-12	6.20e-03	8.76e-01	1.18e-01	0.00e+00	0.00e+00	0.00e+00	0.00e+00	0.00e+00	1.27e-129
 2.11850e+12	0.00e+00	1.12e-29	1.40e-20	5.31e-12	6.83e-03	8.83e-01	1.10e-01	0.00e+00	0.00e+00	0.00e+00	0.00e+00	0.00e+00	0.00e+00
 2.23316e+12	1.15e-39	1.60e-29	1.85e-20	6.42e-12	7.58e-03	8.91e-01	1.02e-01	0.00e+00	0.00e+00	0.00e+00	0.00e+00	0.00e+00	1.22e-128
 2.34792e+12	0.00e+00	2.26e-29	2.41e-20	7.71e-12	8.38e-03	8.97e-01	9.42e-02	0.00e+00	0.00e+00	0.00e+00	0.00e+00	0.00e+00	0.00e+00
 2.46726e+12	2.72e-39	3.21e-29	3.15e-20	9.26e-12	9.26e-03	9.03e-01	8.74e-02	0.00e+00	0.00e+00	0.00e+00	0.00e+00	0.00e+00	1.20e-127
 2.59587e+12	0.00e+00	4.61e-29	4.16e-20	1.12e-11	1.03e-02	9.09e-01	8.06e-02	0.00e+00	0.00e+00	0.00e+00	0.00e+00	0.00e+00	0.00e+00
 2.71647e+12	6.40e-39	6.39e-29	5.35e-20	1.33e-11	1.13e-02	9.14e-01	7.50e-02	0.00e+00	0.00e+00	0.00e+00	0.00e+00	0.00e+00	1.15e-126
 2.82412e+12	0.00e+00	8.50e-29	6.65e-20	1.54e-11	1.22e-02	9.17e-01	7.03e-02	0.00e+00	0.00e+00	0.00e+00	0.00e+00	0.00e+00	0.00e+00
 2.94514e+12	1.34e-38	1.16e-28	8.44e-20	1.81e-11	1.33e-02	9.21e-01	6.56e-02	0.00e+00	0.00e+00	0.00e+00	0.00e+00	0.00e+00	8.09e-126
 3.08877e+12	0.00e+00	1.66e-28	1.11e-19	2.18e-11	1.47e-02	9.25e-01	6.05e-02	0.00e+00	0.00e+00	0.00e+00	0.00e+00	0.00e+00	0.00e+00
 3.23308e+12	3.19e-38	2.34e-28	1.44e-19	2.61e-11	1.62e-02	9.28e-01	5.58e-02	0.00e+00	0.00e+00	0.00e+00	0.00e+00	0.00e+00	8.06e-125
 3.36814e+12	0.00e+00	3.20e-28	1.83e-19	3.08e-11	1.77e-02	9.30e-01	5.19e-02	0.00e+00	0.00e+00	0.00e+00	0.00e+00	0.00e+00	0.00e+00
 3.51777e+12	7.14e-38	4.47e-28	2.37e-19	3.66e-11	1.95e-02	9.33e-01	4.80e-02	0.00e+00	0.00e+00	0.00e+00	0.00e+00	0.00e+00	6.73e-124
 3.68841e+12	0.00e+00	6.46e-28	3.14e-19	4.44e-11	2.15e-02	9.35e-01	4.40e-02	0.00e+00	0.00e+00	0.00e+00	0.00e+00	0.00e+00	0.00e+00
 3.85617e+12	1.74e-37	9.17e-28	4.11e-19	5.32e-11	2.37e-02	9.36e-01	4.04e-02	0.00e+00	0.00e+00	0.00e+00	0.00e+00	0.00e+00	7.10e-123
 4.03065e+12	0.00e+00	1.30e-27	5.38e-19	6.38e-11	2.61e-02	9.37e-01	3.71e-02	0.00e+00	0.00e+00	0.00e+00	0.00e+00	0.00e+00	0.00e+00
 4.22180e+12	4.28e-37	1.89e-27	7.15e-19	7.74e-11	2.89e-02	9.37e-01	3.39e-02	0.00e+00	0.00e+00	0.00e+00	0.00e+00	0.00e+00	7.56e-122
 4.41364e+12	0.00e+00	2.71e-27	9.42e-19	9.32e-11	3.18e-02	9.37e-01	3.10e-02	0.00e+00	0.00e+00	0.00e+00	0.00e+00	0.00e+00	0.00e+00
 4.61316e+12	1.05e-36	3.89e-27	1.24e-18	1.12e-10	3.51e-02	9.37e-01	2.84e-02	0.00e+00	0.00e+00	0.00e+00	0.00e+00	0.00e+00	7.97e-121
 4.82761e+12	0.00e+00	5.65e-27	1.66e-18	1.36e-10	3.88e-02	9.35e-01	2.58e-02	0.00e+00	0.00e+00	0.00e+00	0.00e+00	0.00e+00	0.00e+00
 5.03991e+12	2.60e-36	8.08e-27	2.18e-18	1.64e-10	4.26e-02	9.34e-01	2.36e-02	0.00e+00	0.00e+00	0.00e+00	0.00e+00	0.00e+00	8.66e-120
 5.26071e+12	0.00e+00	1.16e-26	2.87e-18	1.97e-10	4.69e-02	9.32e-01	2.15e-02	0.00e+00	0.00e+00	0.00e+00	0.00e+00	0.00e+00	0.00e+00
 5.50106e+12	6.46e-36	1.68e-26	3.82e-18	2.40e-10	5.17e-02	9.29e-01	1.95e-02	0.00e+00	0.00e+00	0.00e+00	0.00e+00	0.00e+00	9.46e-119
 5.75103e+12	0.00e+00	2.45e-26	5.10e-18	2.91e-10	5.71e-02	9.25e-01	1.77e-02	0.00e+00	0.00e+00	0.00e+00	0.00e+00	0.00e+00	0.00e+00
 6.01100e+12	1.64e-35	3.57e-26	6.82e-18	3.54e-10	6.30e-02	9.21e-01	1.60e-02	0.00e+00	0.00e+00	0.00e+00	0.00e+00	0.00e+00	1.09e-117
 6.28137e+12	0.00e+00	5.20e-26	9.11e-18	4.29e-10	6.94e-02	9.16e-01	1.45e-02	0.00e+00	0.00e+00	0.00e+00	0.00e+00	0.00e+00	0.00e+00
 6.56255e+12	4.18e-35	7.57e-26	1.22e-17	5.22e-10	7.65e-02	9.10e-01	1.30e-02	0.00e+00	0.00e+00	0.00e+00	0.00e+00	0.00e+00	1.26e-116
 6.81711e+12	0.00e+00	1.05e-25	1.57e-17	6.18e-10	8.32e-02	9.05e-01	1.19e-02	0.00e+00	0.00e+00	0.00e+00	0.00e+00	0.00e+00	1.10e-99
 7.02960e+12	8.71e-35	1.37e-25	1.92e-17	7.09e-10	8.90e-02	9.00e-01	1.11e-02	0.00e+00	0.00e+00	0.00e+00	0.00e+00	0.00e+00	0.00e+00
 7.26255e+12	1.23e-34	1.81e-25	2.39e-17	8.20e-10	9.56e-02	8.94e-01	1.02e-02	0.00e+00	0.00e+00	0.00e+00	0.00e+00	0.00e+00	2.14e-115
 7.55706e+12	1.89e-34	2.55e-25	3.12e-17	9.79e-10	1.04e-01	8.87e-01	9.24e-03	0.00e+00	0.00e+00	0.00e+00	0.00e+00	0.00e+00	3.06e-97
 7.86411e+12	2.89e-34	3.60e-25	4.07e-17	1.17e-09	1.14e-01	8.78e-01	8.35e-03	0.00e+00	0.00e+00	0.00e+00	0.00e+00	0.00e+00	0.00e+00
 8.12522e+12	4.09e-34	4.77e-25	5.06e-17	1.35e-09	1.22e-01	8.70e-01	7.68e-03	0.00e+00	0.00e+00	0.00e+00	0.00e+00	0.00e+00	4.96e-114
 8.39412e+12	5.79e-34	6.31e-25	6.29e-17	1.57e-09	1.31e-01	8.62e-01	7.06e-03	0.00e+00	0.00e+00	0.00e+00	0.00e+00	0.00e+00	3.54e-96
 8.73199e+12	8.79e-34	8.85e-25	8.18e-17	1.87e-09	1.42e-01	8.52e-01	6.36e-03	0.00e+00	0.00e+00	0.00e+00	0.00e+00	0.00e+00	0.00e+00
 9.07504e+12	1.32e-33	1.23e-24	1.06e-16	2.22e-09	1.54e-01	8.40e-01	5.74e-03	0.00e+00	0.00e+00	0.00e+00	0.00e+00	0.00e+00	1.08e-112
 9.37009e+12	1.85e-33	1.62e-24	1.31e-16	2.55e-09	1.64e-01	8.30e-01	5.26e-03	0.00e+00	0.00e+00	0.00e+00	0.00e+00	0.00e+00	4.47e-95
 9.68724e+12	2.62e-33	2.14e-24	1.63e-16	2.96e-09	1.76e-01	8.19e-01	4.80e-03	0.00e+00	0.00e+00	0.00e+00	0.00e+00	0.00e+00	6.60e-112
 1.00788e+13	3.95e-33	2.99e-24	2.11e-16	3.51e-09	1.90e-01	8.05e-01	4.30e-03	0.00e+00	0.00e+00	0.00e+00	0.00e+00	0.00e+00	2.34e-94
 1.04799e+13	5.90e-33	4.14e-24	2.72e-16	4.16e-09	2.05e-01	7.91e-01	3.85e-03	0.00e+00	0.00e+00	0.00e+00	0.00e+00	0.00e+00	5.74e-111
 1.08422e+13	8.35e-33	5.48e-24	3.39e-16	4.82e-09	2.19e-01	7.77e-01	3.49e-03	0.00e+00	0.00e+00	0.00e+00	0.00e+00	0.00e+00	1.20e-93
 1.12413e+13	1.20e-32	7.37e-24	4.28e-16	5.61e-09	2.35e-01	7.62e-01	3.15e-03	0.00e+00	0.00e+00	0.00e+00	0.00e+00	0.00e+00	3.87e-110
 1.17112e+13	1.82e-32	1.03e-23	5.55e-16	6.67e-09	2.53e-01	7.44e-01	2.79e-03	0.00e+00	0.00e+00	0.00e+00	0.00e+00	0.00e+00	6.61e-93
 1.21811e+13	2.69e-32	1.41e-23	7.11e-16	7.86e-09	2.71e-01	7.26e-01	2.48e-03	0.00e+00	0.00e+00	0.00e+00	0.00e+00	0.00e+00	3.38e-109
 1.26280e+13	3.83e-32	1.88e-23	8.90e-16	9.11e-09	2.89e-01	7.09e-01	2.23e-03	0.00e+00	0.00e+00	0.00e+00	0.00e+00	0.00e+00	3.41e-92
 1.31213e+13	5.56e-32	2.55e-23	1.13e-15	1.06e-08	3.08e-01	6.90e-01	1.98e-03	0.00e+00	0.00e+00	0.00e+00	0.00e+00	0.00e+00	2.45e-108
 1.36761e+13	8.29e-32	3.52e-23	1.45e-15	1.25e-08	3.30e-01	6.69e-01	1.75e-03	0.00e+00	0.00e+00	0.00e+00	0.00e+00	0.00e+00	1.89e-91
 1.42312e+13	1.21e-31	4.79e-23	1.84e-15	1.47e-08	3.51e-01	6.47e-01	1.54e-03	0.00e+00	0.00e+00	0.00e+00	0.00e+00	0.00e+00	2.09e-107
 1.47232e+13	1.67e-31	6.21e-23	2.26e-15	1.67e-08	3.70e-01	6.29e-01	1.38e-03	0.00e+00	0.00e+00	0.00e+00	0.00e+00	0.00e+00	9.03e-91
 1.51360e+13	2.16e-31	7.65e-23	2.66e-15	1.86e-08	3.85e-01	6.14e-01	1.27e-03	0.00e+00	0.00e+00	0.00e+00	0.00e+00	0.00e+00	1.05e-106
 1.55804e+13	2.82e-31	9.50e-23	3.14e-15	2.07e-08	4.01e-01	5.98e-01	1.15e-03	0.00e+00	0.00e+00	0.00e+00	0.00e+00	0.00e+00	2.96e-90
 1.61581e+13	3.94e-31	1.25e-22	3.88e-15	2.37e-08	4.22e-01	5.77e-01	1.02e-03	0.00e+00	0.00e+00	0.00e+00	0.00e+00	0.00e+00	5.72e-106
 1.67626e+13	5.51e-31	1.63e-22	4.79e-15	2.72e-08	4.43e-01	5.56e-01	9.05e-04	0.00e+00	0.00e+00	0.00e+00	0.00e+00	0.00e+00	1.35e-89
 1.72784e+13	7.24e-31	2.03e-22	5.68e-15	3.03e-08	4.61e-01	5.38e-01	8.17e-04	0.00e+00	0.00e+00	0.00e+00	0.00e+00	0.00e+00	3.21e-105
 1.78255e+13	9.56e-31	2.55e-22	6.76e-15	3.39e-08	4.79e-01	5.20e-01	7.36e-04	0.00e+00	0.00e+00	0.00e+00	0.00e+00	0.00e+00	4.76e-89
 1.85124e+13	1.34e-30	3.34e-22	8.33e-15	3.87e-08	5.01e-01	4.98e-01	6.46e-04	0.00e+00	0.00e+00	0.00e+00	0.00e+00	0.00e+00	1.87e-104
 1.92195e+13	1.86e-30	4.35e-22	1.02e-14	4.40e-08	5.23e-01	4.77e-01	5.67e-04	0.00e+00	0.00e+00	0.00e+00	0.00e+00	0.00e+00	2.20e-88
 1.98439e+13	2.45e-30	5.44e-22	1.22e-14	4.90e-08	5.41e-01	4.58e-01	5.07e-04	0.00e+00	0.00e+00	0.00e+00	0.00e+00	0.00e+00	1.09e-103
 2.05226e+13	3.27e-30	6.86e-22	1.45e-14	5.49e-08	5.61e-01	4.39e-01	4.50e-04	0.00e+00	0.00e+00	0.00e+00	0.00e+00	0.00e+00	8.27e-88
 2.12707e+13	4.44e-30	8.77e-22	1.76e-14	6.17e-08	5.81e-01	4.19e-01	3.95e-04	0.00e+00	0.00e+00	0.00e+00	0.00e+00	0.00e+00	6.29e-103
 2.19587e+13	5.82e-30	1.09e-21	2.07e-14	6.84e-08	5.99e-01	4.01e-01	3.52e-04	0.00e+00	0.00e+00	0.00e+00	0.00e+00	0.00e+00	3.19e-87
 2.27029e+13	7.69e-30	1.36e-21	2.46e-14	7.61e-08	6.17e-01	3.83e-01	3.12e-04	0.00e+00	0.00e+00	0.00e+00	0.00e+00	0.00e+00	3.22e-102
 2.35337e+13	1.04e-29	1.73e-21	2.96e-14	8.52e-08	6.36e-01	3.64e-01	2.73e-04	0.00e+00	0.00e+00	0.00e+00	0.00e+00	0.00e+00	1.27e-86
 2.43130e+13	1.36e-29	2.15e-21	3.49e-14	9.42e-08	6.53e-01	3.47e-01	2.42e-04	0.00e+00	0.00e+00	0.00e+00	0.00e+00	0.00e+00	1.78e-101
 2.51621e+13	1.80e-29	2.69e-21	4.14e-14	1.05e-07	6.71e-01	3.29e-01	2.12e-04	0.00e+00	0.00e+00	0.00e+00	0.00e+00	0.00e+00	4.76e-86
 2.61052e+13	2.43e-29	3.42e-21	4.97e-14	1.17e-07	6.89e-01	3.11e-01	1.85e-04	0.00e+00	0.00e+00	0.00e+00	0.00e+00	0.00e+00	1.04e-100
 2.69853e+13	3.17e-29	4.24e-21	5.84e-14	1.29e-07	7.05e-01	2.95e-01	1.63e-04	0.00e+00	0.00e+00	0.00e+00	0.00e+00	0.00e+00	1.89e-85
 2.79440e+13	4.20e-29	5.30e-21	6.92e-14	1.42e-07	7.21e-01	2.79e-01	1.42e-04	0.00e+00	0.00e+00	0.00e+00	0.00e+00	0.00e+00	5.64e-100
 2.90164e+13	5.67e-29	6.73e-21	8.29e-14	1.59e-07	7.37e-01	2.62e-01	1.23e-04	0.00e+00	0.00e+00	0.00e+00	0.00e+00	0.00e+00	7.84e-85
 3.00286e+13	7.44e-29	8.36e-21	9.75e-14	1.75e-07	7.52e-01	2.48e-01	1.08e-04	0.00e+00	0.00e+00	0.00e+00	0.00e+00	0.00e+00	3.33e-99
 3.11354e+13	9.90e-29	1.05e-20	1.16e-13	1.93e-07	7.67e-01	2.33e-01	9.35e-05	0.00e+00	0.00e+00	0.00e+00	0.00e+00	0.00e+00	3.14e-84
 3.23748e+13	1.34e-28	1.34e-20	1.39e-13	2.15e-07	7.82e-01	2.18e-01	8.01e-05	0.00e+00	0.00e+00	0.00e+00	0.00e+00	0.00e+00	2.13e-98
 3.35510e+13	1.78e-28	1.67e-20	1.63e-13	2.37e-07	7.95e-01	2.05e-01	6.96e-05	0.00e+00	0.00e+00	0.00e+00	0.00e+00	0.00e+00	1.36e-83
 3.48102e+13	2.37e-28	2.09e-20	1.93e-13	2.61e-07	8.08e-01	1.92e-01	6.01e-05	0.00e+00	0.00e+00	0.00e+00	0.00e+00	0.00e+00	1.28e-97
 3.62325e+13	3.22e-28	2.67e-20	2.32e-13	2.90e-07	8.21e-01	1.78e-01	5.12e-05	0.00e+00	0.00e+00	0.00e+00	0.00e+00	0.00e+00	6.18e-83
 3.76437e+13	4.33e-28	3.37e-20	2.75e-13	3.20e-07	8.33e-01	1.67e-01	4.40e-05	0.00e+00	0.00e+00	0.00e+00	0.00e+00	0.00e+00	8.79e-97
 3.91114e+13	5.81e-28	4.24e-20	3.26e-13	3.52e-07	8.45e-01	1.55e-01	3.77e-05	0.00e+00	0.00e+00	0.00e+00	0.00e+00	0.00e+00	2.81e-82
 4.07058e+13	7.92e-28	5.40e-20	3.89e-13	3.89e-07	8.56e-01	1.44e-01	3.22e-05	0.00e+00	0.00e+00	0.00e+00	0.00e+00	0.00e+00	6.10e-96
 4.23640e+13	1.07e-27	6.86e-20	4.63e-13	4.30e-07	8.66e-01	1.34e-01	2.74e-05	0.00e+00	0.00e+00	0.00e+00	0.00e+00	0.00e+00	1.37e-81
 4.39262e+13	1.42e-27	8.53e-20	5.42e-13	4.69e-07	8.75e-01	1.25e-01	2.37e-05	0.00e+00	0.00e+00	0.00e+00	0.00e+00	0.00e+00	4.00e-95
 4.53327e+13	1.80e-27	1.03e-19	6.21e-13	5.06e-07	8.82e-01	1.18e-01	2.09e-05	0.00e+00	0.00e+00	0.00e+00	0.00e+00	0.00e+00	5.36e-81
 4.66649e+13	2.25e-27	1.22e-19	7.04e-13	5.42e-07	8.88e-01	1.12e-01	1.86e-05	0.00e+00	0.00e+00	0.00e+00	0.00e+00	0.00e+00	1.80e-94
 4.81426e+13	2.86e-27	1.47e-19	8.04e-13	5.83e-07	8.95e-01	1.05e-01	1.64e-05	0.00e+00	0.00e+00	0.00e+00	0.00e+00	0.00e+00	1.81e-80
 4.97978e+13	3.71e-27	1.80e-19	9.28e-13	6.31e-07	9.01e-01	9.86e-02	1.43e-05	0.00e+00	0.00e+00	0.00e+00	0.00e+00	0.00e+00	9.11e-94
 5.13664e+13	4.70e-27	2.17e-19	1.06e-12	6.79e-07	9.07e-01	9.29e-02	1.26e-05	0.00e+00	0.00e+00	0.00e+00	0.00e+00	0.00e+00	6.75e-80
 5.30881e+13	6.06e-27	2.64e-19	1.22e-12	7.32e-07	9.13e-01	8.72e-02	1.10e-05	0.00e+00	0.00e+00	0.00e+00	0.00e+00	0.00e+00	4.50e-93
 5.50170e+13	7.98e-27	3.26e-19	1.41e-12	7.94e-07	9.19e-01	8.15e-02	9.58e-06	0.00e+00	0.00e+00	0.00e+00	0.00e+00	0.00e+00	2.77e-79
 5.68090e+13	1.02e-26	3.94e-19	1.62e-12	8.54e-07	9.23e-01	7.66e-02	8.42e-06	0.00e+00	0.00e+00	0.00e+00	0.00e+00	0.00e+00	2.46e-92
 5.84662e+13	1.27e-26	4.67e-19	1.82e-12	9.11e-07	9.28e-01	7.24e-02	7.50e-06	0.00e+00	0.00e+00	0.00e+00	0.00e+00	0.00e+00	9.65e-79
 6.03548e+13	1.63e-26	5.64e-19	2.08e-12	9.77e-07	9.32e-01	6.81e-02	6.60e-06	0.00e+00	0.00e+00	0.00e+00	0.00e+00	0.00e+00	1.13e-91
 6.26656e+13	2.18e-26	7.06e-19	2.43e-12	1.06e-06	9.37e-01	6.34e-02	5.68e-06	0.00e+00	0.00e+00	0.00e+00	0.00e+00	0.00e+00	4.09e-78
 6.49710e+13	2.87e-26	8.73e-19	2.82e-12	1.15e-06	9.41e-01	5.90e-02	4.91e-06	0.00e+00	0.00e+00	0.00e+00	0.00e+00	0.00e+00	7.21e-91
 6.69795e+13	3.64e-26	1.05e-18	3.20e-12	1.23e-06	9.44e-01	5.57e-02	4.35e-06	0.00e+00	0.00e+00	0.00e+00	0.00e+00	0.00e+00	1.63e-77
 6.91565e+13	4.67e-26	1.27e-18	3.65e-12	1.32e-06	9.48e-01	5.23e-02	3.83e-06	0.00e+00	0.00e+00	0.00e+00	0.00e+00	0.00e+00	3.51e-90
 7.18097e+13	6.27e-26	1.58e-18	4.25e-12	1.43e-06	9.51e-01	4.87e-02	3.30e-06	0.00e+00	0.00e+00	0.00e+00	0.00e+00	0.00e+00	7.17e-77
 7.45097e+13	8.33e-26	1.97e-18	4.95e-12	1.54e-06	9.55e-01	4.53e-02	2.85e-06	0.00e+00	0.00e+00	0.00e+00	0.00e+00	0.00e+00	1.55e-76
 7.69547e+13	1.07e-25	2.39e-18	5.64e-12	1.65e-06	9.57e-01	4.25e-02	2.51e-06	0.00e+00	0.00e+00	0.00e+00	0.00e+00	0.00e+00	3.09e-76
 7.96405e+13	1.41e-25	2.93e-18	6.48e-12	1.77e-06	9.60e-01	3.98e-02	2.19e-06	0.00e+00	0.00e+00	0.00e+00	0.00e+00	0.00e+00	6.45e-76
 8.27967e+13	1.91e-25	3.69e-18	7.59e-12	1.92e-06	9.63e-01	3.69e-02	1.88e-06	0.00e+00	0.00e+00	0.00e+00	0.00e+00	0.00e+00	1.49e-75
 8.59402e+13	2.55e-25	4.60e-18	8.82e-12	2.08e-06	9.66e-01	3.43e-02	1.62e-06	0.00e+00	0.00e+00	0.00e+00	0.00e+00	0.00e+00	3.29e-75
 8.89053e+13	3.34e-25	5.64e-18	1.01e-11	2.23e-06	9.68e-01	3.22e-02	1.42e-06	0.00e+00	0.00e+00	0.00e+00	0.00e+00	0.00e+00	6.86e-75
 9.21873e+13	4.46e-25	7.01e-18	1.17e-11	2.40e-06	9.70e-01	3.00e-02	1.23e-06	0.00e+00	0.00e+00	0.00e+00	0.00e+00	0.00e+00	1.52e-74
 9.59047e+13	6.07e-25	8.85e-18	1.37e-11	2.61e-06	9.72e-01	2.78e-02	1.05e-06	0.00e+00	0.00e+00	0.00e+00	0.00e+00	0.00e+00	3.52e-74
 9.96295e+13	8.24e-25	1.11e-17	1.60e-11	2.81e-06	9.74e-01	2.58e-02	9.09e-07	0.00e+00	0.00e+00	0.00e+00	0.00e+00	0.00e+00	8.19e-74
 1.03503e+14	1.11e-24	1.40e-17	1.86e-11	3.04e-06	9.76e-01	2.40e-02	0.00e+00	0.00e+00	0.00e+00	0.00e+00	0.00e+00	0.00e+00	1.85e-73
 1.07673e+14	1.52e-24	1.77e-17	2.18e-11	3.29e-06	9.78e-01	2.22e-02	0.00e+00	0.00e+00	0.00e+00	0.00e+00	0.00e+00	0.00e+00	4.40e-73
 1.12010e+14	2.08e-24	2.24e-17	2.55e-11	3.56e-06	9.79e-01	2.06e-02	0.00e+00	0.00e+00	0.00e+00	0.00e+00	0.00e+00	0.00e+00	1.05e-72
 1.16198e+14	2.79e-24	2.79e-17	2.96e-11	3.84e-06	9.81e-01	1.92e-02	0.00e+00	0.00e+00	0.00e+00	0.00e+00	0.00e+00	0.00e+00	2.33e-72
 1.20125e+14	3.62e-24	3.39e-17	3.38e-11	4.10e-06	9.82e-01	1.80e-02	0.00e+00	0.00e+00	0.00e+00	0.00e+00	0.00e+00	0.00e+00	4.77e-72
 1.23825e+14	4.61e-24	4.07e-17	3.81e-11	4.36e-06	9.83e-01	1.69e-02	0.00e+00	0.00e+00	0.00e+00	0.00e+00	0.00e+00	0.00e+00	9.27e-72
 1.27850e+14	5.95e-24	4.93e-17	4.33e-11	4.64e-06	9.84e-01	1.59e-02	0.00e+00	0.00e+00	0.00e+00	0.00e+00	1.59e-17	3.34e-17	1.88e-71
 1.32345e+14	7.82e-24	6.06e-17	4.97e-11	4.98e-06	9.85e-01	1.49e-02	0.00e+00	0.00e+00	0.00e+00	0.00e+00	2.01e-17	4.05e-17	3.99e-71
 1.36590e+14	1.00e-23	7.29e-17	5.63e-11	5.30e-06	9.86e-01	1.40e-02	0.00e+00	0.00e+00	0.00e+00	0.00e+00	2.42e-17	4.87e-17	7.85e-71
 1.41247e+14	1.31e-23	8.91e-17	6.44e-11	5.67e-06	9.87e-01	1.31e-02	0.00e+00	0.00e+00	0.00e+00	0.00e+00	2.96e-17	5.95e-17	1.64e-70
 1.46482e+14	1.74e-23	1.11e-16	7.44e-11	6.09e-06	9.88e-01	1.22e-02	0.00e+00	0.00e+00	0.00e+00	0.00e+00	3.68e-17	7.40e-17	3.64e-70
 1.51476e+14	2.27e-23	1.35e-16	8.51e-11	6.52e-06	9.89e-01	1.14e-02	0.00e+00	0.00e+00	0.00e+00	0.00e+00	4.49e-17	9.03e-17	7.52e-70
 1.56960e+14	2.99e-23	1.66e-16	9.80e-11	7.00e-06	9.89e-01	1.06e-02	0.00e+00	0.00e+00	0.00e+00	0.00e+00	5.52e-17	1.11e-16	1.60e-69
 1.63094e+14	4.07e-23	2.09e-16	1.14e-10	7.55e-06	9.90e-01	9.88e-03	0.00e+00	0.00e+00	0.00e+00	0.00e+00	6.95e-17	1.40e-16	3.74e-69
 1.68992e+14	5.34e-23	2.57e-16	1.32e-10	8.13e-06	9.91e-01	9.19e-03	0.00e+00	0.00e+00	0.00e+00	0.00e+00	8.54e-17	1.72e-16	7.85e-69
 1.75302e+14	7.14e-23	3.20e-16	1.52e-10	8.74e-06	9.91e-01	8.56e-03	0.00e+00	0.00e+00	0.00e+00	0.00e+00	1.06e-16	2.14e-16	1.75e-68
 1.82344e+14	9.68e-23	4.03e-16	1.78e-10	9.46e-06	9.92e-01	7.91e-03	0.00e+00	0.00e+00	0.00e+00	0.00e+00	1.34e-16	2.70e-16	4.05e-68
 1.88847e+14	1.28e-22	4.98e-16	2.05e-10	1.01e-05	9.93e-01	7.38e-03	0.00e+00	0.00e+00	0.00e+00	0.00e+00	1.65e-16	3.32e-16	8.73e-68
 1.94473e+14	1.60e-22	5.90e-16	2.31e-10	1.08e-05	9.93e-01	6.96e-03	0.00e+00	0.00e+00	0.00e+00	0.00e+00	1.96e-16	3.94e-16	1.61e-67
 2.00714e+14	2.05e-22	7.12e-16	2.62e-10	1.15e-05	9.93e-01	6.54e-03	0.00e+00	0.00e+00	0.00e+00	0.00e+00	2.36e-16	4.76e-16	3.22e-67
 2.08341e+14	2.72e-22	8.84e-16	3.05e-10	1.24e-05	9.94e-01	6.06e-03	0.00e+00	0.00e+00	0.00e+00	0.00e+00	2.93e-16	5.90e-16	6.95e-67
 2.16061e+14	3.64e-22	1.10e-15	3.52e-10	1.33e-05	9.94e-01	5.64e-03	0.00e+00	0.00e+00	0.00e+00	0.00e+00	3.65e-16	7.35e-16	1.55e-66
 2.23007e+14	4.62e-22	1.32e-15	4.00e-10	1.42e-05	9.95e-01	5.29e-03	0.00e+00	0.00e+00	0.00e+00	0.00e+00	4.37e-16	8.80e-16	2.96e-66
 2.30657e+14	6.02e-22	1.61e-15	4.58e-10	1.52e-05	9.95e-01	4.95e-03	0.00e+00	0.00e+00	0.00e+00	0.00e+00	5.35e-16	1.08e-15	6.19e-66
 2.39695e+14	8.06e-22	2.01e-15	5.35e-10	1.65e-05	9.95e-01	4.58e-03	0.00e+00	0.00e+00	0.00e+00	0.00e+00	6.67e-16	1.34e-15	1.37e-65
 2.48558e+14	1.06e-21	2.49e-15	6.19e-10	1.77e-05	9.96e-01	4.25e-03	0.00e+00	0.00e+00	0.00e+00	0.00e+00	8.24e-16	1.66e-15	2.94e-65
 2.56647e+14	1.36e-21	2.99e-15	7.05e-10	1.89e-05	9.96e-01	3.99e-03	0.00e+00	0.00e+00	0.00e+00	0.00e+00	9.93e-16	2.00e-15	5.75e-65
 2.65709e+14	1.78e-21	3.67e-15	8.10e-10	2.03e-05	9.96e-01	3.72e-03	0.00e+00	0.00e+00	0.00e+00	0.00e+00	1.22e-15	2.45e-15	1.20e-64
 2.76262e+14	2.38e-21	4.60e-15	9.48e-10	2.20e-05	9.97e-01	3.44e-03	0.00e+00	0.00e+00	0.00e+00	0.00e+00	1.52e-15	3.07e-15	2.71e-64
 2.86637e+14	3.18e-21	5.72e-15	1.10e-09	2.37e-05	9.97e-01	3.19e-03	0.00e+00	0.00e+00	0.00e+00	0.00e+00	1.90e-15	3.83e-15	6.01e-64
 2.96459e+14	4.07e-21	6.92e-15	1.26e-09	2.54e-05	9.97e-01	2.98e-03	0.00e+00	0.00e+00	0.00e+00	0.00e+00	2.29e-15	4.63e-15	1.19e-63
 3.07379e+14	5.39e-21	8.57e-15	1.45e-09	2.73e-05	9.97e-01	2.77e-03	0.00e+00	0.00e+00	0.00e+00	0.00e+00	2.84e-15	5.73e-15	2.58e-63
 3.19704e+14	7.20e-21	1.07e-14	1.70e-09	2.96e-05	9.97e-01	2.56e-03	0.00e+00	0.00e+00	0.00e+00	0.00e+00	3.54e-15	7.15e-15	5.70e-63
 3.32037e+14	9.64e-21	1.34e-14	1.98e-09	3.20e-05	9.98e-01	2.37e-03	0.00e+00	0.00e+00	0.00e+00	0.00e+00	4.43e-15	8.94e-15	1.28e-62
 3.43630e+14	1.24e-20	1.62e-14	2.28e-09	3.43e-05	9.98e-01	2.21e-03	0.00e+00	0.00e+00	0.00e+00	0.00e+00	5.36e-15	1.08e-14	2.54e-62
 3.56171e+14	1.63e-20	2.00e-14	2.63e-09	3.69e-05	9.98e-01	2.05e-03	0.00e+00	0.00e+00	0.00e+00	0.00e+00	6.62e-15	1.34e-14	5.47e-62
 3.70448e+14	2.17e-20	2.49e-14	3.08e-09	4.00e-05	9.98e-01	1.89e-03	0.00e+00	0.00e+00	0.00e+00	0.00e+00	8.23e-15	1.66e-14	1.19e-61
 3.83907e+14	2.83e-20	3.05e-14	3.55e-09	4.29e-05	9.98e-01	1.76e-03	0.00e+00	0.00e+00	0.00e+00	0.00e+00	1.01e-14	2.04e-14	2.50e-61
 3.96035e+14	3.58e-20	3.66e-14	4.02e-09	4.57e-05	9.98e-01	1.66e-03	0.00e+00	0.00e+00	0.00e+00	0.00e+00	1.21e-14	2.45e-14	4.82e-61
 4.07552e+14	4.42e-20	4.30e-14	4.51e-09	4.85e-05	9.98e-01	1.56e-03	0.00e+00	0.00e+00	0.00e+00	0.00e+00	1.42e-14	2.88e-14	8.64e-61
 4.20364e+14	5.51e-20	5.10e-14	5.10e-09	5.16e-05	9.98e-01	1.47e-03	0.00e+00	0.00e+00	0.00e+00	0.00e+00	1.69e-14	3.41e-14	1.59e-60
 4.34611e+14	7.12e-20	6.21e-14	5.83e-09	5.52e-05	9.99e-01	1.37e-03	0.00e+00	0.00e+00	0.00e+00	0.00e+00	2.05e-14	4.15e-14	3.24e-60
 4.48015e+14	8.79e-20	7.31e-14	6.59e-09	5.88e-05	9.99e-01	1.29e-03	0.00e+00	0.00e+00	0.00e+00	0.00e+00	2.42e-14	4.89e-14	5.81e-60
 4.62732e+14	1.13e-19	8.85e-14	7.49e-09	6.27e-05	9.99e-01	1.21e-03	0.00e+00	0.00e+00	0.00e+00	0.00e+00	2.93e-14	5.92e-14	1.16e-59
 4.79220e+14	1.44e-19	1.07e-13	8.62e-09	6.74e-05	9.99e-01	1.12e-03	0.00e+00	0.00e+00	0.00e+00	0.00e+00	3.54e-14	7.16e-14	2.30e-59
 4.94809e+14	1.84e-19	1.29e-13	9.80e-09	7.19e-05	9.99e-01	1.05e-03	0.00e+00	0.00e+00	0.00e+00	0.00e+00	4.26e-14	8.63e-14	4.52e-59
 5.11875e+14	2.33e-19	1.55e-13	1.12e-08	7.71e-05	9.99e-01	9.80e-04	0.00e+00	0.00e+00	0.00e+00	0.00e+00	5.12e-14	1.04e-13	8.72e-59
 5.30716e+14	3.05e-19	1.91e-13	1.30e-08	8.29e-05	9.99e-01	9.11e-04	0.00e+00	0.00e+00	0.00e+00	0.00e+00	6.32e-14	1.28e-13	1.86e-58
 5.48155e+14	3.82e-19	2.27e-13	1.48e-08	8.87e-05	9.99e-01	8.52e-04	0.00e+00	0.00e+00	0.00e+00	0.00e+00	7.51e-14	1.52e-13	3.45e-58
 5.67119e+14	4.89e-19	2.75e-13	1.69e-08	9.50e-05	9.99e-01	7.95e-04	0.00e+00	0.00e+00	0.00e+00	0.00e+00	9.09e-14	1.84e-13	6.89e-58
 5.88269e+14	6.32e-19	3.36e-13	1.96e-08	1.02e-04	9.99e-01	7.37e-04	0.00e+00	0.00e+00	0.00e+00	0.00e+00	1.11e-13	2.25e-13	1.41e-57
 6.08051e+14	8.06e-19	4.06e-13	2.24e-08	1.09e-04	9.99e-01	6.89e-04	0.00e+00	0.00e+00	0.00e+00	0.00e+00	1.34e-13	2.72e-13	2.78e-57
 6.29559e+14	1.03e-18	4.90e-13	2.57e-08	1.18e-04	9.99e-01	6.41e-04	0.00e+00	0.00e+00	0.00e+00	0.00e+00	1.62e-13	3.28e-13	5.46e-57
 6.53511e+14	1.35e-18	6.08e-13	2.99e-08	1.27e-04	9.99e-01	5.94e-04	0.00e+00	0.00e+00	0.00e+00	0.00e+00	2.01e-13	4.08e-13	1.19e-56
 6.76008e+14	1.70e-18	7.26e-13	3.42e-08	1.36e-04	9.99e-01	5.53e-04	0.00e+00	0.00e+00	0.00e+00	0.00e+00	2.39e-13	4.86e-13	2.23e-56
 7.00458e+14	2.20e-18	8.87e-13	3.95e-08	1.46e-04	9.99e-01	5.14e-04	0.00e+00	0.00e+00	0.00e+00	0.00e+00	2.92e-13	5.95e-13	4.62e-56
 7.27672e+14	2.85e-18	1.09e-12	4.60e-08	1.58e-04	9.99e-01	4.75e-04	0.00e+00	0.00e+00	0.00e+00	0.00e+00	3.59e-13	7.30e-13	9.58e-56
 7.53410e+14	3.67e-18	1.33e-12	5.29e-08	1.70e-04	9.99e-01	4.42e-04	0.00e+00	0.00e+00	0.00e+00	0.00e+00	4.38e-13	8.91e-13	1.97e-55
 7.81013e+14	4.67e-18	1.60e-12	6.11e-08	1.83e-04	9.99e-01	4.10e-04	0.00e+00	0.00e+00	0.00e+00	0.00e+00	5.28e-13	1.08e-12	3.84e-55
 8.11670e+14	6.13e-18	1.99e-12	7.13e-08	1.99e-04	9.99e-01	3.78e-04	0.00e+00	0.00e+00	0.00e+00	0.00e+00	6.56e-13	1.34e-12	8.38e-55
 8.41610e+14	7.79e-18	2.41e-12	8.25e-08	2.14e-04	9.99e-01	3.50e-04	0.00e+00	0.00e+00	0.00e+00	0.00e+00	7.92e-13	1.61e-12	1.64e-54
 8.73360e+14	1.01e-17	2.96e-12	9.58e-08	2.31e-04	9.99e-01	3.24e-04	0.00e+00	0.00e+00	0.00e+00	0.00e+00	9.74e-13	1.99e-12	3.45e-54
 9.08324e+14	1.31e-17	3.63e-12	1.12e-07	2.52e-04	9.99e-01	2.98e-04	0.00e+00	0.00e+00	0.00e+00	0.00e+00	1.19e-12	2.44e-12	7.14e-54
 9.42688e+14	1.69e-17	4.46e-12	1.30e-07	2.72e-04	9.99e-01	2.75e-04	0.00e+00	0.00e+00	0.00e+00	0.00e+00	1.47e-12	2.99e-12	1.49e-53
 9.71091e+14	2.05e-17	5.19e-12	1.47e-07	2.90e-04	9.99e-01	2.58e-04	0.00e+00	0.00e+00	0.00e+00	0.00e+00	1.71e-12	3.49e-12	2.55e-53
 9.93901e+14	2.40e-17	5.88e-12	1.62e-07	3.05e-04	9.99e-01	2.45e-04	0.00e+00	0.00e+00	0.00e+00	0.00e+00	1.93e-12	3.95e-12	3.99e-53
 1.01907e+15	2.83e-17	6.74e-12	1.79e-07	3.21e-04	9.99e-01	2.33e-04	0.00e+00	0.00e+00	0.00e+00	0.00e+00	2.22e-12	4.53e-12	6.50e-53
 1.05180e+15	3.49e-17	7.95e-12	2.03e-07	3.44e-04	9.99e-01	2.17e-04	0.00e+00	0.00e+00	0.00e+00	0.00e+00	2.61e-12	5.34e-12	1.17e-52
 1.08692e+15	4.32e-17	9.45e-12	2.32e-07	3.70e-04	9.99e-01	2.02e-04	0.00e+00	0.00e+00	0.00e+00	0.00e+00	3.10e-12	6.35e-12	2.17e-52
 1.11814e+15	5.21e-17	1.10e-11	2.60e-07	3.93e-04	9.99e-01	1.90e-04	0.00e+00	4.35e-18	1.31e-17	2.18e-17	3.62e-12	7.40e-12	3.77e-52
 1.15174e+15	6.31e-17	1.28e-11	2.94e-07	4.20e-04	9.99e-01	1.78e-04	0.00e+00	5.27e-18	1.58e-17	2.64e-17	4.21e-12	8.62e-12	6.50e-52
 1.19416e+15	7.96e-17	1.55e-11	3.40e-07	4.54e-04	9.99e-01	1.64e-04	0.00e+00	6.66e-18	2.00e-17	3.34e-17	5.09e-12	1.04e-11	1.28e-51
 1.23717e+15	1.00e-16	1.87e-11	3.92e-07	4.91e-04	9.99e-01	1.52e-04	0.00e+00	8.37e-18	2.51e-17	4.20e-17	6.15e-12	1.26e-11	2.53e-51
 1.27405e+15	1.21e-16	2.19e-11	4.42e-07	5.24e-04	9.99e-01	1.42e-04	0.00e+00	1.01e-17	3.04e-17	5.09e-17	7.17e-12	1.47e-11	4.42e-51
 1.31382e+15	1.47e-16	2.56e-11	5.01e-07	5.61e-04	9.99e-01	1.33e-04	0.00e+00	1.23e-17	3.70e-17	6.18e-17	8.42e-12	1.72e-11	7.89e-51
 1.36304e+15	1.86e-16	3.10e-11	5.82e-07	6.09e-04	9.99e-01	1.22e-04	0.00e+00	1.56e-17	4.69e-17	7.83e-17	1.02e-11	2.09e-11	1.57e-50
 1.41297e+15	2.33e-16	3.74e-11	6.73e-07	6.59e-04	9.99e-01	1.13e-04	0.00e+00	1.95e-17	5.87e-17	9.81e-17	1.23e-11	2.52e-11	3.12e-50
 1.45695e+15	2.83e-16	4.39e-11	7.62e-07	7.06e-04	9.99e-01	1.06e-04	0.00e+00	2.38e-17	7.15e-17	1.19e-16	1.44e-11	2.95e-11	5.61e-50
 1.50476e+15	3.48e-16	5.20e-11	8.70e-07	7.60e-04	9.99e-01	9.82e-05	0.00e+00	2.93e-17	8.81e-17	1.47e-16	1.70e-11	3.49e-11	1.04e-49
 1.56243e+15	4.41e-16	6.32e-11	1.01e-06	8.28e-04	9.99e-01	9.02e-05	0.00e+00	3.72e-17	1.12e-16	1.87e-16	2.07e-11	4.25e-11	2.15e-49
 1.61959e+15	5.48e-16	7.59e-11	1.17e-06	8.96e-04	9.99e-01	8.33e-05	0.00e+00	4.62e-17	1.39e-16	2.32e-16	2.49e-11	5.10e-11	4.23e-49
 1.67062e+15	6.72e-16	8.94e-11	1.33e-06	9.62e-04	9.99e-01	7.76e-05	0.00e+00	5.68e-17	1.71e-16	2.85e-16	2.93e-11	6.01e-11	7.84e-49
 1.72702e+15	8.17e-16	1.06e-10	1.52e-06	1.04e-03	9.99e-01	7.21e-05	0.00e+00	6.91e-17	2.07e-16	3.46e-16	3.47e-11	7.10e-11	1.46e-48
 1.79409e+15	1.05e-15	1.30e-10	1.77e-06	1.13e-03	9.99e-01	6.61e-05	0.00e+00	8.92e-17	2.68e-16	4.47e-16	4.25e-11	8.71e-11	3.17e-48
 1.86042e+15	1.32e-15	1.56e-10	2.05e-06	1.23e-03	9.99e-01	6.09e-05	0.00e+00	1.12e-16	3.36e-16	5.61e-16	5.13e-11	1.05e-10	6.48e-48
 1.92109e+15	1.59e-15	1.84e-10	2.33e-06	1.32e-03	9.99e-01	5.67e-05	0.00e+00	1.35e-16	4.05e-16	6.76e-16	6.03e-11	1.23e-10	1.19e-47
 1.98903e+15	2.01e-15	2.22e-10	2.68e-06	1.43e-03	9.99e-01	5.24e-05	0.00e+00	1.71e-16	5.14e-16	8.58e-16	7.29e-11	1.49e-10	2.47e-47
 2.06799e+15	2.55e-15	2.72e-10	3.13e-06	1.56e-03	9.98e-01	4.80e-05	0.00e+00	2.17e-16	6.52e-16	1.09e-15	8.92e-11	1.82e-10	5.41e-47
 2.14581e+15	3.22e-15	3.30e-10	3.63e-06	1.69e-03	9.98e-01	4.42e-05	0.00e+00	2.75e-16	8.25e-16	1.38e-15	1.08e-10	2.21e-10	1.16e-46
 2.22015e+15	3.99e-15	3.94e-10	4.16e-06	1.83e-03	9.98e-01	4.09e-05	0.00e+00	3.40e-16	1.02e-15	1.71e-15	1.29e-10	2.65e-10	2.33e-46
 2.28519e+15	4.79e-15	4.59e-10	4.67e-06	1.95e-03	9.98e-01	3.83e-05	0.00e+00	4.09e-16	1.23e-15	2.05e-15	1.51e-10	3.08e-10	4.25e-46
 2.33889e+15	5.56e-15	5.19e-10	5.13e-06	2.06e-03	9.98e-01	3.64e-05	0.00e+00	4.76e-16	1.43e-15	2.38e-15	1.71e-10	3.48e-10	6.93e-46
 2.39808e+15	6.52e-15	5.92e-10	5.67e-06	2.17e-03	9.98e-01	3.44e-05	0.00e+00	5.58e-16	1.67e-15	2.80e-15	1.95e-10	3.98e-10	1.17e-45
 2.47502e+15	7.90e-15	6.99e-10	6.43e-06	2.34e-03	9.98e-01	3.20e-05	0.00e+00	6.77e-16	2.03e-15	3.39e-15	2.30e-10	4.69e-10	2.26e-45
 2.55599e+15	9.77e-15	8.32e-10	7.31e-06	2.51e-03	9.97e-01	2.98e-05	0.00e+00	8.39e-16	2.52e-15	4.20e-15	2.73e-10	5.58e-10	4.52e-45
 2.62571e+15	1.16e-14	9.60e-10	8.14e-06	2.67e-03	9.97e-01	2.81e-05	0.00e+00	9.96e-16	2.99e-15	4.99e-15	3.16e-10	6.44e-10	8.01e-45
 2.69984e+15	1.38e-14	1.11e-09	9.10e-06	2.84e-03	9.97e-01	2.64e-05	0.00e+00	1.18e-15	3.56e-15	5.94e-15	3.66e-10	7.46e-10	1.44e-44
 2.79620e+15	1.74e-14	1.35e-09	1.05e-05	3.07e-03	9.97e-01	2.45e-05	0.00e+00	1.50e-15	4.49e-15	7.49e-15	4.43e-10	9.03e-10	3.08e-44
 2.89560e+15	2.15e-14	1.62e-09	1.20e-05	3.32e-03	9.97e-01	2.26e-05	0.00e+00	1.85e-15	5.55e-15	9.27e-15	5.32e-10	1.08e-09	6.40e-44
 2.97865e+15	2.60e-14	1.89e-09	1.35e-05	3.54e-03	9.96e-01	2.13e-05	0.00e+00	2.24e-15	6.74e-15	1.12e-14	6.23e-10	1.27e-09	1.19e-43
 3.06637e+15	3.14e-14	2.21e-09	1.51e-05	3.78e-03	9.96e-01	2.00e-05	0.00e+00	2.71e-15	8.13e-15	1.36e-14	7.29e-10	1.49e-09	2.23e-43
 3.17828e+15	3.95e-14	2.69e-09	1.74e-05	4.09e-03	9.96e-01	1.85e-05	0.00e+00	3.42e-15	1.03e-14	1.71e-14	8.87e-10	1.80e-09	4.84e-43
 3.29602e+15	5.00e-14	3.28e-09	2.02e-05	4.44e-03	9.96e-01	1.71e-05	0.00e+00	4.33e-15	1.30e-14	2.17e-14	1.08e-09	2.20e-09	1.08e-42
 3.40087e+15	6.12e-14	3.90e-09	2.28e-05	4.76e-03	9.95e-01	1.60e-05	0.00e+00	5.30e-15	1.59e-14	2.66e-14	1.29e-09	2.61e-09	2.12e-42
 3.51459e+15	7.53e-14	4.66e-09	2.60e-05	5.11e-03	9.95e-01	1.49e-05	0.00e+00	6.53e-15	1.96e-14	3.27e-14	1.54e-09	3.12e-09	4.24e-42
 3.65047e+15	9.67e-14	5.76e-09	3.03e-05	5.57e-03	9.94e-01	1.38e-05	0.00e+00	8.40e-15	2.52e-14	4.21e-14	1.90e-09	3.86e-09	9.81e-42
 3.78484e+15	1.22e-13	7.02e-09	3.50e-05	6.03e-03	9.94e-01	1.28e-05	0.00e+00	1.06e-14	3.17e-14	5.30e-14	2.32e-09	4.70e-09	2.10e-41
 3.90637e+15	1.49e-13	8.37e-09	3.97e-05	6.47e-03	9.93e-01	1.20e-05	0.00e+00	1.30e-14	3.90e-14	6.52e-14	2.76e-09	5.61e-09	4.17e-41
 4.04151e+15	1.83e-13	9.99e-09	4.54e-05	6.97e-03	9.93e-01	1.12e-05	0.00e+00	1.60e-14	4.79e-14	8.00e-14	3.30e-09	6.69e-09	8.23e-41
 4.20026e+15	2.39e-13	1.26e-08	5.30e-05	7.59e-03	9.92e-01	1.03e-05	0.00e+00	2.09e-14	6.26e-14	1.04e-13	4.15e-09	8.41e-09	1.93e-40
 4.35709e+15	3.05e-13	1.55e-08	6.14e-05	8.23e-03	9.92e-01	9.61e-06	0.00e+00	2.66e-14	7.99e-14	1.33e-13	5.10e-09	1.03e-08	4.24e-40
 4.50404e+15	3.78e-13	1.86e-08	7.01e-05	8.85e-03	9.91e-01	9.00e-06	0.00e+00	3.31e-14	9.94e-14	1.66e-13	6.16e-09	1.25e-08	8.63e-40
 4.66807e+15	4.71e-13	2.25e-08	8.09e-05	9.57e-03	9.90e-01	8.41e-06	0.00e+00	4.13e-14	1.24e-13	2.07e-13	7.44e-09	1.51e-08	1.76e-39
 4.85483e+15	6.26e-13	2.87e-08	9.47e-05	1.04e-02	9.89e-01	7.80e-06	0.00e+00	5.49e-14	1.65e-13	2.75e-13	9.48e-09	1.92e-08	4.42e-39
 5.01058e+15	7.72e-13	3.44e-08	1.08e-04	1.12e-02	9.89e-01	7.37e-06	0.00e+00	6.78e-14	2.03e-13	3.39e-13	1.14e-08	2.30e-08	8.64e-39
 5.12122e+15	8.90e-13	3.90e-08	1.17e-04	1.17e-02	9.88e-01	7.09e-06	0.00e+00	7.82e-14	2.35e-13	3.92e-13	1.29e-08	2.61e-08	1.37e-38
 5.23645e+15	1.03e-12	4.43e-08	1.28e-04	1.23e-02	9.88e-01	6.81e-06	0.00e+00	9.09e-14	2.73e-13	4.55e-13	1.47e-08	2.96e-08	2.20e-38
 5.38625e+15	1.22e-12	5.13e-08	1.44e-04	1.31e-02	9.87e-01	6.48e-06	0.00e+00	1.08e-13	3.23e-13	5.39e-13	1.70e-08	3.44e-08	3.74e-38
 5.55378e+15	1.53e-12	6.22e-08	1.63e-04	1.40e-02	9.86e-01	6.15e-06	0.00e+00	1.34e-13	4.03e-13	6.72e-13	2.06e-08	4.16e-08	7.65e-38
 5.71054e+15	1.84e-12	7.32e-08	1.82e-04	1.49e-02	9.85e-01	5.87e-06	0.00e+00	1.62e-13	4.86e-13	8.11e-13	2.42e-08	4.89e-08	1.37e-37
 5.88051e+15	2.20e-12	8.55e-08	2.05e-04	1.59e-02	9.84e-01	5.60e-06	0.00e+00	1.94e-13	5.83e-13	9.73e-13	2.83e-08	5.72e-08	2.33e-37
 6.07132e+15	2.78e-12	1.05e-07	2.34e-04	1.70e-02	9.83e-01	5.32e-06	0.00e+00	2.45e-13	7.36e-13	1.23e-12	3.46e-08	7.00e-08	4.84e-37
 6.25105e+15	3.37e-12	1.24e-07	2.63e-04	1.81e-02	9.82e-01	5.09e-06	0.00e+00	2.98e-13	8.94e-13	1.49e-12	4.11e-08	8.30e-08	8.79e-37
 6.44650e+15	4.10e-12	1.46e-07	2.98e-04	1.94e-02	9.80e-01	4.86e-06	0.00e+00	3.62e-13	1.09e-12	1.81e-12	4.84e-08	9.78e-08	1.53e-36
 6.66614e+15	5.24e-12	1.81e-07	3.42e-04	2.09e-02	9.79e-01	4.64e-06	0.00e+00	4.64e-13	1.39e-12	2.32e-12	6.01e-08	1.21e-07	3.30e-36
 6.87392e+15	6.40e-12	2.16e-07	3.88e-04	2.23e-02	9.77e-01	4.44e-06	0.00e+00	5.66e-13	1.70e-12	2.83e-12	7.17e-08	1.45e-07	5.93e-36
 7.10073e+15	7.91e-12	2.59e-07	4.43e-04	2.39e-02	9.76e-01	4.25e-06	0.00e+00	7.01e-13	2.10e-12	3.51e-12	8.58e-08	1.73e-07	1.10e-35
 7.35067e+15	9.98e-12	3.17e-07	5.11e-04	2.58e-02	9.74e-01	4.06e-06	0.00e+00	8.85e-13	2.66e-12	4.43e-12	1.05e-07	2.12e-07	2.19e-35
 7.58193e+15	1.26e-11	3.90e-07	5.82e-04	2.77e-02	9.72e-01	3.93e-06	0.00e+00	1.12e-12	3.36e-12	5.60e-12	1.29e-07	2.61e-07	4.44e-35
 7.83381e+15	1.58e-11	4.75e-07	6.67e-04	2.97e-02	9.70e-01	3.78e-06	0.00e+00	1.41e-12	4.22e-12	7.04e-12	1.57e-07	3.17e-07	8.62e-35
 8.11073e+15	2.00e-11	5.82e-07	7.71e-04	3.21e-02	9.67e-01	3.63e-06	0.00e+00	1.78e-12	5.34e-12	8.91e-12	1.93e-07	3.89e-07	1.68e-34
 8.36778e+15	2.47e-11	6.95e-07	8.79e-04	3.43e-02	9.65e-01	3.52e-06	0.00e+00	2.20e-12	6.59e-12	1.10e-11	2.30e-07	4.64e-07	2.95e-34
 8.64951e+15	3.18e-11	8.66e-07	1.01e-03	3.70e-02	9.62e-01	3.41e-06	0.00e+00	2.83e-12	8.49e-12	1.42e-11	2.87e-07	5.79e-07	6.19e-34
 8.95797e+15	4.03e-11	1.07e-06	1.18e-03	4.00e-02	9.59e-01	3.29e-06	0.00e+00	3.59e-12	1.08e-11	1.80e-11	3.54e-07	7.13e-07	1.18e-33
 9.24402e+15	5.01e-11	1.28e-06	1.34e-03	4.29e-02	9.56e-01	3.20e-06	0.00e+00	4.47e-12	1.34e-11	2.23e-11	4.24e-07	8.54e-07	2.09e-33
 9.51257e+15	6.13e-11	1.53e-06	1.52e-03	4.58e-02	9.53e-01	3.13e-06	0.00e+00	5.47e-12	1.64e-11	2.74e-11	5.06e-07	1.02e-06	3.64e-33
 9.81555e+15	7.87e-11	1.89e-06	1.75e-03	4.93e-02	9.49e-01	3.06e-06	0.00e+00	7.03e-12	2.11e-11	3.52e-11	6.29e-07	1.27e-06	7.38e-33
 1.01456e+16	9.92e-11	2.32e-06	2.02e-03	5.31e-02	9.45e-01	2.98e-06	0.00e+00	8.87e-12	2.66e-11	4.44e-11	7.69e-07	1.55e-06	1.34e-32
 1.04487e+16	1.22e-10	2.75e-06	2.30e-03	5.68e-02	9.41e-01	2.92e-06	0.00e+00	1.10e-11	3.29e-11	5.48e-11	9.15e-07	1.84e-06	2.25e-32
 1.07209e+16	1.48e-10	3.25e-06	2.58e-03	6.04e-02	9.37e-01	2.87e-06	0.00e+00	1.32e-11	3.97e-11	6.62e-11	1.08e-06	2.17e-06	3.69e-32
 1.09734e+16	1.76e-10	3.78e-06	2.87e-03	6.38e-02	9.33e-01	2.83e-06	0.00e+00	1.58e-11	4.74e-11	7.90e-11	1.25e-06	2.52e-06	5.82e-32
 1.12598e+16	2.15e-10	4.46e-06	3.23e-03	6.79e-02	9.29e-01	2.79e-06	0.00e+00	1.93e-11	5.79e-11	9.65e-11	1.48e-06	2.98e-06	9.56e-32
 1.15742e+16	2.66e-10	5.34e-06	3.67e-03	7.25e-02	9.24e-01	2.74e-06	0.00e+00	2.39e-11	7.16e-11	1.19e-10	1.77e-06	3.57e-06	1.62e-31
 1.18657e+16	3.28e-10	6.43e-06	4.14e-03	7.72e-02	9.19e-01	2.72e-06	0.00e+00	2.95e-11	8.84e-11	1.47e-10	2.13e-06	4.29e-06	2.85e-31
 1.21333e+16	3.90e-10	7.46e-06	4.60e-03	8.15e-02	9.14e-01	2.69e-06	0.00e+00	3.50e-11	1.05e-10	1.75e-10	2.48e-06	4.98e-06	4.35e-31
 1.24289e+16	4.75e-10	8.77e-06	5.17e-03	8.66e-02	9.08e-01	2.66e-06	0.00e+00	4.27e-11	1.28e-10	2.13e-10	2.91e-06	5.85e-06	6.89e-31
 1.28132e+16	6.15e-10	1.09e-05	6.03e-03	9.37e-02	9.00e-01	2.63e-06	0.00e+00	5.53e-11	1.66e-10	2.77e-10	3.63e-06	7.29e-06	1.31e-30
 1.31984e+16	7.79e-10	1.31e-05	6.98e-03	1.01e-01	8.92e-01	2.59e-06	0.00e+00	7.01e-11	2.10e-10	3.51e-10	4.36e-06	8.76e-06	2.12e-30
 1.35065e+16	9.58e-10	1.58e-05	7.87e-03	1.08e-01	8.85e-01	2.58e-06	0.00e+00	8.64e-11	2.59e-10	4.32e-10	5.26e-06	1.06e-05	3.71e-30
 1.37862e+16	1.14e-09	1.84e-05	8.77e-03	1.14e-01	8.78e-01	2.57e-06	0.00e+00	1.03e-10	3.09e-10	5.16e-10	6.11e-06	1.23e-05	5.57e-30
 1.41073e+16	1.41e-09	2.18e-05	9.94e-03	1.21e-01	8.69e-01	2.55e-06	0.00e+00	1.27e-10	3.82e-10	6.38e-10	7.24e-06	1.45e-05	8.82e-30
 1.44664e+16	1.76e-09	2.60e-05	1.14e-02	1.30e-01	8.59e-01	2.53e-06	0.00e+00	1.59e-10	4.77e-10	7.96e-10	8.63e-06	1.73e-05	1.40e-29
 1.48029e+16	2.23e-09	3.19e-05	1.30e-02	1.39e-01	8.48e-01	2.54e-06	0.00e+00	2.02e-10	6.05e-10	1.01e-09	1.06e-05	2.13e-05	2.53e-29
 1.51114e+16	2.71e-09	3.74e-05	1.47e-02	1.47e-01	8.38e-01	2.52e-06	0.00e+00	2.46e-10	7.37e-10	1.23e-09	1.24e-05	2.49e-05	3.81e-29
 1.54091e+16	3.27e-09	4.33e-05	1.65e-02	1.56e-01	8.27e-01	2.51e-06	0.00e+00	2.97e-10	8.89e-10	1.48e-09	1.44e-05	2.89e-05	5.60e-29
 1.57499e+16	4.20e-09	5.37e-05	1.90e-02	1.68e-01	8.13e-01	2.52e-06	0.00e+00	3.81e-10	1.14e-09	1.90e-09	1.79e-05	3.58e-05	1.04e-28
 1.61012e+16	5.25e-09	6.34e-05	2.18e-02	1.79e-01	7.99e-01	2.51e-06	0.00e+00	4.76e-10	1.43e-09	2.38e-09	2.11e-05	4.23e-05	1.56e-28
 1.63960e+16	6.56e-09	7.71e-05	2.47e-02	1.91e-01	7.85e-01	2.54e-06	0.00e+00	5.96e-10	1.79e-09	2.98e-09	2.56e-05	5.14e-05	2.76e-28
 1.66581e+16	7.85e-09	8.94e-05	2.75e-02	2.01e-01	7.71e-01	2.55e-06	5.23e-12	7.14e-10	2.14e-09	3.57e-09	2.98e-05	5.97e-05	4.06e-28
 1.69476e+16	9.73e-09	1.06e-04	3.12e-02	2.13e-01	7.55e-01	2.56e-06	0.00e+00	8.85e-10	2.66e-09	4.43e-09	3.52e-05	7.05e-05	6.29e-28
 1.72648e+16	1.24e-08	1.29e-04	3.58e-02	2.28e-01	7.36e-01	2.58e-06	0.00e+00	1.13e-09	3.38e-09	5.63e-09	4.29e-05	8.60e-05	1.09e-27
 1.75445e+16	1.52e-08	1.51e-04	4.05e-02	2.41e-01	7.18e-01	2.60e-06	0.00e+00	1.39e-09	4.16e-09	6.93e-09	5.04e-05	1.01e-04	1.66e-27
 1.77908e+16	1.82e-08	1.74e-04	4.52e-02	2.54e-01	7.01e-01	2.61e-06	0.00e+00	1.66e-09	4.99e-09	8.31e-09	5.79e-05	1.16e-04	2.36e-27
 1.80672e+16	2.34e-08	2.15e-04	5.18e-02	2.70e-01	6.78e-01	2.67e-06	0.00e+00	2.14e-09	6.42e-09	1.07e-08	7.16e-05	1.43e-04	4.44e-27
 1.83514e+16	2.90e-08	2.50e-04	5.89e-02	2.87e-01	6.54e-01	2.68e-06	7.19e-12	2.65e-09	7.95e-09	1.33e-08	8.34e-05	1.67e-04	6.41e-27
 1.85911e+16	3.54e-08	2.95e-04	6.63e-02	3.02e-01	6.31e-01	2.72e-06	0.00e+00	3.23e-09	9.70e-09	1.62e-08	9.82e-05	1.97e-04	1.00e-26
 1.88086e+16	4.32e-08	3.45e-04	7.40e-02	3.17e-01	6.09e-01	2.77e-06	8.36e-12	3.95e-09	1.19e-08	1.98e-08	1.15e-04	2.30e-04	1.57e-26
 1.90195e+16	5.25e-08	4.02e-04	8.25e-02	3.33e-01	5.85e-01	2.81e-06	0.00e+00	4.80e-09	1.44e-08	2.40e-08	1.34e-04	2.68e-04	2.43e-26
