#depth	O	O+	O+2	O+3	O+4	O+5	O+6	O+7	O+8	O[1]	O[2]	O[3]
 1.49634e+10	0.00e+00	1.47e-46	8.82e-36	4.97e-26	4.12e-17	4.63e-09	1.00e+00	2.18e-06	0.00e+00	0.00e+00	0.00e+00	0.00e+00
 4.54887e+10	0.00e+00	0.00e+00	1.21e-35	6.30e-26	4.83e-17	5.01e-09	1.00e+00	2.01e-06	7.50e-16	0.00e+00	0.00e+00	0.00e+00
 7.72350e+10	0.00e+00	3.23e-46	1.66e-35	7.98e-26	5.66e-17	5.42e-09	1.00e+00	1.85e-06	0.00e+00	0.00e+00	0.00e+00	0.00e+00
 1.10251e+11	0.00e+00	0.00e+00	2.27e-35	1.01e-25	6.63e-17	5.87e-09	1.00e+00	1.71e-06	0.00e+00	0.00e+00	0.00e+00	0.00e+00
 1.44588e+11	0.00e+00	7.10e-46	3.12e-35	1.28e-25	7.76e-17	6.35e-09	1.00e+00	1.58e-06	0.00e+00	0.00e+00	0.00e+00	0.00e+00
 1.80298e+11	0.00e+00	0.00e+00	4.28e-35	1.63e-25	9.10e-17	6.88e-09	1.00e+00	1.45e-06	0.00e+00	0.00e+00	0.00e+00	0.00e+00
 2.17437e+11	0.00e+00	1.57e-45	5.87e-35	2.06e-25	1.07e-16	7.45e-09	1.00e+00	1.34e-06	0.00e+00	0.00e+00	0.00e+00	0.00e+00
 2.56061e+11	0.00e+00	0.00e+00	8.05e-35	2.61e-25	1.25e-16	8.06e-09	1.00e+00	1.24e-06	0.00e+00	0.00e+00	0.00e+00	0.00e+00
 2.96231e+11	0.00e+00	3.45e-45	1.10e-34	3.32e-25	1.46e-16	8.73e-09	1.00e+00	1.14e-06	0.00e+00	0.00e+00	0.00e+00	0.00e+00
 3.38007e+11	0.00e+00	0.00e+00	1.52e-34	4.21e-25	1.72e-16	9.46e-09	1.00e+00	1.05e-06	0.00e+00	0.00e+00	0.00e+00	0.00e+00
 3.81454e+11	0.00e+00	7.62e-45	2.08e-34	5.34e-25	2.01e-16	1.02e-08	1.00e+00	9.71e-07	0.00e+00	0.00e+00	0.00e+00	0.00e+00
 4.26639e+11	0.00e+00	0.00e+00	2.86e-34	6.77e-25	2.36e-16	1.11e-08	1.00e+00	0.00e+00	0.00e+00	0.00e+00	0.00e+00	0.00e+00
 4.73631e+11	0.00e+00	1.68e-44	3.93e-34	8.60e-25	2.77e-16	1.20e-08	1.00e+00	0.00e+00	0.00e+00	0.00e+00	0.00e+00	0.00e+00
 5.19238e+11	0.00e+00	0.00e+00	5.29e-34	1.08e-24	3.22e-16	1.29e-08	1.00e+00	0.00e+00	0.00e+00	0.00e+00	0.00e+00	0.00e+00
 5.61219e+11	0.00e+00	3.40e-44	6.88e-34	1.31e-24	3.67e-16	1.38e-08	1.00e+00	0.00e+00	0.00e+00	0.00e+00	0.00e+00	0.00e+00
 6.07982e+11	0.00e+00	0.00e+00	9.15e-34	1.62e-24	4.24e-16	1.49e-08	1.00e+00	0.00e+00	0.00e+00	0.00e+00	0.00e+00	0.00e+00
 6.62064e+11	0.00e+00	7.21e-44	1.26e-33	2.06e-24	4.97e-16	1.61e-08	1.00e+00	0.00e+00	0.00e+00	0.00e+00	0.00e+00	0.00e+00
 7.15435e+11	0.00e+00	0.00e+00	1.70e-33	2.59e-24	5.79e-16	1.74e-08	1.00e+00	0.00e+00	0.00e+00	0.00e+00	0.00e+00	0.00e+00
 7.70941e+11	0.00e+00	1.54e-43	2.30e-33	3.25e-24	6.74e-16	1.88e-08	1.00e+00	0.00e+00	0.00e+00	0.00e+00	0.00e+00	0.00e+00
 8.31705e+11	0.00e+00	0.00e+00	3.17e-33	4.14e-24	7.92e-16	2.03e-08	1.00e+00	0.00e+00	0.00e+00	0.00e+00	0.00e+00	0.00e+00
 8.93282e+11	0.00e+00	3.38e-43	4.33e-33	5.23e-24	9.27e-16	2.20e-08	1.00e+00	0.00e+00	0.00e+00	0.00e+00	0.00e+00	0.00e+00
 9.57322e+11	0.00e+00	0.00e+00	5.92e-33	6.62e-24	1.09e-15	2.38e-08	1.00e+00	0.00e+00	0.00e+00	0.00e+00	0.00e+00	0.00e+00
 1.02554e+12	0.00e+00	7.46e-43	8.16e-33	8.43e-24	1.28e-15	2.59e-08	1.00e+00	0.00e+00	0.00e+00	0.00e+00	0.00e+00	0.00e+00
 1.09649e+12	0.00e+00	0.00e+00	1.13e-32	1.07e-23	1.50e-15	2.80e-08	1.00e+00	0.00e+00	0.00e+00	0.00e+00	0.00e+00	0.00e+00
 1.17028e+12	0.00e+00	1.66e-42	1.55e-32	1.37e-23	1.77e-15	3.04e-08	1.00e+00	0.00e+00	0.00e+00	0.00e+00	0.00e+00	0.00e+00
 1.24701e+12	0.00e+00	0.00e+00	2.14e-32	1.74e-23	2.08e-15	3.30e-08	1.00e+00	0.00e+00	0.00e+00	0.00e+00	0.00e+00	0.00e+00
 1.32682e+12	0.00e+00	3.72e-42	2.96e-32	2.22e-23	2.45e-15	3.59e-08	1.00e+00	0.00e+00	0.00e+00	0.00e+00	0.00e+00	0.00e+00
 1.40982e+12	0.00e+00	0.00e+00	4.09e-32	2.84e-23	2.88e-15	3.89e-08	1.00e+00	0.00e+00	0.00e+00	0.00e+00	0.00e+00	0.00e+00
 1.49614e+12	0.00e+00	8.35e-42	5.65e-32	3.62e-23	3.40e-15	4.23e-08	1.00e+00	0.00e+00	0.00e+00	0.00e+00	0.00e+00	0.00e+00
 1.57741e+12	0.00e+00	0.00e+00	7.58e-32	4.53e-23	3.95e-15	4.56e-08	1.00e+00	0.00e+00	0.00e+00	0.00e+00	0.00e+00	0.00e+00
 1.65025e+12	0.00e+00	1.66e-41	9.79e-32	5.49e-23	4.49e-15	4.87e-08	1.00e+00	0.00e+00	0.00e+00	0.00e+00	0.00e+00	0.00e+00
 1.73209e+12	0.00e+00	0.00e+00	1.29e-31	6.77e-23	5.18e-15	5.23e-08	1.00e+00	0.00e+00	0.00e+00	0.00e+00	0.00e+00	0.00e+00
 1.82888e+12	0.00e+00	3.49e-41	1.78e-31	8.61e-23	6.09e-15	5.67e-08	1.00e+00	0.00e+00	0.00e+00	0.00e+00	0.00e+00	0.00e+00
 1.92606e+12	0.00e+00	0.00e+00	2.42e-31	1.09e-22	7.13e-15	6.14e-08	1.00e+00	0.00e+00	0.00e+00	0.00e+00	0.00e+00	0.00e+00
 2.01750e+12	0.00e+00	7.27e-41	3.20e-31	1.34e-22	8.22e-15	6.60e-08	1.00e+00	0.00e+00	0.00e+00	0.00e+00	0.00e+00	0.00e+00
 2.11850e+12	0.00e+00	0.00e+00	4.32e-31	1.69e-22	9.59e-15	7.13e-08	1.00e+00	0.00e+00	0.00e+00	0.00e+00	0.00e+00	0.00e+00
 2.23316e+12	0.00e+00	1.59e-40	6.00e-31	2.16e-22	1.13e-14	7.77e-08	1.00e+00	0.00e+00	0.00e+00	0.00e+00	0.00e+00	0.00e+00
 2.34792e+12	0.00e+00	0.00e+00	8.23e-31	2.75e-22	1.33e-14	8.43e-08	1.00e+00	0.00e+00	0.00e+00	0.00e+00	0.00e+00	0.00e+00
 2.46726e+12	0.00e+00	3.51e-40	1.13e-30	3.50e-22	1.57e-14	9.16e-08	1.00e+00	0.00e+00	0.00e+00	0.00e+00	0.00e+00	0.00e+00
 2.59587e+12	0.00e+00	0.00e+00	1.57e-30	4.50e-22	1.86e-14	9.98e-08	1.00e+00	0.00e+00	0.00e+00	0.00e+00	0.00e+00	0.00e+00
 2.71647e+12	0.00e+00	7.68e-40	2.12e-30	5.64e-22	2.17e-14	1.08e-07	1.00e+00	0.00e+00	0.00e+00	0.00e+00	0.00e+00	0.00e+00
 2.82412e+12	0.00e+00	0.00e+00	2.75e-30	6.86e-22	2.48e-14	1.15e-07	1.00e+00	0.00e+00	0.00e+00	0.00e+00	0.00e+00	0.00e+00
 2.94514e+12	0.00e+00	1.50e-39	3.64e-30	8.51e-22	2.87e-14	1.24e-07	1.00e+00	0.00e+00	0.00e+00	0.00e+00	0.00e+00	0.00e+00
 3.08877e+12	0.00e+00	0.00e+00	5.03e-30	1.09e-21	3.40e-14	1.35e-07	1.00e+00	0.00e+00	0.00e+00	0.00e+00	0.00e+00	0.00e+00
 3.23308e+12	0.00e+00	3.32e-39	6.88e-30	1.38e-21	4.00e-14	1.47e-07	1.00e+00	0.00e+00	0.00e+00	0.00e+00	0.00e+00	0.00e+00
 3.36814e+12	0.00e+00	0.00e+00	9.14e-30	1.72e-21	4.64e-14	1.59e-07	1.00e+00	0.00e+00	0.00e+00	0.00e+00	0.00e+00	0.00e+00
 3.51777e+12	0.00e+00	6.89e-39	1.24e-29	2.16e-21	5.43e-14	1.72e-07	1.00e+00	0.00e+00	0.00e+00	0.00e+00	0.00e+00	0.00e+00
 3.68841e+12	0.00e+00	0.00e+00	1.73e-29	2.79e-21	6.47e-14	1.88e-07	1.00e+00	0.00e+00	0.00e+00	0.00e+00	0.00e+00	0.00e+00
 3.85617e+12	0.00e+00	1.54e-38	2.37e-29	3.56e-21	7.65e-14	2.05e-07	1.00e+00	0.00e+00	0.00e+00	0.00e+00	0.00e+00	0.00e+00
 4.03065e+12	0.00e+00	0.00e+00	3.26e-29	4.53e-21	9.04e-14	2.23e-07	1.00e+00	0.00e+00	0.00e+00	0.00e+00	0.00e+00	0.00e+00
 4.22180e+12	0.00e+00	3.47e-38	4.56e-29	5.86e-21	1.08e-13	2.45e-07	1.00e+00	0.00e+00	0.00e+00	0.00e+00	0.00e+00	0.00e+00
 4.41364e+12	0.00e+00	0.00e+00	6.30e-29	7.52e-21	1.28e-13	2.67e-07	1.00e+00	0.00e+00	0.00e+00	0.00e+00	0.00e+00	0.00e+00
 4.61316e+12	0.00e+00	7.73e-38	8.71e-29	9.65e-21	1.52e-13	2.92e-07	1.00e+00	0.00e+00	0.00e+00	0.00e+00	0.00e+00	0.00e+00
 4.82761e+12	0.00e+00	0.00e+00	1.22e-28	1.25e-20	1.82e-13	3.21e-07	1.00e+00	0.00e+00	0.00e+00	0.00e+00	0.00e+00	0.00e+00
 5.03991e+12	0.00e+00	1.73e-37	1.68e-28	1.60e-20	2.17e-13	3.51e-07	1.00e+00	0.00e+00	0.00e+00	0.00e+00	0.00e+00	0.00e+00
 5.26071e+12	0.00e+00	0.00e+00	2.31e-28	2.05e-20	2.58e-13	3.83e-07	1.00e+00	0.00e+00	0.00e+00	0.00e+00	0.00e+00	0.00e+00
 5.50106e+12	0.00e+00	3.88e-37	3.23e-28	2.65e-20	3.09e-13	4.22e-07	1.00e+00	0.00e+00	0.00e+00	0.00e+00	0.00e+00	0.00e+00
 5.75103e+12	0.00e+00	0.00e+00	4.50e-28	3.44e-20	3.71e-13	4.64e-07	1.00e+00	0.00e+00	0.00e+00	0.00e+00	0.00e+00	0.00e+00
 6.01100e+12	0.00e+00	8.80e-37	6.29e-28	4.45e-20	4.45e-13	5.10e-07	1.00e+00	0.00e+00	0.00e+00	0.00e+00	0.00e+00	0.00e+00
 6.28137e+12	0.00e+00	0.00e+00	8.76e-28	5.77e-20	5.35e-13	5.62e-07	1.00e+00	0.00e+00	0.00e+00	0.00e+00	0.00e+00	0.00e+00
 6.56255e+12	0.00e+00	1.98e-36	1.22e-27	7.48e-20	6.43e-13	6.19e-07	1.00e+00	0.00e+00	0.00e+00	0.00e+00	0.00e+00	0.00e+00
 6.81711e+12	8.87e-46	2.82e-36	1.63e-27	9.37e-20	7.55e-13	6.74e-07	1.00e+00	0.00e+00	0.00e+00	0.00e+00	0.00e+00	0.00e+00
 7.02960e+12	0.00e+00	0.00e+00	2.05e-27	1.12e-19	8.60e-13	7.22e-07	1.00e+00	0.00e+00	0.00e+00	0.00e+00	0.00e+00	0.00e+00
 7.26255e+12	0.00e+00	5.05e-36	2.63e-27	1.36e-19	9.88e-13	7.77e-07	1.00e+00	0.00e+00	0.00e+00	0.00e+00	0.00e+00	0.00e+00
 7.55706e+12	2.75e-45	7.27e-36	3.55e-27	1.73e-19	1.17e-12	8.51e-07	1.00e+00	0.00e+00	0.00e+00	0.00e+00	0.00e+00	0.00e+00
 7.86411e+12	0.00e+00	0.00e+00	4.79e-27	2.19e-19	1.39e-12	9.33e-07	1.00e+00	0.00e+00	0.00e+00	0.00e+00	0.00e+00	0.00e+00
 8.12522e+12	0.00e+00	1.41e-35	6.12e-27	2.66e-19	1.60e-12	1.01e-06	1.00e+00	0.00e+00	0.00e+00	0.00e+00	0.00e+00	0.00e+00
 8.39412e+12	8.56e-45	1.89e-35	7.81e-27	3.23e-19	1.84e-12	1.08e-06	1.00e+00	0.00e+00	0.00e+00	0.00e+00	0.00e+00	0.00e+00
 8.73199e+12	0.00e+00	0.00e+00	1.05e-26	4.09e-19	2.18e-12	1.19e-06	1.00e+00	0.00e+00	0.00e+00	0.00e+00	0.00e+00	0.00e+00
 9.07504e+12	0.00e+00	3.81e-35	1.40e-26	5.14e-19	2.58e-12	1.30e-06	1.00e+00	0.00e+00	0.00e+00	0.00e+00	0.00e+00	0.00e+00
 9.37009e+12	2.75e-44	5.06e-35	1.77e-26	6.21e-19	2.96e-12	1.40e-06	1.00e+00	0.00e+00	0.00e+00	0.00e+00	0.00e+00	0.00e+00
 9.68724e+12	0.00e+00	6.80e-35	2.27e-26	7.56e-19	3.42e-12	1.52e-06	1.00e+00	0.00e+00	0.00e+00	0.00e+00	0.00e+00	0.00e+00
 1.00788e+13	5.89e-44	9.63e-35	3.03e-26	9.55e-19	4.05e-12	1.66e-06	1.00e+00	0.00e+00	0.00e+00	0.00e+00	0.00e+00	0.00e+00
 1.04799e+13	0.00e+00	1.35e-34	4.04e-26	1.20e-18	4.80e-12	1.83e-06	1.00e+00	0.00e+00	0.00e+00	0.00e+00	0.00e+00	0.00e+00
 1.08422e+13	1.25e-43	1.82e-34	5.17e-26	1.47e-18	5.55e-12	1.98e-06	1.00e+00	0.00e+00	0.00e+00	0.00e+00	0.00e+00	0.00e+00
 1.12413e+13	0.00e+00	2.49e-34	6.72e-26	1.81e-18	6.48e-12	2.15e-06	1.00e+00	0.00e+00	0.00e+00	0.00e+00	0.00e+00	0.00e+00
 1.17112e+13	2.73e-43	3.54e-34	9.04e-26	2.30e-18	7.71e-12	2.37e-06	1.00e+00	0.00e+00	0.00e+00	0.00e+00	0.00e+00	0.00e+00
 1.21811e+13	0.00e+00	4.95e-34	1.20e-25	2.90e-18	9.12e-12	2.60e-06	1.00e+00	0.00e+00	0.00e+00	0.00e+00	0.00e+00	0.00e+00
 1.26280e+13	5.80e-43	6.72e-34	1.55e-25	3.57e-18	1.06e-11	2.83e-06	1.00e+00	0.00e+00	0.00e+00	0.00e+00	0.00e+00	0.00e+00
 1.31213e+13	0.00e+00	9.30e-34	2.04e-25	4.46e-18	1.25e-11	3.10e-06	1.00e+00	0.00e+00	0.00e+00	0.00e+00	0.00e+00	0.00e+00
 1.36761e+13	1.28e-42	1.32e-33	2.74e-25	5.66e-18	1.49e-11	3.41e-06	1.00e+00	0.00e+00	0.00e+00	0.00e+00	0.00e+00	0.00e+00
 1.42312e+13	0.00e+00	1.84e-33	3.64e-25	7.12e-18	1.76e-11	3.75e-06	1.00e+00	0.00e+00	0.00e+00	0.00e+00	0.00e+00	0.00e+00
 1.47232e+13	2.62e-42	2.44e-33	4.63e-25	8.66e-18	2.03e-11	4.06e-06	1.00e+00	0.00e+00	0.00e+00	0.00e+00	0.00e+00	0.00e+00
 1.51360e+13	0.00e+00	3.08e-33	5.63e-25	1.02e-17	2.27e-11	4.33e-06	1.00e+00	0.00e+00	0.00e+00	0.00e+00	0.00e+00	0.00e+00
 1.55804e+13	4.56e-42	3.92e-33	6.91e-25	1.20e-17	2.56e-11	4.63e-06	1.00e+00	0.00e+00	0.00e+00	0.00e+00	0.00e+00	0.00e+00
 1.61581e+13	0.00e+00	5.31e-33	8.94e-25	1.48e-17	2.98e-11	5.03e-06	1.00e+00	0.00e+00	0.00e+00	0.00e+00	0.00e+00	0.00e+00
 1.67626e+13	9.23e-42	7.19e-33	1.16e-24	1.83e-17	3.47e-11	5.48e-06	1.00e+00	0.00e+00	0.00e+00	0.00e+00	0.00e+00	0.00e+00
 1.72784e+13	0.00e+00	9.25e-33	1.43e-24	2.17e-17	3.93e-11	5.88e-06	1.00e+00	0.00e+00	0.00e+00	0.00e+00	0.00e+00	0.00e+00
 1.78255e+13	1.67e-41	1.20e-32	1.79e-24	2.60e-17	4.47e-11	6.32e-06	1.00e+00	0.00e+00	0.00e+00	0.00e+00	0.00e+00	0.00e+00
 1.85124e+13	0.00e+00	1.64e-32	2.33e-24	3.22e-17	5.22e-11	6.89e-06	1.00e+00	0.00e+00	0.00e+00	0.00e+00	0.00e+00	0.00e+00
 1.92195e+13	3.43e-41	2.23e-32	3.03e-24	4.00e-17	6.08e-11	7.52e-06	1.00e+00	0.00e+00	0.00e+00	0.00e+00	0.00e+00	0.00e+00
 1.98439e+13	0.00e+00	2.90e-32	3.80e-24	4.80e-17	6.93e-11	8.09e-06	1.00e+00	0.00e+00	0.00e+00	0.00e+00	0.00e+00	0.00e+00
 2.05226e+13	6.43e-41	3.83e-32	4.81e-24	5.82e-17	7.95e-11	8.73e-06	1.00e+00	0.00e+00	0.00e+00	0.00e+00	0.00e+00	0.00e+00
 2.12707e+13	0.00e+00	5.15e-32	6.19e-24	7.14e-17	9.19e-11	9.48e-06	1.00e+00	0.00e+00	0.00e+00	0.00e+00	0.00e+00	0.00e+00
 2.19587e+13	1.23e-40	6.69e-32	7.75e-24	8.57e-17	1.05e-10	1.02e-05	1.00e+00	0.00e+00	0.00e+00	0.00e+00	0.00e+00	0.00e+00
 2.27029e+13	0.00e+00	8.82e-32	9.81e-24	1.04e-16	1.20e-10	1.10e-05	1.00e+00	0.00e+00	0.00e+00	0.00e+00	0.00e+00	0.00e+00
 2.35337e+13	2.38e-40	1.19e-31	1.26e-23	1.28e-16	1.38e-10	1.19e-05	1.00e+00	0.00e+00	0.00e+00	0.00e+00	0.00e+00	0.00e+00
 2.43130e+13	0.00e+00	1.56e-31	1.59e-23	1.54e-16	1.58e-10	1.29e-05	1.00e+00	0.00e+00	0.00e+00	0.00e+00	0.00e+00	0.00e+00
 2.51621e+13	4.51e-40	2.07e-31	2.03e-23	1.87e-16	1.81e-10	1.39e-05	1.00e+00	0.00e+00	0.00e+00	0.00e+00	0.00e+00	0.00e+00
 2.61052e+13	0.00e+00	2.81e-31	2.63e-23	2.31e-16	2.10e-10	1.51e-05	1.00e+00	0.00e+00	0.00e+00	0.00e+00	0.00e+00	0.00e+00
 2.69853e+13	8.83e-40	3.70e-31	3.34e-23	2.80e-16	2.40e-10	1.63e-05	1.00e+00	0.00e+00	0.00e+00	0.00e+00	0.00e+00	0.00e+00
 2.79440e+13	0.00e+00	4.97e-31	4.28e-23	3.42e-16	2.76e-10	1.76e-05	1.00e+00	0.00e+00	0.00e+00	0.00e+00	0.00e+00	0.00e+00
 2.90164e+13	1.78e-39	6.80e-31	5.60e-23	4.25e-16	3.20e-10	1.91e-05	1.00e+00	0.00e+00	0.00e+00	0.00e+00	0.00e+00	0.00e+00
 3.00286e+13	0.00e+00	9.09e-31	7.16e-23	5.18e-16	3.67e-10	2.07e-05	1.00e+00	0.00e+00	0.00e+00	0.00e+00	0.00e+00	0.00e+00
 3.11354e+13	3.55e-39	1.24e-30	9.30e-23	6.39e-16	4.24e-10	2.24e-05	1.00e+00	0.00e+00	0.00e+00	0.00e+00	0.00e+00	0.00e+00
 3.23748e+13	0.00e+00	1.72e-30	1.23e-22	8.01e-16	4.95e-10	2.44e-05	1.00e+00	0.00e+00	0.00e+00	0.00e+00	0.00e+00	0.00e+00
 3.35510e+13	7.39e-39	2.34e-30	1.59e-22	9.84e-16	5.71e-10	2.64e-05	1.00e+00	0.00e+00	0.00e+00	0.00e+00	0.00e+00	0.00e+00
 3.48102e+13	0.00e+00	3.21e-30	2.09e-22	1.22e-15	6.60e-10	2.87e-05	1.00e+00	0.00e+00	0.00e+00	0.00e+00	0.00e+00	0.00e+00
 3.62325e+13	1.59e-38	4.53e-30	2.79e-22	1.54e-15	7.74e-10	3.13e-05	1.00e+00	0.00e+00	0.00e+00	0.00e+00	0.00e+00	0.00e+00
 3.76437e+13	0.00e+00	6.31e-30	3.69e-22	1.92e-15	9.00e-10	3.40e-05	1.00e+00	0.00e+00	0.00e+00	0.00e+00	0.00e+00	0.00e+00
 3.91114e+13	3.43e-38	8.82e-30	4.89e-22	2.40e-15	1.05e-09	3.70e-05	1.00e+00	0.00e+00	0.00e+00	0.00e+00	0.00e+00	0.00e+00
 4.07058e+13	0.00e+00	1.26e-29	6.58e-22	3.03e-15	1.23e-09	4.03e-05	1.00e+00	0.00e+00	0.00e+00	0.00e+00	0.00e+00	0.00e+00
 4.23640e+13	7.76e-38	1.78e-29	8.83e-22	3.82e-15	1.44e-09	4.40e-05	1.00e+00	0.00e+00	0.00e+00	0.00e+00	0.00e+00	0.00e+00
 4.39262e+13	0.00e+00	2.47e-29	1.16e-21	4.72e-15	1.66e-09	4.76e-05	1.00e+00	0.00e+00	0.00e+00	0.00e+00	0.00e+00	0.00e+00
 4.53327e+13	1.57e-37	3.27e-29	1.46e-21	5.68e-15	1.88e-09	5.09e-05	1.00e+00	0.00e+00	0.00e+00	0.00e+00	0.00e+00	0.00e+00
 4.66649e+13	0.00e+00	4.25e-29	1.82e-21	6.73e-15	2.10e-09	5.41e-05	1.00e+00	0.00e+00	0.00e+00	0.00e+00	0.00e+00	0.00e+00
 4.81426e+13	2.97e-37	5.64e-29	2.30e-21	8.08e-15	2.38e-09	5.78e-05	1.00e+00	0.00e+00	0.00e+00	0.00e+00	0.00e+00	0.00e+00
 4.97978e+13	0.00e+00	7.68e-29	2.97e-21	9.86e-15	2.72e-09	6.21e-05	1.00e+00	0.00e+00	0.00e+00	0.00e+00	0.00e+00	0.00e+00
 5.13664e+13	5.92e-37	1.02e-28	3.76e-21	1.18e-14	3.07e-09	6.63e-05	1.00e+00	0.00e+00	0.00e+00	0.00e+00	0.00e+00	0.00e+00
 5.30881e+13	0.00e+00	1.38e-28	4.82e-21	1.44e-14	3.50e-09	7.11e-05	1.00e+00	0.00e+00	0.00e+00	0.00e+00	0.00e+00	0.00e+00
 5.50170e+13	1.25e-36	1.92e-28	6.34e-21	1.77e-14	4.03e-09	7.66e-05	1.00e+00	0.00e+00	0.00e+00	0.00e+00	0.00e+00	0.00e+00
 5.68090e+13	0.00e+00	2.58e-28	8.09e-21	2.14e-14	4.57e-09	8.19e-05	1.00e+00	0.00e+00	0.00e+00	0.00e+00	0.00e+00	0.00e+00
 5.84662e+13	2.41e-36	3.38e-28	1.01e-20	2.53e-14	5.12e-09	8.70e-05	1.00e+00	0.00e+00	0.00e+00	0.00e+00	0.00e+00	0.00e+00
 6.03548e+13	0.00e+00	4.55e-28	1.29e-20	3.06e-14	5.81e-09	9.29e-05	1.00e+00	0.00e+00	0.00e+00	0.00e+00	0.00e+00	0.00e+00
 6.26656e+13	5.22e-36	6.49e-28	1.72e-20	3.81e-14	6.74e-09	1.00e-04	1.00e+00	0.00e+00	0.00e+00	0.00e+00	0.00e+00	0.00e+00
 6.49710e+13	0.00e+00	9.08e-28	2.27e-20	4.72e-14	7.77e-09	1.08e-04	1.00e+00	0.00e+00	0.00e+00	0.00e+00	0.00e+00	0.00e+00
 6.69795e+13	1.09e-35	1.21e-27	2.87e-20	5.65e-14	8.77e-09	1.15e-04	1.00e+00	0.00e+00	0.00e+00	0.00e+00	0.00e+00	0.00e+00
 6.91565e+13	0.00e+00	1.65e-27	3.69e-20	6.83e-14	9.95e-09	1.23e-04	1.00e+00	0.00e+00	0.00e+00	0.00e+00	0.00e+00	0.00e+00
 7.18097e+13	2.42e-35	2.37e-27	4.95e-20	8.54e-14	1.15e-08	1.33e-04	1.00e+00	0.00e+00	0.00e+00	0.00e+00	0.00e+00	0.00e+00
 7.45097e+13	3.65e-35	3.36e-27	6.58e-20	1.06e-13	1.34e-08	1.43e-04	1.00e+00	0.00e+00	0.00e+00	0.00e+00	0.00e+00	0.00e+00
 7.69547e+13	5.30e-35	4.60e-27	8.48e-20	1.29e-13	1.52e-08	1.53e-04	1.00e+00	0.00e+00	0.00e+00	0.00e+00	0.00e+00	0.00e+00
 7.96405e+13	7.89e-35	6.42e-27	1.11e-19	1.58e-13	1.74e-08	1.64e-04	1.00e+00	0.00e+00	0.00e+00	0.00e+00	0.00e+00	0.00e+00
 8.27967e+13	1.24e-34	9.40e-27	1.51e-19	1.98e-13	2.03e-08	1.77e-04	1.00e+00	0.00e+00	0.00e+00	0.00e+00	0.00e+00	0.00e+00
 8.59402e+13	1.90e-34	1.35e-26	2.02e-19	2.48e-13	2.35e-08	1.91e-04	1.00e+00	0.00e+00	0.00e+00	0.00e+00	0.00e+00	0.00e+00
 8.89053e+13	2.84e-34	1.88e-26	2.64e-19	3.03e-13	2.69e-08	2.04e-04	1.00e+00	0.00e+00	0.00e+00	0.00e+00	0.00e+00	0.00e+00
 9.21873e+13	4.38e-34	2.69e-26	3.52e-19	3.76e-13	3.10e-08	2.19e-04	1.00e+00	0.00e+00	0.00e+00	0.00e+00	0.00e+00	0.00e+00
 9.59047e+13	6.90e-34	3.95e-26	4.80e-19	4.75e-13	3.63e-08	2.37e-04	1.00e+00	0.00e+00	0.00e+00	0.00e+00	0.00e+00	0.00e+00
 9.96295e+13	1.10e-33	5.79e-26	6.52e-19	5.96e-13	4.22e-08	2.55e-04	1.00e+00	0.00e+00	0.00e+00	0.00e+00	0.00e+00	0.00e+00
 1.03503e+14	1.70e-33	8.38e-26	8.79e-19	7.47e-13	4.91e-08	2.76e-04	1.00e+00	0.00e+00	0.00e+00	0.00e+00	0.00e+00	0.00e+00
 1.07673e+14	2.73e-33	1.24e-25	1.21e-18	9.46e-13	5.74e-08	2.98e-04	1.00e+00	0.00e+00	0.00e+00	0.00e+00	0.00e+00	0.00e+00
 1.12010e+14	4.40e-33	1.84e-25	1.65e-18	1.20e-12	6.71e-08	3.22e-04	1.00e+00	0.00e+00	0.00e+00	0.00e+00	0.00e+00	0.00e+00
 1.16198e+14	6.79e-33	2.65e-25	2.21e-18	1.49e-12	7.76e-08	3.46e-04	1.00e+00	0.00e+00	0.00e+00	0.00e+00	0.00e+00	0.00e+00
 1.20125e+14	1.00e-32	3.67e-25	2.88e-18	1.81e-12	8.85e-08	3.70e-04	1.00e+00	0.00e+00	0.00e+00	0.00e+00	0.00e+00	0.00e+00
 1.23825e+14	1.44e-32	4.97e-25	3.66e-18	2.17e-12	9.99e-08	3.92e-04	1.00e+00	0.00e+00	0.00e+00	0.00e+00	0.00e+00	0.00e+00
 1.27850e+14	2.12e-32	6.85e-25	4.73e-18	2.63e-12	1.13e-07	4.18e-04	1.00e+00	0.00e+00	0.00e+00	0.00e+00	0.00e+00	0.00e+00
 1.32345e+14	3.20e-32	9.65e-25	6.23e-18	3.23e-12	1.30e-07	4.47e-04	1.00e+00	0.00e+00	0.00e+00	0.00e+00	0.00e+00	0.00e+00
 1.36590e+14	4.62e-32	1.31e-24	8.00e-18	3.90e-12	1.47e-07	4.76e-04	1.00e+00	0.00e+00	0.00e+00	0.00e+00	0.00e+00	0.00e+00
 1.41247e+14	6.90e-32	1.83e-24	1.05e-17	4.76e-12	1.68e-07	5.08e-04	9.99e-01	0.00e+00	0.00e+00	0.00e+00	0.00e+00	0.00e+00
 1.46482e+14	1.07e-31	2.64e-24	1.40e-17	5.91e-12	1.95e-07	5.46e-04	9.99e-01	0.00e+00	0.00e+00	0.00e+00	0.00e+00	0.00e+00
 1.51476e+14	1.59e-31	3.67e-24	1.83e-17	7.22e-12	2.22e-07	5.83e-04	9.99e-01	0.00e+00	0.00e+00	0.00e+00	0.00e+00	0.00e+00
 1.56960e+14	2.39e-31	5.18e-24	2.42e-17	8.92e-12	2.56e-07	6.26e-04	9.99e-01	0.00e+00	0.00e+00	0.00e+00	0.00e+00	0.00e+00
 1.63094e+14	3.81e-31	7.62e-24	3.29e-17	1.12e-11	2.98e-07	6.75e-04	9.99e-01	0.00e+00	0.00e+00	0.00e+00	0.00e+00	0.00e+00
 1.68992e+14	5.68e-31	1.07e-23	4.35e-17	1.39e-11	3.43e-07	7.25e-04	9.99e-01	0.00e+00	0.00e+00	0.00e+00	0.00e+00	0.00e+00
 1.75302e+14	8.79e-31	1.54e-23	5.82e-17	1.72e-11	3.97e-07	7.79e-04	9.99e-01	0.00e+00	0.00e+00	0.00e+00	0.00e+00	0.00e+00
 1.82344e+14	1.39e-30	2.25e-23	7.96e-17	2.18e-11	4.64e-07	8.43e-04	9.99e-01	0.00e+00	0.00e+00	0.00e+00	0.00e+00	0.00e+00
 1.88847e+14	2.11e-30	3.20e-23	1.05e-16	2.69e-11	5.33e-07	9.04e-04	9.99e-01	0.00e+00	0.00e+00	0.00e+00	0.00e+00	0.00e+00
 1.94473e+14	2.93e-30	4.22e-23	1.33e-16	3.20e-11	5.99e-07	9.59e-04	9.99e-01	0.00e+00	0.00e+00	0.00e+00	0.00e+00	0.00e+00
 2.00714e+14	4.29e-30	5.79e-23	1.71e-16	3.86e-11	6.79e-07	1.02e-03	9.99e-01	0.00e+00	0.00e+00	0.00e+00	0.00e+00	0.00e+00
 2.08341e+14	6.48e-30	8.23e-23	2.29e-16	4.82e-11	7.87e-07	1.10e-03	9.99e-01	0.00e+00	0.00e+00	0.00e+00	0.00e+00	0.00e+00
 2.16061e+14	1.01e-29	1.19e-22	3.06e-16	5.99e-11	9.10e-07	1.18e-03	9.99e-01	0.00e+00	0.00e+00	0.00e+00	0.00e+00	0.00e+00
 2.23007e+14	1.42e-29	1.59e-22	3.92e-16	7.24e-11	1.03e-06	1.26e-03	9.99e-01	0.00e+00	0.00e+00	0.00e+00	0.00e+00	0.00e+00
 2.30657e+14	2.13e-29	2.23e-22	5.13e-16	8.85e-11	1.18e-06	1.35e-03	9.99e-01	0.00e+00	0.00e+00	0.00e+00	0.00e+00	0.00e+00
 2.39695e+14	3.26e-29	3.21e-22	6.94e-16	1.11e-10	1.37e-06	1.46e-03	9.99e-01	0.00e+00	0.00e+00	0.00e+00	0.00e+00	0.00e+00
 2.48558e+14	4.93e-29	4.55e-22	9.26e-16	1.38e-10	1.59e-06	1.57e-03	9.98e-01	0.00e+00	0.00e+00	0.00e+00	0.00e+00	0.00e+00
 2.56647e+14	7.09e-29	6.18e-22	1.19e-15	1.67e-10	1.80e-06	1.67e-03	9.98e-01	0.00e+00	0.00e+00	0.00e+00	0.00e+00	0.00e+00
 2.65709e+14	1.06e-28	8.66e-22	1.57e-15	2.06e-10	2.07e-06	1.79e-03	9.98e-01	0.00e+00	0.00e+00	0.00e+00	0.00e+00	0.00e+00
 2.76262e+14	1.64e-28	1.26e-21	2.14e-15	2.60e-10	2.42e-06	1.94e-03	9.98e-01	0.00e+00	0.00e+00	0.00e+00	0.00e+00	0.00e+00
 2.86637e+14	2.53e-28	1.81e-21	2.86e-15	3.23e-10	2.80e-06	2.09e-03	9.98e-01	0.00e+00	0.00e+00	0.00e+00	0.00e+00	0.00e+00
 2.96459e+14	3.64e-28	2.47e-21	3.73e-15	3.95e-10	3.20e-06	2.24e-03	9.98e-01	0.00e+00	0.00e+00	0.00e+00	0.00e+00	0.00e+00
 3.07379e+14	5.57e-28	3.52e-21	4.97e-15	4.90e-10	3.69e-06	2.40e-03	9.98e-01	0.00e+00	0.00e+00	0.00e+00	0.00e+00	0.00e+00
 3.19704e+14	8.51e-28	5.07e-21	6.77e-15	6.20e-10	4.32e-06	2.60e-03	9.97e-01	0.00e+00	0.00e+00	0.00e+00	0.00e+00	0.00e+00
 3.32037e+14	1.33e-27	7.35e-21	9.15e-15	7.77e-10	5.02e-06	2.81e-03	9.97e-01	0.00e+00	0.00e+00	0.00e+00	0.00e+00	0.00e+00
 3.43630e+14	1.91e-27	1.01e-20	1.20e-14	9.53e-10	5.75e-06	3.01e-03	9.97e-01	0.00e+00	0.00e+00	0.00e+00	0.00e+00	0.00e+00
 3.56171e+14	2.90e-27	1.43e-20	1.59e-14	1.18e-09	6.63e-06	3.23e-03	9.97e-01	0.00e+00	0.00e+00	0.00e+00	0.00e+00	0.00e+00
 3.70448e+14	4.40e-27	2.05e-20	2.17e-14	1.49e-09	7.76e-06	3.51e-03	9.96e-01	0.00e+00	0.00e+00	0.00e+00	0.00e+00	0.00e+00
 3.83907e+14	6.57e-27	2.88e-20	2.88e-14	1.85e-09	8.94e-06	3.76e-03	9.96e-01	0.00e+00	0.00e+00	0.00e+00	0.00e+00	0.00e+00
 3.96035e+14	9.41e-27	3.89e-20	3.68e-14	2.22e-09	1.01e-05	4.01e-03	9.96e-01	0.00e+00	0.00e+00	0.00e+00	0.00e+00	0.00e+00
 4.07552e+14	1.29e-26	5.09e-20	4.61e-14	2.63e-09	1.13e-05	4.25e-03	9.96e-01	0.00e+00	0.00e+00	0.00e+00	0.00e+00	0.00e+00
 4.20364e+14	1.78e-26	6.75e-20	5.88e-14	3.17e-09	1.28e-05	4.52e-03	9.95e-01	0.00e+00	0.00e+00	0.00e+00	0.00e+00	0.00e+00
 4.34611e+14	2.63e-26	9.35e-20	7.66e-14	3.87e-09	1.46e-05	4.83e-03	9.95e-01	0.00e+00	0.00e+00	0.00e+00	0.00e+00	0.00e+00
 4.48015e+14	3.59e-26	1.23e-19	9.73e-14	4.63e-09	1.65e-05	5.14e-03	9.95e-01	0.00e+00	0.00e+00	0.00e+00	0.00e+00	0.00e+00
 4.62732e+14	5.24e-26	1.68e-19	1.26e-13	5.62e-09	1.88e-05	5.48e-03	9.94e-01	0.00e+00	0.00e+00	0.00e+00	0.00e+00	0.00e+00
 4.79220e+14	7.54e-26	2.31e-19	1.65e-13	6.92e-09	2.16e-05	5.89e-03	9.94e-01	0.00e+00	0.00e+00	0.00e+00	0.00e+00	0.00e+00
 4.94809e+14	1.09e-25	3.15e-19	2.13e-13	8.38e-09	2.45e-05	6.28e-03	9.94e-01	0.00e+00	0.00e+00	0.00e+00	0.00e+00	0.00e+00
 5.11875e+14	1.55e-25	4.27e-19	2.78e-13	1.02e-08	2.80e-05	6.73e-03	9.93e-01	0.00e+00	0.00e+00	0.00e+00	0.00e+00	0.00e+00
 5.30716e+14	2.34e-25	6.06e-19	3.70e-13	1.27e-08	3.23e-05	7.23e-03	9.93e-01	0.00e+00	0.00e+00	0.00e+00	0.00e+00	0.00e+00
 5.48155e+14	3.24e-25	8.07e-19	4.77e-13	1.54e-08	3.68e-05	7.73e-03	9.92e-01	0.00e+00	0.00e+00	0.00e+00	0.00e+00	0.00e+00
 5.67119e+14	4.70e-25	1.11e-18	6.24e-13	1.89e-08	4.21e-05	8.27e-03	9.92e-01	0.00e+00	0.00e+00	0.00e+00	0.00e+00	0.00e+00
 5.88269e+14	6.91e-25	1.55e-18	8.31e-13	2.35e-08	4.86e-05	8.91e-03	9.91e-01	0.00e+00	0.00e+00	0.00e+00	0.00e+00	0.00e+00
 6.08051e+14	9.94e-25	2.11e-18	1.08e-12	2.85e-08	5.54e-05	9.53e-03	9.90e-01	0.00e+00	0.00e+00	0.00e+00	0.00e+00	0.00e+00
 6.29559e+14	1.43e-24	2.90e-18	1.42e-12	3.51e-08	6.36e-05	1.02e-02	9.90e-01	0.00e+00	0.00e+00	0.00e+00	0.00e+00	0.00e+00
 6.53511e+14	2.18e-24	4.15e-18	1.90e-12	4.38e-08	7.37e-05	1.10e-02	9.89e-01	0.00e+00	0.00e+00	0.00e+00	0.00e+00	0.00e+00
 6.76008e+14	3.03e-24	5.56e-18	2.47e-12	5.36e-08	8.43e-05	1.18e-02	9.88e-01	0.00e+00	0.00e+00	0.00e+00	0.00e+00	0.00e+00
 7.00458e+14	4.47e-24	7.75e-18	3.27e-12	6.62e-08	9.70e-05	1.27e-02	9.87e-01	0.00e+00	0.00e+00	0.00e+00	0.00e+00	0.00e+00
 7.27672e+14	6.59e-24	1.09e-17	4.40e-12	8.30e-08	1.13e-04	1.37e-02	9.86e-01	0.00e+00	0.00e+00	0.00e+00	0.00e+00	0.00e+00
 7.53410e+14	9.72e-24	1.52e-17	5.78e-12	1.02e-07	1.29e-04	1.47e-02	9.85e-01	0.00e+00	0.00e+00	0.00e+00	0.00e+00	0.00e+00
 7.81013e+14	1.38e-23	2.07e-17	7.64e-12	1.26e-07	1.49e-04	1.59e-02	9.84e-01	0.00e+00	0.00e+00	0.00e+00	0.00e+00	0.00e+00
 8.11670e+14	2.10e-23	2.97e-17	1.03e-11	1.59e-07	1.74e-04	1.71e-02	9.83e-01	0.00e+00	0.00e+00	0.00e+00	0.00e+00	0.00e+00
 8.41610e+14	2.97e-23	4.06e-17	1.37e-11	1.97e-07	2.00e-04	1.85e-02	9.81e-01	0.00e+00	0.00e+00	0.00e+00	0.00e+00	0.00e+00
 8.73360e+14	4.43e-23	5.72e-17	1.82e-11	2.45e-07	2.32e-04	1.99e-02	9.80e-01	0.00e+00	0.00e+00	0.00e+00	0.00e+00	0.00e+00
 9.08324e+14	6.45e-23	8.02e-17	2.47e-11	3.09e-07	2.70e-04	2.16e-02	9.78e-01	0.00e+00	0.00e+00	0.00e+00	0.00e+00	0.00e+00
 9.42688e+14	9.52e-23	1.13e-16	3.29e-11	3.85e-07	3.13e-04	2.34e-02	9.76e-01	0.00e+00	0.00e+00	0.00e+00	0.00e+00	0.00e+00
 9.71091e+14	1.26e-22	1.45e-16	4.13e-11	4.59e-07	3.51e-04	2.49e-02	9.75e-01	0.00e+00	0.00e+00	0.00e+00	0.00e+00	0.00e+00
 9.93901e+14	1.58e-22	1.78e-16	4.94e-11	5.27e-07	3.85e-04	2.61e-02	9.74e-01	0.00e+00	0.00e+00	0.00e+00	0.00e+00	0.00e+00
 1.01907e+15	2.05e-22	2.23e-16	6.00e-11	6.11e-07	4.24e-04	2.75e-02	9.72e-01	0.00e+00	0.00e+00	0.00e+00	0.00e+00	0.00e+00
 1.05180e+15	2.77e-22	2.93e-16	7.64e-11	7.36e-07	4.80e-04	2.94e-02	9.70e-01	0.00e+00	0.00e+00	0.00e+00	0.00e+00	0.00e+00
 1.08692e+15	3.81e-22	3.90e-16	9.84e-11	8.94e-07	5.46e-04	3.15e-02	9.68e-01	0.00e+00	0.00e+00	0.00e+00	0.00e+00	0.00e+00
 1.11814e+15	5.08e-22	5.02e-16	1.22e-10	1.06e-06	6.10e-04	3.34e-02	9.66e-01	0.00e+00	0.00e+00	0.00e+00	0.00e+00	0.00e+00
 1.15174e+15	6.69e-22	6.46e-16	1.53e-10	1.26e-06	6.84e-04	3.56e-02	9.64e-01	0.00e+00	0.00e+00	0.00e+00	0.00e+00	0.00e+00
 1.19416e+15	9.46e-22	8.85e-16	2.02e-10	1.56e-06	7.88e-04	3.84e-02	9.61e-01	0.00e+00	0.00e+00	0.00e+00	0.00e+00	0.00e+00
 1.23717e+15	1.35e-21	1.21e-15	2.66e-10	1.92e-06	9.04e-04	4.13e-02	9.58e-01	0.00e+00	0.00e+00	0.00e+00	0.00e+00	0.00e+00
 1.27405e+15	1.79e-21	1.57e-15	3.33e-10	2.28e-06	1.01e-03	4.40e-02	9.55e-01	0.00e+00	0.00e+00	0.00e+00	0.00e+00	0.00e+00
 1.31382e+15	2.39e-21	2.04e-15	4.21e-10	2.74e-06	1.14e-03	4.69e-02	9.52e-01	0.00e+00	0.00e+00	0.00e+00	0.00e+00	0.00e+00
 1.36304e+15	3.38e-21	2.81e-15	5.58e-10	3.40e-06	1.32e-03	5.08e-02	9.48e-01	0.00e+00	0.00e+00	0.00e+00	0.00e+00	0.00e+00
 1.41297e+15	4.80e-21	3.85e-15	7.35e-10	4.20e-06	1.51e-03	5.47e-02	9.44e-01	0.00e+00	0.00e+00	0.00e+00	0.00e+00	0.00e+00
 1.45695e+15	6.44e-21	5.04e-15	9.30e-10	5.04e-06	1.70e-03	5.84e-02	9.40e-01	0.00e+00	0.00e+00	0.00e+00	0.00e+00	0.00e+00
 1.50476e+15	8.76e-21	6.69e-15	1.19e-09	6.09e-06	1.93e-03	6.26e-02	9.35e-01	0.00e+00	0.00e+00	0.00e+00	0.00e+00	0.00e+00
 1.56243e+15	1.26e-20	9.33e-15	1.59e-09	7.61e-06	2.23e-03	6.78e-02	9.30e-01	0.00e+00	0.00e+00	0.00e+00	0.00e+00	0.00e+00
 1.61959e+15	1.77e-20	1.28e-14	2.10e-09	9.39e-06	2.55e-03	7.29e-02	9.25e-01	0.00e+00	0.00e+00	0.00e+00	0.00e+00	0.00e+00
 1.67062e+15	2.40e-20	1.69e-14	2.66e-09	1.13e-05	2.87e-03	7.79e-02	9.19e-01	0.00e+00	0.00e+00	0.00e+00	0.00e+00	0.00e+00
 1.72702e+15	3.29e-20	2.25e-14	3.44e-09	1.37e-05	3.26e-03	8.33e-02	9.13e-01	0.00e+00	0.00e+00	0.00e+00	0.00e+00	0.00e+00
 1.79409e+15	4.82e-20	3.19e-14	4.61e-09	1.71e-05	3.77e-03	9.02e-02	9.06e-01	0.00e+00	0.00e+00	0.00e+00	0.00e+00	0.00e+00
 1.86042e+15	6.88e-20	4.42e-14	6.10e-09	2.12e-05	4.32e-03	9.72e-02	8.98e-01	0.00e+00	0.00e+00	0.00e+00	0.00e+00	0.00e+00
 1.92109e+15	9.33e-20	5.86e-14	7.81e-09	2.55e-05	4.87e-03	1.04e-01	8.92e-01	0.00e+00	0.00e+00	0.00e+00	0.00e+00	0.00e+00
 1.98903e+15	1.34e-19	8.11e-14	1.02e-08	3.13e-05	5.55e-03	1.11e-01	8.83e-01	0.00e+00	0.00e+00	0.00e+00	0.00e+00	0.00e+00
 2.06799e+15	1.97e-19	1.15e-13	1.38e-08	3.92e-05	6.42e-03	1.20e-01	8.73e-01	0.00e+00	0.00e+00	0.00e+00	0.00e+00	0.00e+00
 2.14581e+15	2.86e-19	1.62e-13	1.84e-08	4.86e-05	7.37e-03	1.29e-01	8.63e-01	0.00e+00	0.00e+00	0.00e+00	0.00e+00	0.00e+00
 2.22015e+15	4.03e-19	2.21e-13	2.39e-08	5.92e-05	8.35e-03	1.38e-01	8.54e-01	0.00e+00	0.00e+00	0.00e+00	0.00e+00	0.00e+00
 2.28519e+15	5.41e-19	2.89e-13	2.99e-08	6.99e-05	9.29e-03	1.46e-01	8.45e-01	0.00e+00	0.00e+00	0.00e+00	0.00e+00	0.00e+00
 2.33889e+15	6.87e-19	3.59e-13	3.57e-08	7.99e-05	1.01e-02	1.52e-01	8.37e-01	0.00e+00	0.00e+00	0.00e+00	0.00e+00	0.00e+00
 2.39808e+15	8.88e-19	4.52e-13	4.33e-08	9.22e-05	1.11e-02	1.60e-01	8.29e-01	0.00e+00	0.00e+00	0.00e+00	0.00e+00	0.00e+00
 2.47502e+15	1.22e-18	6.05e-13	5.53e-08	1.11e-04	1.24e-02	1.69e-01	8.18e-01	0.00e+00	0.00e+00	0.00e+00	0.00e+00	0.00e+00
 2.55599e+15	1.72e-18	8.20e-13	7.09e-08	1.33e-04	1.39e-02	1.80e-01	8.06e-01	0.00e+00	0.00e+00	0.00e+00	0.00e+00	0.00e+00
 2.62571e+15	2.28e-18	1.05e-12	8.72e-08	1.55e-04	1.54e-02	1.88e-01	7.96e-01	0.00e+00	0.00e+00	0.00e+00	0.00e+00	0.00e+00
 2.69984e+15	3.03e-18	1.36e-12	1.08e-07	1.81e-04	1.70e-02	1.98e-01	7.85e-01	0.00e+00	0.00e+00	0.00e+00	0.00e+00	0.00e+00
 2.79620e+15	4.42e-18	1.90e-12	1.42e-07	2.21e-04	1.92e-02	2.10e-01	7.70e-01	0.00e+00	0.00e+00	0.00e+00	0.00e+00	0.00e+00
 2.89560e+15	6.33e-18	2.63e-12	1.85e-07	2.69e-04	2.17e-02	2.23e-01	7.55e-01	0.00e+00	0.00e+00	0.00e+00	0.00e+00	0.00e+00
 2.97865e+15	8.62e-18	3.45e-12	2.30e-07	3.15e-04	2.39e-02	2.34e-01	7.42e-01	0.00e+00	0.00e+00	0.00e+00	0.00e+00	0.00e+00
 3.06637e+15	1.17e-17	4.53e-12	2.87e-07	3.70e-04	2.65e-02	2.45e-01	7.28e-01	0.00e+00	0.00e+00	0.00e+00	0.00e+00	0.00e+00
 3.17828e+15	1.72e-17	6.35e-12	3.76e-07	4.52e-04	2.99e-02	2.60e-01	7.10e-01	0.00e+00	0.00e+00	0.00e+00	0.00e+00	0.00e+00
 3.29602e+15	2.57e-17	8.94e-12	4.96e-07	5.51e-04	3.38e-02	2.75e-01	6.91e-01	0.00e+00	0.00e+00	1.47e-17	7.81e-18	2.78e-18
 3.40087e+15	3.61e-17	1.20e-11	6.28e-07	6.54e-04	3.76e-02	2.88e-01	6.74e-01	0.00e+00	0.00e+00	2.06e-17	1.10e-17	3.87e-18
 3.51459e+15	5.10e-17	1.63e-11	8.03e-07	7.81e-04	4.19e-02	3.01e-01	6.56e-01	0.00e+00	0.00e+00	2.92e-17	1.55e-17	5.45e-18
 3.65047e+15	7.75e-17	2.33e-11	1.07e-06	9.58e-04	4.74e-02	3.18e-01	6.34e-01	0.00e+00	0.00e+00	4.44e-17	2.35e-17	8.23e-18
 3.78484e+15	1.14e-16	3.25e-11	1.40e-06	1.16e-03	5.32e-02	3.33e-01	6.12e-01	0.00e+00	0.00e+00	6.52e-17	3.45e-17	1.20e-17
 3.90637e+15	1.60e-16	4.37e-11	1.76e-06	1.37e-03	5.87e-02	3.47e-01	5.93e-01	0.00e+00	0.00e+00	9.21e-17	4.87e-17	1.69e-17
 4.04151e+15	2.25e-16	5.89e-11	2.26e-06	1.64e-03	6.53e-02	3.61e-01	5.72e-01	0.00e+00	0.00e+00	1.29e-16	6.83e-17	2.36e-17
 4.20026e+15	3.52e-16	8.57e-11	3.00e-06	2.00e-03	7.34e-02	3.78e-01	5.47e-01	0.00e+00	0.00e+00	2.02e-16	1.07e-16	3.68e-17
 4.35709e+15	5.25e-16	1.20e-10	3.91e-06	2.41e-03	8.19e-02	3.93e-01	5.23e-01	0.00e+00	0.00e+00	3.02e-16	1.59e-16	5.47e-17
 4.50404e+15	7.53e-16	1.63e-10	4.96e-06	2.85e-03	9.03e-02	4.06e-01	5.01e-01	0.00e+00	0.00e+00	4.34e-16	2.29e-16	7.82e-17
 4.66807e+15	1.07e-15	2.22e-10	6.40e-06	3.40e-03	1.00e-01	4.19e-01	4.77e-01	0.00e+00	0.00e+00	6.19e-16	3.26e-16	1.11e-16
 4.85483e+15	1.72e-15	3.25e-10	8.46e-06	4.13e-03	1.12e-01	4.34e-01	4.50e-01	0.00e+00	0.00e+00	9.93e-16	5.22e-16	1.78e-16
 5.01058e+15	2.43e-15	4.32e-10	1.05e-05	4.81e-03	1.22e-01	4.44e-01	4.29e-01	0.00e+00	0.00e+00	1.40e-15	7.36e-16	2.50e-16
 5.12122e+15	3.07e-15	5.25e-10	1.23e-05	5.34e-03	1.29e-01	4.51e-01	4.15e-01	0.00e+00	0.00e+00	1.77e-15	9.32e-16	3.15e-16
 5.23645e+15	3.91e-15	6.41e-10	1.43e-05	5.94e-03	1.37e-01	4.58e-01	3.99e-01	0.00e+00	0.00e+00	2.26e-15	1.19e-15	4.01e-16
 5.38625e+15	5.11e-15	8.07e-10	1.74e-05	6.78e-03	1.47e-01	4.65e-01	3.81e-01	0.00e+00	0.00e+00	2.95e-15	1.55e-15	5.23e-16
 5.55378e+15	7.39e-15	1.08e-09	2.14e-05	7.83e-03	1.59e-01	4.73e-01	3.60e-01	0.00e+00	0.00e+00	4.27e-15	2.24e-15	7.55e-16
 5.71054e+15	9.97e-15	1.38e-09	2.59e-05	8.89e-03	1.71e-01	4.79e-01	3.42e-01	0.00e+00	0.00e+00	5.76e-15	3.03e-15	1.02e-15
 5.88051e+15	1.32e-14	1.75e-09	3.15e-05	1.01e-02	1.83e-01	4.84e-01	3.23e-01	0.00e+00	0.00e+00	7.61e-15	4.00e-15	1.34e-15
 6.07132e+15	1.93e-14	2.37e-09	3.90e-05	1.17e-02	1.97e-01	4.89e-01	3.02e-01	0.00e+00	0.00e+00	1.12e-14	5.87e-15	1.97e-15
 6.25105e+15	2.64e-14	3.04e-09	4.72e-05	1.33e-02	2.11e-01	4.92e-01	2.84e-01	0.00e+00	0.00e+00	1.53e-14	8.01e-15	2.68e-15
 6.44650e+15	3.52e-14	3.87e-09	5.76e-05	1.52e-02	2.26e-01	4.94e-01	2.65e-01	0.00e+00	0.00e+00	2.04e-14	1.07e-14	3.57e-15
 6.66614e+15	5.27e-14	5.29e-09	7.18e-05	1.76e-02	2.43e-01	4.95e-01	2.45e-01	0.00e+00	0.00e+00	3.05e-14	1.60e-14	5.33e-15
 6.87392e+15	7.20e-14	6.80e-09	8.72e-05	2.00e-02	2.58e-01	4.94e-01	2.27e-01	0.00e+00	0.00e+00	4.17e-14	2.19e-14	7.27e-15
 7.10073e+15	9.83e-14	8.79e-09	1.07e-04	2.28e-02	2.76e-01	4.92e-01	2.09e-01	0.00e+00	0.00e+00	5.69e-14	2.99e-14	9.92e-15
 7.35067e+15	1.41e-13	1.17e-08	1.33e-04	2.63e-02	2.94e-01	4.88e-01	1.91e-01	0.00e+00	0.00e+00	8.17e-14	4.28e-14	1.42e-14
 7.58193e+15	2.06e-13	1.56e-08	1.62e-04	2.97e-02	3.12e-01	4.83e-01	1.75e-01	0.00e+00	0.00e+00	1.19e-13	6.26e-14	2.07e-14
 7.83381e+15	2.91e-13	2.04e-08	1.98e-04	3.38e-02	3.30e-01	4.77e-01	1.59e-01	0.00e+00	0.00e+00	1.69e-13	8.85e-14	2.93e-14
 8.11073e+15	4.14e-13	2.69e-08	2.45e-04	3.86e-02	3.50e-01	4.68e-01	1.43e-01	0.00e+00	0.00e+00	2.40e-13	1.26e-13	4.15e-14
 8.36778e+15	5.56e-13	3.42e-08	2.95e-04	4.34e-02	3.68e-01	4.59e-01	1.30e-01	0.00e+00	0.00e+00	3.22e-13	1.69e-13	5.57e-14
 8.64951e+15	8.27e-13	4.60e-08	3.62e-04	4.92e-02	3.87e-01	4.47e-01	1.16e-01	0.00e+00	0.00e+00	4.80e-13	2.51e-13	8.28e-14
 8.95797e+15	1.17e-12	6.04e-08	4.45e-04	5.58e-02	4.06e-01	4.34e-01	1.03e-01	0.00e+00	0.00e+00	6.79e-13	3.56e-13	1.17e-13
 9.24402e+15	1.57e-12	7.64e-08	5.35e-04	6.24e-02	4.24e-01	4.21e-01	9.25e-02	0.00e+00	0.00e+00	9.12e-13	4.78e-13	1.57e-13
 9.51257e+15	2.12e-12	9.61e-08	6.33e-04	6.90e-02	4.39e-01	4.08e-01	8.32e-02	0.00e+00	0.00e+00	1.23e-12	6.45e-13	2.12e-13
 9.81555e+15	3.11e-12	1.27e-07	7.64e-04	7.70e-02	4.56e-01	3.93e-01	7.35e-02	0.00e+00	0.00e+00	1.80e-12	9.44e-13	3.10e-13
 1.01456e+16	4.30e-12	1.64e-07	9.24e-04	8.61e-02	4.72e-01	3.76e-01	6.45e-02	0.00e+00	0.00e+00	2.50e-12	1.31e-12	4.29e-13
 1.04487e+16	5.66e-12	2.03e-07	1.09e-03	9.49e-02	4.86e-01	3.61e-01	5.71e-02	0.00e+00	0.00e+00	3.28e-12	1.72e-12	5.63e-13
 1.07209e+16	7.41e-12	2.49e-07	1.27e-03	1.03e-01	4.98e-01	3.47e-01	5.12e-02	0.00e+00	0.00e+00	4.30e-12	2.25e-12	7.38e-13
 1.09734e+16	9.50e-12	3.01e-07	1.45e-03	1.11e-01	5.08e-01	3.33e-01	4.61e-02	0.00e+00	0.00e+00	5.52e-12	2.89e-12	9.46e-13
 1.12598e+16	1.24e-11	3.69e-07	1.69e-03	1.21e-01	5.18e-01	3.19e-01	4.09e-02	0.00e+00	0.00e+00	7.22e-12	3.78e-12	1.24e-12
 1.15742e+16	1.66e-11	4.59e-07	1.98e-03	1.32e-01	5.28e-01	3.02e-01	3.60e-02	0.00e+00	0.00e+00	9.61e-12	5.04e-12	1.65e-12
 1.18657e+16	2.27e-11	5.76e-07	2.29e-03	1.43e-01	5.36e-01	2.88e-01	3.17e-02	0.00e+00	0.00e+00	1.32e-11	6.92e-12	2.26e-12
 1.21333e+16	2.88e-11	6.87e-07	2.60e-03	1.53e-01	5.42e-01	2.74e-01	2.84e-02	0.00e+00	0.00e+00	1.67e-11	8.75e-12	2.86e-12
 1.24289e+16	3.69e-11	8.32e-07	3.00e-03	1.64e-01	5.48e-01	2.60e-01	2.50e-02	0.00e+00	0.00e+00	2.15e-11	1.12e-11	3.67e-12
 1.28132e+16	5.26e-11	1.08e-06	3.59e-03	1.80e-01	5.54e-01	2.41e-01	2.11e-02	0.00e+00	0.00e+00	3.05e-11	1.60e-11	5.22e-12
 1.31984e+16	6.82e-11	1.33e-06	4.26e-03	1.96e-01	5.58e-01	2.24e-01	1.80e-02	0.00e+00	0.00e+00	3.96e-11	2.08e-11	6.77e-12
 1.35065e+16	9.38e-11	1.67e-06	4.90e-03	2.10e-01	5.59e-01	2.10e-01	1.57e-02	0.00e+00	0.00e+00	5.45e-11	2.86e-11	9.31e-12
 1.37862e+16	1.18e-10	1.98e-06	5.55e-03	2.23e-01	5.60e-01	1.98e-01	1.38e-02	0.00e+00	0.00e+00	6.85e-11	3.59e-11	1.17e-11
 1.41073e+16	1.52e-10	2.41e-06	6.39e-03	2.38e-01	5.59e-01	1.84e-01	1.20e-02	0.00e+00	0.00e+00	8.83e-11	4.63e-11	1.51e-11
 1.44664e+16	1.95e-10	2.93e-06	7.45e-03	2.56e-01	5.57e-01	1.70e-01	1.02e-02	0.00e+00	0.00e+00	1.13e-10	5.94e-11	1.94e-11
 1.48029e+16	2.74e-10	3.72e-06	8.65e-03	2.73e-01	5.53e-01	1.57e-01	8.69e-03	0.00e+00	0.00e+00	1.59e-10	8.36e-11	2.72e-11
 1.51114e+16	3.46e-10	4.45e-06	9.87e-03	2.89e-01	5.48e-01	1.46e-01	7.54e-03	0.00e+00	0.00e+00	2.01e-10	1.05e-10	3.43e-11
 1.54091e+16	4.26e-10	5.24e-06	1.12e-02	3.05e-01	5.42e-01	1.36e-01	6.55e-03	0.00e+00	0.00e+00	2.47e-10	1.30e-10	4.23e-11
 1.57499e+16	6.04e-10	6.72e-06	1.31e-02	3.24e-01	5.33e-01	1.24e-01	5.51e-03	0.00e+00	0.00e+00	3.51e-10	1.84e-10	6.00e-11
 1.61012e+16	7.54e-10	8.05e-06	1.52e-02	3.44e-01	5.23e-01	1.13e-01	4.66e-03	0.00e+00	0.00e+00	4.39e-10	2.30e-10	7.49e-11
 1.63960e+16	1.05e-09	1.01e-05	1.74e-02	3.61e-01	5.13e-01	1.04e-01	3.99e-03	0.00e+00	0.00e+00	6.08e-10	3.19e-10	1.04e-10
 1.66581e+16	1.31e-09	1.19e-05	1.96e-02	3.77e-01	5.04e-01	9.61e-02	3.49e-03	0.00e+00	0.00e+00	7.60e-10	3.98e-10	1.30e-10
 1.69476e+16	1.67e-09	1.44e-05	2.24e-02	3.95e-01	4.92e-01	8.80e-02	2.99e-03	0.00e+00	0.00e+00	9.70e-10	5.09e-10	1.66e-10
 1.72648e+16	2.28e-09	1.81e-05	2.60e-02	4.15e-01	4.77e-01	7.95e-02	2.50e-03	0.00e+00	0.00e+00	1.33e-09	6.96e-10	2.27e-10
 1.75445e+16	2.89e-09	2.17e-05	2.97e-02	4.32e-01	4.63e-01	7.25e-02	2.14e-03	0.00e+00	0.00e+00	1.68e-09	8.82e-10	2.87e-10
 1.77908e+16	3.52e-09	2.53e-05	3.35e-02	4.48e-01	4.50e-01	6.66e-02	1.86e-03	0.00e+00	0.00e+00	2.05e-09	1.07e-09	3.50e-10
 1.80672e+16	5.04e-09	3.25e-05	3.88e-02	4.66e-01	4.33e-01	5.98e-02	1.56e-03	0.00e+00	0.00e+00	2.93e-09	1.54e-09	5.01e-10
 1.83514e+16	6.20e-09	3.87e-05	4.49e-02	4.85e-01	4.16e-01	5.38e-02	1.31e-03	0.00e+00	0.00e+00	3.61e-09	1.89e-09	6.17e-10
 1.85911e+16	8.05e-09	4.70e-05	5.12e-02	5.00e-01	3.99e-01	4.87e-02	1.12e-03	0.00e+00	0.00e+00	4.68e-09	2.46e-09	8.01e-10
 1.88086e+16	1.04e-08	5.67e-05	5.80e-02	5.14e-01	3.83e-01	4.42e-02	9.63e-04	0.00e+00	0.00e+00	6.04e-09	3.17e-09	1.03e-09
 1.90195e+16	1.34e-08	6.85e-05	6.59e-02	5.27e-01	3.66e-01	4.00e-02	8.25e-04	0.00e+00	0.00e+00	7.79e-09	4.09e-09	1.33e-09
 1.92277e+16	1.84e-08	8.58e-05	7.52e-02	5.39e-01	3.49e-01	3.59e-02	6.99e-04	0.00e+00	0.00e+00	1.07e-08	5.63e-09	1.84e-09
 1.94243e+16	2.26e-08	1.01e-04	8.53e-02	5.50e-01	3.31e-01	3.23e-02	5.98e-04	0.00e+00	0.00e+00	1.31e-08	6.90e-09	2.25e-09
 1.96393e+16	3.00e-08	1.25e-04	9.89e-02	5.61e-01	3.11e-01	2.85e-02	4.95e-04	0.00e+00	0.00e+00	1.75e-08	9.17e-09	2.99e-09
 1.98598e+16	4.12e-08	1.58e-04	1.16e-01	5.71e-01	2.88e-01	2.47e-02	4.03e-04	0.00e+00	0.00e+00	2.40e-08	1.26e-08	4.11e-09
 2.00334e+16	5.89e-08	2.02e-04	1.33e-01	5.76e-01	2.70e-01	2.18e-02	3.35e-04	0.00e+00	0.00e+00	3.42e-08	1.80e-08	5.88e-09
 2.01707e+16	7.04e-08	2.33e-04	1.48e-01	5.79e-01	2.54e-01	1.96e-02	2.89e-04	0.00e+00	0.00e+00	4.09e-08	2.15e-08	7.03e-09
 2.03152e+16	9.60e-08	2.90e-04	1.67e-01	5.79e-01	2.36e-01	1.72e-02	2.41e-04	0.00e+00	0.00e+00	5.58e-08	2.93e-08	9.59e-09
 2.04713e+16	1.31e-07	3.62e-04	1.92e-01	5.77e-01	2.16e-01	1.48e-02	1.96e-04	0.00e+00	0.00e+00	7.62e-08	4.00e-08	1.31e-08
 2.06060e+16	1.65e-07	4.32e-04	2.16e-01	5.73e-01	1.98e-01	1.29e-02	1.62e-04	0.00e+00	0.00e+00	9.59e-08	5.04e-08	1.65e-08
 2.07238e+16	1.98e-07	4.99e-04	2.41e-01	5.66e-01	1.81e-01	1.13e-02	1.36e-04	0.00e+00	0.00e+00	1.15e-07	6.07e-08	1.99e-08
 2.08559e+16	2.87e-07	6.44e-04	2.75e-01	5.53e-01	1.61e-01	9.38e-03	1.06e-04	0.00e+00	0.00e+00	1.67e-07	8.79e-08	2.88e-08
 2.09770e+16	3.64e-07	7.69e-04	3.10e-01	5.38e-01	1.43e-01	7.88e-03	8.44e-05	0.00e+00	0.00e+00	2.12e-07	1.11e-07	3.65e-08
 2.10646e+16	4.48e-07	8.92e-04	3.39e-01	5.24e-01	1.30e-01	6.80e-03	6.98e-05	0.00e+00	0.00e+00	2.61e-07	1.37e-07	4.50e-08
 2.11363e+16	5.30e-07	1.01e-03	3.64e-01	5.10e-01	1.19e-01	5.98e-03	5.91e-05	0.00e+00	0.00e+00	3.09e-07	1.62e-07	5.33e-08
 2.11950e+16	6.13e-07	1.12e-03	3.87e-01	4.96e-01	1.10e-01	5.33e-03	5.10e-05	0.00e+00	0.00e+00	3.56e-07	1.88e-07	6.16e-08
 2.12596e+16	6.93e-07	1.22e-03	4.14e-01	4.81e-01	9.95e-02	4.65e-03	4.30e-05	0.00e+00	0.00e+00	4.03e-07	2.12e-07	6.97e-08
 2.13436e+16	9.05e-07	1.46e-03	4.53e-01	4.56e-01	8.63e-02	3.79e-03	3.31e-05	0.00e+00	0.00e+00	5.26e-07	2.77e-07	9.11e-08
 2.14182e+16	1.03e-06	1.61e-03	4.86e-01	4.33e-01	7.56e-02	3.17e-03	2.66e-05	0.00e+00	0.00e+00	5.97e-07	3.15e-07	1.03e-07
 2.14806e+16	1.27e-06	1.86e-03	5.19e-01	4.10e-01	6.63e-02	2.64e-03	2.11e-05	0.00e+00	0.00e+00	7.38e-07	3.89e-07	1.28e-07
 2.15416e+16	1.49e-06	2.07e-03	5.50e-01	3.87e-01	5.81e-02	2.20e-03	1.68e-05	0.00e+00	0.00e+00	8.64e-07	4.56e-07	1.50e-07
 2.15911e+16	1.67e-06	2.24e-03	5.76e-01	3.68e-01	5.17e-02	1.88e-03	1.39e-05	0.00e+00	0.00e+00	9.74e-07	5.14e-07	1.69e-07
 2.16457e+16	1.95e-06	2.48e-03	6.06e-01	3.45e-01	4.47e-02	1.55e-03	1.09e-05	0.00e+00	0.00e+00	1.13e-06	5.97e-07	1.97e-07
 2.17067e+16	2.27e-06	2.74e-03	6.39e-01	3.20e-01	3.78e-02	1.24e-03	8.27e-06	0.00e+00	0.00e+00	1.32e-06	6.96e-07	2.30e-07
 2.17646e+16	2.62e-06	3.02e-03	6.69e-01	2.95e-01	3.19e-02	9.81e-04	6.25e-06	0.00e+00	0.00e+00	1.53e-06	8.06e-07	2.66e-07
