#depth	He	He+	He+2
 1.49634e+10	3.57e-23	4.20e-12	1.00e+00
 4.54887e+10	3.96e-23	4.55e-12	1.00e+00
 7.72350e+10	4.39e-23	4.92e-12	1.00e+00
 1.10251e+11	4.87e-23	5.33e-12	1.00e+00
 1.44588e+11	5.40e-23	5.77e-12	1.00e+00
 1.80298e+11	5.99e-23	6.25e-12	1.00e+00
 2.17437e+11	6.66e-23	6.77e-12	1.00e+00
 2.56061e+11	7.41e-23	7.33e-12	1.00e+00
 2.96231e+11	8.25e-23	7.94e-12	1.00e+00
 3.38007e+11	9.20e-23	8.61e-12	1.00e+00
 3.81454e+11	1.03e-22	9.33e-12	1.00e+00
 4.26639e+11	1.15e-22	1.01e-11	1.00e+00
 4.73631e+11	1.28e-22	1.10e-11	1.00e+00
 5.22503e+11	1.44e-22	1.19e-11	1.00e+00
 5.73330e+11	1.61e-22	1.29e-11	1.00e+00
 6.26190e+11	1.81e-22	1.40e-11	1.00e+00
 6.81164e+11	2.03e-22	1.52e-11	1.00e+00
 7.32946e+11	2.27e-22	1.64e-11	1.00e+00
 7.79363e+11	2.49e-22	1.75e-11	1.00e+00
 8.31482e+11	2.76e-22	1.87e-11	1.00e+00
 8.93123e+11	3.11e-22	2.03e-11	1.00e+00
 9.54584e+11	3.49e-22	2.20e-11	1.00e+00
 1.01214e+12	3.88e-22	2.36e-11	1.00e+00
 1.07619e+12	4.35e-22	2.55e-11	1.00e+00
 1.14917e+12	4.94e-22	2.77e-11	1.00e+00
 1.22148e+12	5.58e-22	3.00e-11	1.00e+00
 1.29054e+12	6.25e-22	3.24e-11	1.00e+00
 1.36595e+12	7.05e-22	3.50e-11	1.00e+00
 1.45051e+12	8.04e-22	3.82e-11	1.00e+00
 1.53473e+12	9.13e-22	4.15e-11	1.00e+00
 1.62232e+12	1.04e-21	4.51e-11	1.00e+00
 1.71714e+12	1.19e-21	4.92e-11	1.00e+00
 1.81344e+12	1.35e-21	5.36e-11	1.00e+00
 1.91360e+12	1.54e-21	5.85e-11	1.00e+00
 2.02007e+12	1.77e-21	6.39e-11	1.00e+00
 2.13080e+12	2.03e-21	6.98e-11	1.00e+00
 2.24596e+12	2.33e-21	7.64e-11	1.00e+00
 2.36573e+12	2.68e-21	8.36e-11	1.00e+00
 2.49028e+12	3.07e-21	9.15e-11	1.00e+00
 2.61982e+12	3.53e-21	1.00e-10	1.00e+00
 2.75454e+12	4.05e-21	1.10e-10	1.00e+00
 2.88500e+12	4.62e-21	1.20e-10	1.00e+00
 3.00743e+12	5.19e-21	1.29e-10	1.00e+00
 3.14442e+12	5.88e-21	1.41e-10	1.00e+00
 3.30012e+12	6.76e-21	1.55e-10	1.00e+00
 3.45261e+12	7.71e-21	1.69e-10	1.00e+00
 3.59872e+12	8.69e-21	1.83e-10	1.00e+00
 3.76012e+12	9.87e-21	2.00e-10	1.00e+00
 3.94045e+12	1.13e-20	2.20e-10	1.00e+00
 4.12215e+12	1.29e-20	2.41e-10	1.00e+00
 4.31111e+12	1.48e-20	2.65e-10	1.00e+00
 4.51349e+12	1.69e-20	2.92e-10	1.00e+00
 4.72395e+12	1.94e-20	3.21e-10	1.00e+00
 4.91748e+12	2.18e-20	3.50e-10	1.00e+00
 5.08373e+12	2.41e-20	3.76e-10	1.00e+00
 5.26777e+12	2.67e-20	4.06e-10	1.00e+00
 5.49419e+12	3.04e-20	4.45e-10	1.00e+00
 5.72608e+12	3.44e-20	4.88e-10	1.00e+00
 5.93621e+12	3.84e-20	5.29e-10	1.00e+00
 6.16770e+12	4.29e-20	5.76e-10	1.00e+00
 6.43947e+12	4.88e-20	6.35e-10	1.00e+00
 6.70762e+12	5.51e-20	6.97e-10	1.00e+00
 6.95839e+12	6.15e-20	7.58e-10	1.00e+00
 7.23854e+12	6.90e-20	8.30e-10	1.00e+00
 7.55801e+12	7.85e-20	9.18e-10	1.00e+00
 7.87575e+12	8.88e-20	1.01e-09	1.00e+00
 8.20619e+12	1.01e-19	1.11e-09	1.00e+00
 8.56436e+12	1.15e-19	1.23e-09	1.00e+00
 8.93687e+12	1.31e-19	1.36e-09	1.00e+00
 9.32427e+12	1.49e-19	1.51e-09	1.00e+00
 9.72716e+12	1.71e-19	1.67e-09	1.00e+00
 1.01462e+13	1.97e-19	1.85e-09	1.00e+00
 1.05820e+13	2.28e-19	2.04e-09	1.00e+00
 1.10352e+13	2.64e-19	2.26e-09	1.00e+00
 1.14920e+13	3.06e-19	2.49e-09	1.00e+00
 1.19671e+13	3.56e-19	2.75e-09	1.00e+00
 1.24442e+13	4.14e-19	3.02e-09	1.00e+00
 1.28914e+13	4.75e-19	3.29e-09	1.00e+00
 1.33878e+13	5.53e-19	3.61e-09	1.00e+00
 1.39397e+13	6.53e-19	3.97e-09	1.00e+00
 1.44419e+13	7.57e-19	4.33e-09	1.00e+00
 1.48911e+13	8.61e-19	4.65e-09	1.00e+00
 1.54007e+13	9.94e-19	5.04e-09	1.00e+00
 1.60176e+13	1.18e-18	5.53e-09	1.00e+00
 1.66451e+13	1.39e-18	6.06e-09	1.00e+00
 1.72273e+13	1.62e-18	6.57e-09	1.00e+00
 1.78757e+13	1.90e-18	7.16e-09	1.00e+00
 1.85445e+13	2.24e-18	7.80e-09	1.00e+00
 1.91027e+13	2.55e-18	8.35e-09	1.00e+00
 1.96883e+13	2.91e-18	8.94e-09	1.00e+00
 2.04346e+13	3.43e-18	9.74e-09	1.00e+00
 2.12058e+13	4.04e-18	1.06e-08	1.00e+00
 2.18716e+13	4.63e-18	1.14e-08	1.00e+00
 2.25846e+13	5.32e-18	1.22e-08	1.00e+00
 2.34624e+13	6.28e-18	1.33e-08	1.00e+00
 2.43594e+13	7.40e-18	1.44e-08	1.00e+00
 2.51705e+13	8.50e-18	1.55e-08	1.00e+00
 2.60649e+13	9.88e-18	1.67e-08	1.00e+00
 2.71168e+13	1.17e-17	1.82e-08	1.00e+00
 2.81670e+13	1.38e-17	1.98e-08	1.00e+00
 2.91733e+13	1.60e-17	2.13e-08	1.00e+00
 3.02843e+13	1.87e-17	2.30e-08	1.00e+00
 3.15256e+13	2.21e-17	2.51e-08	1.00e+00
 3.28166e+13	2.61e-17	2.73e-08	1.00e+00
 3.41592e+13	3.08e-17	2.96e-08	1.00e+00
 3.55555e+13	3.64e-17	3.22e-08	1.00e+00
 3.69528e+13	4.26e-17	3.49e-08	1.00e+00
 3.84060e+13	4.98e-17	3.77e-08	1.00e+00
 3.99721e+13	5.86e-17	4.09e-08	1.00e+00
 4.16009e+13	6.89e-17	4.44e-08	1.00e+00
 4.32949e+13	8.09e-17	4.81e-08	1.00e+00
 4.50566e+13	9.51e-17	5.22e-08	1.00e+00
 4.67102e+13	1.10e-16	5.61e-08	1.00e+00
 4.81992e+13	1.25e-16	5.98e-08	1.00e+00
 4.98861e+13	1.43e-16	6.41e-08	1.00e+00
 5.18713e+13	1.67e-16	6.93e-08	1.00e+00
 5.38713e+13	1.95e-16	7.48e-08	1.00e+00
 5.59512e+13	2.27e-16	8.08e-08	1.00e+00
 5.82192e+13	2.66e-16	8.75e-08	1.00e+00
 6.05263e+13	3.11e-16	9.46e-08	1.00e+00
 6.29257e+13	3.63e-16	1.02e-07	1.00e+00
 6.54727e+13	4.26e-16	1.11e-07	1.00e+00
 6.81215e+13	4.99e-16	1.20e-07	1.00e+00
 7.08763e+13	5.86e-16	1.30e-07	1.00e+00
 7.34473e+13	6.76e-16	1.40e-07	1.00e+00
 7.57169e+13	7.63e-16	1.49e-07	1.00e+00
 7.82537e+13	8.71e-16	1.59e-07	1.00e+00
 8.12962e+13	1.02e-15	1.72e-07	1.00e+00
 8.43456e+13	1.18e-15	1.85e-07	1.00e+00
 8.71437e+13	1.34e-15	1.98e-07	1.00e+00
 9.02658e+13	1.55e-15	2.12e-07	1.00e+00
 9.38861e+13	1.82e-15	2.30e-07	1.00e+00
 9.74151e+13	2.10e-15	2.48e-07	1.00e+00
 1.00737e+14	2.40e-15	2.65e-07	1.00e+00
 1.04449e+14	2.78e-15	2.85e-07	1.00e+00
 1.08657e+14	3.26e-15	3.09e-07	1.00e+00
 1.12845e+14	3.79e-15	3.33e-07	1.00e+00
 1.17201e+14	4.41e-15	3.60e-07	1.00e+00
 1.21919e+14	5.15e-15	3.90e-07	1.00e+00
 1.26826e+14	6.05e-15	4.22e-07	1.00e+00
 1.31929e+14	7.06e-15	4.57e-07	1.00e+00
 1.37236e+14	8.25e-15	4.95e-07	1.00e+00
 1.42614e+14	9.61e-15	5.35e-07	1.00e+00
 1.47765e+14	1.11e-14	5.74e-07	1.00e+00
 1.53263e+14	1.28e-14	6.18e-07	1.00e+00
 1.59424e+14	1.49e-14	6.69e-07	1.00e+00
 1.65517e+14	1.73e-14	7.22e-07	1.00e+00
 1.71855e+14	2.00e-14	7.78e-07	1.00e+00
 1.78759e+14	2.34e-14	8.43e-07	1.00e+00
 1.85123e+14	2.68e-14	9.03e-07	1.00e+00
 1.90664e+14	3.01e-14	9.59e-07	1.00e+00
 1.96866e+14	3.40e-14	1.02e-06	1.00e+00
 2.04394e+14	3.94e-14	1.10e-06	1.00e+00
 2.12129e+14	4.55e-14	1.19e-06	1.00e+00
 2.19396e+14	5.19e-14	1.27e-06	1.00e+00
 2.26395e+14	5.86e-14	1.35e-06	1.00e+00
 2.34320e+14	6.70e-14	1.45e-06	1.00e+00
 2.43092e+14	7.72e-14	1.56e-06	1.00e+00
 2.51248e+14	8.78e-14	1.67e-06	1.00e+00
 2.60131e+14	1.00e-13	1.79e-06	1.00e+00
 2.70029e+14	1.16e-13	1.93e-06	1.00e+00
 2.79288e+14	1.32e-13	2.07e-06	1.00e+00
 2.89359e+14	1.52e-13	2.22e-06	1.00e+00
 3.00565e+14	1.76e-13	2.40e-06	1.00e+00
 3.11130e+14	2.01e-13	2.58e-06	1.00e+00
 3.22518e+14	2.31e-13	2.78e-06	1.00e+00
 3.35177e+14	2.68e-13	3.01e-06	1.00e+00
 3.47371e+14	3.09e-13	3.24e-06	1.00e+00
 3.60323e+14	3.56e-13	3.50e-06	1.00e+00
 3.74766e+14	4.15e-13	3.80e-06	1.00e+00
 3.89220e+14	4.81e-13	4.12e-06	1.00e+00
 4.04252e+14	5.58e-13	4.46e-06	1.00e+00
 4.20452e+14	6.51e-13	4.85e-06	1.00e+00
 4.37300e+14	7.59e-13	5.27e-06	1.00e+00
 4.54822e+14	8.86e-13	5.74e-06	1.00e+00
 4.73045e+14	1.03e-12	6.24e-06	1.00e+00
 4.90552e+14	1.19e-12	6.75e-06	1.00e+00
 5.05268e+14	1.34e-12	7.20e-06	1.00e+00
 5.20216e+14	1.50e-12	7.67e-06	1.00e+00
 5.39252e+14	1.73e-12	8.30e-06	1.00e+00
 5.58743e+14	1.99e-12	8.97e-06	1.00e+00
 5.75386e+14	2.24e-12	9.56e-06	1.00e+00
 5.93189e+14	2.52e-12	1.02e-05	1.00e+00
 6.15331e+14	2.91e-12	1.11e-05	1.00e+00
 6.38128e+14	3.36e-12	1.20e-05	1.00e+00
 6.58130e+14	3.79e-12	1.29e-05	1.00e+00
 6.79483e+14	4.31e-12	1.38e-05	1.00e+00
 7.05398e+14	4.99e-12	1.50e-05	1.00e+00
 7.31007e+14	5.74e-12	1.63e-05	1.00e+00
 7.53468e+14	6.47e-12	1.74e-05	1.00e+00
 7.78075e+14	7.33e-12	1.87e-05	1.00e+00
 8.07837e+14	8.48e-12	2.04e-05	1.00e+00
 8.37495e+14	9.76e-12	2.20e-05	1.00e+00
 8.64051e+14	1.10e-11	2.36e-05	1.00e+00
 8.93384e+14	1.26e-11	2.55e-05	1.00e+00
 9.28177e+14	1.46e-11	2.78e-05	1.00e+00
 9.62504e+14	1.67e-11	3.01e-05	1.00e+00
 9.94028e+14	1.90e-11	3.24e-05	1.00e+00
 1.02948e+15	2.17e-11	3.50e-05	1.00e+00
 1.07052e+15	2.53e-11	3.82e-05	1.00e+00
 1.11057e+15	2.91e-11	4.15e-05	1.00e+00
 1.15223e+15	3.37e-11	4.51e-05	1.00e+00
 1.19835e+15	3.90e-11	4.92e-05	1.00e+00
 1.24476e+15	4.54e-11	5.37e-05	1.00e+00
 1.29303e+15	5.22e-11	5.83e-05	1.00e+00
 1.34478e+15	6.11e-11	6.38e-05	1.00e+00
 1.39860e+15	7.05e-11	6.95e-05	1.00e+00
 1.44533e+15	8.02e-11	7.49e-05	1.00e+00
 1.48135e+15	8.83e-11	7.91e-05	1.00e+00
 1.51982e+15	9.75e-11	8.38e-05	1.00e+00
 1.56983e+15	1.10e-10	9.01e-05	1.00e+00
 1.62413e+15	1.25e-10	9.70e-05	1.00e+00
 1.67374e+15	1.41e-10	1.04e-04	1.00e+00
 1.72796e+15	1.59e-10	1.11e-04	1.00e+00
 1.79380e+15	1.84e-10	1.21e-04	1.00e+00
 1.85911e+15	2.10e-10	1.31e-04	1.00e+00
 1.91654e+15	2.36e-10	1.40e-04	1.00e+00
 1.97934e+15	2.65e-10	1.50e-04	1.00e+00
 2.05515e+15	3.08e-10	1.63e-04	1.00e+00
 2.13076e+15	3.53e-10	1.77e-04	1.00e+00
 2.19871e+15	3.95e-10	1.89e-04	1.00e+00
 2.27382e+15	4.48e-10	2.04e-04	1.00e+00
 2.36261e+15	5.24e-10	2.22e-04	1.00e+00
 2.45030e+15	6.02e-10	2.40e-04	1.00e+00
 2.53128e+15	6.81e-10	2.58e-04	1.00e+00
 2.62235e+15	7.79e-10	2.78e-04	1.00e+00
 2.72727e+15	8.91e-10	3.03e-04	1.00e+00
 2.83033e+15	1.04e-09	3.28e-04	1.00e+00
 2.92926e+15	1.19e-09	3.54e-04	1.00e+00
 3.03821e+15	1.36e-09	3.82e-04	1.00e+00
 3.15976e+15	1.56e-09	4.16e-04	1.00e+00
 3.28619e+15	1.84e-09	4.53e-04	1.00e+00
 3.41766e+15	2.14e-09	4.93e-04	1.00e+00
 3.55440e+15	2.48e-09	5.36e-04	9.99e-01
 3.67336e+15	2.82e-09	5.75e-04	9.99e-01
 3.76558e+15	3.11e-09	6.07e-04	9.99e-01
 3.86443e+15	3.44e-09	6.41e-04	9.99e-01
 3.99292e+15	3.85e-09	6.87e-04	9.99e-01
 4.13289e+15	4.47e-09	7.40e-04	9.99e-01
 4.25954e+15	5.00e-09	7.89e-04	9.99e-01
 4.39595e+15	5.60e-09	8.44e-04	9.99e-01
 4.56254e+15	6.58e-09	9.15e-04	9.99e-01
 4.72732e+15	7.53e-09	9.86e-04	9.99e-01
 4.87071e+15	8.39e-09	1.05e-03	9.99e-01
 5.02727e+15	9.50e-09	1.12e-03	9.99e-01
 5.21809e+15	1.12e-08	1.22e-03	9.99e-01
 5.40799e+15	1.28e-08	1.32e-03	9.99e-01
 5.57595e+15	1.44e-08	1.40e-03	9.99e-01
 5.76087e+15	1.64e-08	1.51e-03	9.98e-01
 5.98271e+15	1.94e-08	1.64e-03	9.98e-01
 6.20179e+15	2.23e-08	1.77e-03	9.98e-01
 6.39975e+15	2.50e-08	1.89e-03	9.98e-01
 6.62101e+15	2.88e-08	2.04e-03	9.98e-01
 6.86988e+15	3.41e-08	2.22e-03	9.98e-01
 7.10907e+15	3.93e-08	2.39e-03	9.98e-01
 7.33172e+15	4.47e-08	2.56e-03	9.97e-01
 7.57842e+15	5.14e-08	2.76e-03	9.97e-01
 7.85233e+15	5.93e-08	2.99e-03	9.97e-01
 8.10914e+15	6.72e-08	3.22e-03	9.97e-01
 8.39055e+15	7.93e-08	3.49e-03	9.97e-01
 8.69699e+15	9.21e-08	3.79e-03	9.96e-01
 8.95277e+15	1.04e-07	4.06e-03	9.96e-01
 9.20207e+15	1.17e-07	4.34e-03	9.96e-01
 9.48048e+15	1.34e-07	4.67e-03	9.95e-01
 9.74413e+15	1.54e-07	5.01e-03	9.95e-01
 9.98594e+15	1.72e-07	5.33e-03	9.95e-01
 1.02520e+16	1.94e-07	5.71e-03	9.94e-01
 1.05978e+16	2.29e-07	6.25e-03	9.94e-01
 1.09438e+16	2.66e-07	6.80e-03	9.93e-01
 1.12175e+16	2.97e-07	7.29e-03	9.93e-01
 1.15006e+16	3.38e-07	7.85e-03	9.92e-01
 1.18686e+16	4.06e-07	8.65e-03	9.91e-01
 1.22287e+16	4.73e-07	9.47e-03	9.91e-01
 1.25015e+16	5.29e-07	1.02e-02	9.90e-01
 1.27794e+16	6.01e-07	1.10e-02	9.89e-01
 1.31406e+16	7.28e-07	1.22e-02	9.88e-01
 1.34964e+16	8.56e-07	1.34e-02	9.87e-01
 1.37682e+16	9.74e-07	1.45e-02	9.85e-01
 1.40449e+16	1.12e-06	1.58e-02	9.84e-01
 1.43548e+16	1.28e-06	1.74e-02	9.83e-01
 1.46473e+16	1.53e-06	1.92e-02	9.81e-01
 1.49090e+16	1.75e-06	2.10e-02	9.79e-01
 1.51915e+16	2.09e-06	2.34e-02	9.77e-01
 1.54892e+16	2.48e-06	2.62e-02	9.74e-01
 1.57405e+16	2.83e-06	2.90e-02	9.71e-01
 1.59664e+16	3.30e-06	3.20e-02	9.68e-01
 1.61720e+16	3.89e-06	3.52e-02	9.65e-01
 1.63350e+16	4.37e-06	3.81e-02	9.62e-01
 1.64961e+16	4.96e-06	4.15e-02	9.58e-01
 1.67056e+16	5.85e-06	4.66e-02	9.53e-01
 1.69344e+16	7.20e-06	5.34e-02	9.47e-01
 1.71312e+16	8.56e-06	6.07e-02	9.39e-01
 1.72953e+16	9.95e-06	6.81e-02	9.32e-01
 1.74744e+16	1.24e-05	7.84e-02	9.22e-01
 1.76554e+16	1.53e-05	9.11e-02	9.09e-01
 1.77976e+16	1.83e-05	1.04e-01	8.96e-01
 1.79181e+16	2.15e-05	1.17e-01	8.83e-01
 1.80515e+16	2.65e-05	1.35e-01	8.65e-01
 1.81895e+16	3.29e-05	1.59e-01	8.41e-01
 1.83000e+16	3.95e-05	1.83e-01	8.17e-01
 1.83921e+16	4.68e-05	2.08e-01	7.92e-01
 1.84662e+16	5.39e-05	2.30e-01	7.69e-01
 1.85215e+16	6.02e-05	2.50e-01	7.50e-01
 1.85795e+16	6.72e-05	2.74e-01	7.26e-01
 1.86549e+16	7.95e-05	3.08e-01	6.91e-01
 1.87248e+16	9.19e-05	3.44e-01	6.56e-01
 1.87746e+16	1.02e-04	3.74e-01	6.26e-01
 1.88262e+16	1.15e-04	4.07e-01	5.93e-01
 1.88822e+16	1.30e-04	4.45e-01	5.55e-01
 1.89437e+16	1.48e-04	4.90e-01	5.10e-01
 1.90100e+16	1.70e-04	5.41e-01	4.59e-01
 1.90692e+16	1.90e-04	5.87e-01	4.13e-01
 1.91330e+16	2.14e-04	6.38e-01	3.62e-01
 1.92045e+16	2.41e-04	6.91e-01	3.08e-01
 1.92746e+16	2.68e-04	7.40e-01	2.60e-01
 1.93542e+16	2.97e-04	7.89e-01	2.11e-01
 1.94577e+16	3.32e-04	8.41e-01	1.58e-01
 1.95741e+16	3.65e-04	8.85e-01	1.15e-01
 1.97071e+16	3.97e-04	9.20e-01	7.93e-02
 1.98800e+16	4.31e-04	9.49e-01	5.02e-02
 2.01047e+16	4.67e-04	9.70e-01	2.91e-02
 2.03970e+16	5.06e-04	9.84e-01	1.54e-02
 2.07243e+16	5.47e-04	9.91e-01	8.27e-03
 2.10315e+16	5.87e-04	9.94e-01	4.96e-03
 2.13107e+16	6.26e-04	9.96e-01	3.25e-03
 2.15770e+16	6.67e-04	9.97e-01	2.24e-03
 2.18397e+16	7.15e-04	9.98e-01	1.59e-03
 2.20938e+16	7.65e-04	9.98e-01	1.17e-03
 2.22800e+16	8.08e-04	9.98e-01	9.62e-04
 2.23854e+16	8.35e-04	9.98e-01	8.60e-04
 2.24835e+16	8.61e-04	9.98e-01	7.68e-04
 2.26109e+16	8.99e-04	9.98e-01	6.66e-04
 2.27525e+16	9.44e-04	9.98e-01	5.75e-04
 2.28800e+16	9.90e-04	9.99e-01	5.05e-04
 2.29903e+16	1.03e-03	9.99e-01	4.53e-04
 2.31104e+16	1.08e-03	9.99e-01	4.01e-04
 2.32398e+16	1.15e-03	9.98e-01	3.54e-04
 2.33413e+16	1.20e-03	9.98e-01	3.23e-04
 2.34135e+16	1.24e-03	9.98e-01	3.03e-04
 2.34881e+16	1.28e-03	9.98e-01	2.82e-04
 2.35850e+16	1.35e-03	9.98e-01	2.57e-04
 2.36832e+16	1.42e-03	9.98e-01	2.36e-04
 2.37587e+16	1.48e-03	9.98e-01	2.21e-04
 2.38220e+16	1.53e-03	9.98e-01	2.09e-04
 2.38935e+16	1.60e-03	9.98e-01	1.96e-04
 2.39730e+16	1.68e-03	9.98e-01	1.83e-04
 2.40449e+16	1.76e-03	9.98e-01	1.72e-04
 2.41073e+16	1.83e-03	9.98e-01	1.63e-04
 2.41753e+16	1.93e-03	9.98e-01	1.54e-04
 2.42490e+16	2.03e-03	9.98e-01	1.45e-04
 2.43126e+16	2.13e-03	9.98e-01	1.37e-04
 2.43676e+16	2.22e-03	9.98e-01	1.31e-04
 2.44288e+16	2.34e-03	9.98e-01	1.24e-04
 2.44949e+16	2.48e-03	9.97e-01	1.18e-04
 2.45527e+16	2.61e-03	9.97e-01	1.13e-04
 2.46032e+16	2.73e-03	9.97e-01	1.08e-04
 2.46591e+16	2.89e-03	9.97e-01	1.03e-04
 2.47196e+16	3.07e-03	9.97e-01	9.84e-05
 2.47726e+16	3.25e-03	9.97e-01	9.44e-05
 2.48194e+16	3.42e-03	9.96e-01	9.11e-05
 2.48718e+16	3.64e-03	9.96e-01	8.72e-05
 2.49289e+16	3.90e-03	9.96e-01	8.35e-05
 2.49793e+16	4.17e-03	9.96e-01	8.03e-05
 2.50244e+16	4.44e-03	9.95e-01	7.74e-05
 2.50751e+16	4.77e-03	9.95e-01	7.43e-05
 2.51312e+16	5.20e-03	9.95e-01	7.12e-05
 2.51827e+16	5.66e-03	9.94e-01	6.85e-05
 2.52292e+16	6.13e-03	9.94e-01	6.63e-05
 2.52738e+16	6.66e-03	9.93e-01	6.40e-05
 2.53249e+16	7.37e-03	9.93e-01	6.15e-05
 2.53779e+16	8.25e-03	9.92e-01	5.92e-05
 2.54178e+16	9.06e-03	9.91e-01	5.77e-05
 2.54471e+16	9.73e-03	9.90e-01	5.67e-05
 2.54781e+16	1.06e-02	9.89e-01	5.54e-05
 2.55183e+16	1.18e-02	9.88e-01	5.40e-05
 2.55578e+16	1.33e-02	9.87e-01	5.27e-05
 2.55862e+16	1.46e-02	9.85e-01	5.17e-05
 2.56084e+16	1.58e-02	9.84e-01	5.12e-05
 2.56326e+16	1.73e-02	9.83e-01	5.03e-05
 2.56641e+16	1.95e-02	9.80e-01	4.97e-05
 2.56955e+16	2.22e-02	9.78e-01	4.91e-05
 2.57186e+16	2.46e-02	9.75e-01	4.88e-05
 2.57371e+16	2.69e-02	9.73e-01	4.85e-05
 2.57577e+16	2.98e-02	9.70e-01	4.84e-05
 2.57844e+16	3.44e-02	9.66e-01	4.83e-05
 2.58102e+16	3.98e-02	9.60e-01	4.85e-05
 2.58284e+16	4.45e-02	9.55e-01	4.87e-05
 2.58426e+16	4.87e-02	9.51e-01	4.92e-05
 2.58582e+16	5.40e-02	9.46e-01	4.97e-05
 2.58780e+16	6.19e-02	9.38e-01	5.04e-05
 2.58970e+16	7.09e-02	9.29e-01	5.15e-05
 2.59113e+16	7.92e-02	9.21e-01	5.23e-05
 2.59231e+16	8.67e-02	9.13e-01	5.33e-05
 2.59346e+16	9.50e-02	9.05e-01	5.43e-05
 2.59459e+16	1.04e-01	8.96e-01	5.53e-05
 2.59568e+16	1.14e-01	8.86e-01	5.64e-05
 2.59669e+16	1.25e-01	8.75e-01	5.77e-05
 2.59747e+16	1.33e-01	8.67e-01	5.86e-05
 2.59796e+16	1.39e-01	8.61e-01	5.92e-05
 2.59842e+16	1.45e-01	8.55e-01	5.97e-05
 2.59895e+16	1.52e-01	8.48e-01	6.04e-05
 2.59952e+16	1.60e-01	8.40e-01	6.12e-05
 2.60007e+16	1.68e-01	8.32e-01	6.20e-05
 2.60059e+16	1.76e-01	8.24e-01	6.29e-05
 2.60111e+16	1.85e-01	8.15e-01	6.35e-05
 2.60162e+16	1.94e-01	8.06e-01	6.44e-05
 2.60213e+16	2.03e-01	7.97e-01	6.52e-05
 2.60264e+16	2.13e-01	7.87e-01	6.59e-05
 2.60313e+16	2.23e-01	7.77e-01	6.67e-05
 2.60362e+16	2.33e-01	7.67e-01	6.76e-05
 2.60410e+16	2.44e-01	7.55e-01	6.82e-05
 2.60458e+16	2.56e-01	7.44e-01	6.92e-05
 2.60506e+16	2.67e-01	7.32e-01	6.98e-05
 2.60552e+16	2.79e-01	7.21e-01	7.07e-05
 2.60599e+16	2.92e-01	7.08e-01	7.14e-05
 2.60645e+16	3.05e-01	6.95e-01	7.20e-05
 2.60690e+16	3.18e-01	6.82e-01	7.27e-05
 2.60734e+16	3.31e-01	6.69e-01	7.33e-05
 2.60778e+16	3.45e-01	6.55e-01	7.40e-05
 2.60821e+16	3.59e-01	6.41e-01	7.46e-05
 2.60864e+16	3.73e-01	6.27e-01	7.51e-05
 2.60906e+16	3.87e-01	6.12e-01	7.56e-05
 2.60947e+16	4.02e-01	5.98e-01	7.61e-05
 2.60989e+16	4.17e-01	5.83e-01	7.66e-05
 2.61029e+16	4.32e-01	5.68e-01	7.68e-05
 2.61069e+16	4.47e-01	5.53e-01	7.72e-05
 2.61108e+16	4.62e-01	5.38e-01	7.74e-05
 2.61147e+16	4.77e-01	5.23e-01	7.76e-05
 2.61185e+16	4.92e-01	5.08e-01	7.80e-05
 2.61222e+16	5.07e-01	4.93e-01	7.81e-05
 2.61257e+16	5.21e-01	4.79e-01	7.82e-05
 2.61292e+16	5.36e-01	4.64e-01	7.82e-05
 2.61327e+16	5.50e-01	4.50e-01	7.82e-05
 2.61361e+16	5.64e-01	4.36e-01	7.79e-05
 2.61394e+16	5.78e-01	4.22e-01	7.78e-05
 2.61427e+16	5.91e-01	4.09e-01	7.76e-05
 2.61458e+16	6.04e-01	3.96e-01	7.73e-05
 2.61489e+16	6.17e-01	3.83e-01	7.70e-05
 2.61520e+16	6.29e-01	3.71e-01	7.67e-05
 2.61550e+16	6.42e-01	3.58e-01	7.63e-05
 2.61579e+16	6.53e-01	3.47e-01	7.59e-05
 2.61608e+16	6.65e-01	3.35e-01	7.55e-05
 2.61635e+16	6.76e-01	3.24e-01	7.50e-05
 2.61663e+16	6.87e-01	3.13e-01	7.45e-05
 2.61691e+16	6.97e-01	3.03e-01	7.40e-05
 2.61718e+16	7.08e-01	2.92e-01	7.34e-05
 2.61744e+16	7.18e-01	2.82e-01	7.28e-05
 2.61770e+16	7.27e-01	2.73e-01	7.21e-05
 2.61796e+16	7.37e-01	2.63e-01	7.15e-05
 2.61821e+16	7.46e-01	2.54e-01	7.09e-05
 2.61846e+16	7.54e-01	2.46e-01	7.02e-05
 2.61867e+16	7.62e-01	2.38e-01	6.95e-05
 2.61884e+16	7.67e-01	2.33e-01	6.89e-05
 2.61899e+16	7.73e-01	2.27e-01	6.84e-05
 2.61916e+16	7.78e-01	2.22e-01	6.77e-05
 2.61933e+16	7.84e-01	2.16e-01	6.71e-05
 2.61948e+16	7.89e-01	2.11e-01	6.66e-05
 2.61963e+16	7.94e-01	2.06e-01	6.60e-05
 2.61979e+16	7.99e-01	2.01e-01	6.54e-05
 2.61993e+16	8.03e-01	1.97e-01	6.49e-05
 2.62008e+16	8.08e-01	1.92e-01	6.43e-05
 2.62022e+16	8.12e-01	1.88e-01	6.37e-05
 2.62035e+16	8.16e-01	1.84e-01	6.32e-05
 2.62049e+16	8.20e-01	1.80e-01	6.26e-05
 2.62063e+16	8.24e-01	1.76e-01	6.20e-05
 2.62076e+16	8.28e-01	1.72e-01	6.14e-05
 2.62090e+16	8.32e-01	1.68e-01	6.09e-05
 2.62103e+16	8.35e-01	1.65e-01	6.03e-05
 2.62117e+16	8.39e-01	1.61e-01	5.97e-05
 2.62131e+16	8.43e-01	1.57e-01	5.91e-05
 2.62145e+16	8.47e-01	1.53e-01	5.84e-05
 2.62159e+16	8.50e-01	1.49e-01	5.77e-05
 2.62175e+16	8.54e-01	1.46e-01	5.71e-05
 2.62192e+16	8.59e-01	1.41e-01	5.63e-05
 2.62211e+16	8.63e-01	1.37e-01	5.54e-05
 2.62232e+16	8.68e-01	1.32e-01	5.45e-05
 2.62252e+16	8.73e-01	1.27e-01	5.36e-05
 2.62271e+16	8.77e-01	1.23e-01	5.26e-05
 2.62290e+16	8.82e-01	1.18e-01	5.16e-05
 2.62308e+16	8.85e-01	1.14e-01	5.06e-05
 2.62326e+16	8.89e-01	1.11e-01	4.96e-05
 2.62343e+16	8.93e-01	1.07e-01	4.86e-05
 2.62359e+16	8.96e-01	1.04e-01	4.76e-05
 2.62373e+16	8.99e-01	1.01e-01	4.67e-05
 2.62386e+16	9.02e-01	9.83e-02	4.59e-05
 2.62398e+16	9.04e-01	9.60e-02	4.51e-05
 2.62409e+16	9.06e-01	9.38e-02	4.44e-05
 2.62419e+16	9.08e-01	9.19e-02	4.37e-05
 2.62428e+16	9.10e-01	9.02e-02	4.31e-05
 2.62436e+16	9.11e-01	8.85e-02	4.24e-05
 2.62444e+16	9.13e-01	8.72e-02	4.19e-05
 2.62452e+16	9.14e-01	8.55e-02	4.13e-05
 2.62461e+16	9.16e-01	8.40e-02	4.08e-05
 2.62469e+16	9.17e-01	8.25e-02	4.02e-05
 2.62476e+16	9.19e-01	8.11e-02	3.96e-05
 2.62483e+16	9.20e-01	7.99e-02	3.91e-05
 2.62490e+16	9.21e-01	7.86e-02	3.86e-05
 2.62498e+16	9.23e-01	7.72e-02	3.80e-05
 2.62505e+16	9.24e-01	7.60e-02	3.75e-05
 2.62512e+16	9.25e-01	7.48e-02	3.70e-05
 2.62518e+16	9.26e-01	7.37e-02	3.65e-05
 2.62524e+16	9.27e-01	7.26e-02	3.60e-05
 2.62531e+16	9.29e-01	7.14e-02	3.55e-05
 2.62538e+16	9.30e-01	7.03e-02	3.50e-05
 2.62543e+16	9.31e-01	6.93e-02	3.46e-05
 2.62549e+16	9.32e-01	6.83e-02	3.41e-05
 2.62553e+16	9.32e-01	6.75e-02	3.37e-05
 2.62559e+16	9.33e-01	6.66e-02	3.33e-05
 2.62566e+16	9.35e-01	6.54e-02	3.27e-05
 2.62573e+16	9.36e-01	6.42e-02	3.21e-05
 2.62580e+16	9.37e-01	6.31e-02	3.16e-05
 2.62586e+16	9.38e-01	6.21e-02	3.11e-05
 2.62591e+16	9.39e-01	6.12e-02	3.06e-05
 2.62596e+16	9.40e-01	6.04e-02	3.02e-05
 2.62601e+16	9.40e-01	5.95e-02	2.98e-05
 2.62605e+16	9.41e-01	5.89e-02	2.94e-05
 2.62610e+16	9.42e-01	5.81e-02	2.91e-05
 2.62616e+16	9.43e-01	5.71e-02	2.86e-05
 2.62622e+16	9.44e-01	5.61e-02	2.80e-05
 2.62628e+16	9.45e-01	5.52e-02	2.76e-05
 2.62634e+16	9.46e-01	5.44e-02	2.72e-05
 2.62638e+16	9.46e-01	5.37e-02	2.68e-05
 2.62643e+16	9.47e-01	5.30e-02	2.65e-05
 2.62648e+16	9.48e-01	5.22e-02	2.61e-05
 2.62653e+16	9.48e-01	5.15e-02	2.57e-05
 2.62658e+16	9.49e-01	5.08e-02	2.53e-05
 2.62662e+16	9.50e-01	5.01e-02	2.49e-05
 2.62666e+16	9.50e-01	4.95e-02	2.46e-05
 2.62670e+16	9.51e-01	4.89e-02	2.43e-05
 2.62676e+16	9.52e-01	4.81e-02	2.39e-05
 2.62682e+16	9.53e-01	4.73e-02	2.35e-05
 2.62688e+16	9.53e-01	4.66e-02	2.32e-05
 2.62693e+16	9.54e-01	4.59e-02	2.29e-05
 2.62697e+16	9.55e-01	4.53e-02	2.25e-05
 2.62702e+16	9.55e-01	4.47e-02	2.22e-05
 2.62709e+16	9.56e-01	4.38e-02	2.18e-05
 2.62716e+16	9.57e-01	4.29e-02	2.14e-05
 2.62722e+16	9.58e-01	4.22e-02	2.10e-05
 2.62728e+16	9.58e-01	4.15e-02	2.07e-05
 2.62733e+16	9.59e-01	4.09e-02	2.04e-05
 2.62738e+16	9.60e-01	4.03e-02	2.01e-05
 2.62743e+16	9.60e-01	3.98e-02	1.99e-05
 2.62747e+16	9.61e-01	3.93e-02	1.96e-05
 2.62754e+16	9.61e-01	3.86e-02	1.93e-05
 2.62760e+16	9.62e-01	3.79e-02	1.89e-05
 2.62767e+16	9.63e-01	3.73e-02	1.86e-05
 2.62772e+16	9.63e-01	3.67e-02	1.83e-05
 2.62777e+16	9.64e-01	3.61e-02	1.81e-05
 2.62783e+16	9.64e-01	3.56e-02	1.78e-05
 2.62789e+16	9.65e-01	3.50e-02	1.75e-05
 2.62794e+16	9.66e-01	3.45e-02	1.72e-05
 2.62799e+16	9.66e-01	3.40e-02	1.70e-05
 2.62805e+16	9.66e-01	3.35e-02	1.68e-05
 2.62812e+16	9.67e-01	3.28e-02	1.65e-05
 2.62820e+16	9.68e-01	3.22e-02	1.62e-05
 2.62827e+16	9.68e-01	3.16e-02	1.59e-05
 2.62833e+16	9.69e-01	3.10e-02	1.56e-05
 2.62839e+16	9.69e-01	3.06e-02	1.54e-05
 2.62845e+16	9.70e-01	3.00e-02	1.52e-05
 2.62852e+16	9.70e-01	2.95e-02	1.49e-05
 2.62858e+16	9.71e-01	2.90e-02	1.47e-05
 2.62864e+16	9.71e-01	2.86e-02	1.45e-05
 2.62870e+16	9.72e-01	2.81e-02	1.42e-05
 2.62877e+16	9.72e-01	2.76e-02	1.40e-05
 2.62883e+16	9.73e-01	2.72e-02	1.38e-05
 2.62889e+16	9.73e-01	2.67e-02	1.36e-05
 2.62897e+16	9.74e-01	2.62e-02	1.34e-05
 2.62903e+16	9.74e-01	2.58e-02	1.31e-05
 2.62910e+16	9.75e-01	2.53e-02	1.29e-05
 2.62918e+16	9.75e-01	2.48e-02	1.27e-05
 2.62925e+16	9.76e-01	2.44e-02	1.25e-05
 2.62932e+16	9.76e-01	2.40e-02	1.23e-05
 2.62939e+16	9.76e-01	2.35e-02	1.21e-05
 2.62946e+16	9.77e-01	2.31e-02	1.19e-05
 2.62953e+16	9.77e-01	2.27e-02	1.17e-05
 2.62961e+16	9.78e-01	2.23e-02	1.15e-05
 2.62969e+16	9.78e-01	2.18e-02	1.13e-05
 2.62976e+16	9.79e-01	2.15e-02	1.11e-05
 2.62985e+16	9.79e-01	2.10e-02	1.09e-05
 2.62993e+16	9.79e-01	2.06e-02	1.07e-05
 2.63001e+16	9.80e-01	2.02e-02	1.06e-05
 2.63010e+16	9.80e-01	1.97e-02	1.03e-05
 2.63020e+16	9.81e-01	1.93e-02	1.02e-05
 2.63028e+16	9.81e-01	1.89e-02	9.98e-06
 2.63038e+16	9.81e-01	1.85e-02	9.77e-06
 2.63048e+16	9.82e-01	1.81e-02	9.57e-06
 2.63057e+16	9.82e-01	1.77e-02	9.40e-06
 2.63067e+16	9.83e-01	1.73e-02	9.19e-06
 2.63078e+16	9.83e-01	1.68e-02	9.00e-06
 2.63088e+16	9.84e-01	1.65e-02	8.83e-06
 2.63098e+16	9.84e-01	1.61e-02	8.67e-06
 2.63108e+16	9.84e-01	1.58e-02	8.49e-06
 2.63118e+16	9.85e-01	1.54e-02	8.32e-06
 2.63128e+16	9.85e-01	1.51e-02	8.17e-06
 2.63139e+16	9.85e-01	1.47e-02	7.99e-06
 2.63151e+16	9.86e-01	1.44e-02	7.82e-06
 2.63161e+16	9.86e-01	1.40e-02	7.67e-06
 2.63173e+16	9.86e-01	1.37e-02	7.50e-06
 2.63185e+16	9.87e-01	1.33e-02	7.33e-06
 2.63196e+16	9.87e-01	1.30e-02	7.19e-06
 2.63209e+16	9.87e-01	1.27e-02	7.02e-06
 2.63222e+16	9.88e-01	1.24e-02	6.86e-06
 2.63235e+16	9.88e-01	1.21e-02	6.71e-06
 2.63248e+16	9.88e-01	1.17e-02	6.55e-06
 2.63262e+16	9.89e-01	1.14e-02	6.39e-06
 2.63276e+16	9.89e-01	1.11e-02	6.25e-06
 2.63290e+16	9.89e-01	1.08e-02	6.09e-06
 2.63306e+16	9.89e-01	1.05e-02	5.94e-06
 2.63320e+16	9.90e-01	1.02e-02	5.81e-06
 2.63335e+16	9.90e-01	9.94e-03	5.65e-06
 2.63356e+16	9.90e-01	9.58e-03	5.47e-06
 2.63380e+16	9.91e-01	9.18e-03	5.27e-06
 2.63407e+16	9.91e-01	8.79e-03	5.07e-06
 2.63433e+16	9.92e-01	8.43e-03	4.88e-06
 2.63460e+16	9.92e-01	8.07e-03	4.69e-06
 2.63489e+16	9.92e-01	7.72e-03	4.51e-06
 2.63520e+16	9.93e-01	7.37e-03	4.32e-06
 2.63553e+16	9.93e-01	7.04e-03	4.14e-06
 2.63588e+16	9.93e-01	6.73e-03	3.96e-06
 2.63626e+16	9.94e-01	6.42e-03	3.79e-06
 2.63667e+16	9.94e-01	6.12e-03	3.63e-06
 2.63711e+16	9.94e-01	5.83e-03	3.46e-06
 2.63760e+16	9.94e-01	5.56e-03	3.30e-06
 2.63813e+16	9.95e-01	5.30e-03	3.15e-06
 2.63873e+16	9.95e-01	5.05e-03	3.01e-06
 2.63941e+16	9.95e-01	4.82e-03	2.87e-06
 2.64020e+16	9.95e-01	4.60e-03	2.73e-06
 2.64113e+16	9.96e-01	4.40e-03	2.60e-06
 2.64212e+16	9.96e-01	4.23e-03	2.50e-06
 2.64312e+16	9.96e-01	4.10e-03	2.41e-06
 2.64412e+16	9.96e-01	4.00e-03	2.34e-06
 2.64512e+16	9.96e-01	3.91e-03	2.27e-06
 2.64626e+16	9.96e-01	3.82e-03	2.20e-06
 2.64776e+16	9.96e-01	3.76e-03	2.16e-06
 2.64970e+16	9.96e-01	3.67e-03	2.09e-06
 2.65222e+16	9.96e-01	3.59e-03	2.01e-06
 2.65549e+16	9.97e-01	3.49e-03	1.92e-06
 2.65975e+16	9.97e-01	3.38e-03	1.81e-06
 2.66529e+16	9.97e-01	3.25e-03	1.68e-06
 2.67249e+16	9.97e-01	3.09e-03	1.53e-06
 2.68092e+16	9.97e-01	2.93e-03	1.38e-06
 2.68950e+16	9.97e-01	2.77e-03	1.25e-06
 2.69796e+16	9.97e-01	2.63e-03	1.13e-06
 2.70665e+16	9.97e-01	2.50e-03	1.02e-06
 2.71571e+16	9.98e-01	2.37e-03	9.15e-07
 2.72506e+16	9.98e-01	2.24e-03	8.22e-07
 2.73461e+16	9.98e-01	2.12e-03	7.37e-07
 2.74438e+16	9.98e-01	2.01e-03	6.60e-07
 2.75440e+16	9.98e-01	1.90e-03	5.90e-07
 2.76470e+16	9.98e-01	1.80e-03	5.26e-07
 2.77530e+16	9.98e-01	1.70e-03	4.69e-07
 2.78617e+16	9.98e-01	1.60e-03	4.17e-07
 2.79731e+16	9.98e-01	1.51e-03	3.70e-07
 2.80875e+16	9.99e-01	1.42e-03	3.28e-07
 2.82052e+16	9.99e-01	1.34e-03	2.90e-07
 2.83261e+16	9.99e-01	1.26e-03	2.55e-07
 2.84505e+16	9.99e-01	1.19e-03	2.25e-07
 2.85786e+16	9.99e-01	1.11e-03	1.97e-07
 2.87105e+16	9.99e-01	1.05e-03	1.72e-07
 2.88465e+16	9.99e-01	9.79e-04	1.51e-07
 2.89870e+16	9.99e-01	9.17e-04	1.31e-07
 2.91299e+16	9.99e-01	8.58e-04	1.14e-07
 2.92773e+16	9.99e-01	8.02e-04	9.88e-08
 2.94327e+16	9.99e-01	7.47e-04	8.50e-08
 2.95953e+16	9.99e-01	6.95e-04	7.28e-08
 2.97640e+16	9.99e-01	6.45e-04	6.20e-08
 2.99396e+16	9.99e-01	5.98e-04	5.26e-08
 3.01231e+16	9.99e-01	5.52e-04	4.44e-08
 3.03149e+16	9.99e-01	5.09e-04	3.72e-08
 3.05164e+16	1.00e+00	4.67e-04	3.09e-08
 3.07303e+16	1.00e+00	4.28e-04	2.55e-08
 3.09557e+16	1.00e+00	3.90e-04	2.08e-08
 3.11945e+16	1.00e+00	3.53e-04	1.68e-08
 3.14510e+16	1.00e+00	3.18e-04	1.34e-08
 3.17252e+16	1.00e+00	2.85e-04	1.05e-08
 3.20204e+16	1.00e+00	2.53e-04	8.13e-09
 3.23413e+16	1.00e+00	2.22e-04	6.14e-09
 3.26937e+16	1.00e+00	1.92e-04	4.52e-09
 3.30850e+16	1.00e+00	1.62e-04	3.19e-09
 3.35431e+16	1.00e+00	1.34e-04	2.14e-09
 3.40746e+16	1.00e+00	1.07e-04	1.36e-09
 3.46350e+16	1.00e+00	8.49e-05	8.44e-10
 3.52663e+16	1.00e+00	6.47e-05	4.90e-10
 3.60221e+16	1.00e+00	4.70e-05	2.60e-10
 3.68359e+16	1.00e+00	3.37e-05	1.34e-10
 3.76661e+16	1.00e+00	2.41e-05	6.96e-11
 3.85373e+16	1.00e+00	1.71e-05	3.54e-11
 3.94419e+16	1.00e+00	1.21e-05	1.79e-11
 4.03835e+16	1.00e+00	8.47e-06	8.95e-12
 4.13773e+16	1.00e+00	5.87e-06	4.39e-12
 4.24113e+16	1.00e+00	4.04e-06	2.13e-12
 4.34710e+16	1.00e+00	2.80e-06	1.04e-12
 4.45685e+16	1.00e+00	1.92e-06	5.05e-13
 4.57157e+16	1.00e+00	1.31e-06	2.41e-13
 4.68915e+16	1.00e+00	8.79e-07	1.14e-13
 4.80848e+16	1.00e+00	6.07e-07	5.53e-14
 4.92841e+16	1.00e+00	4.20e-07	2.71e-14
 5.05523e+16	1.00e+00	2.85e-07	1.29e-14
 5.19095e+16	1.00e+00	1.92e-07	6.01e-15
 5.33076e+16	1.00e+00	1.29e-07	2.79e-15
 5.47336e+16	1.00e+00	8.74e-08	1.31e-15
 5.62029e+16	1.00e+00	5.90e-08	6.09e-16
 5.77313e+16	1.00e+00	3.98e-08	2.82e-16
 5.92898e+16	1.00e+00	2.69e-08	1.31e-16
 6.08559e+16	1.00e+00	1.84e-08	6.21e-17
 6.24220e+16	1.00e+00	1.27e-08	2.99e-17
 6.39880e+16	1.00e+00	8.84e-09	1.47e-17
 6.55541e+16	1.00e+00	6.22e-09	7.34e-18
 6.71201e+16	1.00e+00	4.42e-09	3.73e-18
 6.86865e+16	1.00e+00	3.16e-09	1.92e-18
 7.02531e+16	1.00e+00	2.27e-09	1.00e-18
 7.18197e+16	1.00e+00	1.65e-09	5.32e-19
 7.33862e+16	1.00e+00	1.21e-09	2.86e-19
 7.49525e+16	1.00e+00	8.88e-10	1.56e-19
 7.65187e+16	1.00e+00	6.58e-10	8.58e-20
 7.80851e+16	1.00e+00	4.90e-10	4.79e-20
 7.96514e+16	1.00e+00	3.68e-10	2.70e-20
 8.12178e+16	1.00e+00	2.78e-10	1.55e-20
 8.30190e+16	1.00e+00	2.01e-10	8.08e-21
 8.50859e+16	1.00e+00	1.40e-10	0.00e+00
 8.71833e+16	1.00e+00	9.90e-11	0.00e+00
 8.94090e+16	1.00e+00	6.86e-11	0.00e+00
 9.17978e+16	1.00e+00	4.70e-11	0.00e+00
 9.42447e+16	1.00e+00	3.22e-11	0.00e+00
 9.67150e+16	1.00e+00	2.22e-11	0.00e+00
 9.91852e+16	1.00e+00	1.55e-11	0.00e+00
 1.01749e+17	1.00e+00	1.08e-11	0.00e+00
 1.04431e+17	1.00e+00	7.42e-12	0.00e+00
 1.07179e+17	1.00e+00	5.12e-12	0.00e+00
 1.09995e+17	1.00e+00	3.55e-12	0.00e+00
 1.12837e+17	1.00e+00	2.47e-12	0.00e+00
 1.15679e+17	1.00e+00	1.75e-12	0.00e+00
 1.18521e+17	1.00e+00	1.25e-12	0.00e+00
 1.21363e+17	1.00e+00	9.03e-13	0.00e+00
 1.24205e+17	1.00e+00	6.63e-13	0.00e+00
 1.27047e+17	1.00e+00	4.94e-13	0.00e+00
 1.29889e+17	1.00e+00	3.75e-13	0.00e+00
 1.33157e+17	1.00e+00	2.77e-13	0.00e+00
 1.37162e+17	1.00e+00	1.98e-13	0.00e+00
 1.41460e+17	1.00e+00	1.44e-13	0.00e+00
 1.45658e+17	1.00e+00	1.12e-13	0.00e+00
 1.49752e+17	1.00e+00	9.21e-14	0.00e+00
 1.53843e+17	1.00e+00	7.95e-14	0.00e+00
 1.57948e+17	1.00e+00	7.10e-14	0.00e+00
 1.62015e+17	1.00e+00	6.53e-14	0.00e+00
 1.66011e+17	1.00e+00	6.16e-14	0.00e+00
 1.69918e+17	1.00e+00	5.91e-14	0.00e+00
 1.73727e+17	1.00e+00	5.76e-14	0.00e+00
 1.77425e+17	1.00e+00	5.66e-14	0.00e+00
 1.80993e+17	1.00e+00	5.60e-14	0.00e+00
 1.84419e+17	1.00e+00	5.57e-14	0.00e+00
 1.87699e+17	1.00e+00	5.56e-14	0.00e+00
 1.90832e+17	1.00e+00	5.56e-14	0.00e+00
 1.93817e+17	1.00e+00	5.58e-14	0.00e+00
 1.96652e+17	1.00e+00	5.60e-14	0.00e+00
 1.99341e+17	1.00e+00	5.63e-14	0.00e+00
 2.01887e+17	1.00e+00	5.66e-14	0.00e+00
 2.04296e+17	1.00e+00	5.69e-14	0.00e+00
 2.06574e+17	1.00e+00	5.72e-14	0.00e+00
 2.08727e+17	1.00e+00	5.75e-14	0.00e+00
 2.10763e+17	1.00e+00	5.78e-14	0.00e+00
 2.12686e+17	1.00e+00	5.81e-14	0.00e+00
 2.14503e+17	1.00e+00	5.83e-14	0.00e+00
 2.16221e+17	1.00e+00	5.86e-14	0.00e+00
 2.17844e+17	1.00e+00	5.88e-14	0.00e+00
 2.19380e+17	1.00e+00	5.91e-14	0.00e+00
 2.20832e+17	1.00e+00	5.93e-14	0.00e+00
 2.22206e+17	1.00e+00	5.95e-14	0.00e+00
 2.23506e+17	1.00e+00	5.97e-14	0.00e+00
 2.24738e+17	1.00e+00	5.98e-14	0.00e+00
 2.25905e+17	1.00e+00	6.00e-14	0.00e+00
 2.27010e+17	1.00e+00	6.01e-14	0.00e+00
 2.28057e+17	1.00e+00	6.03e-14	0.00e+00
 2.29051e+17	1.00e+00	6.04e-14	0.00e+00
 2.29994e+17	1.00e+00	6.05e-14	0.00e+00
 2.30890e+17	1.00e+00	6.06e-14	0.00e+00
 2.31740e+17	1.00e+00	6.07e-14	0.00e+00
 2.32548e+17	1.00e+00	6.08e-14	0.00e+00
 2.33315e+17	1.00e+00	6.09e-14	0.00e+00
 2.34046e+17	1.00e+00	6.10e-14	0.00e+00
 2.34741e+17	1.00e+00	6.11e-14	0.00e+00
 2.35404e+17	1.00e+00	6.11e-14	0.00e+00
 2.36035e+17	1.00e+00	6.12e-14	0.00e+00
 2.36637e+17	1.00e+00	6.13e-14	0.00e+00
 2.37211e+17	1.00e+00	6.13e-14	0.00e+00
 2.37759e+17	1.00e+00	6.14e-14	0.00e+00
 2.38283e+17	1.00e+00	6.14e-14	0.00e+00
 2.38785e+17	1.00e+00	6.14e-14	0.00e+00
 2.39265e+17	1.00e+00	6.15e-14	0.00e+00
 2.39726e+17	1.00e+00	6.15e-14	0.00e+00
 2.40168e+17	1.00e+00	6.15e-14	0.00e+00
 2.40593e+17	1.00e+00	6.16e-14	0.00e+00
 2.41002e+17	1.00e+00	6.16e-14	0.00e+00
 2.41396e+17	1.00e+00	6.16e-14	0.00e+00
 2.41777e+17	1.00e+00	6.16e-14	0.00e+00
 2.42146e+17	1.00e+00	6.17e-14	0.00e+00
 2.42503e+17	1.00e+00	6.17e-14	0.00e+00
 2.42851e+17	1.00e+00	6.17e-14	0.00e+00
 2.43190e+17	1.00e+00	6.17e-14	0.00e+00
 2.43521e+17	1.00e+00	6.17e-14	0.00e+00
 2.43846e+17	1.00e+00	6.17e-14	0.00e+00
 2.44166e+17	1.00e+00	6.17e-14	0.00e+00
 2.44482e+17	1.00e+00	6.17e-14	0.00e+00
 2.44796e+17	1.00e+00	6.17e-14	0.00e+00
 2.45110e+17	1.00e+00	6.17e-14	0.00e+00
 2.45425e+17	1.00e+00	6.17e-14	0.00e+00
 2.45744e+17	1.00e+00	6.17e-14	0.00e+00
 2.46069e+17	1.00e+00	6.17e-14	0.00e+00
 2.46402e+17	1.00e+00	6.16e-14	0.00e+00
 2.46748e+17	1.00e+00	6.16e-14	0.00e+00
 2.47111e+17	1.00e+00	6.15e-14	0.00e+00
 2.47496e+17	1.00e+00	6.15e-14	0.00e+00
 2.47911e+17	1.00e+00	6.14e-14	0.00e+00
 2.48366e+17	1.00e+00	6.13e-14	0.00e+00
 2.48873e+17	1.00e+00	6.12e-14	0.00e+00
 2.49453e+17	1.00e+00	6.10e-14	0.00e+00
 2.50131e+17	1.00e+00	6.08e-14	0.00e+00
 2.50948e+17	1.00e+00	6.04e-14	0.00e+00
 2.51965e+17	1.00e+00	5.99e-14	0.00e+00
 2.53271e+17	1.00e+00	5.90e-14	0.00e+00
 2.54969e+17	1.00e+00	5.76e-14	0.00e+00
 2.57176e+17	1.00e+00	5.55e-14	0.00e+00
 2.60046e+17	1.00e+00	5.25e-14	0.00e+00
 2.63776e+17	1.00e+00	4.84e-14	0.00e+00
 2.68625e+17	1.00e+00	4.32e-14	0.00e+00
 2.74929e+17	1.00e+00	3.68e-14	0.00e+00
 2.83124e+17	1.00e+00	2.96e-14	0.00e+00
 2.93511e+17	1.00e+00	2.20e-14	0.00e+00
 3.05252e+17	1.00e+00	1.56e-14	0.00e+00
 3.17462e+17	1.00e+00	1.35e-14	0.00e+00
 3.30160e+17	1.00e+00	1.19e-14	0.00e+00
 3.43367e+17	1.00e+00	1.05e-14	0.00e+00
 3.57101e+17	1.00e+00	9.06e-15	0.00e+00
 3.71385e+17	1.00e+00	7.76e-15	0.00e+00
 3.85619e+17	1.00e+00	6.54e-15	0.00e+00
 3.98662e+17	1.00e+00	6.36e-15	0.00e+00
 4.10177e+17	1.00e+00	7.03e-15	0.00e+00
 4.20696e+17	1.00e+00	7.47e-15	0.00e+00
 4.30730e+17	1.00e+00	7.33e-15	0.00e+00
 4.40324e+17	1.00e+00	6.84e-15	0.00e+00
 4.49139e+17	1.00e+00	6.45e-15	0.00e+00
 4.56914e+17	1.00e+00	6.31e-15	0.00e+00
 4.63711e+17	1.00e+00	6.24e-15	0.00e+00
 4.69544e+17	1.00e+00	6.08e-15	0.00e+00
 4.73986e+17	1.00e+00	5.97e-15	0.00e+00
 4.76817e+17	1.00e+00	6.15e-15	0.00e+00
 4.78486e+17	1.00e+00	6.35e-15	0.00e+00
 4.79488e+17	1.00e+00	6.48e-15	0.00e+00
 4.80089e+17	1.00e+00	6.55e-15	0.00e+00
 4.80483e+17	1.00e+00	6.60e-15	0.00e+00
 4.80836e+17	1.00e+00	6.63e-15	0.00e+00
 4.81226e+17	1.00e+00	6.65e-15	0.00e+00
 4.81644e+17	1.00e+00	6.66e-15	0.00e+00
 4.82021e+17	1.00e+00	6.67e-15	0.00e+00
 4.82336e+17	1.00e+00	6.67e-15	0.00e+00
 4.82628e+17	1.00e+00	6.67e-15	0.00e+00
 4.82916e+17	1.00e+00	6.66e-15	0.00e+00
 4.83190e+17	1.00e+00	6.65e-15	0.00e+00
 4.83447e+17	1.00e+00	6.64e-15	0.00e+00
 4.83691e+17	1.00e+00	6.63e-15	0.00e+00
 4.83922e+17	1.00e+00	6.62e-15	0.00e+00
 4.84144e+17	1.00e+00	6.60e-15	0.00e+00
 4.84359e+17	1.00e+00	6.59e-15	0.00e+00
 4.84563e+17	1.00e+00	6.57e-15	0.00e+00
 4.84748e+17	1.00e+00	6.55e-15	0.00e+00
 4.84922e+17	1.00e+00	6.54e-15	0.00e+00
 4.85104e+17	1.00e+00	6.52e-15	0.00e+00
 4.85285e+17	1.00e+00	6.50e-15	0.00e+00
 4.85450e+17	1.00e+00	6.48e-15	0.00e+00
 4.85603e+17	1.00e+00	6.46e-15	0.00e+00
 4.85751e+17	1.00e+00	6.44e-15	0.00e+00
 4.85899e+17	1.00e+00	6.42e-15	0.00e+00
 4.86046e+17	1.00e+00	6.41e-15	0.00e+00
 4.86193e+17	1.00e+00	6.39e-15	0.00e+00
 4.86338e+17	1.00e+00	6.36e-15	0.00e+00
 4.86473e+17	1.00e+00	6.34e-15	0.00e+00
 4.86603e+17	1.00e+00	6.33e-15	0.00e+00
 4.86738e+17	1.00e+00	6.31e-15	0.00e+00
 4.86879e+17	1.00e+00	6.28e-15	0.00e+00
 4.87015e+17	1.00e+00	6.26e-15	0.00e+00
 4.87146e+17	1.00e+00	6.24e-15	0.00e+00
 4.87276e+17	1.00e+00	6.21e-15	0.00e+00
 4.87408e+17	1.00e+00	6.19e-15	0.00e+00
 4.87547e+17	1.00e+00	6.16e-15	0.00e+00
 4.87688e+17	1.00e+00	6.13e-15	0.00e+00
 4.87822e+17	1.00e+00	6.11e-15	0.00e+00
 4.87954e+17	1.00e+00	6.08e-15	0.00e+00
 4.88093e+17	1.00e+00	6.06e-15	0.00e+00
 4.88238e+17	1.00e+00	6.03e-15	0.00e+00
 4.88385e+17	1.00e+00	5.99e-15	0.00e+00
 4.88534e+17	1.00e+00	5.96e-15	0.00e+00
 4.88682e+17	1.00e+00	5.93e-15	0.00e+00
 4.88841e+17	1.00e+00	5.90e-15	0.00e+00
 4.89002e+17	1.00e+00	5.86e-15	0.00e+00
 4.89157e+17	1.00e+00	5.82e-15	0.00e+00
 4.89314e+17	1.00e+00	5.79e-15	0.00e+00
 4.89486e+17	1.00e+00	5.75e-15	0.00e+00
 4.89671e+17	1.00e+00	5.71e-15	0.00e+00
 4.89848e+17	1.00e+00	5.66e-15	0.00e+00
 4.90019e+17	1.00e+00	5.62e-15	0.00e+00
 4.90190e+17	1.00e+00	5.58e-15	0.00e+00
 4.90372e+17	1.00e+00	5.54e-15	0.00e+00
 4.90574e+17	1.00e+00	5.49e-15	0.00e+00
 4.90779e+17	1.00e+00	5.44e-15	0.00e+00
 4.90982e+17	1.00e+00	5.38e-15	0.00e+00
 4.91190e+17	1.00e+00	5.33e-15	0.00e+00
 4.91403e+17	1.00e+00	5.27e-15	0.00e+00
 4.91615e+17	1.00e+00	5.22e-15	0.00e+00
 4.91834e+17	1.00e+00	5.16e-15	0.00e+00
 4.92072e+17	1.00e+00	5.10e-15	0.00e+00
 4.92318e+17	1.00e+00	5.04e-15	0.00e+00
 4.92559e+17	1.00e+00	4.97e-15	0.00e+00
 4.92800e+17	1.00e+00	4.91e-15	0.00e+00
 4.93053e+17	1.00e+00	4.84e-15	0.00e+00
 4.93321e+17	1.00e+00	4.77e-15	0.00e+00
 4.93601e+17	1.00e+00	4.69e-15	0.00e+00
 4.93882e+17	1.00e+00	4.62e-15	0.00e+00
 4.94162e+17	1.00e+00	4.54e-15	0.00e+00
 4.94450e+17	1.00e+00	4.47e-15	0.00e+00
 4.94749e+17	1.00e+00	4.39e-15	0.00e+00
 4.95067e+17	1.00e+00	4.30e-15	0.00e+00
 4.95385e+17	1.00e+00	4.22e-15	0.00e+00
 4.95706e+17	1.00e+00	4.13e-15	0.00e+00
 4.96042e+17	1.00e+00	4.04e-15	0.00e+00
 4.96387e+17	1.00e+00	3.95e-15	0.00e+00
 4.96740e+17	1.00e+00	3.86e-15	0.00e+00
 4.97091e+17	1.00e+00	3.76e-15	0.00e+00
 4.97446e+17	1.00e+00	3.67e-15	0.00e+00
 4.97817e+17	1.00e+00	3.57e-15	0.00e+00
 4.98208e+17	1.00e+00	3.48e-15	0.00e+00
 4.98603e+17	1.00e+00	3.37e-15	0.00e+00
 4.98996e+17	1.00e+00	3.27e-15	0.00e+00
 4.99399e+17	1.00e+00	3.17e-15	0.00e+00
 4.99819e+17	1.00e+00	3.07e-15	0.00e+00
 5.00251e+17	1.00e+00	2.97e-15	0.00e+00
 5.00688e+17	1.00e+00	2.86e-15	0.00e+00
 5.01131e+17	1.00e+00	2.76e-15	0.00e+00
 5.01587e+17	1.00e+00	2.66e-15	0.00e+00
 5.02051e+17	1.00e+00	2.55e-15	0.00e+00
 5.02525e+17	1.00e+00	2.45e-15	0.00e+00
 5.03013e+17	1.00e+00	2.34e-15	0.00e+00
 5.03503e+17	1.00e+00	2.24e-15	0.00e+00
 5.04001e+17	1.00e+00	2.13e-15	0.00e+00
 5.04516e+17	1.00e+00	2.03e-15	0.00e+00
 5.05041e+17	1.00e+00	1.93e-15	0.00e+00
 5.05594e+17	1.00e+00	1.83e-15	0.00e+00
 5.06168e+17	1.00e+00	1.73e-15	0.00e+00
 5.06736e+17	1.00e+00	1.62e-15	0.00e+00
 5.07293e+17	1.00e+00	1.53e-15	0.00e+00
 5.07887e+17	1.00e+00	1.44e-15	0.00e+00
 5.08538e+17	1.00e+00	1.34e-15	0.00e+00
 5.09200e+17	1.00e+00	1.25e-15	0.00e+00
 5.09860e+17	1.00e+00	1.15e-15	0.00e+00
 5.10497e+17	1.00e+00	1.07e-15	0.00e+00
 5.11085e+17	1.00e+00	9.94e-16	0.00e+00
 5.11611e+17	1.00e+00	9.30e-16	0.00e+00
 5.12088e+17	1.00e+00	8.75e-16	0.00e+00
 5.12538e+17	1.00e+00	8.27e-16	0.00e+00
 5.12974e+17	1.00e+00	7.82e-16	0.00e+00
 5.13392e+17	1.00e+00	7.41e-16	0.00e+00
 5.13788e+17	1.00e+00	7.03e-16	0.00e+00
 5.14163e+17	1.00e+00	6.68e-16	0.00e+00
 5.14521e+17	1.00e+00	6.37e-16	0.00e+00
 5.14867e+17	1.00e+00	6.07e-16	0.00e+00
 5.15201e+17	1.00e+00	5.80e-16	0.00e+00
 5.15523e+17	1.00e+00	5.54e-16	0.00e+00
 5.15831e+17	1.00e+00	5.30e-16	0.00e+00
 5.16128e+17	1.00e+00	5.07e-16	0.00e+00
 5.16414e+17	1.00e+00	4.86e-16	0.00e+00
 5.16692e+17	1.00e+00	4.66e-16	0.00e+00
 5.16959e+17	1.00e+00	4.48e-16	0.00e+00
 5.17218e+17	1.00e+00	4.29e-16	0.00e+00
 5.17466e+17	1.00e+00	4.13e-16	0.00e+00
 5.17707e+17	1.00e+00	3.97e-16	0.00e+00
 5.17941e+17	1.00e+00	3.82e-16	0.00e+00
 5.18171e+17	1.00e+00	3.68e-16	0.00e+00
 5.18394e+17	1.00e+00	3.55e-16	0.00e+00
 5.18608e+17	1.00e+00	3.42e-16	0.00e+00
 5.18814e+17	1.00e+00	3.30e-16	0.00e+00
 5.19015e+17	1.00e+00	3.19e-16	0.00e+00
 5.19213e+17	1.00e+00	3.08e-16	0.00e+00
 5.19407e+17	1.00e+00	2.97e-16	0.00e+00
 5.19597e+17	1.00e+00	2.88e-16	0.00e+00
 5.19781e+17	1.00e+00	2.78e-16	0.00e+00
 5.19992e+17	1.00e+00	2.69e-16	0.00e+00
 5.20265e+17	1.00e+00	2.58e-16	0.00e+00
 5.20620e+17	1.00e+00	2.44e-16	0.00e+00
 5.21082e+17	1.00e+00	2.26e-16	0.00e+00
 5.21683e+17	1.00e+00	2.04e-16	0.00e+00
 5.22463e+17	1.00e+00	1.79e-16	0.00e+00
 5.23363e+17	1.00e+00	1.51e-16	0.00e+00
 5.24184e+17	1.00e+00	1.26e-16	0.00e+00
 5.24822e+17	1.00e+00	1.09e-16	0.00e+00
 5.25342e+17	1.00e+00	9.73e-17	0.00e+00
 5.25858e+17	1.00e+00	8.80e-17	0.00e+00
 5.26429e+17	1.00e+00	7.88e-17	0.00e+00
 5.27033e+17	1.00e+00	6.97e-17	0.00e+00
 5.27623e+17	1.00e+00	6.16e-17	0.00e+00
 5.28182e+17	1.00e+00	5.47e-17	0.00e+00
