#depth	C	C+	C+2	C+3	C+4	C+5	C+6	C[1]	C[2]	C[3]	C+[1]	C+[2]	CO
 1.49634e+10	0.00e+00	6.01e-32	1.01e-21	3.94e-12	4.41e-02	9.50e-01	5.80e-03	0.00e+00	0.00e+00	0.00e+00	0.00e+00	0.00e+00	7.49e-164
 4.54887e+10	3.76e-43	8.18e-32	1.26e-21	4.58e-12	4.73e-02	9.47e-01	5.34e-03	0.00e+00	0.00e+00	0.00e+00	0.00e+00	0.00e+00	4.88e-207
 7.72350e+10	0.00e+00	1.12e-31	1.60e-21	5.36e-12	5.12e-02	9.44e-01	4.91e-03	0.00e+00	0.00e+00	0.00e+00	0.00e+00	0.00e+00	9.28e-163
 1.10251e+11	8.27e-43	1.54e-31	2.03e-21	6.27e-12	5.53e-02	9.40e-01	4.52e-03	0.00e+00	0.00e+00	0.00e+00	0.00e+00	0.00e+00	3.20e-206
 1.44588e+11	0.00e+00	2.11e-31	2.57e-21	7.34e-12	5.97e-02	9.36e-01	4.16e-03	0.00e+00	0.00e+00	0.00e+00	0.00e+00	0.00e+00	1.15e-161
 1.80298e+11	1.82e-42	2.89e-31	3.25e-21	8.58e-12	6.45e-02	9.32e-01	3.82e-03	0.00e+00	0.00e+00	0.00e+00	0.00e+00	0.00e+00	2.09e-205
 2.17437e+11	0.00e+00	3.96e-31	4.12e-21	1.00e-11	6.97e-02	9.27e-01	3.51e-03	0.00e+00	0.00e+00	0.00e+00	0.00e+00	0.00e+00	1.43e-160
 2.56061e+11	4.02e-42	5.43e-31	5.22e-21	1.17e-11	7.53e-02	9.21e-01	3.22e-03	0.00e+00	0.00e+00	0.00e+00	0.00e+00	0.00e+00	1.38e-204
 2.96231e+11	0.00e+00	7.45e-31	6.61e-21	1.37e-11	8.13e-02	9.16e-01	2.96e-03	0.00e+00	0.00e+00	0.00e+00	0.00e+00	0.00e+00	1.78e-159
 3.38007e+11	8.86e-42	1.02e-30	8.38e-21	1.61e-11	8.78e-02	9.10e-01	2.71e-03	0.00e+00	0.00e+00	0.00e+00	0.00e+00	0.00e+00	9.06e-204
 3.81454e+11	0.00e+00	1.40e-30	1.06e-20	1.88e-11	9.47e-02	9.03e-01	2.49e-03	0.00e+00	0.00e+00	0.00e+00	0.00e+00	0.00e+00	2.23e-158
 4.26639e+11	1.96e-41	1.92e-30	1.34e-20	2.19e-11	1.02e-01	8.96e-01	2.28e-03	0.00e+00	0.00e+00	0.00e+00	0.00e+00	0.00e+00	5.87e-203
 4.73631e+11	0.00e+00	2.64e-30	1.70e-20	2.57e-11	1.10e-01	8.88e-01	2.08e-03	0.00e+00	0.00e+00	0.00e+00	0.00e+00	0.00e+00	2.81e-157
 5.22503e+11	4.33e-41	3.62e-30	2.16e-20	3.00e-11	1.19e-01	8.79e-01	1.90e-03	0.00e+00	0.00e+00	0.00e+00	0.00e+00	0.00e+00	3.89e-202
 5.73330e+11	0.00e+00	4.97e-30	2.73e-20	3.50e-11	1.28e-01	8.70e-01	1.74e-03	0.00e+00	0.00e+00	0.00e+00	0.00e+00	0.00e+00	3.55e-156
 6.26190e+11	9.58e-41	6.82e-30	3.46e-20	4.09e-11	1.38e-01	8.61e-01	1.58e-03	0.00e+00	0.00e+00	0.00e+00	0.00e+00	0.00e+00	2.51e-201
 6.81164e+11	0.00e+00	9.36e-30	4.39e-20	4.78e-11	1.48e-01	8.50e-01	1.44e-03	0.00e+00	0.00e+00	0.00e+00	0.00e+00	0.00e+00	4.52e-155
 7.32946e+11	2.04e-40	1.25e-29	5.43e-20	5.49e-11	1.59e-01	8.40e-01	1.32e-03	0.00e+00	0.00e+00	0.00e+00	0.00e+00	0.00e+00	1.68e-200
 7.79363e+11	0.00e+00	1.60e-29	6.54e-20	6.20e-11	1.68e-01	8.31e-01	1.23e-03	0.00e+00	0.00e+00	0.00e+00	0.00e+00	0.00e+00	3.90e-154
 8.31482e+11	3.94e-40	2.10e-29	8.01e-20	7.08e-11	1.79e-01	8.20e-01	1.13e-03	0.00e+00	0.00e+00	0.00e+00	0.00e+00	0.00e+00	8.23e-200
 8.93123e+11	0.00e+00	2.86e-29	1.01e-19	8.23e-11	1.92e-01	8.07e-01	1.03e-03	0.00e+00	0.00e+00	0.00e+00	0.00e+00	0.00e+00	4.05e-153
 9.54584e+11	8.43e-40	3.85e-29	1.26e-19	9.49e-11	2.05e-01	7.94e-01	9.36e-04	0.00e+00	0.00e+00	0.00e+00	0.00e+00	0.00e+00	4.01e-199
 1.01214e+12	0.00e+00	5.03e-29	1.53e-19	1.08e-10	2.17e-01	7.82e-01	8.60e-04	0.00e+00	0.00e+00	0.00e+00	0.00e+00	0.00e+00	3.96e-152
 1.07619e+12	1.70e-39	6.72e-29	1.90e-19	1.24e-10	2.31e-01	7.68e-01	7.83e-04	0.00e+00	0.00e+00	0.00e+00	0.00e+00	0.00e+00	2.73e-198
 1.14917e+12	0.00e+00	9.21e-29	2.40e-19	1.44e-10	2.48e-01	7.52e-01	7.05e-04	0.00e+00	0.00e+00	0.00e+00	0.00e+00	0.00e+00	4.60e-151
 1.22148e+12	3.70e-39	1.25e-28	3.00e-19	1.67e-10	2.64e-01	7.35e-01	6.37e-04	0.00e+00	0.00e+00	0.00e+00	0.00e+00	0.00e+00	3.77e-198
 1.29054e+12	0.00e+00	1.64e-28	3.69e-19	1.90e-10	2.80e-01	7.20e-01	5.80e-04	0.00e+00	0.00e+00	0.00e+00	0.00e+00	0.00e+00	4.83e-150
 1.36595e+12	7.61e-39	2.20e-28	4.58e-19	2.18e-10	2.97e-01	7.02e-01	5.23e-04	0.00e+00	0.00e+00	0.00e+00	0.00e+00	0.00e+00	0.00e+00
 1.45051e+12	0.00e+00	3.01e-28	5.78e-19	2.53e-10	3.16e-01	6.83e-01	4.68e-04	0.00e+00	0.00e+00	0.00e+00	0.00e+00	0.00e+00	5.77e-149
 1.53473e+12	1.66e-38	4.07e-28	7.21e-19	2.91e-10	3.36e-01	6.64e-01	4.19e-04	0.00e+00	0.00e+00	0.00e+00	0.00e+00	0.00e+00	1.00e-195
 1.62232e+12	0.00e+00	5.50e-28	9.00e-19	3.34e-10	3.56e-01	6.44e-01	3.75e-04	0.00e+00	0.00e+00	0.00e+00	0.00e+00	0.00e+00	6.82e-148
 1.71714e+12	3.61e-38	7.52e-28	1.13e-18	3.86e-10	3.77e-01	6.23e-01	3.33e-04	0.00e+00	0.00e+00	0.00e+00	0.00e+00	0.00e+00	0.00e+00
 1.81344e+12	0.00e+00	1.02e-27	1.42e-18	4.44e-10	3.99e-01	6.01e-01	2.95e-04	0.00e+00	0.00e+00	0.00e+00	0.00e+00	0.00e+00	8.75e-147
 1.91360e+12	7.83e-38	1.38e-27	1.77e-18	5.10e-10	4.21e-01	5.79e-01	2.62e-04	0.00e+00	0.00e+00	0.00e+00	0.00e+00	0.00e+00	0.00e+00
 2.02007e+12	0.00e+00	1.88e-27	2.22e-18	5.87e-10	4.44e-01	5.56e-01	2.30e-04	0.00e+00	0.00e+00	0.00e+00	0.00e+00	0.00e+00	1.13e-145
 2.13080e+12	1.72e-37	2.57e-27	2.78e-18	6.74e-10	4.67e-01	5.33e-01	2.02e-04	0.00e+00	0.00e+00	0.00e+00	0.00e+00	0.00e+00	0.00e+00
 2.24596e+12	0.00e+00	3.49e-27	3.48e-18	7.72e-10	4.91e-01	5.09e-01	1.77e-04	0.00e+00	0.00e+00	0.00e+00	0.00e+00	0.00e+00	1.49e-144
 2.36573e+12	3.78e-37	4.74e-27	4.35e-18	8.84e-10	5.14e-01	4.85e-01	1.55e-04	0.00e+00	0.00e+00	0.00e+00	0.00e+00	0.00e+00	0.00e+00
 2.49028e+12	0.00e+00	6.42e-27	5.42e-18	1.01e-09	5.38e-01	4.62e-01	1.35e-04	0.00e+00	0.00e+00	0.00e+00	0.00e+00	0.00e+00	1.97e-143
 2.61982e+12	8.24e-37	8.70e-27	6.76e-18	1.15e-09	5.62e-01	4.38e-01	1.17e-04	0.00e+00	0.00e+00	0.00e+00	0.00e+00	0.00e+00	9.03e-204
 2.75454e+12	0.00e+00	1.18e-26	8.41e-18	1.31e-09	5.85e-01	4.15e-01	1.02e-04	0.00e+00	0.00e+00	0.00e+00	0.00e+00	0.00e+00	2.60e-142
 2.88500e+12	1.74e-36	1.56e-26	1.03e-17	1.48e-09	6.07e-01	3.93e-01	8.87e-05	0.00e+00	0.00e+00	0.00e+00	0.00e+00	0.00e+00	2.03e-202
 3.00743e+12	0.00e+00	2.00e-26	1.23e-17	1.64e-09	6.26e-01	3.74e-01	7.82e-05	0.00e+00	0.00e+00	0.00e+00	0.00e+00	0.00e+00	2.56e-141
 3.14442e+12	3.42e-36	2.63e-26	1.50e-17	1.84e-09	6.46e-01	3.54e-01	6.82e-05	0.00e+00	0.00e+00	0.00e+00	0.00e+00	0.00e+00	0.00e+00
 3.30012e+12	0.00e+00	3.54e-26	1.86e-17	2.09e-09	6.68e-01	3.32e-01	5.85e-05	0.00e+00	0.00e+00	0.00e+00	0.00e+00	0.00e+00	3.00e-140
 3.45261e+12	7.18e-36	4.67e-26	2.27e-17	2.34e-09	6.88e-01	3.12e-01	5.05e-05	0.00e+00	0.00e+00	0.00e+00	0.00e+00	0.00e+00	7.72e-200
 3.59872e+12	0.00e+00	6.03e-26	2.72e-17	2.60e-09	7.06e-01	2.94e-01	4.40e-05	0.00e+00	0.00e+00	0.00e+00	0.00e+00	0.00e+00	3.08e-139
 3.76012e+12	1.42e-35	7.91e-26	3.30e-17	2.90e-09	7.24e-01	2.76e-01	3.79e-05	0.00e+00	0.00e+00	0.00e+00	0.00e+00	0.00e+00	0.00e+00
 3.94045e+12	0.00e+00	1.06e-25	4.07e-17	3.26e-09	7.43e-01	2.57e-01	3.22e-05	0.00e+00	0.00e+00	0.00e+00	0.00e+00	0.00e+00	3.64e-138
 4.12215e+12	2.98e-35	1.40e-25	4.97e-17	3.65e-09	7.60e-01	2.39e-01	2.75e-05	0.00e+00	0.00e+00	0.00e+00	0.00e+00	0.00e+00	0.00e+00
 4.31111e+12	0.00e+00	1.85e-25	6.06e-17	4.08e-09	7.77e-01	2.23e-01	2.34e-05	0.00e+00	0.00e+00	0.00e+00	0.00e+00	0.00e+00	4.32e-137
 4.51349e+12	6.20e-35	2.46e-25	7.43e-17	4.58e-09	7.94e-01	2.06e-01	1.98e-05	0.00e+00	0.00e+00	0.00e+00	0.00e+00	0.00e+00	3.40e-99
 4.72395e+12	8.98e-35	3.27e-25	9.10e-17	5.12e-09	8.09e-01	1.91e-01	1.67e-05	0.00e+00	0.00e+00	0.00e+00	0.00e+00	0.00e+00	0.00e+00
 4.91748e+12	1.25e-34	4.21e-25	1.09e-16	5.65e-09	8.22e-01	1.78e-01	1.43e-05	0.00e+00	0.00e+00	0.00e+00	0.00e+00	0.00e+00	5.02e-117
 5.08373e+12	1.63e-34	5.18e-25	1.26e-16	6.13e-09	8.32e-01	1.68e-01	1.26e-05	0.00e+00	0.00e+00	0.00e+00	0.00e+00	0.00e+00	3.74e-98
 5.26777e+12	2.18e-34	6.47e-25	1.48e-16	6.69e-09	8.43e-01	1.57e-01	1.09e-05	0.00e+00	0.00e+00	0.00e+00	0.00e+00	0.00e+00	0.00e+00
 5.49419e+12	3.08e-34	8.43e-25	1.79e-16	7.42e-09	8.55e-01	1.45e-01	9.26e-06	0.00e+00	0.00e+00	0.00e+00	0.00e+00	0.00e+00	7.56e-116
 5.72608e+12	4.31e-34	1.09e-24	2.15e-16	8.21e-09	8.66e-01	1.34e-01	7.84e-06	0.00e+00	0.00e+00	0.00e+00	0.00e+00	0.00e+00	4.14e-97
 5.93621e+12	5.79e-34	1.37e-24	2.53e-16	8.96e-09	8.75e-01	1.25e-01	6.78e-06	0.00e+00	0.00e+00	0.00e+00	0.00e+00	0.00e+00	0.00e+00
 6.16770e+12	7.90e-34	1.74e-24	3.00e-16	9.83e-09	8.84e-01	1.16e-01	5.79e-06	0.00e+00	0.00e+00	0.00e+00	0.00e+00	0.00e+00	1.30e-114
 6.43947e+12	1.12e-33	2.28e-24	3.64e-16	1.09e-08	8.93e-01	1.07e-01	4.84e-06	0.00e+00	0.00e+00	0.00e+00	0.00e+00	0.00e+00	4.42e-96
 6.70762e+12	1.57e-33	2.95e-24	4.37e-16	1.21e-08	9.02e-01	9.81e-02	4.08e-06	0.00e+00	0.00e+00	0.00e+00	0.00e+00	0.00e+00	1.03e-113
 6.95839e+12	2.11e-33	3.71e-24	5.15e-16	1.32e-08	9.09e-01	9.10e-02	3.49e-06	0.00e+00	0.00e+00	0.00e+00	0.00e+00	0.00e+00	2.10e-95
 7.23854e+12	2.91e-33	4.74e-24	6.15e-16	1.45e-08	9.16e-01	8.39e-02	2.95e-06	0.00e+00	0.00e+00	0.00e+00	0.00e+00	0.00e+00	6.71e-113
 7.55801e+12	4.13e-33	6.21e-24	7.47e-16	1.61e-08	9.23e-01	7.66e-02	2.45e-06	0.00e+00	0.00e+00	0.00e+00	0.00e+00	0.00e+00	1.09e-94
 7.87575e+12	5.77e-33	8.03e-24	8.99e-16	1.78e-08	9.30e-01	7.01e-02	2.04e-06	0.00e+00	0.00e+00	0.00e+00	0.00e+00	0.00e+00	5.36e-112
 8.20619e+12	8.03e-33	1.04e-23	1.08e-15	1.97e-08	9.36e-01	6.42e-02	1.70e-06	0.00e+00	0.00e+00	0.00e+00	0.00e+00	0.00e+00	5.57e-94
 8.56436e+12	1.13e-32	1.35e-23	1.31e-15	2.18e-08	9.42e-01	5.85e-02	1.41e-06	0.00e+00	0.00e+00	0.00e+00	0.00e+00	0.00e+00	4.20e-111
 8.93687e+12	1.59e-32	1.76e-23	1.59e-15	2.42e-08	9.47e-01	5.32e-02	1.16e-06	0.00e+00	0.00e+00	0.00e+00	0.00e+00	0.00e+00	2.96e-93
 9.32427e+12	2.23e-32	2.28e-23	1.92e-15	2.68e-08	9.52e-01	4.84e-02	9.61e-07	0.00e+00	0.00e+00	0.00e+00	0.00e+00	0.00e+00	3.35e-110
 9.72716e+12	3.12e-32	2.96e-23	2.32e-15	2.97e-08	9.56e-01	4.41e-02	0.00e+00	0.00e+00	0.00e+00	0.00e+00	0.00e+00	0.00e+00	1.53e-92
 1.01462e+13	4.34e-32	3.83e-23	2.81e-15	3.29e-08	9.60e-01	4.01e-02	0.00e+00	0.00e+00	0.00e+00	0.00e+00	0.00e+00	0.00e+00	2.60e-109
 1.05820e+13	6.02e-32	4.95e-23	3.39e-15	3.65e-08	9.64e-01	3.64e-02	0.00e+00	0.00e+00	0.00e+00	0.00e+00	0.00e+00	0.00e+00	7.61e-92
 1.10352e+13	8.34e-32	6.37e-23	4.08e-15	4.04e-08	9.67e-01	3.31e-02	0.00e+00	0.00e+00	0.00e+00	0.00e+00	0.00e+00	0.00e+00	1.97e-108
 1.14920e+13	1.14e-31	8.13e-23	4.89e-15	4.45e-08	9.70e-01	3.02e-02	0.00e+00	0.00e+00	0.00e+00	0.00e+00	0.00e+00	0.00e+00	3.59e-91
 1.19671e+13	1.55e-31	1.03e-22	5.85e-15	4.91e-08	9.72e-01	2.75e-02	0.00e+00	0.00e+00	0.00e+00	0.00e+00	0.00e+00	0.00e+00	1.37e-107
 1.24442e+13	2.09e-31	1.30e-22	6.95e-15	5.40e-08	9.75e-01	2.51e-02	0.00e+00	0.00e+00	0.00e+00	0.00e+00	0.00e+00	0.00e+00	1.57e-90
 1.28914e+13	2.72e-31	1.61e-22	8.12e-15	5.88e-08	9.77e-01	2.32e-02	0.00e+00	0.00e+00	0.00e+00	0.00e+00	0.00e+00	0.00e+00	8.00e-107
 1.33878e+13	3.61e-31	2.00e-22	9.57e-15	6.43e-08	9.79e-01	2.13e-02	0.00e+00	0.00e+00	0.00e+00	0.00e+00	0.00e+00	0.00e+00	6.03e-90
 1.39397e+13	4.87e-31	2.54e-22	1.14e-14	7.09e-08	9.81e-01	1.94e-02	0.00e+00	0.00e+00	0.00e+00	0.00e+00	0.00e+00	0.00e+00	5.07e-106
 1.44419e+13	6.32e-31	3.12e-22	1.33e-14	7.71e-08	9.82e-01	1.79e-02	0.00e+00	0.00e+00	0.00e+00	0.00e+00	0.00e+00	0.00e+00	2.39e-89
 1.48911e+13	7.91e-31	3.72e-22	1.52e-14	8.29e-08	9.83e-01	1.67e-02	0.00e+00	0.00e+00	0.00e+00	0.00e+00	0.00e+00	0.00e+00	2.39e-105
 1.54007e+13	1.01e-30	4.51e-22	1.76e-14	8.97e-08	9.85e-01	1.54e-02	0.00e+00	0.00e+00	0.00e+00	0.00e+00	0.00e+00	0.00e+00	7.71e-89
 1.60176e+13	1.35e-30	5.64e-22	2.08e-14	9.84e-08	9.86e-01	1.41e-02	0.00e+00	0.00e+00	0.00e+00	0.00e+00	0.00e+00	0.00e+00	1.33e-104
 1.66451e+13	1.78e-30	7.03e-22	2.45e-14	1.08e-07	9.87e-01	1.29e-02	0.00e+00	0.00e+00	0.00e+00	0.00e+00	0.00e+00	0.00e+00	3.14e-88
 1.72273e+13	2.28e-30	8.54e-22	2.83e-14	1.17e-07	9.88e-01	1.19e-02	0.00e+00	0.00e+00	0.00e+00	0.00e+00	0.00e+00	0.00e+00	7.30e-104
 1.78757e+13	2.97e-30	1.05e-21	3.31e-14	1.27e-07	9.89e-01	1.10e-02	0.00e+00	0.00e+00	0.00e+00	0.00e+00	0.00e+00	0.00e+00	1.15e-87
 1.85445e+13	3.86e-30	1.29e-21	3.86e-14	1.38e-07	9.90e-01	1.01e-02	0.00e+00	0.00e+00	0.00e+00	0.00e+00	0.00e+00	0.00e+00	4.11e-103
 1.91027e+13	4.78e-30	1.53e-21	4.37e-14	1.48e-07	9.91e-01	9.47e-03	0.00e+00	0.00e+00	0.00e+00	0.00e+00	0.00e+00	0.00e+00	3.87e-87
 1.96883e+13	5.93e-30	1.81e-21	4.95e-14	1.58e-07	9.91e-01	8.85e-03	0.00e+00	0.00e+00	0.00e+00	0.00e+00	0.00e+00	0.00e+00	1.69e-102
 2.04346e+13	7.74e-30	2.23e-21	5.77e-14	1.72e-07	9.92e-01	8.15e-03	0.00e+00	0.00e+00	0.00e+00	0.00e+00	0.00e+00	0.00e+00	1.34e-86
 2.12058e+13	1.01e-29	2.75e-21	6.73e-14	1.87e-07	9.92e-01	7.51e-03	0.00e+00	0.00e+00	0.00e+00	0.00e+00	0.00e+00	0.00e+00	9.73e-102
 2.18716e+13	1.26e-29	3.27e-21	7.64e-14	2.01e-07	9.93e-01	7.01e-03	0.00e+00	0.00e+00	0.00e+00	0.00e+00	0.00e+00	0.00e+00	4.74e-86
 2.25846e+13	1.58e-29	3.91e-21	8.71e-14	2.16e-07	9.93e-01	6.54e-03	0.00e+00	0.00e+00	0.00e+00	0.00e+00	0.00e+00	0.00e+00	4.35e-101
 2.34624e+13	2.09e-29	4.85e-21	1.02e-13	2.34e-07	9.94e-01	6.02e-03	0.00e+00	0.00e+00	0.00e+00	0.00e+00	0.00e+00	0.00e+00	1.79e-85
 2.43594e+13	2.73e-29	5.99e-21	1.19e-13	2.55e-07	9.94e-01	5.55e-03	0.00e+00	0.00e+00	0.00e+00	0.00e+00	0.00e+00	0.00e+00	2.66e-100
 2.51705e+13	3.47e-29	7.21e-21	1.35e-13	2.73e-07	9.95e-01	5.18e-03	0.00e+00	0.00e+00	0.00e+00	0.00e+00	0.00e+00	0.00e+00	6.90e-85
 2.60649e+13	4.47e-29	8.77e-21	1.56e-13	2.95e-07	9.95e-01	4.80e-03	0.00e+00	0.00e+00	0.00e+00	0.00e+00	0.00e+00	0.00e+00	1.36e-99
 2.71168e+13	5.96e-29	1.10e-20	1.83e-13	3.21e-07	9.96e-01	4.41e-03	0.00e+00	0.00e+00	0.00e+00	0.00e+00	0.00e+00	0.00e+00	2.90e-84
 2.81670e+13	7.87e-29	1.36e-20	2.13e-13	3.48e-07	9.96e-01	4.07e-03	0.00e+00	0.00e+00	0.00e+00	0.00e+00	0.00e+00	0.00e+00	8.89e-99
 2.91733e+13	1.02e-28	1.66e-20	2.46e-13	3.75e-07	9.96e-01	3.78e-03	0.00e+00	0.00e+00	0.00e+00	0.00e+00	0.00e+00	0.00e+00	1.22e-83
 3.02843e+13	1.34e-28	2.05e-20	2.85e-13	4.06e-07	9.97e-01	3.50e-03	0.00e+00	0.00e+00	0.00e+00	0.00e+00	0.00e+00	0.00e+00	5.23e-98
 3.15256e+13	1.81e-28	2.58e-20	3.35e-13	4.41e-07	9.97e-01	3.22e-03	0.00e+00	0.00e+00	0.00e+00	0.00e+00	0.00e+00	0.00e+00	5.81e-83
 3.28166e+13	2.45e-28	3.24e-20	3.93e-13	4.80e-07	9.97e-01	2.96e-03	0.00e+00	0.00e+00	0.00e+00	0.00e+00	0.00e+00	0.00e+00	3.79e-97
 3.41592e+13	3.30e-28	4.08e-20	4.61e-13	5.22e-07	9.97e-01	2.73e-03	0.00e+00	0.00e+00	0.00e+00	0.00e+00	0.00e+00	0.00e+00	2.94e-82
 3.55555e+13	4.46e-28	5.14e-20	5.41e-13	5.66e-07	9.97e-01	2.51e-03	0.00e+00	0.00e+00	0.00e+00	0.00e+00	0.00e+00	0.00e+00	2.76e-96
 3.69528e+13	5.97e-28	6.41e-20	6.30e-13	6.13e-07	9.98e-01	2.32e-03	0.00e+00	0.00e+00	0.00e+00	0.00e+00	0.00e+00	0.00e+00	1.48e-81
 3.84060e+13	8.01e-28	8.01e-20	7.34e-13	6.63e-07	9.98e-01	2.14e-03	0.00e+00	0.00e+00	0.00e+00	0.00e+00	0.00e+00	0.00e+00	1.89e-95
 3.99721e+13	1.09e-27	1.01e-19	8.60e-13	7.19e-07	9.98e-01	1.98e-03	0.00e+00	0.00e+00	0.00e+00	0.00e+00	0.00e+00	0.00e+00	7.58e-81
 4.16009e+13	1.47e-27	1.27e-19	1.01e-12	7.80e-07	9.98e-01	1.82e-03	0.00e+00	0.00e+00	0.00e+00	0.00e+00	0.00e+00	0.00e+00	1.41e-94
 4.32949e+13	2.00e-27	1.61e-19	1.18e-12	8.46e-07	9.98e-01	1.68e-03	0.00e+00	0.00e+00	0.00e+00	0.00e+00	0.00e+00	0.00e+00	4.02e-80
 4.50566e+13	2.72e-27	2.03e-19	1.38e-12	9.17e-07	9.98e-01	1.55e-03	0.00e+00	0.00e+00	0.00e+00	0.00e+00	0.00e+00	0.00e+00	1.05e-93
 4.67102e+13	3.59e-27	2.50e-19	1.59e-12	9.85e-07	9.99e-01	1.44e-03	0.00e+00	0.00e+00	0.00e+00	0.00e+00	0.00e+00	0.00e+00	2.00e-79
 4.81992e+13	4.57e-27	3.00e-19	1.81e-12	1.05e-06	9.99e-01	1.36e-03	0.00e+00	0.00e+00	0.00e+00	0.00e+00	0.00e+00	0.00e+00	5.76e-93
 4.98861e+13	5.96e-27	3.67e-19	2.07e-12	1.13e-06	9.99e-01	1.27e-03	0.00e+00	0.00e+00	0.00e+00	0.00e+00	0.00e+00	0.00e+00	8.01e-79
 5.18713e+13	8.04e-27	4.60e-19	2.41e-12	1.22e-06	9.99e-01	1.17e-03	0.00e+00	0.00e+00	0.00e+00	0.00e+00	0.00e+00	0.00e+00	3.68e-92
 5.38713e+13	1.08e-26	5.75e-19	2.80e-12	1.31e-06	9.99e-01	1.08e-03	0.00e+00	0.00e+00	0.00e+00	0.00e+00	0.00e+00	0.00e+00	4.09e-78
 5.59512e+13	1.44e-26	7.16e-19	3.26e-12	1.42e-06	9.99e-01	1.00e-03	0.00e+00	0.00e+00	0.00e+00	0.00e+00	0.00e+00	0.00e+00	2.50e-91
 5.82192e+13	1.97e-26	9.05e-19	3.81e-12	1.53e-06	9.99e-01	9.27e-04	0.00e+00	0.00e+00	0.00e+00	0.00e+00	0.00e+00	0.00e+00	2.11e-77
 6.05263e+13	2.66e-26	1.14e-18	4.45e-12	1.66e-06	9.99e-01	8.58e-04	0.00e+00	0.00e+00	0.00e+00	0.00e+00	0.00e+00	0.00e+00	4.84e-77
 6.29257e+13	3.59e-26	1.43e-18	5.19e-12	1.79e-06	9.99e-01	7.93e-04	0.00e+00	0.00e+00	0.00e+00	0.00e+00	0.00e+00	0.00e+00	1.10e-76
 6.54727e+13	4.87e-26	1.80e-18	6.07e-12	1.94e-06	9.99e-01	7.32e-04	0.00e+00	0.00e+00	0.00e+00	0.00e+00	0.00e+00	0.00e+00	2.55e-76
 6.81215e+13	6.64e-26	2.27e-18	7.11e-12	2.10e-06	9.99e-01	6.76e-04	0.00e+00	0.00e+00	0.00e+00	0.00e+00	0.00e+00	0.00e+00	5.96e-76
 7.08763e+13	8.98e-26	2.85e-18	8.32e-12	2.28e-06	9.99e-01	6.23e-04	0.00e+00	0.00e+00	0.00e+00	0.00e+00	0.00e+00	0.00e+00	1.36e-75
 7.34473e+13	1.18e-25	3.52e-18	9.58e-12	2.45e-06	9.99e-01	5.80e-04	0.00e+00	0.00e+00	0.00e+00	0.00e+00	0.00e+00	0.00e+00	2.92e-75
 7.57169e+13	1.50e-25	4.21e-18	1.08e-11	2.60e-06	9.99e-01	5.46e-04	0.00e+00	0.00e+00	0.00e+00	0.00e+00	0.00e+00	0.00e+00	5.60e-75
 7.82537e+13	1.94e-25	5.10e-18	1.23e-11	2.78e-06	9.99e-01	5.11e-04	0.00e+00	0.00e+00	0.00e+00	0.00e+00	0.00e+00	0.00e+00	1.13e-74
 8.12962e+13	2.59e-25	6.37e-18	1.43e-11	3.01e-06	1.00e+00	4.73e-04	0.00e+00	0.00e+00	0.00e+00	0.00e+00	0.00e+00	0.00e+00	2.51e-74
 8.43456e+13	3.45e-25	7.91e-18	1.66e-11	3.24e-06	1.00e+00	4.39e-04	0.00e+00	0.00e+00	0.00e+00	0.00e+00	0.00e+00	0.00e+00	5.52e-74
 8.71437e+13	4.43e-25	9.56e-18	1.89e-11	3.46e-06	1.00e+00	4.11e-04	0.00e+00	0.00e+00	0.00e+00	0.00e+00	0.00e+00	0.00e+00	1.09e-73
 9.02658e+13	5.84e-25	1.18e-17	2.17e-11	3.71e-06	1.00e+00	3.83e-04	0.00e+00	0.00e+00	0.00e+00	0.00e+00	0.00e+00	0.00e+00	2.33e-73
 9.38861e+13	7.86e-25	1.48e-17	2.54e-11	4.02e-06	1.00e+00	3.53e-04	0.00e+00	0.00e+00	0.00e+00	0.00e+00	0.00e+00	0.00e+00	5.27e-73
 9.74151e+13	1.05e-24	1.83e-17	2.94e-11	4.33e-06	1.00e+00	3.28e-04	0.00e+00	0.00e+00	0.00e+00	0.00e+00	0.00e+00	0.00e+00	1.16e-72
 1.00737e+14	1.36e-24	2.24e-17	3.36e-11	4.63e-06	1.00e+00	3.06e-04	0.00e+00	0.00e+00	0.00e+00	0.00e+00	0.00e+00	0.00e+00	2.39e-72
 1.04449e+14	1.80e-24	2.76e-17	3.88e-11	4.98e-06	1.00e+00	2.85e-04	0.00e+00	0.00e+00	0.00e+00	0.00e+00	0.00e+00	0.00e+00	5.16e-72
 1.08657e+14	2.44e-24	3.47e-17	4.54e-11	5.39e-06	1.00e+00	2.63e-04	0.00e+00	0.00e+00	0.00e+00	0.00e+00	0.00e+00	0.00e+00	1.18e-71
 1.12845e+14	3.28e-24	4.35e-17	5.28e-11	5.82e-06	1.00e+00	2.43e-04	0.00e+00	0.00e+00	0.00e+00	0.00e+00	0.00e+00	0.00e+00	2.68e-71
 1.17201e+14	4.38e-24	5.42e-17	6.14e-11	6.29e-06	1.00e+00	2.25e-04	0.00e+00	0.00e+00	0.00e+00	0.00e+00	1.75e-17	3.67e-17	5.93e-71
 1.21919e+14	5.97e-24	6.85e-17	7.18e-11	6.80e-06	1.00e+00	2.08e-04	0.00e+00	0.00e+00	0.00e+00	0.00e+00	2.27e-17	4.58e-17	1.40e-70
 1.26826e+14	8.08e-24	8.61e-17	8.41e-11	7.37e-06	1.00e+00	1.92e-04	0.00e+00	0.00e+00	0.00e+00	0.00e+00	2.86e-17	5.75e-17	3.18e-70
 1.31929e+14	1.10e-23	1.09e-16	9.84e-11	7.98e-06	1.00e+00	1.78e-04	0.00e+00	0.00e+00	0.00e+00	0.00e+00	3.61e-17	7.26e-17	7.44e-70
 1.37236e+14	1.50e-23	1.37e-16	1.15e-10	8.63e-06	1.00e+00	1.64e-04	0.00e+00	0.00e+00	0.00e+00	0.00e+00	4.56e-17	9.17e-17	1.75e-69
 1.42614e+14	2.02e-23	1.72e-16	1.34e-10	9.33e-06	1.00e+00	1.52e-04	0.00e+00	0.00e+00	0.00e+00	0.00e+00	5.72e-17	1.15e-16	3.97e-69
 1.47765e+14	2.67e-23	2.12e-16	1.55e-10	1.00e-05	1.00e+00	1.41e-04	0.00e+00	0.00e+00	0.00e+00	0.00e+00	7.05e-17	1.42e-16	8.50e-69
 1.53263e+14	3.54e-23	2.63e-16	1.79e-10	1.08e-05	1.00e+00	1.31e-04	0.00e+00	0.00e+00	0.00e+00	0.00e+00	8.74e-17	1.76e-16	1.86e-68
 1.59424e+14	4.82e-23	3.32e-16	2.10e-10	1.17e-05	1.00e+00	1.21e-04	0.00e+00	0.00e+00	0.00e+00	0.00e+00	1.10e-16	2.22e-16	4.32e-68
 1.65517e+14	6.46e-23	4.14e-16	2.44e-10	1.26e-05	1.00e+00	1.13e-04	0.00e+00	0.00e+00	0.00e+00	0.00e+00	1.37e-16	2.76e-16	9.62e-68
 1.71855e+14	8.69e-23	5.18e-16	2.83e-10	1.36e-05	1.00e+00	1.05e-04	0.00e+00	0.00e+00	0.00e+00	0.00e+00	1.72e-16	3.46e-16	2.19e-67
 1.78759e+14	1.18e-22	6.51e-16	3.32e-10	1.47e-05	1.00e+00	9.65e-05	0.00e+00	0.00e+00	0.00e+00	0.00e+00	2.16e-16	4.35e-16	5.00e-67
 1.85123e+14	1.55e-22	8.03e-16	3.81e-10	1.58e-05	1.00e+00	9.00e-05	0.00e+00	0.00e+00	0.00e+00	0.00e+00	2.66e-16	5.36e-16	1.08e-66
 1.90664e+14	1.95e-22	9.52e-16	4.29e-10	1.68e-05	1.00e+00	8.48e-05	0.00e+00	0.00e+00	0.00e+00	0.00e+00	3.16e-16	6.36e-16	1.99e-66
 1.96866e+14	2.50e-22	1.15e-15	4.88e-10	1.78e-05	1.00e+00	7.96e-05	0.00e+00	0.00e+00	0.00e+00	0.00e+00	3.82e-16	7.70e-16	4.01e-66
 2.04394e+14	3.34e-22	1.43e-15	5.67e-10	1.93e-05	1.00e+00	7.38e-05	0.00e+00	0.00e+00	0.00e+00	0.00e+00	4.75e-16	9.56e-16	8.80e-66
 2.12129e+14	4.47e-22	1.79e-15	6.57e-10	2.07e-05	1.00e+00	6.85e-05	0.00e+00	0.00e+00	0.00e+00	0.00e+00	5.93e-16	1.19e-15	1.98e-65
 2.19396e+14	5.77e-22	2.17e-15	7.52e-10	2.22e-05	1.00e+00	6.40e-05	0.00e+00	0.00e+00	0.00e+00	0.00e+00	7.19e-16	1.45e-15	3.97e-65
 2.26395e+14	7.36e-22	2.60e-15	8.53e-10	2.37e-05	1.00e+00	6.01e-05	0.00e+00	0.00e+00	0.00e+00	0.00e+00	8.63e-16	1.74e-15	7.74e-65
 2.34320e+14	9.56e-22	3.18e-15	9.78e-10	2.53e-05	1.00e+00	5.61e-05	0.00e+00	0.00e+00	0.00e+00	0.00e+00	1.05e-15	2.12e-15	1.60e-64
 2.43092e+14	1.28e-21	3.95e-15	1.13e-09	2.73e-05	1.00e+00	5.21e-05	0.00e+00	0.00e+00	0.00e+00	0.00e+00	1.31e-15	2.64e-15	3.55e-64
 2.51248e+14	1.63e-21	4.75e-15	1.29e-09	2.92e-05	1.00e+00	4.87e-05	0.00e+00	0.00e+00	0.00e+00	0.00e+00	1.58e-15	3.18e-15	6.88e-64
 2.60131e+14	2.13e-21	5.82e-15	1.48e-09	3.13e-05	1.00e+00	4.54e-05	0.00e+00	0.00e+00	0.00e+00	0.00e+00	1.93e-15	3.89e-15	1.44e-63
 2.70029e+14	2.82e-21	7.22e-15	1.72e-09	3.37e-05	1.00e+00	4.21e-05	0.00e+00	0.00e+00	0.00e+00	0.00e+00	2.39e-15	4.82e-15	3.13e-63
 2.79288e+14	3.65e-21	8.80e-15	1.97e-09	3.61e-05	1.00e+00	3.93e-05	0.00e+00	0.00e+00	0.00e+00	0.00e+00	2.92e-15	5.88e-15	6.42e-63
 2.89359e+14	4.72e-21	1.07e-14	2.27e-09	3.88e-05	1.00e+00	3.65e-05	0.00e+00	0.00e+00	0.00e+00	0.00e+00	3.55e-15	7.15e-15	1.30e-62
 3.00565e+14	6.33e-21	1.34e-14	2.64e-09	4.19e-05	1.00e+00	3.38e-05	0.00e+00	0.00e+00	0.00e+00	0.00e+00	4.44e-15	8.96e-15	2.92e-62
 3.11130e+14	8.08e-21	1.62e-14	3.04e-09	4.51e-05	1.00e+00	3.15e-05	0.00e+00	0.00e+00	0.00e+00	0.00e+00	5.36e-15	1.08e-14	5.69e-62
 3.22518e+14	1.07e-20	2.00e-14	3.51e-09	4.85e-05	1.00e+00	2.93e-05	0.00e+00	0.00e+00	0.00e+00	0.00e+00	6.63e-15	1.34e-14	1.23e-61
 3.35177e+14	1.40e-20	2.46e-14	4.09e-09	5.25e-05	1.00e+00	2.70e-05	0.00e+00	0.00e+00	0.00e+00	0.00e+00	8.16e-15	1.65e-14	2.57e-61
 3.47371e+14	1.83e-20	3.03e-14	4.72e-09	5.65e-05	1.00e+00	2.51e-05	0.00e+00	0.00e+00	0.00e+00	0.00e+00	1.01e-14	2.03e-14	5.43e-61
 3.60323e+14	2.35e-20	3.68e-14	5.47e-09	6.10e-05	1.00e+00	2.32e-05	0.00e+00	0.00e+00	0.00e+00	0.00e+00	1.22e-14	2.46e-14	1.08e-60
 3.74766e+14	3.16e-20	4.63e-14	6.40e-09	6.62e-05	1.00e+00	2.14e-05	0.00e+00	0.00e+00	0.00e+00	0.00e+00	1.53e-14	3.09e-14	2.45e-60
 3.89220e+14	4.06e-20	5.64e-14	7.46e-09	7.18e-05	1.00e+00	1.97e-05	0.00e+00	0.00e+00	0.00e+00	0.00e+00	1.87e-14	3.77e-14	4.89e-60
 4.04252e+14	5.34e-20	6.96e-14	8.68e-09	7.76e-05	1.00e+00	1.82e-05	0.00e+00	0.00e+00	0.00e+00	0.00e+00	2.31e-14	4.66e-14	1.04e-59
 4.20452e+14	6.96e-20	8.60e-14	1.02e-08	8.44e-05	1.00e+00	1.67e-05	0.00e+00	0.00e+00	0.00e+00	0.00e+00	2.85e-14	5.75e-14	2.17e-59
 4.37300e+14	9.22e-20	1.07e-13	1.19e-08	9.17e-05	1.00e+00	1.54e-05	0.00e+00	0.00e+00	0.00e+00	0.00e+00	3.54e-14	7.15e-14	4.71e-59
 4.54822e+14	1.19e-19	1.32e-13	1.40e-08	9.98e-05	1.00e+00	1.42e-05	0.00e+00	0.00e+00	0.00e+00	0.00e+00	4.36e-14	8.80e-14	9.70e-59
 4.73045e+14	1.58e-19	1.63e-13	1.63e-08	1.08e-04	1.00e+00	1.30e-05	0.00e+00	0.00e+00	0.00e+00	0.00e+00	5.41e-14	1.09e-13	2.09e-58
 4.90552e+14	2.00e-19	1.98e-13	1.89e-08	1.17e-04	1.00e+00	1.21e-05	0.00e+00	0.00e+00	0.00e+00	0.00e+00	6.55e-14	1.32e-13	4.07e-58
 5.05268e+14	2.45e-19	2.32e-13	2.13e-08	1.25e-04	1.00e+00	1.13e-05	0.00e+00	0.00e+00	0.00e+00	0.00e+00	7.68e-14	1.55e-13	7.13e-58
 5.20216e+14	2.99e-19	2.73e-13	2.40e-08	1.33e-04	1.00e+00	1.07e-05	0.00e+00	0.00e+00	0.00e+00	0.00e+00	9.02e-14	1.82e-13	1.26e-57
 5.39252e+14	3.74e-19	3.26e-13	2.77e-08	1.44e-04	1.00e+00	9.89e-06	0.00e+00	0.00e+00	0.00e+00	0.00e+00	1.08e-13	2.18e-13	2.35e-57
 5.58743e+14	4.74e-19	3.94e-13	3.20e-08	1.55e-04	1.00e+00	9.17e-06	0.00e+00	0.00e+00	0.00e+00	0.00e+00	1.30e-13	2.64e-13	4.56e-57
 5.75386e+14	5.73e-19	4.59e-13	3.59e-08	1.66e-04	1.00e+00	8.63e-06	0.00e+00	0.00e+00	0.00e+00	0.00e+00	1.52e-13	3.07e-13	7.78e-57
 5.93189e+14	7.02e-19	5.42e-13	4.06e-08	1.77e-04	1.00e+00	8.09e-06	0.00e+00	0.00e+00	0.00e+00	0.00e+00	1.79e-13	3.62e-13	1.39e-56
 6.15331e+14	8.76e-19	6.49e-13	4.71e-08	1.92e-04	1.00e+00	7.49e-06	0.00e+00	0.00e+00	0.00e+00	0.00e+00	2.15e-13	4.34e-13	2.61e-56
 6.38128e+14	1.10e-18	7.83e-13	5.46e-08	2.08e-04	1.00e+00	6.94e-06	0.00e+00	0.00e+00	0.00e+00	0.00e+00	2.59e-13	5.24e-13	5.02e-56
 6.58130e+14	1.34e-18	9.19e-13	6.18e-08	2.23e-04	1.00e+00	6.51e-06	0.00e+00	0.00e+00	0.00e+00	0.00e+00	3.04e-13	6.15e-13	8.83e-56
 6.79483e+14	1.65e-18	1.09e-12	7.02e-08	2.39e-04	1.00e+00	6.09e-06	0.00e+00	0.00e+00	0.00e+00	0.00e+00	3.59e-13	7.27e-13	1.60e-55
 7.05398e+14	2.07e-18	1.31e-12	8.17e-08	2.60e-04	1.00e+00	5.64e-06	0.00e+00	0.00e+00	0.00e+00	0.00e+00	4.33e-13	8.77e-13	3.08e-55
 7.31007e+14	2.63e-18	1.59e-12	9.42e-08	2.80e-04	1.00e+00	5.24e-06	0.00e+00	0.00e+00	0.00e+00	0.00e+00	5.26e-13	1.06e-12	6.15e-55
 7.53468e+14	3.16e-18	1.85e-12	1.06e-07	3.00e-04	1.00e+00	4.93e-06	0.00e+00	0.00e+00	0.00e+00	0.00e+00	6.12e-13	1.24e-12	1.05e-54
 7.78075e+14	3.85e-18	2.18e-12	1.21e-07	3.22e-04	1.00e+00	4.61e-06	0.00e+00	0.00e+00	0.00e+00	0.00e+00	7.21e-13	1.46e-12	1.88e-54
 8.07837e+14	4.80e-18	2.62e-12	1.41e-07	3.50e-04	1.00e+00	4.28e-06	0.00e+00	0.00e+00	0.00e+00	0.00e+00	8.65e-13	1.75e-12	3.60e-54
 8.37495e+14	6.07e-18	3.18e-12	1.63e-07	3.79e-04	1.00e+00	3.99e-06	0.00e+00	0.00e+00	0.00e+00	0.00e+00	1.05e-12	2.13e-12	7.21e-54
 8.64051e+14	7.34e-18	3.71e-12	1.84e-07	4.06e-04	1.00e+00	3.75e-06	0.00e+00	0.00e+00	0.00e+00	0.00e+00	1.23e-12	2.49e-12	1.26e-53
 8.93384e+14	8.99e-18	4.40e-12	2.10e-07	4.38e-04	1.00e+00	3.51e-06	0.00e+00	0.00e+00	0.00e+00	0.00e+00	1.45e-12	2.94e-12	2.32e-53
 9.28177e+14	1.13e-17	5.30e-12	2.45e-07	4.76e-04	1.00e+00	3.26e-06	0.00e+00	0.00e+00	0.00e+00	0.00e+00	1.75e-12	3.55e-12	4.58e-53
 9.62504e+14	1.42e-17	6.42e-12	2.83e-07	5.16e-04	9.99e-01	3.05e-06	0.00e+00	0.00e+00	0.00e+00	0.00e+00	2.12e-12	4.30e-12	9.20e-53
 9.94028e+14	1.71e-17	7.51e-12	3.22e-07	5.55e-04	9.99e-01	2.87e-06	0.00e+00	0.00e+00	0.00e+00	0.00e+00	2.48e-12	5.03e-12	1.64e-52
 1.02948e+15	2.14e-17	9.03e-12	3.70e-07	5.99e-04	9.99e-01	2.69e-06	0.00e+00	0.00e+00	0.00e+00	0.00e+00	2.98e-12	6.05e-12	3.23e-52
 1.07052e+15	2.71e-17	1.10e-11	4.33e-07	6.54e-04	9.99e-01	2.51e-06	0.00e+00	0.00e+00	0.00e+00	0.00e+00	3.62e-12	7.34e-12	6.64e-52
 1.11057e+15	3.40e-17	1.33e-11	5.01e-07	7.09e-04	9.99e-01	2.35e-06	0.00e+00	0.00e+00	0.00e+00	0.00e+00	4.39e-12	8.90e-12	1.36e-51
 1.15223e+15	4.26e-17	1.60e-11	5.81e-07	7.72e-04	9.99e-01	2.21e-06	0.00e+00	0.00e+00	0.00e+00	0.00e+00	5.29e-12	1.07e-11	2.73e-51
 1.19835e+15	5.45e-17	1.97e-11	6.79e-07	8.41e-04	9.99e-01	2.07e-06	0.00e+00	4.68e-18	1.40e-17	2.34e-17	6.49e-12	1.32e-11	5.91e-51
 1.24476e+15	6.91e-17	2.39e-11	7.92e-07	9.18e-04	9.99e-01	1.95e-06	0.00e+00	5.95e-18	1.78e-17	2.98e-17	7.90e-12	1.60e-11	1.24e-50
 1.29303e+15	8.77e-17	2.92e-11	9.21e-07	9.97e-04	9.99e-01	1.84e-06	0.00e+00	7.55e-18	2.27e-17	3.78e-17	9.64e-12	1.95e-11	2.65e-50
 1.34478e+15	1.13e-16	3.58e-11	1.08e-06	1.09e-03	9.99e-01	1.74e-06	0.00e+00	9.73e-18	2.92e-17	4.88e-17	1.18e-11	2.40e-11	5.87e-50
 1.39860e+15	1.44e-16	4.40e-11	1.26e-06	1.19e-03	9.99e-01	1.65e-06	0.00e+00	1.24e-17	3.72e-17	6.21e-17	1.45e-11	2.94e-11	1.28e-49
 1.44533e+15	1.78e-16	5.24e-11	1.44e-06	1.28e-03	9.99e-01	1.57e-06	0.00e+00	1.54e-17	4.61e-17	7.69e-17	1.73e-11	3.51e-11	2.54e-49
 1.48135e+15	2.10e-16	5.98e-11	1.58e-06	1.35e-03	9.99e-01	1.53e-06	0.00e+00	1.82e-17	5.46e-17	9.11e-17	1.98e-11	4.01e-11	4.27e-49
 1.51982e+15	2.48e-16	6.86e-11	1.75e-06	1.43e-03	9.99e-01	1.48e-06	0.00e+00	2.14e-17	6.44e-17	1.07e-16	2.27e-11	4.59e-11	7.30e-49
 1.56983e+15	3.04e-16	8.12e-11	2.00e-06	1.54e-03	9.98e-01	1.43e-06	0.00e+00	2.63e-17	7.91e-17	1.32e-16	2.68e-11	5.44e-11	1.42e-48
 1.62413e+15	3.76e-16	9.71e-11	2.28e-06	1.65e-03	9.98e-01	1.37e-06	0.00e+00	3.26e-17	9.79e-17	1.63e-16	3.21e-11	6.50e-11	2.85e-48
 1.67374e+15	4.63e-16	1.15e-10	2.58e-06	1.77e-03	9.98e-01	1.34e-06	0.00e+00	4.02e-17	1.21e-16	2.02e-16	3.79e-11	7.69e-11	5.55e-48
 1.72796e+15	5.73e-16	1.37e-10	2.92e-06	1.90e-03	9.98e-01	1.29e-06	0.00e+00	4.98e-17	1.49e-16	2.49e-16	4.52e-11	9.15e-11	1.10e-47
 1.79380e+15	7.31e-16	1.67e-10	3.39e-06	2.06e-03	9.98e-01	1.25e-06	0.00e+00	6.37e-17	1.91e-16	3.19e-16	5.53e-11	1.12e-10	2.46e-47
 1.85911e+15	9.31e-16	2.04e-10	3.91e-06	2.23e-03	9.98e-01	1.22e-06	0.00e+00	8.11e-17	2.43e-16	4.06e-16	6.73e-11	1.36e-10	5.33e-47
 1.91654e+15	1.14e-15	2.40e-10	4.42e-06	2.38e-03	9.98e-01	1.19e-06	0.00e+00	9.94e-17	2.98e-16	4.98e-16	7.94e-11	1.61e-10	1.03e-46
 1.97934e+15	1.39e-15	2.84e-10	5.02e-06	2.56e-03	9.97e-01	1.16e-06	0.00e+00	1.21e-16	3.64e-16	6.08e-16	9.40e-11	1.90e-10	2.00e-46
 2.05515e+15	1.83e-15	3.53e-10	5.83e-06	2.78e-03	9.97e-01	1.14e-06	0.00e+00	1.60e-16	4.79e-16	7.99e-16	1.17e-10	2.36e-10	4.73e-46
 2.13076e+15	2.33e-15	4.32e-10	6.74e-06	3.01e-03	9.97e-01	1.12e-06	0.00e+00	2.04e-16	6.12e-16	1.02e-15	1.43e-10	2.89e-10	1.04e-45
 2.19871e+15	2.84e-15	5.09e-10	7.63e-06	3.22e-03	9.97e-01	1.10e-06	0.00e+00	2.49e-16	7.46e-16	1.25e-15	1.68e-10	3.41e-10	2.00e-45
 2.27382e+15	3.57e-15	6.14e-10	8.72e-06	3.46e-03	9.97e-01	1.09e-06	0.00e+00	3.13e-16	9.40e-16	1.57e-15	2.03e-10	4.11e-10	4.17e-45
 2.36261e+15	4.75e-15	7.70e-10	1.02e-05	3.77e-03	9.96e-01	1.08e-06	0.00e+00	4.17e-16	1.25e-15	2.09e-15	2.55e-10	5.15e-10	1.02e-44
 2.45030e+15	6.13e-15	9.46e-10	1.18e-05	4.07e-03	9.96e-01	1.07e-06	0.00e+00	5.39e-16	1.62e-15	2.70e-15	3.13e-10	6.33e-10	2.28e-44
 2.53128e+15	7.68e-15	1.14e-09	1.34e-05	4.37e-03	9.96e-01	1.07e-06	0.00e+00	6.76e-16	2.03e-15	3.38e-15	3.76e-10	7.61e-10	4.65e-44
 2.62235e+15	9.85e-15	1.39e-09	1.54e-05	4.72e-03	9.95e-01	1.06e-06	0.00e+00	8.67e-16	2.60e-15	4.34e-15	4.60e-10	9.30e-10	1.02e-43
 2.72727e+15	1.26e-14	1.71e-09	1.80e-05	5.13e-03	9.95e-01	1.05e-06	0.00e+00	1.11e-15	3.34e-15	5.57e-15	5.67e-10	1.14e-09	2.25e-43
 2.83033e+15	1.68e-14	2.15e-09	2.09e-05	5.56e-03	9.94e-01	1.06e-06	0.00e+00	1.49e-15	4.46e-15	7.44e-15	7.11e-10	1.44e-09	5.46e-43
 2.92926e+15	2.15e-14	2.62e-09	2.40e-05	5.99e-03	9.94e-01	1.06e-06	0.00e+00	1.90e-15	5.70e-15	9.51e-15	8.67e-10	1.75e-09	1.16e-42
 3.03821e+15	2.78e-14	3.23e-09	2.77e-05	6.47e-03	9.94e-01	1.06e-06	0.00e+00	2.46e-15	7.37e-15	1.23e-14	1.07e-09	2.16e-09	2.55e-42
 3.15976e+15	3.60e-14	3.99e-09	3.24e-05	7.03e-03	9.93e-01	1.06e-06	0.00e+00	3.18e-15	9.54e-15	1.59e-14	1.32e-09	2.67e-09	5.63e-42
 3.28619e+15	4.90e-14	5.09e-09	3.80e-05	7.66e-03	9.92e-01	1.07e-06	0.00e+00	4.34e-15	1.30e-14	2.17e-14	1.69e-09	3.41e-09	1.42e-41
 3.41766e+15	6.51e-14	6.41e-09	4.44e-05	8.32e-03	9.92e-01	1.08e-06	6.57e-13	5.77e-15	1.73e-14	2.89e-14	2.12e-09	4.28e-09	3.32e-41
 3.55440e+15	8.59e-14	8.03e-09	5.20e-05	9.04e-03	9.91e-01	1.08e-06	0.00e+00	7.62e-15	2.29e-14	3.81e-14	2.66e-09	5.37e-09	7.59e-41
 3.67336e+15	1.09e-13	9.74e-09	5.93e-05	9.69e-03	9.90e-01	1.09e-06	0.00e+00	9.67e-15	2.90e-14	4.84e-14	3.23e-09	6.51e-09	1.54e-40
 3.76558e+15	1.31e-13	1.13e-08	6.55e-05	1.02e-02	9.90e-01	1.10e-06	0.00e+00	1.16e-14	3.49e-14	5.81e-14	3.74e-09	7.54e-09	2.63e-40
 3.86443e+15	1.58e-13	1.31e-08	7.27e-05	1.08e-02	9.89e-01	1.10e-06	0.00e+00	1.40e-14	4.21e-14	7.03e-14	4.35e-09	8.78e-09	4.57e-40
 3.99292e+15	1.96e-13	1.57e-08	8.29e-05	1.16e-02	9.88e-01	1.11e-06	0.00e+00	1.74e-14	5.22e-14	8.71e-14	5.20e-09	1.05e-08	8.27e-40
 4.13289e+15	2.58e-13	1.95e-08	9.53e-05	1.24e-02	9.87e-01	1.12e-06	0.00e+00	2.30e-14	6.89e-14	1.15e-13	6.47e-09	1.30e-08	1.83e-39
 4.25954e+15	3.19e-13	2.33e-08	1.08e-04	1.32e-02	9.87e-01	1.12e-06	7.75e-13	2.84e-14	8.53e-14	1.42e-13	7.71e-09	1.55e-08	3.37e-39
 4.39595e+15	3.95e-13	2.77e-08	1.22e-04	1.42e-02	9.86e-01	1.13e-06	0.00e+00	3.52e-14	1.06e-13	1.76e-13	9.18e-09	1.85e-08	6.22e-39
 4.56254e+15	5.30e-13	3.50e-08	1.42e-04	1.53e-02	9.85e-01	1.15e-06	0.00e+00	4.72e-14	1.42e-13	2.36e-13	1.16e-08	2.34e-08	1.44e-38
 4.72732e+15	6.83e-13	4.31e-08	1.64e-04	1.65e-02	9.83e-01	1.15e-06	8.34e-13	6.09e-14	1.83e-13	3.05e-13	1.43e-08	2.88e-08	2.96e-38
 4.87071e+15	8.36e-13	5.09e-08	1.85e-04	1.76e-02	9.82e-01	1.16e-06	0.00e+00	7.46e-14	2.24e-13	3.73e-13	1.69e-08	3.40e-08	5.25e-38
 5.02727e+15	1.05e-12	6.14e-08	2.10e-04	1.88e-02	9.81e-01	1.17e-06	0.00e+00	9.40e-14	2.82e-13	4.70e-13	2.04e-08	4.11e-08	1.00e-37
 5.21809e+15	1.42e-12	7.80e-08	2.45e-04	2.03e-02	9.79e-01	1.18e-06	0.00e+00	1.27e-13	3.80e-13	6.34e-13	2.59e-08	5.21e-08	2.30e-37
 5.40799e+15	1.83e-12	9.63e-08	2.83e-04	2.19e-02	9.78e-01	1.19e-06	9.10e-13	1.63e-13	4.90e-13	8.17e-13	3.20e-08	6.43e-08	4.68e-37
 5.57595e+15	2.25e-12	1.14e-07	3.20e-04	2.34e-02	9.76e-01	1.19e-06	0.00e+00	2.01e-13	6.03e-13	1.01e-12	3.79e-08	7.64e-08	8.14e-37
 5.76087e+15	2.85e-12	1.39e-07	3.66e-04	2.50e-02	9.75e-01	1.20e-06	0.00e+00	2.55e-13	7.66e-13	1.28e-12	4.61e-08	9.28e-08	1.52e-36
 5.98271e+15	3.86e-12	1.77e-07	4.28e-04	2.72e-02	9.72e-01	1.22e-06	0.00e+00	3.46e-13	1.04e-12	1.73e-12	5.89e-08	1.19e-07	3.47e-36
 6.20179e+15	4.99e-12	2.20e-07	4.96e-04	2.93e-02	9.70e-01	1.22e-06	9.85e-13	4.48e-13	1.34e-12	2.24e-12	7.30e-08	1.47e-07	7.01e-36
 6.39975e+15	6.20e-12	2.63e-07	5.64e-04	3.13e-02	9.68e-01	1.23e-06	0.00e+00	5.56e-13	1.67e-12	2.78e-12	8.72e-08	1.75e-07	1.25e-35
 6.62101e+15	7.96e-12	3.23e-07	6.50e-04	3.37e-02	9.66e-01	1.23e-06	0.00e+00	7.14e-13	2.14e-12	3.57e-12	1.07e-07	2.16e-07	2.41e-35
 6.86988e+15	1.07e-11	4.11e-07	7.59e-04	3.65e-02	9.63e-01	1.25e-06	0.00e+00	9.60e-13	2.88e-12	4.80e-12	1.37e-07	2.75e-07	5.39e-35
 7.10907e+15	1.38e-11	5.08e-07	8.75e-04	3.93e-02	9.60e-01	1.25e-06	1.06e-12	1.24e-12	3.71e-12	6.19e-12	1.69e-07	3.39e-07	1.06e-34
 7.33172e+15	1.73e-11	6.14e-07	9.96e-04	4.20e-02	9.57e-01	1.26e-06	0.00e+00	1.56e-12	4.67e-12	7.79e-12	2.04e-07	4.10e-07	1.95e-34
 7.57842e+15	2.22e-11	7.54e-07	1.15e-03	4.51e-02	9.54e-01	1.26e-06	0.00e+00	2.00e-12	6.00e-12	1.00e-11	2.51e-07	5.04e-07	3.72e-34
 7.85233e+15	2.89e-11	9.37e-07	1.33e-03	4.87e-02	9.50e-01	1.26e-06	0.00e+00	2.60e-12	7.80e-12	1.30e-11	3.11e-07	6.25e-07	7.29e-34
 8.10914e+15	3.62e-11	1.13e-06	1.53e-03	5.23e-02	9.46e-01	1.26e-06	0.00e+00	3.26e-12	9.79e-12	1.63e-11	3.75e-07	7.54e-07	1.28e-33
 8.39055e+15	4.81e-11	1.43e-06	1.78e-03	5.65e-02	9.42e-01	1.28e-06	0.00e+00	4.33e-12	1.30e-11	2.17e-11	4.74e-07	9.52e-07	2.70e-33
 8.69699e+15	6.28e-11	1.78e-06	2.07e-03	6.12e-02	9.37e-01	1.27e-06	0.00e+00	5.67e-12	1.70e-11	2.83e-11	5.93e-07	1.19e-06	5.22e-33
 8.95277e+15	7.74e-11	2.12e-06	2.35e-03	6.52e-02	9.32e-01	1.28e-06	0.00e+00	6.98e-12	2.09e-11	3.49e-11	7.03e-07	1.41e-06	8.75e-33
 9.20207e+15	9.59e-11	2.53e-06	2.66e-03	6.95e-02	9.28e-01	1.28e-06	0.00e+00	8.66e-12	2.60e-11	4.33e-11	8.41e-07	1.69e-06	1.51e-32
 9.48048e+15	1.21e-10	3.07e-06	3.04e-03	7.44e-02	9.23e-01	1.28e-06	0.00e+00	1.09e-11	3.28e-11	5.47e-11	1.02e-06	2.05e-06	2.67e-32
 9.74413e+15	1.54e-10	3.73e-06	3.45e-03	7.95e-02	9.17e-01	1.29e-06	0.00e+00	1.39e-11	4.16e-11	6.94e-11	1.24e-06	2.49e-06	4.86e-32
 9.98594e+15	1.86e-10	4.39e-06	3.86e-03	8.41e-02	9.12e-01	1.29e-06	0.00e+00	1.69e-11	5.06e-11	8.44e-11	1.46e-06	2.93e-06	7.86e-32
 1.02520e+16	2.31e-10	5.23e-06	4.36e-03	8.95e-02	9.06e-01	1.28e-06	0.00e+00	2.09e-11	6.27e-11	1.05e-10	1.74e-06	3.49e-06	1.29e-31
 1.05978e+16	3.07e-10	6.59e-06	5.12e-03	9.71e-02	8.98e-01	1.29e-06	0.00e+00	2.78e-11	8.35e-11	1.39e-10	2.19e-06	4.40e-06	2.59e-31
 1.09438e+16	3.97e-10	8.16e-06	5.96e-03	1.05e-01	8.89e-01	1.28e-06	0.00e+00	3.60e-11	1.08e-10	1.80e-10	2.72e-06	5.45e-06	4.70e-31
 1.12175e+16	4.84e-10	9.57e-06	6.72e-03	1.11e-01	8.82e-01	1.28e-06	0.00e+00	4.39e-11	1.32e-10	2.20e-10	3.19e-06	6.39e-06	7.32e-31
 1.15006e+16	6.01e-10	1.14e-05	7.62e-03	1.19e-01	8.74e-01	1.28e-06	0.00e+00	5.46e-11	1.64e-10	2.73e-10	3.81e-06	7.63e-06	1.21e-30
 1.18686e+16	8.20e-10	1.47e-05	8.98e-03	1.29e-01	8.62e-01	1.29e-06	0.00e+00	7.46e-11	2.24e-10	3.73e-10	4.90e-06	9.83e-06	2.55e-30
 1.22287e+16	1.06e-09	1.82e-05	1.05e-02	1.39e-01	8.50e-01	1.28e-06	0.00e+00	9.67e-11	2.90e-10	4.83e-10	6.07e-06	1.22e-05	4.52e-30
 1.25015e+16	1.29e-09	2.13e-05	1.18e-02	1.48e-01	8.40e-01	1.28e-06	0.00e+00	1.17e-10	3.52e-10	5.87e-10	7.08e-06	1.42e-05	6.84e-30
 1.27794e+16	1.59e-09	2.53e-05	1.33e-02	1.57e-01	8.29e-01	1.28e-06	0.00e+00	1.45e-10	4.35e-10	7.26e-10	8.41e-06	1.69e-05	1.10e-29
 1.31406e+16	2.17e-09	3.25e-05	1.57e-02	1.71e-01	8.14e-01	1.28e-06	0.00e+00	1.98e-10	5.95e-10	9.91e-10	1.08e-05	2.17e-05	2.31e-29
 1.34964e+16	2.85e-09	4.04e-05	1.83e-02	1.84e-01	7.98e-01	1.29e-06	0.00e+00	2.60e-10	7.80e-10	1.30e-09	1.34e-05	2.69e-05	4.12e-29
 1.37682e+16	3.49e-09	4.78e-05	2.07e-02	1.95e-01	7.84e-01	1.29e-06	0.00e+00	3.19e-10	9.58e-10	1.60e-09	1.59e-05	3.19e-05	6.43e-29
 1.40449e+16	4.41e-09	5.73e-05	2.35e-02	2.07e-01	7.69e-01	1.30e-06	0.00e+00	4.03e-10	1.21e-09	2.01e-09	1.91e-05	3.82e-05	1.07e-28
 1.43548e+16	5.48e-09	6.78e-05	2.69e-02	2.21e-01	7.52e-01	1.29e-06	0.00e+00	5.01e-10	1.50e-09	2.50e-09	2.26e-05	4.52e-05	1.61e-28
 1.46473e+16	7.17e-09	8.45e-05	3.09e-02	2.37e-01	7.32e-01	1.31e-06	0.00e+00	6.57e-10	1.97e-09	3.28e-09	2.82e-05	5.64e-05	3.07e-28
 1.49090e+16	8.83e-09	9.97e-05	3.50e-02	2.51e-01	7.14e-01	1.32e-06	1.65e-12	8.09e-10	2.43e-09	4.04e-09	3.32e-05	6.65e-05	4.70e-28
 1.51915e+16	1.14e-08	1.22e-04	4.02e-02	2.68e-01	6.92e-01	1.33e-06	0.00e+00	1.05e-09	3.14e-09	5.24e-09	4.08e-05	8.16e-05	8.51e-28
 1.54892e+16	1.48e-08	1.50e-04	4.65e-02	2.86e-01	6.67e-01	1.35e-06	1.87e-12	1.36e-09	4.09e-09	6.81e-09	5.01e-05	1.00e-04	1.49e-27
 1.57405e+16	1.80e-08	1.74e-04	5.25e-02	3.02e-01	6.45e-01	1.36e-06	0.00e+00	1.66e-09	4.97e-09	8.28e-09	5.79e-05	1.16e-04	2.11e-27
 1.59664e+16	2.22e-08	2.05e-04	5.91e-02	3.18e-01	6.22e-01	1.37e-06	0.00e+00	2.04e-09	6.12e-09	1.02e-08	6.85e-05	1.37e-04	3.36e-27
 1.61720e+16	2.80e-08	2.46e-04	6.60e-02	3.34e-01	5.99e-01	1.42e-06	2.31e-12	2.58e-09	7.73e-09	1.29e-08	8.21e-05	1.64e-04	5.82e-27
 1.63350e+16	3.26e-08	2.78e-04	7.19e-02	3.47e-01	5.81e-01	1.44e-06	0.00e+00	3.01e-09	9.02e-09	1.50e-08	9.29e-05	1.86e-04	8.22e-27
 1.64961e+16	3.86e-08	3.17e-04	7.87e-02	3.61e-01	5.60e-01	1.46e-06	2.62e-12	3.56e-09	1.07e-08	1.78e-08	1.06e-04	2.11e-04	1.20e-26
 1.67056e+16	4.78e-08	3.73e-04	8.85e-02	3.79e-01	5.32e-01	1.49e-06	0.00e+00	4.41e-09	1.32e-08	2.20e-08	1.24e-04	2.49e-04	1.89e-26
 1.69344e+16	6.22e-08	4.55e-04	1.01e-01	4.00e-01	4.98e-01	1.54e-06	3.31e-12	5.74e-09	1.72e-08	2.87e-08	1.52e-04	3.03e-04	3.48e-26
 1.71312e+16	7.59e-08	5.31e-04	1.13e-01	4.19e-01	4.68e-01	1.56e-06	0.00e+00	7.01e-09	2.10e-08	3.50e-08	1.77e-04	3.54e-04	5.36e-26
 1.72953e+16	8.99e-08	6.00e-04	1.24e-01	4.36e-01	4.40e-01	1.60e-06	0.00e+00	8.32e-09	2.49e-08	4.16e-08	2.00e-04	4.00e-04	7.65e-26
 1.74744e+16	1.16e-07	7.30e-04	1.39e-01	4.55e-01	4.05e-01	1.68e-06	4.85e-12	1.08e-08	3.23e-08	5.38e-08	2.43e-04	4.86e-04	1.48e-25
 1.76554e+16	1.45e-07	8.58e-04	1.55e-01	4.74e-01	3.70e-01	1.76e-06	0.00e+00	1.34e-08	4.03e-08	6.71e-08	2.86e-04	5.72e-04	2.45e-25
 1.77976e+16	1.74e-07	9.82e-04	1.69e-01	4.90e-01	3.40e-01	1.80e-06	6.67e-12	1.61e-08	4.83e-08	8.05e-08	3.27e-04	6.54e-04	3.84e-25
 1.79181e+16	2.03e-07	1.10e-03	1.82e-01	5.03e-01	3.13e-01	1.84e-06	0.00e+00	1.88e-08	5.64e-08	9.40e-08	3.65e-04	7.30e-04	5.47e-25
 1.80515e+16	2.48e-07	1.26e-03	1.99e-01	5.19e-01	2.81e-01	1.92e-06	9.16e-12	2.31e-08	6.92e-08	1.15e-07	4.20e-04	8.40e-04	9.06e-25
 1.81895e+16	3.02e-07	1.44e-03	2.16e-01	5.34e-01	2.48e-01	1.98e-06	0.00e+00	2.82e-08	8.44e-08	1.41e-07	4.81e-04	9.61e-04	1.47e-24
 1.83000e+16	3.50e-07	1.60e-03	2.31e-01	5.45e-01	2.22e-01	1.98e-06	1.25e-11	3.26e-08	9.77e-08	1.63e-07	5.34e-04	1.07e-03	2.11e-24
 1.83921e+16	4.03e-07	1.76e-03	2.45e-01	5.55e-01	1.98e-01	2.04e-06	0.00e+00	3.77e-08	1.13e-07	1.88e-07	5.86e-04	1.17e-03	3.02e-24
 1.84662e+16	4.58e-07	1.89e-03	2.56e-01	5.62e-01	1.80e-01	2.09e-06	1.71e-11	4.28e-08	1.28e-07	2.14e-07	6.31e-04	1.26e-03	4.02e-24
 1.85215e+16	4.99e-07	2.00e-03	2.64e-01	5.68e-01	1.66e-01	2.08e-06	0.00e+00	4.67e-08	1.40e-07	2.33e-07	6.67e-04	1.33e-03	5.03e-24
 1.85795e+16	5.36e-07	2.09e-03	2.73e-01	5.73e-01	1.52e-01	2.05e-06	0.00e+00	5.02e-08	1.50e-07	2.51e-07	6.98e-04	1.39e-03	5.90e-24
 1.86549e+16	6.22e-07	2.28e-03	2.85e-01	5.80e-01	1.33e-01	2.04e-06	0.00e+00	5.83e-08	1.75e-07	2.91e-07	7.62e-04	1.52e-03	8.58e-24
 1.87248e+16	6.94e-07	2.43e-03	2.96e-01	5.85e-01	1.17e-01	1.99e-06	0.00e+00	6.52e-08	1.95e-07	3.26e-07	8.12e-04	1.62e-03	1.12e-23
