#depth	He	He+	He+2
 1.49634e+10	6.59e-23	5.07e-12	1.00e+00
 4.54887e+10	7.40e-23	5.49e-12	1.00e+00
 7.72350e+10	8.28e-23	5.95e-12	1.00e+00
 1.10251e+11	9.29e-23	6.45e-12	1.00e+00
 1.44588e+11	1.04e-22	6.99e-12	1.00e+00
 1.77715e+11	1.16e-22	7.53e-12	1.00e+00
 2.08106e+11	1.28e-22	8.04e-12	1.00e+00
 2.42077e+11	1.42e-22	8.65e-12	1.00e+00
 2.81467e+11	1.61e-22	9.37e-12	1.00e+00
 3.20483e+11	1.81e-22	1.01e-11	1.00e+00
 3.61060e+11	2.03e-22	1.09e-11	1.00e+00
 4.05429e+11	2.30e-22	1.19e-11	1.00e+00
 4.50391e+11	2.60e-22	1.29e-11	1.00e+00
 4.97151e+11	2.95e-22	1.39e-11	1.00e+00
 5.46964e+11	3.36e-22	1.51e-11	1.00e+00
 5.98769e+11	3.83e-22	1.64e-11	1.00e+00
 6.52647e+11	4.37e-22	1.78e-11	1.00e+00
 7.08680e+11	5.00e-22	1.94e-11	1.00e+00
 7.66953e+11	5.72e-22	2.11e-11	1.00e+00
 8.27558e+11	6.56e-22	2.29e-11	1.00e+00
 8.90588e+11	7.53e-22	2.49e-11	1.00e+00
 9.49925e+11	8.55e-22	2.69e-11	1.00e+00
 1.00311e+12	9.54e-22	2.88e-11	1.00e+00
 1.06287e+12	1.07e-21	3.09e-11	1.00e+00
 1.13354e+12	1.24e-21	3.36e-11	1.00e+00
 1.20449e+12	1.42e-21	3.65e-11	1.00e+00
 1.27125e+12	1.60e-21	3.93e-11	1.00e+00
 1.34500e+12	1.83e-21	4.25e-11	1.00e+00
 1.42872e+12	2.12e-21	4.64e-11	1.00e+00
 1.51251e+12	2.44e-21	5.05e-11	1.00e+00
 1.59964e+12	2.81e-21	5.50e-11	1.00e+00
 1.69355e+12	3.26e-21	6.01e-11	1.00e+00
 1.78161e+12	3.73e-21	6.51e-11	1.00e+00
 1.86020e+12	4.18e-21	6.98e-11	1.00e+00
 1.94856e+12	4.74e-21	7.54e-11	1.00e+00
 2.05343e+12	5.49e-21	8.23e-11	1.00e+00
 2.15879e+12	6.33e-21	8.97e-11	1.00e+00
 2.25740e+12	7.19e-21	9.70e-11	1.00e+00
 2.36665e+12	8.23e-21	1.05e-10	1.00e+00
 2.49124e+12	9.58e-21	1.16e-10	1.00e+00
 2.61373e+12	1.10e-20	1.26e-10	1.00e+00
 2.74112e+12	1.27e-20	1.38e-10	1.00e+00
 2.88069e+12	1.48e-20	1.52e-10	1.00e+00
 3.02076e+12	1.71e-20	1.67e-10	1.00e+00
 3.16643e+12	1.97e-20	1.83e-10	1.00e+00
 3.32301e+12	2.28e-20	2.01e-10	1.00e+00
 3.47801e+12	2.62e-20	2.21e-10	1.00e+00
 3.63922e+12	3.01e-20	2.43e-10	1.00e+00
 3.81471e+12	3.48e-20	2.68e-10	1.00e+00
 3.99723e+12	4.01e-20	2.96e-10	1.00e+00
 4.18704e+12	4.62e-20	3.27e-10	1.00e+00
 4.38445e+12	5.31e-20	3.62e-10	1.00e+00
 4.58976e+12	6.09e-20	4.00e-10	1.00e+00
 4.77562e+12	6.87e-20	4.38e-10	1.00e+00
 4.93076e+12	7.55e-20	4.70e-10	1.00e+00
 5.10082e+12	8.34e-20	5.08e-10	1.00e+00
 5.31585e+12	9.42e-20	5.58e-10	1.00e+00
 5.54003e+12	1.06e-19	6.15e-10	1.00e+00
 5.73066e+12	1.17e-19	6.65e-10	1.00e+00
 5.92695e+12	1.29e-19	7.20e-10	1.00e+00
 6.17362e+12	1.45e-19	7.92e-10	1.00e+00
 6.42406e+12	1.63e-19	8.71e-10	1.00e+00
 6.63942e+12	1.79e-19	9.41e-10	1.00e+00
 6.87089e+12	1.97e-19	1.02e-09	1.00e+00
 7.15672e+12	2.22e-19	1.13e-09	1.00e+00
 7.44952e+12	2.49e-19	1.24e-09	1.00e+00
 7.71394e+12	2.75e-19	1.35e-09	1.00e+00
 8.00518e+12	3.06e-19	1.47e-09	1.00e+00
 8.34815e+12	3.46e-19	1.63e-09	1.00e+00
 8.69121e+12	3.90e-19	1.79e-09	1.00e+00
 9.01745e+12	4.37e-19	1.96e-09	1.00e+00
 9.37753e+12	4.94e-19	2.15e-09	1.00e+00
 9.78256e+12	5.65e-19	2.37e-09	1.00e+00
 1.01878e+13	6.46e-19	2.61e-09	1.00e+00
 1.05469e+13	7.26e-19	2.84e-09	1.00e+00
 1.08482e+13	8.00e-19	3.03e-09	1.00e+00
 1.11724e+13	8.86e-19	3.25e-09	1.00e+00
 1.15940e+13	1.01e-18	3.54e-09	1.00e+00
 1.20351e+13	1.16e-18	3.87e-09	1.00e+00
 1.24116e+13	1.30e-18	4.16e-09	1.00e+00
 1.28110e+13	1.46e-18	4.48e-09	1.00e+00
 1.33124e+13	1.69e-18	4.89e-09	1.00e+00
 1.38285e+13	1.96e-18	5.35e-09	1.00e+00
 1.42843e+13	2.23e-18	5.77e-09	1.00e+00
 1.47797e+13	2.56e-18	6.24e-09	1.00e+00
 1.53257e+13	2.96e-18	6.79e-09	1.00e+00
 1.58281e+13	3.38e-18	7.31e-09	1.00e+00
 1.63715e+13	3.89e-18	7.90e-09	1.00e+00
 1.69780e+13	4.52e-18	8.59e-09	1.00e+00
 1.75468e+13	5.20e-18	9.26e-09	1.00e+00
 1.81667e+13	6.02e-18	1.00e-08	1.00e+00
 1.88551e+13	7.05e-18	1.09e-08	1.00e+00
 1.94975e+13	8.13e-18	1.18e-08	1.00e+00
 2.01974e+13	9.46e-18	1.28e-08	1.00e+00
 2.09802e+13	1.11e-17	1.39e-08	1.00e+00
 2.17190e+13	1.29e-17	1.50e-08	1.00e+00
 2.25270e+13	1.51e-17	1.63e-08	1.00e+00
 2.34317e+13	1.79e-17	1.78e-08	1.00e+00
 2.42901e+13	2.10e-17	1.93e-08	1.00e+00
 2.52092e+13	2.46e-17	2.10e-08	1.00e+00
 2.62475e+13	2.93e-17	2.29e-08	1.00e+00
 2.72775e+13	3.46e-17	2.49e-08	1.00e+00
 2.83488e+13	4.08e-17	2.71e-08	1.00e+00
 2.95126e+13	4.85e-17	2.96e-08	1.00e+00
 3.07231e+13	5.75e-17	3.23e-08	1.00e+00
 3.18731e+13	6.73e-17	3.50e-08	1.00e+00
 3.29097e+13	7.72e-17	3.75e-08	1.00e+00
 3.38756e+13	8.74e-17	3.99e-08	1.00e+00
 3.49390e+13	9.95e-17	4.26e-08	1.00e+00
 3.61383e+13	1.15e-16	4.58e-08	1.00e+00
 3.72885e+13	1.31e-16	4.89e-08	1.00e+00
 3.85579e+13	1.50e-16	5.25e-08	1.00e+00
 3.99697e+13	1.75e-16	5.67e-08	1.00e+00
 4.12660e+13	2.00e-16	6.06e-08	1.00e+00
 4.24658e+13	2.25e-16	6.43e-08	1.00e+00
 4.38408e+13	2.57e-16	6.87e-08	1.00e+00
 4.55254e+13	2.99e-16	7.43e-08	1.00e+00
 4.72095e+13	3.48e-16	8.02e-08	1.00e+00
 4.86748e+13	3.94e-16	8.53e-08	1.00e+00
 5.02582e+13	4.49e-16	9.11e-08	1.00e+00
 5.21912e+13	5.22e-16	9.83e-08	1.00e+00
 5.41627e+13	6.08e-16	1.06e-07	1.00e+00
 5.59444e+13	6.91e-16	1.13e-07	1.00e+00
 5.78956e+13	7.92e-16	1.21e-07	1.00e+00
 6.01933e+13	9.23e-16	1.31e-07	1.00e+00
 6.24884e+13	1.07e-15	1.41e-07	1.00e+00
 6.46487e+13	1.23e-15	1.51e-07	1.00e+00
 6.70381e+13	1.41e-15	1.62e-07	1.00e+00
 6.97495e+13	1.65e-15	1.76e-07	1.00e+00
 7.24806e+13	1.92e-15	1.90e-07	1.00e+00
 7.53209e+13	2.23e-15	2.05e-07	1.00e+00
 7.83636e+13	2.60e-15	2.21e-07	1.00e+00
 8.15281e+13	3.03e-15	2.39e-07	1.00e+00
 8.45863e+13	3.50e-15	2.57e-07	1.00e+00
 8.74560e+13	3.98e-15	2.74e-07	1.00e+00
 9.01672e+13	4.48e-15	2.91e-07	1.00e+00
 9.31261e+13	5.07e-15	3.10e-07	1.00e+00
 9.64132e+13	5.80e-15	3.32e-07	1.00e+00
 9.94921e+13	6.55e-15	3.53e-07	1.00e+00
 1.02860e+14	7.44e-15	3.77e-07	1.00e+00
 1.06657e+14	8.56e-15	4.05e-07	1.00e+00
 1.10300e+14	9.76e-15	4.33e-07	1.00e+00
 1.14304e+14	1.12e-14	4.64e-07	1.00e+00
 1.18797e+14	1.30e-14	5.01e-07	1.00e+00
 1.23110e+14	1.49e-14	5.38e-07	1.00e+00
 1.27705e+14	1.72e-14	5.78e-07	1.00e+00
 1.32843e+14	2.01e-14	6.27e-07	1.00e+00
 1.37589e+14	2.29e-14	6.71e-07	1.00e+00
 1.41701e+14	2.58e-14	7.13e-07	1.00e+00
 1.46267e+14	2.91e-14	7.59e-07	1.00e+00
 1.51840e+14	3.37e-14	8.19e-07	1.00e+00
 1.57471e+14	3.87e-14	8.81e-07	1.00e+00
 1.62534e+14	4.39e-14	9.40e-07	1.00e+00
 1.68105e+14	4.99e-14	1.01e-06	1.00e+00
 1.74695e+14	5.80e-14	1.09e-06	1.00e+00
 1.81168e+14	6.69e-14	1.17e-06	1.00e+00
 1.87073e+14	7.54e-14	1.25e-06	1.00e+00
 1.93679e+14	8.63e-14	1.34e-06	1.00e+00
 2.01376e+14	1.00e-13	1.45e-06	1.00e+00
 2.08946e+14	1.15e-13	1.56e-06	1.00e+00
 2.16116e+14	1.31e-13	1.68e-06	1.00e+00
 2.24088e+14	1.50e-13	1.81e-06	1.00e+00
 2.33081e+14	1.75e-13	1.96e-06	1.00e+00
 2.42084e+14	2.02e-13	2.11e-06	1.00e+00
 2.50548e+14	2.29e-13	2.27e-06	1.00e+00
 2.59699e+14	2.62e-13	2.43e-06	1.00e+00
 2.70117e+14	3.04e-13	2.64e-06	1.00e+00
 2.79948e+14	3.47e-13	2.84e-06	1.00e+00
 2.88824e+14	3.89e-13	3.02e-06	1.00e+00
 2.97224e+14	4.32e-13	3.20e-06	1.00e+00
 3.06523e+14	4.84e-13	3.41e-06	1.00e+00
 3.16918e+14	5.45e-13	3.65e-06	1.00e+00
 3.26713e+14	6.10e-13	3.88e-06	1.00e+00
 3.37420e+14	6.85e-13	4.15e-06	1.00e+00
 3.49380e+14	7.77e-13	4.45e-06	1.00e+00
 3.60709e+14	8.71e-13	4.75e-06	1.00e+00
 3.73179e+14	9.82e-13	5.09e-06	1.00e+00
 3.86949e+14	1.12e-12	5.48e-06	1.00e+00
 3.99679e+14	1.25e-12	5.85e-06	1.00e+00
 4.13503e+14	1.42e-12	6.27e-06	1.00e+00
 4.28932e+14	1.61e-12	6.77e-06	1.00e+00
 4.43371e+14	1.81e-12	7.24e-06	1.00e+00
 4.59064e+14	2.04e-12	7.77e-06	1.00e+00
 4.76566e+14	2.33e-12	8.40e-06	1.00e+00
 4.92946e+14	2.62e-12	8.99e-06	1.00e+00
 5.10723e+14	2.97e-12	9.68e-06	1.00e+00
 5.30556e+14	3.39e-12	1.05e-05	1.00e+00
 5.49382e+14	3.83e-12	1.13e-05	1.00e+00
 5.69587e+14	4.33e-12	1.21e-05	1.00e+00
 5.92401e+14	4.97e-12	1.32e-05	1.00e+00
 6.14760e+14	5.66e-12	1.42e-05	1.00e+00
 6.38015e+14	6.46e-12	1.54e-05	1.00e+00
 6.63565e+14	7.41e-12	1.67e-05	1.00e+00
 6.88756e+14	8.46e-12	1.82e-05	1.00e+00
 7.09535e+14	9.38e-12	1.93e-05	1.00e+00
 7.26175e+14	1.02e-11	2.03e-05	1.00e+00
 7.44635e+14	1.11e-11	2.14e-05	1.00e+00
 7.68632e+14	1.25e-11	2.30e-05	1.00e+00
 7.94351e+14	1.40e-11	2.47e-05	1.00e+00
 8.17179e+14	1.55e-11	2.63e-05	1.00e+00
 8.41727e+14	1.74e-11	2.81e-05	1.00e+00
 8.72729e+14	1.97e-11	3.03e-05	1.00e+00
 9.04313e+14	2.26e-11	3.29e-05	1.00e+00
 9.31259e+14	2.51e-11	3.51e-05	1.00e+00
 9.59984e+14	2.80e-11	3.75e-05	1.00e+00
 9.95759e+14	3.22e-11	4.08e-05	1.00e+00
 1.03236e+15	3.69e-11	4.42e-05	1.00e+00
 1.06460e+15	4.14e-11	4.74e-05	1.00e+00
 1.09951e+15	4.65e-11	5.09e-05	1.00e+00
 1.14165e+15	5.41e-11	5.56e-05	1.00e+00
 1.18343e+15	6.15e-11	6.02e-05	1.00e+00
 1.22074e+15	6.98e-11	6.47e-05	1.00e+00
 1.26197e+15	7.86e-11	6.96e-05	1.00e+00
 1.31100e+15	9.18e-11	7.60e-05	1.00e+00
 1.35952e+15	1.06e-10	8.26e-05	1.00e+00
 1.40390e+15	1.19e-10	8.88e-05	1.00e+00
 1.45356e+15	1.37e-10	9.61e-05	1.00e+00
 1.51127e+15	1.59e-10	1.05e-04	1.00e+00
 1.56819e+15	1.84e-10	1.14e-04	1.00e+00
 1.62259e+15	2.10e-10	1.23e-04	1.00e+00
 1.67019e+15	2.35e-10	1.32e-04	1.00e+00
 1.70945e+15	2.59e-10	1.39e-04	1.00e+00
 1.75270e+15	2.86e-10	1.47e-04	1.00e+00
 1.80893e+15	3.23e-10	1.58e-04	1.00e+00
 1.86815e+15	3.68e-10	1.70e-04	1.00e+00
 1.91917e+15	4.10e-10	1.81e-04	1.00e+00
 1.97340e+15	4.56e-10	1.92e-04	1.00e+00
 2.04390e+15	5.27e-10	2.08e-04	1.00e+00
 2.11665e+15	6.05e-10	2.25e-04	1.00e+00
 2.17746e+15	6.79e-10	2.40e-04	1.00e+00
 2.24163e+15	7.63e-10	2.56e-04	1.00e+00
 2.32348e+15	8.82e-10	2.78e-04	1.00e+00
 2.40960e+15	1.01e-09	3.01e-04	1.00e+00
 2.48645e+15	1.15e-09	3.23e-04	1.00e+00
 2.56993e+15	1.32e-09	3.48e-04	1.00e+00
 2.66948e+15	1.55e-09	3.80e-04	1.00e+00
 2.76774e+15	1.79e-09	4.11e-04	1.00e+00
 2.85668e+15	2.04e-09	4.41e-04	1.00e+00
 2.95564e+15	2.34e-09	4.76e-04	1.00e+00
 3.07182e+15	2.76e-09	5.19e-04	9.99e-01
 3.18657e+15	3.20e-09	5.62e-04	9.99e-01
 3.29426e+15	3.67e-09	6.05e-04	9.99e-01
 3.41442e+15	4.23e-09	6.55e-04	9.99e-01
 3.55103e+15	5.00e-09	7.15e-04	9.99e-01
 3.66523e+15	5.70e-09	7.66e-04	9.99e-01
 3.74667e+15	6.24e-09	8.04e-04	9.99e-01
 3.83149e+15	6.84e-09	8.45e-04	9.99e-01
 3.94175e+15	7.58e-09	8.98e-04	9.99e-01
 4.06501e+15	8.75e-09	9.62e-04	9.99e-01
 4.18037e+15	9.67e-09	1.02e-03	9.99e-01
 4.30556e+15	1.11e-08	1.09e-03	9.99e-01
 4.44514e+15	1.27e-08	1.17e-03	9.99e-01
 4.57679e+15	1.42e-08	1.25e-03	9.99e-01
 4.72129e+15	1.60e-08	1.34e-03	9.99e-01
 4.88326e+15	1.88e-08	1.44e-03	9.99e-01
 5.03611e+15	2.13e-08	1.54e-03	9.98e-01
 5.20299e+15	2.43e-08	1.66e-03	9.98e-01
 5.38773e+15	2.78e-08	1.79e-03	9.98e-01
 5.55975e+15	3.24e-08	1.92e-03	9.98e-01
 5.74742e+15	3.72e-08	2.07e-03	9.98e-01
 5.95388e+15	4.23e-08	2.23e-03	9.98e-01
 6.14580e+15	4.85e-08	2.40e-03	9.98e-01
 6.35636e+15	5.71e-08	2.59e-03	9.97e-01
 6.58710e+15	6.60e-08	2.80e-03	9.97e-01
 6.80176e+15	7.48e-08	3.02e-03	9.97e-01
 7.00365e+15	8.49e-08	3.22e-03	9.97e-01
 7.23129e+15	9.95e-08	3.48e-03	9.97e-01
 7.47994e+15	1.14e-07	3.76e-03	9.96e-01
 7.70932e+15	1.29e-07	4.03e-03	9.96e-01
 7.91507e+15	1.45e-07	4.29e-03	9.96e-01
 8.10506e+15	1.61e-07	4.55e-03	9.95e-01
 8.32048e+15	1.81e-07	4.85e-03	9.95e-01
 8.55859e+15	2.06e-07	5.19e-03	9.95e-01
 8.78161e+15	2.36e-07	5.54e-03	9.94e-01
 8.98718e+15	2.62e-07	5.88e-03	9.94e-01
 9.21466e+15	2.93e-07	6.27e-03	9.94e-01
 9.51038e+15	3.44e-07	6.83e-03	9.93e-01
 9.80759e+15	3.93e-07	7.39e-03	9.93e-01
 1.00482e+16	4.39e-07	7.90e-03	9.92e-01
 1.03023e+16	4.96e-07	8.49e-03	9.92e-01
 1.05864e+16	5.82e-07	9.19e-03	9.91e-01
 1.08498e+16	6.59e-07	9.89e-03	9.90e-01
 1.10950e+16	7.43e-07	1.06e-02	9.89e-01
 1.13763e+16	8.49e-07	1.15e-02	9.89e-01
 1.16739e+16	9.90e-07	1.25e-02	9.87e-01
 1.19265e+16	1.12e-06	1.35e-02	9.87e-01
 1.21883e+16	1.27e-06	1.46e-02	9.85e-01
 1.24759e+16	1.45e-06	1.59e-02	9.84e-01
 1.27351e+16	1.70e-06	1.73e-02	9.83e-01
 1.29606e+16	1.91e-06	1.87e-02	9.81e-01
 1.32042e+16	2.18e-06	2.03e-02	9.80e-01
 1.34736e+16	2.57e-06	2.23e-02	9.78e-01
 1.37142e+16	2.92e-06	2.44e-02	9.76e-01
 1.39286e+16	3.29e-06	2.65e-02	9.74e-01
 1.41394e+16	3.75e-06	2.88e-02	9.71e-01
 1.43389e+16	4.38e-06	3.14e-02	9.69e-01
 1.45258e+16	4.94e-06	3.41e-02	9.66e-01
 1.47393e+16	5.68e-06	3.77e-02	9.62e-01
 1.49732e+16	6.75e-06	4.24e-02	9.58e-01
 1.51778e+16	7.97e-06	4.72e-02	9.53e-01
 1.53489e+16	9.25e-06	5.21e-02	9.48e-01
 1.55086e+16	1.07e-05	5.74e-02	9.43e-01
 1.56663e+16	1.24e-05	6.35e-02	9.36e-01
 1.58221e+16	1.45e-05	7.07e-02	9.29e-01
 1.59746e+16	1.71e-05	7.91e-02	9.21e-01
 1.61186e+16	2.02e-05	8.85e-02	9.11e-01
 1.62523e+16	2.44e-05	9.91e-02	9.01e-01
 1.63714e+16	2.77e-05	1.10e-01	8.90e-01
 1.64972e+16	3.36e-05	1.24e-01	8.76e-01
 1.66153e+16	3.91e-05	1.40e-01	8.60e-01
 1.67085e+16	4.59e-05	1.55e-01	8.45e-01
 1.67921e+16	5.24e-05	1.70e-01	8.30e-01
 1.68588e+16	5.85e-05	1.84e-01	8.16e-01
 1.69159e+16	6.45e-05	1.97e-01	8.03e-01
 1.69801e+16	7.17e-05	2.13e-01	7.87e-01
 1.70635e+16	8.46e-05	2.38e-01	7.62e-01
 1.71376e+16	9.67e-05	2.62e-01	7.38e-01
 1.71852e+16	1.06e-04	2.79e-01	7.21e-01
 1.72328e+16	1.16e-04	2.98e-01	7.02e-01
 1.72946e+16	1.32e-04	3.25e-01	6.75e-01
 1.73544e+16	1.48e-04	3.52e-01	6.48e-01
 1.74019e+16	1.63e-04	3.76e-01	6.23e-01
 1.74537e+16	1.81e-04	4.05e-01	5.95e-01
 1.75119e+16	2.03e-04	4.38e-01	5.62e-01
 1.75665e+16	2.26e-04	4.71e-01	5.29e-01
 1.76257e+16	2.53e-04	5.08e-01	4.92e-01
 1.76893e+16	2.84e-04	5.48e-01	4.52e-01
 1.77471e+16	3.14e-04	5.85e-01	4.14e-01
 1.78105e+16	3.49e-04	6.26e-01	3.74e-01
 1.78809e+16	3.88e-04	6.69e-01	3.31e-01
 1.79487e+16	4.28e-04	7.08e-01	2.92e-01
 1.80251e+16	4.73e-04	7.49e-01	2.50e-01
 1.81243e+16	5.30e-04	7.96e-01	2.04e-01
 1.82291e+16	5.86e-04	8.36e-01	1.63e-01
 1.83250e+16	6.35e-04	8.66e-01	1.33e-01
 1.84335e+16	6.88e-04	8.94e-01	1.06e-01
 1.85746e+16	7.51e-04	9.21e-01	7.85e-02
 1.87580e+16	8.28e-04	9.45e-01	5.45e-02
 1.89082e+16	8.88e-04	9.57e-01	4.20e-02
 1.89814e+16	9.17e-04	9.62e-01	3.72e-02
 1.90427e+16	9.44e-04	9.66e-01	3.33e-02
 1.91224e+16	9.79e-04	9.70e-01	2.90e-02
 1.92260e+16	1.02e-03	9.75e-01	2.44e-02
 1.93379e+16	1.08e-03	9.78e-01	2.04e-02
 1.94350e+16	1.12e-03	9.81e-01	1.77e-02
 1.95208e+16	1.17e-03	9.83e-01	1.56e-02
 1.96001e+16	1.22e-03	9.85e-01	1.39e-02
 1.96736e+16	1.26e-03	9.86e-01	1.26e-02
 1.97456e+16	1.31e-03	9.87e-01	1.14e-02
 1.98282e+16	1.36e-03	9.88e-01	1.02e-02
 1.99148e+16	1.43e-03	9.89e-01	9.09e-03
 1.99860e+16	1.49e-03	9.90e-01	8.32e-03
 2.00472e+16	1.54e-03	9.91e-01	7.71e-03
 2.01159e+16	1.61e-03	9.91e-01	7.05e-03
 2.01914e+16	1.68e-03	9.92e-01	6.43e-03
 2.02588e+16	1.76e-03	9.92e-01	5.95e-03
 2.03174e+16	1.83e-03	9.93e-01	5.56e-03
 2.03813e+16	1.91e-03	9.93e-01	5.14e-03
 2.04508e+16	2.02e-03	9.93e-01	4.75e-03
 2.05116e+16	2.11e-03	9.93e-01	4.45e-03
 2.05641e+16	2.20e-03	9.94e-01	4.19e-03
 2.06216e+16	2.30e-03	9.94e-01	3.93e-03
 2.06842e+16	2.43e-03	9.94e-01	3.67e-03
 2.07395e+16	2.56e-03	9.94e-01	3.46e-03
 2.07882e+16	2.68e-03	9.94e-01	3.29e-03
 2.08425e+16	2.82e-03	9.94e-01	3.10e-03
 2.09013e+16	3.00e-03	9.94e-01	2.92e-03
 2.09527e+16	3.17e-03	9.94e-01	2.77e-03
 2.09975e+16	3.33e-03	9.94e-01	2.65e-03
 2.10472e+16	3.53e-03	9.94e-01	2.51e-03
 2.11021e+16	3.77e-03	9.94e-01	2.37e-03
 2.11516e+16	4.03e-03	9.94e-01	2.26e-03
 2.11958e+16	4.27e-03	9.94e-01	2.17e-03
 2.12448e+16	4.58e-03	9.93e-01	2.06e-03
 2.12992e+16	4.97e-03	9.93e-01	1.96e-03
 2.13490e+16	5.39e-03	9.93e-01	1.86e-03
 2.13945e+16	5.81e-03	9.92e-01	1.79e-03
 2.14459e+16	6.38e-03	9.92e-01	1.70e-03
 2.15001e+16	7.09e-03	9.91e-01	1.62e-03
 2.15446e+16	7.80e-03	9.91e-01	1.56e-03
 2.15816e+16	8.47e-03	9.90e-01	1.51e-03
 2.16157e+16	9.20e-03	9.89e-01	1.46e-03
 2.16481e+16	1.00e-02	9.89e-01	1.42e-03
 2.16795e+16	1.09e-02	9.88e-01	1.38e-03
 2.17100e+16	1.19e-02	9.87e-01	1.35e-03
 2.17390e+16	1.30e-02	9.86e-01	1.31e-03
 2.17660e+16	1.42e-02	9.85e-01	1.29e-03
 2.17921e+16	1.55e-02	9.83e-01	1.26e-03
 2.18175e+16	1.71e-02	9.82e-01	1.24e-03
 2.18418e+16	1.88e-02	9.80e-01	1.22e-03
 2.18650e+16	2.06e-02	9.78e-01	1.20e-03
 2.18877e+16	2.27e-02	9.76e-01	1.19e-03
 2.19100e+16	2.52e-02	9.74e-01	1.18e-03
 2.19315e+16	2.80e-02	9.71e-01	1.17e-03
 2.19520e+16	3.11e-02	9.68e-01	1.16e-03
 2.19720e+16	3.47e-02	9.64e-01	1.16e-03
 2.19914e+16	3.88e-02	9.60e-01	1.16e-03
 2.20098e+16	4.33e-02	9.55e-01	1.16e-03
 2.20270e+16	4.83e-02	9.50e-01	1.16e-03
 2.20434e+16	5.37e-02	9.45e-01	1.18e-03
 2.20602e+16	6.04e-02	9.38e-01	1.19e-03
 2.20769e+16	6.81e-02	9.31e-01	1.20e-03
 2.20916e+16	7.62e-02	9.23e-01	1.22e-03
 2.21048e+16	8.43e-02	9.15e-01	1.24e-03
 2.21170e+16	9.29e-02	9.06e-01	1.26e-03
 2.21285e+16	1.02e-01	8.97e-01	1.29e-03
 2.21393e+16	1.12e-01	8.87e-01	1.30e-03
 2.21493e+16	1.22e-01	8.77e-01	1.33e-03
 2.21572e+16	1.30e-01	8.69e-01	1.35e-03
 2.21622e+16	1.36e-01	8.63e-01	1.36e-03
 2.21668e+16	1.41e-01	8.57e-01	1.37e-03
 2.21720e+16	1.48e-01	8.50e-01	1.39e-03
 2.21778e+16	1.56e-01	8.43e-01	1.41e-03
 2.21835e+16	1.64e-01	8.34e-01	1.42e-03
 2.21887e+16	1.72e-01	8.26e-01	1.44e-03
 2.21939e+16	1.81e-01	8.18e-01	1.45e-03
 2.21991e+16	1.90e-01	8.09e-01	1.47e-03
 2.22042e+16	1.99e-01	8.00e-01	1.49e-03
 2.22093e+16	2.08e-01	7.90e-01	1.50e-03
 2.22143e+16	2.19e-01	7.80e-01	1.52e-03
 2.22193e+16	2.29e-01	7.70e-01	1.54e-03
 2.22242e+16	2.40e-01	7.59e-01	1.55e-03
 2.22291e+16	2.51e-01	7.48e-01	1.57e-03
 2.22339e+16	2.63e-01	7.36e-01	1.58e-03
 2.22387e+16	2.75e-01	7.24e-01	1.60e-03
 2.22434e+16	2.87e-01	7.11e-01	1.61e-03
 2.22480e+16	3.00e-01	6.99e-01	1.63e-03
 2.22527e+16	3.13e-01	6.85e-01	1.64e-03
 2.22572e+16	3.26e-01	6.72e-01	1.66e-03
 2.22618e+16	3.40e-01	6.58e-01	1.67e-03
 2.22663e+16	3.55e-01	6.44e-01	1.68e-03
 2.22706e+16	3.69e-01	6.29e-01	1.69e-03
 2.22750e+16	3.84e-01	6.15e-01	1.70e-03
 2.22793e+16	3.99e-01	6.00e-01	1.70e-03
 2.22836e+16	4.14e-01	5.84e-01	1.71e-03
 2.22878e+16	4.30e-01	5.69e-01	1.72e-03
 2.22919e+16	4.45e-01	5.53e-01	1.72e-03
 2.22960e+16	4.60e-01	5.38e-01	1.72e-03
 2.23001e+16	4.76e-01	5.22e-01	1.73e-03
 2.23041e+16	4.92e-01	5.07e-01	1.73e-03
 2.23079e+16	5.07e-01	4.91e-01	1.73e-03
 2.23117e+16	5.22e-01	4.76e-01	1.73e-03
 2.23154e+16	5.37e-01	4.61e-01	1.72e-03
 2.23191e+16	5.52e-01	4.46e-01	1.72e-03
 2.23227e+16	5.67e-01	4.31e-01	1.71e-03
 2.23263e+16	5.81e-01	4.17e-01	1.70e-03
 2.23297e+16	5.95e-01	4.03e-01	1.69e-03
 2.23331e+16	6.09e-01	3.89e-01	1.68e-03
 2.23365e+16	6.23e-01	3.75e-01	1.67e-03
 2.23399e+16	6.36e-01	3.62e-01	1.65e-03
 2.23431e+16	6.49e-01	3.49e-01	1.64e-03
 2.23464e+16	6.62e-01	3.37e-01	1.62e-03
 2.23495e+16	6.74e-01	3.24e-01	1.60e-03
 2.23526e+16	6.86e-01	3.13e-01	1.59e-03
 2.23558e+16	6.98e-01	3.01e-01	1.57e-03
 2.23589e+16	7.09e-01	2.89e-01	1.55e-03
 2.23619e+16	7.20e-01	2.78e-01	1.52e-03
 2.23650e+16	7.31e-01	2.68e-01	1.50e-03
 2.23680e+16	7.41e-01	2.57e-01	1.48e-03
 2.23710e+16	7.52e-01	2.47e-01	1.45e-03
 2.23740e+16	7.62e-01	2.37e-01	1.43e-03
 2.23766e+16	7.70e-01	2.29e-01	1.41e-03
 2.23787e+16	7.76e-01	2.23e-01	1.39e-03
 2.23805e+16	7.82e-01	2.17e-01	1.37e-03
 2.23825e+16	7.88e-01	2.11e-01	1.35e-03
 2.23845e+16	7.94e-01	2.04e-01	1.32e-03
 2.23865e+16	8.00e-01	1.99e-01	1.31e-03
 2.23883e+16	8.05e-01	1.94e-01	1.29e-03
 2.23902e+16	8.10e-01	1.88e-01	1.27e-03
 2.23919e+16	8.15e-01	1.84e-01	1.25e-03
 2.23937e+16	8.20e-01	1.79e-01	1.23e-03
 2.23953e+16	8.24e-01	1.75e-01	1.21e-03
 2.23970e+16	8.28e-01	1.70e-01	1.20e-03
 2.23986e+16	8.32e-01	1.66e-01	1.18e-03
 2.24002e+16	8.36e-01	1.62e-01	1.16e-03
 2.24018e+16	8.40e-01	1.59e-01	1.14e-03
 2.24034e+16	8.44e-01	1.55e-01	1.13e-03
 2.24050e+16	8.47e-01	1.51e-01	1.11e-03
 2.24065e+16	8.51e-01	1.48e-01	1.09e-03
 2.24081e+16	8.54e-01	1.45e-01	1.07e-03
 2.24096e+16	8.58e-01	1.41e-01	1.06e-03
 2.24112e+16	8.61e-01	1.38e-01	1.04e-03
 2.24127e+16	8.64e-01	1.35e-01	1.02e-03
 2.24143e+16	8.67e-01	1.32e-01	1.01e-03
 2.24159e+16	8.70e-01	1.29e-01	9.90e-04
 2.24176e+16	8.73e-01	1.26e-01	9.72e-04
 2.24193e+16	8.76e-01	1.23e-01	9.54e-04
 2.24211e+16	8.79e-01	1.20e-01	9.36e-04
 2.24230e+16	8.83e-01	1.16e-01	9.17e-04
 2.24251e+16	8.86e-01	1.13e-01	8.96e-04
 2.24275e+16	8.90e-01	1.09e-01	8.73e-04
 2.24301e+16	8.94e-01	1.05e-01	8.48e-04
 2.24331e+16	8.98e-01	1.01e-01	8.21e-04
 2.24361e+16	9.02e-01	9.73e-02	7.94e-04
 2.24391e+16	9.06e-01	9.37e-02	7.68e-04
 2.24420e+16	9.09e-01	9.02e-02	7.43e-04
 2.24449e+16	9.12e-01	8.70e-02	7.19e-04
 2.24477e+16	9.15e-01	8.42e-02	6.96e-04
 2.24503e+16	9.18e-01	8.17e-02	6.76e-04
 2.24526e+16	9.20e-01	7.95e-02	6.59e-04
 2.24547e+16	9.22e-01	7.76e-02	6.42e-04
 2.24570e+16	9.24e-01	7.56e-02	6.26e-04
 2.24595e+16	9.26e-01	7.36e-02	6.10e-04
 2.24618e+16	9.27e-01	7.19e-02	5.95e-04
 2.24639e+16	9.29e-01	7.05e-02	5.83e-04
 2.24662e+16	9.31e-01	6.88e-02	5.68e-04
 2.24686e+16	9.32e-01	6.73e-02	5.55e-04
 2.24708e+16	9.33e-01	6.60e-02	5.43e-04
 2.24733e+16	9.35e-01	6.45e-02	5.30e-04
 2.24759e+16	9.36e-01	6.31e-02	5.18e-04
 2.24783e+16	9.38e-01	6.19e-02	5.07e-04
 2.24810e+16	9.39e-01	6.06e-02	4.94e-04
 2.24838e+16	9.40e-01	5.94e-02	4.83e-04
 2.24864e+16	9.41e-01	5.83e-02	4.73e-04
 2.24892e+16	9.42e-01	5.71e-02	4.61e-04
 2.24923e+16	9.44e-01	5.60e-02	4.51e-04
 2.24951e+16	9.44e-01	5.51e-02	4.42e-04
 2.24981e+16	9.45e-01	5.41e-02	4.32e-04
 2.25014e+16	9.46e-01	5.32e-02	4.23e-04
 2.25044e+16	9.47e-01	5.23e-02	4.15e-04
 2.25077e+16	9.48e-01	5.15e-02	4.06e-04
 2.25120e+16	9.49e-01	5.05e-02	3.96e-04
 2.25166e+16	9.50e-01	4.96e-02	3.87e-04
 2.25208e+16	9.51e-01	4.88e-02	3.79e-04
 2.25246e+16	9.52e-01	4.81e-02	3.71e-04
 2.25288e+16	9.52e-01	4.74e-02	3.63e-04
 2.25342e+16	9.53e-01	4.66e-02	3.55e-04
 2.25401e+16	9.54e-01	4.60e-02	3.48e-04
 2.25454e+16	9.54e-01	4.54e-02	3.41e-04
 2.25513e+16	9.55e-01	4.47e-02	3.33e-04
 2.25589e+16	9.56e-01	4.40e-02	3.25e-04
 2.25671e+16	9.56e-01	4.34e-02	3.18e-04
 2.25745e+16	9.57e-01	4.29e-02	3.12e-04
 2.25827e+16	9.57e-01	4.23e-02	3.04e-04
 2.25934e+16	9.58e-01	4.16e-02	2.96e-04
 2.26049e+16	9.59e-01	4.09e-02	2.87e-04
 2.26153e+16	9.59e-01	4.05e-02	2.81e-04
 2.26268e+16	9.60e-01	3.99e-02	2.74e-04
 2.26392e+16	9.60e-01	3.94e-02	2.67e-04
 2.26504e+16	9.61e-01	3.89e-02	2.60e-04
 2.26628e+16	9.61e-01	3.83e-02	2.53e-04
 2.26761e+16	9.62e-01	3.78e-02	2.46e-04
 2.26882e+16	9.62e-01	3.73e-02	2.40e-04
 2.27015e+16	9.63e-01	3.67e-02	2.33e-04
 2.27158e+16	9.64e-01	3.62e-02	2.26e-04
 2.27289e+16	9.64e-01	3.57e-02	2.20e-04
 2.27432e+16	9.65e-01	3.52e-02	2.14e-04
 2.27586e+16	9.65e-01	3.46e-02	2.07e-04
 2.27727e+16	9.66e-01	3.42e-02	2.02e-04
 2.27881e+16	9.66e-01	3.36e-02	1.95e-04
 2.28047e+16	9.67e-01	3.31e-02	1.89e-04
 2.28198e+16	9.67e-01	3.26e-02	1.84e-04
 2.28336e+16	9.68e-01	3.22e-02	1.79e-04
 2.28487e+16	9.68e-01	3.17e-02	1.74e-04
 2.28649e+16	9.69e-01	3.12e-02	1.68e-04
 2.28798e+16	9.69e-01	3.07e-02	1.64e-04
 2.28960e+16	9.70e-01	3.02e-02	1.59e-04
 2.29135e+16	9.70e-01	2.98e-02	1.54e-04
 2.29295e+16	9.71e-01	2.93e-02	1.49e-04
 2.29440e+16	9.71e-01	2.89e-02	1.45e-04
 2.29599e+16	9.71e-01	2.85e-02	1.41e-04
 2.29771e+16	9.72e-01	2.80e-02	1.36e-04
 2.29927e+16	9.72e-01	2.76e-02	1.33e-04
 2.30098e+16	9.73e-01	2.72e-02	1.28e-04
 2.30283e+16	9.73e-01	2.67e-02	1.24e-04
 2.30451e+16	9.74e-01	2.63e-02	1.21e-04
 2.30635e+16	9.74e-01	2.58e-02	1.16e-04
 2.30834e+16	9.74e-01	2.54e-02	1.13e-04
 2.31015e+16	9.75e-01	2.50e-02	1.09e-04
 2.31180e+16	9.75e-01	2.46e-02	1.06e-04
 2.31361e+16	9.76e-01	2.42e-02	1.03e-04
 2.31556e+16	9.76e-01	2.38e-02	9.93e-05
 2.31733e+16	9.76e-01	2.35e-02	9.64e-05
 2.31928e+16	9.77e-01	2.31e-02	9.31e-05
 2.32137e+16	9.77e-01	2.27e-02	9.00e-05
 2.32328e+16	9.78e-01	2.23e-02	8.72e-05
 2.32538e+16	9.78e-01	2.19e-02	8.41e-05
 2.32764e+16	9.78e-01	2.15e-02	8.11e-05
 2.32969e+16	9.79e-01	2.11e-02	7.84e-05
 2.33156e+16	9.79e-01	2.08e-02	7.61e-05
 2.33361e+16	9.79e-01	2.04e-02	7.35e-05
 2.33583e+16	9.80e-01	2.01e-02	7.10e-05
 2.33784e+16	9.80e-01	1.98e-02	6.88e-05
 2.34005e+16	9.81e-01	1.94e-02	6.64e-05
 2.34243e+16	9.81e-01	1.90e-02	6.40e-05
 2.34460e+16	9.81e-01	1.87e-02	6.19e-05
 2.34697e+16	9.82e-01	1.84e-02	5.96e-05
 2.34954e+16	9.82e-01	1.80e-02	5.73e-05
 2.35187e+16	9.82e-01	1.77e-02	5.54e-05
 2.35443e+16	9.83e-01	1.73e-02	5.32e-05
 2.35719e+16	9.83e-01	1.70e-02	5.11e-05
 2.35970e+16	9.83e-01	1.67e-02	4.93e-05
 2.36246e+16	9.84e-01	1.63e-02	4.72e-05
 2.36543e+16	9.84e-01	1.60e-02	4.53e-05
 2.36813e+16	9.84e-01	1.57e-02	4.36e-05
 2.37060e+16	9.85e-01	1.54e-02	4.21e-05
 2.37329e+16	9.85e-01	1.51e-02	4.05e-05
 2.37620e+16	9.85e-01	1.48e-02	3.89e-05
 2.37885e+16	9.85e-01	1.45e-02	3.75e-05
 2.38176e+16	9.86e-01	1.42e-02	3.60e-05
 2.38489e+16	9.86e-01	1.39e-02	3.45e-05
 2.38775e+16	9.86e-01	1.36e-02	3.32e-05
 2.39087e+16	9.87e-01	1.33e-02	3.18e-05
 2.39425e+16	9.87e-01	1.30e-02	3.04e-05
 2.39732e+16	9.87e-01	1.28e-02	2.93e-05
 2.40068e+16	9.87e-01	1.25e-02	2.80e-05
 2.40432e+16	9.88e-01	1.22e-02	2.67e-05
 2.40762e+16	9.88e-01	1.19e-02	2.56e-05
 2.41124e+16	9.88e-01	1.17e-02	2.44e-05
 2.41516e+16	9.89e-01	1.14e-02	2.32e-05
 2.41871e+16	9.89e-01	1.11e-02	2.23e-05
 2.42261e+16	9.89e-01	1.08e-02	2.12e-05
 2.42683e+16	9.89e-01	1.06e-02	2.01e-05
 2.43066e+16	9.90e-01	1.03e-02	1.92e-05
 2.43485e+16	9.90e-01	1.01e-02	1.83e-05
 2.43939e+16	9.90e-01	9.79e-03	1.73e-05
 2.44351e+16	9.90e-01	9.55e-03	1.65e-05
 2.44803e+16	9.91e-01	9.29e-03	1.56e-05
 2.45291e+16	9.91e-01	9.03e-03	1.48e-05
 2.45735e+16	9.91e-01	8.81e-03	1.41e-05
 2.46222e+16	9.91e-01	8.56e-03	1.33e-05
 2.46747e+16	9.92e-01	8.31e-03	1.25e-05
 2.47225e+16	9.92e-01	8.09e-03	1.19e-05
 2.47749e+16	9.92e-01	7.85e-03	1.12e-05
 2.48314e+16	9.92e-01	7.61e-03	1.06e-05
 2.48934e+16	9.93e-01	7.35e-03	9.85e-06
 2.49691e+16	9.93e-01	7.05e-03	9.06e-06
 2.50507e+16	9.93e-01	6.75e-03	8.32e-06
 2.51330e+16	9.94e-01	6.46e-03	7.64e-06
 2.52177e+16	9.94e-01	6.18e-03	7.00e-06
 2.53061e+16	9.94e-01	5.91e-03	6.40e-06
 2.53979e+16	9.94e-01	5.64e-03	5.84e-06
 2.54930e+16	9.95e-01	5.38e-03	5.32e-06
 2.55909e+16	9.95e-01	5.13e-03	4.84e-06
 2.56910e+16	9.95e-01	4.88e-03	4.40e-06
 2.57927e+16	9.95e-01	4.65e-03	3.99e-06
 2.58963e+16	9.96e-01	4.43e-03	3.62e-06
 2.60019e+16	9.96e-01	4.22e-03	3.29e-06
 2.61094e+16	9.96e-01	4.01e-03	2.98e-06
 2.62190e+16	9.96e-01	3.82e-03	2.70e-06
 2.63305e+16	9.96e-01	3.63e-03	2.44e-06
 2.64441e+16	9.97e-01	3.45e-03	2.21e-06
 2.65581e+16	9.97e-01	3.29e-03	2.00e-06
 2.66738e+16	9.97e-01	3.12e-03	1.81e-06
 2.67937e+16	9.97e-01	2.97e-03	1.64e-06
 2.69166e+16	9.97e-01	2.81e-03	1.47e-06
 2.70415e+16	9.97e-01	2.67e-03	1.33e-06
 2.71684e+16	9.97e-01	2.53e-03	1.19e-06
 2.72976e+16	9.98e-01	2.40e-03	1.07e-06
 2.74294e+16	9.98e-01	2.27e-03	9.65e-07
 2.75638e+16	9.98e-01	2.15e-03	8.66e-07
 2.77008e+16	9.98e-01	2.04e-03	7.76e-07
 2.78406e+16	9.98e-01	1.93e-03	6.94e-07
 2.79833e+16	9.98e-01	1.82e-03	6.20e-07
 2.81290e+16	9.98e-01	1.72e-03	5.53e-07
 2.82777e+16	9.98e-01	1.62e-03	4.93e-07
 2.84295e+16	9.98e-01	1.53e-03	4.39e-07
 2.85846e+16	9.99e-01	1.44e-03	3.90e-07
 2.87432e+16	9.99e-01	1.36e-03	3.46e-07
 2.89055e+16	9.99e-01	1.28e-03	3.06e-07
 2.90715e+16	9.99e-01	1.20e-03	2.70e-07
 2.92415e+16	9.99e-01	1.13e-03	2.38e-07
 2.94157e+16	9.99e-01	1.06e-03	2.10e-07
 2.95943e+16	9.99e-01	9.89e-04	1.84e-07
 2.97776e+16	9.99e-01	9.25e-04	1.61e-07
 2.99657e+16	9.99e-01	8.65e-04	1.41e-07
 3.01591e+16	9.99e-01	8.07e-04	1.22e-07
 3.03583e+16	9.99e-01	7.52e-04	1.06e-07
 3.05605e+16	9.99e-01	7.01e-04	9.23e-08
 3.07669e+16	9.99e-01	6.52e-04	7.97e-08
 3.09840e+16	9.99e-01	6.04e-04	6.85e-08
 3.12115e+16	9.99e-01	5.59e-04	5.85e-08
 3.14469e+16	9.99e-01	5.15e-04	4.97e-08
 3.16904e+16	1.00e+00	4.74e-04	4.21e-08
 3.19437e+16	1.00e+00	4.35e-04	3.54e-08
 3.22084e+16	1.00e+00	3.98e-04	2.95e-08
 3.24854e+16	1.00e+00	3.63e-04	2.45e-08
 3.27769e+16	1.00e+00	3.29e-04	2.01e-08
 3.30842e+16	1.00e+00	2.97e-04	1.64e-08
 3.34084e+16	1.00e+00	2.67e-04	1.32e-08
 3.37545e+16	1.00e+00	2.38e-04	1.05e-08
 3.41254e+16	1.00e+00	2.11e-04	8.22e-09
 3.45221e+16	1.00e+00	1.86e-04	6.34e-09
 3.49507e+16	1.00e+00	1.62e-04	4.80e-09
 3.54196e+16	1.00e+00	1.39e-04	3.54e-09
 3.59383e+16	1.00e+00	1.18e-04	2.53e-09
 3.65195e+16	1.00e+00	9.80e-05	1.75e-09
 3.71756e+16	1.00e+00	7.96e-05	1.15e-09
 3.79270e+16	1.00e+00	6.29e-05	7.18e-10
 3.87468e+16	1.00e+00	4.89e-05	4.35e-10
 3.95715e+16	1.00e+00	3.82e-05	2.65e-10
 4.03859e+16	1.00e+00	2.99e-05	1.63e-10
 4.12043e+16	1.00e+00	2.35e-05	1.01e-10
 4.20400e+16	1.00e+00	1.84e-05	6.21e-11
 4.28960e+16	1.00e+00	1.43e-05	3.80e-11
 4.37675e+16	1.00e+00	1.12e-05	2.33e-11
 4.46589e+16	1.00e+00	8.73e-06	1.43e-11
 4.55782e+16	1.00e+00	6.78e-06	8.67e-12
 4.65235e+16	1.00e+00	5.25e-06	5.24e-12
 4.74922e+16	1.00e+00	4.07e-06	3.17e-12
 4.84931e+16	1.00e+00	3.14e-06	1.90e-12
 4.95345e+16	1.00e+00	2.41e-06	1.12e-12
 5.06146e+16	1.00e+00	1.84e-06	6.60e-13
 5.17372e+16	1.00e+00	1.40e-06	3.84e-13
 5.29117e+16	1.00e+00	1.06e-06	2.21e-13
 5.41473e+16	1.00e+00	7.94e-07	1.25e-13
 5.54532e+16	1.00e+00	5.90e-07	6.92e-14
 5.68364e+16	1.00e+00	4.34e-07	3.76e-14
 5.83099e+16	1.00e+00	3.15e-07	1.99e-14
 5.98548e+16	1.00e+00	2.28e-07	1.04e-14
 6.14208e+16	1.00e+00	1.65e-07	5.51e-15
 6.29868e+16	1.00e+00	1.21e-07	2.96e-15
 6.45528e+16	1.00e+00	8.92e-08	1.62e-15
 6.61188e+16	1.00e+00	6.62e-08	8.94e-16
 6.76849e+16	1.00e+00	4.96e-08	5.02e-16
 6.94858e+16	1.00e+00	3.55e-08	2.58e-16
 7.15523e+16	1.00e+00	2.47e-08	1.25e-16
 7.36495e+16	1.00e+00	1.73e-08	6.13e-17
 7.58616e+16	1.00e+00	1.19e-08	2.93e-17
 7.82482e+16	1.00e+00	8.13e-09	1.36e-17
 8.07064e+16	1.00e+00	5.55e-09	6.36e-18
 8.31763e+16	1.00e+00	3.82e-09	3.03e-18
 8.57098e+16	1.00e+00	2.64e-09	1.44e-18
 8.83574e+16	1.00e+00	1.81e-09	6.79e-19
 9.10783e+16	1.00e+00	1.24e-09	3.21e-19
 9.38424e+16	1.00e+00	8.58e-10	1.53e-19
 9.66462e+16	1.00e+00	5.95e-10	7.38e-20
 9.94786e+16	1.00e+00	4.16e-10	3.61e-20
 1.02321e+17	1.00e+00	2.93e-10	1.79e-20
 1.05163e+17	1.00e+00	2.08e-10	9.05e-21
 1.08005e+17	1.00e+00	1.49e-10	0.00e+00
 1.10847e+17	1.00e+00	1.08e-10	0.00e+00
 1.13698e+17	1.00e+00	7.84e-11	0.00e+00
 1.16553e+17	1.00e+00	5.74e-11	0.00e+00
 1.19376e+17	1.00e+00	4.26e-11	0.00e+00
 1.22136e+17	1.00e+00	3.20e-11	0.00e+00
 1.24822e+17	1.00e+00	2.44e-11	0.00e+00
 1.27431e+17	1.00e+00	1.89e-11	0.00e+00
 1.29959e+17	1.00e+00	1.49e-11	0.00e+00
 1.32394e+17	1.00e+00	1.19e-11	0.00e+00
 1.34735e+17	1.00e+00	9.64e-12	0.00e+00
 1.36977e+17	1.00e+00	7.94e-12	0.00e+00
 1.39118e+17	1.00e+00	6.64e-12	0.00e+00
 1.41157e+17	1.00e+00	5.63e-12	0.00e+00
 1.43098e+17	1.00e+00	4.85e-12	0.00e+00
 1.44943e+17	1.00e+00	4.22e-12	0.00e+00
 1.46695e+17	1.00e+00	3.73e-12	0.00e+00
 1.48356e+17	1.00e+00	3.33e-12	0.00e+00
 1.49930e+17	1.00e+00	3.00e-12	0.00e+00
 1.51422e+17	1.00e+00	2.74e-12	0.00e+00
 1.52835e+17	1.00e+00	2.51e-12	0.00e+00
 1.54174e+17	1.00e+00	2.33e-12	0.00e+00
 1.55443e+17	1.00e+00	2.18e-12	0.00e+00
 1.56644e+17	1.00e+00	2.05e-12	0.00e+00
 1.57782e+17	1.00e+00	1.93e-12	0.00e+00
 1.58861e+17	1.00e+00	1.84e-12	0.00e+00
 1.59884e+17	1.00e+00	1.76e-12	0.00e+00
 1.60853e+17	1.00e+00	1.68e-12	0.00e+00
 1.61771e+17	1.00e+00	1.62e-12	0.00e+00
 1.62643e+17	1.00e+00	1.57e-12	0.00e+00
 1.63469e+17	1.00e+00	1.52e-12	0.00e+00
 1.64254e+17	1.00e+00	1.48e-12	0.00e+00
 1.64999e+17	1.00e+00	1.44e-12	0.00e+00
 1.65707e+17	1.00e+00	1.40e-12	0.00e+00
 1.66380e+17	1.00e+00	1.37e-12	0.00e+00
 1.67020e+17	1.00e+00	1.35e-12	0.00e+00
 1.67628e+17	1.00e+00	1.32e-12	0.00e+00
 1.68207e+17	1.00e+00	1.30e-12	0.00e+00
 1.68758e+17	1.00e+00	1.28e-12	0.00e+00
 1.69283e+17	1.00e+00	1.26e-12	0.00e+00
 1.69783e+17	1.00e+00	1.25e-12	0.00e+00
 1.70261e+17	1.00e+00	1.23e-12	0.00e+00
 1.70717e+17	1.00e+00	1.22e-12	0.00e+00
 1.71153e+17	1.00e+00	1.20e-12	0.00e+00
 1.71569e+17	1.00e+00	1.19e-12	0.00e+00
 1.71968e+17	1.00e+00	1.18e-12	0.00e+00
 1.72350e+17	1.00e+00	1.17e-12	0.00e+00
 1.72717e+17	1.00e+00	1.16e-12	0.00e+00
 1.73069e+17	1.00e+00	1.15e-12	0.00e+00
 1.73408e+17	1.00e+00	1.15e-12	0.00e+00
 1.73734e+17	1.00e+00	1.14e-12	0.00e+00
 1.74049e+17	1.00e+00	1.13e-12	0.00e+00
 1.74353e+17	1.00e+00	1.12e-12	0.00e+00
 1.74648e+17	1.00e+00	1.12e-12	0.00e+00
 1.74935e+17	1.00e+00	1.11e-12	0.00e+00
 1.75214e+17	1.00e+00	1.10e-12	0.00e+00
 1.75487e+17	1.00e+00	1.10e-12	0.00e+00
 1.75754e+17	1.00e+00	1.09e-12	0.00e+00
 1.76016e+17	1.00e+00	1.09e-12	0.00e+00
 1.76275e+17	1.00e+00	1.08e-12	0.00e+00
 1.76532e+17	1.00e+00	1.08e-12	0.00e+00
 1.76789e+17	1.00e+00	1.07e-12	0.00e+00
 1.77046e+17	1.00e+00	1.07e-12	0.00e+00
 1.77306e+17	1.00e+00	1.06e-12	0.00e+00
 1.77570e+17	1.00e+00	1.06e-12	0.00e+00
 1.77841e+17	1.00e+00	1.05e-12	0.00e+00
 1.78121e+17	1.00e+00	1.05e-12	0.00e+00
 1.78415e+17	1.00e+00	1.04e-12	0.00e+00
 1.78727e+17	1.00e+00	1.04e-12	0.00e+00
 1.79063e+17	1.00e+00	1.03e-12	0.00e+00
 1.79431e+17	1.00e+00	1.02e-12	0.00e+00
 1.79842e+17	1.00e+00	1.02e-12	0.00e+00
 1.80312e+17	1.00e+00	1.01e-12	0.00e+00
 1.80863e+17	1.00e+00	9.97e-13	0.00e+00
 1.81532e+17	1.00e+00	9.84e-13	0.00e+00
 1.82371e+17	1.00e+00	9.68e-13	0.00e+00
 1.83454e+17	1.00e+00	9.46e-13	0.00e+00
 1.84861e+17	1.00e+00	9.17e-13	0.00e+00
 1.86690e+17	1.00e+00	8.78e-13	0.00e+00
 1.89068e+17	1.00e+00	8.27e-13	0.00e+00
 1.92160e+17	1.00e+00	7.63e-13	0.00e+00
 1.96179e+17	1.00e+00	6.84e-13	0.00e+00
 2.01404e+17	1.00e+00	5.92e-13	0.00e+00
 2.08196e+17	1.00e+00	4.88e-13	0.00e+00
 2.16275e+17	1.00e+00	3.79e-13	0.00e+00
 2.24926e+17	1.00e+00	3.17e-13	0.00e+00
 2.33923e+17	1.00e+00	2.84e-13	0.00e+00
 2.43280e+17	1.00e+00	2.57e-13	0.00e+00
 2.53012e+17	1.00e+00	2.32e-13	0.00e+00
 2.63132e+17	1.00e+00	2.09e-13	0.00e+00
 2.73658e+17	1.00e+00	1.86e-13	0.00e+00
 2.84604e+17	1.00e+00	1.65e-13	0.00e+00
 2.95988e+17	1.00e+00	1.44e-13	0.00e+00
 3.07828e+17	1.00e+00	1.25e-13	0.00e+00
 3.19688e+17	1.00e+00	1.07e-13	0.00e+00
 3.30690e+17	1.00e+00	9.95e-14	0.00e+00
 3.40438e+17	1.00e+00	1.03e-13	0.00e+00
 3.49244e+17	1.00e+00	1.06e-13	0.00e+00
 3.57584e+17	1.00e+00	1.03e-13	0.00e+00
 3.65624e+17	1.00e+00	9.59e-14	0.00e+00
 3.73115e+17	1.00e+00	8.81e-14	0.00e+00
 3.79752e+17	1.00e+00	8.33e-14	0.00e+00
 3.85087e+17	1.00e+00	8.03e-14	0.00e+00
 3.88664e+17	1.00e+00	8.17e-14	0.00e+00
 3.90730e+17	1.00e+00	8.51e-14	0.00e+00
 3.91918e+17	1.00e+00	8.75e-14	0.00e+00
 3.92631e+17	1.00e+00	8.89e-14	0.00e+00
 3.93080e+17	1.00e+00	8.97e-14	0.00e+00
 3.93422e+17	1.00e+00	9.01e-14	0.00e+00
 3.93774e+17	1.00e+00	9.05e-14	0.00e+00
 3.94173e+17	1.00e+00	9.07e-14	0.00e+00
 3.94578e+17	1.00e+00	9.09e-14	0.00e+00
 3.94927e+17	1.00e+00	9.09e-14	0.00e+00
 3.95230e+17	1.00e+00	9.09e-14	0.00e+00
 3.95534e+17	1.00e+00	9.09e-14	0.00e+00
 3.95818e+17	1.00e+00	9.08e-14	0.00e+00
 3.96076e+17	1.00e+00	9.07e-14	0.00e+00
 3.96328e+17	1.00e+00	9.05e-14	0.00e+00
 3.96574e+17	1.00e+00	9.03e-14	0.00e+00
 3.96800e+17	1.00e+00	9.01e-14	0.00e+00
 3.96999e+17	1.00e+00	8.99e-14	0.00e+00
 3.97195e+17	1.00e+00	8.98e-14	0.00e+00
 3.97401e+17	1.00e+00	8.95e-14	0.00e+00
 3.97599e+17	1.00e+00	8.93e-14	0.00e+00
 3.97773e+17	1.00e+00	8.90e-14	0.00e+00
 3.97931e+17	1.00e+00	8.88e-14	0.00e+00
 3.98092e+17	1.00e+00	8.86e-14	0.00e+00
 3.98257e+17	1.00e+00	8.83e-14	0.00e+00
 3.98414e+17	1.00e+00	8.81e-14	0.00e+00
 3.98561e+17	1.00e+00	8.78e-14	0.00e+00
 3.98704e+17	1.00e+00	8.76e-14	0.00e+00
 3.98844e+17	1.00e+00	8.73e-14	0.00e+00
 3.98982e+17	1.00e+00	8.71e-14	0.00e+00
 3.99119e+17	1.00e+00	8.68e-14	0.00e+00
 3.99256e+17	1.00e+00	8.65e-14	0.00e+00
 3.99387e+17	1.00e+00	8.63e-14	0.00e+00
 3.99513e+17	1.00e+00	8.60e-14	0.00e+00
 3.99643e+17	1.00e+00	8.57e-14	0.00e+00
 3.99779e+17	1.00e+00	8.54e-14	0.00e+00
 3.99911e+17	1.00e+00	8.51e-14	0.00e+00
 4.00037e+17	1.00e+00	8.48e-14	0.00e+00
 4.00166e+17	1.00e+00	8.45e-14	0.00e+00
 4.00300e+17	1.00e+00	8.41e-14	0.00e+00
 4.00431e+17	1.00e+00	8.38e-14	0.00e+00
 4.00559e+17	1.00e+00	8.35e-14	0.00e+00
 4.00693e+17	1.00e+00	8.31e-14	0.00e+00
 4.00834e+17	1.00e+00	8.27e-14	0.00e+00
 4.00978e+17	1.00e+00	8.23e-14	0.00e+00
 4.01120e+17	1.00e+00	8.19e-14	0.00e+00
 4.01255e+17	1.00e+00	8.15e-14	0.00e+00
 4.01392e+17	1.00e+00	8.12e-14	0.00e+00
 4.01551e+17	1.00e+00	8.07e-14	0.00e+00
 4.01726e+17	1.00e+00	8.02e-14	0.00e+00
 4.01888e+17	1.00e+00	7.96e-14	0.00e+00
 4.02035e+17	1.00e+00	7.92e-14	0.00e+00
 4.02184e+17	1.00e+00	7.87e-14	0.00e+00
 4.02353e+17	1.00e+00	7.82e-14	0.00e+00
 4.02545e+17	1.00e+00	7.76e-14	0.00e+00
 4.02734e+17	1.00e+00	7.70e-14	0.00e+00
 4.02904e+17	1.00e+00	7.64e-14	0.00e+00
 4.03075e+17	1.00e+00	7.58e-14	0.00e+00
 4.03264e+17	1.00e+00	7.52e-14	0.00e+00
 4.03469e+17	1.00e+00	7.45e-14	0.00e+00
 4.03682e+17	1.00e+00	7.38e-14	0.00e+00
 4.03885e+17	1.00e+00	7.31e-14	0.00e+00
 4.04079e+17	1.00e+00	7.24e-14	0.00e+00
 4.04289e+17	1.00e+00	7.17e-14	0.00e+00
 4.04527e+17	1.00e+00	7.09e-14	0.00e+00
 4.04775e+17	1.00e+00	7.00e-14	0.00e+00
 4.05019e+17	1.00e+00	6.91e-14	0.00e+00
 4.05255e+17	1.00e+00	6.83e-14	0.00e+00
 4.05492e+17	1.00e+00	6.74e-14	0.00e+00
 4.05742e+17	1.00e+00	6.65e-14	0.00e+00
 4.06012e+17	1.00e+00	6.56e-14	0.00e+00
 4.06296e+17	1.00e+00	6.46e-14	0.00e+00
 4.06581e+17	1.00e+00	6.35e-14	0.00e+00
 4.06851e+17	1.00e+00	6.25e-14	0.00e+00
 4.07141e+17	1.00e+00	6.15e-14	0.00e+00
 4.07460e+17	1.00e+00	6.04e-14	0.00e+00
 4.07782e+17	1.00e+00	5.92e-14	0.00e+00
 4.08101e+17	1.00e+00	5.81e-14	0.00e+00
 4.08428e+17	1.00e+00	5.69e-14	0.00e+00
 4.08772e+17	1.00e+00	5.57e-14	0.00e+00
 4.09125e+17	1.00e+00	5.44e-14	0.00e+00
 4.09476e+17	1.00e+00	5.31e-14	0.00e+00
 4.09828e+17	1.00e+00	5.19e-14	0.00e+00
 4.10203e+17	1.00e+00	5.06e-14	0.00e+00
 4.10599e+17	1.00e+00	4.92e-14	0.00e+00
 4.10995e+17	1.00e+00	4.79e-14	0.00e+00
 4.11391e+17	1.00e+00	4.65e-14	0.00e+00
 4.11792e+17	1.00e+00	4.52e-14	0.00e+00
 4.12203e+17	1.00e+00	4.38e-14	0.00e+00
 4.12636e+17	1.00e+00	4.24e-14	0.00e+00
 4.13088e+17	1.00e+00	4.10e-14	0.00e+00
 4.13545e+17	1.00e+00	3.95e-14	0.00e+00
 4.14001e+17	1.00e+00	3.80e-14	0.00e+00
 4.14461e+17	1.00e+00	3.66e-14	0.00e+00
 4.14932e+17	1.00e+00	3.52e-14	0.00e+00
 4.15421e+17	1.00e+00	3.38e-14	0.00e+00
 4.15932e+17	1.00e+00	3.23e-14	0.00e+00
 4.16454e+17	1.00e+00	3.08e-14	0.00e+00
 4.16972e+17	1.00e+00	2.94e-14	0.00e+00
 4.17511e+17	1.00e+00	2.80e-14	0.00e+00
 4.18076e+17	1.00e+00	2.65e-14	0.00e+00
 4.18634e+17	1.00e+00	2.51e-14	0.00e+00
 4.19193e+17	1.00e+00	2.38e-14	0.00e+00
 4.19783e+17	1.00e+00	2.24e-14	0.00e+00
 4.20401e+17	1.00e+00	2.11e-14	0.00e+00
 4.21053e+17	1.00e+00	1.97e-14	0.00e+00
 4.21712e+17	1.00e+00	1.83e-14	0.00e+00
 4.22361e+17	1.00e+00	1.71e-14	0.00e+00
 4.23042e+17	1.00e+00	1.59e-14	0.00e+00
 4.23729e+17	1.00e+00	1.46e-14	0.00e+00
 4.24346e+17	1.00e+00	1.36e-14	0.00e+00
 4.24866e+17	1.00e+00	1.27e-14	0.00e+00
 4.25326e+17	1.00e+00	1.20e-14	0.00e+00
 4.25771e+17	1.00e+00	1.14e-14	0.00e+00
 4.26216e+17	1.00e+00	1.08e-14	0.00e+00
 4.26651e+17	1.00e+00	1.02e-14	0.00e+00
 4.27058e+17	1.00e+00	9.65e-15	0.00e+00
 4.27435e+17	1.00e+00	9.18e-15	0.00e+00
 4.27794e+17	1.00e+00	8.76e-15	0.00e+00
 4.28143e+17	1.00e+00	8.36e-15	0.00e+00
 4.28485e+17	1.00e+00	7.98e-15	0.00e+00
 4.28814e+17	1.00e+00	7.63e-15	0.00e+00
 4.29128e+17	1.00e+00	7.30e-15	0.00e+00
 4.29428e+17	1.00e+00	6.99e-15	0.00e+00
 4.29718e+17	1.00e+00	6.70e-15	0.00e+00
 4.30000e+17	1.00e+00	6.43e-15	0.00e+00
 4.30272e+17	1.00e+00	6.17e-15	0.00e+00
 4.30536e+17	1.00e+00	5.93e-15	0.00e+00
 4.30790e+17	1.00e+00	5.70e-15	0.00e+00
 4.31035e+17	1.00e+00	5.47e-15	0.00e+00
 4.31274e+17	1.00e+00	5.28e-15	0.00e+00
 4.31505e+17	1.00e+00	5.08e-15	0.00e+00
 4.31728e+17	1.00e+00	4.90e-15	0.00e+00
 4.31946e+17	1.00e+00	4.72e-15	0.00e+00
 4.32156e+17	1.00e+00	4.55e-15	0.00e+00
 4.32360e+17	1.00e+00	4.40e-15	0.00e+00
 4.32560e+17	1.00e+00	4.25e-15	0.00e+00
 4.32756e+17	1.00e+00	4.11e-15	0.00e+00
 4.32948e+17	1.00e+00	3.97e-15	0.00e+00
 4.33136e+17	1.00e+00	3.84e-15	0.00e+00
 4.33349e+17	1.00e+00	3.72e-15	0.00e+00
 4.33626e+17	1.00e+00	3.56e-15	0.00e+00
 4.33987e+17	1.00e+00	3.36e-15	0.00e+00
 4.34456e+17	1.00e+00	3.12e-15	0.00e+00
 4.35065e+17	1.00e+00	2.82e-15	0.00e+00
 4.35857e+17	1.00e+00	2.47e-15	0.00e+00
 4.36781e+17	1.00e+00	2.08e-15	0.00e+00
 4.37633e+17	1.00e+00	1.72e-15	0.00e+00
 4.38284e+17	1.00e+00	1.48e-15	0.00e+00
 4.38793e+17	1.00e+00	1.33e-15	0.00e+00
 4.39284e+17	1.00e+00	1.21e-15	0.00e+00
 4.39845e+17	1.00e+00	1.09e-15	0.00e+00
 4.40469e+17	1.00e+00	9.61e-16	0.00e+00
 4.41086e+17	1.00e+00	8.44e-16	0.00e+00
 4.41652e+17	1.00e+00	7.48e-16	0.00e+00
 4.42186e+17	1.00e+00	6.70e-16	0.00e+00
 4.42732e+17	1.00e+00	6.01e-16	0.00e+00
 4.43322e+17	1.00e+00	5.36e-16	0.00e+00
 4.43951e+17	1.00e+00	4.72e-16	0.00e+00
 4.44594e+17	1.00e+00	4.14e-16	0.00e+00
 4.45247e+17	1.00e+00	3.62e-16	0.00e+00
 4.45927e+17	1.00e+00	3.16e-16	0.00e+00
 4.46672e+17	1.00e+00	2.74e-16	0.00e+00
 4.47514e+17	1.00e+00	2.33e-16	0.00e+00
 4.48485e+17	1.00e+00	1.94e-16	0.00e+00
 4.49638e+17	1.00e+00	1.57e-16	0.00e+00
