#depth	O	O+	O+2	O+3	O+4	O+5	O+6	O+7	O+8	O[1]	O[2]	O[3]
 1.49634e+10	0.00e+00	3.47e-45	1.11e-34	3.33e-25	1.47e-16	8.74e-09	1.00e+00	1.14e-06	0.00e+00	0.00e+00	0.00e+00	0.00e+00
 4.54887e+10	0.00e+00	0.00e+00	1.52e-34	4.22e-25	1.72e-16	9.47e-09	1.00e+00	1.05e-06	2.08e-16	0.00e+00	0.00e+00	0.00e+00
 7.72350e+10	0.00e+00	7.66e-45	2.09e-34	5.35e-25	2.02e-16	1.03e-08	1.00e+00	9.70e-07	0.00e+00	0.00e+00	0.00e+00	0.00e+00
 1.10251e+11	0.00e+00	0.00e+00	2.87e-34	6.80e-25	2.37e-16	1.11e-08	1.00e+00	0.00e+00	0.00e+00	0.00e+00	0.00e+00	0.00e+00
 1.44588e+11	0.00e+00	1.69e-44	3.95e-34	8.63e-25	2.78e-16	1.20e-08	1.00e+00	0.00e+00	0.00e+00	0.00e+00	0.00e+00	0.00e+00
 1.77715e+11	0.00e+00	0.00e+00	5.30e-34	1.08e-24	3.22e-16	1.30e-08	1.00e+00	0.00e+00	0.00e+00	0.00e+00	0.00e+00	0.00e+00
 2.08106e+11	0.00e+00	3.40e-44	6.89e-34	1.31e-24	3.67e-16	1.38e-08	1.00e+00	0.00e+00	0.00e+00	0.00e+00	0.00e+00	0.00e+00
 2.42077e+11	0.00e+00	0.00e+00	9.14e-34	1.62e-24	4.24e-16	1.49e-08	1.00e+00	0.00e+00	0.00e+00	0.00e+00	0.00e+00	0.00e+00
 2.81467e+11	0.00e+00	7.19e-44	1.26e-33	2.06e-24	4.97e-16	1.61e-08	1.00e+00	0.00e+00	0.00e+00	0.00e+00	0.00e+00	0.00e+00
 3.20483e+11	0.00e+00	0.00e+00	1.70e-33	2.59e-24	5.78e-16	1.74e-08	1.00e+00	0.00e+00	0.00e+00	0.00e+00	0.00e+00	0.00e+00
 3.61060e+11	0.00e+00	1.53e-43	2.30e-33	3.25e-24	6.74e-16	1.88e-08	1.00e+00	0.00e+00	0.00e+00	0.00e+00	0.00e+00	0.00e+00
 4.05429e+11	0.00e+00	0.00e+00	3.17e-33	4.13e-24	7.92e-16	2.03e-08	1.00e+00	0.00e+00	0.00e+00	0.00e+00	0.00e+00	0.00e+00
 4.50391e+11	0.00e+00	3.37e-43	4.33e-33	5.23e-24	9.27e-16	2.20e-08	1.00e+00	0.00e+00	0.00e+00	0.00e+00	0.00e+00	0.00e+00
 4.97151e+11	0.00e+00	0.00e+00	5.91e-33	6.61e-24	1.08e-15	2.38e-08	1.00e+00	0.00e+00	0.00e+00	0.00e+00	0.00e+00	0.00e+00
 5.46964e+11	0.00e+00	7.45e-43	8.15e-33	8.42e-24	1.28e-15	2.58e-08	1.00e+00	0.00e+00	0.00e+00	0.00e+00	0.00e+00	0.00e+00
 5.98769e+11	0.00e+00	0.00e+00	1.12e-32	1.07e-23	1.50e-15	2.80e-08	1.00e+00	0.00e+00	0.00e+00	0.00e+00	0.00e+00	0.00e+00
 6.52647e+11	0.00e+00	1.66e-42	1.55e-32	1.37e-23	1.77e-15	3.04e-08	1.00e+00	0.00e+00	0.00e+00	0.00e+00	0.00e+00	0.00e+00
 7.08680e+11	0.00e+00	0.00e+00	2.14e-32	1.74e-23	2.08e-15	3.30e-08	1.00e+00	0.00e+00	0.00e+00	0.00e+00	0.00e+00	0.00e+00
 7.66953e+11	0.00e+00	3.72e-42	2.95e-32	2.22e-23	2.45e-15	3.59e-08	1.00e+00	0.00e+00	0.00e+00	0.00e+00	0.00e+00	0.00e+00
 8.27558e+11	0.00e+00	0.00e+00	4.08e-32	2.84e-23	2.88e-15	3.89e-08	1.00e+00	0.00e+00	0.00e+00	0.00e+00	0.00e+00	0.00e+00
 8.90588e+11	0.00e+00	8.34e-42	5.64e-32	3.62e-23	3.40e-15	4.23e-08	1.00e+00	0.00e+00	0.00e+00	0.00e+00	0.00e+00	0.00e+00
 9.49925e+11	0.00e+00	0.00e+00	7.57e-32	4.52e-23	3.94e-15	4.56e-08	1.00e+00	0.00e+00	0.00e+00	0.00e+00	0.00e+00	0.00e+00
 1.00311e+12	0.00e+00	1.66e-41	9.77e-32	5.48e-23	4.49e-15	4.87e-08	1.00e+00	0.00e+00	0.00e+00	0.00e+00	0.00e+00	0.00e+00
 1.06287e+12	0.00e+00	0.00e+00	1.29e-31	6.77e-23	5.18e-15	5.23e-08	1.00e+00	0.00e+00	0.00e+00	0.00e+00	0.00e+00	0.00e+00
 1.13354e+12	0.00e+00	3.49e-41	1.77e-31	8.60e-23	6.09e-15	5.67e-08	1.00e+00	0.00e+00	0.00e+00	0.00e+00	0.00e+00	0.00e+00
 1.20449e+12	0.00e+00	0.00e+00	2.42e-31	1.09e-22	7.12e-15	6.14e-08	1.00e+00	0.00e+00	0.00e+00	0.00e+00	0.00e+00	0.00e+00
 1.27125e+12	0.00e+00	7.26e-41	3.20e-31	1.34e-22	8.22e-15	6.60e-08	1.00e+00	0.00e+00	0.00e+00	0.00e+00	0.00e+00	0.00e+00
 1.34500e+12	0.00e+00	0.00e+00	4.31e-31	1.69e-22	9.58e-15	7.13e-08	1.00e+00	0.00e+00	0.00e+00	0.00e+00	0.00e+00	0.00e+00
 1.42872e+12	0.00e+00	1.59e-40	5.99e-31	2.16e-22	1.13e-14	7.77e-08	1.00e+00	0.00e+00	0.00e+00	0.00e+00	0.00e+00	0.00e+00
 1.51251e+12	0.00e+00	0.00e+00	8.22e-31	2.75e-22	1.33e-14	8.43e-08	1.00e+00	0.00e+00	0.00e+00	0.00e+00	0.00e+00	0.00e+00
 1.59964e+12	0.00e+00	3.50e-40	1.13e-30	3.50e-22	1.57e-14	9.16e-08	1.00e+00	0.00e+00	0.00e+00	0.00e+00	0.00e+00	0.00e+00
 1.69355e+12	0.00e+00	0.00e+00	1.57e-30	4.49e-22	1.86e-14	9.98e-08	1.00e+00	0.00e+00	0.00e+00	0.00e+00	0.00e+00	0.00e+00
 1.78161e+12	0.00e+00	7.66e-40	2.12e-30	5.63e-22	2.17e-14	1.08e-07	1.00e+00	0.00e+00	0.00e+00	0.00e+00	0.00e+00	0.00e+00
 1.86020e+12	0.00e+00	0.00e+00	2.74e-30	6.85e-22	2.48e-14	1.15e-07	1.00e+00	0.00e+00	0.00e+00	0.00e+00	0.00e+00	0.00e+00
 1.94856e+12	0.00e+00	1.50e-39	3.64e-30	8.50e-22	2.87e-14	1.24e-07	1.00e+00	0.00e+00	0.00e+00	0.00e+00	0.00e+00	0.00e+00
 2.05343e+12	0.00e+00	0.00e+00	5.02e-30	1.09e-21	3.39e-14	1.35e-07	1.00e+00	0.00e+00	0.00e+00	0.00e+00	0.00e+00	0.00e+00
 2.15879e+12	0.00e+00	3.31e-39	6.87e-30	1.38e-21	4.00e-14	1.47e-07	1.00e+00	0.00e+00	0.00e+00	0.00e+00	0.00e+00	0.00e+00
 2.25740e+12	0.00e+00	0.00e+00	9.13e-30	1.71e-21	4.63e-14	1.59e-07	1.00e+00	0.00e+00	0.00e+00	0.00e+00	0.00e+00	0.00e+00
 2.36665e+12	0.00e+00	6.87e-39	1.24e-29	2.16e-21	5.43e-14	1.72e-07	1.00e+00	0.00e+00	0.00e+00	0.00e+00	0.00e+00	0.00e+00
 2.49124e+12	0.00e+00	0.00e+00	1.73e-29	2.79e-21	6.47e-14	1.88e-07	1.00e+00	0.00e+00	0.00e+00	0.00e+00	0.00e+00	0.00e+00
 2.61373e+12	0.00e+00	1.54e-38	2.37e-29	3.55e-21	7.64e-14	2.05e-07	1.00e+00	0.00e+00	0.00e+00	0.00e+00	0.00e+00	0.00e+00
 2.74112e+12	0.00e+00	0.00e+00	3.25e-29	4.53e-21	9.03e-14	2.23e-07	1.00e+00	0.00e+00	0.00e+00	0.00e+00	0.00e+00	0.00e+00
 2.88069e+12	0.00e+00	3.46e-38	4.55e-29	5.86e-21	1.08e-13	2.45e-07	1.00e+00	0.00e+00	0.00e+00	0.00e+00	0.00e+00	0.00e+00
 3.02076e+12	0.00e+00	0.00e+00	6.29e-29	7.51e-21	1.28e-13	2.67e-07	1.00e+00	0.00e+00	0.00e+00	0.00e+00	0.00e+00	0.00e+00
 3.16643e+12	0.00e+00	7.71e-38	8.70e-29	9.64e-21	1.52e-13	2.92e-07	1.00e+00	0.00e+00	0.00e+00	0.00e+00	0.00e+00	0.00e+00
 3.32301e+12	0.00e+00	0.00e+00	1.22e-28	1.25e-20	1.82e-13	3.21e-07	1.00e+00	0.00e+00	0.00e+00	0.00e+00	0.00e+00	0.00e+00
 3.47801e+12	0.00e+00	1.73e-37	1.67e-28	1.60e-20	2.17e-13	3.50e-07	1.00e+00	0.00e+00	0.00e+00	0.00e+00	0.00e+00	0.00e+00
 3.63922e+12	0.00e+00	0.00e+00	2.30e-28	2.04e-20	2.57e-13	3.83e-07	1.00e+00	0.00e+00	0.00e+00	0.00e+00	0.00e+00	0.00e+00
 3.81471e+12	0.00e+00	3.87e-37	3.22e-28	2.65e-20	3.09e-13	4.21e-07	1.00e+00	0.00e+00	0.00e+00	0.00e+00	0.00e+00	0.00e+00
 3.99723e+12	0.00e+00	0.00e+00	4.50e-28	3.43e-20	3.70e-13	4.63e-07	1.00e+00	0.00e+00	0.00e+00	0.00e+00	0.00e+00	0.00e+00
 4.18704e+12	0.00e+00	8.79e-37	6.28e-28	4.45e-20	4.45e-13	5.10e-07	1.00e+00	0.00e+00	0.00e+00	0.00e+00	0.00e+00	0.00e+00
 4.38445e+12	0.00e+00	0.00e+00	8.75e-28	5.76e-20	5.34e-13	5.61e-07	1.00e+00	0.00e+00	0.00e+00	0.00e+00	0.00e+00	0.00e+00
 4.58976e+12	0.00e+00	1.98e-36	1.22e-27	7.47e-20	6.42e-13	6.19e-07	1.00e+00	0.00e+00	0.00e+00	0.00e+00	0.00e+00	0.00e+00
 4.77562e+12	8.85e-46	2.81e-36	1.63e-27	9.36e-20	7.54e-13	6.74e-07	1.00e+00	0.00e+00	0.00e+00	0.00e+00	0.00e+00	0.00e+00
 4.93076e+12	0.00e+00	0.00e+00	2.05e-27	1.12e-19	8.59e-13	7.22e-07	1.00e+00	0.00e+00	0.00e+00	0.00e+00	0.00e+00	0.00e+00
 5.10082e+12	0.00e+00	5.04e-36	2.62e-27	1.36e-19	9.87e-13	7.77e-07	1.00e+00	0.00e+00	0.00e+00	0.00e+00	0.00e+00	0.00e+00
 5.31585e+12	2.74e-45	7.25e-36	3.54e-27	1.73e-19	1.17e-12	8.50e-07	1.00e+00	0.00e+00	0.00e+00	0.00e+00	0.00e+00	0.00e+00
 5.54003e+12	0.00e+00	0.00e+00	4.78e-27	2.19e-19	1.39e-12	9.32e-07	1.00e+00	0.00e+00	0.00e+00	0.00e+00	0.00e+00	0.00e+00
 5.73066e+12	0.00e+00	1.40e-35	6.11e-27	2.66e-19	1.60e-12	1.01e-06	1.00e+00	0.00e+00	0.00e+00	0.00e+00	0.00e+00	0.00e+00
 5.92695e+12	8.54e-45	1.89e-35	7.80e-27	3.23e-19	1.84e-12	1.08e-06	1.00e+00	0.00e+00	0.00e+00	0.00e+00	0.00e+00	0.00e+00
 6.17362e+12	0.00e+00	0.00e+00	1.05e-26	4.08e-19	2.18e-12	1.19e-06	1.00e+00	0.00e+00	0.00e+00	0.00e+00	0.00e+00	0.00e+00
 6.42406e+12	0.00e+00	3.80e-35	1.40e-26	5.13e-19	2.58e-12	1.30e-06	1.00e+00	0.00e+00	0.00e+00	0.00e+00	0.00e+00	0.00e+00
 6.63942e+12	2.75e-44	5.05e-35	1.77e-26	6.20e-19	2.96e-12	1.40e-06	1.00e+00	0.00e+00	0.00e+00	0.00e+00	0.00e+00	0.00e+00
 6.87089e+12	0.00e+00	6.78e-35	2.26e-26	7.55e-19	3.41e-12	1.52e-06	1.00e+00	0.00e+00	0.00e+00	0.00e+00	0.00e+00	0.00e+00
 7.15672e+12	5.88e-44	9.61e-35	3.03e-26	9.54e-19	4.05e-12	1.66e-06	1.00e+00	0.00e+00	0.00e+00	0.00e+00	0.00e+00	0.00e+00
 7.44952e+12	0.00e+00	1.35e-34	4.03e-26	1.20e-18	4.79e-12	1.82e-06	1.00e+00	0.00e+00	0.00e+00	0.00e+00	0.00e+00	0.00e+00
 7.71394e+12	1.25e-43	1.82e-34	5.16e-26	1.46e-18	5.54e-12	1.98e-06	1.00e+00	0.00e+00	0.00e+00	0.00e+00	0.00e+00	0.00e+00
 8.00518e+12	0.00e+00	2.48e-34	6.71e-26	1.81e-18	6.47e-12	2.15e-06	1.00e+00	0.00e+00	0.00e+00	0.00e+00	0.00e+00	0.00e+00
 8.34815e+12	2.72e-43	3.53e-34	9.02e-26	2.30e-18	7.71e-12	2.37e-06	1.00e+00	0.00e+00	0.00e+00	0.00e+00	0.00e+00	0.00e+00
 8.69121e+12	0.00e+00	4.94e-34	1.20e-25	2.89e-18	9.11e-12	2.60e-06	1.00e+00	0.00e+00	0.00e+00	0.00e+00	0.00e+00	0.00e+00
 9.01745e+12	5.78e-43	6.70e-34	1.55e-25	3.56e-18	1.06e-11	2.83e-06	1.00e+00	0.00e+00	0.00e+00	0.00e+00	0.00e+00	0.00e+00
 9.37753e+12	0.00e+00	9.27e-34	2.04e-25	4.45e-18	1.25e-11	3.10e-06	1.00e+00	0.00e+00	0.00e+00	0.00e+00	0.00e+00	0.00e+00
 9.78256e+12	1.27e-42	1.31e-33	2.74e-25	5.65e-18	1.49e-11	3.41e-06	1.00e+00	0.00e+00	0.00e+00	0.00e+00	0.00e+00	0.00e+00
 1.01878e+13	0.00e+00	1.83e-33	3.63e-25	7.11e-18	1.76e-11	3.75e-06	1.00e+00	0.00e+00	0.00e+00	0.00e+00	0.00e+00	0.00e+00
 1.05469e+13	2.61e-42	2.44e-33	4.62e-25	8.65e-18	2.02e-11	4.05e-06	1.00e+00	0.00e+00	0.00e+00	0.00e+00	0.00e+00	0.00e+00
 1.08482e+13	0.00e+00	3.07e-33	5.62e-25	1.01e-17	2.27e-11	4.32e-06	1.00e+00	0.00e+00	0.00e+00	0.00e+00	0.00e+00	0.00e+00
 1.11724e+13	4.54e-42	3.91e-33	6.89e-25	1.20e-17	2.56e-11	4.62e-06	1.00e+00	0.00e+00	0.00e+00	0.00e+00	0.00e+00	0.00e+00
 1.15940e+13	0.00e+00	5.29e-33	8.91e-25	1.48e-17	2.98e-11	5.03e-06	1.00e+00	0.00e+00	0.00e+00	0.00e+00	0.00e+00	0.00e+00
 1.20351e+13	9.19e-42	7.17e-33	1.15e-24	1.82e-17	3.47e-11	5.48e-06	1.00e+00	0.00e+00	0.00e+00	0.00e+00	0.00e+00	0.00e+00
 1.24116e+13	0.00e+00	9.21e-33	1.43e-24	2.17e-17	3.93e-11	5.88e-06	1.00e+00	0.00e+00	0.00e+00	0.00e+00	0.00e+00	0.00e+00
 1.28110e+13	1.66e-41	1.19e-32	1.78e-24	2.59e-17	4.46e-11	6.31e-06	1.00e+00	0.00e+00	0.00e+00	0.00e+00	0.00e+00	0.00e+00
 1.33124e+13	0.00e+00	1.63e-32	2.32e-24	3.22e-17	5.21e-11	6.89e-06	1.00e+00	0.00e+00	0.00e+00	0.00e+00	0.00e+00	0.00e+00
 1.38285e+13	3.42e-41	2.22e-32	3.02e-24	3.99e-17	6.08e-11	7.51e-06	1.00e+00	0.00e+00	0.00e+00	0.00e+00	0.00e+00	0.00e+00
 1.42843e+13	0.00e+00	2.89e-32	3.79e-24	4.79e-17	6.92e-11	8.08e-06	1.00e+00	0.00e+00	0.00e+00	0.00e+00	0.00e+00	0.00e+00
 1.47797e+13	6.41e-41	3.82e-32	4.80e-24	5.81e-17	7.94e-11	8.73e-06	1.00e+00	0.00e+00	0.00e+00	0.00e+00	0.00e+00	0.00e+00
 1.53257e+13	0.00e+00	5.13e-32	6.17e-24	7.13e-17	9.18e-11	9.48e-06	1.00e+00	0.00e+00	0.00e+00	0.00e+00	0.00e+00	0.00e+00
 1.58281e+13	1.22e-40	6.67e-32	7.73e-24	8.55e-17	1.04e-10	1.02e-05	1.00e+00	0.00e+00	0.00e+00	0.00e+00	0.00e+00	0.00e+00
 1.63715e+13	0.00e+00	8.80e-32	9.78e-24	1.04e-16	1.19e-10	1.10e-05	1.00e+00	0.00e+00	0.00e+00	0.00e+00	0.00e+00	0.00e+00
 1.69780e+13	2.37e-40	1.18e-31	1.26e-23	1.27e-16	1.38e-10	1.19e-05	1.00e+00	0.00e+00	0.00e+00	0.00e+00	0.00e+00	0.00e+00
 1.75468e+13	0.00e+00	1.55e-31	1.59e-23	1.53e-16	1.58e-10	1.28e-05	1.00e+00	0.00e+00	0.00e+00	0.00e+00	0.00e+00	0.00e+00
 1.81667e+13	4.50e-40	2.06e-31	2.02e-23	1.87e-16	1.81e-10	1.39e-05	1.00e+00	0.00e+00	0.00e+00	0.00e+00	0.00e+00	0.00e+00
 1.88551e+13	0.00e+00	2.80e-31	2.63e-23	2.31e-16	2.10e-10	1.51e-05	1.00e+00	0.00e+00	0.00e+00	0.00e+00	0.00e+00	0.00e+00
 1.94975e+13	8.82e-40	3.70e-31	3.33e-23	2.79e-16	2.39e-10	1.63e-05	1.00e+00	0.00e+00	0.00e+00	0.00e+00	0.00e+00	0.00e+00
 2.01974e+13	0.00e+00	4.96e-31	4.27e-23	3.42e-16	2.75e-10	1.76e-05	1.00e+00	0.00e+00	0.00e+00	0.00e+00	0.00e+00	0.00e+00
 2.09802e+13	1.78e-39	6.79e-31	5.59e-23	4.24e-16	3.20e-10	1.91e-05	1.00e+00	0.00e+00	0.00e+00	0.00e+00	0.00e+00	0.00e+00
 2.17190e+13	0.00e+00	9.08e-31	7.15e-23	5.17e-16	3.67e-10	2.07e-05	1.00e+00	0.00e+00	0.00e+00	0.00e+00	0.00e+00	0.00e+00
 2.25270e+13	3.55e-39	1.24e-30	9.28e-23	6.38e-16	4.23e-10	2.24e-05	1.00e+00	0.00e+00	0.00e+00	0.00e+00	0.00e+00	0.00e+00
 2.34317e+13	0.00e+00	1.72e-30	1.23e-22	7.99e-16	4.95e-10	2.44e-05	1.00e+00	0.00e+00	0.00e+00	0.00e+00	0.00e+00	0.00e+00
 2.42901e+13	7.38e-39	2.33e-30	1.59e-22	9.82e-16	5.70e-10	2.64e-05	1.00e+00	0.00e+00	0.00e+00	0.00e+00	0.00e+00	0.00e+00
 2.52092e+13	0.00e+00	3.21e-30	2.08e-22	1.22e-15	6.59e-10	2.86e-05	1.00e+00	0.00e+00	0.00e+00	0.00e+00	0.00e+00	0.00e+00
 2.62475e+13	1.59e-38	4.52e-30	2.79e-22	1.53e-15	7.73e-10	3.13e-05	1.00e+00	0.00e+00	0.00e+00	0.00e+00	0.00e+00	0.00e+00
 2.72775e+13	0.00e+00	6.31e-30	3.69e-22	1.92e-15	8.99e-10	3.40e-05	1.00e+00	0.00e+00	0.00e+00	0.00e+00	0.00e+00	0.00e+00
 2.83488e+13	3.43e-38	8.81e-30	4.88e-22	2.39e-15	1.05e-09	3.70e-05	1.00e+00	0.00e+00	0.00e+00	0.00e+00	0.00e+00	0.00e+00
 2.95126e+13	0.00e+00	1.25e-29	6.56e-22	3.02e-15	1.23e-09	4.03e-05	1.00e+00	0.00e+00	0.00e+00	0.00e+00	0.00e+00	0.00e+00
 3.07231e+13	7.85e-38	1.79e-29	8.84e-22	3.82e-15	1.43e-09	4.39e-05	1.00e+00	0.00e+00	0.00e+00	0.00e+00	0.00e+00	0.00e+00
 3.18731e+13	0.00e+00	2.48e-29	1.16e-21	4.72e-15	1.66e-09	4.75e-05	1.00e+00	0.00e+00	0.00e+00	0.00e+00	0.00e+00	0.00e+00
 3.29097e+13	1.58e-37	3.29e-29	1.47e-21	5.69e-15	1.88e-09	5.09e-05	1.00e+00	0.00e+00	0.00e+00	0.00e+00	0.00e+00	0.00e+00
 3.38756e+13	0.00e+00	4.26e-29	1.82e-21	6.73e-15	2.10e-09	5.41e-05	1.00e+00	0.00e+00	0.00e+00	0.00e+00	0.00e+00	0.00e+00
 3.49390e+13	2.96e-37	5.63e-29	2.30e-21	8.06e-15	2.38e-09	5.78e-05	1.00e+00	0.00e+00	0.00e+00	0.00e+00	0.00e+00	0.00e+00
 3.61383e+13	0.00e+00	7.66e-29	2.96e-21	9.82e-15	2.71e-09	6.20e-05	1.00e+00	0.00e+00	0.00e+00	0.00e+00	0.00e+00	0.00e+00
 3.72885e+13	5.92e-37	1.02e-28	3.75e-21	1.18e-14	3.07e-09	6.62e-05	1.00e+00	0.00e+00	0.00e+00	0.00e+00	0.00e+00	0.00e+00
 3.85579e+13	0.00e+00	1.38e-28	4.82e-21	1.43e-14	3.50e-09	7.11e-05	1.00e+00	0.00e+00	0.00e+00	0.00e+00	0.00e+00	0.00e+00
 3.99697e+13	1.25e-36	1.92e-28	6.33e-21	1.77e-14	4.03e-09	7.66e-05	1.00e+00	0.00e+00	0.00e+00	0.00e+00	0.00e+00	0.00e+00
 4.12660e+13	0.00e+00	2.57e-28	8.07e-21	2.13e-14	4.57e-09	8.19e-05	1.00e+00	0.00e+00	0.00e+00	0.00e+00	0.00e+00	0.00e+00
 4.24658e+13	2.40e-36	3.36e-28	1.00e-20	2.52e-14	5.11e-09	8.69e-05	1.00e+00	0.00e+00	0.00e+00	0.00e+00	0.00e+00	0.00e+00
 4.38408e+13	0.00e+00	4.53e-28	1.28e-20	3.04e-14	5.80e-09	9.28e-05	1.00e+00	0.00e+00	0.00e+00	0.00e+00	0.00e+00	0.00e+00
 4.55254e+13	5.20e-36	6.47e-28	1.71e-20	3.80e-14	6.72e-09	1.00e-04	1.00e+00	0.00e+00	0.00e+00	0.00e+00	0.00e+00	0.00e+00
 4.72095e+13	0.00e+00	9.04e-28	2.26e-20	4.70e-14	7.75e-09	1.08e-04	1.00e+00	0.00e+00	0.00e+00	0.00e+00	0.00e+00	0.00e+00
 4.86748e+13	1.09e-35	1.21e-27	2.86e-20	5.63e-14	8.75e-09	1.15e-04	1.00e+00	0.00e+00	0.00e+00	0.00e+00	0.00e+00	0.00e+00
 5.02582e+13	0.00e+00	1.64e-27	3.67e-20	6.80e-14	9.92e-09	1.23e-04	1.00e+00	0.00e+00	0.00e+00	0.00e+00	0.00e+00	0.00e+00
 5.21912e+13	2.41e-35	2.36e-27	4.93e-20	8.50e-14	1.15e-08	1.32e-04	1.00e+00	0.00e+00	0.00e+00	0.00e+00	0.00e+00	0.00e+00
 5.41627e+13	3.62e-35	3.34e-27	6.55e-20	1.06e-13	1.33e-08	1.43e-04	1.00e+00	0.00e+00	0.00e+00	0.00e+00	0.00e+00	0.00e+00
 5.59444e+13	5.28e-35	4.58e-27	8.44e-20	1.28e-13	1.51e-08	1.52e-04	1.00e+00	0.00e+00	0.00e+00	0.00e+00	0.00e+00	0.00e+00
 5.78956e+13	7.85e-35	6.39e-27	1.10e-19	1.57e-13	1.73e-08	1.63e-04	1.00e+00	0.00e+00	0.00e+00	0.00e+00	0.00e+00	0.00e+00
 6.01933e+13	1.24e-34	9.35e-27	1.50e-19	1.97e-13	2.02e-08	1.76e-04	1.00e+00	0.00e+00	0.00e+00	0.00e+00	0.00e+00	0.00e+00
 6.24884e+13	1.89e-34	1.34e-26	2.01e-19	2.46e-13	2.34e-08	1.90e-04	1.00e+00	0.00e+00	0.00e+00	0.00e+00	0.00e+00	0.00e+00
 6.46487e+13	2.82e-34	1.87e-26	2.62e-19	3.01e-13	2.68e-08	2.04e-04	1.00e+00	0.00e+00	0.00e+00	0.00e+00	0.00e+00	0.00e+00
 6.70381e+13	4.32e-34	2.67e-26	3.49e-19	3.73e-13	3.09e-08	2.19e-04	1.00e+00	0.00e+00	0.00e+00	0.00e+00	0.00e+00	0.00e+00
 6.97495e+13	6.92e-34	3.95e-26	4.78e-19	4.72e-13	3.61e-08	2.36e-04	1.00e+00	0.00e+00	0.00e+00	0.00e+00	0.00e+00	0.00e+00
 7.24806e+13	1.08e-33	5.72e-26	6.46e-19	5.93e-13	4.21e-08	2.55e-04	1.00e+00	0.00e+00	0.00e+00	0.00e+00	0.00e+00	0.00e+00
 7.53209e+13	1.71e-33	8.38e-26	8.77e-19	7.45e-13	4.90e-08	2.75e-04	1.00e+00	0.00e+00	0.00e+00	0.00e+00	0.00e+00	0.00e+00
 7.83636e+13	2.74e-33	1.24e-25	1.20e-18	9.42e-13	5.73e-08	2.97e-04	1.00e+00	0.00e+00	0.00e+00	0.00e+00	0.00e+00	0.00e+00
 8.15281e+13	4.39e-33	1.84e-25	1.65e-18	1.19e-12	6.70e-08	3.22e-04	1.00e+00	0.00e+00	0.00e+00	0.00e+00	0.00e+00	0.00e+00
 8.45863e+13	6.73e-33	2.63e-25	2.20e-18	1.48e-12	7.75e-08	3.46e-04	1.00e+00	0.00e+00	0.00e+00	0.00e+00	0.00e+00	0.00e+00
 8.74560e+13	1.00e-32	3.67e-25	2.87e-18	1.81e-12	8.84e-08	3.69e-04	1.00e+00	0.00e+00	0.00e+00	0.00e+00	0.00e+00	0.00e+00
 9.01672e+13	1.45e-32	4.98e-25	3.66e-18	2.17e-12	9.98e-08	3.92e-04	1.00e+00	0.00e+00	0.00e+00	0.00e+00	0.00e+00	0.00e+00
 9.31261e+13	2.13e-32	6.86e-25	4.73e-18	2.63e-12	1.13e-07	4.18e-04	1.00e+00	0.00e+00	0.00e+00	0.00e+00	0.00e+00	0.00e+00
 9.64132e+13	3.19e-32	9.63e-25	6.23e-18	3.23e-12	1.30e-07	4.47e-04	1.00e+00	0.00e+00	0.00e+00	0.00e+00	0.00e+00	0.00e+00
 9.94921e+13	4.65e-32	1.32e-24	8.00e-18	3.89e-12	1.47e-07	4.76e-04	1.00e+00	0.00e+00	0.00e+00	0.00e+00	0.00e+00	0.00e+00
 1.02860e+14	6.95e-32	1.84e-24	1.04e-17	4.75e-12	1.68e-07	5.08e-04	9.99e-01	0.00e+00	0.00e+00	0.00e+00	0.00e+00	0.00e+00
 1.06657e+14	1.07e-31	2.63e-24	1.39e-17	5.89e-12	1.94e-07	5.45e-04	9.99e-01	0.00e+00	0.00e+00	0.00e+00	0.00e+00	0.00e+00
 1.10300e+14	1.57e-31	3.64e-24	1.82e-17	7.19e-12	2.22e-07	5.83e-04	9.99e-01	0.00e+00	0.00e+00	0.00e+00	0.00e+00	0.00e+00
 1.14304e+14	2.40e-31	5.18e-24	2.41e-17	8.89e-12	2.55e-07	6.25e-04	9.99e-01	0.00e+00	0.00e+00	0.00e+00	0.00e+00	0.00e+00
 1.18797e+14	3.81e-31	7.60e-24	3.28e-17	1.12e-11	2.97e-07	6.74e-04	9.99e-01	0.00e+00	0.00e+00	0.00e+00	0.00e+00	0.00e+00
 1.23110e+14	5.73e-31	1.07e-23	4.34e-17	1.38e-11	3.43e-07	7.24e-04	9.99e-01	0.00e+00	0.00e+00	0.00e+00	0.00e+00	0.00e+00
 1.27705e+14	8.91e-31	1.55e-23	5.82e-17	1.72e-11	3.96e-07	7.78e-04	9.99e-01	0.00e+00	0.00e+00	0.00e+00	0.00e+00	0.00e+00
 1.32843e+14	1.38e-30	2.25e-23	7.93e-17	2.17e-11	4.63e-07	8.43e-04	9.99e-01	0.00e+00	0.00e+00	0.00e+00	0.00e+00	0.00e+00
 1.37589e+14	2.12e-30	3.20e-23	1.05e-16	2.68e-11	5.32e-07	9.02e-04	9.99e-01	0.00e+00	0.00e+00	0.00e+00	0.00e+00	0.00e+00
 1.41701e+14	2.94e-30	4.22e-23	1.32e-16	3.19e-11	5.98e-07	9.58e-04	9.99e-01	0.00e+00	0.00e+00	0.00e+00	0.00e+00	0.00e+00
 1.46267e+14	4.31e-30	5.81e-23	1.70e-16	3.86e-11	6.79e-07	1.02e-03	9.99e-01	0.00e+00	0.00e+00	0.00e+00	0.00e+00	0.00e+00
 1.51840e+14	6.54e-30	8.27e-23	2.29e-16	4.82e-11	7.87e-07	1.10e-03	9.99e-01	0.00e+00	0.00e+00	0.00e+00	0.00e+00	0.00e+00
 1.57471e+14	1.01e-29	1.19e-22	3.06e-16	5.98e-11	9.09e-07	1.18e-03	9.99e-01	0.00e+00	0.00e+00	0.00e+00	0.00e+00	0.00e+00
 1.62534e+14	1.43e-29	1.60e-22	3.92e-16	7.22e-11	1.03e-06	1.26e-03	9.99e-01	0.00e+00	0.00e+00	0.00e+00	0.00e+00	0.00e+00
 1.68105e+14	2.14e-29	2.23e-22	5.12e-16	8.83e-11	1.18e-06	1.35e-03	9.99e-01	0.00e+00	0.00e+00	0.00e+00	0.00e+00	0.00e+00
 1.74695e+14	3.27e-29	3.21e-22	6.93e-16	1.11e-10	1.37e-06	1.46e-03	9.99e-01	0.00e+00	0.00e+00	0.00e+00	0.00e+00	0.00e+00
 1.81168e+14	4.92e-29	4.54e-22	9.23e-16	1.38e-10	1.59e-06	1.57e-03	9.98e-01	0.00e+00	0.00e+00	0.00e+00	0.00e+00	0.00e+00
 1.87073e+14	7.22e-29	6.25e-22	1.19e-15	1.67e-10	1.80e-06	1.67e-03	9.98e-01	0.00e+00	0.00e+00	0.00e+00	0.00e+00	0.00e+00
 1.93679e+14	1.06e-28	8.64e-22	1.57e-15	2.05e-10	2.07e-06	1.79e-03	9.98e-01	0.00e+00	0.00e+00	0.00e+00	0.00e+00	0.00e+00
 2.01376e+14	1.63e-28	1.25e-21	2.13e-15	2.59e-10	2.41e-06	1.94e-03	9.98e-01	0.00e+00	0.00e+00	0.00e+00	0.00e+00	0.00e+00
 2.08946e+14	2.53e-28	1.80e-21	2.85e-15	3.22e-10	2.80e-06	2.09e-03	9.98e-01	0.00e+00	0.00e+00	0.00e+00	0.00e+00	0.00e+00
 2.16116e+14	3.64e-28	2.46e-21	3.72e-15	3.94e-10	3.20e-06	2.23e-03	9.98e-01	0.00e+00	0.00e+00	0.00e+00	0.00e+00	0.00e+00
 2.24088e+14	5.46e-28	3.48e-21	4.95e-15	4.89e-10	3.69e-06	2.40e-03	9.98e-01	0.00e+00	0.00e+00	0.00e+00	0.00e+00	0.00e+00
 2.33081e+14	8.48e-28	5.05e-21	6.76e-15	6.18e-10	4.31e-06	2.60e-03	9.97e-01	0.00e+00	0.00e+00	0.00e+00	0.00e+00	0.00e+00
 2.42084e+14	1.33e-27	7.34e-21	9.12e-15	7.75e-10	5.01e-06	2.81e-03	9.97e-01	0.00e+00	0.00e+00	0.00e+00	0.00e+00	0.00e+00
 2.50548e+14	1.91e-27	1.00e-20	1.19e-14	9.51e-10	5.75e-06	3.01e-03	9.97e-01	0.00e+00	0.00e+00	0.00e+00	0.00e+00	0.00e+00
 2.59699e+14	2.90e-27	1.43e-20	1.59e-14	1.18e-09	6.63e-06	3.23e-03	9.97e-01	0.00e+00	0.00e+00	0.00e+00	0.00e+00	0.00e+00
 2.70117e+14	4.41e-27	2.05e-20	2.16e-14	1.49e-09	7.75e-06	3.50e-03	9.96e-01	0.00e+00	0.00e+00	0.00e+00	0.00e+00	0.00e+00
 2.79948e+14	6.68e-27	2.90e-20	2.87e-14	1.84e-09	8.93e-06	3.76e-03	9.96e-01	0.00e+00	0.00e+00	0.00e+00	0.00e+00	0.00e+00
 2.88824e+14	9.19e-27	3.84e-20	3.67e-14	2.22e-09	1.01e-05	4.01e-03	9.96e-01	0.00e+00	0.00e+00	0.00e+00	0.00e+00	0.00e+00
 2.97224e+14	1.27e-26	5.05e-20	4.60e-14	2.63e-09	1.13e-05	4.24e-03	9.96e-01	0.00e+00	0.00e+00	0.00e+00	0.00e+00	0.00e+00
 3.06523e+14	1.82e-26	6.81e-20	5.87e-14	3.16e-09	1.28e-05	4.52e-03	9.95e-01	0.00e+00	0.00e+00	0.00e+00	0.00e+00	0.00e+00
 3.16918e+14	2.57e-26	9.21e-20	7.63e-14	3.86e-09	1.46e-05	4.83e-03	9.95e-01	0.00e+00	0.00e+00	0.00e+00	0.00e+00	0.00e+00
 3.26713e+14	3.67e-26	1.24e-19	9.72e-14	4.62e-09	1.65e-05	5.13e-03	9.95e-01	0.00e+00	0.00e+00	0.00e+00	0.00e+00	0.00e+00
 3.37420e+14	5.09e-26	1.65e-19	1.25e-13	5.60e-09	1.87e-05	5.48e-03	9.94e-01	0.00e+00	0.00e+00	0.00e+00	0.00e+00	0.00e+00
 3.49380e+14	7.54e-26	2.31e-19	1.65e-13	6.89e-09	2.15e-05	5.88e-03	9.94e-01	0.00e+00	0.00e+00	0.00e+00	0.00e+00	0.00e+00
 3.60709e+14	1.08e-25	3.13e-19	2.12e-13	8.34e-09	2.44e-05	6.27e-03	9.94e-01	0.00e+00	0.00e+00	0.00e+00	0.00e+00	0.00e+00
 3.73179e+14	1.54e-25	4.25e-19	2.77e-13	1.02e-08	2.79e-05	6.72e-03	9.93e-01	0.00e+00	0.00e+00	0.00e+00	0.00e+00	0.00e+00
 3.86949e+14	2.33e-25	6.04e-19	3.69e-13	1.27e-08	3.23e-05	7.22e-03	9.93e-01	0.00e+00	0.00e+00	0.00e+00	0.00e+00	0.00e+00
 3.99679e+14	3.23e-25	8.04e-19	4.75e-13	1.54e-08	3.67e-05	7.71e-03	9.92e-01	0.00e+00	0.00e+00	0.00e+00	0.00e+00	0.00e+00
 4.13503e+14	4.78e-25	1.12e-18	6.22e-13	1.88e-08	4.20e-05	8.26e-03	9.92e-01	0.00e+00	0.00e+00	0.00e+00	0.00e+00	0.00e+00
 4.28932e+14	6.93e-25	1.55e-18	8.28e-13	2.34e-08	4.85e-05	8.90e-03	9.91e-01	0.00e+00	0.00e+00	0.00e+00	0.00e+00	0.00e+00
 4.43371e+14	9.92e-25	2.11e-18	1.07e-12	2.85e-08	5.53e-05	9.51e-03	9.90e-01	0.00e+00	0.00e+00	0.00e+00	0.00e+00	0.00e+00
 4.59064e+14	1.46e-24	2.93e-18	1.41e-12	3.50e-08	6.35e-05	1.02e-02	9.90e-01	0.00e+00	0.00e+00	0.00e+00	0.00e+00	0.00e+00
 4.76566e+14	2.12e-24	4.07e-18	1.89e-12	4.37e-08	7.36e-05	1.10e-02	9.89e-01	0.00e+00	0.00e+00	0.00e+00	0.00e+00	0.00e+00
 4.92946e+14	3.11e-24	5.63e-18	2.47e-12	5.34e-08	8.42e-05	1.18e-02	9.88e-01	0.00e+00	0.00e+00	0.00e+00	0.00e+00	0.00e+00
 5.10723e+14	4.44e-24	7.71e-18	3.25e-12	6.59e-08	9.68e-05	1.27e-02	9.87e-01	0.00e+00	0.00e+00	0.00e+00	0.00e+00	0.00e+00
 5.30556e+14	6.74e-24	1.10e-17	4.39e-12	8.27e-08	1.13e-04	1.37e-02	9.86e-01	0.00e+00	0.00e+00	0.00e+00	0.00e+00	0.00e+00
 5.49382e+14	9.54e-24	1.50e-17	5.75e-12	1.02e-07	1.29e-04	1.47e-02	9.85e-01	0.00e+00	0.00e+00	0.00e+00	0.00e+00	0.00e+00
 5.69587e+14	1.41e-23	2.09e-17	7.64e-12	1.26e-07	1.49e-04	1.58e-02	9.84e-01	0.00e+00	0.00e+00	0.00e+00	0.00e+00	0.00e+00
 5.92401e+14	2.06e-23	2.94e-17	1.03e-11	1.59e-07	1.74e-04	1.72e-02	9.83e-01	0.00e+00	0.00e+00	0.00e+00	0.00e+00	0.00e+00
 6.14760e+14	3.08e-23	4.15e-17	1.38e-11	1.98e-07	2.01e-04	1.85e-02	9.81e-01	0.00e+00	0.00e+00	0.00e+00	0.00e+00	0.00e+00
 6.38015e+14	4.37e-23	5.70e-17	1.84e-11	2.47e-07	2.33e-04	2.00e-02	9.80e-01	0.00e+00	0.00e+00	0.00e+00	0.00e+00	0.00e+00
 6.63565e+14	6.61e-23	8.16e-17	2.49e-11	3.12e-07	2.72e-04	2.17e-02	9.78e-01	0.00e+00	0.00e+00	0.00e+00	0.00e+00	0.00e+00
 6.88756e+14	9.45e-23	1.13e-16	3.32e-11	3.88e-07	3.15e-04	2.35e-02	9.76e-01	0.00e+00	0.00e+00	0.00e+00	0.00e+00	0.00e+00
 7.09535e+14	1.28e-22	1.47e-16	4.18e-11	4.63e-07	3.53e-04	2.49e-02	9.75e-01	0.00e+00	0.00e+00	0.00e+00	0.00e+00	0.00e+00
 7.26175e+14	1.62e-22	1.80e-16	4.99e-11	5.31e-07	3.87e-04	2.62e-02	9.73e-01	0.00e+00	0.00e+00	0.00e+00	0.00e+00	0.00e+00
 7.44635e+14	2.08e-22	2.26e-16	6.06e-11	6.16e-07	4.27e-04	2.76e-02	9.72e-01	0.00e+00	0.00e+00	0.00e+00	0.00e+00	0.00e+00
 7.68632e+14	2.81e-22	2.97e-16	7.73e-11	7.43e-07	4.83e-04	2.95e-02	9.70e-01	0.00e+00	0.00e+00	0.00e+00	0.00e+00	0.00e+00
 7.94351e+14	3.87e-22	3.95e-16	9.95e-11	9.02e-07	5.50e-04	3.16e-02	9.68e-01	0.00e+00	0.00e+00	0.00e+00	0.00e+00	0.00e+00
 8.17179e+14	5.16e-22	5.09e-16	1.24e-10	1.07e-06	6.14e-04	3.35e-02	9.66e-01	0.00e+00	0.00e+00	0.00e+00	0.00e+00	0.00e+00
 8.41727e+14	6.78e-22	6.54e-16	1.55e-10	1.27e-06	6.89e-04	3.57e-02	9.64e-01	0.00e+00	0.00e+00	0.00e+00	0.00e+00	0.00e+00
 8.72729e+14	9.72e-22	9.02e-16	2.05e-10	1.57e-06	7.93e-04	3.85e-02	9.61e-01	0.00e+00	0.00e+00	0.00e+00	0.00e+00	0.00e+00
 9.04313e+14	1.35e-21	1.22e-15	2.69e-10	1.94e-06	9.10e-04	4.15e-02	9.58e-01	0.00e+00	0.00e+00	0.00e+00	0.00e+00	0.00e+00
 9.31259e+14	1.80e-21	1.58e-15	3.36e-10	2.31e-06	1.02e-03	4.42e-02	9.55e-01	0.00e+00	0.00e+00	0.00e+00	0.00e+00	0.00e+00
 9.59984e+14	2.42e-21	2.07e-15	4.25e-10	2.76e-06	1.15e-03	4.70e-02	9.52e-01	0.00e+00	0.00e+00	0.00e+00	0.00e+00	0.00e+00
 9.95759e+14	3.44e-21	2.84e-15	5.62e-10	3.42e-06	1.32e-03	5.09e-02	9.48e-01	0.00e+00	0.00e+00	0.00e+00	0.00e+00	0.00e+00
 1.03236e+15	4.84e-21	3.89e-15	7.41e-10	4.23e-06	1.52e-03	5.49e-02	9.44e-01	0.00e+00	0.00e+00	0.00e+00	0.00e+00	0.00e+00
 1.06460e+15	6.55e-21	5.11e-15	9.38e-10	5.07e-06	1.71e-03	5.86e-02	9.40e-01	0.00e+00	0.00e+00	0.00e+00	0.00e+00	0.00e+00
 1.09951e+15	8.84e-21	6.75e-15	1.20e-09	6.13e-06	1.94e-03	6.26e-02	9.35e-01	0.00e+00	0.00e+00	0.00e+00	0.00e+00	0.00e+00
 1.14165e+15	1.27e-20	9.42e-15	1.60e-09	7.65e-06	2.24e-03	6.79e-02	9.30e-01	0.00e+00	0.00e+00	0.00e+00	0.00e+00	0.00e+00
 1.18343e+15	1.79e-20	1.29e-14	2.11e-09	9.45e-06	2.56e-03	7.31e-02	9.24e-01	0.00e+00	0.00e+00	0.00e+00	0.00e+00	0.00e+00
 1.22074e+15	2.42e-20	1.70e-14	2.68e-09	1.13e-05	2.88e-03	7.80e-02	9.19e-01	0.00e+00	0.00e+00	0.00e+00	0.00e+00	0.00e+00
 1.26197e+15	3.33e-20	2.28e-14	3.46e-09	1.38e-05	3.27e-03	8.35e-02	9.13e-01	0.00e+00	0.00e+00	0.00e+00	0.00e+00	0.00e+00
 1.31100e+15	4.89e-20	3.23e-14	4.64e-09	1.72e-05	3.78e-03	9.04e-02	9.06e-01	0.00e+00	0.00e+00	0.00e+00	0.00e+00	0.00e+00
 1.35952e+15	6.94e-20	4.46e-14	6.14e-09	2.13e-05	4.33e-03	9.74e-02	8.98e-01	0.00e+00	0.00e+00	0.00e+00	0.00e+00	0.00e+00
 1.40390e+15	9.58e-20	5.97e-14	7.87e-09	2.57e-05	4.89e-03	1.04e-01	8.91e-01	0.00e+00	0.00e+00	0.00e+00	0.00e+00	0.00e+00
 1.45356e+15	1.35e-19	8.19e-14	1.03e-08	3.14e-05	5.57e-03	1.11e-01	8.83e-01	0.00e+00	0.00e+00	0.00e+00	0.00e+00	0.00e+00
 1.51127e+15	1.99e-19	1.17e-13	1.39e-08	3.94e-05	6.44e-03	1.20e-01	8.73e-01	0.00e+00	0.00e+00	0.00e+00	0.00e+00	0.00e+00
 1.56819e+15	2.89e-19	1.64e-13	1.85e-08	4.88e-05	7.39e-03	1.29e-01	8.63e-01	0.00e+00	0.00e+00	0.00e+00	0.00e+00	0.00e+00
 1.62259e+15	4.08e-19	2.24e-13	2.41e-08	5.95e-05	8.38e-03	1.38e-01	8.53e-01	0.00e+00	0.00e+00	0.00e+00	0.00e+00	0.00e+00
 1.67019e+15	5.48e-19	2.92e-13	3.01e-08	7.03e-05	9.31e-03	1.46e-01	8.45e-01	0.00e+00	0.00e+00	0.00e+00	0.00e+00	0.00e+00
 1.70945e+15	6.95e-19	3.62e-13	3.60e-08	8.03e-05	1.01e-02	1.53e-01	8.37e-01	0.00e+00	0.00e+00	0.00e+00	0.00e+00	0.00e+00
 1.75270e+15	8.99e-19	4.57e-13	4.36e-08	9.27e-05	1.11e-02	1.60e-01	8.29e-01	0.00e+00	0.00e+00	0.00e+00	0.00e+00	0.00e+00
 1.80893e+15	1.24e-18	6.11e-13	5.57e-08	1.11e-04	1.24e-02	1.69e-01	8.18e-01	0.00e+00	0.00e+00	0.00e+00	0.00e+00	0.00e+00
 1.86815e+15	1.74e-18	8.28e-13	7.14e-08	1.34e-04	1.40e-02	1.80e-01	8.06e-01	0.00e+00	0.00e+00	0.00e+00	0.00e+00	0.00e+00
 1.91917e+15	2.30e-18	1.06e-12	8.78e-08	1.56e-04	1.54e-02	1.89e-01	7.96e-01	0.00e+00	0.00e+00	0.00e+00	0.00e+00	0.00e+00
 1.97340e+15	3.07e-18	1.38e-12	1.09e-07	1.82e-04	1.70e-02	1.98e-01	7.85e-01	0.00e+00	0.00e+00	0.00e+00	0.00e+00	0.00e+00
 2.04390e+15	4.47e-18	1.92e-12	1.42e-07	2.22e-04	1.92e-02	2.10e-01	7.70e-01	0.00e+00	0.00e+00	0.00e+00	0.00e+00	0.00e+00
 2.11665e+15	6.40e-18	2.66e-12	1.86e-07	2.70e-04	2.17e-02	2.23e-01	7.55e-01	0.00e+00	0.00e+00	0.00e+00	0.00e+00	0.00e+00
 2.17746e+15	8.73e-18	3.48e-12	2.31e-07	3.16e-04	2.40e-02	2.34e-01	7.42e-01	0.00e+00	0.00e+00	0.00e+00	0.00e+00	0.00e+00
 2.24163e+15	1.19e-17	4.58e-12	2.88e-07	3.72e-04	2.65e-02	2.45e-01	7.28e-01	0.00e+00	0.00e+00	0.00e+00	0.00e+00	0.00e+00
 2.32348e+15	1.74e-17	6.41e-12	3.79e-07	4.53e-04	3.00e-02	2.60e-01	7.10e-01	0.00e+00	0.00e+00	0.00e+00	0.00e+00	0.00e+00
 2.40960e+15	2.52e-17	8.82e-12	4.98e-07	5.53e-04	3.38e-02	2.74e-01	6.92e-01	0.00e+00	0.00e+00	1.44e-17	7.66e-18	2.72e-18
 2.48645e+15	3.53e-17	1.19e-11	6.31e-07	6.56e-04	3.76e-02	2.87e-01	6.75e-01	0.00e+00	0.00e+00	2.02e-17	1.08e-17	3.79e-18
 2.56993e+15	5.19e-17	1.64e-11	8.08e-07	7.84e-04	4.19e-02	3.01e-01	6.56e-01	0.00e+00	0.00e+00	2.97e-17	1.58e-17	5.52e-18
 2.66948e+15	7.86e-17	2.36e-11	1.07e-06	9.62e-04	4.74e-02	3.18e-01	6.34e-01	0.00e+00	0.00e+00	4.51e-17	2.39e-17	8.32e-18
 2.76774e+15	1.16e-16	3.30e-11	1.40e-06	1.16e-03	5.32e-02	3.33e-01	6.13e-01	0.00e+00	0.00e+00	6.68e-17	3.54e-17	1.23e-17
 2.85668e+15	1.64e-16	4.43e-11	1.77e-06	1.38e-03	5.87e-02	3.46e-01	5.94e-01	0.00e+00	0.00e+00	9.42e-17	4.98e-17	1.72e-17
 2.95564e+15	2.35e-16	6.04e-11	2.27e-06	1.64e-03	6.52e-02	3.61e-01	5.73e-01	0.00e+00	0.00e+00	1.35e-16	7.13e-17	2.46e-17
 3.07182e+15	3.60e-16	8.69e-11	3.01e-06	2.00e-03	7.33e-02	3.77e-01	5.48e-01	0.00e+00	0.00e+00	2.07e-16	1.09e-16	3.75e-17
 3.18657e+15	5.38e-16	1.22e-10	3.92e-06	2.41e-03	8.18e-02	3.92e-01	5.24e-01	0.00e+00	0.00e+00	3.10e-16	1.63e-16	5.58e-17
 3.29426e+15	7.71e-16	1.65e-10	4.98e-06	2.85e-03	9.01e-02	4.05e-01	5.02e-01	0.00e+00	0.00e+00	4.44e-16	2.34e-16	7.97e-17
 3.41442e+15	1.13e-15	2.27e-10	6.42e-06	3.41e-03	9.98e-02	4.18e-01	4.79e-01	0.00e+00	0.00e+00	6.49e-16	3.42e-16	1.16e-16
 3.55103e+15	1.74e-15	3.27e-10	8.47e-06	4.13e-03	1.11e-01	4.32e-01	4.52e-01	0.00e+00	0.00e+00	1.01e-15	5.29e-16	1.79e-16
 3.66523e+15	2.46e-15	4.34e-10	1.06e-05	4.81e-03	1.21e-01	4.43e-01	4.31e-01	0.00e+00	0.00e+00	1.42e-15	7.46e-16	2.52e-16
 3.74667e+15	3.11e-15	5.28e-10	1.23e-05	5.34e-03	1.29e-01	4.50e-01	4.17e-01	0.00e+00	0.00e+00	1.80e-15	9.45e-16	3.19e-16
 3.83149e+15	3.97e-15	6.45e-10	1.43e-05	5.94e-03	1.36e-01	4.56e-01	4.02e-01	0.00e+00	0.00e+00	2.29e-15	1.20e-15	4.05e-16
 3.94175e+15	5.19e-15	8.13e-10	1.74e-05	6.78e-03	1.47e-01	4.64e-01	3.83e-01	0.00e+00	0.00e+00	3.00e-15	1.58e-15	5.29e-16
 4.06501e+15	7.53e-15	1.09e-09	2.14e-05	7.82e-03	1.58e-01	4.71e-01	3.62e-01	0.00e+00	0.00e+00	4.35e-15	2.28e-15	7.65e-16
 4.18037e+15	9.78e-15	1.36e-09	2.58e-05	8.87e-03	1.70e-01	4.77e-01	3.44e-01	0.00e+00	0.00e+00	5.66e-15	2.97e-15	9.94e-16
 4.30556e+15	1.40e-14	1.80e-09	3.15e-05	1.01e-02	1.82e-01	4.83e-01	3.25e-01	0.00e+00	0.00e+00	8.07e-15	4.24e-15	1.42e-15
 4.44514e+15	1.97e-14	2.38e-09	3.89e-05	1.17e-02	1.96e-01	4.87e-01	3.05e-01	0.00e+00	0.00e+00	1.14e-14	5.97e-15	1.99e-15
 4.57679e+15	2.65e-14	3.03e-09	4.70e-05	1.33e-02	2.09e-01	4.90e-01	2.87e-01	0.00e+00	0.00e+00	1.54e-14	8.06e-15	2.68e-15
 4.72129e+15	3.58e-14	3.89e-09	5.75e-05	1.52e-02	2.24e-01	4.92e-01	2.68e-01	0.00e+00	0.00e+00	2.07e-14	1.09e-14	3.62e-15
 4.88326e+15	5.36e-14	5.31e-09	7.16e-05	1.75e-02	2.41e-01	4.94e-01	2.48e-01	0.00e+00	0.00e+00	3.10e-14	1.63e-14	5.40e-15
 5.03611e+15	7.42e-14	6.88e-09	8.69e-05	1.99e-02	2.56e-01	4.93e-01	2.31e-01	0.00e+00	0.00e+00	4.30e-14	2.25e-14	7.46e-15
 5.20299e+15	1.04e-13	8.98e-09	1.07e-04	2.27e-02	2.73e-01	4.91e-01	2.13e-01	0.00e+00	0.00e+00	6.00e-14	3.15e-14	1.04e-14
 5.38773e+15	1.44e-13	1.18e-08	1.32e-04	2.61e-02	2.92e-01	4.87e-01	1.95e-01	0.00e+00	0.00e+00	8.36e-14	4.38e-14	1.45e-14
 5.55975e+15	2.11e-13	1.57e-08	1.61e-04	2.96e-02	3.09e-01	4.83e-01	1.79e-01	0.00e+00	0.00e+00	1.22e-13	6.41e-14	2.11e-14
 5.74742e+15	2.99e-13	2.05e-08	1.97e-04	3.36e-02	3.27e-01	4.76e-01	1.63e-01	0.00e+00	0.00e+00	1.73e-13	9.08e-14	2.99e-14
 5.95388e+15	4.10e-13	2.66e-08	2.43e-04	3.84e-02	3.47e-01	4.68e-01	1.47e-01	0.00e+00	0.00e+00	2.38e-13	1.25e-13	4.10e-14
 6.14580e+15	5.72e-13	3.44e-08	2.94e-04	4.32e-02	3.64e-01	4.59e-01	1.34e-01	0.00e+00	0.00e+00	3.32e-13	1.74e-13	5.71e-14
 6.35636e+15	8.56e-13	4.64e-08	3.60e-04	4.90e-02	3.83e-01	4.48e-01	1.20e-01	0.00e+00	0.00e+00	4.97e-13	2.60e-13	8.54e-14
 6.58710e+15	1.22e-12	6.10e-08	4.42e-04	5.56e-02	4.02e-01	4.35e-01	1.07e-01	0.00e+00	0.00e+00	7.06e-13	3.70e-13	1.21e-13
 6.80176e+15	1.64e-12	7.73e-08	5.32e-04	6.21e-02	4.19e-01	4.22e-01	9.58e-02	0.00e+00	0.00e+00	9.51e-13	4.98e-13	1.63e-13
 7.00365e+15	2.22e-12	9.74e-08	6.29e-04	6.87e-02	4.35e-01	4.10e-01	8.64e-02	0.00e+00	0.00e+00	1.29e-12	6.74e-13	2.21e-13
 7.23129e+15	3.25e-12	1.29e-07	7.58e-04	7.66e-02	4.51e-01	3.95e-01	7.66e-02	0.00e+00	0.00e+00	1.89e-12	9.88e-13	3.23e-13
 7.47994e+15	4.52e-12	1.66e-07	9.16e-04	8.56e-02	4.67e-01	3.79e-01	6.74e-02	0.00e+00	0.00e+00	2.62e-12	1.37e-12	4.49e-13
 7.70932e+15	5.96e-12	2.06e-07	1.08e-03	9.43e-02	4.81e-01	3.64e-01	5.99e-02	0.00e+00	0.00e+00	3.46e-12	1.81e-12	5.92e-13
 7.91507e+15	7.83e-12	2.53e-07	1.26e-03	1.03e-01	4.92e-01	3.50e-01	5.38e-02	0.00e+00	0.00e+00	4.55e-12	2.38e-12	7.78e-13
 8.10506e+15	1.00e-11	3.05e-07	1.43e-03	1.10e-01	5.02e-01	3.37e-01	4.87e-02	0.00e+00	0.00e+00	5.83e-12	3.05e-12	9.97e-13
 8.32048e+15	1.31e-11	3.73e-07	1.66e-03	1.20e-01	5.12e-01	3.23e-01	4.35e-02	0.00e+00	0.00e+00	7.62e-12	3.99e-12	1.30e-12
 8.55859e+15	1.75e-11	4.62e-07	1.94e-03	1.30e-01	5.22e-01	3.07e-01	3.84e-02	0.00e+00	0.00e+00	1.02e-11	5.32e-12	1.73e-12
 8.78161e+15	2.40e-11	5.79e-07	2.24e-03	1.41e-01	5.30e-01	2.93e-01	3.40e-02	0.00e+00	0.00e+00	1.40e-11	7.31e-12	2.38e-12
 8.98718e+15	3.04e-11	6.91e-07	2.55e-03	1.51e-01	5.36e-01	2.80e-01	3.05e-02	0.00e+00	0.00e+00	1.77e-11	9.25e-12	3.02e-12
 9.21466e+15	3.91e-11	8.36e-07	2.92e-03	1.62e-01	5.43e-01	2.65e-01	2.70e-02	0.00e+00	0.00e+00	2.27e-11	1.19e-11	3.88e-12
 9.51038e+15	5.59e-11	1.08e-06	3.50e-03	1.78e-01	5.49e-01	2.47e-01	2.29e-02	0.00e+00	0.00e+00	3.25e-11	1.70e-11	5.54e-12
 9.80759e+15	7.51e-11	1.36e-06	4.13e-03	1.93e-01	5.53e-01	2.30e-01	1.96e-02	0.00e+00	0.00e+00	4.36e-11	2.28e-11	7.44e-12
 1.00482e+16	9.41e-11	1.62e-06	4.72e-03	2.07e-01	5.55e-01	2.17e-01	1.72e-02	0.00e+00	0.00e+00	5.47e-11	2.86e-11	9.32e-12
 1.03023e+16	1.23e-10	1.97e-06	5.43e-03	2.21e-01	5.56e-01	2.03e-01	1.50e-02	0.00e+00	0.00e+00	7.12e-11	3.73e-11	1.21e-11
 1.05864e+16	1.75e-10	2.53e-06	6.36e-03	2.38e-01	5.55e-01	1.88e-01	1.27e-02	0.00e+00	0.00e+00	1.02e-10	5.34e-11	1.74e-11
 1.08498e+16	2.28e-10	3.08e-06	7.30e-03	2.54e-01	5.53e-01	1.75e-01	1.10e-02	0.00e+00	0.00e+00	1.32e-10	6.94e-11	2.26e-11
 1.10950e+16	2.93e-10	3.71e-06	8.31e-03	2.69e-01	5.50e-01	1.63e-01	9.58e-03	0.00e+00	0.00e+00	1.70e-10	8.93e-11	2.91e-11
 1.13763e+16	3.85e-10	4.56e-06	9.63e-03	2.87e-01	5.45e-01	1.50e-01	8.16e-03	0.00e+00	0.00e+00	2.24e-10	1.17e-10	3.82e-11
 1.16739e+16	5.29e-10	5.74e-06	1.12e-02	3.06e-01	5.38e-01	1.37e-01	6.86e-03	0.00e+00	0.00e+00	3.07e-10	1.61e-10	5.24e-11
 1.19265e+16	6.78e-10	6.90e-06	1.28e-02	3.23e-01	5.31e-01	1.27e-01	5.93e-03	0.00e+00	0.00e+00	3.94e-10	2.07e-10	6.73e-11
 1.21883e+16	8.74e-10	8.35e-06	1.46e-02	3.41e-01	5.23e-01	1.17e-01	5.07e-03	0.00e+00	0.00e+00	5.08e-10	2.66e-10	8.67e-11
 1.24759e+16	1.11e-09	1.01e-05	1.69e-02	3.60e-01	5.12e-01	1.06e-01	4.28e-03	0.00e+00	0.00e+00	6.48e-10	3.40e-10	1.10e-10
 1.27351e+16	1.56e-09	1.27e-05	1.94e-02	3.79e-01	5.01e-01	9.71e-02	3.63e-03	0.00e+00	0.00e+00	9.08e-10	4.76e-10	1.55e-10
 1.29606e+16	1.96e-09	1.51e-05	2.18e-02	3.95e-01	4.90e-01	8.97e-02	3.15e-03	0.00e+00	0.00e+00	1.14e-09	5.97e-10	1.95e-10
 1.32042e+16	2.50e-09	1.81e-05	2.49e-02	4.12e-01	4.78e-01	8.20e-02	2.70e-03	0.00e+00	0.00e+00	1.45e-09	7.62e-10	2.48e-10
 1.34736e+16	3.44e-09	2.27e-05	2.88e-02	4.32e-01	4.63e-01	7.39e-02	2.25e-03	0.00e+00	0.00e+00	2.00e-09	1.05e-09	3.42e-10
 1.37142e+16	4.33e-09	2.72e-05	3.27e-02	4.49e-01	4.49e-01	6.73e-02	1.92e-03	0.00e+00	0.00e+00	2.52e-09	1.32e-09	4.30e-10
 1.39286e+16	5.29e-09	3.17e-05	3.68e-02	4.65e-01	4.35e-01	6.16e-02	1.66e-03	0.00e+00	0.00e+00	3.07e-09	1.61e-09	5.25e-10
 1.41394e+16	6.70e-09	3.79e-05	4.16e-02	4.80e-01	4.21e-01	5.62e-02	1.43e-03	0.00e+00	0.00e+00	3.90e-09	2.05e-09	6.67e-10
 1.43389e+16	9.21e-09	4.70e-05	4.69e-02	4.95e-01	4.06e-01	5.12e-02	1.22e-03	0.00e+00	0.00e+00	5.36e-09	2.81e-09	9.17e-10
 1.45258e+16	1.13e-08	5.50e-05	5.24e-02	5.08e-01	3.92e-01	4.69e-02	1.06e-03	0.00e+00	0.00e+00	6.57e-09	3.45e-09	1.12e-09
 1.47393e+16	1.41e-08	6.53e-05	5.99e-02	5.23e-01	3.74e-01	4.21e-02	8.99e-04	0.00e+00	0.00e+00	8.18e-09	4.30e-09	1.40e-09
 1.49732e+16	1.89e-08	8.14e-05	6.95e-02	5.38e-01	3.54e-01	3.72e-02	7.42e-04	0.00e+00	0.00e+00	1.10e-08	5.76e-09	1.88e-09
 1.51778e+16	2.52e-08	1.01e-04	7.97e-02	5.51e-01	3.36e-01	3.31e-02	6.20e-04	0.00e+00	0.00e+00	1.47e-08	7.70e-09	2.51e-09
 1.53489e+16	3.27e-08	1.22e-04	9.00e-02	5.60e-01	3.19e-01	2.98e-02	5.28e-04	0.00e+00	0.00e+00	1.90e-08	9.99e-09	3.26e-09
 1.55086e+16	4.19e-08	1.46e-04	1.01e-01	5.69e-01	3.03e-01	2.68e-02	4.51e-04	0.00e+00	0.00e+00	2.44e-08	1.28e-08	4.18e-09
 1.56663e+16	5.38e-08	1.75e-04	1.14e-01	5.75e-01	2.86e-01	2.40e-02	3.83e-04	0.00e+00	0.00e+00	3.13e-08	1.64e-08	5.37e-09
 1.58221e+16	6.97e-08	2.12e-04	1.29e-01	5.81e-01	2.68e-01	2.13e-02	3.22e-04	0.00e+00	0.00e+00	4.06e-08	2.13e-08	6.96e-09
 1.59746e+16	9.10e-08	2.58e-04	1.46e-01	5.84e-01	2.50e-01	1.88e-02	2.69e-04	0.00e+00	0.00e+00	5.30e-08	2.78e-08	9.09e-09
 1.61186e+16	1.19e-07	3.13e-04	1.66e-01	5.85e-01	2.33e-01	1.65e-02	2.24e-04	0.00e+00	0.00e+00	6.92e-08	3.64e-08	1.19e-08
 1.62523e+16	1.70e-07	3.99e-04	1.88e-01	5.82e-01	2.15e-01	1.44e-02	1.83e-04	0.00e+00	0.00e+00	9.90e-08	5.20e-08	1.70e-08
 1.63714e+16	1.99e-07	4.54e-04	2.09e-01	5.79e-01	1.99e-01	1.27e-02	1.55e-04	0.00e+00	0.00e+00	1.16e-07	6.08e-08	1.99e-08
 1.64972e+16	2.79e-07	5.76e-04	2.37e-01	5.71e-01	1.81e-01	1.08e-02	1.24e-04	0.00e+00	0.00e+00	1.62e-07	8.53e-08	2.79e-08
 1.66153e+16	3.40e-07	6.71e-04	2.65e-01	5.61e-01	1.64e-01	9.32e-03	1.02e-04	0.00e+00	0.00e+00	1.98e-07	1.04e-07	3.40e-08
 1.67085e+16	4.53e-07	8.18e-04	2.93e-01	5.49e-01	1.50e-01	8.06e-03	8.37e-05	0.00e+00	0.00e+00	2.64e-07	1.39e-07	4.55e-08
 1.67921e+16	5.55e-07	9.46e-04	3.19e-01	5.36e-01	1.37e-01	7.04e-03	7.00e-05	0.00e+00	0.00e+00	3.23e-07	1.70e-07	5.57e-08
 1.68588e+16	6.56e-07	1.07e-03	3.43e-01	5.24e-01	1.26e-01	6.27e-03	6.00e-05	0.00e+00	0.00e+00	3.82e-07	2.01e-07	6.59e-08
 1.69159e+16	7.60e-07	1.18e-03	3.64e-01	5.12e-01	1.17e-01	5.62e-03	5.21e-05	0.00e+00	0.00e+00	4.42e-07	2.33e-07	7.64e-08
 1.69801e+16	8.65e-07	1.30e-03	3.90e-01	4.97e-01	1.07e-01	4.93e-03	4.42e-05	0.00e+00	0.00e+00	5.03e-07	2.65e-07	8.70e-08
 1.70635e+16	1.13e-06	1.57e-03	4.28e-01	4.73e-01	9.38e-02	4.06e-03	3.43e-05	0.00e+00	0.00e+00	6.59e-07	3.47e-07	1.14e-07
 1.71376e+16	1.38e-06	1.80e-03	4.62e-01	4.50e-01	8.28e-02	3.41e-03	2.74e-05	0.00e+00	0.00e+00	8.01e-07	4.22e-07	1.39e-07
 1.71852e+16	1.59e-06	1.98e-03	4.85e-01	4.34e-01	7.56e-02	3.00e-03	2.33e-05	0.00e+00	0.00e+00	9.22e-07	4.86e-07	1.60e-07
 1.72328e+16	1.75e-06	2.13e-03	5.10e-01	4.17e-01	6.86e-02	2.62e-03	1.98e-05	0.00e+00	0.00e+00	1.02e-06	5.36e-07	1.76e-07
 1.72946e+16	2.17e-06	2.45e-03	5.44e-01	3.92e-01	5.96e-02	2.15e-03	1.54e-05	0.00e+00	0.00e+00	1.26e-06	6.66e-07	2.19e-07
 1.73544e+16	2.56e-06	2.74e-03	5.76e-01	3.68e-01	5.17e-02	1.78e-03	1.21e-05	0.00e+00	0.00e+00	1.49e-06	7.84e-07	2.58e-07
 1.74019e+16	2.91e-06	3.00e-03	6.02e-01	3.47e-01	4.57e-02	1.50e-03	9.83e-06	0.00e+00	0.00e+00	1.69e-06	8.94e-07	2.95e-07
 1.74537e+16	3.39e-06	3.31e-03	6.32e-01	3.24e-01	3.94e-02	1.23e-03	7.65e-06	0.00e+00	0.00e+00	1.97e-06	1.04e-06	3.43e-07
 1.75119e+16	4.01e-06	3.69e-03	6.65e-01	2.98e-01	3.31e-02	9.69e-04	5.71e-06	0.00e+00	0.00e+00	2.33e-06	1.23e-06	4.07e-07
 1.75665e+16	4.64e-06	4.05e-03	6.94e-01	2.73e-01	2.78e-02	7.67e-04	4.29e-06	0.00e+00	0.00e+00	2.70e-06	1.43e-06	4.71e-07
 1.76257e+16	5.49e-06	4.50e-03	7.26e-01	2.46e-01	2.26e-02	5.80e-04	3.05e-06	0.00e+00	0.00e+00	3.19e-06	1.69e-06	5.58e-07
 1.76893e+16	6.47e-06	4.98e-03	7.57e-01	2.19e-01	1.79e-02	4.27e-04	2.09e-06	0.00e+00	0.00e+00	3.76e-06	1.99e-06	6.58e-07
 1.77471e+16	7.49e-06	5.45e-03	7.84e-01	1.96e-01	1.44e-02	3.17e-04	1.46e-06	0.00e+00	0.00e+00	4.36e-06	2.30e-06	7.64e-07
 1.78105e+16	8.79e-06	5.99e-03	8.12e-01	1.71e-01	1.11e-02	2.23e-04	9.51e-07	0.00e+00	0.00e+00	5.11e-06	2.70e-06	8.98e-07
 1.78809e+16	1.03e-05	6.58e-03	8.38e-01	1.47e-01	8.24e-03	1.51e-04	0.00e+00	0.00e+00	0.00e+00	6.02e-06	3.18e-06	1.06e-06
