#depth	C	C+	C+2	C+3	C+4	C+5	C+6	C[1]	C[2]	C[3]	C+[1]	C+[2]	CO
 1.49634e+10	9.41e-45	1.17e-33	1.19e-23	3.76e-14	3.96e-04	4.96e-01	5.03e-01	0.00e+00	0.00e+00	0.00e+00	0.00e+00	0.00e+00	4.30e-142
 4.54887e+10	0.00e+00	1.66e-33	1.57e-23	4.56e-14	4.43e-04	5.16e-01	4.84e-01	0.00e+00	0.00e+00	0.00e+00	0.00e+00	0.00e+00	6.02e-198
 7.72350e+10	2.24e-44	2.38e-33	2.07e-23	5.56e-14	4.99e-04	5.36e-01	4.64e-01	0.00e+00	0.00e+00	0.00e+00	0.00e+00	0.00e+00	4.24e-141
 1.10251e+11	0.00e+00	3.41e-33	2.74e-23	6.78e-14	5.62e-04	5.56e-01	4.44e-01	0.00e+00	0.00e+00	0.00e+00	0.00e+00	0.00e+00	2.64e-197
 1.44588e+11	5.38e-44	4.87e-33	3.61e-23	8.27e-14	6.32e-04	5.75e-01	4.24e-01	0.00e+00	0.00e+00	0.00e+00	0.00e+00	0.00e+00	4.21e-140
 1.77715e+11	0.00e+00	6.78e-33	4.67e-23	9.91e-14	7.03e-04	5.93e-01	4.06e-01	0.00e+00	0.00e+00	0.00e+00	0.00e+00	0.00e+00	2.44e-185
 2.08106e+11	1.16e-43	9.10e-33	5.86e-23	1.17e-13	7.74e-04	6.09e-01	3.90e-01	0.00e+00	0.00e+00	0.00e+00	0.00e+00	0.00e+00	3.15e-139
 2.42077e+11	0.00e+00	1.25e-32	7.52e-23	1.39e-13	8.59e-04	6.26e-01	3.73e-01	0.00e+00	0.00e+00	0.00e+00	0.00e+00	0.00e+00	1.02e-184
 2.81467e+11	2.64e-43	1.78e-32	9.87e-23	1.68e-13	9.61e-04	6.44e-01	3.55e-01	0.00e+00	0.00e+00	0.00e+00	0.00e+00	0.00e+00	2.75e-138
 3.20483e+11	0.00e+00	2.49e-32	1.28e-22	2.02e-13	1.07e-03	6.62e-01	3.37e-01	0.00e+00	0.00e+00	0.00e+00	0.00e+00	0.00e+00	4.66e-184
 3.61060e+11	6.04e-43	3.50e-32	1.66e-22	2.43e-13	1.19e-03	6.78e-01	3.20e-01	0.00e+00	0.00e+00	0.00e+00	0.00e+00	0.00e+00	2.45e-137
 4.05429e+11	0.00e+00	4.99e-32	2.19e-22	2.95e-13	1.33e-03	6.96e-01	3.03e-01	0.00e+00	0.00e+00	0.00e+00	0.00e+00	0.00e+00	2.11e-183
 4.50391e+11	1.43e-42	7.05e-32	2.86e-22	3.56e-13	1.48e-03	7.12e-01	2.87e-01	0.00e+00	0.00e+00	0.00e+00	0.00e+00	0.00e+00	2.38e-136
 4.97151e+11	0.00e+00	9.97e-32	3.73e-22	4.29e-13	1.65e-03	7.28e-01	2.71e-01	0.00e+00	0.00e+00	0.00e+00	0.00e+00	0.00e+00	9.96e-183
 5.46964e+11	3.38e-42	1.42e-31	4.91e-22	5.19e-13	1.85e-03	7.43e-01	2.55e-01	0.00e+00	0.00e+00	0.00e+00	0.00e+00	0.00e+00	2.33e-135
 5.98769e+11	0.00e+00	2.02e-31	6.45e-22	6.28e-13	2.06e-03	7.58e-01	2.40e-01	0.00e+00	0.00e+00	0.00e+00	0.00e+00	0.00e+00	4.44e-182
 6.52647e+11	8.09e-42	2.89e-31	8.47e-22	7.60e-13	2.30e-03	7.73e-01	2.25e-01	0.00e+00	0.00e+00	0.00e+00	0.00e+00	0.00e+00	2.36e-134
 7.08680e+11	0.00e+00	4.12e-31	1.11e-21	9.20e-13	2.56e-03	7.86e-01	2.11e-01	0.00e+00	0.00e+00	0.00e+00	0.00e+00	0.00e+00	1.83e-181
 7.66953e+11	1.94e-41	5.87e-31	1.46e-21	1.11e-12	2.85e-03	8.00e-01	1.98e-01	0.00e+00	0.00e+00	0.00e+00	0.00e+00	0.00e+00	2.40e-133
 8.27558e+11	0.00e+00	8.38e-31	1.92e-21	1.34e-12	3.17e-03	8.12e-01	1.85e-01	0.00e+00	0.00e+00	0.00e+00	0.00e+00	0.00e+00	5.81e-181
 8.90588e+11	4.66e-41	1.20e-30	2.53e-21	1.63e-12	3.53e-03	8.24e-01	1.73e-01	0.00e+00	0.00e+00	0.00e+00	0.00e+00	0.00e+00	2.47e-132
 9.49925e+11	0.00e+00	1.65e-30	3.24e-21	1.93e-12	3.88e-03	8.34e-01	1.62e-01	0.00e+00	0.00e+00	0.00e+00	0.00e+00	0.00e+00	2.99e-181
 1.00311e+12	9.81e-41	2.18e-30	4.01e-21	2.24e-12	4.22e-03	8.42e-01	1.53e-01	0.00e+00	0.00e+00	0.00e+00	0.00e+00	0.00e+00	1.78e-131
 1.06287e+12	0.00e+00	2.97e-30	5.08e-21	2.64e-12	4.63e-03	8.51e-01	1.44e-01	0.00e+00	0.00e+00	0.00e+00	0.00e+00	0.00e+00	0.00e+00
 1.13354e+12	2.21e-40	4.20e-30	6.64e-21	3.17e-12	5.13e-03	8.60e-01	1.34e-01	0.00e+00	0.00e+00	0.00e+00	0.00e+00	0.00e+00	1.52e-130
 1.20449e+12	0.00e+00	5.90e-30	8.61e-21	3.79e-12	5.66e-03	8.69e-01	1.25e-01	0.00e+00	0.00e+00	0.00e+00	0.00e+00	0.00e+00	0.00e+00
 1.27125e+12	4.89e-40	8.01e-30	1.09e-20	4.46e-12	6.20e-03	8.76e-01	1.18e-01	0.00e+00	0.00e+00	0.00e+00	0.00e+00	0.00e+00	1.26e-129
 1.34500e+12	0.00e+00	1.11e-29	1.40e-20	5.31e-12	6.83e-03	8.83e-01	1.10e-01	0.00e+00	0.00e+00	0.00e+00	0.00e+00	0.00e+00	0.00e+00
 1.42872e+12	1.15e-39	1.60e-29	1.85e-20	6.42e-12	7.57e-03	8.91e-01	1.02e-01	0.00e+00	0.00e+00	0.00e+00	0.00e+00	0.00e+00	1.21e-128
 1.51251e+12	0.00e+00	2.26e-29	2.41e-20	7.70e-12	8.37e-03	8.97e-01	9.43e-02	0.00e+00	0.00e+00	0.00e+00	0.00e+00	0.00e+00	0.00e+00
 1.59964e+12	2.72e-39	3.20e-29	3.15e-20	9.25e-12	9.26e-03	9.03e-01	8.74e-02	0.00e+00	0.00e+00	0.00e+00	0.00e+00	0.00e+00	1.19e-127
 1.69355e+12	0.00e+00	4.61e-29	4.16e-20	1.12e-11	1.03e-02	9.09e-01	8.07e-02	0.00e+00	0.00e+00	0.00e+00	0.00e+00	0.00e+00	0.00e+00
 1.78161e+12	6.39e-39	6.39e-29	5.34e-20	1.33e-11	1.13e-02	9.14e-01	7.50e-02	0.00e+00	0.00e+00	0.00e+00	0.00e+00	0.00e+00	1.15e-126
 1.86020e+12	0.00e+00	8.48e-29	6.64e-20	1.54e-11	1.22e-02	9.17e-01	7.04e-02	0.00e+00	0.00e+00	0.00e+00	0.00e+00	0.00e+00	0.00e+00
 1.94856e+12	1.34e-38	1.16e-28	8.43e-20	1.81e-11	1.33e-02	9.21e-01	6.56e-02	0.00e+00	0.00e+00	0.00e+00	0.00e+00	0.00e+00	8.05e-126
 2.05343e+12	0.00e+00	1.65e-28	1.11e-19	2.18e-11	1.47e-02	9.25e-01	6.05e-02	0.00e+00	0.00e+00	0.00e+00	0.00e+00	0.00e+00	0.00e+00
 2.15879e+12	3.19e-38	2.33e-28	1.44e-19	2.61e-11	1.62e-02	9.28e-01	5.58e-02	0.00e+00	0.00e+00	0.00e+00	0.00e+00	0.00e+00	8.02e-125
 2.25740e+12	0.00e+00	3.19e-28	1.83e-19	3.07e-11	1.77e-02	9.30e-01	5.19e-02	0.00e+00	0.00e+00	0.00e+00	0.00e+00	0.00e+00	0.00e+00
 2.36665e+12	7.12e-38	4.46e-28	2.37e-19	3.66e-11	1.94e-02	9.33e-01	4.80e-02	0.00e+00	0.00e+00	0.00e+00	0.00e+00	0.00e+00	6.70e-124
 2.49124e+12	0.00e+00	6.45e-28	3.14e-19	4.43e-11	2.15e-02	9.34e-01	4.40e-02	0.00e+00	0.00e+00	0.00e+00	0.00e+00	0.00e+00	0.00e+00
 2.61373e+12	1.74e-37	9.16e-28	4.10e-19	5.31e-11	2.37e-02	9.36e-01	4.04e-02	0.00e+00	0.00e+00	0.00e+00	0.00e+00	0.00e+00	7.06e-123
 2.74112e+12	0.00e+00	1.30e-27	5.37e-19	6.38e-11	2.61e-02	9.37e-01	3.72e-02	0.00e+00	0.00e+00	0.00e+00	0.00e+00	0.00e+00	0.00e+00
 2.88069e+12	4.27e-37	1.89e-27	7.14e-19	7.73e-11	2.89e-02	9.37e-01	3.39e-02	0.00e+00	0.00e+00	0.00e+00	0.00e+00	0.00e+00	7.52e-122
 3.02076e+12	0.00e+00	2.71e-27	9.41e-19	9.32e-11	3.18e-02	9.37e-01	3.11e-02	0.00e+00	0.00e+00	0.00e+00	0.00e+00	0.00e+00	0.00e+00
 3.16643e+12	1.05e-36	3.88e-27	1.24e-18	1.12e-10	3.51e-02	9.37e-01	2.84e-02	0.00e+00	0.00e+00	0.00e+00	0.00e+00	0.00e+00	7.92e-121
 3.32301e+12	0.00e+00	5.64e-27	1.65e-18	1.36e-10	3.87e-02	9.35e-01	2.58e-02	0.00e+00	0.00e+00	0.00e+00	0.00e+00	0.00e+00	0.00e+00
 3.47801e+12	2.59e-36	8.06e-27	2.17e-18	1.64e-10	4.26e-02	9.34e-01	2.36e-02	0.00e+00	0.00e+00	0.00e+00	0.00e+00	0.00e+00	8.61e-120
 3.63922e+12	0.00e+00	1.15e-26	2.86e-18	1.97e-10	4.68e-02	9.32e-01	2.15e-02	0.00e+00	0.00e+00	0.00e+00	0.00e+00	0.00e+00	0.00e+00
 3.81471e+12	6.45e-36	1.68e-26	3.82e-18	2.39e-10	5.17e-02	9.29e-01	1.95e-02	0.00e+00	0.00e+00	0.00e+00	0.00e+00	0.00e+00	9.40e-119
 3.99723e+12	0.00e+00	2.45e-26	5.10e-18	2.91e-10	5.71e-02	9.25e-01	1.77e-02	0.00e+00	0.00e+00	0.00e+00	0.00e+00	0.00e+00	0.00e+00
 4.18704e+12	1.64e-35	3.56e-26	6.81e-18	3.53e-10	6.30e-02	9.21e-01	1.60e-02	0.00e+00	0.00e+00	0.00e+00	0.00e+00	0.00e+00	1.09e-117
 4.38445e+12	0.00e+00	5.19e-26	9.10e-18	4.29e-10	6.94e-02	9.16e-01	1.45e-02	0.00e+00	0.00e+00	0.00e+00	0.00e+00	0.00e+00	0.00e+00
 4.58976e+12	4.17e-35	7.55e-26	1.22e-17	5.21e-10	7.65e-02	9.10e-01	1.30e-02	0.00e+00	0.00e+00	0.00e+00	0.00e+00	0.00e+00	1.25e-116
 4.77562e+12	0.00e+00	1.05e-25	1.57e-17	6.17e-10	8.32e-02	9.05e-01	1.19e-02	0.00e+00	0.00e+00	0.00e+00	0.00e+00	0.00e+00	1.10e-99
 4.93076e+12	8.69e-35	1.37e-25	1.92e-17	7.08e-10	8.90e-02	9.00e-01	1.11e-02	0.00e+00	0.00e+00	0.00e+00	0.00e+00	0.00e+00	0.00e+00
 5.10082e+12	1.23e-34	1.81e-25	2.39e-17	8.19e-10	9.55e-02	8.94e-01	1.02e-02	0.00e+00	0.00e+00	0.00e+00	0.00e+00	0.00e+00	2.13e-115
 5.31585e+12	1.88e-34	2.55e-25	3.11e-17	9.78e-10	1.04e-01	8.87e-01	9.25e-03	0.00e+00	0.00e+00	0.00e+00	0.00e+00	0.00e+00	3.05e-97
 5.54003e+12	2.88e-34	3.60e-25	4.06e-17	1.17e-09	1.14e-01	8.78e-01	8.36e-03	0.00e+00	0.00e+00	0.00e+00	0.00e+00	0.00e+00	0.00e+00
 5.73066e+12	4.09e-34	4.77e-25	5.06e-17	1.35e-09	1.22e-01	8.70e-01	7.68e-03	0.00e+00	0.00e+00	0.00e+00	0.00e+00	0.00e+00	4.94e-114
 5.92695e+12	5.78e-34	6.30e-25	6.28e-17	1.56e-09	1.31e-01	8.62e-01	7.06e-03	0.00e+00	0.00e+00	0.00e+00	0.00e+00	0.00e+00	3.53e-96
 6.17362e+12	8.78e-34	8.84e-25	8.17e-17	1.87e-09	1.42e-01	8.52e-01	6.36e-03	0.00e+00	0.00e+00	0.00e+00	0.00e+00	0.00e+00	0.00e+00
 6.42406e+12	1.32e-33	1.23e-24	1.06e-16	2.22e-09	1.54e-01	8.40e-01	5.74e-03	0.00e+00	0.00e+00	0.00e+00	0.00e+00	0.00e+00	1.08e-112
 6.63942e+12	1.85e-33	1.61e-24	1.31e-16	2.55e-09	1.64e-01	8.30e-01	5.26e-03	0.00e+00	0.00e+00	0.00e+00	0.00e+00	0.00e+00	4.45e-95
 6.87089e+12	2.61e-33	2.14e-24	1.63e-16	2.95e-09	1.76e-01	8.19e-01	4.80e-03	0.00e+00	0.00e+00	0.00e+00	0.00e+00	0.00e+00	6.56e-112
 7.15672e+12	3.94e-33	2.98e-24	2.11e-16	3.51e-09	1.90e-01	8.05e-01	4.30e-03	0.00e+00	0.00e+00	0.00e+00	0.00e+00	0.00e+00	2.33e-94
 7.44952e+12	5.90e-33	4.13e-24	2.72e-16	4.16e-09	2.05e-01	7.91e-01	3.85e-03	0.00e+00	0.00e+00	0.00e+00	0.00e+00	0.00e+00	5.71e-111
 7.71394e+12	8.34e-33	5.48e-24	3.39e-16	4.81e-09	2.19e-01	7.77e-01	3.50e-03	0.00e+00	0.00e+00	0.00e+00	0.00e+00	0.00e+00	1.20e-93
 8.00518e+12	1.20e-32	7.37e-24	4.27e-16	5.61e-09	2.35e-01	7.62e-01	3.15e-03	0.00e+00	0.00e+00	0.00e+00	0.00e+00	0.00e+00	3.85e-110
 8.34815e+12	1.81e-32	1.03e-23	5.55e-16	6.67e-09	2.53e-01	7.44e-01	2.79e-03	0.00e+00	0.00e+00	0.00e+00	0.00e+00	0.00e+00	6.57e-93
 8.69121e+12	2.68e-32	1.41e-23	7.11e-16	7.85e-09	2.71e-01	7.26e-01	2.49e-03	0.00e+00	0.00e+00	0.00e+00	0.00e+00	0.00e+00	3.36e-109
 9.01745e+12	3.82e-32	1.88e-23	8.90e-16	9.10e-09	2.89e-01	7.09e-01	2.23e-03	0.00e+00	0.00e+00	0.00e+00	0.00e+00	0.00e+00	3.40e-92
 9.37753e+12	5.55e-32	2.55e-23	1.13e-15	1.06e-08	3.08e-01	6.90e-01	1.98e-03	0.00e+00	0.00e+00	0.00e+00	0.00e+00	0.00e+00	2.44e-108
 9.78256e+12	8.27e-32	3.52e-23	1.45e-15	1.25e-08	3.30e-01	6.69e-01	1.75e-03	0.00e+00	0.00e+00	0.00e+00	0.00e+00	0.00e+00	1.88e-91
 1.01878e+13	1.21e-31	4.78e-23	1.84e-15	1.47e-08	3.51e-01	6.48e-01	1.54e-03	0.00e+00	0.00e+00	0.00e+00	0.00e+00	0.00e+00	2.08e-107
 1.05469e+13	1.67e-31	6.20e-23	2.26e-15	1.67e-08	3.70e-01	6.29e-01	1.38e-03	0.00e+00	0.00e+00	0.00e+00	0.00e+00	0.00e+00	8.97e-91
 1.08482e+13	2.16e-31	7.64e-23	2.66e-15	1.86e-08	3.85e-01	6.14e-01	1.27e-03	0.00e+00	0.00e+00	0.00e+00	0.00e+00	0.00e+00	1.04e-106
 1.11724e+13	2.82e-31	9.49e-23	3.14e-15	2.07e-08	4.01e-01	5.98e-01	1.15e-03	0.00e+00	0.00e+00	0.00e+00	0.00e+00	0.00e+00	2.94e-90
 1.15940e+13	3.94e-31	1.24e-22	3.88e-15	2.37e-08	4.22e-01	5.77e-01	1.02e-03	0.00e+00	0.00e+00	0.00e+00	0.00e+00	0.00e+00	5.68e-106
 1.20351e+13	5.50e-31	1.63e-22	4.78e-15	2.72e-08	4.43e-01	5.56e-01	9.06e-04	0.00e+00	0.00e+00	0.00e+00	0.00e+00	0.00e+00	1.34e-89
 1.24116e+13	7.22e-31	2.03e-22	5.68e-15	3.03e-08	4.61e-01	5.38e-01	8.18e-04	0.00e+00	0.00e+00	0.00e+00	0.00e+00	0.00e+00	3.19e-105
 1.28110e+13	9.54e-31	2.54e-22	6.75e-15	3.38e-08	4.79e-01	5.20e-01	7.36e-04	0.00e+00	0.00e+00	0.00e+00	0.00e+00	0.00e+00	4.73e-89
 1.33124e+13	1.33e-30	3.33e-22	8.32e-15	3.86e-08	5.01e-01	4.98e-01	6.47e-04	0.00e+00	0.00e+00	0.00e+00	0.00e+00	0.00e+00	1.86e-104
 1.38285e+13	1.85e-30	4.34e-22	1.02e-14	4.40e-08	5.23e-01	4.77e-01	5.67e-04	0.00e+00	0.00e+00	0.00e+00	0.00e+00	0.00e+00	2.18e-88
 1.42843e+13	2.44e-30	5.43e-22	1.21e-14	4.90e-08	5.41e-01	4.58e-01	5.07e-04	0.00e+00	0.00e+00	0.00e+00	0.00e+00	0.00e+00	1.08e-103
 1.47797e+13	3.27e-30	6.85e-22	1.45e-14	5.48e-08	5.60e-01	4.39e-01	4.50e-04	0.00e+00	0.00e+00	0.00e+00	0.00e+00	0.00e+00	8.21e-88
 1.53257e+13	4.43e-30	8.76e-22	1.75e-14	6.17e-08	5.81e-01	4.19e-01	3.96e-04	0.00e+00	0.00e+00	0.00e+00	0.00e+00	0.00e+00	6.24e-103
 1.58281e+13	5.80e-30	1.09e-21	2.07e-14	6.84e-08	5.98e-01	4.01e-01	3.53e-04	0.00e+00	0.00e+00	0.00e+00	0.00e+00	0.00e+00	3.17e-87
 1.63715e+13	7.68e-30	1.36e-21	2.46e-14	7.60e-08	6.17e-01	3.83e-01	3.12e-04	0.00e+00	0.00e+00	0.00e+00	0.00e+00	0.00e+00	3.20e-102
 1.69780e+13	1.04e-29	1.73e-21	2.96e-14	8.51e-08	6.36e-01	3.64e-01	2.73e-04	0.00e+00	0.00e+00	0.00e+00	0.00e+00	0.00e+00	1.26e-86
 1.75468e+13	1.36e-29	2.15e-21	3.49e-14	9.41e-08	6.53e-01	3.47e-01	2.42e-04	0.00e+00	0.00e+00	0.00e+00	0.00e+00	0.00e+00	1.77e-101
 1.81667e+13	1.80e-29	2.69e-21	4.14e-14	1.04e-07	6.70e-01	3.29e-01	2.13e-04	0.00e+00	0.00e+00	0.00e+00	0.00e+00	0.00e+00	4.73e-86
 1.88551e+13	2.42e-29	3.42e-21	4.96e-14	1.17e-07	6.89e-01	3.11e-01	1.85e-04	0.00e+00	0.00e+00	0.00e+00	0.00e+00	0.00e+00	1.04e-100
 1.94975e+13	3.17e-29	4.23e-21	5.84e-14	1.29e-07	7.04e-01	2.95e-01	1.63e-04	0.00e+00	0.00e+00	0.00e+00	0.00e+00	0.00e+00	1.88e-85
 2.01974e+13	4.19e-29	5.29e-21	6.91e-14	1.42e-07	7.20e-01	2.79e-01	1.43e-04	0.00e+00	0.00e+00	0.00e+00	0.00e+00	0.00e+00	5.60e-100
 2.09802e+13	5.66e-29	6.72e-21	8.28e-14	1.59e-07	7.37e-01	2.63e-01	1.23e-04	0.00e+00	0.00e+00	0.00e+00	0.00e+00	0.00e+00	7.81e-85
 2.17190e+13	7.43e-29	8.34e-21	9.74e-14	1.75e-07	7.52e-01	2.48e-01	1.08e-04	0.00e+00	0.00e+00	0.00e+00	0.00e+00	0.00e+00	3.31e-99
 2.25270e+13	9.89e-29	1.05e-20	1.15e-13	1.93e-07	7.67e-01	2.33e-01	9.37e-05	0.00e+00	0.00e+00	0.00e+00	0.00e+00	0.00e+00	3.13e-84
 2.34317e+13	1.34e-28	1.33e-20	1.38e-13	2.15e-07	7.82e-01	2.18e-01	8.03e-05	0.00e+00	0.00e+00	0.00e+00	0.00e+00	0.00e+00	2.12e-98
 2.42901e+13	1.77e-28	1.66e-20	1.63e-13	2.36e-07	7.95e-01	2.05e-01	6.97e-05	0.00e+00	0.00e+00	0.00e+00	0.00e+00	0.00e+00	1.36e-83
 2.52092e+13	2.36e-28	2.09e-20	1.93e-13	2.61e-07	8.08e-01	1.92e-01	6.03e-05	0.00e+00	0.00e+00	0.00e+00	0.00e+00	0.00e+00	1.27e-97
 2.62475e+13	3.22e-28	2.66e-20	2.31e-13	2.89e-07	8.21e-01	1.79e-01	5.13e-05	0.00e+00	0.00e+00	0.00e+00	0.00e+00	0.00e+00	6.16e-83
 2.72775e+13	4.33e-28	3.36e-20	2.75e-13	3.19e-07	8.33e-01	1.67e-01	4.41e-05	0.00e+00	0.00e+00	0.00e+00	0.00e+00	0.00e+00	8.74e-97
 2.83488e+13	5.81e-28	4.24e-20	3.26e-13	3.52e-07	8.45e-01	1.55e-01	3.78e-05	0.00e+00	0.00e+00	0.00e+00	0.00e+00	0.00e+00	2.80e-82
 2.95126e+13	7.89e-28	5.39e-20	3.89e-13	3.89e-07	8.56e-01	1.44e-01	3.22e-05	0.00e+00	0.00e+00	0.00e+00	0.00e+00	0.00e+00	6.03e-96
 3.07231e+13	1.08e-27	6.87e-20	4.62e-13	4.29e-07	8.66e-01	1.34e-01	2.75e-05	0.00e+00	0.00e+00	0.00e+00	0.00e+00	0.00e+00	1.39e-81
 3.18731e+13	1.42e-27	8.54e-20	5.42e-13	4.69e-07	8.75e-01	1.25e-01	2.37e-05	0.00e+00	0.00e+00	0.00e+00	0.00e+00	0.00e+00	4.03e-95
 3.29097e+13	1.81e-27	1.03e-19	6.22e-13	5.06e-07	8.82e-01	1.18e-01	2.09e-05	0.00e+00	0.00e+00	0.00e+00	0.00e+00	0.00e+00	5.42e-81
 3.38756e+13	2.26e-27	1.23e-19	7.04e-13	5.42e-07	8.88e-01	1.12e-01	1.86e-05	0.00e+00	0.00e+00	0.00e+00	0.00e+00	0.00e+00	1.81e-94
 3.49390e+13	2.86e-27	1.47e-19	8.03e-13	5.83e-07	8.95e-01	1.05e-01	1.64e-05	0.00e+00	0.00e+00	0.00e+00	0.00e+00	0.00e+00	1.80e-80
 3.61383e+13	3.70e-27	1.80e-19	9.26e-13	6.30e-07	9.01e-01	9.88e-02	1.44e-05	0.00e+00	0.00e+00	0.00e+00	0.00e+00	0.00e+00	9.00e-94
 3.72885e+13	4.70e-27	2.16e-19	1.06e-12	6.78e-07	9.07e-01	9.31e-02	1.27e-05	0.00e+00	0.00e+00	0.00e+00	0.00e+00	0.00e+00	6.73e-80
 3.85579e+13	6.06e-27	2.64e-19	1.22e-12	7.32e-07	9.13e-01	8.73e-02	1.11e-05	0.00e+00	0.00e+00	0.00e+00	0.00e+00	0.00e+00	4.50e-93
 3.99697e+13	7.98e-27	3.26e-19	1.41e-12	7.94e-07	9.18e-01	8.15e-02	9.59e-06	0.00e+00	0.00e+00	0.00e+00	0.00e+00	0.00e+00	2.76e-79
 4.12660e+13	1.02e-26	3.94e-19	1.62e-12	8.53e-07	9.23e-01	7.66e-02	8.43e-06	0.00e+00	0.00e+00	0.00e+00	0.00e+00	0.00e+00	2.44e-92
 4.24658e+13	1.27e-26	4.66e-19	1.82e-12	9.10e-07	9.27e-01	7.25e-02	7.52e-06	0.00e+00	0.00e+00	0.00e+00	0.00e+00	0.00e+00	9.54e-79
 4.38408e+13	1.62e-26	5.63e-19	2.08e-12	9.76e-07	9.32e-01	6.83e-02	6.63e-06	0.00e+00	0.00e+00	0.00e+00	0.00e+00	0.00e+00	1.11e-91
 4.55254e+13	2.17e-26	7.04e-19	2.42e-12	1.06e-06	9.36e-01	6.35e-02	5.71e-06	0.00e+00	0.00e+00	0.00e+00	0.00e+00	0.00e+00	4.06e-78
 4.72095e+13	2.86e-26	8.71e-19	2.82e-12	1.15e-06	9.41e-01	5.91e-02	4.93e-06	0.00e+00	0.00e+00	0.00e+00	0.00e+00	0.00e+00	7.10e-91
 4.86748e+13	3.63e-26	1.04e-18	3.19e-12	1.23e-06	9.44e-01	5.58e-02	4.37e-06	0.00e+00	0.00e+00	0.00e+00	0.00e+00	0.00e+00	1.62e-77
 5.02582e+13	4.65e-26	1.26e-18	3.64e-12	1.31e-06	9.48e-01	5.24e-02	3.85e-06	0.00e+00	0.00e+00	0.00e+00	0.00e+00	0.00e+00	3.46e-90
 5.21912e+13	6.25e-26	1.58e-18	4.24e-12	1.42e-06	9.51e-01	4.88e-02	3.32e-06	0.00e+00	0.00e+00	0.00e+00	0.00e+00	0.00e+00	7.11e-77
 5.41627e+13	8.29e-26	1.96e-18	4.93e-12	1.54e-06	9.55e-01	4.54e-02	2.86e-06	0.00e+00	0.00e+00	0.00e+00	0.00e+00	0.00e+00	1.53e-76
 5.59444e+13	1.07e-25	2.38e-18	5.62e-12	1.65e-06	9.57e-01	4.26e-02	2.52e-06	0.00e+00	0.00e+00	0.00e+00	0.00e+00	0.00e+00	3.06e-76
 5.78956e+13	1.40e-25	2.92e-18	6.46e-12	1.77e-06	9.60e-01	3.99e-02	2.20e-06	0.00e+00	0.00e+00	0.00e+00	0.00e+00	0.00e+00	6.37e-76
 6.01933e+13	1.90e-25	3.68e-18	7.56e-12	1.92e-06	9.63e-01	3.70e-02	1.89e-06	0.00e+00	0.00e+00	0.00e+00	0.00e+00	0.00e+00	1.47e-75
 6.24884e+13	2.54e-25	4.58e-18	8.79e-12	2.08e-06	9.66e-01	3.44e-02	1.63e-06	0.00e+00	0.00e+00	0.00e+00	0.00e+00	0.00e+00	3.24e-75
 6.46487e+13	3.32e-25	5.61e-18	1.01e-11	2.22e-06	9.68e-01	3.23e-02	1.43e-06	0.00e+00	0.00e+00	0.00e+00	0.00e+00	0.00e+00	6.75e-75
 6.70381e+13	4.43e-25	6.97e-18	1.17e-11	2.40e-06	9.70e-01	3.01e-02	1.24e-06	0.00e+00	0.00e+00	0.00e+00	0.00e+00	0.00e+00	1.48e-74
 6.97495e+13	6.06e-25	8.84e-18	1.37e-11	2.60e-06	9.72e-01	2.79e-02	1.06e-06	0.00e+00	0.00e+00	0.00e+00	0.00e+00	0.00e+00	3.52e-74
 7.24806e+13	8.17e-25	1.11e-17	1.59e-11	2.81e-06	9.74e-01	2.59e-02	9.12e-07	0.00e+00	0.00e+00	0.00e+00	0.00e+00	0.00e+00	7.97e-74
 7.53209e+13	1.11e-24	1.39e-17	1.86e-11	3.03e-06	9.76e-01	2.40e-02	0.00e+00	0.00e+00	0.00e+00	0.00e+00	0.00e+00	0.00e+00	1.85e-73
 7.83636e+13	1.52e-24	1.77e-17	2.18e-11	3.29e-06	9.78e-01	2.23e-02	0.00e+00	0.00e+00	0.00e+00	0.00e+00	0.00e+00	0.00e+00	4.41e-73
 8.15281e+13	2.08e-24	2.24e-17	2.55e-11	3.56e-06	9.79e-01	2.06e-02	0.00e+00	0.00e+00	0.00e+00	0.00e+00	0.00e+00	0.00e+00	1.04e-72
 8.45863e+13	2.77e-24	2.78e-17	2.95e-11	3.83e-06	9.81e-01	1.92e-02	0.00e+00	0.00e+00	0.00e+00	0.00e+00	0.00e+00	0.00e+00	2.30e-72
 8.74560e+13	3.62e-24	3.39e-17	3.37e-11	4.10e-06	9.82e-01	1.80e-02	0.00e+00	0.00e+00	0.00e+00	0.00e+00	0.00e+00	0.00e+00	4.77e-72
 9.01672e+13	4.61e-24	4.08e-17	3.81e-11	4.35e-06	9.83e-01	1.70e-02	0.00e+00	0.00e+00	0.00e+00	0.00e+00	0.00e+00	0.00e+00	9.34e-72
 9.31261e+13	5.96e-24	4.94e-17	4.33e-11	4.64e-06	9.84e-01	1.59e-02	0.00e+00	0.00e+00	0.00e+00	0.00e+00	1.59e-17	3.35e-17	1.89e-71
 9.64132e+13	7.82e-24	6.06e-17	4.97e-11	4.98e-06	9.85e-01	1.49e-02	0.00e+00	0.00e+00	0.00e+00	0.00e+00	2.01e-17	4.05e-17	3.98e-71
 9.94921e+13	1.00e-23	7.30e-17	5.63e-11	5.30e-06	9.86e-01	1.40e-02	0.00e+00	0.00e+00	0.00e+00	0.00e+00	2.42e-17	4.88e-17	7.91e-71
 1.02860e+14	1.31e-23	8.92e-17	6.43e-11	5.66e-06	9.87e-01	1.31e-02	0.00e+00	0.00e+00	0.00e+00	0.00e+00	2.96e-17	5.96e-17	1.65e-70
 1.06657e+14	1.74e-23	1.11e-16	7.43e-11	6.08e-06	9.88e-01	1.22e-02	0.00e+00	0.00e+00	0.00e+00	0.00e+00	3.67e-17	7.39e-17	3.61e-70
 1.10300e+14	2.26e-23	1.35e-16	8.49e-11	6.51e-06	9.89e-01	1.15e-02	0.00e+00	0.00e+00	0.00e+00	0.00e+00	4.47e-17	8.99e-17	7.38e-70
 1.14304e+14	3.00e-23	1.66e-16	9.78e-11	6.98e-06	9.89e-01	1.07e-02	0.00e+00	0.00e+00	0.00e+00	0.00e+00	5.52e-17	1.11e-16	1.61e-69
 1.18797e+14	4.06e-23	2.09e-16	1.14e-10	7.54e-06	9.90e-01	9.91e-03	0.00e+00	0.00e+00	0.00e+00	0.00e+00	6.95e-17	1.40e-16	3.73e-69
 1.23110e+14	5.35e-23	2.58e-16	1.31e-10	8.11e-06	9.91e-01	9.23e-03	0.00e+00	0.00e+00	0.00e+00	0.00e+00	8.55e-17	1.72e-16	7.93e-69
 1.27705e+14	7.16e-23	3.21e-16	1.52e-10	8.72e-06	9.91e-01	8.59e-03	0.00e+00	0.00e+00	0.00e+00	0.00e+00	1.07e-16	2.14e-16	1.78e-68
 1.32843e+14	9.67e-23	4.03e-16	1.78e-10	9.45e-06	9.92e-01	7.93e-03	0.00e+00	0.00e+00	0.00e+00	0.00e+00	1.34e-16	2.69e-16	4.03e-68
 1.37589e+14	1.28e-22	4.98e-16	2.05e-10	1.01e-05	9.93e-01	7.41e-03	0.00e+00	0.00e+00	0.00e+00	0.00e+00	1.65e-16	3.33e-16	8.78e-68
 1.41701e+14	1.60e-22	5.89e-16	2.31e-10	1.08e-05	9.93e-01	6.98e-03	0.00e+00	0.00e+00	0.00e+00	0.00e+00	1.96e-16	3.94e-16	1.61e-67
 1.46267e+14	2.06e-22	7.13e-16	2.62e-10	1.15e-05	9.93e-01	6.56e-03	0.00e+00	0.00e+00	0.00e+00	0.00e+00	2.37e-16	4.76e-16	3.24e-67
 1.51840e+14	2.73e-22	8.85e-16	3.04e-10	1.24e-05	9.94e-01	6.08e-03	0.00e+00	0.00e+00	0.00e+00	0.00e+00	2.93e-16	5.91e-16	7.02e-67
 1.57471e+14	3.64e-22	1.10e-15	3.52e-10	1.33e-05	9.94e-01	5.66e-03	0.00e+00	0.00e+00	0.00e+00	0.00e+00	3.65e-16	7.35e-16	1.55e-66
 1.62534e+14	4.62e-22	1.32e-15	4.00e-10	1.42e-05	9.95e-01	5.31e-03	0.00e+00	0.00e+00	0.00e+00	0.00e+00	4.37e-16	8.80e-16	2.97e-66
 1.68105e+14	6.02e-22	1.61e-15	4.57e-10	1.52e-05	9.95e-01	4.96e-03	0.00e+00	0.00e+00	0.00e+00	0.00e+00	5.35e-16	1.08e-15	6.20e-66
 1.74695e+14	8.06e-22	2.01e-15	5.34e-10	1.64e-05	9.95e-01	4.59e-03	0.00e+00	0.00e+00	0.00e+00	0.00e+00	6.66e-16	1.34e-15	1.37e-65
 1.81168e+14	1.06e-21	2.48e-15	6.18e-10	1.77e-05	9.96e-01	4.26e-03	0.00e+00	0.00e+00	0.00e+00	0.00e+00	8.23e-16	1.66e-15	2.93e-65
 1.87073e+14	1.37e-21	3.00e-15	7.02e-10	1.89e-05	9.96e-01	4.00e-03	0.00e+00	0.00e+00	0.00e+00	0.00e+00	9.96e-16	2.01e-15	5.89e-65
 1.93679e+14	1.77e-21	3.66e-15	8.08e-10	2.03e-05	9.96e-01	3.73e-03	0.00e+00	0.00e+00	0.00e+00	0.00e+00	1.21e-15	2.45e-15	1.20e-64
 2.01376e+14	2.38e-21	4.59e-15	9.46e-10	2.20e-05	9.97e-01	3.44e-03	0.00e+00	0.00e+00	0.00e+00	0.00e+00	1.52e-15	3.07e-15	2.69e-64
 2.08946e+14	3.17e-21	5.71e-15	1.10e-09	2.37e-05	9.97e-01	3.20e-03	0.00e+00	0.00e+00	0.00e+00	0.00e+00	1.89e-15	3.82e-15	5.97e-64
 2.16116e+14	4.06e-21	6.90e-15	1.26e-09	2.54e-05	9.97e-01	2.99e-03	0.00e+00	0.00e+00	0.00e+00	0.00e+00	2.29e-15	4.61e-15	1.18e-63
 2.24088e+14	5.34e-21	8.51e-15	1.45e-09	2.73e-05	9.97e-01	2.78e-03	0.00e+00	0.00e+00	0.00e+00	0.00e+00	2.82e-15	5.69e-15	2.50e-63
 2.33081e+14	7.17e-21	1.07e-14	1.70e-09	2.96e-05	9.97e-01	2.56e-03	0.00e+00	0.00e+00	0.00e+00	0.00e+00	3.53e-15	7.13e-15	5.64e-63
 2.42084e+14	9.62e-21	1.34e-14	1.98e-09	3.19e-05	9.98e-01	2.38e-03	0.00e+00	0.00e+00	0.00e+00	0.00e+00	4.43e-15	8.93e-15	1.28e-62
 2.50548e+14	1.23e-20	1.62e-14	2.27e-09	3.43e-05	9.98e-01	2.22e-03	0.00e+00	0.00e+00	0.00e+00	0.00e+00	5.35e-15	1.08e-14	2.53e-62
 2.59699e+14	1.63e-20	2.00e-14	2.62e-09	3.68e-05	9.98e-01	2.06e-03	0.00e+00	0.00e+00	0.00e+00	0.00e+00	6.61e-15	1.33e-14	5.44e-62
 2.70117e+14	2.16e-20	2.48e-14	3.07e-09	3.99e-05	9.98e-01	1.90e-03	0.00e+00	0.00e+00	0.00e+00	0.00e+00	8.22e-15	1.66e-14	1.19e-61
 2.79948e+14	2.84e-20	3.06e-14	3.54e-09	4.29e-05	9.98e-01	1.77e-03	0.00e+00	0.00e+00	0.00e+00	0.00e+00	1.01e-14	2.05e-14	2.55e-61
 2.88824e+14	3.54e-20	3.63e-14	4.01e-09	4.57e-05	9.98e-01	1.66e-03	0.00e+00	0.00e+00	0.00e+00	0.00e+00	1.20e-14	2.43e-14	4.65e-61
 2.97224e+14	4.39e-20	4.28e-14	4.50e-09	4.84e-05	9.98e-01	1.57e-03	0.00e+00	0.00e+00	0.00e+00	0.00e+00	1.42e-14	2.86e-14	8.47e-61
 3.06523e+14	5.55e-20	5.13e-14	5.09e-09	5.16e-05	9.98e-01	1.47e-03	0.00e+00	0.00e+00	0.00e+00	0.00e+00	1.70e-14	3.43e-14	1.63e-60
 3.16918e+14	7.02e-20	6.15e-14	5.82e-09	5.52e-05	9.99e-01	1.37e-03	0.00e+00	0.00e+00	0.00e+00	0.00e+00	2.03e-14	4.11e-14	3.12e-60
 3.26713e+14	8.88e-20	7.36e-14	6.57e-09	5.87e-05	9.99e-01	1.29e-03	0.00e+00	0.00e+00	0.00e+00	0.00e+00	2.43e-14	4.92e-14	5.99e-60
 3.37420e+14	1.11e-19	8.75e-14	7.48e-09	6.27e-05	9.99e-01	1.21e-03	0.00e+00	0.00e+00	0.00e+00	0.00e+00	2.89e-14	5.85e-14	1.11e-59
 3.49380e+14	1.44e-19	1.07e-13	8.60e-09	6.73e-05	9.99e-01	1.13e-03	0.00e+00	0.00e+00	0.00e+00	0.00e+00	3.53e-14	7.15e-14	2.29e-59
 3.60709e+14	1.83e-19	1.28e-13	9.76e-09	7.17e-05	9.99e-01	1.06e-03	0.00e+00	0.00e+00	0.00e+00	0.00e+00	4.25e-14	8.60e-14	4.46e-59
 3.73179e+14	2.32e-19	1.54e-13	1.12e-08	7.69e-05	9.99e-01	9.86e-04	0.00e+00	0.00e+00	0.00e+00	0.00e+00	5.10e-14	1.03e-13	8.60e-59
 3.86949e+14	3.05e-19	1.91e-13	1.29e-08	8.28e-05	9.99e-01	9.16e-04	0.00e+00	0.00e+00	0.00e+00	0.00e+00	6.30e-14	1.28e-13	1.85e-58
 3.99679e+14	3.80e-19	2.27e-13	1.47e-08	8.85e-05	9.99e-01	8.57e-04	0.00e+00	0.00e+00	0.00e+00	0.00e+00	7.48e-14	1.52e-13	3.42e-58
 4.13503e+14	4.92e-19	2.76e-13	1.69e-08	9.47e-05	9.99e-01	8.00e-04	0.00e+00	0.00e+00	0.00e+00	0.00e+00	9.13e-14	1.85e-13	7.03e-58
 4.28932e+14	6.34e-19	3.36e-13	1.96e-08	1.02e-04	9.99e-01	7.41e-04	0.00e+00	0.00e+00	0.00e+00	0.00e+00	1.11e-13	2.25e-13	1.42e-57
 4.43371e+14	8.04e-19	4.05e-13	2.23e-08	1.09e-04	9.99e-01	6.93e-04	0.00e+00	0.00e+00	0.00e+00	0.00e+00	1.34e-13	2.71e-13	2.76e-57
 4.59064e+14	1.04e-18	4.93e-13	2.57e-08	1.17e-04	9.99e-01	6.45e-04	0.00e+00	0.00e+00	0.00e+00	0.00e+00	1.63e-13	3.31e-13	5.63e-57
 4.76566e+14	1.33e-18	6.02e-13	2.98e-08	1.27e-04	9.99e-01	5.97e-04	0.00e+00	0.00e+00	0.00e+00	0.00e+00	1.98e-13	4.03e-13	1.14e-56
 4.92946e+14	1.71e-18	7.31e-13	3.41e-08	1.36e-04	9.99e-01	5.57e-04	0.00e+00	0.00e+00	0.00e+00	0.00e+00	2.41e-13	4.90e-13	2.31e-56
 5.10723e+14	2.19e-18	8.84e-13	3.94e-08	1.46e-04	9.99e-01	5.17e-04	0.00e+00	0.00e+00	0.00e+00	0.00e+00	2.91e-13	5.92e-13	4.55e-56
 5.30556e+14	2.87e-18	1.10e-12	4.58e-08	1.58e-04	9.99e-01	4.78e-04	0.00e+00	0.00e+00	0.00e+00	0.00e+00	3.61e-13	7.34e-13	9.84e-56
 5.49382e+14	3.64e-18	1.32e-12	5.28e-08	1.70e-04	9.99e-01	4.45e-04	0.00e+00	0.00e+00	0.00e+00	0.00e+00	4.34e-13	8.84e-13	1.91e-55
 5.69587e+14	4.70e-18	1.61e-12	6.10e-08	1.83e-04	9.99e-01	4.13e-04	0.00e+00	0.00e+00	0.00e+00	0.00e+00	5.31e-13	1.08e-12	3.94e-55
 5.92401e+14	6.11e-18	1.98e-12	7.14e-08	1.99e-04	9.99e-01	3.80e-04	0.00e+00	0.00e+00	0.00e+00	0.00e+00	6.52e-13	1.33e-12	8.20e-55
 6.14760e+14	7.93e-18	2.44e-12	8.29e-08	2.15e-04	9.99e-01	3.51e-04	0.00e+00	0.00e+00	0.00e+00	0.00e+00	8.03e-13	1.64e-12	1.73e-54
 6.38015e+14	1.01e-17	2.96e-12	9.63e-08	2.32e-04	9.99e-01	3.24e-04	0.00e+00	0.00e+00	0.00e+00	0.00e+00	9.72e-13	1.98e-12	3.41e-54
 6.63565e+14	1.33e-17	3.67e-12	1.13e-07	2.52e-04	9.99e-01	2.99e-04	0.00e+00	0.00e+00	0.00e+00	0.00e+00	1.21e-12	2.47e-12	7.46e-54
 6.88756e+14	1.70e-17	4.46e-12	1.31e-07	2.73e-04	9.99e-01	2.76e-04	0.00e+00	0.00e+00	0.00e+00	0.00e+00	1.47e-12	2.99e-12	1.48e-53
 7.09535e+14	2.07e-17	5.24e-12	1.48e-07	2.91e-04	9.99e-01	2.59e-04	0.00e+00	0.00e+00	0.00e+00	0.00e+00	1.72e-12	3.52e-12	2.64e-53
 7.26175e+14	2.43e-17	5.94e-12	1.62e-07	3.06e-04	9.99e-01	2.46e-04	0.00e+00	0.00e+00	0.00e+00	0.00e+00	1.95e-12	3.99e-12	4.13e-53
 7.44635e+14	2.86e-17	6.79e-12	1.80e-07	3.22e-04	9.99e-01	2.33e-04	0.00e+00	0.00e+00	0.00e+00	0.00e+00	2.23e-12	4.56e-12	6.68e-53
 7.68632e+14	3.53e-17	8.02e-12	2.04e-07	3.45e-04	9.99e-01	2.18e-04	0.00e+00	0.00e+00	0.00e+00	0.00e+00	2.63e-12	5.38e-12	1.21e-52
 7.94351e+14	4.36e-17	9.53e-12	2.33e-07	3.71e-04	9.99e-01	2.03e-04	0.00e+00	0.00e+00	0.00e+00	0.00e+00	3.13e-12	6.40e-12	2.24e-52
 8.17179e+14	5.26e-17	1.11e-11	2.62e-07	3.94e-04	9.99e-01	1.91e-04	0.00e+00	4.40e-18	1.32e-17	2.21e-17	3.65e-12	7.46e-12	3.88e-52
 8.41727e+14	6.37e-17	1.29e-11	2.95e-07	4.21e-04	9.99e-01	1.78e-04	0.00e+00	5.32e-18	1.60e-17	2.67e-17	4.25e-12	8.69e-12	6.68e-52
 8.72729e+14	8.04e-17	1.57e-11	3.41e-07	4.55e-04	9.99e-01	1.65e-04	0.00e+00	6.73e-18	2.02e-17	3.37e-17	5.15e-12	1.05e-11	1.34e-51
 9.04313e+14	1.01e-16	1.88e-11	3.95e-07	4.93e-04	9.99e-01	1.52e-04	0.00e+00	8.45e-18	2.54e-17	4.24e-17	6.18e-12	1.26e-11	2.58e-51
 9.31259e+14	1.22e-16	2.20e-11	4.45e-07	5.26e-04	9.99e-01	1.43e-04	0.00e+00	1.03e-17	3.08e-17	5.14e-17	7.22e-12	1.48e-11	4.53e-51
 9.59984e+14	1.48e-16	2.58e-11	5.03e-07	5.62e-04	9.99e-01	1.34e-04	0.00e+00	1.24e-17	3.73e-17	6.23e-17	8.46e-12	1.73e-11	8.07e-51
 9.95759e+14	1.88e-16	3.13e-11	5.84e-07	6.10e-04	9.99e-01	1.23e-04	0.00e+00	1.58e-17	4.75e-17	7.93e-17	1.03e-11	2.10e-11	1.62e-50
 1.03236e+15	2.36e-16	3.77e-11	6.76e-07	6.62e-04	9.99e-01	1.14e-04	0.00e+00	1.98e-17	5.95e-17	9.95e-17	1.24e-11	2.53e-11	3.20e-50
 1.06460e+15	2.88e-16	4.43e-11	7.66e-07	7.09e-04	9.99e-01	1.06e-04	0.00e+00	2.42e-17	7.27e-17	1.21e-16	1.45e-11	2.98e-11	5.83e-50
 1.09951e+15	3.49e-16	5.22e-11	8.73e-07	7.61e-04	9.99e-01	9.89e-05	0.00e+00	2.94e-17	8.82e-17	1.47e-16	1.71e-11	3.51e-11	1.06e-49
 1.14165e+15	4.46e-16	6.36e-11	1.02e-06	8.30e-04	9.99e-01	9.08e-05	0.00e+00	3.76e-17	1.13e-16	1.89e-16	2.09e-11	4.27e-11	2.21e-49
 1.18343e+15	5.52e-16	7.63e-11	1.18e-06	8.98e-04	9.99e-01	8.38e-05	0.00e+00	4.65e-17	1.40e-16	2.33e-16	2.50e-11	5.12e-11	4.33e-49
 1.22074e+15	6.77e-16	8.99e-11	1.33e-06	9.65e-04	9.99e-01	7.81e-05	0.00e+00	5.72e-17	1.72e-16	2.87e-16	2.95e-11	6.04e-11	8.03e-49
 1.26197e+15	8.25e-16	1.06e-10	1.52e-06	1.04e-03	9.99e-01	7.26e-05	0.00e+00	6.98e-17	2.09e-16	3.50e-16	3.49e-11	7.15e-11	1.51e-48
 1.31100e+15	1.07e-15	1.31e-10	1.78e-06	1.13e-03	9.99e-01	6.66e-05	0.00e+00	9.03e-17	2.71e-16	4.53e-16	4.28e-11	8.77e-11	3.28e-48
 1.35952e+15	1.33e-15	1.57e-10	2.06e-06	1.23e-03	9.99e-01	6.13e-05	0.00e+00	1.13e-16	3.39e-16	5.66e-16	5.16e-11	1.06e-10	6.64e-48
 1.40390e+15	1.63e-15	1.86e-10	2.34e-06	1.32e-03	9.99e-01	5.71e-05	0.00e+00	1.39e-16	4.16e-16	6.95e-16	6.11e-11	1.25e-10	1.26e-47
 1.45356e+15	2.04e-15	2.23e-10	2.69e-06	1.43e-03	9.99e-01	5.28e-05	0.00e+00	1.73e-16	5.20e-16	8.68e-16	7.33e-11	1.50e-10	2.54e-47
 1.51127e+15	2.59e-15	2.73e-10	3.15e-06	1.56e-03	9.98e-01	4.84e-05	0.00e+00	2.21e-16	6.62e-16	1.11e-15	8.98e-11	1.84e-10	5.60e-47
 1.56819e+15	3.27e-15	3.32e-10	3.65e-06	1.70e-03	9.98e-01	4.46e-05	0.00e+00	2.79e-16	8.37e-16	1.40e-15	1.09e-10	2.23e-10	1.20e-46
 1.62259e+15	4.05e-15	3.97e-10	4.18e-06	1.83e-03	9.98e-01	4.13e-05	0.00e+00	3.46e-16	1.04e-15	1.73e-15	1.30e-10	2.66e-10	2.42e-46
 1.67019e+15	4.86e-15	4.62e-10	4.69e-06	1.96e-03	9.98e-01	3.87e-05	0.00e+00	4.15e-16	1.25e-15	2.08e-15	1.52e-10	3.10e-10	4.42e-46
 1.70945e+15	5.65e-15	5.22e-10	5.15e-06	2.06e-03	9.98e-01	3.67e-05	0.00e+00	4.83e-16	1.45e-15	2.42e-15	1.72e-10	3.51e-10	7.21e-46
 1.75270e+15	6.63e-15	5.96e-10	5.69e-06	2.18e-03	9.98e-01	3.48e-05	0.00e+00	5.67e-16	1.70e-15	2.84e-15	1.96e-10	4.00e-10	1.22e-45
 1.80893e+15	8.04e-15	7.03e-10	6.46e-06	2.34e-03	9.98e-01	3.24e-05	0.00e+00	6.89e-16	2.07e-15	3.45e-15	2.31e-10	4.72e-10	2.35e-45
 1.86815e+15	9.95e-15	8.37e-10	7.35e-06	2.52e-03	9.97e-01	3.02e-05	0.00e+00	8.54e-16	2.56e-15	4.28e-15	2.75e-10	5.62e-10	4.72e-45
 1.91917e+15	1.18e-14	9.67e-10	8.18e-06	2.67e-03	9.97e-01	2.84e-05	0.00e+00	1.02e-15	3.05e-15	5.09e-15	3.18e-10	6.49e-10	8.37e-45
 1.97340e+15	1.41e-14	1.12e-09	9.14e-06	2.85e-03	9.97e-01	2.67e-05	0.00e+00	1.21e-15	3.63e-15	6.06e-15	3.68e-10	7.51e-10	1.50e-44
 2.04390e+15	1.78e-14	1.36e-09	1.05e-05	3.08e-03	9.97e-01	2.48e-05	0.00e+00	1.53e-15	4.59e-15	7.67e-15	4.46e-10	9.10e-10	3.24e-44
 2.11665e+15	2.20e-14	1.63e-09	1.21e-05	3.33e-03	9.97e-01	2.29e-05	0.00e+00	1.89e-15	5.68e-15	9.48e-15	5.36e-10	1.09e-09	6.73e-44
 2.17746e+15	2.67e-14	1.91e-09	1.35e-05	3.55e-03	9.96e-01	2.16e-05	0.00e+00	2.30e-15	6.92e-15	1.15e-14	6.28e-10	1.28e-09	1.26e-43
 2.24163e+15	3.22e-14	2.23e-09	1.52e-05	3.79e-03	9.96e-01	2.03e-05	0.00e+00	2.78e-15	8.36e-15	1.39e-14	7.35e-10	1.50e-09	2.36e-43
 2.32348e+15	4.07e-14	2.71e-09	1.75e-05	4.10e-03	9.96e-01	1.87e-05	0.00e+00	3.52e-15	1.06e-14	1.76e-14	8.93e-10	1.82e-09	5.12e-43
 2.40960e+15	5.00e-14	3.26e-09	2.02e-05	4.44e-03	9.96e-01	1.74e-05	0.00e+00	4.33e-15	1.30e-14	2.17e-14	1.07e-09	2.18e-09	1.07e-42
 2.48645e+15	6.16e-14	3.87e-09	2.29e-05	4.77e-03	9.95e-01	1.62e-05	0.00e+00	5.33e-15	1.60e-14	2.67e-14	1.28e-09	2.60e-09	2.11e-42
 2.56993e+15	7.83e-14	4.71e-09	2.62e-05	5.13e-03	9.95e-01	1.51e-05	0.00e+00	6.79e-15	2.04e-14	3.40e-14	1.55e-09	3.15e-09	4.56e-42
 2.66948e+15	1.01e-13	5.81e-09	3.04e-05	5.59e-03	9.94e-01	1.40e-05	0.00e+00	8.74e-15	2.62e-14	4.38e-14	1.92e-09	3.89e-09	1.05e-41
 2.76774e+15	1.28e-13	7.11e-09	3.52e-05	6.05e-03	9.94e-01	1.30e-05	0.00e+00	1.11e-14	3.34e-14	5.58e-14	2.35e-09	4.77e-09	2.31e-41
 2.85668e+15	1.58e-13	8.48e-09	3.99e-05	6.48e-03	9.93e-01	1.22e-05	0.00e+00	1.37e-14	4.12e-14	6.88e-14	2.80e-09	5.68e-09	4.58e-41
 2.95564e+15	1.96e-13	1.02e-08	4.57e-05	6.99e-03	9.93e-01	1.14e-05	0.00e+00	1.71e-14	5.13e-14	8.56e-14	3.37e-09	6.85e-09	9.41e-41
 3.07182e+15	2.54e-13	1.27e-08	5.33e-05	7.62e-03	9.92e-01	1.05e-05	0.00e+00	2.22e-14	6.66e-14	1.11e-13	4.20e-09	8.52e-09	2.21e-40
 3.18657e+15	3.26e-13	1.57e-08	6.17e-05	8.25e-03	9.92e-01	9.78e-06	0.00e+00	2.85e-14	8.55e-14	1.43e-13	5.18e-09	1.05e-08	4.89e-40
 3.29426e+15	4.05e-13	1.89e-08	7.04e-05	8.87e-03	9.91e-01	9.17e-06	0.00e+00	3.55e-14	1.06e-13	1.78e-13	6.25e-09	1.27e-08	9.75e-40
 3.41442e+15	5.11e-13	2.31e-08	8.13e-05	9.59e-03	9.90e-01	8.57e-06	0.00e+00	4.47e-14	1.34e-13	2.24e-13	7.63e-09	1.54e-08	2.07e-39
 3.55103e+15	6.68e-13	2.90e-08	9.51e-05	1.05e-02	9.89e-01	7.96e-06	0.00e+00	5.86e-14	1.76e-13	2.93e-13	9.58e-09	1.94e-08	4.88e-39
 3.66523e+15	8.24e-13	3.48e-08	1.08e-04	1.12e-02	9.89e-01	7.52e-06	0.00e+00	7.24e-14	2.17e-13	3.62e-13	1.15e-08	2.33e-08	9.61e-39
 3.74667e+15	9.54e-13	3.94e-08	1.18e-04	1.18e-02	9.88e-01	7.23e-06	0.00e+00	8.38e-14	2.51e-13	4.19e-13	1.30e-08	2.64e-08	1.53e-38
 3.83149e+15	1.11e-12	4.48e-08	1.29e-04	1.23e-02	9.88e-01	6.95e-06	0.00e+00	9.76e-14	2.93e-13	4.89e-13	1.48e-08	3.00e-08	2.48e-38
 3.94175e+15	1.32e-12	5.20e-08	1.45e-04	1.31e-02	9.87e-01	6.62e-06	0.00e+00	1.16e-13	3.47e-13	5.80e-13	1.72e-08	3.48e-08	4.23e-38
 4.06501e+15	1.66e-12	6.31e-08	1.64e-04	1.40e-02	9.86e-01	6.28e-06	0.00e+00	1.46e-13	4.38e-13	7.31e-13	2.09e-08	4.22e-08	8.73e-38
 4.18037e+15	1.96e-12	7.31e-08	1.83e-04	1.49e-02	9.85e-01	6.00e-06	0.00e+00	1.73e-13	5.19e-13	8.65e-13	2.42e-08	4.89e-08	1.47e-37
 4.30556e+15	2.43e-12	8.79e-08	2.06e-04	1.59e-02	9.84e-01	5.71e-06	0.00e+00	2.14e-13	6.44e-13	1.07e-12	2.91e-08	5.88e-08	2.94e-37
 4.44514e+15	3.03e-12	1.06e-07	2.35e-04	1.70e-02	9.83e-01	5.44e-06	0.00e+00	2.68e-13	8.04e-13	1.34e-12	3.51e-08	7.10e-08	5.75e-37
 4.57679e+15	3.66e-12	1.25e-07	2.64e-04	1.82e-02	9.82e-01	5.20e-06	0.00e+00	3.23e-13	9.70e-13	1.62e-12	4.15e-08	8.38e-08	1.02e-36
 4.72129e+15	4.47e-12	1.48e-07	3.00e-04	1.94e-02	9.80e-01	4.96e-06	0.00e+00	3.95e-13	1.19e-12	1.98e-12	4.91e-08	9.92e-08	1.84e-36
 4.88326e+15	5.71e-12	1.84e-07	3.44e-04	2.09e-02	9.79e-01	4.73e-06	0.00e+00	5.05e-13	1.52e-12	2.53e-12	6.09e-08	1.23e-07	3.98e-36
 5.03611e+15	7.05e-12	2.20e-07	3.90e-04	2.23e-02	9.77e-01	4.54e-06	0.00e+00	6.24e-13	1.87e-12	3.12e-12	7.30e-08	1.47e-07	7.49e-36
 5.20299e+15	8.78e-12	2.66e-07	4.45e-04	2.40e-02	9.76e-01	4.34e-06	0.00e+00	7.78e-13	2.33e-12	3.89e-12	8.82e-08	1.78e-07	1.44e-35
 5.38773e+15	1.10e-11	3.23e-07	5.13e-04	2.58e-02	9.74e-01	4.15e-06	0.00e+00	9.75e-13	2.93e-12	4.88e-12	1.07e-07	2.16e-07	2.74e-35
 5.55975e+15	1.39e-11	3.96e-07	5.84e-04	2.77e-02	9.72e-01	4.01e-06	0.00e+00	1.24e-12	3.71e-12	6.18e-12	1.31e-07	2.65e-07	5.66e-35
 5.74742e+15	1.76e-11	4.84e-07	6.70e-04	2.98e-02	9.70e-01	3.85e-06	0.00e+00	1.56e-12	4.68e-12	7.80e-12	1.60e-07	3.23e-07	1.11e-34
 5.95388e+15	2.20e-11	5.85e-07	7.75e-04	3.21e-02	9.67e-01	3.70e-06	0.00e+00	1.96e-12	5.87e-12	9.78e-12	1.94e-07	3.91e-07	2.02e-34
 6.14580e+15	2.73e-11	7.09e-07	8.84e-04	3.44e-02	9.65e-01	3.58e-06	0.00e+00	2.43e-12	7.29e-12	1.22e-11	2.35e-07	4.74e-07	3.81e-34
 6.35636e+15	3.54e-11	8.86e-07	1.02e-03	3.71e-02	9.62e-01	3.47e-06	0.00e+00	3.16e-12	9.47e-12	1.58e-11	2.94e-07	5.92e-07	8.22e-34
 6.58710e+15	4.51e-11	1.09e-06	1.18e-03	4.01e-02	9.59e-01	3.35e-06	0.00e+00	4.02e-12	1.21e-11	2.01e-11	3.63e-07	7.31e-07	1.60e-33
 6.80176e+15	5.60e-11	1.31e-06	1.35e-03	4.30e-02	9.56e-01	3.26e-06	0.00e+00	5.00e-12	1.50e-11	2.50e-11	4.35e-07	8.76e-07	2.86e-33
 7.00365e+15	6.88e-11	1.57e-06	1.53e-03	4.59e-02	9.53e-01	3.18e-06	0.00e+00	6.14e-12	1.84e-11	3.07e-11	5.20e-07	1.05e-06	5.05e-33
 7.23129e+15	8.84e-11	1.95e-06	1.76e-03	4.93e-02	9.49e-01	3.11e-06	0.00e+00	7.90e-12	2.37e-11	3.95e-11	6.46e-07	1.30e-06	1.04e-32
 7.47994e+15	1.12e-10	2.38e-06	2.03e-03	5.32e-02	9.45e-01	3.03e-06	0.00e+00	9.98e-12	2.99e-11	4.99e-11	7.91e-07	1.59e-06	1.93e-32
 7.70932e+15	1.38e-10	2.84e-06	2.31e-03	5.69e-02	9.41e-01	2.96e-06	0.00e+00	1.23e-11	3.70e-11	6.17e-11	9.42e-07	1.90e-06	3.30e-32
 7.91507e+15	1.67e-10	3.35e-06	2.59e-03	6.04e-02	9.37e-01	2.91e-06	0.00e+00	1.49e-11	4.47e-11	7.46e-11	1.11e-06	2.24e-06	5.47e-32
 8.10506e+15	1.99e-10	3.89e-06	2.88e-03	6.37e-02	9.33e-01	2.87e-06	0.00e+00	1.78e-11	5.33e-11	8.90e-11	1.29e-06	2.60e-06	8.66e-32
 8.32048e+15	2.42e-10	4.59e-06	3.23e-03	6.77e-02	9.29e-01	2.82e-06	0.00e+00	2.17e-11	6.50e-11	1.08e-10	1.52e-06	3.06e-06	1.44e-31
 8.55859e+15	2.98e-10	5.49e-06	3.67e-03	7.22e-02	9.24e-01	2.78e-06	0.00e+00	2.68e-11	8.03e-11	1.34e-10	1.82e-06	3.66e-06	2.45e-31
 8.78161e+15	3.68e-10	6.60e-06	4.12e-03	7.68e-02	9.19e-01	2.76e-06	0.00e+00	3.31e-11	9.92e-11	1.65e-10	2.19e-06	4.41e-06	4.36e-31
 8.98718e+15	4.37e-10	7.65e-06	4.58e-03	8.11e-02	9.14e-01	2.72e-06	0.00e+00	3.93e-11	1.18e-10	1.97e-10	2.54e-06	5.11e-06	6.77e-31
 9.21466e+15	5.32e-10	8.99e-06	5.14e-03	8.61e-02	9.09e-01	2.69e-06	0.00e+00	4.78e-11	1.43e-10	2.39e-10	2.99e-06	6.00e-06	1.08e-30
 9.51038e+15	6.89e-10	1.12e-05	5.98e-03	9.31e-02	9.01e-01	2.65e-06	0.00e+00	6.20e-11	1.86e-10	3.10e-10	3.72e-06	7.47e-06	2.09e-30
 9.80759e+15	8.71e-10	1.36e-05	6.90e-03	1.00e-01	8.93e-01	2.62e-06	0.00e+00	7.84e-11	2.35e-10	3.92e-10	4.52e-06	9.09e-06	3.58e-30
 1.00482e+16	1.05e-09	1.59e-05	7.74e-03	1.06e-01	8.86e-01	2.59e-06	0.00e+00	9.48e-11	2.84e-10	4.74e-10	5.27e-06	1.06e-05	5.46e-30
 1.03023e+16	1.29e-09	1.88e-05	8.77e-03	1.13e-01	8.78e-01	2.56e-06	0.00e+00	1.16e-10	3.49e-10	5.82e-10	6.26e-06	1.26e-05	8.87e-30
 1.05864e+16	1.66e-09	2.33e-05	1.01e-02	1.21e-01	8.69e-01	2.56e-06	0.00e+00	1.50e-10	4.50e-10	7.50e-10	7.75e-06	1.56e-05	1.68e-29
 1.08498e+16	2.04e-09	2.77e-05	1.14e-02	1.29e-01	8.59e-01	2.54e-06	0.00e+00	1.84e-10	5.52e-10	9.21e-10	9.22e-06	1.85e-05	2.70e-29
 1.10950e+16	2.49e-09	3.27e-05	1.28e-02	1.37e-01	8.50e-01	2.52e-06	0.00e+00	2.25e-10	6.74e-10	1.12e-09	1.09e-05	2.18e-05	4.26e-29
 1.13763e+16	3.13e-09	3.93e-05	1.47e-02	1.46e-01	8.39e-01	2.50e-06	0.00e+00	2.83e-10	8.49e-10	1.42e-09	1.31e-05	2.62e-05	7.03e-29
 1.16739e+16	3.98e-09	4.81e-05	1.69e-02	1.57e-01	8.26e-01	2.49e-06	0.00e+00	3.60e-10	1.08e-09	1.80e-09	1.60e-05	3.21e-05	1.24e-28
 1.19265e+16	4.87e-09	5.68e-05	1.90e-02	1.67e-01	8.14e-01	2.49e-06	0.00e+00	4.41e-10	1.32e-09	2.21e-09	1.89e-05	3.79e-05	1.93e-28
 1.21883e+16	6.05e-09	6.75e-05	2.16e-02	1.77e-01	8.01e-01	2.48e-06	0.00e+00	5.50e-10	1.65e-09	2.75e-09	2.24e-05	4.50e-05	3.06e-28
 1.24759e+16	7.56e-09	8.02e-05	2.48e-02	1.89e-01	7.86e-01	2.46e-06	0.00e+00	6.87e-10	2.06e-09	3.43e-09	2.67e-05	5.35e-05	4.79e-28
 1.27351e+16	9.61e-09	9.83e-05	2.82e-02	2.01e-01	7.70e-01	2.48e-06	0.00e+00	8.74e-10	2.62e-09	4.37e-09	3.27e-05	6.56e-05	8.63e-28
 1.29606e+16	1.15e-08	1.14e-04	3.15e-02	2.12e-01	7.56e-01	2.48e-06	0.00e+00	1.05e-09	3.15e-09	5.25e-09	3.81e-05	7.64e-05	1.29e-27
 1.32042e+16	1.43e-08	1.35e-04	3.56e-02	2.25e-01	7.40e-01	2.48e-06	0.00e+00	1.30e-09	3.91e-09	6.52e-09	4.50e-05	9.02e-05	2.01e-27
 1.34736e+16	1.83e-08	1.65e-04	4.09e-02	2.40e-01	7.19e-01	2.50e-06	0.00e+00	1.67e-09	5.02e-09	8.36e-09	5.50e-05	1.10e-04	3.54e-27
 1.37142e+16	2.25e-08	1.94e-04	4.61e-02	2.53e-01	7.01e-01	2.50e-06	0.00e+00	2.05e-09	6.15e-09	1.02e-08	6.46e-05	1.29e-04	5.28e-27
 1.39286e+16	2.70e-08	2.23e-04	5.15e-02	2.66e-01	6.82e-01	2.50e-06	0.00e+00	2.46e-09	7.39e-09	1.23e-08	7.43e-05	1.49e-04	7.61e-27
 1.41394e+16	3.28e-08	2.61e-04	5.76e-02	2.80e-01	6.63e-01	2.52e-06	0.00e+00	2.99e-09	8.98e-09	1.50e-08	8.68e-05	1.74e-04	1.15e-26
 1.43389e+16	4.10e-08	3.13e-04	6.45e-02	2.94e-01	6.42e-01	2.57e-06	0.00e+00	3.75e-09	1.13e-08	1.88e-08	1.04e-04	2.09e-04	2.01e-26
 1.45258e+16	4.89e-08	3.59e-04	7.14e-02	3.06e-01	6.22e-01	2.58e-06	7.09e-12	4.47e-09	1.34e-08	2.24e-08	1.19e-04	2.39e-04	2.86e-26
 1.47393e+16	5.96e-08	4.17e-04	8.03e-02	3.22e-01	5.97e-01	2.58e-06	0.00e+00	5.46e-09	1.64e-08	2.73e-08	1.39e-04	2.78e-04	4.25e-26
 1.49732e+16	7.55e-08	5.01e-04	9.17e-02	3.40e-01	5.68e-01	2.59e-06	0.00e+00	6.92e-09	2.08e-08	3.46e-08	1.67e-04	3.34e-04	7.08e-26
 1.51778e+16	9.44e-08	5.96e-04	1.03e-01	3.57e-01	5.39e-01	2.63e-06	0.00e+00	8.66e-09	2.60e-08	4.33e-08	1.99e-04	3.98e-04	1.17e-25
 1.53489e+16	1.15e-07	6.94e-04	1.15e-01	3.71e-01	5.14e-01	2.68e-06	9.48e-12	1.06e-08	3.16e-08	5.27e-08	2.31e-04	4.63e-04	1.82e-25
 1.55086e+16	1.38e-07	8.01e-04	1.26e-01	3.85e-01	4.88e-01	2.72e-06	0.00e+00	1.27e-08	3.81e-08	6.35e-08	2.67e-04	5.34e-04	2.78e-25
 1.56663e+16	1.67e-07	9.24e-04	1.39e-01	3.99e-01	4.61e-01	2.75e-06	1.13e-11	1.53e-08	4.60e-08	7.66e-08	3.08e-04	6.16e-04	4.26e-25
 1.58221e+16	2.02e-07	1.07e-03	1.54e-01	4.12e-01	4.33e-01	2.78e-06	0.00e+00	1.86e-08	5.57e-08	9.28e-08	3.55e-04	7.11e-04	6.61e-25
 1.59746e+16	2.44e-07	1.23e-03	1.69e-01	4.26e-01	4.04e-01	2.82e-06	1.36e-11	2.25e-08	6.75e-08	1.12e-07	4.11e-04	8.22e-04	1.03e-24
 1.61186e+16	2.95e-07	1.42e-03	1.86e-01	4.38e-01	3.75e-01	2.85e-06	0.00e+00	2.72e-08	8.14e-08	1.36e-07	4.72e-04	9.45e-04	1.61e-24
