#depth	N	N+	N+2	N+3	N+4	N+5	N+6	N+7
 1.49634e+10	0.00e+00	0.00e+00	4.87e-28	1.74e-18	7.19e-10	9.35e-01	6.54e-02	2.12e-06
 4.54887e+10	0.00e+00	4.40e-38	6.21e-28	2.06e-18	7.83e-10	9.39e-01	6.06e-02	1.81e-06
 7.72350e+10	0.00e+00	0.00e+00	7.92e-28	2.42e-18	8.52e-10	9.44e-01	5.61e-02	1.55e-06
 1.10251e+11	0.00e+00	8.40e-38	1.01e-27	2.86e-18	9.27e-10	9.48e-01	5.16e-02	1.31e-06
 1.44588e+11	0.00e+00	0.00e+00	1.29e-27	3.36e-18	1.01e-09	9.52e-01	4.77e-02	1.12e-06
 1.77715e+11	0.00e+00	1.56e-37	1.62e-27	3.92e-18	1.09e-09	9.56e-01	4.43e-02	9.65e-07
 2.08106e+11	0.00e+00	0.00e+00	1.98e-27	4.48e-18	1.17e-09	9.58e-01	4.15e-02	0.00e+00
 2.42077e+11	0.00e+00	2.72e-37	2.46e-27	5.18e-18	1.26e-09	9.61e-01	3.87e-02	0.00e+00
 2.81467e+11	0.00e+00	0.00e+00	3.13e-27	6.10e-18	1.37e-09	9.64e-01	3.57e-02	0.00e+00
 3.20483e+11	0.00e+00	5.11e-37	3.94e-27	7.12e-18	1.48e-09	9.67e-01	3.31e-02	0.00e+00
 3.61060e+11	0.00e+00	0.00e+00	4.97e-27	8.32e-18	1.60e-09	9.69e-01	3.06e-02	0.00e+00
 4.05429e+11	0.00e+00	9.61e-37	6.35e-27	9.81e-18	1.74e-09	9.72e-01	2.82e-02	0.00e+00
 4.50391e+11	0.00e+00	0.00e+00	8.05e-27	1.15e-17	1.89e-09	9.74e-01	2.61e-02	0.00e+00
 4.97151e+11	0.00e+00	1.81e-36	1.02e-26	1.35e-17	2.05e-09	9.76e-01	2.41e-02	0.00e+00
 5.46964e+11	5.53e-47	2.51e-36	1.31e-26	1.59e-17	2.23e-09	9.78e-01	2.22e-02	0.00e+00
 5.98769e+11	0.00e+00	0.00e+00	1.67e-26	1.88e-17	2.42e-09	9.80e-01	2.04e-02	0.00e+00
 6.52647e+11	0.00e+00	4.81e-36	2.14e-26	2.21e-17	2.63e-09	9.81e-01	1.88e-02	0.00e+00
 7.08680e+11	1.88e-46	6.67e-36	2.73e-26	2.61e-17	2.86e-09	9.83e-01	1.73e-02	0.00e+00
 7.66953e+11	0.00e+00	0.00e+00	3.50e-26	3.08e-17	3.11e-09	9.84e-01	1.59e-02	0.00e+00
 8.27558e+11	0.00e+00	1.28e-35	4.48e-26	3.63e-17	3.38e-09	9.85e-01	1.47e-02	0.00e+00
 8.90588e+11	6.41e-46	1.79e-35	5.73e-26	4.29e-17	3.67e-09	9.87e-01	1.35e-02	0.00e+00
 9.49925e+11	0.00e+00	0.00e+00	7.18e-26	4.98e-17	3.97e-09	9.87e-01	1.25e-02	0.00e+00
 1.00311e+12	0.00e+00	3.12e-35	8.73e-26	5.68e-17	4.24e-09	9.88e-01	1.17e-02	0.00e+00
 1.06287e+12	1.83e-45	4.14e-35	1.08e-25	6.56e-17	4.56e-09	9.89e-01	1.09e-02	0.00e+00
 1.13354e+12	0.00e+00	0.00e+00	1.38e-25	7.72e-17	4.95e-09	9.90e-01	1.00e-02	0.00e+00
 1.20449e+12	0.00e+00	7.83e-35	1.75e-25	9.05e-17	5.36e-09	9.91e-01	9.26e-03	0.00e+00
 1.27125e+12	5.78e-45	1.04e-34	2.17e-25	1.05e-16	5.77e-09	9.91e-01	8.61e-03	0.00e+00
 1.34500e+12	0.00e+00	0.00e+00	2.73e-25	1.22e-16	6.24e-09	9.92e-01	7.96e-03	0.00e+00
 1.42872e+12	0.00e+00	1.98e-34	3.52e-25	1.45e-16	6.80e-09	9.93e-01	7.31e-03	0.00e+00
 1.51251e+12	1.92e-44	2.73e-34	4.49e-25	1.70e-16	7.38e-09	9.93e-01	6.73e-03	0.00e+00
 1.59964e+12	0.00e+00	3.77e-34	5.73e-25	2.01e-16	8.02e-09	9.94e-01	6.19e-03	0.00e+00
 1.69355e+12	4.39e-44	5.29e-34	7.40e-25	2.38e-16	8.75e-09	9.94e-01	5.67e-03	0.00e+00
 1.78161e+12	0.00e+00	7.18e-34	9.32e-25	2.78e-16	9.46e-09	9.95e-01	5.25e-03	0.00e+00
 1.86020e+12	8.93e-44	9.35e-34	1.14e-24	3.18e-16	1.01e-08	9.95e-01	4.90e-03	0.00e+00
 1.94856e+12	0.00e+00	1.25e-33	1.42e-24	3.69e-16	1.09e-08	9.95e-01	4.55e-03	0.00e+00
 2.05343e+12	1.93e-43	1.74e-33	1.82e-24	4.37e-16	1.19e-08	9.96e-01	4.17e-03	0.00e+00
 2.15879e+12	0.00e+00	2.40e-33	2.33e-24	5.15e-16	1.29e-08	9.96e-01	3.84e-03	0.00e+00
 2.25740e+12	4.15e-43	3.21e-33	2.90e-24	5.98e-16	1.40e-08	9.96e-01	3.56e-03	0.00e+00
 2.36665e+12	0.00e+00	4.38e-33	3.68e-24	7.02e-16	1.51e-08	9.97e-01	3.28e-03	0.00e+00
 2.49124e+12	9.38e-43	6.18e-33	4.78e-24	8.37e-16	1.66e-08	9.97e-01	3.00e-03	0.00e+00
 2.61373e+12	0.00e+00	8.57e-33	6.12e-24	9.91e-16	1.80e-08	9.97e-01	2.75e-03	0.00e+00
 2.74112e+12	2.11e-42	1.19e-32	7.85e-24	1.17e-15	1.97e-08	9.97e-01	2.53e-03	0.00e+00
 2.88069e+12	0.00e+00	1.68e-32	1.02e-23	1.40e-15	2.16e-08	9.98e-01	2.31e-03	0.00e+00
 3.02076e+12	4.92e-42	2.35e-32	1.32e-23	1.67e-15	2.36e-08	9.98e-01	2.11e-03	0.00e+00
 3.16643e+12	0.00e+00	3.28e-32	1.71e-23	1.99e-15	2.58e-08	9.98e-01	1.93e-03	0.00e+00
 3.32301e+12	1.15e-41	4.65e-32	2.22e-23	2.38e-15	2.83e-08	9.98e-01	1.76e-03	0.00e+00
 3.47801e+12	0.00e+00	6.47e-32	2.87e-23	2.84e-15	3.09e-08	9.98e-01	1.61e-03	0.00e+00
 3.63922e+12	2.60e-41	9.01e-32	3.70e-23	3.38e-15	3.38e-08	9.99e-01	1.47e-03	0.00e+00
 3.81471e+12	0.00e+00	1.28e-31	4.83e-23	4.06e-15	3.72e-08	9.99e-01	1.34e-03	0.00e+00
 3.99723e+12	6.14e-41	1.81e-31	6.32e-23	4.88e-15	4.10e-08	9.99e-01	1.22e-03	0.00e+00
 4.18704e+12	0.00e+00	2.55e-31	8.26e-23	5.87e-15	4.51e-08	9.99e-01	1.11e-03	0.00e+00
 4.38445e+12	1.44e-40	3.61e-31	1.08e-22	7.07e-15	4.97e-08	9.99e-01	1.00e-03	0.00e+00
 4.58976e+12	0.00e+00	5.10e-31	1.41e-22	8.51e-15	5.47e-08	9.99e-01	9.11e-04	0.00e+00
 4.77562e+12	3.20e-40	6.89e-31	1.78e-22	1.00e-14	5.96e-08	9.99e-01	8.37e-04	0.00e+00
 4.93076e+12	0.00e+00	8.78e-31	2.15e-22	1.14e-14	6.39e-08	9.99e-01	7.81e-04	0.00e+00
 5.10082e+12	5.89e-40	1.14e-30	2.63e-22	1.32e-14	6.88e-08	9.99e-01	7.26e-04	0.00e+00
 5.31585e+12	0.00e+00	1.55e-30	3.36e-22	1.56e-14	7.54e-08	9.99e-01	6.63e-04	0.00e+00
 5.54003e+12	1.27e-39	2.13e-30	4.30e-22	1.86e-14	8.26e-08	9.99e-01	6.05e-04	0.00e+00
 5.73066e+12	0.00e+00	2.75e-30	5.26e-22	2.15e-14	8.91e-08	9.99e-01	5.62e-04	0.00e+00
 5.92695e+12	2.37e-39	3.55e-30	6.43e-22	2.47e-14	9.61e-08	9.99e-01	5.21e-04	0.00e+00
 6.17362e+12	0.00e+00	4.83e-30	8.20e-22	2.94e-14	1.05e-07	1.00e+00	4.75e-04	0.00e+00
 6.42406e+12	4.94e-39	6.51e-30	1.04e-21	3.48e-14	1.15e-07	1.00e+00	4.34e-04	0.00e+00
 6.63942e+12	0.00e+00	8.34e-30	1.26e-21	4.01e-14	1.24e-07	1.00e+00	4.03e-04	0.00e+00
 6.87089e+12	9.09e-39	1.08e-29	1.55e-21	4.64e-14	1.35e-07	1.00e+00	3.73e-04	0.00e+00
 7.15672e+12	0.00e+00	1.46e-29	1.97e-21	5.52e-14	1.48e-07	1.00e+00	3.40e-04	0.00e+00
 7.44952e+12	1.88e-38	1.96e-29	2.50e-21	6.55e-14	1.62e-07	1.00e+00	3.10e-04	0.00e+00
 7.71394e+12	0.00e+00	2.54e-29	3.07e-21	7.60e-14	1.76e-07	1.00e+00	2.86e-04	0.00e+00
 8.00518e+12	3.55e-38	3.34e-29	3.81e-21	8.90e-14	1.91e-07	1.00e+00	2.63e-04	0.00e+00
 8.34815e+12	0.00e+00	4.53e-29	4.87e-21	1.06e-13	2.11e-07	1.00e+00	2.39e-04	0.00e+00
 8.69121e+12	7.28e-38	6.07e-29	6.16e-21	1.26e-13	2.31e-07	1.00e+00	2.18e-04	0.00e+00
 9.01745e+12	0.00e+00	7.93e-29	7.63e-21	1.47e-13	2.52e-07	1.00e+00	2.00e-04	0.00e+00
 9.37753e+12	1.41e-37	1.05e-28	9.57e-21	1.74e-13	2.76e-07	1.00e+00	1.83e-04	0.00e+00
 9.78256e+12	0.00e+00	1.42e-28	1.22e-20	2.08e-13	3.04e-07	1.00e+00	1.66e-04	0.00e+00
 1.01878e+13	2.86e-37	1.90e-28	1.54e-20	2.46e-13	3.34e-07	1.00e+00	1.52e-04	0.00e+00
 1.05469e+13	0.00e+00	2.43e-28	1.88e-20	2.85e-13	3.61e-07	1.00e+00	1.40e-04	0.00e+00
 1.08482e+13	4.89e-37	2.97e-28	2.21e-20	3.20e-13	3.85e-07	1.00e+00	1.31e-04	0.00e+00
 1.11724e+13	0.00e+00	3.66e-28	2.61e-20	3.62e-13	4.12e-07	1.00e+00	1.23e-04	0.00e+00
 1.15940e+13	8.58e-37	4.76e-28	3.22e-20	4.23e-13	4.49e-07	1.00e+00	1.13e-04	0.00e+00
 1.20351e+13	0.00e+00	6.19e-28	3.98e-20	4.94e-13	4.89e-07	1.00e+00	1.04e-04	0.00e+00
 1.24116e+13	1.52e-36	7.68e-28	4.74e-20	5.61e-13	5.24e-07	1.00e+00	9.68e-05	0.00e+00
 1.28110e+13	0.00e+00	9.60e-28	5.67e-20	6.39e-13	5.63e-07	1.00e+00	9.02e-05	0.00e+00
 1.33124e+13	2.75e-36	1.26e-27	7.04e-20	7.49e-13	6.15e-07	1.00e+00	8.27e-05	0.00e+00
 1.38285e+13	0.00e+00	1.64e-27	8.72e-20	8.77e-13	6.71e-07	1.00e+00	7.59e-05	0.00e+00
 1.42843e+13	4.95e-36	2.05e-27	1.05e-19	1.00e-12	7.22e-07	1.00e+00	7.05e-05	0.00e+00
 1.47797e+13	0.00e+00	2.61e-27	1.27e-19	1.15e-12	7.80e-07	1.00e+00	6.53e-05	0.00e+00
 1.53257e+13	8.91e-36	3.36e-27	1.55e-19	1.34e-12	8.46e-07	1.00e+00	6.02e-05	0.00e+00
 1.58281e+13	0.00e+00	4.20e-27	1.86e-19	1.53e-12	9.10e-07	1.00e+00	5.60e-05	0.00e+00
 1.63715e+13	1.55e-35	5.32e-27	2.25e-19	1.75e-12	9.82e-07	1.00e+00	5.20e-05	0.00e+00
 1.69780e+13	0.00e+00	6.84e-27	2.76e-19	2.03e-12	1.07e-06	1.00e+00	4.79e-05	0.00e+00
 1.75468e+13	2.76e-35	8.61e-27	3.32e-19	2.32e-12	1.15e-06	1.00e+00	4.45e-05	0.00e+00
 1.81667e+13	0.00e+00	1.10e-26	4.03e-19	2.67e-12	1.24e-06	1.00e+00	4.12e-05	0.00e+00
 1.88551e+13	5.02e-35	1.42e-26	4.97e-19	3.11e-12	1.35e-06	1.00e+00	3.79e-05	0.00e+00
 1.94975e+13	0.00e+00	1.79e-26	6.00e-19	3.56e-12	1.45e-06	1.00e+00	3.52e-05	0.00e+00
 2.01974e+13	8.94e-35	2.30e-26	7.31e-19	4.11e-12	1.57e-06	1.00e+00	3.26e-05	0.00e+00
 2.09802e+13	0.00e+00	2.99e-26	9.04e-19	4.79e-12	1.71e-06	1.00e+00	2.99e-05	0.00e+00
 2.17190e+13	1.64e-34	3.82e-26	1.10e-18	5.51e-12	1.85e-06	1.00e+00	2.77e-05	0.00e+00
 2.25270e+13	2.24e-34	4.94e-26	1.35e-18	6.38e-12	2.00e-06	1.00e+00	2.56e-05	0.00e+00
 2.34317e+13	3.12e-34	6.50e-26	1.68e-18	7.47e-12	2.19e-06	1.00e+00	2.35e-05	0.00e+00
 2.42901e+13	4.24e-34	8.39e-26	2.06e-18	8.64e-12	2.37e-06	1.00e+00	2.17e-05	0.00e+00
 2.52092e+13	5.82e-34	1.09e-25	2.54e-18	1.00e-11	2.57e-06	1.00e+00	2.00e-05	0.00e+00
 2.62475e+13	8.21e-34	1.45e-25	3.19e-18	1.18e-11	2.80e-06	1.00e+00	1.83e-05	0.00e+00
 2.72775e+13	1.14e-33	1.91e-25	3.97e-18	1.37e-11	3.05e-06	1.00e+00	1.69e-05	0.00e+00
 2.83488e+13	1.59e-33	2.52e-25	4.94e-18	1.60e-11	3.31e-06	1.00e+00	1.55e-05	0.00e+00
 2.95126e+13	2.26e-33	3.36e-25	6.21e-18	1.88e-11	3.61e-06	1.00e+00	1.42e-05	0.00e+00
 3.07231e+13	3.23e-33	4.51e-25	7.82e-18	2.21e-11	3.94e-06	1.00e+00	1.31e-05	0.00e+00
 3.18731e+13	4.46e-33	5.87e-25	9.63e-18	2.56e-11	4.26e-06	1.00e+00	1.21e-05	0.00e+00
 3.29097e+13	5.89e-33	7.40e-25	1.16e-17	2.91e-11	4.56e-06	1.00e+00	1.13e-05	0.00e+00
 3.38756e+13	7.62e-33	9.13e-25	1.36e-17	3.26e-11	4.85e-06	1.00e+00	1.06e-05	0.00e+00
 3.49390e+13	1.00e-32	1.15e-24	1.63e-17	3.69e-11	5.18e-06	1.00e+00	9.95e-06	0.00e+00
 3.61383e+13	1.36e-32	1.47e-24	1.98e-17	4.21e-11	5.56e-06	1.00e+00	9.28e-06	0.00e+00
 3.72885e+13	1.81e-32	1.85e-24	2.37e-17	4.77e-11	5.94e-06	1.00e+00	8.68e-06	0.00e+00
 3.85579e+13	2.45e-32	2.37e-24	2.87e-17	5.45e-11	6.37e-06	1.00e+00	8.10e-06	0.00e+00
 3.99697e+13	3.39e-32	3.10e-24	3.54e-17	6.29e-11	6.87e-06	1.00e+00	7.51e-06	0.00e+00
 4.12660e+13	4.53e-32	3.93e-24	4.26e-17	7.14e-11	7.35e-06	1.00e+00	7.03e-06	0.00e+00
 4.24658e+13	5.90e-32	4.88e-24	5.03e-17	8.00e-11	7.80e-06	1.00e+00	6.62e-06	0.00e+00
 4.38408e+13	7.94e-32	6.20e-24	6.05e-17	9.07e-11	8.33e-06	1.00e+00	6.20e-06	0.00e+00
 4.55254e+13	1.13e-31	8.26e-24	7.54e-17	1.05e-10	9.00e-06	1.00e+00	5.74e-06	0.00e+00
 4.72095e+13	1.57e-31	1.08e-23	9.30e-17	1.22e-10	9.71e-06	1.00e+00	5.32e-06	0.00e+00
 4.86748e+13	2.10e-31	1.37e-23	1.11e-16	1.37e-10	1.03e-05	1.00e+00	5.00e-06	0.00e+00
 5.02582e+13	2.85e-31	1.75e-23	1.34e-16	1.56e-10	1.10e-05	1.00e+00	4.69e-06	0.00e+00
 5.21912e+13	4.10e-31	2.34e-23	1.68e-16	1.81e-10	1.19e-05	1.00e+00	4.35e-06	0.00e+00
 5.41627e+13	5.77e-31	3.10e-23	2.08e-16	2.10e-10	1.28e-05	1.00e+00	4.03e-06	0.00e+00
 5.59444e+13	7.90e-31	3.99e-23	2.52e-16	2.38e-10	1.37e-05	1.00e+00	3.77e-06	0.00e+00
 5.78956e+13	1.10e-30	5.21e-23	3.08e-16	2.73e-10	1.47e-05	1.00e+00	3.52e-06	0.00e+00
 6.01933e+13	1.61e-30	7.07e-23	3.88e-16	3.18e-10	1.59e-05	1.00e+00	3.26e-06	0.00e+00
 6.24884e+13	2.29e-30	9.41e-23	4.83e-16	3.69e-10	1.71e-05	1.00e+00	3.02e-06	0.00e+00
 6.46487e+13	3.20e-30	1.23e-22	5.91e-16	4.23e-10	1.83e-05	1.00e+00	2.83e-06	0.00e+00
 6.70381e+13	4.57e-30	1.64e-22	7.32e-16	4.88e-10	1.97e-05	1.00e+00	2.63e-06	0.00e+00
 6.97495e+13	6.77e-30	2.24e-22	9.26e-16	5.71e-10	2.13e-05	1.00e+00	2.43e-06	0.00e+00
 7.24806e+13	9.79e-30	3.02e-22	1.16e-15	6.64e-10	2.30e-05	1.00e+00	2.25e-06	0.00e+00
 7.53209e+13	1.44e-29	4.09e-22	1.46e-15	7.73e-10	2.47e-05	1.00e+00	2.09e-06	0.00e+00
 7.83636e+13	2.13e-29	5.61e-22	1.85e-15	9.04e-10	2.68e-05	1.00e+00	1.93e-06	0.00e+00
 8.15281e+13	3.15e-29	7.67e-22	2.34e-15	1.06e-09	2.89e-05	1.00e+00	1.79e-06	0.00e+00
 8.45863e+13	4.50e-29	1.02e-21	2.91e-15	1.22e-09	3.11e-05	1.00e+00	1.66e-06	0.00e+00
 8.74560e+13	6.28e-29	1.33e-21	3.55e-15	1.40e-09	3.32e-05	1.00e+00	1.56e-06	0.00e+00
 9.01672e+13	8.52e-29	1.70e-21	4.26e-15	1.58e-09	3.53e-05	1.00e+00	1.46e-06	0.00e+00
 9.31261e+13	1.17e-28	2.20e-21	5.16e-15	1.79e-09	3.76e-05	1.00e+00	1.37e-06	0.00e+00
 9.64132e+13	1.64e-28	2.88e-21	6.35e-15	2.06e-09	4.03e-05	1.00e+00	1.28e-06	0.00e+00
 9.94921e+13	2.25e-28	3.70e-21	7.66e-15	2.33e-09	4.28e-05	1.00e+00	1.21e-06	0.00e+00
 1.02860e+14	3.14e-28	4.83e-21	9.34e-15	2.66e-09	4.57e-05	1.00e+00	1.13e-06	0.00e+00
 1.06657e+14	4.49e-28	6.43e-21	1.16e-14	3.07e-09	4.91e-05	1.00e+00	1.05e-06	0.00e+00
 1.10300e+14	6.19e-28	8.34e-21	1.41e-14	3.51e-09	5.25e-05	1.00e+00	9.83e-07	0.00e+00
 1.14304e+14	8.81e-28	1.11e-20	1.75e-14	4.04e-09	5.63e-05	1.00e+00	0.00e+00	0.00e+00
 1.18797e+14	1.29e-27	1.50e-20	2.20e-14	4.71e-09	6.08e-05	1.00e+00	0.00e+00	0.00e+00
 1.23110e+14	1.82e-27	1.98e-20	2.72e-14	5.42e-09	6.53e-05	1.00e+00	0.00e+00	0.00e+00
 1.27705e+14	2.63e-27	2.66e-20	3.39e-14	6.27e-09	7.02e-05	1.00e+00	0.00e+00	0.00e+00
 1.32843e+14	3.80e-27	3.59e-20	4.28e-14	7.34e-09	7.60e-05	1.00e+00	0.00e+00	0.00e+00
 1.37589e+14	5.42e-27	4.76e-20	5.28e-14	8.44e-09	8.14e-05	1.00e+00	0.00e+00	0.00e+00
 1.41701e+14	7.11e-27	5.95e-20	6.29e-14	9.49e-09	8.65e-05	1.00e+00	0.00e+00	0.00e+00
 1.46267e+14	9.78e-27	7.67e-20	7.60e-14	1.08e-08	9.20e-05	1.00e+00	0.00e+00	0.00e+00
 1.51840e+14	1.39e-26	1.02e-19	9.49e-14	1.25e-08	9.93e-05	1.00e+00	0.00e+00	0.00e+00
 1.57471e+14	1.99e-26	1.36e-19	1.18e-13	1.44e-08	1.07e-04	1.00e+00	0.00e+00	0.00e+00
 1.62534e+14	2.66e-26	1.73e-19	1.42e-13	1.64e-08	1.14e-04	1.00e+00	0.00e+00	0.00e+00
 1.68105e+14	3.72e-26	2.26e-19	1.74e-13	1.87e-08	1.22e-04	1.00e+00	0.00e+00	0.00e+00
 1.74695e+14	5.32e-26	3.02e-19	2.19e-13	2.18e-08	1.32e-04	1.00e+00	0.00e+00	0.00e+00
 1.81168e+14	7.48e-26	3.99e-19	2.72e-13	2.53e-08	1.42e-04	1.00e+00	0.00e+00	0.00e+00
 1.87073e+14	1.03e-25	5.16e-19	3.29e-13	2.87e-08	1.51e-04	1.00e+00	0.00e+00	0.00e+00
 1.93679e+14	1.41e-25	6.69e-19	4.04e-13	3.30e-08	1.62e-04	1.00e+00	0.00e+00	0.00e+00
 2.01376e+14	2.03e-25	9.01e-19	5.10e-13	3.85e-08	1.76e-04	1.00e+00	0.00e+00	0.00e+00
 2.08946e+14	2.93e-25	1.21e-18	6.35e-13	4.46e-08	1.89e-04	1.00e+00	0.00e+00	0.00e+00
 2.16116e+14	3.96e-25	1.55e-18	7.76e-13	5.11e-08	2.02e-04	1.00e+00	0.00e+00	0.00e+00
 2.24088e+14	5.56e-25	2.04e-18	9.63e-13	5.90e-08	2.18e-04	1.00e+00	0.00e+00	0.00e+00
 2.33081e+14	8.03e-25	2.76e-18	1.22e-12	6.91e-08	2.36e-04	1.00e+00	0.00e+00	0.00e+00
 2.42084e+14	1.17e-24	3.72e-18	1.53e-12	8.03e-08	2.54e-04	1.00e+00	0.00e+00	0.00e+00
 2.50548e+14	1.58e-24	4.78e-18	1.87e-12	9.21e-08	2.73e-04	1.00e+00	0.00e+00	0.00e+00
 2.59699e+14	2.24e-24	6.34e-18	2.32e-12	1.06e-07	2.93e-04	1.00e+00	0.00e+00	0.00e+00
 2.70117e+14	3.17e-24	8.46e-18	2.92e-12	1.24e-07	3.18e-04	1.00e+00	0.00e+00	0.00e+00
 2.79948e+14	4.48e-24	1.12e-17	3.62e-12	1.43e-07	3.42e-04	1.00e+00	0.00e+00	0.00e+00
 2.88824e+14	5.85e-24	1.40e-17	4.35e-12	1.63e-07	3.64e-04	1.00e+00	0.00e+00	0.00e+00
 2.97224e+14	7.66e-24	1.74e-17	5.16e-12	1.82e-07	3.86e-04	1.00e+00	0.00e+00	0.00e+00
 3.06523e+14	1.03e-23	2.22e-17	6.20e-12	2.06e-07	4.10e-04	1.00e+00	0.00e+00	0.00e+00
 3.16918e+14	1.37e-23	2.82e-17	7.56e-12	2.35e-07	4.39e-04	1.00e+00	0.00e+00	0.00e+00
 3.26713e+14	1.85e-23	3.58e-17	9.07e-12	2.66e-07	4.67e-04	1.00e+00	0.00e+00	0.00e+00
 3.37420e+14	2.43e-23	4.50e-17	1.10e-11	3.02e-07	4.99e-04	1.00e+00	0.00e+00	0.00e+00
 3.49380e+14	3.37e-23	5.88e-17	1.35e-11	3.47e-07	5.35e-04	9.99e-01	0.00e+00	0.00e+00
 3.60709e+14	4.55e-23	7.51e-17	1.63e-11	3.95e-07	5.71e-04	9.99e-01	0.00e+00	0.00e+00
 3.73179e+14	6.09e-23	9.59e-17	2.00e-11	4.52e-07	6.12e-04	9.99e-01	0.00e+00	0.00e+00
 3.86949e+14	8.62e-23	1.27e-16	2.48e-11	5.22e-07	6.58e-04	9.99e-01	0.00e+00	0.00e+00
 3.99679e+14	1.13e-22	1.60e-16	3.00e-11	5.94e-07	7.03e-04	9.99e-01	0.00e+00	0.00e+00
 4.13503e+14	1.56e-22	2.08e-16	3.67e-11	6.81e-07	7.53e-04	9.99e-01	0.00e+00	0.00e+00
 4.28932e+14	2.13e-22	2.70e-16	4.56e-11	7.88e-07	8.13e-04	9.99e-01	0.00e+00	0.00e+00
 4.43371e+14	2.87e-22	3.45e-16	5.55e-11	8.99e-07	8.69e-04	9.99e-01	0.00e+00	0.00e+00
 4.59064e+14	3.95e-22	4.49e-16	6.83e-11	1.03e-06	9.32e-04	9.99e-01	0.00e+00	0.00e+00
 4.76566e+14	5.39e-22	5.84e-16	8.51e-11	1.20e-06	1.01e-03	9.99e-01	0.00e+00	0.00e+00
 4.92946e+14	7.41e-22	7.57e-16	1.04e-10	1.37e-06	1.08e-03	9.99e-01	0.00e+00	0.00e+00
 5.10723e+14	9.97e-22	9.73e-16	1.28e-10	1.58e-06	1.16e-03	9.99e-01	0.00e+00	0.00e+00
 5.30556e+14	1.41e-21	1.29e-15	1.61e-10	1.84e-06	1.25e-03	9.99e-01	0.00e+00	0.00e+00
 5.49382e+14	1.88e-21	1.65e-15	1.97e-10	2.12e-06	1.35e-03	9.99e-01	0.00e+00	0.00e+00
 5.69587e+14	2.60e-21	2.16e-15	2.44e-10	2.45e-06	1.45e-03	9.99e-01	0.00e+00	0.00e+00
 5.92401e+14	3.57e-21	2.84e-15	3.08e-10	2.86e-06	1.58e-03	9.98e-01	0.00e+00	0.00e+00
 6.14760e+14	4.98e-21	3.74e-15	3.83e-10	3.32e-06	1.70e-03	9.98e-01	0.00e+00	0.00e+00
 6.38015e+14	6.67e-21	4.81e-15	4.76e-10	3.85e-06	1.84e-03	9.98e-01	0.00e+00	0.00e+00
 6.63565e+14	9.42e-21	6.42e-15	6.01e-10	4.51e-06	2.00e-03	9.98e-01	0.00e+00	0.00e+00
 6.88756e+14	1.27e-20	8.30e-15	7.48e-10	5.23e-06	2.17e-03	9.98e-01	0.00e+00	0.00e+00
 7.09535e+14	1.63e-20	1.03e-14	8.90e-10	5.89e-06	2.31e-03	9.98e-01	0.00e+00	0.00e+00
 7.26175e+14	1.98e-20	1.21e-14	1.02e-09	6.46e-06	2.42e-03	9.98e-01	0.00e+00	0.00e+00
 7.44635e+14	2.44e-20	1.45e-14	1.18e-09	7.15e-06	2.56e-03	9.97e-01	0.00e+00	0.00e+00
 7.68632e+14	3.15e-20	1.80e-14	1.42e-09	8.12e-06	2.74e-03	9.97e-01	0.00e+00	0.00e+00
 7.94351e+14	4.10e-20	2.26e-14	1.73e-09	9.26e-06	2.94e-03	9.97e-01	0.00e+00	0.00e+00
 8.17179e+14	5.21e-20	2.76e-14	2.04e-09	1.04e-05	3.12e-03	9.97e-01	0.00e+00	0.00e+00
 8.41727e+14	6.54e-20	3.37e-14	2.42e-09	1.17e-05	3.33e-03	9.97e-01	0.00e+00	0.00e+00
 8.72729e+14	8.82e-20	4.35e-14	3.00e-09	1.35e-05	3.60e-03	9.96e-01	0.00e+00	0.00e+00
 9.04313e+14	1.16e-19	5.53e-14	3.69e-09	1.56e-05	3.90e-03	9.96e-01	0.00e+00	0.00e+00
 9.31259e+14	1.47e-19	6.79e-14	4.38e-09	1.75e-05	4.15e-03	9.96e-01	0.00e+00	0.00e+00
 9.59984e+14	1.88e-19	8.39e-14	5.23e-09	1.98e-05	4.44e-03	9.96e-01	0.00e+00	0.00e+00
 9.95759e+14	2.52e-19	1.08e-13	6.49e-09	2.29e-05	4.81e-03	9.95e-01	0.00e+00	0.00e+00
 1.03236e+15	3.34e-19	1.38e-13	8.01e-09	2.65e-05	5.22e-03	9.95e-01	0.00e+00	0.00e+00
 1.06460e+15	4.29e-19	1.71e-13	9.60e-09	2.99e-05	5.58e-03	9.94e-01	0.00e+00	0.00e+00
 1.09951e+15	5.49e-19	2.13e-13	1.16e-08	3.40e-05	5.99e-03	9.94e-01	0.00e+00	0.00e+00
 1.14165e+15	7.42e-19	2.76e-13	1.45e-08	3.96e-05	6.52e-03	9.93e-01	0.00e+00	0.00e+00
 1.18343e+15	9.80e-19	3.52e-13	1.79e-08	4.57e-05	7.06e-03	9.93e-01	0.00e+00	0.00e+00
 1.22074e+15	1.26e-18	4.38e-13	2.15e-08	5.17e-05	7.57e-03	9.92e-01	0.00e+00	0.00e+00
 1.26197e+15	1.63e-18	5.50e-13	2.61e-08	5.91e-05	8.14e-03	9.92e-01	0.00e+00	0.00e+00
 1.31100e+15	2.24e-18	7.21e-13	3.27e-08	6.88e-05	8.87e-03	9.91e-01	0.00e+00	0.00e+00
 1.35952e+15	2.98e-18	9.26e-13	4.05e-08	7.95e-05	9.63e-03	9.90e-01	0.00e+00	0.00e+00
 1.40390e+15	3.89e-18	1.16e-12	4.91e-08	9.04e-05	1.03e-02	9.90e-01	0.00e+00	0.00e+00
 1.45356e+15	5.16e-18	1.49e-12	6.03e-08	1.04e-04	1.12e-02	9.89e-01	0.00e+00	0.00e+00
 1.51127e+15	7.08e-18	1.95e-12	7.60e-08	1.21e-04	1.22e-02	9.88e-01	0.00e+00	0.00e+00
 1.56819e+15	9.60e-18	2.54e-12	9.48e-08	1.41e-04	1.32e-02	9.87e-01	0.00e+00	0.00e+00
 1.62259e+15	1.27e-17	3.23e-12	1.16e-07	1.61e-04	1.43e-02	9.86e-01	0.00e+00	0.00e+00
 1.67019e+15	1.62e-17	3.98e-12	1.38e-07	1.81e-04	1.52e-02	9.85e-01	0.00e+00	0.00e+00
 1.70945e+15	1.96e-17	4.70e-12	1.59e-07	1.98e-04	1.60e-02	9.84e-01	0.00e+00	0.00e+00
 1.75270e+15	2.42e-17	5.62e-12	1.84e-07	2.19e-04	1.69e-02	9.83e-01	0.00e+00	0.00e+00
 1.80893e+15	3.14e-17	7.05e-12	2.23e-07	2.48e-04	1.81e-02	9.82e-01	0.00e+00	0.00e+00
 1.86815e+15	4.15e-17	8.93e-12	2.70e-07	2.82e-04	1.95e-02	9.80e-01	0.00e+00	0.00e+00
 1.91917e+15	5.22e-17	1.09e-11	3.18e-07	3.14e-04	2.07e-02	9.79e-01	0.00e+00	0.00e+00
 1.97340e+15	6.61e-17	1.33e-11	3.76e-07	3.51e-04	2.19e-02	9.78e-01	0.00e+00	0.00e+00
 2.04390e+15	9.00e-17	1.73e-11	4.65e-07	4.04e-04	2.37e-02	9.76e-01	0.00e+00	0.00e+00
 2.11665e+15	1.20e-16	2.22e-11	5.75e-07	4.65e-04	2.56e-02	9.74e-01	0.00e+00	0.00e+00
 2.17746e+15	1.69e-16	2.75e-11	6.82e-07	5.20e-04	2.72e-02	9.72e-01	0.00e+00	0.00e+00
 2.24163e+15	2.18e-16	3.42e-11	8.13e-07	5.84e-04	2.90e-02	9.70e-01	0.00e+00	0.00e+00
 2.32348e+15	3.00e-16	4.46e-11	1.01e-06	6.73e-04	3.14e-02	9.68e-01	0.00e+00	0.00e+00
 2.40960e+15	4.01e-16	5.75e-11	1.26e-06	7.78e-04	3.39e-02	9.65e-01	0.00e+00	0.00e+00
 2.48645e+15	5.34e-16	7.30e-11	1.53e-06	8.82e-04	3.63e-02	9.63e-01	0.00e+00	0.00e+00
 2.56993e+15	7.41e-16	9.50e-11	1.86e-06	1.01e-03	3.89e-02	9.60e-01	0.00e+00	0.00e+00
 2.66948e+15	1.05e-15	1.27e-10	2.35e-06	1.17e-03	4.23e-02	9.57e-01	0.00e+00	0.00e+00
 2.76774e+15	1.47e-15	1.67e-10	2.93e-06	1.35e-03	4.56e-02	9.53e-01	0.00e+00	0.00e+00
 2.85668e+15	1.96e-15	2.13e-10	3.55e-06	1.53e-03	4.88e-02	9.50e-01	0.00e+00	0.00e+00
 2.95564e+15	2.66e-15	2.75e-10	4.37e-06	1.75e-03	5.24e-02	9.46e-01	0.00e+00	0.00e+00
 3.07182e+15	3.83e-15	3.71e-10	5.54e-06	2.04e-03	5.69e-02	9.41e-01	0.00e+00	0.00e+00
 3.18657e+15	5.42e-15	4.93e-10	6.92e-06	2.36e-03	6.14e-02	9.36e-01	0.00e+00	0.00e+00
 3.29426e+15	7.39e-15	6.36e-10	8.47e-06	2.70e-03	6.58e-02	9.32e-01	0.00e+00	0.00e+00
 3.41442e+15	1.03e-14	8.35e-10	1.05e-05	3.11e-03	7.08e-02	9.26e-01	0.00e+00	0.00e+00
 3.55103e+15	1.50e-14	1.14e-09	1.34e-05	3.63e-03	7.68e-02	9.20e-01	0.00e+00	0.00e+00
 3.66523e+15	2.03e-14	1.46e-09	1.62e-05	4.11e-03	8.19e-02	9.14e-01	0.00e+00	0.00e+00
 3.74667e+15	2.49e-14	1.73e-09	1.85e-05	4.48e-03	8.56e-02	9.10e-01	0.00e+00	0.00e+00
 3.83149e+15	3.08e-14	2.05e-09	2.12e-05	4.89e-03	8.96e-02	9.06e-01	0.00e+00	0.00e+00
 3.94175e+15	3.90e-14	2.52e-09	2.52e-05	5.46e-03	9.47e-02	9.00e-01	0.00e+00	0.00e+00
 4.06501e+15	5.43e-14	3.26e-09	3.05e-05	6.17e-03	1.01e-01	8.93e-01	0.00e+00	0.00e+00
 4.18037e+15	6.85e-14	3.99e-09	3.60e-05	6.88e-03	1.06e-01	8.87e-01	0.00e+00	0.00e+00
 4.30556e+15	9.38e-14	5.11e-09	4.32e-05	7.73e-03	1.13e-01	8.79e-01	0.00e+00	0.00e+00
 4.44514e+15	1.28e-13	6.57e-09	5.24e-05	8.75e-03	1.20e-01	8.71e-01	0.00e+00	0.00e+00
 4.57679e+15	1.67e-13	8.21e-09	6.24e-05	9.79e-03	1.27e-01	8.63e-01	0.00e+00	0.00e+00
 4.72129e+15	2.19e-13	1.03e-08	7.53e-05	1.10e-02	1.35e-01	8.54e-01	0.00e+00	0.00e+00
 4.88326e+15	3.15e-13	1.37e-08	9.25e-05	1.26e-02	1.44e-01	8.43e-01	0.00e+00	0.00e+00
 5.03611e+15	4.24e-13	1.75e-08	1.11e-04	1.42e-02	1.52e-01	8.33e-01	0.00e+00	0.00e+00
 5.20299e+15	5.75e-13	2.24e-08	1.35e-04	1.61e-02	1.62e-01	8.22e-01	0.00e+00	0.00e+00
 5.38773e+15	7.78e-13	2.90e-08	1.67e-04	1.83e-02	1.72e-01	8.09e-01	0.00e+00	0.00e+00
 5.55975e+15	1.10e-12	3.80e-08	2.02e-04	2.07e-02	1.83e-01	7.96e-01	0.00e+00	0.00e+00
 5.74742e+15	1.52e-12	4.94e-08	2.47e-04	2.35e-02	1.94e-01	7.82e-01	0.00e+00	0.00e+00
 5.95388e+15	2.04e-12	6.35e-08	3.04e-04	2.68e-02	2.06e-01	7.67e-01	0.00e+00	0.00e+00
 6.14580e+15	2.77e-12	8.16e-08	3.67e-04	3.02e-02	2.17e-01	7.52e-01	0.00e+00	0.00e+00
 6.35636e+15	4.02e-12	1.09e-07	4.51e-04	3.43e-02	2.31e-01	7.35e-01	0.00e+00	0.00e+00
 6.58710e+15	5.59e-12	1.43e-07	5.57e-04	3.91e-02	2.44e-01	7.16e-01	0.00e+00	0.00e+00
 6.80176e+15	7.40e-12	1.81e-07	6.72e-04	4.40e-02	2.57e-01	6.99e-01	0.00e+00	0.00e+00
 7.00365e+15	9.82e-12	2.28e-07	8.00e-04	4.90e-02	2.69e-01	6.81e-01	0.00e+00	0.00e+00
 7.23129e+15	1.40e-11	3.00e-07	9.72e-04	5.52e-02	2.83e-01	6.61e-01	0.00e+00	0.00e+00
 7.47994e+15	1.91e-11	3.88e-07	1.19e-03	6.23e-02	2.97e-01	6.40e-01	0.00e+00	0.00e+00
 7.70932e+15	2.49e-11	4.84e-07	1.41e-03	6.93e-02	3.10e-01	6.20e-01	0.00e+00	0.00e+00
 7.91507e+15	3.21e-11	5.96e-07	1.65e-03	7.61e-02	3.21e-01	6.01e-01	0.00e+00	0.00e+00
 8.10506e+15	4.05e-11	7.19e-07	1.90e-03	8.28e-02	3.31e-01	5.84e-01	0.00e+00	0.00e+00
 8.32048e+15	5.21e-11	8.83e-07	2.22e-03	9.08e-02	3.43e-01	5.64e-01	0.00e+00	0.00e+00
 8.55859e+15	6.84e-11	1.10e-06	2.62e-03	1.00e-01	3.54e-01	5.43e-01	0.00e+00	0.00e+00
 8.78161e+15	9.17e-11	1.38e-06	3.06e-03	1.10e-01	3.66e-01	5.22e-01	0.00e+00	0.00e+00
 8.98718e+15	1.15e-10	1.65e-06	3.51e-03	1.19e-01	3.75e-01	5.03e-01	0.00e+00	0.00e+00
 9.21466e+15	1.45e-10	2.01e-06	4.07e-03	1.29e-01	3.84e-01	4.83e-01	0.00e+00	0.00e+00
 9.51038e+15	2.02e-10	2.61e-06	4.92e-03	1.44e-01	3.96e-01	4.55e-01	0.00e+00	0.00e+00
 9.80759e+15	2.68e-10	3.29e-06	5.88e-03	1.59e-01	4.06e-01	4.29e-01	0.00e+00	0.00e+00
 1.00482e+16	3.32e-10	3.94e-06	6.77e-03	1.72e-01	4.13e-01	4.08e-01	0.00e+00	0.00e+00
 1.03023e+16	4.25e-10	4.81e-06	7.87e-03	1.86e-01	4.20e-01	3.86e-01	0.00e+00	0.00e+00
 1.05864e+16	5.88e-10	6.17e-06	9.29e-03	2.03e-01	4.27e-01	3.60e-01	0.00e+00	0.00e+00
 1.08498e+16	7.51e-10	7.52e-06	1.08e-02	2.19e-01	4.32e-01	3.38e-01	0.00e+00	0.00e+00
 1.10950e+16	9.47e-10	9.05e-06	1.23e-02	2.35e-01	4.35e-01	3.18e-01	0.00e+00	0.00e+00
 1.13763e+16	1.22e-09	1.11e-05	1.43e-02	2.54e-01	4.37e-01	2.95e-01	0.00e+00	0.00e+00
 1.16739e+16	1.62e-09	1.39e-05	1.68e-02	2.74e-01	4.38e-01	2.71e-01	0.00e+00	0.00e+00
 1.19265e+16	2.04e-09	1.67e-05	1.91e-02	2.92e-01	4.37e-01	2.52e-01	0.00e+00	0.00e+00
 1.21883e+16	2.57e-09	2.01e-05	2.19e-02	3.11e-01	4.35e-01	2.32e-01	0.00e+00	0.00e+00
 1.24759e+16	3.20e-09	2.41e-05	2.53e-02	3.32e-01	4.30e-01	2.12e-01	0.00e+00	0.00e+00
 1.27351e+16	4.30e-09	3.00e-05	2.90e-02	3.52e-01	4.25e-01	1.94e-01	0.00e+00	0.00e+00
 1.29606e+16	5.26e-09	3.52e-05	3.24e-02	3.69e-01	4.19e-01	1.79e-01	0.00e+00	0.00e+00
 1.32042e+16	6.53e-09	4.18e-05	3.67e-02	3.89e-01	4.12e-01	1.63e-01	0.00e+00	0.00e+00
 1.34736e+16	8.58e-09	5.15e-05	4.21e-02	4.10e-01	4.02e-01	1.46e-01	0.00e+00	0.00e+00
 1.37142e+16	1.05e-08	6.05e-05	4.73e-02	4.28e-01	3.92e-01	1.33e-01	0.00e+00	0.00e+00
 1.39286e+16	1.24e-08	6.95e-05	5.26e-02	4.45e-01	3.81e-01	1.21e-01	0.00e+00	0.00e+00
 1.41394e+16	1.52e-08	8.13e-05	5.85e-02	4.62e-01	3.70e-01	1.10e-01	0.00e+00	0.00e+00
 1.43389e+16	1.98e-08	9.83e-05	6.51e-02	4.77e-01	3.59e-01	9.87e-02	0.00e+00	0.00e+00
 1.45258e+16	2.35e-08	1.12e-04	7.15e-02	4.92e-01	3.47e-01	8.98e-02	0.00e+00	0.00e+00
 1.47393e+16	2.80e-08	1.30e-04	7.97e-02	5.08e-01	3.32e-01	8.00e-02	0.00e+00	0.00e+00
 1.49732e+16	3.55e-08	1.56e-04	8.99e-02	5.25e-01	3.16e-01	6.97e-02	0.00e+00	0.00e+00
 1.51778e+16	4.47e-08	1.85e-04	1.00e-01	5.39e-01	3.00e-01	6.12e-02	0.00e+00	0.00e+00
 1.53489e+16	5.48e-08	2.16e-04	1.10e-01	5.50e-01	2.85e-01	5.44e-02	0.00e+00	0.00e+00
 1.55086e+16	6.63e-08	2.49e-04	1.20e-01	5.60e-01	2.71e-01	4.83e-02	0.00e+00	0.00e+00
 1.56663e+16	8.02e-08	2.87e-04	1.31e-01	5.70e-01	2.57e-01	4.27e-02	0.00e+00	0.00e+00
 1.58221e+16	9.74e-08	3.32e-04	1.42e-01	5.78e-01	2.42e-01	3.74e-02	0.00e+00	0.00e+00
 1.59746e+16	1.19e-07	3.85e-04	1.55e-01	5.85e-01	2.27e-01	3.25e-02	0.00e+00	0.00e+00
 1.61186e+16	1.44e-07	4.44e-04	1.68e-01	5.91e-01	2.12e-01	2.82e-02	0.00e+00	0.00e+00
 1.62523e+16	1.88e-07	5.33e-04	1.83e-01	5.96e-01	1.97e-01	2.40e-02	0.00e+00	0.00e+00
 1.63714e+16	2.08e-07	5.80e-04	1.95e-01	5.99e-01	1.84e-01	2.12e-02	0.00e+00	0.00e+00
 1.64972e+16	2.65e-07	6.89e-04	2.10e-01	6.02e-01	1.69e-01	1.78e-02	0.00e+00	0.00e+00
 1.66153e+16	3.02e-07	7.60e-04	2.24e-01	6.03e-01	1.56e-01	1.53e-02	0.00e+00	0.00e+00
 1.67085e+16	3.71e-07	8.77e-04	2.37e-01	6.03e-01	1.45e-01	1.32e-02	0.00e+00	0.00e+00
 1.67921e+16	4.25e-07	9.67e-04	2.49e-01	6.03e-01	1.35e-01	1.15e-02	0.00e+00	0.00e+00
 1.68588e+16	4.76e-07	1.05e-03	2.59e-01	6.02e-01	1.27e-01	1.03e-02	0.00e+00	0.00e+00
 1.69159e+16	5.25e-07	1.12e-03	2.68e-01	6.01e-01	1.20e-01	9.23e-03	0.00e+00	0.00e+00
 1.69801e+16	5.70e-07	1.20e-03	2.77e-01	6.00e-01	1.13e-01	8.18e-03	0.00e+00	0.00e+00
 1.70635e+16	6.86e-07	1.36e-03	2.92e-01	5.98e-01	1.03e-01	6.81e-03	0.00e+00	0.00e+00
 1.71376e+16	7.81e-07	1.49e-03	3.04e-01	5.95e-01	9.41e-02	5.80e-03	0.00e+00	0.00e+00
 1.71852e+16	8.59e-07	1.59e-03	3.12e-01	5.93e-01	8.85e-02	5.17e-03	0.00e+00	0.00e+00
 1.72328e+16	9.11e-07	1.67e-03	3.20e-01	5.91e-01	8.31e-02	4.61e-03	0.00e+00	0.00e+00
 1.72946e+16	1.06e-06	1.85e-03	3.32e-01	5.87e-01	7.58e-02	3.87e-03	0.00e+00	0.00e+00
 1.73544e+16	1.18e-06	1.99e-03	3.42e-01	5.83e-01	6.94e-02	3.28e-03	0.00e+00	0.00e+00
 1.74019e+16	1.29e-06	2.12e-03	3.50e-01	5.80e-01	6.43e-02	2.85e-03	0.00e+00	0.00e+00
 1.74537e+16	1.43e-06	2.28e-03	3.60e-01	5.76e-01	5.87e-02	2.41e-03	0.00e+00	0.00e+00
 1.75119e+16	1.61e-06	2.47e-03	3.71e-01	5.72e-01	5.29e-02	1.99e-03	0.00e+00	0.00e+00
 1.75665e+16	1.78e-06	2.66e-03	3.81e-01	5.67e-01	4.78e-02	1.65e-03	0.00e+00	0.00e+00
 1.76257e+16	2.00e-06	2.88e-03	3.92e-01	5.62e-01	4.23e-02	1.32e-03	0.00e+00	0.00e+00
 1.76893e+16	2.25e-06	3.12e-03	4.03e-01	5.56e-01	3.71e-02	1.03e-03	0.00e+00	0.00e+00
 1.77471e+16	2.50e-06	3.37e-03	4.13e-01	5.50e-01	3.27e-02	8.19e-04	0.00e+00	0.00e+00
 1.78105e+16	2.82e-06	3.65e-03	4.24e-01	5.44e-01	2.83e-02	6.24e-04	0.00e+00	0.00e+00
 1.78809e+16	3.19e-06	3.97e-03	4.35e-01	5.37e-01	2.40e-02	4.61e-04	0.00e+00	0.00e+00
 1.79487e+16	3.60e-06	4.31e-03	4.46e-01	5.29e-01	2.03e-02	3.39e-04	0.00e+00	0.00e+00
 1.80251e+16	4.12e-06	4.72e-03	4.58e-01	5.20e-01	1.68e-02	2.37e-04	0.00e+00	0.00e+00
 1.81243e+16	4.86e-06	5.27e-03	4.73e-01	5.09e-01	1.30e-02	1.47e-04	0.00e+00	0.00e+00
 1.82291e+16	5.73e-06	5.88e-03	4.87e-01	4.97e-01	1.00e-02	9.02e-05	0.00e+00	0.00e+00
 1.83250e+16	6.64e-06	6.48e-03	5.00e-01	4.86e-01	7.88e-03	5.73e-05	0.00e+00	0.00e+00
 1.84335e+16	7.80e-06	7.21e-03	5.14e-01	4.73e-01	6.00e-03	3.41e-05	0.00e+00	0.00e+00
 1.85746e+16	9.57e-06	8.24e-03	5.31e-01	4.56e-01	4.25e-03	1.77e-05	0.00e+00	0.00e+00
 1.87580e+16	1.24e-05	9.74e-03	5.53e-01	4.34e-01	2.77e-03	7.72e-06	0.00e+00	0.00e+00
 1.89082e+16	1.54e-05	1.12e-02	5.71e-01	4.16e-01	2.01e-03	4.16e-06	0.00e+00	0.00e+00
 1.89814e+16	1.71e-05	1.20e-02	5.80e-01	4.06e-01	1.73e-03	3.09e-06	0.00e+00	0.00e+00
 1.90427e+16	1.87e-05	1.28e-02	5.88e-01	3.98e-01	1.51e-03	2.37e-06	0.00e+00	0.00e+00
 1.91224e+16	2.10e-05	1.38e-02	5.97e-01	3.88e-01	1.26e-03	1.69e-06	0.00e+00	0.00e+00
 1.92260e+16	2.46e-05	1.53e-02	6.10e-01	3.74e-01	1.01e-03	1.09e-06	0.00e+00	0.00e+00
 1.93379e+16	2.92e-05	1.71e-02	6.24e-01	3.58e-01	7.98e-04	6.92e-07	0.00e+00	0.00e+00
 1.94350e+16	3.41e-05	1.89e-02	6.36e-01	3.44e-01	6.53e-04	0.00e+00	0.00e+00	0.00e+00
 1.95208e+16	3.91e-05	2.07e-02	6.47e-01	3.32e-01	5.46e-04	0.00e+00	0.00e+00	0.00e+00
 1.96001e+16	4.46e-05	2.26e-02	6.57e-01	3.20e-01	4.62e-04	0.00e+00	0.00e+00	0.00e+00
 1.96736e+16	5.05e-05	2.45e-02	6.67e-01	3.08e-01	3.96e-04	0.00e+00	0.00e+00	0.00e+00
 1.97456e+16	5.72e-05	2.66e-02	6.76e-01	2.97e-01	3.40e-04	0.00e+00	0.00e+00	0.00e+00
 1.98282e+16	6.61e-05	2.93e-02	6.86e-01	2.84e-01	2.84e-04	0.00e+00	0.00e+00	0.00e+00
 1.99148e+16	7.76e-05	3.26e-02	6.97e-01	2.70e-01	2.35e-04	0.00e+00	0.00e+00	0.00e+00
 1.99860e+16	8.87e-05	3.56e-02	7.06e-01	2.59e-01	2.02e-04	0.00e+00	0.00e+00	0.00e+00
 2.00472e+16	9.97e-05	3.85e-02	7.13e-01	2.48e-01	1.76e-04	0.00e+00	0.00e+00	0.00e+00
 2.01159e+16	1.14e-04	4.21e-02	7.21e-01	2.37e-01	1.50e-04	0.00e+00	0.00e+00	0.00e+00
 2.01914e+16	1.33e-04	4.66e-02	7.29e-01	2.24e-01	1.26e-04	0.00e+00	0.00e+00	0.00e+00
 2.02588e+16	1.53e-04	5.11e-02	7.36e-01	2.13e-01	1.08e-04	0.00e+00	0.00e+00	0.00e+00
 2.03174e+16	1.73e-04	5.55e-02	7.42e-01	2.03e-01	9.35e-05	0.00e+00	0.00e+00	0.00e+00
 2.03813e+16	1.99e-04	6.09e-02	7.47e-01	1.91e-01	7.96e-05	0.00e+00	0.00e+00	0.00e+00
 2.04508e+16	2.32e-04	6.75e-02	7.53e-01	1.80e-01	6.69e-05	0.00e+00	0.00e+00	0.00e+00
 2.05116e+16	2.67e-04	7.40e-02	7.57e-01	1.69e-01	5.72e-05	0.00e+00	0.00e+00	0.00e+00
 2.05641e+16	3.03e-04	8.04e-02	7.59e-01	1.60e-01	4.97e-05	0.00e+00	0.00e+00	0.00e+00
 2.06216e+16	3.47e-04	8.80e-02	7.62e-01	1.50e-01	4.23e-05	0.00e+00	0.00e+00	0.00e+00
 2.06842e+16	4.06e-04	9.76e-02	7.63e-01	1.39e-01	3.54e-05	0.00e+00	0.00e+00	0.00e+00
 2.07395e+16	4.68e-04	1.07e-01	7.62e-01	1.30e-01	3.02e-05	0.00e+00	0.00e+00	0.00e+00
 2.07882e+16	5.31e-04	1.16e-01	7.61e-01	1.22e-01	2.60e-05	0.00e+00	0.00e+00	0.00e+00
 2.08425e+16	6.14e-04	1.28e-01	7.59e-01	1.13e-01	2.19e-05	0.00e+00	0.00e+00	0.00e+00
 2.09013e+16	7.23e-04	1.42e-01	7.54e-01	1.03e-01	1.80e-05	0.00e+00	0.00e+00	0.00e+00
 2.09527e+16	8.36e-04	1.56e-01	7.48e-01	9.45e-02	1.51e-05	0.00e+00	0.00e+00	0.00e+00
 2.09975e+16	9.52e-04	1.70e-01	7.42e-01	8.73e-02	1.29e-05	0.00e+00	0.00e+00	0.00e+00
 2.10472e+16	1.10e-03	1.87e-01	7.32e-01	7.94e-02	1.07e-05	0.00e+00	0.00e+00	0.00e+00
 2.11021e+16	1.31e-03	2.08e-01	7.20e-01	7.10e-02	8.63e-06	0.00e+00	0.00e+00	0.00e+00
 2.11516e+16	1.53e-03	2.30e-01	7.05e-01	6.36e-02	7.02e-06	0.00e+00	0.00e+00	0.00e+00
 2.11958e+16	1.76e-03	2.51e-01	6.90e-01	5.72e-02	5.79e-06	0.00e+00	0.00e+00	0.00e+00
 2.12448e+16	2.08e-03	2.78e-01	6.70e-01	5.03e-02	4.60e-06	0.00e+00	0.00e+00	0.00e+00
 2.12992e+16	2.50e-03	3.11e-01	6.44e-01	4.30e-02	3.51e-06	0.00e+00	0.00e+00	0.00e+00
 2.13490e+16	2.99e-03	3.45e-01	6.15e-01	3.67e-02	2.69e-06	0.00e+00	0.00e+00	0.00e+00
 2.13945e+16	3.51e-03	3.80e-01	5.86e-01	3.12e-02	2.07e-06	0.00e+00	0.00e+00	0.00e+00
 2.14459e+16	4.24e-03	4.23e-01	5.48e-01	2.55e-02	1.49e-06	0.00e+00	0.00e+00	0.00e+00
 2.15001e+16	5.20e-03	4.73e-01	5.02e-01	2.00e-02	1.03e-06	0.00e+00	0.00e+00	0.00e+00
 2.15446e+16	6.20e-03	5.19e-01	4.59e-01	1.60e-02	7.29e-07	0.00e+00	0.00e+00	0.00e+00
 2.15816e+16	7.17e-03	5.58e-01	4.22e-01	1.30e-02	0.00e+00	0.00e+00	0.00e+00	0.00e+00
 2.16157e+16	8.24e-03	5.97e-01	3.85e-01	1.05e-02	0.00e+00	0.00e+00	0.00e+00	0.00e+00
 2.16481e+16	9.42e-03	6.34e-01	3.48e-01	8.39e-03	0.00e+00	0.00e+00	0.00e+00	0.00e+00
 2.16795e+16	1.07e-02	6.70e-01	3.13e-01	6.64e-03	0.00e+00	0.00e+00	0.00e+00	0.00e+00
 2.17100e+16	1.21e-02	7.05e-01	2.77e-01	5.14e-03	0.00e+00	0.00e+00	0.00e+00	0.00e+00
 2.17390e+16	1.37e-02	7.38e-01	2.44e-01	3.95e-03	0.00e+00	0.00e+00	0.00e+00	0.00e+00
 2.17660e+16	1.54e-02	7.68e-01	2.14e-01	3.03e-03	0.00e+00	0.00e+00	0.00e+00	0.00e+00
 2.17921e+16	1.73e-02	7.95e-01	1.85e-01	2.28e-03	0.00e+00	0.00e+00	0.00e+00	0.00e+00
 2.18175e+16	1.93e-02	8.20e-01	1.59e-01	1.70e-03	0.00e+00	0.00e+00	0.00e+00	0.00e+00
 2.18418e+16	2.16e-02	8.42e-01	1.35e-01	1.25e-03	0.00e+00	0.00e+00	0.00e+00	0.00e+00
 2.18650e+16	2.39e-02	8.60e-01	1.15e-01	9.13e-04	0.00e+00	0.00e+00	0.00e+00	0.00e+00
 2.18877e+16	2.66e-02	8.77e-01	9.62e-02	6.57e-04	0.00e+00	0.00e+00	0.00e+00	0.00e+00
 2.19100e+16	2.95e-02	8.90e-01	7.97e-02	4.63e-04	0.00e+00	0.00e+00	0.00e+00	0.00e+00
 2.19315e+16	3.28e-02	9.01e-01	6.56e-02	3.24e-04	0.00e+00	0.00e+00	0.00e+00	0.00e+00
 2.19520e+16	3.63e-02	9.10e-01	5.37e-02	2.24e-04	0.00e+00	0.00e+00	0.00e+00	0.00e+00
 2.19720e+16	4.02e-02	9.16e-01	4.36e-02	1.54e-04	0.00e+00	0.00e+00	0.00e+00	0.00e+00
 2.19914e+16	4.45e-02	9.20e-01	3.51e-02	1.04e-04	0.00e+00	0.00e+00	0.00e+00	0.00e+00
 2.20098e+16	4.90e-02	9.23e-01	2.83e-02	7.04e-05	0.00e+00	0.00e+00	0.00e+00	0.00e+00
 2.20270e+16	5.38e-02	9.23e-01	2.28e-02	4.79e-05	0.00e+00	0.00e+00	0.00e+00	0.00e+00
 2.20434e+16	5.89e-02	9.23e-01	1.85e-02	3.28e-05	0.00e+00	0.00e+00	0.00e+00	0.00e+00
 2.20602e+16	6.47e-02	9.21e-01	1.47e-02	2.16e-05	0.00e+00	0.00e+00	0.00e+00	0.00e+00
 2.20769e+16	7.08e-02	9.18e-01	1.16e-02	1.41e-05	0.00e+00	0.00e+00	0.00e+00	0.00e+00
 2.20916e+16	7.72e-02	9.14e-01	9.28e-03	9.53e-06	0.00e+00	0.00e+00	0.00e+00	0.00e+00
 2.21048e+16	8.33e-02	9.09e-01	7.56e-03	6.60e-06	0.00e+00	0.00e+00	0.00e+00	0.00e+00
 2.21170e+16	8.94e-02	9.04e-01	6.22e-03	4.66e-06	0.00e+00	0.00e+00	0.00e+00	0.00e+00
 2.21285e+16	9.54e-02	8.99e-01	5.16e-03	3.32e-06	0.00e+00	0.00e+00	0.00e+00	0.00e+00
 2.21393e+16	1.01e-01	8.94e-01	4.29e-03	2.40e-06	0.00e+00	0.00e+00	0.00e+00	0.00e+00
 2.21493e+16	1.07e-01	8.89e-01	3.61e-03	1.75e-06	0.00e+00	0.00e+00	0.00e+00	0.00e+00
 2.21572e+16	1.12e-01	8.85e-01	3.15e-03	1.38e-06	0.00e+00	0.00e+00	0.00e+00	0.00e+00
 2.21622e+16	1.15e-01	8.82e-01	2.88e-03	1.18e-06	0.00e+00	0.00e+00	0.00e+00	0.00e+00
 2.21668e+16	1.19e-01	8.79e-01	2.65e-03	1.01e-06	0.00e+00	0.00e+00	0.00e+00	0.00e+00
 2.21720e+16	1.23e-01	8.75e-01	2.40e-03	8.47e-07	0.00e+00	0.00e+00	0.00e+00	0.00e+00
 2.21778e+16	1.27e-01	8.71e-01	2.16e-03	0.00e+00	0.00e+00	0.00e+00	0.00e+00	0.00e+00
 2.21835e+16	1.31e-01	8.67e-01	1.94e-03	0.00e+00	0.00e+00	0.00e+00	0.00e+00	0.00e+00
 2.21887e+16	1.35e-01	8.63e-01	1.76e-03	0.00e+00	0.00e+00	0.00e+00	0.00e+00	0.00e+00
 2.21939e+16	1.39e-01	8.59e-01	1.59e-03	0.00e+00	0.00e+00	0.00e+00	0.00e+00	0.00e+00
 2.21991e+16	1.43e-01	8.55e-01	1.44e-03	0.00e+00	0.00e+00	0.00e+00	0.00e+00	0.00e+00
 2.22042e+16	1.48e-01	8.51e-01	1.30e-03	0.00e+00	0.00e+00	0.00e+00	0.00e+00	0.00e+00
 2.22093e+16	1.52e-01	8.47e-01	1.17e-03	0.00e+00	0.00e+00	0.00e+00	0.00e+00	0.00e+00
 2.22143e+16	1.57e-01	8.42e-01	1.06e-03	0.00e+00	0.00e+00	0.00e+00	0.00e+00	0.00e+00
 2.22193e+16	1.62e-01	8.37e-01	9.54e-04	0.00e+00	0.00e+00	0.00e+00	0.00e+00	0.00e+00
 2.22242e+16	1.66e-01	8.33e-01	8.61e-04	0.00e+00	0.00e+00	0.00e+00	0.00e+00	0.00e+00
 2.22291e+16	1.71e-01	8.28e-01	7.77e-04	0.00e+00	0.00e+00	0.00e+00	0.00e+00	0.00e+00
 2.22339e+16	1.77e-01	8.22e-01	7.00e-04	0.00e+00	0.00e+00	0.00e+00	0.00e+00	0.00e+00
 2.22387e+16	1.82e-01	8.17e-01	6.31e-04	0.00e+00	0.00e+00	0.00e+00	0.00e+00	0.00e+00
 2.22434e+16	1.88e-01	8.12e-01	5.69e-04	0.00e+00	0.00e+00	0.00e+00	0.00e+00	0.00e+00
 2.22480e+16	1.93e-01	8.06e-01	5.13e-04	0.00e+00	0.00e+00	0.00e+00	0.00e+00	0.00e+00
 2.22527e+16	1.99e-01	8.01e-01	4.62e-04	0.00e+00	0.00e+00	0.00e+00	0.00e+00	0.00e+00
 2.22572e+16	2.05e-01	7.94e-01	4.16e-04	0.00e+00	0.00e+00	0.00e+00	0.00e+00	0.00e+00
 2.22618e+16	2.12e-01	7.88e-01	3.74e-04	0.00e+00	0.00e+00	0.00e+00	0.00e+00	0.00e+00
 2.22663e+16	2.18e-01	7.81e-01	3.37e-04	0.00e+00	0.00e+00	0.00e+00	0.00e+00	0.00e+00
 2.22706e+16	2.25e-01	7.75e-01	3.03e-04	0.00e+00	0.00e+00	0.00e+00	0.00e+00	0.00e+00
 2.22750e+16	2.32e-01	7.67e-01	2.73e-04	0.00e+00	0.00e+00	0.00e+00	0.00e+00	0.00e+00
 2.22793e+16	2.40e-01	7.60e-01	2.45e-04	0.00e+00	0.00e+00	0.00e+00	0.00e+00	0.00e+00
 2.22836e+16	2.48e-01	7.52e-01	2.20e-04	0.00e+00	0.00e+00	0.00e+00	0.00e+00	0.00e+00
 2.22878e+16	2.56e-01	7.44e-01	1.97e-04	0.00e+00	0.00e+00	0.00e+00	0.00e+00	0.00e+00
 2.22919e+16	2.65e-01	7.34e-01	1.77e-04	0.00e+00	0.00e+00	0.00e+00	0.00e+00	0.00e+00
 2.22960e+16	2.74e-01	7.25e-01	1.59e-04	0.00e+00	0.00e+00	0.00e+00	0.00e+00	0.00e+00
 2.23001e+16	2.84e-01	7.16e-01	1.42e-04	0.00e+00	0.00e+00	0.00e+00	0.00e+00	0.00e+00
 2.23041e+16	2.95e-01	7.05e-01	1.27e-04	0.00e+00	0.00e+00	0.00e+00	0.00e+00	0.00e+00
 2.23079e+16	3.06e-01	6.94e-01	1.14e-04	0.00e+00	0.00e+00	0.00e+00	0.00e+00	0.00e+00
 2.23117e+16	3.17e-01	6.83e-01	1.02e-04	0.00e+00	0.00e+00	0.00e+00	0.00e+00	0.00e+00
 2.23154e+16	3.29e-01	6.71e-01	9.18e-05	0.00e+00	0.00e+00	0.00e+00	0.00e+00	0.00e+00
 2.23191e+16	3.42e-01	6.58e-01	8.22e-05	0.00e+00	0.00e+00	0.00e+00	0.00e+00	0.00e+00
 2.23227e+16	3.54e-01	6.46e-01	7.37e-05	0.00e+00	0.00e+00	0.00e+00	0.00e+00	0.00e+00
 2.23263e+16	3.69e-01	6.31e-01	6.58e-05	0.00e+00	0.00e+00	0.00e+00	0.00e+00	0.00e+00
 2.23297e+16	3.82e-01	6.18e-01	5.90e-05	0.00e+00	0.00e+00	0.00e+00	0.00e+00	0.00e+00
 2.23331e+16	3.98e-01	6.02e-01	5.27e-05	0.00e+00	0.00e+00	0.00e+00	0.00e+00	0.00e+00
 2.23365e+16	4.13e-01	5.87e-01	4.71e-05	0.00e+00	0.00e+00	0.00e+00	0.00e+00	0.00e+00
 2.23399e+16	4.30e-01	5.70e-01	4.19e-05	0.00e+00	0.00e+00	0.00e+00	0.00e+00	0.00e+00
 2.23431e+16	4.48e-01	5.52e-01	3.73e-05	0.00e+00	0.00e+00	0.00e+00	0.00e+00	0.00e+00
 2.23464e+16	4.68e-01	5.32e-01	3.31e-05	0.00e+00	0.00e+00	0.00e+00	0.00e+00	0.00e+00
 2.23495e+16	4.87e-01	5.13e-01	2.94e-05	0.00e+00	0.00e+00	0.00e+00	0.00e+00	0.00e+00
 2.23526e+16	5.07e-01	4.93e-01	2.60e-05	0.00e+00	0.00e+00	0.00e+00	0.00e+00	0.00e+00
 2.23558e+16	5.27e-01	4.73e-01	2.30e-05	0.00e+00	0.00e+00	0.00e+00	0.00e+00	0.00e+00
 2.23589e+16	5.49e-01	4.51e-01	2.02e-05	0.00e+00	0.00e+00	0.00e+00	0.00e+00	0.00e+00
 2.23619e+16	5.71e-01	4.29e-01	1.78e-05	0.00e+00	0.00e+00	0.00e+00	0.00e+00	0.00e+00
 2.23650e+16	5.93e-01	4.07e-01	1.56e-05	0.00e+00	0.00e+00	0.00e+00	0.00e+00	0.00e+00
 2.23680e+16	6.15e-01	3.85e-01	1.36e-05	0.00e+00	0.00e+00	0.00e+00	0.00e+00	0.00e+00
 2.23710e+16	6.38e-01	3.62e-01	1.19e-05	0.00e+00	0.00e+00	0.00e+00	0.00e+00	0.00e+00
 2.23740e+16	6.61e-01	3.39e-01	1.03e-05	0.00e+00	0.00e+00	0.00e+00	0.00e+00	0.00e+00
 2.23766e+16	6.81e-01	3.19e-01	9.12e-06	0.00e+00	0.00e+00	0.00e+00	0.00e+00	0.00e+00
 2.23787e+16	6.97e-01	3.03e-01	8.27e-06	0.00e+00	0.00e+00	0.00e+00	0.00e+00	0.00e+00
 2.23805e+16	7.11e-01	2.89e-01	7.52e-06	0.00e+00	0.00e+00	0.00e+00	0.00e+00	0.00e+00
 2.23825e+16	7.25e-01	2.75e-01	6.82e-06	0.00e+00	0.00e+00	0.00e+00	0.00e+00	0.00e+00
 2.23845e+16	7.41e-01	2.59e-01	6.11e-06	0.00e+00	0.00e+00	0.00e+00	0.00e+00	0.00e+00
 2.23865e+16	7.54e-01	2.46e-01	5.54e-06	0.00e+00	0.00e+00	0.00e+00	0.00e+00	0.00e+00
 2.23883e+16	7.67e-01	2.33e-01	5.03e-06	0.00e+00	0.00e+00	0.00e+00	0.00e+00	0.00e+00
 2.23902e+16	7.80e-01	2.20e-01	4.56e-06	0.00e+00	0.00e+00	0.00e+00	0.00e+00	0.00e+00
 2.23919e+16	7.93e-01	2.07e-01	4.13e-06	0.00e+00	0.00e+00	0.00e+00	0.00e+00	0.00e+00
