#depth	N	N+	N+2	N+3	N+4	N+5	N+6	N+7
 1.49634e+10	0.00e+00	0.00e+00	1.16e-29	1.38e-19	1.88e-10	8.06e-01	1.94e-01	2.07e-05
 4.54887e+10	0.00e+00	3.21e-40	1.50e-29	1.64e-19	2.06e-10	8.18e-01	1.81e-01	1.80e-05
 7.72350e+10	0.00e+00	0.00e+00	1.92e-29	1.94e-19	2.26e-10	8.30e-01	1.70e-01	1.55e-05
 1.10251e+11	0.00e+00	6.20e-40	2.47e-29	2.31e-19	2.48e-10	8.41e-01	1.59e-01	1.34e-05
 1.42442e+11	0.00e+00	0.00e+00	3.12e-29	2.71e-19	2.70e-10	8.51e-01	1.49e-01	1.17e-05
 1.73096e+11	0.00e+00	1.12e-39	3.86e-29	3.13e-19	2.92e-10	8.60e-01	1.40e-01	1.03e-05
 2.07123e+11	0.00e+00	0.00e+00	4.86e-29	3.66e-19	3.17e-10	8.69e-01	1.31e-01	8.95e-06
 2.45334e+11	0.00e+00	2.10e-39	6.22e-29	4.33e-19	3.47e-10	8.78e-01	1.22e-01	7.70e-06
 2.83856e+11	0.00e+00	0.00e+00	7.90e-29	5.10e-19	3.78e-10	8.86e-01	1.14e-01	6.65e-06
 3.23919e+11	0.00e+00	3.94e-39	1.00e-28	6.00e-19	4.12e-10	8.94e-01	1.06e-01	5.74e-06
 3.66803e+11	0.00e+00	0.00e+00	1.28e-28	7.09e-19	4.50e-10	9.01e-01	9.88e-02	4.93e-06
 4.11402e+11	0.00e+00	7.55e-39	1.64e-28	8.37e-19	4.91e-10	9.08e-01	9.17e-02	4.23e-06
 4.57784e+11	0.00e+00	0.00e+00	2.09e-28	9.87e-19	5.35e-10	9.15e-01	8.51e-02	3.62e-06
 5.06023e+11	0.00e+00	1.44e-38	2.67e-28	1.17e-18	5.83e-10	9.21e-01	7.89e-02	3.10e-06
 5.56190e+11	0.00e+00	0.00e+00	3.42e-28	1.37e-18	6.35e-10	9.27e-01	7.32e-02	2.66e-06
 6.08365e+11	0.00e+00	2.75e-38	4.36e-28	1.62e-18	6.92e-10	9.32e-01	6.78e-02	2.27e-06
 6.62626e+11	0.00e+00	0.00e+00	5.56e-28	1.91e-18	7.53e-10	9.37e-01	6.27e-02	1.94e-06
 7.19058e+11	0.00e+00	5.25e-38	7.10e-28	2.25e-18	8.20e-10	9.42e-01	5.81e-02	1.66e-06
 7.77747e+11	0.00e+00	0.00e+00	9.06e-28	2.65e-18	8.92e-10	9.46e-01	5.37e-02	1.42e-06
 8.38784e+11	0.00e+00	1.00e-37	1.16e-27	3.12e-18	9.71e-10	9.51e-01	4.94e-02	1.20e-06
 8.97870e+11	0.00e+00	0.00e+00	1.45e-27	3.64e-18	1.05e-09	9.54e-01	4.59e-02	1.04e-06
 9.51912e+11	0.00e+00	1.77e-37	1.77e-27	4.17e-18	1.12e-09	9.57e-01	4.30e-02	9.08e-07
 1.01188e+12	0.00e+00	0.00e+00	2.20e-27	4.81e-18	1.21e-09	9.60e-01	4.01e-02	0.00e+00
 1.08165e+12	0.00e+00	3.24e-37	2.80e-27	5.66e-18	1.32e-09	9.63e-01	3.70e-02	0.00e+00
 1.15076e+12	0.00e+00	0.00e+00	3.52e-27	6.61e-18	1.42e-09	9.66e-01	3.43e-02	0.00e+00
 1.21718e+12	0.00e+00	5.84e-37	4.36e-27	7.63e-18	1.53e-09	9.68e-01	3.20e-02	0.00e+00
 1.29033e+12	0.00e+00	0.00e+00	5.48e-27	8.89e-18	1.66e-09	9.70e-01	2.97e-02	0.00e+00
 1.37187e+12	0.00e+00	1.09e-36	6.99e-27	1.05e-17	1.80e-09	9.73e-01	2.73e-02	0.00e+00
 1.45473e+12	0.00e+00	0.00e+00	8.88e-27	1.23e-17	1.95e-09	9.75e-01	2.52e-02	0.00e+00
 1.54092e+12	0.00e+00	2.06e-36	1.13e-26	1.44e-17	2.12e-09	9.77e-01	2.33e-02	0.00e+00
 1.63248e+12	6.51e-47	2.86e-36	1.44e-26	1.70e-17	2.30e-09	9.79e-01	2.15e-02	0.00e+00
 1.72771e+12	0.00e+00	0.00e+00	1.84e-26	2.00e-17	2.50e-09	9.80e-01	1.98e-02	0.00e+00
 1.82674e+12	0.00e+00	5.49e-36	2.36e-26	2.36e-17	2.72e-09	9.82e-01	1.82e-02	0.00e+00
 1.92974e+12	2.21e-46	7.61e-36	3.02e-26	2.79e-17	2.96e-09	9.83e-01	1.68e-02	0.00e+00
 2.03685e+12	0.00e+00	0.00e+00	3.86e-26	3.29e-17	3.21e-09	9.85e-01	1.54e-02	0.00e+00
 2.14826e+12	0.00e+00	1.47e-35	4.95e-26	3.88e-17	3.50e-09	9.86e-01	1.42e-02	0.00e+00
 2.25278e+12	7.27e-46	1.97e-35	6.19e-26	4.51e-17	3.77e-09	9.87e-01	1.32e-02	0.00e+00
 2.34589e+12	0.00e+00	0.00e+00	7.51e-26	5.14e-17	4.03e-09	9.88e-01	1.23e-02	0.00e+00
 2.45028e+12	0.00e+00	3.38e-35	9.27e-26	5.92e-17	4.32e-09	9.89e-01	1.15e-02	0.00e+00
 2.57442e+12	2.12e-45	4.66e-35	1.18e-25	6.96e-17	4.69e-09	9.89e-01	1.06e-02	0.00e+00
 2.69940e+12	0.00e+00	0.00e+00	1.50e-25	8.15e-17	5.09e-09	9.90e-01	9.76e-03	0.00e+00
 2.81620e+12	0.00e+00	8.44e-35	1.85e-25	9.40e-17	5.46e-09	9.91e-01	9.09e-03	0.00e+00
 2.94558e+12	6.50e-45	1.14e-34	2.33e-25	1.10e-16	5.91e-09	9.92e-01	8.41e-03	0.00e+00
 3.09333e+12	0.00e+00	0.00e+00	2.99e-25	1.30e-16	6.43e-09	9.92e-01	7.72e-03	0.00e+00
 3.24010e+12	0.00e+00	2.20e-34	3.81e-25	1.53e-16	6.98e-09	9.93e-01	7.11e-03	0.00e+00
 3.39274e+12	2.19e-44	3.03e-34	4.86e-25	1.80e-16	7.58e-09	9.93e-01	6.55e-03	0.00e+00
 3.55838e+12	0.00e+00	4.25e-34	6.27e-25	2.13e-16	8.27e-09	9.94e-01	6.00e-03	0.00e+00
 3.72694e+12	5.04e-44	5.91e-34	8.05e-25	2.52e-16	9.00e-09	9.94e-01	5.51e-03	0.00e+00
 3.88388e+12	0.00e+00	7.95e-34	1.01e-24	2.93e-16	9.72e-09	9.95e-01	5.11e-03	0.00e+00
 4.02877e+12	1.02e-43	1.04e-33	1.23e-24	3.36e-16	1.04e-08	9.95e-01	4.77e-03	0.00e+00
 4.19450e+12	0.00e+00	1.40e-33	1.54e-24	3.91e-16	1.12e-08	9.96e-01	4.42e-03	0.00e+00
 4.38890e+12	2.24e-43	1.95e-33	1.99e-24	4.64e-16	1.23e-08	9.96e-01	4.05e-03	0.00e+00
 4.58150e+12	0.00e+00	2.69e-33	2.54e-24	5.46e-16	1.33e-08	9.96e-01	3.73e-03	0.00e+00
 4.76185e+12	4.79e-43	3.60e-33	3.16e-24	6.34e-16	1.44e-08	9.97e-01	3.45e-03	0.00e+00
 4.96230e+12	0.00e+00	4.92e-33	4.01e-24	7.45e-16	1.56e-08	9.97e-01	3.18e-03	0.00e+00
 5.19072e+12	1.08e-42	6.94e-33	5.21e-24	8.89e-16	1.71e-08	9.97e-01	2.91e-03	0.00e+00
 5.41581e+12	0.00e+00	9.63e-33	6.69e-24	1.05e-15	1.86e-08	9.97e-01	2.67e-03	0.00e+00
 5.64991e+12	2.45e-42	1.34e-32	8.59e-24	1.25e-15	2.03e-08	9.98e-01	2.45e-03	0.00e+00
 5.90583e+12	0.00e+00	1.89e-32	1.12e-23	1.49e-15	2.22e-08	9.98e-01	2.23e-03	0.00e+00
 6.16331e+12	5.70e-42	2.64e-32	1.45e-23	1.78e-15	2.43e-08	9.98e-01	2.04e-03	0.00e+00
 6.43108e+12	0.00e+00	3.70e-32	1.87e-23	2.12e-15	2.66e-08	9.98e-01	1.87e-03	0.00e+00
 6.71825e+12	1.33e-41	5.24e-32	2.44e-23	2.54e-15	2.92e-08	9.98e-01	1.70e-03	0.00e+00
 7.00363e+12	0.00e+00	7.30e-32	3.15e-23	3.02e-15	3.20e-08	9.98e-01	1.56e-03	0.00e+00
 7.30042e+12	3.03e-41	1.02e-31	4.06e-23	3.60e-15	3.50e-08	9.99e-01	1.42e-03	0.00e+00
 7.62236e+12	0.00e+00	1.44e-31	5.31e-23	4.33e-15	3.85e-08	9.99e-01	1.29e-03	0.00e+00
 7.95718e+12	7.14e-41	2.04e-31	6.94e-23	5.21e-15	4.24e-08	9.99e-01	1.18e-03	0.00e+00
 8.30540e+12	0.00e+00	2.88e-31	9.07e-23	6.27e-15	4.66e-08	9.99e-01	1.07e-03	0.00e+00
 8.66754e+12	1.68e-40	4.08e-31	1.19e-22	7.55e-15	5.14e-08	9.99e-01	9.70e-04	0.00e+00
 8.99450e+12	0.00e+00	5.51e-31	1.50e-22	8.88e-15	5.59e-08	9.99e-01	8.92e-04	0.00e+00
 9.26593e+12	3.26e-40	7.01e-31	1.81e-22	1.01e-14	5.99e-08	9.99e-01	8.33e-04	0.00e+00
 9.56286e+12	0.00e+00	9.05e-31	2.20e-22	1.16e-14	6.45e-08	9.99e-01	7.75e-04	0.00e+00
 9.94027e+12	6.55e-40	1.24e-30	2.81e-22	1.38e-14	7.05e-08	9.99e-01	7.08e-04	0.00e+00
 1.03346e+13	0.00e+00	1.69e-30	3.60e-22	1.64e-14	7.73e-08	9.99e-01	6.47e-04	0.00e+00
 1.06828e+13	1.33e-39	2.21e-30	4.44e-22	1.90e-14	8.36e-08	9.99e-01	5.98e-04	0.00e+00
 1.10053e+13	0.00e+00	2.81e-30	5.35e-22	2.17e-14	8.97e-08	9.99e-01	5.58e-04	0.00e+00
 1.13711e+13	2.45e-39	3.65e-30	6.58e-22	2.51e-14	9.69e-08	9.99e-01	5.16e-04	0.00e+00
 1.18243e+13	0.00e+00	4.98e-30	8.41e-22	3.00e-14	1.06e-07	1.00e+00	4.71e-04	0.00e+00
 1.22769e+13	5.13e-39	6.71e-30	1.06e-21	3.55e-14	1.16e-07	1.00e+00	4.30e-04	0.00e+00
 1.26651e+13	0.00e+00	8.57e-30	1.29e-21	4.08e-14	1.26e-07	1.00e+00	4.00e-04	0.00e+00
 1.30842e+13	9.39e-39	1.11e-29	1.58e-21	4.71e-14	1.36e-07	1.00e+00	3.70e-04	0.00e+00
 1.36025e+13	0.00e+00	1.50e-29	2.01e-21	5.61e-14	1.49e-07	1.00e+00	3.37e-04	0.00e+00
 1.41350e+13	1.94e-38	2.02e-29	2.55e-21	6.65e-14	1.63e-07	1.00e+00	3.08e-04	0.00e+00
 1.46170e+13	0.00e+00	2.61e-29	3.14e-21	7.72e-14	1.77e-07	1.00e+00	2.84e-04	0.00e+00
 1.51481e+13	3.67e-38	3.43e-29	3.90e-21	9.04e-14	1.93e-07	1.00e+00	2.61e-04	0.00e+00
 1.57722e+13	0.00e+00	4.66e-29	4.99e-21	1.08e-13	2.13e-07	1.00e+00	2.37e-04	0.00e+00
 1.63955e+13	7.54e-38	6.25e-29	6.30e-21	1.28e-13	2.33e-07	1.00e+00	2.16e-04	0.00e+00
 1.69888e+13	0.00e+00	8.16e-29	7.81e-21	1.50e-13	2.54e-07	1.00e+00	1.99e-04	0.00e+00
 1.76434e+13	1.46e-37	1.08e-28	9.79e-21	1.77e-13	2.78e-07	1.00e+00	1.82e-04	0.00e+00
 1.83791e+13	0.00e+00	1.47e-28	1.25e-20	2.11e-13	3.07e-07	1.00e+00	1.65e-04	0.00e+00
 1.90413e+13	2.86e-37	1.90e-28	1.54e-20	2.46e-13	3.34e-07	1.00e+00	1.52e-04	0.00e+00
 1.95884e+13	0.00e+00	2.34e-28	1.82e-20	2.78e-13	3.57e-07	1.00e+00	1.42e-04	0.00e+00
 2.01860e+13	4.79e-37	2.92e-28	2.17e-20	3.17e-13	3.83e-07	1.00e+00	1.32e-04	0.00e+00
 2.09493e+13	0.00e+00	3.83e-28	2.70e-20	3.72e-13	4.18e-07	1.00e+00	1.21e-04	0.00e+00
 2.17195e+13	9.06e-37	4.97e-28	3.34e-20	4.34e-13	4.55e-07	1.00e+00	1.11e-04	0.00e+00
 2.23568e+13	0.00e+00	6.13e-28	3.95e-20	4.91e-13	4.87e-07	1.00e+00	1.04e-04	0.00e+00
 2.30297e+13	1.51e-36	7.60e-28	4.70e-20	5.57e-13	5.22e-07	1.00e+00	9.72e-05	0.00e+00
 2.38933e+13	0.00e+00	9.91e-28	5.82e-20	6.52e-13	5.69e-07	1.00e+00	8.93e-05	0.00e+00
 2.47985e+13	2.85e-36	1.29e-27	7.21e-20	7.63e-13	6.21e-07	1.00e+00	8.19e-05	0.00e+00
 2.55914e+13	0.00e+00	1.62e-27	8.65e-20	8.71e-13	6.68e-07	1.00e+00	7.61e-05	0.00e+00
 2.64442e+13	4.94e-36	2.05e-27	1.04e-19	1.00e-12	7.21e-07	1.00e+00	7.06e-05	0.00e+00
 2.74797e+13	0.00e+00	2.69e-27	1.30e-19	1.18e-12	7.88e-07	1.00e+00	6.46e-05	0.00e+00
 2.84815e+13	9.29e-36	3.47e-27	1.60e-19	1.37e-12	8.57e-07	1.00e+00	5.95e-05	0.00e+00
 2.93242e+13	0.00e+00	4.28e-27	1.89e-19	1.54e-12	9.16e-07	1.00e+00	5.57e-05	0.00e+00
 3.02311e+13	1.55e-35	5.31e-27	2.25e-19	1.75e-12	9.82e-07	1.00e+00	5.19e-05	0.00e+00
 3.13735e+13	0.00e+00	6.91e-27	2.78e-19	2.04e-12	1.07e-06	1.00e+00	4.77e-05	0.00e+00
 3.25465e+13	2.89e-35	8.96e-27	3.43e-19	2.38e-12	1.16e-06	1.00e+00	4.39e-05	0.00e+00
 3.35671e+13	0.00e+00	1.12e-26	4.09e-19	2.70e-12	1.25e-06	1.00e+00	4.09e-05	0.00e+00
 3.46653e+13	4.94e-35	1.40e-26	4.92e-19	3.09e-12	1.34e-06	1.00e+00	3.80e-05	0.00e+00
 3.60067e+13	0.00e+00	1.83e-26	6.11e-19	3.61e-12	1.47e-06	1.00e+00	3.49e-05	0.00e+00
 3.73561e+13	9.31e-35	2.38e-26	7.53e-19	4.20e-12	1.59e-06	1.00e+00	3.21e-05	0.00e+00
 3.85599e+13	0.00e+00	2.98e-26	9.02e-19	4.79e-12	1.71e-06	1.00e+00	2.99e-05	0.00e+00
 3.98825e+13	1.63e-34	3.79e-26	1.09e-18	5.50e-12	1.85e-06	1.00e+00	2.78e-05	0.00e+00
 4.14576e+13	2.27e-34	4.99e-26	1.36e-18	6.44e-12	2.02e-06	1.00e+00	2.55e-05	0.00e+00
 4.30313e+13	3.12e-34	6.51e-26	1.69e-18	7.50e-12	2.19e-06	1.00e+00	2.34e-05	0.00e+00
 4.44939e+13	4.14e-34	8.25e-26	2.04e-18	8.59e-12	2.36e-06	1.00e+00	2.17e-05	0.00e+00
 4.61295e+13	5.71e-34	1.07e-25	2.51e-18	9.94e-12	2.55e-06	1.00e+00	2.01e-05	0.00e+00
 4.80046e+13	8.03e-34	1.43e-25	3.15e-18	1.17e-11	2.79e-06	1.00e+00	1.84e-05	0.00e+00
 4.98620e+13	1.12e-33	1.88e-25	3.92e-18	1.36e-11	3.04e-06	1.00e+00	1.69e-05	0.00e+00
 5.17938e+13	1.56e-33	2.47e-25	4.87e-18	1.59e-11	3.30e-06	1.00e+00	1.56e-05	0.00e+00
 5.38955e+13	2.21e-33	3.30e-25	6.13e-18	1.87e-11	3.60e-06	1.00e+00	1.43e-05	0.00e+00
 5.60812e+13	3.15e-33	4.42e-25	7.71e-18	2.19e-11	3.92e-06	1.00e+00	1.31e-05	0.00e+00
 5.81524e+13	4.34e-33	5.75e-25	9.50e-18	2.54e-11	4.24e-06	1.00e+00	1.21e-05	0.00e+00
 6.00160e+13	5.75e-33	7.25e-25	1.14e-17	2.88e-11	4.54e-06	1.00e+00	1.13e-05	0.00e+00
 6.17639e+13	7.42e-33	8.95e-25	1.34e-17	3.23e-11	4.83e-06	1.00e+00	1.07e-05	0.00e+00
 6.36988e+13	9.80e-33	1.12e-24	1.61e-17	3.66e-11	5.16e-06	1.00e+00	9.98e-06	0.00e+00
 6.58704e+13	1.33e-32	1.44e-24	1.95e-17	4.18e-11	5.54e-06	1.00e+00	9.30e-06	0.00e+00
 6.79378e+13	1.76e-32	1.82e-24	2.34e-17	4.74e-11	5.92e-06	1.00e+00	8.71e-06	0.00e+00
 7.02136e+13	2.38e-32	2.32e-24	2.83e-17	5.40e-11	6.35e-06	1.00e+00	8.12e-06	0.00e+00
 7.27538e+13	3.29e-32	3.03e-24	3.48e-17	6.23e-11	6.84e-06	1.00e+00	7.54e-06	0.00e+00
 7.50992e+13	4.41e-32	3.85e-24	4.19e-17	7.07e-11	7.32e-06	1.00e+00	7.05e-06	0.00e+00
 7.72736e+13	5.74e-32	4.77e-24	4.95e-17	7.93e-11	7.77e-06	1.00e+00	6.64e-06	0.00e+00
 7.97640e+13	7.71e-32	6.07e-24	5.96e-17	9.00e-11	8.30e-06	1.00e+00	6.22e-06	0.00e+00
 8.28101e+13	1.10e-31	8.08e-24	7.43e-17	1.05e-10	8.97e-06	1.00e+00	5.76e-06	0.00e+00
 8.58467e+13	1.53e-31	1.06e-23	9.17e-17	1.21e-10	9.67e-06	1.00e+00	5.34e-06	0.00e+00
 8.84876e+13	2.04e-31	1.34e-23	1.10e-16	1.36e-10	1.03e-05	1.00e+00	5.02e-06	0.00e+00
 9.13457e+13	2.76e-31	1.71e-23	1.32e-16	1.55e-10	1.10e-05	1.00e+00	4.70e-06	0.00e+00
 9.48353e+13	3.97e-31	2.29e-23	1.65e-16	1.80e-10	1.19e-05	1.00e+00	4.36e-06	0.00e+00
 9.83931e+13	5.59e-31	3.03e-23	2.05e-16	2.08e-10	1.28e-05	1.00e+00	4.04e-06	0.00e+00
 1.01610e+14	7.64e-31	3.89e-23	2.48e-16	2.36e-10	1.37e-05	1.00e+00	3.78e-06	0.00e+00
 1.05136e+14	1.07e-30	5.08e-23	3.03e-16	2.71e-10	1.46e-05	1.00e+00	3.53e-06	0.00e+00
 1.09287e+14	1.56e-30	6.89e-23	3.82e-16	3.16e-10	1.58e-05	1.00e+00	3.27e-06	0.00e+00
 1.13428e+14	2.22e-30	9.18e-23	4.75e-16	3.66e-10	1.70e-05	1.00e+00	3.03e-06	0.00e+00
 1.17325e+14	3.09e-30	1.20e-22	5.81e-16	4.19e-10	1.82e-05	1.00e+00	2.83e-06	0.00e+00
 1.21638e+14	4.42e-30	1.59e-22	7.20e-16	4.84e-10	1.96e-05	1.00e+00	2.64e-06	0.00e+00
 1.26534e+14	6.54e-30	2.18e-22	9.12e-16	5.66e-10	2.12e-05	1.00e+00	2.44e-06	0.00e+00
 1.31462e+14	9.47e-30	2.94e-22	1.14e-15	6.59e-10	2.29e-05	1.00e+00	2.26e-06	0.00e+00
 1.36587e+14	1.39e-29	3.99e-22	1.44e-15	7.67e-10	2.47e-05	1.00e+00	2.09e-06	0.00e+00
 1.42081e+14	2.06e-29	5.46e-22	1.82e-15	8.97e-10	2.67e-05	1.00e+00	1.94e-06	0.00e+00
 1.47794e+14	3.04e-29	7.47e-22	2.30e-15	1.05e-09	2.88e-05	1.00e+00	1.79e-06	0.00e+00
 1.53313e+14	4.35e-29	9.96e-22	2.86e-15	1.21e-09	3.10e-05	1.00e+00	1.66e-06	0.00e+00
 1.58492e+14	6.05e-29	1.30e-21	3.49e-15	1.38e-09	3.31e-05	1.00e+00	1.56e-06	0.00e+00
 1.63384e+14	8.22e-29	1.66e-21	4.19e-15	1.56e-09	3.52e-05	1.00e+00	1.47e-06	0.00e+00
 1.68720e+14	1.13e-28	2.14e-21	5.07e-15	1.78e-09	3.75e-05	1.00e+00	1.38e-06	0.00e+00
 1.74647e+14	1.58e-28	2.80e-21	6.23e-15	2.04e-09	4.01e-05	1.00e+00	1.29e-06	0.00e+00
 1.80192e+14	2.16e-28	3.59e-21	7.51e-15	2.31e-09	4.27e-05	1.00e+00	1.21e-06	0.00e+00
 1.86250e+14	3.01e-28	4.69e-21	9.16e-15	2.63e-09	4.55e-05	1.00e+00	1.13e-06	0.00e+00
 1.93085e+14	4.30e-28	6.23e-21	1.14e-14	3.04e-09	4.89e-05	1.00e+00	1.05e-06	0.00e+00
 1.99648e+14	5.92e-28	8.07e-21	1.39e-14	3.47e-09	5.23e-05	1.00e+00	9.85e-07	0.00e+00
 2.06871e+14	8.43e-28	1.07e-20	1.71e-14	4.00e-09	5.61e-05	1.00e+00	0.00e+00	0.00e+00
 2.14987e+14	1.24e-27	1.46e-20	2.16e-14	4.66e-09	6.06e-05	1.00e+00	0.00e+00	0.00e+00
 2.22772e+14	1.74e-27	1.92e-20	2.67e-14	5.37e-09	6.51e-05	1.00e+00	0.00e+00	0.00e+00
 2.31057e+14	2.51e-27	2.57e-20	3.32e-14	6.21e-09	6.99e-05	1.00e+00	0.00e+00	0.00e+00
 2.40329e+14	3.64e-27	3.48e-20	4.19e-14	7.26e-09	7.57e-05	1.00e+00	0.00e+00	0.00e+00
 2.48896e+14	5.16e-27	4.60e-20	5.17e-14	8.35e-09	8.12e-05	1.00e+00	0.00e+00	0.00e+00
 2.56309e+14	6.80e-27	5.75e-20	6.16e-14	9.39e-09	8.61e-05	1.00e+00	0.00e+00	0.00e+00
 2.64526e+14	9.34e-27	7.41e-20	7.44e-14	1.06e-08	9.17e-05	1.00e+00	0.00e+00	0.00e+00
 2.74569e+14	1.33e-26	9.86e-20	9.30e-14	1.24e-08	9.89e-05	1.00e+00	0.00e+00	0.00e+00
 2.84742e+14	1.88e-26	1.31e-19	1.16e-13	1.43e-08	1.06e-04	1.00e+00	0.00e+00	0.00e+00
 2.93879e+14	2.55e-26	1.67e-19	1.40e-13	1.62e-08	1.13e-04	1.00e+00	0.00e+00	0.00e+00
 3.03914e+14	3.57e-26	2.19e-19	1.71e-13	1.85e-08	1.21e-04	1.00e+00	0.00e+00	0.00e+00
 3.15792e+14	5.09e-26	2.93e-19	2.14e-13	2.16e-08	1.31e-04	1.00e+00	0.00e+00	0.00e+00
 3.27463e+14	7.18e-26	3.87e-19	2.66e-13	2.50e-08	1.41e-04	1.00e+00	0.00e+00	0.00e+00
 3.38104e+14	9.86e-26	4.99e-19	3.22e-13	2.84e-08	1.50e-04	1.00e+00	0.00e+00	0.00e+00
 3.50010e+14	1.35e-25	6.48e-19	3.96e-13	3.26e-08	1.61e-04	1.00e+00	0.00e+00	0.00e+00
 3.63890e+14	1.96e-25	8.74e-19	4.99e-13	3.81e-08	1.75e-04	1.00e+00	0.00e+00	0.00e+00
 3.77539e+14	2.78e-25	1.16e-18	6.22e-13	4.41e-08	1.88e-04	1.00e+00	0.00e+00	0.00e+00
 3.90432e+14	3.87e-25	1.51e-18	7.60e-13	5.04e-08	2.01e-04	1.00e+00	0.00e+00	0.00e+00
 4.04778e+14	5.35e-25	1.98e-18	9.42e-13	5.82e-08	2.17e-04	1.00e+00	0.00e+00	0.00e+00
 4.20999e+14	7.86e-25	2.70e-18	1.19e-12	6.81e-08	2.34e-04	1.00e+00	0.00e+00	0.00e+00
 4.37245e+14	1.10e-24	3.57e-18	1.49e-12	7.93e-08	2.53e-04	1.00e+00	0.00e+00	0.00e+00
 4.52440e+14	1.54e-24	4.67e-18	1.83e-12	9.08e-08	2.71e-04	1.00e+00	0.00e+00	0.00e+00
 4.68867e+14	2.11e-24	6.08e-18	2.26e-12	1.05e-07	2.92e-04	1.00e+00	0.00e+00	0.00e+00
 4.87245e+14	3.07e-24	8.21e-18	2.84e-12	1.22e-07	3.15e-04	1.00e+00	0.00e+00	0.00e+00
 5.04437e+14	4.13e-24	1.05e-17	3.49e-12	1.40e-07	3.38e-04	1.00e+00	0.00e+00	0.00e+00
 5.20322e+14	5.52e-24	1.33e-17	4.20e-12	1.59e-07	3.60e-04	1.00e+00	0.00e+00	0.00e+00
 5.35555e+14	7.32e-24	1.67e-17	4.99e-12	1.78e-07	3.82e-04	1.00e+00	0.00e+00	0.00e+00
 5.52508e+14	9.75e-24	2.12e-17	6.00e-12	2.02e-07	4.06e-04	1.00e+00	0.00e+00	0.00e+00
 5.71265e+14	1.30e-23	2.70e-17	7.32e-12	2.31e-07	4.35e-04	1.00e+00	0.00e+00	0.00e+00
 5.88691e+14	1.75e-23	3.42e-17	8.76e-12	2.60e-07	4.62e-04	1.00e+00	0.00e+00	0.00e+00
 6.07667e+14	2.30e-23	4.30e-17	1.06e-11	2.95e-07	4.93e-04	1.00e+00	0.00e+00	0.00e+00
 6.28996e+14	3.19e-23	5.61e-17	1.30e-11	3.39e-07	5.29e-04	9.99e-01	0.00e+00	0.00e+00
 6.49429e+14	4.16e-23	7.03e-17	1.57e-11	3.85e-07	5.65e-04	9.99e-01	0.00e+00	0.00e+00
 6.72033e+14	5.73e-23	9.13e-17	1.92e-11	4.41e-07	6.05e-04	9.99e-01	0.00e+00	0.00e+00
 6.96899e+14	8.07e-23	1.21e-16	2.39e-11	5.10e-07	6.51e-04	9.99e-01	0.00e+00	0.00e+00
 7.19730e+14	1.06e-22	1.51e-16	2.89e-11	5.80e-07	6.96e-04	9.99e-01	0.00e+00	0.00e+00
 7.44434e+14	1.46e-22	1.97e-16	3.53e-11	6.64e-07	7.44e-04	9.99e-01	0.00e+00	0.00e+00
 7.72080e+14	1.99e-22	2.56e-16	4.38e-11	7.68e-07	8.02e-04	9.99e-01	0.00e+00	0.00e+00
 7.98028e+14	2.71e-22	3.29e-16	5.33e-11	8.76e-07	8.58e-04	9.99e-01	0.00e+00	0.00e+00
 8.26238e+14	3.65e-22	4.22e-16	6.55e-11	1.01e-06	9.21e-04	9.99e-01	0.00e+00	0.00e+00
 8.57556e+14	5.15e-22	5.60e-16	8.17e-11	1.17e-06	9.93e-04	9.99e-01	0.00e+00	0.00e+00
 8.86901e+14	6.82e-22	7.10e-16	9.96e-11	1.34e-06	1.06e-03	9.99e-01	0.00e+00	0.00e+00
 9.18904e+14	9.46e-22	9.29e-16	1.23e-10	1.54e-06	1.14e-03	9.99e-01	0.00e+00	0.00e+00
 9.54647e+14	1.29e-21	1.21e-15	1.54e-10	1.79e-06	1.24e-03	9.99e-01	0.00e+00	0.00e+00
 9.88366e+14	1.78e-21	1.58e-15	1.89e-10	2.06e-06	1.33e-03	9.99e-01	0.00e+00	0.00e+00
 1.02448e+15	2.40e-21	2.03e-15	2.34e-10	2.38e-06	1.43e-03	9.99e-01	0.00e+00	0.00e+00
 1.06466e+15	3.38e-21	2.70e-15	2.94e-10	2.77e-06	1.55e-03	9.98e-01	0.00e+00	0.00e+00
 1.10382e+15	4.52e-21	3.46e-15	3.63e-10	3.20e-06	1.67e-03	9.98e-01	0.00e+00	0.00e+00
 1.14538e+15	6.29e-21	4.56e-15	4.52e-10	3.71e-06	1.81e-03	9.98e-01	0.00e+00	0.00e+00
 1.19122e+15	8.59e-21	5.97e-15	5.69e-10	4.34e-06	1.96e-03	9.98e-01	0.00e+00	0.00e+00
 1.23621e+15	1.19e-20	7.83e-15	7.08e-10	5.04e-06	2.12e-03	9.98e-01	0.00e+00	0.00e+00
 1.27330e+15	1.50e-20	9.56e-15	8.42e-10	5.67e-06	2.26e-03	9.98e-01	0.00e+00	0.00e+00
 1.30306e+15	1.82e-20	1.13e-14	9.64e-10	6.22e-06	2.38e-03	9.98e-01	0.00e+00	0.00e+00
 1.33590e+15	2.25e-20	1.35e-14	1.12e-09	6.87e-06	2.50e-03	9.97e-01	0.00e+00	0.00e+00
 1.37860e+15	2.89e-20	1.67e-14	1.34e-09	7.80e-06	2.68e-03	9.97e-01	0.00e+00	0.00e+00
 1.42442e+15	3.77e-20	2.10e-14	1.63e-09	8.89e-06	2.88e-03	9.97e-01	0.00e+00	0.00e+00
 1.46516e+15	4.79e-20	2.57e-14	1.92e-09	9.96e-06	3.05e-03	9.97e-01	0.00e+00	0.00e+00
 1.50899e+15	6.01e-20	3.14e-14	2.28e-09	1.12e-05	3.26e-03	9.97e-01	0.00e+00	0.00e+00
 1.56445e+15	8.03e-20	4.03e-14	2.82e-09	1.29e-05	3.53e-03	9.96e-01	0.00e+00	0.00e+00
 1.62070e+15	1.08e-19	5.17e-14	3.47e-09	1.49e-05	3.80e-03	9.96e-01	0.00e+00	0.00e+00
 1.66871e+15	1.36e-19	6.32e-14	4.11e-09	1.68e-05	4.06e-03	9.96e-01	0.00e+00	0.00e+00
 1.72035e+15	1.73e-19	7.79e-14	4.92e-09	1.89e-05	4.34e-03	9.96e-01	0.00e+00	0.00e+00
 1.78455e+15	2.30e-19	9.99e-14	6.09e-09	2.19e-05	4.70e-03	9.95e-01	0.00e+00	0.00e+00
 1.84997e+15	3.07e-19	1.28e-13	7.53e-09	2.53e-05	5.09e-03	9.95e-01	0.00e+00	0.00e+00
 1.90758e+15	3.90e-19	1.58e-13	9.01e-09	2.86e-05	5.45e-03	9.95e-01	0.00e+00	0.00e+00
 1.97011e+15	5.08e-19	1.98e-13	1.09e-08	3.26e-05	5.85e-03	9.94e-01	0.00e+00	0.00e+00
 2.04558e+15	6.83e-19	2.57e-13	1.36e-08	3.79e-05	6.36e-03	9.94e-01	0.00e+00	0.00e+00
 2.12031e+15	9.05e-19	3.28e-13	1.68e-08	4.38e-05	6.90e-03	9.93e-01	0.00e+00	0.00e+00
 2.18661e+15	1.16e-18	4.07e-13	2.01e-08	4.95e-05	7.38e-03	9.93e-01	0.00e+00	0.00e+00
 2.25950e+15	1.50e-18	5.10e-13	2.44e-08	5.64e-05	7.95e-03	9.92e-01	0.00e+00	0.00e+00
 2.34673e+15	2.03e-18	6.63e-13	3.05e-08	6.56e-05	8.65e-03	9.91e-01	0.00e+00	0.00e+00
 2.43368e+15	2.72e-18	8.54e-13	3.79e-08	7.59e-05	9.38e-03	9.91e-01	0.00e+00	0.00e+00
 2.51313e+15	3.54e-18	1.07e-12	4.58e-08	8.63e-05	1.01e-02	9.90e-01	0.00e+00	0.00e+00
 2.60176e+15	4.69e-18	1.37e-12	5.63e-08	9.91e-05	1.09e-02	9.89e-01	0.00e+00	0.00e+00
 2.70491e+15	6.42e-18	1.80e-12	7.10e-08	1.16e-04	1.19e-02	9.88e-01	0.00e+00	0.00e+00
 2.80646e+15	8.69e-18	2.33e-12	8.84e-08	1.34e-04	1.29e-02	9.87e-01	0.00e+00	0.00e+00
 2.90301e+15	1.15e-17	2.96e-12	1.08e-07	1.53e-04	1.39e-02	9.86e-01	0.00e+00	0.00e+00
 2.98741e+15	1.45e-17	3.64e-12	1.28e-07	1.72e-04	1.48e-02	9.85e-01	0.00e+00	0.00e+00
 3.05731e+15	1.76e-17	4.29e-12	1.47e-07	1.88e-04	1.56e-02	9.84e-01	0.00e+00	0.00e+00
 3.13448e+15	2.17e-17	5.13e-12	1.71e-07	2.08e-04	1.64e-02	9.83e-01	0.00e+00	0.00e+00
 3.23481e+15	2.82e-17	6.43e-12	2.07e-07	2.36e-04	1.76e-02	9.82e-01	0.00e+00	0.00e+00
 3.34018e+15	3.63e-17	8.03e-12	2.51e-07	2.68e-04	1.89e-02	9.81e-01	0.00e+00	0.00e+00
 3.43079e+15	4.65e-17	9.86e-12	2.94e-07	2.98e-04	2.01e-02	9.80e-01	0.00e+00	0.00e+00
 3.52731e+15	5.91e-17	1.21e-11	3.48e-07	3.33e-04	2.13e-02	9.78e-01	0.00e+00	0.00e+00
 3.65279e+15	8.01e-17	1.57e-11	4.30e-07	3.83e-04	2.30e-02	9.77e-01	0.00e+00	0.00e+00
 3.78195e+15	1.08e-16	2.02e-11	5.31e-07	4.40e-04	2.49e-02	9.75e-01	0.00e+00	0.00e+00
 3.88942e+15	1.49e-16	2.48e-11	6.29e-07	4.92e-04	2.64e-02	9.73e-01	0.00e+00	0.00e+00
 4.00264e+15	1.91e-16	3.07e-11	7.48e-07	5.52e-04	2.81e-02	9.71e-01	0.00e+00	0.00e+00
 4.14798e+15	2.62e-16	4.01e-11	9.29e-07	6.36e-04	3.04e-02	9.69e-01	0.00e+00	0.00e+00
 4.30112e+15	3.50e-16	5.16e-11	1.16e-06	7.35e-04	3.29e-02	9.66e-01	0.00e+00	0.00e+00
 4.43701e+15	4.65e-16	6.54e-11	1.40e-06	8.33e-04	3.52e-02	9.64e-01	0.00e+00	0.00e+00
 4.58445e+15	6.22e-16	8.36e-11	1.71e-06	9.48e-04	3.77e-02	9.61e-01	0.00e+00	0.00e+00
 4.76116e+15	9.07e-16	1.13e-10	2.15e-06	1.10e-03	4.10e-02	9.58e-01	0.00e+00	0.00e+00
 4.93631e+15	1.25e-15	1.48e-10	2.68e-06	1.27e-03	4.42e-02	9.54e-01	0.00e+00	0.00e+00
 5.09420e+15	1.63e-15	1.86e-10	3.25e-06	1.44e-03	4.73e-02	9.51e-01	0.00e+00	0.00e+00
 5.26923e+15	2.21e-15	2.41e-10	3.99e-06	1.65e-03	5.08e-02	9.48e-01	0.00e+00	0.00e+00
 5.47554e+15	3.29e-15	3.30e-10	5.06e-06	1.92e-03	5.51e-02	9.43e-01	0.00e+00	0.00e+00
 5.67953e+15	4.56e-15	4.34e-10	6.32e-06	2.22e-03	5.95e-02	9.38e-01	0.00e+00	0.00e+00
 5.86966e+15	6.21e-15	5.61e-10	7.73e-06	2.53e-03	6.38e-02	9.34e-01	0.00e+00	0.00e+00
 6.08246e+15	8.40e-15	7.27e-10	9.61e-06	2.92e-03	6.87e-02	9.28e-01	0.00e+00	0.00e+00
 6.32579e+15	1.27e-14	1.01e-09	1.22e-05	3.41e-03	7.46e-02	9.22e-01	0.00e+00	0.00e+00
 6.56442e+15	1.80e-14	1.34e-09	1.54e-05	3.95e-03	8.04e-02	9.16e-01	0.00e+00	0.00e+00
 6.75792e+15	2.37e-14	1.69e-09	1.83e-05	4.43e-03	8.54e-02	9.10e-01	0.00e+00	0.00e+00
 6.90909e+15	2.92e-14	2.00e-09	2.10e-05	4.84e-03	8.93e-02	9.06e-01	0.00e+00	0.00e+00
 7.07528e+15	3.66e-14	2.41e-09	2.43e-05	5.31e-03	9.37e-02	9.01e-01	0.00e+00	0.00e+00
 7.29134e+15	4.70e-14	3.00e-09	2.92e-05	5.98e-03	9.95e-02	8.95e-01	0.00e+00	0.00e+00
 7.52545e+15	6.59e-14	3.92e-09	3.55e-05	6.79e-03	1.06e-01	8.87e-01	0.00e+00	0.00e+00
 7.73454e+15	8.58e-14	4.86e-09	4.19e-05	7.56e-03	1.12e-01	8.80e-01	0.00e+00	0.00e+00
 7.95791e+15	1.12e-13	6.06e-09	4.99e-05	8.45e-03	1.18e-01	8.73e-01	0.00e+00	0.00e+00
 8.24585e+15	1.59e-13	8.07e-09	6.21e-05	9.73e-03	1.27e-01	8.63e-01	0.00e+00	0.00e+00
 8.53819e+15	2.13e-13	1.04e-08	7.67e-05	1.11e-02	1.36e-01	8.53e-01	0.00e+00	0.00e+00
 8.78019e+15	2.81e-13	1.30e-08	9.11e-05	1.24e-02	1.43e-01	8.44e-01	0.00e+00	0.00e+00
 9.03633e+15	3.82e-13	1.66e-08	1.09e-04	1.39e-02	1.52e-01	8.34e-01	0.00e+00	0.00e+00
 9.36474e+15	5.46e-13	2.22e-08	1.36e-04	1.60e-02	1.62e-01	8.21e-01	0.00e+00	0.00e+00
 9.70059e+15	7.59e-13	2.91e-08	1.68e-04	1.84e-02	1.73e-01	8.08e-01	0.00e+00	0.00e+00
 9.98740e+15	9.83e-13	3.63e-08	2.01e-04	2.06e-02	1.83e-01	7.96e-01	0.00e+00	0.00e+00
 1.02970e+16	1.32e-12	4.62e-08	2.43e-04	2.32e-02	1.94e-01	7.83e-01	0.00e+00	0.00e+00
 1.06814e+16	1.98e-12	6.36e-08	3.06e-04	2.68e-02	2.07e-01	7.66e-01	0.00e+00	0.00e+00
 1.10614e+16	2.78e-12	8.40e-08	3.79e-04	3.07e-02	2.20e-01	7.49e-01	0.00e+00	0.00e+00
 1.13837e+16	3.68e-12	1.06e-07	4.52e-04	3.43e-02	2.32e-01	7.34e-01	0.00e+00	0.00e+00
 1.17328e+16	4.98e-12	1.35e-07	5.46e-04	3.85e-02	2.44e-01	7.17e-01	0.00e+00	0.00e+00
 1.21688e+16	6.82e-12	1.77e-07	6.83e-04	4.43e-02	2.59e-01	6.96e-01	0.00e+00	0.00e+00
 1.25980e+16	1.01e-11	2.41e-07	8.50e-04	5.07e-02	2.75e-01	6.74e-01	0.00e+00	0.00e+00
 1.29441e+16	1.32e-11	3.01e-07	1.01e-03	5.62e-02	2.87e-01	6.56e-01	0.00e+00	0.00e+00
 1.33018e+16	1.73e-11	3.75e-07	1.19e-03	6.24e-02	2.99e-01	6.37e-01	0.00e+00	0.00e+00
 1.37667e+16	2.35e-11	4.87e-07	1.48e-03	7.11e-02	3.15e-01	6.13e-01	0.00e+00	0.00e+00
 1.42121e+16	3.41e-11	6.52e-07	1.82e-03	8.04e-02	3.30e-01	5.88e-01	0.00e+00	0.00e+00
 1.45211e+16	4.22e-11	7.77e-07	2.08e-03	8.72e-02	3.40e-01	5.71e-01	0.00e+00	0.00e+00
 1.48116e+16	5.20e-11	9.20e-07	2.36e-03	9.41e-02	3.49e-01	5.54e-01	0.00e+00	0.00e+00
 1.51893e+16	6.71e-11	1.13e-06	2.78e-03	1.04e-01	3.61e-01	5.33e-01	0.00e+00	0.00e+00
 1.56031e+16	8.97e-11	1.44e-06	3.31e-03	1.15e-01	3.73e-01	5.09e-01	0.00e+00	0.00e+00
 1.59784e+16	1.15e-10	1.76e-06	3.86e-03	1.25e-01	3.83e-01	4.88e-01	0.00e+00	0.00e+00
 1.63810e+16	1.44e-10	2.14e-06	4.55e-03	1.38e-01	3.93e-01	4.65e-01	0.00e+00	0.00e+00
 1.68231e+16	2.01e-10	2.77e-06	5.45e-03	1.52e-01	4.04e-01	4.38e-01	0.00e+00	0.00e+00
 1.72128e+16	2.58e-10	3.39e-06	6.34e-03	1.66e-01	4.12e-01	4.16e-01	0.00e+00	0.00e+00
 1.75570e+16	3.18e-10	4.03e-06	7.25e-03	1.79e-01	4.18e-01	3.96e-01	0.00e+00	0.00e+00
 1.79455e+16	3.96e-10	4.84e-06	8.43e-03	1.94e-01	4.25e-01	3.73e-01	0.00e+00	0.00e+00
 1.83766e+16	5.46e-10	6.22e-06	9.99e-03	2.12e-01	4.31e-01	3.48e-01	0.00e+00	0.00e+00
 1.87682e+16	6.90e-10	7.52e-06	1.16e-02	2.29e-01	4.34e-01	3.25e-01	0.00e+00	0.00e+00
 1.91248e+16	8.39e-10	8.87e-06	1.32e-02	2.45e-01	4.36e-01	3.05e-01	0.00e+00	0.00e+00
 1.94764e+16	1.05e-09	1.06e-05	1.51e-02	2.62e-01	4.37e-01	2.86e-01	0.00e+00	0.00e+00
 1.98240e+16	1.39e-09	1.31e-05	1.73e-02	2.80e-01	4.37e-01	2.65e-01	0.00e+00	0.00e+00
 2.01604e+16	1.70e-09	1.55e-05	1.97e-02	2.98e-01	4.36e-01	2.47e-01	0.00e+00	0.00e+00
 2.05374e+16	2.23e-09	1.92e-05	2.28e-02	3.19e-01	4.32e-01	2.26e-01	0.00e+00	0.00e+00
 2.09252e+16	2.83e-09	2.32e-05	2.64e-02	3.41e-01	4.27e-01	2.06e-01	0.00e+00	0.00e+00
 2.12437e+16	3.39e-09	2.70e-05	2.97e-02	3.59e-01	4.21e-01	1.90e-01	0.00e+00	0.00e+00
 2.15310e+16	4.13e-09	3.16e-05	3.33e-02	3.77e-01	4.15e-01	1.75e-01	0.00e+00	0.00e+00
 2.18611e+16	5.21e-09	3.80e-05	3.80e-02	3.98e-01	4.05e-01	1.58e-01	0.00e+00	0.00e+00
 2.22076e+16	6.67e-09	4.61e-05	4.35e-02	4.20e-01	3.94e-01	1.42e-01	0.00e+00	0.00e+00
 2.24953e+16	8.34e-09	5.48e-05	4.89e-02	4.39e-01	3.83e-01	1.28e-01	0.00e+00	0.00e+00
 2.27412e+16	1.02e-08	6.39e-05	5.41e-02	4.56e-01	3.73e-01	1.17e-01	0.00e+00	0.00e+00
 2.29680e+16	1.22e-08	7.36e-05	5.95e-02	4.72e-01	3.62e-01	1.07e-01	0.00e+00	0.00e+00
 2.31838e+16	1.53e-08	8.67e-05	6.54e-02	4.87e-01	3.51e-01	9.70e-02	0.00e+00	0.00e+00
 2.33840e+16	1.81e-08	9.87e-05	7.13e-02	5.01e-01	3.39e-01	8.86e-02	0.00e+00	0.00e+00
 2.35978e+16	2.10e-08	1.11e-04	7.81e-02	5.16e-01	3.26e-01	7.99e-02	0.00e+00	0.00e+00
 2.38757e+16	2.91e-08	1.41e-04	8.90e-02	5.36e-01	3.07e-01	6.82e-02	0.00e+00	0.00e+00
 2.41369e+16	3.59e-08	1.66e-04	9.97e-02	5.53e-01	2.88e-01	5.89e-02	0.00e+00	0.00e+00
 2.43184e+16	4.34e-08	1.91e-04	1.08e-01	5.65e-01	2.74e-01	5.23e-02	0.00e+00	0.00e+00
 2.44709e+16	5.10e-08	2.15e-04	1.16e-01	5.75e-01	2.61e-01	4.69e-02	0.00e+00	0.00e+00
 2.46438e+16	5.83e-08	2.40e-04	1.26e-01	5.87e-01	2.46e-01	4.12e-02	0.00e+00	0.00e+00
 2.48337e+16	7.10e-08	2.78e-04	1.38e-01	5.98e-01	2.28e-01	3.52e-02	0.00e+00	0.00e+00
 2.49976e+16	8.63e-08	3.21e-04	1.49e-01	6.08e-01	2.12e-01	3.02e-02	0.00e+00	0.00e+00
 2.51291e+16	1.07e-07	3.73e-04	1.60e-01	6.15e-01	1.98e-01	2.62e-02	0.00e+00	0.00e+00
 2.52438e+16	1.24e-07	4.13e-04	1.69e-01	6.21e-01	1.86e-01	2.30e-02	0.00e+00	0.00e+00
 2.53704e+16	1.38e-07	4.52e-04	1.80e-01	6.28e-01	1.72e-01	1.98e-02	0.00e+00	0.00e+00
 2.55091e+16	1.74e-07	5.30e-04	1.93e-01	6.34e-01	1.57e-01	1.63e-02	0.00e+00	0.00e+00
 2.56213e+16	1.94e-07	5.75e-04	2.03e-01	6.38e-01	1.44e-01	1.39e-02	0.00e+00	0.00e+00
 2.57091e+16	2.29e-07	6.46e-04	2.12e-01	6.42e-01	1.33e-01	1.20e-02	0.00e+00	0.00e+00
 2.57849e+16	2.47e-07	6.83e-04	2.20e-01	6.44e-01	1.25e-01	1.05e-02	0.00e+00	0.00e+00
 2.58606e+16	2.75e-07	7.39e-04	2.29e-01	6.46e-01	1.15e-01	9.08e-03	0.00e+00	0.00e+00
 2.59385e+16	3.20e-07	8.19e-04	2.38e-01	6.48e-01	1.06e-01	7.70e-03	0.00e+00	0.00e+00
 2.59967e+16	3.47e-07	8.66e-04	2.44e-01	6.49e-01	9.93e-02	6.82e-03	0.00e+00	0.00e+00
 2.60500e+16	3.66e-07	9.03e-04	2.50e-01	6.50e-01	9.30e-02	6.04e-03	0.00e+00	0.00e+00
 2.61192e+16	4.18e-07	9.90e-04	2.59e-01	6.51e-01	8.47e-02	5.05e-03	0.00e+00	0.00e+00
 2.61865e+16	4.58e-07	1.06e-03	2.66e-01	6.51e-01	7.73e-02	4.25e-03	0.00e+00	0.00e+00
 2.62403e+16	4.95e-07	1.12e-03	2.73e-01	6.51e-01	7.14e-02	3.67e-03	0.00e+00	0.00e+00
 2.62993e+16	5.43e-07	1.19e-03	2.80e-01	6.51e-01	6.50e-02	3.07e-03	0.00e+00	0.00e+00
 2.63648e+16	5.96e-07	1.27e-03	2.88e-01	6.50e-01	5.83e-02	2.51e-03	0.00e+00	0.00e+00
 2.64267e+16	6.52e-07	1.35e-03	2.95e-01	6.49e-01	5.23e-02	2.05e-03	0.00e+00	0.00e+00
 2.64953e+16	7.20e-07	1.45e-03	3.03e-01	6.48e-01	4.60e-02	1.61e-03	0.00e+00	0.00e+00
 2.65695e+16	7.99e-07	1.56e-03	3.11e-01	6.46e-01	3.99e-02	1.23e-03	0.00e+00	0.00e+00
 2.66375e+16	8.75e-07	1.66e-03	3.19e-01	6.44e-01	3.48e-02	9.54e-04	0.00e+00	0.00e+00
 2.67123e+16	9.71e-07	1.79e-03	3.27e-01	6.41e-01	2.96e-02	7.05e-04	0.00e+00	0.00e+00
 2.67969e+16	1.08e-06	1.92e-03	3.36e-01	6.37e-01	2.46e-02	5.00e-04	0.00e+00	0.00e+00
 2.68811e+16	1.20e-06	2.07e-03	3.45e-01	6.33e-01	2.04e-02	3.52e-04	0.00e+00	0.00e+00
 2.69775e+16	1.35e-06	2.23e-03	3.54e-01	6.27e-01	1.64e-02	2.33e-04	0.00e+00	0.00e+00
 2.71027e+16	1.56e-06	2.46e-03	3.65e-01	6.20e-01	1.24e-02	1.36e-04	0.00e+00	0.00e+00
 2.72415e+16	1.80e-06	2.70e-03	3.76e-01	6.12e-01	9.15e-03	7.62e-05	0.00e+00	0.00e+00
 2.73977e+16	2.11e-06	2.99e-03	3.89e-01	6.02e-01	6.55e-03	3.99e-05	0.00e+00	0.00e+00
 2.76008e+16	2.55e-06	3.38e-03	4.03e-01	5.89e-01	4.34e-03	1.78e-05	0.00e+00	0.00e+00
 2.78649e+16	3.23e-06	3.93e-03	4.22e-01	5.71e-01	2.65e-03	6.69e-06	0.00e+00	0.00e+00
 2.81541e+16	4.18e-06	4.64e-03	4.42e-01	5.51e-01	1.62e-03	2.50e-06	0.00e+00	0.00e+00
 2.84210e+16	5.35e-06	5.44e-03	4.62e-01	5.31e-01	1.06e-03	1.07e-06	0.00e+00	0.00e+00
 2.86716e+16	6.82e-06	6.37e-03	4.82e-01	5.11e-01	7.27e-04	4.99e-07	0.00e+00	0.00e+00
 2.89562e+16	9.05e-06	7.67e-03	5.06e-01	4.86e-01	4.77e-04	0.00e+00	0.00e+00	0.00e+00
 2.91926e+16	1.17e-05	9.10e-03	5.27e-01	4.63e-01	3.48e-04	0.00e+00	0.00e+00	0.00e+00
 2.93076e+16	1.34e-05	9.93e-03	5.38e-01	4.51e-01	2.98e-04	0.00e+00	0.00e+00	0.00e+00
 2.93985e+16	1.49e-05	1.06e-02	5.47e-01	4.42e-01	2.62e-04	0.00e+00	0.00e+00	0.00e+00
 2.95167e+16	1.71e-05	1.17e-02	5.59e-01	4.29e-01	2.21e-04	0.00e+00	0.00e+00	0.00e+00
 2.96704e+16	2.06e-05	1.32e-02	5.75e-01	4.11e-01	1.77e-04	0.00e+00	0.00e+00	0.00e+00
 2.98288e+16	2.51e-05	1.51e-02	5.92e-01	3.92e-01	1.42e-04	0.00e+00	0.00e+00	0.00e+00
 2.99534e+16	2.97e-05	1.69e-02	6.06e-01	3.77e-01	1.19e-04	0.00e+00	0.00e+00	0.00e+00
 3.00558e+16	3.42e-05	1.86e-02	6.18e-01	3.64e-01	1.03e-04	0.00e+00	0.00e+00	0.00e+00
 3.01509e+16	3.90e-05	2.03e-02	6.28e-01	3.51e-01	8.93e-05	0.00e+00	0.00e+00	0.00e+00
 3.02405e+16	4.44e-05	2.22e-02	6.39e-01	3.39e-01	7.81e-05	0.00e+00	0.00e+00	0.00e+00
 3.03284e+16	5.05e-05	2.42e-02	6.49e-01	3.27e-01	6.83e-05	0.00e+00	0.00e+00	0.00e+00
 3.04159e+16	5.76e-05	2.65e-02	6.59e-01	3.14e-01	5.97e-05	0.00e+00	0.00e+00	0.00e+00
 3.05018e+16	6.59e-05	2.90e-02	6.69e-01	3.02e-01	5.21e-05	0.00e+00	0.00e+00	0.00e+00
 3.05847e+16	7.53e-05	3.18e-02	6.79e-01	2.89e-01	4.55e-05	0.00e+00	0.00e+00	0.00e+00
 3.06642e+16	8.59e-05	3.47e-02	6.88e-01	2.77e-01	4.00e-05	0.00e+00	0.00e+00	0.00e+00
 3.07417e+16	9.78e-05	3.80e-02	6.96e-01	2.65e-01	3.50e-05	0.00e+00	0.00e+00	0.00e+00
 3.08179e+16	1.12e-04	4.16e-02	7.05e-01	2.54e-01	3.07e-05	0.00e+00	0.00e+00	0.00e+00
 3.08920e+16	1.28e-04	4.54e-02	7.12e-01	2.42e-01	2.69e-05	0.00e+00	0.00e+00	0.00e+00
 3.09645e+16	1.45e-04	4.97e-02	7.20e-01	2.30e-01	2.36e-05	0.00e+00	0.00e+00	0.00e+00
 3.10349e+16	1.66e-04	5.45e-02	7.26e-01	2.19e-01	2.06e-05	0.00e+00	0.00e+00	0.00e+00
 3.11028e+16	1.90e-04	5.95e-02	7.32e-01	2.08e-01	1.81e-05	0.00e+00	0.00e+00	0.00e+00
 3.11695e+16	2.17e-04	6.51e-02	7.38e-01	1.97e-01	1.58e-05	0.00e+00	0.00e+00	0.00e+00
 3.12350e+16	2.47e-04	7.13e-02	7.42e-01	1.86e-01	1.38e-05	0.00e+00	0.00e+00	0.00e+00
 3.12983e+16	2.83e-04	7.81e-02	7.46e-01	1.75e-01	1.21e-05	0.00e+00	0.00e+00	0.00e+00
 3.13593e+16	3.23e-04	8.53e-02	7.49e-01	1.65e-01	1.06e-05	0.00e+00	0.00e+00	0.00e+00
 3.14195e+16	3.69e-04	9.33e-02	7.51e-01	1.55e-01	9.19e-06	0.00e+00	0.00e+00	0.00e+00
 3.14789e+16	4.21e-04	1.02e-01	7.52e-01	1.45e-01	7.97e-06	0.00e+00	0.00e+00	0.00e+00
 3.15364e+16	4.82e-04	1.12e-01	7.52e-01	1.36e-01	6.91e-06	0.00e+00	0.00e+00	0.00e+00
 3.15920e+16	5.52e-04	1.22e-01	7.50e-01	1.27e-01	5.99e-06	0.00e+00	0.00e+00	0.00e+00
 3.16551e+16	6.44e-04	1.36e-01	7.47e-01	1.16e-01	5.04e-06	0.00e+00	0.00e+00	0.00e+00
 3.17209e+16	7.63e-04	1.52e-01	7.42e-01	1.06e-01	4.18e-06	0.00e+00	0.00e+00	0.00e+00
 3.17747e+16	8.77e-04	1.66e-01	7.36e-01	9.70e-02	3.56e-06	0.00e+00	0.00e+00	0.00e+00
 3.18207e+16	9.95e-04	1.81e-01	7.29e-01	8.98e-02	3.08e-06	0.00e+00	0.00e+00	0.00e+00
 3.18721e+16	1.14e-03	1.98e-01	7.19e-01	8.17e-02	2.59e-06	0.00e+00	0.00e+00	0.00e+00
 3.19296e+16	1.35e-03	2.20e-01	7.06e-01	7.29e-02	2.12e-06	0.00e+00	0.00e+00	0.00e+00
 3.19825e+16	1.58e-03	2.43e-01	6.90e-01	6.51e-02	1.74e-06	0.00e+00	0.00e+00	0.00e+00
 3.20300e+16	1.82e-03	2.66e-01	6.74e-01	5.82e-02	1.44e-06	0.00e+00	0.00e+00	0.00e+00
 3.20829e+16	2.14e-03	2.95e-01	6.52e-01	5.08e-02	1.15e-06	0.00e+00	0.00e+00	0.00e+00
 3.21412e+16	2.57e-03	3.30e-01	6.24e-01	4.30e-02	8.75e-07	0.00e+00	0.00e+00	0.00e+00
 3.21940e+16	3.06e-03	3.67e-01	5.94e-01	3.64e-02	0.00e+00	0.00e+00	0.00e+00	0.00e+00
 3.22414e+16	3.60e-03	4.03e-01	5.63e-01	3.08e-02	0.00e+00	0.00e+00	0.00e+00	0.00e+00
 3.22943e+16	4.31e-03	4.47e-01	5.24e-01	2.50e-02	0.00e+00	0.00e+00	0.00e+00	0.00e+00
 3.23505e+16	5.26e-03	4.99e-01	4.77e-01	1.94e-02	0.00e+00	0.00e+00	0.00e+00	0.00e+00
 3.23955e+16	6.19e-03	5.44e-01	4.34e-01	1.54e-02	0.00e+00	0.00e+00	0.00e+00	0.00e+00
 3.24298e+16	6.99e-03	5.80e-01	4.01e-01	1.27e-02	0.00e+00	0.00e+00	0.00e+00	0.00e+00
 3.24656e+16	7.98e-03	6.18e-01	3.64e-01	1.02e-02	0.00e+00	0.00e+00	0.00e+00	0.00e+00
 3.25060e+16	9.27e-03	6.62e-01	3.21e-01	7.67e-03	0.00e+00	0.00e+00	0.00e+00	0.00e+00
 3.25425e+16	1.07e-02	7.03e-01	2.81e-01	5.77e-03	0.00e+00	0.00e+00	0.00e+00	0.00e+00
 3.25728e+16	1.20e-02	7.36e-01	2.48e-01	4.46e-03	0.00e+00	0.00e+00	0.00e+00	0.00e+00
 3.26047e+16	1.36e-02	7.69e-01	2.14e-01	3.31e-03	0.00e+00	0.00e+00	0.00e+00	0.00e+00
 3.26393e+16	1.55e-02	8.03e-01	1.79e-01	2.32e-03	0.00e+00	0.00e+00	0.00e+00	0.00e+00
 3.26690e+16	1.75e-02	8.31e-01	1.50e-01	1.65e-03	0.00e+00	0.00e+00	0.00e+00	0.00e+00
 3.26933e+16	1.94e-02	8.51e-01	1.28e-01	1.22e-03	0.00e+00	0.00e+00	0.00e+00	0.00e+00
 3.27190e+16	2.16e-02	8.71e-01	1.07e-01	8.63e-04	0.00e+00	0.00e+00	0.00e+00	0.00e+00
 3.27475e+16	2.43e-02	8.89e-01	8.59e-02	5.72e-04	0.00e+00	0.00e+00	0.00e+00	0.00e+00
 3.27730e+16	2.72e-02	9.03e-01	6.91e-02	3.83e-04	0.00e+00	0.00e+00	0.00e+00	0.00e+00
 3.27944e+16	2.99e-02	9.13e-01	5.67e-02	2.66e-04	0.00e+00	0.00e+00	0.00e+00	0.00e+00
 3.28142e+16	3.26e-02	9.20e-01	4.68e-02	1.86e-04	0.00e+00	0.00e+00	0.00e+00	0.00e+00
 3.28366e+16	3.62e-02	9.27e-01	3.70e-02	1.21e-04	0.00e+00	0.00e+00	0.00e+00	0.00e+00
 3.28599e+16	4.03e-02	9.31e-01	2.86e-02	7.57e-05	0.00e+00	0.00e+00	0.00e+00	0.00e+00
 3.28784e+16	4.41e-02	9.33e-01	2.28e-02	5.05e-05	0.00e+00	0.00e+00	0.00e+00	0.00e+00
 3.28934e+16	4.75e-02	9.34e-01	1.89e-02	3.60e-05	0.00e+00	0.00e+00	0.00e+00	0.00e+00
 3.29091e+16	5.13e-02	9.33e-01	1.54e-02	2.47e-05	0.00e+00	0.00e+00	0.00e+00	0.00e+00
 3.29262e+16	5.59e-02	9.32e-01	1.22e-02	1.62e-05	0.00e+00	0.00e+00	0.00e+00	0.00e+00
 3.29419e+16	6.04e-02	9.30e-01	9.75e-03	1.08e-05	0.00e+00	0.00e+00	0.00e+00	0.00e+00
 3.29560e+16	6.51e-02	9.27e-01	7.90e-03	7.38e-06	0.00e+00	0.00e+00	0.00e+00	0.00e+00
 3.29691e+16	6.96e-02	9.24e-01	6.46e-03	5.13e-06	0.00e+00	0.00e+00	0.00e+00	0.00e+00
 3.29810e+16	7.41e-02	9.21e-01	5.35e-03	3.65e-06	0.00e+00	0.00e+00	0.00e+00	0.00e+00
 3.29919e+16	7.85e-02	9.17e-01	4.48e-03	2.65e-06	0.00e+00	0.00e+00	0.00e+00	0.00e+00
 3.30022e+16	8.28e-02	9.13e-01	3.77e-03	1.94e-06	0.00e+00	0.00e+00	0.00e+00	0.00e+00
 3.30099e+16	8.56e-02	9.11e-01	3.32e-03	1.54e-06	0.00e+00	0.00e+00	0.00e+00	0.00e+00
 3.30149e+16	8.84e-02	9.09e-01	3.05e-03	1.32e-06	0.00e+00	0.00e+00	0.00e+00	0.00e+00
 3.30196e+16	9.07e-02	9.07e-01	2.81e-03	1.13e-06	0.00e+00	0.00e+00	0.00e+00	0.00e+00
 3.30252e+16	9.35e-02	9.04e-01	2.54e-03	9.43e-07	0.00e+00	0.00e+00	0.00e+00	0.00e+00
 3.30311e+16	9.66e-02	9.01e-01	2.28e-03	0.00e+00	0.00e+00	0.00e+00	0.00e+00	0.00e+00
 3.30368e+16	9.97e-02	8.98e-01	2.06e-03	0.00e+00	0.00e+00	0.00e+00	0.00e+00	0.00e+00
 3.30421e+16	1.03e-01	8.96e-01	1.87e-03	0.00e+00	0.00e+00	0.00e+00	0.00e+00	0.00e+00
 3.30475e+16	1.06e-01	8.93e-01	1.69e-03	0.00e+00	0.00e+00	0.00e+00	0.00e+00	0.00e+00
 3.30528e+16	1.09e-01	8.90e-01	1.53e-03	0.00e+00	0.00e+00	0.00e+00	0.00e+00	0.00e+00
 3.30580e+16	1.12e-01	8.87e-01	1.38e-03	0.00e+00	0.00e+00	0.00e+00	0.00e+00	0.00e+00
 3.30632e+16	1.15e-01	8.83e-01	1.25e-03	0.00e+00	0.00e+00	0.00e+00	0.00e+00	0.00e+00
 3.30683e+16	1.19e-01	8.80e-01	1.13e-03	0.00e+00	0.00e+00	0.00e+00	0.00e+00	0.00e+00
 3.30734e+16	1.22e-01	8.76e-01	1.02e-03	0.00e+00	0.00e+00	0.00e+00	0.00e+00	0.00e+00
 3.30784e+16	1.26e-01	8.73e-01	9.22e-04	0.00e+00	0.00e+00	0.00e+00	0.00e+00	0.00e+00
 3.30833e+16	1.30e-01	8.69e-01	8.35e-04	0.00e+00	0.00e+00	0.00e+00	0.00e+00	0.00e+00
 3.30882e+16	1.34e-01	8.66e-01	7.53e-04	0.00e+00	0.00e+00	0.00e+00	0.00e+00	0.00e+00
 3.30930e+16	1.38e-01	8.61e-01	6.81e-04	0.00e+00	0.00e+00	0.00e+00	0.00e+00	0.00e+00
 3.30978e+16	1.42e-01	8.57e-01	6.15e-04	0.00e+00	0.00e+00	0.00e+00	0.00e+00	0.00e+00
 3.31025e+16	1.47e-01	8.53e-01	5.55e-04	0.00e+00	0.00e+00	0.00e+00	0.00e+00	0.00e+00
 3.31071e+16	1.51e-01	8.48e-01	5.01e-04	0.00e+00	0.00e+00	0.00e+00	0.00e+00	0.00e+00
 3.31118e+16	1.56e-01	8.44e-01	4.52e-04	0.00e+00	0.00e+00	0.00e+00	0.00e+00	0.00e+00
 3.31163e+16	1.61e-01	8.39e-01	4.08e-04	0.00e+00	0.00e+00	0.00e+00	0.00e+00	0.00e+00
 3.31207e+16	1.66e-01	8.33e-01	3.68e-04	0.00e+00	0.00e+00	0.00e+00	0.00e+00	0.00e+00
 3.31251e+16	1.72e-01	8.28e-01	3.32e-04	0.00e+00	0.00e+00	0.00e+00	0.00e+00	0.00e+00
 3.31295e+16	1.78e-01	8.22e-01	2.99e-04	0.00e+00	0.00e+00	0.00e+00	0.00e+00	0.00e+00
 3.31338e+16	1.84e-01	8.16e-01	2.69e-04	0.00e+00	0.00e+00	0.00e+00	0.00e+00	0.00e+00
 3.31380e+16	1.91e-01	8.09e-01	2.43e-04	0.00e+00	0.00e+00	0.00e+00	0.00e+00	0.00e+00
 3.31422e+16	1.97e-01	8.02e-01	2.19e-04	0.00e+00	0.00e+00	0.00e+00	0.00e+00	0.00e+00
 3.31464e+16	2.05e-01	7.95e-01	1.97e-04	0.00e+00	0.00e+00	0.00e+00	0.00e+00	0.00e+00
 3.31505e+16	2.12e-01	7.88e-01	1.77e-04	0.00e+00	0.00e+00	0.00e+00	0.00e+00	0.00e+00
 3.31545e+16	2.21e-01	7.79e-01	1.59e-04	0.00e+00	0.00e+00	0.00e+00	0.00e+00	0.00e+00
 3.31584e+16	2.29e-01	7.71e-01	1.43e-04	0.00e+00	0.00e+00	0.00e+00	0.00e+00	0.00e+00
 3.31622e+16	2.39e-01	7.61e-01	1.28e-04	0.00e+00	0.00e+00	0.00e+00	0.00e+00	0.00e+00
 3.31660e+16	2.49e-01	7.51e-01	1.15e-04	0.00e+00	0.00e+00	0.00e+00	0.00e+00	0.00e+00
 3.31696e+16	2.60e-01	7.40e-01	1.04e-04	0.00e+00	0.00e+00	0.00e+00	0.00e+00	0.00e+00
 3.31732e+16	2.71e-01	7.29e-01	9.34e-05	0.00e+00	0.00e+00	0.00e+00	0.00e+00	0.00e+00
 3.31768e+16	2.83e-01	7.17e-01	8.38e-05	0.00e+00	0.00e+00	0.00e+00	0.00e+00	0.00e+00
 3.31803e+16	2.94e-01	7.06e-01	7.54e-05	0.00e+00	0.00e+00	0.00e+00	0.00e+00	0.00e+00
 3.31837e+16	3.08e-01	6.92e-01	6.76e-05	0.00e+00	0.00e+00	0.00e+00	0.00e+00	0.00e+00
 3.31870e+16	3.21e-01	6.79e-01	6.07e-05	0.00e+00	0.00e+00	0.00e+00	0.00e+00	0.00e+00
 3.31903e+16	3.36e-01	6.64e-01	5.44e-05	0.00e+00	0.00e+00	0.00e+00	0.00e+00	0.00e+00
 3.31935e+16	3.52e-01	6.48e-01	4.87e-05	0.00e+00	0.00e+00	0.00e+00	0.00e+00	0.00e+00
 3.31966e+16	3.68e-01	6.32e-01	4.36e-05	0.00e+00	0.00e+00	0.00e+00	0.00e+00	0.00e+00
 3.31997e+16	3.87e-01	6.13e-01	3.88e-05	0.00e+00	0.00e+00	0.00e+00	0.00e+00	0.00e+00
 3.32028e+16	4.05e-01	5.95e-01	3.47e-05	0.00e+00	0.00e+00	0.00e+00	0.00e+00	0.00e+00
 3.32057e+16	4.24e-01	5.76e-01	3.09e-05	0.00e+00	0.00e+00	0.00e+00	0.00e+00	0.00e+00
