#depth	He	He+	He+2
 1.49634e+10	1.37e-23	1.53e-12	1.00e+00
 4.54887e+10	1.52e-23	1.66e-12	1.00e+00
 7.72350e+10	1.68e-23	1.79e-12	1.00e+00
 1.10251e+11	1.85e-23	1.94e-12	1.00e+00
 1.42442e+11	2.04e-23	2.09e-12	1.00e+00
 1.73096e+11	2.22e-23	2.23e-12	1.00e+00
 2.07123e+11	2.44e-23	2.40e-12	1.00e+00
 2.45334e+11	2.71e-23	2.60e-12	1.00e+00
 2.83856e+11	2.99e-23	2.81e-12	1.00e+00
 3.23919e+11	3.31e-23	3.03e-12	1.00e+00
 3.66803e+11	3.67e-23	3.28e-12	1.00e+00
 4.11402e+11	4.08e-23	3.56e-12	1.00e+00
 4.57784e+11	4.54e-23	3.85e-12	1.00e+00
 5.06023e+11	5.06e-23	4.17e-12	1.00e+00
 5.56190e+11	5.64e-23	4.51e-12	1.00e+00
 6.08365e+11	6.29e-23	4.89e-12	1.00e+00
 6.62626e+11	7.03e-23	5.30e-12	1.00e+00
 7.19058e+11	7.87e-23	5.74e-12	1.00e+00
 7.77747e+11	8.82e-23	6.22e-12	1.00e+00
 8.38784e+11	9.89e-23	6.74e-12	1.00e+00
 8.97870e+11	1.10e-22	7.26e-12	1.00e+00
 9.51912e+11	1.22e-22	7.76e-12	1.00e+00
 1.01188e+12	1.35e-22	8.34e-12	1.00e+00
 1.08165e+12	1.52e-22	9.03e-12	1.00e+00
 1.15076e+12	1.71e-22	9.75e-12	1.00e+00
 1.21718e+12	1.90e-22	1.05e-11	1.00e+00
 1.29033e+12	2.13e-22	1.13e-11	1.00e+00
 1.37187e+12	2.42e-22	1.23e-11	1.00e+00
 1.45473e+12	2.74e-22	1.33e-11	1.00e+00
 1.54092e+12	3.11e-22	1.44e-11	1.00e+00
 1.63248e+12	3.54e-22	1.56e-11	1.00e+00
 1.72771e+12	4.04e-22	1.70e-11	1.00e+00
 1.82674e+12	4.61e-22	1.84e-11	1.00e+00
 1.92974e+12	5.28e-22	2.00e-11	1.00e+00
 2.03685e+12	6.04e-22	2.18e-11	1.00e+00
 2.14826e+12	6.93e-22	2.37e-11	1.00e+00
 2.25278e+12	7.87e-22	2.56e-11	1.00e+00
 2.34589e+12	8.76e-22	2.73e-11	1.00e+00
 2.45028e+12	9.85e-22	2.94e-11	1.00e+00
 2.57442e+12	1.13e-21	3.19e-11	1.00e+00
 2.69940e+12	1.30e-21	3.46e-11	1.00e+00
 2.81620e+12	1.46e-21	3.72e-11	1.00e+00
 2.94558e+12	1.66e-21	4.02e-11	1.00e+00
 3.09333e+12	1.93e-21	4.39e-11	1.00e+00
 3.24010e+12	2.22e-21	4.77e-11	1.00e+00
 3.39274e+12	2.55e-21	5.19e-11	1.00e+00
 3.55838e+12	2.96e-21	5.67e-11	1.00e+00
 3.72694e+12	3.42e-21	6.18e-11	1.00e+00
 3.88388e+12	3.90e-21	6.69e-11	1.00e+00
 4.02877e+12	4.38e-21	7.17e-11	1.00e+00
 4.19450e+12	4.98e-21	7.76e-11	1.00e+00
 4.38890e+12	5.78e-21	8.49e-11	1.00e+00
 4.58150e+12	6.66e-21	9.25e-11	1.00e+00
 4.76185e+12	7.56e-21	1.00e-10	1.00e+00
 4.96230e+12	8.66e-21	1.09e-10	1.00e+00
 5.19072e+12	1.01e-20	1.19e-10	1.00e+00
 5.41581e+12	1.16e-20	1.30e-10	1.00e+00
 5.64991e+12	1.34e-20	1.43e-10	1.00e+00
 5.90583e+12	1.55e-20	1.57e-10	1.00e+00
 6.16331e+12	1.79e-20	1.72e-10	1.00e+00
 6.43108e+12	2.07e-20	1.89e-10	1.00e+00
 6.71825e+12	2.40e-20	2.08e-10	1.00e+00
 7.00363e+12	2.76e-20	2.29e-10	1.00e+00
 7.30042e+12	3.16e-20	2.51e-10	1.00e+00
 7.62236e+12	3.65e-20	2.77e-10	1.00e+00
 7.95718e+12	4.21e-20	3.06e-10	1.00e+00
 8.30540e+12	4.85e-20	3.39e-10	1.00e+00
 8.66754e+12	5.57e-20	3.75e-10	1.00e+00
 8.99450e+12	6.29e-20	4.09e-10	1.00e+00
 9.26593e+12	6.91e-20	4.40e-10	1.00e+00
 9.56286e+12	7.63e-20	4.74e-10	1.00e+00
 9.94027e+12	8.62e-20	5.21e-10	1.00e+00
 1.03346e+13	9.75e-20	5.73e-10	1.00e+00
 1.06828e+13	1.08e-19	6.22e-10	1.00e+00
 1.10053e+13	1.18e-19	6.69e-10	1.00e+00
 1.13711e+13	1.31e-19	7.26e-10	1.00e+00
 1.18243e+13	1.47e-19	8.00e-10	1.00e+00
 1.22769e+13	1.65e-19	8.79e-10	1.00e+00
 1.26651e+13	1.81e-19	9.50e-10	1.00e+00
 1.30842e+13	2.00e-19	1.03e-09	1.00e+00
 1.36025e+13	2.24e-19	1.13e-09	1.00e+00
 1.41350e+13	2.51e-19	1.25e-09	1.00e+00
 1.46170e+13	2.78e-19	1.36e-09	1.00e+00
 1.51481e+13	3.09e-19	1.48e-09	1.00e+00
 1.57722e+13	3.50e-19	1.64e-09	1.00e+00
 1.63955e+13	3.95e-19	1.81e-09	1.00e+00
 1.69888e+13	4.43e-19	1.97e-09	1.00e+00
 1.76434e+13	5.00e-19	2.16e-09	1.00e+00
 1.83791e+13	5.73e-19	2.39e-09	1.00e+00
 1.90413e+13	6.46e-19	2.61e-09	1.00e+00
 1.95884e+13	7.13e-19	2.80e-09	1.00e+00
 2.01860e+13	7.92e-19	3.01e-09	1.00e+00
 2.09493e+13	9.06e-19	3.29e-09	1.00e+00
 2.17195e+13	1.03e-18	3.59e-09	1.00e+00
 2.23568e+13	1.15e-18	3.85e-09	1.00e+00
 2.30297e+13	1.29e-18	4.14e-09	1.00e+00
 2.38933e+13	1.49e-18	4.52e-09	1.00e+00
 2.47985e+13	1.72e-18	4.94e-09	1.00e+00
 2.55914e+13	1.95e-18	5.32e-09	1.00e+00
 2.64442e+13	2.23e-18	5.75e-09	1.00e+00
 2.74797e+13	2.61e-18	6.30e-09	1.00e+00
 2.84815e+13	3.02e-18	6.86e-09	1.00e+00
 2.93242e+13	3.42e-18	7.35e-09	1.00e+00
 3.02311e+13	3.88e-18	7.89e-09	1.00e+00
 3.13735e+13	4.55e-18	8.61e-09	1.00e+00
 3.25465e+13	5.33e-18	9.38e-09	1.00e+00
 3.35671e+13	6.08e-18	1.01e-08	1.00e+00
 3.46653e+13	6.99e-18	1.09e-08	1.00e+00
 3.60067e+13	8.25e-18	1.19e-08	1.00e+00
 3.73561e+13	9.69e-18	1.29e-08	1.00e+00
 3.85599e+13	1.11e-17	1.39e-08	1.00e+00
 3.98825e+13	1.29e-17	1.50e-08	1.00e+00
 4.14576e+13	1.53e-17	1.64e-08	1.00e+00
 4.30313e+13	1.80e-17	1.78e-08	1.00e+00
 4.44939e+13	2.09e-17	1.93e-08	1.00e+00
 4.61295e+13	2.43e-17	2.08e-08	1.00e+00
 4.80046e+13	2.90e-17	2.28e-08	1.00e+00
 4.98620e+13	3.43e-17	2.48e-08	1.00e+00
 5.17938e+13	4.05e-17	2.70e-08	1.00e+00
 5.38955e+13	4.81e-17	2.95e-08	1.00e+00
 5.60812e+13	5.70e-17	3.22e-08	1.00e+00
 5.81524e+13	6.67e-17	3.48e-08	1.00e+00
 6.00160e+13	7.64e-17	3.73e-08	1.00e+00
 6.17639e+13	8.65e-17	3.97e-08	1.00e+00
 6.36988e+13	9.87e-17	4.24e-08	1.00e+00
 6.58704e+13	1.14e-16	4.56e-08	1.00e+00
 6.79378e+13	1.30e-16	4.87e-08	1.00e+00
 7.02136e+13	1.49e-16	5.23e-08	1.00e+00
 7.27538e+13	1.73e-16	5.64e-08	1.00e+00
 7.50992e+13	1.98e-16	6.03e-08	1.00e+00
 7.72736e+13	2.23e-16	6.40e-08	1.00e+00
 7.97640e+13	2.54e-16	6.84e-08	1.00e+00
 8.28101e+13	2.97e-16	7.40e-08	1.00e+00
 8.58467e+13	3.46e-16	7.98e-08	1.00e+00
 8.84876e+13	3.91e-16	8.49e-08	1.00e+00
 9.13457e+13	4.45e-16	9.07e-08	1.00e+00
 9.48353e+13	5.18e-16	9.78e-08	1.00e+00
 9.83931e+13	6.03e-16	1.06e-07	1.00e+00
 1.01610e+14	6.86e-16	1.13e-07	1.00e+00
 1.05136e+14	7.86e-16	1.21e-07	1.00e+00
 1.09287e+14	9.16e-16	1.30e-07	1.00e+00
 1.13428e+14	1.07e-15	1.41e-07	1.00e+00
 1.17325e+14	1.22e-15	1.51e-07	1.00e+00
 1.21638e+14	1.40e-15	1.62e-07	1.00e+00
 1.26534e+14	1.64e-15	1.75e-07	1.00e+00
 1.31462e+14	1.90e-15	1.89e-07	1.00e+00
 1.36587e+14	2.21e-15	2.03e-07	1.00e+00
 1.42081e+14	2.58e-15	2.20e-07	1.00e+00
 1.47794e+14	3.00e-15	2.38e-07	1.00e+00
 1.53313e+14	3.47e-15	2.56e-07	1.00e+00
 1.58492e+14	3.94e-15	2.73e-07	1.00e+00
 1.63384e+14	4.44e-15	2.90e-07	1.00e+00
 1.68720e+14	5.02e-15	3.09e-07	1.00e+00
 1.74647e+14	5.75e-15	3.31e-07	1.00e+00
 1.80192e+14	6.49e-15	3.51e-07	1.00e+00
 1.86250e+14	7.37e-15	3.75e-07	1.00e+00
 1.93085e+14	8.48e-15	4.03e-07	1.00e+00
 1.99648e+14	9.67e-15	4.31e-07	1.00e+00
 2.06871e+14	1.11e-14	4.61e-07	1.00e+00
 2.14987e+14	1.29e-14	4.98e-07	1.00e+00
 2.22772e+14	1.48e-14	5.35e-07	1.00e+00
 2.31057e+14	1.70e-14	5.75e-07	1.00e+00
 2.40329e+14	1.99e-14	6.22e-07	1.00e+00
 2.48896e+14	2.27e-14	6.67e-07	1.00e+00
 2.56309e+14	2.55e-14	7.09e-07	1.00e+00
 2.64526e+14	2.88e-14	7.54e-07	1.00e+00
 2.74569e+14	3.33e-14	8.14e-07	1.00e+00
 2.84742e+14	3.84e-14	8.76e-07	1.00e+00
 2.93879e+14	4.34e-14	9.34e-07	1.00e+00
 3.03914e+14	4.93e-14	9.99e-07	1.00e+00
 3.15792e+14	5.73e-14	1.08e-06	1.00e+00
 3.27463e+14	6.61e-14	1.17e-06	1.00e+00
 3.38104e+14	7.46e-14	1.24e-06	1.00e+00
 3.50010e+14	8.53e-14	1.33e-06	1.00e+00
 3.63890e+14	9.93e-14	1.44e-06	1.00e+00
 3.77539e+14	1.14e-13	1.56e-06	1.00e+00
 3.90432e+14	1.30e-13	1.66e-06	1.00e+00
 4.04778e+14	1.49e-13	1.79e-06	1.00e+00
 4.20999e+14	1.73e-13	1.94e-06	1.00e+00
 4.37245e+14	1.99e-13	2.10e-06	1.00e+00
 4.52440e+14	2.26e-13	2.25e-06	1.00e+00
 4.68867e+14	2.59e-13	2.42e-06	1.00e+00
 4.87245e+14	2.99e-13	2.61e-06	1.00e+00
 5.04437e+14	3.40e-13	2.81e-06	1.00e+00
 5.20322e+14	3.80e-13	2.99e-06	1.00e+00
 5.35555e+14	4.23e-13	3.17e-06	1.00e+00
 5.52508e+14	4.75e-13	3.37e-06	1.00e+00
 5.71265e+14	5.36e-13	3.61e-06	1.00e+00
 5.88691e+14	5.98e-13	3.84e-06	1.00e+00
 6.07667e+14	6.72e-13	4.10e-06	1.00e+00
 6.28996e+14	7.61e-13	4.39e-06	1.00e+00
 6.49429e+14	8.53e-13	4.70e-06	1.00e+00
 6.72033e+14	9.65e-13	5.03e-06	1.00e+00
 6.96899e+14	1.10e-12	5.41e-06	1.00e+00
 7.19730e+14	1.23e-12	5.79e-06	1.00e+00
 7.44434e+14	1.39e-12	6.19e-06	1.00e+00
 7.72080e+14	1.58e-12	6.68e-06	1.00e+00
 7.98028e+14	1.77e-12	7.14e-06	1.00e+00
 8.26238e+14	2.00e-12	7.67e-06	1.00e+00
 8.57556e+14	2.28e-12	8.27e-06	1.00e+00
 8.86901e+14	2.57e-12	8.87e-06	1.00e+00
 9.18904e+14	2.90e-12	9.54e-06	1.00e+00
 9.54647e+14	3.31e-12	1.03e-05	1.00e+00
 9.88366e+14	3.73e-12	1.11e-05	1.00e+00
 1.02448e+15	4.24e-12	1.20e-05	1.00e+00
 1.06466e+15	4.84e-12	1.30e-05	1.00e+00
 1.10382e+15	5.49e-12	1.40e-05	1.00e+00
 1.14538e+15	6.24e-12	1.51e-05	1.00e+00
 1.19122e+15	7.17e-12	1.64e-05	1.00e+00
 1.23621e+15	8.16e-12	1.78e-05	1.00e+00
 1.27330e+15	9.08e-12	1.90e-05	1.00e+00
 1.30306e+15	9.85e-12	1.99e-05	1.00e+00
 1.33590e+15	1.07e-11	2.10e-05	1.00e+00
 1.37860e+15	1.21e-11	2.25e-05	1.00e+00
 1.42442e+15	1.35e-11	2.42e-05	1.00e+00
 1.46516e+15	1.50e-11	2.57e-05	1.00e+00
 1.50899e+15	1.67e-11	2.74e-05	1.00e+00
 1.56445e+15	1.91e-11	2.97e-05	1.00e+00
 1.62070e+15	2.16e-11	3.21e-05	1.00e+00
 1.66871e+15	2.41e-11	3.43e-05	1.00e+00
 1.72035e+15	2.70e-11	3.67e-05	1.00e+00
 1.78455e+15	3.10e-11	3.99e-05	1.00e+00
 1.84997e+15	3.52e-11	4.32e-05	1.00e+00
 1.90758e+15	3.98e-11	4.63e-05	1.00e+00
 1.97011e+15	4.49e-11	4.98e-05	1.00e+00
 2.04558e+15	5.18e-11	5.42e-05	1.00e+00
 2.12031e+15	5.95e-11	5.89e-05	1.00e+00
 2.18661e+15	6.67e-11	6.31e-05	1.00e+00
 2.25950e+15	7.59e-11	6.80e-05	1.00e+00
 2.34673e+15	8.77e-11	7.42e-05	1.00e+00
 2.43368e+15	1.01e-10	8.06e-05	1.00e+00
 2.51313e+15	1.14e-10	8.66e-05	1.00e+00
 2.60176e+15	1.31e-10	9.37e-05	1.00e+00
 2.70491e+15	1.52e-10	1.02e-04	1.00e+00
 2.80646e+15	1.75e-10	1.11e-04	1.00e+00
 2.90301e+15	2.00e-10	1.20e-04	1.00e+00
 2.98741e+15	2.24e-10	1.28e-04	1.00e+00
 3.05731e+15	2.46e-10	1.35e-04	1.00e+00
 3.13448e+15	2.71e-10	1.43e-04	1.00e+00
 3.23481e+15	3.07e-10	1.54e-04	1.00e+00
 3.34018e+15	3.45e-10	1.65e-04	1.00e+00
 3.43079e+15	3.88e-10	1.76e-04	1.00e+00
 3.52731e+15	4.33e-10	1.87e-04	1.00e+00
 3.65279e+15	4.98e-10	2.03e-04	1.00e+00
 3.78195e+15	5.74e-10	2.19e-04	1.00e+00
 3.88942e+15	6.41e-10	2.34e-04	1.00e+00
 4.00264e+15	7.19e-10	2.49e-04	1.00e+00
 4.14798e+15	8.31e-10	2.70e-04	1.00e+00
 4.30112e+15	9.47e-10	2.93e-04	1.00e+00
 4.43701e+15	1.08e-09	3.14e-04	1.00e+00
 4.58445e+15	1.23e-09	3.38e-04	1.00e+00
 4.76116e+15	1.46e-09	3.68e-04	1.00e+00
 4.93631e+15	1.67e-09	3.99e-04	1.00e+00
 5.09420e+15	1.89e-09	4.28e-04	1.00e+00
 5.26923e+15	2.16e-09	4.62e-04	1.00e+00
 5.47554e+15	2.58e-09	5.04e-04	9.99e-01
 5.67953e+15	2.98e-09	5.46e-04	9.99e-01
 5.86966e+15	3.41e-09	5.88e-04	9.99e-01
 6.08246e+15	3.91e-09	6.36e-04	9.99e-01
 6.32579e+15	4.68e-09	6.95e-04	9.99e-01
 6.56442e+15	5.45e-09	7.55e-04	9.99e-01
 6.75792e+15	6.15e-09	8.05e-04	9.99e-01
 6.90909e+15	6.74e-09	8.46e-04	9.99e-01
 7.07528e+15	7.44e-09	8.92e-04	9.99e-01
 7.29134e+15	8.30e-09	9.53e-04	9.99e-01
 7.52545e+15	9.65e-09	1.02e-03	9.99e-01
 7.73454e+15	1.08e-08	1.09e-03	9.99e-01
 7.95791e+15	1.21e-08	1.16e-03	9.99e-01
 8.24585e+15	1.41e-08	1.26e-03	9.99e-01
 8.53819e+15	1.60e-08	1.36e-03	9.99e-01
 8.78019e+15	1.81e-08	1.44e-03	9.99e-01
 9.03633e+15	2.07e-08	1.54e-03	9.98e-01
 9.36474e+15	2.42e-08	1.67e-03	9.98e-01
 9.70059e+15	2.79e-08	1.81e-03	9.98e-01
 9.98740e+15	3.13e-08	1.94e-03	9.98e-01
 1.02970e+16	3.56e-08	2.08e-03	9.98e-01
 1.06814e+16	4.26e-08	2.26e-03	9.98e-01
 1.10614e+16	4.93e-08	2.46e-03	9.98e-01
 1.13837e+16	5.59e-08	2.63e-03	9.97e-01
 1.17328e+16	6.39e-08	2.82e-03	9.97e-01
 1.21688e+16	7.35e-08	3.08e-03	9.97e-01
 1.25980e+16	8.74e-08	3.35e-03	9.97e-01
 1.29441e+16	9.86e-08	3.59e-03	9.96e-01
 1.33018e+16	1.11e-07	3.84e-03	9.96e-01
 1.37667e+16	1.28e-07	4.19e-03	9.96e-01
 1.42121e+16	1.52e-07	4.56e-03	9.95e-01
 1.45211e+16	1.67e-07	4.82e-03	9.95e-01
 1.48116e+16	1.84e-07	5.09e-03	9.95e-01
 1.51893e+16	2.07e-07	5.46e-03	9.95e-01
 1.56031e+16	2.39e-07	5.90e-03	9.94e-01
 1.59784e+16	2.68e-07	6.31e-03	9.94e-01
 1.63810e+16	3.00e-07	6.80e-03	9.93e-01
 1.68231e+16	3.52e-07	7.40e-03	9.93e-01
 1.72128e+16	3.97e-07	7.95e-03	9.92e-01
 1.75570e+16	4.41e-07	8.49e-03	9.92e-01
 1.79455e+16	4.96e-07	9.16e-03	9.91e-01
 1.83766e+16	5.82e-07	9.99e-03	9.90e-01
 1.87682e+16	6.57e-07	1.08e-02	9.89e-01
 1.91248e+16	7.35e-07	1.17e-02	9.88e-01
 1.94764e+16	8.30e-07	1.26e-02	9.87e-01
 1.98240e+16	9.61e-07	1.36e-02	9.86e-01
 2.01604e+16	1.08e-06	1.47e-02	9.85e-01
 2.05374e+16	1.26e-06	1.62e-02	9.84e-01
 2.09252e+16	1.46e-06	1.78e-02	9.82e-01
 2.12437e+16	1.64e-06	1.94e-02	9.81e-01
 2.15310e+16	1.86e-06	2.10e-02	9.79e-01
 2.18611e+16	2.16e-06	2.33e-02	9.77e-01
 2.22076e+16	2.55e-06	2.59e-02	9.74e-01
 2.24953e+16	2.95e-06	2.86e-02	9.71e-01
 2.27412e+16	3.37e-06	3.12e-02	9.69e-01
 2.29680e+16	3.84e-06	3.41e-02	9.66e-01
 2.31838e+16	4.43e-06	3.72e-02	9.63e-01
 2.33840e+16	5.03e-06	4.05e-02	9.59e-01
 2.35978e+16	5.72e-06	4.47e-02	9.55e-01
 2.38757e+16	7.18e-06	5.14e-02	9.49e-01
 2.41369e+16	8.64e-06	5.90e-02	9.41e-01
 2.43184e+16	1.01e-05	6.57e-02	9.34e-01
 2.44709e+16	1.16e-05	7.23e-02	9.28e-01
 2.46438e+16	1.34e-05	8.13e-02	9.19e-01
 2.48337e+16	1.62e-05	9.32e-02	9.07e-01
 2.49976e+16	1.94e-05	1.06e-01	8.94e-01
 2.51291e+16	2.31e-05	1.18e-01	8.81e-01
 2.52438e+16	2.66e-05	1.31e-01	8.69e-01
 2.53704e+16	3.10e-05	1.48e-01	8.52e-01
 2.55091e+16	3.81e-05	1.71e-01	8.29e-01
 2.56213e+16	4.44e-05	1.93e-01	8.07e-01
 2.57091e+16	5.15e-05	2.13e-01	7.87e-01
 2.57849e+16	5.76e-05	2.32e-01	7.68e-01
 2.58606e+16	6.54e-05	2.55e-01	7.45e-01
 2.59385e+16	7.53e-05	2.81e-01	7.19e-01
 2.59967e+16	8.28e-05	3.01e-01	6.99e-01
 2.60500e+16	9.06e-05	3.23e-01	6.77e-01
 2.61192e+16	1.03e-04	3.53e-01	6.47e-01
 2.61865e+16	1.16e-04	3.84e-01	6.15e-01
 2.62403e+16	1.27e-04	4.11e-01	5.89e-01
 2.62993e+16	1.42e-04	4.43e-01	5.57e-01
 2.63648e+16	1.58e-04	4.80e-01	5.20e-01
 2.64267e+16	1.76e-04	5.16e-01	4.84e-01
 2.64953e+16	1.96e-04	5.57e-01	4.43e-01
 2.65695e+16	2.20e-04	6.01e-01	3.99e-01
 2.66375e+16	2.42e-04	6.41e-01	3.59e-01
 2.67123e+16	2.68e-04	6.84e-01	3.16e-01
 2.67969e+16	2.97e-04	7.28e-01	2.72e-01
 2.68811e+16	3.25e-04	7.68e-01	2.32e-01
 2.69775e+16	3.56e-04	8.09e-01	1.91e-01
 2.71027e+16	3.94e-04	8.52e-01	1.48e-01
 2.72415e+16	4.31e-04	8.88e-01	1.12e-01
 2.73977e+16	4.68e-04	9.18e-01	8.13e-02
 2.76008e+16	5.09e-04	9.45e-01	5.50e-02
 2.78649e+16	5.56e-04	9.65e-01	3.43e-02
 2.81541e+16	6.04e-04	9.78e-01	2.16e-02
 2.84210e+16	6.48e-04	9.85e-01	1.47e-02
 2.86716e+16	6.92e-04	9.89e-01	1.05e-02
 2.89562e+16	7.48e-04	9.92e-01	7.37e-03
 2.91926e+16	8.02e-04	9.93e-01	5.74e-03
 2.93076e+16	8.31e-04	9.94e-01	5.12e-03
 2.93985e+16	8.55e-04	9.95e-01	4.63e-03
 2.95167e+16	8.89e-04	9.95e-01	4.08e-03
 2.96704e+16	9.38e-04	9.96e-01	3.47e-03
 2.98288e+16	9.91e-04	9.96e-01	2.99e-03
 2.99534e+16	1.04e-03	9.96e-01	2.67e-03
 3.00558e+16	1.08e-03	9.96e-01	2.42e-03
 3.01509e+16	1.13e-03	9.97e-01	2.23e-03
 3.02405e+16	1.17e-03	9.97e-01	2.05e-03
 3.03284e+16	1.22e-03	9.97e-01	1.90e-03
 3.04159e+16	1.27e-03	9.97e-01	1.76e-03
 3.05018e+16	1.32e-03	9.97e-01	1.64e-03
 3.05847e+16	1.38e-03	9.97e-01	1.53e-03
 3.06642e+16	1.44e-03	9.97e-01	1.43e-03
 3.07417e+16	1.50e-03	9.97e-01	1.34e-03
 3.08179e+16	1.56e-03	9.97e-01	1.26e-03
 3.08920e+16	1.63e-03	9.97e-01	1.19e-03
 3.09645e+16	1.70e-03	9.97e-01	1.12e-03
 3.10349e+16	1.78e-03	9.97e-01	1.06e-03
 3.11028e+16	1.86e-03	9.97e-01	1.00e-03
 3.11695e+16	1.95e-03	9.97e-01	9.53e-04
 3.12350e+16	2.04e-03	9.97e-01	9.07e-04
 3.12983e+16	2.14e-03	9.97e-01	8.64e-04
 3.13593e+16	2.24e-03	9.97e-01	8.24e-04
 3.14195e+16	2.35e-03	9.97e-01	7.87e-04
 3.14789e+16	2.47e-03	9.97e-01	7.54e-04
 3.15364e+16	2.59e-03	9.97e-01	7.22e-04
 3.15920e+16	2.73e-03	9.97e-01	6.92e-04
 3.16551e+16	2.89e-03	9.96e-01	6.60e-04
 3.17209e+16	3.09e-03	9.96e-01	6.29e-04
 3.17747e+16	3.26e-03	9.96e-01	6.07e-04
 3.18207e+16	3.43e-03	9.96e-01	5.87e-04
 3.18721e+16	3.63e-03	9.96e-01	5.65e-04
 3.19296e+16	3.88e-03	9.96e-01	5.42e-04
 3.19825e+16	4.15e-03	9.95e-01	5.22e-04
 3.20300e+16	4.42e-03	9.95e-01	5.05e-04
 3.20829e+16	4.75e-03	9.95e-01	4.86e-04
 3.21412e+16	5.16e-03	9.94e-01	4.68e-04
 3.21940e+16	5.61e-03	9.94e-01	4.51e-04
 3.22414e+16	6.07e-03	9.93e-01	4.36e-04
 3.22943e+16	6.67e-03	9.93e-01	4.20e-04
 3.23505e+16	7.43e-03	9.92e-01	4.05e-04
 3.23955e+16	8.16e-03	9.91e-01	3.94e-04
 3.24298e+16	8.79e-03	9.91e-01	3.87e-04
 3.24656e+16	9.56e-03	9.90e-01	3.77e-04
 3.25060e+16	1.06e-02	9.89e-01	3.68e-04
 3.25425e+16	1.17e-02	9.88e-01	3.60e-04
 3.25728e+16	1.27e-02	9.87e-01	3.55e-04
 3.26047e+16	1.40e-02	9.86e-01	3.48e-04
 3.26393e+16	1.57e-02	9.84e-01	3.43e-04
 3.26690e+16	1.75e-02	9.82e-01	3.38e-04
 3.26933e+16	1.92e-02	9.80e-01	3.35e-04
 3.27190e+16	2.13e-02	9.78e-01	3.32e-04
 3.27475e+16	2.40e-02	9.76e-01	3.29e-04
 3.27730e+16	2.70e-02	9.73e-01	3.28e-04
 3.27944e+16	3.00e-02	9.70e-01	3.28e-04
 3.28142e+16	3.32e-02	9.66e-01	3.28e-04
 3.28366e+16	3.75e-02	9.62e-01	3.29e-04
 3.28599e+16	4.29e-02	9.57e-01	3.32e-04
 3.28784e+16	4.82e-02	9.51e-01	3.34e-04
 3.28934e+16	5.29e-02	9.47e-01	3.39e-04
 3.29091e+16	5.89e-02	9.41e-01	3.42e-04
 3.29262e+16	6.62e-02	9.33e-01	3.49e-04
 3.29419e+16	7.41e-02	9.26e-01	3.56e-04
 3.29560e+16	8.26e-02	9.17e-01	3.62e-04
 3.29691e+16	9.12e-02	9.08e-01	3.71e-04
 3.29810e+16	1.00e-01	8.99e-01	3.77e-04
 3.29919e+16	1.10e-01	8.90e-01	3.86e-04
 3.30022e+16	1.20e-01	8.80e-01	3.93e-04
 3.30099e+16	1.27e-01	8.72e-01	4.00e-04
 3.30149e+16	1.33e-01	8.67e-01	4.05e-04
 3.30196e+16	1.38e-01	8.61e-01	4.09e-04
 3.30252e+16	1.45e-01	8.54e-01	4.13e-04
 3.30311e+16	1.53e-01	8.46e-01	4.19e-04
 3.30368e+16	1.61e-01	8.39e-01	4.25e-04
 3.30421e+16	1.69e-01	8.31e-01	4.31e-04
 3.30475e+16	1.77e-01	8.23e-01	4.36e-04
 3.30528e+16	1.85e-01	8.14e-01	4.42e-04
 3.30580e+16	1.95e-01	8.05e-01	4.47e-04
 3.30632e+16	2.04e-01	7.96e-01	4.54e-04
 3.30683e+16	2.14e-01	7.86e-01	4.60e-04
 3.30734e+16	2.24e-01	7.75e-01	4.65e-04
 3.30784e+16	2.35e-01	7.65e-01	4.71e-04
 3.30833e+16	2.45e-01	7.54e-01	4.77e-04
 3.30882e+16	2.57e-01	7.42e-01	4.82e-04
 3.30930e+16	2.69e-01	7.31e-01	4.88e-04
 3.30978e+16	2.81e-01	7.18e-01	4.93e-04
 3.31025e+16	2.93e-01	7.06e-01	4.99e-04
 3.31071e+16	3.06e-01	6.93e-01	5.04e-04
 3.31118e+16	3.20e-01	6.80e-01	5.08e-04
 3.31163e+16	3.33e-01	6.67e-01	5.13e-04
 3.31207e+16	3.47e-01	6.53e-01	5.17e-04
 3.31251e+16	3.61e-01	6.39e-01	5.22e-04
 3.31295e+16	3.75e-01	6.24e-01	5.26e-04
 3.31338e+16	3.90e-01	6.10e-01	5.29e-04
 3.31380e+16	4.04e-01	5.95e-01	5.33e-04
 3.31422e+16	4.19e-01	5.80e-01	5.36e-04
 3.31464e+16	4.34e-01	5.65e-01	5.39e-04
 3.31505e+16	4.50e-01	5.50e-01	5.40e-04
 3.31545e+16	4.65e-01	5.35e-01	5.43e-04
 3.31584e+16	4.80e-01	5.19e-01	5.44e-04
 3.31622e+16	4.95e-01	5.05e-01	5.47e-04
 3.31660e+16	5.10e-01	4.90e-01	5.47e-04
 3.31696e+16	5.24e-01	4.75e-01	5.48e-04
 3.31732e+16	5.39e-01	4.61e-01	5.48e-04
 3.31768e+16	5.53e-01	4.47e-01	5.47e-04
 3.31803e+16	5.67e-01	4.32e-01	5.46e-04
 3.31837e+16	5.81e-01	4.18e-01	5.44e-04
 3.31870e+16	5.95e-01	4.05e-01	5.43e-04
 3.31903e+16	6.08e-01	3.92e-01	5.41e-04
 3.31935e+16	6.21e-01	3.79e-01	5.38e-04
 3.31966e+16	6.33e-01	3.66e-01	5.36e-04
 3.31997e+16	6.45e-01	3.54e-01	5.33e-04
 3.32028e+16	6.57e-01	3.42e-01	5.30e-04
 3.32057e+16	6.69e-01	3.31e-01	5.26e-04
 3.32087e+16	6.80e-01	3.19e-01	5.22e-04
 3.32116e+16	6.91e-01	3.08e-01	5.18e-04
 3.32144e+16	7.02e-01	2.97e-01	5.13e-04
 3.32173e+16	7.13e-01	2.87e-01	5.09e-04
 3.32200e+16	7.23e-01	2.77e-01	5.04e-04
 3.32228e+16	7.33e-01	2.67e-01	4.98e-04
 3.32255e+16	7.42e-01	2.57e-01	4.93e-04
 3.32282e+16	7.51e-01	2.48e-01	4.88e-04
 3.32308e+16	7.60e-01	2.39e-01	4.82e-04
 3.32331e+16	7.68e-01	2.32e-01	4.76e-04
 3.32348e+16	7.73e-01	2.26e-01	4.71e-04
 3.32364e+16	7.78e-01	2.21e-01	4.67e-04
 3.32380e+16	7.84e-01	2.16e-01	4.62e-04
 3.32398e+16	7.89e-01	2.10e-01	4.57e-04
 3.32414e+16	7.94e-01	2.05e-01	4.53e-04
 3.32430e+16	7.99e-01	2.00e-01	4.48e-04
 3.32445e+16	8.04e-01	1.96e-01	4.43e-04
 3.32460e+16	8.08e-01	1.91e-01	4.39e-04
 3.32475e+16	8.13e-01	1.87e-01	4.34e-04
 3.32490e+16	8.17e-01	1.83e-01	4.30e-04
 3.32504e+16	8.21e-01	1.79e-01	4.25e-04
 3.32518e+16	8.25e-01	1.75e-01	4.21e-04
 3.32532e+16	8.29e-01	1.71e-01	4.16e-04
 3.32546e+16	8.32e-01	1.67e-01	4.12e-04
 3.32560e+16	8.36e-01	1.64e-01	4.07e-04
 3.32573e+16	8.40e-01	1.60e-01	4.02e-04
 3.32587e+16	8.43e-01	1.56e-01	3.98e-04
 3.32601e+16	8.47e-01	1.53e-01	3.93e-04
 3.32615e+16	8.50e-01	1.49e-01	3.88e-04
 3.32630e+16	8.54e-01	1.46e-01	3.83e-04
 3.32645e+16	8.57e-01	1.42e-01	3.78e-04
 3.32662e+16	8.61e-01	1.38e-01	3.72e-04
 3.32679e+16	8.65e-01	1.34e-01	3.66e-04
 3.32699e+16	8.70e-01	1.30e-01	3.59e-04
 3.32721e+16	8.75e-01	1.25e-01	3.51e-04
 3.32744e+16	8.79e-01	1.20e-01	3.42e-04
 3.32766e+16	8.84e-01	1.16e-01	3.34e-04
 3.32786e+16	8.88e-01	1.12e-01	3.26e-04
 3.32805e+16	8.91e-01	1.08e-01	3.18e-04
 3.32825e+16	8.95e-01	1.05e-01	3.11e-04
 3.32843e+16	8.98e-01	1.01e-01	3.03e-04
 3.32860e+16	9.01e-01	9.83e-02	2.96e-04
 3.32875e+16	9.04e-01	9.56e-02	2.90e-04
 3.32888e+16	9.07e-01	9.32e-02	2.84e-04
 3.32901e+16	9.09e-01	9.11e-02	2.78e-04
 3.32912e+16	9.11e-01	8.92e-02	2.73e-04
 3.32923e+16	9.12e-01	8.74e-02	2.68e-04
 3.32934e+16	9.14e-01	8.55e-02	2.64e-04
 3.32946e+16	9.16e-01	8.36e-02	2.58e-04
 3.32958e+16	9.18e-01	8.19e-02	2.54e-04
 3.32968e+16	9.19e-01	8.03e-02	2.49e-04
 3.32977e+16	9.21e-01	7.88e-02	2.45e-04
 3.32987e+16	9.22e-01	7.73e-02	2.41e-04
 3.32998e+16	9.24e-01	7.57e-02	2.36e-04
 3.33008e+16	9.25e-01	7.43e-02	2.32e-04
 3.33017e+16	9.27e-01	7.30e-02	2.28e-04
 3.33025e+16	9.28e-01	7.18e-02	2.24e-04
 3.33034e+16	9.29e-01	7.05e-02	2.20e-04
 3.33044e+16	9.31e-01	6.92e-02	2.16e-04
 3.33053e+16	9.32e-01	6.79e-02	2.12e-04
 3.33061e+16	9.33e-01	6.68e-02	2.09e-04
 3.33068e+16	9.34e-01	6.59e-02	2.06e-04
 3.33077e+16	9.35e-01	6.48e-02	2.02e-04
 3.33085e+16	9.36e-01	6.36e-02	1.98e-04
 3.33093e+16	9.37e-01	6.26e-02	1.95e-04
 3.33100e+16	9.38e-01	6.17e-02	1.92e-04
 3.33108e+16	9.39e-01	6.07e-02	1.89e-04
 3.33117e+16	9.40e-01	5.96e-02	1.85e-04
 3.33125e+16	9.41e-01	5.87e-02	1.82e-04
 3.33132e+16	9.42e-01	5.78e-02	1.79e-04
 3.33139e+16	9.43e-01	5.69e-02	1.76e-04
 3.33148e+16	9.44e-01	5.59e-02	1.73e-04
 3.33155e+16	9.45e-01	5.51e-02	1.70e-04
 3.33162e+16	9.46e-01	5.42e-02	1.67e-04
 3.33170e+16	9.46e-01	5.34e-02	1.64e-04
 3.33178e+16	9.47e-01	5.25e-02	1.61e-04
 3.33185e+16	9.48e-01	5.17e-02	1.58e-04
 3.33192e+16	9.49e-01	5.10e-02	1.56e-04
 3.33200e+16	9.50e-01	5.02e-02	1.53e-04
 3.33208e+16	9.50e-01	4.94e-02	1.50e-04
 3.33215e+16	9.51e-01	4.86e-02	1.48e-04
 3.33222e+16	9.52e-01	4.80e-02	1.45e-04
 3.33229e+16	9.53e-01	4.72e-02	1.43e-04
 3.33237e+16	9.53e-01	4.65e-02	1.40e-04
 3.33244e+16	9.54e-01	4.58e-02	1.38e-04
 3.33252e+16	9.55e-01	4.51e-02	1.36e-04
 3.33260e+16	9.56e-01	4.44e-02	1.33e-04
 3.33268e+16	9.56e-01	4.37e-02	1.31e-04
 3.33275e+16	9.57e-01	4.31e-02	1.29e-04
 3.33282e+16	9.57e-01	4.24e-02	1.26e-04
 3.33291e+16	9.58e-01	4.18e-02	1.24e-04
 3.33298e+16	9.59e-01	4.12e-02	1.23e-04
 3.33306e+16	9.59e-01	4.06e-02	1.20e-04
 3.33315e+16	9.60e-01	3.99e-02	1.18e-04
 3.33324e+16	9.61e-01	3.94e-02	1.16e-04
 3.33332e+16	9.61e-01	3.87e-02	1.14e-04
 3.33342e+16	9.62e-01	3.80e-02	1.12e-04
 3.33351e+16	9.62e-01	3.75e-02	1.10e-04
 3.33360e+16	9.63e-01	3.68e-02	1.08e-04
 3.33371e+16	9.64e-01	3.62e-02	1.06e-04
 3.33380e+16	9.64e-01	3.57e-02	1.04e-04
 3.33390e+16	9.65e-01	3.50e-02	1.02e-04
 3.33401e+16	9.66e-01	3.44e-02	1.00e-04
 3.33412e+16	9.66e-01	3.39e-02	9.85e-05
 3.33423e+16	9.67e-01	3.32e-02	9.64e-05
 3.33435e+16	9.67e-01	3.26e-02	9.45e-05
 3.33445e+16	9.68e-01	3.21e-02	9.28e-05
 3.33457e+16	9.68e-01	3.15e-02	9.09e-05
 3.33470e+16	9.69e-01	3.09e-02	8.91e-05
 3.33482e+16	9.69e-01	3.04e-02	8.75e-05
 3.33495e+16	9.70e-01	2.99e-02	8.56e-05
 3.33509e+16	9.71e-01	2.93e-02	8.39e-05
 3.33521e+16	9.71e-01	2.88e-02	8.24e-05
 3.33535e+16	9.72e-01	2.83e-02	8.07e-05
 3.33550e+16	9.72e-01	2.78e-02	7.91e-05
 3.33564e+16	9.73e-01	2.73e-02	7.77e-05
 3.33579e+16	9.73e-01	2.68e-02	7.61e-05
 3.33598e+16	9.74e-01	2.62e-02	7.42e-05
 3.33619e+16	9.74e-01	2.57e-02	7.24e-05
 3.33638e+16	9.75e-01	2.52e-02	7.09e-05
 3.33655e+16	9.75e-01	2.47e-02	6.95e-05
 3.33674e+16	9.76e-01	2.42e-02	6.80e-05
 3.33699e+16	9.76e-01	2.37e-02	6.62e-05
 3.33725e+16	9.77e-01	2.32e-02	6.46e-05
 3.33750e+16	9.77e-01	2.27e-02	6.32e-05
 3.33772e+16	9.78e-01	2.23e-02	6.20e-05
 3.33796e+16	9.78e-01	2.19e-02	6.06e-05
 3.33827e+16	9.79e-01	2.14e-02	5.91e-05
 3.33861e+16	9.79e-01	2.10e-02	5.78e-05
 3.33892e+16	9.79e-01	2.06e-02	5.66e-05
 3.33926e+16	9.80e-01	2.02e-02	5.53e-05
 3.33970e+16	9.80e-01	1.97e-02	5.39e-05
 3.34017e+16	9.81e-01	1.93e-02	5.27e-05
 3.34060e+16	9.81e-01	1.90e-02	5.16e-05
 3.34108e+16	9.81e-01	1.86e-02	5.05e-05
 3.34169e+16	9.82e-01	1.83e-02	4.92e-05
 3.34235e+16	9.82e-01	1.80e-02	4.82e-05
 3.34308e+16	9.82e-01	1.76e-02	4.71e-05
 3.34403e+16	9.83e-01	1.73e-02	4.59e-05
 3.34526e+16	9.83e-01	1.70e-02	4.47e-05
 3.34658e+16	9.83e-01	1.67e-02	4.36e-05
 3.34804e+16	9.84e-01	1.64e-02	4.24e-05
 3.34993e+16	9.84e-01	1.61e-02	4.11e-05
 3.35239e+16	9.84e-01	1.57e-02	3.96e-05
 3.35504e+16	9.85e-01	1.54e-02	3.83e-05
 3.35795e+16	9.85e-01	1.51e-02	3.67e-05
 3.36109e+16	9.85e-01	1.48e-02	3.53e-05
 3.36453e+16	9.86e-01	1.44e-02	3.37e-05
 3.36824e+16	9.86e-01	1.41e-02	3.22e-05
 3.37162e+16	9.86e-01	1.38e-02	3.09e-05
 3.37532e+16	9.87e-01	1.35e-02	2.95e-05
 3.37932e+16	9.87e-01	1.31e-02	2.81e-05
 3.38296e+16	9.87e-01	1.28e-02	2.69e-05
 3.38694e+16	9.87e-01	1.25e-02	2.56e-05
 3.39125e+16	9.88e-01	1.22e-02	2.44e-05
 3.39516e+16	9.88e-01	1.19e-02	2.33e-05
 3.39946e+16	9.88e-01	1.16e-02	2.21e-05
 3.40409e+16	9.89e-01	1.13e-02	2.10e-05
 3.40830e+16	9.89e-01	1.10e-02	2.01e-05
 3.41292e+16	9.89e-01	1.07e-02	1.90e-05
 3.41791e+16	9.90e-01	1.04e-02	1.80e-05
 3.42245e+16	9.90e-01	1.02e-02	1.72e-05
 3.42742e+16	9.90e-01	9.87e-03	1.62e-05
 3.43279e+16	9.90e-01	9.58e-03	1.53e-05
 3.43768e+16	9.91e-01	9.34e-03	1.46e-05
 3.44303e+16	9.91e-01	9.06e-03	1.38e-05
 3.44881e+16	9.91e-01	8.79e-03	1.30e-05
 3.45407e+16	9.91e-01	8.56e-03	1.23e-05
 3.45984e+16	9.92e-01	8.30e-03	1.16e-05
 3.46733e+16	9.92e-01	7.97e-03	1.07e-05
 3.47588e+16	9.92e-01	7.63e-03	9.83e-06
 3.48454e+16	9.93e-01	7.31e-03	9.04e-06
 3.49340e+16	9.93e-01	7.00e-03	8.30e-06
 3.50265e+16	9.93e-01	6.69e-03	7.60e-06
 3.51228e+16	9.94e-01	6.39e-03	6.95e-06
 3.52226e+16	9.94e-01	6.10e-03	6.34e-06
 3.53261e+16	9.94e-01	5.82e-03	5.77e-06
 3.54325e+16	9.94e-01	5.54e-03	5.24e-06
 3.55408e+16	9.95e-01	5.28e-03	4.77e-06
 3.56509e+16	9.95e-01	5.03e-03	4.33e-06
 3.57631e+16	9.95e-01	4.79e-03	3.93e-06
 3.58778e+16	9.95e-01	4.56e-03	3.57e-06
 3.59947e+16	9.96e-01	4.34e-03	3.24e-06
 3.61137e+16	9.96e-01	4.13e-03	2.93e-06
 3.62350e+16	9.96e-01	3.93e-03	2.66e-06
 3.63587e+16	9.96e-01	3.74e-03	2.40e-06
 3.64847e+16	9.96e-01	3.56e-03	2.18e-06
 3.66113e+16	9.97e-01	3.38e-03	1.97e-06
 3.67398e+16	9.97e-01	3.22e-03	1.78e-06
 3.68730e+16	9.97e-01	3.05e-03	1.61e-06
 3.70097e+16	9.97e-01	2.90e-03	1.45e-06
 3.71487e+16	9.97e-01	2.75e-03	1.30e-06
 3.72901e+16	9.97e-01	2.61e-03	1.17e-06
 3.74342e+16	9.98e-01	2.47e-03	1.05e-06
 3.75811e+16	9.98e-01	2.34e-03	9.46e-07
 3.77312e+16	9.98e-01	2.22e-03	8.48e-07
 3.78843e+16	9.98e-01	2.10e-03	7.59e-07
 3.80406e+16	9.98e-01	1.98e-03	6.79e-07
 3.82003e+16	9.98e-01	1.88e-03	6.07e-07
 3.83634e+16	9.98e-01	1.77e-03	5.41e-07
 3.85301e+16	9.98e-01	1.67e-03	4.82e-07
 3.87004e+16	9.98e-01	1.58e-03	4.29e-07
 3.88746e+16	9.99e-01	1.49e-03	3.81e-07
 3.90529e+16	9.99e-01	1.40e-03	3.37e-07
 3.92355e+16	9.99e-01	1.32e-03	2.98e-07
 3.94224e+16	9.99e-01	1.24e-03	2.63e-07
 3.96140e+16	9.99e-01	1.16e-03	2.32e-07
 3.98106e+16	9.99e-01	1.09e-03	2.04e-07
 4.00125e+16	9.99e-01	1.02e-03	1.79e-07
 4.02199e+16	9.99e-01	9.59e-04	1.57e-07
 4.04331e+16	9.99e-01	8.97e-04	1.37e-07
 4.06527e+16	9.99e-01	8.38e-04	1.19e-07
 4.08790e+16	9.99e-01	7.82e-04	1.03e-07
 4.11078e+16	9.99e-01	7.29e-04	8.95e-08
 4.13430e+16	9.99e-01	6.79e-04	7.73e-08
 4.15924e+16	9.99e-01	6.30e-04	6.62e-08
 4.18530e+16	9.99e-01	5.83e-04	5.64e-08
 4.21221e+16	9.99e-01	5.38e-04	4.79e-08
 4.24012e+16	1.00e+00	4.96e-04	4.05e-08
 4.26926e+16	1.00e+00	4.56e-04	3.40e-08
 4.29984e+16	1.00e+00	4.18e-04	2.83e-08
 4.33194e+16	1.00e+00	3.81e-04	2.34e-08
 4.36563e+16	1.00e+00	3.47e-04	1.92e-08
 4.40137e+16	1.00e+00	3.14e-04	1.56e-08
 4.43915e+16	1.00e+00	2.82e-04	1.25e-08
 4.47940e+16	1.00e+00	2.53e-04	9.91e-09
 4.52284e+16	1.00e+00	2.24e-04	7.72e-09
 4.56957e+16	1.00e+00	1.97e-04	5.91e-09
 4.62026e+16	1.00e+00	1.72e-04	4.43e-09
 4.67592e+16	1.00e+00	1.48e-04	3.23e-09
 4.73784e+16	1.00e+00	1.25e-04	2.28e-09
 4.80770e+16	1.00e+00	1.03e-04	1.54e-09
 4.88824e+16	1.00e+00	8.30e-05	9.81e-10
 4.98114e+16	1.00e+00	6.44e-05	5.86e-10
 5.08180e+16	1.00e+00	4.90e-05	3.38e-10
 5.18366e+16	1.00e+00	3.72e-05	1.96e-10
 5.28569e+16	1.00e+00	2.83e-05	1.13e-10
 5.39016e+16	1.00e+00	2.13e-05	6.51e-11
 5.49893e+16	1.00e+00	1.59e-05	3.68e-11
 5.61248e+16	1.00e+00	1.18e-05	2.05e-11
 5.73133e+16	1.00e+00	8.67e-06	1.13e-11
 5.85652e+16	1.00e+00	6.30e-06	6.05e-12
 5.98894e+16	1.00e+00	4.53e-06	3.18e-12
 6.12984e+16	1.00e+00	3.21e-06	1.63e-12
 6.28049e+16	1.00e+00	2.24e-06	8.11e-13
 6.43671e+16	1.00e+00	1.56e-06	4.02e-13
 6.59332e+16	1.00e+00	1.10e-06	2.03e-13
 6.74993e+16	1.00e+00	7.80e-07	1.04e-13
 6.90653e+16	1.00e+00	5.61e-07	5.45e-14
 7.06314e+16	1.00e+00	4.06e-07	2.90e-14
 7.21974e+16	1.00e+00	2.96e-07	1.56e-14
 7.37635e+16	1.00e+00	2.18e-07	8.57e-15
 7.53296e+16	1.00e+00	1.62e-07	4.76e-15
 7.68956e+16	1.00e+00	1.21e-07	2.68e-15
 7.86966e+16	1.00e+00	8.64e-08	1.39e-15
 8.07632e+16	1.00e+00	6.00e-08	6.76e-16
 8.28604e+16	1.00e+00	4.20e-08	3.34e-16
 8.51091e+16	1.00e+00	2.88e-08	1.58e-16
 8.75444e+16	1.00e+00	1.95e-08	7.31e-17
 9.00150e+16	1.00e+00	1.33e-08	3.43e-17
 9.24855e+16	1.00e+00	9.18e-09	1.64e-17
 9.50619e+16	1.00e+00	6.29e-09	7.76e-18
 9.77834e+16	1.00e+00	4.28e-09	3.61e-18
 1.00585e+17	1.00e+00	2.91e-09	1.68e-18
 1.03427e+17	1.00e+00	2.00e-09	7.95e-19
 1.06268e+17	1.00e+00	1.39e-09	3.83e-19
 1.09110e+17	1.00e+00	9.70e-10	1.89e-19
 1.11952e+17	1.00e+00	6.85e-10	9.44e-20
 1.14794e+17	1.00e+00	4.89e-10	4.82e-20
 1.17636e+17	1.00e+00	3.51e-10	2.49e-20
 1.20479e+17	1.00e+00	2.55e-10	1.31e-20
 1.23321e+17	1.00e+00	1.86e-10	7.01e-21
 1.26163e+17	1.00e+00	1.37e-10	0.00e+00
 1.29005e+17	1.00e+00	1.01e-10	0.00e+00
 1.31991e+17	1.00e+00	7.43e-11	0.00e+00
 1.35121e+17	1.00e+00	5.43e-11	0.00e+00
 1.38251e+17	1.00e+00	4.00e-11	0.00e+00
 1.41381e+17	1.00e+00	2.98e-11	0.00e+00
 1.44511e+17	1.00e+00	2.23e-11	0.00e+00
 1.48041e+17	1.00e+00	1.62e-11	0.00e+00
 1.51969e+17	1.00e+00	1.16e-11	0.00e+00
 1.56052e+17	1.00e+00	8.35e-12	0.00e+00
 1.60350e+17	1.00e+00	6.03e-12	0.00e+00
 1.64751e+17	1.00e+00	4.44e-12	0.00e+00
 1.69216e+17	1.00e+00	3.36e-12	0.00e+00
 1.73744e+17	1.00e+00	2.62e-12	0.00e+00
 1.78317e+17	1.00e+00	2.11e-12	0.00e+00
 1.82855e+17	1.00e+00	1.77e-12	0.00e+00
 1.87316e+17	1.00e+00	1.54e-12	0.00e+00
 1.91687e+17	1.00e+00	1.38e-12	0.00e+00
 1.95960e+17	1.00e+00	1.28e-12	0.00e+00
 2.00114e+17	1.00e+00	1.20e-12	0.00e+00
 2.04125e+17	1.00e+00	1.16e-12	0.00e+00
 2.07993e+17	1.00e+00	1.13e-12	0.00e+00
 2.11711e+17	1.00e+00	1.11e-12	0.00e+00
 2.15266e+17	1.00e+00	1.10e-12	0.00e+00
 2.18652e+17	1.00e+00	1.09e-12	0.00e+00
 2.21875e+17	1.00e+00	1.10e-12	0.00e+00
 2.24936e+17	1.00e+00	1.10e-12	0.00e+00
 2.27838e+17	1.00e+00	1.10e-12	0.00e+00
 2.30585e+17	1.00e+00	1.11e-12	0.00e+00
 2.33183e+17	1.00e+00	1.12e-12	0.00e+00
 2.35641e+17	1.00e+00	1.13e-12	0.00e+00
 2.37964e+17	1.00e+00	1.13e-12	0.00e+00
 2.40160e+17	1.00e+00	1.14e-12	0.00e+00
 2.42234e+17	1.00e+00	1.15e-12	0.00e+00
 2.44194e+17	1.00e+00	1.16e-12	0.00e+00
 2.46048e+17	1.00e+00	1.17e-12	0.00e+00
 2.47800e+17	1.00e+00	1.17e-12	0.00e+00
 2.49458e+17	1.00e+00	1.18e-12	0.00e+00
 2.51027e+17	1.00e+00	1.19e-12	0.00e+00
 2.52511e+17	1.00e+00	1.19e-12	0.00e+00
 2.53916e+17	1.00e+00	1.20e-12	0.00e+00
 2.55246e+17	1.00e+00	1.21e-12	0.00e+00
 2.56507e+17	1.00e+00	1.21e-12	0.00e+00
 2.57702e+17	1.00e+00	1.22e-12	0.00e+00
 2.58835e+17	1.00e+00	1.22e-12	0.00e+00
 2.59911e+17	1.00e+00	1.22e-12	0.00e+00
 2.60931e+17	1.00e+00	1.23e-12	0.00e+00
 2.61900e+17	1.00e+00	1.23e-12	0.00e+00
 2.62821e+17	1.00e+00	1.24e-12	0.00e+00
 2.63695e+17	1.00e+00	1.24e-12	0.00e+00
 2.64527e+17	1.00e+00	1.24e-12	0.00e+00
 2.65319e+17	1.00e+00	1.25e-12	0.00e+00
 2.66073e+17	1.00e+00	1.25e-12	0.00e+00
 2.66792e+17	1.00e+00	1.25e-12	0.00e+00
 2.67476e+17	1.00e+00	1.26e-12	0.00e+00
 2.68129e+17	1.00e+00	1.26e-12	0.00e+00
 2.68753e+17	1.00e+00	1.26e-12	0.00e+00
 2.69349e+17	1.00e+00	1.26e-12	0.00e+00
 2.69919e+17	1.00e+00	1.26e-12	0.00e+00
 2.70464e+17	1.00e+00	1.27e-12	0.00e+00
 2.70987e+17	1.00e+00	1.27e-12	0.00e+00
 2.71489e+17	1.00e+00	1.27e-12	0.00e+00
 2.71970e+17	1.00e+00	1.27e-12	0.00e+00
 2.72434e+17	1.00e+00	1.27e-12	0.00e+00
 2.72881e+17	1.00e+00	1.27e-12	0.00e+00
 2.73312e+17	1.00e+00	1.28e-12	0.00e+00
 2.73728e+17	1.00e+00	1.28e-12	0.00e+00
 2.74132e+17	1.00e+00	1.28e-12	0.00e+00
 2.74524e+17	1.00e+00	1.28e-12	0.00e+00
 2.74906e+17	1.00e+00	1.28e-12	0.00e+00
 2.75278e+17	1.00e+00	1.28e-12	0.00e+00
 2.75643e+17	1.00e+00	1.28e-12	0.00e+00
 2.76002e+17	1.00e+00	1.28e-12	0.00e+00
 2.76356e+17	1.00e+00	1.28e-12	0.00e+00
 2.76706e+17	1.00e+00	1.28e-12	0.00e+00
 2.77055e+17	1.00e+00	1.28e-12	0.00e+00
 2.77405e+17	1.00e+00	1.28e-12	0.00e+00
 2.77757e+17	1.00e+00	1.28e-12	0.00e+00
 2.78114e+17	1.00e+00	1.28e-12	0.00e+00
 2.78479e+17	1.00e+00	1.28e-12	0.00e+00
 2.78856e+17	1.00e+00	1.28e-12	0.00e+00
 2.79248e+17	1.00e+00	1.28e-12	0.00e+00
 2.79662e+17	1.00e+00	1.28e-12	0.00e+00
 2.80104e+17	1.00e+00	1.28e-12	0.00e+00
 2.80584e+17	1.00e+00	1.28e-12	0.00e+00
 2.81113e+17	1.00e+00	1.28e-12	0.00e+00
 2.81709e+17	1.00e+00	1.28e-12	0.00e+00
 2.82396e+17	1.00e+00	1.27e-12	0.00e+00
 2.83209e+17	1.00e+00	1.27e-12	0.00e+00
 2.84200e+17	1.00e+00	1.26e-12	0.00e+00
 2.85448e+17	1.00e+00	1.24e-12	0.00e+00
 2.87061e+17	1.00e+00	1.22e-12	0.00e+00
 2.89157e+17	1.00e+00	1.19e-12	0.00e+00
 2.91882e+17	1.00e+00	1.13e-12	0.00e+00
 2.95424e+17	1.00e+00	1.05e-12	0.00e+00
 3.00029e+17	1.00e+00	9.52e-13	0.00e+00
 3.06016e+17	1.00e+00	8.27e-13	0.00e+00
 3.13798e+17	1.00e+00	6.81e-13	0.00e+00
 3.23915e+17	1.00e+00	5.23e-13	0.00e+00
 3.36226e+17	1.00e+00	3.65e-13	0.00e+00
 3.49675e+17	1.00e+00	2.76e-13	0.00e+00
 3.63662e+17	1.00e+00	2.45e-13	0.00e+00
 3.78209e+17	1.00e+00	2.19e-13	0.00e+00
 3.93337e+17	1.00e+00	1.94e-13	0.00e+00
 4.09071e+17	1.00e+00	1.71e-13	0.00e+00
 4.25434e+17	1.00e+00	1.49e-13	0.00e+00
 4.42451e+17	1.00e+00	1.29e-13	0.00e+00
 4.60149e+17	1.00e+00	1.10e-13	0.00e+00
 4.78555e+17	1.00e+00	9.21e-14	0.00e+00
 4.96638e+17	1.00e+00	7.62e-14	0.00e+00
 5.12869e+17	1.00e+00	8.27e-14	0.00e+00
 5.26988e+17	1.00e+00	1.02e-13	0.00e+00
 5.39863e+17	1.00e+00	1.18e-13	0.00e+00
 5.52363e+17	1.00e+00	1.17e-13	0.00e+00
 5.64481e+17	1.00e+00	1.07e-13	0.00e+00
 5.75586e+17	1.00e+00	1.02e-13	0.00e+00
 5.85182e+17	1.00e+00	1.06e-13	0.00e+00
 5.93375e+17	1.00e+00	1.12e-13	0.00e+00
 6.00379e+17	1.00e+00	1.14e-13	0.00e+00
 6.05763e+17	1.00e+00	1.16e-13	0.00e+00
 6.09169e+17	1.00e+00	1.23e-13	0.00e+00
 6.11126e+17	1.00e+00	1.31e-13	0.00e+00
 6.12292e+17	1.00e+00	1.36e-13	0.00e+00
 6.12992e+17	1.00e+00	1.39e-13	0.00e+00
 6.13437e+17	1.00e+00	1.41e-13	0.00e+00
 6.13782e+17	1.00e+00	1.42e-13	0.00e+00
 6.14159e+17	1.00e+00	1.43e-13	0.00e+00
 6.14646e+17	1.00e+00	1.44e-13	0.00e+00
 6.15172e+17	1.00e+00	1.44e-13	0.00e+00
 6.15589e+17	1.00e+00	1.44e-13	0.00e+00
 6.15910e+17	1.00e+00	1.45e-13	0.00e+00
 6.16223e+17	1.00e+00	1.45e-13	0.00e+00
 6.16566e+17	1.00e+00	1.45e-13	0.00e+00
 6.16927e+17	1.00e+00	1.45e-13	0.00e+00
 6.17223e+17	1.00e+00	1.44e-13	0.00e+00
 6.17450e+17	1.00e+00	1.44e-13	0.00e+00
 6.17676e+17	1.00e+00	1.44e-13	0.00e+00
 6.17929e+17	1.00e+00	1.44e-13	0.00e+00
 6.18188e+17	1.00e+00	1.44e-13	0.00e+00
 6.18426e+17	1.00e+00	1.43e-13	0.00e+00
 6.18639e+17	1.00e+00	1.43e-13	0.00e+00
 6.18834e+17	1.00e+00	1.43e-13	0.00e+00
 6.19020e+17	1.00e+00	1.42e-13	0.00e+00
 6.19209e+17	1.00e+00	1.42e-13	0.00e+00
 6.19404e+17	1.00e+00	1.42e-13	0.00e+00
 6.19599e+17	1.00e+00	1.41e-13	0.00e+00
 6.19777e+17	1.00e+00	1.41e-13	0.00e+00
 6.19942e+17	1.00e+00	1.40e-13	0.00e+00
 6.20111e+17	1.00e+00	1.40e-13	0.00e+00
 6.20283e+17	1.00e+00	1.40e-13	0.00e+00
 6.20454e+17	1.00e+00	1.39e-13	0.00e+00
 6.20616e+17	1.00e+00	1.39e-13	0.00e+00
 6.20773e+17	1.00e+00	1.38e-13	0.00e+00
 6.20935e+17	1.00e+00	1.38e-13	0.00e+00
 6.21099e+17	1.00e+00	1.37e-13	0.00e+00
 6.21265e+17	1.00e+00	1.37e-13	0.00e+00
 6.21430e+17	1.00e+00	1.36e-13	0.00e+00
 6.21587e+17	1.00e+00	1.36e-13	0.00e+00
 6.21740e+17	1.00e+00	1.35e-13	0.00e+00
 6.21898e+17	1.00e+00	1.35e-13	0.00e+00
 6.22073e+17	1.00e+00	1.34e-13	0.00e+00
 6.22257e+17	1.00e+00	1.33e-13	0.00e+00
 6.22430e+17	1.00e+00	1.33e-13	0.00e+00
 6.22595e+17	1.00e+00	1.32e-13	0.00e+00
 6.22760e+17	1.00e+00	1.31e-13	0.00e+00
 6.22938e+17	1.00e+00	1.31e-13	0.00e+00
 6.23140e+17	1.00e+00	1.30e-13	0.00e+00
 6.23356e+17	1.00e+00	1.29e-13	0.00e+00
 6.23551e+17	1.00e+00	1.28e-13	0.00e+00
 6.23727e+17	1.00e+00	1.27e-13	0.00e+00
 6.23916e+17	1.00e+00	1.27e-13	0.00e+00
 6.24127e+17	1.00e+00	1.26e-13	0.00e+00
 6.24345e+17	1.00e+00	1.25e-13	0.00e+00
 6.24571e+17	1.00e+00	1.24e-13	0.00e+00
 6.24798e+17	1.00e+00	1.22e-13	0.00e+00
 6.25008e+17	1.00e+00	1.22e-13	0.00e+00
 6.25230e+17	1.00e+00	1.21e-13	0.00e+00
 6.25487e+17	1.00e+00	1.19e-13	0.00e+00
 6.25761e+17	1.00e+00	1.18e-13	0.00e+00
 6.26016e+17	1.00e+00	1.17e-13	0.00e+00
 6.26256e+17	1.00e+00	1.16e-13	0.00e+00
 6.26517e+17	1.00e+00	1.14e-13	0.00e+00
 6.26804e+17	1.00e+00	1.13e-13	0.00e+00
 6.27095e+17	1.00e+00	1.11e-13	0.00e+00
 6.27386e+17	1.00e+00	1.10e-13	0.00e+00
 6.27685e+17	1.00e+00	1.09e-13	0.00e+00
 6.27992e+17	1.00e+00	1.07e-13	0.00e+00
 6.28300e+17	1.00e+00	1.05e-13	0.00e+00
 6.28619e+17	1.00e+00	1.04e-13	0.00e+00
 6.28961e+17	1.00e+00	1.02e-13	0.00e+00
 6.29314e+17	1.00e+00	1.00e-13	0.00e+00
 6.29662e+17	1.00e+00	9.85e-14	0.00e+00
 6.30011e+17	1.00e+00	9.68e-14	0.00e+00
 6.30384e+17	1.00e+00	9.50e-14	0.00e+00
 6.30787e+17	1.00e+00	9.29e-14	0.00e+00
 6.31193e+17	1.00e+00	9.08e-14	0.00e+00
 6.31577e+17	1.00e+00	8.88e-14	0.00e+00
 6.31962e+17	1.00e+00	8.70e-14	0.00e+00
 6.32386e+17	1.00e+00	8.50e-14	0.00e+00
 6.32847e+17	1.00e+00	8.27e-14	0.00e+00
 6.33296e+17	1.00e+00	8.03e-14	0.00e+00
 6.33716e+17	1.00e+00	7.83e-14	0.00e+00
 6.34154e+17	1.00e+00	7.63e-14	0.00e+00
 6.34634e+17	1.00e+00	7.41e-14	0.00e+00
 6.35137e+17	1.00e+00	7.16e-14	0.00e+00
 6.35635e+17	1.00e+00	6.93e-14	0.00e+00
 6.36117e+17	1.00e+00	6.70e-14	0.00e+00
 6.36603e+17	1.00e+00	6.49e-14	0.00e+00
 6.37123e+17	1.00e+00	6.26e-14	0.00e+00
 6.37673e+17	1.00e+00	6.02e-14	0.00e+00
 6.38224e+17	1.00e+00	5.77e-14	0.00e+00
 6.38773e+17	1.00e+00	5.55e-14	0.00e+00
 6.39332e+17	1.00e+00	5.31e-14	0.00e+00
 6.39904e+17	1.00e+00	5.08e-14	0.00e+00
 6.40487e+17	1.00e+00	4.85e-14	0.00e+00
 6.41080e+17	1.00e+00	4.62e-14	0.00e+00
 6.41684e+17	1.00e+00	4.40e-14	0.00e+00
 6.42319e+17	1.00e+00	4.17e-14	0.00e+00
 6.42976e+17	1.00e+00	3.93e-14	0.00e+00
 6.43618e+17	1.00e+00	3.71e-14	0.00e+00
 6.44256e+17	1.00e+00	3.51e-14	0.00e+00
 6.44931e+17	1.00e+00	3.30e-14	0.00e+00
 6.45645e+17	1.00e+00	3.09e-14	0.00e+00
 6.46380e+17	1.00e+00	2.88e-14	0.00e+00
 6.47130e+17	1.00e+00	2.67e-14	0.00e+00
 6.47884e+17	1.00e+00	2.47e-14	0.00e+00
 6.48619e+17	1.00e+00	2.28e-14	0.00e+00
 6.49290e+17	1.00e+00	2.11e-14	0.00e+00
 6.49870e+17	1.00e+00	1.98e-14	0.00e+00
 6.50385e+17	1.00e+00	1.86e-14	0.00e+00
 6.50870e+17	1.00e+00	1.76e-14	0.00e+00
 6.51346e+17	1.00e+00	1.67e-14	0.00e+00
 6.51809e+17	1.00e+00	1.58e-14	0.00e+00
 6.52246e+17	1.00e+00	1.50e-14	0.00e+00
 6.52653e+17	1.00e+00	1.43e-14	0.00e+00
 6.53036e+17	1.00e+00	1.37e-14	0.00e+00
 6.53405e+17	1.00e+00	1.30e-14	0.00e+00
 6.53764e+17	1.00e+00	1.25e-14	0.00e+00
 6.54112e+17	1.00e+00	1.19e-14	0.00e+00
 6.54445e+17	1.00e+00	1.14e-14	0.00e+00
 6.54764e+17	1.00e+00	1.10e-14	0.00e+00
 6.55071e+17	1.00e+00	1.06e-14	0.00e+00
 6.55368e+17	1.00e+00	1.01e-14	0.00e+00
 6.55656e+17	1.00e+00	9.76e-15	0.00e+00
 6.55936e+17	1.00e+00	9.39e-15	0.00e+00
 6.56208e+17	1.00e+00	9.04e-15	0.00e+00
 6.56470e+17	1.00e+00	8.72e-15	0.00e+00
 6.56725e+17	1.00e+00	8.39e-15	0.00e+00
 6.56970e+17	1.00e+00	8.11e-15	0.00e+00
 6.57210e+17	1.00e+00	7.83e-15	0.00e+00
 6.57446e+17	1.00e+00	7.55e-15	0.00e+00
 6.57675e+17	1.00e+00	7.30e-15	0.00e+00
 6.57896e+17	1.00e+00	7.04e-15	0.00e+00
 6.58108e+17	1.00e+00	6.83e-15	0.00e+00
 6.58316e+17	1.00e+00	6.60e-15	0.00e+00
 6.58524e+17	1.00e+00	6.39e-15	0.00e+00
 6.58763e+17	1.00e+00	6.17e-15	0.00e+00
