#depth	C	C+	C+2	C+3	C+4	C+5	C+6	C[1]	C[2]	C[3]	C+[1]	C+[2]	CO
 1.49634e+10	1.10e-47	4.53e-36	1.53e-25	1.60e-15	5.55e-05	2.29e-01	7.71e-01	0.00e+00	0.00e+00	0.00e+00	0.00e+00	0.00e+00	0.00e+00
 4.54887e+10	0.00e+00	6.52e-36	2.03e-25	1.96e-15	6.32e-05	2.44e-01	7.56e-01	0.00e+00	0.00e+00	0.00e+00	0.00e+00	0.00e+00	0.00e+00
 7.72350e+10	2.68e-47	9.47e-36	2.73e-25	2.44e-15	7.25e-05	2.58e-01	7.42e-01	0.00e+00	0.00e+00	0.00e+00	0.00e+00	0.00e+00	1.21e-148
 1.10251e+11	0.00e+00	1.38e-35	3.66e-25	3.02e-15	8.30e-05	2.74e-01	7.26e-01	0.00e+00	0.00e+00	0.00e+00	0.00e+00	0.00e+00	1.67e-191
 1.42442e+11	6.42e-47	1.95e-35	4.81e-25	3.69e-15	9.41e-05	2.89e-01	7.11e-01	0.00e+00	0.00e+00	0.00e+00	0.00e+00	0.00e+00	1.13e-147
 1.73096e+11	0.00e+00	2.68e-35	6.20e-25	4.43e-15	1.06e-04	3.03e-01	6.97e-01	0.00e+00	0.00e+00	0.00e+00	0.00e+00	0.00e+00	8.59e-191
 2.07123e+11	1.44e-46	3.78e-35	8.12e-25	5.40e-15	1.20e-04	3.19e-01	6.81e-01	0.00e+00	0.00e+00	0.00e+00	0.00e+00	0.00e+00	8.81e-147
 2.45334e+11	0.00e+00	5.46e-35	1.08e-24	6.66e-15	1.36e-04	3.36e-01	6.64e-01	0.00e+00	0.00e+00	0.00e+00	0.00e+00	0.00e+00	3.74e-190
 2.83856e+11	3.47e-46	7.80e-35	1.43e-24	8.16e-15	1.55e-04	3.53e-01	6.46e-01	0.00e+00	0.00e+00	0.00e+00	0.00e+00	0.00e+00	8.46e-146
 3.23919e+11	0.00e+00	1.12e-34	1.90e-24	1.00e-14	1.75e-04	3.71e-01	6.29e-01	0.00e+00	0.00e+00	0.00e+00	0.00e+00	0.00e+00	1.93e-189
 3.66803e+11	8.35e-46	1.61e-34	2.53e-24	1.23e-14	1.99e-04	3.90e-01	6.10e-01	0.00e+00	0.00e+00	0.00e+00	0.00e+00	0.00e+00	3.27e-233
 4.11402e+11	0.00e+00	2.31e-34	3.36e-24	1.51e-14	2.26e-04	4.09e-01	5.91e-01	0.00e+00	0.00e+00	0.00e+00	0.00e+00	0.00e+00	6.16e-166
 4.57784e+11	2.03e-45	3.33e-34	4.47e-24	1.85e-14	2.57e-04	4.28e-01	5.72e-01	0.00e+00	0.00e+00	0.00e+00	0.00e+00	0.00e+00	5.44e-210
 5.06023e+11	0.00e+00	4.79e-34	5.93e-24	2.27e-14	2.91e-04	4.48e-01	5.52e-01	0.00e+00	0.00e+00	0.00e+00	0.00e+00	0.00e+00	8.43e-165
 5.56190e+11	4.91e-45	6.87e-34	7.87e-24	2.78e-14	3.29e-04	4.67e-01	5.32e-01	0.00e+00	0.00e+00	0.00e+00	0.00e+00	0.00e+00	3.93e-209
 6.08365e+11	0.00e+00	9.86e-34	1.04e-23	3.41e-14	3.71e-04	4.87e-01	5.12e-01	0.00e+00	0.00e+00	0.00e+00	0.00e+00	0.00e+00	1.15e-163
 6.62626e+11	1.18e-44	1.41e-33	1.38e-23	4.16e-14	4.19e-04	5.07e-01	4.93e-01	0.00e+00	0.00e+00	0.00e+00	0.00e+00	0.00e+00	2.82e-208
 7.19058e+11	0.00e+00	2.03e-33	1.83e-23	5.09e-14	4.73e-04	5.27e-01	4.73e-01	0.00e+00	0.00e+00	0.00e+00	0.00e+00	0.00e+00	1.58e-162
 7.77747e+11	2.85e-44	2.90e-33	2.41e-23	6.20e-14	5.33e-04	5.47e-01	4.53e-01	0.00e+00	0.00e+00	0.00e+00	0.00e+00	0.00e+00	2.03e-207
 8.38784e+11	0.00e+00	4.15e-33	3.19e-23	7.56e-14	5.99e-04	5.66e-01	4.33e-01	0.00e+00	0.00e+00	0.00e+00	0.00e+00	0.00e+00	2.15e-161
 8.97870e+11	6.63e-44	5.78e-33	4.12e-23	9.08e-14	6.68e-04	5.85e-01	4.15e-01	0.00e+00	0.00e+00	0.00e+00	0.00e+00	0.00e+00	1.47e-206
 9.51912e+11	0.00e+00	7.76e-33	5.18e-23	1.07e-13	7.35e-04	6.01e-01	3.99e-01	0.00e+00	0.00e+00	0.00e+00	0.00e+00	0.00e+00	2.14e-160
 1.01188e+12	1.40e-43	1.07e-32	6.63e-23	1.27e-13	8.16e-04	6.17e-01	3.82e-01	0.00e+00	0.00e+00	0.00e+00	0.00e+00	0.00e+00	8.07e-206
 1.08165e+12	0.00e+00	1.52e-32	8.71e-23	1.54e-13	9.13e-04	6.36e-01	3.63e-01	0.00e+00	0.00e+00	0.00e+00	0.00e+00	0.00e+00	2.49e-159
 1.15076e+12	3.26e-43	2.12e-32	1.13e-22	1.85e-13	1.02e-03	6.53e-01	3.46e-01	0.00e+00	0.00e+00	0.00e+00	0.00e+00	0.00e+00	5.11e-205
 1.21718e+12	0.00e+00	2.89e-32	1.44e-22	2.19e-13	1.12e-03	6.69e-01	3.30e-01	0.00e+00	0.00e+00	0.00e+00	0.00e+00	0.00e+00	2.70e-158
 1.29033e+12	7.18e-43	4.03e-32	1.86e-22	2.63e-13	1.25e-03	6.85e-01	3.13e-01	0.00e+00	0.00e+00	0.00e+00	0.00e+00	0.00e+00	3.29e-204
 1.37187e+12	0.00e+00	5.75e-32	2.44e-22	3.18e-13	1.39e-03	7.02e-01	2.96e-01	0.00e+00	0.00e+00	0.00e+00	0.00e+00	0.00e+00	3.40e-157
 1.45473e+12	1.70e-42	8.12e-32	3.19e-22	3.84e-13	1.55e-03	7.18e-01	2.80e-01	0.00e+00	0.00e+00	0.00e+00	0.00e+00	0.00e+00	1.40e-203
 1.54092e+12	0.00e+00	1.15e-31	4.17e-22	4.63e-13	1.73e-03	7.34e-01	2.64e-01	0.00e+00	0.00e+00	0.00e+00	0.00e+00	0.00e+00	4.43e-156
 1.63248e+12	4.03e-42	1.64e-31	5.48e-22	5.61e-13	1.93e-03	7.49e-01	2.49e-01	0.00e+00	0.00e+00	0.00e+00	0.00e+00	0.00e+00	1.80e-202
 1.72771e+12	0.00e+00	2.34e-31	7.20e-22	6.79e-13	2.15e-03	7.64e-01	2.34e-01	0.00e+00	0.00e+00	0.00e+00	0.00e+00	0.00e+00	6.15e-155
 1.82674e+12	9.65e-42	3.33e-31	9.46e-22	8.21e-13	2.40e-03	7.78e-01	2.19e-01	0.00e+00	0.00e+00	0.00e+00	0.00e+00	0.00e+00	8.92e-202
 1.92974e+12	0.00e+00	4.75e-31	1.24e-21	9.93e-13	2.67e-03	7.92e-01	2.06e-01	0.00e+00	0.00e+00	0.00e+00	0.00e+00	0.00e+00	8.58e-154
 2.03685e+12	2.31e-41	6.78e-31	1.63e-21	1.20e-12	2.98e-03	8.05e-01	1.92e-01	0.00e+00	0.00e+00	0.00e+00	0.00e+00	0.00e+00	1.28e-200
 2.14826e+12	0.00e+00	9.67e-31	2.15e-21	1.45e-12	3.31e-03	8.17e-01	1.80e-01	0.00e+00	0.00e+00	0.00e+00	0.00e+00	0.00e+00	1.21e-152
 2.25278e+12	5.33e-41	1.33e-30	2.75e-21	1.72e-12	3.64e-03	8.27e-01	1.69e-01	0.00e+00	0.00e+00	0.00e+00	0.00e+00	0.00e+00	9.72e-200
 2.34589e+12	0.00e+00	1.76e-30	3.40e-21	2.00e-12	3.96e-03	8.36e-01	1.60e-01	0.00e+00	0.00e+00	0.00e+00	0.00e+00	0.00e+00	1.12e-151
 2.45028e+12	1.09e-40	2.38e-30	4.29e-21	2.35e-12	4.34e-03	8.45e-01	1.51e-01	0.00e+00	0.00e+00	0.00e+00	0.00e+00	0.00e+00	1.51e-198
 2.57442e+12	0.00e+00	3.37e-30	5.60e-21	2.82e-12	4.80e-03	8.55e-01	1.41e-01	0.00e+00	0.00e+00	0.00e+00	0.00e+00	0.00e+00	1.26e-150
 2.69940e+12	2.54e-40	4.72e-30	7.25e-21	3.37e-12	5.30e-03	8.63e-01	1.31e-01	0.00e+00	0.00e+00	0.00e+00	0.00e+00	0.00e+00	0.00e+00
 2.81620e+12	0.00e+00	6.39e-30	9.15e-21	3.96e-12	5.80e-03	8.71e-01	1.23e-01	0.00e+00	0.00e+00	0.00e+00	0.00e+00	0.00e+00	1.36e-149
 2.94558e+12	5.54e-40	8.87e-30	1.18e-20	4.71e-12	6.39e-03	8.78e-01	1.15e-01	0.00e+00	0.00e+00	0.00e+00	0.00e+00	0.00e+00	9.65e-197
 3.09333e+12	0.00e+00	1.27e-29	1.55e-20	5.69e-12	7.09e-03	8.86e-01	1.07e-01	0.00e+00	0.00e+00	0.00e+00	0.00e+00	0.00e+00	1.76e-148
 3.24010e+12	1.32e-39	1.79e-29	2.02e-20	6.81e-12	7.83e-03	8.93e-01	9.91e-02	0.00e+00	0.00e+00	0.00e+00	0.00e+00	0.00e+00	9.57e-196
 3.39274e+12	0.00e+00	2.53e-29	2.63e-20	8.18e-12	8.65e-03	8.99e-01	9.20e-02	0.00e+00	0.00e+00	0.00e+00	0.00e+00	0.00e+00	2.29e-147
 3.55838e+12	3.18e-39	3.64e-29	3.47e-20	9.89e-12	9.60e-03	9.05e-01	8.50e-02	0.00e+00	0.00e+00	0.00e+00	0.00e+00	0.00e+00	3.58e-194
 3.72694e+12	0.00e+00	5.19e-29	4.56e-20	1.19e-11	1.06e-02	9.11e-01	7.86e-02	0.00e+00	0.00e+00	0.00e+00	0.00e+00	0.00e+00	3.30e-146
 3.88388e+12	7.32e-39	7.13e-29	5.81e-20	1.41e-11	1.16e-02	9.15e-01	7.32e-02	0.00e+00	0.00e+00	0.00e+00	0.00e+00	0.00e+00	1.45e-194
 4.02877e+12	0.00e+00	9.50e-29	7.24e-20	1.63e-11	1.26e-02	9.19e-01	6.86e-02	0.00e+00	0.00e+00	0.00e+00	0.00e+00	0.00e+00	3.13e-145
 4.19450e+12	1.55e-38	1.31e-28	9.25e-20	1.93e-11	1.38e-02	9.22e-01	6.38e-02	0.00e+00	0.00e+00	0.00e+00	0.00e+00	0.00e+00	3.33e-193
 4.38890e+12	0.00e+00	1.87e-28	1.22e-19	2.33e-11	1.53e-02	9.26e-01	5.88e-02	0.00e+00	0.00e+00	0.00e+00	0.00e+00	0.00e+00	3.89e-144
 4.58150e+12	3.72e-38	2.64e-28	1.58e-19	2.79e-11	1.68e-02	9.29e-01	5.43e-02	0.00e+00	0.00e+00	0.00e+00	0.00e+00	0.00e+00	0.00e+00
 4.76185e+12	0.00e+00	3.61e-28	2.01e-19	3.28e-11	1.83e-02	9.31e-01	5.04e-02	0.00e+00	0.00e+00	0.00e+00	0.00e+00	0.00e+00	4.44e-143
 4.96230e+12	8.31e-38	5.05e-28	2.60e-19	3.90e-11	2.01e-02	9.33e-01	4.66e-02	0.00e+00	0.00e+00	0.00e+00	0.00e+00	0.00e+00	6.52e-203
 5.19072e+12	0.00e+00	7.31e-28	3.45e-19	4.73e-11	2.23e-02	9.35e-01	4.27e-02	0.00e+00	0.00e+00	0.00e+00	0.00e+00	0.00e+00	6.06e-142
 5.41581e+12	2.03e-37	1.04e-27	4.52e-19	5.67e-11	2.45e-02	9.36e-01	3.92e-02	0.00e+00	0.00e+00	0.00e+00	0.00e+00	0.00e+00	5.23e-202
 5.64991e+12	0.00e+00	1.48e-27	5.92e-19	6.81e-11	2.70e-02	9.37e-01	3.60e-02	0.00e+00	0.00e+00	0.00e+00	0.00e+00	0.00e+00	8.19e-141
 5.90583e+12	5.00e-37	2.14e-27	7.87e-19	8.26e-11	2.99e-02	9.37e-01	3.29e-02	0.00e+00	0.00e+00	0.00e+00	0.00e+00	0.00e+00	6.19e-227
 6.16331e+12	0.00e+00	3.07e-27	1.04e-18	9.96e-11	3.29e-02	9.37e-01	3.01e-02	0.00e+00	0.00e+00	0.00e+00	0.00e+00	0.00e+00	1.23e-139
 6.43108e+12	1.23e-36	4.41e-27	1.37e-18	1.20e-10	3.63e-02	9.36e-01	2.75e-02	0.00e+00	0.00e+00	0.00e+00	0.00e+00	0.00e+00	0.00e+00
 6.71825e+12	0.00e+00	6.42e-27	1.83e-18	1.46e-10	4.01e-02	9.35e-01	2.50e-02	0.00e+00	0.00e+00	0.00e+00	0.00e+00	0.00e+00	1.85e-138
 7.00363e+12	3.05e-36	9.19e-27	2.40e-18	1.75e-10	4.41e-02	9.33e-01	2.28e-02	0.00e+00	0.00e+00	0.00e+00	0.00e+00	0.00e+00	0.00e+00
 7.30042e+12	0.00e+00	1.32e-26	3.17e-18	2.11e-10	4.85e-02	9.31e-01	2.08e-02	0.00e+00	0.00e+00	0.00e+00	0.00e+00	0.00e+00	2.60e-137
 7.62236e+12	7.60e-36	1.92e-26	4.23e-18	2.56e-10	5.36e-02	9.28e-01	1.89e-02	0.00e+00	0.00e+00	0.00e+00	0.00e+00	0.00e+00	0.00e+00
 7.95718e+12	0.00e+00	2.79e-26	5.64e-18	3.11e-10	5.91e-02	9.24e-01	1.71e-02	0.00e+00	0.00e+00	0.00e+00	0.00e+00	0.00e+00	4.12e-136
 8.30540e+12	1.93e-35	4.06e-26	7.54e-18	3.78e-10	6.52e-02	9.19e-01	1.54e-02	0.00e+00	0.00e+00	0.00e+00	0.00e+00	0.00e+00	0.00e+00
 8.66754e+12	0.00e+00	5.92e-26	1.01e-17	4.59e-10	7.18e-02	9.14e-01	1.39e-02	0.00e+00	0.00e+00	0.00e+00	0.00e+00	0.00e+00	6.49e-135
 8.99450e+12	4.63e-35	8.21e-26	1.30e-17	5.44e-10	7.81e-02	9.09e-01	1.27e-02	0.00e+00	0.00e+00	0.00e+00	0.00e+00	0.00e+00	1.39e-98
 9.26593e+12	0.00e+00	1.07e-25	1.59e-17	6.23e-10	8.36e-02	9.05e-01	1.18e-02	0.00e+00	0.00e+00	0.00e+00	0.00e+00	0.00e+00	0.00e+00
 9.56286e+12	9.05e-35	1.41e-25	1.97e-17	7.20e-10	8.97e-02	8.99e-01	1.10e-02	0.00e+00	0.00e+00	0.00e+00	0.00e+00	0.00e+00	9.50e-116
 9.94027e+12	1.38e-34	1.99e-25	2.57e-17	8.60e-10	9.79e-02	8.92e-01	9.93e-03	0.00e+00	0.00e+00	0.00e+00	0.00e+00	0.00e+00	1.55e-97
 1.03346e+13	2.12e-34	2.80e-25	3.35e-17	1.03e-09	1.07e-01	8.84e-01	8.99e-03	0.00e+00	0.00e+00	0.00e+00	0.00e+00	0.00e+00	0.00e+00
 1.06828e+13	3.04e-34	3.76e-25	4.20e-17	1.20e-09	1.15e-01	8.77e-01	8.25e-03	0.00e+00	0.00e+00	0.00e+00	0.00e+00	0.00e+00	2.28e-114
 1.10053e+13	4.21e-34	4.88e-25	5.15e-17	1.37e-09	1.23e-01	8.70e-01	7.63e-03	0.00e+00	0.00e+00	0.00e+00	0.00e+00	0.00e+00	1.77e-96
 1.13711e+13	6.00e-34	6.50e-25	6.43e-17	1.59e-09	1.32e-01	8.61e-01	6.99e-03	0.00e+00	0.00e+00	0.00e+00	0.00e+00	0.00e+00	0.00e+00
 1.18243e+13	9.17e-34	9.15e-25	8.40e-17	1.90e-09	1.43e-01	8.51e-01	6.29e-03	0.00e+00	0.00e+00	0.00e+00	0.00e+00	0.00e+00	4.13e-113
 1.22769e+13	1.37e-33	1.27e-24	1.08e-16	2.25e-09	1.55e-01	8.39e-01	5.68e-03	0.00e+00	0.00e+00	0.00e+00	0.00e+00	0.00e+00	2.34e-95
 1.26651e+13	1.92e-33	1.66e-24	1.34e-16	2.59e-09	1.66e-01	8.29e-01	5.21e-03	0.00e+00	0.00e+00	0.00e+00	0.00e+00	0.00e+00	2.90e-112
 1.30842e+13	2.71e-33	2.20e-24	1.66e-16	3.00e-09	1.77e-01	8.18e-01	4.76e-03	0.00e+00	0.00e+00	0.00e+00	0.00e+00	0.00e+00	1.03e-94
 1.36025e+13	4.08e-33	3.07e-24	2.16e-16	3.56e-09	1.92e-01	8.04e-01	4.26e-03	0.00e+00	0.00e+00	0.00e+00	0.00e+00	0.00e+00	2.15e-111
 1.41350e+13	6.11e-33	4.25e-24	2.78e-16	4.22e-09	2.07e-01	7.89e-01	3.81e-03	0.00e+00	0.00e+00	0.00e+00	0.00e+00	0.00e+00	6.06e-94
 1.46170e+13	8.65e-33	5.64e-24	3.47e-16	4.89e-09	2.21e-01	7.76e-01	3.46e-03	0.00e+00	0.00e+00	0.00e+00	0.00e+00	0.00e+00	1.59e-110
 1.51481e+13	1.25e-32	7.59e-24	4.37e-16	5.70e-09	2.36e-01	7.61e-01	3.12e-03	0.00e+00	0.00e+00	0.00e+00	0.00e+00	0.00e+00	2.90e-93
 1.57722e+13	1.88e-32	1.06e-23	5.68e-16	6.77e-09	2.55e-01	7.43e-01	2.76e-03	0.00e+00	0.00e+00	0.00e+00	0.00e+00	0.00e+00	1.29e-109
 1.63955e+13	2.78e-32	1.45e-23	7.27e-16	7.97e-09	2.73e-01	7.24e-01	2.46e-03	0.00e+00	0.00e+00	0.00e+00	0.00e+00	0.00e+00	1.69e-92
 1.69888e+13	3.97e-32	1.94e-23	9.10e-16	9.24e-09	2.91e-01	7.07e-01	2.20e-03	0.00e+00	0.00e+00	0.00e+00	0.00e+00	0.00e+00	9.76e-109
 1.76434e+13	5.76e-32	2.62e-23	1.15e-15	1.08e-08	3.10e-01	6.88e-01	1.96e-03	0.00e+00	0.00e+00	0.00e+00	0.00e+00	0.00e+00	8.45e-92
 1.83791e+13	8.58e-32	3.62e-23	1.48e-15	1.27e-08	3.32e-01	6.67e-01	1.73e-03	0.00e+00	0.00e+00	0.00e+00	0.00e+00	0.00e+00	8.09e-108
 1.90413e+13	1.21e-31	4.78e-23	1.84e-15	1.47e-08	3.51e-01	6.48e-01	1.54e-03	0.00e+00	0.00e+00	0.00e+00	0.00e+00	0.00e+00	4.39e-91
 1.95884e+13	1.58e-31	5.95e-23	2.18e-15	1.64e-08	3.67e-01	6.32e-01	1.41e-03	0.00e+00	0.00e+00	0.00e+00	0.00e+00	0.00e+00	4.41e-107
 2.01860e+13	2.10e-31	7.48e-23	2.61e-15	1.84e-08	3.83e-01	6.15e-01	1.28e-03	0.00e+00	0.00e+00	0.00e+00	0.00e+00	0.00e+00	1.52e-90
 2.09493e+13	2.98e-31	9.92e-23	3.25e-15	2.12e-08	4.05e-01	5.94e-01	1.13e-03	0.00e+00	0.00e+00	0.00e+00	0.00e+00	0.00e+00	2.59e-106
 2.17195e+13	4.16e-31	1.30e-22	4.02e-15	2.43e-08	4.26e-01	5.73e-01	1.00e-03	0.00e+00	0.00e+00	0.00e+00	0.00e+00	0.00e+00	7.13e-90
 2.23568e+13	5.43e-31	1.61e-22	4.74e-15	2.70e-08	4.42e-01	5.57e-01	9.10e-04	0.00e+00	0.00e+00	0.00e+00	0.00e+00	0.00e+00	1.42e-105
 2.30297e+13	7.11e-31	2.01e-22	5.62e-15	3.01e-08	4.60e-01	5.39e-01	8.23e-04	0.00e+00	0.00e+00	0.00e+00	0.00e+00	0.00e+00	2.42e-89
 2.38933e+13	9.92e-31	2.62e-22	6.91e-15	3.44e-08	4.81e-01	5.18e-01	7.25e-04	0.00e+00	0.00e+00	0.00e+00	0.00e+00	0.00e+00	7.94e-105
 2.47985e+13	1.38e-30	3.43e-22	8.51e-15	3.92e-08	5.03e-01	4.96e-01	6.37e-04	0.00e+00	0.00e+00	0.00e+00	0.00e+00	0.00e+00	1.11e-88
 2.55914e+13	1.83e-30	4.29e-22	1.01e-14	4.37e-08	5.22e-01	4.78e-01	5.70e-04	0.00e+00	0.00e+00	0.00e+00	0.00e+00	0.00e+00	4.64e-104
 2.64442e+13	2.43e-30	5.41e-22	1.21e-14	4.89e-08	5.41e-01	4.59e-01	5.08e-04	0.00e+00	0.00e+00	0.00e+00	0.00e+00	0.00e+00	4.14e-88
 2.74797e+13	3.40e-30	7.07e-22	1.49e-14	5.57e-08	5.63e-01	4.36e-01	4.42e-04	0.00e+00	0.00e+00	0.00e+00	0.00e+00	0.00e+00	2.85e-103
 2.84815e+13	4.62e-30	9.06e-22	1.80e-14	6.27e-08	5.84e-01	4.16e-01	3.88e-04	0.00e+00	0.00e+00	0.00e+00	0.00e+00	0.00e+00	1.86e-87
 2.93242e+13	5.93e-30	1.11e-21	2.10e-14	6.89e-08	6.00e-01	4.00e-01	3.49e-04	0.00e+00	0.00e+00	0.00e+00	0.00e+00	0.00e+00	1.48e-102
 3.02311e+13	7.67e-30	1.36e-21	2.46e-14	7.60e-08	6.17e-01	3.83e-01	3.12e-04	0.00e+00	0.00e+00	0.00e+00	0.00e+00	0.00e+00	6.17e-87
 3.13735e+13	1.05e-29	1.75e-21	2.98e-14	8.55e-08	6.37e-01	3.63e-01	2.72e-04	0.00e+00	0.00e+00	0.00e+00	0.00e+00	0.00e+00	8.13e-102
 3.25465e+13	1.42e-29	2.23e-21	3.59e-14	9.59e-08	6.56e-01	3.44e-01	2.36e-04	0.00e+00	0.00e+00	0.00e+00	0.00e+00	0.00e+00	2.68e-86
 3.35671e+13	1.83e-29	2.73e-21	4.19e-14	1.05e-07	6.72e-01	3.28e-01	2.10e-04	0.00e+00	0.00e+00	0.00e+00	0.00e+00	0.00e+00	4.43e-101
 3.46653e+13	2.39e-29	3.37e-21	4.92e-14	1.16e-07	6.88e-01	3.12e-01	1.86e-04	0.00e+00	0.00e+00	0.00e+00	0.00e+00	0.00e+00	9.42e-86
 3.60067e+13	3.25e-29	4.32e-21	5.93e-14	1.30e-07	7.06e-01	2.94e-01	1.61e-04	0.00e+00	0.00e+00	0.00e+00	0.00e+00	0.00e+00	2.55e-100
 3.73561e+13	4.37e-29	5.47e-21	7.09e-14	1.45e-07	7.23e-01	2.77e-01	1.39e-04	0.00e+00	0.00e+00	0.00e+00	0.00e+00	0.00e+00	4.12e-85
 3.85599e+13	5.64e-29	6.70e-21	8.27e-14	1.59e-07	7.37e-01	2.63e-01	1.23e-04	0.00e+00	0.00e+00	0.00e+00	0.00e+00	0.00e+00	1.40e-99
 3.98825e+13	7.38e-29	8.30e-21	9.71e-14	1.74e-07	7.52e-01	2.48e-01	1.08e-04	0.00e+00	0.00e+00	0.00e+00	0.00e+00	0.00e+00	1.51e-84
 4.14576e+13	1.00e-28	1.06e-20	1.17e-13	1.94e-07	7.68e-01	2.32e-01	9.26e-05	0.00e+00	0.00e+00	0.00e+00	0.00e+00	0.00e+00	8.48e-99
 4.30313e+13	1.35e-28	1.34e-20	1.39e-13	2.15e-07	7.82e-01	2.18e-01	7.99e-05	0.00e+00	0.00e+00	0.00e+00	0.00e+00	0.00e+00	6.74e-84
 4.44939e+13	1.74e-28	1.64e-20	1.62e-13	2.36e-07	7.95e-01	2.05e-01	6.99e-05	0.00e+00	0.00e+00	0.00e+00	0.00e+00	0.00e+00	4.87e-98
 4.61295e+13	2.32e-28	2.06e-20	1.91e-13	2.59e-07	8.07e-01	1.93e-01	6.07e-05	0.00e+00	0.00e+00	0.00e+00	0.00e+00	0.00e+00	2.69e-83
 4.80046e+13	3.16e-28	2.63e-20	2.29e-13	2.88e-07	8.21e-01	1.79e-01	5.17e-05	0.00e+00	0.00e+00	0.00e+00	0.00e+00	0.00e+00	3.22e-97
 4.98620e+13	4.24e-28	3.31e-20	2.72e-13	3.18e-07	8.33e-01	1.67e-01	4.44e-05	0.00e+00	0.00e+00	0.00e+00	0.00e+00	0.00e+00	1.25e-82
 5.17938e+13	5.69e-28	4.17e-20	3.22e-13	3.50e-07	8.44e-01	1.56e-01	3.81e-05	0.00e+00	0.00e+00	0.00e+00	0.00e+00	0.00e+00	2.12e-96
 5.38955e+13	7.74e-28	5.31e-20	3.85e-13	3.87e-07	8.55e-01	1.45e-01	3.24e-05	0.00e+00	0.00e+00	0.00e+00	0.00e+00	0.00e+00	5.88e-82
 5.60812e+13	1.05e-27	6.76e-20	4.58e-13	4.27e-07	8.65e-01	1.35e-01	2.77e-05	0.00e+00	0.00e+00	0.00e+00	0.00e+00	0.00e+00	1.54e-95
 5.81524e+13	1.39e-27	8.40e-20	5.37e-13	4.66e-07	8.74e-01	1.26e-01	2.39e-05	0.00e+00	0.00e+00	0.00e+00	0.00e+00	0.00e+00	2.71e-81
 6.00160e+13	1.77e-27	1.02e-19	6.15e-13	5.03e-07	8.82e-01	1.18e-01	2.10e-05	0.00e+00	0.00e+00	0.00e+00	0.00e+00	0.00e+00	8.30e-95
 6.17639e+13	2.21e-27	1.21e-19	6.97e-13	5.39e-07	8.88e-01	1.12e-01	1.87e-05	0.00e+00	0.00e+00	0.00e+00	0.00e+00	0.00e+00	9.11e-81
 6.36988e+13	2.80e-27	1.45e-19	7.95e-13	5.80e-07	8.94e-01	1.06e-01	1.65e-05	0.00e+00	0.00e+00	0.00e+00	0.00e+00	0.00e+00	3.66e-94
 6.58704e+13	3.63e-27	1.77e-19	9.18e-13	6.28e-07	9.01e-01	9.91e-02	1.44e-05	0.00e+00	0.00e+00	0.00e+00	0.00e+00	0.00e+00	3.39e-80
 6.79378e+13	4.60e-27	2.13e-19	1.05e-12	6.75e-07	9.07e-01	9.33e-02	1.27e-05	0.00e+00	0.00e+00	0.00e+00	0.00e+00	0.00e+00	1.84e-93
 7.02136e+13	5.93e-27	2.59e-19	1.20e-12	7.28e-07	9.12e-01	8.76e-02	1.11e-05	0.00e+00	0.00e+00	0.00e+00	0.00e+00	0.00e+00	1.25e-79
 7.27538e+13	7.79e-27	3.20e-19	1.40e-12	7.90e-07	9.18e-01	8.18e-02	9.66e-06	0.00e+00	0.00e+00	0.00e+00	0.00e+00	0.00e+00	1.03e-92
 7.50992e+13	9.95e-27	3.87e-19	1.60e-12	8.49e-07	9.23e-01	7.69e-02	8.49e-06	0.00e+00	0.00e+00	0.00e+00	0.00e+00	0.00e+00	4.98e-79
 7.72736e+13	1.24e-26	4.58e-19	1.80e-12	9.05e-07	9.27e-01	7.28e-02	7.57e-06	0.00e+00	0.00e+00	0.00e+00	0.00e+00	0.00e+00	4.67e-92
 7.97640e+13	1.59e-26	5.54e-19	2.05e-12	9.72e-07	9.32e-01	6.84e-02	6.67e-06	0.00e+00	0.00e+00	0.00e+00	0.00e+00	0.00e+00	1.74e-78
 8.28101e+13	2.12e-26	6.93e-19	2.40e-12	1.06e-06	9.36e-01	6.37e-02	5.74e-06	0.00e+00	0.00e+00	0.00e+00	0.00e+00	0.00e+00	2.69e-91
 8.58467e+13	2.80e-26	8.56e-19	2.79e-12	1.14e-06	9.41e-01	5.93e-02	4.96e-06	0.00e+00	0.00e+00	0.00e+00	0.00e+00	0.00e+00	8.00e-78
 8.84876e+13	3.54e-26	1.03e-18	3.16e-12	1.22e-06	9.44e-01	5.59e-02	4.39e-06	0.00e+00	0.00e+00	0.00e+00	0.00e+00	0.00e+00	1.44e-90
 9.13457e+13	4.54e-26	1.24e-18	3.60e-12	1.31e-06	9.47e-01	5.26e-02	3.87e-06	0.00e+00	0.00e+00	0.00e+00	0.00e+00	0.00e+00	2.97e-77
 9.48353e+13	6.10e-26	1.55e-18	4.20e-12	1.42e-06	9.51e-01	4.89e-02	3.34e-06	0.00e+00	0.00e+00	0.00e+00	0.00e+00	0.00e+00	8.42e-90
 9.83931e+13	8.09e-26	1.93e-18	4.88e-12	1.53e-06	9.55e-01	4.55e-02	2.87e-06	0.00e+00	0.00e+00	0.00e+00	0.00e+00	0.00e+00	1.43e-76
 1.01610e+14	1.04e-25	2.34e-18	5.57e-12	1.64e-06	9.57e-01	4.27e-02	2.53e-06	0.00e+00	0.00e+00	0.00e+00	0.00e+00	0.00e+00	2.85e-76
 1.05136e+14	1.36e-25	2.86e-18	6.39e-12	1.76e-06	9.60e-01	4.00e-02	2.21e-06	0.00e+00	0.00e+00	0.00e+00	0.00e+00	0.00e+00	5.94e-76
 1.09287e+14	1.85e-25	3.61e-18	7.48e-12	1.91e-06	9.63e-01	3.71e-02	1.90e-06	0.00e+00	0.00e+00	0.00e+00	0.00e+00	0.00e+00	1.37e-75
 1.13428e+14	2.48e-25	4.50e-18	8.70e-12	2.07e-06	9.65e-01	3.45e-02	1.64e-06	0.00e+00	0.00e+00	0.00e+00	0.00e+00	0.00e+00	3.02e-75
 1.17325e+14	3.24e-25	5.51e-18	9.97e-12	2.22e-06	9.68e-01	3.23e-02	1.43e-06	0.00e+00	0.00e+00	0.00e+00	0.00e+00	0.00e+00	6.28e-75
 1.21638e+14	4.31e-25	6.84e-18	1.15e-11	2.39e-06	9.70e-01	3.02e-02	1.24e-06	0.00e+00	0.00e+00	0.00e+00	0.00e+00	0.00e+00	1.38e-74
 1.26534e+14	5.90e-25	8.67e-18	1.35e-11	2.59e-06	9.72e-01	2.79e-02	1.07e-06	0.00e+00	0.00e+00	0.00e+00	0.00e+00	0.00e+00	3.27e-74
 1.31462e+14	7.96e-25	1.09e-17	1.58e-11	2.80e-06	9.74e-01	2.59e-02	9.16e-07	0.00e+00	0.00e+00	0.00e+00	0.00e+00	0.00e+00	7.42e-74
 1.36587e+14	1.08e-24	1.37e-17	1.84e-11	3.02e-06	9.76e-01	2.41e-02	0.00e+00	0.00e+00	0.00e+00	0.00e+00	0.00e+00	0.00e+00	1.72e-73
 1.42081e+14	1.48e-24	1.73e-17	2.15e-11	3.27e-06	9.78e-01	2.23e-02	0.00e+00	0.00e+00	0.00e+00	0.00e+00	0.00e+00	0.00e+00	4.09e-73
 1.47794e+14	2.02e-24	2.19e-17	2.52e-11	3.54e-06	9.79e-01	2.07e-02	0.00e+00	0.00e+00	0.00e+00	0.00e+00	0.00e+00	0.00e+00	9.65e-73
 1.53313e+14	2.70e-24	2.72e-17	2.92e-11	3.81e-06	9.81e-01	1.92e-02	0.00e+00	0.00e+00	0.00e+00	0.00e+00	0.00e+00	0.00e+00	2.13e-72
 1.58492e+14	3.52e-24	3.32e-17	3.33e-11	4.08e-06	9.82e-01	1.80e-02	0.00e+00	0.00e+00	0.00e+00	0.00e+00	0.00e+00	0.00e+00	4.41e-72
 1.63384e+14	4.48e-24	3.99e-17	3.76e-11	4.33e-06	9.83e-01	1.70e-02	0.00e+00	0.00e+00	0.00e+00	0.00e+00	0.00e+00	0.00e+00	8.63e-72
 1.68720e+14	5.78e-24	4.83e-17	4.27e-11	4.62e-06	9.84e-01	1.60e-02	0.00e+00	0.00e+00	0.00e+00	0.00e+00	1.56e-17	3.27e-17	1.74e-71
 1.74647e+14	7.58e-24	5.92e-17	4.91e-11	4.95e-06	9.85e-01	1.49e-02	0.00e+00	0.00e+00	0.00e+00	0.00e+00	1.97e-17	3.96e-17	3.65e-71
 1.80192e+14	9.73e-24	7.14e-17	5.56e-11	5.27e-06	9.86e-01	1.40e-02	0.00e+00	0.00e+00	0.00e+00	0.00e+00	2.37e-17	4.77e-17	7.26e-71
 1.86250e+14	1.27e-23	8.71e-17	6.34e-11	5.63e-06	9.87e-01	1.32e-02	0.00e+00	0.00e+00	0.00e+00	0.00e+00	2.89e-17	5.82e-17	1.51e-70
 1.93085e+14	1.68e-23	1.08e-16	7.32e-11	6.05e-06	9.88e-01	1.23e-02	0.00e+00	0.00e+00	0.00e+00	0.00e+00	3.58e-17	7.21e-17	3.30e-70
 1.99648e+14	2.18e-23	1.31e-16	8.37e-11	6.47e-06	9.89e-01	1.15e-02	0.00e+00	0.00e+00	0.00e+00	0.00e+00	4.35e-17	8.76e-17	6.69e-70
 2.06871e+14	2.89e-23	1.62e-16	9.64e-11	6.95e-06	9.89e-01	1.07e-02	0.00e+00	0.00e+00	0.00e+00	0.00e+00	5.38e-17	1.08e-16	1.46e-69
 2.14987e+14	3.92e-23	2.04e-16	1.12e-10	7.50e-06	9.90e-01	9.93e-03	0.00e+00	0.00e+00	0.00e+00	0.00e+00	6.77e-17	1.36e-16	3.39e-69
 2.22772e+14	5.16e-23	2.51e-16	1.30e-10	8.07e-06	9.91e-01	9.24e-03	0.00e+00	0.00e+00	0.00e+00	0.00e+00	8.33e-17	1.68e-16	7.18e-69
 2.31057e+14	6.91e-23	3.13e-16	1.50e-10	8.67e-06	9.91e-01	8.61e-03	0.00e+00	0.00e+00	0.00e+00	0.00e+00	1.04e-16	2.09e-16	1.61e-68
 2.40329e+14	9.35e-23	3.93e-16	1.76e-10	9.40e-06	9.92e-01	7.95e-03	0.00e+00	0.00e+00	0.00e+00	0.00e+00	1.30e-16	2.63e-16	3.68e-68
 2.48896e+14	1.23e-22	4.85e-16	2.02e-10	1.01e-05	9.93e-01	7.42e-03	0.00e+00	0.00e+00	0.00e+00	0.00e+00	1.61e-16	3.24e-16	7.92e-68
 2.56309e+14	1.54e-22	5.75e-16	2.27e-10	1.07e-05	9.93e-01	6.99e-03	0.00e+00	0.00e+00	0.00e+00	0.00e+00	1.91e-16	3.84e-16	1.46e-67
 2.64526e+14	1.98e-22	6.95e-16	2.58e-10	1.14e-05	9.93e-01	6.57e-03	0.00e+00	0.00e+00	0.00e+00	0.00e+00	2.30e-16	4.64e-16	2.92e-67
 2.74569e+14	2.64e-22	8.63e-16	3.00e-10	1.23e-05	9.94e-01	6.09e-03	0.00e+00	0.00e+00	0.00e+00	0.00e+00	2.86e-16	5.77e-16	6.39e-67
 2.84742e+14	3.50e-22	1.07e-15	3.47e-10	1.32e-05	9.94e-01	5.67e-03	0.00e+00	0.00e+00	0.00e+00	0.00e+00	3.54e-16	7.14e-16	1.38e-66
 2.93879e+14	4.47e-22	1.29e-15	3.94e-10	1.41e-05	9.95e-01	5.32e-03	0.00e+00	0.00e+00	0.00e+00	0.00e+00	4.26e-16	8.59e-16	2.71e-66
 3.03914e+14	5.82e-22	1.57e-15	4.51e-10	1.51e-05	9.95e-01	4.97e-03	0.00e+00	0.00e+00	0.00e+00	0.00e+00	5.21e-16	1.05e-15	5.64e-66
 3.15792e+14	7.78e-22	1.96e-15	5.27e-10	1.63e-05	9.95e-01	4.60e-03	0.00e+00	0.00e+00	0.00e+00	0.00e+00	6.50e-16	1.31e-15	1.25e-65
 3.27463e+14	1.03e-21	2.42e-15	6.10e-10	1.76e-05	9.96e-01	4.27e-03	0.00e+00	0.00e+00	0.00e+00	0.00e+00	8.04e-16	1.62e-15	2.68e-65
 3.38104e+14	1.32e-21	2.93e-15	6.93e-10	1.88e-05	9.96e-01	4.01e-03	0.00e+00	0.00e+00	0.00e+00	0.00e+00	9.73e-16	1.96e-15	5.36e-65
 3.50010e+14	1.71e-21	3.58e-15	7.97e-10	2.02e-05	9.96e-01	3.74e-03	0.00e+00	0.00e+00	0.00e+00	0.00e+00	1.19e-15	2.39e-15	1.09e-64
 3.63890e+14	2.30e-21	4.48e-15	9.33e-10	2.18e-05	9.97e-01	3.45e-03	0.00e+00	0.00e+00	0.00e+00	0.00e+00	1.49e-15	3.00e-15	2.46e-64
 3.77539e+14	3.05e-21	5.55e-15	1.08e-09	2.35e-05	9.97e-01	3.21e-03	0.00e+00	0.00e+00	0.00e+00	0.00e+00	1.84e-15	3.71e-15	5.34e-64
 3.90432e+14	3.96e-21	6.78e-15	1.24e-09	2.52e-05	9.97e-01	3.00e-03	0.00e+00	0.00e+00	0.00e+00	0.00e+00	2.25e-15	4.53e-15	1.11e-63
 4.04778e+14	5.17e-21	8.31e-15	1.43e-09	2.71e-05	9.97e-01	2.78e-03	0.00e+00	0.00e+00	0.00e+00	0.00e+00	2.75e-15	5.55e-15	2.29e-63
 4.20999e+14	7.01e-21	1.05e-14	1.67e-09	2.93e-05	9.97e-01	2.57e-03	0.00e+00	0.00e+00	0.00e+00	0.00e+00	3.47e-15	7.01e-15	5.33e-63
 4.37245e+14	9.26e-21	1.30e-14	1.95e-09	3.17e-05	9.98e-01	2.38e-03	0.00e+00	0.00e+00	0.00e+00	0.00e+00	4.29e-15	8.67e-15	1.14e-62
 4.52440e+14	1.20e-20	1.59e-14	2.24e-09	3.40e-05	9.98e-01	2.22e-03	0.00e+00	0.00e+00	0.00e+00	0.00e+00	5.25e-15	1.06e-14	2.37e-62
 4.68867e+14	1.56e-20	1.93e-14	2.58e-09	3.66e-05	9.98e-01	2.07e-03	0.00e+00	0.00e+00	0.00e+00	0.00e+00	6.41e-15	1.29e-14	4.83e-62
 4.87245e+14	2.10e-20	2.43e-14	3.01e-09	3.95e-05	9.98e-01	1.91e-03	0.00e+00	0.00e+00	0.00e+00	0.00e+00	8.03e-15	1.62e-14	1.10e-61
 5.04437e+14	2.68e-20	2.93e-14	3.46e-09	4.24e-05	9.98e-01	1.78e-03	0.00e+00	0.00e+00	0.00e+00	0.00e+00	9.70e-15	1.96e-14	2.15e-61
 5.20322e+14	3.38e-20	3.50e-14	3.92e-09	4.52e-05	9.98e-01	1.67e-03	0.00e+00	0.00e+00	0.00e+00	0.00e+00	1.16e-14	2.34e-14	4.09e-61
 5.35555e+14	4.22e-20	4.15e-14	4.39e-09	4.79e-05	9.98e-01	1.58e-03	0.00e+00	0.00e+00	0.00e+00	0.00e+00	1.37e-14	2.78e-14	7.59e-61
 5.52508e+14	5.31e-20	4.95e-14	4.98e-09	5.10e-05	9.98e-01	1.48e-03	0.00e+00	0.00e+00	0.00e+00	0.00e+00	1.64e-14	3.31e-14	1.44e-60
 5.71265e+14	6.72e-20	5.94e-14	5.69e-09	5.46e-05	9.99e-01	1.38e-03	0.00e+00	0.00e+00	0.00e+00	0.00e+00	1.97e-14	3.98e-14	2.76e-60
 5.88691e+14	8.47e-20	7.10e-14	6.42e-09	5.80e-05	9.99e-01	1.30e-03	0.00e+00	0.00e+00	0.00e+00	0.00e+00	2.35e-14	4.75e-14	5.26e-60
 6.07667e+14	1.06e-19	8.44e-14	7.29e-09	6.19e-05	9.99e-01	1.22e-03	0.00e+00	0.00e+00	0.00e+00	0.00e+00	2.79e-14	5.65e-14	9.78e-60
 6.28996e+14	1.37e-19	1.03e-13	8.37e-09	6.64e-05	9.99e-01	1.14e-03	0.00e+00	0.00e+00	0.00e+00	0.00e+00	3.41e-14	6.90e-14	2.02e-59
 6.49429e+14	1.71e-19	1.22e-13	9.52e-09	7.09e-05	9.99e-01	1.06e-03	0.00e+00	0.00e+00	0.00e+00	0.00e+00	4.04e-14	8.19e-14	3.70e-59
 6.72033e+14	2.21e-19	1.49e-13	1.09e-08	7.60e-05	9.99e-01	9.91e-04	0.00e+00	0.00e+00	0.00e+00	0.00e+00	4.92e-14	9.96e-14	7.53e-59
 6.96899e+14	2.89e-19	1.83e-13	1.26e-08	8.18e-05	9.99e-01	9.20e-04	0.00e+00	0.00e+00	0.00e+00	0.00e+00	6.06e-14	1.23e-13	1.60e-58
 7.19730e+14	3.61e-19	2.18e-13	1.44e-08	8.74e-05	9.99e-01	8.61e-04	0.00e+00	0.00e+00	0.00e+00	0.00e+00	7.20e-14	1.46e-13	2.96e-58
 7.44434e+14	4.66e-19	2.65e-13	1.64e-08	9.35e-05	9.99e-01	8.04e-04	0.00e+00	0.00e+00	0.00e+00	0.00e+00	8.76e-14	1.78e-13	6.05e-58
 7.72080e+14	6.02e-19	3.23e-13	1.90e-08	1.01e-04	9.99e-01	7.45e-04	0.00e+00	0.00e+00	0.00e+00	0.00e+00	1.07e-13	2.16e-13	1.23e-57
 7.98028e+14	7.66e-19	3.90e-13	2.17e-08	1.08e-04	9.99e-01	6.97e-04	0.00e+00	0.00e+00	0.00e+00	0.00e+00	1.29e-13	2.62e-13	2.43e-57
 8.26238e+14	9.76e-19	4.71e-13	2.50e-08	1.16e-04	9.99e-01	6.48e-04	0.00e+00	0.00e+00	0.00e+00	0.00e+00	1.55e-13	3.16e-13	4.75e-57
 8.57556e+14	1.28e-18	5.82e-13	2.90e-08	1.25e-04	9.99e-01	6.01e-04	0.00e+00	0.00e+00	0.00e+00	0.00e+00	1.92e-13	3.90e-13	1.02e-56
 8.86901e+14	1.61e-18	6.97e-13	3.32e-08	1.34e-04	9.99e-01	5.60e-04	0.00e+00	0.00e+00	0.00e+00	0.00e+00	2.30e-13	4.67e-13	1.94e-56
 9.18904e+14	2.08e-18	8.53e-13	3.82e-08	1.44e-04	9.99e-01	5.20e-04	0.00e+00	0.00e+00	0.00e+00	0.00e+00	2.81e-13	5.71e-13	4.01e-56
 9.54647e+14	2.70e-18	1.04e-12	4.46e-08	1.56e-04	9.99e-01	4.80e-04	0.00e+00	0.00e+00	0.00e+00	0.00e+00	3.44e-13	6.99e-13	8.22e-56
 9.88366e+14	3.47e-18	1.27e-12	5.12e-08	1.67e-04	9.99e-01	4.47e-04	0.00e+00	0.00e+00	0.00e+00	0.00e+00	4.19e-13	8.52e-13	1.68e-55
 1.02448e+15	4.43e-18	1.54e-12	5.92e-08	1.80e-04	9.99e-01	4.14e-04	0.00e+00	0.00e+00	0.00e+00	0.00e+00	5.07e-13	1.03e-12	3.31e-55
 1.06466e+15	5.80e-18	1.91e-12	6.90e-08	1.95e-04	9.99e-01	3.82e-04	0.00e+00	0.00e+00	0.00e+00	0.00e+00	6.28e-13	1.28e-12	7.16e-55
 1.10382e+15	7.38e-18	2.30e-12	7.99e-08	2.11e-04	9.99e-01	3.54e-04	0.00e+00	0.00e+00	0.00e+00	0.00e+00	7.58e-13	1.54e-12	1.40e-54
 1.14538e+15	9.56e-18	2.83e-12	9.27e-08	2.28e-04	9.99e-01	3.27e-04	0.00e+00	0.00e+00	0.00e+00	0.00e+00	9.32e-13	1.90e-12	2.94e-54
 1.19122e+15	1.24e-17	3.47e-12	1.09e-07	2.47e-04	9.99e-01	3.01e-04	0.00e+00	0.00e+00	0.00e+00	0.00e+00	1.14e-12	2.33e-12	6.07e-54
 1.23621e+15	1.60e-17	4.27e-12	1.26e-07	2.67e-04	9.99e-01	2.78e-04	0.00e+00	0.00e+00	0.00e+00	0.00e+00	1.40e-12	2.86e-12	1.27e-53
 1.27330e+15	1.94e-17	4.96e-12	1.42e-07	2.85e-04	9.99e-01	2.61e-04	0.00e+00	0.00e+00	0.00e+00	0.00e+00	1.63e-12	3.33e-12	2.17e-53
 1.30306e+15	2.26e-17	5.62e-12	1.56e-07	2.99e-04	9.99e-01	2.48e-04	0.00e+00	0.00e+00	0.00e+00	0.00e+00	1.85e-12	3.77e-12	3.39e-53
 1.33590e+15	2.68e-17	6.44e-12	1.73e-07	3.16e-04	9.99e-01	2.35e-04	0.00e+00	0.00e+00	0.00e+00	0.00e+00	2.12e-12	4.32e-12	5.52e-53
 1.37860e+15	3.29e-17	7.59e-12	1.96e-07	3.38e-04	9.99e-01	2.20e-04	0.00e+00	0.00e+00	0.00e+00	0.00e+00	2.49e-12	5.10e-12	9.92e-53
 1.42442e+15	4.07e-17	9.02e-12	2.24e-07	3.63e-04	9.99e-01	2.04e-04	0.00e+00	0.00e+00	0.00e+00	0.00e+00	2.96e-12	6.06e-12	1.84e-52
 1.46516e+15	4.91e-17	1.05e-11	2.51e-07	3.85e-04	9.99e-01	1.92e-04	0.00e+00	4.10e-18	1.23e-17	2.06e-17	3.45e-12	7.06e-12	3.18e-52
 1.50899e+15	5.94e-17	1.22e-11	2.83e-07	4.11e-04	9.99e-01	1.80e-04	0.00e+00	4.97e-18	1.49e-17	2.49e-17	4.02e-12	8.22e-12	5.47e-52
 1.56445e+15	7.50e-17	1.48e-11	3.28e-07	4.45e-04	9.99e-01	1.66e-04	0.00e+00	6.27e-18	1.88e-17	3.15e-17	4.86e-12	9.94e-12	1.08e-51
 1.62070e+15	9.42e-17	1.79e-11	3.78e-07	4.81e-04	9.99e-01	1.54e-04	0.00e+00	7.89e-18	2.37e-17	3.96e-17	5.86e-12	1.20e-11	2.13e-51
 1.66871e+15	1.14e-16	2.08e-11	4.26e-07	5.13e-04	9.99e-01	1.44e-04	0.00e+00	9.54e-18	2.87e-17	4.79e-17	6.83e-12	1.40e-11	3.70e-51
 1.72035e+15	1.38e-16	2.44e-11	4.82e-07	5.49e-04	9.99e-01	1.35e-04	0.00e+00	1.16e-17	3.48e-17	5.81e-17	8.01e-12	1.64e-11	6.56e-51
 1.78455e+15	1.75e-16	2.95e-11	5.60e-07	5.96e-04	9.99e-01	1.24e-04	0.00e+00	1.47e-17	4.40e-17	7.35e-17	9.68e-12	1.98e-11	1.30e-50
 1.84997e+15	2.19e-16	3.56e-11	6.47e-07	6.45e-04	9.99e-01	1.15e-04	0.00e+00	1.84e-17	5.52e-17	9.22e-17	1.17e-11	2.39e-11	2.59e-50
 1.90758e+15	2.67e-16	4.18e-11	7.34e-07	6.92e-04	9.99e-01	1.07e-04	0.00e+00	2.24e-17	6.73e-17	1.12e-16	1.37e-11	2.81e-11	4.64e-50
 1.97011e+15	3.29e-16	4.96e-11	8.36e-07	7.44e-04	9.99e-01	9.94e-05	0.00e+00	2.77e-17	8.31e-17	1.39e-16	1.63e-11	3.33e-11	8.73e-50
 2.04558e+15	4.16e-16	6.02e-11	9.74e-07	8.10e-04	9.99e-01	9.13e-05	0.00e+00	3.51e-17	1.05e-16	1.76e-16	1.98e-11	4.05e-11	1.79e-49
 2.12031e+15	5.19e-16	7.25e-11	1.13e-06	8.78e-04	9.99e-01	8.41e-05	0.00e+00	4.38e-17	1.31e-16	2.20e-16	2.38e-11	4.87e-11	3.55e-49
 2.18661e+15	6.31e-16	8.51e-11	1.28e-06	9.40e-04	9.99e-01	7.85e-05	0.00e+00	5.33e-17	1.60e-16	2.67e-16	2.79e-11	5.72e-11	6.48e-49
 2.25950e+15	7.73e-16	1.01e-10	1.46e-06	1.01e-03	9.99e-01	7.28e-05	0.00e+00	6.54e-17	1.96e-16	3.28e-16	3.30e-11	6.77e-11	1.22e-48
 2.34673e+15	9.77e-16	1.23e-10	1.70e-06	1.10e-03	9.99e-01	6.68e-05	0.00e+00	8.27e-17	2.48e-16	4.15e-16	4.02e-11	8.23e-11	2.55e-48
 2.43368e+15	1.23e-15	1.48e-10	1.96e-06	1.20e-03	9.99e-01	6.15e-05	0.00e+00	1.04e-16	3.13e-16	5.22e-16	4.86e-11	9.95e-11	5.22e-48
 2.51313e+15	1.50e-15	1.75e-10	2.24e-06	1.29e-03	9.99e-01	5.73e-05	0.00e+00	1.27e-16	3.83e-16	6.39e-16	5.75e-11	1.18e-10	9.87e-48
 2.60176e+15	1.87e-15	2.10e-10	2.57e-06	1.39e-03	9.99e-01	5.29e-05	0.00e+00	1.59e-16	4.77e-16	7.97e-16	6.90e-11	1.41e-10	1.98e-47
 2.70491e+15	2.38e-15	2.57e-10	3.00e-06	1.52e-03	9.98e-01	4.85e-05	0.00e+00	2.02e-16	6.07e-16	1.01e-15	8.44e-11	1.73e-10	4.32e-47
 2.80646e+15	2.99e-15	3.12e-10	3.48e-06	1.65e-03	9.98e-01	4.46e-05	0.00e+00	2.55e-16	7.66e-16	1.28e-15	1.02e-10	2.09e-10	9.18e-47
 2.90301e+15	3.70e-15	3.72e-10	3.99e-06	1.78e-03	9.98e-01	4.13e-05	0.00e+00	3.15e-16	9.46e-16	1.58e-15	1.22e-10	2.50e-10	1.84e-46
 2.98741e+15	4.43e-15	4.33e-10	4.47e-06	1.90e-03	9.98e-01	3.87e-05	0.00e+00	3.78e-16	1.13e-15	1.90e-15	1.42e-10	2.91e-10	3.32e-46
 3.05731e+15	5.13e-15	4.89e-10	4.91e-06	2.01e-03	9.98e-01	3.68e-05	0.00e+00	4.39e-16	1.32e-15	2.20e-15	1.61e-10	3.28e-10	5.40e-46
 3.13448e+15	6.01e-15	5.58e-10	5.42e-06	2.12e-03	9.98e-01	3.47e-05	0.00e+00	5.14e-16	1.54e-15	2.58e-15	1.83e-10	3.75e-10	9.10e-46
 3.23481e+15	7.27e-15	6.58e-10	6.15e-06	2.28e-03	9.98e-01	3.24e-05	0.00e+00	6.23e-16	1.87e-15	3.12e-15	2.16e-10	4.41e-10	1.75e-45
 3.34018e+15	8.77e-15	7.73e-10	6.99e-06	2.45e-03	9.98e-01	3.01e-05	0.00e+00	7.52e-16	2.26e-15	3.77e-15	2.54e-10	5.19e-10	3.30e-45
 3.43079e+15	1.06e-14	9.01e-10	7.78e-06	2.60e-03	9.97e-01	2.84e-05	0.00e+00	9.08e-16	2.73e-15	4.55e-15	2.96e-10	6.05e-10	6.09e-45
 3.52731e+15	1.27e-14	1.05e-09	8.69e-06	2.77e-03	9.97e-01	2.67e-05	0.00e+00	1.09e-15	3.27e-15	5.46e-15	3.44e-10	7.02e-10	1.11e-44
 3.65279e+15	1.59e-14	1.26e-09	1.00e-05	2.99e-03	9.97e-01	2.47e-05	0.00e+00	1.36e-15	4.10e-15	6.84e-15	4.16e-10	8.48e-10	2.34e-44
 3.78195e+15	1.97e-14	1.52e-09	1.15e-05	3.24e-03	9.97e-01	2.28e-05	0.00e+00	1.70e-15	5.10e-15	8.51e-15	5.01e-10	1.02e-09	4.91e-44
 3.88942e+15	2.36e-14	1.77e-09	1.28e-05	3.45e-03	9.97e-01	2.15e-05	0.00e+00	2.04e-15	6.11e-15	1.02e-14	5.83e-10	1.19e-09	8.96e-44
 4.00264e+15	2.83e-14	2.07e-09	1.44e-05	3.67e-03	9.96e-01	2.01e-05	0.00e+00	2.45e-15	7.34e-15	1.23e-14	6.81e-10	1.39e-09	1.66e-43
 4.14798e+15	3.56e-14	2.51e-09	1.66e-05	3.98e-03	9.96e-01	1.86e-05	0.00e+00	3.07e-15	9.23e-15	1.54e-14	8.27e-10	1.68e-09	3.57e-43
 4.30112e+15	4.36e-14	3.01e-09	1.92e-05	4.31e-03	9.96e-01	1.72e-05	0.00e+00	3.78e-15	1.13e-14	1.89e-14	9.92e-10	2.02e-09	7.26e-43
 4.43701e+15	5.33e-14	3.58e-09	2.17e-05	4.62e-03	9.95e-01	1.61e-05	0.00e+00	4.62e-15	1.39e-14	2.31e-14	1.18e-09	2.40e-09	1.46e-42
 4.58445e+15	6.57e-14	4.28e-09	2.47e-05	4.97e-03	9.95e-01	1.50e-05	0.00e+00	5.70e-15	1.71e-14	2.86e-14	1.41e-09	2.87e-09	2.93e-42
 4.76116e+15	8.60e-14	5.35e-09	2.88e-05	5.42e-03	9.95e-01	1.38e-05	0.00e+00	7.47e-15	2.24e-14	3.74e-14	1.76e-09	3.58e-09	7.07e-42
 4.93631e+15	1.08e-13	6.52e-09	3.32e-05	5.86e-03	9.94e-01	1.28e-05	0.00e+00	9.36e-15	2.81e-14	4.69e-14	2.15e-09	4.37e-09	1.51e-41
 5.09420e+15	1.30e-13	7.68e-09	3.77e-05	6.28e-03	9.94e-01	1.20e-05	0.00e+00	1.13e-14	3.39e-14	5.66e-14	2.53e-09	5.15e-09	2.84e-41
 5.26923e+15	1.61e-13	9.26e-09	4.31e-05	6.77e-03	9.93e-01	1.12e-05	0.00e+00	1.40e-14	4.21e-14	7.02e-14	3.06e-09	6.20e-09	5.66e-41
 5.47554e+15	2.12e-13	1.17e-08	5.03e-05	7.38e-03	9.93e-01	1.04e-05	0.00e+00	1.85e-14	5.56e-14	9.28e-14	3.86e-09	7.83e-09	1.39e-40
 5.67953e+15	2.66e-13	1.43e-08	5.82e-05	8.00e-03	9.92e-01	9.62e-06	0.00e+00	2.32e-14	6.97e-14	1.16e-13	4.72e-09	9.57e-09	2.96e-40
 5.86966e+15	3.30e-13	1.72e-08	6.64e-05	8.60e-03	9.91e-01	9.02e-06	0.00e+00	2.89e-14	8.66e-14	1.44e-13	5.69e-09	1.15e-08	6.02e-40
 6.08246e+15	4.10e-13	2.08e-08	7.66e-05	9.30e-03	9.91e-01	8.41e-06	0.00e+00	3.59e-14	1.08e-13	1.80e-13	6.87e-09	1.39e-08	1.22e-39
 6.32579e+15	5.42e-13	2.65e-08	8.98e-05	1.02e-02	9.90e-01	7.80e-06	0.00e+00	4.75e-14	1.43e-13	2.38e-13	8.75e-09	1.77e-08	3.05e-39
 6.56442e+15	6.91e-13	3.27e-08	1.04e-04	1.10e-02	9.89e-01	7.28e-06	0.00e+00	6.07e-14	1.82e-13	3.04e-13	1.08e-08	2.19e-08	6.68e-39
 6.75792e+15	8.35e-13	3.87e-08	1.17e-04	1.17e-02	9.88e-01	6.91e-06	0.00e+00	7.34e-14	2.20e-13	3.67e-13	1.28e-08	2.59e-08	1.23e-38
 6.90909e+15	9.64e-13	4.39e-08	1.28e-04	1.23e-02	9.88e-01	6.64e-06	0.00e+00	8.48e-14	2.54e-13	4.24e-13	1.45e-08	2.94e-08	1.93e-38
 7.07528e+15	1.13e-12	5.04e-08	1.41e-04	1.30e-02	9.87e-01	6.37e-06	0.00e+00	9.93e-14	2.98e-13	4.97e-13	1.67e-08	3.37e-08	3.19e-38
 7.29134e+15	1.35e-12	5.91e-08	1.59e-04	1.38e-02	9.86e-01	6.04e-06	0.00e+00	1.19e-13	3.58e-13	5.97e-13	1.95e-08	3.95e-08	5.51e-38
 7.52545e+15	1.70e-12	7.21e-08	1.81e-04	1.49e-02	9.85e-01	5.73e-06	0.00e+00	1.50e-13	4.49e-13	7.50e-13	2.39e-08	4.82e-08	1.13e-37
 7.73454e+15	2.04e-12	8.47e-08	2.03e-04	1.58e-02	9.84e-01	5.48e-06	0.00e+00	1.80e-13	5.41e-13	9.03e-13	2.80e-08	5.67e-08	2.00e-37
 7.95791e+15	2.46e-12	9.97e-08	2.28e-04	1.68e-02	9.83e-01	5.23e-06	0.00e+00	2.17e-13	6.52e-13	1.09e-12	3.30e-08	6.67e-08	3.55e-37
 8.24585e+15	3.16e-12	1.23e-07	2.63e-04	1.82e-02	9.82e-01	4.96e-06	0.00e+00	2.79e-13	8.37e-13	1.40e-12	4.09e-08	8.26e-08	7.61e-37
 8.53819e+15	3.90e-12	1.49e-07	3.04e-04	1.96e-02	9.80e-01	4.70e-06	0.00e+00	3.45e-13	1.04e-12	1.73e-12	4.92e-08	9.94e-08	1.41e-36
 8.78019e+15	4.70e-12	1.76e-07	3.41e-04	2.08e-02	9.79e-01	4.51e-06	0.00e+00	4.16e-13	1.25e-12	2.08e-12	5.82e-08	1.18e-07	2.52e-36
 9.03633e+15	5.81e-12	2.11e-07	3.84e-04	2.22e-02	9.77e-01	4.34e-06	0.00e+00	5.15e-13	1.54e-12	2.58e-12	7.01e-08	1.41e-07	4.78e-36
 9.36474e+15	7.47e-12	2.63e-07	4.46e-04	2.40e-02	9.76e-01	4.14e-06	0.00e+00	6.62e-13	1.99e-12	3.31e-12	8.71e-08	1.76e-07	1.01e-35
 9.70059e+15	9.42e-12	3.23e-07	5.16e-04	2.60e-02	9.74e-01	3.96e-06	0.00e+00	8.36e-13	2.51e-12	4.18e-12	1.07e-07	2.16e-07	1.98e-35
 9.98740e+15	1.14e-11	3.80e-07	5.83e-04	2.77e-02	9.72e-01	3.82e-06	0.00e+00	1.02e-12	3.05e-12	5.08e-12	1.26e-07	2.54e-07	3.40e-35
 1.02970e+16	1.41e-11	4.57e-07	6.64e-04	2.96e-02	9.70e-01	3.68e-06	0.00e+00	1.25e-12	3.76e-12	6.28e-12	1.52e-07	3.05e-07	6.18e-35
 1.06814e+16	1.87e-11	5.83e-07	7.77e-04	3.23e-02	9.67e-01	3.54e-06	0.00e+00	1.66e-12	4.98e-12	8.30e-12	1.93e-07	3.90e-07	1.41e-34
 1.10614e+16	2.37e-11	7.21e-07	9.02e-04	3.49e-02	9.64e-01	3.42e-06	0.00e+00	2.11e-12	6.33e-12	1.06e-11	2.39e-07	4.82e-07	2.74e-34
 1.13837e+16	2.90e-11	8.61e-07	1.02e-03	3.72e-02	9.62e-01	3.32e-06	0.00e+00	2.59e-12	7.76e-12	1.29e-11	2.86e-07	5.75e-07	4.83e-34
 1.17328e+16	3.62e-11	1.04e-06	1.17e-03	3.99e-02	9.59e-01	3.23e-06	0.00e+00	3.23e-12	9.69e-12	1.62e-11	3.45e-07	6.95e-07	8.78e-34
 1.21688e+16	4.67e-11	1.28e-06	1.37e-03	4.33e-02	9.55e-01	3.12e-06	0.00e+00	4.17e-12	1.25e-11	2.09e-11	4.25e-07	8.55e-07	1.65e-33
 1.25980e+16	6.07e-11	1.63e-06	1.60e-03	4.71e-02	9.51e-01	3.04e-06	0.00e+00	5.42e-12	1.63e-11	2.71e-11	5.40e-07	1.09e-06	3.52e-33
 1.29441e+16	7.39e-11	1.93e-06	1.80e-03	5.01e-02	9.48e-01	2.98e-06	0.00e+00	6.61e-12	1.98e-11	3.30e-11	6.41e-07	1.29e-06	5.86e-33
 1.33018e+16	9.09e-11	2.30e-06	2.04e-03	5.35e-02	9.44e-01	2.92e-06	0.00e+00	8.13e-12	2.44e-11	4.07e-11	7.62e-07	1.53e-06	9.89e-33
 1.37667e+16	1.17e-10	2.83e-06	2.39e-03	5.81e-02	9.40e-01	2.85e-06	0.00e+00	1.05e-11	3.15e-11	5.26e-11	9.38e-07	1.89e-06	1.81e-32
 1.42121e+16	1.51e-10	3.56e-06	2.78e-03	6.29e-02	9.34e-01	2.80e-06	0.00e+00	1.36e-11	4.07e-11	6.79e-11	1.18e-06	2.38e-06	3.69e-32
 1.45211e+16	1.78e-10	4.10e-06	3.07e-03	6.63e-02	9.31e-01	2.77e-06	0.00e+00	1.59e-11	4.78e-11	7.97e-11	1.36e-06	2.74e-06	5.43e-32
 1.48116e+16	2.09e-10	4.69e-06	3.38e-03	6.97e-02	9.27e-01	2.74e-06	0.00e+00	1.88e-11	5.63e-11	9.39e-11	1.56e-06	3.14e-06	8.15e-32
 1.51893e+16	2.57e-10	5.56e-06	3.83e-03	7.43e-02	9.22e-01	2.70e-06	0.00e+00	2.31e-11	6.92e-11	1.15e-10	1.85e-06	3.72e-06	1.32e-31
 1.56031e+16	3.20e-10	6.74e-06	4.38e-03	7.98e-02	9.16e-01	2.67e-06	0.00e+00	2.87e-11	8.62e-11	1.44e-10	2.24e-06	4.50e-06	2.30e-31
 1.59784e+16	3.90e-10	7.96e-06	4.94e-03	8.49e-02	9.10e-01	2.64e-06	0.00e+00	3.51e-11	1.05e-10	1.75e-10	2.65e-06	5.32e-06	3.66e-31
 1.63810e+16	4.83e-10	9.37e-06	5.63e-03	9.07e-02	9.04e-01	2.61e-06	0.00e+00	4.34e-11	1.30e-10	2.17e-10	3.11e-06	6.25e-06	5.63e-31
 1.68231e+16	6.12e-10	1.16e-05	6.49e-03	9.79e-02	8.96e-01	2.59e-06	0.00e+00	5.52e-11	1.65e-10	2.76e-10	3.87e-06	7.77e-06	1.07e-30
 1.72128e+16	7.51e-10	1.38e-05	7.35e-03	1.04e-01	8.88e-01	2.58e-06	0.00e+00	6.77e-11	2.03e-10	3.38e-10	4.59e-06	9.22e-06	1.69e-30
 1.75570e+16	9.03e-10	1.60e-05	8.21e-03	1.10e-01	8.81e-01	2.56e-06	0.00e+00	8.15e-11	2.44e-10	4.07e-10	5.32e-06	1.07e-05	2.49e-30
 1.79455e+16	1.11e-09	1.88e-05	9.32e-03	1.18e-01	8.73e-01	2.55e-06	0.00e+00	9.99e-11	3.00e-10	4.99e-10	6.24e-06	1.25e-05	3.81e-30
 1.83766e+16	1.41e-09	2.33e-05	1.08e-02	1.27e-01	8.62e-01	2.55e-06	0.00e+00	1.28e-10	3.83e-10	6.39e-10	7.75e-06	1.56e-05	7.09e-30
 1.87682e+16	1.74e-09	2.76e-05	1.22e-02	1.35e-01	8.53e-01	2.54e-06	0.00e+00	1.57e-10	4.72e-10	7.87e-10	9.18e-06	1.84e-05	1.09e-29
 1.91248e+16	2.11e-09	3.20e-05	1.38e-02	1.44e-01	8.43e-01	2.53e-06	0.00e+00	1.90e-10	5.71e-10	9.53e-10	1.07e-05	2.14e-05	1.60e-29
 1.94764e+16	2.55e-09	3.76e-05	1.55e-02	1.52e-01	8.32e-01	2.53e-06	0.00e+00	2.31e-10	6.94e-10	1.16e-09	1.25e-05	2.51e-05	2.46e-29
 1.98240e+16	3.20e-09	4.56e-05	1.75e-02	1.62e-01	8.20e-01	2.56e-06	0.00e+00	2.90e-10	8.70e-10	1.45e-09	1.52e-05	3.04e-05	4.28e-29
 2.01604e+16	3.86e-09	5.31e-05	1.97e-02	1.72e-01	8.08e-01	2.56e-06	4.92e-12	3.50e-10	1.05e-09	1.75e-09	1.77e-05	3.54e-05	6.29e-29
 2.05374e+16	4.89e-09	6.47e-05	2.27e-02	1.85e-01	7.93e-01	2.58e-06	0.00e+00	4.44e-10	1.33e-09	2.22e-09	2.15e-05	4.32e-05	1.10e-28
 2.09252e+16	6.17e-09	7.77e-05	2.61e-02	1.98e-01	7.76e-01	2.60e-06	0.00e+00	5.61e-10	1.68e-09	2.80e-09	2.59e-05	5.18e-05	1.75e-28
 2.12437e+16	7.45e-09	8.99e-05	2.93e-02	2.09e-01	7.61e-01	2.61e-06	0.00e+00	6.77e-10	2.03e-09	3.39e-09	2.99e-05	6.00e-05	2.54e-28
 2.15310e+16	8.96e-09	1.05e-04	3.28e-02	2.21e-01	7.46e-01	2.64e-06	0.00e+00	8.16e-10	2.45e-09	4.08e-09	3.48e-05	6.98e-05	3.81e-28
