#depth	He	He+	He+2
 1.49634e+10	1.09e-22	7.24e-12	1.00e+00
 4.54887e+10	1.23e-22	7.84e-12	1.00e+00
 7.72350e+10	1.39e-22	8.50e-12	1.00e+00
 1.10251e+11	1.57e-22	9.22e-12	1.00e+00
 1.42622e+11	1.76e-22	9.95e-12	1.00e+00
 1.76287e+11	1.97e-22	1.07e-11	1.00e+00
 2.13265e+11	2.24e-22	1.17e-11	1.00e+00
 2.50671e+11	2.53e-22	1.26e-11	1.00e+00
 2.89573e+11	2.87e-22	1.37e-11	1.00e+00
 3.31083e+11	3.26e-22	1.49e-11	1.00e+00
 3.74253e+11	3.72e-22	1.61e-11	1.00e+00
 4.19150e+11	4.25e-22	1.75e-11	1.00e+00
 4.65843e+11	4.85e-22	1.90e-11	1.00e+00
 5.14403e+11	5.55e-22	2.07e-11	1.00e+00
 5.64906e+11	6.37e-22	2.25e-11	1.00e+00
 6.17429e+11	7.31e-22	2.45e-11	1.00e+00
 6.66814e+11	8.30e-22	2.64e-11	1.00e+00
 7.10978e+11	9.25e-22	2.82e-11	1.00e+00
 7.60557e+11	1.04e-21	3.04e-11	1.00e+00
 8.19314e+11	1.20e-21	3.30e-11	1.00e+00
 8.78367e+11	1.37e-21	3.58e-11	1.00e+00
 9.33788e+11	1.55e-21	3.85e-11	1.00e+00
 9.95072e+11	1.77e-21	4.17e-11	1.00e+00
 1.06480e+12	2.04e-21	4.55e-11	1.00e+00
 1.13439e+12	2.35e-21	4.95e-11	1.00e+00
 1.20676e+12	2.71e-21	5.38e-11	1.00e+00
 1.28496e+12	3.14e-21	5.88e-11	1.00e+00
 1.36628e+12	3.65e-21	6.43e-11	1.00e+00
 1.44298e+12	4.18e-21	6.97e-11	1.00e+00
 1.51204e+12	4.70e-21	7.49e-11	1.00e+00
 1.58981e+12	5.34e-21	8.10e-11	1.00e+00
 1.68141e+12	6.19e-21	8.85e-11	1.00e+00
 1.77293e+12	7.14e-21	9.65e-11	1.00e+00
 1.85913e+12	8.12e-21	1.04e-10	1.00e+00
 1.95444e+12	9.30e-21	1.14e-10	1.00e+00
 2.06255e+12	1.08e-20	1.25e-10	1.00e+00
 2.16946e+12	1.25e-20	1.37e-10	1.00e+00
 2.28065e+12	1.44e-20	1.49e-10	1.00e+00
 2.40180e+12	1.67e-20	1.64e-10	1.00e+00
 2.52412e+12	1.93e-20	1.80e-10	1.00e+00
 2.65133e+12	2.22e-20	1.98e-10	1.00e+00
 2.78252e+12	2.56e-20	2.18e-10	1.00e+00
 2.91139e+12	2.93e-20	2.38e-10	1.00e+00
 3.05020e+12	3.35e-20	2.61e-10	1.00e+00
 3.20213e+12	3.87e-20	2.89e-10	1.00e+00
 3.36015e+12	4.46e-20	3.19e-10	1.00e+00
 3.52448e+12	5.13e-20	3.53e-10	1.00e+00
 3.69538e+12	5.89e-20	3.91e-10	1.00e+00
 3.84994e+12	6.65e-20	4.27e-10	1.00e+00
 3.97867e+12	7.31e-20	4.59e-10	1.00e+00
 4.11968e+12	8.07e-20	4.95e-10	1.00e+00
 4.29834e+12	9.11e-20	5.44e-10	1.00e+00
 4.48476e+12	1.03e-19	5.99e-10	1.00e+00
 4.64293e+12	1.14e-19	6.48e-10	1.00e+00
 4.80555e+12	1.25e-19	7.01e-10	1.00e+00
 5.01038e+12	1.41e-19	7.71e-10	1.00e+00
 5.21851e+12	1.58e-19	8.48e-10	1.00e+00
 5.39693e+12	1.74e-19	9.16e-10	1.00e+00
 5.58830e+12	1.91e-19	9.94e-10	1.00e+00
 5.82536e+12	2.14e-19	1.09e-09	1.00e+00
 6.06851e+12	2.40e-19	1.21e-09	1.00e+00
 6.28725e+12	2.66e-19	1.31e-09	1.00e+00
 6.52753e+12	2.95e-19	1.43e-09	1.00e+00
 6.81158e+12	3.34e-19	1.58e-09	1.00e+00
 7.09620e+12	3.76e-19	1.74e-09	1.00e+00
 7.36602e+12	4.21e-19	1.90e-09	1.00e+00
 7.66439e+12	4.75e-19	2.08e-09	1.00e+00
 8.00089e+12	5.43e-19	2.31e-09	1.00e+00
 8.33676e+12	6.20e-19	2.54e-09	1.00e+00
 8.63350e+12	6.96e-19	2.75e-09	1.00e+00
 8.88232e+12	7.65e-19	2.94e-09	1.00e+00
 9.15004e+12	8.47e-19	3.15e-09	1.00e+00
 9.49807e+12	9.65e-19	3.44e-09	1.00e+00
 9.86217e+12	1.10e-18	3.75e-09	1.00e+00
 1.01728e+13	1.24e-18	4.03e-09	1.00e+00
 1.05021e+13	1.39e-18	4.34e-09	1.00e+00
 1.09169e+13	1.61e-18	4.74e-09	1.00e+00
 1.13443e+13	1.86e-18	5.18e-09	1.00e+00
 1.17198e+13	2.11e-18	5.59e-09	1.00e+00
 1.21269e+13	2.42e-18	6.04e-09	1.00e+00
 1.25773e+13	2.80e-18	6.57e-09	1.00e+00
 1.29939e+13	3.19e-18	7.08e-09	1.00e+00
 1.34454e+13	3.67e-18	7.65e-09	1.00e+00
 1.39480e+13	4.27e-18	8.32e-09	1.00e+00
 1.44174e+13	4.89e-18	8.96e-09	1.00e+00
 1.49282e+13	5.66e-18	9.70e-09	1.00e+00
 1.54962e+13	6.63e-18	1.06e-08	1.00e+00
 1.60269e+13	7.64e-18	1.14e-08	1.00e+00
 1.66053e+13	8.88e-18	1.23e-08	1.00e+00
 1.72514e+13	1.05e-17	1.34e-08	1.00e+00
 1.78598e+13	1.21e-17	1.45e-08	1.00e+00
 1.85251e+13	1.42e-17	1.58e-08	1.00e+00
 1.92703e+13	1.68e-17	1.72e-08	1.00e+00
 1.99764e+13	1.96e-17	1.86e-08	1.00e+00
 2.07346e+13	2.30e-17	2.02e-08	1.00e+00
 2.15940e+13	2.74e-17	2.21e-08	1.00e+00
 2.24424e+13	3.23e-17	2.41e-08	1.00e+00
 2.33248e+13	3.81e-17	2.62e-08	1.00e+00
 2.42877e+13	4.53e-17	2.86e-08	1.00e+00
 2.52891e+13	5.37e-17	3.12e-08	1.00e+00
 2.62354e+13	6.28e-17	3.38e-08	1.00e+00
 2.70826e+13	7.20e-17	3.62e-08	1.00e+00
 2.78738e+13	8.13e-17	3.85e-08	1.00e+00
 2.87473e+13	9.26e-17	4.11e-08	1.00e+00
 2.97304e+13	1.07e-16	4.41e-08	1.00e+00
 3.06701e+13	1.21e-16	4.72e-08	1.00e+00
 3.17058e+13	1.40e-16	5.06e-08	1.00e+00
 3.28586e+13	1.62e-16	5.45e-08	1.00e+00
 3.39216e+13	1.85e-16	5.83e-08	1.00e+00
 3.49112e+13	2.08e-16	6.19e-08	1.00e+00
 3.60472e+13	2.38e-16	6.61e-08	1.00e+00
 3.74380e+13	2.77e-16	7.15e-08	1.00e+00
 3.88237e+13	3.23e-16	7.71e-08	1.00e+00
 4.00250e+13	3.65e-16	8.21e-08	1.00e+00
 4.13228e+13	4.15e-16	8.76e-08	1.00e+00
 4.29125e+13	4.83e-16	9.45e-08	1.00e+00
 4.45352e+13	5.62e-16	1.02e-07	1.00e+00
 4.59961e+13	6.39e-16	1.09e-07	1.00e+00
 4.75928e+13	7.32e-16	1.17e-07	1.00e+00
 4.94802e+13	8.53e-16	1.26e-07	1.00e+00
 5.13668e+13	9.92e-16	1.36e-07	1.00e+00
 5.31332e+13	1.13e-15	1.45e-07	1.00e+00
 5.50928e+13	1.30e-15	1.56e-07	1.00e+00
 5.73264e+13	1.53e-15	1.69e-07	1.00e+00
 5.95436e+13	1.77e-15	1.82e-07	1.00e+00
 6.18496e+13	2.05e-15	1.96e-07	1.00e+00
 6.43535e+13	2.39e-15	2.12e-07	1.00e+00
 6.69576e+13	2.79e-15	2.29e-07	1.00e+00
 6.96658e+13	3.26e-15	2.48e-07	1.00e+00
 7.22942e+13	3.75e-15	2.66e-07	1.00e+00
 7.47715e+13	4.28e-15	2.85e-07	1.00e+00
 7.71050e+13	4.82e-15	3.03e-07	1.00e+00
 7.96436e+13	5.46e-15	3.22e-07	1.00e+00
 8.24894e+13	6.25e-15	3.45e-07	1.00e+00
 8.51874e+13	7.07e-15	3.68e-07	1.00e+00
 8.81476e+13	8.08e-15	3.93e-07	1.00e+00
 9.14517e+13	9.31e-15	4.23e-07	1.00e+00
 9.45925e+13	1.06e-14	4.52e-07	1.00e+00
 9.80394e+13	1.22e-14	4.85e-07	1.00e+00
 1.01908e+14	1.42e-14	5.24e-07	1.00e+00
 1.05639e+14	1.63e-14	5.62e-07	1.00e+00
 1.09603e+14	1.87e-14	6.05e-07	1.00e+00
 1.13663e+14	2.16e-14	6.51e-07	1.00e+00
 1.17254e+14	2.43e-14	6.92e-07	1.00e+00
 1.21149e+14	2.76e-14	7.39e-07	1.00e+00
 1.25833e+14	3.19e-14	7.97e-07	1.00e+00
 1.30472e+14	3.68e-14	8.58e-07	1.00e+00
 1.34612e+14	4.16e-14	9.14e-07	1.00e+00
 1.39174e+14	4.73e-14	9.78e-07	1.00e+00
 1.44602e+14	5.47e-14	1.06e-06	1.00e+00
 1.49985e+14	6.31e-14	1.14e-06	1.00e+00
 1.54891e+14	7.16e-14	1.22e-06	1.00e+00
 1.60351e+14	8.16e-14	1.30e-06	1.00e+00
 1.66721e+14	9.48e-14	1.41e-06	1.00e+00
 1.72985e+14	1.09e-13	1.52e-06	1.00e+00
 1.78884e+14	1.24e-13	1.63e-06	1.00e+00
 1.85454e+14	1.42e-13	1.75e-06	1.00e+00
 1.92902e+14	1.66e-13	1.90e-06	1.00e+00
 2.00325e+14	1.91e-13	2.05e-06	1.00e+00
 2.07271e+14	2.17e-13	2.20e-06	1.00e+00
 2.14817e+14	2.48e-13	2.36e-06	1.00e+00
 2.23260e+14	2.86e-13	2.55e-06	1.00e+00
 2.31145e+14	3.25e-13	2.74e-06	1.00e+00
 2.38430e+14	3.65e-13	2.92e-06	1.00e+00
 2.45411e+14	4.06e-13	3.09e-06	1.00e+00
 2.53152e+14	4.55e-13	3.30e-06	1.00e+00
 2.61718e+14	5.14e-13	3.53e-06	1.00e+00
 2.69702e+14	5.72e-13	3.75e-06	1.00e+00
 2.78426e+14	6.42e-13	4.00e-06	1.00e+00
 2.88229e+14	7.28e-13	4.29e-06	1.00e+00
 2.97544e+14	8.16e-13	4.58e-06	1.00e+00
 3.07762e+14	9.21e-13	4.90e-06	1.00e+00
 3.19084e+14	1.05e-12	5.28e-06	1.00e+00
 3.29573e+14	1.17e-12	5.63e-06	1.00e+00
 3.40939e+14	1.32e-12	6.04e-06	1.00e+00
 3.53593e+14	1.51e-12	6.50e-06	1.00e+00
 3.65442e+14	1.69e-12	6.96e-06	1.00e+00
 3.78364e+14	1.91e-12	7.47e-06	1.00e+00
 3.92724e+14	2.18e-12	8.07e-06	1.00e+00
 4.06131e+14	2.45e-12	8.64e-06	1.00e+00
 4.20741e+14	2.77e-12	9.30e-06	1.00e+00
 4.37043e+14	3.17e-12	1.01e-05	1.00e+00
 4.52422e+14	3.56e-12	1.08e-05	1.00e+00
 4.68965e+14	4.04e-12	1.16e-05	1.00e+00
 4.87753e+14	4.63e-12	1.26e-05	1.00e+00
 5.06089e+14	5.27e-12	1.36e-05	1.00e+00
 5.25158e+14	6.00e-12	1.48e-05	1.00e+00
 5.46194e+14	6.88e-12	1.60e-05	1.00e+00
 5.66914e+14	7.87e-12	1.74e-05	1.00e+00
 5.83893e+14	8.71e-12	1.85e-05	1.00e+00
 5.97378e+14	9.45e-12	1.94e-05	1.00e+00
 6.12330e+14	1.03e-11	2.05e-05	1.00e+00
 6.31767e+14	1.15e-11	2.19e-05	1.00e+00
 6.52650e+14	1.30e-11	2.35e-05	1.00e+00
 6.71247e+14	1.43e-11	2.50e-05	1.00e+00
 6.91258e+14	1.60e-11	2.67e-05	1.00e+00
 7.16635e+14	1.82e-11	2.89e-05	1.00e+00
 7.42367e+14	2.08e-11	3.12e-05	1.00e+00
 7.64123e+14	2.30e-11	3.33e-05	1.00e+00
 7.87331e+14	2.56e-11	3.55e-05	1.00e+00
 8.16473e+14	2.94e-11	3.86e-05	1.00e+00
 8.46576e+14	3.37e-11	4.19e-05	1.00e+00
 8.73095e+14	3.78e-11	4.49e-05	1.00e+00
 9.01703e+14	4.25e-11	4.82e-05	1.00e+00
 9.36245e+14	4.92e-11	5.26e-05	1.00e+00
 9.70464e+14	5.66e-11	5.71e-05	1.00e+00
 1.00079e+15	6.35e-11	6.11e-05	1.00e+00
 1.03410e+15	7.14e-11	6.58e-05	1.00e+00
 1.07399e+15	8.32e-11	7.18e-05	1.00e+00
 1.11374e+15	9.58e-11	7.79e-05	1.00e+00
 1.15001e+15	1.08e-10	8.38e-05	1.00e+00
 1.19046e+15	1.24e-10	9.07e-05	1.00e+00
 1.23761e+15	1.44e-10	9.91e-05	1.00e+00
 1.28399e+15	1.67e-10	1.08e-04	1.00e+00
 1.32786e+15	1.88e-10	1.16e-04	1.00e+00
 1.37662e+15	2.19e-10	1.26e-04	1.00e+00
 1.42273e+15	2.50e-10	1.36e-04	1.00e+00
 1.45703e+15	2.74e-10	1.44e-04	1.00e+00
 1.49196e+15	3.01e-10	1.51e-04	1.00e+00
 1.53738e+15	3.35e-10	1.62e-04	1.00e+00
 1.58683e+15	3.85e-10	1.74e-04	1.00e+00
 1.63145e+15	4.28e-10	1.85e-04	1.00e+00
 1.67939e+15	4.77e-10	1.98e-04	1.00e+00
 1.74062e+15	5.56e-10	2.15e-04	1.00e+00
 1.80254e+15	6.41e-10	2.32e-04	1.00e+00
 1.85415e+15	7.17e-10	2.47e-04	1.00e+00
 1.90897e+15	8.06e-10	2.64e-04	1.00e+00
 1.97877e+15	9.32e-10	2.86e-04	1.00e+00
 2.05249e+15	1.06e-09	3.10e-04	1.00e+00
 2.11859e+15	1.21e-09	3.33e-04	1.00e+00
 2.19035e+15	1.40e-09	3.59e-04	1.00e+00
 2.27555e+15	1.65e-09	3.91e-04	1.00e+00
 2.35934e+15	1.89e-09	4.24e-04	1.00e+00
 2.43543e+15	2.16e-09	4.55e-04	1.00e+00
 2.52036e+15	2.46e-09	4.91e-04	1.00e+00
 2.61975e+15	2.92e-09	5.35e-04	9.99e-01
 2.71782e+15	3.38e-09	5.80e-04	9.99e-01
 2.81036e+15	3.89e-09	6.25e-04	9.99e-01
 2.91334e+15	4.45e-09	6.76e-04	9.99e-01
 3.02990e+15	5.34e-09	7.38e-04	9.99e-01
 3.12754e+15	6.07e-09	7.91e-04	9.99e-01
 3.19760e+15	6.65e-09	8.30e-04	9.99e-01
 3.27086e+15	7.31e-09	8.73e-04	9.99e-01
 3.36610e+15	8.10e-09	9.29e-04	9.99e-01
 3.47242e+15	9.37e-09	9.95e-04	9.99e-01
 3.57179e+15	1.05e-08	1.06e-03	9.99e-01
 3.67962e+15	1.17e-08	1.13e-03	9.99e-01
 3.80074e+15	1.36e-08	1.21e-03	9.99e-01
 3.91519e+15	1.53e-08	1.29e-03	9.99e-01
 4.03999e+15	1.73e-08	1.39e-03	9.99e-01
 4.18023e+15	2.03e-08	1.50e-03	9.99e-01
 4.31310e+15	2.31e-08	1.60e-03	9.98e-01
 4.45841e+15	2.60e-08	1.72e-03	9.98e-01
 4.61890e+15	3.08e-08	1.86e-03	9.98e-01
 4.76666e+15	3.49e-08	1.99e-03	9.98e-01
 4.92630e+15	3.96e-08	2.14e-03	9.98e-01
 5.10428e+15	4.59e-08	2.32e-03	9.98e-01
 5.27165e+15	5.38e-08	2.49e-03	9.98e-01
 5.45475e+15	6.21e-08	2.69e-03	9.97e-01
 5.65631e+15	7.20e-08	2.92e-03	9.97e-01
 5.83696e+15	8.14e-08	3.13e-03	9.97e-01
 6.00167e+15	9.18e-08	3.34e-03	9.97e-01
 6.19054e+15	1.05e-07	3.58e-03	9.96e-01
 6.42325e+15	1.26e-07	3.91e-03	9.96e-01
 6.65133e+15	1.45e-07	4.23e-03	9.96e-01
 6.82901e+15	1.61e-07	4.50e-03	9.96e-01
 7.00279e+15	1.80e-07	4.78e-03	9.95e-01
 7.22871e+15	2.12e-07	5.17e-03	9.95e-01
 7.44874e+15	2.40e-07	5.55e-03	9.94e-01
 7.62738e+15	2.65e-07	5.88e-03	9.94e-01
 7.82589e+15	2.97e-07	6.28e-03	9.94e-01
 8.08395e+15	3.54e-07	6.83e-03	9.93e-01
 8.33636e+15	4.06e-07	7.39e-03	9.93e-01
 8.53365e+15	4.54e-07	7.86e-03	9.92e-01
 8.74235e+15	5.12e-07	8.40e-03	9.92e-01
 9.01365e+15	5.84e-07	9.14e-03	9.91e-01
 9.29252e+15	6.95e-07	9.98e-03	9.90e-01
 9.51863e+15	7.85e-07	1.07e-02	9.89e-01
 9.74996e+15	8.89e-07	1.15e-02	9.88e-01
 1.00054e+16	1.01e-06	1.25e-02	9.87e-01
 1.02404e+16	1.18e-06	1.35e-02	9.86e-01
 1.04526e+16	1.32e-06	1.45e-02	9.86e-01
 1.06870e+16	1.50e-06	1.57e-02	9.84e-01
 1.09421e+16	1.71e-06	1.71e-02	9.83e-01
 1.11722e+16	2.00e-06	1.86e-02	9.81e-01
 1.13518e+16	2.22e-06	1.98e-02	9.80e-01
 1.15180e+16	2.46e-06	2.11e-02	9.79e-01
 1.17341e+16	2.77e-06	2.29e-02	9.77e-01
 1.19738e+16	3.32e-06	2.53e-02	9.75e-01
 1.21862e+16	3.79e-06	2.76e-02	9.72e-01
 1.23733e+16	4.29e-06	2.99e-02	9.70e-01
 1.25537e+16	4.82e-06	3.25e-02	9.68e-01
 1.27564e+16	5.70e-06	3.58e-02	9.64e-01
 1.29713e+16	6.73e-06	3.99e-02	9.60e-01
 1.31558e+16	7.71e-06	4.40e-02	9.56e-01
 1.33233e+16	8.91e-06	4.85e-02	9.52e-01
 1.34832e+16	1.03e-05	5.34e-02	9.47e-01
 1.36314e+16	1.19e-05	5.86e-02	9.41e-01
 1.37735e+16	1.40e-05	6.46e-02	9.35e-01
 1.39138e+16	1.60e-05	7.14e-02	9.29e-01
 1.40741e+16	1.97e-05	8.09e-02	9.19e-01
 1.42293e+16	2.35e-05	9.18e-02	9.08e-01
 1.43481e+16	2.74e-05	1.02e-01	8.98e-01
 1.44488e+16	3.17e-05	1.12e-01	8.88e-01
 1.45383e+16	3.57e-05	1.22e-01	8.78e-01
 1.46369e+16	4.10e-05	1.36e-01	8.64e-01
 1.47652e+16	5.11e-05	1.56e-01	8.44e-01
 1.48674e+16	5.93e-05	1.76e-01	8.24e-01
 1.49192e+16	6.61e-05	1.87e-01	8.13e-01
 1.49595e+16	7.11e-05	1.97e-01	8.03e-01
 1.50013e+16	7.67e-05	2.07e-01	7.92e-01
 1.50556e+16	8.50e-05	2.23e-01	7.77e-01
 1.51263e+16	9.76e-05	2.45e-01	7.55e-01
 1.51959e+16	1.12e-04	2.70e-01	7.30e-01
 1.52483e+16	1.24e-04	2.90e-01	7.10e-01
 1.53003e+16	1.37e-04	3.12e-01	6.87e-01
 1.53680e+16	1.60e-04	3.45e-01	6.55e-01
 1.54295e+16	1.81e-04	3.75e-01	6.25e-01
 1.54724e+16	1.97e-04	3.99e-01	6.01e-01
 1.55178e+16	2.17e-04	4.25e-01	5.75e-01
 1.55768e+16	2.45e-04	4.61e-01	5.38e-01
 1.56385e+16	2.77e-04	5.00e-01	5.00e-01
 1.56914e+16	3.06e-04	5.35e-01	4.65e-01
 1.57480e+16	3.41e-04	5.73e-01	4.27e-01
 1.58111e+16	3.81e-04	6.14e-01	3.86e-01
 1.58712e+16	4.20e-04	6.52e-01	3.48e-01
 1.59381e+16	4.66e-04	6.93e-01	3.07e-01
 1.60137e+16	5.18e-04	7.35e-01	2.64e-01
 1.60881e+16	5.67e-04	7.72e-01	2.27e-01
 1.61724e+16	6.25e-04	8.10e-01	1.89e-01
 1.62820e+16	6.95e-04	8.51e-01	1.49e-01
 1.64006e+16	7.65e-04	8.84e-01	1.15e-01
 1.64880e+16	8.13e-04	9.03e-01	9.66e-02
 1.65440e+16	8.44e-04	9.13e-01	8.61e-02
 1.66023e+16	8.76e-04	9.23e-01	7.61e-02
 1.66781e+16	9.17e-04	9.34e-01	6.52e-02
 1.67767e+16	9.71e-04	9.46e-01	5.34e-02
 1.68777e+16	1.02e-03	9.55e-01	4.44e-02
 1.69598e+16	1.07e-03	9.61e-01	3.84e-02
 1.70443e+16	1.12e-03	9.66e-01	3.29e-02
 1.71541e+16	1.18e-03	9.72e-01	2.71e-02
 1.72556e+16	1.24e-03	9.76e-01	2.31e-02
 1.73210e+16	1.29e-03	9.78e-01	2.10e-02
 1.73809e+16	1.33e-03	9.80e-01	1.90e-02
 1.74587e+16	1.39e-03	9.82e-01	1.68e-02
 1.75399e+16	1.45e-03	9.84e-01	1.49e-02
 1.76063e+16	1.51e-03	9.85e-01	1.36e-02
 1.76635e+16	1.56e-03	9.86e-01	1.25e-02
 1.77278e+16	1.63e-03	9.87e-01	1.14e-02
 1.77994e+16	1.71e-03	9.88e-01	1.04e-02
 1.78637e+16	1.78e-03	9.89e-01	9.50e-03
 1.79192e+16	1.85e-03	9.89e-01	8.84e-03
 1.79804e+16	1.94e-03	9.90e-01	8.13e-03
 1.80472e+16	2.03e-03	9.90e-01	7.48e-03
 1.81054e+16	2.13e-03	9.91e-01	6.95e-03
 1.81553e+16	2.22e-03	9.91e-01	6.54e-03
 1.82102e+16	2.33e-03	9.92e-01	6.09e-03
 1.82709e+16	2.45e-03	9.92e-01	5.66e-03
 1.83250e+16	2.58e-03	9.92e-01	5.31e-03
 1.83716e+16	2.70e-03	9.92e-01	5.03e-03
 1.84228e+16	2.84e-03	9.92e-01	4.72e-03
 1.84791e+16	3.01e-03	9.93e-01	4.42e-03
 1.85293e+16	3.18e-03	9.93e-01	4.18e-03
 1.85734e+16	3.34e-03	9.93e-01	3.98e-03
 1.86221e+16	3.54e-03	9.93e-01	3.76e-03
 1.86754e+16	3.79e-03	9.93e-01	3.54e-03
 1.87233e+16	4.04e-03	9.93e-01	3.36e-03
 1.87663e+16	4.28e-03	9.93e-01	3.22e-03
 1.88143e+16	4.59e-03	9.92e-01	3.04e-03
 1.88675e+16	4.98e-03	9.92e-01	2.87e-03
 1.89163e+16	5.40e-03	9.92e-01	2.73e-03
 1.89608e+16	5.84e-03	9.92e-01	2.60e-03
 1.90110e+16	6.40e-03	9.91e-01	2.47e-03
 1.90641e+16	7.10e-03	9.91e-01	2.34e-03
 1.91079e+16	7.82e-03	9.90e-01	2.24e-03
 1.91441e+16	8.51e-03	9.89e-01	2.16e-03
 1.91772e+16	9.21e-03	9.89e-01	2.10e-03
 1.92087e+16	1.00e-02	9.88e-01	2.04e-03
 1.92394e+16	1.09e-02	9.87e-01	1.97e-03
 1.92688e+16	1.19e-02	9.86e-01	1.92e-03
 1.92966e+16	1.30e-02	9.85e-01	1.87e-03
 1.93232e+16	1.41e-02	9.84e-01	1.83e-03
 1.93488e+16	1.55e-02	9.83e-01	1.79e-03
 1.93735e+16	1.70e-02	9.81e-01	1.75e-03
 1.93972e+16	1.86e-02	9.80e-01	1.72e-03
 1.94200e+16	2.04e-02	9.78e-01	1.70e-03
 1.94422e+16	2.25e-02	9.76e-01	1.68e-03
 1.94641e+16	2.49e-02	9.73e-01	1.66e-03
 1.94851e+16	2.76e-02	9.71e-01	1.64e-03
 1.95051e+16	3.07e-02	9.68e-01	1.63e-03
 1.95245e+16	3.41e-02	9.64e-01	1.62e-03
 1.95438e+16	3.81e-02	9.60e-01	1.61e-03
 1.95624e+16	4.27e-02	9.56e-01	1.61e-03
 1.95798e+16	4.76e-02	9.51e-01	1.62e-03
 1.95961e+16	5.30e-02	9.45e-01	1.63e-03
 1.96129e+16	5.96e-02	9.39e-01	1.64e-03
 1.96296e+16	6.72e-02	9.31e-01	1.66e-03
 1.96443e+16	7.52e-02	9.23e-01	1.68e-03
 1.96576e+16	8.32e-02	9.15e-01	1.71e-03
 1.96698e+16	9.19e-02	9.06e-01	1.73e-03
 1.96814e+16	1.01e-01	8.97e-01	1.77e-03
 1.96922e+16	1.11e-01	8.88e-01	1.79e-03
 1.97022e+16	1.20e-01	8.78e-01	1.83e-03
 1.97101e+16	1.29e-01	8.69e-01	1.85e-03
 1.97151e+16	1.34e-01	8.64e-01	1.87e-03
 1.97197e+16	1.40e-01	8.58e-01	1.88e-03
 1.97249e+16	1.47e-01	8.51e-01	1.90e-03
 1.97307e+16	1.55e-01	8.43e-01	1.92e-03
 1.97363e+16	1.63e-01	8.35e-01	1.94e-03
 1.97416e+16	1.71e-01	8.27e-01	1.97e-03
 1.97467e+16	1.79e-01	8.19e-01	1.99e-03
 1.97519e+16	1.88e-01	8.10e-01	2.00e-03
 1.97570e+16	1.97e-01	8.01e-01	2.03e-03
 1.97621e+16	2.07e-01	7.91e-01	2.05e-03
 1.97671e+16	2.17e-01	7.81e-01	2.07e-03
 1.97721e+16	2.27e-01	7.71e-01	2.09e-03
 1.97770e+16	2.38e-01	7.60e-01	2.11e-03
 1.97819e+16	2.49e-01	7.49e-01	2.13e-03
 1.97867e+16	2.61e-01	7.37e-01	2.15e-03
 1.97915e+16	2.73e-01	7.25e-01	2.17e-03
 1.97962e+16	2.85e-01	7.13e-01	2.19e-03
 1.98009e+16	2.98e-01	7.00e-01	2.21e-03
 1.98055e+16	3.11e-01	6.87e-01	2.22e-03
 1.98101e+16	3.24e-01	6.73e-01	2.24e-03
 1.98146e+16	3.39e-01	6.59e-01	2.25e-03
 1.98191e+16	3.53e-01	6.45e-01	2.27e-03
 1.98235e+16	3.67e-01	6.31e-01	2.28e-03
 1.98280e+16	3.82e-01	6.15e-01	2.29e-03
 1.98323e+16	3.97e-01	6.00e-01	2.30e-03
 1.98365e+16	4.12e-01	5.85e-01	2.31e-03
 1.98408e+16	4.28e-01	5.70e-01	2.32e-03
 1.98450e+16	4.44e-01	5.54e-01	2.32e-03
 1.98492e+16	4.60e-01	5.38e-01	2.32e-03
 1.98533e+16	4.76e-01	5.22e-01	2.32e-03
 1.98573e+16	4.91e-01	5.06e-01	2.32e-03
 1.98612e+16	5.07e-01	4.91e-01	2.32e-03
 1.98651e+16	5.22e-01	4.75e-01	2.32e-03
 1.98689e+16	5.38e-01	4.60e-01	2.31e-03
 1.98726e+16	5.52e-01	4.45e-01	2.30e-03
 1.98762e+16	5.67e-01	4.31e-01	2.29e-03
 1.98798e+16	5.82e-01	4.16e-01	2.27e-03
 1.98834e+16	5.96e-01	4.01e-01	2.26e-03
 1.98869e+16	6.11e-01	3.87e-01	2.24e-03
 1.98904e+16	6.24e-01	3.73e-01	2.22e-03
 1.98938e+16	6.38e-01	3.60e-01	2.20e-03
 1.98971e+16	6.51e-01	3.47e-01	2.18e-03
 1.99005e+16	6.64e-01	3.34e-01	2.15e-03
 1.99037e+16	6.77e-01	3.21e-01	2.13e-03
 1.99070e+16	6.89e-01	3.09e-01	2.10e-03
 1.99102e+16	7.01e-01	2.97e-01	2.07e-03
 1.99134e+16	7.12e-01	2.85e-01	2.04e-03
 1.99167e+16	7.24e-01	2.74e-01	2.00e-03
 1.99198e+16	7.35e-01	2.63e-01	1.97e-03
 1.99230e+16	7.46e-01	2.52e-01	1.94e-03
 1.99262e+16	7.56e-01	2.42e-01	1.90e-03
 1.99290e+16	7.65e-01	2.33e-01	1.86e-03
 1.99313e+16	7.72e-01	2.26e-01	1.83e-03
 1.99334e+16	7.78e-01	2.20e-01	1.81e-03
 1.99355e+16	7.85e-01	2.13e-01	1.78e-03
 1.99378e+16	7.92e-01	2.07e-01	1.74e-03
 1.99400e+16	7.98e-01	2.01e-01	1.72e-03
 1.99420e+16	8.04e-01	1.95e-01	1.69e-03
 1.99440e+16	8.09e-01	1.90e-01	1.66e-03
 1.99459e+16	8.14e-01	1.84e-01	1.63e-03
 1.99479e+16	8.19e-01	1.79e-01	1.61e-03
 1.99498e+16	8.24e-01	1.75e-01	1.58e-03
 1.99516e+16	8.28e-01	1.70e-01	1.55e-03
 1.99534e+16	8.33e-01	1.66e-01	1.53e-03
 1.99552e+16	8.37e-01	1.62e-01	1.50e-03
 1.99570e+16	8.41e-01	1.58e-01	1.48e-03
 1.99587e+16	8.45e-01	1.54e-01	1.45e-03
 1.99605e+16	8.48e-01	1.50e-01	1.43e-03
 1.99622e+16	8.52e-01	1.47e-01	1.40e-03
 1.99639e+16	8.55e-01	1.43e-01	1.38e-03
 1.99656e+16	8.59e-01	1.40e-01	1.36e-03
 1.99674e+16	8.62e-01	1.37e-01	1.33e-03
 1.99691e+16	8.65e-01	1.34e-01	1.31e-03
 1.99708e+16	8.68e-01	1.31e-01	1.29e-03
 1.99726e+16	8.71e-01	1.27e-01	1.26e-03
 1.99744e+16	8.74e-01	1.24e-01	1.24e-03
 1.99762e+16	8.77e-01	1.22e-01	1.22e-03
 1.99781e+16	8.80e-01	1.19e-01	1.19e-03
 1.99801e+16	8.83e-01	1.16e-01	1.17e-03
 1.99821e+16	8.86e-01	1.13e-01	1.15e-03
 1.99843e+16	8.89e-01	1.10e-01	1.12e-03
 1.99867e+16	8.92e-01	1.07e-01	1.09e-03
 1.99894e+16	8.95e-01	1.03e-01	1.07e-03
 1.99923e+16	8.99e-01	1.00e-01	1.03e-03
 1.99957e+16	9.03e-01	9.63e-02	1.00e-03
 1.99996e+16	9.07e-01	9.25e-02	9.66e-04
 2.00036e+16	9.10e-01	8.90e-02	9.31e-04
 2.00076e+16	9.13e-01	8.57e-02	8.98e-04
 2.00117e+16	9.17e-01	8.26e-02	8.66e-04
 2.00157e+16	9.19e-01	7.99e-02	8.38e-04
 2.00193e+16	9.22e-01	7.76e-02	8.13e-04
 2.00226e+16	9.23e-01	7.58e-02	7.93e-04
 2.00262e+16	9.26e-01	7.37e-02	7.69e-04
 2.00301e+16	9.27e-01	7.19e-02	7.49e-04
 2.00336e+16	9.29e-01	7.04e-02	7.32e-04
 2.00375e+16	9.31e-01	6.87e-02	7.12e-04
 2.00417e+16	9.32e-01	6.72e-02	6.95e-04
 2.00455e+16	9.33e-01	6.60e-02	6.80e-04
 2.00497e+16	9.35e-01	6.47e-02	6.64e-04
 2.00551e+16	9.36e-01	6.32e-02	6.46e-04
 2.00610e+16	9.37e-01	6.19e-02	6.30e-04
 2.00663e+16	9.39e-01	6.08e-02	6.16e-04
 2.00721e+16	9.40e-01	5.97e-02	6.00e-04
 2.00797e+16	9.41e-01	5.85e-02	5.84e-04
 2.00879e+16	9.42e-01	5.74e-02	5.69e-04
 2.00954e+16	9.43e-01	5.66e-02	5.56e-04
 2.01036e+16	9.44e-01	5.56e-02	5.41e-04
 2.01142e+16	9.45e-01	5.47e-02	5.26e-04
 2.01257e+16	9.46e-01	5.38e-02	5.12e-04
 2.01362e+16	9.46e-01	5.31e-02	5.00e-04
 2.01476e+16	9.47e-01	5.22e-02	4.86e-04
 2.01625e+16	9.48e-01	5.13e-02	4.70e-04
 2.01786e+16	9.49e-01	5.05e-02	4.54e-04
 2.01932e+16	9.50e-01	4.97e-02	4.40e-04
 2.02065e+16	9.51e-01	4.90e-02	4.27e-04
 2.02186e+16	9.51e-01	4.83e-02	4.16e-04
 2.02319e+16	9.52e-01	4.77e-02	4.05e-04
 2.02462e+16	9.53e-01	4.70e-02	3.93e-04
 2.02592e+16	9.53e-01	4.63e-02	3.82e-04
 2.02711e+16	9.54e-01	4.57e-02	3.72e-04
 2.02841e+16	9.55e-01	4.51e-02	3.61e-04
 2.02981e+16	9.55e-01	4.45e-02	3.51e-04
 2.03109e+16	9.56e-01	4.39e-02	3.42e-04
 2.03225e+16	9.56e-01	4.33e-02	3.33e-04
 2.03352e+16	9.57e-01	4.27e-02	3.24e-04
 2.03490e+16	9.58e-01	4.21e-02	3.15e-04
 2.03615e+16	9.58e-01	4.16e-02	3.07e-04
 2.03752e+16	9.59e-01	4.09e-02	2.97e-04
 2.03900e+16	9.59e-01	4.03e-02	2.88e-04
 2.04035e+16	9.60e-01	3.97e-02	2.80e-04
 2.04157e+16	9.61e-01	3.92e-02	2.73e-04
 2.04292e+16	9.61e-01	3.86e-02	2.65e-04
 2.04437e+16	9.62e-01	3.81e-02	2.57e-04
 2.04569e+16	9.62e-01	3.75e-02	2.50e-04
 2.04689e+16	9.63e-01	3.71e-02	2.43e-04
 2.04820e+16	9.63e-01	3.65e-02	2.36e-04
 2.04962e+16	9.64e-01	3.60e-02	2.30e-04
 2.05091e+16	9.64e-01	3.55e-02	2.24e-04
 2.05209e+16	9.65e-01	3.51e-02	2.18e-04
 2.05338e+16	9.65e-01	3.46e-02	2.12e-04
 2.05477e+16	9.66e-01	3.41e-02	2.07e-04
 2.05604e+16	9.66e-01	3.37e-02	2.01e-04
 2.05742e+16	9.67e-01	3.32e-02	1.95e-04
 2.05892e+16	9.67e-01	3.27e-02	1.90e-04
 2.06029e+16	9.68e-01	3.23e-02	1.85e-04
 2.06178e+16	9.68e-01	3.18e-02	1.79e-04
 2.06339e+16	9.69e-01	3.13e-02	1.74e-04
 2.06486e+16	9.69e-01	3.08e-02	1.69e-04
 2.06619e+16	9.69e-01	3.04e-02	1.64e-04
 2.06766e+16	9.70e-01	3.00e-02	1.59e-04
 2.06924e+16	9.70e-01	2.95e-02	1.55e-04
 2.07067e+16	9.71e-01	2.91e-02	1.51e-04
 2.07225e+16	9.71e-01	2.87e-02	1.46e-04
 2.07395e+16	9.72e-01	2.82e-02	1.41e-04
 2.07550e+16	9.72e-01	2.78e-02	1.37e-04
 2.07719e+16	9.73e-01	2.73e-02	1.33e-04
 2.07902e+16	9.73e-01	2.69e-02	1.29e-04
 2.08069e+16	9.73e-01	2.65e-02	1.25e-04
 2.08221e+16	9.74e-01	2.61e-02	1.21e-04
 2.08387e+16	9.74e-01	2.57e-02	1.17e-04
 2.08566e+16	9.75e-01	2.53e-02	1.14e-04
 2.08729e+16	9.75e-01	2.49e-02	1.11e-04
 2.08908e+16	9.75e-01	2.45e-02	1.07e-04
 2.09101e+16	9.76e-01	2.41e-02	1.03e-04
 2.09277e+16	9.76e-01	2.37e-02	1.00e-04
 2.09469e+16	9.77e-01	2.33e-02	9.68e-05
 2.09677e+16	9.77e-01	2.29e-02	9.34e-05
 2.09866e+16	9.77e-01	2.25e-02	9.05e-05
 2.10039e+16	9.78e-01	2.22e-02	8.78e-05
 2.10227e+16	9.78e-01	2.18e-02	8.49e-05
 2.10431e+16	9.79e-01	2.14e-02	8.21e-05
 2.10616e+16	9.79e-01	2.11e-02	7.96e-05
 2.10819e+16	9.79e-01	2.07e-02	7.69e-05
 2.11038e+16	9.80e-01	2.03e-02	7.42e-05
 2.11238e+16	9.80e-01	2.00e-02	7.18e-05
 2.11456e+16	9.80e-01	1.96e-02	6.92e-05
 2.11692e+16	9.81e-01	1.93e-02	6.67e-05
 2.11907e+16	9.81e-01	1.89e-02	6.44e-05
 2.12103e+16	9.81e-01	1.86e-02	6.25e-05
 2.12317e+16	9.82e-01	1.83e-02	6.03e-05
 2.12548e+16	9.82e-01	1.80e-02	5.82e-05
 2.12758e+16	9.82e-01	1.77e-02	5.63e-05
 2.12989e+16	9.83e-01	1.73e-02	5.43e-05
 2.13238e+16	9.83e-01	1.70e-02	5.23e-05
 2.13464e+16	9.83e-01	1.67e-02	5.05e-05
 2.13712e+16	9.84e-01	1.64e-02	4.86e-05
 2.13980e+16	9.84e-01	1.61e-02	4.67e-05
 2.14224e+16	9.84e-01	1.58e-02	4.51e-05
 2.14491e+16	9.84e-01	1.55e-02	4.33e-05
 2.14779e+16	9.85e-01	1.51e-02	4.15e-05
 2.15042e+16	9.85e-01	1.49e-02	4.00e-05
 2.15330e+16	9.85e-01	1.45e-02	3.83e-05
 2.15640e+16	9.86e-01	1.42e-02	3.67e-05
 2.15923e+16	9.86e-01	1.39e-02	3.53e-05
 2.16232e+16	9.86e-01	1.36e-02	3.38e-05
 2.16566e+16	9.87e-01	1.33e-02	3.23e-05
 2.16871e+16	9.87e-01	1.30e-02	3.10e-05
 2.17147e+16	9.87e-01	1.28e-02	2.98e-05
 2.17451e+16	9.87e-01	1.25e-02	2.86e-05
 2.17778e+16	9.88e-01	1.23e-02	2.74e-05
 2.18076e+16	9.88e-01	1.20e-02	2.64e-05
 2.18403e+16	9.88e-01	1.17e-02	2.52e-05
 2.18755e+16	9.88e-01	1.15e-02	2.41e-05
 2.19076e+16	9.89e-01	1.12e-02	2.31e-05
 2.19427e+16	9.89e-01	1.10e-02	2.21e-05
 2.19807e+16	9.89e-01	1.07e-02	2.10e-05
 2.20152e+16	9.89e-01	1.05e-02	2.02e-05
 2.20531e+16	9.90e-01	1.02e-02	1.92e-05
 2.20939e+16	9.90e-01	9.97e-03	1.83e-05
 2.21311e+16	9.90e-01	9.75e-03	1.75e-05
 2.21718e+16	9.90e-01	9.50e-03	1.66e-05
 2.22158e+16	9.91e-01	9.25e-03	1.58e-05
 2.22558e+16	9.91e-01	9.04e-03	1.50e-05
 2.22997e+16	9.91e-01	8.79e-03	1.43e-05
 2.23470e+16	9.91e-01	8.55e-03	1.35e-05
 2.23901e+16	9.92e-01	8.35e-03	1.29e-05
 2.24373e+16	9.92e-01	8.11e-03	1.22e-05
 2.24883e+16	9.92e-01	7.88e-03	1.15e-05
 2.25347e+16	9.92e-01	7.68e-03	1.09e-05
 2.25855e+16	9.93e-01	7.45e-03	1.03e-05
 2.26516e+16	9.93e-01	7.17e-03	9.53e-06
 2.27284e+16	9.93e-01	6.87e-03	8.75e-06
 2.28072e+16	9.93e-01	6.58e-03	8.04e-06
 2.28873e+16	9.94e-01	6.30e-03	7.39e-06
 2.29707e+16	9.94e-01	6.03e-03	6.76e-06
 2.30575e+16	9.94e-01	5.76e-03	6.18e-06
 2.31474e+16	9.94e-01	5.49e-03	5.64e-06
 2.32404e+16	9.95e-01	5.24e-03	5.13e-06
 2.33362e+16	9.95e-01	4.99e-03	4.66e-06
 2.34339e+16	9.95e-01	4.76e-03	4.24e-06
 2.35331e+16	9.95e-01	4.53e-03	3.85e-06
 2.36342e+16	9.96e-01	4.31e-03	3.49e-06
 2.37372e+16	9.96e-01	4.10e-03	3.17e-06
 2.38421e+16	9.96e-01	3.91e-03	2.87e-06
 2.39489e+16	9.96e-01	3.72e-03	2.60e-06
 2.40576e+16	9.96e-01	3.53e-03	2.36e-06
 2.41668e+16	9.97e-01	3.36e-03	2.13e-06
 2.42776e+16	9.97e-01	3.20e-03	1.93e-06
 2.43923e+16	9.97e-01	3.04e-03	1.74e-06
 2.45099e+16	9.97e-01	2.88e-03	1.57e-06
 2.46292e+16	9.97e-01	2.74e-03	1.42e-06
 2.47505e+16	9.97e-01	2.59e-03	1.28e-06
 2.48742e+16	9.98e-01	2.46e-03	1.15e-06
 2.50003e+16	9.98e-01	2.33e-03	1.03e-06
 2.51287e+16	9.98e-01	2.21e-03	9.27e-07
 2.52596e+16	9.98e-01	2.09e-03	8.31e-07
 2.53931e+16	9.98e-01	1.98e-03	7.44e-07
 2.55293e+16	9.98e-01	1.87e-03	6.66e-07
 2.56683e+16	9.98e-01	1.77e-03	5.94e-07
 2.58102e+16	9.98e-01	1.67e-03	5.30e-07
 2.59551e+16	9.98e-01	1.57e-03	4.72e-07
 2.61030e+16	9.99e-01	1.48e-03	4.20e-07
 2.62542e+16	9.99e-01	1.40e-03	3.73e-07
 2.64088e+16	9.99e-01	1.31e-03	3.30e-07
 2.65668e+16	9.99e-01	1.24e-03	2.92e-07
 2.67286e+16	9.99e-01	1.16e-03	2.58e-07
 2.68943e+16	9.99e-01	1.09e-03	2.27e-07
 2.70641e+16	9.99e-01	1.02e-03	2.00e-07
 2.72382e+16	9.99e-01	9.56e-04	1.75e-07
 2.74170e+16	9.99e-01	8.93e-04	1.53e-07
 2.76005e+16	9.99e-01	8.34e-04	1.34e-07
 2.77892e+16	9.99e-01	7.78e-04	1.16e-07
 2.79836e+16	9.99e-01	7.25e-04	1.01e-07
 2.81798e+16	9.99e-01	6.75e-04	8.75e-08
 2.83812e+16	9.99e-01	6.27e-04	7.55e-08
 2.85947e+16	9.99e-01	5.81e-04	6.47e-08
 2.88176e+16	9.99e-01	5.36e-04	5.51e-08
 2.90475e+16	1.00e+00	4.94e-04	4.68e-08
 2.92856e+16	1.00e+00	4.54e-04	3.95e-08
 2.95337e+16	1.00e+00	4.16e-04	3.31e-08
 2.97933e+16	1.00e+00	3.80e-04	2.76e-08
 3.00652e+16	1.00e+00	3.45e-04	2.28e-08
 3.03516e+16	1.00e+00	3.13e-04	1.87e-08
 3.06539e+16	1.00e+00	2.82e-04	1.51e-08
 3.09733e+16	1.00e+00	2.52e-04	1.22e-08
 3.13150e+16	1.00e+00	2.25e-04	9.61e-09
 3.16819e+16	1.00e+00	1.98e-04	7.48e-09
 3.20754e+16	1.00e+00	1.74e-04	5.73e-09
 3.25019e+16	1.00e+00	1.51e-04	4.30e-09
 3.29701e+16	1.00e+00	1.29e-04	3.14e-09
 3.34906e+16	1.00e+00	1.08e-04	2.22e-09
 3.40707e+16	1.00e+00	8.95e-05	1.51e-09
 3.47355e+16	1.00e+00	7.20e-05	9.78e-10
 3.54902e+16	1.00e+00	5.64e-05	6.01e-10
 3.62808e+16	1.00e+00	4.40e-05	3.66e-10
 3.70640e+16	1.00e+00	3.45e-05	2.26e-10
 3.78418e+16	1.00e+00	2.72e-05	1.40e-10
 3.86281e+16	1.00e+00	2.14e-05	8.73e-11
 3.94300e+16	1.00e+00	1.68e-05	5.43e-11
 4.02506e+16	1.00e+00	1.32e-05	3.36e-11
 4.10858e+16	1.00e+00	1.04e-05	2.08e-11
 4.19372e+16	1.00e+00	8.14e-06	1.29e-11
 4.28104e+16	1.00e+00	6.38e-06	7.94e-12
 4.37056e+16	1.00e+00	4.98e-06	4.88e-12
 4.46221e+16	1.00e+00	3.90e-06	3.00e-12
 4.55662e+16	1.00e+00	3.04e-06	1.83e-12
 4.65434e+16	1.00e+00	2.36e-06	1.11e-12
 4.75502e+16	1.00e+00	1.83e-06	6.67e-13
 4.85889e+16	1.00e+00	1.41e-06	4.00e-13
 4.96682e+16	1.00e+00	1.09e-06	2.37e-13
 5.07939e+16	1.00e+00	8.30e-07	1.39e-13
 5.19723e+16	1.00e+00	6.30e-07	8.04e-14
 5.32119e+16	1.00e+00	4.74e-07	4.57e-14
 5.45217e+16	1.00e+00	3.54e-07	2.55e-14
 5.59171e+16	1.00e+00	2.61e-07	1.39e-14
 5.74147e+16	1.00e+00	1.90e-07	7.36e-15
 5.89739e+16	1.00e+00	1.37e-07	3.87e-15
 6.05399e+16	1.00e+00	1.00e-07	2.07e-15
 6.21059e+16	1.00e+00	7.37e-08	1.12e-15
 6.36719e+16	1.00e+00	5.46e-08	6.16e-16
 6.52379e+16	1.00e+00	4.08e-08	3.44e-16
 6.68039e+16	1.00e+00	3.06e-08	1.94e-16
 6.86047e+16	1.00e+00	2.20e-08	1.01e-16
 7.06712e+16	1.00e+00	1.54e-08	4.92e-17
 7.28380e+16	1.00e+00	1.07e-08	2.37e-17
 7.51137e+16	1.00e+00	7.36e-09	1.13e-17
 7.74511e+16	1.00e+00	5.09e-09	5.39e-18
 7.98307e+16	1.00e+00	3.53e-09	2.60e-18
 8.22439e+16	1.00e+00	2.46e-09	1.27e-18
 8.46905e+16	1.00e+00	1.73e-09	6.24e-19
 8.71738e+16	1.00e+00	1.22e-09	3.10e-19
 8.96857e+16	1.00e+00	8.63e-10	1.56e-19
 9.22145e+16	1.00e+00	6.16e-10	7.96e-20
 9.47502e+16	1.00e+00	4.43e-10	4.12e-20
 9.72833e+16	1.00e+00	3.21e-10	2.17e-20
 9.98015e+16	1.00e+00	2.35e-10	1.16e-20
 1.02293e+17	1.00e+00	1.74e-10	6.36e-21
 1.04747e+17	1.00e+00	1.30e-10	0.00e+00
 1.07151e+17	1.00e+00	9.84e-11	0.00e+00
 1.09497e+17	1.00e+00	7.55e-11	0.00e+00
 1.11777e+17	1.00e+00	5.86e-11	0.00e+00
 1.13981e+17	1.00e+00	4.61e-11	0.00e+00
 1.16106e+17	1.00e+00	3.68e-11	0.00e+00
 1.18148e+17	1.00e+00	2.97e-11	0.00e+00
 1.20103e+17	1.00e+00	2.43e-11	0.00e+00
 1.21972e+17	1.00e+00	2.02e-11	0.00e+00
 1.23754e+17	1.00e+00	1.69e-11	0.00e+00
 1.25451e+17	1.00e+00	1.44e-11	0.00e+00
 1.27065e+17	1.00e+00	1.24e-11	0.00e+00
 1.28597e+17	1.00e+00	1.07e-11	0.00e+00
 1.30052e+17	1.00e+00	9.40e-12	0.00e+00
 1.31431e+17	1.00e+00	8.31e-12	0.00e+00
 1.32739e+17	1.00e+00	7.42e-12	0.00e+00
 1.33980e+17	1.00e+00	6.68e-12	0.00e+00
 1.35156e+17	1.00e+00	6.05e-12	0.00e+00
 1.36270e+17	1.00e+00	5.53e-12	0.00e+00
 1.37326e+17	1.00e+00	5.08e-12	0.00e+00
 1.38327e+17	1.00e+00	4.70e-12	0.00e+00
 1.39277e+17	1.00e+00	4.37e-12	0.00e+00
 1.40177e+17	1.00e+00	4.08e-12	0.00e+00
 1.41031e+17	1.00e+00	3.83e-12	0.00e+00
 1.41841e+17	1.00e+00	3.61e-12	0.00e+00
 1.42609e+17	1.00e+00	3.42e-12	0.00e+00
 1.43338e+17	1.00e+00	3.25e-12	0.00e+00
 1.44031e+17	1.00e+00	3.10e-12	0.00e+00
 1.44689e+17	1.00e+00	2.97e-12	0.00e+00
 1.45314e+17	1.00e+00	2.85e-12	0.00e+00
 1.45908e+17	1.00e+00	2.75e-12	0.00e+00
 1.46474e+17	1.00e+00	2.65e-12	0.00e+00
 1.47011e+17	1.00e+00	2.56e-12	0.00e+00
 1.47523e+17	1.00e+00	2.49e-12	0.00e+00
 1.48011e+17	1.00e+00	2.41e-12	0.00e+00
 1.48476e+17	1.00e+00	2.35e-12	0.00e+00
 1.48920e+17	1.00e+00	2.29e-12	0.00e+00
 1.49343e+17	1.00e+00	2.23e-12	0.00e+00
 1.49747e+17	1.00e+00	2.18e-12	0.00e+00
 1.50134e+17	1.00e+00	2.14e-12	0.00e+00
 1.50504e+17	1.00e+00	2.09e-12	0.00e+00
 1.50858e+17	1.00e+00	2.05e-12	0.00e+00
 1.51198e+17	1.00e+00	2.02e-12	0.00e+00
 1.51525e+17	1.00e+00	1.98e-12	0.00e+00
 1.51838e+17	1.00e+00	1.95e-12	0.00e+00
 1.52141e+17	1.00e+00	1.92e-12	0.00e+00
 1.52432e+17	1.00e+00	1.89e-12	0.00e+00
 1.52714e+17	1.00e+00	1.87e-12	0.00e+00
 1.52987e+17	1.00e+00	1.84e-12	0.00e+00
 1.53251e+17	1.00e+00	1.82e-12	0.00e+00
 1.53509e+17	1.00e+00	1.79e-12	0.00e+00
 1.53760e+17	1.00e+00	1.77e-12	0.00e+00
 1.54006e+17	1.00e+00	1.75e-12	0.00e+00
 1.54248e+17	1.00e+00	1.73e-12	0.00e+00
 1.54487e+17	1.00e+00	1.71e-12	0.00e+00
 1.54723e+17	1.00e+00	1.69e-12	0.00e+00
 1.54959e+17	1.00e+00	1.68e-12	0.00e+00
 1.55194e+17	1.00e+00	1.66e-12	0.00e+00
 1.55432e+17	1.00e+00	1.64e-12	0.00e+00
 1.55674e+17	1.00e+00	1.62e-12	0.00e+00
 1.55921e+17	1.00e+00	1.60e-12	0.00e+00
 1.56177e+17	1.00e+00	1.59e-12	0.00e+00
 1.56444e+17	1.00e+00	1.57e-12	0.00e+00
 1.56727e+17	1.00e+00	1.55e-12	0.00e+00
 1.57031e+17	1.00e+00	1.53e-12	0.00e+00
 1.57364e+17	1.00e+00	1.51e-12	0.00e+00
 1.57734e+17	1.00e+00	1.48e-12	0.00e+00
 1.58157e+17	1.00e+00	1.45e-12	0.00e+00
 1.58652e+17	1.00e+00	1.42e-12	0.00e+00
 1.59250e+17	1.00e+00	1.39e-12	0.00e+00
 1.60000e+17	1.00e+00	1.34e-12	0.00e+00
 1.60966e+17	1.00e+00	1.29e-12	0.00e+00
 1.62222e+17	1.00e+00	1.22e-12	0.00e+00
 1.63855e+17	1.00e+00	1.14e-12	0.00e+00
 1.65978e+17	1.00e+00	1.05e-12	0.00e+00
 1.68737e+17	1.00e+00	9.40e-13	0.00e+00
 1.72324e+17	1.00e+00	8.19e-13	0.00e+00
 1.76988e+17	1.00e+00	6.89e-13	0.00e+00
 1.83051e+17	1.00e+00	5.56e-13	0.00e+00
 1.90207e+17	1.00e+00	4.29e-13	0.00e+00
 1.97815e+17	1.00e+00	3.55e-13	0.00e+00
 2.05728e+17	1.00e+00	3.11e-13	0.00e+00
 2.13957e+17	1.00e+00	2.78e-13	0.00e+00
 2.22515e+17	1.00e+00	2.50e-13	0.00e+00
 2.31416e+17	1.00e+00	2.24e-13	0.00e+00
 2.40672e+17	1.00e+00	2.00e-13	0.00e+00
 2.50299e+17	1.00e+00	1.77e-13	0.00e+00
 2.60311e+17	1.00e+00	1.56e-13	0.00e+00
 2.70724e+17	1.00e+00	1.35e-13	0.00e+00
 2.81165e+17	1.00e+00	1.16e-13	0.00e+00
 2.90949e+17	1.00e+00	1.07e-13	0.00e+00
 2.99704e+17	1.00e+00	1.05e-13	0.00e+00
 3.07604e+17	1.00e+00	1.06e-13	0.00e+00
 3.15042e+17	1.00e+00	1.02e-13	0.00e+00
 3.22160e+17	1.00e+00	9.50e-14	0.00e+00
 3.28811e+17	1.00e+00	8.70e-14	0.00e+00
 3.34642e+17	1.00e+00	8.10e-14	0.00e+00
 3.39046e+17	1.00e+00	7.81e-14	0.00e+00
 3.41747e+17	1.00e+00	7.98e-14	0.00e+00
 3.43260e+17	1.00e+00	8.21e-14	0.00e+00
 3.44156e+17	1.00e+00	8.35e-14	0.00e+00
 3.44694e+17	1.00e+00	8.43e-14	0.00e+00
 3.45037e+17	1.00e+00	8.48e-14	0.00e+00
 3.45347e+17	1.00e+00	8.50e-14	0.00e+00
 3.45728e+17	1.00e+00	8.53e-14	0.00e+00
 3.46159e+17	1.00e+00	8.54e-14	0.00e+00
 3.46547e+17	1.00e+00	8.54e-14	0.00e+00
 3.46832e+17	1.00e+00	8.53e-14	0.00e+00
 3.47063e+17	1.00e+00	8.53e-14	0.00e+00
 3.47327e+17	1.00e+00	8.52e-14	0.00e+00
 3.47621e+17	1.00e+00	8.51e-14	0.00e+00
 3.47884e+17	1.00e+00	8.49e-14	0.00e+00
 3.48099e+17	1.00e+00	8.47e-14	0.00e+00
 3.48287e+17	1.00e+00	8.46e-14	0.00e+00
 3.48480e+17	1.00e+00	8.44e-14	0.00e+00
 3.48684e+17	1.00e+00	8.42e-14	0.00e+00
 3.48884e+17	1.00e+00	8.39e-14	0.00e+00
 3.49067e+17	1.00e+00	8.37e-14	0.00e+00
 3.49231e+17	1.00e+00	8.35e-14	0.00e+00
 3.49384e+17	1.00e+00	8.33e-14	0.00e+00
 3.49542e+17	1.00e+00	8.31e-14	0.00e+00
 3.49702e+17	1.00e+00	8.28e-14	0.00e+00
 3.49847e+17	1.00e+00	8.26e-14	0.00e+00
 3.49980e+17	1.00e+00	8.24e-14	0.00e+00
 3.50115e+17	1.00e+00	8.22e-14	0.00e+00
 3.50254e+17	1.00e+00	8.19e-14	0.00e+00
 3.50391e+17	1.00e+00	8.17e-14	0.00e+00
 3.50521e+17	1.00e+00	8.14e-14	0.00e+00
 3.50644e+17	1.00e+00	8.12e-14	0.00e+00
 3.50769e+17	1.00e+00	8.09e-14	0.00e+00
 3.50896e+17	1.00e+00	8.07e-14	0.00e+00
 3.51022e+17	1.00e+00	8.04e-14	0.00e+00
 3.51148e+17	1.00e+00	8.01e-14	0.00e+00
 3.51267e+17	1.00e+00	7.98e-14	0.00e+00
 3.51381e+17	1.00e+00	7.96e-14	0.00e+00
 3.51502e+17	1.00e+00	7.93e-14	0.00e+00
 3.51630e+17	1.00e+00	7.90e-14	0.00e+00
 3.51757e+17	1.00e+00	7.87e-14	0.00e+00
 3.51881e+17	1.00e+00	7.84e-14	0.00e+00
 3.52003e+17	1.00e+00	7.80e-14	0.00e+00
 3.52128e+17	1.00e+00	7.77e-14	0.00e+00
 3.52261e+17	1.00e+00	7.74e-14	0.00e+00
 3.52399e+17	1.00e+00	7.70e-14	0.00e+00
 3.52533e+17	1.00e+00	7.66e-14	0.00e+00
 3.52664e+17	1.00e+00	7.62e-14	0.00e+00
 3.52810e+17	1.00e+00	7.59e-14	0.00e+00
 3.52968e+17	1.00e+00	7.54e-14	0.00e+00
 3.53119e+17	1.00e+00	7.49e-14	0.00e+00
 3.53262e+17	1.00e+00	7.45e-14	0.00e+00
 3.53407e+17	1.00e+00	7.41e-14	0.00e+00
 3.53560e+17	1.00e+00	7.36e-14	0.00e+00
 3.53716e+17	1.00e+00	7.31e-14	0.00e+00
 3.53885e+17	1.00e+00	7.26e-14	0.00e+00
 3.54056e+17	1.00e+00	7.20e-14	0.00e+00
 3.54228e+17	1.00e+00	7.15e-14	0.00e+00
 3.54413e+17	1.00e+00	7.09e-14	0.00e+00
 3.54602e+17	1.00e+00	7.03e-14	0.00e+00
 3.54790e+17	1.00e+00	6.96e-14	0.00e+00
 3.54972e+17	1.00e+00	6.90e-14	0.00e+00
 3.55158e+17	1.00e+00	6.84e-14	0.00e+00
 3.55363e+17	1.00e+00	6.77e-14	0.00e+00
 3.55579e+17	1.00e+00	6.70e-14	0.00e+00
 3.55799e+17	1.00e+00	6.62e-14	0.00e+00
 3.56020e+17	1.00e+00	6.55e-14	0.00e+00
 3.56243e+17	1.00e+00	6.47e-14	0.00e+00
 3.56478e+17	1.00e+00	6.39e-14	0.00e+00
 3.56721e+17	1.00e+00	6.31e-14	0.00e+00
 3.56970e+17	1.00e+00	6.22e-14	0.00e+00
 3.57224e+17	1.00e+00	6.13e-14	0.00e+00
 3.57483e+17	1.00e+00	6.04e-14	0.00e+00
 3.57750e+17	1.00e+00	5.94e-14	0.00e+00
 3.58019e+17	1.00e+00	5.85e-14	0.00e+00
 3.58309e+17	1.00e+00	5.75e-14	0.00e+00
 3.58621e+17	1.00e+00	5.64e-14	0.00e+00
 3.58923e+17	1.00e+00	5.53e-14	0.00e+00
 3.59213e+17	1.00e+00	5.43e-14	0.00e+00
 3.59521e+17	1.00e+00	5.33e-14	0.00e+00
 3.59861e+17	1.00e+00	5.21e-14	0.00e+00
 3.60214e+17	1.00e+00	5.09e-14	0.00e+00
 3.60555e+17	1.00e+00	4.96e-14	0.00e+00
 3.60881e+17	1.00e+00	4.85e-14	0.00e+00
 3.61228e+17	1.00e+00	4.74e-14	0.00e+00
 3.61613e+17	1.00e+00	4.61e-14	0.00e+00
 3.62015e+17	1.00e+00	4.48e-14	0.00e+00
 3.62404e+17	1.00e+00	4.34e-14	0.00e+00
 3.62784e+17	1.00e+00	4.22e-14	0.00e+00
 3.63176e+17	1.00e+00	4.10e-14	0.00e+00
 3.63595e+17	1.00e+00	3.97e-14	0.00e+00
 3.64029e+17	1.00e+00	3.83e-14	0.00e+00
 3.64467e+17	1.00e+00	3.69e-14	0.00e+00
 3.64910e+17	1.00e+00	3.56e-14	0.00e+00
 3.65361e+17	1.00e+00	3.42e-14	0.00e+00
 3.65820e+17	1.00e+00	3.29e-14	0.00e+00
 3.66290e+17	1.00e+00	3.16e-14	0.00e+00
 3.66778e+17	1.00e+00	3.02e-14	0.00e+00
 3.67282e+17	1.00e+00	2.88e-14	0.00e+00
 3.67788e+17	1.00e+00	2.75e-14	0.00e+00
 3.68318e+17	1.00e+00	2.61e-14	0.00e+00
 3.68863e+17	1.00e+00	2.48e-14	0.00e+00
 3.69414e+17	1.00e+00	2.35e-14	0.00e+00
 3.69982e+17	1.00e+00	2.21e-14	0.00e+00
 3.70545e+17	1.00e+00	2.08e-14	0.00e+00
 3.71110e+17	1.00e+00	1.97e-14	0.00e+00
 3.71734e+17	1.00e+00	1.85e-14	0.00e+00
 3.72426e+17	1.00e+00	1.71e-14	0.00e+00
 3.73118e+17	1.00e+00	1.58e-14	0.00e+00
 3.73780e+17	1.00e+00	1.46e-14	0.00e+00
 3.74398e+17	1.00e+00	1.36e-14	0.00e+00
 3.74951e+17	1.00e+00	1.26e-14	0.00e+00
 3.75448e+17	1.00e+00	1.19e-14	0.00e+00
 3.75913e+17	1.00e+00	1.12e-14	0.00e+00
 3.76362e+17	1.00e+00	1.06e-14	0.00e+00
 3.76797e+17	1.00e+00	1.00e-14	0.00e+00
 3.77212e+17	1.00e+00	9.48e-15	0.00e+00
 3.77602e+17	1.00e+00	9.00e-15	0.00e+00
 3.77972e+17	1.00e+00	8.57e-15	0.00e+00
 3.78328e+17	1.00e+00	8.16e-15	0.00e+00
 3.78673e+17	1.00e+00	7.78e-15	0.00e+00
 3.79006e+17	1.00e+00	7.43e-15	0.00e+00
 3.79326e+17	1.00e+00	7.10e-15	0.00e+00
 3.79632e+17	1.00e+00	6.79e-15	0.00e+00
 3.79926e+17	1.00e+00	6.50e-15	0.00e+00
 3.80211e+17	1.00e+00	6.23e-15	0.00e+00
 3.80486e+17	1.00e+00	5.97e-15	0.00e+00
 3.80751e+17	1.00e+00	5.73e-15	0.00e+00
 3.81007e+17	1.00e+00	5.49e-15	0.00e+00
 3.81255e+17	1.00e+00	5.29e-15	0.00e+00
 3.81495e+17	1.00e+00	5.07e-15	0.00e+00
 3.81724e+17	1.00e+00	4.89e-15	0.00e+00
 3.81946e+17	1.00e+00	4.71e-15	0.00e+00
 3.82166e+17	1.00e+00	4.53e-15	0.00e+00
 3.82379e+17	1.00e+00	4.37e-15	0.00e+00
 3.82582e+17	1.00e+00	4.22e-15	0.00e+00
 3.82780e+17	1.00e+00	4.08e-15	0.00e+00
 3.82975e+17	1.00e+00	3.94e-15	0.00e+00
 3.83168e+17	1.00e+00	3.81e-15	0.00e+00
 3.83356e+17	1.00e+00	3.68e-15	0.00e+00
 3.83538e+17	1.00e+00	3.56e-15	0.00e+00
 3.83744e+17	1.00e+00	3.44e-15	0.00e+00
 3.84012e+17	1.00e+00	3.30e-15	0.00e+00
 3.84360e+17	1.00e+00	3.11e-15	0.00e+00
 3.84812e+17	1.00e+00	2.90e-15	0.00e+00
 3.85400e+17	1.00e+00	2.62e-15	0.00e+00
 3.86165e+17	1.00e+00	2.31e-15	0.00e+00
 3.87067e+17	1.00e+00	1.95e-15	0.00e+00
 3.87909e+17	1.00e+00	1.62e-15	0.00e+00
 3.88549e+17	1.00e+00	1.39e-15	0.00e+00
 3.89046e+17	1.00e+00	1.25e-15	0.00e+00
 3.89534e+17	1.00e+00	1.14e-15	0.00e+00
 3.90095e+17	1.00e+00	1.02e-15	0.00e+00
 3.90717e+17	1.00e+00	9.04e-16	0.00e+00
 3.91336e+17	1.00e+00	7.95e-16	0.00e+00
 3.91908e+17	1.00e+00	7.02e-16	0.00e+00
 3.92444e+17	1.00e+00	6.28e-16	0.00e+00
 3.92990e+17	1.00e+00	5.63e-16	0.00e+00
 3.93584e+17	1.00e+00	5.01e-16	0.00e+00
 3.94220e+17	1.00e+00	4.41e-16	0.00e+00
 3.94877e+17	1.00e+00	3.86e-16	0.00e+00
 3.95544e+17	1.00e+00	3.37e-16	0.00e+00
 3.96243e+17	1.00e+00	2.93e-16	0.00e+00
 3.97014e+17	1.00e+00	2.52e-16	0.00e+00
 3.97895e+17	1.00e+00	2.13e-16	0.00e+00
 3.98929e+17	1.00e+00	1.76e-16	0.00e+00
 4.00184e+17	1.00e+00	1.39e-16	0.00e+00
 4.01782e+17	1.00e+00	1.05e-16	0.00e+00
 4.03859e+17	1.00e+00	7.26e-17	0.00e+00
 4.06560e+17	1.00e+00	4.51e-17	0.00e+00
 4.10071e+17	1.00e+00	2.45e-17	0.00e+00
