#depth	N	N+	N+2	N+3	N+4	N+5	N+6	N+7
 1.49634e+10	0.00e+00	0.00e+00	1.43e-27	3.61e-18	1.05e-09	9.54e-01	4.61e-02	1.04e-06
 4.54887e+10	0.00e+00	1.84e-37	1.83e-27	4.25e-18	1.14e-09	9.57e-01	4.28e-02	8.97e-07
 7.72350e+10	0.00e+00	0.00e+00	2.33e-27	5.01e-18	1.24e-09	9.61e-01	3.93e-02	0.00e+00
 1.10251e+11	0.00e+00	3.52e-37	2.98e-27	5.90e-18	1.34e-09	9.64e-01	3.63e-02	0.00e+00
 1.42622e+11	0.00e+00	0.00e+00	3.75e-27	6.88e-18	1.45e-09	9.66e-01	3.36e-02	0.00e+00
 1.76287e+11	0.00e+00	6.48e-37	4.72e-27	8.04e-18	1.57e-09	9.69e-01	3.12e-02	0.00e+00
 2.13265e+11	0.00e+00	0.00e+00	6.02e-27	9.47e-18	1.71e-09	9.71e-01	2.87e-02	0.00e+00
 2.50671e+11	0.00e+00	1.23e-36	7.64e-27	1.11e-17	1.85e-09	9.73e-01	2.66e-02	0.00e+00
 2.89573e+11	3.37e-47	1.69e-36	9.70e-27	1.30e-17	2.01e-09	9.75e-01	2.45e-02	0.00e+00
 3.31083e+11	0.00e+00	0.00e+00	1.24e-26	1.54e-17	2.19e-09	9.77e-01	2.26e-02	0.00e+00
 3.74253e+11	0.00e+00	3.23e-36	1.58e-26	1.81e-17	2.38e-09	9.79e-01	2.08e-02	0.00e+00
 4.19150e+11	1.14e-46	4.48e-36	2.02e-26	2.13e-17	2.58e-09	9.81e-01	1.92e-02	0.00e+00
 4.65843e+11	0.00e+00	0.00e+00	2.59e-26	2.52e-17	2.81e-09	9.82e-01	1.76e-02	0.00e+00
 5.14403e+11	0.00e+00	8.62e-36	3.31e-26	2.97e-17	3.05e-09	9.84e-01	1.62e-02	0.00e+00
 5.64906e+11	3.89e-46	1.20e-35	4.24e-26	3.50e-17	3.32e-09	9.85e-01	1.49e-02	0.00e+00
 6.17429e+11	0.00e+00	0.00e+00	5.43e-26	4.14e-17	3.61e-09	9.86e-01	1.37e-02	0.00e+00
 6.66814e+11	0.00e+00	2.24e-35	6.80e-26	4.81e-17	3.89e-09	9.87e-01	1.27e-02	0.00e+00
 7.10978e+11	1.17e-45	2.90e-35	8.27e-26	5.48e-17	4.16e-09	9.88e-01	1.19e-02	0.00e+00
 7.60557e+11	0.00e+00	0.00e+00	1.02e-25	6.32e-17	4.47e-09	9.89e-01	1.11e-02	0.00e+00
 8.19314e+11	0.00e+00	5.31e-35	1.30e-25	7.43e-17	4.85e-09	9.90e-01	1.02e-02	0.00e+00
 8.78367e+11	3.69e-45	7.26e-35	1.65e-25	8.71e-17	5.26e-09	9.91e-01	9.44e-03	0.00e+00
 9.33788e+11	0.00e+00	0.00e+00	2.05e-25	1.01e-16	5.65e-09	9.91e-01	8.78e-03	0.00e+00
 9.95072e+11	0.00e+00	1.31e-34	2.58e-25	1.17e-16	6.11e-09	9.92e-01	8.12e-03	0.00e+00
 1.06480e+12	1.17e-44	1.83e-34	3.32e-25	1.39e-16	6.66e-09	9.93e-01	7.45e-03	0.00e+00
 1.13439e+12	0.00e+00	2.52e-34	4.23e-25	1.64e-16	7.23e-09	9.93e-01	6.86e-03	0.00e+00
 1.20676e+12	2.61e-44	3.49e-34	5.40e-25	1.93e-16	7.86e-09	9.94e-01	6.32e-03	0.00e+00
 1.28496e+12	0.00e+00	4.88e-34	6.97e-25	2.29e-16	8.57e-09	9.94e-01	5.79e-03	0.00e+00
 1.36628e+12	6.06e-44	6.85e-34	9.00e-25	2.72e-16	9.35e-09	9.95e-01	5.31e-03	0.00e+00
 1.44298e+12	0.00e+00	9.31e-34	1.14e-24	3.18e-16	1.01e-08	9.95e-01	4.90e-03	0.00e+00
 1.51204e+12	1.24e-43	1.22e-33	1.39e-24	3.64e-16	1.09e-08	9.95e-01	4.58e-03	0.00e+00
 1.58981e+12	0.00e+00	1.64e-33	1.74e-24	4.24e-16	1.17e-08	9.96e-01	4.24e-03	0.00e+00
 1.68141e+12	2.72e-43	2.28e-33	2.24e-24	5.02e-16	1.28e-08	9.96e-01	3.89e-03	0.00e+00
 1.77293e+12	0.00e+00	3.15e-33	2.86e-24	5.93e-16	1.39e-08	9.96e-01	3.58e-03	0.00e+00
 1.85913e+12	5.86e-43	4.23e-33	3.58e-24	6.89e-16	1.50e-08	9.97e-01	3.31e-03	0.00e+00
 1.95444e+12	0.00e+00	5.80e-33	4.55e-24	8.10e-16	1.63e-08	9.97e-01	3.05e-03	0.00e+00
 2.06255e+12	1.33e-42	8.18e-33	5.91e-24	9.67e-16	1.78e-08	9.97e-01	2.79e-03	0.00e+00
 2.16946e+12	0.00e+00	1.14e-32	7.59e-24	1.15e-15	1.94e-08	9.97e-01	2.56e-03	0.00e+00
 2.28065e+12	3.01e-42	1.58e-32	9.76e-24	1.36e-15	2.12e-08	9.98e-01	2.34e-03	0.00e+00
 2.40180e+12	0.00e+00	2.23e-32	1.27e-23	1.63e-15	2.33e-08	9.98e-01	2.14e-03	0.00e+00
 2.52412e+12	7.03e-42	3.13e-32	1.64e-23	1.94e-15	2.54e-08	9.98e-01	1.95e-03	0.00e+00
 2.65133e+12	0.00e+00	4.39e-32	2.13e-23	2.31e-15	2.79e-08	9.98e-01	1.79e-03	0.00e+00
 2.78252e+12	1.62e-41	6.14e-32	2.75e-23	2.76e-15	3.05e-08	9.98e-01	1.63e-03	0.00e+00
 2.91139e+12	0.00e+00	8.43e-32	3.51e-23	3.26e-15	3.32e-08	9.99e-01	1.50e-03	0.00e+00
 3.05020e+12	3.61e-41	1.17e-31	4.53e-23	3.88e-15	3.64e-08	9.99e-01	1.37e-03	0.00e+00
 3.20213e+12	0.00e+00	1.66e-31	5.92e-23	4.66e-15	4.00e-08	9.99e-01	1.24e-03	0.00e+00
 3.36015e+12	8.50e-41	2.35e-31	7.74e-23	5.61e-15	4.40e-08	9.99e-01	1.13e-03	0.00e+00
 3.52448e+12	0.00e+00	3.32e-31	1.01e-22	6.76e-15	4.85e-08	9.99e-01	1.03e-03	0.00e+00
 3.69538e+12	1.99e-40	4.69e-31	1.32e-22	8.14e-15	5.35e-08	9.99e-01	9.33e-04	0.00e+00
 3.84994e+12	0.00e+00	6.34e-31	1.67e-22	9.58e-15	5.82e-08	9.99e-01	8.57e-04	0.00e+00
 3.97867e+12	3.88e-40	8.07e-31	2.02e-22	1.09e-14	6.24e-08	9.99e-01	8.00e-04	0.00e+00
 4.11968e+12	0.00e+00	1.04e-30	2.46e-22	1.26e-14	6.71e-08	9.99e-01	7.44e-04	0.00e+00
 4.29834e+12	7.80e-40	1.43e-30	3.15e-22	1.49e-14	7.35e-08	9.99e-01	6.80e-04	0.00e+00
 4.48476e+12	0.00e+00	1.95e-30	4.03e-22	1.78e-14	8.06e-08	9.99e-01	6.21e-04	0.00e+00
 4.64293e+12	1.56e-39	2.52e-30	4.92e-22	2.05e-14	8.69e-08	9.99e-01	5.76e-04	0.00e+00
 4.80555e+12	0.00e+00	3.26e-30	6.01e-22	2.36e-14	9.37e-08	9.99e-01	5.34e-04	0.00e+00
 5.01038e+12	3.10e-39	4.43e-30	7.66e-22	2.80e-14	1.03e-07	1.00e+00	4.88e-04	0.00e+00
 5.21851e+12	0.00e+00	5.98e-30	9.72e-22	3.32e-14	1.12e-07	1.00e+00	4.46e-04	0.00e+00
 5.39693e+12	6.01e-39	7.66e-30	1.18e-21	3.82e-14	1.21e-07	1.00e+00	4.14e-04	0.00e+00
 5.58830e+12	0.00e+00	9.88e-30	1.45e-21	4.41e-14	1.31e-07	1.00e+00	3.83e-04	0.00e+00
 5.82536e+12	1.18e-38	1.34e-29	1.84e-21	5.25e-14	1.44e-07	1.00e+00	3.49e-04	0.00e+00
 6.06851e+12	0.00e+00	1.80e-29	2.33e-21	6.23e-14	1.58e-07	1.00e+00	3.19e-04	0.00e+00
 6.28725e+12	2.30e-38	2.33e-29	2.86e-21	7.23e-14	1.71e-07	1.00e+00	2.94e-04	0.00e+00
 6.52753e+12	0.00e+00	3.05e-29	3.55e-21	8.45e-14	1.86e-07	1.00e+00	2.70e-04	0.00e+00
 6.81158e+12	4.61e-38	4.15e-29	4.54e-21	1.01e-13	2.05e-07	1.00e+00	2.46e-04	0.00e+00
 7.09620e+12	0.00e+00	5.56e-29	5.74e-21	1.20e-13	2.25e-07	1.00e+00	2.24e-04	0.00e+00
 7.36602e+12	9.01e-38	7.25e-29	7.11e-21	1.40e-13	2.45e-07	1.00e+00	2.06e-04	0.00e+00
 7.66439e+12	0.00e+00	9.62e-29	8.91e-21	1.65e-13	2.68e-07	1.00e+00	1.88e-04	0.00e+00
 8.00089e+12	1.82e-37	1.30e-28	1.14e-20	1.97e-13	2.95e-07	1.00e+00	1.71e-04	0.00e+00
 8.33676e+12	0.00e+00	1.74e-28	1.44e-20	2.34e-13	3.24e-07	1.00e+00	1.56e-04	0.00e+00
 8.63350e+12	3.45e-37	2.23e-28	1.75e-20	2.70e-13	3.51e-07	1.00e+00	1.44e-04	0.00e+00
 8.88232e+12	0.00e+00	2.72e-28	2.05e-20	3.04e-13	3.74e-07	1.00e+00	1.35e-04	0.00e+00
 9.15004e+12	5.63e-37	3.34e-28	2.43e-20	3.43e-13	4.00e-07	1.00e+00	1.27e-04	0.00e+00
 9.49807e+12	0.00e+00	4.34e-28	2.99e-20	4.00e-13	4.36e-07	1.00e+00	1.16e-04	0.00e+00
 9.86217e+12	1.05e-36	5.64e-28	3.69e-20	4.67e-13	4.74e-07	1.00e+00	1.07e-04	0.00e+00
 1.01728e+13	0.00e+00	6.99e-28	4.40e-20	5.31e-13	5.09e-07	1.00e+00	9.98e-05	0.00e+00
 1.05021e+13	1.78e-36	8.73e-28	5.25e-20	6.05e-13	5.46e-07	1.00e+00	9.30e-05	0.00e+00
 1.09169e+13	0.00e+00	1.14e-27	6.52e-20	7.08e-13	5.96e-07	1.00e+00	8.53e-05	0.00e+00
 1.13443e+13	3.36e-36	1.49e-27	8.08e-20	8.29e-13	6.50e-07	1.00e+00	7.82e-05	0.00e+00
 1.17198e+13	0.00e+00	1.86e-27	9.69e-20	9.46e-13	6.99e-07	1.00e+00	7.28e-05	0.00e+00
 1.21269e+13	5.85e-36	2.36e-27	1.17e-19	1.09e-12	7.55e-07	1.00e+00	6.75e-05	0.00e+00
 1.25773e+13	0.00e+00	3.04e-27	1.43e-19	1.26e-12	8.20e-07	1.00e+00	6.22e-05	0.00e+00
 1.29939e+13	1.03e-35	3.80e-27	1.72e-19	1.44e-12	8.82e-07	1.00e+00	5.78e-05	0.00e+00
 1.34454e+13	0.00e+00	4.82e-27	2.08e-19	1.65e-12	9.51e-07	1.00e+00	5.36e-05	0.00e+00
 1.39480e+13	1.86e-35	6.20e-27	2.55e-19	1.92e-12	1.03e-06	1.00e+00	4.94e-05	0.00e+00
 1.44174e+13	0.00e+00	7.80e-27	3.07e-19	2.19e-12	1.11e-06	1.00e+00	4.59e-05	0.00e+00
 1.49282e+13	3.26e-35	9.92e-27	3.72e-19	2.52e-12	1.20e-06	1.00e+00	4.25e-05	0.00e+00
 1.54962e+13	0.00e+00	1.28e-26	4.58e-19	2.93e-12	1.31e-06	1.00e+00	3.92e-05	0.00e+00
 1.60269e+13	5.88e-35	1.62e-26	5.52e-19	3.36e-12	1.41e-06	1.00e+00	3.64e-05	0.00e+00
 1.66053e+13	0.00e+00	2.07e-26	6.73e-19	3.87e-12	1.52e-06	1.00e+00	3.37e-05	0.00e+00
 1.72514e+13	1.08e-34	2.70e-26	8.32e-19	4.51e-12	1.66e-06	1.00e+00	3.09e-05	0.00e+00
 1.78598e+13	0.00e+00	3.43e-26	1.01e-18	5.18e-12	1.79e-06	1.00e+00	2.87e-05	0.00e+00
 1.85251e+13	1.97e-34	4.44e-26	1.24e-18	6.00e-12	1.94e-06	1.00e+00	2.65e-05	0.00e+00
 1.92703e+13	2.74e-34	5.84e-26	1.54e-18	7.02e-12	2.11e-06	1.00e+00	2.43e-05	0.00e+00
 1.99764e+13	3.71e-34	7.51e-26	1.89e-18	8.11e-12	2.29e-06	1.00e+00	2.25e-05	0.00e+00
 2.07346e+13	5.09e-34	9.77e-26	2.33e-18	9.41e-12	2.48e-06	1.00e+00	2.07e-05	0.00e+00
 2.15940e+13	7.18e-34	1.30e-25	2.92e-18	1.11e-11	2.71e-06	1.00e+00	1.90e-05	0.00e+00
 2.24424e+13	9.97e-34	1.71e-25	3.63e-18	1.29e-11	2.94e-06	1.00e+00	1.75e-05	0.00e+00
 2.33248e+13	1.39e-33	2.25e-25	4.51e-18	1.50e-11	3.20e-06	1.00e+00	1.61e-05	0.00e+00
 2.42877e+13	1.97e-33	2.99e-25	5.67e-18	1.77e-11	3.49e-06	1.00e+00	1.47e-05	0.00e+00
 2.52891e+13	2.81e-33	4.01e-25	7.13e-18	2.07e-11	3.80e-06	1.00e+00	1.35e-05	0.00e+00
 2.62354e+13	3.86e-33	5.22e-25	8.78e-18	2.40e-11	4.11e-06	1.00e+00	1.25e-05	0.00e+00
 2.70826e+13	5.10e-33	6.56e-25	1.05e-17	2.72e-11	4.40e-06	1.00e+00	1.17e-05	0.00e+00
 2.78738e+13	6.56e-33	8.08e-25	1.24e-17	3.05e-11	4.68e-06	1.00e+00	1.10e-05	0.00e+00
 2.87473e+13	8.64e-33	1.01e-24	1.48e-17	3.44e-11	5.00e-06	1.00e+00	1.03e-05	0.00e+00
 2.97304e+13	1.17e-32	1.30e-24	1.79e-17	3.93e-11	5.36e-06	1.00e+00	9.62e-06	0.00e+00
 3.06701e+13	1.54e-32	1.63e-24	2.14e-17	4.45e-11	5.72e-06	1.00e+00	9.01e-06	0.00e+00
 3.17058e+13	2.08e-32	2.08e-24	2.59e-17	5.08e-11	6.14e-06	1.00e+00	8.41e-06	0.00e+00
 3.28586e+13	2.87e-32	2.71e-24	3.18e-17	5.85e-11	6.61e-06	1.00e+00	7.81e-06	0.00e+00
 3.39216e+13	3.83e-32	3.43e-24	3.82e-17	6.63e-11	7.07e-06	1.00e+00	7.31e-06	0.00e+00
 3.49112e+13	4.98e-32	4.24e-24	4.51e-17	7.43e-11	7.50e-06	1.00e+00	6.88e-06	0.00e+00
 3.60472e+13	6.69e-32	5.40e-24	5.43e-17	8.43e-11	8.01e-06	1.00e+00	6.45e-06	0.00e+00
 3.74380e+13	9.53e-32	7.19e-24	6.77e-17	9.79e-11	8.66e-06	1.00e+00	5.97e-06	0.00e+00
 3.88237e+13	1.33e-31	9.42e-24	8.35e-17	1.13e-10	9.34e-06	1.00e+00	5.53e-06	0.00e+00
 4.00250e+13	1.76e-31	1.19e-23	9.97e-17	1.28e-10	9.94e-06	1.00e+00	5.20e-06	0.00e+00
 4.13228e+13	2.38e-31	1.51e-23	1.20e-16	1.45e-10	1.06e-05	1.00e+00	4.88e-06	0.00e+00
 4.29125e+13	3.42e-31	2.03e-23	1.50e-16	1.68e-10	1.14e-05	1.00e+00	4.52e-06	0.00e+00
 4.45352e+13	4.82e-31	2.68e-23	1.86e-16	1.94e-10	1.23e-05	1.00e+00	4.19e-06	0.00e+00
 4.59961e+13	6.57e-31	3.44e-23	2.25e-16	2.21e-10	1.32e-05	1.00e+00	3.93e-06	0.00e+00
 4.75928e+13	9.13e-31	4.48e-23	2.75e-16	2.53e-10	1.41e-05	1.00e+00	3.67e-06	0.00e+00
 4.94802e+13	1.33e-30	6.07e-23	3.45e-16	2.95e-10	1.52e-05	1.00e+00	3.39e-06	0.00e+00
 5.13668e+13	1.90e-30	8.08e-23	4.30e-16	3.42e-10	1.64e-05	1.00e+00	3.15e-06	0.00e+00
 5.31332e+13	2.64e-30	1.05e-22	5.25e-16	3.90e-10	1.76e-05	1.00e+00	2.94e-06	0.00e+00
 5.50928e+13	3.78e-30	1.40e-22	6.50e-16	4.50e-10	1.89e-05	1.00e+00	2.74e-06	0.00e+00
 5.73264e+13	5.51e-30	1.90e-22	8.21e-16	5.27e-10	2.04e-05	1.00e+00	2.53e-06	0.00e+00
 5.95436e+13	8.03e-30	2.57e-22	1.03e-15	6.12e-10	2.20e-05	1.00e+00	2.35e-06	0.00e+00
 6.18496e+13	1.17e-29	3.48e-22	1.29e-15	7.11e-10	2.37e-05	1.00e+00	2.18e-06	0.00e+00
 6.43535e+13	1.73e-29	4.75e-22	1.63e-15	8.32e-10	2.56e-05	1.00e+00	2.02e-06	0.00e+00
 6.69576e+13	2.54e-29	6.47e-22	2.06e-15	9.73e-10	2.78e-05	1.00e+00	1.86e-06	0.00e+00
 6.96658e+13	3.77e-29	8.86e-22	2.61e-15	1.14e-09	3.00e-05	1.00e+00	1.72e-06	0.00e+00
 7.22942e+13	5.46e-29	1.19e-21	3.25e-15	1.32e-09	3.22e-05	1.00e+00	1.60e-06	0.00e+00
 7.47715e+13	7.61e-29	1.55e-21	3.98e-15	1.50e-09	3.45e-05	1.00e+00	1.50e-06	0.00e+00
 7.71050e+13	1.02e-28	1.97e-21	4.77e-15	1.70e-09	3.66e-05	1.00e+00	1.41e-06	0.00e+00
 7.96436e+13	1.41e-28	2.55e-21	5.79e-15	1.93e-09	3.90e-05	1.00e+00	1.32e-06	0.00e+00
 8.24894e+13	2.01e-28	3.38e-21	7.13e-15	2.22e-09	4.18e-05	1.00e+00	1.24e-06	0.00e+00
 8.51874e+13	2.76e-28	4.36e-21	8.64e-15	2.52e-09	4.45e-05	1.00e+00	1.16e-06	0.00e+00
 8.81476e+13	3.84e-28	5.68e-21	1.06e-14	2.89e-09	4.77e-05	1.00e+00	1.08e-06	0.00e+00
 9.14517e+13	5.52e-28	7.61e-21	1.32e-14	3.34e-09	5.12e-05	1.00e+00	1.01e-06	0.00e+00
 9.45925e+13	7.74e-28	9.96e-21	1.61e-14	3.82e-09	5.47e-05	1.00e+00	9.43e-07	0.00e+00
 9.80394e+13	1.10e-27	1.32e-20	1.99e-14	4.40e-09	5.88e-05	1.00e+00	0.00e+00	0.00e+00
 1.01908e+14	1.59e-27	1.78e-20	2.51e-14	5.13e-09	6.35e-05	1.00e+00	0.00e+00	0.00e+00
 1.05639e+14	2.27e-27	2.36e-20	3.11e-14	5.92e-09	6.82e-05	1.00e+00	0.00e+00	0.00e+00
 1.09603e+14	3.27e-27	3.17e-20	3.87e-14	6.85e-09	7.33e-05	1.00e+00	0.00e+00	0.00e+00
 1.13663e+14	4.60e-27	4.18e-20	4.80e-14	7.92e-09	7.89e-05	1.00e+00	0.00e+00	0.00e+00
 1.17254e+14	6.28e-27	5.36e-20	5.78e-14	8.96e-09	8.39e-05	1.00e+00	0.00e+00	0.00e+00
 1.21149e+14	8.51e-27	6.87e-20	7.02e-14	1.02e-08	8.96e-05	1.00e+00	0.00e+00	0.00e+00
 1.25833e+14	1.24e-26	9.30e-20	8.80e-14	1.19e-08	9.66e-05	1.00e+00	0.00e+00	0.00e+00
 1.30472e+14	1.74e-26	1.23e-19	1.09e-13	1.37e-08	1.04e-04	1.00e+00	0.00e+00	0.00e+00
 1.34612e+14	2.35e-26	1.56e-19	1.31e-13	1.55e-08	1.11e-04	1.00e+00	0.00e+00	0.00e+00
 1.39174e+14	3.22e-26	2.02e-19	1.60e-13	1.77e-08	1.18e-04	1.00e+00	0.00e+00	0.00e+00
 1.44602e+14	4.72e-26	2.73e-19	2.01e-13	2.06e-08	1.28e-04	1.00e+00	0.00e+00	0.00e+00
 1.49985e+14	6.58e-26	3.60e-19	2.50e-13	2.39e-08	1.38e-04	1.00e+00	0.00e+00	0.00e+00
 1.54891e+14	8.91e-26	4.60e-19	3.02e-13	2.71e-08	1.47e-04	1.00e+00	0.00e+00	0.00e+00
 1.60351e+14	1.26e-25	6.05e-19	3.72e-13	3.12e-08	1.57e-04	1.00e+00	0.00e+00	0.00e+00
 1.66721e+14	1.79e-25	8.10e-19	4.69e-13	3.64e-08	1.70e-04	1.00e+00	0.00e+00	0.00e+00
 1.72985e+14	2.53e-25	1.07e-18	5.84e-13	4.22e-08	1.84e-04	1.00e+00	0.00e+00	0.00e+00
 1.78884e+14	3.47e-25	1.39e-18	7.13e-13	4.82e-08	1.96e-04	1.00e+00	0.00e+00	0.00e+00
 1.85454e+14	4.95e-25	1.85e-18	8.83e-13	5.56e-08	2.11e-04	1.00e+00	0.00e+00	0.00e+00
 1.92902e+14	7.02e-25	2.47e-18	1.12e-12	6.51e-08	2.29e-04	1.00e+00	0.00e+00	0.00e+00
 2.00325e+14	1.02e-24	3.33e-18	1.40e-12	7.57e-08	2.47e-04	1.00e+00	0.00e+00	0.00e+00
 2.07271e+14	1.37e-24	4.27e-18	1.71e-12	8.67e-08	2.65e-04	1.00e+00	0.00e+00	0.00e+00
 2.14817e+14	1.92e-24	5.60e-18	2.11e-12	1.00e-07	2.85e-04	1.00e+00	0.00e+00	0.00e+00
 2.23260e+14	2.78e-24	7.57e-18	2.66e-12	1.17e-07	3.08e-04	1.00e+00	0.00e+00	0.00e+00
 2.31145e+14	3.83e-24	9.83e-18	3.27e-12	1.34e-07	3.30e-04	1.00e+00	0.00e+00	0.00e+00
 2.38430e+14	5.09e-24	1.24e-17	3.93e-12	1.52e-07	3.51e-04	1.00e+00	0.00e+00	0.00e+00
 2.45411e+14	6.62e-24	1.54e-17	4.67e-12	1.70e-07	3.73e-04	1.00e+00	0.00e+00	0.00e+00
 2.53152e+14	8.82e-24	1.95e-17	5.61e-12	1.93e-07	3.97e-04	1.00e+00	0.00e+00	0.00e+00
 2.61718e+14	1.20e-23	2.51e-17	6.84e-12	2.20e-07	4.24e-04	1.00e+00	0.00e+00	0.00e+00
 2.69702e+14	1.56e-23	3.12e-17	8.18e-12	2.48e-07	4.51e-04	1.00e+00	0.00e+00	0.00e+00
 2.78426e+14	2.12e-23	4.00e-17	9.88e-12	2.82e-07	4.81e-04	1.00e+00	0.00e+00	0.00e+00
 2.88229e+14	2.84e-23	5.11e-17	1.21e-11	3.23e-07	5.16e-04	9.99e-01	0.00e+00	0.00e+00
 2.97544e+14	3.82e-23	6.52e-17	1.47e-11	3.67e-07	5.50e-04	9.99e-01	0.00e+00	0.00e+00
 3.07762e+14	5.27e-23	8.46e-17	1.79e-11	4.20e-07	5.89e-04	9.99e-01	0.00e+00	0.00e+00
 3.19084e+14	7.15e-23	1.09e-16	2.22e-11	4.85e-07	6.34e-04	9.99e-01	0.00e+00	0.00e+00
 3.29573e+14	9.77e-23	1.41e-16	2.69e-11	5.52e-07	6.77e-04	9.99e-01	0.00e+00	0.00e+00
 3.40939e+14	1.29e-22	1.79e-16	3.29e-11	6.32e-07	7.26e-04	9.99e-01	0.00e+00	0.00e+00
 3.53593e+14	1.81e-22	2.36e-16	4.08e-11	7.31e-07	7.81e-04	9.99e-01	0.00e+00	0.00e+00
 3.65442e+14	2.46e-22	3.02e-16	4.97e-11	8.34e-07	8.35e-04	9.99e-01	0.00e+00	0.00e+00
 3.78364e+14	3.29e-22	3.87e-16	6.10e-11	9.58e-07	8.97e-04	9.99e-01	0.00e+00	0.00e+00
 3.92724e+14	4.57e-22	5.09e-16	7.61e-11	1.11e-06	9.68e-04	9.99e-01	0.00e+00	0.00e+00
 4.06131e+14	6.27e-22	6.58e-16	9.28e-11	1.27e-06	1.04e-03	9.99e-01	0.00e+00	0.00e+00
 4.20741e+14	8.33e-22	8.40e-16	1.14e-10	1.46e-06	1.12e-03	9.99e-01	0.00e+00	0.00e+00
 4.37043e+14	1.18e-21	1.12e-15	1.43e-10	1.70e-06	1.21e-03	9.99e-01	0.00e+00	0.00e+00
 4.52422e+14	1.57e-21	1.43e-15	1.76e-10	1.96e-06	1.30e-03	9.99e-01	0.00e+00	0.00e+00
 4.68965e+14	2.19e-21	1.87e-15	2.17e-10	2.26e-06	1.39e-03	9.99e-01	0.00e+00	0.00e+00
 4.87753e+14	3.01e-21	2.46e-15	2.74e-10	2.64e-06	1.51e-03	9.98e-01	0.00e+00	0.00e+00
 5.06089e+14	4.20e-21	3.24e-15	3.40e-10	3.06e-06	1.63e-03	9.98e-01	0.00e+00	0.00e+00
 5.25158e+14	5.65e-21	4.18e-15	4.23e-10	3.55e-06	1.77e-03	9.98e-01	0.00e+00	0.00e+00
 5.46194e+14	8.01e-21	5.58e-15	5.33e-10	4.15e-06	1.92e-03	9.98e-01	0.00e+00	0.00e+00
 5.66914e+14	1.07e-20	7.18e-15	6.63e-10	4.82e-06	2.08e-03	9.98e-01	0.00e+00	0.00e+00
 5.83893e+14	1.37e-20	8.87e-15	7.89e-10	5.43e-06	2.21e-03	9.98e-01	0.00e+00	0.00e+00
 5.97378e+14	1.66e-20	1.04e-14	9.02e-10	5.94e-06	2.32e-03	9.98e-01	0.00e+00	0.00e+00
 6.12330e+14	2.05e-20	1.25e-14	1.04e-09	6.56e-06	2.44e-03	9.98e-01	0.00e+00	0.00e+00
 6.31767e+14	2.63e-20	1.54e-14	1.25e-09	7.44e-06	2.61e-03	9.97e-01	0.00e+00	0.00e+00
 6.52650e+14	3.42e-20	1.93e-14	1.52e-09	8.47e-06	2.80e-03	9.97e-01	0.00e+00	0.00e+00
 6.71247e+14	4.35e-20	2.37e-14	1.79e-09	9.48e-06	2.97e-03	9.97e-01	0.00e+00	0.00e+00
 6.91258e+14	5.46e-20	2.89e-14	2.12e-09	1.07e-05	3.17e-03	9.97e-01	0.00e+00	0.00e+00
 7.16635e+14	7.36e-20	3.72e-14	2.62e-09	1.23e-05	3.43e-03	9.97e-01	0.00e+00	0.00e+00
 7.42367e+14	9.73e-20	4.74e-14	3.22e-09	1.42e-05	3.71e-03	9.96e-01	0.00e+00	0.00e+00
 7.64123e+14	1.22e-19	5.77e-14	3.82e-09	1.59e-05	3.95e-03	9.96e-01	0.00e+00	0.00e+00
 7.87331e+14	1.56e-19	7.11e-14	4.55e-09	1.80e-05	4.21e-03	9.96e-01	0.00e+00	0.00e+00
 8.16473e+14	2.07e-19	9.11e-14	5.62e-09	2.08e-05	4.56e-03	9.95e-01	0.00e+00	0.00e+00
 8.46576e+14	2.77e-19	1.17e-13	6.96e-09	2.40e-05	4.94e-03	9.95e-01	0.00e+00	0.00e+00
 8.73095e+14	3.55e-19	1.45e-13	8.33e-09	2.72e-05	5.29e-03	9.95e-01	0.00e+00	0.00e+00
 9.01703e+14	4.54e-19	1.80e-13	1.01e-08	3.09e-05	5.68e-03	9.94e-01	0.00e+00	0.00e+00
 9.36245e+14	6.13e-19	2.34e-13	1.26e-08	3.59e-05	6.18e-03	9.94e-01	0.00e+00	0.00e+00
 9.70464e+14	8.13e-19	2.99e-13	1.55e-08	4.15e-05	6.70e-03	9.93e-01	0.00e+00	0.00e+00
 1.00079e+15	1.04e-18	3.71e-13	1.86e-08	4.69e-05	7.17e-03	9.93e-01	0.00e+00	0.00e+00
 1.03410e+15	1.34e-18	4.62e-13	2.25e-08	5.35e-05	7.70e-03	9.92e-01	0.00e+00	0.00e+00
 1.07399e+15	1.83e-18	6.04e-13	2.82e-08	6.22e-05	8.39e-03	9.92e-01	0.00e+00	0.00e+00
 1.11374e+15	2.45e-18	7.79e-13	3.49e-08	7.19e-05	9.09e-03	9.91e-01	0.00e+00	0.00e+00
 1.15001e+15	3.12e-18	9.66e-13	4.22e-08	8.17e-05	9.76e-03	9.90e-01	0.00e+00	0.00e+00
 1.19046e+15	4.18e-18	1.24e-12	5.18e-08	9.38e-05	1.05e-02	9.89e-01	0.00e+00	0.00e+00
 1.23761e+15	5.74e-18	1.63e-12	6.53e-08	1.10e-04	1.15e-02	9.88e-01	0.00e+00	0.00e+00
 1.28399e+15	7.73e-18	2.11e-12	8.12e-08	1.27e-04	1.25e-02	9.87e-01	0.00e+00	0.00e+00
 1.32786e+15	1.00e-17	2.66e-12	9.92e-08	1.45e-04	1.34e-02	9.86e-01	0.00e+00	0.00e+00
 1.37662e+15	1.38e-17	3.47e-12	1.23e-07	1.67e-04	1.46e-02	9.85e-01	0.00e+00	0.00e+00
 1.42273e+15	1.81e-17	4.39e-12	1.50e-07	1.91e-04	1.57e-02	9.84e-01	0.00e+00	0.00e+00
 1.45703e+15	2.21e-17	5.21e-12	1.73e-07	2.10e-04	1.65e-02	9.83e-01	0.00e+00	0.00e+00
 1.49196e+15	2.70e-17	6.18e-12	1.99e-07	2.31e-04	1.74e-02	9.82e-01	0.00e+00	0.00e+00
 1.53738e+15	3.40e-17	7.59e-12	2.38e-07	2.60e-04	1.86e-02	9.81e-01	0.00e+00	0.00e+00
 1.58683e+15	4.56e-17	9.67e-12	2.89e-07	2.95e-04	1.99e-02	9.80e-01	0.00e+00	0.00e+00
 1.63145e+15	5.76e-17	1.18e-11	3.41e-07	3.29e-04	2.12e-02	9.78e-01	0.00e+00	0.00e+00
 1.67939e+15	7.24e-17	1.45e-11	4.06e-07	3.70e-04	2.26e-02	9.77e-01	0.00e+00	0.00e+00
 1.74062e+15	1.01e-16	1.91e-11	5.05e-07	4.26e-04	2.44e-02	9.75e-01	0.00e+00	0.00e+00
 1.80254e+15	1.48e-16	2.46e-11	6.23e-07	4.90e-04	2.64e-02	9.73e-01	0.00e+00	0.00e+00
 1.85415e+15	1.90e-16	3.04e-11	7.39e-07	5.48e-04	2.80e-02	9.71e-01	0.00e+00	0.00e+00
 1.90897e+15	2.47e-16	3.78e-11	8.82e-07	6.16e-04	2.99e-02	9.70e-01	0.00e+00	0.00e+00
 1.97877e+15	3.40e-16	4.93e-11	1.10e-06	7.11e-04	3.23e-02	9.67e-01	0.00e+00	0.00e+00
 2.05249e+15	4.54e-16	6.37e-11	1.37e-06	8.22e-04	3.49e-02	9.64e-01	0.00e+00	0.00e+00
 2.11859e+15	6.07e-16	8.11e-11	1.66e-06	9.33e-04	3.74e-02	9.62e-01	0.00e+00	0.00e+00
 2.19035e+15	8.45e-16	1.06e-10	2.03e-06	1.06e-03	4.01e-02	9.59e-01	0.00e+00	0.00e+00
 2.27555e+15	1.20e-15	1.42e-10	2.57e-06	1.24e-03	4.36e-02	9.55e-01	0.00e+00	0.00e+00
 2.35934e+15	1.66e-15	1.86e-10	3.19e-06	1.43e-03	4.70e-02	9.52e-01	0.00e+00	0.00e+00
 2.43543e+15	2.23e-15	2.37e-10	3.88e-06	1.62e-03	5.03e-02	9.48e-01	0.00e+00	0.00e+00
 2.52036e+15	2.98e-15	3.03e-10	4.77e-06	1.86e-03	5.40e-02	9.44e-01	0.00e+00	0.00e+00
 2.61975e+15	4.38e-15	4.14e-10	6.05e-06	2.17e-03	5.87e-02	9.39e-01	0.00e+00	0.00e+00
 2.71782e+15	6.19e-15	5.50e-10	7.56e-06	2.51e-03	6.33e-02	9.34e-01	0.00e+00	0.00e+00
 2.81036e+15	8.48e-15	7.12e-10	9.27e-06	2.86e-03	6.78e-02	9.29e-01	0.00e+00	0.00e+00
 2.91334e+15	1.15e-14	9.25e-10	1.15e-05	3.30e-03	7.30e-02	9.24e-01	0.00e+00	0.00e+00
 3.02990e+15	1.74e-14	1.28e-09	1.47e-05	3.85e-03	7.92e-02	9.17e-01	0.00e+00	0.00e+00
 3.12754e+15	2.36e-14	1.64e-09	1.78e-05	4.36e-03	8.44e-02	9.11e-01	0.00e+00	0.00e+00
 3.19760e+15	2.90e-14	1.95e-09	2.03e-05	4.76e-03	8.83e-02	9.07e-01	0.00e+00	0.00e+00
 3.27086e+15	3.60e-14	2.32e-09	2.33e-05	5.20e-03	9.24e-02	9.02e-01	0.00e+00	0.00e+00
 3.36610e+15	4.57e-14	2.85e-09	2.77e-05	5.82e-03	9.77e-02	8.96e-01	0.00e+00	0.00e+00
 3.47242e+15	6.37e-14	3.70e-09	3.36e-05	6.57e-03	1.04e-01	8.89e-01	0.00e+00	0.00e+00
 3.57179e+15	8.28e-14	4.59e-09	3.98e-05	7.33e-03	1.10e-01	8.83e-01	0.00e+00	0.00e+00
 3.67962e+15	1.07e-13	5.71e-09	4.76e-05	8.23e-03	1.16e-01	8.75e-01	0.00e+00	0.00e+00
 3.80074e+15	1.52e-13	7.50e-09	5.80e-05	9.34e-03	1.24e-01	8.66e-01	0.00e+00	0.00e+00
 3.91519e+15	2.00e-13	9.41e-09	6.92e-05	1.05e-02	1.31e-01	8.58e-01	0.00e+00	0.00e+00
 4.03999e+15	2.62e-13	1.19e-08	8.36e-05	1.18e-02	1.39e-01	8.49e-01	0.00e+00	0.00e+00
 4.18023e+15	3.79e-13	1.58e-08	1.03e-04	1.35e-02	1.49e-01	8.38e-01	0.00e+00	0.00e+00
 4.31310e+15	5.11e-13	2.02e-08	1.24e-04	1.52e-02	1.58e-01	8.27e-01	0.00e+00	0.00e+00
 4.45841e+15	6.76e-13	2.56e-08	1.51e-04	1.72e-02	1.67e-01	8.15e-01	0.00e+00	0.00e+00
 4.61890e+15	9.92e-13	3.46e-08	1.87e-04	1.97e-02	1.79e-01	8.02e-01	0.00e+00	0.00e+00
 4.76666e+15	1.33e-12	4.39e-08	2.26e-04	2.22e-02	1.89e-01	7.89e-01	0.00e+00	0.00e+00
 4.92630e+15	1.77e-12	5.59e-08	2.74e-04	2.51e-02	2.00e-01	7.75e-01	0.00e+00	0.00e+00
 5.10428e+15	2.47e-12	7.36e-08	3.38e-04	2.87e-02	2.12e-01	7.59e-01	0.00e+00	0.00e+00
 5.27165e+15	3.54e-12	9.72e-08	4.11e-04	3.24e-02	2.24e-01	7.43e-01	0.00e+00	0.00e+00
 5.45475e+15	4.92e-12	1.27e-07	5.04e-04	3.68e-02	2.37e-01	7.25e-01	0.00e+00	0.00e+00
 5.65631e+15	6.88e-12	1.67e-07	6.23e-04	4.20e-02	2.52e-01	7.06e-01	0.00e+00	0.00e+00
 5.83696e+15	9.04e-12	2.10e-07	7.49e-04	4.70e-02	2.64e-01	6.88e-01	0.00e+00	0.00e+00
 6.00167e+15	1.18e-11	2.62e-07	8.82e-04	5.20e-02	2.75e-01	6.72e-01	0.00e+00	0.00e+00
 6.19054e+15	1.59e-11	3.32e-07	1.06e-03	5.82e-02	2.88e-01	6.52e-01	0.00e+00	0.00e+00
 6.42325e+15	2.37e-11	4.55e-07	1.32e-03	6.65e-02	3.04e-01	6.28e-01	0.00e+00	0.00e+00
 6.65133e+15	3.26e-11	5.91e-07	1.61e-03	7.51e-02	3.19e-01	6.04e-01	0.00e+00	0.00e+00
 6.82901e+15	4.09e-11	7.15e-07	1.88e-03	8.22e-02	3.30e-01	5.86e-01	0.00e+00	0.00e+00
 7.00279e+15	5.21e-11	8.70e-07	2.17e-03	8.97e-02	3.41e-01	5.68e-01	0.00e+00	0.00e+00
 7.22871e+15	7.38e-11	1.14e-06	2.63e-03	1.00e-01	3.54e-01	5.43e-01	0.00e+00	0.00e+00
 7.44874e+15	9.67e-11	1.42e-06	3.11e-03	1.11e-01	3.66e-01	5.20e-01	0.00e+00	0.00e+00
 7.62738e+15	1.19e-10	1.69e-06	3.56e-03	1.20e-01	3.75e-01	5.02e-01	0.00e+00	0.00e+00
 7.82589e+15	1.51e-10	2.06e-06	4.14e-03	1.30e-01	3.85e-01	4.81e-01	0.00e+00	0.00e+00
 8.08395e+15	2.17e-10	2.73e-06	5.02e-03	1.45e-01	3.97e-01	4.53e-01	0.00e+00	0.00e+00
 8.33636e+15	2.90e-10	3.45e-06	5.97e-03	1.60e-01	4.07e-01	4.27e-01	0.00e+00	0.00e+00
 8.53365e+15	3.64e-10	4.14e-06	6.83e-03	1.72e-01	4.14e-01	4.07e-01	0.00e+00	0.00e+00
 8.74235e+15	4.63e-10	5.02e-06	7.87e-03	1.86e-01	4.20e-01	3.86e-01	0.00e+00	0.00e+00
 9.01365e+15	5.97e-10	6.22e-06	9.36e-03	2.04e-01	4.27e-01	3.60e-01	0.00e+00	0.00e+00
 9.29252e+15	8.48e-10	8.14e-06	1.12e-02	2.24e-01	4.33e-01	3.32e-01	0.00e+00	0.00e+00
 9.51863e+15	1.08e-09	9.85e-06	1.29e-02	2.40e-01	4.36e-01	3.11e-01	0.00e+00	0.00e+00
 9.74996e+15	1.36e-09	1.19e-05	1.48e-02	2.58e-01	4.37e-01	2.90e-01	0.00e+00	0.00e+00
 1.00054e+16	1.71e-09	1.44e-05	1.72e-02	2.77e-01	4.37e-01	2.68e-01	0.00e+00	0.00e+00
 1.02404e+16	2.29e-09	1.80e-05	1.98e-02	2.96e-01	4.37e-01	2.47e-01	0.00e+00	0.00e+00
 1.04526e+16	2.83e-09	2.12e-05	2.23e-02	3.13e-01	4.35e-01	2.30e-01	0.00e+00	0.00e+00
 1.06870e+16	3.57e-09	2.55e-05	2.55e-02	3.33e-01	4.31e-01	2.11e-01	0.00e+00	0.00e+00
 1.09421e+16	4.43e-09	3.05e-05	2.92e-02	3.53e-01	4.25e-01	1.93e-01	0.00e+00	0.00e+00
 1.11722e+16	5.92e-09	3.79e-05	3.34e-02	3.73e-01	4.18e-01	1.75e-01	0.00e+00	0.00e+00
 1.13518e+16	7.03e-09	4.34e-05	3.67e-02	3.88e-01	4.12e-01	1.63e-01	0.00e+00	0.00e+00
 1.15180e+16	8.39e-09	4.98e-05	4.03e-02	4.02e-01	4.06e-01	1.51e-01	0.00e+00	0.00e+00
 1.17341e+16	9.96e-09	5.74e-05	4.52e-02	4.21e-01	3.96e-01	1.38e-01	0.00e+00	0.00e+00
 1.19738e+16	1.36e-08	7.23e-05	5.18e-02	4.41e-01	3.85e-01	1.22e-01	0.00e+00	0.00e+00
 1.21862e+16	1.68e-08	8.54e-05	5.80e-02	4.59e-01	3.73e-01	1.10e-01	0.00e+00	0.00e+00
 1.23733e+16	2.03e-08	9.87e-05	6.41e-02	4.74e-01	3.62e-01	1.00e-01	0.00e+00	0.00e+00
 1.25537e+16	2.37e-08	1.12e-04	7.05e-02	4.89e-01	3.50e-01	9.10e-02	0.00e+00	0.00e+00
 1.27564e+16	3.09e-08	1.36e-04	7.92e-02	5.05e-01	3.35e-01	8.04e-02	0.00e+00	0.00e+00
 1.29713e+16	3.94e-08	1.64e-04	8.91e-02	5.21e-01	3.19e-01	7.04e-02	0.00e+00	0.00e+00
 1.31558e+16	4.67e-08	1.88e-04	9.84e-02	5.34e-01	3.04e-01	6.26e-02	0.00e+00	0.00e+00
 1.33233e+16	5.69e-08	2.18e-04	1.08e-01	5.46e-01	2.90e-01	5.56e-02	0.00e+00	0.00e+00
 1.34832e+16	6.95e-08	2.54e-04	1.18e-01	5.56e-01	2.76e-01	4.93e-02	0.00e+00	0.00e+00
 1.36314e+16	8.40e-08	2.92e-04	1.29e-01	5.65e-01	2.62e-01	4.37e-02	0.00e+00	0.00e+00
 1.37735e+16	1.06e-07	3.46e-04	1.41e-01	5.73e-01	2.48e-01	3.84e-02	0.00e+00	0.00e+00
 1.39138e+16	1.23e-07	3.87e-04	1.52e-01	5.80e-01	2.34e-01	3.40e-02	0.00e+00	0.00e+00
 1.40741e+16	1.66e-07	4.78e-04	1.68e-01	5.86e-01	2.16e-01	2.85e-02	0.00e+00	0.00e+00
 1.42293e+16	2.01e-07	5.54e-04	1.84e-01	5.91e-01	2.00e-01	2.43e-02	0.00e+00	0.00e+00
 1.43481e+16	2.42e-07	6.34e-04	1.98e-01	5.94e-01	1.86e-01	2.11e-02	0.00e+00	0.00e+00
 1.44488e+16	2.89e-07	7.20e-04	2.11e-01	5.95e-01	1.75e-01	1.85e-02	0.00e+00	0.00e+00
 1.45383e+16	3.27e-07	7.90e-04	2.22e-01	5.96e-01	1.65e-01	1.65e-02	0.00e+00	0.00e+00
 1.46369e+16	3.70e-07	8.67e-04	2.36e-01	5.96e-01	1.53e-01	1.43e-02	0.00e+00	0.00e+00
 1.47652e+16	4.83e-07	1.05e-03	2.56e-01	5.95e-01	1.37e-01	1.16e-02	0.00e+00	0.00e+00
 1.48674e+16	5.48e-07	1.15e-03	2.71e-01	5.93e-01	1.26e-01	9.83e-03	0.00e+00	0.00e+00
 1.49192e+16	6.40e-07	1.28e-03	2.80e-01	5.90e-01	1.19e-01	8.82e-03	0.00e+00	0.00e+00
 1.49595e+16	6.88e-07	1.35e-03	2.87e-01	5.89e-01	1.14e-01	8.15e-03	0.00e+00	0.00e+00
 1.50013e+16	7.41e-07	1.42e-03	2.95e-01	5.87e-01	1.09e-01	7.49e-03	0.00e+00	0.00e+00
 1.50556e+16	8.23e-07	1.53e-03	3.05e-01	5.85e-01	1.02e-01	6.65e-03	0.00e+00	0.00e+00
 1.51263e+16	9.45e-07	1.69e-03	3.18e-01	5.81e-01	9.39e-02	5.65e-03	0.00e+00	0.00e+00
 1.51959e+16	1.08e-06	1.86e-03	3.31e-01	5.76e-01	8.59e-02	4.79e-03	0.00e+00	0.00e+00
 1.52483e+16	1.20e-06	2.00e-03	3.41e-01	5.73e-01	7.99e-02	4.19e-03	0.00e+00	0.00e+00
 1.53003e+16	1.30e-06	2.12e-03	3.51e-01	5.69e-01	7.40e-02	3.65e-03	0.00e+00	0.00e+00
 1.53680e+16	1.56e-06	2.40e-03	3.66e-01	5.63e-01	6.62e-02	2.95e-03	0.00e+00	0.00e+00
 1.54295e+16	1.76e-06	2.61e-03	3.78e-01	5.57e-01	5.99e-02	2.46e-03	0.00e+00	0.00e+00
 1.54724e+16	1.92e-06	2.78e-03	3.86e-01	5.53e-01	5.56e-02	2.14e-03	0.00e+00	0.00e+00
 1.55178e+16	2.10e-06	2.97e-03	3.96e-01	5.49e-01	5.10e-02	1.83e-03	0.00e+00	0.00e+00
 1.55768e+16	2.39e-06	3.24e-03	4.08e-01	5.42e-01	4.53e-02	1.47e-03	0.00e+00	0.00e+00
 1.56385e+16	2.71e-06	3.53e-03	4.20e-01	5.35e-01	4.00e-02	1.17e-03	0.00e+00	0.00e+00
 1.56914e+16	3.03e-06	3.81e-03	4.31e-01	5.29e-01	3.56e-02	9.46e-04	0.00e+00	0.00e+00
 1.57480e+16	3.41e-06	4.14e-03	4.42e-01	5.22e-01	3.13e-02	7.42e-04	0.00e+00	0.00e+00
 1.58111e+16	3.88e-06	4.52e-03	4.54e-01	5.14e-01	2.69e-02	5.65e-04	0.00e+00	0.00e+00
 1.58712e+16	4.37e-06	4.90e-03	4.66e-01	5.06e-01	2.33e-02	4.31e-04	0.00e+00	0.00e+00
 1.59381e+16	4.97e-06	5.35e-03	4.78e-01	4.97e-01	1.96e-02	3.15e-04	0.00e+00	0.00e+00
 1.60137e+16	5.74e-06	5.89e-03	4.91e-01	4.87e-01	1.61e-02	2.19e-04	0.00e+00	0.00e+00
 1.60881e+16	6.57e-06	6.46e-03	5.03e-01	4.77e-01	1.33e-02	1.53e-04	0.00e+00	0.00e+00
 1.61724e+16	7.67e-06	7.16e-03	5.17e-01	4.65e-01	1.06e-02	9.98e-05	0.00e+00	0.00e+00
 1.62820e+16	9.28e-06	8.12e-03	5.34e-01	4.50e-01	7.87e-03	5.75e-05	0.00e+00	0.00e+00
 1.64006e+16	1.13e-05	9.25e-03	5.51e-01	4.34e-01	5.78e-03	3.21e-05	0.00e+00	0.00e+00
 1.64880e+16	1.31e-05	1.02e-02	5.63e-01	4.22e-01	4.66e-03	2.14e-05	0.00e+00	0.00e+00
 1.65440e+16	1.43e-05	1.08e-02	5.71e-01	4.14e-01	4.05e-03	1.64e-05	0.00e+00	0.00e+00
 1.66023e+16	1.57e-05	1.15e-02	5.79e-01	4.06e-01	3.48e-03	1.23e-05	0.00e+00	0.00e+00
 1.66781e+16	1.78e-05	1.24e-02	5.89e-01	3.96e-01	2.87e-03	8.51e-06	0.00e+00	0.00e+00
 1.67767e+16	2.09e-05	1.38e-02	6.02e-01	3.81e-01	2.24e-03	5.30e-06	0.00e+00	0.00e+00
 1.68777e+16	2.46e-05	1.54e-02	6.16e-01	3.67e-01	1.76e-03	3.35e-06	0.00e+00	0.00e+00
 1.69598e+16	2.82e-05	1.68e-02	6.27e-01	3.55e-01	1.45e-03	2.32e-06	0.00e+00	0.00e+00
 1.70443e+16	3.25e-05	1.85e-02	6.38e-01	3.42e-01	1.19e-03	1.57e-06	0.00e+00	0.00e+00
 1.71541e+16	3.92e-05	2.09e-02	6.53e-01	3.25e-01	9.10e-04	9.45e-07	0.00e+00	0.00e+00
 1.72556e+16	4.69e-05	2.35e-02	6.66e-01	3.09e-01	7.22e-04	0.00e+00	0.00e+00	0.00e+00
 1.73210e+16	5.28e-05	2.54e-02	6.75e-01	2.99e-01	6.22e-04	0.00e+00	0.00e+00	0.00e+00
 1.73809e+16	5.90e-05	2.73e-02	6.83e-01	2.89e-01	5.38e-04	0.00e+00	0.00e+00	0.00e+00
 1.74587e+16	6.81e-05	3.00e-02	6.93e-01	2.76e-01	4.46e-04	0.00e+00	0.00e+00	0.00e+00
 1.75399e+16	7.98e-05	3.33e-02	7.03e-01	2.63e-01	3.67e-04	0.00e+00	0.00e+00	0.00e+00
 1.76063e+16	9.09e-05	3.63e-02	7.12e-01	2.52e-01	3.13e-04	0.00e+00	0.00e+00	0.00e+00
 1.76635e+16	1.02e-04	3.92e-02	7.19e-01	2.42e-01	2.72e-04	0.00e+00	0.00e+00	0.00e+00
 1.77278e+16	1.16e-04	4.28e-02	7.26e-01	2.31e-01	2.32e-04	0.00e+00	0.00e+00	0.00e+00
 1.77994e+16	1.35e-04	4.72e-02	7.34e-01	2.18e-01	1.93e-04	0.00e+00	0.00e+00	0.00e+00
 1.78637e+16	1.56e-04	5.18e-02	7.41e-01	2.07e-01	1.64e-04	0.00e+00	0.00e+00	0.00e+00
 1.79192e+16	1.76e-04	5.62e-02	7.46e-01	1.97e-01	1.42e-04	0.00e+00	0.00e+00	0.00e+00
 1.79804e+16	2.02e-04	6.16e-02	7.51e-01	1.87e-01	1.20e-04	0.00e+00	0.00e+00	0.00e+00
 1.80472e+16	2.36e-04	6.82e-02	7.57e-01	1.75e-01	1.00e-04	0.00e+00	0.00e+00	0.00e+00
 1.81054e+16	2.72e-04	7.48e-02	7.60e-01	1.65e-01	8.52e-05	0.00e+00	0.00e+00	0.00e+00
 1.81553e+16	3.07e-04	8.10e-02	7.63e-01	1.56e-01	7.39e-05	0.00e+00	0.00e+00	0.00e+00
 1.82102e+16	3.52e-04	8.86e-02	7.65e-01	1.46e-01	6.27e-05	0.00e+00	0.00e+00	0.00e+00
 1.82709e+16	4.11e-04	9.82e-02	7.66e-01	1.36e-01	5.21e-05	0.00e+00	0.00e+00	0.00e+00
 1.83250e+16	4.75e-04	1.08e-01	7.65e-01	1.26e-01	4.40e-05	0.00e+00	0.00e+00	0.00e+00
 1.83716e+16	5.40e-04	1.17e-01	7.64e-01	1.18e-01	3.79e-05	0.00e+00	0.00e+00	0.00e+00
 1.84228e+16	6.22e-04	1.28e-01	7.61e-01	1.10e-01	3.18e-05	0.00e+00	0.00e+00	0.00e+00
 1.84791e+16	7.30e-04	1.42e-01	7.57e-01	1.00e-01	2.62e-05	0.00e+00	0.00e+00	0.00e+00
 1.85293e+16	8.46e-04	1.57e-01	7.50e-01	9.21e-02	2.19e-05	0.00e+00	0.00e+00	0.00e+00
 1.85734e+16	9.66e-04	1.70e-01	7.44e-01	8.50e-02	1.85e-05	0.00e+00	0.00e+00	0.00e+00
 1.86221e+16	1.12e-03	1.87e-01	7.34e-01	7.72e-02	1.52e-05	0.00e+00	0.00e+00	0.00e+00
 1.86754e+16	1.33e-03	2.08e-01	7.21e-01	6.91e-02	1.23e-05	0.00e+00	0.00e+00	0.00e+00
 1.87233e+16	1.56e-03	2.30e-01	7.07e-01	6.19e-02	9.95e-06	0.00e+00	0.00e+00	0.00e+00
 1.87663e+16	1.79e-03	2.51e-01	6.91e-01	5.56e-02	8.17e-06	0.00e+00	0.00e+00	0.00e+00
 1.88143e+16	2.11e-03	2.78e-01	6.71e-01	4.89e-02	6.45e-06	0.00e+00	0.00e+00	0.00e+00
 1.88675e+16	2.55e-03	3.11e-01	6.45e-01	4.18e-02	4.90e-06	0.00e+00	0.00e+00	0.00e+00
 1.89163e+16	3.05e-03	3.45e-01	6.16e-01	3.56e-02	3.74e-06	0.00e+00	0.00e+00	0.00e+00
 1.89608e+16	3.60e-03	3.80e-01	5.86e-01	3.03e-02	2.86e-06	0.00e+00	0.00e+00	0.00e+00
 1.90110e+16	4.34e-03	4.23e-01	5.48e-01	2.48e-02	2.06e-06	0.00e+00	0.00e+00	0.00e+00
 1.90641e+16	5.32e-03	4.73e-01	5.02e-01	1.94e-02	1.41e-06	0.00e+00	0.00e+00	0.00e+00
 1.91079e+16	6.36e-03	5.19e-01	4.59e-01	1.55e-02	9.95e-07	0.00e+00	0.00e+00	0.00e+00
 1.91441e+16	7.39e-03	5.59e-01	4.21e-01	1.26e-02	0.00e+00	0.00e+00	0.00e+00	0.00e+00
 1.91772e+16	8.43e-03	5.96e-01	3.85e-01	1.02e-02	0.00e+00	0.00e+00	0.00e+00	0.00e+00
 1.92087e+16	9.64e-03	6.33e-01	3.49e-01	8.17e-03	0.00e+00	0.00e+00	0.00e+00	0.00e+00
 1.92394e+16	1.10e-02	6.70e-01	3.13e-01	6.46e-03	0.00e+00	0.00e+00	0.00e+00	0.00e+00
 1.92688e+16	1.25e-02	7.04e-01	2.78e-01	5.04e-03	0.00e+00	0.00e+00	0.00e+00	0.00e+00
 1.92966e+16	1.41e-02	7.36e-01	2.46e-01	3.90e-03	0.00e+00	0.00e+00	0.00e+00	0.00e+00
 1.93232e+16	1.58e-02	7.66e-01	2.15e-01	2.99e-03	0.00e+00	0.00e+00	0.00e+00	0.00e+00
 1.93488e+16	1.77e-02	7.93e-01	1.87e-01	2.27e-03	0.00e+00	0.00e+00	0.00e+00	0.00e+00
 1.93735e+16	1.98e-02	8.17e-01	1.61e-01	1.69e-03	0.00e+00	0.00e+00	0.00e+00	0.00e+00
 1.93972e+16	2.21e-02	8.39e-01	1.37e-01	1.25e-03	0.00e+00	0.00e+00	0.00e+00	0.00e+00
 1.94200e+16	2.46e-02	8.58e-01	1.17e-01	9.21e-04	0.00e+00	0.00e+00	0.00e+00	0.00e+00
 1.94422e+16	2.74e-02	8.74e-01	9.82e-02	6.66e-04	0.00e+00	0.00e+00	0.00e+00	0.00e+00
 1.94641e+16	3.04e-02	8.88e-01	8.15e-02	4.72e-04	0.00e+00	0.00e+00	0.00e+00	0.00e+00
 1.94851e+16	3.37e-02	8.99e-01	6.73e-02	3.32e-04	0.00e+00	0.00e+00	0.00e+00	0.00e+00
 1.95051e+16	3.74e-02	9.07e-01	5.53e-02	2.32e-04	0.00e+00	0.00e+00	0.00e+00	0.00e+00
 1.95245e+16	4.14e-02	9.13e-01	4.51e-02	1.60e-04	0.00e+00	0.00e+00	0.00e+00	0.00e+00
 1.95438e+16	4.58e-02	9.18e-01	3.64e-02	1.09e-04	0.00e+00	0.00e+00	0.00e+00	0.00e+00
 1.95624e+16	5.07e-02	9.20e-01	2.93e-02	7.34e-05	0.00e+00	0.00e+00	0.00e+00	0.00e+00
 1.95798e+16	5.59e-02	9.20e-01	2.35e-02	4.97e-05	0.00e+00	0.00e+00	0.00e+00	0.00e+00
 1.95961e+16	6.13e-02	9.20e-01	1.90e-02	3.40e-05	0.00e+00	0.00e+00	0.00e+00	0.00e+00
 1.96129e+16	6.76e-02	9.17e-01	1.51e-02	2.24e-05	0.00e+00	0.00e+00	0.00e+00	0.00e+00
 1.96296e+16	7.42e-02	9.14e-01	1.19e-02	1.46e-05	0.00e+00	0.00e+00	0.00e+00	0.00e+00
 1.96443e+16	8.11e-02	9.09e-01	9.51e-03	9.85e-06	0.00e+00	0.00e+00	0.00e+00	0.00e+00
 1.96576e+16	8.78e-02	9.04e-01	7.74e-03	6.81e-06	0.00e+00	0.00e+00	0.00e+00	0.00e+00
 1.96698e+16	9.44e-02	8.99e-01	6.35e-03	4.79e-06	0.00e+00	0.00e+00	0.00e+00	0.00e+00
 1.96814e+16	1.01e-01	8.94e-01	5.25e-03	3.41e-06	0.00e+00	0.00e+00	0.00e+00	0.00e+00
 1.96922e+16	1.08e-01	8.88e-01	4.37e-03	2.45e-06	0.00e+00	0.00e+00	0.00e+00	0.00e+00
 1.97022e+16	1.14e-01	8.82e-01	3.66e-03	1.79e-06	0.00e+00	0.00e+00	0.00e+00	0.00e+00
 1.97101e+16	1.19e-01	8.77e-01	3.20e-03	1.41e-06	0.00e+00	0.00e+00	0.00e+00	0.00e+00
 1.97151e+16	1.23e-01	8.74e-01	2.92e-03	1.20e-06	0.00e+00	0.00e+00	0.00e+00	0.00e+00
 1.97197e+16	1.26e-01	8.71e-01	2.69e-03	1.03e-06	0.00e+00	0.00e+00	0.00e+00	0.00e+00
 1.97249e+16	1.31e-01	8.67e-01	2.44e-03	8.65e-07	0.00e+00	0.00e+00	0.00e+00	0.00e+00
 1.97307e+16	1.35e-01	8.63e-01	2.19e-03	0.00e+00	0.00e+00	0.00e+00	0.00e+00	0.00e+00
 1.97363e+16	1.40e-01	8.58e-01	1.97e-03	0.00e+00	0.00e+00	0.00e+00	0.00e+00	0.00e+00
 1.97416e+16	1.44e-01	8.54e-01	1.78e-03	0.00e+00	0.00e+00	0.00e+00	0.00e+00	0.00e+00
 1.97467e+16	1.49e-01	8.50e-01	1.61e-03	0.00e+00	0.00e+00	0.00e+00	0.00e+00	0.00e+00
 1.97519e+16	1.53e-01	8.45e-01	1.45e-03	0.00e+00	0.00e+00	0.00e+00	0.00e+00	0.00e+00
 1.97570e+16	1.58e-01	8.41e-01	1.31e-03	0.00e+00	0.00e+00	0.00e+00	0.00e+00	0.00e+00
 1.97621e+16	1.63e-01	8.36e-01	1.18e-03	0.00e+00	0.00e+00	0.00e+00	0.00e+00	0.00e+00
 1.97671e+16	1.68e-01	8.31e-01	1.07e-03	0.00e+00	0.00e+00	0.00e+00	0.00e+00	0.00e+00
 1.97721e+16	1.73e-01	8.26e-01	9.63e-04	0.00e+00	0.00e+00	0.00e+00	0.00e+00	0.00e+00
 1.97770e+16	1.78e-01	8.21e-01	8.68e-04	0.00e+00	0.00e+00	0.00e+00	0.00e+00	0.00e+00
 1.97819e+16	1.83e-01	8.16e-01	7.84e-04	0.00e+00	0.00e+00	0.00e+00	0.00e+00	0.00e+00
 1.97867e+16	1.89e-01	8.10e-01	7.06e-04	0.00e+00	0.00e+00	0.00e+00	0.00e+00	0.00e+00
 1.97915e+16	1.95e-01	8.05e-01	6.35e-04	0.00e+00	0.00e+00	0.00e+00	0.00e+00	0.00e+00
 1.97962e+16	2.00e-01	7.99e-01	5.73e-04	0.00e+00	0.00e+00	0.00e+00	0.00e+00	0.00e+00
 1.98009e+16	2.06e-01	7.93e-01	5.16e-04	0.00e+00	0.00e+00	0.00e+00	0.00e+00	0.00e+00
 1.98055e+16	2.12e-01	7.87e-01	4.65e-04	0.00e+00	0.00e+00	0.00e+00	0.00e+00	0.00e+00
 1.98101e+16	2.19e-01	7.81e-01	4.18e-04	0.00e+00	0.00e+00	0.00e+00	0.00e+00	0.00e+00
 1.98146e+16	2.25e-01	7.74e-01	3.76e-04	0.00e+00	0.00e+00	0.00e+00	0.00e+00	0.00e+00
 1.98191e+16	2.33e-01	7.67e-01	3.38e-04	0.00e+00	0.00e+00	0.00e+00	0.00e+00	0.00e+00
 1.98235e+16	2.40e-01	7.59e-01	3.04e-04	0.00e+00	0.00e+00	0.00e+00	0.00e+00	0.00e+00
 1.98280e+16	2.48e-01	7.52e-01	2.73e-04	0.00e+00	0.00e+00	0.00e+00	0.00e+00	0.00e+00
 1.98323e+16	2.55e-01	7.44e-01	2.45e-04	0.00e+00	0.00e+00	0.00e+00	0.00e+00	0.00e+00
 1.98365e+16	2.64e-01	7.36e-01	2.20e-04	0.00e+00	0.00e+00	0.00e+00	0.00e+00	0.00e+00
 1.98408e+16	2.72e-01	7.28e-01	1.97e-04	0.00e+00	0.00e+00	0.00e+00	0.00e+00	0.00e+00
 1.98450e+16	2.81e-01	7.19e-01	1.77e-04	0.00e+00	0.00e+00	0.00e+00	0.00e+00	0.00e+00
 1.98492e+16	2.91e-01	7.09e-01	1.58e-04	0.00e+00	0.00e+00	0.00e+00	0.00e+00	0.00e+00
 1.98533e+16	3.01e-01	6.99e-01	1.42e-04	0.00e+00	0.00e+00	0.00e+00	0.00e+00	0.00e+00
 1.98573e+16	3.11e-01	6.89e-01	1.27e-04	0.00e+00	0.00e+00	0.00e+00	0.00e+00	0.00e+00
 1.98612e+16	3.22e-01	6.78e-01	1.14e-04	0.00e+00	0.00e+00	0.00e+00	0.00e+00	0.00e+00
 1.98651e+16	3.35e-01	6.65e-01	1.02e-04	0.00e+00	0.00e+00	0.00e+00	0.00e+00	0.00e+00
 1.98689e+16	3.46e-01	6.54e-01	9.12e-05	0.00e+00	0.00e+00	0.00e+00	0.00e+00	0.00e+00
 1.98726e+16	3.59e-01	6.41e-01	8.16e-05	0.00e+00	0.00e+00	0.00e+00	0.00e+00	0.00e+00
 1.98762e+16	3.73e-01	6.27e-01	7.30e-05	0.00e+00	0.00e+00	0.00e+00	0.00e+00	0.00e+00
 1.98798e+16	3.85e-01	6.15e-01	6.54e-05	0.00e+00	0.00e+00	0.00e+00	0.00e+00	0.00e+00
 1.98834e+16	4.00e-01	6.00e-01	5.84e-05	0.00e+00	0.00e+00	0.00e+00	0.00e+00	0.00e+00
 1.98869e+16	4.15e-01	5.85e-01	5.21e-05	0.00e+00	0.00e+00	0.00e+00	0.00e+00	0.00e+00
 1.98904e+16	4.31e-01	5.69e-01	4.65e-05	0.00e+00	0.00e+00	0.00e+00	0.00e+00	0.00e+00
 1.98938e+16	4.48e-01	5.52e-01	4.15e-05	0.00e+00	0.00e+00	0.00e+00	0.00e+00	0.00e+00
 1.98971e+16	4.65e-01	5.35e-01	3.69e-05	0.00e+00	0.00e+00	0.00e+00	0.00e+00	0.00e+00
 1.99005e+16	4.85e-01	5.15e-01	3.26e-05	0.00e+00	0.00e+00	0.00e+00	0.00e+00	0.00e+00
 1.99037e+16	5.04e-01	4.96e-01	2.89e-05	0.00e+00	0.00e+00	0.00e+00	0.00e+00	0.00e+00
 1.99070e+16	5.24e-01	4.76e-01	2.56e-05	0.00e+00	0.00e+00	0.00e+00	0.00e+00	0.00e+00
 1.99102e+16	5.44e-01	4.56e-01	2.26e-05	0.00e+00	0.00e+00	0.00e+00	0.00e+00	0.00e+00
 1.99134e+16	5.65e-01	4.35e-01	1.99e-05	0.00e+00	0.00e+00	0.00e+00	0.00e+00	0.00e+00
 1.99167e+16	5.87e-01	4.13e-01	1.75e-05	0.00e+00	0.00e+00	0.00e+00	0.00e+00	0.00e+00
 1.99198e+16	6.09e-01	3.91e-01	1.53e-05	0.00e+00	0.00e+00	0.00e+00	0.00e+00	0.00e+00
 1.99230e+16	6.32e-01	3.68e-01	1.33e-05	0.00e+00	0.00e+00	0.00e+00	0.00e+00	0.00e+00
 1.99262e+16	6.54e-01	3.46e-01	1.16e-05	0.00e+00	0.00e+00	0.00e+00	0.00e+00	0.00e+00
 1.99290e+16	6.74e-01	3.26e-01	1.03e-05	0.00e+00	0.00e+00	0.00e+00	0.00e+00	0.00e+00
 1.99313e+16	6.90e-01	3.10e-01	9.27e-06	0.00e+00	0.00e+00	0.00e+00	0.00e+00	0.00e+00
 1.99334e+16	7.05e-01	2.95e-01	8.40e-06	0.00e+00	0.00e+00	0.00e+00	0.00e+00	0.00e+00
 1.99355e+16	7.19e-01	2.81e-01	7.61e-06	0.00e+00	0.00e+00	0.00e+00	0.00e+00	0.00e+00
 1.99378e+16	7.36e-01	2.64e-01	6.80e-06	0.00e+00	0.00e+00	0.00e+00	0.00e+00	0.00e+00
 1.99400e+16	7.50e-01	2.50e-01	6.15e-06	0.00e+00	0.00e+00	0.00e+00	0.00e+00	0.00e+00
 1.99420e+16	7.65e-01	2.35e-01	5.52e-06	0.00e+00	0.00e+00	0.00e+00	0.00e+00	0.00e+00
 1.99440e+16	7.77e-01	2.23e-01	5.03e-06	0.00e+00	0.00e+00	0.00e+00	0.00e+00	0.00e+00
 1.99459e+16	7.89e-01	2.11e-01	4.57e-06	0.00e+00	0.00e+00	0.00e+00	0.00e+00	0.00e+00
 1.99479e+16	8.01e-01	1.99e-01	4.14e-06	0.00e+00	0.00e+00	0.00e+00	0.00e+00	0.00e+00
 1.99498e+16	8.13e-01	1.87e-01	3.75e-06	0.00e+00	0.00e+00	0.00e+00	0.00e+00	0.00e+00
 1.99516e+16	8.24e-01	1.76e-01	3.40e-06	0.00e+00	0.00e+00	0.00e+00	0.00e+00	0.00e+00
 1.99534e+16	8.34e-01	1.66e-01	3.10e-06	0.00e+00	0.00e+00	0.00e+00	0.00e+00	0.00e+00
 1.99552e+16	8.43e-01	1.57e-01	2.82e-06	0.00e+00	0.00e+00	0.00e+00	0.00e+00	0.00e+00
 1.99570e+16	8.52e-01	1.48e-01	2.58e-06	0.00e+00	0.00e+00	0.00e+00	0.00e+00	0.00e+00
