#depth	O	O+	O+2	O+3	O+4	O+5	O+6	O+7	O+8	O[1]	O[2]	O[3]
 1.49634e+10	0.00e+00	2.01e-44	4.53e-34	9.57e-25	2.97e-16	1.24e-08	1.00e+00	0.00e+00	0.00e+00	0.00e+00	0.00e+00	0.00e+00
 4.54887e+10	0.00e+00	0.00e+00	6.22e-34	1.21e-24	3.49e-16	1.35e-08	1.00e+00	7.34e-07	0.00e+00	0.00e+00	0.00e+00	0.00e+00
 7.72350e+10	0.00e+00	4.45e-44	8.55e-34	1.54e-24	4.09e-16	1.46e-08	1.00e+00	0.00e+00	0.00e+00	0.00e+00	0.00e+00	0.00e+00
 1.10251e+11	0.00e+00	0.00e+00	1.18e-33	1.96e-24	4.81e-16	1.58e-08	1.00e+00	0.00e+00	0.00e+00	0.00e+00	0.00e+00	0.00e+00
 1.42622e+11	0.00e+00	9.66e-44	1.59e-33	2.46e-24	5.59e-16	1.71e-08	1.00e+00	0.00e+00	0.00e+00	0.00e+00	0.00e+00	0.00e+00
 1.76287e+11	0.00e+00	0.00e+00	2.15e-33	3.09e-24	6.51e-16	1.84e-08	1.00e+00	0.00e+00	0.00e+00	0.00e+00	0.00e+00	0.00e+00
 2.13265e+11	0.00e+00	2.10e-43	2.96e-33	3.93e-24	7.65e-16	2.00e-08	1.00e+00	0.00e+00	0.00e+00	0.00e+00	0.00e+00	0.00e+00
 2.50671e+11	0.00e+00	0.00e+00	4.04e-33	4.96e-24	8.95e-16	2.16e-08	1.00e+00	0.00e+00	0.00e+00	0.00e+00	0.00e+00	0.00e+00
 2.89573e+11	0.00e+00	4.57e-43	5.52e-33	6.28e-24	1.05e-15	2.34e-08	1.00e+00	0.00e+00	0.00e+00	0.00e+00	0.00e+00	0.00e+00
 3.31083e+11	0.00e+00	0.00e+00	7.60e-33	7.99e-24	1.23e-15	2.54e-08	1.00e+00	0.00e+00	0.00e+00	0.00e+00	0.00e+00	0.00e+00
 3.74253e+11	0.00e+00	1.02e-42	1.05e-32	1.02e-23	1.45e-15	2.75e-08	1.00e+00	0.00e+00	0.00e+00	0.00e+00	0.00e+00	0.00e+00
 4.19150e+11	0.00e+00	0.00e+00	1.45e-32	1.30e-23	1.70e-15	2.99e-08	1.00e+00	0.00e+00	0.00e+00	0.00e+00	0.00e+00	0.00e+00
 4.65843e+11	0.00e+00	2.28e-42	2.00e-32	1.65e-23	2.01e-15	3.24e-08	1.00e+00	0.00e+00	0.00e+00	0.00e+00	0.00e+00	0.00e+00
 5.14403e+11	0.00e+00	0.00e+00	2.75e-32	2.11e-23	2.36e-15	3.52e-08	1.00e+00	0.00e+00	0.00e+00	0.00e+00	0.00e+00	0.00e+00
 5.64906e+11	0.00e+00	5.10e-42	3.81e-32	2.69e-23	2.78e-15	3.82e-08	1.00e+00	0.00e+00	0.00e+00	0.00e+00	0.00e+00	0.00e+00
 6.17429e+11	0.00e+00	0.00e+00	5.26e-32	3.43e-23	3.28e-15	4.15e-08	1.00e+00	0.00e+00	0.00e+00	0.00e+00	0.00e+00	0.00e+00
 6.66814e+11	0.00e+00	1.10e-41	7.05e-32	4.29e-23	3.80e-15	4.48e-08	1.00e+00	0.00e+00	0.00e+00	0.00e+00	0.00e+00	0.00e+00
 7.10978e+11	0.00e+00	0.00e+00	9.10e-32	5.19e-23	4.33e-15	4.78e-08	1.00e+00	0.00e+00	0.00e+00	0.00e+00	0.00e+00	0.00e+00
 7.60557e+11	0.00e+00	2.14e-41	1.20e-31	6.40e-23	4.99e-15	5.13e-08	1.00e+00	0.00e+00	0.00e+00	0.00e+00	0.00e+00	0.00e+00
 8.19314e+11	0.00e+00	0.00e+00	1.65e-31	8.14e-23	5.86e-15	5.57e-08	1.00e+00	0.00e+00	0.00e+00	0.00e+00	0.00e+00	0.00e+00
 8.78367e+11	0.00e+00	4.67e-41	2.24e-31	1.03e-22	6.86e-15	6.03e-08	1.00e+00	0.00e+00	0.00e+00	0.00e+00	0.00e+00	0.00e+00
 9.33788e+11	0.00e+00	0.00e+00	2.96e-31	1.27e-22	7.91e-15	6.47e-08	1.00e+00	0.00e+00	0.00e+00	0.00e+00	0.00e+00	0.00e+00
 9.95072e+11	0.00e+00	9.60e-41	4.00e-31	1.59e-22	9.22e-15	6.99e-08	1.00e+00	0.00e+00	0.00e+00	0.00e+00	0.00e+00	0.00e+00
 1.06480e+12	0.00e+00	0.00e+00	5.55e-31	2.04e-22	1.09e-14	7.61e-08	1.00e+00	0.00e+00	0.00e+00	0.00e+00	0.00e+00	0.00e+00
 1.13439e+12	0.00e+00	2.14e-40	7.61e-31	2.59e-22	1.28e-14	8.26e-08	1.00e+00	0.00e+00	0.00e+00	0.00e+00	0.00e+00	0.00e+00
 1.20676e+12	0.00e+00	0.00e+00	1.04e-30	3.29e-22	1.51e-14	8.97e-08	1.00e+00	0.00e+00	0.00e+00	0.00e+00	0.00e+00	0.00e+00
 1.28496e+12	0.00e+00	4.80e-40	1.45e-30	4.23e-22	1.79e-14	9.78e-08	1.00e+00	0.00e+00	0.00e+00	0.00e+00	0.00e+00	0.00e+00
 1.36628e+12	0.00e+00	0.00e+00	2.02e-30	5.44e-22	2.12e-14	1.07e-07	1.00e+00	0.00e+00	0.00e+00	0.00e+00	0.00e+00	0.00e+00
 1.44298e+12	0.00e+00	1.05e-39	2.73e-30	6.83e-22	2.48e-14	1.15e-07	1.00e+00	0.00e+00	0.00e+00	0.00e+00	0.00e+00	0.00e+00
 1.51204e+12	0.00e+00	0.00e+00	3.55e-30	8.34e-22	2.84e-14	1.24e-07	1.00e+00	0.00e+00	0.00e+00	0.00e+00	0.00e+00	0.00e+00
 1.58981e+12	0.00e+00	2.08e-39	4.73e-30	1.04e-21	3.29e-14	1.33e-07	1.00e+00	0.00e+00	0.00e+00	0.00e+00	0.00e+00	0.00e+00
 1.68141e+12	0.00e+00	0.00e+00	6.55e-30	1.33e-21	3.90e-14	1.45e-07	1.00e+00	0.00e+00	0.00e+00	0.00e+00	0.00e+00	0.00e+00
 1.77293e+12	0.00e+00	4.62e-39	8.97e-30	1.69e-21	4.59e-14	1.58e-07	1.00e+00	0.00e+00	0.00e+00	0.00e+00	0.00e+00	0.00e+00
 1.85913e+12	0.00e+00	0.00e+00	1.19e-29	2.10e-21	5.33e-14	1.70e-07	1.00e+00	0.00e+00	0.00e+00	0.00e+00	0.00e+00	0.00e+00
 1.95444e+12	0.00e+00	9.63e-39	1.62e-29	2.66e-21	6.26e-14	1.85e-07	1.00e+00	0.00e+00	0.00e+00	0.00e+00	0.00e+00	0.00e+00
 2.06255e+12	0.00e+00	0.00e+00	2.27e-29	3.43e-21	7.46e-14	2.02e-07	1.00e+00	0.00e+00	0.00e+00	0.00e+00	0.00e+00	0.00e+00
 2.16946e+12	0.00e+00	2.17e-38	3.12e-29	4.38e-21	8.83e-14	2.21e-07	1.00e+00	0.00e+00	0.00e+00	0.00e+00	0.00e+00	0.00e+00
 2.28065e+12	0.00e+00	0.00e+00	4.29e-29	5.60e-21	1.05e-13	2.41e-07	1.00e+00	0.00e+00	0.00e+00	0.00e+00	0.00e+00	0.00e+00
 2.40180e+12	0.00e+00	4.87e-38	6.00e-29	7.24e-21	1.25e-13	2.64e-07	1.00e+00	0.00e+00	0.00e+00	0.00e+00	0.00e+00	0.00e+00
 2.52412e+12	0.00e+00	0.00e+00	8.31e-29	9.30e-21	1.49e-13	2.88e-07	1.00e+00	0.00e+00	0.00e+00	0.00e+00	0.00e+00	0.00e+00
 2.65133e+12	0.00e+00	1.09e-37	1.15e-28	1.20e-20	1.77e-13	3.16e-07	1.00e+00	0.00e+00	0.00e+00	0.00e+00	0.00e+00	0.00e+00
 2.78252e+12	0.00e+00	0.00e+00	1.59e-28	1.53e-20	2.11e-13	3.45e-07	1.00e+00	0.00e+00	0.00e+00	0.00e+00	0.00e+00	0.00e+00
 2.91139e+12	0.00e+00	2.37e-37	2.16e-28	1.94e-20	2.49e-13	3.76e-07	1.00e+00	0.00e+00	0.00e+00	0.00e+00	0.00e+00	0.00e+00
 3.05020e+12	0.00e+00	0.00e+00	2.97e-28	2.49e-20	2.95e-13	4.12e-07	1.00e+00	0.00e+00	0.00e+00	0.00e+00	0.00e+00	0.00e+00
 3.20213e+12	0.00e+00	5.29e-37	4.15e-28	3.22e-20	3.54e-13	4.53e-07	1.00e+00	0.00e+00	0.00e+00	0.00e+00	0.00e+00	0.00e+00
 3.36015e+12	0.00e+00	0.00e+00	5.79e-28	4.18e-20	4.25e-13	4.98e-07	1.00e+00	0.00e+00	0.00e+00	0.00e+00	0.00e+00	0.00e+00
 3.52448e+12	0.00e+00	1.20e-36	8.07e-28	5.41e-20	5.11e-13	5.48e-07	1.00e+00	0.00e+00	0.00e+00	0.00e+00	0.00e+00	0.00e+00
 3.69538e+12	5.17e-46	1.79e-36	1.12e-27	7.01e-20	6.14e-13	6.04e-07	1.00e+00	0.00e+00	0.00e+00	0.00e+00	0.00e+00	0.00e+00
 3.84994e+12	0.00e+00	0.00e+00	1.50e-27	8.79e-20	7.21e-13	6.58e-07	1.00e+00	0.00e+00	0.00e+00	0.00e+00	0.00e+00	0.00e+00
 3.97867e+12	0.00e+00	3.38e-36	1.89e-27	1.05e-19	8.21e-13	7.04e-07	1.00e+00	0.00e+00	0.00e+00	0.00e+00	0.00e+00	0.00e+00
 4.11968e+12	1.58e-45	4.56e-36	2.42e-27	1.28e-19	9.43e-13	7.58e-07	1.00e+00	0.00e+00	0.00e+00	0.00e+00	0.00e+00	0.00e+00
 4.29834e+12	0.00e+00	0.00e+00	3.26e-27	1.62e-19	1.12e-12	8.30e-07	1.00e+00	0.00e+00	0.00e+00	0.00e+00	0.00e+00	0.00e+00
 4.48476e+12	0.00e+00	9.46e-36	4.41e-27	2.05e-19	1.33e-12	9.09e-07	1.00e+00	0.00e+00	0.00e+00	0.00e+00	0.00e+00	0.00e+00
 4.64293e+12	5.35e-45	1.27e-35	5.63e-27	2.49e-19	1.53e-12	9.80e-07	1.00e+00	0.00e+00	0.00e+00	0.00e+00	0.00e+00	0.00e+00
 4.80555e+12	0.00e+00	0.00e+00	7.19e-27	3.02e-19	1.75e-12	1.06e-06	1.00e+00	0.00e+00	0.00e+00	0.00e+00	0.00e+00	0.00e+00
 5.01038e+12	0.00e+00	2.44e-35	9.65e-27	3.82e-19	2.08e-12	1.16e-06	1.00e+00	0.00e+00	0.00e+00	0.00e+00	0.00e+00	0.00e+00
 5.21851e+12	1.75e-44	3.44e-35	1.29e-26	4.81e-19	2.46e-12	1.27e-06	1.00e+00	0.00e+00	0.00e+00	0.00e+00	0.00e+00	0.00e+00
 5.39693e+12	0.00e+00	4.58e-35	1.63e-26	5.81e-19	2.82e-12	1.37e-06	1.00e+00	0.00e+00	0.00e+00	0.00e+00	0.00e+00	0.00e+00
 5.58830e+12	3.46e-44	6.14e-35	2.08e-26	7.06e-19	3.25e-12	1.48e-06	1.00e+00	0.00e+00	0.00e+00	0.00e+00	0.00e+00	0.00e+00
 5.82536e+12	0.00e+00	8.70e-35	2.79e-26	8.92e-19	3.86e-12	1.62e-06	1.00e+00	0.00e+00	0.00e+00	0.00e+00	0.00e+00	0.00e+00
 6.06851e+12	7.82e-44	1.22e-34	3.71e-26	1.12e-18	4.56e-12	1.78e-06	1.00e+00	0.00e+00	0.00e+00	0.00e+00	0.00e+00	0.00e+00
 6.28725e+12	0.00e+00	1.64e-34	4.74e-26	1.37e-18	5.28e-12	1.92e-06	1.00e+00	0.00e+00	0.00e+00	0.00e+00	0.00e+00	0.00e+00
 6.52753e+12	1.60e-43	2.24e-34	6.16e-26	1.69e-18	6.15e-12	2.09e-06	1.00e+00	0.00e+00	0.00e+00	0.00e+00	0.00e+00	0.00e+00
 6.81158e+12	0.00e+00	3.19e-34	8.28e-26	2.14e-18	7.33e-12	2.31e-06	1.00e+00	0.00e+00	0.00e+00	0.00e+00	0.00e+00	0.00e+00
 7.09620e+12	3.58e-43	4.46e-34	1.10e-25	2.70e-18	8.66e-12	2.53e-06	1.00e+00	0.00e+00	0.00e+00	0.00e+00	0.00e+00	0.00e+00
 7.36602e+12	0.00e+00	6.05e-34	1.42e-25	3.32e-18	1.01e-11	2.75e-06	1.00e+00	0.00e+00	0.00e+00	0.00e+00	0.00e+00	0.00e+00
 7.66439e+12	7.50e-43	8.37e-34	1.87e-25	4.15e-18	1.19e-11	3.01e-06	1.00e+00	0.00e+00	0.00e+00	0.00e+00	0.00e+00	0.00e+00
 8.00089e+12	0.00e+00	1.19e-33	2.51e-25	5.27e-18	1.41e-11	3.32e-06	1.00e+00	0.00e+00	0.00e+00	0.00e+00	0.00e+00	0.00e+00
 8.33676e+12	1.67e-42	1.66e-33	3.33e-25	6.63e-18	1.67e-11	3.64e-06	1.00e+00	0.00e+00	0.00e+00	0.00e+00	0.00e+00	0.00e+00
 8.63350e+12	0.00e+00	2.20e-33	4.23e-25	8.05e-18	1.92e-11	3.94e-06	1.00e+00	0.00e+00	0.00e+00	0.00e+00	0.00e+00	0.00e+00
 8.88232e+12	3.03e-42	2.77e-33	5.14e-25	9.43e-18	2.16e-11	4.20e-06	1.00e+00	0.00e+00	0.00e+00	0.00e+00	0.00e+00	0.00e+00
 9.15004e+12	0.00e+00	3.52e-33	6.30e-25	1.11e-17	2.43e-11	4.49e-06	1.00e+00	0.00e+00	0.00e+00	0.00e+00	0.00e+00	0.00e+00
 9.49807e+12	5.70e-42	4.75e-33	8.14e-25	1.37e-17	2.82e-11	4.89e-06	1.00e+00	0.00e+00	0.00e+00	0.00e+00	0.00e+00	0.00e+00
 9.86217e+12	0.00e+00	6.43e-33	1.05e-24	1.69e-17	3.29e-11	5.32e-06	1.00e+00	0.00e+00	0.00e+00	0.00e+00	0.00e+00	0.00e+00
 1.01728e+13	1.08e-41	8.26e-33	1.30e-24	2.01e-17	3.72e-11	5.70e-06	1.00e+00	0.00e+00	0.00e+00	0.00e+00	0.00e+00	0.00e+00
 1.05021e+13	0.00e+00	1.07e-32	1.62e-24	2.40e-17	4.23e-11	6.12e-06	1.00e+00	0.00e+00	0.00e+00	0.00e+00	0.00e+00	0.00e+00
 1.09169e+13	2.10e-41	1.46e-32	2.11e-24	2.98e-17	4.93e-11	6.68e-06	1.00e+00	0.00e+00	0.00e+00	0.00e+00	0.00e+00	0.00e+00
 1.13443e+13	0.00e+00	1.99e-32	2.75e-24	3.69e-17	5.75e-11	7.28e-06	1.00e+00	0.00e+00	0.00e+00	0.00e+00	0.00e+00	0.00e+00
 1.17198e+13	4.07e-41	2.58e-32	3.44e-24	4.43e-17	6.55e-11	7.84e-06	1.00e+00	0.00e+00	0.00e+00	0.00e+00	0.00e+00	0.00e+00
 1.21269e+13	0.00e+00	3.40e-32	4.35e-24	5.36e-17	7.50e-11	8.46e-06	1.00e+00	0.00e+00	0.00e+00	0.00e+00	0.00e+00	0.00e+00
 1.25773e+13	7.87e-41	4.56e-32	5.59e-24	6.57e-17	8.67e-11	9.18e-06	1.00e+00	0.00e+00	0.00e+00	0.00e+00	0.00e+00	0.00e+00
 1.29939e+13	0.00e+00	5.94e-32	6.99e-24	7.89e-17	9.86e-11	9.87e-06	1.00e+00	0.00e+00	0.00e+00	0.00e+00	0.00e+00	0.00e+00
 1.34454e+13	1.47e-40	7.84e-32	8.86e-24	9.56e-17	1.13e-10	1.06e-05	1.00e+00	0.00e+00	0.00e+00	0.00e+00	0.00e+00	0.00e+00
 1.39480e+13	0.00e+00	1.05e-31	1.14e-23	1.17e-16	1.31e-10	1.16e-05	1.00e+00	0.00e+00	0.00e+00	0.00e+00	0.00e+00	0.00e+00
 1.44174e+13	2.83e-40	1.38e-31	1.44e-23	1.41e-16	1.49e-10	1.24e-05	1.00e+00	0.00e+00	0.00e+00	0.00e+00	0.00e+00	0.00e+00
 1.49282e+13	0.00e+00	1.83e-31	1.83e-23	1.72e-16	1.71e-10	1.34e-05	1.00e+00	0.00e+00	0.00e+00	0.00e+00	0.00e+00	0.00e+00
 1.54962e+13	5.57e-40	2.48e-31	2.37e-23	2.12e-16	1.98e-10	1.46e-05	1.00e+00	0.00e+00	0.00e+00	0.00e+00	0.00e+00	0.00e+00
 1.60269e+13	0.00e+00	3.27e-31	3.00e-23	2.57e-16	2.26e-10	1.57e-05	1.00e+00	0.00e+00	0.00e+00	0.00e+00	0.00e+00	0.00e+00
 1.66053e+13	1.07e-39	4.39e-31	3.85e-23	3.14e-16	2.59e-10	1.70e-05	1.00e+00	0.00e+00	0.00e+00	0.00e+00	0.00e+00	0.00e+00
 1.72514e+13	0.00e+00	6.00e-31	5.03e-23	3.90e-16	3.02e-10	1.85e-05	1.00e+00	0.00e+00	0.00e+00	0.00e+00	0.00e+00	0.00e+00
 1.78598e+13	2.15e-39	8.00e-31	6.42e-23	4.74e-16	3.45e-10	2.00e-05	1.00e+00	0.00e+00	0.00e+00	0.00e+00	0.00e+00	0.00e+00
 1.85251e+13	0.00e+00	1.09e-30	8.32e-23	5.84e-16	3.99e-10	2.16e-05	1.00e+00	0.00e+00	0.00e+00	0.00e+00	0.00e+00	0.00e+00
 1.92703e+13	4.46e-39	1.51e-30	1.10e-22	7.31e-16	4.65e-10	2.36e-05	1.00e+00	0.00e+00	0.00e+00	0.00e+00	0.00e+00	0.00e+00
 1.99764e+13	0.00e+00	2.04e-30	1.42e-22	8.98e-16	5.36e-10	2.55e-05	1.00e+00	0.00e+00	0.00e+00	0.00e+00	0.00e+00	0.00e+00
 2.07346e+13	9.14e-39	2.80e-30	1.86e-22	1.11e-15	6.20e-10	2.77e-05	1.00e+00	0.00e+00	0.00e+00	0.00e+00	0.00e+00	0.00e+00
 2.15940e+13	0.00e+00	3.95e-30	2.49e-22	1.40e-15	7.26e-10	3.02e-05	1.00e+00	0.00e+00	0.00e+00	0.00e+00	0.00e+00	0.00e+00
 2.24424e+13	1.99e-38	5.50e-30	3.28e-22	1.75e-15	8.45e-10	3.29e-05	1.00e+00	0.00e+00	0.00e+00	0.00e+00	0.00e+00	0.00e+00
 2.33248e+13	0.00e+00	7.67e-30	4.35e-22	2.18e-15	9.82e-10	3.57e-05	1.00e+00	0.00e+00	0.00e+00	0.00e+00	0.00e+00	0.00e+00
 2.42877e+13	4.38e-38	1.09e-29	5.83e-22	2.75e-15	1.15e-09	3.90e-05	1.00e+00	0.00e+00	0.00e+00	0.00e+00	0.00e+00	0.00e+00
 2.52891e+13	0.00e+00	1.56e-29	7.86e-22	3.48e-15	1.35e-09	4.24e-05	1.00e+00	0.00e+00	0.00e+00	0.00e+00	0.00e+00	0.00e+00
 2.62354e+13	9.66e-38	2.15e-29	1.03e-21	4.30e-15	1.55e-09	4.59e-05	1.00e+00	0.00e+00	0.00e+00	0.00e+00	0.00e+00	0.00e+00
 2.70826e+13	0.00e+00	2.84e-29	1.30e-21	5.17e-15	1.76e-09	4.91e-05	1.00e+00	0.00e+00	0.00e+00	0.00e+00	0.00e+00	0.00e+00
 2.78738e+13	1.80e-37	3.66e-29	1.61e-21	6.10e-15	1.97e-09	5.22e-05	1.00e+00	0.00e+00	0.00e+00	0.00e+00	0.00e+00	0.00e+00
 2.87473e+13	0.00e+00	4.83e-29	2.02e-21	7.30e-15	2.22e-09	5.57e-05	1.00e+00	0.00e+00	0.00e+00	0.00e+00	0.00e+00	0.00e+00
 2.97304e+13	3.54e-37	6.55e-29	2.60e-21	8.88e-15	2.53e-09	5.98e-05	1.00e+00	0.00e+00	0.00e+00	0.00e+00	0.00e+00	0.00e+00
 3.06701e+13	0.00e+00	8.67e-29	3.28e-21	1.06e-14	2.86e-09	6.38e-05	1.00e+00	0.00e+00	0.00e+00	0.00e+00	0.00e+00	0.00e+00
 3.17058e+13	6.99e-37	1.17e-28	4.21e-21	1.29e-14	3.26e-09	6.84e-05	1.00e+00	0.00e+00	0.00e+00	0.00e+00	0.00e+00	0.00e+00
 3.28586e+13	0.00e+00	1.62e-28	5.51e-21	1.59e-14	3.75e-09	7.37e-05	1.00e+00	0.00e+00	0.00e+00	0.00e+00	0.00e+00	0.00e+00
 3.39216e+13	1.44e-36	2.17e-28	7.01e-21	1.91e-14	4.25e-09	7.88e-05	1.00e+00	0.00e+00	0.00e+00	0.00e+00	0.00e+00	0.00e+00
 3.49112e+13	0.00e+00	2.83e-28	8.72e-21	2.26e-14	4.75e-09	8.36e-05	1.00e+00	0.00e+00	0.00e+00	0.00e+00	0.00e+00	0.00e+00
 3.60472e+13	2.79e-36	3.81e-28	1.11e-20	2.73e-14	5.39e-09	8.93e-05	1.00e+00	0.00e+00	0.00e+00	0.00e+00	0.00e+00	0.00e+00
 3.74380e+13	0.00e+00	5.44e-28	1.49e-20	3.41e-14	6.25e-09	9.65e-05	1.00e+00	0.00e+00	0.00e+00	0.00e+00	0.00e+00	0.00e+00
 3.88237e+13	6.28e-36	7.60e-28	1.96e-20	4.22e-14	7.21e-09	1.04e-04	1.00e+00	0.00e+00	0.00e+00	0.00e+00	0.00e+00	0.00e+00
 4.00250e+13	0.00e+00	1.01e-27	2.48e-20	5.04e-14	8.12e-09	1.11e-04	1.00e+00	0.00e+00	0.00e+00	0.00e+00	0.00e+00	0.00e+00
 4.13228e+13	1.26e-35	1.37e-27	3.17e-20	6.08e-14	9.21e-09	1.18e-04	1.00e+00	0.00e+00	0.00e+00	0.00e+00	0.00e+00	0.00e+00
 4.29125e+13	0.00e+00	1.97e-27	4.25e-20	7.59e-14	1.07e-08	1.27e-04	1.00e+00	0.00e+00	0.00e+00	0.00e+00	0.00e+00	0.00e+00
 4.45352e+13	2.93e-35	2.79e-27	5.65e-20	9.44e-14	1.24e-08	1.37e-04	1.00e+00	0.00e+00	0.00e+00	0.00e+00	0.00e+00	0.00e+00
 4.59961e+13	4.24e-35	3.81e-27	7.27e-20	1.14e-13	1.40e-08	1.47e-04	1.00e+00	0.00e+00	0.00e+00	0.00e+00	0.00e+00	0.00e+00
 4.75928e+13	6.29e-35	5.30e-27	9.48e-20	1.40e-13	1.60e-08	1.57e-04	1.00e+00	0.00e+00	0.00e+00	0.00e+00	0.00e+00	0.00e+00
 4.94802e+13	9.88e-35	7.74e-27	1.29e-19	1.76e-13	1.87e-08	1.70e-04	1.00e+00	0.00e+00	0.00e+00	0.00e+00	0.00e+00	0.00e+00
 5.13668e+13	1.51e-34	1.11e-26	1.72e-19	2.19e-13	2.17e-08	1.83e-04	1.00e+00	0.00e+00	0.00e+00	0.00e+00	0.00e+00	0.00e+00
 5.31332e+13	2.24e-34	1.54e-26	2.24e-19	2.67e-13	2.47e-08	1.96e-04	1.00e+00	0.00e+00	0.00e+00	0.00e+00	0.00e+00	0.00e+00
 5.50928e+13	3.44e-34	2.20e-26	2.99e-19	3.31e-13	2.85e-08	2.10e-04	1.00e+00	0.00e+00	0.00e+00	0.00e+00	0.00e+00	0.00e+00
 5.73264e+13	5.41e-34	3.22e-26	4.07e-19	4.19e-13	3.34e-08	2.27e-04	1.00e+00	0.00e+00	0.00e+00	0.00e+00	0.00e+00	0.00e+00
 5.95436e+13	8.51e-34	4.69e-26	5.50e-19	5.25e-13	3.88e-08	2.45e-04	1.00e+00	0.00e+00	0.00e+00	0.00e+00	0.00e+00	0.00e+00
 6.18496e+13	1.34e-33	6.84e-26	7.43e-19	6.57e-13	4.50e-08	2.64e-04	1.00e+00	0.00e+00	0.00e+00	0.00e+00	0.00e+00	0.00e+00
 6.43535e+13	2.14e-33	1.01e-25	1.02e-18	8.31e-13	5.27e-08	2.85e-04	1.00e+00	0.00e+00	0.00e+00	0.00e+00	0.00e+00	0.00e+00
 6.69576e+13	3.39e-33	1.49e-25	1.39e-18	1.05e-12	6.16e-08	3.09e-04	1.00e+00	0.00e+00	0.00e+00	0.00e+00	0.00e+00	0.00e+00
 6.96658e+13	5.45e-33	2.20e-25	1.90e-18	1.33e-12	7.21e-08	3.33e-04	1.00e+00	0.00e+00	0.00e+00	0.00e+00	0.00e+00	0.00e+00
 7.22942e+13	8.50e-33	3.19e-25	2.56e-18	1.66e-12	8.34e-08	3.59e-04	1.00e+00	0.00e+00	0.00e+00	0.00e+00	0.00e+00	0.00e+00
 7.47715e+13	1.27e-32	4.45e-25	3.34e-18	2.02e-12	9.53e-08	3.83e-04	1.00e+00	0.00e+00	0.00e+00	0.00e+00	0.00e+00	0.00e+00
 7.71050e+13	1.81e-32	5.99e-25	4.26e-18	2.43e-12	1.08e-07	4.07e-04	1.00e+00	0.00e+00	0.00e+00	0.00e+00	0.00e+00	0.00e+00
 7.96436e+13	2.67e-32	8.28e-25	5.51e-18	2.94e-12	1.22e-07	4.34e-04	1.00e+00	0.00e+00	0.00e+00	0.00e+00	0.00e+00	0.00e+00
 8.24894e+13	4.07e-32	1.18e-24	7.29e-18	3.63e-12	1.41e-07	4.64e-04	1.00e+00	0.00e+00	0.00e+00	0.00e+00	0.00e+00	0.00e+00
 8.51874e+13	5.96e-32	1.62e-24	9.41e-18	4.39e-12	1.60e-07	4.95e-04	1.00e+00	0.00e+00	0.00e+00	0.00e+00	0.00e+00	0.00e+00
 8.81476e+13	8.85e-32	2.25e-24	1.23e-17	5.38e-12	1.83e-07	5.29e-04	9.99e-01	0.00e+00	0.00e+00	0.00e+00	0.00e+00	0.00e+00
 9.14517e+13	1.37e-31	3.24e-24	1.65e-17	6.69e-12	2.11e-07	5.69e-04	9.99e-01	0.00e+00	0.00e+00	0.00e+00	0.00e+00	0.00e+00
 9.45925e+13	2.06e-31	4.54e-24	2.16e-17	8.18e-12	2.42e-07	6.08e-04	9.99e-01	0.00e+00	0.00e+00	0.00e+00	0.00e+00	0.00e+00
 9.80394e+13	3.14e-31	6.46e-24	2.87e-17	1.01e-11	2.78e-07	6.52e-04	9.99e-01	0.00e+00	0.00e+00	0.00e+00	0.00e+00	0.00e+00
 1.01908e+14	4.87e-31	9.36e-24	3.89e-17	1.27e-11	3.24e-07	7.05e-04	9.99e-01	0.00e+00	0.00e+00	0.00e+00	0.00e+00	0.00e+00
 1.05639e+14	7.46e-31	1.34e-23	5.19e-17	1.58e-11	3.74e-07	7.56e-04	9.99e-01	0.00e+00	0.00e+00	0.00e+00	0.00e+00	0.00e+00
 1.09603e+14	1.16e-30	1.93e-23	6.95e-17	1.96e-11	4.33e-07	8.13e-04	9.99e-01	0.00e+00	0.00e+00	0.00e+00	0.00e+00	0.00e+00
 1.13663e+14	1.75e-30	2.73e-23	9.25e-17	2.44e-11	5.00e-07	8.75e-04	9.99e-01	0.00e+00	0.00e+00	0.00e+00	0.00e+00	0.00e+00
 1.17254e+14	2.54e-30	3.72e-23	1.19e-16	2.93e-11	5.66e-07	9.30e-04	9.99e-01	0.00e+00	0.00e+00	0.00e+00	0.00e+00	0.00e+00
 1.21149e+14	3.65e-30	5.06e-23	1.53e-16	3.56e-11	6.44e-07	9.93e-04	9.99e-01	0.00e+00	0.00e+00	0.00e+00	0.00e+00	0.00e+00
 1.25833e+14	5.75e-30	7.39e-23	2.07e-16	4.46e-11	7.48e-07	1.07e-03	9.99e-01	0.00e+00	0.00e+00	0.00e+00	0.00e+00	0.00e+00
 1.30472e+14	8.62e-30	1.04e-22	2.75e-16	5.53e-11	8.64e-07	1.15e-03	9.99e-01	0.00e+00	0.00e+00	0.00e+00	0.00e+00	0.00e+00
 1.34612e+14	1.23e-29	1.41e-22	3.52e-16	6.66e-11	9.77e-07	1.23e-03	9.99e-01	0.00e+00	0.00e+00	0.00e+00	0.00e+00	0.00e+00
 1.39174e+14	1.80e-29	1.94e-22	4.58e-16	8.12e-11	1.12e-06	1.31e-03	9.99e-01	0.00e+00	0.00e+00	0.00e+00	0.00e+00	0.00e+00
 1.44602e+14	2.84e-29	2.84e-22	6.21e-16	1.02e-10	1.30e-06	1.41e-03	9.99e-01	0.00e+00	0.00e+00	0.00e+00	0.00e+00	0.00e+00
 1.49985e+14	4.23e-29	3.99e-22	8.28e-16	1.27e-10	1.50e-06	1.52e-03	9.98e-01	0.00e+00	0.00e+00	0.00e+00	0.00e+00	0.00e+00
 1.54891e+14	6.08e-29	5.42e-22	1.07e-15	1.54e-10	1.71e-06	1.63e-03	9.98e-01	0.00e+00	0.00e+00	0.00e+00	0.00e+00	0.00e+00
 1.60351e+14	9.18e-29	7.64e-22	1.40e-15	1.89e-10	1.96e-06	1.74e-03	9.98e-01	0.00e+00	0.00e+00	0.00e+00	0.00e+00	0.00e+00
 1.66721e+14	1.40e-28	1.10e-21	1.91e-15	2.38e-10	2.28e-06	1.88e-03	9.98e-01	0.00e+00	0.00e+00	0.00e+00	0.00e+00	0.00e+00
 1.72985e+14	2.13e-28	1.56e-21	2.55e-15	2.96e-10	2.64e-06	2.03e-03	9.98e-01	0.00e+00	0.00e+00	0.00e+00	0.00e+00	0.00e+00
 1.78884e+14	3.10e-28	2.15e-21	3.32e-15	3.62e-10	3.02e-06	2.17e-03	9.98e-01	0.00e+00	0.00e+00	0.00e+00	0.00e+00	0.00e+00
 1.85454e+14	4.75e-28	3.07e-21	4.43e-15	4.49e-10	3.48e-06	2.33e-03	9.98e-01	0.00e+00	0.00e+00	0.00e+00	0.00e+00	0.00e+00
 1.92902e+14	7.23e-28	4.41e-21	6.02e-15	5.67e-10	4.07e-06	2.53e-03	9.97e-01	0.00e+00	0.00e+00	0.00e+00	0.00e+00	0.00e+00
 2.00325e+14	1.13e-27	6.39e-21	8.13e-15	7.10e-10	4.73e-06	2.73e-03	9.97e-01	0.00e+00	0.00e+00	0.00e+00	0.00e+00	0.00e+00
 2.07271e+14	1.61e-27	8.72e-21	1.06e-14	8.70e-10	5.42e-06	2.92e-03	9.97e-01	0.00e+00	0.00e+00	0.00e+00	0.00e+00	0.00e+00
 2.14817e+14	2.41e-27	1.23e-20	1.41e-14	1.08e-09	6.24e-06	3.14e-03	9.97e-01	0.00e+00	0.00e+00	0.00e+00	0.00e+00	0.00e+00
 2.23260e+14	3.77e-27	1.78e-20	1.91e-14	1.35e-09	7.27e-06	3.39e-03	9.97e-01	0.00e+00	0.00e+00	0.00e+00	0.00e+00	0.00e+00
 2.31145e+14	5.52e-27	2.47e-20	2.51e-14	1.66e-09	8.35e-06	3.64e-03	9.96e-01	0.00e+00	0.00e+00	0.00e+00	0.00e+00	0.00e+00
 2.38430e+14	7.78e-27	3.31e-20	3.21e-14	2.00e-09	9.44e-06	3.87e-03	9.96e-01	0.00e+00	0.00e+00	0.00e+00	0.00e+00	0.00e+00
 2.45411e+14	1.07e-26	4.33e-20	4.02e-14	2.38e-09	1.06e-05	4.10e-03	9.96e-01	0.00e+00	0.00e+00	0.00e+00	0.00e+00	0.00e+00
 2.53152e+14	1.51e-26	5.81e-20	5.14e-14	2.86e-09	1.20e-05	4.37e-03	9.96e-01	0.00e+00	0.00e+00	0.00e+00	0.00e+00	0.00e+00
 2.61718e+14	2.17e-26	7.95e-20	6.68e-14	3.49e-09	1.37e-05	4.67e-03	9.95e-01	0.00e+00	0.00e+00	0.00e+00	0.00e+00	0.00e+00
 2.69702e+14	2.98e-26	1.04e-19	8.48e-14	4.17e-09	1.54e-05	4.96e-03	9.95e-01	0.00e+00	0.00e+00	0.00e+00	0.00e+00	0.00e+00
 2.78426e+14	4.32e-26	1.43e-19	1.09e-13	5.04e-09	1.75e-05	5.29e-03	9.95e-01	0.00e+00	0.00e+00	0.00e+00	0.00e+00	0.00e+00
 2.88229e+14	6.14e-26	1.94e-19	1.43e-13	6.20e-09	2.00e-05	5.68e-03	9.94e-01	0.00e+00	0.00e+00	0.00e+00	0.00e+00	0.00e+00
 2.97544e+14	8.79e-26	2.63e-19	1.84e-13	7.49e-09	2.27e-05	6.05e-03	9.94e-01	0.00e+00	0.00e+00	0.00e+00	0.00e+00	0.00e+00
 3.07762e+14	1.29e-25	3.64e-19	2.40e-13	9.16e-09	2.60e-05	6.47e-03	9.94e-01	0.00e+00	0.00e+00	0.00e+00	0.00e+00	0.00e+00
 3.19084e+14	1.87e-25	5.02e-19	3.19e-13	1.14e-08	3.00e-05	6.96e-03	9.93e-01	0.00e+00	0.00e+00	0.00e+00	0.00e+00	0.00e+00
 3.29573e+14	2.72e-25	6.88e-19	4.12e-13	1.38e-08	3.41e-05	7.43e-03	9.93e-01	0.00e+00	0.00e+00	0.00e+00	0.00e+00	0.00e+00
 3.40939e+14	3.81e-25	9.28e-19	5.37e-13	1.68e-08	3.90e-05	7.96e-03	9.92e-01	0.00e+00	0.00e+00	0.00e+00	0.00e+00	0.00e+00
 3.53593e+14	5.72e-25	1.31e-18	7.16e-13	2.09e-08	4.51e-05	8.56e-03	9.91e-01	0.00e+00	0.00e+00	0.00e+00	0.00e+00	0.00e+00
 3.65442e+14	8.25e-25	1.79e-18	9.28e-13	2.54e-08	5.14e-05	9.15e-03	9.91e-01	0.00e+00	0.00e+00	0.00e+00	0.00e+00	0.00e+00
 3.78364e+14	1.17e-24	2.43e-18	1.22e-12	3.13e-08	5.89e-05	9.82e-03	9.90e-01	0.00e+00	0.00e+00	0.00e+00	0.00e+00	0.00e+00
 3.92724e+14	1.74e-24	3.43e-18	1.63e-12	3.90e-08	6.83e-05	1.06e-02	9.89e-01	0.00e+00	0.00e+00	0.00e+00	0.00e+00	0.00e+00
 4.06131e+14	2.54e-24	4.73e-18	2.13e-12	4.77e-08	7.80e-05	1.13e-02	9.89e-01	0.00e+00	0.00e+00	0.00e+00	0.00e+00	0.00e+00
 4.20741e+14	3.58e-24	6.42e-18	2.79e-12	5.88e-08	8.97e-05	1.22e-02	9.88e-01	0.00e+00	0.00e+00	0.00e+00	0.00e+00	0.00e+00
 4.37043e+14	5.44e-24	9.17e-18	3.77e-12	7.37e-08	1.04e-04	1.32e-02	9.87e-01	0.00e+00	0.00e+00	0.00e+00	0.00e+00	0.00e+00
 4.52422e+14	7.70e-24	1.25e-17	4.93e-12	9.04e-08	1.19e-04	1.41e-02	9.86e-01	0.00e+00	0.00e+00	0.00e+00	0.00e+00	0.00e+00
 4.68965e+14	1.15e-23	1.75e-17	6.54e-12	1.12e-07	1.38e-04	1.52e-02	9.85e-01	0.00e+00	0.00e+00	0.00e+00	0.00e+00	0.00e+00
 4.87753e+14	1.68e-23	2.46e-17	8.86e-12	1.41e-07	1.61e-04	1.65e-02	9.83e-01	0.00e+00	0.00e+00	0.00e+00	0.00e+00	0.00e+00
 5.06089e+14	2.51e-23	3.47e-17	1.18e-11	1.76e-07	1.86e-04	1.78e-02	9.82e-01	0.00e+00	0.00e+00	0.00e+00	0.00e+00	0.00e+00
 5.25158e+14	3.58e-23	4.77e-17	1.57e-11	2.19e-07	2.15e-04	1.92e-02	9.81e-01	0.00e+00	0.00e+00	0.00e+00	0.00e+00	0.00e+00
 5.46194e+14	5.44e-23	6.86e-17	2.13e-11	2.76e-07	2.51e-04	2.08e-02	9.79e-01	0.00e+00	0.00e+00	0.00e+00	0.00e+00	0.00e+00
 5.66914e+14	7.71e-23	9.40e-17	2.84e-11	3.44e-07	2.91e-04	2.25e-02	9.77e-01	0.00e+00	0.00e+00	0.00e+00	0.00e+00	0.00e+00
 5.83893e+14	1.04e-22	1.23e-16	3.57e-11	4.10e-07	3.26e-04	2.39e-02	9.76e-01	0.00e+00	0.00e+00	0.00e+00	0.00e+00	0.00e+00
 5.97378e+14	1.31e-22	1.50e-16	4.25e-11	4.69e-07	3.57e-04	2.51e-02	9.75e-01	0.00e+00	0.00e+00	0.00e+00	0.00e+00	0.00e+00
 6.12330e+14	1.69e-22	1.87e-16	5.15e-11	5.43e-07	3.93e-04	2.64e-02	9.73e-01	0.00e+00	0.00e+00	0.00e+00	0.00e+00	0.00e+00
 6.31767e+14	2.27e-22	2.45e-16	6.54e-11	6.53e-07	4.44e-04	2.82e-02	9.71e-01	0.00e+00	0.00e+00	0.00e+00	0.00e+00	0.00e+00
 6.52650e+14	3.12e-22	3.26e-16	8.40e-11	7.92e-07	5.04e-04	3.01e-02	9.69e-01	0.00e+00	0.00e+00	0.00e+00	0.00e+00	0.00e+00
 6.71247e+14	4.15e-22	4.19e-16	1.04e-10	9.35e-07	5.63e-04	3.20e-02	9.67e-01	0.00e+00	0.00e+00	0.00e+00	0.00e+00	0.00e+00
 6.91258e+14	5.46e-22	5.38e-16	1.30e-10	1.11e-06	6.31e-04	3.40e-02	9.65e-01	0.00e+00	0.00e+00	0.00e+00	0.00e+00	0.00e+00
 7.16635e+14	7.81e-22	7.40e-16	1.72e-10	1.37e-06	7.26e-04	3.67e-02	9.63e-01	0.00e+00	0.00e+00	0.00e+00	0.00e+00	0.00e+00
 7.42367e+14	1.09e-21	1.00e-15	2.25e-10	1.69e-06	8.32e-04	3.95e-02	9.60e-01	0.00e+00	0.00e+00	0.00e+00	0.00e+00	0.00e+00
 7.64123e+14	1.44e-21	1.29e-15	2.81e-10	2.01e-06	9.31e-04	4.20e-02	9.57e-01	0.00e+00	0.00e+00	0.00e+00	0.00e+00	0.00e+00
 7.87331e+14	1.93e-21	1.68e-15	3.54e-10	2.39e-06	1.05e-03	4.47e-02	9.54e-01	0.00e+00	0.00e+00	0.00e+00	0.00e+00	0.00e+00
 8.16473e+14	2.71e-21	2.29e-15	4.67e-10	2.97e-06	1.20e-03	4.83e-02	9.50e-01	0.00e+00	0.00e+00	0.00e+00	0.00e+00	0.00e+00
 8.46576e+14	3.86e-21	3.16e-15	6.16e-10	3.67e-06	1.38e-03	5.22e-02	9.46e-01	0.00e+00	0.00e+00	0.00e+00	0.00e+00	0.00e+00
 8.73095e+14	5.20e-21	4.14e-15	7.80e-10	4.40e-06	1.56e-03	5.56e-02	9.43e-01	0.00e+00	0.00e+00	0.00e+00	0.00e+00	0.00e+00
 9.01703e+14	7.02e-21	5.46e-15	9.99e-10	5.32e-06	1.76e-03	5.95e-02	9.39e-01	0.00e+00	0.00e+00	0.00e+00	0.00e+00	0.00e+00
 9.36245e+14	1.01e-20	7.61e-15	1.33e-09	6.64e-06	2.04e-03	6.45e-02	9.33e-01	0.00e+00	0.00e+00	0.00e+00	0.00e+00	0.00e+00
 9.70464e+14	1.42e-20	1.04e-14	1.75e-09	8.20e-06	2.34e-03	6.96e-02	9.28e-01	0.00e+00	0.00e+00	0.00e+00	0.00e+00	0.00e+00
 1.00079e+15	1.92e-20	1.37e-14	2.22e-09	9.82e-06	2.63e-03	7.41e-02	9.23e-01	0.00e+00	0.00e+00	0.00e+00	0.00e+00	0.00e+00
 1.03410e+15	2.61e-20	1.82e-14	2.86e-09	1.19e-05	2.98e-03	7.92e-02	9.18e-01	0.00e+00	0.00e+00	0.00e+00	0.00e+00	0.00e+00
 1.07399e+15	3.80e-20	2.57e-14	3.82e-09	1.48e-05	3.44e-03	8.58e-02	9.11e-01	0.00e+00	0.00e+00	0.00e+00	0.00e+00	0.00e+00
 1.11374e+15	5.45e-20	3.56e-14	5.06e-09	1.84e-05	3.94e-03	9.24e-02	9.04e-01	0.00e+00	0.00e+00	0.00e+00	0.00e+00	0.00e+00
 1.15001e+15	7.34e-20	4.70e-14	6.47e-09	2.21e-05	4.44e-03	9.85e-02	8.97e-01	0.00e+00	0.00e+00	0.00e+00	0.00e+00	0.00e+00
 1.19046e+15	1.05e-19	6.48e-14	8.44e-09	2.71e-05	5.06e-03	1.06e-01	8.89e-01	0.00e+00	0.00e+00	0.00e+00	0.00e+00	0.00e+00
 1.23761e+15	1.54e-19	9.22e-14	1.14e-08	3.39e-05	5.85e-03	1.14e-01	8.80e-01	0.00e+00	0.00e+00	0.00e+00	0.00e+00	0.00e+00
 1.28399e+15	2.22e-19	1.29e-13	1.51e-08	4.20e-05	6.71e-03	1.23e-01	8.70e-01	0.00e+00	0.00e+00	0.00e+00	0.00e+00	0.00e+00
 1.32786e+15	3.06e-19	1.73e-13	1.96e-08	5.10e-05	7.59e-03	1.31e-01	8.61e-01	0.00e+00	0.00e+00	0.00e+00	0.00e+00	0.00e+00
 1.37662e+15	4.52e-19	2.45e-13	2.59e-08	6.29e-05	8.67e-03	1.41e-01	8.51e-01	0.00e+00	0.00e+00	0.00e+00	0.00e+00	0.00e+00
 1.42273e+15	6.31e-19	3.32e-13	3.34e-08	7.60e-05	9.79e-03	1.50e-01	8.40e-01	0.00e+00	0.00e+00	0.00e+00	0.00e+00	0.00e+00
 1.45703e+15	8.05e-19	4.13e-13	4.02e-08	8.71e-05	1.07e-02	1.57e-01	8.33e-01	0.00e+00	0.00e+00	0.00e+00	0.00e+00	0.00e+00
 1.49196e+15	1.03e-18	5.15e-13	4.82e-08	9.98e-05	1.16e-02	1.64e-01	8.25e-01	0.00e+00	0.00e+00	0.00e+00	0.00e+00	0.00e+00
 1.53738e+15	1.37e-18	6.71e-13	6.07e-08	1.18e-04	1.30e-02	1.73e-01	8.14e-01	0.00e+00	0.00e+00	0.00e+00	0.00e+00	0.00e+00
 1.58683e+15	1.95e-18	9.16e-13	7.75e-08	1.42e-04	1.45e-02	1.83e-01	8.02e-01	0.00e+00	0.00e+00	0.00e+00	0.00e+00	0.00e+00
 1.63145e+15	2.59e-18	1.18e-12	9.59e-08	1.66e-04	1.60e-02	1.92e-01	7.92e-01	0.00e+00	0.00e+00	0.00e+00	0.00e+00	0.00e+00
 1.67939e+15	3.44e-18	1.53e-12	1.20e-07	1.95e-04	1.77e-02	2.02e-01	7.80e-01	0.00e+00	0.00e+00	0.00e+00	0.00e+00	0.00e+00
 1.74062e+15	5.15e-18	2.18e-12	1.58e-07	2.39e-04	2.01e-02	2.15e-01	7.65e-01	0.00e+00	0.00e+00	0.00e+00	0.00e+00	0.00e+00
 1.80254e+15	7.44e-18	3.02e-12	2.06e-07	2.91e-04	2.28e-02	2.28e-01	7.49e-01	0.00e+00	0.00e+00	0.00e+00	0.00e+00	0.00e+00
 1.85415e+15	1.00e-17	3.94e-12	2.55e-07	3.40e-04	2.51e-02	2.39e-01	7.36e-01	0.00e+00	0.00e+00	0.00e+00	0.00e+00	0.00e+00
 1.90897e+15	1.37e-17	5.18e-12	3.19e-07	4.00e-04	2.77e-02	2.50e-01	7.22e-01	0.00e+00	0.00e+00	0.00e+00	0.00e+00	0.00e+00
 1.97877e+15	2.01e-17	7.26e-12	4.19e-07	4.87e-04	3.13e-02	2.65e-01	7.04e-01	0.00e+00	0.00e+00	0.00e+00	0.00e+00	0.00e+00
 2.05249e+15	2.92e-17	1.00e-11	5.51e-07	5.95e-04	3.54e-02	2.79e-01	6.85e-01	0.00e+00	0.00e+00	1.67e-17	8.85e-18	3.13e-18
 2.11859e+15	4.10e-17	1.35e-11	6.99e-07	7.06e-04	3.93e-02	2.93e-01	6.67e-01	0.00e+00	0.00e+00	2.35e-17	1.25e-17	4.38e-18
 2.19035e+15	6.04e-17	1.87e-11	8.97e-07	8.45e-04	4.38e-02	3.07e-01	6.49e-01	0.00e+00	0.00e+00	3.46e-17	1.84e-17	6.41e-18
 2.27555e+15	9.18e-17	2.69e-11	1.19e-06	1.04e-03	4.95e-02	3.23e-01	6.26e-01	0.00e+00	0.00e+00	5.27e-17	2.79e-17	9.69e-18
 2.35934e+15	1.34e-16	3.74e-11	1.56e-06	1.25e-03	5.55e-02	3.38e-01	6.05e-01	0.00e+00	0.00e+00	7.72e-17	4.08e-17	1.41e-17
 2.43543e+15	1.90e-16	5.03e-11	1.96e-06	1.48e-03	6.13e-02	3.52e-01	5.86e-01	0.00e+00	0.00e+00	1.09e-16	5.77e-17	1.99e-17
 2.52036e+15	2.67e-16	6.79e-11	2.52e-06	1.77e-03	6.80e-02	3.66e-01	5.64e-01	0.00e+00	0.00e+00	1.54e-16	8.10e-17	2.79e-17
 2.61975e+15	4.18e-16	9.87e-11	3.34e-06	2.15e-03	7.64e-02	3.82e-01	5.39e-01	0.00e+00	0.00e+00	2.41e-16	1.27e-16	4.34e-17
 2.71782e+15	6.24e-16	1.38e-10	4.34e-06	2.59e-03	8.52e-02	3.97e-01	5.16e-01	0.00e+00	0.00e+00	3.60e-16	1.89e-16	6.45e-17
 2.81036e+15	8.98e-16	1.88e-10	5.52e-06	3.06e-03	9.38e-02	4.10e-01	4.94e-01	0.00e+00	0.00e+00	5.18e-16	2.72e-16	9.26e-17
 2.91334e+15	1.28e-15	2.55e-10	7.11e-06	3.66e-03	1.04e-01	4.23e-01	4.70e-01	0.00e+00	0.00e+00	7.39e-16	3.89e-16	1.32e-16
 3.02990e+15	2.05e-15	3.73e-10	9.38e-06	4.43e-03	1.16e-01	4.37e-01	4.43e-01	0.00e+00	0.00e+00	1.18e-15	6.22e-16	2.10e-16
 3.12754e+15	2.89e-15	4.96e-10	1.17e-05	5.15e-03	1.26e-01	4.47e-01	4.22e-01	0.00e+00	0.00e+00	1.67e-15	8.78e-16	2.96e-16
 3.19760e+15	3.67e-15	6.04e-10	1.36e-05	5.72e-03	1.33e-01	4.53e-01	4.08e-01	0.00e+00	0.00e+00	2.12e-15	1.11e-15	3.75e-16
 3.27086e+15	4.69e-15	7.38e-10	1.59e-05	6.36e-03	1.41e-01	4.60e-01	3.93e-01	0.00e+00	0.00e+00	2.71e-15	1.42e-15	4.78e-16
 3.36610e+15	6.15e-15	9.31e-10	1.93e-05	7.27e-03	1.52e-01	4.67e-01	3.74e-01	0.00e+00	0.00e+00	3.56e-15	1.87e-15	6.25e-16
 3.47242e+15	8.93e-15	1.25e-09	2.38e-05	8.38e-03	1.64e-01	4.74e-01	3.53e-01	0.00e+00	0.00e+00	5.17e-15	2.71e-15	9.06e-16
 3.57179e+15	1.20e-14	1.59e-09	2.87e-05	9.52e-03	1.76e-01	4.79e-01	3.35e-01	0.00e+00	0.00e+00	6.92e-15	3.63e-15	1.21e-15
 3.67962e+15	1.60e-14	2.03e-09	3.49e-05	1.09e-02	1.88e-01	4.84e-01	3.17e-01	0.00e+00	0.00e+00	9.25e-15	4.85e-15	1.62e-15
 3.80074e+15	2.35e-14	2.74e-09	4.32e-05	1.25e-02	2.03e-01	4.88e-01	2.96e-01	0.00e+00	0.00e+00	1.36e-14	7.14e-15	2.37e-15
 3.91519e+15	3.19e-14	3.50e-09	5.23e-05	1.42e-02	2.17e-01	4.91e-01	2.78e-01	0.00e+00	0.00e+00	1.85e-14	9.69e-15	3.22e-15
 4.03999e+15	4.32e-14	4.50e-09	6.39e-05	1.63e-02	2.32e-01	4.92e-01	2.60e-01	0.00e+00	0.00e+00	2.50e-14	1.31e-14	4.34e-15
 4.18023e+15	6.48e-14	6.15e-09	7.96e-05	1.88e-02	2.48e-01	4.93e-01	2.40e-01	0.00e+00	0.00e+00	3.75e-14	1.97e-14	6.51e-15
 4.31310e+15	9.01e-14	7.98e-09	9.68e-05	2.13e-02	2.64e-01	4.92e-01	2.23e-01	0.00e+00	0.00e+00	5.22e-14	2.73e-14	9.04e-15
 4.45841e+15	1.22e-13	1.02e-08	1.19e-04	2.44e-02	2.82e-01	4.89e-01	2.05e-01	0.00e+00	0.00e+00	7.07e-14	3.70e-14	1.22e-14
 4.61890e+15	1.86e-13	1.41e-08	1.48e-04	2.80e-02	3.00e-01	4.84e-01	1.87e-01	0.00e+00	0.00e+00	1.08e-13	5.64e-14	1.86e-14
 4.76666e+15	2.55e-13	1.81e-08	1.79e-04	3.17e-02	3.17e-01	4.79e-01	1.72e-01	0.00e+00	0.00e+00	1.48e-13	7.73e-14	2.54e-14
 4.92630e+15	3.47e-13	2.32e-08	2.18e-04	3.59e-02	3.35e-01	4.72e-01	1.57e-01	0.00e+00	0.00e+00	2.01e-13	1.05e-13	3.46e-14
 5.10428e+15	4.99e-13	3.08e-08	2.69e-04	4.09e-02	3.55e-01	4.63e-01	1.41e-01	0.00e+00	0.00e+00	2.89e-13	1.51e-13	4.97e-14
 5.27165e+15	7.36e-13	4.10e-08	3.27e-04	4.61e-02	3.72e-01	4.53e-01	1.28e-01	0.00e+00	0.00e+00	4.27e-13	2.24e-13	7.34e-14
 5.45475e+15	1.05e-12	5.38e-08	3.99e-04	5.21e-02	3.91e-01	4.42e-01	1.15e-01	0.00e+00	0.00e+00	6.08e-13	3.19e-13	1.04e-13
 5.65631e+15	1.50e-12	7.10e-08	4.91e-04	5.91e-02	4.10e-01	4.28e-01	1.02e-01	0.00e+00	0.00e+00	8.71e-13	4.56e-13	1.49e-13
 5.83696e+15	2.01e-12	8.93e-08	5.86e-04	6.58e-02	4.27e-01	4.16e-01	9.15e-02	0.00e+00	0.00e+00	1.16e-12	6.10e-13	1.99e-13
 6.00167e+15	2.67e-12	1.11e-07	6.87e-04	7.23e-02	4.41e-01	4.03e-01	8.30e-02	0.00e+00	0.00e+00	1.55e-12	8.13e-13	2.66e-13
 6.19054e+15	3.66e-12	1.41e-07	8.17e-04	8.01e-02	4.56e-01	3.89e-01	7.41e-02	0.00e+00	0.00e+00	2.12e-12	1.11e-12	3.63e-13
 6.42325e+15	5.64e-12	1.93e-07	1.01e-03	9.03e-02	4.73e-01	3.71e-01	6.42e-02	0.00e+00	0.00e+00	3.28e-12	1.71e-12	5.60e-13
 6.65133e+15	7.89e-12	2.49e-07	1.22e-03	1.01e-01	4.88e-01	3.54e-01	5.61e-02	0.00e+00	0.00e+00	4.58e-12	2.40e-12	7.82e-13
 6.82901e+15	1.00e-11	3.00e-07	1.41e-03	1.09e-01	4.99e-01	3.40e-01	5.04e-02	0.00e+00	0.00e+00	5.83e-12	3.05e-12	9.95e-13
 7.00279e+15	1.30e-11	3.64e-07	1.61e-03	1.18e-01	5.08e-01	3.27e-01	4.54e-02	0.00e+00	0.00e+00	7.54e-12	3.95e-12	1.29e-12
 7.22871e+15	1.89e-11	4.76e-07	1.93e-03	1.30e-01	5.19e-01	3.09e-01	3.94e-02	0.00e+00	0.00e+00	1.10e-11	5.75e-12	1.87e-12
 7.44874e+15	2.51e-11	5.91e-07	2.26e-03	1.42e-01	5.28e-01	2.93e-01	3.45e-02	0.00e+00	0.00e+00	1.46e-11	7.64e-12	2.49e-12
 7.62738e+15	3.12e-11	6.98e-07	2.56e-03	1.52e-01	5.35e-01	2.80e-01	3.10e-02	0.00e+00	0.00e+00	1.81e-11	9.48e-12	3.09e-12
 7.82589e+15	4.04e-11	8.48e-07	2.95e-03	1.63e-01	5.41e-01	2.66e-01	2.74e-02	0.00e+00	0.00e+00	2.35e-11	1.23e-11	4.00e-12
 8.08395e+15	6.00e-11	1.12e-06	3.53e-03	1.79e-01	5.47e-01	2.48e-01	2.33e-02	0.00e+00	0.00e+00	3.49e-11	1.83e-11	5.94e-12
 8.33636e+15	8.15e-11	1.41e-06	4.15e-03	1.94e-01	5.51e-01	2.31e-01	2.00e-02	0.00e+00	0.00e+00	4.73e-11	2.48e-11	8.07e-12
 8.53365e+15	1.04e-10	1.69e-06	4.71e-03	2.07e-01	5.53e-01	2.18e-01	1.77e-02	0.00e+00	0.00e+00	6.04e-11	3.16e-11	1.03e-11
 8.74235e+15	1.35e-10	2.04e-06	5.38e-03	2.20e-01	5.54e-01	2.05e-01	1.55e-02	0.00e+00	0.00e+00	7.82e-11	4.10e-11	1.33e-11
 9.01365e+15	1.76e-10	2.51e-06	6.34e-03	2.38e-01	5.53e-01	1.89e-01	1.31e-02	0.00e+00	0.00e+00	1.02e-10	5.34e-11	1.74e-11
 9.29252e+15	2.58e-10	3.30e-06	7.51e-03	2.57e-01	5.51e-01	1.73e-01	1.09e-02	0.00e+00	0.00e+00	1.50e-10	7.87e-11	2.56e-11
 9.51863e+15	3.34e-10	3.99e-06	8.57e-03	2.73e-01	5.47e-01	1.61e-01	9.49e-03	0.00e+00	0.00e+00	1.94e-10	1.02e-10	3.31e-11
 9.74996e+15	4.32e-10	4.82e-06	9.81e-03	2.90e-01	5.43e-01	1.49e-01	8.18e-03	0.00e+00	0.00e+00	2.51e-10	1.31e-10	4.27e-11
 1.00054e+16	5.52e-10	5.83e-06	1.13e-02	3.08e-01	5.36e-01	1.37e-01	6.95e-03	0.00e+00	0.00e+00	3.21e-10	1.68e-10	5.46e-11
 1.02404e+16	7.69e-10	7.33e-06	1.30e-02	3.26e-01	5.29e-01	1.26e-01	5.92e-03	0.00e+00	0.00e+00	4.47e-10	2.34e-10	7.62e-11
 1.04526e+16	9.70e-10	8.70e-06	1.47e-02	3.42e-01	5.21e-01	1.17e-01	5.15e-03	0.00e+00	0.00e+00	5.64e-10	2.96e-10	9.61e-11
 1.06870e+16	1.25e-09	1.05e-05	1.67e-02	3.60e-01	5.11e-01	1.07e-01	4.40e-03	0.00e+00	0.00e+00	7.26e-10	3.81e-10	1.24e-10
 1.09421e+16	1.59e-09	1.27e-05	1.93e-02	3.79e-01	5.00e-01	9.78e-02	3.71e-03	0.00e+00	0.00e+00	9.23e-10	4.84e-10	1.57e-10
 1.11722e+16	2.22e-09	1.59e-05	2.21e-02	3.98e-01	4.88e-01	8.92e-02	3.14e-03	0.00e+00	0.00e+00	1.29e-09	6.76e-10	2.20e-10
 1.13518e+16	2.69e-09	1.84e-05	2.44e-02	4.11e-01	4.78e-01	8.31e-02	2.78e-03	0.00e+00	0.00e+00	1.57e-09	8.21e-10	2.67e-10
 1.15180e+16	3.30e-09	2.13e-05	2.69e-02	4.25e-01	4.68e-01	7.75e-02	2.46e-03	0.00e+00	0.00e+00	1.92e-09	1.01e-09	3.27e-10
 1.17341e+16	4.00e-09	2.49e-05	3.04e-02	4.42e-01	4.55e-01	7.07e-02	2.11e-03	0.00e+00	0.00e+00	2.33e-09	1.22e-09	3.97e-10
 1.19738e+16	5.78e-09	3.21e-05	3.52e-02	4.61e-01	4.39e-01	6.34e-02	1.74e-03	0.00e+00	0.00e+00	3.36e-09	1.76e-09	5.75e-10
 1.21862e+16	7.41e-09	3.86e-05	3.99e-02	4.77e-01	4.24e-01	5.75e-02	1.49e-03	0.00e+00	0.00e+00	4.31e-09	2.26e-09	7.36e-10
 1.23733e+16	9.20e-09	4.54e-05	4.48e-02	4.92e-01	4.10e-01	5.26e-02	1.28e-03	0.00e+00	0.00e+00	5.35e-09	2.81e-09	9.15e-10
 1.25537e+16	1.11e-08	5.26e-05	5.00e-02	5.05e-01	3.96e-01	4.81e-02	1.11e-03	0.00e+00	0.00e+00	6.47e-09	3.39e-09	1.11e-09
 1.27564e+16	1.53e-08	6.60e-05	5.73e-02	5.20e-01	3.78e-01	4.31e-02	9.30e-04	0.00e+00	0.00e+00	8.91e-09	4.68e-09	1.52e-09
 1.29713e+16	2.06e-08	8.19e-05	6.60e-02	5.36e-01	3.59e-01	3.82e-02	7.70e-04	0.00e+00	0.00e+00	1.20e-08	6.28e-09	2.05e-09
 1.31558e+16	2.55e-08	9.67e-05	7.47e-02	5.48e-01	3.42e-01	3.44e-02	6.53e-04	0.00e+00	0.00e+00	1.48e-08	7.78e-09	2.54e-09
 1.33233e+16	3.26e-08	1.16e-04	8.42e-02	5.58e-01	3.26e-01	3.09e-02	5.56e-04	0.00e+00	0.00e+00	1.90e-08	9.97e-09	3.25e-09
 1.34832e+16	4.20e-08	1.40e-04	9.48e-02	5.67e-01	3.09e-01	2.78e-02	4.72e-04	0.00e+00	0.00e+00	2.44e-08	1.28e-08	4.19e-09
 1.36314e+16	5.36e-08	1.67e-04	1.06e-01	5.75e-01	2.94e-01	2.50e-02	4.03e-04	0.00e+00	0.00e+00	3.12e-08	1.64e-08	5.35e-09
 1.37735e+16	7.26e-08	2.06e-04	1.19e-01	5.80e-01	2.77e-01	2.24e-02	3.41e-04	0.00e+00	0.00e+00	4.22e-08	2.22e-08	7.25e-09
 1.39138e+16	8.82e-08	2.39e-04	1.34e-01	5.85e-01	2.61e-01	2.00e-02	2.90e-04	0.00e+00	0.00e+00	5.13e-08	2.70e-08	8.81e-09
 1.40741e+16	1.31e-07	3.14e-04	1.55e-01	5.87e-01	2.41e-01	1.72e-02	2.32e-04	0.00e+00	0.00e+00	7.61e-08	4.00e-08	1.31e-08
 1.42293e+16	1.70e-07	3.83e-04	1.77e-01	5.87e-01	2.21e-01	1.48e-02	1.89e-04	0.00e+00	0.00e+00	9.91e-08	5.21e-08	1.70e-08
 1.43481e+16	2.20e-07	4.61e-04	1.98e-01	5.83e-01	2.05e-01	1.31e-02	1.58e-04	0.00e+00	0.00e+00	1.28e-07	6.72e-08	2.20e-08
 1.44488e+16	2.81e-07	5.48e-04	2.18e-01	5.78e-01	1.91e-01	1.16e-02	1.33e-04	0.00e+00	0.00e+00	1.64e-07	8.60e-08	2.82e-08
 1.45383e+16	3.36e-07	6.26e-04	2.38e-01	5.73e-01	1.78e-01	1.04e-02	1.14e-04	0.00e+00	0.00e+00	1.95e-07	1.03e-07	3.36e-08
 1.46369e+16	4.02e-07	7.19e-04	2.63e-01	5.64e-01	1.63e-01	9.04e-03	9.55e-05	0.00e+00	0.00e+00	2.34e-07	1.23e-07	4.03e-08
 1.47652e+16	5.85e-07	9.35e-04	3.02e-01	5.46e-01	1.43e-01	7.37e-03	7.23e-05	0.00e+00	0.00e+00	3.40e-07	1.79e-07	5.87e-08
 1.48674e+16	7.10e-07	1.08e-03	3.35e-01	5.29e-01	1.28e-01	6.24e-03	5.83e-05	0.00e+00	0.00e+00	4.13e-07	2.17e-07	7.13e-08
 1.49192e+16	8.80e-07	1.25e-03	3.56e-01	5.17e-01	1.20e-01	5.62e-03	5.05e-05	0.00e+00	0.00e+00	5.12e-07	2.69e-07	8.84e-08
 1.49595e+16	9.79e-07	1.35e-03	3.72e-01	5.08e-01	1.14e-01	5.19e-03	4.54e-05	0.00e+00	0.00e+00	5.70e-07	3.00e-07	9.85e-08
 1.50013e+16	1.09e-06	1.46e-03	3.89e-01	4.98e-01	1.07e-01	4.74e-03	4.05e-05	0.00e+00	0.00e+00	6.35e-07	3.35e-07	1.10e-07
 1.50556e+16	1.27e-06	1.62e-03	4.14e-01	4.83e-01	9.80e-02	4.19e-03	3.45e-05	0.00e+00	0.00e+00	7.41e-07	3.91e-07	1.28e-07
 1.51263e+16	1.56e-06	1.87e-03	4.47e-01	4.61e-01	8.68e-02	3.52e-03	2.75e-05	0.00e+00	0.00e+00	9.09e-07	4.79e-07	1.57e-07
 1.51959e+16	1.91e-06	2.15e-03	4.81e-01	4.37e-01	7.63e-02	2.93e-03	2.18e-05	0.00e+00	0.00e+00	1.11e-06	5.84e-07	1.92e-07
 1.52483e+16	2.22e-06	2.39e-03	5.09e-01	4.18e-01	6.86e-02	2.53e-03	1.81e-05	0.00e+00	0.00e+00	1.29e-06	6.81e-07	2.24e-07
 1.53003e+16	2.51e-06	2.61e-03	5.37e-01	3.97e-01	6.10e-02	2.15e-03	1.48e-05	0.00e+00	0.00e+00	1.46e-06	7.71e-07	2.54e-07
 1.53680e+16	3.24e-06	3.08e-03	5.77e-01	3.67e-01	5.15e-02	1.69e-03	1.09e-05	0.00e+00	0.00e+00	1.89e-06	9.95e-07	3.28e-07
 1.54295e+16	3.87e-06	3.46e-03	6.11e-01	3.40e-01	4.39e-02	1.36e-03	8.33e-06	0.00e+00	0.00e+00	2.25e-06	1.19e-06	3.91e-07
 1.54724e+16	4.38e-06	3.76e-03	6.35e-01	3.21e-01	3.89e-02	1.16e-03	6.78e-06	0.00e+00	0.00e+00	2.55e-06	1.35e-06	4.44e-07
 1.55178e+16	5.01e-06	4.11e-03	6.61e-01	3.00e-01	3.37e-02	9.54e-04	5.35e-06	0.00e+00	0.00e+00	2.91e-06	1.54e-06	5.08e-07
 1.55768e+16	6.00e-06	4.61e-03	6.95e-01	2.72e-01	2.77e-02	7.32e-04	3.85e-06	0.00e+00	0.00e+00	3.49e-06	1.84e-06	6.09e-07
 1.56385e+16	7.15e-06	5.14e-03	7.28e-01	2.44e-01	2.24e-02	5.49e-04	2.71e-06	0.00e+00	0.00e+00	4.16e-06	2.20e-06	7.27e-07
 1.56914e+16	8.30e-06	5.65e-03	7.55e-01	2.20e-01	1.84e-02	4.22e-04	1.96e-06	0.00e+00	0.00e+00	4.83e-06	2.55e-06	8.45e-07
 1.57480e+16	9.76e-06	6.23e-03	7.83e-01	1.96e-01	1.47e-02	3.10e-04	1.34e-06	0.00e+00	0.00e+00	5.67e-06	3.00e-06	9.95e-07
 1.58111e+16	1.16e-05	6.88e-03	8.11e-01	1.71e-01	1.13e-02	2.19e-04	8.77e-07	0.00e+00	0.00e+00	6.72e-06	3.56e-06	1.18e-06
 1.58712e+16	1.35e-05	7.53e-03	8.34e-01	1.49e-01	8.73e-03	1.55e-04	0.00e+00	0.00e+00	0.00e+00	7.84e-06	4.15e-06	1.38e-06
 1.59381e+16	1.59e-05	8.27e-03	8.58e-01	1.27e-01	6.46e-03	1.03e-04	0.00e+00	0.00e+00	0.00e+00	9.25e-06	4.90e-06	1.63e-06
 1.60137e+16	1.90e-05	9.12e-03	8.80e-01	1.06e-01	4.57e-03	6.47e-05	0.00e+00	0.00e+00	0.00e+00	1.11e-05	5.85e-06	1.95e-06
 1.60881e+16	2.24e-05	9.97e-03	8.99e-01	8.81e-02	3.23e-03	4.05e-05	0.00e+00	0.00e+00	0.00e+00	1.30e-05	6.91e-06	2.30e-06
 1.61724e+16	2.69e-05	1.10e-02	9.16e-01	7.11e-02	2.16e-03	2.33e-05	0.00e+00	0.00e+00	0.00e+00	1.56e-05	8.29e-06	2.77e-06
