#depth	C	C+	C+2	C+3	C+4	C+5	C+6	C[1]	C[2]	C[3]	C+[1]	C+[2]	CO
 1.49634e+10	0.00e+00	5.74e-33	4.11e-23	9.07e-14	6.70e-04	5.84e-01	4.16e-01	0.00e+00	0.00e+00	0.00e+00	0.00e+00	0.00e+00	6.84e-161
 4.54887e+10	1.01e-43	8.13e-33	5.37e-23	1.10e-13	7.46e-04	6.03e-01	3.96e-01	0.00e+00	0.00e+00	0.00e+00	0.00e+00	0.00e+00	1.58e-217
 7.72350e+10	0.00e+00	1.16e-32	7.08e-23	1.33e-13	8.38e-04	6.22e-01	3.77e-01	0.00e+00	0.00e+00	0.00e+00	0.00e+00	0.00e+00	9.36e-160
 1.10251e+11	2.41e-43	1.66e-32	9.33e-23	1.62e-13	9.39e-04	6.41e-01	3.59e-01	0.00e+00	0.00e+00	0.00e+00	0.00e+00	0.00e+00	9.31e-217
 1.42622e+11	0.00e+00	2.32e-32	1.21e-22	1.94e-13	1.04e-03	6.58e-01	3.41e-01	0.00e+00	0.00e+00	0.00e+00	0.00e+00	0.00e+00	1.19e-158
 1.76287e+11	5.50e-43	3.25e-32	1.57e-22	2.34e-13	1.16e-03	6.75e-01	3.24e-01	0.00e+00	0.00e+00	0.00e+00	0.00e+00	0.00e+00	1.55e-204
 2.13265e+11	0.00e+00	4.62e-32	2.06e-22	2.83e-13	1.30e-03	6.92e-01	3.07e-01	0.00e+00	0.00e+00	0.00e+00	0.00e+00	0.00e+00	1.52e-157
 2.50671e+11	1.30e-42	6.53e-32	2.69e-22	3.41e-13	1.45e-03	7.08e-01	2.90e-01	0.00e+00	0.00e+00	0.00e+00	0.00e+00	0.00e+00	1.24e-203
 2.89573e+11	0.00e+00	9.23e-32	3.52e-22	4.12e-13	1.62e-03	7.24e-01	2.74e-01	0.00e+00	0.00e+00	0.00e+00	0.00e+00	0.00e+00	1.96e-156
 3.31083e+11	3.07e-42	1.32e-31	4.62e-22	4.98e-13	1.80e-03	7.40e-01	2.58e-01	0.00e+00	0.00e+00	0.00e+00	0.00e+00	0.00e+00	7.33e-203
 3.74253e+11	0.00e+00	1.87e-31	6.08e-22	6.03e-13	2.01e-03	7.55e-01	2.43e-01	0.00e+00	0.00e+00	0.00e+00	0.00e+00	0.00e+00	2.72e-155
 4.19150e+11	7.36e-42	2.67e-31	7.98e-22	7.30e-13	2.24e-03	7.70e-01	2.28e-01	0.00e+00	0.00e+00	0.00e+00	0.00e+00	0.00e+00	4.89e-202
 4.65843e+11	0.00e+00	3.81e-31	1.05e-21	8.83e-13	2.50e-03	7.84e-01	2.14e-01	0.00e+00	0.00e+00	0.00e+00	0.00e+00	0.00e+00	3.79e-154
 5.14403e+11	1.76e-41	5.44e-31	1.38e-21	1.07e-12	2.78e-03	7.97e-01	2.00e-01	0.00e+00	0.00e+00	0.00e+00	0.00e+00	0.00e+00	7.80e-201
 5.64906e+11	0.00e+00	7.75e-31	1.81e-21	1.29e-12	3.10e-03	8.09e-01	1.88e-01	0.00e+00	0.00e+00	0.00e+00	0.00e+00	0.00e+00	5.31e-153
 6.17429e+11	4.24e-41	1.11e-30	2.38e-21	1.56e-12	3.45e-03	8.21e-01	1.75e-01	0.00e+00	0.00e+00	0.00e+00	0.00e+00	0.00e+00	2.19e-200
 6.66814e+11	0.00e+00	1.53e-30	3.05e-21	1.85e-12	3.79e-03	8.32e-01	1.65e-01	0.00e+00	0.00e+00	0.00e+00	0.00e+00	0.00e+00	6.62e-152
 7.10978e+11	8.91e-41	2.02e-30	3.78e-21	2.15e-12	4.13e-03	8.40e-01	1.56e-01	0.00e+00	0.00e+00	0.00e+00	0.00e+00	0.00e+00	8.78e-199
 7.60557e+11	0.00e+00	2.74e-30	4.78e-21	2.53e-12	4.52e-03	8.49e-01	1.47e-01	0.00e+00	0.00e+00	0.00e+00	0.00e+00	0.00e+00	5.81e-151
 8.19314e+11	2.00e-40	3.88e-30	6.24e-21	3.04e-12	5.01e-03	8.58e-01	1.37e-01	0.00e+00	0.00e+00	0.00e+00	0.00e+00	0.00e+00	3.39e-210
 8.78367e+11	0.00e+00	5.44e-30	8.08e-21	3.63e-12	5.53e-03	8.67e-01	1.27e-01	0.00e+00	0.00e+00	0.00e+00	0.00e+00	0.00e+00	7.48e-150
 9.33788e+11	4.42e-40	7.38e-30	1.02e-20	4.27e-12	6.05e-03	8.74e-01	1.20e-01	0.00e+00	0.00e+00	0.00e+00	0.00e+00	0.00e+00	0.00e+00
 9.95072e+11	0.00e+00	1.03e-29	1.32e-20	5.08e-12	6.66e-03	8.82e-01	1.12e-01	0.00e+00	0.00e+00	0.00e+00	0.00e+00	0.00e+00	7.91e-149
 1.06480e+12	1.04e-39	1.47e-29	1.73e-20	6.14e-12	7.39e-03	8.89e-01	1.03e-01	0.00e+00	0.00e+00	0.00e+00	0.00e+00	0.00e+00	0.00e+00
 1.13439e+12	0.00e+00	2.08e-29	2.26e-20	7.36e-12	8.17e-03	8.96e-01	9.60e-02	0.00e+00	0.00e+00	0.00e+00	0.00e+00	0.00e+00	1.10e-147
 1.20676e+12	2.44e-39	2.94e-29	2.95e-20	8.84e-12	9.03e-03	9.02e-01	8.90e-02	0.00e+00	0.00e+00	0.00e+00	0.00e+00	0.00e+00	0.00e+00
 1.28496e+12	0.00e+00	4.23e-29	3.90e-20	1.07e-11	1.00e-02	9.08e-01	8.22e-02	0.00e+00	0.00e+00	0.00e+00	0.00e+00	0.00e+00	1.54e-146
 1.36628e+12	6.00e-39	6.08e-29	5.14e-20	1.29e-11	1.11e-02	9.13e-01	7.58e-02	0.00e+00	0.00e+00	0.00e+00	0.00e+00	0.00e+00	2.74e-193
 1.44298e+12	0.00e+00	8.45e-29	6.62e-20	1.54e-11	1.22e-02	9.17e-01	7.04e-02	0.00e+00	0.00e+00	0.00e+00	0.00e+00	0.00e+00	2.03e-145
 1.51204e+12	1.29e-38	1.13e-28	8.26e-20	1.79e-11	1.32e-02	9.21e-01	6.60e-02	0.00e+00	0.00e+00	0.00e+00	0.00e+00	0.00e+00	0.00e+00
 1.58981e+12	0.00e+00	1.55e-28	1.05e-19	2.11e-11	1.45e-02	9.24e-01	6.14e-02	0.00e+00	0.00e+00	0.00e+00	0.00e+00	0.00e+00	1.91e-144
 1.68141e+12	2.99e-38	2.22e-28	1.38e-19	2.54e-11	1.60e-02	9.27e-01	5.65e-02	0.00e+00	0.00e+00	0.00e+00	0.00e+00	0.00e+00	6.16e-204
 1.77293e+12	0.00e+00	3.13e-28	1.81e-19	3.04e-11	1.76e-02	9.30e-01	5.21e-02	0.00e+00	0.00e+00	0.00e+00	0.00e+00	0.00e+00	2.63e-143
 1.85913e+12	6.80e-38	4.29e-28	2.30e-19	3.59e-11	1.92e-02	9.32e-01	4.84e-02	0.00e+00	0.00e+00	0.00e+00	0.00e+00	0.00e+00	0.00e+00
 1.95444e+12	0.00e+00	6.02e-28	2.98e-19	4.28e-11	2.11e-02	9.34e-01	4.47e-02	0.00e+00	0.00e+00	0.00e+00	0.00e+00	0.00e+00	2.96e-142
 2.06255e+12	1.64e-37	8.72e-28	3.95e-19	5.18e-11	2.34e-02	9.36e-01	4.09e-02	0.00e+00	0.00e+00	0.00e+00	0.00e+00	0.00e+00	4.48e-215
 2.16946e+12	0.00e+00	1.24e-27	5.18e-19	6.22e-11	2.57e-02	9.37e-01	3.76e-02	0.00e+00	0.00e+00	0.00e+00	0.00e+00	0.00e+00	4.30e-141
 2.28065e+12	3.94e-37	1.77e-27	6.79e-19	7.48e-11	2.84e-02	9.37e-01	3.45e-02	0.00e+00	0.00e+00	0.00e+00	0.00e+00	0.00e+00	3.40e-214
 2.40180e+12	0.00e+00	2.57e-27	9.04e-19	9.07e-11	3.14e-02	9.37e-01	3.15e-02	0.00e+00	0.00e+00	0.00e+00	0.00e+00	0.00e+00	6.30e-140
 2.52412e+12	9.81e-37	3.69e-27	1.19e-18	1.09e-10	3.46e-02	9.37e-01	2.88e-02	0.00e+00	0.00e+00	0.00e+00	0.00e+00	0.00e+00	0.00e+00
 2.65133e+12	0.00e+00	5.30e-27	1.58e-18	1.32e-10	3.81e-02	9.36e-01	2.63e-02	0.00e+00	0.00e+00	0.00e+00	0.00e+00	0.00e+00	9.18e-139
 2.78252e+12	2.42e-36	7.62e-27	2.08e-18	1.59e-10	4.20e-02	9.34e-01	2.40e-02	0.00e+00	0.00e+00	0.00e+00	0.00e+00	0.00e+00	2.68e-225
 2.91139e+12	0.00e+00	1.07e-26	2.71e-18	1.90e-10	4.60e-02	9.32e-01	2.19e-02	0.00e+00	0.00e+00	0.00e+00	0.00e+00	0.00e+00	1.23e-137
 3.05020e+12	5.76e-36	1.53e-26	3.56e-18	2.28e-10	5.05e-02	9.30e-01	2.00e-02	0.00e+00	0.00e+00	0.00e+00	0.00e+00	0.00e+00	0.00e+00
 3.20213e+12	0.00e+00	2.23e-26	4.75e-18	2.77e-10	5.57e-02	9.26e-01	1.81e-02	0.00e+00	0.00e+00	0.00e+00	0.00e+00	0.00e+00	1.81e-136
 3.36015e+12	1.47e-35	3.25e-26	6.35e-18	3.37e-10	6.15e-02	9.22e-01	1.64e-02	0.00e+00	0.00e+00	0.00e+00	0.00e+00	0.00e+00	1.64e-236
 3.52448e+12	0.00e+00	4.74e-26	8.48e-18	4.09e-10	6.78e-02	9.17e-01	1.48e-02	0.00e+00	0.00e+00	0.00e+00	0.00e+00	0.00e+00	2.86e-135
 3.69538e+12	3.73e-35	6.90e-26	1.13e-17	4.97e-10	7.47e-02	9.12e-01	1.34e-02	0.00e+00	0.00e+00	0.00e+00	0.00e+00	0.00e+00	8.64e-99
 3.84994e+12	0.00e+00	9.57e-26	1.46e-17	5.89e-10	8.12e-02	9.07e-01	1.22e-02	0.00e+00	0.00e+00	0.00e+00	0.00e+00	0.00e+00	0.00e+00
 3.97867e+12	7.76e-35	1.25e-25	1.79e-17	6.75e-10	8.69e-02	9.02e-01	1.13e-02	0.00e+00	0.00e+00	0.00e+00	0.00e+00	0.00e+00	6.34e-116
 4.11968e+12	1.10e-34	1.65e-25	2.22e-17	7.80e-10	9.33e-02	8.96e-01	1.05e-02	0.00e+00	0.00e+00	0.00e+00	0.00e+00	0.00e+00	9.32e-98
 4.29834e+12	1.68e-34	2.32e-25	2.89e-17	9.32e-10	1.02e-01	8.89e-01	9.50e-03	0.00e+00	0.00e+00	0.00e+00	0.00e+00	0.00e+00	0.00e+00
 4.48476e+12	2.57e-34	3.28e-25	3.78e-17	1.11e-09	1.11e-01	8.80e-01	8.59e-03	0.00e+00	0.00e+00	0.00e+00	0.00e+00	0.00e+00	1.46e-114
 4.64293e+12	3.64e-34	4.34e-25	4.70e-17	1.29e-09	1.19e-01	8.73e-01	7.90e-03	0.00e+00	0.00e+00	0.00e+00	0.00e+00	0.00e+00	1.29e-96
 4.80555e+12	5.14e-34	5.74e-25	5.84e-17	1.49e-09	1.28e-01	8.65e-01	7.27e-03	0.00e+00	0.00e+00	0.00e+00	0.00e+00	0.00e+00	0.00e+00
 5.01038e+12	7.82e-34	8.05e-25	7.60e-17	1.78e-09	1.39e-01	8.55e-01	6.55e-03	0.00e+00	0.00e+00	0.00e+00	0.00e+00	0.00e+00	2.71e-113
 5.21851e+12	1.18e-33	1.12e-24	9.82e-17	2.11e-09	1.50e-01	8.44e-01	5.91e-03	0.00e+00	0.00e+00	0.00e+00	0.00e+00	0.00e+00	1.66e-95
 5.39693e+12	1.64e-33	1.47e-24	1.21e-16	2.43e-09	1.61e-01	8.34e-01	5.42e-03	0.00e+00	0.00e+00	0.00e+00	0.00e+00	0.00e+00	1.92e-112
 5.58830e+12	2.32e-33	1.94e-24	1.51e-16	2.81e-09	1.72e-01	8.23e-01	4.96e-03	0.00e+00	0.00e+00	0.00e+00	0.00e+00	0.00e+00	7.35e-95
 5.82536e+12	3.51e-33	2.71e-24	1.96e-16	3.34e-09	1.86e-01	8.10e-01	4.44e-03	0.00e+00	0.00e+00	0.00e+00	0.00e+00	0.00e+00	1.43e-111
 6.06851e+12	5.25e-33	3.76e-24	2.53e-16	3.96e-09	2.01e-01	7.95e-01	3.98e-03	0.00e+00	0.00e+00	0.00e+00	0.00e+00	0.00e+00	4.34e-94
 6.28725e+12	7.42e-33	4.98e-24	3.15e-16	4.58e-09	2.14e-01	7.82e-01	3.61e-03	0.00e+00	0.00e+00	0.00e+00	0.00e+00	0.00e+00	1.05e-110
 6.52753e+12	1.07e-32	6.69e-24	3.96e-16	5.34e-09	2.29e-01	7.67e-01	3.26e-03	0.00e+00	0.00e+00	0.00e+00	0.00e+00	0.00e+00	2.06e-93
 6.81158e+12	1.61e-32	9.34e-24	5.15e-16	6.34e-09	2.48e-01	7.50e-01	2.89e-03	0.00e+00	0.00e+00	0.00e+00	0.00e+00	0.00e+00	8.46e-110
 7.09620e+12	2.39e-32	1.28e-23	6.60e-16	7.47e-09	2.66e-01	7.32e-01	2.58e-03	0.00e+00	0.00e+00	0.00e+00	0.00e+00	0.00e+00	1.20e-92
 7.36602e+12	3.40e-32	1.71e-23	8.26e-16	8.67e-09	2.83e-01	7.15e-01	2.31e-03	0.00e+00	0.00e+00	0.00e+00	0.00e+00	0.00e+00	6.38e-109
 7.66439e+12	4.94e-32	2.31e-23	1.05e-15	1.01e-08	3.02e-01	6.96e-01	2.06e-03	0.00e+00	0.00e+00	0.00e+00	0.00e+00	0.00e+00	5.98e-92
 8.00089e+12	7.37e-32	3.20e-23	1.35e-15	1.20e-08	3.23e-01	6.75e-01	1.81e-03	0.00e+00	0.00e+00	0.00e+00	0.00e+00	0.00e+00	5.30e-108
 8.33676e+12	1.08e-31	4.36e-23	1.71e-15	1.40e-08	3.44e-01	6.54e-01	1.60e-03	0.00e+00	0.00e+00	0.00e+00	0.00e+00	0.00e+00	3.38e-91
 8.63350e+12	1.48e-31	5.65e-23	2.10e-15	1.60e-08	3.63e-01	6.36e-01	1.44e-03	0.00e+00	0.00e+00	0.00e+00	0.00e+00	0.00e+00	3.67e-107
 8.88232e+12	1.92e-31	6.96e-23	2.47e-15	1.77e-08	3.78e-01	6.21e-01	1.32e-03	0.00e+00	0.00e+00	0.00e+00	0.00e+00	0.00e+00	1.23e-90
 9.15004e+12	2.51e-31	8.64e-23	2.92e-15	1.98e-08	3.94e-01	6.05e-01	1.20e-03	0.00e+00	0.00e+00	0.00e+00	0.00e+00	0.00e+00	1.59e-106
 9.49807e+12	3.50e-31	1.13e-22	3.60e-15	2.26e-08	4.15e-01	5.84e-01	1.07e-03	0.00e+00	0.00e+00	0.00e+00	0.00e+00	0.00e+00	4.80e-90
 9.86217e+12	4.89e-31	1.48e-22	4.45e-15	2.59e-08	4.36e-01	5.63e-01	9.46e-04	0.00e+00	0.00e+00	0.00e+00	0.00e+00	0.00e+00	1.05e-105
 1.01728e+13	6.42e-31	1.85e-22	5.27e-15	2.89e-08	4.53e-01	5.46e-01	8.55e-04	0.00e+00	0.00e+00	0.00e+00	0.00e+00	0.00e+00	1.90e-89
 1.05021e+13	8.48e-31	2.31e-22	6.27e-15	3.23e-08	4.71e-01	5.28e-01	7.70e-04	0.00e+00	0.00e+00	0.00e+00	0.00e+00	0.00e+00	5.04e-105
 1.09169e+13	1.19e-30	3.03e-22	7.73e-15	3.69e-08	4.93e-01	5.06e-01	6.77e-04	0.00e+00	0.00e+00	0.00e+00	0.00e+00	0.00e+00	7.78e-89
 1.13443e+13	1.65e-30	3.95e-22	9.50e-15	4.20e-08	5.15e-01	4.84e-01	5.95e-04	0.00e+00	0.00e+00	0.00e+00	0.00e+00	0.00e+00	3.42e-104
 1.17198e+13	2.17e-30	4.94e-22	1.13e-14	4.68e-08	5.33e-01	4.66e-01	5.32e-04	0.00e+00	0.00e+00	0.00e+00	0.00e+00	0.00e+00	3.16e-88
 1.21269e+13	2.90e-30	6.22e-22	1.35e-14	5.23e-08	5.52e-01	4.47e-01	4.73e-04	0.00e+00	0.00e+00	0.00e+00	0.00e+00	0.00e+00	1.78e-103
 1.25773e+13	3.93e-30	7.96e-22	1.63e-14	5.89e-08	5.73e-01	4.27e-01	4.16e-04	0.00e+00	0.00e+00	0.00e+00	0.00e+00	0.00e+00	1.27e-87
 1.29939e+13	5.15e-30	9.89e-22	1.93e-14	6.54e-08	5.91e-01	4.09e-01	3.71e-04	0.00e+00	0.00e+00	0.00e+00	0.00e+00	0.00e+00	9.74e-103
 1.34454e+13	6.83e-30	1.24e-21	2.29e-14	7.27e-08	6.09e-01	3.91e-01	3.29e-04	0.00e+00	0.00e+00	0.00e+00	0.00e+00	0.00e+00	4.67e-87
 1.39480e+13	9.22e-30	1.58e-21	2.75e-14	8.15e-08	6.28e-01	3.71e-01	2.88e-04	0.00e+00	0.00e+00	0.00e+00	0.00e+00	0.00e+00	5.53e-102
 1.44174e+13	1.21e-29	1.96e-21	3.25e-14	9.01e-08	6.46e-01	3.54e-01	2.55e-04	0.00e+00	0.00e+00	0.00e+00	0.00e+00	0.00e+00	1.82e-86
 1.49282e+13	1.60e-29	2.45e-21	3.85e-14	1.00e-07	6.63e-01	3.37e-01	2.25e-04	0.00e+00	0.00e+00	0.00e+00	0.00e+00	0.00e+00	2.91e-101
 1.54962e+13	2.15e-29	3.11e-21	4.62e-14	1.12e-07	6.81e-01	3.18e-01	1.95e-04	0.00e+00	0.00e+00	0.00e+00	0.00e+00	0.00e+00	7.34e-86
 1.60269e+13	2.82e-29	3.85e-21	5.44e-14	1.23e-07	6.97e-01	3.02e-01	1.72e-04	0.00e+00	0.00e+00	0.00e+00	0.00e+00	0.00e+00	1.64e-100
 1.66053e+13	3.73e-29	4.82e-21	6.44e-14	1.36e-07	7.14e-01	2.86e-01	1.51e-04	0.00e+00	0.00e+00	0.00e+00	0.00e+00	0.00e+00	2.81e-85
 1.72514e+13	5.03e-29	6.12e-21	7.72e-14	1.52e-07	7.31e-01	2.69e-01	1.30e-04	0.00e+00	0.00e+00	0.00e+00	0.00e+00	0.00e+00	9.85e-100
 1.78598e+13	6.60e-29	7.60e-21	9.08e-14	1.67e-07	7.46e-01	2.54e-01	1.14e-04	0.00e+00	0.00e+00	0.00e+00	0.00e+00	0.00e+00	1.14e-84
 1.85251e+13	8.78e-29	9.53e-21	1.08e-13	1.85e-07	7.60e-01	2.39e-01	9.94e-05	0.00e+00	0.00e+00	0.00e+00	0.00e+00	0.00e+00	5.58e-99
 1.92703e+13	1.19e-28	1.21e-20	1.29e-13	2.06e-07	7.76e-01	2.24e-01	8.53e-05	0.00e+00	0.00e+00	0.00e+00	0.00e+00	0.00e+00	4.97e-84
 1.99764e+13	1.57e-28	1.51e-20	1.52e-13	2.27e-07	7.89e-01	2.11e-01	7.42e-05	0.00e+00	0.00e+00	0.00e+00	0.00e+00	0.00e+00	3.48e-98
 2.07346e+13	2.09e-28	1.90e-20	1.80e-13	2.50e-07	8.02e-01	1.97e-01	6.42e-05	0.00e+00	0.00e+00	0.00e+00	0.00e+00	0.00e+00	2.07e-83
 2.15940e+13	2.85e-28	2.42e-20	2.16e-13	2.78e-07	8.16e-01	1.84e-01	5.47e-05	0.00e+00	0.00e+00	0.00e+00	0.00e+00	0.00e+00	2.31e-97
 2.24424e+13	3.83e-28	3.06e-20	2.56e-13	3.07e-07	8.28e-01	1.72e-01	4.70e-05	0.00e+00	0.00e+00	0.00e+00	0.00e+00	0.00e+00	9.61e-83
 2.33248e+13	5.14e-28	3.85e-20	3.03e-13	3.38e-07	8.40e-01	1.60e-01	4.03e-05	0.00e+00	0.00e+00	0.00e+00	0.00e+00	0.00e+00	1.52e-96
 2.42877e+13	6.99e-28	4.90e-20	3.62e-13	3.74e-07	8.51e-01	1.49e-01	3.44e-05	0.00e+00	0.00e+00	0.00e+00	0.00e+00	0.00e+00	4.51e-82
 2.52891e+13	9.52e-28	6.24e-20	4.31e-13	4.12e-07	8.62e-01	1.38e-01	2.93e-05	0.00e+00	0.00e+00	0.00e+00	0.00e+00	0.00e+00	1.10e-95
 2.62354e+13	1.26e-27	7.76e-20	5.06e-13	4.51e-07	8.71e-01	1.29e-01	2.53e-05	0.00e+00	0.00e+00	0.00e+00	0.00e+00	0.00e+00	2.08e-81
 2.70826e+13	1.60e-27	9.36e-20	5.80e-13	4.86e-07	8.78e-01	1.22e-01	2.23e-05	0.00e+00	0.00e+00	0.00e+00	0.00e+00	0.00e+00	5.89e-95
 2.78738e+13	1.99e-27	1.11e-19	6.55e-13	5.21e-07	8.85e-01	1.15e-01	1.99e-05	0.00e+00	0.00e+00	0.00e+00	0.00e+00	0.00e+00	6.90e-81
 2.87473e+13	2.51e-27	1.33e-19	7.47e-13	5.60e-07	8.91e-01	1.09e-01	1.76e-05	0.00e+00	0.00e+00	0.00e+00	0.00e+00	0.00e+00	2.55e-94
 2.97304e+13	3.25e-27	1.62e-19	8.61e-13	6.05e-07	8.98e-01	1.02e-01	1.54e-05	0.00e+00	0.00e+00	0.00e+00	0.00e+00	0.00e+00	2.53e-80
 3.06701e+13	4.11e-27	1.95e-19	9.82e-13	6.51e-07	9.04e-01	9.63e-02	1.36e-05	0.00e+00	0.00e+00	0.00e+00	0.00e+00	0.00e+00	1.26e-93
 3.17058e+13	5.29e-27	2.37e-19	1.13e-12	7.02e-07	9.10e-01	9.04e-02	1.19e-05	0.00e+00	0.00e+00	0.00e+00	0.00e+00	0.00e+00	9.22e-80
 3.28586e+13	6.94e-27	2.93e-19	1.31e-12	7.62e-07	9.16e-01	8.45e-02	1.03e-05	0.00e+00	0.00e+00	0.00e+00	0.00e+00	0.00e+00	6.97e-93
 3.39216e+13	8.84e-27	3.53e-19	1.50e-12	8.18e-07	9.21e-01	7.95e-02	9.09e-06	0.00e+00	0.00e+00	0.00e+00	0.00e+00	0.00e+00	3.63e-79
 3.49112e+13	1.10e-26	4.18e-19	1.68e-12	8.73e-07	9.25e-01	7.52e-02	8.11e-06	0.00e+00	0.00e+00	0.00e+00	0.00e+00	0.00e+00	3.14e-92
 3.60472e+13	1.41e-26	5.05e-19	1.92e-12	9.36e-07	9.29e-01	7.08e-02	7.14e-06	0.00e+00	0.00e+00	0.00e+00	0.00e+00	0.00e+00	1.26e-78
 3.74380e+13	1.88e-26	6.32e-19	2.25e-12	1.02e-06	9.34e-01	6.58e-02	6.15e-06	0.00e+00	0.00e+00	0.00e+00	0.00e+00	0.00e+00	1.81e-91
 3.88237e+13	2.48e-26	7.81e-19	2.61e-12	1.10e-06	9.39e-01	6.13e-02	5.31e-06	0.00e+00	0.00e+00	0.00e+00	0.00e+00	0.00e+00	5.81e-78
 4.00250e+13	3.14e-26	9.35e-19	2.96e-12	1.18e-06	9.42e-01	5.78e-02	4.71e-06	0.00e+00	0.00e+00	0.00e+00	0.00e+00	0.00e+00	9.60e-91
 4.13228e+13	4.02e-26	1.13e-18	3.37e-12	1.26e-06	9.46e-01	5.44e-02	4.15e-06	0.00e+00	0.00e+00	0.00e+00	0.00e+00	0.00e+00	2.14e-77
 4.29125e+13	5.39e-26	1.41e-18	3.92e-12	1.37e-06	9.49e-01	5.06e-02	3.58e-06	0.00e+00	0.00e+00	0.00e+00	0.00e+00	0.00e+00	5.59e-90
 4.45352e+13	7.16e-26	1.75e-18	4.57e-12	1.48e-06	9.53e-01	4.71e-02	3.09e-06	0.00e+00	0.00e+00	0.00e+00	0.00e+00	0.00e+00	1.02e-76
 4.59961e+13	9.21e-26	2.12e-18	5.20e-12	1.58e-06	9.56e-01	4.43e-02	2.72e-06	0.00e+00	0.00e+00	0.00e+00	0.00e+00	0.00e+00	2.04e-76
 4.75928e+13	1.20e-25	2.60e-18	5.97e-12	1.70e-06	9.59e-01	4.15e-02	2.38e-06	0.00e+00	0.00e+00	0.00e+00	0.00e+00	0.00e+00	4.22e-76
 4.94802e+13	1.63e-25	3.28e-18	6.98e-12	1.84e-06	9.61e-01	3.85e-02	2.05e-06	0.00e+00	0.00e+00	0.00e+00	0.00e+00	0.00e+00	9.71e-76
 5.13668e+13	2.18e-25	4.08e-18	8.12e-12	1.99e-06	9.64e-01	3.58e-02	1.76e-06	0.00e+00	0.00e+00	0.00e+00	0.00e+00	0.00e+00	2.13e-75
 5.31332e+13	2.84e-25	4.99e-18	9.30e-12	2.13e-06	9.66e-01	3.35e-02	1.55e-06	0.00e+00	0.00e+00	0.00e+00	0.00e+00	0.00e+00	4.42e-75
 5.50928e+13	3.79e-25	6.20e-18	1.08e-11	2.30e-06	9.69e-01	3.13e-02	1.34e-06	0.00e+00	0.00e+00	0.00e+00	0.00e+00	0.00e+00	9.72e-75
 5.73264e+13	5.15e-25	7.82e-18	1.26e-11	2.50e-06	9.71e-01	2.90e-02	1.15e-06	0.00e+00	0.00e+00	0.00e+00	0.00e+00	0.00e+00	2.24e-74
 5.95436e+13	6.97e-25	9.81e-18	1.47e-11	2.69e-06	9.73e-01	2.69e-02	9.91e-07	0.00e+00	0.00e+00	0.00e+00	0.00e+00	0.00e+00	5.15e-74
 6.18496e+13	9.42e-25	1.23e-17	1.71e-11	2.91e-06	9.75e-01	2.51e-02	0.00e+00	0.00e+00	0.00e+00	0.00e+00	0.00e+00	0.00e+00	1.18e-73
 6.43535e+13	1.29e-24	1.56e-17	2.00e-11	3.15e-06	9.77e-01	2.32e-02	0.00e+00	0.00e+00	0.00e+00	0.00e+00	0.00e+00	0.00e+00	2.79e-73
 6.69576e+13	1.76e-24	1.97e-17	2.34e-11	3.41e-06	9.79e-01	2.15e-02	0.00e+00	0.00e+00	0.00e+00	0.00e+00	0.00e+00	0.00e+00	6.53e-73
 6.96658e+13	2.41e-24	2.50e-17	2.74e-11	3.69e-06	9.80e-01	1.99e-02	0.00e+00	0.00e+00	0.00e+00	0.00e+00	0.00e+00	0.00e+00	1.55e-72
 7.22942e+13	3.23e-24	3.12e-17	3.18e-11	3.97e-06	9.81e-01	1.85e-02	0.00e+00	0.00e+00	0.00e+00	0.00e+00	0.00e+00	0.00e+00	3.50e-72
 7.47715e+13	4.21e-24	3.81e-17	3.63e-11	4.25e-06	9.83e-01	1.74e-02	0.00e+00	0.00e+00	0.00e+00	0.00e+00	0.00e+00	0.00e+00	7.27e-72
 7.71050e+13	5.35e-24	4.56e-17	4.11e-11	4.52e-06	9.84e-01	1.64e-02	0.00e+00	0.00e+00	0.00e+00	0.00e+00	1.47e-17	3.09e-17	1.40e-71
 7.96436e+13	6.93e-24	5.53e-17	4.67e-11	4.82e-06	9.85e-01	1.54e-02	0.00e+00	0.00e+00	0.00e+00	0.00e+00	1.84e-17	3.69e-17	2.86e-71
 8.24894e+13	9.16e-24	6.83e-17	5.37e-11	5.17e-06	9.86e-01	1.44e-02	0.00e+00	0.00e+00	0.00e+00	0.00e+00	2.27e-17	4.56e-17	6.18e-71
 8.51874e+13	1.18e-23	8.26e-17	6.10e-11	5.51e-06	9.87e-01	1.35e-02	0.00e+00	0.00e+00	0.00e+00	0.00e+00	2.74e-17	5.52e-17	1.24e-70
 8.81476e+13	1.54e-23	1.01e-16	6.99e-11	5.90e-06	9.87e-01	1.26e-02	0.00e+00	0.00e+00	0.00e+00	0.00e+00	3.35e-17	6.74e-17	2.57e-70
 9.14517e+13	2.06e-23	1.25e-16	8.09e-11	6.35e-06	9.88e-01	1.17e-02	0.00e+00	0.00e+00	0.00e+00	0.00e+00	4.17e-17	8.38e-17	5.74e-70
 9.45925e+13	2.69e-23	1.54e-16	9.25e-11	6.79e-06	9.89e-01	1.10e-02	0.00e+00	0.00e+00	0.00e+00	0.00e+00	5.10e-17	1.03e-16	1.20e-69
 9.80394e+13	3.57e-23	1.90e-16	1.07e-10	7.29e-06	9.90e-01	1.03e-02	0.00e+00	0.00e+00	0.00e+00	0.00e+00	6.30e-17	1.27e-16	2.61e-69
 1.01908e+14	4.81e-23	2.38e-16	1.25e-10	7.89e-06	9.91e-01	9.49e-03	0.00e+00	0.00e+00	0.00e+00	0.00e+00	7.89e-17	1.59e-16	5.89e-69
 1.05639e+14	6.39e-23	2.94e-16	1.44e-10	8.47e-06	9.91e-01	8.85e-03	0.00e+00	0.00e+00	0.00e+00	0.00e+00	9.76e-17	1.96e-16	1.29e-68
 1.09603e+14	8.53e-23	3.66e-16	1.66e-10	9.12e-06	9.92e-01	8.23e-03	0.00e+00	0.00e+00	0.00e+00	0.00e+00	1.22e-16	2.45e-16	2.87e-68
 1.13663e+14	1.13e-22	4.52e-16	1.92e-10	9.82e-06	9.92e-01	7.65e-03	0.00e+00	0.00e+00	0.00e+00	0.00e+00	1.50e-16	3.02e-16	6.15e-68
 1.17254e+14	1.44e-22	5.45e-16	2.18e-10	1.04e-05	9.93e-01	7.20e-03	0.00e+00	0.00e+00	0.00e+00	0.00e+00	1.81e-16	3.64e-16	1.22e-67
 1.21149e+14	1.85e-22	6.57e-16	2.48e-10	1.12e-05	9.93e-01	6.74e-03	0.00e+00	0.00e+00	0.00e+00	0.00e+00	2.18e-16	4.39e-16	2.39e-67
 1.25833e+14	2.49e-22	8.25e-16	2.89e-10	1.20e-05	9.94e-01	6.25e-03	0.00e+00	0.00e+00	0.00e+00	0.00e+00	2.74e-16	5.51e-16	5.49e-67
 1.30472e+14	3.29e-22	1.02e-15	3.34e-10	1.30e-05	9.94e-01	5.81e-03	0.00e+00	0.00e+00	0.00e+00	0.00e+00	3.37e-16	6.79e-16	1.17e-66
 1.34612e+14	4.18e-22	1.22e-15	3.79e-10	1.38e-05	9.95e-01	5.46e-03	0.00e+00	0.00e+00	0.00e+00	0.00e+00	4.05e-16	8.15e-16	2.25e-66
 1.39174e+14	5.39e-22	1.48e-15	4.33e-10	1.48e-05	9.95e-01	5.11e-03	0.00e+00	0.00e+00	0.00e+00	0.00e+00	4.91e-16	9.89e-16	4.54e-66
 1.44602e+14	7.28e-22	1.86e-15	5.04e-10	1.59e-05	9.95e-01	4.74e-03	0.00e+00	0.00e+00	0.00e+00	0.00e+00	6.17e-16	1.24e-15	1.05e-65
 1.49985e+14	9.57e-22	2.29e-15	5.84e-10	1.72e-05	9.96e-01	4.40e-03	0.00e+00	0.00e+00	0.00e+00	0.00e+00	7.60e-16	1.53e-15	2.20e-65
 1.54891e+14	1.22e-21	2.76e-15	6.65e-10	1.84e-05	9.96e-01	4.12e-03	0.00e+00	0.00e+00	0.00e+00	0.00e+00	9.15e-16	1.84e-15	4.31e-65
 1.60351e+14	1.60e-21	3.39e-15	7.63e-10	1.97e-05	9.96e-01	3.84e-03	0.00e+00	0.00e+00	0.00e+00	0.00e+00	1.12e-15	2.27e-15	9.14e-65
 1.66721e+14	2.14e-21	4.23e-15	8.93e-10	2.13e-05	9.96e-01	3.55e-03	0.00e+00	0.00e+00	0.00e+00	0.00e+00	1.40e-15	2.83e-15	2.02e-64
 1.72985e+14	2.83e-21	5.24e-15	1.04e-09	2.30e-05	9.97e-01	3.30e-03	0.00e+00	0.00e+00	0.00e+00	0.00e+00	1.74e-15	3.50e-15	4.36e-64
 1.78884e+14	3.65e-21	6.36e-15	1.18e-09	2.46e-05	9.97e-01	3.08e-03	0.00e+00	0.00e+00	0.00e+00	0.00e+00	2.11e-15	4.25e-15	8.76e-64
 1.85454e+14	4.83e-21	7.88e-15	1.37e-09	2.65e-05	9.97e-01	2.87e-03	0.00e+00	0.00e+00	0.00e+00	0.00e+00	2.61e-15	5.27e-15	1.91e-63
 1.92902e+14	6.44e-21	9.82e-15	1.60e-09	2.87e-05	9.97e-01	2.64e-03	0.00e+00	0.00e+00	0.00e+00	0.00e+00	3.25e-15	6.56e-15	4.19e-63
 2.00325e+14	8.63e-21	1.23e-14	1.86e-09	3.10e-05	9.98e-01	2.45e-03	0.00e+00	0.00e+00	0.00e+00	0.00e+00	4.07e-15	8.21e-15	9.45e-63
 2.07271e+14	1.10e-20	1.48e-14	2.14e-09	3.32e-05	9.98e-01	2.29e-03	0.00e+00	0.00e+00	0.00e+00	0.00e+00	4.91e-15	9.92e-15	1.85e-62
 2.14817e+14	1.44e-20	1.82e-14	2.47e-09	3.57e-05	9.98e-01	2.13e-03	0.00e+00	0.00e+00	0.00e+00	0.00e+00	6.03e-15	1.22e-14	3.90e-62
 2.23260e+14	1.94e-20	2.28e-14	2.88e-09	3.86e-05	9.98e-01	1.97e-03	0.00e+00	0.00e+00	0.00e+00	0.00e+00	7.56e-15	1.53e-14	8.83e-62
 2.31145e+14	2.50e-20	2.78e-14	3.31e-09	4.14e-05	9.98e-01	1.83e-03	0.00e+00	0.00e+00	0.00e+00	0.00e+00	9.20e-15	1.86e-14	1.79e-61
 2.38430e+14	3.15e-20	3.31e-14	3.74e-09	4.41e-05	9.98e-01	1.72e-03	0.00e+00	0.00e+00	0.00e+00	0.00e+00	1.10e-14	2.22e-14	3.38e-61
 2.45411e+14	3.89e-20	3.90e-14	4.20e-09	4.68e-05	9.98e-01	1.62e-03	0.00e+00	0.00e+00	0.00e+00	0.00e+00	1.29e-14	2.61e-14	6.09e-61
 2.53152e+14	4.90e-20	4.66e-14	4.76e-09	4.98e-05	9.98e-01	1.52e-03	0.00e+00	0.00e+00	0.00e+00	0.00e+00	1.54e-14	3.12e-14	1.15e-60
 2.61718e+14	6.26e-20	5.63e-14	5.44e-09	5.33e-05	9.99e-01	1.43e-03	0.00e+00	0.00e+00	0.00e+00	0.00e+00	1.86e-14	3.76e-14	2.27e-60
 2.69702e+14	7.75e-20	6.63e-14	6.13e-09	5.67e-05	9.99e-01	1.34e-03	0.00e+00	0.00e+00	0.00e+00	0.00e+00	2.19e-14	4.43e-14	4.10e-60
 2.78426e+14	9.89e-20	7.99e-14	6.96e-09	6.04e-05	9.99e-01	1.26e-03	0.00e+00	0.00e+00	0.00e+00	0.00e+00	2.64e-14	5.35e-14	8.09e-60
 2.88229e+14	1.26e-19	9.63e-14	8.00e-09	6.49e-05	9.99e-01	1.17e-03	0.00e+00	0.00e+00	0.00e+00	0.00e+00	3.18e-14	6.44e-14	1.57e-59
 2.97544e+14	1.60e-19	1.16e-13	9.09e-09	6.92e-05	9.99e-01	1.10e-03	0.00e+00	0.00e+00	0.00e+00	0.00e+00	3.82e-14	7.73e-14	3.04e-59
 3.07762e+14	2.05e-19	1.40e-13	1.04e-08	7.41e-05	9.99e-01	1.03e-03	0.00e+00	0.00e+00	0.00e+00	0.00e+00	4.64e-14	9.40e-14	6.16e-59
 3.19084e+14	2.64e-19	1.71e-13	1.20e-08	7.98e-05	9.99e-01	9.52e-04	0.00e+00	0.00e+00	0.00e+00	0.00e+00	5.64e-14	1.14e-13	1.23e-58
 3.29573e+14	3.37e-19	2.06e-13	1.37e-08	8.51e-05	9.99e-01	8.92e-04	0.00e+00	0.00e+00	0.00e+00	0.00e+00	6.81e-14	1.38e-13	2.45e-58
 3.40939e+14	4.25e-19	2.47e-13	1.57e-08	9.13e-05	9.99e-01	8.32e-04	0.00e+00	0.00e+00	0.00e+00	0.00e+00	8.15e-14	1.65e-13	4.65e-58
 3.53593e+14	5.57e-19	3.04e-13	1.81e-08	9.83e-05	9.99e-01	7.72e-04	0.00e+00	0.00e+00	0.00e+00	0.00e+00	1.00e-13	2.03e-13	9.87e-58
 3.65442e+14	7.07e-19	3.66e-13	2.07e-08	1.05e-04	9.99e-01	7.22e-04	0.00e+00	0.00e+00	0.00e+00	0.00e+00	1.21e-13	2.45e-13	1.94e-57
 3.78364e+14	8.97e-19	4.41e-13	2.38e-08	1.13e-04	9.99e-01	6.72e-04	0.00e+00	0.00e+00	0.00e+00	0.00e+00	1.46e-13	2.95e-13	3.75e-57
 3.92724e+14	1.17e-18	5.42e-13	2.76e-08	1.22e-04	9.99e-01	6.22e-04	0.00e+00	0.00e+00	0.00e+00	0.00e+00	1.79e-13	3.63e-13	7.87e-57
 4.06131e+14	1.50e-18	6.58e-13	3.16e-08	1.30e-04	9.99e-01	5.81e-04	0.00e+00	0.00e+00	0.00e+00	0.00e+00	2.17e-13	4.41e-13	1.58e-56
 4.20741e+14	1.89e-18	7.91e-13	3.64e-08	1.40e-04	9.99e-01	5.40e-04	0.00e+00	0.00e+00	0.00e+00	0.00e+00	2.61e-13	5.30e-13	3.05e-56
 4.37043e+14	2.50e-18	9.81e-13	4.24e-08	1.52e-04	9.99e-01	4.99e-04	0.00e+00	0.00e+00	0.00e+00	0.00e+00	3.23e-13	6.57e-13	6.63e-56
 4.52422e+14	3.15e-18	1.18e-12	4.87e-08	1.63e-04	9.99e-01	4.64e-04	0.00e+00	0.00e+00	0.00e+00	0.00e+00	3.89e-13	7.91e-13	1.28e-55
 4.68965e+14	4.10e-18	1.45e-12	5.63e-08	1.76e-04	9.99e-01	4.31e-04	0.00e+00	0.00e+00	0.00e+00	0.00e+00	4.77e-13	9.71e-13	2.68e-55
 4.87753e+14	5.33e-18	1.78e-12	6.59e-08	1.91e-04	9.99e-01	3.97e-04	0.00e+00	0.00e+00	0.00e+00	0.00e+00	5.86e-13	1.19e-12	5.57e-55
 5.06089e+14	6.91e-18	2.19e-12	7.64e-08	2.06e-04	9.99e-01	3.68e-04	0.00e+00	0.00e+00	0.00e+00	0.00e+00	7.21e-13	1.47e-12	1.17e-54
 5.25158e+14	8.83e-18	2.65e-12	8.87e-08	2.23e-04	9.99e-01	3.40e-04	0.00e+00	0.00e+00	0.00e+00	0.00e+00	8.73e-13	1.78e-12	2.32e-54
 5.46194e+14	1.16e-17	3.30e-12	1.04e-07	2.42e-04	9.99e-01	3.13e-04	0.00e+00	0.00e+00	0.00e+00	0.00e+00	1.09e-12	2.22e-12	5.10e-54
 5.66914e+14	1.48e-17	4.00e-12	1.21e-07	2.62e-04	9.99e-01	2.89e-04	0.00e+00	0.00e+00	0.00e+00	0.00e+00	1.32e-12	2.68e-12	1.00e-53
 5.83893e+14	1.81e-17	4.69e-12	1.36e-07	2.78e-04	9.99e-01	2.71e-04	0.00e+00	0.00e+00	0.00e+00	0.00e+00	1.54e-12	3.15e-12	1.78e-53
 5.97378e+14	2.11e-17	5.30e-12	1.49e-07	2.92e-04	9.99e-01	2.58e-04	0.00e+00	0.00e+00	0.00e+00	0.00e+00	1.74e-12	3.56e-12	2.75e-53
 6.12330e+14	2.49e-17	6.07e-12	1.65e-07	3.08e-04	9.99e-01	2.45e-04	0.00e+00	0.00e+00	0.00e+00	0.00e+00	1.99e-12	4.07e-12	4.47e-53
 6.31767e+14	3.06e-17	7.14e-12	1.87e-07	3.30e-04	9.99e-01	2.29e-04	0.00e+00	0.00e+00	0.00e+00	0.00e+00	2.35e-12	4.80e-12	8.00e-53
 6.52650e+14	3.78e-17	8.47e-12	2.13e-07	3.53e-04	9.99e-01	2.13e-04	0.00e+00	0.00e+00	0.00e+00	0.00e+00	2.78e-12	5.69e-12	1.47e-52
 6.71247e+14	4.55e-17	9.87e-12	2.39e-07	3.75e-04	9.99e-01	2.01e-04	0.00e+00	3.80e-18	1.14e-17	1.91e-17	3.24e-12	6.63e-12	2.54e-52
 6.91258e+14	5.50e-17	1.15e-11	2.69e-07	4.01e-04	9.99e-01	1.88e-04	0.00e+00	4.60e-18	1.38e-17	2.31e-17	3.77e-12	7.71e-12	4.37e-52
 7.16635e+14	6.99e-17	1.39e-11	3.12e-07	4.33e-04	9.99e-01	1.74e-04	0.00e+00	5.85e-18	1.76e-17	2.93e-17	4.57e-12	9.36e-12	8.77e-52
 7.42367e+14	8.76e-17	1.68e-11	3.60e-07	4.69e-04	9.99e-01	1.61e-04	0.00e+00	7.33e-18	2.20e-17	3.68e-17	5.50e-12	1.13e-11	1.70e-51
 7.64123e+14	1.05e-16	1.94e-11	4.04e-07	4.99e-04	9.99e-01	1.51e-04	0.00e+00	8.81e-18	2.65e-17	4.42e-17	6.38e-12	1.31e-11	2.90e-51
 7.87331e+14	1.27e-16	2.28e-11	4.56e-07	5.33e-04	9.99e-01	1.42e-04	0.00e+00	1.07e-17	3.20e-17	5.35e-17	7.47e-12	1.53e-11	5.13e-51
 8.16473e+14	1.61e-16	2.75e-11	5.29e-07	5.78e-04	9.99e-01	1.31e-04	0.00e+00	1.35e-17	4.05e-17	6.76e-17	9.01e-12	1.85e-11	1.02e-50
 8.46576e+14	2.03e-16	3.33e-11	6.13e-07	6.27e-04	9.99e-01	1.20e-04	0.00e+00	1.71e-17	5.13e-17	8.56e-17	1.09e-11	2.24e-11	2.04e-50
 8.73095e+14	2.47e-16	3.91e-11	6.95e-07	6.71e-04	9.99e-01	1.12e-04	0.00e+00	2.08e-17	6.24e-17	1.04e-16	1.28e-11	2.63e-11	3.68e-50
 9.01703e+14	3.00e-16	4.60e-11	7.91e-07	7.21e-04	9.99e-01	1.05e-04	0.00e+00	2.52e-17	7.57e-17	1.27e-16	1.51e-11	3.09e-11	6.69e-50
 9.36245e+14	3.83e-16	5.61e-11	9.22e-07	7.85e-04	9.99e-01	9.62e-05	0.00e+00	3.23e-17	9.70e-17	1.62e-16	1.84e-11	3.77e-11	1.39e-49
 9.70464e+14	4.79e-16	6.75e-11	1.07e-06	8.52e-04	9.99e-01	8.87e-05	0.00e+00	4.04e-17	1.21e-16	2.03e-16	2.21e-11	4.54e-11	2.76e-49
 1.00079e+15	5.84e-16	7.93e-11	1.21e-06	9.13e-04	9.99e-01	8.29e-05	0.00e+00	4.93e-17	1.48e-16	2.47e-16	2.60e-11	5.33e-11	5.05e-49
 1.03410e+15	7.06e-16	9.35e-11	1.38e-06	9.82e-04	9.99e-01	7.71e-05	0.00e+00	5.97e-17	1.79e-16	2.99e-16	3.07e-11	6.28e-11	9.29e-49
 1.07399e+15	9.08e-16	1.14e-10	1.61e-06	1.07e-03	9.99e-01	7.08e-05	0.00e+00	7.68e-17	2.31e-16	3.85e-16	3.75e-11	7.68e-11	1.99e-48
 1.11374e+15	1.14e-15	1.38e-10	1.86e-06	1.16e-03	9.99e-01	6.52e-05	0.00e+00	9.69e-17	2.91e-16	4.86e-16	4.54e-11	9.29e-11	4.09e-48
 1.15001e+15	1.37e-15	1.62e-10	2.11e-06	1.25e-03	9.99e-01	6.07e-05	0.00e+00	1.16e-16	3.49e-16	5.83e-16	5.32e-11	1.09e-10	7.43e-48
 1.19046e+15	1.73e-15	1.95e-10	2.43e-06	1.35e-03	9.99e-01	5.62e-05	0.00e+00	1.47e-16	4.42e-16	7.38e-16	6.40e-11	1.31e-10	1.52e-47
 1.23761e+15	2.21e-15	2.39e-10	2.84e-06	1.47e-03	9.98e-01	5.15e-05	0.00e+00	1.88e-16	5.65e-16	9.44e-16	7.85e-11	1.61e-10	3.33e-47
 1.28399e+15	2.79e-15	2.89e-10	3.29e-06	1.60e-03	9.98e-01	4.74e-05	0.00e+00	2.37e-16	7.12e-16	1.19e-15	9.50e-11	1.94e-10	7.06e-47
 1.32786e+15	3.38e-15	3.42e-10	3.76e-06	1.72e-03	9.98e-01	4.40e-05	0.00e+00	2.88e-16	8.66e-16	1.45e-15	1.12e-10	2.30e-10	1.35e-46
 1.37662e+15	4.35e-15	4.18e-10	4.35e-06	1.87e-03	9.98e-01	4.06e-05	0.00e+00	3.72e-16	1.12e-15	1.86e-15	1.37e-10	2.81e-10	3.01e-46
 1.42273e+15	5.35e-15	4.97e-10	4.96e-06	2.02e-03	9.98e-01	3.77e-05	0.00e+00	4.57e-16	1.37e-15	2.29e-15	1.63e-10	3.34e-10	5.96e-46
 1.45703e+15	6.22e-15	5.64e-10	5.45e-06	2.13e-03	9.98e-01	3.58e-05	0.00e+00	5.32e-16	1.60e-15	2.66e-15	1.85e-10	3.78e-10	9.81e-46
 1.49196e+15	7.23e-15	6.39e-10	6.00e-06	2.24e-03	9.98e-01	3.40e-05	0.00e+00	6.19e-16	1.86e-15	3.10e-15	2.10e-10	4.29e-10	1.62e-45
 1.53738e+15	8.55e-15	7.41e-10	6.75e-06	2.40e-03	9.98e-01	3.18e-05	0.00e+00	7.33e-16	2.20e-15	3.67e-15	2.44e-10	4.97e-10	2.90e-45
 1.58683e+15	1.07e-14	8.87e-10	7.67e-06	2.58e-03	9.97e-01	2.96e-05	0.00e+00	9.19e-16	2.76e-15	4.61e-15	2.92e-10	5.95e-10	5.99e-45
 1.63145e+15	1.28e-14	1.03e-09	8.57e-06	2.74e-03	9.97e-01	2.79e-05	0.00e+00	1.10e-15	3.29e-15	5.49e-15	3.38e-10	6.89e-10	1.07e-44
 1.67939e+15	1.51e-14	1.19e-09	9.61e-06	2.93e-03	9.97e-01	2.62e-05	0.00e+00	1.30e-15	3.90e-15	6.51e-15	3.91e-10	7.97e-10	1.91e-44
 1.74062e+15	1.95e-14	1.46e-09	1.11e-05	3.17e-03	9.97e-01	2.42e-05	0.00e+00	1.68e-15	5.04e-15	8.42e-15	4.80e-10	9.78e-10	4.36e-44
 1.80254e+15	2.44e-14	1.76e-09	1.27e-05	3.43e-03	9.97e-01	2.24e-05	0.00e+00	2.10e-15	6.31e-15	1.05e-14	5.79e-10	1.18e-09	9.23e-44
 1.85415e+15	2.94e-14	2.05e-09	1.43e-05	3.65e-03	9.96e-01	2.11e-05	0.00e+00	2.53e-15	7.61e-15	1.27e-14	6.75e-10	1.37e-09	1.70e-43
 1.90897e+15	3.55e-14	2.40e-09	1.60e-05	3.90e-03	9.96e-01	1.98e-05	0.00e+00	3.07e-15	9.20e-15	1.54e-14	7.91e-10	1.61e-09	3.19e-43
 1.97877e+15	4.49e-14	2.92e-09	1.85e-05	4.23e-03	9.96e-01	1.84e-05	0.00e+00	3.88e-15	1.17e-14	1.95e-14	9.62e-10	1.96e-09	6.94e-43
 2.05249e+15	5.53e-14	3.51e-09	2.14e-05	4.58e-03	9.95e-01	1.70e-05	0.00e+00	4.79e-15	1.44e-14	2.40e-14	1.16e-09	2.35e-09	1.45e-42
 2.11859e+15	6.82e-14	4.18e-09	2.42e-05	4.91e-03	9.95e-01	1.59e-05	0.00e+00	5.91e-15	1.77e-14	2.96e-14	1.38e-09	2.80e-09	2.90e-42
 2.19035e+15	8.70e-14	5.09e-09	2.77e-05	5.29e-03	9.95e-01	1.48e-05	0.00e+00	7.55e-15	2.27e-14	3.78e-14	1.68e-09	3.41e-09	6.30e-42
 2.27555e+15	1.13e-13	6.30e-09	3.22e-05	5.76e-03	9.94e-01	1.37e-05	0.00e+00	9.79e-15	2.94e-14	4.90e-14	2.08e-09	4.22e-09	1.47e-41
 2.35934e+15	1.42e-13	7.68e-09	3.72e-05	6.24e-03	9.94e-01	1.27e-05	0.00e+00	1.23e-14	3.70e-14	6.18e-14	2.53e-09	5.14e-09	3.15e-41
 2.43543e+15	1.75e-13	9.17e-09	4.22e-05	6.69e-03	9.93e-01	1.19e-05	0.00e+00	1.53e-14	4.58e-14	7.65e-14	3.03e-09	6.14e-09	6.29e-41
 2.52036e+15	2.16e-13	1.10e-08	4.84e-05	7.21e-03	9.93e-01	1.11e-05	0.00e+00	1.88e-14	5.65e-14	9.42e-14	3.62e-09	7.34e-09	1.25e-40
 2.61975e+15	2.84e-13	1.38e-08	5.65e-05	7.86e-03	9.92e-01	1.03e-05	0.00e+00	2.48e-14	7.44e-14	1.24e-13	4.55e-09	9.23e-09	3.05e-40
 2.71782e+15	3.64e-13	1.70e-08	6.54e-05	8.51e-03	9.91e-01	9.59e-06	0.00e+00	3.18e-14	9.55e-14	1.59e-13	5.61e-09	1.14e-08	6.75e-40
 2.81036e+15	4.56e-13	2.05e-08	7.47e-05	9.16e-03	9.91e-01	9.00e-06	0.00e+00	3.99e-14	1.20e-13	2.00e-13	6.78e-09	1.37e-08	1.39e-39
 2.91334e+15	5.69e-13	2.48e-08	8.63e-05	9.91e-03	9.90e-01	8.41e-06	0.00e+00	4.98e-14	1.50e-13	2.50e-13	8.20e-09	1.66e-08	2.78e-39
 3.02990e+15	7.60e-13	3.16e-08	1.01e-04	1.08e-02	9.89e-01	7.82e-06	0.00e+00	6.67e-14	2.00e-13	3.34e-13	1.05e-08	2.12e-08	7.03e-39
 3.12754e+15	9.41e-13	3.79e-08	1.15e-04	1.16e-02	9.88e-01	7.39e-06	0.00e+00	8.27e-14	2.48e-13	4.14e-13	1.25e-08	2.54e-08	1.38e-38
 3.19760e+15	1.09e-12	4.31e-08	1.25e-04	1.21e-02	9.88e-01	7.11e-06	0.00e+00	9.59e-14	2.88e-13	4.80e-13	1.42e-08	2.88e-08	2.21e-38
 3.27086e+15	1.27e-12	4.91e-08	1.37e-04	1.28e-02	9.87e-01	6.84e-06	0.00e+00	1.12e-13	3.36e-13	5.60e-13	1.62e-08	3.28e-08	3.59e-38
 3.36610e+15	1.51e-12	5.70e-08	1.54e-04	1.36e-02	9.86e-01	6.51e-06	0.00e+00	1.33e-13	3.99e-13	6.66e-13	1.89e-08	3.81e-08	6.17e-38
 3.47242e+15	1.90e-12	6.93e-08	1.74e-04	1.45e-02	9.85e-01	6.17e-06	0.00e+00	1.68e-13	5.03e-13	8.40e-13	2.29e-08	4.64e-08	1.28e-37
 3.57179e+15	2.29e-12	8.13e-08	1.95e-04	1.54e-02	9.84e-01	5.90e-06	0.00e+00	2.02e-13	6.06e-13	1.01e-12	2.69e-08	5.44e-08	2.28e-37
 3.67962e+15	2.77e-12	9.55e-08	2.20e-04	1.65e-02	9.83e-01	5.62e-06	0.00e+00	2.44e-13	7.33e-13	1.22e-12	3.16e-08	6.39e-08	4.06e-37
 3.80074e+15	3.53e-12	1.17e-07	2.51e-04	1.77e-02	9.82e-01	5.36e-06	0.00e+00	3.12e-13	9.35e-13	1.56e-12	3.88e-08	7.84e-08	8.63e-37
 3.91519e+15	4.28e-12	1.39e-07	2.83e-04	1.88e-02	9.81e-01	5.12e-06	0.00e+00	3.79e-13	1.14e-12	1.89e-12	4.60e-08	9.28e-08	1.57e-36
 4.03999e+15	5.25e-12	1.65e-07	3.21e-04	2.01e-02	9.80e-01	4.89e-06	0.00e+00	4.64e-13	1.39e-12	2.32e-12	5.45e-08	1.10e-07	2.83e-36
 4.18023e+15	6.76e-12	2.05e-07	3.69e-04	2.17e-02	9.78e-01	4.67e-06	0.00e+00	5.98e-13	1.80e-12	2.99e-12	6.78e-08	1.37e-07	6.16e-36
 4.31310e+15	8.35e-12	2.46e-07	4.19e-04	2.32e-02	9.76e-01	4.47e-06	0.00e+00	7.40e-13	2.22e-12	3.70e-12	8.15e-08	1.65e-07	1.17e-35
 4.45841e+15	1.03e-11	2.94e-07	4.79e-04	2.49e-02	9.75e-01	4.28e-06	0.00e+00	9.14e-13	2.74e-12	4.57e-12	9.74e-08	1.97e-07	2.14e-35
 4.61890e+15	1.34e-11	3.69e-07	5.54e-04	2.69e-02	9.73e-01	4.10e-06	0.00e+00	1.19e-12	3.57e-12	5.95e-12	1.22e-07	2.47e-07	4.83e-35
 4.76666e+15	1.65e-11	4.43e-07	6.30e-04	2.88e-02	9.71e-01	3.95e-06	0.00e+00	1.46e-12	4.39e-12	7.33e-12	1.47e-07	2.96e-07	8.81e-35
 4.92630e+15	2.05e-11	5.32e-07	7.21e-04	3.09e-02	9.68e-01	3.81e-06	0.00e+00	1.82e-12	5.47e-12	9.12e-12	1.76e-07	3.56e-07	1.63e-34
 5.10428e+15	2.61e-11	6.56e-07	8.35e-04	3.34e-02	9.66e-01	3.66e-06	0.00e+00	2.32e-12	6.97e-12	1.16e-11	2.17e-07	4.38e-07	3.30e-34
 5.27165e+15	3.35e-11	8.13e-07	9.55e-04	3.59e-02	9.63e-01	3.56e-06	0.00e+00	2.98e-12	8.94e-12	1.49e-11	2.70e-07	5.43e-07	6.88e-34
 5.45475e+15	4.25e-11	9.99e-07	1.10e-03	3.86e-02	9.60e-01	3.44e-06	0.00e+00	3.79e-12	1.14e-11	1.90e-11	3.31e-07	6.68e-07	1.37e-33
 5.65631e+15	5.45e-11	1.24e-06	1.28e-03	4.18e-02	9.57e-01	3.32e-06	0.00e+00	4.86e-12	1.46e-11	2.43e-11	4.10e-07	8.27e-07	2.73e-33
 5.83696e+15	6.73e-11	1.48e-06	1.46e-03	4.47e-02	9.54e-01	3.24e-06	0.00e+00	6.00e-12	1.80e-11	3.00e-11	4.90e-07	9.87e-07	4.71e-33
 6.00167e+15	8.18e-11	1.75e-06	1.64e-03	4.75e-02	9.51e-01	3.16e-06	0.00e+00	7.30e-12	2.19e-11	3.65e-11	5.81e-07	1.17e-06	8.11e-33
 6.19054e+15	1.02e-10	2.11e-06	1.87e-03	5.09e-02	9.47e-01	3.08e-06	0.00e+00	9.12e-12	2.74e-11	4.56e-11	7.01e-07	1.41e-06	1.48e-32
 6.42325e+15	1.36e-10	2.71e-06	2.19e-03	5.53e-02	9.42e-01	3.02e-06	0.00e+00	1.22e-11	3.65e-11	6.09e-11	8.99e-07	1.81e-06	3.36e-32
 6.65133e+15	1.73e-10	3.33e-06	2.55e-03	5.97e-02	9.38e-01	2.94e-06	0.00e+00	1.55e-11	4.64e-11	7.75e-11	1.11e-06	2.23e-06	6.32e-32
 6.82901e+15	2.08e-10	3.88e-06	2.85e-03	6.33e-02	9.34e-01	2.90e-06	0.00e+00	1.86e-11	5.59e-11	9.32e-11	1.29e-06	2.59e-06	1.00e-31
 7.00279e+15	2.50e-10	4.54e-06	3.18e-03	6.70e-02	9.30e-01	2.85e-06	0.00e+00	2.24e-11	6.72e-11	1.12e-10	1.51e-06	3.03e-06	1.63e-31
 7.22871e+15	3.23e-10	5.66e-06	3.66e-03	7.22e-02	9.24e-01	2.81e-06	0.00e+00	2.90e-11	8.69e-11	1.45e-10	1.88e-06	3.78e-06	3.29e-31
 7.44874e+15	3.98e-10	6.79e-06	4.18e-03	7.72e-02	9.19e-01	2.76e-06	0.00e+00	3.58e-11	1.07e-10	1.79e-10	2.25e-06	4.53e-06	5.56e-31
 7.62738e+15	4.73e-10	7.81e-06	4.64e-03	8.15e-02	9.14e-01	2.73e-06	0.00e+00	4.25e-11	1.28e-10	2.13e-10	2.60e-06	5.22e-06	8.41e-31
 7.82589e+15	5.75e-10	9.20e-06	5.21e-03	8.65e-02	9.08e-01	2.69e-06	0.00e+00	5.17e-11	1.55e-10	2.58e-10	3.06e-06	6.15e-06	1.37e-30
 8.08395e+15	7.55e-10	1.16e-05	6.07e-03	9.36e-02	9.00e-01	2.66e-06	0.00e+00	6.79e-11	2.04e-10	3.40e-10	3.86e-06	7.76e-06	2.85e-30
 8.33636e+15	9.51e-10	1.42e-05	6.98e-03	1.01e-01	8.92e-01	2.62e-06	0.00e+00	8.56e-11	2.57e-10	4.28e-10	4.71e-06	9.46e-06	5.00e-30
 8.53365e+15	1.14e-09	1.65e-05	7.79e-03	1.06e-01	8.86e-01	2.60e-06	0.00e+00	1.03e-10	3.09e-10	5.16e-10	5.50e-06	1.10e-05	7.80e-30
 8.74235e+15	1.40e-09	1.95e-05	8.75e-03	1.13e-01	8.78e-01	2.58e-06	0.00e+00	1.26e-10	3.78e-10	6.31e-10	6.49e-06	1.30e-05	1.26e-29
 9.01365e+15	1.78e-09	2.36e-05	1.01e-02	1.21e-01	8.69e-01	2.54e-06	0.00e+00	1.60e-10	4.81e-10	8.02e-10	7.83e-06	1.57e-05	2.09e-29
 9.29252e+15	2.32e-09	2.98e-05	1.18e-02	1.31e-01	8.57e-01	2.52e-06	0.00e+00	2.09e-10	6.28e-10	1.05e-09	9.90e-06	1.99e-05	4.18e-29
 9.51863e+15	2.84e-09	3.52e-05	1.33e-02	1.39e-01	8.47e-01	2.51e-06	0.00e+00	2.57e-10	7.71e-10	1.29e-09	1.17e-05	2.35e-05	6.66e-29
 9.74996e+15	3.52e-09	4.18e-05	1.51e-02	1.48e-01	8.37e-01	2.49e-06	0.00e+00	3.19e-10	9.56e-10	1.59e-09	1.39e-05	2.79e-05	1.07e-28
 1.00054e+16	4.38e-09	4.97e-05	1.72e-02	1.58e-01	8.25e-01	2.47e-06	0.00e+00	3.97e-10	1.19e-09	1.99e-09	1.65e-05	3.32e-05	1.68e-28
 1.02404e+16	5.53e-09	6.07e-05	1.96e-02	1.68e-01	8.12e-01	2.47e-06	0.00e+00	5.02e-10	1.50e-09	2.51e-09	2.02e-05	4.05e-05	3.03e-28
 1.04526e+16	6.68e-09	7.09e-05	2.19e-02	1.78e-01	8.00e-01	2.46e-06	0.00e+00	6.06e-10	1.82e-09	3.03e-09	2.36e-05	4.73e-05	4.58e-28
 1.06870e+16	8.31e-09	8.43e-05	2.48e-02	1.89e-01	7.86e-01	2.45e-06	0.00e+00	7.55e-10	2.26e-09	3.77e-09	2.80e-05	5.62e-05	7.27e-28
 1.09421e+16	1.03e-08	1.00e-04	2.84e-02	2.01e-01	7.70e-01	2.43e-06	0.00e+00	9.41e-10	2.82e-09	4.70e-09	3.33e-05	6.67e-05	1.13e-27
 1.11722e+16	1.32e-08	1.22e-04	3.22e-02	2.14e-01	7.54e-01	2.45e-06	0.00e+00	1.20e-09	3.59e-09	5.99e-09	4.07e-05	8.16e-05	2.03e-27
 1.13518e+16	1.54e-08	1.40e-04	3.55e-02	2.24e-01	7.41e-01	2.44e-06	0.00e+00	1.40e-09	4.21e-09	7.01e-09	4.64e-05	9.31e-05	2.85e-27
 1.15180e+16	1.82e-08	1.59e-04	3.89e-02	2.33e-01	7.28e-01	2.44e-06	0.00e+00	1.66e-09	4.98e-09	8.29e-09	5.30e-05	1.06e-04	4.11e-27
 1.17341e+16	2.22e-08	1.84e-04	4.38e-02	2.46e-01	7.10e-01	2.43e-06	0.00e+00	2.02e-09	6.07e-09	1.01e-08	6.13e-05	1.23e-04	5.90e-27
 1.19738e+16	2.90e-08	2.29e-04	5.03e-02	2.62e-01	6.87e-01	2.45e-06	0.00e+00	2.65e-09	7.94e-09	1.32e-08	7.63e-05	1.53e-04	1.13e-26
 1.21862e+16	3.53e-08	2.70e-04	5.67e-02	2.76e-01	6.67e-01	2.46e-06	0.00e+00	3.23e-09	9.69e-09	1.61e-08	9.01e-05	1.80e-04	1.74e-26
 1.23733e+16	4.29e-08	3.13e-04	6.31e-02	2.89e-01	6.48e-01	2.46e-06	0.00e+00	3.92e-09	1.18e-08	1.96e-08	1.04e-04	2.09e-04	2.55e-26
 1.25537e+16	5.10e-08	3.57e-04	6.99e-02	3.02e-01	6.28e-01	2.47e-06	0.00e+00	4.67e-09	1.40e-08	2.33e-08	1.19e-04	2.38e-04	3.59e-26
 1.27564e+16	6.45e-08	4.33e-04	7.93e-02	3.18e-01	6.02e-01	2.48e-06	0.00e+00	5.91e-09	1.77e-08	2.95e-08	1.44e-04	2.89e-04	6.28e-26
 1.29713e+16	8.18e-08	5.20e-04	9.03e-02	3.35e-01	5.75e-01	2.50e-06	0.00e+00	7.50e-09	2.25e-08	3.75e-08	1.73e-04	3.47e-04	1.05e-25
 1.31558e+16	9.94e-08	6.00e-04	1.01e-01	3.49e-01	5.49e-01	2.51e-06	0.00e+00	9.12e-09	2.73e-08	4.56e-08	2.00e-04	4.00e-04	1.53e-25
 1.33233e+16	1.21e-07	6.98e-04	1.12e-01	3.64e-01	5.24e-01	2.53e-06	0.00e+00	1.11e-08	3.32e-08	5.53e-08	2.32e-04	4.65e-04	2.34e-25
 1.34832e+16	1.46e-07	8.10e-04	1.24e-01	3.77e-01	4.98e-01	2.55e-06	0.00e+00	1.34e-08	4.03e-08	6.71e-08	2.70e-04	5.40e-04	3.63e-25
 1.36314e+16	1.76e-07	9.33e-04	1.36e-01	3.90e-01	4.73e-01	2.57e-06	0.00e+00	1.62e-08	4.85e-08	8.09e-08	3.11e-04	6.22e-04	5.50e-25
 1.37735e+16	2.15e-07	1.10e-03	1.50e-01	4.03e-01	4.46e-01	2.61e-06	0.00e+00	1.98e-08	5.95e-08	9.91e-08	3.65e-04	7.31e-04	9.17e-25
 1.39138e+16	2.55e-07	1.23e-03	1.64e-01	4.15e-01	4.19e-01	2.62e-06	1.13e-11	2.35e-08	7.03e-08	1.17e-07	4.10e-04	8.21e-04	1.28e-24
 1.40741e+16	3.27e-07	1.50e-03	1.84e-01	4.29e-01	3.85e-01	2.68e-06	0.00e+00	3.02e-08	9.05e-08	1.51e-07	5.00e-04	1.00e-03	2.48e-24
 1.42293e+16	3.98e-07	1.73e-03	2.04e-01	4.41e-01	3.53e-01	2.65e-06	1.40e-11	3.67e-08	1.10e-07	1.83e-07	5.78e-04	1.16e-03	3.80e-24
 1.43481e+16	4.73e-07	1.97e-03	2.21e-01	4.51e-01	3.27e-01	2.69e-06	0.00e+00	4.37e-08	1.31e-07	2.18e-07	6.57e-04	1.31e-03	5.81e-24
 1.44488e+16	5.57e-07	2.21e-03	2.37e-01	4.58e-01	3.03e-01	2.72e-06	1.73e-11	5.15e-08	1.54e-07	2.57e-07	7.38e-04	1.48e-03	8.71e-24
 1.45383e+16	6.29e-07	2.42e-03	2.51e-01	4.64e-01	2.83e-01	2.72e-06	0.00e+00	5.82e-08	1.74e-07	2.91e-07	8.06e-04	1.61e-03	1.15e-23
 1.46369e+16	7.21e-07	2.64e-03	2.68e-01	4.70e-01	2.59e-01	2.68e-06	0.00e+00	6.67e-08	2.00e-07	3.33e-07	8.82e-04	1.76e-03	1.54e-23
