#depth	N	N+	N+2	N+3	N+4	N+5	N+6	N+7
 1.49634e+10	0.00e+00	0.00e+00	3.94e-33	1.44e-23	1.71e-14	9.34e-05	1.62e-01	8.38e-01
 4.54887e+10	0.00e+00	4.37e-43	5.81e-33	1.96e-23	2.15e-14	1.09e-04	1.72e-01	8.27e-01
 7.72350e+10	0.00e+00	0.00e+00	8.56e-33	2.67e-23	2.70e-14	1.26e-04	1.84e-01	8.16e-01
 1.10251e+11	0.00e+00	1.11e-42	1.26e-32	3.63e-23	3.40e-14	1.47e-04	1.96e-01	8.04e-01
 1.43094e+11	0.00e+00	0.00e+00	1.82e-32	4.87e-23	4.23e-14	1.70e-04	2.08e-01	7.92e-01
 1.77251e+11	0.00e+00	2.70e-42	2.63e-32	6.53e-23	5.26e-14	1.95e-04	2.21e-01	7.79e-01
 2.14267e+11	0.00e+00	0.00e+00	3.86e-32	8.86e-23	6.60e-14	2.27e-04	2.35e-01	7.65e-01
 2.52765e+11	0.00e+00	6.79e-42	5.67e-32	1.20e-22	8.26e-14	2.62e-04	2.49e-01	7.51e-01
 2.90371e+11	0.00e+00	0.00e+00	8.12e-32	1.60e-22	1.02e-13	3.01e-04	2.63e-01	7.36e-01
 3.26277e+11	0.00e+00	1.56e-41	1.13e-31	2.08e-22	1.24e-13	3.41e-04	2.77e-01	7.23e-01
 3.66051e+11	0.00e+00	0.00e+00	1.61e-31	2.75e-22	1.52e-13	3.90e-04	2.92e-01	7.08e-01
 4.05507e+11	0.00e+00	3.59e-41	2.25e-31	3.59e-22	1.85e-13	4.42e-04	3.06e-01	6.93e-01
 4.38349e+11	0.00e+00	0.00e+00	2.95e-31	4.44e-22	2.17e-13	4.89e-04	3.18e-01	6.81e-01
 4.73385e+11	0.00e+00	6.97e-41	3.90e-31	5.54e-22	2.55e-13	5.43e-04	3.31e-01	6.68e-01
 5.18015e+11	0.00e+00	0.00e+00	5.50e-31	7.27e-22	3.12e-13	6.17e-04	3.47e-01	6.52e-01
 5.64909e+11	0.00e+00	1.61e-40	7.79e-31	9.57e-22	3.81e-13	7.02e-04	3.64e-01	6.35e-01
 6.06802e+11	0.00e+00	0.00e+00	1.05e-30	1.21e-21	4.53e-13	7.83e-04	3.79e-01	6.21e-01
 6.52402e+11	0.00e+00	3.39e-40	1.44e-30	1.55e-21	5.43e-13	8.77e-04	3.94e-01	6.05e-01
 7.06703e+11	0.00e+00	0.00e+00	2.06e-30	2.06e-21	6.68e-13	9.99e-04	4.13e-01	5.86e-01
 7.61314e+11	0.00e+00	8.01e-40	2.92e-30	2.71e-21	8.15e-13	1.13e-03	4.31e-01	5.68e-01
 8.09555e+11	0.00e+00	0.00e+00	3.93e-30	3.42e-21	9.65e-13	1.26e-03	4.46e-01	5.52e-01
 8.60518e+11	0.00e+00	1.66e-39	5.31e-30	4.33e-21	1.15e-12	1.40e-03	4.62e-01	5.36e-01
 9.17957e+11	0.00e+00	0.00e+00	7.38e-30	5.60e-21	1.38e-12	1.57e-03	4.80e-01	5.18e-01
 9.72619e+11	0.00e+00	3.56e-39	9.97e-30	7.09e-21	1.64e-12	1.74e-03	4.96e-01	5.02e-01
 1.03248e+12	0.00e+00	0.00e+00	1.37e-29	9.08e-21	1.95e-12	1.94e-03	5.13e-01	4.85e-01
 1.09832e+12	0.00e+00	7.89e-39	1.92e-29	1.18e-20	2.36e-12	2.18e-03	5.32e-01	4.66e-01
 1.15886e+12	0.00e+00	0.00e+00	2.58e-29	1.49e-20	2.79e-12	2.41e-03	5.48e-01	4.50e-01
 1.22450e+12	0.00e+00	1.66e-38	3.52e-29	1.90e-20	3.31e-12	2.68e-03	5.64e-01	4.33e-01
 1.29789e+12	0.00e+00	0.00e+00	4.92e-29	2.46e-20	3.99e-12	2.99e-03	5.82e-01	4.15e-01
 1.36711e+12	0.00e+00	3.62e-38	6.66e-29	3.12e-20	4.72e-12	3.31e-03	5.98e-01	3.98e-01
 1.44286e+12	0.00e+00	0.00e+00	9.17e-29	3.99e-20	5.63e-12	3.67e-03	6.15e-01	3.81e-01
 1.52701e+12	0.00e+00	8.14e-38	1.29e-28	5.21e-20	6.79e-12	4.10e-03	6.33e-01	3.63e-01
 1.60580e+12	0.00e+00	0.00e+00	1.76e-28	6.61e-20	8.04e-12	4.52e-03	6.48e-01	3.47e-01
 1.69109e+12	0.00e+00	1.76e-37	2.42e-28	8.47e-20	9.57e-12	5.01e-03	6.64e-01	3.31e-01
 1.78637e+12	0.00e+00	0.00e+00	3.42e-28	1.11e-19	1.15e-11	5.58e-03	6.81e-01	3.13e-01
 1.87796e+12	0.00e+00	3.98e-37	4.70e-28	1.41e-19	1.37e-11	6.16e-03	6.96e-01	2.98e-01
 1.96314e+12	0.00e+00	0.00e+00	6.26e-28	1.76e-19	1.60e-11	6.73e-03	7.09e-01	2.84e-01
 2.05757e+12	0.00e+00	8.25e-37	8.51e-28	2.23e-19	1.89e-11	7.39e-03	7.23e-01	2.70e-01
 2.16414e+12	0.00e+00	0.00e+00	1.19e-27	2.88e-19	2.25e-11	8.17e-03	7.37e-01	2.55e-01
 2.26641e+12	0.00e+00	1.82e-36	1.62e-27	3.65e-19	2.66e-11	8.96e-03	7.50e-01	2.41e-01
 2.37676e+12	4.04e-46	2.70e-36	2.23e-27	4.66e-19	3.15e-11	9.85e-03	7.63e-01	2.28e-01
 2.48389e+12	0.00e+00	0.00e+00	3.01e-27	5.87e-19	3.69e-11	1.08e-02	7.74e-01	2.15e-01
 2.56736e+12	0.00e+00	5.19e-36	3.78e-27	6.99e-19	4.16e-11	1.15e-02	7.82e-01	2.06e-01
 2.65385e+12	1.23e-45	6.90e-36	4.76e-27	8.33e-19	4.70e-11	1.23e-02	7.90e-01	1.97e-01
 2.76629e+12	0.00e+00	0.00e+00	6.37e-27	1.04e-18	5.47e-11	1.34e-02	8.00e-01	1.87e-01
 2.88665e+12	0.00e+00	1.44e-35	8.62e-27	1.31e-18	6.41e-11	1.46e-02	8.10e-01	1.76e-01
 2.99326e+12	4.35e-45	1.98e-35	1.12e-26	1.60e-18	7.34e-11	1.57e-02	8.17e-01	1.67e-01
 3.10782e+12	0.00e+00	0.00e+00	1.47e-26	1.97e-18	8.46e-11	1.69e-02	8.25e-01	1.58e-01
 3.25098e+12	0.00e+00	4.18e-35	2.04e-26	2.53e-18	1.00e-10	1.85e-02	8.34e-01	1.48e-01
 3.39632e+12	1.71e-44	6.25e-35	2.82e-26	3.23e-18	1.19e-10	2.03e-02	8.42e-01	1.38e-01
 3.52305e+12	0.00e+00	0.00e+00	3.72e-26	3.99e-18	1.37e-10	2.18e-02	8.48e-01	1.30e-01
 3.66062e+12	0.00e+00	1.26e-34	4.98e-26	4.97e-18	1.59e-10	2.36e-02	8.54e-01	1.22e-01
 3.82811e+12	6.60e-44	1.93e-34	7.02e-26	6.46e-18	1.90e-10	2.59e-02	8.61e-01	1.13e-01
 3.98785e+12	0.00e+00	2.88e-34	9.67e-26	8.23e-18	2.23e-10	2.82e-02	8.66e-01	1.06e-01
 4.11763e+12	1.55e-43	3.94e-34	1.25e-25	9.98e-18	2.54e-10	3.02e-02	8.70e-01	9.97e-02
 4.25509e+12	0.00e+00	5.46e-34	1.62e-25	1.22e-17	2.91e-10	3.24e-02	8.74e-01	9.39e-02
 4.43378e+12	3.76e-43	8.28e-34	2.27e-25	1.57e-17	3.45e-10	3.53e-02	8.78e-01	8.70e-02
 4.61888e+12	0.00e+00	1.26e-33	3.18e-25	2.03e-17	4.10e-10	3.86e-02	8.81e-01	8.04e-02
 4.77305e+12	9.37e-43	1.77e-33	4.19e-25	2.50e-17	4.72e-10	4.14e-02	8.83e-01	7.54e-02
 4.93421e+12	0.00e+00	2.52e-33	5.55e-25	3.10e-17	5.44e-10	4.45e-02	8.85e-01	7.05e-02
 5.14077e+12	2.41e-42	3.91e-33	7.91e-25	4.05e-17	6.51e-10	4.88e-02	8.87e-01	6.47e-02
 5.35162e+12	0.00e+00	6.05e-33	1.13e-24	5.30e-17	7.79e-10	5.33e-02	8.87e-01	5.94e-02
 5.52767e+12	6.24e-42	8.64e-33	1.50e-24	6.59e-17	9.02e-10	5.73e-02	8.87e-01	5.53e-02
 5.71322e+12	0.00e+00	1.25e-32	2.02e-24	8.26e-17	1.05e-09	6.18e-02	8.87e-01	5.14e-02
 5.94942e+12	1.67e-41	1.96e-32	2.92e-24	1.09e-16	1.26e-09	6.77e-02	8.85e-01	4.68e-02
 6.18197e+12	0.00e+00	3.03e-32	4.15e-24	1.43e-16	1.51e-09	7.39e-02	8.83e-01	4.27e-02
 6.36631e+12	4.20e-41	4.24e-32	5.44e-24	1.76e-16	1.73e-09	7.90e-02	8.81e-01	3.98e-02
 6.55625e+12	0.00e+00	5.93e-32	7.14e-24	2.16e-16	1.99e-09	8.45e-02	8.78e-01	3.71e-02
 6.79671e+12	1.03e-40	8.95e-32	9.97e-24	2.79e-16	2.36e-09	9.17e-02	8.74e-01	3.39e-02
 7.05040e+12	0.00e+00	1.36e-31	1.40e-23	3.62e-16	2.81e-09	9.96e-02	8.69e-01	3.09e-02
 7.27773e+12	2.61e-40	1.95e-31	1.88e-23	4.54e-16	3.26e-09	1.07e-01	8.65e-01	2.85e-02
 7.50366e+12	0.00e+00	2.75e-31	2.49e-23	5.63e-16	3.77e-09	1.15e-01	8.59e-01	2.63e-02
 7.75908e+12	6.19e-40	4.01e-31	3.38e-23	7.12e-16	4.41e-09	1.23e-01	8.53e-01	2.41e-02
 8.04067e+12	0.00e+00	5.97e-31	4.67e-23	9.13e-16	5.20e-09	1.33e-01	8.45e-01	2.19e-02
 8.29777e+12	1.51e-39	8.45e-31	6.20e-23	1.14e-15	6.01e-09	1.42e-01	8.37e-01	2.02e-02
 8.51216e+12	0.00e+00	1.12e-30	7.79e-23	1.35e-15	6.75e-09	1.50e-01	8.31e-01	1.88e-02
 8.74702e+12	2.99e-39	1.50e-30	9.91e-23	1.63e-15	7.63e-09	1.59e-01	8.24e-01	1.75e-02
 9.05234e+12	0.00e+00	2.17e-30	1.34e-22	2.05e-15	8.90e-09	1.70e-01	8.14e-01	1.59e-02
 9.37037e+12	7.18e-39	3.13e-30	1.81e-22	2.58e-15	1.04e-08	1.83e-01	8.03e-01	1.45e-02
 9.63848e+12	0.00e+00	4.21e-30	2.30e-22	3.11e-15	1.17e-08	1.93e-01	7.94e-01	1.34e-02
 9.92058e+12	1.46e-38	5.68e-30	2.94e-22	3.75e-15	1.33e-08	2.04e-01	7.84e-01	1.24e-02
 1.02873e+13	0.00e+00	8.26e-30	3.98e-22	4.73e-15	1.55e-08	2.18e-01	7.71e-01	1.12e-02
 1.06643e+13	3.53e-38	1.19e-29	5.37e-22	5.95e-15	1.80e-08	2.33e-01	7.57e-01	1.01e-02
 1.09756e+13	0.00e+00	1.59e-29	6.80e-22	7.13e-15	2.02e-08	2.45e-01	7.46e-01	9.36e-03
 1.13013e+13	7.08e-38	2.13e-29	8.63e-22	8.54e-15	2.28e-08	2.58e-01	7.34e-01	8.62e-03
 1.17247e+13	0.00e+00	3.07e-29	1.16e-21	1.07e-14	2.64e-08	2.74e-01	7.18e-01	7.76e-03
 1.21654e+13	1.69e-37	4.41e-29	1.56e-21	1.34e-14	3.05e-08	2.91e-01	7.02e-01	6.99e-03
 1.25376e+13	0.00e+00	5.91e-29	1.97e-21	1.60e-14	3.43e-08	3.06e-01	6.88e-01	6.40e-03
 1.29307e+13	3.41e-37	7.96e-29	2.51e-21	1.92e-14	3.86e-08	3.21e-01	6.74e-01	5.85e-03
 1.34309e+13	0.00e+00	1.14e-28	3.37e-21	2.40e-14	4.45e-08	3.39e-01	6.55e-01	5.24e-03
 1.39472e+13	8.10e-37	1.64e-28	4.50e-21	2.99e-14	5.12e-08	3.59e-01	6.37e-01	4.68e-03
 1.43946e+13	0.00e+00	2.20e-28	5.72e-21	3.58e-14	5.75e-08	3.75e-01	6.21e-01	4.26e-03
 1.48755e+13	1.67e-36	3.00e-28	7.32e-21	4.32e-14	6.47e-08	3.92e-01	6.04e-01	3.86e-03
 1.54651e+13	0.00e+00	4.30e-28	9.80e-21	5.37e-14	7.42e-08	4.13e-01	5.84e-01	3.42e-03
 1.60544e+13	3.90e-36	6.07e-28	1.29e-20	6.60e-14	8.45e-08	4.33e-01	5.64e-01	3.05e-03
 1.65292e+13	0.00e+00	7.92e-28	1.60e-20	7.75e-14	9.34e-08	4.48e-01	5.49e-01	2.79e-03
 1.69353e+13	7.02e-36	9.91e-28	1.91e-20	8.86e-14	1.02e-07	4.62e-01	5.35e-01	2.58e-03
 1.74017e+13	0.00e+00	1.27e-27	2.33e-20	1.03e-13	1.11e-07	4.77e-01	5.21e-01	2.36e-03
 1.79195e+13	1.30e-35	1.65e-27	2.88e-20	1.20e-13	1.23e-07	4.93e-01	5.05e-01	2.15e-03
 1.84012e+13	0.00e+00	2.10e-27	3.49e-20	1.39e-13	1.34e-07	5.07e-01	4.91e-01	1.97e-03
 1.89246e+13	2.34e-35	2.70e-27	4.27e-20	1.61e-13	1.47e-07	5.23e-01	4.75e-01	1.80e-03
 1.95074e+13	0.00e+00	3.54e-27	5.30e-20	1.89e-13	1.62e-07	5.39e-01	4.59e-01	1.62e-03
 2.00541e+13	4.35e-35	4.52e-27	6.45e-20	2.18e-13	1.77e-07	5.54e-01	4.44e-01	1.48e-03
 2.06512e+13	0.00e+00	5.86e-27	7.93e-20	2.55e-13	1.95e-07	5.70e-01	4.28e-01	1.34e-03
 2.13171e+13	8.33e-35	7.74e-27	9.90e-20	3.00e-13	2.15e-07	5.87e-01	4.12e-01	1.20e-03
 2.19443e+13	0.00e+00	9.98e-27	1.21e-19	3.49e-13	2.36e-07	6.03e-01	3.96e-01	1.08e-03
 2.26317e+13	1.56e-34	1.31e-26	1.50e-19	4.08e-13	2.59e-07	6.19e-01	3.80e-01	9.73e-04
 2.34008e+13	2.22e-34	1.74e-26	1.89e-19	4.83e-13	2.86e-07	6.36e-01	3.63e-01	8.65e-04
 2.41347e+13	3.05e-34	2.27e-26	2.34e-19	5.65e-13	3.14e-07	6.52e-01	3.48e-01	7.74e-04
 2.49471e+13	4.30e-34	3.02e-26	2.93e-19	6.68e-13	3.48e-07	6.68e-01	3.31e-01	6.84e-04
 2.58476e+13	6.19e-34	4.09e-26	3.74e-19	7.98e-13	3.86e-07	6.86e-01	3.14e-01	6.00e-04
 2.66968e+13	8.62e-34	5.38e-26	4.64e-19	9.36e-13	4.24e-07	7.01e-01	2.99e-01	5.32e-04
 2.76348e+13	1.22e-33	7.21e-26	5.86e-19	1.11e-12	4.70e-07	7.17e-01	2.83e-01	4.66e-04
 2.86942e+13	1.79e-33	9.88e-26	7.54e-19	1.34e-12	5.24e-07	7.34e-01	2.66e-01	4.03e-04
 2.96743e+13	2.51e-33	1.31e-25	9.42e-19	1.58e-12	5.76e-07	7.48e-01	2.52e-01	3.54e-04
 3.05632e+13	3.37e-33	1.67e-25	1.14e-18	1.82e-12	6.26e-07	7.60e-01	2.39e-01	3.15e-04
 3.13842e+13	4.38e-33	2.08e-25	1.36e-18	2.07e-12	6.75e-07	7.71e-01	2.29e-01	2.84e-04
 3.21475e+13	5.56e-33	2.53e-25	1.59e-18	2.32e-12	7.21e-07	7.80e-01	2.19e-01	2.58e-04
 3.30224e+13	7.25e-33	3.15e-25	1.90e-18	2.64e-12	7.77e-07	7.91e-01	2.09e-01	2.32e-04
 3.41598e+13	1.01e-32	4.15e-25	2.37e-18	3.10e-12	8.52e-07	8.03e-01	1.97e-01	2.02e-04
 3.53130e+13	1.40e-32	5.43e-25	2.93e-18	3.63e-12	9.33e-07	8.14e-01	1.85e-01	1.77e-04
 3.62410e+13	1.80e-32	6.69e-25	3.46e-18	4.10e-12	1.00e-06	8.23e-01	1.77e-01	1.59e-04
 3.72016e+13	2.32e-32	8.26e-25	4.09e-18	4.62e-12	1.07e-06	8.31e-01	1.68e-01	1.43e-04
 3.84504e+13	3.19e-32	1.07e-24	5.04e-18	5.39e-12	1.17e-06	8.42e-01	1.58e-01	1.25e-04
 3.97743e+13	4.41e-32	1.41e-24	6.24e-18	6.30e-12	1.28e-06	8.51e-01	1.48e-01	1.09e-04
 4.09287e+13	5.80e-32	1.77e-24	7.47e-18	7.18e-12	1.37e-06	8.59e-01	1.41e-01	9.65e-05
 4.21628e+13	7.72e-32	2.23e-24	9.00e-18	8.21e-12	1.48e-06	8.67e-01	1.33e-01	8.55e-05
 4.37324e+13	1.09e-31	2.98e-24	1.13e-17	9.68e-12	1.62e-06	8.76e-01	1.24e-01	7.36e-05
 4.53583e+13	1.55e-31	3.97e-24	1.42e-17	1.14e-11	1.78e-06	8.85e-01	1.15e-01	6.33e-05
 4.67831e+13	2.09e-31	5.06e-24	1.71e-17	1.31e-11	1.92e-06	8.91e-01	1.09e-01	5.58e-05
 4.83262e+13	2.85e-31	6.54e-24	2.09e-17	1.50e-11	2.07e-06	8.98e-01	1.02e-01	4.88e-05
 5.01974e+13	4.09e-31	8.80e-24	2.64e-17	1.78e-11	2.27e-06	9.05e-01	9.49e-02	4.18e-05
 5.21288e+13	5.88e-31	1.18e-23	3.33e-17	2.09e-11	2.48e-06	9.12e-01	8.82e-02	3.58e-05
 5.37386e+13	7.88e-31	1.50e-23	4.01e-17	2.38e-11	2.67e-06	9.17e-01	8.31e-02	3.17e-05
 5.50526e+13	9.94e-31	1.82e-23	4.64e-17	2.64e-11	2.82e-06	9.21e-01	7.93e-02	2.87e-05
 5.65169e+13	1.28e-30	2.23e-23	5.44e-17	2.95e-11	2.99e-06	9.25e-01	7.54e-02	2.58e-05
 5.84206e+13	1.77e-30	2.90e-23	6.65e-17	3.40e-11	3.22e-06	9.29e-01	7.07e-02	2.26e-05
 6.04693e+13	2.46e-30	3.80e-23	8.20e-17	3.93e-11	3.48e-06	9.34e-01	6.61e-02	1.97e-05
 6.22385e+13	3.26e-30	4.77e-23	9.76e-17	4.43e-11	3.71e-06	9.37e-01	6.25e-02	1.75e-05
 6.40703e+13	4.33e-30	5.99e-23	1.16e-16	5.00e-11	3.96e-06	9.41e-01	5.91e-02	1.56e-05
 6.64228e+13	6.15e-30	7.97e-23	1.45e-16	5.81e-11	4.28e-06	9.45e-01	5.51e-02	1.35e-05
 6.88460e+13	8.73e-30	1.06e-22	1.79e-16	6.74e-11	4.62e-06	9.49e-01	5.14e-02	1.17e-05
 7.09063e+13	1.17e-29	1.33e-22	2.14e-16	7.61e-11	4.93e-06	9.51e-01	4.86e-02	1.04e-05
 7.31010e+13	1.57e-29	1.70e-22	2.57e-16	8.62e-11	5.26e-06	9.54e-01	4.58e-02	9.25e-06
 7.58433e+13	2.26e-29	2.27e-22	3.21e-16	1.00e-10	5.68e-06	9.57e-01	4.27e-02	8.00e-06
 7.86956e+13	3.25e-29	3.05e-22	4.01e-16	1.17e-10	6.14e-06	9.60e-01	3.97e-02	6.91e-06
 8.12651e+13	4.46e-29	3.93e-22	4.87e-16	1.33e-10	6.57e-06	9.63e-01	3.73e-02	6.08e-06
 8.40691e+13	6.23e-29	5.15e-22	5.97e-16	1.53e-10	7.05e-06	9.65e-01	3.49e-02	5.32e-06
 8.73820e+13	9.12e-29	6.99e-22	7.53e-16	1.79e-10	7.65e-06	9.68e-01	3.24e-02	4.56e-06
 9.06400e+13	1.31e-28	9.35e-22	9.38e-16	2.07e-10	8.25e-06	9.70e-01	3.02e-02	3.95e-06
 9.34843e+13	1.78e-28	1.19e-21	1.13e-15	2.35e-10	8.80e-06	9.72e-01	2.84e-02	3.49e-06
 9.65073e+13	2.43e-28	1.54e-21	1.37e-15	2.67e-10	9.40e-06	9.73e-01	2.67e-02	3.08e-06
 9.99154e+13	3.42e-28	2.02e-21	1.68e-15	3.08e-10	1.01e-05	9.75e-01	2.49e-02	2.68e-06
 1.03167e+14	4.69e-28	2.61e-21	2.04e-15	3.50e-10	1.08e-05	9.77e-01	2.34e-02	2.36e-06
 1.06115e+14	6.19e-28	3.26e-21	2.41e-15	3.92e-10	1.14e-05	9.78e-01	2.21e-02	2.11e-06
 1.08810e+14	7.92e-28	3.97e-21	2.80e-15	4.34e-10	1.20e-05	9.79e-01	2.11e-02	1.91e-06
 1.11798e+14	1.03e-27	4.92e-21	3.30e-15	4.85e-10	1.27e-05	9.80e-01	2.00e-02	1.71e-06
 1.15158e+14	1.38e-27	6.22e-21	3.94e-15	5.47e-10	1.35e-05	9.81e-01	1.88e-02	1.52e-06
 1.18346e+14	1.81e-27	7.72e-21	4.64e-15	6.11e-10	1.43e-05	9.82e-01	1.78e-02	1.36e-06
 1.21833e+14	2.40e-27	9.71e-21	5.51e-15	6.87e-10	1.52e-05	9.83e-01	1.68e-02	1.21e-06
 1.25681e+14	3.26e-27	1.24e-20	6.64e-15	7.79e-10	1.62e-05	9.84e-01	1.58e-02	1.07e-06
 1.29231e+14	4.28e-27	1.55e-20	7.85e-15	8.73e-10	1.72e-05	9.85e-01	1.50e-02	9.55e-07
 1.33080e+14	5.71e-27	1.95e-20	9.35e-15	9.83e-10	1.83e-05	9.86e-01	1.41e-02	0.00e+00
 1.37390e+14	7.79e-27	2.50e-20	1.13e-14	1.12e-09	1.95e-05	9.87e-01	1.32e-02	0.00e+00
 1.41466e+14	1.04e-26	3.15e-20	1.35e-14	1.26e-09	2.08e-05	9.88e-01	1.25e-02	0.00e+00
 1.45932e+14	1.40e-26	4.02e-20	1.62e-14	1.43e-09	2.22e-05	9.88e-01	1.17e-02	0.00e+00
 1.50910e+14	1.95e-26	5.23e-20	1.98e-14	1.64e-09	2.38e-05	9.89e-01	1.09e-02	0.00e+00
 1.55597e+14	2.62e-26	6.65e-20	2.38e-14	1.85e-09	2.53e-05	9.90e-01	1.03e-02	0.00e+00
 1.60732e+14	3.59e-26	8.58e-20	2.89e-14	2.12e-09	2.71e-05	9.90e-01	9.61e-03	0.00e+00
 1.66501e+14	5.06e-26	1.13e-19	3.56e-14	2.44e-09	2.92e-05	9.91e-01	8.94e-03	0.00e+00
 1.71998e+14	6.94e-26	1.46e-19	4.32e-14	2.79e-09	3.12e-05	9.92e-01	8.37e-03	0.00e+00
 1.78045e+14	9.70e-26	1.91e-19	5.31e-14	3.21e-09	3.36e-05	9.92e-01	7.80e-03	0.00e+00
 1.84739e+14	1.39e-25	2.55e-19	6.62e-14	3.73e-09	3.62e-05	9.93e-01	7.23e-03	0.00e+00
 1.90942e+14	1.92e-25	3.31e-19	8.06e-14	4.26e-09	3.88e-05	9.93e-01	6.76e-03	0.00e+00
 1.97672e+14	2.68e-25	4.34e-19	9.91e-14	4.91e-09	4.17e-05	9.94e-01	6.30e-03	0.00e+00
 2.05219e+14	3.86e-25	5.82e-19	1.24e-13	5.71e-09	4.51e-05	9.94e-01	5.83e-03	0.00e+00
 2.12359e+14	5.39e-25	7.62e-19	1.52e-13	6.56e-09	4.84e-05	9.95e-01	5.44e-03	0.00e+00
 2.20086e+14	7.63e-25	1.01e-18	1.88e-13	7.58e-09	5.22e-05	9.95e-01	5.05e-03	0.00e+00
 2.27797e+14	1.07e-24	1.32e-18	2.31e-13	8.72e-09	5.60e-05	9.95e-01	4.71e-03	0.00e+00
 2.33608e+14	1.37e-24	1.61e-18	2.68e-13	9.65e-09	5.90e-05	9.95e-01	4.47e-03	0.00e+00
 2.39197e+14	1.72e-24	1.94e-18	3.09e-13	1.06e-08	6.20e-05	9.96e-01	4.26e-03	0.00e+00
 2.46461e+14	2.30e-24	2.45e-18	3.69e-13	1.20e-08	6.59e-05	9.96e-01	4.01e-03	0.00e+00
 2.54142e+14	3.11e-24	3.12e-18	4.44e-13	1.36e-08	7.02e-05	9.96e-01	3.76e-03	0.00e+00
 2.60774e+14	4.00e-24	3.83e-18	5.17e-13	1.51e-08	7.40e-05	9.96e-01	3.57e-03	0.00e+00
 2.67807e+14	5.19e-24	4.72e-18	6.06e-13	1.68e-08	7.82e-05	9.97e-01	3.38e-03	0.00e+00
 2.76950e+14	7.21e-24	6.15e-18	7.41e-13	1.92e-08	8.38e-05	9.97e-01	3.16e-03	0.00e+00
 2.86309e+14	1.00e-23	8.00e-18	9.04e-13	2.20e-08	8.97e-05	9.97e-01	2.95e-03	0.00e+00
 2.93993e+14	1.30e-23	9.86e-18	1.06e-12	2.44e-08	9.47e-05	9.97e-01	2.80e-03	0.00e+00
 3.02025e+14	1.69e-23	1.22e-17	1.24e-12	2.72e-08	1.00e-04	9.97e-01	2.65e-03	0.00e+00
 3.12468e+14	2.36e-23	1.60e-17	1.52e-12	3.12e-08	1.07e-04	9.97e-01	2.47e-03	0.00e+00
 3.23463e+14	3.32e-23	2.10e-17	1.87e-12	3.59e-08	1.15e-04	9.98e-01	2.31e-03	0.00e+00
 3.32968e+14	4.43e-23	2.64e-17	2.23e-12	4.03e-08	1.22e-04	9.98e-01	2.18e-03	0.00e+00
 3.43117e+14	5.95e-23	3.35e-17	2.67e-12	4.55e-08	1.30e-04	9.98e-01	2.05e-03	0.00e+00
 3.55846e+14	8.52e-23	4.47e-17	3.31e-12	5.26e-08	1.40e-04	9.98e-01	1.90e-03	0.00e+00
 3.69024e+14	1.22e-22	5.97e-17	4.12e-12	6.09e-08	1.50e-04	9.98e-01	1.77e-03	0.00e+00
 3.80759e+14	1.66e-22	7.65e-17	4.97e-12	6.90e-08	1.60e-04	9.98e-01	1.66e-03	0.00e+00
 3.93523e+14	2.31e-22	9.94e-17	6.05e-12	7.88e-08	1.71e-04	9.98e-01	1.55e-03	0.00e+00
 4.08767e+14	3.36e-22	1.34e-16	7.59e-12	9.18e-08	1.85e-04	9.98e-01	1.44e-03	0.00e+00
 4.23918e+14	4.81e-22	1.79e-16	9.44e-12	1.06e-07	1.99e-04	9.98e-01	1.33e-03	0.00e+00
 4.37745e+14	6.61e-22	2.31e-16	1.14e-11	1.21e-07	2.12e-04	9.99e-01	1.24e-03	0.00e+00
 4.50148e+14	8.70e-22	2.89e-16	1.35e-11	1.35e-07	2.25e-04	9.99e-01	1.17e-03	0.00e+00
 4.61008e+14	1.10e-21	3.49e-16	1.56e-11	1.49e-07	2.36e-04	9.99e-01	1.12e-03	0.00e+00
 4.72887e+14	1.41e-21	4.26e-16	1.81e-11	1.65e-07	2.48e-04	9.99e-01	1.06e-03	0.00e+00
 4.88329e+14	1.94e-21	5.50e-16	2.20e-11	1.88e-07	2.65e-04	9.99e-01	9.95e-04	0.00e+00
 5.04042e+14	2.65e-21	7.06e-16	2.66e-11	2.13e-07	2.83e-04	9.99e-01	9.33e-04	0.00e+00
 5.16750e+14	3.39e-21	8.60e-16	3.08e-11	2.36e-07	2.98e-04	9.99e-01	8.87e-04	0.00e+00
 5.29915e+14	4.33e-21	1.05e-15	3.58e-11	2.61e-07	3.13e-04	9.99e-01	8.42e-04	0.00e+00
 5.47031e+14	5.91e-21	1.35e-15	4.33e-11	2.96e-07	3.35e-04	9.99e-01	7.89e-04	0.00e+00
 5.64974e+14	8.11e-21	1.74e-15	5.25e-11	3.38e-07	3.58e-04	9.99e-01	7.39e-04	0.00e+00
 5.80299e+14	1.05e-20	2.14e-15	6.16e-11	3.76e-07	3.78e-04	9.99e-01	6.99e-04	0.00e+00
 5.96528e+14	1.38e-20	2.66e-15	7.26e-11	4.21e-07	4.00e-04	9.99e-01	6.60e-04	0.00e+00
 6.17626e+14	1.93e-20	3.49e-15	8.93e-11	4.84e-07	4.30e-04	9.99e-01	6.14e-04	0.00e+00
 6.39489e+14	2.71e-20	4.59e-15	1.10e-10	5.58e-07	4.62e-04	9.99e-01	5.72e-04	0.00e+00
 6.57881e+14	3.56e-20	5.73e-15	1.30e-10	6.25e-07	4.90e-04	9.99e-01	5.39e-04	0.00e+00
 6.77323e+14	4.72e-20	7.18e-15	1.55e-10	7.04e-07	5.21e-04	9.99e-01	5.07e-04	0.00e+00
 7.02093e+14	6.66e-20	9.50e-15	1.91e-10	8.15e-07	5.62e-04	9.99e-01	4.70e-04	0.00e+00
 7.28022e+14	9.44e-20	1.26e-14	2.38e-10	9.45e-07	6.06e-04	9.99e-01	4.36e-04	0.00e+00
 7.50700e+14	1.26e-19	1.60e-14	2.85e-10	1.07e-06	6.47e-04	9.99e-01	4.09e-04	0.00e+00
 7.74921e+14	1.71e-19	2.04e-14	3.44e-10	1.22e-06	6.92e-04	9.99e-01	3.82e-04	0.00e+00
 8.04397e+14	2.44e-19	2.72e-14	4.29e-10	1.42e-06	7.49e-04	9.99e-01	3.53e-04	0.00e+00
 8.33857e+14	3.42e-19	3.59e-14	5.31e-10	1.65e-06	8.09e-04	9.99e-01	3.27e-04	0.00e+00
 8.59706e+14	4.58e-19	4.54e-14	6.37e-10	1.86e-06	8.64e-04	9.99e-01	3.06e-04	0.00e+00
 8.87712e+14	6.17e-19	5.79e-14	7.69e-10	2.13e-06	9.26e-04	9.99e-01	2.86e-04	0.00e+00
 9.21627e+14	8.77e-19	7.71e-14	9.60e-10	2.48e-06	1.00e-03	9.99e-01	2.64e-04	0.00e+00
 9.53218e+14	1.20e-18	9.96e-14	1.17e-09	2.85e-06	1.08e-03	9.99e-01	2.45e-04	0.00e+00
 9.78359e+14	1.53e-18	1.21e-13	1.37e-09	3.17e-06	1.14e-03	9.99e-01	2.32e-04	0.00e+00
 1.00132e+15	1.89e-18	1.45e-13	1.57e-09	3.49e-06	1.20e-03	9.99e-01	2.20e-04	0.00e+00
 1.02735e+15	2.40e-18	1.76e-13	1.82e-09	3.88e-06	1.27e-03	9.99e-01	2.08e-04	0.00e+00
 1.06120e+15	3.24e-18	2.25e-13	2.20e-09	4.43e-06	1.36e-03	9.98e-01	1.94e-04	0.00e+00
 1.09518e+15	4.32e-18	2.85e-13	2.65e-09	5.04e-06	1.46e-03	9.98e-01	1.81e-04	0.00e+00
 1.12194e+15	5.39e-18	3.41e-13	3.06e-09	5.57e-06	1.54e-03	9.98e-01	1.72e-04	0.00e+00
 1.14932e+15	6.72e-18	4.09e-13	3.52e-09	6.15e-06	1.63e-03	9.98e-01	1.63e-04	0.00e+00
 1.18493e+15	8.86e-18	5.13e-13	4.21e-09	6.97e-06	1.74e-03	9.98e-01	1.52e-04	0.00e+00
 1.22289e+15	1.18e-17	6.50e-13	5.07e-09	7.94e-06	1.86e-03	9.98e-01	1.42e-04	0.00e+00
 1.25590e+15	1.51e-17	7.94e-13	5.93e-09	8.86e-06	1.98e-03	9.98e-01	1.34e-04	0.00e+00
 1.29078e+15	1.93e-17	9.73e-13	6.95e-09	9.92e-06	2.10e-03	9.98e-01	1.26e-04	0.00e+00
 1.33613e+15	2.64e-17	1.26e-12	8.52e-09	1.14e-05	2.27e-03	9.98e-01	1.17e-04	0.00e+00
 1.38251e+15	3.59e-17	1.62e-12	1.04e-08	1.32e-05	2.45e-03	9.97e-01	1.08e-04	0.00e+00
 1.42070e+15	4.58e-17	1.99e-12	1.22e-08	1.47e-05	2.60e-03	9.97e-01	1.02e-04	0.00e+00
 1.46082e+15	5.88e-17	2.44e-12	1.44e-08	1.65e-05	2.77e-03	9.97e-01	9.60e-05	0.00e+00
 1.51299e+15	8.04e-17	3.17e-12	1.76e-08	1.91e-05	2.99e-03	9.97e-01	8.87e-05	0.00e+00
 1.56834e+15	1.11e-16	4.13e-12	2.17e-08	2.22e-05	3.24e-03	9.97e-01	8.19e-05	0.00e+00
 1.61703e+15	2.30e-16	5.17e-12	2.60e-08	2.51e-05	3.47e-03	9.96e-01	7.65e-05	0.00e+00
 1.66956e+15	2.21e-16	6.53e-12	3.13e-08	2.86e-05	3.73e-03	9.96e-01	7.11e-05	0.00e+00
 1.73324e+15	3.08e-16	8.60e-12	3.90e-08	3.35e-05	4.06e-03	9.96e-01	6.54e-05	0.00e+00
 1.79702e+15	4.15e-16	1.12e-11	4.81e-08	3.88e-05	4.41e-03	9.95e-01	6.02e-05	0.00e+00
 1.84593e+15	5.24e-16	1.36e-11	5.63e-08	4.34e-05	4.68e-03	9.95e-01	5.67e-05	0.00e+00
 1.88243e+15	6.21e-16	1.57e-11	6.31e-08	4.70e-05	4.90e-03	9.95e-01	5.42e-05	0.00e+00
 1.92237e+15	7.46e-16	1.83e-11	7.13e-08	5.13e-05	5.14e-03	9.95e-01	5.17e-05	0.00e+00
 1.97429e+15	9.41e-16	2.22e-11	8.33e-08	5.72e-05	5.46e-03	9.94e-01	4.86e-05	0.00e+00
 2.03123e+15	1.20e-15	2.73e-11	9.83e-08	6.44e-05	5.82e-03	9.94e-01	4.56e-05	0.00e+00
 2.08285e+15	1.49e-15	3.27e-11	1.14e-07	7.14e-05	6.17e-03	9.94e-01	4.30e-05	0.00e+00
 2.13811e+15	1.86e-15	3.95e-11	1.32e-07	7.95e-05	6.55e-03	9.93e-01	4.05e-05	0.00e+00
 2.20994e+15	2.47e-15	5.02e-11	1.61e-07	9.13e-05	7.07e-03	9.93e-01	3.75e-05	0.00e+00
 2.28171e+15	3.23e-15	6.32e-11	1.94e-07	1.04e-04	7.62e-03	9.92e-01	3.48e-05	0.00e+00
 2.33769e+15	3.95e-15	7.51e-11	2.23e-07	1.15e-04	8.06e-03	9.92e-01	3.29e-05	0.00e+00
 2.39475e+15	4.84e-15	8.93e-11	2.57e-07	1.27e-04	8.53e-03	9.91e-01	3.11e-05	0.00e+00
 2.46892e+15	6.24e-15	1.11e-10	3.07e-07	1.44e-04	9.16e-03	9.91e-01	2.89e-05	0.00e+00
 2.54827e+15	8.10e-15	1.39e-10	3.69e-07	1.65e-04	9.87e-03	9.90e-01	2.68e-05	0.00e+00
 2.61798e+15	1.01e-14	1.68e-10	4.32e-07	1.84e-04	1.05e-02	9.89e-01	2.52e-05	0.00e+00
 2.69225e+15	1.27e-14	2.05e-10	5.09e-07	2.07e-04	1.13e-02	9.89e-01	2.35e-05	0.00e+00
 2.78880e+15	1.70e-14	2.63e-10	6.26e-07	2.40e-04	1.22e-02	9.88e-01	2.18e-05	0.00e+00
 2.88859e+15	2.26e-14	3.37e-10	7.69e-07	2.77e-04	1.33e-02	9.86e-01	2.01e-05	0.00e+00
 2.97198e+15	2.83e-14	4.12e-10	9.09e-07	3.12e-04	1.43e-02	9.85e-01	1.89e-05	0.00e+00
 3.05974e+15	3.59e-14	5.05e-10	1.08e-06	3.52e-04	1.53e-02	9.84e-01	1.76e-05	0.00e+00
 3.17155e+15	4.78e-14	6.50e-10	1.33e-06	4.09e-04	1.67e-02	9.83e-01	1.63e-05	0.00e+00
 3.28901e+15	6.37e-14	8.38e-10	1.65e-06	4.76e-04	1.82e-02	9.81e-01	1.50e-05	0.00e+00
 3.37849e+15	7.83e-14	1.01e-09	1.94e-06	5.32e-04	1.95e-02	9.80e-01	1.41e-05	0.00e+00
 3.44316e+15	9.08e-14	1.15e-09	2.17e-06	5.75e-04	2.04e-02	9.79e-01	1.35e-05	0.00e+00
 3.51318e+15	1.07e-13	1.33e-09	2.44e-06	6.25e-04	2.14e-02	9.78e-01	1.29e-05	0.00e+00
 3.60420e+15	1.31e-13	1.59e-09	2.85e-06	6.96e-04	2.28e-02	9.77e-01	1.22e-05	0.00e+00
 3.70412e+15	1.62e-13	1.93e-09	3.35e-06	7.80e-04	2.44e-02	9.75e-01	1.15e-05	0.00e+00
 3.79495e+15	1.95e-13	2.28e-09	3.88e-06	8.63e-04	2.58e-02	9.73e-01	1.09e-05	0.00e+00
 3.89237e+15	2.38e-13	2.73e-09	4.52e-06	9.59e-04	2.75e-02	9.72e-01	1.03e-05	0.00e+00
 4.00218e+15	2.96e-13	3.32e-09	5.34e-06	1.08e-03	2.94e-02	9.69e-01	9.72e-06	0.00e+00
 4.10503e+15	3.61e-13	3.96e-09	6.23e-06	1.20e-03	3.13e-02	9.67e-01	9.21e-06	0.00e+00
 4.20104e+15	4.31e-13	4.66e-09	7.16e-06	1.32e-03	3.31e-02	9.66e-01	8.77e-06	0.00e+00
 4.31124e+15	5.31e-13	5.61e-09	8.39e-06	1.47e-03	3.53e-02	9.63e-01	8.32e-06	0.00e+00
 4.43560e+15	6.64e-13	6.86e-09	9.98e-06	1.65e-03	3.79e-02	9.60e-01	7.85e-06	0.00e+00
 4.55353e+15	8.14e-13	8.26e-09	1.17e-05	1.84e-03	4.03e-02	9.58e-01	7.46e-06	0.00e+00
 4.68199e+15	1.02e-12	1.01e-08	1.39e-05	2.07e-03	4.32e-02	9.55e-01	7.06e-06	0.00e+00
 4.82527e+15	1.29e-12	1.25e-08	1.67e-05	2.35e-03	4.64e-02	9.51e-01	6.67e-06	0.00e+00
 4.95914e+15	1.60e-12	1.52e-08	1.98e-05	2.63e-03	4.96e-02	9.48e-01	6.34e-06	0.00e+00
 5.10451e+15	2.02e-12	1.87e-08	2.37e-05	2.97e-03	5.32e-02	9.44e-01	6.02e-06	0.00e+00
 5.29043e+15	2.69e-12	2.42e-08	2.96e-05	3.44e-03	5.80e-02	9.39e-01	5.66e-06	0.00e+00
 5.47628e+15	3.52e-12	3.10e-08	3.66e-05	3.97e-03	6.29e-02	9.33e-01	5.34e-06	0.00e+00
 5.62759e+15	4.39e-12	3.77e-08	4.33e-05	4.45e-03	6.71e-02	9.28e-01	5.11e-06	0.00e+00
 5.78675e+15	5.55e-12	4.64e-08	5.16e-05	5.00e-03	7.17e-02	9.23e-01	4.89e-06	0.00e+00
 5.95075e+15	6.97e-12	5.69e-08	6.14e-05	5.61e-03	7.66e-02	9.18e-01	4.68e-06	0.00e+00
 6.08416e+15	8.35e-12	6.69e-08	7.05e-05	6.15e-03	8.06e-02	9.13e-01	4.53e-06	0.00e+00
 6.22073e+15	1.01e-11	7.91e-08	8.11e-05	6.75e-03	8.50e-02	9.08e-01	4.39e-06	0.00e+00
 6.39826e+15	1.29e-11	9.79e-08	9.71e-05	7.60e-03	9.08e-02	9.01e-01	4.22e-06	0.00e+00
 6.58167e+15	1.62e-11	1.21e-07	1.16e-04	8.54e-03	9.69e-02	8.94e-01	4.07e-06	0.00e+00
 6.73185e+15	1.96e-11	1.42e-07	1.33e-04	9.36e-03	1.02e-01	8.89e-01	3.96e-06	0.00e+00
 6.88623e+15	2.39e-11	1.69e-07	1.54e-04	1.03e-02	1.07e-01	8.82e-01	3.85e-06	0.00e+00
 7.08693e+15	3.08e-11	2.11e-07	1.85e-04	1.16e-02	1.15e-01	8.73e-01	3.72e-06	0.00e+00
 7.29431e+15	3.92e-11	2.62e-07	2.22e-04	1.31e-02	1.22e-01	8.64e-01	3.61e-06	0.00e+00
 7.46509e+15	4.76e-11	3.11e-07	2.57e-04	1.44e-02	1.29e-01	8.57e-01	3.52e-06	0.00e+00
 7.64181e+15	5.87e-11	3.73e-07	2.98e-04	1.59e-02	1.36e-01	8.48e-01	3.44e-06	0.00e+00
 7.87155e+15	7.64e-11	4.69e-07	3.61e-04	1.80e-02	1.45e-01	8.37e-01	3.32e-06	0.00e+00
 8.10872e+15	9.82e-11	5.86e-07	4.35e-04	2.03e-02	1.54e-01	8.25e-01	3.22e-06	0.00e+00
 8.30571e+15	1.21e-10	7.02e-07	5.06e-04	2.24e-02	1.63e-01	8.15e-01	3.17e-06	0.00e+00
 8.51197e+15	1.51e-10	8.52e-07	5.93e-04	2.48e-02	1.71e-01	8.03e-01	3.10e-06	0.00e+00
 8.78011e+15	2.00e-10	1.09e-06	7.25e-04	2.82e-02	1.83e-01	7.88e-01	3.00e-06	0.00e+00
 9.05378e+15	2.60e-10	1.37e-06	8.79e-04	3.19e-02	1.95e-01	7.73e-01	2.91e-06	0.00e+00
 9.28045e+15	3.23e-10	1.65e-06	1.03e-03	3.53e-02	2.05e-01	7.59e-01	2.88e-06	0.00e+00
 9.52092e+15	4.10e-10	2.03e-06	1.22e-03	3.93e-02	2.15e-01	7.44e-01	2.81e-06	0.00e+00
 9.83354e+15	5.51e-10	2.62e-06	1.50e-03	4.48e-02	2.30e-01	7.24e-01	2.71e-06	0.00e+00
 1.01129e+16	6.93e-10	3.20e-06	1.78e-03	5.00e-02	2.41e-01	7.07e-01	2.65e-06	0.00e+00
 1.02972e+16	8.09e-10	3.67e-06	2.00e-03	5.38e-02	2.50e-01	6.95e-01	2.62e-06	0.00e+00
 1.04852e+16	9.60e-10	4.25e-06	2.26e-03	5.80e-02	2.58e-01	6.82e-01	2.58e-06	0.00e+00
 1.07296e+16	1.19e-09	5.13e-06	2.63e-03	6.37e-02	2.69e-01	6.64e-01	2.52e-06	0.00e+00
 1.09818e+16	1.46e-09	6.12e-06	3.05e-03	6.99e-02	2.80e-01	6.47e-01	2.45e-06	0.00e+00
 1.12099e+16	1.76e-09	7.20e-06	3.49e-03	7.59e-02	2.90e-01	6.31e-01	2.41e-06	0.00e+00
 1.14723e+16	2.20e-09	8.70e-06	4.07e-03	8.34e-02	3.01e-01	6.11e-01	2.33e-06	0.00e+00
 1.17452e+16	2.71e-09	1.05e-05	4.75e-03	9.15e-02	3.13e-01	5.91e-01	2.28e-06	0.00e+00
 1.19931e+16	3.29e-09	1.24e-05	5.45e-03	9.94e-02	3.23e-01	5.72e-01	2.22e-06	0.00e+00
 1.22764e+16	4.15e-09	1.50e-05	6.39e-03	1.09e-01	3.34e-01	5.50e-01	2.17e-06	0.00e+00
 1.25698e+16	5.12e-09	1.81e-05	7.45e-03	1.20e-01	3.45e-01	5.28e-01	2.09e-06	0.00e+00
 1.28299e+16	6.21e-09	2.13e-05	8.56e-03	1.30e-01	3.54e-01	5.08e-01	2.02e-06	0.00e+00
 1.31216e+16	7.85e-09	2.60e-05	1.00e-02	1.42e-01	3.64e-01	4.84e-01	1.97e-06	0.00e+00
 1.34297e+16	9.73e-09	3.13e-05	1.17e-02	1.55e-01	3.73e-01	4.60e-01	1.89e-06	0.00e+00
 1.37019e+16	1.18e-08	3.71e-05	1.35e-02	1.68e-01	3.80e-01	4.39e-01	1.82e-06	0.00e+00
 1.39988e+16	1.49e-08	4.50e-05	1.58e-02	1.82e-01	3.88e-01	4.14e-01	1.75e-06	0.00e+00
 1.43181e+16	1.88e-08	5.51e-05	1.86e-02	1.99e-01	3.94e-01	3.88e-01	1.69e-06	0.00e+00
 1.45990e+16	2.30e-08	6.52e-05	2.13e-02	2.14e-01	3.99e-01	3.66e-01	1.63e-06	0.00e+00
 1.48577e+16	2.78e-08	7.67e-05	2.43e-02	2.29e-01	4.02e-01	3.45e-01	1.57e-06	0.00e+00
 1.51084e+16	3.32e-08	8.91e-05	2.75e-02	2.44e-01	4.04e-01	3.25e-01	1.51e-06	0.00e+00
 1.53498e+16	3.98e-08	1.04e-04	3.11e-02	2.58e-01	4.05e-01	3.06e-01	1.45e-06	0.00e+00
 1.55897e+16	4.77e-08	1.21e-04	3.51e-02	2.74e-01	4.05e-01	2.86e-01	1.40e-06	0.00e+00
 1.58280e+16	5.74e-08	1.41e-04	3.97e-02	2.89e-01	4.03e-01	2.68e-01	1.35e-06	0.00e+00
 1.60628e+16	6.89e-08	1.64e-04	4.47e-02	3.05e-01	4.01e-01	2.49e-01	1.29e-06	0.00e+00
 1.62930e+16	8.38e-08	1.92e-04	5.05e-02	3.22e-01	3.97e-01	2.30e-01	1.25e-06	0.00e+00
 1.65081e+16	9.84e-08	2.20e-04	5.63e-02	3.37e-01	3.92e-01	2.15e-01	1.20e-06	0.00e+00
 1.67407e+16	1.16e-07	2.53e-04	6.34e-02	3.53e-01	3.86e-01	1.97e-01	1.15e-06	0.00e+00
 1.69889e+16	1.48e-07	3.06e-04	7.25e-02	3.72e-01	3.77e-01	1.78e-01	1.09e-06	0.00e+00
 1.71937e+16	1.79e-07	3.57e-04	8.11e-02	3.87e-01	3.69e-01	1.63e-01	1.05e-06	0.00e+00
 1.73609e+16	2.08e-07	4.03e-04	8.88e-02	3.99e-01	3.61e-01	1.51e-01	1.02e-06	0.00e+00
 1.75431e+16	2.36e-07	4.50e-04	9.76e-02	4.12e-01	3.51e-01	1.38e-01	9.75e-07	0.00e+00
 1.77801e+16	2.91e-07	5.33e-04	1.11e-01	4.29e-01	3.37e-01	1.22e-01	0.00e+00	0.00e+00
 1.80120e+16	3.62e-07	6.35e-04	1.26e-01	4.45e-01	3.21e-01	1.07e-01	0.00e+00	0.00e+00
 1.81800e+16	4.52e-07	7.51e-04	1.40e-01	4.56e-01	3.08e-01	9.53e-02	0.00e+00	0.00e+00
 1.83097e+16	5.06e-07	8.24e-04	1.50e-01	4.64e-01	2.98e-01	8.74e-02	0.00e+00	0.00e+00
 1.84470e+16	6.23e-07	9.63e-04	1.64e-01	4.73e-01	2.85e-01	7.76e-02	0.00e+00	0.00e+00
 1.85896e+16	7.10e-07	1.07e-03	1.77e-01	4.80e-01	2.72e-01	6.99e-02	0.00e+00	0.00e+00
 1.87390e+16	8.13e-07	1.19e-03	1.93e-01	4.87e-01	2.57e-01	6.20e-02	0.00e+00	0.00e+00
 1.89054e+16	9.75e-07	1.37e-03	2.12e-01	4.93e-01	2.40e-01	5.34e-02	0.00e+00	0.00e+00
 1.90531e+16	1.17e-06	1.58e-03	2.31e-01	4.98e-01	2.24e-01	4.59e-02	0.00e+00	0.00e+00
 1.91724e+16	1.43e-06	1.84e-03	2.49e-01	5.00e-01	2.10e-01	3.96e-02	0.00e+00	0.00e+00
 1.92685e+16	1.63e-06	2.03e-03	2.64e-01	5.01e-01	1.98e-01	3.52e-02	0.00e+00	0.00e+00
 1.93660e+16	1.87e-06	2.25e-03	2.80e-01	5.01e-01	1.86e-01	3.09e-02	0.00e+00	0.00e+00
 1.94635e+16	2.07e-06	2.43e-03	2.95e-01	5.00e-01	1.75e-01	2.74e-02	0.00e+00	0.00e+00
 1.95461e+16	2.44e-06	2.74e-03	3.11e-01	4.98e-01	1.64e-01	2.39e-02	0.00e+00	0.00e+00
 1.96131e+16	2.68e-06	2.94e-03	3.23e-01	4.96e-01	1.56e-01	2.16e-02	0.00e+00	0.00e+00
 1.96750e+16	2.85e-06	3.09e-03	3.34e-01	4.95e-01	1.49e-01	1.97e-02	0.00e+00	0.00e+00
 1.97555e+16	3.18e-06	3.35e-03	3.49e-01	4.92e-01	1.39e-01	1.73e-02	0.00e+00	0.00e+00
 1.98417e+16	3.62e-06	3.68e-03	3.66e-01	4.88e-01	1.28e-01	1.49e-02	0.00e+00	0.00e+00
 1.99136e+16	4.21e-06	4.11e-03	3.82e-01	4.82e-01	1.19e-01	1.28e-02	0.00e+00	0.00e+00
 1.99671e+16	4.60e-06	4.38e-03	3.94e-01	4.78e-01	1.12e-01	1.15e-02	0.00e+00	0.00e+00
 2.00183e+16	5.02e-06	4.67e-03	4.05e-01	4.74e-01	1.06e-01	1.03e-02	0.00e+00	0.00e+00
 2.00848e+16	5.62e-06	5.08e-03	4.20e-01	4.68e-01	9.82e-02	8.86e-03	0.00e+00	0.00e+00
 2.01558e+16	6.17e-06	5.43e-03	4.34e-01	4.62e-01	9.07e-02	7.66e-03	0.00e+00	0.00e+00
 2.02328e+16	7.27e-06	6.11e-03	4.53e-01	4.53e-01	8.16e-02	6.25e-03	0.00e+00	0.00e+00
 2.03038e+16	8.03e-06	6.57e-03	4.68e-01	4.45e-01	7.47e-02	5.31e-03	0.00e+00	0.00e+00
 2.03582e+16	8.90e-06	7.08e-03	4.81e-01	4.38e-01	6.91e-02	4.58e-03	0.00e+00	0.00e+00
 2.04202e+16	1.04e-05	7.89e-03	4.98e-01	4.28e-01	6.23e-02	3.75e-03	0.00e+00	0.00e+00
 2.04810e+16	1.13e-05	8.36e-03	5.10e-01	4.21e-01	5.73e-02	3.23e-03	0.00e+00	0.00e+00
 2.05400e+16	1.26e-05	9.06e-03	5.24e-01	4.12e-01	5.20e-02	2.70e-03	0.00e+00	0.00e+00
 2.06068e+16	1.43e-05	9.92e-03	5.40e-01	4.02e-01	4.65e-02	2.19e-03	0.00e+00	0.00e+00
 2.06701e+16	1.63e-05	1.09e-02	5.55e-01	3.91e-01	4.16e-02	1.78e-03	0.00e+00	0.00e+00
 2.07283e+16	1.84e-05	1.18e-02	5.69e-01	3.81e-01	3.73e-02	1.46e-03	0.00e+00	0.00e+00
 2.07935e+16	2.17e-05	1.33e-02	5.86e-01	3.67e-01	3.25e-02	1.13e-03	0.00e+00	0.00e+00
 2.08594e+16	2.47e-05	1.46e-02	6.00e-01	3.56e-01	2.87e-02	8.94e-04	0.00e+00	0.00e+00
 2.09080e+16	2.75e-05	1.57e-02	6.11e-01	3.46e-01	2.60e-02	7.44e-04	0.00e+00	0.00e+00
 2.09444e+16	2.97e-05	1.66e-02	6.19e-01	3.39e-01	2.41e-02	6.48e-04	0.00e+00	0.00e+00
 2.09830e+16	3.17e-05	1.73e-02	6.27e-01	3.33e-01	2.23e-02	5.64e-04	0.00e+00	0.00e+00
 2.10332e+16	3.60e-05	1.89e-02	6.39e-01	3.22e-01	1.98e-02	4.54e-04	0.00e+00	0.00e+00
 2.10832e+16	4.01e-05	2.04e-02	6.49e-01	3.12e-01	1.78e-02	3.73e-04	0.00e+00	0.00e+00
 2.11248e+16	4.32e-05	2.15e-02	6.57e-01	3.05e-01	1.63e-02	3.19e-04	0.00e+00	0.00e+00
 2.11707e+16	4.77e-05	2.30e-02	6.66e-01	2.96e-01	1.47e-02	2.63e-04	0.00e+00	0.00e+00
 2.12304e+16	5.54e-05	2.55e-02	6.79e-01	2.83e-01	1.26e-02	2.00e-04	0.00e+00	0.00e+00
 2.12874e+16	6.27e-05	2.78e-02	6.89e-01	2.72e-01	1.11e-02	1.58e-04	0.00e+00	0.00e+00
 2.13307e+16	6.93e-05	2.97e-02	6.96e-01	2.64e-01	9.97e-03	1.31e-04	0.00e+00	0.00e+00
 2.13771e+16	7.60e-05	3.17e-02	7.04e-01	2.55e-01	8.93e-03	1.07e-04	0.00e+00	0.00e+00
 2.14375e+16	8.80e-05	3.50e-02	7.15e-01	2.43e-01	7.62e-03	8.06e-05	0.00e+00	0.00e+00
 2.14968e+16	1.01e-04	3.85e-02	7.24e-01	2.31e-01	6.56e-03	6.18e-05	0.00e+00	0.00e+00
 2.15424e+16	1.13e-04	4.14e-02	7.30e-01	2.22e-01	5.83e-03	5.01e-05	0.00e+00	0.00e+00
 2.15892e+16	1.25e-04	4.45e-02	7.37e-01	2.13e-01	5.16e-03	4.03e-05	0.00e+00	0.00e+00
 2.16501e+16	1.44e-04	4.91e-02	7.45e-01	2.02e-01	4.38e-03	3.02e-05	0.00e+00	0.00e+00
 2.17119e+16	1.67e-04	5.42e-02	7.52e-01	1.90e-01	3.71e-03	2.26e-05	0.00e+00	0.00e+00
 2.17604e+16	1.87e-04	5.85e-02	7.56e-01	1.82e-01	3.26e-03	1.80e-05	0.00e+00	0.00e+00
 2.18091e+16	2.12e-04	6.36e-02	7.61e-01	1.72e-01	2.82e-03	1.41e-05	0.00e+00	0.00e+00
 2.18626e+16	2.41e-04	6.92e-02	7.65e-01	1.63e-01	2.44e-03	1.09e-05	0.00e+00	0.00e+00
 2.19138e+16	2.75e-04	7.58e-02	7.69e-01	1.53e-01	2.09e-03	8.40e-06	0.00e+00	0.00e+00
 2.19613e+16	3.12e-04	8.23e-02	7.71e-01	1.45e-01	1.81e-03	6.60e-06	0.00e+00	0.00e+00
 2.20124e+16	3.53e-04	8.94e-02	7.72e-01	1.36e-01	1.56e-03	5.12e-06	0.00e+00	0.00e+00
 2.20787e+16	4.20e-04	1.00e-01	7.73e-01	1.25e-01	1.26e-03	3.59e-06	0.00e+00	0.00e+00
 2.21418e+16	4.99e-04	1.12e-01	7.71e-01	1.15e-01	1.03e-03	2.59e-06	0.00e+00	0.00e+00
 2.21859e+16	5.70e-04	1.23e-01	7.69e-01	1.07e-01	8.87e-04	2.02e-06	0.00e+00	0.00e+00
 2.22223e+16	6.31e-04	1.31e-01	7.66e-01	1.01e-01	7.83e-04	1.65e-06	0.00e+00	0.00e+00
 2.22631e+16	7.07e-04	1.41e-01	7.63e-01	9.44e-02	6.78e-04	1.31e-06	0.00e+00	0.00e+00
 2.23162e+16	8.22e-04	1.56e-01	7.56e-01	8.63e-02	5.60e-04	9.63e-07	0.00e+00	0.00e+00
 2.23723e+16	9.75e-04	1.74e-01	7.47e-01	7.77e-02	4.52e-04	0.00e+00	0.00e+00	0.00e+00
 2.24186e+16	1.13e-03	1.91e-01	7.37e-01	7.07e-02	3.76e-04	0.00e+00	0.00e+00	0.00e+00
 2.24576e+16	1.28e-03	2.07e-01	7.27e-01	6.52e-02	3.21e-04	0.00e+00	0.00e+00	0.00e+00
 2.25009e+16	1.46e-03	2.25e-01	7.14e-01	5.90e-02	2.66e-04	0.00e+00	0.00e+00	0.00e+00
 2.25573e+16	1.75e-03	2.52e-01	6.95e-01	5.15e-02	2.07e-04	0.00e+00	0.00e+00	0.00e+00
 2.26148e+16	2.14e-03	2.85e-01	6.69e-01	4.40e-02	1.56e-04	0.00e+00	0.00e+00	0.00e+00
 2.26597e+16	2.51e-03	3.14e-01	6.45e-01	3.83e-02	1.23e-04	0.00e+00	0.00e+00	0.00e+00
 2.26978e+16	2.88e-03	3.41e-01	6.22e-01	3.38e-02	9.97e-05	0.00e+00	0.00e+00	0.00e+00
 2.27413e+16	3.36e-03	3.73e-01	5.94e-01	2.91e-02	7.78e-05	0.00e+00	0.00e+00	0.00e+00
 2.27977e+16	4.12e-03	4.19e-01	5.53e-01	2.34e-02	5.45e-05	0.00e+00	0.00e+00	0.00e+00
 2.28543e+16	5.16e-03	4.74e-01	5.02e-01	1.80e-02	3.63e-05	0.00e+00	0.00e+00	0.00e+00
 2.28958e+16	6.13e-03	5.20e-01	4.60e-01	1.44e-02	2.60e-05	0.00e+00	0.00e+00	0.00e+00
 2.29268e+16	6.97e-03	5.54e-01	4.27e-01	1.20e-02	1.99e-05	0.00e+00	0.00e+00	0.00e+00
 2.29596e+16	7.94e-03	5.91e-01	3.92e-01	9.80e-03	1.48e-05	0.00e+00	0.00e+00	0.00e+00
 2.30022e+16	9.39e-03	6.38e-01	3.45e-01	7.36e-03	9.80e-06	0.00e+00	0.00e+00	0.00e+00
 2.30453e+16	1.13e-02	6.91e-01	2.93e-01	5.19e-03	6.02e-06	0.00e+00	0.00e+00	0.00e+00
 2.30770e+16	1.31e-02	7.31e-01	2.52e-01	3.84e-03	3.98e-06	0.00e+00	0.00e+00	0.00e+00
 2.31000e+16	1.46e-02	7.58e-01	2.25e-01	3.05e-03	2.91e-06	0.00e+00	0.00e+00	0.00e+00
 2.31239e+16	1.61e-02	7.83e-01	1.98e-01	2.37e-03	2.08e-06	0.00e+00	0.00e+00	0.00e+00
 2.31550e+16	1.84e-02	8.14e-01	1.66e-01	1.68e-03	1.32e-06	0.00e+00	0.00e+00	0.00e+00
 2.31878e+16	2.14e-02	8.45e-01	1.33e-01	1.10e-03	7.61e-07	0.00e+00	0.00e+00	0.00e+00
 2.32137e+16	2.44e-02	8.67e-01	1.08e-01	7.48e-04	0.00e+00	0.00e+00	0.00e+00	0.00e+00
 2.32334e+16	2.69e-02	8.81e-01	9.11e-02	5.49e-04	0.00e+00	0.00e+00	0.00e+00	0.00e+00
 2.32540e+16	2.96e-02	8.94e-01	7.62e-02	3.95e-04	0.00e+00	0.00e+00	0.00e+00	0.00e+00
 2.32806e+16	3.37e-02	9.07e-01	5.95e-02	2.51e-04	0.00e+00	0.00e+00	0.00e+00	0.00e+00
 2.33075e+16	3.87e-02	9.17e-01	4.45e-02	1.50e-04	0.00e+00	0.00e+00	0.00e+00	0.00e+00
 2.33270e+16	4.31e-02	9.22e-01	3.50e-02	9.81e-05	0.00e+00	0.00e+00	0.00e+00	0.00e+00
 2.33414e+16	4.67e-02	9.24e-01	2.93e-02	7.17e-05	0.00e+00	0.00e+00	0.00e+00	0.00e+00
 2.33564e+16	5.06e-02	9.25e-01	2.43e-02	5.14e-05	0.00e+00	0.00e+00	0.00e+00	0.00e+00
 2.33759e+16	5.60e-02	9.25e-01	1.89e-02	3.29e-05	0.00e+00	0.00e+00	0.00e+00	0.00e+00
 2.33959e+16	6.27e-02	9.23e-01	1.42e-02	2.00e-05	0.00e+00	0.00e+00	0.00e+00	0.00e+00
 2.34115e+16	6.85e-02	9.20e-01	1.11e-02	1.33e-05	0.00e+00	0.00e+00	0.00e+00	0.00e+00
 2.34238e+16	7.33e-02	9.18e-01	9.20e-03	9.60e-06	0.00e+00	0.00e+00	0.00e+00	0.00e+00
 2.34355e+16	7.81e-02	9.14e-01	7.66e-03	7.03e-06	0.00e+00	0.00e+00	0.00e+00	0.00e+00
 2.34477e+16	8.34e-02	9.10e-01	6.30e-03	5.05e-06	0.00e+00	0.00e+00	0.00e+00	0.00e+00
 2.34601e+16	8.92e-02	9.06e-01	5.13e-03	3.60e-06	0.00e+00	0.00e+00	0.00e+00	0.00e+00
 2.34715e+16	9.45e-02	9.01e-01	4.25e-03	2.64e-06	0.00e+00	0.00e+00	0.00e+00	0.00e+00
 2.34815e+16	9.95e-02	8.97e-01	3.59e-03	2.02e-06	0.00e+00	0.00e+00	0.00e+00	0.00e+00
 2.34890e+16	1.03e-01	8.94e-01	3.15e-03	1.66e-06	0.00e+00	0.00e+00	0.00e+00	0.00e+00
 2.34940e+16	1.06e-01	8.91e-01	2.90e-03	1.45e-06	0.00e+00	0.00e+00	0.00e+00	0.00e+00
 2.34988e+16	1.08e-01	8.89e-01	2.67e-03	1.28e-06	0.00e+00	0.00e+00	0.00e+00	0.00e+00
 2.35047e+16	1.11e-01	8.87e-01	2.42e-03	1.11e-06	0.00e+00	0.00e+00	0.00e+00	0.00e+00
 2.35112e+16	1.14e-01	8.83e-01	2.17e-03	9.42e-07	0.00e+00	0.00e+00	0.00e+00	0.00e+00
 2.35175e+16	1.18e-01	8.80e-01	1.95e-03	0.00e+00	0.00e+00	0.00e+00	0.00e+00	0.00e+00
 2.35234e+16	1.21e-01	8.78e-01	1.77e-03	0.00e+00	0.00e+00	0.00e+00	0.00e+00	0.00e+00
 2.35293e+16	1.24e-01	8.75e-01	1.60e-03	0.00e+00	0.00e+00	0.00e+00	0.00e+00	0.00e+00
 2.35355e+16	1.27e-01	8.72e-01	1.45e-03	0.00e+00	0.00e+00	0.00e+00	0.00e+00	0.00e+00
 2.35418e+16	1.30e-01	8.69e-01	1.30e-03	0.00e+00	0.00e+00	0.00e+00	0.00e+00	0.00e+00
 2.35482e+16	1.33e-01	8.66e-01	1.18e-03	0.00e+00	0.00e+00	0.00e+00	0.00e+00	0.00e+00
 2.35546e+16	1.36e-01	8.63e-01	1.07e-03	0.00e+00	0.00e+00	0.00e+00	0.00e+00	0.00e+00
 2.35612e+16	1.40e-01	8.59e-01	9.62e-04	0.00e+00	0.00e+00	0.00e+00	0.00e+00	0.00e+00
 2.35680e+16	1.43e-01	8.56e-01	8.67e-04	0.00e+00	0.00e+00	0.00e+00	0.00e+00	0.00e+00
 2.35750e+16	1.46e-01	8.53e-01	7.82e-04	0.00e+00	0.00e+00	0.00e+00	0.00e+00	0.00e+00
 2.35822e+16	1.49e-01	8.50e-01	7.06e-04	0.00e+00	0.00e+00	0.00e+00	0.00e+00	0.00e+00
 2.35897e+16	1.53e-01	8.47e-01	6.37e-04	0.00e+00	0.00e+00	0.00e+00	0.00e+00	0.00e+00
 2.35978e+16	1.56e-01	8.44e-01	5.74e-04	0.00e+00	0.00e+00	0.00e+00	0.00e+00	0.00e+00
 2.36062e+16	1.59e-01	8.40e-01	5.18e-04	0.00e+00	0.00e+00	0.00e+00	0.00e+00	0.00e+00
 2.36150e+16	1.63e-01	8.37e-01	4.68e-04	0.00e+00	0.00e+00	0.00e+00	0.00e+00	0.00e+00
 2.36247e+16	1.66e-01	8.33e-01	4.22e-04	0.00e+00	0.00e+00	0.00e+00	0.00e+00	0.00e+00
 2.36352e+16	1.70e-01	8.30e-01	3.82e-04	0.00e+00	0.00e+00	0.00e+00	0.00e+00	0.00e+00
 2.36466e+16	1.73e-01	8.27e-01	3.47e-04	0.00e+00	0.00e+00	0.00e+00	0.00e+00	0.00e+00
 2.36590e+16	1.76e-01	8.23e-01	3.16e-04	0.00e+00	0.00e+00	0.00e+00	0.00e+00	0.00e+00
 2.36731e+16	1.80e-01	8.20e-01	2.90e-04	0.00e+00	0.00e+00	0.00e+00	0.00e+00	0.00e+00
 2.36881e+16	1.83e-01	8.17e-01	2.69e-04	0.00e+00	0.00e+00	0.00e+00	0.00e+00	0.00e+00
 2.37029e+16	1.86e-01	8.14e-01	2.53e-04	0.00e+00	0.00e+00	0.00e+00	0.00e+00	0.00e+00
 2.37173e+16	1.88e-01	8.12e-01	2.41e-04	0.00e+00	0.00e+00	0.00e+00	0.00e+00	0.00e+00
 2.37316e+16	1.90e-01	8.10e-01	2.32e-04	0.00e+00	0.00e+00	0.00e+00	0.00e+00	0.00e+00
 2.37479e+16	1.92e-01	8.08e-01	2.23e-04	0.00e+00	0.00e+00	0.00e+00	0.00e+00	0.00e+00
