#depth	C	C+	C+2	C+3	C+4	C+5	C+6	C[1]	C[2]	C[3]	C+[1]	C+[2]	CO
 1.49634e+10	0.00e+00	2.08e-28	1.32e-19	2.46e-11	1.57e-02	9.27e-01	5.74e-02	0.00e+00	0.00e+00	0.00e+00	0.00e+00	0.00e+00	0.00e+00
 4.54887e+10	4.36e-38	3.00e-28	1.75e-19	2.98e-11	1.74e-02	9.30e-01	5.27e-02	0.00e+00	0.00e+00	0.00e+00	0.00e+00	0.00e+00	1.83e-124
 7.72350e+10	0.00e+00	4.34e-28	2.32e-19	3.61e-11	1.93e-02	9.32e-01	4.83e-02	0.00e+00	0.00e+00	0.00e+00	0.00e+00	0.00e+00	0.00e+00
 1.10251e+11	1.09e-37	6.28e-28	3.07e-19	4.37e-11	2.14e-02	9.34e-01	4.43e-02	0.00e+00	0.00e+00	0.00e+00	0.00e+00	0.00e+00	2.05e-123
 1.42710e+11	0.00e+00	8.91e-28	4.02e-19	5.24e-11	2.35e-02	9.36e-01	4.07e-02	0.00e+00	0.00e+00	0.00e+00	0.00e+00	0.00e+00	0.00e+00
 1.73951e+11	2.52e-37	1.23e-27	5.16e-19	6.20e-11	2.57e-02	9.37e-01	3.76e-02	0.00e+00	0.00e+00	0.00e+00	0.00e+00	0.00e+00	1.88e-122
 2.08320e+11	0.00e+00	1.75e-27	6.73e-19	7.43e-11	2.83e-02	9.37e-01	3.46e-02	0.00e+00	0.00e+00	0.00e+00	0.00e+00	0.00e+00	0.00e+00
 2.46580e+11	6.16e-37	2.53e-27	8.95e-19	9.00e-11	3.12e-02	9.37e-01	3.16e-02	0.00e+00	0.00e+00	0.00e+00	0.00e+00	0.00e+00	1.97e-121
 2.85192e+11	0.00e+00	3.64e-27	1.18e-18	1.09e-10	3.44e-02	9.37e-01	2.89e-02	0.00e+00	0.00e+00	0.00e+00	0.00e+00	0.00e+00	0.00e+00
 3.25349e+11	1.52e-36	5.24e-27	1.56e-18	1.31e-10	3.80e-02	9.36e-01	2.63e-02	0.00e+00	0.00e+00	0.00e+00	0.00e+00	0.00e+00	2.11e-120
 3.66769e+11	0.00e+00	7.52e-27	2.06e-18	1.58e-10	4.18e-02	9.34e-01	2.40e-02	0.00e+00	0.00e+00	0.00e+00	0.00e+00	0.00e+00	0.00e+00
 4.07434e+11	3.64e-36	1.06e-26	2.68e-18	1.89e-10	4.58e-02	9.32e-01	2.20e-02	0.00e+00	0.00e+00	0.00e+00	0.00e+00	0.00e+00	2.09e-119
 4.51246e+11	0.00e+00	1.51e-26	3.52e-18	2.27e-10	5.03e-02	9.30e-01	2.01e-02	0.00e+00	0.00e+00	0.00e+00	0.00e+00	0.00e+00	0.00e+00
 4.99222e+11	9.04e-36	2.20e-26	4.70e-18	2.75e-10	5.55e-02	9.26e-01	1.82e-02	0.00e+00	0.00e+00	0.00e+00	0.00e+00	0.00e+00	2.27e-118
 5.49118e+11	0.00e+00	3.21e-26	6.28e-18	3.34e-10	6.13e-02	9.22e-01	1.65e-02	0.00e+00	0.00e+00	0.00e+00	0.00e+00	0.00e+00	0.00e+00
 6.01009e+11	2.30e-35	4.67e-26	8.39e-18	4.06e-10	6.75e-02	9.18e-01	1.49e-02	0.00e+00	0.00e+00	0.00e+00	0.00e+00	0.00e+00	2.62e-117
 6.54977e+11	0.00e+00	6.81e-26	1.12e-17	4.93e-10	7.44e-02	9.12e-01	1.34e-02	0.00e+00	0.00e+00	0.00e+00	0.00e+00	0.00e+00	3.36e-100
 7.03772e+11	5.50e-35	9.45e-26	1.44e-17	5.85e-10	8.10e-02	9.07e-01	1.23e-02	0.00e+00	0.00e+00	0.00e+00	0.00e+00	0.00e+00	0.00e+00
 7.44403e+11	7.63e-35	1.23e-25	1.77e-17	6.70e-10	8.66e-02	9.02e-01	1.14e-02	0.00e+00	0.00e+00	0.00e+00	0.00e+00	0.00e+00	6.07e-116
 7.88903e+11	1.08e-34	1.63e-25	2.20e-17	7.75e-10	9.30e-02	8.96e-01	1.05e-02	0.00e+00	0.00e+00	0.00e+00	0.00e+00	0.00e+00	8.99e-98
 8.45299e+11	1.65e-34	2.29e-25	2.87e-17	9.25e-10	1.01e-01	8.89e-01	9.54e-03	0.00e+00	0.00e+00	0.00e+00	0.00e+00	0.00e+00	0.00e+00
 9.04155e+11	2.53e-34	3.23e-25	3.74e-17	1.11e-09	1.11e-01	8.81e-01	8.63e-03	0.00e+00	0.00e+00	0.00e+00	0.00e+00	0.00e+00	1.40e-114
 9.54073e+11	3.58e-34	4.29e-25	4.65e-17	1.28e-09	1.19e-01	8.73e-01	7.94e-03	0.00e+00	0.00e+00	0.00e+00	0.00e+00	0.00e+00	1.24e-96
 1.00538e+12	5.06e-34	5.66e-25	5.78e-17	1.48e-09	1.27e-01	8.66e-01	7.30e-03	0.00e+00	0.00e+00	0.00e+00	0.00e+00	0.00e+00	0.00e+00
 1.07003e+12	7.69e-34	7.94e-25	7.52e-17	1.76e-09	1.38e-01	8.55e-01	6.58e-03	0.00e+00	0.00e+00	0.00e+00	0.00e+00	0.00e+00	2.60e-113
 1.13572e+12	1.16e-33	1.11e-24	9.73e-17	2.09e-09	1.50e-01	8.44e-01	5.94e-03	0.00e+00	0.00e+00	0.00e+00	0.00e+00	0.00e+00	1.60e-95
 1.19201e+12	1.62e-33	1.45e-24	1.20e-16	2.41e-09	1.60e-01	8.34e-01	5.45e-03	0.00e+00	0.00e+00	0.00e+00	0.00e+00	0.00e+00	1.84e-112
 1.25235e+12	2.29e-33	1.92e-24	1.49e-16	2.79e-09	1.71e-01	8.24e-01	4.98e-03	0.00e+00	0.00e+00	0.00e+00	0.00e+00	0.00e+00	7.08e-95
 1.32714e+12	3.45e-33	2.68e-24	1.94e-16	3.32e-09	1.85e-01	8.10e-01	4.46e-03	0.00e+00	0.00e+00	0.00e+00	0.00e+00	0.00e+00	1.37e-111
 1.40389e+12	5.16e-33	3.71e-24	2.50e-16	3.93e-09	2.00e-01	7.96e-01	4.00e-03	0.00e+00	0.00e+00	0.00e+00	0.00e+00	0.00e+00	4.18e-94
 1.47286e+12	7.30e-33	4.92e-24	3.12e-16	4.55e-09	2.14e-01	7.83e-01	3.63e-03	0.00e+00	0.00e+00	0.00e+00	0.00e+00	0.00e+00	1.01e-110
 1.54858e+12	1.05e-32	6.60e-24	3.92e-16	5.30e-09	2.29e-01	7.68e-01	3.28e-03	0.00e+00	0.00e+00	0.00e+00	0.00e+00	0.00e+00	1.98e-93
 1.63817e+12	1.59e-32	9.22e-24	5.09e-16	6.30e-09	2.47e-01	7.50e-01	2.91e-03	0.00e+00	0.00e+00	0.00e+00	0.00e+00	0.00e+00	8.07e-110
 1.72798e+12	2.35e-32	1.27e-23	6.53e-16	7.42e-09	2.65e-01	7.33e-01	2.59e-03	0.00e+00	0.00e+00	0.00e+00	0.00e+00	0.00e+00	1.15e-92
 1.81306e+12	3.34e-32	1.69e-23	8.18e-16	8.61e-09	2.82e-01	7.16e-01	2.32e-03	0.00e+00	0.00e+00	0.00e+00	0.00e+00	0.00e+00	6.08e-109
 1.90720e+12	4.86e-32	2.29e-23	1.04e-15	1.01e-08	3.01e-01	6.97e-01	2.07e-03	0.00e+00	0.00e+00	0.00e+00	0.00e+00	0.00e+00	5.74e-92
 2.01341e+12	7.25e-32	3.16e-23	1.34e-15	1.19e-08	3.22e-01	6.76e-01	1.82e-03	0.00e+00	0.00e+00	0.00e+00	0.00e+00	0.00e+00	5.06e-108
 2.11938e+12	1.06e-31	4.30e-23	1.70e-15	1.39e-08	3.44e-01	6.55e-01	1.61e-03	0.00e+00	0.00e+00	0.00e+00	0.00e+00	0.00e+00	3.25e-91
 2.21294e+12	1.46e-31	5.58e-23	2.08e-15	1.59e-08	3.62e-01	6.37e-01	1.45e-03	0.00e+00	0.00e+00	0.00e+00	0.00e+00	0.00e+00	3.50e-107
 2.29135e+12	1.89e-31	6.87e-23	2.45e-15	1.76e-08	3.77e-01	6.22e-01	1.32e-03	0.00e+00	0.00e+00	0.00e+00	0.00e+00	0.00e+00	1.18e-90
 2.37569e+12	2.47e-31	8.53e-23	2.89e-15	1.96e-08	3.93e-01	6.06e-01	1.21e-03	0.00e+00	0.00e+00	0.00e+00	0.00e+00	0.00e+00	1.51e-106
 2.48533e+12	3.44e-31	1.12e-22	3.57e-15	2.25e-08	4.14e-01	5.85e-01	1.07e-03	0.00e+00	0.00e+00	0.00e+00	0.00e+00	0.00e+00	4.59e-90
 2.60006e+12	4.81e-31	1.46e-22	4.40e-15	2.57e-08	4.35e-01	5.64e-01	9.51e-04	0.00e+00	0.00e+00	0.00e+00	0.00e+00	0.00e+00	9.93e-106
 2.69794e+12	6.31e-31	1.82e-22	5.22e-15	2.87e-08	4.52e-01	5.47e-01	8.60e-04	0.00e+00	0.00e+00	0.00e+00	0.00e+00	0.00e+00	1.82e-89
 2.80173e+12	8.33e-31	2.28e-22	6.21e-15	3.21e-08	4.70e-01	5.29e-01	7.75e-04	0.00e+00	0.00e+00	0.00e+00	0.00e+00	0.00e+00	4.77e-105
 2.93256e+12	1.16e-30	2.99e-22	7.66e-15	3.66e-08	4.92e-01	5.07e-01	6.81e-04	0.00e+00	0.00e+00	0.00e+00	0.00e+00	0.00e+00	7.42e-89
 3.06735e+12	1.62e-30	3.90e-22	9.41e-15	4.17e-08	5.14e-01	4.86e-01	5.99e-04	0.00e+00	0.00e+00	0.00e+00	0.00e+00	0.00e+00	3.24e-104
 3.18568e+12	2.13e-30	4.87e-22	1.12e-14	4.65e-08	5.32e-01	4.67e-01	5.36e-04	0.00e+00	0.00e+00	0.00e+00	0.00e+00	0.00e+00	3.01e-88
 3.31386e+12	2.84e-30	6.14e-22	1.34e-14	5.20e-08	5.51e-01	4.48e-01	4.76e-04	0.00e+00	0.00e+00	0.00e+00	0.00e+00	0.00e+00	1.68e-103
 3.45581e+12	3.86e-30	7.84e-22	1.61e-14	5.85e-08	5.72e-01	4.28e-01	4.19e-04	0.00e+00	0.00e+00	0.00e+00	0.00e+00	0.00e+00	1.20e-87
 3.58728e+12	5.06e-30	9.75e-22	1.91e-14	6.50e-08	5.89e-01	4.10e-01	3.74e-04	0.00e+00	0.00e+00	0.00e+00	0.00e+00	0.00e+00	9.19e-103
 3.72980e+12	6.71e-30	1.22e-21	2.27e-14	7.23e-08	6.08e-01	3.92e-01	3.31e-04	0.00e+00	0.00e+00	0.00e+00	0.00e+00	0.00e+00	4.45e-87
 3.88835e+12	9.05e-30	1.56e-21	2.73e-14	8.10e-08	6.27e-01	3.72e-01	2.90e-04	0.00e+00	0.00e+00	0.00e+00	0.00e+00	0.00e+00	5.22e-102
 4.03635e+12	1.19e-29	1.93e-21	3.22e-14	8.96e-08	6.44e-01	3.55e-01	2.57e-04	0.00e+00	0.00e+00	0.00e+00	0.00e+00	0.00e+00	1.73e-86
 4.19734e+12	1.57e-29	2.42e-21	3.82e-14	9.95e-08	6.62e-01	3.38e-01	2.26e-04	0.00e+00	0.00e+00	0.00e+00	0.00e+00	0.00e+00	2.75e-101
 4.37639e+12	2.12e-29	3.07e-21	4.58e-14	1.11e-07	6.80e-01	3.19e-01	1.97e-04	0.00e+00	0.00e+00	0.00e+00	0.00e+00	0.00e+00	7.00e-86
 4.54375e+12	2.77e-29	3.80e-21	5.39e-14	1.23e-07	6.96e-01	3.03e-01	1.74e-04	0.00e+00	0.00e+00	0.00e+00	0.00e+00	0.00e+00	1.55e-100
 4.72617e+12	3.67e-29	4.76e-21	6.38e-14	1.36e-07	7.13e-01	2.87e-01	1.52e-04	0.00e+00	0.00e+00	0.00e+00	0.00e+00	0.00e+00	2.68e-85
 4.92989e+12	4.94e-29	6.04e-21	7.64e-14	1.51e-07	7.30e-01	2.70e-01	1.32e-04	0.00e+00	0.00e+00	0.00e+00	0.00e+00	0.00e+00	9.29e-100
 5.12168e+12	6.49e-29	7.50e-21	8.99e-14	1.66e-07	7.45e-01	2.55e-01	1.15e-04	0.00e+00	0.00e+00	0.00e+00	0.00e+00	0.00e+00	1.09e-84
 5.33137e+12	8.63e-29	9.40e-21	1.07e-13	1.84e-07	7.59e-01	2.40e-01	1.00e-04	0.00e+00	0.00e+00	0.00e+00	0.00e+00	0.00e+00	5.26e-99
 5.56620e+12	1.17e-28	1.20e-20	1.28e-13	2.05e-07	7.75e-01	2.25e-01	8.61e-05	0.00e+00	0.00e+00	0.00e+00	0.00e+00	0.00e+00	4.74e-84
 5.78871e+12	1.54e-28	1.49e-20	1.51e-13	2.25e-07	7.88e-01	2.12e-01	7.49e-05	0.00e+00	0.00e+00	0.00e+00	0.00e+00	0.00e+00	3.28e-98
 6.02776e+12	2.06e-28	1.87e-20	1.78e-13	2.48e-07	8.02e-01	1.98e-01	6.48e-05	0.00e+00	0.00e+00	0.00e+00	0.00e+00	0.00e+00	1.97e-83
 6.29880e+12	2.81e-28	2.39e-20	2.14e-13	2.76e-07	8.15e-01	1.85e-01	5.53e-05	0.00e+00	0.00e+00	0.00e+00	0.00e+00	0.00e+00	2.18e-97
 6.56621e+12	3.77e-28	3.02e-20	2.54e-13	3.05e-07	8.28e-01	1.72e-01	4.75e-05	0.00e+00	0.00e+00	0.00e+00	0.00e+00	0.00e+00	9.18e-83
 6.84431e+12	5.05e-28	3.80e-20	3.01e-13	3.36e-07	8.39e-01	1.61e-01	4.08e-05	0.00e+00	0.00e+00	0.00e+00	0.00e+00	0.00e+00	1.43e-96
 7.14801e+12	6.88e-28	4.84e-20	3.59e-13	3.71e-07	8.50e-01	1.50e-01	3.48e-05	0.00e+00	0.00e+00	0.00e+00	0.00e+00	0.00e+00	4.35e-82
 7.46386e+12	9.33e-28	6.15e-20	4.28e-13	4.10e-07	8.61e-01	1.39e-01	2.96e-05	0.00e+00	0.00e+00	0.00e+00	0.00e+00	0.00e+00	1.03e-95
 7.77196e+12	1.25e-27	7.71e-20	5.03e-13	4.50e-07	8.71e-01	1.29e-01	2.55e-05	0.00e+00	0.00e+00	0.00e+00	0.00e+00	0.00e+00	2.03e-81
 8.05451e+12	1.61e-27	9.40e-20	5.82e-13	4.87e-07	8.78e-01	1.22e-01	2.23e-05	0.00e+00	0.00e+00	0.00e+00	0.00e+00	0.00e+00	5.96e-95
 8.30749e+12	2.00e-27	1.12e-19	6.59e-13	5.22e-07	8.85e-01	1.15e-01	1.98e-05	0.00e+00	0.00e+00	0.00e+00	0.00e+00	0.00e+00	7.04e-81
 8.57775e+12	2.52e-27	1.34e-19	7.48e-13	5.60e-07	8.91e-01	1.09e-01	1.76e-05	0.00e+00	0.00e+00	0.00e+00	0.00e+00	0.00e+00	2.57e-94
 8.92008e+12	3.34e-27	1.66e-19	8.75e-13	6.10e-07	8.98e-01	1.02e-01	1.52e-05	0.00e+00	0.00e+00	0.00e+00	0.00e+00	0.00e+00	2.73e-80
 9.26717e+12	4.38e-27	2.05e-19	1.02e-12	6.64e-07	9.05e-01	9.48e-02	1.31e-05	0.00e+00	0.00e+00	0.00e+00	0.00e+00	0.00e+00	1.56e-93
 9.55996e+12	5.49e-27	2.44e-19	1.15e-12	7.11e-07	9.10e-01	8.96e-02	1.17e-05	0.00e+00	0.00e+00	0.00e+00	0.00e+00	0.00e+00	1.01e-79
 9.87107e+12	6.93e-27	2.92e-19	1.31e-12	7.61e-07	9.15e-01	8.46e-02	1.04e-05	0.00e+00	0.00e+00	0.00e+00	0.00e+00	0.00e+00	6.90e-93
 1.02628e+13	9.21e-27	3.64e-19	1.53e-12	8.27e-07	9.21e-01	7.89e-02	8.95e-06	0.00e+00	0.00e+00	0.00e+00	0.00e+00	0.00e+00	4.05e-79
 1.06629e+13	1.21e-26	4.51e-19	1.78e-12	8.98e-07	9.27e-01	7.35e-02	7.73e-06	0.00e+00	0.00e+00	0.00e+00	0.00e+00	0.00e+00	4.29e-92
 1.10051e+13	1.53e-26	5.38e-19	2.01e-12	9.60e-07	9.31e-01	6.94e-02	6.86e-06	0.00e+00	0.00e+00	0.00e+00	0.00e+00	0.00e+00	1.57e-78
 1.13685e+13	1.94e-26	6.46e-19	2.29e-12	1.03e-06	9.35e-01	6.54e-02	6.06e-06	0.00e+00	0.00e+00	0.00e+00	0.00e+00	0.00e+00	1.98e-91
 1.18203e+13	2.59e-26	8.07e-19	2.66e-12	1.11e-06	9.39e-01	6.09e-02	5.24e-06	0.00e+00	0.00e+00	0.00e+00	0.00e+00	0.00e+00	6.55e-78
 1.22832e+13	3.42e-26	1.00e-18	3.10e-12	1.21e-06	9.43e-01	5.66e-02	4.51e-06	0.00e+00	0.00e+00	0.00e+00	0.00e+00	0.00e+00	1.27e-90
 1.26895e+13	4.37e-26	1.20e-18	3.52e-12	1.29e-06	9.47e-01	5.34e-02	3.99e-06	0.00e+00	0.00e+00	0.00e+00	0.00e+00	0.00e+00	2.68e-77
 1.31261e+13	5.63e-26	1.46e-18	4.02e-12	1.38e-06	9.50e-01	5.02e-02	3.51e-06	0.00e+00	0.00e+00	0.00e+00	0.00e+00	0.00e+00	6.37e-90
 1.36554e+13	7.56e-26	1.83e-18	4.69e-12	1.50e-06	9.53e-01	4.66e-02	3.03e-06	0.00e+00	0.00e+00	0.00e+00	0.00e+00	0.00e+00	1.19e-76
 1.41911e+13	1.01e-25	2.28e-18	5.45e-12	1.62e-06	9.57e-01	4.34e-02	2.62e-06	0.00e+00	0.00e+00	0.00e+00	0.00e+00	0.00e+00	2.62e-76
 1.46817e+13	1.30e-25	2.76e-18	6.22e-12	1.74e-06	9.59e-01	4.08e-02	2.30e-06	0.00e+00	0.00e+00	0.00e+00	0.00e+00	0.00e+00	5.24e-76
 1.52274e+13	1.72e-25	3.41e-18	7.17e-12	1.87e-06	9.62e-01	3.81e-02	2.00e-06	0.00e+00	0.00e+00	0.00e+00	0.00e+00	0.00e+00	1.11e-75
 1.58616e+13	2.34e-25	4.31e-18	8.41e-12	2.03e-06	9.65e-01	3.53e-02	1.71e-06	0.00e+00	0.00e+00	0.00e+00	0.00e+00	0.00e+00	2.59e-75
 1.64861e+13	3.14e-25	5.38e-18	9.77e-12	2.19e-06	9.67e-01	3.29e-02	1.48e-06	0.00e+00	0.00e+00	0.00e+00	0.00e+00	0.00e+00	5.81e-75
 1.70815e+13	4.12e-25	6.60e-18	1.12e-11	2.35e-06	9.69e-01	3.07e-02	1.29e-06	0.00e+00	0.00e+00	0.00e+00	0.00e+00	0.00e+00	1.22e-74
 1.77406e+13	5.50e-25	8.22e-18	1.30e-11	2.53e-06	9.71e-01	2.86e-02	1.12e-06	0.00e+00	0.00e+00	0.00e+00	0.00e+00	0.00e+00	2.69e-74
 1.84802e+13	7.52e-25	1.04e-17	1.52e-11	2.74e-06	9.73e-01	2.65e-02	9.60e-07	0.00e+00	0.00e+00	0.00e+00	0.00e+00	0.00e+00	6.35e-74
 1.92299e+13	1.02e-24	1.31e-17	1.78e-11	2.97e-06	9.75e-01	2.46e-02	0.00e+00	0.00e+00	0.00e+00	0.00e+00	0.00e+00	0.00e+00	1.47e-73
 2.00097e+13	1.39e-24	1.65e-17	2.08e-11	3.21e-06	9.77e-01	2.29e-02	0.00e+00	0.00e+00	0.00e+00	0.00e+00	0.00e+00	0.00e+00	3.41e-73
 2.08400e+13	1.90e-24	2.09e-17	2.43e-11	3.47e-06	9.79e-01	2.12e-02	0.00e+00	0.00e+00	0.00e+00	0.00e+00	0.00e+00	0.00e+00	8.08e-73
 2.17035e+13	2.60e-24	2.65e-17	2.85e-11	3.76e-06	9.80e-01	1.96e-02	0.00e+00	0.00e+00	0.00e+00	0.00e+00	0.00e+00	0.00e+00	1.92e-72
 2.25423e+13	3.48e-24	3.30e-17	3.30e-11	4.05e-06	9.82e-01	1.83e-02	0.00e+00	0.00e+00	0.00e+00	0.00e+00	0.00e+00	0.00e+00	4.30e-72
 2.32583e+13	4.43e-24	3.95e-17	3.73e-11	4.30e-06	9.83e-01	1.72e-02	0.00e+00	0.00e+00	0.00e+00	0.00e+00	0.00e+00	0.00e+00	8.29e-72
 2.38922e+13	5.46e-24	4.62e-17	4.14e-11	4.53e-06	9.84e-01	1.64e-02	0.00e+00	0.00e+00	0.00e+00	0.00e+00	1.49e-17	3.13e-17	1.48e-71
 2.46200e+13	6.90e-24	5.51e-17	4.65e-11	4.81e-06	9.85e-01	1.55e-02	0.00e+00	0.00e+00	0.00e+00	0.00e+00	1.83e-17	3.68e-17	2.82e-71
 2.55469e+13	9.19e-24	6.84e-17	5.37e-11	5.17e-06	9.86e-01	1.44e-02	0.00e+00	0.00e+00	0.00e+00	0.00e+00	2.27e-17	4.57e-17	6.22e-71
 2.65153e+13	1.22e-23	8.47e-17	6.21e-11	5.56e-06	9.87e-01	1.34e-02	0.00e+00	0.00e+00	0.00e+00	0.00e+00	2.81e-17	5.66e-17	1.36e-70
 2.73687e+13	1.56e-23	1.02e-16	7.03e-11	5.91e-06	9.87e-01	1.26e-02	0.00e+00	0.00e+00	0.00e+00	0.00e+00	3.38e-17	6.81e-17	2.68e-70
 2.82902e+13	2.03e-23	1.24e-16	8.00e-11	6.31e-06	9.88e-01	1.19e-02	0.00e+00	0.00e+00	0.00e+00	0.00e+00	4.11e-17	8.28e-17	5.48e-70
 2.94022e+13	2.73e-23	1.55e-16	9.30e-11	6.80e-06	9.89e-01	1.10e-02	0.00e+00	0.00e+00	0.00e+00	0.00e+00	5.15e-17	1.04e-16	1.25e-69
 3.05334e+13	3.64e-23	1.93e-16	1.08e-10	7.33e-06	9.90e-01	1.02e-02	0.00e+00	0.00e+00	0.00e+00	0.00e+00	6.39e-17	1.29e-16	2.73e-69
 3.15863e+13	4.73e-23	2.35e-16	1.23e-10	7.83e-06	9.90e-01	9.59e-03	0.00e+00	0.00e+00	0.00e+00	0.00e+00	7.79e-17	1.57e-16	5.65e-69
 3.27560e+13	6.28e-23	2.91e-16	1.42e-10	8.41e-06	9.91e-01	8.94e-03	0.00e+00	0.00e+00	0.00e+00	0.00e+00	9.65e-17	1.94e-16	1.24e-68
 3.40962e+13	8.51e-23	3.66e-16	1.66e-10	9.11e-06	9.92e-01	8.27e-03	0.00e+00	0.00e+00	0.00e+00	0.00e+00	1.21e-16	2.44e-16	2.84e-68
 3.53326e+13	1.12e-22	4.51e-16	1.91e-10	9.77e-06	9.92e-01	7.72e-03	0.00e+00	0.00e+00	0.00e+00	0.00e+00	1.50e-16	3.01e-16	6.14e-68
 3.64005e+13	1.41e-22	5.34e-16	2.15e-10	1.04e-05	9.93e-01	7.28e-03	0.00e+00	0.00e+00	0.00e+00	0.00e+00	1.77e-16	3.57e-16	1.13e-67
 3.75845e+13	1.81e-22	6.45e-16	2.44e-10	1.10e-05	9.93e-01	6.84e-03	0.00e+00	0.00e+00	0.00e+00	0.00e+00	2.14e-16	4.31e-16	2.26e-67
 3.90337e+13	2.40e-22	8.00e-16	2.83e-10	1.19e-05	9.94e-01	6.35e-03	0.00e+00	0.00e+00	0.00e+00	0.00e+00	2.66e-16	5.35e-16	4.91e-67
 4.05009e+13	3.19e-22	9.95e-16	3.27e-10	1.28e-05	9.94e-01	5.90e-03	0.00e+00	0.00e+00	0.00e+00	0.00e+00	3.30e-16	6.65e-16	1.09e-66
 4.18162e+13	4.05e-22	1.19e-15	3.72e-10	1.37e-05	9.94e-01	5.54e-03	0.00e+00	0.00e+00	0.00e+00	0.00e+00	3.95e-16	7.96e-16	2.07e-66
 4.32607e+13	5.28e-22	1.46e-15	4.25e-10	1.46e-05	9.95e-01	5.18e-03	0.00e+00	0.00e+00	0.00e+00	0.00e+00	4.83e-16	9.73e-16	4.32e-66
 4.49736e+13	7.05e-22	1.81e-15	4.96e-10	1.58e-05	9.95e-01	4.80e-03	0.00e+00	0.00e+00	0.00e+00	0.00e+00	6.01e-16	1.21e-15	9.52e-66
 4.66592e+13	9.31e-22	2.24e-15	5.74e-10	1.70e-05	9.96e-01	4.46e-03	0.00e+00	0.00e+00	0.00e+00	0.00e+00	7.43e-16	1.50e-15	2.04e-65
 4.81939e+13	1.19e-21	2.70e-15	6.52e-10	1.82e-05	9.96e-01	4.18e-03	0.00e+00	0.00e+00	0.00e+00	0.00e+00	8.94e-16	1.80e-15	3.99e-65
 4.99084e+13	1.55e-21	3.30e-15	7.49e-10	1.95e-05	9.96e-01	3.90e-03	0.00e+00	0.00e+00	0.00e+00	0.00e+00	1.09e-15	2.21e-15	8.31e-65
 5.19101e+13	2.07e-21	4.13e-15	8.76e-10	2.11e-05	9.96e-01	3.60e-03	0.00e+00	0.00e+00	0.00e+00	0.00e+00	1.37e-15	2.76e-15	1.86e-64
 5.38786e+13	2.77e-21	5.14e-15	1.01e-09	2.27e-05	9.97e-01	3.35e-03	0.00e+00	0.00e+00	0.00e+00	0.00e+00	1.71e-15	3.44e-15	4.14e-64
 5.57325e+13	3.54e-21	6.20e-15	1.16e-09	2.43e-05	9.97e-01	3.13e-03	0.00e+00	0.00e+00	0.00e+00	0.00e+00	2.06e-15	4.15e-15	8.09e-64
 5.77983e+13	4.68e-21	7.69e-15	1.34e-09	2.62e-05	9.97e-01	2.91e-03	0.00e+00	0.00e+00	0.00e+00	0.00e+00	2.55e-15	5.14e-15	1.76e-63
 6.01402e+13	6.24e-21	9.58e-15	1.57e-09	2.84e-05	9.97e-01	2.68e-03	0.00e+00	0.00e+00	0.00e+00	0.00e+00	3.17e-15	6.40e-15	3.86e-63
 6.24709e+13	8.30e-21	1.19e-14	1.83e-09	3.06e-05	9.97e-01	2.49e-03	0.00e+00	0.00e+00	0.00e+00	0.00e+00	3.94e-15	7.96e-15	8.48e-63
 6.46464e+13	1.08e-20	1.45e-14	2.09e-09	3.28e-05	9.98e-01	2.32e-03	0.00e+00	0.00e+00	0.00e+00	0.00e+00	4.82e-15	9.72e-15	1.75e-62
 6.70136e+13	1.41e-20	1.78e-14	2.41e-09	3.53e-05	9.98e-01	2.16e-03	0.00e+00	0.00e+00	0.00e+00	0.00e+00	5.91e-15	1.19e-14	3.64e-62
 6.96651e+13	1.85e-20	2.21e-14	2.82e-09	3.82e-05	9.98e-01	2.00e-03	0.00e+00	0.00e+00	0.00e+00	0.00e+00	7.31e-15	1.48e-14	7.82e-62
 7.21355e+13	2.43e-20	2.71e-14	3.24e-09	4.09e-05	9.98e-01	1.86e-03	0.00e+00	0.00e+00	0.00e+00	0.00e+00	8.97e-15	1.81e-14	1.65e-61
 7.44222e+13	3.03e-20	3.21e-14	3.67e-09	4.36e-05	9.98e-01	1.75e-03	0.00e+00	0.00e+00	0.00e+00	0.00e+00	1.06e-14	2.15e-14	3.02e-61
 7.66180e+13	3.77e-20	3.80e-14	4.11e-09	4.63e-05	9.98e-01	1.65e-03	0.00e+00	0.00e+00	0.00e+00	0.00e+00	1.26e-14	2.54e-14	5.59e-61
 7.90484e+13	4.72e-20	4.51e-14	4.66e-09	4.93e-05	9.98e-01	1.55e-03	0.00e+00	0.00e+00	0.00e+00	0.00e+00	1.49e-14	3.02e-14	1.03e-60
 8.17353e+13	6.07e-20	5.48e-14	5.32e-09	5.27e-05	9.98e-01	1.45e-03	0.00e+00	0.00e+00	0.00e+00	0.00e+00	1.81e-14	3.67e-14	2.09e-60
 8.42384e+13	7.47e-20	6.44e-14	6.00e-09	5.61e-05	9.99e-01	1.36e-03	0.00e+00	0.00e+00	0.00e+00	0.00e+00	2.13e-14	4.31e-14	3.71e-60
 8.69749e+13	9.49e-20	7.73e-14	6.82e-09	5.98e-05	9.99e-01	1.28e-03	0.00e+00	0.00e+00	0.00e+00	0.00e+00	2.56e-14	5.17e-14	7.18e-60
 9.00492e+13	1.23e-19	9.45e-14	7.82e-09	6.41e-05	9.99e-01	1.19e-03	0.00e+00	0.00e+00	0.00e+00	0.00e+00	3.13e-14	6.33e-14	1.48e-59
 9.29796e+13	1.54e-19	1.12e-13	8.89e-09	6.84e-05	9.99e-01	1.12e-03	0.00e+00	0.00e+00	0.00e+00	0.00e+00	3.71e-14	7.51e-14	2.74e-59
 9.62061e+13	1.99e-19	1.37e-13	1.02e-08	7.32e-05	9.99e-01	1.04e-03	0.00e+00	0.00e+00	0.00e+00	0.00e+00	4.53e-14	9.17e-14	5.66e-59
 9.97732e+13	2.55e-19	1.66e-13	1.18e-08	7.89e-05	9.99e-01	9.68e-04	0.00e+00	0.00e+00	0.00e+00	0.00e+00	5.49e-14	1.11e-13	1.12e-58
 1.03067e+14	3.25e-19	2.00e-13	1.34e-08	8.42e-05	9.99e-01	9.08e-04	0.00e+00	0.00e+00	0.00e+00	0.00e+00	6.61e-14	1.34e-13	2.20e-58
 1.06634e+14	4.17e-19	2.43e-13	1.53e-08	9.02e-05	9.99e-01	8.47e-04	0.00e+00	0.00e+00	0.00e+00	0.00e+00	8.03e-14	1.63e-13	4.46e-58
 1.10616e+14	5.36e-19	2.95e-13	1.78e-08	9.73e-05	9.99e-01	7.86e-04	0.00e+00	0.00e+00	0.00e+00	0.00e+00	9.76e-14	1.98e-13	8.93e-58
 1.14353e+14	6.89e-19	3.59e-13	2.03e-08	1.04e-04	9.99e-01	7.35e-04	0.00e+00	0.00e+00	0.00e+00	0.00e+00	1.18e-13	2.40e-13	1.80e-57
 1.18427e+14	8.79e-19	4.33e-13	2.33e-08	1.12e-04	9.99e-01	6.84e-04	0.00e+00	0.00e+00	0.00e+00	0.00e+00	1.43e-13	2.90e-13	3.53e-57
 1.22954e+14	1.15e-18	5.35e-13	2.71e-08	1.21e-04	9.99e-01	6.34e-04	0.00e+00	0.00e+00	0.00e+00	0.00e+00	1.77e-13	3.59e-13	7.60e-57
 1.27185e+14	1.45e-18	6.39e-13	3.10e-08	1.29e-04	9.99e-01	5.91e-04	0.00e+00	0.00e+00	0.00e+00	0.00e+00	2.11e-13	4.28e-13	1.43e-56
 1.31790e+14	1.88e-18	7.85e-13	3.58e-08	1.39e-04	9.99e-01	5.50e-04	0.00e+00	0.00e+00	0.00e+00	0.00e+00	2.59e-13	5.26e-13	3.00e-56
 1.36935e+14	2.43e-18	9.59e-13	4.17e-08	1.50e-04	9.99e-01	5.08e-04	0.00e+00	0.00e+00	0.00e+00	0.00e+00	3.16e-13	6.43e-13	6.12e-56
 1.41791e+14	3.13e-18	1.17e-12	4.79e-08	1.61e-04	9.99e-01	4.73e-04	0.00e+00	0.00e+00	0.00e+00	0.00e+00	3.85e-13	7.84e-13	1.25e-55
 1.46998e+14	4.00e-18	1.42e-12	5.54e-08	1.74e-04	9.99e-01	4.39e-04	0.00e+00	0.00e+00	0.00e+00	0.00e+00	4.67e-13	9.50e-13	2.48e-55
 1.52787e+14	5.24e-18	1.76e-12	6.47e-08	1.88e-04	9.99e-01	4.05e-04	0.00e+00	0.00e+00	0.00e+00	0.00e+00	5.78e-13	1.18e-12	5.35e-55
 1.58408e+14	6.63e-18	2.11e-12	7.48e-08	2.04e-04	9.99e-01	3.75e-04	0.00e+00	0.00e+00	0.00e+00	0.00e+00	6.96e-13	1.42e-12	1.03e-54
 1.64375e+14	8.57e-18	2.59e-12	8.68e-08	2.20e-04	9.99e-01	3.48e-04	0.00e+00	0.00e+00	0.00e+00	0.00e+00	8.51e-13	1.74e-12	2.13e-54
 1.70980e+14	1.12e-17	3.19e-12	1.02e-07	2.39e-04	9.99e-01	3.20e-04	0.00e+00	0.00e+00	0.00e+00	0.00e+00	1.05e-12	2.14e-12	4.51e-54
 1.77581e+14	1.46e-17	3.93e-12	1.18e-07	2.59e-04	9.99e-01	2.96e-04	0.00e+00	0.00e+00	0.00e+00	0.00e+00	1.29e-12	2.64e-12	9.54e-54
 1.83065e+14	1.78e-17	4.63e-12	1.34e-07	2.76e-04	9.99e-01	2.77e-04	0.00e+00	0.00e+00	0.00e+00	0.00e+00	1.52e-12	3.11e-12	1.70e-53
 1.87343e+14	2.07e-17	5.21e-12	1.47e-07	2.90e-04	9.99e-01	2.64e-04	0.00e+00	0.00e+00	0.00e+00	0.00e+00	1.71e-12	3.50e-12	2.60e-53
 1.92008e+14	2.44e-17	5.96e-12	1.62e-07	3.05e-04	9.99e-01	2.50e-04	0.00e+00	0.00e+00	0.00e+00	0.00e+00	1.96e-12	4.00e-12	4.19e-53
 1.98073e+14	2.97e-17	6.99e-12	1.84e-07	3.27e-04	9.99e-01	2.34e-04	0.00e+00	0.00e+00	0.00e+00	0.00e+00	2.30e-12	4.69e-12	7.38e-53
 2.04603e+14	3.70e-17	8.34e-12	2.10e-07	3.50e-04	9.99e-01	2.18e-04	0.00e+00	0.00e+00	0.00e+00	0.00e+00	2.74e-12	5.60e-12	1.40e-52
 2.10468e+14	4.43e-17	9.64e-12	2.35e-07	3.72e-04	9.99e-01	2.05e-04	0.00e+00	0.00e+00	0.00e+00	0.00e+00	3.16e-12	6.47e-12	2.33e-52
 2.16819e+14	5.42e-17	1.13e-11	2.65e-07	3.97e-04	9.99e-01	1.93e-04	0.00e+00	4.53e-18	1.36e-17	2.27e-17	3.71e-12	7.60e-12	4.16e-52
 2.24832e+14	6.81e-17	1.36e-11	3.07e-07	4.29e-04	9.99e-01	1.78e-04	0.00e+00	5.69e-18	1.71e-17	2.86e-17	4.47e-12	9.16e-12	8.10e-52
 2.32890e+14	8.60e-17	1.65e-11	3.54e-07	4.64e-04	9.99e-01	1.65e-04	0.00e+00	7.19e-18	2.16e-17	3.61e-17	5.40e-12	1.11e-11	1.59e-51
 2.39678e+14	1.03e-16	1.91e-11	3.97e-07	4.94e-04	9.99e-01	1.55e-04	0.00e+00	8.64e-18	2.60e-17	4.34e-17	6.27e-12	1.28e-11	2.73e-51
 2.46929e+14	1.24e-16	2.23e-11	4.48e-07	5.27e-04	9.99e-01	1.45e-04	0.00e+00	1.04e-17	3.12e-17	5.22e-17	7.31e-12	1.50e-11	4.75e-51
 2.56063e+14	1.57e-16	2.69e-11	5.19e-07	5.72e-04	9.99e-01	1.34e-04	0.00e+00	1.32e-17	3.96e-17	6.61e-17	8.82e-12	1.81e-11	9.45e-51
 2.65541e+14	1.97e-16	3.24e-11	6.01e-07	6.20e-04	9.99e-01	1.24e-04	0.00e+00	1.66e-17	4.97e-17	8.30e-17	1.06e-11	2.18e-11	1.87e-50
 2.73907e+14	2.41e-16	3.82e-11	6.81e-07	6.64e-04	9.99e-01	1.15e-04	0.00e+00	2.02e-17	6.08e-17	1.02e-16	1.25e-11	2.57e-11	3.40e-50
 2.82931e+14	2.92e-16	4.50e-11	7.76e-07	7.13e-04	9.99e-01	1.07e-04	0.00e+00	2.46e-17	7.38e-17	1.23e-16	1.48e-11	3.02e-11	6.18e-50
 2.93807e+14	3.73e-16	5.47e-11	9.04e-07	7.77e-04	9.99e-01	9.87e-05	0.00e+00	3.14e-17	9.44e-17	1.58e-16	1.80e-11	3.68e-11	1.28e-49
 3.04568e+14	4.68e-16	6.60e-11	1.05e-06	8.42e-04	9.99e-01	9.11e-05	0.00e+00	3.94e-17	1.18e-16	1.98e-16	2.17e-11	4.44e-11	2.56e-49
 3.14121e+14	5.69e-16	7.75e-11	1.18e-06	9.02e-04	9.99e-01	8.51e-05	0.00e+00	4.80e-17	1.44e-16	2.41e-16	2.54e-11	5.21e-11	4.67e-49
 3.24626e+14	6.98e-16	9.17e-11	1.35e-06	9.73e-04	9.99e-01	7.90e-05	0.00e+00	5.89e-17	1.77e-16	2.96e-16	3.01e-11	6.16e-11	8.76e-49
 3.37190e+14	8.83e-16	1.12e-10	1.58e-06	1.06e-03	9.99e-01	7.26e-05	0.00e+00	7.47e-17	2.24e-16	3.75e-16	3.66e-11	7.50e-11	1.83e-48
 3.49703e+14	1.11e-15	1.35e-10	1.82e-06	1.15e-03	9.99e-01	6.70e-05	0.00e+00	9.41e-17	2.83e-16	4.72e-16	4.42e-11	9.06e-11	3.76e-48
 3.61133e+14	1.35e-15	1.59e-10	2.07e-06	1.23e-03	9.99e-01	6.24e-05	0.00e+00	1.14e-16	3.43e-16	5.72e-16	5.20e-11	1.06e-10	6.92e-48
 3.73880e+14	1.70e-15	1.91e-10	2.39e-06	1.34e-03	9.99e-01	5.78e-05	0.00e+00	1.45e-16	4.34e-16	7.25e-16	6.27e-11	1.28e-10	1.42e-47
 3.88721e+14	2.17e-15	2.34e-10	2.79e-06	1.46e-03	9.98e-01	5.30e-05	0.00e+00	1.84e-16	5.53e-16	9.23e-16	7.68e-11	1.57e-10	3.09e-47
 4.03320e+14	2.74e-15	2.83e-10	3.23e-06	1.58e-03	9.98e-01	4.88e-05	0.00e+00	2.33e-16	6.99e-16	1.17e-15	9.31e-11	1.90e-10	6.56e-47
 4.17151e+14	3.31e-15	3.34e-10	3.69e-06	1.71e-03	9.98e-01	4.53e-05	0.00e+00	2.82e-16	8.47e-16	1.42e-15	1.10e-10	2.25e-10	1.26e-46
 4.32515e+14	4.26e-15	4.09e-10	4.27e-06	1.85e-03	9.98e-01	4.18e-05	0.00e+00	3.64e-16	1.09e-15	1.82e-15	1.34e-10	2.74e-10	2.78e-46
 4.47049e+14	5.27e-15	4.86e-10	4.87e-06	2.00e-03	9.98e-01	3.89e-05	0.00e+00	4.50e-16	1.35e-15	2.26e-15	1.60e-10	3.26e-10	5.55e-46
 4.57860e+14	6.15e-15	5.51e-10	5.36e-06	2.11e-03	9.98e-01	3.69e-05	0.00e+00	5.26e-16	1.58e-15	2.64e-15	1.81e-10	3.70e-10	9.18e-46
 4.68837e+14	7.16e-15	6.25e-10	5.89e-06	2.22e-03	9.98e-01	3.50e-05	0.00e+00	6.13e-16	1.84e-15	3.07e-15	2.05e-10	4.20e-10	1.51e-45
 4.83107e+14	8.48e-15	7.25e-10	6.63e-06	2.38e-03	9.98e-01	3.28e-05	0.00e+00	7.27e-16	2.18e-15	3.64e-15	2.38e-10	4.86e-10	2.72e-45
 4.98651e+14	1.07e-14	8.68e-10	7.53e-06	2.55e-03	9.97e-01	3.06e-05	0.00e+00	9.15e-16	2.75e-15	4.59e-15	2.85e-10	5.82e-10	5.62e-45
 5.12693e+14	1.27e-14	1.00e-09	8.41e-06	2.72e-03	9.97e-01	2.88e-05	0.00e+00	1.09e-15	3.27e-15	5.46e-15	3.30e-10	6.74e-10	1.00e-44
 5.27790e+14	1.51e-14	1.16e-09	9.44e-06	2.90e-03	9.97e-01	2.71e-05	0.00e+00	1.29e-15	3.88e-15	6.49e-15	3.82e-10	7.79e-10	1.80e-44
 5.47064e+14	1.95e-14	1.43e-09	1.09e-05	3.14e-03	9.97e-01	2.50e-05	0.00e+00	1.68e-15	5.04e-15	8.42e-15	4.69e-10	9.56e-10	4.10e-44
 5.66530e+14	2.45e-14	1.72e-09	1.25e-05	3.40e-03	9.97e-01	2.32e-05	0.00e+00	2.11e-15	6.34e-15	1.06e-14	5.66e-10	1.15e-09	8.72e-44
 5.82741e+14	2.95e-14	2.00e-09	1.40e-05	3.62e-03	9.96e-01	2.19e-05	0.00e+00	2.55e-15	7.64e-15	1.28e-14	6.60e-10	1.34e-09	1.60e-43
 5.99957e+14	3.58e-14	2.35e-09	1.57e-05	3.86e-03	9.96e-01	2.05e-05	0.00e+00	3.09e-15	9.27e-15	1.55e-14	7.72e-10	1.57e-09	3.02e-43
 6.21897e+14	4.54e-14	2.85e-09	1.81e-05	4.18e-03	9.96e-01	1.90e-05	0.00e+00	3.93e-15	1.18e-14	1.97e-14	9.39e-10	1.91e-09	6.58e-43
 6.45084e+14	5.79e-14	3.48e-09	2.10e-05	4.53e-03	9.95e-01	1.76e-05	0.00e+00	5.02e-15	1.51e-14	2.51e-14	1.15e-09	2.33e-09	1.48e-42
 6.65866e+14	7.14e-14	4.15e-09	2.38e-05	4.86e-03	9.95e-01	1.65e-05	0.00e+00	6.19e-15	1.86e-14	3.10e-14	1.37e-09	2.78e-09	2.96e-42
 6.88414e+14	8.87e-14	4.96e-09	2.71e-05	5.23e-03	9.95e-01	1.54e-05	0.00e+00	7.69e-15	2.31e-14	3.85e-14	1.64e-09	3.33e-09	6.01e-42
 7.15197e+14	1.15e-13	6.14e-09	3.16e-05	5.70e-03	9.94e-01	1.42e-05	0.00e+00	1.00e-14	3.01e-14	5.02e-14	2.03e-09	4.12e-09	1.41e-41
 7.41580e+14	1.46e-13	7.49e-09	3.64e-05	6.16e-03	9.94e-01	1.32e-05	0.00e+00	1.27e-14	3.82e-14	6.38e-14	2.47e-09	5.02e-09	3.05e-41
 7.65566e+14	1.82e-13	8.94e-09	4.13e-05	6.61e-03	9.93e-01	1.24e-05	0.00e+00	1.58e-14	4.76e-14	7.94e-14	2.95e-09	5.99e-09	6.12e-41
 7.92340e+14	2.25e-13	1.07e-08	4.74e-05	7.13e-03	9.93e-01	1.16e-05	0.00e+00	1.96e-14	5.88e-14	9.81e-14	3.53e-09	7.16e-09	1.22e-40
 8.23638e+14	2.98e-13	1.34e-08	5.53e-05	7.77e-03	9.92e-01	1.07e-05	0.00e+00	2.61e-14	7.82e-14	1.31e-13	4.44e-09	9.00e-09	3.01e-40
 8.54499e+14	3.86e-13	1.66e-08	6.40e-05	8.41e-03	9.92e-01	1.00e-05	0.00e+00	3.38e-14	1.01e-13	1.69e-13	5.47e-09	1.11e-08	6.71e-40
 8.83644e+14	4.87e-13	2.00e-08	7.31e-05	9.05e-03	9.91e-01	9.41e-06	0.00e+00	4.26e-14	1.28e-13	2.13e-13	6.61e-09	1.34e-08	1.39e-39
 9.16068e+14	6.10e-13	2.42e-08	8.44e-05	9.78e-03	9.90e-01	8.79e-06	0.00e+00	5.34e-14	1.60e-13	2.68e-13	8.00e-09	1.62e-08	2.86e-39
 9.52741e+14	8.27e-13	3.08e-08	9.87e-05	1.07e-02	9.89e-01	8.18e-06	0.00e+00	7.25e-14	2.18e-13	3.63e-13	1.02e-08	2.06e-08	7.31e-39
 9.83488e+14	1.04e-12	3.70e-08	1.12e-04	1.14e-02	9.88e-01	7.74e-06	0.00e+00	9.10e-14	2.73e-13	4.55e-13	1.22e-08	2.48e-08	1.45e-38
 1.00560e+15	1.21e-12	4.20e-08	1.22e-04	1.20e-02	9.88e-01	7.45e-06	0.00e+00	1.06e-13	3.19e-13	5.32e-13	1.39e-08	2.81e-08	2.34e-38
 1.02873e+15	1.42e-12	4.79e-08	1.34e-04	1.26e-02	9.87e-01	7.16e-06	0.00e+00	1.25e-13	3.74e-13	6.25e-13	1.58e-08	3.20e-08	3.83e-38
 1.05879e+15	1.69e-12	5.56e-08	1.50e-04	1.34e-02	9.86e-01	6.81e-06	0.00e+00	1.49e-13	4.46e-13	7.44e-13	1.84e-08	3.72e-08	6.62e-38
 1.09238e+15	2.16e-12	6.76e-08	1.70e-04	1.43e-02	9.85e-01	6.47e-06	0.00e+00	1.91e-13	5.72e-13	9.54e-13	2.24e-08	4.52e-08	1.39e-37
 1.12379e+15	2.62e-12	7.93e-08	1.91e-04	1.52e-02	9.85e-01	6.18e-06	0.00e+00	2.31e-13	6.92e-13	1.15e-12	2.63e-08	5.31e-08	2.50e-37
 1.15786e+15	3.17e-12	9.32e-08	2.15e-04	1.62e-02	9.84e-01	5.89e-06	0.00e+00	2.80e-13	8.39e-13	1.40e-12	3.08e-08	6.23e-08	4.48e-37
 1.19616e+15	4.10e-12	1.14e-07	2.45e-04	1.74e-02	9.82e-01	5.61e-06	0.00e+00	3.62e-13	1.09e-12	1.81e-12	3.78e-08	7.65e-08	9.65e-37
 1.23241e+15	5.02e-12	1.35e-07	2.76e-04	1.86e-02	9.81e-01	5.36e-06	0.00e+00	4.44e-13	1.33e-12	2.22e-12	4.49e-08	9.06e-08	1.76e-36
 1.27196e+15	6.17e-12	1.61e-07	3.13e-04	1.98e-02	9.80e-01	5.12e-06	0.00e+00	5.45e-13	1.63e-12	2.73e-12	5.32e-08	1.08e-07	3.24e-36
 1.31644e+15	8.09e-12	2.00e-07	3.59e-04	2.14e-02	9.78e-01	4.89e-06	0.00e+00	7.15e-13	2.15e-12	3.58e-12	6.62e-08	1.34e-07	7.22e-36
 1.35864e+15	1.00e-11	2.39e-07	4.08e-04	2.28e-02	9.77e-01	4.68e-06	0.00e+00	8.86e-13	2.66e-12	4.44e-12	7.93e-08	1.60e-07	1.37e-35
 1.40483e+15	1.25e-11	2.87e-07	4.66e-04	2.45e-02	9.75e-01	4.48e-06	0.00e+00	1.10e-12	3.31e-12	5.52e-12	9.51e-08	1.92e-07	2.59e-35
 1.45654e+15	1.66e-11	3.62e-07	5.39e-04	2.65e-02	9.73e-01	4.29e-06	0.00e+00	1.47e-12	4.40e-12	7.35e-12	1.20e-07	2.42e-07	6.01e-35
 1.50466e+15	2.08e-11	4.38e-07	6.15e-04	2.84e-02	9.71e-01	4.13e-06	0.00e+00	1.85e-12	5.54e-12	9.24e-12	1.45e-07	2.93e-07	1.18e-34
 1.55647e+15	2.63e-11	5.32e-07	7.04e-04	3.05e-02	9.69e-01	3.97e-06	0.00e+00	2.33e-12	7.00e-12	1.17e-11	1.76e-07	3.56e-07	2.33e-34
 1.61452e+15	3.34e-11	6.50e-07	8.16e-04	3.29e-02	9.66e-01	3.81e-06	0.00e+00	2.96e-12	8.89e-12	1.48e-11	2.16e-07	4.35e-07	4.62e-34
 1.66919e+15	4.35e-11	8.09e-07	9.34e-04	3.54e-02	9.64e-01	3.69e-06	0.00e+00	3.87e-12	1.16e-11	1.93e-11	2.68e-07	5.41e-07	1.01e-33
 1.72876e+15	5.52e-11	9.91e-07	1.08e-03	3.81e-02	9.61e-01	3.56e-06	0.00e+00	4.91e-12	1.47e-11	2.46e-11	3.29e-07	6.62e-07	2.00e-33
 1.79507e+15	7.07e-11	1.22e-06	1.25e-03	4.12e-02	9.58e-01	3.44e-06	0.00e+00	6.30e-12	1.89e-11	3.15e-11	4.04e-07	8.14e-07	3.98e-33
 1.85726e+15	8.98e-11	1.49e-06	1.44e-03	4.43e-02	9.54e-01	3.34e-06	0.00e+00	8.01e-12	2.40e-11	4.01e-11	4.95e-07	9.98e-07	7.98e-33
 1.91433e+15	1.11e-10	1.79e-06	1.63e-03	4.72e-02	9.51e-01	3.26e-06	0.00e+00	9.95e-12	2.98e-11	4.98e-11	5.95e-07	1.20e-06	1.49e-32
 1.97761e+15	1.43e-10	2.21e-06	1.86e-03	5.06e-02	9.48e-01	3.18e-06	0.00e+00	1.28e-11	3.83e-11	6.39e-11	7.32e-07	1.47e-06	3.05e-32
 2.04848e+15	1.80e-10	2.68e-06	2.14e-03	5.44e-02	9.43e-01	3.10e-06	0.00e+00	1.61e-11	4.83e-11	8.06e-11	8.89e-07	1.79e-06	5.73e-32
 2.11620e+15	2.27e-10	3.26e-06	2.45e-03	5.83e-02	9.39e-01	3.03e-06	0.00e+00	2.03e-11	6.08e-11	1.01e-10	1.08e-06	2.18e-06	1.10e-31
 2.17474e+15	2.76e-10	3.85e-06	2.73e-03	6.18e-02	9.35e-01	2.98e-06	0.00e+00	2.47e-11	7.40e-11	1.23e-10	1.28e-06	2.57e-06	1.92e-31
 2.22586e+15	3.31e-10	4.48e-06	3.01e-03	6.50e-02	9.32e-01	2.94e-06	0.00e+00	2.96e-11	8.88e-11	1.48e-10	1.49e-06	3.00e-06	3.20e-31
 2.28385e+15	3.93e-10	5.17e-06	3.34e-03	6.85e-02	9.28e-01	2.90e-06	0.00e+00	3.52e-11	1.06e-10	1.76e-10	1.72e-06	3.46e-06	5.06e-31
 2.35923e+15	5.07e-10	6.40e-06	3.83e-03	7.35e-02	9.23e-01	2.85e-06	0.00e+00	4.55e-11	1.36e-10	2.27e-10	2.13e-06	4.28e-06	1.04e-30
 2.43424e+15	6.18e-10	7.58e-06	4.35e-03	7.84e-02	9.17e-01	2.79e-06	0.00e+00	5.54e-11	1.66e-10	2.77e-10	2.52e-06	5.06e-06	1.73e-30
 2.49753e+15	7.56e-10	9.02e-06	4.84e-03	8.29e-02	9.12e-01	2.76e-06	0.00e+00	6.79e-11	2.04e-10	3.40e-10	3.00e-06	6.02e-06	3.13e-30
 2.56856e+15	9.20e-10	1.06e-05	5.44e-03	8.79e-02	9.07e-01	2.72e-06	0.00e+00	8.27e-11	2.48e-10	4.14e-10	3.54e-06	7.11e-06	5.25e-30
 2.66089e+15	1.19e-09	1.33e-05	6.31e-03	9.50e-02	8.99e-01	2.67e-06	0.00e+00	1.07e-10	3.22e-10	5.37e-10	4.41e-06	8.86e-06	1.08e-29
 2.75387e+15	1.53e-09	1.64e-05	7.28e-03	1.02e-01	8.91e-01	2.63e-06	0.00e+00	1.37e-10	4.12e-10	6.87e-10	5.43e-06	1.09e-05	2.07e-29
 2.82809e+15	1.84e-09	1.92e-05	8.13e-03	1.08e-01	8.84e-01	2.60e-06	0.00e+00	1.66e-10	4.97e-10	8.29e-10	6.36e-06	1.28e-05	3.36e-29
 2.90498e+15	2.22e-09	2.23e-05	9.10e-03	1.14e-01	8.77e-01	2.57e-06	0.00e+00	2.00e-10	6.00e-10	1.00e-09	7.42e-06	1.49e-05	5.33e-29
 3.00493e+15	2.90e-09	2.80e-05	1.05e-02	1.23e-01	8.67e-01	2.53e-06	0.00e+00	2.62e-10	7.86e-10	1.31e-09	9.32e-06	1.87e-05	1.11e-28
 3.10819e+15	3.68e-09	3.43e-05	1.21e-02	1.32e-01	8.56e-01	2.49e-06	0.00e+00	3.33e-10	9.98e-10	1.66e-09	1.14e-05	2.29e-05	2.03e-28
 3.19517e+15	4.47e-09	4.02e-05	1.36e-02	1.39e-01	8.47e-01	2.46e-06	0.00e+00	4.04e-10	1.21e-09	2.02e-09	1.34e-05	2.69e-05	3.24e-28
 3.28769e+15	5.53e-09	4.81e-05	1.54e-02	1.48e-01	8.36e-01	2.43e-06	0.00e+00	5.01e-10	1.50e-09	2.50e-09	1.60e-05	3.21e-05	5.55e-28
 3.39018e+15	7.17e-09	5.96e-05	1.77e-02	1.59e-01	8.24e-01	2.41e-06	0.00e+00	6.50e-10	1.95e-09	3.25e-09	1.98e-05	3.98e-05	1.09e-27
 3.48373e+15	8.78e-09	7.08e-05	1.99e-02	1.68e-01	8.12e-01	2.38e-06	0.00e+00	7.96e-10	2.39e-09	3.98e-09	2.35e-05	4.72e-05	1.80e-27
 3.58343e+15	1.09e-08	8.45e-05	2.25e-02	1.78e-01	7.99e-01	2.34e-06	0.00e+00	9.91e-10	2.97e-09	4.96e-09	2.81e-05	5.64e-05	3.01e-27
 3.69444e+15	1.36e-08	1.01e-04	2.57e-02	1.89e-01	7.85e-01	2.30e-06	0.00e+00	1.24e-09	3.72e-09	6.20e-09	3.36e-05	6.75e-05	4.99e-27
 3.79644e+15	1.73e-08	1.24e-04	2.91e-02	2.01e-01	7.70e-01	2.29e-06	0.00e+00	1.58e-09	4.73e-09	7.89e-09	4.11e-05	8.24e-05	9.25e-27
 3.88642e+15	2.10e-08	1.44e-04	3.24e-02	2.11e-01	7.56e-01	2.26e-06	0.00e+00	1.91e-09	5.72e-09	9.54e-09	4.79e-05	9.61e-05	1.43e-26
 3.96760e+15	2.47e-08	1.65e-04	3.55e-02	2.20e-01	7.44e-01	2.23e-06	0.00e+00	2.25e-09	6.75e-09	1.12e-08	5.49e-05	1.10e-04	2.10e-26
 4.05626e+15	2.98e-08	1.92e-04	3.94e-02	2.31e-01	7.30e-01	2.21e-06	0.00e+00	2.71e-09	8.14e-09	1.36e-08	6.38e-05	1.28e-04	3.25e-26
 4.15272e+15	3.56e-08	2.20e-04	4.37e-02	2.42e-01	7.14e-01	2.17e-06	0.00e+00	3.25e-09	9.75e-09	1.62e-08	7.32e-05	1.47e-04	4.65e-26
 4.25932e+15	4.56e-08	2.68e-04	4.95e-02	2.55e-01	6.95e-01	2.15e-06	0.00e+00	4.17e-09	1.25e-08	2.08e-08	8.93e-05	1.79e-04	8.48e-26
 4.37422e+15	5.56e-08	3.14e-04	5.58e-02	2.69e-01	6.75e-01	2.10e-06	0.00e+00	5.09e-09	1.53e-08	2.54e-08	1.04e-04	2.09e-04	1.26e-25
 4.48198e+15	7.05e-08	3.82e-04	6.30e-02	2.83e-01	6.54e-01	2.07e-06	0.00e+00	6.46e-09	1.94e-08	3.23e-08	1.27e-04	2.55e-04	2.22e-25
 4.58166e+15	8.65e-08	4.47e-04	7.01e-02	2.95e-01	6.34e-01	2.05e-06	0.00e+00	7.93e-09	2.38e-08	3.96e-08	1.49e-04	2.98e-04	3.43e-25
 4.67252e+15	1.03e-07	5.14e-04	7.71e-02	3.07e-01	6.16e-01	2.02e-06	0.00e+00	9.46e-09	2.84e-08	4.73e-08	1.71e-04	3.43e-04	5.06e-25
 4.76089e+15	1.23e-07	5.90e-04	8.47e-02	3.18e-01	5.97e-01	1.99e-06	0.00e+00	1.13e-08	3.39e-08	5.65e-08	1.97e-04	3.93e-04	7.43e-25
 4.86228e+15	1.48e-07	6.75e-04	9.39e-02	3.30e-01	5.75e-01	1.95e-06	0.00e+00	1.36e-08	4.08e-08	6.79e-08	2.25e-04	4.50e-04	1.05e-24
 4.99408e+15	1.99e-07	8.52e-04	1.08e-01	3.47e-01	5.44e-01	1.91e-06	0.00e+00	1.83e-08	5.49e-08	9.14e-08	2.84e-04	5.68e-04	2.11e-24
 5.12286e+15	2.57e-07	1.04e-03	1.23e-01	3.63e-01	5.13e-01	1.88e-06	0.00e+00	2.37e-08	7.11e-08	1.18e-07	3.45e-04	6.91e-04	3.67e-24
 5.21962e+15	3.10e-07	1.20e-03	1.36e-01	3.74e-01	4.89e-01	1.84e-06	0.00e+00	2.85e-08	8.56e-08	1.43e-07	3.99e-04	7.98e-04	5.45e-24
 5.30307e+15	3.68e-07	1.36e-03	1.48e-01	3.83e-01	4.67e-01	1.81e-06	0.00e+00	3.39e-08	1.02e-07	1.69e-07	4.54e-04	9.08e-04	7.88e-24
 5.39731e+15	4.49e-07	1.58e-03	1.63e-01	3.94e-01	4.42e-01	1.77e-06	0.00e+00	4.14e-08	1.24e-07	2.07e-07	5.27e-04	1.05e-03	1.22e-23
 5.50306e+15	5.40e-07	1.80e-03	1.80e-01	4.03e-01	4.15e-01	1.71e-06	0.00e+00	4.99e-08	1.50e-07	2.49e-07	6.01e-04	1.20e-03	1.71e-23
 5.62376e+15	7.33e-07	2.26e-03	2.05e-01	4.15e-01	3.78e-01	1.67e-06	0.00e+00	6.78e-08	2.03e-07	3.39e-07	7.53e-04	1.51e-03	3.52e-23
 5.72777e+15	8.83e-07	2.60e-03	2.25e-01	4.22e-01	3.50e-01	1.62e-06	0.00e+00	8.17e-08	2.45e-07	4.08e-07	8.67e-04	1.73e-03	5.14e-23
 5.79410e+15	1.02e-06	2.90e-03	2.40e-01	4.26e-01	3.31e-01	1.59e-06	0.00e+00	9.49e-08	2.84e-07	4.74e-07	9.65e-04	1.93e-03	7.16e-23
 5.86433e+15	1.20e-06	3.24e-03	2.58e-01	4.30e-01	3.09e-01	1.55e-06	0.00e+00	1.11e-07	3.33e-07	5.54e-07	1.08e-03	2.16e-03	1.01e-22
 5.95564e+15	1.46e-06	3.75e-03	2.81e-01	4.33e-01	2.81e-01	1.49e-06	0.00e+00	1.35e-07	4.06e-07	6.76e-07	1.25e-03	2.50e-03	1.60e-22
 6.04684e+15	1.78e-06	4.32e-03	3.06e-01	4.35e-01	2.55e-01	1.43e-06	0.00e+00	1.66e-07	4.97e-07	8.28e-07	1.44e-03	2.88e-03	2.49e-22
 6.10976e+15	2.02e-06	4.69e-03	3.24e-01	4.35e-01	2.37e-01	1.40e-06	0.00e+00	1.87e-07	5.62e-07	9.36e-07	1.56e-03	3.13e-03	3.20e-22
 6.16340e+15	2.29e-06	5.13e-03	3.40e-01	4.34e-01	2.21e-01	1.36e-06	0.00e+00	2.13e-07	6.37e-07	1.06e-06	1.71e-03	3.42e-03	4.28e-22
 6.22234e+15	2.70e-06	5.77e-03	3.61e-01	4.32e-01	2.02e-01	1.31e-06	0.00e+00	2.52e-07	7.55e-07	1.26e-06	1.92e-03	3.84e-03	6.56e-22
 6.27001e+15	3.01e-06	6.21e-03	3.76e-01	4.29e-01	1.88e-01	1.28e-06	0.00e+00	2.80e-07	8.40e-07	1.40e-06	2.07e-03	4.14e-03	8.35e-22
 6.31381e+15	3.34e-06	6.65e-03	3.91e-01	4.27e-01	1.76e-01	1.24e-06	0.00e+00	3.12e-07	9.34e-07	1.56e-06	2.22e-03	4.43e-03	1.05e-21
 6.37075e+15	3.83e-06	7.30e-03	4.11e-01	4.22e-01	1.59e-01	1.18e-06	0.00e+00	3.57e-07	1.07e-06	1.78e-06	2.44e-03	4.87e-03	1.46e-21
 6.42858e+15	4.32e-06	7.87e-03	4.31e-01	4.17e-01	1.45e-01	1.13e-06	0.00e+00	4.04e-07	1.21e-06	2.02e-06	2.63e-03	5.24e-03	1.86e-21
 6.47928e+15	5.08e-06	8.76e-03	4.51e-01	4.10e-01	1.30e-01	1.08e-06	0.00e+00	4.75e-07	1.42e-06	2.37e-06	2.92e-03	5.84e-03	2.83e-21
 6.52083e+15	5.59e-06	9.31e-03	4.66e-01	4.05e-01	1.20e-01	1.04e-06	0.00e+00	5.22e-07	1.57e-06	2.61e-06	3.11e-03	6.20e-03	3.48e-21
 6.55874e+15	6.07e-06	9.80e-03	4.80e-01	4.00e-01	1.11e-01	9.94e-07	0.00e+00	5.67e-07	1.70e-06	2.83e-06	3.27e-03	6.53e-03	4.18e-21
 6.60803e+15	7.04e-06	1.08e-02	5.00e-01	3.91e-01	9.78e-02	0.00e+00	0.00e+00	6.59e-07	1.98e-06	3.29e-06	3.60e-03	7.18e-03	6.10e-21
 6.65554e+15	8.00e-06	1.16e-02	5.18e-01	3.83e-01	8.73e-02	0.00e+00	0.00e+00	7.50e-07	2.25e-06	3.74e-06	3.88e-03	7.74e-03	8.11e-21
 6.69243e+15	8.70e-06	1.22e-02	5.31e-01	3.77e-01	7.97e-02	0.00e+00	0.00e+00	8.16e-07	2.45e-06	4.07e-06	4.07e-03	8.13e-03	9.72e-21
 6.73206e+15	1.01e-05	1.33e-02	5.49e-01	3.68e-01	7.07e-02	0.00e+00	0.00e+00	9.46e-07	2.83e-06	4.72e-06	4.43e-03	8.83e-03	1.38e-20
 6.77213e+15	1.09e-05	1.39e-02	5.62e-01	3.60e-01	6.37e-02	0.00e+00	0.00e+00	1.02e-06	3.07e-06	5.12e-06	4.64e-03	9.25e-03	1.63e-20
 6.81277e+15	1.28e-05	1.51e-02	5.80e-01	3.49e-01	5.54e-02	0.00e+00	0.00e+00	1.21e-06	3.62e-06	6.03e-06	5.05e-03	1.01e-02	2.36e-20
 6.85299e+15	1.42e-05	1.60e-02	5.94e-01	3.40e-01	4.90e-02	0.00e+00	0.00e+00	1.33e-06	3.99e-06	6.65e-06	5.36e-03	1.07e-02	2.98e-20
 6.89264e+15	1.63e-05	1.72e-02	6.10e-01	3.30e-01	4.25e-02	0.00e+00	0.00e+00	1.53e-06	4.60e-06	7.66e-06	5.74e-03	1.14e-02	4.03e-20
 6.93501e+15	1.80e-05	1.83e-02	6.25e-01	3.20e-01	3.67e-02	0.00e+00	0.00e+00	1.69e-06	5.08e-06	8.46e-06	6.11e-03	1.22e-02	5.26e-20
 6.97389e+15	2.07e-05	1.95e-02	6.40e-01	3.09e-01	3.17e-02	0.00e+00	0.00e+00	1.96e-06	5.87e-06	9.78e-06	6.51e-03	1.30e-02	6.95e-20
 7.01096e+15	2.27e-05	2.06e-02	6.52e-01	3.00e-01	2.75e-02	0.00e+00	0.00e+00	2.14e-06	6.43e-06	1.07e-05	6.88e-03	1.37e-02	8.87e-20
 7.05270e+15	2.57e-05	2.20e-02	6.67e-01	2.88e-01	2.31e-02	0.00e+00	0.00e+00	2.43e-06	7.29e-06	1.21e-05	7.34e-03	1.46e-02	1.19e-19
 7.09799e+15	2.96e-05	2.35e-02	6.82e-01	2.76e-01	1.90e-02	0.00e+00	0.00e+00	2.81e-06	8.42e-06	1.40e-05	7.86e-03	1.57e-02	1.64e-19
 7.13136e+15	3.26e-05	2.46e-02	6.92e-01	2.67e-01	1.66e-02	0.00e+00	0.00e+00	3.09e-06	9.26e-06	1.54e-05	8.23e-03	1.64e-02	2.06e-19
 7.15289e+15	3.46e-05	2.54e-02	6.98e-01	2.61e-01	1.51e-02	0.00e+00	0.00e+00	3.28e-06	9.83e-06	1.64e-05	8.47e-03	1.69e-02	2.38e-19
 7.17555e+15	3.69e-05	2.62e-02	7.05e-01	2.55e-01	1.35e-02	0.00e+00	0.00e+00	3.50e-06	1.05e-05	1.75e-05	8.77e-03	1.75e-02	2.84e-19
 7.20501e+15	3.99e-05	2.74e-02	7.14e-01	2.47e-01	1.18e-02	0.00e+00	0.00e+00	3.80e-06	1.14e-05	1.89e-05	9.15e-03	1.82e-02	3.53e-19
 7.23711e+15	4.34e-05	2.86e-02	7.23e-01	2.38e-01	1.01e-02	0.00e+00	0.00e+00	4.13e-06	1.24e-05	2.06e-05	9.56e-03	1.90e-02	4.43e-19
 7.26640e+15	4.65e-05	2.97e-02	7.31e-01	2.31e-01	8.79e-03	0.00e+00	0.00e+00	4.43e-06	1.33e-05	2.21e-05	9.94e-03	1.98e-02	5.41e-19
