#depth	O	O+	O+2	O+3	O+4	O+5	O+6	O+7	O+8	O[1]	O[2]	O[3]
 1.49634e+10	0.00e+00	0.00e+00	6.19e-30	1.27e-21	3.78e-14	1.43e-07	1.00e+00	0.00e+00	0.00e+00	0.00e+00	0.00e+00	0.00e+00
 4.54887e+10	0.00e+00	4.40e-39	8.64e-30	1.64e-21	4.50e-14	1.56e-07	1.00e+00	6.28e-08	0.00e+00	0.00e+00	0.00e+00	0.00e+00
 7.72350e+10	0.00e+00	0.00e+00	1.21e-29	2.12e-21	5.36e-14	1.71e-07	1.00e+00	0.00e+00	0.00e+00	0.00e+00	0.00e+00	0.00e+00
 1.10251e+11	0.00e+00	1.01e-38	1.68e-29	2.73e-21	6.39e-14	1.87e-07	1.00e+00	0.00e+00	0.00e+00	0.00e+00	0.00e+00	0.00e+00
 1.42710e+11	0.00e+00	0.00e+00	2.31e-29	3.48e-21	7.54e-14	2.04e-07	1.00e+00	0.00e+00	0.00e+00	0.00e+00	0.00e+00	0.00e+00
 1.73951e+11	0.00e+00	2.15e-38	3.10e-29	4.36e-21	8.81e-14	2.20e-07	1.00e+00	0.00e+00	0.00e+00	0.00e+00	0.00e+00	0.00e+00
 2.08320e+11	0.00e+00	0.00e+00	4.24e-29	5.55e-21	1.04e-13	2.40e-07	1.00e+00	0.00e+00	0.00e+00	0.00e+00	0.00e+00	0.00e+00
 2.46580e+11	0.00e+00	4.80e-38	5.93e-29	7.18e-21	1.24e-13	2.63e-07	1.00e+00	0.00e+00	0.00e+00	0.00e+00	0.00e+00	0.00e+00
 2.85192e+11	0.00e+00	0.00e+00	8.21e-29	9.22e-21	1.48e-13	2.88e-07	1.00e+00	0.00e+00	0.00e+00	0.00e+00	0.00e+00	0.00e+00
 3.25349e+11	0.00e+00	1.07e-37	1.14e-28	1.18e-20	1.76e-13	3.15e-07	1.00e+00	0.00e+00	0.00e+00	0.00e+00	0.00e+00	0.00e+00
 3.66769e+11	0.00e+00	0.00e+00	1.57e-28	1.52e-20	2.09e-13	3.44e-07	1.00e+00	0.00e+00	0.00e+00	0.00e+00	0.00e+00	0.00e+00
 4.07434e+11	0.00e+00	2.34e-37	2.14e-28	1.93e-20	2.47e-13	3.75e-07	1.00e+00	0.00e+00	0.00e+00	0.00e+00	0.00e+00	0.00e+00
 4.51246e+11	0.00e+00	0.00e+00	2.93e-28	2.46e-20	2.93e-13	4.10e-07	1.00e+00	0.00e+00	0.00e+00	0.00e+00	0.00e+00	0.00e+00
 4.99222e+11	0.00e+00	5.21e-37	4.10e-28	3.19e-20	3.52e-13	4.51e-07	1.00e+00	0.00e+00	0.00e+00	0.00e+00	0.00e+00	0.00e+00
 5.49118e+11	0.00e+00	0.00e+00	5.72e-28	4.14e-20	4.23e-13	4.96e-07	1.00e+00	0.00e+00	0.00e+00	0.00e+00	0.00e+00	0.00e+00
 6.01009e+11	0.00e+00	1.18e-36	7.98e-28	5.36e-20	5.08e-13	5.47e-07	1.00e+00	0.00e+00	0.00e+00	0.00e+00	0.00e+00	0.00e+00
 6.54977e+11	5.09e-46	1.77e-36	1.11e-27	6.95e-20	6.10e-13	6.02e-07	1.00e+00	0.00e+00	0.00e+00	0.00e+00	0.00e+00	0.00e+00
 7.03772e+11	0.00e+00	0.00e+00	1.48e-27	8.70e-20	7.16e-13	6.55e-07	1.00e+00	0.00e+00	0.00e+00	0.00e+00	0.00e+00	0.00e+00
 7.44403e+11	0.00e+00	3.34e-36	1.87e-27	1.04e-19	8.16e-13	7.02e-07	1.00e+00	0.00e+00	0.00e+00	0.00e+00	0.00e+00	0.00e+00
 7.88903e+11	1.55e-45	4.50e-36	2.39e-27	1.27e-19	9.36e-13	7.55e-07	1.00e+00	0.00e+00	0.00e+00	0.00e+00	0.00e+00	0.00e+00
 8.45299e+11	0.00e+00	0.00e+00	3.22e-27	1.60e-19	1.11e-12	8.27e-07	1.00e+00	0.00e+00	0.00e+00	0.00e+00	0.00e+00	0.00e+00
 9.04155e+11	0.00e+00	9.33e-36	4.36e-27	2.03e-19	1.32e-12	9.06e-07	1.00e+00	0.00e+00	0.00e+00	0.00e+00	0.00e+00	0.00e+00
 9.54073e+11	5.26e-45	1.25e-35	5.57e-27	2.47e-19	1.51e-12	9.77e-07	1.00e+00	0.00e+00	0.00e+00	0.00e+00	0.00e+00	0.00e+00
 1.00538e+12	0.00e+00	0.00e+00	7.10e-27	2.99e-19	1.74e-12	1.05e-06	1.00e+00	0.00e+00	0.00e+00	0.00e+00	0.00e+00	0.00e+00
 1.07003e+12	0.00e+00	2.40e-35	9.53e-27	3.78e-19	2.06e-12	1.15e-06	1.00e+00	0.00e+00	0.00e+00	0.00e+00	0.00e+00	0.00e+00
 1.13572e+12	1.72e-44	3.40e-35	1.27e-26	4.76e-19	2.44e-12	1.26e-06	1.00e+00	0.00e+00	0.00e+00	0.00e+00	0.00e+00	0.00e+00
 1.19201e+12	0.00e+00	4.51e-35	1.61e-26	5.75e-19	2.80e-12	1.36e-06	1.00e+00	0.00e+00	0.00e+00	0.00e+00	0.00e+00	0.00e+00
 1.25235e+12	3.40e-44	6.05e-35	2.06e-26	6.99e-19	3.23e-12	1.47e-06	1.00e+00	0.00e+00	0.00e+00	0.00e+00	0.00e+00	0.00e+00
 1.32714e+12	0.00e+00	8.57e-35	2.75e-26	8.83e-19	3.83e-12	1.61e-06	1.00e+00	0.00e+00	0.00e+00	0.00e+00	0.00e+00	0.00e+00
 1.40389e+12	7.69e-44	1.21e-34	3.66e-26	1.11e-18	4.53e-12	1.77e-06	1.00e+00	0.00e+00	0.00e+00	0.00e+00	0.00e+00	0.00e+00
 1.47286e+12	0.00e+00	1.62e-34	4.68e-26	1.35e-18	5.24e-12	1.92e-06	1.00e+00	0.00e+00	0.00e+00	0.00e+00	0.00e+00	0.00e+00
 1.54858e+12	1.57e-43	2.21e-34	6.08e-26	1.67e-18	6.11e-12	2.08e-06	1.00e+00	0.00e+00	0.00e+00	0.00e+00	0.00e+00	0.00e+00
 1.63817e+12	0.00e+00	3.14e-34	8.17e-26	2.12e-18	7.27e-12	2.30e-06	1.00e+00	0.00e+00	0.00e+00	0.00e+00	0.00e+00	0.00e+00
 1.72798e+12	3.51e-43	4.39e-34	1.08e-25	2.67e-18	8.60e-12	2.52e-06	1.00e+00	0.00e+00	0.00e+00	0.00e+00	0.00e+00	0.00e+00
 1.81306e+12	0.00e+00	5.95e-34	1.40e-25	3.29e-18	1.00e-11	2.74e-06	1.00e+00	0.00e+00	0.00e+00	0.00e+00	0.00e+00	0.00e+00
 1.90720e+12	7.35e-43	8.23e-34	1.84e-25	4.10e-18	1.18e-11	3.00e-06	1.00e+00	0.00e+00	0.00e+00	0.00e+00	0.00e+00	0.00e+00
 2.01341e+12	0.00e+00	1.17e-33	2.48e-25	5.21e-18	1.40e-11	3.30e-06	1.00e+00	0.00e+00	0.00e+00	0.00e+00	0.00e+00	0.00e+00
 2.11938e+12	1.63e-42	1.63e-33	3.28e-25	6.55e-18	1.66e-11	3.63e-06	1.00e+00	0.00e+00	0.00e+00	0.00e+00	0.00e+00	0.00e+00
 2.21294e+12	0.00e+00	2.16e-33	4.17e-25	7.96e-18	1.91e-11	3.93e-06	1.00e+00	0.00e+00	0.00e+00	0.00e+00	0.00e+00	0.00e+00
 2.29135e+12	2.97e-42	2.72e-33	5.07e-25	9.33e-18	2.14e-11	4.19e-06	1.00e+00	0.00e+00	0.00e+00	0.00e+00	0.00e+00	0.00e+00
 2.37569e+12	0.00e+00	3.45e-33	6.21e-25	1.10e-17	2.41e-11	4.47e-06	1.00e+00	0.00e+00	0.00e+00	0.00e+00	0.00e+00	0.00e+00
 2.48533e+12	5.57e-42	4.66e-33	8.01e-25	1.35e-17	2.80e-11	4.87e-06	1.00e+00	0.00e+00	0.00e+00	0.00e+00	0.00e+00	0.00e+00
 2.60006e+12	0.00e+00	6.30e-33	1.04e-24	1.67e-17	3.26e-11	5.30e-06	1.00e+00	0.00e+00	0.00e+00	0.00e+00	0.00e+00	0.00e+00
 2.69794e+12	1.06e-41	8.09e-33	1.28e-24	1.98e-17	3.69e-11	5.68e-06	1.00e+00	0.00e+00	0.00e+00	0.00e+00	0.00e+00	0.00e+00
 2.80173e+12	0.00e+00	1.05e-32	1.59e-24	2.37e-17	4.19e-11	6.10e-06	1.00e+00	0.00e+00	0.00e+00	0.00e+00	0.00e+00	0.00e+00
 2.93256e+12	2.05e-41	1.43e-32	2.08e-24	2.94e-17	4.89e-11	6.65e-06	1.00e+00	0.00e+00	0.00e+00	0.00e+00	0.00e+00	0.00e+00
 3.06735e+12	0.00e+00	1.94e-32	2.70e-24	3.64e-17	5.70e-11	7.25e-06	1.00e+00	0.00e+00	0.00e+00	0.00e+00	0.00e+00	0.00e+00
 3.18568e+12	3.97e-41	2.53e-32	3.38e-24	4.37e-17	6.49e-11	7.80e-06	1.00e+00	0.00e+00	0.00e+00	0.00e+00	0.00e+00	0.00e+00
 3.31386e+12	0.00e+00	3.33e-32	4.27e-24	5.29e-17	7.43e-11	8.42e-06	1.00e+00	0.00e+00	0.00e+00	0.00e+00	0.00e+00	0.00e+00
 3.45581e+12	7.66e-41	4.46e-32	5.49e-24	6.48e-17	8.59e-11	9.14e-06	1.00e+00	0.00e+00	0.00e+00	0.00e+00	0.00e+00	0.00e+00
 3.58728e+12	0.00e+00	5.81e-32	6.87e-24	7.78e-17	9.77e-11	9.83e-06	1.00e+00	0.00e+00	0.00e+00	0.00e+00	0.00e+00	0.00e+00
 3.72980e+12	1.43e-40	7.67e-32	8.70e-24	9.42e-17	1.12e-10	1.06e-05	1.00e+00	0.00e+00	0.00e+00	0.00e+00	0.00e+00	0.00e+00
 3.88835e+12	0.00e+00	1.03e-31	1.12e-23	1.16e-16	1.29e-10	1.15e-05	1.00e+00	0.00e+00	0.00e+00	0.00e+00	0.00e+00	0.00e+00
 4.03635e+12	2.76e-40	1.35e-31	1.41e-23	1.40e-16	1.47e-10	1.24e-05	1.00e+00	0.00e+00	0.00e+00	0.00e+00	0.00e+00	0.00e+00
 4.19734e+12	0.00e+00	1.79e-31	1.80e-23	1.70e-16	1.69e-10	1.34e-05	1.00e+00	0.00e+00	0.00e+00	0.00e+00	0.00e+00	0.00e+00
 4.37639e+12	5.43e-40	2.43e-31	2.33e-23	2.09e-16	1.96e-10	1.45e-05	1.00e+00	0.00e+00	0.00e+00	0.00e+00	0.00e+00	0.00e+00
 4.54375e+12	0.00e+00	3.21e-31	2.95e-23	2.53e-16	2.24e-10	1.57e-05	1.00e+00	0.00e+00	0.00e+00	0.00e+00	0.00e+00	0.00e+00
 4.72617e+12	1.05e-39	4.30e-31	3.78e-23	3.10e-16	2.57e-10	1.69e-05	1.00e+00	0.00e+00	0.00e+00	0.00e+00	0.00e+00	0.00e+00
 4.92989e+12	0.00e+00	5.88e-31	4.94e-23	3.84e-16	2.99e-10	1.84e-05	1.00e+00	0.00e+00	0.00e+00	0.00e+00	0.00e+00	0.00e+00
 5.12168e+12	2.10e-39	7.84e-31	6.31e-23	4.68e-16	3.42e-10	1.99e-05	1.00e+00	0.00e+00	0.00e+00	0.00e+00	0.00e+00	0.00e+00
 5.33137e+12	0.00e+00	1.06e-30	8.18e-23	5.76e-16	3.95e-10	2.15e-05	1.00e+00	0.00e+00	0.00e+00	0.00e+00	0.00e+00	0.00e+00
 5.56620e+12	4.36e-39	1.48e-30	1.08e-22	7.21e-16	4.61e-10	2.35e-05	1.00e+00	0.00e+00	0.00e+00	0.00e+00	0.00e+00	0.00e+00
 5.78871e+12	0.00e+00	2.00e-30	1.40e-22	8.85e-16	5.30e-10	2.54e-05	1.00e+00	0.00e+00	0.00e+00	0.00e+00	0.00e+00	0.00e+00
 6.02776e+12	8.92e-39	2.75e-30	1.83e-22	1.09e-15	6.14e-10	2.75e-05	1.00e+00	0.00e+00	0.00e+00	0.00e+00	0.00e+00	0.00e+00
 6.29880e+12	0.00e+00	3.87e-30	2.44e-22	1.38e-15	7.19e-10	3.01e-05	1.00e+00	0.00e+00	0.00e+00	0.00e+00	0.00e+00	0.00e+00
 6.56621e+12	1.94e-38	5.39e-30	3.23e-22	1.72e-15	8.36e-10	3.27e-05	1.00e+00	0.00e+00	0.00e+00	0.00e+00	0.00e+00	0.00e+00
 6.84431e+12	0.00e+00	7.50e-30	4.26e-22	2.15e-15	9.72e-10	3.55e-05	1.00e+00	0.00e+00	0.00e+00	0.00e+00	0.00e+00	0.00e+00
 7.14801e+12	4.32e-38	1.07e-29	5.74e-22	2.71e-15	1.14e-09	3.87e-05	1.00e+00	0.00e+00	0.00e+00	0.00e+00	0.00e+00	0.00e+00
 7.46386e+12	0.00e+00	1.52e-29	7.70e-22	3.43e-15	1.33e-09	4.22e-05	1.00e+00	0.00e+00	0.00e+00	0.00e+00	0.00e+00	0.00e+00
 7.77196e+12	9.53e-38	2.12e-29	1.02e-21	4.26e-15	1.55e-09	4.58e-05	1.00e+00	0.00e+00	0.00e+00	0.00e+00	0.00e+00	0.00e+00
 8.05451e+12	0.00e+00	2.85e-29	1.30e-21	5.18e-15	1.76e-09	4.92e-05	1.00e+00	0.00e+00	0.00e+00	0.00e+00	0.00e+00	0.00e+00
 8.30749e+12	1.81e-37	3.69e-29	1.62e-21	6.13e-15	1.98e-09	5.23e-05	1.00e+00	0.00e+00	0.00e+00	0.00e+00	0.00e+00	0.00e+00
 8.57775e+12	0.00e+00	4.85e-29	2.03e-21	7.30e-15	2.22e-09	5.57e-05	1.00e+00	0.00e+00	0.00e+00	0.00e+00	0.00e+00	0.00e+00
 8.92008e+12	3.69e-37	6.78e-29	2.67e-21	9.05e-15	2.57e-09	6.02e-05	1.00e+00	0.00e+00	0.00e+00	0.00e+00	0.00e+00	0.00e+00
 9.26717e+12	0.00e+00	9.35e-29	3.50e-21	1.12e-14	2.96e-09	6.50e-05	1.00e+00	0.00e+00	0.00e+00	0.00e+00	0.00e+00	0.00e+00
 9.55996e+12	7.34e-37	1.22e-28	4.37e-21	1.33e-14	3.32e-09	6.91e-05	1.00e+00	0.00e+00	0.00e+00	0.00e+00	0.00e+00	0.00e+00
 9.87107e+12	0.00e+00	1.62e-28	5.49e-21	1.58e-14	3.74e-09	7.36e-05	1.00e+00	0.00e+00	0.00e+00	0.00e+00	0.00e+00	0.00e+00
 1.02628e+13	1.53e-36	2.28e-28	7.28e-21	1.97e-14	4.33e-09	7.95e-05	1.00e+00	0.00e+00	0.00e+00	0.00e+00	0.00e+00	0.00e+00
 1.06629e+13	0.00e+00	3.18e-28	9.58e-21	2.43e-14	4.99e-09	8.58e-05	1.00e+00	0.00e+00	0.00e+00	0.00e+00	0.00e+00	0.00e+00
 1.10051e+13	3.13e-36	4.21e-28	1.21e-20	2.90e-14	5.62e-09	9.13e-05	1.00e+00	0.00e+00	0.00e+00	0.00e+00	0.00e+00	0.00e+00
 1.13685e+13	0.00e+00	5.63e-28	1.53e-20	3.48e-14	6.34e-09	9.73e-05	1.00e+00	0.00e+00	0.00e+00	0.00e+00	0.00e+00	0.00e+00
 1.18203e+13	6.72e-36	8.02e-28	2.04e-20	4.34e-14	7.34e-09	1.05e-04	1.00e+00	0.00e+00	0.00e+00	0.00e+00	0.00e+00	0.00e+00
 1.22832e+13	0.00e+00	1.12e-27	2.70e-20	5.38e-14	8.49e-09	1.13e-04	1.00e+00	0.00e+00	0.00e+00	0.00e+00	0.00e+00	0.00e+00
 1.26895e+13	1.43e-35	1.52e-27	3.44e-20	6.47e-14	9.60e-09	1.21e-04	1.00e+00	0.00e+00	0.00e+00	0.00e+00	0.00e+00	0.00e+00
 1.31261e+13	0.00e+00	2.07e-27	4.43e-20	7.83e-14	1.09e-08	1.29e-04	1.00e+00	0.00e+00	0.00e+00	0.00e+00	0.00e+00	0.00e+00
 1.36554e+13	3.18e-35	2.98e-27	5.95e-20	9.80e-14	1.27e-08	1.39e-04	1.00e+00	0.00e+00	0.00e+00	0.00e+00	0.00e+00	0.00e+00
 1.41911e+13	4.87e-35	4.27e-27	7.94e-20	1.22e-13	1.47e-08	1.50e-04	1.00e+00	0.00e+00	0.00e+00	0.00e+00	0.00e+00	0.00e+00
 1.46817e+13	7.08e-35	5.85e-27	1.03e-19	1.48e-13	1.67e-08	1.60e-04	1.00e+00	0.00e+00	0.00e+00	0.00e+00	0.00e+00	0.00e+00
 1.52274e+13	1.06e-34	8.22e-27	1.35e-19	1.82e-13	1.92e-08	1.72e-04	1.00e+00	0.00e+00	0.00e+00	0.00e+00	0.00e+00	0.00e+00
 1.58616e+13	1.68e-34	1.21e-26	1.84e-19	2.30e-13	2.24e-08	1.86e-04	1.00e+00	0.00e+00	0.00e+00	0.00e+00	0.00e+00	0.00e+00
 1.64861e+13	2.61e-34	1.74e-26	2.47e-19	2.87e-13	2.60e-08	2.00e-04	1.00e+00	0.00e+00	0.00e+00	0.00e+00	0.00e+00	0.00e+00
 1.70815e+13	3.90e-34	2.44e-26	3.24e-19	3.52e-13	2.97e-08	2.14e-04	1.00e+00	0.00e+00	0.00e+00	0.00e+00	0.00e+00	0.00e+00
 1.77406e+13	6.00e-34	3.50e-26	4.33e-19	4.38e-13	3.44e-08	2.31e-04	1.00e+00	0.00e+00	0.00e+00	0.00e+00	0.00e+00	0.00e+00
 1.84802e+13	9.57e-34	5.16e-26	5.92e-19	5.54e-13	4.02e-08	2.49e-04	1.00e+00	0.00e+00	0.00e+00	0.00e+00	0.00e+00	0.00e+00
 1.92299e+13	1.51e-33	7.56e-26	8.04e-19	6.96e-13	4.68e-08	2.69e-04	1.00e+00	0.00e+00	0.00e+00	0.00e+00	0.00e+00	0.00e+00
 2.00097e+13	2.39e-33	1.11e-25	1.09e-18	8.76e-13	5.46e-08	2.90e-04	1.00e+00	0.00e+00	0.00e+00	0.00e+00	0.00e+00	0.00e+00
 2.08400e+13	3.83e-33	1.64e-25	1.50e-18	1.11e-12	6.39e-08	3.14e-04	1.00e+00	0.00e+00	0.00e+00	0.00e+00	0.00e+00	0.00e+00
 2.17035e+13	6.13e-33	2.43e-25	2.05e-18	1.40e-12	7.47e-08	3.39e-04	1.00e+00	0.00e+00	0.00e+00	0.00e+00	0.00e+00	0.00e+00
 2.25423e+13	9.53e-33	3.50e-25	2.75e-18	1.75e-12	8.65e-08	3.65e-04	1.00e+00	0.00e+00	0.00e+00	0.00e+00	0.00e+00	0.00e+00
 2.32583e+13	1.36e-32	4.72e-25	3.50e-18	2.10e-12	9.76e-08	3.88e-04	1.00e+00	0.00e+00	0.00e+00	0.00e+00	0.00e+00	0.00e+00
 2.38922e+13	1.87e-32	6.14e-25	4.32e-18	2.45e-12	1.08e-07	4.08e-04	1.00e+00	0.00e+00	0.00e+00	0.00e+00	0.00e+00	0.00e+00
 2.46200e+13	2.66e-32	8.25e-25	5.46e-18	2.92e-12	1.22e-07	4.32e-04	1.00e+00	0.00e+00	0.00e+00	0.00e+00	0.00e+00	0.00e+00
 2.55469e+13	4.10e-32	1.18e-24	7.29e-18	3.62e-12	1.40e-07	4.64e-04	1.00e+00	0.00e+00	0.00e+00	0.00e+00	0.00e+00	0.00e+00
 2.65153e+13	6.26e-32	1.68e-24	9.73e-18	4.50e-12	1.62e-07	4.99e-04	1.00e+00	0.00e+00	0.00e+00	0.00e+00	0.00e+00	0.00e+00
 2.73687e+13	9.07e-32	2.29e-24	1.25e-17	5.41e-12	1.84e-07	5.30e-04	9.99e-01	0.00e+00	0.00e+00	0.00e+00	0.00e+00	0.00e+00
 2.82902e+13	1.34e-31	3.18e-24	1.62e-17	6.56e-12	2.09e-07	5.65e-04	9.99e-01	0.00e+00	0.00e+00	0.00e+00	0.00e+00	0.00e+00
 2.94022e+13	2.10e-31	4.62e-24	2.18e-17	8.22e-12	2.43e-07	6.09e-04	9.99e-01	0.00e+00	0.00e+00	0.00e+00	0.00e+00	0.00e+00
 3.05334e+13	3.22e-31	6.60e-24	2.93e-17	1.03e-11	2.81e-07	6.56e-04	9.99e-01	0.00e+00	0.00e+00	0.00e+00	0.00e+00	0.00e+00
 3.15863e+13	4.78e-31	9.19e-24	3.82e-17	1.25e-11	3.21e-07	7.00e-04	9.99e-01	0.00e+00	0.00e+00	0.00e+00	0.00e+00	0.00e+00
 3.27560e+13	7.35e-31	1.31e-23	5.08e-17	1.55e-11	3.70e-07	7.51e-04	9.99e-01	0.00e+00	0.00e+00	0.00e+00	0.00e+00	0.00e+00
 3.40962e+13	1.15e-30	1.92e-23	6.93e-17	1.96e-11	4.32e-07	8.13e-04	9.99e-01	0.00e+00	0.00e+00	0.00e+00	0.00e+00	0.00e+00
 3.53326e+13	1.76e-30	2.73e-23	9.17e-17	2.41e-11	4.97e-07	8.71e-04	9.99e-01	0.00e+00	0.00e+00	0.00e+00	0.00e+00	0.00e+00
 3.64005e+13	2.44e-30	3.60e-23	1.16e-16	2.87e-11	5.58e-07	9.24e-04	9.99e-01	0.00e+00	0.00e+00	0.00e+00	0.00e+00	0.00e+00
 3.75845e+13	3.56e-30	4.93e-23	1.49e-16	3.47e-11	6.33e-07	9.84e-04	9.99e-01	0.00e+00	0.00e+00	0.00e+00	0.00e+00	0.00e+00
 3.90337e+13	5.41e-30	7.03e-23	1.99e-16	4.33e-11	7.34e-07	1.06e-03	9.99e-01	0.00e+00	0.00e+00	0.00e+00	0.00e+00	0.00e+00
 4.05009e+13	8.36e-30	1.01e-22	2.66e-16	5.38e-11	8.48e-07	1.14e-03	9.99e-01	0.00e+00	0.00e+00	0.00e+00	0.00e+00	0.00e+00
 4.18162e+13	1.18e-29	1.36e-22	3.41e-16	6.49e-11	9.61e-07	1.22e-03	9.99e-01	0.00e+00	0.00e+00	0.00e+00	0.00e+00	0.00e+00
 4.32607e+13	1.77e-29	1.90e-22	4.46e-16	7.92e-11	1.10e-06	1.30e-03	9.99e-01	0.00e+00	0.00e+00	0.00e+00	0.00e+00	0.00e+00
 4.49736e+13	2.70e-29	2.72e-22	6.02e-16	9.96e-11	1.28e-06	1.40e-03	9.99e-01	0.00e+00	0.00e+00	0.00e+00	0.00e+00	0.00e+00
 4.66592e+13	4.09e-29	3.86e-22	8.02e-16	1.24e-10	1.48e-06	1.51e-03	9.98e-01	0.00e+00	0.00e+00	0.00e+00	0.00e+00	0.00e+00
 4.81939e+13	5.87e-29	5.24e-22	1.03e-15	1.50e-10	1.68e-06	1.61e-03	9.98e-01	0.00e+00	0.00e+00	0.00e+00	0.00e+00	0.00e+00
 4.99084e+13	8.74e-29	7.33e-22	1.36e-15	1.84e-10	1.93e-06	1.73e-03	9.98e-01	0.00e+00	0.00e+00	0.00e+00	0.00e+00	0.00e+00
 5.19101e+13	1.35e-28	1.06e-21	1.85e-15	2.32e-10	2.25e-06	1.87e-03	9.98e-01	0.00e+00	0.00e+00	0.00e+00	0.00e+00	0.00e+00
 5.38786e+13	2.09e-28	1.53e-21	2.47e-15	2.89e-10	2.60e-06	2.01e-03	9.98e-01	0.00e+00	0.00e+00	0.00e+00	0.00e+00	0.00e+00
 5.57325e+13	2.99e-28	2.08e-21	3.21e-15	3.52e-10	2.97e-06	2.15e-03	9.98e-01	0.00e+00	0.00e+00	0.00e+00	0.00e+00	0.00e+00
 5.77983e+13	4.57e-28	2.96e-21	4.28e-15	4.37e-10	3.43e-06	2.31e-03	9.98e-01	0.00e+00	0.00e+00	0.00e+00	0.00e+00	0.00e+00
 6.01402e+13	6.94e-28	4.25e-21	5.82e-15	5.52e-10	4.01e-06	2.51e-03	9.97e-01	0.00e+00	0.00e+00	0.00e+00	0.00e+00	0.00e+00
 6.24709e+13	1.06e-27	6.10e-21	7.85e-15	6.92e-10	4.66e-06	2.70e-03	9.97e-01	0.00e+00	0.00e+00	0.00e+00	0.00e+00	0.00e+00
 6.46464e+13	1.58e-27	8.49e-21	1.03e-14	8.47e-10	5.33e-06	2.90e-03	9.97e-01	0.00e+00	0.00e+00	0.00e+00	0.00e+00	0.00e+00
 6.70136e+13	2.35e-27	1.19e-20	1.36e-14	1.05e-09	6.14e-06	3.11e-03	9.97e-01	0.00e+00	0.00e+00	0.00e+00	0.00e+00	0.00e+00
 6.96651e+13	3.53e-27	1.69e-20	1.84e-14	1.32e-09	7.15e-06	3.37e-03	9.97e-01	0.00e+00	0.00e+00	0.00e+00	0.00e+00	0.00e+00
 7.21355e+13	5.31e-27	2.38e-20	2.42e-14	1.62e-09	8.21e-06	3.61e-03	9.96e-01	0.00e+00	0.00e+00	0.00e+00	0.00e+00	0.00e+00
 7.44222e+13	7.33e-27	3.15e-20	3.09e-14	1.95e-09	9.28e-06	3.84e-03	9.96e-01	0.00e+00	0.00e+00	0.00e+00	0.00e+00	0.00e+00
 7.66180e+13	1.02e-26	4.17e-20	3.88e-14	2.31e-09	1.04e-05	4.07e-03	9.96e-01	0.00e+00	0.00e+00	0.00e+00	0.00e+00	0.00e+00
 7.90484e+13	1.42e-26	5.54e-20	4.96e-14	2.78e-09	1.18e-05	4.33e-03	9.96e-01	0.00e+00	0.00e+00	0.00e+00	0.00e+00	0.00e+00
 8.17353e+13	2.09e-26	7.65e-20	6.45e-14	3.39e-09	1.34e-05	4.63e-03	9.95e-01	0.00e+00	0.00e+00	0.00e+00	0.00e+00	0.00e+00
 8.42384e+13	2.83e-26	9.99e-20	8.15e-14	4.05e-09	1.51e-05	4.92e-03	9.95e-01	0.00e+00	0.00e+00	0.00e+00	0.00e+00	0.00e+00
 8.69749e+13	4.05e-26	1.35e-19	1.05e-13	4.90e-09	1.72e-05	5.24e-03	9.95e-01	0.00e+00	0.00e+00	0.00e+00	0.00e+00	0.00e+00
 9.00492e+13	6.02e-26	1.89e-19	1.38e-13	6.01e-09	1.97e-05	5.62e-03	9.94e-01	0.00e+00	0.00e+00	0.00e+00	0.00e+00	0.00e+00
 9.29796e+13	8.34e-26	2.51e-19	1.77e-13	7.27e-09	2.23e-05	6.00e-03	9.94e-01	0.00e+00	0.00e+00	0.00e+00	0.00e+00	0.00e+00
 9.62061e+13	1.24e-25	3.50e-19	2.32e-13	8.90e-09	2.56e-05	6.41e-03	9.94e-01	0.00e+00	0.00e+00	0.00e+00	0.00e+00	0.00e+00
 9.97732e+13	1.78e-25	4.82e-19	3.07e-13	1.10e-08	2.95e-05	6.91e-03	9.93e-01	0.00e+00	0.00e+00	0.00e+00	0.00e+00	0.00e+00
 1.03067e+14	2.56e-25	6.56e-19	3.97e-13	1.34e-08	3.35e-05	7.37e-03	9.93e-01	0.00e+00	0.00e+00	0.00e+00	0.00e+00	0.00e+00
 1.06634e+14	3.76e-25	9.08e-19	5.19e-13	1.64e-08	3.84e-05	7.88e-03	9.92e-01	0.00e+00	0.00e+00	0.00e+00	0.00e+00	0.00e+00
 1.10616e+14	5.44e-25	1.25e-18	6.91e-13	2.03e-08	4.43e-05	8.49e-03	9.91e-01	0.00e+00	0.00e+00	0.00e+00	0.00e+00	0.00e+00
 1.14353e+14	7.97e-25	1.73e-18	8.98e-13	2.48e-08	5.05e-05	9.07e-03	9.91e-01	0.00e+00	0.00e+00	0.00e+00	0.00e+00	0.00e+00
 1.18427e+14	1.14e-24	2.36e-18	1.18e-12	3.05e-08	5.80e-05	9.74e-03	9.90e-01	0.00e+00	0.00e+00	0.00e+00	0.00e+00	0.00e+00
 1.22954e+14	1.73e-24	3.37e-18	1.58e-12	3.81e-08	6.72e-05	1.05e-02	9.89e-01	0.00e+00	0.00e+00	0.00e+00	0.00e+00	0.00e+00
 1.27185e+14	2.40e-24	4.52e-18	2.06e-12	4.65e-08	7.68e-05	1.12e-02	9.89e-01	0.00e+00	0.00e+00	0.00e+00	0.00e+00	0.00e+00
 1.31790e+14	3.60e-24	6.35e-18	2.72e-12	5.74e-08	8.84e-05	1.21e-02	9.88e-01	0.00e+00	0.00e+00	0.00e+00	0.00e+00	0.00e+00
 1.36935e+14	5.24e-24	8.86e-18	3.67e-12	7.20e-08	1.03e-04	1.31e-02	9.87e-01	0.00e+00	0.00e+00	0.00e+00	0.00e+00	0.00e+00
 1.41791e+14	7.70e-24	1.23e-17	4.81e-12	8.85e-08	1.18e-04	1.40e-02	9.86e-01	0.00e+00	0.00e+00	0.00e+00	0.00e+00	0.00e+00
 1.46998e+14	1.10e-23	1.69e-17	6.36e-12	1.10e-07	1.36e-04	1.51e-02	9.85e-01	0.00e+00	0.00e+00	0.00e+00	0.00e+00	0.00e+00
 1.52787e+14	1.67e-23	2.41e-17	8.60e-12	1.38e-07	1.58e-04	1.63e-02	9.84e-01	0.00e+00	0.00e+00	0.00e+00	0.00e+00	0.00e+00
 1.58408e+14	2.34e-23	3.28e-17	1.13e-11	1.70e-07	1.82e-04	1.76e-02	9.82e-01	0.00e+00	0.00e+00	0.00e+00	0.00e+00	0.00e+00
 1.64375e+14	3.44e-23	4.59e-17	1.51e-11	2.12e-07	2.11e-04	1.90e-02	9.81e-01	0.00e+00	0.00e+00	0.00e+00	0.00e+00	0.00e+00
 1.70980e+14	5.09e-23	6.49e-17	2.05e-11	2.68e-07	2.46e-04	2.06e-02	9.79e-01	0.00e+00	0.00e+00	0.00e+00	0.00e+00	0.00e+00
 1.77581e+14	7.56e-23	9.16e-17	2.75e-11	3.35e-07	2.85e-04	2.22e-02	9.77e-01	0.00e+00	0.00e+00	0.00e+00	0.00e+00	0.00e+00
 1.83065e+14	1.03e-22	1.20e-16	3.47e-11	4.01e-07	3.22e-04	2.37e-02	9.76e-01	0.00e+00	0.00e+00	0.00e+00	0.00e+00	0.00e+00
 1.87343e+14	1.28e-22	1.46e-16	4.15e-11	4.59e-07	3.52e-04	2.48e-02	9.75e-01	0.00e+00	0.00e+00	0.00e+00	0.00e+00	0.00e+00
 1.92008e+14	1.64e-22	1.82e-16	5.01e-11	5.31e-07	3.87e-04	2.61e-02	9.73e-01	0.00e+00	0.00e+00	0.00e+00	0.00e+00	0.00e+00
 1.98073e+14	2.19e-22	2.37e-16	6.35e-11	6.37e-07	4.37e-04	2.79e-02	9.72e-01	0.00e+00	0.00e+00	0.00e+00	0.00e+00	0.00e+00
 2.04603e+14	3.06e-22	3.17e-16	8.15e-11	7.72e-07	4.96e-04	2.98e-02	9.70e-01	0.00e+00	0.00e+00	0.00e+00	0.00e+00	0.00e+00
 2.10468e+14	3.97e-22	4.03e-16	1.01e-10	9.12e-07	5.54e-04	3.17e-02	9.68e-01	0.00e+00	0.00e+00	0.00e+00	0.00e+00	0.00e+00
 2.16819e+14	5.35e-22	5.25e-16	1.27e-10	1.09e-06	6.22e-04	3.37e-02	9.66e-01	0.00e+00	0.00e+00	0.00e+00	0.00e+00	0.00e+00
 2.24832e+14	7.52e-22	7.15e-16	1.67e-10	1.34e-06	7.16e-04	3.64e-02	9.63e-01	0.00e+00	0.00e+00	0.00e+00	0.00e+00	0.00e+00
 2.32890e+14	1.06e-21	9.76e-16	2.19e-10	1.65e-06	8.21e-04	3.92e-02	9.60e-01	0.00e+00	0.00e+00	0.00e+00	0.00e+00	0.00e+00
 2.39678e+14	1.40e-21	1.25e-15	2.73e-10	1.96e-06	9.17e-04	4.16e-02	9.57e-01	0.00e+00	0.00e+00	0.00e+00	0.00e+00	0.00e+00
 2.46929e+14	1.86e-21	1.62e-15	3.42e-10	2.33e-06	1.03e-03	4.43e-02	9.55e-01	0.00e+00	0.00e+00	0.00e+00	0.00e+00	0.00e+00
 2.56063e+14	2.62e-21	2.22e-15	4.51e-10	2.89e-06	1.18e-03	4.78e-02	9.51e-01	0.00e+00	0.00e+00	0.00e+00	0.00e+00	0.00e+00
 2.65541e+14	3.69e-21	3.03e-15	5.95e-10	3.58e-06	1.36e-03	5.16e-02	9.47e-01	0.00e+00	0.00e+00	0.00e+00	0.00e+00	0.00e+00
 2.73907e+14	5.00e-21	3.99e-15	7.54e-10	4.29e-06	1.53e-03	5.51e-02	9.43e-01	0.00e+00	0.00e+00	0.00e+00	0.00e+00	0.00e+00
 2.82931e+14	6.76e-21	5.26e-15	9.66e-10	5.19e-06	1.74e-03	5.89e-02	9.39e-01	0.00e+00	0.00e+00	0.00e+00	0.00e+00	0.00e+00
 2.93807e+14	9.70e-21	7.33e-15	1.29e-09	6.47e-06	2.01e-03	6.38e-02	9.34e-01	0.00e+00	0.00e+00	0.00e+00	0.00e+00	0.00e+00
 3.04568e+14	1.37e-20	1.01e-14	1.70e-09	7.99e-06	2.30e-03	6.88e-02	9.29e-01	0.00e+00	0.00e+00	0.00e+00	0.00e+00	0.00e+00
 3.14121e+14	1.85e-20	1.32e-14	2.15e-09	9.57e-06	2.59e-03	7.33e-02	9.24e-01	0.00e+00	0.00e+00	0.00e+00	0.00e+00	0.00e+00
 3.24626e+14	2.53e-20	1.76e-14	2.76e-09	1.16e-05	2.93e-03	7.86e-02	9.18e-01	0.00e+00	0.00e+00	0.00e+00	0.00e+00	0.00e+00
 3.37190e+14	3.65e-20	2.47e-14	3.70e-09	1.45e-05	3.38e-03	8.49e-02	9.12e-01	0.00e+00	0.00e+00	0.00e+00	0.00e+00	0.00e+00
 3.49703e+14	5.21e-20	3.42e-14	4.89e-09	1.79e-05	3.88e-03	9.15e-02	9.05e-01	0.00e+00	0.00e+00	0.00e+00	0.00e+00	0.00e+00
 3.61133e+14	7.07e-20	4.53e-14	6.26e-09	2.16e-05	4.37e-03	9.75e-02	8.98e-01	0.00e+00	0.00e+00	0.00e+00	0.00e+00	0.00e+00
 3.73880e+14	1.01e-19	6.24e-14	8.16e-09	2.64e-05	4.98e-03	1.05e-01	8.90e-01	0.00e+00	0.00e+00	0.00e+00	0.00e+00	0.00e+00
 3.88721e+14	1.48e-19	8.86e-14	1.10e-08	3.31e-05	5.75e-03	1.13e-01	8.81e-01	0.00e+00	0.00e+00	0.00e+00	0.00e+00	0.00e+00
 4.03320e+14	2.14e-19	1.24e-13	1.46e-08	4.09e-05	6.60e-03	1.22e-01	8.72e-01	0.00e+00	0.00e+00	0.00e+00	0.00e+00	0.00e+00
 4.17151e+14	2.93e-19	1.66e-13	1.89e-08	4.97e-05	7.46e-03	1.30e-01	8.63e-01	0.00e+00	0.00e+00	0.00e+00	0.00e+00	0.00e+00
 4.32515e+14	4.32e-19	2.35e-13	2.50e-08	6.12e-05	8.52e-03	1.39e-01	8.52e-01	0.00e+00	0.00e+00	0.00e+00	0.00e+00	0.00e+00
 4.47049e+14	6.03e-19	3.18e-13	3.23e-08	7.40e-05	9.61e-03	1.48e-01	8.42e-01	0.00e+00	0.00e+00	0.00e+00	0.00e+00	0.00e+00
 4.57860e+14	7.70e-19	3.97e-13	3.88e-08	8.48e-05	1.05e-02	1.55e-01	8.34e-01	0.00e+00	0.00e+00	0.00e+00	0.00e+00	0.00e+00
 4.68837e+14	9.82e-19	4.94e-13	4.65e-08	9.71e-05	1.14e-02	1.62e-01	8.27e-01	0.00e+00	0.00e+00	0.00e+00	0.00e+00	0.00e+00
 4.83107e+14	1.31e-18	6.43e-13	5.85e-08	1.15e-04	1.27e-02	1.71e-01	8.16e-01	0.00e+00	0.00e+00	0.00e+00	0.00e+00	0.00e+00
 4.98651e+14	1.86e-18	8.76e-13	7.47e-08	1.38e-04	1.42e-02	1.81e-01	8.05e-01	0.00e+00	0.00e+00	0.00e+00	0.00e+00	0.00e+00
 5.12693e+14	2.47e-18	1.13e-12	9.23e-08	1.61e-04	1.57e-02	1.90e-01	7.94e-01	0.00e+00	0.00e+00	0.00e+00	0.00e+00	0.00e+00
 5.27790e+14	3.28e-18	1.46e-12	1.15e-07	1.90e-04	1.74e-02	2.00e-01	7.83e-01	0.00e+00	0.00e+00	0.00e+00	0.00e+00	0.00e+00
 5.47064e+14	4.90e-18	2.08e-12	1.52e-07	2.32e-04	1.97e-02	2.13e-01	7.67e-01	0.00e+00	0.00e+00	0.00e+00	0.00e+00	0.00e+00
 5.66530e+14	7.09e-18	2.89e-12	1.98e-07	2.83e-04	2.23e-02	2.26e-01	7.52e-01	0.00e+00	0.00e+00	0.00e+00	0.00e+00	0.00e+00
 5.82741e+14	9.55e-18	3.76e-12	2.45e-07	3.30e-04	2.46e-02	2.36e-01	7.39e-01	0.00e+00	0.00e+00	0.00e+00	0.00e+00	0.00e+00
 5.99957e+14	1.30e-17	4.94e-12	3.06e-07	3.88e-04	2.71e-02	2.47e-01	7.25e-01	0.00e+00	0.00e+00	0.00e+00	0.00e+00	0.00e+00
 6.21897e+14	1.91e-17	6.91e-12	4.01e-07	4.73e-04	3.06e-02	2.62e-01	7.07e-01	0.00e+00	0.00e+00	0.00e+00	0.00e+00	0.00e+00
 6.45084e+14	2.86e-17	9.75e-12	5.29e-07	5.77e-04	3.46e-02	2.76e-01	6.88e-01	0.00e+00	0.00e+00	1.64e-17	8.69e-18	3.06e-18
 6.65866e+14	4.02e-17	1.31e-11	6.70e-07	6.84e-04	3.84e-02	2.89e-01	6.72e-01	0.00e+00	0.00e+00	2.30e-17	1.23e-17	4.28e-18
 6.88414e+14	5.71e-17	1.78e-11	8.58e-07	8.18e-04	4.28e-02	3.03e-01	6.53e-01	0.00e+00	0.00e+00	3.27e-17	1.74e-17	6.04e-18
 7.15197e+14	8.68e-17	2.55e-11	1.14e-06	1.00e-03	4.84e-02	3.19e-01	6.31e-01	0.00e+00	0.00e+00	4.98e-17	2.64e-17	9.13e-18
 7.41580e+14	1.27e-16	3.55e-11	1.49e-06	1.21e-03	5.42e-02	3.34e-01	6.10e-01	0.00e+00	0.00e+00	7.31e-17	3.87e-17	1.33e-17
 7.65566e+14	1.80e-16	4.77e-11	1.88e-06	1.43e-03	5.98e-02	3.48e-01	5.91e-01	0.00e+00	0.00e+00	1.03e-16	5.46e-17	1.87e-17
 7.92340e+14	2.53e-16	6.44e-11	2.41e-06	1.71e-03	6.64e-02	3.62e-01	5.70e-01	0.00e+00	0.00e+00	1.45e-16	7.67e-17	2.62e-17
 8.23638e+14	3.96e-16	9.35e-11	3.19e-06	2.08e-03	7.46e-02	3.78e-01	5.46e-01	0.00e+00	0.00e+00	2.28e-16	1.20e-16	4.08e-17
 8.54499e+14	5.90e-16	1.31e-10	4.14e-06	2.50e-03	8.31e-02	3.92e-01	5.22e-01	0.00e+00	0.00e+00	3.40e-16	1.79e-16	6.06e-17
 8.83644e+14	8.49e-16	1.78e-10	5.26e-06	2.96e-03	9.15e-02	4.05e-01	5.01e-01	0.00e+00	0.00e+00	4.89e-16	2.58e-16	8.69e-17
 9.16068e+14	1.21e-15	2.41e-10	6.77e-06	3.53e-03	1.01e-01	4.18e-01	4.77e-01	0.00e+00	0.00e+00	6.99e-16	3.67e-16	1.24e-16
 9.52741e+14	1.94e-15	3.53e-10	8.92e-06	4.27e-03	1.13e-01	4.32e-01	4.51e-01	0.00e+00	0.00e+00	1.12e-15	5.87e-16	1.97e-16
 9.83488e+14	2.73e-15	4.68e-10	1.11e-05	4.97e-03	1.23e-01	4.42e-01	4.31e-01	0.00e+00	0.00e+00	1.58e-15	8.28e-16	2.77e-16
 1.00560e+15	3.47e-15	5.70e-10	1.29e-05	5.52e-03	1.30e-01	4.49e-01	4.16e-01	0.00e+00	0.00e+00	2.00e-15	1.05e-15	3.51e-16
 1.02873e+15	4.43e-15	6.97e-10	1.51e-05	6.13e-03	1.38e-01	4.55e-01	4.01e-01	0.00e+00	0.00e+00	2.56e-15	1.34e-15	4.47e-16
 1.05879e+15	5.81e-15	8.78e-10	1.83e-05	7.00e-03	1.48e-01	4.62e-01	3.83e-01	0.00e+00	0.00e+00	3.36e-15	1.76e-15	5.85e-16
 1.09238e+15	8.45e-15	1.18e-09	2.25e-05	8.08e-03	1.60e-01	4.70e-01	3.63e-01	0.00e+00	0.00e+00	4.89e-15	2.56e-15	8.49e-16
 1.12379e+15	1.13e-14	1.50e-09	2.72e-05	9.17e-03	1.71e-01	4.75e-01	3.45e-01	0.00e+00	0.00e+00	6.55e-15	3.43e-15	1.14e-15
 1.15786e+15	1.51e-14	1.91e-09	3.30e-05	1.05e-02	1.83e-01	4.80e-01	3.26e-01	0.00e+00	0.00e+00	8.75e-15	4.58e-15	1.51e-15
 1.19616e+15	2.22e-14	2.58e-09	4.08e-05	1.21e-02	1.97e-01	4.85e-01	3.06e-01	0.00e+00	0.00e+00	1.29e-14	6.75e-15	2.22e-15
 1.23241e+15	3.02e-14	3.30e-09	4.94e-05	1.37e-02	2.10e-01	4.88e-01	2.88e-01	0.00e+00	0.00e+00	1.75e-14	9.17e-15	3.02e-15
 1.27196e+15	4.09e-14	4.24e-09	6.03e-05	1.56e-02	2.25e-01	4.89e-01	2.70e-01	0.00e+00	0.00e+00	2.37e-14	1.24e-14	4.08e-15
 1.31644e+15	6.14e-14	5.79e-09	7.50e-05	1.80e-02	2.41e-01	4.90e-01	2.50e-01	0.00e+00	0.00e+00	3.56e-14	1.86e-14	6.11e-15
 1.35864e+15	8.46e-14	7.46e-09	9.11e-05	2.05e-02	2.57e-01	4.90e-01	2.33e-01	0.00e+00	0.00e+00	4.90e-14	2.57e-14	8.40e-15
 1.40483e+15	1.16e-13	9.64e-09	1.12e-04	2.34e-02	2.73e-01	4.88e-01	2.16e-01	0.00e+00	0.00e+00	6.73e-14	3.52e-14	1.15e-14
 1.45654e+15	1.77e-13	1.33e-08	1.39e-04	2.69e-02	2.92e-01	4.84e-01	1.97e-01	0.00e+00	0.00e+00	1.03e-13	5.38e-14	1.76e-14
 1.50466e+15	2.49e-13	1.73e-08	1.69e-04	3.05e-02	3.09e-01	4.79e-01	1.81e-01	0.00e+00	0.00e+00	1.44e-13	7.54e-14	2.46e-14
 1.55647e+15	3.49e-13	2.25e-08	2.06e-04	3.46e-02	3.26e-01	4.73e-01	1.66e-01	0.00e+00	0.00e+00	2.03e-13	1.06e-13	3.45e-14
 1.61452e+15	4.89e-13	2.94e-08	2.55e-04	3.95e-02	3.45e-01	4.65e-01	1.50e-01	0.00e+00	0.00e+00	2.84e-13	1.49e-13	4.83e-14
 1.66919e+15	7.28e-13	3.94e-08	3.10e-04	4.46e-02	3.63e-01	4.56e-01	1.37e-01	0.00e+00	0.00e+00	4.23e-13	2.21e-13	7.18e-14
 1.72876e+15	1.03e-12	5.13e-08	3.77e-04	5.04e-02	3.81e-01	4.45e-01	1.23e-01	0.00e+00	0.00e+00	5.96e-13	3.12e-13	1.01e-13
 1.79507e+15	1.45e-12	6.72e-08	4.65e-04	5.72e-02	4.00e-01	4.33e-01	1.10e-01	0.00e+00	0.00e+00	8.40e-13	4.39e-13	1.43e-13
 1.85726e+15	2.05e-12	8.73e-08	5.61e-04	6.41e-02	4.16e-01	4.20e-01	9.89e-02	0.00e+00	0.00e+00	1.19e-12	6.23e-13	2.02e-13
 1.91433e+15	2.81e-12	1.10e-07	6.62e-04	7.07e-02	4.31e-01	4.08e-01	8.96e-02	0.00e+00	0.00e+00	1.63e-12	8.52e-13	2.76e-13
 1.97761e+15	4.04e-12	1.43e-07	7.90e-04	7.84e-02	4.46e-01	3.94e-01	8.02e-02	0.00e+00	0.00e+00	2.34e-12	1.23e-12	3.97e-13
 2.04848e+15	5.52e-12	1.83e-07	9.51e-04	8.74e-02	4.61e-01	3.79e-01	7.11e-02	0.00e+00	0.00e+00	3.21e-12	1.68e-12	5.43e-13
 2.11620e+15	7.65e-12	2.33e-07	1.13e-03	9.64e-02	4.75e-01	3.64e-01	6.33e-02	0.00e+00	0.00e+00	4.45e-12	2.32e-12	7.53e-13
 2.17474e+15	1.01e-11	2.86e-07	1.30e-03	1.05e-01	4.86e-01	3.51e-01	5.73e-02	0.00e+00	0.00e+00	5.89e-12	3.08e-12	9.97e-13
 2.22586e+15	1.32e-11	3.45e-07	1.47e-03	1.12e-01	4.94e-01	3.40e-01	5.24e-02	0.00e+00	0.00e+00	7.69e-12	4.02e-12	1.30e-12
 2.28385e+15	1.66e-11	4.09e-07	1.67e-03	1.20e-01	5.03e-01	3.28e-01	4.76e-02	0.00e+00	0.00e+00	9.62e-12	5.03e-12	1.63e-12
 2.35923e+15	2.39e-11	5.29e-07	1.98e-03	1.32e-01	5.13e-01	3.11e-01	4.18e-02	0.00e+00	0.00e+00	1.39e-11	7.27e-12	2.35e-12
 2.43424e+15	3.08e-11	6.44e-07	2.30e-03	1.43e-01	5.22e-01	2.96e-01	3.69e-02	0.00e+00	0.00e+00	1.79e-11	9.37e-12	3.03e-12
 2.49753e+15	4.19e-11	7.96e-07	2.62e-03	1.53e-01	5.28e-01	2.83e-01	3.31e-02	0.00e+00	0.00e+00	2.43e-11	1.27e-11	4.12e-12
 2.56856e+15	5.44e-11	9.64e-07	3.01e-03	1.65e-01	5.34e-01	2.69e-01	2.94e-02	0.00e+00	0.00e+00	3.16e-11	1.65e-11	5.35e-12
 2.66089e+15	7.84e-11	1.25e-06	3.58e-03	1.80e-01	5.40e-01	2.51e-01	2.51e-02	0.00e+00	0.00e+00	4.56e-11	2.38e-11	7.72e-12
 2.75387e+15	1.09e-10	1.59e-06	4.22e-03	1.96e-01	5.44e-01	2.35e-01	2.16e-02	0.00e+00	0.00e+00	6.35e-11	3.32e-11	1.07e-11
 2.82809e+15	1.40e-10	1.90e-06	4.78e-03	2.09e-01	5.46e-01	2.22e-01	1.91e-02	0.00e+00	0.00e+00	8.13e-11	4.25e-11	1.38e-11
 2.90498e+15	1.76e-10	2.26e-06	5.42e-03	2.22e-01	5.47e-01	2.09e-01	1.69e-02	0.00e+00	0.00e+00	1.02e-10	5.36e-11	1.73e-11
 3.00493e+15	2.58e-10	2.93e-06	6.38e-03	2.40e-01	5.46e-01	1.93e-01	1.42e-02	0.00e+00	0.00e+00	1.50e-10	7.84e-11	2.54e-11
 3.10819e+15	3.51e-10	3.67e-06	7.46e-03	2.58e-01	5.45e-01	1.78e-01	1.21e-02	0.00e+00	0.00e+00	2.04e-10	1.07e-10	3.46e-11
 3.19517e+15	4.45e-10	4.37e-06	8.46e-03	2.73e-01	5.42e-01	1.66e-01	1.05e-02	0.00e+00	0.00e+00	2.59e-10	1.36e-10	4.39e-11
 3.28769e+15	5.87e-10	5.33e-06	9.67e-03	2.90e-01	5.37e-01	1.54e-01	9.03e-03	0.00e+00	0.00e+00	3.41e-10	1.79e-10	5.79e-11
 3.39018e+15	8.40e-10	6.79e-06	1.12e-02	3.08e-01	5.31e-01	1.41e-01	7.62e-03	0.00e+00	0.00e+00	4.89e-10	2.56e-10	8.29e-11
 3.48373e+15	1.09e-09	8.19e-06	1.26e-02	3.25e-01	5.25e-01	1.31e-01	6.56e-03	0.00e+00	0.00e+00	6.36e-10	3.33e-10	1.08e-10
 3.58343e+15	1.43e-09	9.92e-06	1.44e-02	3.43e-01	5.17e-01	1.20e-01	5.59e-03	0.00e+00	0.00e+00	8.30e-10	4.35e-10	1.41e-10
 3.69444e+15	1.85e-09	1.20e-05	1.65e-02	3.62e-01	5.07e-01	1.10e-01	4.70e-03	0.00e+00	0.00e+00	1.08e-09	5.63e-10	1.83e-10
 3.79644e+15	2.58e-09	1.50e-05	1.88e-02	3.80e-01	4.97e-01	1.00e-01	3.96e-03	0.00e+00	0.00e+00	1.50e-09	7.87e-10	2.55e-10
 3.88642e+15	3.26e-09	1.77e-05	2.09e-02	3.96e-01	4.88e-01	9.25e-02	3.43e-03	0.00e+00	0.00e+00	1.90e-09	9.93e-10	3.22e-10
 3.96760e+15	4.00e-09	2.05e-05	2.30e-02	4.09e-01	4.79e-01	8.61e-02	3.02e-03	0.00e+00	0.00e+00	2.33e-09	1.22e-09	3.96e-10
 4.05626e+15	5.03e-09	2.41e-05	2.55e-02	4.24e-01	4.68e-01	7.95e-02	2.61e-03	0.00e+00	0.00e+00	2.93e-09	1.54e-09	4.99e-10
 4.15272e+15	6.08e-09	2.78e-05	2.83e-02	4.40e-01	4.57e-01	7.31e-02	2.25e-03	0.00e+00	0.00e+00	3.54e-09	1.85e-09	6.02e-10
 4.25932e+15	8.43e-09	3.47e-05	3.21e-02	4.57e-01	4.43e-01	6.60e-02	1.88e-03	0.00e+00	0.00e+00	4.91e-09	2.57e-09	8.36e-10
 4.37422e+15	1.04e-08	4.08e-05	3.62e-02	4.74e-01	4.28e-01	5.95e-02	1.58e-03	0.00e+00	0.00e+00	6.05e-09	3.17e-09	1.03e-09
 4.48198e+15	1.44e-08	5.09e-05	4.09e-02	4.91e-01	4.13e-01	5.35e-02	1.31e-03	0.00e+00	0.00e+00	8.39e-09	4.40e-09	1.43e-09
 4.58166e+15	1.83e-08	6.03e-05	4.54e-02	5.05e-01	4.00e-01	4.87e-02	1.11e-03	0.00e+00	0.00e+00	1.07e-08	5.60e-09	1.82e-09
 4.67252e+15	2.27e-08	7.03e-05	5.00e-02	5.18e-01	3.87e-01	4.45e-02	9.58e-04	0.00e+00	0.00e+00	1.32e-08	6.93e-09	2.26e-09
 4.76089e+15	2.81e-08	8.18e-05	5.49e-02	5.29e-01	3.74e-01	4.07e-02	8.26e-04	0.00e+00	0.00e+00	1.63e-08	8.58e-09	2.80e-09
 4.86228e+15	3.38e-08	9.43e-05	6.10e-02	5.42e-01	3.59e-01	3.69e-02	7.02e-04	0.00e+00	0.00e+00	1.97e-08	1.03e-08	3.37e-09
 4.99408e+15	5.00e-08	1.23e-04	7.05e-02	5.58e-01	3.39e-01	3.19e-02	5.53e-04	0.00e+00	0.00e+00	2.91e-08	1.53e-08	4.98e-09
 5.12286e+15	6.83e-08	1.54e-04	8.08e-02	5.71e-01	3.20e-01	2.78e-02	4.42e-04	0.00e+00	0.00e+00	3.98e-08	2.09e-08	6.82e-09
 5.21962e+15	8.58e-08	1.81e-04	8.93e-02	5.80e-01	3.05e-01	2.50e-02	3.73e-04	0.00e+00	0.00e+00	4.99e-08	2.62e-08	8.57e-09
 5.30307e+15	1.06e-07	2.10e-04	9.77e-02	5.87e-01	2.92e-01	2.27e-02	3.20e-04	0.00e+00	0.00e+00	6.16e-08	3.24e-08	1.06e-08
 5.39731e+15	1.35e-07	2.51e-04	1.08e-01	5.94e-01	2.77e-01	2.02e-02	2.67e-04	0.00e+00	0.00e+00	7.88e-08	4.14e-08	1.35e-08
 5.50306e+15	1.65e-07	2.91e-04	1.21e-01	6.00e-01	2.61e-01	1.79e-02	2.22e-04	0.00e+00	0.00e+00	9.57e-08	5.03e-08	1.65e-08
 5.62376e+15	2.50e-07	3.87e-04	1.40e-01	6.04e-01	2.41e-01	1.51e-02	1.70e-04	0.00e+00	0.00e+00	1.45e-07	7.65e-08	2.50e-08
 5.72777e+15	3.15e-07	4.61e-04	1.56e-01	6.05e-01	2.25e-01	1.32e-02	1.40e-04	0.00e+00	0.00e+00	1.83e-07	9.64e-08	3.16e-08
 5.79410e+15	3.83e-07	5.29e-04	1.69e-01	6.05e-01	2.14e-01	1.20e-02	1.21e-04	0.00e+00	0.00e+00	2.23e-07	1.17e-07	3.84e-08
 5.86433e+15	4.71e-07	6.13e-04	1.83e-01	6.03e-01	2.02e-01	1.08e-02	1.03e-04	0.00e+00	0.00e+00	2.74e-07	1.44e-07	4.73e-08
 5.95564e+15	6.19e-07	7.45e-04	2.05e-01	5.99e-01	1.86e-01	9.31e-03	8.27e-05	0.00e+00	0.00e+00	3.60e-07	1.89e-07	6.21e-08
 6.04684e+15	8.12e-07	9.05e-04	2.28e-01	5.91e-01	1.71e-01	8.00e-03	6.64e-05	0.00e+00	0.00e+00	4.72e-07	2.49e-07	8.15e-08
 6.10976e+15	9.49e-07	1.02e-03	2.46e-01	5.85e-01	1.61e-01	7.19e-03	5.71e-05	0.00e+00	0.00e+00	5.52e-07	2.91e-07	9.54e-08
 6.16340e+15	1.14e-06	1.15e-03	2.63e-01	5.77e-01	1.51e-01	6.48e-03	4.92e-05	0.00e+00	0.00e+00	6.61e-07	3.48e-07	1.14e-07
 6.22234e+15	1.47e-06	1.38e-03	2.85e-01	5.67e-01	1.41e-01	5.71e-03	4.08e-05	0.00e+00	0.00e+00	8.58e-07	4.52e-07	1.48e-07
 6.27001e+15	1.72e-06	1.54e-03	3.03e-01	5.58e-01	1.33e-01	5.18e-03	3.56e-05	0.00e+00	0.00e+00	1.00e-06	5.27e-07	1.73e-07
 6.31381e+15	1.99e-06	1.70e-03	3.20e-01	5.48e-01	1.25e-01	4.70e-03	3.11e-05	0.00e+00	0.00e+00	1.16e-06	6.10e-07	2.00e-07
 6.37075e+15	2.45e-06	1.97e-03	3.46e-01	5.33e-01	1.15e-01	4.10e-03	2.57e-05	0.00e+00	0.00e+00	1.42e-06	7.51e-07	2.47e-07
 6.42858e+15	2.87e-06	2.22e-03	3.71e-01	5.18e-01	1.05e-01	3.58e-03	2.14e-05	0.00e+00	0.00e+00	1.67e-06	8.80e-07	2.90e-07
 6.47928e+15	3.73e-06	2.65e-03	3.99e-01	5.00e-01	9.62e-02	3.09e-03	1.74e-05	0.00e+00	0.00e+00	2.17e-06	1.14e-06	3.77e-07
 6.52083e+15	4.29e-06	2.92e-03	4.20e-01	4.85e-01	8.93e-02	2.76e-03	1.49e-05	0.00e+00	0.00e+00	2.50e-06	1.32e-06	4.34e-07
 6.55874e+15	4.84e-06	3.19e-03	4.41e-01	4.71e-01	8.29e-02	2.47e-03	1.29e-05	0.00e+00	0.00e+00	2.82e-06	1.49e-06	4.89e-07
 6.60803e+15	6.16e-06	3.75e-03	4.72e-01	4.48e-01	7.43e-02	2.08e-03	1.02e-05	0.00e+00	0.00e+00	3.58e-06	1.89e-06	6.23e-07
 6.65554e+15	7.46e-06	4.28e-03	5.00e-01	4.27e-01	6.68e-02	1.78e-03	8.26e-06	0.00e+00	0.00e+00	4.34e-06	2.29e-06	7.55e-07
 6.69243e+15	8.43e-06	4.66e-03	5.23e-01	4.10e-01	6.11e-02	1.56e-03	6.98e-06	0.00e+00	0.00e+00	4.90e-06	2.59e-06	8.53e-07
 6.73206e+15	1.06e-05	5.40e-03	5.52e-01	3.87e-01	5.46e-02	1.32e-03	5.55e-06	0.00e+00	0.00e+00	6.14e-06	3.24e-06	1.07e-06
 6.77213e+15	1.19e-05	5.88e-03	5.77e-01	3.67e-01	4.90e-02	1.13e-03	4.58e-06	0.00e+00	0.00e+00	6.91e-06	3.65e-06	1.20e-06
 6.81277e+15	1.51e-05	6.87e-03	6.08e-01	3.42e-01	4.28e-02	9.27e-04	3.51e-06	0.00e+00	0.00e+00	8.78e-06	4.64e-06	1.53e-06
 6.85299e+15	1.77e-05	7.66e-03	6.34e-01	3.19e-01	3.77e-02	7.73e-04	2.78e-06	0.00e+00	0.00e+00	1.03e-05	5.45e-06	1.80e-06
 6.89264e+15	2.16e-05	8.70e-03	6.63e-01	2.95e-01	3.26e-02	6.27e-04	2.11e-06	0.00e+00	0.00e+00	1.26e-05	6.65e-06	2.20e-06
 6.93501e+15	2.59e-05	9.80e-03	6.92e-01	2.70e-01	2.78e-02	5.02e-04	1.59e-06	0.00e+00	0.00e+00	1.51e-05	7.97e-06	2.64e-06
 6.97389e+15	3.12e-05	1.10e-02	7.18e-01	2.47e-01	2.37e-02	4.00e-04	1.19e-06	0.00e+00	0.00e+00	1.82e-05	9.60e-06	3.18e-06
 7.01096e+15	3.68e-05	1.23e-02	7.42e-01	2.25e-01	2.02e-02	3.21e-04	8.97e-07	0.00e+00	0.00e+00	2.14e-05	1.13e-05	3.75e-06
 7.05270e+15	4.48e-05	1.39e-02	7.68e-01	2.01e-01	1.66e-02	2.44e-04	0.00e+00	0.00e+00	0.00e+00	2.60e-05	1.38e-05	4.57e-06
 7.09799e+15	5.53e-05	1.58e-02	7.94e-01	1.77e-01	1.33e-02	1.79e-04	0.00e+00	0.00e+00	0.00e+00	3.22e-05	1.70e-05	5.66e-06
 7.13136e+15	6.38e-05	1.72e-02	8.11e-01	1.61e-01	1.14e-02	1.43e-04	0.00e+00	0.00e+00	0.00e+00	3.71e-05	1.96e-05	6.53e-06
 7.15289e+15	7.00e-05	1.82e-02	8.21e-01	1.50e-01	1.02e-02	1.23e-04	0.00e+00	0.00e+00	0.00e+00	4.07e-05	2.15e-05	7.16e-06
 7.17555e+15	7.79e-05	1.94e-02	8.32e-01	1.39e-01	8.96e-03	1.03e-04	0.00e+00	0.00e+00	0.00e+00	4.53e-05	2.40e-05	7.97e-06
 7.20501e+15	8.90e-05	2.10e-02	8.45e-01	1.26e-01	7.58e-03	8.19e-05	0.00e+00	0.00e+00	0.00e+00	5.18e-05	2.74e-05	9.13e-06
 7.23711e+15	1.02e-04	2.28e-02	8.57e-01	1.13e-01	6.33e-03	6.37e-05	0.00e+00	0.00e+00	0.00e+00	5.96e-05	3.15e-05	1.05e-05
 7.26640e+15	1.16e-04	2.45e-02	8.68e-01	1.02e-01	5.34e-03	5.04e-05	0.00e+00	0.00e+00	0.00e+00	6.75e-05	3.57e-05	1.19e-05
 7.29824e+15	1.33e-04	2.65e-02	8.78e-01	9.12e-02	4.40e-03	3.85e-05	0.00e+00	0.00e+00	0.00e+00	7.75e-05	4.10e-05	1.37e-05
 7.33286e+15	1.54e-04	2.88e-02	8.87e-01	8.04e-02	3.57e-03	2.88e-05	0.00e+00	0.00e+00	0.00e+00	8.97e-05	4.75e-05	1.59e-05
 7.36424e+15	1.75e-04	3.10e-02	8.94e-01	7.17e-02	2.96e-03	2.21e-05	0.00e+00	0.00e+00	0.00e+00	1.02e-04	5.40e-05	1.80e-05
 7.39817e+15	2.02e-04	3.35e-02	9.01e-01	6.29e-02	2.38e-03	1.63e-05	0.00e+00	0.00e+00	0.00e+00	1.18e-04	6.23e-05	2.08e-05
 7.43491e+15	2.34e-04	3.64e-02	9.07e-01	5.48e-02	1.89e-03	1.19e-05	0.00e+00	0.00e+00	0.00e+00	1.36e-04	7.21e-05	2.41e-05
 7.46792e+15	2.67e-04	3.91e-02	9.11e-01	4.84e-02	1.54e-03	8.86e-06	0.00e+00	0.00e+00	0.00e+00	1.55e-04	8.22e-05	2.75e-05
 7.49870e+15	3.01e-04	4.17e-02	9.14e-01	4.30e-02	1.26e-03	6.72e-06	0.00e+00	0.00e+00	0.00e+00	1.75e-04	9.28e-05	3.11e-05
 7.53396e+15	3.47e-04	4.50e-02	9.16e-01	3.74e-02	1.00e-03	4.84e-06	0.00e+00	0.00e+00	0.00e+00	2.02e-04	1.07e-04	3.58e-05
 7.57256e+15	4.02e-04	4.87e-02	9.18e-01	3.22e-02	7.84e-04	3.43e-06	0.00e+00	0.00e+00	0.00e+00	2.34e-04	1.24e-04	4.15e-05
 7.60741e+15	4.60e-04	5.23e-02	9.18e-01	2.82e-02	6.28e-04	2.50e-06	0.00e+00	0.00e+00	0.00e+00	2.67e-04	1.42e-04	4.75e-05
 7.63958e+15	5.20e-04	5.58e-02	9.18e-01	2.49e-02	5.12e-04	1.87e-06	0.00e+00	0.00e+00	0.00e+00	3.02e-04	1.60e-04	5.37e-05
 7.67635e+15	5.97e-04	6.01e-02	9.17e-01	2.16e-02	4.02e-04	1.32e-06	0.00e+00	0.00e+00	0.00e+00	3.48e-04	1.84e-04	6.18e-05
 7.71653e+15	6.96e-04	6.52e-02	9.15e-01	1.85e-02	3.12e-04	9.19e-07	0.00e+00	0.00e+00	0.00e+00	4.05e-04	2.14e-04	7.19e-05
 7.75251e+15	7.99e-04	7.01e-02	9.13e-01	1.61e-02	2.49e-04	0.00e+00	0.00e+00	0.00e+00	0.00e+00	4.65e-04	2.46e-04	8.26e-05
 7.78518e+15	9.03e-04	7.48e-02	9.10e-01	1.42e-02	2.03e-04	0.00e+00	0.00e+00	0.00e+00	0.00e+00	5.26e-04	2.78e-04	9.34e-05
 7.82216e+15	1.04e-03	8.06e-02	9.06e-01	1.23e-02	1.60e-04	0.00e+00	0.00e+00	0.00e+00	0.00e+00	6.06e-04	3.21e-04	1.08e-04
 7.86271e+15	1.22e-03	8.74e-02	9.01e-01	1.05e-02	1.24e-04	0.00e+00	0.00e+00	0.00e+00	0.00e+00	7.07e-04	3.74e-04	1.26e-04
 7.89909e+15	1.40e-03	9.42e-02	8.95e-01	9.14e-03	9.90e-05	0.00e+00	0.00e+00	0.00e+00	0.00e+00	8.15e-04	4.32e-04	1.45e-04
 7.93186e+15	1.59e-03	1.01e-01	8.89e-01	8.07e-03	8.09e-05	0.00e+00	0.00e+00	0.00e+00	0.00e+00	9.25e-04	4.90e-04	1.65e-04
 7.96874e+15	1.84e-03	1.09e-01	8.82e-01	6.97e-03	6.39e-05	0.00e+00	0.00e+00	0.00e+00	0.00e+00	1.07e-03	5.67e-04	1.90e-04
 8.00925e+15	2.16e-03	1.18e-01	8.73e-01	5.95e-03	4.96e-05	0.00e+00	0.00e+00	0.00e+00	0.00e+00	1.26e-03	6.66e-04	2.24e-04
 8.04562e+15	2.50e-03	1.28e-01	8.64e-01	5.17e-03	3.97e-05	0.00e+00	0.00e+00	0.00e+00	0.00e+00	1.46e-03	7.70e-04	2.59e-04
 8.07859e+15	2.87e-03	1.37e-01	8.55e-01	4.54e-03	3.23e-05	0.00e+00	0.00e+00	0.00e+00	0.00e+00	1.67e-03	8.82e-04	2.97e-04
 8.11600e+15	3.35e-03	1.49e-01	8.44e-01	3.90e-03	2.54e-05	0.00e+00	0.00e+00	0.00e+00	0.00e+00	1.95e-03	1.03e-03	3.46e-04
