#depth	He	He+	He+2
 1.49634e+10	5.99e-21	8.72e-11	1.00e+00
 4.54887e+10	7.02e-21	9.55e-11	1.00e+00
 7.72350e+10	8.15e-21	1.05e-10	1.00e+00
 1.10251e+11	9.47e-21	1.15e-10	1.00e+00
 1.42710e+11	1.09e-20	1.26e-10	1.00e+00
 1.73951e+11	1.25e-20	1.36e-10	1.00e+00
 2.08320e+11	1.43e-20	1.49e-10	1.00e+00
 2.46580e+11	1.66e-20	1.64e-10	1.00e+00
 2.85192e+11	1.92e-20	1.80e-10	1.00e+00
 3.25349e+11	2.21e-20	1.98e-10	1.00e+00
 3.66769e+11	2.55e-20	2.17e-10	1.00e+00
 4.07434e+11	2.91e-20	2.37e-10	1.00e+00
 4.51246e+11	3.34e-20	2.61e-10	1.00e+00
 4.99222e+11	3.85e-20	2.88e-10	1.00e+00
 5.49118e+11	4.44e-20	3.18e-10	1.00e+00
 6.01009e+11	5.11e-20	3.52e-10	1.00e+00
 6.54977e+11	5.87e-20	3.89e-10	1.00e+00
 7.03772e+11	6.62e-20	4.25e-10	1.00e+00
 7.44403e+11	7.27e-20	4.57e-10	1.00e+00
 7.88903e+11	8.03e-20	4.93e-10	1.00e+00
 8.45299e+11	9.07e-20	5.42e-10	1.00e+00
 9.04155e+11	1.03e-19	5.97e-10	1.00e+00
 9.54073e+11	1.13e-19	6.46e-10	1.00e+00
 1.00538e+12	1.25e-19	6.98e-10	1.00e+00
 1.07003e+12	1.40e-19	7.69e-10	1.00e+00
 1.13572e+12	1.57e-19	8.45e-10	1.00e+00
 1.19201e+12	1.73e-19	9.13e-10	1.00e+00
 1.25235e+12	1.90e-19	9.90e-10	1.00e+00
 1.32714e+12	2.13e-19	1.09e-09	1.00e+00
 1.40389e+12	2.39e-19	1.20e-09	1.00e+00
 1.47286e+12	2.64e-19	1.31e-09	1.00e+00
 1.54858e+12	2.94e-19	1.42e-09	1.00e+00
 1.63817e+12	3.32e-19	1.57e-09	1.00e+00
 1.72798e+12	3.74e-19	1.73e-09	1.00e+00
 1.81306e+12	4.18e-19	1.89e-09	1.00e+00
 1.90720e+12	4.72e-19	2.08e-09	1.00e+00
 2.01341e+12	5.40e-19	2.30e-09	1.00e+00
 2.11938e+12	6.16e-19	2.53e-09	1.00e+00
 2.21294e+12	6.91e-19	2.75e-09	1.00e+00
 2.29135e+12	7.60e-19	2.93e-09	1.00e+00
 2.37569e+12	8.41e-19	3.14e-09	1.00e+00
 2.48533e+12	9.58e-19	3.43e-09	1.00e+00
 2.60006e+12	1.10e-18	3.74e-09	1.00e+00
 2.69794e+12	1.23e-18	4.02e-09	1.00e+00
 2.80173e+12	1.38e-18	4.32e-09	1.00e+00
 2.93256e+12	1.59e-18	4.73e-09	1.00e+00
 3.06735e+12	1.85e-18	5.17e-09	1.00e+00
 3.18568e+12	2.10e-18	5.57e-09	1.00e+00
 3.31386e+12	2.40e-18	6.02e-09	1.00e+00
 3.45581e+12	2.77e-18	6.54e-09	1.00e+00
 3.58728e+12	3.16e-18	7.05e-09	1.00e+00
 3.72980e+12	3.64e-18	7.62e-09	1.00e+00
 3.88835e+12	4.23e-18	8.29e-09	1.00e+00
 4.03635e+12	4.86e-18	8.93e-09	1.00e+00
 4.19734e+12	5.61e-18	9.66e-09	1.00e+00
 4.37639e+12	6.57e-18	1.05e-08	1.00e+00
 4.54375e+12	7.58e-18	1.13e-08	1.00e+00
 4.72617e+12	8.80e-18	1.23e-08	1.00e+00
 4.92989e+12	1.04e-17	1.34e-08	1.00e+00
 5.12168e+12	1.20e-17	1.45e-08	1.00e+00
 5.33137e+12	1.40e-17	1.57e-08	1.00e+00
 5.56620e+12	1.66e-17	1.71e-08	1.00e+00
 5.78871e+12	1.94e-17	1.86e-08	1.00e+00
 6.02776e+12	2.28e-17	2.01e-08	1.00e+00
 6.29880e+12	2.71e-17	2.20e-08	1.00e+00
 6.56621e+12	3.20e-17	2.40e-08	1.00e+00
 6.84431e+12	3.77e-17	2.61e-08	1.00e+00
 7.14801e+12	4.47e-17	2.85e-08	1.00e+00
 7.46386e+12	5.33e-17	3.11e-08	1.00e+00
 7.77196e+12	6.26e-17	3.37e-08	1.00e+00
 8.05451e+12	7.22e-17	3.63e-08	1.00e+00
 8.30749e+12	8.17e-17	3.86e-08	1.00e+00
 8.57775e+12	9.27e-17	4.12e-08	1.00e+00
 8.92008e+12	1.08e-16	4.45e-08	1.00e+00
 9.26717e+12	1.26e-16	4.81e-08	1.00e+00
 9.55996e+12	1.43e-16	5.12e-08	1.00e+00
 9.87107e+12	1.62e-16	5.45e-08	1.00e+00
 1.02628e+13	1.88e-16	5.89e-08	1.00e+00
 1.06629e+13	2.20e-16	6.36e-08	1.00e+00
 1.10051e+13	2.49e-16	6.77e-08	1.00e+00
 1.13685e+13	2.82e-16	7.22e-08	1.00e+00
 1.18203e+13	3.28e-16	7.79e-08	1.00e+00
 1.22832e+13	3.83e-16	8.41e-08	1.00e+00
 1.26895e+13	4.34e-16	8.96e-08	1.00e+00
 1.31261e+13	4.94e-16	9.57e-08	1.00e+00
 1.36554e+13	5.76e-16	1.03e-07	1.00e+00
 1.41911e+13	6.67e-16	1.11e-07	1.00e+00
 1.46817e+13	7.61e-16	1.19e-07	1.00e+00
 1.52274e+13	8.76e-16	1.28e-07	1.00e+00
 1.58616e+13	1.02e-15	1.38e-07	1.00e+00
 1.64861e+13	1.19e-15	1.49e-07	1.00e+00
 1.70815e+13	1.36e-15	1.59e-07	1.00e+00
 1.77406e+13	1.57e-15	1.71e-07	1.00e+00
 1.84802e+13	1.83e-15	1.85e-07	1.00e+00
 1.92299e+13	2.13e-15	2.00e-07	1.00e+00
 2.00097e+13	2.48e-15	2.16e-07	1.00e+00
 2.08400e+13	2.89e-15	2.33e-07	1.00e+00
 2.17035e+13	3.37e-15	2.52e-07	1.00e+00
 2.25423e+13	3.88e-15	2.71e-07	1.00e+00
 2.32583e+13	4.38e-15	2.88e-07	1.00e+00
 2.38922e+13	4.84e-15	3.03e-07	1.00e+00
 2.46200e+13	5.42e-15	3.21e-07	1.00e+00
 2.55469e+13	6.23e-15	3.45e-07	1.00e+00
 2.65153e+13	7.18e-15	3.71e-07	1.00e+00
 2.73687e+13	8.10e-15	3.94e-07	1.00e+00
 2.82902e+13	9.17e-15	4.20e-07	1.00e+00
 2.94022e+13	1.06e-14	4.53e-07	1.00e+00
 3.05334e+13	1.23e-14	4.87e-07	1.00e+00
 3.15863e+13	1.39e-14	5.20e-07	1.00e+00
 3.27560e+13	1.60e-14	5.58e-07	1.00e+00
 3.40962e+13	1.87e-14	6.05e-07	1.00e+00
 3.53326e+13	2.14e-14	6.48e-07	1.00e+00
 3.64005e+13	2.40e-14	6.87e-07	1.00e+00
 3.75845e+13	2.70e-14	7.32e-07	1.00e+00
 3.90337e+13	3.13e-14	7.89e-07	1.00e+00
 4.05009e+13	3.60e-14	8.48e-07	1.00e+00
 4.18162e+13	4.07e-14	9.05e-07	1.00e+00
 4.32607e+13	4.63e-14	9.67e-07	1.00e+00
 4.49736e+13	5.38e-14	1.05e-06	1.00e+00
 4.66592e+13	6.19e-14	1.13e-06	1.00e+00
 4.81939e+13	7.00e-14	1.20e-06	1.00e+00
 4.99084e+13	7.99e-14	1.29e-06	1.00e+00
 5.19101e+13	9.28e-14	1.40e-06	1.00e+00
 5.38786e+13	1.07e-13	1.50e-06	1.00e+00
 5.57325e+13	1.22e-13	1.61e-06	1.00e+00
 5.77983e+13	1.39e-13	1.73e-06	1.00e+00
 6.01402e+13	1.62e-13	1.88e-06	1.00e+00
 6.24709e+13	1.87e-13	2.03e-06	1.00e+00
 6.46464e+13	2.12e-13	2.17e-06	1.00e+00
 6.70136e+13	2.42e-13	2.33e-06	1.00e+00
 6.96651e+13	2.80e-13	2.52e-06	1.00e+00
 7.21355e+13	3.18e-13	2.71e-06	1.00e+00
 7.44222e+13	3.57e-13	2.88e-06	1.00e+00
 7.66180e+13	3.97e-13	3.06e-06	1.00e+00
 7.90484e+13	4.45e-13	3.26e-06	1.00e+00
 8.17353e+13	5.02e-13	3.48e-06	1.00e+00
 8.42384e+13	5.60e-13	3.71e-06	1.00e+00
 8.69749e+13	6.29e-13	3.95e-06	1.00e+00
 9.00492e+13	7.12e-13	4.24e-06	1.00e+00
 9.29796e+13	7.98e-13	4.52e-06	1.00e+00
 9.62061e+13	9.02e-13	4.84e-06	1.00e+00
 9.97732e+13	1.03e-12	5.22e-06	1.00e+00
 1.03067e+14	1.15e-12	5.57e-06	1.00e+00
 1.06634e+14	1.30e-12	5.96e-06	1.00e+00
 1.10616e+14	1.47e-12	6.43e-06	1.00e+00
 1.14353e+14	1.66e-12	6.87e-06	1.00e+00
 1.18427e+14	1.87e-12	7.39e-06	1.00e+00
 1.22954e+14	2.13e-12	7.97e-06	1.00e+00
 1.27185e+14	2.40e-12	8.55e-06	1.00e+00
 1.31790e+14	2.71e-12	9.19e-06	1.00e+00
 1.36935e+14	3.10e-12	9.95e-06	1.00e+00
 1.41791e+14	3.50e-12	1.07e-05	1.00e+00
 1.46998e+14	3.97e-12	1.15e-05	1.00e+00
 1.52787e+14	4.54e-12	1.25e-05	1.00e+00
 1.58408e+14	5.16e-12	1.35e-05	1.00e+00
 1.64375e+14	5.85e-12	1.46e-05	1.00e+00
 1.70980e+14	6.73e-12	1.58e-05	1.00e+00
 1.77581e+14	7.69e-12	1.71e-05	1.00e+00
 1.83065e+14	8.54e-12	1.83e-05	1.00e+00
 1.87343e+14	9.26e-12	1.92e-05	1.00e+00
 1.92008e+14	1.01e-11	2.03e-05	1.00e+00
 1.98073e+14	1.13e-11	2.17e-05	1.00e+00
 2.04603e+14	1.27e-11	2.32e-05	1.00e+00
 2.10468e+14	1.41e-11	2.48e-05	1.00e+00
 2.16819e+14	1.57e-11	2.64e-05	1.00e+00
 2.24832e+14	1.78e-11	2.86e-05	1.00e+00
 2.32890e+14	2.03e-11	3.09e-05	1.00e+00
 2.39678e+14	2.26e-11	3.29e-05	1.00e+00
 2.46929e+14	2.51e-11	3.51e-05	1.00e+00
 2.56063e+14	2.88e-11	3.81e-05	1.00e+00
 2.65541e+14	3.30e-11	4.14e-05	1.00e+00
 2.73907e+14	3.70e-11	4.43e-05	1.00e+00
 2.82931e+14	4.17e-11	4.77e-05	1.00e+00
 2.93807e+14	4.83e-11	5.19e-05	1.00e+00
 3.04568e+14	5.54e-11	5.64e-05	1.00e+00
 3.14121e+14	6.22e-11	6.04e-05	1.00e+00
 3.24626e+14	7.08e-11	6.51e-05	1.00e+00
 3.37190e+14	8.18e-11	7.10e-05	1.00e+00
 3.49703e+14	9.41e-11	7.71e-05	1.00e+00
 3.61133e+14	1.06e-10	8.28e-05	1.00e+00
 3.73880e+14	1.22e-10	8.97e-05	1.00e+00
 3.88721e+14	1.42e-10	9.79e-05	1.00e+00
 4.03320e+14	1.63e-10	1.06e-04	1.00e+00
 4.17151e+14	1.85e-10	1.15e-04	1.00e+00
 4.32515e+14	2.15e-10	1.25e-04	1.00e+00
 4.47049e+14	2.46e-10	1.35e-04	1.00e+00
 4.57860e+14	2.70e-10	1.42e-04	1.00e+00
 4.68837e+14	2.96e-10	1.50e-04	1.00e+00
 4.83107e+14	3.30e-10	1.60e-04	1.00e+00
 4.98651e+14	3.78e-10	1.72e-04	1.00e+00
 5.12693e+14	4.21e-10	1.83e-04	1.00e+00
 5.27790e+14	4.69e-10	1.95e-04	1.00e+00
 5.47064e+14	5.48e-10	2.12e-04	1.00e+00
 5.66530e+14	6.30e-10	2.29e-04	1.00e+00
 5.82741e+14	7.06e-10	2.44e-04	1.00e+00
 5.99957e+14	7.93e-10	2.61e-04	1.00e+00
 6.21897e+14	9.17e-10	2.83e-04	1.00e+00
 6.45084e+14	1.06e-09	3.07e-04	1.00e+00
 6.65866e+14	1.21e-09	3.29e-04	1.00e+00
 6.88414e+14	1.38e-09	3.54e-04	1.00e+00
 7.15197e+14	1.62e-09	3.86e-04	1.00e+00
 7.41580e+14	1.86e-09	4.18e-04	1.00e+00
 7.65566e+14	2.12e-09	4.49e-04	1.00e+00
 7.92340e+14	2.42e-09	4.84e-04	1.00e+00
 8.23638e+14	2.87e-09	5.28e-04	9.99e-01
 8.54499e+14	3.33e-09	5.72e-04	9.99e-01
 8.83644e+14	3.82e-09	6.15e-04	9.99e-01
 9.16068e+14	4.38e-09	6.66e-04	9.99e-01
 9.52741e+14	5.25e-09	7.27e-04	9.99e-01
 9.83488e+14	5.98e-09	7.78e-04	9.99e-01
 1.00560e+15	6.55e-09	8.17e-04	9.99e-01
 1.02873e+15	7.19e-09	8.58e-04	9.99e-01
 1.05879e+15	7.97e-09	9.13e-04	9.99e-01
 1.09238e+15	9.22e-09	9.78e-04	9.99e-01
 1.12379e+15	1.03e-08	1.04e-03	9.99e-01
 1.15786e+15	1.15e-08	1.11e-03	9.99e-01
 1.19616e+15	1.34e-08	1.19e-03	9.99e-01
 1.23241e+15	1.51e-08	1.27e-03	9.99e-01
 1.27196e+15	1.70e-08	1.36e-03	9.99e-01
 1.31644e+15	2.00e-08	1.46e-03	9.99e-01
 1.35864e+15	2.26e-08	1.57e-03	9.98e-01
 1.40483e+15	2.56e-08	1.68e-03	9.98e-01
 1.45654e+15	3.04e-08	1.82e-03	9.98e-01
 1.50466e+15	3.47e-08	1.95e-03	9.98e-01
 1.55647e+15	3.98e-08	2.10e-03	9.98e-01
 1.61452e+15	4.56e-08	2.27e-03	9.98e-01
 1.66919e+15	5.36e-08	2.44e-03	9.98e-01
 1.72876e+15	6.16e-08	2.63e-03	9.97e-01
 1.79507e+15	7.10e-08	2.85e-03	9.97e-01
 1.85726e+15	8.20e-08	3.07e-03	9.97e-01
 1.91433e+15	9.34e-08	3.27e-03	9.97e-01
 1.97761e+15	1.08e-07	3.51e-03	9.96e-01
 2.04848e+15	1.24e-07	3.79e-03	9.96e-01
 2.11620e+15	1.42e-07	4.07e-03	9.96e-01
 2.17474e+15	1.60e-07	4.32e-03	9.96e-01
 2.22586e+15	1.79e-07	4.55e-03	9.95e-01
 2.28385e+15	1.98e-07	4.81e-03	9.95e-01
 2.35923e+15	2.31e-07	5.17e-03	9.95e-01
 2.43424e+15	2.59e-07	5.54e-03	9.94e-01
 2.49753e+15	2.95e-07	5.87e-03	9.94e-01
 2.56856e+15	3.31e-07	6.25e-03	9.94e-01
 2.66089e+15	3.89e-07	6.78e-03	9.93e-01
 2.75387e+15	4.51e-07	7.32e-03	9.93e-01
 2.82809e+15	5.04e-07	7.77e-03	9.92e-01
 2.90498e+15	5.61e-07	8.27e-03	9.92e-01
 3.00493e+15	6.65e-07	8.96e-03	9.91e-01
 3.10819e+15	7.67e-07	9.69e-03	9.90e-01
 3.19517e+15	8.60e-07	1.04e-02	9.90e-01
 3.28769e+15	9.79e-07	1.11e-02	9.89e-01
 3.39018e+15	1.15e-06	1.20e-02	9.88e-01
 3.48373e+15	1.30e-06	1.28e-02	9.87e-01
 3.58343e+15	1.48e-06	1.38e-02	9.86e-01
 3.69444e+15	1.69e-06	1.49e-02	9.85e-01
 3.79644e+15	1.98e-06	1.60e-02	9.84e-01
 3.88642e+15	2.21e-06	1.70e-02	9.83e-01
 3.96760e+15	2.45e-06	1.80e-02	9.82e-01
 4.05626e+15	2.75e-06	1.92e-02	9.81e-01
 4.15272e+15	3.05e-06	2.05e-02	9.79e-01
 4.25932e+15	3.56e-06	2.21e-02	9.78e-01
 4.37422e+15	4.02e-06	2.40e-02	9.76e-01
 4.48198e+15	4.71e-06	2.59e-02	9.74e-01
 4.58166e+15	5.33e-06	2.78e-02	9.72e-01
 4.67252e+15	5.97e-06	2.97e-02	9.70e-01
 4.76089e+15	6.68e-06	3.17e-02	9.68e-01
 4.86228e+15	7.48e-06	3.42e-02	9.66e-01
 4.99408e+15	9.10e-06	3.79e-02	9.62e-01
 5.12286e+15	1.08e-05	4.19e-02	9.58e-01
 5.21962e+15	1.23e-05	4.53e-02	9.55e-01
 5.30307e+15	1.38e-05	4.86e-02	9.51e-01
 5.39731e+15	1.58e-05	5.27e-02	9.47e-01
 5.50306e+15	1.80e-05	5.78e-02	9.42e-01
 5.62376e+15	2.23e-05	6.48e-02	9.35e-01
 5.72777e+15	2.58e-05	7.14e-02	9.29e-01
 5.79410e+15	2.88e-05	7.64e-02	9.24e-01
 5.86433e+15	3.25e-05	8.23e-02	9.18e-01
 5.95564e+15	3.83e-05	9.11e-02	9.09e-01
 6.04684e+15	4.50e-05	1.01e-01	8.99e-01
 6.10976e+15	4.99e-05	1.08e-01	8.91e-01
 6.16340e+15	5.56e-05	1.16e-01	8.84e-01
 6.22234e+15	6.39e-05	1.25e-01	8.75e-01
 6.27001e+15	7.02e-05	1.33e-01	8.67e-01
 6.31381e+15	7.70e-05	1.41e-01	8.59e-01
 6.37075e+15	8.76e-05	1.53e-01	8.47e-01
 6.42858e+15	9.82e-05	1.66e-01	8.33e-01
 6.47928e+15	1.13e-04	1.80e-01	8.20e-01
 6.52083e+15	1.24e-04	1.91e-01	8.09e-01
 6.55874e+15	1.35e-04	2.03e-01	7.97e-01
 6.60803e+15	1.55e-04	2.20e-01	7.79e-01
 6.65554e+15	1.75e-04	2.38e-01	7.62e-01
 6.69243e+15	1.91e-04	2.53e-01	7.47e-01
 6.73206e+15	2.17e-04	2.71e-01	7.28e-01
 6.77213e+15	2.38e-04	2.90e-01	7.09e-01
 6.81277e+15	2.71e-04	3.13e-01	6.87e-01
 6.85299e+15	3.02e-04	3.35e-01	6.65e-01
 6.89264e+15	3.40e-04	3.60e-01	6.40e-01
 6.93501e+15	3.82e-04	3.87e-01	6.12e-01
 6.97389e+15	4.27e-04	4.14e-01	5.85e-01
 7.01096e+15	4.73e-04	4.41e-01	5.58e-01
 7.05270e+15	5.33e-04	4.74e-01	5.26e-01
 7.09799e+15	6.03e-04	5.09e-01	4.90e-01
 7.13136e+15	6.55e-04	5.35e-01	4.65e-01
 7.15289e+15	6.92e-04	5.52e-01	4.48e-01
 7.17555e+15	7.34e-04	5.70e-01	4.29e-01
 7.20501e+15	7.91e-04	5.95e-01	4.05e-01
 7.23711e+15	8.54e-04	6.20e-01	3.79e-01
 7.26640e+15	9.13e-04	6.42e-01	3.57e-01
 7.29824e+15	9.81e-04	6.67e-01	3.32e-01
 7.33286e+15	1.06e-03	6.92e-01	3.07e-01
 7.36424e+15	1.12e-03	7.13e-01	2.86e-01
 7.39817e+15	1.20e-03	7.36e-01	2.62e-01
 7.43491e+15	1.28e-03	7.59e-01	2.40e-01
 7.46792e+15	1.36e-03	7.78e-01	2.21e-01
 7.49870e+15	1.43e-03	7.94e-01	2.04e-01
 7.53396e+15	1.52e-03	8.12e-01	1.86e-01
 7.57256e+15	1.61e-03	8.30e-01	1.69e-01
 7.60741e+15	1.70e-03	8.44e-01	1.54e-01
 7.63958e+15	1.78e-03	8.56e-01	1.42e-01
 7.67635e+15	1.87e-03	8.69e-01	1.29e-01
 7.71653e+15	1.97e-03	8.82e-01	1.16e-01
 7.75251e+15	2.07e-03	8.92e-01	1.06e-01
 7.78518e+15	2.16e-03	9.00e-01	9.81e-02
 7.82216e+15	2.27e-03	9.09e-01	8.91e-02
 7.86271e+15	2.39e-03	9.17e-01	8.08e-02
 7.89909e+15	2.50e-03	9.23e-01	7.40e-02
 7.93186e+15	2.61e-03	9.29e-01	6.86e-02
 7.96874e+15	2.74e-03	9.35e-01	6.26e-02
 8.00925e+15	2.89e-03	9.40e-01	5.70e-02
 8.04562e+15	3.03e-03	9.44e-01	5.25e-02
 8.07859e+15	3.17e-03	9.48e-01	4.88e-02
 8.11600e+15	3.34e-03	9.52e-01	4.48e-02
 8.15685e+15	3.55e-03	9.56e-01	4.09e-02
 8.19320e+15	3.75e-03	9.58e-01	3.79e-02
 8.22591e+15	3.94e-03	9.61e-01	3.54e-02
 8.26285e+15	4.19e-03	9.63e-01	3.26e-02
 8.30401e+15	4.49e-03	9.66e-01	2.99e-02
 8.34212e+15	4.81e-03	9.67e-01	2.77e-02
 8.37734e+15	5.14e-03	9.69e-01	2.58e-02
 8.41733e+15	5.56e-03	9.71e-01	2.37e-02
 8.46102e+15	6.09e-03	9.72e-01	2.18e-02
 8.49938e+15	6.64e-03	9.73e-01	2.03e-02
 8.53234e+15	7.18e-03	9.74e-01	1.91e-02
 8.56840e+15	7.86e-03	9.74e-01	1.78e-02
 8.60793e+15	8.73e-03	9.75e-01	1.66e-02
 8.64275e+15	9.67e-03	9.75e-01	1.56e-02
 8.67274e+15	1.06e-02	9.75e-01	1.48e-02
 8.69856e+15	1.16e-02	9.74e-01	1.42e-02
 8.72057e+15	1.25e-02	9.74e-01	1.36e-02
 8.74473e+15	1.37e-02	9.73e-01	1.30e-02
 8.77051e+15	1.51e-02	9.72e-01	1.25e-02
 8.79238e+15	1.65e-02	9.71e-01	1.21e-02
 8.81088e+15	1.79e-02	9.70e-01	1.18e-02
 8.83097e+15	1.97e-02	9.69e-01	1.14e-02
 8.85266e+15	2.18e-02	9.67e-01	1.11e-02
 8.87161e+15	2.40e-02	9.65e-01	1.08e-02
 8.88793e+15	2.62e-02	9.63e-01	1.06e-02
 8.90563e+15	2.89e-02	9.61e-01	1.03e-02
 8.92508e+15	3.24e-02	9.58e-01	1.01e-02
 8.94230e+15	3.61e-02	9.54e-01	9.95e-03
 8.95703e+15	3.96e-02	9.51e-01	9.86e-03
 8.97307e+15	4.42e-02	9.46e-01	9.71e-03
 8.99085e+15	4.99e-02	9.40e-01	9.65e-03
 9.00734e+15	5.63e-02	9.34e-01	9.60e-03
 9.02209e+15	6.31e-02	9.27e-01	9.56e-03
 9.03572e+15	7.01e-02	9.20e-01	9.59e-03
 9.04879e+15	7.82e-02	9.12e-01	9.58e-03
 9.06186e+15	8.70e-02	9.03e-01	9.66e-03
 9.07414e+15	9.68e-02	8.93e-01	9.70e-03
 9.08492e+15	1.06e-01	8.84e-01	9.79e-03
 9.09463e+15	1.16e-01	8.74e-01	9.87e-03
 9.10361e+15	1.26e-01	8.64e-01	9.94e-03
 9.11073e+15	1.34e-01	8.56e-01	1.00e-02
 9.11552e+15	1.40e-01	8.50e-01	1.01e-02
 9.11993e+15	1.46e-01	8.44e-01	1.01e-02
 9.12504e+15	1.53e-01	8.37e-01	1.01e-02
 9.13059e+15	1.61e-01	8.28e-01	1.02e-02
 9.13597e+15	1.70e-01	8.20e-01	1.03e-02
 9.14106e+15	1.78e-01	8.12e-01	1.03e-02
 9.14611e+15	1.87e-01	8.03e-01	1.04e-02
 9.15119e+15	1.96e-01	7.93e-01	1.05e-02
 9.15628e+15	2.06e-01	7.83e-01	1.05e-02
 9.16129e+15	2.16e-01	7.73e-01	1.06e-02
 9.16628e+15	2.27e-01	7.63e-01	1.06e-02
 9.17131e+15	2.38e-01	7.51e-01	1.06e-02
 9.17621e+15	2.50e-01	7.40e-01	1.07e-02
 9.18105e+15	2.61e-01	7.28e-01	1.07e-02
 9.18596e+15	2.74e-01	7.15e-01	1.08e-02
 9.19084e+15	2.87e-01	7.02e-01	1.08e-02
 9.19566e+15	3.01e-01	6.89e-01	1.08e-02
 9.20047e+15	3.14e-01	6.75e-01	1.09e-02
 9.20530e+15	3.29e-01	6.61e-01	1.09e-02
 9.21017e+15	3.44e-01	6.45e-01	1.09e-02
 9.21490e+15	3.59e-01	6.30e-01	1.09e-02
 9.21959e+15	3.74e-01	6.15e-01	1.09e-02
 9.22440e+15	3.91e-01	5.99e-01	1.08e-02
 9.22924e+15	4.08e-01	5.82e-01	1.08e-02
 9.23397e+15	4.24e-01	5.65e-01	1.07e-02
 9.23868e+15	4.41e-01	5.48e-01	1.07e-02
 9.24347e+15	4.59e-01	5.30e-01	1.06e-02
 9.24828e+15	4.77e-01	5.13e-01	1.05e-02
 9.25302e+15	4.95e-01	4.95e-01	1.04e-02
 9.25769e+15	5.12e-01	4.77e-01	1.03e-02
 9.26229e+15	5.30e-01	4.60e-01	1.02e-02
 9.26688e+15	5.47e-01	4.43e-01	1.01e-02
 9.27148e+15	5.64e-01	4.26e-01	9.90e-03
 9.27612e+15	5.81e-01	4.09e-01	9.74e-03
 9.28076e+15	5.98e-01	3.92e-01	9.57e-03
 9.28537e+15	6.14e-01	3.76e-01	9.40e-03
 9.28999e+15	6.31e-01	3.60e-01	9.18e-03
 9.29476e+15	6.47e-01	3.44e-01	8.99e-03
 9.29960e+15	6.63e-01	3.29e-01	8.75e-03
 9.30449e+15	6.78e-01	3.14e-01	8.52e-03
 9.30953e+15	6.93e-01	2.99e-01	8.27e-03
 9.31472e+15	7.08e-01	2.84e-01	8.01e-03
 9.32011e+15	7.22e-01	2.70e-01	7.75e-03
 9.32570e+15	7.36e-01	2.57e-01	7.48e-03
 9.33146e+15	7.49e-01	2.44e-01	7.21e-03
 9.33752e+15	7.62e-01	2.31e-01	6.92e-03
 9.34351e+15	7.73e-01	2.20e-01	6.67e-03
 9.34915e+15	7.83e-01	2.11e-01	6.43e-03
 9.35483e+15	7.91e-01	2.02e-01	6.21e-03
 9.36074e+15	8.00e-01	1.94e-01	5.99e-03
 9.36695e+15	8.07e-01	1.87e-01	5.78e-03
 9.37345e+15	8.14e-01	1.80e-01	5.58e-03
 9.38029e+15	8.21e-01	1.74e-01	5.38e-03
 9.38753e+15	8.27e-01	1.68e-01	5.19e-03
 9.39528e+15	8.33e-01	1.62e-01	5.01e-03
 9.40359e+15	8.38e-01	1.58e-01	4.85e-03
 9.41274e+15	8.42e-01	1.53e-01	4.67e-03
 9.42253e+15	8.47e-01	1.49e-01	4.51e-03
 9.43299e+15	8.51e-01	1.45e-01	4.35e-03
 9.44449e+15	8.54e-01	1.42e-01	4.20e-03
 9.45682e+15	8.58e-01	1.38e-01	4.04e-03
 9.46982e+15	8.61e-01	1.35e-01	3.90e-03
 9.48344e+15	8.64e-01	1.32e-01	3.76e-03
 9.49765e+15	8.67e-01	1.30e-01	3.62e-03
 9.51228e+15	8.69e-01	1.27e-01	3.48e-03
 9.52720e+15	8.72e-01	1.25e-01	3.36e-03
 9.54222e+15	8.74e-01	1.23e-01	3.23e-03
 9.55722e+15	8.76e-01	1.20e-01	3.11e-03
 9.57213e+15	8.79e-01	1.18e-01	3.00e-03
 9.58692e+15	8.81e-01	1.16e-01	2.90e-03
 9.60159e+15	8.83e-01	1.14e-01	2.80e-03
 9.61611e+15	8.85e-01	1.12e-01	2.70e-03
 9.63047e+15	8.87e-01	1.11e-01	2.61e-03
 9.64468e+15	8.89e-01	1.09e-01	2.52e-03
 9.65868e+15	8.91e-01	1.07e-01	2.44e-03
 9.67251e+15	8.92e-01	1.05e-01	2.36e-03
 9.68629e+15	8.94e-01	1.04e-01	2.28e-03
 9.70002e+15	8.96e-01	1.02e-01	2.21e-03
 9.71367e+15	8.97e-01	1.01e-01	2.14e-03
 9.72722e+15	8.99e-01	9.90e-02	2.07e-03
 9.74070e+15	9.00e-01	9.75e-02	2.01e-03
 9.75416e+15	9.02e-01	9.61e-02	1.95e-03
 9.76762e+15	9.03e-01	9.46e-02	1.89e-03
 9.78109e+15	9.05e-01	9.32e-02	1.83e-03
 9.79461e+15	9.06e-01	9.18e-02	1.77e-03
 9.80824e+15	9.08e-01	9.05e-02	1.72e-03
 9.82220e+15	9.09e-01	8.91e-02	1.66e-03
 9.83662e+15	9.11e-01	8.77e-02	1.61e-03
 9.85138e+15	9.12e-01	8.63e-02	1.55e-03
 9.86647e+15	9.14e-01	8.48e-02	1.50e-03
 9.88205e+15	9.15e-01	8.34e-02	1.45e-03
 9.89835e+15	9.17e-01	8.19e-02	1.39e-03
 9.91560e+15	9.18e-01	8.04e-02	1.34e-03
 9.93442e+15	9.20e-01	7.87e-02	1.28e-03
 9.95487e+15	9.22e-01	7.70e-02	1.22e-03
 9.97744e+15	9.24e-01	7.51e-02	1.16e-03
 1.00032e+16	9.26e-01	7.30e-02	1.09e-03
 1.00306e+16	9.28e-01	7.08e-02	1.03e-03
 1.00569e+16	9.30e-01	6.88e-02	9.67e-04
 1.00808e+16	9.32e-01	6.71e-02	9.16e-04
 1.01025e+16	9.34e-01	6.55e-02	8.72e-04
 1.01223e+16	9.35e-01	6.41e-02	8.33e-04
 1.01403e+16	9.36e-01	6.29e-02	8.00e-04
 1.01567e+16	9.37e-01	6.17e-02	7.70e-04
 1.01716e+16	9.39e-01	6.07e-02	7.43e-04
 1.01880e+16	9.40e-01	5.96e-02	7.16e-04
 1.02056e+16	9.41e-01	5.85e-02	6.87e-04
 1.02217e+16	9.42e-01	5.74e-02	6.60e-04
 1.02363e+16	9.43e-01	5.65e-02	6.39e-04
 1.02523e+16	9.44e-01	5.55e-02	6.15e-04
 1.02696e+16	9.45e-01	5.44e-02	5.90e-04
 1.02853e+16	9.46e-01	5.34e-02	5.67e-04
 1.02996e+16	9.47e-01	5.25e-02	5.48e-04
 1.03126e+16	9.48e-01	5.17e-02	5.31e-04
 1.03245e+16	9.49e-01	5.10e-02	5.15e-04
 1.03375e+16	9.49e-01	5.02e-02	4.98e-04
 1.03515e+16	9.50e-01	4.94e-02	4.82e-04
 1.03642e+16	9.51e-01	4.86e-02	4.67e-04
 1.03758e+16	9.52e-01	4.79e-02	4.53e-04
 1.03864e+16	9.52e-01	4.73e-02	4.41e-04
 1.03980e+16	9.53e-01	4.66e-02	4.27e-04
 1.04105e+16	9.54e-01	4.59e-02	4.15e-04
 1.04219e+16	9.54e-01	4.53e-02	4.02e-04
 1.04322e+16	9.55e-01	4.47e-02	3.92e-04
 1.04436e+16	9.56e-01	4.40e-02	3.80e-04
 1.04558e+16	9.56e-01	4.34e-02	3.68e-04
 1.04669e+16	9.57e-01	4.27e-02	3.58e-04
 1.04771e+16	9.57e-01	4.22e-02	3.48e-04
 1.04882e+16	9.58e-01	4.16e-02	3.37e-04
 1.05002e+16	9.59e-01	4.10e-02	3.28e-04
 1.05111e+16	9.59e-01	4.04e-02	3.18e-04
 1.05210e+16	9.60e-01	3.99e-02	3.10e-04
 1.05319e+16	9.60e-01	3.93e-02	3.00e-04
 1.05437e+16	9.61e-01	3.87e-02	2.92e-04
 1.05544e+16	9.62e-01	3.82e-02	2.84e-04
 1.05641e+16	9.62e-01	3.77e-02	2.76e-04
 1.05748e+16	9.63e-01	3.71e-02	2.68e-04
 1.05863e+16	9.63e-01	3.66e-02	2.61e-04
 1.05967e+16	9.64e-01	3.61e-02	2.53e-04
 1.06063e+16	9.64e-01	3.57e-02	2.47e-04
 1.06167e+16	9.65e-01	3.52e-02	2.40e-04
 1.06280e+16	9.65e-01	3.47e-02	2.33e-04
 1.06383e+16	9.66e-01	3.42e-02	2.27e-04
 1.06476e+16	9.66e-01	3.38e-02	2.22e-04
 1.06578e+16	9.66e-01	3.33e-02	2.15e-04
 1.06689e+16	9.67e-01	3.29e-02	2.10e-04
 1.06789e+16	9.67e-01	3.25e-02	2.05e-04
 1.06899e+16	9.68e-01	3.20e-02	1.99e-04
 1.07018e+16	9.68e-01	3.16e-02	1.93e-04
 1.07127e+16	9.69e-01	3.12e-02	1.88e-04
 1.07245e+16	9.69e-01	3.07e-02	1.82e-04
 1.07373e+16	9.70e-01	3.02e-02	1.77e-04
 1.07490e+16	9.70e-01	2.98e-02	1.72e-04
 1.07617e+16	9.71e-01	2.93e-02	1.66e-04
 1.07755e+16	9.71e-01	2.88e-02	1.61e-04
 1.07881e+16	9.71e-01	2.84e-02	1.56e-04
 1.07995e+16	9.72e-01	2.80e-02	1.52e-04
 1.08120e+16	9.72e-01	2.76e-02	1.47e-04
 1.08255e+16	9.73e-01	2.72e-02	1.43e-04
 1.08378e+16	9.73e-01	2.68e-02	1.39e-04
 1.08512e+16	9.74e-01	2.63e-02	1.34e-04
 1.08658e+16	9.74e-01	2.59e-02	1.30e-04
 1.08790e+16	9.74e-01	2.55e-02	1.26e-04
 1.08910e+16	9.75e-01	2.52e-02	1.23e-04
 1.09042e+16	9.75e-01	2.48e-02	1.19e-04
 1.09185e+16	9.75e-01	2.44e-02	1.15e-04
 1.09314e+16	9.76e-01	2.40e-02	1.12e-04
 1.09456e+16	9.76e-01	2.36e-02	1.08e-04
 1.09610e+16	9.77e-01	2.32e-02	1.05e-04
 1.09749e+16	9.77e-01	2.29e-02	1.02e-04
 1.09902e+16	9.77e-01	2.25e-02	9.82e-05
 1.10067e+16	9.78e-01	2.21e-02	9.48e-05
 1.10217e+16	9.78e-01	2.17e-02	9.18e-05
 1.10354e+16	9.78e-01	2.14e-02	8.91e-05
 1.10504e+16	9.79e-01	2.11e-02	8.62e-05
 1.10665e+16	9.79e-01	2.07e-02	8.34e-05
 1.10812e+16	9.80e-01	2.04e-02	8.09e-05
 1.10973e+16	9.80e-01	2.00e-02	7.81e-05
 1.11148e+16	9.80e-01	1.97e-02	7.54e-05
 1.11306e+16	9.81e-01	1.94e-02	7.30e-05
 1.11479e+16	9.81e-01	1.90e-02	7.03e-05
 1.11667e+16	9.81e-01	1.87e-02	6.78e-05
 1.11837e+16	9.82e-01	1.83e-02	6.55e-05
 1.11992e+16	9.82e-01	1.80e-02	6.35e-05
 1.12162e+16	9.82e-01	1.77e-02	6.13e-05
 1.12346e+16	9.83e-01	1.74e-02	5.92e-05
 1.12513e+16	9.83e-01	1.71e-02	5.73e-05
 1.12696e+16	9.83e-01	1.68e-02	5.52e-05
 1.12894e+16	9.83e-01	1.65e-02	5.32e-05
 1.13073e+16	9.84e-01	1.62e-02	5.14e-05
 1.13270e+16	9.84e-01	1.59e-02	4.95e-05
 1.13483e+16	9.84e-01	1.56e-02	4.76e-05
 1.13677e+16	9.85e-01	1.53e-02	4.59e-05
 1.13889e+16	9.85e-01	1.50e-02	4.41e-05
 1.14118e+16	9.85e-01	1.47e-02	4.23e-05
 1.14326e+16	9.86e-01	1.44e-02	4.07e-05
 1.14555e+16	9.86e-01	1.41e-02	3.90e-05
 1.14801e+16	9.86e-01	1.38e-02	3.74e-05
 1.15025e+16	9.86e-01	1.35e-02	3.59e-05
 1.15230e+16	9.87e-01	1.33e-02	3.47e-05
 1.15453e+16	9.87e-01	1.30e-02	3.33e-05
 1.15695e+16	9.87e-01	1.28e-02	3.20e-05
 1.15915e+16	9.87e-01	1.25e-02	3.08e-05
 1.16155e+16	9.88e-01	1.22e-02	2.95e-05
 1.16415e+16	9.88e-01	1.20e-02	2.83e-05
 1.16652e+16	9.88e-01	1.17e-02	2.72e-05
 1.16911e+16	9.88e-01	1.15e-02	2.60e-05
 1.17191e+16	9.89e-01	1.12e-02	2.48e-05
 1.17446e+16	9.89e-01	1.10e-02	2.38e-05
 1.17725e+16	9.89e-01	1.07e-02	2.27e-05
 1.18026e+16	9.90e-01	1.05e-02	2.17e-05
 1.18300e+16	9.90e-01	1.03e-02	2.08e-05
 1.18601e+16	9.90e-01	1.00e-02	1.98e-05
 1.18925e+16	9.90e-01	9.75e-03	1.88e-05
 1.19220e+16	9.90e-01	9.53e-03	1.80e-05
 1.19544e+16	9.91e-01	9.29e-03	1.71e-05
 1.19893e+16	9.91e-01	9.04e-03	1.62e-05
 1.20211e+16	9.91e-01	8.83e-03	1.55e-05
 1.20559e+16	9.91e-01	8.59e-03	1.47e-05
 1.20935e+16	9.92e-01	8.36e-03	1.39e-05
 1.21277e+16	9.92e-01	8.15e-03	1.32e-05
 1.21652e+16	9.92e-01	7.92e-03	1.25e-05
 1.22056e+16	9.92e-01	7.69e-03	1.18e-05
 1.22424e+16	9.92e-01	7.50e-03	1.12e-05
 1.22828e+16	9.93e-01	7.28e-03	1.06e-05
 1.23353e+16	9.93e-01	7.00e-03	9.78e-06
 1.23959e+16	9.93e-01	6.70e-03	8.98e-06
 1.24575e+16	9.94e-01	6.43e-03	8.26e-06
 1.25192e+16	9.94e-01	6.16e-03	7.60e-06
 1.25834e+16	9.94e-01	5.90e-03	6.97e-06
 1.26505e+16	9.94e-01	5.64e-03	6.38e-06
 1.27199e+16	9.95e-01	5.39e-03	5.83e-06
 1.27916e+16	9.95e-01	5.14e-03	5.32e-06
 1.28658e+16	9.95e-01	4.90e-03	4.84e-06
 1.29422e+16	9.95e-01	4.67e-03	4.39e-06
 1.30200e+16	9.96e-01	4.45e-03	3.99e-06
 1.30989e+16	9.96e-01	4.24e-03	3.62e-06
 1.31792e+16	9.96e-01	4.03e-03	3.29e-06
 1.32609e+16	9.96e-01	3.84e-03	2.99e-06
 1.33432e+16	9.96e-01	3.66e-03	2.71e-06
 1.34265e+16	9.97e-01	3.48e-03	2.46e-06
 1.35127e+16	9.97e-01	3.31e-03	2.22e-06
 1.36008e+16	9.97e-01	3.15e-03	2.01e-06
 1.36903e+16	9.97e-01	2.99e-03	1.81e-06
 1.37811e+16	9.97e-01	2.84e-03	1.64e-06
 1.38736e+16	9.97e-01	2.69e-03	1.48e-06
 1.39680e+16	9.97e-01	2.56e-03	1.33e-06
 1.40642e+16	9.98e-01	2.42e-03	1.20e-06
 1.41620e+16	9.98e-01	2.30e-03	1.08e-06
 1.42616e+16	9.98e-01	2.18e-03	9.68e-07
 1.43631e+16	9.98e-01	2.06e-03	8.69e-07
 1.44667e+16	9.98e-01	1.95e-03	7.79e-07
 1.45724e+16	9.98e-01	1.85e-03	6.97e-07
 1.46802e+16	9.98e-01	1.74e-03	6.23e-07
 1.47901e+16	9.98e-01	1.65e-03	5.56e-07
 1.49022e+16	9.98e-01	1.55e-03	4.95e-07
 1.50168e+16	9.99e-01	1.47e-03	4.41e-07
 1.51338e+16	9.99e-01	1.38e-03	3.92e-07
 1.52533e+16	9.99e-01	1.30e-03	3.47e-07
 1.53756e+16	9.99e-01	1.22e-03	3.08e-07
 1.55007e+16	9.99e-01	1.15e-03	2.72e-07
 1.56287e+16	9.99e-01	1.08e-03	2.40e-07
 1.57599e+16	9.99e-01	1.01e-03	2.11e-07
 1.58944e+16	9.99e-01	9.47e-04	1.85e-07
 1.60325e+16	9.99e-01	8.85e-04	1.62e-07
 1.61743e+16	9.99e-01	8.27e-04	1.41e-07
 1.63201e+16	9.99e-01	7.71e-04	1.23e-07
 1.64701e+16	9.99e-01	7.18e-04	1.07e-07
 1.66237e+16	9.99e-01	6.68e-04	9.25e-08
 1.67796e+16	9.99e-01	6.21e-04	8.01e-08
 1.69411e+16	9.99e-01	5.76e-04	6.89e-08
 1.71119e+16	9.99e-01	5.32e-04	5.88e-08
 1.72900e+16	1.00e+00	4.90e-04	4.99e-08
 1.74742e+16	1.00e+00	4.50e-04	4.22e-08
 1.76654e+16	1.00e+00	4.13e-04	3.54e-08
 1.78652e+16	1.00e+00	3.77e-04	2.96e-08
 1.80747e+16	1.00e+00	3.43e-04	2.45e-08
 1.82949e+16	1.00e+00	3.11e-04	2.01e-08
 1.85273e+16	1.00e+00	2.80e-04	1.63e-08
 1.87739e+16	1.00e+00	2.51e-04	1.31e-08
 1.90354e+16	1.00e+00	2.24e-04	1.04e-08
 1.93174e+16	1.00e+00	1.98e-04	8.15e-09
 1.96212e+16	1.00e+00	1.73e-04	6.27e-09
 1.99457e+16	1.00e+00	1.50e-04	4.74e-09
 2.03026e+16	1.00e+00	1.29e-04	3.48e-09
 2.07049e+16	1.00e+00	1.09e-04	2.48e-09
 2.11551e+16	1.00e+00	9.00e-05	1.70e-09
 2.16736e+16	1.00e+00	7.25e-05	1.10e-09
 2.22642e+16	1.00e+00	5.70e-05	6.81e-10
 2.28789e+16	1.00e+00	4.46e-05	4.19e-10
 2.34834e+16	1.00e+00	3.53e-05	2.63e-10
 2.40825e+16	1.00e+00	2.81e-05	1.66e-10
 2.46904e+16	1.00e+00	2.23e-05	1.05e-10
 2.53113e+16	1.00e+00	1.78e-05	6.67e-11
 2.59445e+16	1.00e+00	1.41e-05	4.22e-11
 2.65882e+16	1.00e+00	1.12e-05	2.67e-11
 2.72416e+16	1.00e+00	8.94e-06	1.70e-11
 2.79088e+16	1.00e+00	7.12e-06	1.08e-11
 2.85911e+16	1.00e+00	5.67e-06	6.84e-12
 2.92885e+16	1.00e+00	4.51e-06	4.33e-12
 3.00022e+16	1.00e+00	3.58e-06	2.74e-12
 3.07324e+16	1.00e+00	2.85e-06	1.73e-12
 3.14795e+16	1.00e+00	2.26e-06	1.09e-12
 3.22472e+16	1.00e+00	1.79e-06	6.86e-13
 3.30394e+16	1.00e+00	1.41e-06	4.29e-13
 3.38569e+16	1.00e+00	1.11e-06	2.66e-13
 3.47034e+16	1.00e+00	8.74e-07	1.64e-13
 3.55853e+16	1.00e+00	6.83e-07	1.00e-13
 3.65095e+16	1.00e+00	5.29e-07	6.04e-14
 3.74867e+16	1.00e+00	4.06e-07	3.57e-14
 3.85156e+16	1.00e+00	3.10e-07	2.07e-14
 3.95604e+16	1.00e+00	2.37e-07	1.22e-14
 4.05883e+16	1.00e+00	1.83e-07	7.26e-15
 4.15966e+16	1.00e+00	1.43e-07	4.42e-15
 4.25916e+16	1.00e+00	1.12e-07	2.74e-15
 4.35720e+16	1.00e+00	8.89e-08	1.72e-15
 4.45316e+16	1.00e+00	7.11e-08	1.10e-15
 4.54681e+16	1.00e+00	5.74e-08	7.19e-16
 4.63778e+16	1.00e+00	4.67e-08	4.78e-16
 4.72583e+16	1.00e+00	3.84e-08	3.24e-16
 4.81090e+16	1.00e+00	3.19e-08	2.24e-16
 4.89285e+16	1.00e+00	2.68e-08	1.57e-16
 4.97165e+16	1.00e+00	2.26e-08	1.13e-16
 5.04722e+16	1.00e+00	1.93e-08	8.24e-17
 5.11949e+16	1.00e+00	1.66e-08	6.12e-17
 5.18864e+16	1.00e+00	1.44e-08	4.61e-17
 5.25473e+16	1.00e+00	1.26e-08	3.54e-17
 5.31780e+16	1.00e+00	1.11e-08	2.75e-17
 5.37790e+16	1.00e+00	9.89e-09	2.17e-17
 5.43515e+16	1.00e+00	8.83e-09	1.73e-17
 5.48967e+16	1.00e+00	7.95e-09	1.40e-17
 5.54160e+16	1.00e+00	7.19e-09	1.15e-17
 5.59102e+16	1.00e+00	6.54e-09	9.52e-18
 5.63805e+16	1.00e+00	5.98e-09	7.97e-18
 5.68280e+16	1.00e+00	5.49e-09	6.74e-18
 5.72536e+16	1.00e+00	5.07e-09	5.75e-18
 5.76588e+16	1.00e+00	4.70e-09	4.95e-18
 5.80443e+16	1.00e+00	4.38e-09	4.29e-18
 5.84113e+16	1.00e+00	4.09e-09	3.75e-18
 5.87605e+16	1.00e+00	3.84e-09	3.30e-18
 5.90931e+16	1.00e+00	3.61e-09	2.93e-18
 5.94099e+16	1.00e+00	3.41e-09	2.61e-18
 5.97119e+16	1.00e+00	3.23e-09	2.34e-18
 5.99998e+16	1.00e+00	3.07e-09	2.11e-18
 6.02744e+16	1.00e+00	2.92e-09	1.92e-18
 6.05365e+16	1.00e+00	2.79e-09	1.75e-18
 6.07869e+16	1.00e+00	2.66e-09	1.60e-18
 6.10262e+16	1.00e+00	2.55e-09	1.47e-18
 6.12552e+16	1.00e+00	2.45e-09	1.35e-18
 6.14743e+16	1.00e+00	2.36e-09	1.25e-18
 6.16843e+16	1.00e+00	2.27e-09	1.17e-18
 6.18859e+16	1.00e+00	2.20e-09	1.09e-18
 6.20798e+16	1.00e+00	2.12e-09	1.02e-18
 6.22665e+16	1.00e+00	2.05e-09	9.52e-19
 6.24463e+16	1.00e+00	1.99e-09	8.95e-19
 6.26198e+16	1.00e+00	1.93e-09	8.43e-19
 6.27878e+16	1.00e+00	1.88e-09	7.96e-19
 6.29510e+16	1.00e+00	1.82e-09	7.52e-19
 6.31097e+16	1.00e+00	1.77e-09	7.12e-19
 6.32644e+16	1.00e+00	1.73e-09	6.76e-19
 6.34157e+16	1.00e+00	1.68e-09	6.42e-19
 6.35642e+16	1.00e+00	1.64e-09	6.10e-19
 6.37107e+16	1.00e+00	1.60e-09	5.80e-19
 6.38559e+16	1.00e+00	1.56e-09	5.52e-19
 6.40007e+16	1.00e+00	1.52e-09	5.26e-19
 6.41457e+16	1.00e+00	1.49e-09	5.00e-19
 6.42918e+16	1.00e+00	1.45e-09	4.76e-19
 6.44404e+16	1.00e+00	1.41e-09	4.53e-19
 6.45928e+16	1.00e+00	1.38e-09	4.30e-19
 6.47508e+16	1.00e+00	1.34e-09	4.08e-19
 6.49166e+16	1.00e+00	1.30e-09	3.85e-19
 6.50928e+16	1.00e+00	1.26e-09	3.63e-19
 6.52832e+16	1.00e+00	1.22e-09	3.40e-19
 6.54928e+16	1.00e+00	1.18e-09	3.17e-19
 6.57287e+16	1.00e+00	1.13e-09	2.93e-19
 6.60014e+16	1.00e+00	1.08e-09	2.67e-19
 6.63266e+16	1.00e+00	1.02e-09	2.39e-19
 6.67289e+16	1.00e+00	9.57e-10	2.09e-19
 6.72446e+16	1.00e+00	8.77e-10	1.75e-19
 6.79149e+16	1.00e+00	7.83e-10	1.40e-19
 6.87864e+16	1.00e+00	6.77e-10	1.05e-19
 6.99193e+16	1.00e+00	5.63e-10	7.26e-20
 7.13921e+16	1.00e+00	4.44e-10	4.53e-20
 7.33068e+16	1.00e+00	3.28e-10	2.49e-20
 7.57173e+16	1.00e+00	2.27e-10	1.20e-20
 7.84130e+16	1.00e+00	1.54e-10	5.52e-21
 8.11877e+16	1.00e+00	1.04e-10	0.00e+00
 8.40161e+16	1.00e+00	7.04e-11	0.00e+00
 8.68581e+16	1.00e+00	4.82e-11	0.00e+00
 8.97002e+16	1.00e+00	3.34e-11	0.00e+00
 9.26863e+16	1.00e+00	2.28e-11	0.00e+00
 9.58163e+16	1.00e+00	1.55e-11	0.00e+00
 9.89463e+16	1.00e+00	1.07e-11	0.00e+00
 1.02076e+17	1.00e+00	7.43e-12	0.00e+00
 1.05206e+17	1.00e+00	5.21e-12	0.00e+00
 1.08336e+17	1.00e+00	3.69e-12	0.00e+00
 1.11466e+17	1.00e+00	2.63e-12	0.00e+00
 1.14596e+17	1.00e+00	1.90e-12	0.00e+00
 1.17726e+17	1.00e+00	1.38e-12	0.00e+00
 1.20857e+17	1.00e+00	1.02e-12	0.00e+00
 1.23987e+17	1.00e+00	7.53e-13	0.00e+00
 1.27117e+17	1.00e+00	5.64e-13	0.00e+00
 1.30645e+17	1.00e+00	4.09e-13	0.00e+00
 1.34648e+17	1.00e+00	2.88e-13	0.00e+00
 1.38368e+17	1.00e+00	2.11e-13	0.00e+00
 1.41001e+17	1.00e+00	1.73e-13	0.00e+00
 1.42437e+17	1.00e+00	1.56e-13	0.00e+00
 1.43210e+17	1.00e+00	1.48e-13	0.00e+00
 1.43674e+17	1.00e+00	1.43e-13	0.00e+00
 1.43957e+17	1.00e+00	1.41e-13	0.00e+00
 1.44177e+17	1.00e+00	1.38e-13	0.00e+00
 1.44416e+17	1.00e+00	1.36e-13	0.00e+00
 1.44684e+17	1.00e+00	1.33e-13	0.00e+00
 1.44949e+17	1.00e+00	1.31e-13	0.00e+00
 1.45171e+17	1.00e+00	1.29e-13	0.00e+00
 1.45362e+17	1.00e+00	1.27e-13	0.00e+00
 1.45551e+17	1.00e+00	1.25e-13	0.00e+00
 1.45744e+17	1.00e+00	1.23e-13	0.00e+00
 1.45932e+17	1.00e+00	1.22e-13	0.00e+00
 1.46100e+17	1.00e+00	1.20e-13	0.00e+00
 1.46247e+17	1.00e+00	1.19e-13	0.00e+00
 1.46386e+17	1.00e+00	1.18e-13	0.00e+00
 1.46530e+17	1.00e+00	1.17e-13	0.00e+00
 1.46670e+17	1.00e+00	1.15e-13	0.00e+00
 1.46798e+17	1.00e+00	1.14e-13	0.00e+00
 1.46914e+17	1.00e+00	1.13e-13	0.00e+00
 1.47025e+17	1.00e+00	1.12e-13	0.00e+00
 1.47135e+17	1.00e+00	1.12e-13	0.00e+00
 1.47246e+17	1.00e+00	1.11e-13	0.00e+00
 1.47355e+17	1.00e+00	1.10e-13	0.00e+00
 1.47458e+17	1.00e+00	1.09e-13	0.00e+00
 1.47556e+17	1.00e+00	1.08e-13	0.00e+00
 1.47649e+17	1.00e+00	1.07e-13	0.00e+00
 1.47740e+17	1.00e+00	1.07e-13	0.00e+00
 1.47829e+17	1.00e+00	1.06e-13	0.00e+00
 1.47918e+17	1.00e+00	1.05e-13	0.00e+00
 1.48008e+17	1.00e+00	1.04e-13	0.00e+00
 1.48092e+17	1.00e+00	1.04e-13	0.00e+00
 1.48174e+17	1.00e+00	1.03e-13	0.00e+00
 1.48258e+17	1.00e+00	1.02e-13	0.00e+00
 1.48346e+17	1.00e+00	1.02e-13	0.00e+00
 1.48430e+17	1.00e+00	1.01e-13	0.00e+00
 1.48511e+17	1.00e+00	1.00e-13	0.00e+00
 1.48594e+17	1.00e+00	9.97e-14	0.00e+00
 1.48680e+17	1.00e+00	9.90e-14	0.00e+00
 1.48763e+17	1.00e+00	9.83e-14	0.00e+00
 1.48844e+17	1.00e+00	9.77e-14	0.00e+00
 1.48930e+17	1.00e+00	9.70e-14	0.00e+00
 1.49019e+17	1.00e+00	9.62e-14	0.00e+00
 1.49107e+17	1.00e+00	9.55e-14	0.00e+00
 1.49193e+17	1.00e+00	9.49e-14	0.00e+00
 1.49282e+17	1.00e+00	9.41e-14	0.00e+00
 1.49376e+17	1.00e+00	9.34e-14	0.00e+00
 1.49472e+17	1.00e+00	9.26e-14	0.00e+00
 1.49568e+17	1.00e+00	9.18e-14	0.00e+00
 1.49670e+17	1.00e+00	9.10e-14	0.00e+00
 1.49777e+17	1.00e+00	9.02e-14	0.00e+00
 1.49877e+17	1.00e+00	8.94e-14	0.00e+00
 1.49972e+17	1.00e+00	8.87e-14	0.00e+00
 1.50078e+17	1.00e+00	8.79e-14	0.00e+00
 1.50197e+17	1.00e+00	8.69e-14	0.00e+00
 1.50317e+17	1.00e+00	8.60e-14	0.00e+00
 1.50428e+17	1.00e+00	8.52e-14	0.00e+00
 1.50539e+17	1.00e+00	8.43e-14	0.00e+00
 1.50659e+17	1.00e+00	8.34e-14	0.00e+00
 1.50789e+17	1.00e+00	8.25e-14	0.00e+00
 1.50920e+17	1.00e+00	8.15e-14	0.00e+00
 1.51045e+17	1.00e+00	8.06e-14	0.00e+00
 1.51177e+17	1.00e+00	7.96e-14	0.00e+00
 1.51321e+17	1.00e+00	7.86e-14	0.00e+00
 1.51472e+17	1.00e+00	7.75e-14	0.00e+00
 1.51622e+17	1.00e+00	7.64e-14	0.00e+00
 1.51770e+17	1.00e+00	7.54e-14	0.00e+00
 1.51921e+17	1.00e+00	7.43e-14	0.00e+00
 1.52077e+17	1.00e+00	7.33e-14	0.00e+00
 1.52244e+17	1.00e+00	7.21e-14	0.00e+00
 1.52420e+17	1.00e+00	7.10e-14	0.00e+00
 1.52598e+17	1.00e+00	6.98e-14	0.00e+00
 1.52777e+17	1.00e+00	6.86e-14	0.00e+00
 1.52951e+17	1.00e+00	6.75e-14	0.00e+00
 1.53143e+17	1.00e+00	6.63e-14	0.00e+00
 1.53358e+17	1.00e+00	6.49e-14	0.00e+00
 1.53570e+17	1.00e+00	6.36e-14	0.00e+00
 1.53774e+17	1.00e+00	6.24e-14	0.00e+00
 1.53980e+17	1.00e+00	6.11e-14	0.00e+00
 1.54206e+17	1.00e+00	5.98e-14	0.00e+00
 1.54445e+17	1.00e+00	5.84e-14	0.00e+00
 1.54679e+17	1.00e+00	5.71e-14	0.00e+00
 1.54917e+17	1.00e+00	5.57e-14	0.00e+00
 1.55166e+17	1.00e+00	5.44e-14	0.00e+00
 1.55429e+17	1.00e+00	5.30e-14	0.00e+00
 1.55697e+17	1.00e+00	5.16e-14	0.00e+00
 1.55962e+17	1.00e+00	5.02e-14	0.00e+00
 1.56235e+17	1.00e+00	4.89e-14	0.00e+00
 1.56527e+17	1.00e+00	4.74e-14	0.00e+00
 1.56831e+17	1.00e+00	4.60e-14	0.00e+00
 1.57136e+17	1.00e+00	4.45e-14	0.00e+00
 1.57442e+17	1.00e+00	4.32e-14	0.00e+00
 1.57755e+17	1.00e+00	4.17e-14	0.00e+00
 1.58083e+17	1.00e+00	4.04e-14	0.00e+00
 1.58428e+17	1.00e+00	3.89e-14	0.00e+00
 1.58782e+17	1.00e+00	3.75e-14	0.00e+00
 1.59135e+17	1.00e+00	3.61e-14	0.00e+00
 1.59503e+17	1.00e+00	3.47e-14	0.00e+00
 1.59891e+17	1.00e+00	3.33e-14	0.00e+00
 1.60280e+17	1.00e+00	3.19e-14	0.00e+00
 1.60668e+17	1.00e+00	3.06e-14	0.00e+00
 1.61072e+17	1.00e+00	2.93e-14	0.00e+00
 1.61499e+17	1.00e+00	2.80e-14	0.00e+00
 1.61943e+17	1.00e+00	2.67e-14	0.00e+00
 1.62404e+17	1.00e+00	2.54e-14	0.00e+00
 1.62888e+17	1.00e+00	2.41e-14	0.00e+00
 1.63381e+17	1.00e+00	2.28e-14	0.00e+00
 1.63868e+17	1.00e+00	2.16e-14	0.00e+00
 1.64360e+17	1.00e+00	2.05e-14	0.00e+00
 1.64892e+17	1.00e+00	1.93e-14	0.00e+00
 1.65459e+17	1.00e+00	1.82e-14	0.00e+00
 1.66059e+17	1.00e+00	1.71e-14	0.00e+00
 1.66686e+17	1.00e+00	1.60e-14	0.00e+00
 1.67285e+17	1.00e+00	1.50e-14	0.00e+00
 1.67821e+17	1.00e+00	1.42e-14	0.00e+00
 1.68301e+17	1.00e+00	1.35e-14	0.00e+00
 1.68756e+17	1.00e+00	1.28e-14	0.00e+00
 1.69203e+17	1.00e+00	1.23e-14	0.00e+00
 1.69641e+17	1.00e+00	1.17e-14	0.00e+00
 1.70056e+17	1.00e+00	1.12e-14	0.00e+00
 1.70441e+17	1.00e+00	1.07e-14	0.00e+00
 1.70799e+17	1.00e+00	1.03e-14	0.00e+00
 1.71138e+17	1.00e+00	9.95e-15	0.00e+00
 1.71462e+17	1.00e+00	9.59e-15	0.00e+00
 1.71767e+17	1.00e+00	9.25e-15	0.00e+00
 1.72055e+17	1.00e+00	8.97e-15	0.00e+00
 1.72324e+17	1.00e+00	8.69e-15	0.00e+00
 1.72577e+17	1.00e+00	8.45e-15	0.00e+00
 1.72818e+17	1.00e+00	8.22e-15	0.00e+00
 1.73053e+17	1.00e+00	8.01e-15	0.00e+00
 1.73279e+17	1.00e+00	7.80e-15	0.00e+00
 1.73495e+17	1.00e+00	7.61e-15	0.00e+00
 1.73701e+17	1.00e+00	7.43e-15	0.00e+00
 1.73898e+17	1.00e+00	7.25e-15	0.00e+00
 1.74090e+17	1.00e+00	7.09e-15	0.00e+00
 1.74278e+17	1.00e+00	6.94e-15	0.00e+00
 1.74461e+17	1.00e+00	6.79e-15	0.00e+00
 1.74640e+17	1.00e+00	6.66e-15	0.00e+00
 1.74813e+17	1.00e+00	6.53e-15	0.00e+00
 1.74984e+17	1.00e+00	6.40e-15	0.00e+00
 1.75151e+17	1.00e+00	6.28e-15	0.00e+00
 1.75315e+17	1.00e+00	6.16e-15	0.00e+00
 1.75476e+17	1.00e+00	6.05e-15	0.00e+00
 1.75634e+17	1.00e+00	5.94e-15	0.00e+00
 1.75814e+17	1.00e+00	5.83e-15	0.00e+00
 1.76049e+17	1.00e+00	5.68e-15	0.00e+00
 1.76353e+17	1.00e+00	5.49e-15	0.00e+00
 1.76749e+17	1.00e+00	5.27e-15	0.00e+00
 1.77264e+17	1.00e+00	4.98e-15	0.00e+00
 1.77911e+17	1.00e+00	4.65e-15	0.00e+00
 1.78610e+17	1.00e+00	4.32e-15	0.00e+00
 1.79240e+17	1.00e+00	4.05e-15	0.00e+00
 1.79776e+17	1.00e+00	3.83e-15	0.00e+00
 1.80272e+17	1.00e+00	3.65e-15	0.00e+00
 1.80793e+17	1.00e+00	3.47e-15	0.00e+00
 1.81361e+17	1.00e+00	3.28e-15	0.00e+00
 1.81950e+17	1.00e+00	3.10e-15	0.00e+00
 1.82527e+17	1.00e+00	2.94e-15	0.00e+00
 1.83087e+17	1.00e+00	2.79e-15	0.00e+00
 1.83653e+17	1.00e+00	2.65e-15	0.00e+00
 1.84251e+17	1.00e+00	2.50e-15	0.00e+00
 1.84890e+17	1.00e+00	2.36e-15	0.00e+00
 1.85566e+17	1.00e+00	2.22e-15	0.00e+00
 1.86280e+17	1.00e+00	2.09e-15	0.00e+00
 1.87052e+17	1.00e+00	1.95e-15	0.00e+00
 1.87920e+17	1.00e+00	1.81e-15	0.00e+00
 1.88945e+17	1.00e+00	1.66e-15	0.00e+00
 1.90217e+17	1.00e+00	1.48e-15	0.00e+00
 1.91853e+17	1.00e+00	1.29e-15	0.00e+00
 1.93981e+17	1.00e+00	1.08e-15	0.00e+00
 1.96747e+17	1.00e+00	8.62e-16	0.00e+00
 2.00343e+17	1.00e+00	6.45e-16	0.00e+00
 2.05017e+17	1.00e+00	4.46e-16	0.00e+00
 2.11094e+17	1.00e+00	2.79e-16	0.00e+00
 2.18819e+17	1.00e+00	1.56e-16	0.00e+00
 2.27572e+17	1.00e+00	8.21e-17	0.00e+00
 2.35948e+17	1.00e+00	4.52e-17	0.00e+00
 2.43159e+17	1.00e+00	2.71e-17	0.00e+00
 2.49485e+17	1.00e+00	1.74e-17	0.00e+00
 2.56454e+17	1.00e+00	1.05e-17	0.00e+00
 2.64259e+17	1.00e+00	5.96e-18	0.00e+00
 2.71257e+17	1.00e+00	3.65e-18	0.00e+00
 2.77096e+17	1.00e+00	2.41e-18	0.00e+00
 2.83205e+17	1.00e+00	1.51e-18	0.00e+00
 2.89565e+17	1.00e+00	9.47e-19	0.00e+00
 2.94300e+17	1.00e+00	6.65e-19	0.00e+00
 2.97142e+17	1.00e+00	5.33e-19	0.00e+00
 2.98847e+17	1.00e+00	4.64e-19	0.00e+00
 2.99869e+17	1.00e+00	4.27e-19	0.00e+00
 3.00483e+17	1.00e+00	4.05e-19	0.00e+00
 3.00851e+17	1.00e+00	3.93e-19	0.00e+00
 3.01111e+17	1.00e+00	3.84e-19	0.00e+00
 3.01390e+17	1.00e+00	3.75e-19	0.00e+00
 3.01753e+17	1.00e+00	3.64e-19	0.00e+00
 3.02203e+17	1.00e+00	3.50e-19	0.00e+00
 3.02674e+17	1.00e+00	3.36e-19	0.00e+00
 3.03070e+17	1.00e+00	3.24e-19	0.00e+00
 3.03378e+17	1.00e+00	3.15e-19	0.00e+00
 3.03660e+17	1.00e+00	3.08e-19	0.00e+00
 3.03990e+17	1.00e+00	2.99e-19	0.00e+00
 3.04395e+17	1.00e+00	2.88e-19	0.00e+00
 3.04822e+17	1.00e+00	2.77e-19	0.00e+00
 3.05184e+17	1.00e+00	2.67e-19	0.00e+00
 3.05470e+17	1.00e+00	2.60e-19	0.00e+00
 3.05732e+17	1.00e+00	2.54e-19	0.00e+00
 3.06031e+17	1.00e+00	2.47e-19	0.00e+00
 3.06392e+17	1.00e+00	2.38e-19	0.00e+00
 3.06768e+17	1.00e+00	2.30e-19	0.00e+00
 3.07094e+17	1.00e+00	2.22e-19	0.00e+00
 3.07360e+17	1.00e+00	2.16e-19	0.00e+00
 3.07604e+17	1.00e+00	2.11e-19	0.00e+00
 3.07873e+17	1.00e+00	2.05e-19	0.00e+00
 3.08187e+17	1.00e+00	1.99e-19	0.00e+00
 3.08522e+17	1.00e+00	1.92e-19	0.00e+00
 3.08828e+17	1.00e+00	1.85e-19	0.00e+00
 3.09082e+17	1.00e+00	1.80e-19	0.00e+00
 3.09308e+17	1.00e+00	1.76e-19	0.00e+00
 3.09549e+17	1.00e+00	1.71e-19	0.00e+00
 3.09827e+17	1.00e+00	1.66e-19	0.00e+00
 3.10127e+17	1.00e+00	1.60e-19	0.00e+00
 3.10406e+17	1.00e+00	1.55e-19	0.00e+00
 3.10643e+17	1.00e+00	1.50e-19	0.00e+00
