#depth	N	N+	N+2	N+3	N+4	N+5	N+6	N+7
 1.49634e+10	0.00e+00	2.15e-33	2.14e-24	4.87e-16	1.26e-08	9.96e-01	3.95e-03	0.00e+00
 4.54887e+10	3.87e-43	3.03e-33	2.78e-24	5.81e-16	1.37e-08	9.96e-01	3.63e-03	6.58e-09
 7.72350e+10	0.00e+00	4.27e-33	3.61e-24	6.93e-16	1.50e-08	9.97e-01	3.30e-03	0.00e+00
 1.10251e+11	9.09e-43	6.03e-33	4.68e-24	8.26e-16	1.65e-08	9.97e-01	3.02e-03	0.00e+00
 1.42710e+11	0.00e+00	8.35e-33	6.00e-24	9.78e-16	1.79e-08	9.97e-01	2.77e-03	0.00e+00
 1.73951e+11	1.99e-42	1.13e-32	7.56e-24	1.14e-15	1.94e-08	9.97e-01	2.56e-03	0.00e+00
 2.08320e+11	0.00e+00	1.56e-32	9.67e-24	1.35e-15	2.11e-08	9.98e-01	2.35e-03	0.00e+00
 2.46580e+11	4.56e-42	2.21e-32	1.26e-23	1.62e-15	2.32e-08	9.98e-01	2.14e-03	0.00e+00
 2.85192e+11	0.00e+00	3.09e-32	1.63e-23	1.93e-15	2.54e-08	9.98e-01	1.96e-03	0.00e+00
 3.25349e+11	1.05e-41	4.34e-32	2.11e-23	2.30e-15	2.78e-08	9.98e-01	1.79e-03	0.00e+00
 3.66769e+11	0.00e+00	6.06e-32	2.73e-23	2.74e-15	3.04e-08	9.98e-01	1.64e-03	0.00e+00
 4.07434e+11	2.36e-41	8.33e-32	3.48e-23	3.24e-15	3.31e-08	9.98e-01	1.50e-03	0.00e+00
 4.51246e+11	0.00e+00	1.16e-31	4.49e-23	3.85e-15	3.62e-08	9.99e-01	1.37e-03	0.00e+00
 4.99222e+11	5.46e-41	1.64e-31	5.86e-23	4.63e-15	3.99e-08	9.99e-01	1.25e-03	0.00e+00
 5.49118e+11	0.00e+00	2.32e-31	7.66e-23	5.57e-15	4.39e-08	9.99e-01	1.14e-03	0.00e+00
 6.01009e+11	1.28e-40	3.28e-31	1.00e-22	6.71e-15	4.83e-08	9.99e-01	1.03e-03	0.00e+00
 6.54977e+11	0.00e+00	4.64e-31	1.31e-22	8.08e-15	5.33e-08	9.99e-01	9.36e-04	0.00e+00
 7.03772e+11	2.84e-40	6.26e-31	1.65e-22	9.51e-15	5.80e-08	9.99e-01	8.60e-04	0.00e+00
 7.44403e+11	0.00e+00	7.98e-31	2.00e-22	1.08e-14	6.21e-08	9.99e-01	8.03e-04	0.00e+00
 7.88903e+11	5.23e-40	1.03e-30	2.44e-22	1.25e-14	6.69e-08	9.99e-01	7.47e-04	0.00e+00
 8.45299e+11	0.00e+00	1.41e-30	3.12e-22	1.48e-14	7.32e-08	9.99e-01	6.82e-04	0.00e+00
 9.04155e+11	1.13e-39	1.93e-30	3.99e-22	1.76e-14	8.03e-08	9.99e-01	6.23e-04	0.00e+00
 9.54073e+11	0.00e+00	2.49e-30	4.88e-22	2.03e-14	8.66e-08	9.99e-01	5.78e-04	0.00e+00
 1.00538e+12	2.10e-39	3.22e-30	5.95e-22	2.34e-14	9.33e-08	9.99e-01	5.36e-04	0.00e+00
 1.07003e+12	0.00e+00	4.38e-30	7.59e-22	2.78e-14	1.02e-07	1.00e+00	4.90e-04	0.00e+00
 1.13572e+12	4.40e-39	5.91e-30	9.62e-22	3.30e-14	1.12e-07	1.00e+00	4.47e-04	0.00e+00
 1.19201e+12	0.00e+00	7.56e-30	1.17e-21	3.79e-14	1.21e-07	1.00e+00	4.15e-04	0.00e+00
 1.25235e+12	8.07e-39	9.76e-30	1.43e-21	4.38e-14	1.31e-07	1.00e+00	3.85e-04	0.00e+00
 1.32714e+12	0.00e+00	1.32e-29	1.82e-21	5.21e-14	1.43e-07	1.00e+00	3.50e-04	0.00e+00
 1.40389e+12	1.67e-38	1.78e-29	2.31e-21	6.19e-14	1.57e-07	1.00e+00	3.20e-04	0.00e+00
 1.47286e+12	0.00e+00	2.30e-29	2.84e-21	7.17e-14	1.70e-07	1.00e+00	2.95e-04	0.00e+00
 1.54858e+12	3.14e-38	3.02e-29	3.52e-21	8.39e-14	1.85e-07	1.00e+00	2.72e-04	0.00e+00
 1.63817e+12	0.00e+00	4.09e-29	4.49e-21	1.00e-13	2.04e-07	1.00e+00	2.47e-04	0.00e+00
 1.72798e+12	6.44e-38	5.49e-29	5.68e-21	1.19e-13	2.24e-07	1.00e+00	2.25e-04	0.00e+00
 1.81306e+12	0.00e+00	7.16e-29	7.03e-21	1.39e-13	2.44e-07	1.00e+00	2.07e-04	0.00e+00
 1.90720e+12	1.24e-37	9.49e-29	8.82e-21	1.64e-13	2.67e-07	1.00e+00	1.89e-04	0.00e+00
 2.01341e+12	0.00e+00	1.29e-28	1.13e-20	1.96e-13	2.94e-07	1.00e+00	1.72e-04	0.00e+00
 2.11938e+12	2.53e-37	1.72e-28	1.42e-20	2.32e-13	3.23e-07	1.00e+00	1.57e-04	0.00e+00
 2.21294e+12	0.00e+00	2.20e-28	1.73e-20	2.68e-13	3.50e-07	1.00e+00	1.45e-04	0.00e+00
 2.29135e+12	4.31e-37	2.68e-28	2.03e-20	3.02e-13	3.73e-07	1.00e+00	1.36e-04	0.00e+00
 2.37569e+12	0.00e+00	3.30e-28	2.40e-20	3.41e-13	3.99e-07	1.00e+00	1.27e-04	0.00e+00
 2.48533e+12	7.54e-37	4.27e-28	2.96e-20	3.97e-13	4.34e-07	1.00e+00	1.17e-04	0.00e+00
 2.60006e+12	0.00e+00	5.55e-28	3.65e-20	4.64e-13	4.72e-07	1.00e+00	1.07e-04	0.00e+00
 2.69794e+12	1.33e-36	6.88e-28	4.34e-20	5.26e-13	5.07e-07	1.00e+00	1.00e-04	0.00e+00
 2.80173e+12	0.00e+00	8.59e-28	5.19e-20	5.99e-13	5.44e-07	1.00e+00	9.34e-05	0.00e+00
 2.93256e+12	2.40e-36	1.12e-27	6.44e-20	7.02e-13	5.94e-07	1.00e+00	8.56e-05	0.00e+00
 3.06735e+12	0.00e+00	1.46e-27	7.98e-20	8.22e-13	6.47e-07	1.00e+00	7.86e-05	0.00e+00
 3.18568e+12	4.32e-36	1.83e-27	9.57e-20	9.38e-13	6.96e-07	1.00e+00	7.31e-05	0.00e+00
 3.31386e+12	0.00e+00	2.32e-27	1.16e-19	1.08e-12	7.52e-07	1.00e+00	6.78e-05	0.00e+00
 3.45581e+12	7.74e-36	2.99e-27	1.42e-19	1.25e-12	8.16e-07	1.00e+00	6.25e-05	0.00e+00
 3.58728e+12	0.00e+00	3.74e-27	1.70e-19	1.43e-12	8.78e-07	1.00e+00	5.81e-05	0.00e+00
 3.72980e+12	1.34e-35	4.74e-27	2.05e-19	1.64e-12	9.47e-07	1.00e+00	5.39e-05	0.00e+00
 3.88835e+12	0.00e+00	6.10e-27	2.52e-19	1.90e-12	1.03e-06	1.00e+00	4.97e-05	0.00e+00
 4.03635e+12	2.40e-35	7.67e-27	3.03e-19	2.17e-12	1.11e-06	1.00e+00	4.62e-05	0.00e+00
 4.19734e+12	0.00e+00	9.75e-27	3.67e-19	2.50e-12	1.20e-06	1.00e+00	4.28e-05	0.00e+00
 4.37639e+12	4.35e-35	1.26e-26	4.52e-19	2.90e-12	1.30e-06	1.00e+00	3.94e-05	0.00e+00
 4.54375e+12	0.00e+00	1.59e-26	5.45e-19	3.32e-12	1.40e-06	1.00e+00	3.66e-05	0.00e+00
 4.72617e+12	7.74e-35	2.04e-26	6.64e-19	3.83e-12	1.51e-06	1.00e+00	3.38e-05	0.00e+00
 4.92989e+12	0.00e+00	2.65e-26	8.21e-19	4.47e-12	1.65e-06	1.00e+00	3.11e-05	0.00e+00
 5.12168e+12	1.42e-34	3.38e-26	9.96e-19	5.13e-12	1.78e-06	1.00e+00	2.88e-05	0.00e+00
 5.33137e+12	1.93e-34	4.36e-26	1.22e-18	5.94e-12	1.93e-06	1.00e+00	2.66e-05	0.00e+00
 5.56620e+12	2.68e-34	5.74e-26	1.52e-18	6.95e-12	2.10e-06	1.00e+00	2.44e-05	0.00e+00
 5.78871e+12	3.63e-34	7.39e-26	1.86e-18	8.03e-12	2.27e-06	1.00e+00	2.26e-05	0.00e+00
 6.02776e+12	4.99e-34	9.61e-26	2.30e-18	9.31e-12	2.46e-06	1.00e+00	2.09e-05	0.00e+00
 6.29880e+12	7.04e-34	1.28e-25	2.88e-18	1.09e-11	2.69e-06	1.00e+00	1.91e-05	0.00e+00
 6.56621e+12	9.78e-34	1.68e-25	3.58e-18	1.28e-11	2.93e-06	1.00e+00	1.76e-05	0.00e+00
 6.84431e+12	1.36e-33	2.21e-25	4.45e-18	1.49e-11	3.18e-06	1.00e+00	1.62e-05	0.00e+00
 7.14801e+12	1.94e-33	2.95e-25	5.60e-18	1.75e-11	3.47e-06	1.00e+00	1.48e-05	0.00e+00
 7.46386e+12	2.74e-33	3.93e-25	7.03e-18	2.05e-11	3.78e-06	1.00e+00	1.36e-05	0.00e+00
 7.77196e+12	3.82e-33	5.17e-25	8.72e-18	2.38e-11	4.10e-06	1.00e+00	1.26e-05	0.00e+00
 8.05451e+12	5.12e-33	6.59e-25	1.06e-17	2.72e-11	4.41e-06	1.00e+00	1.17e-05	0.00e+00
 8.30749e+12	6.62e-33	8.14e-25	1.25e-17	3.06e-11	4.69e-06	1.00e+00	1.10e-05	0.00e+00
 8.57775e+12	8.66e-33	1.01e-24	1.48e-17	3.44e-11	4.99e-06	1.00e+00	1.03e-05	0.00e+00
 8.92008e+12	1.21e-32	1.33e-24	1.83e-17	3.99e-11	5.40e-06	1.00e+00	9.56e-06	0.00e+00
 9.26717e+12	1.66e-32	1.73e-24	2.25e-17	4.60e-11	5.83e-06	1.00e+00	8.85e-06	0.00e+00
 9.55996e+12	2.17e-32	2.15e-24	2.66e-17	5.17e-11	6.20e-06	1.00e+00	8.33e-06	0.00e+00
 9.87107e+12	2.86e-32	2.70e-24	3.17e-17	5.83e-11	6.60e-06	1.00e+00	7.82e-06	0.00e+00
 1.02628e+13	4.03e-32	3.57e-24	3.93e-17	6.75e-11	7.13e-06	1.00e+00	7.25e-06	0.00e+00
 1.06629e+13	5.58e-32	4.66e-24	4.85e-17	7.80e-11	7.69e-06	1.00e+00	6.71e-06	0.00e+00
 1.10051e+13	7.37e-32	5.84e-24	5.78e-17	8.78e-11	8.19e-06	1.00e+00	6.31e-06	0.00e+00
 1.13685e+13	9.85e-32	7.39e-24	6.92e-17	9.93e-11	8.72e-06	1.00e+00	5.92e-06	0.00e+00
 1.18203e+13	1.40e-31	9.83e-24	8.60e-17	1.15e-10	9.41e-06	1.00e+00	5.49e-06	0.00e+00
 1.22832e+13	1.95e-31	1.29e-23	1.06e-16	1.33e-10	1.02e-05	1.00e+00	5.09e-06	0.00e+00
 1.26895e+13	2.64e-31	1.64e-23	1.28e-16	1.51e-10	1.08e-05	1.00e+00	4.78e-06	0.00e+00
 1.31261e+13	3.59e-31	2.11e-23	1.55e-16	1.71e-10	1.16e-05	1.00e+00	4.47e-06	0.00e+00
 1.36554e+13	5.16e-31	2.83e-23	1.93e-16	1.99e-10	1.25e-05	1.00e+00	4.14e-06	0.00e+00
 1.41911e+13	7.37e-31	3.77e-23	2.40e-16	2.30e-10	1.34e-05	1.00e+00	3.85e-06	0.00e+00
 1.46817e+13	1.01e-30	4.85e-23	2.91e-16	2.62e-10	1.44e-05	1.00e+00	3.60e-06	0.00e+00
 1.52274e+13	1.42e-30	6.37e-23	3.58e-16	3.02e-10	1.54e-05	1.00e+00	3.36e-06	0.00e+00
 1.58616e+13	2.08e-30	8.67e-23	4.52e-16	3.52e-10	1.67e-05	1.00e+00	3.10e-06	0.00e+00
 1.64861e+13	2.99e-30	1.16e-22	5.64e-16	4.09e-10	1.80e-05	1.00e+00	2.88e-06	0.00e+00
 1.70815e+13	4.18e-30	1.52e-22	6.91e-16	4.68e-10	1.92e-05	1.00e+00	2.69e-06	0.00e+00
 1.77406e+13	5.99e-30	2.03e-22	8.59e-16	5.41e-10	2.07e-05	1.00e+00	2.50e-06	0.00e+00
 1.84802e+13	8.85e-30	2.77e-22	1.09e-15	6.33e-10	2.24e-05	1.00e+00	2.31e-06	0.00e+00
 1.92299e+13	1.29e-29	3.76e-22	1.37e-15	7.38e-10	2.42e-05	1.00e+00	2.14e-06	0.00e+00
 2.00097e+13	1.90e-29	5.11e-22	1.72e-15	8.60e-10	2.61e-05	1.00e+00	1.98e-06	0.00e+00
 2.08400e+13	2.81e-29	6.99e-22	2.18e-15	1.01e-09	2.82e-05	1.00e+00	1.83e-06	0.00e+00
 2.17035e+13	4.15e-29	9.56e-22	2.75e-15	1.18e-09	3.05e-05	1.00e+00	1.70e-06	0.00e+00
 2.25423e+13	5.99e-29	1.28e-21	3.43e-15	1.36e-09	3.28e-05	1.00e+00	1.58e-06	0.00e+00
 2.32583e+13	8.06e-29	1.63e-21	4.12e-15	1.54e-09	3.48e-05	1.00e+00	1.49e-06	0.00e+00
 2.38922e+13	1.05e-28	2.01e-21	4.82e-15	1.71e-09	3.66e-05	1.00e+00	1.41e-06	0.00e+00
 2.46200e+13	1.41e-28	2.54e-21	5.74e-15	1.92e-09	3.88e-05	1.00e+00	1.33e-06	0.00e+00
 2.55469e+13	2.02e-28	3.38e-21	7.12e-15	2.21e-09	4.17e-05	1.00e+00	1.24e-06	0.00e+00
 2.65153e+13	2.87e-28	4.50e-21	8.84e-15	2.56e-09	4.48e-05	1.00e+00	1.15e-06	0.00e+00
 2.73687e+13	3.91e-28	5.75e-21	1.06e-14	2.89e-09	4.76e-05	1.00e+00	1.09e-06	0.00e+00
 2.82902e+13	5.42e-28	7.47e-21	1.29e-14	3.29e-09	5.08e-05	1.00e+00	1.02e-06	0.00e+00
 2.94022e+13	7.86e-28	1.01e-20	1.62e-14	3.82e-09	5.47e-05	1.00e+00	9.45e-07	0.00e+00
 3.05334e+13	1.12e-27	1.34e-20	2.02e-14	4.43e-09	5.89e-05	1.00e+00	0.00e+00	0.00e+00
 3.15863e+13	1.56e-27	1.75e-20	2.46e-14	5.05e-09	6.29e-05	1.00e+00	0.00e+00	0.00e+00
 3.27560e+13	2.23e-27	2.32e-20	3.05e-14	5.82e-09	6.75e-05	1.00e+00	0.00e+00	0.00e+00
 3.40962e+13	3.24e-27	3.15e-20	3.85e-14	6.82e-09	7.31e-05	1.00e+00	0.00e+00	0.00e+00
 3.53326e+13	4.61e-27	4.17e-20	4.75e-14	7.83e-09	7.83e-05	1.00e+00	0.00e+00	0.00e+00
 3.64005e+13	6.06e-27	5.21e-20	5.66e-14	8.80e-09	8.31e-05	1.00e+00	0.00e+00	0.00e+00
 3.75845e+13	8.31e-27	6.70e-20	6.83e-14	9.98e-09	8.85e-05	1.00e+00	0.00e+00	0.00e+00
 3.90337e+13	1.18e-26	8.91e-20	8.52e-14	1.16e-08	9.54e-05	1.00e+00	0.00e+00	0.00e+00
 4.05009e+13	1.69e-26	1.19e-19	1.06e-13	1.34e-08	1.03e-04	1.00e+00	0.00e+00	0.00e+00
 4.18162e+13	2.26e-26	1.51e-19	1.28e-13	1.52e-08	1.09e-04	1.00e+00	0.00e+00	0.00e+00
 4.32607e+13	3.16e-26	1.97e-19	1.56e-13	1.73e-08	1.17e-04	1.00e+00	0.00e+00	0.00e+00
 4.49736e+13	4.50e-26	2.64e-19	1.96e-13	2.02e-08	1.26e-04	1.00e+00	0.00e+00	0.00e+00
 4.66592e+13	6.36e-26	3.49e-19	2.43e-13	2.34e-08	1.36e-04	1.00e+00	0.00e+00	0.00e+00
 4.81939e+13	8.60e-26	4.46e-19	2.94e-13	2.66e-08	1.45e-04	1.00e+00	0.00e+00	0.00e+00
 4.99084e+13	1.20e-25	5.83e-19	3.61e-13	3.05e-08	1.56e-04	1.00e+00	0.00e+00	0.00e+00
 5.19101e+13	1.72e-25	7.84e-19	4.55e-13	3.56e-08	1.68e-04	1.00e+00	0.00e+00	0.00e+00
 5.38786e+13	2.48e-25	1.05e-18	5.67e-13	4.12e-08	1.81e-04	1.00e+00	0.00e+00	0.00e+00
 5.57325e+13	3.34e-25	1.34e-18	6.92e-13	4.72e-08	1.94e-04	1.00e+00	0.00e+00	0.00e+00
 5.77983e+13	4.77e-25	1.79e-18	8.58e-13	5.45e-08	2.09e-04	1.00e+00	0.00e+00	0.00e+00
 6.01402e+13	6.76e-25	2.39e-18	1.08e-12	6.37e-08	2.26e-04	1.00e+00	0.00e+00	0.00e+00
 6.24709e+13	9.64e-25	3.19e-18	1.36e-12	7.41e-08	2.44e-04	1.00e+00	0.00e+00	0.00e+00
 6.46464e+13	1.34e-24	4.16e-18	1.66e-12	8.48e-08	2.61e-04	1.00e+00	0.00e+00	0.00e+00
 6.70136e+13	1.87e-24	5.45e-18	2.05e-12	9.78e-08	2.81e-04	1.00e+00	0.00e+00	0.00e+00
 6.96651e+13	2.62e-24	7.23e-18	2.58e-12	1.14e-07	3.04e-04	1.00e+00	0.00e+00	0.00e+00
 7.21355e+13	3.68e-24	9.50e-18	3.17e-12	1.31e-07	3.26e-04	1.00e+00	0.00e+00	0.00e+00
 7.44222e+13	4.82e-24	1.19e-17	3.81e-12	1.48e-07	3.47e-04	1.00e+00	0.00e+00	0.00e+00
 7.66180e+13	6.37e-24	1.49e-17	4.52e-12	1.66e-07	3.68e-04	1.00e+00	0.00e+00	0.00e+00
 7.90484e+13	8.37e-24	1.87e-17	5.43e-12	1.88e-07	3.92e-04	1.00e+00	0.00e+00	0.00e+00
 8.17353e+13	1.15e-23	2.42e-17	6.62e-12	2.15e-07	4.19e-04	1.00e+00	0.00e+00	0.00e+00
 8.42384e+13	1.48e-23	3.00e-17	7.91e-12	2.42e-07	4.46e-04	1.00e+00	0.00e+00	0.00e+00
 8.69749e+13	2.00e-23	3.82e-17	9.56e-12	2.75e-07	4.75e-04	1.00e+00	0.00e+00	0.00e+00
 9.00492e+13	2.78e-23	4.99e-17	1.17e-11	3.16e-07	5.09e-04	9.99e-01	0.00e+00	0.00e+00
 9.29796e+13	3.65e-23	6.27e-17	1.42e-11	3.59e-07	5.44e-04	9.99e-01	0.00e+00	0.00e+00
 9.62061e+13	5.07e-23	8.18e-17	1.74e-11	4.11e-07	5.82e-04	9.99e-01	0.00e+00	0.00e+00
 9.97732e+13	6.85e-23	1.06e-16	2.15e-11	4.75e-07	6.27e-04	9.99e-01	0.00e+00	0.00e+00
 1.03067e+14	9.27e-23	1.35e-16	2.61e-11	5.40e-07	6.69e-04	9.99e-01	0.00e+00	0.00e+00
 1.06634e+14	1.28e-22	1.75e-16	3.19e-11	6.18e-07	7.17e-04	9.99e-01	0.00e+00	0.00e+00
 1.10616e+14	1.73e-22	2.27e-16	3.96e-11	7.15e-07	7.72e-04	9.99e-01	0.00e+00	0.00e+00
 1.14353e+14	2.38e-22	2.94e-16	4.83e-11	8.16e-07	8.25e-04	9.99e-01	0.00e+00	0.00e+00
 1.18427e+14	3.20e-22	3.77e-16	5.93e-11	9.38e-07	8.87e-04	9.99e-01	0.00e+00	0.00e+00
 1.22954e+14	4.53e-22	5.01e-16	7.41e-11	1.09e-06	9.57e-04	9.99e-01	0.00e+00	0.00e+00
 1.27185e+14	5.96e-22	6.33e-16	9.04e-11	1.25e-06	1.03e-03	9.99e-01	0.00e+00	0.00e+00
 1.31790e+14	8.33e-22	8.31e-16	1.12e-10	1.44e-06	1.10e-03	9.99e-01	0.00e+00	0.00e+00
 1.36935e+14	1.14e-21	1.08e-15	1.40e-10	1.67e-06	1.19e-03	9.99e-01	0.00e+00	0.00e+00
 1.41791e+14	1.57e-21	1.41e-15	1.72e-10	1.92e-06	1.28e-03	9.99e-01	0.00e+00	0.00e+00
 1.46998e+14	2.11e-21	1.82e-15	2.12e-10	2.22e-06	1.38e-03	9.99e-01	0.00e+00	0.00e+00
 1.52787e+14	2.98e-21	2.42e-15	2.67e-10	2.59e-06	1.49e-03	9.99e-01	0.00e+00	0.00e+00
 1.58408e+14	3.95e-21	3.09e-15	3.29e-10	2.99e-06	1.61e-03	9.98e-01	0.00e+00	0.00e+00
 1.64375e+14	5.44e-21	4.04e-15	4.10e-10	3.47e-06	1.74e-03	9.98e-01	0.00e+00	0.00e+00
 1.70980e+14	7.55e-21	5.33e-15	5.16e-10	4.06e-06	1.89e-03	9.98e-01	0.00e+00	0.00e+00
 1.77581e+14	1.05e-20	7.02e-15	6.45e-10	4.72e-06	2.05e-03	9.98e-01	0.00e+00	0.00e+00
 1.83065e+14	1.35e-20	8.70e-15	7.70e-10	5.33e-06	2.18e-03	9.98e-01	0.00e+00	0.00e+00
 1.87343e+14	1.62e-20	1.02e-14	8.82e-10	5.84e-06	2.29e-03	9.98e-01	0.00e+00	0.00e+00
 1.92008e+14	2.00e-20	1.21e-14	1.02e-09	6.45e-06	2.42e-03	9.98e-01	0.00e+00	0.00e+00
 1.98073e+14	2.54e-20	1.50e-14	1.22e-09	7.30e-06	2.59e-03	9.97e-01	0.00e+00	0.00e+00
 2.04603e+14	3.37e-20	1.89e-14	1.48e-09	8.31e-06	2.77e-03	9.97e-01	0.00e+00	0.00e+00
 2.10468e+14	4.17e-20	2.29e-14	1.74e-09	9.31e-06	2.95e-03	9.97e-01	0.00e+00	0.00e+00
 2.16819e+14	5.36e-20	2.83e-14	2.07e-09	1.05e-05	3.14e-03	9.97e-01	0.00e+00	0.00e+00
 2.24832e+14	7.11e-20	3.62e-14	2.56e-09	1.21e-05	3.40e-03	9.97e-01	0.00e+00	0.00e+00
 2.32890e+14	9.50e-20	4.63e-14	3.15e-09	1.40e-05	3.67e-03	9.96e-01	0.00e+00	0.00e+00
 2.39678e+14	1.19e-19	5.64e-14	3.72e-09	1.57e-05	3.90e-03	9.96e-01	0.00e+00	0.00e+00
 2.46929e+14	1.51e-19	6.91e-14	4.43e-09	1.76e-05	4.17e-03	9.96e-01	0.00e+00	0.00e+00
 2.56063e+14	2.01e-19	8.86e-14	5.47e-09	2.04e-05	4.51e-03	9.95e-01	0.00e+00	0.00e+00
 2.65541e+14	2.67e-19	1.13e-13	6.76e-09	2.36e-05	4.89e-03	9.95e-01	0.00e+00	0.00e+00
 2.73907e+14	3.43e-19	1.41e-13	8.11e-09	2.67e-05	5.24e-03	9.95e-01	0.00e+00	0.00e+00
 2.82931e+14	4.40e-19	1.75e-13	9.80e-09	3.04e-05	5.62e-03	9.94e-01	0.00e+00	0.00e+00
 2.93807e+14	5.93e-19	2.27e-13	1.22e-08	3.53e-05	6.12e-03	9.94e-01	0.00e+00	0.00e+00
 3.04568e+14	7.89e-19	2.91e-13	1.51e-08	4.08e-05	6.63e-03	9.93e-01	0.00e+00	0.00e+00
 3.14121e+14	1.01e-18	3.60e-13	1.81e-08	4.61e-05	7.09e-03	9.93e-01	0.00e+00	0.00e+00
 3.24626e+14	1.30e-18	4.51e-13	2.20e-08	5.26e-05	7.64e-03	9.92e-01	0.00e+00	0.00e+00
 3.37190e+14	1.76e-18	5.86e-13	2.75e-08	6.12e-05	8.31e-03	9.92e-01	0.00e+00	0.00e+00
 3.49703e+14	2.36e-18	7.55e-13	3.40e-08	7.07e-05	9.01e-03	9.91e-01	0.00e+00	0.00e+00
 3.61133e+14	3.03e-18	9.40e-13	4.12e-08	8.04e-05	9.67e-03	9.90e-01	0.00e+00	0.00e+00
 3.73880e+14	4.06e-18	1.21e-12	5.05e-08	9.23e-05	1.05e-02	9.89e-01	0.00e+00	0.00e+00
 3.88721e+14	5.56e-18	1.58e-12	6.36e-08	1.08e-04	1.14e-02	9.88e-01	0.00e+00	0.00e+00
 4.03320e+14	7.51e-18	2.05e-12	7.92e-08	1.25e-04	1.24e-02	9.88e-01	0.00e+00	0.00e+00
 4.17151e+14	9.69e-18	2.58e-12	9.68e-08	1.43e-04	1.33e-02	9.87e-01	0.00e+00	0.00e+00
 4.32515e+14	1.34e-17	3.37e-12	1.20e-07	1.65e-04	1.44e-02	9.85e-01	0.00e+00	0.00e+00
 4.47049e+14	1.75e-17	4.26e-12	1.46e-07	1.88e-04	1.55e-02	9.84e-01	0.00e+00	0.00e+00
 4.57860e+14	2.14e-17	5.06e-12	1.69e-07	2.07e-04	1.64e-02	9.83e-01	0.00e+00	0.00e+00
 4.68837e+14	2.62e-17	6.01e-12	1.94e-07	2.27e-04	1.73e-02	9.83e-01	0.00e+00	0.00e+00
 4.83107e+14	3.29e-17	7.37e-12	2.33e-07	2.56e-04	1.84e-02	9.81e-01	0.00e+00	0.00e+00
 4.98651e+14	4.41e-17	9.39e-12	2.81e-07	2.90e-04	1.98e-02	9.80e-01	0.00e+00	0.00e+00
 5.12693e+14	5.57e-17	1.15e-11	3.32e-07	3.24e-04	2.10e-02	9.79e-01	0.00e+00	0.00e+00
 5.27790e+14	7.00e-17	1.40e-11	3.96e-07	3.64e-04	2.24e-02	9.77e-01	0.00e+00	0.00e+00
 5.47064e+14	9.78e-17	1.85e-11	4.92e-07	4.20e-04	2.42e-02	9.75e-01	0.00e+00	0.00e+00
 5.66530e+14	1.44e-16	2.39e-11	6.07e-07	4.83e-04	2.61e-02	9.73e-01	0.00e+00	0.00e+00
 5.82741e+14	1.85e-16	2.95e-11	7.20e-07	5.40e-04	2.78e-02	9.72e-01	0.00e+00	0.00e+00
 5.99957e+14	2.39e-16	3.66e-11	8.58e-07	6.06e-04	2.96e-02	9.70e-01	0.00e+00	0.00e+00
 6.21897e+14	3.30e-16	4.78e-11	1.07e-06	6.99e-04	3.20e-02	9.67e-01	0.00e+00	0.00e+00
 6.45084e+14	4.58e-16	6.29e-11	1.33e-06	8.09e-04	3.46e-02	9.65e-01	0.00e+00	0.00e+00
 6.65866e+14	6.10e-16	7.99e-11	1.61e-06	9.17e-04	3.70e-02	9.62e-01	0.00e+00	0.00e+00
 6.88414e+14	8.19e-16	1.02e-10	1.97e-06	1.05e-03	3.97e-02	9.59e-01	0.00e+00	0.00e+00
 7.15197e+14	1.17e-15	1.37e-10	2.49e-06	1.22e-03	4.31e-02	9.56e-01	0.00e+00	0.00e+00
 7.41580e+14	1.62e-15	1.80e-10	3.10e-06	1.41e-03	4.65e-02	9.52e-01	0.00e+00	0.00e+00
 7.65566e+14	2.17e-15	2.29e-10	3.76e-06	1.59e-03	4.98e-02	9.49e-01	0.00e+00	0.00e+00
 7.92340e+14	2.90e-15	2.93e-10	4.63e-06	1.83e-03	5.35e-02	9.45e-01	0.00e+00	0.00e+00
 8.23638e+14	4.27e-15	4.00e-10	5.87e-06	2.13e-03	5.80e-02	9.40e-01	0.00e+00	0.00e+00
 8.54499e+14	6.05e-15	5.31e-10	7.33e-06	2.46e-03	6.26e-02	9.35e-01	0.00e+00	0.00e+00
 8.83644e+14	8.30e-15	6.88e-10	8.99e-06	2.81e-03	6.71e-02	9.30e-01	0.00e+00	0.00e+00
 9.16068e+14	1.13e-14	8.94e-10	1.12e-05	3.24e-03	7.22e-02	9.25e-01	0.00e+00	0.00e+00
 9.52741e+14	1.71e-14	1.24e-09	1.42e-05	3.78e-03	7.83e-02	9.18e-01	0.00e+00	0.00e+00
 9.83488e+14	2.31e-14	1.58e-09	1.72e-05	4.28e-03	8.35e-02	9.12e-01	0.00e+00	0.00e+00
 1.00560e+15	2.86e-14	1.88e-09	1.97e-05	4.67e-03	8.73e-02	9.08e-01	0.00e+00	0.00e+00
 1.02873e+15	3.55e-14	2.24e-09	2.26e-05	5.10e-03	9.13e-02	9.04e-01	0.00e+00	0.00e+00
 1.05879e+15	4.51e-14	2.75e-09	2.68e-05	5.71e-03	9.66e-02	8.98e-01	0.00e+00	0.00e+00
 1.09238e+15	6.32e-14	3.58e-09	3.24e-05	6.45e-03	1.03e-01	8.91e-01	0.00e+00	0.00e+00
 1.12379e+15	8.21e-14	4.44e-09	3.84e-05	7.19e-03	1.09e-01	8.84e-01	0.00e+00	0.00e+00
 1.15786e+15	1.06e-13	5.52e-09	4.59e-05	8.07e-03	1.15e-01	8.77e-01	0.00e+00	0.00e+00
 1.19616e+15	1.51e-13	7.25e-09	5.59e-05	9.16e-03	1.23e-01	8.68e-01	0.00e+00	0.00e+00
 1.23241e+15	1.99e-13	9.10e-09	6.68e-05	1.03e-02	1.30e-01	8.60e-01	0.00e+00	0.00e+00
 1.27196e+15	2.62e-13	1.15e-08	8.05e-05	1.16e-02	1.37e-01	8.51e-01	0.00e+00	0.00e+00
 1.31644e+15	3.80e-13	1.53e-08	9.90e-05	1.32e-02	1.47e-01	8.40e-01	0.00e+00	0.00e+00
 1.35864e+15	5.09e-13	1.94e-08	1.19e-04	1.49e-02	1.55e-01	8.30e-01	0.00e+00	0.00e+00
 1.40483e+15	6.81e-13	2.48e-08	1.45e-04	1.69e-02	1.65e-01	8.18e-01	0.00e+00	0.00e+00
 1.45654e+15	1.01e-12	3.35e-08	1.80e-04	1.93e-02	1.76e-01	8.04e-01	0.00e+00	0.00e+00
 1.50466e+15	1.37e-12	4.31e-08	2.18e-04	2.18e-02	1.86e-01	7.92e-01	0.00e+00	0.00e+00
 1.55647e+15	1.88e-12	5.57e-08	2.65e-04	2.47e-02	1.97e-01	7.78e-01	0.00e+00	0.00e+00
 1.61452e+15	2.58e-12	7.24e-08	3.28e-04	2.82e-02	2.10e-01	7.62e-01	0.00e+00	0.00e+00
 1.66919e+15	3.72e-12	9.60e-08	3.99e-04	3.19e-02	2.22e-01	7.46e-01	0.00e+00	0.00e+00
 1.72876e+15	5.14e-12	1.25e-07	4.88e-04	3.62e-02	2.34e-01	7.29e-01	0.00e+00	0.00e+00
 1.79507e+15	7.09e-12	1.63e-07	6.04e-04	4.13e-02	2.48e-01	7.10e-01	0.00e+00	0.00e+00
 1.85726e+15	9.81e-12	2.12e-07	7.34e-04	4.66e-02	2.62e-01	6.91e-01	0.00e+00	0.00e+00
 1.91433e+15	1.31e-11	2.68e-07	8.71e-04	5.18e-02	2.73e-01	6.74e-01	0.00e+00	0.00e+00
 1.97761e+15	1.84e-11	3.48e-07	1.05e-03	5.80e-02	2.87e-01	6.54e-01	0.00e+00	0.00e+00
 2.04848e+15	2.48e-11	4.45e-07	1.27e-03	6.53e-02	3.00e-01	6.33e-01	0.00e+00	0.00e+00
 2.11620e+15	3.36e-11	5.69e-07	1.53e-03	7.29e-02	3.14e-01	6.12e-01	0.00e+00	0.00e+00
 2.17474e+15	4.37e-11	7.01e-07	1.78e-03	7.98e-02	3.25e-01	5.94e-01	0.00e+00	0.00e+00
 2.22586e+15	5.58e-11	8.48e-07	2.02e-03	8.62e-02	3.34e-01	5.78e-01	0.00e+00	0.00e+00
 2.28385e+15	6.91e-11	1.01e-06	2.32e-03	9.35e-02	3.44e-01	5.60e-01	0.00e+00	0.00e+00
 2.35923e+15	9.69e-11	1.31e-06	2.78e-03	1.04e-01	3.57e-01	5.36e-01	0.00e+00	0.00e+00
 2.43424e+15	1.24e-10	1.61e-06	3.28e-03	1.14e-01	3.68e-01	5.14e-01	0.00e+00	0.00e+00
 2.49753e+15	1.63e-10	1.99e-06	3.78e-03	1.24e-01	3.78e-01	4.95e-01	0.00e+00	0.00e+00
 2.56856e+15	2.08e-10	2.43e-06	4.38e-03	1.35e-01	3.87e-01	4.74e-01	0.00e+00	0.00e+00
 2.66089e+15	2.91e-10	3.17e-06	5.28e-03	1.50e-01	3.99e-01	4.46e-01	0.00e+00	0.00e+00
 2.75387e+15	3.96e-10	4.05e-06	6.30e-03	1.65e-01	4.09e-01	4.20e-01	0.00e+00	0.00e+00
 2.82809e+15	4.98e-10	4.88e-06	7.22e-03	1.78e-01	4.15e-01	4.00e-01	0.00e+00	0.00e+00
 2.90498e+15	6.17e-10	5.82e-06	8.26e-03	1.91e-01	4.21e-01	3.79e-01	0.00e+00	0.00e+00
 3.00493e+15	8.70e-10	7.58e-06	9.84e-03	2.10e-01	4.28e-01	3.52e-01	0.00e+00	0.00e+00
 3.10819e+15	1.16e-09	9.53e-06	1.16e-02	2.28e-01	4.33e-01	3.27e-01	0.00e+00	0.00e+00
 3.19517e+15	1.44e-09	1.14e-05	1.33e-02	2.44e-01	4.36e-01	3.06e-01	0.00e+00	0.00e+00
 3.28769e+15	1.85e-09	1.39e-05	1.53e-02	2.62e-01	4.38e-01	2.85e-01	0.00e+00	0.00e+00
 3.39018e+15	2.55e-09	1.77e-05	1.78e-02	2.82e-01	4.39e-01	2.61e-01	0.00e+00	0.00e+00
 3.48373e+15	3.23e-09	2.14e-05	2.03e-02	3.00e-01	4.38e-01	2.42e-01	0.00e+00	0.00e+00
 3.58343e+15	4.12e-09	2.59e-05	2.32e-02	3.19e-01	4.35e-01	2.23e-01	0.00e+00	0.00e+00
 3.69444e+15	5.21e-09	3.13e-05	2.67e-02	3.39e-01	4.31e-01	2.03e-01	0.00e+00	0.00e+00
 3.79644e+15	6.97e-09	3.89e-05	3.05e-02	3.59e-01	4.26e-01	1.85e-01	0.00e+00	0.00e+00
 3.88642e+15	8.58e-09	4.58e-05	3.40e-02	3.75e-01	4.20e-01	1.70e-01	0.00e+00	0.00e+00
 3.96760e+15	1.03e-08	5.27e-05	3.74e-02	3.90e-01	4.15e-01	1.58e-01	0.00e+00	0.00e+00
 4.05626e+15	1.26e-08	6.17e-05	4.14e-02	4.06e-01	4.08e-01	1.45e-01	0.00e+00	0.00e+00
 4.15272e+15	1.50e-08	7.09e-05	4.59e-02	4.22e-01	3.99e-01	1.33e-01	0.00e+00	0.00e+00
 4.25932e+15	1.99e-08	8.74e-05	5.19e-02	4.41e-01	3.89e-01	1.19e-01	0.00e+00	0.00e+00
 4.37422e+15	2.40e-08	1.02e-04	5.82e-02	4.58e-01	3.77e-01	1.07e-01	0.00e+00	0.00e+00
 4.48198e+15	3.17e-08	1.25e-04	6.54e-02	4.76e-01	3.64e-01	9.45e-02	0.00e+00	0.00e+00
 4.58166e+15	3.91e-08	1.47e-04	7.23e-02	4.90e-01	3.53e-01	8.50e-02	0.00e+00	0.00e+00
 4.67252e+15	4.71e-08	1.69e-04	7.91e-02	5.02e-01	3.41e-01	7.70e-02	0.00e+00	0.00e+00
 4.76089e+15	5.66e-08	1.94e-04	8.62e-02	5.14e-01	3.30e-01	6.97e-02	0.00e+00	0.00e+00
 4.86228e+15	6.66e-08	2.21e-04	9.46e-02	5.26e-01	3.17e-01	6.25e-02	0.00e+00	0.00e+00
 4.99408e+15	9.26e-08	2.81e-04	1.08e-01	5.41e-01	2.98e-01	5.29e-02	0.00e+00	0.00e+00
 5.12286e+15	1.21e-07	3.43e-04	1.21e-01	5.53e-01	2.80e-01	4.51e-02	0.00e+00	0.00e+00
 5.21962e+15	1.46e-07	3.96e-04	1.32e-01	5.61e-01	2.66e-01	3.99e-02	0.00e+00	0.00e+00
 5.30307e+15	1.74e-07	4.52e-04	1.43e-01	5.67e-01	2.54e-01	3.57e-02	0.00e+00	0.00e+00
 5.39731e+15	2.14e-07	5.25e-04	1.56e-01	5.72e-01	2.40e-01	3.13e-02	0.00e+00	0.00e+00
 5.50306e+15	2.52e-07	5.97e-04	1.70e-01	5.77e-01	2.25e-01	2.72e-02	0.00e+00	0.00e+00
 5.62376e+15	3.54e-07	7.61e-04	1.91e-01	5.80e-01	2.06e-01	2.23e-02	0.00e+00	0.00e+00
 5.72777e+15	4.28e-07	8.79e-04	2.08e-01	5.81e-01	1.92e-01	1.91e-02	0.00e+00	0.00e+00
 5.79410e+15	5.01e-07	9.85e-04	2.21e-01	5.80e-01	1.82e-01	1.71e-02	0.00e+00	0.00e+00
 5.86433e+15	5.92e-07	1.11e-03	2.35e-01	5.78e-01	1.71e-01	1.51e-02	0.00e+00	0.00e+00
 5.95564e+15	7.35e-07	1.30e-03	2.55e-01	5.74e-01	1.57e-01	1.27e-02	0.00e+00	0.00e+00
 6.04684e+15	9.11e-07	1.52e-03	2.75e-01	5.69e-01	1.44e-01	1.07e-02	0.00e+00	0.00e+00
 6.10976e+15	1.03e-06	1.67e-03	2.90e-01	5.64e-01	1.35e-01	9.49e-03	0.00e+00	0.00e+00
 6.16340e+15	1.18e-06	1.84e-03	3.04e-01	5.59e-01	1.27e-01	8.44e-03	0.00e+00	0.00e+00
 6.22234e+15	1.45e-06	2.13e-03	3.22e-01	5.51e-01	1.18e-01	7.28e-03	0.00e+00	0.00e+00
 6.27001e+15	1.63e-06	2.32e-03	3.35e-01	5.45e-01	1.11e-01	6.53e-03	0.00e+00	0.00e+00
 6.31381e+15	1.83e-06	2.51e-03	3.47e-01	5.39e-01	1.05e-01	5.87e-03	0.00e+00	0.00e+00
 6.37075e+15	2.14e-06	2.82e-03	3.65e-01	5.30e-01	9.70e-02	5.06e-03	0.00e+00	0.00e+00
 6.42858e+15	2.41e-06	3.07e-03	3.82e-01	5.21e-01	8.96e-02	4.39e-03	0.00e+00	0.00e+00
 6.47928e+15	2.96e-06	3.54e-03	4.01e-01	5.10e-01	8.22e-02	3.72e-03	0.00e+00	0.00e+00
 6.52083e+15	3.29e-06	3.82e-03	4.14e-01	5.02e-01	7.70e-02	3.31e-03	0.00e+00	0.00e+00
 6.55874e+15	3.60e-06	4.08e-03	4.27e-01	4.94e-01	7.22e-02	2.96e-03	0.00e+00	0.00e+00
 6.60803e+15	4.34e-06	4.64e-03	4.46e-01	4.82e-01	6.56e-02	2.48e-03	0.00e+00	0.00e+00
 6.65554e+15	5.02e-06	5.14e-03	4.63e-01	4.70e-01	5.99e-02	2.11e-03	0.00e+00	0.00e+00
 6.69243e+15	5.49e-06	5.48e-03	4.76e-01	4.61e-01	5.58e-02	1.86e-03	0.00e+00	0.00e+00
 6.73206e+15	6.54e-06	6.18e-03	4.92e-01	4.49e-01	5.08e-02	1.57e-03	0.00e+00	0.00e+00
 6.77213e+15	7.14e-06	6.59e-03	5.06e-01	4.39e-01	4.68e-02	1.36e-03	0.00e+00	0.00e+00
 6.81277e+15	8.62e-06	7.48e-03	5.23e-01	4.26e-01	4.20e-02	1.12e-03	0.00e+00	0.00e+00
 6.85299e+15	9.76e-06	8.16e-03	5.38e-01	4.15e-01	3.82e-02	9.49e-04	0.00e+00	0.00e+00
 6.89264e+15	1.14e-05	9.08e-03	5.54e-01	4.02e-01	3.42e-02	7.80e-04	0.00e+00	0.00e+00
 6.93501e+15	1.31e-05	1.00e-02	5.70e-01	3.89e-01	3.05e-02	6.38e-04	0.00e+00	0.00e+00
 6.97389e+15	1.52e-05	1.11e-02	5.85e-01	3.76e-01	2.71e-02	5.21e-04	0.00e+00	0.00e+00
 7.01096e+15	1.73e-05	1.21e-02	5.99e-01	3.65e-01	2.43e-02	4.29e-04	0.00e+00	0.00e+00
 7.05270e+15	2.02e-05	1.35e-02	6.14e-01	3.51e-01	2.12e-02	3.37e-04	0.00e+00	0.00e+00
 7.09799e+15	2.40e-05	1.51e-02	6.31e-01	3.36e-01	1.82e-02	2.58e-04	0.00e+00	0.00e+00
 7.13136e+15	2.69e-05	1.64e-02	6.42e-01	3.26e-01	1.63e-02	2.13e-04	0.00e+00	0.00e+00
 7.15289e+15	2.90e-05	1.72e-02	6.49e-01	3.19e-01	1.51e-02	1.87e-04	0.00e+00	0.00e+00
 7.17555e+15	3.17e-05	1.83e-02	6.56e-01	3.11e-01	1.39e-02	1.61e-04	0.00e+00	0.00e+00
 7.20501e+15	3.54e-05	1.97e-02	6.66e-01	3.02e-01	1.24e-02	1.32e-04	0.00e+00	0.00e+00
 7.23711e+15	3.98e-05	2.13e-02	6.76e-01	2.92e-01	1.10e-02	1.07e-04	0.00e+00	0.00e+00
 7.26640e+15	4.42e-05	2.29e-02	6.84e-01	2.83e-01	9.80e-03	8.79e-05	0.00e+00	0.00e+00
 7.29824e+15	4.98e-05	2.48e-02	6.94e-01	2.73e-01	8.60e-03	7.01e-05	0.00e+00	0.00e+00
 7.33286e+15	5.64e-05	2.69e-02	7.03e-01	2.62e-01	7.48e-03	5.49e-05	0.00e+00	0.00e+00
 7.36424e+15	6.30e-05	2.90e-02	7.11e-01	2.53e-01	6.58e-03	4.40e-05	0.00e+00	0.00e+00
 7.39817e+15	7.13e-05	3.15e-02	7.19e-01	2.43e-01	5.68e-03	3.41e-05	0.00e+00	0.00e+00
 7.43491e+15	8.11e-05	3.43e-02	7.28e-01	2.33e-01	4.86e-03	2.60e-05	0.00e+00	0.00e+00
 7.46792e+15	9.10e-05	3.70e-02	7.35e-01	2.24e-01	4.22e-03	2.03e-05	0.00e+00	0.00e+00
 7.49870e+15	1.01e-04	3.97e-02	7.41e-01	2.15e-01	3.68e-03	1.61e-05	0.00e+00	0.00e+00
 7.53396e+15	1.15e-04	4.32e-02	7.48e-01	2.06e-01	3.14e-03	1.22e-05	0.00e+00	0.00e+00
 7.57256e+15	1.31e-04	4.71e-02	7.54e-01	1.96e-01	2.64e-03	9.05e-06	0.00e+00	0.00e+00
 7.60741e+15	1.48e-04	5.10e-02	7.60e-01	1.87e-01	2.26e-03	6.89e-06	0.00e+00	0.00e+00
 7.63958e+15	1.66e-04	5.48e-02	7.64e-01	1.79e-01	1.95e-03	5.34e-06	0.00e+00	0.00e+00
 7.67635e+15	1.88e-04	5.95e-02	7.69e-01	1.70e-01	1.64e-03	3.96e-06	0.00e+00	0.00e+00
 7.71653e+15	2.17e-04	6.52e-02	7.73e-01	1.60e-01	1.35e-03	2.87e-06	0.00e+00	0.00e+00
 7.75251e+15	2.46e-04	7.07e-02	7.76e-01	1.51e-01	1.14e-03	2.15e-06	0.00e+00	0.00e+00
 7.78518e+15	2.76e-04	7.61e-02	7.79e-01	1.44e-01	9.77e-04	1.64e-06	0.00e+00	0.00e+00
 7.82216e+15	3.15e-04	8.29e-02	7.81e-01	1.35e-01	8.13e-04	1.20e-06	0.00e+00	0.00e+00
 7.86271e+15	3.63e-04	9.09e-02	7.82e-01	1.26e-01	6.66e-04	8.59e-07	0.00e+00	0.00e+00
 7.89909e+15	4.15e-04	9.89e-02	7.82e-01	1.18e-01	5.55e-04	0.00e+00	0.00e+00	0.00e+00
 7.93186e+15	4.67e-04	1.07e-01	7.81e-01	1.12e-01	4.70e-04	0.00e+00	0.00e+00	0.00e+00
 7.96874e+15	5.36e-04	1.16e-01	7.79e-01	1.04e-01	3.87e-04	0.00e+00	0.00e+00	0.00e+00
 8.00925e+15	6.25e-04	1.28e-01	7.75e-01	9.56e-02	3.12e-04	0.00e+00	0.00e+00	0.00e+00
 8.04562e+15	7.17e-04	1.39e-01	7.71e-01	8.85e-02	2.57e-04	0.00e+00	0.00e+00	0.00e+00
 8.07859e+15	8.14e-04	1.51e-01	7.66e-01	8.21e-02	2.14e-04	0.00e+00	0.00e+00	0.00e+00
 8.11600e+15	9.42e-04	1.65e-01	7.58e-01	7.51e-02	1.72e-04	0.00e+00	0.00e+00	0.00e+00
 8.15685e+15	1.11e-03	1.83e-01	7.48e-01	6.78e-02	1.36e-04	0.00e+00	0.00e+00	0.00e+00
 8.19320e+15	1.29e-03	2.00e-01	7.37e-01	6.15e-02	1.09e-04	0.00e+00	0.00e+00	0.00e+00
 8.22591e+15	1.48e-03	2.18e-01	7.25e-01	5.60e-02	8.90e-05	0.00e+00	0.00e+00	0.00e+00
 8.26285e+15	1.73e-03	2.39e-01	7.09e-01	5.01e-02	7.00e-05	0.00e+00	0.00e+00	0.00e+00
 8.30401e+15	2.06e-03	2.65e-01	6.89e-01	4.38e-02	5.31e-05	0.00e+00	0.00e+00	0.00e+00
 8.34212e+15	2.44e-03	2.93e-01	6.67e-01	3.83e-02	4.06e-05	0.00e+00	0.00e+00	0.00e+00
 8.37734e+15	2.85e-03	3.20e-01	6.43e-01	3.35e-02	3.14e-05	0.00e+00	0.00e+00	0.00e+00
 8.41733e+15	3.42e-03	3.55e-01	6.13e-01	2.84e-02	2.30e-05	0.00e+00	0.00e+00	0.00e+00
 8.46102e+15	4.19e-03	3.97e-01	5.76e-01	2.33e-02	1.60e-05	0.00e+00	0.00e+00	0.00e+00
 8.49938e+15	5.04e-03	4.38e-01	5.38e-01	1.92e-02	1.14e-05	0.00e+00	0.00e+00	0.00e+00
 8.53234e+15	5.91e-03	4.75e-01	5.03e-01	1.59e-02	8.33e-06	0.00e+00	0.00e+00	0.00e+00
 8.56840e+15	7.05e-03	5.19e-01	4.61e-01	1.28e-02	5.77e-06	0.00e+00	0.00e+00	0.00e+00
 8.60793e+15	8.55e-03	5.69e-01	4.13e-01	9.74e-03	3.73e-06	0.00e+00	0.00e+00	0.00e+00
 8.64275e+15	1.02e-02	6.16e-01	3.67e-01	7.45e-03	2.45e-06	0.00e+00	0.00e+00	0.00e+00
 8.67274e+15	1.19e-02	6.56e-01	3.26e-01	5.76e-03	1.66e-06	0.00e+00	0.00e+00	0.00e+00
 8.69856e+15	1.36e-02	6.91e-01	2.91e-01	4.53e-03	1.16e-06	0.00e+00	0.00e+00	0.00e+00
 8.72057e+15	1.53e-02	7.20e-01	2.61e-01	3.62e-03	8.32e-07	0.00e+00	0.00e+00	0.00e+00
 8.74473e+15	1.74e-02	7.51e-01	2.29e-01	2.77e-03	0.00e+00	0.00e+00	0.00e+00	0.00e+00
 8.77051e+15	2.00e-02	7.82e-01	1.96e-01	2.05e-03	0.00e+00	0.00e+00	0.00e+00	0.00e+00
 8.79238e+15	2.26e-02	8.07e-01	1.69e-01	1.55e-03	0.00e+00	0.00e+00	0.00e+00	0.00e+00
 8.81088e+15	2.50e-02	8.26e-01	1.48e-01	1.20e-03	0.00e+00	0.00e+00	0.00e+00	0.00e+00
 8.83097e+15	2.80e-02	8.45e-01	1.26e-01	8.87e-04	0.00e+00	0.00e+00	0.00e+00	0.00e+00
 8.85266e+15	3.17e-02	8.63e-01	1.05e-01	6.34e-04	0.00e+00	0.00e+00	0.00e+00	0.00e+00
 8.87161e+15	3.54e-02	8.76e-01	8.81e-02	4.59e-04	0.00e+00	0.00e+00	0.00e+00	0.00e+00
 8.88793e+15	3.91e-02	8.86e-01	7.50e-02	3.43e-04	0.00e+00	0.00e+00	0.00e+00	0.00e+00
 8.90563e+15	4.36e-02	8.94e-01	6.24e-02	2.46e-04	0.00e+00	0.00e+00	0.00e+00	0.00e+00
 8.92508e+15	4.92e-02	9.00e-01	5.03e-02	1.67e-04	0.00e+00	0.00e+00	0.00e+00	0.00e+00
 8.94230e+15	5.49e-02	9.04e-01	4.08e-02	1.16e-04	0.00e+00	0.00e+00	0.00e+00	0.00e+00
 8.95703e+15	6.05e-02	9.05e-01	3.40e-02	8.36e-05	0.00e+00	0.00e+00	0.00e+00	0.00e+00
 8.97307e+15	6.74e-02	9.05e-01	2.75e-02	5.73e-05	0.00e+00	0.00e+00	0.00e+00	0.00e+00
 8.99085e+15	7.59e-02	9.03e-01	2.15e-02	3.73e-05	0.00e+00	0.00e+00	0.00e+00	0.00e+00
 9.00734e+15	8.54e-02	8.98e-01	1.69e-02	2.45e-05	0.00e+00	0.00e+00	0.00e+00	0.00e+00
 9.02209e+15	9.48e-02	8.92e-01	1.34e-02	1.64e-05	0.00e+00	0.00e+00	0.00e+00	0.00e+00
 9.03572e+15	1.04e-01	8.85e-01	1.08e-02	1.13e-05	0.00e+00	0.00e+00	0.00e+00	0.00e+00
 9.04879e+15	1.15e-01	8.77e-01	8.71e-03	7.72e-06	0.00e+00	0.00e+00	0.00e+00	0.00e+00
 9.06186e+15	1.26e-01	8.67e-01	6.97e-03	5.24e-06	0.00e+00	0.00e+00	0.00e+00	0.00e+00
 9.07414e+15	1.38e-01	8.57e-01	5.61e-03	3.60e-06	0.00e+00	0.00e+00	0.00e+00	0.00e+00
 9.08492e+15	1.49e-01	8.47e-01	4.62e-03	2.57e-06	0.00e+00	0.00e+00	0.00e+00	0.00e+00
 9.09463e+15	1.59e-01	8.37e-01	3.86e-03	1.88e-06	0.00e+00	0.00e+00	0.00e+00	0.00e+00
 9.10361e+15	1.69e-01	8.27e-01	3.25e-03	1.40e-06	0.00e+00	0.00e+00	0.00e+00	0.00e+00
 9.11073e+15	1.78e-01	8.19e-01	2.84e-03	1.11e-06	0.00e+00	0.00e+00	0.00e+00	0.00e+00
 9.11552e+15	1.84e-01	8.14e-01	2.59e-03	9.48e-07	0.00e+00	0.00e+00	0.00e+00	0.00e+00
 9.11993e+15	1.89e-01	8.08e-01	2.37e-03	0.00e+00	0.00e+00	0.00e+00	0.00e+00	0.00e+00
 9.12504e+15	1.96e-01	8.02e-01	2.14e-03	0.00e+00	0.00e+00	0.00e+00	0.00e+00	0.00e+00
 9.13059e+15	2.04e-01	7.94e-01	1.92e-03	0.00e+00	0.00e+00	0.00e+00	0.00e+00	0.00e+00
 9.13597e+15	2.11e-01	7.87e-01	1.72e-03	0.00e+00	0.00e+00	0.00e+00	0.00e+00	0.00e+00
 9.14106e+15	2.18e-01	7.80e-01	1.55e-03	0.00e+00	0.00e+00	0.00e+00	0.00e+00	0.00e+00
 9.14611e+15	2.26e-01	7.73e-01	1.39e-03	0.00e+00	0.00e+00	0.00e+00	0.00e+00	0.00e+00
 9.15119e+15	2.33e-01	7.66e-01	1.25e-03	0.00e+00	0.00e+00	0.00e+00	0.00e+00	0.00e+00
 9.15628e+15	2.41e-01	7.58e-01	1.12e-03	0.00e+00	0.00e+00	0.00e+00	0.00e+00	0.00e+00
 9.16129e+15	2.49e-01	7.50e-01	1.01e-03	0.00e+00	0.00e+00	0.00e+00	0.00e+00	0.00e+00
 9.16628e+15	2.57e-01	7.42e-01	9.06e-04	0.00e+00	0.00e+00	0.00e+00	0.00e+00	0.00e+00
 9.17131e+15	2.65e-01	7.34e-01	8.12e-04	0.00e+00	0.00e+00	0.00e+00	0.00e+00	0.00e+00
 9.17621e+15	2.73e-01	7.26e-01	7.30e-04	0.00e+00	0.00e+00	0.00e+00	0.00e+00	0.00e+00
 9.18105e+15	2.81e-01	7.19e-01	6.56e-04	0.00e+00	0.00e+00	0.00e+00	0.00e+00	0.00e+00
 9.18596e+15	2.89e-01	7.10e-01	5.87e-04	0.00e+00	0.00e+00	0.00e+00	0.00e+00	0.00e+00
 9.19084e+15	2.98e-01	7.01e-01	5.26e-04	0.00e+00	0.00e+00	0.00e+00	0.00e+00	0.00e+00
 9.19566e+15	3.06e-01	6.93e-01	4.71e-04	0.00e+00	0.00e+00	0.00e+00	0.00e+00	0.00e+00
 9.20047e+15	3.15e-01	6.84e-01	4.22e-04	0.00e+00	0.00e+00	0.00e+00	0.00e+00	0.00e+00
 9.20530e+15	3.25e-01	6.75e-01	3.77e-04	0.00e+00	0.00e+00	0.00e+00	0.00e+00	0.00e+00
 9.21017e+15	3.34e-01	6.66e-01	3.37e-04	0.00e+00	0.00e+00	0.00e+00	0.00e+00	0.00e+00
 9.21490e+15	3.43e-01	6.56e-01	3.01e-04	0.00e+00	0.00e+00	0.00e+00	0.00e+00	0.00e+00
 9.21959e+15	3.52e-01	6.47e-01	2.69e-04	0.00e+00	0.00e+00	0.00e+00	0.00e+00	0.00e+00
 9.22440e+15	3.63e-01	6.37e-01	2.40e-04	0.00e+00	0.00e+00	0.00e+00	0.00e+00	0.00e+00
 9.22924e+15	3.72e-01	6.27e-01	2.14e-04	0.00e+00	0.00e+00	0.00e+00	0.00e+00	0.00e+00
 9.23397e+15	3.83e-01	6.17e-01	1.91e-04	0.00e+00	0.00e+00	0.00e+00	0.00e+00	0.00e+00
 9.23868e+15	3.94e-01	6.06e-01	1.70e-04	0.00e+00	0.00e+00	0.00e+00	0.00e+00	0.00e+00
 9.24347e+15	4.04e-01	5.96e-01	1.51e-04	0.00e+00	0.00e+00	0.00e+00	0.00e+00	0.00e+00
 9.24828e+15	4.15e-01	5.85e-01	1.34e-04	0.00e+00	0.00e+00	0.00e+00	0.00e+00	0.00e+00
 9.25302e+15	4.27e-01	5.73e-01	1.19e-04	0.00e+00	0.00e+00	0.00e+00	0.00e+00	0.00e+00
 9.25769e+15	4.39e-01	5.61e-01	1.06e-04	0.00e+00	0.00e+00	0.00e+00	0.00e+00	0.00e+00
 9.26229e+15	4.51e-01	5.49e-01	9.48e-05	0.00e+00	0.00e+00	0.00e+00	0.00e+00	0.00e+00
 9.26688e+15	4.63e-01	5.37e-01	8.45e-05	0.00e+00	0.00e+00	0.00e+00	0.00e+00	0.00e+00
 9.27148e+15	4.75e-01	5.25e-01	7.54e-05	0.00e+00	0.00e+00	0.00e+00	0.00e+00	0.00e+00
 9.27612e+15	4.88e-01	5.12e-01	6.71e-05	0.00e+00	0.00e+00	0.00e+00	0.00e+00	0.00e+00
 9.28076e+15	5.02e-01	4.97e-01	5.97e-05	0.00e+00	0.00e+00	0.00e+00	0.00e+00	0.00e+00
 9.28537e+15	5.16e-01	4.84e-01	5.33e-05	0.00e+00	0.00e+00	0.00e+00	0.00e+00	0.00e+00
 9.28999e+15	5.29e-01	4.71e-01	4.76e-05	0.00e+00	0.00e+00	0.00e+00	0.00e+00	0.00e+00
 9.29476e+15	5.45e-01	4.55e-01	4.22e-05	0.00e+00	0.00e+00	0.00e+00	0.00e+00	0.00e+00
 9.29960e+15	5.59e-01	4.41e-01	3.76e-05	0.00e+00	0.00e+00	0.00e+00	0.00e+00	0.00e+00
 9.30449e+15	5.75e-01	4.25e-01	3.34e-05	0.00e+00	0.00e+00	0.00e+00	0.00e+00	0.00e+00
 9.30953e+15	5.91e-01	4.09e-01	2.96e-05	0.00e+00	0.00e+00	0.00e+00	0.00e+00	0.00e+00
 9.31472e+15	6.06e-01	3.94e-01	2.63e-05	0.00e+00	0.00e+00	0.00e+00	0.00e+00	0.00e+00
 9.32011e+15	6.24e-01	3.76e-01	2.32e-05	0.00e+00	0.00e+00	0.00e+00	0.00e+00	0.00e+00
 9.32570e+15	6.43e-01	3.57e-01	2.04e-05	0.00e+00	0.00e+00	0.00e+00	0.00e+00	0.00e+00
 9.33146e+15	6.61e-01	3.39e-01	1.80e-05	0.00e+00	0.00e+00	0.00e+00	0.00e+00	0.00e+00
 9.33752e+15	6.79e-01	3.21e-01	1.59e-05	0.00e+00	0.00e+00	0.00e+00	0.00e+00	0.00e+00
 9.34351e+15	6.94e-01	3.06e-01	1.42e-05	0.00e+00	0.00e+00	0.00e+00	0.00e+00	0.00e+00
 9.34915e+15	7.09e-01	2.91e-01	1.28e-05	0.00e+00	0.00e+00	0.00e+00	0.00e+00	0.00e+00
 9.35483e+15	7.24e-01	2.76e-01	1.15e-05	0.00e+00	0.00e+00	0.00e+00	0.00e+00	0.00e+00
 9.36074e+15	7.38e-01	2.62e-01	1.04e-05	0.00e+00	0.00e+00	0.00e+00	0.00e+00	0.00e+00
 9.36695e+15	7.51e-01	2.49e-01	9.44e-06	0.00e+00	0.00e+00	0.00e+00	0.00e+00	0.00e+00
 9.37345e+15	7.64e-01	2.36e-01	8.56e-06	0.00e+00	0.00e+00	0.00e+00	0.00e+00	0.00e+00
 9.38029e+15	7.76e-01	2.24e-01	7.78e-06	0.00e+00	0.00e+00	0.00e+00	0.00e+00	0.00e+00
 9.38753e+15	7.88e-01	2.12e-01	7.09e-06	0.00e+00	0.00e+00	0.00e+00	0.00e+00	0.00e+00
 9.39528e+15	7.99e-01	2.01e-01	6.47e-06	0.00e+00	0.00e+00	0.00e+00	0.00e+00	0.00e+00
 9.40359e+15	8.10e-01	1.89e-01	5.88e-06	0.00e+00	0.00e+00	0.00e+00	0.00e+00	0.00e+00
 9.41274e+15	8.20e-01	1.80e-01	5.40e-06	0.00e+00	0.00e+00	0.00e+00	0.00e+00	0.00e+00
 9.42253e+15	8.30e-01	1.70e-01	4.91e-06	0.00e+00	0.00e+00	0.00e+00	0.00e+00	0.00e+00
 9.43299e+15	8.40e-01	1.60e-01	4.50e-06	0.00e+00	0.00e+00	0.00e+00	0.00e+00	0.00e+00
 9.44449e+15	8.49e-01	1.51e-01	4.11e-06	0.00e+00	0.00e+00	0.00e+00	0.00e+00	0.00e+00
 9.45682e+15	8.57e-01	1.43e-01	3.76e-06	0.00e+00	0.00e+00	0.00e+00	0.00e+00	0.00e+00
 9.46982e+15	8.65e-01	1.35e-01	3.44e-06	0.00e+00	0.00e+00	0.00e+00	0.00e+00	0.00e+00
 9.48344e+15	8.73e-01	1.27e-01	3.15e-06	0.00e+00	0.00e+00	0.00e+00	0.00e+00	0.00e+00
 9.49765e+15	8.80e-01	1.20e-01	2.87e-06	0.00e+00	0.00e+00	0.00e+00	0.00e+00	0.00e+00
 9.51228e+15	8.87e-01	1.13e-01	2.62e-06	0.00e+00	0.00e+00	0.00e+00	0.00e+00	0.00e+00
 9.52720e+15	8.94e-01	1.06e-01	2.39e-06	0.00e+00	0.00e+00	0.00e+00	0.00e+00	0.00e+00
 9.54222e+15	9.01e-01	9.92e-02	2.18e-06	0.00e+00	0.00e+00	0.00e+00	0.00e+00	0.00e+00
 9.55722e+15	9.07e-01	9.31e-02	1.99e-06	0.00e+00	0.00e+00	0.00e+00	0.00e+00	0.00e+00
 9.57213e+15	9.13e-01	8.74e-02	1.82e-06	0.00e+00	0.00e+00	0.00e+00	0.00e+00	0.00e+00
 9.58692e+15	9.18e-01	8.21e-02	1.66e-06	0.00e+00	0.00e+00	0.00e+00	0.00e+00	0.00e+00
 9.60159e+15	9.23e-01	7.71e-02	1.52e-06	0.00e+00	0.00e+00	0.00e+00	0.00e+00	0.00e+00
 9.61611e+15	9.28e-01	7.24e-02	1.39e-06	0.00e+00	0.00e+00	0.00e+00	0.00e+00	0.00e+00
 9.63047e+15	9.32e-01	6.80e-02	1.27e-06	0.00e+00	0.00e+00	0.00e+00	0.00e+00	0.00e+00
 9.64468e+15	9.36e-01	6.39e-02	1.17e-06	0.00e+00	0.00e+00	0.00e+00	0.00e+00	0.00e+00
 9.65868e+15	9.40e-01	6.01e-02	1.07e-06	0.00e+00	0.00e+00	0.00e+00	0.00e+00	0.00e+00
 9.67251e+15	9.43e-01	5.65e-02	9.82e-07	0.00e+00	0.00e+00	0.00e+00	0.00e+00	0.00e+00
 9.68629e+15	9.47e-01	5.32e-02	9.02e-07	0.00e+00	0.00e+00	0.00e+00	0.00e+00	0.00e+00
 9.70002e+15	9.50e-01	5.00e-02	8.29e-07	0.00e+00	0.00e+00	0.00e+00	0.00e+00	0.00e+00
 9.71367e+15	9.53e-01	4.71e-02	7.62e-07	0.00e+00	0.00e+00	0.00e+00	0.00e+00	0.00e+00
 9.72722e+15	9.56e-01	4.43e-02	7.01e-07	0.00e+00	0.00e+00	0.00e+00	0.00e+00	0.00e+00
 9.74070e+15	9.58e-01	4.17e-02	6.46e-07	0.00e+00	0.00e+00	0.00e+00	0.00e+00	0.00e+00
 9.75416e+15	9.61e-01	3.93e-02	5.95e-07	0.00e+00	0.00e+00	0.00e+00	0.00e+00	0.00e+00
 9.76762e+15	9.63e-01	3.71e-02	5.48e-07	0.00e+00	0.00e+00	0.00e+00	0.00e+00	0.00e+00
 9.78109e+15	9.65e-01	3.49e-02	5.05e-07	0.00e+00	0.00e+00	0.00e+00	0.00e+00	0.00e+00
 9.79461e+15	9.67e-01	3.29e-02	4.65e-07	0.00e+00	0.00e+00	0.00e+00	0.00e+00	0.00e+00
 9.80824e+15	9.69e-01	3.10e-02	4.29e-07	0.00e+00	0.00e+00	0.00e+00	0.00e+00	0.00e+00
 9.82220e+15	9.71e-01	2.92e-02	3.95e-07	0.00e+00	0.00e+00	0.00e+00	0.00e+00	0.00e+00
 9.83662e+15	9.73e-01	2.74e-02	3.63e-07	0.00e+00	0.00e+00	0.00e+00	0.00e+00	0.00e+00
 9.85138e+15	9.74e-01	2.58e-02	3.33e-07	0.00e+00	0.00e+00	0.00e+00	0.00e+00	0.00e+00
 9.86647e+15	9.76e-01	2.42e-02	3.05e-07	0.00e+00	0.00e+00	0.00e+00	0.00e+00	0.00e+00
 9.88205e+15	9.77e-01	2.27e-02	2.79e-07	0.00e+00	0.00e+00	0.00e+00	0.00e+00	0.00e+00
 9.89835e+15	9.79e-01	2.13e-02	2.55e-07	0.00e+00	0.00e+00	0.00e+00	0.00e+00	0.00e+00
 9.91560e+15	9.80e-01	1.98e-02	2.31e-07	0.00e+00	0.00e+00	0.00e+00	0.00e+00	0.00e+00
 9.93442e+15	9.82e-01	1.85e-02	2.09e-07	0.00e+00	0.00e+00	0.00e+00	0.00e+00	0.00e+00
 9.95487e+15	9.83e-01	1.71e-02	1.87e-07	0.00e+00	0.00e+00	0.00e+00	0.00e+00	0.00e+00
 9.97744e+15	9.84e-01	1.57e-02	1.66e-07	0.00e+00	0.00e+00	0.00e+00	0.00e+00	0.00e+00
 1.00032e+16	9.86e-01	1.43e-02	1.46e-07	0.00e+00	0.00e+00	0.00e+00	0.00e+00	0.00e+00
 1.00306e+16	9.87e-01	1.31e-02	1.28e-07	0.00e+00	0.00e+00	0.00e+00	0.00e+00	0.00e+00
 1.00569e+16	9.88e-01	1.21e-02	1.14e-07	0.00e+00	0.00e+00	0.00e+00	0.00e+00	0.00e+00
