#depth	C	C+	C+2	C+3	C+4	C+5	C+6	C[1]	C[2]	C[3]	C+[1]	C+[2]	CO
 1.49634e+10	0.00e+00	0.00e+00	2.26e-28	1.27e-18	2.71e-08	3.35e-03	9.97e-01	0.00e+00	0.00e+00	0.00e+00	0.00e+00	0.00e+00	0.00e+00
 4.54887e+10	0.00e+00	2.35e-38	3.09e-28	1.61e-18	3.16e-08	3.64e-03	9.96e-01	0.00e+00	0.00e+00	0.00e+00	0.00e+00	0.00e+00	4.82e-217
 7.72350e+10	0.00e+00	0.00e+00	4.26e-28	2.05e-18	3.72e-08	3.95e-03	9.96e-01	0.00e+00	0.00e+00	0.00e+00	0.00e+00	0.00e+00	5.92e-260
 1.10251e+11	0.00e+00	5.21e-38	5.86e-28	2.61e-18	4.38e-08	4.28e-03	9.96e-01	0.00e+00	0.00e+00	0.00e+00	0.00e+00	0.00e+00	2.04e-216
 1.42570e+11	0.00e+00	0.00e+00	7.92e-28	3.27e-18	5.10e-08	4.62e-03	9.95e-01	0.00e+00	0.00e+00	0.00e+00	0.00e+00	0.00e+00	7.94e-210
 1.76182e+11	0.00e+00	1.11e-37	1.08e-27	4.12e-18	5.96e-08	4.98e-03	9.95e-01	0.00e+00	0.00e+00	0.00e+00	0.00e+00	0.00e+00	0.00e+00
 2.13156e+11	0.00e+00	0.00e+00	1.48e-27	5.25e-18	7.01e-08	5.40e-03	9.95e-01	0.00e+00	0.00e+00	0.00e+00	0.00e+00	0.00e+00	7.59e-209
 2.50710e+11	0.00e+00	2.45e-37	2.03e-27	6.65e-18	8.22e-08	5.85e-03	9.94e-01	0.00e+00	0.00e+00	0.00e+00	0.00e+00	0.00e+00	4.63e-215
 2.89766e+11	0.00e+00	0.00e+00	2.78e-27	8.44e-18	9.66e-08	6.33e-03	9.94e-01	0.00e+00	0.00e+00	0.00e+00	0.00e+00	0.00e+00	2.82e-209
 3.31284e+11	0.00e+00	5.43e-37	3.84e-27	1.08e-17	1.14e-07	6.86e-03	9.93e-01	0.00e+00	0.00e+00	0.00e+00	0.00e+00	0.00e+00	0.00e+00
 3.74462e+11	0.00e+00	0.00e+00	5.31e-27	1.37e-17	1.34e-07	7.43e-03	9.93e-01	0.00e+00	0.00e+00	0.00e+00	0.00e+00	0.00e+00	6.48e-271
 4.13914e+11	0.00e+00	1.16e-36	7.05e-27	1.70e-17	1.55e-07	7.98e-03	9.92e-01	0.00e+00	0.00e+00	0.00e+00	0.00e+00	0.00e+00	7.52e-164
 4.47307e+11	0.00e+00	0.00e+00	8.93e-27	2.03e-17	1.75e-07	8.46e-03	9.92e-01	0.00e+00	0.00e+00	0.00e+00	0.00e+00	0.00e+00	3.39e-210
 4.84000e+11	0.00e+00	2.13e-36	1.15e-26	2.46e-17	1.99e-07	9.00e-03	9.91e-01	0.00e+00	0.00e+00	0.00e+00	0.00e+00	0.00e+00	5.69e-163
 5.29797e+11	5.78e-47	3.10e-36	1.56e-26	3.09e-17	2.32e-07	9.70e-03	9.90e-01	0.00e+00	0.00e+00	0.00e+00	0.00e+00	0.00e+00	1.72e-209
 5.77104e+11	0.00e+00	0.00e+00	2.10e-26	3.87e-17	2.70e-07	1.05e-02	9.90e-01	0.00e+00	0.00e+00	0.00e+00	0.00e+00	0.00e+00	1.26e-196
 6.19189e+11	0.00e+00	6.25e-36	2.73e-26	4.71e-17	3.08e-07	1.11e-02	9.89e-01	0.00e+00	0.00e+00	0.00e+00	0.00e+00	0.00e+00	0.00e+00
 6.64814e+11	2.03e-46	8.83e-36	3.61e-26	5.82e-17	3.56e-07	1.19e-02	9.88e-01	0.00e+00	0.00e+00	0.00e+00	0.00e+00	0.00e+00	9.08e-141
 7.19377e+11	0.00e+00	0.00e+00	4.96e-26	7.38e-17	4.18e-07	1.29e-02	9.87e-01	0.00e+00	0.00e+00	0.00e+00	0.00e+00	0.00e+00	5.25e-235
 7.73397e+11	0.00e+00	1.91e-35	6.72e-26	9.29e-17	4.88e-07	1.39e-02	9.86e-01	0.00e+00	0.00e+00	0.00e+00	0.00e+00	0.00e+00	8.65e-160
 8.21949e+11	7.62e-46	2.67e-35	8.77e-26	1.13e-16	5.59e-07	1.48e-02	9.85e-01	0.00e+00	0.00e+00	0.00e+00	0.00e+00	0.00e+00	6.61e-207
 8.75558e+11	0.00e+00	0.00e+00	1.17e-25	1.41e-16	6.47e-07	1.59e-02	9.84e-01	0.00e+00	0.00e+00	0.00e+00	0.00e+00	0.00e+00	1.18e-250
 9.38939e+11	0.00e+00	5.73e-35	1.62e-25	1.80e-16	7.65e-07	1.72e-02	9.83e-01	0.00e+00	0.00e+00	0.00e+00	0.00e+00	0.00e+00	1.01e-205
 1.00141e+12	3.03e-45	8.45e-35	2.22e-25	2.28e-16	8.96e-07	1.85e-02	9.81e-01	0.00e+00	0.00e+00	0.00e+00	0.00e+00	0.00e+00	6.89e-138
 1.05890e+12	0.00e+00	1.20e-34	2.93e-25	2.81e-16	1.03e-06	1.98e-02	9.80e-01	0.00e+00	0.00e+00	0.00e+00	0.00e+00	0.00e+00	0.00e+00
 1.12353e+12	7.29e-45	1.75e-34	3.99e-25	3.55e-16	1.21e-06	2.13e-02	9.79e-01	0.00e+00	0.00e+00	0.00e+00	0.00e+00	0.00e+00	5.82e-137
 1.19641e+12	0.00e+00	2.65e-34	5.55e-25	4.55e-16	1.43e-06	2.31e-02	9.77e-01	0.00e+00	0.00e+00	0.00e+00	0.00e+00	0.00e+00	0.00e+00
 1.26581e+12	1.89e-44	3.89e-34	7.56e-25	5.74e-16	1.68e-06	2.49e-02	9.75e-01	0.00e+00	0.00e+00	0.00e+00	0.00e+00	0.00e+00	5.94e-136
 1.33981e+12	0.00e+00	5.80e-34	1.04e-24	7.31e-16	1.97e-06	2.68e-02	9.73e-01	0.00e+00	0.00e+00	0.00e+00	0.00e+00	0.00e+00	0.00e+00
 1.42333e+12	5.12e-44	8.94e-34	1.48e-24	9.49e-16	2.36e-06	2.92e-02	9.71e-01	0.00e+00	0.00e+00	0.00e+00	0.00e+00	0.00e+00	6.65e-135
 1.50520e+12	0.00e+00	1.35e-33	2.06e-24	1.22e-15	2.79e-06	3.15e-02	9.68e-01	0.00e+00	0.00e+00	0.00e+00	0.00e+00	0.00e+00	0.00e+00
 1.59035e+12	1.39e-43	2.05e-33	2.88e-24	1.57e-15	3.31e-06	3.41e-02	9.66e-01	0.00e+00	0.00e+00	0.00e+00	0.00e+00	0.00e+00	7.36e-134
 1.68389e+12	0.00e+00	3.19e-33	4.10e-24	2.04e-15	3.96e-06	3.71e-02	9.63e-01	0.00e+00	0.00e+00	0.00e+00	0.00e+00	0.00e+00	0.00e+00
 1.77810e+12	3.97e-43	4.92e-33	5.81e-24	2.65e-15	4.73e-06	4.02e-02	9.60e-01	0.00e+00	0.00e+00	0.00e+00	0.00e+00	0.00e+00	9.26e-133
 1.87609e+12	0.00e+00	7.61e-33	8.25e-24	3.45e-15	5.65e-06	4.36e-02	9.56e-01	0.00e+00	0.00e+00	0.00e+00	0.00e+00	0.00e+00	0.00e+00
 1.96928e+12	1.08e-42	1.14e-32	1.14e-23	4.40e-15	6.65e-06	4.70e-02	9.53e-01	0.00e+00	0.00e+00	0.00e+00	0.00e+00	0.00e+00	1.03e-131
 2.04796e+12	0.00e+00	1.58e-32	1.48e-23	5.36e-15	7.61e-06	5.00e-02	9.50e-01	0.00e+00	0.00e+00	0.00e+00	0.00e+00	0.00e+00	0.00e+00
 2.13295e+12	2.44e-42	2.24e-32	1.96e-23	6.61e-15	8.77e-06	5.33e-02	9.47e-01	0.00e+00	0.00e+00	0.00e+00	0.00e+00	0.00e+00	7.24e-131
 2.23957e+12	0.00e+00	3.42e-32	2.76e-23	8.54e-15	1.04e-05	5.77e-02	9.42e-01	0.00e+00	0.00e+00	0.00e+00	0.00e+00	0.00e+00	0.00e+00
 2.35430e+12	6.90e-42	5.32e-32	3.94e-23	1.11e-14	1.24e-05	6.25e-02	9.37e-01	0.00e+00	0.00e+00	0.00e+00	0.00e+00	0.00e+00	8.70e-130
 2.45354e+12	0.00e+00	7.69e-32	5.30e-23	1.39e-14	1.45e-05	6.69e-02	9.33e-01	0.00e+00	0.00e+00	0.00e+00	0.00e+00	0.00e+00	0.00e+00
 2.53719e+12	1.54e-41	1.04e-31	6.76e-23	1.67e-14	1.63e-05	7.07e-02	9.29e-01	0.00e+00	0.00e+00	0.00e+00	0.00e+00	0.00e+00	5.97e-129
 2.63050e+12	0.00e+00	1.46e-31	8.86e-23	2.04e-14	1.87e-05	7.52e-02	9.25e-01	0.00e+00	0.00e+00	0.00e+00	0.00e+00	0.00e+00	0.00e+00
 2.75180e+12	3.80e-41	2.20e-31	1.23e-22	2.61e-14	2.21e-05	8.10e-02	9.19e-01	0.00e+00	0.00e+00	0.00e+00	0.00e+00	0.00e+00	5.09e-128
 2.87868e+12	0.00e+00	3.35e-31	1.73e-22	3.36e-14	2.62e-05	8.74e-02	9.13e-01	0.00e+00	0.00e+00	0.00e+00	0.00e+00	0.00e+00	0.00e+00
 2.98597e+12	9.53e-41	4.73e-31	2.28e-22	4.13e-14	3.01e-05	9.30e-02	9.07e-01	0.00e+00	0.00e+00	0.00e+00	0.00e+00	0.00e+00	4.57e-127
 3.09858e+12	0.00e+00	6.72e-31	3.03e-22	5.10e-14	3.46e-05	9.90e-02	9.01e-01	0.00e+00	0.00e+00	0.00e+00	0.00e+00	0.00e+00	0.00e+00
 3.24043e+12	2.44e-40	1.03e-30	4.27e-22	6.60e-14	4.11e-05	1.07e-01	8.93e-01	0.00e+00	0.00e+00	0.00e+00	0.00e+00	0.00e+00	4.27e-126
 3.38486e+12	0.00e+00	1.57e-30	5.99e-22	8.49e-14	4.86e-05	1.15e-01	8.85e-01	0.00e+00	0.00e+00	0.00e+00	0.00e+00	0.00e+00	0.00e+00
 3.50884e+12	6.15e-40	2.23e-30	7.94e-22	1.05e-13	5.59e-05	1.22e-01	8.78e-01	0.00e+00	0.00e+00	0.00e+00	0.00e+00	0.00e+00	3.89e-125
 3.64169e+12	0.00e+00	3.21e-30	1.06e-21	1.30e-13	6.46e-05	1.30e-01	8.70e-01	0.00e+00	0.00e+00	0.00e+00	0.00e+00	0.00e+00	0.00e+00
 3.80608e+12	1.60e-39	4.95e-30	1.51e-21	1.68e-13	7.67e-05	1.41e-01	8.59e-01	0.00e+00	0.00e+00	0.00e+00	0.00e+00	0.00e+00	3.82e-124
 3.97379e+12	0.00e+00	7.57e-30	2.12e-21	2.17e-13	9.07e-05	1.51e-01	8.49e-01	0.00e+00	0.00e+00	0.00e+00	0.00e+00	0.00e+00	0.00e+00
 4.12347e+12	4.16e-39	1.09e-29	2.84e-21	2.70e-13	1.05e-04	1.61e-01	8.39e-01	0.00e+00	0.00e+00	0.00e+00	0.00e+00	0.00e+00	3.73e-123
 4.28740e+12	0.00e+00	1.61e-29	3.88e-21	3.40e-13	1.22e-04	1.72e-01	8.28e-01	0.00e+00	0.00e+00	0.00e+00	0.00e+00	0.00e+00	0.00e+00
 4.46456e+12	1.08e-38	2.41e-29	5.37e-21	4.33e-13	1.43e-04	1.84e-01	8.16e-01	0.00e+00	0.00e+00	0.00e+00	0.00e+00	0.00e+00	3.64e-122
 4.62319e+12	0.00e+00	3.42e-29	7.11e-21	5.32e-13	1.64e-04	1.95e-01	8.05e-01	0.00e+00	0.00e+00	0.00e+00	0.00e+00	0.00e+00	0.00e+00
 4.79368e+12	2.54e-38	4.91e-29	9.51e-21	6.61e-13	1.88e-04	2.07e-01	7.93e-01	0.00e+00	0.00e+00	0.00e+00	0.00e+00	0.00e+00	2.84e-121
 4.98552e+12	0.00e+00	7.29e-29	1.30e-20	8.34e-13	2.19e-04	2.20e-01	7.79e-01	0.00e+00	0.00e+00	0.00e+00	0.00e+00	0.00e+00	0.00e+00
 5.16808e+12	6.33e-38	1.05e-28	1.74e-20	1.03e-12	2.52e-04	2.33e-01	7.66e-01	0.00e+00	0.00e+00	0.00e+00	0.00e+00	0.00e+00	2.53e-120
 5.33878e+12	0.00e+00	1.45e-28	2.27e-20	1.25e-12	2.86e-04	2.46e-01	7.54e-01	0.00e+00	0.00e+00	0.00e+00	0.00e+00	0.00e+00	0.00e+00
 5.53112e+12	1.44e-37	2.07e-28	3.01e-20	1.55e-12	3.28e-04	2.60e-01	7.40e-01	0.00e+00	0.00e+00	0.00e+00	0.00e+00	0.00e+00	1.84e-119
 5.73350e+12	0.00e+00	2.97e-28	4.03e-20	1.92e-12	3.76e-04	2.75e-01	7.25e-01	0.00e+00	0.00e+00	0.00e+00	0.00e+00	0.00e+00	0.00e+00
 5.90749e+12	3.21e-37	4.02e-28	5.13e-20	2.29e-12	4.21e-04	2.87e-01	7.12e-01	0.00e+00	0.00e+00	0.00e+00	0.00e+00	0.00e+00	1.27e-118
 6.09226e+12	0.00e+00	5.48e-28	6.57e-20	2.75e-12	4.73e-04	3.01e-01	6.99e-01	0.00e+00	0.00e+00	0.00e+00	0.00e+00	0.00e+00	0.00e+00
 6.33245e+12	7.46e-37	8.09e-28	8.97e-20	3.45e-12	5.48e-04	3.18e-01	6.81e-01	0.00e+00	0.00e+00	0.00e+00	0.00e+00	0.00e+00	9.74e-118
 6.58121e+12	0.00e+00	1.19e-27	1.22e-19	4.33e-12	6.33e-04	3.37e-01	6.63e-01	0.00e+00	0.00e+00	0.00e+00	0.00e+00	0.00e+00	0.00e+00
 6.79029e+12	1.74e-36	1.63e-27	1.57e-19	5.21e-12	7.11e-04	3.52e-01	6.48e-01	0.00e+00	0.00e+00	0.00e+00	0.00e+00	0.00e+00	7.64e-117
 7.01127e+12	0.00e+00	2.25e-27	2.04e-19	6.28e-12	8.00e-04	3.68e-01	6.32e-01	0.00e+00	0.00e+00	0.00e+00	0.00e+00	0.00e+00	1.28e-100
 7.29386e+12	4.15e-36	3.35e-27	2.79e-19	7.92e-12	9.24e-04	3.88e-01	6.11e-01	0.00e+00	0.00e+00	0.00e+00	0.00e+00	0.00e+00	0.00e+00
 7.59006e+12	0.00e+00	4.99e-27	3.84e-19	9.99e-12	1.07e-03	4.09e-01	5.90e-01	0.00e+00	0.00e+00	0.00e+00	0.00e+00	0.00e+00	1.39e-132
 7.85173e+12	1.01e-35	7.00e-27	5.04e-19	1.22e-11	1.21e-03	4.27e-01	5.72e-01	0.00e+00	0.00e+00	0.00e+00	0.00e+00	0.00e+00	5.53e-98
 8.13500e+12	0.00e+00	9.97e-27	6.68e-19	1.49e-11	1.37e-03	4.46e-01	5.53e-01	0.00e+00	0.00e+00	0.00e+00	0.00e+00	0.00e+00	0.00e+00
 8.47597e+12	2.55e-35	1.50e-26	9.26e-19	1.89e-11	1.58e-03	4.68e-01	5.30e-01	0.00e+00	0.00e+00	0.00e+00	0.00e+00	0.00e+00	5.37e-114
 8.82278e+12	0.00e+00	2.24e-26	1.27e-18	2.38e-11	1.82e-03	4.90e-01	5.08e-01	0.00e+00	0.00e+00	0.00e+00	0.00e+00	0.00e+00	4.25e-98
 9.14846e+12	6.40e-35	3.21e-26	1.70e-18	2.93e-11	2.07e-03	5.10e-01	4.87e-01	0.00e+00	0.00e+00	0.00e+00	0.00e+00	0.00e+00	0.00e+00
 9.50933e+12	1.02e-34	4.70e-26	2.30e-18	3.65e-11	2.36e-03	5.32e-01	4.66e-01	0.00e+00	0.00e+00	0.00e+00	0.00e+00	0.00e+00	1.62e-112
 9.91963e+12	1.69e-34	7.14e-26	3.22e-18	4.64e-11	2.72e-03	5.56e-01	4.42e-01	0.00e+00	0.00e+00	0.00e+00	0.00e+00	0.00e+00	2.01e-95
 1.03027e+13	2.65e-34	1.04e-25	4.33e-18	5.75e-11	3.09e-03	5.76e-01	4.20e-01	0.00e+00	0.00e+00	0.00e+00	0.00e+00	0.00e+00	1.74e-111
 1.06406e+13	3.89e-34	1.43e-25	5.58e-18	6.90e-11	3.44e-03	5.94e-01	4.02e-01	0.00e+00	0.00e+00	0.00e+00	0.00e+00	0.00e+00	1.16e-94
 1.10181e+13	5.89e-34	2.00e-25	7.33e-18	8.38e-11	3.86e-03	6.13e-01	3.83e-01	0.00e+00	0.00e+00	0.00e+00	0.00e+00	0.00e+00	1.26e-110
 1.14711e+13	9.49e-34	2.98e-25	1.00e-17	1.05e-10	4.40e-03	6.34e-01	3.61e-01	0.00e+00	0.00e+00	0.00e+00	0.00e+00	0.00e+00	7.51e-94
 1.19275e+13	1.51e-33	4.36e-25	1.36e-17	1.31e-10	4.99e-03	6.55e-01	3.40e-01	0.00e+00	0.00e+00	0.00e+00	0.00e+00	0.00e+00	1.31e-109
 1.22947e+13	2.15e-33	5.86e-25	1.73e-17	1.55e-10	5.49e-03	6.70e-01	3.24e-01	0.00e+00	0.00e+00	0.00e+00	0.00e+00	0.00e+00	4.16e-93
 1.25848e+13	2.83e-33	7.34e-25	2.07e-17	1.76e-10	5.91e-03	6.82e-01	3.12e-01	0.00e+00	0.00e+00	0.00e+00	0.00e+00	0.00e+00	6.36e-109
 1.29060e+13	3.80e-33	9.36e-25	2.51e-17	2.02e-10	6.39e-03	6.94e-01	3.00e-01	0.00e+00	0.00e+00	0.00e+00	0.00e+00	0.00e+00	1.36e-92
 1.33236e+13	5.51e-33	1.27e-24	3.21e-17	2.41e-10	7.06e-03	7.09e-01	2.84e-01	0.00e+00	0.00e+00	0.00e+00	0.00e+00	0.00e+00	3.38e-108
 1.37731e+13	8.11e-33	1.75e-24	4.16e-17	2.89e-10	7.83e-03	7.24e-01	2.68e-01	0.00e+00	0.00e+00	0.00e+00	0.00e+00	0.00e+00	6.63e-92
 1.41715e+13	1.13e-32	2.30e-24	5.18e-17	3.38e-10	8.54e-03	7.37e-01	2.55e-01	0.00e+00	0.00e+00	0.00e+00	0.00e+00	0.00e+00	2.05e-107
 1.45970e+13	1.58e-32	3.05e-24	6.49e-17	3.96e-10	9.33e-03	7.49e-01	2.41e-01	0.00e+00	0.00e+00	0.00e+00	0.00e+00	0.00e+00	2.68e-91
 1.51492e+13	2.42e-32	4.34e-24	8.62e-17	4.85e-10	1.04e-02	7.64e-01	2.25e-01	0.00e+00	0.00e+00	0.00e+00	0.00e+00	0.00e+00	1.41e-106
 1.57105e+13	3.67e-32	6.13e-24	1.14e-16	5.91e-10	1.16e-02	7.78e-01	2.10e-01	0.00e+00	0.00e+00	0.00e+00	0.00e+00	0.00e+00	1.53e-90
 1.61655e+13	5.07e-32	8.01e-24	1.41e-16	6.88e-10	1.26e-02	7.89e-01	1.99e-01	0.00e+00	0.00e+00	0.00e+00	0.00e+00	0.00e+00	9.16e-106
 1.66379e+13	6.99e-32	1.05e-23	1.75e-16	8.01e-10	1.37e-02	7.99e-01	1.88e-01	0.00e+00	0.00e+00	0.00e+00	0.00e+00	0.00e+00	5.86e-90
 1.72520e+13	1.05e-31	1.46e-23	2.30e-16	9.71e-10	1.52e-02	8.10e-01	1.74e-01	0.00e+00	0.00e+00	0.00e+00	0.00e+00	0.00e+00	5.83e-105
 1.79058e+13	1.58e-31	2.06e-23	3.04e-16	1.18e-09	1.69e-02	8.22e-01	1.62e-01	0.00e+00	0.00e+00	0.00e+00	0.00e+00	0.00e+00	3.19e-89
 1.84790e+13	2.23e-31	2.75e-23	3.83e-16	1.39e-09	1.85e-02	8.30e-01	1.51e-01	0.00e+00	0.00e+00	0.00e+00	0.00e+00	0.00e+00	4.04e-104
 1.90924e+13	3.18e-31	3.68e-23	4.85e-16	1.65e-09	2.02e-02	8.38e-01	1.41e-01	0.00e+00	0.00e+00	0.00e+00	0.00e+00	0.00e+00	1.37e-88
 1.98429e+13	4.81e-31	5.20e-23	6.42e-16	2.01e-09	2.24e-02	8.47e-01	1.30e-01	0.00e+00	0.00e+00	0.00e+00	0.00e+00	0.00e+00	2.94e-103
 2.05936e+13	7.15e-31	7.23e-23	8.38e-16	2.42e-09	2.47e-02	8.55e-01	1.20e-01	0.00e+00	0.00e+00	0.00e+00	0.00e+00	0.00e+00	7.49e-88
 2.12169e+13	9.78e-31	9.39e-23	1.04e-15	2.81e-09	2.67e-02	8.60e-01	1.13e-01	0.00e+00	0.00e+00	0.00e+00	0.00e+00	0.00e+00	1.87e-102
 2.18524e+13	1.33e-30	1.21e-22	1.27e-15	3.25e-09	2.88e-02	8.65e-01	1.06e-01	0.00e+00	0.00e+00	0.00e+00	0.00e+00	0.00e+00	2.81e-87
 2.26708e+13	1.95e-30	1.66e-22	1.64e-15	3.88e-09	3.16e-02	8.70e-01	9.79e-02	0.00e+00	0.00e+00	0.00e+00	0.00e+00	0.00e+00	1.15e-101
 2.35235e+13	2.85e-30	2.28e-22	2.12e-15	4.65e-09	3.47e-02	8.75e-01	9.03e-02	0.00e+00	0.00e+00	0.00e+00	0.00e+00	0.00e+00	1.43e-86
 2.42581e+13	3.90e-30	2.96e-22	2.61e-15	5.37e-09	3.73e-02	8.78e-01	8.45e-02	0.00e+00	0.00e+00	0.00e+00	0.00e+00	0.00e+00	7.22e-101
 2.50426e+13	5.38e-30	3.86e-22	3.22e-15	6.23e-09	4.03e-02	8.81e-01	7.89e-02	0.00e+00	0.00e+00	0.00e+00	0.00e+00	0.00e+00	5.72e-86
 2.58924e+13	7.54e-30	5.10e-22	4.03e-15	7.28e-09	4.36e-02	8.83e-01	7.33e-02	0.00e+00	0.00e+00	0.00e+00	0.00e+00	0.00e+00	4.22e-100
 2.66533e+13	1.01e-29	6.49e-22	4.89e-15	8.33e-09	4.67e-02	8.85e-01	6.87e-02	0.00e+00	0.00e+00	0.00e+00	0.00e+00	0.00e+00	2.24e-85
 2.74685e+13	1.36e-29	8.29e-22	5.92e-15	9.50e-09	4.99e-02	8.86e-01	6.45e-02	0.00e+00	0.00e+00	0.00e+00	0.00e+00	0.00e+00	2.08e-99
 2.85028e+13	1.96e-29	1.12e-21	7.54e-15	1.12e-08	5.43e-02	8.86e-01	5.94e-02	0.00e+00	0.00e+00	0.00e+00	0.00e+00	0.00e+00	9.94e-85
 2.95592e+13	2.82e-29	1.51e-21	9.54e-15	1.32e-08	5.89e-02	8.86e-01	5.48e-02	0.00e+00	0.00e+00	0.00e+00	0.00e+00	0.00e+00	1.50e-98
 3.04684e+13	3.79e-29	1.93e-21	1.16e-14	1.51e-08	6.29e-02	8.86e-01	5.13e-02	0.00e+00	0.00e+00	0.00e+00	0.00e+00	0.00e+00	4.34e-84
 3.14492e+13	5.18e-29	2.49e-21	1.41e-14	1.73e-08	6.72e-02	8.85e-01	4.79e-02	0.00e+00	0.00e+00	0.00e+00	0.00e+00	0.00e+00	7.99e-98
 3.26587e+13	7.49e-29	3.37e-21	1.79e-14	2.04e-08	7.30e-02	8.83e-01	4.40e-02	0.00e+00	0.00e+00	0.00e+00	0.00e+00	0.00e+00	2.02e-83
 3.39043e+13	1.08e-28	4.54e-21	2.26e-14	2.39e-08	7.88e-02	8.81e-01	4.05e-02	0.00e+00	0.00e+00	0.00e+00	0.00e+00	0.00e+00	6.04e-97
 3.50447e+13	1.49e-28	5.91e-21	2.77e-14	2.75e-08	8.44e-02	8.78e-01	3.76e-02	0.00e+00	0.00e+00	0.00e+00	0.00e+00	0.00e+00	9.74e-83
 3.63093e+13	2.10e-28	7.82e-21	3.45e-14	3.18e-08	9.08e-02	8.75e-01	3.47e-02	0.00e+00	0.00e+00	0.00e+00	0.00e+00	0.00e+00	3.81e-96
 3.76796e+13	3.00e-28	1.05e-20	4.33e-14	3.71e-08	9.78e-02	8.70e-01	3.19e-02	0.00e+00	0.00e+00	0.00e+00	0.00e+00	0.00e+00	4.91e-82
 3.89124e+13	4.10e-28	1.35e-20	5.27e-14	4.24e-08	1.04e-01	8.66e-01	2.97e-02	0.00e+00	0.00e+00	0.00e+00	0.00e+00	0.00e+00	2.46e-95
 4.02401e+13	5.66e-28	1.75e-20	6.45e-14	4.86e-08	1.11e-01	8.61e-01	2.75e-02	0.00e+00	0.00e+00	0.00e+00	0.00e+00	0.00e+00	2.13e-81
 4.18253e+13	8.20e-28	2.37e-20	8.15e-14	5.70e-08	1.20e-01	8.55e-01	2.51e-02	0.00e+00	0.00e+00	0.00e+00	0.00e+00	0.00e+00	1.71e-94
 4.33862e+13	1.16e-27	3.15e-20	1.02e-13	6.60e-08	1.29e-01	8.48e-01	2.31e-02	0.00e+00	0.00e+00	0.00e+00	0.00e+00	0.00e+00	1.14e-80
 4.47923e+13	1.58e-27	4.03e-20	1.23e-13	7.50e-08	1.37e-01	8.42e-01	2.14e-02	0.00e+00	0.00e+00	0.00e+00	0.00e+00	0.00e+00	1.08e-93
 4.60412e+13	2.05e-27	4.98e-20	1.45e-13	8.37e-08	1.44e-01	8.36e-01	2.00e-02	0.00e+00	0.00e+00	0.00e+00	0.00e+00	0.00e+00	4.28e-80
 4.71762e+13	2.58e-27	6.01e-20	1.67e-13	9.22e-08	1.51e-01	8.31e-01	1.89e-02	0.00e+00	0.00e+00	0.00e+00	0.00e+00	0.00e+00	4.32e-93
 4.84786e+13	3.35e-27	7.41e-20	1.96e-13	1.03e-07	1.58e-01	8.24e-01	1.77e-02	0.00e+00	0.00e+00	0.00e+00	0.00e+00	0.00e+00	1.36e-79
 5.01718e+13	4.63e-27	9.64e-20	2.40e-13	1.17e-07	1.68e-01	8.15e-01	1.63e-02	0.00e+00	0.00e+00	0.00e+00	0.00e+00	0.00e+00	2.25e-92
 5.19019e+13	6.37e-27	1.25e-19	2.94e-13	1.34e-07	1.79e-01	8.06e-01	1.50e-02	0.00e+00	0.00e+00	0.00e+00	0.00e+00	0.00e+00	6.13e-79
 5.33146e+13	8.20e-27	1.53e-19	3.43e-13	1.49e-07	1.88e-01	7.98e-01	1.40e-02	0.00e+00	0.00e+00	0.00e+00	0.00e+00	0.00e+00	1.15e-91
 5.47858e+13	1.06e-26	1.88e-19	4.01e-13	1.65e-07	1.97e-01	7.90e-01	1.31e-02	0.00e+00	0.00e+00	0.00e+00	0.00e+00	0.00e+00	2.06e-78
 5.66984e+13	1.46e-26	2.44e-19	4.90e-13	1.88e-07	2.09e-01	7.79e-01	1.20e-02	0.00e+00	0.00e+00	0.00e+00	0.00e+00	0.00e+00	5.94e-91
 5.87148e+13	2.02e-26	3.18e-19	6.00e-13	2.15e-07	2.21e-01	7.68e-01	1.10e-02	0.00e+00	0.00e+00	0.00e+00	0.00e+00	0.00e+00	9.51e-78
 6.04557e+13	2.65e-26	3.96e-19	7.09e-13	2.40e-07	2.32e-01	7.58e-01	1.02e-02	0.00e+00	0.00e+00	0.00e+00	0.00e+00	0.00e+00	3.29e-90
 6.23088e+13	3.51e-26	4.96e-19	8.42e-13	2.69e-07	2.44e-01	7.47e-01	9.46e-03	0.00e+00	0.00e+00	0.00e+00	0.00e+00	0.00e+00	3.56e-77
 6.46383e+13	4.92e-26	6.52e-19	1.04e-12	3.09e-07	2.59e-01	7.33e-01	8.57e-03	0.00e+00	0.00e+00	0.00e+00	0.00e+00	0.00e+00	1.95e-89
 6.70098e+13	6.85e-26	8.52e-19	1.27e-12	3.53e-07	2.74e-01	7.18e-01	7.80e-03	0.00e+00	0.00e+00	0.00e+00	0.00e+00	0.00e+00	1.76e-76
 6.90598e+13	9.02e-26	1.06e-18	1.51e-12	3.94e-07	2.87e-01	7.06e-01	7.18e-03	0.00e+00	0.00e+00	0.00e+00	0.00e+00	0.00e+00	3.39e-76
 7.12689e+13	1.20e-25	1.34e-18	1.80e-12	4.42e-07	3.01e-01	6.92e-01	6.59e-03	0.00e+00	0.00e+00	0.00e+00	0.00e+00	0.00e+00	6.73e-76
 7.39828e+13	1.68e-25	1.76e-18	2.22e-12	5.07e-07	3.18e-01	6.76e-01	5.93e-03	0.00e+00	0.00e+00	0.00e+00	0.00e+00	0.00e+00	1.51e-75
 7.66973e+13	2.33e-25	2.29e-18	2.70e-12	5.76e-07	3.35e-01	6.59e-01	5.37e-03	0.00e+00	0.00e+00	0.00e+00	0.00e+00	0.00e+00	3.33e-75
 7.90787e+13	3.07e-25	2.85e-18	3.20e-12	6.42e-07	3.50e-01	6.45e-01	4.92e-03	0.00e+00	0.00e+00	0.00e+00	0.00e+00	0.00e+00	6.49e-75
 8.16828e+13	4.10e-25	3.60e-18	3.82e-12	7.19e-07	3.66e-01	6.30e-01	4.49e-03	0.00e+00	0.00e+00	0.00e+00	0.00e+00	0.00e+00	1.31e-74
 8.48327e+13	5.74e-25	4.72e-18	4.69e-12	8.21e-07	3.85e-01	6.11e-01	4.01e-03	0.00e+00	0.00e+00	0.00e+00	0.00e+00	0.00e+00	2.96e-74
 8.79772e+13	7.93e-25	6.12e-18	5.70e-12	9.29e-07	4.04e-01	5.93e-01	3.61e-03	0.00e+00	0.00e+00	0.00e+00	0.00e+00	0.00e+00	6.55e-74
 9.08116e+13	1.05e-24	7.66e-18	6.75e-12	1.03e-06	4.20e-01	5.77e-01	3.28e-03	0.00e+00	0.00e+00	0.00e+00	0.00e+00	0.00e+00	1.29e-73
 9.39580e+13	1.41e-24	9.72e-18	8.09e-12	1.16e-06	4.38e-01	5.59e-01	2.96e-03	0.00e+00	0.00e+00	0.00e+00	0.00e+00	0.00e+00	2.69e-73
 9.76660e+13	1.98e-24	1.27e-17	9.90e-12	1.32e-06	4.58e-01	5.39e-01	2.63e-03	0.00e+00	0.00e+00	0.00e+00	0.00e+00	0.00e+00	6.23e-73
 1.01347e+14	2.73e-24	1.65e-17	1.20e-11	1.48e-06	4.78e-01	5.20e-01	2.35e-03	0.00e+00	0.00e+00	0.00e+00	0.00e+00	0.00e+00	1.38e-72
 1.04791e+14	3.64e-24	2.07e-17	1.43e-11	1.65e-06	4.96e-01	5.02e-01	2.11e-03	0.00e+00	0.00e+00	0.00e+00	0.00e+00	0.00e+00	2.81e-72
 1.08628e+14	4.96e-24	2.64e-17	1.71e-11	1.85e-06	5.15e-01	4.84e-01	1.88e-03	0.00e+00	0.00e+00	0.00e+00	0.00e+00	0.00e+00	6.07e-72
 1.12620e+14	6.76e-24	3.38e-17	2.05e-11	2.07e-06	5.33e-01	4.65e-01	1.68e-03	0.00e+00	0.00e+00	0.00e+00	0.00e+00	0.00e+00	1.32e-71
 1.16086e+14	8.75e-24	4.15e-17	2.39e-11	2.27e-06	5.49e-01	4.49e-01	1.52e-03	0.00e+00	0.00e+00	0.00e+00	0.00e+00	0.00e+00	2.53e-71
 1.19130e+14	1.09e-23	4.94e-17	2.72e-11	2.46e-06	5.63e-01	4.36e-01	1.40e-03	0.00e+00	0.00e+00	0.00e+00	1.59e-17	3.35e-17	4.42e-71
 1.22405e+14	1.37e-23	5.92e-17	3.11e-11	2.66e-06	5.77e-01	4.22e-01	1.28e-03	0.00e+00	0.00e+00	0.00e+00	1.97e-17	3.96e-17	7.94e-71
 1.26663e+14	1.84e-23	7.46e-17	3.67e-11	2.94e-06	5.94e-01	4.05e-01	1.15e-03	0.00e+00	0.00e+00	0.00e+00	2.47e-17	4.98e-17	1.68e-70
 1.31022e+14	2.43e-23	9.31e-17	4.33e-11	3.25e-06	6.11e-01	3.88e-01	1.02e-03	0.00e+00	0.00e+00	0.00e+00	3.09e-17	6.22e-17	3.42e-70
 1.34583e+14	3.05e-23	1.11e-16	4.93e-11	3.51e-06	6.24e-01	3.75e-01	9.36e-04	0.00e+00	0.00e+00	0.00e+00	3.69e-17	7.42e-17	6.12e-70
 1.38283e+14	3.83e-23	1.33e-16	5.61e-11	3.78e-06	6.37e-01	3.62e-01	8.55e-04	0.00e+00	0.00e+00	0.00e+00	4.40e-17	8.87e-17	1.10e-69
 1.43092e+14	5.12e-23	1.67e-16	6.59e-11	4.16e-06	6.53e-01	3.47e-01	7.63e-04	0.00e+00	0.00e+00	0.00e+00	5.53e-17	1.11e-16	2.35e-69
 1.48205e+14	6.82e-23	2.09e-16	7.79e-11	4.59e-06	6.69e-01	3.30e-01	6.76e-04	0.00e+00	0.00e+00	0.00e+00	6.92e-17	1.40e-16	4.90e-69
 1.52652e+14	8.74e-23	2.53e-16	8.94e-11	4.96e-06	6.82e-01	3.17e-01	6.12e-04	0.00e+00	0.00e+00	0.00e+00	8.40e-17	1.69e-16	9.38e-69
 1.57374e+14	1.13e-22	3.08e-16	1.03e-10	5.38e-06	6.95e-01	3.04e-01	5.52e-04	0.00e+00	0.00e+00	0.00e+00	1.02e-16	2.06e-16	1.83e-68
 1.63259e+14	1.53e-22	3.92e-16	1.22e-10	5.92e-06	7.11e-01	2.89e-01	4.86e-04	0.00e+00	0.00e+00	0.00e+00	1.30e-16	2.62e-16	4.12e-68
 1.69329e+14	2.06e-22	4.93e-16	1.44e-10	6.51e-06	7.26e-01	2.73e-01	4.28e-04	0.00e+00	0.00e+00	0.00e+00	1.63e-16	3.30e-16	8.89e-68
 1.74698e+14	2.67e-22	6.02e-16	1.66e-10	7.04e-06	7.38e-01	2.61e-01	3.84e-04	0.00e+00	0.00e+00	0.00e+00	2.00e-16	4.03e-16	1.77e-67
 1.80482e+14	3.51e-22	7.44e-16	1.92e-10	7.64e-06	7.51e-01	2.49e-01	3.43e-04	0.00e+00	0.00e+00	0.00e+00	2.47e-16	4.97e-16	3.67e-67
 1.87441e+14	4.76e-22	9.41e-16	2.27e-10	8.40e-06	7.65e-01	2.35e-01	3.00e-04	0.00e+00	0.00e+00	0.00e+00	3.12e-16	6.29e-16	8.22e-67
 1.94402e+14	6.43e-22	1.19e-15	2.67e-10	9.17e-06	7.77e-01	2.22e-01	2.64e-04	0.00e+00	0.00e+00	0.00e+00	3.93e-16	7.93e-16	1.84e-66
 2.00778e+14	8.39e-22	1.46e-15	3.07e-10	9.91e-06	7.88e-01	2.12e-01	2.36e-04	0.00e+00	0.00e+00	0.00e+00	4.83e-16	9.74e-16	3.77e-66
 2.07917e+14	1.12e-21	1.81e-15	3.58e-10	1.08e-05	8.00e-01	2.00e-01	2.08e-04	0.00e+00	0.00e+00	0.00e+00	6.01e-16	1.21e-15	8.09e-66
 2.16207e+14	1.53e-21	2.31e-15	4.24e-10	1.18e-05	8.12e-01	1.88e-01	1.81e-04	0.00e+00	0.00e+00	0.00e+00	7.67e-16	1.55e-15	1.90e-65
 2.24364e+14	2.07e-21	2.91e-15	4.98e-10	1.29e-05	8.23e-01	1.77e-01	1.58e-04	0.00e+00	0.00e+00	0.00e+00	9.65e-16	1.95e-15	4.27e-65
 2.32128e+14	2.72e-21	3.60e-15	5.77e-10	1.39e-05	8.32e-01	1.68e-01	1.40e-04	0.00e+00	0.00e+00	0.00e+00	1.19e-15	2.41e-15	8.97e-65
 2.40723e+14	3.65e-21	4.50e-15	6.74e-10	1.51e-05	8.42e-01	1.58e-01	1.23e-04	0.00e+00	0.00e+00	0.00e+00	1.49e-15	3.01e-15	1.98e-64
 2.50382e+14	5.00e-21	5.73e-15	7.99e-10	1.66e-05	8.52e-01	1.48e-01	1.06e-04	0.00e+00	0.00e+00	0.00e+00	1.90e-15	3.83e-15	4.64e-64
 2.58610e+14	6.50e-21	7.01e-15	9.15e-10	1.78e-05	8.60e-01	1.40e-01	9.48e-05	0.00e+00	0.00e+00	0.00e+00	2.32e-15	4.69e-15	9.56e-64
 2.64732e+14	7.78e-21	8.05e-15	1.01e-09	1.88e-05	8.65e-01	1.35e-01	8.68e-05	0.00e+00	0.00e+00	0.00e+00	2.66e-15	5.39e-15	1.55e-63
 2.71216e+14	9.45e-21	9.34e-15	1.12e-09	1.98e-05	8.71e-01	1.29e-01	7.95e-05	0.00e+00	0.00e+00	0.00e+00	3.09e-15	6.25e-15	2.64e-63
 2.79645e+14	1.21e-20	1.13e-14	1.28e-09	2.12e-05	8.77e-01	1.22e-01	7.10e-05	0.00e+00	0.00e+00	0.00e+00	3.72e-15	7.53e-15	5.12e-63
 2.88874e+14	1.56e-20	1.37e-14	1.46e-09	2.27e-05	8.84e-01	1.16e-01	6.29e-05	0.00e+00	0.00e+00	0.00e+00	4.53e-15	9.17e-15	1.03e-62
 2.97315e+14	1.96e-20	1.64e-14	1.65e-09	2.42e-05	8.90e-01	1.10e-01	5.66e-05	0.00e+00	0.00e+00	0.00e+00	5.41e-15	1.09e-14	1.95e-62
 3.06463e+14	2.47e-20	1.95e-14	1.87e-09	2.59e-05	8.96e-01	1.04e-01	5.05e-05	0.00e+00	0.00e+00	0.00e+00	6.46e-15	1.31e-14	3.67e-62
 3.16784e+14	3.23e-20	2.40e-14	2.15e-09	2.78e-05	9.01e-01	9.84e-02	4.47e-05	0.00e+00	0.00e+00	0.00e+00	7.92e-15	1.60e-14	7.69e-62
 3.26727e+14	4.09e-20	2.87e-14	2.45e-09	2.97e-05	9.07e-01	9.31e-02	3.97e-05	0.00e+00	0.00e+00	0.00e+00	9.48e-15	1.92e-14	1.46e-61
 3.37747e+14	5.29e-20	3.50e-14	2.81e-09	3.19e-05	9.12e-01	8.77e-02	3.50e-05	0.00e+00	0.00e+00	0.00e+00	1.16e-14	2.34e-14	2.96e-61
 3.49990e+14	6.99e-20	4.34e-14	3.25e-09	3.44e-05	9.18e-01	8.22e-02	3.06e-05	0.00e+00	0.00e+00	0.00e+00	1.43e-14	2.91e-14	6.45e-61
 3.61331e+14	8.92e-20	5.24e-14	3.71e-09	3.69e-05	9.22e-01	7.76e-02	2.71e-05	0.00e+00	0.00e+00	0.00e+00	1.73e-14	3.51e-14	1.26e-60
 3.73583e+14	1.14e-19	6.34e-14	4.26e-09	3.96e-05	9.27e-01	7.29e-02	2.38e-05	0.00e+00	0.00e+00	0.00e+00	2.09e-14	4.24e-14	2.48e-60
 3.87213e+14	1.51e-19	7.84e-14	4.94e-09	4.27e-05	9.32e-01	6.82e-02	2.08e-05	0.00e+00	0.00e+00	0.00e+00	2.59e-14	5.25e-14	5.34e-60
 3.99893e+14	1.93e-19	9.50e-14	5.64e-09	4.58e-05	9.36e-01	6.42e-02	1.83e-05	0.00e+00	0.00e+00	0.00e+00	3.13e-14	6.36e-14	1.06e-59
 4.13632e+14	2.46e-19	1.15e-13	6.49e-09	4.92e-05	9.40e-01	6.02e-02	1.61e-05	0.00e+00	0.00e+00	0.00e+00	3.79e-14	7.70e-14	2.09e-59
 4.28932e+14	3.27e-19	1.43e-13	7.53e-09	5.31e-05	9.44e-01	5.63e-02	1.40e-05	0.00e+00	0.00e+00	0.00e+00	4.71e-14	9.58e-14	4.59e-59
 4.43198e+14	4.12e-19	1.71e-13	8.62e-09	5.70e-05	9.47e-01	5.28e-02	1.22e-05	0.00e+00	0.00e+00	0.00e+00	5.64e-14	1.15e-13	8.70e-59
 4.58682e+14	5.37e-19	2.10e-13	9.92e-09	6.12e-05	9.50e-01	4.95e-02	1.07e-05	0.00e+00	0.00e+00	0.00e+00	6.92e-14	1.41e-13	1.82e-58
 4.75929e+14	6.97e-19	2.58e-13	1.16e-08	6.63e-05	9.54e-01	4.60e-02	9.23e-06	0.00e+00	0.00e+00	0.00e+00	8.49e-14	1.73e-13	3.74e-58
 4.92041e+14	8.99e-19	3.14e-13	1.32e-08	7.10e-05	9.57e-01	4.32e-02	8.11e-06	0.00e+00	0.00e+00	0.00e+00	1.03e-13	2.11e-13	7.66e-58
 5.09557e+14	1.15e-18	3.81e-13	1.53e-08	7.66e-05	9.60e-01	4.03e-02	7.03e-06	0.00e+00	0.00e+00	0.00e+00	1.25e-13	2.55e-13	1.50e-57
 5.29015e+14	1.52e-18	4.73e-13	1.78e-08	8.29e-05	9.62e-01	3.74e-02	6.06e-06	0.00e+00	0.00e+00	0.00e+00	1.56e-13	3.18e-13	3.29e-57
 5.47236e+14	1.93e-18	5.72e-13	2.05e-08	8.90e-05	9.65e-01	3.50e-02	5.29e-06	0.00e+00	0.00e+00	0.00e+00	1.88e-13	3.84e-13	6.44e-57
 5.67030e+14	2.51e-18	7.03e-13	2.36e-08	9.59e-05	9.67e-01	3.26e-02	4.58e-06	0.00e+00	0.00e+00	0.00e+00	2.31e-13	4.72e-13	1.35e-56
 5.89140e+14	3.30e-18	8.69e-13	2.77e-08	1.04e-04	9.70e-01	3.02e-02	3.92e-06	0.00e+00	0.00e+00	0.00e+00	2.85e-13	5.83e-13	2.87e-56
 6.10094e+14	4.24e-18	1.06e-12	3.19e-08	1.12e-04	9.72e-01	2.82e-02	3.40e-06	0.00e+00	0.00e+00	0.00e+00	3.48e-13	7.12e-13	5.86e-56
 6.28931e+14	5.26e-18	1.25e-12	3.61e-08	1.20e-04	9.73e-01	2.65e-02	3.00e-06	0.00e+00	0.00e+00	0.00e+00	4.11e-13	8.42e-13	1.06e-55
 6.49308e+14	6.61e-18	1.50e-12	4.11e-08	1.28e-04	9.75e-01	2.48e-02	2.64e-06	0.00e+00	0.00e+00	0.00e+00	4.91e-13	1.01e-12	2.01e-55
 6.74057e+14	8.61e-18	1.85e-12	4.80e-08	1.38e-04	9.77e-01	2.30e-02	2.26e-06	0.00e+00	0.00e+00	0.00e+00	6.05e-13	1.24e-12	4.24e-55
 6.96354e+14	1.08e-17	2.21e-12	5.47e-08	1.48e-04	9.78e-01	2.16e-02	1.98e-06	0.00e+00	0.00e+00	0.00e+00	7.25e-13	1.49e-12	8.12e-55
 7.12805e+14	1.27e-17	2.52e-12	6.02e-08	1.56e-04	9.79e-01	2.06e-02	1.80e-06	0.00e+00	0.00e+00	0.00e+00	8.25e-13	1.69e-12	1.29e-54
 7.29792e+14	1.50e-17	2.87e-12	6.63e-08	1.64e-04	9.80e-01	1.96e-02	1.63e-06	0.00e+00	0.00e+00	0.00e+00	9.40e-13	1.93e-12	2.06e-54
 7.51874e+14	1.86e-17	3.39e-12	7.49e-08	1.74e-04	9.81e-01	1.84e-02	1.44e-06	0.00e+00	0.00e+00	0.00e+00	1.11e-12	2.28e-12	3.73e-54
 7.76006e+14	2.30e-17	4.02e-12	8.51e-08	1.86e-04	9.83e-01	1.73e-02	1.26e-06	0.00e+00	0.00e+00	0.00e+00	1.32e-12	2.71e-12	6.89e-54
 7.98017e+14	2.81e-17	4.71e-12	9.54e-08	1.98e-04	9.83e-01	1.63e-02	1.13e-06	0.00e+00	0.00e+00	0.00e+00	1.54e-12	3.17e-12	1.22e-53
 8.21844e+14	3.46e-17	5.54e-12	1.08e-07	2.10e-04	9.84e-01	1.53e-02	9.96e-07	0.00e+00	0.00e+00	0.00e+00	1.81e-12	3.73e-12	2.18e-53
 8.48730e+14	4.32e-17	6.62e-12	1.23e-07	2.25e-04	9.85e-01	1.44e-02	0.00e+00	0.00e+00	0.00e+00	0.00e+00	2.16e-12	4.46e-12	4.15e-53
 8.74584e+14	5.35e-17	7.81e-12	1.39e-07	2.40e-04	9.86e-01	1.35e-02	0.00e+00	4.41e-18	1.32e-17	2.21e-17	2.55e-12	5.26e-12	7.54e-53
 9.03182e+14	6.66e-17	9.33e-12	1.58e-07	2.57e-04	9.87e-01	1.26e-02	0.00e+00	5.49e-18	1.65e-17	2.76e-17	3.05e-12	6.28e-12	1.43e-52
 9.35040e+14	8.51e-17	1.13e-11	1.82e-07	2.76e-04	9.88e-01	1.17e-02	0.00e+00	7.02e-18	2.11e-17	3.53e-17	3.68e-12	7.61e-12	2.85e-52
 9.64901e+14	1.05e-16	1.34e-11	2.06e-07	2.95e-04	9.89e-01	1.10e-02	0.00e+00	8.69e-18	2.61e-17	4.36e-17	4.38e-12	9.04e-12	5.33e-52
 9.97488e+14	1.34e-16	1.61e-11	2.37e-07	3.17e-04	9.89e-01	1.02e-02	0.00e+00	1.10e-17	3.31e-17	5.53e-17	5.27e-12	1.09e-11	1.04e-51
 1.03414e+15	1.72e-16	1.97e-11	2.74e-07	3.42e-04	9.90e-01	9.51e-03	0.00e+00	1.42e-17	4.26e-17	7.13e-17	6.43e-12	1.33e-11	2.16e-51
 1.06883e+15	2.14e-16	2.36e-11	3.13e-07	3.67e-04	9.91e-01	8.87e-03	0.00e+00	1.77e-17	5.31e-17	8.87e-17	7.68e-12	1.59e-11	4.11e-51
 1.10664e+15	2.74e-16	2.86e-11	3.61e-07	3.95e-04	9.91e-01	8.24e-03	0.00e+00	2.27e-17	6.81e-17	1.14e-16	9.31e-12	1.93e-11	8.28e-51
 1.14870e+15	3.56e-16	3.51e-11	4.20e-07	4.28e-04	9.92e-01	7.62e-03	0.00e+00	2.94e-17	8.84e-17	1.48e-16	1.14e-11	2.37e-11	1.76e-50
 1.18785e+15	4.49e-16	4.23e-11	4.81e-07	4.59e-04	9.92e-01	7.10e-03	0.00e+00	3.72e-17	1.12e-16	1.87e-16	1.38e-11	2.85e-11	3.46e-50
 1.23031e+15	5.65e-16	5.10e-11	5.55e-07	4.95e-04	9.93e-01	6.59e-03	0.00e+00	4.68e-17	1.40e-16	2.35e-16	1.66e-11	3.44e-11	6.86e-50
 1.27824e+15	7.44e-16	6.32e-11	6.49e-07	5.37e-04	9.93e-01	6.07e-03	0.00e+00	6.16e-17	1.85e-16	3.09e-16	2.06e-11	4.26e-11	1.49e-49
 1.32374e+15	9.35e-16	7.63e-11	7.48e-07	5.78e-04	9.94e-01	5.64e-03	0.00e+00	7.75e-17	2.33e-16	3.89e-16	2.48e-11	5.14e-11	2.97e-49
 1.36055e+15	1.13e-15	8.88e-11	8.37e-07	6.14e-04	9.94e-01	5.31e-03	0.00e+00	9.40e-17	2.82e-16	4.72e-16	2.89e-11	5.99e-11	5.18e-49
 1.38986e+15	1.33e-15	1.00e-10	9.13e-07	6.43e-04	9.94e-01	5.08e-03	0.00e+00	1.10e-16	3.31e-16	5.53e-16	3.26e-11	6.77e-11	8.12e-49
 1.42227e+15	1.55e-15	1.14e-10	1.00e-06	6.76e-04	9.94e-01	4.82e-03	0.00e+00	1.28e-16	3.86e-16	6.45e-16	3.70e-11	7.66e-11	1.27e-48
 1.46441e+15	1.87e-15	1.33e-10	1.13e-06	7.20e-04	9.95e-01	4.53e-03	0.00e+00	1.55e-16	4.66e-16	7.79e-16	4.31e-11	8.95e-11	2.24e-48
 1.50962e+15	2.34e-15	1.58e-10	1.28e-06	7.69e-04	9.95e-01	4.24e-03	0.00e+00	1.94e-16	5.83e-16	9.75e-16	5.13e-11	1.06e-10	4.24e-48
 1.54929e+15	2.75e-15	1.81e-10	1.42e-06	8.13e-04	9.95e-01	4.01e-03	0.00e+00	2.28e-16	6.85e-16	1.15e-15	5.87e-11	1.22e-10	6.93e-48
 1.59132e+15	3.32e-15	2.10e-10	1.59e-06	8.64e-04	9.95e-01	3.78e-03	0.00e+00	2.76e-16	8.30e-16	1.39e-15	6.83e-11	1.42e-10	1.20e-47
 1.64596e+15	4.11e-15	2.50e-10	1.82e-06	9.29e-04	9.96e-01	3.51e-03	0.00e+00	3.42e-16	1.03e-15	1.72e-15	8.14e-11	1.69e-10	2.29e-47
 1.70177e+15	5.26e-15	3.03e-10	2.09e-06	1.00e-03	9.96e-01	3.26e-03	0.00e+00	4.38e-16	1.31e-15	2.20e-15	9.85e-11	2.04e-10	4.62e-47
 1.74707e+15	6.24e-15	3.49e-10	2.33e-06	1.06e-03	9.96e-01	3.07e-03	0.00e+00	5.19e-16	1.56e-15	2.61e-15	1.13e-10	2.35e-10	7.74e-47
 1.79391e+15	7.32e-15	4.00e-10	2.59e-06	1.12e-03	9.96e-01	2.90e-03	0.00e+00	6.10e-16	1.83e-15	3.06e-15	1.30e-10	2.70e-10	1.27e-46
 1.85481e+15	9.32e-15	4.83e-10	2.97e-06	1.21e-03	9.96e-01	2.69e-03	0.00e+00	7.77e-16	2.33e-15	3.90e-15	1.57e-10	3.26e-10	2.56e-46
 1.91915e+15	1.16e-14	5.79e-10	3.41e-06	1.31e-03	9.96e-01	2.49e-03	0.00e+00	9.66e-16	2.90e-15	4.85e-15	1.88e-10	3.90e-10	4.97e-46
 1.97505e+15	1.40e-14	6.76e-10	3.84e-06	1.39e-03	9.96e-01	2.33e-03	0.00e+00	1.17e-15	3.51e-15	5.87e-15	2.20e-10	4.56e-10	8.80e-46
 2.03478e+15	1.67e-14	7.86e-10	4.33e-06	1.49e-03	9.96e-01	2.18e-03	0.00e+00	1.40e-15	4.19e-15	7.01e-15	2.56e-10	5.30e-10	1.53e-45
 2.10993e+15	2.17e-14	9.66e-10	5.03e-06	1.62e-03	9.96e-01	2.01e-03	0.00e+00	1.81e-15	5.45e-15	9.10e-15	3.15e-10	6.51e-10	3.28e-45
 2.18744e+15	2.71e-14	1.17e-09	5.83e-06	1.75e-03	9.96e-01	1.85e-03	0.00e+00	2.27e-15	6.82e-15	1.14e-14	3.80e-10	7.87e-10	6.58e-45
 2.25546e+15	3.33e-14	1.38e-09	6.60e-06	1.88e-03	9.96e-01	1.72e-03	0.00e+00	2.79e-15	8.39e-15	1.40e-14	4.50e-10	9.30e-10	1.23e-44
 2.32880e+15	4.04e-14	1.63e-09	7.52e-06	2.02e-03	9.96e-01	1.60e-03	0.00e+00	3.39e-15	1.02e-14	1.70e-14	5.32e-10	1.10e-09	2.26e-44
 2.41767e+15	5.18e-14	2.00e-09	8.76e-06	2.21e-03	9.96e-01	1.47e-03	0.00e+00	4.35e-15	1.31e-14	2.18e-14	6.52e-10	1.35e-09	4.83e-44
 2.50639e+15	6.44e-14	2.41e-09	1.01e-05	2.39e-03	9.96e-01	1.35e-03	0.00e+00	5.42e-15	1.63e-14	2.72e-14	7.87e-10	1.62e-09	9.70e-44
 2.58552e+15	7.83e-14	2.84e-09	1.15e-05	2.57e-03	9.96e-01	1.25e-03	0.00e+00	6.60e-15	1.98e-14	3.31e-14	9.29e-10	1.92e-09	1.80e-43
 2.67252e+15	9.72e-14	3.40e-09	1.32e-05	2.77e-03	9.96e-01	1.16e-03	0.00e+00	8.20e-15	2.46e-14	4.11e-14	1.11e-09	2.29e-09	3.53e-43
 2.77614e+15	1.23e-13	4.17e-09	1.54e-05	3.03e-03	9.96e-01	1.06e-03	0.00e+00	1.04e-14	3.13e-14	5.22e-14	1.36e-09	2.80e-09	7.53e-43
 2.86445e+15	1.48e-13	4.90e-09	1.74e-05	3.25e-03	9.96e-01	9.86e-04	0.00e+00	1.25e-14	3.76e-14	6.28e-14	1.60e-09	3.30e-09	1.38e-42
 2.92475e+15	1.70e-13	5.50e-09	1.90e-05	3.41e-03	9.96e-01	9.39e-04	0.00e+00	1.44e-14	4.33e-14	7.23e-14	1.80e-09	3.70e-09	2.14e-42
 2.98556e+15	1.93e-13	6.14e-09	2.06e-05	3.58e-03	9.96e-01	8.94e-04	0.00e+00	1.64e-14	4.92e-14	8.22e-14	2.01e-09	4.13e-09	3.23e-42
 3.06462e+15	2.21e-13	6.96e-09	2.29e-05	3.80e-03	9.95e-01	8.42e-04	0.00e+00	1.88e-14	5.64e-14	9.42e-14	2.28e-09	4.68e-09	5.15e-42
 3.15341e+15	2.71e-13	8.22e-09	2.57e-05	4.06e-03	9.95e-01	7.86e-04	0.00e+00	2.30e-14	6.92e-14	1.16e-13	2.69e-09	5.53e-09	9.90e-42
 3.23687e+15	3.10e-13	9.32e-09	2.86e-05	4.30e-03	9.95e-01	7.40e-04	0.00e+00	2.64e-14	7.91e-14	1.32e-13	3.05e-09	6.27e-09	1.60e-41
 3.32738e+15	3.74e-13	1.09e-08	3.19e-05	4.59e-03	9.95e-01	6.92e-04	0.00e+00	3.18e-14	9.55e-14	1.60e-13	3.58e-09	7.34e-09	2.98e-41
 3.42780e+15	4.38e-13	1.26e-08	3.60e-05	4.91e-03	9.94e-01	6.46e-04	0.00e+00	3.73e-14	1.12e-13	1.87e-13	4.14e-09	8.49e-09	5.20e-41
 3.52159e+15	5.28e-13	1.48e-08	4.01e-05	5.23e-03	9.94e-01	6.05e-04	0.00e+00	4.51e-14	1.35e-13	2.26e-13	4.86e-09	9.96e-09	9.81e-41
 3.62401e+15	6.14e-13	1.70e-08	4.50e-05	5.58e-03	9.94e-01	5.66e-04	0.00e+00	5.24e-14	1.57e-13	2.63e-13	5.59e-09	1.14e-08	1.67e-40
 3.73885e+15	7.56e-13	2.04e-08	5.10e-05	6.00e-03	9.93e-01	5.25e-04	0.00e+00	6.47e-14	1.94e-13	3.24e-13	6.70e-09	1.37e-08	3.43e-40
 3.84678e+15	8.77e-13	2.35e-08	5.72e-05	6.40e-03	9.93e-01	4.91e-04	0.00e+00	7.51e-14	2.25e-13	3.76e-13	7.70e-09	1.58e-08	5.74e-40
 3.96402e+15	1.07e-12	2.79e-08	6.45e-05	6.86e-03	9.93e-01	4.57e-04	0.00e+00	9.16e-14	2.75e-13	4.59e-13	9.17e-09	1.88e-08	1.15e-39
 4.09548e+15	1.27e-12	3.28e-08	7.35e-05	7.38e-03	9.92e-01	4.23e-04	0.00e+00	1.09e-13	3.27e-13	5.47e-13	1.08e-08	2.20e-08	2.11e-39
 4.22136e+15	1.55e-12	3.93e-08	8.31e-05	7.92e-03	9.92e-01	3.93e-04	0.00e+00	1.34e-13	4.01e-13	6.70e-13	1.29e-08	2.64e-08	4.32e-39
 4.36096e+15	1.85e-12	4.61e-08	9.46e-05	8.52e-03	9.91e-01	3.64e-04	0.00e+00	1.59e-13	4.77e-13	7.96e-13	1.52e-08	3.09e-08	7.90e-39
 4.51792e+15	2.33e-12	5.70e-08	1.09e-04	9.25e-03	9.90e-01	3.34e-04	0.00e+00	2.01e-13	6.03e-13	1.01e-12	1.87e-08	3.82e-08	1.81e-38
 4.66649e+15	2.75e-12	6.67e-08	1.24e-04	9.94e-03	9.90e-01	3.10e-04	0.00e+00	2.38e-13	7.13e-13	1.19e-12	2.20e-08	4.48e-08	3.28e-38
 4.82869e+15	3.42e-12	8.17e-08	1.43e-04	1.08e-02	9.89e-01	2.85e-04	0.00e+00	2.95e-13	8.87e-13	1.48e-12	2.69e-08	5.48e-08	7.27e-38
 5.00880e+15	4.23e-12	1.00e-07	1.65e-04	1.17e-02	9.88e-01	2.61e-04	0.00e+00	3.66e-13	1.10e-12	1.83e-12	3.29e-08	6.71e-08	1.57e-37
 5.17677e+15	5.09e-12	1.20e-07	1.89e-04	1.26e-02	9.87e-01	2.41e-04	0.00e+00	4.41e-13	1.32e-12	2.21e-12	3.94e-08	8.02e-08	3.05e-37
 5.35970e+15	6.28e-12	1.46e-07	2.17e-04	1.36e-02	9.86e-01	2.22e-04	0.00e+00	5.45e-13	1.64e-12	2.73e-12	4.80e-08	9.75e-08	6.43e-37
 5.53526e+15	7.49e-12	1.74e-07	2.48e-04	1.47e-02	9.85e-01	2.05e-04	0.00e+00	6.51e-13	1.95e-12	3.26e-12	5.72e-08	1.16e-07	1.21e-36
 5.66052e+15	8.60e-12	1.98e-07	2.71e-04	1.54e-02	9.84e-01	1.94e-04	0.00e+00	7.48e-13	2.25e-12	3.75e-12	6.53e-08	1.33e-07	2.00e-36
 5.78265e+15	9.79e-12	2.23e-07	2.96e-04	1.62e-02	9.83e-01	1.85e-04	0.00e+00	8.53e-13	2.56e-12	4.27e-12	7.36e-08	1.50e-07	3.12e-36
 5.94143e+15	1.14e-11	2.56e-07	3.30e-04	1.72e-02	9.82e-01	1.73e-04	0.00e+00	9.93e-13	2.98e-12	4.98e-12	8.44e-08	1.71e-07	5.11e-36
 6.11585e+15	1.38e-11	3.06e-07	3.72e-04	1.84e-02	9.81e-01	1.61e-04	0.00e+00	1.20e-12	3.60e-12	6.01e-12	1.01e-07	2.05e-07	9.95e-36
 6.27352e+15	1.58e-11	3.52e-07	4.12e-04	1.95e-02	9.80e-01	1.52e-04	0.00e+00	1.38e-12	4.15e-12	6.93e-12	1.16e-07	2.35e-07	1.63e-35
 6.44140e+15	1.86e-11	4.04e-07	4.59e-04	2.07e-02	9.79e-01	1.42e-04	0.00e+00	1.63e-12	4.88e-12	8.14e-12	1.33e-07	2.71e-07	2.69e-35
 6.65964e+15	2.32e-11	4.98e-07	5.27e-04	2.23e-02	9.77e-01	1.31e-04	0.00e+00	2.03e-12	6.10e-12	1.02e-11	1.64e-07	3.33e-07	5.81e-35
 6.87852e+15	2.79e-11	5.87e-07	6.01e-04	2.40e-02	9.75e-01	1.21e-04	0.00e+00	2.45e-12	7.34e-12	1.22e-11	1.94e-07	3.93e-07	1.00e-34
 7.05185e+15	3.22e-11	6.78e-07	6.66e-04	2.54e-02	9.74e-01	1.14e-04	0.00e+00	2.83e-12	8.48e-12	1.42e-11	2.24e-07	4.54e-07	1.67e-34
 7.23080e+15	3.80e-11	7.97e-07	7.40e-04	2.69e-02	9.72e-01	1.07e-04	0.00e+00	3.34e-12	1.00e-11	1.67e-11	2.63e-07	5.33e-07	2.98e-34
 7.46343e+15	4.64e-11	9.42e-07	8.44e-04	2.89e-02	9.70e-01	9.91e-05	0.00e+00	4.08e-12	1.22e-11	2.04e-11	3.12e-07	6.30e-07	5.25e-34
 7.71105e+15	5.70e-11	1.16e-06	9.68e-04	3.12e-02	9.68e-01	9.12e-05	0.00e+00	5.01e-12	1.50e-11	2.51e-11	3.83e-07	7.75e-07	1.08e-33
 7.92553e+15	6.85e-11	1.36e-06	1.09e-03	3.31e-02	9.66e-01	8.53e-05	0.00e+00	6.03e-12	1.81e-11	3.02e-11	4.52e-07	9.13e-07	1.89e-33
 8.15173e+15	8.18e-11	1.60e-06	1.22e-03	3.53e-02	9.63e-01	7.96e-05	0.00e+00	7.21e-12	2.16e-11	3.61e-11	5.30e-07	1.07e-06	3.21e-33
 8.44519e+15	1.04e-10	1.99e-06	1.42e-03	3.84e-02	9.60e-01	7.28e-05	0.00e+00	9.22e-12	2.77e-11	4.62e-11	6.60e-07	1.33e-06	6.82e-33
 8.73736e+15	1.30e-10	2.39e-06	1.64e-03	4.14e-02	9.57e-01	6.71e-05	0.00e+00	1.14e-11	3.43e-11	5.73e-11	7.91e-07	1.60e-06	1.19e-32
 8.97643e+15	1.53e-10	2.81e-06	1.85e-03	4.41e-02	9.54e-01	6.27e-05	0.00e+00	1.35e-11	4.06e-11	6.78e-11	9.29e-07	1.88e-06	2.00e-32
 9.23517e+15	1.86e-10	3.33e-06	2.09e-03	4.71e-02	9.51e-01	5.84e-05	0.00e+00	1.64e-11	4.93e-11	8.23e-11	1.10e-06	2.23e-06	3.50e-32
 9.52750e+15	2.31e-10	4.02e-06	2.40e-03	5.06e-02	9.47e-01	5.40e-05	0.00e+00	2.04e-11	6.13e-11	1.02e-10	1.33e-06	2.69e-06	6.34e-32
 9.80834e+15	2.81e-10	4.81e-06	2.72e-03	5.42e-02	9.43e-01	5.02e-05	0.00e+00	2.49e-11	7.48e-11	1.25e-10	1.59e-06	3.22e-06	1.11e-31
 1.00699e+16	3.39e-10	5.75e-06	3.07e-03	5.77e-02	9.39e-01	4.69e-05	0.00e+00	3.01e-11	9.02e-11	1.51e-10	1.91e-06	3.84e-06	1.95e-31
 1.03615e+16	4.17e-10	6.79e-06	3.49e-03	6.18e-02	9.35e-01	4.37e-05	0.00e+00	3.70e-11	1.11e-10	1.85e-10	2.25e-06	4.54e-06	3.24e-31
 1.06538e+16	5.05e-10	8.07e-06	3.96e-03	6.60e-02	9.30e-01	4.07e-05	0.00e+00	4.49e-11	1.35e-10	2.25e-10	2.68e-06	5.39e-06	5.41e-31
 1.08909e+16	5.90e-10	9.30e-06	4.38e-03	6.97e-02	9.26e-01	3.85e-05	0.00e+00	5.25e-11	1.57e-10	2.63e-10	3.08e-06	6.22e-06	8.30e-31
 1.11431e+16	7.04e-10	1.09e-05	4.88e-03	7.38e-02	9.21e-01	3.62e-05	0.00e+00	6.27e-11	1.88e-10	3.14e-10	3.63e-06	7.31e-06	1.36e-30
 1.14119e+16	8.41e-10	1.26e-05	5.46e-03	7.81e-02	9.16e-01	3.41e-05	0.00e+00	7.49e-11	2.25e-10	3.75e-10	4.18e-06	8.43e-06	2.04e-30
 1.17021e+16	1.02e-09	1.52e-05	6.18e-03	8.34e-02	9.10e-01	3.19e-05	0.00e+00	9.13e-11	2.74e-10	4.57e-10	5.04e-06	1.02e-05	3.67e-30
 1.19950e+16	1.22e-09	1.77e-05	6.95e-03	8.87e-02	9.04e-01	3.00e-05	0.00e+00	1.09e-10	3.28e-10	5.47e-10	5.88e-06	1.18e-05	5.55e-30
 1.22510e+16	1.45e-09	2.02e-05	7.70e-03	9.35e-02	8.99e-01	2.84e-05	0.00e+00	1.29e-10	3.88e-10	6.47e-10	6.71e-06	1.35e-05	8.01e-30
 1.25433e+16	1.74e-09	2.37e-05	8.68e-03	9.95e-02	8.92e-01	2.67e-05	0.00e+00	1.55e-10	4.66e-10	7.78e-10	7.87e-06	1.58e-05	1.25e-29
 1.28642e+16	2.16e-09	2.90e-05	9.91e-03	1.07e-01	8.83e-01	2.49e-05	0.00e+00	1.93e-10	5.80e-10	9.68e-10	9.63e-06	1.94e-05	2.31e-29
 1.31489e+16	2.56e-09	3.37e-05	1.11e-02	1.13e-01	8.76e-01	2.36e-05	0.00e+00	2.29e-10	6.88e-10	1.15e-09	1.12e-05	2.25e-05	3.46e-29
 1.34459e+16	3.12e-09	3.96e-05	1.25e-02	1.20e-01	8.67e-01	2.22e-05	0.00e+00	2.80e-10	8.40e-10	1.40e-09	1.31e-05	2.64e-05	5.34e-29
