#depth	N	N+	N+2	N+3	N+4	N+5	N+6	N+7
 1.49634e+10	0.00e+00	0.00e+00	5.07e-28	2.45e-18	9.96e-10	1.00e+00	3.66e-04	1.78e-11
 4.54887e+10	0.00e+00	2.80e-38	6.42e-28	2.87e-18	1.08e-09	1.00e+00	3.39e-04	0.00e+00
 7.72350e+10	0.00e+00	0.00e+00	8.14e-28	3.36e-18	1.17e-09	1.00e+00	3.11e-04	0.00e+00
 1.10251e+11	0.00e+00	5.26e-38	1.03e-27	3.94e-18	1.26e-09	1.00e+00	2.87e-04	0.00e+00
 1.44588e+11	0.00e+00	0.00e+00	1.31e-27	4.62e-18	1.37e-09	1.00e+00	2.65e-04	0.00e+00
 1.80298e+11	0.00e+00	9.91e-38	1.66e-27	5.41e-18	1.48e-09	1.00e+00	2.44e-04	0.00e+00
 2.17437e+11	0.00e+00	0.00e+00	2.11e-27	6.34e-18	1.60e-09	1.00e+00	2.25e-04	0.00e+00
 2.56061e+11	0.00e+00	1.87e-37	2.67e-27	7.43e-18	1.74e-09	1.00e+00	2.07e-04	0.00e+00
 2.96231e+11	0.00e+00	0.00e+00	3.39e-27	8.72e-18	1.88e-09	1.00e+00	1.91e-04	0.00e+00
 3.38007e+11	0.00e+00	3.52e-37	4.31e-27	1.02e-17	2.04e-09	1.00e+00	1.76e-04	0.00e+00
 3.81454e+11	0.00e+00	0.00e+00	5.47e-27	1.20e-17	2.21e-09	1.00e+00	1.62e-04	0.00e+00
 4.26639e+11	0.00e+00	6.66e-37	6.95e-27	1.41e-17	2.39e-09	1.00e+00	1.50e-04	0.00e+00
 4.73631e+11	0.00e+00	0.00e+00	8.83e-27	1.65e-17	2.59e-09	1.00e+00	1.38e-04	0.00e+00
 5.22503e+11	0.00e+00	1.26e-36	1.12e-26	1.94e-17	2.81e-09	1.00e+00	1.27e-04	0.00e+00
 5.73330e+11	2.18e-47	1.74e-36	1.43e-26	2.28e-17	3.04e-09	1.00e+00	1.17e-04	0.00e+00
 6.26190e+11	0.00e+00	0.00e+00	1.82e-26	2.68e-17	3.30e-09	1.00e+00	1.08e-04	0.00e+00
 6.81164e+11	0.00e+00	3.30e-36	2.31e-26	3.14e-17	3.58e-09	1.00e+00	9.91e-05	0.00e+00
 7.38337e+11	7.26e-47	4.55e-36	2.95e-26	3.70e-17	3.88e-09	1.00e+00	9.12e-05	0.00e+00
 7.97798e+11	0.00e+00	0.00e+00	3.75e-26	4.35e-17	4.21e-09	1.00e+00	8.39e-05	0.00e+00
 8.59636e+11	0.00e+00	8.66e-36	4.79e-26	5.12e-17	4.57e-09	1.00e+00	7.72e-05	0.00e+00
 9.23949e+11	2.43e-46	1.20e-35	6.11e-26	6.02e-17	4.96e-09	1.00e+00	7.10e-05	0.00e+00
 9.84268e+11	0.00e+00	0.00e+00	7.61e-26	6.98e-17	5.34e-09	1.00e+00	6.58e-05	0.00e+00
 1.03794e+12	0.00e+00	2.06e-35	9.21e-26	7.93e-17	5.69e-09	1.00e+00	6.17e-05	0.00e+00
 1.09805e+12	6.76e-46	2.72e-35	1.13e-25	9.11e-17	6.11e-09	1.00e+00	5.74e-05	0.00e+00
 1.16963e+12	0.00e+00	0.00e+00	1.44e-25	1.07e-16	6.62e-09	1.00e+00	5.29e-05	0.00e+00
 1.24128e+12	0.00e+00	5.06e-35	1.81e-25	1.25e-16	7.16e-09	1.00e+00	4.89e-05	0.00e+00
 1.30792e+12	2.07e-45	6.66e-35	2.23e-25	1.44e-16	7.68e-09	1.00e+00	4.55e-05	0.00e+00
 1.38228e+12	0.00e+00	0.00e+00	2.79e-25	1.67e-16	8.29e-09	1.00e+00	4.21e-05	0.00e+00
 1.46750e+12	0.00e+00	1.25e-34	3.58e-25	1.97e-16	9.02e-09	1.00e+00	3.87e-05	0.00e+00
 1.55142e+12	6.66e-45	1.70e-34	4.54e-25	2.31e-16	9.78e-09	1.00e+00	3.56e-05	0.00e+00
 1.63099e+12	0.00e+00	2.27e-34	5.63e-25	2.68e-16	1.05e-08	1.00e+00	3.31e-05	0.00e+00
 1.71845e+12	1.39e-44	3.08e-34	7.10e-25	3.13e-16	1.14e-08	1.00e+00	3.05e-05	0.00e+00
 1.81711e+12	0.00e+00	4.29e-34	9.12e-25	3.71e-16	1.24e-08	1.00e+00	2.80e-05	0.00e+00
 1.91512e+12	3.12e-44	5.89e-34	1.16e-24	4.36e-16	1.35e-08	1.00e+00	2.57e-05	0.00e+00
 2.01705e+12	0.00e+00	8.10e-34	1.48e-24	5.14e-16	1.46e-08	1.00e+00	2.37e-05	0.00e+00
 2.12766e+12	7.02e-44	1.13e-33	1.91e-24	6.10e-16	1.60e-08	1.00e+00	2.17e-05	0.00e+00
 2.23965e+12	0.00e+00	1.57e-33	2.44e-24	7.21e-16	1.74e-08	1.00e+00	1.99e-05	0.00e+00
 2.35612e+12	1.58e-43	2.17e-33	3.13e-24	8.53e-16	1.90e-08	1.00e+00	1.82e-05	0.00e+00
 2.48029e+12	0.00e+00	3.04e-33	4.04e-24	1.01e-15	2.07e-08	1.00e+00	1.67e-05	0.00e+00
 2.60943e+12	3.63e-43	4.25e-33	5.22e-24	1.21e-15	2.26e-08	1.00e+00	1.53e-05	0.00e+00
 2.74374e+12	0.00e+00	5.94e-33	6.74e-24	1.44e-15	2.47e-08	1.00e+00	1.40e-05	0.00e+00
 2.88341e+12	8.35e-43	8.31e-33	8.71e-24	1.71e-15	2.71e-08	1.00e+00	1.28e-05	0.00e+00
 3.02868e+12	0.00e+00	1.16e-32	1.13e-23	2.04e-15	2.96e-08	1.00e+00	1.17e-05	0.00e+00
 3.17975e+12	1.92e-42	1.63e-32	1.46e-23	2.43e-15	3.24e-08	1.00e+00	1.06e-05	0.00e+00
 3.32505e+12	0.00e+00	2.22e-32	1.85e-23	2.86e-15	3.52e-08	1.00e+00	9.79e-06	0.00e+00
 3.45984e+12	3.98e-42	2.93e-32	2.29e-23	3.31e-15	3.80e-08	1.00e+00	9.08e-06	0.00e+00
 3.61184e+12	0.00e+00	3.97e-32	2.89e-23	3.89e-15	4.13e-08	1.00e+00	8.36e-06	0.00e+00
 3.78624e+12	8.76e-42	5.56e-32	3.74e-23	4.64e-15	4.52e-08	1.00e+00	7.63e-06	0.00e+00
 3.95460e+12	0.00e+00	7.58e-32	4.76e-23	5.47e-15	4.93e-08	1.00e+00	7.00e-06	0.00e+00
 4.11225e+12	1.82e-41	1.00e-31	5.91e-23	6.36e-15	5.32e-08	1.00e+00	6.48e-06	0.00e+00
 4.28922e+12	0.00e+00	1.36e-31	7.47e-23	7.48e-15	5.79e-08	1.00e+00	5.96e-06	0.00e+00
 4.49072e+12	3.99e-41	1.90e-31	9.66e-23	8.94e-15	6.35e-08	1.00e+00	5.43e-06	0.00e+00
 4.69086e+12	0.00e+00	2.61e-31	1.24e-22	1.06e-14	6.95e-08	1.00e+00	4.97e-06	0.00e+00
 4.89900e+12	8.70e-41	3.59e-31	1.58e-22	1.26e-14	7.59e-08	1.00e+00	4.54e-06	0.00e+00
 5.12489e+12	0.00e+00	4.99e-31	2.04e-22	1.51e-14	8.34e-08	1.00e+00	4.14e-06	0.00e+00
 5.35368e+12	1.93e-40	6.88e-31	2.62e-22	1.79e-14	9.14e-08	1.00e+00	3.78e-06	0.00e+00
 5.59163e+12	0.00e+00	9.48e-31	3.37e-22	2.14e-14	1.00e-07	1.00e+00	3.45e-06	0.00e+00
 5.81912e+12	4.09e-40	1.27e-30	4.24e-22	2.51e-14	1.09e-07	1.00e+00	3.17e-06	0.00e+00
 6.01698e+12	0.00e+00	1.63e-30	5.14e-22	2.87e-14	1.17e-07	1.00e+00	2.95e-06	0.00e+00
 6.23474e+12	7.61e-40	2.11e-30	6.31e-22	3.32e-14	1.27e-07	1.00e+00	2.73e-06	0.00e+00
 6.49994e+12	0.00e+00	2.88e-30	8.04e-22	3.94e-14	1.39e-07	1.00e+00	2.49e-06	0.00e+00
 6.76863e+12	1.59e-39	3.88e-30	1.02e-21	4.66e-14	1.52e-07	1.00e+00	2.28e-06	0.00e+00
 7.01243e+12	0.00e+00	5.03e-30	1.25e-21	5.39e-14	1.64e-07	1.00e+00	2.11e-06	0.00e+00
 7.28205e+12	3.05e-39	6.63e-30	1.55e-21	6.31e-14	1.78e-07	1.00e+00	1.94e-06	0.00e+00
 7.59810e+12	0.00e+00	9.06e-30	1.99e-21	7.53e-14	1.96e-07	1.00e+00	1.77e-06	0.00e+00
 7.90988e+12	6.32e-39	1.21e-29	2.51e-21	8.91e-14	2.15e-07	1.00e+00	1.62e-06	0.00e+00
 8.20223e+12	0.00e+00	1.58e-29	3.10e-21	1.04e-13	2.33e-07	1.00e+00	1.49e-06	0.00e+00
 8.52835e+12	1.22e-38	2.10e-29	3.89e-21	1.22e-13	2.55e-07	1.00e+00	1.36e-06	0.00e+00
 8.89942e+12	0.00e+00	2.85e-29	4.97e-21	1.46e-13	2.81e-07	1.00e+00	1.24e-06	0.00e+00
 9.26878e+12	2.51e-38	3.82e-29	6.29e-21	1.73e-13	3.08e-07	1.00e+00	1.13e-06	0.00e+00
 9.65293e+12	0.00e+00	5.11e-29	7.94e-21	2.06e-13	3.39e-07	1.00e+00	1.03e-06	0.00e+00
 1.00690e+13	5.07e-38	6.89e-29	1.01e-20	2.46e-13	3.74e-07	1.00e+00	9.32e-07	0.00e+00
 1.05017e+13	0.00e+00	9.27e-29	1.29e-20	2.94e-13	4.12e-07	1.00e+00	0.00e+00	0.00e+00
 1.09516e+13	1.02e-37	1.24e-28	1.63e-20	3.51e-13	4.55e-07	1.00e+00	0.00e+00	0.00e+00
 1.14196e+13	0.00e+00	1.66e-28	2.07e-20	4.18e-13	5.01e-07	1.00e+00	0.00e+00	0.00e+00
 1.19064e+13	2.04e-37	2.22e-28	2.62e-20	4.98e-13	5.53e-07	1.00e+00	0.00e+00	0.00e+00
 1.24125e+13	0.00e+00	2.96e-28	3.31e-20	5.93e-13	6.10e-07	1.00e+00	0.00e+00	0.00e+00
 1.29198e+13	3.97e-37	3.89e-28	4.15e-20	7.01e-13	6.70e-07	1.00e+00	0.00e+00	0.00e+00
 1.34474e+13	0.00e+00	5.12e-28	5.19e-20	8.29e-13	7.35e-07	1.00e+00	0.00e+00	0.00e+00
 1.39784e+13	7.49e-37	6.65e-28	6.44e-20	9.73e-13	8.05e-07	1.00e+00	0.00e+00	0.00e+00
 1.44719e+13	0.00e+00	8.42e-28	7.81e-20	1.12e-12	8.73e-07	1.00e+00	0.00e+00	0.00e+00
 1.50220e+13	1.33e-36	1.08e-27	9.61e-20	1.31e-12	9.52e-07	1.00e+00	0.00e+00	0.00e+00
 1.56006e+13	0.00e+00	1.40e-27	1.19e-19	1.53e-12	1.04e-06	1.00e+00	0.00e+00	0.00e+00
 1.61043e+13	2.32e-36	1.73e-27	1.41e-19	1.74e-12	1.12e-06	1.00e+00	0.00e+00	0.00e+00
 1.66430e+13	0.00e+00	2.17e-27	1.70e-19	2.00e-12	1.21e-06	1.00e+00	0.00e+00	0.00e+00
 1.73015e+13	4.13e-36	2.82e-27	2.10e-19	2.34e-12	1.32e-06	1.00e+00	0.00e+00	0.00e+00
 1.79704e+13	0.00e+00	3.64e-27	2.59e-19	2.73e-12	1.44e-06	1.00e+00	0.00e+00	0.00e+00
 1.85782e+13	7.33e-36	4.56e-27	3.12e-19	3.12e-12	1.55e-06	1.00e+00	0.00e+00	0.00e+00
 1.92520e+13	0.00e+00	5.82e-27	3.80e-19	3.60e-12	1.68e-06	1.00e+00	0.00e+00	0.00e+00
 1.99600e+13	1.31e-35	7.45e-27	4.65e-19	4.17e-12	1.83e-06	1.00e+00	0.00e+00	0.00e+00
 2.05647e+13	0.00e+00	9.15e-27	5.49e-19	4.70e-12	1.95e-06	1.00e+00	0.00e+00	0.00e+00
 2.12028e+13	2.16e-35	1.13e-26	6.51e-19	5.31e-12	2.09e-06	1.00e+00	0.00e+00	0.00e+00
 2.20098e+13	0.00e+00	1.46e-26	8.02e-19	6.17e-12	2.27e-06	1.00e+00	0.00e+00	0.00e+00
 2.28332e+13	4.00e-35	1.89e-26	9.85e-19	7.15e-12	2.46e-06	1.00e+00	0.00e+00	0.00e+00
 2.35395e+13	0.00e+00	2.34e-26	1.17e-18	8.07e-12	2.63e-06	1.00e+00	0.00e+00	0.00e+00
 2.42964e+13	6.77e-35	2.93e-26	1.40e-18	9.16e-12	2.82e-06	1.00e+00	0.00e+00	0.00e+00
 2.52337e+13	0.00e+00	3.82e-26	1.73e-18	1.06e-11	3.06e-06	1.00e+00	0.00e+00	0.00e+00
 2.61892e+13	1.29e-34	4.99e-26	2.13e-18	1.23e-11	3.32e-06	1.00e+00	0.00e+00	0.00e+00
 2.70494e+13	0.00e+00	6.29e-26	2.56e-18	1.40e-11	3.55e-06	1.00e+00	0.00e+00	0.00e+00
 2.80022e+13	2.31e-34	8.07e-26	3.12e-18	1.61e-11	3.83e-06	1.00e+00	0.00e+00	0.00e+00
 2.91265e+13	3.27e-34	1.08e-25	3.91e-18	1.88e-11	4.16e-06	1.00e+00	0.00e+00	0.00e+00
 3.02498e+13	4.57e-34	1.42e-25	4.85e-18	2.18e-11	4.51e-06	1.00e+00	0.00e+00	0.00e+00
 3.13117e+13	6.24e-34	1.83e-25	5.91e-18	2.50e-11	4.84e-06	1.00e+00	0.00e+00	0.00e+00
 3.24878e+13	8.70e-34	2.40e-25	7.31e-18	2.90e-11	5.23e-06	1.00e+00	0.00e+00	0.00e+00
 3.38173e+13	1.26e-33	3.24e-25	9.21e-18	3.39e-11	5.68e-06	1.00e+00	0.00e+00	0.00e+00
 3.51681e+13	1.80e-33	4.34e-25	1.16e-17	3.96e-11	6.16e-06	1.00e+00	0.00e+00	0.00e+00
 3.65729e+13	2.58e-33	5.82e-25	1.45e-17	4.63e-11	6.68e-06	1.00e+00	0.00e+00	0.00e+00
 3.80657e+13	3.75e-33	7.88e-25	1.83e-17	5.42e-11	7.25e-06	1.00e+00	0.00e+00	0.00e+00
 3.96183e+13	5.46e-33	1.07e-24	2.31e-17	6.34e-11	7.87e-06	1.00e+00	0.00e+00	0.00e+00
 4.11686e+13	7.84e-33	1.43e-24	2.89e-17	7.38e-11	8.50e-06	1.00e+00	0.00e+00	0.00e+00
 4.27810e+13	1.13e-32	1.92e-24	3.61e-17	8.59e-11	9.19e-06	1.00e+00	0.00e+00	0.00e+00
 4.45222e+13	1.65e-32	2.61e-24	4.56e-17	1.01e-10	9.96e-06	1.00e+00	0.00e+00	0.00e+00
 4.63330e+13	2.42e-32	3.55e-24	5.76e-17	1.18e-10	1.08e-05	1.00e+00	0.00e+00	0.00e+00
 4.82163e+13	3.54e-32	4.83e-24	7.28e-17	1.38e-10	1.17e-05	1.00e+00	0.00e+00	0.00e+00
 4.99657e+13	4.98e-32	6.36e-24	8.98e-17	1.59e-10	1.26e-05	1.00e+00	0.00e+00	0.00e+00
 5.15063e+13	6.67e-32	8.05e-24	1.07e-16	1.79e-10	1.34e-05	1.00e+00	0.00e+00	0.00e+00
 5.32338e+13	9.19e-32	1.04e-23	1.30e-16	2.04e-10	1.43e-05	1.00e+00	0.00e+00	0.00e+00
 5.53094e+13	1.32e-31	1.40e-23	1.63e-16	2.37e-10	1.54e-05	1.00e+00	0.00e+00	0.00e+00
 5.74365e+13	1.92e-31	1.88e-23	2.04e-16	2.75e-10	1.66e-05	1.00e+00	0.00e+00	0.00e+00
 5.94705e+13	2.67e-31	2.45e-23	2.50e-16	3.16e-10	1.78e-05	1.00e+00	0.00e+00	0.00e+00
 6.17010e+13	3.82e-31	3.27e-23	3.11e-16	3.65e-10	1.92e-05	1.00e+00	0.00e+00	0.00e+00
 6.41990e+13	5.59e-31	4.45e-23	3.93e-16	4.27e-10	2.08e-05	1.00e+00	0.00e+00	0.00e+00
 6.67226e+13	8.17e-31	6.03e-23	4.93e-16	4.98e-10	2.24e-05	1.00e+00	0.00e+00	0.00e+00
 6.93470e+13	1.18e-30	8.10e-23	6.19e-16	5.80e-10	2.43e-05	1.00e+00	0.00e+00	0.00e+00
 7.21508e+13	1.73e-30	1.11e-22	7.82e-16	6.79e-10	2.63e-05	1.00e+00	0.00e+00	0.00e+00
 7.50668e+13	2.54e-30	1.51e-22	9.89e-16	7.94e-10	2.84e-05	1.00e+00	0.00e+00	0.00e+00
 7.80994e+13	3.71e-30	2.04e-22	1.25e-15	9.30e-10	3.08e-05	1.00e+00	0.00e+00	0.00e+00
 8.09312e+13	5.25e-30	2.70e-22	1.54e-15	1.07e-09	3.31e-05	1.00e+00	0.00e+00	0.00e+00
 8.34307e+13	7.00e-30	3.41e-22	1.84e-15	1.21e-09	3.52e-05	1.00e+00	0.00e+00	0.00e+00
 8.62224e+13	9.68e-30	4.42e-22	2.24e-15	1.38e-09	3.76e-05	1.00e+00	0.00e+00	0.00e+00
 8.95713e+13	1.39e-29	5.92e-22	2.80e-15	1.60e-09	4.07e-05	1.00e+00	0.00e+00	0.00e+00
 9.29263e+13	1.99e-29	7.90e-22	3.49e-15	1.85e-09	4.38e-05	1.00e+00	0.00e+00	0.00e+00
 9.60021e+13	2.70e-29	1.01e-21	4.23e-15	2.11e-09	4.68e-05	1.00e+00	0.00e+00	0.00e+00
 9.94331e+13	3.79e-29	1.33e-21	5.20e-15	2.43e-09	5.02e-05	1.00e+00	0.00e+00	0.00e+00
 1.03415e+14	5.53e-29	1.81e-21	6.56e-15	2.84e-09	5.44e-05	1.00e+00	0.00e+00	0.00e+00
 1.07302e+14	7.93e-29	2.41e-21	8.17e-15	3.29e-09	5.86e-05	1.00e+00	0.00e+00	0.00e+00
 1.10961e+14	1.09e-28	3.12e-21	9.96e-15	3.76e-09	6.27e-05	1.00e+00	0.00e+00	0.00e+00
 1.15045e+14	1.55e-28	4.15e-21	1.23e-14	4.34e-09	6.75e-05	1.00e+00	0.00e+00	0.00e+00
 1.19677e+14	2.25e-28	5.61e-21	1.56e-14	5.08e-09	7.31e-05	1.00e+00	0.00e+00	0.00e+00
 1.24285e+14	3.25e-28	7.54e-21	1.95e-14	5.90e-09	7.89e-05	1.00e+00	0.00e+00	0.00e+00
 1.29077e+14	4.71e-28	1.01e-20	2.44e-14	6.86e-09	8.51e-05	1.00e+00	0.00e+00	0.00e+00
 1.34270e+14	6.88e-28	1.38e-20	3.09e-14	8.02e-09	9.22e-05	1.00e+00	0.00e+00	0.00e+00
 1.39671e+14	1.00e-27	1.87e-20	3.90e-14	9.39e-09	9.98e-05	1.00e+00	0.00e+00	0.00e+00
 1.45287e+14	1.48e-27	2.56e-20	4.94e-14	1.10e-08	1.08e-04	1.00e+00	0.00e+00	0.00e+00
 1.50923e+14	2.12e-27	3.42e-20	6.19e-14	1.28e-08	1.17e-04	1.00e+00	0.00e+00	0.00e+00
 1.56784e+14	3.07e-27	4.61e-20	7.76e-14	1.49e-08	1.26e-04	1.00e+00	0.00e+00	0.00e+00
 1.62763e+14	4.45e-27	6.20e-20	9.70e-14	1.73e-08	1.36e-04	1.00e+00	0.00e+00	0.00e+00
 1.68447e+14	6.19e-27	8.10e-20	1.19e-13	1.98e-08	1.45e-04	1.00e+00	0.00e+00	0.00e+00
 1.74682e+14	8.82e-27	1.08e-19	1.48e-13	2.29e-08	1.56e-04	1.00e+00	0.00e+00	0.00e+00
 1.81699e+14	1.29e-26	1.47e-19	1.87e-13	2.67e-08	1.69e-04	1.00e+00	0.00e+00	0.00e+00
 1.88682e+14	1.86e-26	1.97e-19	2.34e-13	3.11e-08	1.82e-04	1.00e+00	0.00e+00	0.00e+00
 1.94923e+14	2.55e-26	2.54e-19	2.84e-13	3.54e-08	1.95e-04	1.00e+00	0.00e+00	0.00e+00
 2.00593e+14	3.34e-26	3.16e-19	3.37e-13	3.97e-08	2.06e-04	1.00e+00	0.00e+00	0.00e+00
 2.07111e+14	4.60e-26	4.08e-19	4.08e-13	4.50e-08	2.20e-04	1.00e+00	0.00e+00	0.00e+00
 2.15026e+14	6.53e-26	5.42e-19	5.10e-13	5.23e-08	2.37e-04	1.00e+00	0.00e+00	0.00e+00
 2.23067e+14	9.41e-26	7.26e-19	6.36e-13	6.05e-08	2.55e-04	1.00e+00	0.00e+00	0.00e+00
 2.30491e+14	1.27e-25	9.29e-19	7.72e-13	6.89e-08	2.72e-04	1.00e+00	0.00e+00	0.00e+00
 2.38800e+14	1.79e-25	1.22e-18	9.54e-13	7.94e-08	2.92e-04	1.00e+00	0.00e+00	0.00e+00
 2.47823e+14	2.54e-25	1.63e-18	1.19e-12	9.20e-08	3.15e-04	1.00e+00	0.00e+00	0.00e+00
 2.55932e+14	3.50e-25	2.10e-18	1.44e-12	1.05e-07	3.36e-04	1.00e+00	0.00e+00	0.00e+00
 2.64636e+14	4.73e-25	2.69e-18	1.76e-12	1.20e-07	3.59e-04	1.00e+00	0.00e+00	0.00e+00
 2.74440e+14	6.78e-25	3.59e-18	2.18e-12	1.38e-07	3.86e-04	1.00e+00	0.00e+00	0.00e+00
 2.83815e+14	9.14e-25	4.60e-18	2.66e-12	1.58e-07	4.14e-04	1.00e+00	0.00e+00	0.00e+00
 2.94086e+14	1.27e-24	6.02e-18	3.29e-12	1.82e-07	4.45e-04	1.00e+00	0.00e+00	0.00e+00
 3.05371e+14	1.81e-24	8.02e-18	4.12e-12	2.11e-07	4.80e-04	1.00e+00	0.00e+00	0.00e+00
 3.15842e+14	2.51e-24	1.04e-17	5.03e-12	2.42e-07	5.14e-04	9.99e-01	0.00e+00	0.00e+00
 3.27240e+14	3.40e-24	1.35e-17	6.20e-12	2.79e-07	5.52e-04	9.99e-01	0.00e+00	0.00e+00
 3.39991e+14	4.81e-24	1.79e-17	7.77e-12	3.25e-07	5.98e-04	9.99e-01	0.00e+00	0.00e+00
 3.52106e+14	6.74e-24	2.35e-17	9.57e-12	3.73e-07	6.42e-04	9.99e-01	0.00e+00	0.00e+00
 3.65074e+14	9.10e-24	3.03e-17	1.18e-11	4.31e-07	6.92e-04	9.99e-01	0.00e+00	0.00e+00
 3.79415e+14	1.32e-23	4.08e-17	1.49e-11	5.03e-07	7.49e-04	9.99e-01	0.00e+00	0.00e+00
 3.93435e+14	1.76e-23	5.23e-17	1.84e-11	5.82e-07	8.09e-04	9.99e-01	0.00e+00	0.00e+00
 4.08309e+14	2.46e-23	6.89e-17	2.29e-11	6.74e-07	8.73e-04	9.99e-01	0.00e+00	0.00e+00
 4.24671e+14	3.46e-23	9.16e-17	2.89e-11	7.89e-07	9.48e-04	9.99e-01	0.00e+00	0.00e+00
 4.41201e+14	4.90e-23	1.22e-16	3.62e-11	9.19e-07	1.03e-03	9.99e-01	0.00e+00	0.00e+00
 4.58393e+14	6.59e-23	1.58e-16	4.53e-11	1.07e-06	1.11e-03	9.99e-01	0.00e+00	0.00e+00
 4.76758e+14	9.31e-23	2.10e-16	5.71e-11	1.25e-06	1.21e-03	9.99e-01	0.00e+00	0.00e+00
 4.95858e+14	1.28e-22	2.76e-16	7.18e-11	1.47e-06	1.32e-03	9.99e-01	0.00e+00	0.00e+00
 5.14048e+14	1.75e-22	3.58e-16	8.88e-11	1.69e-06	1.42e-03	9.99e-01	0.00e+00	0.00e+00
 5.30720e+14	2.31e-22	4.51e-16	1.07e-10	1.92e-06	1.52e-03	9.98e-01	0.00e+00	0.00e+00
 5.46515e+14	2.92e-22	5.52e-16	1.27e-10	2.16e-06	1.62e-03	9.98e-01	0.00e+00	0.00e+00
 5.63936e+14	3.70e-22	6.79e-16	1.53e-10	2.45e-06	1.74e-03	9.98e-01	0.00e+00	0.00e+00
 5.83274e+14	4.98e-22	8.70e-16	1.86e-10	2.81e-06	1.87e-03	9.98e-01	0.00e+00	0.00e+00
 6.01440e+14	6.22e-22	1.06e-15	2.23e-10	3.17e-06	2.00e-03	9.98e-01	0.00e+00	0.00e+00
 6.21396e+14	8.29e-22	1.35e-15	2.70e-10	3.62e-06	2.14e-03	9.98e-01	0.00e+00	0.00e+00
 6.43754e+14	1.07e-21	1.69e-15	3.32e-10	4.17e-06	2.31e-03	9.98e-01	0.00e+00	0.00e+00
 6.64894e+14	1.42e-21	2.14e-15	4.02e-10	4.74e-06	2.48e-03	9.98e-01	0.00e+00	0.00e+00
 6.84931e+14	1.75e-21	2.59e-15	4.78e-10	5.34e-06	2.65e-03	9.97e-01	0.00e+00	0.00e+00
 7.07877e+14	2.32e-21	3.29e-15	5.81e-10	6.09e-06	2.85e-03	9.97e-01	0.00e+00	0.00e+00
 7.33524e+14	3.00e-21	4.14e-15	7.16e-10	7.02e-06	3.08e-03	9.97e-01	0.00e+00	0.00e+00
 7.57559e+14	3.91e-21	5.19e-15	8.66e-10	7.98e-06	3.30e-03	9.97e-01	0.00e+00	0.00e+00
 7.83683e+14	5.15e-21	6.57e-15	1.06e-09	9.14e-06	3.56e-03	9.96e-01	0.00e+00	0.00e+00
 8.12647e+14	6.69e-21	8.32e-15	1.31e-09	1.06e-05	3.86e-03	9.96e-01	0.00e+00	0.00e+00
 8.39491e+14	8.66e-21	1.04e-14	1.59e-09	1.20e-05	4.14e-03	9.96e-01	0.00e+00	0.00e+00
 8.68576e+14	1.15e-20	1.33e-14	1.94e-09	1.38e-05	4.46e-03	9.96e-01	0.00e+00	0.00e+00
 9.01111e+14	1.50e-20	1.68e-14	2.41e-09	1.60e-05	4.85e-03	9.95e-01	0.00e+00	0.00e+00
 9.31629e+14	1.96e-20	2.12e-14	2.94e-09	1.82e-05	5.21e-03	9.95e-01	0.00e+00	0.00e+00
 9.64800e+14	2.62e-20	2.72e-14	3.62e-09	2.10e-05	5.63e-03	9.94e-01	0.00e+00	0.00e+00
 1.00189e+15	3.47e-20	3.50e-14	4.53e-09	2.44e-05	6.12e-03	9.94e-01	0.00e+00	0.00e+00
 1.03672e+15	4.61e-20	4.46e-14	5.56e-09	2.79e-05	6.60e-03	9.93e-01	0.00e+00	0.00e+00
 1.07428e+15	6.04e-20	5.67e-14	6.87e-09	3.22e-05	7.14e-03	9.93e-01	0.00e+00	0.00e+00
 1.11622e+15	8.23e-20	7.42e-14	8.64e-09	3.75e-05	7.77e-03	9.92e-01	0.00e+00	0.00e+00
 1.15643e+15	1.10e-19	9.54e-14	1.07e-08	4.32e-05	8.39e-03	9.92e-01	0.00e+00	0.00e+00
 1.19931e+15	1.47e-19	1.23e-13	1.33e-08	5.00e-05	9.10e-03	9.91e-01	0.00e+00	0.00e+00
 1.24732e+15	2.03e-19	1.62e-13	1.68e-08	5.84e-05	9.90e-03	9.90e-01	0.00e+00	0.00e+00
 1.29548e+15	2.77e-19	2.12e-13	2.11e-08	6.79e-05	1.08e-02	9.89e-01	0.00e+00	0.00e+00
 1.34557e+15	3.80e-19	2.79e-13	2.66e-08	7.90e-05	1.17e-02	9.88e-01	0.00e+00	0.00e+00
 1.39942e+15	5.23e-19	3.68e-13	3.37e-08	9.24e-05	1.27e-02	9.87e-01	0.00e+00	0.00e+00
 1.45543e+15	7.30e-19	4.89e-13	4.27e-08	1.08e-04	1.39e-02	9.86e-01	0.00e+00	0.00e+00
 1.50370e+15	9.56e-19	6.17e-13	5.20e-08	1.23e-04	1.49e-02	9.85e-01	0.00e+00	0.00e+00
 1.54064e+15	1.18e-18	7.38e-13	6.02e-08	1.36e-04	1.57e-02	9.84e-01	0.00e+00	0.00e+00
 1.58021e+15	1.47e-18	8.89e-13	7.02e-08	1.50e-04	1.66e-02	9.83e-01	0.00e+00	0.00e+00
 1.63166e+15	1.91e-18	1.12e-12	8.52e-08	1.70e-04	1.78e-02	9.82e-01	0.00e+00	0.00e+00
 1.68793e+15	2.59e-18	1.44e-12	1.05e-07	1.95e-04	1.91e-02	9.81e-01	0.00e+00	0.00e+00
 1.73907e+15	3.36e-18	1.80e-12	1.26e-07	2.20e-04	2.04e-02	9.79e-01	0.00e+00	0.00e+00
 1.79417e+15	4.42e-18	2.27e-12	1.52e-07	2.49e-04	2.18e-02	9.78e-01	0.00e+00	0.00e+00
 1.86184e+15	6.10e-18	2.98e-12	1.90e-07	2.89e-04	2.36e-02	9.76e-01	0.00e+00	0.00e+00
 1.92965e+15	8.42e-18	3.91e-12	2.37e-07	3.33e-04	2.55e-02	9.74e-01	0.00e+00	0.00e+00
 1.98927e+15	1.09e-17	4.86e-12	2.85e-07	3.76e-04	2.72e-02	9.72e-01	0.00e+00	0.00e+00
 2.05442e+15	1.45e-17	6.20e-12	3.47e-07	4.28e-04	2.91e-02	9.70e-01	0.00e+00	0.00e+00
 2.13308e+15	2.07e-17	8.32e-12	4.36e-07	4.97e-04	3.16e-02	9.68e-01	0.00e+00	0.00e+00
 2.21154e+15	2.87e-17	1.09e-11	5.44e-07	5.74e-04	3.41e-02	9.65e-01	0.00e+00	0.00e+00
 2.28197e+15	3.82e-17	1.39e-11	6.58e-07	6.50e-04	3.64e-02	9.63e-01	0.00e+00	0.00e+00
 2.35974e+15	5.09e-17	1.77e-11	8.07e-07	7.43e-04	3.91e-02	9.60e-01	0.00e+00	0.00e+00
 2.45179e+15	7.42e-17	2.41e-11	1.02e-06	8.66e-04	4.24e-02	9.57e-01	0.00e+00	0.00e+00
 2.54274e+15	1.04e-16	3.20e-11	1.27e-06	1.00e-03	4.57e-02	9.53e-01	0.00e+00	0.00e+00
 2.62666e+15	1.48e-16	4.10e-11	1.55e-06	1.14e-03	4.89e-02	9.50e-01	0.00e+00	0.00e+00
 2.72107e+15	2.07e-16	5.40e-11	1.93e-06	1.31e-03	5.26e-02	9.46e-01	0.00e+00	0.00e+00
 2.82993e+15	2.90e-16	7.17e-11	2.44e-06	1.53e-03	5.69e-02	9.42e-01	0.00e+00	0.00e+00
 2.93674e+15	4.27e-16	9.75e-11	3.06e-06	1.77e-03	6.14e-02	9.37e-01	0.00e+00	0.00e+00
 3.03912e+15	5.93e-16	1.27e-10	3.77e-06	2.03e-03	6.59e-02	9.32e-01	0.00e+00	0.00e+00
 3.15203e+15	8.35e-16	1.69e-10	4.70e-06	2.34e-03	7.08e-02	9.27e-01	0.00e+00	0.00e+00
 3.27814e+15	1.18e-15	2.25e-10	5.96e-06	2.73e-03	7.66e-02	9.21e-01	0.00e+00	0.00e+00
 3.40930e+15	1.78e-15	3.12e-10	7.57e-06	3.19e-03	8.29e-02	9.14e-01	0.00e+00	0.00e+00
 3.54570e+15	2.61e-15	4.24e-10	9.59e-06	3.72e-03	8.95e-02	9.07e-01	0.00e+00	0.00e+00
 3.68756e+15	3.78e-15	5.74e-10	1.21e-05	4.33e-03	9.66e-02	8.99e-01	0.00e+00	0.00e+00
 3.81087e+15	5.21e-15	7.43e-10	1.48e-05	4.92e-03	1.03e-01	8.92e-01	0.00e+00	0.00e+00
 3.90631e+15	6.65e-15	9.04e-10	1.72e-05	5.42e-03	1.08e-01	8.87e-01	0.00e+00	0.00e+00
 4.00856e+15	8.55e-15	1.11e-09	2.00e-05	5.99e-03	1.13e-01	8.80e-01	0.00e+00	0.00e+00
 4.14148e+15	1.13e-14	1.40e-09	2.43e-05	6.79e-03	1.21e-01	8.73e-01	0.00e+00	0.00e+00
 4.28636e+15	1.64e-14	1.87e-09	2.99e-05	7.76e-03	1.29e-01	8.63e-01	0.00e+00	0.00e+00
 4.41760e+15	2.18e-14	2.36e-09	3.58e-05	8.71e-03	1.36e-01	8.55e-01	0.00e+00	0.00e+00
 4.55902e+15	2.89e-14	2.97e-09	4.31e-05	9.82e-03	1.44e-01	8.46e-01	0.00e+00	0.00e+00
 4.73174e+15	4.29e-14	4.05e-09	5.39e-05	1.13e-02	1.55e-01	8.34e-01	0.00e+00	0.00e+00
 4.90251e+15	6.02e-14	5.32e-09	6.64e-05	1.30e-02	1.65e-01	8.22e-01	0.00e+00	0.00e+00
 5.05099e+15	7.84e-14	6.62e-09	7.92e-05	1.45e-02	1.73e-01	8.12e-01	0.00e+00	0.00e+00
 5.21317e+15	1.06e-13	8.47e-09	9.54e-05	1.63e-02	1.83e-01	8.00e-01	0.00e+00	0.00e+00
 5.41095e+15	1.59e-13	1.15e-08	1.19e-04	1.88e-02	1.96e-01	7.85e-01	0.00e+00	0.00e+00
 5.60772e+15	2.22e-13	1.52e-08	1.47e-04	2.15e-02	2.08e-01	7.70e-01	0.00e+00	0.00e+00
 5.78167e+15	2.91e-13	1.90e-08	1.75e-04	2.40e-02	2.19e-01	7.57e-01	0.00e+00	0.00e+00
 5.97326e+15	3.99e-13	2.44e-08	2.12e-04	2.71e-02	2.31e-01	7.42e-01	0.00e+00	0.00e+00
 6.20319e+15	5.98e-13	3.34e-08	2.65e-04	3.11e-02	2.46e-01	7.23e-01	0.00e+00	0.00e+00
 6.43020e+15	8.47e-13	4.41e-08	3.26e-04	3.55e-02	2.60e-01	7.05e-01	0.00e+00	0.00e+00
 6.63505e+15	1.15e-12	5.62e-08	3.91e-04	3.97e-02	2.72e-01	6.88e-01	0.00e+00	0.00e+00
 6.86386e+15	1.58e-12	7.27e-08	4.75e-04	4.48e-02	2.86e-01	6.68e-01	0.00e+00	0.00e+00
 7.12099e+15	2.27e-12	9.69e-08	5.88e-04	5.11e-02	3.02e-01	6.46e-01	0.00e+00	0.00e+00
 7.36911e+15	3.13e-12	1.26e-07	7.14e-04	5.76e-02	3.16e-01	6.25e-01	0.00e+00	0.00e+00
 7.60140e+15	4.10e-12	1.57e-07	8.51e-04	6.41e-02	3.29e-01	6.06e-01	0.00e+00	0.00e+00
 7.85895e+15	5.63e-12	2.02e-07	1.03e-03	7.19e-02	3.44e-01	5.83e-01	0.00e+00	0.00e+00
 8.14353e+15	8.26e-12	2.72e-07	1.26e-03	8.13e-02	3.60e-01	5.58e-01	0.00e+00	0.00e+00
 8.40437e+15	1.12e-11	3.46e-07	1.51e-03	9.03e-02	3.73e-01	5.35e-01	0.00e+00	0.00e+00
 8.68457e+15	1.52e-11	4.43e-07	1.82e-03	1.01e-01	3.86e-01	5.11e-01	0.00e+00	0.00e+00
 8.99895e+15	2.06e-11	5.69e-07	2.21e-03	1.13e-01	4.00e-01	4.85e-01	0.00e+00	0.00e+00
 9.27791e+15	2.89e-11	7.36e-07	2.64e-03	1.25e-01	4.12e-01	4.60e-01	0.00e+00	0.00e+00
 9.49889e+15	3.62e-11	8.80e-07	3.00e-03	1.35e-01	4.20e-01	4.42e-01	0.00e+00	0.00e+00
 9.72433e+15	4.56e-11	1.06e-06	3.43e-03	1.45e-01	4.28e-01	4.23e-01	0.00e+00	0.00e+00
 1.00174e+16	6.03e-11	1.32e-06	4.05e-03	1.60e-01	4.37e-01	3.99e-01	0.00e+00	0.00e+00
 1.03360e+16	8.26e-11	1.69e-06	4.83e-03	1.76e-01	4.46e-01	3.73e-01	0.00e+00	0.00e+00
 1.06195e+16	1.06e-10	2.06e-06	5.60e-03	1.91e-01	4.52e-01	3.51e-01	0.00e+00	0.00e+00
 1.08783e+16	1.31e-10	2.45e-06	6.40e-03	2.05e-01	4.57e-01	3.32e-01	0.00e+00	0.00e+00
 1.11735e+16	1.69e-10	3.01e-06	7.44e-03	2.22e-01	4.61e-01	3.10e-01	0.00e+00	0.00e+00
 1.15009e+16	2.36e-10	3.87e-06	8.78e-03	2.41e-01	4.64e-01	2.85e-01	0.00e+00	0.00e+00
 1.18015e+16	3.05e-10	4.74e-06	1.01e-02	2.60e-01	4.65e-01	2.65e-01	0.00e+00	0.00e+00
 1.20816e+16	3.87e-10	5.71e-06	1.16e-02	2.77e-01	4.65e-01	2.46e-01	0.00e+00	0.00e+00
 1.24037e+16	5.03e-10	7.02e-06	1.35e-02	2.99e-01	4.63e-01	2.25e-01	0.00e+00	0.00e+00
 1.27449e+16	6.74e-10	8.81e-06	1.57e-02	3.21e-01	4.59e-01	2.04e-01	0.00e+00	0.00e+00
 1.30352e+16	8.52e-10	1.06e-05	1.79e-02	3.41e-01	4.54e-01	1.87e-01	0.00e+00	0.00e+00
 1.32967e+16	1.04e-09	1.24e-05	2.01e-02	3.59e-01	4.49e-01	1.73e-01	0.00e+00	0.00e+00
 1.35963e+16	1.28e-09	1.47e-05	2.29e-02	3.80e-01	4.41e-01	1.57e-01	0.00e+00	0.00e+00
 1.39254e+16	1.77e-09	1.87e-05	2.65e-02	4.04e-01	4.30e-01	1.40e-01	0.00e+00	0.00e+00
 1.42158e+16	2.20e-09	2.21e-05	2.99e-02	4.24e-01	4.20e-01	1.26e-01	0.00e+00	0.00e+00
 1.44736e+16	2.63e-09	2.56e-05	3.34e-02	4.42e-01	4.10e-01	1.15e-01	0.00e+00	0.00e+00
 1.47660e+16	3.55e-09	3.18e-05	3.81e-02	4.64e-01	3.96e-01	1.02e-01	0.00e+00	0.00e+00
 1.50740e+16	4.29e-09	3.73e-05	4.32e-02	4.86e-01	3.81e-01	8.99e-02	0.00e+00	0.00e+00
 1.53419e+16	5.67e-09	4.57e-05	4.87e-02	5.05e-01	3.67e-01	7.97e-02	0.00e+00	0.00e+00
 1.55490e+16	6.84e-09	5.26e-05	5.32e-02	5.19e-01	3.55e-01	7.25e-02	0.00e+00	0.00e+00
 1.57097e+16	7.89e-09	5.87e-05	5.71e-02	5.31e-01	3.45e-01	6.70e-02	0.00e+00	0.00e+00
 1.58906e+16	9.34e-09	6.66e-05	6.19e-02	5.44e-01	3.33e-01	6.11e-02	0.00e+00	0.00e+00
 1.61258e+16	1.09e-08	7.55e-05	6.85e-02	5.60e-01	3.18e-01	5.41e-02	0.00e+00	0.00e+00
 1.63909e+16	1.46e-08	9.38e-05	7.73e-02	5.77e-01	2.99e-01	4.65e-02	0.00e+00	0.00e+00
 1.66269e+16	1.75e-08	1.08e-04	8.57e-02	5.92e-01	2.82e-01	4.05e-02	0.00e+00	0.00e+00
 1.68243e+16	2.13e-08	1.25e-04	9.39e-02	6.04e-01	2.67e-01	3.56e-02	0.00e+00	0.00e+00
 1.70110e+16	2.73e-08	1.49e-04	1.03e-01	6.15e-01	2.51e-01	3.11e-02	0.00e+00	0.00e+00
 1.71904e+16	3.30e-08	1.72e-04	1.12e-01	6.25e-01	2.36e-01	2.72e-02	0.00e+00	0.00e+00
 1.73618e+16	3.80e-08	1.92e-04	1.21e-01	6.33e-01	2.21e-01	2.38e-02	0.00e+00	0.00e+00
 1.75576e+16	5.12e-08	2.37e-04	1.34e-01	6.43e-01	2.03e-01	1.99e-02	0.00e+00	0.00e+00
 1.77495e+16	6.44e-08	2.81e-04	1.47e-01	6.50e-01	1.86e-01	1.65e-02	0.00e+00	0.00e+00
 1.78912e+16	7.53e-08	3.16e-04	1.58e-01	6.56e-01	1.72e-01	1.43e-02	0.00e+00	0.00e+00
 1.80106e+16	8.83e-08	3.54e-04	1.68e-01	6.59e-01	1.60e-01	1.24e-02	0.00e+00	0.00e+00
 1.81459e+16	1.08e-07	4.10e-04	1.80e-01	6.63e-01	1.46e-01	1.04e-02	0.00e+00	0.00e+00
 1.82863e+16	1.31e-07	4.71e-04	1.94e-01	6.66e-01	1.32e-01	8.53e-03	0.00e+00	0.00e+00
 1.83987e+16	1.52e-07	5.25e-04	2.05e-01	6.67e-01	1.20e-01	7.18e-03	0.00e+00	0.00e+00
 1.84923e+16	1.75e-07	5.82e-04	2.15e-01	6.68e-01	1.10e-01	6.10e-03	0.00e+00	0.00e+00
 1.85683e+16	1.98e-07	6.34e-04	2.24e-01	6.69e-01	1.02e-01	5.30e-03	0.00e+00	0.00e+00
 1.86243e+16	2.14e-07	6.71e-04	2.30e-01	6.69e-01	9.58e-02	4.74e-03	0.00e+00	0.00e+00
 1.86824e+16	2.29e-07	7.07e-04	2.37e-01	6.69e-01	8.93e-02	4.18e-03	0.00e+00	0.00e+00
 1.87579e+16	2.68e-07	7.86e-04	2.47e-01	6.68e-01	8.09e-02	3.48e-03	0.00e+00	0.00e+00
 1.88280e+16	2.98e-07	8.49e-04	2.55e-01	6.67e-01	7.36e-02	2.94e-03	0.00e+00	0.00e+00
 1.88782e+16	3.15e-07	8.85e-04	2.61e-01	6.67e-01	6.84e-02	2.58e-03	0.00e+00	0.00e+00
 1.89305e+16	3.52e-07	9.56e-04	2.68e-01	6.66e-01	6.27e-02	2.20e-03	0.00e+00	0.00e+00
 1.89867e+16	3.85e-07	1.02e-03	2.75e-01	6.65e-01	5.70e-02	1.85e-03	0.00e+00	0.00e+00
 1.90400e+16	4.20e-07	1.08e-03	2.82e-01	6.63e-01	5.17e-02	1.55e-03	0.00e+00	0.00e+00
 1.91012e+16	4.63e-07	1.16e-03	2.90e-01	6.62e-01	4.58e-02	1.25e-03	0.00e+00	0.00e+00
 1.91675e+16	5.13e-07	1.25e-03	2.98e-01	6.60e-01	3.99e-02	9.74e-04	0.00e+00	0.00e+00
 1.92272e+16	5.61e-07	1.33e-03	3.06e-01	6.57e-01	3.49e-02	7.68e-04	0.00e+00	0.00e+00
 1.92916e+16	6.20e-07	1.42e-03	3.14e-01	6.55e-01	2.99e-02	5.80e-04	0.00e+00	0.00e+00
 1.93637e+16	6.88e-07	1.53e-03	3.22e-01	6.51e-01	2.50e-02	4.20e-04	0.00e+00	0.00e+00
 1.94341e+16	7.58e-07	1.63e-03	3.30e-01	6.47e-01	2.08e-02	3.03e-04	0.00e+00	0.00e+00
 1.95141e+16	8.43e-07	1.76e-03	3.38e-01	6.43e-01	1.67e-02	2.04e-04	0.00e+00	0.00e+00
 1.96180e+16	9.60e-07	1.91e-03	3.49e-01	6.37e-01	1.25e-02	1.21e-04	0.00e+00	0.00e+00
 1.97344e+16	1.09e-06	2.08e-03	3.59e-01	6.30e-01	9.13e-03	6.82e-05	0.00e+00	0.00e+00
 1.98671e+16	1.25e-06	2.27e-03	3.70e-01	6.22e-01	6.38e-03	3.52e-05	0.00e+00	0.00e+00
 2.00397e+16	1.47e-06	2.52e-03	3.82e-01	6.11e-01	4.09e-03	1.54e-05	0.00e+00	0.00e+00
 2.02640e+16	1.79e-06	2.84e-03	3.97e-01	5.98e-01	2.40e-03	5.58e-06	0.00e+00	0.00e+00
 2.05557e+16	2.28e-06	3.31e-03	4.16e-01	5.80e-01	1.28e-03	1.65e-06	0.00e+00	0.00e+00
 2.08787e+16	2.98e-06	3.90e-03	4.36e-01	5.59e-01	6.88e-04	4.86e-07	0.00e+00	0.00e+00
 2.11745e+16	3.86e-06	4.59e-03	4.56e-01	5.39e-01	4.11e-04	0.00e+00	0.00e+00	0.00e+00
 2.14394e+16	4.91e-06	5.35e-03	4.76e-01	5.19e-01	2.67e-04	0.00e+00	0.00e+00	0.00e+00
 2.17321e+16	6.52e-06	6.40e-03	4.99e-01	4.94e-01	1.67e-04	0.00e+00	0.00e+00	0.00e+00
 2.20397e+16	8.97e-06	7.86e-03	5.26e-01	4.67e-01	1.05e-04	0.00e+00	0.00e+00	0.00e+00
 2.22396e+16	1.12e-05	9.10e-03	5.44e-01	4.47e-01	7.97e-05	0.00e+00	0.00e+00	0.00e+00
 2.23329e+16	1.25e-05	9.77e-03	5.53e-01	4.37e-01	6.98e-05	0.00e+00	0.00e+00	0.00e+00
 2.24146e+16	1.38e-05	1.04e-02	5.61e-01	4.28e-01	6.16e-05	0.00e+00	0.00e+00	0.00e+00
 2.25209e+16	1.57e-05	1.13e-02	5.72e-01	4.16e-01	5.23e-05	0.00e+00	0.00e+00	0.00e+00
 2.26590e+16	1.86e-05	1.27e-02	5.87e-01	4.01e-01	4.23e-05	0.00e+00	0.00e+00	0.00e+00
 2.28051e+16	2.26e-05	1.44e-02	6.03e-01	3.83e-01	3.40e-05	0.00e+00	0.00e+00	0.00e+00
 2.29261e+16	2.66e-05	1.60e-02	6.16e-01	3.68e-01	2.83e-05	0.00e+00	0.00e+00	0.00e+00
 2.30289e+16	3.07e-05	1.76e-02	6.28e-01	3.55e-01	2.42e-05	0.00e+00	0.00e+00	0.00e+00
 2.31434e+16	3.62e-05	1.97e-02	6.41e-01	3.39e-01	2.01e-05	0.00e+00	0.00e+00	0.00e+00
 2.32565e+16	4.29e-05	2.20e-02	6.54e-01	3.24e-01	1.68e-05	0.00e+00	0.00e+00	0.00e+00
 2.33406e+16	4.88e-05	2.41e-02	6.64e-01	3.12e-01	1.47e-05	0.00e+00	0.00e+00	0.00e+00
 2.34107e+16	5.46e-05	2.59e-02	6.72e-01	3.02e-01	1.31e-05	0.00e+00	0.00e+00	0.00e+00
 2.34901e+16	6.21e-05	2.83e-02	6.82e-01	2.90e-01	1.14e-05	0.00e+00	0.00e+00	0.00e+00
 2.35793e+16	7.21e-05	3.12e-02	6.92e-01	2.77e-01	9.74e-06	0.00e+00	0.00e+00	0.00e+00
 2.36613e+16	8.29e-05	3.43e-02	7.01e-01	2.64e-01	8.42e-06	0.00e+00	0.00e+00	0.00e+00
 2.37326e+16	9.42e-05	3.74e-02	7.09e-01	2.53e-01	7.40e-06	0.00e+00	0.00e+00	0.00e+00
 2.38099e+16	1.08e-04	4.11e-02	7.18e-01	2.41e-01	6.38e-06	0.00e+00	0.00e+00	0.00e+00
 2.38929e+16	1.27e-04	4.56e-02	7.27e-01	2.28e-01	5.45e-06	0.00e+00	0.00e+00	0.00e+00
 2.39648e+16	1.45e-04	5.01e-02	7.34e-01	2.16e-01	4.73e-06	0.00e+00	0.00e+00	0.00e+00
 2.40268e+16	1.64e-04	5.44e-02	7.39e-01	2.06e-01	4.17e-06	0.00e+00	0.00e+00	0.00e+00
 2.40948e+16	1.89e-04	5.97e-02	7.45e-01	1.95e-01	3.60e-06	0.00e+00	0.00e+00	0.00e+00
 2.41691e+16	2.21e-04	6.63e-02	7.51e-01	1.83e-01	3.07e-06	0.00e+00	0.00e+00	0.00e+00
 2.42340e+16	2.54e-04	7.28e-02	7.55e-01	1.72e-01	2.66e-06	0.00e+00	0.00e+00	0.00e+00
 2.42901e+16	2.87e-04	7.91e-02	7.58e-01	1.63e-01	2.33e-06	0.00e+00	0.00e+00	0.00e+00
 2.43524e+16	3.32e-04	8.71e-02	7.60e-01	1.52e-01	2.00e-06	0.00e+00	0.00e+00	0.00e+00
 2.44196e+16	3.89e-04	9.67e-02	7.62e-01	1.41e-01	1.69e-06	0.00e+00	0.00e+00	0.00e+00
 2.44780e+16	4.47e-04	1.06e-01	7.62e-01	1.32e-01	1.45e-06	0.00e+00	0.00e+00	0.00e+00
 2.45291e+16	5.07e-04	1.16e-01	7.60e-01	1.23e-01	1.27e-06	0.00e+00	0.00e+00	0.00e+00
 2.45856e+16	5.86e-04	1.27e-01	7.58e-01	1.14e-01	1.08e-06	0.00e+00	0.00e+00	0.00e+00
 2.46468e+16	6.88e-04	1.41e-01	7.54e-01	1.04e-01	8.97e-07	0.00e+00	0.00e+00	0.00e+00
 2.47003e+16	7.96e-04	1.55e-01	7.48e-01	9.60e-02	0.00e+00	0.00e+00	0.00e+00	0.00e+00
 2.47475e+16	9.06e-04	1.69e-01	7.41e-01	8.85e-02	0.00e+00	0.00e+00	0.00e+00	0.00e+00
 2.48004e+16	1.05e-03	1.87e-01	7.32e-01	8.03e-02	0.00e+00	0.00e+00	0.00e+00	0.00e+00
 2.48578e+16	1.25e-03	2.08e-01	7.19e-01	7.18e-02	0.00e+00	0.00e+00	0.00e+00	0.00e+00
 2.49085e+16	1.45e-03	2.30e-01	7.04e-01	6.44e-02	0.00e+00	0.00e+00	0.00e+00	0.00e+00
 2.49536e+16	1.68e-03	2.51e-01	6.89e-01	5.79e-02	0.00e+00	0.00e+00	0.00e+00	0.00e+00
 2.50042e+16	1.97e-03	2.78e-01	6.69e-01	5.09e-02	0.00e+00	0.00e+00	0.00e+00	0.00e+00
 2.50600e+16	2.37e-03	3.11e-01	6.43e-01	4.36e-02	0.00e+00	0.00e+00	0.00e+00	0.00e+00
 2.51110e+16	2.81e-03	3.45e-01	6.15e-01	3.72e-02	0.00e+00	0.00e+00	0.00e+00	0.00e+00
 2.51577e+16	3.31e-03	3.80e-01	5.85e-01	3.16e-02	0.00e+00	0.00e+00	0.00e+00	0.00e+00
 2.52105e+16	3.97e-03	4.23e-01	5.47e-01	2.58e-02	0.00e+00	0.00e+00	0.00e+00	0.00e+00
 2.52659e+16	4.86e-03	4.74e-01	5.01e-01	2.03e-02	0.00e+00	0.00e+00	0.00e+00	0.00e+00
 2.53113e+16	5.77e-03	5.19e-01	4.59e-01	1.62e-02	0.00e+00	0.00e+00	0.00e+00	0.00e+00
 2.53473e+16	6.60e-03	5.57e-01	4.23e-01	1.33e-02	0.00e+00	0.00e+00	0.00e+00	0.00e+00
 2.53843e+16	7.63e-03	5.98e-01	3.84e-01	1.06e-02	0.00e+00	0.00e+00	0.00e+00	0.00e+00
 2.54244e+16	8.90e-03	6.43e-01	3.40e-01	8.04e-03	0.00e+00	0.00e+00	0.00e+00	0.00e+00
 2.54585e+16	1.02e-02	6.82e-01	3.01e-01	6.20e-03	0.00e+00	0.00e+00	0.00e+00	0.00e+00
 2.54870e+16	1.14e-02	7.14e-01	2.69e-01	4.90e-03	0.00e+00	0.00e+00	0.00e+00	0.00e+00
 2.55176e+16	1.30e-02	7.48e-01	2.35e-01	3.70e-03	0.00e+00	0.00e+00	0.00e+00	0.00e+00
 2.55509e+16	1.48e-02	7.83e-01	1.99e-01	2.65e-03	0.00e+00	0.00e+00	0.00e+00	0.00e+00
 2.55796e+16	1.67e-02	8.12e-01	1.69e-01	1.93e-03	0.00e+00	0.00e+00	0.00e+00	0.00e+00
 2.56033e+16	1.85e-02	8.34e-01	1.46e-01	1.45e-03	0.00e+00	0.00e+00	0.00e+00	0.00e+00
 2.56286e+16	2.07e-02	8.56e-01	1.22e-01	1.04e-03	0.00e+00	0.00e+00	0.00e+00	0.00e+00
 2.56563e+16	2.33e-02	8.76e-01	9.97e-02	7.06e-04	0.00e+00	0.00e+00	0.00e+00	0.00e+00
 2.56804e+16	2.58e-02	8.92e-01	8.17e-02	4.88e-04	0.00e+00	0.00e+00	0.00e+00	0.00e+00
 2.57009e+16	2.84e-02	9.03e-01	6.82e-02	3.49e-04	0.00e+00	0.00e+00	0.00e+00	0.00e+00
 2.57231e+16	3.16e-02	9.13e-01	5.52e-02	2.37e-04	0.00e+00	0.00e+00	0.00e+00	0.00e+00
 2.57470e+16	3.53e-02	9.21e-01	4.33e-02	1.52e-04	0.00e+00	0.00e+00	0.00e+00	0.00e+00
 2.57676e+16	3.91e-02	9.26e-01	3.44e-02	1.01e-04	0.00e+00	0.00e+00	0.00e+00	0.00e+00
 2.57848e+16	4.25e-02	9.29e-01	2.82e-02	7.00e-05	0.00e+00	0.00e+00	0.00e+00	0.00e+00
 2.58032e+16	4.67e-02	9.31e-01	2.25e-02	4.63e-05	0.00e+00	0.00e+00	0.00e+00	0.00e+00
 2.58227e+16	5.13e-02	9.31e-01	1.75e-02	2.94e-05	0.00e+00	0.00e+00	0.00e+00	0.00e+00
 2.58392e+16	5.62e-02	9.30e-01	1.39e-02	1.96e-05	0.00e+00	0.00e+00	0.00e+00	0.00e+00
 2.58532e+16	6.05e-02	9.28e-01	1.14e-02	1.37e-05	0.00e+00	0.00e+00	0.00e+00	0.00e+00
 2.58671e+16	6.52e-02	9.26e-01	9.29e-03	9.45e-06	0.00e+00	0.00e+00	0.00e+00	0.00e+00
 2.58814e+16	7.01e-02	9.22e-01	7.46e-03	6.37e-06	0.00e+00	0.00e+00	0.00e+00	0.00e+00
 2.58947e+16	7.56e-02	9.18e-01	6.04e-03	4.35e-06	0.00e+00	0.00e+00	0.00e+00	0.00e+00
 2.59062e+16	8.04e-02	9.15e-01	5.00e-03	3.10e-06	0.00e+00	0.00e+00	0.00e+00	0.00e+00
 2.59164e+16	8.49e-02	9.11e-01	4.22e-03	2.28e-06	0.00e+00	0.00e+00	0.00e+00	0.00e+00
 2.59260e+16	8.96e-02	9.07e-01	3.57e-03	1.69e-06	0.00e+00	0.00e+00	0.00e+00	0.00e+00
 2.59336e+16	9.30e-02	9.04e-01	3.14e-03	1.34e-06	0.00e+00	0.00e+00	0.00e+00	0.00e+00
 2.59386e+16	9.56e-02	9.02e-01	2.88e-03	1.15e-06	0.00e+00	0.00e+00	0.00e+00	0.00e+00
 2.59432e+16	9.82e-02	8.99e-01	2.65e-03	9.83e-07	0.00e+00	0.00e+00	0.00e+00	0.00e+00
 2.59486e+16	1.01e-01	8.96e-01	2.40e-03	0.00e+00	0.00e+00	0.00e+00	0.00e+00	0.00e+00
 2.59543e+16	1.05e-01	8.93e-01	2.15e-03	0.00e+00	0.00e+00	0.00e+00	0.00e+00	0.00e+00
 2.59598e+16	1.08e-01	8.90e-01	1.94e-03	0.00e+00	0.00e+00	0.00e+00	0.00e+00	0.00e+00
 2.59651e+16	1.11e-01	8.87e-01	1.76e-03	0.00e+00	0.00e+00	0.00e+00	0.00e+00	0.00e+00
 2.59703e+16	1.14e-01	8.84e-01	1.59e-03	0.00e+00	0.00e+00	0.00e+00	0.00e+00	0.00e+00
 2.59754e+16	1.18e-01	8.81e-01	1.44e-03	0.00e+00	0.00e+00	0.00e+00	0.00e+00	0.00e+00
 2.59805e+16	1.22e-01	8.77e-01	1.30e-03	0.00e+00	0.00e+00	0.00e+00	0.00e+00	0.00e+00
 2.59855e+16	1.25e-01	8.74e-01	1.18e-03	0.00e+00	0.00e+00	0.00e+00	0.00e+00	0.00e+00
 2.59906e+16	1.29e-01	8.70e-01	1.06e-03	0.00e+00	0.00e+00	0.00e+00	0.00e+00	0.00e+00
 2.59956e+16	1.33e-01	8.66e-01	9.60e-04	0.00e+00	0.00e+00	0.00e+00	0.00e+00	0.00e+00
 2.60004e+16	1.37e-01	8.62e-01	8.68e-04	0.00e+00	0.00e+00	0.00e+00	0.00e+00	0.00e+00
 2.60051e+16	1.41e-01	8.58e-01	7.86e-04	0.00e+00	0.00e+00	0.00e+00	0.00e+00	0.00e+00
 2.60099e+16	1.45e-01	8.54e-01	7.09e-04	0.00e+00	0.00e+00	0.00e+00	0.00e+00	0.00e+00
 2.60146e+16	1.50e-01	8.50e-01	6.40e-04	0.00e+00	0.00e+00	0.00e+00	0.00e+00	0.00e+00
 2.60193e+16	1.54e-01	8.45e-01	5.78e-04	0.00e+00	0.00e+00	0.00e+00	0.00e+00	0.00e+00
 2.60238e+16	1.59e-01	8.40e-01	5.22e-04	0.00e+00	0.00e+00	0.00e+00	0.00e+00	0.00e+00
 2.60284e+16	1.64e-01	8.35e-01	4.71e-04	0.00e+00	0.00e+00	0.00e+00	0.00e+00	0.00e+00
 2.60329e+16	1.69e-01	8.30e-01	4.24e-04	0.00e+00	0.00e+00	0.00e+00	0.00e+00	0.00e+00
 2.60373e+16	1.75e-01	8.24e-01	3.83e-04	0.00e+00	0.00e+00	0.00e+00	0.00e+00	0.00e+00
 2.60416e+16	1.81e-01	8.19e-01	3.46e-04	0.00e+00	0.00e+00	0.00e+00	0.00e+00	0.00e+00
 2.60459e+16	1.87e-01	8.12e-01	3.11e-04	0.00e+00	0.00e+00	0.00e+00	0.00e+00	0.00e+00
 2.60502e+16	1.93e-01	8.07e-01	2.80e-04	0.00e+00	0.00e+00	0.00e+00	0.00e+00	0.00e+00
 2.60543e+16	2.00e-01	8.00e-01	2.52e-04	0.00e+00	0.00e+00	0.00e+00	0.00e+00	0.00e+00
 2.60584e+16	2.07e-01	7.93e-01	2.27e-04	0.00e+00	0.00e+00	0.00e+00	0.00e+00	0.00e+00
 2.60625e+16	2.15e-01	7.85e-01	2.05e-04	0.00e+00	0.00e+00	0.00e+00	0.00e+00	0.00e+00
 2.60665e+16	2.23e-01	7.77e-01	1.84e-04	0.00e+00	0.00e+00	0.00e+00	0.00e+00	0.00e+00
 2.60705e+16	2.32e-01	7.68e-01	1.65e-04	0.00e+00	0.00e+00	0.00e+00	0.00e+00	0.00e+00
 2.60744e+16	2.40e-01	7.59e-01	1.48e-04	0.00e+00	0.00e+00	0.00e+00	0.00e+00	0.00e+00
 2.60782e+16	2.50e-01	7.50e-01	1.33e-04	0.00e+00	0.00e+00	0.00e+00	0.00e+00	0.00e+00
 2.60820e+16	2.60e-01	7.40e-01	1.20e-04	0.00e+00	0.00e+00	0.00e+00	0.00e+00	0.00e+00
 2.60856e+16	2.71e-01	7.29e-01	1.07e-04	0.00e+00	0.00e+00	0.00e+00	0.00e+00	0.00e+00
 2.60891e+16	2.82e-01	7.18e-01	9.64e-05	0.00e+00	0.00e+00	0.00e+00	0.00e+00	0.00e+00
 2.60926e+16	2.94e-01	7.06e-01	8.66e-05	0.00e+00	0.00e+00	0.00e+00	0.00e+00	0.00e+00
 2.60960e+16	3.05e-01	6.95e-01	7.79e-05	0.00e+00	0.00e+00	0.00e+00	0.00e+00	0.00e+00
 2.60993e+16	3.18e-01	6.81e-01	6.98e-05	0.00e+00	0.00e+00	0.00e+00	0.00e+00	0.00e+00
 2.61026e+16	3.32e-01	6.68e-01	6.26e-05	0.00e+00	0.00e+00	0.00e+00	0.00e+00	0.00e+00
 2.61058e+16	3.46e-01	6.53e-01	5.62e-05	0.00e+00	0.00e+00	0.00e+00	0.00e+00	0.00e+00
 2.61089e+16	3.62e-01	6.38e-01	5.03e-05	0.00e+00	0.00e+00	0.00e+00	0.00e+00	0.00e+00
 2.61120e+16	3.78e-01	6.22e-01	4.50e-05	0.00e+00	0.00e+00	0.00e+00	0.00e+00	0.00e+00
 2.61150e+16	3.95e-01	6.05e-01	4.02e-05	0.00e+00	0.00e+00	0.00e+00	0.00e+00	0.00e+00
 2.61180e+16	4.14e-01	5.86e-01	3.58e-05	0.00e+00	0.00e+00	0.00e+00	0.00e+00	0.00e+00
 2.61208e+16	4.33e-01	5.67e-01	3.19e-05	0.00e+00	0.00e+00	0.00e+00	0.00e+00	0.00e+00
 2.61236e+16	4.51e-01	5.49e-01	2.85e-05	0.00e+00	0.00e+00	0.00e+00	0.00e+00	0.00e+00
 2.61264e+16	4.71e-01	5.29e-01	2.53e-05	0.00e+00	0.00e+00	0.00e+00	0.00e+00	0.00e+00
 2.61292e+16	4.92e-01	5.08e-01	2.24e-05	0.00e+00	0.00e+00	0.00e+00	0.00e+00	0.00e+00
 2.61319e+16	5.13e-01	4.87e-01	1.98e-05	0.00e+00	0.00e+00	0.00e+00	0.00e+00	0.00e+00
 2.61346e+16	5.34e-01	4.66e-01	1.75e-05	0.00e+00	0.00e+00	0.00e+00	0.00e+00	0.00e+00
 2.61372e+16	5.56e-01	4.44e-01	1.54e-05	0.00e+00	0.00e+00	0.00e+00	0.00e+00	0.00e+00
 2.61398e+16	5.78e-01	4.22e-01	1.36e-05	0.00e+00	0.00e+00	0.00e+00	0.00e+00	0.00e+00
 2.61423e+16	6.01e-01	3.99e-01	1.19e-05	0.00e+00	0.00e+00	0.00e+00	0.00e+00	0.00e+00
 2.61448e+16	6.23e-01	3.77e-01	1.04e-05	0.00e+00	0.00e+00	0.00e+00	0.00e+00	0.00e+00
 2.61470e+16	6.42e-01	3.58e-01	9.28e-06	0.00e+00	0.00e+00	0.00e+00	0.00e+00	0.00e+00
 2.61487e+16	6.57e-01	3.43e-01	8.46e-06	0.00e+00	0.00e+00	0.00e+00	0.00e+00	0.00e+00
 2.61502e+16	6.70e-01	3.30e-01	7.74e-06	0.00e+00	0.00e+00	0.00e+00	0.00e+00	0.00e+00
 2.61519e+16	6.85e-01	3.15e-01	7.01e-06	0.00e+00	0.00e+00	0.00e+00	0.00e+00	0.00e+00
 2.61536e+16	7.00e-01	3.00e-01	6.34e-06	0.00e+00	0.00e+00	0.00e+00	0.00e+00	0.00e+00
 2.61551e+16	7.14e-01	2.86e-01	5.77e-06	0.00e+00	0.00e+00	0.00e+00	0.00e+00	0.00e+00
 2.61567e+16	7.26e-01	2.74e-01	5.29e-06	0.00e+00	0.00e+00	0.00e+00	0.00e+00	0.00e+00
 2.61582e+16	7.40e-01	2.60e-01	4.78e-06	0.00e+00	0.00e+00	0.00e+00	0.00e+00	0.00e+00
 2.61597e+16	7.51e-01	2.49e-01	4.38e-06	0.00e+00	0.00e+00	0.00e+00	0.00e+00	0.00e+00
 2.61611e+16	7.63e-01	2.37e-01	3.98e-06	0.00e+00	0.00e+00	0.00e+00	0.00e+00	0.00e+00
 2.61625e+16	7.73e-01	2.27e-01	3.66e-06	0.00e+00	0.00e+00	0.00e+00	0.00e+00	0.00e+00
 2.61639e+16	7.84e-01	2.16e-01	3.33e-06	0.00e+00	0.00e+00	0.00e+00	0.00e+00	0.00e+00
 2.61653e+16	7.92e-01	2.08e-01	3.07e-06	0.00e+00	0.00e+00	0.00e+00	0.00e+00	0.00e+00
 2.61666e+16	8.01e-01	1.99e-01	2.82e-06	0.00e+00	0.00e+00	0.00e+00	0.00e+00	0.00e+00
 2.61680e+16	8.11e-01	1.89e-01	2.57e-06	0.00e+00	0.00e+00	0.00e+00	0.00e+00	0.00e+00
 2.61693e+16	8.18e-01	1.82e-01	2.38e-06	0.00e+00	0.00e+00	0.00e+00	0.00e+00	0.00e+00
