#depth	C	C+	C+2	C+3	C+4	C+5	C+6	C[1]	C[2]	C[3]	C+[1]	C+[2]	CO
 1.49634e+10	0.00e+00	3.64e-32	6.05e-22	2.43e-12	2.83e-02	9.61e-01	1.03e-02	0.00e+00	0.00e+00	0.00e+00	0.00e+00	0.00e+00	4.33e-164
 4.54887e+10	2.32e-43	4.96e-32	7.62e-22	2.83e-12	3.04e-02	9.60e-01	9.46e-03	0.00e+00	0.00e+00	0.00e+00	0.00e+00	0.00e+00	2.41e-207
 7.72350e+10	0.00e+00	6.81e-32	9.67e-22	3.31e-12	3.29e-02	9.58e-01	8.72e-03	0.00e+00	0.00e+00	0.00e+00	0.00e+00	0.00e+00	5.37e-163
 1.10251e+11	5.13e-43	9.36e-32	1.23e-21	3.88e-12	3.56e-02	9.56e-01	8.04e-03	0.00e+00	0.00e+00	0.00e+00	0.00e+00	0.00e+00	1.59e-206
 1.44588e+11	0.00e+00	1.28e-31	1.56e-21	4.55e-12	3.86e-02	9.54e-01	7.41e-03	0.00e+00	0.00e+00	0.00e+00	0.00e+00	0.00e+00	6.67e-162
 1.80298e+11	1.14e-42	1.77e-31	1.98e-21	5.34e-12	4.17e-02	9.51e-01	6.83e-03	0.00e+00	0.00e+00	0.00e+00	0.00e+00	0.00e+00	1.04e-205
 2.17437e+11	0.00e+00	2.43e-31	2.51e-21	6.26e-12	4.52e-02	9.49e-01	6.28e-03	0.00e+00	0.00e+00	0.00e+00	0.00e+00	0.00e+00	8.34e-161
 2.56061e+11	2.51e-42	3.33e-31	3.19e-21	7.33e-12	4.89e-02	9.45e-01	5.78e-03	0.00e+00	0.00e+00	0.00e+00	0.00e+00	0.00e+00	6.89e-205
 2.96231e+11	0.00e+00	4.58e-31	4.05e-21	8.60e-12	5.30e-02	9.42e-01	5.32e-03	0.00e+00	0.00e+00	0.00e+00	0.00e+00	0.00e+00	1.04e-159
 3.38007e+11	5.58e-42	6.31e-31	5.14e-21	1.01e-11	5.73e-02	9.38e-01	4.89e-03	0.00e+00	0.00e+00	0.00e+00	0.00e+00	0.00e+00	4.53e-204
 3.81454e+11	0.00e+00	8.67e-31	6.53e-21	1.18e-11	6.21e-02	9.33e-01	4.49e-03	0.00e+00	0.00e+00	0.00e+00	0.00e+00	0.00e+00	1.32e-158
 4.26639e+11	1.24e-41	1.19e-30	8.29e-21	1.39e-11	6.72e-02	9.29e-01	4.13e-03	0.00e+00	0.00e+00	0.00e+00	0.00e+00	0.00e+00	3.00e-203
 4.73631e+11	0.00e+00	1.64e-30	1.05e-20	1.63e-11	7.27e-02	9.24e-01	3.79e-03	0.00e+00	0.00e+00	0.00e+00	0.00e+00	0.00e+00	1.67e-157
 5.22503e+11	2.76e-41	2.26e-30	1.34e-20	1.91e-11	7.86e-02	9.18e-01	3.47e-03	0.00e+00	0.00e+00	0.00e+00	0.00e+00	0.00e+00	1.92e-202
 5.73330e+11	0.00e+00	3.12e-30	1.70e-20	2.23e-11	8.50e-02	9.12e-01	3.18e-03	0.00e+00	0.00e+00	0.00e+00	0.00e+00	0.00e+00	2.12e-156
 6.26190e+11	6.15e-41	4.29e-30	2.17e-20	2.62e-11	9.20e-02	9.05e-01	2.91e-03	0.00e+00	0.00e+00	0.00e+00	0.00e+00	0.00e+00	1.23e-201
 6.81164e+11	0.00e+00	5.92e-30	2.76e-20	3.07e-11	9.95e-02	8.98e-01	2.67e-03	0.00e+00	0.00e+00	0.00e+00	0.00e+00	0.00e+00	2.72e-155
 7.38337e+11	1.37e-40	8.16e-30	3.51e-20	3.60e-11	1.08e-01	8.90e-01	2.44e-03	0.00e+00	0.00e+00	0.00e+00	0.00e+00	0.00e+00	8.47e-201
 7.97798e+11	0.00e+00	1.13e-29	4.46e-20	4.22e-11	1.16e-01	8.82e-01	2.23e-03	0.00e+00	0.00e+00	0.00e+00	0.00e+00	0.00e+00	3.50e-154
 8.59636e+11	3.08e-40	1.55e-29	5.68e-20	4.95e-11	1.25e-01	8.72e-01	2.03e-03	0.00e+00	0.00e+00	0.00e+00	0.00e+00	0.00e+00	4.87e-200
 9.23949e+11	0.00e+00	2.14e-29	7.23e-20	5.80e-11	1.35e-01	8.63e-01	1.85e-03	0.00e+00	0.00e+00	0.00e+00	0.00e+00	0.00e+00	4.55e-153
 9.84268e+11	6.64e-40	2.87e-29	8.98e-20	6.69e-11	1.45e-01	8.53e-01	1.70e-03	0.00e+00	0.00e+00	0.00e+00	0.00e+00	0.00e+00	1.07e-210
 1.03794e+12	0.00e+00	3.68e-29	1.08e-19	7.57e-11	1.54e-01	8.45e-01	1.58e-03	0.00e+00	0.00e+00	0.00e+00	0.00e+00	0.00e+00	3.94e-152
 1.09805e+12	1.28e-39	4.85e-29	1.33e-19	8.66e-11	1.64e-01	8.34e-01	1.45e-03	0.00e+00	0.00e+00	0.00e+00	0.00e+00	0.00e+00	1.65e-198
 1.16963e+12	0.00e+00	6.63e-29	1.68e-19	1.01e-10	1.76e-01	8.22e-01	1.32e-03	0.00e+00	0.00e+00	0.00e+00	0.00e+00	0.00e+00	4.10e-151
 1.24128e+12	2.78e-39	8.96e-29	2.10e-19	1.17e-10	1.89e-01	8.10e-01	1.20e-03	0.00e+00	0.00e+00	0.00e+00	0.00e+00	0.00e+00	1.19e-197
 1.30792e+12	0.00e+00	1.18e-28	2.58e-19	1.33e-10	2.01e-01	7.98e-01	1.10e-03	0.00e+00	0.00e+00	0.00e+00	0.00e+00	0.00e+00	4.06e-150
 1.38228e+12	5.65e-39	1.58e-28	3.21e-19	1.54e-10	2.15e-01	7.84e-01	1.01e-03	0.00e+00	0.00e+00	0.00e+00	0.00e+00	0.00e+00	1.03e-196
 1.46750e+12	0.00e+00	2.18e-28	4.08e-19	1.80e-10	2.30e-01	7.69e-01	9.06e-04	0.00e+00	0.00e+00	0.00e+00	0.00e+00	0.00e+00	4.81e-149
 1.55142e+12	1.25e-38	2.96e-28	5.13e-19	2.08e-10	2.46e-01	7.53e-01	8.19e-04	0.00e+00	0.00e+00	0.00e+00	0.00e+00	0.00e+00	0.00e+00
 1.63099e+12	0.00e+00	3.91e-28	6.31e-19	2.38e-10	2.62e-01	7.38e-01	7.46e-04	0.00e+00	0.00e+00	0.00e+00	0.00e+00	0.00e+00	5.08e-148
 1.71845e+12	2.59e-38	5.27e-28	7.87e-19	2.74e-10	2.79e-01	7.21e-01	6.73e-04	0.00e+00	0.00e+00	0.00e+00	0.00e+00	0.00e+00	6.05e-195
 1.81711e+12	0.00e+00	7.27e-28	1.00e-18	3.19e-10	2.98e-01	7.02e-01	6.02e-04	0.00e+00	0.00e+00	0.00e+00	0.00e+00	0.00e+00	6.20e-147
 1.91512e+12	5.73e-38	9.90e-28	1.26e-18	3.69e-10	3.17e-01	6.83e-01	5.39e-04	0.00e+00	0.00e+00	0.00e+00	0.00e+00	0.00e+00	1.38e-193
 2.01705e+12	0.00e+00	1.34e-27	1.58e-18	4.27e-10	3.37e-01	6.63e-01	4.82e-04	0.00e+00	0.00e+00	0.00e+00	0.00e+00	0.00e+00	7.51e-146
 2.12766e+12	1.27e-37	1.85e-27	2.00e-18	4.95e-10	3.58e-01	6.41e-01	4.27e-04	0.00e+00	0.00e+00	0.00e+00	0.00e+00	0.00e+00	2.01e-206
 2.23965e+12	0.00e+00	2.53e-27	2.51e-18	5.72e-10	3.80e-01	6.20e-01	3.79e-04	0.00e+00	0.00e+00	0.00e+00	0.00e+00	0.00e+00	9.90e-145
 2.35612e+12	2.80e-37	3.45e-27	3.16e-18	6.60e-10	4.02e-01	5.98e-01	3.36e-04	0.00e+00	0.00e+00	0.00e+00	0.00e+00	0.00e+00	0.00e+00
 2.48029e+12	0.00e+00	4.74e-27	3.99e-18	7.62e-10	4.25e-01	5.74e-01	2.95e-04	0.00e+00	0.00e+00	0.00e+00	0.00e+00	0.00e+00	1.31e-143
 2.60943e+12	6.25e-37	6.49e-27	5.03e-18	8.80e-10	4.49e-01	5.51e-01	2.59e-04	0.00e+00	0.00e+00	0.00e+00	0.00e+00	0.00e+00	0.00e+00
 2.74374e+12	0.00e+00	8.89e-27	6.33e-18	1.01e-09	4.73e-01	5.27e-01	2.27e-04	0.00e+00	0.00e+00	0.00e+00	0.00e+00	0.00e+00	1.77e-142
 2.88341e+12	1.39e-36	1.22e-26	7.95e-18	1.16e-09	4.97e-01	5.03e-01	1.98e-04	0.00e+00	0.00e+00	0.00e+00	0.00e+00	0.00e+00	2.08e-202
 3.02868e+12	0.00e+00	1.66e-26	9.98e-18	1.34e-09	5.21e-01	4.79e-01	1.72e-04	0.00e+00	0.00e+00	0.00e+00	0.00e+00	0.00e+00	2.40e-141
 3.17975e+12	3.08e-36	2.26e-26	1.25e-17	1.53e-09	5.45e-01	4.55e-01	1.50e-04	0.00e+00	0.00e+00	0.00e+00	0.00e+00	0.00e+00	0.00e+00
 3.32505e+12	0.00e+00	3.00e-26	1.54e-17	1.73e-09	5.68e-01	4.32e-01	1.31e-04	0.00e+00	0.00e+00	0.00e+00	0.00e+00	0.00e+00	2.94e-140
 3.45984e+12	6.14e-36	3.87e-26	1.85e-17	1.93e-09	5.87e-01	4.13e-01	1.16e-04	0.00e+00	0.00e+00	0.00e+00	0.00e+00	0.00e+00	0.00e+00
 3.61184e+12	0.00e+00	5.10e-26	2.26e-17	2.18e-09	6.08e-01	3.91e-01	1.01e-04	0.00e+00	0.00e+00	0.00e+00	0.00e+00	0.00e+00	2.78e-139
 3.78624e+12	1.29e-35	6.90e-26	2.81e-17	2.48e-09	6.31e-01	3.69e-01	8.70e-05	0.00e+00	0.00e+00	0.00e+00	0.00e+00	0.00e+00	0.00e+00
 3.95460e+12	0.00e+00	9.13e-26	3.44e-17	2.79e-09	6.52e-01	3.48e-01	7.54e-05	0.00e+00	0.00e+00	0.00e+00	0.00e+00	0.00e+00	3.37e-138
 4.11225e+12	2.56e-35	1.17e-25	4.13e-17	3.10e-09	6.71e-01	3.29e-01	6.61e-05	0.00e+00	0.00e+00	0.00e+00	0.00e+00	0.00e+00	6.46e-212
 4.28922e+12	0.00e+00	1.54e-25	5.02e-17	3.47e-09	6.90e-01	3.10e-01	5.72e-05	0.00e+00	0.00e+00	0.00e+00	0.00e+00	0.00e+00	3.21e-137
 4.49072e+12	5.31e-35	2.07e-25	6.21e-17	3.92e-09	7.11e-01	2.89e-01	4.87e-05	0.00e+00	0.00e+00	0.00e+00	0.00e+00	0.00e+00	4.24e-210
 4.69086e+12	7.63e-35	2.74e-25	7.60e-17	4.40e-09	7.29e-01	2.71e-01	4.17e-05	0.00e+00	0.00e+00	0.00e+00	0.00e+00	0.00e+00	1.29e-117
 4.89900e+12	1.10e-34	3.62e-25	9.29e-17	4.93e-09	7.48e-01	2.52e-01	3.56e-05	0.00e+00	0.00e+00	0.00e+00	0.00e+00	0.00e+00	1.34e-98
 5.12489e+12	1.59e-34	4.84e-25	1.14e-16	5.55e-09	7.66e-01	2.34e-01	3.01e-05	0.00e+00	0.00e+00	0.00e+00	0.00e+00	0.00e+00	0.00e+00
 5.35368e+12	2.29e-34	6.41e-25	1.40e-16	6.21e-09	7.82e-01	2.18e-01	2.55e-05	0.00e+00	0.00e+00	0.00e+00	0.00e+00	0.00e+00	3.34e-116
 5.59163e+12	3.29e-34	8.47e-25	1.71e-16	6.95e-09	7.98e-01	2.02e-01	2.16e-05	0.00e+00	0.00e+00	0.00e+00	0.00e+00	0.00e+00	1.99e-97
 5.81912e+12	4.59e-34	1.09e-24	2.06e-16	7.70e-09	8.12e-01	1.88e-01	1.84e-05	0.00e+00	0.00e+00	0.00e+00	0.00e+00	0.00e+00	0.00e+00
 6.01698e+12	6.06e-34	1.36e-24	2.40e-16	8.39e-09	8.23e-01	1.77e-01	1.62e-05	0.00e+00	0.00e+00	0.00e+00	0.00e+00	0.00e+00	6.01e-115
 6.23474e+12	8.14e-34	1.70e-24	2.83e-16	9.19e-09	8.34e-01	1.66e-01	1.40e-05	0.00e+00	0.00e+00	0.00e+00	0.00e+00	0.00e+00	1.83e-96
 6.49994e+12	1.15e-33	2.22e-24	3.42e-16	1.02e-08	8.47e-01	1.53e-01	1.18e-05	0.00e+00	0.00e+00	0.00e+00	0.00e+00	0.00e+00	4.07e-114
 6.76863e+12	1.61e-33	2.88e-24	4.12e-16	1.13e-08	8.59e-01	1.41e-01	1.00e-05	0.00e+00	0.00e+00	0.00e+00	0.00e+00	0.00e+00	9.68e-96
 7.01243e+12	2.15e-33	3.60e-24	4.85e-16	1.24e-08	8.68e-01	1.32e-01	8.65e-06	0.00e+00	0.00e+00	0.00e+00	0.00e+00	0.00e+00	2.68e-113
 7.28205e+12	2.94e-33	4.58e-24	5.77e-16	1.36e-08	8.78e-01	1.22e-01	7.39e-06	0.00e+00	0.00e+00	0.00e+00	0.00e+00	0.00e+00	4.23e-95
 7.59810e+12	4.16e-33	6.00e-24	7.01e-16	1.51e-08	8.88e-01	1.12e-01	6.17e-06	0.00e+00	0.00e+00	0.00e+00	0.00e+00	0.00e+00	1.95e-112
 7.90988e+12	5.79e-33	7.74e-24	8.43e-16	1.68e-08	8.97e-01	1.03e-01	5.19e-06	0.00e+00	0.00e+00	0.00e+00	0.00e+00	0.00e+00	2.22e-94
 8.20223e+12	7.78e-33	9.73e-24	9.96e-16	1.83e-08	9.04e-01	9.59e-02	4.43e-06	0.00e+00	0.00e+00	0.00e+00	0.00e+00	0.00e+00	1.30e-111
 8.52835e+12	1.07e-32	1.24e-23	1.19e-15	2.02e-08	9.12e-01	8.83e-02	3.74e-06	0.00e+00	0.00e+00	0.00e+00	0.00e+00	0.00e+00	9.89e-94
 8.89942e+12	1.51e-32	1.62e-23	1.45e-15	2.25e-08	9.19e-01	8.06e-02	3.10e-06	0.00e+00	0.00e+00	0.00e+00	0.00e+00	0.00e+00	9.66e-111
 9.26878e+12	2.09e-32	2.09e-23	1.74e-15	2.49e-08	9.26e-01	7.39e-02	2.58e-06	0.00e+00	0.00e+00	0.00e+00	0.00e+00	0.00e+00	5.07e-93
 9.65293e+12	2.89e-32	2.69e-23	2.09e-15	2.75e-08	9.32e-01	6.76e-02	2.16e-06	0.00e+00	0.00e+00	0.00e+00	0.00e+00	0.00e+00	7.06e-110
 1.00690e+13	4.05e-32	3.49e-23	2.54e-15	3.06e-08	9.38e-01	6.16e-02	1.78e-06	0.00e+00	0.00e+00	0.00e+00	0.00e+00	0.00e+00	2.52e-92
 1.05017e+13	5.64e-32	4.53e-23	3.07e-15	3.39e-08	9.44e-01	5.61e-02	1.47e-06	0.00e+00	0.00e+00	0.00e+00	0.00e+00	0.00e+00	5.48e-109
 1.09516e+13	7.83e-32	5.85e-23	3.71e-15	3.76e-08	9.49e-01	5.11e-02	1.22e-06	0.00e+00	0.00e+00	0.00e+00	0.00e+00	0.00e+00	1.25e-91
 1.14196e+13	1.08e-31	7.54e-23	4.48e-15	4.17e-08	9.54e-01	4.65e-02	1.00e-06	0.00e+00	0.00e+00	0.00e+00	0.00e+00	0.00e+00	4.14e-108
 1.19064e+13	1.50e-31	9.69e-23	5.40e-15	4.62e-08	9.58e-01	4.23e-02	8.29e-07	0.00e+00	0.00e+00	0.00e+00	0.00e+00	0.00e+00	6.02e-91
 1.24125e+13	2.06e-31	1.24e-22	6.50e-15	5.12e-08	9.62e-01	3.85e-02	0.00e+00	0.00e+00	0.00e+00	0.00e+00	0.00e+00	0.00e+00	3.04e-107
 1.29198e+13	2.78e-31	1.58e-22	7.76e-15	5.64e-08	9.65e-01	3.51e-02	0.00e+00	0.00e+00	0.00e+00	0.00e+00	0.00e+00	0.00e+00	2.74e-90
 1.34474e+13	3.76e-31	2.00e-22	9.26e-15	6.22e-08	9.68e-01	3.21e-02	0.00e+00	0.00e+00	0.00e+00	0.00e+00	0.00e+00	0.00e+00	2.04e-106
 1.39784e+13	5.02e-31	2.51e-22	1.10e-14	6.83e-08	9.71e-01	2.94e-02	0.00e+00	0.00e+00	0.00e+00	0.00e+00	0.00e+00	0.00e+00	1.16e-89
 1.44719e+13	6.50e-31	3.07e-22	1.28e-14	7.43e-08	9.73e-01	2.71e-02	0.00e+00	0.00e+00	0.00e+00	0.00e+00	0.00e+00	0.00e+00	1.15e-105
 1.50220e+13	8.56e-31	3.81e-22	1.50e-14	8.12e-08	9.75e-01	2.49e-02	0.00e+00	0.00e+00	0.00e+00	0.00e+00	0.00e+00	0.00e+00	4.33e-89
 1.56006e+13	1.13e-30	4.74e-22	1.77e-14	8.89e-08	9.77e-01	2.29e-02	0.00e+00	0.00e+00	0.00e+00	0.00e+00	0.00e+00	0.00e+00	6.76e-105
 1.61043e+13	1.42e-30	5.69e-22	2.03e-14	9.58e-08	9.79e-01	2.13e-02	0.00e+00	0.00e+00	0.00e+00	0.00e+00	0.00e+00	0.00e+00	1.53e-88
 1.66430e+13	1.81e-30	6.87e-22	2.33e-14	1.03e-07	9.80e-01	1.98e-02	0.00e+00	0.00e+00	0.00e+00	0.00e+00	0.00e+00	0.00e+00	3.09e-104
 1.73015e+13	2.40e-30	8.58e-22	2.75e-14	1.13e-07	9.82e-01	1.81e-02	0.00e+00	0.00e+00	0.00e+00	0.00e+00	0.00e+00	0.00e+00	5.65e-88
 1.79704e+13	3.15e-30	1.06e-21	3.23e-14	1.24e-07	9.83e-01	1.66e-02	0.00e+00	0.00e+00	0.00e+00	0.00e+00	0.00e+00	0.00e+00	1.87e-103
 1.85782e+13	4.00e-30	1.28e-21	3.72e-14	1.34e-07	9.85e-01	1.54e-02	0.00e+00	0.00e+00	0.00e+00	0.00e+00	0.00e+00	0.00e+00	2.07e-87
 1.92520e+13	5.17e-30	1.57e-21	4.32e-14	1.45e-07	9.86e-01	1.43e-02	0.00e+00	0.00e+00	0.00e+00	0.00e+00	0.00e+00	0.00e+00	9.50e-103
 1.99600e+13	6.70e-30	1.93e-21	5.02e-14	1.58e-07	9.87e-01	1.32e-02	0.00e+00	0.00e+00	0.00e+00	0.00e+00	0.00e+00	0.00e+00	7.72e-87
 2.05647e+13	8.30e-30	2.28e-21	5.68e-14	1.69e-07	9.88e-01	1.23e-02	0.00e+00	0.00e+00	0.00e+00	0.00e+00	0.00e+00	0.00e+00	4.50e-102
 2.12028e+13	1.03e-29	2.71e-21	6.45e-14	1.81e-07	9.88e-01	1.15e-02	0.00e+00	0.00e+00	0.00e+00	0.00e+00	0.00e+00	0.00e+00	2.38e-86
 2.20098e+13	1.35e-29	3.34e-21	7.52e-14	1.97e-07	9.89e-01	1.06e-02	0.00e+00	0.00e+00	0.00e+00	0.00e+00	0.00e+00	0.00e+00	2.25e-101
 2.28332e+13	1.76e-29	4.10e-21	8.75e-14	2.13e-07	9.90e-01	9.79e-03	0.00e+00	0.00e+00	0.00e+00	0.00e+00	0.00e+00	0.00e+00	9.49e-86
 2.35395e+13	2.19e-29	4.87e-21	9.91e-14	2.28e-07	9.91e-01	9.17e-03	0.00e+00	0.00e+00	0.00e+00	0.00e+00	0.00e+00	0.00e+00	1.12e-100
 2.42964e+13	2.76e-29	5.82e-21	1.13e-13	2.45e-07	9.91e-01	8.56e-03	0.00e+00	0.00e+00	0.00e+00	0.00e+00	0.00e+00	0.00e+00	3.10e-85
 2.52337e+13	3.62e-29	7.20e-21	1.32e-13	2.66e-07	9.92e-01	7.88e-03	0.00e+00	0.00e+00	0.00e+00	0.00e+00	0.00e+00	0.00e+00	5.90e-100
 2.61892e+13	4.75e-29	8.89e-21	1.53e-13	2.88e-07	9.93e-01	7.29e-03	0.00e+00	0.00e+00	0.00e+00	0.00e+00	0.00e+00	0.00e+00	1.31e-84
 2.70494e+13	6.01e-29	1.07e-20	1.74e-13	3.09e-07	9.93e-01	6.80e-03	0.00e+00	0.00e+00	0.00e+00	0.00e+00	0.00e+00	0.00e+00	3.17e-99
 2.80022e+13	7.74e-29	1.30e-20	2.01e-13	3.33e-07	9.94e-01	6.32e-03	0.00e+00	0.00e+00	0.00e+00	0.00e+00	0.00e+00	0.00e+00	4.81e-84
 2.91265e+13	1.03e-28	1.62e-20	2.35e-13	3.62e-07	9.94e-01	5.82e-03	0.00e+00	0.00e+00	0.00e+00	0.00e+00	0.00e+00	0.00e+00	1.92e-98
 3.02498e+13	1.37e-28	2.01e-20	2.74e-13	3.93e-07	9.95e-01	5.37e-03	0.00e+00	0.00e+00	0.00e+00	0.00e+00	0.00e+00	0.00e+00	2.21e-83
 3.13117e+13	1.77e-28	2.45e-20	3.14e-13	4.22e-07	9.95e-01	5.00e-03	0.00e+00	0.00e+00	0.00e+00	0.00e+00	0.00e+00	0.00e+00	1.13e-97
 3.24878e+13	2.32e-28	3.02e-20	3.64e-13	4.56e-07	9.95e-01	4.63e-03	0.00e+00	0.00e+00	0.00e+00	0.00e+00	0.00e+00	0.00e+00	9.26e-83
 3.38173e+13	3.14e-28	3.80e-20	4.27e-13	4.96e-07	9.96e-01	4.26e-03	0.00e+00	0.00e+00	0.00e+00	0.00e+00	0.00e+00	0.00e+00	7.54e-97
 3.51681e+13	4.21e-28	4.76e-20	5.00e-13	5.38e-07	9.96e-01	3.93e-03	0.00e+00	0.00e+00	0.00e+00	0.00e+00	0.00e+00	0.00e+00	4.64e-82
 3.65729e+13	5.65e-28	5.96e-20	5.84e-13	5.83e-07	9.96e-01	3.63e-03	0.00e+00	0.00e+00	0.00e+00	0.00e+00	0.00e+00	0.00e+00	5.26e-96
 3.80657e+13	7.65e-28	7.51e-20	6.85e-13	6.33e-07	9.97e-01	3.34e-03	0.00e+00	0.00e+00	0.00e+00	0.00e+00	0.00e+00	0.00e+00	2.36e-81
 3.96183e+13	1.04e-27	9.47e-20	8.02e-13	6.87e-07	9.97e-01	3.08e-03	0.00e+00	0.00e+00	0.00e+00	0.00e+00	0.00e+00	0.00e+00	3.89e-95
 4.11686e+13	1.39e-27	1.18e-19	9.34e-13	7.43e-07	9.97e-01	2.85e-03	0.00e+00	0.00e+00	0.00e+00	0.00e+00	0.00e+00	0.00e+00	1.21e-80
 4.27810e+13	1.87e-27	1.48e-19	1.09e-12	8.03e-07	9.97e-01	2.64e-03	0.00e+00	0.00e+00	0.00e+00	0.00e+00	0.00e+00	0.00e+00	2.68e-94
 4.45222e+13	2.54e-27	1.86e-19	1.27e-12	8.70e-07	9.98e-01	2.44e-03	0.00e+00	0.00e+00	0.00e+00	0.00e+00	0.00e+00	0.00e+00	6.26e-80
 4.63330e+13	3.45e-27	2.35e-19	1.49e-12	9.43e-07	9.98e-01	2.25e-03	0.00e+00	0.00e+00	0.00e+00	0.00e+00	0.00e+00	0.00e+00	2.00e-93
 4.82163e+13	4.69e-27	2.97e-19	1.75e-12	1.02e-06	9.98e-01	2.07e-03	0.00e+00	0.00e+00	0.00e+00	0.00e+00	0.00e+00	0.00e+00	3.37e-79
 4.99657e+13	6.17e-27	3.66e-19	2.01e-12	1.10e-06	9.98e-01	1.93e-03	0.00e+00	0.00e+00	0.00e+00	0.00e+00	0.00e+00	0.00e+00	1.35e-92
 5.15063e+13	7.81e-27	4.37e-19	2.27e-12	1.17e-06	9.98e-01	1.82e-03	0.00e+00	0.00e+00	0.00e+00	0.00e+00	0.00e+00	0.00e+00	1.36e-78
 5.32338e+13	1.01e-26	5.30e-19	2.58e-12	1.25e-06	9.98e-01	1.70e-03	0.00e+00	0.00e+00	0.00e+00	0.00e+00	0.00e+00	0.00e+00	6.75e-92
 5.53094e+13	1.36e-26	6.62e-19	3.01e-12	1.35e-06	9.98e-01	1.58e-03	0.00e+00	0.00e+00	0.00e+00	0.00e+00	0.00e+00	0.00e+00	6.19e-78
 5.74365e+13	1.82e-26	8.27e-19	3.49e-12	1.45e-06	9.99e-01	1.46e-03	0.00e+00	0.00e+00	0.00e+00	0.00e+00	0.00e+00	0.00e+00	4.65e-91
 5.94705e+13	2.38e-26	1.01e-18	4.01e-12	1.56e-06	9.99e-01	1.36e-03	0.00e+00	0.00e+00	0.00e+00	0.00e+00	0.00e+00	0.00e+00	2.89e-77
 6.17010e+13	3.17e-26	1.26e-18	4.63e-12	1.67e-06	9.99e-01	1.27e-03	0.00e+00	0.00e+00	0.00e+00	0.00e+00	0.00e+00	0.00e+00	6.39e-77
 6.41990e+13	4.31e-26	1.59e-18	5.43e-12	1.81e-06	9.99e-01	1.17e-03	0.00e+00	0.00e+00	0.00e+00	0.00e+00	0.00e+00	0.00e+00	1.48e-76
 6.67226e+13	5.83e-26	1.99e-18	6.32e-12	1.96e-06	9.99e-01	1.08e-03	0.00e+00	0.00e+00	0.00e+00	0.00e+00	0.00e+00	0.00e+00	3.41e-76
 6.93470e+13	7.83e-26	2.49e-18	7.37e-12	2.12e-06	9.99e-01	1.00e-03	0.00e+00	0.00e+00	0.00e+00	0.00e+00	0.00e+00	0.00e+00	7.63e-76
 7.21508e+13	1.07e-25	3.14e-18	8.62e-12	2.29e-06	9.99e-01	9.24e-04	0.00e+00	0.00e+00	0.00e+00	0.00e+00	0.00e+00	0.00e+00	1.79e-75
 7.50668e+13	1.45e-25	3.97e-18	1.01e-11	2.48e-06	9.99e-01	8.54e-04	0.00e+00	0.00e+00	0.00e+00	0.00e+00	0.00e+00	0.00e+00	4.17e-75
 7.80994e+13	1.97e-25	5.00e-18	1.18e-11	2.69e-06	9.99e-01	7.88e-04	0.00e+00	0.00e+00	0.00e+00	0.00e+00	0.00e+00	0.00e+00	9.59e-75
 8.09312e+13	2.60e-25	6.17e-18	1.36e-11	2.89e-06	9.99e-01	7.33e-04	0.00e+00	0.00e+00	0.00e+00	0.00e+00	0.00e+00	0.00e+00	2.06e-74
 8.34307e+13	3.28e-25	7.35e-18	1.53e-11	3.07e-06	9.99e-01	6.89e-04	0.00e+00	0.00e+00	0.00e+00	0.00e+00	0.00e+00	0.00e+00	3.90e-74
 8.62224e+13	4.24e-25	8.94e-18	1.75e-11	3.28e-06	9.99e-01	6.45e-04	0.00e+00	0.00e+00	0.00e+00	0.00e+00	0.00e+00	0.00e+00	7.94e-74
 8.95713e+13	5.68e-25	1.11e-17	2.03e-11	3.54e-06	9.99e-01	5.97e-04	0.00e+00	0.00e+00	0.00e+00	0.00e+00	0.00e+00	0.00e+00	1.76e-73
 9.29263e+13	7.56e-25	1.38e-17	2.35e-11	3.82e-06	9.99e-01	5.54e-04	0.00e+00	0.00e+00	0.00e+00	0.00e+00	0.00e+00	0.00e+00	3.88e-73
 9.60021e+13	9.70e-25	1.67e-17	2.68e-11	4.08e-06	9.99e-01	5.19e-04	0.00e+00	0.00e+00	0.00e+00	0.00e+00	0.00e+00	0.00e+00	7.66e-73
 9.94331e+13	1.27e-24	2.05e-17	3.08e-11	4.37e-06	1.00e+00	4.83e-04	0.00e+00	0.00e+00	0.00e+00	0.00e+00	0.00e+00	0.00e+00	1.62e-72
 1.03415e+14	1.72e-24	2.58e-17	3.60e-11	4.74e-06	1.00e+00	4.46e-04	0.00e+00	0.00e+00	0.00e+00	0.00e+00	0.00e+00	0.00e+00	3.71e-72
 1.07302e+14	2.30e-24	3.21e-17	4.17e-11	5.10e-06	1.00e+00	4.14e-04	0.00e+00	0.00e+00	0.00e+00	0.00e+00	0.00e+00	0.00e+00	8.22e-72
 1.10961e+14	2.97e-24	3.90e-17	4.76e-11	5.46e-06	1.00e+00	3.87e-04	0.00e+00	0.00e+00	0.00e+00	0.00e+00	0.00e+00	0.00e+00	1.65e-71
 1.15045e+14	3.93e-24	4.83e-17	5.50e-11	5.87e-06	1.00e+00	3.60e-04	0.00e+00	0.00e+00	0.00e+00	0.00e+00	1.56e-17	3.27e-17	3.61e-71
 1.19677e+14	5.32e-24	6.07e-17	6.44e-11	6.36e-06	1.00e+00	3.32e-04	0.00e+00	0.00e+00	0.00e+00	0.00e+00	2.02e-17	4.06e-17	8.24e-71
 1.24285e+14	7.14e-24	7.58e-17	7.49e-11	6.86e-06	1.00e+00	3.08e-04	0.00e+00	0.00e+00	0.00e+00	0.00e+00	2.52e-17	5.07e-17	1.85e-70
 1.29077e+14	9.59e-24	9.49e-17	8.71e-11	7.41e-06	1.00e+00	2.85e-04	0.00e+00	0.00e+00	0.00e+00	0.00e+00	3.15e-17	6.34e-17	4.17e-70
 1.34270e+14	1.30e-23	1.20e-16	1.02e-10	8.02e-06	1.00e+00	2.63e-04	0.00e+00	0.00e+00	0.00e+00	0.00e+00	3.97e-17	7.99e-17	9.66e-70
 1.39671e+14	1.76e-23	1.50e-16	1.19e-10	8.69e-06	1.00e+00	2.43e-04	0.00e+00	0.00e+00	0.00e+00	0.00e+00	5.00e-17	1.01e-16	2.22e-69
 1.45287e+14	2.41e-23	1.90e-16	1.40e-10	9.40e-06	1.00e+00	2.25e-04	0.00e+00	0.00e+00	0.00e+00	0.00e+00	6.32e-17	1.27e-16	5.23e-69
 1.50923e+14	3.22e-23	2.37e-16	1.63e-10	1.02e-05	1.00e+00	2.08e-04	0.00e+00	0.00e+00	0.00e+00	0.00e+00	7.88e-17	1.59e-16	1.16e-68
 1.56784e+14	4.34e-23	2.97e-16	1.90e-10	1.10e-05	1.00e+00	1.93e-04	0.00e+00	0.00e+00	0.00e+00	0.00e+00	9.86e-17	1.98e-16	2.63e-68
 1.62763e+14	5.82e-23	3.71e-16	2.20e-10	1.18e-05	1.00e+00	1.79e-04	0.00e+00	0.00e+00	0.00e+00	0.00e+00	1.23e-16	2.48e-16	5.92e-68
 1.68447e+14	7.60e-23	4.54e-16	2.52e-10	1.27e-05	1.00e+00	1.67e-04	0.00e+00	0.00e+00	0.00e+00	0.00e+00	1.51e-16	3.03e-16	1.23e-67
 1.74682e+14	1.01e-22	5.63e-16	2.92e-10	1.36e-05	1.00e+00	1.55e-04	0.00e+00	0.00e+00	0.00e+00	0.00e+00	1.87e-16	3.76e-16	2.69e-67
 1.81699e+14	1.37e-22	7.10e-16	3.42e-10	1.48e-05	1.00e+00	1.43e-04	0.00e+00	0.00e+00	0.00e+00	0.00e+00	2.36e-16	4.74e-16	6.25e-67
 1.88682e+14	1.84e-22	8.86e-16	3.98e-10	1.59e-05	1.00e+00	1.33e-04	0.00e+00	0.00e+00	0.00e+00	0.00e+00	2.94e-16	5.92e-16	1.40e-66
 1.94923e+14	2.37e-22	1.07e-15	4.53e-10	1.70e-05	1.00e+00	1.24e-04	0.00e+00	0.00e+00	0.00e+00	0.00e+00	3.56e-16	7.17e-16	2.80e-66
 2.00593e+14	2.95e-22	1.27e-15	5.08e-10	1.80e-05	1.00e+00	1.17e-04	0.00e+00	0.00e+00	0.00e+00	0.00e+00	4.20e-16	8.46e-16	5.11e-66
 2.07111e+14	3.80e-22	1.53e-15	5.77e-10	1.92e-05	1.00e+00	1.10e-04	0.00e+00	0.00e+00	0.00e+00	0.00e+00	5.09e-16	1.02e-15	1.03e-65
 2.15026e+14	5.06e-22	1.90e-15	6.71e-10	2.07e-05	1.00e+00	1.02e-04	0.00e+00	0.00e+00	0.00e+00	0.00e+00	6.31e-16	1.27e-15	2.25e-65
 2.23067e+14	6.75e-22	2.37e-15	7.76e-10	2.23e-05	1.00e+00	9.49e-05	0.00e+00	0.00e+00	0.00e+00	0.00e+00	7.85e-16	1.58e-15	5.00e-65
 2.30491e+14	8.63e-22	2.85e-15	8.85e-10	2.38e-05	1.00e+00	8.89e-05	0.00e+00	0.00e+00	0.00e+00	0.00e+00	9.46e-16	1.90e-15	9.81e-65
 2.38800e+14	1.13e-21	3.50e-15	1.02e-09	2.56e-05	1.00e+00	8.28e-05	0.00e+00	0.00e+00	0.00e+00	0.00e+00	1.16e-15	2.34e-15	2.08e-64
 2.47823e+14	1.51e-21	4.35e-15	1.18e-09	2.76e-05	1.00e+00	7.68e-05	0.00e+00	0.00e+00	0.00e+00	0.00e+00	1.44e-15	2.90e-15	4.53e-64
 2.55932e+14	1.94e-21	5.26e-15	1.34e-09	2.94e-05	1.00e+00	7.20e-05	0.00e+00	0.00e+00	0.00e+00	0.00e+00	1.75e-15	3.52e-15	9.13e-64
 2.64636e+14	2.48e-21	6.35e-15	1.54e-09	3.15e-05	1.00e+00	6.72e-05	0.00e+00	0.00e+00	0.00e+00	0.00e+00	2.11e-15	4.24e-15	1.79e-63
 2.74440e+14	3.29e-21	7.88e-15	1.78e-09	3.39e-05	1.00e+00	6.25e-05	0.00e+00	0.00e+00	0.00e+00	0.00e+00	2.61e-15	5.27e-15	3.94e-63
 2.83815e+14	4.21e-21	9.50e-15	2.03e-09	3.63e-05	1.00e+00	5.84e-05	0.00e+00	0.00e+00	0.00e+00	0.00e+00	3.15e-15	6.35e-15	7.70e-63
 2.94086e+14	5.49e-21	1.16e-14	2.34e-09	3.90e-05	1.00e+00	5.42e-05	0.00e+00	0.00e+00	0.00e+00	0.00e+00	3.86e-15	7.78e-15	1.60e-62
 3.05371e+14	7.30e-21	1.45e-14	2.72e-09	4.21e-05	1.00e+00	5.03e-05	0.00e+00	0.00e+00	0.00e+00	0.00e+00	4.79e-15	9.66e-15	3.51e-62
 3.15842e+14	9.44e-21	1.76e-14	3.12e-09	4.51e-05	1.00e+00	4.69e-05	0.00e+00	0.00e+00	0.00e+00	0.00e+00	5.84e-15	1.18e-14	7.16e-62
 3.27240e+14	1.21e-20	2.14e-14	3.59e-09	4.85e-05	1.00e+00	4.36e-05	0.00e+00	0.00e+00	0.00e+00	0.00e+00	7.08e-15	1.43e-14	1.43e-61
 3.39991e+14	1.61e-20	2.65e-14	4.19e-09	5.24e-05	1.00e+00	4.03e-05	0.00e+00	0.00e+00	0.00e+00	0.00e+00	8.79e-15	1.77e-14	3.09e-61
 3.52106e+14	2.10e-20	3.26e-14	4.82e-09	5.63e-05	1.00e+00	3.75e-05	0.00e+00	0.00e+00	0.00e+00	0.00e+00	1.08e-14	2.18e-14	6.48e-61
 3.65074e+14	2.69e-20	3.95e-14	5.57e-09	6.07e-05	1.00e+00	3.48e-05	0.00e+00	0.00e+00	0.00e+00	0.00e+00	1.31e-14	2.64e-14	1.28e-60
 3.79415e+14	3.60e-20	4.94e-14	6.50e-09	6.57e-05	1.00e+00	3.21e-05	0.00e+00	0.00e+00	0.00e+00	0.00e+00	1.64e-14	3.31e-14	2.88e-60
 3.93435e+14	4.59e-20	5.98e-14	7.52e-09	7.10e-05	1.00e+00	2.97e-05	0.00e+00	0.00e+00	0.00e+00	0.00e+00	1.98e-14	4.00e-14	5.59e-60
 4.08309e+14	6.01e-20	7.36e-14	8.72e-09	7.66e-05	1.00e+00	2.75e-05	0.00e+00	0.00e+00	0.00e+00	0.00e+00	2.44e-14	4.92e-14	1.18e-59
 4.24671e+14	7.93e-20	9.13e-14	1.02e-08	8.32e-05	1.00e+00	2.53e-05	0.00e+00	0.00e+00	0.00e+00	0.00e+00	3.03e-14	6.11e-14	2.53e-59
 4.41201e+14	1.04e-19	1.13e-13	1.19e-08	9.01e-05	1.00e+00	2.34e-05	0.00e+00	0.00e+00	0.00e+00	0.00e+00	3.76e-14	7.59e-14	5.48e-59
 4.58393e+14	1.34e-19	1.38e-13	1.39e-08	9.79e-05	1.00e+00	2.15e-05	0.00e+00	0.00e+00	0.00e+00	0.00e+00	4.57e-14	9.23e-14	1.08e-58
 4.76758e+14	1.77e-19	1.71e-13	1.63e-08	1.06e-04	1.00e+00	1.98e-05	0.00e+00	0.00e+00	0.00e+00	0.00e+00	5.68e-14	1.15e-13	2.34e-58
 4.95858e+14	2.29e-19	2.11e-13	1.91e-08	1.16e-04	1.00e+00	1.82e-05	0.00e+00	0.00e+00	0.00e+00	0.00e+00	6.98e-14	1.41e-13	4.81e-58
 5.14048e+14	2.94e-19	2.57e-13	2.20e-08	1.25e-04	1.00e+00	1.69e-05	0.00e+00	0.00e+00	0.00e+00	0.00e+00	8.50e-14	1.72e-13	9.68e-58
 5.30720e+14	3.67e-19	3.06e-13	2.50e-08	1.34e-04	1.00e+00	1.58e-05	0.00e+00	0.00e+00	0.00e+00	0.00e+00	1.01e-13	2.05e-13	1.80e-57
 5.46515e+14	4.44e-19	3.57e-13	2.82e-08	1.42e-04	1.00e+00	1.48e-05	0.00e+00	0.00e+00	0.00e+00	0.00e+00	1.18e-13	2.39e-13	3.08e-57
 5.63936e+14	5.40e-19	4.18e-13	3.20e-08	1.52e-04	1.00e+00	1.39e-05	0.00e+00	0.00e+00	0.00e+00	0.00e+00	1.38e-13	2.80e-13	5.32e-57
 5.83274e+14	6.83e-19	5.04e-13	3.66e-08	1.64e-04	1.00e+00	1.29e-05	0.00e+00	0.00e+00	0.00e+00	0.00e+00	1.67e-13	3.37e-13	1.03e-56
 6.01440e+14	8.21e-19	5.86e-13	4.15e-08	1.75e-04	1.00e+00	1.21e-05	0.00e+00	0.00e+00	0.00e+00	0.00e+00	1.94e-13	3.92e-13	1.73e-56
 6.21396e+14	1.03e-18	7.02e-13	4.73e-08	1.88e-04	1.00e+00	1.13e-05	0.00e+00	0.00e+00	0.00e+00	0.00e+00	2.32e-13	4.70e-13	3.29e-56
 6.43754e+14	1.27e-18	8.35e-13	5.45e-08	2.03e-04	1.00e+00	1.05e-05	0.00e+00	0.00e+00	0.00e+00	0.00e+00	2.76e-13	5.59e-13	6.00e-56
 6.64894e+14	1.59e-18	9.97e-13	6.21e-08	2.18e-04	1.00e+00	9.77e-06	0.00e+00	0.00e+00	0.00e+00	0.00e+00	3.30e-13	6.67e-13	1.13e-55
 6.84931e+14	1.89e-18	1.15e-12	7.00e-08	2.33e-04	1.00e+00	9.17e-06	0.00e+00	0.00e+00	0.00e+00	0.00e+00	3.80e-13	7.70e-13	1.85e-55
 7.07877e+14	2.35e-18	1.38e-12	7.99e-08	2.50e-04	1.00e+00	8.56e-06	0.00e+00	0.00e+00	0.00e+00	0.00e+00	4.55e-13	9.22e-13	3.50e-55
 7.33524e+14	2.91e-18	1.64e-12	9.23e-08	2.71e-04	1.00e+00	7.94e-06	0.00e+00	0.00e+00	0.00e+00	0.00e+00	5.41e-13	1.10e-12	6.41e-55
 7.57559e+14	3.58e-18	1.94e-12	1.05e-07	2.91e-04	1.00e+00	7.42e-06	0.00e+00	0.00e+00	0.00e+00	0.00e+00	6.41e-13	1.30e-12	1.17e-54
 7.83683e+14	4.43e-18	2.32e-12	1.20e-07	3.14e-04	1.00e+00	6.91e-06	0.00e+00	0.00e+00	0.00e+00	0.00e+00	7.65e-13	1.55e-12	2.20e-54
 8.12647e+14	5.47e-18	2.76e-12	1.39e-07	3.40e-04	1.00e+00	6.41e-06	0.00e+00	0.00e+00	0.00e+00	0.00e+00	9.12e-13	1.85e-12	4.08e-54
 8.39491e+14	6.72e-18	3.26e-12	1.59e-07	3.66e-04	1.00e+00	5.99e-06	0.00e+00	0.00e+00	0.00e+00	0.00e+00	1.08e-12	2.18e-12	7.42e-54
 8.68576e+14	8.36e-18	3.91e-12	1.82e-07	3.94e-04	1.00e+00	5.59e-06	0.00e+00	0.00e+00	0.00e+00	0.00e+00	1.29e-12	2.62e-12	1.42e-53
 9.01111e+14	1.03e-17	4.66e-12	2.11e-07	4.28e-04	1.00e+00	5.18e-06	0.00e+00	0.00e+00	0.00e+00	0.00e+00	1.54e-12	3.12e-12	2.68e-53
 9.31629e+14	1.27e-17	5.54e-12	2.41e-07	4.60e-04	1.00e+00	4.85e-06	0.00e+00	0.00e+00	0.00e+00	0.00e+00	1.83e-12	3.71e-12	4.99e-53
 9.64800e+14	1.59e-17	6.65e-12	2.77e-07	4.97e-04	9.99e-01	4.52e-06	0.00e+00	0.00e+00	0.00e+00	0.00e+00	2.20e-12	4.45e-12	9.71e-53
 1.00189e+15	1.99e-17	8.00e-12	3.22e-07	5.42e-04	9.99e-01	4.19e-06	0.00e+00	0.00e+00	0.00e+00	0.00e+00	2.64e-12	5.36e-12	1.91e-52
 1.03672e+15	2.47e-17	9.58e-12	3.69e-07	5.84e-04	9.99e-01	3.92e-06	0.00e+00	0.00e+00	0.00e+00	0.00e+00	3.16e-12	6.42e-12	3.70e-52
 1.07428e+15	3.05e-17	1.14e-11	4.25e-07	6.32e-04	9.99e-01	3.66e-06	0.00e+00	0.00e+00	0.00e+00	0.00e+00	3.77e-12	7.65e-12	7.09e-52
 1.11622e+15	3.87e-17	1.39e-11	4.96e-07	6.89e-04	9.99e-01	3.40e-06	0.00e+00	0.00e+00	0.00e+00	0.00e+00	4.59e-12	9.32e-12	1.48e-51
 1.15643e+15	4.82e-17	1.67e-11	5.71e-07	7.45e-04	9.99e-01	3.19e-06	0.00e+00	4.12e-18	1.24e-17	2.07e-17	5.52e-12	1.12e-11	2.94e-51
 1.19931e+15	6.02e-17	2.01e-11	6.61e-07	8.10e-04	9.99e-01	2.98e-06	0.00e+00	5.16e-18	1.55e-17	2.59e-17	6.65e-12	1.35e-11	5.90e-51
 1.24732e+15	7.69e-17	2.47e-11	7.73e-07	8.82e-04	9.99e-01	2.78e-06	0.00e+00	6.60e-18	1.98e-17	3.30e-17	8.15e-12	1.65e-11	1.27e-50
 1.29548e+15	9.81e-17	3.01e-11	9.01e-07	9.61e-04	9.99e-01	2.60e-06	0.00e+00	8.43e-18	2.53e-17	4.22e-17	9.94e-12	2.02e-11	2.71e-50
 1.34557e+15	1.24e-16	3.67e-11	1.05e-06	1.05e-03	9.99e-01	2.44e-06	0.00e+00	1.07e-17	3.21e-17	5.35e-17	1.21e-11	2.46e-11	5.82e-50
 1.39942e+15	1.58e-16	4.49e-11	1.22e-06	1.14e-03	9.99e-01	2.28e-06	0.00e+00	1.36e-17	4.09e-17	6.82e-17	1.48e-11	3.01e-11	1.26e-49
 1.45543e+15	2.05e-16	5.54e-11	1.43e-06	1.25e-03	9.99e-01	2.15e-06	0.00e+00	1.77e-17	5.30e-17	8.85e-17	1.83e-11	3.71e-11	2.85e-49
 1.50370e+15	2.50e-16	6.55e-11	1.63e-06	1.34e-03	9.99e-01	2.05e-06	0.00e+00	2.15e-17	6.47e-17	1.08e-16	2.16e-11	4.39e-11	5.48e-49
 1.54064e+15	2.94e-16	7.47e-11	1.80e-06	1.41e-03	9.99e-01	1.97e-06	0.00e+00	2.54e-17	7.63e-17	1.27e-16	2.47e-11	5.01e-11	9.25e-49
 1.58021e+15	3.47e-16	8.55e-11	1.99e-06	1.50e-03	9.98e-01	1.90e-06	0.00e+00	3.00e-17	8.99e-17	1.50e-16	2.82e-11	5.73e-11	1.57e-48
 1.63166e+15	4.21e-16	1.01e-10	2.26e-06	1.60e-03	9.98e-01	1.82e-06	0.00e+00	3.64e-17	1.09e-16	1.82e-16	3.33e-11	6.76e-11	2.99e-48
 1.68793e+15	5.30e-16	1.22e-10	2.58e-06	1.73e-03	9.98e-01	1.74e-06	0.00e+00	4.60e-17	1.38e-16	2.30e-16	4.02e-11	8.14e-11	6.32e-48
 1.73907e+15	6.46e-16	1.43e-10	2.91e-06	1.85e-03	9.98e-01	1.68e-06	0.00e+00	5.60e-17	1.68e-16	2.81e-16	4.72e-11	9.57e-11	1.19e-47
 1.79417e+15	7.94e-16	1.69e-10	3.29e-06	1.98e-03	9.98e-01	1.62e-06	0.00e+00	6.89e-17	2.07e-16	3.45e-16	5.59e-11	1.13e-10	2.33e-47
 1.86184e+15	1.01e-15	2.06e-10	3.82e-06	2.15e-03	9.98e-01	1.55e-06	0.00e+00	8.78e-17	2.63e-16	4.40e-16	6.82e-11	1.38e-10	5.15e-47
 1.92965e+15	1.28e-15	2.52e-10	4.40e-06	2.33e-03	9.98e-01	1.49e-06	0.00e+00	1.12e-16	3.36e-16	5.60e-16	8.31e-11	1.68e-10	1.12e-46
 1.98927e+15	1.55e-15	2.95e-10	4.97e-06	2.49e-03	9.98e-01	1.45e-06	0.00e+00	1.35e-16	4.04e-16	6.75e-16	9.73e-11	1.97e-10	2.09e-46
 2.05442e+15	1.92e-15	3.52e-10	5.65e-06	2.67e-03	9.97e-01	1.41e-06	0.00e+00	1.67e-16	5.02e-16	8.37e-16	1.16e-10	2.35e-10	4.22e-46
 2.13308e+15	2.51e-15	4.36e-10	6.56e-06	2.90e-03	9.97e-01	1.37e-06	0.00e+00	2.19e-16	6.58e-16	1.10e-15	1.44e-10	2.92e-10	9.95e-46
 2.21154e+15	3.21e-15	5.33e-10	7.57e-06	3.14e-03	9.97e-01	1.33e-06	0.00e+00	2.80e-16	8.41e-16	1.40e-15	1.76e-10	3.57e-10	2.20e-45
 2.28197e+15	3.97e-15	6.34e-10	8.58e-06	3.36e-03	9.97e-01	1.30e-06	0.00e+00	3.47e-16	1.04e-15	1.74e-15	2.10e-10	4.25e-10	4.37e-45
 2.35974e+15	4.90e-15	7.57e-10	9.80e-06	3.61e-03	9.96e-01	1.28e-06	0.00e+00	4.29e-16	1.29e-15	2.15e-15	2.50e-10	5.06e-10	8.72e-45
 2.45179e+15	6.51e-15	9.49e-10	1.14e-05	3.93e-03	9.96e-01	1.25e-06	0.00e+00	5.71e-16	1.71e-15	2.86e-15	3.14e-10	6.35e-10	2.14e-44
 2.54274e+15	8.39e-15	1.17e-09	1.32e-05	4.26e-03	9.96e-01	1.23e-06	0.00e+00	7.37e-16	2.21e-15	3.69e-15	3.86e-10	7.80e-10	4.77e-44
 2.62666e+15	1.05e-14	1.40e-09	1.50e-05	4.57e-03	9.95e-01	1.22e-06	0.00e+00	9.23e-16	2.77e-15	4.62e-15	4.64e-10	9.37e-10	9.74e-44
 2.72107e+15	1.35e-14	1.71e-09	1.73e-05	4.93e-03	9.95e-01	1.20e-06	0.00e+00	1.18e-15	3.55e-15	5.92e-15	5.67e-10	1.15e-09	2.14e-43
 2.82993e+15	1.72e-14	2.11e-09	2.02e-05	5.36e-03	9.95e-01	1.19e-06	0.00e+00	1.51e-15	4.54e-15	7.58e-15	6.97e-10	1.41e-09	4.71e-43
 2.93674e+15	2.30e-14	2.64e-09	2.35e-05	5.81e-03	9.94e-01	1.18e-06	0.00e+00	2.02e-15	6.08e-15	1.01e-14	8.76e-10	1.77e-09	1.14e-42
 3.03912e+15	2.93e-14	3.22e-09	2.69e-05	6.25e-03	9.94e-01	1.18e-06	0.00e+00	2.58e-15	7.75e-15	1.29e-14	1.07e-09	2.16e-09	2.41e-42
 3.15203e+15	3.77e-14	3.97e-09	3.11e-05	6.76e-03	9.93e-01	1.17e-06	0.00e+00	3.33e-15	1.00e-14	1.67e-14	1.31e-09	2.65e-09	5.28e-42
 3.27814e+15	4.87e-14	4.90e-09	3.64e-05	7.35e-03	9.93e-01	1.16e-06	0.00e+00	4.30e-15	1.29e-14	2.15e-14	1.62e-09	3.28e-09	1.17e-41
 3.40930e+15	6.62e-14	6.25e-09	4.26e-05	8.00e-03	9.92e-01	1.17e-06	0.00e+00	5.86e-15	1.76e-14	2.93e-14	2.07e-09	4.18e-09	2.93e-41
 3.54570e+15	8.80e-14	7.87e-09	4.99e-05	8.70e-03	9.91e-01	1.17e-06	0.00e+00	7.79e-15	2.34e-14	3.90e-14	2.61e-09	5.26e-09	6.86e-41
 3.68756e+15	1.16e-13	9.86e-09	5.83e-05	9.45e-03	9.90e-01	1.17e-06	0.00e+00	1.03e-14	3.08e-14	5.14e-14	3.27e-09	6.59e-09	1.56e-40
 3.81087e+15	1.47e-13	1.20e-08	6.66e-05	1.01e-02	9.90e-01	1.18e-06	0.00e+00	1.30e-14	3.91e-14	6.51e-14	3.96e-09	7.99e-09	3.16e-40
 3.90631e+15	1.76e-13	1.38e-08	7.35e-05	1.07e-02	9.89e-01	1.18e-06	0.00e+00	1.56e-14	4.69e-14	7.82e-14	4.59e-09	9.26e-09	5.22e-40
 4.00856e+15	2.12e-13	1.61e-08	8.15e-05	1.13e-02	9.89e-01	1.19e-06	0.00e+00	1.88e-14	5.66e-14	9.43e-14	5.34e-09	1.08e-08	9.07e-40
 4.14148e+15	2.63e-13	1.92e-08	9.29e-05	1.21e-02	9.88e-01	1.19e-06	0.00e+00	2.33e-14	7.00e-14	1.17e-13	6.37e-09	1.28e-08	1.67e-39
 4.28636e+15	3.45e-13	2.39e-08	1.07e-04	1.30e-02	9.87e-01	1.20e-06	0.00e+00	3.07e-14	9.21e-14	1.54e-13	7.93e-09	1.60e-08	3.71e-39
 4.41760e+15	4.26e-13	2.85e-08	1.21e-04	1.39e-02	9.86e-01	1.20e-06	8.57e-13	3.79e-14	1.14e-13	1.90e-13	9.45e-09	1.90e-08	6.88e-39
 4.55902e+15	5.27e-13	3.39e-08	1.37e-04	1.48e-02	9.85e-01	1.21e-06	0.00e+00	4.69e-14	1.41e-13	2.35e-13	1.12e-08	2.27e-08	1.27e-38
 4.73174e+15	7.05e-13	4.29e-08	1.59e-04	1.60e-02	9.84e-01	1.22e-06	0.00e+00	6.28e-14	1.89e-13	3.14e-13	1.42e-08	2.87e-08	2.93e-38
 4.90251e+15	9.08e-13	5.28e-08	1.84e-04	1.73e-02	9.83e-01	1.22e-06	9.19e-13	8.09e-14	2.43e-13	4.05e-13	1.75e-08	3.53e-08	6.01e-38
 5.05099e+15	1.11e-12	6.24e-08	2.07e-04	1.84e-02	9.81e-01	1.23e-06	0.00e+00	9.90e-14	2.97e-13	4.95e-13	2.07e-08	4.17e-08	1.06e-37
 5.21317e+15	1.40e-12	7.52e-08	2.36e-04	1.96e-02	9.80e-01	1.24e-06	0.00e+00	1.24e-13	3.73e-13	6.23e-13	2.50e-08	5.03e-08	2.03e-37
 5.41095e+15	1.88e-12	9.55e-08	2.74e-04	2.13e-02	9.78e-01	1.25e-06	0.00e+00	1.67e-13	5.02e-13	8.38e-13	3.17e-08	6.38e-08	4.65e-37
 5.60772e+15	2.41e-12	1.18e-07	3.17e-04	2.29e-02	9.77e-01	1.25e-06	1.00e-12	2.15e-13	6.46e-13	1.08e-12	3.91e-08	7.88e-08	9.20e-37
 5.78167e+15	2.97e-12	1.40e-07	3.59e-04	2.45e-02	9.75e-01	1.26e-06	0.00e+00	2.65e-13	7.96e-13	1.33e-12	4.65e-08	9.35e-08	1.58e-36
 5.97326e+15	3.76e-12	1.70e-07	4.11e-04	2.62e-02	9.73e-01	1.27e-06	0.00e+00	3.36e-13	1.01e-12	1.68e-12	5.65e-08	1.14e-07	3.03e-36
 6.20319e+15	5.08e-12	2.17e-07	4.80e-04	2.85e-02	9.71e-01	1.28e-06	0.00e+00	4.54e-13	1.36e-12	2.27e-12	7.22e-08	1.45e-07	6.97e-36
 6.43020e+15	6.60e-12	2.71e-07	5.57e-04	3.07e-02	9.69e-01	1.29e-06	1.09e-12	5.91e-13	1.77e-12	2.96e-12	8.98e-08	1.81e-07	1.43e-35
 6.63505e+15	8.30e-12	3.27e-07	6.34e-04	3.28e-02	9.67e-01	1.30e-06	0.00e+00	7.44e-13	2.23e-12	3.72e-12	1.09e-07	2.19e-07	2.63e-35
 6.86386e+15	1.06e-11	4.01e-07	7.31e-04	3.53e-02	9.64e-01	1.30e-06	0.00e+00	9.53e-13	2.86e-12	4.77e-12	1.33e-07	2.68e-07	5.11e-35
 7.12099e+15	1.40e-11	5.04e-07	8.52e-04	3.83e-02	9.61e-01	1.31e-06	0.00e+00	1.26e-12	3.77e-12	6.29e-12	1.67e-07	3.37e-07	1.07e-34
 7.36911e+15	1.79e-11	6.20e-07	9.84e-04	4.12e-02	9.58e-01	1.31e-06	0.00e+00	1.61e-12	4.83e-12	8.06e-12	2.06e-07	4.14e-07	2.04e-34
 7.60140e+15	2.23e-11	7.41e-07	1.12e-03	4.40e-02	9.55e-01	1.32e-06	0.00e+00	2.00e-12	6.00e-12	1.00e-11	2.46e-07	4.95e-07	3.57e-34
 7.85895e+15	2.85e-11	9.10e-07	1.29e-03	4.73e-02	9.51e-01	1.32e-06	0.00e+00	2.57e-12	7.69e-12	1.28e-11	3.02e-07	6.08e-07	6.85e-34
 8.14353e+15	3.81e-11	1.16e-06	1.51e-03	5.13e-02	9.47e-01	1.33e-06	0.00e+00	3.43e-12	1.03e-11	1.71e-11	3.85e-07	7.73e-07	1.47e-33
 8.40437e+15	4.82e-11	1.41e-06	1.73e-03	5.50e-02	9.43e-01	1.34e-06	1.23e-12	4.34e-12	1.30e-11	2.17e-11	4.69e-07	9.43e-07	2.71e-33
 8.68457e+15	6.19e-11	1.73e-06	1.99e-03	5.92e-02	9.39e-01	1.34e-06	0.00e+00	5.58e-12	1.67e-11	2.79e-11	5.76e-07	1.16e-06	5.01e-33
 8.99895e+15	7.99e-11	2.14e-06	2.33e-03	6.41e-02	9.34e-01	1.34e-06	0.00e+00	7.21e-12	2.16e-11	3.60e-11	7.10e-07	1.43e-06	9.41e-33
 9.27791e+15	1.03e-10	2.65e-06	2.67e-03	6.88e-02	9.28e-01	1.35e-06	0.00e+00	9.30e-12	2.79e-11	4.65e-11	8.81e-07	1.77e-06	1.84e-32
 9.49889e+15	1.24e-10	3.09e-06	2.96e-03	7.26e-02	9.24e-01	1.35e-06	0.00e+00	1.12e-11	3.35e-11	5.59e-11	1.03e-06	2.06e-06	2.89e-32
 9.72433e+15	1.49e-10	3.60e-06	3.30e-03	7.67e-02	9.20e-01	1.35e-06	0.00e+00	1.35e-11	4.04e-11	6.74e-11	1.20e-06	2.41e-06	4.58e-32
 1.00174e+16	1.89e-10	4.37e-06	3.78e-03	8.22e-02	9.14e-01	1.35e-06	0.00e+00	1.71e-11	5.13e-11	8.55e-11	1.45e-06	2.92e-06	8.11e-32
 1.03360e+16	2.45e-10	5.42e-06	4.38e-03	8.86e-02	9.07e-01	1.35e-06	0.00e+00	2.22e-11	6.66e-11	1.11e-10	1.80e-06	3.62e-06	1.53e-31
 1.06195e+16	3.03e-10	6.47e-06	4.97e-03	9.45e-02	9.01e-01	1.35e-06	0.00e+00	2.74e-11	8.23e-11	1.37e-10	2.15e-06	4.32e-06	2.50e-31
 1.08783e+16	3.66e-10	7.53e-06	5.57e-03	1.00e-01	8.94e-01	1.35e-06	0.00e+00	3.32e-11	9.95e-11	1.66e-10	2.50e-06	5.03e-06	3.86e-31
 1.11735e+16	4.59e-10	9.06e-06	6.35e-03	1.07e-01	8.87e-01	1.34e-06	0.00e+00	4.16e-11	1.25e-10	2.08e-10	3.02e-06	6.05e-06	6.55e-31
 1.15009e+16	6.02e-10	1.13e-05	7.34e-03	1.15e-01	8.77e-01	1.36e-06	0.00e+00	5.46e-11	1.64e-10	2.73e-10	3.78e-06	7.57e-06	1.27e-30
 1.18015e+16	7.53e-10	1.37e-05	8.37e-03	1.23e-01	8.68e-01	1.35e-06	0.00e+00	6.83e-11	2.05e-10	3.42e-10	4.55e-06	9.12e-06	2.14e-30
 1.20816e+16	9.31e-10	1.62e-05	9.45e-03	1.31e-01	8.59e-01	1.35e-06	0.00e+00	8.46e-11	2.54e-10	4.23e-10	5.41e-06	1.08e-05	3.46e-30
 1.24037e+16	1.19e-09	1.98e-05	1.09e-02	1.41e-01	8.49e-01	1.35e-06	0.00e+00	1.08e-10	3.24e-10	5.40e-10	6.57e-06	1.32e-05	5.97e-30
 1.27449e+16	1.54e-09	2.45e-05	1.26e-02	1.51e-01	8.36e-01	1.35e-06	0.00e+00	1.40e-10	4.20e-10	7.01e-10	8.14e-06	1.63e-05	1.08e-29
 1.30352e+16	1.91e-09	2.92e-05	1.43e-02	1.61e-01	8.25e-01	1.36e-06	0.00e+00	1.74e-10	5.22e-10	8.71e-10	9.71e-06	1.95e-05	1.74e-29
 1.32967e+16	2.33e-09	3.41e-05	1.60e-02	1.70e-01	8.14e-01	1.36e-06	0.00e+00	2.12e-10	6.37e-10	1.06e-09	1.14e-05	2.27e-05	2.64e-29
 1.35963e+16	2.89e-09	4.04e-05	1.83e-02	1.82e-01	8.00e-01	1.35e-06	0.00e+00	2.64e-10	7.91e-10	1.32e-09	1.35e-05	2.70e-05	4.16e-29
 1.39254e+16	3.85e-09	5.10e-05	2.12e-02	1.95e-01	7.83e-01	1.37e-06	0.00e+00	3.51e-10	1.05e-09	1.76e-09	1.70e-05	3.40e-05	8.10e-29
 1.42158e+16	4.76e-09	6.06e-05	2.41e-02	2.08e-01	7.68e-01	1.37e-06	1.65e-12	4.35e-10	1.31e-09	2.18e-09	2.02e-05	4.04e-05	1.26e-28
 1.44736e+16	5.77e-09	7.03e-05	2.71e-02	2.20e-01	7.53e-01	1.37e-06	0.00e+00	5.27e-10	1.58e-09	2.64e-09	2.34e-05	4.69e-05	1.86e-28
 1.47660e+16	7.57e-09	8.75e-05	3.12e-02	2.35e-01	7.34e-01	1.40e-06	0.00e+00	6.93e-10	2.08e-09	3.46e-09	2.91e-05	5.83e-05	3.51e-28
 1.50740e+16	9.44e-09	1.04e-04	3.59e-02	2.51e-01	7.13e-01	1.39e-06	1.84e-12	8.65e-10	2.59e-09	4.32e-09	3.46e-05	6.92e-05	5.31e-28
 1.53419e+16	1.21e-08	1.27e-04	4.09e-02	2.67e-01	6.92e-01	1.41e-06	0.00e+00	1.11e-09	3.33e-09	5.55e-09	4.25e-05	8.50e-05	9.58e-28
 1.55490e+16	1.45e-08	1.47e-04	4.52e-02	2.79e-01	6.75e-01	1.43e-06	2.08e-12	1.33e-09	3.99e-09	6.65e-09	4.91e-05	9.83e-05	1.44e-27
 1.57097e+16	1.68e-08	1.65e-04	4.90e-02	2.90e-01	6.61e-01	1.45e-06	0.00e+00	1.54e-09	4.63e-09	7.72e-09	5.51e-05	1.10e-04	1.97e-27
 1.58906e+16	2.01e-08	1.89e-04	5.38e-02	3.02e-01	6.44e-01	1.47e-06	0.00e+00	1.84e-09	5.52e-09	9.21e-09	6.29e-05	1.26e-04	2.88e-27
 1.61258e+16	2.42e-08	2.18e-04	6.06e-02	3.19e-01	6.20e-01	1.46e-06	2.36e-12	2.22e-09	6.67e-09	1.11e-08	7.26e-05	1.45e-04	4.10e-27
 1.63909e+16	3.19e-08	2.72e-04	6.99e-02	3.39e-01	5.91e-01	1.50e-06	0.00e+00	2.93e-09	8.80e-09	1.47e-08	9.07e-05	1.81e-04	7.89e-27
 1.66269e+16	3.94e-08	3.18e-04	7.92e-02	3.58e-01	5.62e-01	1.52e-06	2.82e-12	3.63e-09	1.09e-08	1.81e-08	1.06e-04	2.12e-04	1.20e-26
 1.68243e+16	4.84e-08	3.73e-04	8.84e-02	3.75e-01	5.36e-01	1.56e-06	0.00e+00	4.46e-09	1.34e-08	2.23e-08	1.24e-04	2.49e-04	1.89e-26
 1.70110e+16	6.06e-08	4.46e-04	9.85e-02	3.92e-01	5.09e-01	1.62e-06	3.55e-12	5.59e-09	1.68e-08	2.79e-08	1.49e-04	2.97e-04	3.29e-26
 1.71904e+16	7.38e-08	5.18e-04	1.09e-01	4.09e-01	4.81e-01	1.66e-06	0.00e+00	6.82e-09	2.04e-08	3.41e-08	1.73e-04	3.45e-04	5.12e-26
 1.73618e+16	8.79e-08	5.87e-04	1.21e-01	4.26e-01	4.53e-01	1.69e-06	4.36e-12	8.12e-09	2.44e-08	4.06e-08	1.96e-04	3.91e-04	7.30e-26
 1.75576e+16	1.15e-07	7.23e-04	1.36e-01	4.47e-01	4.16e-01	1.79e-06	0.00e+00	1.07e-08	3.20e-08	5.32e-08	2.41e-04	4.82e-04	1.46e-25
 1.77495e+16	1.46e-07	8.60e-04	1.53e-01	4.67e-01	3.79e-01	1.84e-06	6.24e-12	1.35e-08	4.04e-08	6.74e-08	2.87e-04	5.73e-04	2.54e-25
 1.78912e+16	1.72e-07	9.73e-04	1.67e-01	4.82e-01	3.50e-01	1.87e-06	0.00e+00	1.60e-08	4.78e-08	7.97e-08	3.24e-04	6.48e-04	3.70e-25
 1.80106e+16	2.02e-07	1.09e-03	1.80e-01	4.95e-01	3.24e-01	1.95e-06	8.21e-12	1.88e-08	5.63e-08	9.37e-08	3.64e-04	7.28e-04	5.47e-25
 1.81459e+16	2.48e-07	1.26e-03	1.96e-01	5.10e-01	2.92e-01	2.01e-06	0.00e+00	2.30e-08	6.90e-08	1.15e-07	4.20e-04	8.38e-04	9.07e-25
 1.82863e+16	3.02e-07	1.44e-03	2.14e-01	5.25e-01	2.59e-01	2.08e-06	1.17e-11	2.81e-08	8.42e-08	1.40e-07	4.81e-04	9.61e-04	1.47e-24
 1.83987e+16	3.49e-07	1.60e-03	2.29e-01	5.37e-01	2.32e-01	2.08e-06	0.00e+00	3.25e-08	9.76e-08	1.63e-07	5.34e-04	1.07e-03	2.11e-24
 1.84923e+16	4.04e-07	1.76e-03	2.42e-01	5.47e-01	2.09e-01	2.14e-06	0.00e+00	3.77e-08	1.13e-07	1.88e-07	5.87e-04	1.17e-03	3.03e-24
 1.85683e+16	4.59e-07	1.90e-03	2.54e-01	5.54e-01	1.90e-01	2.18e-06	1.77e-11	4.29e-08	1.29e-07	2.14e-07	6.35e-04	1.27e-03	4.09e-24
 1.86243e+16	4.97e-07	2.00e-03	2.62e-01	5.59e-01	1.77e-01	2.19e-06	0.00e+00	4.64e-08	1.39e-07	2.32e-07	6.69e-04	1.34e-03	4.99e-24
 1.86824e+16	5.38e-07	2.10e-03	2.71e-01	5.65e-01	1.62e-01	2.16e-06	0.00e+00	5.03e-08	1.51e-07	2.51e-07	7.02e-04	1.40e-03	5.98e-24
