#depth	O	O+	O+2	O+3	O+4	O+5	O+6	O+7	O+8	O[1]	O[2]	O[3]
 1.49634e+10	0.00e+00	4.70e-45	2.35e-34	9.57e-25	4.36e-16	1.75e-08	1.00e+00	0.00e+00	0.00e+00	0.00e+00	0.00e+00	0.00e+00
 4.54887e+10	0.00e+00	0.00e+00	3.22e-34	1.21e-24	5.11e-16	1.89e-08	1.00e+00	7.33e-10	0.00e+00	0.00e+00	0.00e+00	0.00e+00
 7.72350e+10	0.00e+00	1.03e-44	4.41e-34	1.54e-24	5.98e-16	2.05e-08	1.00e+00	0.00e+00	0.00e+00	0.00e+00	0.00e+00	0.00e+00
 1.10251e+11	0.00e+00	0.00e+00	6.05e-34	1.95e-24	7.01e-16	2.22e-08	1.00e+00	0.00e+00	0.00e+00	0.00e+00	0.00e+00	0.00e+00
 1.44588e+11	0.00e+00	2.27e-44	8.29e-34	2.47e-24	8.21e-16	2.40e-08	1.00e+00	0.00e+00	0.00e+00	0.00e+00	0.00e+00	0.00e+00
 1.80298e+11	0.00e+00	0.00e+00	1.14e-33	3.13e-24	9.62e-16	2.60e-08	1.00e+00	0.00e+00	0.00e+00	0.00e+00	0.00e+00	0.00e+00
 2.17437e+11	0.00e+00	5.00e-44	1.56e-33	3.97e-24	1.13e-15	2.82e-08	1.00e+00	0.00e+00	0.00e+00	0.00e+00	0.00e+00	0.00e+00
 2.56061e+11	0.00e+00	0.00e+00	2.14e-33	5.03e-24	1.32e-15	3.05e-08	1.00e+00	0.00e+00	0.00e+00	0.00e+00	0.00e+00	0.00e+00
 2.96231e+11	0.00e+00	1.10e-43	2.93e-33	6.38e-24	1.55e-15	3.30e-08	1.00e+00	0.00e+00	0.00e+00	0.00e+00	0.00e+00	0.00e+00
 3.38007e+11	0.00e+00	0.00e+00	4.03e-33	8.10e-24	1.82e-15	3.58e-08	1.00e+00	0.00e+00	0.00e+00	0.00e+00	0.00e+00	0.00e+00
 3.81454e+11	0.00e+00	2.43e-43	5.53e-33	1.03e-23	2.13e-15	3.87e-08	1.00e+00	0.00e+00	0.00e+00	0.00e+00	0.00e+00	0.00e+00
 4.26639e+11	0.00e+00	0.00e+00	7.59e-33	1.30e-23	2.50e-15	4.20e-08	1.00e+00	0.00e+00	0.00e+00	0.00e+00	0.00e+00	0.00e+00
 4.73631e+11	0.00e+00	5.37e-43	1.04e-32	1.66e-23	2.93e-15	4.55e-08	1.00e+00	0.00e+00	0.00e+00	0.00e+00	0.00e+00	0.00e+00
 5.22503e+11	0.00e+00	0.00e+00	1.43e-32	2.10e-23	3.44e-15	4.93e-08	1.00e+00	0.00e+00	0.00e+00	0.00e+00	0.00e+00	0.00e+00
 5.73330e+11	0.00e+00	1.19e-42	1.97e-32	2.67e-23	4.04e-15	5.34e-08	1.00e+00	0.00e+00	0.00e+00	0.00e+00	0.00e+00	0.00e+00
 6.26190e+11	0.00e+00	0.00e+00	2.71e-32	3.40e-23	4.75e-15	5.79e-08	1.00e+00	0.00e+00	0.00e+00	0.00e+00	0.00e+00	0.00e+00
 6.81164e+11	0.00e+00	2.63e-42	3.72e-32	4.32e-23	5.58e-15	6.28e-08	1.00e+00	0.00e+00	0.00e+00	0.00e+00	0.00e+00	0.00e+00
 7.38337e+11	0.00e+00	0.00e+00	5.12e-32	5.49e-23	6.56e-15	6.81e-08	1.00e+00	0.00e+00	0.00e+00	0.00e+00	0.00e+00	0.00e+00
 7.97798e+11	0.00e+00	5.83e-42	7.05e-32	6.99e-23	7.71e-15	7.39e-08	1.00e+00	0.00e+00	0.00e+00	0.00e+00	0.00e+00	0.00e+00
 8.59636e+11	0.00e+00	0.00e+00	9.70e-32	8.89e-23	9.07e-15	8.02e-08	1.00e+00	0.00e+00	0.00e+00	0.00e+00	0.00e+00	0.00e+00
 9.23949e+11	0.00e+00	1.30e-41	1.34e-31	1.13e-22	1.07e-14	8.70e-08	1.00e+00	0.00e+00	0.00e+00	0.00e+00	0.00e+00	0.00e+00
 9.84268e+11	0.00e+00	0.00e+00	1.79e-31	1.41e-22	1.24e-14	9.38e-08	1.00e+00	0.00e+00	0.00e+00	0.00e+00	0.00e+00	0.00e+00
 1.03794e+12	0.00e+00	2.54e-41	2.29e-31	1.70e-22	1.40e-14	1.00e-07	1.00e+00	0.00e+00	0.00e+00	0.00e+00	0.00e+00	0.00e+00
 1.09805e+12	0.00e+00	0.00e+00	3.01e-31	2.09e-22	1.61e-14	1.07e-07	1.00e+00	0.00e+00	0.00e+00	0.00e+00	0.00e+00	0.00e+00
 1.16963e+12	0.00e+00	5.26e-41	4.11e-31	2.65e-22	1.89e-14	1.16e-07	1.00e+00	0.00e+00	0.00e+00	0.00e+00	0.00e+00	0.00e+00
 1.24128e+12	0.00e+00	0.00e+00	5.56e-31	3.33e-22	2.21e-14	1.26e-07	1.00e+00	0.00e+00	0.00e+00	0.00e+00	0.00e+00	0.00e+00
 1.30792e+12	0.00e+00	1.07e-40	7.29e-31	4.08e-22	2.54e-14	1.35e-07	1.00e+00	0.00e+00	0.00e+00	0.00e+00	0.00e+00	0.00e+00
 1.38228e+12	0.00e+00	0.00e+00	9.78e-31	5.10e-22	2.95e-14	1.45e-07	1.00e+00	0.00e+00	0.00e+00	0.00e+00	0.00e+00	0.00e+00
 1.46750e+12	0.00e+00	2.31e-40	1.35e-30	6.52e-22	3.48e-14	1.58e-07	1.00e+00	0.00e+00	0.00e+00	0.00e+00	0.00e+00	0.00e+00
 1.55142e+12	0.00e+00	0.00e+00	1.84e-30	8.24e-22	4.08e-14	1.71e-07	1.00e+00	0.00e+00	0.00e+00	0.00e+00	0.00e+00	0.00e+00
 1.63099e+12	0.00e+00	4.82e-40	2.44e-30	1.02e-21	4.72e-14	1.85e-07	1.00e+00	0.00e+00	0.00e+00	0.00e+00	0.00e+00	0.00e+00
 1.71845e+12	0.00e+00	0.00e+00	3.29e-30	1.28e-21	5.51e-14	2.00e-07	1.00e+00	0.00e+00	0.00e+00	0.00e+00	0.00e+00	0.00e+00
 1.81711e+12	0.00e+00	1.05e-39	4.55e-30	1.64e-21	6.52e-14	2.18e-07	1.00e+00	0.00e+00	0.00e+00	0.00e+00	0.00e+00	0.00e+00
 1.91512e+12	0.00e+00	0.00e+00	6.22e-30	2.08e-21	7.67e-14	2.36e-07	1.00e+00	0.00e+00	0.00e+00	0.00e+00	0.00e+00	0.00e+00
 2.01705e+12	0.00e+00	2.27e-39	8.50e-30	2.64e-21	9.02e-14	2.57e-07	1.00e+00	0.00e+00	0.00e+00	0.00e+00	0.00e+00	0.00e+00
 2.12766e+12	0.00e+00	0.00e+00	1.18e-29	3.39e-21	1.07e-13	2.80e-07	1.00e+00	0.00e+00	0.00e+00	0.00e+00	0.00e+00	0.00e+00
 2.23965e+12	0.00e+00	5.06e-39	1.62e-29	4.32e-21	1.26e-13	3.05e-07	1.00e+00	0.00e+00	0.00e+00	0.00e+00	0.00e+00	0.00e+00
 2.35612e+12	0.00e+00	0.00e+00	2.23e-29	5.51e-21	1.49e-13	3.32e-07	1.00e+00	0.00e+00	0.00e+00	0.00e+00	0.00e+00	0.00e+00
 2.48029e+12	0.00e+00	1.13e-38	3.09e-29	7.07e-21	1.78e-13	3.63e-07	1.00e+00	0.00e+00	0.00e+00	0.00e+00	0.00e+00	0.00e+00
 2.60943e+12	0.00e+00	0.00e+00	4.29e-29	9.09e-21	2.11e-13	3.96e-07	1.00e+00	0.00e+00	0.00e+00	0.00e+00	0.00e+00	0.00e+00
 2.74374e+12	0.00e+00	2.54e-38	5.95e-29	1.17e-20	2.51e-13	4.33e-07	1.00e+00	0.00e+00	0.00e+00	0.00e+00	0.00e+00	0.00e+00
 2.88341e+12	0.00e+00	0.00e+00	8.26e-29	1.50e-20	2.98e-13	4.74e-07	1.00e+00	0.00e+00	0.00e+00	0.00e+00	0.00e+00	0.00e+00
 3.02868e+12	0.00e+00	5.69e-38	1.15e-28	1.93e-20	3.55e-13	5.18e-07	1.00e+00	0.00e+00	0.00e+00	0.00e+00	0.00e+00	0.00e+00
 3.17975e+12	0.00e+00	0.00e+00	1.59e-28	2.48e-20	4.23e-13	5.67e-07	1.00e+00	0.00e+00	0.00e+00	0.00e+00	0.00e+00	0.00e+00
 3.32505e+12	0.00e+00	1.24e-37	2.15e-28	3.13e-20	4.97e-13	6.17e-07	1.00e+00	0.00e+00	0.00e+00	0.00e+00	0.00e+00	0.00e+00
 3.45984e+12	0.00e+00	0.00e+00	2.82e-28	3.86e-20	5.75e-13	6.65e-07	1.00e+00	0.00e+00	0.00e+00	0.00e+00	0.00e+00	0.00e+00
 3.61184e+12	0.00e+00	2.48e-37	3.78e-28	4.85e-20	6.73e-13	7.22e-07	1.00e+00	0.00e+00	0.00e+00	0.00e+00	0.00e+00	0.00e+00
 3.78624e+12	0.00e+00	0.00e+00	5.24e-28	6.23e-20	8.03e-13	7.91e-07	1.00e+00	0.00e+00	0.00e+00	0.00e+00	0.00e+00	0.00e+00
 3.95460e+12	0.00e+00	5.36e-37	7.08e-28	7.87e-20	9.46e-13	8.61e-07	1.00e+00	0.00e+00	0.00e+00	0.00e+00	0.00e+00	0.00e+00
 4.11225e+12	0.00e+00	0.00e+00	9.30e-28	9.72e-20	1.10e-12	9.31e-07	1.00e+00	0.00e+00	0.00e+00	0.00e+00	0.00e+00	0.00e+00
 4.28922e+12	0.00e+00	1.08e-36	1.25e-27	1.22e-19	1.29e-12	1.01e-06	1.00e+00	0.00e+00	0.00e+00	0.00e+00	0.00e+00	0.00e+00
 4.49072e+12	0.00e+00	0.00e+00	1.73e-27	1.57e-19	1.54e-12	1.11e-06	1.00e+00	0.00e+00	0.00e+00	0.00e+00	0.00e+00	0.00e+00
 4.69086e+12	0.00e+00	2.33e-36	2.35e-27	2.00e-19	1.82e-12	1.21e-06	1.00e+00	0.00e+00	0.00e+00	0.00e+00	0.00e+00	0.00e+00
 4.89900e+12	5.80e-46	3.39e-36	3.19e-27	2.54e-19	2.16e-12	1.33e-06	1.00e+00	0.00e+00	0.00e+00	0.00e+00	0.00e+00	0.00e+00
 5.12489e+12	0.00e+00	0.00e+00	4.39e-27	3.26e-19	2.57e-12	1.46e-06	1.00e+00	0.00e+00	0.00e+00	0.00e+00	0.00e+00	0.00e+00
 5.35368e+12	0.00e+00	7.31e-36	6.00e-27	4.15e-19	3.06e-12	1.60e-06	1.00e+00	0.00e+00	0.00e+00	0.00e+00	0.00e+00	0.00e+00
 5.59163e+12	2.27e-45	1.07e-35	8.17e-27	5.29e-19	3.64e-12	1.75e-06	1.00e+00	0.00e+00	0.00e+00	0.00e+00	0.00e+00	0.00e+00
 5.81912e+12	0.00e+00	0.00e+00	1.09e-26	6.62e-19	4.26e-12	1.90e-06	1.00e+00	0.00e+00	0.00e+00	0.00e+00	0.00e+00	0.00e+00
 6.01698e+12	0.00e+00	2.01e-35	1.38e-26	7.99e-19	4.88e-12	2.05e-06	1.00e+00	0.00e+00	0.00e+00	0.00e+00	0.00e+00	0.00e+00
 6.23474e+12	6.95e-45	2.73e-35	1.78e-26	9.76e-19	5.63e-12	2.21e-06	1.00e+00	0.00e+00	0.00e+00	0.00e+00	0.00e+00	0.00e+00
 6.49994e+12	0.00e+00	3.91e-35	2.39e-26	1.23e-18	6.66e-12	2.42e-06	1.00e+00	0.00e+00	0.00e+00	0.00e+00	0.00e+00	0.00e+00
 6.76863e+12	1.61e-44	5.54e-35	3.19e-26	1.55e-18	7.85e-12	2.64e-06	1.00e+00	0.00e+00	0.00e+00	0.00e+00	0.00e+00	0.00e+00
 7.01243e+12	0.00e+00	7.51e-35	4.10e-26	1.89e-18	9.07e-12	2.86e-06	1.00e+00	0.00e+00	0.00e+00	0.00e+00	0.00e+00	0.00e+00
 7.28205e+12	3.37e-44	1.04e-34	5.37e-26	2.35e-18	1.06e-11	3.10e-06	1.00e+00	0.00e+00	0.00e+00	0.00e+00	0.00e+00	0.00e+00
 7.59810e+12	0.00e+00	1.49e-34	7.25e-26	2.98e-18	1.26e-11	3.41e-06	1.00e+00	0.00e+00	0.00e+00	0.00e+00	0.00e+00	0.00e+00
 7.90988e+12	7.71e-44	2.09e-34	9.64e-26	3.75e-18	1.49e-11	3.74e-06	1.00e+00	0.00e+00	0.00e+00	0.00e+00	0.00e+00	0.00e+00
 8.20223e+12	0.00e+00	2.83e-34	1.25e-25	4.60e-18	1.73e-11	4.06e-06	1.00e+00	0.00e+00	0.00e+00	0.00e+00	0.00e+00	0.00e+00
 8.52835e+12	1.62e-43	3.93e-34	1.64e-25	5.74e-18	2.03e-11	4.43e-06	1.00e+00	0.00e+00	0.00e+00	0.00e+00	0.00e+00	0.00e+00
 8.89942e+12	0.00e+00	5.59e-34	2.21e-25	7.31e-18	2.42e-11	4.88e-06	1.00e+00	0.00e+00	0.00e+00	0.00e+00	0.00e+00	0.00e+00
 9.26878e+12	3.63e-43	7.82e-34	2.93e-25	9.20e-18	2.86e-11	5.36e-06	1.00e+00	0.00e+00	0.00e+00	0.00e+00	0.00e+00	0.00e+00
 9.65293e+12	0.00e+00	1.09e-33	3.89e-25	1.16e-17	3.38e-11	5.89e-06	1.00e+00	0.00e+00	0.00e+00	0.00e+00	0.00e+00	0.00e+00
 1.00690e+13	7.98e-43	1.54e-33	5.20e-25	1.47e-17	4.02e-11	6.49e-06	1.00e+00	0.00e+00	0.00e+00	0.00e+00	0.00e+00	0.00e+00
 1.05017e+13	0.00e+00	2.16e-33	6.95e-25	1.86e-17	4.78e-11	7.16e-06	1.00e+00	0.00e+00	0.00e+00	0.00e+00	0.00e+00	0.00e+00
 1.09516e+13	1.75e-42	3.02e-33	9.27e-25	2.36e-17	5.68e-11	7.90e-06	1.00e+00	0.00e+00	0.00e+00	0.00e+00	0.00e+00	0.00e+00
 1.14196e+13	0.00e+00	4.21e-33	1.23e-24	2.98e-17	6.75e-11	8.71e-06	1.00e+00	0.00e+00	0.00e+00	0.00e+00	0.00e+00	0.00e+00
 1.19064e+13	3.76e-42	5.86e-33	1.64e-24	3.77e-17	8.00e-11	9.60e-06	1.00e+00	0.00e+00	0.00e+00	0.00e+00	0.00e+00	0.00e+00
 1.24125e+13	0.00e+00	8.12e-33	2.17e-24	4.77e-17	9.49e-11	1.06e-05	1.00e+00	0.00e+00	0.00e+00	0.00e+00	0.00e+00	0.00e+00
 1.29198e+13	7.86e-42	1.11e-32	2.85e-24	5.97e-17	1.12e-10	1.16e-05	1.00e+00	0.00e+00	0.00e+00	0.00e+00	0.00e+00	0.00e+00
 1.34474e+13	0.00e+00	1.52e-32	3.74e-24	7.48e-17	1.31e-10	1.28e-05	1.00e+00	0.00e+00	0.00e+00	0.00e+00	0.00e+00	0.00e+00
 1.39784e+13	1.59e-41	2.05e-32	4.86e-24	9.29e-17	1.54e-10	1.40e-05	1.00e+00	0.00e+00	0.00e+00	0.00e+00	0.00e+00	0.00e+00
 1.44719e+13	0.00e+00	2.69e-32	6.14e-24	1.13e-16	1.77e-10	1.51e-05	1.00e+00	0.00e+00	0.00e+00	0.00e+00	0.00e+00	0.00e+00
 1.50220e+13	3.02e-41	3.60e-32	7.91e-24	1.39e-16	2.05e-10	1.65e-05	1.00e+00	0.00e+00	0.00e+00	0.00e+00	0.00e+00	0.00e+00
 1.56006e+13	0.00e+00	4.83e-32	1.02e-23	1.72e-16	2.39e-10	1.80e-05	1.00e+00	0.00e+00	0.00e+00	0.00e+00	0.00e+00	0.00e+00
 1.61043e+13	5.61e-41	6.20e-32	1.27e-23	2.06e-16	2.71e-10	1.94e-05	1.00e+00	0.00e+00	0.00e+00	0.00e+00	0.00e+00	0.00e+00
 1.66430e+13	0.00e+00	8.04e-32	1.59e-23	2.48e-16	3.09e-10	2.09e-05	1.00e+00	0.00e+00	0.00e+00	0.00e+00	0.00e+00	0.00e+00
 1.73015e+13	1.07e-40	1.09e-31	2.07e-23	3.09e-16	3.60e-10	2.29e-05	1.00e+00	0.00e+00	0.00e+00	0.00e+00	0.00e+00	0.00e+00
 1.79704e+13	0.00e+00	1.47e-31	2.69e-23	3.83e-16	4.19e-10	2.49e-05	1.00e+00	0.00e+00	0.00e+00	0.00e+00	0.00e+00	0.00e+00
 1.85782e+13	2.04e-40	1.92e-31	3.39e-23	4.62e-16	4.77e-10	2.69e-05	1.00e+00	0.00e+00	0.00e+00	0.00e+00	0.00e+00	0.00e+00
 1.92520e+13	0.00e+00	2.57e-31	4.34e-23	5.66e-16	5.49e-10	2.91e-05	1.00e+00	0.00e+00	0.00e+00	0.00e+00	0.00e+00	0.00e+00
 1.99600e+13	3.96e-40	3.44e-31	5.58e-23	6.94e-16	6.33e-10	3.16e-05	1.00e+00	0.00e+00	0.00e+00	0.00e+00	0.00e+00	0.00e+00
 2.05647e+13	0.00e+00	4.39e-31	6.89e-23	8.23e-16	7.12e-10	3.38e-05	1.00e+00	0.00e+00	0.00e+00	0.00e+00	0.00e+00	0.00e+00
 2.12028e+13	7.01e-40	5.66e-31	8.56e-23	9.80e-16	8.02e-10	3.61e-05	1.00e+00	0.00e+00	0.00e+00	0.00e+00	0.00e+00	0.00e+00
 2.20098e+13	0.00e+00	7.71e-31	1.11e-22	1.21e-15	9.29e-10	3.92e-05	1.00e+00	0.00e+00	0.00e+00	0.00e+00	0.00e+00	0.00e+00
 2.28332e+13	1.42e-39	1.05e-30	1.45e-22	1.50e-15	1.07e-09	4.26e-05	1.00e+00	0.00e+00	0.00e+00	0.00e+00	0.00e+00	0.00e+00
 2.35395e+13	0.00e+00	1.36e-30	1.80e-22	1.78e-15	1.21e-09	4.55e-05	1.00e+00	0.00e+00	0.00e+00	0.00e+00	0.00e+00	0.00e+00
 2.42964e+13	2.62e-39	1.78e-30	2.27e-22	2.14e-15	1.37e-09	4.87e-05	1.00e+00	0.00e+00	0.00e+00	0.00e+00	0.00e+00	0.00e+00
 2.52337e+13	0.00e+00	2.46e-30	2.98e-22	2.66e-15	1.59e-09	5.29e-05	1.00e+00	0.00e+00	0.00e+00	0.00e+00	0.00e+00	0.00e+00
 2.61892e+13	5.53e-39	3.41e-30	3.92e-22	3.30e-15	1.83e-09	5.73e-05	1.00e+00	0.00e+00	0.00e+00	0.00e+00	0.00e+00	0.00e+00
 2.70494e+13	0.00e+00	4.52e-30	4.97e-22	3.98e-15	2.08e-09	6.14e-05	1.00e+00	0.00e+00	0.00e+00	0.00e+00	0.00e+00	0.00e+00
 2.80022e+13	1.09e-38	6.14e-30	6.41e-22	4.86e-15	2.38e-09	6.61e-05	1.00e+00	0.00e+00	0.00e+00	0.00e+00	0.00e+00	0.00e+00
 2.91265e+13	0.00e+00	8.73e-30	8.59e-22	6.10e-15	2.78e-09	7.18e-05	1.00e+00	0.00e+00	0.00e+00	0.00e+00	0.00e+00	0.00e+00
 3.02498e+13	2.44e-38	1.22e-29	1.14e-21	7.61e-15	3.22e-09	7.78e-05	1.00e+00	0.00e+00	0.00e+00	0.00e+00	0.00e+00	0.00e+00
 3.13117e+13	0.00e+00	1.68e-29	1.48e-21	9.30e-15	3.68e-09	8.36e-05	1.00e+00	0.00e+00	0.00e+00	0.00e+00	0.00e+00	0.00e+00
 3.24878e+13	5.23e-38	2.35e-29	1.95e-21	1.15e-14	4.26e-09	9.03e-05	1.00e+00	0.00e+00	0.00e+00	0.00e+00	0.00e+00	0.00e+00
 3.38173e+13	0.00e+00	3.40e-29	2.64e-21	1.46e-14	4.98e-09	9.81e-05	1.00e+00	0.00e+00	0.00e+00	0.00e+00	0.00e+00	0.00e+00
 3.51681e+13	1.24e-37	4.88e-29	3.56e-21	1.83e-14	5.80e-09	1.06e-04	1.00e+00	0.00e+00	0.00e+00	0.00e+00	0.00e+00	0.00e+00
 3.65729e+13	0.00e+00	7.03e-29	4.79e-21	2.30e-14	6.77e-09	1.15e-04	1.00e+00	0.00e+00	0.00e+00	0.00e+00	0.00e+00	0.00e+00
 3.80657e+13	2.96e-37	1.02e-28	6.51e-21	2.91e-14	7.91e-09	1.25e-04	1.00e+00	0.00e+00	0.00e+00	0.00e+00	0.00e+00	0.00e+00
 3.96183e+13	0.00e+00	1.50e-28	8.86e-21	3.68e-14	9.26e-09	1.36e-04	1.00e+00	0.00e+00	0.00e+00	0.00e+00	0.00e+00	0.00e+00
 4.11686e+13	7.14e-37	2.15e-28	1.19e-20	4.61e-14	1.08e-08	1.47e-04	1.00e+00	0.00e+00	0.00e+00	0.00e+00	0.00e+00	0.00e+00
 4.27810e+13	0.00e+00	3.11e-28	1.60e-20	5.78e-14	1.25e-08	1.59e-04	1.00e+00	0.00e+00	0.00e+00	0.00e+00	0.00e+00	0.00e+00
 4.45222e+13	1.73e-36	4.55e-28	2.19e-20	7.31e-14	1.46e-08	1.72e-04	1.00e+00	0.00e+00	0.00e+00	0.00e+00	0.00e+00	0.00e+00
 4.63330e+13	0.00e+00	6.67e-28	2.98e-20	9.24e-14	1.71e-08	1.86e-04	1.00e+00	0.00e+00	0.00e+00	0.00e+00	0.00e+00	0.00e+00
 4.82163e+13	4.31e-36	9.78e-28	4.06e-20	1.17e-13	2.00e-08	2.02e-04	1.00e+00	0.00e+00	0.00e+00	0.00e+00	0.00e+00	0.00e+00
 4.99657e+13	0.00e+00	1.38e-27	5.36e-20	1.44e-13	2.30e-08	2.17e-04	1.00e+00	0.00e+00	0.00e+00	0.00e+00	0.00e+00	0.00e+00
 5.15063e+13	9.21e-36	1.85e-27	6.79e-20	1.72e-13	2.60e-08	2.30e-04	1.00e+00	0.00e+00	0.00e+00	0.00e+00	0.00e+00	0.00e+00
 5.32338e+13	0.00e+00	2.55e-27	8.80e-20	2.10e-13	2.96e-08	2.46e-04	1.00e+00	0.00e+00	0.00e+00	0.00e+00	0.00e+00	0.00e+00
 5.53094e+13	2.09e-35	3.68e-27	1.18e-19	2.63e-13	3.44e-08	2.65e-04	1.00e+00	0.00e+00	0.00e+00	0.00e+00	0.00e+00	0.00e+00
 5.74365e+13	0.00e+00	5.33e-27	1.59e-19	3.28e-13	3.99e-08	2.86e-04	1.00e+00	0.00e+00	0.00e+00	0.00e+00	0.00e+00	0.00e+00
 5.94705e+13	4.83e-35	7.43e-27	2.09e-19	4.03e-13	4.57e-08	3.07e-04	1.00e+00	0.00e+00	0.00e+00	0.00e+00	0.00e+00	0.00e+00
 6.17010e+13	7.42e-35	1.06e-26	2.79e-19	5.01e-13	5.29e-08	3.30e-04	1.00e+00	0.00e+00	0.00e+00	0.00e+00	0.00e+00	0.00e+00
 6.41990e+13	1.17e-34	1.56e-26	3.80e-19	6.34e-13	6.18e-08	3.58e-04	1.00e+00	0.00e+00	0.00e+00	0.00e+00	0.00e+00	0.00e+00
 6.67226e+13	1.84e-34	2.28e-26	5.16e-19	7.96e-13	7.20e-08	3.86e-04	1.00e+00	0.00e+00	0.00e+00	0.00e+00	0.00e+00	0.00e+00
 6.93470e+13	2.85e-34	3.29e-26	6.96e-19	1.00e-12	8.38e-08	4.18e-04	1.00e+00	0.00e+00	0.00e+00	0.00e+00	0.00e+00	0.00e+00
 7.21508e+13	4.52e-34	4.85e-26	9.50e-19	1.27e-12	9.80e-08	4.52e-04	1.00e+00	0.00e+00	0.00e+00	0.00e+00	0.00e+00	0.00e+00
 7.50668e+13	7.17e-34	7.14e-26	1.30e-18	1.60e-12	1.15e-07	4.89e-04	1.00e+00	0.00e+00	0.00e+00	0.00e+00	0.00e+00	0.00e+00
 7.80994e+13	1.12e-33	1.04e-25	1.77e-18	2.02e-12	1.34e-07	5.30e-04	9.99e-01	0.00e+00	0.00e+00	0.00e+00	0.00e+00	0.00e+00
 8.09312e+13	1.71e-33	1.48e-25	2.34e-18	2.50e-12	1.54e-07	5.69e-04	9.99e-01	0.00e+00	0.00e+00	0.00e+00	0.00e+00	0.00e+00
 8.34307e+13	2.41e-33	1.98e-25	2.96e-18	2.99e-12	1.74e-07	6.05e-04	9.99e-01	0.00e+00	0.00e+00	0.00e+00	0.00e+00	0.00e+00
 8.62224e+13	3.54e-33	2.73e-25	3.84e-18	3.64e-12	1.98e-07	6.46e-04	9.99e-01	0.00e+00	0.00e+00	0.00e+00	0.00e+00	0.00e+00
 8.95713e+13	5.45e-33	3.93e-25	5.17e-18	4.56e-12	2.30e-07	6.98e-04	9.99e-01	0.00e+00	0.00e+00	0.00e+00	0.00e+00	0.00e+00
 9.29263e+13	8.37e-33	5.63e-25	6.91e-18	5.67e-12	2.66e-07	7.52e-04	9.99e-01	0.00e+00	0.00e+00	0.00e+00	0.00e+00	0.00e+00
 9.60021e+13	1.21e-32	7.68e-25	8.91e-18	6.88e-12	3.03e-07	8.03e-04	9.99e-01	0.00e+00	0.00e+00	0.00e+00	0.00e+00	0.00e+00
 9.94331e+13	1.81e-32	1.08e-24	1.17e-17	8.47e-12	3.48e-07	8.62e-04	9.99e-01	0.00e+00	0.00e+00	0.00e+00	0.00e+00	0.00e+00
 1.03415e+14	2.84e-32	1.58e-24	1.60e-17	1.07e-11	4.07e-07	9.33e-04	9.99e-01	0.00e+00	0.00e+00	0.00e+00	0.00e+00	0.00e+00
 1.07302e+14	4.38e-32	2.27e-24	2.14e-17	1.33e-11	4.71e-07	1.00e-03	9.99e-01	0.00e+00	0.00e+00	0.00e+00	0.00e+00	0.00e+00
 1.10961e+14	6.39e-32	3.12e-24	2.78e-17	1.63e-11	5.37e-07	1.08e-03	9.99e-01	0.00e+00	0.00e+00	0.00e+00	0.00e+00	0.00e+00
 1.15045e+14	9.77e-32	4.45e-24	3.69e-17	2.02e-11	6.20e-07	1.16e-03	9.99e-01	0.00e+00	0.00e+00	0.00e+00	0.00e+00	0.00e+00
 1.19677e+14	1.52e-31	6.49e-24	5.03e-17	2.55e-11	7.25e-07	1.25e-03	9.99e-01	0.00e+00	0.00e+00	0.00e+00	0.00e+00	0.00e+00
 1.24285e+14	2.36e-31	9.37e-24	6.78e-17	3.19e-11	8.42e-07	1.35e-03	9.99e-01	0.00e+00	0.00e+00	0.00e+00	0.00e+00	0.00e+00
 1.29077e+14	3.68e-31	1.36e-23	9.14e-17	3.99e-11	9.78e-07	1.46e-03	9.99e-01	0.00e+00	0.00e+00	0.00e+00	0.00e+00	0.00e+00
 1.34270e+14	5.81e-31	1.99e-23	1.25e-16	5.05e-11	1.14e-06	1.58e-03	9.98e-01	0.00e+00	0.00e+00	0.00e+00	0.00e+00	0.00e+00
 1.39671e+14	9.10e-31	2.91e-23	1.70e-16	6.38e-11	1.34e-06	1.71e-03	9.98e-01	0.00e+00	0.00e+00	0.00e+00	0.00e+00	0.00e+00
 1.45287e+14	1.45e-30	4.30e-23	2.33e-16	8.07e-11	1.56e-06	1.85e-03	9.98e-01	0.00e+00	0.00e+00	0.00e+00	0.00e+00	0.00e+00
 1.50923e+14	2.23e-30	6.18e-23	3.14e-16	1.01e-10	1.82e-06	1.99e-03	9.98e-01	0.00e+00	0.00e+00	0.00e+00	0.00e+00	0.00e+00
 1.56784e+14	3.48e-30	8.97e-23	4.25e-16	1.27e-10	2.11e-06	2.15e-03	9.98e-01	0.00e+00	0.00e+00	0.00e+00	0.00e+00	0.00e+00
 1.62763e+14	5.42e-30	1.30e-22	5.72e-16	1.59e-10	2.45e-06	2.32e-03	9.98e-01	0.00e+00	0.00e+00	0.00e+00	0.00e+00	0.00e+00
 1.68447e+14	8.06e-30	1.81e-22	7.50e-16	1.95e-10	2.81e-06	2.48e-03	9.98e-01	0.00e+00	0.00e+00	0.00e+00	0.00e+00	0.00e+00
 1.74682e+14	1.23e-29	2.59e-22	1.00e-15	2.42e-10	3.25e-06	2.67e-03	9.97e-01	0.00e+00	0.00e+00	0.00e+00	0.00e+00	0.00e+00
 1.81699e+14	1.95e-29	3.80e-22	1.37e-15	3.06e-10	3.79e-06	2.89e-03	9.97e-01	0.00e+00	0.00e+00	0.00e+00	0.00e+00	0.00e+00
 1.88682e+14	3.02e-29	5.49e-22	1.85e-15	3.83e-10	4.41e-06	3.11e-03	9.97e-01	0.00e+00	0.00e+00	0.00e+00	0.00e+00	0.00e+00
 1.94923e+14	4.40e-29	7.53e-22	2.39e-15	4.64e-10	5.02e-06	3.32e-03	9.97e-01	0.00e+00	0.00e+00	0.00e+00	0.00e+00	0.00e+00
 2.00593e+14	6.08e-29	9.90e-22	3.00e-15	5.51e-10	5.62e-06	3.52e-03	9.96e-01	0.00e+00	0.00e+00	0.00e+00	0.00e+00	0.00e+00
 2.07111e+14	8.92e-29	1.36e-21	3.87e-15	6.67e-10	6.38e-06	3.74e-03	9.96e-01	0.00e+00	0.00e+00	0.00e+00	0.00e+00	0.00e+00
 2.15026e+14	1.36e-28	1.94e-21	5.21e-15	8.33e-10	7.40e-06	4.04e-03	9.96e-01	0.00e+00	0.00e+00	0.00e+00	0.00e+00	0.00e+00
 2.23067e+14	2.10e-28	2.80e-21	6.97e-15	1.04e-09	8.56e-06	4.34e-03	9.96e-01	0.00e+00	0.00e+00	0.00e+00	0.00e+00	0.00e+00
 2.30491e+14	3.02e-28	3.81e-21	9.03e-15	1.26e-09	9.75e-06	4.63e-03	9.95e-01	0.00e+00	0.00e+00	0.00e+00	0.00e+00	0.00e+00
 2.38800e+14	4.54e-28	5.36e-21	1.20e-14	1.56e-09	1.12e-05	4.97e-03	9.95e-01	0.00e+00	0.00e+00	0.00e+00	0.00e+00	0.00e+00
 2.47823e+14	6.92e-28	7.66e-21	1.60e-14	1.94e-09	1.30e-05	5.36e-03	9.95e-01	0.00e+00	0.00e+00	0.00e+00	0.00e+00	0.00e+00
 2.55932e+14	1.02e-27	1.05e-20	2.07e-14	2.35e-09	1.48e-05	5.71e-03	9.94e-01	0.00e+00	0.00e+00	0.00e+00	0.00e+00	0.00e+00
 2.64636e+14	1.46e-27	1.43e-20	2.69e-14	2.87e-09	1.69e-05	6.11e-03	9.94e-01	0.00e+00	0.00e+00	0.00e+00	0.00e+00	0.00e+00
 2.74440e+14	2.24e-27	2.06e-20	3.60e-14	3.56e-09	1.95e-05	6.56e-03	9.93e-01	0.00e+00	0.00e+00	0.00e+00	0.00e+00	0.00e+00
 2.83815e+14	3.21e-27	2.80e-20	4.68e-14	4.35e-09	2.22e-05	7.02e-03	9.93e-01	0.00e+00	0.00e+00	0.00e+00	0.00e+00	0.00e+00
 2.94086e+14	4.75e-27	3.91e-20	6.19e-14	5.37e-09	2.56e-05	7.55e-03	9.92e-01	0.00e+00	0.00e+00	0.00e+00	0.00e+00	0.00e+00
 3.05371e+14	7.27e-27	5.60e-20	8.34e-14	6.72e-09	2.97e-05	8.14e-03	9.92e-01	0.00e+00	0.00e+00	0.00e+00	0.00e+00	0.00e+00
 3.15842e+14	1.07e-26	7.77e-20	1.09e-13	8.22e-09	3.40e-05	8.71e-03	9.91e-01	0.00e+00	0.00e+00	0.00e+00	0.00e+00	0.00e+00
 3.27240e+14	1.55e-26	1.07e-19	1.44e-13	1.01e-08	3.91e-05	9.36e-03	9.91e-01	0.00e+00	0.00e+00	0.00e+00	0.00e+00	0.00e+00
 3.39991e+14	2.34e-26	1.52e-19	1.94e-13	1.27e-08	4.55e-05	1.01e-02	9.90e-01	0.00e+00	0.00e+00	0.00e+00	0.00e+00	0.00e+00
 3.52106e+14	3.50e-26	2.14e-19	2.55e-13	1.57e-08	5.22e-05	1.09e-02	9.89e-01	0.00e+00	0.00e+00	0.00e+00	0.00e+00	0.00e+00
 3.65074e+14	5.02e-26	2.93e-19	3.38e-13	1.94e-08	6.02e-05	1.17e-02	9.88e-01	0.00e+00	0.00e+00	0.00e+00	0.00e+00	0.00e+00
 3.79415e+14	7.79e-26	4.25e-19	4.57e-13	2.44e-08	7.01e-05	1.27e-02	9.87e-01	0.00e+00	0.00e+00	0.00e+00	0.00e+00	0.00e+00
 3.93435e+14	1.10e-25	5.80e-19	6.04e-13	3.03e-08	8.09e-05	1.37e-02	9.86e-01	0.00e+00	0.00e+00	0.00e+00	0.00e+00	0.00e+00
 4.08309e+14	1.65e-25	8.18e-19	8.08e-13	3.77e-08	9.36e-05	1.47e-02	9.85e-01	0.00e+00	0.00e+00	0.00e+00	0.00e+00	0.00e+00
 4.24671e+14	2.47e-25	1.17e-18	1.10e-12	4.77e-08	1.09e-04	1.60e-02	9.84e-01	0.00e+00	0.00e+00	0.00e+00	0.00e+00	0.00e+00
 4.41201e+14	3.75e-25	1.67e-18	1.48e-12	5.98e-08	1.27e-04	1.73e-02	9.83e-01	0.00e+00	0.00e+00	0.00e+00	0.00e+00	0.00e+00
 4.58393e+14	5.34e-25	2.30e-18	1.98e-12	7.50e-08	1.48e-04	1.87e-02	9.81e-01	0.00e+00	0.00e+00	0.00e+00	0.00e+00	0.00e+00
 4.76758e+14	8.08e-25	3.29e-18	2.68e-12	9.46e-08	1.72e-04	2.03e-02	9.80e-01	0.00e+00	0.00e+00	0.00e+00	0.00e+00	0.00e+00
 4.95858e+14	1.18e-24	4.62e-18	3.63e-12	1.19e-07	2.01e-04	2.21e-02	9.78e-01	0.00e+00	0.00e+00	0.00e+00	0.00e+00	0.00e+00
 5.14048e+14	1.71e-24	6.40e-18	4.80e-12	1.48e-07	2.31e-04	2.38e-02	9.76e-01	0.00e+00	0.00e+00	0.00e+00	0.00e+00	0.00e+00
 5.30720e+14	2.39e-24	8.56e-18	6.14e-12	1.78e-07	2.62e-04	2.54e-02	9.74e-01	0.00e+00	0.00e+00	0.00e+00	0.00e+00	0.00e+00
 5.46515e+14	3.17e-24	1.10e-17	7.69e-12	2.12e-07	2.94e-04	2.70e-02	9.73e-01	0.00e+00	0.00e+00	0.00e+00	0.00e+00	0.00e+00
 5.63936e+14	4.21e-24	1.43e-17	9.78e-12	2.55e-07	3.32e-04	2.89e-02	9.71e-01	0.00e+00	0.00e+00	0.00e+00	0.00e+00	0.00e+00
 5.83274e+14	6.02e-24	1.96e-17	1.27e-11	3.12e-07	3.79e-04	3.10e-02	9.69e-01	0.00e+00	0.00e+00	0.00e+00	0.00e+00	0.00e+00
 6.01440e+14	7.86e-24	2.51e-17	1.61e-11	3.74e-07	4.27e-04	3.31e-02	9.66e-01	0.00e+00	0.00e+00	0.00e+00	0.00e+00	0.00e+00
 6.21396e+14	1.11e-23	3.39e-17	2.07e-11	4.54e-07	4.84e-04	3.54e-02	9.64e-01	0.00e+00	0.00e+00	0.00e+00	0.00e+00	0.00e+00
 6.43754e+14	1.51e-23	4.54e-17	2.71e-11	5.59e-07	5.56e-04	3.82e-02	9.61e-01	0.00e+00	0.00e+00	0.00e+00	0.00e+00	0.00e+00
 6.64894e+14	2.12e-23	6.11e-17	3.48e-11	6.77e-07	6.30e-04	4.08e-02	9.59e-01	0.00e+00	0.00e+00	0.00e+00	0.00e+00	0.00e+00
 6.84931e+14	2.74e-23	7.80e-17	4.38e-11	8.06e-07	7.07e-04	4.35e-02	9.56e-01	0.00e+00	0.00e+00	0.00e+00	0.00e+00	0.00e+00
 7.07877e+14	3.85e-23	1.05e-16	5.65e-11	9.80e-07	8.03e-04	4.66e-02	9.53e-01	0.00e+00	0.00e+00	0.00e+00	0.00e+00	0.00e+00
 7.33524e+14	5.27e-23	1.42e-16	7.44e-11	1.21e-06	9.22e-04	5.03e-02	9.49e-01	0.00e+00	0.00e+00	0.00e+00	0.00e+00	0.00e+00
 7.57559e+14	7.25e-23	1.89e-16	9.54e-11	1.46e-06	1.04e-03	5.38e-02	9.45e-01	0.00e+00	0.00e+00	0.00e+00	0.00e+00	0.00e+00
 7.83683e+14	1.01e-22	2.56e-16	1.24e-10	1.79e-06	1.19e-03	5.77e-02	9.41e-01	0.00e+00	0.00e+00	0.00e+00	0.00e+00	0.00e+00
 8.12647e+14	1.40e-22	3.47e-16	1.64e-10	2.21e-06	1.37e-03	6.24e-02	9.36e-01	0.00e+00	0.00e+00	0.00e+00	0.00e+00	0.00e+00
 8.39491e+14	1.91e-22	4.62e-16	2.11e-10	2.68e-06	1.55e-03	6.67e-02	9.32e-01	0.00e+00	0.00e+00	0.00e+00	0.00e+00	0.00e+00
 8.68576e+14	2.70e-22	6.30e-16	2.75e-10	3.27e-06	1.76e-03	7.15e-02	9.27e-01	0.00e+00	0.00e+00	0.00e+00	0.00e+00	0.00e+00
 9.01111e+14	3.75e-22	8.62e-16	3.66e-10	4.07e-06	2.03e-03	7.73e-02	9.21e-01	0.00e+00	0.00e+00	0.00e+00	0.00e+00	0.00e+00
 9.31629e+14	5.21e-22	1.16e-15	4.74e-10	4.94e-06	2.30e-03	8.27e-02	9.15e-01	0.00e+00	0.00e+00	0.00e+00	0.00e+00	0.00e+00
 9.64800e+14	7.40e-22	1.59e-15	6.22e-10	6.07e-06	2.63e-03	8.87e-02	9.09e-01	0.00e+00	0.00e+00	0.00e+00	0.00e+00	0.00e+00
 1.00189e+15	1.05e-21	2.22e-15	8.34e-10	7.57e-06	3.03e-03	9.59e-02	9.01e-01	0.00e+00	0.00e+00	0.00e+00	0.00e+00	0.00e+00
 1.03672e+15	1.48e-21	3.03e-15	1.09e-09	9.25e-06	3.45e-03	1.03e-01	8.94e-01	0.00e+00	0.00e+00	0.00e+00	0.00e+00	0.00e+00
 1.07428e+15	2.08e-21	4.14e-15	1.43e-09	1.14e-05	3.94e-03	1.10e-01	8.86e-01	0.00e+00	0.00e+00	0.00e+00	0.00e+00	0.00e+00
 1.11622e+15	3.03e-21	5.86e-15	1.93e-09	1.42e-05	4.55e-03	1.19e-01	8.77e-01	0.00e+00	0.00e+00	0.00e+00	0.00e+00	0.00e+00
 1.15643e+15	4.34e-21	8.09e-15	2.55e-09	1.75e-05	5.19e-03	1.27e-01	8.68e-01	0.00e+00	0.00e+00	0.00e+00	0.00e+00	0.00e+00
 1.19931e+15	6.18e-21	1.13e-14	3.38e-09	2.16e-05	5.94e-03	1.37e-01	8.57e-01	0.00e+00	0.00e+00	0.00e+00	0.00e+00	0.00e+00
 1.24732e+15	9.19e-21	1.61e-14	4.58e-09	2.71e-05	6.86e-03	1.47e-01	8.46e-01	0.00e+00	0.00e+00	0.00e+00	0.00e+00	0.00e+00
 1.29548e+15	1.35e-20	2.28e-14	6.16e-09	3.37e-05	7.89e-03	1.58e-01	8.34e-01	0.00e+00	0.00e+00	0.00e+00	0.00e+00	0.00e+00
 1.34557e+15	1.98e-20	3.24e-14	8.27e-09	4.19e-05	9.05e-03	1.69e-01	8.22e-01	0.00e+00	0.00e+00	0.00e+00	0.00e+00	0.00e+00
 1.39942e+15	2.93e-20	4.61e-14	1.12e-08	5.23e-05	1.04e-02	1.81e-01	8.08e-01	0.00e+00	0.00e+00	0.00e+00	0.00e+00	0.00e+00
 1.45543e+15	4.41e-20	6.66e-14	1.52e-08	6.55e-05	1.20e-02	1.95e-01	7.93e-01	0.00e+00	0.00e+00	0.00e+00	0.00e+00	0.00e+00
 1.50370e+15	6.12e-20	8.95e-14	1.95e-08	7.87e-05	1.35e-02	2.06e-01	7.81e-01	0.00e+00	0.00e+00	0.00e+00	0.00e+00	0.00e+00
 1.54064e+15	7.93e-20	1.13e-13	2.35e-08	9.03e-05	1.47e-02	2.15e-01	7.70e-01	0.00e+00	0.00e+00	0.00e+00	0.00e+00	0.00e+00
 1.58021e+15	1.03e-19	1.43e-13	2.85e-08	1.04e-04	1.61e-02	2.24e-01	7.60e-01	0.00e+00	0.00e+00	0.00e+00	0.00e+00	0.00e+00
 1.63166e+15	1.42e-19	1.90e-13	3.64e-08	1.24e-04	1.79e-02	2.36e-01	7.46e-01	0.00e+00	0.00e+00	0.00e+00	0.00e+00	0.00e+00
 1.68793e+15	2.05e-19	2.64e-13	4.73e-08	1.50e-04	2.02e-02	2.50e-01	7.30e-01	0.00e+00	0.00e+00	0.00e+00	0.00e+00	0.00e+00
 1.73907e+15	2.81e-19	3.48e-13	5.94e-08	1.77e-04	2.24e-02	2.62e-01	7.16e-01	0.00e+00	0.00e+00	0.00e+00	0.00e+00	0.00e+00
 1.79417e+15	3.90e-19	4.65e-13	7.52e-08	2.10e-04	2.49e-02	2.74e-01	7.01e-01	0.00e+00	0.00e+00	0.00e+00	0.00e+00	0.00e+00
 1.86184e+15	5.75e-19	6.56e-13	9.95e-08	2.58e-04	2.82e-02	2.90e-01	6.82e-01	0.00e+00	0.00e+00	0.00e+00	0.00e+00	0.00e+00
 1.92965e+15	8.42e-19	9.13e-13	1.30e-07	3.13e-04	3.17e-02	3.05e-01	6.63e-01	0.00e+00	0.00e+00	0.00e+00	0.00e+00	0.00e+00
 1.98927e+15	1.14e-18	1.20e-12	1.63e-07	3.68e-04	3.50e-02	3.18e-01	6.46e-01	0.00e+00	0.00e+00	0.00e+00	0.00e+00	0.00e+00
 2.05442e+15	1.60e-18	1.61e-12	2.07e-07	4.37e-04	3.88e-02	3.32e-01	6.28e-01	0.00e+00	0.00e+00	0.00e+00	0.00e+00	0.00e+00
 2.13308e+15	2.44e-18	2.30e-12	2.74e-07	5.34e-04	4.38e-02	3.49e-01	6.07e-01	0.00e+00	0.00e+00	0.00e+00	0.00e+00	0.00e+00
 2.21154e+15	3.58e-18	3.21e-12	3.57e-07	6.45e-04	4.91e-02	3.65e-01	5.85e-01	0.00e+00	0.00e+00	0.00e+00	0.00e+00	0.00e+00
 2.28197e+15	4.99e-18	4.28e-12	4.49e-07	7.59e-04	5.40e-02	3.79e-01	5.67e-01	0.00e+00	0.00e+00	0.00e+00	0.00e+00	0.00e+00
 2.35974e+15	6.96e-18	5.72e-12	5.73e-07	9.01e-04	5.98e-02	3.93e-01	5.46e-01	0.00e+00	0.00e+00	0.00e+00	0.00e+00	0.00e+00
 2.45179e+15	1.08e-17	8.26e-12	7.56e-07	1.10e-03	6.71e-02	4.10e-01	5.22e-01	0.00e+00	0.00e+00	0.00e+00	0.00e+00	0.00e+00
 2.54274e+15	1.59e-17	1.15e-11	9.79e-07	1.32e-03	7.46e-02	4.25e-01	4.99e-01	0.00e+00	0.00e+00	0.00e+00	0.00e+00	0.00e+00
 2.62666e+15	2.24e-17	1.54e-11	1.23e-06	1.55e-03	8.19e-02	4.38e-01	4.79e-01	0.00e+00	0.00e+00	0.00e+00	0.00e+00	0.00e+00
 2.72107e+15	3.29e-17	2.11e-11	1.58e-06	1.84e-03	9.04e-02	4.51e-01	4.57e-01	0.00e+00	0.00e+00	1.88e-17	1.01e-17	3.69e-18
 2.82993e+15	4.80e-17	2.92e-11	2.07e-06	2.22e-03	1.01e-01	4.65e-01	4.32e-01	0.00e+00	0.00e+00	2.73e-17	1.47e-17	5.32e-18
 2.93674e+15	7.38e-17	4.15e-11	2.68e-06	2.65e-03	1.11e-01	4.78e-01	4.08e-01	0.00e+00	0.00e+00	4.21e-17	2.26e-17	8.14e-18
 3.03912e+15	1.06e-16	5.62e-11	3.38e-06	3.12e-03	1.22e-01	4.89e-01	3.87e-01	0.00e+00	0.00e+00	6.07e-17	3.25e-17	1.16e-17
 3.15203e+15	1.55e-16	7.70e-11	4.33e-06	3.69e-03	1.33e-01	4.99e-01	3.64e-01	0.00e+00	0.00e+00	8.86e-17	4.74e-17	1.69e-17
 3.27814e+15	2.26e-16	1.06e-10	5.62e-06	4.41e-03	1.47e-01	5.08e-01	3.40e-01	0.00e+00	0.00e+00	1.29e-16	6.90e-17	2.45e-17
 3.40930e+15	3.54e-16	1.52e-10	7.30e-06	5.26e-03	1.62e-01	5.17e-01	3.17e-01	0.00e+00	0.00e+00	2.03e-16	1.08e-16	3.82e-17
 3.54570e+15	5.35e-16	2.13e-10	9.42e-06	6.26e-03	1.77e-01	5.23e-01	2.94e-01	0.00e+00	0.00e+00	3.07e-16	1.63e-16	5.74e-17
 3.68756e+15	7.97e-16	2.95e-10	1.21e-05	7.41e-03	1.93e-01	5.28e-01	2.72e-01	0.00e+00	0.00e+00	4.58e-16	2.43e-16	8.52e-17
 3.81087e+15	1.12e-15	3.90e-10	1.50e-05	8.53e-03	2.08e-01	5.30e-01	2.54e-01	0.00e+00	0.00e+00	6.44e-16	3.42e-16	1.19e-16
 3.90631e+15	1.45e-15	4.81e-10	1.75e-05	9.46e-03	2.19e-01	5.32e-01	2.40e-01	0.00e+00	0.00e+00	8.37e-16	4.43e-16	1.54e-16
 4.00856e+15	1.90e-15	5.96e-10	2.06e-05	1.05e-02	2.31e-01	5.32e-01	2.27e-01	0.00e+00	0.00e+00	1.09e-15	5.78e-16	2.01e-16
 4.14148e+15	2.55e-15	7.62e-10	2.51e-05	1.20e-02	2.46e-01	5.31e-01	2.11e-01	0.00e+00	0.00e+00	1.47e-15	7.76e-16	2.69e-16
 4.28636e+15	3.77e-15	1.03e-09	3.11e-05	1.38e-02	2.63e-01	5.29e-01	1.94e-01	0.00e+00	0.00e+00	2.17e-15	1.15e-15	3.96e-16
 4.41760e+15	5.08e-15	1.31e-09	3.73e-05	1.56e-02	2.78e-01	5.26e-01	1.80e-01	0.00e+00	0.00e+00	2.93e-15	1.55e-15	5.32e-16
 4.55902e+15	6.78e-15	1.67e-09	4.51e-05	1.76e-02	2.95e-01	5.21e-01	1.66e-01	0.00e+00	0.00e+00	3.91e-15	2.07e-15	7.09e-16
 4.73174e+15	1.02e-14	2.29e-09	5.64e-05	2.03e-02	3.14e-01	5.15e-01	1.50e-01	0.00e+00	0.00e+00	5.91e-15	3.12e-15	1.07e-15
 4.90251e+15	1.45e-14	3.02e-09	6.94e-05	2.32e-02	3.33e-01	5.07e-01	1.37e-01	0.00e+00	0.00e+00	8.38e-15	4.42e-15	1.51e-15
 5.05099e+15	1.90e-14	3.76e-09	8.25e-05	2.59e-02	3.49e-01	4.99e-01	1.26e-01	0.00e+00	0.00e+00	1.10e-14	5.79e-15	1.97e-15
 5.21317e+15	2.60e-14	4.81e-09	9.90e-05	2.90e-02	3.67e-01	4.90e-01	1.15e-01	0.00e+00	0.00e+00	1.50e-14	7.92e-15	2.69e-15
 5.41095e+15	3.92e-14	6.58e-09	1.23e-04	3.31e-02	3.87e-01	4.77e-01	1.02e-01	0.00e+00	0.00e+00	2.27e-14	1.19e-14	4.04e-15
 5.60772e+15	5.53e-14	8.60e-09	1.50e-04	3.75e-02	4.07e-01	4.64e-01	9.16e-02	0.00e+00	0.00e+00	3.20e-14	1.68e-14	5.68e-15
 5.78167e+15	7.26e-14	1.07e-08	1.78e-04	4.16e-02	4.23e-01	4.52e-01	8.30e-02	0.00e+00	0.00e+00	4.20e-14	2.21e-14	7.44e-15
 5.97326e+15	9.98e-14	1.37e-08	2.13e-04	4.64e-02	4.40e-01	4.39e-01	7.45e-02	0.00e+00	0.00e+00	5.77e-14	3.04e-14	1.02e-14
 6.20319e+15	1.51e-13	1.86e-08	2.62e-04	5.26e-02	4.60e-01	4.22e-01	6.53e-02	0.00e+00	0.00e+00	8.72e-14	4.59e-14	1.54e-14
 6.43020e+15	2.14e-13	2.44e-08	3.18e-04	5.91e-02	4.78e-01	4.05e-01	5.75e-02	0.00e+00	0.00e+00	1.24e-13	6.53e-14	2.19e-14
 6.63505e+15	2.91e-13	3.08e-08	3.77e-04	6.52e-02	4.94e-01	3.90e-01	5.12e-02	0.00e+00	0.00e+00	1.69e-13	8.86e-14	2.96e-14
 6.86386e+15	4.01e-13	3.94e-08	4.51e-04	7.25e-02	5.10e-01	3.72e-01	4.51e-02	0.00e+00	0.00e+00	2.32e-13	1.22e-13	4.07e-14
 7.12099e+15	5.79e-13	5.20e-08	5.48e-04	8.11e-02	5.26e-01	3.53e-01	3.90e-02	0.00e+00	0.00e+00	3.35e-13	1.76e-13	5.86e-14
 7.36911e+15	7.99e-13	6.64e-08	6.55e-04	8.97e-02	5.40e-01	3.35e-01	3.40e-02	0.00e+00	0.00e+00	4.63e-13	2.43e-13	8.09e-14
 7.60140e+15	1.04e-12	8.18e-08	7.68e-04	9.82e-02	5.52e-01	3.19e-01	2.99e-02	0.00e+00	0.00e+00	6.06e-13	3.18e-13	1.06e-13
 7.85895e+15	1.44e-12	1.04e-07	9.13e-04	1.08e-01	5.64e-01	3.01e-01	2.59e-02	0.00e+00	0.00e+00	8.34e-13	4.38e-13	1.45e-13
 8.14353e+15	2.13e-12	1.39e-07	1.10e-03	1.20e-01	5.75e-01	2.82e-01	2.21e-02	0.00e+00	0.00e+00	1.24e-12	6.50e-13	2.15e-13
 8.40437e+15	2.90e-12	1.74e-07	1.29e-03	1.30e-01	5.84e-01	2.65e-01	1.92e-02	0.00e+00	0.00e+00	1.68e-12	8.83e-13	2.92e-13
 8.68457e+15	3.95e-12	2.20e-07	1.52e-03	1.43e-01	5.91e-01	2.48e-01	1.64e-02	0.00e+00	0.00e+00	2.29e-12	1.20e-12	3.98e-13
 8.99895e+15	5.36e-12	2.77e-07	1.82e-03	1.57e-01	5.98e-01	2.30e-01	1.38e-02	0.00e+00	0.00e+00	3.11e-12	1.63e-12	5.38e-13
 9.27791e+15	7.62e-12	3.57e-07	2.13e-03	1.70e-01	6.02e-01	2.14e-01	1.18e-02	0.00e+00	0.00e+00	4.42e-12	2.32e-12	7.66e-13
 9.49889e+15	9.58e-12	4.22e-07	2.40e-03	1.80e-01	6.04e-01	2.03e-01	1.05e-02	0.00e+00	0.00e+00	5.56e-12	2.92e-12	9.62e-13
 9.72433e+15	1.21e-11	5.02e-07	2.70e-03	1.91e-01	6.06e-01	1.91e-01	9.28e-03	0.00e+00	0.00e+00	7.04e-12	3.69e-12	1.22e-12
 1.00174e+16	1.61e-11	6.20e-07	3.14e-03	2.06e-01	6.06e-01	1.77e-01	7.90e-03	0.00e+00	0.00e+00	9.37e-12	4.92e-12	1.62e-12
 1.03360e+16	2.24e-11	7.87e-07	3.69e-03	2.23e-01	6.05e-01	1.62e-01	6.63e-03	0.00e+00	0.00e+00	1.30e-11	6.82e-12	2.24e-12
 1.06195e+16	2.89e-11	9.53e-07	4.23e-03	2.38e-01	6.02e-01	1.50e-01	5.69e-03	0.00e+00	0.00e+00	1.68e-11	8.82e-12	2.90e-12
 1.08783e+16	3.59e-11	1.12e-06	4.78e-03	2.52e-01	5.99e-01	1.40e-01	4.94e-03	0.00e+00	0.00e+00	2.08e-11	1.09e-11	3.59e-12
 1.11735e+16	4.71e-11	1.37e-06	5.50e-03	2.68e-01	5.93e-01	1.29e-01	4.19e-03	0.00e+00	0.00e+00	2.73e-11	1.44e-11	4.71e-12
 1.15009e+16	6.72e-11	1.76e-06	6.42e-03	2.87e-01	5.86e-01	1.17e-01	3.48e-03	0.00e+00	0.00e+00	3.91e-11	2.05e-11	6.73e-12
 1.18015e+16	8.82e-11	2.15e-06	7.35e-03	3.05e-01	5.78e-01	1.07e-01	2.95e-03	0.00e+00	0.00e+00	5.13e-11	2.69e-11	8.83e-12
 1.20816e+16	1.14e-10	2.58e-06	8.35e-03	3.21e-01	5.69e-01	9.84e-02	2.52e-03	0.00e+00	0.00e+00	6.61e-11	3.47e-11	1.14e-11
 1.24037e+16	1.51e-10	3.17e-06	9.65e-03	3.41e-01	5.58e-01	8.90e-02	2.10e-03	0.00e+00	0.00e+00	8.75e-11	4.59e-11	1.50e-11
 1.27449e+16	2.08e-10	4.00e-06	1.12e-02	3.62e-01	5.45e-01	8.00e-02	1.73e-03	0.00e+00	0.00e+00	1.21e-10	6.34e-11	2.08e-11
 1.30352e+16	2.68e-10	4.82e-06	1.28e-02	3.80e-01	5.33e-01	7.29e-02	1.46e-03	0.00e+00	0.00e+00	1.56e-10	8.18e-11	2.68e-11
 1.32967e+16	3.34e-10	5.68e-06	1.43e-02	3.96e-01	5.21e-01	6.69e-02	1.26e-03	0.00e+00	0.00e+00	1.94e-10	1.02e-10	3.34e-11
 1.35963e+16	4.20e-10	6.77e-06	1.64e-02	4.16e-01	5.06e-01	6.04e-02	1.05e-03	0.00e+00	0.00e+00	2.44e-10	1.28e-10	4.20e-11
 1.39254e+16	6.07e-10	8.73e-06	1.90e-02	4.37e-01	4.89e-01	5.37e-02	8.61e-04	0.00e+00	0.00e+00	3.53e-10	1.85e-10	6.07e-11
 1.42158e+16	7.74e-10	1.05e-05	2.17e-02	4.56e-01	4.73e-01	4.84e-02	7.23e-04	0.00e+00	0.00e+00	4.50e-10	2.36e-10	7.73e-11
 1.44736e+16	9.48e-10	1.22e-05	2.44e-02	4.73e-01	4.58e-01	4.40e-02	6.17e-04	0.00e+00	0.00e+00	5.51e-10	2.89e-10	9.48e-11
 1.47660e+16	1.35e-09	1.56e-05	2.81e-02	4.92e-01	4.40e-01	3.92e-02	5.08e-04	0.00e+00	0.00e+00	7.82e-10	4.11e-10	1.34e-10
 1.50740e+16	1.67e-09	1.86e-05	3.25e-02	5.12e-01	4.20e-01	3.47e-02	4.18e-04	0.00e+00	0.00e+00	9.73e-10	5.11e-10	1.67e-10
 1.53419e+16	2.34e-09	2.35e-05	3.72e-02	5.30e-01	4.02e-01	3.10e-02	3.47e-04	0.00e+00	0.00e+00	1.36e-09	7.15e-10	2.34e-10
 1.55490e+16	2.93e-09	2.76e-05	4.12e-02	5.43e-01	3.87e-01	2.83e-02	3.02e-04	0.00e+00	0.00e+00	1.71e-09	8.96e-10	2.93e-10
 1.57097e+16	3.49e-09	3.14e-05	4.49e-02	5.53e-01	3.76e-01	2.63e-02	2.69e-04	0.00e+00	0.00e+00	2.03e-09	1.07e-09	3.49e-10
 1.58906e+16	4.30e-09	3.65e-05	4.95e-02	5.64e-01	3.62e-01	2.41e-02	2.35e-04	0.00e+00	0.00e+00	2.50e-09	1.31e-09	4.31e-10
 1.61258e+16	5.20e-09	4.26e-05	5.63e-02	5.79e-01	3.43e-01	2.15e-02	1.97e-04	0.00e+00	0.00e+00	3.03e-09	1.59e-09	5.21e-10
 1.63909e+16	7.57e-09	5.56e-05	6.58e-02	5.94e-01	3.22e-01	1.87e-02	1.59e-04	0.00e+00	0.00e+00	4.40e-09	2.31e-09	7.58e-10
 1.66269e+16	9.53e-09	6.66e-05	7.57e-02	6.06e-01	3.02e-01	1.64e-02	1.31e-04	0.00e+00	0.00e+00	5.55e-09	2.92e-09	9.55e-10
 1.68243e+16	1.24e-08	8.09e-05	8.59e-02	6.15e-01	2.84e-01	1.46e-02	1.11e-04	0.00e+00	0.00e+00	7.22e-09	3.79e-09	1.24e-09
 1.70110e+16	1.72e-08	1.02e-04	9.76e-02	6.23e-01	2.67e-01	1.29e-02	9.24e-05	0.00e+00	0.00e+00	9.98e-09	5.25e-09	1.72e-09
 1.71904e+16	2.22e-08	1.23e-04	1.11e-01	6.28e-01	2.49e-01	1.14e-02	7.74e-05	0.00e+00	0.00e+00	1.29e-08	6.80e-09	2.23e-09
 1.73618e+16	2.72e-08	1.44e-04	1.26e-01	6.32e-01	2.32e-01	1.01e-02	6.49e-05	0.00e+00	0.00e+00	1.58e-08	8.33e-09	2.73e-09
 1.75576e+16	4.10e-08	1.92e-04	1.47e-01	6.33e-01	2.11e-01	8.52e-03	5.12e-05	0.00e+00	0.00e+00	2.39e-08	1.26e-08	4.12e-09
 1.77495e+16	5.73e-08	2.47e-04	1.73e-01	6.30e-01	1.90e-01	7.16e-03	4.04e-05	0.00e+00	0.00e+00	3.33e-08	1.75e-08	5.76e-09
 1.78912e+16	7.26e-08	2.96e-04	1.96e-01	6.24e-01	1.73e-01	6.20e-03	3.33e-05	0.00e+00	0.00e+00	4.22e-08	2.22e-08	7.30e-09
 1.80106e+16	9.22e-08	3.53e-04	2.19e-01	6.16e-01	1.59e-01	5.41e-03	2.78e-05	0.00e+00	0.00e+00	5.37e-08	2.82e-08	9.28e-09
 1.81459e+16	1.26e-07	4.42e-04	2.51e-01	6.03e-01	1.41e-01	4.52e-03	2.19e-05	0.00e+00	0.00e+00	7.31e-08	3.85e-08	1.26e-08
 1.82863e+16	1.70e-07	5.54e-04	2.89e-01	5.83e-01	1.23e-01	3.69e-03	1.69e-05	0.00e+00	0.00e+00	9.90e-08	5.21e-08	1.72e-08
 1.83987e+16	2.16e-07	6.64e-04	3.26e-01	5.62e-01	1.08e-01	3.07e-03	1.33e-05	0.00e+00	0.00e+00	1.26e-07	6.62e-08	2.18e-08
 1.84923e+16	2.72e-07	7.87e-04	3.61e-01	5.40e-01	9.53e-02	2.57e-03	1.06e-05	0.00e+00	0.00e+00	1.58e-07	8.34e-08	2.75e-08
 1.85683e+16	3.31e-07	9.05e-04	3.93e-01	5.19e-01	8.50e-02	2.19e-03	8.73e-06	0.00e+00	0.00e+00	1.92e-07	1.01e-07	3.34e-08
 1.86243e+16	3.78e-07	1.00e-03	4.19e-01	5.01e-01	7.74e-02	1.93e-03	7.45e-06	0.00e+00	0.00e+00	2.20e-07	1.16e-07	3.82e-08
 1.86824e+16	4.26e-07	1.10e-03	4.48e-01	4.80e-01	6.93e-02	1.66e-03	6.22e-06	0.00e+00	0.00e+00	2.48e-07	1.31e-07	4.31e-08
 1.87579e+16	5.44e-07	1.30e-03	4.88e-01	4.50e-01	5.91e-02	1.34e-03	4.77e-06	0.00e+00	0.00e+00	3.17e-07	1.67e-07	5.52e-08
 1.88280e+16	6.51e-07	1.48e-03	5.27e-01	4.20e-01	5.04e-02	1.09e-03	3.70e-06	0.00e+00	0.00e+00	3.79e-07	2.00e-07	6.60e-08
 1.88782e+16	7.18e-07	1.59e-03	5.56e-01	3.97e-01	4.44e-02	9.20e-04	3.03e-06	0.00e+00	0.00e+00	4.18e-07	2.21e-07	7.29e-08
 1.89305e+16	8.56e-07	1.80e-03	5.89e-01	3.70e-01	3.81e-02	7.53e-04	2.38e-06	0.00e+00	0.00e+00	4.98e-07	2.63e-07	8.71e-08
 1.89867e+16	9.92e-07	1.99e-03	6.24e-01	3.42e-01	3.21e-02	6.04e-04	1.82e-06	0.00e+00	0.00e+00	5.77e-07	3.05e-07	1.01e-07
 1.90400e+16	1.14e-06	2.19e-03	6.57e-01	3.13e-01	2.69e-02	4.80e-04	1.39e-06	0.00e+00	0.00e+00	6.64e-07	3.51e-07	1.16e-07
 1.91012e+16	1.33e-06	2.43e-03	6.95e-01	2.81e-01	2.15e-02	3.60e-04	9.86e-07	0.00e+00	0.00e+00	7.76e-07	4.10e-07	1.36e-07
 1.91675e+16	1.57e-06	2.70e-03	7.34e-01	2.47e-01	1.66e-02	2.58e-04	0.00e+00	0.00e+00	0.00e+00	9.11e-07	4.82e-07	1.60e-07
 1.92272e+16	1.80e-06	2.96e-03	7.67e-01	2.17e-01	1.29e-02	1.87e-04	0.00e+00	0.00e+00	0.00e+00	1.05e-06	5.54e-07	1.84e-07
 1.92916e+16	2.09e-06	3.24e-03	8.00e-01	1.87e-01	9.54e-03	1.28e-04	0.00e+00	0.00e+00	0.00e+00	1.21e-06	6.42e-07	2.14e-07
 1.93637e+16	2.42e-06	3.55e-03	8.33e-01	1.57e-01	6.76e-03	8.21e-05	0.00e+00	0.00e+00	0.00e+00	1.41e-06	7.45e-07	2.49e-07
 1.94341e+16	2.77e-06	3.84e-03	8.60e-01	1.31e-01	4.75e-03	5.23e-05	0.00e+00	0.00e+00	0.00e+00	1.61e-06	8.53e-07	2.85e-07
 1.95141e+16	3.19e-06	4.16e-03	8.87e-01	1.06e-01	3.13e-03	3.05e-05	0.00e+00	0.00e+00	0.00e+00	1.85e-06	9.83e-07	3.29e-07
 1.96180e+16	3.75e-06	4.54e-03	9.13e-01	8.05e-02	1.82e-03	1.50e-05	0.00e+00	0.00e+00	0.00e+00	2.18e-06	1.16e-06	3.89e-07
 1.97344e+16	4.39e-06	4.92e-03	9.34e-01	5.99e-02	1.00e-03	6.90e-06	0.00e+00	0.00e+00	0.00e+00	2.55e-06	1.36e-06	4.56e-07
 1.98671e+16	5.15e-06	5.31e-03	9.51e-01	4.34e-02	5.19e-04	2.86e-06	0.00e+00	0.00e+00	0.00e+00	2.99e-06	1.59e-06	5.35e-07
 2.00397e+16	6.17e-06	5.76e-03	9.64e-01	2.98e-02	2.34e-04	9.68e-07	0.00e+00	0.00e+00	0.00e+00	3.59e-06	1.90e-06	6.42e-07
 2.02640e+16	7.61e-06	6.31e-03	9.74e-01	1.96e-02	9.35e-05	0.00e+00	0.00e+00	0.00e+00	0.00e+00	4.42e-06	2.35e-06	7.92e-07
 2.05557e+16	9.83e-06	7.01e-03	9.80e-01	1.27e-02	3.38e-05	0.00e+00	0.00e+00	0.00e+00	0.00e+00	5.71e-06	3.04e-06	1.02e-06
 2.08787e+16	1.30e-05	7.86e-03	9.83e-01	8.89e-03	1.34e-05	0.00e+00	0.00e+00	0.00e+00	0.00e+00	7.58e-06	4.03e-06	1.36e-06
 2.11745e+16	1.71e-05	8.78e-03	9.84e-01	6.94e-03	6.62e-06	0.00e+00	0.00e+00	0.00e+00	0.00e+00	9.92e-06	5.27e-06	1.78e-06
 2.14394e+16	2.19e-05	9.75e-03	9.84e-01	5.75e-03	3.77e-06	0.00e+00	0.00e+00	0.00e+00	0.00e+00	1.28e-05	6.77e-06	2.28e-06
 2.17321e+16	2.93e-05	1.10e-02	9.84e-01	4.80e-03	2.12e-06	0.00e+00	0.00e+00	0.00e+00	0.00e+00	1.70e-05	9.03e-06	3.04e-06
 2.20397e+16	4.05e-05	1.27e-02	9.83e-01	4.04e-03	1.23e-06	0.00e+00	0.00e+00	0.00e+00	0.00e+00	2.35e-05	1.25e-05	4.20e-06
