#depth	He	He+	He+2
 1.49634e+10	4.52e-23	4.35e-12	1.00e+00
 4.54887e+10	5.05e-23	4.71e-12	1.00e+00
 7.72350e+10	5.62e-23	5.10e-12	1.00e+00
 1.10251e+11	6.25e-23	5.52e-12	1.00e+00
 1.43902e+11	6.94e-23	5.96e-12	1.00e+00
 1.78899e+11	7.72e-23	6.44e-12	1.00e+00
 2.15982e+11	8.61e-23	6.97e-12	1.00e+00
 2.54548e+11	9.61e-23	7.55e-12	1.00e+00
 2.94656e+11	1.07e-22	8.17e-12	1.00e+00
 3.36369e+11	1.20e-22	8.85e-12	1.00e+00
 3.79751e+11	1.35e-22	9.58e-12	1.00e+00
 4.24868e+11	1.51e-22	1.04e-11	1.00e+00
 4.71789e+11	1.70e-22	1.12e-11	1.00e+00
 5.20588e+11	1.91e-22	1.22e-11	1.00e+00
 5.71338e+11	2.15e-22	1.32e-11	1.00e+00
 6.20916e+11	2.41e-22	1.42e-11	1.00e+00
 6.66588e+11	2.67e-22	1.52e-11	1.00e+00
 7.17110e+11	2.98e-22	1.63e-11	1.00e+00
 7.75544e+11	3.37e-22	1.77e-11	1.00e+00
 8.33056e+11	3.80e-22	1.91e-11	1.00e+00
 8.92869e+11	4.28e-22	2.06e-11	1.00e+00
 9.58511e+11	4.87e-22	2.24e-11	1.00e+00
 1.02491e+12	5.53e-22	2.42e-11	1.00e+00
 1.09396e+12	6.28e-22	2.62e-11	1.00e+00
 1.16764e+12	7.18e-22	2.84e-11	1.00e+00
 1.24427e+12	8.21e-22	3.08e-11	1.00e+00
 1.32397e+12	9.40e-22	3.35e-11	1.00e+00
 1.40686e+12	1.08e-21	3.63e-11	1.00e+00
 1.49306e+12	1.24e-21	3.95e-11	1.00e+00
 1.58271e+12	1.42e-21	4.29e-11	1.00e+00
 1.67594e+12	1.64e-21	4.66e-11	1.00e+00
 1.76357e+12	1.86e-21	5.02e-11	1.00e+00
 1.84185e+12	2.08e-21	5.36e-11	1.00e+00
 1.92967e+12	2.34e-21	5.76e-11	1.00e+00
 2.03386e+12	2.70e-21	6.25e-11	1.00e+00
 2.13816e+12	3.10e-21	6.76e-11	1.00e+00
 2.23592e+12	3.51e-21	7.27e-11	1.00e+00
 2.34457e+12	4.00e-21	7.86e-11	1.00e+00
 2.46828e+12	4.65e-21	8.55e-11	1.00e+00
 2.59129e+12	5.36e-21	9.29e-11	1.00e+00
 2.71921e+12	6.17e-21	1.01e-10	1.00e+00
 2.85791e+12	7.17e-21	1.10e-10	1.00e+00
 3.00215e+12	8.33e-21	1.20e-10	1.00e+00
 3.13797e+12	9.56e-21	1.30e-10	1.00e+00
 3.25979e+12	1.07e-20	1.39e-10	1.00e+00
 3.39674e+12	1.22e-20	1.50e-10	1.00e+00
 3.55859e+12	1.42e-20	1.64e-10	1.00e+00
 3.72013e+12	1.63e-20	1.78e-10	1.00e+00
 3.87204e+12	1.86e-20	1.92e-10	1.00e+00
 4.04075e+12	2.13e-20	2.09e-10	1.00e+00
 4.23230e+12	2.48e-20	2.28e-10	1.00e+00
 4.42134e+12	2.86e-20	2.49e-10	1.00e+00
 4.61793e+12	3.30e-20	2.72e-10	1.00e+00
 4.83257e+12	3.83e-20	2.98e-10	1.00e+00
 5.04896e+12	4.43e-20	3.26e-10	1.00e+00
 5.27400e+12	5.12e-20	3.57e-10	1.00e+00
 5.50567e+12	5.91e-20	3.90e-10	1.00e+00
 5.73216e+12	6.75e-20	4.25e-10	1.00e+00
 5.97694e+12	7.74e-20	4.65e-10	1.00e+00
 6.24594e+12	8.95e-20	5.11e-10	1.00e+00
 6.52571e+12	1.03e-19	5.62e-10	1.00e+00
 6.81666e+12	1.19e-19	6.19e-10	1.00e+00
 7.11925e+12	1.37e-19	6.82e-10	1.00e+00
 7.39266e+12	1.55e-19	7.42e-10	1.00e+00
 7.62001e+12	1.71e-19	7.94e-10	1.00e+00
 7.86890e+12	1.89e-19	8.54e-10	1.00e+00
 8.18473e+12	2.15e-19	9.34e-10	1.00e+00
 8.51434e+12	2.44e-19	1.02e-09	1.00e+00
 8.80569e+12	2.71e-19	1.10e-09	1.00e+00
 9.07752e+12	2.98e-19	1.19e-09	1.00e+00
 9.38789e+12	3.31e-19	1.28e-09	1.00e+00
 9.76955e+12	3.75e-19	1.41e-09	1.00e+00
 1.01499e+13	4.25e-19	1.54e-09	1.00e+00
 1.04800e+13	4.70e-19	1.65e-09	1.00e+00
 1.08390e+13	5.22e-19	1.79e-09	1.00e+00
 1.12777e+13	5.92e-19	1.96e-09	1.00e+00
 1.17259e+13	6.71e-19	2.15e-09	1.00e+00
 1.21372e+13	7.48e-19	2.33e-09	1.00e+00
 1.25944e+13	8.42e-19	2.54e-09	1.00e+00
 1.31249e+13	9.63e-19	2.79e-09	1.00e+00
 1.36483e+13	1.09e-18	3.06e-09	1.00e+00
 1.41491e+13	1.23e-18	3.32e-09	1.00e+00
 1.47015e+13	1.40e-18	3.62e-09	1.00e+00
 1.53195e+13	1.61e-18	3.98e-09	1.00e+00
 1.59417e+13	1.85e-18	4.36e-09	1.00e+00
 1.65008e+13	2.09e-18	4.72e-09	1.00e+00
 1.69751e+13	2.31e-18	5.03e-09	1.00e+00
 1.74867e+13	2.56e-18	5.38e-09	1.00e+00
 1.81463e+13	2.93e-18	5.84e-09	1.00e+00
 1.88337e+13	3.36e-18	6.35e-09	1.00e+00
 1.94252e+13	3.77e-18	6.81e-09	1.00e+00
 2.00569e+13	4.24e-18	7.31e-09	1.00e+00
 2.08372e+13	4.90e-18	7.96e-09	1.00e+00
 2.16369e+13	5.66e-18	8.65e-09	1.00e+00
 2.23601e+13	6.41e-18	9.31e-09	1.00e+00
 2.30495e+13	7.21e-18	9.95e-09	1.00e+00
 2.38382e+13	8.22e-18	1.07e-08	1.00e+00
 2.47188e+13	9.47e-18	1.16e-08	1.00e+00
 2.55456e+13	1.08e-17	1.25e-08	1.00e+00
 2.64469e+13	1.24e-17	1.35e-08	1.00e+00
 2.74470e+13	1.43e-17	1.46e-08	1.00e+00
 2.83788e+13	1.64e-17	1.57e-08	1.00e+00
 2.93937e+13	1.89e-17	1.69e-08	1.00e+00
 3.05265e+13	2.20e-17	1.84e-08	1.00e+00
 3.15923e+13	2.52e-17	1.98e-08	1.00e+00
 3.27557e+13	2.92e-17	2.14e-08	1.00e+00
 3.40549e+13	3.42e-17	2.33e-08	1.00e+00
 3.52834e+13	3.95e-17	2.51e-08	1.00e+00
 3.66020e+13	4.59e-17	2.72e-08	1.00e+00
 3.80960e+13	5.41e-17	2.96e-08	1.00e+00
 3.95676e+13	6.31e-17	3.21e-08	1.00e+00
 4.10980e+13	7.37e-17	3.47e-08	1.00e+00
 4.27718e+13	8.68e-17	3.78e-08	1.00e+00
 4.44752e+13	1.02e-16	4.11e-08	1.00e+00
 4.62466e+13	1.19e-16	4.46e-08	1.00e+00
 4.81264e+13	1.41e-16	4.85e-08	1.00e+00
 4.99175e+13	1.63e-16	5.23e-08	1.00e+00
 5.15530e+13	1.86e-16	5.60e-08	1.00e+00
 5.30973e+13	2.10e-16	5.95e-08	1.00e+00
 5.48027e+13	2.39e-16	6.35e-08	1.00e+00
 5.67141e+13	2.75e-16	6.83e-08	1.00e+00
 5.85218e+13	3.12e-16	7.28e-08	1.00e+00
 6.05000e+13	3.57e-16	7.80e-08	1.00e+00
 6.27190e+13	4.14e-16	8.40e-08	1.00e+00
 6.47780e+13	4.71e-16	8.97e-08	1.00e+00
 6.66908e+13	5.31e-16	9.53e-08	1.00e+00
 6.88861e+13	6.05e-16	1.02e-07	1.00e+00
 7.15444e+13	7.05e-16	1.10e-07	1.00e+00
 7.41614e+13	8.15e-16	1.18e-07	1.00e+00
 7.64539e+13	9.21e-16	1.26e-07	1.00e+00
 7.89678e+13	1.05e-15	1.34e-07	1.00e+00
 8.20114e+13	1.22e-15	1.45e-07	1.00e+00
 8.50642e+13	1.41e-15	1.56e-07	1.00e+00
 8.78241e+13	1.61e-15	1.67e-07	1.00e+00
 9.08831e+13	1.84e-15	1.79e-07	1.00e+00
 9.44793e+13	2.15e-15	1.93e-07	1.00e+00
 9.80309e+13	2.49e-15	2.08e-07	1.00e+00
 1.01354e+14	2.84e-15	2.22e-07	1.00e+00
 1.05067e+14	3.28e-15	2.39e-07	1.00e+00
 1.09299e+14	3.84e-15	2.59e-07	1.00e+00
 1.13503e+14	4.46e-15	2.79e-07	1.00e+00
 1.17875e+14	5.19e-15	3.01e-07	1.00e+00
 1.22620e+14	6.07e-15	3.26e-07	1.00e+00
 1.27554e+14	7.10e-15	3.52e-07	1.00e+00
 1.32334e+14	8.21e-15	3.79e-07	1.00e+00
 1.36830e+14	9.38e-15	4.06e-07	1.00e+00
 1.41858e+14	1.08e-14	4.36e-07	1.00e+00
 1.46926e+14	1.25e-14	4.68e-07	1.00e+00
 1.51134e+14	1.39e-14	4.95e-07	1.00e+00
 1.55589e+14	1.56e-14	5.25e-07	1.00e+00
 1.61284e+14	1.80e-14	5.65e-07	1.00e+00
 1.67258e+14	2.09e-14	6.08e-07	1.00e+00
 1.72535e+14	2.36e-14	6.47e-07	1.00e+00
 1.78238e+14	2.69e-14	6.92e-07	1.00e+00
 1.85106e+14	3.13e-14	7.47e-07	1.00e+00
 1.92075e+14	3.63e-14	8.06e-07	1.00e+00
 1.98596e+14	4.15e-14	8.62e-07	1.00e+00
 2.05842e+14	4.79e-14	9.29e-07	1.00e+00
 2.13534e+14	5.55e-14	1.00e-06	1.00e+00
 2.20372e+14	6.30e-14	1.07e-06	1.00e+00
 2.27724e+14	7.19e-14	1.14e-06	1.00e+00
 2.36532e+14	8.37e-14	1.24e-06	1.00e+00
 2.45199e+14	9.67e-14	1.33e-06	1.00e+00
 2.52918e+14	1.10e-13	1.42e-06	1.00e+00
 2.61437e+14	1.25e-13	1.52e-06	1.00e+00
 2.71593e+14	1.46e-13	1.65e-06	1.00e+00
 2.81668e+14	1.69e-13	1.78e-06	1.00e+00
 2.90872e+14	1.92e-13	1.90e-06	1.00e+00
 3.01150e+14	2.20e-13	2.04e-06	1.00e+00
 3.13113e+14	2.57e-13	2.21e-06	1.00e+00
 3.24867e+14	2.98e-13	2.39e-06	1.00e+00
 3.35979e+14	3.40e-13	2.56e-06	1.00e+00
 3.48337e+14	3.92e-13	2.76e-06	1.00e+00
 3.62300e+14	4.58e-13	2.99e-06	1.00e+00
 3.75538e+14	5.27e-13	3.22e-06	1.00e+00
 3.87580e+14	5.96e-13	3.44e-06	1.00e+00
 4.01204e+14	6.82e-13	3.69e-06	1.00e+00
 4.17097e+14	7.93e-13	4.00e-06	1.00e+00
 4.32353e+14	9.11e-13	4.30e-06	1.00e+00
 4.46151e+14	1.03e-12	4.59e-06	1.00e+00
 4.59138e+14	1.15e-12	4.86e-06	1.00e+00
 4.73519e+14	1.29e-12	5.18e-06	1.00e+00
 4.89598e+14	1.47e-12	5.54e-06	1.00e+00
 5.04790e+14	1.65e-12	5.90e-06	1.00e+00
 5.21448e+14	1.87e-12	6.30e-06	1.00e+00
 5.40097e+14	2.13e-12	6.77e-06	1.00e+00
 5.57696e+14	2.40e-12	7.23e-06	1.00e+00
 5.76934e+14	2.73e-12	7.75e-06	1.00e+00
 5.98203e+14	3.13e-12	8.34e-06	1.00e+00
 6.17842e+14	3.53e-12	8.91e-06	1.00e+00
 6.39104e+14	4.01e-12	9.55e-06	1.00e+00
 6.62867e+14	4.59e-12	1.03e-05	1.00e+00
 6.85190e+14	5.19e-12	1.10e-05	1.00e+00
 7.09519e+14	5.91e-12	1.18e-05	1.00e+00
 7.36576e+14	6.79e-12	1.28e-05	1.00e+00
 7.61853e+14	7.69e-12	1.37e-05	1.00e+00
 7.89316e+14	8.78e-12	1.47e-05	1.00e+00
 8.20042e+14	1.01e-11	1.59e-05	1.00e+00
 8.49185e+14	1.15e-11	1.71e-05	1.00e+00
 8.80370e+14	1.32e-11	1.84e-05	1.00e+00
 9.15615e+14	1.52e-11	2.00e-05	1.00e+00
 9.50319e+14	1.76e-11	2.16e-05	1.00e+00
 9.86411e+14	2.02e-11	2.33e-05	1.00e+00
 1.02590e+15	2.34e-11	2.53e-05	1.00e+00
 1.06487e+15	2.70e-11	2.74e-05	1.00e+00
 1.09725e+15	3.02e-11	2.92e-05	1.00e+00
 1.12343e+15	3.31e-11	3.07e-05	1.00e+00
 1.15250e+15	3.66e-11	3.24e-05	1.00e+00
 1.19029e+15	4.15e-11	3.48e-05	1.00e+00
 1.23080e+15	4.73e-11	3.74e-05	1.00e+00
 1.26672e+15	5.30e-11	3.98e-05	1.00e+00
 1.30532e+15	5.96e-11	4.25e-05	1.00e+00
 1.35369e+15	6.90e-11	4.60e-05	1.00e+00
 1.40277e+15	7.96e-11	4.98e-05	1.00e+00
 1.44531e+15	8.97e-11	5.31e-05	1.00e+00
 1.49134e+15	1.02e-10	5.70e-05	1.00e+00
 1.54772e+15	1.19e-10	6.19e-05	1.00e+00
 1.60464e+15	1.38e-10	6.71e-05	1.00e+00
 1.65525e+15	1.57e-10	7.19e-05	1.00e+00
 1.71057e+15	1.80e-10	7.74e-05	1.00e+00
 1.77669e+15	2.11e-10	8.43e-05	1.00e+00
 1.84212e+15	2.45e-10	9.14e-05	1.00e+00
 1.90123e+15	2.80e-10	9.82e-05	1.00e+00
 1.96685e+15	3.24e-10	1.06e-04	1.00e+00
 2.04404e+15	3.81e-10	1.16e-04	1.00e+00
 2.12012e+15	4.45e-10	1.26e-04	1.00e+00
 2.19081e+15	5.13e-10	1.35e-04	1.00e+00
 2.27004e+15	5.97e-10	1.47e-04	1.00e+00
 2.36087e+15	7.07e-10	1.60e-04	1.00e+00
 2.45035e+15	8.30e-10	1.74e-04	1.00e+00
 2.54341e+15	9.76e-10	1.90e-04	1.00e+00
 2.62813e+15	1.12e-09	2.04e-04	1.00e+00
 2.69139e+15	1.24e-09	2.15e-04	1.00e+00
 2.75677e+15	1.38e-09	2.27e-04	1.00e+00
 2.84176e+15	1.58e-09	2.43e-04	1.00e+00
 2.93383e+15	1.81e-09	2.62e-04	1.00e+00
 3.01701e+15	2.04e-09	2.78e-04	1.00e+00
 3.10705e+15	2.32e-09	2.97e-04	1.00e+00
 3.22111e+15	2.71e-09	3.23e-04	1.00e+00
 3.33589e+15	3.16e-09	3.49e-04	1.00e+00
 3.43244e+15	3.57e-09	3.72e-04	1.00e+00
 3.53584e+15	4.06e-09	3.97e-04	1.00e+00
 3.66619e+15	4.75e-09	4.30e-04	1.00e+00
 3.80276e+15	5.56e-09	4.66e-04	1.00e+00
 3.92580e+15	6.38e-09	5.00e-04	9.99e-01
 4.06004e+15	7.37e-09	5.39e-04	9.99e-01
 4.21864e+15	8.69e-09	5.86e-04	9.99e-01
 4.37389e+15	1.01e-08	6.35e-04	9.99e-01
 4.51536e+15	1.16e-08	6.80e-04	9.99e-01
 4.67394e+15	1.35e-08	7.34e-04	9.99e-01
 4.85886e+15	1.59e-08	7.98e-04	9.99e-01
 5.04059e+15	1.85e-08	8.64e-04	9.99e-01
 5.21207e+15	2.13e-08	9.28e-04	9.99e-01
 5.40308e+15	2.49e-08	1.00e-03	9.99e-01
 5.58461e+15	2.85e-08	1.08e-03	9.99e-01
 5.71983e+15	3.15e-08	1.13e-03	9.99e-01
 5.85701e+15	3.47e-08	1.19e-03	9.99e-01
 6.03533e+15	3.94e-08	1.27e-03	9.99e-01
 6.22878e+15	4.49e-08	1.36e-03	9.99e-01
 6.40254e+15	5.03e-08	1.44e-03	9.99e-01
 6.58909e+15	5.68e-08	1.53e-03	9.98e-01
 6.82844e+15	6.60e-08	1.65e-03	9.98e-01
 7.06955e+15	7.62e-08	1.78e-03	9.98e-01
 7.26775e+15	8.53e-08	1.88e-03	9.98e-01
 7.47702e+15	9.61e-08	2.00e-03	9.98e-01
 7.74723e+15	1.11e-07	2.16e-03	9.98e-01
 8.02844e+15	1.29e-07	2.33e-03	9.98e-01
 8.27045e+15	1.46e-07	2.47e-03	9.98e-01
 8.52972e+15	1.66e-07	2.64e-03	9.97e-01
 8.84980e+15	1.93e-07	2.86e-03	9.97e-01
 9.16717e+15	2.22e-07	3.08e-03	9.97e-01
 9.43712e+15	2.50e-07	3.27e-03	9.97e-01
 9.72717e+15	2.84e-07	3.49e-03	9.97e-01
 1.00506e+16	3.24e-07	3.74e-03	9.96e-01
 1.03557e+16	3.66e-07	3.99e-03	9.96e-01
 1.06221e+16	4.04e-07	4.21e-03	9.96e-01
 1.09002e+16	4.52e-07	4.46e-03	9.96e-01
 1.12049e+16	5.05e-07	4.74e-03	9.95e-01
 1.14884e+16	5.60e-07	5.01e-03	9.95e-01
 1.18009e+16	6.28e-07	5.33e-03	9.95e-01
 1.21387e+16	7.06e-07	5.69e-03	9.94e-01
 1.24482e+16	7.83e-07	6.03e-03	9.94e-01
 1.27896e+16	8.81e-07	6.44e-03	9.94e-01
 1.31609e+16	9.95e-07	6.91e-03	9.93e-01
 1.35046e+16	1.11e-06	7.35e-03	9.93e-01
 1.38268e+16	1.23e-06	7.81e-03	9.92e-01
 1.41877e+16	1.39e-06	8.39e-03	9.92e-01
 1.45740e+16	1.57e-06	9.03e-03	9.91e-01
 1.49125e+16	1.74e-06	9.63e-03	9.90e-01
 1.52720e+16	1.96e-06	1.04e-02	9.90e-01
 1.56623e+16	2.22e-06	1.12e-02	9.89e-01
 1.60099e+16	2.48e-06	1.20e-02	9.88e-01
 1.63119e+16	2.73e-06	1.28e-02	9.87e-01
 1.66375e+16	3.06e-06	1.38e-02	9.86e-01
 1.69891e+16	3.46e-06	1.50e-02	9.85e-01
 1.72969e+16	3.84e-06	1.62e-02	9.84e-01
 1.75705e+16	4.25e-06	1.73e-02	9.83e-01
 1.78777e+16	4.79e-06	1.88e-02	9.81e-01
 1.82067e+16	5.46e-06	2.06e-02	9.79e-01
 1.84895e+16	6.12e-06	2.24e-02	9.78e-01
 1.87390e+16	6.79e-06	2.42e-02	9.76e-01
 1.90198e+16	7.78e-06	2.65e-02	9.73e-01
 1.93147e+16	8.89e-06	2.94e-02	9.71e-01
 1.95654e+16	1.01e-05	3.23e-02	9.68e-01
 1.97877e+16	1.14e-05	3.53e-02	9.65e-01
 2.00027e+16	1.27e-05	3.87e-02	9.61e-01
 2.02492e+16	1.48e-05	4.33e-02	9.57e-01
 2.05038e+16	1.74e-05	4.91e-02	9.51e-01
 2.07076e+16	2.00e-05	5.48e-02	9.45e-01
 2.08767e+16	2.30e-05	6.04e-02	9.40e-01
 2.10349e+16	2.58e-05	6.66e-02	9.33e-01
 2.12138e+16	3.00e-05	7.49e-02	9.25e-01
 2.14039e+16	3.56e-05	8.57e-02	9.14e-01
 2.15623e+16	4.16e-05	9.69e-02	9.03e-01
 2.16926e+16	4.83e-05	1.08e-01	8.92e-01
 2.18043e+16	5.46e-05	1.19e-01	8.81e-01
 2.19216e+16	6.27e-05	1.33e-01	8.67e-01
 2.20741e+16	7.59e-05	1.55e-01	8.45e-01
 2.22209e+16	9.23e-05	1.81e-01	8.19e-01
 2.23104e+16	1.04e-04	2.00e-01	8.00e-01
 2.23652e+16	1.13e-04	2.13e-01	7.87e-01
 2.24250e+16	1.24e-04	2.29e-01	7.71e-01
 2.25027e+16	1.40e-04	2.52e-01	7.47e-01
 2.25832e+16	1.59e-04	2.79e-01	7.21e-01
 2.26484e+16	1.76e-04	3.03e-01	6.97e-01
 2.27141e+16	1.96e-04	3.30e-01	6.69e-01
 2.27996e+16	2.28e-04	3.69e-01	6.31e-01
 2.28772e+16	2.57e-04	4.07e-01	5.93e-01
 2.29311e+16	2.80e-04	4.35e-01	5.64e-01
 2.29877e+16	3.08e-04	4.68e-01	5.32e-01
 2.30613e+16	3.46e-04	5.10e-01	4.89e-01
 2.31383e+16	3.88e-04	5.55e-01	4.44e-01
 2.32047e+16	4.27e-04	5.95e-01	4.05e-01
 2.32760e+16	4.71e-04	6.37e-01	3.62e-01
 2.33688e+16	5.29e-04	6.89e-01	3.10e-01
 2.34652e+16	5.87e-04	7.38e-01	2.61e-01
 2.35502e+16	6.38e-04	7.77e-01	2.23e-01
 2.36444e+16	6.93e-04	8.15e-01	1.85e-01
 2.37668e+16	7.61e-04	8.55e-01	1.44e-01
 2.39260e+16	8.41e-04	8.95e-01	1.05e-01
 2.40997e+16	9.21e-04	9.24e-01	7.47e-02
 2.42925e+16	1.00e-03	9.47e-01	5.20e-02
 2.45431e+16	1.11e-03	9.65e-01	3.36e-02
 2.47990e+16	1.22e-03	9.76e-01	2.25e-02
 2.49613e+16	1.30e-03	9.81e-01	1.81e-02
 2.50419e+16	1.35e-03	9.82e-01	1.62e-02
 2.51167e+16	1.39e-03	9.84e-01	1.46e-02
 2.52139e+16	1.44e-03	9.86e-01	1.27e-02
 2.53403e+16	1.52e-03	9.88e-01	1.08e-02
 2.54766e+16	1.61e-03	9.89e-01	9.07e-03
 2.55928e+16	1.69e-03	9.90e-01	7.92e-03
 2.56918e+16	1.77e-03	9.91e-01	7.04e-03
 2.57802e+16	1.85e-03	9.92e-01	6.38e-03
 2.58596e+16	1.93e-03	9.92e-01	5.82e-03
 2.59483e+16	2.01e-03	9.93e-01	5.27e-03
 2.60432e+16	2.12e-03	9.93e-01	4.75e-03
 2.61238e+16	2.22e-03	9.93e-01	4.37e-03
 2.61926e+16	2.31e-03	9.94e-01	4.07e-03
 2.62686e+16	2.41e-03	9.94e-01	3.75e-03
 2.63517e+16	2.54e-03	9.94e-01	3.45e-03
 2.64249e+16	2.66e-03	9.94e-01	3.21e-03
 2.64882e+16	2.77e-03	9.94e-01	3.01e-03
 2.65578e+16	2.91e-03	9.94e-01	2.81e-03
 2.66335e+16	3.07e-03	9.94e-01	2.61e-03
 2.66990e+16	3.22e-03	9.94e-01	2.46e-03
 2.67548e+16	3.36e-03	9.94e-01	2.33e-03
 2.68158e+16	3.53e-03	9.94e-01	2.20e-03
 2.68830e+16	3.73e-03	9.94e-01	2.06e-03
 2.69427e+16	3.93e-03	9.94e-01	1.96e-03
 2.69939e+16	4.12e-03	9.94e-01	1.87e-03
 2.70493e+16	4.34e-03	9.94e-01	1.77e-03
 2.71103e+16	4.61e-03	9.94e-01	1.68e-03
 2.71645e+16	4.88e-03	9.94e-01	1.60e-03
 2.72115e+16	5.12e-03	9.93e-01	1.54e-03
 2.72631e+16	5.43e-03	9.93e-01	1.46e-03
 2.73199e+16	5.81e-03	9.93e-01	1.39e-03
 2.73707e+16	6.18e-03	9.92e-01	1.33e-03
 2.74152e+16	6.55e-03	9.92e-01	1.28e-03
 2.74642e+16	6.99e-03	9.92e-01	1.23e-03
 2.75189e+16	7.57e-03	9.91e-01	1.17e-03
 2.75692e+16	8.18e-03	9.91e-01	1.12e-03
 2.76149e+16	8.80e-03	9.90e-01	1.08e-03
 2.76662e+16	9.60e-03	9.89e-01	1.03e-03
 2.77212e+16	1.06e-02	9.88e-01	9.84e-04
 2.77676e+16	1.17e-02	9.87e-01	9.48e-04
 2.78043e+16	1.27e-02	9.86e-01	9.20e-04
 2.78422e+16	1.38e-02	9.85e-01	8.90e-04
 2.78837e+16	1.53e-02	9.84e-01	8.58e-04
 2.79195e+16	1.69e-02	9.82e-01	8.34e-04
 2.79485e+16	1.83e-02	9.81e-01	8.17e-04
 2.79793e+16	2.00e-02	9.79e-01	7.95e-04
 2.80132e+16	2.23e-02	9.77e-01	7.74e-04
 2.80428e+16	2.48e-02	9.74e-01	7.57e-04
 2.80668e+16	2.72e-02	9.72e-01	7.44e-04
 2.80918e+16	3.00e-02	9.69e-01	7.29e-04
 2.81194e+16	3.37e-02	9.66e-01	7.16e-04
 2.81435e+16	3.76e-02	9.62e-01	7.05e-04
 2.81635e+16	4.14e-02	9.58e-01	6.99e-04
 2.81847e+16	4.62e-02	9.53e-01	6.90e-04
 2.82075e+16	5.22e-02	9.47e-01	6.85e-04
 2.82270e+16	5.85e-02	9.41e-01	6.81e-04
 2.82431e+16	6.44e-02	9.35e-01	6.80e-04
 2.82602e+16	7.18e-02	9.28e-01	6.77e-04
 2.82785e+16	8.08e-02	9.19e-01	6.80e-04
 2.82942e+16	9.02e-02	9.09e-01	6.83e-04
 2.83076e+16	9.93e-02	9.00e-01	6.88e-04
 2.83205e+16	1.09e-01	8.90e-01	6.92e-04
 2.83339e+16	1.21e-01	8.78e-01	7.00e-04
 2.83464e+16	1.33e-01	8.66e-01	7.08e-04
 2.83568e+16	1.45e-01	8.54e-01	7.16e-04
 2.83661e+16	1.56e-01	8.43e-01	7.24e-04
 2.83749e+16	1.68e-01	8.31e-01	7.32e-04
 2.83820e+16	1.78e-01	8.21e-01	7.40e-04
 2.83866e+16	1.85e-01	8.14e-01	7.45e-04
 2.83909e+16	1.92e-01	8.07e-01	7.50e-04
 2.83958e+16	2.01e-01	7.99e-01	7.54e-04
 2.84012e+16	2.10e-01	7.89e-01	7.61e-04
 2.84064e+16	2.20e-01	7.80e-01	7.67e-04
 2.84112e+16	2.29e-01	7.71e-01	7.74e-04
 2.84160e+16	2.39e-01	7.61e-01	7.79e-04
 2.84208e+16	2.48e-01	7.51e-01	7.86e-04
 2.84255e+16	2.59e-01	7.40e-01	7.91e-04
 2.84302e+16	2.70e-01	7.30e-01	7.98e-04
 2.84349e+16	2.81e-01	7.18e-01	8.04e-04
 2.84395e+16	2.92e-01	7.07e-01	8.09e-04
 2.84440e+16	3.04e-01	6.95e-01	8.15e-04
 2.84484e+16	3.16e-01	6.84e-01	8.22e-04
 2.84529e+16	3.28e-01	6.71e-01	8.26e-04
 2.84573e+16	3.41e-01	6.59e-01	8.33e-04
 2.84616e+16	3.54e-01	6.45e-01	8.37e-04
 2.84659e+16	3.66e-01	6.33e-01	8.43e-04
 2.84702e+16	3.80e-01	6.19e-01	8.48e-04
 2.84744e+16	3.94e-01	6.05e-01	8.51e-04
 2.84786e+16	4.07e-01	5.92e-01	8.55e-04
 2.84827e+16	4.21e-01	5.78e-01	8.59e-04
 2.84867e+16	4.35e-01	5.64e-01	8.62e-04
 2.84908e+16	4.49e-01	5.50e-01	8.65e-04
 2.84948e+16	4.64e-01	5.35e-01	8.67e-04
 2.84987e+16	4.78e-01	5.21e-01	8.69e-04
 2.85026e+16	4.93e-01	5.06e-01	8.70e-04
 2.85065e+16	5.07e-01	4.92e-01	8.72e-04
 2.85104e+16	5.22e-01	4.77e-01	8.70e-04
 2.85141e+16	5.36e-01	4.63e-01	8.71e-04
 2.85177e+16	5.50e-01	4.49e-01	8.70e-04
 2.85213e+16	5.64e-01	4.35e-01	8.68e-04
 2.85248e+16	5.78e-01	4.22e-01	8.65e-04
 2.85283e+16	5.91e-01	4.08e-01	8.63e-04
 2.85317e+16	6.04e-01	3.95e-01	8.62e-04
 2.85350e+16	6.17e-01	3.82e-01	8.58e-04
 2.85383e+16	6.29e-01	3.70e-01	8.54e-04
 2.85415e+16	6.42e-01	3.57e-01	8.47e-04
 2.85447e+16	6.54e-01	3.45e-01	8.42e-04
 2.85479e+16	6.66e-01	3.33e-01	8.36e-04
 2.85510e+16	6.78e-01	3.21e-01	8.29e-04
 2.85541e+16	6.89e-01	3.10e-01	8.22e-04
 2.85571e+16	7.00e-01	2.99e-01	8.14e-04
 2.85601e+16	7.11e-01	2.88e-01	8.07e-04
 2.85630e+16	7.21e-01	2.78e-01	7.98e-04
 2.85659e+16	7.31e-01	2.68e-01	7.89e-04
 2.85688e+16	7.41e-01	2.58e-01	7.80e-04
 2.85717e+16	7.51e-01	2.48e-01	7.70e-04
 2.85746e+16	7.60e-01	2.39e-01	7.60e-04
 2.85774e+16	7.69e-01	2.30e-01	7.51e-04
 2.85802e+16	7.78e-01	2.21e-01	7.40e-04
 2.85830e+16	7.87e-01	2.13e-01	7.28e-04
 2.85858e+16	7.95e-01	2.04e-01	7.17e-04
 2.85886e+16	8.03e-01	1.96e-01	7.04e-04
 2.85910e+16	8.10e-01	1.89e-01	6.93e-04
 2.85928e+16	8.15e-01	1.84e-01	6.84e-04
 2.85944e+16	8.20e-01	1.80e-01	6.76e-04
 2.85962e+16	8.24e-01	1.75e-01	6.67e-04
 2.85980e+16	8.29e-01	1.70e-01	6.57e-04
 2.85998e+16	8.34e-01	1.66e-01	6.48e-04
 2.86014e+16	8.38e-01	1.62e-01	6.40e-04
 2.86030e+16	8.42e-01	1.58e-01	6.31e-04
 2.86046e+16	8.46e-01	1.54e-01	6.23e-04
 2.86062e+16	8.49e-01	1.50e-01	6.14e-04
 2.86077e+16	8.53e-01	1.46e-01	6.06e-04
 2.86092e+16	8.57e-01	1.43e-01	5.98e-04
 2.86107e+16	8.60e-01	1.39e-01	5.89e-04
 2.86122e+16	8.63e-01	1.36e-01	5.81e-04
 2.86136e+16	8.66e-01	1.33e-01	5.73e-04
 2.86151e+16	8.69e-01	1.30e-01	5.65e-04
 2.86165e+16	8.72e-01	1.27e-01	5.57e-04
 2.86179e+16	8.75e-01	1.24e-01	5.49e-04
 2.86194e+16	8.78e-01	1.21e-01	5.41e-04
 2.86209e+16	8.81e-01	1.19e-01	5.32e-04
 2.86223e+16	8.84e-01	1.16e-01	5.24e-04
 2.86239e+16	8.87e-01	1.13e-01	5.15e-04
 2.86255e+16	8.89e-01	1.10e-01	5.06e-04
 2.86271e+16	8.92e-01	1.07e-01	4.97e-04
 2.86289e+16	8.95e-01	1.04e-01	4.88e-04
 2.86309e+16	8.99e-01	1.01e-01	4.77e-04
 2.86331e+16	9.02e-01	9.73e-02	4.64e-04
 2.86356e+16	9.06e-01	9.35e-02	4.51e-04
 2.86381e+16	9.10e-01	8.99e-02	4.38e-04
 2.86405e+16	9.13e-01	8.66e-02	4.25e-04
 2.86428e+16	9.16e-01	8.35e-02	4.13e-04
 2.86451e+16	9.19e-01	8.06e-02	4.00e-04
 2.86474e+16	9.22e-01	7.77e-02	3.88e-04
 2.86495e+16	9.24e-01	7.52e-02	3.77e-04
 2.86515e+16	9.27e-01	7.30e-02	3.67e-04
 2.86533e+16	9.29e-01	7.10e-02	3.58e-04
 2.86549e+16	9.30e-01	6.93e-02	3.50e-04
 2.86564e+16	9.32e-01	6.77e-02	3.43e-04
 2.86578e+16	9.33e-01	6.63e-02	3.36e-04
 2.86593e+16	9.35e-01	6.48e-02	3.29e-04
 2.86609e+16	9.36e-01	6.34e-02	3.21e-04
 2.86623e+16	9.38e-01	6.21e-02	3.15e-04
 2.86636e+16	9.39e-01	6.09e-02	3.09e-04
 2.86651e+16	9.40e-01	5.96e-02	3.02e-04
 2.86667e+16	9.41e-01	5.83e-02	2.96e-04
 2.86681e+16	9.43e-01	5.72e-02	2.90e-04
 2.86694e+16	9.44e-01	5.62e-02	2.85e-04
 2.86708e+16	9.45e-01	5.50e-02	2.79e-04
 2.86723e+16	9.46e-01	5.39e-02	2.73e-04
 2.86737e+16	9.47e-01	5.30e-02	2.68e-04
 2.86750e+16	9.48e-01	5.21e-02	2.63e-04
 2.86764e+16	9.49e-01	5.11e-02	2.58e-04
 2.86779e+16	9.50e-01	5.01e-02	2.52e-04
 2.86793e+16	9.50e-01	4.93e-02	2.48e-04
 2.86808e+16	9.51e-01	4.83e-02	2.42e-04
 2.86824e+16	9.52e-01	4.74e-02	2.37e-04
 2.86839e+16	9.53e-01	4.66e-02	2.33e-04
 2.86852e+16	9.54e-01	4.59e-02	2.29e-04
 2.86867e+16	9.55e-01	4.51e-02	2.24e-04
 2.86883e+16	9.56e-01	4.43e-02	2.19e-04
 2.86897e+16	9.56e-01	4.36e-02	2.15e-04
 2.86910e+16	9.57e-01	4.29e-02	2.12e-04
 2.86925e+16	9.58e-01	4.22e-02	2.08e-04
 2.86940e+16	9.58e-01	4.16e-02	2.04e-04
 2.86955e+16	9.59e-01	4.10e-02	2.00e-04
 2.86970e+16	9.59e-01	4.03e-02	1.97e-04
 2.86987e+16	9.60e-01	3.97e-02	1.93e-04
 2.87002e+16	9.61e-01	3.91e-02	1.90e-04
 2.87019e+16	9.61e-01	3.85e-02	1.86e-04
 2.87037e+16	9.62e-01	3.79e-02	1.83e-04
 2.87053e+16	9.62e-01	3.74e-02	1.79e-04
 2.87071e+16	9.63e-01	3.68e-02	1.76e-04
 2.87091e+16	9.64e-01	3.62e-02	1.73e-04
 2.87108e+16	9.64e-01	3.58e-02	1.70e-04
 2.87128e+16	9.65e-01	3.52e-02	1.67e-04
 2.87153e+16	9.65e-01	3.46e-02	1.63e-04
 2.87180e+16	9.66e-01	3.40e-02	1.60e-04
 2.87205e+16	9.66e-01	3.34e-02	1.57e-04
 2.87227e+16	9.67e-01	3.30e-02	1.54e-04
 2.87252e+16	9.67e-01	3.25e-02	1.51e-04
 2.87284e+16	9.68e-01	3.19e-02	1.48e-04
 2.87318e+16	9.68e-01	3.14e-02	1.45e-04
 2.87350e+16	9.69e-01	3.10e-02	1.42e-04
 2.87384e+16	9.69e-01	3.05e-02	1.39e-04
 2.87422e+16	9.70e-01	3.01e-02	1.37e-04
 2.87455e+16	9.70e-01	2.97e-02	1.34e-04
 2.87493e+16	9.71e-01	2.93e-02	1.32e-04
 2.87541e+16	9.71e-01	2.89e-02	1.29e-04
 2.87593e+16	9.71e-01	2.85e-02	1.27e-04
 2.87640e+16	9.72e-01	2.82e-02	1.25e-04
 2.87692e+16	9.72e-01	2.78e-02	1.23e-04
 2.87760e+16	9.72e-01	2.74e-02	1.20e-04
 2.87833e+16	9.73e-01	2.71e-02	1.18e-04
 2.87913e+16	9.73e-01	2.67e-02	1.16e-04
 2.88017e+16	9.74e-01	2.63e-02	1.13e-04
 2.88129e+16	9.74e-01	2.60e-02	1.10e-04
 2.88231e+16	9.74e-01	2.57e-02	1.08e-04
 2.88343e+16	9.75e-01	2.54e-02	1.06e-04
 2.88488e+16	9.75e-01	2.50e-02	1.03e-04
 2.88645e+16	9.75e-01	2.47e-02	1.00e-04
 2.88788e+16	9.76e-01	2.44e-02	9.79e-05
 2.88944e+16	9.76e-01	2.40e-02	9.51e-05
 2.89113e+16	9.76e-01	2.37e-02	9.25e-05
 2.89267e+16	9.77e-01	2.34e-02	9.02e-05
 2.89435e+16	9.77e-01	2.30e-02	8.77e-05
 2.89617e+16	9.77e-01	2.27e-02	8.52e-05
 2.89783e+16	9.78e-01	2.24e-02	8.30e-05
 2.89964e+16	9.78e-01	2.21e-02	8.06e-05
 2.90160e+16	9.78e-01	2.17e-02	7.82e-05
 2.90338e+16	9.78e-01	2.14e-02	7.61e-05
 2.90534e+16	9.79e-01	2.11e-02	7.37e-05
 2.90744e+16	9.79e-01	2.08e-02	7.13e-05
 2.90936e+16	9.79e-01	2.05e-02	6.93e-05
 2.91146e+16	9.80e-01	2.01e-02	6.70e-05
 2.91373e+16	9.80e-01	1.98e-02	6.48e-05
 2.91580e+16	9.80e-01	1.95e-02	6.29e-05
 2.91806e+16	9.81e-01	1.91e-02	6.07e-05
 2.92050e+16	9.81e-01	1.88e-02	5.86e-05
 2.92273e+16	9.81e-01	1.85e-02	5.67e-05
 2.92475e+16	9.82e-01	1.82e-02	5.51e-05
 2.92697e+16	9.82e-01	1.79e-02	5.33e-05
 2.92936e+16	9.82e-01	1.76e-02	5.15e-05
 2.93154e+16	9.83e-01	1.73e-02	4.99e-05
 2.93392e+16	9.83e-01	1.70e-02	4.82e-05
 2.93650e+16	9.83e-01	1.67e-02	4.65e-05
 2.93885e+16	9.83e-01	1.65e-02	4.50e-05
 2.94141e+16	9.84e-01	1.62e-02	4.34e-05
 2.94419e+16	9.84e-01	1.59e-02	4.18e-05
 2.94671e+16	9.84e-01	1.56e-02	4.04e-05
 2.94948e+16	9.85e-01	1.53e-02	3.88e-05
 2.95246e+16	9.85e-01	1.50e-02	3.73e-05
 2.95518e+16	9.85e-01	1.47e-02	3.60e-05
 2.95816e+16	9.86e-01	1.44e-02	3.46e-05
 2.96137e+16	9.86e-01	1.41e-02	3.32e-05
 2.96430e+16	9.86e-01	1.38e-02	3.20e-05
 2.96696e+16	9.86e-01	1.36e-02	3.09e-05
 2.96988e+16	9.87e-01	1.34e-02	2.97e-05
 2.97303e+16	9.87e-01	1.31e-02	2.86e-05
 2.97589e+16	9.87e-01	1.29e-02	2.76e-05
 2.97903e+16	9.87e-01	1.26e-02	2.65e-05
 2.98242e+16	9.88e-01	1.23e-02	2.54e-05
 2.98551e+16	9.88e-01	1.21e-02	2.45e-05
 2.98889e+16	9.88e-01	1.18e-02	2.35e-05
 2.99254e+16	9.88e-01	1.16e-02	2.25e-05
 2.99586e+16	9.89e-01	1.14e-02	2.16e-05
 2.99950e+16	9.89e-01	1.11e-02	2.07e-05
 3.00342e+16	9.89e-01	1.08e-02	1.97e-05
 3.00700e+16	9.89e-01	1.06e-02	1.89e-05
 3.01092e+16	9.90e-01	1.04e-02	1.81e-05
 3.01515e+16	9.90e-01	1.01e-02	1.72e-05
 3.01899e+16	9.90e-01	9.91e-03	1.65e-05
 3.02321e+16	9.90e-01	9.67e-03	1.57e-05
 3.02776e+16	9.91e-01	9.43e-03	1.49e-05
 3.03191e+16	9.91e-01	9.22e-03	1.43e-05
 3.03645e+16	9.91e-01	8.98e-03	1.36e-05
 3.04135e+16	9.91e-01	8.74e-03	1.29e-05
 3.04581e+16	9.91e-01	8.54e-03	1.23e-05
 3.05070e+16	9.92e-01	8.31e-03	1.17e-05
 3.05597e+16	9.92e-01	8.08e-03	1.10e-05
 3.06077e+16	9.92e-01	7.89e-03	1.05e-05
 3.06604e+16	9.92e-01	7.66e-03	9.93e-06
 3.07172e+16	9.93e-01	7.44e-03	9.37e-06
 3.07689e+16	9.93e-01	7.25e-03	8.91e-06
 3.08255e+16	9.93e-01	7.04e-03	8.39e-06
 3.08867e+16	9.93e-01	6.83e-03	7.91e-06
 3.09537e+16	9.93e-01	6.60e-03	7.38e-06
 3.10355e+16	9.94e-01	6.33e-03	6.80e-06
 3.11237e+16	9.94e-01	6.06e-03	6.25e-06
 3.12131e+16	9.94e-01	5.81e-03	5.74e-06
 3.13054e+16	9.94e-01	5.56e-03	5.27e-06
 3.14017e+16	9.95e-01	5.32e-03	4.82e-06
 3.15016e+16	9.95e-01	5.08e-03	4.40e-06
 3.16051e+16	9.95e-01	4.84e-03	4.01e-06
 3.17117e+16	9.95e-01	4.62e-03	3.65e-06
 3.18202e+16	9.96e-01	4.40e-03	3.32e-06
 3.19305e+16	9.96e-01	4.19e-03	3.01e-06
 3.20429e+16	9.96e-01	4.00e-03	2.74e-06
 3.21576e+16	9.96e-01	3.81e-03	2.49e-06
 3.22745e+16	9.96e-01	3.62e-03	2.25e-06
 3.23935e+16	9.97e-01	3.45e-03	2.04e-06
 3.25148e+16	9.97e-01	3.28e-03	1.85e-06
 3.26383e+16	9.97e-01	3.12e-03	1.68e-06
 3.27622e+16	9.97e-01	2.97e-03	1.52e-06
 3.28880e+16	9.97e-01	2.83e-03	1.38e-06
 3.30186e+16	9.97e-01	2.68e-03	1.24e-06
 3.31524e+16	9.97e-01	2.55e-03	1.12e-06
 3.32884e+16	9.98e-01	2.42e-03	1.01e-06
 3.34267e+16	9.98e-01	2.29e-03	9.10e-07
 3.35676e+16	9.98e-01	2.17e-03	8.18e-07
 3.37113e+16	9.98e-01	2.06e-03	7.35e-07
 3.38579e+16	9.98e-01	1.95e-03	6.60e-07
 3.40074e+16	9.98e-01	1.85e-03	5.92e-07
 3.41600e+16	9.98e-01	1.75e-03	5.30e-07
 3.43159e+16	9.98e-01	1.65e-03	4.74e-07
 3.44751e+16	9.98e-01	1.56e-03	4.23e-07
 3.46377e+16	9.99e-01	1.47e-03	3.77e-07
 3.48038e+16	9.99e-01	1.39e-03	3.36e-07
 3.49736e+16	9.99e-01	1.31e-03	2.98e-07
 3.51473e+16	9.99e-01	1.23e-03	2.65e-07
 3.53251e+16	9.99e-01	1.16e-03	2.34e-07
 3.55071e+16	9.99e-01	1.09e-03	2.07e-07
 3.56936e+16	9.99e-01	1.03e-03	1.82e-07
 3.58848e+16	9.99e-01	9.62e-04	1.60e-07
 3.60809e+16	9.99e-01	9.02e-04	1.41e-07
 3.62823e+16	9.99e-01	8.44e-04	1.23e-07
 3.64894e+16	9.99e-01	7.89e-04	1.08e-07
 3.67026e+16	9.99e-01	7.36e-04	9.37e-08
 3.69222e+16	9.99e-01	6.87e-04	8.15e-08
 3.71439e+16	9.99e-01	6.41e-04	7.07e-08
 3.73716e+16	9.99e-01	5.96e-04	6.11e-08
 3.76132e+16	9.99e-01	5.52e-04	5.24e-08
 3.78655e+16	9.99e-01	5.10e-04	4.47e-08
 3.81260e+16	1.00e+00	4.71e-04	3.79e-08
 3.83959e+16	1.00e+00	4.33e-04	3.20e-08
 3.86775e+16	1.00e+00	3.98e-04	2.69e-08
 3.89722e+16	1.00e+00	3.64e-04	2.24e-08
 3.92819e+16	1.00e+00	3.31e-04	1.85e-08
 3.96079e+16	1.00e+00	3.00e-04	1.52e-08
 3.99510e+16	1.00e+00	2.71e-04	1.23e-08
 4.03167e+16	1.00e+00	2.43e-04	9.88e-09
 4.07048e+16	1.00e+00	2.17e-04	7.82e-09
 4.11206e+16	1.00e+00	1.92e-04	6.09e-09
 4.15724e+16	1.00e+00	1.68e-04	4.65e-09
 4.20622e+16	1.00e+00	1.46e-04	3.48e-09
 4.25987e+16	1.00e+00	1.25e-04	2.52e-09
 4.32133e+16	1.00e+00	1.04e-04	1.76e-09
 4.38953e+16	1.00e+00	8.59e-05	1.19e-09
 4.46332e+16	1.00e+00	6.95e-05	7.72e-10
 4.54760e+16	1.00e+00	5.45e-05	4.74e-10
 4.64050e+16	1.00e+00	4.19e-05	2.80e-10
 4.73500e+16	1.00e+00	3.22e-05	1.66e-10
 4.82888e+16	1.00e+00	2.48e-05	9.89e-11
 4.92401e+16	1.00e+00	1.90e-05	5.89e-11
 5.02224e+16	1.00e+00	1.46e-05	3.47e-11
 5.12436e+16	1.00e+00	1.11e-05	2.02e-11
 5.23013e+16	1.00e+00	8.37e-06	1.17e-11
 5.34001e+16	1.00e+00	6.29e-06	6.69e-12
 5.45532e+16	1.00e+00	4.69e-06	3.75e-12
 5.57621e+16	1.00e+00	3.47e-06	2.08e-12
 5.70297e+16	1.00e+00	2.55e-06	1.13e-12
 5.83726e+16	1.00e+00	1.85e-06	6.04e-13
 5.98102e+16	1.00e+00	1.33e-06	3.13e-13
 6.13380e+16	1.00e+00	9.39e-07	1.59e-13
 6.29041e+16	1.00e+00	6.68e-07	8.11e-14
 6.44702e+16	1.00e+00	4.79e-07	4.21e-14
 6.60362e+16	1.00e+00	3.46e-07	2.22e-14
 6.76023e+16	1.00e+00	2.53e-07	1.19e-14
 6.91683e+16	1.00e+00	1.86e-07	6.47e-15
 7.07344e+16	1.00e+00	1.38e-07	3.57e-15
 7.23004e+16	1.00e+00	1.03e-07	2.00e-15
 7.38665e+16	1.00e+00	7.73e-08	1.14e-15
 7.56675e+16	1.00e+00	5.56e-08	5.91e-16
 7.77340e+16	1.00e+00	3.89e-08	2.90e-16
 7.98312e+16	1.00e+00	2.74e-08	1.44e-16
 8.20915e+16	1.00e+00	1.89e-08	6.88e-17
 8.45383e+16	1.00e+00	1.28e-08	3.19e-17
 8.70088e+16	1.00e+00	8.79e-09	1.50e-17
 8.94792e+16	1.00e+00	6.10e-09	7.26e-18
 9.20685e+16	1.00e+00	4.19e-09	3.43e-18
 9.48165e+16	1.00e+00	2.85e-09	1.60e-18
 9.76314e+16	1.00e+00	1.95e-09	7.45e-19
 1.00473e+17	1.00e+00	1.34e-09	3.54e-19
 1.03315e+17	1.00e+00	9.31e-10	1.71e-19
 1.06157e+17	1.00e+00	6.54e-10	8.45e-20
 1.08999e+17	1.00e+00	4.63e-10	4.25e-20
 1.11841e+17	1.00e+00	3.31e-10	2.17e-20
 1.14683e+17	1.00e+00	2.38e-10	1.13e-20
 1.17525e+17	1.00e+00	1.73e-10	5.94e-21
 1.20367e+17	1.00e+00	1.26e-10	0.00e+00
 1.23353e+17	1.00e+00	9.14e-11	0.00e+00
 1.26483e+17	1.00e+00	6.59e-11	0.00e+00
 1.29613e+17	1.00e+00	4.79e-11	0.00e+00
 1.32743e+17	1.00e+00	3.51e-11	0.00e+00
 1.35873e+17	1.00e+00	2.60e-11	0.00e+00
 1.39003e+17	1.00e+00	1.94e-11	0.00e+00
 1.42132e+17	1.00e+00	1.47e-11	0.00e+00
 1.45662e+17	1.00e+00	1.08e-11	0.00e+00
 1.49666e+17	1.00e+00	7.72e-12	0.00e+00
 1.53731e+17	1.00e+00	5.64e-12	0.00e+00
 1.57732e+17	1.00e+00	4.25e-12	0.00e+00
 1.61655e+17	1.00e+00	3.30e-12	0.00e+00
 1.65513e+17	1.00e+00	2.65e-12	0.00e+00
 1.69295e+17	1.00e+00	2.19e-12	0.00e+00
 1.72982e+17	1.00e+00	1.87e-12	0.00e+00
 1.76556e+17	1.00e+00	1.65e-12	0.00e+00
 1.80001e+17	1.00e+00	1.49e-12	0.00e+00
 1.83308e+17	1.00e+00	1.37e-12	0.00e+00
 1.86472e+17	1.00e+00	1.29e-12	0.00e+00
 1.89491e+17	1.00e+00	1.23e-12	0.00e+00
 1.92366e+17	1.00e+00	1.19e-12	0.00e+00
 1.95101e+17	1.00e+00	1.16e-12	0.00e+00
 1.97697e+17	1.00e+00	1.14e-12	0.00e+00
 2.00158e+17	1.00e+00	1.13e-12	0.00e+00
 2.02487e+17	1.00e+00	1.12e-12	0.00e+00
 2.04691e+17	1.00e+00	1.11e-12	0.00e+00
 2.06775e+17	1.00e+00	1.11e-12	0.00e+00
 2.08748e+17	1.00e+00	1.10e-12	0.00e+00
 2.10613e+17	1.00e+00	1.10e-12	0.00e+00
 2.12377e+17	1.00e+00	1.10e-12	0.00e+00
 2.14044e+17	1.00e+00	1.10e-12	0.00e+00
 2.15622e+17	1.00e+00	1.11e-12	0.00e+00
 2.17115e+17	1.00e+00	1.11e-12	0.00e+00
 2.18527e+17	1.00e+00	1.11e-12	0.00e+00
 2.19865e+17	1.00e+00	1.11e-12	0.00e+00
 2.21132e+17	1.00e+00	1.11e-12	0.00e+00
 2.22332e+17	1.00e+00	1.12e-12	0.00e+00
 2.23469e+17	1.00e+00	1.12e-12	0.00e+00
 2.24547e+17	1.00e+00	1.12e-12	0.00e+00
 2.25569e+17	1.00e+00	1.12e-12	0.00e+00
 2.26540e+17	1.00e+00	1.13e-12	0.00e+00
 2.27461e+17	1.00e+00	1.13e-12	0.00e+00
 2.28335e+17	1.00e+00	1.13e-12	0.00e+00
 2.29166e+17	1.00e+00	1.13e-12	0.00e+00
 2.29956e+17	1.00e+00	1.13e-12	0.00e+00
 2.30707e+17	1.00e+00	1.14e-12	0.00e+00
 2.31422e+17	1.00e+00	1.14e-12	0.00e+00
 2.32103e+17	1.00e+00	1.14e-12	0.00e+00
 2.32752e+17	1.00e+00	1.14e-12	0.00e+00
 2.33370e+17	1.00e+00	1.14e-12	0.00e+00
 2.33960e+17	1.00e+00	1.14e-12	0.00e+00
 2.34524e+17	1.00e+00	1.14e-12	0.00e+00
 2.35062e+17	1.00e+00	1.15e-12	0.00e+00
 2.35577e+17	1.00e+00	1.15e-12	0.00e+00
 2.36070e+17	1.00e+00	1.15e-12	0.00e+00
 2.36542e+17	1.00e+00	1.15e-12	0.00e+00
 2.36996e+17	1.00e+00	1.15e-12	0.00e+00
 2.37431e+17	1.00e+00	1.15e-12	0.00e+00
 2.37850e+17	1.00e+00	1.15e-12	0.00e+00
 2.38254e+17	1.00e+00	1.15e-12	0.00e+00
 2.38644e+17	1.00e+00	1.15e-12	0.00e+00
 2.39021e+17	1.00e+00	1.15e-12	0.00e+00
 2.39386e+17	1.00e+00	1.15e-12	0.00e+00
 2.39741e+17	1.00e+00	1.15e-12	0.00e+00
 2.40087e+17	1.00e+00	1.16e-12	0.00e+00
 2.40425e+17	1.00e+00	1.16e-12	0.00e+00
 2.40756e+17	1.00e+00	1.16e-12	0.00e+00
 2.41081e+17	1.00e+00	1.16e-12	0.00e+00
 2.41402e+17	1.00e+00	1.16e-12	0.00e+00
 2.41721e+17	1.00e+00	1.16e-12	0.00e+00
 2.42038e+17	1.00e+00	1.16e-12	0.00e+00
 2.42356e+17	1.00e+00	1.16e-12	0.00e+00
 2.42677e+17	1.00e+00	1.16e-12	0.00e+00
 2.43003e+17	1.00e+00	1.16e-12	0.00e+00
 2.43338e+17	1.00e+00	1.16e-12	0.00e+00
 2.43683e+17	1.00e+00	1.16e-12	0.00e+00
 2.44044e+17	1.00e+00	1.16e-12	0.00e+00
 2.44426e+17	1.00e+00	1.16e-12	0.00e+00
 2.44836e+17	1.00e+00	1.15e-12	0.00e+00
 2.45282e+17	1.00e+00	1.15e-12	0.00e+00
 2.45778e+17	1.00e+00	1.15e-12	0.00e+00
 2.46340e+17	1.00e+00	1.15e-12	0.00e+00
 2.46993e+17	1.00e+00	1.14e-12	0.00e+00
 2.47773e+17	1.00e+00	1.14e-12	0.00e+00
 2.48736e+17	1.00e+00	1.13e-12	0.00e+00
 2.49967e+17	1.00e+00	1.12e-12	0.00e+00
 2.51567e+17	1.00e+00	1.10e-12	0.00e+00
 2.53648e+17	1.00e+00	1.06e-12	0.00e+00
 2.56352e+17	1.00e+00	1.01e-12	0.00e+00
 2.59868e+17	1.00e+00	9.42e-13	0.00e+00
 2.64439e+17	1.00e+00	8.51e-13	0.00e+00
 2.70381e+17	1.00e+00	7.38e-13	0.00e+00
 2.78106e+17	1.00e+00	6.07e-13	0.00e+00
 2.88122e+17	1.00e+00	4.66e-13	0.00e+00
 2.99646e+17	1.00e+00	3.26e-13	0.00e+00
 3.11632e+17	1.00e+00	2.87e-13	0.00e+00
 3.24098e+17	1.00e+00	2.59e-13	0.00e+00
 3.37062e+17	1.00e+00	2.33e-13	0.00e+00
 3.50544e+17	1.00e+00	2.08e-13	0.00e+00
 3.64566e+17	1.00e+00	1.84e-13	0.00e+00
 3.79148e+17	1.00e+00	1.61e-13	0.00e+00
 3.94314e+17	1.00e+00	1.40e-13	0.00e+00
 4.10087e+17	1.00e+00	1.20e-13	0.00e+00
 4.26051e+17	1.00e+00	1.01e-13	0.00e+00
 4.41214e+17	1.00e+00	9.46e-14	0.00e+00
 4.54829e+17	1.00e+00	1.02e-13	0.00e+00
 4.67012e+17	1.00e+00	1.14e-13	0.00e+00
 4.78384e+17	1.00e+00	1.19e-13	0.00e+00
 4.89310e+17	1.00e+00	1.15e-13	0.00e+00
 4.99601e+17	1.00e+00	1.08e-13	0.00e+00
 5.08834e+17	1.00e+00	1.05e-13	0.00e+00
 5.16881e+17	1.00e+00	1.07e-13	0.00e+00
 5.23912e+17	1.00e+00	1.07e-13	0.00e+00
 5.29411e+17	1.00e+00	1.05e-13	0.00e+00
 5.32810e+17	1.00e+00	1.11e-13	0.00e+00
 5.34667e+17	1.00e+00	1.18e-13	0.00e+00
 5.35739e+17	1.00e+00	1.23e-13	0.00e+00
 5.36383e+17	1.00e+00	1.25e-13	0.00e+00
 5.36807e+17	1.00e+00	1.26e-13	0.00e+00
 5.37153e+17	1.00e+00	1.27e-13	0.00e+00
 5.37527e+17	1.00e+00	1.28e-13	0.00e+00
 5.38007e+17	1.00e+00	1.29e-13	0.00e+00
 5.38515e+17	1.00e+00	1.29e-13	0.00e+00
 5.38925e+17	1.00e+00	1.30e-13	0.00e+00
 5.39230e+17	1.00e+00	1.30e-13	0.00e+00
 5.39503e+17	1.00e+00	1.30e-13	0.00e+00
 5.39795e+17	1.00e+00	1.30e-13	0.00e+00
 5.40097e+17	1.00e+00	1.30e-13	0.00e+00
 5.40380e+17	1.00e+00	1.30e-13	0.00e+00
 5.40634e+17	1.00e+00	1.30e-13	0.00e+00
 5.40866e+17	1.00e+00	1.29e-13	0.00e+00
 5.41096e+17	1.00e+00	1.29e-13	0.00e+00
 5.41327e+17	1.00e+00	1.29e-13	0.00e+00
 5.41546e+17	1.00e+00	1.29e-13	0.00e+00
 5.41750e+17	1.00e+00	1.28e-13	0.00e+00
 5.41940e+17	1.00e+00	1.28e-13	0.00e+00
 5.42124e+17	1.00e+00	1.28e-13	0.00e+00
 5.42307e+17	1.00e+00	1.28e-13	0.00e+00
 5.42489e+17	1.00e+00	1.27e-13	0.00e+00
 5.42664e+17	1.00e+00	1.27e-13	0.00e+00
 5.42834e+17	1.00e+00	1.27e-13	0.00e+00
 5.42998e+17	1.00e+00	1.26e-13	0.00e+00
 5.43158e+17	1.00e+00	1.26e-13	0.00e+00
 5.43313e+17	1.00e+00	1.25e-13	0.00e+00
 5.43467e+17	1.00e+00	1.25e-13	0.00e+00
 5.43622e+17	1.00e+00	1.25e-13	0.00e+00
 5.43777e+17	1.00e+00	1.24e-13	0.00e+00
 5.43930e+17	1.00e+00	1.24e-13	0.00e+00
 5.44075e+17	1.00e+00	1.23e-13	0.00e+00
 5.44219e+17	1.00e+00	1.23e-13	0.00e+00
 5.44370e+17	1.00e+00	1.23e-13	0.00e+00
 5.44526e+17	1.00e+00	1.22e-13	0.00e+00
 5.44684e+17	1.00e+00	1.22e-13	0.00e+00
 5.44840e+17	1.00e+00	1.21e-13	0.00e+00
 5.44988e+17	1.00e+00	1.21e-13	0.00e+00
 5.45134e+17	1.00e+00	1.20e-13	0.00e+00
 5.45286e+17	1.00e+00	1.20e-13	0.00e+00
 5.45456e+17	1.00e+00	1.19e-13	0.00e+00
 5.45634e+17	1.00e+00	1.18e-13	0.00e+00
 5.45802e+17	1.00e+00	1.18e-13	0.00e+00
 5.45978e+17	1.00e+00	1.17e-13	0.00e+00
 5.46162e+17	1.00e+00	1.17e-13	0.00e+00
 5.46339e+17	1.00e+00	1.16e-13	0.00e+00
 5.46511e+17	1.00e+00	1.15e-13	0.00e+00
 5.46685e+17	1.00e+00	1.15e-13	0.00e+00
 5.46878e+17	1.00e+00	1.14e-13	0.00e+00
 5.47085e+17	1.00e+00	1.13e-13	0.00e+00
 5.47288e+17	1.00e+00	1.12e-13	0.00e+00
 5.47484e+17	1.00e+00	1.11e-13	0.00e+00
 5.47691e+17	1.00e+00	1.10e-13	0.00e+00
 5.47910e+17	1.00e+00	1.09e-13	0.00e+00
 5.48139e+17	1.00e+00	1.08e-13	0.00e+00
 5.48377e+17	1.00e+00	1.07e-13	0.00e+00
 5.48614e+17	1.00e+00	1.06e-13	0.00e+00
 5.48850e+17	1.00e+00	1.05e-13	0.00e+00
 5.49089e+17	1.00e+00	1.04e-13	0.00e+00
 5.49339e+17	1.00e+00	1.03e-13	0.00e+00
 5.49601e+17	1.00e+00	1.02e-13	0.00e+00
 5.49867e+17	1.00e+00	1.01e-13	0.00e+00
 5.50140e+17	1.00e+00	9.95e-14	0.00e+00
 5.50423e+17	1.00e+00	9.82e-14	0.00e+00
 5.50717e+17	1.00e+00	9.68e-14	0.00e+00
 5.51024e+17	1.00e+00	9.54e-14	0.00e+00
 5.51335e+17	1.00e+00	9.39e-14	0.00e+00
 5.51647e+17	1.00e+00	9.25e-14	0.00e+00
 5.51967e+17	1.00e+00	9.10e-14	0.00e+00
 5.52298e+17	1.00e+00	8.94e-14	0.00e+00
 5.52642e+17	1.00e+00	8.78e-14	0.00e+00
 5.52985e+17	1.00e+00	8.62e-14	0.00e+00
 5.53350e+17	1.00e+00	8.46e-14	0.00e+00
 5.53743e+17	1.00e+00	8.27e-14	0.00e+00
 5.54126e+17	1.00e+00	8.08e-14	0.00e+00
 5.54494e+17	1.00e+00	7.92e-14	0.00e+00
 5.54885e+17	1.00e+00	7.74e-14	0.00e+00
 5.55312e+17	1.00e+00	7.55e-14	0.00e+00
 5.55752e+17	1.00e+00	7.35e-14	0.00e+00
 5.56178e+17	1.00e+00	7.15e-14	0.00e+00
 5.56589e+17	1.00e+00	6.96e-14	0.00e+00
 5.57020e+17	1.00e+00	6.78e-14	0.00e+00
 5.57495e+17	1.00e+00	6.57e-14	0.00e+00
 5.57989e+17	1.00e+00	6.36e-14	0.00e+00
 5.58472e+17	1.00e+00	6.14e-14	0.00e+00
 5.58943e+17	1.00e+00	5.94e-14	0.00e+00
 5.59427e+17	1.00e+00	5.74e-14	0.00e+00
 5.59941e+17	1.00e+00	5.54e-14	0.00e+00
 5.60474e+17	1.00e+00	5.32e-14	0.00e+00
 5.61012e+17	1.00e+00	5.11e-14	0.00e+00
 5.61548e+17	1.00e+00	4.90e-14	0.00e+00
 5.62092e+17	1.00e+00	4.69e-14	0.00e+00
 5.62657e+17	1.00e+00	4.48e-14	0.00e+00
 5.63234e+17	1.00e+00	4.27e-14	0.00e+00
 5.63826e+17	1.00e+00	4.07e-14	0.00e+00
 5.64428e+17	1.00e+00	3.86e-14	0.00e+00
 5.65036e+17	1.00e+00	3.66e-14	0.00e+00
 5.65672e+17	1.00e+00	3.45e-14	0.00e+00
 5.66307e+17	1.00e+00	3.26e-14	0.00e+00
 5.66964e+17	1.00e+00	3.06e-14	0.00e+00
 5.67643e+17	1.00e+00	2.87e-14	0.00e+00
 5.68352e+17	1.00e+00	2.68e-14	0.00e+00
 5.69095e+17	1.00e+00	2.49e-14	0.00e+00
 5.69835e+17	1.00e+00	2.30e-14	0.00e+00
 5.70554e+17	1.00e+00	2.13e-14	0.00e+00
 5.71190e+17	1.00e+00	1.97e-14	0.00e+00
 5.71737e+17	1.00e+00	1.85e-14	0.00e+00
 5.72229e+17	1.00e+00	1.75e-14	0.00e+00
 5.72706e+17	1.00e+00	1.66e-14	0.00e+00
 5.73176e+17	1.00e+00	1.57e-14	0.00e+00
 5.73628e+17	1.00e+00	1.49e-14	0.00e+00
 5.74048e+17	1.00e+00	1.41e-14	0.00e+00
 5.74439e+17	1.00e+00	1.35e-14	0.00e+00
 5.74812e+17	1.00e+00	1.29e-14	0.00e+00
 5.75176e+17	1.00e+00	1.23e-14	0.00e+00
 5.75530e+17	1.00e+00	1.18e-14	0.00e+00
 5.75870e+17	1.00e+00	1.13e-14	0.00e+00
 5.76194e+17	1.00e+00	1.08e-14	0.00e+00
 5.76505e+17	1.00e+00	1.04e-14	0.00e+00
 5.76807e+17	1.00e+00	9.94e-15	0.00e+00
 5.77100e+17	1.00e+00	9.55e-15	0.00e+00
 5.77385e+17	1.00e+00	9.19e-15	0.00e+00
 5.77659e+17	1.00e+00	8.84e-15	0.00e+00
 5.77923e+17	1.00e+00	8.51e-15	0.00e+00
 5.78180e+17	1.00e+00	8.19e-15	0.00e+00
 5.78428e+17	1.00e+00	7.91e-15	0.00e+00
 5.78670e+17	1.00e+00	7.63e-15	0.00e+00
 5.78907e+17	1.00e+00	7.35e-15	0.00e+00
 5.79136e+17	1.00e+00	7.10e-15	0.00e+00
 5.79357e+17	1.00e+00	6.85e-15	0.00e+00
 5.79574e+17	1.00e+00	6.63e-15	0.00e+00
 5.79785e+17	1.00e+00	6.40e-15	0.00e+00
 5.79989e+17	1.00e+00	6.20e-15	0.00e+00
 5.80188e+17	1.00e+00	6.00e-15	0.00e+00
 5.80417e+17	1.00e+00	5.80e-15	0.00e+00
 5.80716e+17	1.00e+00	5.56e-15	0.00e+00
 5.81103e+17	1.00e+00	5.25e-15	0.00e+00
 5.81608e+17	1.00e+00	4.87e-15	0.00e+00
 5.82263e+17	1.00e+00	4.40e-15	0.00e+00
 5.83115e+17	1.00e+00	3.84e-15	0.00e+00
 5.84162e+17	1.00e+00	3.20e-15	0.00e+00
 5.85179e+17	1.00e+00	2.57e-15	0.00e+00
 5.85929e+17	1.00e+00	2.16e-15	0.00e+00
 5.86452e+17	1.00e+00	1.92e-15	0.00e+00
 5.86909e+17	1.00e+00	1.75e-15	0.00e+00
 5.87440e+17	1.00e+00	1.60e-15	0.00e+00
