#depth	C	C+	C+2	C+3	C+4	C+5	C+6	C[1]	C[2]	C[3]	C+[1]	C+[2]	CO
 1.49634e+10	4.58e-46	7.38e-35	1.51e-24	7.06e-15	1.73e-04	3.90e-01	6.10e-01	0.00e+00	0.00e+00	0.00e+00	0.00e+00	0.00e+00	9.29e-146
 4.54887e+10	0.00e+00	1.06e-34	2.01e-24	8.67e-15	1.97e-04	4.09e-01	5.91e-01	0.00e+00	0.00e+00	0.00e+00	0.00e+00	0.00e+00	1.38e-210
 7.72350e+10	1.11e-45	1.53e-34	2.67e-24	1.07e-14	2.23e-04	4.28e-01	5.72e-01	0.00e+00	0.00e+00	0.00e+00	0.00e+00	0.00e+00	9.23e-145
 1.10251e+11	0.00e+00	2.20e-34	3.54e-24	1.31e-14	2.53e-04	4.48e-01	5.52e-01	0.00e+00	0.00e+00	0.00e+00	0.00e+00	0.00e+00	5.29e-210
 1.43902e+11	2.66e-45	3.13e-34	4.67e-24	1.59e-14	2.86e-04	4.67e-01	5.33e-01	0.00e+00	0.00e+00	0.00e+00	0.00e+00	0.00e+00	8.92e-144
 1.78899e+11	0.00e+00	4.45e-34	6.15e-24	1.94e-14	3.22e-04	4.86e-01	5.13e-01	0.00e+00	0.00e+00	0.00e+00	0.00e+00	0.00e+00	1.99e-209
 2.15982e+11	6.33e-45	6.38e-34	8.14e-24	2.38e-14	3.64e-04	5.06e-01	4.93e-01	0.00e+00	0.00e+00	0.00e+00	0.00e+00	0.00e+00	8.63e-143
 2.54548e+11	0.00e+00	9.12e-34	1.08e-23	2.90e-14	4.10e-04	5.26e-01	4.74e-01	0.00e+00	0.00e+00	0.00e+00	0.00e+00	0.00e+00	7.39e-209
 2.94656e+11	1.52e-44	1.30e-33	1.42e-23	3.53e-14	4.62e-04	5.46e-01	4.54e-01	0.00e+00	0.00e+00	0.00e+00	0.00e+00	0.00e+00	8.50e-142
 3.36369e+11	0.00e+00	1.86e-33	1.87e-23	4.30e-14	5.19e-04	5.65e-01	4.34e-01	0.00e+00	0.00e+00	0.00e+00	0.00e+00	0.00e+00	2.77e-208
 3.79751e+11	3.61e-44	2.65e-33	2.46e-23	5.23e-14	5.83e-04	5.85e-01	4.15e-01	0.00e+00	0.00e+00	0.00e+00	0.00e+00	0.00e+00	8.36e-141
 4.24868e+11	0.00e+00	3.77e-33	3.24e-23	6.36e-14	6.54e-04	6.04e-01	3.96e-01	0.00e+00	0.00e+00	0.00e+00	0.00e+00	0.00e+00	1.02e-207
 4.71789e+11	8.58e-44	5.37e-33	4.26e-23	7.71e-14	7.33e-04	6.23e-01	3.77e-01	0.00e+00	0.00e+00	0.00e+00	0.00e+00	0.00e+00	8.21e-140
 5.20588e+11	0.00e+00	7.63e-33	5.59e-23	9.34e-14	8.20e-04	6.41e-01	3.58e-01	0.00e+00	0.00e+00	0.00e+00	0.00e+00	0.00e+00	3.73e-207
 5.71338e+11	2.03e-43	1.08e-32	7.32e-23	1.13e-13	9.16e-04	6.59e-01	3.40e-01	0.00e+00	0.00e+00	0.00e+00	0.00e+00	0.00e+00	8.04e-139
 6.20916e+11	0.00e+00	1.50e-32	9.44e-23	1.35e-13	1.02e-03	6.76e-01	3.23e-01	0.00e+00	0.00e+00	0.00e+00	0.00e+00	0.00e+00	1.36e-206
 6.66588e+11	4.36e-43	2.02e-32	1.18e-22	1.58e-13	1.11e-03	6.90e-01	3.09e-01	0.00e+00	0.00e+00	0.00e+00	0.00e+00	0.00e+00	6.11e-138
 7.17110e+11	0.00e+00	2.75e-32	1.51e-22	1.88e-13	1.23e-03	7.05e-01	2.94e-01	0.00e+00	0.00e+00	0.00e+00	0.00e+00	0.00e+00	4.18e-206
 7.75544e+11	9.81e-43	3.90e-32	1.97e-22	2.26e-13	1.37e-03	7.21e-01	2.77e-01	0.00e+00	0.00e+00	0.00e+00	0.00e+00	0.00e+00	5.30e-137
 8.33056e+11	0.00e+00	5.41e-32	2.53e-22	2.70e-13	1.51e-03	7.36e-01	2.62e-01	0.00e+00	0.00e+00	0.00e+00	0.00e+00	0.00e+00	1.28e-205
 8.92869e+11	2.20e-42	7.52e-32	3.26e-22	3.22e-13	1.67e-03	7.50e-01	2.48e-01	0.00e+00	0.00e+00	0.00e+00	0.00e+00	0.00e+00	4.59e-136
 9.58511e+11	0.00e+00	1.06e-31	4.26e-22	3.88e-13	1.85e-03	7.65e-01	2.33e-01	0.00e+00	0.00e+00	0.00e+00	0.00e+00	0.00e+00	3.63e-205
 1.02491e+12	5.12e-42	1.49e-31	5.51e-22	4.65e-13	2.05e-03	7.79e-01	2.19e-01	0.00e+00	0.00e+00	0.00e+00	0.00e+00	0.00e+00	4.38e-135
 1.09396e+12	0.00e+00	2.09e-31	7.15e-22	5.56e-13	2.27e-03	7.92e-01	2.06e-01	0.00e+00	0.00e+00	0.00e+00	0.00e+00	0.00e+00	9.57e-205
 1.16764e+12	1.19e-41	2.96e-31	9.32e-22	6.69e-13	2.52e-03	8.04e-01	1.93e-01	0.00e+00	0.00e+00	0.00e+00	0.00e+00	0.00e+00	4.19e-134
 1.24427e+12	0.00e+00	4.18e-31	1.22e-21	8.04e-13	2.79e-03	8.16e-01	1.81e-01	0.00e+00	0.00e+00	0.00e+00	0.00e+00	0.00e+00	1.44e-204
 1.32397e+12	2.80e-41	5.91e-31	1.59e-21	9.66e-13	3.09e-03	8.28e-01	1.69e-01	0.00e+00	0.00e+00	0.00e+00	0.00e+00	0.00e+00	4.15e-133
 1.40686e+12	0.00e+00	8.36e-31	2.07e-21	1.16e-12	3.42e-03	8.39e-01	1.58e-01	0.00e+00	0.00e+00	0.00e+00	0.00e+00	0.00e+00	0.00e+00
 1.49306e+12	6.59e-41	1.18e-30	2.70e-21	1.39e-12	3.79e-03	8.49e-01	1.47e-01	0.00e+00	0.00e+00	0.00e+00	0.00e+00	0.00e+00	4.13e-132
 1.58271e+12	0.00e+00	1.67e-30	3.52e-21	1.68e-12	4.19e-03	8.59e-01	1.37e-01	0.00e+00	0.00e+00	0.00e+00	0.00e+00	0.00e+00	0.00e+00
 1.67594e+12	1.56e-40	2.37e-30	4.59e-21	2.01e-12	4.63e-03	8.68e-01	1.28e-01	0.00e+00	0.00e+00	0.00e+00	0.00e+00	0.00e+00	4.13e-131
 1.76357e+12	0.00e+00	3.25e-30	5.84e-21	2.38e-12	5.07e-03	8.75e-01	1.20e-01	0.00e+00	0.00e+00	0.00e+00	0.00e+00	0.00e+00	0.00e+00
 1.84185e+12	3.21e-40	4.26e-30	7.19e-21	2.74e-12	5.49e-03	8.82e-01	1.13e-01	0.00e+00	0.00e+00	0.00e+00	0.00e+00	0.00e+00	2.90e-130
 1.92967e+12	0.00e+00	5.74e-30	9.02e-21	3.21e-12	5.97e-03	8.88e-01	1.06e-01	0.00e+00	0.00e+00	0.00e+00	0.00e+00	0.00e+00	0.00e+00
 2.03386e+12	7.08e-40	8.08e-30	1.17e-20	3.84e-12	6.59e-03	8.95e-01	9.86e-02	0.00e+00	0.00e+00	0.00e+00	0.00e+00	0.00e+00	2.40e-129
 2.13816e+12	0.00e+00	1.12e-29	1.50e-20	4.56e-12	7.23e-03	9.01e-01	9.18e-02	0.00e+00	0.00e+00	0.00e+00	0.00e+00	0.00e+00	0.00e+00
 2.23592e+12	1.53e-39	1.51e-29	1.89e-20	5.33e-12	7.87e-03	9.06e-01	8.60e-02	0.00e+00	0.00e+00	0.00e+00	0.00e+00	0.00e+00	1.91e-128
 2.34457e+12	0.00e+00	2.08e-29	2.41e-20	6.30e-12	8.62e-03	9.11e-01	8.02e-02	0.00e+00	0.00e+00	0.00e+00	0.00e+00	0.00e+00	0.00e+00
 2.46828e+12	3.53e-39	2.96e-29	3.16e-20	7.58e-12	9.52e-03	9.16e-01	7.41e-02	0.00e+00	0.00e+00	0.00e+00	0.00e+00	0.00e+00	1.78e-127
 2.59129e+12	0.00e+00	4.16e-29	4.09e-20	9.05e-12	1.05e-02	9.21e-01	6.87e-02	0.00e+00	0.00e+00	0.00e+00	0.00e+00	0.00e+00	0.00e+00
 2.71921e+12	8.17e-39	5.83e-29	5.30e-20	1.08e-11	1.15e-02	9.25e-01	6.36e-02	0.00e+00	0.00e+00	0.00e+00	0.00e+00	0.00e+00	1.68e-126
 2.85791e+12	0.00e+00	8.32e-29	6.96e-20	1.30e-11	1.27e-02	9.29e-01	5.87e-02	0.00e+00	0.00e+00	0.00e+00	0.00e+00	0.00e+00	0.00e+00
 3.00215e+12	1.97e-38	1.19e-28	9.13e-20	1.57e-11	1.41e-02	9.32e-01	5.41e-02	0.00e+00	0.00e+00	0.00e+00	0.00e+00	0.00e+00	1.76e-125
 3.13797e+12	0.00e+00	1.64e-28	1.17e-19	1.85e-11	1.54e-02	9.34e-01	5.02e-02	0.00e+00	0.00e+00	0.00e+00	0.00e+00	0.00e+00	0.00e+00
 3.25979e+12	4.16e-38	2.17e-28	1.45e-19	2.15e-11	1.66e-02	9.36e-01	4.70e-02	0.00e+00	0.00e+00	0.00e+00	0.00e+00	0.00e+00	1.29e-124
 3.39674e+12	0.00e+00	2.96e-28	1.83e-19	2.52e-11	1.81e-02	9.38e-01	4.37e-02	0.00e+00	0.00e+00	0.00e+00	0.00e+00	0.00e+00	0.00e+00
 3.55859e+12	9.40e-38	4.20e-28	2.39e-19	3.03e-11	2.00e-02	9.40e-01	4.02e-02	0.00e+00	0.00e+00	0.00e+00	0.00e+00	0.00e+00	1.14e-123
 3.72013e+12	0.00e+00	5.88e-28	3.09e-19	3.60e-11	2.19e-02	9.41e-01	3.71e-02	0.00e+00	0.00e+00	0.00e+00	0.00e+00	0.00e+00	0.00e+00
 3.87204e+12	2.09e-37	8.02e-28	3.92e-19	4.24e-11	2.38e-02	9.42e-01	3.45e-02	0.00e+00	0.00e+00	0.00e+00	0.00e+00	0.00e+00	9.55e-123
 4.04075e+12	0.00e+00	1.12e-27	5.05e-19	5.03e-11	2.61e-02	9.42e-01	3.18e-02	0.00e+00	0.00e+00	0.00e+00	0.00e+00	0.00e+00	0.00e+00
 4.23230e+12	4.94e-37	1.60e-27	6.66e-19	6.07e-11	2.88e-02	9.42e-01	2.91e-02	0.00e+00	0.00e+00	0.00e+00	0.00e+00	0.00e+00	9.35e-122
 4.42134e+12	0.00e+00	2.27e-27	8.67e-19	7.27e-11	3.16e-02	9.42e-01	2.68e-02	0.00e+00	0.00e+00	0.00e+00	0.00e+00	0.00e+00	0.00e+00
 4.61793e+12	1.16e-36	3.20e-27	1.13e-18	8.70e-11	3.47e-02	9.41e-01	2.46e-02	0.00e+00	0.00e+00	0.00e+00	0.00e+00	0.00e+00	9.07e-121
 4.83257e+12	0.00e+00	4.62e-27	1.49e-18	1.05e-10	3.83e-02	9.39e-01	2.24e-02	0.00e+00	0.00e+00	0.00e+00	0.00e+00	0.00e+00	0.00e+00
 5.04896e+12	2.84e-36	6.58e-27	1.96e-18	1.26e-10	4.21e-02	9.37e-01	2.05e-02	0.00e+00	0.00e+00	0.00e+00	0.00e+00	0.00e+00	9.62e-120
 5.27400e+12	0.00e+00	9.40e-27	2.57e-18	1.52e-10	4.62e-02	9.35e-01	1.87e-02	0.00e+00	0.00e+00	0.00e+00	0.00e+00	0.00e+00	0.00e+00
 5.50567e+12	6.81e-36	1.34e-26	3.37e-18	1.83e-10	5.08e-02	9.32e-01	1.71e-02	0.00e+00	0.00e+00	0.00e+00	0.00e+00	0.00e+00	9.79e-119
 5.73216e+12	0.00e+00	1.87e-26	4.35e-18	2.17e-10	5.54e-02	9.29e-01	1.57e-02	0.00e+00	0.00e+00	0.00e+00	0.00e+00	0.00e+00	0.00e+00
 5.97694e+12	1.58e-35	2.64e-26	5.67e-18	2.60e-10	6.07e-02	9.25e-01	1.43e-02	0.00e+00	0.00e+00	0.00e+00	0.00e+00	0.00e+00	9.06e-118
 6.24594e+12	0.00e+00	3.81e-26	7.52e-18	3.14e-10	6.68e-02	9.20e-01	1.30e-02	0.00e+00	0.00e+00	0.00e+00	0.00e+00	0.00e+00	0.00e+00
 6.52571e+12	3.92e-35	5.51e-26	9.97e-18	3.80e-10	7.34e-02	9.15e-01	1.18e-02	0.00e+00	0.00e+00	0.00e+00	0.00e+00	0.00e+00	1.00e-116
 6.81666e+12	0.00e+00	7.95e-26	1.32e-17	4.59e-10	8.07e-02	9.09e-01	1.06e-02	0.00e+00	0.00e+00	0.00e+00	0.00e+00	0.00e+00	0.00e+00
 7.11925e+12	9.71e-35	1.15e-25	1.75e-17	5.56e-10	8.86e-02	9.02e-01	9.62e-03	0.00e+00	0.00e+00	0.00e+00	0.00e+00	0.00e+00	1.10e-115
 7.39266e+12	1.44e-34	1.58e-25	2.24e-17	6.56e-10	9.62e-02	8.95e-01	8.80e-03	0.00e+00	0.00e+00	0.00e+00	0.00e+00	0.00e+00	5.58e-98
 7.62001e+12	1.98e-34	2.04e-25	2.72e-17	7.49e-10	1.03e-01	8.89e-01	8.18e-03	0.00e+00	0.00e+00	0.00e+00	0.00e+00	0.00e+00	0.00e+00
 7.86890e+12	2.76e-34	2.68e-25	3.36e-17	8.61e-10	1.10e-01	8.83e-01	7.57e-03	0.00e+00	0.00e+00	0.00e+00	0.00e+00	0.00e+00	1.74e-114
 8.18473e+12	4.17e-34	3.74e-25	4.34e-17	1.02e-09	1.19e-01	8.74e-01	6.87e-03	0.00e+00	0.00e+00	0.00e+00	0.00e+00	0.00e+00	6.01e-97
 8.51434e+12	6.30e-34	5.22e-25	5.62e-17	1.22e-09	1.30e-01	8.64e-01	6.22e-03	0.00e+00	0.00e+00	0.00e+00	0.00e+00	0.00e+00	0.00e+00
 8.80569e+12	8.95e-34	6.94e-25	7.00e-17	1.41e-09	1.39e-01	8.55e-01	5.71e-03	0.00e+00	0.00e+00	0.00e+00	0.00e+00	0.00e+00	3.92e-113
 9.07752e+12	1.23e-33	8.97e-25	8.53e-17	1.61e-09	1.48e-01	8.47e-01	5.28e-03	0.00e+00	0.00e+00	0.00e+00	0.00e+00	0.00e+00	6.68e-96
 9.38789e+12	1.74e-33	1.19e-24	1.06e-16	1.86e-09	1.58e-01	8.37e-01	4.84e-03	0.00e+00	0.00e+00	0.00e+00	0.00e+00	0.00e+00	0.00e+00
 9.76955e+12	2.63e-33	1.66e-24	1.37e-16	2.21e-09	1.71e-01	8.24e-01	4.35e-03	0.00e+00	0.00e+00	0.00e+00	0.00e+00	0.00e+00	6.87e-112
 1.01499e+13	3.89e-33	2.29e-24	1.76e-16	2.61e-09	1.85e-01	8.11e-01	3.93e-03	0.00e+00	0.00e+00	0.00e+00	0.00e+00	0.00e+00	8.72e-95
 1.04800e+13	5.39e-33	2.98e-24	2.16e-16	2.99e-09	1.97e-01	8.00e-01	3.60e-03	0.00e+00	0.00e+00	0.00e+00	0.00e+00	0.00e+00	4.71e-111
 1.08390e+13	7.59e-33	3.93e-24	2.67e-16	3.45e-09	2.10e-01	7.87e-01	3.29e-03	0.00e+00	0.00e+00	0.00e+00	0.00e+00	0.00e+00	3.89e-94
 1.12777e+13	1.13e-32	5.44e-24	3.43e-16	4.08e-09	2.26e-01	7.71e-01	2.94e-03	0.00e+00	0.00e+00	0.00e+00	0.00e+00	0.00e+00	3.47e-110
 1.17259e+13	1.67e-32	7.47e-24	4.38e-16	4.80e-09	2.43e-01	7.55e-01	2.64e-03	0.00e+00	0.00e+00	0.00e+00	0.00e+00	0.00e+00	2.29e-93
 1.21372e+13	2.36e-32	9.86e-24	5.43e-16	5.53e-09	2.58e-01	7.40e-01	2.39e-03	0.00e+00	0.00e+00	0.00e+00	0.00e+00	0.00e+00	2.52e-109
 1.25944e+13	3.39e-32	1.32e-23	6.82e-16	6.42e-09	2.75e-01	7.23e-01	2.15e-03	0.00e+00	0.00e+00	0.00e+00	0.00e+00	0.00e+00	1.12e-92
 1.31249e+13	5.08e-32	1.84e-23	8.77e-16	7.58e-09	2.95e-01	7.03e-01	1.90e-03	0.00e+00	0.00e+00	0.00e+00	0.00e+00	0.00e+00	2.06e-108
 1.36483e+13	7.42e-32	2.50e-23	1.11e-15	8.84e-09	3.14e-01	6.84e-01	1.69e-03	0.00e+00	0.00e+00	0.00e+00	0.00e+00	0.00e+00	6.60e-92
 1.41491e+13	1.05e-31	3.30e-23	1.38e-15	1.02e-08	3.33e-01	6.66e-01	1.52e-03	0.00e+00	0.00e+00	0.00e+00	0.00e+00	0.00e+00	1.51e-107
 1.47015e+13	1.51e-31	4.43e-23	1.73e-15	1.18e-08	3.53e-01	6.46e-01	1.35e-03	0.00e+00	0.00e+00	0.00e+00	0.00e+00	0.00e+00	3.34e-91
 1.53195e+13	2.22e-31	6.05e-23	2.19e-15	1.38e-08	3.75e-01	6.24e-01	1.19e-03	0.00e+00	0.00e+00	0.00e+00	0.00e+00	0.00e+00	1.23e-106
 1.59417e+13	3.22e-31	8.17e-23	2.76e-15	1.59e-08	3.97e-01	6.02e-01	1.05e-03	0.00e+00	0.00e+00	0.00e+00	0.00e+00	0.00e+00	1.92e-90
 1.65008e+13	4.43e-31	1.06e-22	3.36e-15	1.81e-08	4.16e-01	5.83e-01	9.44e-04	0.00e+00	0.00e+00	0.00e+00	0.00e+00	0.00e+00	8.61e-106
 1.69751e+13	5.75e-31	1.30e-22	3.93e-15	2.00e-08	4.31e-01	5.68e-01	8.63e-04	0.00e+00	0.00e+00	0.00e+00	0.00e+00	0.00e+00	7.37e-90
 1.74867e+13	7.53e-31	1.62e-22	4.64e-15	2.22e-08	4.48e-01	5.51e-01	7.84e-04	0.00e+00	0.00e+00	0.00e+00	0.00e+00	0.00e+00	3.90e-105
 1.81463e+13	1.05e-30	2.12e-22	5.69e-15	2.53e-08	4.69e-01	5.30e-01	6.95e-04	0.00e+00	0.00e+00	0.00e+00	0.00e+00	0.00e+00	3.05e-89
 1.88337e+13	1.47e-30	2.77e-22	6.97e-15	2.87e-08	4.90e-01	5.09e-01	6.15e-04	0.00e+00	0.00e+00	0.00e+00	0.00e+00	0.00e+00	2.66e-104
 1.94252e+13	1.94e-30	3.45e-22	8.24e-15	3.19e-08	5.07e-01	4.92e-01	5.55e-04	0.00e+00	0.00e+00	0.00e+00	0.00e+00	0.00e+00	1.29e-88
 2.00569e+13	2.57e-30	4.32e-22	9.77e-15	3.55e-08	5.25e-01	4.74e-01	4.99e-04	0.00e+00	0.00e+00	0.00e+00	0.00e+00	0.00e+00	1.35e-103
 2.08372e+13	3.60e-30	5.65e-22	1.19e-14	4.02e-08	5.47e-01	4.53e-01	4.38e-04	0.00e+00	0.00e+00	0.00e+00	0.00e+00	0.00e+00	5.65e-88
 2.16369e+13	5.00e-30	7.34e-22	1.45e-14	4.54e-08	5.67e-01	4.32e-01	3.85e-04	0.00e+00	0.00e+00	0.00e+00	0.00e+00	0.00e+00	9.42e-103
 2.23601e+13	6.64e-30	9.21e-22	1.72e-14	5.04e-08	5.85e-01	4.14e-01	3.43e-04	0.00e+00	0.00e+00	0.00e+00	0.00e+00	0.00e+00	2.48e-87
 2.30495e+13	8.63e-30	1.13e-21	2.01e-14	5.54e-08	6.02e-01	3.98e-01	3.09e-04	0.00e+00	0.00e+00	0.00e+00	0.00e+00	0.00e+00	4.74e-102
 2.38382e+13	1.15e-29	1.42e-21	2.38e-14	6.14e-08	6.19e-01	3.81e-01	2.74e-04	0.00e+00	0.00e+00	0.00e+00	0.00e+00	0.00e+00	9.43e-87
 2.47188e+13	1.57e-29	1.82e-21	2.86e-14	6.85e-08	6.38e-01	3.62e-01	2.41e-04	0.00e+00	0.00e+00	0.00e+00	0.00e+00	0.00e+00	2.81e-101
 2.55456e+13	2.07e-29	2.27e-21	3.37e-14	7.56e-08	6.54e-01	3.45e-01	2.14e-04	0.00e+00	0.00e+00	0.00e+00	0.00e+00	0.00e+00	3.97e-86
 2.64469e+13	2.77e-29	2.85e-21	3.99e-14	8.37e-08	6.71e-01	3.28e-01	1.89e-04	0.00e+00	0.00e+00	0.00e+00	0.00e+00	0.00e+00	1.56e-100
 2.74470e+13	3.78e-29	3.65e-21	4.78e-14	9.32e-08	6.89e-01	3.11e-01	1.65e-04	0.00e+00	0.00e+00	0.00e+00	0.00e+00	0.00e+00	1.77e-85
 2.83788e+13	4.99e-29	4.54e-21	5.62e-14	1.02e-07	7.04e-01	2.95e-01	1.46e-04	0.00e+00	0.00e+00	0.00e+00	0.00e+00	0.00e+00	9.34e-100
 2.93937e+13	6.68e-29	5.71e-21	6.64e-14	1.13e-07	7.20e-01	2.80e-01	1.28e-04	0.00e+00	0.00e+00	0.00e+00	0.00e+00	0.00e+00	7.31e-85
 3.05265e+13	9.12e-29	7.29e-21	7.95e-14	1.26e-07	7.36e-01	2.64e-01	1.11e-04	0.00e+00	0.00e+00	0.00e+00	0.00e+00	0.00e+00	5.90e-99
 3.15923e+13	1.21e-28	9.09e-21	9.33e-14	1.38e-07	7.50e-01	2.49e-01	9.80e-05	0.00e+00	0.00e+00	0.00e+00	0.00e+00	0.00e+00	3.25e-84
 3.27557e+13	1.63e-28	1.15e-20	1.10e-13	1.52e-07	7.65e-01	2.35e-01	8.55e-05	0.00e+00	0.00e+00	0.00e+00	0.00e+00	0.00e+00	3.51e-98
 3.40549e+13	2.23e-28	1.47e-20	1.32e-13	1.68e-07	7.80e-01	2.20e-01	7.37e-05	0.00e+00	0.00e+00	0.00e+00	0.00e+00	0.00e+00	1.53e-83
 3.52834e+13	2.97e-28	1.84e-20	1.55e-13	1.85e-07	7.92e-01	2.08e-01	6.44e-05	0.00e+00	0.00e+00	0.00e+00	0.00e+00	0.00e+00	2.29e-97
 3.66020e+13	4.00e-28	2.31e-20	1.83e-13	2.03e-07	8.05e-01	1.95e-01	5.60e-05	0.00e+00	0.00e+00	0.00e+00	0.00e+00	0.00e+00	6.84e-83
 3.80960e+13	5.52e-28	2.97e-20	2.20e-13	2.25e-07	8.18e-01	1.82e-01	4.80e-05	0.00e+00	0.00e+00	0.00e+00	0.00e+00	0.00e+00	1.58e-96
 3.95676e+13	7.49e-28	3.77e-20	2.60e-13	2.47e-07	8.30e-01	1.70e-01	4.15e-05	0.00e+00	0.00e+00	0.00e+00	0.00e+00	0.00e+00	3.44e-82
 4.10980e+13	1.01e-27	4.77e-20	3.08e-13	2.71e-07	8.41e-01	1.59e-01	3.58e-05	0.00e+00	0.00e+00	0.00e+00	0.00e+00	0.00e+00	1.07e-95
 4.27718e+13	1.40e-27	6.10e-20	3.67e-13	2.99e-07	8.52e-01	1.48e-01	3.06e-05	0.00e+00	0.00e+00	0.00e+00	0.00e+00	0.00e+00	1.73e-81
 4.44752e+13	1.91e-27	7.76e-20	4.35e-13	3.29e-07	8.62e-01	1.38e-01	2.63e-05	0.00e+00	0.00e+00	0.00e+00	0.00e+00	0.00e+00	7.87e-95
 4.62466e+13	2.60e-27	9.87e-20	5.16e-13	3.61e-07	8.71e-01	1.29e-01	2.26e-05	0.00e+00	0.00e+00	0.00e+00	0.00e+00	0.00e+00	8.80e-81
 4.81264e+13	3.57e-27	1.26e-19	6.13e-13	3.97e-07	8.80e-01	1.19e-01	1.93e-05	0.00e+00	0.00e+00	0.00e+00	0.00e+00	0.00e+00	5.77e-94
 4.99175e+13	4.77e-27	1.57e-19	7.17e-13	4.32e-07	8.88e-01	1.12e-01	1.67e-05	0.00e+00	0.00e+00	0.00e+00	0.00e+00	0.00e+00	4.34e-80
 5.15530e+13	6.16e-27	1.92e-19	8.23e-13	4.66e-07	8.95e-01	1.05e-01	1.47e-05	0.00e+00	0.00e+00	0.00e+00	0.00e+00	0.00e+00	3.29e-93
 5.30973e+13	7.78e-27	2.29e-19	9.34e-13	4.99e-07	9.00e-01	9.95e-02	1.31e-05	0.00e+00	0.00e+00	0.00e+00	0.00e+00	0.00e+00	1.58e-79
 5.48027e+13	1.00e-26	2.78e-19	1.07e-12	5.36e-07	9.06e-01	9.38e-02	1.16e-05	0.00e+00	0.00e+00	0.00e+00	0.00e+00	0.00e+00	1.55e-92
 5.67141e+13	1.31e-26	3.42e-19	1.23e-12	5.80e-07	9.12e-01	8.79e-02	1.01e-05	0.00e+00	0.00e+00	0.00e+00	0.00e+00	0.00e+00	6.29e-79
 5.85218e+13	1.68e-26	4.14e-19	1.41e-12	6.22e-07	9.17e-01	8.28e-02	8.92e-06	0.00e+00	0.00e+00	0.00e+00	0.00e+00	0.00e+00	8.19e-92
 6.05000e+13	2.19e-26	5.06e-19	1.62e-12	6.70e-07	9.22e-01	7.78e-02	7.82e-06	0.00e+00	0.00e+00	0.00e+00	0.00e+00	0.00e+00	2.47e-78
 6.27190e+13	2.91e-26	6.29e-19	1.88e-12	7.26e-07	9.27e-01	7.26e-02	6.78e-06	0.00e+00	0.00e+00	0.00e+00	0.00e+00	0.00e+00	4.76e-91
 6.47780e+13	3.75e-26	7.64e-19	2.15e-12	7.79e-07	9.32e-01	6.83e-02	5.97e-06	0.00e+00	0.00e+00	0.00e+00	0.00e+00	0.00e+00	1.05e-77
 6.66908e+13	4.72e-26	9.11e-19	2.43e-12	8.30e-07	9.35e-01	6.46e-02	5.32e-06	0.00e+00	0.00e+00	0.00e+00	0.00e+00	0.00e+00	2.28e-90
 6.88861e+13	6.11e-26	1.11e-18	2.78e-12	8.91e-07	9.39e-01	6.07e-02	4.68e-06	0.00e+00	0.00e+00	0.00e+00	0.00e+00	0.00e+00	3.88e-77
 7.15444e+13	8.23e-26	1.39e-18	3.25e-12	9.67e-07	9.44e-01	5.64e-02	4.02e-06	0.00e+00	0.00e+00	0.00e+00	0.00e+00	0.00e+00	1.36e-89
 7.41614e+13	1.09e-25	1.72e-18	3.77e-12	1.04e-06	9.47e-01	5.26e-02	3.49e-06	0.00e+00	0.00e+00	0.00e+00	0.00e+00	0.00e+00	1.87e-76
 7.64539e+13	1.39e-25	2.07e-18	4.27e-12	1.11e-06	9.50e-01	4.96e-02	3.09e-06	0.00e+00	0.00e+00	0.00e+00	0.00e+00	0.00e+00	3.58e-76
 7.89678e+13	1.80e-25	2.51e-18	4.87e-12	1.19e-06	9.53e-01	4.66e-02	2.72e-06	0.00e+00	0.00e+00	0.00e+00	0.00e+00	0.00e+00	7.17e-76
 8.20114e+13	2.43e-25	3.16e-18	5.69e-12	1.29e-06	9.57e-01	4.33e-02	2.34e-06	0.00e+00	0.00e+00	0.00e+00	0.00e+00	0.00e+00	1.61e-75
 8.50642e+13	3.24e-25	3.93e-18	6.60e-12	1.40e-06	9.60e-01	4.04e-02	2.03e-06	0.00e+00	0.00e+00	0.00e+00	0.00e+00	0.00e+00	3.53e-75
 8.78241e+13	4.18e-25	4.76e-18	7.52e-12	1.49e-06	9.62e-01	3.79e-02	1.79e-06	0.00e+00	0.00e+00	0.00e+00	0.00e+00	0.00e+00	7.03e-75
 9.08831e+13	5.48e-25	5.84e-18	8.64e-12	1.60e-06	9.64e-01	3.55e-02	1.56e-06	0.00e+00	0.00e+00	0.00e+00	0.00e+00	0.00e+00	1.47e-74
 9.44793e+13	7.45e-25	7.37e-18	1.01e-11	1.74e-06	9.67e-01	3.29e-02	1.34e-06	0.00e+00	0.00e+00	0.00e+00	0.00e+00	0.00e+00	3.39e-74
 9.80309e+13	9.99e-25	9.19e-18	1.17e-11	1.88e-06	9.69e-01	3.06e-02	1.16e-06	0.00e+00	0.00e+00	0.00e+00	0.00e+00	0.00e+00	7.53e-74
 1.01354e+14	1.30e-24	1.12e-17	1.34e-11	2.01e-06	9.71e-01	2.87e-02	1.01e-06	0.00e+00	0.00e+00	0.00e+00	0.00e+00	0.00e+00	1.55e-73
 1.05067e+14	1.73e-24	1.39e-17	1.55e-11	2.17e-06	9.73e-01	2.68e-02	8.79e-07	0.00e+00	0.00e+00	0.00e+00	0.00e+00	0.00e+00	3.38e-73
 1.09299e+14	2.37e-24	1.76e-17	1.82e-11	2.35e-06	9.75e-01	2.48e-02	0.00e+00	0.00e+00	0.00e+00	0.00e+00	0.00e+00	0.00e+00	7.94e-73
 1.13503e+14	3.20e-24	2.21e-17	2.12e-11	2.54e-06	9.77e-01	2.30e-02	0.00e+00	0.00e+00	0.00e+00	0.00e+00	0.00e+00	0.00e+00	1.80e-72
 1.17875e+14	4.32e-24	2.77e-17	2.47e-11	2.74e-06	9.79e-01	2.14e-02	0.00e+00	0.00e+00	0.00e+00	0.00e+00	0.00e+00	0.00e+00	4.09e-72
 1.22620e+14	5.90e-24	3.51e-17	2.90e-11	2.97e-06	9.80e-01	1.98e-02	0.00e+00	0.00e+00	0.00e+00	0.00e+00	0.00e+00	0.00e+00	9.60e-72
 1.27554e+14	8.07e-24	4.44e-17	3.39e-11	3.22e-06	9.82e-01	1.83e-02	0.00e+00	0.00e+00	0.00e+00	0.00e+00	0.00e+00	0.00e+00	2.26e-71
 1.32334e+14	1.08e-23	5.53e-17	3.93e-11	3.48e-06	9.83e-01	1.70e-02	0.00e+00	0.00e+00	0.00e+00	0.00e+00	1.77e-17	3.76e-17	5.01e-71
 1.36830e+14	1.41e-23	6.75e-17	4.50e-11	3.72e-06	9.84e-01	1.59e-02	0.00e+00	0.00e+00	0.00e+00	0.00e+00	2.24e-17	4.51e-17	1.03e-70
 1.41858e+14	1.87e-23	8.37e-17	5.20e-11	4.01e-06	9.85e-01	1.48e-02	0.00e+00	0.00e+00	0.00e+00	0.00e+00	2.78e-17	5.59e-17	2.26e-70
 1.46926e+14	2.47e-23	1.03e-16	5.99e-11	4.30e-06	9.86e-01	1.38e-02	0.00e+00	0.00e+00	0.00e+00	0.00e+00	3.43e-17	6.90e-17	4.81e-70
 1.51134e+14	3.09e-23	1.22e-16	6.71e-11	4.56e-06	9.87e-01	1.31e-02	0.00e+00	0.00e+00	0.00e+00	0.00e+00	4.06e-17	8.16e-17	8.86e-70
 1.55589e+14	3.89e-23	1.45e-16	7.54e-11	4.84e-06	9.88e-01	1.23e-02	0.00e+00	0.00e+00	0.00e+00	0.00e+00	4.82e-17	9.70e-17	1.66e-69
 1.61284e+14	5.17e-23	1.80e-16	8.72e-11	5.21e-06	9.89e-01	1.15e-02	0.00e+00	0.00e+00	0.00e+00	0.00e+00	5.97e-17	1.20e-16	3.60e-69
 1.67258e+14	6.88e-23	2.24e-16	1.01e-10	5.61e-06	9.89e-01	1.06e-02	0.00e+00	0.00e+00	0.00e+00	0.00e+00	7.42e-17	1.49e-16	7.93e-69
 1.72535e+14	8.80e-23	2.69e-16	1.14e-10	5.98e-06	9.90e-01	1.00e-02	0.00e+00	0.00e+00	0.00e+00	0.00e+00	8.93e-17	1.80e-16	1.54e-68
 1.78238e+14	1.14e-22	3.26e-16	1.31e-10	6.39e-06	9.91e-01	9.37e-03	0.00e+00	0.00e+00	0.00e+00	0.00e+00	1.08e-16	2.18e-16	3.09e-68
 1.85106e+14	1.53e-22	4.09e-16	1.52e-10	6.91e-06	9.91e-01	8.68e-03	0.00e+00	0.00e+00	0.00e+00	0.00e+00	1.36e-16	2.73e-16	6.93e-68
 1.92075e+14	2.05e-22	5.09e-16	1.77e-10	7.46e-06	9.92e-01	8.05e-03	0.00e+00	0.00e+00	0.00e+00	0.00e+00	1.69e-16	3.40e-16	1.53e-67
 1.98596e+14	2.66e-22	6.21e-16	2.02e-10	7.99e-06	9.92e-01	7.53e-03	0.00e+00	0.00e+00	0.00e+00	0.00e+00	2.06e-16	4.15e-16	3.13e-67
 2.05842e+14	3.53e-22	7.69e-16	2.34e-10	8.61e-06	9.93e-01	7.00e-03	0.00e+00	0.00e+00	0.00e+00	0.00e+00	2.55e-16	5.14e-16	6.73e-67
 2.13534e+14	4.71e-22	9.57e-16	2.71e-10	9.29e-06	9.93e-01	6.49e-03	0.00e+00	0.00e+00	0.00e+00	0.00e+00	3.18e-16	6.40e-16	1.47e-66
 2.20372e+14	6.04e-22	1.16e-15	3.08e-10	9.91e-06	9.94e-01	6.09e-03	0.00e+00	0.00e+00	0.00e+00	0.00e+00	3.83e-16	7.72e-16	2.89e-66
 2.27724e+14	7.80e-22	1.40e-15	3.52e-10	1.06e-05	9.94e-01	5.69e-03	0.00e+00	0.00e+00	0.00e+00	0.00e+00	4.66e-16	9.38e-16	5.81e-66
 2.36532e+14	1.05e-21	1.76e-15	4.11e-10	1.15e-05	9.95e-01	5.27e-03	0.00e+00	0.00e+00	0.00e+00	0.00e+00	5.83e-16	1.18e-15	1.30e-65
 2.45199e+14	1.39e-21	2.18e-15	4.76e-10	1.24e-05	9.95e-01	4.89e-03	0.00e+00	0.00e+00	0.00e+00	0.00e+00	7.23e-16	1.46e-15	2.81e-65
 2.52918e+14	1.78e-21	2.62e-15	5.40e-10	1.32e-05	9.95e-01	4.59e-03	0.00e+00	0.00e+00	0.00e+00	0.00e+00	8.69e-16	1.75e-15	5.44e-65
 2.61437e+14	2.30e-21	3.19e-15	6.17e-10	1.41e-05	9.96e-01	4.29e-03	0.00e+00	0.00e+00	0.00e+00	0.00e+00	1.06e-15	2.13e-15	1.10e-64
 2.71593e+14	3.11e-21	4.00e-15	7.21e-10	1.53e-05	9.96e-01	3.97e-03	0.00e+00	0.00e+00	0.00e+00	0.00e+00	1.33e-15	2.68e-15	2.47e-64
 2.81668e+14	4.13e-21	4.97e-15	8.36e-10	1.65e-05	9.96e-01	3.68e-03	0.00e+00	0.00e+00	0.00e+00	0.00e+00	1.65e-15	3.32e-15	5.37e-64
 2.90872e+14	5.32e-21	6.02e-15	9.52e-10	1.77e-05	9.97e-01	3.45e-03	0.00e+00	0.00e+00	0.00e+00	0.00e+00	2.00e-15	4.02e-15	1.07e-63
 3.01150e+14	6.97e-21	7.39e-15	1.10e-09	1.90e-05	9.97e-01	3.21e-03	0.00e+00	0.00e+00	0.00e+00	0.00e+00	2.45e-15	4.94e-15	2.23e-63
 3.13113e+14	9.45e-21	9.32e-15	1.28e-09	2.06e-05	9.97e-01	2.96e-03	0.00e+00	0.00e+00	0.00e+00	0.00e+00	3.09e-15	6.23e-15	5.09e-63
 3.24867e+14	1.26e-20	1.16e-14	1.49e-09	2.22e-05	9.97e-01	2.75e-03	0.00e+00	0.00e+00	0.00e+00	0.00e+00	3.84e-15	7.75e-15	1.12e-62
 3.35979e+14	1.64e-20	1.41e-14	1.71e-09	2.38e-05	9.97e-01	2.56e-03	0.00e+00	0.00e+00	0.00e+00	0.00e+00	4.69e-15	9.46e-15	2.29e-62
 3.48337e+14	2.17e-20	1.75e-14	1.98e-09	2.57e-05	9.98e-01	2.38e-03	0.00e+00	0.00e+00	0.00e+00	0.00e+00	5.81e-15	1.17e-14	4.93e-62
 3.62300e+14	2.95e-20	2.21e-14	2.32e-09	2.79e-05	9.98e-01	2.19e-03	0.00e+00	0.00e+00	0.00e+00	0.00e+00	7.33e-15	1.48e-14	1.13e-61
 3.75538e+14	3.92e-20	2.74e-14	2.68e-09	3.00e-05	9.98e-01	2.04e-03	0.00e+00	0.00e+00	0.00e+00	0.00e+00	9.06e-15	1.83e-14	2.45e-61
 3.87580e+14	5.01e-20	3.30e-14	3.04e-09	3.20e-05	9.98e-01	1.91e-03	0.00e+00	0.00e+00	0.00e+00	0.00e+00	1.09e-14	2.21e-14	4.80e-61
 4.01204e+14	6.56e-20	4.05e-14	3.50e-09	3.44e-05	9.98e-01	1.78e-03	0.00e+00	0.00e+00	0.00e+00	0.00e+00	1.34e-14	2.71e-14	1.00e-60
 4.17097e+14	8.89e-20	5.09e-14	4.09e-09	3.72e-05	9.98e-01	1.64e-03	0.00e+00	0.00e+00	0.00e+00	0.00e+00	1.69e-14	3.41e-14	2.30e-60
 4.32353e+14	1.18e-19	6.30e-14	4.72e-09	4.01e-05	9.98e-01	1.53e-03	0.00e+00	0.00e+00	0.00e+00	0.00e+00	2.09e-14	4.22e-14	4.97e-60
 4.46151e+14	1.51e-19	7.59e-14	5.36e-09	4.27e-05	9.99e-01	1.43e-03	0.00e+00	0.00e+00	0.00e+00	0.00e+00	2.51e-14	5.08e-14	9.72e-60
 4.59138e+14	1.89e-19	9.00e-14	6.02e-09	4.53e-05	9.99e-01	1.35e-03	0.00e+00	0.00e+00	0.00e+00	0.00e+00	2.98e-14	6.02e-14	1.80e-59
 4.73519e+14	2.40e-19	1.08e-13	6.81e-09	4.83e-05	9.99e-01	1.27e-03	0.00e+00	0.00e+00	0.00e+00	0.00e+00	3.57e-14	7.23e-14	3.48e-59
 4.89598e+14	3.12e-19	1.32e-13	7.79e-09	5.17e-05	9.99e-01	1.18e-03	0.00e+00	0.00e+00	0.00e+00	0.00e+00	4.35e-14	8.81e-14	7.13e-59
 5.04790e+14	3.97e-19	1.58e-13	8.81e-09	5.50e-05	9.99e-01	1.11e-03	0.00e+00	0.00e+00	0.00e+00	0.00e+00	5.22e-14	1.06e-13	1.38e-58
 5.21448e+14	5.12e-19	1.91e-13	1.00e-08	5.88e-05	9.99e-01	1.04e-03	0.00e+00	0.00e+00	0.00e+00	0.00e+00	6.32e-14	1.28e-13	2.76e-58
 5.40097e+14	6.74e-19	2.36e-13	1.16e-08	6.32e-05	9.99e-01	9.68e-04	0.00e+00	0.00e+00	0.00e+00	0.00e+00	7.79e-14	1.58e-13	5.88e-58
 5.57696e+14	8.67e-19	2.85e-13	1.31e-08	6.75e-05	9.99e-01	9.07e-04	0.00e+00	0.00e+00	0.00e+00	0.00e+00	9.42e-14	1.91e-13	1.17e-57
 5.76934e+14	1.13e-18	3.49e-13	1.51e-08	7.23e-05	9.99e-01	8.46e-04	0.00e+00	0.00e+00	0.00e+00	0.00e+00	1.15e-13	2.33e-13	2.44e-57
 5.98203e+14	1.50e-18	4.32e-13	1.74e-08	7.79e-05	9.99e-01	7.86e-04	0.00e+00	0.00e+00	0.00e+00	0.00e+00	1.43e-13	2.90e-13	5.32e-57
 6.17842e+14	1.94e-18	5.24e-13	1.99e-08	8.32e-05	9.99e-01	7.36e-04	0.00e+00	0.00e+00	0.00e+00	0.00e+00	1.73e-13	3.51e-13	1.07e-56
 6.39104e+14	2.53e-18	6.40e-13	2.27e-08	8.91e-05	9.99e-01	6.86e-04	0.00e+00	0.00e+00	0.00e+00	0.00e+00	2.11e-13	4.29e-13	2.21e-56
 6.62867e+14	3.37e-18	7.95e-13	2.63e-08	9.61e-05	9.99e-01	6.37e-04	0.00e+00	0.00e+00	0.00e+00	0.00e+00	2.62e-13	5.33e-13	4.86e-56
 6.85190e+14	4.37e-18	9.68e-13	3.01e-08	1.03e-04	9.99e-01	5.95e-04	0.00e+00	0.00e+00	0.00e+00	0.00e+00	3.19e-13	6.48e-13	9.94e-56
 7.09519e+14	5.73e-18	1.19e-12	3.46e-08	1.10e-04	9.99e-01	5.54e-04	0.00e+00	0.00e+00	0.00e+00	0.00e+00	3.92e-13	7.97e-13	2.10e-55
 7.36576e+14	7.68e-18	1.48e-12	4.02e-08	1.19e-04	9.99e-01	5.13e-04	0.00e+00	0.00e+00	0.00e+00	0.00e+00	4.89e-13	9.95e-13	4.71e-55
 7.61853e+14	1.00e-17	1.81e-12	4.61e-08	1.28e-04	9.99e-01	4.79e-04	0.00e+00	0.00e+00	0.00e+00	0.00e+00	5.97e-13	1.22e-12	9.75e-55
 7.89316e+14	1.32e-17	2.23e-12	5.31e-08	1.37e-04	9.99e-01	4.45e-04	0.00e+00	0.00e+00	0.00e+00	0.00e+00	7.35e-13	1.50e-12	2.08e-54
 8.20042e+14	1.77e-17	2.80e-12	6.19e-08	1.49e-04	9.99e-01	4.11e-04	0.00e+00	0.00e+00	0.00e+00	0.00e+00	9.21e-13	1.88e-12	4.71e-54
 8.49185e+14	2.33e-17	3.44e-12	7.13e-08	1.60e-04	9.99e-01	3.82e-04	0.00e+00	0.00e+00	0.00e+00	0.00e+00	1.13e-12	2.31e-12	1.00e-53
 8.80370e+14	3.07e-17	4.25e-12	8.25e-08	1.72e-04	9.99e-01	3.54e-04	0.00e+00	0.00e+00	0.00e+00	0.00e+00	1.40e-12	2.85e-12	2.14e-53
 9.15615e+14	4.17e-17	5.36e-12	9.66e-08	1.87e-04	9.99e-01	3.27e-04	0.00e+00	0.00e+00	0.00e+00	0.00e+00	1.76e-12	3.60e-12	4.99e-53
 9.50319e+14	5.53e-17	6.66e-12	1.12e-07	2.02e-04	9.99e-01	3.02e-04	0.00e+00	4.55e-18	1.37e-17	2.29e-17	2.19e-12	4.47e-12	1.09e-52
 9.86411e+14	7.39e-17	8.30e-12	1.31e-07	2.18e-04	1.00e+00	2.79e-04	0.00e+00	6.08e-18	1.83e-17	3.05e-17	2.72e-12	5.57e-12	2.43e-52
 1.02590e+15	9.95e-17	1.04e-11	1.53e-07	2.37e-04	1.00e+00	2.57e-04	0.00e+00	8.20e-18	2.46e-17	4.11e-17	3.42e-12	7.01e-12	5.55e-52
 1.06487e+15	1.32e-16	1.30e-11	1.78e-07	2.57e-04	1.00e+00	2.37e-04	0.00e+00	1.09e-17	3.27e-17	5.46e-17	4.25e-12	8.71e-12	1.21e-51
 1.09725e+15	1.66e-16	1.54e-11	2.01e-07	2.74e-04	1.00e+00	2.23e-04	0.00e+00	1.37e-17	4.11e-17	6.86e-17	5.06e-12	1.04e-11	2.29e-51
 1.12343e+15	1.98e-16	1.77e-11	2.21e-07	2.88e-04	1.00e+00	2.12e-04	0.00e+00	1.63e-17	4.90e-17	8.19e-17	5.80e-12	1.19e-11	3.74e-51
 1.15250e+15	2.40e-16	2.05e-11	2.46e-07	3.04e-04	9.99e-01	2.00e-04	0.00e+00	1.98e-17	5.94e-17	9.92e-17	6.73e-12	1.38e-11	6.36e-51
 1.19029e+15	3.05e-16	2.47e-11	2.80e-07	3.26e-04	9.99e-01	1.87e-04	0.00e+00	2.52e-17	7.56e-17	1.26e-16	8.10e-12	1.66e-11	1.24e-50
 1.23080e+15	3.91e-16	3.00e-11	3.21e-07	3.51e-04	9.99e-01	1.74e-04	0.00e+00	3.23e-17	9.70e-17	1.62e-16	9.82e-12	2.02e-11	2.49e-50
 1.26672e+15	4.83e-16	3.54e-11	3.62e-07	3.74e-04	9.99e-01	1.63e-04	0.00e+00	4.00e-17	1.20e-16	2.01e-16	1.16e-11	2.38e-11	4.51e-50
 1.30532e+15	6.03e-16	4.20e-11	4.09e-07	3.99e-04	9.99e-01	1.53e-04	0.00e+00	4.99e-17	1.50e-16	2.50e-16	1.38e-11	2.83e-11	8.39e-50
 1.35369e+15	7.87e-16	5.18e-11	4.75e-07	4.32e-04	9.99e-01	1.41e-04	0.00e+00	6.51e-17	1.96e-16	3.27e-16	1.69e-11	3.48e-11	1.77e-49
 1.40277e+15	1.02e-15	6.34e-11	5.49e-07	4.68e-04	9.99e-01	1.31e-04	0.00e+00	8.44e-17	2.53e-16	4.23e-16	2.07e-11	4.27e-11	3.68e-49
 1.44531e+15	1.26e-15	7.51e-11	6.21e-07	5.00e-04	9.99e-01	1.22e-04	0.00e+00	1.05e-16	3.15e-16	5.26e-16	2.46e-11	5.05e-11	6.78e-49
 1.49134e+15	1.58e-15	8.95e-11	7.06e-07	5.37e-04	9.99e-01	1.14e-04	0.00e+00	1.31e-16	3.93e-16	6.57e-16	2.93e-11	6.03e-11	1.28e-48
 1.54772e+15	2.06e-15	1.10e-10	8.22e-07	5.83e-04	9.99e-01	1.05e-04	0.00e+00	1.71e-16	5.13e-16	8.57e-16	3.61e-11	7.43e-11	2.72e-48
 1.60464e+15	2.65e-15	1.35e-10	9.53e-07	6.33e-04	9.99e-01	9.68e-05	0.00e+00	2.20e-16	6.62e-16	1.11e-15	4.42e-11	9.09e-11	5.66e-48
 1.65525e+15	3.29e-15	1.61e-10	1.08e-06	6.79e-04	9.99e-01	9.03e-05	0.00e+00	2.74e-16	8.21e-16	1.37e-15	5.25e-11	1.08e-10	1.06e-47
 1.71057e+15	4.13e-15	1.93e-10	1.24e-06	7.31e-04	9.99e-01	8.38e-05	0.00e+00	3.44e-16	1.03e-15	1.73e-15	6.30e-11	1.30e-10	2.06e-47
 1.77669e+15	5.37e-15	2.38e-10	1.44e-06	7.97e-04	9.99e-01	7.70e-05	0.00e+00	4.48e-16	1.34e-15	2.25e-15	7.77e-11	1.60e-10	4.43e-47
 1.84212e+15	6.87e-15	2.90e-10	1.67e-06	8.65e-04	9.99e-01	7.10e-05	0.00e+00	5.74e-16	1.72e-15	2.88e-15	9.48e-11	1.95e-10	9.19e-47
 1.90123e+15	8.51e-15	3.45e-10	1.90e-06	9.30e-04	9.99e-01	6.61e-05	0.00e+00	7.11e-16	2.13e-15	3.57e-15	1.13e-10	2.32e-10	1.74e-46
 1.96685e+15	1.07e-14	4.15e-10	2.19e-06	1.01e-03	9.99e-01	6.12e-05	0.00e+00	8.95e-16	2.69e-15	4.49e-15	1.36e-10	2.79e-10	3.45e-46
 2.04404e+15	1.34e-14	5.11e-10	2.56e-06	1.10e-03	9.99e-01	5.61e-05	0.00e+00	1.12e-15	3.37e-15	5.63e-15	1.67e-10	3.44e-10	7.39e-46
 2.12012e+15	1.70e-14	6.24e-10	2.97e-06	1.19e-03	9.99e-01	5.16e-05	0.00e+00	1.43e-15	4.28e-15	7.15e-15	2.04e-10	4.20e-10	1.55e-45
 2.19081e+15	2.10e-14	7.45e-10	3.39e-06	1.29e-03	9.99e-01	4.79e-05	0.00e+00	1.76e-15	5.30e-15	8.85e-15	2.44e-10	5.01e-10	3.00e-45
 2.27004e+15	2.64e-14	9.02e-10	3.91e-06	1.40e-03	9.99e-01	4.42e-05	0.00e+00	2.22e-15	6.67e-15	1.11e-14	2.95e-10	6.07e-10	6.17e-45
 2.36087e+15	3.39e-14	1.11e-09	4.58e-06	1.53e-03	9.98e-01	4.04e-05	0.00e+00	2.85e-15	8.57e-15	1.43e-14	3.65e-10	7.50e-10	1.37e-44
 2.45035e+15	4.28e-14	1.36e-09	5.33e-06	1.67e-03	9.98e-01	3.72e-05	0.00e+00	3.61e-15	1.08e-14	1.81e-14	4.45e-10	9.16e-10	2.92e-44
 2.54341e+15	5.41e-14	1.66e-09	6.19e-06	1.82e-03	9.98e-01	3.42e-05	0.00e+00	4.57e-15	1.37e-14	2.29e-14	5.44e-10	1.12e-09	6.24e-44
 2.62813e+15	6.60e-14	1.98e-09	7.06e-06	1.96e-03	9.98e-01	3.17e-05	0.00e+00	5.58e-15	1.68e-14	2.80e-14	6.49e-10	1.33e-09	1.22e-43
 2.69139e+15	7.65e-14	2.25e-09	7.76e-06	2.07e-03	9.98e-01	3.01e-05	0.00e+00	6.48e-15	1.94e-14	3.25e-14	7.37e-10	1.51e-09	1.98e-43
 2.75677e+15	8.86e-14	2.56e-09	8.55e-06	2.18e-03	9.98e-01	2.85e-05	0.00e+00	7.50e-15	2.25e-14	3.76e-14	8.38e-10	1.72e-09	3.23e-43
 2.84176e+15	1.07e-13	3.01e-09	9.66e-06	2.34e-03	9.98e-01	2.66e-05	0.00e+00	9.04e-15	2.71e-14	4.53e-14	9.86e-10	2.02e-09	6.03e-43
 2.93383e+15	1.29e-13	3.57e-09	1.10e-05	2.52e-03	9.97e-01	2.48e-05	0.00e+00	1.10e-14	3.29e-14	5.49e-14	1.17e-09	2.40e-09	1.18e-42
 3.01701e+15	1.53e-13	4.14e-09	1.23e-05	2.69e-03	9.97e-01	2.33e-05	0.00e+00	1.30e-14	3.89e-14	6.50e-14	1.36e-09	2.78e-09	2.09e-42
 3.10705e+15	1.82e-13	4.85e-09	1.38e-05	2.88e-03	9.97e-01	2.18e-05	0.00e+00	1.55e-14	4.65e-14	7.76e-14	1.59e-09	3.26e-09	3.89e-42
 3.22111e+15	2.26e-13	5.89e-09	1.60e-05	3.12e-03	9.97e-01	2.01e-05	0.00e+00	1.92e-14	5.77e-14	9.63e-14	1.93e-09	3.96e-09	8.39e-42
 3.33589e+15	2.76e-13	7.11e-09	1.83e-05	3.39e-03	9.97e-01	1.87e-05	0.00e+00	2.36e-14	7.07e-14	1.18e-13	2.33e-09	4.77e-09	1.74e-41
 3.43244e+15	3.26e-13	8.27e-09	2.05e-05	3.61e-03	9.96e-01	1.75e-05	0.00e+00	2.79e-14	8.37e-14	1.40e-13	2.72e-09	5.56e-09	3.17e-41
 3.53584e+15	3.88e-13	9.70e-09	2.31e-05	3.87e-03	9.96e-01	1.64e-05	0.00e+00	3.32e-14	9.97e-14	1.66e-13	3.19e-09	6.52e-09	5.95e-41
 3.66619e+15	4.79e-13	1.18e-08	2.67e-05	4.20e-03	9.96e-01	1.52e-05	0.00e+00	4.10e-14	1.23e-13	2.05e-13	3.88e-09	7.93e-09	1.29e-40
 3.80276e+15	5.88e-13	1.44e-08	3.09e-05	4.57e-03	9.95e-01	1.40e-05	0.00e+00	5.05e-14	1.51e-13	2.53e-13	4.72e-09	9.65e-09	2.81e-40
 3.92580e+15	7.07e-13	1.70e-08	3.51e-05	4.91e-03	9.95e-01	1.31e-05	0.00e+00	6.07e-14	1.82e-13	3.04e-13	5.60e-09	1.14e-08	5.51e-40
 4.06004e+15	8.57e-13	2.04e-08	4.01e-05	5.30e-03	9.95e-01	1.22e-05	0.00e+00	7.37e-14	2.21e-13	3.69e-13	6.72e-09	1.37e-08	1.13e-39
 4.21864e+15	1.06e-12	2.52e-08	4.68e-05	5.79e-03	9.94e-01	1.13e-05	0.00e+00	9.14e-14	2.74e-13	4.58e-13	8.29e-09	1.69e-08	2.56e-39
 4.37389e+15	1.29e-12	3.07e-08	5.40e-05	6.28e-03	9.94e-01	1.05e-05	0.00e+00	1.12e-13	3.35e-13	5.59e-13	1.01e-08	2.06e-08	5.51e-39
 4.51536e+15	1.54e-12	3.64e-08	6.13e-05	6.75e-03	9.93e-01	9.85e-06	0.00e+00	1.33e-13	3.99e-13	6.67e-13	1.20e-08	2.44e-08	1.07e-38
 4.67394e+15	1.88e-12	4.40e-08	7.04e-05	7.31e-03	9.93e-01	9.20e-06	0.00e+00	1.62e-13	4.87e-13	8.12e-13	1.45e-08	2.95e-08	2.22e-38
 4.85886e+15	2.33e-12	5.44e-08	8.22e-05	7.98e-03	9.92e-01	8.53e-06	0.00e+00	2.01e-13	6.04e-13	1.01e-12	1.79e-08	3.65e-08	5.04e-38
 5.04059e+15	2.86e-12	6.64e-08	9.51e-05	8.67e-03	9.91e-01	7.94e-06	0.00e+00	2.48e-13	7.45e-13	1.24e-12	2.19e-08	4.45e-08	1.09e-37
 5.21207e+15	3.44e-12	7.99e-08	1.09e-04	9.35e-03	9.91e-01	7.46e-06	0.00e+00	2.99e-13	8.96e-13	1.50e-12	2.63e-08	5.35e-08	2.19e-37
 5.40308e+15	4.22e-12	9.73e-08	1.26e-04	1.02e-02	9.90e-01	6.98e-06	0.00e+00	3.67e-13	1.10e-12	1.84e-12	3.21e-08	6.52e-08	4.64e-37
 5.58461e+15	5.07e-12	1.17e-07	1.43e-04	1.09e-02	9.89e-01	6.59e-06	0.00e+00	4.41e-13	1.32e-12	2.21e-12	3.84e-08	7.81e-08	9.11e-37
 5.71983e+15	5.74e-12	1.33e-07	1.58e-04	1.16e-02	9.88e-01	6.33e-06	0.00e+00	4.99e-13	1.50e-12	2.50e-12	4.38e-08	8.90e-08	1.49e-36
 5.85701e+15	6.59e-12	1.51e-07	1.73e-04	1.22e-02	9.88e-01	6.08e-06	0.00e+00	5.74e-13	1.72e-12	2.87e-12	5.00e-08	1.01e-07	2.42e-36
 6.03533e+15	7.86e-12	1.79e-07	1.96e-04	1.30e-02	9.87e-01	5.77e-06	0.00e+00	6.85e-13	2.06e-12	3.43e-12	5.90e-08	1.20e-07	4.50e-36
 6.22878e+15	9.40e-12	2.13e-07	2.22e-04	1.40e-02	9.86e-01	5.48e-06	0.00e+00	8.21e-13	2.46e-12	4.11e-12	7.03e-08	1.43e-07	8.59e-36
 6.40254e+15	1.10e-11	2.48e-07	2.48e-04	1.49e-02	9.85e-01	5.25e-06	0.00e+00	9.63e-13	2.89e-12	4.82e-12	8.20e-08	1.66e-07	1.50e-35
 6.58909e+15	1.30e-11	2.92e-07	2.78e-04	1.59e-02	9.84e-01	5.02e-06	0.00e+00	1.14e-12	3.42e-12	5.70e-12	9.64e-08	1.95e-07	2.72e-35
 6.82844e+15	1.61e-11	3.57e-07	3.22e-04	1.73e-02	9.82e-01	4.77e-06	0.00e+00	1.41e-12	4.24e-12	7.08e-12	1.18e-07	2.39e-07	5.65e-35
 7.06955e+15	1.97e-11	4.34e-07	3.70e-04	1.87e-02	9.81e-01	4.54e-06	0.00e+00	1.73e-12	5.19e-12	8.65e-12	1.43e-07	2.90e-07	1.14e-34
 7.26775e+15	2.32e-11	5.06e-07	4.14e-04	1.99e-02	9.80e-01	4.37e-06	0.00e+00	2.04e-12	6.11e-12	1.02e-11	1.67e-07	3.39e-07	1.96e-34
 7.47702e+15	2.76e-11	5.95e-07	4.65e-04	2.13e-02	9.78e-01	4.22e-06	0.00e+00	2.43e-12	7.28e-12	1.22e-11	1.97e-07	3.98e-07	3.50e-34
 7.74723e+15	3.43e-11	7.29e-07	5.37e-04	2.31e-02	9.76e-01	4.02e-06	0.00e+00	3.02e-12	9.06e-12	1.51e-11	2.41e-07	4.88e-07	7.01e-34
 8.02844e+15	4.25e-11	8.91e-07	6.21e-04	2.51e-02	9.74e-01	3.84e-06	0.00e+00	3.74e-12	1.12e-11	1.87e-11	2.95e-07	5.96e-07	1.41e-33
 8.27045e+15	5.10e-11	1.06e-06	7.02e-04	2.69e-02	9.72e-01	3.72e-06	0.00e+00	4.49e-12	1.35e-11	2.25e-11	3.49e-07	7.06e-07	2.50e-33
 8.52972e+15	6.21e-11	1.26e-06	7.98e-04	2.89e-02	9.70e-01	3.60e-06	0.00e+00	5.48e-12	1.64e-11	2.74e-11	4.18e-07	8.45e-07	4.63e-33
 8.84980e+15	7.80e-11	1.56e-06	9.29e-04	3.15e-02	9.68e-01	3.45e-06	0.00e+00	6.89e-12	2.07e-11	3.45e-11	5.17e-07	1.04e-06	9.56e-33
 9.16717e+15	9.68e-11	1.91e-06	1.07e-03	3.42e-02	9.65e-01	3.33e-06	0.00e+00	8.56e-12	2.57e-11	4.29e-11	6.32e-07	1.28e-06	1.86e-32
 9.43712e+15	1.17e-10	2.25e-06	1.21e-03	3.66e-02	9.62e-01	3.25e-06	0.00e+00	1.03e-11	3.10e-11	5.17e-11	7.47e-07	1.51e-06	3.21e-32
 9.72717e+15	1.43e-10	2.70e-06	1.38e-03	3.94e-02	9.59e-01	3.16e-06	0.00e+00	1.26e-11	3.79e-11	6.33e-11	8.94e-07	1.80e-06	5.80e-32
 1.00506e+16	1.74e-10	3.26e-06	1.58e-03	4.26e-02	9.56e-01	3.07e-06	0.00e+00	1.55e-11	4.65e-11	7.75e-11	1.08e-06	2.18e-06	1.07e-31
 1.03557e+16	2.11e-10	3.88e-06	1.80e-03	4.58e-02	9.52e-01	2.99e-06	0.00e+00	1.88e-11	5.64e-11	9.40e-11	1.28e-06	2.59e-06	1.86e-31
 1.06221e+16	2.51e-10	4.50e-06	2.01e-03	4.87e-02	9.49e-01	2.94e-06	0.00e+00	2.24e-11	6.71e-11	1.12e-10	1.49e-06	3.01e-06	2.94e-31
 1.09002e+16	2.96e-10	5.25e-06	2.25e-03	5.19e-02	9.46e-01	2.87e-06	0.00e+00	2.63e-11	7.90e-11	1.32e-10	1.74e-06	3.51e-06	4.86e-31
 1.12049e+16	3.56e-10	6.17e-06	2.53e-03	5.56e-02	9.42e-01	2.81e-06	0.00e+00	3.17e-11	9.52e-11	1.59e-10	2.05e-06	4.13e-06	8.01e-31
 1.14884e+16	4.24e-10	7.17e-06	2.83e-03	5.92e-02	9.38e-01	2.77e-06	0.00e+00	3.78e-11	1.13e-10	1.89e-10	2.38e-06	4.79e-06	1.26e-30
 1.18009e+16	5.10e-10	8.45e-06	3.19e-03	6.34e-02	9.33e-01	2.71e-06	0.00e+00	4.55e-11	1.36e-10	2.28e-10	2.81e-06	5.65e-06	2.12e-30
 1.21387e+16	6.20e-10	1.00e-05	3.63e-03	6.81e-02	9.28e-01	2.67e-06	0.00e+00	5.54e-11	1.66e-10	2.77e-10	3.33e-06	6.69e-06	3.51e-30
 1.24482e+16	7.43e-10	1.17e-05	4.07e-03	7.26e-02	9.23e-01	2.63e-06	0.00e+00	6.64e-11	1.99e-10	3.32e-10	3.88e-06	7.80e-06	5.51e-30
 1.27896e+16	8.99e-10	1.39e-05	4.62e-03	7.80e-02	9.17e-01	2.58e-06	0.00e+00	8.05e-11	2.42e-10	4.03e-10	4.61e-06	9.27e-06	9.27e-30
 1.31609e+16	1.11e-09	1.66e-05	5.29e-03	8.42e-02	9.10e-01	2.54e-06	0.00e+00	9.96e-11	2.99e-10	4.98e-10	5.51e-06	1.11e-05	1.55e-29
 1.35046e+16	1.34e-09	1.95e-05	5.99e-03	9.01e-02	9.04e-01	2.50e-06	0.00e+00	1.20e-10	3.60e-10	6.01e-10	6.48e-06	1.30e-05	2.46e-29
 1.38268e+16	1.59e-09	2.27e-05	6.72e-03	9.61e-02	8.97e-01	2.46e-06	0.00e+00	1.43e-10	4.29e-10	7.15e-10	7.53e-06	1.51e-05	3.78e-29
 1.41877e+16	1.96e-09	2.70e-05	7.67e-03	1.03e-01	8.89e-01	2.43e-06	0.00e+00	1.76e-10	5.28e-10	8.81e-10	8.98e-06	1.80e-05	6.29e-29
 1.45740e+16	2.43e-09	3.23e-05	8.80e-03	1.12e-01	8.80e-01	2.40e-06	0.00e+00	2.19e-10	6.58e-10	1.10e-09	1.07e-05	2.16e-05	1.03e-28
 1.49125e+16	2.93e-09	3.77e-05	9.92e-03	1.19e-01	8.71e-01	2.38e-06	0.00e+00	2.65e-10	7.93e-10	1.32e-09	1.25e-05	2.52e-05	1.56e-28
 1.52720e+16	3.57e-09	4.48e-05	1.13e-02	1.28e-01	8.61e-01	2.35e-06	0.00e+00	3.23e-10	9.67e-10	1.61e-09	1.49e-05	2.99e-05	2.53e-28
 1.56623e+16	4.47e-09	5.37e-05	1.30e-02	1.38e-01	8.49e-01	2.32e-06	0.00e+00	4.04e-10	1.21e-09	2.02e-09	1.78e-05	3.58e-05	4.14e-28
 1.60099e+16	5.44e-09	6.29e-05	1.48e-02	1.48e-01	8.38e-01	2.31e-06	0.00e+00	4.92e-10	1.47e-09	2.46e-09	2.09e-05	4.20e-05	6.29e-28
 1.63119e+16	6.44e-09	7.24e-05	1.65e-02	1.56e-01	8.27e-01	2.30e-06	0.00e+00	5.83e-10	1.75e-09	2.92e-09	2.41e-05	4.83e-05	9.12e-28
 1.66375e+16	7.76e-09	8.48e-05	1.87e-02	1.67e-01	8.14e-01	2.28e-06	0.00e+00	7.03e-10	2.11e-09	3.52e-09	2.82e-05	5.66e-05	1.40e-27
 1.69891e+16	9.57e-09	1.01e-04	2.14e-02	1.79e-01	8.00e-01	2.27e-06	0.00e+00	8.69e-10	2.61e-09	4.34e-09	3.35e-05	6.71e-05	2.21e-27
 1.72969e+16	1.15e-08	1.16e-04	2.40e-02	1.90e-01	7.86e-01	2.27e-06	0.00e+00	1.04e-09	3.13e-09	5.22e-09	3.88e-05	7.77e-05	3.24e-27
 1.75705e+16	1.36e-08	1.33e-04	2.67e-02	2.00e-01	7.73e-01	2.27e-06	0.00e+00	1.24e-09	3.72e-09	6.20e-09	4.44e-05	8.90e-05	4.62e-27
 1.78777e+16	1.65e-08	1.56e-04	3.03e-02	2.13e-01	7.56e-01	2.25e-06	0.00e+00	1.50e-09	4.49e-09	7.48e-09	5.20e-05	1.04e-04	7.05e-27
 1.82067e+16	2.04e-08	1.85e-04	3.47e-02	2.28e-01	7.37e-01	2.26e-06	0.00e+00	1.86e-09	5.58e-09	9.30e-09	6.17e-05	1.24e-04	1.11e-26
 1.84895e+16	2.47e-08	2.15e-04	3.90e-02	2.41e-01	7.20e-01	2.27e-06	0.00e+00	2.25e-09	6.74e-09	1.12e-08	7.15e-05	1.43e-04	1.63e-26
 1.87390e+16	2.89e-08	2.45e-04	4.33e-02	2.53e-01	7.03e-01	2.28e-06	0.00e+00	2.64e-09	7.91e-09	1.32e-08	8.15e-05	1.63e-04	2.28e-26
 1.90198e+16	3.57e-08	2.89e-04	4.92e-02	2.69e-01	6.81e-01	2.30e-06	0.00e+00	3.26e-09	9.77e-09	1.63e-08	9.63e-05	1.93e-04	3.64e-26
 1.93147e+16	4.36e-08	3.39e-04	5.61e-02	2.86e-01	6.58e-01	2.31e-06	0.00e+00	3.98e-09	1.19e-08	1.99e-08	1.13e-04	2.26e-04	5.46e-26
 1.95654e+16	5.23e-08	3.93e-04	6.30e-02	3.01e-01	6.36e-01	2.33e-06	0.00e+00	4.78e-09	1.43e-08	2.39e-08	1.31e-04	2.62e-04	8.10e-26
 1.97877e+16	6.31e-08	4.52e-04	7.01e-02	3.16e-01	6.13e-01	2.39e-06	5.65e-12	5.77e-09	1.73e-08	2.89e-08	1.50e-04	3.01e-04	1.20e-25
 2.00027e+16	7.43e-08	5.06e-04	7.76e-02	3.30e-01	5.92e-01	2.39e-06	0.00e+00	6.80e-09	2.04e-08	3.40e-08	1.69e-04	3.38e-04	1.60e-25
