#depth	N	N+	N+2	N+3	N+4	N+5	N+6	N+7
 1.49634e+10	0.00e+00	0.00e+00	5.73e-29	3.03e-19	2.91e-10	8.82e-01	1.18e-01	6.03e-06
 4.54887e+10	0.00e+00	2.70e-39	7.33e-29	3.58e-19	3.18e-10	8.90e-01	1.10e-01	5.18e-06
 7.72350e+10	0.00e+00	0.00e+00	9.36e-29	4.23e-19	3.47e-10	8.98e-01	1.02e-01	4.45e-06
 1.10251e+11	0.00e+00	5.16e-39	1.20e-28	5.00e-19	3.79e-10	9.05e-01	9.47e-02	3.82e-06
 1.43902e+11	0.00e+00	0.00e+00	1.52e-28	5.88e-19	4.12e-10	9.12e-01	8.81e-02	3.28e-06
 1.78899e+11	0.00e+00	9.72e-39	1.93e-28	6.91e-19	4.49e-10	9.18e-01	8.18e-02	2.82e-06
 2.15982e+11	0.00e+00	0.00e+00	2.46e-28	8.15e-19	4.89e-10	9.24e-01	7.58e-02	2.42e-06
 2.54548e+11	0.00e+00	1.85e-38	3.14e-28	9.61e-19	5.32e-10	9.30e-01	7.02e-02	2.07e-06
 2.94656e+11	0.00e+00	0.00e+00	4.01e-28	1.13e-18	5.79e-10	9.35e-01	6.50e-02	1.77e-06
 3.36369e+11	0.00e+00	3.53e-38	5.11e-28	1.33e-18	6.31e-10	9.40e-01	6.01e-02	1.51e-06
 3.79751e+11	0.00e+00	0.00e+00	6.52e-28	1.57e-18	6.86e-10	9.44e-01	5.56e-02	1.29e-06
 4.24868e+11	0.00e+00	6.72e-38	8.31e-28	1.85e-18	7.46e-10	9.49e-01	5.14e-02	1.10e-06
 4.71789e+11	0.00e+00	0.00e+00	1.06e-27	2.18e-18	8.11e-10	9.53e-01	4.75e-02	9.41e-07
 5.20588e+11	0.00e+00	1.28e-37	1.35e-27	2.57e-18	8.82e-10	9.56e-01	4.39e-02	0.00e+00
 5.71338e+11	0.00e+00	0.00e+00	1.72e-27	3.02e-18	9.59e-10	9.60e-01	4.05e-02	0.00e+00
 6.20916e+11	0.00e+00	2.39e-37	2.16e-27	3.52e-18	1.04e-09	9.62e-01	3.75e-02	0.00e+00
 6.66588e+11	0.00e+00	0.00e+00	2.64e-27	4.03e-18	1.11e-09	9.65e-01	3.51e-02	0.00e+00
 7.17110e+11	0.00e+00	4.17e-37	3.29e-27	4.67e-18	1.20e-09	9.67e-01	3.26e-02	0.00e+00
 7.75544e+11	0.00e+00	0.00e+00	4.19e-27	5.49e-18	1.30e-09	9.70e-01	3.01e-02	0.00e+00
 8.33056e+11	0.00e+00	7.78e-37	5.26e-27	6.41e-18	1.41e-09	9.72e-01	2.79e-02	0.00e+00
 8.92869e+11	0.00e+00	0.00e+00	6.62e-27	7.48e-18	1.52e-09	9.74e-01	2.58e-02	0.00e+00
 9.58511e+11	0.00e+00	1.46e-36	8.45e-27	8.80e-18	1.65e-09	9.76e-01	2.37e-02	0.00e+00
 1.02491e+12	3.91e-47	2.00e-36	1.07e-26	1.03e-17	1.79e-09	9.78e-01	2.19e-02	0.00e+00
 1.09396e+12	0.00e+00	0.00e+00	1.36e-26	1.21e-17	1.94e-09	9.80e-01	2.02e-02	0.00e+00
 1.16764e+12	0.00e+00	3.78e-36	1.73e-26	1.43e-17	2.11e-09	9.81e-01	1.86e-02	0.00e+00
 1.24427e+12	1.30e-46	5.23e-36	2.21e-26	1.68e-17	2.29e-09	9.83e-01	1.71e-02	0.00e+00
 1.32397e+12	0.00e+00	0.00e+00	2.82e-26	1.98e-17	2.49e-09	9.84e-01	1.58e-02	0.00e+00
 1.40686e+12	0.00e+00	1.00e-35	3.60e-26	2.33e-17	2.71e-09	9.86e-01	1.45e-02	0.00e+00
 1.49306e+12	4.39e-46	1.39e-35	4.61e-26	2.75e-17	2.94e-09	9.87e-01	1.33e-02	0.00e+00
 1.58271e+12	0.00e+00	0.00e+00	5.89e-26	3.24e-17	3.20e-09	9.88e-01	1.23e-02	0.00e+00
 1.67594e+12	0.00e+00	2.66e-35	7.53e-26	3.83e-17	3.48e-09	9.89e-01	1.13e-02	0.00e+00
 1.76357e+12	1.44e-45	3.58e-35	9.41e-26	4.45e-17	3.75e-09	9.90e-01	1.04e-02	0.00e+00
 1.84185e+12	0.00e+00	0.00e+00	1.14e-25	5.06e-17	4.00e-09	9.90e-01	9.77e-03	0.00e+00
 1.92967e+12	0.00e+00	6.12e-35	1.41e-25	5.84e-17	4.30e-09	9.91e-01	9.09e-03	0.00e+00
 2.03386e+12	4.19e-45	8.43e-35	1.80e-25	6.87e-17	4.67e-09	9.92e-01	8.37e-03	0.00e+00
 2.13816e+12	0.00e+00	0.00e+00	2.27e-25	8.04e-17	5.05e-09	9.92e-01	7.73e-03	0.00e+00
 2.23592e+12	0.00e+00	1.52e-34	2.80e-25	9.26e-17	5.43e-09	9.93e-01	7.19e-03	0.00e+00
 2.34457e+12	1.27e-44	2.06e-34	3.52e-25	1.08e-16	5.87e-09	9.93e-01	6.65e-03	0.00e+00
 2.46828e+12	0.00e+00	2.86e-34	4.52e-25	1.28e-16	6.39e-09	9.94e-01	6.10e-03	0.00e+00
 2.59129e+12	2.87e-44	3.94e-34	5.75e-25	1.51e-16	6.94e-09	9.94e-01	5.62e-03	0.00e+00
 2.71921e+12	0.00e+00	5.42e-34	7.32e-25	1.77e-16	7.53e-09	9.95e-01	5.17e-03	0.00e+00
 2.85791e+12	6.48e-44	7.57e-34	9.43e-25	2.10e-16	8.22e-09	9.95e-01	4.74e-03	0.00e+00
 3.00215e+12	0.00e+00	1.06e-33	1.21e-24	2.49e-16	8.96e-09	9.96e-01	4.35e-03	0.00e+00
 3.13797e+12	1.44e-43	1.43e-33	1.53e-24	2.91e-16	9.69e-09	9.96e-01	4.02e-03	0.00e+00
 3.25979e+12	0.00e+00	1.87e-33	1.87e-24	3.34e-16	1.04e-08	9.96e-01	3.75e-03	0.00e+00
 3.39674e+12	2.87e-43	2.50e-33	2.33e-24	3.87e-16	1.12e-08	9.97e-01	3.48e-03	0.00e+00
 3.55859e+12	0.00e+00	3.47e-33	2.99e-24	4.59e-16	1.22e-08	9.97e-01	3.19e-03	0.00e+00
 3.72013e+12	6.41e-43	4.76e-33	3.80e-24	5.40e-16	1.33e-08	9.97e-01	2.94e-03	0.00e+00
 3.87204e+12	0.00e+00	6.37e-33	4.73e-24	6.28e-16	1.43e-08	9.97e-01	2.73e-03	0.00e+00
 4.04075e+12	1.35e-42	8.69e-33	6.00e-24	7.37e-16	1.55e-08	9.97e-01	2.51e-03	0.00e+00
 4.23230e+12	0.00e+00	1.22e-32	7.77e-24	8.80e-16	1.70e-08	9.98e-01	2.30e-03	0.00e+00
 4.42134e+12	3.10e-42	1.69e-32	9.94e-24	1.04e-15	1.85e-08	9.98e-01	2.11e-03	0.00e+00
 4.61793e+12	0.00e+00	2.34e-32	1.27e-23	1.23e-15	2.02e-08	9.98e-01	1.94e-03	0.00e+00
 4.83257e+12	7.09e-42	3.29e-32	1.65e-23	1.47e-15	2.21e-08	9.98e-01	1.77e-03	0.00e+00
 5.04896e+12	0.00e+00	4.58e-32	2.13e-23	1.76e-15	2.42e-08	9.98e-01	1.62e-03	0.00e+00
 5.27400e+12	1.62e-41	6.39e-32	2.75e-23	2.09e-15	2.64e-08	9.99e-01	1.48e-03	0.00e+00
 5.50567e+12	0.00e+00	8.89e-32	3.54e-23	2.49e-15	2.89e-08	9.99e-01	1.35e-03	0.00e+00
 5.73216e+12	3.58e-41	1.21e-31	4.49e-23	2.94e-15	3.15e-08	9.99e-01	1.25e-03	0.00e+00
 5.97694e+12	0.00e+00	1.68e-31	5.77e-23	3.49e-15	3.44e-08	9.99e-01	1.14e-03	0.00e+00
 6.24594e+12	8.18e-41	2.36e-31	7.51e-23	4.19e-15	3.78e-08	9.99e-01	1.04e-03	0.00e+00
 6.52571e+12	0.00e+00	3.33e-31	9.77e-23	5.03e-15	4.16e-08	9.99e-01	9.47e-04	0.00e+00
 6.81666e+12	1.90e-40	4.69e-31	1.27e-22	6.05e-15	4.58e-08	9.99e-01	8.61e-04	0.00e+00
 7.11925e+12	0.00e+00	6.59e-31	1.66e-22	7.28e-15	5.04e-08	9.99e-01	7.84e-04	0.00e+00
 7.39266e+12	4.18e-40	8.86e-31	2.09e-22	8.55e-15	5.48e-08	9.99e-01	7.21e-04	0.00e+00
 7.62001e+12	0.00e+00	1.12e-30	2.51e-22	9.74e-15	5.86e-08	9.99e-01	6.75e-04	0.00e+00
 7.86890e+12	7.64e-40	1.45e-30	3.05e-22	1.12e-14	6.30e-08	9.99e-01	6.29e-04	0.00e+00
 8.18473e+12	0.00e+00	1.97e-30	3.89e-22	1.33e-14	6.89e-08	9.99e-01	5.76e-04	0.00e+00
 8.51434e+12	1.63e-39	2.69e-30	4.95e-22	1.57e-14	7.54e-08	9.99e-01	5.27e-04	0.00e+00
 8.80569e+12	0.00e+00	3.50e-30	6.09e-22	1.82e-14	8.15e-08	1.00e+00	4.88e-04	0.00e+00
 9.07752e+12	3.02e-39	4.44e-30	7.33e-22	2.08e-14	8.74e-08	1.00e+00	4.56e-04	0.00e+00
 9.38789e+12	0.00e+00	5.78e-30	9.01e-22	2.41e-14	9.44e-08	1.00e+00	4.22e-04	0.00e+00
 9.76955e+12	6.07e-39	7.88e-30	1.15e-21	2.87e-14	1.04e-07	1.00e+00	3.86e-04	0.00e+00
 1.01499e+13	0.00e+00	1.06e-29	1.45e-21	3.39e-14	1.13e-07	1.00e+00	3.54e-04	0.00e+00
 1.04800e+13	1.18e-38	1.36e-29	1.76e-21	3.90e-14	1.22e-07	1.00e+00	3.29e-04	0.00e+00
 1.08390e+13	0.00e+00	1.76e-29	2.16e-21	4.51e-14	1.32e-07	1.00e+00	3.04e-04	0.00e+00
 1.12777e+13	2.33e-38	2.38e-29	2.75e-21	5.37e-14	1.45e-07	1.00e+00	2.78e-04	0.00e+00
 1.17259e+13	0.00e+00	3.21e-29	3.48e-21	6.36e-14	1.58e-07	1.00e+00	2.54e-04	0.00e+00
 1.21372e+13	4.60e-38	4.17e-29	4.28e-21	7.39e-14	1.72e-07	1.00e+00	2.35e-04	0.00e+00
 1.25944e+13	0.00e+00	5.52e-29	5.35e-21	8.67e-14	1.87e-07	1.00e+00	2.16e-04	0.00e+00
 1.31249e+13	9.40e-38	7.53e-29	6.84e-21	1.04e-13	2.06e-07	1.00e+00	1.97e-04	0.00e+00
 1.36483e+13	0.00e+00	1.01e-28	8.63e-21	1.23e-13	2.25e-07	1.00e+00	1.80e-04	0.00e+00
 1.41491e+13	1.86e-37	1.32e-28	1.07e-20	1.43e-13	2.45e-07	1.00e+00	1.66e-04	0.00e+00
 1.47015e+13	0.00e+00	1.76e-28	1.34e-20	1.69e-13	2.67e-07	1.00e+00	1.52e-04	0.00e+00
 1.53195e+13	3.81e-37	2.39e-28	1.71e-20	2.01e-13	2.94e-07	1.00e+00	1.39e-04	0.00e+00
 1.59417e+13	0.00e+00	3.21e-28	2.16e-20	2.38e-13	3.21e-07	1.00e+00	1.27e-04	0.00e+00
 1.65008e+13	7.42e-37	4.15e-28	2.64e-20	2.75e-13	3.48e-07	1.00e+00	1.17e-04	0.00e+00
 1.69751e+13	0.00e+00	5.11e-28	3.12e-20	3.10e-13	3.71e-07	1.00e+00	1.10e-04	0.00e+00
 1.74867e+13	1.25e-36	6.37e-28	3.71e-20	3.52e-13	3.96e-07	1.00e+00	1.03e-04	0.00e+00
 1.81463e+13	0.00e+00	8.37e-28	4.61e-20	4.11e-13	4.31e-07	1.00e+00	9.50e-05	0.00e+00
 1.88337e+13	2.42e-36	1.10e-27	5.72e-20	4.80e-13	4.69e-07	1.00e+00	8.75e-05	0.00e+00
 1.94252e+13	0.00e+00	1.38e-27	6.84e-20	5.47e-13	5.02e-07	1.00e+00	8.17e-05	0.00e+00
 2.00569e+13	4.25e-36	1.75e-27	8.24e-20	6.24e-13	5.39e-07	1.00e+00	7.61e-05	0.00e+00
 2.08372e+13	0.00e+00	2.32e-27	1.03e-19	7.32e-13	5.87e-07	1.00e+00	7.00e-05	0.00e+00
 2.16369e+13	8.37e-36	3.06e-27	1.28e-19	8.56e-13	6.39e-07	1.00e+00	6.44e-05	0.00e+00
 2.23601e+13	0.00e+00	3.89e-27	1.55e-19	9.81e-13	6.87e-07	1.00e+00	6.00e-05	0.00e+00
 2.30495e+13	1.47e-35	4.86e-27	1.85e-19	1.11e-12	7.35e-07	1.00e+00	5.61e-05	0.00e+00
 2.38382e+13	0.00e+00	6.23e-27	2.24e-19	1.28e-12	7.91e-07	1.00e+00	5.21e-05	0.00e+00
 2.47188e+13	2.75e-35	8.14e-27	2.76e-19	1.48e-12	8.57e-07	1.00e+00	4.82e-05	0.00e+00
 2.55456e+13	0.00e+00	1.04e-26	3.34e-19	1.70e-12	9.22e-07	1.00e+00	4.48e-05	0.00e+00
 2.64469e+13	5.05e-35	1.34e-26	4.09e-19	1.96e-12	9.95e-07	1.00e+00	4.16e-05	0.00e+00
 2.74470e+13	0.00e+00	1.76e-26	5.06e-19	2.28e-12	1.08e-06	1.00e+00	3.84e-05	0.00e+00
 2.83788e+13	9.51e-35	2.25e-26	6.14e-19	2.62e-12	1.16e-06	1.00e+00	3.57e-05	0.00e+00
 2.93937e+13	0.00e+00	2.92e-26	7.52e-19	3.02e-12	1.25e-06	1.00e+00	3.31e-05	0.00e+00
 3.05265e+13	1.83e-34	3.85e-26	9.36e-19	3.53e-12	1.36e-06	1.00e+00	3.05e-05	0.00e+00
 3.15923e+13	2.50e-34	4.97e-26	1.14e-18	4.06e-12	1.46e-06	1.00e+00	2.84e-05	0.00e+00
 3.27557e+13	3.47e-34	6.50e-26	1.41e-18	4.70e-12	1.58e-06	1.00e+00	2.63e-05	0.00e+00
 3.40549e+13	4.94e-34	8.66e-26	1.76e-18	5.51e-12	1.72e-06	1.00e+00	2.42e-05	0.00e+00
 3.52834e+13	6.81e-34	1.13e-25	2.16e-18	6.36e-12	1.86e-06	1.00e+00	2.24e-05	0.00e+00
 3.66020e+13	9.52e-34	1.48e-25	2.67e-18	7.39e-12	2.01e-06	1.00e+00	2.07e-05	0.00e+00
 3.80960e+13	1.37e-33	2.00e-25	3.37e-18	8.69e-12	2.19e-06	1.00e+00	1.90e-05	0.00e+00
 3.95676e+13	1.94e-33	2.65e-25	4.20e-18	1.01e-11	2.38e-06	1.00e+00	1.76e-05	0.00e+00
 4.10980e+13	2.75e-33	3.52e-25	5.23e-18	1.18e-11	2.57e-06	1.00e+00	1.62e-05	0.00e+00
 4.27718e+13	3.97e-33	4.74e-25	6.60e-18	1.39e-11	2.80e-06	1.00e+00	1.49e-05	0.00e+00
 4.44752e+13	5.69e-33	6.36e-25	8.28e-18	1.62e-11	3.04e-06	1.00e+00	1.37e-05	0.00e+00
 4.62466e+13	8.17e-33	8.54e-25	1.04e-17	1.90e-11	3.31e-06	1.00e+00	1.27e-05	0.00e+00
 4.81264e+13	1.18e-32	1.15e-24	1.31e-17	2.23e-11	3.60e-06	1.00e+00	1.16e-05	0.00e+00
 4.99175e+13	1.66e-32	1.52e-24	1.62e-17	2.59e-11	3.88e-06	1.00e+00	1.08e-05	0.00e+00
 5.15530e+13	2.24e-32	1.94e-24	1.96e-17	2.95e-11	4.15e-06	1.00e+00	1.01e-05	0.00e+00
 5.30973e+13	2.96e-32	2.43e-24	2.32e-17	3.32e-11	4.42e-06	1.00e+00	9.48e-06	0.00e+00
 5.48027e+13	3.99e-32	3.09e-24	2.80e-17	3.76e-11	4.72e-06	1.00e+00	8.89e-06	0.00e+00
 5.67141e+13	5.49e-32	4.01e-24	3.42e-17	4.32e-11	5.07e-06	1.00e+00	8.27e-06	0.00e+00
 5.85218e+13	7.39e-32	5.10e-24	4.11e-17	4.90e-11	5.41e-06	1.00e+00	7.76e-06	0.00e+00
 6.05000e+13	1.01e-31	6.58e-24	4.99e-17	5.60e-11	5.79e-06	1.00e+00	7.24e-06	0.00e+00
 6.27190e+13	1.42e-31	8.67e-24	6.16e-17	6.47e-11	6.24e-06	1.00e+00	6.72e-06	0.00e+00
 6.47780e+13	1.94e-31	1.11e-23	7.45e-17	7.36e-11	6.67e-06	1.00e+00	6.30e-06	0.00e+00
 6.66908e+13	2.56e-31	1.39e-23	8.84e-17	8.27e-11	7.08e-06	1.00e+00	5.93e-06	0.00e+00
 6.88861e+13	3.49e-31	1.79e-23	1.07e-16	9.41e-11	7.56e-06	1.00e+00	5.55e-06	0.00e+00
 7.15444e+13	5.01e-31	2.39e-23	1.34e-16	1.10e-10	8.18e-06	1.00e+00	5.14e-06	0.00e+00
 7.41614e+13	7.08e-31	3.16e-23	1.65e-16	1.26e-10	8.80e-06	1.00e+00	4.78e-06	0.00e+00
 7.64539e+13	9.50e-31	4.01e-23	1.98e-16	1.43e-10	9.36e-06	1.00e+00	4.49e-06	0.00e+00
 7.89678e+13	1.30e-30	5.15e-23	2.39e-16	1.62e-10	9.99e-06	1.00e+00	4.21e-06	0.00e+00
 8.20114e+13	1.87e-30	6.91e-23	2.99e-16	1.89e-10	1.08e-05	1.00e+00	3.89e-06	0.00e+00
 8.50642e+13	2.67e-30	9.20e-23	3.71e-16	2.19e-10	1.16e-05	1.00e+00	3.62e-06	0.00e+00
 8.78241e+13	3.64e-30	1.18e-22	4.48e-16	2.48e-10	1.24e-05	1.00e+00	3.39e-06	0.00e+00
 9.08831e+13	5.09e-30	1.54e-22	5.49e-16	2.85e-10	1.33e-05	1.00e+00	3.17e-06	0.00e+00
 9.44793e+13	7.42e-30	2.09e-22	6.91e-16	3.32e-10	1.44e-05	1.00e+00	2.93e-06	0.00e+00
 9.80309e+13	1.06e-29	2.80e-22	8.60e-16	3.85e-10	1.55e-05	1.00e+00	2.72e-06	0.00e+00
 1.01354e+14	1.48e-29	3.63e-22	1.05e-15	4.39e-10	1.65e-05	1.00e+00	2.54e-06	0.00e+00
 1.05067e+14	2.10e-29	4.82e-22	1.30e-15	5.07e-10	1.78e-05	1.00e+00	2.36e-06	0.00e+00
 1.09299e+14	3.09e-29	6.58e-22	1.64e-15	5.94e-10	1.93e-05	1.00e+00	2.18e-06	0.00e+00
 1.13503e+14	4.48e-29	8.86e-22	2.05e-15	6.90e-10	2.08e-05	1.00e+00	2.02e-06	0.00e+00
 1.17875e+14	6.50e-29	1.19e-21	2.57e-15	8.02e-10	2.24e-05	1.00e+00	1.88e-06	0.00e+00
 1.22620e+14	9.57e-29	1.63e-21	3.25e-15	9.39e-10	2.43e-05	1.00e+00	1.73e-06	0.00e+00
 1.27554e+14	1.41e-28	2.22e-21	4.10e-15	1.10e-09	2.63e-05	1.00e+00	1.60e-06	0.00e+00
 1.32334e+14	2.02e-28	2.97e-21	5.10e-15	1.27e-09	2.83e-05	1.00e+00	1.49e-06	0.00e+00
 1.36830e+14	2.81e-28	3.86e-21	6.23e-15	1.45e-09	3.02e-05	1.00e+00	1.39e-06	0.00e+00
 1.41858e+14	4.00e-28	5.13e-21	7.71e-15	1.68e-09	3.25e-05	1.00e+00	1.29e-06	0.00e+00
 1.46926e+14	5.64e-28	6.76e-21	9.50e-15	1.93e-09	3.49e-05	1.00e+00	1.20e-06	0.00e+00
 1.51134e+14	7.44e-28	8.45e-21	1.12e-14	2.16e-09	3.70e-05	1.00e+00	1.14e-06	0.00e+00
 1.55589e+14	9.88e-28	1.06e-20	1.34e-14	2.43e-09	3.92e-05	1.00e+00	1.07e-06	0.00e+00
 1.61284e+14	1.40e-27	1.41e-20	1.65e-14	2.80e-09	4.22e-05	1.00e+00	9.98e-07	0.00e+00
 1.67258e+14	2.00e-27	1.87e-20	2.05e-14	3.24e-09	4.54e-05	1.00e+00	0.00e+00	0.00e+00
 1.72535e+14	2.71e-27	2.39e-20	2.47e-14	3.67e-09	4.83e-05	1.00e+00	0.00e+00	0.00e+00
 1.78238e+14	3.71e-27	3.08e-20	2.99e-14	4.18e-09	5.17e-05	1.00e+00	0.00e+00	0.00e+00
 1.85106e+14	5.36e-27	4.13e-20	3.74e-14	4.87e-09	5.58e-05	1.00e+00	0.00e+00	0.00e+00
 1.92075e+14	7.67e-27	5.52e-20	4.66e-14	5.65e-09	6.02e-05	1.00e+00	0.00e+00	0.00e+00
 1.98596e+14	1.06e-26	7.16e-20	5.68e-14	6.46e-09	6.44e-05	1.00e+00	0.00e+00	0.00e+00
 2.05842e+14	1.50e-26	9.47e-20	7.03e-14	7.46e-09	6.94e-05	1.00e+00	0.00e+00	0.00e+00
 2.13534e+14	2.14e-26	1.26e-19	8.74e-14	8.64e-09	7.48e-05	1.00e+00	0.00e+00	0.00e+00
 2.20372e+14	2.90e-26	1.61e-19	1.05e-13	9.80e-09	7.98e-05	1.00e+00	0.00e+00	0.00e+00
 2.27724e+14	3.98e-26	2.08e-19	1.28e-13	1.12e-08	8.54e-05	1.00e+00	0.00e+00	0.00e+00
 2.36532e+14	5.73e-26	2.80e-19	1.60e-13	1.30e-08	9.23e-05	1.00e+00	0.00e+00	0.00e+00
 2.45199e+14	8.11e-26	3.70e-19	1.98e-13	1.51e-08	9.94e-05	1.00e+00	0.00e+00	0.00e+00
 2.52918e+14	1.09e-25	4.71e-19	2.38e-13	1.71e-08	1.06e-04	1.00e+00	0.00e+00	0.00e+00
 2.61437e+14	1.50e-25	6.09e-19	2.90e-13	1.95e-08	1.13e-04	1.00e+00	0.00e+00	0.00e+00
 2.71593e+14	2.17e-25	8.19e-19	3.64e-13	2.27e-08	1.23e-04	1.00e+00	0.00e+00	0.00e+00
 2.81668e+14	3.08e-25	1.09e-18	4.51e-13	2.63e-08	1.32e-04	1.00e+00	0.00e+00	0.00e+00
 2.90872e+14	4.20e-25	1.40e-18	5.46e-13	2.99e-08	1.41e-04	1.00e+00	0.00e+00	0.00e+00
 3.01150e+14	5.85e-25	1.83e-18	6.71e-13	3.44e-08	1.52e-04	1.00e+00	0.00e+00	0.00e+00
 3.13113e+14	8.50e-25	2.47e-18	8.45e-13	4.03e-08	1.65e-04	1.00e+00	0.00e+00	0.00e+00
 3.24867e+14	1.21e-24	3.29e-18	1.05e-12	4.67e-08	1.78e-04	1.00e+00	0.00e+00	0.00e+00
 3.35979e+14	1.68e-24	4.28e-18	1.28e-12	5.34e-08	1.90e-04	1.00e+00	0.00e+00	0.00e+00
 3.48337e+14	2.37e-24	5.66e-18	1.59e-12	6.18e-08	2.05e-04	1.00e+00	0.00e+00	0.00e+00
 3.62300e+14	3.46e-24	7.67e-18	2.00e-12	7.24e-08	2.23e-04	1.00e+00	0.00e+00	0.00e+00
 3.75538e+14	4.90e-24	1.02e-17	2.48e-12	8.36e-08	2.40e-04	1.00e+00	0.00e+00	0.00e+00
 3.87580e+14	6.64e-24	1.30e-17	2.99e-12	9.49e-08	2.56e-04	1.00e+00	0.00e+00	0.00e+00
 4.01204e+14	9.26e-24	1.70e-17	3.67e-12	1.09e-07	2.74e-04	1.00e+00	0.00e+00	0.00e+00
 4.17097e+14	1.35e-23	2.30e-17	4.62e-12	1.27e-07	2.97e-04	1.00e+00	0.00e+00	0.00e+00
 4.32353e+14	1.91e-23	3.04e-17	5.72e-12	1.47e-07	3.20e-04	1.00e+00	0.00e+00	0.00e+00
 4.46151e+14	2.59e-23	3.89e-17	6.89e-12	1.67e-07	3.41e-04	1.00e+00	0.00e+00	0.00e+00
 4.59138e+14	3.41e-23	4.86e-17	8.17e-12	1.87e-07	3.62e-04	1.00e+00	0.00e+00	0.00e+00
 4.73519e+14	4.60e-23	6.19e-17	9.81e-12	2.12e-07	3.85e-04	1.00e+00	0.00e+00	0.00e+00
 4.89598e+14	6.36e-23	8.03e-17	1.20e-11	2.42e-07	4.12e-04	1.00e+00	0.00e+00	0.00e+00
 5.04790e+14	8.56e-23	1.02e-16	1.43e-11	2.74e-07	4.39e-04	1.00e+00	0.00e+00	0.00e+00
 5.21448e+14	1.17e-22	1.31e-16	1.74e-11	3.12e-07	4.69e-04	1.00e+00	0.00e+00	0.00e+00
 5.40097e+14	1.65e-22	1.73e-16	2.14e-11	3.59e-07	5.04e-04	9.99e-01	0.00e+00	0.00e+00
 5.57696e+14	2.25e-22	2.22e-16	2.59e-11	4.08e-07	5.38e-04	9.99e-01	0.00e+00	0.00e+00
 5.76934e+14	3.13e-22	2.90e-16	3.17e-11	4.67e-07	5.76e-04	9.99e-01	0.00e+00	0.00e+00
 5.98203e+14	4.46e-22	3.85e-16	3.93e-11	5.40e-07	6.21e-04	9.99e-01	0.00e+00	0.00e+00
 6.17842e+14	6.10e-22	4.96e-16	4.76e-11	6.14e-07	6.63e-04	9.99e-01	0.00e+00	0.00e+00
 6.39104e+14	8.47e-22	6.46e-16	5.81e-11	7.04e-07	7.10e-04	9.99e-01	0.00e+00	0.00e+00
 6.62867e+14	1.21e-21	8.60e-16	7.22e-11	8.14e-07	7.65e-04	9.99e-01	0.00e+00	0.00e+00
 6.85190e+14	1.67e-21	1.11e-15	8.79e-11	9.30e-07	8.18e-04	9.99e-01	0.00e+00	0.00e+00
 7.09519e+14	2.34e-21	1.46e-15	1.08e-10	1.07e-06	8.79e-04	9.99e-01	0.00e+00	0.00e+00
 7.36576e+14	3.35e-21	1.96e-15	1.35e-10	1.24e-06	9.49e-04	9.99e-01	0.00e+00	0.00e+00
 7.61853e+14	4.65e-21	2.55e-15	1.65e-10	1.42e-06	1.02e-03	9.99e-01	0.00e+00	0.00e+00
 7.89316e+14	6.53e-21	3.35e-15	2.03e-10	1.64e-06	1.09e-03	9.99e-01	0.00e+00	0.00e+00
 8.20042e+14	9.43e-21	4.51e-15	2.55e-10	1.91e-06	1.18e-03	9.99e-01	0.00e+00	0.00e+00
 8.49185e+14	1.32e-20	5.92e-15	3.13e-10	2.20e-06	1.27e-03	9.99e-01	0.00e+00	0.00e+00
 8.80370e+14	1.86e-20	7.80e-15	3.87e-10	2.54e-06	1.37e-03	9.99e-01	0.00e+00	0.00e+00
 9.15615e+14	2.71e-20	1.06e-14	4.88e-10	2.97e-06	1.49e-03	9.99e-01	0.00e+00	0.00e+00
 9.50319e+14	3.83e-20	1.40e-14	6.07e-10	3.45e-06	1.61e-03	9.98e-01	0.00e+00	0.00e+00
 9.86411e+14	5.47e-20	1.87e-14	7.57e-10	4.01e-06	1.74e-03	9.98e-01	0.00e+00	0.00e+00
 1.02590e+15	7.88e-20	2.53e-14	9.53e-10	4.69e-06	1.89e-03	9.98e-01	0.00e+00	0.00e+00
 1.06487e+15	1.11e-19	3.35e-14	1.19e-09	5.45e-06	2.04e-03	9.98e-01	0.00e+00	0.00e+00
 1.09725e+15	1.47e-19	4.20e-14	1.41e-09	6.15e-06	2.17e-03	9.98e-01	0.00e+00	0.00e+00
 1.12343e+15	1.83e-19	5.02e-14	1.62e-09	6.77e-06	2.29e-03	9.98e-01	0.00e+00	0.00e+00
 1.15250e+15	2.31e-19	6.07e-14	1.88e-09	7.50e-06	2.41e-03	9.98e-01	0.00e+00	0.00e+00
 1.19029e+15	3.09e-19	7.72e-14	2.28e-09	8.54e-06	2.59e-03	9.97e-01	0.00e+00	0.00e+00
 1.23080e+15	4.19e-19	9.91e-14	2.77e-09	9.78e-06	2.78e-03	9.97e-01	0.00e+00	0.00e+00
 1.26672e+15	5.42e-19	1.23e-13	3.27e-09	1.10e-05	2.96e-03	9.97e-01	0.00e+00	0.00e+00
 1.30532e+15	7.09e-19	1.53e-13	3.90e-09	1.24e-05	3.16e-03	9.97e-01	0.00e+00	0.00e+00
 1.35369e+15	9.79e-19	2.00e-13	4.82e-09	1.44e-05	3.42e-03	9.97e-01	0.00e+00	0.00e+00
 1.40277e+15	1.34e-18	2.59e-13	5.92e-09	1.66e-05	3.70e-03	9.96e-01	0.00e+00	0.00e+00
 1.44531e+15	1.74e-18	3.23e-13	7.04e-09	1.87e-05	3.95e-03	9.96e-01	0.00e+00	0.00e+00
 1.49134e+15	2.28e-18	4.04e-13	8.44e-09	2.12e-05	4.24e-03	9.96e-01	0.00e+00	0.00e+00
 1.54772e+15	3.15e-18	5.29e-13	1.05e-08	2.47e-05	4.61e-03	9.95e-01	0.00e+00	0.00e+00
 1.60464e+15	4.29e-18	6.86e-13	1.29e-08	2.86e-05	4.99e-03	9.95e-01	0.00e+00	0.00e+00
 1.65525e+15	5.58e-18	8.55e-13	1.54e-08	3.24e-05	5.35e-03	9.95e-01	0.00e+00	0.00e+00
 1.71057e+15	7.38e-18	1.08e-12	1.87e-08	3.70e-05	5.76e-03	9.94e-01	0.00e+00	0.00e+00
 1.77669e+15	1.02e-17	1.42e-12	2.33e-08	4.31e-05	6.28e-03	9.94e-01	0.00e+00	0.00e+00
 1.84212e+15	1.38e-17	1.83e-12	2.87e-08	4.99e-05	6.82e-03	9.93e-01	0.00e+00	0.00e+00
 1.90123e+15	1.80e-17	2.29e-12	3.44e-08	5.66e-05	7.32e-03	9.93e-01	0.00e+00	0.00e+00
 1.96685e+15	2.39e-17	2.92e-12	4.19e-08	6.50e-05	7.91e-03	9.92e-01	0.00e+00	0.00e+00
 2.04404e+15	3.29e-17	3.83e-12	5.24e-08	7.59e-05	8.63e-03	9.91e-01	0.00e+00	0.00e+00
 2.12012e+15	4.46e-17	4.96e-12	6.48e-08	8.79e-05	9.38e-03	9.91e-01	0.00e+00	0.00e+00
 2.19081e+15	5.86e-17	6.25e-12	7.84e-08	1.00e-04	1.01e-02	9.90e-01	0.00e+00	0.00e+00
 2.27004e+15	7.88e-17	8.04e-12	9.65e-08	1.16e-04	1.10e-02	9.89e-01	0.00e+00	0.00e+00
 2.36087e+15	1.09e-16	1.06e-11	1.21e-07	1.36e-04	1.20e-02	9.88e-01	0.00e+00	0.00e+00
 2.45035e+15	1.73e-16	1.38e-11	1.51e-07	1.57e-04	1.30e-02	9.87e-01	0.00e+00	0.00e+00
 2.54341e+15	2.37e-16	1.80e-11	1.88e-07	1.83e-04	1.42e-02	9.86e-01	0.00e+00	0.00e+00
 2.62813e+15	3.12e-16	2.27e-11	2.28e-07	2.09e-04	1.53e-02	9.84e-01	0.00e+00	0.00e+00
 2.69139e+15	3.81e-16	2.69e-11	2.62e-07	2.29e-04	1.61e-02	9.84e-01	0.00e+00	0.00e+00
 2.75677e+15	4.67e-16	3.20e-11	3.01e-07	2.52e-04	1.70e-02	9.83e-01	0.00e+00	0.00e+00
 2.84176e+15	6.03e-16	3.98e-11	3.61e-07	2.85e-04	1.83e-02	9.81e-01	0.00e+00	0.00e+00
 2.93383e+15	7.91e-16	5.00e-11	4.36e-07	3.24e-04	1.96e-02	9.80e-01	0.00e+00	0.00e+00
 3.01701e+15	9.99e-16	6.10e-11	5.14e-07	3.63e-04	2.09e-02	9.79e-01	0.00e+00	0.00e+00
 3.10705e+15	1.28e-15	7.55e-11	6.12e-07	4.08e-04	2.23e-02	9.77e-01	0.00e+00	0.00e+00
 3.22111e+15	1.75e-15	9.82e-11	7.60e-07	4.72e-04	2.42e-02	9.75e-01	0.00e+00	0.00e+00
 3.33589e+15	2.36e-15	1.27e-10	9.36e-07	5.43e-04	2.62e-02	9.73e-01	0.00e+00	0.00e+00
 3.43244e+15	3.00e-15	1.56e-10	1.11e-06	6.08e-04	2.80e-02	9.71e-01	0.00e+00	0.00e+00
 3.53584e+15	3.87e-15	1.93e-10	1.33e-06	6.85e-04	2.99e-02	9.69e-01	0.00e+00	0.00e+00
 3.66619e+15	5.31e-15	2.53e-10	1.65e-06	7.93e-04	3.24e-02	9.67e-01	0.00e+00	0.00e+00
 3.80276e+15	7.27e-15	3.30e-10	2.06e-06	9.19e-04	3.52e-02	9.64e-01	0.00e+00	0.00e+00
 3.92580e+15	9.54e-15	4.17e-10	2.49e-06	1.04e-03	3.77e-02	9.61e-01	0.00e+00	0.00e+00
 4.06004e+15	1.28e-14	5.35e-10	3.05e-06	1.19e-03	4.07e-02	9.58e-01	0.00e+00	0.00e+00
 4.21864e+15	1.79e-14	7.13e-10	3.85e-06	1.39e-03	4.43e-02	9.54e-01	0.00e+00	0.00e+00
 4.37389e+15	2.45e-14	9.33e-10	4.80e-06	1.61e-03	4.80e-02	9.50e-01	0.00e+00	0.00e+00
 4.51536e+15	3.24e-14	1.18e-09	5.82e-06	1.83e-03	5.14e-02	9.47e-01	0.00e+00	0.00e+00
 4.67394e+15	4.40e-14	1.53e-09	7.18e-06	2.10e-03	5.55e-02	9.42e-01	0.00e+00	0.00e+00
 4.85886e+15	6.20e-14	2.05e-09	9.10e-06	2.46e-03	6.04e-02	9.37e-01	0.00e+00	0.00e+00
 5.04059e+15	8.53e-14	2.70e-09	1.14e-05	2.85e-03	6.54e-02	9.32e-01	0.00e+00	0.00e+00
 5.21207e+15	1.15e-13	3.47e-09	1.39e-05	3.26e-03	7.03e-02	9.26e-01	0.00e+00	0.00e+00
 5.40308e+15	1.58e-13	4.55e-09	1.74e-05	3.77e-03	7.59e-02	9.20e-01	0.00e+00	0.00e+00
 5.58461e+15	2.11e-13	5.83e-09	2.12e-05	4.30e-03	8.15e-02	9.14e-01	0.00e+00	0.00e+00
 5.71983e+15	2.61e-13	6.98e-09	2.46e-05	4.73e-03	8.58e-02	9.09e-01	0.00e+00	0.00e+00
 5.85701e+15	3.22e-13	8.36e-09	2.84e-05	5.21e-03	9.02e-02	9.05e-01	0.00e+00	0.00e+00
 6.03533e+15	4.21e-13	1.05e-08	3.41e-05	5.87e-03	9.61e-02	8.98e-01	0.00e+00	0.00e+00
 6.22878e+15	5.59e-13	1.33e-08	4.14e-05	6.66e-03	1.03e-01	8.91e-01	0.00e+00	0.00e+00
 6.40254e+15	7.16e-13	1.65e-08	4.90e-05	7.43e-03	1.09e-01	8.84e-01	0.00e+00	0.00e+00
 6.58909e+15	9.31e-13	2.05e-08	5.85e-05	8.34e-03	1.15e-01	8.76e-01	0.00e+00	0.00e+00
 6.82844e+15	1.29e-12	2.71e-08	7.29e-05	9.64e-03	1.24e-01	8.66e-01	0.00e+00	0.00e+00
 7.06955e+15	1.77e-12	3.53e-08	9.01e-05	1.11e-02	1.34e-01	8.55e-01	0.00e+00	0.00e+00
 7.26775e+15	2.26e-12	4.36e-08	1.07e-04	1.23e-02	1.41e-01	8.46e-01	0.00e+00	0.00e+00
 7.47702e+15	2.94e-12	5.43e-08	1.27e-04	1.38e-02	1.50e-01	8.36e-01	0.00e+00	0.00e+00
 7.74723e+15	4.08e-12	7.15e-08	1.58e-04	1.59e-02	1.61e-01	8.23e-01	0.00e+00	0.00e+00
 8.02844e+15	5.63e-12	9.39e-08	1.96e-04	1.83e-02	1.72e-01	8.09e-01	0.00e+00	0.00e+00
 8.27045e+15	7.38e-12	1.18e-07	2.36e-04	2.06e-02	1.83e-01	7.97e-01	0.00e+00	0.00e+00
 8.52972e+15	9.84e-12	1.50e-07	2.85e-04	2.33e-02	1.94e-01	7.83e-01	0.00e+00	0.00e+00
 8.84980e+15	1.38e-11	2.00e-07	3.57e-04	2.70e-02	2.08e-01	7.65e-01	0.00e+00	0.00e+00
 9.16717e+15	1.90e-11	2.61e-07	4.42e-04	3.10e-02	2.22e-01	7.47e-01	0.00e+00	0.00e+00
 9.43712e+15	2.47e-11	3.26e-07	5.28e-04	3.47e-02	2.34e-01	7.31e-01	0.00e+00	0.00e+00
 9.72717e+15	3.28e-11	4.13e-07	6.37e-04	3.91e-02	2.47e-01	7.13e-01	0.00e+00	0.00e+00
 1.00506e+16	4.41e-11	5.30e-07	7.76e-04	4.43e-02	2.61e-01	6.94e-01	0.00e+00	0.00e+00
 1.03557e+16	5.78e-11	6.66e-07	9.31e-04	4.97e-02	2.75e-01	6.75e-01	0.00e+00	0.00e+00
 1.06221e+16	7.28e-11	8.09e-07	1.09e-03	5.49e-02	2.86e-01	6.58e-01	0.00e+00	0.00e+00
 1.09002e+16	9.25e-11	9.89e-07	1.28e-03	6.06e-02	2.99e-01	6.39e-01	0.00e+00	0.00e+00
 1.12049e+16	1.19e-10	1.22e-06	1.51e-03	6.73e-02	3.12e-01	6.19e-01	0.00e+00	0.00e+00
 1.14884e+16	1.49e-10	1.48e-06	1.76e-03	7.40e-02	3.24e-01	6.00e-01	0.00e+00	0.00e+00
 1.18009e+16	1.92e-10	1.82e-06	2.08e-03	8.20e-02	3.37e-01	5.79e-01	0.00e+00	0.00e+00
 1.21387e+16	2.48e-10	2.26e-06	2.47e-03	9.12e-02	3.51e-01	5.56e-01	0.00e+00	0.00e+00
 1.24482e+16	3.12e-10	2.74e-06	2.88e-03	1.00e-01	3.62e-01	5.35e-01	0.00e+00	0.00e+00
 1.27896e+16	4.03e-10	3.39e-06	3.41e-03	1.11e-01	3.75e-01	5.11e-01	0.00e+00	0.00e+00
 1.31609e+16	5.24e-10	4.23e-06	4.07e-03	1.23e-01	3.88e-01	4.85e-01	0.00e+00	0.00e+00
 1.35046e+16	6.63e-10	5.15e-06	4.76e-03	1.35e-01	3.98e-01	4.62e-01	0.00e+00	0.00e+00
 1.38268e+16	8.24e-10	6.18e-06	5.51e-03	1.47e-01	4.08e-01	4.39e-01	0.00e+00	0.00e+00
 1.41877e+16	1.06e-09	7.62e-06	6.51e-03	1.62e-01	4.17e-01	4.14e-01	0.00e+00	0.00e+00
 1.45740e+16	1.37e-09	9.40e-06	7.70e-03	1.78e-01	4.26e-01	3.88e-01	0.00e+00	0.00e+00
 1.49125e+16	1.69e-09	1.13e-05	8.90e-03	1.93e-01	4.33e-01	3.65e-01	0.00e+00	0.00e+00
 1.52720e+16	2.15e-09	1.37e-05	1.04e-02	2.11e-01	4.38e-01	3.41e-01	0.00e+00	0.00e+00
 1.56623e+16	2.76e-09	1.68e-05	1.23e-02	2.30e-01	4.43e-01	3.15e-01	0.00e+00	0.00e+00
 1.60099e+16	3.42e-09	2.01e-05	1.41e-02	2.48e-01	4.45e-01	2.93e-01	0.00e+00	0.00e+00
 1.63119e+16	4.12e-09	2.35e-05	1.60e-02	2.64e-01	4.46e-01	2.74e-01	0.00e+00	0.00e+00
 1.66375e+16	5.09e-09	2.79e-05	1.84e-02	2.83e-01	4.45e-01	2.54e-01	0.00e+00	0.00e+00
 1.69891e+16	6.37e-09	3.36e-05	2.12e-02	3.03e-01	4.43e-01	2.32e-01	0.00e+00	0.00e+00
 1.72969e+16	7.71e-09	3.92e-05	2.40e-02	3.22e-01	4.39e-01	2.15e-01	0.00e+00	0.00e+00
 1.75705e+16	9.19e-09	4.52e-05	2.69e-02	3.39e-01	4.35e-01	1.99e-01	0.00e+00	0.00e+00
 1.78777e+16	1.12e-08	5.33e-05	3.05e-02	3.59e-01	4.29e-01	1.82e-01	0.00e+00	0.00e+00
 1.82067e+16	1.40e-08	6.37e-05	3.50e-02	3.80e-01	4.21e-01	1.64e-01	0.00e+00	0.00e+00
 1.84895e+16	1.69e-08	7.39e-05	3.93e-02	3.99e-01	4.12e-01	1.50e-01	0.00e+00	0.00e+00
 1.87390e+16	1.98e-08	8.42e-05	4.36e-02	4.16e-01	4.03e-01	1.37e-01	0.00e+00	0.00e+00
 1.90198e+16	2.46e-08	9.97e-05	4.93e-02	4.36e-01	3.92e-01	1.23e-01	0.00e+00	0.00e+00
 1.93147e+16	2.98e-08	1.17e-04	5.57e-02	4.56e-01	3.78e-01	1.10e-01	0.00e+00	0.00e+00
 1.95654e+16	3.57e-08	1.35e-04	6.21e-02	4.73e-01	3.65e-01	9.89e-02	0.00e+00	0.00e+00
 1.97877e+16	4.27e-08	1.55e-04	6.87e-02	4.89e-01	3.53e-01	8.92e-02	0.00e+00	0.00e+00
 2.00027e+16	4.84e-08	1.72e-04	7.53e-02	5.04e-01	3.40e-01	8.08e-02	0.00e+00	0.00e+00
 2.02492e+16	5.87e-08	2.00e-04	8.42e-02	5.21e-01	3.24e-01	7.10e-02	0.00e+00	0.00e+00
 2.05038e+16	7.19e-08	2.35e-04	9.46e-02	5.38e-01	3.06e-01	6.16e-02	0.00e+00	0.00e+00
 2.07076e+16	8.58e-08	2.69e-04	1.04e-01	5.51e-01	2.90e-01	5.43e-02	0.00e+00	0.00e+00
 2.08767e+16	1.05e-07	3.11e-04	1.13e-01	5.62e-01	2.76e-01	4.81e-02	0.00e+00	0.00e+00
 2.10349e+16	1.16e-07	3.38e-04	1.22e-01	5.72e-01	2.63e-01	4.32e-02	0.00e+00	0.00e+00
 2.12138e+16	1.37e-07	3.84e-04	1.33e-01	5.82e-01	2.46e-01	3.76e-02	0.00e+00	0.00e+00
 2.14039e+16	1.63e-07	4.41e-04	1.46e-01	5.93e-01	2.29e-01	3.20e-02	0.00e+00	0.00e+00
 2.15623e+16	1.93e-07	4.99e-04	1.59e-01	6.00e-01	2.13e-01	2.76e-02	0.00e+00	0.00e+00
 2.16926e+16	2.33e-07	5.71e-04	1.70e-01	6.06e-01	1.99e-01	2.39e-02	0.00e+00	0.00e+00
 2.18043e+16	2.62e-07	6.24e-04	1.80e-01	6.11e-01	1.87e-01	2.11e-02	0.00e+00	0.00e+00
 2.19216e+16	2.97e-07	6.87e-04	1.91e-01	6.15e-01	1.74e-01	1.83e-02	0.00e+00	0.00e+00
 2.20741e+16	3.56e-07	7.85e-04	2.07e-01	6.20e-01	1.57e-01	1.49e-02	0.00e+00	0.00e+00
 2.22209e+16	4.29e-07	8.98e-04	2.23e-01	6.23e-01	1.40e-01	1.20e-02	0.00e+00	0.00e+00
 2.23104e+16	4.71e-07	9.65e-04	2.34e-01	6.25e-01	1.30e-01	1.04e-02	0.00e+00	0.00e+00
 2.23652e+16	5.10e-07	1.02e-03	2.40e-01	6.25e-01	1.24e-01	9.41e-03	0.00e+00	0.00e+00
 2.24250e+16	5.50e-07	1.08e-03	2.48e-01	6.26e-01	1.16e-01	8.40e-03	0.00e+00	0.00e+00
 2.25027e+16	6.12e-07	1.17e-03	2.58e-01	6.26e-01	1.07e-01	7.17e-03	0.00e+00	0.00e+00
 2.25832e+16	6.85e-07	1.26e-03	2.69e-01	6.26e-01	9.79e-02	6.03e-03	0.00e+00	0.00e+00
 2.26484e+16	7.44e-07	1.34e-03	2.77e-01	6.26e-01	9.05e-02	5.21e-03	0.00e+00	0.00e+00
 2.27141e+16	8.02e-07	1.42e-03	2.86e-01	6.25e-01	8.29e-02	4.43e-03	0.00e+00	0.00e+00
 2.27996e+16	9.34e-07	1.58e-03	2.99e-01	6.23e-01	7.31e-02	3.48e-03	0.00e+00	0.00e+00
 2.28772e+16	1.03e-06	1.70e-03	3.10e-01	6.21e-01	6.52e-02	2.81e-03	0.00e+00	0.00e+00
 2.29311e+16	1.12e-06	1.80e-03	3.17e-01	6.19e-01	5.97e-02	2.39e-03	0.00e+00	0.00e+00
 2.29877e+16	1.22e-06	1.91e-03	3.25e-01	6.17e-01	5.40e-02	1.98e-03	0.00e+00	0.00e+00
 2.30613e+16	1.36e-06	2.06e-03	3.36e-01	6.13e-01	4.72e-02	1.54e-03	0.00e+00	0.00e+00
 2.31383e+16	1.52e-06	2.23e-03	3.47e-01	6.09e-01	4.07e-02	1.17e-03	0.00e+00	0.00e+00
 2.32047e+16	1.67e-06	2.39e-03	3.56e-01	6.05e-01	3.56e-02	9.08e-04	0.00e+00	0.00e+00
 2.32760e+16	1.86e-06	2.57e-03	3.66e-01	6.00e-01	3.05e-02	6.80e-04	0.00e+00	0.00e+00
 2.33688e+16	2.12e-06	2.82e-03	3.78e-01	5.94e-01	2.48e-02	4.63e-04	0.00e+00	0.00e+00
 2.34652e+16	2.42e-06	3.08e-03	3.90e-01	5.87e-01	2.00e-02	3.09e-04	0.00e+00	0.00e+00
 2.35502e+16	2.70e-06	3.33e-03	4.00e-01	5.80e-01	1.65e-02	2.14e-04	0.00e+00	0.00e+00
 2.36444e+16	3.06e-06	3.63e-03	4.11e-01	5.72e-01	1.32e-02	1.41e-04	0.00e+00	0.00e+00
 2.37668e+16	3.57e-06	4.04e-03	4.25e-01	5.61e-01	9.90e-03	8.15e-05	0.00e+00	0.00e+00
 2.39260e+16	4.33e-06	4.60e-03	4.42e-01	5.46e-01	6.88e-03	4.06e-05	0.00e+00	0.00e+00
 2.40997e+16	5.32e-06	5.28e-03	4.60e-01	5.30e-01	4.71e-03	1.96e-05	0.00e+00	0.00e+00
 2.42925e+16	6.62e-06	6.11e-03	4.79e-01	5.12e-01	3.14e-03	8.86e-06	0.00e+00	0.00e+00
 2.45431e+16	8.80e-06	7.40e-03	5.04e-01	4.87e-01	1.91e-03	3.34e-06	0.00e+00	0.00e+00
 2.47990e+16	1.19e-05	9.08e-03	5.31e-01	4.59e-01	1.19e-03	1.32e-06	0.00e+00	0.00e+00
 2.49613e+16	1.47e-05	1.04e-02	5.48e-01	4.40e-01	9.03e-04	7.69e-07	0.00e+00	0.00e+00
 2.50419e+16	1.63e-05	1.12e-02	5.57e-01	4.31e-01	7.86e-04	0.00e+00	0.00e+00	0.00e+00
 2.51167e+16	1.79e-05	1.19e-02	5.66e-01	4.22e-01	6.87e-04	0.00e+00	0.00e+00	0.00e+00
 2.52139e+16	2.04e-05	1.30e-02	5.77e-01	4.09e-01	5.76e-04	0.00e+00	0.00e+00	0.00e+00
 2.53403e+16	2.41e-05	1.46e-02	5.92e-01	3.93e-01	4.60e-04	0.00e+00	0.00e+00	0.00e+00
 2.54766e+16	2.92e-05	1.66e-02	6.08e-01	3.75e-01	3.63e-04	0.00e+00	0.00e+00	0.00e+00
 2.55928e+16	3.45e-05	1.86e-02	6.22e-01	3.59e-01	2.98e-04	0.00e+00	0.00e+00	0.00e+00
 2.56918e+16	4.00e-05	2.06e-02	6.34e-01	3.45e-01	2.50e-04	0.00e+00	0.00e+00	0.00e+00
 2.57802e+16	4.58e-05	2.26e-02	6.45e-01	3.32e-01	2.14e-04	0.00e+00	0.00e+00	0.00e+00
 2.58596e+16	5.20e-05	2.46e-02	6.55e-01	3.20e-01	1.86e-04	0.00e+00	0.00e+00	0.00e+00
 2.59483e+16	5.98e-05	2.70e-02	6.66e-01	3.07e-01	1.57e-04	0.00e+00	0.00e+00	0.00e+00
 2.60432e+16	7.01e-05	3.01e-02	6.78e-01	2.92e-01	1.32e-04	0.00e+00	0.00e+00	0.00e+00
 2.61238e+16	8.05e-05	3.31e-02	6.87e-01	2.79e-01	1.14e-04	0.00e+00	0.00e+00	0.00e+00
 2.61926e+16	9.10e-05	3.60e-02	6.96e-01	2.68e-01	9.98e-05	0.00e+00	0.00e+00	0.00e+00
 2.62686e+16	1.04e-04	3.94e-02	7.05e-01	2.56e-01	8.58e-05	0.00e+00	0.00e+00	0.00e+00
 2.63517e+16	1.22e-04	4.38e-02	7.14e-01	2.42e-01	7.27e-05	0.00e+00	0.00e+00	0.00e+00
 2.64249e+16	1.40e-04	4.82e-02	7.22e-01	2.30e-01	6.27e-05	0.00e+00	0.00e+00	0.00e+00
 2.64882e+16	1.59e-04	5.25e-02	7.28e-01	2.19e-01	5.49e-05	0.00e+00	0.00e+00	0.00e+00
 2.65578e+16	1.82e-04	5.77e-02	7.35e-01	2.07e-01	4.71e-05	0.00e+00	0.00e+00	0.00e+00
 2.66335e+16	2.13e-04	6.42e-02	7.41e-01	1.94e-01	3.99e-05	0.00e+00	0.00e+00	0.00e+00
 2.66990e+16	2.45e-04	7.06e-02	7.46e-01	1.83e-01	3.43e-05	0.00e+00	0.00e+00	0.00e+00
 2.67548e+16	2.77e-04	7.68e-02	7.49e-01	1.73e-01	3.01e-05	0.00e+00	0.00e+00	0.00e+00
 2.68158e+16	3.18e-04	8.42e-02	7.53e-01	1.63e-01	2.59e-05	0.00e+00	0.00e+00	0.00e+00
 2.68830e+16	3.72e-04	9.35e-02	7.55e-01	1.51e-01	2.18e-05	0.00e+00	0.00e+00	0.00e+00
 2.69427e+16	4.29e-04	1.03e-01	7.56e-01	1.41e-01	1.87e-05	0.00e+00	0.00e+00	0.00e+00
 2.69939e+16	4.87e-04	1.12e-01	7.55e-01	1.32e-01	1.62e-05	0.00e+00	0.00e+00	0.00e+00
 2.70493e+16	5.59e-04	1.23e-01	7.54e-01	1.23e-01	1.38e-05	0.00e+00	0.00e+00	0.00e+00
 2.71103e+16	6.56e-04	1.37e-01	7.50e-01	1.12e-01	1.15e-05	0.00e+00	0.00e+00	0.00e+00
 2.71645e+16	7.61e-04	1.51e-01	7.45e-01	1.03e-01	9.76e-06	0.00e+00	0.00e+00	0.00e+00
 2.72115e+16	8.64e-04	1.64e-01	7.40e-01	9.55e-02	8.38e-06	0.00e+00	0.00e+00	0.00e+00
 2.72631e+16	9.99e-04	1.80e-01	7.32e-01	8.71e-02	7.01e-06	0.00e+00	0.00e+00	0.00e+00
 2.73199e+16	1.18e-03	2.01e-01	7.20e-01	7.80e-02	5.72e-06	0.00e+00	0.00e+00	0.00e+00
 2.73707e+16	1.38e-03	2.22e-01	7.07e-01	7.01e-02	4.71e-06	0.00e+00	0.00e+00	0.00e+00
 2.74152e+16	1.58e-03	2.42e-01	6.93e-01	6.33e-02	3.93e-06	0.00e+00	0.00e+00	0.00e+00
 2.74642e+16	1.84e-03	2.67e-01	6.75e-01	5.60e-02	3.18e-06	0.00e+00	0.00e+00	0.00e+00
 2.75189e+16	2.20e-03	2.98e-01	6.51e-01	4.82e-02	2.47e-06	0.00e+00	0.00e+00	0.00e+00
 2.75692e+16	2.62e-03	3.31e-01	6.25e-01	4.14e-02	1.92e-06	0.00e+00	0.00e+00	0.00e+00
 2.76149e+16	3.05e-03	3.64e-01	5.97e-01	3.55e-02	1.50e-06	0.00e+00	0.00e+00	0.00e+00
 2.76662e+16	3.66e-03	4.05e-01	5.62e-01	2.94e-02	1.11e-06	0.00e+00	0.00e+00	0.00e+00
 2.77212e+16	4.47e-03	4.54e-01	5.19e-01	2.33e-02	7.80e-07	0.00e+00	0.00e+00	0.00e+00
 2.77676e+16	5.34e-03	5.00e-01	4.76e-01	1.86e-02	0.00e+00	0.00e+00	0.00e+00	0.00e+00
 2.78043e+16	6.14e-03	5.39e-01	4.40e-01	1.52e-02	0.00e+00	0.00e+00	0.00e+00	0.00e+00
 2.78422e+16	7.11e-03	5.80e-01	4.01e-01	1.22e-02	0.00e+00	0.00e+00	0.00e+00	0.00e+00
 2.78837e+16	8.37e-03	6.28e-01	3.55e-01	9.20e-03	0.00e+00	0.00e+00	0.00e+00	0.00e+00
 2.79195e+16	9.69e-03	6.70e-01	3.13e-01	7.00e-03	0.00e+00	0.00e+00	0.00e+00	0.00e+00
 2.79485e+16	1.09e-02	7.04e-01	2.80e-01	5.50e-03	0.00e+00	0.00e+00	0.00e+00	0.00e+00
 2.79793e+16	1.24e-02	7.38e-01	2.45e-01	4.17e-03	0.00e+00	0.00e+00	0.00e+00	0.00e+00
 2.80132e+16	1.42e-02	7.76e-01	2.07e-01	2.96e-03	0.00e+00	0.00e+00	0.00e+00	0.00e+00
 2.80428e+16	1.62e-02	8.07e-01	1.74e-01	2.11e-03	0.00e+00	0.00e+00	0.00e+00	0.00e+00
 2.80668e+16	1.80e-02	8.31e-01	1.49e-01	1.57e-03	0.00e+00	0.00e+00	0.00e+00	0.00e+00
 2.80918e+16	2.01e-02	8.53e-01	1.26e-01	1.12e-03	0.00e+00	0.00e+00	0.00e+00	0.00e+00
 2.81194e+16	2.27e-02	8.75e-01	1.02e-01	7.54e-04	0.00e+00	0.00e+00	0.00e+00	0.00e+00
 2.81435e+16	2.53e-02	8.92e-01	8.27e-02	5.12e-04	0.00e+00	0.00e+00	0.00e+00	0.00e+00
 2.81635e+16	2.79e-02	9.03e-01	6.87e-02	3.64e-04	0.00e+00	0.00e+00	0.00e+00	0.00e+00
 2.81847e+16	3.08e-02	9.13e-01	5.58e-02	2.47e-04	0.00e+00	0.00e+00	0.00e+00	0.00e+00
 2.82075e+16	3.46e-02	9.22e-01	4.37e-02	1.58e-04	0.00e+00	0.00e+00	0.00e+00	0.00e+00
 2.82270e+16	3.81e-02	9.27e-01	3.48e-02	1.05e-04	0.00e+00	0.00e+00	0.00e+00	0.00e+00
 2.82431e+16	4.15e-02	9.30e-01	2.86e-02	7.31e-05	0.00e+00	0.00e+00	0.00e+00	0.00e+00
 2.82602e+16	4.53e-02	9.32e-01	2.29e-02	4.89e-05	0.00e+00	0.00e+00	0.00e+00	0.00e+00
 2.82785e+16	5.01e-02	9.32e-01	1.79e-02	3.12e-05	0.00e+00	0.00e+00	0.00e+00	0.00e+00
 2.82942e+16	5.46e-02	9.31e-01	1.42e-02	2.06e-05	0.00e+00	0.00e+00	0.00e+00	0.00e+00
 2.83076e+16	5.87e-02	9.30e-01	1.16e-02	1.43e-05	0.00e+00	0.00e+00	0.00e+00	0.00e+00
 2.83205e+16	6.31e-02	9.27e-01	9.44e-03	9.89e-06	0.00e+00	0.00e+00	0.00e+00	0.00e+00
 2.83339e+16	6.79e-02	9.24e-01	7.60e-03	6.67e-06	0.00e+00	0.00e+00	0.00e+00	0.00e+00
 2.83464e+16	7.30e-02	9.21e-01	6.15e-03	4.56e-06	0.00e+00	0.00e+00	0.00e+00	0.00e+00
 2.83568e+16	7.73e-02	9.18e-01	5.12e-03	3.28e-06	0.00e+00	0.00e+00	0.00e+00	0.00e+00
 2.83661e+16	8.16e-02	9.14e-01	4.33e-03	2.42e-06	0.00e+00	0.00e+00	0.00e+00	0.00e+00
 2.83749e+16	8.60e-02	9.10e-01	3.68e-03	1.81e-06	0.00e+00	0.00e+00	0.00e+00	0.00e+00
 2.83820e+16	8.92e-02	9.08e-01	3.23e-03	1.43e-06	0.00e+00	0.00e+00	0.00e+00	0.00e+00
 2.83866e+16	9.15e-02	9.06e-01	2.96e-03	1.22e-06	0.00e+00	0.00e+00	0.00e+00	0.00e+00
 2.83909e+16	9.39e-02	9.03e-01	2.73e-03	1.05e-06	0.00e+00	0.00e+00	0.00e+00	0.00e+00
 2.83958e+16	9.68e-02	9.01e-01	2.47e-03	8.81e-07	0.00e+00	0.00e+00	0.00e+00	0.00e+00
 2.84012e+16	9.98e-02	8.98e-01	2.22e-03	0.00e+00	0.00e+00	0.00e+00	0.00e+00	0.00e+00
 2.84064e+16	1.03e-01	8.95e-01	2.00e-03	0.00e+00	0.00e+00	0.00e+00	0.00e+00	0.00e+00
 2.84112e+16	1.06e-01	8.92e-01	1.82e-03	0.00e+00	0.00e+00	0.00e+00	0.00e+00	0.00e+00
 2.84160e+16	1.09e-01	8.89e-01	1.65e-03	0.00e+00	0.00e+00	0.00e+00	0.00e+00	0.00e+00
 2.84208e+16	1.12e-01	8.86e-01	1.49e-03	0.00e+00	0.00e+00	0.00e+00	0.00e+00	0.00e+00
 2.84255e+16	1.15e-01	8.83e-01	1.35e-03	0.00e+00	0.00e+00	0.00e+00	0.00e+00	0.00e+00
 2.84302e+16	1.19e-01	8.80e-01	1.22e-03	0.00e+00	0.00e+00	0.00e+00	0.00e+00	0.00e+00
 2.84349e+16	1.22e-01	8.77e-01	1.10e-03	0.00e+00	0.00e+00	0.00e+00	0.00e+00	0.00e+00
 2.84395e+16	1.26e-01	8.73e-01	9.97e-04	0.00e+00	0.00e+00	0.00e+00	0.00e+00	0.00e+00
 2.84440e+16	1.29e-01	8.70e-01	9.02e-04	0.00e+00	0.00e+00	0.00e+00	0.00e+00	0.00e+00
 2.84484e+16	1.33e-01	8.66e-01	8.17e-04	0.00e+00	0.00e+00	0.00e+00	0.00e+00	0.00e+00
 2.84529e+16	1.37e-01	8.63e-01	7.38e-04	0.00e+00	0.00e+00	0.00e+00	0.00e+00	0.00e+00
 2.84573e+16	1.41e-01	8.59e-01	6.67e-04	0.00e+00	0.00e+00	0.00e+00	0.00e+00	0.00e+00
 2.84616e+16	1.45e-01	8.55e-01	6.03e-04	0.00e+00	0.00e+00	0.00e+00	0.00e+00	0.00e+00
 2.84659e+16	1.49e-01	8.50e-01	5.45e-04	0.00e+00	0.00e+00	0.00e+00	0.00e+00	0.00e+00
 2.84702e+16	1.54e-01	8.46e-01	4.92e-04	0.00e+00	0.00e+00	0.00e+00	0.00e+00	0.00e+00
 2.84744e+16	1.58e-01	8.41e-01	4.44e-04	0.00e+00	0.00e+00	0.00e+00	0.00e+00	0.00e+00
 2.84786e+16	1.63e-01	8.37e-01	4.01e-04	0.00e+00	0.00e+00	0.00e+00	0.00e+00	0.00e+00
 2.84827e+16	1.68e-01	8.32e-01	3.63e-04	0.00e+00	0.00e+00	0.00e+00	0.00e+00	0.00e+00
 2.84867e+16	1.73e-01	8.27e-01	3.28e-04	0.00e+00	0.00e+00	0.00e+00	0.00e+00	0.00e+00
 2.84908e+16	1.79e-01	8.21e-01	2.95e-04	0.00e+00	0.00e+00	0.00e+00	0.00e+00	0.00e+00
 2.84948e+16	1.85e-01	8.15e-01	2.66e-04	0.00e+00	0.00e+00	0.00e+00	0.00e+00	0.00e+00
 2.84987e+16	1.91e-01	8.09e-01	2.40e-04	0.00e+00	0.00e+00	0.00e+00	0.00e+00	0.00e+00
 2.85026e+16	1.97e-01	8.02e-01	2.17e-04	0.00e+00	0.00e+00	0.00e+00	0.00e+00	0.00e+00
 2.85065e+16	2.04e-01	7.95e-01	1.95e-04	0.00e+00	0.00e+00	0.00e+00	0.00e+00	0.00e+00
 2.85104e+16	2.11e-01	7.88e-01	1.76e-04	0.00e+00	0.00e+00	0.00e+00	0.00e+00	0.00e+00
 2.85141e+16	2.20e-01	7.80e-01	1.58e-04	0.00e+00	0.00e+00	0.00e+00	0.00e+00	0.00e+00
 2.85177e+16	2.27e-01	7.72e-01	1.43e-04	0.00e+00	0.00e+00	0.00e+00	0.00e+00	0.00e+00
 2.85213e+16	2.36e-01	7.64e-01	1.29e-04	0.00e+00	0.00e+00	0.00e+00	0.00e+00	0.00e+00
 2.85248e+16	2.45e-01	7.55e-01	1.16e-04	0.00e+00	0.00e+00	0.00e+00	0.00e+00	0.00e+00
 2.85283e+16	2.54e-01	7.45e-01	1.05e-04	0.00e+00	0.00e+00	0.00e+00	0.00e+00	0.00e+00
 2.85317e+16	2.65e-01	7.34e-01	9.45e-05	0.00e+00	0.00e+00	0.00e+00	0.00e+00	0.00e+00
 2.85350e+16	2.76e-01	7.23e-01	8.53e-05	0.00e+00	0.00e+00	0.00e+00	0.00e+00	0.00e+00
 2.85383e+16	2.88e-01	7.12e-01	7.70e-05	0.00e+00	0.00e+00	0.00e+00	0.00e+00	0.00e+00
 2.85415e+16	2.99e-01	7.01e-01	6.95e-05	0.00e+00	0.00e+00	0.00e+00	0.00e+00	0.00e+00
 2.85447e+16	3.12e-01	6.88e-01	6.25e-05	0.00e+00	0.00e+00	0.00e+00	0.00e+00	0.00e+00
 2.85479e+16	3.26e-01	6.74e-01	5.62e-05	0.00e+00	0.00e+00	0.00e+00	0.00e+00	0.00e+00
 2.85510e+16	3.40e-01	6.60e-01	5.05e-05	0.00e+00	0.00e+00	0.00e+00	0.00e+00	0.00e+00
 2.85541e+16	3.55e-01	6.45e-01	4.54e-05	0.00e+00	0.00e+00	0.00e+00	0.00e+00	0.00e+00
 2.85571e+16	3.72e-01	6.28e-01	4.07e-05	0.00e+00	0.00e+00	0.00e+00	0.00e+00	0.00e+00
 2.85601e+16	3.91e-01	6.09e-01	3.63e-05	0.00e+00	0.00e+00	0.00e+00	0.00e+00	0.00e+00
 2.85630e+16	4.09e-01	5.91e-01	3.25e-05	0.00e+00	0.00e+00	0.00e+00	0.00e+00	0.00e+00
 2.85659e+16	4.28e-01	5.72e-01	2.90e-05	0.00e+00	0.00e+00	0.00e+00	0.00e+00	0.00e+00
 2.85688e+16	4.48e-01	5.52e-01	2.59e-05	0.00e+00	0.00e+00	0.00e+00	0.00e+00	0.00e+00
 2.85717e+16	4.69e-01	5.31e-01	2.30e-05	0.00e+00	0.00e+00	0.00e+00	0.00e+00	0.00e+00
 2.85746e+16	4.91e-01	5.09e-01	2.04e-05	0.00e+00	0.00e+00	0.00e+00	0.00e+00	0.00e+00
 2.85774e+16	5.15e-01	4.85e-01	1.79e-05	0.00e+00	0.00e+00	0.00e+00	0.00e+00	0.00e+00
 2.85802e+16	5.36e-01	4.64e-01	1.59e-05	0.00e+00	0.00e+00	0.00e+00	0.00e+00	0.00e+00
 2.85830e+16	5.60e-01	4.40e-01	1.40e-05	0.00e+00	0.00e+00	0.00e+00	0.00e+00	0.00e+00
 2.85858e+16	5.84e-01	4.16e-01	1.22e-05	0.00e+00	0.00e+00	0.00e+00	0.00e+00	0.00e+00
 2.85886e+16	6.09e-01	3.91e-01	1.07e-05	0.00e+00	0.00e+00	0.00e+00	0.00e+00	0.00e+00
 2.85910e+16	6.29e-01	3.71e-01	9.52e-06	0.00e+00	0.00e+00	0.00e+00	0.00e+00	0.00e+00
 2.85928e+16	6.45e-01	3.55e-01	8.71e-06	0.00e+00	0.00e+00	0.00e+00	0.00e+00	0.00e+00
 2.85944e+16	6.60e-01	3.40e-01	7.99e-06	0.00e+00	0.00e+00	0.00e+00	0.00e+00	0.00e+00
