#depth	He	He+	He+2
 1.49634e+10	3.80e-26	1.36e-13	1.00e+00
 4.54887e+10	4.27e-26	1.47e-13	1.00e+00
 7.72350e+10	4.76e-26	1.59e-13	1.00e+00
 1.10251e+11	5.32e-26	1.72e-13	1.00e+00
 1.42204e+11	5.91e-26	1.85e-13	1.00e+00
 1.71805e+11	6.49e-26	1.98e-13	1.00e+00
 2.04975e+11	7.18e-26	2.12e-13	1.00e+00
 2.43101e+11	8.07e-26	2.30e-13	1.00e+00
 2.80412e+11	9.01e-26	2.47e-13	1.00e+00
 3.16088e+11	9.96e-26	2.65e-13	1.00e+00
 3.55531e+11	1.11e-25	2.85e-13	1.00e+00
 3.99679e+11	1.25e-25	3.08e-13	1.00e+00
 4.44110e+11	1.41e-25	3.33e-13	1.00e+00
 4.90319e+11	1.58e-25	3.59e-13	1.00e+00
 5.38632e+11	1.79e-25	3.87e-13	1.00e+00
 5.86574e+11	2.01e-25	4.17e-13	1.00e+00
 6.37661e+11	2.27e-25	4.50e-13	1.00e+00
 6.93094e+11	2.57e-25	4.86e-13	1.00e+00
 7.50744e+11	2.93e-25	5.26e-13	1.00e+00
 8.10701e+11	3.33e-25	5.69e-13	1.00e+00
 8.70847e+11	3.79e-25	6.14e-13	1.00e+00
 9.33400e+11	4.30e-25	6.63e-13	1.00e+00
 1.00066e+12	4.92e-25	7.18e-13	1.00e+00
 1.07062e+12	5.63e-25	7.76e-13	1.00e+00
 1.14337e+12	6.45e-25	8.40e-13	1.00e+00
 1.21903e+12	7.40e-25	9.09e-13	1.00e+00
 1.29772e+12	8.50e-25	9.84e-13	1.00e+00
 1.37955e+12	9.77e-25	1.06e-12	1.00e+00
 1.46466e+12	1.12e-24	1.15e-12	1.00e+00
 1.55317e+12	1.30e-24	1.25e-12	1.00e+00
 1.64523e+12	1.49e-24	1.35e-12	1.00e+00
 1.73904e+12	1.72e-24	1.46e-12	1.00e+00
 1.83660e+12	1.98e-24	1.58e-12	1.00e+00
 1.93999e+12	2.29e-24	1.71e-12	1.00e+00
 2.04752e+12	2.65e-24	1.85e-12	1.00e+00
 2.15935e+12	3.07e-24	2.00e-12	1.00e+00
 2.27565e+12	3.56e-24	2.17e-12	1.00e+00
 2.38419e+12	4.08e-24	2.33e-12	1.00e+00
 2.47987e+12	4.57e-24	2.47e-12	1.00e+00
 2.58665e+12	5.15e-24	2.64e-12	1.00e+00
 2.71490e+12	5.96e-24	2.85e-12	1.00e+00
 2.84382e+12	6.87e-24	3.07e-12	1.00e+00
 2.96232e+12	7.78e-24	3.28e-12	1.00e+00
 3.09453e+12	8.88e-24	3.52e-12	1.00e+00
 3.24761e+12	1.04e-23	3.81e-12	1.00e+00
 3.39730e+12	1.20e-23	4.11e-12	1.00e+00
 3.53921e+12	1.36e-23	4.40e-12	1.00e+00
 3.69694e+12	1.56e-23	4.73e-12	1.00e+00
 3.87474e+12	1.83e-23	5.13e-12	1.00e+00
 4.05356e+12	2.12e-23	5.54e-12	1.00e+00
 4.23954e+12	2.46e-23	5.99e-12	1.00e+00
 4.43905e+12	2.87e-23	6.49e-12	1.00e+00
 4.64654e+12	3.35e-23	7.03e-12	1.00e+00
 4.86233e+12	3.92e-23	7.61e-12	1.00e+00
 5.08675e+12	4.57e-23	8.25e-12	1.00e+00
 5.32014e+12	5.34e-23	8.94e-12	1.00e+00
 5.56288e+12	6.24e-23	9.69e-12	1.00e+00
 5.81532e+12	7.30e-23	1.05e-11	1.00e+00
 6.07786e+12	8.53e-23	1.14e-11	1.00e+00
 6.35090e+12	9.97e-23	1.23e-11	1.00e+00
 6.63486e+12	1.17e-22	1.34e-11	1.00e+00
 6.91188e+12	1.35e-22	1.44e-11	1.00e+00
 7.17520e+12	1.55e-22	1.55e-11	1.00e+00
 7.46736e+12	1.78e-22	1.67e-11	1.00e+00
 7.78636e+12	2.09e-22	1.80e-11	1.00e+00
 8.09398e+12	2.40e-22	1.94e-11	1.00e+00
 8.42351e+12	2.78e-22	2.09e-11	1.00e+00
 8.79038e+12	3.26e-22	2.27e-11	1.00e+00
 9.16036e+12	3.80e-22	2.46e-11	1.00e+00
 9.54513e+12	4.42e-22	2.66e-11	1.00e+00
 9.95686e+12	5.18e-22	2.89e-11	1.00e+00
 1.03851e+13	6.07e-22	3.13e-11	1.00e+00
 1.08304e+13	7.11e-22	3.40e-11	1.00e+00
 1.12935e+13	8.33e-22	3.70e-11	1.00e+00
 1.17752e+13	9.76e-22	4.02e-11	1.00e+00
 1.22761e+13	1.14e-21	4.36e-11	1.00e+00
 1.27971e+13	1.34e-21	4.74e-11	1.00e+00
 1.32861e+13	1.55e-21	5.11e-11	1.00e+00
 1.37218e+13	1.75e-21	5.46e-11	1.00e+00
 1.42103e+13	2.00e-21	5.86e-11	1.00e+00
 1.47911e+13	2.34e-21	6.36e-11	1.00e+00
 1.53734e+13	2.72e-21	6.89e-11	1.00e+00
 1.59179e+13	3.11e-21	7.41e-11	1.00e+00
 1.65235e+13	3.58e-21	8.01e-11	1.00e+00
 1.72144e+13	4.21e-21	8.72e-11	1.00e+00
 1.79000e+13	4.90e-21	9.47e-11	1.00e+00
 1.86131e+13	5.70e-21	1.03e-10	1.00e+00
 1.93875e+13	6.68e-21	1.12e-10	1.00e+00
 2.01754e+13	7.81e-21	1.22e-10	1.00e+00
 2.09052e+13	8.97e-21	1.32e-10	1.00e+00
 2.15724e+13	1.01e-20	1.41e-10	1.00e+00
 2.23328e+13	1.15e-20	1.53e-10	1.00e+00
 2.32327e+13	1.35e-20	1.67e-10	1.00e+00
 2.41264e+13	1.56e-20	1.81e-10	1.00e+00
 2.49542e+13	1.78e-20	1.95e-10	1.00e+00
 2.58807e+13	2.04e-20	2.12e-10	1.00e+00
 2.69458e+13	2.39e-20	2.32e-10	1.00e+00
 2.79869e+13	2.76e-20	2.53e-10	1.00e+00
 2.89800e+13	3.15e-20	2.74e-10	1.00e+00
 3.00795e+13	3.62e-20	2.99e-10	1.00e+00
 3.13126e+13	4.21e-20	3.28e-10	1.00e+00
 3.25492e+13	4.86e-20	3.60e-10	1.00e+00
 3.38353e+13	5.60e-20	3.94e-10	1.00e+00
 3.51800e+13	6.47e-20	4.32e-10	1.00e+00
 3.65117e+13	7.39e-20	4.73e-10	1.00e+00
 3.79353e+13	8.46e-20	5.18e-10	1.00e+00
 3.94826e+13	9.75e-20	5.71e-10	1.00e+00
 4.10918e+13	1.12e-19	6.29e-10	1.00e+00
 4.27654e+13	1.29e-19	6.94e-10	1.00e+00
 4.45060e+13	1.47e-19	7.66e-10	1.00e+00
 4.60812e+13	1.66e-19	8.35e-10	1.00e+00
 4.73960e+13	1.82e-19	8.95e-10	1.00e+00
 4.88378e+13	2.00e-19	9.64e-10	1.00e+00
 5.06607e+13	2.26e-19	1.06e-09	1.00e+00
 5.25622e+13	2.55e-19	1.16e-09	1.00e+00
 5.41789e+13	2.83e-19	1.25e-09	1.00e+00
 5.58424e+13	3.12e-19	1.35e-09	1.00e+00
 5.79333e+13	3.53e-19	1.47e-09	1.00e+00
 6.00634e+13	3.98e-19	1.61e-09	1.00e+00
 6.19087e+13	4.39e-19	1.74e-09	1.00e+00
 6.39002e+13	4.87e-19	1.88e-09	1.00e+00
 6.63413e+13	5.51e-19	2.06e-09	1.00e+00
 6.88404e+13	6.24e-19	2.26e-09	1.00e+00
 7.11304e+13	6.96e-19	2.45e-09	1.00e+00
 7.36746e+13	7.84e-19	2.66e-09	1.00e+00
 7.66299e+13	8.97e-19	2.93e-09	1.00e+00
 7.95445e+13	1.02e-18	3.21e-09	1.00e+00
 8.23248e+13	1.15e-18	3.48e-09	1.00e+00
 8.53968e+13	1.32e-18	3.80e-09	1.00e+00
 8.88426e+13	1.52e-18	4.17e-09	1.00e+00
 9.23039e+13	1.75e-18	4.57e-09	1.00e+00
 9.53924e+13	1.98e-18	4.94e-09	1.00e+00
 9.79949e+13	2.20e-18	5.26e-09	1.00e+00
 1.00798e+14	2.45e-18	5.62e-09	1.00e+00
 1.04442e+14	2.81e-18	6.10e-09	1.00e+00
 1.08254e+14	3.24e-18	6.63e-09	1.00e+00
 1.11510e+14	3.64e-18	7.10e-09	1.00e+00
 1.14969e+14	4.11e-18	7.62e-09	1.00e+00
 1.19277e+14	4.76e-18	8.29e-09	1.00e+00
 1.23706e+14	5.52e-18	9.02e-09	1.00e+00
 1.27667e+14	6.28e-18	9.69e-09	1.00e+00
 1.32005e+14	7.21e-18	1.05e-08	1.00e+00
 1.36756e+14	8.35e-18	1.13e-08	1.00e+00
 1.41091e+14	9.50e-18	1.22e-08	1.00e+00
 1.45772e+14	1.09e-17	1.31e-08	1.00e+00
 1.51018e+14	1.26e-17	1.42e-08	1.00e+00
 1.55974e+14	1.45e-17	1.53e-08	1.00e+00
 1.61393e+14	1.67e-17	1.65e-08	1.00e+00
 1.67401e+14	1.95e-17	1.79e-08	1.00e+00
 1.72998e+14	2.24e-17	1.92e-08	1.00e+00
 1.79101e+14	2.59e-17	2.07e-08	1.00e+00
 1.85935e+14	3.04e-17	2.25e-08	1.00e+00
 1.92408e+14	3.51e-17	2.43e-08	1.00e+00
 1.99421e+14	4.08e-17	2.62e-08	1.00e+00
 2.07239e+14	4.79e-17	2.85e-08	1.00e+00
 2.14765e+14	5.57e-17	3.08e-08	1.00e+00
 2.22782e+14	6.49e-17	3.33e-08	1.00e+00
 2.31723e+14	7.65e-17	3.62e-08	1.00e+00
 2.40705e+14	8.96e-17	3.92e-08	1.00e+00
 2.50047e+14	1.05e-16	4.25e-08	1.00e+00
 2.60079e+14	1.24e-16	4.62e-08	1.00e+00
 2.70512e+14	1.45e-16	5.01e-08	1.00e+00
 2.80509e+14	1.69e-16	5.40e-08	1.00e+00
 2.89743e+14	1.93e-16	5.78e-08	1.00e+00
 2.98446e+14	2.17e-16	6.14e-08	1.00e+00
 3.07984e+14	2.47e-16	6.55e-08	1.00e+00
 3.18668e+14	2.84e-16	7.02e-08	1.00e+00
 3.28786e+14	3.22e-16	7.48e-08	1.00e+00
 3.39883e+14	3.68e-16	8.01e-08	1.00e+00
 3.52317e+14	4.25e-16	8.61e-08	1.00e+00
 3.63905e+14	4.85e-16	9.19e-08	1.00e+00
 3.74733e+14	5.45e-16	9.75e-08	1.00e+00
 3.87154e+14	6.21e-16	1.04e-07	1.00e+00
 4.02073e+14	7.22e-16	1.12e-07	1.00e+00
 4.16748e+14	8.34e-16	1.21e-07	1.00e+00
 4.29748e+14	9.42e-16	1.28e-07	1.00e+00
 4.44064e+14	1.07e-15	1.37e-07	1.00e+00
 4.61213e+14	1.25e-15	1.48e-07	1.00e+00
 4.78325e+14	1.44e-15	1.59e-07	1.00e+00
 4.93944e+14	1.64e-15	1.69e-07	1.00e+00
 5.11346e+14	1.88e-15	1.81e-07	1.00e+00
 5.31620e+14	2.19e-15	1.96e-07	1.00e+00
 5.51540e+14	2.53e-15	2.11e-07	1.00e+00
 5.70315e+14	2.89e-15	2.25e-07	1.00e+00
 5.91216e+14	3.33e-15	2.42e-07	1.00e+00
 6.14894e+14	3.89e-15	2.62e-07	1.00e+00
 6.38559e+14	4.51e-15	2.82e-07	1.00e+00
 6.63170e+14	5.24e-15	3.04e-07	1.00e+00
 6.89727e+14	6.12e-15	3.29e-07	1.00e+00
 7.17346e+14	7.15e-15	3.55e-07	1.00e+00
 7.44075e+14	8.26e-15	3.82e-07	1.00e+00
 7.69190e+14	9.41e-15	4.08e-07	1.00e+00
 7.97303e+14	1.08e-14	4.39e-07	1.00e+00
 8.25725e+14	1.25e-14	4.71e-07	1.00e+00
 8.49427e+14	1.39e-14	4.98e-07	1.00e+00
 8.74560e+14	1.56e-14	5.28e-07	1.00e+00
 9.06556e+14	1.80e-14	5.68e-07	1.00e+00
 9.39994e+14	2.08e-14	6.11e-07	1.00e+00
 9.69610e+14	2.35e-14	6.51e-07	1.00e+00
 1.00174e+15	2.68e-14	6.95e-07	1.00e+00
 1.04031e+15	3.11e-14	7.51e-07	1.00e+00
 1.07934e+15	3.60e-14	8.09e-07	1.00e+00
 1.11591e+15	4.11e-14	8.66e-07	1.00e+00
 1.15655e+15	4.74e-14	9.31e-07	1.00e+00
 1.19958e+15	5.49e-14	1.00e-06	1.00e+00
 1.23780e+15	6.21e-14	1.07e-06	1.00e+00
 1.27893e+15	7.08e-14	1.14e-06	1.00e+00
 1.32824e+15	8.23e-14	1.24e-06	1.00e+00
 1.37677e+15	9.49e-14	1.33e-06	1.00e+00
 1.41996e+15	1.07e-13	1.42e-06	1.00e+00
 1.46761e+15	1.22e-13	1.52e-06	1.00e+00
 1.52445e+15	1.42e-13	1.64e-06	1.00e+00
 1.58091e+15	1.64e-13	1.77e-06	1.00e+00
 1.63249e+15	1.86e-13	1.89e-06	1.00e+00
 1.69006e+15	2.14e-13	2.03e-06	1.00e+00
 1.75706e+15	2.49e-13	2.20e-06	1.00e+00
 1.82286e+15	2.88e-13	2.38e-06	1.00e+00
 1.88497e+15	3.28e-13	2.55e-06	1.00e+00
 1.95409e+15	3.78e-13	2.74e-06	1.00e+00
 2.03228e+15	4.40e-13	2.97e-06	1.00e+00
 2.11055e+15	5.09e-13	3.22e-06	1.00e+00
 2.18397e+15	5.81e-13	3.45e-06	1.00e+00
 2.26339e+15	6.67e-13	3.71e-06	1.00e+00
 2.35216e+15	7.73e-13	4.02e-06	1.00e+00
 2.43530e+15	8.83e-13	4.31e-06	1.00e+00
 2.51246e+15	9.94e-13	4.60e-06	1.00e+00
 2.58668e+15	1.11e-12	4.88e-06	1.00e+00
 2.66905e+15	1.25e-12	5.21e-06	1.00e+00
 2.76028e+15	1.42e-12	5.58e-06	1.00e+00
 2.84538e+15	1.59e-12	5.93e-06	1.00e+00
 2.93839e+15	1.80e-12	6.34e-06	1.00e+00
 3.04300e+15	2.05e-12	6.81e-06	1.00e+00
 3.14252e+15	2.31e-12	7.27e-06	1.00e+00
 3.25174e+15	2.62e-12	7.79e-06	1.00e+00
 3.37211e+15	3.00e-12	8.40e-06	1.00e+00
 3.48289e+15	3.38e-12	8.97e-06	1.00e+00
 3.60280e+15	3.83e-12	9.61e-06	1.00e+00
 3.73694e+15	4.39e-12	1.04e-05	1.00e+00
 3.86323e+15	4.96e-12	1.11e-05	1.00e+00
 4.00107e+15	5.65e-12	1.19e-05	1.00e+00
 4.15423e+15	6.49e-12	1.29e-05	1.00e+00
 4.29727e+15	7.36e-12	1.38e-05	1.00e+00
 4.45238e+15	8.39e-12	1.48e-05	1.00e+00
 4.62579e+15	9.67e-12	1.61e-05	1.00e+00
 4.79088e+15	1.10e-11	1.73e-05	1.00e+00
 4.96728e+15	1.26e-11	1.86e-05	1.00e+00
 5.16600e+15	1.46e-11	2.02e-05	1.00e+00
 5.36226e+15	1.68e-11	2.18e-05	1.00e+00
 5.55023e+15	1.92e-11	2.35e-05	1.00e+00
 5.75611e+15	2.21e-11	2.53e-05	1.00e+00
 5.98639e+15	2.57e-11	2.75e-05	1.00e+00
 6.18337e+15	2.91e-11	2.95e-05	1.00e+00
 6.33108e+15	3.19e-11	3.10e-05	1.00e+00
 6.48775e+15	3.51e-11	3.27e-05	1.00e+00
 6.69142e+15	3.97e-11	3.50e-05	1.00e+00
 6.91468e+15	4.52e-11	3.75e-05	1.00e+00
 7.11957e+15	5.08e-11	4.00e-05	1.00e+00
 7.34208e+15	5.75e-11	4.28e-05	1.00e+00
 7.59348e+15	6.59e-11	4.60e-05	1.00e+00
 7.83492e+15	7.49e-11	4.93e-05	1.00e+00
 8.10128e+15	8.60e-11	5.31e-05	1.00e+00
 8.39812e+15	9.97e-11	5.75e-05	1.00e+00
 8.67620e+15	1.14e-10	6.18e-05	1.00e+00
 8.97935e+15	1.32e-10	6.68e-05	1.00e+00
 9.31656e+15	1.54e-10	7.25e-05	1.00e+00
 9.63058e+15	1.77e-10	7.81e-05	1.00e+00
 9.97134e+15	2.06e-10	8.45e-05	1.00e+00
 1.03520e+16	2.42e-10	9.20e-05	1.00e+00
 1.07092e+16	2.80e-10	9.93e-05	1.00e+00
 1.10959e+16	3.26e-10	1.08e-04	1.00e+00
 1.15273e+16	3.85e-10	1.17e-04	1.00e+00
 1.19358e+16	4.48e-10	1.27e-04	1.00e+00
 1.23731e+16	5.25e-10	1.38e-04	1.00e+00
 1.28681e+16	6.23e-10	1.51e-04	1.00e+00
 1.33532e+16	7.33e-10	1.64e-04	1.00e+00
 1.38577e+16	8.63e-10	1.78e-04	1.00e+00
 1.43183e+16	9.97e-10	1.92e-04	1.00e+00
 1.46594e+16	1.11e-09	2.02e-04	1.00e+00
 1.50097e+16	1.23e-09	2.14e-04	1.00e+00
 1.54651e+16	1.40e-09	2.29e-04	1.00e+00
 1.59605e+16	1.61e-09	2.46e-04	1.00e+00
 1.64089e+16	1.82e-09	2.61e-04	1.00e+00
 1.68928e+16	2.07e-09	2.79e-04	1.00e+00
 1.75097e+16	2.42e-09	3.03e-04	1.00e+00
 1.81309e+16	2.83e-09	3.27e-04	1.00e+00
 1.86456e+16	3.20e-09	3.49e-04	1.00e+00
 1.91905e+16	3.64e-09	3.72e-04	1.00e+00
 1.98885e+16	4.26e-09	4.03e-04	1.00e+00
 2.06262e+16	5.00e-09	4.37e-04	1.00e+00
 2.12860e+16	5.74e-09	4.69e-04	1.00e+00
 2.20036e+16	6.64e-09	5.05e-04	9.99e-01
 2.28574e+16	7.85e-09	5.50e-04	9.99e-01
 2.37023e+16	9.20e-09	5.96e-04	9.99e-01
 2.44725e+16	1.06e-08	6.40e-04	9.99e-01
 2.53312e+16	1.23e-08	6.91e-04	9.99e-01
 2.63329e+16	1.46e-08	7.52e-04	9.99e-01
 2.73159e+16	1.71e-08	8.16e-04	9.99e-01
 2.82435e+16	1.98e-08	8.77e-04	9.99e-01
 2.92785e+16	2.32e-08	9.50e-04	9.99e-01
 3.02593e+16	2.67e-08	1.02e-03	9.99e-01
 3.09844e+16	2.97e-08	1.08e-03	9.99e-01
 3.17165e+16	3.28e-08	1.13e-03	9.99e-01
 3.26682e+16	3.73e-08	1.21e-03	9.99e-01
 3.37040e+16	4.27e-08	1.29e-03	9.99e-01
 3.46384e+16	4.81e-08	1.37e-03	9.99e-01
 3.56423e+16	5.44e-08	1.46e-03	9.99e-01
 3.69339e+16	6.34e-08	1.58e-03	9.98e-01
 3.82365e+16	7.37e-08	1.70e-03	9.98e-01
 3.93014e+16	8.29e-08	1.80e-03	9.98e-01
 4.04205e+16	9.35e-08	1.91e-03	9.98e-01
 4.18741e+16	1.09e-07	2.06e-03	9.98e-01
 4.34188e+16	1.27e-07	2.23e-03	9.98e-01
 4.47679e+16	1.45e-07	2.38e-03	9.98e-01
 4.62064e+16	1.66e-07	2.55e-03	9.97e-01
 4.79598e+16	1.94e-07	2.76e-03	9.97e-01
 4.97034e+16	2.26e-07	2.98e-03	9.97e-01
 5.12396e+16	2.57e-07	3.18e-03	9.97e-01
 5.29258e+16	2.95e-07	3.41e-03	9.97e-01
 5.49565e+16	3.46e-07	3.69e-03	9.96e-01
 5.68932e+16	4.00e-07	3.97e-03	9.96e-01
 5.85185e+16	4.50e-07	4.22e-03	9.96e-01
 5.99793e+16	4.99e-07	4.44e-03	9.96e-01
 6.15772e+16	5.58e-07	4.70e-03	9.95e-01
 6.33674e+16	6.30e-07	5.00e-03	9.95e-01
 6.50515e+16	7.04e-07	5.28e-03	9.95e-01
 6.68846e+16	7.92e-07	5.60e-03	9.94e-01
 6.89029e+16	8.99e-07	5.97e-03	9.94e-01
 7.07683e+16	1.01e-06	6.32e-03	9.94e-01
 7.27996e+16	1.14e-06	6.71e-03	9.93e-01
 7.50627e+16	1.29e-06	7.17e-03	9.93e-01
 7.71986e+16	1.46e-06	7.61e-03	9.92e-01
 7.95469e+16	1.66e-06	8.11e-03	9.92e-01
 8.21410e+16	1.90e-06	8.69e-03	9.91e-01
 8.45091e+16	2.14e-06	9.23e-03	9.91e-01
 8.70419e+16	2.43e-06	9.85e-03	9.90e-01
 8.98527e+16	2.79e-06	1.05e-02	9.89e-01
 9.24877e+16	3.15e-06	1.12e-02	9.89e-01
 9.53757e+16	3.61e-06	1.20e-02	9.88e-01
 9.84155e+16	4.12e-06	1.28e-02	9.87e-01
 1.01045e+17	4.60e-06	1.36e-02	9.86e-01
 1.03345e+17	5.06e-06	1.43e-02	9.86e-01
 1.05821e+17	5.61e-06	1.51e-02	9.85e-01
 1.08560e+17	6.27e-06	1.59e-02	9.84e-01
 1.11108e+17	6.91e-06	1.68e-02	9.83e-01
 1.13887e+17	7.72e-06	1.78e-02	9.82e-01
 1.16877e+17	8.61e-06	1.88e-02	9.81e-01
 1.19563e+17	9.49e-06	1.98e-02	9.80e-01
 1.22476e+17	1.06e-05	2.10e-02	9.79e-01
 1.25651e+17	1.18e-05	2.23e-02	9.78e-01
 1.28534e+17	1.30e-05	2.35e-02	9.76e-01
 1.31654e+17	1.45e-05	2.49e-02	9.75e-01
 1.35051e+17	1.62e-05	2.65e-02	9.73e-01
 1.38154e+17	1.79e-05	2.80e-02	9.72e-01
 1.41532e+17	2.00e-05	2.99e-02	9.70e-01
 1.45174e+17	2.24e-05	3.19e-02	9.68e-01
 1.48473e+17	2.49e-05	3.38e-02	9.66e-01
 1.52074e+17	2.79e-05	3.62e-02	9.64e-01
 1.55968e+17	3.15e-05	3.89e-02	9.61e-01
 1.59463e+17	3.49e-05	4.14e-02	9.59e-01
 1.63227e+17	3.94e-05	4.46e-02	9.55e-01
 1.67241e+17	4.44e-05	4.81e-02	9.52e-01
 1.70851e+17	4.96e-05	5.15e-02	9.48e-01
 1.74814e+17	5.64e-05	5.59e-02	9.44e-01
 1.78491e+17	6.29e-05	6.01e-02	9.40e-01
 1.81073e+17	6.82e-05	6.34e-02	9.37e-01
 1.83704e+17	7.46e-05	6.72e-02	9.33e-01
 1.86666e+17	8.22e-05	7.17e-02	9.28e-01
 1.89530e+17	9.07e-05	7.65e-02	9.23e-01
 1.92194e+17	9.92e-05	8.13e-02	9.19e-01
 1.95126e+17	1.10e-04	8.74e-02	9.12e-01
 1.98359e+17	1.24e-04	9.46e-02	9.05e-01
 2.01041e+17	1.37e-04	1.01e-01	8.99e-01
 2.03583e+17	1.51e-04	1.09e-01	8.91e-01
 2.06433e+17	1.70e-04	1.17e-01	8.82e-01
 2.09066e+17	1.89e-04	1.27e-01	8.73e-01
 2.11385e+17	2.07e-04	1.36e-01	8.64e-01
 2.13915e+17	2.34e-04	1.47e-01	8.53e-01
 2.16444e+17	2.61e-04	1.59e-01	8.41e-01
 2.18630e+17	2.90e-04	1.71e-01	8.29e-01
 2.21132e+17	3.28e-04	1.86e-01	8.14e-01
 2.23785e+17	3.72e-04	2.04e-01	7.96e-01
 2.26194e+17	4.24e-04	2.22e-01	7.77e-01
 2.28235e+17	4.69e-04	2.40e-01	7.60e-01
 2.30239e+17	5.28e-04	2.59e-01	7.41e-01
 2.32330e+17	5.92e-04	2.80e-01	7.19e-01
 2.34534e+17	6.70e-04	3.06e-01	6.93e-01
 2.36636e+17	7.57e-04	3.32e-01	6.68e-01
 2.37934e+17	8.13e-04	3.48e-01	6.51e-01
 2.38953e+17	8.63e-04	3.63e-01	6.36e-01
 2.40278e+17	9.35e-04	3.83e-01	6.16e-01
 2.41767e+17	1.02e-03	4.06e-01	5.93e-01
 2.43150e+17	1.11e-03	4.27e-01	5.72e-01
 2.44312e+17	1.19e-03	4.46e-01	5.53e-01
 2.45506e+17	1.28e-03	4.67e-01	5.32e-01
 2.47057e+17	1.40e-03	4.94e-01	5.05e-01
 2.48634e+17	1.53e-03	5.21e-01	4.77e-01
 2.49902e+17	1.64e-03	5.43e-01	4.55e-01
 2.51205e+17	1.77e-03	5.67e-01	4.31e-01
 2.52644e+17	1.91e-03	5.93e-01	4.05e-01
 2.53974e+17	2.04e-03	6.15e-01	3.82e-01
 2.55205e+17	2.18e-03	6.37e-01	3.61e-01
 2.56593e+17	2.35e-03	6.61e-01	3.37e-01
 2.58081e+17	2.52e-03	6.85e-01	3.13e-01
 2.59389e+17	2.68e-03	7.04e-01	2.93e-01
 2.60780e+17	2.87e-03	7.26e-01	2.71e-01
 2.62284e+17	3.08e-03	7.47e-01	2.50e-01
 2.63629e+17	3.26e-03	7.64e-01	2.33e-01
 2.64871e+17	3.44e-03	7.79e-01	2.17e-01
 2.66288e+17	3.67e-03	7.97e-01	2.00e-01
 2.67841e+17	3.91e-03	8.13e-01	1.83e-01
 2.69240e+17	4.15e-03	8.27e-01	1.69e-01
 2.70521e+17	4.38e-03	8.39e-01	1.57e-01
 2.71981e+17	4.66e-03	8.52e-01	1.44e-01
 2.73586e+17	4.97e-03	8.64e-01	1.31e-01
 2.75038e+17	5.28e-03	8.74e-01	1.21e-01
 2.76364e+17	5.59e-03	8.82e-01	1.12e-01
 2.77870e+17	5.96e-03	8.91e-01	1.03e-01
 2.79520e+17	6.40e-03	9.00e-01	9.34e-02
 2.81027e+17	6.85e-03	9.07e-01	8.59e-02
 2.82654e+17	7.36e-03	9.14e-01	7.83e-02
 2.84433e+17	8.01e-03	9.21e-01	7.10e-02
 2.86040e+17	8.67e-03	9.26e-01	6.51e-02
 2.87498e+17	9.35e-03	9.30e-01	6.02e-02
 2.89130e+17	1.02e-02	9.35e-01	5.50e-02
 2.90893e+17	1.12e-02	9.39e-01	5.02e-02
 2.92395e+17	1.23e-02	9.41e-01	4.65e-02
 2.93664e+17	1.34e-02	9.43e-01	4.35e-02
 2.95063e+17	1.46e-02	9.45e-01	4.04e-02
 2.96512e+17	1.62e-02	9.46e-01	3.76e-02
 2.97655e+17	1.76e-02	9.47e-01	3.55e-02
 2.98578e+17	1.90e-02	9.47e-01	3.39e-02
 2.99588e+17	2.07e-02	9.47e-01	3.22e-02
 3.00701e+17	2.27e-02	9.47e-01	3.05e-02
 3.01689e+17	2.49e-02	9.46e-01	2.91e-02
 3.02515e+17	2.69e-02	9.45e-01	2.81e-02
 3.03393e+17	2.94e-02	9.44e-01	2.69e-02
 3.04358e+17	3.26e-02	9.42e-01	2.57e-02
 3.05200e+17	3.58e-02	9.39e-01	2.48e-02
 3.05908e+17	3.88e-02	9.37e-01	2.41e-02
 3.06558e+17	4.22e-02	9.34e-01	2.34e-02
 3.07286e+17	4.61e-02	9.31e-01	2.27e-02
 3.08232e+17	5.20e-02	9.26e-01	2.19e-02
 3.09149e+17	5.90e-02	9.20e-01	2.12e-02
 3.09800e+17	6.51e-02	9.14e-01	2.08e-02
 3.10421e+17	7.14e-02	9.08e-01	2.04e-02
 3.11228e+17	8.08e-02	8.99e-01	1.98e-02
 3.11997e+17	9.15e-02	8.89e-01	1.95e-02
 3.12535e+17	1.00e-01	8.80e-01	1.94e-02
 3.13007e+17	1.09e-01	8.72e-01	1.91e-02
 3.13554e+17	1.20e-01	8.61e-01	1.89e-02
 3.14131e+17	1.33e-01	8.48e-01	1.88e-02
 3.14623e+17	1.45e-01	8.36e-01	1.87e-02
 3.15029e+17	1.57e-01	8.25e-01	1.87e-02
 3.15401e+17	1.68e-01	8.13e-01	1.86e-02
 3.15700e+17	1.78e-01	8.04e-01	1.86e-02
 3.15910e+17	1.85e-01	7.97e-01	1.86e-02
 3.16113e+17	1.92e-01	7.89e-01	1.85e-02
 3.16355e+17	2.01e-01	7.80e-01	1.85e-02
 3.16616e+17	2.11e-01	7.70e-01	1.84e-02
 3.16850e+17	2.21e-01	7.61e-01	1.84e-02
 3.17060e+17	2.30e-01	7.52e-01	1.84e-02
 3.17278e+17	2.40e-01	7.42e-01	1.83e-02
 3.17508e+17	2.50e-01	7.31e-01	1.83e-02
 3.17734e+17	2.61e-01	7.21e-01	1.83e-02
 3.17954e+17	2.72e-01	7.10e-01	1.82e-02
 3.18171e+17	2.83e-01	6.98e-01	1.82e-02
 3.18392e+17	2.95e-01	6.87e-01	1.81e-02
 3.18614e+17	3.08e-01	6.74e-01	1.81e-02
 3.18833e+17	3.20e-01	6.62e-01	1.80e-02
 3.19049e+17	3.33e-01	6.49e-01	1.79e-02
 3.19268e+17	3.46e-01	6.36e-01	1.78e-02
 3.19490e+17	3.61e-01	6.22e-01	1.77e-02
 3.19710e+17	3.75e-01	6.08e-01	1.76e-02
 3.19927e+17	3.89e-01	5.94e-01	1.75e-02
 3.20149e+17	4.04e-01	5.79e-01	1.73e-02
 3.20374e+17	4.19e-01	5.63e-01	1.72e-02
 3.20599e+17	4.35e-01	5.48e-01	1.70e-02
 3.20822e+17	4.51e-01	5.32e-01	1.68e-02
 3.21046e+17	4.67e-01	5.16e-01	1.65e-02
 3.21278e+17	4.84e-01	5.00e-01	1.63e-02
 3.21513e+17	5.01e-01	4.83e-01	1.60e-02
 3.21745e+17	5.18e-01	4.66e-01	1.57e-02
 3.21964e+17	5.34e-01	4.51e-01	1.54e-02
 3.22165e+17	5.48e-01	4.36e-01	1.51e-02
 3.22360e+17	5.63e-01	4.23e-01	1.48e-02
 3.22555e+17	5.77e-01	4.09e-01	1.45e-02
 3.22750e+17	5.91e-01	3.95e-01	1.41e-02
 3.22938e+17	6.03e-01	3.83e-01	1.38e-02
 3.23122e+17	6.16e-01	3.71e-01	1.35e-02
 3.23304e+17	6.28e-01	3.59e-01	1.32e-02
 3.23479e+17	6.39e-01	3.48e-01	1.28e-02
 3.23651e+17	6.50e-01	3.38e-01	1.25e-02
 3.23822e+17	6.60e-01	3.27e-01	1.22e-02
 3.23992e+17	6.70e-01	3.18e-01	1.19e-02
 3.24160e+17	6.80e-01	3.09e-01	1.16e-02
 3.24327e+17	6.89e-01	3.00e-01	1.13e-02
 3.24493e+17	6.97e-01	2.91e-01	1.10e-02
 3.24658e+17	7.06e-01	2.83e-01	1.08e-02
 3.24823e+17	7.14e-01	2.76e-01	1.05e-02
 3.24988e+17	7.21e-01	2.69e-01	1.02e-02
 3.25153e+17	7.28e-01	2.62e-01	9.98e-03
 3.25320e+17	7.35e-01	2.55e-01	9.73e-03
 3.25487e+17	7.42e-01	2.49e-01	9.49e-03
 3.25655e+17	7.48e-01	2.43e-01	9.26e-03
 3.25826e+17	7.54e-01	2.37e-01	9.03e-03
 3.25998e+17	7.60e-01	2.31e-01	8.81e-03
 3.26172e+17	7.65e-01	2.26e-01	8.59e-03
 3.26349e+17	7.71e-01	2.21e-01	8.38e-03
 3.26529e+17	7.75e-01	2.16e-01	8.18e-03
 3.26713e+17	7.80e-01	2.12e-01	7.98e-03
 3.26900e+17	7.85e-01	2.07e-01	7.79e-03
 3.27091e+17	7.89e-01	2.03e-01	7.61e-03
 3.27287e+17	7.93e-01	1.99e-01	7.43e-03
 3.27487e+17	7.97e-01	1.96e-01	7.25e-03
 3.27694e+17	8.01e-01	1.92e-01	7.08e-03
 3.27906e+17	8.04e-01	1.89e-01	6.91e-03
 3.28124e+17	8.08e-01	1.85e-01	6.75e-03
 3.28349e+17	8.11e-01	1.82e-01	6.60e-03
 3.28579e+17	8.14e-01	1.79e-01	6.44e-03
 3.28817e+17	8.17e-01	1.77e-01	6.29e-03
 3.29062e+17	8.20e-01	1.74e-01	6.15e-03
 3.29314e+17	8.23e-01	1.71e-01	6.00e-03
 3.29573e+17	8.25e-01	1.69e-01	5.86e-03
 3.29840e+17	8.28e-01	1.66e-01	5.73e-03
 3.30115e+17	8.30e-01	1.64e-01	5.59e-03
 3.30398e+17	8.33e-01	1.62e-01	5.46e-03
 3.30689e+17	8.35e-01	1.60e-01	5.33e-03
 3.30988e+17	8.37e-01	1.57e-01	5.20e-03
 3.31296e+17	8.40e-01	1.55e-01	5.07e-03
 3.31613e+17	8.42e-01	1.53e-01	4.95e-03
 3.31940e+17	8.44e-01	1.51e-01	4.82e-03
 3.32277e+17	8.46e-01	1.49e-01	4.70e-03
 3.32626e+17	8.48e-01	1.47e-01	4.57e-03
 3.32983e+17	8.50e-01	1.45e-01	4.45e-03
 3.33369e+17	8.52e-01	1.43e-01	4.32e-03
 3.33786e+17	8.55e-01	1.41e-01	4.20e-03
 3.34220e+17	8.57e-01	1.39e-01	4.07e-03
 3.34701e+17	8.59e-01	1.37e-01	3.93e-03
 3.35256e+17	8.62e-01	1.34e-01	3.77e-03
 3.35882e+17	8.65e-01	1.31e-01	3.60e-03
 3.36543e+17	8.68e-01	1.28e-01	3.43e-03
 3.37197e+17	8.71e-01	1.25e-01	3.26e-03
 3.37804e+17	8.74e-01	1.23e-01	3.12e-03
 3.38356e+17	8.77e-01	1.20e-01	2.99e-03
 3.38858e+17	8.79e-01	1.18e-01	2.87e-03
 3.39314e+17	8.81e-01	1.16e-01	2.77e-03
 3.39730e+17	8.83e-01	1.14e-01	2.68e-03
 3.40108e+17	8.85e-01	1.13e-01	2.60e-03
 3.40452e+17	8.86e-01	1.11e-01	2.53e-03
 3.40829e+17	8.88e-01	1.10e-01	2.45e-03
 3.41236e+17	8.90e-01	1.08e-01	2.38e-03
 3.41607e+17	8.91e-01	1.07e-01	2.31e-03
 3.41944e+17	8.93e-01	1.05e-01	2.25e-03
 3.42251e+17	8.94e-01	1.04e-01	2.19e-03
 3.42587e+17	8.95e-01	1.02e-01	2.13e-03
 3.42950e+17	8.97e-01	1.01e-01	2.07e-03
 3.43280e+17	8.98e-01	9.99e-02	2.02e-03
 3.43581e+17	8.99e-01	9.87e-02	1.96e-03
 3.43854e+17	9.01e-01	9.75e-02	1.92e-03
 3.44154e+17	9.02e-01	9.63e-02	1.87e-03
 3.44477e+17	9.03e-01	9.52e-02	1.82e-03
 3.44772e+17	9.04e-01	9.41e-02	1.78e-03
 3.45094e+17	9.05e-01	9.28e-02	1.73e-03
 3.45443e+17	9.07e-01	9.17e-02	1.69e-03
 3.45760e+17	9.08e-01	9.06e-02	1.64e-03
 3.46048e+17	9.09e-01	8.95e-02	1.60e-03
 3.46364e+17	9.10e-01	8.83e-02	1.56e-03
 3.46705e+17	9.11e-01	8.73e-02	1.52e-03
 3.47016e+17	9.12e-01	8.62e-02	1.48e-03
 3.47299e+17	9.13e-01	8.52e-02	1.45e-03
 3.47608e+17	9.15e-01	8.41e-02	1.41e-03
 3.47942e+17	9.16e-01	8.31e-02	1.37e-03
 3.48247e+17	9.17e-01	8.21e-02	1.34e-03
 3.48523e+17	9.18e-01	8.11e-02	1.31e-03
 3.48827e+17	9.19e-01	8.01e-02	1.27e-03
 3.49154e+17	9.20e-01	7.91e-02	1.24e-03
 3.49452e+17	9.21e-01	7.82e-02	1.21e-03
 3.49723e+17	9.22e-01	7.73e-02	1.18e-03
 3.50020e+17	9.23e-01	7.63e-02	1.15e-03
 3.50341e+17	9.23e-01	7.54e-02	1.12e-03
 3.50633e+17	9.24e-01	7.45e-02	1.10e-03
 3.50899e+17	9.25e-01	7.36e-02	1.07e-03
 3.51190e+17	9.26e-01	7.27e-02	1.04e-03
 3.51504e+17	9.27e-01	7.19e-02	1.02e-03
 3.51790e+17	9.28e-01	7.11e-02	9.96e-04
 3.52104e+17	9.29e-01	7.01e-02	9.69e-04
 3.52442e+17	9.30e-01	6.92e-02	9.44e-04
 3.52750e+17	9.31e-01	6.84e-02	9.21e-04
 3.53030e+17	9.32e-01	6.76e-02	9.00e-04
 3.53337e+17	9.32e-01	6.67e-02	8.76e-04
 3.53668e+17	9.33e-01	6.60e-02	8.56e-04
 3.53970e+17	9.34e-01	6.52e-02	8.36e-04
 3.54300e+17	9.35e-01	6.43e-02	8.12e-04
 3.54657e+17	9.36e-01	6.34e-02	7.91e-04
 3.54982e+17	9.37e-01	6.27e-02	7.73e-04
 3.55338e+17	9.37e-01	6.18e-02	7.51e-04
 3.55722e+17	9.38e-01	6.11e-02	7.33e-04
 3.56071e+17	9.39e-01	6.03e-02	7.14e-04
 3.56454e+17	9.40e-01	5.94e-02	6.93e-04
 3.56868e+17	9.41e-01	5.86e-02	6.75e-04
 3.57244e+17	9.41e-01	5.78e-02	6.56e-04
 3.57656e+17	9.42e-01	5.69e-02	6.36e-04
 3.58102e+17	9.43e-01	5.61e-02	6.18e-04
 3.58507e+17	9.44e-01	5.53e-02	6.01e-04
 3.58875e+17	9.45e-01	5.46e-02	5.84e-04
 3.59279e+17	9.46e-01	5.38e-02	5.67e-04
 3.59715e+17	9.46e-01	5.31e-02	5.52e-04
 3.60112e+17	9.47e-01	5.24e-02	5.37e-04
 3.60547e+17	9.48e-01	5.15e-02	5.20e-04
 3.61016e+17	9.49e-01	5.08e-02	5.06e-04
 3.61444e+17	9.49e-01	5.01e-02	4.91e-04
 3.61912e+17	9.50e-01	4.93e-02	4.75e-04
 3.62417e+17	9.51e-01	4.85e-02	4.61e-04
 3.62877e+17	9.52e-01	4.78e-02	4.47e-04
 3.63295e+17	9.52e-01	4.71e-02	4.35e-04
 3.63754e+17	9.53e-01	4.64e-02	4.21e-04
 3.64350e+17	9.54e-01	4.56e-02	4.06e-04
 3.64994e+17	9.55e-01	4.47e-02	3.91e-04
 3.65579e+17	9.56e-01	4.39e-02	3.77e-04
 3.66112e+17	9.56e-01	4.32e-02	3.65e-04
 3.66597e+17	9.57e-01	4.25e-02	3.54e-04
 3.67129e+17	9.58e-01	4.18e-02	3.42e-04
 3.67703e+17	9.59e-01	4.11e-02	3.31e-04
 3.68225e+17	9.59e-01	4.05e-02	3.21e-04
 3.68797e+17	9.60e-01	3.98e-02	3.10e-04
 3.69415e+17	9.61e-01	3.91e-02	2.99e-04
 3.69977e+17	9.61e-01	3.85e-02	2.90e-04
 3.70593e+17	9.62e-01	3.77e-02	2.79e-04
 3.71258e+17	9.63e-01	3.71e-02	2.69e-04
 3.71863e+17	9.63e-01	3.64e-02	2.60e-04
 3.72413e+17	9.64e-01	3.59e-02	2.52e-04
 3.73017e+17	9.65e-01	3.52e-02	2.43e-04
 3.73668e+17	9.65e-01	3.46e-02	2.35e-04
 3.74261e+17	9.66e-01	3.41e-02	2.27e-04
 3.74910e+17	9.66e-01	3.34e-02	2.19e-04
 3.75612e+17	9.67e-01	3.28e-02	2.11e-04
 3.76250e+17	9.68e-01	3.23e-02	2.04e-04
 3.76949e+17	9.68e-01	3.17e-02	1.96e-04
 3.77704e+17	9.69e-01	3.11e-02	1.89e-04
 3.78391e+17	9.69e-01	3.05e-02	1.83e-04
 3.79144e+17	9.70e-01	2.99e-02	1.75e-04
 3.79957e+17	9.71e-01	2.93e-02	1.69e-04
 3.80696e+17	9.71e-01	2.88e-02	1.62e-04
 3.81507e+17	9.72e-01	2.82e-02	1.56e-04
 3.82381e+17	9.72e-01	2.76e-02	1.49e-04
 3.83178e+17	9.73e-01	2.70e-02	1.44e-04
 3.84050e+17	9.73e-01	2.65e-02	1.37e-04
 3.84992e+17	9.74e-01	2.59e-02	1.31e-04
 3.85849e+17	9.75e-01	2.53e-02	1.26e-04
 3.86788e+17	9.75e-01	2.48e-02	1.20e-04
 3.87802e+17	9.76e-01	2.42e-02	1.15e-04
 3.88725e+17	9.76e-01	2.37e-02	1.10e-04
 3.89564e+17	9.77e-01	2.32e-02	1.06e-04
 3.90484e+17	9.77e-01	2.27e-02	1.02e-04
 3.91681e+17	9.78e-01	2.21e-02	9.60e-05
 3.92972e+17	9.78e-01	2.15e-02	9.07e-05
 3.94147e+17	9.79e-01	2.09e-02	8.61e-05
 3.95216e+17	9.79e-01	2.04e-02	8.22e-05
 3.96189e+17	9.80e-01	2.00e-02	7.89e-05
 3.97256e+17	9.80e-01	1.95e-02	7.52e-05
 3.98407e+17	9.81e-01	1.91e-02	7.17e-05
 3.99454e+17	9.81e-01	1.87e-02	6.86e-05
 4.00602e+17	9.82e-01	1.82e-02	6.52e-05
 4.01841e+17	9.82e-01	1.77e-02	6.20e-05
 4.02969e+17	9.83e-01	1.73e-02	5.93e-05
 4.04205e+17	9.83e-01	1.69e-02	5.62e-05
 4.05539e+17	9.84e-01	1.64e-02	5.33e-05
 4.06753e+17	9.84e-01	1.60e-02	5.08e-05
 4.08083e+17	9.84e-01	1.56e-02	4.81e-05
 4.09519e+17	9.85e-01	1.52e-02	4.54e-05
 4.10826e+17	9.85e-01	1.48e-02	4.32e-05
 4.12258e+17	9.86e-01	1.44e-02	4.08e-05
 4.14120e+17	9.86e-01	1.38e-02	3.79e-05
 4.16250e+17	9.87e-01	1.33e-02	3.49e-05
 4.18353e+17	9.87e-01	1.28e-02	3.23e-05
 4.20405e+17	9.88e-01	1.23e-02	2.99e-05
 4.22499e+17	9.88e-01	1.18e-02	2.77e-05
 4.24671e+17	9.89e-01	1.13e-02	2.55e-05
 4.26891e+17	9.89e-01	1.09e-02	2.36e-05
 4.29136e+17	9.90e-01	1.05e-02	2.18e-05
 4.31407e+17	9.90e-01	1.01e-02	2.01e-05
 4.33713e+17	9.90e-01	9.65e-03	1.85e-05
 4.36065e+17	9.91e-01	9.26e-03	1.71e-05
 4.38460e+17	9.91e-01	8.88e-03	1.57e-05
 4.40884e+17	9.91e-01	8.52e-03	1.45e-05
 4.43331e+17	9.92e-01	8.17e-03	1.33e-05
 4.45804e+17	9.92e-01	7.84e-03	1.23e-05
 4.48301e+17	9.92e-01	7.52e-03	1.13e-05
 4.50820e+17	9.93e-01	7.21e-03	1.04e-05
 4.53358e+17	9.93e-01	6.92e-03	9.56e-06
 4.55914e+17	9.93e-01	6.63e-03	8.80e-06
 4.58488e+17	9.94e-01	6.36e-03	8.10e-06
 4.61076e+17	9.94e-01	6.10e-03	7.45e-06
 4.63683e+17	9.94e-01	5.85e-03	6.86e-06
 4.66330e+17	9.94e-01	5.61e-03	6.31e-06
 4.68955e+17	9.95e-01	5.38e-03	5.81e-06
 4.71554e+17	9.95e-01	5.17e-03	5.36e-06
 4.74204e+17	9.95e-01	4.96e-03	4.94e-06
 4.76886e+17	9.95e-01	4.76e-03	4.55e-06
 4.79570e+17	9.95e-01	4.56e-03	4.19e-06
 4.82258e+17	9.96e-01	4.38e-03	3.86e-06
 4.84961e+17	9.96e-01	4.20e-03	3.56e-06
 4.87682e+17	9.96e-01	4.03e-03	3.28e-06
 4.90423e+17	9.96e-01	3.87e-03	3.02e-06
 4.93187e+17	9.96e-01	3.71e-03	2.78e-06
 4.95975e+17	9.96e-01	3.56e-03	2.56e-06
 4.98797e+17	9.97e-01	3.42e-03	2.36e-06
 5.01661e+17	9.97e-01	3.28e-03	2.17e-06
 5.04556e+17	9.97e-01	3.14e-03	2.00e-06
 5.07485e+17	9.97e-01	3.01e-03	1.84e-06
 5.10467e+17	9.97e-01	2.89e-03	1.69e-06
 5.13477e+17	9.97e-01	2.77e-03	1.55e-06
 5.16550e+17	9.97e-01	2.65e-03	1.42e-06
 5.19747e+17	9.97e-01	2.53e-03	1.30e-06
 5.23044e+17	9.98e-01	2.42e-03	1.19e-06
 5.26432e+17	9.98e-01	2.31e-03	1.08e-06
 5.29924e+17	9.98e-01	2.20e-03	9.87e-07
 5.33538e+17	9.98e-01	2.10e-03	8.96e-07
 5.37279e+17	9.98e-01	2.00e-03	8.12e-07
 5.41163e+17	9.98e-01	1.90e-03	7.33e-07
 5.45225e+17	9.98e-01	1.80e-03	6.60e-07
 5.49449e+17	9.98e-01	1.71e-03	5.93e-07
 5.53777e+17	9.98e-01	1.62e-03	5.32e-07
 5.58187e+17	9.98e-01	1.53e-03	4.76e-07
 5.62697e+17	9.99e-01	1.45e-03	4.26e-07
 5.67323e+17	9.99e-01	1.37e-03	3.81e-07
 5.72082e+17	9.99e-01	1.29e-03	3.39e-07
 5.76967e+17	9.99e-01	1.22e-03	3.02e-07
 5.81965e+17	9.99e-01	1.14e-03	2.68e-07
 5.87091e+17	9.99e-01	1.08e-03	2.38e-07
 5.92361e+17	9.99e-01	1.01e-03	2.10e-07
 5.97781e+17	9.99e-01	9.51e-04	1.85e-07
 6.03346e+17	9.99e-01	8.92e-04	1.63e-07
 6.09070e+17	9.99e-01	8.36e-04	1.43e-07
 6.14986e+17	9.99e-01	7.82e-04	1.26e-07
 6.21093e+17	9.99e-01	7.30e-04	1.10e-07
 6.27388e+17	9.99e-01	6.81e-04	9.53e-08
 6.33892e+17	9.99e-01	6.34e-04	8.26e-08
 6.40625e+17	9.99e-01	5.88e-04	7.12e-08
 6.47607e+17	9.99e-01	5.45e-04	6.12e-08
 6.54858e+17	9.99e-01	5.04e-04	5.24e-08
 6.62363e+17	1.00e+00	4.65e-04	4.46e-08
 6.70059e+17	1.00e+00	4.28e-04	3.79e-08
 6.78184e+17	1.00e+00	3.93e-04	3.18e-08
 6.86824e+17	1.00e+00	3.58e-04	2.65e-08
 6.95942e+17	1.00e+00	3.26e-04	2.19e-08
 7.05500e+17	1.00e+00	2.95e-04	1.80e-08
 7.15633e+17	1.00e+00	2.65e-04	1.46e-08
 7.26401e+17	1.00e+00	2.37e-04	1.17e-08
 7.37960e+17	1.00e+00	2.11e-04	9.20e-09
 7.50378e+17	1.00e+00	1.86e-04	7.14e-09
 7.63690e+17	1.00e+00	1.62e-04	5.45e-09
 7.78502e+17	1.00e+00	1.40e-04	4.05e-09
 7.94897e+17	1.00e+00	1.18e-04	2.92e-09
 8.13532e+17	1.00e+00	9.84e-05	2.01e-09
 8.34572e+17	1.00e+00	8.02e-05	1.34e-09
 8.57907e+17	1.00e+00	6.40e-05	8.54e-10
 8.83083e+17	1.00e+00	5.06e-05	5.33e-10
 9.08503e+17	1.00e+00	4.01e-05	3.35e-10
 9.33679e+17	1.00e+00	3.19e-05	2.13e-10
 9.58989e+17	1.00e+00	2.55e-05	1.36e-10
 9.84811e+17	1.00e+00	2.04e-05	8.67e-11
 1.01120e+18	1.00e+00	1.63e-05	5.53e-11
 1.03809e+18	1.00e+00	1.30e-05	3.53e-11
 1.06546e+18	1.00e+00	1.04e-05	2.26e-11
 1.09323e+18	1.00e+00	8.31e-06	1.45e-11
 1.12032e+18	1.00e+00	6.73e-06	9.49e-12
 1.14524e+18	1.00e+00	5.57e-06	6.50e-12
 1.16802e+18	1.00e+00	4.69e-06	4.63e-12
 1.18971e+18	1.00e+00	4.00e-06	3.36e-12
 1.21085e+18	1.00e+00	3.43e-06	2.47e-12
 1.23127e+18	1.00e+00	2.96e-06	1.84e-12
 1.25074e+18	1.00e+00	2.58e-06	1.40e-12
 1.26925e+18	1.00e+00	2.26e-06	1.08e-12
 1.28694e+18	1.00e+00	2.00e-06	8.44e-13
 1.30400e+18	1.00e+00	1.78e-06	6.68e-13
 1.32045e+18	1.00e+00	1.59e-06	5.34e-13
 1.33626e+18	1.00e+00	1.43e-06	4.32e-13
 1.35139e+18	1.00e+00	1.29e-06	3.53e-13
 1.36586e+18	1.00e+00	1.18e-06	2.92e-13
 1.37974e+18	1.00e+00	1.07e-06	2.44e-13
 1.39309e+18	1.00e+00	9.84e-07	2.05e-13
 1.40596e+18	1.00e+00	9.05e-07	1.74e-13
 1.41835e+18	1.00e+00	8.36e-07	1.48e-13
 1.43027e+18	1.00e+00	7.75e-07	1.27e-13
 1.44174e+18	1.00e+00	7.21e-07	1.10e-13
 1.45281e+18	1.00e+00	6.72e-07	9.58e-14
 1.46353e+18	1.00e+00	6.28e-07	8.38e-14
 1.47393e+18	1.00e+00	5.89e-07	7.36e-14
 1.48402e+18	1.00e+00	5.53e-07	6.50e-14
 1.49385e+18	1.00e+00	5.21e-07	5.76e-14
 1.50342e+18	1.00e+00	4.91e-07	5.12e-14
 1.51279e+18	1.00e+00	4.64e-07	4.57e-14
 1.52199e+18	1.00e+00	4.38e-07	4.09e-14
 1.53108e+18	1.00e+00	4.15e-07	3.66e-14
 1.54008e+18	1.00e+00	3.93e-07	3.29e-14
 1.54905e+18	1.00e+00	3.72e-07	2.95e-14
 1.55801e+18	1.00e+00	3.53e-07	2.65e-14
 1.56702e+18	1.00e+00	3.34e-07	2.38e-14
 1.57616e+18	1.00e+00	3.17e-07	2.14e-14
 1.58553e+18	1.00e+00	3.00e-07	1.91e-14
 1.59521e+18	1.00e+00	2.83e-07	1.71e-14
 1.60534e+18	1.00e+00	2.66e-07	1.51e-14
 1.61605e+18	1.00e+00	2.50e-07	1.34e-14
 1.62753e+18	1.00e+00	2.34e-07	1.17e-14
 1.64004e+18	1.00e+00	2.17e-07	1.01e-14
 1.65400e+18	1.00e+00	2.00e-07	8.59e-15
 1.66994e+18	1.00e+00	1.83e-07	7.14e-15
 1.68864e+18	1.00e+00	1.64e-07	5.76e-15
 1.71122e+18	1.00e+00	1.44e-07	4.45e-15
 1.73952e+18	1.00e+00	1.23e-07	3.23e-15
 1.77599e+18	1.00e+00	9.99e-08	2.14e-15
 1.82340e+18	1.00e+00	7.69e-08	1.27e-15
 1.88504e+18	1.00e+00	5.52e-08	6.58e-16
 1.95765e+18	1.00e+00	3.80e-08	3.13e-16
 2.03320e+18	1.00e+00	2.61e-08	1.49e-16
 2.10874e+18	1.00e+00	1.82e-08	7.23e-17
 2.18427e+18	1.00e+00	1.28e-08	3.58e-17
 2.25979e+18	1.00e+00	9.05e-09	1.81e-17
 2.33530e+18	1.00e+00	6.47e-09	9.28e-18
 2.41080e+18	1.00e+00	4.67e-09	4.85e-18
 2.48629e+18	1.00e+00	3.40e-09	2.58e-18
 2.56176e+18	1.00e+00	2.49e-09	1.39e-18
 2.63722e+18	1.00e+00	1.84e-09	7.64e-19
 2.71267e+18	1.00e+00	1.37e-09	4.25e-19
 2.79943e+18	1.00e+00	9.73e-10	2.16e-19
 2.90318e+18	1.00e+00	6.60e-10	9.99e-20
 3.01367e+18	1.00e+00	4.43e-10	4.54e-20
 3.12523e+18	1.00e+00	3.00e-10	2.10e-20
 3.24049e+18	1.00e+00	2.03e-10	9.68e-21
 3.35943e+18	1.00e+00	1.38e-10	0.00e+00
 3.48185e+18	1.00e+00	9.32e-11	0.00e+00
 3.60960e+18	1.00e+00	6.28e-11	0.00e+00
 3.74109e+18	1.00e+00	4.24e-11	0.00e+00
 3.87386e+18	1.00e+00	2.89e-11	0.00e+00
 4.00073e+18	1.00e+00	2.03e-11	0.00e+00
 4.11507e+18	1.00e+00	1.49e-11	0.00e+00
 4.21719e+18	1.00e+00	1.14e-11	0.00e+00
 4.31206e+18	1.00e+00	8.89e-12	0.00e+00
 4.40351e+18	1.00e+00	7.04e-12	0.00e+00
 4.49110e+18	1.00e+00	5.66e-12	0.00e+00
 4.56447e+18	1.00e+00	4.76e-12	0.00e+00
 4.61243e+18	1.00e+00	4.28e-12	0.00e+00
 4.63814e+18	1.00e+00	4.05e-12	0.00e+00
 4.65252e+18	1.00e+00	3.93e-12	0.00e+00
 4.66450e+18	1.00e+00	3.81e-12	0.00e+00
 4.67790e+18	1.00e+00	3.69e-12	0.00e+00
 4.68924e+18	1.00e+00	3.60e-12	0.00e+00
 4.69605e+18	1.00e+00	3.55e-12	0.00e+00
 4.70013e+18	1.00e+00	3.52e-12	0.00e+00
 4.70332e+18	1.00e+00	3.50e-12	0.00e+00
 4.70665e+18	1.00e+00	3.47e-12	0.00e+00
 4.70999e+18	1.00e+00	3.44e-12	0.00e+00
 4.71298e+18	1.00e+00	3.42e-12	0.00e+00
 4.71536e+18	1.00e+00	3.40e-12	0.00e+00
 4.71779e+18	1.00e+00	3.38e-12	0.00e+00
 4.72056e+18	1.00e+00	3.36e-12	0.00e+00
 4.72314e+18	1.00e+00	3.34e-12	0.00e+00
 4.72524e+18	1.00e+00	3.33e-12	0.00e+00
 4.72735e+18	1.00e+00	3.31e-12	0.00e+00
 4.72971e+18	1.00e+00	3.29e-12	0.00e+00
 4.73183e+18	1.00e+00	3.27e-12	0.00e+00
 4.73352e+18	1.00e+00	3.26e-12	0.00e+00
 4.73519e+18	1.00e+00	3.25e-12	0.00e+00
 4.73709e+18	1.00e+00	3.24e-12	0.00e+00
 4.73891e+18	1.00e+00	3.22e-12	0.00e+00
 4.74046e+18	1.00e+00	3.21e-12	0.00e+00
 4.74190e+18	1.00e+00	3.20e-12	0.00e+00
 4.74349e+18	1.00e+00	3.19e-12	0.00e+00
 4.74519e+18	1.00e+00	3.17e-12	0.00e+00
 4.74675e+18	1.00e+00	3.16e-12	0.00e+00
 4.74809e+18	1.00e+00	3.15e-12	0.00e+00
 4.74942e+18	1.00e+00	3.15e-12	0.00e+00
 4.75071e+18	1.00e+00	3.14e-12	0.00e+00
 4.75206e+18	1.00e+00	3.13e-12	0.00e+00
 4.75366e+18	1.00e+00	3.11e-12	0.00e+00
 4.75508e+18	1.00e+00	3.10e-12	0.00e+00
 4.75630e+18	1.00e+00	3.09e-12	0.00e+00
 4.75768e+18	1.00e+00	3.08e-12	0.00e+00
 4.75911e+18	1.00e+00	3.07e-12	0.00e+00
 4.76036e+18	1.00e+00	3.06e-12	0.00e+00
 4.76161e+18	1.00e+00	3.05e-12	0.00e+00
 4.76310e+18	1.00e+00	3.04e-12	0.00e+00
 4.76453e+18	1.00e+00	3.03e-12	0.00e+00
 4.76579e+18	1.00e+00	3.02e-12	0.00e+00
 4.76713e+18	1.00e+00	3.01e-12	0.00e+00
 4.76863e+18	1.00e+00	3.00e-12	0.00e+00
 4.77019e+18	1.00e+00	2.99e-12	0.00e+00
 4.77171e+18	1.00e+00	2.98e-12	0.00e+00
 4.77316e+18	1.00e+00	2.97e-12	0.00e+00
 4.77456e+18	1.00e+00	2.96e-12	0.00e+00
 4.77604e+18	1.00e+00	2.95e-12	0.00e+00
 4.77767e+18	1.00e+00	2.93e-12	0.00e+00
 4.77937e+18	1.00e+00	2.92e-12	0.00e+00
 4.78096e+18	1.00e+00	2.91e-12	0.00e+00
 4.78247e+18	1.00e+00	2.90e-12	0.00e+00
 4.78423e+18	1.00e+00	2.88e-12	0.00e+00
 4.78618e+18	1.00e+00	2.87e-12	0.00e+00
 4.78787e+18	1.00e+00	2.86e-12	0.00e+00
 4.78953e+18	1.00e+00	2.85e-12	0.00e+00
 4.79139e+18	1.00e+00	2.83e-12	0.00e+00
 4.79349e+18	1.00e+00	2.81e-12	0.00e+00
 4.79572e+18	1.00e+00	2.80e-12	0.00e+00
 4.79780e+18	1.00e+00	2.78e-12	0.00e+00
 4.79975e+18	1.00e+00	2.77e-12	0.00e+00
 4.80180e+18	1.00e+00	2.75e-12	0.00e+00
 4.80419e+18	1.00e+00	2.74e-12	0.00e+00
 4.80662e+18	1.00e+00	2.72e-12	0.00e+00
 4.80882e+18	1.00e+00	2.70e-12	0.00e+00
 4.81097e+18	1.00e+00	2.69e-12	0.00e+00
 4.81349e+18	1.00e+00	2.67e-12	0.00e+00
 4.81628e+18	1.00e+00	2.65e-12	0.00e+00
 4.81907e+18	1.00e+00	2.63e-12	0.00e+00
 4.82173e+18	1.00e+00	2.61e-12	0.00e+00
 4.82434e+18	1.00e+00	2.60e-12	0.00e+00
 4.82706e+18	1.00e+00	2.58e-12	0.00e+00
 4.83002e+18	1.00e+00	2.56e-12	0.00e+00
 4.83324e+18	1.00e+00	2.53e-12	0.00e+00
 4.83641e+18	1.00e+00	2.51e-12	0.00e+00
 4.83954e+18	1.00e+00	2.49e-12	0.00e+00
 4.84268e+18	1.00e+00	2.47e-12	0.00e+00
 4.84605e+18	1.00e+00	2.45e-12	0.00e+00
 4.84979e+18	1.00e+00	2.43e-12	0.00e+00
 4.85368e+18	1.00e+00	2.40e-12	0.00e+00
 4.85751e+18	1.00e+00	2.38e-12	0.00e+00
 4.86111e+18	1.00e+00	2.36e-12	0.00e+00
 4.86509e+18	1.00e+00	2.33e-12	0.00e+00
 4.86964e+18	1.00e+00	2.30e-12	0.00e+00
 4.87404e+18	1.00e+00	2.27e-12	0.00e+00
 4.87818e+18	1.00e+00	2.25e-12	0.00e+00
 4.88257e+18	1.00e+00	2.23e-12	0.00e+00
 4.88762e+18	1.00e+00	2.20e-12	0.00e+00
 4.89290e+18	1.00e+00	2.16e-12	0.00e+00
 4.89787e+18	1.00e+00	2.14e-12	0.00e+00
 4.90294e+18	1.00e+00	2.11e-12	0.00e+00
 4.90874e+18	1.00e+00	2.08e-12	0.00e+00
 4.91508e+18	1.00e+00	2.04e-12	0.00e+00
 4.92114e+18	1.00e+00	2.01e-12	0.00e+00
 4.92692e+18	1.00e+00	1.99e-12	0.00e+00
 4.93302e+18	1.00e+00	1.96e-12	0.00e+00
 4.93993e+18	1.00e+00	1.92e-12	0.00e+00
 4.94744e+18	1.00e+00	1.89e-12	0.00e+00
 4.95501e+18	1.00e+00	1.85e-12	0.00e+00
 4.96205e+18	1.00e+00	1.82e-12	0.00e+00
 4.96916e+18	1.00e+00	1.79e-12	0.00e+00
 4.97722e+18	1.00e+00	1.75e-12	0.00e+00
 4.98617e+18	1.00e+00	1.72e-12	0.00e+00
 4.99560e+18	1.00e+00	1.68e-12	0.00e+00
 5.00456e+18	1.00e+00	1.64e-12	0.00e+00
 5.01302e+18	1.00e+00	1.61e-12	0.00e+00
 5.02207e+18	1.00e+00	1.58e-12	0.00e+00
 5.03239e+18	1.00e+00	1.54e-12	0.00e+00
 5.04398e+18	1.00e+00	1.50e-12	0.00e+00
 5.05588e+18	1.00e+00	1.46e-12	0.00e+00
 5.06700e+18	1.00e+00	1.43e-12	0.00e+00
 5.07774e+18	1.00e+00	1.39e-12	0.00e+00
 5.08880e+18	1.00e+00	1.36e-12	0.00e+00
 5.10133e+18	1.00e+00	1.32e-12	0.00e+00
 5.11562e+18	1.00e+00	1.28e-12	0.00e+00
 5.13009e+18	1.00e+00	1.24e-12	0.00e+00
 5.14386e+18	1.00e+00	1.20e-12	0.00e+00
 5.15760e+18	1.00e+00	1.16e-12	0.00e+00
 5.17239e+18	1.00e+00	1.13e-12	0.00e+00
 5.18875e+18	1.00e+00	1.08e-12	0.00e+00
 5.20635e+18	1.00e+00	1.04e-12	0.00e+00
 5.22357e+18	1.00e+00	1.00e-12	0.00e+00
 5.23844e+18	1.00e+00	9.67e-13	0.00e+00
 5.25060e+18	1.00e+00	9.41e-13	0.00e+00
 5.26130e+18	1.00e+00	9.19e-13	0.00e+00
 5.27190e+18	1.00e+00	8.96e-13	0.00e+00
 5.28267e+18	1.00e+00	8.73e-13	0.00e+00
 5.29309e+18	1.00e+00	8.51e-13	0.00e+00
 5.30274e+18	1.00e+00	8.32e-13	0.00e+00
 5.31178e+18	1.00e+00	8.14e-13	0.00e+00
 5.32056e+18	1.00e+00	7.97e-13	0.00e+00
 5.32925e+18	1.00e+00	7.80e-13	0.00e+00
 5.33784e+18	1.00e+00	7.64e-13	0.00e+00
 5.34619e+18	1.00e+00	7.49e-13	0.00e+00
 5.35424e+18	1.00e+00	7.34e-13	0.00e+00
 5.36209e+18	1.00e+00	7.20e-13	0.00e+00
 5.36985e+18	1.00e+00	7.07e-13	0.00e+00
 5.37755e+18	1.00e+00	6.94e-13	0.00e+00
 5.38512e+18	1.00e+00	6.81e-13	0.00e+00
 5.39254e+18	1.00e+00	6.69e-13	0.00e+00
 5.39983e+18	1.00e+00	6.57e-13	0.00e+00
 5.40704e+18	1.00e+00	6.46e-13	0.00e+00
 5.41420e+18	1.00e+00	6.35e-13	0.00e+00
 5.42129e+18	1.00e+00	6.24e-13	0.00e+00
 5.42829e+18	1.00e+00	6.13e-13	0.00e+00
 5.43521e+18	1.00e+00	6.03e-13	0.00e+00
 5.44207e+18	1.00e+00	5.93e-13	0.00e+00
 5.44889e+18	1.00e+00	5.83e-13	0.00e+00
 5.45566e+18	1.00e+00	5.74e-13	0.00e+00
 5.46342e+18	1.00e+00	5.63e-13	0.00e+00
 5.47351e+18	1.00e+00	5.49e-13	0.00e+00
 5.48662e+18	1.00e+00	5.31e-13	0.00e+00
 5.50367e+18	1.00e+00	5.09e-13	0.00e+00
 5.52584e+18	1.00e+00	4.82e-13	0.00e+00
 5.55459e+18	1.00e+00	4.49e-13	0.00e+00
