#depth	N	N+	N+2	N+3	N+4	N+5	N+6	N+7
 1.49634e+10	0.00e+00	5.71e-46	5.01e-34	7.39e-23	1.98e-12	1.92e-01	8.07e-01	1.32e-03
 4.54887e+10	0.00e+00	0.00e+00	6.77e-34	9.23e-23	2.28e-12	2.05e-01	7.94e-01	1.20e-03
 7.72350e+10	0.00e+00	1.22e-45	9.14e-34	1.15e-22	2.63e-12	2.19e-01	7.80e-01	1.09e-03
 1.10251e+11	0.00e+00	0.00e+00	1.23e-33	1.44e-22	3.04e-12	2.33e-01	7.66e-01	9.88e-04
 1.42204e+11	0.00e+00	2.52e-45	1.63e-33	1.76e-22	3.46e-12	2.47e-01	7.52e-01	9.01e-04
 1.71805e+11	0.00e+00	0.00e+00	2.08e-33	2.11e-22	3.89e-12	2.60e-01	7.39e-01	8.30e-04
 2.04975e+11	0.00e+00	4.84e-45	2.72e-33	2.57e-22	4.41e-12	2.74e-01	7.25e-01	7.58e-04
 2.43101e+11	0.00e+00	0.00e+00	3.65e-33	3.19e-22	5.06e-12	2.91e-01	7.08e-01	6.85e-04
 2.80412e+11	0.00e+00	9.97e-45	4.81e-33	3.91e-22	5.75e-12	3.07e-01	6.92e-01	6.21e-04
 3.16088e+11	0.00e+00	0.00e+00	0.00e+00	4.70e-22	6.47e-12	3.23e-01	6.77e-01	5.68e-04
 3.55531e+11	0.00e+00	0.00e+00	8.12e-33	5.72e-22	7.32e-12	3.40e-01	6.60e-01	5.15e-04
 3.99679e+11	0.00e+00	2.80e-44	1.08e-32	7.07e-22	8.35e-12	3.58e-01	6.41e-01	4.62e-04
 4.44110e+11	0.00e+00	0.00e+00	1.43e-32	8.65e-22	9.48e-12	3.77e-01	6.23e-01	4.16e-04
 4.90319e+11	0.00e+00	5.67e-44	1.89e-32	1.06e-21	1.07e-11	3.96e-01	6.04e-01	3.74e-04
 5.38632e+11	0.00e+00	0.00e+00	2.49e-32	1.29e-21	1.22e-11	4.15e-01	5.84e-01	3.35e-04
 5.86574e+11	0.00e+00	1.13e-43	3.25e-32	1.56e-21	1.37e-11	4.34e-01	5.66e-01	3.02e-04
 6.37661e+11	0.00e+00	0.00e+00	4.25e-32	1.90e-21	1.54e-11	4.53e-01	5.46e-01	2.70e-04
 6.93094e+11	0.00e+00	2.29e-43	5.62e-32	2.32e-21	1.74e-11	4.74e-01	5.26e-01	2.40e-04
 7.50744e+11	0.00e+00	0.00e+00	7.42e-32	2.84e-21	1.97e-11	4.94e-01	5.05e-01	2.14e-04
 8.10701e+11	0.00e+00	4.65e-43	9.79e-32	3.46e-21	2.21e-11	5.15e-01	4.85e-01	1.89e-04
 8.70847e+11	0.00e+00	0.00e+00	1.28e-31	4.18e-21	2.48e-11	5.35e-01	4.65e-01	1.68e-04
 9.33400e+11	0.00e+00	9.19e-43	1.66e-31	5.04e-21	2.77e-11	5.54e-01	4.46e-01	1.50e-04
 1.00066e+12	0.00e+00	0.00e+00	2.18e-31	6.11e-21	3.11e-11	5.74e-01	4.26e-01	1.32e-04
 1.07062e+12	0.00e+00	1.85e-42	2.85e-31	7.40e-21	3.48e-11	5.94e-01	4.06e-01	1.16e-04
 1.14337e+12	0.00e+00	0.00e+00	3.73e-31	8.94e-21	3.89e-11	6.14e-01	3.86e-01	1.02e-04
 1.21903e+12	0.00e+00	3.69e-42	4.86e-31	1.08e-20	4.34e-11	6.33e-01	3.67e-01	9.00e-05
 1.29772e+12	0.00e+00	0.00e+00	6.34e-31	1.30e-20	4.83e-11	6.52e-01	3.48e-01	7.90e-05
 1.37955e+12	0.00e+00	7.31e-42	8.25e-31	1.56e-20	5.37e-11	6.70e-01	3.30e-01	6.92e-05
 1.46466e+12	0.00e+00	0.00e+00	1.07e-30	1.88e-20	5.96e-11	6.88e-01	3.12e-01	6.05e-05
 1.55317e+12	0.00e+00	1.44e-41	1.39e-30	2.25e-20	6.61e-11	7.05e-01	2.95e-01	5.29e-05
 1.64523e+12	0.00e+00	0.00e+00	1.80e-30	2.70e-20	7.32e-11	7.21e-01	2.79e-01	4.61e-05
 1.73904e+12	0.00e+00	2.81e-41	2.32e-30	3.21e-20	8.08e-11	7.37e-01	2.63e-01	4.03e-05
 1.83660e+12	0.00e+00	0.00e+00	2.98e-30	3.83e-20	8.91e-11	7.52e-01	2.48e-01	3.52e-05
 1.93999e+12	0.00e+00	5.45e-41	3.85e-30	4.57e-20	9.83e-11	7.67e-01	2.33e-01	3.06e-05
 2.04752e+12	0.00e+00	0.00e+00	4.96e-30	5.44e-20	1.08e-10	7.81e-01	2.19e-01	2.66e-05
 2.15935e+12	0.00e+00	1.06e-40	6.39e-30	6.48e-20	1.19e-10	7.94e-01	2.06e-01	2.31e-05
 2.27565e+12	0.00e+00	0.00e+00	8.23e-30	7.71e-20	1.31e-10	8.07e-01	1.93e-01	2.00e-05
 2.38419e+12	0.00e+00	1.98e-40	1.03e-29	9.00e-20	1.42e-10	8.18e-01	1.82e-01	1.76e-05
 2.47987e+12	0.00e+00	0.00e+00	1.25e-29	1.03e-19	1.53e-10	8.27e-01	1.73e-01	1.57e-05
 2.58665e+12	0.00e+00	3.35e-40	1.54e-29	1.18e-19	1.65e-10	8.36e-01	1.64e-01	1.39e-05
 2.71490e+12	0.00e+00	0.00e+00	1.95e-29	1.39e-19	1.80e-10	8.47e-01	1.53e-01	1.21e-05
 2.84382e+12	0.00e+00	6.23e-40	2.46e-29	1.63e-19	1.96e-10	8.56e-01	1.44e-01	1.05e-05
 2.96232e+12	0.00e+00	0.00e+00	3.02e-29	1.88e-19	2.11e-10	8.64e-01	1.36e-01	9.33e-06
 3.09453e+12	0.00e+00	1.09e-39	3.77e-29	2.18e-19	2.29e-10	8.72e-01	1.28e-01	8.18e-06
 3.24761e+12	0.00e+00	0.00e+00	4.81e-29	2.58e-19	2.50e-10	8.81e-01	1.19e-01	7.05e-06
 3.39730e+12	0.00e+00	2.05e-39	6.06e-29	3.02e-19	2.72e-10	8.89e-01	1.11e-01	6.13e-06
 3.53921e+12	0.00e+00	0.00e+00	7.48e-29	3.48e-19	2.93e-10	8.95e-01	1.05e-01	5.39e-06
 3.69694e+12	0.00e+00	3.64e-39	9.38e-29	4.06e-19	3.17e-10	9.02e-01	9.81e-02	4.69e-06
 3.87474e+12	0.00e+00	0.00e+00	1.20e-28	4.79e-19	3.46e-10	9.09e-01	9.13e-02	4.03e-06
 4.05356e+12	0.00e+00	6.87e-39	1.52e-28	5.62e-19	3.76e-10	9.15e-01	8.51e-02	3.48e-06
 4.23954e+12	0.00e+00	0.00e+00	1.92e-28	6.59e-19	4.09e-10	9.21e-01	7.92e-02	3.00e-06
 4.43905e+12	0.00e+00	1.30e-38	2.45e-28	7.77e-19	4.45e-10	9.26e-01	7.36e-02	2.58e-06
 4.64654e+12	0.00e+00	0.00e+00	3.12e-28	9.15e-19	4.85e-10	9.32e-01	6.84e-02	2.21e-06
 4.86233e+12	0.00e+00	2.47e-38	3.98e-28	1.08e-18	5.27e-10	9.37e-01	6.34e-02	1.90e-06
 5.08675e+12	0.00e+00	0.00e+00	5.08e-28	1.27e-18	5.74e-10	9.41e-01	5.89e-02	1.62e-06
 5.32014e+12	0.00e+00	4.70e-38	6.47e-28	1.50e-18	6.24e-10	9.45e-01	5.46e-02	1.39e-06
 5.56288e+12	0.00e+00	0.00e+00	8.24e-28	1.76e-18	6.79e-10	9.49e-01	5.06e-02	1.19e-06
 5.81532e+12	0.00e+00	8.93e-38	1.05e-27	2.07e-18	7.38e-10	9.53e-01	4.69e-02	1.02e-06
 6.07786e+12	0.00e+00	0.00e+00	1.34e-27	2.44e-18	8.02e-10	9.57e-01	4.34e-02	8.73e-07
 6.35090e+12	0.00e+00	1.70e-37	1.71e-27	2.87e-18	8.71e-10	9.60e-01	4.02e-02	0.00e+00
 6.63486e+12	0.00e+00	0.00e+00	2.17e-27	3.38e-18	9.47e-10	9.63e-01	3.73e-02	0.00e+00
 6.91188e+12	0.00e+00	3.17e-37	2.73e-27	3.94e-18	1.02e-09	9.65e-01	3.46e-02	0.00e+00
 7.17520e+12	0.00e+00	0.00e+00	3.36e-27	4.53e-18	1.10e-09	9.68e-01	3.24e-02	0.00e+00
 7.46736e+12	0.00e+00	5.63e-37	4.21e-27	5.27e-18	1.19e-09	9.70e-01	3.02e-02	0.00e+00
 7.78636e+12	0.00e+00	0.00e+00	5.33e-27	6.17e-18	1.29e-09	9.72e-01	2.79e-02	0.00e+00
 8.09398e+12	0.00e+00	1.03e-36	6.63e-27	7.15e-18	1.39e-09	9.74e-01	2.60e-02	0.00e+00
 8.42351e+12	0.00e+00	0.00e+00	8.32e-27	8.33e-18	1.50e-09	9.76e-01	2.42e-02	0.00e+00
 8.79038e+12	0.00e+00	1.93e-36	1.06e-26	9.81e-18	1.63e-09	9.78e-01	2.24e-02	0.00e+00
 9.16036e+12	5.13e-47	2.64e-36	1.35e-26	1.15e-17	1.76e-09	9.79e-01	2.07e-02	0.00e+00
 9.54513e+12	0.00e+00	0.00e+00	1.71e-26	1.35e-17	1.91e-09	9.81e-01	1.92e-02	0.00e+00
 9.95686e+12	0.00e+00	4.99e-36	2.18e-26	1.59e-17	2.07e-09	9.82e-01	1.77e-02	0.00e+00
 1.03851e+13	1.71e-46	6.91e-36	2.78e-26	1.87e-17	2.25e-09	9.84e-01	1.63e-02	0.00e+00
 1.08304e+13	0.00e+00	0.00e+00	3.56e-26	2.21e-17	2.45e-09	9.85e-01	1.51e-02	0.00e+00
 1.12935e+13	0.00e+00	1.33e-35	4.55e-26	2.61e-17	2.66e-09	9.86e-01	1.39e-02	0.00e+00
 1.17752e+13	5.79e-46	1.84e-35	5.82e-26	3.08e-17	2.89e-09	9.87e-01	1.28e-02	0.00e+00
 1.22761e+13	0.00e+00	0.00e+00	7.45e-26	3.63e-17	3.15e-09	9.88e-01	1.18e-02	0.00e+00
 1.27971e+13	0.00e+00	3.55e-35	9.55e-26	4.29e-17	3.42e-09	9.89e-01	1.09e-02	0.00e+00
 1.32861e+13	1.90e-45	4.78e-35	1.20e-25	4.99e-17	3.69e-09	9.90e-01	1.01e-02	0.00e+00
 1.37218e+13	0.00e+00	0.00e+00	1.45e-25	5.69e-17	3.94e-09	9.91e-01	9.49e-03	0.00e+00
 1.42103e+13	0.00e+00	8.17e-35	1.79e-25	6.56e-17	4.24e-09	9.91e-01	8.84e-03	0.00e+00
 1.47911e+13	5.55e-45	1.13e-34	2.29e-25	7.73e-17	4.60e-09	9.92e-01	8.16e-03	0.00e+00
 1.53734e+13	0.00e+00	0.00e+00	2.90e-25	9.06e-17	4.98e-09	9.92e-01	7.54e-03	0.00e+00
 1.59179e+13	0.00e+00	2.04e-34	3.58e-25	1.05e-16	5.36e-09	9.93e-01	7.03e-03	0.00e+00
 1.65235e+13	1.70e-44	2.77e-34	4.51e-25	1.22e-16	5.79e-09	9.93e-01	6.51e-03	0.00e+00
 1.72144e+13	0.00e+00	0.00e+00	5.81e-25	1.45e-16	6.31e-09	9.94e-01	5.98e-03	0.00e+00
 1.79000e+13	0.00e+00	5.33e-34	7.40e-25	1.71e-16	6.86e-09	9.94e-01	5.52e-03	0.00e+00
 1.86131e+13	5.75e-44	7.36e-34	9.45e-25	2.02e-16	7.45e-09	9.95e-01	5.09e-03	0.00e+00
 1.93875e+13	0.00e+00	0.00e+00	1.22e-24	2.40e-16	8.13e-09	9.95e-01	4.67e-03	0.00e+00
 2.01754e+13	0.00e+00	1.44e-33	1.57e-24	2.84e-16	8.86e-09	9.96e-01	4.29e-03	0.00e+00
 2.09052e+13	1.91e-43	1.93e-33	1.97e-24	3.31e-16	9.57e-09	9.96e-01	3.98e-03	0.00e+00
 2.15724e+13	0.00e+00	0.00e+00	2.40e-24	3.79e-16	1.02e-08	9.96e-01	3.72e-03	0.00e+00
 2.23328e+13	0.00e+00	3.37e-33	3.00e-24	4.41e-16	1.11e-08	9.97e-01	3.45e-03	0.00e+00
 2.32327e+13	5.77e-43	4.70e-33	3.86e-24	5.24e-16	1.21e-08	9.97e-01	3.17e-03	0.00e+00
 2.41264e+13	0.00e+00	0.00e+00	4.93e-24	6.19e-16	1.31e-08	9.97e-01	2.92e-03	0.00e+00
 2.49542e+13	0.00e+00	8.62e-33	6.14e-24	7.19e-16	1.42e-08	9.97e-01	2.71e-03	0.00e+00
 2.58807e+13	1.80e-42	1.18e-32	7.78e-24	8.46e-16	1.54e-08	9.98e-01	2.50e-03	0.00e+00
 2.69458e+13	0.00e+00	1.66e-32	1.01e-23	1.01e-15	1.68e-08	9.98e-01	2.28e-03	0.00e+00
 2.79869e+13	4.14e-42	2.30e-32	1.30e-23	1.20e-15	1.84e-08	9.98e-01	2.10e-03	0.00e+00
 2.89800e+13	0.00e+00	3.10e-32	1.63e-23	1.41e-15	1.99e-08	9.98e-01	1.94e-03	0.00e+00
 3.00795e+13	8.92e-42	4.27e-32	2.09e-23	1.67e-15	2.17e-08	9.98e-01	1.78e-03	0.00e+00
 3.13126e+13	0.00e+00	6.04e-32	2.72e-23	2.00e-15	2.38e-08	9.98e-01	1.62e-03	0.00e+00
 3.25492e+13	2.07e-41	8.44e-32	3.52e-23	2.39e-15	2.61e-08	9.99e-01	1.49e-03	0.00e+00
 3.38353e+13	0.00e+00	1.18e-31	4.56e-23	2.86e-15	2.86e-08	9.99e-01	1.36e-03	0.00e+00
 3.51800e+13	4.75e-41	1.65e-31	5.91e-23	3.43e-15	3.14e-08	9.99e-01	1.24e-03	0.00e+00
 3.65117e+13	0.00e+00	2.28e-31	7.58e-23	4.08e-15	3.43e-08	9.99e-01	1.14e-03	0.00e+00
 3.79353e+13	1.06e-40	3.17e-31	9.78e-23	4.88e-15	3.76e-08	9.99e-01	1.04e-03	0.00e+00
 3.94826e+13	0.00e+00	4.47e-31	1.28e-22	5.88e-15	4.15e-08	9.99e-01	9.44e-04	0.00e+00
 4.10918e+13	2.47e-40	6.30e-31	1.67e-22	7.10e-15	4.57e-08	9.99e-01	8.58e-04	0.00e+00
 4.27654e+13	0.00e+00	8.87e-31	2.18e-22	8.57e-15	5.04e-08	9.99e-01	7.79e-04	0.00e+00
 4.45060e+13	5.71e-40	1.25e-30	2.84e-22	1.03e-14	5.56e-08	9.99e-01	7.08e-04	0.00e+00
 4.60812e+13	0.00e+00	1.67e-30	3.58e-22	1.22e-14	6.06e-08	9.99e-01	6.51e-04	0.00e+00
 4.73960e+13	1.10e-39	2.12e-30	4.32e-22	1.39e-14	6.50e-08	9.99e-01	6.08e-04	0.00e+00
 4.88378e+13	0.00e+00	2.73e-30	5.26e-22	1.61e-14	7.01e-08	9.99e-01	5.65e-04	0.00e+00
 5.06607e+13	2.17e-39	3.71e-30	6.69e-22	1.91e-14	7.68e-08	9.99e-01	5.17e-04	0.00e+00
 5.25622e+13	0.00e+00	5.04e-30	8.52e-22	2.27e-14	8.42e-08	1.00e+00	4.72e-04	0.00e+00
 5.41789e+13	4.29e-39	6.48e-30	1.04e-21	2.62e-14	9.08e-08	1.00e+00	4.38e-04	0.00e+00
 5.58424e+13	0.00e+00	8.30e-30	1.26e-21	3.02e-14	9.79e-08	1.00e+00	4.07e-04	0.00e+00
 5.79333e+13	8.35e-39	1.12e-29	1.60e-21	3.58e-14	1.07e-07	1.00e+00	3.72e-04	0.00e+00
 6.00634e+13	0.00e+00	1.50e-29	2.02e-21	4.24e-14	1.17e-07	1.00e+00	3.41e-04	0.00e+00
 6.19087e+13	1.60e-38	1.91e-29	2.45e-21	4.88e-14	1.27e-07	1.00e+00	3.17e-04	0.00e+00
 6.39002e+13	0.00e+00	2.46e-29	2.99e-21	5.64e-14	1.37e-07	1.00e+00	2.93e-04	0.00e+00
 6.63413e+13	3.12e-38	3.31e-29	3.79e-21	6.70e-14	1.50e-07	1.00e+00	2.68e-04	0.00e+00
 6.88404e+13	0.00e+00	4.43e-29	4.77e-21	7.93e-14	1.65e-07	1.00e+00	2.45e-04	0.00e+00
 7.11304e+13	6.05e-38	5.72e-29	5.85e-21	9.20e-14	1.78e-07	1.00e+00	2.26e-04	0.00e+00
 7.36746e+13	0.00e+00	7.51e-29	7.26e-21	1.08e-13	1.94e-07	1.00e+00	2.08e-04	0.00e+00
 7.66299e+13	1.22e-37	1.02e-28	9.25e-21	1.29e-13	2.14e-07	1.00e+00	1.89e-04	0.00e+00
 7.95445e+13	0.00e+00	1.35e-28	1.16e-20	1.52e-13	2.34e-07	1.00e+00	1.73e-04	0.00e+00
 8.23248e+13	2.36e-37	1.76e-28	1.43e-20	1.77e-13	2.54e-07	1.00e+00	1.60e-04	0.00e+00
 8.53968e+13	0.00e+00	2.32e-28	1.79e-20	2.08e-13	2.77e-07	1.00e+00	1.47e-04	0.00e+00
 8.88426e+13	4.75e-37	3.13e-28	2.27e-20	2.48e-13	3.05e-07	1.00e+00	1.34e-04	0.00e+00
 9.23039e+13	0.00e+00	4.18e-28	2.85e-20	2.93e-13	3.34e-07	1.00e+00	1.22e-04	0.00e+00
 9.53924e+13	9.09e-37	5.35e-28	3.47e-20	3.38e-13	3.61e-07	1.00e+00	1.13e-04	0.00e+00
 9.79949e+13	0.00e+00	6.55e-28	4.07e-20	3.79e-13	3.85e-07	1.00e+00	1.06e-04	0.00e+00
 1.00798e+14	1.50e-36	8.08e-28	4.81e-20	4.29e-13	4.11e-07	1.00e+00	9.96e-05	0.00e+00
 1.04442e+14	0.00e+00	1.05e-27	5.94e-20	4.99e-13	4.46e-07	1.00e+00	9.18e-05	0.00e+00
 1.08254e+14	2.85e-36	1.37e-27	7.33e-20	5.82e-13	4.85e-07	1.00e+00	8.45e-05	0.00e+00
 1.11510e+14	0.00e+00	1.71e-27	8.73e-20	6.61e-13	5.20e-07	1.00e+00	7.90e-05	0.00e+00
 1.14969e+14	4.90e-36	2.15e-27	1.05e-19	7.53e-13	5.58e-07	1.00e+00	7.37e-05	0.00e+00
 1.19277e+14	0.00e+00	2.82e-27	1.30e-19	8.80e-13	6.08e-07	1.00e+00	6.77e-05	0.00e+00
 1.23706e+14	9.43e-36	3.69e-27	1.61e-19	1.03e-12	6.61e-07	1.00e+00	6.24e-05	0.00e+00
 1.27667e+14	0.00e+00	4.66e-27	1.93e-19	1.17e-12	7.10e-07	1.00e+00	5.81e-05	0.00e+00
 1.32005e+14	1.69e-35	5.96e-27	2.35e-19	1.35e-12	7.67e-07	1.00e+00	5.38e-05	0.00e+00
 1.36756e+14	0.00e+00	7.73e-27	2.88e-19	1.57e-12	8.31e-07	1.00e+00	4.97e-05	0.00e+00
 1.41091e+14	3.05e-35	9.72e-27	3.46e-19	1.79e-12	8.93e-07	1.00e+00	4.63e-05	0.00e+00
 1.45772e+14	0.00e+00	1.24e-26	4.18e-19	2.05e-12	9.61e-07	1.00e+00	4.31e-05	0.00e+00
 1.51018e+14	5.61e-35	1.60e-26	5.13e-19	2.37e-12	1.04e-06	1.00e+00	3.98e-05	0.00e+00
 1.55974e+14	0.00e+00	2.04e-26	6.19e-19	2.71e-12	1.12e-06	1.00e+00	3.70e-05	0.00e+00
 1.61393e+14	1.02e-34	2.62e-26	7.55e-19	3.13e-12	1.21e-06	1.00e+00	3.43e-05	0.00e+00
 1.67401e+14	0.00e+00	3.43e-26	9.34e-19	3.64e-12	1.31e-06	1.00e+00	3.17e-05	0.00e+00
 1.72998e+14	1.90e-34	4.37e-26	1.13e-18	4.17e-12	1.41e-06	1.00e+00	2.95e-05	0.00e+00
 1.79101e+14	0.00e+00	5.66e-26	1.38e-18	4.81e-12	1.52e-06	1.00e+00	2.73e-05	0.00e+00
 1.85935e+14	3.64e-34	7.46e-26	1.72e-18	5.61e-12	1.66e-06	1.00e+00	2.52e-05	0.00e+00
 1.92408e+14	0.00e+00	9.65e-26	2.10e-18	6.45e-12	1.78e-06	1.00e+00	2.34e-05	0.00e+00
 1.99421e+14	6.91e-34	1.26e-25	2.58e-18	7.47e-12	1.93e-06	1.00e+00	2.16e-05	0.00e+00
 2.07239e+14	0.00e+00	1.68e-25	3.23e-18	8.74e-12	2.10e-06	1.00e+00	1.99e-05	0.00e+00
 2.14765e+14	1.37e-33	2.20e-25	3.98e-18	1.01e-11	2.26e-06	1.00e+00	1.84e-05	0.00e+00
 2.22782e+14	0.00e+00	2.90e-25	4.93e-18	1.17e-11	2.45e-06	1.00e+00	1.71e-05	0.00e+00
 2.31723e+14	2.77e-33	3.90e-25	6.21e-18	1.38e-11	2.66e-06	1.00e+00	1.57e-05	0.00e+00
 2.40705e+14	0.00e+00	5.22e-25	7.76e-18	1.61e-11	2.89e-06	1.00e+00	1.45e-05	0.00e+00
 2.50047e+14	5.66e-33	6.98e-25	9.71e-18	1.87e-11	3.13e-06	1.00e+00	1.34e-05	0.00e+00
 2.60079e+14	0.00e+00	9.43e-25	1.22e-17	2.20e-11	3.40e-06	1.00e+00	1.23e-05	0.00e+00
 2.70512e+14	1.19e-32	1.28e-24	1.54e-17	2.57e-11	3.69e-06	1.00e+00	1.13e-05	0.00e+00
 2.80509e+14	1.69e-32	1.69e-24	1.91e-17	2.98e-11	3.98e-06	1.00e+00	1.05e-05	0.00e+00
 2.89743e+14	2.30e-32	2.17e-24	2.31e-17	3.39e-11	4.25e-06	1.00e+00	9.84e-06	0.00e+00
 2.98446e+14	3.06e-32	2.73e-24	2.76e-17	3.82e-11	4.52e-06	1.00e+00	9.26e-06	0.00e+00
 3.07984e+14	4.16e-32	3.50e-24	3.32e-17	4.33e-11	4.82e-06	1.00e+00	8.69e-06	0.00e+00
 3.18668e+14	5.78e-32	4.56e-24	4.07e-17	4.97e-11	5.17e-06	1.00e+00	8.10e-06	0.00e+00
 3.28786e+14	7.85e-32	5.84e-24	4.90e-17	5.63e-11	5.51e-06	1.00e+00	7.60e-06	0.00e+00
 3.39883e+14	1.09e-31	7.57e-24	5.97e-17	6.44e-11	5.90e-06	1.00e+00	7.11e-06	0.00e+00
 3.52317e+14	1.55e-31	1.01e-23	7.39e-17	7.43e-11	6.34e-06	1.00e+00	6.61e-06	0.00e+00
 3.63905e+14	2.13e-31	1.30e-23	8.96e-17	8.46e-11	6.77e-06	1.00e+00	6.19e-06	0.00e+00
 3.74733e+14	2.84e-31	1.64e-23	1.07e-16	9.51e-11	7.19e-06	1.00e+00	5.84e-06	0.00e+00
 3.87154e+14	3.92e-31	2.12e-23	1.30e-16	1.08e-10	7.67e-06	1.00e+00	5.46e-06	0.00e+00
 4.02073e+14	5.70e-31	2.86e-23	1.63e-16	1.26e-10	8.28e-06	1.00e+00	5.07e-06	0.00e+00
 4.16748e+14	8.15e-31	3.81e-23	2.01e-16	1.45e-10	8.90e-06	1.00e+00	4.71e-06	0.00e+00
 4.29748e+14	1.11e-30	4.87e-23	2.42e-16	1.64e-10	9.46e-06	1.00e+00	4.43e-06	0.00e+00
 4.44064e+14	1.53e-30	6.32e-23	2.95e-16	1.87e-10	1.01e-05	1.00e+00	4.15e-06	0.00e+00
 4.61213e+14	2.24e-30	8.56e-23	3.70e-16	2.18e-10	1.09e-05	1.00e+00	3.85e-06	0.00e+00
 4.78325e+14	3.23e-30	1.15e-22	4.60e-16	2.52e-10	1.17e-05	1.00e+00	3.58e-06	0.00e+00
 4.93944e+14	4.45e-30	1.48e-22	5.58e-16	2.87e-10	1.25e-05	1.00e+00	3.36e-06	0.00e+00
 5.11346e+14	6.30e-30	1.96e-22	6.87e-16	3.29e-10	1.34e-05	1.00e+00	3.14e-06	0.00e+00
 5.31620e+14	9.31e-30	2.67e-22	8.67e-16	3.84e-10	1.44e-05	1.00e+00	2.90e-06	0.00e+00
 5.51540e+14	1.35e-29	3.59e-22	1.08e-15	4.45e-10	1.55e-05	1.00e+00	2.70e-06	0.00e+00
 5.70315e+14	1.88e-29	4.69e-22	1.32e-15	5.09e-10	1.66e-05	1.00e+00	2.52e-06	0.00e+00
 5.91216e+14	2.71e-29	6.27e-22	1.64e-15	5.87e-10	1.78e-05	1.00e+00	2.35e-06	0.00e+00
 6.14894e+14	4.01e-29	8.59e-22	2.08e-15	6.87e-10	1.93e-05	1.00e+00	2.17e-06	0.00e+00
 6.38559e+14	5.86e-29	1.16e-21	2.60e-15	7.99e-10	2.08e-05	1.00e+00	2.02e-06	0.00e+00
 6.63170e+14	8.57e-29	1.57e-21	3.27e-15	9.29e-10	2.24e-05	1.00e+00	1.87e-06	0.00e+00
 6.89727e+14	1.27e-28	2.16e-21	4.14e-15	1.09e-09	2.42e-05	1.00e+00	1.73e-06	0.00e+00
 7.17346e+14	1.88e-28	2.95e-21	5.24e-15	1.27e-09	2.62e-05	1.00e+00	1.60e-06	0.00e+00
 7.44075e+14	2.71e-28	3.96e-21	6.52e-15	1.47e-09	2.82e-05	1.00e+00	1.49e-06	0.00e+00
 7.69190e+14	3.78e-28	5.16e-21	7.95e-15	1.68e-09	3.01e-05	1.00e+00	1.39e-06	0.00e+00
 7.97303e+14	5.41e-28	6.87e-21	9.86e-15	1.94e-09	3.24e-05	1.00e+00	1.30e-06	0.00e+00
 8.25725e+14	7.67e-28	9.08e-21	1.22e-14	2.23e-09	3.47e-05	1.00e+00	1.21e-06	0.00e+00
 8.49427e+14	1.02e-27	1.14e-20	1.44e-14	2.50e-09	3.67e-05	1.00e+00	1.14e-06	0.00e+00
 8.74560e+14	1.36e-27	1.44e-20	1.72e-14	2.81e-09	3.90e-05	1.00e+00	1.08e-06	0.00e+00
 9.06556e+14	1.94e-27	1.91e-20	2.13e-14	3.24e-09	4.19e-05	1.00e+00	1.00e-06	0.00e+00
 9.39994e+14	2.77e-27	2.55e-20	2.64e-14	3.75e-09	4.51e-05	1.00e+00	9.30e-07	0.00e+00
 9.69610e+14	3.77e-27	3.25e-20	3.18e-14	4.24e-09	4.80e-05	1.00e+00	0.00e+00	0.00e+00
 1.00174e+15	5.19e-27	4.21e-20	3.86e-14	4.83e-09	5.12e-05	1.00e+00	0.00e+00	0.00e+00
 1.04031e+15	7.53e-27	5.67e-20	4.84e-14	5.62e-09	5.53e-05	1.00e+00	0.00e+00	0.00e+00
 1.07934e+15	1.08e-26	7.59e-20	6.02e-14	6.52e-09	5.96e-05	1.00e+00	0.00e+00	0.00e+00
 1.11591e+15	1.50e-26	9.87e-20	7.35e-14	7.45e-09	6.38e-05	1.00e+00	0.00e+00	0.00e+00
 1.15655e+15	2.12e-26	1.31e-19	9.09e-14	8.60e-09	6.87e-05	1.00e+00	0.00e+00	0.00e+00
 1.19958e+15	3.03e-26	1.74e-19	1.13e-13	9.96e-09	7.40e-05	1.00e+00	0.00e+00	0.00e+00
 1.23780e+15	4.12e-26	2.23e-19	1.36e-13	1.13e-08	7.89e-05	1.00e+00	0.00e+00	0.00e+00
 1.27893e+15	5.65e-26	2.87e-19	1.65e-13	1.29e-08	8.44e-05	1.00e+00	0.00e+00	0.00e+00
 1.32824e+15	8.16e-26	3.86e-19	2.07e-13	1.50e-08	9.12e-05	1.00e+00	0.00e+00	0.00e+00
 1.37677e+15	1.16e-25	5.11e-19	2.56e-13	1.73e-08	9.82e-05	1.00e+00	0.00e+00	0.00e+00
 1.41996e+15	1.56e-25	6.51e-19	3.07e-13	1.96e-08	1.05e-04	1.00e+00	0.00e+00	0.00e+00
 1.46761e+15	2.14e-25	8.41e-19	3.74e-13	2.24e-08	1.12e-04	1.00e+00	0.00e+00	0.00e+00
 1.52445e+15	3.09e-25	1.13e-18	4.68e-13	2.61e-08	1.21e-04	1.00e+00	0.00e+00	0.00e+00
 1.58091e+15	4.39e-25	1.50e-18	5.81e-13	3.02e-08	1.31e-04	1.00e+00	0.00e+00	0.00e+00
 1.63249e+15	5.99e-25	1.93e-18	7.03e-13	3.44e-08	1.40e-04	1.00e+00	0.00e+00	0.00e+00
 1.69006e+15	8.35e-25	2.52e-18	8.63e-13	3.95e-08	1.50e-04	1.00e+00	0.00e+00	0.00e+00
 1.75706e+15	1.21e-24	3.41e-18	1.09e-12	4.62e-08	1.63e-04	1.00e+00	0.00e+00	0.00e+00
 1.82286e+15	1.73e-24	4.54e-18	1.35e-12	5.36e-08	1.75e-04	1.00e+00	0.00e+00	0.00e+00
 1.88497e+15	2.39e-24	5.90e-18	1.65e-12	6.13e-08	1.88e-04	1.00e+00	0.00e+00	0.00e+00
 1.95409e+15	3.38e-24	7.80e-18	2.04e-12	7.09e-08	2.02e-04	1.00e+00	0.00e+00	0.00e+00
 2.03228e+15	4.93e-24	1.06e-17	2.57e-12	8.30e-08	2.20e-04	1.00e+00	0.00e+00	0.00e+00
 2.11055e+15	7.11e-24	1.42e-17	3.22e-12	9.66e-08	2.37e-04	1.00e+00	0.00e+00	0.00e+00
 2.18397e+15	9.89e-24	1.86e-17	3.94e-12	1.11e-07	2.55e-04	1.00e+00	0.00e+00	0.00e+00
 2.26339e+15	1.40e-23	2.45e-17	4.87e-12	1.28e-07	2.74e-04	1.00e+00	0.00e+00	0.00e+00
 2.35216e+15	2.03e-23	3.31e-17	6.12e-12	1.49e-07	2.97e-04	1.00e+00	0.00e+00	0.00e+00
 2.43530e+15	2.84e-23	4.34e-17	7.52e-12	1.72e-07	3.18e-04	1.00e+00	0.00e+00	0.00e+00
 2.51246e+15	3.84e-23	5.54e-17	9.05e-12	1.95e-07	3.39e-04	1.00e+00	0.00e+00	0.00e+00
 2.58668e+15	5.10e-23	6.96e-17	1.08e-11	2.19e-07	3.60e-04	1.00e+00	0.00e+00	0.00e+00
 2.66905e+15	6.91e-23	8.89e-17	1.30e-11	2.48e-07	3.84e-04	1.00e+00	0.00e+00	0.00e+00
 2.76028e+15	9.58e-23	1.16e-16	1.58e-11	2.84e-07	4.12e-04	1.00e+00	0.00e+00	0.00e+00
 2.84538e+15	1.29e-22	1.47e-16	1.90e-11	3.20e-07	4.38e-04	1.00e+00	0.00e+00	0.00e+00
 2.93839e+15	1.76e-22	1.89e-16	2.29e-11	3.65e-07	4.68e-04	1.00e+00	0.00e+00	0.00e+00
 3.04300e+15	2.48e-22	2.48e-16	2.83e-11	4.19e-07	5.02e-04	9.99e-01	0.00e+00	0.00e+00
 3.14252e+15	3.39e-22	3.20e-16	3.42e-11	4.77e-07	5.37e-04	9.99e-01	0.00e+00	0.00e+00
 3.25174e+15	4.73e-22	4.18e-16	4.19e-11	5.47e-07	5.75e-04	9.99e-01	0.00e+00	0.00e+00
 3.37211e+15	6.74e-22	5.56e-16	5.20e-11	6.33e-07	6.20e-04	9.99e-01	0.00e+00	0.00e+00
 3.48289e+15	9.25e-22	7.17e-16	6.31e-11	7.21e-07	6.62e-04	9.99e-01	0.00e+00	0.00e+00
 3.60280e+15	1.29e-21	9.35e-16	7.71e-11	8.25e-07	7.09e-04	9.99e-01	0.00e+00	0.00e+00
 3.73694e+15	1.83e-21	1.24e-15	9.58e-11	9.56e-07	7.64e-04	9.99e-01	0.00e+00	0.00e+00
 3.86323e+15	2.54e-21	1.62e-15	1.17e-10	1.09e-06	8.18e-04	9.99e-01	0.00e+00	0.00e+00
 4.00107e+15	3.56e-21	2.12e-15	1.44e-10	1.26e-06	8.79e-04	9.99e-01	0.00e+00	0.00e+00
 4.15423e+15	5.12e-21	2.85e-15	1.80e-10	1.46e-06	9.49e-04	9.99e-01	0.00e+00	0.00e+00
 4.29727e+15	7.11e-21	3.71e-15	2.20e-10	1.67e-06	1.02e-03	9.99e-01	0.00e+00	0.00e+00
 4.45238e+15	1.00e-20	4.88e-15	2.71e-10	1.93e-06	1.09e-03	9.99e-01	0.00e+00	0.00e+00
 4.62579e+15	1.44e-20	6.57e-15	3.39e-10	2.25e-06	1.18e-03	9.99e-01	0.00e+00	0.00e+00
 4.79088e+15	2.02e-20	8.62e-15	4.18e-10	2.59e-06	1.27e-03	9.99e-01	0.00e+00	0.00e+00
 4.96728e+15	2.84e-20	1.14e-14	5.17e-10	2.99e-06	1.37e-03	9.99e-01	0.00e+00	0.00e+00
 5.16600e+15	4.13e-20	1.54e-14	6.51e-10	3.50e-06	1.49e-03	9.99e-01	0.00e+00	0.00e+00
 5.36226e+15	5.87e-20	2.05e-14	8.11e-10	4.07e-06	1.61e-03	9.98e-01	0.00e+00	0.00e+00
 5.55023e+15	8.11e-20	2.66e-14	9.93e-10	4.67e-06	1.73e-03	9.98e-01	0.00e+00	0.00e+00
 5.75611e+15	1.14e-19	3.51e-14	1.23e-09	5.41e-06	1.87e-03	9.98e-01	0.00e+00	0.00e+00
 5.98639e+15	1.63e-19	4.72e-14	1.55e-09	6.33e-06	2.03e-03	9.98e-01	0.00e+00	0.00e+00
 6.18337e+15	2.21e-19	6.03e-14	1.87e-09	7.21e-06	2.18e-03	9.98e-01	0.00e+00	0.00e+00
 6.33108e+15	2.74e-19	7.19e-14	2.14e-09	7.93e-06	2.29e-03	9.98e-01	0.00e+00	0.00e+00
 6.48775e+15	3.42e-19	8.62e-14	2.47e-09	8.75e-06	2.41e-03	9.98e-01	0.00e+00	0.00e+00
 6.69142e+15	4.52e-19	1.08e-13	2.96e-09	9.91e-06	2.58e-03	9.97e-01	0.00e+00	0.00e+00
 6.91468e+15	6.06e-19	1.38e-13	3.58e-09	1.13e-05	2.77e-03	9.97e-01	0.00e+00	0.00e+00
 7.11957e+15	7.86e-19	1.71e-13	4.23e-09	1.27e-05	2.95e-03	9.97e-01	0.00e+00	0.00e+00
 7.34208e+15	1.03e-18	2.14e-13	5.06e-09	1.44e-05	3.16e-03	9.97e-01	0.00e+00	0.00e+00
 7.59348e+15	1.39e-18	2.74e-13	6.14e-09	1.65e-05	3.40e-03	9.97e-01	0.00e+00	0.00e+00
 7.83492e+15	1.82e-18	3.43e-13	7.35e-09	1.87e-05	3.64e-03	9.96e-01	0.00e+00	0.00e+00
 8.10128e+15	2.43e-18	4.37e-13	8.91e-09	2.14e-05	3.92e-03	9.96e-01	0.00e+00	0.00e+00
 8.39812e+15	3.32e-18	5.66e-13	1.10e-08	2.47e-05	4.25e-03	9.96e-01	0.00e+00	0.00e+00
 8.67620e+15	4.39e-18	7.14e-13	1.32e-08	2.81e-05	4.57e-03	9.95e-01	0.00e+00	0.00e+00
 8.97935e+15	5.87e-18	9.12e-13	1.61e-08	3.23e-05	4.94e-03	9.95e-01	0.00e+00	0.00e+00
 9.31656e+15	8.01e-18	1.18e-12	1.99e-08	3.74e-05	5.36e-03	9.95e-01	0.00e+00	0.00e+00
 9.63058e+15	1.06e-17	1.49e-12	2.40e-08	4.27e-05	5.78e-03	9.94e-01	0.00e+00	0.00e+00
 9.97134e+15	1.41e-17	1.91e-12	2.93e-08	4.91e-05	6.25e-03	9.94e-01	0.00e+00	0.00e+00
 1.03520e+16	1.93e-17	2.48e-12	3.63e-08	5.70e-05	6.80e-03	9.93e-01	0.00e+00	0.00e+00
 1.07092e+16	2.55e-17	3.14e-12	4.41e-08	6.53e-05	7.35e-03	9.93e-01	0.00e+00	0.00e+00
 1.10959e+16	3.42e-17	4.03e-12	5.40e-08	7.52e-05	7.96e-03	9.92e-01	0.00e+00	0.00e+00
 1.15273e+16	4.67e-17	5.26e-12	6.72e-08	8.76e-05	8.69e-03	9.91e-01	0.00e+00	0.00e+00
 1.19358e+16	6.22e-17	6.70e-12	8.20e-08	1.01e-04	9.40e-03	9.90e-01	0.00e+00	0.00e+00
 1.23731e+16	8.35e-17	8.61e-12	1.01e-07	1.16e-04	1.02e-02	9.90e-01	0.00e+00	0.00e+00
 1.28681e+16	1.15e-16	1.13e-11	1.26e-07	1.36e-04	1.12e-02	9.89e-01	0.00e+00	0.00e+00
 1.33532e+16	1.80e-16	1.47e-11	1.57e-07	1.57e-04	1.21e-02	9.88e-01	0.00e+00	0.00e+00
 1.38577e+16	2.47e-16	1.90e-11	1.94e-07	1.82e-04	1.32e-02	9.87e-01	0.00e+00	0.00e+00
 1.43183e+16	3.24e-16	2.39e-11	2.35e-07	2.07e-04	1.42e-02	9.86e-01	0.00e+00	0.00e+00
 1.46594e+16	3.96e-16	2.83e-11	2.69e-07	2.28e-04	1.50e-02	9.85e-01	0.00e+00	0.00e+00
 1.50097e+16	4.82e-16	3.34e-11	3.09e-07	2.50e-04	1.58e-02	9.84e-01	0.00e+00	0.00e+00
 1.54651e+16	6.19e-16	4.12e-11	3.67e-07	2.82e-04	1.70e-02	9.83e-01	0.00e+00	0.00e+00
 1.59605e+16	8.07e-16	5.15e-11	4.42e-07	3.19e-04	1.82e-02	9.81e-01	0.00e+00	0.00e+00
 1.64089e+16	1.02e-15	6.27e-11	5.20e-07	3.56e-04	1.94e-02	9.80e-01	0.00e+00	0.00e+00
 1.68928e+16	1.30e-15	7.71e-11	6.17e-07	4.00e-04	2.07e-02	9.79e-01	0.00e+00	0.00e+00
 1.75097e+16	1.77e-15	9.98e-11	7.62e-07	4.61e-04	2.25e-02	9.77e-01	0.00e+00	0.00e+00
 1.81309e+16	2.38e-15	1.28e-10	9.36e-07	5.29e-04	2.43e-02	9.75e-01	0.00e+00	0.00e+00
 1.86456e+16	3.02e-15	1.57e-10	1.10e-06	5.91e-04	2.59e-02	9.74e-01	0.00e+00	0.00e+00
 1.91905e+16	3.87e-15	1.93e-10	1.31e-06	6.63e-04	2.76e-02	9.72e-01	0.00e+00	0.00e+00
 1.98885e+16	5.28e-15	2.50e-10	1.62e-06	7.64e-04	2.99e-02	9.69e-01	0.00e+00	0.00e+00
 2.06262e+16	7.24e-15	3.26e-10	2.01e-06	8.84e-04	3.24e-02	9.67e-01	0.00e+00	0.00e+00
 2.12860e+16	9.51e-15	4.11e-10	2.43e-06	1.00e-03	3.48e-02	9.64e-01	0.00e+00	0.00e+00
 2.20036e+16	1.24e-14	5.24e-10	2.97e-06	1.14e-03	3.75e-02	9.61e-01	0.00e+00	0.00e+00
 2.28574e+16	1.74e-14	6.95e-10	3.73e-06	1.33e-03	4.08e-02	9.58e-01	0.00e+00	0.00e+00
 2.37023e+16	2.39e-14	9.10e-10	4.64e-06	1.54e-03	4.42e-02	9.54e-01	0.00e+00	0.00e+00
 2.44725e+16	3.17e-14	1.15e-09	5.62e-06	1.74e-03	4.74e-02	9.51e-01	0.00e+00	0.00e+00
 2.53312e+16	4.30e-14	1.49e-09	6.92e-06	2.00e-03	5.11e-02	9.47e-01	0.00e+00	0.00e+00
 2.63329e+16	6.09e-14	2.00e-09	8.76e-06	2.34e-03	5.56e-02	9.42e-01	0.00e+00	0.00e+00
 2.73159e+16	8.43e-14	2.63e-09	1.09e-05	2.70e-03	6.03e-02	9.37e-01	0.00e+00	0.00e+00
 2.82435e+16	1.14e-13	3.39e-09	1.34e-05	3.08e-03	6.48e-02	9.32e-01	0.00e+00	0.00e+00
 2.92785e+16	1.58e-13	4.45e-09	1.66e-05	3.56e-03	7.00e-02	9.26e-01	0.00e+00	0.00e+00
 3.02593e+16	2.13e-13	5.73e-09	2.03e-05	4.06e-03	7.51e-02	9.21e-01	0.00e+00	0.00e+00
 3.09844e+16	2.63e-13	6.86e-09	2.35e-05	4.46e-03	7.91e-02	9.16e-01	0.00e+00	0.00e+00
 3.17165e+16	3.26e-13	8.21e-09	2.71e-05	4.89e-03	8.31e-02	9.12e-01	0.00e+00	0.00e+00
 3.26682e+16	4.26e-13	1.03e-08	3.24e-05	5.50e-03	8.85e-02	9.06e-01	0.00e+00	0.00e+00
 3.37040e+16	5.67e-13	1.31e-08	3.92e-05	6.23e-03	9.46e-02	8.99e-01	0.00e+00	0.00e+00
 3.46384e+16	7.30e-13	1.61e-08	4.63e-05	6.94e-03	1.00e-01	8.93e-01	0.00e+00	0.00e+00
 3.56423e+16	9.49e-13	2.01e-08	5.51e-05	7.77e-03	1.06e-01	8.86e-01	0.00e+00	0.00e+00
 3.69339e+16	1.32e-12	2.65e-08	6.85e-05	8.95e-03	1.14e-01	8.77e-01	0.00e+00	0.00e+00
 3.82365e+16	1.81e-12	3.46e-08	8.45e-05	1.02e-02	1.23e-01	8.67e-01	0.00e+00	0.00e+00
 3.93014e+16	2.34e-12	4.29e-08	9.99e-05	1.14e-02	1.30e-01	8.58e-01	0.00e+00	0.00e+00
 4.04205e+16	3.03e-12	5.33e-08	1.18e-04	1.28e-02	1.38e-01	8.50e-01	0.00e+00	0.00e+00
 4.18741e+16	4.21e-12	7.01e-08	1.47e-04	1.46e-02	1.48e-01	8.38e-01	0.00e+00	0.00e+00
 4.34188e+16	5.88e-12	9.29e-08	1.83e-04	1.68e-02	1.59e-01	8.24e-01	0.00e+00	0.00e+00
 4.47679e+16	7.82e-12	1.18e-07	2.20e-04	1.90e-02	1.68e-01	8.12e-01	0.00e+00	0.00e+00
 4.62064e+16	1.05e-11	1.51e-07	2.66e-04	2.14e-02	1.79e-01	7.99e-01	0.00e+00	0.00e+00
 4.79598e+16	1.48e-11	2.01e-07	3.33e-04	2.47e-02	1.92e-01	7.83e-01	0.00e+00	0.00e+00
 4.97034e+16	2.06e-11	2.65e-07	4.12e-04	2.83e-02	2.05e-01	7.66e-01	0.00e+00	0.00e+00
 5.12396e+16	2.73e-11	3.36e-07	4.94e-04	3.18e-02	2.17e-01	7.51e-01	0.00e+00	0.00e+00
 5.29258e+16	3.68e-11	4.31e-07	5.99e-04	3.58e-02	2.30e-01	7.34e-01	0.00e+00	0.00e+00
 5.49565e+16	5.21e-11	5.76e-07	7.49e-04	4.12e-02	2.45e-01	7.13e-01	0.00e+00	0.00e+00
 5.68932e+16	7.13e-11	7.49e-07	9.17e-04	4.68e-02	2.60e-01	6.92e-01	0.00e+00	0.00e+00
 5.85185e+16	9.21e-11	9.29e-07	1.08e-03	5.18e-02	2.72e-01	6.75e-01	0.00e+00	0.00e+00
 5.99793e+16	1.15e-10	1.12e-06	1.25e-03	5.66e-02	2.83e-01	6.59e-01	0.00e+00	0.00e+00
 6.15772e+16	1.46e-10	1.37e-06	1.45e-03	6.21e-02	2.95e-01	6.42e-01	0.00e+00	0.00e+00
 6.33674e+16	1.90e-10	1.70e-06	1.71e-03	6.87e-02	3.08e-01	6.22e-01	0.00e+00	0.00e+00
 6.50515e+16	2.41e-10	2.07e-06	1.99e-03	7.52e-02	3.20e-01	6.03e-01	0.00e+00	0.00e+00
 6.68846e+16	3.11e-10	2.55e-06	2.33e-03	8.27e-02	3.32e-01	5.83e-01	0.00e+00	0.00e+00
 6.89029e+16	4.06e-10	3.19e-06	2.75e-03	9.14e-02	3.46e-01	5.60e-01	0.00e+00	0.00e+00
 7.07683e+16	5.17e-10	3.89e-06	3.19e-03	9.98e-02	3.57e-01	5.40e-01	0.00e+00	0.00e+00
 7.27996e+16	6.69e-10	4.81e-06	3.74e-03	1.09e-01	3.69e-01	5.17e-01	0.00e+00	0.00e+00
 7.50627e+16	8.79e-10	6.03e-06	4.42e-03	1.21e-01	3.82e-01	4.93e-01	0.00e+00	0.00e+00
 7.71986e+16	1.13e-09	7.40e-06	5.14e-03	1.32e-01	3.93e-01	4.70e-01	0.00e+00	0.00e+00
 7.95469e+16	1.48e-09	9.23e-06	6.03e-03	1.44e-01	4.04e-01	4.46e-01	0.00e+00	0.00e+00
 8.21410e+16	1.96e-09	1.16e-05	7.15e-03	1.58e-01	4.15e-01	4.19e-01	0.00e+00	0.00e+00
 8.45091e+16	2.52e-09	1.42e-05	8.28e-03	1.72e-01	4.24e-01	3.96e-01	0.00e+00	0.00e+00
 8.70419e+16	3.28e-09	1.76e-05	9.65e-03	1.87e-01	4.32e-01	3.71e-01	0.00e+00	0.00e+00
 8.98527e+16	4.32e-09	2.20e-05	1.13e-02	2.04e-01	4.40e-01	3.45e-01	0.00e+00	0.00e+00
 9.24877e+16	5.54e-09	2.70e-05	1.31e-02	2.19e-01	4.45e-01	3.22e-01	0.00e+00	0.00e+00
 9.53757e+16	7.28e-09	3.35e-05	1.52e-02	2.37e-01	4.50e-01	2.98e-01	0.00e+00	0.00e+00
 9.84155e+16	9.49e-09	4.14e-05	1.77e-02	2.56e-01	4.52e-01	2.74e-01	0.00e+00	0.00e+00
 1.01045e+17	1.19e-08	4.94e-05	2.00e-02	2.72e-01	4.53e-01	2.54e-01	0.00e+00	0.00e+00
 1.03345e+17	1.43e-08	5.74e-05	2.22e-02	2.86e-01	4.53e-01	2.38e-01	0.00e+00	0.00e+00
 1.05821e+17	1.76e-08	6.75e-05	2.48e-02	3.02e-01	4.52e-01	2.21e-01	0.00e+00	0.00e+00
 1.08560e+17	2.18e-08	7.99e-05	2.79e-02	3.18e-01	4.49e-01	2.04e-01	0.00e+00	0.00e+00
 1.11108e+17	2.65e-08	9.29e-05	3.09e-02	3.34e-01	4.46e-01	1.89e-01	0.00e+00	0.00e+00
 1.13887e+17	3.28e-08	1.10e-04	3.46e-02	3.50e-01	4.41e-01	1.74e-01	0.00e+00	0.00e+00
 1.16877e+17	4.05e-08	1.29e-04	3.86e-02	3.68e-01	4.35e-01	1.58e-01	0.00e+00	0.00e+00
 1.19563e+17	4.89e-08	1.49e-04	4.26e-02	3.83e-01	4.29e-01	1.46e-01	0.00e+00	0.00e+00
 1.22476e+17	6.00e-08	1.74e-04	4.72e-02	3.99e-01	4.21e-01	1.33e-01	0.00e+00	0.00e+00
 1.25651e+17	7.41e-08	2.05e-04	5.26e-02	4.16e-01	4.12e-01	1.20e-01	0.00e+00	0.00e+00
 1.28534e+17	8.89e-08	2.35e-04	5.77e-02	4.30e-01	4.02e-01	1.09e-01	0.00e+00	0.00e+00
 1.31654e+17	1.09e-07	2.74e-04	6.37e-02	4.46e-01	3.92e-01	9.85e-02	0.00e+00	0.00e+00
 1.35051e+17	1.34e-07	3.20e-04	7.05e-02	4.62e-01	3.80e-01	8.80e-02	0.00e+00	0.00e+00
 1.38154e+17	1.60e-07	3.67e-04	7.72e-02	4.75e-01	3.68e-01	7.94e-02	0.00e+00	0.00e+00
 1.41532e+17	1.97e-07	4.28e-04	8.51e-02	4.89e-01	3.55e-01	7.06e-02	0.00e+00	0.00e+00
 1.45174e+17	2.41e-07	4.98e-04	9.39e-02	5.03e-01	3.40e-01	6.23e-02	0.00e+00	0.00e+00
 1.48473e+17	2.89e-07	5.70e-04	1.02e-01	5.15e-01	3.27e-01	5.55e-02	0.00e+00	0.00e+00
 1.52074e+17	3.54e-07	6.63e-04	1.12e-01	5.26e-01	3.12e-01	4.88e-02	0.00e+00	0.00e+00
 1.55968e+17	4.35e-07	7.73e-04	1.24e-01	5.37e-01	2.96e-01	4.23e-02	0.00e+00	0.00e+00
 1.59463e+17	5.19e-07	8.81e-04	1.35e-01	5.46e-01	2.81e-01	3.73e-02	0.00e+00	0.00e+00
 1.63227e+17	6.36e-07	1.02e-03	1.47e-01	5.54e-01	2.65e-01	3.23e-02	0.00e+00	0.00e+00
 1.67241e+17	7.72e-07	1.18e-03	1.61e-01	5.61e-01	2.49e-01	2.78e-02	0.00e+00	0.00e+00
 1.70851e+17	9.22e-07	1.35e-03	1.75e-01	5.65e-01	2.34e-01	2.41e-02	0.00e+00	0.00e+00
 1.74814e+17	1.13e-06	1.57e-03	1.91e-01	5.69e-01	2.18e-01	2.05e-02	0.00e+00	0.00e+00
 1.78491e+17	1.34e-06	1.77e-03	2.06e-01	5.70e-01	2.04e-01	1.77e-02	0.00e+00	0.00e+00
 1.81073e+17	1.51e-06	1.94e-03	2.18e-01	5.70e-01	1.94e-01	1.59e-02	0.00e+00	0.00e+00
 1.83704e+17	1.74e-06	2.15e-03	2.31e-01	5.70e-01	1.83e-01	1.41e-02	0.00e+00	0.00e+00
 1.86666e+17	2.00e-06	2.38e-03	2.45e-01	5.68e-01	1.72e-01	1.24e-02	0.00e+00	0.00e+00
 1.89530e+17	2.31e-06	2.65e-03	2.60e-01	5.65e-01	1.61e-01	1.09e-02	0.00e+00	0.00e+00
 1.92194e+17	2.62e-06	2.91e-03	2.75e-01	5.61e-01	1.52e-01	9.63e-03	0.00e+00	0.00e+00
 1.95126e+17	2.99e-06	3.21e-03	2.92e-01	5.56e-01	1.41e-01	8.36e-03	0.00e+00	0.00e+00
 1.98359e+17	3.62e-06	3.68e-03	3.12e-01	5.48e-01	1.29e-01	7.05e-03	0.00e+00	0.00e+00
 2.01041e+17	4.11e-06	4.05e-03	3.29e-01	5.41e-01	1.20e-01	6.15e-03	0.00e+00	0.00e+00
 2.03583e+17	4.70e-06	4.46e-03	3.46e-01	5.33e-01	1.12e-01	5.35e-03	0.00e+00	0.00e+00
 2.06433e+17	5.46e-06	4.98e-03	3.66e-01	5.22e-01	1.02e-01	4.54e-03	0.00e+00	0.00e+00
 2.09066e+17	6.31e-06	5.54e-03	3.85e-01	5.12e-01	9.40e-02	3.88e-03	0.00e+00	0.00e+00
 2.11385e+17	6.96e-06	5.96e-03	4.01e-01	5.02e-01	8.71e-02	3.39e-03	0.00e+00	0.00e+00
 2.13915e+17	8.32e-06	6.77e-03	4.23e-01	4.89e-01	7.90e-02	2.83e-03	0.00e+00	0.00e+00
 2.16444e+17	9.48e-06	7.45e-03	4.43e-01	4.76e-01	7.19e-02	2.40e-03	0.00e+00	0.00e+00
 2.18630e+17	1.09e-05	8.21e-03	4.61e-01	4.63e-01	6.57e-02	2.04e-03	0.00e+00	0.00e+00
 2.21132e+17	1.26e-05	9.16e-03	4.83e-01	4.47e-01	5.89e-02	1.68e-03	0.00e+00	0.00e+00
 2.23785e+17	1.44e-05	1.01e-02	5.05e-01	4.31e-01	5.24e-02	1.38e-03	0.00e+00	0.00e+00
 2.26194e+17	1.74e-05	1.15e-02	5.28e-01	4.13e-01	4.62e-02	1.11e-03	0.00e+00	0.00e+00
 2.28235e+17	1.92e-05	1.24e-02	5.45e-01	3.99e-01	4.18e-02	9.37e-04	0.00e+00	0.00e+00
 2.30239e+17	2.29e-05	1.40e-02	5.65e-01	3.83e-01	3.70e-02	7.58e-04	0.00e+00	0.00e+00
 2.32330e+17	2.62e-05	1.54e-02	5.84e-01	3.67e-01	3.28e-02	6.18e-04	0.00e+00	0.00e+00
 2.34534e+17	3.00e-05	1.69e-02	6.04e-01	3.50e-01	2.87e-02	4.94e-04	0.00e+00	0.00e+00
 2.36636e+17	3.59e-05	1.92e-02	6.24e-01	3.32e-01	2.48e-02	3.85e-04	0.00e+00	0.00e+00
 2.37934e+17	3.93e-05	2.05e-02	6.35e-01	3.21e-01	2.27e-02	3.33e-04	0.00e+00	0.00e+00
 2.38953e+17	4.19e-05	2.14e-02	6.43e-01	3.14e-01	2.12e-02	2.96e-04	0.00e+00	0.00e+00
 2.40278e+17	4.65e-05	2.30e-02	6.55e-01	3.02e-01	1.92e-02	2.50e-04	0.00e+00	0.00e+00
 2.41767e+17	5.23e-05	2.50e-02	6.68e-01	2.90e-01	1.71e-02	2.06e-04	0.00e+00	0.00e+00
 2.43150e+17	5.94e-05	2.73e-02	6.80e-01	2.78e-01	1.52e-02	1.69e-04	0.00e+00	0.00e+00
 2.44312e+17	6.52e-05	2.91e-02	6.89e-01	2.68e-01	1.38e-02	1.44e-04	0.00e+00	0.00e+00
 2.45506e+17	7.23e-05	3.12e-02	6.98e-01	2.58e-01	1.24e-02	1.21e-04	0.00e+00	0.00e+00
 2.47057e+17	8.26e-05	3.41e-02	7.10e-01	2.45e-01	1.07e-02	9.50e-05	0.00e+00	0.00e+00
 2.48634e+17	9.44e-05	3.74e-02	7.21e-01	2.32e-01	9.29e-03	7.46e-05	0.00e+00	0.00e+00
 2.49902e+17	1.05e-04	4.02e-02	7.29e-01	2.22e-01	8.24e-03	6.10e-05	0.00e+00	0.00e+00
 2.51205e+17	1.18e-04	4.35e-02	7.37e-01	2.12e-01	7.21e-03	4.89e-05	0.00e+00	0.00e+00
 2.52644e+17	1.34e-04	4.74e-02	7.45e-01	2.01e-01	6.23e-03	3.84e-05	0.00e+00	0.00e+00
 2.53974e+17	1.50e-04	5.12e-02	7.52e-01	1.91e-01	5.43e-03	3.06e-05	0.00e+00	0.00e+00
 2.55205e+17	1.68e-04	5.52e-02	7.58e-01	1.82e-01	4.75e-03	2.45e-05	0.00e+00	0.00e+00
 2.56593e+17	1.91e-04	6.01e-02	7.64e-01	1.72e-01	4.06e-03	1.89e-05	0.00e+00	0.00e+00
 2.58081e+17	2.19e-04	6.56e-02	7.69e-01	1.62e-01	3.43e-03	1.44e-05	0.00e+00	0.00e+00
 2.59389e+17	2.46e-04	7.09e-02	7.73e-01	1.53e-01	2.96e-03	1.12e-05	0.00e+00	0.00e+00
 2.60780e+17	2.80e-04	7.73e-02	7.76e-01	1.44e-01	2.50e-03	8.51e-06	0.00e+00	0.00e+00
 2.62284e+17	3.22e-04	8.46e-02	7.79e-01	1.34e-01	2.08e-03	6.33e-06	0.00e+00	0.00e+00
 2.63629e+17	3.64e-04	9.17e-02	7.80e-01	1.26e-01	1.77e-03	4.84e-06	0.00e+00	0.00e+00
 2.64871e+17	4.09e-04	9.88e-02	7.80e-01	1.19e-01	1.51e-03	3.76e-06	0.00e+00	0.00e+00
 2.66288e+17	4.68e-04	1.08e-01	7.80e-01	1.11e-01	1.26e-03	2.78e-06	0.00e+00	0.00e+00
 2.67841e+17	5.41e-04	1.18e-01	7.78e-01	1.02e-01	1.03e-03	2.00e-06	0.00e+00	0.00e+00
 2.69240e+17	6.19e-04	1.29e-01	7.75e-01	9.49e-02	8.51e-04	1.48e-06	0.00e+00	0.00e+00
 2.70521e+17	6.99e-04	1.39e-01	7.71e-01	8.85e-02	7.15e-04	1.12e-06	0.00e+00	0.00e+00
 2.71981e+17	8.06e-04	1.52e-01	7.65e-01	8.13e-02	5.81e-04	8.06e-07	0.00e+00	0.00e+00
 2.73586e+17	9.41e-04	1.67e-01	7.57e-01	7.39e-02	4.63e-04	0.00e+00	0.00e+00	0.00e+00
 2.75038e+17	1.09e-03	1.83e-01	7.48e-01	6.74e-02	3.74e-04	0.00e+00	0.00e+00	0.00e+00
 2.76364e+17	1.24e-03	1.98e-01	7.39e-01	6.19e-02	3.08e-04	0.00e+00	0.00e+00	0.00e+00
 2.77870e+17	1.45e-03	2.17e-01	7.25e-01	5.56e-02	2.42e-04	0.00e+00	0.00e+00	0.00e+00
 2.79520e+17	1.72e-03	2.40e-01	7.08e-01	4.92e-02	1.86e-04	0.00e+00	0.00e+00	0.00e+00
 2.81027e+17	2.01e-03	2.64e-01	6.91e-01	4.38e-02	1.45e-04	0.00e+00	0.00e+00	0.00e+00
 2.82654e+17	2.38e-03	2.91e-01	6.68e-01	3.81e-02	1.09e-04	0.00e+00	0.00e+00	0.00e+00
 2.84433e+17	2.89e-03	3.25e-01	6.40e-01	3.24e-02	7.91e-05	0.00e+00	0.00e+00	0.00e+00
 2.86040e+17	3.46e-03	3.59e-01	6.10e-01	2.76e-02	5.81e-05	0.00e+00	0.00e+00	0.00e+00
 2.87498e+17	4.07e-03	3.91e-01	5.81e-01	2.36e-02	4.35e-05	0.00e+00	0.00e+00	0.00e+00
 2.89130e+17	4.90e-03	4.31e-01	5.44e-01	1.94e-02	3.06e-05	0.00e+00	0.00e+00	0.00e+00
 2.90893e+17	6.00e-03	4.78e-01	5.01e-01	1.54e-02	2.05e-05	0.00e+00	0.00e+00	0.00e+00
 2.92395e+17	7.18e-03	5.21e-01	4.59e-01	1.24e-02	1.41e-05	0.00e+00	0.00e+00	0.00e+00
 2.93664e+17	8.38e-03	5.59e-01	4.22e-01	1.01e-02	1.01e-05	0.00e+00	0.00e+00	0.00e+00
 2.95063e+17	9.90e-03	6.01e-01	3.81e-01	7.95e-03	6.85e-06	0.00e+00	0.00e+00	0.00e+00
 2.96512e+17	1.19e-02	6.47e-01	3.35e-01	6.00e-03	4.41e-06	0.00e+00	0.00e+00	0.00e+00
 2.97655e+17	1.37e-02	6.83e-01	2.99e-01	4.70e-03	3.04e-06	0.00e+00	0.00e+00	0.00e+00
 2.98578e+17	1.54e-02	7.11e-01	2.69e-01	3.80e-03	2.20e-06	0.00e+00	0.00e+00	0.00e+00
 2.99588e+17	1.75e-02	7.41e-01	2.39e-01	2.96e-03	1.52e-06	0.00e+00	0.00e+00	0.00e+00
 3.00701e+17	2.03e-02	7.72e-01	2.05e-01	2.20e-03	9.85e-07	0.00e+00	0.00e+00	0.00e+00
 3.01689e+17	2.32e-02	7.99e-01	1.77e-01	1.65e-03	0.00e+00	0.00e+00	0.00e+00	0.00e+00
 3.02515e+17	2.58e-02	8.18e-01	1.55e-01	1.28e-03	0.00e+00	0.00e+00	0.00e+00	0.00e+00
 3.03393e+17	2.91e-02	8.37e-01	1.33e-01	9.56e-04	0.00e+00	0.00e+00	0.00e+00	0.00e+00
 3.04358e+17	3.33e-02	8.56e-01	1.10e-01	6.79e-04	0.00e+00	0.00e+00	0.00e+00	0.00e+00
 3.05200e+17	3.76e-02	8.70e-01	9.24e-02	4.92e-04	0.00e+00	0.00e+00	0.00e+00	0.00e+00
 3.05908e+17	4.18e-02	8.79e-01	7.90e-02	3.70e-04	0.00e+00	0.00e+00	0.00e+00	0.00e+00
 3.06558e+17	4.62e-02	8.86e-01	6.76e-02	2.80e-04	0.00e+00	0.00e+00	0.00e+00	0.00e+00
 3.07286e+17	5.16e-02	8.92e-01	5.66e-02	2.04e-04	0.00e+00	0.00e+00	0.00e+00	0.00e+00
 3.08232e+17	5.98e-02	8.96e-01	4.43e-02	1.31e-04	0.00e+00	0.00e+00	0.00e+00	0.00e+00
 3.09149e+17	6.98e-02	8.96e-01	3.39e-02	8.23e-05	0.00e+00	0.00e+00	0.00e+00	0.00e+00
 3.09800e+17	7.83e-02	8.94e-01	2.77e-02	5.79e-05	0.00e+00	0.00e+00	0.00e+00	0.00e+00
 3.10421e+17	8.74e-02	8.90e-01	2.28e-02	4.11e-05	0.00e+00	0.00e+00	0.00e+00	0.00e+00
 3.11228e+17	1.01e-01	8.81e-01	1.74e-02	2.58e-05	0.00e+00	0.00e+00	0.00e+00	0.00e+00
 3.11997e+17	1.17e-01	8.70e-01	1.32e-02	1.60e-05	0.00e+00	0.00e+00	0.00e+00	0.00e+00
 3.12535e+17	1.30e-01	8.59e-01	1.08e-02	1.14e-05	0.00e+00	0.00e+00	0.00e+00	0.00e+00
 3.13007e+17	1.43e-01	8.48e-01	8.96e-03	8.32e-06	0.00e+00	0.00e+00	0.00e+00	0.00e+00
 3.13554e+17	1.60e-01	8.33e-01	7.20e-03	5.74e-06	0.00e+00	0.00e+00	0.00e+00	0.00e+00
 3.14131e+17	1.79e-01	8.15e-01	5.66e-03	3.82e-06	0.00e+00	0.00e+00	0.00e+00	0.00e+00
 3.14623e+17	1.99e-01	7.97e-01	4.56e-03	2.67e-06	0.00e+00	0.00e+00	0.00e+00	0.00e+00
 3.15029e+17	2.15e-01	7.81e-01	3.81e-03	1.98e-06	0.00e+00	0.00e+00	0.00e+00	0.00e+00
 3.15401e+17	2.32e-01	7.64e-01	3.22e-03	1.49e-06	0.00e+00	0.00e+00	0.00e+00	0.00e+00
 3.15700e+17	2.47e-01	7.51e-01	2.80e-03	1.19e-06	0.00e+00	0.00e+00	0.00e+00	0.00e+00
 3.15910e+17	2.57e-01	7.40e-01	2.54e-03	1.01e-06	0.00e+00	0.00e+00	0.00e+00	0.00e+00
 3.16113e+17	2.67e-01	7.30e-01	2.31e-03	8.66e-07	0.00e+00	0.00e+00	0.00e+00	0.00e+00
 3.16355e+17	2.81e-01	7.17e-01	2.05e-03	0.00e+00	0.00e+00	0.00e+00	0.00e+00	0.00e+00
 3.16616e+17	2.96e-01	7.02e-01	1.80e-03	0.00e+00	0.00e+00	0.00e+00	0.00e+00	0.00e+00
 3.16850e+17	3.10e-01	6.89e-01	1.60e-03	0.00e+00	0.00e+00	0.00e+00	0.00e+00	0.00e+00
 3.17060e+17	3.22e-01	6.76e-01	1.44e-03	0.00e+00	0.00e+00	0.00e+00	0.00e+00	0.00e+00
 3.17278e+17	3.36e-01	6.62e-01	1.29e-03	0.00e+00	0.00e+00	0.00e+00	0.00e+00	0.00e+00
 3.17508e+17	3.52e-01	6.47e-01	1.14e-03	0.00e+00	0.00e+00	0.00e+00	0.00e+00	0.00e+00
 3.17734e+17	3.67e-01	6.32e-01	1.01e-03	0.00e+00	0.00e+00	0.00e+00	0.00e+00	0.00e+00
 3.17954e+17	3.82e-01	6.17e-01	8.99e-04	0.00e+00	0.00e+00	0.00e+00	0.00e+00	0.00e+00
 3.18171e+17	3.97e-01	6.02e-01	7.98e-04	0.00e+00	0.00e+00	0.00e+00	0.00e+00	0.00e+00
 3.18392e+17	4.13e-01	5.86e-01	7.07e-04	0.00e+00	0.00e+00	0.00e+00	0.00e+00	0.00e+00
 3.18614e+17	4.30e-01	5.70e-01	6.24e-04	0.00e+00	0.00e+00	0.00e+00	0.00e+00	0.00e+00
 3.18833e+17	4.46e-01	5.53e-01	5.51e-04	0.00e+00	0.00e+00	0.00e+00	0.00e+00	0.00e+00
 3.19049e+17	4.63e-01	5.37e-01	4.87e-04	0.00e+00	0.00e+00	0.00e+00	0.00e+00	0.00e+00
