#depth	O	O+	O+2	O+3	O+4	O+5	O+6	O+7	O+8	O[1]	O[2]	O[3]
 1.49634e+10	0.00e+00	1.14e-44	5.72e-34	2.22e-24	8.76e-16	2.61e-08	1.00e+00	0.00e+00	0.00e+00	0.00e+00	0.00e+00	0.00e+00
 4.54887e+10	0.00e+00	0.00e+00	7.85e-34	2.82e-24	1.03e-15	2.83e-08	1.00e+00	5.02e-11	0.00e+00	0.00e+00	0.00e+00	0.00e+00
 7.72350e+10	0.00e+00	2.51e-44	1.08e-33	3.57e-24	1.20e-15	3.06e-08	1.00e+00	0.00e+00	0.00e+00	0.00e+00	0.00e+00	0.00e+00
 1.10251e+11	0.00e+00	0.00e+00	1.47e-33	4.52e-24	1.41e-15	3.32e-08	1.00e+00	0.00e+00	0.00e+00	0.00e+00	0.00e+00	0.00e+00
 1.44588e+11	0.00e+00	5.53e-44	2.02e-33	5.73e-24	1.65e-15	3.59e-08	1.00e+00	0.00e+00	0.00e+00	0.00e+00	0.00e+00	0.00e+00
 1.80298e+11	0.00e+00	0.00e+00	2.77e-33	7.27e-24	1.93e-15	3.89e-08	1.00e+00	0.00e+00	0.00e+00	0.00e+00	0.00e+00	0.00e+00
 2.17437e+11	0.00e+00	1.22e-43	3.80e-33	9.21e-24	2.27e-15	4.21e-08	1.00e+00	0.00e+00	0.00e+00	0.00e+00	0.00e+00	0.00e+00
 2.56061e+11	0.00e+00	0.00e+00	5.21e-33	1.17e-23	2.66e-15	4.56e-08	1.00e+00	0.00e+00	0.00e+00	0.00e+00	0.00e+00	0.00e+00
 2.96231e+11	0.00e+00	2.68e-43	7.15e-33	1.48e-23	3.12e-15	4.94e-08	1.00e+00	0.00e+00	0.00e+00	0.00e+00	0.00e+00	0.00e+00
 3.34483e+11	0.00e+00	0.00e+00	9.56e-33	1.84e-23	3.61e-15	5.31e-08	1.00e+00	0.00e+00	0.00e+00	0.00e+00	0.00e+00	0.00e+00
 3.69426e+11	0.00e+00	5.31e-43	1.24e-32	2.24e-23	4.10e-15	5.67e-08	1.00e+00	0.00e+00	0.00e+00	0.00e+00	0.00e+00	0.00e+00
 4.08916e+11	0.00e+00	0.00e+00	1.64e-32	2.76e-23	4.73e-15	6.09e-08	1.00e+00	0.00e+00	0.00e+00	0.00e+00	0.00e+00	0.00e+00
 4.54824e+11	0.00e+00	1.12e-42	2.24e-32	3.50e-23	5.54e-15	6.59e-08	1.00e+00	0.00e+00	0.00e+00	0.00e+00	0.00e+00	0.00e+00
 5.00141e+11	0.00e+00	0.00e+00	3.02e-32	4.38e-23	6.45e-15	7.11e-08	1.00e+00	0.00e+00	0.00e+00	0.00e+00	0.00e+00	0.00e+00
 5.43391e+11	0.00e+00	2.29e-42	3.98e-32	5.40e-23	7.41e-15	7.63e-08	1.00e+00	0.00e+00	0.00e+00	0.00e+00	0.00e+00	0.00e+00
 5.91175e+11	0.00e+00	0.00e+00	5.35e-32	6.74e-23	8.60e-15	8.22e-08	1.00e+00	0.00e+00	0.00e+00	0.00e+00	0.00e+00	0.00e+00
 6.44748e+11	0.00e+00	4.91e-42	7.35e-32	8.57e-23	1.01e-14	8.92e-08	1.00e+00	0.00e+00	0.00e+00	0.00e+00	0.00e+00	0.00e+00
 6.97464e+11	0.00e+00	0.00e+00	9.94e-32	1.08e-22	1.18e-14	9.63e-08	1.00e+00	0.00e+00	0.00e+00	0.00e+00	0.00e+00	0.00e+00
 7.52289e+11	0.00e+00	1.04e-41	1.35e-31	1.35e-22	1.37e-14	1.04e-07	1.00e+00	0.00e+00	0.00e+00	0.00e+00	0.00e+00	0.00e+00
 8.12307e+11	0.00e+00	0.00e+00	1.85e-31	1.72e-22	1.61e-14	1.13e-07	1.00e+00	0.00e+00	0.00e+00	0.00e+00	0.00e+00	0.00e+00
 8.72429e+11	0.00e+00	2.28e-41	2.52e-31	2.17e-22	1.89e-14	1.22e-07	1.00e+00	0.00e+00	0.00e+00	0.00e+00	0.00e+00	0.00e+00
 9.34955e+11	0.00e+00	0.00e+00	3.43e-31	2.74e-22	2.21e-14	1.32e-07	1.00e+00	0.00e+00	0.00e+00	0.00e+00	0.00e+00	0.00e+00
 1.00228e+12	0.00e+00	4.99e-41	4.72e-31	3.49e-22	2.60e-14	1.44e-07	1.00e+00	0.00e+00	0.00e+00	0.00e+00	0.00e+00	0.00e+00
 1.07230e+12	0.00e+00	0.00e+00	6.51e-31	4.44e-22	3.06e-14	1.56e-07	1.00e+00	0.00e+00	0.00e+00	0.00e+00	0.00e+00	0.00e+00
 1.14512e+12	0.00e+00	1.11e-40	8.97e-31	5.66e-22	3.61e-14	1.69e-07	1.00e+00	0.00e+00	0.00e+00	0.00e+00	0.00e+00	0.00e+00
 1.22085e+12	0.00e+00	0.00e+00	1.24e-30	7.22e-22	4.25e-14	1.84e-07	1.00e+00	0.00e+00	0.00e+00	0.00e+00	0.00e+00	0.00e+00
 1.29961e+12	0.00e+00	2.47e-40	1.71e-30	9.21e-22	5.01e-14	2.00e-07	1.00e+00	0.00e+00	0.00e+00	0.00e+00	0.00e+00	0.00e+00
 1.38152e+12	0.00e+00	0.00e+00	2.35e-30	1.18e-21	5.91e-14	2.17e-07	1.00e+00	0.00e+00	0.00e+00	0.00e+00	0.00e+00	0.00e+00
 1.46671e+12	0.00e+00	5.51e-40	3.25e-30	1.50e-21	6.98e-14	2.37e-07	1.00e+00	0.00e+00	0.00e+00	0.00e+00	0.00e+00	0.00e+00
 1.55530e+12	0.00e+00	0.00e+00	4.49e-30	1.92e-21	8.24e-14	2.57e-07	1.00e+00	0.00e+00	0.00e+00	0.00e+00	0.00e+00	0.00e+00
 1.64744e+12	0.00e+00	1.23e-39	6.20e-30	2.45e-21	9.74e-14	2.80e-07	1.00e+00	0.00e+00	0.00e+00	0.00e+00	0.00e+00	0.00e+00
 1.74327e+12	0.00e+00	0.00e+00	8.56e-30	3.13e-21	1.15e-13	3.05e-07	1.00e+00	0.00e+00	0.00e+00	0.00e+00	0.00e+00	0.00e+00
 1.84292e+12	0.00e+00	2.74e-39	1.18e-29	4.00e-21	1.36e-13	3.32e-07	1.00e+00	0.00e+00	0.00e+00	0.00e+00	0.00e+00	0.00e+00
 1.93994e+12	0.00e+00	0.00e+00	1.60e-29	5.04e-21	1.59e-13	3.60e-07	1.00e+00	0.00e+00	0.00e+00	0.00e+00	0.00e+00	0.00e+00
 2.03182e+12	0.00e+00	5.64e-39	2.11e-29	6.23e-21	1.84e-13	3.87e-07	1.00e+00	0.00e+00	0.00e+00	0.00e+00	0.00e+00	0.00e+00
 2.13400e+12	0.00e+00	0.00e+00	2.85e-29	7.82e-21	2.15e-13	4.19e-07	1.00e+00	0.00e+00	0.00e+00	0.00e+00	0.00e+00	0.00e+00
 2.24928e+12	0.00e+00	1.22e-38	3.94e-29	1.00e-20	2.55e-13	4.57e-07	1.00e+00	0.00e+00	0.00e+00	0.00e+00	0.00e+00	0.00e+00
 2.36405e+12	0.00e+00	0.00e+00	5.38e-29	1.27e-20	3.00e-13	4.97e-07	1.00e+00	0.00e+00	0.00e+00	0.00e+00	0.00e+00	0.00e+00
 2.48340e+12	0.00e+00	2.64e-38	7.34e-29	1.61e-20	3.53e-13	5.40e-07	1.00e+00	0.00e+00	0.00e+00	0.00e+00	0.00e+00	0.00e+00
 2.61266e+12	0.00e+00	0.00e+00	1.02e-28	2.06e-20	4.19e-13	5.90e-07	1.00e+00	0.00e+00	0.00e+00	0.00e+00	0.00e+00	0.00e+00
 2.74430e+12	0.00e+00	5.84e-38	1.39e-28	2.63e-20	4.95e-13	6.43e-07	1.00e+00	0.00e+00	0.00e+00	0.00e+00	0.00e+00	0.00e+00
 2.88121e+12	0.00e+00	0.00e+00	1.92e-28	3.36e-20	5.86e-13	7.01e-07	1.00e+00	0.00e+00	0.00e+00	0.00e+00	0.00e+00	0.00e+00
 3.02638e+12	0.00e+00	1.29e-37	2.65e-28	4.31e-20	6.96e-13	7.66e-07	1.00e+00	0.00e+00	0.00e+00	0.00e+00	0.00e+00	0.00e+00
 3.17737e+12	0.00e+00	0.00e+00	3.67e-28	5.53e-20	8.27e-13	8.37e-07	1.00e+00	0.00e+00	0.00e+00	0.00e+00	0.00e+00	0.00e+00
 3.33439e+12	0.00e+00	2.87e-37	5.07e-28	7.10e-20	9.83e-13	9.16e-07	1.00e+00	0.00e+00	0.00e+00	0.00e+00	0.00e+00	0.00e+00
 3.49769e+12	0.00e+00	0.00e+00	7.01e-28	9.11e-20	1.17e-12	1.00e-06	1.00e+00	0.00e+00	0.00e+00	0.00e+00	0.00e+00	0.00e+00
 3.64848e+12	0.00e+00	6.09e-37	9.34e-28	1.14e-19	1.37e-12	1.09e-06	1.00e+00	0.00e+00	0.00e+00	0.00e+00	0.00e+00	0.00e+00
 3.77899e+12	0.00e+00	0.00e+00	1.19e-27	1.37e-19	1.56e-12	1.16e-06	1.00e+00	0.00e+00	0.00e+00	0.00e+00	0.00e+00	0.00e+00
 3.92384e+12	0.00e+00	1.13e-36	1.54e-27	1.67e-19	1.79e-12	1.25e-06	1.00e+00	0.00e+00	0.00e+00	0.00e+00	0.00e+00	0.00e+00
 4.10079e+12	0.00e+00	0.00e+00	2.09e-27	2.12e-19	2.11e-12	1.36e-06	1.00e+00	0.00e+00	0.00e+00	0.00e+00	0.00e+00	0.00e+00
 4.28128e+12	0.00e+00	2.36e-36	2.82e-27	2.67e-19	2.49e-12	1.48e-06	1.00e+00	0.00e+00	0.00e+00	0.00e+00	0.00e+00	0.00e+00
 4.44596e+12	4.43e-46	3.26e-36	3.67e-27	3.28e-19	2.87e-12	1.60e-06	1.00e+00	0.00e+00	0.00e+00	0.00e+00	0.00e+00	0.00e+00
 4.62828e+12	0.00e+00	0.00e+00	4.86e-27	4.08e-19	3.35e-12	1.74e-06	1.00e+00	0.00e+00	0.00e+00	0.00e+00	0.00e+00	0.00e+00
 4.84092e+12	0.00e+00	6.76e-36	6.66e-27	5.22e-19	3.99e-12	1.90e-06	1.00e+00	0.00e+00	0.00e+00	0.00e+00	0.00e+00	0.00e+00
 5.05030e+12	1.63e-45	9.72e-36	8.97e-27	6.60e-19	4.71e-12	2.08e-06	1.00e+00	0.00e+00	0.00e+00	0.00e+00	0.00e+00	0.00e+00
 5.24828e+12	0.00e+00	0.00e+00	1.18e-26	8.16e-19	5.47e-12	2.25e-06	1.00e+00	0.00e+00	0.00e+00	0.00e+00	0.00e+00	0.00e+00
 5.46837e+12	0.00e+00	1.92e-35	1.57e-26	1.02e-18	6.43e-12	2.45e-06	1.00e+00	0.00e+00	0.00e+00	0.00e+00	0.00e+00	0.00e+00
 5.71703e+12	5.78e-45	2.82e-35	2.16e-26	1.31e-18	7.68e-12	2.69e-06	1.00e+00	0.00e+00	0.00e+00	0.00e+00	0.00e+00	0.00e+00
 5.96735e+12	0.00e+00	4.07e-35	2.92e-26	1.67e-18	9.11e-12	2.95e-06	1.00e+00	0.00e+00	0.00e+00	0.00e+00	0.00e+00	0.00e+00
 6.22768e+12	1.38e-44	5.87e-35	3.95e-26	2.12e-18	1.08e-11	3.24e-06	1.00e+00	0.00e+00	0.00e+00	0.00e+00	0.00e+00	0.00e+00
 6.50671e+12	0.00e+00	8.53e-35	5.39e-26	2.71e-18	1.29e-11	3.56e-06	1.00e+00	0.00e+00	0.00e+00	0.00e+00	0.00e+00	0.00e+00
 6.79691e+12	3.34e-44	1.24e-34	7.34e-26	3.46e-18	1.54e-11	3.92e-06	1.00e+00	0.00e+00	0.00e+00	0.00e+00	0.00e+00	0.00e+00
 7.09871e+12	0.00e+00	1.79e-34	9.97e-26	4.41e-18	1.84e-11	4.31e-06	1.00e+00	0.00e+00	0.00e+00	0.00e+00	0.00e+00	0.00e+00
 7.41259e+12	7.93e-44	2.58e-34	1.35e-25	5.63e-18	2.19e-11	4.74e-06	1.00e+00	0.00e+00	0.00e+00	0.00e+00	0.00e+00	0.00e+00
 7.73902e+12	0.00e+00	3.70e-34	1.83e-25	7.18e-18	2.61e-11	5.22e-06	1.00e+00	0.00e+00	0.00e+00	0.00e+00	0.00e+00	0.00e+00
 8.07851e+12	1.85e-43	5.29e-34	2.47e-25	9.14e-18	3.11e-11	5.75e-06	1.00e+00	0.00e+00	0.00e+00	0.00e+00	0.00e+00	0.00e+00
 8.43157e+12	0.00e+00	7.54e-34	3.33e-25	1.16e-17	3.71e-11	6.34e-06	1.00e+00	0.00e+00	0.00e+00	0.00e+00	0.00e+00	0.00e+00
 8.79120e+12	4.19e-43	1.06e-33	4.46e-25	1.47e-17	4.40e-11	6.97e-06	1.00e+00	0.00e+00	0.00e+00	0.00e+00	0.00e+00	0.00e+00
 9.16521e+12	0.00e+00	1.50e-33	5.95e-25	1.86e-17	5.22e-11	7.67e-06	1.00e+00	0.00e+00	0.00e+00	0.00e+00	0.00e+00	0.00e+00
 9.54074e+12	9.13e-43	2.07e-33	7.85e-25	2.33e-17	6.16e-11	8.41e-06	1.00e+00	0.00e+00	0.00e+00	0.00e+00	0.00e+00	0.00e+00
 9.89975e+12	0.00e+00	2.79e-33	1.01e-24	2.87e-17	7.16e-11	9.16e-06	1.00e+00	0.00e+00	0.00e+00	0.00e+00	0.00e+00	0.00e+00
 1.02941e+13	1.86e-42	3.82e-33	1.32e-24	3.58e-17	8.40e-11	1.00e-05	1.00e+00	0.00e+00	0.00e+00	0.00e+00	0.00e+00	0.00e+00
 1.07214e+13	0.00e+00	5.27e-33	1.74e-24	4.49e-17	9.93e-11	1.10e-05	1.00e+00	0.00e+00	0.00e+00	0.00e+00	0.00e+00	0.00e+00
 1.11165e+13	3.76e-42	7.02e-33	2.23e-24	5.50e-17	1.15e-10	1.20e-05	1.00e+00	0.00e+00	0.00e+00	0.00e+00	0.00e+00	0.00e+00
 1.15405e+13	0.00e+00	9.44e-33	2.88e-24	6.79e-17	1.34e-10	1.31e-05	1.00e+00	0.00e+00	0.00e+00	0.00e+00	0.00e+00	0.00e+00
 1.20156e+13	7.60e-42	1.29e-32	3.78e-24	8.51e-17	1.58e-10	1.44e-05	1.00e+00	0.00e+00	0.00e+00	0.00e+00	0.00e+00	0.00e+00
 1.24661e+13	0.00e+00	1.72e-32	4.84e-24	1.05e-16	1.83e-10	1.57e-05	1.00e+00	0.00e+00	0.00e+00	0.00e+00	0.00e+00	0.00e+00
 1.29497e+13	1.49e-41	2.32e-32	6.26e-24	1.29e-16	2.14e-10	1.71e-05	1.00e+00	0.00e+00	0.00e+00	0.00e+00	0.00e+00	0.00e+00
 1.34977e+13	0.00e+00	3.19e-32	8.28e-24	1.63e-16	2.53e-10	1.88e-05	1.00e+00	0.00e+00	0.00e+00	0.00e+00	0.00e+00	0.00e+00
 1.40345e+13	3.02e-41	4.31e-32	1.08e-23	2.03e-16	2.95e-10	2.06e-05	1.00e+00	0.00e+00	0.00e+00	0.00e+00	0.00e+00	0.00e+00
 1.44947e+13	0.00e+00	5.54e-32	1.34e-23	2.43e-16	3.36e-10	2.22e-05	1.00e+00	0.00e+00	0.00e+00	0.00e+00	0.00e+00	0.00e+00
 1.48950e+13	5.11e-41	6.85e-32	1.61e-23	2.84e-16	3.75e-10	2.37e-05	1.00e+00	0.00e+00	0.00e+00	0.00e+00	0.00e+00	0.00e+00
 1.53498e+13	0.00e+00	8.66e-32	1.97e-23	3.36e-16	4.22e-10	2.54e-05	1.00e+00	0.00e+00	0.00e+00	0.00e+00	0.00e+00	0.00e+00
 1.59339e+13	9.30e-41	1.16e-31	2.54e-23	4.14e-16	4.90e-10	2.77e-05	1.00e+00	0.00e+00	0.00e+00	0.00e+00	0.00e+00	0.00e+00
 1.65385e+13	0.00e+00	1.55e-31	3.27e-23	5.11e-16	5.68e-10	3.01e-05	1.00e+00	0.00e+00	0.00e+00	0.00e+00	0.00e+00	0.00e+00
 1.70539e+13	1.70e-40	1.97e-31	4.04e-23	6.07e-16	6.41e-10	3.23e-05	1.00e+00	0.00e+00	0.00e+00	0.00e+00	0.00e+00	0.00e+00
 1.76010e+13	0.00e+00	2.54e-31	5.02e-23	7.26e-16	7.26e-10	3.47e-05	1.00e+00	0.00e+00	0.00e+00	0.00e+00	0.00e+00	0.00e+00
 1.82834e+13	3.20e-40	3.43e-31	6.53e-23	9.00e-16	8.44e-10	3.78e-05	1.00e+00	0.00e+00	0.00e+00	0.00e+00	0.00e+00	0.00e+00
 1.89827e+13	0.00e+00	4.64e-31	8.47e-23	1.11e-15	9.78e-10	4.12e-05	1.00e+00	0.00e+00	0.00e+00	0.00e+00	0.00e+00	0.00e+00
 1.96024e+13	6.08e-40	6.03e-31	1.06e-22	1.34e-15	1.11e-09	4.43e-05	1.00e+00	0.00e+00	0.00e+00	0.00e+00	0.00e+00	0.00e+00
 2.02779e+13	0.00e+00	7.97e-31	1.35e-22	1.62e-15	1.27e-09	4.77e-05	1.00e+00	0.00e+00	0.00e+00	0.00e+00	0.00e+00	0.00e+00
 2.10878e+13	1.21e-39	1.10e-30	1.78e-22	2.03e-15	1.48e-09	5.21e-05	1.00e+00	0.00e+00	0.00e+00	0.00e+00	0.00e+00	0.00e+00
 2.19067e+13	0.00e+00	1.51e-30	2.33e-22	2.52e-15	1.71e-09	5.66e-05	1.00e+00	0.00e+00	0.00e+00	0.00e+00	0.00e+00	0.00e+00
 2.26750e+13	2.44e-39	2.03e-30	2.99e-22	3.07e-15	1.96e-09	6.10e-05	1.00e+00	0.00e+00	0.00e+00	0.00e+00	0.00e+00	0.00e+00
 2.35286e+13	0.00e+00	2.78e-30	3.90e-22	3.80e-15	2.26e-09	6.61e-05	1.00e+00	0.00e+00	0.00e+00	0.00e+00	0.00e+00	0.00e+00
 2.44996e+13	5.26e-39	3.95e-30	5.24e-22	4.80e-15	2.65e-09	7.21e-05	1.00e+00	0.00e+00	0.00e+00	0.00e+00	0.00e+00	0.00e+00
 2.54820e+13	0.00e+00	5.55e-30	6.98e-22	6.02e-15	3.09e-09	7.85e-05	1.00e+00	0.00e+00	0.00e+00	0.00e+00	0.00e+00	0.00e+00
 2.65036e+13	1.17e-38	7.87e-30	9.34e-22	7.56e-15	3.60e-09	8.53e-05	1.00e+00	0.00e+00	0.00e+00	0.00e+00	0.00e+00	0.00e+00
 2.75936e+13	0.00e+00	1.13e-29	1.26e-21	9.54e-15	4.21e-09	9.29e-05	1.00e+00	0.00e+00	0.00e+00	0.00e+00	0.00e+00	0.00e+00
 2.87273e+13	2.71e-38	1.62e-29	1.70e-21	1.21e-14	4.93e-09	1.01e-04	1.00e+00	0.00e+00	0.00e+00	0.00e+00	0.00e+00	0.00e+00
 2.98697e+13	0.00e+00	2.31e-29	2.28e-21	1.51e-14	5.74e-09	1.10e-04	1.00e+00	0.00e+00	0.00e+00	0.00e+00	0.00e+00	0.00e+00
 3.10579e+13	6.22e-38	3.29e-29	3.06e-21	1.90e-14	6.68e-09	1.19e-04	1.00e+00	0.00e+00	0.00e+00	0.00e+00	0.00e+00	0.00e+00
 3.23301e+13	0.00e+00	4.76e-29	4.14e-21	2.40e-14	7.82e-09	1.29e-04	1.00e+00	0.00e+00	0.00e+00	0.00e+00	0.00e+00	0.00e+00
 3.36532e+13	1.48e-37	6.91e-29	5.62e-21	3.03e-14	9.14e-09	1.40e-04	1.00e+00	0.00e+00	0.00e+00	0.00e+00	0.00e+00	0.00e+00
 3.50293e+13	0.00e+00	1.00e-28	7.63e-21	3.83e-14	1.07e-08	1.52e-04	1.00e+00	0.00e+00	0.00e+00	0.00e+00	0.00e+00	0.00e+00
 3.64604e+13	3.60e-37	1.46e-28	1.04e-20	4.84e-14	1.25e-08	1.65e-04	1.00e+00	0.00e+00	0.00e+00	0.00e+00	0.00e+00	0.00e+00
 3.78077e+13	0.00e+00	2.06e-28	1.37e-20	5.99e-14	1.44e-08	1.78e-04	1.00e+00	0.00e+00	0.00e+00	0.00e+00	0.00e+00	0.00e+00
 3.90208e+13	7.65e-37	2.77e-28	1.75e-20	7.21e-14	1.63e-08	1.90e-04	1.00e+00	0.00e+00	0.00e+00	0.00e+00	0.00e+00	0.00e+00
 4.03899e+13	0.00e+00	3.84e-28	2.28e-20	8.83e-14	1.87e-08	2.04e-04	1.00e+00	0.00e+00	0.00e+00	0.00e+00	0.00e+00	0.00e+00
 4.20020e+13	1.74e-36	5.56e-28	3.08e-20	1.11e-13	2.18e-08	2.20e-04	1.00e+00	0.00e+00	0.00e+00	0.00e+00	0.00e+00	0.00e+00
 4.36311e+13	0.00e+00	8.01e-28	4.13e-20	1.39e-13	2.53e-08	2.38e-04	1.00e+00	0.00e+00	0.00e+00	0.00e+00	0.00e+00	0.00e+00
 4.53253e+13	4.11e-36	1.15e-27	5.54e-20	1.74e-13	2.94e-08	2.57e-04	1.00e+00	0.00e+00	0.00e+00	0.00e+00	0.00e+00	0.00e+00
 4.71683e+13	0.00e+00	1.68e-27	7.55e-20	2.20e-13	3.43e-08	2.79e-04	1.00e+00	0.00e+00	0.00e+00	0.00e+00	0.00e+00	0.00e+00
 4.90455e+13	1.01e-35	2.45e-27	1.02e-19	2.77e-13	4.00e-08	3.01e-04	1.00e+00	0.00e+00	0.00e+00	0.00e+00	0.00e+00	0.00e+00
 5.09977e+13	0.00e+00	3.55e-27	1.39e-19	3.48e-13	4.67e-08	3.26e-04	1.00e+00	0.00e+00	0.00e+00	0.00e+00	0.00e+00	0.00e+00
 5.30676e+13	2.47e-35	5.19e-27	1.89e-19	4.40e-13	5.46e-08	3.54e-04	1.00e+00	0.00e+00	0.00e+00	0.00e+00	0.00e+00	0.00e+00
 5.52202e+13	3.91e-35	7.64e-27	2.57e-19	5.57e-13	6.38e-08	3.83e-04	1.00e+00	0.00e+00	0.00e+00	0.00e+00	0.00e+00	0.00e+00
 5.74589e+13	6.10e-35	1.11e-26	3.50e-19	7.04e-13	7.46e-08	4.15e-04	1.00e+00	0.00e+00	0.00e+00	0.00e+00	0.00e+00	0.00e+00
 5.97872e+13	9.64e-35	1.63e-26	4.77e-19	8.90e-13	8.73e-08	4.50e-04	1.00e+00	0.00e+00	0.00e+00	0.00e+00	0.00e+00	0.00e+00
 6.19725e+13	1.46e-34	2.31e-26	6.32e-19	1.10e-12	1.01e-07	4.83e-04	1.00e+00	0.00e+00	0.00e+00	0.00e+00	0.00e+00	0.00e+00
 6.39158e+13	2.07e-34	3.11e-26	8.03e-19	1.32e-12	1.14e-07	5.14e-04	9.99e-01	0.00e+00	0.00e+00	0.00e+00	0.00e+00	0.00e+00
 6.60892e+13	3.04e-34	4.30e-26	1.04e-18	1.61e-12	1.30e-07	5.50e-04	9.99e-01	0.00e+00	0.00e+00	0.00e+00	0.00e+00	0.00e+00
 6.86790e+13	4.70e-34	6.20e-26	1.41e-18	2.02e-12	1.51e-07	5.95e-04	9.99e-01	0.00e+00	0.00e+00	0.00e+00	0.00e+00	0.00e+00
 7.12662e+13	7.23e-34	8.90e-26	1.88e-18	2.51e-12	1.74e-07	6.40e-04	9.99e-01	0.00e+00	0.00e+00	0.00e+00	0.00e+00	0.00e+00
 7.36584e+13	1.05e-33	1.22e-25	2.43e-18	3.06e-12	1.99e-07	6.85e-04	9.99e-01	0.00e+00	0.00e+00	0.00e+00	0.00e+00	0.00e+00
 7.63362e+13	1.59e-33	1.73e-25	3.22e-18	3.78e-12	2.29e-07	7.35e-04	9.99e-01	0.00e+00	0.00e+00	0.00e+00	0.00e+00	0.00e+00
 7.94196e+13	2.49e-33	2.52e-25	4.39e-18	4.77e-12	2.67e-07	7.97e-04	9.99e-01	0.00e+00	0.00e+00	0.00e+00	0.00e+00	0.00e+00
 8.24243e+13	3.85e-33	3.63e-25	5.88e-18	5.95e-12	3.10e-07	8.58e-04	9.99e-01	0.00e+00	0.00e+00	0.00e+00	0.00e+00	0.00e+00
 8.52827e+13	5.65e-33	5.02e-25	7.66e-18	7.28e-12	3.54e-07	9.20e-04	9.99e-01	0.00e+00	0.00e+00	0.00e+00	0.00e+00	0.00e+00
 8.84573e+13	8.65e-33	7.18e-25	1.02e-17	9.04e-12	4.09e-07	9.90e-04	9.99e-01	0.00e+00	0.00e+00	0.00e+00	0.00e+00	0.00e+00
 9.20255e+13	1.37e-32	1.06e-24	1.40e-17	1.14e-11	4.79e-07	1.07e-03	9.99e-01	0.00e+00	0.00e+00	0.00e+00	0.00e+00	0.00e+00
 9.56117e+13	2.13e-32	1.53e-24	1.88e-17	1.44e-11	5.57e-07	1.16e-03	9.99e-01	0.00e+00	0.00e+00	0.00e+00	0.00e+00	0.00e+00
 9.93412e+13	3.32e-32	2.22e-24	2.54e-17	1.80e-11	6.48e-07	1.25e-03	9.99e-01	0.00e+00	0.00e+00	0.00e+00	0.00e+00	0.00e+00
 1.03345e+14	5.25e-32	3.26e-24	3.47e-17	2.28e-11	7.57e-07	1.35e-03	9.99e-01	0.00e+00	0.00e+00	0.00e+00	0.00e+00	0.00e+00
 1.07509e+14	8.28e-32	4.78e-24	4.74e-17	2.88e-11	8.85e-07	1.46e-03	9.99e-01	0.00e+00	0.00e+00	0.00e+00	0.00e+00	0.00e+00
 1.11839e+14	1.32e-31	7.07e-24	6.48e-17	3.64e-11	1.04e-06	1.58e-03	9.98e-01	0.00e+00	0.00e+00	0.00e+00	0.00e+00	0.00e+00
 1.16342e+14	2.08e-31	1.03e-23	8.85e-17	4.60e-11	1.21e-06	1.71e-03	9.98e-01	0.00e+00	0.00e+00	0.00e+00	0.00e+00	0.00e+00
 1.21026e+14	3.32e-31	1.53e-23	1.21e-16	5.82e-11	1.42e-06	1.85e-03	9.98e-01	0.00e+00	0.00e+00	0.00e+00	0.00e+00	0.00e+00
 1.25612e+14	5.09e-31	2.19e-23	1.62e-16	7.26e-11	1.64e-06	2.00e-03	9.98e-01	0.00e+00	0.00e+00	0.00e+00	0.00e+00	0.00e+00
 1.29989e+14	7.66e-31	3.08e-23	2.13e-16	8.90e-11	1.88e-06	2.14e-03	9.98e-01	0.00e+00	0.00e+00	0.00e+00	0.00e+00	0.00e+00
 1.34825e+14	1.16e-30	4.38e-23	2.84e-16	1.11e-10	2.17e-06	2.30e-03	9.98e-01	0.00e+00	0.00e+00	0.00e+00	0.00e+00	0.00e+00
 1.40248e+14	1.87e-30	6.49e-23	3.89e-16	1.40e-10	2.54e-06	2.48e-03	9.98e-01	0.00e+00	0.00e+00	0.00e+00	0.00e+00	0.00e+00
 1.45710e+14	2.89e-30	9.38e-23	5.26e-16	1.76e-10	2.95e-06	2.68e-03	9.97e-01	0.00e+00	0.00e+00	0.00e+00	0.00e+00	0.00e+00
 1.51390e+14	4.57e-30	1.37e-22	7.14e-16	2.21e-10	3.44e-06	2.89e-03	9.97e-01	0.00e+00	0.00e+00	0.00e+00	0.00e+00	0.00e+00
 1.57476e+14	7.18e-30	2.01e-22	9.75e-16	2.79e-10	4.02e-06	3.13e-03	9.97e-01	0.00e+00	0.00e+00	0.00e+00	0.00e+00	0.00e+00
 1.63186e+14	1.10e-29	2.86e-22	1.30e-15	3.45e-10	4.63e-06	3.35e-03	9.97e-01	0.00e+00	0.00e+00	0.00e+00	0.00e+00	0.00e+00
 1.68309e+14	1.56e-29	3.85e-22	1.65e-15	4.14e-10	5.23e-06	3.57e-03	9.96e-01	0.00e+00	0.00e+00	0.00e+00	0.00e+00	0.00e+00
 1.74095e+14	2.35e-29	5.40e-22	2.17e-15	5.07e-10	5.98e-06	3.81e-03	9.96e-01	0.00e+00	0.00e+00	0.00e+00	0.00e+00	0.00e+00
 1.80927e+14	3.63e-29	7.80e-22	2.94e-15	6.37e-10	6.97e-06	4.12e-03	9.96e-01	0.00e+00	0.00e+00	0.00e+00	0.00e+00	0.00e+00
 1.87810e+14	5.68e-29	1.13e-21	3.95e-15	7.96e-10	8.08e-06	4.43e-03	9.96e-01	0.00e+00	0.00e+00	0.00e+00	0.00e+00	0.00e+00
 1.94422e+14	8.38e-29	1.57e-21	5.19e-15	9.78e-10	9.27e-06	4.75e-03	9.95e-01	0.00e+00	0.00e+00	0.00e+00	0.00e+00	0.00e+00
 2.00835e+14	1.22e-28	2.15e-21	6.72e-15	1.19e-09	1.05e-05	5.07e-03	9.95e-01	0.00e+00	0.00e+00	0.00e+00	0.00e+00	0.00e+00
 2.08012e+14	1.85e-28	3.05e-21	8.88e-15	1.46e-09	1.21e-05	5.43e-03	9.95e-01	0.00e+00	0.00e+00	0.00e+00	0.00e+00	0.00e+00
 2.15919e+14	2.79e-28	4.33e-21	1.19e-14	1.83e-09	1.40e-05	5.86e-03	9.94e-01	0.00e+00	0.00e+00	0.00e+00	0.00e+00	0.00e+00
 2.23190e+14	4.08e-28	5.96e-21	1.55e-14	2.22e-09	1.60e-05	6.26e-03	9.94e-01	0.00e+00	0.00e+00	0.00e+00	0.00e+00	0.00e+00
 2.31057e+14	6.05e-28	8.31e-21	2.03e-14	2.73e-09	1.84e-05	6.71e-03	9.93e-01	0.00e+00	0.00e+00	0.00e+00	0.00e+00	0.00e+00
 2.39880e+14	9.38e-28	1.20e-20	2.73e-14	3.41e-09	2.13e-05	7.23e-03	9.93e-01	0.00e+00	0.00e+00	0.00e+00	0.00e+00	0.00e+00
 2.48252e+14	1.36e-27	1.65e-20	3.58e-14	4.19e-09	2.44e-05	7.75e-03	9.92e-01	0.00e+00	0.00e+00	0.00e+00	0.00e+00	0.00e+00
 2.57307e+14	2.03e-27	2.31e-20	4.74e-14	5.18e-09	2.81e-05	8.33e-03	9.92e-01	0.00e+00	0.00e+00	0.00e+00	0.00e+00	0.00e+00
 2.67311e+14	3.09e-27	3.31e-20	6.40e-14	6.50e-09	3.27e-05	9.00e-03	9.91e-01	0.00e+00	0.00e+00	0.00e+00	0.00e+00	0.00e+00
 2.76806e+14	4.62e-27	4.65e-20	8.42e-14	7.99e-09	3.75e-05	9.65e-03	9.90e-01	0.00e+00	0.00e+00	0.00e+00	0.00e+00	0.00e+00
 2.86998e+14	6.70e-27	6.42e-20	1.12e-13	9.91e-09	4.33e-05	1.04e-02	9.90e-01	0.00e+00	0.00e+00	0.00e+00	0.00e+00	0.00e+00
 2.98508e+14	1.05e-26	9.40e-20	1.52e-13	1.25e-08	5.06e-05	1.13e-02	9.89e-01	0.00e+00	0.00e+00	0.00e+00	0.00e+00	0.00e+00
 3.09859e+14	1.54e-26	1.31e-19	2.03e-13	1.56e-08	5.86e-05	1.22e-02	9.88e-01	0.00e+00	0.00e+00	0.00e+00	0.00e+00	0.00e+00
 3.20786e+14	2.27e-26	1.82e-19	2.66e-13	1.92e-08	6.72e-05	1.31e-02	9.87e-01	0.00e+00	0.00e+00	0.00e+00	0.00e+00	0.00e+00
 3.32769e+14	3.28e-26	2.51e-19	3.53e-13	2.38e-08	7.76e-05	1.41e-02	9.86e-01	0.00e+00	0.00e+00	0.00e+00	0.00e+00	0.00e+00
 3.46110e+14	4.91e-26	3.58e-19	4.79e-13	3.01e-08	9.06e-05	1.53e-02	9.85e-01	0.00e+00	0.00e+00	0.00e+00	0.00e+00	0.00e+00
 3.59697e+14	7.54e-26	5.16e-19	6.47e-13	3.78e-08	1.05e-04	1.66e-02	9.83e-01	0.00e+00	0.00e+00	0.00e+00	0.00e+00	0.00e+00
 3.73829e+14	1.09e-25	7.17e-19	8.70e-13	4.75e-08	1.23e-04	1.80e-02	9.82e-01	0.00e+00	0.00e+00	0.00e+00	0.00e+00	0.00e+00
 3.88812e+14	1.63e-25	1.02e-18	1.18e-12	6.00e-08	1.43e-04	1.95e-02	9.80e-01	0.00e+00	0.00e+00	0.00e+00	0.00e+00	0.00e+00
 4.04394e+14	2.42e-25	1.45e-18	1.60e-12	7.57e-08	1.67e-04	2.12e-02	9.79e-01	0.00e+00	0.00e+00	0.00e+00	0.00e+00	0.00e+00
 4.19393e+14	3.57e-25	2.03e-18	2.12e-12	9.39e-08	1.92e-04	2.28e-02	9.77e-01	0.00e+00	0.00e+00	0.00e+00	0.00e+00	0.00e+00
 4.33385e+14	4.92e-25	2.70e-18	2.72e-12	1.14e-07	2.19e-04	2.45e-02	9.75e-01	0.00e+00	0.00e+00	0.00e+00	0.00e+00	0.00e+00
 4.49144e+14	6.84e-25	3.64e-18	3.58e-12	1.41e-07	2.51e-04	2.64e-02	9.73e-01	0.00e+00	0.00e+00	0.00e+00	0.00e+00	0.00e+00
 4.65318e+14	9.95e-25	5.05e-18	4.71e-12	1.74e-07	2.88e-04	2.84e-02	9.71e-01	0.00e+00	0.00e+00	0.00e+00	0.00e+00	0.00e+00
 4.79015e+14	1.31e-24	6.48e-18	5.88e-12	2.06e-07	3.23e-04	3.02e-02	9.69e-01	0.00e+00	0.00e+00	0.00e+00	0.00e+00	0.00e+00
 4.93607e+14	1.72e-24	8.33e-18	7.41e-12	2.46e-07	3.63e-04	3.22e-02	9.67e-01	0.00e+00	0.00e+00	0.00e+00	0.00e+00	0.00e+00
 5.11907e+14	2.43e-24	1.14e-17	9.80e-12	3.05e-07	4.18e-04	3.48e-02	9.65e-01	0.00e+00	0.00e+00	0.00e+00	0.00e+00	0.00e+00
 5.30748e+14	3.45e-24	1.57e-17	1.30e-11	3.78e-07	4.81e-04	3.76e-02	9.62e-01	0.00e+00	0.00e+00	0.00e+00	0.00e+00	0.00e+00
 5.47470e+14	4.68e-24	2.06e-17	1.65e-11	4.54e-07	5.43e-04	4.02e-02	9.59e-01	0.00e+00	0.00e+00	0.00e+00	0.00e+00	0.00e+00
 5.65719e+14	6.54e-24	2.78e-17	2.12e-11	5.52e-07	6.16e-04	4.30e-02	9.56e-01	0.00e+00	0.00e+00	0.00e+00	0.00e+00	0.00e+00
 5.86091e+14	8.99e-24	3.74e-17	2.79e-11	6.80e-07	7.07e-04	4.64e-02	9.53e-01	0.00e+00	0.00e+00	0.00e+00	0.00e+00	0.00e+00
 6.05168e+14	1.25e-23	5.00e-17	3.57e-11	8.22e-07	8.00e-04	4.96e-02	9.50e-01	0.00e+00	0.00e+00	0.00e+00	0.00e+00	0.00e+00
 6.25910e+14	1.66e-23	6.60e-17	4.63e-11	1.00e-06	9.11e-04	5.33e-02	9.46e-01	0.00e+00	0.00e+00	0.00e+00	0.00e+00	0.00e+00
 6.48818e+14	2.39e-23	9.12e-17	6.13e-11	1.24e-06	1.05e-03	5.74e-02	9.42e-01	0.00e+00	0.00e+00	0.00e+00	0.00e+00	0.00e+00
 6.70054e+14	3.30e-23	1.22e-16	7.87e-11	1.50e-06	1.18e-03	6.14e-02	9.37e-01	0.00e+00	0.00e+00	0.00e+00	0.00e+00	0.00e+00
 6.93170e+14	4.57e-23	1.65e-16	1.02e-10	1.83e-06	1.35e-03	6.59e-02	9.33e-01	0.00e+00	0.00e+00	0.00e+00	0.00e+00	0.00e+00
 7.18903e+14	6.32e-23	2.24e-16	1.36e-10	2.27e-06	1.55e-03	7.11e-02	9.27e-01	0.00e+00	0.00e+00	0.00e+00	0.00e+00	0.00e+00
 7.42937e+14	8.77e-23	3.01e-16	1.76e-10	2.75e-06	1.76e-03	7.61e-02	9.22e-01	0.00e+00	0.00e+00	0.00e+00	0.00e+00	0.00e+00
 7.69083e+14	1.24e-22	4.12e-16	2.30e-10	3.37e-06	2.00e-03	8.16e-02	9.16e-01	0.00e+00	0.00e+00	0.00e+00	0.00e+00	0.00e+00
 7.98272e+14	1.74e-22	5.67e-16	3.07e-10	4.20e-06	2.31e-03	8.81e-02	9.10e-01	0.00e+00	0.00e+00	0.00e+00	0.00e+00	0.00e+00
 8.25668e+14	2.46e-22	7.74e-16	4.00e-10	5.12e-06	2.62e-03	9.42e-02	9.03e-01	0.00e+00	0.00e+00	0.00e+00	0.00e+00	0.00e+00
 8.55440e+14	3.39e-22	1.05e-15	5.27e-10	6.30e-06	3.00e-03	1.01e-01	8.96e-01	0.00e+00	0.00e+00	0.00e+00	0.00e+00	0.00e+00
 8.88518e+14	5.03e-22	1.49e-15	7.08e-10	7.86e-06	3.46e-03	1.09e-01	8.88e-01	0.00e+00	0.00e+00	0.00e+00	0.00e+00	0.00e+00
 9.19946e+14	6.92e-22	2.02e-15	9.29e-10	9.63e-06	3.94e-03	1.17e-01	8.79e-01	0.00e+00	0.00e+00	0.00e+00	0.00e+00	0.00e+00
 9.53801e+14	1.00e-21	2.82e-15	1.23e-09	1.19e-05	4.51e-03	1.25e-01	8.70e-01	0.00e+00	0.00e+00	0.00e+00	0.00e+00	0.00e+00
 9.91983e+14	1.46e-21	4.00e-15	1.67e-09	1.49e-05	5.22e-03	1.35e-01	8.59e-01	0.00e+00	0.00e+00	0.00e+00	0.00e+00	0.00e+00
 1.02942e+15	2.14e-21	5.63e-15	2.23e-09	1.85e-05	5.98e-03	1.45e-01	8.49e-01	0.00e+00	0.00e+00	0.00e+00	0.00e+00	0.00e+00
 1.06836e+15	3.07e-21	7.84e-15	2.98e-09	2.29e-05	6.85e-03	1.56e-01	8.38e-01	0.00e+00	0.00e+00	0.00e+00	0.00e+00	0.00e+00
 1.11112e+15	4.59e-21	1.13e-14	4.04e-09	2.87e-05	7.91e-03	1.67e-01	8.25e-01	0.00e+00	0.00e+00	0.00e+00	0.00e+00	0.00e+00
 1.15470e+15	6.72e-21	1.60e-14	5.45e-09	3.58e-05	9.09e-03	1.79e-01	8.12e-01	0.00e+00	0.00e+00	0.00e+00	0.00e+00	0.00e+00
 1.20002e+15	1.00e-20	2.28e-14	7.34e-09	4.45e-05	1.04e-02	1.92e-01	7.98e-01	0.00e+00	0.00e+00	0.00e+00	0.00e+00	0.00e+00
 1.24805e+15	1.49e-20	3.27e-14	9.95e-09	5.56e-05	1.20e-02	2.05e-01	7.82e-01	0.00e+00	0.00e+00	0.00e+00	0.00e+00	0.00e+00
 1.29800e+15	2.22e-20	4.68e-14	1.34e-08	6.93e-05	1.38e-02	2.19e-01	7.67e-01	0.00e+00	0.00e+00	0.00e+00	0.00e+00	0.00e+00
 1.34179e+15	3.14e-20	6.37e-14	1.73e-08	8.35e-05	1.55e-02	2.32e-01	7.53e-01	0.00e+00	0.00e+00	0.00e+00	0.00e+00	0.00e+00
 1.37618e+15	4.09e-20	8.07e-14	2.11e-08	9.62e-05	1.69e-02	2.42e-01	7.41e-01	0.00e+00	0.00e+00	0.00e+00	0.00e+00	0.00e+00
 1.41314e+15	5.38e-20	1.03e-13	2.58e-08	1.11e-04	1.85e-02	2.52e-01	7.29e-01	0.00e+00	0.00e+00	0.00e+00	0.00e+00	0.00e+00
 1.46120e+15	7.54e-20	1.39e-13	3.32e-08	1.34e-04	2.08e-02	2.66e-01	7.14e-01	0.00e+00	0.00e+00	0.00e+00	0.00e+00	0.00e+00
 1.51340e+15	1.10e-19	1.94e-13	4.34e-08	1.63e-04	2.34e-02	2.80e-01	6.96e-01	0.00e+00	0.00e+00	0.00e+00	0.00e+00	0.00e+00
 1.56050e+15	1.52e-19	2.57e-13	5.47e-08	1.92e-04	2.60e-02	2.93e-01	6.81e-01	0.00e+00	0.00e+00	0.00e+00	0.00e+00	0.00e+00
 1.61123e+15	2.09e-19	3.42e-13	6.95e-08	2.29e-04	2.89e-02	3.07e-01	6.64e-01	0.00e+00	0.00e+00	0.00e+00	0.00e+00	0.00e+00
 1.67272e+15	3.15e-19	4.88e-13	9.22e-08	2.80e-04	3.26e-02	3.24e-01	6.43e-01	0.00e+00	0.00e+00	0.00e+00	0.00e+00	0.00e+00
 1.73367e+15	4.59e-19	6.78e-13	1.20e-07	3.38e-04	3.66e-02	3.39e-01	6.24e-01	0.00e+00	0.00e+00	0.00e+00	0.00e+00	0.00e+00
 1.78740e+15	6.33e-19	8.96e-13	1.51e-07	3.98e-04	4.04e-02	3.53e-01	6.06e-01	0.00e+00	0.00e+00	0.00e+00	0.00e+00	0.00e+00
 1.84625e+15	8.91e-19	1.20e-12	1.91e-07	4.71e-04	4.47e-02	3.67e-01	5.88e-01	0.00e+00	0.00e+00	0.00e+00	0.00e+00	0.00e+00
 1.91712e+15	1.32e-18	1.70e-12	2.52e-07	5.73e-04	5.02e-02	3.84e-01	5.65e-01	0.00e+00	0.00e+00	0.00e+00	0.00e+00	0.00e+00
 1.98774e+15	1.94e-18	2.36e-12	3.27e-07	6.90e-04	5.60e-02	4.00e-01	5.43e-01	0.00e+00	0.00e+00	0.00e+00	0.00e+00	0.00e+00
 2.05145e+15	2.66e-18	3.10e-12	4.10e-07	8.10e-04	6.16e-02	4.13e-01	5.24e-01	0.00e+00	0.00e+00	0.00e+00	0.00e+00	0.00e+00
 2.12205e+15	3.80e-18	4.20e-12	5.22e-07	9.60e-04	6.80e-02	4.28e-01	5.04e-01	0.00e+00	0.00e+00	0.00e+00	0.00e+00	0.00e+00
 2.20521e+15	5.82e-18	6.02e-12	6.87e-07	1.16e-03	7.59e-02	4.44e-01	4.79e-01	0.00e+00	0.00e+00	0.00e+00	0.00e+00	0.00e+00
 2.28714e+15	8.55e-18	8.32e-12	8.87e-07	1.39e-03	8.42e-02	4.58e-01	4.57e-01	0.00e+00	0.00e+00	0.00e+00	0.00e+00	0.00e+00
 2.36321e+15	1.21e-17	1.11e-11	1.11e-06	1.63e-03	9.21e-02	4.70e-01	4.36e-01	0.00e+00	0.00e+00	0.00e+00	0.00e+00	0.00e+00
 2.44864e+15	1.76e-17	1.52e-11	1.42e-06	1.93e-03	1.01e-01	4.83e-01	4.14e-01	0.00e+00	0.00e+00	0.00e+00	0.00e+00	0.00e+00
 2.54661e+15	2.59e-17	2.10e-11	1.86e-06	2.32e-03	1.12e-01	4.95e-01	3.90e-01	0.00e+00	0.00e+00	1.48e-17	7.93e-18	2.96e-18
 2.64333e+15	3.94e-17	2.97e-11	2.39e-06	2.77e-03	1.24e-01	5.06e-01	3.67e-01	0.00e+00	0.00e+00	2.24e-17	1.22e-17	4.43e-18
 2.74391e+15	5.84e-17	4.11e-11	3.07e-06	3.28e-03	1.36e-01	5.16e-01	3.45e-01	0.00e+00	0.00e+00	3.32e-17	1.80e-17	6.53e-18
 2.85370e+15	8.72e-17	5.73e-11	3.98e-06	3.92e-03	1.49e-01	5.25e-01	3.22e-01	0.00e+00	0.00e+00	4.97e-17	2.68e-17	9.70e-18
 2.96531e+15	1.26e-16	7.80e-11	5.11e-06	4.64e-03	1.63e-01	5.32e-01	3.00e-01	0.00e+00	0.00e+00	7.18e-17	3.85e-17	1.39e-17
 3.08139e+15	1.87e-16	1.08e-10	6.55e-06	5.49e-03	1.78e-01	5.38e-01	2.78e-01	0.00e+00	0.00e+00	1.07e-16	5.73e-17	2.06e-17
 3.20468e+15	2.89e-16	1.53e-10	8.43e-06	6.49e-03	1.94e-01	5.42e-01	2.57e-01	0.00e+00	0.00e+00	1.66e-16	8.85e-17	3.16e-17
 3.33290e+15	4.34e-16	2.13e-10	1.08e-05	7.66e-03	2.11e-01	5.44e-01	2.37e-01	0.00e+00	0.00e+00	2.49e-16	1.33e-16	4.72e-17
 3.44486e+15	6.07e-16	2.79e-10	1.33e-05	8.78e-03	2.26e-01	5.45e-01	2.20e-01	0.00e+00	0.00e+00	3.48e-16	1.85e-16	6.58e-17
 3.53244e+15	7.82e-16	3.43e-10	1.55e-05	9.72e-03	2.38e-01	5.45e-01	2.08e-01	0.00e+00	0.00e+00	4.49e-16	2.39e-16	8.45e-17
 3.62671e+15	1.02e-15	4.25e-10	1.82e-05	1.08e-02	2.50e-01	5.43e-01	1.96e-01	0.00e+00	0.00e+00	5.87e-16	3.12e-16	1.10e-16
 3.74924e+15	1.37e-15	5.43e-10	2.23e-05	1.23e-02	2.67e-01	5.40e-01	1.81e-01	0.00e+00	0.00e+00	7.90e-16	4.19e-16	1.47e-16
 3.88236e+15	2.03e-15	7.36e-10	2.75e-05	1.41e-02	2.84e-01	5.36e-01	1.66e-01	0.00e+00	0.00e+00	1.17e-15	6.18e-16	2.16e-16
 4.00233e+15	2.73e-15	9.34e-10	3.29e-05	1.59e-02	3.00e-01	5.31e-01	1.53e-01	0.00e+00	0.00e+00	1.57e-15	8.33e-16	2.91e-16
 4.13142e+15	3.64e-15	1.18e-09	3.97e-05	1.79e-02	3.16e-01	5.25e-01	1.41e-01	0.00e+00	0.00e+00	2.09e-15	1.11e-15	3.86e-16
 4.28849e+15	5.45e-15	1.61e-09	4.94e-05	2.06e-02	3.36e-01	5.16e-01	1.27e-01	0.00e+00	0.00e+00	3.14e-15	1.66e-15	5.75e-16
 4.44348e+15	7.70e-15	2.12e-09	6.04e-05	2.34e-02	3.55e-01	5.06e-01	1.15e-01	0.00e+00	0.00e+00	4.44e-15	2.35e-15	8.10e-16
 4.57861e+15	1.01e-14	2.63e-09	7.16e-05	2.60e-02	3.71e-01	4.97e-01	1.06e-01	0.00e+00	0.00e+00	5.80e-15	3.06e-15	1.06e-15
 4.72637e+15	1.37e-14	3.36e-09	8.57e-05	2.91e-02	3.88e-01	4.86e-01	9.62e-02	0.00e+00	0.00e+00	7.90e-15	4.18e-15	1.43e-15
 4.90609e+15	2.04e-14	4.56e-09	1.06e-04	3.31e-02	4.09e-01	4.72e-01	8.57e-02	0.00e+00	0.00e+00	1.18e-14	6.23e-15	2.13e-15
 5.08493e+15	2.90e-14	5.98e-09	1.29e-04	3.74e-02	4.28e-01	4.58e-01	7.65e-02	0.00e+00	0.00e+00	1.68e-14	8.84e-15	3.02e-15
 5.24340e+15	3.90e-14	7.53e-09	1.52e-04	4.14e-02	4.44e-01	4.45e-01	6.92e-02	0.00e+00	0.00e+00	2.25e-14	1.19e-14	4.05e-15
 5.41786e+15	5.36e-14	9.62e-09	1.82e-04	4.60e-02	4.61e-01	4.31e-01	6.20e-02	0.00e+00	0.00e+00	3.10e-14	1.63e-14	5.55e-15
 5.62681e+15	7.34e-14	1.24e-08	2.22e-04	5.19e-02	4.80e-01	4.13e-01	5.44e-02	0.00e+00	0.00e+00	4.24e-14	2.24e-14	7.57e-15
 5.83480e+15	1.09e-13	1.66e-08	2.69e-04	5.82e-02	4.98e-01	3.96e-01	4.77e-02	0.00e+00	0.00e+00	6.31e-14	3.33e-14	1.12e-14
 6.02296e+15	1.47e-13	2.08e-08	3.18e-04	6.41e-02	5.13e-01	3.80e-01	4.25e-02	0.00e+00	0.00e+00	8.48e-14	4.47e-14	1.51e-14
 6.23113e+15	1.96e-13	2.62e-08	3.79e-04	7.10e-02	5.29e-01	3.63e-01	3.74e-02	0.00e+00	0.00e+00	1.13e-13	5.97e-14	2.01e-14
 6.46639e+15	2.78e-13	3.41e-08	4.58e-04	7.92e-02	5.44e-01	3.44e-01	3.24e-02	0.00e+00	0.00e+00	1.61e-13	8.47e-14	2.84e-14
 6.69478e+15	4.04e-13	4.49e-08	5.48e-04	8.77e-02	5.58e-01	3.25e-01	2.81e-02	0.00e+00	0.00e+00	2.34e-13	1.23e-13	4.13e-14
 6.91183e+15	5.49e-13	5.66e-08	6.44e-04	9.60e-02	5.70e-01	3.09e-01	2.47e-02	0.00e+00	0.00e+00	3.18e-13	1.67e-13	5.60e-14
 7.15620e+15	7.57e-13	7.21e-08	7.67e-04	1.06e-01	5.82e-01	2.91e-01	2.13e-02	0.00e+00	0.00e+00	4.39e-13	2.31e-13	7.70e-14
 7.42320e+15	1.03e-12	9.14e-08	9.19e-04	1.17e-01	5.93e-01	2.72e-01	1.82e-02	0.00e+00	0.00e+00	5.96e-13	3.14e-13	1.04e-13
 7.66728e+15	1.47e-12	1.18e-07	1.08e-03	1.27e-01	6.01e-01	2.55e-01	1.57e-02	0.00e+00	0.00e+00	8.51e-13	4.48e-13	1.49e-13
 7.89671e+15	1.95e-12	1.46e-07	1.25e-03	1.38e-01	6.07e-01	2.40e-01	1.37e-02	0.00e+00	0.00e+00	1.13e-12	5.93e-13	1.97e-13
 8.15947e+15	2.64e-12	1.83e-07	1.47e-03	1.50e-01	6.13e-01	2.24e-01	1.17e-02	0.00e+00	0.00e+00	1.53e-12	8.03e-13	2.67e-13
 8.45468e+15	3.55e-12	2.29e-07	1.74e-03	1.64e-01	6.18e-01	2.07e-01	9.85e-03	0.00e+00	0.00e+00	2.06e-12	1.08e-12	3.58e-13
 8.71903e+15	5.01e-12	2.93e-07	2.03e-03	1.77e-01	6.20e-01	1.92e-01	8.42e-03	0.00e+00	0.00e+00	2.90e-12	1.53e-12	5.05e-13
 8.93105e+15	6.30e-12	3.46e-07	2.28e-03	1.88e-01	6.21e-01	1.81e-01	7.44e-03	0.00e+00	0.00e+00	3.65e-12	1.92e-12	6.35e-13
 9.14809e+15	7.97e-12	4.12e-07	2.57e-03	1.99e-01	6.21e-01	1.70e-01	6.55e-03	0.00e+00	0.00e+00	4.62e-12	2.43e-12	8.03e-13
 9.43024e+15	1.06e-11	5.08e-07	2.98e-03	2.14e-01	6.20e-01	1.57e-01	5.56e-03	0.00e+00	0.00e+00	6.16e-12	3.23e-12	1.07e-12
 9.73609e+15	1.46e-11	6.43e-07	3.49e-03	2.31e-01	6.17e-01	1.44e-01	4.65e-03	0.00e+00	0.00e+00	8.50e-12	4.47e-12	1.47e-12
 1.00078e+16	1.89e-11	7.77e-07	3.99e-03	2.46e-01	6.13e-01	1.33e-01	3.98e-03	0.00e+00	0.00e+00	1.10e-11	5.77e-12	1.90e-12
 1.02581e+16	2.34e-11	9.13e-07	4.50e-03	2.60e-01	6.09e-01	1.23e-01	3.44e-03	0.00e+00	0.00e+00	1.36e-11	7.15e-12	2.36e-12
 1.05459e+16	3.24e-11	1.15e-06	5.18e-03	2.77e-01	6.02e-01	1.13e-01	2.90e-03	0.00e+00	0.00e+00	1.88e-11	9.88e-12	3.25e-12
 1.08606e+16	4.31e-11	1.41e-06	6.00e-03	2.95e-01	5.94e-01	1.03e-01	2.42e-03	0.00e+00	0.00e+00	2.50e-11	1.31e-11	4.32e-12
 1.11513e+16	5.44e-11	1.69e-06	6.84e-03	3.12e-01	5.85e-01	9.38e-02	2.05e-03	0.00e+00	0.00e+00	3.16e-11	1.66e-11	5.46e-12
 1.14701e+16	7.72e-11	2.15e-06	7.95e-03	3.32e-01	5.73e-01	8.46e-02	1.69e-03	0.00e+00	0.00e+00	4.49e-11	2.36e-11	7.74e-12
 1.18031e+16	1.03e-10	2.66e-06	9.20e-03	3.53e-01	5.61e-01	7.61e-02	1.39e-03	0.00e+00	0.00e+00	5.98e-11	3.14e-11	1.03e-11
 1.20869e+16	1.28e-10	3.14e-06	1.04e-02	3.71e-01	5.49e-01	6.93e-02	1.18e-03	0.00e+00	0.00e+00	7.46e-11	3.92e-11	1.29e-11
 1.23882e+16	1.68e-10	3.83e-06	1.19e-02	3.90e-01	5.35e-01	6.25e-02	9.83e-04	0.00e+00	0.00e+00	9.78e-11	5.14e-11	1.69e-11
 1.27177e+16	2.40e-10	4.90e-06	1.38e-02	4.12e-01	5.18e-01	5.58e-02	8.03e-04	0.00e+00	0.00e+00	1.40e-10	7.34e-11	2.41e-11
 1.30111e+16	3.13e-10	5.94e-06	1.57e-02	4.30e-01	5.03e-01	5.03e-02	6.72e-04	0.00e+00	0.00e+00	1.82e-10	9.57e-11	3.14e-11
 1.32770e+16	4.00e-10	7.09e-06	1.77e-02	4.48e-01	4.88e-01	4.57e-02	5.70e-04	0.00e+00	0.00e+00	2.33e-10	1.22e-10	4.01e-11
 1.35798e+16	5.34e-10	8.73e-06	2.03e-02	4.68e-01	4.70e-01	4.07e-02	4.70e-04	0.00e+00	0.00e+00	3.10e-10	1.63e-10	5.35e-11
 1.39061e+16	6.71e-10	1.05e-05	2.35e-02	4.89e-01	4.51e-01	3.60e-02	3.84e-04	0.00e+00	0.00e+00	3.90e-10	2.05e-10	6.72e-11
 1.41960e+16	9.53e-10	1.33e-05	2.69e-02	5.08e-01	4.32e-01	3.20e-02	3.16e-04	0.00e+00	0.00e+00	5.54e-10	2.91e-10	9.55e-11
 1.44539e+16	1.22e-09	1.60e-05	3.04e-02	5.25e-01	4.15e-01	2.88e-02	2.66e-04	0.00e+00	0.00e+00	7.12e-10	3.74e-10	1.23e-10
 1.47371e+16	1.64e-09	1.97e-05	3.49e-02	5.44e-01	3.96e-01	2.55e-02	2.19e-04	0.00e+00	0.00e+00	9.53e-10	5.01e-10	1.64e-10
 1.50408e+16	2.05e-09	2.36e-05	4.04e-02	5.63e-01	3.74e-01	2.23e-02	1.78e-04	0.00e+00	0.00e+00	1.19e-09	6.27e-10	2.06e-10
 1.53077e+16	2.97e-09	3.05e-05	4.65e-02	5.79e-01	3.54e-01	1.96e-02	1.45e-04	0.00e+00	0.00e+00	1.73e-09	9.09e-10	2.98e-10
 1.55053e+16	3.59e-09	3.51e-05	5.15e-02	5.91e-01	3.40e-01	1.79e-02	1.26e-04	0.00e+00	0.00e+00	2.09e-09	1.10e-09	3.60e-10
 1.56763e+16	4.22e-09	3.98e-05	5.67e-02	6.01e-01	3.26e-01	1.64e-02	1.10e-04	0.00e+00	0.00e+00	2.45e-09	1.29e-09	4.23e-10
 1.58987e+16	5.41e-09	4.80e-05	6.44e-02	6.13e-01	3.08e-01	1.45e-02	9.20e-05	0.00e+00	0.00e+00	3.15e-09	1.66e-09	5.43e-10
 1.61493e+16	7.83e-09	6.23e-05	7.49e-02	6.26e-01	2.87e-01	1.26e-02	7.42e-05	0.00e+00	0.00e+00	4.56e-09	2.40e-09	7.86e-10
 1.63759e+16	9.83e-09	7.45e-05	8.62e-02	6.35e-01	2.67e-01	1.10e-02	6.09e-05	0.00e+00	0.00e+00	5.72e-09	3.01e-09	9.87e-10
 1.65699e+16	1.29e-08	9.10e-05	9.81e-02	6.42e-01	2.50e-01	9.66e-03	5.08e-05	0.00e+00	0.00e+00	7.50e-09	3.94e-09	1.29e-09
 1.67530e+16	1.69e-08	1.11e-04	1.12e-01	6.47e-01	2.32e-01	8.48e-03	4.22e-05	0.00e+00	0.00e+00	9.80e-09	5.16e-09	1.69e-09
 1.69321e+16	2.37e-08	1.41e-04	1.28e-01	6.50e-01	2.15e-01	7.38e-03	3.46e-05	0.00e+00	0.00e+00	1.38e-08	7.24e-09	2.38e-09
 1.71013e+16	3.16e-08	1.74e-04	1.46e-01	6.50e-01	1.98e-01	6.40e-03	2.84e-05	0.00e+00	0.00e+00	1.84e-08	9.67e-09	3.18e-09
 1.72566e+16	4.05e-08	2.11e-04	1.66e-01	6.47e-01	1.81e-01	5.56e-03	2.35e-05	0.00e+00	0.00e+00	2.36e-08	1.24e-08	4.08e-09
 1.74038e+16	4.98e-08	2.48e-04	1.88e-01	6.41e-01	1.65e-01	4.79e-03	1.93e-05	0.00e+00	0.00e+00	2.89e-08	1.52e-08	5.01e-09
 1.75471e+16	6.56e-08	3.05e-04	2.15e-01	6.32e-01	1.49e-01	4.07e-03	1.55e-05	0.00e+00	0.00e+00	3.82e-08	2.01e-08	6.61e-09
 1.76818e+16	8.67e-08	3.76e-04	2.46e-01	6.18e-01	1.33e-01	3.43e-03	1.24e-05	0.00e+00	0.00e+00	5.04e-08	2.65e-08	8.74e-09
 1.78028e+16	1.13e-07	4.59e-04	2.78e-01	6.01e-01	1.18e-01	2.88e-03	9.90e-06	0.00e+00	0.00e+00	6.58e-08	3.47e-08	1.14e-08
 1.79128e+16	1.46e-07	5.54e-04	3.13e-01	5.80e-01	1.04e-01	2.40e-03	7.87e-06	0.00e+00	0.00e+00	8.50e-08	4.48e-08	1.48e-08
 1.80162e+16	2.02e-07	6.96e-04	3.52e-01	5.55e-01	9.04e-02	1.98e-03	6.13e-06	0.00e+00	0.00e+00	1.17e-07	6.18e-08	2.04e-08
 1.81061e+16	2.48e-07	8.14e-04	3.90e-01	5.29e-01	7.89e-02	1.64e-03	4.86e-06	0.00e+00	0.00e+00	1.44e-07	7.59e-08	2.51e-08
 1.81748e+16	2.94e-07	9.24e-04	4.22e-01	5.06e-01	7.01e-02	1.40e-03	4.00e-06	0.00e+00	0.00e+00	1.71e-07	9.02e-08	2.98e-08
 1.82310e+16	3.41e-07	1.03e-03	4.50e-01	4.85e-01	6.28e-02	1.21e-03	3.35e-06	0.00e+00	0.00e+00	1.98e-07	1.05e-07	3.46e-08
 1.82929e+16	4.06e-07	1.17e-03	4.85e-01	4.58e-01	5.49e-02	1.01e-03	2.69e-06	0.00e+00	0.00e+00	2.36e-07	1.25e-07	4.12e-08
 1.83594e+16	4.84e-07	1.33e-03	5.23e-01	4.28e-01	4.68e-02	8.19e-04	2.09e-06	0.00e+00	0.00e+00	2.82e-07	1.49e-07	4.92e-08
 1.84180e+16	5.63e-07	1.48e-03	5.59e-01	3.99e-01	4.02e-02	6.71e-04	1.65e-06	0.00e+00	0.00e+00	3.28e-07	1.73e-07	5.73e-08
 1.84717e+16	6.51e-07	1.64e-03	5.93e-01	3.71e-01	3.42e-02	5.47e-04	1.29e-06	0.00e+00	0.00e+00	3.79e-07	2.00e-07	6.64e-08
 1.85329e+16	7.68e-07	1.85e-03	6.33e-01	3.37e-01	2.80e-02	4.22e-04	9.49e-07	0.00e+00	0.00e+00	4.47e-07	2.36e-07	7.83e-08
 1.85980e+16	9.03e-07	2.07e-03	6.75e-01	3.01e-01	2.22e-02	3.15e-04	0.00e+00	0.00e+00	0.00e+00	5.25e-07	2.78e-07	9.23e-08
 1.86554e+16	1.04e-06	2.28e-03	7.11e-01	2.69e-01	1.77e-02	2.37e-04	0.00e+00	0.00e+00	0.00e+00	6.05e-07	3.20e-07	1.07e-07
 1.87171e+16	1.21e-06	2.52e-03	7.49e-01	2.35e-01	1.35e-02	1.68e-04	0.00e+00	0.00e+00	0.00e+00	7.04e-07	3.73e-07	1.24e-07
 1.87846e+16	1.41e-06	2.78e-03	7.87e-01	2.00e-01	9.92e-03	1.14e-04	0.00e+00	0.00e+00	0.00e+00	8.20e-07	4.34e-07	1.45e-07
 1.88476e+16	1.61e-06	3.02e-03	8.19e-01	1.71e-01	7.27e-03	7.68e-05	0.00e+00	0.00e+00	0.00e+00	9.36e-07	4.96e-07	1.66e-07
 1.89174e+16	1.85e-06	3.29e-03	8.50e-01	1.41e-01	5.03e-03	4.81e-05	0.00e+00	0.00e+00	0.00e+00	1.08e-06	5.70e-07	1.91e-07
 1.90082e+16	2.17e-06	3.62e-03	8.83e-01	1.10e-01	3.07e-03	2.56e-05	0.00e+00	0.00e+00	0.00e+00	1.26e-06	6.70e-07	2.25e-07
 1.91067e+16	2.52e-06	3.93e-03	9.11e-01	8.38e-02	1.80e-03	1.29e-05	0.00e+00	0.00e+00	0.00e+00	1.47e-06	7.79e-07	2.62e-07
 1.92151e+16	2.92e-06	4.23e-03	9.33e-01	6.23e-02	9.89e-04	5.96e-06	0.00e+00	0.00e+00	0.00e+00	1.70e-06	9.01e-07	3.03e-07
 1.93561e+16	3.43e-06	4.58e-03	9.51e-01	4.35e-02	4.72e-04	2.25e-06	0.00e+00	0.00e+00	0.00e+00	1.99e-06	1.06e-06	3.57e-07
 1.95394e+16	4.09e-06	4.96e-03	9.66e-01	2.88e-02	1.96e-04	6.84e-07	0.00e+00	0.00e+00	0.00e+00	2.38e-06	1.26e-06	4.26e-07
 1.97777e+16	5.01e-06	5.40e-03	9.76e-01	1.85e-02	7.20e-05	0.00e+00	0.00e+00	0.00e+00	0.00e+00	2.91e-06	1.55e-06	5.22e-07
 2.00875e+16	6.38e-06	5.94e-03	9.82e-01	1.21e-02	2.45e-05	0.00e+00	0.00e+00	0.00e+00	0.00e+00	3.71e-06	1.97e-06	6.66e-07
 2.04360e+16	8.37e-06	6.60e-03	9.85e-01	8.63e-03	9.31e-06	0.00e+00	0.00e+00	0.00e+00	0.00e+00	4.86e-06	2.59e-06	8.73e-07
 2.07667e+16	1.09e-05	7.33e-03	9.86e-01	6.89e-03	4.39e-06	0.00e+00	0.00e+00	0.00e+00	0.00e+00	6.35e-06	3.38e-06	1.14e-06
 2.10699e+16	1.41e-05	8.13e-03	9.86e-01	5.82e-03	2.40e-06	0.00e+00	0.00e+00	0.00e+00	0.00e+00	8.21e-06	4.36e-06	1.47e-06
 2.13579e+16	1.82e-05	9.03e-03	9.86e-01	5.09e-03	1.43e-06	0.00e+00	0.00e+00	0.00e+00	0.00e+00	1.06e-05	5.63e-06	1.90e-06
 2.16391e+16	2.38e-05	1.01e-02	9.85e-01	4.47e-03	8.89e-07	0.00e+00	0.00e+00	0.00e+00	0.00e+00	1.38e-05	7.34e-06	2.47e-06
 2.19103e+16	3.11e-05	1.13e-02	9.85e-01	4.01e-03	0.00e+00	0.00e+00	0.00e+00	0.00e+00	0.00e+00	1.81e-05	9.58e-06	3.23e-06
 2.21665e+16	4.06e-05	1.28e-02	9.84e-01	3.56e-03	0.00e+00	0.00e+00	0.00e+00	0.00e+00	0.00e+00	2.36e-05	1.25e-05	4.22e-06
 2.23540e+16	5.01e-05	1.41e-02	9.83e-01	3.28e-03	0.00e+00	0.00e+00	0.00e+00	0.00e+00	0.00e+00	2.91e-05	1.54e-05	5.19e-06
 2.24608e+16	5.66e-05	1.49e-02	9.82e-01	3.12e-03	0.00e+00	0.00e+00	0.00e+00	0.00e+00	0.00e+00	3.29e-05	1.75e-05	5.87e-06
 2.25609e+16	6.37e-05	1.57e-02	9.81e-01	2.97e-03	0.00e+00	0.00e+00	0.00e+00	0.00e+00	0.00e+00	3.70e-05	1.96e-05	6.60e-06
