#depth	He	He+	He+2
 1.49634e+10	3.54e-23	4.46e-12	1.00e+00
 4.54887e+10	3.93e-23	4.83e-12	1.00e+00
 7.72350e+10	4.35e-23	5.23e-12	1.00e+00
 1.10251e+11	4.82e-23	5.66e-12	1.00e+00
 1.44588e+11	5.35e-23	6.13e-12	1.00e+00
 1.80298e+11	5.93e-23	6.64e-12	1.00e+00
 2.17437e+11	6.58e-23	7.19e-12	1.00e+00
 2.56061e+11	7.32e-23	7.79e-12	1.00e+00
 2.96231e+11	8.14e-23	8.44e-12	1.00e+00
 3.34483e+11	8.99e-23	9.08e-12	1.00e+00
 3.69426e+11	9.81e-23	9.70e-12	1.00e+00
 4.08916e+11	1.08e-22	1.04e-11	1.00e+00
 4.54824e+11	1.21e-22	1.13e-11	1.00e+00
 5.00141e+11	1.34e-22	1.22e-11	1.00e+00
 5.43391e+11	1.48e-22	1.31e-11	1.00e+00
 5.91175e+11	1.64e-22	1.41e-11	1.00e+00
 6.44748e+11	1.84e-22	1.53e-11	1.00e+00
 6.97464e+11	2.06e-22	1.65e-11	1.00e+00
 7.52289e+11	2.30e-22	1.79e-11	1.00e+00
 8.12307e+11	2.59e-22	1.94e-11	1.00e+00
 8.72429e+11	2.91e-22	2.10e-11	1.00e+00
 9.34955e+11	3.27e-22	2.28e-11	1.00e+00
 1.00228e+12	3.69e-22	2.48e-11	1.00e+00
 1.07230e+12	4.18e-22	2.69e-11	1.00e+00
 1.14512e+12	4.74e-22	2.93e-11	1.00e+00
 1.22085e+12	5.37e-22	3.19e-11	1.00e+00
 1.29961e+12	6.11e-22	3.47e-11	1.00e+00
 1.38152e+12	6.95e-22	3.78e-11	1.00e+00
 1.46671e+12	7.91e-22	4.12e-11	1.00e+00
 1.55530e+12	9.01e-22	4.49e-11	1.00e+00
 1.64744e+12	1.03e-21	4.89e-11	1.00e+00
 1.74327e+12	1.17e-21	5.34e-11	1.00e+00
 1.84292e+12	1.34e-21	5.82e-11	1.00e+00
 1.93994e+12	1.52e-21	6.32e-11	1.00e+00
 2.03182e+12	1.71e-21	6.81e-11	1.00e+00
 2.13400e+12	1.94e-21	7.40e-11	1.00e+00
 2.24928e+12	2.22e-21	8.08e-11	1.00e+00
 2.36405e+12	2.53e-21	8.81e-11	1.00e+00
 2.48340e+12	2.88e-21	9.60e-11	1.00e+00
 2.61266e+12	3.31e-21	1.05e-10	1.00e+00
 2.74430e+12	3.79e-21	1.15e-10	1.00e+00
 2.88121e+12	4.34e-21	1.26e-10	1.00e+00
 3.02638e+12	4.98e-21	1.38e-10	1.00e+00
 3.17737e+12	5.71e-21	1.51e-10	1.00e+00
 3.33439e+12	6.56e-21	1.66e-10	1.00e+00
 3.49769e+12	7.52e-21	1.82e-10	1.00e+00
 3.64848e+12	8.51e-21	1.98e-10	1.00e+00
 3.77899e+12	9.41e-21	2.12e-10	1.00e+00
 3.92384e+12	1.05e-20	2.29e-10	1.00e+00
 4.10079e+12	1.19e-20	2.50e-10	1.00e+00
 4.28128e+12	1.36e-20	2.73e-10	1.00e+00
 4.44596e+12	1.51e-20	2.96e-10	1.00e+00
 4.62828e+12	1.70e-20	3.22e-10	1.00e+00
 4.84092e+12	1.94e-20	3.54e-10	1.00e+00
 5.05030e+12	2.21e-20	3.88e-10	1.00e+00
 5.24828e+12	2.48e-20	4.21e-10	1.00e+00
 5.46837e+12	2.80e-20	4.61e-10	1.00e+00
 5.71703e+12	3.20e-20	5.08e-10	1.00e+00
 5.96735e+12	3.64e-20	5.59e-10	1.00e+00
 6.22768e+12	4.13e-20	6.15e-10	1.00e+00
 6.50671e+12	4.70e-20	6.79e-10	1.00e+00
 6.79691e+12	5.35e-20	7.50e-10	1.00e+00
 7.09871e+12	6.08e-20	8.29e-10	1.00e+00
 7.41259e+12	6.92e-20	9.16e-10	1.00e+00
 7.73902e+12	7.87e-20	1.01e-09	1.00e+00
 8.07851e+12	8.96e-20	1.12e-09	1.00e+00
 8.43157e+12	1.02e-19	1.24e-09	1.00e+00
 8.79120e+12	1.17e-19	1.37e-09	1.00e+00
 9.16521e+12	1.33e-19	1.51e-09	1.00e+00
 9.54074e+12	1.52e-19	1.66e-09	1.00e+00
 9.89975e+12	1.72e-19	1.82e-09	1.00e+00
 1.02941e+13	1.96e-19	1.99e-09	1.00e+00
 1.07214e+13	2.27e-19	2.20e-09	1.00e+00
 1.11165e+13	2.58e-19	2.40e-09	1.00e+00
 1.15405e+13	2.97e-19	2.63e-09	1.00e+00
 1.20156e+13	3.47e-19	2.90e-09	1.00e+00
 1.24661e+13	4.00e-19	3.17e-09	1.00e+00
 1.29497e+13	4.66e-19	3.47e-09	1.00e+00
 1.34977e+13	5.52e-19	3.83e-09	1.00e+00
 1.40345e+13	6.50e-19	4.21e-09	1.00e+00
 1.44947e+13	7.45e-19	4.55e-09	1.00e+00
 1.48950e+13	8.37e-19	4.85e-09	1.00e+00
 1.53498e+13	9.52e-19	5.21e-09	1.00e+00
 1.59339e+13	1.12e-18	5.69e-09	1.00e+00
 1.65385e+13	1.32e-18	6.22e-09	1.00e+00
 1.70539e+13	1.51e-18	6.68e-09	1.00e+00
 1.76010e+13	1.74e-18	7.19e-09	1.00e+00
 1.82834e+13	2.05e-18	7.85e-09	1.00e+00
 1.89827e+13	2.43e-18	8.56e-09	1.00e+00
 1.96024e+13	2.79e-18	9.22e-09	1.00e+00
 2.02779e+13	3.24e-18	9.95e-09	1.00e+00
 2.10878e+13	3.85e-18	1.09e-08	1.00e+00
 2.19067e+13	4.55e-18	1.18e-08	1.00e+00
 2.26750e+13	5.29e-18	1.28e-08	1.00e+00
 2.35286e+13	6.21e-18	1.39e-08	1.00e+00
 2.44996e+13	7.39e-18	1.51e-08	1.00e+00
 2.54820e+13	8.76e-18	1.65e-08	1.00e+00
 2.65036e+13	1.03e-17	1.80e-08	1.00e+00
 2.75936e+13	1.23e-17	1.96e-08	1.00e+00
 2.87273e+13	1.45e-17	2.13e-08	1.00e+00
 2.98697e+13	1.71e-17	2.31e-08	1.00e+00
 3.10579e+13	2.01e-17	2.51e-08	1.00e+00
 3.23301e+13	2.38e-17	2.73e-08	1.00e+00
 3.36532e+13	2.81e-17	2.97e-08	1.00e+00
 3.50293e+13	3.31e-17	3.22e-08	1.00e+00
 3.64604e+13	3.90e-17	3.50e-08	1.00e+00
 3.78077e+13	4.52e-17	3.77e-08	1.00e+00
 3.90208e+13	5.15e-17	4.02e-08	1.00e+00
 4.03899e+13	5.92e-17	4.32e-08	1.00e+00
 4.20020e+13	6.94e-17	4.68e-08	1.00e+00
 4.36311e+13	8.09e-17	5.05e-08	1.00e+00
 4.53253e+13	9.46e-17	5.46e-08	1.00e+00
 4.71683e+13	1.11e-16	5.92e-08	1.00e+00
 4.90455e+13	1.30e-16	6.41e-08	1.00e+00
 5.09977e+13	1.52e-16	6.94e-08	1.00e+00
 5.30676e+13	1.79e-16	7.52e-08	1.00e+00
 5.52202e+13	2.10e-16	8.15e-08	1.00e+00
 5.74589e+13	2.47e-16	8.84e-08	1.00e+00
 5.97872e+13	2.89e-16	9.57e-08	1.00e+00
 6.19725e+13	3.34e-16	1.03e-07	1.00e+00
 6.39158e+13	3.79e-16	1.10e-07	1.00e+00
 6.60892e+13	4.33e-16	1.17e-07	1.00e+00
 6.86790e+13	5.06e-16	1.27e-07	1.00e+00
 7.12662e+13	5.87e-16	1.37e-07	1.00e+00
 7.36584e+13	6.71e-16	1.46e-07	1.00e+00
 7.63362e+13	7.73e-16	1.57e-07	1.00e+00
 7.94196e+13	9.08e-16	1.70e-07	1.00e+00
 8.24243e+13	1.05e-15	1.83e-07	1.00e+00
 8.52827e+13	1.21e-15	1.97e-07	1.00e+00
 8.84573e+13	1.40e-15	2.11e-07	1.00e+00
 9.20255e+13	1.64e-15	2.29e-07	1.00e+00
 9.56117e+13	1.91e-15	2.47e-07	1.00e+00
 9.93412e+13	2.22e-15	2.67e-07	1.00e+00
 1.03345e+14	2.60e-15	2.89e-07	1.00e+00
 1.07509e+14	3.05e-15	3.13e-07	1.00e+00
 1.11839e+14	3.56e-15	3.39e-07	1.00e+00
 1.16342e+14	4.17e-15	3.67e-07	1.00e+00
 1.21026e+14	4.87e-15	3.97e-07	1.00e+00
 1.25612e+14	5.66e-15	4.29e-07	1.00e+00
 1.29989e+14	6.47e-15	4.59e-07	1.00e+00
 1.34825e+14	7.49e-15	4.94e-07	1.00e+00
 1.40248e+14	8.72e-15	5.34e-07	1.00e+00
 1.45710e+14	1.02e-14	5.77e-07	1.00e+00
 1.51390e+14	1.18e-14	6.22e-07	1.00e+00
 1.57476e+14	1.38e-14	6.74e-07	1.00e+00
 1.63186e+14	1.58e-14	7.23e-07	1.00e+00
 1.68309e+14	1.79e-14	7.70e-07	1.00e+00
 1.74095e+14	2.04e-14	8.23e-07	1.00e+00
 1.80927e+14	2.38e-14	8.90e-07	1.00e+00
 1.87810e+14	2.74e-14	9.59e-07	1.00e+00
 1.94422e+14	3.15e-14	1.03e-06	1.00e+00
 2.00835e+14	3.57e-14	1.10e-06	1.00e+00
 2.08012e+14	4.09e-14	1.18e-06	1.00e+00
 2.15919e+14	4.74e-14	1.27e-06	1.00e+00
 2.23190e+14	5.40e-14	1.36e-06	1.00e+00
 2.31057e+14	6.18e-14	1.46e-06	1.00e+00
 2.39880e+14	7.15e-14	1.57e-06	1.00e+00
 2.48252e+14	8.18e-14	1.68e-06	1.00e+00
 2.57307e+14	9.41e-14	1.81e-06	1.00e+00
 2.67311e+14	1.10e-13	1.96e-06	1.00e+00
 2.76806e+14	1.26e-13	2.11e-06	1.00e+00
 2.86998e+14	1.45e-13	2.27e-06	1.00e+00
 2.98508e+14	1.69e-13	2.46e-06	1.00e+00
 3.09859e+14	1.96e-13	2.66e-06	1.00e+00
 3.20786e+14	2.25e-13	2.86e-06	1.00e+00
 3.32769e+14	2.61e-13	3.09e-06	1.00e+00
 3.46110e+14	3.05e-13	3.36e-06	1.00e+00
 3.59697e+14	3.56e-13	3.65e-06	1.00e+00
 3.73829e+14	4.14e-13	3.96e-06	1.00e+00
 3.88812e+14	4.85e-13	4.31e-06	1.00e+00
 4.04394e+14	5.68e-13	4.69e-06	1.00e+00
 4.19393e+14	6.58e-13	5.07e-06	1.00e+00
 4.33385e+14	7.51e-13	5.45e-06	1.00e+00
 4.49144e+14	8.66e-13	5.89e-06	1.00e+00
 4.65318e+14	1.00e-12	6.36e-06	1.00e+00
 4.79015e+14	1.13e-12	6.79e-06	1.00e+00
 4.93607e+14	1.27e-12	7.24e-06	1.00e+00
 5.11907e+14	1.47e-12	7.86e-06	1.00e+00
 5.30748e+14	1.70e-12	8.51e-06	1.00e+00
 5.47470e+14	1.93e-12	9.11e-06	1.00e+00
 5.65719e+14	2.20e-12	9.80e-06	1.00e+00
 5.86091e+14	2.53e-12	1.06e-05	1.00e+00
 6.05168e+14	2.88e-12	1.14e-05	1.00e+00
 6.25910e+14	3.30e-12	1.23e-05	1.00e+00
 6.48818e+14	3.81e-12	1.33e-05	1.00e+00
 6.70054e+14	4.32e-12	1.43e-05	1.00e+00
 6.93170e+14	4.95e-12	1.54e-05	1.00e+00
 7.18903e+14	5.72e-12	1.67e-05	1.00e+00
 7.42937e+14	6.52e-12	1.80e-05	1.00e+00
 7.69083e+14	7.46e-12	1.94e-05	1.00e+00
 7.98272e+14	8.64e-12	2.11e-05	1.00e+00
 8.25668e+14	9.86e-12	2.28e-05	1.00e+00
 8.55440e+14	1.14e-11	2.47e-05	1.00e+00
 8.88518e+14	1.31e-11	2.68e-05	1.00e+00
 9.19946e+14	1.51e-11	2.91e-05	1.00e+00
 9.53801e+14	1.74e-11	3.15e-05	1.00e+00
 9.91983e+14	2.03e-11	3.44e-05	1.00e+00
 1.02942e+15	2.34e-11	3.73e-05	1.00e+00
 1.06836e+15	2.70e-11	4.06e-05	1.00e+00
 1.11112e+15	3.13e-11	4.42e-05	1.00e+00
 1.15470e+15	3.65e-11	4.83e-05	1.00e+00
 1.20002e+15	4.21e-11	5.25e-05	1.00e+00
 1.24805e+15	4.92e-11	5.74e-05	1.00e+00
 1.29800e+15	5.68e-11	6.25e-05	1.00e+00
 1.34179e+15	6.47e-11	6.74e-05	1.00e+00
 1.37618e+15	7.16e-11	7.13e-05	1.00e+00
 1.41314e+15	7.93e-11	7.56e-05	1.00e+00
 1.46120e+15	8.94e-11	8.14e-05	1.00e+00
 1.51340e+15	1.03e-10	8.81e-05	1.00e+00
 1.56050e+15	1.16e-10	9.42e-05	1.00e+00
 1.61123e+15	1.30e-10	1.01e-04	1.00e+00
 1.67272e+15	1.51e-10	1.10e-04	1.00e+00
 1.73367e+15	1.73e-10	1.19e-04	1.00e+00
 1.78740e+15	1.94e-10	1.27e-04	1.00e+00
 1.84625e+15	2.19e-10	1.36e-04	1.00e+00
 1.91712e+15	2.53e-10	1.48e-04	1.00e+00
 1.98774e+15	2.89e-10	1.60e-04	1.00e+00
 2.05145e+15	3.24e-10	1.72e-04	1.00e+00
 2.12205e+15	3.67e-10	1.85e-04	1.00e+00
 2.20521e+15	4.29e-10	2.01e-04	1.00e+00
 2.28714e+15	4.92e-10	2.18e-04	1.00e+00
 2.36321e+15	5.56e-10	2.34e-04	1.00e+00
 2.44864e+15	6.36e-10	2.52e-04	1.00e+00
 2.54661e+15	7.27e-10	2.74e-04	1.00e+00
 2.64333e+15	8.48e-10	2.98e-04	1.00e+00
 2.74391e+15	9.76e-10	3.22e-04	1.00e+00
 2.85370e+15	1.13e-09	3.50e-04	1.00e+00
 2.96531e+15	1.29e-09	3.80e-04	1.00e+00
 3.08139e+15	1.49e-09	4.13e-04	1.00e+00
 3.20468e+15	1.75e-09	4.49e-04	1.00e+00
 3.33290e+15	2.04e-09	4.89e-04	1.00e+00
 3.44486e+15	2.31e-09	5.24e-04	9.99e-01
 3.53244e+15	2.54e-09	5.53e-04	9.99e-01
 3.62671e+15	2.81e-09	5.85e-04	9.99e-01
 3.74924e+15	3.14e-09	6.27e-04	9.99e-01
 3.88236e+15	3.65e-09	6.76e-04	9.99e-01
 4.00233e+15	4.08e-09	7.21e-04	9.99e-01
 4.13142e+15	4.57e-09	7.71e-04	9.99e-01
 4.28849e+15	5.35e-09	8.35e-04	9.99e-01
 4.44348e+15	6.12e-09	9.00e-04	9.99e-01
 4.57861e+15	6.81e-09	9.59e-04	9.99e-01
 4.72637e+15	7.71e-09	1.03e-03	9.99e-01
 4.90609e+15	9.05e-09	1.11e-03	9.99e-01
 5.08493e+15	1.04e-08	1.20e-03	9.99e-01
 5.24340e+15	1.18e-08	1.28e-03	9.99e-01
 5.41786e+15	1.34e-08	1.37e-03	9.99e-01
 5.62681e+15	1.53e-08	1.49e-03	9.99e-01
 5.83480e+15	1.80e-08	1.61e-03	9.98e-01
 6.02296e+15	2.04e-08	1.73e-03	9.98e-01
 6.23113e+15	2.31e-08	1.86e-03	9.98e-01
 6.46639e+15	2.68e-08	2.01e-03	9.98e-01
 6.69478e+15	3.14e-08	2.18e-03	9.98e-01
 6.91183e+15	3.59e-08	2.33e-03	9.98e-01
 7.15620e+15	4.13e-08	2.52e-03	9.97e-01
 7.42320e+15	4.74e-08	2.73e-03	9.97e-01
 7.66728e+15	5.54e-08	2.95e-03	9.97e-01
 7.89671e+15	6.28e-08	3.15e-03	9.97e-01
 8.15947e+15	7.19e-08	3.40e-03	9.97e-01
 8.45468e+15	8.27e-08	3.69e-03	9.96e-01
 8.71903e+15	9.64e-08	3.98e-03	9.96e-01
 8.93105e+15	1.07e-07	4.21e-03	9.96e-01
 9.14809e+15	1.19e-07	4.46e-03	9.96e-01
 9.43024e+15	1.36e-07	4.81e-03	9.95e-01
 9.73609e+15	1.58e-07	5.22e-03	9.95e-01
 1.00078e+16	1.79e-07	5.59e-03	9.94e-01
 1.02581e+16	1.99e-07	5.97e-03	9.94e-01
 1.05459e+16	2.31e-07	6.44e-03	9.94e-01
 1.08606e+16	2.65e-07	6.98e-03	9.93e-01
 1.11513e+16	3.00e-07	7.52e-03	9.92e-01
 1.14701e+16	3.53e-07	8.19e-03	9.92e-01
 1.18031e+16	4.08e-07	8.92e-03	9.91e-01
 1.20869e+16	4.59e-07	9.62e-03	9.90e-01
 1.23882e+16	5.28e-07	1.04e-02	9.90e-01
 1.27177e+16	6.28e-07	1.15e-02	9.89e-01
 1.30111e+16	7.19e-07	1.24e-02	9.88e-01
 1.32770e+16	8.18e-07	1.34e-02	9.87e-01
 1.35798e+16	9.52e-07	1.47e-02	9.85e-01
 1.39061e+16	1.10e-06	1.63e-02	9.84e-01
 1.41960e+16	1.31e-06	1.79e-02	9.82e-01
 1.44539e+16	1.50e-06	1.95e-02	9.80e-01
 1.47371e+16	1.76e-06	2.16e-02	9.78e-01
 1.50408e+16	2.05e-06	2.42e-02	9.76e-01
 1.53077e+16	2.48e-06	2.70e-02	9.73e-01
 1.55053e+16	2.78e-06	2.92e-02	9.71e-01
 1.56763e+16	3.10e-06	3.16e-02	9.68e-01
 1.58987e+16	3.62e-06	3.51e-02	9.65e-01
 1.61493e+16	4.44e-06	3.98e-02	9.60e-01
 1.63759e+16	5.22e-06	4.51e-02	9.55e-01
 1.65699e+16	6.17e-06	5.05e-02	9.49e-01
 1.67530e+16	7.31e-06	5.68e-02	9.43e-01
 1.69321e+16	8.88e-06	6.43e-02	9.36e-01
 1.71013e+16	1.07e-05	7.30e-02	9.27e-01
 1.72566e+16	1.27e-05	8.28e-02	9.17e-01
 1.74038e+16	1.49e-05	9.43e-02	9.06e-01
 1.75471e+16	1.80e-05	1.08e-01	8.92e-01
 1.76818e+16	2.19e-05	1.25e-01	8.75e-01
 1.78028e+16	2.65e-05	1.43e-01	8.57e-01
 1.79128e+16	3.18e-05	1.64e-01	8.36e-01
 1.80162e+16	3.89e-05	1.88e-01	8.12e-01
 1.81061e+16	4.59e-05	2.14e-01	7.86e-01
 1.81748e+16	5.24e-05	2.36e-01	7.64e-01
 1.82310e+16	5.88e-05	2.58e-01	7.42e-01
 1.82929e+16	6.73e-05	2.85e-01	7.15e-01
 1.83594e+16	7.77e-05	3.18e-01	6.82e-01
 1.84180e+16	8.81e-05	3.50e-01	6.50e-01
 1.84717e+16	9.95e-05	3.83e-01	6.17e-01
 1.85329e+16	1.14e-04	4.25e-01	5.75e-01
 1.85980e+16	1.32e-04	4.72e-01	5.28e-01
 1.86554e+16	1.49e-04	5.17e-01	4.83e-01
 1.87171e+16	1.69e-04	5.68e-01	4.31e-01
 1.87846e+16	1.93e-04	6.23e-01	3.76e-01
 1.88476e+16	2.15e-04	6.74e-01	3.26e-01
 1.89174e+16	2.41e-04	7.27e-01	2.73e-01
 1.90082e+16	2.73e-04	7.87e-01	2.13e-01
 1.91067e+16	3.04e-04	8.39e-01	1.61e-01
 1.92151e+16	3.34e-04	8.83e-01	1.16e-01
 1.93561e+16	3.66e-04	9.23e-01	7.71e-02
 1.95394e+16	3.99e-04	9.53e-01	4.64e-02
 1.97777e+16	4.32e-04	9.74e-01	2.54e-02
 2.00875e+16	4.68e-04	9.87e-01	1.27e-02
 2.04360e+16	5.05e-04	9.93e-01	6.46e-03
 2.07667e+16	5.42e-04	9.96e-01	3.70e-03
 2.10699e+16	5.78e-04	9.97e-01	2.34e-03
 2.13579e+16	6.17e-04	9.98e-01	1.56e-03
 2.16391e+16	6.60e-04	9.98e-01	1.09e-03
 2.19103e+16	7.06e-04	9.99e-01	7.84e-04
 2.21665e+16	7.57e-04	9.99e-01	5.85e-04
 2.23540e+16	7.99e-04	9.99e-01	4.85e-04
 2.24608e+16	8.25e-04	9.99e-01	4.35e-04
 2.25609e+16	8.52e-04	9.99e-01	3.90e-04
 2.26911e+16	8.90e-04	9.99e-01	3.40e-04
 2.28347e+16	9.35e-04	9.99e-01	2.95e-04
 2.29631e+16	9.80e-04	9.99e-01	2.60e-04
 2.30740e+16	1.02e-03	9.99e-01	2.34e-04
 2.31949e+16	1.07e-03	9.99e-01	2.08e-04
 2.33253e+16	1.13e-03	9.99e-01	1.85e-04
 2.34270e+16	1.19e-03	9.99e-01	1.69e-04
 2.34994e+16	1.23e-03	9.99e-01	1.59e-04
 2.35747e+16	1.27e-03	9.99e-01	1.48e-04
 2.36726e+16	1.34e-03	9.99e-01	1.35e-04
 2.37716e+16	1.41e-03	9.98e-01	1.25e-04
 2.38477e+16	1.47e-03	9.98e-01	1.17e-04
 2.39115e+16	1.52e-03	9.98e-01	1.11e-04
 2.39837e+16	1.59e-03	9.98e-01	1.04e-04
 2.40638e+16	1.66e-03	9.98e-01	9.71e-05
 2.41357e+16	1.74e-03	9.98e-01	9.15e-05
 2.41983e+16	1.82e-03	9.98e-01	8.70e-05
 2.42671e+16	1.91e-03	9.98e-01	8.19e-05
 2.43415e+16	2.01e-03	9.98e-01	7.72e-05
 2.44052e+16	2.11e-03	9.98e-01	7.34e-05
 2.44601e+16	2.21e-03	9.98e-01	7.02e-05
 2.45209e+16	2.32e-03	9.98e-01	6.67e-05
 2.45870e+16	2.45e-03	9.97e-01	6.33e-05
 2.46450e+16	2.58e-03	9.97e-01	6.05e-05
 2.46958e+16	2.71e-03	9.97e-01	5.81e-05
 2.47519e+16	2.86e-03	9.97e-01	5.56e-05
 2.48125e+16	3.04e-03	9.97e-01	5.30e-05
 2.48656e+16	3.22e-03	9.97e-01	5.09e-05
 2.49127e+16	3.39e-03	9.97e-01	4.91e-05
 2.49652e+16	3.60e-03	9.96e-01	4.70e-05
 2.50223e+16	3.86e-03	9.96e-01	4.50e-05
 2.50728e+16	4.12e-03	9.96e-01	4.34e-05
 2.51179e+16	4.38e-03	9.96e-01	4.19e-05
 2.51687e+16	4.71e-03	9.95e-01	4.03e-05
 2.52248e+16	5.13e-03	9.95e-01	3.87e-05
 2.52761e+16	5.57e-03	9.94e-01	3.72e-05
 2.53224e+16	6.04e-03	9.94e-01	3.59e-05
 2.53738e+16	6.64e-03	9.93e-01	3.45e-05
 2.54279e+16	7.40e-03	9.93e-01	3.32e-05
 2.54724e+16	8.15e-03	9.92e-01	3.22e-05
 2.55076e+16	8.81e-03	9.91e-01	3.16e-05
 2.55436e+16	9.63e-03	9.90e-01	3.07e-05
 2.55825e+16	1.07e-02	9.89e-01	3.00e-05
 2.56157e+16	1.17e-02	9.88e-01	2.93e-05
 2.56434e+16	1.27e-02	9.87e-01	2.89e-05
 2.56688e+16	1.38e-02	9.86e-01	2.84e-05
 2.56975e+16	1.52e-02	9.85e-01	2.79e-05
 2.57284e+16	1.69e-02	9.83e-01	2.75e-05
 2.57550e+16	1.88e-02	9.81e-01	2.71e-05
 2.57772e+16	2.06e-02	9.79e-01	2.69e-05
 2.58011e+16	2.28e-02	9.77e-01	2.66e-05
 2.58273e+16	2.57e-02	9.74e-01	2.64e-05
 2.58504e+16	2.88e-02	9.71e-01	2.63e-05
 2.58701e+16	3.19e-02	9.68e-01	2.63e-05
 2.58914e+16	3.58e-02	9.64e-01	2.63e-05
 2.59140e+16	4.08e-02	9.59e-01	2.65e-05
 2.59328e+16	4.60e-02	9.54e-01	2.66e-05
 2.59482e+16	5.07e-02	9.49e-01	2.69e-05
 2.59644e+16	5.67e-02	9.43e-01	2.71e-05
 2.59816e+16	6.38e-02	9.36e-01	2.76e-05
 2.59972e+16	7.17e-02	9.28e-01	2.80e-05
 2.60110e+16	7.94e-02	9.21e-01	2.86e-05
 2.60234e+16	8.76e-02	9.12e-01	2.91e-05
 2.60353e+16	9.62e-02	9.04e-01	2.97e-05
 2.60468e+16	1.06e-01	8.94e-01	3.02e-05
 2.60574e+16	1.16e-01	8.84e-01	3.10e-05
 2.60671e+16	1.26e-01	8.74e-01	3.15e-05
 2.60743e+16	1.34e-01	8.66e-01	3.20e-05
 2.60791e+16	1.39e-01	8.61e-01	3.24e-05
 2.60838e+16	1.45e-01	8.55e-01	3.27e-05
 2.60893e+16	1.53e-01	8.47e-01	3.31e-05
 2.60951e+16	1.61e-01	8.39e-01	3.35e-05
 2.61005e+16	1.69e-01	8.31e-01	3.40e-05
 2.61056e+16	1.77e-01	8.23e-01	3.43e-05
 2.61107e+16	1.86e-01	8.14e-01	3.48e-05
 2.61159e+16	1.95e-01	8.05e-01	3.53e-05
 2.61210e+16	2.05e-01	7.95e-01	3.57e-05
 2.61260e+16	2.14e-01	7.86e-01	3.61e-05
 2.61309e+16	2.24e-01	7.76e-01	3.66e-05
 2.61358e+16	2.35e-01	7.65e-01	3.69e-05
 2.61406e+16	2.46e-01	7.54e-01	3.75e-05
 2.61454e+16	2.57e-01	7.43e-01	3.79e-05
 2.61501e+16	2.69e-01	7.31e-01	3.82e-05
 2.61548e+16	2.81e-01	7.19e-01	3.87e-05
 2.61593e+16	2.93e-01	7.07e-01	3.91e-05
 2.61639e+16	3.06e-01	6.94e-01	3.94e-05
 2.61684e+16	3.19e-01	6.81e-01	3.99e-05
 2.61728e+16	3.33e-01	6.67e-01	4.02e-05
 2.61772e+16	3.46e-01	6.54e-01	4.06e-05
 2.61815e+16	3.61e-01	6.39e-01	4.08e-05
 2.61857e+16	3.75e-01	6.25e-01	4.12e-05
 2.61900e+16	3.89e-01	6.11e-01	4.15e-05
 2.61941e+16	4.04e-01	5.96e-01	4.17e-05
 2.61982e+16	4.19e-01	5.81e-01	4.19e-05
 2.62022e+16	4.34e-01	5.66e-01	4.21e-05
 2.62062e+16	4.49e-01	5.51e-01	4.23e-05
 2.62101e+16	4.64e-01	5.36e-01	4.25e-05
 2.62139e+16	4.79e-01	5.21e-01	4.26e-05
 2.62177e+16	4.94e-01	5.06e-01	4.27e-05
 2.62214e+16	5.08e-01	4.91e-01	4.28e-05
 2.62250e+16	5.23e-01	4.77e-01	4.28e-05
 2.62285e+16	5.37e-01	4.63e-01	4.28e-05
 2.62319e+16	5.52e-01	4.48e-01	4.28e-05
 2.62352e+16	5.66e-01	4.34e-01	4.27e-05
 2.62385e+16	5.79e-01	4.21e-01	4.26e-05
 2.62418e+16	5.93e-01	4.07e-01	4.25e-05
 2.62449e+16	6.06e-01	3.94e-01	4.24e-05
 2.62480e+16	6.18e-01	3.82e-01	4.22e-05
 2.62510e+16	6.31e-01	3.69e-01	4.20e-05
 2.62540e+16	6.43e-01	3.57e-01	4.18e-05
 2.62569e+16	6.55e-01	3.45e-01	4.16e-05
 2.62598e+16	6.66e-01	3.34e-01	4.14e-05
 2.62626e+16	6.77e-01	3.23e-01	4.11e-05
 2.62653e+16	6.88e-01	3.12e-01	4.08e-05
 2.62680e+16	6.98e-01	3.02e-01	4.05e-05
 2.62707e+16	7.09e-01	2.91e-01	4.02e-05
 2.62733e+16	7.19e-01	2.81e-01	3.99e-05
 2.62759e+16	7.28e-01	2.72e-01	3.96e-05
 2.62785e+16	7.38e-01	2.62e-01	3.92e-05
 2.62810e+16	7.46e-01	2.54e-01	3.89e-05
 2.62834e+16	7.55e-01	2.45e-01	3.85e-05
 2.62856e+16	7.62e-01	2.38e-01	3.81e-05
 2.62872e+16	7.68e-01	2.32e-01	3.78e-05
 2.62888e+16	7.73e-01	2.27e-01	3.75e-05
 2.62904e+16	7.79e-01	2.21e-01	3.71e-05
 2.62921e+16	7.84e-01	2.16e-01	3.68e-05
 2.62936e+16	7.89e-01	2.10e-01	3.65e-05
 2.62951e+16	7.94e-01	2.06e-01	3.62e-05
 2.62967e+16	7.99e-01	2.01e-01	3.59e-05
 2.62981e+16	8.04e-01	1.96e-01	3.56e-05
 2.62996e+16	8.08e-01	1.92e-01	3.53e-05
 2.63010e+16	8.12e-01	1.88e-01	3.50e-05
 2.63024e+16	8.17e-01	1.83e-01	3.47e-05
 2.63037e+16	8.21e-01	1.79e-01	3.44e-05
 2.63051e+16	8.25e-01	1.75e-01	3.41e-05
 2.63065e+16	8.29e-01	1.71e-01	3.37e-05
 2.63078e+16	8.32e-01	1.68e-01	3.34e-05
 2.63092e+16	8.36e-01	1.64e-01	3.31e-05
 2.63106e+16	8.40e-01	1.60e-01	3.28e-05
 2.63121e+16	8.44e-01	1.56e-01	3.24e-05
 2.63135e+16	8.48e-01	1.52e-01	3.21e-05
 2.63151e+16	8.52e-01	1.48e-01	3.17e-05
 2.63168e+16	8.56e-01	1.44e-01	3.13e-05
 2.63187e+16	8.61e-01	1.39e-01	3.08e-05
 2.63207e+16	8.66e-01	1.34e-01	3.03e-05
 2.63227e+16	8.70e-01	1.30e-01	2.98e-05
 2.63246e+16	8.75e-01	1.25e-01	2.93e-05
 2.63265e+16	8.79e-01	1.21e-01	2.87e-05
 2.63284e+16	8.83e-01	1.17e-01	2.82e-05
 2.63302e+16	8.87e-01	1.13e-01	2.77e-05
 2.63319e+16	8.91e-01	1.09e-01	2.71e-05
 2.63335e+16	8.94e-01	1.06e-01	2.66e-05
 2.63349e+16	8.97e-01	1.03e-01	2.61e-05
 2.63363e+16	9.00e-01	1.00e-01	2.57e-05
 2.63375e+16	9.02e-01	9.76e-02	2.52e-05
 2.63386e+16	9.05e-01	9.54e-02	2.48e-05
 2.63396e+16	9.07e-01	9.34e-02	2.45e-05
 2.63405e+16	9.08e-01	9.17e-02	2.41e-05
 2.63413e+16	9.10e-01	9.00e-02	2.38e-05
 2.63421e+16	9.11e-01	8.86e-02	2.35e-05
 2.63429e+16	9.13e-01	8.69e-02	2.31e-05
 2.63438e+16	9.15e-01	8.53e-02	2.29e-05
 2.63446e+16	9.16e-01	8.38e-02	2.25e-05
 2.63453e+16	9.18e-01	8.24e-02	2.22e-05
 2.63460e+16	9.19e-01	8.11e-02	2.19e-05
 2.63468e+16	9.20e-01	7.97e-02	2.16e-05
 2.63475e+16	9.22e-01	7.84e-02	2.13e-05
 2.63483e+16	9.23e-01	7.71e-02	2.11e-05
 2.63489e+16	9.24e-01	7.59e-02	2.08e-05
 2.63495e+16	9.25e-01	7.48e-02	2.05e-05
 2.63502e+16	9.26e-01	7.36e-02	2.02e-05
 2.63509e+16	9.28e-01	7.24e-02	1.99e-05
 2.63515e+16	9.29e-01	7.12e-02	1.96e-05
 2.63521e+16	9.30e-01	7.02e-02	1.94e-05
 2.63527e+16	9.31e-01	6.92e-02	1.91e-05
 2.63531e+16	9.32e-01	6.84e-02	1.89e-05
 2.63537e+16	9.33e-01	6.75e-02	1.87e-05
 2.63544e+16	9.34e-01	6.62e-02	1.84e-05
 2.63551e+16	9.35e-01	6.50e-02	1.81e-05
 2.63558e+16	9.36e-01	6.38e-02	1.77e-05
 2.63564e+16	9.37e-01	6.28e-02	1.75e-05
 2.63570e+16	9.38e-01	6.19e-02	1.72e-05
 2.63575e+16	9.39e-01	6.10e-02	1.70e-05
 2.63580e+16	9.40e-01	6.03e-02	1.68e-05
 2.63584e+16	9.40e-01	5.95e-02	1.65e-05
 2.63589e+16	9.41e-01	5.87e-02	1.63e-05
 2.63595e+16	9.42e-01	5.77e-02	1.61e-05
 2.63601e+16	9.43e-01	5.66e-02	1.57e-05
 2.63607e+16	9.44e-01	5.57e-02	1.55e-05
 2.63612e+16	9.45e-01	5.49e-02	1.53e-05
 2.63617e+16	9.46e-01	5.41e-02	1.51e-05
 2.63622e+16	9.47e-01	5.34e-02	1.49e-05
 2.63626e+16	9.47e-01	5.28e-02	1.46e-05
 2.63630e+16	9.48e-01	5.22e-02	1.45e-05
 2.63634e+16	9.48e-01	5.16e-02	1.43e-05
 2.63639e+16	9.49e-01	5.07e-02	1.41e-05
 2.63645e+16	9.50e-01	4.99e-02	1.38e-05
 2.63650e+16	9.51e-01	4.92e-02	1.37e-05
 2.63655e+16	9.51e-01	4.85e-02	1.35e-05
 2.63659e+16	9.52e-01	4.79e-02	1.33e-05
 2.63664e+16	9.53e-01	4.72e-02	1.31e-05
 2.63669e+16	9.53e-01	4.66e-02	1.29e-05
 2.63673e+16	9.54e-01	4.59e-02	1.27e-05
 2.63678e+16	9.55e-01	4.54e-02	1.26e-05
 2.63682e+16	9.55e-01	4.48e-02	1.24e-05
 2.63688e+16	9.56e-01	4.40e-02	1.22e-05
 2.63695e+16	9.57e-01	4.32e-02	1.20e-05
 2.63701e+16	9.57e-01	4.25e-02	1.18e-05
 2.63706e+16	9.58e-01	4.19e-02	1.16e-05
 2.63711e+16	9.59e-01	4.12e-02	1.15e-05
 2.63715e+16	9.59e-01	4.07e-02	1.13e-05
 2.63720e+16	9.60e-01	4.02e-02	1.12e-05
 2.63726e+16	9.61e-01	3.94e-02	1.10e-05
 2.63733e+16	9.61e-01	3.87e-02	1.08e-05
 2.63739e+16	9.62e-01	3.80e-02	1.06e-05
 2.63745e+16	9.63e-01	3.74e-02	1.05e-05
 2.63750e+16	9.63e-01	3.68e-02	1.03e-05
 2.63755e+16	9.64e-01	3.63e-02	1.02e-05
 2.63760e+16	9.64e-01	3.58e-02	1.00e-05
 2.63767e+16	9.65e-01	3.51e-02	9.85e-06
 2.63774e+16	9.66e-01	3.44e-02	9.67e-06
 2.63781e+16	9.66e-01	3.38e-02	9.51e-06
 2.63787e+16	9.67e-01	3.33e-02	9.37e-06
 2.63792e+16	9.67e-01	3.28e-02	9.22e-06
 2.63797e+16	9.68e-01	3.23e-02	9.11e-06
 2.63802e+16	9.68e-01	3.18e-02	8.99e-06
 2.63809e+16	9.69e-01	3.12e-02	8.82e-06
 2.63817e+16	9.69e-01	3.06e-02	8.66e-06
 2.63824e+16	9.70e-01	3.00e-02	8.52e-06
 2.63830e+16	9.70e-01	2.95e-02	8.39e-06
 2.63836e+16	9.71e-01	2.90e-02	8.26e-06
 2.63842e+16	9.71e-01	2.85e-02	8.14e-06
 2.63849e+16	9.72e-01	2.80e-02	8.01e-06
 2.63855e+16	9.72e-01	2.76e-02	7.88e-06
 2.63861e+16	9.73e-01	2.71e-02	7.78e-06
 2.63867e+16	9.73e-01	2.67e-02	7.67e-06
 2.63875e+16	9.74e-01	2.61e-02	7.51e-06
 2.63883e+16	9.74e-01	2.55e-02	7.37e-06
 2.63891e+16	9.75e-01	2.50e-02	7.25e-06
 2.63898e+16	9.75e-01	2.46e-02	7.13e-06
 2.63905e+16	9.76e-01	2.41e-02	7.02e-06
 2.63912e+16	9.76e-01	2.37e-02	6.90e-06
 2.63920e+16	9.77e-01	2.32e-02	6.79e-06
 2.63927e+16	9.77e-01	2.28e-02	6.68e-06
 2.63934e+16	9.78e-01	2.24e-02	6.57e-06
 2.63943e+16	9.78e-01	2.19e-02	6.45e-06
 2.63950e+16	9.79e-01	2.15e-02	6.34e-06
 2.63958e+16	9.79e-01	2.10e-02	6.23e-06
 2.63967e+16	9.79e-01	2.06e-02	6.12e-06
 2.63975e+16	9.80e-01	2.02e-02	6.02e-06
 2.63983e+16	9.80e-01	1.98e-02	5.93e-06
 2.63991e+16	9.81e-01	1.94e-02	5.82e-06
 2.64000e+16	9.81e-01	1.90e-02	5.72e-06
 2.64008e+16	9.81e-01	1.86e-02	5.63e-06
 2.64016e+16	9.82e-01	1.82e-02	5.52e-06
 2.64026e+16	9.82e-01	1.78e-02	5.41e-06
 2.64034e+16	9.83e-01	1.74e-02	5.33e-06
 2.64044e+16	9.83e-01	1.70e-02	5.22e-06
 2.64054e+16	9.83e-01	1.66e-02	5.11e-06
 2.64063e+16	9.84e-01	1.63e-02	5.03e-06
 2.64073e+16	9.84e-01	1.59e-02	4.92e-06
 2.64084e+16	9.85e-01	1.55e-02	4.82e-06
 2.64094e+16	9.85e-01	1.51e-02	4.73e-06
 2.64105e+16	9.85e-01	1.47e-02	4.62e-06
 2.64116e+16	9.86e-01	1.43e-02	4.53e-06
 2.64127e+16	9.86e-01	1.40e-02	4.44e-06
 2.64139e+16	9.86e-01	1.36e-02	4.33e-06
 2.64151e+16	9.87e-01	1.32e-02	4.24e-06
 2.64163e+16	9.87e-01	1.29e-02	4.15e-06
 2.64173e+16	9.87e-01	1.26e-02	4.07e-06
 2.64185e+16	9.88e-01	1.23e-02	3.98e-06
 2.64197e+16	9.88e-01	1.20e-02	3.89e-06
 2.64208e+16	9.88e-01	1.17e-02	3.82e-06
 2.64221e+16	9.89e-01	1.14e-02	3.73e-06
 2.64234e+16	9.89e-01	1.10e-02	3.64e-06
 2.64246e+16	9.89e-01	1.08e-02	3.57e-06
 2.64259e+16	9.90e-01	1.04e-02	3.48e-06
 2.64277e+16	9.90e-01	1.01e-02	3.37e-06
 2.64297e+16	9.90e-01	9.64e-03	3.25e-06
 2.64319e+16	9.91e-01	9.23e-03	3.14e-06
 2.64341e+16	9.91e-01	8.85e-03	3.03e-06
 2.64362e+16	9.92e-01	8.48e-03	2.92e-06
 2.64385e+16	9.92e-01	8.11e-03	2.81e-06
 2.64409e+16	9.92e-01	7.74e-03	2.70e-06
 2.64434e+16	9.93e-01	7.39e-03	2.60e-06
 2.64460e+16	9.93e-01	7.05e-03	2.49e-06
 2.64487e+16	9.93e-01	6.72e-03	2.39e-06
 2.64516e+16	9.94e-01	6.40e-03	2.29e-06
 2.64546e+16	9.94e-01	6.09e-03	2.19e-06
 2.64577e+16	9.94e-01	5.79e-03	2.09e-06
 2.64610e+16	9.94e-01	5.50e-03	2.00e-06
 2.64645e+16	9.95e-01	5.22e-03	1.91e-06
 2.64683e+16	9.95e-01	4.96e-03	1.82e-06
 2.64722e+16	9.95e-01	4.70e-03	1.73e-06
 2.64765e+16	9.96e-01	4.46e-03	1.65e-06
 2.64811e+16	9.96e-01	4.23e-03	1.56e-06
 2.64861e+16	9.96e-01	4.01e-03	1.49e-06
 2.64917e+16	9.96e-01	3.80e-03	1.41e-06
 2.64978e+16	9.96e-01	3.60e-03	1.34e-06
 2.65048e+16	9.97e-01	3.42e-03	1.27e-06
 2.65129e+16	9.97e-01	3.25e-03	1.21e-06
 2.65222e+16	9.97e-01	3.09e-03	1.15e-06
 2.65321e+16	9.97e-01	2.96e-03	1.09e-06
 2.65421e+16	9.97e-01	2.86e-03	1.05e-06
 2.65521e+16	9.97e-01	2.79e-03	1.02e-06
 2.65620e+16	9.97e-01	2.72e-03	9.93e-07
 2.65735e+16	9.97e-01	2.66e-03	9.63e-07
 2.65884e+16	9.97e-01	2.60e-03	9.37e-07
 2.66078e+16	9.97e-01	2.53e-03	9.01e-07
 2.66330e+16	9.98e-01	2.47e-03	8.71e-07
 2.66657e+16	9.98e-01	2.40e-03	8.29e-07
 2.67083e+16	9.98e-01	2.32e-03	7.84e-07
 2.67636e+16	9.98e-01	2.23e-03	7.29e-07
 2.68356e+16	9.98e-01	2.12e-03	6.64e-07
 2.69208e+16	9.98e-01	2.00e-03	5.98e-07
 2.70095e+16	9.98e-01	1.90e-03	5.38e-07
 2.70985e+16	9.98e-01	1.80e-03	4.84e-07
 2.71905e+16	9.98e-01	1.70e-03	4.35e-07
 2.72869e+16	9.98e-01	1.61e-03	3.89e-07
 2.73871e+16	9.98e-01	1.52e-03	3.47e-07
 2.74905e+16	9.99e-01	1.44e-03	3.08e-07
 2.75971e+16	9.99e-01	1.35e-03	2.74e-07
 2.77074e+16	9.99e-01	1.28e-03	2.42e-07
 2.78220e+16	9.99e-01	1.20e-03	2.13e-07
 2.79405e+16	9.99e-01	1.13e-03	1.87e-07
 2.80629e+16	9.99e-01	1.06e-03	1.64e-07
 2.81895e+16	9.99e-01	9.95e-04	1.44e-07
 2.83208e+16	9.99e-01	9.33e-04	1.25e-07
 2.84553e+16	9.99e-01	8.73e-04	1.09e-07
 2.85947e+16	9.99e-01	8.16e-04	9.41e-08
 2.87420e+16	9.99e-01	7.61e-04	8.09e-08
 2.88958e+16	9.99e-01	7.08e-04	6.92e-08
 2.90554e+16	9.99e-01	6.58e-04	5.90e-08
 2.92216e+16	9.99e-01	6.10e-04	5.00e-08
 2.93958e+16	9.99e-01	5.64e-04	4.21e-08
 2.95810e+16	9.99e-01	5.19e-04	3.51e-08
 2.97750e+16	1.00e+00	4.77e-04	2.91e-08
 2.99790e+16	1.00e+00	4.36e-04	2.39e-08
 3.01949e+16	1.00e+00	3.96e-04	1.94e-08
 3.04250e+16	1.00e+00	3.59e-04	1.56e-08
 3.06709e+16	1.00e+00	3.22e-04	1.23e-08
 3.09333e+16	1.00e+00	2.85e-04	9.54e-09
 3.12395e+16	1.00e+00	2.50e-04	7.14e-09
 3.15629e+16	1.00e+00	2.16e-04	5.28e-09
 3.18907e+16	1.00e+00	1.85e-04	3.85e-09
 3.22719e+16	1.00e+00	1.55e-04	2.66e-09
 3.27188e+16	1.00e+00	1.25e-04	1.73e-09
 3.32330e+16	1.00e+00	9.79e-05	1.06e-09
 3.38312e+16	1.00e+00	7.38e-05	6.05e-10
 3.45078e+16	1.00e+00	5.41e-05	3.27e-10
 3.52140e+16	1.00e+00	3.95e-05	1.76e-10
 3.59640e+16	1.00e+00	2.84e-05	9.16e-11
 3.67699e+16	1.00e+00	2.02e-05	4.67e-11
 3.76000e+16	1.00e+00	1.43e-05	2.38e-11
 3.84625e+16	1.00e+00	1.01e-05	1.20e-11
 3.93582e+16	1.00e+00	7.12e-06	6.02e-12
 4.02672e+16	1.00e+00	5.03e-06	3.06e-12
 4.12186e+16	1.00e+00	3.53e-06	1.52e-12
 4.22272e+16	1.00e+00	2.45e-06	7.46e-13
 4.32715e+16	1.00e+00	1.69e-06	3.62e-13
 4.43365e+16	1.00e+00	1.17e-06	1.77e-13
 4.54341e+16	1.00e+00	7.91e-07	8.47e-14
 4.65870e+16	1.00e+00	5.41e-07	4.05e-14
 4.77686e+16	1.00e+00	3.70e-07	1.95e-14
 4.89620e+16	1.00e+00	2.50e-07	9.28e-15
 5.01612e+16	1.00e+00	1.73e-07	4.56e-15
 5.14293e+16	1.00e+00	1.19e-07	2.19e-15
 5.27865e+16	1.00e+00	7.97e-08	1.02e-15
 5.41847e+16	1.00e+00	5.35e-08	4.71e-16
 5.56106e+16	1.00e+00	3.61e-08	2.20e-16
 5.70800e+16	1.00e+00	2.43e-08	1.02e-16
 5.86083e+16	1.00e+00	1.63e-08	4.69e-17
 6.01669e+16	1.00e+00	1.10e-08	2.17e-17
 6.17329e+16	1.00e+00	7.51e-09	1.03e-17
 6.32990e+16	1.00e+00	5.17e-09	4.93e-18
 6.48650e+16	1.00e+00	3.60e-09	2.41e-18
 6.64311e+16	1.00e+00	2.52e-09	1.20e-18
 6.79971e+16	1.00e+00	1.78e-09	6.05e-19
 6.95635e+16	1.00e+00	1.27e-09	3.10e-19
 7.11302e+16	1.00e+00	9.14e-10	1.61e-19
 7.26968e+16	1.00e+00	6.61e-10	8.49e-20
 7.42633e+16	1.00e+00	4.82e-10	4.54e-20
 7.58298e+16	1.00e+00	3.53e-10	2.45e-20
 7.73963e+16	1.00e+00	2.61e-10	1.35e-20
 7.89627e+16	1.00e+00	1.94e-10	7.47e-21
 8.05291e+16	1.00e+00	1.45e-10	0.00e+00
 8.20954e+16	1.00e+00	1.09e-10	0.00e+00
 8.36617e+16	1.00e+00	8.26e-11	0.00e+00
 8.54630e+16	1.00e+00	5.98e-11	0.00e+00
 8.75299e+16	1.00e+00	4.20e-11	0.00e+00
 8.96273e+16	1.00e+00	2.97e-11	0.00e+00
 9.18530e+16	1.00e+00	2.06e-11	0.00e+00
 9.42418e+16	1.00e+00	1.41e-11	0.00e+00
 9.66886e+16	1.00e+00	9.72e-12	0.00e+00
 9.91591e+16	1.00e+00	6.72e-12	0.00e+00
 1.01629e+17	1.00e+00	4.70e-12	0.00e+00
 1.04099e+17	1.00e+00	3.32e-12	0.00e+00
 1.06689e+17	1.00e+00	2.32e-12	0.00e+00
 1.09437e+17	1.00e+00	1.60e-12	0.00e+00
 1.12252e+17	1.00e+00	1.11e-12	0.00e+00
 1.15094e+17	1.00e+00	7.80e-13	0.00e+00
 1.17936e+17	1.00e+00	5.54e-13	0.00e+00
 1.20778e+17	1.00e+00	4.00e-13	0.00e+00
 1.24047e+17	1.00e+00	2.77e-13	0.00e+00
 1.27993e+17	1.00e+00	1.84e-13	0.00e+00
 1.32186e+17	1.00e+00	1.25e-13	0.00e+00
 1.36338e+17	1.00e+00	8.91e-14	0.00e+00
 1.40473e+17	1.00e+00	6.74e-14	0.00e+00
 1.44671e+17	1.00e+00	5.37e-14	0.00e+00
 1.48937e+17	1.00e+00	4.47e-14	0.00e+00
 1.53230e+17	1.00e+00	3.90e-14	0.00e+00
 1.57513e+17	1.00e+00	3.53e-14	0.00e+00
 1.61773e+17	1.00e+00	3.29e-14	0.00e+00
 1.65996e+17	1.00e+00	3.14e-14	0.00e+00
 1.70155e+17	1.00e+00	3.03e-14	0.00e+00
 1.74232e+17	1.00e+00	2.97e-14	0.00e+00
 1.78210e+17	1.00e+00	2.93e-14	0.00e+00
 1.82071e+17	1.00e+00	2.90e-14	0.00e+00
 1.85801e+17	1.00e+00	2.89e-14	0.00e+00
 1.89391e+17	1.00e+00	2.89e-14	0.00e+00
 1.92831e+17	1.00e+00	2.90e-14	0.00e+00
 1.96116e+17	1.00e+00	2.91e-14	0.00e+00
 1.99244e+17	1.00e+00	2.92e-14	0.00e+00
 2.02217e+17	1.00e+00	2.94e-14	0.00e+00
 2.05034e+17	1.00e+00	2.96e-14	0.00e+00
 2.07704e+17	1.00e+00	2.98e-14	0.00e+00
 2.10230e+17	1.00e+00	3.00e-14	0.00e+00
 2.12619e+17	1.00e+00	3.01e-14	0.00e+00
 2.14876e+17	1.00e+00	3.03e-14	0.00e+00
 2.17008e+17	1.00e+00	3.05e-14	0.00e+00
 2.19021e+17	1.00e+00	3.07e-14	0.00e+00
 2.20922e+17	1.00e+00	3.08e-14	0.00e+00
 2.22720e+17	1.00e+00	3.10e-14	0.00e+00
 2.24419e+17	1.00e+00	3.11e-14	0.00e+00
 2.26025e+17	1.00e+00	3.13e-14	0.00e+00
 2.27543e+17	1.00e+00	3.14e-14	0.00e+00
 2.28979e+17	1.00e+00	3.15e-14	0.00e+00
 2.30337e+17	1.00e+00	3.16e-14	0.00e+00
 2.31624e+17	1.00e+00	3.17e-14	0.00e+00
 2.32842e+17	1.00e+00	3.18e-14	0.00e+00
 2.33996e+17	1.00e+00	3.19e-14	0.00e+00
 2.35090e+17	1.00e+00	3.20e-14	0.00e+00
 2.36126e+17	1.00e+00	3.20e-14	0.00e+00
 2.37110e+17	1.00e+00	3.21e-14	0.00e+00
 2.38044e+17	1.00e+00	3.22e-14	0.00e+00
 2.38930e+17	1.00e+00	3.22e-14	0.00e+00
 2.39773e+17	1.00e+00	3.23e-14	0.00e+00
 2.40573e+17	1.00e+00	3.23e-14	0.00e+00
 2.41334e+17	1.00e+00	3.24e-14	0.00e+00
 2.42058e+17	1.00e+00	3.24e-14	0.00e+00
 2.42747e+17	1.00e+00	3.24e-14	0.00e+00
 2.43404e+17	1.00e+00	3.25e-14	0.00e+00
 2.44031e+17	1.00e+00	3.25e-14	0.00e+00
 2.44628e+17	1.00e+00	3.25e-14	0.00e+00
 2.45198e+17	1.00e+00	3.26e-14	0.00e+00
 2.45743e+17	1.00e+00	3.26e-14	0.00e+00
 2.46264e+17	1.00e+00	3.26e-14	0.00e+00
 2.46763e+17	1.00e+00	3.26e-14	0.00e+00
 2.47241e+17	1.00e+00	3.27e-14	0.00e+00
 2.47700e+17	1.00e+00	3.27e-14	0.00e+00
 2.48140e+17	1.00e+00	3.27e-14	0.00e+00
 2.48564e+17	1.00e+00	3.27e-14	0.00e+00
 2.48972e+17	1.00e+00	3.27e-14	0.00e+00
 2.49366e+17	1.00e+00	3.27e-14	0.00e+00
 2.49747e+17	1.00e+00	3.27e-14	0.00e+00
 2.50117e+17	1.00e+00	3.27e-14	0.00e+00
 2.50475e+17	1.00e+00	3.28e-14	0.00e+00
 2.50824e+17	1.00e+00	3.28e-14	0.00e+00
 2.51165e+17	1.00e+00	3.28e-14	0.00e+00
 2.51499e+17	1.00e+00	3.28e-14	0.00e+00
 2.51827e+17	1.00e+00	3.28e-14	0.00e+00
 2.52151e+17	1.00e+00	3.28e-14	0.00e+00
 2.52472e+17	1.00e+00	3.28e-14	0.00e+00
 2.52791e+17	1.00e+00	3.28e-14	0.00e+00
 2.53111e+17	1.00e+00	3.28e-14	0.00e+00
 2.53434e+17	1.00e+00	3.28e-14	0.00e+00
 2.53761e+17	1.00e+00	3.27e-14	0.00e+00
 2.54096e+17	1.00e+00	3.27e-14	0.00e+00
 2.54442e+17	1.00e+00	3.27e-14	0.00e+00
 2.54803e+17	1.00e+00	3.27e-14	0.00e+00
 2.55183e+17	1.00e+00	3.27e-14	0.00e+00
 2.55590e+17	1.00e+00	3.26e-14	0.00e+00
 2.56032e+17	1.00e+00	3.26e-14	0.00e+00
 2.56521e+17	1.00e+00	3.25e-14	0.00e+00
 2.57073e+17	1.00e+00	3.24e-14	0.00e+00
 2.57710e+17	1.00e+00	3.23e-14	0.00e+00
 2.58466e+17	1.00e+00	3.21e-14	0.00e+00
 2.59392e+17	1.00e+00	3.19e-14	0.00e+00
 2.60563e+17	1.00e+00	3.15e-14	0.00e+00
 2.62079e+17	1.00e+00	3.09e-14	0.00e+00
 2.64049e+17	1.00e+00	3.00e-14	0.00e+00
 2.66611e+17	1.00e+00	2.86e-14	0.00e+00
 2.69941e+17	1.00e+00	2.67e-14	0.00e+00
 2.74270e+17	1.00e+00	2.42e-14	0.00e+00
 2.79898e+17	1.00e+00	2.10e-14	0.00e+00
 2.87214e+17	1.00e+00	1.74e-14	0.00e+00
 2.96724e+17	1.00e+00	1.34e-14	0.00e+00
 3.08142e+17	1.00e+00	9.39e-15	0.00e+00
 3.20468e+17	1.00e+00	7.32e-15	0.00e+00
 3.33286e+17	1.00e+00	6.38e-15	0.00e+00
 3.46618e+17	1.00e+00	5.58e-15	0.00e+00
 3.60483e+17	1.00e+00	4.83e-15	0.00e+00
 3.74902e+17	1.00e+00	4.14e-15	0.00e+00
 3.89207e+17	1.00e+00	3.49e-15	0.00e+00
 4.02354e+17	1.00e+00	3.45e-15	0.00e+00
 4.14094e+17	1.00e+00	3.74e-15	0.00e+00
 4.24850e+17	1.00e+00	3.95e-15	0.00e+00
 4.35067e+17	1.00e+00	3.89e-15	0.00e+00
 4.44773e+17	1.00e+00	3.66e-15	0.00e+00
 4.53681e+17	1.00e+00	3.47e-15	0.00e+00
 4.61565e+17	1.00e+00	3.41e-15	0.00e+00
 4.68495e+17	1.00e+00	3.37e-15	0.00e+00
 4.74620e+17	1.00e+00	3.27e-15	0.00e+00
 4.79456e+17	1.00e+00	3.14e-15	0.00e+00
 4.82583e+17	1.00e+00	3.23e-15	0.00e+00
 4.84430e+17	1.00e+00	3.34e-15	0.00e+00
 4.85530e+17	1.00e+00	3.42e-15	0.00e+00
 4.86190e+17	1.00e+00	3.46e-15	0.00e+00
 4.86616e+17	1.00e+00	3.49e-15	0.00e+00
 4.86972e+17	1.00e+00	3.51e-15	0.00e+00
 4.87346e+17	1.00e+00	3.52e-15	0.00e+00
 4.87742e+17	1.00e+00	3.53e-15	0.00e+00
 4.88116e+17	1.00e+00	3.53e-15	0.00e+00
 4.88433e+17	1.00e+00	3.53e-15	0.00e+00
 4.88721e+17	1.00e+00	3.53e-15	0.00e+00
 4.89011e+17	1.00e+00	3.53e-15	0.00e+00
 4.89292e+17	1.00e+00	3.53e-15	0.00e+00
 4.89548e+17	1.00e+00	3.52e-15	0.00e+00
 4.89786e+17	1.00e+00	3.51e-15	0.00e+00
 4.90015e+17	1.00e+00	3.51e-15	0.00e+00
 4.90235e+17	1.00e+00	3.50e-15	0.00e+00
 4.90448e+17	1.00e+00	3.49e-15	0.00e+00
 4.90647e+17	1.00e+00	3.48e-15	0.00e+00
 4.90834e+17	1.00e+00	3.48e-15	0.00e+00
 4.91012e+17	1.00e+00	3.47e-15	0.00e+00
 4.91187e+17	1.00e+00	3.46e-15	0.00e+00
 4.91360e+17	1.00e+00	3.45e-15	0.00e+00
 4.91529e+17	1.00e+00	3.44e-15	0.00e+00
 4.91688e+17	1.00e+00	3.43e-15	0.00e+00
 4.91840e+17	1.00e+00	3.42e-15	0.00e+00
 4.91989e+17	1.00e+00	3.41e-15	0.00e+00
 4.92135e+17	1.00e+00	3.40e-15	0.00e+00
 4.92278e+17	1.00e+00	3.39e-15	0.00e+00
 4.92419e+17	1.00e+00	3.38e-15	0.00e+00
 4.92559e+17	1.00e+00	3.37e-15	0.00e+00
 4.92692e+17	1.00e+00	3.36e-15	0.00e+00
 4.92821e+17	1.00e+00	3.35e-15	0.00e+00
 4.92957e+17	1.00e+00	3.34e-15	0.00e+00
 4.93098e+17	1.00e+00	3.32e-15	0.00e+00
 4.93233e+17	1.00e+00	3.31e-15	0.00e+00
 4.93363e+17	1.00e+00	3.30e-15	0.00e+00
 4.93492e+17	1.00e+00	3.29e-15	0.00e+00
 4.93630e+17	1.00e+00	3.28e-15	0.00e+00
 4.93773e+17	1.00e+00	3.26e-15	0.00e+00
 4.93908e+17	1.00e+00	3.24e-15	0.00e+00
 4.94043e+17	1.00e+00	3.23e-15	0.00e+00
 4.94182e+17	1.00e+00	3.21e-15	0.00e+00
 4.94324e+17	1.00e+00	3.20e-15	0.00e+00
 4.94469e+17	1.00e+00	3.18e-15	0.00e+00
 4.94611e+17	1.00e+00	3.17e-15	0.00e+00
 4.94762e+17	1.00e+00	3.15e-15	0.00e+00
 4.94933e+17	1.00e+00	3.13e-15	0.00e+00
 4.95106e+17	1.00e+00	3.11e-15	0.00e+00
 4.95256e+17	1.00e+00	3.09e-15	0.00e+00
 4.95404e+17	1.00e+00	3.07e-15	0.00e+00
 4.95572e+17	1.00e+00	3.05e-15	0.00e+00
 4.95754e+17	1.00e+00	3.03e-15	0.00e+00
 4.95933e+17	1.00e+00	3.01e-15	0.00e+00
 4.96100e+17	1.00e+00	2.98e-15	0.00e+00
 4.96274e+17	1.00e+00	2.96e-15	0.00e+00
 4.96466e+17	1.00e+00	2.94e-15	0.00e+00
 4.96665e+17	1.00e+00	2.91e-15	0.00e+00
 4.96864e+17	1.00e+00	2.88e-15	0.00e+00
 4.97063e+17	1.00e+00	2.86e-15	0.00e+00
 4.97267e+17	1.00e+00	2.83e-15	0.00e+00
 4.97483e+17	1.00e+00	2.80e-15	0.00e+00
 4.97706e+17	1.00e+00	2.77e-15	0.00e+00
 4.97932e+17	1.00e+00	2.74e-15	0.00e+00
 4.98161e+17	1.00e+00	2.71e-15	0.00e+00
 4.98394e+17	1.00e+00	2.67e-15	0.00e+00
 4.98635e+17	1.00e+00	2.64e-15	0.00e+00
 4.98876e+17	1.00e+00	2.61e-15	0.00e+00
 4.99137e+17	1.00e+00	2.57e-15	0.00e+00
 4.99416e+17	1.00e+00	2.53e-15	0.00e+00
 4.99688e+17	1.00e+00	2.49e-15	0.00e+00
 4.99957e+17	1.00e+00	2.45e-15	0.00e+00
 5.00232e+17	1.00e+00	2.41e-15	0.00e+00
 5.00522e+17	1.00e+00	2.37e-15	0.00e+00
 5.00835e+17	1.00e+00	2.33e-15	0.00e+00
 5.01153e+17	1.00e+00	2.28e-15	0.00e+00
 5.01458e+17	1.00e+00	2.23e-15	0.00e+00
 5.01758e+17	1.00e+00	2.19e-15	0.00e+00
 5.02091e+17	1.00e+00	2.15e-15	0.00e+00
 5.02456e+17	1.00e+00	2.10e-15	0.00e+00
 5.02820e+17	1.00e+00	2.04e-15	0.00e+00
 5.03169e+17	1.00e+00	1.99e-15	0.00e+00
 5.03512e+17	1.00e+00	1.94e-15	0.00e+00
 5.03871e+17	1.00e+00	1.90e-15	0.00e+00
 5.04259e+17	1.00e+00	1.84e-15	0.00e+00
 5.04663e+17	1.00e+00	1.79e-15	0.00e+00
 5.05061e+17	1.00e+00	1.73e-15	0.00e+00
 5.05454e+17	1.00e+00	1.68e-15	0.00e+00
 5.05862e+17	1.00e+00	1.63e-15	0.00e+00
 5.06292e+17	1.00e+00	1.57e-15	0.00e+00
 5.06728e+17	1.00e+00	1.52e-15	0.00e+00
 5.07171e+17	1.00e+00	1.46e-15	0.00e+00
 5.07621e+17	1.00e+00	1.41e-15	0.00e+00
 5.08082e+17	1.00e+00	1.35e-15	0.00e+00
 5.08552e+17	1.00e+00	1.30e-15	0.00e+00
 5.09036e+17	1.00e+00	1.24e-15	0.00e+00
 5.09534e+17	1.00e+00	1.18e-15	0.00e+00
 5.10029e+17	1.00e+00	1.13e-15	0.00e+00
 5.10526e+17	1.00e+00	1.08e-15	0.00e+00
 5.11059e+17	1.00e+00	1.02e-15	0.00e+00
 5.11622e+17	1.00e+00	9.66e-16	0.00e+00
 5.12173e+17	1.00e+00	9.12e-16	0.00e+00
 5.12719e+17	1.00e+00	8.62e-16	0.00e+00
 5.13292e+17	1.00e+00	8.12e-16	0.00e+00
 5.13906e+17	1.00e+00	7.60e-16	0.00e+00
 5.14531e+17	1.00e+00	7.09e-16	0.00e+00
 5.15157e+17	1.00e+00	6.61e-16	0.00e+00
 5.15805e+17	1.00e+00	6.14e-16	0.00e+00
 5.16459e+17	1.00e+00	5.68e-16	0.00e+00
 5.17061e+17	1.00e+00	5.25e-16	0.00e+00
 5.17582e+17	1.00e+00	4.91e-16	0.00e+00
 5.18047e+17	1.00e+00	4.63e-16	0.00e+00
 5.18491e+17	1.00e+00	4.38e-16	0.00e+00
 5.18928e+17	1.00e+00	4.14e-16	0.00e+00
 5.19349e+17	1.00e+00	3.92e-16	0.00e+00
 5.19744e+17	1.00e+00	3.71e-16	0.00e+00
 5.20115e+17	1.00e+00	3.53e-16	0.00e+00
 5.20471e+17	1.00e+00	3.37e-16	0.00e+00
 5.20816e+17	1.00e+00	3.21e-16	0.00e+00
 5.21150e+17	1.00e+00	3.06e-16	0.00e+00
 5.21471e+17	1.00e+00	2.92e-16	0.00e+00
 5.21778e+17	1.00e+00	2.80e-16	0.00e+00
 5.22073e+17	1.00e+00	2.68e-16	0.00e+00
 5.22359e+17	1.00e+00	2.57e-16	0.00e+00
 5.22635e+17	1.00e+00	2.46e-16	0.00e+00
 5.22902e+17	1.00e+00	2.36e-16	0.00e+00
 5.23159e+17	1.00e+00	2.27e-16	0.00e+00
 5.23408e+17	1.00e+00	2.18e-16	0.00e+00
 5.23649e+17	1.00e+00	2.09e-16	0.00e+00
 5.23883e+17	1.00e+00	2.02e-16	0.00e+00
 5.24108e+17	1.00e+00	1.94e-16	0.00e+00
 5.24325e+17	1.00e+00	1.87e-16	0.00e+00
 5.24537e+17	1.00e+00	1.80e-16	0.00e+00
 5.24744e+17	1.00e+00	1.74e-16	0.00e+00
 5.24946e+17	1.00e+00	1.68e-16	0.00e+00
 5.25145e+17	1.00e+00	1.62e-16	0.00e+00
 5.25339e+17	1.00e+00	1.57e-16	0.00e+00
 5.25527e+17	1.00e+00	1.51e-16	0.00e+00
 5.25710e+17	1.00e+00	1.47e-16	0.00e+00
 5.25890e+17	1.00e+00	1.42e-16	0.00e+00
 5.26095e+17	1.00e+00	1.37e-16	0.00e+00
 5.26362e+17	1.00e+00	1.32e-16	0.00e+00
 5.26709e+17	1.00e+00	1.24e-16	0.00e+00
 5.27160e+17	1.00e+00	1.15e-16	0.00e+00
 5.27747e+17	1.00e+00	1.04e-16	0.00e+00
 5.28509e+17	1.00e+00	9.19e-17	0.00e+00
 5.29396e+17	1.00e+00	7.75e-17	0.00e+00
 5.30210e+17	1.00e+00	6.47e-17	0.00e+00
 5.30840e+17	1.00e+00	5.60e-17	0.00e+00
 5.31355e+17	1.00e+00	5.02e-17	0.00e+00
 5.31868e+17	1.00e+00	4.54e-17	0.00e+00
 5.32438e+17	1.00e+00	4.07e-17	0.00e+00
 5.33041e+17	1.00e+00	3.60e-17	0.00e+00
 5.33631e+17	1.00e+00	3.18e-17	0.00e+00
 5.34192e+17	1.00e+00	2.82e-17	0.00e+00
