#depth	C	C+	C+2	C+3	C+4	C+5	C+6	C[1]	C[2]	C[3]	C+[1]	C+[2]	CO
 1.49634e+10	0.00e+00	1.67e-31	2.83e-21	1.06e-11	1.08e-01	8.90e-01	1.67e-03	0.00e+00	0.00e+00	0.00e+00	0.00e+00	0.00e+00	2.36e-163
 4.54887e+10	9.99e-43	2.27e-31	3.54e-21	1.22e-11	1.16e-01	8.83e-01	1.53e-03	0.00e+00	0.00e+00	0.00e+00	0.00e+00	0.00e+00	2.11e-206
 7.72350e+10	0.00e+00	3.09e-31	4.46e-21	1.42e-11	1.24e-01	8.74e-01	1.40e-03	0.00e+00	0.00e+00	0.00e+00	0.00e+00	0.00e+00	2.89e-162
 1.10251e+11	2.17e-42	4.20e-31	5.61e-21	1.65e-11	1.34e-01	8.65e-01	1.28e-03	0.00e+00	0.00e+00	0.00e+00	0.00e+00	0.00e+00	1.37e-205
 1.44588e+11	0.00e+00	5.72e-31	7.05e-21	1.92e-11	1.43e-01	8.56e-01	1.17e-03	0.00e+00	0.00e+00	0.00e+00	0.00e+00	0.00e+00	3.53e-161
 1.80298e+11	4.72e-42	7.79e-31	8.87e-21	2.23e-11	1.54e-01	8.45e-01	1.06e-03	0.00e+00	0.00e+00	0.00e+00	0.00e+00	0.00e+00	8.86e-205
 2.17437e+11	0.00e+00	1.06e-30	1.12e-20	2.58e-11	1.65e-01	8.34e-01	9.70e-04	0.00e+00	0.00e+00	0.00e+00	0.00e+00	0.00e+00	4.33e-160
 2.56061e+11	1.02e-41	1.44e-30	1.40e-20	3.00e-11	1.76e-01	8.23e-01	8.83e-04	0.00e+00	0.00e+00	0.00e+00	0.00e+00	0.00e+00	5.73e-204
 2.96231e+11	0.00e+00	1.96e-30	1.76e-20	3.47e-11	1.89e-01	8.11e-01	8.03e-04	0.00e+00	0.00e+00	0.00e+00	0.00e+00	0.00e+00	5.31e-159
 3.34483e+11	2.15e-41	2.59e-30	2.16e-20	3.97e-11	2.00e-01	7.99e-01	7.36e-04	0.00e+00	0.00e+00	0.00e+00	0.00e+00	0.00e+00	3.76e-203
 3.69426e+11	0.00e+00	3.32e-30	2.60e-20	4.47e-11	2.12e-01	7.88e-01	6.80e-04	0.00e+00	0.00e+00	0.00e+00	0.00e+00	0.00e+00	4.63e-158
 4.08916e+11	4.14e-41	4.37e-30	3.18e-20	5.10e-11	2.24e-01	7.75e-01	6.23e-04	0.00e+00	0.00e+00	0.00e+00	0.00e+00	0.00e+00	1.87e-202
 4.54824e+11	0.00e+00	5.90e-30	3.98e-20	5.88e-11	2.39e-01	7.60e-01	5.65e-04	0.00e+00	0.00e+00	0.00e+00	0.00e+00	0.00e+00	4.89e-157
 5.00141e+11	8.70e-41	7.86e-30	4.91e-20	6.73e-11	2.54e-01	7.46e-01	5.13e-04	0.00e+00	0.00e+00	0.00e+00	0.00e+00	0.00e+00	1.06e-201
 5.43391e+11	0.00e+00	1.02e-29	5.97e-20	7.62e-11	2.68e-01	7.32e-01	4.69e-04	0.00e+00	0.00e+00	0.00e+00	0.00e+00	0.00e+00	4.76e-156
 5.91175e+11	1.74e-40	1.36e-29	7.35e-20	8.71e-11	2.84e-01	7.16e-01	4.26e-04	0.00e+00	0.00e+00	0.00e+00	0.00e+00	0.00e+00	5.70e-201
 6.44748e+11	0.00e+00	1.84e-29	9.18e-20	1.00e-10	3.01e-01	6.98e-01	3.83e-04	0.00e+00	0.00e+00	0.00e+00	0.00e+00	0.00e+00	5.36e-155
 6.97464e+11	3.66e-40	2.44e-29	1.13e-19	1.14e-10	3.18e-01	6.81e-01	3.46e-04	0.00e+00	0.00e+00	0.00e+00	0.00e+00	0.00e+00	3.37e-200
 7.52289e+11	0.00e+00	3.26e-29	1.40e-19	1.31e-10	3.37e-01	6.63e-01	3.12e-04	0.00e+00	0.00e+00	0.00e+00	0.00e+00	0.00e+00	5.81e-154
 8.12307e+11	7.71e-40	4.40e-29	1.74e-19	1.50e-10	3.56e-01	6.44e-01	2.79e-04	0.00e+00	0.00e+00	0.00e+00	0.00e+00	0.00e+00	1.88e-199
 8.72429e+11	0.00e+00	5.87e-29	2.15e-19	1.71e-10	3.75e-01	6.24e-01	2.50e-04	0.00e+00	0.00e+00	0.00e+00	0.00e+00	0.00e+00	6.88e-153
 9.34955e+11	1.61e-39	7.84e-29	2.65e-19	1.95e-10	3.96e-01	6.04e-01	2.24e-04	0.00e+00	0.00e+00	0.00e+00	0.00e+00	0.00e+00	1.18e-198
 1.00228e+12	0.00e+00	1.06e-28	3.30e-19	2.23e-10	4.17e-01	5.83e-01	1.99e-04	0.00e+00	0.00e+00	0.00e+00	0.00e+00	0.00e+00	8.17e-152
 1.07230e+12	3.43e-39	1.42e-28	4.09e-19	2.55e-10	4.38e-01	5.62e-01	1.76e-04	0.00e+00	0.00e+00	0.00e+00	0.00e+00	0.00e+00	7.22e-198
 1.14512e+12	0.00e+00	1.91e-28	5.07e-19	2.91e-10	4.60e-01	5.40e-01	1.56e-04	0.00e+00	0.00e+00	0.00e+00	0.00e+00	0.00e+00	1.02e-150
 1.22085e+12	7.31e-39	2.57e-28	6.28e-19	3.31e-10	4.82e-01	5.18e-01	1.38e-04	0.00e+00	0.00e+00	0.00e+00	0.00e+00	0.00e+00	5.29e-197
 1.29961e+12	0.00e+00	3.44e-28	7.76e-19	3.77e-10	5.05e-01	4.95e-01	1.21e-04	0.00e+00	0.00e+00	0.00e+00	0.00e+00	0.00e+00	1.26e-149
 1.38152e+12	1.55e-38	4.61e-28	9.59e-19	4.28e-10	5.27e-01	4.73e-01	1.06e-04	0.00e+00	0.00e+00	0.00e+00	0.00e+00	0.00e+00	0.00e+00
 1.46671e+12	0.00e+00	6.18e-28	1.18e-18	4.86e-10	5.49e-01	4.50e-01	9.32e-05	0.00e+00	0.00e+00	0.00e+00	0.00e+00	0.00e+00	1.58e-148
 1.55530e+12	3.28e-38	8.26e-28	1.46e-18	5.50e-10	5.72e-01	4.28e-01	8.15e-05	0.00e+00	0.00e+00	0.00e+00	0.00e+00	0.00e+00	2.44e-195
 1.64744e+12	0.00e+00	1.10e-27	1.79e-18	6.22e-10	5.94e-01	4.06e-01	7.10e-05	0.00e+00	0.00e+00	0.00e+00	0.00e+00	0.00e+00	1.97e-147
 1.74327e+12	6.91e-38	1.47e-27	2.21e-18	7.02e-10	6.16e-01	3.84e-01	6.17e-05	0.00e+00	0.00e+00	0.00e+00	0.00e+00	0.00e+00	2.75e-195
 1.84292e+12	0.00e+00	1.96e-27	2.71e-18	7.91e-10	6.37e-01	3.63e-01	5.35e-05	0.00e+00	0.00e+00	0.00e+00	0.00e+00	0.00e+00	2.46e-146
 1.93994e+12	1.42e-37	2.57e-27	3.28e-18	8.84e-10	6.57e-01	3.43e-01	4.67e-05	0.00e+00	0.00e+00	0.00e+00	0.00e+00	0.00e+00	0.00e+00
 2.03182e+12	0.00e+00	3.28e-27	3.90e-18	9.77e-10	6.74e-01	3.26e-01	4.12e-05	0.00e+00	0.00e+00	0.00e+00	0.00e+00	0.00e+00	2.36e-145
 2.13400e+12	2.74e-37	4.26e-27	4.70e-18	1.09e-09	6.93e-01	3.07e-01	3.58e-05	0.00e+00	0.00e+00	0.00e+00	0.00e+00	0.00e+00	0.00e+00
 2.24928e+12	0.00e+00	5.66e-27	5.75e-18	1.22e-09	7.12e-01	2.88e-01	3.08e-05	0.00e+00	0.00e+00	0.00e+00	0.00e+00	0.00e+00	2.68e-144
 2.36405e+12	5.62e-37	7.43e-27	6.96e-18	1.36e-09	7.30e-01	2.69e-01	2.66e-05	0.00e+00	0.00e+00	0.00e+00	0.00e+00	0.00e+00	1.05e-191
 2.48340e+12	0.00e+00	9.73e-27	8.43e-18	1.51e-09	7.48e-01	2.52e-01	2.29e-05	0.00e+00	0.00e+00	0.00e+00	0.00e+00	0.00e+00	3.02e-143
 2.61266e+12	1.15e-36	1.29e-26	1.03e-17	1.69e-09	7.65e-01	2.35e-01	1.95e-05	0.00e+00	0.00e+00	0.00e+00	0.00e+00	0.00e+00	0.00e+00
 2.74430e+12	0.00e+00	1.70e-26	1.25e-17	1.88e-09	7.81e-01	2.19e-01	1.67e-05	0.00e+00	0.00e+00	0.00e+00	0.00e+00	0.00e+00	3.69e-142
 2.88121e+12	2.36e-36	2.23e-26	1.51e-17	2.09e-09	7.97e-01	2.03e-01	1.42e-05	0.00e+00	0.00e+00	0.00e+00	0.00e+00	0.00e+00	0.00e+00
 3.02638e+12	0.00e+00	2.95e-26	1.84e-17	2.33e-09	8.12e-01	1.88e-01	1.20e-05	0.00e+00	0.00e+00	0.00e+00	0.00e+00	0.00e+00	4.51e-141
 3.17737e+12	4.88e-36	3.89e-26	2.24e-17	2.60e-09	8.26e-01	1.74e-01	1.02e-05	0.00e+00	0.00e+00	0.00e+00	0.00e+00	0.00e+00	1.26e-200
 3.33439e+12	0.00e+00	5.14e-26	2.72e-17	2.89e-09	8.39e-01	1.61e-01	8.61e-06	0.00e+00	0.00e+00	0.00e+00	0.00e+00	0.00e+00	5.63e-140
 3.49769e+12	1.01e-35	6.77e-26	3.30e-17	3.20e-09	8.52e-01	1.48e-01	7.26e-06	0.00e+00	0.00e+00	0.00e+00	0.00e+00	0.00e+00	0.00e+00
 3.64848e+12	0.00e+00	8.66e-26	3.92e-17	3.52e-09	8.62e-01	1.38e-01	6.23e-06	0.00e+00	0.00e+00	0.00e+00	0.00e+00	0.00e+00	6.13e-139
 3.77899e+12	1.82e-35	1.06e-25	4.52e-17	3.80e-09	8.70e-01	1.30e-01	5.47e-06	0.00e+00	0.00e+00	0.00e+00	0.00e+00	0.00e+00	0.00e+00
 3.92384e+12	0.00e+00	1.33e-25	5.28e-17	4.13e-09	8.79e-01	1.21e-01	4.75e-06	0.00e+00	0.00e+00	0.00e+00	0.00e+00	0.00e+00	4.30e-138
 4.10079e+12	3.42e-35	1.72e-25	6.34e-17	4.55e-09	8.88e-01	1.12e-01	4.02e-06	0.00e+00	0.00e+00	0.00e+00	0.00e+00	0.00e+00	1.13e-210
 4.28128e+12	0.00e+00	2.22e-25	7.58e-17	5.01e-09	8.97e-01	1.03e-01	3.41e-06	0.00e+00	0.00e+00	0.00e+00	0.00e+00	0.00e+00	4.60e-137
 4.44596e+12	6.42e-35	2.78e-25	8.87e-17	5.45e-09	9.04e-01	9.61e-02	2.94e-06	0.00e+00	0.00e+00	0.00e+00	0.00e+00	0.00e+00	4.40e-99
 4.62828e+12	8.79e-35	3.53e-25	1.05e-16	5.96e-09	9.11e-01	8.90e-02	2.51e-06	0.00e+00	0.00e+00	0.00e+00	0.00e+00	0.00e+00	0.00e+00
 4.84092e+12	1.25e-34	4.63e-25	1.27e-16	6.59e-09	9.18e-01	8.15e-02	2.10e-06	0.00e+00	0.00e+00	0.00e+00	0.00e+00	0.00e+00	4.96e-117
 5.05030e+12	1.75e-34	5.97e-25	1.52e-16	7.24e-09	9.25e-01	7.49e-02	1.77e-06	0.00e+00	0.00e+00	0.00e+00	0.00e+00	0.00e+00	5.49e-98
 5.24828e+12	2.37e-34	7.53e-25	1.79e-16	7.89e-09	9.31e-01	6.94e-02	1.51e-06	0.00e+00	0.00e+00	0.00e+00	0.00e+00	0.00e+00	0.00e+00
 5.46837e+12	3.28e-34	9.66e-25	2.13e-16	8.66e-09	9.36e-01	6.38e-02	1.28e-06	0.00e+00	0.00e+00	0.00e+00	0.00e+00	0.00e+00	9.39e-116
 5.71703e+12	4.67e-34	1.26e-24	2.58e-16	9.57e-09	9.42e-01	5.82e-02	1.06e-06	0.00e+00	0.00e+00	0.00e+00	0.00e+00	0.00e+00	6.48e-97
 5.96735e+12	6.57e-34	1.64e-24	3.10e-16	1.06e-08	9.47e-01	5.33e-02	8.85e-07	0.00e+00	0.00e+00	0.00e+00	0.00e+00	0.00e+00	7.84e-115
 6.22768e+12	9.23e-34	2.13e-24	3.72e-16	1.16e-08	9.51e-01	4.87e-02	0.00e+00	0.00e+00	0.00e+00	0.00e+00	0.00e+00	0.00e+00	3.56e-96
 6.50671e+12	1.31e-33	2.78e-24	4.50e-16	1.29e-08	9.56e-01	4.43e-02	0.00e+00	0.00e+00	0.00e+00	0.00e+00	0.00e+00	0.00e+00	6.47e-114
 6.79691e+12	1.85e-33	3.63e-24	5.44e-16	1.42e-08	9.60e-01	4.04e-02	0.00e+00	0.00e+00	0.00e+00	0.00e+00	0.00e+00	0.00e+00	2.02e-95
 7.09871e+12	2.62e-33	4.73e-24	6.58e-16	1.57e-08	9.63e-01	3.67e-02	0.00e+00	0.00e+00	0.00e+00	0.00e+00	0.00e+00	0.00e+00	5.43e-113
 7.41259e+12	3.70e-33	6.16e-24	7.95e-16	1.74e-08	9.67e-01	3.34e-02	0.00e+00	0.00e+00	0.00e+00	0.00e+00	0.00e+00	0.00e+00	1.12e-94
 7.73902e+12	5.21e-33	8.02e-24	9.60e-16	1.92e-08	9.70e-01	3.04e-02	0.00e+00	0.00e+00	0.00e+00	0.00e+00	0.00e+00	0.00e+00	4.47e-112
 8.07851e+12	7.33e-33	1.04e-23	1.16e-15	2.12e-08	9.72e-01	2.76e-02	0.00e+00	0.00e+00	0.00e+00	0.00e+00	0.00e+00	0.00e+00	6.08e-94
 8.43157e+12	1.03e-32	1.35e-23	1.40e-15	2.34e-08	9.75e-01	2.51e-02	0.00e+00	0.00e+00	0.00e+00	0.00e+00	0.00e+00	0.00e+00	3.61e-111
 8.79120e+12	1.43e-32	1.74e-23	1.68e-15	2.58e-08	9.77e-01	2.28e-02	0.00e+00	0.00e+00	0.00e+00	0.00e+00	0.00e+00	0.00e+00	3.14e-93
 9.16521e+12	1.98e-32	2.24e-23	2.02e-15	2.85e-08	9.79e-01	2.07e-02	0.00e+00	0.00e+00	0.00e+00	0.00e+00	0.00e+00	0.00e+00	2.73e-110
 9.54074e+12	2.71e-32	2.86e-23	2.41e-15	3.13e-08	9.81e-01	1.89e-02	0.00e+00	0.00e+00	0.00e+00	0.00e+00	0.00e+00	0.00e+00	1.51e-92
 9.89975e+12	3.61e-32	3.57e-23	2.84e-15	3.42e-08	9.83e-01	1.74e-02	0.00e+00	0.00e+00	0.00e+00	0.00e+00	0.00e+00	0.00e+00	1.76e-109
 1.02941e+13	4.88e-32	4.51e-23	3.37e-15	3.75e-08	9.84e-01	1.59e-02	0.00e+00	0.00e+00	0.00e+00	0.00e+00	0.00e+00	0.00e+00	6.39e-92
 1.07214e+13	6.66e-32	5.76e-23	4.03e-15	4.13e-08	9.86e-01	1.45e-02	0.00e+00	0.00e+00	0.00e+00	0.00e+00	0.00e+00	0.00e+00	1.19e-108
 1.11165e+13	8.78e-32	7.14e-23	4.72e-15	4.50e-08	9.87e-01	1.33e-02	0.00e+00	0.00e+00	0.00e+00	0.00e+00	0.00e+00	0.00e+00	2.69e-91
 1.15405e+13	1.17e-31	8.91e-23	5.56e-15	4.92e-08	9.88e-01	1.22e-02	0.00e+00	0.00e+00	0.00e+00	0.00e+00	0.00e+00	0.00e+00	6.88e-108
 1.20156e+13	1.58e-31	1.13e-22	6.64e-15	5.41e-08	9.89e-01	1.11e-02	0.00e+00	0.00e+00	0.00e+00	0.00e+00	0.00e+00	0.00e+00	1.14e-90
 1.24661e+13	2.08e-31	1.40e-22	7.79e-15	5.91e-08	9.90e-01	1.02e-02	0.00e+00	0.00e+00	0.00e+00	0.00e+00	0.00e+00	0.00e+00	4.28e-107
 1.29497e+13	2.76e-31	1.75e-22	9.19e-15	6.46e-08	9.91e-01	9.32e-03	0.00e+00	0.00e+00	0.00e+00	0.00e+00	0.00e+00	0.00e+00	4.48e-90
 1.34977e+13	3.75e-31	2.22e-22	1.10e-14	7.13e-08	9.92e-01	8.47e-03	0.00e+00	0.00e+00	0.00e+00	0.00e+00	0.00e+00	0.00e+00	2.78e-106
 1.40345e+13	4.99e-31	2.78e-22	1.30e-14	7.82e-08	9.92e-01	7.73e-03	0.00e+00	0.00e+00	0.00e+00	0.00e+00	0.00e+00	0.00e+00	1.92e-89
 1.44947e+13	6.32e-31	3.35e-22	1.50e-14	8.43e-08	9.93e-01	7.17e-03	0.00e+00	0.00e+00	0.00e+00	0.00e+00	0.00e+00	0.00e+00	1.47e-105
 1.48950e+13	7.70e-31	3.91e-22	1.68e-14	8.99e-08	9.93e-01	6.74e-03	0.00e+00	0.00e+00	0.00e+00	0.00e+00	0.00e+00	0.00e+00	5.63e-89
 1.53498e+13	9.57e-31	4.64e-22	1.91e-14	9.64e-08	9.94e-01	6.29e-03	0.00e+00	0.00e+00	0.00e+00	0.00e+00	0.00e+00	0.00e+00	5.64e-105
 1.59339e+13	1.25e-30	5.74e-22	2.24e-14	1.05e-07	9.94e-01	5.77e-03	0.00e+00	0.00e+00	0.00e+00	0.00e+00	0.00e+00	0.00e+00	1.90e-88
 1.65385e+13	1.63e-30	7.08e-22	2.62e-14	1.15e-07	9.95e-01	5.30e-03	0.00e+00	0.00e+00	0.00e+00	0.00e+00	0.00e+00	0.00e+00	3.21e-104
 1.70539e+13	2.04e-30	8.42e-22	2.98e-14	1.23e-07	9.95e-01	4.94e-03	0.00e+00	0.00e+00	0.00e+00	0.00e+00	0.00e+00	0.00e+00	6.44e-88
 1.76010e+13	2.55e-30	1.01e-21	3.40e-14	1.32e-07	9.95e-01	4.60e-03	0.00e+00	0.00e+00	0.00e+00	0.00e+00	0.00e+00	0.00e+00	1.38e-103
 1.82834e+13	3.35e-30	1.24e-21	3.99e-14	1.44e-07	9.96e-01	4.22e-03	0.00e+00	0.00e+00	0.00e+00	0.00e+00	0.00e+00	0.00e+00	2.28e-87
 1.89827e+13	4.37e-30	1.53e-21	4.66e-14	1.57e-07	9.96e-01	3.88e-03	0.00e+00	0.00e+00	0.00e+00	0.00e+00	0.00e+00	0.00e+00	8.10e-103
 1.96024e+13	5.50e-30	1.84e-21	5.32e-14	1.69e-07	9.96e-01	3.61e-03	0.00e+00	0.00e+00	0.00e+00	0.00e+00	0.00e+00	0.00e+00	8.16e-87
 2.02779e+13	7.00e-30	2.22e-21	6.12e-14	1.82e-07	9.97e-01	3.35e-03	0.00e+00	0.00e+00	0.00e+00	0.00e+00	0.00e+00	0.00e+00	3.85e-102
 2.10878e+13	9.25e-30	2.76e-21	7.18e-14	1.99e-07	9.97e-01	3.07e-03	0.00e+00	0.00e+00	0.00e+00	0.00e+00	0.00e+00	0.00e+00	3.16e-86
 2.19067e+13	1.22e-29	3.42e-21	8.40e-14	2.17e-07	9.97e-01	2.82e-03	0.00e+00	0.00e+00	0.00e+00	0.00e+00	0.00e+00	0.00e+00	2.39e-101
 2.26750e+13	1.56e-29	4.15e-21	9.66e-14	2.34e-07	9.97e-01	2.62e-03	0.00e+00	0.00e+00	0.00e+00	0.00e+00	0.00e+00	0.00e+00	1.23e-85
 2.35286e+13	2.03e-29	5.10e-21	1.12e-13	2.53e-07	9.98e-01	2.42e-03	0.00e+00	0.00e+00	0.00e+00	0.00e+00	0.00e+00	0.00e+00	1.32e-100
 2.44996e+13	2.72e-29	6.40e-21	1.32e-13	2.76e-07	9.98e-01	2.21e-03	0.00e+00	0.00e+00	0.00e+00	0.00e+00	0.00e+00	0.00e+00	5.42e-85
 2.54820e+13	3.61e-29	7.98e-21	1.55e-13	3.01e-07	9.98e-01	2.03e-03	0.00e+00	0.00e+00	0.00e+00	0.00e+00	0.00e+00	0.00e+00	8.95e-100
 2.65036e+13	4.82e-29	9.96e-21	1.81e-13	3.27e-07	9.98e-01	1.87e-03	0.00e+00	0.00e+00	0.00e+00	0.00e+00	0.00e+00	0.00e+00	2.50e-84
 2.75936e+13	6.48e-29	1.25e-20	2.13e-13	3.56e-07	9.98e-01	1.72e-03	0.00e+00	0.00e+00	0.00e+00	0.00e+00	0.00e+00	0.00e+00	6.21e-99
 2.87273e+13	8.71e-29	1.57e-20	2.50e-13	3.88e-07	9.98e-01	1.58e-03	0.00e+00	0.00e+00	0.00e+00	0.00e+00	0.00e+00	0.00e+00	1.23e-83
 2.98697e+13	1.16e-28	1.96e-20	2.93e-13	4.21e-07	9.99e-01	1.46e-03	0.00e+00	0.00e+00	0.00e+00	0.00e+00	0.00e+00	0.00e+00	4.32e-98
 3.10579e+13	1.55e-28	2.45e-20	3.42e-13	4.56e-07	9.99e-01	1.34e-03	0.00e+00	0.00e+00	0.00e+00	0.00e+00	0.00e+00	0.00e+00	5.85e-83
 3.23301e+13	2.10e-28	3.08e-20	4.01e-13	4.96e-07	9.99e-01	1.24e-03	0.00e+00	0.00e+00	0.00e+00	0.00e+00	0.00e+00	0.00e+00	3.03e-97
 3.36532e+13	2.83e-28	3.88e-20	4.70e-13	5.39e-07	9.99e-01	1.14e-03	0.00e+00	0.00e+00	0.00e+00	0.00e+00	0.00e+00	0.00e+00	2.98e-82
 3.50293e+13	3.83e-28	4.88e-20	5.51e-13	5.85e-07	9.99e-01	1.05e-03	0.00e+00	0.00e+00	0.00e+00	0.00e+00	0.00e+00	0.00e+00	2.21e-96
 3.64604e+13	5.18e-28	6.15e-20	6.46e-13	6.35e-07	9.99e-01	9.66e-04	0.00e+00	0.00e+00	0.00e+00	0.00e+00	0.00e+00	0.00e+00	1.55e-81
 3.78077e+13	6.82e-28	7.58e-20	7.47e-13	6.84e-07	9.99e-01	8.97e-04	0.00e+00	0.00e+00	0.00e+00	0.00e+00	0.00e+00	0.00e+00	1.49e-95
 3.90208e+13	8.67e-28	9.10e-20	8.46e-13	7.30e-07	9.99e-01	8.41e-04	0.00e+00	0.00e+00	0.00e+00	0.00e+00	0.00e+00	0.00e+00	6.30e-81
 4.03899e+13	1.13e-27	1.11e-19	9.70e-13	7.82e-07	9.99e-01	7.84e-04	0.00e+00	0.00e+00	0.00e+00	0.00e+00	0.00e+00	0.00e+00	7.77e-95
 4.20020e+13	1.52e-27	1.39e-19	1.13e-12	8.47e-07	9.99e-01	7.24e-04	0.00e+00	0.00e+00	0.00e+00	0.00e+00	0.00e+00	0.00e+00	2.91e-80
 4.36311e+13	2.03e-27	1.74e-19	1.32e-12	9.15e-07	9.99e-01	6.71e-04	0.00e+00	0.00e+00	0.00e+00	0.00e+00	0.00e+00	0.00e+00	5.40e-94
 4.53253e+13	2.71e-27	2.16e-19	1.53e-12	9.89e-07	9.99e-01	6.20e-04	0.00e+00	0.00e+00	0.00e+00	0.00e+00	0.00e+00	0.00e+00	1.43e-79
 4.71683e+13	3.69e-27	2.73e-19	1.79e-12	1.07e-06	9.99e-01	5.72e-04	0.00e+00	0.00e+00	0.00e+00	0.00e+00	0.00e+00	0.00e+00	3.82e-93
 4.90455e+13	4.98e-27	3.43e-19	2.09e-12	1.16e-06	9.99e-01	5.29e-04	0.00e+00	0.00e+00	0.00e+00	0.00e+00	0.00e+00	0.00e+00	7.53e-79
 5.09977e+13	6.72e-27	4.30e-19	2.44e-12	1.25e-06	1.00e+00	4.89e-04	0.00e+00	0.00e+00	0.00e+00	0.00e+00	0.00e+00	0.00e+00	2.74e-92
 5.30676e+13	9.10e-27	5.41e-19	2.86e-12	1.36e-06	1.00e+00	4.51e-04	0.00e+00	0.00e+00	0.00e+00	0.00e+00	0.00e+00	0.00e+00	3.93e-78
 5.52202e+13	1.24e-26	6.84e-19	3.35e-12	1.47e-06	1.00e+00	4.16e-04	0.00e+00	0.00e+00	0.00e+00	0.00e+00	0.00e+00	0.00e+00	9.16e-78
 5.74589e+13	1.68e-26	8.60e-19	3.92e-12	1.60e-06	1.00e+00	3.84e-04	0.00e+00	0.00e+00	0.00e+00	0.00e+00	0.00e+00	0.00e+00	2.09e-77
 5.97872e+13	2.28e-26	1.08e-18	4.59e-12	1.73e-06	1.00e+00	3.54e-04	0.00e+00	0.00e+00	0.00e+00	0.00e+00	0.00e+00	0.00e+00	4.87e-77
 6.19725e+13	3.01e-26	1.34e-18	5.29e-12	1.86e-06	1.00e+00	3.29e-04	0.00e+00	0.00e+00	0.00e+00	0.00e+00	0.00e+00	0.00e+00	1.04e-76
 6.39158e+13	3.81e-26	1.60e-18	5.98e-12	1.98e-06	1.00e+00	3.09e-04	0.00e+00	0.00e+00	0.00e+00	0.00e+00	0.00e+00	0.00e+00	2.00e-76
 6.60892e+13	4.93e-26	1.95e-18	6.83e-12	2.12e-06	1.00e+00	2.89e-04	0.00e+00	0.00e+00	0.00e+00	0.00e+00	0.00e+00	0.00e+00	4.06e-76
 6.86790e+13	6.62e-26	2.43e-18	7.95e-12	2.29e-06	1.00e+00	2.67e-04	0.00e+00	0.00e+00	0.00e+00	0.00e+00	0.00e+00	0.00e+00	9.08e-76
 7.12662e+13	8.83e-26	3.03e-18	9.21e-12	2.47e-06	1.00e+00	2.48e-04	0.00e+00	0.00e+00	0.00e+00	0.00e+00	0.00e+00	0.00e+00	2.00e-75
 7.36584e+13	1.14e-25	3.66e-18	1.05e-11	2.64e-06	1.00e+00	2.32e-04	0.00e+00	0.00e+00	0.00e+00	0.00e+00	0.00e+00	0.00e+00	3.99e-75
 7.63362e+13	1.50e-25	4.52e-18	1.21e-11	2.83e-06	1.00e+00	2.16e-04	0.00e+00	0.00e+00	0.00e+00	0.00e+00	0.00e+00	0.00e+00	8.62e-75
 7.94196e+13	2.03e-25	5.69e-18	1.41e-11	3.07e-06	1.00e+00	1.99e-04	0.00e+00	0.00e+00	0.00e+00	0.00e+00	0.00e+00	0.00e+00	1.97e-74
 8.24243e+13	2.71e-25	7.08e-18	1.64e-11	3.30e-06	1.00e+00	1.85e-04	0.00e+00	0.00e+00	0.00e+00	0.00e+00	0.00e+00	0.00e+00	4.38e-74
 8.52827e+13	3.52e-25	8.62e-18	1.88e-11	3.54e-06	1.00e+00	1.73e-04	0.00e+00	0.00e+00	0.00e+00	0.00e+00	0.00e+00	0.00e+00	8.92e-74
 8.84573e+13	4.68e-25	1.07e-17	2.17e-11	3.81e-06	1.00e+00	1.60e-04	0.00e+00	0.00e+00	0.00e+00	0.00e+00	0.00e+00	0.00e+00	1.95e-73
 9.20255e+13	6.36e-25	1.35e-17	2.54e-11	4.12e-06	1.00e+00	1.48e-04	0.00e+00	0.00e+00	0.00e+00	0.00e+00	0.00e+00	0.00e+00	4.56e-73
 9.56117e+13	8.55e-25	1.69e-17	2.95e-11	4.45e-06	1.00e+00	1.37e-04	0.00e+00	0.00e+00	0.00e+00	0.00e+00	0.00e+00	0.00e+00	1.03e-72
 9.93412e+13	1.15e-24	2.11e-17	3.44e-11	4.81e-06	1.00e+00	1.27e-04	0.00e+00	0.00e+00	0.00e+00	0.00e+00	0.00e+00	0.00e+00	2.32e-72
 1.03345e+14	1.56e-24	2.66e-17	4.02e-11	5.20e-06	1.00e+00	1.17e-04	0.00e+00	0.00e+00	0.00e+00	0.00e+00	0.00e+00	0.00e+00	5.40e-72
 1.07509e+14	2.13e-24	3.36e-17	4.71e-11	5.63e-06	1.00e+00	1.08e-04	0.00e+00	0.00e+00	0.00e+00	0.00e+00	0.00e+00	0.00e+00	1.25e-71
 1.11839e+14	2.90e-24	4.24e-17	5.51e-11	6.10e-06	1.00e+00	1.00e-04	0.00e+00	0.00e+00	0.00e+00	0.00e+00	0.00e+00	0.00e+00	2.95e-71
 1.16342e+14	3.93e-24	5.34e-17	6.45e-11	6.60e-06	1.00e+00	9.24e-05	0.00e+00	0.00e+00	0.00e+00	0.00e+00	1.73e-17	3.61e-17	6.81e-71
 1.21026e+14	5.37e-24	6.76e-17	7.54e-11	7.14e-06	1.00e+00	8.54e-05	0.00e+00	0.00e+00	0.00e+00	0.00e+00	2.24e-17	4.51e-17	1.61e-70
 1.25612e+14	7.16e-24	8.40e-17	8.75e-11	7.70e-06	1.00e+00	7.92e-05	0.00e+00	0.00e+00	0.00e+00	0.00e+00	2.79e-17	5.61e-17	3.54e-70
 1.29989e+14	9.39e-24	1.03e-16	1.00e-10	8.24e-06	1.00e+00	7.40e-05	0.00e+00	0.00e+00	0.00e+00	0.00e+00	3.42e-17	6.88e-17	7.48e-70
 1.34825e+14	1.25e-23	1.28e-16	1.16e-10	8.88e-06	1.00e+00	6.87e-05	0.00e+00	0.00e+00	0.00e+00	0.00e+00	4.24e-17	8.52e-17	1.62e-69
 1.40248e+14	1.70e-23	1.61e-16	1.36e-10	9.60e-06	1.00e+00	6.36e-05	0.00e+00	0.00e+00	0.00e+00	0.00e+00	5.36e-17	1.08e-16	3.84e-69
 1.45710e+14	2.29e-23	2.02e-16	1.58e-10	1.04e-05	1.00e+00	5.89e-05	0.00e+00	0.00e+00	0.00e+00	0.00e+00	6.70e-17	1.35e-16	8.65e-69
 1.51390e+14	3.10e-23	2.54e-16	1.84e-10	1.12e-05	1.00e+00	5.46e-05	0.00e+00	0.00e+00	0.00e+00	0.00e+00	8.42e-17	1.69e-16	2.00e-68
 1.57476e+14	4.21e-23	3.20e-16	2.16e-10	1.21e-05	1.00e+00	5.04e-05	0.00e+00	0.00e+00	0.00e+00	0.00e+00	1.06e-16	2.14e-16	4.60e-68
 1.63186e+14	5.58e-23	3.96e-16	2.49e-10	1.30e-05	1.00e+00	4.70e-05	0.00e+00	0.00e+00	0.00e+00	0.00e+00	1.31e-16	2.64e-16	1.01e-67
 1.68309e+14	7.08e-23	4.73e-16	2.82e-10	1.39e-05	1.00e+00	4.41e-05	0.00e+00	0.00e+00	0.00e+00	0.00e+00	1.57e-16	3.16e-16	1.92e-67
 1.74095e+14	9.27e-23	5.80e-16	3.22e-10	1.48e-05	1.00e+00	4.13e-05	0.00e+00	0.00e+00	0.00e+00	0.00e+00	1.93e-16	3.87e-16	4.06e-67
 1.80927e+14	1.25e-22	7.25e-16	3.76e-10	1.60e-05	1.00e+00	3.82e-05	0.00e+00	0.00e+00	0.00e+00	0.00e+00	2.41e-16	4.84e-16	9.09e-67
 1.87810e+14	1.67e-22	9.06e-16	4.36e-10	1.73e-05	1.00e+00	3.54e-05	0.00e+00	0.00e+00	0.00e+00	0.00e+00	3.01e-16	6.05e-16	2.06e-66
 1.94422e+14	2.18e-22	1.11e-15	5.01e-10	1.85e-05	1.00e+00	3.30e-05	0.00e+00	0.00e+00	0.00e+00	0.00e+00	3.67e-16	7.39e-16	4.25e-66
 2.00835e+14	2.80e-22	1.34e-15	5.71e-10	1.98e-05	1.00e+00	3.10e-05	0.00e+00	0.00e+00	0.00e+00	0.00e+00	4.44e-16	8.93e-16	8.44e-66
 2.08012e+14	3.70e-22	1.65e-15	6.56e-10	2.12e-05	1.00e+00	2.89e-05	0.00e+00	0.00e+00	0.00e+00	0.00e+00	5.47e-16	1.10e-15	1.81e-65
 2.15919e+14	4.90e-22	2.04e-15	7.62e-10	2.29e-05	1.00e+00	2.67e-05	0.00e+00	0.00e+00	0.00e+00	0.00e+00	6.77e-16	1.36e-15	3.91e-65
 2.23190e+14	6.31e-22	2.47e-15	8.70e-10	2.45e-05	1.00e+00	2.50e-05	0.00e+00	0.00e+00	0.00e+00	0.00e+00	8.21e-16	1.65e-15	7.87e-65
 2.31057e+14	8.24e-22	3.02e-15	9.99e-10	2.62e-05	1.00e+00	2.33e-05	0.00e+00	0.00e+00	0.00e+00	0.00e+00	1.00e-15	2.02e-15	1.63e-64
 2.39880e+14	1.10e-21	3.77e-15	1.16e-09	2.83e-05	1.00e+00	2.16e-05	0.00e+00	0.00e+00	0.00e+00	0.00e+00	1.25e-15	2.52e-15	3.65e-64
 2.48252e+14	1.42e-21	4.57e-15	1.33e-09	3.03e-05	1.00e+00	2.02e-05	0.00e+00	0.00e+00	0.00e+00	0.00e+00	1.52e-15	3.06e-15	7.28e-64
 2.57307e+14	1.86e-21	5.62e-15	1.54e-09	3.26e-05	1.00e+00	1.87e-05	0.00e+00	0.00e+00	0.00e+00	0.00e+00	1.86e-15	3.75e-15	1.53e-63
 2.67311e+14	2.47e-21	6.99e-15	1.79e-09	3.53e-05	1.00e+00	1.73e-05	0.00e+00	0.00e+00	0.00e+00	0.00e+00	2.32e-15	4.67e-15	3.35e-63
 2.76806e+14	3.22e-21	8.57e-15	2.06e-09	3.79e-05	1.00e+00	1.61e-05	0.00e+00	0.00e+00	0.00e+00	0.00e+00	2.84e-15	5.73e-15	7.02e-63
 2.86998e+14	4.17e-21	1.04e-14	2.38e-09	4.08e-05	1.00e+00	1.50e-05	0.00e+00	0.00e+00	0.00e+00	0.00e+00	3.47e-15	6.98e-15	1.42e-62
 2.98508e+14	5.63e-21	1.32e-14	2.78e-09	4.43e-05	1.00e+00	1.38e-05	0.00e+00	0.00e+00	0.00e+00	0.00e+00	4.37e-15	8.80e-15	3.26e-62
 3.09859e+14	7.33e-21	1.61e-14	3.23e-09	4.79e-05	1.00e+00	1.28e-05	0.00e+00	0.00e+00	0.00e+00	0.00e+00	5.35e-15	1.08e-14	6.68e-62
 3.20786e+14	9.50e-21	1.97e-14	3.72e-09	5.14e-05	1.00e+00	1.19e-05	0.00e+00	0.00e+00	0.00e+00	0.00e+00	6.53e-15	1.32e-14	1.37e-61
 3.32769e+14	1.23e-20	2.40e-14	4.30e-09	5.55e-05	1.00e+00	1.10e-05	0.00e+00	0.00e+00	0.00e+00	0.00e+00	7.96e-15	1.60e-14	2.75e-61
 3.46110e+14	1.61e-20	2.97e-14	5.04e-09	6.04e-05	1.00e+00	1.01e-05	0.00e+00	0.00e+00	0.00e+00	0.00e+00	9.87e-15	1.99e-14	5.87e-61
 3.59697e+14	2.15e-20	3.72e-14	5.89e-09	6.54e-05	1.00e+00	9.32e-06	0.00e+00	0.00e+00	0.00e+00	0.00e+00	1.23e-14	2.48e-14	1.30e-60
 3.73829e+14	2.77e-20	4.54e-14	6.87e-09	7.10e-05	1.00e+00	8.58e-06	0.00e+00	0.00e+00	0.00e+00	0.00e+00	1.51e-14	3.04e-14	2.62e-60
 3.88812e+14	3.64e-20	5.63e-14	8.05e-09	7.72e-05	1.00e+00	7.89e-06	0.00e+00	0.00e+00	0.00e+00	0.00e+00	1.87e-14	3.76e-14	5.57e-60
 4.04394e+14	4.79e-20	6.97e-14	9.43e-09	8.40e-05	1.00e+00	7.25e-06	0.00e+00	0.00e+00	0.00e+00	0.00e+00	2.31e-14	4.66e-14	1.18e-59
 4.19393e+14	6.19e-20	8.55e-14	1.09e-08	9.08e-05	1.00e+00	6.73e-06	0.00e+00	0.00e+00	0.00e+00	0.00e+00	2.83e-14	5.71e-14	2.43e-59
 4.33385e+14	7.71e-20	1.02e-13	1.25e-08	9.75e-05	1.00e+00	6.29e-06	0.00e+00	0.00e+00	0.00e+00	0.00e+00	3.37e-14	6.80e-14	4.47e-59
 4.49144e+14	9.67e-20	1.22e-13	1.44e-08	1.05e-04	1.00e+00	5.85e-06	0.00e+00	0.00e+00	0.00e+00	0.00e+00	4.04e-14	8.16e-14	8.39e-59
 4.65318e+14	1.24e-19	1.49e-13	1.66e-08	1.14e-04	1.00e+00	5.44e-06	0.00e+00	0.00e+00	0.00e+00	0.00e+00	4.93e-14	9.94e-14	1.69e-58
 4.79015e+14	1.49e-19	1.73e-13	1.87e-08	1.21e-04	1.00e+00	5.12e-06	0.00e+00	0.00e+00	0.00e+00	0.00e+00	5.72e-14	1.15e-13	2.83e-58
 4.93607e+14	1.80e-19	2.01e-13	2.10e-08	1.29e-04	1.00e+00	4.82e-06	0.00e+00	0.00e+00	0.00e+00	0.00e+00	6.65e-14	1.34e-13	4.79e-58
 5.11907e+14	2.27e-19	2.42e-13	2.44e-08	1.40e-04	1.00e+00	4.47e-06	0.00e+00	0.00e+00	0.00e+00	0.00e+00	8.03e-14	1.62e-13	9.23e-58
 5.30748e+14	2.87e-19	2.93e-13	2.82e-08	1.52e-04	1.00e+00	4.16e-06	0.00e+00	0.00e+00	0.00e+00	0.00e+00	9.69e-14	1.96e-13	1.79e-57
 5.47470e+14	3.51e-19	3.44e-13	3.19e-08	1.62e-04	1.00e+00	3.90e-06	0.00e+00	0.00e+00	0.00e+00	0.00e+00	1.14e-13	2.30e-13	3.17e-57
 5.65719e+14	4.37e-19	4.11e-13	3.64e-08	1.74e-04	1.00e+00	3.65e-06	0.00e+00	0.00e+00	0.00e+00	0.00e+00	1.36e-13	2.75e-13	5.91e-57
 5.86091e+14	5.41e-19	4.89e-13	4.19e-08	1.89e-04	1.00e+00	3.40e-06	0.00e+00	0.00e+00	0.00e+00	0.00e+00	1.62e-13	3.27e-13	1.09e-56
 6.05168e+14	6.68e-19	5.81e-13	4.77e-08	2.02e-04	1.00e+00	3.20e-06	0.00e+00	0.00e+00	0.00e+00	0.00e+00	1.92e-13	3.89e-13	2.00e-56
 6.25910e+14	8.10e-19	6.82e-13	5.46e-08	2.18e-04	1.00e+00	2.99e-06	0.00e+00	0.00e+00	0.00e+00	0.00e+00	2.26e-13	4.57e-13	3.49e-56
 6.48818e+14	1.03e-18	8.26e-13	6.31e-08	2.36e-04	1.00e+00	2.79e-06	0.00e+00	0.00e+00	0.00e+00	0.00e+00	2.73e-13	5.52e-13	6.86e-56
 6.70054e+14	1.26e-18	9.78e-13	7.18e-08	2.54e-04	1.00e+00	2.63e-06	0.00e+00	0.00e+00	0.00e+00	0.00e+00	3.24e-13	6.55e-13	1.25e-55
 6.93170e+14	1.56e-18	1.16e-12	8.23e-08	2.73e-04	1.00e+00	2.47e-06	0.00e+00	0.00e+00	0.00e+00	0.00e+00	3.85e-13	7.78e-13	2.31e-55
 7.18903e+14	1.92e-18	1.39e-12	9.52e-08	2.97e-04	1.00e+00	2.31e-06	0.00e+00	0.00e+00	0.00e+00	0.00e+00	4.59e-13	9.28e-13	4.29e-55
 7.42937e+14	2.37e-18	1.65e-12	1.09e-07	3.19e-04	1.00e+00	2.17e-06	0.00e+00	0.00e+00	0.00e+00	0.00e+00	5.45e-13	1.10e-12	7.94e-55
 7.69083e+14	2.95e-18	1.97e-12	1.25e-07	3.44e-04	1.00e+00	2.04e-06	0.00e+00	0.00e+00	0.00e+00	0.00e+00	6.52e-13	1.32e-12	1.51e-54
 7.98272e+14	3.66e-18	2.36e-12	1.45e-07	3.74e-04	1.00e+00	1.92e-06	0.00e+00	0.00e+00	0.00e+00	0.00e+00	7.81e-13	1.58e-12	2.88e-54
 8.25668e+14	4.55e-18	2.83e-12	1.65e-07	4.03e-04	1.00e+00	1.81e-06	0.00e+00	0.00e+00	0.00e+00	0.00e+00	9.35e-13	1.89e-12	5.53e-54
 8.55440e+14	5.57e-18	3.34e-12	1.90e-07	4.36e-04	1.00e+00	1.71e-06	0.00e+00	0.00e+00	0.00e+00	0.00e+00	1.11e-12	2.24e-12	1.02e-53
 8.88518e+14	7.12e-18	4.10e-12	2.22e-07	4.74e-04	1.00e+00	1.61e-06	0.00e+00	0.00e+00	0.00e+00	0.00e+00	1.36e-12	2.74e-12	2.13e-53
 9.19946e+14	8.69e-18	4.84e-12	2.54e-07	5.12e-04	9.99e-01	1.52e-06	0.00e+00	0.00e+00	0.00e+00	0.00e+00	1.60e-12	3.24e-12	3.92e-53
 9.53801e+14	1.10e-17	5.86e-12	2.94e-07	5.54e-04	9.99e-01	1.44e-06	0.00e+00	0.00e+00	0.00e+00	0.00e+00	1.94e-12	3.92e-12	7.90e-53
 9.91983e+14	1.38e-17	7.12e-12	3.43e-07	6.06e-04	9.99e-01	1.36e-06	0.00e+00	0.00e+00	0.00e+00	0.00e+00	2.35e-12	4.76e-12	1.62e-52
 1.02942e+15	1.76e-17	8.66e-12	3.98e-07	6.56e-04	9.99e-01	1.30e-06	0.00e+00	0.00e+00	0.00e+00	0.00e+00	2.86e-12	5.80e-12	3.35e-52
 1.06836e+15	2.20e-17	1.04e-11	4.61e-07	7.13e-04	9.99e-01	1.24e-06	0.00e+00	0.00e+00	0.00e+00	0.00e+00	3.45e-12	6.98e-12	6.69e-52
 1.11112e+15	2.81e-17	1.28e-11	5.39e-07	7.77e-04	9.99e-01	1.18e-06	0.00e+00	0.00e+00	0.00e+00	0.00e+00	4.24e-12	8.59e-12	1.45e-51
 1.15470e+15	3.58e-17	1.56e-11	6.30e-07	8.49e-04	9.99e-01	1.13e-06	0.00e+00	0.00e+00	0.00e+00	0.00e+00	5.17e-12	1.05e-11	3.05e-51
 1.20002e+15	4.56e-17	1.92e-11	7.34e-07	9.23e-04	9.99e-01	1.08e-06	0.00e+00	3.94e-18	1.18e-17	1.97e-17	6.33e-12	1.28e-11	6.55e-51
 1.24805e+15	5.86e-17	2.35e-11	8.59e-07	1.01e-03	9.99e-01	1.04e-06	0.00e+00	5.07e-18	1.52e-17	2.54e-17	7.77e-12	1.57e-11	1.43e-50
 1.29800e+15	7.50e-17	2.89e-11	1.00e-06	1.10e-03	9.99e-01	1.00e-06	0.00e+00	6.49e-18	1.95e-17	3.25e-17	9.56e-12	1.93e-11	3.14e-50
 1.34179e+15	9.29e-17	3.45e-11	1.15e-06	1.18e-03	9.99e-01	9.78e-07	0.00e+00	8.05e-18	2.42e-17	4.03e-17	1.14e-11	2.31e-11	6.21e-50
 1.37618e+15	1.10e-16	3.95e-11	1.27e-06	1.25e-03	9.99e-01	0.00e+00	0.00e+00	9.55e-18	2.87e-17	4.79e-17	1.31e-11	2.65e-11	1.05e-49
 1.41314e+15	1.31e-16	4.55e-11	1.41e-06	1.33e-03	9.99e-01	0.00e+00	0.00e+00	1.13e-17	3.40e-17	5.68e-17	1.50e-11	3.04e-11	1.82e-49
 1.46120e+15	1.61e-16	5.42e-11	1.61e-06	1.43e-03	9.99e-01	0.00e+00	0.00e+00	1.40e-17	4.19e-17	6.99e-17	1.79e-11	3.62e-11	3.56e-49
 1.51340e+15	2.04e-16	6.56e-11	1.85e-06	1.55e-03	9.98e-01	0.00e+00	0.00e+00	1.77e-17	5.33e-17	8.89e-17	2.17e-11	4.39e-11	7.58e-49
 1.56050e+15	2.50e-16	7.76e-11	2.09e-06	1.65e-03	9.98e-01	0.00e+00	0.00e+00	2.18e-17	6.54e-17	1.09e-16	2.57e-11	5.20e-11	1.46e-48
 1.61123e+15	3.05e-16	9.17e-11	2.37e-06	1.77e-03	9.98e-01	0.00e+00	0.00e+00	2.66e-17	7.98e-17	1.33e-16	3.03e-11	6.14e-11	2.79e-48
 1.67272e+15	3.97e-16	1.13e-10	2.76e-06	1.93e-03	9.98e-01	0.00e+00	0.00e+00	3.46e-17	1.04e-16	1.73e-16	3.74e-11	7.57e-11	6.41e-48
 1.73367e+15	5.05e-16	1.38e-10	3.18e-06	2.08e-03	9.98e-01	0.00e+00	0.00e+00	4.41e-17	1.32e-16	2.21e-16	4.56e-11	9.22e-11	1.39e-47
 1.78740e+15	6.20e-16	1.63e-10	3.59e-06	2.23e-03	9.98e-01	0.00e+00	0.00e+00	5.42e-17	1.63e-16	2.71e-16	5.39e-11	1.09e-10	2.68e-47
 1.84625e+15	7.72e-16	1.95e-10	4.09e-06	2.39e-03	9.98e-01	0.00e+00	0.00e+00	6.76e-17	2.03e-16	3.39e-16	6.45e-11	1.30e-10	5.41e-47
 1.91712e+15	9.97e-16	2.40e-10	4.75e-06	2.60e-03	9.97e-01	0.00e+00	0.00e+00	8.74e-17	2.62e-16	4.37e-16	7.93e-11	1.60e-10	1.23e-46
 1.98774e+15	1.28e-15	2.94e-10	5.48e-06	2.81e-03	9.97e-01	0.00e+00	0.00e+00	1.12e-16	3.37e-16	5.62e-16	9.73e-11	1.97e-10	2.72e-46
 2.05145e+15	1.56e-15	3.47e-10	6.22e-06	3.00e-03	9.97e-01	0.00e+00	0.00e+00	1.37e-16	4.12e-16	6.87e-16	1.15e-10	2.32e-10	5.22e-46
 2.12205e+15	1.98e-15	4.20e-10	7.11e-06	3.23e-03	9.97e-01	0.00e+00	0.00e+00	1.74e-16	5.21e-16	8.69e-16	1.39e-10	2.81e-10	1.10e-45
 2.20521e+15	2.62e-15	5.25e-10	8.29e-06	3.52e-03	9.96e-01	0.00e+00	0.00e+00	2.31e-16	6.92e-16	1.15e-15	1.74e-10	3.51e-10	2.66e-45
 2.28714e+15	3.40e-15	6.47e-10	9.59e-06	3.80e-03	9.96e-01	0.00e+00	0.00e+00	2.99e-16	8.98e-16	1.50e-15	2.14e-10	4.33e-10	5.95e-45
 2.36321e+15	4.28e-15	7.80e-10	1.09e-05	4.08e-03	9.96e-01	0.00e+00	0.00e+00	3.77e-16	1.13e-15	1.89e-15	2.58e-10	5.21e-10	1.23e-44
 2.44864e+15	5.51e-15	9.54e-10	1.26e-05	4.41e-03	9.96e-01	0.00e+00	0.00e+00	4.86e-16	1.46e-15	2.43e-15	3.16e-10	6.38e-10	2.69e-44
 2.54661e+15	7.09e-15	1.18e-09	1.47e-05	4.79e-03	9.95e-01	0.00e+00	0.00e+00	6.26e-16	1.88e-15	3.13e-15	3.90e-10	7.87e-10	6.04e-44
 2.64333e+15	9.47e-15	1.48e-09	1.71e-05	5.19e-03	9.95e-01	0.00e+00	0.00e+00	8.38e-16	2.51e-15	4.19e-15	4.90e-10	9.88e-10	1.45e-43
 2.74391e+15	1.24e-14	1.84e-09	1.98e-05	5.62e-03	9.94e-01	0.00e+00	0.00e+00	1.10e-15	3.30e-15	5.50e-15	6.08e-10	1.23e-09	3.31e-43
 2.85370e+15	1.64e-14	2.30e-09	2.32e-05	6.11e-03	9.94e-01	0.00e+00	0.00e+00	1.45e-15	4.36e-15	7.27e-15	7.62e-10	1.54e-09	7.70e-43
 2.96531e+15	2.12e-14	2.83e-09	2.71e-05	6.62e-03	9.93e-01	0.00e+00	0.00e+00	1.88e-15	5.63e-15	9.39e-15	9.39e-10	1.89e-09	1.68e-42
 3.08139e+15	2.80e-14	3.54e-09	3.15e-05	7.18e-03	9.93e-01	0.00e+00	0.00e+00	2.48e-15	7.45e-15	1.24e-14	1.17e-09	2.37e-09	3.88e-42
 3.20468e+15	3.82e-14	4.51e-09	3.69e-05	7.82e-03	9.92e-01	0.00e+00	0.00e+00	3.39e-15	1.02e-14	1.70e-14	1.50e-09	3.02e-09	9.61e-42
 3.33290e+15	5.10e-14	5.69e-09	4.32e-05	8.49e-03	9.91e-01	0.00e+00	0.00e+00	4.53e-15	1.36e-14	2.27e-14	1.89e-09	3.80e-09	2.26e-41
 3.44486e+15	6.48e-14	6.90e-09	4.93e-05	9.11e-03	9.91e-01	0.00e+00	0.00e+00	5.76e-15	1.73e-14	2.88e-14	2.29e-09	4.61e-09	4.58e-41
 3.53244e+15	7.78e-14	7.99e-09	5.46e-05	9.60e-03	9.90e-01	0.00e+00	0.00e+00	6.92e-15	2.08e-14	3.46e-14	2.65e-09	5.34e-09	7.80e-41
 3.62671e+15	9.45e-14	9.33e-09	6.06e-05	1.01e-02	9.90e-01	0.00e+00	0.00e+00	8.41e-15	2.52e-14	4.21e-14	3.10e-09	6.24e-09	1.37e-40
 3.74924e+15	1.18e-13	1.12e-08	6.93e-05	1.09e-02	9.89e-01	0.00e+00	0.00e+00	1.05e-14	3.15e-14	5.25e-14	3.71e-09	7.47e-09	2.60e-40
 3.88236e+15	1.56e-13	1.39e-08	7.97e-05	1.17e-02	9.88e-01	0.00e+00	0.00e+00	1.39e-14	4.18e-14	6.96e-14	4.63e-09	9.32e-09	5.79e-40
 4.00233e+15	1.94e-13	1.67e-08	9.01e-05	1.25e-02	9.87e-01	0.00e+00	0.00e+00	1.73e-14	5.20e-14	8.67e-14	5.53e-09	1.11e-08	1.04e-39
 4.13142e+15	2.41e-13	1.99e-08	1.02e-04	1.33e-02	9.87e-01	0.00e+00	0.00e+00	2.15e-14	6.45e-14	1.08e-13	6.59e-09	1.33e-08	1.93e-39
 4.28849e+15	3.24e-13	2.51e-08	1.19e-04	1.44e-02	9.85e-01	0.00e+00	0.00e+00	2.90e-14	8.69e-14	1.45e-13	8.33e-09	1.68e-08	4.44e-39
 4.44348e+15	4.20e-13	3.10e-08	1.37e-04	1.55e-02	9.84e-01	0.00e+00	0.00e+00	3.75e-14	1.13e-13	1.88e-13	1.03e-08	2.07e-08	9.20e-39
 4.57861e+15	5.15e-13	3.66e-08	1.55e-04	1.65e-02	9.83e-01	0.00e+00	0.00e+00	4.61e-14	1.38e-13	2.30e-13	1.21e-08	2.44e-08	1.63e-38
 4.72637e+15	6.51e-13	4.42e-08	1.76e-04	1.77e-02	9.82e-01	0.00e+00	0.00e+00	5.82e-14	1.75e-13	2.91e-13	1.47e-08	2.95e-08	3.14e-38
 4.90609e+15	8.77e-13	5.60e-08	2.05e-04	1.91e-02	9.81e-01	0.00e+00	0.00e+00	7.85e-14	2.35e-13	3.93e-13	1.86e-08	3.74e-08	7.18e-38
 5.08493e+15	1.14e-12	6.95e-08	2.37e-04	2.06e-02	9.79e-01	0.00e+00	0.00e+00	1.02e-13	3.07e-13	5.13e-13	2.31e-08	4.64e-08	1.50e-37
 5.24340e+15	1.43e-12	8.35e-08	2.69e-04	2.20e-02	9.78e-01	0.00e+00	0.00e+00	1.28e-13	3.85e-13	6.42e-13	2.77e-08	5.58e-08	2.79e-37
 5.41786e+15	1.83e-12	1.02e-07	3.07e-04	2.36e-02	9.76e-01	0.00e+00	0.00e+00	1.64e-13	4.92e-13	8.21e-13	3.38e-08	6.80e-08	5.43e-37
 5.62681e+15	2.36e-12	1.25e-07	3.58e-04	2.55e-02	9.74e-01	0.00e+00	0.00e+00	2.12e-13	6.35e-13	1.06e-12	4.16e-08	8.37e-08	1.03e-36
 5.83480e+15	3.18e-12	1.59e-07	4.16e-04	2.75e-02	9.72e-01	0.00e+00	0.00e+00	2.85e-13	8.55e-13	1.43e-12	5.29e-08	1.06e-07	2.29e-36
 6.02296e+15	3.99e-12	1.92e-07	4.74e-04	2.94e-02	9.70e-01	0.00e+00	0.00e+00	3.59e-13	1.08e-12	1.79e-12	6.39e-08	1.28e-07	4.21e-36
 6.23113e+15	5.06e-12	2.33e-07	5.45e-04	3.16e-02	9.68e-01	0.00e+00	0.00e+00	4.54e-13	1.36e-12	2.27e-12	7.74e-08	1.56e-07	7.87e-36
 6.46639e+15	6.65e-12	2.92e-07	6.36e-04	3.42e-02	9.65e-01	0.00e+00	0.00e+00	5.98e-13	1.79e-12	2.99e-12	9.70e-08	1.95e-07	1.64e-35
 6.69478e+15	8.83e-12	3.67e-07	7.35e-04	3.69e-02	9.62e-01	0.00e+00	0.00e+00	7.94e-13	2.38e-12	3.97e-12	1.22e-07	2.45e-07	3.44e-35
 6.91183e+15	1.12e-11	4.47e-07	8.40e-04	3.95e-02	9.60e-01	0.00e+00	0.00e+00	1.01e-12	3.03e-12	5.05e-12	1.49e-07	2.99e-07	6.51e-35
 7.15620e+15	1.45e-11	5.53e-07	9.72e-04	4.25e-02	9.56e-01	0.00e+00	0.00e+00	1.31e-12	3.92e-12	6.54e-12	1.84e-07	3.69e-07	1.27e-34
 7.42320e+15	1.88e-11	6.82e-07	1.13e-03	4.60e-02	9.53e-01	0.00e+00	0.00e+00	1.69e-12	5.07e-12	8.46e-12	2.27e-07	4.55e-07	2.44e-34
 7.66728e+15	2.45e-11	8.49e-07	1.30e-03	4.95e-02	9.49e-01	0.00e+00	0.00e+00	2.21e-12	6.62e-12	1.10e-11	2.82e-07	5.67e-07	4.92e-34
 7.89671e+15	3.07e-11	1.02e-06	1.48e-03	5.28e-02	9.46e-01	0.00e+00	0.00e+00	2.77e-12	8.30e-12	1.38e-11	3.40e-07	6.83e-07	8.79e-34
 8.15947e+15	3.94e-11	1.25e-06	1.70e-03	5.67e-02	9.42e-01	0.00e+00	0.00e+00	3.55e-12	1.07e-11	1.78e-11	4.17e-07	8.37e-07	1.64e-33
 8.45468e+15	5.08e-11	1.54e-06	1.98e-03	6.13e-02	9.37e-01	0.00e+00	0.00e+00	4.58e-12	1.38e-11	2.29e-11	5.13e-07	1.03e-06	3.06e-33
 8.71903e+15	6.57e-11	1.91e-06	2.27e-03	6.58e-02	9.32e-01	0.00e+00	0.00e+00	5.94e-12	1.78e-11	2.97e-11	6.36e-07	1.28e-06	5.98e-33
 8.93105e+15	7.93e-11	2.23e-06	2.52e-03	6.94e-02	9.28e-01	0.00e+00	0.00e+00	7.17e-12	2.15e-11	3.58e-11	7.42e-07	1.49e-06	9.43e-33
 9.14809e+15	9.59e-11	2.61e-06	2.81e-03	7.34e-02	9.24e-01	0.00e+00	0.00e+00	8.68e-12	2.60e-11	4.34e-11	8.69e-07	1.74e-06	1.52e-32
 9.43024e+15	1.22e-10	3.18e-06	3.22e-03	7.86e-02	9.18e-01	0.00e+00	0.00e+00	1.11e-11	3.31e-11	5.53e-11	1.06e-06	2.12e-06	2.71e-32
 9.73609e+15	1.59e-10	3.94e-06	3.73e-03	8.48e-02	9.12e-01	0.00e+00	0.00e+00	1.44e-11	4.31e-11	7.19e-11	1.31e-06	2.63e-06	5.18e-32
 1.00078e+16	1.97e-10	4.71e-06	4.23e-03	9.03e-02	9.05e-01	0.00e+00	0.00e+00	1.78e-11	5.35e-11	8.91e-11	1.57e-06	3.14e-06	8.59e-32
 1.02581e+16	2.38e-10	5.49e-06	4.75e-03	9.58e-02	8.99e-01	0.00e+00	0.00e+00	2.16e-11	6.47e-11	1.08e-10	1.83e-06	3.67e-06	1.34e-31
 1.05459e+16	3.07e-10	6.76e-06	5.43e-03	1.03e-01	8.92e-01	0.00e+00	0.00e+00	2.78e-11	8.35e-11	1.39e-10	2.25e-06	4.51e-06	2.49e-31
 1.08606e+16	3.91e-10	8.26e-06	6.26e-03	1.10e-01	8.84e-01	0.00e+00	0.00e+00	3.55e-11	1.07e-10	1.78e-10	2.75e-06	5.51e-06	4.36e-31
 1.11513e+16	4.84e-10	9.80e-06	7.12e-03	1.18e-01	8.75e-01	0.00e+00	0.00e+00	4.40e-11	1.32e-10	2.20e-10	3.26e-06	6.54e-06	7.04e-31
 1.14701e+16	6.37e-10	1.23e-05	8.23e-03	1.27e-01	8.65e-01	0.00e+00	0.00e+00	5.80e-11	1.74e-10	2.90e-10	4.08e-06	8.19e-06	1.37e-30
 1.18031e+16	8.18e-10	1.50e-05	9.52e-03	1.36e-01	8.54e-01	0.00e+00	0.00e+00	7.44e-11	2.23e-10	3.72e-10	5.01e-06	1.00e-05	2.38e-30
 1.20869e+16	1.00e-09	1.77e-05	1.08e-02	1.45e-01	8.44e-01	0.00e+00	0.00e+00	9.13e-11	2.74e-10	4.57e-10	5.90e-06	1.18e-05	3.71e-30
 1.23882e+16	1.27e-09	2.14e-05	1.23e-02	1.55e-01	8.33e-01	0.00e+00	0.00e+00	1.15e-10	3.46e-10	5.77e-10	7.12e-06	1.43e-05	6.26e-30
 1.27177e+16	1.68e-09	2.69e-05	1.43e-02	1.67e-01	8.19e-01	0.00e+00	0.00e+00	1.53e-10	4.60e-10	7.66e-10	8.96e-06	1.79e-05	1.22e-29
 1.30111e+16	2.10e-09	3.23e-05	1.63e-02	1.78e-01	8.06e-01	0.00e+00	0.00e+00	1.92e-10	5.76e-10	9.60e-10	1.08e-05	2.16e-05	2.01e-29
 1.32770e+16	2.60e-09	3.83e-05	1.83e-02	1.88e-01	7.93e-01	0.00e+00	0.00e+00	2.37e-10	7.12e-10	1.19e-09	1.28e-05	2.55e-05	3.19e-29
 1.35798e+16	3.33e-09	4.67e-05	2.11e-02	2.01e-01	7.78e-01	0.00e+00	0.00e+00	3.04e-10	9.13e-10	1.52e-09	1.55e-05	3.11e-05	5.54e-29
 1.39061e+16	4.20e-09	5.58e-05	2.43e-02	2.16e-01	7.60e-01	0.00e+00	0.00e+00	3.84e-10	1.15e-09	1.92e-09	1.86e-05	3.72e-05	8.64e-29
 1.41960e+16	5.48e-09	6.95e-05	2.79e-02	2.30e-01	7.42e-01	0.00e+00	0.00e+00	5.02e-10	1.51e-09	2.51e-09	2.31e-05	4.63e-05	1.63e-28
 1.44539e+16	6.79e-09	8.24e-05	3.15e-02	2.44e-01	7.24e-01	0.00e+00	0.00e+00	6.22e-10	1.87e-09	3.11e-09	2.75e-05	5.49e-05	2.59e-28
 1.47371e+16	8.71e-09	1.00e-04	3.62e-02	2.60e-01	7.03e-01	0.00e+00	0.00e+00	8.00e-10	2.40e-09	4.00e-09	3.34e-05	6.68e-05	4.45e-28
 1.50408e+16	1.10e-08	1.19e-04	4.18e-02	2.78e-01	6.80e-01	0.00e+00	0.00e+00	1.01e-09	3.02e-09	5.03e-09	3.98e-05	7.96e-05	6.87e-28
 1.53077e+16	1.44e-08	1.49e-04	4.79e-02	2.96e-01	6.56e-01	0.00e+00	0.00e+00	1.33e-09	3.98e-09	6.64e-09	4.97e-05	9.93e-05	1.33e-27
 1.55053e+16	1.70e-08	1.70e-04	5.27e-02	3.09e-01	6.38e-01	0.00e+00	0.00e+00	1.57e-09	4.70e-09	7.83e-09	5.66e-05	1.13e-04	1.84e-27
 1.56763e+16	1.98e-08	1.90e-04	5.76e-02	3.22e-01	6.20e-01	0.00e+00	0.00e+00	1.82e-09	5.46e-09	9.10e-09	6.34e-05	1.27e-04	2.51e-27
 1.58987e+16	2.43e-08	2.24e-04	6.49e-02	3.39e-01	5.96e-01	0.00e+00	0.00e+00	2.24e-09	6.73e-09	1.12e-08	7.46e-05	1.49e-04	3.95e-27
 1.61493e+16	3.21e-08	2.78e-04	7.45e-02	3.60e-01	5.65e-01	0.00e+00	0.00e+00	2.96e-09	8.87e-09	1.48e-08	9.27e-05	1.85e-04	7.55e-27
 1.63759e+16	3.94e-08	3.24e-04	8.41e-02	3.80e-01	5.36e-01	0.00e+00	0.00e+00	3.64e-09	1.09e-08	1.82e-08	1.08e-04	2.16e-04	1.14e-26
 1.65699e+16	4.86e-08	3.81e-04	9.39e-02	3.97e-01	5.08e-01	0.00e+00	0.00e+00	4.49e-09	1.35e-08	2.24e-08	1.27e-04	2.54e-04	1.81e-26
 1.67530e+16	5.95e-08	4.44e-04	1.04e-01	4.15e-01	4.80e-01	0.00e+00	0.00e+00	5.50e-09	1.65e-08	2.75e-08	1.48e-04	2.96e-04	2.90e-26
 1.69321e+16	7.51e-08	5.32e-04	1.16e-01	4.34e-01	4.49e-01	0.00e+00	0.00e+00	6.95e-09	2.08e-08	3.47e-08	1.77e-04	3.54e-04	5.12e-26
 1.71013e+16	9.26e-08	6.21e-04	1.29e-01	4.52e-01	4.19e-01	0.00e+00	0.00e+00	8.58e-09	2.57e-08	4.29e-08	2.07e-04	4.14e-04	8.33e-26
 1.72566e+16	1.11e-07	7.11e-04	1.42e-01	4.69e-01	3.89e-01	0.00e+00	0.00e+00	1.03e-08	3.08e-08	5.13e-08	2.37e-04	4.74e-04	1.26e-25
 1.74038e+16	1.30e-07	7.97e-04	1.55e-01	4.85e-01	3.59e-01	0.00e+00	0.00e+00	1.21e-08	3.62e-08	6.03e-08	2.66e-04	5.31e-04	1.79e-25
 1.75471e+16	1.57e-07	9.13e-04	1.69e-01	5.02e-01	3.28e-01	0.00e+00	0.00e+00	1.46e-08	4.37e-08	7.27e-08	3.05e-04	6.09e-04	2.80e-25
 1.76818e+16	1.88e-07	1.04e-03	1.84e-01	5.17e-01	2.98e-01	0.00e+00	0.00e+00	1.75e-08	5.25e-08	8.75e-08	3.48e-04	6.95e-04	4.40e-25
 1.78028e+16	2.23e-07	1.18e-03	1.99e-01	5.31e-01	2.69e-01	0.00e+00	0.00e+00	2.08e-08	6.24e-08	1.04e-07	3.92e-04	7.84e-04	6.70e-25
 1.79128e+16	2.62e-07	1.31e-03	2.13e-01	5.44e-01	2.42e-01	0.00e+00	0.00e+00	2.45e-08	7.33e-08	1.22e-07	4.39e-04	8.76e-04	1.00e-24
 1.80162e+16	3.17e-07	1.50e-03	2.27e-01	5.56e-01	2.16e-01	0.00e+00	0.00e+00	2.96e-08	8.89e-08	1.48e-07	4.99e-04	9.96e-04	1.65e-24
 1.81061e+16	3.59e-07	1.63e-03	2.40e-01	5.65e-01	1.93e-01	0.00e+00	0.00e+00	3.36e-08	1.01e-07	1.68e-07	5.43e-04	1.08e-03	2.25e-24
 1.81748e+16	3.99e-07	1.74e-03	2.50e-01	5.73e-01	1.76e-01	0.00e+00	0.00e+00	3.74e-08	1.12e-07	1.87e-07	5.81e-04	1.16e-03	2.92e-24
 1.82310e+16	4.36e-07	1.84e-03	2.58e-01	5.78e-01	1.62e-01	0.00e+00	0.00e+00	4.09e-08	1.23e-07	2.04e-07	6.15e-04	1.23e-03	3.65e-24
 1.82929e+16	4.87e-07	1.97e-03	2.68e-01	5.85e-01	1.46e-01	0.00e+00	0.00e+00	4.57e-08	1.37e-07	2.28e-07	6.56e-04	1.31e-03	4.78e-24
 1.83594e+16	5.36e-07	2.10e-03	2.78e-01	5.91e-01	1.29e-01	0.00e+00	0.00e+00	5.04e-08	1.51e-07	2.51e-07	7.00e-04	1.40e-03	6.22e-24
 1.84180e+16	5.90e-07	2.21e-03	2.87e-01	5.95e-01	1.16e-01	0.00e+00	0.00e+00	5.55e-08	1.67e-07	2.77e-07	7.39e-04	1.47e-03	7.75e-24
 1.84717e+16	6.38e-07	2.33e-03	2.95e-01	6.00e-01	1.03e-01	0.00e+00	0.00e+00	6.01e-08	1.80e-07	3.00e-07	7.78e-04	1.55e-03	9.63e-24
