#depth	C	C+	C+2	C+3	C+4	C+5	C+6	C[1]	C[2]	C[3]	C+[1]	C+[2]	CO
 1.49634e+10	0.00e+00	0.00e+00	7.67e-27	1.46e-16	1.45e-05	1.35e-01	8.65e-01	0.00e+00	0.00e+00	0.00e+00	0.00e+00	0.00e+00	0.00e+00
 4.54887e+10	0.00e+00	1.36e-37	1.04e-26	1.82e-16	1.68e-05	1.45e-01	8.55e-01	0.00e+00	0.00e+00	0.00e+00	0.00e+00	0.00e+00	0.00e+00
 7.72350e+10	0.00e+00	0.00e+00	1.41e-26	2.29e-16	1.94e-05	1.55e-01	8.45e-01	0.00e+00	0.00e+00	0.00e+00	0.00e+00	0.00e+00	0.00e+00
 1.10251e+11	0.00e+00	2.91e-37	1.91e-26	2.86e-16	2.25e-05	1.65e-01	8.35e-01	0.00e+00	0.00e+00	0.00e+00	0.00e+00	0.00e+00	0.00e+00
 1.44588e+11	0.00e+00	0.00e+00	2.58e-26	3.58e-16	2.60e-05	1.77e-01	8.23e-01	0.00e+00	0.00e+00	0.00e+00	0.00e+00	0.00e+00	0.00e+00
 1.80298e+11	0.00e+00	6.24e-37	3.49e-26	4.47e-16	3.01e-05	1.89e-01	8.11e-01	0.00e+00	0.00e+00	0.00e+00	0.00e+00	0.00e+00	0.00e+00
 2.17437e+11	0.00e+00	0.00e+00	4.72e-26	5.59e-16	3.47e-05	2.01e-01	7.99e-01	0.00e+00	0.00e+00	0.00e+00	0.00e+00	0.00e+00	0.00e+00
 2.56061e+11	0.00e+00	1.33e-36	6.36e-26	6.97e-16	4.00e-05	2.14e-01	7.86e-01	0.00e+00	0.00e+00	0.00e+00	0.00e+00	0.00e+00	0.00e+00
 2.96231e+11	5.57e-48	1.94e-36	8.58e-26	8.69e-16	4.61e-05	2.28e-01	7.72e-01	0.00e+00	0.00e+00	0.00e+00	0.00e+00	0.00e+00	0.00e+00
 3.38007e+11	0.00e+00	0.00e+00	1.16e-25	1.08e-15	5.30e-05	2.42e-01	7.58e-01	0.00e+00	0.00e+00	0.00e+00	0.00e+00	0.00e+00	0.00e+00
 3.77033e+11	0.00e+00	3.96e-36	1.51e-25	1.32e-15	6.01e-05	2.55e-01	7.45e-01	0.00e+00	0.00e+00	0.00e+00	0.00e+00	0.00e+00	0.00e+00
 4.11493e+11	1.87e-47	5.29e-36	1.89e-25	1.55e-15	6.69e-05	2.67e-01	7.33e-01	0.00e+00	0.00e+00	0.00e+00	0.00e+00	0.00e+00	0.00e+00
 4.49973e+11	0.00e+00	0.00e+00	2.42e-25	1.86e-15	7.50e-05	2.80e-01	7.20e-01	0.00e+00	0.00e+00	0.00e+00	0.00e+00	0.00e+00	0.00e+00
 4.96121e+11	0.00e+00	1.03e-35	3.22e-25	2.29e-15	8.55e-05	2.96e-01	7.04e-01	0.00e+00	0.00e+00	0.00e+00	0.00e+00	0.00e+00	0.00e+00
 5.42470e+11	6.41e-47	1.46e-35	4.22e-25	2.80e-15	9.70e-05	3.11e-01	6.89e-01	0.00e+00	0.00e+00	0.00e+00	0.00e+00	0.00e+00	0.00e+00
 5.85151e+11	0.00e+00	0.00e+00	5.38e-25	3.34e-15	1.08e-04	3.25e-01	6.74e-01	0.00e+00	0.00e+00	0.00e+00	0.00e+00	0.00e+00	0.00e+00
 6.32831e+11	0.00e+00	2.77e-35	6.99e-25	4.03e-15	1.22e-04	3.41e-01	6.59e-01	0.00e+00	0.00e+00	0.00e+00	0.00e+00	0.00e+00	2.72e-169
 6.87939e+11	2.17e-46	4.00e-35	9.32e-25	4.98e-15	1.39e-04	3.59e-01	6.41e-01	0.00e+00	0.00e+00	0.00e+00	0.00e+00	0.00e+00	1.43e-233
 7.41792e+11	0.00e+00	0.00e+00	1.22e-24	6.06e-15	1.57e-04	3.76e-01	6.23e-01	0.00e+00	0.00e+00	0.00e+00	0.00e+00	0.00e+00	4.86e-298
 7.92984e+11	0.00e+00	7.73e-35	1.56e-24	7.25e-15	1.76e-04	3.92e-01	6.07e-01	0.00e+00	0.00e+00	0.00e+00	0.00e+00	0.00e+00	1.06e-167
 8.49816e+11	7.30e-46	1.08e-34	2.04e-24	8.78e-15	1.98e-04	4.10e-01	5.90e-01	0.00e+00	0.00e+00	0.00e+00	0.00e+00	0.00e+00	1.51e-232
 9.13735e+11	0.00e+00	1.56e-34	2.71e-24	1.08e-14	2.25e-04	4.29e-01	5.70e-01	0.00e+00	0.00e+00	0.00e+00	0.00e+00	0.00e+00	1.39e-297
 9.78192e+11	1.74e-45	2.21e-34	3.57e-24	1.31e-14	2.54e-04	4.48e-01	5.52e-01	0.00e+00	0.00e+00	0.00e+00	0.00e+00	0.00e+00	2.99e-144
 1.04523e+12	0.00e+00	3.15e-34	4.69e-24	1.60e-14	2.86e-04	4.67e-01	5.32e-01	0.00e+00	0.00e+00	0.00e+00	0.00e+00	0.00e+00	1.06e-209
 1.11696e+12	4.15e-45	4.51e-34	6.21e-24	1.96e-14	3.24e-04	4.87e-01	5.13e-01	0.00e+00	0.00e+00	0.00e+00	0.00e+00	0.00e+00	2.41e-275
 1.19157e+12	0.00e+00	6.46e-34	8.22e-24	2.39e-14	3.65e-04	5.07e-01	4.93e-01	0.00e+00	0.00e+00	0.00e+00	0.00e+00	0.00e+00	2.24e-164
 1.26916e+12	9.96e-45	9.24e-34	1.09e-23	2.92e-14	4.12e-04	5.27e-01	4.73e-01	0.00e+00	0.00e+00	0.00e+00	0.00e+00	0.00e+00	1.89e-230
 1.34985e+12	0.00e+00	1.32e-33	1.43e-23	3.56e-14	4.64e-04	5.46e-01	4.53e-01	0.00e+00	0.00e+00	0.00e+00	0.00e+00	0.00e+00	3.03e-163
 1.43377e+12	2.38e-44	1.88e-33	1.89e-23	4.33e-14	5.22e-04	5.66e-01	4.34e-01	0.00e+00	0.00e+00	0.00e+00	0.00e+00	0.00e+00	9.68e-230
 1.52105e+12	0.00e+00	2.68e-33	2.49e-23	5.27e-14	5.86e-04	5.85e-01	4.14e-01	0.00e+00	0.00e+00	0.00e+00	0.00e+00	0.00e+00	4.09e-162
 1.61182e+12	5.66e-44	3.82e-33	3.27e-23	6.40e-14	6.57e-04	6.04e-01	3.95e-01	0.00e+00	0.00e+00	0.00e+00	0.00e+00	0.00e+00	4.91e-229
 1.70622e+12	0.00e+00	5.43e-33	4.30e-23	7.77e-14	7.36e-04	6.23e-01	3.76e-01	0.00e+00	0.00e+00	0.00e+00	0.00e+00	0.00e+00	5.50e-161
 1.80439e+12	1.34e-43	7.72e-33	5.64e-23	9.41e-14	8.23e-04	6.42e-01	3.58e-01	0.00e+00	0.00e+00	0.00e+00	0.00e+00	0.00e+00	2.45e-228
 1.90650e+12	0.00e+00	1.10e-32	7.40e-23	1.14e-13	9.20e-04	6.60e-01	3.39e-01	0.00e+00	0.00e+00	0.00e+00	0.00e+00	0.00e+00	7.40e-160
 2.00626e+12	3.09e-43	1.52e-32	9.53e-23	1.36e-13	1.02e-03	6.76e-01	3.23e-01	0.00e+00	0.00e+00	0.00e+00	0.00e+00	0.00e+00	1.23e-227
 2.09822e+12	0.00e+00	2.04e-32	1.19e-22	1.60e-13	1.12e-03	6.91e-01	3.08e-01	0.00e+00	0.00e+00	0.00e+00	0.00e+00	0.00e+00	7.44e-159
 2.19998e+12	6.50e-43	2.79e-32	1.52e-22	1.89e-13	1.23e-03	7.06e-01	2.93e-01	0.00e+00	0.00e+00	0.00e+00	0.00e+00	0.00e+00	4.95e-227
 2.31761e+12	0.00e+00	3.95e-32	1.99e-22	2.28e-13	1.37e-03	7.22e-01	2.77e-01	0.00e+00	0.00e+00	0.00e+00	0.00e+00	0.00e+00	8.73e-158
 2.43334e+12	1.49e-42	5.48e-32	2.56e-22	2.72e-13	1.52e-03	7.37e-01	2.62e-01	0.00e+00	0.00e+00	0.00e+00	0.00e+00	0.00e+00	2.11e-226
 2.55371e+12	0.00e+00	7.62e-32	3.29e-22	3.24e-13	1.68e-03	7.51e-01	2.47e-01	0.00e+00	0.00e+00	0.00e+00	0.00e+00	0.00e+00	1.02e-156
 2.68578e+12	3.43e-42	1.08e-31	4.30e-22	3.91e-13	1.86e-03	7.65e-01	2.33e-01	0.00e+00	0.00e+00	0.00e+00	0.00e+00	0.00e+00	7.57e-226
 2.81943e+12	0.00e+00	1.51e-31	5.57e-22	4.68e-13	2.06e-03	7.79e-01	2.19e-01	0.00e+00	0.00e+00	0.00e+00	0.00e+00	0.00e+00	1.33e-155
 2.95843e+12	7.89e-42	2.12e-31	7.22e-22	5.60e-13	2.28e-03	7.92e-01	2.06e-01	0.00e+00	0.00e+00	0.00e+00	0.00e+00	0.00e+00	2.61e-225
 3.10669e+12	0.00e+00	3.00e-31	9.42e-22	6.74e-13	2.53e-03	8.05e-01	1.93e-01	0.00e+00	0.00e+00	0.00e+00	0.00e+00	0.00e+00	1.74e-154
 3.26089e+12	1.85e-41	4.24e-31	1.23e-21	8.10e-13	2.80e-03	8.17e-01	1.80e-01	0.00e+00	0.00e+00	0.00e+00	0.00e+00	0.00e+00	4.26e-225
 3.42125e+12	0.00e+00	5.99e-31	1.60e-21	9.73e-13	3.10e-03	8.28e-01	1.69e-01	0.00e+00	0.00e+00	0.00e+00	0.00e+00	0.00e+00	2.36e-153
 3.58803e+12	4.36e-41	8.47e-31	2.09e-21	1.17e-12	3.43e-03	8.39e-01	1.57e-01	0.00e+00	0.00e+00	0.00e+00	0.00e+00	0.00e+00	9.54e-225
 3.76147e+12	0.00e+00	1.20e-30	2.72e-21	1.41e-12	3.80e-03	8.49e-01	1.47e-01	0.00e+00	0.00e+00	0.00e+00	0.00e+00	0.00e+00	3.22e-152
 3.94186e+12	1.03e-40	1.70e-30	3.55e-21	1.69e-12	4.20e-03	8.59e-01	1.37e-01	0.00e+00	0.00e+00	0.00e+00	0.00e+00	0.00e+00	0.00e+00
 4.12946e+12	0.00e+00	2.40e-30	4.64e-21	2.03e-12	4.65e-03	8.68e-01	1.27e-01	0.00e+00	0.00e+00	0.00e+00	0.00e+00	0.00e+00	4.42e-151
 4.30582e+12	2.33e-40	3.29e-30	5.90e-21	2.39e-12	5.09e-03	8.76e-01	1.19e-01	0.00e+00	0.00e+00	0.00e+00	0.00e+00	0.00e+00	0.00e+00
 4.46343e+12	0.00e+00	4.32e-30	7.26e-21	2.76e-12	5.51e-03	8.82e-01	1.13e-01	0.00e+00	0.00e+00	0.00e+00	0.00e+00	0.00e+00	4.05e-150
 4.64029e+12	4.72e-40	5.82e-30	9.12e-21	3.23e-12	6.00e-03	8.88e-01	1.06e-01	0.00e+00	0.00e+00	0.00e+00	0.00e+00	0.00e+00	0.00e+00
 4.85002e+12	0.00e+00	8.19e-30	1.18e-20	3.87e-12	6.61e-03	8.95e-01	9.83e-02	0.00e+00	0.00e+00	0.00e+00	0.00e+00	0.00e+00	4.49e-149
 5.05993e+12	1.08e-39	1.14e-29	1.52e-20	4.59e-12	7.26e-03	9.01e-01	9.15e-02	0.00e+00	0.00e+00	0.00e+00	0.00e+00	0.00e+00	0.00e+00
 5.25678e+12	0.00e+00	1.53e-29	1.91e-20	5.37e-12	7.91e-03	9.06e-01	8.58e-02	0.00e+00	0.00e+00	0.00e+00	0.00e+00	0.00e+00	4.74e-148
 5.47552e+12	2.33e-39	2.11e-29	2.44e-20	6.35e-12	8.66e-03	9.11e-01	7.99e-02	0.00e+00	0.00e+00	0.00e+00	0.00e+00	0.00e+00	1.90e-221
 5.72447e+12	0.00e+00	3.00e-29	3.19e-20	7.64e-12	9.57e-03	9.17e-01	7.39e-02	0.00e+00	0.00e+00	0.00e+00	0.00e+00	0.00e+00	5.97e-147
 5.97212e+12	5.47e-39	4.22e-29	4.14e-20	9.12e-12	1.05e-02	9.21e-01	6.85e-02	0.00e+00	0.00e+00	0.00e+00	0.00e+00	0.00e+00	0.00e+00
 6.22968e+12	0.00e+00	5.92e-29	5.36e-20	1.09e-11	1.16e-02	9.25e-01	6.34e-02	0.00e+00	0.00e+00	0.00e+00	0.00e+00	0.00e+00	7.61e-146
 6.50879e+12	1.29e-38	8.45e-29	7.04e-20	1.31e-11	1.28e-02	9.29e-01	5.85e-02	0.00e+00	0.00e+00	0.00e+00	0.00e+00	0.00e+00	0.00e+00
 6.79907e+12	0.00e+00	1.21e-28	9.23e-20	1.58e-11	1.41e-02	9.32e-01	5.39e-02	0.00e+00	0.00e+00	0.00e+00	0.00e+00	0.00e+00	1.10e-144
 7.07248e+12	2.99e-38	1.67e-28	1.18e-19	1.87e-11	1.55e-02	9.35e-01	5.00e-02	0.00e+00	0.00e+00	0.00e+00	0.00e+00	0.00e+00	0.00e+00
 7.31785e+12	0.00e+00	2.21e-28	1.46e-19	2.16e-11	1.67e-02	9.36e-01	4.68e-02	0.00e+00	0.00e+00	0.00e+00	0.00e+00	0.00e+00	1.05e-143
 7.59373e+12	6.21e-38	3.00e-28	1.85e-19	2.54e-11	1.82e-02	9.38e-01	4.35e-02	0.00e+00	0.00e+00	0.00e+00	0.00e+00	0.00e+00	5.37e-216
 7.91962e+12	0.00e+00	4.27e-28	2.42e-19	3.05e-11	2.00e-02	9.40e-01	4.01e-02	0.00e+00	0.00e+00	0.00e+00	0.00e+00	0.00e+00	1.24e-142
 8.24478e+12	1.45e-37	5.97e-28	3.13e-19	3.64e-11	2.20e-02	9.41e-01	3.70e-02	0.00e+00	0.00e+00	0.00e+00	0.00e+00	0.00e+00	0.00e+00
 8.55067e+12	0.00e+00	8.12e-28	3.96e-19	4.27e-11	2.39e-02	9.42e-01	3.44e-02	0.00e+00	0.00e+00	0.00e+00	0.00e+00	0.00e+00	1.37e-141
 8.89035e+12	3.20e-37	1.13e-27	5.10e-19	5.07e-11	2.62e-02	9.42e-01	3.17e-02	0.00e+00	0.00e+00	0.00e+00	0.00e+00	0.00e+00	0.00e+00
 9.27589e+12	0.00e+00	1.63e-27	6.74e-19	6.13e-11	2.89e-02	9.42e-01	2.90e-02	0.00e+00	0.00e+00	0.00e+00	0.00e+00	0.00e+00	1.82e-140
 9.65542e+12	7.69e-37	2.29e-27	8.75e-19	7.32e-11	3.17e-02	9.42e-01	2.67e-02	0.00e+00	0.00e+00	0.00e+00	0.00e+00	0.00e+00	0.00e+00
 1.00501e+13	0.00e+00	3.24e-27	1.14e-18	8.75e-11	3.48e-02	9.41e-01	2.45e-02	0.00e+00	0.00e+00	0.00e+00	0.00e+00	0.00e+00	2.34e-139
 1.04821e+13	1.86e-36	4.68e-27	1.51e-18	1.06e-10	3.84e-02	9.39e-01	2.23e-02	0.00e+00	0.00e+00	0.00e+00	0.00e+00	0.00e+00	0.00e+00
 1.09156e+13	0.00e+00	6.64e-27	1.97e-18	1.27e-10	4.22e-02	9.37e-01	2.05e-02	0.00e+00	0.00e+00	0.00e+00	0.00e+00	0.00e+00	3.35e-138
 1.13664e+13	4.46e-36	9.50e-27	2.59e-18	1.53e-10	4.64e-02	9.35e-01	1.87e-02	0.00e+00	0.00e+00	0.00e+00	0.00e+00	0.00e+00	0.00e+00
 1.18342e+13	0.00e+00	1.35e-26	3.40e-18	1.84e-10	5.10e-02	9.32e-01	1.70e-02	0.00e+00	0.00e+00	0.00e+00	0.00e+00	0.00e+00	4.65e-137
 1.22925e+13	1.05e-35	1.89e-26	4.40e-18	2.19e-10	5.56e-02	9.29e-01	1.56e-02	0.00e+00	0.00e+00	0.00e+00	0.00e+00	0.00e+00	0.00e+00
 1.27860e+13	0.00e+00	2.68e-26	5.74e-18	2.62e-10	6.09e-02	9.25e-01	1.43e-02	0.00e+00	0.00e+00	0.00e+00	0.00e+00	0.00e+00	5.78e-136
 1.33274e+13	2.53e-35	3.87e-26	7.60e-18	3.17e-10	6.71e-02	9.20e-01	1.29e-02	0.00e+00	0.00e+00	0.00e+00	0.00e+00	0.00e+00	0.00e+00
 1.38904e+13	0.00e+00	5.59e-26	1.01e-17	3.83e-10	7.37e-02	9.15e-01	1.17e-02	0.00e+00	0.00e+00	0.00e+00	0.00e+00	0.00e+00	8.66e-135
 1.44759e+13	6.28e-35	8.06e-26	1.34e-17	4.63e-10	8.10e-02	9.08e-01	1.06e-02	0.00e+00	0.00e+00	0.00e+00	0.00e+00	0.00e+00	0.00e+00
 1.50849e+13	9.87e-35	1.16e-25	1.77e-17	5.60e-10	8.90e-02	9.01e-01	9.58e-03	0.00e+00	0.00e+00	0.00e+00	0.00e+00	0.00e+00	1.15e-115
 1.56352e+13	1.46e-34	1.60e-25	2.26e-17	6.61e-10	9.65e-02	8.95e-01	8.76e-03	0.00e+00	0.00e+00	0.00e+00	0.00e+00	0.00e+00	5.80e-98
 1.60931e+13	2.00e-34	2.06e-25	2.75e-17	7.53e-10	1.03e-01	8.89e-01	8.16e-03	0.00e+00	0.00e+00	0.00e+00	0.00e+00	0.00e+00	0.00e+00
 1.65944e+13	2.81e-34	2.71e-25	3.39e-17	8.68e-10	1.10e-01	8.82e-01	7.53e-03	0.00e+00	0.00e+00	0.00e+00	0.00e+00	0.00e+00	1.83e-114
 1.72302e+13	4.24e-34	3.79e-25	4.39e-17	1.03e-09	1.20e-01	8.73e-01	6.84e-03	0.00e+00	0.00e+00	0.00e+00	0.00e+00	0.00e+00	6.25e-97
 1.78937e+13	6.41e-34	5.30e-25	5.68e-17	1.23e-09	1.30e-01	8.64e-01	6.19e-03	0.00e+00	0.00e+00	0.00e+00	0.00e+00	0.00e+00	9.76e-286
 1.84803e+13	9.10e-34	7.04e-25	7.07e-17	1.42e-09	1.39e-01	8.55e-01	5.68e-03	0.00e+00	0.00e+00	0.00e+00	0.00e+00	0.00e+00	4.11e-113
 1.90281e+13	1.25e-33	9.09e-25	8.62e-17	1.62e-09	1.48e-01	8.46e-01	5.25e-03	0.00e+00	0.00e+00	0.00e+00	0.00e+00	0.00e+00	6.94e-96
 1.96538e+13	1.77e-33	1.21e-24	1.07e-16	1.88e-09	1.59e-01	8.36e-01	4.81e-03	0.00e+00	0.00e+00	0.00e+00	0.00e+00	0.00e+00	2.54e-280
 2.04225e+13	2.67e-33	1.68e-24	1.39e-16	2.23e-09	1.72e-01	8.24e-01	4.33e-03	0.00e+00	0.00e+00	0.00e+00	0.00e+00	0.00e+00	7.21e-112
 2.11882e+13	3.96e-33	2.32e-24	1.77e-16	2.63e-09	1.86e-01	8.10e-01	3.91e-03	0.00e+00	0.00e+00	0.00e+00	0.00e+00	0.00e+00	9.08e-95
 2.18536e+13	5.49e-33	3.02e-24	2.18e-16	3.02e-09	1.97e-01	7.99e-01	3.58e-03	0.00e+00	0.00e+00	0.00e+00	0.00e+00	0.00e+00	4.94e-111
 2.25776e+13	7.72e-33	3.99e-24	2.70e-16	3.48e-09	2.10e-01	7.86e-01	3.27e-03	0.00e+00	0.00e+00	0.00e+00	0.00e+00	0.00e+00	4.05e-94
 2.34615e+13	1.15e-32	5.52e-24	3.47e-16	4.11e-09	2.27e-01	7.70e-01	2.93e-03	0.00e+00	0.00e+00	0.00e+00	0.00e+00	0.00e+00	3.65e-110
 2.43642e+13	1.70e-32	7.57e-24	4.43e-16	4.83e-09	2.43e-01	7.54e-01	2.62e-03	0.00e+00	0.00e+00	0.00e+00	0.00e+00	0.00e+00	2.38e-93
 2.51934e+13	2.40e-32	1.00e-23	5.49e-16	5.57e-09	2.59e-01	7.39e-01	2.38e-03	0.00e+00	0.00e+00	0.00e+00	0.00e+00	0.00e+00	2.66e-109
 2.61161e+13	3.46e-32	1.34e-23	6.89e-16	6.47e-09	2.76e-01	7.22e-01	2.13e-03	0.00e+00	0.00e+00	0.00e+00	0.00e+00	0.00e+00	1.17e-92
 2.71854e+13	5.17e-32	1.86e-23	8.87e-16	7.63e-09	2.96e-01	7.02e-01	1.89e-03	0.00e+00	0.00e+00	0.00e+00	0.00e+00	0.00e+00	2.17e-108
 2.82392e+13	7.55e-32	2.53e-23	1.12e-15	8.91e-09	3.15e-01	6.83e-01	1.68e-03	0.00e+00	0.00e+00	0.00e+00	0.00e+00	0.00e+00	6.90e-92
 2.92483e+13	1.07e-31	3.35e-23	1.39e-15	1.02e-08	3.34e-01	6.65e-01	1.51e-03	0.00e+00	0.00e+00	0.00e+00	0.00e+00	0.00e+00	1.60e-107
 3.03612e+13	1.54e-31	4.49e-23	1.74e-15	1.19e-08	3.54e-01	6.45e-01	1.34e-03	0.00e+00	0.00e+00	0.00e+00	0.00e+00	0.00e+00	3.49e-91
 3.16056e+13	2.26e-31	6.14e-23	2.22e-15	1.39e-08	3.76e-01	6.23e-01	1.18e-03	0.00e+00	0.00e+00	0.00e+00	0.00e+00	0.00e+00	1.30e-106
 3.27370e+13	3.17e-31	8.05e-23	2.73e-15	1.58e-08	3.96e-01	6.03e-01	1.06e-03	0.00e+00	0.00e+00	0.00e+00	0.00e+00	0.00e+00	1.85e-90
 3.36894e+13	4.15e-31	1.00e-22	3.22e-15	1.76e-08	4.12e-01	5.87e-01	9.65e-04	0.00e+00	0.00e+00	0.00e+00	0.00e+00	0.00e+00	7.20e-106
 3.47367e+13	5.54e-31	1.26e-22	3.84e-15	1.97e-08	4.29e-01	5.70e-01	8.73e-04	0.00e+00	0.00e+00	0.00e+00	0.00e+00	0.00e+00	6.78e-90
 3.59184e+13	7.57e-31	1.62e-22	4.65e-15	2.23e-08	4.48e-01	5.51e-01	7.82e-04	0.00e+00	0.00e+00	0.00e+00	0.00e+00	0.00e+00	3.96e-105
 3.70487e+13	1.01e-30	2.04e-22	5.54e-15	2.49e-08	4.66e-01	5.33e-01	7.06e-04	0.00e+00	0.00e+00	0.00e+00	0.00e+00	0.00e+00	2.75e-89
 3.82923e+13	1.36e-30	2.60e-22	6.66e-15	2.79e-08	4.85e-01	5.14e-01	6.32e-04	0.00e+00	0.00e+00	0.00e+00	0.00e+00	0.00e+00	2.15e-104
 3.96741e+13	1.88e-30	3.37e-22	8.10e-15	3.16e-08	5.06e-01	4.94e-01	5.60e-04	0.00e+00	0.00e+00	0.00e+00	0.00e+00	0.00e+00	1.21e-88
 4.09692e+13	2.52e-30	4.25e-22	9.64e-15	3.52e-08	5.24e-01	4.75e-01	5.02e-04	0.00e+00	0.00e+00	0.00e+00	0.00e+00	0.00e+00	1.27e-103
 4.23867e+13	3.41e-30	5.42e-22	1.16e-14	3.95e-08	5.43e-01	4.56e-01	4.46e-04	0.00e+00	0.00e+00	0.00e+00	0.00e+00	0.00e+00	4.98e-88
 4.39807e+13	4.74e-30	7.04e-22	1.41e-14	4.46e-08	5.64e-01	4.35e-01	3.92e-04	0.00e+00	0.00e+00	0.00e+00	0.00e+00	0.00e+00	8.08e-103
 4.55026e+13	6.39e-30	8.93e-22	1.69e-14	4.98e-08	5.83e-01	4.16e-01	3.48e-04	0.00e+00	0.00e+00	0.00e+00	0.00e+00	0.00e+00	2.26e-87
 4.71713e+13	8.76e-30	1.15e-21	2.03e-14	5.58e-08	6.03e-01	3.97e-01	3.06e-04	0.00e+00	0.00e+00	0.00e+00	0.00e+00	0.00e+00	4.98e-102
 4.89405e+13	1.21e-29	1.48e-21	2.46e-14	6.26e-08	6.22e-01	3.77e-01	2.68e-04	0.00e+00	0.00e+00	0.00e+00	0.00e+00	0.00e+00	1.06e-86
 5.04879e+13	1.58e-29	1.83e-21	2.88e-14	6.89e-08	6.39e-01	3.61e-01	2.40e-04	0.00e+00	0.00e+00	0.00e+00	0.00e+00	0.00e+00	2.88e-101
 5.21390e+13	2.08e-29	2.28e-21	3.38e-14	7.59e-08	6.55e-01	3.45e-01	2.13e-04	0.00e+00	0.00e+00	0.00e+00	0.00e+00	0.00e+00	4.02e-86
 5.41486e+13	2.87e-29	2.94e-21	4.08e-14	8.49e-08	6.74e-01	3.26e-01	1.86e-04	0.00e+00	0.00e+00	0.00e+00	0.00e+00	0.00e+00	1.75e-100
 5.61507e+13	3.91e-29	3.75e-21	4.88e-14	9.44e-08	6.91e-01	3.09e-01	1.62e-04	0.00e+00	0.00e+00	0.00e+00	0.00e+00	0.00e+00	1.91e-85
 5.79165e+13	5.07e-29	4.60e-21	5.68e-14	1.03e-07	7.06e-01	2.94e-01	1.45e-04	0.00e+00	0.00e+00	0.00e+00	0.00e+00	0.00e+00	9.84e-100
 5.98485e+13	6.68e-29	5.71e-21	6.65e-14	1.13e-07	7.20e-01	2.79e-01	1.28e-04	0.00e+00	0.00e+00	0.00e+00	0.00e+00	0.00e+00	7.29e-85
 6.21743e+13	9.18e-29	7.33e-21	7.98e-14	1.26e-07	7.37e-01	2.63e-01	1.11e-04	0.00e+00	0.00e+00	0.00e+00	0.00e+00	0.00e+00	6.05e-99
 6.45019e+13	1.25e-28	9.31e-21	9.51e-14	1.40e-07	7.52e-01	2.47e-01	9.62e-05	0.00e+00	0.00e+00	0.00e+00	0.00e+00	0.00e+00	3.49e-84
 6.66177e+13	1.63e-28	1.15e-20	1.11e-13	1.52e-07	7.65e-01	2.35e-01	8.51e-05	0.00e+00	0.00e+00	0.00e+00	0.00e+00	0.00e+00	3.53e-98
 6.89684e+13	2.16e-28	1.43e-20	1.30e-13	1.67e-07	7.78e-01	2.21e-01	7.46e-05	0.00e+00	0.00e+00	0.00e+00	0.00e+00	0.00e+00	1.42e-83
 7.17180e+13	2.98e-28	1.84e-20	1.56e-13	1.85e-07	7.93e-01	2.07e-01	6.40e-05	0.00e+00	0.00e+00	0.00e+00	0.00e+00	0.00e+00	2.31e-97
 7.44309e+13	4.04e-28	2.33e-20	1.85e-13	2.04e-07	8.06e-01	1.94e-01	5.55e-05	0.00e+00	0.00e+00	0.00e+00	0.00e+00	0.00e+00	6.98e-83
 7.69963e+13	5.32e-28	2.89e-20	2.15e-13	2.23e-07	8.17e-01	1.83e-01	4.86e-05	0.00e+00	0.00e+00	0.00e+00	0.00e+00	0.00e+00	1.41e-96
 7.98501e+13	7.14e-28	3.63e-20	2.54e-13	2.44e-07	8.28e-01	1.72e-01	4.22e-05	0.00e+00	0.00e+00	0.00e+00	0.00e+00	0.00e+00	3.03e-82
 8.30740e+13	9.83e-28	4.66e-20	3.03e-13	2.70e-07	8.40e-01	1.60e-01	3.61e-05	0.00e+00	0.00e+00	0.00e+00	0.00e+00	0.00e+00	9.76e-96
 8.63120e+13	1.34e-27	5.91e-20	3.59e-13	2.96e-07	8.51e-01	1.49e-01	3.11e-05	0.00e+00	0.00e+00	0.00e+00	0.00e+00	0.00e+00	1.55e-81
 8.96795e+13	1.82e-27	7.50e-20	4.25e-13	3.25e-07	8.61e-01	1.39e-01	2.68e-05	0.00e+00	0.00e+00	0.00e+00	0.00e+00	0.00e+00	6.85e-95
 9.32966e+13	2.50e-27	9.58e-20	5.06e-13	3.58e-07	8.71e-01	1.29e-01	2.29e-05	0.00e+00	0.00e+00	0.00e+00	0.00e+00	0.00e+00	7.92e-81
 9.70584e+13	3.43e-27	1.22e-19	6.01e-13	3.93e-07	8.80e-01	1.20e-01	1.96e-05	0.00e+00	0.00e+00	0.00e+00	0.00e+00	0.00e+00	5.12e-94
 1.00762e+14	4.63e-27	1.54e-19	7.07e-13	4.30e-07	8.88e-01	1.12e-01	1.69e-05	0.00e+00	0.00e+00	0.00e+00	0.00e+00	0.00e+00	4.00e-80
 1.04208e+14	6.05e-27	1.89e-19	8.17e-13	4.65e-07	8.95e-01	1.05e-01	1.48e-05	0.00e+00	0.00e+00	0.00e+00	0.00e+00	0.00e+00	3.13e-93
 1.07318e+14	7.65e-27	2.27e-19	9.27e-13	4.98e-07	9.00e-01	9.96e-02	1.31e-05	0.00e+00	0.00e+00	0.00e+00	0.00e+00	0.00e+00	1.51e-79
 1.10652e+14	9.77e-27	2.73e-19	1.06e-12	5.34e-07	9.06e-01	9.40e-02	1.16e-05	0.00e+00	0.00e+00	0.00e+00	0.00e+00	0.00e+00	1.45e-92
 1.14802e+14	1.31e-26	3.42e-19	1.24e-12	5.81e-07	9.12e-01	8.76e-02	1.00e-05	0.00e+00	0.00e+00	0.00e+00	0.00e+00	0.00e+00	6.26e-79
 1.18961e+14	1.74e-26	4.25e-19	1.44e-12	6.30e-07	9.18e-01	8.19e-02	8.70e-06	0.00e+00	0.00e+00	0.00e+00	0.00e+00	0.00e+00	9.18e-92
 1.22534e+14	2.20e-26	5.09e-19	1.63e-12	6.73e-07	9.23e-01	7.74e-02	7.74e-06	0.00e+00	0.00e+00	0.00e+00	0.00e+00	0.00e+00	2.50e-78
 1.26398e+14	2.82e-26	6.14e-19	1.85e-12	7.21e-07	9.27e-01	7.29e-02	6.84e-06	0.00e+00	0.00e+00	0.00e+00	0.00e+00	0.00e+00	4.34e-91
 1.31169e+14	3.78e-26	7.69e-19	2.17e-12	7.83e-07	9.32e-01	6.79e-02	5.90e-06	0.00e+00	0.00e+00	0.00e+00	0.00e+00	0.00e+00	1.06e-77
 1.35930e+14	5.02e-26	9.54e-19	2.52e-12	8.47e-07	9.37e-01	6.34e-02	5.12e-06	0.00e+00	0.00e+00	0.00e+00	0.00e+00	0.00e+00	2.78e-90
 1.40041e+14	6.36e-26	1.14e-18	2.85e-12	9.03e-07	9.40e-01	5.99e-02	4.55e-06	0.00e+00	0.00e+00	0.00e+00	0.00e+00	0.00e+00	4.31e-77
 1.44496e+14	8.16e-26	1.38e-18	3.24e-12	9.67e-07	9.44e-01	5.63e-02	4.01e-06	0.00e+00	0.00e+00	0.00e+00	0.00e+00	0.00e+00	1.33e-89
 1.49969e+14	1.10e-25	1.73e-18	3.78e-12	1.05e-06	9.48e-01	5.24e-02	3.46e-06	0.00e+00	0.00e+00	0.00e+00	0.00e+00	0.00e+00	1.86e-76
 1.55489e+14	1.46e-25	2.15e-18	4.39e-12	1.13e-06	9.51e-01	4.88e-02	2.99e-06	0.00e+00	0.00e+00	0.00e+00	0.00e+00	0.00e+00	4.05e-76
 1.60384e+14	1.87e-25	2.59e-18	4.98e-12	1.21e-06	9.54e-01	4.60e-02	2.65e-06	0.00e+00	0.00e+00	0.00e+00	0.00e+00	0.00e+00	7.90e-76
 1.65742e+14	2.43e-25	3.16e-18	5.70e-12	1.30e-06	9.57e-01	4.32e-02	2.32e-06	0.00e+00	0.00e+00	0.00e+00	0.00e+00	0.00e+00	1.60e-75
 1.72160e+14	3.28e-25	3.97e-18	6.66e-12	1.41e-06	9.60e-01	4.01e-02	2.00e-06	0.00e+00	0.00e+00	0.00e+00	0.00e+00	0.00e+00	3.63e-75
 1.78549e+14	4.38e-25	4.94e-18	7.73e-12	1.52e-06	9.63e-01	3.73e-02	1.73e-06	0.00e+00	0.00e+00	0.00e+00	0.00e+00	0.00e+00	7.99e-75
 1.84371e+14	5.66e-25	5.99e-18	8.81e-12	1.62e-06	9.65e-01	3.51e-02	1.52e-06	0.00e+00	0.00e+00	0.00e+00	0.00e+00	0.00e+00	1.60e-74
 1.90865e+14	7.46e-25	7.38e-18	1.01e-11	1.74e-06	9.67e-01	3.28e-02	1.33e-06	0.00e+00	0.00e+00	0.00e+00	0.00e+00	0.00e+00	3.39e-74
 1.98441e+14	1.02e-24	9.32e-18	1.19e-11	1.89e-06	9.70e-01	3.04e-02	1.13e-06	0.00e+00	0.00e+00	0.00e+00	0.00e+00	0.00e+00	7.87e-74
 2.05908e+14	1.36e-24	1.16e-17	1.38e-11	2.04e-06	9.72e-01	2.82e-02	9.80e-07	0.00e+00	0.00e+00	0.00e+00	0.00e+00	0.00e+00	1.76e-73
 2.12978e+14	1.78e-24	1.42e-17	1.58e-11	2.19e-06	9.74e-01	2.64e-02	0.00e+00	0.00e+00	0.00e+00	0.00e+00	0.00e+00	0.00e+00	3.66e-73
 2.20833e+14	2.38e-24	1.77e-17	1.83e-11	2.36e-06	9.75e-01	2.46e-02	0.00e+00	0.00e+00	0.00e+00	0.00e+00	0.00e+00	0.00e+00	8.04e-73
 2.29696e+14	3.25e-24	2.24e-17	2.15e-11	2.56e-06	9.77e-01	2.28e-02	0.00e+00	0.00e+00	0.00e+00	0.00e+00	0.00e+00	0.00e+00	1.89e-72
 2.38602e+14	4.40e-24	2.81e-17	2.50e-11	2.77e-06	9.79e-01	2.11e-02	0.00e+00	0.00e+00	0.00e+00	0.00e+00	0.00e+00	0.00e+00	4.32e-72
 2.47864e+14	5.96e-24	3.53e-17	2.92e-11	2.99e-06	9.80e-01	1.96e-02	0.00e+00	0.00e+00	0.00e+00	0.00e+00	0.00e+00	0.00e+00	9.87e-72
 2.57808e+14	8.14e-24	4.47e-17	3.42e-11	3.24e-06	9.82e-01	1.81e-02	0.00e+00	0.00e+00	0.00e+00	0.00e+00	0.00e+00	0.00e+00	2.32e-71
 2.67440e+14	1.09e-23	5.57e-17	3.96e-11	3.49e-06	9.83e-01	1.69e-02	0.00e+00	0.00e+00	0.00e+00	0.00e+00	1.78e-17	3.79e-17	5.13e-71
 2.76504e+14	1.42e-23	6.80e-17	4.53e-11	3.74e-06	9.84e-01	1.58e-02	0.00e+00	0.00e+00	0.00e+00	0.00e+00	2.26e-17	4.54e-17	1.06e-70
 2.86640e+14	1.89e-23	8.43e-17	5.24e-11	4.03e-06	9.85e-01	1.47e-02	0.00e+00	0.00e+00	0.00e+00	0.00e+00	2.80e-17	5.63e-17	2.31e-70
 2.96859e+14	2.49e-23	1.04e-16	6.03e-11	4.33e-06	9.86e-01	1.37e-02	0.00e+00	0.00e+00	0.00e+00	0.00e+00	3.45e-17	6.94e-17	4.91e-70
 3.05351e+14	3.12e-23	1.23e-16	6.76e-11	4.58e-06	9.87e-01	1.29e-02	0.00e+00	0.00e+00	0.00e+00	0.00e+00	4.08e-17	8.22e-17	9.06e-70
 3.14337e+14	3.92e-23	1.46e-16	7.60e-11	4.86e-06	9.88e-01	1.22e-02	0.00e+00	0.00e+00	0.00e+00	0.00e+00	4.85e-17	9.77e-17	1.69e-69
 3.25819e+14	5.21e-23	1.81e-16	8.79e-11	5.24e-06	9.89e-01	1.14e-02	0.00e+00	0.00e+00	0.00e+00	0.00e+00	6.01e-17	1.21e-16	3.66e-69
 3.37849e+14	6.94e-23	2.25e-16	1.02e-10	5.65e-06	9.89e-01	1.06e-02	0.00e+00	0.00e+00	0.00e+00	0.00e+00	7.47e-17	1.50e-16	8.09e-69
 3.48479e+14	8.86e-23	2.71e-16	1.15e-10	6.02e-06	9.90e-01	9.91e-03	0.00e+00	0.00e+00	0.00e+00	0.00e+00	8.99e-17	1.81e-16	1.56e-68
 3.59988e+14	1.15e-22	3.29e-16	1.32e-10	6.43e-06	9.91e-01	9.28e-03	0.00e+00	0.00e+00	0.00e+00	0.00e+00	1.09e-16	2.20e-16	3.14e-68
 3.73837e+14	1.54e-22	4.11e-16	1.53e-10	6.96e-06	9.91e-01	8.60e-03	0.00e+00	0.00e+00	0.00e+00	0.00e+00	1.37e-16	2.75e-16	7.05e-68
 3.87867e+14	2.06e-22	5.13e-16	1.78e-10	7.51e-06	9.92e-01	7.98e-03	0.00e+00	0.00e+00	0.00e+00	0.00e+00	1.70e-16	3.43e-16	1.56e-67
 4.01013e+14	2.69e-22	6.26e-16	2.04e-10	8.04e-06	9.93e-01	7.46e-03	0.00e+00	0.00e+00	0.00e+00	0.00e+00	2.08e-16	4.19e-16	3.19e-67
 4.15639e+14	3.56e-22	7.76e-16	2.36e-10	8.66e-06	9.93e-01	6.93e-03	0.00e+00	0.00e+00	0.00e+00	0.00e+00	2.57e-16	5.18e-16	6.86e-67
 4.31129e+14	4.75e-22	9.65e-16	2.74e-10	9.35e-06	9.94e-01	6.43e-03	0.00e+00	0.00e+00	0.00e+00	0.00e+00	3.20e-16	6.45e-16	1.51e-66
 4.44891e+14	6.09e-22	1.16e-15	3.11e-10	9.97e-06	9.94e-01	6.03e-03	0.00e+00	0.00e+00	0.00e+00	0.00e+00	3.86e-16	7.78e-16	2.95e-66
 4.59694e+14	7.88e-22	1.42e-15	3.55e-10	1.07e-05	9.94e-01	5.64e-03	0.00e+00	0.00e+00	0.00e+00	0.00e+00	4.70e-16	9.46e-16	5.94e-66
 4.77438e+14	1.06e-21	1.78e-15	4.15e-10	1.16e-05	9.95e-01	5.22e-03	0.00e+00	0.00e+00	0.00e+00	0.00e+00	5.89e-16	1.19e-15	1.34e-65
 4.94909e+14	1.41e-21	2.20e-15	4.80e-10	1.25e-05	9.95e-01	4.85e-03	0.00e+00	0.00e+00	0.00e+00	0.00e+00	7.30e-16	1.47e-15	2.89e-65
 5.10474e+14	1.80e-21	2.65e-15	5.45e-10	1.33e-05	9.95e-01	4.55e-03	0.00e+00	0.00e+00	0.00e+00	0.00e+00	8.79e-16	1.77e-15	5.61e-65
 5.27653e+14	2.33e-21	3.23e-15	6.24e-10	1.42e-05	9.96e-01	4.25e-03	0.00e+00	0.00e+00	0.00e+00	0.00e+00	1.07e-15	2.16e-15	1.13e-64
 5.48125e+14	3.15e-21	4.05e-15	7.28e-10	1.54e-05	9.96e-01	3.93e-03	0.00e+00	0.00e+00	0.00e+00	0.00e+00	1.34e-15	2.71e-15	2.56e-64
 5.68420e+14	4.19e-21	5.03e-15	8.44e-10	1.66e-05	9.96e-01	3.65e-03	0.00e+00	0.00e+00	0.00e+00	0.00e+00	1.67e-15	3.36e-15	5.56e-64
 5.86948e+14	5.39e-21	6.09e-15	9.62e-10	1.78e-05	9.97e-01	3.42e-03	0.00e+00	0.00e+00	0.00e+00	0.00e+00	2.02e-15	4.07e-15	1.10e-63
 6.07637e+14	7.07e-21	7.47e-15	1.11e-09	1.91e-05	9.97e-01	3.18e-03	0.00e+00	0.00e+00	0.00e+00	0.00e+00	2.48e-15	5.00e-15	2.31e-63
 6.31731e+14	9.59e-21	9.42e-15	1.30e-09	2.07e-05	9.97e-01	2.93e-03	0.00e+00	0.00e+00	0.00e+00	0.00e+00	3.12e-15	6.30e-15	5.28e-63
 6.55410e+14	1.28e-20	1.17e-14	1.50e-09	2.23e-05	9.97e-01	2.72e-03	0.00e+00	0.00e+00	0.00e+00	0.00e+00	3.88e-15	7.84e-15	1.16e-62
 6.77784e+14	1.66e-20	1.43e-14	1.72e-09	2.39e-05	9.97e-01	2.54e-03	0.00e+00	0.00e+00	0.00e+00	0.00e+00	4.74e-15	9.56e-15	2.37e-62
 7.02673e+14	2.21e-20	1.77e-14	1.99e-09	2.58e-05	9.98e-01	2.36e-03	0.00e+00	0.00e+00	0.00e+00	0.00e+00	5.87e-15	1.18e-14	5.12e-62
 7.30810e+14	3.00e-20	2.23e-14	2.34e-09	2.80e-05	9.98e-01	2.17e-03	0.00e+00	0.00e+00	0.00e+00	0.00e+00	7.40e-15	1.49e-14	1.18e-61
 7.57471e+14	3.97e-20	2.76e-14	2.70e-09	3.01e-05	9.98e-01	2.02e-03	0.00e+00	0.00e+00	0.00e+00	0.00e+00	9.16e-15	1.85e-14	2.54e-61
 7.81713e+14	5.08e-20	3.33e-14	3.07e-09	3.21e-05	9.98e-01	1.89e-03	0.00e+00	0.00e+00	0.00e+00	0.00e+00	1.10e-14	2.23e-14	4.97e-61
 8.09138e+14	6.65e-20	4.09e-14	3.52e-09	3.45e-05	9.98e-01	1.76e-03	0.00e+00	0.00e+00	0.00e+00	0.00e+00	1.35e-14	2.73e-14	1.04e-60
 8.41146e+14	8.99e-20	5.14e-14	4.12e-09	3.74e-05	9.98e-01	1.63e-03	0.00e+00	0.00e+00	0.00e+00	0.00e+00	1.70e-14	3.44e-14	2.37e-60
 8.71830e+14	1.19e-19	6.36e-14	4.76e-09	4.02e-05	9.98e-01	1.51e-03	0.00e+00	0.00e+00	0.00e+00	0.00e+00	2.10e-14	4.25e-14	5.12e-60
 8.99525e+14	1.52e-19	7.65e-14	5.40e-09	4.29e-05	9.99e-01	1.42e-03	0.00e+00	0.00e+00	0.00e+00	0.00e+00	2.53e-14	5.12e-14	1.00e-59
 9.25657e+14	1.91e-19	9.07e-14	6.06e-09	4.55e-05	9.99e-01	1.34e-03	0.00e+00	0.00e+00	0.00e+00	0.00e+00	3.00e-14	6.07e-14	1.85e-59
 9.54667e+14	2.42e-19	1.09e-13	6.86e-09	4.85e-05	9.99e-01	1.25e-03	0.00e+00	0.00e+00	0.00e+00	0.00e+00	3.60e-14	7.28e-14	3.56e-59
 9.87053e+14	3.15e-19	1.33e-13	7.84e-09	5.19e-05	9.99e-01	1.17e-03	0.00e+00	0.00e+00	0.00e+00	0.00e+00	4.39e-14	8.88e-14	7.32e-59
 1.01761e+15	4.00e-19	1.59e-13	8.86e-09	5.53e-05	9.99e-01	1.10e-03	0.00e+00	0.00e+00	0.00e+00	0.00e+00	5.25e-14	1.06e-13	1.41e-58
 1.05112e+15	5.16e-19	1.93e-13	1.01e-08	5.90e-05	9.99e-01	1.03e-03	0.00e+00	0.00e+00	0.00e+00	0.00e+00	6.36e-14	1.29e-13	2.83e-58
 1.08867e+15	6.79e-19	2.37e-13	1.16e-08	6.35e-05	9.99e-01	9.57e-04	0.00e+00	0.00e+00	0.00e+00	0.00e+00	7.84e-14	1.59e-13	5.99e-58
 1.12408e+15	8.75e-19	2.87e-13	1.32e-08	6.77e-05	9.99e-01	8.97e-04	0.00e+00	0.00e+00	0.00e+00	0.00e+00	9.48e-14	1.92e-13	1.20e-57
 1.16272e+15	1.14e-18	3.51e-13	1.51e-08	7.26e-05	9.99e-01	8.36e-04	0.00e+00	0.00e+00	0.00e+00	0.00e+00	1.16e-13	2.35e-13	2.48e-57
 1.20545e+15	1.52e-18	4.35e-13	1.75e-08	7.81e-05	9.99e-01	7.77e-04	0.00e+00	0.00e+00	0.00e+00	0.00e+00	1.44e-13	2.91e-13	5.43e-57
 1.24491e+15	1.95e-18	5.26e-13	1.99e-08	8.34e-05	9.99e-01	7.27e-04	0.00e+00	0.00e+00	0.00e+00	0.00e+00	1.74e-13	3.53e-13	1.08e-56
 1.28764e+15	2.55e-18	6.43e-13	2.28e-08	8.93e-05	9.99e-01	6.79e-04	0.00e+00	0.00e+00	0.00e+00	0.00e+00	2.12e-13	4.31e-13	2.26e-56
 1.33541e+15	3.38e-18	7.98e-13	2.64e-08	9.62e-05	9.99e-01	6.29e-04	0.00e+00	0.00e+00	0.00e+00	0.00e+00	2.63e-13	5.35e-13	4.94e-56
 1.38030e+15	4.39e-18	9.72e-13	3.02e-08	1.03e-04	9.99e-01	5.88e-04	0.00e+00	0.00e+00	0.00e+00	0.00e+00	3.20e-13	6.51e-13	1.01e-55
 1.42921e+15	5.75e-18	1.19e-12	3.47e-08	1.11e-04	9.99e-01	5.47e-04	0.00e+00	0.00e+00	0.00e+00	0.00e+00	3.93e-13	8.00e-13	2.12e-55
 1.48362e+15	7.73e-18	1.49e-12	4.03e-08	1.19e-04	9.99e-01	5.07e-04	0.00e+00	0.00e+00	0.00e+00	0.00e+00	4.91e-13	1.00e-12	4.80e-55
 1.53449e+15	1.00e-17	1.82e-12	4.62e-08	1.28e-04	9.99e-01	4.72e-04	0.00e+00	0.00e+00	0.00e+00	0.00e+00	5.99e-13	1.22e-12	9.87e-55
 1.58977e+15	1.32e-17	2.24e-12	5.32e-08	1.37e-04	9.99e-01	4.39e-04	0.00e+00	0.00e+00	0.00e+00	0.00e+00	7.39e-13	1.50e-12	2.12e-54
 1.65162e+15	1.78e-17	2.81e-12	6.21e-08	1.49e-04	9.99e-01	4.05e-04	0.00e+00	0.00e+00	0.00e+00	0.00e+00	9.25e-13	1.89e-12	4.79e-54
 1.71027e+15	2.34e-17	3.46e-12	7.15e-08	1.60e-04	9.99e-01	3.77e-04	0.00e+00	0.00e+00	0.00e+00	0.00e+00	1.14e-12	2.32e-12	1.02e-53
 1.77304e+15	3.08e-17	4.27e-12	8.27e-08	1.72e-04	9.99e-01	3.49e-04	0.00e+00	0.00e+00	0.00e+00	0.00e+00	1.40e-12	2.86e-12	2.16e-53
 1.84399e+15	4.19e-17	5.39e-12	9.69e-08	1.87e-04	9.99e-01	3.22e-04	0.00e+00	0.00e+00	0.00e+00	0.00e+00	1.77e-12	3.62e-12	5.08e-53
 1.91387e+15	5.57e-17	6.70e-12	1.13e-07	2.02e-04	1.00e+00	2.98e-04	0.00e+00	4.58e-18	1.38e-17	2.30e-17	2.20e-12	4.50e-12	1.11e-52
 1.98655e+15	7.41e-17	8.33e-12	1.31e-07	2.19e-04	1.00e+00	2.75e-04	0.00e+00	6.10e-18	1.83e-17	3.06e-17	2.74e-12	5.60e-12	2.45e-52
 2.06604e+15	1.00e-16	1.05e-11	1.54e-07	2.38e-04	1.00e+00	2.53e-04	0.00e+00	8.24e-18	2.47e-17	4.13e-17	3.44e-12	7.05e-12	5.62e-52
 2.14449e+15	1.33e-16	1.30e-11	1.79e-07	2.57e-04	1.00e+00	2.33e-04	0.00e+00	1.09e-17	3.28e-17	5.48e-17	4.28e-12	8.76e-12	1.23e-51
 2.20966e+15	1.67e-16	1.55e-11	2.02e-07	2.74e-04	1.00e+00	2.19e-04	0.00e+00	1.37e-17	4.12e-17	6.89e-17	5.09e-12	1.04e-11	2.32e-51
 2.26237e+15	1.99e-16	1.78e-11	2.22e-07	2.88e-04	1.00e+00	2.08e-04	0.00e+00	1.64e-17	4.92e-17	8.22e-17	5.83e-12	1.20e-11	3.77e-51
 2.32091e+15	2.40e-16	2.06e-11	2.47e-07	3.05e-04	9.99e-01	1.97e-04	0.00e+00	1.98e-17	5.96e-17	9.95e-17	6.76e-12	1.39e-11	6.43e-51
 2.39701e+15	3.06e-16	2.49e-11	2.82e-07	3.27e-04	9.99e-01	1.83e-04	0.00e+00	2.52e-17	7.58e-17	1.27e-16	8.15e-12	1.67e-11	1.26e-50
 2.47854e+15	3.92e-16	3.02e-11	3.23e-07	3.52e-04	9.99e-01	1.70e-04	0.00e+00	3.24e-17	9.72e-17	1.62e-16	9.89e-12	2.03e-11	2.52e-50
 2.55078e+15	4.84e-16	3.56e-11	3.63e-07	3.75e-04	9.99e-01	1.60e-04	0.00e+00	4.00e-17	1.20e-16	2.01e-16	1.17e-11	2.39e-11	4.55e-50
 2.62839e+15	6.03e-16	4.23e-11	4.11e-07	4.00e-04	9.99e-01	1.50e-04	0.00e+00	4.99e-17	1.50e-16	2.50e-16	1.38e-11	2.84e-11	8.42e-50
 2.72571e+15	7.86e-16	5.20e-11	4.77e-07	4.34e-04	9.99e-01	1.38e-04	0.00e+00	6.50e-17	1.95e-16	3.26e-16	1.70e-11	3.50e-11	1.78e-49
 2.82449e+15	1.02e-15	6.37e-11	5.52e-07	4.69e-04	9.99e-01	1.28e-04	0.00e+00	8.41e-17	2.53e-16	4.22e-16	2.08e-11	4.29e-11	3.68e-49
 2.91004e+15	1.26e-15	7.54e-11	6.23e-07	5.01e-04	9.99e-01	1.19e-04	0.00e+00	1.04e-16	3.13e-16	5.24e-16	2.47e-11	5.08e-11	6.77e-49
 3.00256e+15	1.57e-15	8.99e-11	7.09e-07	5.38e-04	9.99e-01	1.11e-04	0.00e+00	1.30e-16	3.91e-16	6.53e-16	2.94e-11	6.05e-11	1.27e-48
 3.11596e+15	2.04e-15	1.11e-10	8.25e-07	5.85e-04	9.99e-01	1.02e-04	0.00e+00	1.70e-16	5.09e-16	8.51e-16	3.62e-11	7.46e-11	2.70e-48
 3.23041e+15	2.57e-15	1.36e-10	9.56e-07	6.34e-04	9.99e-01	9.44e-05	0.00e+00	2.14e-16	6.41e-16	1.07e-15	4.43e-11	9.12e-11	5.52e-48
 3.33198e+15	3.17e-15	1.61e-10	1.09e-06	6.81e-04	9.99e-01	8.80e-05	0.00e+00	2.64e-16	7.92e-16	1.32e-15	5.26e-11	1.08e-10	1.02e-47
 3.44292e+15	3.96e-15	1.93e-10	1.24e-06	7.33e-04	9.99e-01	8.17e-05	0.00e+00	3.30e-16	9.91e-16	1.66e-15	6.31e-11	1.30e-10	1.99e-47
 3.57576e+15	5.12e-15	2.38e-10	1.45e-06	7.99e-04	9.99e-01	7.49e-05	0.00e+00	4.27e-16	1.28e-15	2.14e-15	7.77e-11	1.60e-10	4.25e-47
 3.70729e+15	6.50e-15	2.90e-10	1.68e-06	8.68e-04	9.99e-01	6.90e-05	0.00e+00	5.42e-16	1.63e-15	2.72e-15	9.48e-11	1.95e-10	8.77e-47
 3.82589e+15	7.99e-15	3.44e-10	1.91e-06	9.33e-04	9.99e-01	6.42e-05	0.00e+00	6.67e-16	2.00e-15	3.35e-15	1.13e-10	2.32e-10	1.65e-46
 3.95741e+15	9.96e-15	4.14e-10	2.19e-06	1.01e-03	9.99e-01	5.94e-05	0.00e+00	8.33e-16	2.50e-15	4.18e-15	1.35e-10	2.79e-10	3.24e-46
 4.11240e+15	1.28e-14	5.10e-10	2.56e-06	1.10e-03	9.99e-01	5.43e-05	0.00e+00	1.07e-15	3.21e-15	5.36e-15	1.67e-10	3.44e-10	7.02e-46
 4.26538e+15	1.61e-14	6.22e-10	2.97e-06	1.20e-03	9.99e-01	5.00e-05	0.00e+00	1.35e-15	4.05e-15	6.76e-15	2.03e-10	4.19e-10	1.46e-45
 4.40738e+15	1.98e-14	7.44e-10	3.39e-06	1.29e-03	9.99e-01	4.64e-05	0.00e+00	1.66e-15	4.99e-15	8.34e-15	2.43e-10	5.00e-10	2.84e-45
 4.56660e+15	2.46e-14	8.99e-10	3.91e-06	1.40e-03	9.99e-01	4.27e-05	0.00e+00	2.07e-15	6.22e-15	1.04e-14	2.94e-10	6.05e-10	5.76e-45
 4.74929e+15	3.13e-14	1.11e-09	4.59e-06	1.53e-03	9.98e-01	3.90e-05	0.00e+00	2.64e-15	7.92e-15	1.32e-14	3.63e-10	7.46e-10	1.27e-44
 4.92901e+15	3.91e-14	1.35e-09	5.33e-06	1.67e-03	9.98e-01	3.58e-05	0.00e+00	3.30e-15	9.91e-15	1.66e-14	4.43e-10	9.10e-10	2.69e-44
 5.11592e+15	4.89e-14	1.65e-09	6.19e-06	1.82e-03	9.98e-01	3.28e-05	0.00e+00	4.13e-15	1.24e-14	2.07e-14	5.41e-10	1.11e-09	5.72e-44
 5.28621e+15	5.90e-14	1.97e-09	7.06e-06	1.97e-03	9.98e-01	3.05e-05	0.00e+00	4.99e-15	1.50e-14	2.50e-14	6.44e-10	1.32e-09	1.11e-43
 5.41325e+15	6.79e-14	2.23e-09	7.76e-06	2.07e-03	9.98e-01	2.89e-05	0.00e+00	5.75e-15	1.73e-14	2.88e-14	7.31e-10	1.50e-09	1.75e-43
 5.54448e+15	7.80e-14	2.53e-09	8.55e-06	2.19e-03	9.98e-01	2.73e-05	0.00e+00	6.61e-15	1.98e-14	3.32e-14	8.30e-10	1.70e-09	2.85e-43
 5.71509e+15	9.28e-14	2.98e-09	9.66e-06	2.35e-03	9.98e-01	2.55e-05	0.00e+00	7.88e-15	2.36e-14	3.95e-14	9.77e-10	2.00e-09	5.29e-43
 5.89970e+15	1.11e-13	3.53e-09	1.10e-05	2.53e-03	9.97e-01	2.37e-05	0.00e+00	9.43e-15	2.83e-14	4.73e-14	1.16e-09	2.37e-09	1.02e-42
 6.06625e+15	1.30e-13	4.09e-09	1.23e-05	2.70e-03	9.97e-01	2.22e-05	0.00e+00	1.10e-14	3.32e-14	5.54e-14	1.34e-09	2.75e-09	1.80e-42
 6.24652e+15	1.53e-13	4.78e-09	1.38e-05	2.89e-03	9.97e-01	2.08e-05	0.00e+00	1.30e-14	3.92e-14	6.54e-14	1.57e-09	3.21e-09	3.33e-42
 6.47539e+15	1.87e-13	5.80e-09	1.59e-05	3.14e-03	9.97e-01	1.92e-05	0.00e+00	1.59e-14	4.79e-14	7.99e-14	1.90e-09	3.89e-09	7.12e-42
 6.70582e+15	2.25e-13	6.98e-09	1.83e-05	3.40e-03	9.97e-01	1.77e-05	0.00e+00	1.92e-14	5.77e-14	9.64e-14	2.29e-09	4.69e-09	1.47e-41
 6.89931e+15	2.63e-13	8.11e-09	2.05e-05	3.63e-03	9.96e-01	1.66e-05	0.00e+00	2.25e-14	6.76e-14	1.13e-13	2.66e-09	5.44e-09	2.66e-41
 7.10641e+15	3.09e-13	9.50e-09	2.31e-05	3.89e-03	9.96e-01	1.56e-05	0.00e+00	2.65e-14	7.95e-14	1.33e-13	3.12e-09	6.38e-09	4.95e-41
 7.36795e+15	3.75e-13	1.15e-08	2.67e-05	4.23e-03	9.96e-01	1.44e-05	0.00e+00	3.21e-14	9.64e-14	1.61e-13	3.79e-09	7.75e-09	1.06e-40
 7.64191e+15	4.53e-13	1.40e-08	3.08e-05	4.60e-03	9.95e-01	1.33e-05	0.00e+00	3.88e-14	1.17e-13	1.95e-13	4.61e-09	9.41e-09	2.24e-40
 7.88778e+15	5.37e-13	1.66e-08	3.49e-05	4.94e-03	9.95e-01	1.24e-05	0.00e+00	4.61e-14	1.38e-13	2.31e-13	5.45e-09	1.11e-08	4.29e-40
 8.15545e+15	6.42e-13	1.98e-08	3.99e-05	5.34e-03	9.95e-01	1.15e-05	0.00e+00	5.52e-14	1.66e-13	2.77e-13	6.52e-09	1.33e-08	8.63e-40
 8.47289e+15	7.86e-13	2.44e-08	4.65e-05	5.83e-03	9.94e-01	1.06e-05	0.00e+00	6.78e-14	2.03e-13	3.39e-13	8.02e-09	1.63e-08	1.92e-39
 8.78345e+15	9.50e-13	2.95e-08	5.37e-05	6.33e-03	9.94e-01	9.84e-06	0.00e+00	8.19e-14	2.46e-13	4.11e-13	9.72e-09	1.98e-08	4.04e-39
 9.06425e+15	1.13e-12	3.49e-08	6.08e-05	6.80e-03	9.93e-01	9.22e-06	0.00e+00	9.74e-14	2.92e-13	4.88e-13	1.15e-08	2.34e-08	7.63e-39
 9.37795e+15	1.36e-12	4.19e-08	6.97e-05	7.36e-03	9.93e-01	8.59e-06	0.00e+00	1.18e-13	3.53e-13	5.89e-13	1.38e-08	2.81e-08	1.53e-38
 9.74639e+15	1.67e-12	5.17e-08	8.14e-05	8.04e-03	9.92e-01	7.96e-06	0.00e+00	1.45e-13	4.34e-13	7.24e-13	1.70e-08	3.47e-08	3.38e-38
 1.01084e+16	2.02e-12	6.30e-08	9.41e-05	8.74e-03	9.91e-01	7.41e-06	0.00e+00	1.76e-13	5.27e-13	8.80e-13	2.08e-08	4.22e-08	7.05e-38
 1.04451e+16	2.43e-12	7.51e-08	1.07e-04	9.43e-03	9.90e-01	6.95e-06	0.00e+00	2.11e-13	6.33e-13	1.06e-12	2.48e-08	5.04e-08	1.38e-37
 1.07398e+16	2.82e-12	8.75e-08	1.20e-04	1.01e-02	9.90e-01	6.61e-06	0.00e+00	2.46e-13	7.37e-13	1.23e-12	2.89e-08	5.86e-08	2.42e-37
 1.09885e+16	3.21e-12	9.91e-08	1.31e-04	1.06e-02	9.89e-01	6.34e-06	0.00e+00	2.79e-13	8.37e-13	1.40e-12	3.27e-08	6.64e-08	3.84e-37
 1.12640e+16	3.71e-12	1.14e-07	1.45e-04	1.12e-02	9.89e-01	6.06e-06	0.00e+00	3.23e-13	9.70e-13	1.62e-12	3.75e-08	7.62e-08	6.37e-37
 1.16222e+16	4.45e-12	1.35e-07	1.65e-04	1.21e-02	9.88e-01	5.73e-06	0.00e+00	3.89e-13	1.17e-12	1.95e-12	4.47e-08	9.07e-08	1.21e-36
 1.19945e+16	5.31e-12	1.61e-07	1.87e-04	1.30e-02	9.87e-01	5.42e-06	0.00e+00	4.64e-13	1.39e-12	2.32e-12	5.31e-08	1.08e-07	2.27e-36
 1.23080e+16	6.15e-12	1.85e-07	2.07e-04	1.38e-02	9.86e-01	5.19e-06	0.00e+00	5.38e-13	1.61e-12	2.69e-12	6.12e-08	1.24e-07	3.77e-36
 1.26382e+16	7.19e-12	2.15e-07	2.31e-04	1.47e-02	9.85e-01	4.97e-06	0.00e+00	6.30e-13	1.89e-12	3.15e-12	7.11e-08	1.44e-07	6.48e-36
 1.30675e+16	8.80e-12	2.60e-07	2.65e-04	1.59e-02	9.84e-01	4.71e-06	0.00e+00	7.71e-13	2.31e-12	3.86e-12	8.59e-08	1.74e-07	1.27e-35
 1.35089e+16	1.06e-11	3.12e-07	3.03e-04	1.71e-02	9.83e-01	4.48e-06	0.00e+00	9.32e-13	2.80e-12	4.67e-12	1.03e-07	2.09e-07	2.41e-35
 1.38760e+16	1.24e-11	3.62e-07	3.38e-04	1.83e-02	9.81e-01	4.31e-06	0.00e+00	1.09e-12	3.27e-12	5.46e-12	1.20e-07	2.43e-07	4.06e-35
 1.42632e+16	1.47e-11	4.24e-07	3.79e-04	1.95e-02	9.80e-01	4.15e-06	0.00e+00	1.29e-12	3.88e-12	6.48e-12	1.40e-07	2.84e-07	7.05e-35
 1.47667e+16	1.82e-11	5.17e-07	4.38e-04	2.12e-02	9.78e-01	3.94e-06	0.00e+00	1.60e-12	4.81e-12	8.03e-12	1.71e-07	3.46e-07	1.41e-34
 1.52900e+16	2.25e-11	6.30e-07	5.06e-04	2.30e-02	9.76e-01	3.77e-06	0.00e+00	1.98e-12	5.94e-12	9.91e-12	2.09e-07	4.22e-07	2.71e-34
 1.57292e+16	2.66e-11	7.39e-07	5.69e-04	2.46e-02	9.75e-01	3.64e-06	0.00e+00	2.35e-12	7.05e-12	1.18e-11	2.45e-07	4.94e-07	4.62e-34
 1.61899e+16	3.20e-11	8.75e-07	6.44e-04	2.64e-02	9.73e-01	3.51e-06	0.00e+00	2.83e-12	8.48e-12	1.41e-11	2.90e-07	5.85e-07	8.16e-34
 1.67793e+16	4.04e-11	1.08e-06	7.52e-04	2.88e-02	9.70e-01	3.37e-06	0.00e+00	3.57e-12	1.07e-11	1.79e-11	3.58e-07	7.23e-07	1.64e-33
 1.73724e+16	5.00e-11	1.32e-06	8.71e-04	3.14e-02	9.68e-01	3.24e-06	0.00e+00	4.42e-12	1.33e-11	2.21e-11	4.36e-07	8.81e-07	3.10e-33
 1.78549e+16	5.94e-11	1.54e-06	9.80e-04	3.36e-02	9.65e-01	3.15e-06	0.00e+00	5.26e-12	1.58e-11	2.63e-11	5.11e-07	1.03e-06	5.11e-33
 1.83575e+16	7.15e-11	1.82e-06	1.11e-03	3.61e-02	9.63e-01	3.07e-06	0.00e+00	6.34e-12	1.90e-11	3.18e-11	6.05e-07	1.22e-06	8.79e-33
 1.90108e+16	9.05e-11	2.26e-06	1.30e-03	3.94e-02	9.59e-01	2.95e-06	0.00e+00	8.03e-12	2.41e-11	4.02e-11	7.48e-07	1.51e-06	1.73e-32
 1.96779e+16	1.14e-10	2.77e-06	1.52e-03	4.31e-02	9.55e-01	2.87e-06	0.00e+00	1.01e-11	3.03e-11	5.06e-11	9.18e-07	1.85e-06	3.20e-32
 2.02119e+16	1.36e-10	3.25e-06	1.71e-03	4.62e-02	9.52e-01	2.80e-06	0.00e+00	1.21e-11	3.62e-11	6.04e-11	1.08e-06	2.17e-06	5.15e-32
 2.06648e+16	1.57e-10	3.71e-06	1.90e-03	4.91e-02	9.49e-01	2.76e-06	0.00e+00	1.40e-11	4.21e-11	7.02e-11	1.23e-06	2.48e-06	7.73e-32
 2.11634e+16	1.88e-10	4.33e-06	2.13e-03	5.24e-02	9.45e-01	2.71e-06	0.00e+00	1.67e-11	5.02e-11	8.38e-11	1.44e-06	2.89e-06	1.23e-31
 2.17071e+16	2.23e-10	5.07e-06	2.40e-03	5.61e-02	9.41e-01	2.64e-06	0.00e+00	1.99e-11	5.98e-11	9.98e-11	1.68e-06	3.39e-06	1.95e-31
 2.22143e+16	2.64e-10	5.87e-06	2.69e-03	5.99e-02	9.37e-01	2.60e-06	0.00e+00	2.36e-11	7.07e-11	1.18e-10	1.95e-06	3.92e-06	3.00e-31
 2.27781e+16	3.23e-10	6.97e-06	3.06e-03	6.44e-02	9.33e-01	2.57e-06	0.00e+00	2.89e-11	8.68e-11	1.45e-10	2.31e-06	4.65e-06	4.94e-31
 2.33738e+16	3.91e-10	8.25e-06	3.50e-03	6.94e-02	9.27e-01	2.52e-06	0.00e+00	3.51e-11	1.05e-10	1.75e-10	2.74e-06	5.51e-06	7.92e-31
 2.39042e+16	4.67e-10	9.59e-06	3.93e-03	7.42e-02	9.22e-01	2.48e-06	0.00e+00	4.18e-11	1.26e-10	2.09e-10	3.19e-06	6.41e-06	1.21e-30
 2.44872e+16	5.68e-10	1.14e-05	4.50e-03	7.99e-02	9.16e-01	2.44e-06	0.00e+00	5.10e-11	1.53e-10	2.55e-10	3.79e-06	7.62e-06	1.98e-30
 2.51155e+16	7.03e-10	1.37e-05	5.19e-03	8.66e-02	9.08e-01	2.41e-06	0.00e+00	6.32e-11	1.89e-10	3.16e-10	4.54e-06	9.12e-06	3.24e-30
 2.56842e+16	8.49e-10	1.61e-05	5.90e-03	9.30e-02	9.01e-01	2.38e-06	0.00e+00	7.63e-11	2.29e-10	3.82e-10	5.34e-06	1.07e-05	5.03e-30
 2.61985e+16	1.01e-09	1.86e-05	6.64e-03	9.93e-02	8.94e-01	2.36e-06	0.00e+00	9.06e-11	2.72e-10	4.53e-10	6.19e-06	1.24e-05	7.46e-30
 2.66862e+16	1.21e-09	2.16e-05	7.46e-03	1.06e-01	8.87e-01	2.35e-06	0.00e+00	1.09e-10	3.27e-10	5.46e-10	7.18e-06	1.44e-05	1.11e-29
