#depth	N	N+	N+2	N+3	N+4	N+5	N+6	N+7
 1.49634e+10	0.00e+00	0.00e+00	6.25e-31	1.34e-20	5.22e-11	6.41e-01	3.59e-01	7.44e-05
 4.54887e+10	0.00e+00	7.40e-42	8.14e-31	1.61e-20	5.80e-11	6.59e-01	3.41e-01	6.53e-05
 7.72350e+10	0.00e+00	0.00e+00	1.06e-30	1.94e-20	6.44e-11	6.77e-01	3.23e-01	5.72e-05
 1.10251e+11	0.00e+00	1.46e-41	1.37e-30	2.32e-20	7.15e-11	6.94e-01	3.06e-01	5.01e-05
 1.44588e+11	0.00e+00	0.00e+00	1.78e-30	2.78e-20	7.92e-11	7.11e-01	2.89e-01	4.38e-05
 1.80298e+11	0.00e+00	2.87e-41	2.30e-30	3.33e-20	8.76e-11	7.27e-01	2.73e-01	3.82e-05
 2.17437e+11	0.00e+00	0.00e+00	2.98e-30	3.98e-20	9.68e-11	7.43e-01	2.57e-01	3.33e-05
 2.56061e+11	0.00e+00	5.61e-41	3.85e-30	4.76e-20	1.07e-10	7.58e-01	2.42e-01	2.90e-05
 2.96231e+11	0.00e+00	0.00e+00	4.96e-30	5.67e-20	1.18e-10	7.72e-01	2.28e-01	2.52e-05
 3.38007e+11	0.00e+00	1.09e-40	6.40e-30	6.76e-20	1.30e-10	7.86e-01	2.14e-01	2.19e-05
 3.77033e+11	0.00e+00	0.00e+00	8.03e-30	7.91e-20	1.41e-10	7.98e-01	2.02e-01	1.92e-05
 4.11493e+11	0.00e+00	1.90e-40	9.75e-30	9.03e-20	1.52e-10	8.08e-01	1.92e-01	1.72e-05
 4.49973e+11	0.00e+00	0.00e+00	1.20e-29	1.04e-19	1.64e-10	8.18e-01	1.82e-01	1.53e-05
 4.96121e+11	0.00e+00	3.43e-40	1.53e-29	1.23e-19	1.80e-10	8.29e-01	1.71e-01	1.33e-05
 5.42470e+11	0.00e+00	0.00e+00	1.93e-29	1.44e-19	1.96e-10	8.40e-01	1.60e-01	1.16e-05
 5.85151e+11	0.00e+00	6.10e-40	2.37e-29	1.66e-19	2.11e-10	8.48e-01	1.52e-01	1.03e-05
 6.32831e+11	0.00e+00	0.00e+00	2.96e-29	1.94e-19	2.29e-10	8.58e-01	1.42e-01	8.98e-06
 6.87939e+11	0.00e+00	1.13e-39	3.80e-29	2.29e-19	2.51e-10	8.67e-01	1.33e-01	7.74e-06
 7.41792e+11	0.00e+00	0.00e+00	4.78e-29	2.68e-19	2.73e-10	8.76e-01	1.24e-01	6.72e-06
 7.92984e+11	0.00e+00	2.04e-39	5.92e-29	3.10e-19	2.94e-10	8.83e-01	1.17e-01	5.90e-06
 8.49816e+11	0.00e+00	0.00e+00	7.42e-29	3.62e-19	3.19e-10	8.91e-01	1.09e-01	5.13e-06
 9.13735e+11	0.00e+00	3.80e-39	9.49e-29	4.27e-19	3.49e-10	8.98e-01	1.02e-01	4.41e-06
 9.78192e+11	0.00e+00	0.00e+00	1.20e-28	5.02e-19	3.79e-10	9.06e-01	9.45e-02	3.80e-06
 1.04523e+12	0.00e+00	7.12e-39	1.53e-28	5.89e-19	4.13e-10	9.12e-01	8.79e-02	3.27e-06
 1.11696e+12	0.00e+00	0.00e+00	1.95e-28	6.95e-19	4.50e-10	9.18e-01	8.15e-02	2.81e-06
 1.19157e+12	0.00e+00	1.36e-38	2.49e-28	8.20e-19	4.90e-10	9.24e-01	7.56e-02	2.40e-06
 1.26916e+12	0.00e+00	0.00e+00	3.17e-28	9.67e-19	5.34e-10	9.30e-01	7.00e-02	2.06e-06
 1.34985e+12	0.00e+00	2.59e-38	4.04e-28	1.14e-18	5.81e-10	9.35e-01	6.48e-02	1.76e-06
 1.43377e+12	0.00e+00	0.00e+00	5.16e-28	1.34e-18	6.32e-10	9.40e-01	5.99e-02	1.50e-06
 1.52105e+12	0.00e+00	4.92e-38	6.57e-28	1.58e-18	6.88e-10	9.45e-01	5.54e-02	1.28e-06
 1.61182e+12	0.00e+00	0.00e+00	8.38e-28	1.86e-18	7.48e-10	9.49e-01	5.12e-02	1.10e-06
 1.70622e+12	0.00e+00	9.37e-38	1.07e-27	2.19e-18	8.14e-10	9.53e-01	4.73e-02	9.34e-07
 1.80439e+12	0.00e+00	0.00e+00	1.36e-27	2.58e-18	8.85e-10	9.56e-01	4.37e-02	0.00e+00
 1.90650e+12	0.00e+00	1.78e-37	1.73e-27	3.04e-18	9.62e-10	9.60e-01	4.03e-02	0.00e+00
 2.00626e+12	0.00e+00	0.00e+00	2.18e-27	3.54e-18	1.04e-09	9.63e-01	3.74e-02	0.00e+00
 2.09822e+12	0.00e+00	3.16e-37	2.67e-27	4.06e-18	1.11e-09	9.65e-01	3.49e-02	0.00e+00
 2.19998e+12	0.00e+00	0.00e+00	3.32e-27	4.70e-18	1.20e-09	9.67e-01	3.25e-02	0.00e+00
 2.31761e+12	0.00e+00	5.81e-37	4.22e-27	5.53e-18	1.30e-09	9.70e-01	3.00e-02	0.00e+00
 2.43334e+12	0.00e+00	0.00e+00	5.31e-27	6.45e-18	1.41e-09	9.72e-01	2.77e-02	0.00e+00
 2.55371e+12	0.00e+00	1.07e-36	6.68e-27	7.52e-18	1.53e-09	9.74e-01	2.57e-02	0.00e+00
 2.68578e+12	0.00e+00	0.00e+00	8.52e-27	8.86e-18	1.66e-09	9.76e-01	2.37e-02	0.00e+00
 2.81943e+12	0.00e+00	2.02e-36	1.08e-26	1.04e-17	1.80e-09	9.78e-01	2.18e-02	0.00e+00
 2.95843e+12	5.88e-47	2.77e-36	1.37e-26	1.22e-17	1.95e-09	9.80e-01	2.01e-02	0.00e+00
 3.10669e+12	0.00e+00	0.00e+00	1.75e-26	1.43e-17	2.12e-09	9.81e-01	1.85e-02	0.00e+00
 3.26089e+12	0.00e+00	5.30e-36	2.23e-26	1.69e-17	2.30e-09	9.83e-01	1.71e-02	0.00e+00
 3.42125e+12	1.98e-46	7.32e-36	2.85e-26	1.99e-17	2.50e-09	9.84e-01	1.57e-02	0.00e+00
 3.58803e+12	0.00e+00	0.00e+00	3.64e-26	2.35e-17	2.71e-09	9.86e-01	1.44e-02	0.00e+00
 3.76147e+12	0.00e+00	1.40e-35	4.65e-26	2.77e-17	2.95e-09	9.87e-01	1.33e-02	0.00e+00
 3.94186e+12	6.70e-46	1.95e-35	5.94e-26	3.26e-17	3.21e-09	9.88e-01	1.22e-02	0.00e+00
 4.12946e+12	0.00e+00	0.00e+00	7.60e-26	3.85e-17	3.49e-09	9.89e-01	1.12e-02	0.00e+00
 4.30582e+12	0.00e+00	3.63e-35	9.50e-26	4.48e-17	3.76e-09	9.90e-01	1.04e-02	0.00e+00
 4.46343e+12	2.01e-45	4.69e-35	1.15e-25	5.10e-17	4.02e-09	9.90e-01	9.74e-03	0.00e+00
 4.64029e+12	0.00e+00	0.00e+00	1.42e-25	5.88e-17	4.32e-09	9.91e-01	9.06e-03	0.00e+00
 4.85002e+12	0.00e+00	8.54e-35	1.81e-25	6.92e-17	4.69e-09	9.92e-01	8.34e-03	0.00e+00
 5.05993e+12	6.26e-45	1.16e-34	2.29e-25	8.09e-17	5.07e-09	9.92e-01	7.70e-03	0.00e+00
 5.25678e+12	0.00e+00	0.00e+00	2.83e-25	9.33e-17	5.45e-09	9.93e-01	7.16e-03	0.00e+00
 5.47552e+12	0.00e+00	2.08e-34	3.56e-25	1.09e-16	5.89e-09	9.93e-01	6.62e-03	0.00e+00
 5.72447e+12	1.96e-44	2.90e-34	4.57e-25	1.29e-16	6.41e-09	9.94e-01	6.08e-03	0.00e+00
 5.97212e+12	0.00e+00	3.99e-34	5.81e-25	1.52e-16	6.96e-09	9.94e-01	5.60e-03	0.00e+00
 6.22968e+12	4.34e-44	5.49e-34	7.40e-25	1.78e-16	7.56e-09	9.95e-01	5.15e-03	0.00e+00
 6.50879e+12	0.00e+00	7.68e-34	9.53e-25	2.12e-16	8.25e-09	9.95e-01	4.73e-03	0.00e+00
 6.79907e+12	1.00e-43	1.07e-33	1.23e-24	2.51e-16	8.99e-09	9.96e-01	4.33e-03	0.00e+00
 7.07248e+12	0.00e+00	1.45e-33	1.55e-24	2.94e-16	9.73e-09	9.96e-01	4.00e-03	0.00e+00
 7.31785e+12	2.03e-43	1.89e-33	1.89e-24	3.36e-16	1.04e-08	9.96e-01	3.74e-03	0.00e+00
 7.59373e+12	0.00e+00	2.53e-33	2.35e-24	3.90e-16	1.12e-08	9.97e-01	3.47e-03	0.00e+00
 7.91962e+12	4.40e-43	3.52e-33	3.02e-24	4.62e-16	1.23e-08	9.97e-01	3.18e-03	0.00e+00
 8.24478e+12	0.00e+00	4.83e-33	3.84e-24	5.44e-16	1.33e-08	9.97e-01	2.93e-03	0.00e+00
 8.55067e+12	9.35e-43	6.45e-33	4.78e-24	6.32e-16	1.44e-08	9.97e-01	2.72e-03	0.00e+00
 8.89035e+12	0.00e+00	8.80e-33	6.06e-24	7.42e-16	1.56e-08	9.97e-01	2.50e-03	0.00e+00
 9.27589e+12	2.11e-42	1.24e-32	7.86e-24	8.87e-16	1.71e-08	9.98e-01	2.29e-03	0.00e+00
 9.65542e+12	0.00e+00	1.71e-32	1.00e-23	1.05e-15	1.86e-08	9.98e-01	2.10e-03	0.00e+00
 1.00501e+13	4.70e-42	2.36e-32	1.28e-23	1.24e-15	2.02e-08	9.98e-01	1.93e-03	0.00e+00
 1.04821e+13	0.00e+00	3.33e-32	1.67e-23	1.49e-15	2.22e-08	9.98e-01	1.76e-03	0.00e+00
 1.09156e+13	1.08e-41	4.63e-32	2.15e-23	1.76e-15	2.42e-08	9.98e-01	1.61e-03	0.00e+00
 1.13664e+13	0.00e+00	6.46e-32	2.77e-23	2.10e-15	2.65e-08	9.99e-01	1.48e-03	0.00e+00
 1.18342e+13	2.47e-41	8.99e-32	3.57e-23	2.51e-15	2.90e-08	9.99e-01	1.35e-03	0.00e+00
 1.22925e+13	0.00e+00	1.23e-31	4.54e-23	2.96e-15	3.16e-08	9.99e-01	1.24e-03	0.00e+00
 1.27860e+13	5.44e-41	1.70e-31	5.83e-23	3.52e-15	3.45e-08	9.99e-01	1.14e-03	0.00e+00
 1.33274e+13	0.00e+00	2.40e-31	7.59e-23	4.22e-15	3.80e-08	9.99e-01	1.04e-03	0.00e+00
 1.38904e+13	1.27e-40	3.37e-31	9.88e-23	5.07e-15	4.18e-08	9.99e-01	9.43e-04	0.00e+00
 1.44759e+13	0.00e+00	4.75e-31	1.29e-22	6.10e-15	4.59e-08	9.99e-01	8.58e-04	0.00e+00
 1.50849e+13	2.95e-40	6.68e-31	1.67e-22	7.33e-15	5.06e-08	9.99e-01	7.81e-04	0.00e+00
 1.56352e+13	0.00e+00	8.98e-31	2.11e-22	8.62e-15	5.50e-08	9.99e-01	7.19e-04	0.00e+00
 1.60931e+13	5.68e-40	1.14e-30	2.53e-22	9.79e-15	5.88e-08	9.99e-01	6.73e-04	0.00e+00
 1.65944e+13	0.00e+00	1.47e-30	3.09e-22	1.13e-14	6.33e-08	9.99e-01	6.26e-04	0.00e+00
 1.72302e+13	1.14e-39	2.00e-30	3.93e-22	1.34e-14	6.92e-08	9.99e-01	5.73e-04	0.00e+00
 1.78937e+13	0.00e+00	2.73e-30	5.00e-22	1.59e-14	7.58e-08	9.99e-01	5.25e-04	0.00e+00
 1.84803e+13	2.29e-39	3.55e-30	6.15e-22	1.84e-14	8.18e-08	1.00e+00	4.86e-04	0.00e+00
 1.90281e+13	0.00e+00	4.50e-30	7.41e-22	2.10e-14	8.78e-08	1.00e+00	4.54e-04	0.00e+00
 1.96538e+13	4.23e-39	5.85e-30	9.10e-22	2.43e-14	9.48e-08	1.00e+00	4.21e-04	0.00e+00
 2.04225e+13	0.00e+00	7.98e-30	1.16e-21	2.89e-14	1.04e-07	1.00e+00	3.84e-04	0.00e+00
 2.11882e+13	8.86e-39	1.07e-29	1.47e-21	3.42e-14	1.14e-07	1.00e+00	3.52e-04	0.00e+00
 2.18536e+13	0.00e+00	1.37e-29	1.78e-21	3.93e-14	1.22e-07	1.00e+00	3.27e-04	0.00e+00
 2.25776e+13	1.64e-38	1.78e-29	2.19e-21	4.55e-14	1.32e-07	1.00e+00	3.03e-04	0.00e+00
 2.34615e+13	0.00e+00	2.42e-29	2.78e-21	5.41e-14	1.45e-07	1.00e+00	2.77e-04	0.00e+00
 2.43642e+13	3.40e-38	3.25e-29	3.52e-21	6.41e-14	1.59e-07	1.00e+00	2.53e-04	0.00e+00
 2.51934e+13	0.00e+00	4.23e-29	4.33e-21	7.45e-14	1.72e-07	1.00e+00	2.34e-04	0.00e+00
 2.61161e+13	6.57e-38	5.60e-29	5.41e-21	8.75e-14	1.88e-07	1.00e+00	2.15e-04	0.00e+00
 2.71854e+13	0.00e+00	7.64e-29	6.92e-21	1.05e-13	2.07e-07	1.00e+00	1.96e-04	0.00e+00
 2.82392e+13	1.37e-37	1.03e-28	8.74e-21	1.24e-13	2.26e-07	1.00e+00	1.79e-04	0.00e+00
 2.92483e+13	0.00e+00	1.34e-28	1.08e-20	1.44e-13	2.46e-07	1.00e+00	1.65e-04	0.00e+00
 3.03612e+13	2.68e-37	1.79e-28	1.36e-20	1.70e-13	2.68e-07	1.00e+00	1.51e-04	0.00e+00
 3.16056e+13	0.00e+00	2.43e-28	1.73e-20	2.03e-13	2.95e-07	1.00e+00	1.38e-04	0.00e+00
 3.27370e+13	5.36e-37	3.17e-28	2.14e-20	2.36e-13	3.20e-07	1.00e+00	1.27e-04	0.00e+00
 3.36894e+13	0.00e+00	3.94e-28	2.54e-20	2.68e-13	3.42e-07	1.00e+00	1.19e-04	0.00e+00
 3.47367e+13	9.23e-37	4.97e-28	3.05e-20	3.05e-13	3.67e-07	1.00e+00	1.11e-04	0.00e+00
 3.59184e+13	0.00e+00	6.39e-28	3.72e-20	3.53e-13	3.97e-07	1.00e+00	1.03e-04	0.00e+00
 3.70487e+13	1.66e-36	8.07e-28	4.48e-20	4.03e-13	4.27e-07	1.00e+00	9.60e-05	0.00e+00
 3.82923e+13	0.00e+00	1.03e-27	5.45e-20	4.64e-13	4.60e-07	1.00e+00	8.91e-05	0.00e+00
 3.96741e+13	3.10e-36	1.35e-27	6.72e-20	5.40e-13	4.99e-07	1.00e+00	8.22e-05	0.00e+00
 4.09692e+13	0.00e+00	1.72e-27	8.13e-20	6.19e-13	5.37e-07	1.00e+00	7.64e-05	0.00e+00
 4.23867e+13	5.66e-36	2.22e-27	9.94e-20	7.15e-13	5.80e-07	1.00e+00	7.08e-05	0.00e+00
 4.39807e+13	0.00e+00	2.92e-27	1.24e-19	8.36e-13	6.31e-07	1.00e+00	6.52e-05	0.00e+00
 4.55026e+13	1.08e-35	3.76e-27	1.51e-19	9.65e-13	6.82e-07	1.00e+00	6.04e-05	0.00e+00
 4.71713e+13	0.00e+00	4.93e-27	1.87e-19	1.12e-12	7.39e-07	1.00e+00	5.58e-05	0.00e+00
 4.89405e+13	2.09e-35	6.48e-27	2.32e-19	1.31e-12	8.03e-07	1.00e+00	5.14e-05	0.00e+00
 5.04879e+13	0.00e+00	8.17e-27	2.78e-19	1.49e-12	8.61e-07	1.00e+00	4.80e-05	0.00e+00
 5.21390e+13	3.71e-35	1.04e-26	3.36e-19	1.71e-12	9.25e-07	1.00e+00	4.47e-05	0.00e+00
 5.41486e+13	0.00e+00	1.38e-26	4.19e-19	2.00e-12	1.01e-06	1.00e+00	4.11e-05	0.00e+00
 5.61507e+13	7.28e-35	1.81e-26	5.18e-19	2.33e-12	1.09e-06	1.00e+00	3.80e-05	0.00e+00
 5.79165e+13	0.00e+00	2.28e-26	6.21e-19	2.65e-12	1.17e-06	1.00e+00	3.55e-05	0.00e+00
 5.98485e+13	1.30e-34	2.91e-26	7.53e-19	3.03e-12	1.26e-06	1.00e+00	3.30e-05	0.00e+00
 6.21743e+13	0.00e+00	3.87e-26	9.41e-19	3.55e-12	1.37e-06	1.00e+00	3.04e-05	0.00e+00
 6.45019e+13	2.58e-34	5.10e-26	1.17e-18	4.13e-12	1.48e-06	1.00e+00	2.81e-05	0.00e+00
 6.66177e+13	3.47e-34	6.49e-26	1.41e-18	4.72e-12	1.59e-06	1.00e+00	2.62e-05	0.00e+00
 6.89684e+13	4.77e-34	8.43e-26	1.73e-18	5.44e-12	1.71e-06	1.00e+00	2.43e-05	0.00e+00
 7.17180e+13	6.81e-34	1.13e-25	2.17e-18	6.39e-12	1.87e-06	1.00e+00	2.23e-05	0.00e+00
 7.44309e+13	9.59e-34	1.49e-25	2.69e-18	7.44e-12	2.02e-06	1.00e+00	2.06e-05	0.00e+00
 7.69963e+13	1.31e-33	1.92e-25	3.28e-18	8.55e-12	2.17e-06	1.00e+00	1.92e-05	0.00e+00
 7.98501e+13	1.83e-33	2.53e-25	4.06e-18	9.92e-12	2.35e-06	1.00e+00	1.77e-05	0.00e+00
 8.30740e+13	2.64e-33	3.41e-25	5.12e-18	1.17e-11	2.56e-06	1.00e+00	1.63e-05	0.00e+00
 8.63120e+13	3.77e-33	4.56e-25	6.41e-18	1.36e-11	2.78e-06	1.00e+00	1.50e-05	0.00e+00
 8.96795e+13	5.39e-33	6.09e-25	8.02e-18	1.59e-11	3.02e-06	1.00e+00	1.39e-05	0.00e+00
 9.32966e+13	7.78e-33	8.22e-25	1.01e-17	1.87e-11	3.28e-06	1.00e+00	1.27e-05	0.00e+00
 9.70584e+13	1.13e-32	1.11e-24	1.28e-17	2.20e-11	3.57e-06	1.00e+00	1.17e-05	0.00e+00
 1.00762e+14	1.60e-32	1.48e-24	1.59e-17	2.56e-11	3.86e-06	1.00e+00	1.08e-05	0.00e+00
 1.04208e+14	2.19e-32	1.91e-24	1.94e-17	2.93e-11	4.15e-06	1.00e+00	1.01e-05	0.00e+00
 1.07318e+14	2.89e-32	2.39e-24	2.30e-17	3.30e-11	4.41e-06	1.00e+00	9.49e-06	0.00e+00
 1.10652e+14	3.86e-32	3.02e-24	2.75e-17	3.74e-11	4.70e-06	1.00e+00	8.91e-06	0.00e+00
 1.14802e+14	5.47e-32	4.00e-24	3.42e-17	4.34e-11	5.08e-06	1.00e+00	8.25e-06	0.00e+00
 1.18961e+14	7.66e-32	5.26e-24	4.22e-17	5.01e-11	5.48e-06	1.00e+00	7.66e-06	0.00e+00
 1.22534e+14	1.02e-31	6.61e-24	5.02e-17	5.64e-11	5.82e-06	1.00e+00	7.20e-06	0.00e+00
 1.26398e+14	1.37e-31	8.41e-24	6.04e-17	6.39e-11	6.21e-06	1.00e+00	6.76e-06	0.00e+00
 1.31169e+14	1.95e-31	1.12e-23	7.51e-17	7.43e-11	6.71e-06	1.00e+00	6.25e-06	0.00e+00
 1.35930e+14	2.74e-31	1.47e-23	9.27e-17	8.57e-11	7.22e-06	1.00e+00	5.81e-06	0.00e+00
 1.40041e+14	3.66e-31	1.86e-23	1.11e-16	9.66e-11	7.67e-06	1.00e+00	5.47e-06	0.00e+00
 1.44496e+14	4.94e-31	2.37e-23	1.33e-16	1.10e-10	8.18e-06	1.00e+00	5.13e-06	0.00e+00
 1.49969e+14	7.06e-31	3.16e-23	1.66e-16	1.27e-10	8.84e-06	1.00e+00	4.75e-06	0.00e+00
 1.55489e+14	1.00e-30	4.19e-23	2.05e-16	1.47e-10	9.52e-06	1.00e+00	4.41e-06	0.00e+00
 1.60384e+14	1.36e-30	5.34e-23	2.47e-16	1.67e-10	1.01e-05	1.00e+00	4.14e-06	0.00e+00
 1.65742e+14	1.87e-30	6.91e-23	3.00e-16	1.90e-10	1.08e-05	1.00e+00	3.88e-06	0.00e+00
 1.72160e+14	2.70e-30	9.30e-23	3.76e-16	2.21e-10	1.17e-05	1.00e+00	3.59e-06	0.00e+00
 1.78549e+14	3.85e-30	1.24e-22	4.67e-16	2.56e-10	1.26e-05	1.00e+00	3.33e-06	0.00e+00
 1.84371e+14	5.28e-30	1.59e-22	5.65e-16	2.91e-10	1.34e-05	1.00e+00	3.12e-06	0.00e+00
 1.90865e+14	7.41e-30	2.09e-22	6.94e-16	3.34e-10	1.44e-05	1.00e+00	2.91e-06	0.00e+00
 1.98441e+14	1.08e-29	2.84e-22	8.74e-16	3.91e-10	1.56e-05	1.00e+00	2.69e-06	0.00e+00
 2.05908e+14	1.56e-29	3.81e-22	1.09e-15	4.53e-10	1.68e-05	1.00e+00	2.50e-06	0.00e+00
 2.12978e+14	2.18e-29	4.97e-22	1.33e-15	5.18e-10	1.80e-05	1.00e+00	2.33e-06	0.00e+00
 2.20833e+14	3.11e-29	6.61e-22	1.65e-15	5.99e-10	1.94e-05	1.00e+00	2.17e-06	0.00e+00
 2.29696e+14	4.57e-29	9.02e-22	2.09e-15	7.01e-10	2.10e-05	1.00e+00	2.00e-06	0.00e+00
 2.38602e+14	6.66e-29	1.22e-21	2.62e-15	8.16e-10	2.26e-05	1.00e+00	1.86e-06	0.00e+00
 2.47864e+14	9.68e-29	1.65e-21	3.28e-15	9.50e-10	2.44e-05	1.00e+00	1.72e-06	0.00e+00
 2.57808e+14	1.43e-28	2.24e-21	4.15e-15	1.11e-09	2.64e-05	1.00e+00	1.59e-06	0.00e+00
 2.67440e+14	2.04e-28	3.00e-21	5.16e-15	1.29e-09	2.85e-05	1.00e+00	1.47e-06	0.00e+00
 2.76504e+14	2.84e-28	3.90e-21	6.30e-15	1.47e-09	3.05e-05	1.00e+00	1.38e-06	0.00e+00
 2.86640e+14	4.04e-28	5.18e-21	7.80e-15	1.70e-09	3.28e-05	1.00e+00	1.28e-06	0.00e+00
 2.96859e+14	5.69e-28	6.83e-21	9.61e-15	1.96e-09	3.52e-05	1.00e+00	1.19e-06	0.00e+00
 3.05351e+14	7.51e-28	8.53e-21	1.14e-14	2.19e-09	3.72e-05	1.00e+00	1.13e-06	0.00e+00
 3.14337e+14	9.97e-28	1.07e-20	1.35e-14	2.46e-09	3.95e-05	1.00e+00	1.06e-06	0.00e+00
 3.25819e+14	1.41e-27	1.42e-20	1.67e-14	2.84e-09	4.25e-05	1.00e+00	9.88e-07	0.00e+00
 3.37849e+14	2.02e-27	1.89e-20	2.08e-14	3.29e-09	4.58e-05	1.00e+00	0.00e+00	0.00e+00
 3.48479e+14	2.73e-27	2.41e-20	2.50e-14	3.72e-09	4.87e-05	1.00e+00	0.00e+00	0.00e+00
 3.59988e+14	3.74e-27	3.10e-20	3.03e-14	4.24e-09	5.21e-05	1.00e+00	0.00e+00	0.00e+00
 3.73837e+14	5.39e-27	4.17e-20	3.79e-14	4.93e-09	5.63e-05	1.00e+00	0.00e+00	0.00e+00
 3.87867e+14	7.72e-27	5.56e-20	4.72e-14	5.72e-09	6.07e-05	1.00e+00	0.00e+00	0.00e+00
 4.01013e+14	1.07e-26	7.23e-20	5.75e-14	6.54e-09	6.50e-05	1.00e+00	0.00e+00	0.00e+00
 4.15639e+14	1.51e-26	9.57e-20	7.12e-14	7.55e-09	6.99e-05	1.00e+00	0.00e+00	0.00e+00
 4.31129e+14	2.16e-26	1.27e-19	8.85e-14	8.75e-09	7.54e-05	1.00e+00	0.00e+00	0.00e+00
 4.44891e+14	2.93e-26	1.63e-19	1.07e-13	9.93e-09	8.04e-05	1.00e+00	0.00e+00	0.00e+00
 4.59694e+14	4.02e-26	2.10e-19	1.30e-13	1.13e-08	8.60e-05	1.00e+00	0.00e+00	0.00e+00
 4.77438e+14	5.80e-26	2.83e-19	1.62e-13	1.32e-08	9.30e-05	1.00e+00	0.00e+00	0.00e+00
 4.94909e+14	8.21e-26	3.75e-19	2.01e-13	1.52e-08	1.00e-04	1.00e+00	0.00e+00	0.00e+00
 5.10474e+14	1.11e-25	4.77e-19	2.42e-13	1.73e-08	1.07e-04	1.00e+00	0.00e+00	0.00e+00
 5.27653e+14	1.52e-25	6.18e-19	2.94e-13	1.97e-08	1.14e-04	1.00e+00	0.00e+00	0.00e+00
 5.48125e+14	2.20e-25	8.31e-19	3.69e-13	2.30e-08	1.24e-04	1.00e+00	0.00e+00	0.00e+00
 5.68420e+14	3.13e-25	1.10e-18	4.58e-13	2.66e-08	1.33e-04	1.00e+00	0.00e+00	0.00e+00
 5.86948e+14	4.27e-25	1.42e-18	5.54e-13	3.03e-08	1.42e-04	1.00e+00	0.00e+00	0.00e+00
 6.07637e+14	5.95e-25	1.85e-18	6.80e-13	3.48e-08	1.53e-04	1.00e+00	0.00e+00	0.00e+00
 6.31731e+14	8.65e-25	2.51e-18	8.57e-13	4.07e-08	1.66e-04	1.00e+00	0.00e+00	0.00e+00
 6.55410e+14	1.23e-24	3.34e-18	1.07e-12	4.72e-08	1.79e-04	1.00e+00	0.00e+00	0.00e+00
 6.77784e+14	1.71e-24	4.34e-18	1.30e-12	5.40e-08	1.92e-04	1.00e+00	0.00e+00	0.00e+00
 7.02673e+14	2.41e-24	5.74e-18	1.61e-12	6.24e-08	2.06e-04	1.00e+00	0.00e+00	0.00e+00
 7.30810e+14	3.52e-24	7.79e-18	2.03e-12	7.31e-08	2.24e-04	1.00e+00	0.00e+00	0.00e+00
 7.57471e+14	4.98e-24	1.03e-17	2.51e-12	8.44e-08	2.41e-04	1.00e+00	0.00e+00	0.00e+00
 7.81713e+14	6.75e-24	1.32e-17	3.03e-12	9.58e-08	2.57e-04	1.00e+00	0.00e+00	0.00e+00
 8.09138e+14	9.41e-24	1.72e-17	3.72e-12	1.10e-07	2.76e-04	1.00e+00	0.00e+00	0.00e+00
 8.41146e+14	1.36e-23	2.33e-17	4.68e-12	1.29e-07	2.99e-04	1.00e+00	0.00e+00	0.00e+00
 8.71830e+14	1.93e-23	3.08e-17	5.79e-12	1.48e-07	3.22e-04	1.00e+00	0.00e+00	0.00e+00
 8.99525e+14	2.62e-23	3.93e-17	6.96e-12	1.68e-07	3.43e-04	1.00e+00	0.00e+00	0.00e+00
 9.25657e+14	3.45e-23	4.91e-17	8.25e-12	1.89e-07	3.63e-04	1.00e+00	0.00e+00	0.00e+00
 9.54667e+14	4.65e-23	6.25e-17	9.91e-12	2.14e-07	3.87e-04	1.00e+00	0.00e+00	0.00e+00
 9.87053e+14	6.44e-23	8.11e-17	1.21e-11	2.44e-07	4.14e-04	1.00e+00	0.00e+00	0.00e+00
 1.01761e+15	8.64e-23	1.03e-16	1.45e-11	2.76e-07	4.41e-04	1.00e+00	0.00e+00	0.00e+00
 1.05112e+15	1.18e-22	1.33e-16	1.75e-11	3.14e-07	4.71e-04	1.00e+00	0.00e+00	0.00e+00
 1.08867e+15	1.66e-22	1.74e-16	2.16e-11	3.62e-07	5.07e-04	9.99e-01	0.00e+00	0.00e+00
 1.12408e+15	2.28e-22	2.25e-16	2.61e-11	4.11e-07	5.40e-04	9.99e-01	0.00e+00	0.00e+00
 1.16272e+15	3.16e-22	2.92e-16	3.19e-11	4.70e-07	5.79e-04	9.99e-01	0.00e+00	0.00e+00
 1.20545e+15	4.50e-22	3.88e-16	3.96e-11	5.43e-07	6.23e-04	9.99e-01	0.00e+00	0.00e+00
 1.24491e+15	6.14e-22	4.99e-16	4.79e-11	6.18e-07	6.65e-04	9.99e-01	0.00e+00	0.00e+00
 1.28764e+15	8.55e-22	6.51e-16	5.85e-11	7.07e-07	7.12e-04	9.99e-01	0.00e+00	0.00e+00
 1.33541e+15	1.22e-21	8.65e-16	7.26e-11	8.18e-07	7.67e-04	9.99e-01	0.00e+00	0.00e+00
 1.38030e+15	1.68e-21	1.12e-15	8.83e-11	9.34e-07	8.20e-04	9.99e-01	0.00e+00	0.00e+00
 1.42921e+15	2.34e-21	1.47e-15	1.09e-10	1.07e-06	8.82e-04	9.99e-01	0.00e+00	0.00e+00
 1.48362e+15	3.39e-21	1.97e-15	1.36e-10	1.25e-06	9.51e-04	9.99e-01	0.00e+00	0.00e+00
 1.53449e+15	4.68e-21	2.56e-15	1.65e-10	1.43e-06	1.02e-03	9.99e-01	0.00e+00	0.00e+00
 1.58977e+15	6.59e-21	3.38e-15	2.04e-10	1.64e-06	1.10e-03	9.99e-01	0.00e+00	0.00e+00
 1.65162e+15	9.50e-21	4.54e-15	2.56e-10	1.92e-06	1.19e-03	9.99e-01	0.00e+00	0.00e+00
 1.71027e+15	1.33e-20	5.96e-15	3.15e-10	2.20e-06	1.27e-03	9.99e-01	0.00e+00	0.00e+00
 1.77304e+15	1.86e-20	7.84e-15	3.89e-10	2.55e-06	1.37e-03	9.99e-01	0.00e+00	0.00e+00
 1.84399e+15	2.73e-20	1.07e-14	4.91e-10	2.98e-06	1.49e-03	9.99e-01	0.00e+00	0.00e+00
 1.91387e+15	3.87e-20	1.42e-14	6.11e-10	3.46e-06	1.61e-03	9.98e-01	0.00e+00	0.00e+00
 1.98655e+15	5.50e-20	1.88e-14	7.61e-10	4.02e-06	1.74e-03	9.98e-01	0.00e+00	0.00e+00
 2.06604e+15	7.94e-20	2.54e-14	9.59e-10	4.71e-06	1.89e-03	9.98e-01	0.00e+00	0.00e+00
 2.14449e+15	1.12e-19	3.37e-14	1.19e-09	5.48e-06	2.05e-03	9.98e-01	0.00e+00	0.00e+00
 2.20966e+15	1.49e-19	4.24e-14	1.42e-09	6.18e-06	2.18e-03	9.98e-01	0.00e+00	0.00e+00
 2.26237e+15	1.84e-19	5.05e-14	1.63e-09	6.79e-06	2.29e-03	9.98e-01	0.00e+00	0.00e+00
 2.32091e+15	2.32e-19	6.11e-14	1.90e-09	7.53e-06	2.42e-03	9.98e-01	0.00e+00	0.00e+00
 2.39701e+15	3.11e-19	7.78e-14	2.29e-09	8.58e-06	2.60e-03	9.97e-01	0.00e+00	0.00e+00
 2.47854e+15	4.21e-19	9.98e-14	2.78e-09	9.83e-06	2.79e-03	9.97e-01	0.00e+00	0.00e+00
 2.55078e+15	5.45e-19	1.23e-13	3.29e-09	1.10e-05	2.97e-03	9.97e-01	0.00e+00	0.00e+00
 2.62839e+15	7.12e-19	1.54e-13	3.92e-09	1.25e-05	3.17e-03	9.97e-01	0.00e+00	0.00e+00
 2.72571e+15	9.84e-19	2.01e-13	4.84e-09	1.44e-05	3.43e-03	9.97e-01	0.00e+00	0.00e+00
 2.82449e+15	1.35e-18	2.61e-13	5.95e-09	1.67e-05	3.71e-03	9.96e-01	0.00e+00	0.00e+00
 2.91004e+15	1.75e-18	3.24e-13	7.08e-09	1.88e-05	3.96e-03	9.96e-01	0.00e+00	0.00e+00
 3.00256e+15	2.28e-18	4.06e-13	8.48e-09	2.13e-05	4.25e-03	9.96e-01	0.00e+00	0.00e+00
 3.11596e+15	3.15e-18	5.31e-13	1.05e-08	2.48e-05	4.62e-03	9.95e-01	0.00e+00	0.00e+00
 3.23041e+15	4.30e-18	6.88e-13	1.30e-08	2.87e-05	5.01e-03	9.95e-01	0.00e+00	0.00e+00
 3.33198e+15	5.57e-18	8.56e-13	1.55e-08	3.25e-05	5.37e-03	9.95e-01	0.00e+00	0.00e+00
 3.44292e+15	7.37e-18	1.08e-12	1.87e-08	3.71e-05	5.78e-03	9.94e-01	0.00e+00	0.00e+00
 3.57576e+15	1.02e-17	1.42e-12	2.33e-08	4.32e-05	6.30e-03	9.94e-01	0.00e+00	0.00e+00
 3.70729e+15	1.38e-17	1.83e-12	2.87e-08	5.00e-05	6.83e-03	9.93e-01	0.00e+00	0.00e+00
 3.82589e+15	1.79e-17	2.29e-12	3.45e-08	5.68e-05	7.34e-03	9.93e-01	0.00e+00	0.00e+00
 3.95741e+15	2.37e-17	2.91e-12	4.20e-08	6.51e-05	7.93e-03	9.92e-01	0.00e+00	0.00e+00
 4.11240e+15	3.27e-17	3.81e-12	5.24e-08	7.60e-05	8.65e-03	9.91e-01	0.00e+00	0.00e+00
 4.26538e+15	4.42e-17	4.94e-12	6.48e-08	8.81e-05	9.40e-03	9.91e-01	0.00e+00	0.00e+00
 4.40738e+15	5.83e-17	6.24e-12	7.85e-08	1.00e-04	1.01e-02	9.90e-01	0.00e+00	0.00e+00
 4.56660e+15	7.79e-17	7.99e-12	9.64e-08	1.16e-04	1.10e-02	9.89e-01	0.00e+00	0.00e+00
 4.74929e+15	1.08e-16	1.05e-11	1.21e-07	1.36e-04	1.20e-02	9.88e-01	0.00e+00	0.00e+00
 4.92901e+15	1.67e-16	1.37e-11	1.51e-07	1.58e-04	1.31e-02	9.87e-01	0.00e+00	0.00e+00
 5.11592e+15	2.29e-16	1.78e-11	1.87e-07	1.83e-04	1.42e-02	9.86e-01	0.00e+00	0.00e+00
 5.28621e+15	3.00e-16	2.25e-11	2.27e-07	2.09e-04	1.53e-02	9.84e-01	0.00e+00	0.00e+00
 5.41325e+15	3.65e-16	2.66e-11	2.61e-07	2.29e-04	1.62e-02	9.84e-01	0.00e+00	0.00e+00
 5.54448e+15	4.46e-16	3.15e-11	3.00e-07	2.52e-04	1.71e-02	9.83e-01	0.00e+00	0.00e+00
 5.71509e+15	5.75e-16	3.92e-11	3.60e-07	2.85e-04	1.83e-02	9.81e-01	0.00e+00	0.00e+00
 5.89970e+15	7.50e-16	4.92e-11	4.34e-07	3.24e-04	1.97e-02	9.80e-01	0.00e+00	0.00e+00
 6.06625e+15	9.43e-16	5.99e-11	5.12e-07	3.62e-04	2.09e-02	9.79e-01	0.00e+00	0.00e+00
 6.24652e+15	1.21e-15	7.39e-11	6.09e-07	4.07e-04	2.24e-02	9.77e-01	0.00e+00	0.00e+00
 6.47539e+15	1.64e-15	9.61e-11	7.56e-07	4.71e-04	2.43e-02	9.75e-01	0.00e+00	0.00e+00
 6.70582e+15	2.19e-15	1.24e-10	9.32e-07	5.42e-04	2.63e-02	9.73e-01	0.00e+00	0.00e+00
 6.89931e+15	2.78e-15	1.51e-10	1.10e-06	6.07e-04	2.80e-02	9.71e-01	0.00e+00	0.00e+00
 7.10641e+15	3.57e-15	1.88e-10	1.32e-06	6.84e-04	2.99e-02	9.69e-01	0.00e+00	0.00e+00
 7.36795e+15	4.87e-15	2.45e-10	1.64e-06	7.92e-04	3.25e-02	9.67e-01	0.00e+00	0.00e+00
 7.64191e+15	6.62e-15	3.20e-10	2.04e-06	9.17e-04	3.53e-02	9.64e-01	0.00e+00	0.00e+00
 7.88778e+15	8.63e-15	4.02e-10	2.47e-06	1.04e-03	3.79e-02	9.61e-01	0.00e+00	0.00e+00
 8.15545e+15	1.15e-14	5.14e-10	3.02e-06	1.19e-03	4.08e-02	9.58e-01	0.00e+00	0.00e+00
 8.47289e+15	1.60e-14	6.82e-10	3.82e-06	1.39e-03	4.44e-02	9.54e-01	0.00e+00	0.00e+00
 8.78345e+15	2.17e-14	8.89e-10	4.75e-06	1.61e-03	4.81e-02	9.50e-01	0.00e+00	0.00e+00
 9.06425e+15	2.84e-14	1.12e-09	5.75e-06	1.82e-03	5.16e-02	9.47e-01	0.00e+00	0.00e+00
 9.37795e+15	3.81e-14	1.44e-09	7.08e-06	2.09e-03	5.56e-02	9.42e-01	0.00e+00	0.00e+00
 9.74639e+15	5.34e-14	1.92e-09	8.97e-06	2.45e-03	6.05e-02	9.37e-01	0.00e+00	0.00e+00
 1.01084e+16	7.32e-14	2.52e-09	1.12e-05	2.83e-03	6.56e-02	9.32e-01	0.00e+00	0.00e+00
 1.04451e+16	9.73e-14	3.22e-09	1.37e-05	3.23e-03	7.04e-02	9.26e-01	0.00e+00	0.00e+00
 1.07398e+16	1.24e-13	3.97e-09	1.63e-05	3.62e-03	7.49e-02	9.22e-01	0.00e+00	0.00e+00
 1.09885e+16	1.52e-13	4.71e-09	1.87e-05	3.97e-03	7.87e-02	9.17e-01	0.00e+00	0.00e+00
 1.12640e+16	1.90e-13	5.70e-09	2.18e-05	4.39e-03	8.30e-02	9.13e-01	0.00e+00	0.00e+00
 1.16222e+16	2.52e-13	7.24e-09	2.65e-05	4.99e-03	8.89e-02	9.06e-01	0.00e+00	0.00e+00
 1.19945e+16	3.33e-13	9.20e-09	3.22e-05	5.67e-03	9.51e-02	8.99e-01	0.00e+00	0.00e+00
 1.23080e+16	4.18e-13	1.12e-08	3.77e-05	6.29e-03	1.00e-01	8.93e-01	0.00e+00	0.00e+00
 1.26382e+16	5.32e-13	1.37e-08	4.44e-05	7.01e-03	1.06e-01	8.87e-01	0.00e+00	0.00e+00
 1.30675e+16	7.24e-13	1.78e-08	5.48e-05	8.05e-03	1.14e-01	8.78e-01	0.00e+00	0.00e+00
 1.35089e+16	9.73e-13	2.29e-08	6.73e-05	9.21e-03	1.23e-01	8.68e-01	0.00e+00	0.00e+00
 1.38760e+16	1.24e-12	2.81e-08	7.95e-05	1.03e-02	1.30e-01	8.60e-01	0.00e+00	0.00e+00
 1.42632e+16	1.60e-12	3.49e-08	9.46e-05	1.15e-02	1.38e-01	8.51e-01	0.00e+00	0.00e+00
 1.47667e+16	2.20e-12	4.57e-08	1.18e-04	1.33e-02	1.48e-01	8.39e-01	0.00e+00	0.00e+00
 1.52900e+16	3.02e-12	5.99e-08	1.46e-04	1.53e-02	1.59e-01	8.26e-01	0.00e+00	0.00e+00
 1.57292e+16	3.90e-12	7.43e-08	1.75e-04	1.72e-02	1.68e-01	8.14e-01	0.00e+00	0.00e+00
 1.61899e+16	5.12e-12	9.35e-08	2.10e-04	1.94e-02	1.79e-01	8.02e-01	0.00e+00	0.00e+00
 1.67793e+16	7.19e-12	1.25e-07	2.65e-04	2.25e-02	1.92e-01	7.85e-01	0.00e+00	0.00e+00
 1.73724e+16	9.85e-12	1.63e-07	3.30e-04	2.60e-02	2.06e-01	7.68e-01	0.00e+00	0.00e+00
 1.78549e+16	1.26e-11	2.01e-07	3.93e-04	2.91e-02	2.17e-01	7.53e-01	0.00e+00	0.00e+00
 1.83575e+16	1.65e-11	2.52e-07	4.71e-04	3.27e-02	2.30e-01	7.37e-01	0.00e+00	0.00e+00
 1.90108e+16	2.31e-11	3.35e-07	5.92e-04	3.79e-02	2.46e-01	7.16e-01	0.00e+00	0.00e+00
 1.96779e+16	3.18e-11	4.40e-07	7.41e-04	4.38e-02	2.62e-01	6.93e-01	0.00e+00	0.00e+00
 2.02119e+16	4.06e-11	5.43e-07	8.82e-04	4.90e-02	2.75e-01	6.75e-01	0.00e+00	0.00e+00
 2.06648e+16	5.00e-11	6.48e-07	1.02e-03	5.37e-02	2.86e-01	6.59e-01	0.00e+00	0.00e+00
 2.11634e+16	6.34e-11	7.91e-07	1.20e-03	5.95e-02	2.99e-01	6.40e-01	0.00e+00	0.00e+00
 2.17071e+16	8.07e-11	9.71e-07	1.42e-03	6.62e-02	3.12e-01	6.20e-01	0.00e+00	0.00e+00
 2.22143e+16	1.01e-10	1.17e-06	1.66e-03	7.31e-02	3.25e-01	6.01e-01	0.00e+00	0.00e+00
 2.27781e+16	1.31e-10	1.46e-06	1.99e-03	8.16e-02	3.38e-01	5.78e-01	0.00e+00	0.00e+00
 2.33738e+16	1.68e-10	1.81e-06	2.38e-03	9.12e-02	3.52e-01	5.54e-01	0.00e+00	0.00e+00
 2.39042e+16	2.10e-10	2.19e-06	2.78e-03	1.00e-01	3.64e-01	5.33e-01	0.00e+00	0.00e+00
 2.44872e+16	2.71e-10	2.71e-06	3.31e-03	1.12e-01	3.77e-01	5.08e-01	0.00e+00	0.00e+00
 2.51155e+16	3.52e-10	3.39e-06	3.99e-03	1.25e-01	3.90e-01	4.81e-01	0.00e+00	0.00e+00
 2.56842e+16	4.43e-10	4.12e-06	4.70e-03	1.38e-01	4.01e-01	4.57e-01	0.00e+00	0.00e+00
 2.61985e+16	5.47e-10	4.93e-06	5.45e-03	1.50e-01	4.10e-01	4.34e-01	0.00e+00	0.00e+00
 2.66862e+16	6.74e-10	5.87e-06	6.29e-03	1.63e-01	4.18e-01	4.13e-01	0.00e+00	0.00e+00
 2.72460e+16	8.63e-10	7.22e-06	7.44e-03	1.79e-01	4.26e-01	3.87e-01	0.00e+00	0.00e+00
 2.78364e+16	1.09e-09	8.82e-06	8.81e-03	1.97e-01	4.33e-01	3.61e-01	0.00e+00	0.00e+00
 2.83401e+16	1.35e-09	1.05e-05	1.02e-02	2.14e-01	4.38e-01	3.38e-01	0.00e+00	0.00e+00
 2.87935e+16	1.65e-09	1.25e-05	1.17e-02	2.30e-01	4.41e-01	3.18e-01	0.00e+00	0.00e+00
 2.93077e+16	2.09e-09	1.52e-05	1.37e-02	2.50e-01	4.43e-01	2.94e-01	0.00e+00	0.00e+00
 2.98277e+16	2.59e-09	1.82e-05	1.59e-02	2.70e-01	4.43e-01	2.71e-01	0.00e+00	0.00e+00
 3.02399e+16	3.11e-09	2.11e-05	1.81e-02	2.88e-01	4.42e-01	2.52e-01	0.00e+00	0.00e+00
 3.06020e+16	3.72e-09	2.44e-05	2.02e-02	3.04e-01	4.39e-01	2.36e-01	0.00e+00	0.00e+00
 3.10139e+16	4.57e-09	2.89e-05	2.31e-02	3.24e-01	4.35e-01	2.17e-01	0.00e+00	0.00e+00
 3.14516e+16	5.57e-09	3.41e-05	2.65e-02	3.46e-01	4.29e-01	1.98e-01	0.00e+00	0.00e+00
 3.18268e+16	6.79e-09	4.00e-05	2.99e-02	3.66e-01	4.23e-01	1.82e-01	0.00e+00	0.00e+00
 3.21519e+16	8.01e-09	4.57e-05	3.33e-02	3.83e-01	4.16e-01	1.68e-01	0.00e+00	0.00e+00
 3.25082e+16	9.33e-09	5.21e-05	3.75e-02	4.04e-01	4.06e-01	1.53e-01	0.00e+00	0.00e+00
 3.28902e+16	1.14e-08	6.14e-05	4.27e-02	4.26e-01	3.94e-01	1.37e-01	0.00e+00	0.00e+00
 3.32136e+16	1.44e-08	7.31e-05	4.80e-02	4.47e-01	3.82e-01	1.23e-01	0.00e+00	0.00e+00
 3.34760e+16	1.61e-08	8.06e-05	5.25e-02	4.63e-01	3.72e-01	1.13e-01	0.00e+00	0.00e+00
 3.37515e+16	1.90e-08	9.21e-05	5.81e-02	4.82e-01	3.59e-01	1.02e-01	0.00e+00	0.00e+00
 3.40515e+16	2.28e-08	1.06e-04	6.49e-02	5.02e-01	3.43e-01	9.00e-02	0.00e+00	0.00e+00
 3.43123e+16	2.70e-08	1.22e-04	7.17e-02	5.20e-01	3.28e-01	8.01e-02	0.00e+00	0.00e+00
 3.45304e+16	3.15e-08	1.37e-04	7.81e-02	5.35e-01	3.15e-01	7.19e-02	0.00e+00	0.00e+00
 3.47314e+16	3.80e-08	1.57e-04	8.49e-02	5.50e-01	3.01e-01	6.42e-02	0.00e+00	0.00e+00
 3.49244e+16	4.31e-08	1.74e-04	9.16e-02	5.64e-01	2.87e-01	5.75e-02	0.00e+00	0.00e+00
 3.51396e+16	5.09e-08	1.97e-04	1.00e-01	5.80e-01	2.70e-01	4.99e-02	0.00e+00	0.00e+00
 3.53586e+16	5.78e-08	2.19e-04	1.09e-01	5.96e-01	2.52e-01	4.29e-02	0.00e+00	0.00e+00
 3.55312e+16	7.01e-08	2.51e-04	1.18e-01	6.09e-01	2.36e-01	3.72e-02	0.00e+00	0.00e+00
 3.56686e+16	7.76e-08	2.72e-04	1.25e-01	6.19e-01	2.23e-01	3.30e-02	0.00e+00	0.00e+00
 3.58112e+16	8.54e-08	2.93e-04	1.32e-01	6.30e-01	2.08e-01	2.88e-02	0.00e+00	0.00e+00
 3.59693e+16	9.76e-08	3.24e-04	1.42e-01	6.42e-01	1.92e-01	2.44e-02	0.00e+00	0.00e+00
 3.61081e+16	1.11e-07	3.57e-04	1.50e-01	6.52e-01	1.77e-01	2.07e-02	0.00e+00	0.00e+00
 3.62210e+16	1.29e-07	3.96e-04	1.58e-01	6.60e-01	1.64e-01	1.77e-02	0.00e+00	0.00e+00
 3.63195e+16	1.41e-07	4.23e-04	1.65e-01	6.67e-01	1.53e-01	1.54e-02	0.00e+00	0.00e+00
 3.64279e+16	1.58e-07	4.59e-04	1.73e-01	6.74e-01	1.40e-01	1.29e-02	0.00e+00	0.00e+00
 3.65313e+16	1.75e-07	4.95e-04	1.81e-01	6.81e-01	1.27e-01	1.08e-02	0.00e+00	0.00e+00
 3.66040e+16	1.88e-07	5.22e-04	1.86e-01	6.85e-01	1.19e-01	9.46e-03	0.00e+00	0.00e+00
 3.66745e+16	2.00e-07	5.47e-04	1.92e-01	6.89e-01	1.10e-01	8.20e-03	0.00e+00	0.00e+00
 3.67661e+16	2.25e-07	5.95e-04	1.99e-01	6.94e-01	9.90e-02	6.66e-03	0.00e+00	0.00e+00
 3.68520e+16	2.46e-07	6.34e-04	2.06e-01	6.98e-01	8.92e-02	5.46e-03	0.00e+00	0.00e+00
 3.69131e+16	2.63e-07	6.64e-04	2.11e-01	7.01e-01	8.22e-02	4.68e-03	0.00e+00	0.00e+00
 3.69753e+16	2.82e-07	6.99e-04	2.17e-01	7.04e-01	7.51e-02	3.94e-03	0.00e+00	0.00e+00
 3.70562e+16	3.08e-07	7.45e-04	2.24e-01	7.06e-01	6.63e-02	3.11e-03	0.00e+00	0.00e+00
 3.71394e+16	3.36e-07	7.93e-04	2.30e-01	7.08e-01	5.81e-02	2.42e-03	0.00e+00	0.00e+00
 3.72089e+16	3.63e-07	8.37e-04	2.36e-01	7.10e-01	5.15e-02	1.93e-03	0.00e+00	0.00e+00
 3.72825e+16	3.93e-07	8.86e-04	2.42e-01	7.11e-01	4.49e-02	1.49e-03	0.00e+00	0.00e+00
 3.73782e+16	4.34e-07	9.51e-04	2.50e-01	7.11e-01	3.74e-02	1.05e-03	0.00e+00	0.00e+00
 3.74777e+16	4.80e-07	1.02e-03	2.57e-01	7.10e-01	3.07e-02	7.27e-04	0.00e+00	0.00e+00
 3.75644e+16	5.22e-07	1.08e-03	2.63e-01	7.09e-01	2.57e-02	5.20e-04	0.00e+00	0.00e+00
 3.76593e+16	5.71e-07	1.15e-03	2.70e-01	7.07e-01	2.10e-02	3.54e-04	0.00e+00	0.00e+00
 3.77827e+16	6.39e-07	1.24e-03	2.78e-01	7.04e-01	1.62e-02	2.15e-04	0.00e+00	0.00e+00
 3.79431e+16	7.31e-07	1.36e-03	2.88e-01	6.99e-01	1.16e-02	1.13e-04	0.00e+00	0.00e+00
 3.81217e+16	8.38e-07	1.49e-03	2.97e-01	6.93e-01	8.10e-03	5.64e-05	0.00e+00	0.00e+00
 3.83242e+16	9.71e-07	1.65e-03	3.08e-01	6.85e-01	5.49e-03	2.63e-05	0.00e+00	0.00e+00
 3.85873e+16	1.16e-06	1.86e-03	3.20e-01	6.74e-01	3.44e-03	1.04e-05	0.00e+00	0.00e+00
 3.89295e+16	1.46e-06	2.16e-03	3.37e-01	6.59e-01	1.98e-03	3.45e-06	0.00e+00	0.00e+00
 3.93116e+16	1.89e-06	2.55e-03	3.55e-01	6.41e-01	1.15e-03	1.15e-06	0.00e+00	0.00e+00
 3.96744e+16	2.44e-06	3.03e-03	3.75e-01	6.22e-01	7.18e-04	4.42e-07	0.00e+00	0.00e+00
 4.00118e+16	3.13e-06	3.58e-03	3.94e-01	6.02e-01	4.78e-04	0.00e+00	0.00e+00	0.00e+00
 4.03343e+16	4.04e-06	4.24e-03	4.14e-01	5.81e-01	3.30e-04	0.00e+00	0.00e+00	0.00e+00
 4.06465e+16	5.22e-06	5.04e-03	4.35e-01	5.59e-01	2.33e-04	0.00e+00	0.00e+00	0.00e+00
 4.09456e+16	6.79e-06	6.03e-03	4.58e-01	5.36e-01	1.69e-04	0.00e+00	0.00e+00	0.00e+00
 4.12277e+16	8.83e-06	7.22e-03	4.80e-01	5.12e-01	1.25e-04	0.00e+00	0.00e+00	0.00e+00
 4.14398e+16	1.09e-05	8.35e-03	4.99e-01	4.93e-01	1.00e-04	0.00e+00	0.00e+00	0.00e+00
 4.15706e+16	1.25e-05	9.17e-03	5.11e-01	4.80e-01	8.73e-05	0.00e+00	0.00e+00	0.00e+00
 4.16964e+16	1.43e-05	1.00e-02	5.22e-01	4.67e-01	7.58e-05	0.00e+00	0.00e+00	0.00e+00
 4.18600e+16	1.70e-05	1.13e-02	5.38e-01	4.50e-01	6.31e-05	0.00e+00	0.00e+00	0.00e+00
 4.20365e+16	2.08e-05	1.30e-02	5.56e-01	4.31e-01	5.18e-05	0.00e+00	0.00e+00	0.00e+00
 4.21867e+16	2.49e-05	1.48e-02	5.72e-01	4.13e-01	4.37e-05	0.00e+00	0.00e+00	0.00e+00
 4.23114e+16	2.90e-05	1.64e-02	5.85e-01	3.98e-01	3.79e-05	0.00e+00	0.00e+00	0.00e+00
 4.24461e+16	3.43e-05	1.85e-02	6.00e-01	3.81e-01	3.21e-05	0.00e+00	0.00e+00	0.00e+00
 4.25958e+16	4.18e-05	2.12e-02	6.17e-01	3.61e-01	2.67e-05	0.00e+00	0.00e+00	0.00e+00
 4.27153e+16	4.94e-05	2.39e-02	6.31e-01	3.45e-01	2.31e-05	0.00e+00	0.00e+00	0.00e+00
 4.27961e+16	5.55e-05	2.59e-02	6.40e-01	3.34e-01	2.08e-05	0.00e+00	0.00e+00	0.00e+00
 4.28761e+16	6.23e-05	2.81e-02	6.50e-01	3.22e-01	1.87e-05	0.00e+00	0.00e+00	0.00e+00
 4.29802e+16	7.26e-05	3.12e-02	6.62e-01	3.07e-01	1.62e-05	0.00e+00	0.00e+00	0.00e+00
 4.30878e+16	8.58e-05	3.51e-02	6.74e-01	2.91e-01	1.39e-05	0.00e+00	0.00e+00	0.00e+00
 4.31732e+16	9.86e-05	3.87e-02	6.84e-01	2.78e-01	1.23e-05	0.00e+00	0.00e+00	0.00e+00
 4.32433e+16	1.11e-04	4.20e-02	6.91e-01	2.67e-01	1.10e-05	0.00e+00	0.00e+00	0.00e+00
 4.33202e+16	1.26e-04	4.60e-02	7.00e-01	2.54e-01	9.79e-06	0.00e+00	0.00e+00	0.00e+00
 4.34070e+16	1.47e-04	5.11e-02	7.08e-01	2.40e-01	8.51e-06	0.00e+00	0.00e+00	0.00e+00
 4.34867e+16	1.69e-04	5.65e-02	7.16e-01	2.27e-01	7.45e-06	0.00e+00	0.00e+00	0.00e+00
 4.35547e+16	1.92e-04	6.17e-02	7.22e-01	2.16e-01	6.62e-06	0.00e+00	0.00e+00	0.00e+00
 4.36278e+16	2.21e-04	6.79e-02	7.28e-01	2.04e-01	5.79e-06	0.00e+00	0.00e+00	0.00e+00
 4.37071e+16	2.58e-04	7.58e-02	7.34e-01	1.90e-01	4.99e-06	0.00e+00	0.00e+00	0.00e+00
 4.37753e+16	2.97e-04	8.34e-02	7.38e-01	1.79e-01	4.37e-06	0.00e+00	0.00e+00	0.00e+00
 4.38331e+16	3.35e-04	9.08e-02	7.40e-01	1.69e-01	3.88e-06	0.00e+00	0.00e+00	0.00e+00
 4.38965e+16	3.83e-04	9.96e-02	7.42e-01	1.58e-01	3.38e-06	0.00e+00	0.00e+00	0.00e+00
 4.39662e+16	4.48e-04	1.11e-01	7.43e-01	1.46e-01	2.89e-06	0.00e+00	0.00e+00	0.00e+00
 4.40278e+16	5.16e-04	1.22e-01	7.42e-01	1.35e-01	2.50e-06	0.00e+00	0.00e+00	0.00e+00
 4.40803e+16	5.85e-04	1.33e-01	7.40e-01	1.26e-01	2.19e-06	0.00e+00	0.00e+00	0.00e+00
 4.41374e+16	6.70e-04	1.46e-01	7.37e-01	1.17e-01	1.89e-06	0.00e+00	0.00e+00	0.00e+00
 4.42003e+16	7.83e-04	1.62e-01	7.31e-01	1.06e-01	1.59e-06	0.00e+00	0.00e+00	0.00e+00
 4.42561e+16	9.05e-04	1.79e-01	7.23e-01	9.68e-02	1.35e-06	0.00e+00	0.00e+00	0.00e+00
 4.43040e+16	1.03e-03	1.95e-01	7.15e-01	8.90e-02	1.17e-06	0.00e+00	0.00e+00	0.00e+00
 4.43565e+16	1.19e-03	2.14e-01	7.04e-01	8.05e-02	9.81e-07	0.00e+00	0.00e+00	0.00e+00
 4.44149e+16	1.40e-03	2.38e-01	6.89e-01	7.13e-02	0.00e+00	0.00e+00	0.00e+00	0.00e+00
 4.44676e+16	1.63e-03	2.63e-01	6.72e-01	6.32e-02	0.00e+00	0.00e+00	0.00e+00	0.00e+00
 4.45141e+16	1.87e-03	2.88e-01	6.54e-01	5.62e-02	0.00e+00	0.00e+00	0.00e+00	0.00e+00
 4.45653e+16	2.18e-03	3.17e-01	6.32e-01	4.89e-02	0.00e+00	0.00e+00	0.00e+00	0.00e+00
 4.46230e+16	2.61e-03	3.55e-01	6.01e-01	4.10e-02	0.00e+00	0.00e+00	0.00e+00	0.00e+00
 4.46767e+16	3.12e-03	3.95e-01	5.67e-01	3.41e-02	0.00e+00	0.00e+00	0.00e+00	0.00e+00
 4.47242e+16	3.64e-03	4.34e-01	5.34e-01	2.84e-02	0.00e+00	0.00e+00	0.00e+00	0.00e+00
 4.47687e+16	4.23e-03	4.74e-01	4.98e-01	2.34e-02	0.00e+00	0.00e+00	0.00e+00	0.00e+00
 4.48123e+16	4.93e-03	5.16e-01	4.60e-01	1.90e-02	0.00e+00	0.00e+00	0.00e+00	0.00e+00
 4.48548e+16	5.73e-03	5.59e-01	4.20e-01	1.51e-02	0.00e+00	0.00e+00	0.00e+00	0.00e+00
 4.48950e+16	6.58e-03	6.02e-01	3.79e-01	1.19e-02	0.00e+00	0.00e+00	0.00e+00	0.00e+00
 4.49323e+16	7.53e-03	6.44e-01	3.40e-01	9.26e-03	0.00e+00	0.00e+00	0.00e+00	0.00e+00
 4.49673e+16	8.56e-03	6.83e-01	3.01e-01	7.11e-03	0.00e+00	0.00e+00	0.00e+00	0.00e+00
 4.50003e+16	9.68e-03	7.20e-01	2.65e-01	5.40e-03	0.00e+00	0.00e+00	0.00e+00	0.00e+00
 4.50318e+16	1.09e-02	7.55e-01	2.30e-01	4.05e-03	0.00e+00	0.00e+00	0.00e+00	0.00e+00
 4.50619e+16	1.22e-02	7.87e-01	1.98e-01	2.98e-03	0.00e+00	0.00e+00	0.00e+00	0.00e+00
 4.50907e+16	1.37e-02	8.16e-01	1.68e-01	2.17e-03	0.00e+00	0.00e+00	0.00e+00	0.00e+00
 4.51179e+16	1.51e-02	8.41e-01	1.42e-01	1.56e-03	0.00e+00	0.00e+00	0.00e+00	0.00e+00
 4.51441e+16	1.68e-02	8.63e-01	1.19e-01	1.10e-03	0.00e+00	0.00e+00	0.00e+00	0.00e+00
 4.51695e+16	1.86e-02	8.82e-01	9.82e-02	7.68e-04	0.00e+00	0.00e+00	0.00e+00	0.00e+00
 4.51934e+16	2.05e-02	8.98e-01	8.06e-02	5.29e-04	0.00e+00	0.00e+00	0.00e+00	0.00e+00
 4.52158e+16	2.25e-02	9.11e-01	6.59e-02	3.64e-04	0.00e+00	0.00e+00	0.00e+00	0.00e+00
 4.52366e+16	2.46e-02	9.21e-01	5.39e-02	2.50e-04	0.00e+00	0.00e+00	0.00e+00	0.00e+00
 4.52561e+16	2.68e-02	9.29e-01	4.40e-02	1.72e-04	0.00e+00	0.00e+00	0.00e+00	0.00e+00
 4.52747e+16	2.91e-02	9.35e-01	3.58e-02	1.18e-04	0.00e+00	0.00e+00	0.00e+00	0.00e+00
 4.52925e+16	3.16e-02	9.39e-01	2.91e-02	8.06e-05	0.00e+00	0.00e+00	0.00e+00	0.00e+00
 4.53094e+16	3.41e-02	9.42e-01	2.36e-02	5.49e-05	0.00e+00	0.00e+00	0.00e+00	0.00e+00
 4.53256e+16	3.68e-02	9.44e-01	1.91e-02	3.72e-05	0.00e+00	0.00e+00	0.00e+00	0.00e+00
 4.53409e+16	3.96e-02	9.45e-01	1.55e-02	2.55e-05	0.00e+00	0.00e+00	0.00e+00	0.00e+00
 4.53555e+16	4.25e-02	9.45e-01	1.25e-02	1.73e-05	0.00e+00	0.00e+00	0.00e+00	0.00e+00
 4.53696e+16	4.56e-02	9.44e-01	1.01e-02	1.18e-05	0.00e+00	0.00e+00	0.00e+00	0.00e+00
 4.53830e+16	4.87e-02	9.43e-01	8.24e-03	8.04e-06	0.00e+00	0.00e+00	0.00e+00	0.00e+00
 4.53955e+16	5.18e-02	9.41e-01	6.73e-03	5.57e-06	0.00e+00	0.00e+00	0.00e+00	0.00e+00
 4.54067e+16	5.49e-02	9.40e-01	5.58e-03	3.96e-06	0.00e+00	0.00e+00	0.00e+00	0.00e+00
 4.54166e+16	5.76e-02	9.38e-01	4.71e-03	2.90e-06	0.00e+00	0.00e+00	0.00e+00	0.00e+00
 4.54257e+16	6.03e-02	9.36e-01	4.01e-03	2.16e-06	0.00e+00	0.00e+00	0.00e+00	0.00e+00
 4.54330e+16	6.27e-02	9.34e-01	3.53e-03	1.71e-06	0.00e+00	0.00e+00	0.00e+00	0.00e+00
 4.54378e+16	6.42e-02	9.33e-01	3.23e-03	1.46e-06	0.00e+00	0.00e+00	0.00e+00	0.00e+00
 4.54422e+16	6.58e-02	9.31e-01	2.98e-03	1.26e-06	0.00e+00	0.00e+00	0.00e+00	0.00e+00
 4.54473e+16	6.77e-02	9.30e-01	2.70e-03	1.05e-06	0.00e+00	0.00e+00	0.00e+00	0.00e+00
 4.54529e+16	6.97e-02	9.28e-01	2.43e-03	8.68e-07	0.00e+00	0.00e+00	0.00e+00	0.00e+00
 4.54582e+16	7.18e-02	9.26e-01	2.20e-03	0.00e+00	0.00e+00	0.00e+00	0.00e+00	0.00e+00
 4.54632e+16	7.38e-02	9.24e-01	1.99e-03	0.00e+00	0.00e+00	0.00e+00	0.00e+00	0.00e+00
 4.54681e+16	7.58e-02	9.22e-01	1.81e-03	0.00e+00	0.00e+00	0.00e+00	0.00e+00	0.00e+00
 4.54730e+16	7.80e-02	9.20e-01	1.64e-03	0.00e+00	0.00e+00	0.00e+00	0.00e+00	0.00e+00
 4.54779e+16	8.03e-02	9.18e-01	1.48e-03	0.00e+00	0.00e+00	0.00e+00	0.00e+00	0.00e+00
 4.54828e+16	8.25e-02	9.16e-01	1.34e-03	0.00e+00	0.00e+00	0.00e+00	0.00e+00	0.00e+00
 4.54875e+16	8.48e-02	9.14e-01	1.22e-03	0.00e+00	0.00e+00	0.00e+00	0.00e+00	0.00e+00
 4.54922e+16	8.71e-02	9.12e-01	1.10e-03	0.00e+00	0.00e+00	0.00e+00	0.00e+00	0.00e+00
 4.54968e+16	8.96e-02	9.09e-01	9.98e-04	0.00e+00	0.00e+00	0.00e+00	0.00e+00	0.00e+00
 4.55014e+16	9.22e-02	9.07e-01	9.04e-04	0.00e+00	0.00e+00	0.00e+00	0.00e+00	0.00e+00
 4.55060e+16	9.51e-02	9.04e-01	8.18e-04	0.00e+00	0.00e+00	0.00e+00	0.00e+00	0.00e+00
 4.55105e+16	9.77e-02	9.02e-01	7.40e-04	0.00e+00	0.00e+00	0.00e+00	0.00e+00	0.00e+00
 4.55149e+16	1.01e-01	8.99e-01	6.71e-04	0.00e+00	0.00e+00	0.00e+00	0.00e+00	0.00e+00
 4.55192e+16	1.04e-01	8.96e-01	6.08e-04	0.00e+00	0.00e+00	0.00e+00	0.00e+00	0.00e+00
 4.55235e+16	1.07e-01	8.93e-01	5.50e-04	0.00e+00	0.00e+00	0.00e+00	0.00e+00	0.00e+00
 4.55278e+16	1.10e-01	8.89e-01	4.97e-04	0.00e+00	0.00e+00	0.00e+00	0.00e+00	0.00e+00
 4.55321e+16	1.13e-01	8.86e-01	4.50e-04	0.00e+00	0.00e+00	0.00e+00	0.00e+00	0.00e+00
 4.55362e+16	1.17e-01	8.82e-01	4.07e-04	0.00e+00	0.00e+00	0.00e+00	0.00e+00	0.00e+00
 4.55403e+16	1.21e-01	8.79e-01	3.68e-04	0.00e+00	0.00e+00	0.00e+00	0.00e+00	0.00e+00
 4.55444e+16	1.25e-01	8.75e-01	3.33e-04	0.00e+00	0.00e+00	0.00e+00	0.00e+00	0.00e+00
 4.55485e+16	1.30e-01	8.70e-01	3.01e-04	0.00e+00	0.00e+00	0.00e+00	0.00e+00	0.00e+00
 4.55525e+16	1.34e-01	8.66e-01	2.72e-04	0.00e+00	0.00e+00	0.00e+00	0.00e+00	0.00e+00
 4.55564e+16	1.39e-01	8.61e-01	2.46e-04	0.00e+00	0.00e+00	0.00e+00	0.00e+00	0.00e+00
 4.55602e+16	1.44e-01	8.56e-01	2.22e-04	0.00e+00	0.00e+00	0.00e+00	0.00e+00	0.00e+00
 4.55641e+16	1.50e-01	8.50e-01	2.01e-04	0.00e+00	0.00e+00	0.00e+00	0.00e+00	0.00e+00
 4.55679e+16	1.55e-01	8.44e-01	1.81e-04	0.00e+00	0.00e+00	0.00e+00	0.00e+00	0.00e+00
 4.55716e+16	1.62e-01	8.38e-01	1.64e-04	0.00e+00	0.00e+00	0.00e+00	0.00e+00	0.00e+00
 4.55752e+16	1.68e-01	8.32e-01	1.48e-04	0.00e+00	0.00e+00	0.00e+00	0.00e+00	0.00e+00
 4.55787e+16	1.76e-01	8.24e-01	1.34e-04	0.00e+00	0.00e+00	0.00e+00	0.00e+00	0.00e+00
 4.55821e+16	1.83e-01	8.17e-01	1.21e-04	0.00e+00	0.00e+00	0.00e+00	0.00e+00	0.00e+00
