#depth	He	He+	He+2
 1.49634e+10	7.17e-24	1.08e-12	1.00e+00
 4.54887e+10	8.06e-24	1.16e-12	1.00e+00
 7.72350e+10	8.95e-24	1.26e-12	1.00e+00
 1.10251e+11	9.94e-24	1.36e-12	1.00e+00
 1.44588e+11	1.10e-23	1.47e-12	1.00e+00
 1.80298e+11	1.22e-23	1.59e-12	1.00e+00
 2.17437e+11	1.36e-23	1.72e-12	1.00e+00
 2.56061e+11	1.50e-23	1.86e-12	1.00e+00
 2.96231e+11	1.66e-23	2.01e-12	1.00e+00
 3.38007e+11	1.84e-23	2.18e-12	1.00e+00
 3.77033e+11	2.02e-23	2.34e-12	1.00e+00
 4.11493e+11	2.19e-23	2.48e-12	1.00e+00
 4.49973e+11	2.38e-23	2.65e-12	1.00e+00
 4.96121e+11	2.62e-23	2.86e-12	1.00e+00
 5.42470e+11	2.89e-23	3.08e-12	1.00e+00
 5.85151e+11	3.15e-23	3.29e-12	1.00e+00
 6.32831e+11	3.45e-23	3.53e-12	1.00e+00
 6.87939e+11	3.82e-23	3.82e-12	1.00e+00
 7.41792e+11	4.22e-23	4.11e-12	1.00e+00
 7.92984e+11	4.61e-23	4.40e-12	1.00e+00
 8.49816e+11	5.08e-23	4.73e-12	1.00e+00
 9.13735e+11	5.65e-23	5.12e-12	1.00e+00
 9.78192e+11	6.27e-23	5.53e-12	1.00e+00
 1.04523e+12	6.95e-23	5.97e-12	1.00e+00
 1.11696e+12	7.75e-23	6.46e-12	1.00e+00
 1.19157e+12	8.64e-23	6.99e-12	1.00e+00
 1.26916e+12	9.65e-23	7.57e-12	1.00e+00
 1.34985e+12	1.08e-22	8.20e-12	1.00e+00
 1.43377e+12	1.21e-22	8.87e-12	1.00e+00
 1.52105e+12	1.35e-22	9.61e-12	1.00e+00
 1.61182e+12	1.52e-22	1.04e-11	1.00e+00
 1.70622e+12	1.71e-22	1.13e-11	1.00e+00
 1.80439e+12	1.92e-22	1.22e-11	1.00e+00
 1.90650e+12	2.16e-22	1.32e-11	1.00e+00
 2.00626e+12	2.42e-22	1.43e-11	1.00e+00
 2.09822e+12	2.68e-22	1.52e-11	1.00e+00
 2.19998e+12	2.99e-22	1.64e-11	1.00e+00
 2.31761e+12	3.39e-22	1.78e-11	1.00e+00
 2.43334e+12	3.82e-22	1.92e-11	1.00e+00
 2.55371e+12	4.30e-22	2.07e-11	1.00e+00
 2.68578e+12	4.90e-22	2.24e-11	1.00e+00
 2.81943e+12	5.56e-22	2.43e-11	1.00e+00
 2.95843e+12	6.32e-22	2.63e-11	1.00e+00
 3.10669e+12	7.22e-22	2.85e-11	1.00e+00
 3.26089e+12	8.25e-22	3.09e-11	1.00e+00
 3.42125e+12	9.45e-22	3.36e-11	1.00e+00
 3.58803e+12	1.08e-21	3.65e-11	1.00e+00
 3.76147e+12	1.24e-21	3.96e-11	1.00e+00
 3.94186e+12	1.43e-21	4.30e-11	1.00e+00
 4.12946e+12	1.65e-21	4.67e-11	1.00e+00
 4.30582e+12	1.87e-21	5.04e-11	1.00e+00
 4.46343e+12	2.09e-21	5.38e-11	1.00e+00
 4.64029e+12	2.36e-21	5.78e-11	1.00e+00
 4.85002e+12	2.72e-21	6.27e-11	1.00e+00
 5.05993e+12	3.12e-21	6.79e-11	1.00e+00
 5.25678e+12	3.53e-21	7.29e-11	1.00e+00
 5.47552e+12	4.03e-21	7.88e-11	1.00e+00
 5.72447e+12	4.67e-21	8.58e-11	1.00e+00
 5.97212e+12	5.39e-21	9.32e-11	1.00e+00
 6.22968e+12	6.21e-21	1.01e-10	1.00e+00
 6.50879e+12	7.21e-21	1.10e-10	1.00e+00
 6.79907e+12	8.38e-21	1.20e-10	1.00e+00
 7.07248e+12	9.62e-21	1.30e-10	1.00e+00
 7.31785e+12	1.08e-20	1.40e-10	1.00e+00
 7.59373e+12	1.23e-20	1.51e-10	1.00e+00
 7.91962e+12	1.43e-20	1.64e-10	1.00e+00
 8.24478e+12	1.65e-20	1.79e-10	1.00e+00
 8.55067e+12	1.87e-20	1.93e-10	1.00e+00
 8.89035e+12	2.14e-20	2.09e-10	1.00e+00
 9.27589e+12	2.50e-20	2.29e-10	1.00e+00
 9.65542e+12	2.88e-20	2.50e-10	1.00e+00
 1.00501e+13	3.32e-20	2.72e-10	1.00e+00
 1.04821e+13	3.86e-20	2.99e-10	1.00e+00
 1.09156e+13	4.46e-20	3.26e-10	1.00e+00
 1.13664e+13	5.14e-20	3.57e-10	1.00e+00
 1.18342e+13	5.94e-20	3.91e-10	1.00e+00
 1.22925e+13	6.79e-20	4.26e-10	1.00e+00
 1.27860e+13	7.78e-20	4.66e-10	1.00e+00
 1.33274e+13	9.00e-20	5.13e-10	1.00e+00
 1.38904e+13	1.04e-19	5.64e-10	1.00e+00
 1.44759e+13	1.20e-19	6.21e-10	1.00e+00
 1.50849e+13	1.38e-19	6.84e-10	1.00e+00
 1.56352e+13	1.56e-19	7.44e-10	1.00e+00
 1.60931e+13	1.72e-19	7.96e-10	1.00e+00
 1.65944e+13	1.90e-19	8.57e-10	1.00e+00
 1.72302e+13	2.16e-19	9.37e-10	1.00e+00
 1.78937e+13	2.45e-19	1.03e-09	1.00e+00
 1.84803e+13	2.72e-19	1.11e-09	1.00e+00
 1.90281e+13	3.00e-19	1.19e-09	1.00e+00
 1.96538e+13	3.33e-19	1.29e-09	1.00e+00
 2.04225e+13	3.78e-19	1.41e-09	1.00e+00
 2.11882e+13	4.27e-19	1.54e-09	1.00e+00
 2.18536e+13	4.73e-19	1.66e-09	1.00e+00
 2.25776e+13	5.26e-19	1.80e-09	1.00e+00
 2.34615e+13	5.96e-19	1.97e-09	1.00e+00
 2.43642e+13	6.75e-19	2.16e-09	1.00e+00
 2.51934e+13	7.53e-19	2.34e-09	1.00e+00
 2.61161e+13	8.48e-19	2.55e-09	1.00e+00
 2.71854e+13	9.70e-19	2.80e-09	1.00e+00
 2.82392e+13	1.10e-18	3.07e-09	1.00e+00
 2.92483e+13	1.24e-18	3.33e-09	1.00e+00
 3.03612e+13	1.41e-18	3.64e-09	1.00e+00
 3.16056e+13	1.62e-18	4.00e-09	1.00e+00
 3.27370e+13	1.84e-18	4.34e-09	1.00e+00
 3.36894e+13	2.04e-18	4.64e-09	1.00e+00
 3.47367e+13	2.27e-18	4.98e-09	1.00e+00
 3.59184e+13	2.57e-18	5.38e-09	1.00e+00
 3.70487e+13	2.88e-18	5.78e-09	1.00e+00
 3.82923e+13	3.26e-18	6.23e-09	1.00e+00
 3.96741e+13	3.72e-18	6.76e-09	1.00e+00
 4.09692e+13	4.20e-18	7.27e-09	1.00e+00
 4.23867e+13	4.79e-18	7.85e-09	1.00e+00
 4.39807e+13	5.52e-18	8.54e-09	1.00e+00
 4.55026e+13	6.31e-18	9.22e-09	1.00e+00
 4.71713e+13	7.26e-18	9.99e-09	1.00e+00
 4.89405e+13	8.40e-18	1.09e-08	1.00e+00
 5.04879e+13	9.51e-18	1.16e-08	1.00e+00
 5.21390e+13	1.08e-17	1.25e-08	1.00e+00
 5.41486e+13	1.26e-17	1.36e-08	1.00e+00
 5.61507e+13	1.46e-17	1.47e-08	1.00e+00
 5.79165e+13	1.65e-17	1.58e-08	1.00e+00
 5.98485e+13	1.89e-17	1.69e-08	1.00e+00
 6.21743e+13	2.21e-17	1.84e-08	1.00e+00
 6.45019e+13	2.56e-17	2.00e-08	1.00e+00
 6.66177e+13	2.93e-17	2.14e-08	1.00e+00
 6.89684e+13	3.37e-17	2.31e-08	1.00e+00
 7.17180e+13	3.96e-17	2.51e-08	1.00e+00
 7.44309e+13	4.62e-17	2.72e-08	1.00e+00
 7.69963e+13	5.31e-17	2.93e-08	1.00e+00
 7.98501e+13	6.17e-17	3.17e-08	1.00e+00
 8.30740e+13	7.27e-17	3.45e-08	1.00e+00
 8.63120e+13	8.51e-17	3.74e-08	1.00e+00
 8.96795e+13	9.96e-17	4.06e-08	1.00e+00
 9.32966e+13	1.17e-16	4.42e-08	1.00e+00
 9.70584e+13	1.38e-16	4.80e-08	1.00e+00
 1.00762e+14	1.61e-16	5.20e-08	1.00e+00
 1.04208e+14	1.85e-16	5.58e-08	1.00e+00
 1.07318e+14	2.09e-16	5.93e-08	1.00e+00
 1.10652e+14	2.37e-16	6.32e-08	1.00e+00
 1.14802e+14	2.76e-16	6.83e-08	1.00e+00
 1.18961e+14	3.19e-16	7.36e-08	1.00e+00
 1.22534e+14	3.60e-16	7.82e-08	1.00e+00
 1.26398e+14	4.08e-16	8.34e-08	1.00e+00
 1.31169e+14	4.75e-16	9.01e-08	1.00e+00
 1.35930e+14	5.50e-16	9.70e-08	1.00e+00
 1.40041e+14	6.20e-16	1.03e-07	1.00e+00
 1.44496e+14	7.04e-16	1.10e-07	1.00e+00
 1.49969e+14	8.19e-16	1.19e-07	1.00e+00
 1.55489e+14	9.48e-16	1.28e-07	1.00e+00
 1.60384e+14	1.07e-15	1.36e-07	1.00e+00
 1.65742e+14	1.23e-15	1.45e-07	1.00e+00
 1.72160e+14	1.43e-15	1.57e-07	1.00e+00
 1.78549e+14	1.65e-15	1.69e-07	1.00e+00
 1.84371e+14	1.88e-15	1.80e-07	1.00e+00
 1.90865e+14	2.16e-15	1.93e-07	1.00e+00
 1.98441e+14	2.52e-15	2.09e-07	1.00e+00
 2.05908e+14	2.92e-15	2.25e-07	1.00e+00
 2.12978e+14	3.35e-15	2.41e-07	1.00e+00
 2.20833e+14	3.87e-15	2.59e-07	1.00e+00
 2.29696e+14	4.52e-15	2.81e-07	1.00e+00
 2.38602e+14	5.26e-15	3.03e-07	1.00e+00
 2.47864e+14	6.12e-15	3.27e-07	1.00e+00
 2.57808e+14	7.16e-15	3.54e-07	1.00e+00
 2.67440e+14	8.29e-15	3.81e-07	1.00e+00
 2.76504e+14	9.47e-15	4.07e-07	1.00e+00
 2.86640e+14	1.09e-14	4.38e-07	1.00e+00
 2.96859e+14	1.26e-14	4.70e-07	1.00e+00
 3.05351e+14	1.41e-14	4.97e-07	1.00e+00
 3.14337e+14	1.58e-14	5.27e-07	1.00e+00
 3.25819e+14	1.82e-14	5.67e-07	1.00e+00
 3.37849e+14	2.11e-14	6.10e-07	1.00e+00
 3.48479e+14	2.38e-14	6.50e-07	1.00e+00
 3.59988e+14	2.71e-14	6.94e-07	1.00e+00
 3.73837e+14	3.16e-14	7.50e-07	1.00e+00
 3.87867e+14	3.66e-14	8.09e-07	1.00e+00
 4.01013e+14	4.19e-14	8.66e-07	1.00e+00
 4.15639e+14	4.84e-14	9.33e-07	1.00e+00
 4.31129e+14	5.61e-14	1.01e-06	1.00e+00
 4.44891e+14	6.36e-14	1.07e-06	1.00e+00
 4.59694e+14	7.26e-14	1.15e-06	1.00e+00
 4.77438e+14	8.46e-14	1.24e-06	1.00e+00
 4.94909e+14	9.78e-14	1.34e-06	1.00e+00
 5.10474e+14	1.11e-13	1.43e-06	1.00e+00
 5.27653e+14	1.27e-13	1.53e-06	1.00e+00
 5.48125e+14	1.47e-13	1.66e-06	1.00e+00
 5.68420e+14	1.71e-13	1.79e-06	1.00e+00
 5.86948e+14	1.94e-13	1.91e-06	1.00e+00
 6.07637e+14	2.23e-13	2.05e-06	1.00e+00
 6.31731e+14	2.60e-13	2.23e-06	1.00e+00
 6.55410e+14	3.01e-13	2.40e-06	1.00e+00
 6.77784e+14	3.43e-13	2.57e-06	1.00e+00
 7.02673e+14	3.96e-13	2.77e-06	1.00e+00
 7.30810e+14	4.63e-13	3.01e-06	1.00e+00
 7.57471e+14	5.32e-13	3.24e-06	1.00e+00
 7.81713e+14	6.02e-13	3.45e-06	1.00e+00
 8.09138e+14	6.88e-13	3.71e-06	1.00e+00
 8.41146e+14	8.01e-13	4.02e-06	1.00e+00
 8.71830e+14	9.20e-13	4.32e-06	1.00e+00
 8.99525e+14	1.04e-12	4.60e-06	1.00e+00
 9.25657e+14	1.16e-12	4.88e-06	1.00e+00
 9.54667e+14	1.30e-12	5.20e-06	1.00e+00
 9.87053e+14	1.48e-12	5.57e-06	1.00e+00
 1.01761e+15	1.66e-12	5.93e-06	1.00e+00
 1.05112e+15	1.88e-12	6.33e-06	1.00e+00
 1.08867e+15	2.15e-12	6.80e-06	1.00e+00
 1.12408e+15	2.42e-12	7.26e-06	1.00e+00
 1.16272e+15	2.75e-12	7.78e-06	1.00e+00
 1.20545e+15	3.15e-12	8.37e-06	1.00e+00
 1.24491e+15	3.56e-12	8.94e-06	1.00e+00
 1.28764e+15	4.03e-12	9.57e-06	1.00e+00
 1.33541e+15	4.62e-12	1.03e-05	1.00e+00
 1.38030e+15	5.22e-12	1.10e-05	1.00e+00
 1.42921e+15	5.95e-12	1.18e-05	1.00e+00
 1.48362e+15	6.82e-12	1.28e-05	1.00e+00
 1.53449e+15	7.73e-12	1.37e-05	1.00e+00
 1.58977e+15	8.81e-12	1.47e-05	1.00e+00
 1.65162e+15	1.02e-11	1.59e-05	1.00e+00
 1.71027e+15	1.16e-11	1.71e-05	1.00e+00
 1.77304e+15	1.33e-11	1.85e-05	1.00e+00
 1.84399e+15	1.53e-11	2.00e-05	1.00e+00
 1.91387e+15	1.76e-11	2.16e-05	1.00e+00
 1.98655e+15	2.03e-11	2.34e-05	1.00e+00
 2.06604e+15	2.35e-11	2.54e-05	1.00e+00
 2.14449e+15	2.71e-11	2.75e-05	1.00e+00
 2.20966e+15	3.04e-11	2.93e-05	1.00e+00
 2.26237e+15	3.33e-11	3.08e-05	1.00e+00
 2.32091e+15	3.68e-11	3.25e-05	1.00e+00
 2.39701e+15	4.17e-11	3.49e-05	1.00e+00
 2.47854e+15	4.76e-11	3.75e-05	1.00e+00
 2.55078e+15	5.33e-11	3.99e-05	1.00e+00
 2.62839e+15	6.00e-11	4.26e-05	1.00e+00
 2.72571e+15	6.93e-11	4.62e-05	1.00e+00
 2.82449e+15	8.00e-11	4.99e-05	1.00e+00
 2.91004e+15	9.02e-11	5.33e-05	1.00e+00
 3.00256e+15	1.03e-10	5.72e-05	1.00e+00
 3.11596e+15	1.19e-10	6.21e-05	1.00e+00
 3.23041e+15	1.38e-10	6.73e-05	1.00e+00
 3.33198e+15	1.57e-10	7.21e-05	1.00e+00
 3.44292e+15	1.80e-10	7.76e-05	1.00e+00
 3.57576e+15	2.11e-10	8.45e-05	1.00e+00
 3.70729e+15	2.46e-10	9.16e-05	1.00e+00
 3.82589e+15	2.80e-10	9.84e-05	1.00e+00
 3.95741e+15	3.24e-10	1.06e-04	1.00e+00
 4.11240e+15	3.81e-10	1.16e-04	1.00e+00
 4.26538e+15	4.45e-10	1.26e-04	1.00e+00
 4.40738e+15	5.11e-10	1.35e-04	1.00e+00
 4.56660e+15	5.97e-10	1.47e-04	1.00e+00
 4.74929e+15	7.07e-10	1.60e-04	1.00e+00
 4.92901e+15	8.29e-10	1.74e-04	1.00e+00
 5.11592e+15	9.73e-10	1.90e-04	1.00e+00
 5.28621e+15	1.12e-09	2.04e-04	1.00e+00
 5.41325e+15	1.24e-09	2.15e-04	1.00e+00
 5.54448e+15	1.38e-09	2.27e-04	1.00e+00
 5.71509e+15	1.57e-09	2.43e-04	1.00e+00
 5.89970e+15	1.80e-09	2.61e-04	1.00e+00
 6.06625e+15	2.03e-09	2.78e-04	1.00e+00
 6.24652e+15	2.30e-09	2.97e-04	1.00e+00
 6.47539e+15	2.69e-09	3.22e-04	1.00e+00
 6.70582e+15	3.13e-09	3.48e-04	1.00e+00
 6.89931e+15	3.54e-09	3.71e-04	1.00e+00
 7.10641e+15	4.02e-09	3.96e-04	1.00e+00
 7.36795e+15	4.69e-09	4.29e-04	1.00e+00
 7.64191e+15	5.48e-09	4.65e-04	1.00e+00
 7.88778e+15	6.28e-09	4.99e-04	1.00e+00
 8.15545e+15	7.24e-09	5.37e-04	9.99e-01
 8.47289e+15	8.52e-09	5.84e-04	9.99e-01
 8.78345e+15	9.92e-09	6.32e-04	9.99e-01
 9.06425e+15	1.13e-08	6.76e-04	9.99e-01
 9.37795e+15	1.31e-08	7.28e-04	9.99e-01
 9.74639e+15	1.54e-08	7.92e-04	9.99e-01
 1.01084e+16	1.79e-08	8.57e-04	9.99e-01
 1.04451e+16	2.05e-08	9.19e-04	9.99e-01
 1.07398e+16	2.31e-08	9.76e-04	9.99e-01
 1.09885e+16	2.54e-08	1.02e-03	9.99e-01
 1.12640e+16	2.82e-08	1.08e-03	9.99e-01
 1.16222e+16	3.22e-08	1.16e-03	9.99e-01
 1.19945e+16	3.67e-08	1.24e-03	9.99e-01
 1.23080e+16	4.08e-08	1.31e-03	9.99e-01
 1.26382e+16	4.56e-08	1.38e-03	9.99e-01
 1.30675e+16	5.25e-08	1.49e-03	9.99e-01
 1.35089e+16	6.02e-08	1.59e-03	9.98e-01
 1.38760e+16	6.71e-08	1.69e-03	9.98e-01
 1.42632e+16	7.53e-08	1.79e-03	9.98e-01
 1.47667e+16	8.71e-08	1.93e-03	9.98e-01
 1.52900e+16	1.00e-07	2.08e-03	9.98e-01
 1.57292e+16	1.12e-07	2.21e-03	9.98e-01
 1.61899e+16	1.27e-07	2.35e-03	9.98e-01
 1.67793e+16	1.47e-07	2.55e-03	9.97e-01
 1.73724e+16	1.70e-07	2.74e-03	9.97e-01
 1.78549e+16	1.89e-07	2.91e-03	9.97e-01
 1.83575e+16	2.13e-07	3.10e-03	9.97e-01
 1.90108e+16	2.47e-07	3.37e-03	9.97e-01
 1.96779e+16	2.84e-07	3.64e-03	9.96e-01
 2.02119e+16	3.16e-07	3.87e-03	9.96e-01
 2.06648e+16	3.47e-07	4.07e-03	9.96e-01
 2.11634e+16	3.85e-07	4.33e-03	9.96e-01
 2.17071e+16	4.29e-07	4.60e-03	9.95e-01
 2.22143e+16	4.73e-07	4.88e-03	9.95e-01
 2.27781e+16	5.32e-07	5.22e-03	9.95e-01
 2.33738e+16	5.95e-07	5.60e-03	9.94e-01
 2.39042e+16	6.59e-07	5.96e-03	9.94e-01
 2.44872e+16	7.41e-07	6.41e-03	9.94e-01
 2.51155e+16	8.38e-07	6.92e-03	9.93e-01
 2.56842e+16	9.34e-07	7.43e-03	9.93e-01
 2.61985e+16	1.03e-06	7.94e-03	9.92e-01
 2.66862e+16	1.14e-06	8.48e-03	9.92e-01
 2.72460e+16	1.29e-06	9.20e-03	9.91e-01
 2.78364e+16	1.46e-06	1.00e-02	9.90e-01
 2.83401e+16	1.63e-06	1.08e-02	9.89e-01
 2.87935e+16	1.81e-06	1.16e-02	9.88e-01
 2.93077e+16	2.06e-06	1.27e-02	9.87e-01
 2.98277e+16	2.33e-06	1.39e-02	9.86e-01
 3.02399e+16	2.59e-06	1.50e-02	9.85e-01
 3.06020e+16	2.87e-06	1.62e-02	9.84e-01
 3.10139e+16	3.25e-06	1.77e-02	9.82e-01
 3.14516e+16	3.70e-06	1.95e-02	9.80e-01
 3.18268e+16	4.19e-06	2.14e-02	9.79e-01
 3.21519e+16	4.68e-06	2.33e-02	9.77e-01
 3.25082e+16	5.28e-06	2.57e-02	9.74e-01
 3.28902e+16	6.12e-06	2.88e-02	9.71e-01
 3.32136e+16	7.11e-06	3.21e-02	9.68e-01
 3.34760e+16	7.90e-06	3.51e-02	9.65e-01
 3.37515e+16	9.03e-06	3.90e-02	9.61e-01
 3.40515e+16	1.05e-05	4.41e-02	9.56e-01
 3.43123e+16	1.22e-05	4.95e-02	9.51e-01
 3.45304e+16	1.39e-05	5.50e-02	9.45e-01
 3.47314e+16	1.61e-05	6.10e-02	9.39e-01
 3.49244e+16	1.83e-05	6.80e-02	9.32e-01
 3.51396e+16	2.15e-05	7.74e-02	9.23e-01
 3.53586e+16	2.53e-05	8.92e-02	9.11e-01
 3.55312e+16	2.99e-05	1.01e-01	8.99e-01
 3.56686e+16	3.39e-05	1.12e-01	8.88e-01
 3.58112e+16	3.88e-05	1.26e-01	8.74e-01
 3.59693e+16	4.58e-05	1.44e-01	8.55e-01
 3.61081e+16	5.38e-05	1.64e-01	8.35e-01
 3.62210e+16	6.20e-05	1.84e-01	8.16e-01
 3.63195e+16	7.02e-05	2.04e-01	7.96e-01
 3.64279e+16	8.12e-05	2.29e-01	7.71e-01
 3.65313e+16	9.32e-05	2.57e-01	7.43e-01
 3.66040e+16	1.03e-04	2.79e-01	7.21e-01
 3.66745e+16	1.14e-04	3.04e-01	6.96e-01
 3.67661e+16	1.31e-04	3.39e-01	6.61e-01
 3.68520e+16	1.48e-04	3.74e-01	6.26e-01
 3.69131e+16	1.61e-04	4.02e-01	5.98e-01
 3.69753e+16	1.77e-04	4.33e-01	5.67e-01
 3.70562e+16	1.99e-04	4.75e-01	5.25e-01
 3.71394e+16	2.23e-04	5.19e-01	4.81e-01
 3.72089e+16	2.45e-04	5.58e-01	4.42e-01
 3.72825e+16	2.70e-04	6.00e-01	4.00e-01
 3.73782e+16	3.02e-04	6.52e-01	3.47e-01
 3.74777e+16	3.36e-04	7.04e-01	2.96e-01
 3.75644e+16	3.64e-04	7.45e-01	2.55e-01
 3.76593e+16	3.95e-04	7.86e-01	2.14e-01
 3.77827e+16	4.32e-04	8.31e-01	1.69e-01
 3.79431e+16	4.75e-04	8.76e-01	1.23e-01
 3.81217e+16	5.16e-04	9.12e-01	8.72e-02
 3.83242e+16	5.55e-04	9.40e-01	5.95e-02
 3.85873e+16	5.98e-04	9.62e-01	3.74e-02
 3.89295e+16	6.50e-04	9.78e-01	2.17e-02
 3.93116e+16	7.04e-04	9.87e-01	1.27e-02
 3.96744e+16	7.61e-04	9.91e-01	8.11e-03
 4.00118e+16	8.18e-04	9.94e-01	5.57e-03
 4.03343e+16	8.82e-04	9.95e-01	4.00e-03
 4.06465e+16	9.51e-04	9.96e-01	2.97e-03
 4.09456e+16	1.03e-03	9.97e-01	2.27e-03
 4.12277e+16	1.11e-03	9.97e-01	1.79e-03
 4.14398e+16	1.19e-03	9.97e-01	1.52e-03
 4.15706e+16	1.23e-03	9.97e-01	1.38e-03
 4.16964e+16	1.29e-03	9.97e-01	1.25e-03
 4.18600e+16	1.36e-03	9.98e-01	1.10e-03
 4.20365e+16	1.44e-03	9.98e-01	9.65e-04
 4.21867e+16	1.53e-03	9.98e-01	8.68e-04
 4.23114e+16	1.60e-03	9.98e-01	7.96e-04
 4.24461e+16	1.69e-03	9.98e-01	7.22e-04
 4.25958e+16	1.80e-03	9.98e-01	6.52e-04
 4.27153e+16	1.90e-03	9.97e-01	6.04e-04
 4.27961e+16	1.98e-03	9.97e-01	5.73e-04
 4.28761e+16	2.05e-03	9.97e-01	5.42e-04
 4.29802e+16	2.16e-03	9.97e-01	5.05e-04
 4.30878e+16	2.28e-03	9.97e-01	4.72e-04
 4.31732e+16	2.39e-03	9.97e-01	4.47e-04
 4.32433e+16	2.49e-03	9.97e-01	4.28e-04
 4.33202e+16	2.60e-03	9.97e-01	4.07e-04
 4.34070e+16	2.74e-03	9.97e-01	3.85e-04
 4.34867e+16	2.88e-03	9.97e-01	3.66e-04
 4.35547e+16	3.01e-03	9.97e-01	3.51e-04
 4.36278e+16	3.16e-03	9.97e-01	3.35e-04
 4.37071e+16	3.34e-03	9.96e-01	3.19e-04
 4.37753e+16	3.51e-03	9.96e-01	3.07e-04
 4.38331e+16	3.68e-03	9.96e-01	2.96e-04
 4.38965e+16	3.86e-03	9.96e-01	2.84e-04
 4.39662e+16	4.09e-03	9.96e-01	2.73e-04
 4.40278e+16	4.32e-03	9.95e-01	2.63e-04
 4.40803e+16	4.53e-03	9.95e-01	2.55e-04
 4.41374e+16	4.78e-03	9.95e-01	2.46e-04
 4.42003e+16	5.08e-03	9.95e-01	2.37e-04
 4.42561e+16	5.39e-03	9.94e-01	2.29e-04
 4.43040e+16	5.68e-03	9.94e-01	2.23e-04
 4.43565e+16	6.02e-03	9.94e-01	2.16e-04
 4.44149e+16	6.46e-03	9.93e-01	2.08e-04
 4.44676e+16	6.90e-03	9.93e-01	2.02e-04
 4.45141e+16	7.35e-03	9.92e-01	1.97e-04
 4.45653e+16	7.88e-03	9.92e-01	1.90e-04
 4.46230e+16	8.59e-03	9.91e-01	1.84e-04
 4.46767e+16	9.37e-03	9.90e-01	1.78e-04
 4.47242e+16	1.02e-02	9.90e-01	1.74e-04
 4.47687e+16	1.10e-02	9.89e-01	1.69e-04
 4.48123e+16	1.20e-02	9.88e-01	1.65e-04
 4.48548e+16	1.31e-02	9.87e-01	1.61e-04
 4.48950e+16	1.44e-02	9.85e-01	1.57e-04
 4.49323e+16	1.57e-02	9.84e-01	1.54e-04
 4.49673e+16	1.72e-02	9.83e-01	1.50e-04
 4.50003e+16	1.89e-02	9.81e-01	1.48e-04
 4.50318e+16	2.08e-02	9.79e-01	1.45e-04
 4.50619e+16	2.29e-02	9.77e-01	1.43e-04
 4.50907e+16	2.52e-02	9.75e-01	1.41e-04
 4.51179e+16	2.78e-02	9.72e-01	1.39e-04
 4.51441e+16	3.08e-02	9.69e-01	1.37e-04
 4.51695e+16	3.42e-02	9.66e-01	1.36e-04
 4.51934e+16	3.80e-02	9.62e-01	1.35e-04
 4.52158e+16	4.22e-02	9.58e-01	1.34e-04
 4.52366e+16	4.68e-02	9.53e-01	1.33e-04
 4.52561e+16	5.19e-02	9.48e-01	1.33e-04
 4.52747e+16	5.75e-02	9.42e-01	1.33e-04
 4.52925e+16	6.37e-02	9.36e-01	1.33e-04
 4.53094e+16	7.06e-02	9.29e-01	1.34e-04
 4.53256e+16	7.84e-02	9.22e-01	1.34e-04
 4.53409e+16	8.65e-02	9.13e-01	1.35e-04
 4.53555e+16	9.59e-02	9.04e-01	1.36e-04
 4.53696e+16	1.06e-01	8.94e-01	1.38e-04
 4.53830e+16	1.17e-01	8.83e-01	1.40e-04
 4.53955e+16	1.28e-01	8.71e-01	1.42e-04
 4.54067e+16	1.40e-01	8.60e-01	1.44e-04
 4.54166e+16	1.51e-01	8.49e-01	1.46e-04
 4.54257e+16	1.63e-01	8.37e-01	1.48e-04
 4.54330e+16	1.72e-01	8.27e-01	1.50e-04
 4.54378e+16	1.79e-01	8.21e-01	1.51e-04
 4.54422e+16	1.86e-01	8.14e-01	1.52e-04
 4.54473e+16	1.94e-01	8.06e-01	1.54e-04
 4.54529e+16	2.03e-01	7.96e-01	1.55e-04
 4.54582e+16	2.13e-01	7.87e-01	1.57e-04
 4.54632e+16	2.21e-01	7.78e-01	1.58e-04
 4.54681e+16	2.31e-01	7.69e-01	1.60e-04
 4.54730e+16	2.41e-01	7.59e-01	1.61e-04
 4.54779e+16	2.51e-01	7.49e-01	1.63e-04
 4.54828e+16	2.62e-01	7.38e-01	1.64e-04
 4.54875e+16	2.72e-01	7.27e-01	1.66e-04
 4.54922e+16	2.83e-01	7.17e-01	1.68e-04
 4.54968e+16	2.95e-01	7.05e-01	1.69e-04
 4.55014e+16	3.06e-01	6.94e-01	1.71e-04
 4.55060e+16	3.18e-01	6.81e-01	1.72e-04
 4.55105e+16	3.31e-01	6.69e-01	1.74e-04
 4.55149e+16	3.43e-01	6.56e-01	1.75e-04
 4.55192e+16	3.56e-01	6.44e-01	1.76e-04
 4.55235e+16	3.69e-01	6.31e-01	1.78e-04
 4.55278e+16	3.82e-01	6.18e-01	1.79e-04
 4.55321e+16	3.96e-01	6.04e-01	1.80e-04
 4.55362e+16	4.09e-01	5.91e-01	1.82e-04
 4.55403e+16	4.23e-01	5.77e-01	1.82e-04
 4.55444e+16	4.37e-01	5.63e-01	1.84e-04
 4.55485e+16	4.51e-01	5.49e-01	1.85e-04
 4.55525e+16	4.65e-01	5.34e-01	1.85e-04
 4.55564e+16	4.79e-01	5.20e-01	1.86e-04
 4.55602e+16	4.93e-01	5.06e-01	1.87e-04
 4.55641e+16	5.08e-01	4.92e-01	1.87e-04
 4.55679e+16	5.22e-01	4.78e-01	1.88e-04
 4.55716e+16	5.36e-01	4.64e-01	1.88e-04
 4.55752e+16	5.49e-01	4.50e-01	1.88e-04
 4.55787e+16	5.63e-01	4.37e-01	1.89e-04
 4.55821e+16	5.76e-01	4.24e-01	1.89e-04
 4.55855e+16	5.89e-01	4.11e-01	1.89e-04
 4.55888e+16	6.01e-01	3.98e-01	1.88e-04
 4.55921e+16	6.14e-01	3.86e-01	1.88e-04
 4.55953e+16	6.26e-01	3.74e-01	1.88e-04
 4.55985e+16	6.38e-01	3.62e-01	1.87e-04
 4.56016e+16	6.50e-01	3.50e-01	1.86e-04
 4.56046e+16	6.62e-01	3.38e-01	1.85e-04
 4.56076e+16	6.73e-01	3.27e-01	1.84e-04
 4.56106e+16	6.84e-01	3.16e-01	1.84e-04
 4.56135e+16	6.94e-01	3.06e-01	1.83e-04
 4.56163e+16	7.04e-01	2.95e-01	1.82e-04
 4.56191e+16	7.14e-01	2.86e-01	1.80e-04
 4.56219e+16	7.24e-01	2.76e-01	1.79e-04
 4.56246e+16	7.33e-01	2.66e-01	1.78e-04
 4.56273e+16	7.43e-01	2.57e-01	1.76e-04
 4.56300e+16	7.51e-01	2.48e-01	1.75e-04
 4.56326e+16	7.60e-01	2.40e-01	1.73e-04
 4.56352e+16	7.68e-01	2.31e-01	1.72e-04
 4.56378e+16	7.76e-01	2.23e-01	1.70e-04
 4.56403e+16	7.84e-01	2.15e-01	1.69e-04
 4.56429e+16	7.92e-01	2.08e-01	1.67e-04
 4.56453e+16	7.99e-01	2.00e-01	1.65e-04
 4.56478e+16	8.07e-01	1.93e-01	1.63e-04
 4.56499e+16	8.12e-01	1.88e-01	1.61e-04
 4.56514e+16	8.17e-01	1.83e-01	1.60e-04
 4.56528e+16	8.21e-01	1.79e-01	1.58e-04
 4.56543e+16	8.25e-01	1.75e-01	1.57e-04
 4.56559e+16	8.29e-01	1.71e-01	1.55e-04
 4.56574e+16	8.33e-01	1.67e-01	1.54e-04
 4.56588e+16	8.37e-01	1.63e-01	1.53e-04
 4.56603e+16	8.41e-01	1.59e-01	1.51e-04
 4.56617e+16	8.44e-01	1.56e-01	1.50e-04
 4.56631e+16	8.48e-01	1.52e-01	1.48e-04
 4.56645e+16	8.51e-01	1.49e-01	1.47e-04
 4.56659e+16	8.54e-01	1.45e-01	1.45e-04
 4.56673e+16	8.58e-01	1.42e-01	1.44e-04
 4.56687e+16	8.61e-01	1.39e-01	1.42e-04
 4.56701e+16	8.64e-01	1.36e-01	1.41e-04
 4.56716e+16	8.68e-01	1.32e-01	1.39e-04
 4.56731e+16	8.71e-01	1.29e-01	1.38e-04
 4.56747e+16	8.74e-01	1.25e-01	1.36e-04
 4.56765e+16	8.78e-01	1.22e-01	1.34e-04
 4.56783e+16	8.82e-01	1.18e-01	1.32e-04
 4.56804e+16	8.86e-01	1.14e-01	1.29e-04
 4.56826e+16	8.91e-01	1.09e-01	1.27e-04
 4.56846e+16	8.94e-01	1.05e-01	1.24e-04
 4.56866e+16	8.98e-01	1.02e-01	1.22e-04
 4.56884e+16	9.01e-01	9.84e-02	1.19e-04
 4.56902e+16	9.05e-01	9.52e-02	1.17e-04
 4.56920e+16	9.08e-01	9.21e-02	1.14e-04
 4.56936e+16	9.11e-01	8.92e-02	1.12e-04
 4.56951e+16	9.13e-01	8.67e-02	1.10e-04
 4.56965e+16	9.15e-01	8.44e-02	1.08e-04
 4.56977e+16	9.17e-01	8.24e-02	1.06e-04
 4.56989e+16	9.19e-01	8.06e-02	1.04e-04
 4.56999e+16	9.21e-01	7.89e-02	1.02e-04
 4.57009e+16	9.22e-01	7.74e-02	1.01e-04
 4.57017e+16	9.24e-01	7.61e-02	9.92e-05
 4.57027e+16	9.25e-01	7.46e-02	9.78e-05
 4.57037e+16	9.27e-01	7.31e-02	9.61e-05
 4.57046e+16	9.28e-01	7.17e-02	9.47e-05
 4.57054e+16	9.29e-01	7.05e-02	9.33e-05
 4.57062e+16	9.31e-01	6.93e-02	9.19e-05
 4.57070e+16	9.32e-01	6.81e-02	9.06e-05
 4.57079e+16	9.33e-01	6.68e-02	8.92e-05
 4.57087e+16	9.34e-01	6.56e-02	8.78e-05
 4.57095e+16	9.35e-01	6.46e-02	8.65e-05
 4.57102e+16	9.36e-01	6.36e-02	8.53e-05
 4.57108e+16	9.37e-01	6.27e-02	8.42e-05
 4.57115e+16	9.38e-01	6.18e-02	8.31e-05
 4.57122e+16	9.39e-01	6.08e-02	8.19e-05
 4.57129e+16	9.40e-01	5.99e-02	8.07e-05
 4.57135e+16	9.41e-01	5.90e-02	7.95e-05
 4.57141e+16	9.42e-01	5.82e-02	7.85e-05
 4.57149e+16	9.43e-01	5.72e-02	7.73e-05
 4.57155e+16	9.44e-01	5.64e-02	7.61e-05
 4.57161e+16	9.44e-01	5.55e-02	7.49e-05
 4.57166e+16	9.45e-01	5.48e-02	7.40e-05
 4.57172e+16	9.46e-01	5.41e-02	7.30e-05
 4.57179e+16	9.47e-01	5.33e-02	7.19e-05
 4.57185e+16	9.47e-01	5.25e-02	7.09e-05
 4.57190e+16	9.48e-01	5.18e-02	6.99e-05
 4.57196e+16	9.49e-01	5.11e-02	6.90e-05
 4.57202e+16	9.50e-01	5.03e-02	6.79e-05
 4.57208e+16	9.50e-01	4.96e-02	6.70e-05
 4.57213e+16	9.51e-01	4.90e-02	6.60e-05
 4.57218e+16	9.52e-01	4.84e-02	6.52e-05
 4.57223e+16	9.52e-01	4.78e-02	6.44e-05
 4.57230e+16	9.53e-01	4.70e-02	6.32e-05
 4.57237e+16	9.54e-01	4.61e-02	6.20e-05
 4.57244e+16	9.55e-01	4.54e-02	6.09e-05
 4.57250e+16	9.55e-01	4.47e-02	6.00e-05
 4.57255e+16	9.56e-01	4.41e-02	5.91e-05
 4.57261e+16	9.56e-01	4.35e-02	5.82e-05
 4.57266e+16	9.57e-01	4.29e-02	5.74e-05
 4.57272e+16	9.58e-01	4.23e-02	5.65e-05
 4.57278e+16	9.58e-01	4.17e-02	5.57e-05
 4.57282e+16	9.59e-01	4.11e-02	5.49e-05
 4.57288e+16	9.59e-01	4.06e-02	5.42e-05
 4.57295e+16	9.60e-01	3.99e-02	5.31e-05
 4.57303e+16	9.61e-01	3.91e-02	5.21e-05
 4.57310e+16	9.61e-01	3.85e-02	5.12e-05
 4.57316e+16	9.62e-01	3.79e-02	5.04e-05
 4.57322e+16	9.63e-01	3.74e-02	4.96e-05
 4.57328e+16	9.63e-01	3.68e-02	4.89e-05
 4.57335e+16	9.64e-01	3.62e-02	4.81e-05
 4.57341e+16	9.64e-01	3.57e-02	4.74e-05
 4.57347e+16	9.65e-01	3.52e-02	4.67e-05
 4.57353e+16	9.65e-01	3.47e-02	4.60e-05
 4.57359e+16	9.66e-01	3.41e-02	4.52e-05
 4.57365e+16	9.66e-01	3.36e-02	4.45e-05
 4.57372e+16	9.67e-01	3.31e-02	4.38e-05
 4.57379e+16	9.67e-01	3.26e-02	4.31e-05
 4.57386e+16	9.68e-01	3.21e-02	4.24e-05
 4.57393e+16	9.68e-01	3.15e-02	4.17e-05
 4.57401e+16	9.69e-01	3.10e-02	4.09e-05
 4.57408e+16	9.69e-01	3.05e-02	4.03e-05
 4.57414e+16	9.70e-01	3.00e-02	3.96e-05
 4.57421e+16	9.70e-01	2.96e-02	3.90e-05
 4.57429e+16	9.71e-01	2.91e-02	3.84e-05
 4.57435e+16	9.71e-01	2.86e-02	3.77e-05
 4.57443e+16	9.72e-01	2.81e-02	3.71e-05
 4.57451e+16	9.72e-01	2.77e-02	3.64e-05
 4.57459e+16	9.73e-01	2.72e-02	3.58e-05
 4.57467e+16	9.73e-01	2.67e-02	3.52e-05
 4.57475e+16	9.74e-01	2.62e-02	3.45e-05
 4.57483e+16	9.74e-01	2.58e-02	3.39e-05
 4.57492e+16	9.75e-01	2.53e-02	3.33e-05
 4.57502e+16	9.75e-01	2.48e-02	3.27e-05
 4.57510e+16	9.76e-01	2.44e-02	3.21e-05
 4.57518e+16	9.76e-01	2.40e-02	3.16e-05
 4.57526e+16	9.76e-01	2.36e-02	3.10e-05
 4.57536e+16	9.77e-01	2.32e-02	3.04e-05
 4.57544e+16	9.77e-01	2.28e-02	3.00e-05
 4.57553e+16	9.78e-01	2.24e-02	2.94e-05
 4.57563e+16	9.78e-01	2.19e-02	2.88e-05
 4.57572e+16	9.78e-01	2.16e-02	2.83e-05
 4.57582e+16	9.79e-01	2.12e-02	2.78e-05
 4.57593e+16	9.79e-01	2.08e-02	2.72e-05
 4.57603e+16	9.80e-01	2.04e-02	2.68e-05
 4.57613e+16	9.80e-01	2.00e-02	2.62e-05
 4.57625e+16	9.80e-01	1.96e-02	2.57e-05
 4.57635e+16	9.81e-01	1.92e-02	2.52e-05
 4.57647e+16	9.81e-01	1.88e-02	2.47e-05
 4.57659e+16	9.82e-01	1.85e-02	2.42e-05
 4.57671e+16	9.82e-01	1.81e-02	2.38e-05
 4.57683e+16	9.82e-01	1.77e-02	2.33e-05
 4.57696e+16	9.83e-01	1.74e-02	2.28e-05
 4.57708e+16	9.83e-01	1.71e-02	2.24e-05
 4.57722e+16	9.83e-01	1.67e-02	2.19e-05
 4.57739e+16	9.84e-01	1.63e-02	2.13e-05
 4.57758e+16	9.84e-01	1.58e-02	2.08e-05
 4.57775e+16	9.85e-01	1.55e-02	2.03e-05
 4.57790e+16	9.85e-01	1.52e-02	1.99e-05
 4.57807e+16	9.85e-01	1.48e-02	1.94e-05
 4.57826e+16	9.86e-01	1.45e-02	1.90e-05
 4.57842e+16	9.86e-01	1.42e-02	1.86e-05
 4.57861e+16	9.86e-01	1.39e-02	1.82e-05
 4.57884e+16	9.87e-01	1.35e-02	1.76e-05
 4.57910e+16	9.87e-01	1.31e-02	1.72e-05
 4.57933e+16	9.87e-01	1.28e-02	1.68e-05
 4.57959e+16	9.88e-01	1.25e-02	1.63e-05
 4.57986e+16	9.88e-01	1.22e-02	1.59e-05
 4.58011e+16	9.88e-01	1.19e-02	1.56e-05
 4.58039e+16	9.88e-01	1.16e-02	1.52e-05
 4.58075e+16	9.89e-01	1.13e-02	1.47e-05
 4.58113e+16	9.89e-01	1.10e-02	1.44e-05
 4.58148e+16	9.89e-01	1.08e-02	1.40e-05
 4.58187e+16	9.89e-01	1.05e-02	1.37e-05
 4.58237e+16	9.90e-01	1.02e-02	1.33e-05
 4.58291e+16	9.90e-01	9.97e-03	1.30e-05
 4.58350e+16	9.90e-01	9.72e-03	1.26e-05
 4.58427e+16	9.91e-01	9.46e-03	1.22e-05
 4.58510e+16	9.91e-01	9.25e-03	1.20e-05
 4.58600e+16	9.91e-01	9.05e-03	1.16e-05
 4.58715e+16	9.91e-01	8.86e-03	1.13e-05
 4.58865e+16	9.91e-01	8.67e-03	1.10e-05
 4.59060e+16	9.91e-01	8.49e-03	1.07e-05
 4.59313e+16	9.92e-01	8.33e-03	1.04e-05
 4.59642e+16	9.92e-01	8.15e-03	1.00e-05
 4.60070e+16	9.92e-01	7.96e-03	9.59e-06
 4.60626e+16	9.92e-01	7.73e-03	9.09e-06
 4.61349e+16	9.93e-01	7.46e-03	8.48e-06
 4.62218e+16	9.93e-01	7.16e-03	7.83e-06
 4.63153e+16	9.93e-01	6.86e-03	7.21e-06
 4.64119e+16	9.93e-01	6.57e-03	6.63e-06
 4.65124e+16	9.94e-01	6.29e-03	6.07e-06
 4.66170e+16	9.94e-01	6.01e-03	5.56e-06
 4.67248e+16	9.94e-01	5.74e-03	5.07e-06
 4.68348e+16	9.95e-01	5.48e-03	4.63e-06
 4.69468e+16	9.95e-01	5.24e-03	4.23e-06
 4.70613e+16	9.95e-01	5.00e-03	3.85e-06
 4.71783e+16	9.95e-01	4.77e-03	3.51e-06
 4.72978e+16	9.95e-01	4.55e-03	3.19e-06
 4.74198e+16	9.96e-01	4.34e-03	2.91e-06
 4.75444e+16	9.96e-01	4.13e-03	2.64e-06
 4.76715e+16	9.96e-01	3.94e-03	2.40e-06
 4.78013e+16	9.96e-01	3.75e-03	2.17e-06
 4.79336e+16	9.96e-01	3.57e-03	1.97e-06
 4.80687e+16	9.97e-01	3.40e-03	1.79e-06
 4.82065e+16	9.97e-01	3.23e-03	1.62e-06
 4.83450e+16	9.97e-01	3.08e-03	1.47e-06
 4.84858e+16	9.97e-01	2.93e-03	1.33e-06
 4.86320e+16	9.97e-01	2.78e-03	1.20e-06
 4.87821e+16	9.97e-01	2.64e-03	1.08e-06
 4.89346e+16	9.97e-01	2.51e-03	9.72e-07
 4.90901e+16	9.98e-01	2.38e-03	8.75e-07
 4.92491e+16	9.98e-01	2.26e-03	7.86e-07
 4.94112e+16	9.98e-01	2.14e-03	7.06e-07
 4.95767e+16	9.98e-01	2.03e-03	6.33e-07
 4.97458e+16	9.98e-01	1.92e-03	5.67e-07
 4.99189e+16	9.98e-01	1.82e-03	5.07e-07
 5.00959e+16	9.98e-01	1.72e-03	4.53e-07
 5.02769e+16	9.98e-01	1.63e-03	4.04e-07
 5.04621e+16	9.98e-01	1.54e-03	3.60e-07
 5.06516e+16	9.99e-01	1.45e-03	3.20e-07
 5.08456e+16	9.99e-01	1.37e-03	2.84e-07
 5.10444e+16	9.99e-01	1.29e-03	2.52e-07
 5.12484e+16	9.99e-01	1.21e-03	2.23e-07
 5.14579e+16	9.99e-01	1.14e-03	1.96e-07
 5.16731e+16	9.99e-01	1.07e-03	1.73e-07
 5.18943e+16	9.99e-01	1.01e-03	1.52e-07
 5.21218e+16	9.99e-01	9.47e-04	1.33e-07
 5.23560e+16	9.99e-01	8.87e-04	1.16e-07
 5.25976e+16	9.99e-01	8.31e-04	1.01e-07
 5.28470e+16	9.99e-01	7.77e-04	8.80e-08
 5.30996e+16	9.99e-01	7.26e-04	7.64e-08
 5.33597e+16	9.99e-01	6.78e-04	6.60e-08
 5.36358e+16	9.99e-01	6.30e-04	5.66e-08
 5.39245e+16	9.99e-01	5.84e-04	4.83e-08
 5.42233e+16	9.99e-01	5.41e-04	4.10e-08
 5.45339e+16	1.00e+00	5.00e-04	3.47e-08
 5.48596e+16	1.00e+00	4.60e-04	2.91e-08
 5.52014e+16	1.00e+00	4.22e-04	2.42e-08
 5.55597e+16	1.00e+00	3.86e-04	2.00e-08
 5.59397e+16	1.00e+00	3.51e-04	1.63e-08
 5.63403e+16	1.00e+00	3.18e-04	1.32e-08
 5.67656e+16	1.00e+00	2.86e-04	1.06e-08
 5.72234e+16	1.00e+00	2.55e-04	8.29e-09
 5.77144e+16	1.00e+00	2.25e-04	6.40e-09
 5.82450e+16	1.00e+00	1.97e-04	4.83e-09
 5.88246e+16	1.00e+00	1.69e-04	3.55e-09
 5.94652e+16	1.00e+00	1.44e-04	2.53e-09
 6.01826e+16	1.00e+00	1.19e-04	1.72e-09
 6.10305e+16	1.00e+00	9.49e-05	1.09e-09
 6.20281e+16	1.00e+00	7.32e-05	6.51e-10
 6.30978e+16	1.00e+00	5.56e-05	3.76e-10
 6.42373e+16	1.00e+00	4.14e-05	2.10e-10
 6.55535e+16	1.00e+00	2.96e-05	1.08e-10
 6.70229e+16	1.00e+00	2.05e-05	5.26e-11
 6.85513e+16	1.00e+00	1.42e-05	2.53e-11
 7.01099e+16	1.00e+00	9.81e-06	1.23e-11
 7.16760e+16	1.00e+00	6.82e-06	6.00e-12
 7.32421e+16	1.00e+00	4.79e-06	3.00e-12
 7.48082e+16	1.00e+00	3.39e-06	1.52e-12
 7.63743e+16	1.00e+00	2.41e-06	7.82e-13
 7.79404e+16	1.00e+00	1.73e-06	4.09e-13
 7.95065e+16	1.00e+00	1.25e-06	2.17e-13
 8.10726e+16	1.00e+00	9.11e-07	1.16e-13
 8.26387e+16	1.00e+00	6.65e-07	6.32e-14
 8.42048e+16	1.00e+00	4.92e-07	3.50e-14
 8.57709e+16	1.00e+00	3.65e-07	1.96e-14
 8.73370e+16	1.00e+00	2.73e-07	1.11e-14
 8.91381e+16	1.00e+00	1.95e-07	5.73e-15
 9.12046e+16	1.00e+00	1.35e-07	2.79e-15
 9.33019e+16	1.00e+00	9.39e-08	1.38e-15
 9.53991e+16	1.00e+00	6.63e-08	6.98e-16
 9.76831e+16	1.00e+00	4.55e-08	3.34e-16
 1.00154e+17	1.00e+00	3.08e-08	1.56e-16
 1.02625e+17	1.00e+00	2.11e-08	7.44e-17
 1.05201e+17	1.00e+00	1.44e-08	3.50e-17
 1.07923e+17	1.00e+00	9.74e-09	1.62e-17
 1.10724e+17	1.00e+00	6.59e-09	7.54e-18
 1.13566e+17	1.00e+00	4.51e-09	3.55e-18
 1.16408e+17	1.00e+00	3.11e-09	1.71e-18
 1.19250e+17	1.00e+00	2.16e-09	8.37e-19
 1.22092e+17	1.00e+00	1.52e-09	4.18e-19
 1.24934e+17	1.00e+00	1.08e-09	2.12e-19
 1.27776e+17	1.00e+00	7.75e-10	1.10e-19
 1.30619e+17	1.00e+00	5.60e-10	5.76e-20
 1.33462e+17	1.00e+00	4.07e-10	3.07e-20
 1.36305e+17	1.00e+00	2.99e-10	1.66e-20
 1.39148e+17	1.00e+00	2.21e-10	9.10e-21
 1.41990e+17	1.00e+00	1.64e-10	0.00e+00
 1.44832e+17	1.00e+00	1.23e-10	0.00e+00
 1.47675e+17	1.00e+00	9.29e-11	0.00e+00
 1.50517e+17	1.00e+00	7.05e-11	0.00e+00
 1.53786e+17	1.00e+00	5.14e-11	0.00e+00
 1.57599e+17	1.00e+00	3.62e-11	0.00e+00
 1.61527e+17	1.00e+00	2.56e-11	0.00e+00
 1.65630e+17	1.00e+00	1.81e-11	0.00e+00
 1.69949e+17	1.00e+00	1.28e-11	0.00e+00
 1.74373e+17	1.00e+00	9.18e-12	0.00e+00
 1.78859e+17	1.00e+00	6.72e-12	0.00e+00
 1.83433e+17	1.00e+00	5.03e-12	0.00e+00
 1.88094e+17	1.00e+00	3.86e-12	0.00e+00
 1.92754e+17	1.00e+00	3.08e-12	0.00e+00
 1.97414e+17	1.00e+00	2.54e-12	0.00e+00
 2.02307e+17	1.00e+00	2.16e-12	0.00e+00
 2.07482e+17	1.00e+00	1.85e-12	0.00e+00
 2.12782e+17	1.00e+00	1.63e-12	0.00e+00
 2.18210e+17	1.00e+00	1.49e-12	0.00e+00
 2.23716e+17	1.00e+00	1.38e-12	0.00e+00
 2.29796e+17	1.00e+00	1.31e-12	0.00e+00
 2.36658e+17	1.00e+00	1.16e-12	0.00e+00
 2.43682e+17	1.00e+00	1.06e-12	0.00e+00
 2.50578e+17	1.00e+00	1.04e-12	0.00e+00
 2.57415e+17	1.00e+00	1.03e-12	0.00e+00
 2.64266e+17	1.00e+00	1.02e-12	0.00e+00
 2.71120e+17	1.00e+00	1.02e-12	0.00e+00
 2.77914e+17	1.00e+00	1.01e-12	0.00e+00
 2.84585e+17	1.00e+00	1.02e-12	0.00e+00
 2.91103e+17	1.00e+00	1.03e-12	0.00e+00
 2.97459e+17	1.00e+00	1.04e-12	0.00e+00
 3.03612e+17	1.00e+00	1.05e-12	0.00e+00
 3.09508e+17	1.00e+00	1.08e-12	0.00e+00
 3.15128e+17	1.00e+00	1.10e-12	0.00e+00
 3.20494e+17	1.00e+00	1.13e-12	0.00e+00
 3.25621e+17	1.00e+00	1.16e-12	0.00e+00
 3.30504e+17	1.00e+00	1.18e-12	0.00e+00
 3.35130e+17	1.00e+00	1.21e-12	0.00e+00
 3.39498e+17	1.00e+00	1.24e-12	0.00e+00
 3.43620e+17	1.00e+00	1.27e-12	0.00e+00
 3.47511e+17	1.00e+00	1.29e-12	0.00e+00
 3.51183e+17	1.00e+00	1.32e-12	0.00e+00
 3.54648e+17	1.00e+00	1.35e-12	0.00e+00
 3.57913e+17	1.00e+00	1.37e-12	0.00e+00
 3.60990e+17	1.00e+00	1.40e-12	0.00e+00
 3.63890e+17	1.00e+00	1.42e-12	0.00e+00
 3.66625e+17	1.00e+00	1.44e-12	0.00e+00
 3.69205e+17	1.00e+00	1.46e-12	0.00e+00
 3.71635e+17	1.00e+00	1.48e-12	0.00e+00
 3.73927e+17	1.00e+00	1.50e-12	0.00e+00
 3.76094e+17	1.00e+00	1.52e-12	0.00e+00
 3.78145e+17	1.00e+00	1.53e-12	0.00e+00
 3.80087e+17	1.00e+00	1.55e-12	0.00e+00
 3.81923e+17	1.00e+00	1.56e-12	0.00e+00
 3.83659e+17	1.00e+00	1.57e-12	0.00e+00
 3.85302e+17	1.00e+00	1.59e-12	0.00e+00
 3.86860e+17	1.00e+00	1.60e-12	0.00e+00
 3.88339e+17	1.00e+00	1.61e-12	0.00e+00
 3.89742e+17	1.00e+00	1.62e-12	0.00e+00
 3.91073e+17	1.00e+00	1.63e-12	0.00e+00
 3.92336e+17	1.00e+00	1.64e-12	0.00e+00
 3.93535e+17	1.00e+00	1.65e-12	0.00e+00
 3.94676e+17	1.00e+00	1.66e-12	0.00e+00
 3.95761e+17	1.00e+00	1.66e-12	0.00e+00
 3.96794e+17	1.00e+00	1.67e-12	0.00e+00
 3.97778e+17	1.00e+00	1.68e-12	0.00e+00
 3.98716e+17	1.00e+00	1.68e-12	0.00e+00
 3.99609e+17	1.00e+00	1.69e-12	0.00e+00
 4.00462e+17	1.00e+00	1.70e-12	0.00e+00
 4.01277e+17	1.00e+00	1.70e-12	0.00e+00
 4.02056e+17	1.00e+00	1.71e-12	0.00e+00
 4.02801e+17	1.00e+00	1.71e-12	0.00e+00
 4.03515e+17	1.00e+00	1.72e-12	0.00e+00
 4.04199e+17	1.00e+00	1.72e-12	0.00e+00
 4.04856e+17	1.00e+00	1.72e-12	0.00e+00
 4.05488e+17	1.00e+00	1.73e-12	0.00e+00
 4.06096e+17	1.00e+00	1.73e-12	0.00e+00
 4.06683e+17	1.00e+00	1.74e-12	0.00e+00
 4.07249e+17	1.00e+00	1.74e-12	0.00e+00
 4.07797e+17	1.00e+00	1.74e-12	0.00e+00
 4.08328e+17	1.00e+00	1.74e-12	0.00e+00
 4.08844e+17	1.00e+00	1.75e-12	0.00e+00
 4.09348e+17	1.00e+00	1.75e-12	0.00e+00
 4.09840e+17	1.00e+00	1.75e-12	0.00e+00
 4.10322e+17	1.00e+00	1.75e-12	0.00e+00
 4.10796e+17	1.00e+00	1.76e-12	0.00e+00
 4.11264e+17	1.00e+00	1.76e-12	0.00e+00
 4.11729e+17	1.00e+00	1.76e-12	0.00e+00
 4.12192e+17	1.00e+00	1.76e-12	0.00e+00
 4.12656e+17	1.00e+00	1.76e-12	0.00e+00
 4.13124e+17	1.00e+00	1.76e-12	0.00e+00
 4.13599e+17	1.00e+00	1.76e-12	0.00e+00
 4.14084e+17	1.00e+00	1.76e-12	0.00e+00
 4.14585e+17	1.00e+00	1.76e-12	0.00e+00
 4.15108e+17	1.00e+00	1.76e-12	0.00e+00
 4.15658e+17	1.00e+00	1.76e-12	0.00e+00
 4.16245e+17	1.00e+00	1.76e-12	0.00e+00
 4.16881e+17	1.00e+00	1.76e-12	0.00e+00
 4.17580e+17	1.00e+00	1.76e-12	0.00e+00
 4.18364e+17	1.00e+00	1.75e-12	0.00e+00
 4.19261e+17	1.00e+00	1.75e-12	0.00e+00
 4.20311e+17	1.00e+00	1.73e-12	0.00e+00
 4.21575e+17	1.00e+00	1.72e-12	0.00e+00
 4.23141e+17	1.00e+00	1.69e-12	0.00e+00
 4.25143e+17	1.00e+00	1.65e-12	0.00e+00
 4.27744e+17	1.00e+00	1.59e-12	0.00e+00
 4.31124e+17	1.00e+00	1.49e-12	0.00e+00
 4.35519e+17	1.00e+00	1.36e-12	0.00e+00
 4.41233e+17	1.00e+00	1.20e-12	0.00e+00
 4.48660e+17	1.00e+00	1.01e-12	0.00e+00
 4.58316e+17	1.00e+00	7.89e-13	0.00e+00
 4.70868e+17	1.00e+00	5.67e-13	0.00e+00
 4.87186e+17	1.00e+00	3.62e-13	0.00e+00
 5.06337e+17	1.00e+00	1.96e-13	0.00e+00
 5.26590e+17	1.00e+00	1.53e-13	0.00e+00
 5.47654e+17	1.00e+00	1.33e-13	0.00e+00
 5.69560e+17	1.00e+00	1.14e-13	0.00e+00
 5.92343e+17	1.00e+00	9.71e-14	0.00e+00
 6.16036e+17	1.00e+00	8.17e-14	0.00e+00
 6.40678e+17	1.00e+00	6.80e-14	0.00e+00
 6.66305e+17	1.00e+00	5.59e-14	0.00e+00
 6.92957e+17	1.00e+00	4.53e-14	0.00e+00
 7.19477e+17	1.00e+00	3.61e-14	0.00e+00
 7.43670e+17	1.00e+00	4.05e-14	0.00e+00
 7.64794e+17	1.00e+00	6.09e-14	0.00e+00
 7.83909e+17	1.00e+00	8.36e-14	0.00e+00
 8.02281e+17	1.00e+00	9.16e-14	0.00e+00
 8.20172e+17	1.00e+00	8.69e-14	0.00e+00
 8.36784e+17	1.00e+00	8.60e-14	0.00e+00
 8.51285e+17	1.00e+00	9.84e-14	0.00e+00
 8.63623e+17	1.00e+00	1.18e-13	0.00e+00
 8.74430e+17	1.00e+00	1.35e-13	0.00e+00
 8.84386e+17	1.00e+00	1.39e-13	0.00e+00
 8.92899e+17	1.00e+00	1.34e-13	0.00e+00
 8.98680e+17	1.00e+00	1.48e-13	0.00e+00
 9.01852e+17	1.00e+00	1.73e-13	0.00e+00
 9.03575e+17	1.00e+00	1.90e-13	0.00e+00
 9.04608e+17	1.00e+00	2.00e-13	0.00e+00
 9.05229e+17	1.00e+00	2.05e-13	0.00e+00
 9.05699e+17	1.00e+00	2.09e-13	0.00e+00
 9.06246e+17	1.00e+00	2.11e-13	0.00e+00
 9.06914e+17	1.00e+00	2.14e-13	0.00e+00
 9.07555e+17	1.00e+00	2.16e-13	0.00e+00
 9.08030e+17	1.00e+00	2.17e-13	0.00e+00
 9.08394e+17	1.00e+00	2.18e-13	0.00e+00
 9.08745e+17	1.00e+00	2.19e-13	0.00e+00
 9.09125e+17	1.00e+00	2.19e-13	0.00e+00
 9.09533e+17	1.00e+00	2.19e-13	0.00e+00
 9.09935e+17	1.00e+00	2.20e-13	0.00e+00
 9.10283e+17	1.00e+00	2.19e-13	0.00e+00
 9.10567e+17	1.00e+00	2.19e-13	0.00e+00
 9.10833e+17	1.00e+00	2.19e-13	0.00e+00
 9.11118e+17	1.00e+00	2.19e-13	0.00e+00
 9.11404e+17	1.00e+00	2.19e-13	0.00e+00
 9.11664e+17	1.00e+00	2.18e-13	0.00e+00
 9.11903e+17	1.00e+00	2.18e-13	0.00e+00
 9.12136e+17	1.00e+00	2.18e-13	0.00e+00
 9.12384e+17	1.00e+00	2.17e-13	0.00e+00
 9.12629e+17	1.00e+00	2.17e-13	0.00e+00
 9.12851e+17	1.00e+00	2.16e-13	0.00e+00
 9.13066e+17	1.00e+00	2.16e-13	0.00e+00
 9.13279e+17	1.00e+00	2.15e-13	0.00e+00
 9.13492e+17	1.00e+00	2.14e-13	0.00e+00
 9.13701e+17	1.00e+00	2.14e-13	0.00e+00
 9.13908e+17	1.00e+00	2.13e-13	0.00e+00
 9.14113e+17	1.00e+00	2.12e-13	0.00e+00
 9.14316e+17	1.00e+00	2.12e-13	0.00e+00
 9.14516e+17	1.00e+00	2.11e-13	0.00e+00
 9.14708e+17	1.00e+00	2.10e-13	0.00e+00
 9.14901e+17	1.00e+00	2.10e-13	0.00e+00
 9.15105e+17	1.00e+00	2.09e-13	0.00e+00
 9.15315e+17	1.00e+00	2.08e-13	0.00e+00
 9.15526e+17	1.00e+00	2.07e-13	0.00e+00
 9.15735e+17	1.00e+00	2.06e-13	0.00e+00
 9.15940e+17	1.00e+00	2.05e-13	0.00e+00
 9.16144e+17	1.00e+00	2.04e-13	0.00e+00
 9.16346e+17	1.00e+00	2.03e-13	0.00e+00
 9.16565e+17	1.00e+00	2.02e-13	0.00e+00
 9.16805e+17	1.00e+00	2.01e-13	0.00e+00
 9.17045e+17	1.00e+00	1.99e-13	0.00e+00
 9.17274e+17	1.00e+00	1.98e-13	0.00e+00
 9.17495e+17	1.00e+00	1.97e-13	0.00e+00
 9.17738e+17	1.00e+00	1.96e-13	0.00e+00
 9.18007e+17	1.00e+00	1.94e-13	0.00e+00
 9.18275e+17	1.00e+00	1.93e-13	0.00e+00
 9.18522e+17	1.00e+00	1.91e-13	0.00e+00
 9.18770e+17	1.00e+00	1.90e-13	0.00e+00
 9.19042e+17	1.00e+00	1.88e-13	0.00e+00
 9.19325e+17	1.00e+00	1.87e-13	0.00e+00
 9.19617e+17	1.00e+00	1.85e-13	0.00e+00
 9.19912e+17	1.00e+00	1.83e-13	0.00e+00
 9.20211e+17	1.00e+00	1.81e-13	0.00e+00
 9.20525e+17	1.00e+00	1.79e-13	0.00e+00
 9.20847e+17	1.00e+00	1.77e-13	0.00e+00
 9.21175e+17	1.00e+00	1.75e-13	0.00e+00
 9.21510e+17	1.00e+00	1.73e-13	0.00e+00
 9.21852e+17	1.00e+00	1.71e-13	0.00e+00
 9.22204e+17	1.00e+00	1.68e-13	0.00e+00
 9.22559e+17	1.00e+00	1.66e-13	0.00e+00
 9.22928e+17	1.00e+00	1.64e-13	0.00e+00
 9.23315e+17	1.00e+00	1.61e-13	0.00e+00
 9.23718e+17	1.00e+00	1.58e-13	0.00e+00
 9.24134e+17	1.00e+00	1.56e-13	0.00e+00
 9.24551e+17	1.00e+00	1.53e-13	0.00e+00
 9.24970e+17	1.00e+00	1.50e-13	0.00e+00
 9.25402e+17	1.00e+00	1.47e-13	0.00e+00
 9.25851e+17	1.00e+00	1.44e-13	0.00e+00
 9.26315e+17	1.00e+00	1.41e-13	0.00e+00
 9.26776e+17	1.00e+00	1.38e-13	0.00e+00
 9.27262e+17	1.00e+00	1.35e-13	0.00e+00
 9.27786e+17	1.00e+00	1.32e-13	0.00e+00
 9.28315e+17	1.00e+00	1.28e-13	0.00e+00
 9.28825e+17	1.00e+00	1.25e-13	0.00e+00
 9.29328e+17	1.00e+00	1.22e-13	0.00e+00
 9.29855e+17	1.00e+00	1.19e-13	0.00e+00
 9.30422e+17	1.00e+00	1.15e-13	0.00e+00
 9.31011e+17	1.00e+00	1.12e-13	0.00e+00
 9.31598e+17	1.00e+00	1.08e-13	0.00e+00
 9.32172e+17	1.00e+00	1.04e-13	0.00e+00
 9.32742e+17	1.00e+00	1.01e-13	0.00e+00
 9.33348e+17	1.00e+00	9.76e-14	0.00e+00
 9.34001e+17	1.00e+00	9.39e-14	0.00e+00
 9.34665e+17	1.00e+00	9.01e-14	0.00e+00
 9.35310e+17	1.00e+00	8.64e-14	0.00e+00
 9.35950e+17	1.00e+00	8.30e-14	0.00e+00
 9.36614e+17	1.00e+00	7.94e-14	0.00e+00
 9.37312e+17	1.00e+00	7.59e-14	0.00e+00
 9.38023e+17	1.00e+00	7.22e-14	0.00e+00
 9.38734e+17	1.00e+00	6.86e-14	0.00e+00
 9.39441e+17	1.00e+00	6.52e-14	0.00e+00
 9.40180e+17	1.00e+00	6.18e-14	0.00e+00
 9.40954e+17	1.00e+00	5.82e-14	0.00e+00
 9.41722e+17	1.00e+00	5.48e-14	0.00e+00
 9.42484e+17	1.00e+00	5.16e-14	0.00e+00
 9.43276e+17	1.00e+00	4.84e-14	0.00e+00
 9.44102e+17	1.00e+00	4.52e-14	0.00e+00
 9.44956e+17	1.00e+00	4.21e-14	0.00e+00
 9.45840e+17	1.00e+00	3.89e-14	0.00e+00
 9.46719e+17	1.00e+00	3.58e-14	0.00e+00
 9.47534e+17	1.00e+00	3.30e-14	0.00e+00
 9.48237e+17	1.00e+00	3.06e-14	0.00e+00
 9.48837e+17	1.00e+00	2.88e-14	0.00e+00
 9.49386e+17	1.00e+00	2.72e-14	0.00e+00
 9.49929e+17	1.00e+00	2.58e-14	0.00e+00
 9.50462e+17	1.00e+00	2.44e-14	0.00e+00
 9.50961e+17	1.00e+00	2.31e-14	0.00e+00
