#depth	O	O+	O+2	O+3	O+4	O+5	O+6	O+7	O+8	O[1]	O[2]	O[3]
 1.49634e+10	0.00e+00	0.00e+00	9.03e-29	9.92e-21	1.55e-13	2.95e-07	1.00e+00	0.00e+00	0.00e+00	0.00e+00	0.00e+00	0.00e+00
 4.54887e+10	0.00e+00	1.22e-37	1.26e-28	1.28e-20	1.86e-13	3.24e-07	1.00e+00	3.04e-08	0.00e+00	0.00e+00	0.00e+00	0.00e+00
 7.72350e+10	0.00e+00	0.00e+00	1.77e-28	1.66e-20	2.23e-13	3.56e-07	1.00e+00	0.00e+00	0.00e+00	0.00e+00	0.00e+00	0.00e+00
 1.10251e+11	0.00e+00	2.79e-37	2.47e-28	2.16e-20	2.67e-13	3.91e-07	1.00e+00	0.00e+00	0.00e+00	0.00e+00	0.00e+00	0.00e+00
 1.43689e+11	0.00e+00	0.00e+00	3.42e-28	2.78e-20	3.19e-13	4.29e-07	1.00e+00	0.00e+00	0.00e+00	0.00e+00	0.00e+00	0.00e+00
 1.78464e+11	0.00e+00	6.23e-37	4.74e-28	3.57e-20	3.81e-13	4.70e-07	1.00e+00	0.00e+00	0.00e+00	0.00e+00	0.00e+00	0.00e+00
 2.15530e+11	0.00e+00	0.00e+00	6.61e-28	4.63e-20	4.58e-13	5.18e-07	1.00e+00	0.00e+00	0.00e+00	0.00e+00	0.00e+00	0.00e+00
 2.54078e+11	0.00e+00	1.41e-36	9.21e-28	6.00e-20	5.50e-13	5.70e-07	1.00e+00	0.00e+00	0.00e+00	0.00e+00	0.00e+00	0.00e+00
 2.94167e+11	6.28e-46	2.11e-36	1.28e-27	7.77e-20	6.61e-13	6.28e-07	1.00e+00	0.00e+00	0.00e+00	0.00e+00	0.00e+00	0.00e+00
 3.30485e+11	0.00e+00	0.00e+00	1.71e-27	9.74e-20	7.77e-13	6.84e-07	1.00e+00	0.00e+00	0.00e+00	0.00e+00	0.00e+00	0.00e+00
 3.60839e+11	0.00e+00	3.98e-36	2.16e-27	1.17e-19	8.85e-13	7.33e-07	1.00e+00	0.00e+00	0.00e+00	0.00e+00	0.00e+00	0.00e+00
 3.94131e+11	1.92e-45	5.37e-36	2.76e-27	1.42e-19	1.02e-12	7.89e-07	1.00e+00	0.00e+00	0.00e+00	0.00e+00	0.00e+00	0.00e+00
 4.36171e+11	0.00e+00	0.00e+00	3.73e-27	1.80e-19	1.21e-12	8.64e-07	1.00e+00	0.00e+00	0.00e+00	0.00e+00	0.00e+00	0.00e+00
 4.79977e+11	0.00e+00	1.11e-35	5.04e-27	2.28e-19	1.43e-12	9.47e-07	1.00e+00	0.00e+00	0.00e+00	0.00e+00	0.00e+00	0.00e+00
 5.17271e+11	6.49e-45	1.50e-35	6.44e-27	2.77e-19	1.65e-12	1.02e-06	1.00e+00	0.00e+00	0.00e+00	0.00e+00	0.00e+00	0.00e+00
 5.55705e+11	0.00e+00	0.00e+00	8.22e-27	3.36e-19	1.90e-12	1.10e-06	1.00e+00	0.00e+00	0.00e+00	0.00e+00	0.00e+00	0.00e+00
 6.03941e+11	0.00e+00	2.87e-35	1.10e-26	4.25e-19	2.25e-12	1.21e-06	1.00e+00	0.00e+00	0.00e+00	0.00e+00	0.00e+00	0.00e+00
 6.52893e+11	2.11e-44	4.05e-35	1.47e-26	5.35e-19	2.66e-12	1.32e-06	1.00e+00	0.00e+00	0.00e+00	0.00e+00	0.00e+00	0.00e+00
 6.95057e+11	0.00e+00	5.38e-35	1.86e-26	6.47e-19	3.05e-12	1.43e-06	1.00e+00	0.00e+00	0.00e+00	0.00e+00	0.00e+00	0.00e+00
 7.40420e+11	4.20e-44	7.23e-35	2.39e-26	7.88e-19	3.52e-12	1.54e-06	1.00e+00	0.00e+00	0.00e+00	0.00e+00	0.00e+00	0.00e+00
 7.96345e+11	0.00e+00	1.02e-34	3.19e-26	9.95e-19	4.18e-12	1.69e-06	1.00e+00	0.00e+00	0.00e+00	0.00e+00	0.00e+00	0.00e+00
 8.53595e+11	9.48e-44	1.44e-34	4.25e-26	1.25e-18	4.94e-12	1.86e-06	1.00e+00	0.00e+00	0.00e+00	0.00e+00	0.00e+00	0.00e+00
 9.05398e+11	0.00e+00	1.94e-34	5.44e-26	1.53e-18	5.72e-12	2.01e-06	1.00e+00	0.00e+00	0.00e+00	0.00e+00	0.00e+00	0.00e+00
 9.62524e+11	1.94e-43	2.65e-34	7.08e-26	1.89e-18	6.68e-12	2.19e-06	1.00e+00	0.00e+00	0.00e+00	0.00e+00	0.00e+00	0.00e+00
 1.02967e+12	0.00e+00	3.76e-34	9.52e-26	2.40e-18	7.96e-12	2.41e-06	1.00e+00	0.00e+00	0.00e+00	0.00e+00	0.00e+00	0.00e+00
 1.09678e+12	4.35e-43	5.26e-34	1.26e-25	3.02e-18	9.41e-12	2.65e-06	1.00e+00	0.00e+00	0.00e+00	0.00e+00	0.00e+00	0.00e+00
 1.16072e+12	0.00e+00	7.15e-34	1.64e-25	3.72e-18	1.10e-11	2.88e-06	1.00e+00	0.00e+00	0.00e+00	0.00e+00	0.00e+00	0.00e+00
 1.23122e+12	9.10e-43	9.88e-34	2.15e-25	4.65e-18	1.29e-11	3.16e-06	1.00e+00	0.00e+00	0.00e+00	0.00e+00	0.00e+00	0.00e+00
 1.31039e+12	0.00e+00	1.40e-33	2.89e-25	5.91e-18	1.54e-11	3.48e-06	1.00e+00	0.00e+00	0.00e+00	0.00e+00	0.00e+00	0.00e+00
 1.38167e+12	1.94e-42	1.89e-33	3.72e-25	7.26e-18	1.78e-11	3.78e-06	1.00e+00	0.00e+00	0.00e+00	0.00e+00	0.00e+00	0.00e+00
 1.44054e+12	0.00e+00	2.40e-33	4.56e-25	8.57e-18	2.01e-11	4.04e-06	1.00e+00	0.00e+00	0.00e+00	0.00e+00	0.00e+00	0.00e+00
 1.50485e+12	3.45e-42	3.10e-33	5.66e-25	1.02e-17	2.28e-11	4.34e-06	1.00e+00	0.00e+00	0.00e+00	0.00e+00	0.00e+00	0.00e+00
 1.58698e+12	0.00e+00	4.23e-33	7.38e-25	1.27e-17	2.67e-11	4.74e-06	1.00e+00	0.00e+00	0.00e+00	0.00e+00	0.00e+00	0.00e+00
 1.66992e+12	7.06e-42	5.72e-33	9.54e-25	1.56e-17	3.11e-11	5.16e-06	1.00e+00	0.00e+00	0.00e+00	0.00e+00	0.00e+00	0.00e+00
 1.73859e+12	0.00e+00	7.29e-33	1.17e-24	1.85e-17	3.50e-11	5.52e-06	1.00e+00	0.00e+00	0.00e+00	0.00e+00	0.00e+00	0.00e+00
 1.81112e+12	1.25e-41	9.36e-33	1.45e-24	2.19e-17	3.97e-11	5.91e-06	1.00e+00	0.00e+00	0.00e+00	0.00e+00	0.00e+00	0.00e+00
 1.90412e+12	0.00e+00	1.27e-32	1.88e-24	2.71e-17	4.62e-11	6.44e-06	1.00e+00	0.00e+00	0.00e+00	0.00e+00	0.00e+00	0.00e+00
 2.00160e+12	2.56e-41	1.73e-32	2.45e-24	3.37e-17	5.39e-11	7.03e-06	1.00e+00	0.00e+00	0.00e+00	0.00e+00	0.00e+00	0.00e+00
 2.08708e+12	0.00e+00	2.26e-32	3.07e-24	4.04e-17	6.14e-11	7.56e-06	1.00e+00	0.00e+00	0.00e+00	0.00e+00	0.00e+00	0.00e+00
 2.17908e+12	4.78e-41	2.97e-32	3.88e-24	4.88e-17	7.03e-11	8.16e-06	1.00e+00	0.00e+00	0.00e+00	0.00e+00	0.00e+00	0.00e+00
 2.28109e+12	0.00e+00	3.98e-32	4.98e-24	5.99e-17	8.12e-11	8.85e-06	1.00e+00	0.00e+00	0.00e+00	0.00e+00	0.00e+00	0.00e+00
 2.37570e+12	9.09e-41	5.18e-32	6.23e-24	7.18e-17	9.24e-11	9.52e-06	1.00e+00	0.00e+00	0.00e+00	0.00e+00	0.00e+00	0.00e+00
 2.47830e+12	0.00e+00	6.83e-32	7.89e-24	8.70e-17	1.06e-10	1.03e-05	1.00e+00	0.00e+00	0.00e+00	0.00e+00	0.00e+00	0.00e+00
 2.59234e+12	1.76e-40	9.19e-32	1.02e-23	1.07e-16	1.22e-10	1.11e-05	1.00e+00	0.00e+00	0.00e+00	0.00e+00	0.00e+00	0.00e+00
 2.69860e+12	0.00e+00	1.20e-31	1.28e-23	1.29e-16	1.39e-10	1.20e-05	1.00e+00	0.00e+00	0.00e+00	0.00e+00	0.00e+00	0.00e+00
 2.81412e+12	3.34e-40	1.59e-31	1.62e-23	1.56e-16	1.60e-10	1.30e-05	1.00e+00	0.00e+00	0.00e+00	0.00e+00	0.00e+00	0.00e+00
 2.94262e+12	0.00e+00	2.16e-31	2.10e-23	1.93e-16	1.85e-10	1.41e-05	1.00e+00	0.00e+00	0.00e+00	0.00e+00	0.00e+00	0.00e+00
 3.06274e+12	6.50e-40	2.84e-31	2.66e-23	2.33e-16	2.11e-10	1.52e-05	1.00e+00	0.00e+00	0.00e+00	0.00e+00	0.00e+00	0.00e+00
 3.19363e+12	0.00e+00	3.80e-31	3.41e-23	2.85e-16	2.43e-10	1.64e-05	1.00e+00	0.00e+00	0.00e+00	0.00e+00	0.00e+00	0.00e+00
 3.33972e+12	1.30e-39	5.20e-31	4.45e-23	3.53e-16	2.82e-10	1.78e-05	1.00e+00	0.00e+00	0.00e+00	0.00e+00	0.00e+00	0.00e+00
 3.47709e+12	0.00e+00	6.92e-31	5.67e-23	4.29e-16	3.23e-10	1.92e-05	1.00e+00	0.00e+00	0.00e+00	0.00e+00	0.00e+00	0.00e+00
 3.62717e+12	2.58e-39	9.38e-31	7.34e-23	5.28e-16	3.72e-10	2.08e-05	1.00e+00	0.00e+00	0.00e+00	0.00e+00	0.00e+00	0.00e+00
 3.79521e+12	0.00e+00	1.30e-30	9.69e-23	6.60e-16	4.34e-10	2.27e-05	1.00e+00	0.00e+00	0.00e+00	0.00e+00	0.00e+00	0.00e+00
 3.95429e+12	5.31e-39	1.75e-30	1.25e-22	8.09e-16	4.99e-10	2.45e-05	1.00e+00	0.00e+00	0.00e+00	0.00e+00	0.00e+00	0.00e+00
 4.12574e+12	0.00e+00	2.40e-30	1.63e-22	1.00e-15	5.77e-10	2.66e-05	1.00e+00	0.00e+00	0.00e+00	0.00e+00	0.00e+00	0.00e+00
 4.32069e+12	1.14e-38	3.39e-30	2.18e-22	1.26e-15	6.76e-10	2.91e-05	1.00e+00	0.00e+00	0.00e+00	0.00e+00	0.00e+00	0.00e+00
 4.51218e+12	0.00e+00	4.70e-30	2.88e-22	1.57e-15	7.86e-10	3.16e-05	1.00e+00	0.00e+00	0.00e+00	0.00e+00	0.00e+00	0.00e+00
 4.71132e+12	2.43e-38	6.54e-30	3.80e-22	1.96e-15	9.13e-10	3.43e-05	1.00e+00	0.00e+00	0.00e+00	0.00e+00	0.00e+00	0.00e+00
 4.92970e+12	0.00e+00	9.29e-30	5.10e-22	2.47e-15	1.07e-09	3.74e-05	1.00e+00	0.00e+00	0.00e+00	0.00e+00	0.00e+00	0.00e+00
 5.15682e+12	5.53e-38	1.33e-29	6.87e-22	3.13e-15	1.25e-09	4.08e-05	1.00e+00	0.00e+00	0.00e+00	0.00e+00	0.00e+00	0.00e+00
 5.39302e+12	0.00e+00	1.88e-29	9.21e-22	3.94e-15	1.47e-09	4.45e-05	1.00e+00	0.00e+00	0.00e+00	0.00e+00	0.00e+00	0.00e+00
 5.61592e+12	1.21e-37	2.61e-29	1.21e-21	4.88e-15	1.69e-09	4.81e-05	1.00e+00	0.00e+00	0.00e+00	0.00e+00	0.00e+00	0.00e+00
 5.81706e+12	0.00e+00	3.46e-29	1.53e-21	5.87e-15	1.92e-09	5.15e-05	1.00e+00	0.00e+00	0.00e+00	0.00e+00	0.00e+00	0.00e+00
 6.00723e+12	2.28e-37	4.49e-29	1.90e-21	6.96e-15	2.15e-09	5.48e-05	1.00e+00	0.00e+00	0.00e+00	0.00e+00	0.00e+00	0.00e+00
 6.21767e+12	0.00e+00	5.97e-29	2.41e-21	8.35e-15	2.43e-09	5.85e-05	1.00e+00	0.00e+00	0.00e+00	0.00e+00	0.00e+00	0.00e+00
 6.45379e+12	4.57e-37	8.14e-29	3.11e-21	1.02e-14	2.78e-09	6.28e-05	1.00e+00	0.00e+00	0.00e+00	0.00e+00	0.00e+00	0.00e+00
 6.67824e+12	0.00e+00	1.08e-28	3.94e-21	1.22e-14	3.15e-09	6.71e-05	1.00e+00	0.00e+00	0.00e+00	0.00e+00	0.00e+00	0.00e+00
 6.92502e+12	9.09e-37	1.47e-28	5.07e-21	1.49e-14	3.59e-09	7.20e-05	1.00e+00	0.00e+00	0.00e+00	0.00e+00	0.00e+00	0.00e+00
 7.19526e+12	0.00e+00	2.03e-28	6.63e-21	1.83e-14	4.12e-09	7.75e-05	1.00e+00	0.00e+00	0.00e+00	0.00e+00	0.00e+00	0.00e+00
 7.44258e+12	1.87e-36	2.71e-28	8.39e-21	2.20e-14	4.66e-09	8.27e-05	1.00e+00	0.00e+00	0.00e+00	0.00e+00	0.00e+00	0.00e+00
 7.71067e+12	0.00e+00	3.67e-28	1.08e-20	2.66e-14	5.30e-09	8.85e-05	1.00e+00	0.00e+00	0.00e+00	0.00e+00	0.00e+00	0.00e+00
 8.01029e+12	3.95e-36	5.12e-28	1.41e-20	3.28e-14	6.09e-09	9.52e-05	1.00e+00	0.00e+00	0.00e+00	0.00e+00	0.00e+00	0.00e+00
 8.29289e+12	0.00e+00	6.92e-28	1.81e-20	3.96e-14	6.91e-09	1.02e-04	1.00e+00	0.00e+00	0.00e+00	0.00e+00	0.00e+00	0.00e+00
 8.60226e+12	8.26e-36	9.57e-28	2.36e-20	4.84e-14	7.91e-09	1.09e-04	1.00e+00	0.00e+00	0.00e+00	0.00e+00	0.00e+00	0.00e+00
 8.94614e+12	0.00e+00	1.36e-27	3.13e-20	6.01e-14	9.14e-09	1.18e-04	1.00e+00	0.00e+00	0.00e+00	0.00e+00	0.00e+00	0.00e+00
 9.26782e+12	1.81e-35	1.86e-27	4.05e-20	7.31e-14	1.04e-08	1.26e-04	1.00e+00	0.00e+00	0.00e+00	0.00e+00	0.00e+00	0.00e+00
 9.61895e+12	0.00e+00	2.59e-27	5.31e-20	8.99e-14	1.20e-08	1.35e-04	1.00e+00	0.00e+00	0.00e+00	0.00e+00	0.00e+00	0.00e+00
 1.00111e+13	4.14e-35	3.73e-27	7.12e-20	1.12e-13	1.39e-08	1.46e-04	1.00e+00	0.00e+00	0.00e+00	0.00e+00	0.00e+00	0.00e+00
 1.03817e+13	6.13e-35	5.19e-27	9.30e-20	1.37e-13	1.59e-08	1.56e-04	1.00e+00	0.00e+00	0.00e+00	0.00e+00	0.00e+00	0.00e+00
 1.07847e+13	9.31e-35	7.36e-27	1.23e-19	1.70e-13	1.83e-08	1.68e-04	1.00e+00	0.00e+00	0.00e+00	0.00e+00	0.00e+00	0.00e+00
 1.12347e+13	1.46e-34	1.07e-26	1.67e-19	2.14e-13	2.13e-08	1.81e-04	1.00e+00	0.00e+00	0.00e+00	0.00e+00	0.00e+00	0.00e+00
 1.16664e+13	2.22e-34	1.52e-26	2.22e-19	2.65e-13	2.46e-08	1.95e-04	1.00e+00	0.00e+00	0.00e+00	0.00e+00	0.00e+00	0.00e+00
 1.21268e+13	3.41e-34	2.18e-26	2.96e-19	3.29e-13	2.84e-08	2.10e-04	1.00e+00	0.00e+00	0.00e+00	0.00e+00	0.00e+00	0.00e+00
 1.26418e+13	5.43e-34	3.22e-26	4.05e-19	4.16e-13	3.32e-08	2.27e-04	1.00e+00	0.00e+00	0.00e+00	0.00e+00	0.00e+00	0.00e+00
 1.31565e+13	8.51e-34	4.68e-26	5.48e-19	5.22e-13	3.87e-08	2.45e-04	1.00e+00	0.00e+00	0.00e+00	0.00e+00	0.00e+00	0.00e+00
 1.36918e+13	1.34e-33	6.83e-26	7.41e-19	6.55e-13	4.50e-08	2.64e-04	1.00e+00	0.00e+00	0.00e+00	0.00e+00	0.00e+00	0.00e+00
 1.42694e+13	2.14e-33	1.01e-25	1.01e-18	8.28e-13	5.26e-08	2.85e-04	1.00e+00	0.00e+00	0.00e+00	0.00e+00	0.00e+00	0.00e+00
 1.48701e+13	3.43e-33	1.50e-25	1.39e-18	1.05e-12	6.15e-08	3.08e-04	1.00e+00	0.00e+00	0.00e+00	0.00e+00	0.00e+00	0.00e+00
 1.54948e+13	5.49e-33	2.21e-25	1.90e-18	1.33e-12	7.20e-08	3.33e-04	1.00e+00	0.00e+00	0.00e+00	0.00e+00	0.00e+00	0.00e+00
 1.61005e+13	8.52e-33	3.19e-25	2.55e-18	1.65e-12	8.33e-08	3.58e-04	1.00e+00	0.00e+00	0.00e+00	0.00e+00	0.00e+00	0.00e+00
 1.66712e+13	1.27e-32	4.45e-25	3.33e-18	2.02e-12	9.52e-08	3.83e-04	1.00e+00	0.00e+00	0.00e+00	0.00e+00	0.00e+00	0.00e+00
 1.72098e+13	1.83e-32	6.04e-25	4.26e-18	2.42e-12	1.07e-07	4.07e-04	1.00e+00	0.00e+00	0.00e+00	0.00e+00	0.00e+00	0.00e+00
 1.77961e+13	2.70e-32	8.33e-25	5.51e-18	2.94e-12	1.22e-07	4.33e-04	1.00e+00	0.00e+00	0.00e+00	0.00e+00	0.00e+00	0.00e+00
 1.84497e+13	4.09e-32	1.18e-24	7.28e-18	3.62e-12	1.40e-07	4.64e-04	1.00e+00	0.00e+00	0.00e+00	0.00e+00	0.00e+00	0.00e+00
 1.90661e+13	5.97e-32	1.62e-24	9.38e-18	4.37e-12	1.59e-07	4.94e-04	1.00e+00	0.00e+00	0.00e+00	0.00e+00	0.00e+00	0.00e+00
 1.97430e+13	8.93e-32	2.26e-24	1.23e-17	5.35e-12	1.82e-07	5.28e-04	9.99e-01	0.00e+00	0.00e+00	0.00e+00	0.00e+00	0.00e+00
 2.05030e+13	1.37e-31	3.23e-24	1.64e-17	6.65e-12	2.11e-07	5.68e-04	9.99e-01	0.00e+00	0.00e+00	0.00e+00	0.00e+00	0.00e+00
 2.12271e+13	2.04e-31	4.51e-24	2.15e-17	8.13e-12	2.41e-07	6.07e-04	9.99e-01	0.00e+00	0.00e+00	0.00e+00	0.00e+00	0.00e+00
 2.20201e+13	3.14e-31	6.46e-24	2.86e-17	1.01e-11	2.78e-07	6.51e-04	9.99e-01	0.00e+00	0.00e+00	0.00e+00	0.00e+00	0.00e+00
 2.29309e+13	5.00e-31	9.52e-24	3.91e-17	1.27e-11	3.25e-07	7.04e-04	9.99e-01	0.00e+00	0.00e+00	0.00e+00	0.00e+00	0.00e+00
 2.38205e+13	7.63e-31	1.36e-23	5.24e-17	1.59e-11	3.76e-07	7.58e-04	9.99e-01	0.00e+00	0.00e+00	0.00e+00	0.00e+00	0.00e+00
 2.46703e+13	1.16e-30	1.92e-23	6.89e-17	1.95e-11	4.31e-07	8.11e-04	9.99e-01	0.00e+00	0.00e+00	0.00e+00	0.00e+00	0.00e+00
 2.54991e+13	1.66e-30	2.61e-23	8.89e-17	2.36e-11	4.90e-07	8.66e-04	9.99e-01	0.00e+00	0.00e+00	0.00e+00	0.00e+00	0.00e+00
 2.64296e+13	2.54e-30	3.71e-23	1.18e-16	2.91e-11	5.63e-07	9.27e-04	9.99e-01	0.00e+00	0.00e+00	0.00e+00	0.00e+00	0.00e+00
 2.74486e+13	3.84e-30	5.27e-23	1.57e-16	3.62e-11	6.52e-07	9.99e-04	9.99e-01	0.00e+00	0.00e+00	0.00e+00	0.00e+00	0.00e+00
 2.83768e+13	5.67e-30	7.29e-23	2.04e-16	4.40e-11	7.42e-07	1.07e-03	9.99e-01	0.00e+00	0.00e+00	0.00e+00	0.00e+00	0.00e+00
 2.93775e+13	8.27e-30	1.00e-22	2.66e-16	5.38e-11	8.49e-07	1.14e-03	9.99e-01	0.00e+00	0.00e+00	0.00e+00	0.00e+00	0.00e+00
 3.05003e+13	1.28e-29	1.45e-22	3.57e-16	6.70e-11	9.83e-07	1.23e-03	9.99e-01	0.00e+00	0.00e+00	0.00e+00	0.00e+00	0.00e+00
 3.15653e+13	1.86e-29	1.99e-22	4.65e-16	8.19e-11	1.12e-06	1.31e-03	9.99e-01	0.00e+00	0.00e+00	0.00e+00	0.00e+00	0.00e+00
 3.27295e+13	2.79e-29	2.80e-22	6.16e-16	1.01e-10	1.29e-06	1.41e-03	9.99e-01	0.00e+00	0.00e+00	0.00e+00	0.00e+00	0.00e+00
 3.40162e+13	4.31e-29	4.03e-22	8.31e-16	1.27e-10	1.50e-06	1.52e-03	9.98e-01	0.00e+00	0.00e+00	0.00e+00	0.00e+00	0.00e+00
 3.52170e+13	6.44e-29	5.64e-22	1.09e-15	1.56e-10	1.72e-06	1.63e-03	9.98e-01	0.00e+00	0.00e+00	0.00e+00	0.00e+00	0.00e+00
 3.65181e+13	9.48e-29	7.86e-22	1.44e-15	1.92e-10	1.98e-06	1.75e-03	9.98e-01	0.00e+00	0.00e+00	0.00e+00	0.00e+00	0.00e+00
 3.79703e+13	1.50e-28	1.15e-21	1.96e-15	2.42e-10	2.31e-06	1.89e-03	9.98e-01	0.00e+00	0.00e+00	0.00e+00	0.00e+00	0.00e+00
 3.93600e+13	2.19e-28	1.59e-21	2.58e-15	2.99e-10	2.66e-06	2.04e-03	9.98e-01	0.00e+00	0.00e+00	0.00e+00	0.00e+00	0.00e+00
 4.08437e+13	3.36e-28	2.28e-21	3.45e-15	3.71e-10	3.08e-06	2.19e-03	9.98e-01	0.00e+00	0.00e+00	0.00e+00	0.00e+00	0.00e+00
 4.25074e+13	5.11e-28	3.28e-21	4.69e-15	4.69e-10	3.60e-06	2.37e-03	9.98e-01	0.00e+00	0.00e+00	0.00e+00	0.00e+00	0.00e+00
 4.41525e+13	7.82e-28	4.69e-21	6.31e-15	5.86e-10	4.17e-06	2.56e-03	9.97e-01	0.00e+00	0.00e+00	0.00e+00	0.00e+00	0.00e+00
 4.58635e+13	1.21e-27	6.77e-21	8.49e-15	7.34e-10	4.85e-06	2.76e-03	9.97e-01	0.00e+00	0.00e+00	0.00e+00	0.00e+00	0.00e+00
 4.76183e+13	1.83e-27	9.61e-21	1.14e-14	9.15e-10	5.61e-06	2.97e-03	9.97e-01	0.00e+00	0.00e+00	0.00e+00	0.00e+00	0.00e+00
 4.92542e+13	2.60e-27	1.30e-20	1.48e-14	1.12e-09	6.41e-06	3.18e-03	9.97e-01	0.00e+00	0.00e+00	0.00e+00	0.00e+00	0.00e+00
 5.10652e+13	3.95e-27	1.85e-20	1.96e-14	1.38e-09	7.39e-06	3.42e-03	9.97e-01	0.00e+00	0.00e+00	0.00e+00	0.00e+00	0.00e+00
 5.30454e+13	5.88e-27	2.61e-20	2.64e-14	1.73e-09	8.58e-06	3.69e-03	9.96e-01	0.00e+00	0.00e+00	0.00e+00	0.00e+00	0.00e+00
 5.48809e+13	8.69e-27	3.62e-20	3.44e-14	2.11e-09	9.80e-06	3.95e-03	9.96e-01	0.00e+00	0.00e+00	0.00e+00	0.00e+00	0.00e+00
 5.64976e+13	1.17e-26	4.68e-20	4.31e-14	2.50e-09	1.10e-05	4.18e-03	9.96e-01	0.00e+00	0.00e+00	0.00e+00	0.00e+00	0.00e+00
 5.82119e+13	1.65e-26	6.27e-20	5.46e-14	2.99e-09	1.24e-05	4.44e-03	9.96e-01	0.00e+00	0.00e+00	0.00e+00	0.00e+00	0.00e+00
 6.03795e+13	2.42e-26	8.71e-20	7.25e-14	3.71e-09	1.43e-05	4.78e-03	9.95e-01	0.00e+00	0.00e+00	0.00e+00	0.00e+00	0.00e+00
 6.25669e+13	3.58e-26	1.22e-19	9.58e-14	4.57e-09	1.64e-05	5.13e-03	9.95e-01	0.00e+00	0.00e+00	0.00e+00	0.00e+00	0.00e+00
 6.44184e+13	4.98e-26	1.61e-19	1.20e-13	5.43e-09	1.84e-05	5.43e-03	9.95e-01	0.00e+00	0.00e+00	0.00e+00	0.00e+00	0.00e+00
 6.64026e+13	6.92e-26	2.13e-19	1.53e-13	6.50e-09	2.07e-05	5.77e-03	9.94e-01	0.00e+00	0.00e+00	0.00e+00	0.00e+00	0.00e+00
 6.88895e+13	1.01e-25	2.96e-19	2.03e-13	8.07e-09	2.40e-05	6.21e-03	9.94e-01	0.00e+00	0.00e+00	0.00e+00	0.00e+00	0.00e+00
 7.14546e+13	1.54e-25	4.22e-19	2.71e-13	1.00e-08	2.77e-05	6.68e-03	9.93e-01	0.00e+00	0.00e+00	0.00e+00	0.00e+00	0.00e+00
 7.37200e+13	2.10e-25	5.54e-19	3.45e-13	1.20e-08	3.13e-05	7.12e-03	9.93e-01	0.00e+00	0.00e+00	0.00e+00	0.00e+00	0.00e+00
 7.61715e+13	3.02e-25	7.54e-19	4.47e-13	1.46e-08	3.56e-05	7.59e-03	9.92e-01	0.00e+00	0.00e+00	0.00e+00	0.00e+00	0.00e+00
 7.91233e+13	4.50e-25	1.07e-18	6.01e-13	1.83e-08	4.13e-05	8.19e-03	9.92e-01	0.00e+00	0.00e+00	0.00e+00	0.00e+00	0.00e+00
 8.20445e+13	6.82e-25	1.51e-18	7.99e-13	2.27e-08	4.77e-05	8.81e-03	9.91e-01	0.00e+00	0.00e+00	0.00e+00	0.00e+00	0.00e+00
 8.46463e+13	9.32e-25	1.99e-18	1.02e-12	2.73e-08	5.39e-05	9.38e-03	9.91e-01	0.00e+00	0.00e+00	0.00e+00	0.00e+00	0.00e+00
 8.75133e+13	1.35e-24	2.73e-18	1.32e-12	3.32e-08	6.14e-05	1.00e-02	9.90e-01	0.00e+00	0.00e+00	0.00e+00	0.00e+00	0.00e+00
 9.09315e+13	1.99e-24	3.83e-18	1.78e-12	4.16e-08	7.14e-05	1.08e-02	9.89e-01	0.00e+00	0.00e+00	0.00e+00	0.00e+00	0.00e+00
 9.43201e+13	2.99e-24	5.41e-18	2.37e-12	5.17e-08	8.25e-05	1.17e-02	9.88e-01	0.00e+00	0.00e+00	0.00e+00	0.00e+00	0.00e+00
 9.74139e+13	4.10e-24	7.16e-18	3.04e-12	6.25e-08	9.36e-05	1.25e-02	9.87e-01	0.00e+00	0.00e+00	0.00e+00	0.00e+00	0.00e+00
 1.00871e+14	5.94e-24	9.86e-18	4.00e-12	7.68e-08	1.07e-04	1.33e-02	9.87e-01	0.00e+00	0.00e+00	0.00e+00	0.00e+00	0.00e+00
 1.04896e+14	8.90e-24	1.40e-17	5.41e-12	9.68e-08	1.25e-04	1.45e-02	9.85e-01	0.00e+00	0.00e+00	0.00e+00	0.00e+00	0.00e+00
 1.08844e+14	1.32e-23	1.97e-17	7.22e-12	1.20e-07	1.45e-04	1.56e-02	9.84e-01	0.00e+00	0.00e+00	0.00e+00	0.00e+00	0.00e+00
 1.12567e+14	1.83e-23	2.64e-17	9.35e-12	1.47e-07	1.65e-04	1.67e-02	9.83e-01	0.00e+00	0.00e+00	0.00e+00	0.00e+00	0.00e+00
 1.16717e+14	2.67e-23	3.66e-17	1.24e-11	1.82e-07	1.90e-04	1.80e-02	9.82e-01	0.00e+00	0.00e+00	0.00e+00	0.00e+00	0.00e+00
 1.21415e+14	3.97e-23	5.19e-17	1.68e-11	2.30e-07	2.22e-04	1.95e-02	9.80e-01	0.00e+00	0.00e+00	0.00e+00	0.00e+00	0.00e+00
 1.26091e+14	5.84e-23	7.28e-17	2.25e-11	2.87e-07	2.58e-04	2.11e-02	9.79e-01	0.00e+00	0.00e+00	0.00e+00	0.00e+00	0.00e+00
 1.30601e+14	8.17e-23	9.84e-17	2.94e-11	3.53e-07	2.96e-04	2.27e-02	9.77e-01	0.00e+00	0.00e+00	0.00e+00	0.00e+00	0.00e+00
 1.34522e+14	1.10e-22	1.28e-16	3.70e-11	4.20e-07	3.32e-04	2.41e-02	9.76e-01	0.00e+00	0.00e+00	0.00e+00	0.00e+00	0.00e+00
 1.37791e+14	1.40e-22	1.59e-16	4.44e-11	4.84e-07	3.65e-04	2.53e-02	9.74e-01	0.00e+00	0.00e+00	0.00e+00	0.00e+00	0.00e+00
 1.41425e+14	1.82e-22	2.00e-16	5.43e-11	5.64e-07	4.04e-04	2.67e-02	9.73e-01	0.00e+00	0.00e+00	0.00e+00	0.00e+00	0.00e+00
 1.46148e+14	2.49e-22	2.65e-16	6.97e-11	6.85e-07	4.59e-04	2.86e-02	9.71e-01	0.00e+00	0.00e+00	0.00e+00	0.00e+00	0.00e+00
 1.51118e+14	3.45e-22	3.54e-16	9.01e-11	8.34e-07	5.23e-04	3.07e-02	9.69e-01	0.00e+00	0.00e+00	0.00e+00	0.00e+00	0.00e+00
 1.55396e+14	4.56e-22	4.54e-16	1.12e-10	9.82e-07	5.82e-04	3.25e-02	9.67e-01	0.00e+00	0.00e+00	0.00e+00	0.00e+00	0.00e+00
 1.59945e+14	5.95e-22	5.79e-16	1.39e-10	1.16e-06	6.51e-04	3.45e-02	9.65e-01	0.00e+00	0.00e+00	0.00e+00	0.00e+00	0.00e+00
 1.65782e+14	8.40e-22	7.90e-16	1.82e-10	1.44e-06	7.48e-04	3.72e-02	9.62e-01	0.00e+00	0.00e+00	0.00e+00	0.00e+00	0.00e+00
 1.71798e+14	1.19e-21	1.08e-15	2.39e-10	1.77e-06	8.59e-04	4.01e-02	9.59e-01	0.00e+00	0.00e+00	0.00e+00	0.00e+00	0.00e+00
 1.76925e+14	1.57e-21	1.39e-15	3.00e-10	2.11e-06	9.62e-04	4.27e-02	9.56e-01	0.00e+00	0.00e+00	0.00e+00	0.00e+00	0.00e+00
 1.82391e+14	2.11e-21	1.81e-15	3.78e-10	2.52e-06	1.08e-03	4.55e-02	9.53e-01	0.00e+00	0.00e+00	0.00e+00	0.00e+00	0.00e+00
 1.89205e+14	2.97e-21	2.48e-15	4.99e-10	3.12e-06	1.25e-03	4.92e-02	9.50e-01	0.00e+00	0.00e+00	0.00e+00	0.00e+00	0.00e+00
 1.96190e+14	4.21e-21	3.41e-15	6.58e-10	3.86e-06	1.43e-03	5.30e-02	9.46e-01	0.00e+00	0.00e+00	0.00e+00	0.00e+00	0.00e+00
 2.02345e+14	5.67e-21	4.47e-15	8.33e-10	4.63e-06	1.61e-03	5.66e-02	9.42e-01	0.00e+00	0.00e+00	0.00e+00	0.00e+00	0.00e+00
 2.09006e+14	7.65e-21	5.89e-15	1.07e-09	5.59e-06	1.82e-03	6.05e-02	9.38e-01	0.00e+00	0.00e+00	0.00e+00	0.00e+00	0.00e+00
 2.17040e+14	1.10e-20	8.22e-15	1.42e-09	6.98e-06	2.11e-03	6.56e-02	9.32e-01	0.00e+00	0.00e+00	0.00e+00	0.00e+00	0.00e+00
 2.25011e+14	1.55e-20	1.13e-14	1.87e-09	8.62e-06	2.42e-03	7.07e-02	9.27e-01	0.00e+00	0.00e+00	0.00e+00	0.00e+00	0.00e+00
 2.32105e+14	2.10e-20	1.48e-14	2.37e-09	1.03e-05	2.72e-03	7.53e-02	9.22e-01	0.00e+00	0.00e+00	0.00e+00	0.00e+00	0.00e+00
 2.39913e+14	2.88e-20	1.98e-14	3.06e-09	1.25e-05	3.08e-03	8.07e-02	9.16e-01	0.00e+00	0.00e+00	0.00e+00	0.00e+00	0.00e+00
 2.49227e+14	4.17e-20	2.78e-14	4.09e-09	1.56e-05	3.56e-03	8.72e-02	9.09e-01	0.00e+00	0.00e+00	0.00e+00	0.00e+00	0.00e+00
 2.58496e+14	5.96e-20	3.86e-14	5.41e-09	1.93e-05	4.08e-03	9.39e-02	9.02e-01	0.00e+00	0.00e+00	0.00e+00	0.00e+00	0.00e+00
 2.66987e+14	8.12e-20	5.14e-14	6.93e-09	2.33e-05	4.60e-03	1.00e-01	8.95e-01	0.00e+00	0.00e+00	0.00e+00	0.00e+00	0.00e+00
 2.76473e+14	1.13e-19	6.98e-14	9.06e-09	2.86e-05	5.24e-03	1.07e-01	8.87e-01	0.00e+00	0.00e+00	0.00e+00	0.00e+00	0.00e+00
 2.87486e+14	1.69e-19	1.00e-13	1.22e-08	3.58e-05	6.05e-03	1.16e-01	8.78e-01	0.00e+00	0.00e+00	0.00e+00	0.00e+00	0.00e+00
 2.98290e+14	2.44e-19	1.40e-13	1.62e-08	4.43e-05	6.93e-03	1.25e-01	8.68e-01	0.00e+00	0.00e+00	0.00e+00	0.00e+00	0.00e+00
 3.08551e+14	3.37e-19	1.89e-13	2.11e-08	5.38e-05	7.85e-03	1.33e-01	8.59e-01	0.00e+00	0.00e+00	0.00e+00	0.00e+00	0.00e+00
 3.19946e+14	4.96e-19	2.66e-13	2.78e-08	6.63e-05	8.96e-03	1.43e-01	8.48e-01	0.00e+00	0.00e+00	0.00e+00	0.00e+00	0.00e+00
 3.30699e+14	6.78e-19	3.56e-13	3.58e-08	8.01e-05	1.01e-02	1.52e-01	8.38e-01	0.00e+00	0.00e+00	0.00e+00	0.00e+00	0.00e+00
 3.38751e+14	8.91e-19	4.51e-13	4.31e-08	9.18e-05	1.10e-02	1.59e-01	8.30e-01	0.00e+00	0.00e+00	0.00e+00	0.00e+00	0.00e+00
 3.47000e+14	1.14e-18	5.63e-13	5.19e-08	1.05e-04	1.20e-02	1.66e-01	8.22e-01	0.00e+00	0.00e+00	0.00e+00	0.00e+00	0.00e+00
 3.57723e+14	1.55e-18	7.46e-13	6.55e-08	1.25e-04	1.34e-02	1.76e-01	8.11e-01	0.00e+00	0.00e+00	0.00e+00	0.00e+00	0.00e+00
 3.69327e+14	2.11e-18	9.89e-13	8.36e-08	1.50e-04	1.50e-02	1.86e-01	7.99e-01	0.00e+00	0.00e+00	0.00e+00	0.00e+00	0.00e+00
 3.79796e+14	2.83e-18	1.29e-12	1.04e-07	1.76e-04	1.66e-02	1.95e-01	7.88e-01	0.00e+00	0.00e+00	0.00e+00	0.00e+00	0.00e+00
 3.91127e+14	3.84e-18	1.69e-12	1.30e-07	2.07e-04	1.84e-02	2.05e-01	7.76e-01	0.00e+00	0.00e+00	0.00e+00	0.00e+00	0.00e+00
 4.05498e+14	5.77e-18	2.41e-12	1.71e-07	2.53e-04	2.08e-02	2.18e-01	7.61e-01	0.00e+00	0.00e+00	0.00e+00	0.00e+00	0.00e+00
 4.19967e+14	8.08e-18	3.27e-12	2.23e-07	3.08e-04	2.35e-02	2.31e-01	7.45e-01	0.00e+00	0.00e+00	0.00e+00	0.00e+00	0.00e+00
 4.32165e+14	1.10e-17	4.29e-12	2.77e-07	3.61e-04	2.59e-02	2.42e-01	7.32e-01	0.00e+00	0.00e+00	0.00e+00	0.00e+00	0.00e+00
 4.45260e+14	1.51e-17	5.67e-12	3.47e-07	4.25e-04	2.87e-02	2.54e-01	7.17e-01	0.00e+00	0.00e+00	0.00e+00	0.00e+00	0.00e+00
 4.61730e+14	2.27e-17	8.07e-12	4.56e-07	5.18e-04	3.24e-02	2.68e-01	6.99e-01	0.00e+00	0.00e+00	1.33e-17	6.84e-18	2.10e-18
 4.78949e+14	3.31e-17	1.12e-11	5.99e-07	6.31e-04	3.66e-02	2.83e-01	6.80e-01	0.00e+00	0.00e+00	1.90e-17	1.01e-17	3.53e-18
 4.94435e+14	4.67e-17	1.51e-11	7.60e-07	7.50e-04	4.06e-02	2.96e-01	6.63e-01	0.00e+00	0.00e+00	2.68e-17	1.42e-17	4.96e-18
 5.11307e+14	6.69e-17	2.06e-11	9.75e-07	8.97e-04	4.52e-02	3.10e-01	6.44e-01	0.00e+00	0.00e+00	3.83e-17	2.04e-17	7.06e-18
 5.31275e+14	1.05e-16	3.00e-11	1.30e-06	1.10e-03	5.11e-02	3.26e-01	6.21e-01	0.00e+00	0.00e+00	6.02e-17	3.19e-17	1.10e-17
 5.50895e+14	1.55e-16	4.20e-11	1.69e-06	1.33e-03	5.72e-02	3.41e-01	6.00e-01	0.00e+00	0.00e+00	8.92e-17	4.72e-17	1.62e-17
 5.68794e+14	2.19e-16	5.64e-11	2.13e-06	1.57e-03	6.31e-02	3.55e-01	5.81e-01	0.00e+00	0.00e+00	1.26e-16	6.67e-17	2.28e-17
 5.88829e+14	3.16e-16	7.71e-11	2.74e-06	1.87e-03	7.00e-02	3.69e-01	5.59e-01	0.00e+00	0.00e+00	1.82e-16	9.60e-17	3.27e-17
 6.12171e+14	4.86e-16	1.11e-10	3.62e-06	2.28e-03	7.86e-02	3.85e-01	5.34e-01	0.00e+00	0.00e+00	2.80e-16	1.48e-16	5.00e-17
 6.35171e+14	7.25e-16	1.55e-10	4.71e-06	2.74e-03	8.74e-02	3.99e-01	5.11e-01	0.00e+00	0.00e+00	4.18e-16	2.20e-16	7.42e-17
 6.57023e+14	1.04e-15	2.11e-10	5.98e-06	3.24e-03	9.62e-02	4.11e-01	4.89e-01	0.00e+00	0.00e+00	6.03e-16	3.17e-16	1.07e-16
 6.81266e+14	1.53e-15	2.90e-10	7.69e-06	3.86e-03	1.06e-01	4.24e-01	4.66e-01	0.00e+00	0.00e+00	8.83e-16	4.64e-16	1.56e-16
 7.08547e+14	2.37e-15	4.16e-10	1.01e-05	4.66e-03	1.18e-01	4.37e-01	4.40e-01	0.00e+00	0.00e+00	1.37e-15	7.18e-16	2.40e-16
 7.31533e+14	3.34e-15	5.52e-10	1.26e-05	5.42e-03	1.28e-01	4.47e-01	4.19e-01	0.00e+00	0.00e+00	1.93e-15	1.01e-15	3.37e-16
 7.48215e+14	4.25e-15	6.73e-10	1.46e-05	6.02e-03	1.36e-01	4.53e-01	4.04e-01	0.00e+00	0.00e+00	2.46e-15	1.29e-15	4.29e-16
 7.65703e+14	5.45e-15	8.25e-10	1.71e-05	6.70e-03	1.44e-01	4.60e-01	3.89e-01	0.00e+00	0.00e+00	3.15e-15	1.65e-15	5.49e-16
 7.88439e+14	7.17e-15	1.04e-09	2.08e-05	7.65e-03	1.55e-01	4.66e-01	3.71e-01	0.00e+00	0.00e+00	4.15e-15	2.18e-15	7.21e-16
 8.13770e+14	1.05e-14	1.40e-09	2.57e-05	8.83e-03	1.67e-01	4.73e-01	3.50e-01	0.00e+00	0.00e+00	6.06e-15	3.18e-15	1.05e-15
 8.37364e+14	1.42e-14	1.79e-09	3.10e-05	1.00e-02	1.79e-01	4.78e-01	3.33e-01	0.00e+00	0.00e+00	8.22e-15	4.31e-15	1.42e-15
 8.62924e+14	1.88e-14	2.27e-09	3.76e-05	1.14e-02	1.91e-01	4.83e-01	3.14e-01	0.00e+00	0.00e+00	1.09e-14	5.70e-15	1.88e-15
 8.91804e+14	2.78e-14	3.07e-09	4.66e-05	1.32e-02	2.06e-01	4.87e-01	2.94e-01	0.00e+00	0.00e+00	1.61e-14	8.43e-15	2.77e-15
 9.19308e+14	3.79e-14	3.95e-09	5.64e-05	1.49e-02	2.20e-01	4.89e-01	2.77e-01	0.00e+00	0.00e+00	2.20e-14	1.15e-14	3.77e-15
 9.49370e+14	5.15e-14	5.08e-09	6.90e-05	1.71e-02	2.35e-01	4.90e-01	2.58e-01	0.00e+00	0.00e+00	2.99e-14	1.56e-14	5.12e-15
 9.83117e+14	7.78e-14	6.95e-09	8.59e-05	1.97e-02	2.52e-01	4.90e-01	2.39e-01	0.00e+00	0.00e+00	4.51e-14	2.36e-14	7.72e-15
 1.01504e+15	1.08e-13	8.98e-09	1.04e-04	2.24e-02	2.67e-01	4.88e-01	2.22e-01	0.00e+00	0.00e+00	6.24e-14	3.26e-14	1.07e-14
 1.04992e+15	1.48e-13	1.16e-08	1.28e-04	2.55e-02	2.84e-01	4.85e-01	2.05e-01	0.00e+00	0.00e+00	8.57e-14	4.48e-14	1.46e-14
 1.08894e+15	2.27e-13	1.60e-08	1.60e-04	2.94e-02	3.03e-01	4.81e-01	1.87e-01	0.00e+00	0.00e+00	1.32e-13	6.88e-14	2.24e-14
 1.12518e+15	3.14e-13	2.07e-08	1.93e-04	3.32e-02	3.20e-01	4.75e-01	1.72e-01	0.00e+00	0.00e+00	1.82e-13	9.54e-14	3.10e-14
 1.16413e+15	4.31e-13	2.66e-08	2.36e-04	3.76e-02	3.37e-01	4.68e-01	1.57e-01	0.00e+00	0.00e+00	2.50e-13	1.31e-13	4.25e-14
 1.20803e+15	6.63e-13	3.65e-08	2.92e-04	4.30e-02	3.57e-01	4.59e-01	1.41e-01	0.00e+00	0.00e+00	3.85e-13	2.01e-13	6.53e-14
 1.24930e+15	9.23e-13	4.71e-08	3.53e-04	4.83e-02	3.74e-01	4.49e-01	1.28e-01	0.00e+00	0.00e+00	5.36e-13	2.80e-13	9.09e-14
 1.29389e+15	1.27e-12	6.05e-08	4.29e-04	5.45e-02	3.92e-01	4.38e-01	1.16e-01	0.00e+00	0.00e+00	7.38e-13	3.86e-13	1.25e-13
 1.34406e+15	1.97e-12	8.33e-08	5.31e-04	6.19e-02	4.11e-01	4.24e-01	1.03e-01	0.00e+00	0.00e+00	1.15e-12	5.99e-13	1.94e-13
 1.38932e+15	2.72e-12	1.06e-07	6.35e-04	6.89e-02	4.27e-01	4.11e-01	9.25e-02	0.00e+00	0.00e+00	1.58e-12	8.26e-13	2.67e-13
 1.42949e+15	3.52e-12	1.30e-07	7.39e-04	7.54e-02	4.40e-01	4.00e-01	8.43e-02	0.00e+00	0.00e+00	2.05e-12	1.07e-12	3.46e-13
 1.47522e+15	4.80e-12	1.63e-07	8.73e-04	8.32e-02	4.54e-01	3.86e-01	7.58e-02	0.00e+00	0.00e+00	2.79e-12	1.46e-12	4.72e-13
 1.53111e+15	7.37e-12	2.22e-07	1.07e-03	9.33e-02	4.69e-01	3.70e-01	6.64e-02	0.00e+00	0.00e+00	4.28e-12	2.24e-12	7.24e-13
 1.58666e+15	1.05e-11	2.87e-07	1.28e-03	1.04e-01	4.83e-01	3.53e-01	5.84e-02	0.00e+00	0.00e+00	6.10e-12	3.19e-12	1.03e-12
 1.63071e+15	1.37e-11	3.50e-07	1.47e-03	1.12e-01	4.93e-01	3.40e-01	5.28e-02	0.00e+00	0.00e+00	7.98e-12	4.17e-12	1.35e-12
 1.67336e+15	1.78e-11	4.23e-07	1.68e-03	1.20e-01	5.02e-01	3.28e-01	4.79e-02	0.00e+00	0.00e+00	1.03e-11	5.40e-12	1.74e-12
 1.72881e+15	2.33e-11	5.20e-07	1.97e-03	1.32e-01	5.12e-01	3.12e-01	4.23e-02	0.00e+00	0.00e+00	1.35e-11	7.08e-12	2.29e-12
 1.78847e+15	3.43e-11	6.81e-07	2.34e-03	1.44e-01	5.21e-01	2.95e-01	3.68e-02	0.00e+00	0.00e+00	2.00e-11	1.04e-11	3.37e-12
 1.83796e+15	4.43e-11	8.21e-07	2.67e-03	1.55e-01	5.28e-01	2.82e-01	3.30e-02	0.00e+00	0.00e+00	2.57e-11	1.35e-11	4.35e-12
 1.88662e+15	5.55e-11	9.72e-07	3.02e-03	1.65e-01	5.33e-01	2.69e-01	2.96e-02	0.00e+00	0.00e+00	3.23e-11	1.69e-11	5.46e-12
 1.94987e+15	8.04e-11	1.26e-06	3.55e-03	1.80e-01	5.39e-01	2.53e-01	2.56e-02	0.00e+00	0.00e+00	4.68e-11	2.45e-11	7.90e-12
 2.01447e+15	1.04e-10	1.53e-06	4.13e-03	1.94e-01	5.42e-01	2.37e-01	2.23e-02	0.00e+00	0.00e+00	6.06e-11	3.17e-11	1.02e-11
 2.06908e+15	1.43e-10	1.90e-06	4.70e-03	2.07e-01	5.45e-01	2.24e-01	1.96e-02	0.00e+00	0.00e+00	8.33e-11	4.36e-11	1.41e-11
 2.12833e+15	1.89e-10	2.31e-06	5.36e-03	2.21e-01	5.46e-01	2.11e-01	1.72e-02	0.00e+00	0.00e+00	1.10e-10	5.74e-11	1.86e-11
 2.20508e+15	2.50e-10	2.85e-06	6.30e-03	2.38e-01	5.46e-01	1.95e-01	1.46e-02	0.00e+00	0.00e+00	1.45e-10	7.61e-11	2.46e-11
 2.28421e+15	3.75e-10	3.75e-06	7.42e-03	2.57e-01	5.44e-01	1.79e-01	1.23e-02	0.00e+00	0.00e+00	2.18e-10	1.14e-10	3.69e-11
 2.34920e+15	4.83e-10	4.50e-06	8.41e-03	2.73e-01	5.41e-01	1.67e-01	1.07e-02	0.00e+00	0.00e+00	2.81e-10	1.47e-10	4.75e-11
 2.41615e+15	6.12e-10	5.36e-06	9.54e-03	2.88e-01	5.37e-01	1.56e-01	9.27e-03	0.00e+00	0.00e+00	3.56e-10	1.86e-10	6.03e-11
 2.50308e+15	9.15e-10	7.04e-06	1.12e-02	3.09e-01	5.30e-01	1.41e-01	7.64e-03	0.00e+00	0.00e+00	5.32e-10	2.79e-10	9.02e-11
 2.58923e+15	1.23e-09	8.73e-06	1.30e-02	3.29e-01	5.23e-01	1.29e-01	6.39e-03	0.00e+00	0.00e+00	7.18e-10	3.76e-10	1.22e-10
 2.65747e+15	1.54e-09	1.03e-05	1.46e-02	3.45e-01	5.16e-01	1.19e-01	5.54e-03	0.00e+00	0.00e+00	8.96e-10	4.69e-10	1.52e-10
 2.72921e+15	1.99e-09	1.23e-05	1.64e-02	3.61e-01	5.07e-01	1.10e-01	4.76e-03	0.00e+00	0.00e+00	1.16e-09	6.06e-10	1.96e-10
 2.82248e+15	2.93e-09	1.60e-05	1.91e-02	3.83e-01	4.95e-01	9.89e-02	3.89e-03	0.00e+00	0.00e+00	1.70e-09	8.93e-10	2.90e-10
 2.91421e+15	3.90e-09	1.96e-05	2.19e-02	4.03e-01	4.83e-01	8.92e-02	3.22e-03	0.00e+00	0.00e+00	2.27e-09	1.19e-09	3.86e-10
 2.98586e+15	4.80e-09	2.28e-05	2.43e-02	4.18e-01	4.72e-01	8.23e-02	2.78e-03	0.00e+00	0.00e+00	2.80e-09	1.47e-09	4.75e-10
 3.05032e+15	5.94e-09	2.65e-05	2.67e-02	4.32e-01	4.63e-01	7.63e-02	2.43e-03	0.00e+00	0.00e+00	3.46e-09	1.81e-09	5.88e-10
 3.12351e+15	7.49e-09	3.12e-05	2.96e-02	4.47e-01	4.51e-01	7.01e-02	2.09e-03	0.00e+00	0.00e+00	4.36e-09	2.29e-09	7.42e-10
 3.20242e+15	1.02e-08	3.83e-05	3.32e-02	4.63e-01	4.38e-01	6.36e-02	1.76e-03	0.00e+00	0.00e+00	5.92e-09	3.10e-09	1.01e-09
 3.27689e+15	1.28e-08	4.50e-05	3.67e-02	4.78e-01	4.26e-01	5.82e-02	1.51e-03	0.00e+00	0.00e+00	7.44e-09	3.90e-09	1.27e-09
 3.34790e+15	1.57e-08	5.20e-05	4.03e-02	4.91e-01	4.14e-01	5.35e-02	1.30e-03	0.00e+00	0.00e+00	9.11e-09	4.78e-09	1.55e-09
 3.42630e+15	1.92e-08	6.03e-05	4.47e-02	5.05e-01	4.00e-01	4.87e-02	1.11e-03	0.00e+00	0.00e+00	1.11e-08	5.85e-09	1.90e-09
 3.51442e+15	2.65e-08	7.52e-05	5.04e-02	5.20e-01	3.85e-01	4.35e-02	9.14e-04	0.00e+00	0.00e+00	1.54e-08	8.11e-09	2.64e-09
 3.59566e+15	3.30e-08	8.79e-05	5.57e-02	5.33e-01	3.71e-01	3.94e-02	7.74e-04	0.00e+00	0.00e+00	1.92e-08	1.01e-08	3.28e-09
 3.66860e+15	3.95e-08	1.01e-04	6.10e-02	5.45e-01	3.58e-01	3.60e-02	6.67e-04	0.00e+00	0.00e+00	2.30e-08	1.21e-08	3.94e-09
 3.75025e+15	4.99e-08	1.19e-04	6.77e-02	5.56e-01	3.43e-01	3.24e-02	5.60e-04	0.00e+00	0.00e+00	2.91e-08	1.53e-08	4.97e-09
 3.83863e+15	6.95e-08	1.48e-04	7.60e-02	5.68e-01	3.27e-01	2.87e-02	4.57e-04	0.00e+00	0.00e+00	4.04e-08	2.12e-08	6.93e-09
 3.91841e+15	8.72e-08	1.75e-04	8.39e-02	5.78e-01	3.12e-01	2.58e-02	3.85e-04	0.00e+00	0.00e+00	5.08e-08	2.67e-08	8.71e-09
 3.99199e+15	1.09e-07	2.04e-04	9.20e-02	5.86e-01	2.99e-01	2.33e-02	3.27e-04	0.00e+00	0.00e+00	6.32e-08	3.32e-08	1.08e-08
 4.07486e+15	1.40e-07	2.44e-04	1.02e-01	5.93e-01	2.83e-01	2.07e-02	2.70e-04	0.00e+00	0.00e+00	8.14e-08	4.28e-08	1.40e-08
 4.16596e+15	1.71e-07	2.84e-04	1.14e-01	6.00e-01	2.67e-01	1.82e-02	2.23e-04	0.00e+00	0.00e+00	9.93e-08	5.22e-08	1.71e-08
 4.25364e+15	2.40e-07	3.58e-04	1.28e-01	6.05e-01	2.51e-01	1.59e-02	1.79e-04	0.00e+00	0.00e+00	1.40e-07	7.35e-08	2.40e-08
 4.32537e+15	2.97e-07	4.17e-04	1.40e-01	6.08e-01	2.38e-01	1.42e-02	1.51e-04	0.00e+00	0.00e+00	1.73e-07	9.09e-08	2.97e-08
 4.38167e+15	3.55e-07	4.73e-04	1.50e-01	6.09e-01	2.27e-01	1.30e-02	1.31e-04	0.00e+00	0.00e+00	2.07e-07	1.09e-07	3.56e-08
 4.44604e+15	4.41e-07	5.51e-04	1.63e-01	6.09e-01	2.15e-01	1.17e-02	1.11e-04	0.00e+00	0.00e+00	2.57e-07	1.35e-07	4.42e-08
 4.51857e+15	5.17e-07	6.24e-04	1.78e-01	6.08e-01	2.02e-01	1.04e-02	9.36e-05	0.00e+00	0.00e+00	3.01e-07	1.58e-07	5.19e-08
 4.60170e+15	7.43e-07	7.99e-04	2.01e-01	6.03e-01	1.86e-01	8.83e-03	7.30e-05	0.00e+00	0.00e+00	4.33e-07	2.28e-07	7.47e-08
 4.67010e+15	9.14e-07	9.28e-04	2.18e-01	5.99e-01	1.74e-01	7.82e-03	6.09e-05	0.00e+00	0.00e+00	5.32e-07	2.80e-07	9.19e-08
 4.70841e+15	1.05e-06	1.02e-03	2.30e-01	5.95e-01	1.67e-01	7.25e-03	5.45e-05	0.00e+00	0.00e+00	6.08e-07	3.20e-07	1.05e-07
 4.74726e+15	1.21e-06	1.13e-03	2.43e-01	5.90e-01	1.60e-01	6.68e-03	4.84e-05	0.00e+00	0.00e+00	7.02e-07	3.69e-07	1.21e-07
 4.79776e+15	1.37e-06	1.24e-03	2.59e-01	5.83e-01	1.51e-01	6.04e-03	4.20e-05	0.00e+00	0.00e+00	7.98e-07	4.20e-07	1.38e-07
 4.86341e+15	1.88e-06	1.54e-03	2.86e-01	5.70e-01	1.38e-01	5.15e-03	3.31e-05	0.00e+00	0.00e+00	1.09e-06	5.77e-07	1.90e-07
 4.92016e+15	2.24e-06	1.76e-03	3.07e-01	5.59e-01	1.28e-01	4.55e-03	2.79e-05	0.00e+00	0.00e+00	1.30e-06	6.88e-07	2.26e-07
 4.95789e+15	2.53e-06	1.92e-03	3.23e-01	5.50e-01	1.21e-01	4.16e-03	2.45e-05	0.00e+00	0.00e+00	1.47e-06	7.76e-07	2.55e-07
 4.99949e+15	2.97e-06	2.15e-03	3.43e-01	5.38e-01	1.13e-01	3.73e-03	2.11e-05	0.00e+00	0.00e+00	1.73e-06	9.11e-07	3.00e-07
 5.05357e+15	3.97e-06	2.61e-03	3.72e-01	5.19e-01	1.03e-01	3.16e-03	1.66e-05	0.00e+00	0.00e+00	2.31e-06	1.22e-06	4.01e-07
 5.10204e+15	4.70e-06	2.95e-03	3.96e-01	5.03e-01	9.45e-02	2.77e-03	1.39e-05	0.00e+00	0.00e+00	2.74e-06	1.44e-06	4.75e-07
 5.13736e+15	5.32e-06	3.22e-03	4.16e-01	4.90e-01	8.83e-02	2.49e-03	1.20e-05	0.00e+00	0.00e+00	3.09e-06	1.63e-06	5.37e-07
 5.17743e+15	6.30e-06	3.63e-03	4.40e-01	4.73e-01	8.11e-02	2.18e-03	1.00e-05	0.00e+00	0.00e+00	3.66e-06	1.93e-06	6.37e-07
 5.22953e+15	8.53e-06	4.44e-03	4.76e-01	4.47e-01	7.15e-02	1.79e-03	7.59e-06	0.00e+00	0.00e+00	4.96e-06	2.62e-06	8.63e-07
 5.27557e+15	1.02e-05	5.04e-03	5.04e-01	4.25e-01	6.42e-02	1.52e-03	6.11e-06	0.00e+00	0.00e+00	5.95e-06	3.14e-06	1.04e-06
 5.30753e+15	1.16e-05	5.49e-03	5.25e-01	4.09e-01	5.91e-02	1.34e-03	5.20e-06	0.00e+00	0.00e+00	6.72e-06	3.55e-06	1.17e-06
 5.34285e+15	1.36e-05	6.14e-03	5.51e-01	3.89e-01	5.34e-02	1.16e-03	4.25e-06	0.00e+00	0.00e+00	7.92e-06	4.19e-06	1.38e-06
 5.38875e+15	1.81e-05	7.41e-03	5.87e-01	3.59e-01	4.60e-02	9.21e-04	3.13e-06	0.00e+00	0.00e+00	1.05e-05	5.57e-06	1.84e-06
 5.43090e+15	2.09e-05	8.17e-03	6.15e-01	3.36e-01	4.04e-02	7.67e-04	2.47e-06	0.00e+00	0.00e+00	1.21e-05	6.41e-06	2.12e-06
 5.46818e+15	2.69e-05	9.63e-03	6.45e-01	3.09e-01	3.49e-02	6.18e-04	1.85e-06	0.00e+00	0.00e+00	1.56e-05	8.26e-06	2.74e-06
 5.50468e+15	3.22e-05	1.08e-02	6.72e-01	2.86e-01	3.05e-02	5.07e-04	1.43e-06	0.00e+00	0.00e+00	1.87e-05	9.90e-06	3.28e-06
 5.53546e+15	3.74e-05	1.20e-02	6.94e-01	2.67e-01	2.69e-02	4.24e-04	1.13e-06	0.00e+00	0.00e+00	2.18e-05	1.15e-05	3.81e-06
 5.57075e+15	4.56e-05	1.36e-02	7.20e-01	2.43e-01	2.29e-02	3.37e-04	8.42e-07	0.00e+00	0.00e+00	2.65e-05	1.40e-05	4.65e-06
 5.60931e+15	5.52e-05	1.53e-02	7.46e-01	2.20e-01	1.93e-02	2.63e-04	0.00e+00	0.00e+00	0.00e+00	3.21e-05	1.70e-05	5.64e-06
 5.63915e+15	6.42e-05	1.69e-02	7.64e-01	2.02e-01	1.68e-02	2.16e-04	0.00e+00	0.00e+00	0.00e+00	3.73e-05	1.97e-05	6.55e-06
 5.65938e+15	7.13e-05	1.80e-02	7.77e-01	1.90e-01	1.51e-02	1.87e-04	0.00e+00	0.00e+00	0.00e+00	4.15e-05	2.19e-05	7.29e-06
 5.68006e+15	7.81e-05	1.91e-02	7.89e-01	1.78e-01	1.36e-02	1.62e-04	0.00e+00	0.00e+00	0.00e+00	4.54e-05	2.40e-05	7.99e-06
 5.70694e+15	9.25e-05	2.11e-02	8.05e-01	1.62e-01	1.17e-02	1.30e-04	0.00e+00	0.00e+00	0.00e+00	5.38e-05	2.84e-05	9.46e-06
 5.73325e+15	1.05e-04	2.29e-02	8.18e-01	1.49e-01	1.01e-02	1.06e-04	0.00e+00	0.00e+00	0.00e+00	6.12e-05	3.24e-05	1.08e-05
 5.75509e+15	1.18e-04	2.45e-02	8.29e-01	1.38e-01	8.91e-03	8.89e-05	0.00e+00	0.00e+00	0.00e+00	6.86e-05	3.63e-05	1.21e-05
 5.77975e+15	1.34e-04	2.65e-02	8.40e-01	1.25e-01	7.67e-03	7.20e-05	0.00e+00	0.00e+00	0.00e+00	7.82e-05	4.14e-05	1.38e-05
 5.80743e+15	1.55e-04	2.89e-02	8.51e-01	1.13e-01	6.48e-03	5.68e-05	0.00e+00	0.00e+00	0.00e+00	9.01e-05	4.77e-05	1.59e-05
 5.83360e+15	1.77e-04	3.12e-02	8.61e-01	1.02e-01	5.51e-03	4.53e-05	0.00e+00	0.00e+00	0.00e+00	1.03e-04	5.45e-05	1.82e-05
 5.85804e+15	2.00e-04	3.35e-02	8.69e-01	9.28e-02	4.71e-03	3.64e-05	0.00e+00	0.00e+00	0.00e+00	1.16e-04	6.16e-05	2.06e-05
 5.88565e+15	2.31e-04	3.64e-02	8.77e-01	8.26e-02	3.91e-03	2.80e-05	0.00e+00	0.00e+00	0.00e+00	1.34e-04	7.10e-05	2.37e-05
 5.91552e+15	2.67e-04	3.96e-02	8.84e-01	7.31e-02	3.21e-03	2.13e-05	0.00e+00	0.00e+00	0.00e+00	1.55e-04	8.22e-05	2.75e-05
 5.94206e+15	3.04e-04	4.26e-02	8.89e-01	6.54e-02	2.69e-03	1.65e-05	0.00e+00	0.00e+00	0.00e+00	1.77e-04	9.37e-05	3.13e-05
 5.97031e+15	3.50e-04	4.61e-02	8.94e-01	5.78e-02	2.20e-03	1.25e-05	0.00e+00	0.00e+00	0.00e+00	2.03e-04	1.08e-04	3.60e-05
 6.00102e+15	4.05e-04	5.00e-02	8.97e-01	5.06e-02	1.78e-03	9.26e-06	0.00e+00	0.00e+00	0.00e+00	2.36e-04	1.25e-04	4.18e-05
 6.02877e+15	4.62e-04	5.38e-02	8.99e-01	4.49e-02	1.47e-03	7.06e-06	0.00e+00	0.00e+00	0.00e+00	2.69e-04	1.42e-04	4.77e-05
 6.05460e+15	5.22e-04	5.76e-02	9.01e-01	4.00e-02	1.22e-03	5.45e-06	0.00e+00	0.00e+00	0.00e+00	3.04e-04	1.61e-04	5.39e-05
 6.08414e+15	6.01e-04	6.22e-02	9.01e-01	3.50e-02	9.84e-04	4.00e-06	0.00e+00	0.00e+00	0.00e+00	3.50e-04	1.85e-04	6.21e-05
 6.11653e+15	6.98e-04	6.75e-02	9.01e-01	3.03e-02	7.83e-04	2.89e-06	0.00e+00	0.00e+00	0.00e+00	4.06e-04	2.15e-04	7.21e-05
 6.14574e+15	8.00e-04	7.26e-02	8.99e-01	2.66e-02	6.35e-04	2.14e-06	0.00e+00	0.00e+00	0.00e+00	4.66e-04	2.46e-04	8.27e-05
 6.17261e+15	9.06e-04	7.76e-02	8.97e-01	2.35e-02	5.23e-04	1.63e-06	0.00e+00	0.00e+00	0.00e+00	5.27e-04	2.79e-04	9.36e-05
 6.20335e+15	1.04e-03	8.37e-02	8.94e-01	2.04e-02	4.16e-04	1.17e-06	0.00e+00	0.00e+00	0.00e+00	6.08e-04	3.22e-04	1.08e-04
 6.23708e+15	1.22e-03	9.09e-02	8.90e-01	1.75e-02	3.27e-04	8.28e-07	0.00e+00	0.00e+00	0.00e+00	7.09e-04	3.75e-04	1.26e-04
 6.26746e+15	1.40e-03	9.79e-02	8.85e-01	1.53e-02	2.63e-04	0.00e+00	0.00e+00	0.00e+00	0.00e+00	8.16e-04	4.32e-04	1.45e-04
 6.29519e+15	1.59e-03	1.05e-01	8.80e-01	1.34e-02	2.15e-04	0.00e+00	0.00e+00	0.00e+00	0.00e+00	9.27e-04	4.90e-04	1.65e-04
 6.32672e+15	1.85e-03	1.13e-01	8.73e-01	1.16e-02	1.70e-04	0.00e+00	0.00e+00	0.00e+00	0.00e+00	1.07e-03	5.68e-04	1.91e-04
 6.36134e+15	2.16e-03	1.23e-01	8.65e-01	9.89e-03	1.32e-04	0.00e+00	0.00e+00	0.00e+00	0.00e+00	1.26e-03	6.66e-04	2.24e-04
 6.39259e+15	2.51e-03	1.33e-01	8.56e-01	8.55e-03	1.06e-04	0.00e+00	0.00e+00	0.00e+00	0.00e+00	1.46e-03	7.72e-04	2.60e-04
 6.42104e+15	2.86e-03	1.43e-01	8.47e-01	7.49e-03	8.58e-05	0.00e+00	0.00e+00	0.00e+00	0.00e+00	1.67e-03	8.82e-04	2.96e-04
 6.45323e+15	3.34e-03	1.55e-01	8.36e-01	6.41e-03	6.73e-05	0.00e+00	0.00e+00	0.00e+00	0.00e+00	1.94e-03	1.03e-03	3.46e-04
 6.48879e+15	3.96e-03	1.69e-01	8.22e-01	5.40e-03	5.18e-05	0.00e+00	0.00e+00	0.00e+00	0.00e+00	2.31e-03	1.22e-03	4.10e-04
 6.52116e+15	4.64e-03	1.84e-01	8.07e-01	4.62e-03	4.07e-05	0.00e+00	0.00e+00	0.00e+00	0.00e+00	2.70e-03	1.43e-03	4.80e-04
 6.55075e+15	5.36e-03	1.98e-01	7.93e-01	3.99e-03	3.26e-05	0.00e+00	0.00e+00	0.00e+00	0.00e+00	3.12e-03	1.65e-03	5.55e-04
 6.58426e+15	6.34e-03	2.16e-01	7.75e-01	3.36e-03	2.51e-05	0.00e+00	0.00e+00	0.00e+00	0.00e+00	3.69e-03	1.95e-03	6.57e-04
 6.62152e+15	7.65e-03	2.37e-01	7.52e-01	2.77e-03	1.88e-05	0.00e+00	0.00e+00	0.00e+00	0.00e+00	4.46e-03	2.36e-03	7.93e-04
 6.65603e+15	9.15e-03	2.60e-01	7.29e-01	2.31e-03	1.44e-05	0.00e+00	0.00e+00	0.00e+00	0.00e+00	5.33e-03	2.82e-03	9.47e-04
 6.68825e+15	1.08e-02	2.82e-01	7.05e-01	1.94e-03	1.11e-05	0.00e+00	0.00e+00	0.00e+00	0.00e+00	6.30e-03	3.33e-03	1.12e-03
 6.72508e+15	1.32e-02	3.11e-01	6.75e-01	1.56e-03	8.11e-06	0.00e+00	0.00e+00	0.00e+00	0.00e+00	7.66e-03	4.05e-03	1.36e-03
 6.76513e+15	1.64e-02	3.45e-01	6.37e-01	1.23e-03	5.75e-06	0.00e+00	0.00e+00	0.00e+00	0.00e+00	9.53e-03	5.03e-03	1.70e-03
 6.80016e+15	1.99e-02	3.78e-01	6.01e-01	9.84e-04	4.20e-06	0.00e+00	0.00e+00	0.00e+00	0.00e+00	1.16e-02	6.13e-03	2.06e-03
