#depth	N	N+	N+2	N+3	N+4	N+5	N+6	N+7
 1.49634e+10	0.00e+00	3.41e-32	1.76e-23	2.03e-15	2.60e-08	9.98e-01	1.91e-03	0.00e+00
 4.54887e+10	1.20e-41	4.83e-32	2.29e-23	2.43e-15	2.86e-08	9.98e-01	1.75e-03	1.53e-09
 7.72350e+10	0.00e+00	6.84e-32	2.99e-23	2.92e-15	3.14e-08	9.98e-01	1.58e-03	0.00e+00
 1.10251e+11	2.85e-41	9.69e-32	3.91e-23	3.51e-15	3.45e-08	9.99e-01	1.44e-03	0.00e+00
 1.43689e+11	0.00e+00	1.36e-31	5.07e-23	4.19e-15	3.79e-08	9.99e-01	1.31e-03	0.00e+00
 1.78464e+11	6.57e-41	1.91e-31	6.59e-23	5.02e-15	4.16e-08	9.99e-01	1.20e-03	0.00e+00
 2.15530e+11	0.00e+00	2.70e-31	8.61e-23	6.04e-15	4.58e-08	9.99e-01	1.09e-03	0.00e+00
 2.54078e+11	1.54e-40	3.81e-31	1.13e-22	7.28e-15	5.04e-08	9.99e-01	9.89e-04	0.00e+00
 2.94167e+11	0.00e+00	5.39e-31	1.47e-22	8.77e-15	5.56e-08	9.99e-01	8.98e-04	0.00e+00
 3.30485e+11	3.42e-40	7.28e-31	1.86e-22	1.03e-14	6.05e-08	9.99e-01	8.24e-04	0.00e+00
 3.60839e+11	0.00e+00	9.28e-31	2.25e-22	1.18e-14	6.49e-08	9.99e-01	7.69e-04	0.00e+00
 3.94131e+11	6.31e-40	1.20e-30	2.75e-22	1.36e-14	6.99e-08	9.99e-01	7.15e-04	0.00e+00
 4.36171e+11	0.00e+00	1.64e-30	3.51e-22	1.61e-14	7.66e-08	9.99e-01	6.53e-04	0.00e+00
 4.79977e+11	1.36e-39	2.25e-30	4.49e-22	1.92e-14	8.39e-08	9.99e-01	5.96e-04	0.00e+00
 5.17271e+11	0.00e+00	2.91e-30	5.50e-22	2.21e-14	9.06e-08	9.99e-01	5.53e-04	0.00e+00
 5.55705e+11	2.53e-39	3.75e-30	6.72e-22	2.55e-14	9.77e-08	9.99e-01	5.13e-04	0.00e+00
 6.03941e+11	0.00e+00	5.10e-30	8.57e-22	3.03e-14	1.07e-07	1.00e+00	4.68e-04	0.00e+00
 6.52893e+11	5.29e-39	6.89e-30	1.09e-21	3.59e-14	1.17e-07	1.00e+00	4.27e-04	0.00e+00
 6.95057e+11	0.00e+00	8.82e-30	1.32e-21	4.14e-14	1.27e-07	1.00e+00	3.96e-04	0.00e+00
 7.40420e+11	9.73e-39	1.14e-29	1.62e-21	4.79e-14	1.37e-07	1.00e+00	3.67e-04	0.00e+00
 7.96345e+11	0.00e+00	1.54e-29	2.06e-21	5.70e-14	1.50e-07	1.00e+00	3.34e-04	0.00e+00
 8.53595e+11	2.01e-38	2.08e-29	2.61e-21	6.76e-14	1.65e-07	1.00e+00	3.05e-04	0.00e+00
 9.05398e+11	0.00e+00	2.69e-29	3.21e-21	7.85e-14	1.79e-07	1.00e+00	2.81e-04	0.00e+00
 9.62524e+11	3.80e-38	3.53e-29	3.99e-21	9.19e-14	1.95e-07	1.00e+00	2.58e-04	0.00e+00
 1.02967e+12	0.00e+00	4.80e-29	5.10e-21	1.10e-13	2.15e-07	1.00e+00	2.35e-04	0.00e+00
 1.09678e+12	7.79e-38	6.43e-29	6.45e-21	1.30e-13	2.36e-07	1.00e+00	2.14e-04	0.00e+00
 1.16072e+12	0.00e+00	8.39e-29	7.99e-21	1.52e-13	2.57e-07	1.00e+00	1.97e-04	0.00e+00
 1.23122e+12	1.50e-37	1.11e-28	1.00e-20	1.80e-13	2.81e-07	1.00e+00	1.80e-04	0.00e+00
 1.31039e+12	0.00e+00	1.51e-28	1.28e-20	2.15e-13	3.10e-07	1.00e+00	1.63e-04	0.00e+00
 1.38167e+12	2.95e-37	1.95e-28	1.58e-20	2.51e-13	3.37e-07	1.00e+00	1.50e-04	0.00e+00
 1.44054e+12	0.00e+00	2.41e-28	1.86e-20	2.83e-13	3.60e-07	1.00e+00	1.41e-04	0.00e+00
 1.50485e+12	4.93e-37	3.00e-28	2.22e-20	3.22e-13	3.87e-07	1.00e+00	1.31e-04	0.00e+00
 1.58698e+12	0.00e+00	3.93e-28	2.76e-20	3.78e-13	4.22e-07	1.00e+00	1.20e-04	0.00e+00
 1.66992e+12	9.33e-37	5.11e-28	3.41e-20	4.41e-13	4.60e-07	1.00e+00	1.10e-04	0.00e+00
 1.73859e+12	0.00e+00	6.30e-28	4.04e-20	4.99e-13	4.92e-07	1.00e+00	1.03e-04	0.00e+00
 1.81112e+12	1.55e-36	7.80e-28	4.80e-20	5.67e-13	5.28e-07	1.00e+00	9.63e-05	0.00e+00
 1.90412e+12	0.00e+00	1.02e-27	5.95e-20	6.62e-13	5.75e-07	1.00e+00	8.84e-05	0.00e+00
 2.00160e+12	2.93e-36	1.33e-27	7.38e-20	7.76e-13	6.27e-07	1.00e+00	8.11e-05	0.00e+00
 2.08708e+12	0.00e+00	1.66e-27	8.85e-20	8.86e-13	6.75e-07	1.00e+00	7.54e-05	0.00e+00
 2.17908e+12	5.09e-36	2.11e-27	1.07e-19	1.02e-12	7.28e-07	1.00e+00	6.99e-05	0.00e+00
 2.28109e+12	0.00e+00	2.71e-27	1.31e-19	1.18e-12	7.90e-07	1.00e+00	6.45e-05	0.00e+00
 2.37570e+12	9.00e-36	3.39e-27	1.57e-19	1.35e-12	8.50e-07	1.00e+00	6.00e-05	0.00e+00
 2.47830e+12	0.00e+00	4.29e-27	1.90e-19	1.55e-12	9.18e-07	1.00e+00	5.56e-05	0.00e+00
 2.59234e+12	1.62e-35	5.53e-27	2.33e-19	1.79e-12	9.96e-07	1.00e+00	5.12e-05	0.00e+00
 2.69860e+12	0.00e+00	6.94e-27	2.79e-19	2.05e-12	1.07e-06	1.00e+00	4.76e-05	0.00e+00
 2.81412e+12	2.83e-35	8.82e-27	3.39e-19	2.36e-12	1.16e-06	1.00e+00	4.41e-05	0.00e+00
 2.94262e+12	0.00e+00	1.14e-26	4.17e-19	2.74e-12	1.26e-06	1.00e+00	4.06e-05	0.00e+00
 3.06274e+12	5.10e-35	1.44e-26	5.02e-19	3.13e-12	1.36e-06	1.00e+00	3.78e-05	0.00e+00
 3.19363e+12	0.00e+00	1.84e-26	6.12e-19	3.61e-12	1.47e-06	1.00e+00	3.49e-05	0.00e+00
 3.33972e+12	9.38e-35	2.39e-26	7.56e-19	4.21e-12	1.59e-06	1.00e+00	3.21e-05	0.00e+00
 3.47709e+12	0.00e+00	3.04e-26	9.16e-19	4.83e-12	1.72e-06	1.00e+00	2.98e-05	0.00e+00
 3.62717e+12	1.70e-34	3.92e-26	1.12e-18	5.59e-12	1.86e-06	1.00e+00	2.75e-05	0.00e+00
 3.79521e+12	2.36e-34	5.15e-26	1.40e-18	6.54e-12	2.03e-06	1.00e+00	2.53e-05	0.00e+00
 3.95429e+12	3.19e-34	6.62e-26	1.71e-18	7.54e-12	2.20e-06	1.00e+00	2.34e-05	0.00e+00
 4.12574e+12	4.37e-34	8.60e-26	2.10e-18	8.74e-12	2.38e-06	1.00e+00	2.16e-05	0.00e+00
 4.32069e+12	6.16e-34	1.14e-25	2.64e-18	1.03e-11	2.60e-06	1.00e+00	1.98e-05	0.00e+00
 4.51218e+12	8.54e-34	1.50e-25	3.28e-18	1.20e-11	2.83e-06	1.00e+00	1.82e-05	0.00e+00
 4.71132e+12	1.19e-33	1.97e-25	4.07e-18	1.40e-11	3.07e-06	1.00e+00	1.67e-05	0.00e+00
 4.92970e+12	1.68e-33	2.63e-25	5.11e-18	1.64e-11	3.35e-06	1.00e+00	1.54e-05	0.00e+00
 5.15682e+12	2.40e-33	3.52e-25	6.43e-18	1.92e-11	3.65e-06	1.00e+00	1.41e-05	0.00e+00
 5.39302e+12	3.39e-33	4.69e-25	8.08e-18	2.26e-11	3.99e-06	1.00e+00	1.29e-05	0.00e+00
 5.61592e+12	4.68e-33	6.12e-25	9.95e-18	2.61e-11	4.31e-06	1.00e+00	1.20e-05	0.00e+00
 5.81706e+12	6.20e-33	7.71e-25	1.19e-17	2.97e-11	4.61e-06	1.00e+00	1.12e-05	0.00e+00
 6.00723e+12	8.04e-33	9.54e-25	1.41e-17	3.33e-11	4.91e-06	1.00e+00	1.05e-05	0.00e+00
 6.21767e+12	1.07e-32	1.20e-24	1.69e-17	3.77e-11	5.24e-06	1.00e+00	9.84e-06	0.00e+00
 6.45379e+12	1.45e-32	1.55e-24	2.06e-17	4.32e-11	5.63e-06	1.00e+00	9.16e-06	0.00e+00
 6.67824e+12	1.92e-32	1.95e-24	2.46e-17	4.89e-11	6.02e-06	1.00e+00	8.58e-06	0.00e+00
 6.92502e+12	2.60e-32	2.49e-24	2.98e-17	5.58e-11	6.45e-06	1.00e+00	8.00e-06	0.00e+00
 7.19526e+12	3.59e-32	3.25e-24	3.66e-17	6.42e-11	6.94e-06	1.00e+00	7.44e-06	0.00e+00
 7.44258e+12	4.77e-32	4.10e-24	4.38e-17	7.27e-11	7.41e-06	1.00e+00	6.97e-06	0.00e+00
 7.71067e+12	6.45e-32	5.24e-24	5.30e-17	8.28e-11	7.94e-06	1.00e+00	6.51e-06	0.00e+00
 8.01029e+12	8.96e-32	6.84e-24	6.51e-17	9.53e-11	8.54e-06	1.00e+00	6.05e-06	0.00e+00
 8.29289e+12	1.21e-31	8.73e-24	7.86e-17	1.08e-10	9.13e-06	1.00e+00	5.66e-06	0.00e+00
 8.60226e+12	1.67e-31	1.13e-23	9.60e-17	1.24e-10	9.79e-06	1.00e+00	5.28e-06	0.00e+00
 8.94614e+12	2.36e-31	1.50e-23	1.19e-16	1.43e-10	1.05e-05	1.00e+00	4.90e-06	0.00e+00
 9.26782e+12	3.22e-31	1.93e-23	1.44e-16	1.64e-10	1.13e-05	1.00e+00	4.58e-06	0.00e+00
 9.61895e+12	4.49e-31	2.53e-23	1.77e-16	1.88e-10	1.21e-05	1.00e+00	4.27e-06	0.00e+00
 1.00111e+13	6.44e-31	3.38e-23	2.21e-16	2.18e-10	1.31e-05	1.00e+00	3.96e-06	0.00e+00
 1.03817e+13	8.94e-31	4.40e-23	2.70e-16	2.50e-10	1.40e-05	1.00e+00	3.69e-06	0.00e+00
 1.07847e+13	1.27e-30	5.83e-23	3.35e-16	2.88e-10	1.51e-05	1.00e+00	3.44e-06	0.00e+00
 1.12347e+13	1.85e-30	7.89e-23	4.21e-16	3.36e-10	1.63e-05	1.00e+00	3.18e-06	0.00e+00
 1.16664e+13	2.61e-30	1.04e-22	5.20e-16	3.87e-10	1.75e-05	1.00e+00	2.96e-06	0.00e+00
 1.21268e+13	3.74e-30	1.39e-22	6.46e-16	4.48e-10	1.88e-05	1.00e+00	2.75e-06	0.00e+00
 1.26418e+13	5.52e-30	1.90e-22	8.17e-16	5.24e-10	2.03e-05	1.00e+00	2.54e-06	0.00e+00
 1.31565e+13	8.03e-30	2.57e-22	1.02e-15	6.09e-10	2.19e-05	1.00e+00	2.36e-06	0.00e+00
 1.36918e+13	1.17e-29	3.47e-22	1.29e-15	7.08e-10	2.37e-05	1.00e+00	2.19e-06	0.00e+00
 1.42694e+13	1.73e-29	4.74e-22	1.63e-15	8.28e-10	2.56e-05	1.00e+00	2.02e-06	0.00e+00
 1.48701e+13	2.56e-29	6.49e-22	2.06e-15	9.69e-10	2.77e-05	1.00e+00	1.87e-06	0.00e+00
 1.54948e+13	3.79e-29	8.88e-22	2.60e-15	1.13e-09	2.99e-05	1.00e+00	1.73e-06	0.00e+00
 1.61005e+13	5.46e-29	1.19e-21	3.25e-15	1.31e-09	3.22e-05	1.00e+00	1.61e-06	0.00e+00
 1.66712e+13	7.62e-29	1.55e-21	3.96e-15	1.50e-09	3.44e-05	1.00e+00	1.51e-06	0.00e+00
 1.72098e+13	1.03e-28	1.98e-21	4.76e-15	1.69e-09	3.65e-05	1.00e+00	1.42e-06	0.00e+00
 1.77961e+13	1.42e-28	2.56e-21	5.77e-15	1.92e-09	3.89e-05	1.00e+00	1.33e-06	0.00e+00
 1.84497e+13	2.01e-28	3.38e-21	7.11e-15	2.21e-09	4.17e-05	1.00e+00	1.24e-06	0.00e+00
 1.90661e+13	2.76e-28	4.35e-21	8.60e-15	2.51e-09	4.44e-05	1.00e+00	1.17e-06	0.00e+00
 1.97430e+13	3.86e-28	5.69e-21	1.05e-14	2.87e-09	4.74e-05	1.00e+00	1.09e-06	0.00e+00
 2.05030e+13	5.50e-28	7.57e-21	1.31e-14	3.32e-09	5.10e-05	1.00e+00	1.01e-06	0.00e+00
 2.12271e+13	7.68e-28	9.89e-21	1.60e-14	3.79e-09	5.45e-05	1.00e+00	9.49e-07	0.00e+00
 2.20201e+13	1.10e-27	1.32e-20	1.98e-14	4.37e-09	5.85e-05	1.00e+00	0.00e+00	0.00e+00
 2.29309e+13	1.62e-27	1.80e-20	2.51e-14	5.11e-09	6.32e-05	1.00e+00	0.00e+00	0.00e+00
 2.38205e+13	2.30e-27	2.39e-20	3.12e-14	5.92e-09	6.81e-05	1.00e+00	0.00e+00	0.00e+00
 2.46703e+13	3.25e-27	3.15e-20	3.83e-14	6.78e-09	7.28e-05	1.00e+00	0.00e+00	0.00e+00
 2.54991e+13	4.40e-27	4.02e-20	4.64e-14	7.72e-09	7.78e-05	1.00e+00	0.00e+00	0.00e+00
 2.64296e+13	6.25e-27	5.33e-20	5.73e-14	8.87e-09	8.33e-05	1.00e+00	0.00e+00	0.00e+00
 2.74486e+13	8.84e-27	7.06e-20	7.13e-14	1.03e-08	8.98e-05	1.00e+00	0.00e+00	0.00e+00
 2.83768e+13	1.22e-26	9.16e-20	8.66e-14	1.17e-08	9.58e-05	1.00e+00	0.00e+00	0.00e+00
 2.93775e+13	1.68e-26	1.18e-19	1.06e-13	1.34e-08	1.03e-04	1.00e+00	0.00e+00	0.00e+00
 3.05003e+13	2.42e-26	1.59e-19	1.32e-13	1.55e-08	1.10e-04	1.00e+00	0.00e+00	0.00e+00
 3.15653e+13	3.30e-26	2.05e-19	1.61e-13	1.77e-08	1.18e-04	1.00e+00	0.00e+00	0.00e+00
 3.27295e+13	4.62e-26	2.69e-19	1.99e-13	2.04e-08	1.27e-04	1.00e+00	0.00e+00	0.00e+00
 3.40162e+13	6.64e-26	3.61e-19	2.49e-13	2.38e-08	1.37e-04	1.00e+00	0.00e+00	0.00e+00
 3.52170e+13	9.28e-26	4.73e-19	3.06e-13	2.72e-08	1.47e-04	1.00e+00	0.00e+00	0.00e+00
 3.65181e+13	1.28e-25	6.17e-19	3.78e-13	3.14e-08	1.58e-04	1.00e+00	0.00e+00	0.00e+00
 3.79703e+13	1.87e-25	8.36e-19	4.75e-13	3.66e-08	1.71e-04	1.00e+00	0.00e+00	0.00e+00
 3.93600e+13	2.58e-25	1.09e-18	5.86e-13	4.22e-08	1.83e-04	1.00e+00	0.00e+00	0.00e+00
 4.08437e+13	3.68e-25	1.45e-18	7.28e-13	4.88e-08	1.97e-04	1.00e+00	0.00e+00	0.00e+00
 4.25074e+13	5.23e-25	1.94e-18	9.19e-13	5.71e-08	2.14e-04	1.00e+00	0.00e+00	0.00e+00
 4.41525e+13	7.45e-25	2.58e-18	1.15e-12	6.63e-08	2.31e-04	1.00e+00	0.00e+00	0.00e+00
 4.58635e+13	1.07e-24	3.46e-18	1.44e-12	7.70e-08	2.49e-04	1.00e+00	0.00e+00	0.00e+00
 4.76183e+13	1.51e-24	4.59e-18	1.79e-12	8.93e-08	2.68e-04	1.00e+00	0.00e+00	0.00e+00
 4.92542e+13	2.03e-24	5.86e-18	2.18e-12	1.02e-07	2.87e-04	1.00e+00	0.00e+00	0.00e+00
 5.10652e+13	2.88e-24	7.76e-18	2.70e-12	1.18e-07	3.09e-04	1.00e+00	0.00e+00	0.00e+00
 5.30454e+13	4.01e-24	1.02e-17	3.37e-12	1.37e-07	3.33e-04	1.00e+00	0.00e+00	0.00e+00
 5.48809e+13	5.55e-24	1.33e-17	4.12e-12	1.56e-07	3.57e-04	1.00e+00	0.00e+00	0.00e+00
 5.64976e+13	7.09e-24	1.63e-17	4.89e-12	1.75e-07	3.78e-04	1.00e+00	0.00e+00	0.00e+00
 5.82119e+13	9.49e-24	2.06e-17	5.84e-12	1.97e-07	4.01e-04	1.00e+00	0.00e+00	0.00e+00
 6.03795e+13	1.30e-23	2.68e-17	7.23e-12	2.28e-07	4.32e-04	1.00e+00	0.00e+00	0.00e+00
 6.25669e+13	1.80e-23	3.50e-17	8.92e-12	2.63e-07	4.64e-04	1.00e+00	0.00e+00	0.00e+00
 6.44184e+13	2.37e-23	4.38e-17	1.06e-11	2.95e-07	4.92e-04	1.00e+00	0.00e+00	0.00e+00
 6.64026e+13	3.12e-23	5.49e-17	1.27e-11	3.32e-07	5.23e-04	9.99e-01	0.00e+00	0.00e+00
 6.88895e+13	4.27e-23	7.15e-17	1.57e-11	3.85e-07	5.63e-04	9.99e-01	0.00e+00	0.00e+00
 7.14546e+13	6.08e-23	9.49e-17	1.95e-11	4.44e-07	6.06e-04	9.99e-01	0.00e+00	0.00e+00
 7.37200e+13	7.85e-23	1.18e-16	2.35e-11	5.03e-07	6.46e-04	9.99e-01	0.00e+00	0.00e+00
 7.61715e+13	1.06e-22	1.51e-16	2.85e-11	5.73e-07	6.89e-04	9.99e-01	0.00e+00	0.00e+00
 7.91233e+13	1.48e-22	1.99e-16	3.56e-11	6.66e-07	7.44e-04	9.99e-01	0.00e+00	0.00e+00
 8.20445e+13	2.09e-22	2.63e-16	4.41e-11	7.69e-07	8.00e-04	9.99e-01	0.00e+00	0.00e+00
 8.46463e+13	2.71e-22	3.28e-16	5.30e-11	8.70e-07	8.53e-04	9.99e-01	0.00e+00	0.00e+00
 8.75133e+13	3.69e-22	4.22e-16	6.46e-11	9.93e-07	9.12e-04	9.99e-01	0.00e+00	0.00e+00
 9.09315e+13	5.09e-22	5.54e-16	8.09e-11	1.16e-06	9.87e-04	9.99e-01	0.00e+00	0.00e+00
 9.43201e+13	7.14e-22	7.31e-16	1.00e-10	1.34e-06	1.06e-03	9.99e-01	0.00e+00	0.00e+00
 9.74139e+13	9.29e-22	9.14e-16	1.21e-10	1.52e-06	1.14e-03	9.99e-01	0.00e+00	0.00e+00
 1.00871e+14	1.26e-21	1.18e-15	1.49e-10	1.75e-06	1.22e-03	9.99e-01	0.00e+00	0.00e+00
 1.04896e+14	1.77e-21	1.57e-15	1.88e-10	2.04e-06	1.32e-03	9.99e-01	0.00e+00	0.00e+00
 1.08844e+14	2.46e-21	2.06e-15	2.33e-10	2.36e-06	1.43e-03	9.99e-01	0.00e+00	0.00e+00
 1.12567e+14	3.23e-21	2.59e-15	2.84e-10	2.70e-06	1.53e-03	9.98e-01	0.00e+00	0.00e+00
 1.16717e+14	4.42e-21	3.37e-15	3.51e-10	3.12e-06	1.65e-03	9.98e-01	0.00e+00	0.00e+00
 1.21415e+14	6.14e-21	4.46e-15	4.43e-10	3.66e-06	1.79e-03	9.98e-01	0.00e+00	0.00e+00
 1.26091e+14	8.46e-21	5.84e-15	5.53e-10	4.25e-06	1.94e-03	9.98e-01	0.00e+00	0.00e+00
 1.30601e+14	1.12e-20	7.43e-15	6.79e-10	4.89e-06	2.09e-03	9.98e-01	0.00e+00	0.00e+00
 1.34522e+14	1.43e-20	9.17e-15	8.07e-10	5.50e-06	2.22e-03	9.98e-01	0.00e+00	0.00e+00
 1.37791e+14	1.76e-20	1.09e-14	9.29e-10	6.06e-06	2.34e-03	9.98e-01	0.00e+00	0.00e+00
 1.41425e+14	2.18e-20	1.31e-14	1.08e-09	6.72e-06	2.47e-03	9.98e-01	0.00e+00	0.00e+00
 1.46148e+14	2.83e-20	1.64e-14	1.31e-09	7.66e-06	2.65e-03	9.97e-01	0.00e+00	0.00e+00
 1.51118e+14	3.72e-20	2.07e-14	1.59e-09	8.76e-06	2.85e-03	9.97e-01	0.00e+00	0.00e+00
 1.55396e+14	4.69e-20	2.52e-14	1.88e-09	9.79e-06	3.02e-03	9.97e-01	0.00e+00	0.00e+00
 1.59945e+14	5.85e-20	3.05e-14	2.22e-09	1.10e-05	3.22e-03	9.97e-01	0.00e+00	0.00e+00
 1.65782e+14	7.79e-20	3.91e-14	2.73e-09	1.27e-05	3.48e-03	9.97e-01	0.00e+00	0.00e+00
 1.71798e+14	1.04e-19	5.02e-14	3.37e-09	1.46e-05	3.76e-03	9.96e-01	0.00e+00	0.00e+00
 1.76925e+14	1.31e-19	6.13e-14	4.00e-09	1.64e-05	4.01e-03	9.96e-01	0.00e+00	0.00e+00
 1.82391e+14	1.67e-19	7.55e-14	4.77e-09	1.86e-05	4.28e-03	9.96e-01	0.00e+00	0.00e+00
 1.89205e+14	2.22e-19	9.69e-14	5.91e-09	2.15e-05	4.65e-03	9.95e-01	0.00e+00	0.00e+00
 1.96190e+14	2.97e-19	1.24e-13	7.30e-09	2.48e-05	5.03e-03	9.95e-01	0.00e+00	0.00e+00
 2.02345e+14	3.80e-19	1.54e-13	8.75e-09	2.81e-05	5.39e-03	9.95e-01	0.00e+00	0.00e+00
 2.09006e+14	4.87e-19	1.91e-13	1.06e-08	3.20e-05	5.78e-03	9.94e-01	0.00e+00	0.00e+00
 2.17040e+14	6.58e-19	2.48e-13	1.32e-08	3.72e-05	6.29e-03	9.94e-01	0.00e+00	0.00e+00
 2.25011e+14	8.74e-19	3.18e-13	1.63e-08	4.29e-05	6.82e-03	9.93e-01	0.00e+00	0.00e+00
 2.32105e+14	1.12e-18	3.94e-13	1.95e-08	4.85e-05	7.30e-03	9.93e-01	0.00e+00	0.00e+00
 2.39913e+14	1.45e-18	4.94e-13	2.37e-08	5.54e-05	7.86e-03	9.92e-01	0.00e+00	0.00e+00
 2.49227e+14	1.97e-18	6.44e-13	2.97e-08	6.45e-05	8.55e-03	9.91e-01	0.00e+00	0.00e+00
 2.58496e+14	2.64e-18	8.30e-13	3.68e-08	7.46e-05	9.28e-03	9.91e-01	0.00e+00	0.00e+00
 2.66987e+14	3.40e-18	1.04e-12	4.45e-08	8.48e-05	9.98e-03	9.90e-01	0.00e+00	0.00e+00
 2.76473e+14	4.46e-18	1.31e-12	5.47e-08	9.75e-05	1.08e-02	9.89e-01	0.00e+00	0.00e+00
 2.87486e+14	6.21e-18	1.74e-12	6.90e-08	1.14e-04	1.18e-02	9.88e-01	0.00e+00	0.00e+00
 2.98290e+14	8.37e-18	2.26e-12	8.59e-08	1.32e-04	1.28e-02	9.87e-01	0.00e+00	0.00e+00
 3.08551e+14	1.09e-17	2.84e-12	1.05e-07	1.51e-04	1.37e-02	9.86e-01	0.00e+00	0.00e+00
 3.19946e+14	1.50e-17	3.72e-12	1.30e-07	1.74e-04	1.49e-02	9.85e-01	0.00e+00	0.00e+00
 3.30699e+14	1.93e-17	4.65e-12	1.59e-07	1.99e-04	1.60e-02	9.84e-01	0.00e+00	0.00e+00
 3.38751e+14	2.42e-17	5.61e-12	1.83e-07	2.19e-04	1.69e-02	9.83e-01	0.00e+00	0.00e+00
 3.47000e+14	2.95e-17	6.66e-12	2.12e-07	2.40e-04	1.78e-02	9.82e-01	0.00e+00	0.00e+00
 3.57723e+14	3.81e-17	8.29e-12	2.54e-07	2.71e-04	1.91e-02	9.81e-01	0.00e+00	0.00e+00
 3.69327e+14	4.88e-17	1.03e-11	3.08e-07	3.08e-04	2.04e-02	9.79e-01	0.00e+00	0.00e+00
 3.79796e+14	6.22e-17	1.27e-11	3.64e-07	3.44e-04	2.17e-02	9.78e-01	0.00e+00	0.00e+00
 3.91127e+14	7.98e-17	1.57e-11	4.34e-07	3.87e-04	2.32e-02	9.76e-01	0.00e+00	0.00e+00
 4.05498e+14	1.12e-16	2.07e-11	5.40e-07	4.47e-04	2.51e-02	9.74e-01	0.00e+00	0.00e+00
 4.19967e+14	2.29e-16	2.64e-11	6.67e-07	5.14e-04	2.70e-02	9.72e-01	0.00e+00	0.00e+00
 4.32165e+14	2.07e-16	3.28e-11	7.93e-07	5.76e-04	2.88e-02	9.71e-01	0.00e+00	0.00e+00
 4.45260e+14	2.70e-16	4.09e-11	9.50e-07	6.48e-04	3.07e-02	9.69e-01	0.00e+00	0.00e+00
 4.61730e+14	3.81e-16	5.42e-11	1.18e-06	7.49e-04	3.32e-02	9.66e-01	0.00e+00	0.00e+00
 4.78949e+14	5.17e-16	7.03e-11	1.48e-06	8.66e-04	3.59e-02	9.63e-01	0.00e+00	0.00e+00
 4.94435e+14	6.91e-16	8.95e-11	1.79e-06	9.82e-04	3.84e-02	9.61e-01	0.00e+00	0.00e+00
 5.11307e+14	9.35e-16	1.15e-10	2.19e-06	1.12e-03	4.13e-02	9.58e-01	0.00e+00	0.00e+00
 5.31275e+14	1.38e-15	1.57e-10	2.77e-06	1.31e-03	4.48e-02	9.54e-01	0.00e+00	0.00e+00
 5.50895e+14	1.93e-15	2.06e-10	3.45e-06	1.51e-03	4.83e-02	9.50e-01	0.00e+00	0.00e+00
 5.68794e+14	2.59e-15	2.63e-10	4.19e-06	1.71e-03	5.17e-02	9.47e-01	0.00e+00	0.00e+00
 5.88829e+14	3.54e-15	3.42e-10	5.17e-06	1.96e-03	5.56e-02	9.42e-01	0.00e+00	0.00e+00
 6.12171e+14	5.13e-15	4.62e-10	6.55e-06	2.29e-03	6.03e-02	9.37e-01	0.00e+00	0.00e+00
 6.35171e+14	7.27e-15	6.14e-10	8.19e-06	2.65e-03	6.50e-02	9.32e-01	0.00e+00	0.00e+00
 6.57023e+14	1.00e-14	7.97e-10	1.01e-05	3.02e-03	6.97e-02	9.27e-01	0.00e+00	0.00e+00
 6.81266e+14	1.39e-14	1.05e-09	1.25e-05	3.48e-03	7.50e-02	9.21e-01	0.00e+00	0.00e+00
 7.08547e+14	2.05e-14	1.43e-09	1.59e-05	4.07e-03	8.13e-02	9.15e-01	0.00e+00	0.00e+00
 7.31533e+14	2.78e-14	1.83e-09	1.93e-05	4.61e-03	8.66e-02	9.09e-01	0.00e+00	0.00e+00
 7.48215e+14	3.45e-14	2.18e-09	2.21e-05	5.03e-03	9.06e-02	9.04e-01	0.00e+00	0.00e+00
 7.65703e+14	4.30e-14	2.61e-09	2.54e-05	5.50e-03	9.49e-02	9.00e-01	0.00e+00	0.00e+00
 7.88439e+14	5.48e-14	3.21e-09	3.02e-05	6.16e-03	1.00e-01	8.93e-01	0.00e+00	0.00e+00
 8.13770e+14	7.69e-14	4.19e-09	3.66e-05	6.97e-03	1.07e-01	8.86e-01	0.00e+00	0.00e+00
 8.37364e+14	1.01e-13	5.23e-09	4.34e-05	7.79e-03	1.13e-01	8.79e-01	0.00e+00	0.00e+00
 8.62924e+14	1.30e-13	6.48e-09	5.19e-05	8.74e-03	1.20e-01	8.72e-01	0.00e+00	0.00e+00
 8.91804e+14	1.86e-13	8.54e-09	6.33e-05	9.92e-03	1.27e-01	8.63e-01	0.00e+00	0.00e+00
 9.19308e+14	2.47e-13	1.08e-08	7.58e-05	1.11e-02	1.35e-01	8.54e-01	0.00e+00	0.00e+00
 9.49370e+14	3.26e-13	1.36e-08	9.16e-05	1.26e-02	1.43e-01	8.44e-01	0.00e+00	0.00e+00
 9.83117e+14	4.77e-13	1.82e-08	1.13e-04	1.44e-02	1.53e-01	8.33e-01	0.00e+00	0.00e+00
 1.01504e+15	6.41e-13	2.32e-08	1.36e-04	1.62e-02	1.62e-01	8.22e-01	0.00e+00	0.00e+00
 1.04992e+15	8.59e-13	2.96e-08	1.66e-04	1.84e-02	1.72e-01	8.10e-01	0.00e+00	0.00e+00
 1.08894e+15	1.28e-12	4.02e-08	2.06e-04	2.11e-02	1.83e-01	7.95e-01	0.00e+00	0.00e+00
 1.12518e+15	1.73e-12	5.15e-08	2.49e-04	2.38e-02	1.94e-01	7.82e-01	0.00e+00	0.00e+00
 1.16413e+15	2.32e-12	6.58e-08	3.04e-04	2.69e-02	2.05e-01	7.68e-01	0.00e+00	0.00e+00
 1.20803e+15	3.46e-12	8.95e-08	3.77e-04	3.08e-02	2.18e-01	7.51e-01	0.00e+00	0.00e+00
 1.24930e+15	4.70e-12	1.15e-07	4.57e-04	3.48e-02	2.30e-01	7.35e-01	0.00e+00	0.00e+00
 1.29389e+15	6.35e-12	1.48e-07	5.58e-04	3.94e-02	2.43e-01	7.17e-01	0.00e+00	0.00e+00
 1.34406e+15	9.56e-12	2.02e-07	6.95e-04	4.51e-02	2.58e-01	6.96e-01	0.00e+00	0.00e+00
 1.38932e+15	1.29e-11	2.58e-07	8.37e-04	5.06e-02	2.71e-01	6.78e-01	0.00e+00	0.00e+00
 1.42949e+15	1.65e-11	3.16e-07	9.81e-04	5.58e-02	2.82e-01	6.62e-01	0.00e+00	0.00e+00
 1.47522e+15	2.20e-11	4.00e-07	1.17e-03	6.20e-02	2.94e-01	6.43e-01	0.00e+00	0.00e+00
 1.53111e+15	3.27e-11	5.42e-07	1.44e-03	7.05e-02	3.10e-01	6.18e-01	0.00e+00	0.00e+00
 1.58666e+15	4.55e-11	7.07e-07	1.76e-03	7.92e-02	3.24e-01	5.95e-01	0.00e+00	0.00e+00
 1.63071e+15	5.85e-11	8.65e-07	2.04e-03	8.66e-02	3.34e-01	5.77e-01	0.00e+00	0.00e+00
 1.67336e+15	7.44e-11	1.05e-06	2.34e-03	9.40e-02	3.45e-01	5.59e-01	0.00e+00	0.00e+00
 1.72881e+15	9.63e-11	1.30e-06	2.78e-03	1.04e-01	3.56e-01	5.37e-01	0.00e+00	0.00e+00
 1.78847e+15	1.37e-10	1.71e-06	3.35e-03	1.16e-01	3.70e-01	5.11e-01	0.00e+00	0.00e+00
 1.83796e+15	1.74e-10	2.07e-06	3.86e-03	1.26e-01	3.79e-01	4.92e-01	0.00e+00	0.00e+00
 1.88662e+15	2.15e-10	2.47e-06	4.42e-03	1.36e-01	3.87e-01	4.72e-01	0.00e+00	0.00e+00
 1.94987e+15	3.02e-10	3.20e-06	5.27e-03	1.50e-01	3.98e-01	4.47e-01	0.00e+00	0.00e+00
 2.01447e+15	3.86e-10	3.93e-06	6.19e-03	1.64e-01	4.07e-01	4.23e-01	0.00e+00	0.00e+00
 2.06908e+15	5.13e-10	4.89e-06	7.13e-03	1.77e-01	4.15e-01	4.01e-01	0.00e+00	0.00e+00
 2.12833e+15	6.61e-10	5.97e-06	8.21e-03	1.91e-01	4.21e-01	3.80e-01	0.00e+00	0.00e+00
 2.20508e+15	8.61e-10	7.44e-06	9.75e-03	2.09e-01	4.28e-01	3.54e-01	0.00e+00	0.00e+00
 2.28421e+15	1.24e-09	9.80e-06	1.16e-02	2.29e-01	4.34e-01	3.26e-01	0.00e+00	0.00e+00
 2.34920e+15	1.56e-09	1.18e-05	1.33e-02	2.45e-01	4.36e-01	3.06e-01	0.00e+00	0.00e+00
 2.41615e+15	1.94e-09	1.41e-05	1.52e-02	2.61e-01	4.38e-01	2.86e-01	0.00e+00	0.00e+00
 2.50308e+15	2.77e-09	1.85e-05	1.80e-02	2.84e-01	4.39e-01	2.59e-01	0.00e+00	0.00e+00
 2.58923e+15	3.64e-09	2.30e-05	2.10e-02	3.05e-01	4.37e-01	2.37e-01	0.00e+00	0.00e+00
 2.65747e+15	4.44e-09	2.70e-05	2.37e-02	3.22e-01	4.35e-01	2.20e-01	0.00e+00	0.00e+00
 2.72921e+15	5.58e-09	3.23e-05	2.67e-02	3.40e-01	4.31e-01	2.02e-01	0.00e+00	0.00e+00
 2.82248e+15	7.83e-09	4.17e-05	3.13e-02	3.63e-01	4.25e-01	1.81e-01	0.00e+00	0.00e+00
 2.91421e+15	1.02e-08	5.11e-05	3.59e-02	3.84e-01	4.18e-01	1.62e-01	0.00e+00	0.00e+00
 2.98586e+15	1.22e-08	5.93e-05	3.99e-02	4.00e-01	4.11e-01	1.49e-01	0.00e+00	0.00e+00
 3.05032e+15	1.47e-08	6.85e-05	4.38e-02	4.15e-01	4.04e-01	1.38e-01	0.00e+00	0.00e+00
 3.12351e+15	1.81e-08	8.02e-05	4.86e-02	4.31e-01	3.95e-01	1.26e-01	0.00e+00	0.00e+00
 3.20242e+15	2.35e-08	9.74e-05	5.44e-02	4.48e-01	3.85e-01	1.13e-01	0.00e+00	0.00e+00
 3.27689e+15	2.88e-08	1.14e-04	6.00e-02	4.63e-01	3.75e-01	1.02e-01	0.00e+00	0.00e+00
 3.34790e+15	3.44e-08	1.30e-04	6.56e-02	4.76e-01	3.65e-01	9.34e-02	0.00e+00	0.00e+00
 3.42630e+15	4.11e-08	1.50e-04	7.23e-02	4.90e-01	3.53e-01	8.43e-02	0.00e+00	0.00e+00
 3.51442e+15	5.43e-08	1.84e-04	8.09e-02	5.06e-01	3.39e-01	7.41e-02	0.00e+00	0.00e+00
 3.59566e+15	6.57e-08	2.13e-04	8.89e-02	5.18e-01	3.26e-01	6.63e-02	0.00e+00	0.00e+00
 3.66860e+15	7.69e-08	2.41e-04	9.65e-02	5.29e-01	3.15e-01	5.99e-02	0.00e+00	0.00e+00
 3.75025e+15	9.40e-08	2.80e-04	1.06e-01	5.40e-01	3.01e-01	5.32e-02	0.00e+00	0.00e+00
 3.83863e+15	1.24e-07	3.43e-04	1.18e-01	5.50e-01	2.86e-01	4.61e-02	0.00e+00	0.00e+00
 3.91841e+15	1.51e-07	3.97e-04	1.28e-01	5.59e-01	2.72e-01	4.08e-02	0.00e+00	0.00e+00
 3.99199e+15	1.82e-07	4.55e-04	1.39e-01	5.65e-01	2.59e-01	3.63e-02	0.00e+00	0.00e+00
 4.07486e+15	2.25e-07	5.33e-04	1.52e-01	5.71e-01	2.45e-01	3.16e-02	0.00e+00	0.00e+00
 4.16596e+15	2.67e-07	6.09e-04	1.66e-01	5.76e-01	2.30e-01	2.75e-02	0.00e+00	0.00e+00
 4.25364e+15	3.54e-07	7.46e-04	1.83e-01	5.79e-01	2.14e-01	2.32e-02	0.00e+00	0.00e+00
 4.32537e+15	4.23e-07	8.49e-04	1.97e-01	5.80e-01	2.02e-01	2.05e-02	0.00e+00	0.00e+00
 4.38167e+15	4.90e-07	9.46e-04	2.08e-01	5.80e-01	1.92e-01	1.84e-02	0.00e+00	0.00e+00
 4.44604e+15	5.86e-07	1.08e-03	2.23e-01	5.79e-01	1.81e-01	1.62e-02	0.00e+00	0.00e+00
 4.51857e+15	6.68e-07	1.19e-03	2.38e-01	5.77e-01	1.69e-01	1.42e-02	0.00e+00	0.00e+00
 4.60170e+15	8.97e-07	1.47e-03	2.60e-01	5.72e-01	1.54e-01	1.17e-02	0.00e+00	0.00e+00
 4.67010e+15	1.06e-06	1.66e-03	2.78e-01	5.67e-01	1.44e-01	1.02e-02	0.00e+00	0.00e+00
 4.70841e+15	1.18e-06	1.79e-03	2.88e-01	5.63e-01	1.38e-01	9.31e-03	0.00e+00	0.00e+00
 4.74726e+15	1.32e-06	1.95e-03	3.00e-01	5.59e-01	1.31e-01	8.48e-03	0.00e+00	0.00e+00
 4.79776e+15	1.46e-06	2.10e-03	3.14e-01	5.53e-01	1.23e-01	7.58e-03	0.00e+00	0.00e+00
 4.86341e+15	1.89e-06	2.51e-03	3.36e-01	5.43e-01	1.12e-01	6.28e-03	0.00e+00	0.00e+00
 4.92016e+15	2.17e-06	2.78e-03	3.54e-01	5.34e-01	1.04e-01	5.47e-03	0.00e+00	0.00e+00
 4.95789e+15	2.38e-06	2.98e-03	3.66e-01	5.28e-01	9.85e-02	4.95e-03	0.00e+00	0.00e+00
 4.99949e+15	2.70e-06	3.26e-03	3.81e-01	5.19e-01	9.23e-02	4.39e-03	0.00e+00	0.00e+00
 5.05357e+15	3.40e-06	3.82e-03	4.03e-01	5.06e-01	8.37e-02	3.64e-03	0.00e+00	0.00e+00
 5.10204e+15	3.88e-06	4.21e-03	4.20e-01	4.95e-01	7.73e-02	3.16e-03	0.00e+00	0.00e+00
 5.13736e+15	4.26e-06	4.50e-03	4.33e-01	4.87e-01	7.25e-02	2.83e-03	0.00e+00	0.00e+00
 5.17743e+15	4.86e-06	4.95e-03	4.49e-01	4.76e-01	6.70e-02	2.46e-03	0.00e+00	0.00e+00
 5.22953e+15	6.18e-06	5.83e-03	4.73e-01	4.59e-01	5.96e-02	1.98e-03	0.00e+00	0.00e+00
 5.27557e+15	7.11e-06	6.45e-03	4.91e-01	4.46e-01	5.42e-02	1.68e-03	0.00e+00	0.00e+00
 5.30753e+15	7.80e-06	6.89e-03	5.04e-01	4.37e-01	5.05e-02	1.48e-03	0.00e+00	0.00e+00
 5.34285e+15	8.88e-06	7.54e-03	5.20e-01	4.25e-01	4.63e-02	1.27e-03	0.00e+00	0.00e+00
 5.38875e+15	1.11e-05	8.80e-03	5.42e-01	4.08e-01	4.07e-02	1.01e-03	0.00e+00	0.00e+00
 5.43090e+15	1.24e-05	9.52e-03	5.58e-01	3.95e-01	3.67e-02	8.50e-04	0.00e+00	0.00e+00
 5.46818e+15	1.52e-05	1.09e-02	5.77e-01	3.79e-01	3.26e-02	6.85e-04	0.00e+00	0.00e+00
 5.50468e+15	1.75e-05	1.21e-02	5.93e-01	3.66e-01	2.92e-02	5.68e-04	0.00e+00	0.00e+00
 5.53546e+15	1.98e-05	1.31e-02	6.06e-01	3.54e-01	2.65e-02	4.82e-04	0.00e+00	0.00e+00
 5.57075e+15	2.32e-05	1.46e-02	6.22e-01	3.40e-01	2.35e-02	3.89e-04	0.00e+00	0.00e+00
 5.60931e+15	2.70e-05	1.62e-02	6.37e-01	3.25e-01	2.06e-02	3.10e-04	0.00e+00	0.00e+00
 5.63915e+15	3.05e-05	1.76e-02	6.49e-01	3.14e-01	1.85e-02	2.60e-04	0.00e+00	0.00e+00
 5.65938e+15	3.33e-05	1.87e-02	6.57e-01	3.07e-01	1.72e-02	2.28e-04	0.00e+00	0.00e+00
 5.68006e+15	3.58e-05	1.97e-02	6.65e-01	2.99e-01	1.59e-02	2.00e-04	0.00e+00	0.00e+00
 5.70694e+15	4.12e-05	2.16e-02	6.76e-01	2.88e-01	1.42e-02	1.64e-04	0.00e+00	0.00e+00
 5.73325e+15	4.59e-05	2.33e-02	6.86e-01	2.78e-01	1.28e-02	1.38e-04	0.00e+00	0.00e+00
 5.75509e+15	5.04e-05	2.48e-02	6.93e-01	2.70e-01	1.17e-02	1.18e-04	0.00e+00	0.00e+00
 5.77975e+15	5.63e-05	2.67e-02	7.02e-01	2.61e-01	1.05e-02	9.78e-05	0.00e+00	0.00e+00
 5.80743e+15	6.35e-05	2.89e-02	7.11e-01	2.50e-01	9.30e-03	7.96e-05	0.00e+00	0.00e+00
 5.83360e+15	7.11e-05	3.12e-02	7.19e-01	2.41e-01	8.27e-03	6.52e-05	0.00e+00	0.00e+00
 5.85804e+15	7.88e-05	3.35e-02	7.27e-01	2.32e-01	7.40e-03	5.39e-05	0.00e+00	0.00e+00
 5.88565e+15	8.91e-05	3.63e-02	7.34e-01	2.23e-01	6.48e-03	4.30e-05	0.00e+00	0.00e+00
 5.91552e+15	1.01e-04	3.95e-02	7.42e-01	2.13e-01	5.63e-03	3.38e-05	0.00e+00	0.00e+00
 5.94206e+15	1.13e-04	4.25e-02	7.49e-01	2.04e-01	4.95e-03	2.72e-05	0.00e+00	0.00e+00
 5.97031e+15	1.28e-04	4.61e-02	7.55e-01	1.95e-01	4.29e-03	2.13e-05	0.00e+00	0.00e+00
 6.00102e+15	1.45e-04	5.02e-02	7.61e-01	1.85e-01	3.67e-03	1.64e-05	0.00e+00	0.00e+00
 6.02877e+15	1.63e-04	5.42e-02	7.66e-01	1.76e-01	3.19e-03	1.29e-05	0.00e+00	0.00e+00
 6.05460e+15	1.82e-04	5.81e-02	7.70e-01	1.69e-01	2.79e-03	1.03e-05	0.00e+00	0.00e+00
 6.08414e+15	2.06e-04	6.31e-02	7.74e-01	1.60e-01	2.37e-03	7.86e-06	0.00e+00	0.00e+00
 6.11653e+15	2.36e-04	6.88e-02	7.78e-01	1.51e-01	2.00e-03	5.88e-06	0.00e+00	0.00e+00
 6.14574e+15	2.67e-04	7.45e-02	7.81e-01	1.43e-01	1.70e-03	4.51e-06	0.00e+00	0.00e+00
 6.17261e+15	2.98e-04	8.01e-02	7.83e-01	1.36e-01	1.47e-03	3.51e-06	0.00e+00	0.00e+00
 6.20335e+15	3.40e-04	8.70e-02	7.84e-01	1.27e-01	1.23e-03	2.62e-06	0.00e+00	0.00e+00
 6.23708e+15	3.90e-04	9.52e-02	7.84e-01	1.19e-01	1.02e-03	1.91e-06	0.00e+00	0.00e+00
 6.26746e+15	4.44e-04	1.03e-01	7.84e-01	1.12e-01	8.52e-04	1.43e-06	0.00e+00	0.00e+00
 6.29519e+15	4.99e-04	1.11e-01	7.83e-01	1.05e-01	7.24e-04	1.09e-06	0.00e+00	0.00e+00
 6.32672e+15	5.72e-04	1.21e-01	7.80e-01	9.76e-02	5.97e-04	7.94e-07	0.00e+00	0.00e+00
 6.36134e+15	6.62e-04	1.33e-01	7.76e-01	8.99e-02	4.83e-04	0.00e+00	0.00e+00	0.00e+00
 6.39259e+15	7.58e-04	1.45e-01	7.71e-01	8.32e-02	3.98e-04	0.00e+00	0.00e+00	0.00e+00
 6.42104e+15	8.58e-04	1.56e-01	7.65e-01	7.73e-02	3.32e-04	0.00e+00	0.00e+00	0.00e+00
 6.45323e+15	9.89e-04	1.70e-01	7.58e-01	7.08e-02	2.68e-04	0.00e+00	0.00e+00	0.00e+00
 6.48879e+15	1.16e-03	1.88e-01	7.47e-01	6.39e-02	2.11e-04	0.00e+00	0.00e+00	0.00e+00
 6.52116e+15	1.34e-03	2.05e-01	7.35e-01	5.79e-02	1.69e-04	0.00e+00	0.00e+00	0.00e+00
 6.55075e+15	1.54e-03	2.23e-01	7.23e-01	5.27e-02	1.37e-04	0.00e+00	0.00e+00	0.00e+00
 6.58426e+15	1.80e-03	2.44e-01	7.07e-01	4.70e-02	1.07e-04	0.00e+00	0.00e+00	0.00e+00
 6.62152e+15	2.14e-03	2.71e-01	6.86e-01	4.11e-02	8.07e-05	0.00e+00	0.00e+00	0.00e+00
 6.65603e+15	2.53e-03	2.98e-01	6.63e-01	3.59e-02	6.15e-05	0.00e+00	0.00e+00	0.00e+00
 6.68825e+15	2.96e-03	3.26e-01	6.40e-01	3.14e-02	4.72e-05	0.00e+00	0.00e+00	0.00e+00
 6.72508e+15	3.55e-03	3.61e-01	6.09e-01	2.65e-02	3.42e-05	0.00e+00	0.00e+00	0.00e+00
 6.76513e+15	4.34e-03	4.02e-01	5.72e-01	2.17e-02	2.37e-05	0.00e+00	0.00e+00	0.00e+00
 6.80016e+15	5.19e-03	4.42e-01	5.35e-01	1.79e-02	1.68e-05	0.00e+00	0.00e+00	0.00e+00
 6.83045e+15	6.08e-03	4.79e-01	5.00e-01	1.49e-02	1.22e-05	0.00e+00	0.00e+00	0.00e+00
 6.86381e+15	7.23e-03	5.22e-01	4.59e-01	1.20e-02	8.40e-06	0.00e+00	0.00e+00	0.00e+00
 6.90039e+15	8.77e-03	5.71e-01	4.11e-01	9.17e-03	5.43e-06	0.00e+00	0.00e+00	0.00e+00
 6.93295e+15	1.05e-02	6.17e-01	3.65e-01	7.02e-03	3.56e-06	0.00e+00	0.00e+00	0.00e+00
 6.96143e+15	1.23e-02	6.58e-01	3.25e-01	5.42e-03	2.38e-06	0.00e+00	0.00e+00	0.00e+00
 6.98606e+15	1.40e-02	6.92e-01	2.90e-01	4.26e-03	1.65e-06	0.00e+00	0.00e+00	0.00e+00
 7.00704e+15	1.58e-02	7.21e-01	2.59e-01	3.40e-03	1.18e-06	0.00e+00	0.00e+00	0.00e+00
 7.03002e+15	1.80e-02	7.52e-01	2.28e-01	2.61e-03	7.94e-07	0.00e+00	0.00e+00	0.00e+00
 7.05446e+15	2.07e-02	7.83e-01	1.95e-01	1.92e-03	0.00e+00	0.00e+00	0.00e+00	0.00e+00
 7.07487e+15	2.33e-02	8.07e-01	1.69e-01	1.46e-03	0.00e+00	0.00e+00	0.00e+00	0.00e+00
 7.09193e+15	2.57e-02	8.25e-01	1.48e-01	1.15e-03	0.00e+00	0.00e+00	0.00e+00	0.00e+00
 7.11058e+15	2.87e-02	8.43e-01	1.28e-01	8.62e-04	0.00e+00	0.00e+00	0.00e+00	0.00e+00
 7.13102e+15	3.25e-02	8.60e-01	1.07e-01	6.20e-04	0.00e+00	0.00e+00	0.00e+00	0.00e+00
 7.14908e+15	3.64e-02	8.73e-01	8.97e-02	4.52e-04	0.00e+00	0.00e+00	0.00e+00	0.00e+00
 7.16451e+15	4.01e-02	8.83e-01	7.67e-02	3.41e-04	0.00e+00	0.00e+00	0.00e+00	0.00e+00
 7.18122e+15	4.46e-02	8.91e-01	6.41e-02	2.47e-04	0.00e+00	0.00e+00	0.00e+00	0.00e+00
 7.19960e+15	5.03e-02	8.97e-01	5.20e-02	1.70e-04	0.00e+00	0.00e+00	0.00e+00	0.00e+00
 7.21591e+15	5.62e-02	9.01e-01	4.26e-02	1.19e-04	0.00e+00	0.00e+00	0.00e+00	0.00e+00
 7.22992e+15	6.19e-02	9.02e-01	3.56e-02	8.72e-05	0.00e+00	0.00e+00	0.00e+00	0.00e+00
 7.24517e+15	6.89e-02	9.02e-01	2.90e-02	6.06e-05	0.00e+00	0.00e+00	0.00e+00	0.00e+00
 7.26206e+15	7.75e-02	9.00e-01	2.29e-02	4.01e-05	0.00e+00	0.00e+00	0.00e+00	0.00e+00
 7.27768e+15	8.72e-02	8.95e-01	1.81e-02	2.68e-05	0.00e+00	0.00e+00	0.00e+00	0.00e+00
 7.29191e+15	9.68e-02	8.89e-01	1.45e-02	1.82e-05	0.00e+00	0.00e+00	0.00e+00	0.00e+00
 7.30626e+15	1.08e-01	8.81e-01	1.15e-02	1.22e-05	0.00e+00	0.00e+00	0.00e+00	0.00e+00
 7.32091e+15	1.20e-01	8.71e-01	9.01e-03	7.98e-06	0.00e+00	0.00e+00	0.00e+00	0.00e+00
 7.33427e+15	1.33e-01	8.60e-01	7.13e-03	5.33e-06	0.00e+00	0.00e+00	0.00e+00	0.00e+00
 7.34612e+15	1.46e-01	8.49e-01	5.76e-03	3.70e-06	0.00e+00	0.00e+00	0.00e+00	0.00e+00
 7.35666e+15	1.58e-01	8.38e-01	4.75e-03	2.65e-06	0.00e+00	0.00e+00	0.00e+00	0.00e+00
 7.36617e+15	1.69e-01	8.27e-01	3.96e-03	1.95e-06	0.00e+00	0.00e+00	0.00e+00	0.00e+00
 7.37546e+15	1.81e-01	8.16e-01	3.31e-03	1.43e-06	0.00e+00	0.00e+00	0.00e+00	0.00e+00
 7.38282e+15	1.90e-01	8.07e-01	2.88e-03	1.13e-06	0.00e+00	0.00e+00	0.00e+00	0.00e+00
 7.38755e+15	1.97e-01	8.00e-01	2.62e-03	9.64e-07	0.00e+00	0.00e+00	0.00e+00	0.00e+00
 7.39188e+15	2.03e-01	7.94e-01	2.40e-03	0.00e+00	0.00e+00	0.00e+00	0.00e+00	0.00e+00
 7.39696e+15	2.11e-01	7.87e-01	2.17e-03	0.00e+00	0.00e+00	0.00e+00	0.00e+00	0.00e+00
 7.40250e+15	2.19e-01	7.79e-01	1.93e-03	0.00e+00	0.00e+00	0.00e+00	0.00e+00	0.00e+00
 7.40786e+15	2.27e-01	7.71e-01	1.73e-03	0.00e+00	0.00e+00	0.00e+00	0.00e+00	0.00e+00
 7.41294e+15	2.35e-01	7.63e-01	1.56e-03	0.00e+00	0.00e+00	0.00e+00	0.00e+00	0.00e+00
 7.41801e+15	2.43e-01	7.55e-01	1.40e-03	0.00e+00	0.00e+00	0.00e+00	0.00e+00	0.00e+00
 7.42309e+15	2.52e-01	7.47e-01	1.26e-03	0.00e+00	0.00e+00	0.00e+00	0.00e+00	0.00e+00
 7.42819e+15	2.60e-01	7.39e-01	1.13e-03	0.00e+00	0.00e+00	0.00e+00	0.00e+00	0.00e+00
 7.43322e+15	2.69e-01	7.30e-01	1.01e-03	0.00e+00	0.00e+00	0.00e+00	0.00e+00	0.00e+00
 7.43825e+15	2.78e-01	7.21e-01	9.07e-04	0.00e+00	0.00e+00	0.00e+00	0.00e+00	0.00e+00
 7.44332e+15	2.87e-01	7.13e-01	8.12e-04	0.00e+00	0.00e+00	0.00e+00	0.00e+00	0.00e+00
 7.44826e+15	2.96e-01	7.04e-01	7.28e-04	0.00e+00	0.00e+00	0.00e+00	0.00e+00	0.00e+00
 7.45314e+15	3.04e-01	6.95e-01	6.53e-04	0.00e+00	0.00e+00	0.00e+00	0.00e+00	0.00e+00
 7.45813e+15	3.14e-01	6.86e-01	5.84e-04	0.00e+00	0.00e+00	0.00e+00	0.00e+00	0.00e+00
 7.46309e+15	3.23e-01	6.76e-01	5.22e-04	0.00e+00	0.00e+00	0.00e+00	0.00e+00	0.00e+00
 7.46802e+15	3.33e-01	6.67e-01	4.66e-04	0.00e+00	0.00e+00	0.00e+00	0.00e+00	0.00e+00
 7.47298e+15	3.42e-01	6.57e-01	4.16e-04	0.00e+00	0.00e+00	0.00e+00	0.00e+00	0.00e+00
 7.47788e+15	3.52e-01	6.48e-01	3.72e-04	0.00e+00	0.00e+00	0.00e+00	0.00e+00	0.00e+00
 7.48275e+15	3.62e-01	6.38e-01	3.32e-04	0.00e+00	0.00e+00	0.00e+00	0.00e+00	0.00e+00
 7.48767e+15	3.72e-01	6.28e-01	2.97e-04	0.00e+00	0.00e+00	0.00e+00	0.00e+00	0.00e+00
 7.49262e+15	3.82e-01	6.18e-01	2.64e-04	0.00e+00	0.00e+00	0.00e+00	0.00e+00	0.00e+00
 7.49759e+15	3.92e-01	6.08e-01	2.35e-04	0.00e+00	0.00e+00	0.00e+00	0.00e+00	0.00e+00
 7.50253e+15	4.03e-01	5.97e-01	2.09e-04	0.00e+00	0.00e+00	0.00e+00	0.00e+00	0.00e+00
 7.50748e+15	4.14e-01	5.86e-01	1.86e-04	0.00e+00	0.00e+00	0.00e+00	0.00e+00	0.00e+00
 7.51252e+15	4.25e-01	5.75e-01	1.65e-04	0.00e+00	0.00e+00	0.00e+00	0.00e+00	0.00e+00
 7.51759e+15	4.36e-01	5.64e-01	1.47e-04	0.00e+00	0.00e+00	0.00e+00	0.00e+00	0.00e+00
 7.52263e+15	4.48e-01	5.52e-01	1.30e-04	0.00e+00	0.00e+00	0.00e+00	0.00e+00	0.00e+00
 7.52760e+15	4.59e-01	5.41e-01	1.16e-04	0.00e+00	0.00e+00	0.00e+00	0.00e+00	0.00e+00
 7.53255e+15	4.71e-01	5.29e-01	1.03e-04	0.00e+00	0.00e+00	0.00e+00	0.00e+00	0.00e+00
 7.53753e+15	4.83e-01	5.17e-01	9.19e-05	0.00e+00	0.00e+00	0.00e+00	0.00e+00	0.00e+00
 7.54254e+15	4.95e-01	5.05e-01	8.19e-05	0.00e+00	0.00e+00	0.00e+00	0.00e+00	0.00e+00
 7.54758e+15	5.07e-01	4.93e-01	7.29e-05	0.00e+00	0.00e+00	0.00e+00	0.00e+00	0.00e+00
 7.55266e+15	5.20e-01	4.80e-01	6.50e-05	0.00e+00	0.00e+00	0.00e+00	0.00e+00	0.00e+00
 7.55778e+15	5.34e-01	4.66e-01	5.78e-05	0.00e+00	0.00e+00	0.00e+00	0.00e+00	0.00e+00
 7.56295e+15	5.46e-01	4.54e-01	5.16e-05	0.00e+00	0.00e+00	0.00e+00	0.00e+00	0.00e+00
 7.56822e+15	5.60e-01	4.40e-01	4.60e-05	0.00e+00	0.00e+00	0.00e+00	0.00e+00	0.00e+00
 7.57371e+15	5.74e-01	4.26e-01	4.10e-05	0.00e+00	0.00e+00	0.00e+00	0.00e+00	0.00e+00
 7.57935e+15	5.89e-01	4.11e-01	3.64e-05	0.00e+00	0.00e+00	0.00e+00	0.00e+00	0.00e+00
 7.58516e+15	6.02e-01	3.98e-01	3.25e-05	0.00e+00	0.00e+00	0.00e+00	0.00e+00	0.00e+00
 7.59126e+15	6.18e-01	3.82e-01	2.89e-05	0.00e+00	0.00e+00	0.00e+00	0.00e+00	0.00e+00
 7.59770e+15	6.33e-01	3.67e-01	2.56e-05	0.00e+00	0.00e+00	0.00e+00	0.00e+00	0.00e+00
 7.60449e+15	6.48e-01	3.52e-01	2.28e-05	0.00e+00	0.00e+00	0.00e+00	0.00e+00	0.00e+00
 7.61176e+15	6.65e-01	3.35e-01	2.02e-05	0.00e+00	0.00e+00	0.00e+00	0.00e+00	0.00e+00
 7.61960e+15	6.81e-01	3.19e-01	1.79e-05	0.00e+00	0.00e+00	0.00e+00	0.00e+00	0.00e+00
 7.62816e+15	7.00e-01	3.00e-01	1.57e-05	0.00e+00	0.00e+00	0.00e+00	0.00e+00	0.00e+00
 7.63663e+15	7.13e-01	2.86e-01	1.41e-05	0.00e+00	0.00e+00	0.00e+00	0.00e+00	0.00e+00
 7.64469e+15	7.27e-01	2.73e-01	1.28e-05	0.00e+00	0.00e+00	0.00e+00	0.00e+00	0.00e+00
 7.65324e+15	7.39e-01	2.61e-01	1.16e-05	0.00e+00	0.00e+00	0.00e+00	0.00e+00	0.00e+00
 7.66263e+15	7.52e-01	2.48e-01	1.06e-05	0.00e+00	0.00e+00	0.00e+00	0.00e+00	0.00e+00
 7.67283e+15	7.64e-01	2.36e-01	9.61e-06	0.00e+00	0.00e+00	0.00e+00	0.00e+00	0.00e+00
 7.68379e+15	7.76e-01	2.24e-01	8.75e-06	0.00e+00	0.00e+00	0.00e+00	0.00e+00	0.00e+00
 7.69557e+15	7.88e-01	2.12e-01	7.95e-06	0.00e+00	0.00e+00	0.00e+00	0.00e+00	0.00e+00
 7.70849e+15	7.98e-01	2.02e-01	7.27e-06	0.00e+00	0.00e+00	0.00e+00	0.00e+00	0.00e+00
 7.72222e+15	8.10e-01	1.90e-01	6.59e-06	0.00e+00	0.00e+00	0.00e+00	0.00e+00	0.00e+00
 7.73661e+15	8.19e-01	1.81e-01	6.03e-06	0.00e+00	0.00e+00	0.00e+00	0.00e+00	0.00e+00
 7.75163e+15	8.30e-01	1.70e-01	5.46e-06	0.00e+00	0.00e+00	0.00e+00	0.00e+00	0.00e+00
 7.76715e+15	8.38e-01	1.62e-01	4.99e-06	0.00e+00	0.00e+00	0.00e+00	0.00e+00	0.00e+00
 7.78296e+15	8.48e-01	1.52e-01	4.52e-06	0.00e+00	0.00e+00	0.00e+00	0.00e+00	0.00e+00
 7.79902e+15	8.57e-01	1.43e-01	4.12e-06	0.00e+00	0.00e+00	0.00e+00	0.00e+00	0.00e+00
 7.81498e+15	8.66e-01	1.34e-01	3.73e-06	0.00e+00	0.00e+00	0.00e+00	0.00e+00	0.00e+00
 7.83070e+15	8.73e-01	1.27e-01	3.41e-06	0.00e+00	0.00e+00	0.00e+00	0.00e+00	0.00e+00
 7.84625e+15	8.81e-01	1.19e-01	3.09e-06	0.00e+00	0.00e+00	0.00e+00	0.00e+00	0.00e+00
 7.86151e+15	8.88e-01	1.12e-01	2.82e-06	0.00e+00	0.00e+00	0.00e+00	0.00e+00	0.00e+00
 7.87683e+15	8.95e-01	1.05e-01	2.57e-06	0.00e+00	0.00e+00	0.00e+00	0.00e+00	0.00e+00
 7.89203e+15	9.01e-01	9.89e-02	2.34e-06	0.00e+00	0.00e+00	0.00e+00	0.00e+00	0.00e+00
 7.90693e+15	9.07e-01	9.29e-02	2.13e-06	0.00e+00	0.00e+00	0.00e+00	0.00e+00	0.00e+00
 7.92142e+15	9.13e-01	8.74e-02	1.95e-06	0.00e+00	0.00e+00	0.00e+00	0.00e+00	0.00e+00
 7.93553e+15	9.18e-01	8.23e-02	1.78e-06	0.00e+00	0.00e+00	0.00e+00	0.00e+00	0.00e+00
 7.94944e+15	9.23e-01	7.75e-02	1.63e-06	0.00e+00	0.00e+00	0.00e+00	0.00e+00	0.00e+00
 7.96332e+15	9.27e-01	7.29e-02	1.50e-06	0.00e+00	0.00e+00	0.00e+00	0.00e+00	0.00e+00
 7.97708e+15	9.31e-01	6.86e-02	1.37e-06	0.00e+00	0.00e+00	0.00e+00	0.00e+00	0.00e+00
 7.99063e+15	9.35e-01	6.45e-02	1.26e-06	0.00e+00	0.00e+00	0.00e+00	0.00e+00	0.00e+00
 8.00396e+15	9.39e-01	6.08e-02	1.15e-06	0.00e+00	0.00e+00	0.00e+00	0.00e+00	0.00e+00
 8.01712e+15	9.43e-01	5.73e-02	1.06e-06	0.00e+00	0.00e+00	0.00e+00	0.00e+00	0.00e+00
 8.03009e+15	9.46e-01	5.40e-02	9.76e-07	0.00e+00	0.00e+00	0.00e+00	0.00e+00	0.00e+00
 8.04289e+15	9.49e-01	5.10e-02	8.99e-07	0.00e+00	0.00e+00	0.00e+00	0.00e+00	0.00e+00
 8.05561e+15	9.52e-01	4.81e-02	8.28e-07	0.00e+00	0.00e+00	0.00e+00	0.00e+00	0.00e+00
 8.06826e+15	9.55e-01	4.54e-02	7.64e-07	0.00e+00	0.00e+00	0.00e+00	0.00e+00	0.00e+00
 8.08082e+15	9.57e-01	4.29e-02	7.05e-07	0.00e+00	0.00e+00	0.00e+00	0.00e+00	0.00e+00
 8.09326e+15	9.59e-01	4.05e-02	6.51e-07	0.00e+00	0.00e+00	0.00e+00	0.00e+00	0.00e+00
 8.10562e+15	9.62e-01	3.83e-02	6.02e-07	0.00e+00	0.00e+00	0.00e+00	0.00e+00	0.00e+00
 8.11792e+15	9.64e-01	3.62e-02	5.56e-07	0.00e+00	0.00e+00	0.00e+00	0.00e+00	0.00e+00
 8.13018e+15	9.66e-01	3.42e-02	5.15e-07	0.00e+00	0.00e+00	0.00e+00	0.00e+00	0.00e+00
 8.14240e+15	9.68e-01	3.24e-02	4.77e-07	0.00e+00	0.00e+00	0.00e+00	0.00e+00	0.00e+00
 8.15463e+15	9.69e-01	3.07e-02	4.42e-07	0.00e+00	0.00e+00	0.00e+00	0.00e+00	0.00e+00
 8.16687e+15	9.71e-01	2.90e-02	4.09e-07	0.00e+00	0.00e+00	0.00e+00	0.00e+00	0.00e+00
 8.17924e+15	9.73e-01	2.75e-02	3.79e-07	0.00e+00	0.00e+00	0.00e+00	0.00e+00	0.00e+00
 8.19190e+15	9.74e-01	2.60e-02	3.51e-07	0.00e+00	0.00e+00	0.00e+00	0.00e+00	0.00e+00
 8.20486e+15	9.75e-01	2.46e-02	3.24e-07	0.00e+00	0.00e+00	0.00e+00	0.00e+00	0.00e+00
 8.21812e+15	9.77e-01	2.32e-02	2.99e-07	0.00e+00	0.00e+00	0.00e+00	0.00e+00	0.00e+00
 8.23164e+15	9.78e-01	2.19e-02	2.76e-07	0.00e+00	0.00e+00	0.00e+00	0.00e+00	0.00e+00
 8.24533e+15	9.79e-01	2.07e-02	2.55e-07	0.00e+00	0.00e+00	0.00e+00	0.00e+00	0.00e+00
 8.25942e+15	9.81e-01	1.95e-02	2.34e-07	0.00e+00	0.00e+00	0.00e+00	0.00e+00	0.00e+00
 8.27427e+15	9.82e-01	1.83e-02	2.15e-07	0.00e+00	0.00e+00	0.00e+00	0.00e+00	0.00e+00
 8.29009e+15	9.83e-01	1.72e-02	1.97e-07	0.00e+00	0.00e+00	0.00e+00	0.00e+00	0.00e+00
 8.30733e+15	9.84e-01	1.61e-02	1.78e-07	0.00e+00	0.00e+00	0.00e+00	0.00e+00	0.00e+00
 8.32605e+15	9.85e-01	1.50e-02	1.61e-07	0.00e+00	0.00e+00	0.00e+00	0.00e+00	0.00e+00
 8.34677e+15	9.86e-01	1.38e-02	1.44e-07	0.00e+00	0.00e+00	0.00e+00	0.00e+00	0.00e+00
 8.37050e+15	9.87e-01	1.27e-02	1.27e-07	0.00e+00	0.00e+00	0.00e+00	0.00e+00	0.00e+00
 8.39465e+15	9.88e-01	1.17e-02	1.13e-07	0.00e+00	0.00e+00	0.00e+00	0.00e+00	0.00e+00
 8.41663e+15	9.89e-01	1.09e-02	1.02e-07	0.00e+00	0.00e+00	0.00e+00	0.00e+00	0.00e+00
 8.43663e+15	9.90e-01	1.03e-02	9.28e-08	0.00e+00	0.00e+00	0.00e+00	0.00e+00	0.00e+00
 8.45483e+15	9.90e-01	9.73e-03	8.56e-08	0.00e+00	0.00e+00	0.00e+00	0.00e+00	0.00e+00
 8.47139e+15	9.91e-01	9.28e-03	7.97e-08	0.00e+00	0.00e+00	0.00e+00	0.00e+00	0.00e+00
 8.48646e+15	9.91e-01	8.91e-03	7.48e-08	0.00e+00	0.00e+00	0.00e+00	0.00e+00	0.00e+00
 8.50018e+15	9.91e-01	8.59e-03	7.07e-08	0.00e+00	0.00e+00	0.00e+00	0.00e+00	0.00e+00
 8.51521e+15	9.92e-01	8.26e-03	6.64e-08	0.00e+00	0.00e+00	0.00e+00	0.00e+00	0.00e+00
 8.53143e+15	9.92e-01	7.93e-03	6.22e-08	0.00e+00	0.00e+00	0.00e+00	0.00e+00	0.00e+00
