#depth	He	He+	He+2
 1.49634e+10	1.99e-20	1.85e-10	1.00e+00
 4.54887e+10	2.32e-20	2.04e-10	1.00e+00
 7.72350e+10	2.68e-20	2.25e-10	1.00e+00
 1.10251e+11	3.10e-20	2.48e-10	1.00e+00
 1.43689e+11	3.57e-20	2.73e-10	1.00e+00
 1.78464e+11	4.10e-20	3.01e-10	1.00e+00
 2.15530e+11	4.72e-20	3.32e-10	1.00e+00
 2.54078e+11	5.43e-20	3.68e-10	1.00e+00
 2.94167e+11	6.23e-20	4.07e-10	1.00e+00
 3.30485e+11	7.02e-20	4.45e-10	1.00e+00
 3.60839e+11	7.71e-20	4.78e-10	1.00e+00
 3.94131e+11	8.52e-20	5.17e-10	1.00e+00
 4.36171e+11	9.62e-20	5.68e-10	1.00e+00
 4.79977e+11	1.09e-19	6.25e-10	1.00e+00
 5.17271e+11	1.20e-19	6.77e-10	1.00e+00
 5.55705e+11	1.32e-19	7.32e-10	1.00e+00
 6.03941e+11	1.49e-19	8.06e-10	1.00e+00
 6.52893e+11	1.67e-19	8.86e-10	1.00e+00
 6.95057e+11	1.83e-19	9.59e-10	1.00e+00
 7.40420e+11	2.02e-19	1.04e-09	1.00e+00
 7.96345e+11	2.26e-19	1.15e-09	1.00e+00
 8.53595e+11	2.54e-19	1.26e-09	1.00e+00
 9.05398e+11	2.81e-19	1.37e-09	1.00e+00
 9.62524e+11	3.13e-19	1.50e-09	1.00e+00
 1.02967e+12	3.54e-19	1.66e-09	1.00e+00
 1.09678e+12	4.00e-19	1.83e-09	1.00e+00
 1.16072e+12	4.48e-19	2.00e-09	1.00e+00
 1.23122e+12	5.06e-19	2.19e-09	1.00e+00
 1.31039e+12	5.80e-19	2.42e-09	1.00e+00
 1.38167e+12	6.54e-19	2.64e-09	1.00e+00
 1.44054e+12	7.22e-19	2.83e-09	1.00e+00
 1.50485e+12	8.03e-19	3.05e-09	1.00e+00
 1.58698e+12	9.18e-19	3.33e-09	1.00e+00
 1.66992e+12	1.05e-18	3.64e-09	1.00e+00
 1.73859e+12	1.17e-18	3.90e-09	1.00e+00
 1.81112e+12	1.31e-18	4.19e-09	1.00e+00
 1.90412e+12	1.51e-18	4.58e-09	1.00e+00
 2.00160e+12	1.75e-18	5.00e-09	1.00e+00
 2.08708e+12	1.99e-18	5.39e-09	1.00e+00
 2.17908e+12	2.27e-18	5.83e-09	1.00e+00
 2.28109e+12	2.62e-18	6.34e-09	1.00e+00
 2.37570e+12	2.99e-18	6.83e-09	1.00e+00
 2.47830e+12	3.43e-18	7.38e-09	1.00e+00
 2.59234e+12	3.99e-18	8.02e-09	1.00e+00
 2.69860e+12	4.58e-18	8.65e-09	1.00e+00
 2.81412e+12	5.28e-18	9.36e-09	1.00e+00
 2.94262e+12	6.18e-18	1.02e-08	1.00e+00
 3.06274e+12	7.12e-18	1.10e-08	1.00e+00
 3.19363e+12	8.27e-18	1.19e-08	1.00e+00
 3.33972e+12	9.73e-18	1.30e-08	1.00e+00
 3.47709e+12	1.13e-17	1.40e-08	1.00e+00
 3.62717e+12	1.32e-17	1.52e-08	1.00e+00
 3.79521e+12	1.56e-17	1.66e-08	1.00e+00
 3.95429e+12	1.82e-17	1.79e-08	1.00e+00
 4.12574e+12	2.13e-17	1.95e-08	1.00e+00
 4.32069e+12	2.53e-17	2.13e-08	1.00e+00
 4.51218e+12	2.99e-17	2.32e-08	1.00e+00
 4.71132e+12	3.52e-17	2.52e-08	1.00e+00
 4.92970e+12	4.19e-17	2.75e-08	1.00e+00
 5.15682e+12	4.97e-17	3.00e-08	1.00e+00
 5.39302e+12	5.92e-17	3.28e-08	1.00e+00
 5.61592e+12	6.91e-17	3.55e-08	1.00e+00
 5.81706e+12	7.91e-17	3.80e-08	1.00e+00
 6.00723e+12	8.96e-17	4.05e-08	1.00e+00
 6.21767e+12	1.02e-16	4.32e-08	1.00e+00
 6.45379e+12	1.18e-16	4.65e-08	1.00e+00
 6.67824e+12	1.35e-16	4.97e-08	1.00e+00
 6.92502e+12	1.55e-16	5.33e-08	1.00e+00
 7.19526e+12	1.79e-16	5.74e-08	1.00e+00
 7.44258e+12	2.04e-16	6.13e-08	1.00e+00
 7.71067e+12	2.34e-16	6.56e-08	1.00e+00
 8.01029e+12	2.70e-16	7.06e-08	1.00e+00
 8.29289e+12	3.09e-16	7.55e-08	1.00e+00
 8.60226e+12	3.55e-16	8.10e-08	1.00e+00
 8.94614e+12	4.12e-16	8.73e-08	1.00e+00
 9.26782e+12	4.71e-16	9.35e-08	1.00e+00
 9.61895e+12	5.43e-16	1.00e-07	1.00e+00
 1.00111e+13	6.31e-16	1.08e-07	1.00e+00
 1.03817e+13	7.25e-16	1.16e-07	1.00e+00
 1.07847e+13	8.36e-16	1.25e-07	1.00e+00
 1.12347e+13	9.75e-16	1.35e-07	1.00e+00
 1.16664e+13	1.12e-15	1.45e-07	1.00e+00
 1.21268e+13	1.30e-15	1.56e-07	1.00e+00
 1.26418e+13	1.52e-15	1.69e-07	1.00e+00
 1.31565e+13	1.76e-15	1.82e-07	1.00e+00
 1.36918e+13	2.05e-15	1.96e-07	1.00e+00
 1.42694e+13	2.39e-15	2.12e-07	1.00e+00
 1.48701e+13	2.78e-15	2.29e-07	1.00e+00
 1.54948e+13	3.25e-15	2.48e-07	1.00e+00
 1.61005e+13	3.75e-15	2.66e-07	1.00e+00
 1.66712e+13	4.27e-15	2.85e-07	1.00e+00
 1.72098e+13	4.80e-15	3.02e-07	1.00e+00
 1.77961e+13	5.44e-15	3.22e-07	1.00e+00
 1.84497e+13	6.23e-15	3.45e-07	1.00e+00
 1.90661e+13	7.04e-15	3.67e-07	1.00e+00
 1.97430e+13	8.03e-15	3.92e-07	1.00e+00
 2.05030e+13	9.26e-15	4.22e-07	1.00e+00
 2.12271e+13	1.05e-14	4.51e-07	1.00e+00
 2.20201e+13	1.21e-14	4.84e-07	1.00e+00
 2.29309e+13	1.41e-14	5.23e-07	1.00e+00
 2.38205e+13	1.63e-14	5.64e-07	1.00e+00
 2.46703e+13	1.86e-14	6.03e-07	1.00e+00
 2.54991e+13	2.11e-14	6.44e-07	1.00e+00
 2.64296e+13	2.41e-14	6.89e-07	1.00e+00
 2.74486e+13	2.79e-14	7.43e-07	1.00e+00
 2.83768e+13	3.16e-14	7.93e-07	1.00e+00
 2.93775e+13	3.60e-14	8.50e-07	1.00e+00
 3.05003e+13	4.15e-14	9.14e-07	1.00e+00
 3.15653e+13	4.73e-14	9.79e-07	1.00e+00
 3.27295e+13	5.43e-14	1.05e-06	1.00e+00
 3.40162e+13	6.29e-14	1.14e-06	1.00e+00
 3.52170e+13	7.16e-14	1.22e-06	1.00e+00
 3.65181e+13	8.22e-14	1.31e-06	1.00e+00
 3.79703e+13	9.52e-14	1.41e-06	1.00e+00
 3.93600e+13	1.09e-13	1.52e-06	1.00e+00
 4.08437e+13	1.25e-13	1.64e-06	1.00e+00
 4.25074e+13	1.46e-13	1.77e-06	1.00e+00
 4.41525e+13	1.68e-13	1.91e-06	1.00e+00
 4.58635e+13	1.93e-13	2.06e-06	1.00e+00
 4.76183e+13	2.22e-13	2.23e-06	1.00e+00
 4.92542e+13	2.52e-13	2.38e-06	1.00e+00
 5.10652e+13	2.88e-13	2.56e-06	1.00e+00
 5.30454e+13	3.31e-13	2.77e-06	1.00e+00
 5.48809e+13	3.75e-13	2.96e-06	1.00e+00
 5.64976e+13	4.16e-13	3.14e-06	1.00e+00
 5.82119e+13	4.64e-13	3.33e-06	1.00e+00
 6.03795e+13	5.31e-13	3.59e-06	1.00e+00
 6.25669e+13	6.03e-13	3.86e-06	1.00e+00
 6.44184e+13	6.69e-13	4.09e-06	1.00e+00
 6.64026e+13	7.46e-13	4.35e-06	1.00e+00
 6.88895e+13	8.49e-13	4.68e-06	1.00e+00
 7.14546e+13	9.68e-13	5.04e-06	1.00e+00
 7.37200e+13	1.08e-12	5.37e-06	1.00e+00
 7.61715e+13	1.21e-12	5.74e-06	1.00e+00
 7.91233e+13	1.38e-12	6.20e-06	1.00e+00
 8.20445e+13	1.57e-12	6.66e-06	1.00e+00
 8.46463e+13	1.75e-12	7.11e-06	1.00e+00
 8.75133e+13	1.97e-12	7.60e-06	1.00e+00
 9.09315e+13	2.25e-12	8.23e-06	1.00e+00
 9.43201e+13	2.55e-12	8.86e-06	1.00e+00
 9.74139e+13	2.86e-12	9.48e-06	1.00e+00
 1.00871e+14	3.22e-12	1.02e-05	1.00e+00
 1.04896e+14	3.70e-12	1.10e-05	1.00e+00
 1.08844e+14	4.19e-12	1.19e-05	1.00e+00
 1.12567e+14	4.72e-12	1.28e-05	1.00e+00
 1.16717e+14	5.35e-12	1.38e-05	1.00e+00
 1.21415e+14	6.15e-12	1.50e-05	1.00e+00
 1.26091e+14	7.00e-12	1.62e-05	1.00e+00
 1.30601e+14	7.93e-12	1.75e-05	1.00e+00
 1.34522e+14	8.79e-12	1.86e-05	1.00e+00
 1.37791e+14	9.57e-12	1.96e-05	1.00e+00
 1.41425e+14	1.05e-11	2.07e-05	1.00e+00
 1.46148e+14	1.18e-11	2.22e-05	1.00e+00
 1.51118e+14	1.33e-11	2.39e-05	1.00e+00
 1.55396e+14	1.47e-11	2.54e-05	1.00e+00
 1.59945e+14	1.63e-11	2.71e-05	1.00e+00
 1.65782e+14	1.86e-11	2.93e-05	1.00e+00
 1.71798e+14	2.12e-11	3.17e-05	1.00e+00
 1.76925e+14	2.36e-11	3.38e-05	1.00e+00
 1.82391e+14	2.63e-11	3.61e-05	1.00e+00
 1.89205e+14	3.02e-11	3.92e-05	1.00e+00
 1.96190e+14	3.46e-11	4.26e-05	1.00e+00
 2.02345e+14	3.88e-11	4.56e-05	1.00e+00
 2.09006e+14	4.37e-11	4.90e-05	1.00e+00
 2.17040e+14	5.07e-11	5.34e-05	1.00e+00
 2.25011e+14	5.81e-11	5.80e-05	1.00e+00
 2.32105e+14	6.53e-11	6.22e-05	1.00e+00
 2.39913e+14	7.42e-11	6.70e-05	1.00e+00
 2.49227e+14	8.58e-11	7.30e-05	1.00e+00
 2.58496e+14	9.88e-11	7.93e-05	1.00e+00
 2.66987e+14	1.12e-10	8.55e-05	1.00e+00
 2.76473e+14	1.27e-10	9.24e-05	1.00e+00
 2.87486e+14	1.49e-10	1.01e-04	1.00e+00
 2.98290e+14	1.73e-10	1.10e-04	1.00e+00
 3.08551e+14	1.95e-10	1.18e-04	1.00e+00
 3.19946e+14	2.27e-10	1.29e-04	1.00e+00
 3.30699e+14	2.56e-10	1.39e-04	1.00e+00
 3.38751e+14	2.85e-10	1.46e-04	1.00e+00
 3.47000e+14	3.13e-10	1.55e-04	1.00e+00
 3.57723e+14	3.54e-10	1.66e-04	1.00e+00
 3.69327e+14	3.97e-10	1.78e-04	1.00e+00
 3.79796e+14	4.44e-10	1.89e-04	1.00e+00
 3.91127e+14	5.00e-10	2.02e-04	1.00e+00
 4.05498e+14	5.84e-10	2.20e-04	1.00e+00
 4.19967e+14	6.61e-10	2.37e-04	1.00e+00
 4.32165e+14	7.44e-10	2.53e-04	1.00e+00
 4.45260e+14	8.39e-10	2.71e-04	1.00e+00
 4.61730e+14	9.81e-10	2.94e-04	1.00e+00
 4.78949e+14	1.12e-09	3.18e-04	1.00e+00
 4.94435e+14	1.28e-09	3.42e-04	1.00e+00
 5.11307e+14	1.47e-09	3.68e-04	1.00e+00
 5.31275e+14	1.74e-09	4.01e-04	1.00e+00
 5.50895e+14	2.01e-09	4.35e-04	1.00e+00
 5.68794e+14	2.29e-09	4.66e-04	1.00e+00
 5.88829e+14	2.63e-09	5.03e-04	9.99e-01
 6.12171e+14	3.11e-09	5.49e-04	9.99e-01
 6.35171e+14	3.61e-09	5.95e-04	9.99e-01
 6.57023e+14	4.15e-09	6.40e-04	9.99e-01
 6.81266e+14	4.79e-09	6.93e-04	9.99e-01
 7.08547e+14	5.67e-09	7.56e-04	9.99e-01
 7.31533e+14	6.46e-09	8.10e-04	9.99e-01
 7.48215e+14	7.09e-09	8.50e-04	9.99e-01
 7.65703e+14	7.80e-09	8.94e-04	9.99e-01
 7.88439e+14	8.66e-09	9.52e-04	9.99e-01
 8.13770e+14	1.00e-08	1.02e-03	9.99e-01
 8.37364e+14	1.13e-08	1.09e-03	9.99e-01
 8.62924e+14	1.26e-08	1.16e-03	9.99e-01
 8.91804e+14	1.46e-08	1.24e-03	9.99e-01
 9.19308e+14	1.65e-08	1.33e-03	9.99e-01
 9.49370e+14	1.86e-08	1.42e-03	9.99e-01
 9.83117e+14	2.19e-08	1.53e-03	9.98e-01
 1.01504e+15	2.49e-08	1.64e-03	9.98e-01
 1.04992e+15	2.82e-08	1.76e-03	9.98e-01
 1.08894e+15	3.35e-08	1.91e-03	9.98e-01
 1.12518e+15	3.82e-08	2.05e-03	9.98e-01
 1.16413e+15	4.34e-08	2.20e-03	9.98e-01
 1.20803e+15	5.16e-08	2.38e-03	9.98e-01
 1.24930e+15	5.90e-08	2.56e-03	9.97e-01
 1.29389e+15	6.73e-08	2.76e-03	9.97e-01
 1.34406e+15	8.06e-08	3.00e-03	9.97e-01
 1.38932e+15	9.20e-08	3.22e-03	9.97e-01
 1.42949e+15	1.03e-07	3.42e-03	9.97e-01
 1.47522e+15	1.17e-07	3.66e-03	9.96e-01
 1.53111e+15	1.40e-07	3.97e-03	9.96e-01
 1.58666e+15	1.62e-07	4.29e-03	9.96e-01
 1.63071e+15	1.82e-07	4.55e-03	9.95e-01
 1.67336e+15	2.03e-07	4.81e-03	9.95e-01
 1.72881e+15	2.29e-07	5.16e-03	9.95e-01
 1.78847e+15	2.69e-07	5.56e-03	9.94e-01
 1.83796e+15	3.01e-07	5.90e-03	9.94e-01
 1.88662e+15	3.33e-07	6.25e-03	9.94e-01
 1.94987e+15	3.91e-07	6.74e-03	9.93e-01
 2.01447e+15	4.41e-07	7.23e-03	9.93e-01
 2.06908e+15	5.06e-07	7.69e-03	9.92e-01
 2.12833e+15	5.72e-07	8.19e-03	9.92e-01
 2.20508e+15	6.54e-07	8.87e-03	9.91e-01
 2.28421e+15	7.82e-07	9.63e-03	9.90e-01
 2.34920e+15	8.80e-07	1.03e-02	9.90e-01
 2.41615e+15	9.86e-07	1.10e-02	9.89e-01
 2.50308e+15	1.18e-06	1.19e-02	9.88e-01
 2.58923e+15	1.36e-06	1.29e-02	9.87e-01
 2.65747e+15	1.52e-06	1.38e-02	9.86e-01
 2.72921e+15	1.72e-06	1.47e-02	9.85e-01
 2.82248e+15	2.06e-06	1.60e-02	9.84e-01
 2.91421e+15	2.38e-06	1.74e-02	9.83e-01
 2.98586e+15	2.65e-06	1.85e-02	9.82e-01
 3.05032e+15	2.94e-06	1.95e-02	9.80e-01
 3.12351e+15	3.31e-06	2.08e-02	9.79e-01
 3.20242e+15	3.82e-06	2.23e-02	9.78e-01
 3.27689e+15	4.29e-06	2.38e-02	9.76e-01
 3.34790e+15	4.77e-06	2.53e-02	9.75e-01
 3.42630e+15	5.34e-06	2.71e-02	9.73e-01
 3.51442e+15	6.25e-06	2.93e-02	9.71e-01
 3.59566e+15	7.03e-06	3.14e-02	9.69e-01
 3.66860e+15	7.80e-06	3.35e-02	9.66e-01
 3.75025e+15	8.85e-06	3.61e-02	9.64e-01
 3.83863e+15	1.04e-05	3.92e-02	9.61e-01
 3.91841e+15	1.18e-05	4.21e-02	9.58e-01
 3.99199e+15	1.33e-05	4.51e-02	9.55e-01
 4.07486e+15	1.53e-05	4.89e-02	9.51e-01
 4.16596e+15	1.74e-05	5.34e-02	9.47e-01
 4.25364e+15	2.07e-05	5.84e-02	9.42e-01
 4.32537e+15	2.33e-05	6.28e-02	9.37e-01
 4.38167e+15	2.58e-05	6.67e-02	9.33e-01
 4.44604e+15	2.92e-05	7.17e-02	9.28e-01
 4.51857e+15	3.26e-05	7.77e-02	9.22e-01
 4.60170e+15	3.94e-05	8.59e-02	9.14e-01
 4.67010e+15	4.47e-05	9.29e-02	9.07e-01
 4.70841e+15	4.83e-05	9.74e-02	9.03e-01
 4.74726e+15	5.25e-05	1.03e-01	8.97e-01
 4.79776e+15	5.76e-05	1.10e-01	8.90e-01
 4.86341e+15	6.83e-05	1.20e-01	8.80e-01
 4.92016e+15	7.65e-05	1.29e-01	8.70e-01
 4.95789e+15	8.29e-05	1.37e-01	8.63e-01
 4.99949e+15	9.17e-05	1.46e-01	8.54e-01
 5.05357e+15	1.07e-04	1.59e-01	8.41e-01
 5.10204e+15	1.20e-04	1.71e-01	8.29e-01
 5.13736e+15	1.30e-04	1.81e-01	8.19e-01
 5.17743e+15	1.45e-04	1.93e-01	8.06e-01
 5.22953e+15	1.71e-04	2.12e-01	7.88e-01
 5.27557e+15	1.93e-04	2.29e-01	7.71e-01
 5.30753e+15	2.10e-04	2.42e-01	7.58e-01
 5.34285e+15	2.33e-04	2.59e-01	7.41e-01
 5.38875e+15	2.73e-04	2.82e-01	7.18e-01
 5.43090e+15	3.04e-04	3.04e-01	6.96e-01
 5.46818e+15	3.48e-04	3.27e-01	6.73e-01
 5.50468e+15	3.89e-04	3.50e-01	6.50e-01
 5.53546e+15	4.27e-04	3.70e-01	6.29e-01
 5.57075e+15	4.80e-04	3.96e-01	6.03e-01
 5.60931e+15	5.40e-04	4.25e-01	5.74e-01
 5.63915e+15	5.89e-04	4.48e-01	5.52e-01
 5.65938e+15	6.27e-04	4.64e-01	5.35e-01
 5.68006e+15	6.65e-04	4.81e-01	5.18e-01
 5.70694e+15	7.27e-04	5.05e-01	4.95e-01
 5.73325e+15	7.83e-04	5.26e-01	4.73e-01
 5.75509e+15	8.34e-04	5.45e-01	4.54e-01
 5.77975e+15	8.96e-04	5.67e-01	4.32e-01
 5.80743e+15	9.67e-04	5.91e-01	4.08e-01
 5.83360e+15	1.04e-03	6.12e-01	3.87e-01
 5.85804e+15	1.10e-03	6.33e-01	3.66e-01
 5.88565e+15	1.19e-03	6.56e-01	3.43e-01
 5.91552e+15	1.27e-03	6.79e-01	3.20e-01
 5.94206e+15	1.36e-03	6.99e-01	2.99e-01
 5.97031e+15	1.45e-03	7.20e-01	2.78e-01
 6.00102e+15	1.54e-03	7.42e-01	2.57e-01
 6.02877e+15	1.63e-03	7.59e-01	2.39e-01
 6.05460e+15	1.72e-03	7.75e-01	2.23e-01
 6.08414e+15	1.83e-03	7.93e-01	2.05e-01
 6.11653e+15	1.94e-03	8.10e-01	1.88e-01
 6.14574e+15	2.04e-03	8.24e-01	1.74e-01
 6.17261e+15	2.14e-03	8.36e-01	1.61e-01
 6.20335e+15	2.26e-03	8.50e-01	1.48e-01
 6.23708e+15	2.39e-03	8.63e-01	1.35e-01
 6.26746e+15	2.51e-03	8.73e-01	1.24e-01
 6.29519e+15	2.62e-03	8.82e-01	1.15e-01
 6.32672e+15	2.77e-03	8.92e-01	1.06e-01
 6.36134e+15	2.92e-03	9.01e-01	9.64e-02
 6.39259e+15	3.07e-03	9.08e-01	8.88e-02
 6.42104e+15	3.21e-03	9.14e-01	8.25e-02
 6.45323e+15	3.39e-03	9.21e-01	7.57e-02
 6.48879e+15	3.60e-03	9.27e-01	6.91e-02
 6.52116e+15	3.80e-03	9.32e-01	6.37e-02
 6.55075e+15	4.00e-03	9.37e-01	5.93e-02
 6.58426e+15	4.25e-03	9.41e-01	5.44e-02
 6.62152e+15	4.56e-03	9.46e-01	4.97e-02
 6.65603e+15	4.87e-03	9.49e-01	4.58e-02
 6.68825e+15	5.21e-03	9.52e-01	4.24e-02
 6.72508e+15	5.64e-03	9.56e-01	3.87e-02
 6.76513e+15	6.17e-03	9.58e-01	3.54e-02
 6.80016e+15	6.71e-03	9.61e-01	3.27e-02
 6.83045e+15	7.24e-03	9.62e-01	3.06e-02
 6.86381e+15	7.90e-03	9.64e-01	2.84e-02
 6.90039e+15	8.76e-03	9.65e-01	2.63e-02
 6.93295e+15	9.68e-03	9.66e-01	2.46e-02
 6.96143e+15	1.06e-02	9.66e-01	2.31e-02
 6.98606e+15	1.16e-02	9.66e-01	2.21e-02
 7.00704e+15	1.25e-02	9.66e-01	2.11e-02
 7.03002e+15	1.37e-02	9.66e-01	2.01e-02
 7.05446e+15	1.52e-02	9.66e-01	1.92e-02
 7.07487e+15	1.66e-02	9.65e-01	1.85e-02
 7.09193e+15	1.79e-02	9.64e-01	1.80e-02
 7.11058e+15	1.95e-02	9.63e-01	1.74e-02
 7.13102e+15	2.16e-02	9.62e-01	1.68e-02
 7.14908e+15	2.38e-02	9.60e-01	1.63e-02
 7.16451e+15	2.59e-02	9.58e-01	1.59e-02
 7.18122e+15	2.85e-02	9.56e-01	1.55e-02
 7.19960e+15	3.18e-02	9.53e-01	1.51e-02
 7.21591e+15	3.53e-02	9.50e-01	1.48e-02
 7.22992e+15	3.86e-02	9.47e-01	1.46e-02
 7.24517e+15	4.30e-02	9.43e-01	1.43e-02
 7.26206e+15	4.83e-02	9.37e-01	1.42e-02
 7.27768e+15	5.43e-02	9.32e-01	1.40e-02
 7.29191e+15	6.06e-02	9.25e-01	1.40e-02
 7.30626e+15	6.80e-02	9.18e-01	1.39e-02
 7.32091e+15	7.66e-02	9.10e-01	1.39e-02
 7.33427e+15	8.60e-02	9.00e-01	1.38e-02
 7.34612e+15	9.51e-02	8.91e-01	1.39e-02
 7.35666e+15	1.04e-01	8.82e-01	1.40e-02
 7.36617e+15	1.14e-01	8.72e-01	1.40e-02
 7.37546e+15	1.24e-01	8.62e-01	1.41e-02
 7.38282e+15	1.33e-01	8.53e-01	1.42e-02
 7.38755e+15	1.38e-01	8.47e-01	1.42e-02
 7.39188e+15	1.44e-01	8.41e-01	1.43e-02
 7.39696e+15	1.52e-01	8.34e-01	1.43e-02
 7.40250e+15	1.60e-01	8.26e-01	1.43e-02
 7.40786e+15	1.68e-01	8.18e-01	1.44e-02
 7.41294e+15	1.76e-01	8.09e-01	1.45e-02
 7.41801e+15	1.85e-01	8.00e-01	1.45e-02
 7.42309e+15	1.94e-01	7.91e-01	1.46e-02
 7.42819e+15	2.04e-01	7.81e-01	1.46e-02
 7.43322e+15	2.14e-01	7.71e-01	1.47e-02
 7.43825e+15	2.25e-01	7.60e-01	1.47e-02
 7.44332e+15	2.36e-01	7.49e-01	1.47e-02
 7.44826e+15	2.48e-01	7.37e-01	1.48e-02
 7.45314e+15	2.60e-01	7.26e-01	1.48e-02
 7.45813e+15	2.73e-01	7.13e-01	1.48e-02
 7.46309e+15	2.85e-01	7.00e-01	1.49e-02
 7.46802e+15	2.99e-01	6.86e-01	1.49e-02
 7.47298e+15	3.13e-01	6.72e-01	1.49e-02
 7.47788e+15	3.28e-01	6.57e-01	1.48e-02
 7.48275e+15	3.43e-01	6.42e-01	1.48e-02
 7.48767e+15	3.58e-01	6.27e-01	1.48e-02
 7.49262e+15	3.74e-01	6.11e-01	1.47e-02
 7.49759e+15	3.91e-01	5.94e-01	1.46e-02
 7.50253e+15	4.08e-01	5.77e-01	1.46e-02
 7.50748e+15	4.25e-01	5.60e-01	1.45e-02
 7.51252e+15	4.43e-01	5.43e-01	1.43e-02
 7.51759e+15	4.62e-01	5.24e-01	1.42e-02
 7.52263e+15	4.80e-01	5.06e-01	1.40e-02
 7.52760e+15	4.98e-01	4.88e-01	1.39e-02
 7.53255e+15	5.16e-01	4.71e-01	1.37e-02
 7.53753e+15	5.34e-01	4.53e-01	1.34e-02
 7.54254e+15	5.52e-01	4.35e-01	1.32e-02
 7.54758e+15	5.70e-01	4.17e-01	1.30e-02
 7.55266e+15	5.87e-01	4.00e-01	1.27e-02
 7.55778e+15	6.04e-01	3.83e-01	1.24e-02
 7.56295e+15	6.21e-01	3.67e-01	1.21e-02
 7.56822e+15	6.38e-01	3.50e-01	1.18e-02
 7.57371e+15	6.54e-01	3.34e-01	1.15e-02
 7.57935e+15	6.71e-01	3.18e-01	1.11e-02
 7.58516e+15	6.86e-01	3.03e-01	1.07e-02
 7.59126e+15	7.02e-01	2.88e-01	1.04e-02
 7.59770e+15	7.17e-01	2.73e-01	9.97e-03
 7.60449e+15	7.31e-01	2.59e-01	9.56e-03
 7.61176e+15	7.45e-01	2.46e-01	9.16e-03
 7.61960e+15	7.58e-01	2.33e-01	8.75e-03
 7.62816e+15	7.70e-01	2.21e-01	8.35e-03
 7.63663e+15	7.80e-01	2.12e-01	7.99e-03
 7.64469e+15	7.89e-01	2.03e-01	7.67e-03
 7.65324e+15	7.97e-01	1.96e-01	7.36e-03
 7.66263e+15	8.04e-01	1.89e-01	7.06e-03
 7.67283e+15	8.11e-01	1.82e-01	6.77e-03
 7.68379e+15	8.17e-01	1.77e-01	6.50e-03
 7.69557e+15	8.22e-01	1.71e-01	6.24e-03
 7.70849e+15	8.28e-01	1.66e-01	5.96e-03
 7.72222e+15	8.32e-01	1.62e-01	5.72e-03
 7.73661e+15	8.37e-01	1.58e-01	5.46e-03
 7.75163e+15	8.40e-01	1.54e-01	5.24e-03
 7.76715e+15	8.44e-01	1.51e-01	5.00e-03
 7.78296e+15	8.48e-01	1.47e-01	4.80e-03
 7.79902e+15	8.51e-01	1.44e-01	4.58e-03
 7.81498e+15	8.54e-01	1.41e-01	4.40e-03
 7.83070e+15	8.58e-01	1.38e-01	4.21e-03
 7.84625e+15	8.60e-01	1.36e-01	4.04e-03
 7.86151e+15	8.63e-01	1.33e-01	3.88e-03
 7.87683e+15	8.66e-01	1.30e-01	3.73e-03
 7.89203e+15	8.69e-01	1.28e-01	3.58e-03
 7.90693e+15	8.71e-01	1.26e-01	3.45e-03
 7.92142e+15	8.73e-01	1.23e-01	3.32e-03
 7.93553e+15	8.76e-01	1.21e-01	3.20e-03
 7.94944e+15	8.78e-01	1.19e-01	3.08e-03
 7.96332e+15	8.80e-01	1.17e-01	2.98e-03
 7.97708e+15	8.82e-01	1.15e-01	2.87e-03
 7.99063e+15	8.84e-01	1.13e-01	2.77e-03
 8.00396e+15	8.86e-01	1.11e-01	2.68e-03
 8.01712e+15	8.88e-01	1.09e-01	2.59e-03
 8.03009e+15	8.90e-01	1.08e-01	2.51e-03
 8.04289e+15	8.92e-01	1.06e-01	2.43e-03
 8.05561e+15	8.93e-01	1.04e-01	2.35e-03
 8.06826e+15	8.95e-01	1.03e-01	2.27e-03
 8.08082e+15	8.97e-01	1.01e-01	2.20e-03
 8.09326e+15	8.98e-01	9.97e-02	2.13e-03
 8.10562e+15	9.00e-01	9.82e-02	2.07e-03
 8.11792e+15	9.01e-01	9.68e-02	2.01e-03
 8.13018e+15	9.03e-01	9.54e-02	1.95e-03
 8.14240e+15	9.04e-01	9.40e-02	1.89e-03
 8.15463e+15	9.06e-01	9.26e-02	1.83e-03
 8.16687e+15	9.07e-01	9.13e-02	1.77e-03
 8.17924e+15	9.08e-01	8.99e-02	1.72e-03
 8.19190e+15	9.10e-01	8.86e-02	1.67e-03
 8.20486e+15	9.11e-01	8.72e-02	1.62e-03
 8.21812e+15	9.13e-01	8.59e-02	1.56e-03
 8.23164e+15	9.14e-01	8.45e-02	1.51e-03
 8.24533e+15	9.15e-01	8.32e-02	1.46e-03
 8.25942e+15	9.17e-01	8.18e-02	1.41e-03
 8.27427e+15	9.18e-01	8.04e-02	1.36e-03
 8.29009e+15	9.20e-01	7.89e-02	1.31e-03
 8.30733e+15	9.21e-01	7.73e-02	1.25e-03
 8.32605e+15	9.23e-01	7.56e-02	1.20e-03
 8.34677e+15	9.25e-01	7.38e-02	1.14e-03
 8.37050e+15	9.27e-01	7.17e-02	1.07e-03
 8.39465e+15	9.29e-01	6.97e-02	1.01e-03
 8.41663e+15	9.31e-01	6.80e-02	9.56e-04
 8.43663e+15	9.33e-01	6.64e-02	9.11e-04
 8.45483e+15	9.34e-01	6.50e-02	8.71e-04
 8.47139e+15	9.35e-01	6.38e-02	8.36e-04
 8.48646e+15	9.37e-01	6.27e-02	8.06e-04
 8.50018e+15	9.38e-01	6.16e-02	7.78e-04
 8.51521e+15	9.39e-01	6.05e-02	7.49e-04
 8.53143e+15	9.40e-01	5.94e-02	7.20e-04
 8.54620e+15	9.41e-01	5.83e-02	6.92e-04
 8.55963e+15	9.42e-01	5.74e-02	6.70e-04
 8.57436e+15	9.43e-01	5.64e-02	6.45e-04
 8.59025e+15	9.44e-01	5.53e-02	6.20e-04
 8.60472e+15	9.45e-01	5.43e-02	5.97e-04
 8.61788e+15	9.46e-01	5.34e-02	5.77e-04
 8.62986e+15	9.47e-01	5.26e-02	5.59e-04
 8.64075e+15	9.48e-01	5.19e-02	5.43e-04
 8.65270e+15	9.48e-01	5.11e-02	5.25e-04
 8.66559e+15	9.49e-01	5.03e-02	5.08e-04
 8.67733e+15	9.50e-01	4.95e-02	4.92e-04
 8.68801e+15	9.51e-01	4.88e-02	4.78e-04
 8.69971e+15	9.51e-01	4.81e-02	4.63e-04
 8.71234e+15	9.52e-01	4.73e-02	4.48e-04
 8.72383e+15	9.53e-01	4.66e-02	4.34e-04
 8.73429e+15	9.54e-01	4.59e-02	4.21e-04
 8.74381e+15	9.54e-01	4.53e-02	4.09e-04
 8.75247e+15	9.55e-01	4.48e-02	4.00e-04
 8.76197e+15	9.55e-01	4.42e-02	3.89e-04
 8.77221e+15	9.56e-01	4.36e-02	3.79e-04
 8.78154e+15	9.57e-01	4.31e-02	3.69e-04
 8.79176e+15	9.57e-01	4.24e-02	3.58e-04
 8.80279e+15	9.58e-01	4.18e-02	3.47e-04
 8.81283e+15	9.58e-01	4.13e-02	3.37e-04
 8.82196e+15	9.59e-01	4.07e-02	3.29e-04
 8.83198e+15	9.60e-01	4.01e-02	3.19e-04
 8.84278e+15	9.60e-01	3.96e-02	3.10e-04
 8.85262e+15	9.61e-01	3.90e-02	3.01e-04
 8.86157e+15	9.61e-01	3.85e-02	2.93e-04
 8.87137e+15	9.62e-01	3.80e-02	2.85e-04
 8.88196e+15	9.62e-01	3.75e-02	2.77e-04
 8.89159e+15	9.63e-01	3.70e-02	2.69e-04
 8.90036e+15	9.63e-01	3.65e-02	2.63e-04
 8.90997e+15	9.64e-01	3.60e-02	2.55e-04
 8.92034e+15	9.64e-01	3.55e-02	2.48e-04
 8.92978e+15	9.65e-01	3.50e-02	2.42e-04
 8.93837e+15	9.65e-01	3.46e-02	2.36e-04
 8.94778e+15	9.66e-01	3.41e-02	2.29e-04
 8.95794e+15	9.66e-01	3.37e-02	2.23e-04
 8.96719e+15	9.67e-01	3.33e-02	2.17e-04
 8.97732e+15	9.67e-01	3.28e-02	2.11e-04
 8.98826e+15	9.67e-01	3.23e-02	2.05e-04
 8.99821e+15	9.68e-01	3.19e-02	2.00e-04
 9.00912e+15	9.68e-01	3.14e-02	1.94e-04
 9.02089e+15	9.69e-01	3.09e-02	1.88e-04
 9.03161e+15	9.69e-01	3.05e-02	1.83e-04
 9.04136e+15	9.70e-01	3.01e-02	1.78e-04
 9.05204e+15	9.70e-01	2.97e-02	1.73e-04
 9.06358e+15	9.71e-01	2.93e-02	1.68e-04
 9.07408e+15	9.71e-01	2.89e-02	1.63e-04
 9.08558e+15	9.71e-01	2.84e-02	1.58e-04
 9.09800e+15	9.72e-01	2.80e-02	1.54e-04
 9.10930e+15	9.72e-01	2.76e-02	1.49e-04
 9.11958e+15	9.73e-01	2.72e-02	1.45e-04
 9.13085e+15	9.73e-01	2.68e-02	1.41e-04
 9.14302e+15	9.73e-01	2.64e-02	1.37e-04
 9.15409e+15	9.74e-01	2.60e-02	1.33e-04
 9.16622e+15	9.74e-01	2.56e-02	1.29e-04
 9.17931e+15	9.75e-01	2.52e-02	1.25e-04
 9.19123e+15	9.75e-01	2.49e-02	1.21e-04
 9.20429e+15	9.75e-01	2.44e-02	1.17e-04
 9.21839e+15	9.76e-01	2.40e-02	1.14e-04
 9.23122e+15	9.76e-01	2.37e-02	1.10e-04
 9.24290e+15	9.77e-01	2.33e-02	1.07e-04
 9.25569e+15	9.77e-01	2.30e-02	1.04e-04
 9.26950e+15	9.77e-01	2.26e-02	1.01e-04
 9.28207e+15	9.78e-01	2.23e-02	9.76e-05
 9.29584e+15	9.78e-01	2.19e-02	9.44e-05
 9.31071e+15	9.78e-01	2.15e-02	9.13e-05
 9.32424e+15	9.79e-01	2.12e-02	8.85e-05
 9.33907e+15	9.79e-01	2.08e-02	8.54e-05
 9.35508e+15	9.79e-01	2.05e-02	8.24e-05
 9.36964e+15	9.80e-01	2.01e-02	7.98e-05
 9.38290e+15	9.80e-01	1.98e-02	7.75e-05
 9.39742e+15	9.80e-01	1.95e-02	7.49e-05
 9.41310e+15	9.81e-01	1.92e-02	7.24e-05
 9.42737e+15	9.81e-01	1.89e-02	7.02e-05
 9.44301e+15	9.81e-01	1.85e-02	6.77e-05
 9.45989e+15	9.82e-01	1.82e-02	6.54e-05
 9.47525e+15	9.82e-01	1.79e-02	6.33e-05
 9.49208e+15	9.82e-01	1.76e-02	6.09e-05
 9.51026e+15	9.83e-01	1.72e-02	5.87e-05
 9.52679e+15	9.83e-01	1.69e-02	5.67e-05
 9.54492e+15	9.83e-01	1.66e-02	5.45e-05
 9.56448e+15	9.84e-01	1.63e-02	5.24e-05
 9.58228e+15	9.84e-01	1.60e-02	5.05e-05
 9.59848e+15	9.84e-01	1.57e-02	4.89e-05
 9.61624e+15	9.85e-01	1.54e-02	4.71e-05
 9.63540e+15	9.85e-01	1.51e-02	4.54e-05
 9.65284e+15	9.85e-01	1.49e-02	4.39e-05
 9.67195e+15	9.85e-01	1.46e-02	4.22e-05
 9.69258e+15	9.86e-01	1.43e-02	4.06e-05
 9.71136e+15	9.86e-01	1.40e-02	3.91e-05
 9.73193e+15	9.86e-01	1.37e-02	3.76e-05
 9.75414e+15	9.87e-01	1.35e-02	3.60e-05
 9.77436e+15	9.87e-01	1.32e-02	3.47e-05
 9.79651e+15	9.87e-01	1.29e-02	3.32e-05
 9.82042e+15	9.87e-01	1.26e-02	3.18e-05
 9.84217e+15	9.88e-01	1.24e-02	3.06e-05
 9.86602e+15	9.88e-01	1.21e-02	2.92e-05
 9.89176e+15	9.88e-01	1.18e-02	2.79e-05
 9.91518e+15	9.88e-01	1.16e-02	2.68e-05
 9.94085e+15	9.89e-01	1.13e-02	2.55e-05
 9.96856e+15	9.89e-01	1.10e-02	2.43e-05
 9.99378e+15	9.89e-01	1.08e-02	2.33e-05
 1.00214e+16	9.89e-01	1.05e-02	2.22e-05
 1.00512e+16	9.90e-01	1.03e-02	2.11e-05
 1.00784e+16	9.90e-01	1.00e-02	2.01e-05
 1.01081e+16	9.90e-01	9.77e-03	1.91e-05
 1.01402e+16	9.90e-01	9.51e-03	1.81e-05
 1.01695e+16	9.91e-01	9.28e-03	1.73e-05
 1.02015e+16	9.91e-01	9.03e-03	1.64e-05
 1.02361e+16	9.91e-01	8.78e-03	1.55e-05
 1.02675e+16	9.91e-01	8.56e-03	1.47e-05
 1.03020e+16	9.92e-01	8.32e-03	1.39e-05
 1.03392e+16	9.92e-01	8.08e-03	1.31e-05
 1.03731e+16	9.92e-01	7.87e-03	1.25e-05
 1.04102e+16	9.92e-01	7.64e-03	1.18e-05
 1.04584e+16	9.93e-01	7.35e-03	1.09e-05
 1.05132e+16	9.93e-01	7.04e-03	1.00e-05
 1.05677e+16	9.93e-01	6.76e-03	9.24e-06
 1.06223e+16	9.94e-01	6.49e-03	8.52e-06
 1.06792e+16	9.94e-01	6.22e-03	7.84e-06
 1.07388e+16	9.94e-01	5.95e-03	7.19e-06
 1.08003e+16	9.94e-01	5.70e-03	6.59e-06
 1.08638e+16	9.95e-01	5.44e-03	6.02e-06
 1.09295e+16	9.95e-01	5.20e-03	5.50e-06
 1.09976e+16	9.95e-01	4.96e-03	5.01e-06
 1.10679e+16	9.95e-01	4.73e-03	4.55e-06
 1.11397e+16	9.95e-01	4.50e-03	4.13e-06
 1.12125e+16	9.96e-01	4.29e-03	3.75e-06
 1.12865e+16	9.96e-01	4.09e-03	3.41e-06
 1.13610e+16	9.96e-01	3.89e-03	3.10e-06
 1.14367e+16	9.96e-01	3.71e-03	2.81e-06
 1.15147e+16	9.96e-01	3.53e-03	2.55e-06
 1.15946e+16	9.97e-01	3.35e-03	2.30e-06
 1.16756e+16	9.97e-01	3.19e-03	2.08e-06
 1.17578e+16	9.97e-01	3.03e-03	1.88e-06
 1.18416e+16	9.97e-01	2.88e-03	1.70e-06
 1.19269e+16	9.97e-01	2.73e-03	1.54e-06
 1.20138e+16	9.97e-01	2.59e-03	1.38e-06
 1.21024e+16	9.98e-01	2.46e-03	1.25e-06
 1.21927e+16	9.98e-01	2.33e-03	1.12e-06
 1.22845e+16	9.98e-01	2.21e-03	1.01e-06
 1.23780e+16	9.98e-01	2.09e-03	9.05e-07
 1.24734e+16	9.98e-01	1.98e-03	8.11e-07
 1.25708e+16	9.98e-01	1.87e-03	7.26e-07
 1.26701e+16	9.98e-01	1.77e-03	6.49e-07
 1.27713e+16	9.98e-01	1.67e-03	5.80e-07
 1.28746e+16	9.98e-01	1.58e-03	5.17e-07
 1.29801e+16	9.99e-01	1.49e-03	4.60e-07
 1.30879e+16	9.99e-01	1.40e-03	4.09e-07
 1.31979e+16	9.99e-01	1.32e-03	3.63e-07
 1.33105e+16	9.99e-01	1.24e-03	3.22e-07
 1.34256e+16	9.99e-01	1.17e-03	2.85e-07
 1.35435e+16	9.99e-01	1.10e-03	2.51e-07
 1.36643e+16	9.99e-01	1.03e-03	2.21e-07
 1.37880e+16	9.99e-01	9.64e-04	1.94e-07
 1.39150e+16	9.99e-01	9.02e-04	1.70e-07
 1.40455e+16	9.99e-01	8.43e-04	1.49e-07
 1.41796e+16	9.99e-01	7.86e-04	1.29e-07
 1.43175e+16	9.99e-01	7.33e-04	1.12e-07
 1.44587e+16	9.99e-01	6.82e-04	9.76e-08
 1.46019e+16	9.99e-01	6.35e-04	8.46e-08
 1.47502e+16	9.99e-01	5.89e-04	7.28e-08
 1.49071e+16	9.99e-01	5.44e-04	6.22e-08
 1.50708e+16	9.99e-01	5.02e-04	5.29e-08
 1.52398e+16	1.00e+00	4.61e-04	4.48e-08
 1.54152e+16	1.00e+00	4.23e-04	3.77e-08
 1.55985e+16	1.00e+00	3.87e-04	3.15e-08
 1.57906e+16	1.00e+00	3.52e-04	2.62e-08
 1.59923e+16	1.00e+00	3.20e-04	2.15e-08
 1.62049e+16	1.00e+00	2.88e-04	1.76e-08
 1.64304e+16	1.00e+00	2.59e-04	1.42e-08
 1.66694e+16	1.00e+00	2.31e-04	1.13e-08
 1.69267e+16	1.00e+00	2.05e-04	8.86e-09
 1.72035e+16	1.00e+00	1.80e-04	6.84e-09
 1.74988e+16	1.00e+00	1.57e-04	5.20e-09
 1.78268e+16	1.00e+00	1.35e-04	3.84e-09
 1.81947e+16	1.00e+00	1.14e-04	2.74e-09
 1.86030e+16	1.00e+00	9.45e-05	1.89e-09
 1.90776e+16	1.00e+00	7.62e-05	1.23e-09
 1.96224e+16	1.00e+00	6.01e-05	7.69e-10
 2.01953e+16	1.00e+00	4.71e-05	4.72e-10
 2.07609e+16	1.00e+00	3.72e-05	2.95e-10
 2.13174e+16	1.00e+00	2.96e-05	1.87e-10
 2.18805e+16	1.00e+00	2.36e-05	1.19e-10
 2.24566e+16	1.00e+00	1.88e-05	7.54e-11
 2.30454e+16	1.00e+00	1.49e-05	4.78e-11
 2.36444e+16	1.00e+00	1.19e-05	3.03e-11
 2.42525e+16	1.00e+00	9.48e-06	1.93e-11
 2.48737e+16	1.00e+00	7.55e-06	1.23e-11
 2.55096e+16	1.00e+00	6.01e-06	7.80e-12
 2.61603e+16	1.00e+00	4.79e-06	4.95e-12
 2.68268e+16	1.00e+00	3.81e-06	3.14e-12
 2.75098e+16	1.00e+00	3.02e-06	1.98e-12
 2.82095e+16	1.00e+00	2.40e-06	1.25e-12
 2.89293e+16	1.00e+00	1.90e-06	7.87e-13
 2.96739e+16	1.00e+00	1.50e-06	4.91e-13
 3.04438e+16	1.00e+00	1.18e-06	3.05e-13
 3.12393e+16	1.00e+00	9.28e-07	1.88e-13
 3.20392e+16	1.00e+00	7.32e-07	1.17e-13
 3.28205e+16	1.00e+00	5.83e-07	7.46e-14
 3.35803e+16	1.00e+00	4.70e-07	4.84e-14
 3.43218e+16	1.00e+00	3.81e-07	3.20e-14
 3.50483e+16	1.00e+00	3.12e-07	2.15e-14
 3.57564e+16	1.00e+00	2.57e-07	1.46e-14
 3.64425e+16	1.00e+00	2.14e-07	1.01e-14
 3.71057e+16	1.00e+00	1.80e-07	7.17e-15
 3.77456e+16	1.00e+00	1.52e-07	5.14e-15
 3.83620e+16	1.00e+00	1.30e-07	3.75e-15
 3.89548e+16	1.00e+00	1.12e-07	2.78e-15
 3.95236e+16	1.00e+00	9.69e-08	2.10e-15
 4.00681e+16	1.00e+00	8.47e-08	1.60e-15
 4.05890e+16	1.00e+00	7.45e-08	1.24e-15
 4.10869e+16	1.00e+00	6.60e-08	9.76e-16
 4.15624e+16	1.00e+00	5.88e-08	7.77e-16
 4.20161e+16	1.00e+00	5.28e-08	6.26e-16
 4.24489e+16	1.00e+00	4.77e-08	5.11e-16
 4.28615e+16	1.00e+00	4.32e-08	4.21e-16
 4.32548e+16	1.00e+00	3.94e-08	3.51e-16
 4.36296e+16	1.00e+00	3.62e-08	2.95e-16
 4.39866e+16	1.00e+00	3.33e-08	2.51e-16
 4.43267e+16	1.00e+00	3.08e-08	2.15e-16
 4.46507e+16	1.00e+00	2.86e-08	1.85e-16
 4.49595e+16	1.00e+00	2.67e-08	1.61e-16
 4.52539e+16	1.00e+00	2.50e-08	1.41e-16
 4.55343e+16	1.00e+00	2.35e-08	1.25e-16
 4.58017e+16	1.00e+00	2.21e-08	1.11e-16
 4.60568e+16	1.00e+00	2.09e-08	9.91e-17
 4.63002e+16	1.00e+00	1.98e-08	8.91e-17
 4.65326e+16	1.00e+00	1.88e-08	8.05e-17
 4.67548e+16	1.00e+00	1.79e-08	7.30e-17
 4.69673e+16	1.00e+00	1.71e-08	6.66e-17
 4.71708e+16	1.00e+00	1.63e-08	6.10e-17
 4.73658e+16	1.00e+00	1.57e-08	5.61e-17
 4.75528e+16	1.00e+00	1.50e-08	5.17e-17
 4.77324e+16	1.00e+00	1.45e-08	4.79e-17
 4.79051e+16	1.00e+00	1.39e-08	4.45e-17
 4.80714e+16	1.00e+00	1.35e-08	4.14e-17
 4.82320e+16	1.00e+00	1.30e-08	3.87e-17
 4.83871e+16	1.00e+00	1.26e-08	3.62e-17
 4.85375e+16	1.00e+00	1.22e-08	3.40e-17
 4.86834e+16	1.00e+00	1.18e-08	3.20e-17
 4.88256e+16	1.00e+00	1.15e-08	3.01e-17
 4.89645e+16	1.00e+00	1.11e-08	2.84e-17
 4.91006e+16	1.00e+00	1.08e-08	2.68e-17
 4.92345e+16	1.00e+00	1.05e-08	2.53e-17
 4.93669e+16	1.00e+00	1.02e-08	2.40e-17
 4.94983e+16	1.00e+00	9.93e-09	2.27e-17
 4.96296e+16	1.00e+00	9.66e-09	2.15e-17
 4.97616e+16	1.00e+00	9.40e-09	2.03e-17
 4.98953e+16	1.00e+00	9.14e-09	1.92e-17
 5.00318e+16	1.00e+00	8.88e-09	1.82e-17
 5.01725e+16	1.00e+00	8.62e-09	1.71e-17
 5.03192e+16	1.00e+00	8.36e-09	1.61e-17
 5.04741e+16	1.00e+00	8.09e-09	1.51e-17
 5.06401e+16	1.00e+00	7.82e-09	1.41e-17
 5.08213e+16	1.00e+00	7.53e-09	1.31e-17
 5.10232e+16	1.00e+00	7.21e-09	1.20e-17
 5.12537e+16	1.00e+00	6.87e-09	1.09e-17
 5.15245e+16	1.00e+00	6.50e-09	9.77e-18
 5.18539e+16	1.00e+00	6.06e-09	8.52e-18
 5.22715e+16	1.00e+00	5.56e-09	7.17e-18
 5.28133e+16	1.00e+00	4.97e-09	5.74e-18
 5.35177e+16	1.00e+00	4.30e-09	4.31e-18
 5.44333e+16	1.00e+00	3.57e-09	2.98e-18
 5.56237e+16	1.00e+00	2.82e-09	1.87e-18
 5.70785e+16	1.00e+00	2.13e-09	1.07e-18
 5.88773e+16	1.00e+00	1.52e-09	5.47e-19
 6.10267e+16	1.00e+00	1.03e-09	2.53e-19
 6.33140e+16	1.00e+00	6.92e-10	1.15e-19
 6.56235e+16	1.00e+00	4.69e-10	5.34e-20
 6.80099e+16	1.00e+00	3.17e-10	2.46e-20
 7.04730e+16	1.00e+00	2.15e-10	1.14e-20
 7.30201e+16	1.00e+00	1.45e-10	5.24e-21
 7.56899e+16	1.00e+00	9.72e-11	0.00e+00
 7.84381e+16	1.00e+00	6.52e-11	0.00e+00
 8.12531e+16	1.00e+00	4.39e-11	0.00e+00
 8.40953e+16	1.00e+00	2.98e-11	0.00e+00
 8.69374e+16	1.00e+00	2.04e-11	0.00e+00
 8.99085e+16	1.00e+00	1.39e-11	0.00e+00
 9.30235e+16	1.00e+00	9.37e-12	0.00e+00
 9.61536e+16	1.00e+00	6.39e-12	0.00e+00
 9.92837e+16	1.00e+00	4.40e-12	0.00e+00
 1.02414e+17	1.00e+00	3.06e-12	0.00e+00
 1.05544e+17	1.00e+00	2.15e-12	0.00e+00
 1.08372e+17	1.00e+00	1.59e-12	0.00e+00
 1.10407e+17	1.00e+00	1.29e-12	0.00e+00
 1.11633e+17	1.00e+00	1.15e-12	0.00e+00
 1.12356e+17	1.00e+00	1.06e-12	0.00e+00
 1.12790e+17	1.00e+00	1.02e-12	0.00e+00
 1.13062e+17	1.00e+00	9.92e-13	0.00e+00
 1.13266e+17	1.00e+00	9.72e-13	0.00e+00
 1.13475e+17	1.00e+00	9.50e-13	0.00e+00
 1.13726e+17	1.00e+00	9.25e-13	0.00e+00
 1.13967e+17	1.00e+00	9.04e-13	0.00e+00
 1.14170e+17	1.00e+00	8.85e-13	0.00e+00
 1.14363e+17	1.00e+00	8.67e-13	0.00e+00
 1.14551e+17	1.00e+00	8.50e-13	0.00e+00
 1.14729e+17	1.00e+00	8.35e-13	0.00e+00
 1.14890e+17	1.00e+00	8.21e-13	0.00e+00
 1.15038e+17	1.00e+00	8.09e-13	0.00e+00
 1.15180e+17	1.00e+00	7.97e-13	0.00e+00
 1.15316e+17	1.00e+00	7.86e-13	0.00e+00
 1.15448e+17	1.00e+00	7.75e-13	0.00e+00
 1.15572e+17	1.00e+00	7.65e-13	0.00e+00
 1.15687e+17	1.00e+00	7.57e-13	0.00e+00
 1.15796e+17	1.00e+00	7.48e-13	0.00e+00
 1.15902e+17	1.00e+00	7.40e-13	0.00e+00
 1.16008e+17	1.00e+00	7.32e-13	0.00e+00
 1.16111e+17	1.00e+00	7.24e-13	0.00e+00
 1.16205e+17	1.00e+00	7.17e-13	0.00e+00
 1.16291e+17	1.00e+00	7.11e-13	0.00e+00
 1.16382e+17	1.00e+00	7.04e-13	0.00e+00
 1.16479e+17	1.00e+00	6.97e-13	0.00e+00
 1.16565e+17	1.00e+00	6.91e-13	0.00e+00
 1.16641e+17	1.00e+00	6.85e-13	0.00e+00
 1.16720e+17	1.00e+00	6.79e-13	0.00e+00
 1.16802e+17	1.00e+00	6.73e-13	0.00e+00
 1.16884e+17	1.00e+00	6.67e-13	0.00e+00
 1.16961e+17	1.00e+00	6.62e-13	0.00e+00
 1.17035e+17	1.00e+00	6.57e-13	0.00e+00
 1.17110e+17	1.00e+00	6.52e-13	0.00e+00
 1.17187e+17	1.00e+00	6.46e-13	0.00e+00
 1.17263e+17	1.00e+00	6.41e-13	0.00e+00
 1.17340e+17	1.00e+00	6.35e-13	0.00e+00
 1.17413e+17	1.00e+00	6.30e-13	0.00e+00
 1.17483e+17	1.00e+00	6.26e-13	0.00e+00
 1.17558e+17	1.00e+00	6.21e-13	0.00e+00
 1.17638e+17	1.00e+00	6.15e-13	0.00e+00
 1.17717e+17	1.00e+00	6.10e-13	0.00e+00
 1.17793e+17	1.00e+00	6.04e-13	0.00e+00
 1.17872e+17	1.00e+00	5.99e-13	0.00e+00
 1.17953e+17	1.00e+00	5.94e-13	0.00e+00
 1.18036e+17	1.00e+00	5.88e-13	0.00e+00
 1.18119e+17	1.00e+00	5.83e-13	0.00e+00
 1.18202e+17	1.00e+00	5.77e-13	0.00e+00
 1.18287e+17	1.00e+00	5.72e-13	0.00e+00
 1.18381e+17	1.00e+00	5.66e-13	0.00e+00
 1.18480e+17	1.00e+00	5.59e-13	0.00e+00
 1.18574e+17	1.00e+00	5.53e-13	0.00e+00
 1.18663e+17	1.00e+00	5.48e-13	0.00e+00
 1.18755e+17	1.00e+00	5.42e-13	0.00e+00
 1.18857e+17	1.00e+00	5.35e-13	0.00e+00
 1.18960e+17	1.00e+00	5.29e-13	0.00e+00
 1.19062e+17	1.00e+00	5.23e-13	0.00e+00
 1.19169e+17	1.00e+00	5.17e-13	0.00e+00
 1.19281e+17	1.00e+00	5.10e-13	0.00e+00
 1.19399e+17	1.00e+00	5.03e-13	0.00e+00
 1.19517e+17	1.00e+00	4.96e-13	0.00e+00
 1.19635e+17	1.00e+00	4.89e-13	0.00e+00
 1.19754e+17	1.00e+00	4.82e-13	0.00e+00
 1.19876e+17	1.00e+00	4.75e-13	0.00e+00
 1.20005e+17	1.00e+00	4.68e-13	0.00e+00
 1.20141e+17	1.00e+00	4.61e-13	0.00e+00
 1.20281e+17	1.00e+00	4.53e-13	0.00e+00
 1.20420e+17	1.00e+00	4.46e-13	0.00e+00
 1.20562e+17	1.00e+00	4.38e-13	0.00e+00
 1.20714e+17	1.00e+00	4.31e-13	0.00e+00
 1.20871e+17	1.00e+00	4.23e-13	0.00e+00
 1.21032e+17	1.00e+00	4.15e-13	0.00e+00
 1.21196e+17	1.00e+00	4.07e-13	0.00e+00
 1.21362e+17	1.00e+00	3.99e-13	0.00e+00
 1.21534e+17	1.00e+00	3.90e-13	0.00e+00
 1.21715e+17	1.00e+00	3.82e-13	0.00e+00
 1.21903e+17	1.00e+00	3.73e-13	0.00e+00
 1.22094e+17	1.00e+00	3.65e-13	0.00e+00
 1.22291e+17	1.00e+00	3.57e-13	0.00e+00
 1.22500e+17	1.00e+00	3.48e-13	0.00e+00
 1.22712e+17	1.00e+00	3.39e-13	0.00e+00
 1.22923e+17	1.00e+00	3.31e-13	0.00e+00
 1.23144e+17	1.00e+00	3.22e-13	0.00e+00
 1.23372e+17	1.00e+00	3.13e-13	0.00e+00
 1.23608e+17	1.00e+00	3.04e-13	0.00e+00
 1.23852e+17	1.00e+00	2.95e-13	0.00e+00
 1.24104e+17	1.00e+00	2.86e-13	0.00e+00
 1.24362e+17	1.00e+00	2.78e-13	0.00e+00
 1.24626e+17	1.00e+00	2.69e-13	0.00e+00
 1.24897e+17	1.00e+00	2.60e-13	0.00e+00
 1.25172e+17	1.00e+00	2.51e-13	0.00e+00
 1.25454e+17	1.00e+00	2.43e-13	0.00e+00
 1.25748e+17	1.00e+00	2.34e-13	0.00e+00
 1.26064e+17	1.00e+00	2.25e-13	0.00e+00
 1.26391e+17	1.00e+00	2.16e-13	0.00e+00
 1.26711e+17	1.00e+00	2.08e-13	0.00e+00
 1.27027e+17	1.00e+00	2.00e-13	0.00e+00
 1.27369e+17	1.00e+00	1.92e-13	0.00e+00
 1.27740e+17	1.00e+00	1.83e-13	0.00e+00
 1.28109e+17	1.00e+00	1.75e-13	0.00e+00
 1.28468e+17	1.00e+00	1.68e-13	0.00e+00
 1.28840e+17	1.00e+00	1.61e-13	0.00e+00
 1.29240e+17	1.00e+00	1.53e-13	0.00e+00
 1.29665e+17	1.00e+00	1.45e-13	0.00e+00
 1.30095e+17	1.00e+00	1.38e-13	0.00e+00
 1.30536e+17	1.00e+00	1.31e-13	0.00e+00
 1.30987e+17	1.00e+00	1.24e-13	0.00e+00
 1.31444e+17	1.00e+00	1.18e-13	0.00e+00
 1.31929e+17	1.00e+00	1.11e-13	0.00e+00
 1.32449e+17	1.00e+00	1.05e-13	0.00e+00
 1.33000e+17	1.00e+00	9.85e-14	0.00e+00
 1.33564e+17	1.00e+00	9.27e-14	0.00e+00
 1.34138e+17	1.00e+00	8.69e-14	0.00e+00
 1.34735e+17	1.00e+00	8.16e-14	0.00e+00
 1.35319e+17	1.00e+00	7.67e-14	0.00e+00
 1.35853e+17	1.00e+00	7.26e-14	0.00e+00
 1.36334e+17	1.00e+00	6.90e-14	0.00e+00
 1.36796e+17	1.00e+00	6.58e-14	0.00e+00
 1.37264e+17	1.00e+00	6.26e-14	0.00e+00
 1.37724e+17	1.00e+00	5.97e-14	0.00e+00
 1.38150e+17	1.00e+00	5.71e-14	0.00e+00
 1.38531e+17	1.00e+00	5.48e-14	0.00e+00
 1.38875e+17	1.00e+00	5.28e-14	0.00e+00
 1.39197e+17	1.00e+00	5.09e-14	0.00e+00
 1.39501e+17	1.00e+00	4.93e-14	0.00e+00
 1.39787e+17	1.00e+00	4.78e-14	0.00e+00
 1.40055e+17	1.00e+00	4.64e-14	0.00e+00
 1.40305e+17	1.00e+00	4.52e-14	0.00e+00
 1.40540e+17	1.00e+00	4.41e-14	0.00e+00
 1.40765e+17	1.00e+00	4.30e-14	0.00e+00
 1.40982e+17	1.00e+00	4.19e-14	0.00e+00
 1.41190e+17	1.00e+00	4.10e-14	0.00e+00
 1.41388e+17	1.00e+00	4.01e-14	0.00e+00
 1.41579e+17	1.00e+00	3.92e-14	0.00e+00
 1.41765e+17	1.00e+00	3.84e-14	0.00e+00
 1.41948e+17	1.00e+00	3.76e-14	0.00e+00
 1.42125e+17	1.00e+00	3.69e-14	0.00e+00
 1.42297e+17	1.00e+00	3.62e-14	0.00e+00
 1.42465e+17	1.00e+00	3.56e-14	0.00e+00
 1.42631e+17	1.00e+00	3.49e-14	0.00e+00
 1.42793e+17	1.00e+00	3.43e-14	0.00e+00
 1.42953e+17	1.00e+00	3.37e-14	0.00e+00
 1.43109e+17	1.00e+00	3.32e-14	0.00e+00
 1.43264e+17	1.00e+00	3.26e-14	0.00e+00
 1.43416e+17	1.00e+00	3.21e-14	0.00e+00
 1.43567e+17	1.00e+00	3.16e-14	0.00e+00
 1.43739e+17	1.00e+00	3.10e-14	0.00e+00
 1.43962e+17	1.00e+00	3.03e-14	0.00e+00
 1.44253e+17	1.00e+00	2.93e-14	0.00e+00
 1.44631e+17	1.00e+00	2.82e-14	0.00e+00
 1.45122e+17	1.00e+00	2.67e-14	0.00e+00
 1.45740e+17	1.00e+00	2.51e-14	0.00e+00
 1.46406e+17	1.00e+00	2.34e-14	0.00e+00
 1.47007e+17	1.00e+00	2.21e-14	0.00e+00
 1.47522e+17	1.00e+00	2.10e-14	0.00e+00
 1.48008e+17	1.00e+00	2.00e-14	0.00e+00
 1.48525e+17	1.00e+00	1.90e-14	0.00e+00
 1.49089e+17	1.00e+00	1.80e-14	0.00e+00
 1.49675e+17	1.00e+00	1.70e-14	0.00e+00
 1.50250e+17	1.00e+00	1.61e-14	0.00e+00
 1.50812e+17	1.00e+00	1.53e-14	0.00e+00
 1.51387e+17	1.00e+00	1.45e-14	0.00e+00
 1.52002e+17	1.00e+00	1.37e-14	0.00e+00
 1.52664e+17	1.00e+00	1.28e-14	0.00e+00
 1.53373e+17	1.00e+00	1.20e-14	0.00e+00
 1.54136e+17	1.00e+00	1.12e-14	0.00e+00
 1.54982e+17	1.00e+00	1.03e-14	0.00e+00
 1.55968e+17	1.00e+00	9.43e-15	0.00e+00
 1.57184e+17	1.00e+00	8.42e-15	0.00e+00
 1.58747e+17	1.00e+00	7.29e-15	0.00e+00
 1.60779e+17	1.00e+00	6.05e-15	0.00e+00
 1.63420e+17	1.00e+00	4.76e-15	0.00e+00
 1.66853e+17	1.00e+00	3.51e-15	0.00e+00
 1.71317e+17	1.00e+00	2.37e-15	0.00e+00
 1.77119e+17	1.00e+00	1.44e-15	0.00e+00
 1.84007e+17	1.00e+00	8.15e-16	0.00e+00
 1.91007e+17	1.00e+00	4.63e-16	0.00e+00
 1.97339e+17	1.00e+00	2.80e-16	0.00e+00
 2.02938e+17	1.00e+00	1.80e-16	0.00e+00
 2.09053e+17	1.00e+00	1.10e-16	0.00e+00
 2.16759e+17	1.00e+00	5.95e-17	0.00e+00
 2.24405e+17	1.00e+00	3.25e-17	0.00e+00
 2.29838e+17	1.00e+00	2.08e-17	0.00e+00
 2.33098e+17	1.00e+00	1.57e-17	0.00e+00
 2.35054e+17	1.00e+00	1.32e-17	0.00e+00
 2.36227e+17	1.00e+00	1.18e-17	0.00e+00
 2.36931e+17	1.00e+00	1.10e-17	0.00e+00
 2.37354e+17	1.00e+00	1.05e-17	0.00e+00
 2.37607e+17	1.00e+00	1.02e-17	0.00e+00
 2.37787e+17	1.00e+00	1.01e-17	0.00e+00
 2.37981e+17	1.00e+00	9.85e-18	0.00e+00
 2.38234e+17	1.00e+00	9.60e-18	0.00e+00
 2.38546e+17	1.00e+00	9.29e-18	0.00e+00
 2.38870e+17	1.00e+00	8.96e-18	0.00e+00
 2.39142e+17	1.00e+00	8.69e-18	0.00e+00
 2.39354e+17	1.00e+00	8.33e-18	0.00e+00
 2.39549e+17	1.00e+00	8.14e-18	0.00e+00
 2.39775e+17	1.00e+00	7.94e-18	0.00e+00
 2.40052e+17	1.00e+00	7.69e-18	0.00e+00
 2.40344e+17	1.00e+00	7.43e-18	0.00e+00
 2.40593e+17	1.00e+00	7.20e-18	0.00e+00
 2.40790e+17	1.00e+00	7.02e-18	0.00e+00
 2.40968e+17	1.00e+00	6.87e-18	0.00e+00
 2.41171e+17	1.00e+00	6.70e-18	0.00e+00
 2.41418e+17	1.00e+00	6.49e-18	0.00e+00
 2.41680e+17	1.00e+00	6.27e-18	0.00e+00
 2.41909e+17	1.00e+00	6.07e-18	0.00e+00
 2.42092e+17	1.00e+00	5.91e-18	0.00e+00
 2.42258e+17	1.00e+00	5.77e-18	0.00e+00
 2.42442e+17	1.00e+00	5.63e-18	0.00e+00
 2.42664e+17	1.00e+00	5.45e-18	0.00e+00
 2.42902e+17	1.00e+00	5.26e-18	0.00e+00
 2.43115e+17	1.00e+00	5.08e-18	0.00e+00
 2.43288e+17	1.00e+00	4.94e-18	0.00e+00
 2.43444e+17	1.00e+00	4.82e-18	0.00e+00
 2.43615e+17	1.00e+00	4.69e-18	0.00e+00
 2.43820e+17	1.00e+00	4.54e-18	0.00e+00
 2.44042e+17	1.00e+00	4.37e-18	0.00e+00
 2.44242e+17	1.00e+00	4.21e-18	0.00e+00
 2.44407e+17	1.00e+00	4.08e-18	0.00e+00
 2.44556e+17	1.00e+00	3.97e-18	0.00e+00
 2.44718e+17	1.00e+00	3.86e-18	0.00e+00
 2.44914e+17	1.00e+00	3.72e-18	0.00e+00
 2.45126e+17	1.00e+00	3.58e-18	0.00e+00
 2.45319e+17	1.00e+00	3.44e-18	0.00e+00
 2.45479e+17	1.00e+00	3.32e-18	0.00e+00
 2.45625e+17	1.00e+00	3.22e-18	0.00e+00
 2.45784e+17	1.00e+00	3.12e-18	0.00e+00
 2.45971e+17	1.00e+00	3.01e-18	0.00e+00
 2.46176e+17	1.00e+00	2.88e-18	0.00e+00
 2.46368e+17	1.00e+00	2.76e-18	0.00e+00
 2.46531e+17	1.00e+00	2.66e-18	0.00e+00
 2.46679e+17	1.00e+00	2.57e-18	0.00e+00
 2.46837e+17	1.00e+00	2.48e-18	0.00e+00
 2.47021e+17	1.00e+00	2.39e-18	0.00e+00
 2.47222e+17	1.00e+00	2.28e-18	0.00e+00
 2.47415e+17	1.00e+00	2.18e-18	0.00e+00
 2.47583e+17	1.00e+00	2.09e-18	0.00e+00
 2.47737e+17	1.00e+00	2.01e-18	0.00e+00
