#depth	O	O+	O+2	O+3	O+4	O+5	O+6	O+7	O+8	O[1]	O[2]	O[3]
 1.49634e+10	0.00e+00	0.00e+00	3.04e-29	5.42e-20	3.42e-12	2.99e-06	1.00e+00	3.72e-24	0.00e+00	0.00e+00	0.00e+00	0.00e+00
 4.54887e+10	0.00e+00	1.09e-39	4.16e-29	6.86e-20	4.01e-12	3.24e-06	1.00e+00	0.00e+00	0.00e+00	0.00e+00	0.00e+00	0.00e+00
 7.72350e+10	0.00e+00	0.00e+00	5.69e-29	8.69e-20	4.70e-12	3.51e-06	1.00e+00	0.00e+00	0.00e+00	0.00e+00	0.00e+00	0.00e+00
 1.10251e+11	0.00e+00	2.39e-39	7.78e-29	1.10e-19	5.51e-12	3.80e-06	1.00e+00	0.00e+00	0.00e+00	0.00e+00	0.00e+00	0.00e+00
 1.44588e+11	0.00e+00	0.00e+00	1.07e-28	1.39e-19	6.46e-12	4.12e-06	1.00e+00	0.00e+00	0.00e+00	0.00e+00	0.00e+00	0.00e+00
 1.80298e+11	0.00e+00	5.23e-39	1.46e-28	1.77e-19	7.57e-12	4.46e-06	1.00e+00	0.00e+00	0.00e+00	0.00e+00	0.00e+00	0.00e+00
 2.17437e+11	0.00e+00	0.00e+00	2.00e-28	2.24e-19	8.88e-12	4.83e-06	1.00e+00	0.00e+00	0.00e+00	0.00e+00	0.00e+00	0.00e+00
 2.56061e+11	0.00e+00	1.14e-38	2.73e-28	2.84e-19	1.04e-11	5.24e-06	1.00e+00	0.00e+00	0.00e+00	0.00e+00	0.00e+00	0.00e+00
 2.96231e+11	0.00e+00	0.00e+00	3.74e-28	3.60e-19	1.22e-11	5.68e-06	1.00e+00	0.00e+00	0.00e+00	0.00e+00	0.00e+00	0.00e+00
 3.38007e+11	0.00e+00	2.49e-38	5.12e-28	4.56e-19	1.43e-11	6.16e-06	1.00e+00	0.00e+00	0.00e+00	0.00e+00	0.00e+00	0.00e+00
 3.81454e+11	0.00e+00	0.00e+00	7.00e-28	5.78e-19	1.68e-11	6.68e-06	1.00e+00	0.00e+00	0.00e+00	0.00e+00	0.00e+00	0.00e+00
 4.26639e+11	0.00e+00	5.43e-38	9.58e-28	7.33e-19	1.98e-11	7.25e-06	1.00e+00	0.00e+00	0.00e+00	0.00e+00	0.00e+00	0.00e+00
 4.73631e+11	0.00e+00	0.00e+00	1.31e-27	9.30e-19	2.32e-11	7.86e-06	1.00e+00	0.00e+00	0.00e+00	0.00e+00	0.00e+00	0.00e+00
 5.22503e+11	0.00e+00	1.18e-37	1.79e-27	1.18e-18	2.73e-11	8.54e-06	1.00e+00	0.00e+00	0.00e+00	0.00e+00	0.00e+00	0.00e+00
 5.73330e+11	0.00e+00	0.00e+00	2.45e-27	1.50e-18	3.21e-11	9.27e-06	1.00e+00	0.00e+00	0.00e+00	0.00e+00	0.00e+00	0.00e+00
 6.26190e+11	0.00e+00	2.57e-37	3.36e-27	1.90e-18	3.77e-11	1.01e-05	1.00e+00	0.00e+00	0.00e+00	0.00e+00	0.00e+00	0.00e+00
 6.81164e+11	0.00e+00	0.00e+00	4.59e-27	2.41e-18	4.43e-11	1.09e-05	1.00e+00	0.00e+00	0.00e+00	0.00e+00	0.00e+00	0.00e+00
 7.38337e+11	0.00e+00	5.57e-37	6.27e-27	3.06e-18	5.22e-11	1.19e-05	1.00e+00	0.00e+00	0.00e+00	0.00e+00	0.00e+00	0.00e+00
 7.97798e+11	0.00e+00	0.00e+00	8.58e-27	3.88e-18	6.14e-11	1.29e-05	1.00e+00	0.00e+00	0.00e+00	0.00e+00	0.00e+00	0.00e+00
 8.59636e+11	0.00e+00	1.20e-36	1.17e-26	4.93e-18	7.23e-11	1.41e-05	1.00e+00	0.00e+00	0.00e+00	0.00e+00	0.00e+00	0.00e+00
 9.23949e+11	1.53e-47	1.77e-36	1.60e-26	6.26e-18	8.52e-11	1.53e-05	1.00e+00	0.00e+00	0.00e+00	0.00e+00	0.00e+00	0.00e+00
 9.90833e+11	0.00e+00	0.00e+00	2.19e-26	7.95e-18	1.00e-10	1.67e-05	1.00e+00	0.00e+00	0.00e+00	0.00e+00	0.00e+00	0.00e+00
 1.06039e+12	0.00e+00	3.81e-36	2.99e-26	1.01e-17	1.18e-10	1.81e-05	1.00e+00	0.00e+00	0.00e+00	0.00e+00	0.00e+00	0.00e+00
 1.13274e+12	6.01e-47	5.58e-36	4.08e-26	1.28e-17	1.40e-10	1.98e-05	1.00e+00	0.00e+00	0.00e+00	0.00e+00	0.00e+00	0.00e+00
 1.20797e+12	0.00e+00	0.00e+00	5.56e-26	1.63e-17	1.65e-10	2.15e-05	1.00e+00	0.00e+00	0.00e+00	0.00e+00	0.00e+00	0.00e+00
 1.28622e+12	0.00e+00	1.19e-35	7.58e-26	2.07e-17	1.94e-10	2.35e-05	1.00e+00	0.00e+00	0.00e+00	0.00e+00	0.00e+00	0.00e+00
 1.36759e+12	2.34e-46	1.75e-35	1.03e-25	2.63e-17	2.29e-10	2.56e-05	1.00e+00	0.00e+00	0.00e+00	0.00e+00	0.00e+00	0.00e+00
 1.45222e+12	0.00e+00	0.00e+00	1.41e-25	3.34e-17	2.71e-10	2.79e-05	1.00e+00	0.00e+00	0.00e+00	0.00e+00	0.00e+00	0.00e+00
 1.54024e+12	0.00e+00	3.71e-35	1.91e-25	4.24e-17	3.20e-10	3.05e-05	1.00e+00	0.00e+00	0.00e+00	0.00e+00	0.00e+00	0.00e+00
 1.63178e+12	8.96e-46	5.40e-35	2.61e-25	5.38e-17	3.78e-10	3.32e-05	1.00e+00	0.00e+00	0.00e+00	0.00e+00	0.00e+00	0.00e+00
 1.72697e+12	0.00e+00	7.85e-35	3.54e-25	6.83e-17	4.46e-10	3.63e-05	1.00e+00	0.00e+00	0.00e+00	0.00e+00	0.00e+00	0.00e+00
 1.82598e+12	2.18e-45	1.14e-34	4.81e-25	8.67e-17	5.26e-10	3.96e-05	1.00e+00	0.00e+00	0.00e+00	0.00e+00	0.00e+00	0.00e+00
 1.92895e+12	0.00e+00	1.65e-34	6.53e-25	1.10e-16	6.22e-10	4.33e-05	1.00e+00	0.00e+00	0.00e+00	0.00e+00	0.00e+00	0.00e+00
 2.03603e+12	5.24e-45	2.39e-34	8.86e-25	1.40e-16	7.35e-10	4.73e-05	1.00e+00	0.00e+00	0.00e+00	0.00e+00	0.00e+00	0.00e+00
 2.14400e+12	0.00e+00	3.42e-34	1.19e-24	1.76e-16	8.64e-10	5.15e-05	1.00e+00	0.00e+00	0.00e+00	0.00e+00	0.00e+00	0.00e+00
 2.25630e+12	1.22e-44	4.89e-34	1.60e-24	2.21e-16	1.02e-09	5.61e-05	1.00e+00	0.00e+00	0.00e+00	0.00e+00	0.00e+00	0.00e+00
 2.37647e+12	0.00e+00	7.06e-34	2.16e-24	2.81e-16	1.20e-09	6.13e-05	1.00e+00	0.00e+00	0.00e+00	0.00e+00	0.00e+00	0.00e+00
 2.50146e+12	2.91e-44	1.02e-33	2.93e-24	3.56e-16	1.42e-09	6.70e-05	1.00e+00	0.00e+00	0.00e+00	0.00e+00	0.00e+00	0.00e+00
 2.63144e+12	0.00e+00	1.46e-33	3.96e-24	4.51e-16	1.67e-09	7.33e-05	1.00e+00	0.00e+00	0.00e+00	0.00e+00	0.00e+00	0.00e+00
 2.76663e+12	6.86e-44	2.11e-33	5.35e-24	5.71e-16	1.97e-09	8.01e-05	1.00e+00	0.00e+00	0.00e+00	0.00e+00	0.00e+00	0.00e+00
 2.90722e+12	0.00e+00	3.02e-33	7.22e-24	7.23e-16	2.33e-09	8.75e-05	1.00e+00	0.00e+00	0.00e+00	0.00e+00	0.00e+00	0.00e+00
 3.05344e+12	1.61e-43	4.34e-33	9.74e-24	9.16e-16	2.75e-09	9.56e-05	1.00e+00	0.00e+00	0.00e+00	0.00e+00	0.00e+00	0.00e+00
 3.20550e+12	0.00e+00	6.22e-33	1.31e-23	1.16e-15	3.24e-09	1.05e-04	1.00e+00	0.00e+00	0.00e+00	0.00e+00	0.00e+00	0.00e+00
 3.36365e+12	3.76e-43	8.91e-33	1.77e-23	1.47e-15	3.82e-09	1.14e-04	1.00e+00	0.00e+00	0.00e+00	0.00e+00	0.00e+00	0.00e+00
 3.52812e+12	0.00e+00	1.28e-32	2.39e-23	1.85e-15	4.50e-09	1.25e-04	1.00e+00	0.00e+00	0.00e+00	0.00e+00	0.00e+00	0.00e+00
 3.69917e+12	8.74e-43	1.82e-32	3.21e-23	2.35e-15	5.31e-09	1.36e-04	1.00e+00	0.00e+00	0.00e+00	0.00e+00	0.00e+00	0.00e+00
 3.87707e+12	0.00e+00	2.61e-32	4.32e-23	2.97e-15	6.25e-09	1.49e-04	1.00e+00	0.00e+00	0.00e+00	0.00e+00	0.00e+00	0.00e+00
 4.06208e+12	2.02e-42	3.72e-32	5.82e-23	3.75e-15	7.37e-09	1.63e-04	1.00e+00	0.00e+00	0.00e+00	0.00e+00	0.00e+00	0.00e+00
 4.25449e+12	0.00e+00	5.31e-32	7.83e-23	4.74e-15	8.67e-09	1.78e-04	1.00e+00	0.00e+00	0.00e+00	0.00e+00	0.00e+00	0.00e+00
 4.45459e+12	4.66e-42	7.58e-32	1.05e-22	5.99e-15	1.02e-08	1.94e-04	1.00e+00	0.00e+00	0.00e+00	0.00e+00	0.00e+00	0.00e+00
 4.66270e+12	0.00e+00	1.08e-31	1.41e-22	7.57e-15	1.20e-08	2.12e-04	1.00e+00	0.00e+00	0.00e+00	0.00e+00	0.00e+00	0.00e+00
 4.87914e+12	1.07e-41	1.54e-31	1.90e-22	9.56e-15	1.41e-08	2.32e-04	1.00e+00	0.00e+00	0.00e+00	0.00e+00	0.00e+00	0.00e+00
 5.10423e+12	0.00e+00	2.19e-31	2.56e-22	1.21e-14	1.66e-08	2.53e-04	1.00e+00	0.00e+00	0.00e+00	0.00e+00	0.00e+00	0.00e+00
 5.33833e+12	2.46e-41	3.13e-31	3.43e-22	1.53e-14	1.96e-08	2.76e-04	1.00e+00	0.00e+00	0.00e+00	0.00e+00	0.00e+00	0.00e+00
 5.58178e+12	0.00e+00	4.45e-31	4.61e-22	1.93e-14	2.30e-08	3.02e-04	1.00e+00	0.00e+00	0.00e+00	0.00e+00	0.00e+00	0.00e+00
 5.83498e+12	5.63e-41	6.34e-31	6.20e-22	2.43e-14	2.70e-08	3.29e-04	1.00e+00	0.00e+00	0.00e+00	0.00e+00	0.00e+00	0.00e+00
 6.09831e+12	0.00e+00	9.03e-31	8.33e-22	3.07e-14	3.17e-08	3.60e-04	1.00e+00	0.00e+00	0.00e+00	0.00e+00	0.00e+00	0.00e+00
 6.37217e+12	1.29e-40	1.29e-30	1.12e-21	3.88e-14	3.73e-08	3.92e-04	1.00e+00	0.00e+00	0.00e+00	0.00e+00	0.00e+00	0.00e+00
 6.65698e+12	0.00e+00	1.83e-30	1.50e-21	4.90e-14	4.38e-08	4.28e-04	1.00e+00	0.00e+00	0.00e+00	0.00e+00	0.00e+00	0.00e+00
 6.95319e+12	2.95e-40	2.61e-30	2.02e-21	6.18e-14	5.14e-08	4.67e-04	1.00e+00	0.00e+00	0.00e+00	0.00e+00	0.00e+00	0.00e+00
 7.26124e+12	0.00e+00	3.72e-30	2.71e-21	7.80e-14	6.03e-08	5.10e-04	9.99e-01	0.00e+00	0.00e+00	0.00e+00	0.00e+00	0.00e+00
 7.58162e+12	6.76e-40	5.30e-30	3.65e-21	9.85e-14	7.08e-08	5.56e-04	9.99e-01	0.00e+00	0.00e+00	0.00e+00	0.00e+00	0.00e+00
 7.91481e+12	0.00e+00	7.54e-30	4.90e-21	1.24e-13	8.31e-08	6.06e-04	9.99e-01	0.00e+00	0.00e+00	0.00e+00	0.00e+00	0.00e+00
 8.26133e+12	1.55e-39	1.08e-29	6.59e-21	1.57e-13	9.74e-08	6.61e-04	9.99e-01	0.00e+00	0.00e+00	0.00e+00	0.00e+00	0.00e+00
 8.62171e+12	0.00e+00	1.54e-29	8.86e-21	1.98e-13	1.14e-07	7.20e-04	9.99e-01	0.00e+00	0.00e+00	0.00e+00	0.00e+00	0.00e+00
 8.99650e+12	3.56e-39	2.19e-29	1.19e-20	2.50e-13	1.34e-07	7.85e-04	9.99e-01	0.00e+00	0.00e+00	0.00e+00	0.00e+00	0.00e+00
 9.38629e+12	0.00e+00	3.14e-29	1.60e-20	3.16e-13	1.57e-07	8.55e-04	9.99e-01	0.00e+00	0.00e+00	0.00e+00	0.00e+00	0.00e+00
 9.79167e+12	8.22e-39	4.48e-29	2.16e-20	3.99e-13	1.84e-07	9.32e-04	9.99e-01	0.00e+00	0.00e+00	0.00e+00	0.00e+00	0.00e+00
 1.02133e+13	0.00e+00	6.41e-29	2.91e-20	5.03e-13	2.16e-07	1.01e-03	9.99e-01	0.00e+00	0.00e+00	0.00e+00	0.00e+00	0.00e+00
 1.06517e+13	1.90e-38	9.18e-29	3.92e-20	6.35e-13	2.53e-07	1.10e-03	9.99e-01	0.00e+00	0.00e+00	0.00e+00	0.00e+00	0.00e+00
 1.11077e+13	0.00e+00	1.32e-28	5.28e-20	8.02e-13	2.96e-07	1.20e-03	9.99e-01	0.00e+00	0.00e+00	0.00e+00	0.00e+00	0.00e+00
 1.15820e+13	4.42e-38	1.89e-28	7.12e-20	1.01e-12	3.47e-07	1.31e-03	9.99e-01	0.00e+00	0.00e+00	0.00e+00	0.00e+00	0.00e+00
 1.20752e+13	0.00e+00	2.71e-28	9.60e-20	1.28e-12	4.06e-07	1.43e-03	9.99e-01	0.00e+00	0.00e+00	0.00e+00	0.00e+00	0.00e+00
 1.25881e+13	1.03e-37	3.88e-28	1.30e-19	1.61e-12	4.75e-07	1.55e-03	9.98e-01	0.00e+00	0.00e+00	0.00e+00	0.00e+00	0.00e+00
 1.31215e+13	0.00e+00	5.58e-28	1.75e-19	2.04e-12	5.56e-07	1.69e-03	9.98e-01	0.00e+00	0.00e+00	0.00e+00	0.00e+00	0.00e+00
 1.36763e+13	2.41e-37	8.02e-28	2.36e-19	2.58e-12	6.51e-07	1.84e-03	9.98e-01	0.00e+00	0.00e+00	0.00e+00	0.00e+00	0.00e+00
 1.42533e+13	0.00e+00	1.15e-27	3.19e-19	3.25e-12	7.63e-07	2.00e-03	9.98e-01	0.00e+00	0.00e+00	0.00e+00	0.00e+00	0.00e+00
 1.48534e+13	5.67e-37	1.66e-27	4.31e-19	4.11e-12	8.92e-07	2.17e-03	9.98e-01	0.00e+00	0.00e+00	0.00e+00	0.00e+00	0.00e+00
 1.54774e+13	0.00e+00	2.39e-27	5.82e-19	5.19e-12	1.04e-06	2.36e-03	9.98e-01	0.00e+00	0.00e+00	0.00e+00	0.00e+00	0.00e+00
 1.61265e+13	1.34e-36	3.45e-27	7.87e-19	6.55e-12	1.22e-06	2.56e-03	9.97e-01	0.00e+00	0.00e+00	0.00e+00	0.00e+00	0.00e+00
 1.68014e+13	0.00e+00	4.98e-27	1.06e-18	8.28e-12	1.43e-06	2.79e-03	9.97e-01	0.00e+00	0.00e+00	0.00e+00	0.00e+00	0.00e+00
 1.74670e+13	3.10e-36	7.05e-27	1.42e-18	1.03e-11	1.66e-06	3.02e-03	9.97e-01	0.00e+00	0.00e+00	0.00e+00	0.00e+00	0.00e+00
 1.81593e+13	0.00e+00	1.00e-26	1.89e-18	1.29e-11	1.93e-06	3.26e-03	9.97e-01	0.00e+00	0.00e+00	0.00e+00	0.00e+00	0.00e+00
 1.89156e+13	7.18e-36	1.44e-26	2.56e-18	1.63e-11	2.25e-06	3.55e-03	9.96e-01	0.00e+00	0.00e+00	0.00e+00	0.00e+00	0.00e+00
 1.96778e+13	0.00e+00	2.06e-26	3.43e-18	2.04e-11	2.62e-06	3.84e-03	9.96e-01	0.00e+00	0.00e+00	0.00e+00	0.00e+00	0.00e+00
 2.04705e+13	1.66e-35	2.95e-26	4.61e-18	2.56e-11	3.05e-06	4.17e-03	9.96e-01	0.00e+00	0.00e+00	0.00e+00	0.00e+00	0.00e+00
 2.13192e+13	0.00e+00	4.26e-26	6.23e-18	3.24e-11	3.57e-06	4.53e-03	9.95e-01	0.00e+00	0.00e+00	0.00e+00	0.00e+00	0.00e+00
 2.22019e+13	3.95e-35	6.16e-26	8.44e-18	4.09e-11	4.18e-06	4.92e-03	9.95e-01	0.00e+00	0.00e+00	0.00e+00	0.00e+00	0.00e+00
 2.31199e+13	6.09e-35	8.91e-26	1.14e-17	5.17e-11	4.88e-06	5.34e-03	9.95e-01	0.00e+00	0.00e+00	0.00e+00	0.00e+00	0.00e+00
 2.40747e+13	9.38e-35	1.29e-25	1.55e-17	6.52e-11	5.71e-06	5.80e-03	9.94e-01	0.00e+00	0.00e+00	0.00e+00	0.00e+00	0.00e+00
 2.50676e+13	1.45e-34	1.86e-25	2.10e-17	8.24e-11	6.68e-06	6.30e-03	9.94e-01	0.00e+00	0.00e+00	0.00e+00	0.00e+00	0.00e+00
 2.61002e+13	2.23e-34	2.70e-25	2.84e-17	1.04e-10	7.80e-06	6.84e-03	9.93e-01	0.00e+00	0.00e+00	0.00e+00	0.00e+00	0.00e+00
 2.71741e+13	3.43e-34	3.89e-25	3.84e-17	1.31e-10	9.12e-06	7.43e-03	9.93e-01	0.00e+00	0.00e+00	0.00e+00	0.00e+00	0.00e+00
 2.82910e+13	5.28e-34	5.62e-25	5.20e-17	1.66e-10	1.07e-05	8.07e-03	9.92e-01	0.00e+00	0.00e+00	0.00e+00	0.00e+00	0.00e+00
 2.94526e+13	8.12e-34	8.12e-25	7.04e-17	2.10e-10	1.25e-05	8.76e-03	9.91e-01	0.00e+00	0.00e+00	0.00e+00	0.00e+00	0.00e+00
 3.06606e+13	1.25e-33	1.17e-24	9.53e-17	2.65e-10	1.46e-05	9.52e-03	9.90e-01	0.00e+00	0.00e+00	0.00e+00	0.00e+00	0.00e+00
 3.19170e+13	1.92e-33	1.69e-24	1.29e-16	3.34e-10	1.70e-05	1.03e-02	9.90e-01	0.00e+00	0.00e+00	0.00e+00	0.00e+00	0.00e+00
 3.32236e+13	2.94e-33	2.44e-24	1.75e-16	4.22e-10	1.99e-05	1.12e-02	9.89e-01	0.00e+00	0.00e+00	0.00e+00	0.00e+00	0.00e+00
 3.45825e+13	4.51e-33	3.53e-24	2.36e-16	5.33e-10	2.32e-05	1.22e-02	9.88e-01	0.00e+00	0.00e+00	0.00e+00	0.00e+00	0.00e+00
 3.59957e+13	6.91e-33	5.08e-24	3.19e-16	6.73e-10	2.71e-05	1.32e-02	9.87e-01	0.00e+00	0.00e+00	0.00e+00	0.00e+00	0.00e+00
 3.74654e+13	1.06e-32	7.32e-24	4.32e-16	8.49e-10	3.17e-05	1.44e-02	9.86e-01	0.00e+00	0.00e+00	0.00e+00	0.00e+00	0.00e+00
 3.89940e+13	1.61e-32	1.05e-23	5.84e-16	1.07e-09	3.70e-05	1.56e-02	9.84e-01	0.00e+00	0.00e+00	0.00e+00	0.00e+00	0.00e+00
 4.05837e+13	2.47e-32	1.52e-23	7.90e-16	1.35e-09	4.32e-05	1.70e-02	9.83e-01	0.00e+00	0.00e+00	0.00e+00	0.00e+00	0.00e+00
 4.22369e+13	3.76e-32	2.19e-23	1.07e-15	1.71e-09	5.04e-05	1.84e-02	9.82e-01	0.00e+00	0.00e+00	0.00e+00	0.00e+00	0.00e+00
 4.39563e+13	5.73e-32	3.14e-23	1.44e-15	2.15e-09	5.88e-05	2.00e-02	9.80e-01	0.00e+00	0.00e+00	0.00e+00	0.00e+00	0.00e+00
 4.57445e+13	8.71e-32	4.52e-23	1.95e-15	2.72e-09	6.86e-05	2.18e-02	9.78e-01	0.00e+00	0.00e+00	0.00e+00	0.00e+00	0.00e+00
 4.76042e+13	1.33e-31	6.50e-23	2.63e-15	3.43e-09	8.00e-05	2.36e-02	9.76e-01	0.00e+00	0.00e+00	0.00e+00	0.00e+00	0.00e+00
 4.95383e+13	2.01e-31	9.33e-23	3.56e-15	4.32e-09	9.33e-05	2.57e-02	9.74e-01	0.00e+00	0.00e+00	0.00e+00	0.00e+00	0.00e+00
 5.15498e+13	3.05e-31	1.34e-22	4.81e-15	5.45e-09	1.09e-04	2.79e-02	9.72e-01	0.00e+00	0.00e+00	0.00e+00	0.00e+00	0.00e+00
 5.36417e+13	4.63e-31	1.93e-22	6.50e-15	6.88e-09	1.27e-04	3.03e-02	9.70e-01	0.00e+00	0.00e+00	0.00e+00	0.00e+00	0.00e+00
 5.58173e+13	7.01e-31	2.76e-22	8.77e-15	8.67e-09	1.48e-04	3.29e-02	9.67e-01	0.00e+00	0.00e+00	0.00e+00	0.00e+00	0.00e+00
 5.80799e+13	1.06e-30	3.97e-22	1.19e-14	1.09e-08	1.72e-04	3.57e-02	9.64e-01	0.00e+00	0.00e+00	0.00e+00	0.00e+00	0.00e+00
 6.04331e+13	1.61e-30	5.70e-22	1.60e-14	1.38e-08	2.00e-04	3.88e-02	9.61e-01	0.00e+00	0.00e+00	0.00e+00	0.00e+00	0.00e+00
 6.28803e+13	2.42e-30	8.18e-22	2.16e-14	1.74e-08	2.33e-04	4.21e-02	9.58e-01	0.00e+00	0.00e+00	0.00e+00	0.00e+00	0.00e+00
 6.54254e+13	3.67e-30	1.18e-21	2.92e-14	2.19e-08	2.72e-04	4.57e-02	9.54e-01	0.00e+00	0.00e+00	0.00e+00	0.00e+00	0.00e+00
 6.80724e+13	5.51e-30	1.68e-21	3.94e-14	2.76e-08	3.16e-04	4.97e-02	9.50e-01	0.00e+00	0.00e+00	0.00e+00	0.00e+00	0.00e+00
 7.08252e+13	8.31e-30	2.42e-21	5.33e-14	3.47e-08	3.68e-04	5.39e-02	9.46e-01	0.00e+00	0.00e+00	0.00e+00	0.00e+00	0.00e+00
 7.36881e+13	1.25e-29	3.47e-21	7.20e-14	4.37e-08	4.27e-04	5.85e-02	9.41e-01	0.00e+00	0.00e+00	0.00e+00	0.00e+00	0.00e+00
 7.66656e+13	1.88e-29	4.98e-21	9.72e-14	5.50e-08	4.97e-04	6.34e-02	9.36e-01	0.00e+00	0.00e+00	0.00e+00	0.00e+00	0.00e+00
 7.97621e+13	2.84e-29	7.16e-21	1.31e-13	6.93e-08	5.77e-04	6.88e-02	9.31e-01	0.00e+00	0.00e+00	0.00e+00	0.00e+00	0.00e+00
 8.29826e+13	4.27e-29	1.03e-20	1.78e-13	8.71e-08	6.70e-04	7.46e-02	9.25e-01	0.00e+00	0.00e+00	0.00e+00	0.00e+00	0.00e+00
 8.63318e+13	6.42e-29	1.48e-20	2.40e-13	1.10e-07	7.77e-04	8.08e-02	9.18e-01	0.00e+00	0.00e+00	0.00e+00	0.00e+00	0.00e+00
 8.98150e+13	9.66e-29	2.13e-20	3.24e-13	1.38e-07	9.02e-04	8.76e-02	9.12e-01	0.00e+00	0.00e+00	0.00e+00	0.00e+00	0.00e+00
 9.34375e+13	1.45e-28	3.06e-20	4.39e-13	1.73e-07	1.05e-03	9.48e-02	9.04e-01	0.00e+00	0.00e+00	0.00e+00	0.00e+00	0.00e+00
 9.72049e+13	2.19e-28	4.41e-20	5.93e-13	2.18e-07	1.21e-03	1.03e-01	8.96e-01	0.00e+00	0.00e+00	0.00e+00	0.00e+00	0.00e+00
 1.00830e+14	3.19e-28	6.19e-20	7.84e-13	2.69e-07	1.39e-03	1.10e-01	8.88e-01	0.00e+00	0.00e+00	0.00e+00	0.00e+00	0.00e+00
 1.04199e+14	4.48e-28	8.39e-20	1.01e-12	3.25e-07	1.57e-03	1.18e-01	8.81e-01	0.00e+00	0.00e+00	0.00e+00	0.00e+00	0.00e+00
 1.07996e+14	6.50e-28	1.17e-19	1.32e-12	3.99e-07	1.79e-03	1.26e-01	8.72e-01	0.00e+00	0.00e+00	0.00e+00	0.00e+00	0.00e+00
 1.12346e+14	9.80e-28	1.69e-19	1.79e-12	5.01e-07	2.06e-03	1.36e-01	8.62e-01	0.00e+00	0.00e+00	0.00e+00	0.00e+00	0.00e+00
 1.16625e+14	1.45e-27	2.39e-19	2.38e-12	6.20e-07	2.36e-03	1.46e-01	8.51e-01	0.00e+00	0.00e+00	0.00e+00	0.00e+00	0.00e+00
 1.21075e+14	2.14e-27	3.39e-19	3.17e-12	7.68e-07	2.71e-03	1.57e-01	8.40e-01	0.00e+00	0.00e+00	0.00e+00	0.00e+00	0.00e+00
 1.25948e+14	3.23e-27	4.91e-19	4.29e-12	9.61e-07	3.12e-03	1.69e-01	8.28e-01	0.00e+00	0.00e+00	0.00e+00	0.00e+00	0.00e+00
 1.30846e+14	4.81e-27	7.02e-19	5.74e-12	1.19e-06	3.58e-03	1.81e-01	8.15e-01	0.00e+00	0.00e+00	0.00e+00	0.00e+00	0.00e+00
 1.35940e+14	7.19e-27	1.01e-18	7.68e-12	1.48e-06	4.10e-03	1.94e-01	8.02e-01	0.00e+00	0.00e+00	0.00e+00	0.00e+00	0.00e+00
 1.41408e+14	1.09e-26	1.46e-18	1.04e-11	1.85e-06	4.71e-03	2.08e-01	7.87e-01	0.00e+00	0.00e+00	0.00e+00	0.00e+00	0.00e+00
 1.47094e+14	1.65e-26	2.11e-18	1.40e-11	2.30e-06	5.40e-03	2.23e-01	7.72e-01	0.00e+00	0.00e+00	0.00e+00	0.00e+00	0.00e+00
 1.53008e+14	2.50e-26	3.06e-18	1.89e-11	2.87e-06	6.19e-03	2.38e-01	7.56e-01	0.00e+00	0.00e+00	0.00e+00	0.00e+00	0.00e+00
 1.59158e+14	3.80e-26	4.44e-18	2.55e-11	3.57e-06	7.09e-03	2.54e-01	7.39e-01	0.00e+00	0.00e+00	0.00e+00	0.00e+00	0.00e+00
 1.65554e+14	5.77e-26	6.44e-18	3.43e-11	4.43e-06	8.10e-03	2.71e-01	7.21e-01	0.00e+00	0.00e+00	0.00e+00	0.00e+00	0.00e+00
 1.72207e+14	8.78e-26	9.33e-18	4.62e-11	5.50e-06	9.25e-03	2.88e-01	7.02e-01	0.00e+00	0.00e+00	0.00e+00	0.00e+00	0.00e+00
 1.79125e+14	1.34e-25	1.35e-17	6.21e-11	6.82e-06	1.05e-02	3.06e-01	6.83e-01	0.00e+00	0.00e+00	0.00e+00	0.00e+00	0.00e+00
 1.86320e+14	2.04e-25	1.96e-17	8.33e-11	8.43e-06	1.20e-02	3.25e-01	6.63e-01	0.00e+00	0.00e+00	0.00e+00	0.00e+00	0.00e+00
 1.93802e+14	3.11e-25	2.84e-17	1.12e-10	1.04e-05	1.36e-02	3.43e-01	6.43e-01	0.00e+00	0.00e+00	0.00e+00	0.00e+00	0.00e+00
 2.01584e+14	4.75e-25	4.10e-17	1.50e-10	1.28e-05	1.55e-02	3.63e-01	6.22e-01	0.00e+00	0.00e+00	0.00e+00	0.00e+00	0.00e+00
 2.09678e+14	7.25e-25	5.93e-17	2.00e-10	1.58e-05	1.75e-02	3.82e-01	6.01e-01	0.00e+00	0.00e+00	0.00e+00	0.00e+00	0.00e+00
 2.18095e+14	1.11e-24	8.56e-17	2.67e-10	1.94e-05	1.98e-02	4.01e-01	5.79e-01	0.00e+00	0.00e+00	0.00e+00	0.00e+00	0.00e+00
 2.26848e+14	1.69e-24	1.23e-16	3.55e-10	2.38e-05	2.24e-02	4.21e-01	5.57e-01	0.00e+00	0.00e+00	0.00e+00	0.00e+00	0.00e+00
 2.35764e+14	2.56e-24	1.76e-16	4.69e-10	2.90e-05	2.51e-02	4.40e-01	5.35e-01	0.00e+00	0.00e+00	0.00e+00	0.00e+00	0.00e+00
 2.45036e+14	3.88e-24	2.51e-16	6.18e-10	3.53e-05	2.82e-02	4.59e-01	5.13e-01	0.00e+00	0.00e+00	0.00e+00	0.00e+00	0.00e+00
 2.54867e+14	5.91e-24	3.59e-16	8.18e-10	4.30e-05	3.17e-02	4.78e-01	4.90e-01	0.00e+00	0.00e+00	0.00e+00	0.00e+00	0.00e+00
 2.65092e+14	9.01e-24	5.14e-16	1.08e-09	5.22e-05	3.55e-02	4.97e-01	4.68e-01	0.00e+00	0.00e+00	0.00e+00	0.00e+00	0.00e+00
 2.75725e+14	1.37e-23	7.33e-16	1.42e-09	6.34e-05	3.96e-02	5.15e-01	4.46e-01	0.00e+00	0.00e+00	0.00e+00	0.00e+00	0.00e+00
 2.86784e+14	2.09e-23	1.04e-15	1.87e-09	7.68e-05	4.42e-02	5.32e-01	4.23e-01	0.00e+00	0.00e+00	0.00e+00	0.00e+00	0.00e+00
 2.98285e+14	3.17e-23	1.48e-15	2.45e-09	9.27e-05	4.92e-02	5.49e-01	4.02e-01	0.00e+00	0.00e+00	0.00e+00	0.00e+00	0.00e+00
 3.10247e+14	4.82e-23	2.10e-15	3.21e-09	1.12e-04	5.47e-02	5.65e-01	3.80e-01	0.00e+00	0.00e+00	0.00e+00	0.00e+00	0.00e+00
 3.22686e+14	7.31e-23	2.98e-15	4.19e-09	1.34e-04	6.06e-02	5.81e-01	3.59e-01	0.00e+00	0.00e+00	0.00e+00	0.00e+00	0.00e+00
 3.35624e+14	1.11e-22	4.21e-15	5.46e-09	1.61e-04	6.70e-02	5.95e-01	3.38e-01	0.00e+00	0.00e+00	0.00e+00	0.00e+00	0.00e+00
 3.48669e+14	1.65e-22	5.87e-15	7.04e-09	1.92e-04	7.38e-02	6.08e-01	3.18e-01	0.00e+00	0.00e+00	0.00e+00	0.00e+00	0.00e+00
 3.62235e+14	2.47e-22	8.17e-15	9.06e-09	2.28e-04	8.10e-02	6.19e-01	2.99e-01	0.00e+00	0.00e+00	0.00e+00	0.00e+00	0.00e+00
 3.76754e+14	3.71e-22	1.15e-14	1.17e-08	2.72e-04	8.90e-02	6.30e-01	2.80e-01	0.00e+00	0.00e+00	0.00e+00	0.00e+00	0.00e+00
 3.91854e+14	5.59e-22	1.60e-14	1.51e-08	3.24e-04	9.77e-02	6.40e-01	2.62e-01	0.00e+00	0.00e+00	0.00e+00	0.00e+00	0.00e+00
 4.07559e+14	8.38e-22	2.24e-14	1.95e-08	3.84e-04	1.07e-01	6.49e-01	2.44e-01	0.00e+00	0.00e+00	0.00e+00	0.00e+00	0.00e+00
 4.23891e+14	1.26e-21	3.12e-14	2.50e-08	4.55e-04	1.17e-01	6.56e-01	2.27e-01	0.00e+00	0.00e+00	0.00e+00	0.00e+00	0.00e+00
 4.40876e+14	1.88e-21	4.33e-14	3.21e-08	5.38e-04	1.27e-01	6.61e-01	2.11e-01	0.00e+00	0.00e+00	0.00e+00	0.00e+00	0.00e+00
 4.57250e+14	2.72e-21	5.87e-14	4.03e-08	6.27e-04	1.38e-01	6.65e-01	1.96e-01	0.00e+00	0.00e+00	0.00e+00	0.00e+00	0.00e+00
 4.72519e+14	3.80e-21	7.70e-14	4.95e-08	7.18e-04	1.47e-01	6.68e-01	1.84e-01	0.00e+00	0.00e+00	0.00e+00	0.00e+00	0.00e+00
 4.89689e+14	5.46e-21	1.03e-13	6.17e-08	8.31e-04	1.58e-01	6.70e-01	1.71e-01	0.00e+00	0.00e+00	0.00e+00	0.00e+00	0.00e+00
 5.09306e+14	8.11e-21	1.43e-13	7.85e-08	9.75e-04	1.71e-01	6.70e-01	1.58e-01	0.00e+00	0.00e+00	0.00e+00	0.00e+00	0.00e+00
 5.28616e+14	1.18e-20	1.93e-13	9.83e-08	1.13e-03	1.84e-01	6.69e-01	1.46e-01	0.00e+00	0.00e+00	0.00e+00	0.00e+00	0.00e+00
 5.48699e+14	1.71e-20	2.60e-13	1.23e-07	1.31e-03	1.98e-01	6.67e-01	1.34e-01	0.00e+00	0.00e+00	0.00e+00	0.00e+00	0.00e+00
 5.70676e+14	2.52e-20	3.57e-13	1.56e-07	1.53e-03	2.13e-01	6.63e-01	1.23e-01	0.00e+00	0.00e+00	0.00e+00	0.00e+00	0.00e+00
 5.92771e+14	3.68e-20	4.83e-13	1.95e-07	1.77e-03	2.28e-01	6.58e-01	1.13e-01	0.00e+00	0.00e+00	0.00e+00	0.00e+00	0.00e+00
 6.15750e+14	5.34e-20	6.51e-13	2.43e-07	2.04e-03	2.43e-01	6.52e-01	1.03e-01	0.00e+00	0.00e+00	0.00e+00	0.00e+00	0.00e+00
 6.40410e+14	7.85e-20	8.88e-13	3.06e-07	2.36e-03	2.60e-01	6.44e-01	9.37e-02	0.00e+00	0.00e+00	0.00e+00	0.00e+00	0.00e+00
 6.66056e+14	1.15e-19	1.20e-12	3.83e-07	2.73e-03	2.77e-01	6.35e-01	8.52e-02	0.00e+00	0.00e+00	0.00e+00	0.00e+00	0.00e+00
 6.92729e+14	1.68e-19	1.63e-12	4.78e-07	3.14e-03	2.95e-01	6.25e-01	7.72e-02	0.00e+00	0.00e+00	0.00e+00	0.00e+00	0.00e+00
 7.20468e+14	2.45e-19	2.20e-12	5.96e-07	3.62e-03	3.13e-01	6.13e-01	6.99e-02	0.00e+00	0.00e+00	0.00e+00	0.00e+00	0.00e+00
 7.49316e+14	3.56e-19	2.96e-12	7.41e-07	4.15e-03	3.32e-01	6.01e-01	6.31e-02	0.00e+00	0.00e+00	0.00e+00	0.00e+00	0.00e+00
 7.79319e+14	5.17e-19	3.98e-12	9.20e-07	4.75e-03	3.51e-01	5.87e-01	5.68e-02	0.00e+00	0.00e+00	0.00e+00	0.00e+00	0.00e+00
 8.10521e+14	7.49e-19	5.33e-12	1.14e-06	5.43e-03	3.70e-01	5.73e-01	5.11e-02	0.00e+00	0.00e+00	0.00e+00	0.00e+00	0.00e+00
 8.42972e+14	1.08e-18	7.13e-12	1.41e-06	6.20e-03	3.90e-01	5.58e-01	4.58e-02	0.00e+00	0.00e+00	0.00e+00	0.00e+00	0.00e+00
 8.76721e+14	1.56e-18	9.52e-12	1.73e-06	7.05e-03	4.10e-01	5.42e-01	4.10e-02	0.00e+00	0.00e+00	0.00e+00	0.00e+00	0.00e+00
 9.11820e+14	2.25e-18	1.27e-11	2.13e-06	8.01e-03	4.30e-01	5.25e-01	3.66e-02	0.00e+00	0.00e+00	0.00e+00	0.00e+00	0.00e+00
 9.48323e+14	3.23e-18	1.68e-11	2.62e-06	9.08e-03	4.50e-01	5.08e-01	3.27e-02	0.00e+00	0.00e+00	0.00e+00	0.00e+00	0.00e+00
 9.86285e+14	4.63e-18	2.23e-11	3.21e-06	1.03e-02	4.70e-01	4.90e-01	2.90e-02	0.00e+00	0.00e+00	0.00e+00	0.00e+00	0.00e+00
 1.02577e+15	6.62e-18	2.95e-11	3.92e-06	1.16e-02	4.90e-01	4.72e-01	2.58e-02	0.00e+00	0.00e+00	0.00e+00	0.00e+00	0.00e+00
 1.06683e+15	9.46e-18	3.90e-11	4.78e-06	1.30e-02	5.10e-01	4.54e-01	2.28e-02	0.00e+00	0.00e+00	0.00e+00	0.00e+00	0.00e+00
 1.10836e+15	1.33e-17	5.10e-11	5.79e-06	1.46e-02	5.29e-01	4.36e-01	2.02e-02	0.00e+00	0.00e+00	0.00e+00	0.00e+00	0.00e+00
 1.15156e+15	1.88e-17	6.66e-11	7.00e-06	1.64e-02	5.48e-01	4.17e-01	1.79e-02	0.00e+00	0.00e+00	0.00e+00	0.00e+00	0.00e+00
 1.19765e+15	2.70e-17	8.74e-11	8.49e-06	1.83e-02	5.67e-01	3.99e-01	1.58e-02	0.00e+00	0.00e+00	1.52e-17	8.34e-18	3.42e-18
 1.24559e+15	3.79e-17	1.14e-10	1.03e-05	2.05e-02	5.86e-01	3.80e-01	1.38e-02	0.00e+00	0.00e+00	2.12e-17	1.23e-17	4.32e-18
 1.29544e+15	5.37e-17	1.50e-10	1.24e-05	2.28e-02	6.03e-01	3.62e-01	1.21e-02	0.00e+00	0.00e+00	3.00e-17	1.74e-17	6.12e-18
 1.34729e+15	7.58e-17	1.95e-10	1.50e-05	2.54e-02	6.21e-01	3.43e-01	1.06e-02	0.00e+00	0.00e+00	4.24e-17	2.45e-17	8.64e-18
 1.39866e+15	1.05e-16	2.51e-10	1.78e-05	2.81e-02	6.36e-01	3.26e-01	9.31e-03	0.00e+00	0.00e+00	5.88e-17	3.39e-17	1.20e-17
 1.45209e+15	1.46e-16	3.23e-10	2.13e-05	3.11e-02	6.52e-01	3.09e-01	8.16e-03	0.00e+00	0.00e+00	8.17e-17	4.68e-17	1.66e-17
 1.51020e+15	2.05e-16	4.19e-10	2.55e-05	3.44e-02	6.67e-01	2.92e-01	7.09e-03	0.00e+00	0.00e+00	1.15e-16	6.56e-17	2.33e-17
 1.56922e+15	2.85e-16	5.39e-10	3.04e-05	3.80e-02	6.81e-01	2.75e-01	6.17e-03	0.00e+00	0.00e+00	1.60e-16	9.11e-17	3.24e-17
 1.63060e+15	3.96e-16	6.93e-10	3.62e-05	4.18e-02	6.94e-01	2.59e-01	5.36e-03	0.00e+00	0.00e+00	2.23e-16	1.26e-16	4.50e-17
 1.69585e+15	5.55e-16	8.96e-10	4.33e-05	4.61e-02	7.06e-01	2.43e-01	4.62e-03	0.00e+00	0.00e+00	3.13e-16	1.76e-16	6.29e-17
 1.75762e+15	7.52e-16	1.13e-09	5.07e-05	5.03e-02	7.16e-01	2.29e-01	4.04e-03	0.00e+00	0.00e+00	4.25e-16	2.38e-16	8.52e-17
 1.81346e+15	9.81e-16	1.38e-09	5.83e-05	5.42e-02	7.25e-01	2.17e-01	3.58e-03	0.00e+00	0.00e+00	5.55e-16	3.09e-16	1.11e-16
 1.87634e+15	1.31e-15	1.72e-09	6.77e-05	5.88e-02	7.33e-01	2.05e-01	3.14e-03	0.00e+00	0.00e+00	7.40e-16	4.12e-16	1.48e-16
 1.95013e+15	1.81e-15	2.20e-09	8.03e-05	6.44e-02	7.42e-01	1.91e-01	2.70e-03	0.00e+00	0.00e+00	1.03e-15	5.69e-16	2.05e-16
 2.02298e+15	2.46e-15	2.77e-09	9.40e-05	7.00e-02	7.49e-01	1.79e-01	2.33e-03	0.00e+00	0.00e+00	1.40e-15	7.71e-16	2.77e-16
 2.09119e+15	3.25e-15	3.42e-09	1.09e-04	7.55e-02	7.54e-01	1.68e-01	2.04e-03	0.00e+00	0.00e+00	1.85e-15	1.02e-15	3.66e-16
 2.16731e+15	4.38e-15	4.28e-09	1.26e-04	8.18e-02	7.59e-01	1.57e-01	1.76e-03	0.00e+00	0.00e+00	2.49e-15	1.36e-15	4.91e-16
 2.25403e+15	6.07e-15	5.47e-09	1.49e-04	8.92e-02	7.64e-01	1.45e-01	1.50e-03	0.00e+00	0.00e+00	3.46e-15	1.89e-15	6.80e-16
 2.33941e+15	8.26e-15	6.89e-09	1.75e-04	9.67e-02	7.67e-01	1.35e-01	1.28e-03	0.00e+00	0.00e+00	4.72e-15	2.56e-15	9.22e-16
 2.42820e+15	1.12e-14	8.68e-09	2.04e-04	1.05e-01	7.69e-01	1.25e-01	1.10e-03	0.00e+00	0.00e+00	6.42e-15	3.47e-15	1.25e-15
 2.52535e+15	1.55e-14	1.10e-08	2.40e-04	1.14e-01	7.70e-01	1.15e-01	9.26e-04	0.00e+00	0.00e+00	8.87e-15	4.78e-15	1.72e-15
 2.62318e+15	2.12e-14	1.39e-08	2.81e-04	1.23e-01	7.70e-01	1.06e-01	7.85e-04	0.00e+00	0.00e+00	1.21e-14	6.52e-15	2.34e-15
 2.71577e+15	2.81e-14	1.72e-08	3.24e-04	1.32e-01	7.69e-01	9.82e-02	6.74e-04	0.00e+00	0.00e+00	1.61e-14	8.64e-15	3.10e-15
 2.81528e+15	3.77e-14	2.14e-08	3.75e-04	1.42e-01	7.67e-01	9.06e-02	5.74e-04	0.00e+00	0.00e+00	2.16e-14	1.16e-14	4.15e-15
 2.92412e+15	5.12e-14	2.68e-08	4.37e-04	1.53e-01	7.63e-01	8.31e-02	4.83e-04	0.00e+00	0.00e+00	2.94e-14	1.57e-14	5.63e-15
 3.02697e+15	6.78e-14	3.30e-08	5.03e-04	1.64e-01	7.59e-01	7.66e-02	4.13e-04	0.00e+00	0.00e+00	3.89e-14	2.08e-14	7.42e-15
 3.13773e+15	9.04e-14	4.08e-08	5.79e-04	1.75e-01	7.54e-01	7.03e-02	3.49e-04	0.00e+00	0.00e+00	5.19e-14	2.77e-14	9.86e-15
 3.25943e+15	1.23e-13	5.12e-08	6.74e-04	1.88e-01	7.47e-01	6.41e-02	2.92e-04	0.00e+00	0.00e+00	7.06e-14	3.76e-14	1.34e-14
 3.37457e+15	1.62e-13	6.28e-08	7.73e-04	2.00e-01	7.40e-01	5.87e-02	2.48e-04	0.00e+00	0.00e+00	9.34e-14	4.98e-14	1.76e-14
 3.49816e+15	2.17e-13	7.77e-08	8.90e-04	2.14e-01	7.31e-01	5.36e-02	2.08e-04	0.00e+00	0.00e+00	1.25e-13	6.65e-14	2.35e-14
 3.63312e+15	2.95e-13	9.72e-08	1.03e-03	2.29e-01	7.21e-01	4.85e-02	1.73e-04	0.00e+00	0.00e+00	1.70e-13	9.02e-14	3.18e-14
 3.75995e+15	3.88e-13	1.19e-07	1.18e-03	2.43e-01	7.11e-01	4.43e-02	1.45e-04	0.00e+00	0.00e+00	2.24e-13	1.19e-13	4.17e-14
 3.89685e+15	5.16e-13	1.46e-07	1.35e-03	2.59e-01	7.00e-01	4.01e-02	1.21e-04	0.00e+00	0.00e+00	2.97e-13	1.58e-13	5.53e-14
 4.04788e+15	7.00e-13	1.82e-07	1.57e-03	2.76e-01	6.86e-01	3.61e-02	9.98e-05	0.00e+00	0.00e+00	4.03e-13	2.14e-13	7.47e-14
 4.19037e+15	9.22e-13	2.23e-07	1.79e-03	2.92e-01	6.73e-01	3.27e-02	8.33e-05	0.00e+00	0.00e+00	5.32e-13	2.82e-13	9.81e-14
 4.34345e+15	1.23e-12	2.74e-07	2.05e-03	3.10e-01	6.59e-01	2.94e-02	6.87e-05	0.00e+00	0.00e+00	7.09e-13	3.76e-13	1.30e-13
 4.51050e+15	1.66e-12	3.40e-07	2.36e-03	3.29e-01	6.42e-01	2.62e-02	5.60e-05	0.00e+00	0.00e+00	9.58e-13	5.07e-13	1.76e-13
 4.66398e+15	2.17e-12	4.12e-07	2.68e-03	3.46e-01	6.27e-01	2.36e-02	4.66e-05	0.00e+00	0.00e+00	1.25e-12	6.62e-13	2.29e-13
 4.82869e+15	2.86e-12	5.03e-07	3.05e-03	3.65e-01	6.10e-01	2.11e-02	3.83e-05	0.00e+00	0.00e+00	1.65e-12	8.75e-13	3.01e-13
 5.01291e+15	3.86e-12	6.24e-07	3.51e-03	3.86e-01	5.91e-01	1.87e-02	3.09e-05	0.00e+00	0.00e+00	2.23e-12	1.18e-12	4.05e-13
 5.18744e+15	5.05e-12	7.56e-07	3.98e-03	4.06e-01	5.74e-01	1.67e-02	2.53e-05	0.00e+00	0.00e+00	2.92e-12	1.54e-12	5.29e-13
 5.37628e+15	6.74e-12	9.28e-07	4.55e-03	4.27e-01	5.54e-01	1.47e-02	2.04e-05	0.00e+00	0.00e+00	3.90e-12	2.06e-12	7.03e-13
 5.58354e+15	9.10e-12	1.15e-06	5.24e-03	4.50e-01	5.32e-01	1.29e-02	1.62e-05	0.00e+00	0.00e+00	5.27e-12	2.78e-12	9.48e-13
 5.77330e+15	1.19e-11	1.39e-06	5.93e-03	4.70e-01	5.13e-01	1.14e-02	1.32e-05	0.00e+00	0.00e+00	6.87e-12	3.63e-12	1.23e-12
 5.97555e+15	1.57e-11	1.69e-06	6.75e-03	4.91e-01	4.92e-01	9.99e-03	1.06e-05	0.00e+00	0.00e+00	9.07e-12	4.79e-12	1.63e-12
 6.19955e+15	2.11e-11	2.08e-06	7.74e-03	5.15e-01	4.69e-01	8.65e-03	8.32e-06	0.00e+00	0.00e+00	1.22e-11	6.44e-12	2.18e-12
 6.40852e+15	2.75e-11	2.51e-06	8.76e-03	5.36e-01	4.48e-01	7.57e-03	6.68e-06	0.00e+00	0.00e+00	1.59e-11	8.39e-12	2.84e-12
 6.63688e+15	3.65e-11	3.07e-06	1.00e-02	5.58e-01	4.25e-01	6.54e-03	5.24e-06	0.00e+00	0.00e+00	2.12e-11	1.12e-11	3.77e-12
 6.88905e+15	4.94e-11	3.80e-06	1.15e-02	5.82e-01	4.01e-01	5.56e-03	4.03e-06	0.00e+00	0.00e+00	2.87e-11	1.51e-11	5.09e-12
 7.12313e+15	6.49e-11	4.60e-06	1.31e-02	6.04e-01	3.79e-01	4.79e-03	3.17e-06	0.00e+00	0.00e+00	3.76e-11	1.98e-11	6.67e-12
 7.34058e+15	8.30e-11	5.47e-06	1.47e-02	6.23e-01	3.58e-01	4.17e-03	2.54e-06	0.00e+00	0.00e+00	4.81e-11	2.54e-11	8.52e-12
 7.58546e+15	1.09e-10	6.64e-06	1.67e-02	6.43e-01	3.36e-01	3.56e-03	1.97e-06	0.00e+00	0.00e+00	6.34e-11	3.34e-11	1.12e-11
 7.85369e+15	1.46e-10	8.15e-06	1.92e-02	6.65e-01	3.13e-01	2.99e-03	1.50e-06	0.00e+00	0.00e+00	8.49e-11	4.47e-11	1.50e-11
 8.10458e+15	1.91e-10	9.83e-06	2.18e-02	6.84e-01	2.92e-01	2.54e-03	1.16e-06	0.00e+00	0.00e+00	1.11e-10	5.83e-11	1.95e-11
 8.34245e+15	2.44e-10	1.17e-05	2.46e-02	7.00e-01	2.73e-01	2.18e-03	9.13e-07	0.00e+00	0.00e+00	1.42e-10	7.46e-11	2.50e-11
 8.61109e+15	3.24e-10	1.43e-05	2.82e-02	7.18e-01	2.52e-01	1.82e-03	0.00e+00	0.00e+00	0.00e+00	1.88e-10	9.90e-11	3.31e-11
 8.90616e+15	4.37e-10	1.78e-05	3.27e-02	7.36e-01	2.30e-01	1.49e-03	0.00e+00	0.00e+00	0.00e+00	2.54e-10	1.34e-10	4.47e-11
 9.17329e+15	5.70e-10	2.15e-05	3.75e-02	7.51e-01	2.11e-01	1.24e-03	0.00e+00	0.00e+00	0.00e+00	3.31e-10	1.75e-10	5.83e-11
 9.41607e+15	7.30e-10	2.57e-05	4.25e-02	7.62e-01	1.94e-01	1.05e-03	0.00e+00	0.00e+00	0.00e+00	4.24e-10	2.23e-10	7.46e-11
 9.68947e+15	9.69e-10	3.17e-05	4.91e-02	7.74e-01	1.76e-01	8.63e-04	0.00e+00	0.00e+00	0.00e+00	5.63e-10	2.97e-10	9.91e-11
 9.98083e+15	1.30e-09	3.93e-05	5.75e-02	7.84e-01	1.58e-01	6.99e-04	0.00e+00	0.00e+00	0.00e+00	7.55e-10	3.98e-10	1.33e-10
 1.02295e+16	1.68e-09	4.76e-05	6.61e-02	7.90e-01	1.43e-01	5.80e-04	0.00e+00	0.00e+00	0.00e+00	9.75e-10	5.14e-10	1.71e-10
 1.04460e+16	2.11e-09	5.67e-05	7.51e-02	7.94e-01	1.30e-01	4.89e-04	0.00e+00	0.00e+00	0.00e+00	1.23e-09	6.48e-10	2.16e-10
 1.06868e+16	2.78e-09	6.98e-05	8.73e-02	7.96e-01	1.16e-01	4.00e-04	0.00e+00	0.00e+00	0.00e+00	1.62e-09	8.52e-10	2.84e-10
 1.09414e+16	3.71e-09	8.73e-05	1.03e-01	7.94e-01	1.03e-01	3.22e-04	0.00e+00	0.00e+00	0.00e+00	2.16e-09	1.14e-09	3.80e-10
 1.11530e+16	4.76e-09	1.06e-04	1.20e-01	7.89e-01	9.15e-02	2.65e-04	0.00e+00	0.00e+00	0.00e+00	2.77e-09	1.46e-09	4.88e-10
 1.13290e+16	5.95e-09	1.27e-04	1.37e-01	7.81e-01	8.22e-02	2.23e-04	0.00e+00	0.00e+00	0.00e+00	3.46e-09	1.82e-09	6.09e-10
 1.14945e+16	7.40e-09	1.51e-04	1.56e-01	7.70e-01	7.35e-02	1.86e-04	0.00e+00	0.00e+00	0.00e+00	4.30e-09	2.27e-09	7.58e-10
 1.16593e+16	9.36e-09	1.82e-04	1.80e-01	7.54e-01	6.48e-02	1.54e-04	0.00e+00	0.00e+00	0.00e+00	5.44e-09	2.87e-09	9.59e-10
 1.18181e+16	1.19e-08	2.22e-04	2.10e-01	7.34e-01	5.64e-02	1.25e-04	0.00e+00	0.00e+00	0.00e+00	6.92e-09	3.66e-09	1.22e-09
 1.19623e+16	1.49e-08	2.68e-04	2.43e-01	7.08e-01	4.88e-02	1.01e-04	0.00e+00	0.00e+00	0.00e+00	8.69e-09	4.59e-09	1.53e-09
 1.20901e+16	1.86e-08	3.22e-04	2.80e-01	6.78e-01	4.19e-02	8.19e-05	0.00e+00	0.00e+00	0.00e+00	1.08e-08	5.72e-09	1.92e-09
 1.22054e+16	2.31e-08	3.84e-04	3.21e-01	6.43e-01	3.56e-02	6.56e-05	0.00e+00	0.00e+00	0.00e+00	1.34e-08	7.09e-09	2.37e-09
 1.23117e+16	2.85e-08	4.58e-04	3.68e-01	6.01e-01	2.97e-02	5.16e-05	0.00e+00	0.00e+00	0.00e+00	1.65e-08	8.74e-09	2.93e-09
 1.24097e+16	3.49e-08	5.44e-04	4.21e-01	5.54e-01	2.43e-02	3.97e-05	0.00e+00	0.00e+00	0.00e+00	2.03e-08	1.07e-08	3.60e-09
 1.24946e+16	4.20e-08	6.34e-04	4.75e-01	5.05e-01	1.97e-02	3.05e-05	0.00e+00	0.00e+00	0.00e+00	2.44e-08	1.29e-08	4.33e-09
 1.25635e+16	4.90e-08	7.22e-04	5.25e-01	4.59e-01	1.60e-02	2.36e-05	0.00e+00	0.00e+00	0.00e+00	2.85e-08	1.51e-08	5.06e-09
 1.26245e+16	5.64e-08	8.12e-04	5.74e-01	4.13e-01	1.29e-02	1.81e-05	0.00e+00	0.00e+00	0.00e+00	3.28e-08	1.73e-08	5.84e-09
 1.26834e+16	6.46e-08	9.08e-04	6.25e-01	3.64e-01	1.01e-02	1.35e-05	0.00e+00	0.00e+00	0.00e+00	3.75e-08	1.99e-08	6.70e-09
 1.27410e+16	7.36e-08	1.01e-03	6.76e-01	3.15e-01	7.70e-03	9.73e-06	0.00e+00	0.00e+00	0.00e+00	4.28e-08	2.27e-08	7.64e-09
 1.27977e+16	8.33e-08	1.12e-03	7.27e-01	2.66e-01	5.63e-03	6.70e-06	0.00e+00	0.00e+00	0.00e+00	4.85e-08	2.57e-08	8.67e-09
 1.28628e+16	9.55e-08	1.24e-03	7.84e-01	2.11e-01	3.72e-03	4.09e-06	0.00e+00	0.00e+00	0.00e+00	5.55e-08	2.94e-08	9.95e-09
 1.29359e+16	1.09e-07	1.37e-03	8.39e-01	1.57e-01	2.20e-03	2.20e-06	0.00e+00	0.00e+00	0.00e+00	6.35e-08	3.36e-08	1.14e-08
 1.30084e+16	1.22e-07	1.49e-03	8.84e-01	1.14e-01	1.23e-03	1.11e-06	0.00e+00	0.00e+00	0.00e+00	7.11e-08	3.77e-08	1.28e-08
 1.30873e+16	1.36e-07	1.60e-03	9.19e-01	7.91e-02	6.36e-04	5.00e-07	0.00e+00	0.00e+00	0.00e+00	7.89e-08	4.19e-08	1.42e-08
 1.31813e+16	1.49e-07	1.70e-03	9.46e-01	5.24e-02	2.91e-04	0.00e+00	0.00e+00	0.00e+00	0.00e+00	8.68e-08	4.61e-08	1.57e-08
 1.32997e+16	1.64e-07	1.79e-03	9.65e-01	3.36e-02	1.17e-04	0.00e+00	0.00e+00	0.00e+00	0.00e+00	9.53e-08	5.06e-08	1.72e-08
 1.34536e+16	1.80e-07	1.88e-03	9.76e-01	2.18e-02	4.20e-05	0.00e+00	0.00e+00	0.00e+00	0.00e+00	1.05e-07	5.55e-08	1.89e-08
 1.36537e+16	1.99e-07	1.97e-03	9.83e-01	1.53e-02	1.45e-05	0.00e+00	0.00e+00	0.00e+00	0.00e+00	1.16e-07	6.14e-08	2.09e-08
 1.39138e+16	2.23e-07	2.07e-03	9.86e-01	1.20e-02	4.84e-06	0.00e+00	0.00e+00	0.00e+00	0.00e+00	1.30e-07	6.90e-08	2.35e-08
 1.42520e+16	2.58e-07	2.20e-03	9.88e-01	1.02e-02	1.55e-06	0.00e+00	0.00e+00	0.00e+00	0.00e+00	1.50e-07	7.96e-08	2.72e-08
 1.46916e+16	3.10e-07	2.37e-03	9.89e-01	9.01e-03	4.59e-07	0.00e+00	0.00e+00	0.00e+00	0.00e+00	1.80e-07	9.57e-08	3.26e-08
 1.51723e+16	3.77e-07	2.56e-03	9.89e-01	8.14e-03	0.00e+00	0.00e+00	0.00e+00	0.00e+00	0.00e+00	2.19e-07	1.17e-07	3.98e-08
 1.56088e+16	4.51e-07	2.75e-03	9.90e-01	7.50e-03	0.00e+00	0.00e+00	0.00e+00	0.00e+00	0.00e+00	2.63e-07	1.40e-07	4.76e-08
 1.60785e+16	5.50e-07	2.97e-03	9.90e-01	6.89e-03	0.00e+00	0.00e+00	0.00e+00	0.00e+00	0.00e+00	3.20e-07	1.70e-07	5.79e-08
 1.65947e+16	6.85e-07	3.23e-03	9.90e-01	6.30e-03	0.00e+00	0.00e+00	0.00e+00	0.00e+00	0.00e+00	3.98e-07	2.12e-07	7.22e-08
 1.70597e+16	8.38e-07	3.49e-03	9.91e-01	5.84e-03	0.00e+00	0.00e+00	0.00e+00	0.00e+00	0.00e+00	4.87e-07	2.59e-07	8.83e-08
 1.74842e+16	1.01e-06	3.75e-03	9.91e-01	5.44e-03	0.00e+00	0.00e+00	0.00e+00	0.00e+00	0.00e+00	5.89e-07	3.13e-07	1.07e-07
 1.79675e+16	1.27e-06	4.07e-03	9.91e-01	5.01e-03	0.00e+00	0.00e+00	0.00e+00	0.00e+00	0.00e+00	7.36e-07	3.92e-07	1.33e-07
 1.84994e+16	1.63e-06	4.46e-03	9.91e-01	4.60e-03	0.00e+00	0.00e+00	0.00e+00	0.00e+00	0.00e+00	9.48e-07	5.04e-07	1.71e-07
 1.89813e+16	2.07e-06	4.87e-03	9.91e-01	4.25e-03	0.00e+00	0.00e+00	0.00e+00	0.00e+00	0.00e+00	1.20e-06	6.41e-07	2.18e-07
 1.94187e+16	2.60e-06	5.28e-03	9.91e-01	3.95e-03	0.00e+00	0.00e+00	0.00e+00	0.00e+00	0.00e+00	1.51e-06	8.05e-07	2.73e-07
 1.99115e+16	3.42e-06	5.83e-03	9.91e-01	3.62e-03	0.00e+00	0.00e+00	0.00e+00	0.00e+00	0.00e+00	1.99e-06	1.06e-06	3.59e-07
 2.04395e+16	4.67e-06	6.51e-03	9.90e-01	3.30e-03	0.00e+00	0.00e+00	0.00e+00	0.00e+00	0.00e+00	2.71e-06	1.44e-06	4.89e-07
 2.08889e+16	6.22e-06	7.24e-03	9.90e-01	3.03e-03	0.00e+00	0.00e+00	0.00e+00	0.00e+00	0.00e+00	3.61e-06	1.92e-06	6.52e-07
 2.12677e+16	8.05e-06	7.96e-03	9.89e-01	2.81e-03	0.00e+00	0.00e+00	0.00e+00	0.00e+00	0.00e+00	4.68e-06	2.49e-06	8.43e-07
 2.16227e+16	1.05e-05	8.78e-03	9.89e-01	2.60e-03	0.00e+00	0.00e+00	0.00e+00	0.00e+00	0.00e+00	6.07e-06	3.23e-06	1.09e-06
 2.20282e+16	1.44e-05	9.93e-03	9.88e-01	2.35e-03	0.00e+00	0.00e+00	0.00e+00	0.00e+00	0.00e+00	8.36e-06	4.45e-06	1.50e-06
 2.24427e+16	2.05e-05	1.14e-02	9.86e-01	2.10e-03	0.00e+00	0.00e+00	0.00e+00	0.00e+00	0.00e+00	1.19e-05	6.34e-06	2.14e-06
 2.27632e+16	2.78e-05	1.30e-02	9.85e-01	1.89e-03	0.00e+00	0.00e+00	0.00e+00	0.00e+00	0.00e+00	1.61e-05	8.57e-06	2.90e-06
 2.30176e+16	3.59e-05	1.45e-02	9.84e-01	1.74e-03	0.00e+00	0.00e+00	0.00e+00	0.00e+00	0.00e+00	2.09e-05	1.11e-05	3.75e-06
 2.32919e+16	4.85e-05	1.65e-02	9.82e-01	1.56e-03	0.00e+00	0.00e+00	0.00e+00	0.00e+00	0.00e+00	2.82e-05	1.50e-05	5.06e-06
 2.35158e+16	6.26e-05	1.85e-02	9.80e-01	1.43e-03	0.00e+00	0.00e+00	0.00e+00	0.00e+00	0.00e+00	3.64e-05	1.93e-05	6.52e-06
 2.36220e+16	7.14e-05	1.96e-02	9.79e-01	1.35e-03	0.00e+00	0.00e+00	0.00e+00	0.00e+00	0.00e+00	4.15e-05	2.20e-05	7.43e-06
 2.37080e+16	7.98e-05	2.06e-02	9.78e-01	1.30e-03	0.00e+00	0.00e+00	0.00e+00	0.00e+00	0.00e+00	4.64e-05	2.46e-05	8.31e-06
 2.38198e+16	9.26e-05	2.21e-02	9.77e-01	1.22e-03	0.00e+00	0.00e+00	0.00e+00	0.00e+00	0.00e+00	5.39e-05	2.86e-05	9.64e-06
 2.39651e+16	1.13e-04	2.43e-02	9.74e-01	1.13e-03	0.00e+00	0.00e+00	0.00e+00	0.00e+00	0.00e+00	6.58e-05	3.49e-05	1.18e-05
 2.41067e+16	1.39e-04	2.68e-02	9.72e-01	1.04e-03	0.00e+00	0.00e+00	0.00e+00	0.00e+00	0.00e+00	8.07e-05	4.28e-05	1.44e-05
 2.42023e+16	1.60e-04	2.87e-02	9.70e-01	9.85e-04	0.00e+00	0.00e+00	0.00e+00	0.00e+00	0.00e+00	9.29e-05	4.93e-05	1.66e-05
 2.42714e+16	1.78e-04	3.02e-02	9.69e-01	9.42e-04	0.00e+00	0.00e+00	0.00e+00	0.00e+00	0.00e+00	1.03e-04	5.49e-05	1.85e-05
 2.43472e+16	2.02e-04	3.21e-02	9.67e-01	8.91e-04	0.00e+00	0.00e+00	0.00e+00	0.00e+00	0.00e+00	1.17e-04	6.21e-05	2.09e-05
 2.44458e+16	2.38e-04	3.49e-02	9.64e-01	8.28e-04	0.00e+00	0.00e+00	0.00e+00	0.00e+00	0.00e+00	1.38e-04	7.34e-05	2.47e-05
 2.45434e+16	2.82e-04	3.80e-02	9.61e-01	7.66e-04	0.00e+00	0.00e+00	0.00e+00	0.00e+00	0.00e+00	1.64e-04	8.69e-05	2.93e-05
 2.46170e+16	3.21e-04	4.06e-02	9.58e-01	7.24e-04	0.00e+00	0.00e+00	0.00e+00	0.00e+00	0.00e+00	1.87e-04	9.91e-05	3.34e-05
 2.46804e+16	3.62e-04	4.31e-02	9.56e-01	6.86e-04	0.00e+00	0.00e+00	0.00e+00	0.00e+00	0.00e+00	2.10e-04	1.12e-04	3.76e-05
 2.47533e+16	4.18e-04	4.64e-02	9.53e-01	6.41e-04	0.00e+00	0.00e+00	0.00e+00	0.00e+00	0.00e+00	2.43e-04	1.29e-04	4.33e-05
 2.48319e+16	4.89e-04	5.03e-02	9.49e-01	5.94e-04	0.00e+00	0.00e+00	0.00e+00	0.00e+00	0.00e+00	2.84e-04	1.51e-04	5.07e-05
 2.49003e+16	5.63e-04	5.41e-02	9.45e-01	5.55e-04	0.00e+00	0.00e+00	0.00e+00	0.00e+00	0.00e+00	3.27e-04	1.73e-04	5.84e-05
 2.49600e+16	6.40e-04	5.79e-02	9.41e-01	5.22e-04	0.00e+00	0.00e+00	0.00e+00	0.00e+00	0.00e+00	3.72e-04	1.97e-04	6.64e-05
 2.50261e+16	7.44e-04	6.27e-02	9.36e-01	4.84e-04	0.00e+00	0.00e+00	0.00e+00	0.00e+00	0.00e+00	4.32e-04	2.29e-04	7.71e-05
 2.50961e+16	8.73e-04	6.82e-02	9.30e-01	4.46e-04	0.00e+00	0.00e+00	0.00e+00	0.00e+00	0.00e+00	5.08e-04	2.69e-04	9.06e-05
 2.51555e+16	1.01e-03	7.35e-02	9.25e-01	4.15e-04	0.00e+00	0.00e+00	0.00e+00	0.00e+00	0.00e+00	5.85e-04	3.10e-04	1.04e-04
 2.52079e+16	1.15e-03	7.88e-02	9.20e-01	3.86e-04	0.00e+00	0.00e+00	0.00e+00	0.00e+00	0.00e+00	6.67e-04	3.53e-04	1.19e-04
 2.52669e+16	1.34e-03	8.56e-02	9.13e-01	3.55e-04	0.00e+00	0.00e+00	0.00e+00	0.00e+00	0.00e+00	7.78e-04	4.12e-04	1.39e-04
 2.53296e+16	1.58e-03	9.36e-02	9.04e-01	3.24e-04	0.00e+00	0.00e+00	0.00e+00	0.00e+00	0.00e+00	9.19e-04	4.86e-04	1.64e-04
 2.53830e+16	1.83e-03	1.01e-01	8.97e-01	2.98e-04	0.00e+00	0.00e+00	0.00e+00	0.00e+00	0.00e+00	1.06e-03	5.63e-04	1.90e-04
 2.54297e+16	2.09e-03	1.09e-01	8.89e-01	2.76e-04	0.00e+00	0.00e+00	0.00e+00	0.00e+00	0.00e+00	1.22e-03	6.44e-04	2.17e-04
 2.54821e+16	2.45e-03	1.19e-01	8.79e-01	2.51e-04	0.00e+00	0.00e+00	0.00e+00	0.00e+00	0.00e+00	1.43e-03	7.54e-04	2.54e-04
 2.55382e+16	2.91e-03	1.30e-01	8.66e-01	2.26e-04	0.00e+00	0.00e+00	0.00e+00	0.00e+00	0.00e+00	1.69e-03	8.97e-04	3.02e-04
 2.55869e+16	3.40e-03	1.42e-01	8.55e-01	2.05e-04	0.00e+00	0.00e+00	0.00e+00	0.00e+00	0.00e+00	1.98e-03	1.05e-03	3.52e-04
 2.56304e+16	3.93e-03	1.53e-01	8.43e-01	1.87e-04	0.00e+00	0.00e+00	0.00e+00	0.00e+00	0.00e+00	2.29e-03	1.21e-03	4.07e-04
