#depth	C	C+	C+2	C+3	C+4	C+5	C+6	C[1]	C[2]	C[3]	C+[1]	C+[2]	CO
 1.49634e+10	0.00e+00	0.00e+00	1.32e-26	2.18e-16	1.89e-05	1.53e-01	8.47e-01	0.00e+00	0.00e+00	0.00e+00	0.00e+00	0.00e+00	0.00e+00
 4.54887e+10	0.00e+00	2.69e-37	1.79e-26	2.73e-16	2.18e-05	1.63e-01	8.37e-01	0.00e+00	0.00e+00	0.00e+00	0.00e+00	0.00e+00	0.00e+00
 7.72350e+10	0.00e+00	0.00e+00	2.42e-26	3.42e-16	2.52e-05	1.74e-01	8.26e-01	0.00e+00	0.00e+00	0.00e+00	0.00e+00	0.00e+00	0.00e+00
 1.10251e+11	0.00e+00	5.76e-37	3.28e-26	4.27e-16	2.92e-05	1.86e-01	8.14e-01	0.00e+00	0.00e+00	0.00e+00	0.00e+00	0.00e+00	0.00e+00
 1.44588e+11	0.00e+00	0.00e+00	4.43e-26	5.33e-16	3.37e-05	1.98e-01	8.02e-01	0.00e+00	0.00e+00	0.00e+00	0.00e+00	0.00e+00	0.00e+00
 1.80298e+11	0.00e+00	1.23e-36	5.98e-26	6.66e-16	3.88e-05	2.11e-01	7.89e-01	0.00e+00	0.00e+00	0.00e+00	0.00e+00	0.00e+00	0.00e+00
 2.17437e+11	5.06e-48	1.79e-36	8.06e-26	8.30e-16	4.48e-05	2.25e-01	7.75e-01	0.00e+00	0.00e+00	0.00e+00	0.00e+00	0.00e+00	0.00e+00
 2.56061e+11	0.00e+00	2.61e-36	1.09e-25	1.03e-15	5.15e-05	2.39e-01	7.61e-01	0.00e+00	0.00e+00	0.00e+00	0.00e+00	0.00e+00	0.00e+00
 2.92113e+11	1.20e-47	3.66e-36	1.42e-25	1.26e-15	5.84e-05	2.52e-01	7.48e-01	0.00e+00	0.00e+00	0.00e+00	0.00e+00	0.00e+00	0.00e+00
 3.23897e+11	0.00e+00	0.00e+00	1.78e-25	1.48e-15	6.49e-05	2.64e-01	7.36e-01	0.00e+00	0.00e+00	0.00e+00	0.00e+00	0.00e+00	0.00e+00
 3.59371e+11	0.00e+00	6.67e-36	2.28e-25	1.78e-15	7.28e-05	2.77e-01	7.23e-01	0.00e+00	0.00e+00	0.00e+00	0.00e+00	0.00e+00	0.00e+00
 4.01973e+11	3.83e-47	9.54e-36	3.02e-25	2.19e-15	8.31e-05	2.92e-01	7.08e-01	0.00e+00	0.00e+00	0.00e+00	0.00e+00	0.00e+00	0.00e+00
 4.44790e+11	0.00e+00	0.00e+00	3.97e-25	2.67e-15	9.42e-05	3.08e-01	6.92e-01	0.00e+00	0.00e+00	0.00e+00	0.00e+00	0.00e+00	0.00e+00
 4.84153e+11	0.00e+00	1.83e-35	5.05e-25	3.18e-15	1.05e-04	3.22e-01	6.78e-01	0.00e+00	0.00e+00	0.00e+00	0.00e+00	0.00e+00	0.00e+00
 5.28075e+11	1.26e-46	2.55e-35	6.55e-25	3.85e-15	1.19e-04	3.37e-01	6.63e-01	0.00e+00	0.00e+00	0.00e+00	0.00e+00	0.00e+00	0.00e+00
 5.78922e+11	0.00e+00	0.00e+00	8.74e-25	4.75e-15	1.35e-04	3.55e-01	6.45e-01	0.00e+00	0.00e+00	0.00e+00	0.00e+00	0.00e+00	0.00e+00
 6.28640e+11	0.00e+00	5.20e-35	1.15e-24	5.78e-15	1.53e-04	3.72e-01	6.28e-01	0.00e+00	0.00e+00	0.00e+00	0.00e+00	0.00e+00	2.57e-168
 6.75785e+11	4.38e-46	7.12e-35	1.47e-24	6.91e-15	1.71e-04	3.88e-01	6.12e-01	0.00e+00	0.00e+00	0.00e+00	0.00e+00	0.00e+00	6.27e-233
 7.28180e+11	0.00e+00	9.97e-35	1.91e-24	8.37e-15	1.92e-04	4.06e-01	5.94e-01	0.00e+00	0.00e+00	0.00e+00	0.00e+00	0.00e+00	1.01e-297
 7.87234e+11	1.03e-45	1.43e-34	2.54e-24	1.03e-14	2.18e-04	4.25e-01	5.75e-01	0.00e+00	0.00e+00	0.00e+00	0.00e+00	0.00e+00	7.56e-145
 8.46638e+11	0.00e+00	2.04e-34	3.34e-24	1.25e-14	2.47e-04	4.44e-01	5.56e-01	0.00e+00	0.00e+00	0.00e+00	0.00e+00	0.00e+00	4.75e-210
 9.08418e+11	2.42e-45	2.89e-34	4.39e-24	1.53e-14	2.78e-04	4.63e-01	5.37e-01	0.00e+00	0.00e+00	0.00e+00	0.00e+00	0.00e+00	1.93e-275
 9.74681e+11	0.00e+00	4.15e-34	5.82e-24	1.87e-14	3.15e-04	4.82e-01	5.17e-01	0.00e+00	0.00e+00	0.00e+00	0.00e+00	0.00e+00	4.49e-165
 1.04360e+12	5.81e-45	5.94e-34	7.70e-24	2.28e-14	3.55e-04	5.02e-01	4.97e-01	0.00e+00	0.00e+00	0.00e+00	0.00e+00	0.00e+00	6.85e-231
 1.11527e+12	0.00e+00	8.50e-34	1.02e-23	2.79e-14	4.01e-04	5.22e-01	4.78e-01	0.00e+00	0.00e+00	0.00e+00	0.00e+00	0.00e+00	6.74e-297
 1.18980e+12	1.39e-44	1.21e-33	1.34e-23	3.40e-14	4.51e-04	5.42e-01	4.58e-01	0.00e+00	0.00e+00	0.00e+00	0.00e+00	0.00e+00	6.79e-142
 1.26732e+12	0.00e+00	1.73e-33	1.77e-23	4.14e-14	5.08e-04	5.61e-01	4.38e-01	0.00e+00	0.00e+00	0.00e+00	0.00e+00	0.00e+00	2.43e-208
 1.34794e+12	3.32e-44	2.47e-33	2.33e-23	5.04e-14	5.70e-04	5.81e-01	4.19e-01	0.00e+00	0.00e+00	0.00e+00	0.00e+00	0.00e+00	6.67e-141
 1.43179e+12	0.00e+00	3.52e-33	3.07e-23	6.12e-14	6.40e-04	6.00e-01	3.99e-01	0.00e+00	0.00e+00	0.00e+00	0.00e+00	0.00e+00	9.00e-208
 1.51898e+12	7.88e-44	5.01e-33	4.03e-23	7.42e-14	7.17e-04	6.19e-01	3.80e-01	0.00e+00	0.00e+00	0.00e+00	0.00e+00	0.00e+00	6.55e-140
 1.60967e+12	0.00e+00	7.12e-33	5.30e-23	9.00e-14	8.02e-04	6.37e-01	3.62e-01	0.00e+00	0.00e+00	0.00e+00	0.00e+00	0.00e+00	3.29e-207
 1.70398e+12	1.87e-43	1.01e-32	6.95e-23	1.09e-13	8.97e-04	6.56e-01	3.44e-01	0.00e+00	0.00e+00	0.00e+00	0.00e+00	0.00e+00	6.42e-139
 1.79601e+12	0.00e+00	1.40e-32	8.95e-23	1.30e-13	9.94e-04	6.72e-01	3.27e-01	0.00e+00	0.00e+00	0.00e+00	0.00e+00	0.00e+00	1.20e-206
 1.88352e+12	4.05e-43	1.90e-32	1.13e-22	1.53e-13	1.09e-03	6.87e-01	3.12e-01	0.00e+00	0.00e+00	0.00e+00	0.00e+00	0.00e+00	5.02e-138
 1.98059e+12	0.00e+00	2.62e-32	1.45e-22	1.83e-13	1.21e-03	7.03e-01	2.96e-01	0.00e+00	0.00e+00	0.00e+00	0.00e+00	0.00e+00	3.72e-206
 2.08657e+12	9.12e-43	3.67e-32	1.88e-22	2.19e-13	1.34e-03	7.19e-01	2.80e-01	0.00e+00	0.00e+00	0.00e+00	0.00e+00	0.00e+00	4.36e-137
 2.18881e+12	0.00e+00	5.03e-32	2.39e-22	2.60e-13	1.48e-03	7.33e-01	2.66e-01	0.00e+00	0.00e+00	0.00e+00	0.00e+00	0.00e+00	1.18e-205
 2.29832e+12	2.00e-42	6.96e-32	3.07e-22	3.09e-13	1.63e-03	7.47e-01	2.51e-01	0.00e+00	0.00e+00	0.00e+00	0.00e+00	0.00e+00	3.55e-136
 2.42018e+12	0.00e+00	9.85e-32	4.01e-22	3.72e-13	1.81e-03	7.62e-01	2.36e-01	0.00e+00	0.00e+00	0.00e+00	0.00e+00	0.00e+00	3.22e-205
 2.54314e+12	4.65e-42	1.38e-31	5.19e-22	4.46e-13	2.01e-03	7.75e-01	2.23e-01	0.00e+00	0.00e+00	0.00e+00	0.00e+00	0.00e+00	3.38e-135
 2.67102e+12	0.00e+00	1.93e-31	6.73e-22	5.33e-13	2.22e-03	7.89e-01	2.09e-01	0.00e+00	0.00e+00	0.00e+00	0.00e+00	0.00e+00	8.70e-205
 2.80779e+12	1.08e-41	2.73e-31	8.77e-22	6.41e-13	2.46e-03	8.01e-01	1.96e-01	0.00e+00	0.00e+00	0.00e+00	0.00e+00	0.00e+00	3.22e-134
 2.95003e+12	0.00e+00	3.86e-31	1.14e-21	7.71e-13	2.73e-03	8.14e-01	1.84e-01	0.00e+00	0.00e+00	0.00e+00	0.00e+00	0.00e+00	1.47e-204
 3.09795e+12	2.54e-41	5.46e-31	1.49e-21	9.27e-13	3.02e-03	8.25e-01	1.72e-01	0.00e+00	0.00e+00	0.00e+00	0.00e+00	0.00e+00	3.19e-133
 3.25180e+12	0.00e+00	7.72e-31	1.95e-21	1.11e-12	3.34e-03	8.36e-01	1.60e-01	0.00e+00	0.00e+00	0.00e+00	0.00e+00	0.00e+00	0.00e+00
 3.41180e+12	5.98e-41	1.09e-30	2.54e-21	1.34e-12	3.70e-03	8.47e-01	1.50e-01	0.00e+00	0.00e+00	0.00e+00	0.00e+00	0.00e+00	3.17e-132
 3.57820e+12	0.00e+00	1.55e-30	3.31e-21	1.61e-12	4.09e-03	8.56e-01	1.40e-01	0.00e+00	0.00e+00	0.00e+00	0.00e+00	0.00e+00	0.00e+00
 3.75125e+12	1.41e-40	2.19e-30	4.32e-21	1.93e-12	4.53e-03	8.66e-01	1.30e-01	0.00e+00	0.00e+00	0.00e+00	0.00e+00	0.00e+00	3.17e-131
 3.91371e+12	0.00e+00	3.00e-30	5.49e-21	2.28e-12	4.96e-03	8.73e-01	1.22e-01	0.00e+00	0.00e+00	0.00e+00	0.00e+00	0.00e+00	0.00e+00
 4.05853e+12	2.91e-40	3.93e-30	6.76e-21	2.63e-12	5.36e-03	8.80e-01	1.15e-01	0.00e+00	0.00e+00	0.00e+00	0.00e+00	0.00e+00	2.22e-130
 4.22089e+12	0.00e+00	5.29e-30	8.47e-21	3.07e-12	5.84e-03	8.86e-01	1.08e-01	0.00e+00	0.00e+00	0.00e+00	0.00e+00	0.00e+00	0.00e+00
 4.41387e+12	6.39e-40	7.43e-30	1.10e-20	3.67e-12	6.43e-03	8.93e-01	1.00e-01	0.00e+00	0.00e+00	0.00e+00	0.00e+00	0.00e+00	1.83e-129
 4.60724e+12	0.00e+00	1.03e-29	1.41e-20	4.36e-12	7.07e-03	8.99e-01	9.35e-02	0.00e+00	0.00e+00	0.00e+00	0.00e+00	0.00e+00	0.00e+00
 4.78804e+12	1.38e-39	1.39e-29	1.77e-20	5.10e-12	7.69e-03	9.05e-01	8.77e-02	0.00e+00	0.00e+00	0.00e+00	0.00e+00	0.00e+00	1.45e-128
 4.98919e+12	0.00e+00	1.91e-29	2.26e-20	6.03e-12	8.42e-03	9.10e-01	8.17e-02	0.00e+00	0.00e+00	0.00e+00	0.00e+00	0.00e+00	0.00e+00
 5.21868e+12	3.18e-39	2.72e-29	2.96e-20	7.25e-12	9.30e-03	9.15e-01	7.56e-02	0.00e+00	0.00e+00	0.00e+00	0.00e+00	0.00e+00	1.34e-127
 5.44628e+12	0.00e+00	3.81e-29	3.83e-20	8.65e-12	1.02e-02	9.20e-01	7.00e-02	0.00e+00	0.00e+00	0.00e+00	0.00e+00	0.00e+00	0.00e+00
 5.68298e+12	7.33e-39	5.34e-29	4.96e-20	1.03e-11	1.12e-02	9.24e-01	6.49e-02	0.00e+00	0.00e+00	0.00e+00	0.00e+00	0.00e+00	1.25e-126
 5.94022e+12	0.00e+00	7.62e-29	6.50e-20	1.24e-11	1.24e-02	9.28e-01	5.99e-02	0.00e+00	0.00e+00	0.00e+00	0.00e+00	0.00e+00	0.00e+00
 6.20210e+12	1.75e-38	1.08e-28	8.48e-20	1.49e-11	1.37e-02	9.31e-01	5.53e-02	0.00e+00	0.00e+00	0.00e+00	0.00e+00	0.00e+00	1.28e-125
 6.44583e+12	0.00e+00	1.48e-28	1.08e-19	1.76e-11	1.49e-02	9.34e-01	5.14e-02	0.00e+00	0.00e+00	0.00e+00	0.00e+00	0.00e+00	0.00e+00
 6.67027e+12	3.64e-38	1.95e-28	1.33e-19	2.03e-11	1.62e-02	9.36e-01	4.82e-02	0.00e+00	0.00e+00	0.00e+00	0.00e+00	0.00e+00	9.07e-125
 6.92657e+12	0.00e+00	2.67e-28	1.69e-19	2.39e-11	1.76e-02	9.38e-01	4.48e-02	0.00e+00	0.00e+00	0.00e+00	0.00e+00	0.00e+00	0.00e+00
 7.22784e+12	8.25e-38	3.78e-28	2.21e-19	2.86e-11	1.94e-02	9.39e-01	4.13e-02	0.00e+00	0.00e+00	0.00e+00	0.00e+00	0.00e+00	8.04e-124
 7.52658e+12	0.00e+00	5.31e-28	2.86e-19	3.42e-11	2.13e-02	9.41e-01	3.80e-02	0.00e+00	0.00e+00	0.00e+00	0.00e+00	0.00e+00	0.00e+00
 7.80502e+12	1.83e-37	7.21e-28	3.62e-19	4.01e-11	2.32e-02	9.41e-01	3.54e-02	0.00e+00	0.00e+00	0.00e+00	0.00e+00	0.00e+00	6.72e-123
 8.11489e+12	0.00e+00	9.97e-28	4.63e-19	4.74e-11	2.53e-02	9.42e-01	3.27e-02	0.00e+00	0.00e+00	0.00e+00	0.00e+00	0.00e+00	0.00e+00
 8.46941e+12	4.31e-37	1.44e-27	6.12e-19	5.74e-11	2.79e-02	9.42e-01	2.99e-02	0.00e+00	0.00e+00	0.00e+00	0.00e+00	0.00e+00	6.51e-122
 8.81750e+12	0.00e+00	2.02e-27	7.94e-19	6.85e-11	3.07e-02	9.42e-01	2.75e-02	0.00e+00	0.00e+00	0.00e+00	0.00e+00	0.00e+00	0.00e+00
 9.17952e+12	1.01e-36	2.85e-27	1.03e-18	8.18e-11	3.36e-02	9.41e-01	2.53e-02	0.00e+00	0.00e+00	0.00e+00	0.00e+00	0.00e+00	6.19e-121
 9.57663e+12	0.00e+00	4.12e-27	1.37e-18	9.91e-11	3.71e-02	9.40e-01	2.31e-02	0.00e+00	0.00e+00	0.00e+00	0.00e+00	0.00e+00	0.00e+00
 9.97423e+12	2.44e-36	5.83e-27	1.79e-18	1.19e-10	4.08e-02	9.38e-01	2.11e-02	0.00e+00	0.00e+00	0.00e+00	0.00e+00	0.00e+00	6.50e-120
 1.03877e+13	0.00e+00	8.33e-27	2.35e-18	1.43e-10	4.48e-02	9.36e-01	1.93e-02	0.00e+00	0.00e+00	0.00e+00	0.00e+00	0.00e+00	0.00e+00
 1.08332e+13	5.97e-36	1.20e-26	3.11e-18	1.73e-10	4.94e-02	9.33e-01	1.76e-02	0.00e+00	0.00e+00	0.00e+00	0.00e+00	0.00e+00	6.92e-119
 1.12751e+13	0.00e+00	1.71e-26	4.06e-18	2.07e-10	5.42e-02	9.30e-01	1.61e-02	0.00e+00	0.00e+00	0.00e+00	0.00e+00	0.00e+00	0.00e+00
 1.17348e+13	1.42e-35	2.43e-26	5.32e-18	2.49e-10	5.94e-02	9.26e-01	1.46e-02	0.00e+00	0.00e+00	0.00e+00	0.00e+00	0.00e+00	6.87e-118
 1.22341e+13	0.00e+00	3.50e-26	7.05e-18	3.01e-10	6.53e-02	9.21e-01	1.33e-02	0.00e+00	0.00e+00	0.00e+00	0.00e+00	0.00e+00	0.00e+00
 1.27534e+13	3.53e-35	5.06e-26	9.34e-18	3.64e-10	7.19e-02	9.16e-01	1.20e-02	0.00e+00	0.00e+00	0.00e+00	0.00e+00	0.00e+00	7.58e-117
 1.32935e+13	0.00e+00	7.30e-26	1.24e-17	4.40e-10	7.90e-02	9.10e-01	1.09e-02	0.00e+00	0.00e+00	0.00e+00	0.00e+00	0.00e+00	0.00e+00
 1.38551e+13	8.74e-35	1.05e-25	1.64e-17	5.32e-10	8.68e-02	9.03e-01	9.85e-03	0.00e+00	0.00e+00	0.00e+00	0.00e+00	0.00e+00	8.32e-116
 1.44393e+13	1.37e-34	1.52e-25	2.17e-17	6.43e-10	9.52e-02	8.96e-01	8.89e-03	0.00e+00	0.00e+00	0.00e+00	0.00e+00	0.00e+00	5.03e-98
 1.49688e+13	2.04e-34	2.09e-25	2.78e-17	7.59e-10	1.03e-01	8.89e-01	8.12e-03	0.00e+00	0.00e+00	0.00e+00	0.00e+00	0.00e+00	3.50e-282
 1.54121e+13	2.80e-34	2.71e-25	3.39e-17	8.67e-10	1.10e-01	8.82e-01	7.54e-03	0.00e+00	0.00e+00	0.00e+00	0.00e+00	0.00e+00	1.81e-114
 1.58986e+13	3.93e-34	3.56e-25	4.18e-17	9.99e-10	1.18e-01	8.75e-01	6.96e-03	0.00e+00	0.00e+00	0.00e+00	0.00e+00	0.00e+00	5.27e-97
 1.65120e+13	5.93e-34	4.97e-25	5.41e-17	1.19e-09	1.28e-01	8.66e-01	6.31e-03	0.00e+00	0.00e+00	0.00e+00	0.00e+00	0.00e+00	1.10e-285
 1.71505e+13	8.96e-34	6.95e-25	7.00e-17	1.41e-09	1.39e-01	8.55e-01	5.71e-03	0.00e+00	0.00e+00	0.00e+00	0.00e+00	0.00e+00	3.94e-113
 1.76979e+13	1.26e-33	9.15e-25	8.66e-17	1.63e-09	1.49e-01	8.46e-01	5.25e-03	0.00e+00	0.00e+00	0.00e+00	0.00e+00	0.00e+00	7.06e-96
 1.82670e+13	1.77e-33	1.20e-24	1.07e-16	1.88e-09	1.59e-01	8.36e-01	4.82e-03	0.00e+00	0.00e+00	0.00e+00	0.00e+00	0.00e+00	2.57e-280
 1.89754e+13	2.66e-33	1.68e-24	1.38e-16	2.23e-09	1.72e-01	8.24e-01	4.34e-03	0.00e+00	0.00e+00	0.00e+00	0.00e+00	0.00e+00	7.10e-112
 1.96928e+13	3.94e-33	2.31e-24	1.77e-16	2.63e-09	1.85e-01	8.11e-01	3.91e-03	0.00e+00	0.00e+00	0.00e+00	0.00e+00	0.00e+00	9.00e-95
 2.03184e+13	5.48e-33	3.02e-24	2.18e-16	3.02e-09	1.97e-01	7.99e-01	3.59e-03	0.00e+00	0.00e+00	0.00e+00	0.00e+00	0.00e+00	4.93e-111
 2.09968e+13	7.73e-33	3.99e-24	2.70e-16	3.48e-09	2.11e-01	7.86e-01	3.27e-03	0.00e+00	0.00e+00	0.00e+00	0.00e+00	0.00e+00	4.06e-94
 2.18229e+13	1.16e-32	5.53e-24	3.47e-16	4.11e-09	2.27e-01	7.70e-01	2.92e-03	0.00e+00	0.00e+00	0.00e+00	0.00e+00	0.00e+00	3.67e-110
 2.26634e+13	1.71e-32	7.58e-24	4.43e-16	4.84e-09	2.43e-01	7.54e-01	2.62e-03	0.00e+00	0.00e+00	0.00e+00	0.00e+00	0.00e+00	2.39e-93
 2.34349e+13	2.40e-32	1.00e-23	5.49e-16	5.57e-09	2.59e-01	7.39e-01	2.37e-03	0.00e+00	0.00e+00	0.00e+00	0.00e+00	0.00e+00	2.66e-109
 2.42941e+13	3.46e-32	1.34e-23	6.90e-16	6.47e-09	2.76e-01	7.22e-01	2.13e-03	0.00e+00	0.00e+00	0.00e+00	0.00e+00	0.00e+00	1.17e-92
 2.52904e+13	5.18e-32	1.86e-23	8.87e-16	7.64e-09	2.96e-01	7.02e-01	1.89e-03	0.00e+00	0.00e+00	0.00e+00	0.00e+00	0.00e+00	2.17e-108
 2.62729e+13	7.56e-32	2.53e-23	1.12e-15	8.91e-09	3.15e-01	6.83e-01	1.68e-03	0.00e+00	0.00e+00	0.00e+00	0.00e+00	0.00e+00	6.90e-92
 2.72139e+13	1.07e-31	3.35e-23	1.39e-15	1.02e-08	3.34e-01	6.65e-01	1.51e-03	0.00e+00	0.00e+00	0.00e+00	0.00e+00	0.00e+00	1.60e-107
 2.82515e+13	1.54e-31	4.49e-23	1.74e-15	1.19e-08	3.54e-01	6.45e-01	1.34e-03	0.00e+00	0.00e+00	0.00e+00	0.00e+00	0.00e+00	3.49e-91
 2.94115e+13	2.26e-31	6.14e-23	2.22e-15	1.39e-08	3.76e-01	6.23e-01	1.18e-03	0.00e+00	0.00e+00	0.00e+00	0.00e+00	0.00e+00	1.30e-106
 3.04661e+13	3.17e-31	8.05e-23	2.73e-15	1.58e-08	3.96e-01	6.03e-01	1.06e-03	0.00e+00	0.00e+00	0.00e+00	0.00e+00	0.00e+00	1.85e-90
 3.13539e+13	4.16e-31	1.00e-22	3.22e-15	1.76e-08	4.12e-01	5.87e-01	9.65e-04	0.00e+00	0.00e+00	0.00e+00	0.00e+00	0.00e+00	7.21e-106
 3.23302e+13	5.54e-31	1.26e-22	3.84e-15	1.97e-08	4.29e-01	5.70e-01	8.73e-04	0.00e+00	0.00e+00	0.00e+00	0.00e+00	0.00e+00	6.79e-90
 3.34318e+13	7.57e-31	1.62e-22	4.65e-15	2.23e-08	4.48e-01	5.51e-01	7.82e-04	0.00e+00	0.00e+00	0.00e+00	0.00e+00	0.00e+00	3.96e-105
 3.44855e+13	1.01e-30	2.04e-22	5.54e-15	2.49e-08	4.66e-01	5.33e-01	7.06e-04	0.00e+00	0.00e+00	0.00e+00	0.00e+00	0.00e+00	2.75e-89
 3.56448e+13	1.37e-30	2.60e-22	6.67e-15	2.80e-08	4.85e-01	5.14e-01	6.31e-04	0.00e+00	0.00e+00	0.00e+00	0.00e+00	0.00e+00	2.15e-104
 3.69299e+13	1.88e-30	3.37e-22	8.09e-15	3.16e-08	5.06e-01	4.94e-01	5.60e-04	0.00e+00	0.00e+00	0.00e+00	0.00e+00	0.00e+00	1.21e-88
 3.81355e+13	2.51e-30	4.25e-22	9.64e-15	3.52e-08	5.24e-01	4.75e-01	5.02e-04	0.00e+00	0.00e+00	0.00e+00	0.00e+00	0.00e+00	1.26e-103
 3.94600e+13	3.41e-30	5.42e-22	1.16e-14	3.95e-08	5.43e-01	4.56e-01	4.46e-04	0.00e+00	0.00e+00	0.00e+00	0.00e+00	0.00e+00	4.98e-88
 4.09474e+13	4.74e-30	7.04e-22	1.41e-14	4.46e-08	5.64e-01	4.35e-01	3.92e-04	0.00e+00	0.00e+00	0.00e+00	0.00e+00	0.00e+00	8.09e-103
 4.23649e+13	6.40e-30	8.93e-22	1.69e-14	4.97e-08	5.83e-01	4.17e-01	3.48e-04	0.00e+00	0.00e+00	0.00e+00	0.00e+00	0.00e+00	2.26e-87
 4.39194e+13	8.76e-30	1.15e-21	2.03e-14	5.57e-08	6.03e-01	3.97e-01	3.06e-04	0.00e+00	0.00e+00	0.00e+00	0.00e+00	0.00e+00	4.98e-102
 4.55691e+13	1.21e-29	1.48e-21	2.46e-14	6.26e-08	6.22e-01	3.77e-01	2.68e-04	0.00e+00	0.00e+00	0.00e+00	0.00e+00	0.00e+00	1.06e-86
 4.70125e+13	1.58e-29	1.83e-21	2.88e-14	6.89e-08	6.39e-01	3.61e-01	2.40e-04	0.00e+00	0.00e+00	0.00e+00	0.00e+00	0.00e+00	2.89e-101
 4.85522e+13	2.08e-29	2.28e-21	3.38e-14	7.59e-08	6.55e-01	3.45e-01	2.13e-04	0.00e+00	0.00e+00	0.00e+00	0.00e+00	0.00e+00	4.03e-86
 5.04259e+13	2.88e-29	2.94e-21	4.08e-14	8.49e-08	6.74e-01	3.26e-01	1.86e-04	0.00e+00	0.00e+00	0.00e+00	0.00e+00	0.00e+00	1.75e-100
 5.22922e+13	3.91e-29	3.75e-21	4.88e-14	9.44e-08	6.91e-01	3.09e-01	1.62e-04	0.00e+00	0.00e+00	0.00e+00	0.00e+00	0.00e+00	1.91e-85
 5.39384e+13	5.08e-29	4.60e-21	5.68e-14	1.03e-07	7.06e-01	2.94e-01	1.45e-04	0.00e+00	0.00e+00	0.00e+00	0.00e+00	0.00e+00	9.86e-100
 5.57399e+13	6.69e-29	5.71e-21	6.65e-14	1.13e-07	7.20e-01	2.79e-01	1.28e-04	0.00e+00	0.00e+00	0.00e+00	0.00e+00	0.00e+00	7.31e-85
 5.79084e+13	9.19e-29	7.33e-21	7.99e-14	1.26e-07	7.37e-01	2.63e-01	1.11e-04	0.00e+00	0.00e+00	0.00e+00	0.00e+00	0.00e+00	6.06e-99
 6.00780e+13	1.25e-28	9.32e-21	9.51e-14	1.40e-07	7.52e-01	2.48e-01	9.62e-05	0.00e+00	0.00e+00	0.00e+00	0.00e+00	0.00e+00	3.50e-84
 6.20502e+13	1.63e-28	1.15e-20	1.11e-13	1.52e-07	7.65e-01	2.35e-01	8.51e-05	0.00e+00	0.00e+00	0.00e+00	0.00e+00	0.00e+00	3.53e-98
 6.42413e+13	2.17e-28	1.43e-20	1.30e-13	1.67e-07	7.78e-01	2.21e-01	7.46e-05	0.00e+00	0.00e+00	0.00e+00	0.00e+00	0.00e+00	1.43e-83
 6.68043e+13	2.98e-28	1.84e-20	1.56e-13	1.85e-07	7.93e-01	2.07e-01	6.41e-05	0.00e+00	0.00e+00	0.00e+00	0.00e+00	0.00e+00	2.32e-97
 6.93333e+13	4.04e-28	2.33e-20	1.85e-13	2.04e-07	8.06e-01	1.94e-01	5.55e-05	0.00e+00	0.00e+00	0.00e+00	0.00e+00	0.00e+00	7.00e-83
 7.17248e+13	5.32e-28	2.89e-20	2.15e-13	2.23e-07	8.17e-01	1.83e-01	4.87e-05	0.00e+00	0.00e+00	0.00e+00	0.00e+00	0.00e+00	1.41e-96
 7.43850e+13	7.15e-28	3.63e-20	2.54e-13	2.44e-07	8.28e-01	1.72e-01	4.22e-05	0.00e+00	0.00e+00	0.00e+00	0.00e+00	0.00e+00	3.04e-82
 7.73904e+13	9.84e-28	4.66e-20	3.03e-13	2.70e-07	8.40e-01	1.60e-01	3.61e-05	0.00e+00	0.00e+00	0.00e+00	0.00e+00	0.00e+00	9.78e-96
 8.04088e+13	1.34e-27	5.91e-20	3.59e-13	2.96e-07	8.51e-01	1.49e-01	3.11e-05	0.00e+00	0.00e+00	0.00e+00	0.00e+00	0.00e+00	1.55e-81
 8.35480e+13	1.82e-27	7.50e-20	4.25e-13	3.25e-07	8.61e-01	1.39e-01	2.68e-05	0.00e+00	0.00e+00	0.00e+00	0.00e+00	0.00e+00	6.87e-95
 8.69198e+13	2.50e-27	9.59e-20	5.06e-13	3.58e-07	8.71e-01	1.29e-01	2.29e-05	0.00e+00	0.00e+00	0.00e+00	0.00e+00	0.00e+00	7.94e-81
 9.04266e+13	3.43e-27	1.22e-19	6.01e-13	3.93e-07	8.80e-01	1.20e-01	1.96e-05	0.00e+00	0.00e+00	0.00e+00	0.00e+00	0.00e+00	5.14e-94
 9.38791e+13	4.63e-27	1.54e-19	7.07e-13	4.30e-07	8.88e-01	1.12e-01	1.69e-05	0.00e+00	0.00e+00	0.00e+00	0.00e+00	0.00e+00	4.01e-80
 9.70916e+13	6.06e-27	1.89e-19	8.17e-13	4.65e-07	8.95e-01	1.05e-01	1.48e-05	0.00e+00	0.00e+00	0.00e+00	0.00e+00	0.00e+00	3.14e-93
 9.99907e+13	7.66e-27	2.27e-19	9.27e-13	4.98e-07	9.00e-01	9.96e-02	1.31e-05	0.00e+00	0.00e+00	0.00e+00	0.00e+00	0.00e+00	1.51e-79
 1.03099e+14	9.78e-27	2.73e-19	1.06e-12	5.34e-07	9.06e-01	9.40e-02	1.16e-05	0.00e+00	0.00e+00	0.00e+00	0.00e+00	0.00e+00	1.45e-92
 1.06968e+14	1.31e-26	3.42e-19	1.24e-12	5.81e-07	9.12e-01	8.77e-02	1.00e-05	0.00e+00	0.00e+00	0.00e+00	0.00e+00	0.00e+00	6.29e-79
 1.10845e+14	1.74e-26	4.25e-19	1.44e-12	6.30e-07	9.18e-01	8.19e-02	8.71e-06	0.00e+00	0.00e+00	0.00e+00	0.00e+00	0.00e+00	9.21e-92
 1.14177e+14	2.20e-26	5.09e-19	1.63e-12	6.73e-07	9.23e-01	7.74e-02	7.74e-06	0.00e+00	0.00e+00	0.00e+00	0.00e+00	0.00e+00	2.51e-78
 1.17780e+14	2.82e-26	6.15e-19	1.86e-12	7.21e-07	9.27e-01	7.30e-02	6.85e-06	0.00e+00	0.00e+00	0.00e+00	0.00e+00	0.00e+00	4.35e-91
 1.22227e+14	3.78e-26	7.70e-19	2.17e-12	7.83e-07	9.32e-01	6.79e-02	5.90e-06	0.00e+00	0.00e+00	0.00e+00	0.00e+00	0.00e+00	1.07e-77
 1.26666e+14	5.02e-26	9.55e-19	2.52e-12	8.47e-07	9.37e-01	6.34e-02	5.12e-06	0.00e+00	0.00e+00	0.00e+00	0.00e+00	0.00e+00	2.79e-90
 1.30498e+14	6.37e-26	1.14e-18	2.85e-12	9.03e-07	9.40e-01	5.99e-02	4.55e-06	0.00e+00	0.00e+00	0.00e+00	0.00e+00	0.00e+00	4.33e-77
 1.34651e+14	8.17e-26	1.38e-18	3.24e-12	9.67e-07	9.44e-01	5.63e-02	4.01e-06	0.00e+00	0.00e+00	0.00e+00	0.00e+00	0.00e+00	1.34e-89
 1.39753e+14	1.10e-25	1.73e-18	3.78e-12	1.05e-06	9.48e-01	5.24e-02	3.46e-06	0.00e+00	0.00e+00	0.00e+00	0.00e+00	0.00e+00	1.87e-76
 1.44900e+14	1.46e-25	2.15e-18	4.39e-12	1.13e-06	9.51e-01	4.89e-02	3.00e-06	0.00e+00	0.00e+00	0.00e+00	0.00e+00	0.00e+00	4.07e-76
 1.49462e+14	1.87e-25	2.59e-18	4.98e-12	1.21e-06	9.54e-01	4.60e-02	2.65e-06	0.00e+00	0.00e+00	0.00e+00	0.00e+00	0.00e+00	7.95e-76
 1.54457e+14	2.43e-25	3.16e-18	5.70e-12	1.30e-06	9.57e-01	4.32e-02	2.32e-06	0.00e+00	0.00e+00	0.00e+00	0.00e+00	0.00e+00	1.61e-75
 1.60440e+14	3.29e-25	3.97e-18	6.67e-12	1.41e-06	9.60e-01	4.01e-02	2.00e-06	0.00e+00	0.00e+00	0.00e+00	0.00e+00	0.00e+00	3.65e-75
 1.66397e+14	4.39e-25	4.95e-18	7.74e-12	1.52e-06	9.63e-01	3.73e-02	1.73e-06	0.00e+00	0.00e+00	0.00e+00	0.00e+00	0.00e+00	8.03e-75
 1.71825e+14	5.67e-25	6.00e-18	8.81e-12	1.62e-06	9.65e-01	3.51e-02	1.52e-06	0.00e+00	0.00e+00	0.00e+00	0.00e+00	0.00e+00	1.61e-74
 1.77878e+14	7.47e-25	7.39e-18	1.01e-11	1.75e-06	9.67e-01	3.28e-02	1.33e-06	0.00e+00	0.00e+00	0.00e+00	0.00e+00	0.00e+00	3.41e-74
 1.84941e+14	1.02e-24	9.33e-18	1.19e-11	1.89e-06	9.70e-01	3.04e-02	1.14e-06	0.00e+00	0.00e+00	0.00e+00	0.00e+00	0.00e+00	7.92e-74
 1.91902e+14	1.37e-24	1.16e-17	1.38e-11	2.04e-06	9.72e-01	2.82e-02	9.80e-07	0.00e+00	0.00e+00	0.00e+00	0.00e+00	0.00e+00	1.77e-73
 1.98494e+14	1.79e-24	1.43e-17	1.58e-11	2.19e-06	9.74e-01	2.64e-02	0.00e+00	0.00e+00	0.00e+00	0.00e+00	0.00e+00	0.00e+00	3.68e-73
 2.05816e+14	2.39e-24	1.77e-17	1.83e-11	2.36e-06	9.75e-01	2.46e-02	0.00e+00	0.00e+00	0.00e+00	0.00e+00	0.00e+00	0.00e+00	8.08e-73
 2.14079e+14	3.26e-24	2.24e-17	2.15e-11	2.56e-06	9.77e-01	2.28e-02	0.00e+00	0.00e+00	0.00e+00	0.00e+00	0.00e+00	0.00e+00	1.90e-72
 2.22382e+14	4.41e-24	2.82e-17	2.50e-11	2.77e-06	9.79e-01	2.11e-02	0.00e+00	0.00e+00	0.00e+00	0.00e+00	0.00e+00	0.00e+00	4.34e-72
 2.31017e+14	5.97e-24	3.54e-17	2.92e-11	2.99e-06	9.80e-01	1.96e-02	0.00e+00	0.00e+00	0.00e+00	0.00e+00	0.00e+00	0.00e+00	9.93e-72
 2.40288e+14	8.16e-24	4.48e-17	3.42e-11	3.24e-06	9.82e-01	1.81e-02	0.00e+00	0.00e+00	0.00e+00	0.00e+00	0.00e+00	0.00e+00	2.33e-71
 2.49268e+14	1.09e-23	5.58e-17	3.96e-11	3.50e-06	9.83e-01	1.69e-02	0.00e+00	0.00e+00	0.00e+00	0.00e+00	1.79e-17	3.79e-17	5.17e-71
 2.57719e+14	1.42e-23	6.81e-17	4.53e-11	3.74e-06	9.84e-01	1.58e-02	0.00e+00	0.00e+00	0.00e+00	0.00e+00	2.26e-17	4.55e-17	1.06e-70
 2.67169e+14	1.89e-23	8.44e-17	5.24e-11	4.03e-06	9.85e-01	1.47e-02	0.00e+00	0.00e+00	0.00e+00	0.00e+00	2.80e-17	5.64e-17	2.32e-70
 2.76696e+14	2.50e-23	1.04e-16	6.04e-11	4.33e-06	9.86e-01	1.37e-02	0.00e+00	0.00e+00	0.00e+00	0.00e+00	3.45e-17	6.95e-17	4.95e-70
 2.84613e+14	3.13e-23	1.23e-16	6.76e-11	4.58e-06	9.87e-01	1.29e-02	0.00e+00	0.00e+00	0.00e+00	0.00e+00	4.09e-17	8.23e-17	9.12e-70
 2.92993e+14	3.93e-23	1.47e-16	7.60e-11	4.87e-06	9.88e-01	1.22e-02	0.00e+00	0.00e+00	0.00e+00	0.00e+00	4.86e-17	9.79e-17	1.71e-69
 3.03698e+14	5.22e-23	1.82e-16	8.79e-11	5.24e-06	9.89e-01	1.14e-02	0.00e+00	0.00e+00	0.00e+00	0.00e+00	6.03e-17	1.21e-16	3.70e-69
 3.14915e+14	6.96e-23	2.25e-16	1.02e-10	5.65e-06	9.89e-01	1.06e-02	0.00e+00	0.00e+00	0.00e+00	0.00e+00	7.48e-17	1.51e-16	8.15e-69
 3.24823e+14	8.89e-23	2.71e-16	1.15e-10	6.02e-06	9.90e-01	9.92e-03	0.00e+00	0.00e+00	0.00e+00	0.00e+00	9.00e-17	1.81e-16	1.58e-68
 3.35543e+14	1.15e-22	3.29e-16	1.32e-10	6.43e-06	9.91e-01	9.28e-03	0.00e+00	0.00e+00	0.00e+00	0.00e+00	1.09e-16	2.20e-16	3.16e-68
 3.48450e+14	1.55e-22	4.12e-16	1.53e-10	6.96e-06	9.91e-01	8.60e-03	0.00e+00	0.00e+00	0.00e+00	0.00e+00	1.37e-16	2.75e-16	7.10e-68
 3.61547e+14	2.07e-22	5.14e-16	1.78e-10	7.51e-06	9.92e-01	7.98e-03	0.00e+00	0.00e+00	0.00e+00	0.00e+00	1.71e-16	3.43e-16	1.57e-67
 3.73812e+14	2.69e-22	6.28e-16	2.04e-10	8.04e-06	9.93e-01	7.46e-03	0.00e+00	0.00e+00	0.00e+00	0.00e+00	2.08e-16	4.19e-16	3.22e-67
 3.87439e+14	3.57e-22	7.77e-16	2.36e-10	8.67e-06	9.93e-01	6.93e-03	0.00e+00	0.00e+00	0.00e+00	0.00e+00	2.58e-16	5.19e-16	6.91e-67
 4.01882e+14	4.77e-22	9.67e-16	2.74e-10	9.35e-06	9.94e-01	6.43e-03	0.00e+00	0.00e+00	0.00e+00	0.00e+00	3.21e-16	6.46e-16	1.52e-66
 4.14716e+14	6.10e-22	1.17e-15	3.11e-10	9.98e-06	9.94e-01	6.03e-03	0.00e+00	0.00e+00	0.00e+00	0.00e+00	3.87e-16	7.79e-16	2.97e-66
 4.28522e+14	7.90e-22	1.42e-15	3.56e-10	1.07e-05	9.94e-01	5.64e-03	0.00e+00	0.00e+00	0.00e+00	0.00e+00	4.70e-16	9.48e-16	5.99e-66
 4.45067e+14	1.06e-21	1.78e-15	4.15e-10	1.16e-05	9.95e-01	5.22e-03	0.00e+00	0.00e+00	0.00e+00	0.00e+00	5.90e-16	1.19e-15	1.34e-65
 4.61349e+14	1.41e-21	2.21e-15	4.81e-10	1.25e-05	9.95e-01	4.85e-03	0.00e+00	0.00e+00	0.00e+00	0.00e+00	7.31e-16	1.47e-15	2.91e-65
 4.75858e+14	1.80e-21	2.65e-15	5.45e-10	1.33e-05	9.95e-01	4.55e-03	0.00e+00	0.00e+00	0.00e+00	0.00e+00	8.80e-16	1.77e-15	5.63e-65
 4.91887e+14	2.34e-21	3.23e-15	6.24e-10	1.42e-05	9.96e-01	4.25e-03	0.00e+00	0.00e+00	0.00e+00	0.00e+00	1.07e-15	2.16e-15	1.14e-64
 5.10981e+14	3.15e-21	4.05e-15	7.29e-10	1.54e-05	9.96e-01	3.93e-03	0.00e+00	0.00e+00	0.00e+00	0.00e+00	1.34e-15	2.71e-15	2.57e-64
 5.29896e+14	4.20e-21	5.04e-15	8.45e-10	1.66e-05	9.96e-01	3.65e-03	0.00e+00	0.00e+00	0.00e+00	0.00e+00	1.67e-15	3.37e-15	5.60e-64
 5.47168e+14	5.40e-21	6.09e-15	9.63e-10	1.78e-05	9.97e-01	3.42e-03	0.00e+00	0.00e+00	0.00e+00	0.00e+00	2.02e-15	4.07e-15	1.11e-63
 5.66468e+14	7.08e-21	7.49e-15	1.11e-09	1.91e-05	9.97e-01	3.18e-03	0.00e+00	0.00e+00	0.00e+00	0.00e+00	2.48e-15	5.01e-15	2.32e-63
 5.88939e+14	9.61e-21	9.44e-15	1.30e-09	2.07e-05	9.97e-01	2.93e-03	0.00e+00	0.00e+00	0.00e+00	0.00e+00	3.13e-15	6.31e-15	5.32e-63
 6.11013e+14	1.28e-20	1.17e-14	1.51e-09	2.24e-05	9.97e-01	2.72e-03	0.00e+00	0.00e+00	0.00e+00	0.00e+00	3.89e-15	7.85e-15	1.17e-62
 6.31873e+14	1.67e-20	1.43e-14	1.72e-09	2.40e-05	9.97e-01	2.54e-03	0.00e+00	0.00e+00	0.00e+00	0.00e+00	4.75e-15	9.58e-15	2.39e-62
 6.55082e+14	2.21e-20	1.77e-14	2.00e-09	2.58e-05	9.98e-01	2.36e-03	0.00e+00	0.00e+00	0.00e+00	0.00e+00	5.88e-15	1.19e-14	5.15e-62
 6.81315e+14	3.00e-20	2.24e-14	2.34e-09	2.80e-05	9.98e-01	2.17e-03	0.00e+00	0.00e+00	0.00e+00	0.00e+00	7.42e-15	1.50e-14	1.18e-61
 7.06172e+14	3.98e-20	2.77e-14	2.70e-09	3.01e-05	9.98e-01	2.02e-03	0.00e+00	0.00e+00	0.00e+00	0.00e+00	9.17e-15	1.85e-14	2.56e-61
 7.28783e+14	5.09e-20	3.34e-14	3.07e-09	3.22e-05	9.98e-01	1.89e-03	0.00e+00	0.00e+00	0.00e+00	0.00e+00	1.11e-14	2.23e-14	5.01e-61
 7.54377e+14	6.67e-20	4.09e-14	3.53e-09	3.45e-05	9.98e-01	1.76e-03	0.00e+00	0.00e+00	0.00e+00	0.00e+00	1.36e-14	2.74e-14	1.05e-60
 7.84234e+14	9.03e-20	5.15e-14	4.13e-09	3.74e-05	9.98e-01	1.63e-03	0.00e+00	0.00e+00	0.00e+00	0.00e+00	1.71e-14	3.45e-14	2.40e-60
 8.12866e+14	1.20e-19	6.37e-14	4.77e-09	4.03e-05	9.98e-01	1.51e-03	0.00e+00	0.00e+00	0.00e+00	0.00e+00	2.11e-14	4.26e-14	5.17e-60
 8.38716e+14	1.53e-19	7.67e-14	5.41e-09	4.29e-05	9.99e-01	1.42e-03	0.00e+00	0.00e+00	0.00e+00	0.00e+00	2.54e-14	5.13e-14	1.01e-59
 8.63070e+14	1.91e-19	9.09e-14	6.07e-09	4.55e-05	9.99e-01	1.34e-03	0.00e+00	0.00e+00	0.00e+00	0.00e+00	3.01e-14	6.08e-14	1.86e-59
 8.90080e+14	2.43e-19	1.09e-13	6.87e-09	4.85e-05	9.99e-01	1.25e-03	0.00e+00	0.00e+00	0.00e+00	0.00e+00	3.61e-14	7.30e-14	3.61e-59
 9.20279e+14	3.16e-19	1.33e-13	7.85e-09	5.19e-05	9.99e-01	1.17e-03	0.00e+00	0.00e+00	0.00e+00	0.00e+00	4.39e-14	8.90e-14	7.37e-59
 9.48799e+14	4.01e-19	1.59e-13	8.87e-09	5.53e-05	9.99e-01	1.10e-03	0.00e+00	0.00e+00	0.00e+00	0.00e+00	5.27e-14	1.07e-13	1.42e-58
 9.80053e+14	5.17e-19	1.93e-13	1.01e-08	5.91e-05	9.99e-01	1.03e-03	0.00e+00	0.00e+00	0.00e+00	0.00e+00	6.38e-14	1.29e-13	2.85e-58
 1.01505e+15	6.82e-19	2.38e-13	1.16e-08	6.35e-05	9.99e-01	9.58e-04	0.00e+00	0.00e+00	0.00e+00	0.00e+00	7.86e-14	1.59e-13	6.07e-58
 1.04806e+15	8.77e-19	2.88e-13	1.32e-08	6.78e-05	9.99e-01	8.97e-04	0.00e+00	0.00e+00	0.00e+00	0.00e+00	9.50e-14	1.93e-13	1.21e-57
 1.08412e+15	1.14e-18	3.52e-13	1.52e-08	7.26e-05	9.99e-01	8.37e-04	0.00e+00	0.00e+00	0.00e+00	0.00e+00	1.16e-13	2.36e-13	2.51e-57
 1.12399e+15	1.52e-18	4.36e-13	1.75e-08	7.82e-05	9.99e-01	7.77e-04	0.00e+00	0.00e+00	0.00e+00	0.00e+00	1.44e-13	2.92e-13	5.47e-57
 1.16079e+15	1.96e-18	5.28e-13	2.00e-08	8.35e-05	9.99e-01	7.27e-04	0.00e+00	0.00e+00	0.00e+00	0.00e+00	1.74e-13	3.54e-13	1.10e-56
 1.20062e+15	2.55e-18	6.45e-13	2.29e-08	8.94e-05	9.99e-01	6.79e-04	0.00e+00	0.00e+00	0.00e+00	0.00e+00	2.13e-13	4.32e-13	2.27e-56
 1.24515e+15	3.40e-18	8.01e-13	2.65e-08	9.63e-05	9.99e-01	6.30e-04	0.00e+00	0.00e+00	0.00e+00	0.00e+00	2.64e-13	5.37e-13	5.00e-56
 1.28701e+15	4.40e-18	9.74e-13	3.02e-08	1.03e-04	9.99e-01	5.88e-04	0.00e+00	0.00e+00	0.00e+00	0.00e+00	3.21e-13	6.53e-13	1.02e-55
 1.33265e+15	5.79e-18	1.20e-12	3.48e-08	1.11e-04	9.99e-01	5.48e-04	0.00e+00	0.00e+00	0.00e+00	0.00e+00	3.95e-13	8.03e-13	2.16e-55
 1.38341e+15	7.74e-18	1.49e-12	4.04e-08	1.19e-04	9.99e-01	5.07e-04	0.00e+00	0.00e+00	0.00e+00	0.00e+00	4.92e-13	1.00e-12	4.80e-55
 1.43084e+15	1.01e-17	1.83e-12	4.63e-08	1.28e-04	9.99e-01	4.73e-04	0.00e+00	0.00e+00	0.00e+00	0.00e+00	6.01e-13	1.22e-12	1.00e-54
 1.48239e+15	1.33e-17	2.25e-12	5.33e-08	1.38e-04	9.99e-01	4.39e-04	0.00e+00	0.00e+00	0.00e+00	0.00e+00	7.40e-13	1.51e-12	2.13e-54
 1.54006e+15	1.79e-17	2.82e-12	6.22e-08	1.49e-04	9.99e-01	4.06e-04	0.00e+00	0.00e+00	0.00e+00	0.00e+00	9.27e-13	1.89e-12	4.83e-54
 1.59476e+15	2.35e-17	3.46e-12	7.16e-08	1.60e-04	9.99e-01	3.77e-04	0.00e+00	0.00e+00	0.00e+00	0.00e+00	1.14e-12	2.32e-12	1.02e-53
 1.65329e+15	3.10e-17	4.28e-12	8.28e-08	1.72e-04	9.99e-01	3.50e-04	0.00e+00	0.00e+00	0.00e+00	0.00e+00	1.41e-12	2.87e-12	2.20e-53
 1.71945e+15	4.19e-17	5.39e-12	9.71e-08	1.87e-04	9.99e-01	3.22e-04	0.00e+00	0.00e+00	0.00e+00	0.00e+00	1.77e-12	3.62e-12	5.07e-53
 1.78463e+15	5.59e-17	6.72e-12	1.13e-07	2.02e-04	9.99e-01	2.98e-04	0.00e+00	4.60e-18	1.38e-17	2.31e-17	2.21e-12	4.51e-12	1.13e-52
 1.85242e+15	7.42e-17	8.35e-12	1.31e-07	2.19e-04	1.00e+00	2.75e-04	0.00e+00	6.11e-18	1.83e-17	3.06e-17	2.74e-12	5.61e-12	2.45e-52
 1.92655e+15	1.00e-16	1.05e-11	1.54e-07	2.38e-04	1.00e+00	2.53e-04	0.00e+00	8.28e-18	2.49e-17	4.15e-17	3.45e-12	7.07e-12	5.70e-52
 1.99977e+15	1.33e-16	1.31e-11	1.79e-07	2.58e-04	1.00e+00	2.34e-04	0.00e+00	1.10e-17	3.30e-17	5.51e-17	4.29e-12	8.79e-12	1.25e-51
 2.06062e+15	1.67e-16	1.56e-11	2.02e-07	2.74e-04	1.00e+00	2.19e-04	0.00e+00	1.38e-17	4.14e-17	6.92e-17	5.11e-12	1.05e-11	2.34e-51
 2.10976e+15	1.99e-16	1.78e-11	2.23e-07	2.89e-04	1.00e+00	2.08e-04	0.00e+00	1.64e-17	4.94e-17	8.25e-17	5.85e-12	1.20e-11	3.82e-51
 2.16429e+15	2.41e-16	2.07e-11	2.47e-07	3.05e-04	9.99e-01	1.97e-04	0.00e+00	1.99e-17	5.98e-17	1.00e-16	6.78e-12	1.39e-11	6.51e-51
 2.23518e+15	3.07e-16	2.49e-11	2.82e-07	3.27e-04	9.99e-01	1.84e-04	0.00e+00	2.53e-17	7.61e-17	1.27e-16	8.17e-12	1.68e-11	1.27e-50
 2.31118e+15	3.94e-16	3.03e-11	3.24e-07	3.52e-04	9.99e-01	1.71e-04	0.00e+00	3.25e-17	9.76e-17	1.63e-16	9.91e-12	2.04e-11	2.54e-50
 2.37861e+15	4.86e-16	3.57e-11	3.64e-07	3.75e-04	9.99e-01	1.60e-04	0.00e+00	4.02e-17	1.21e-16	2.02e-16	1.17e-11	2.40e-11	4.60e-50
 2.45105e+15	6.06e-16	4.24e-11	4.12e-07	4.00e-04	9.99e-01	1.50e-04	0.00e+00	5.01e-17	1.50e-16	2.51e-16	1.39e-11	2.85e-11	8.54e-50
 2.54185e+15	7.90e-16	5.22e-11	4.78e-07	4.34e-04	9.99e-01	1.38e-04	0.00e+00	6.53e-17	1.96e-16	3.28e-16	1.71e-11	3.51e-11	1.80e-49
 2.63396e+15	1.02e-15	6.39e-11	5.53e-07	4.70e-04	9.99e-01	1.28e-04	0.00e+00	8.45e-17	2.54e-16	4.24e-16	2.09e-11	4.30e-11	3.73e-49
 2.71374e+15	1.27e-15	7.57e-11	6.24e-07	5.02e-04	9.99e-01	1.20e-04	0.00e+00	1.05e-16	3.15e-16	5.26e-16	2.47e-11	5.09e-11	6.86e-49
 2.80008e+15	1.58e-15	9.02e-11	7.10e-07	5.39e-04	9.99e-01	1.12e-04	0.00e+00	1.31e-16	3.93e-16	6.57e-16	2.95e-11	6.07e-11	1.29e-48
 2.90587e+15	2.05e-15	1.11e-10	8.27e-07	5.85e-04	9.99e-01	1.03e-04	0.00e+00	1.70e-16	5.12e-16	8.55e-16	3.63e-11	7.48e-11	2.74e-48
 3.01263e+15	2.64e-15	1.36e-10	9.58e-07	6.35e-04	9.99e-01	9.46e-05	0.00e+00	2.20e-16	6.59e-16	1.10e-15	4.45e-11	9.15e-11	5.68e-48
 3.10741e+15	3.19e-15	1.61e-10	1.09e-06	6.82e-04	9.99e-01	8.82e-05	0.00e+00	2.66e-16	7.98e-16	1.33e-15	5.28e-11	1.09e-10	1.04e-47
 3.21095e+15	4.00e-15	1.94e-10	1.24e-06	7.34e-04	9.99e-01	8.18e-05	0.00e+00	3.33e-16	9.99e-16	1.67e-15	6.33e-11	1.30e-10	2.02e-47
 3.33488e+15	5.16e-15	2.39e-10	1.45e-06	8.00e-04	9.99e-01	7.51e-05	0.00e+00	4.30e-16	1.29e-15	2.16e-15	7.80e-11	1.61e-10	4.33e-47
 3.45756e+15	6.56e-15	2.91e-10	1.68e-06	8.69e-04	9.99e-01	6.91e-05	0.00e+00	5.47e-16	1.64e-15	2.75e-15	9.52e-11	1.96e-10	8.93e-47
 3.56821e+15	8.06e-15	3.46e-10	1.91e-06	9.34e-04	9.99e-01	6.43e-05	0.00e+00	6.74e-16	2.02e-15	3.38e-15	1.13e-10	2.33e-10	1.68e-46
 3.69094e+15	1.01e-14	4.16e-10	2.20e-06	1.01e-03	9.99e-01	5.95e-05	0.00e+00	8.42e-16	2.53e-15	4.22e-15	1.36e-10	2.80e-10	3.31e-46
 3.83552e+15	1.29e-14	5.12e-10	2.57e-06	1.10e-03	9.99e-01	5.45e-05	0.00e+00	1.08e-15	3.24e-15	5.42e-15	1.68e-10	3.45e-10	7.16e-46
 3.97823e+15	1.63e-14	6.25e-10	2.98e-06	1.20e-03	9.99e-01	5.01e-05	0.00e+00	1.36e-15	4.10e-15	6.84e-15	2.04e-10	4.20e-10	1.49e-45
 4.11072e+15	2.01e-14	7.47e-10	3.40e-06	1.29e-03	9.99e-01	4.65e-05	0.00e+00	1.68e-15	5.06e-15	8.45e-15	2.44e-10	5.03e-10	2.90e-45
 4.25926e+15	2.50e-14	9.02e-10	3.92e-06	1.40e-03	9.99e-01	4.28e-05	0.00e+00	2.10e-15	6.30e-15	1.05e-14	2.95e-10	6.07e-10	5.89e-45
 4.42966e+15	3.18e-14	1.11e-09	4.60e-06	1.54e-03	9.98e-01	3.91e-05	0.00e+00	2.67e-15	8.03e-15	1.34e-14	3.65e-10	7.50e-10	1.30e-44
 4.59735e+15	3.97e-14	1.36e-09	5.34e-06	1.67e-03	9.98e-01	3.59e-05	0.00e+00	3.35e-15	1.01e-14	1.68e-14	4.45e-10	9.15e-10	2.76e-44
 4.77174e+15	4.97e-14	1.66e-09	6.21e-06	1.82e-03	9.98e-01	3.30e-05	0.00e+00	4.20e-15	1.26e-14	2.11e-14	5.43e-10	1.12e-09	5.87e-44
 4.93060e+15	6.01e-14	1.98e-09	7.08e-06	1.97e-03	9.98e-01	3.06e-05	0.00e+00	5.08e-15	1.53e-14	2.55e-14	6.47e-10	1.33e-09	1.14e-43
 5.04915e+15	6.92e-14	2.24e-09	7.79e-06	2.08e-03	9.98e-01	2.90e-05	0.00e+00	5.86e-15	1.76e-14	2.94e-14	7.34e-10	1.51e-09	1.83e-43
 5.17167e+15	7.96e-14	2.55e-09	8.57e-06	2.20e-03	9.98e-01	2.74e-05	0.00e+00	6.75e-15	2.02e-14	3.38e-14	8.35e-10	1.71e-09	2.94e-43
 5.33095e+15	9.48e-14	3.00e-09	9.69e-06	2.36e-03	9.98e-01	2.56e-05	0.00e+00	8.05e-15	2.42e-14	4.03e-14	9.82e-10	2.01e-09	5.46e-43
 5.50329e+15	1.14e-13	3.55e-09	1.10e-05	2.54e-03	9.97e-01	2.38e-05	0.00e+00	9.64e-15	2.90e-14	4.84e-14	1.16e-09	2.39e-09	1.05e-42
 5.65877e+15	1.33e-13	4.11e-09	1.23e-05	2.70e-03	9.97e-01	2.23e-05	0.00e+00	1.13e-14	3.40e-14	5.67e-14	1.35e-09	2.76e-09	1.86e-42
 5.82704e+15	1.57e-13	4.81e-09	1.38e-05	2.89e-03	9.97e-01	2.09e-05	0.00e+00	1.34e-14	4.02e-14	6.71e-14	1.58e-09	3.23e-09	3.45e-42
 6.04060e+15	1.92e-13	5.83e-09	1.60e-05	3.14e-03	9.97e-01	1.93e-05	0.00e+00	1.64e-14	4.92e-14	8.21e-14	1.91e-09	3.92e-09	7.37e-42
 6.25564e+15	2.32e-13	7.03e-09	1.84e-05	3.41e-03	9.97e-01	1.78e-05	0.00e+00	1.98e-14	5.94e-14	9.92e-14	2.31e-09	4.72e-09	1.53e-41
 6.43633e+15	2.71e-13	8.16e-09	2.06e-05	3.64e-03	9.96e-01	1.67e-05	0.00e+00	2.32e-14	6.96e-14	1.16e-13	2.68e-09	5.48e-09	2.77e-41
 6.62976e+15	3.19e-13	9.56e-09	2.31e-05	3.89e-03	9.96e-01	1.56e-05	0.00e+00	2.73e-14	8.20e-14	1.37e-13	3.14e-09	6.42e-09	5.16e-41
 6.87388e+15	3.87e-13	1.16e-08	2.68e-05	4.23e-03	9.96e-01	1.44e-05	0.00e+00	3.32e-14	9.97e-14	1.66e-13	3.82e-09	7.80e-09	1.11e-40
 7.12958e+15	4.69e-13	1.41e-08	3.09e-05	4.60e-03	9.95e-01	1.33e-05	0.00e+00	4.02e-14	1.21e-13	2.02e-13	4.64e-09	9.48e-09	2.37e-40
 7.35920e+15	5.57e-13	1.67e-08	3.51e-05	4.95e-03	9.95e-01	1.24e-05	0.00e+00	4.79e-14	1.44e-13	2.40e-13	5.49e-09	1.12e-08	4.53e-40
 7.60925e+15	6.67e-13	2.00e-08	4.01e-05	5.34e-03	9.95e-01	1.16e-05	0.00e+00	5.74e-14	1.72e-13	2.87e-13	6.57e-09	1.34e-08	9.09e-40
 7.90561e+15	8.15e-13	2.46e-08	4.67e-05	5.83e-03	9.94e-01	1.07e-05	0.00e+00	7.02e-14	2.11e-13	3.52e-13	8.09e-09	1.65e-08	2.02e-39
 8.19555e+15	9.85e-13	2.98e-08	5.39e-05	6.34e-03	9.94e-01	9.91e-06	0.00e+00	8.50e-14	2.55e-13	4.26e-13	9.81e-09	2.00e-08	4.27e-39
 8.45805e+15	1.17e-12	3.53e-08	6.11e-05	6.81e-03	9.93e-01	9.28e-06	0.00e+00	1.01e-13	3.04e-13	5.07e-13	1.16e-08	2.36e-08	8.10e-39
 8.75150e+15	1.41e-12	4.24e-08	7.00e-05	7.36e-03	9.93e-01	8.66e-06	0.00e+00	1.22e-13	3.67e-13	6.13e-13	1.40e-08	2.84e-08	1.65e-38
 9.09573e+15	1.74e-12	5.23e-08	8.18e-05	8.05e-03	9.92e-01	8.02e-06	0.00e+00	1.51e-13	4.52e-13	7.55e-13	1.72e-08	3.51e-08	3.60e-38
 9.43378e+15	2.11e-12	6.36e-08	9.46e-05	8.75e-03	9.91e-01	7.47e-06	0.00e+00	1.83e-13	5.49e-13	9.16e-13	2.10e-08	4.27e-08	7.51e-38
 9.74871e+15	2.53e-12	7.60e-08	1.08e-04	9.44e-03	9.90e-01	7.01e-06	0.00e+00	2.20e-13	6.60e-13	1.10e-12	2.51e-08	5.09e-08	1.48e-37
 1.00245e+16	2.94e-12	8.85e-08	1.20e-04	1.01e-02	9.90e-01	6.66e-06	0.00e+00	2.55e-13	7.67e-13	1.28e-12	2.92e-08	5.93e-08	2.60e-37
 1.02571e+16	3.32e-12	1.00e-07	1.32e-04	1.06e-02	9.89e-01	6.39e-06	0.00e+00	2.89e-13	8.66e-13	1.45e-12	3.30e-08	6.71e-08	4.12e-37
 1.05146e+16	3.86e-12	1.15e-07	1.46e-04	1.12e-02	9.89e-01	6.11e-06	0.00e+00	3.36e-13	1.01e-12	1.68e-12	3.80e-08	7.71e-08	6.90e-37
 1.08494e+16	4.64e-12	1.37e-07	1.66e-04	1.21e-02	9.88e-01	5.78e-06	0.00e+00	4.04e-13	1.21e-12	2.03e-12	4.53e-08	9.18e-08	1.31e-36
 1.11976e+16	5.53e-12	1.63e-07	1.88e-04	1.30e-02	9.87e-01	5.47e-06	0.00e+00	4.83e-13	1.45e-12	2.42e-12	5.38e-08	1.09e-07	2.46e-36
 1.14912e+16	6.41e-12	1.88e-07	2.09e-04	1.38e-02	9.86e-01	5.24e-06	0.00e+00	5.60e-13	1.68e-12	2.80e-12	6.20e-08	1.26e-07	4.13e-36
 1.18005e+16	7.51e-12	2.18e-07	2.32e-04	1.47e-02	9.85e-01	5.01e-06	0.00e+00	6.57e-13	1.97e-12	3.29e-12	7.21e-08	1.46e-07	7.05e-36
 1.22027e+16	9.18e-12	2.64e-07	2.67e-04	1.59e-02	9.84e-01	4.76e-06	0.00e+00	8.04e-13	2.41e-12	4.03e-12	8.71e-08	1.77e-07	1.40e-35
 1.26162e+16	1.11e-11	3.17e-07	3.05e-04	1.72e-02	9.83e-01	4.52e-06	0.00e+00	9.73e-13	2.92e-12	4.87e-12	1.05e-07	2.12e-07	2.67e-35
 1.29603e+16	1.30e-11	3.68e-07	3.40e-04	1.83e-02	9.81e-01	4.35e-06	0.00e+00	1.14e-12	3.42e-12	5.71e-12	1.22e-07	2.46e-07	4.48e-35
 1.33232e+16	1.54e-11	4.31e-07	3.82e-04	1.95e-02	9.80e-01	4.18e-06	0.00e+00	1.35e-12	4.06e-12	6.77e-12	1.43e-07	2.89e-07	7.79e-35
 1.37950e+16	1.91e-11	5.26e-07	4.41e-04	2.12e-02	9.78e-01	3.97e-06	0.00e+00	1.68e-12	5.03e-12	8.39e-12	1.74e-07	3.52e-07	1.57e-34
 1.42857e+16	2.35e-11	6.41e-07	5.10e-04	2.30e-02	9.76e-01	3.80e-06	0.00e+00	2.07e-12	6.22e-12	1.04e-11	2.12e-07	4.29e-07	3.05e-34
 1.46980e+16	2.79e-11	7.52e-07	5.73e-04	2.46e-02	9.75e-01	3.67e-06	0.00e+00	2.46e-12	7.38e-12	1.23e-11	2.49e-07	5.03e-07	5.19e-34
 1.51311e+16	3.35e-11	8.91e-07	6.49e-04	2.64e-02	9.73e-01	3.54e-06	0.00e+00	2.96e-12	8.88e-12	1.48e-11	2.95e-07	5.96e-07	9.23e-34
 1.56834e+16	4.23e-11	1.10e-06	7.57e-04	2.88e-02	9.70e-01	3.40e-06	0.00e+00	3.74e-12	1.12e-11	1.87e-11	3.65e-07	7.36e-07	1.86e-33
 1.62388e+16	5.24e-11	1.34e-06	8.77e-04	3.14e-02	9.68e-01	3.27e-06	0.00e+00	4.63e-12	1.39e-11	2.32e-11	4.45e-07	8.97e-07	3.50e-33
 1.66931e+16	6.23e-11	1.57e-06	9.86e-04	3.36e-02	9.65e-01	3.18e-06	0.00e+00	5.52e-12	1.65e-11	2.76e-11	5.21e-07	1.05e-06	5.81e-33
 1.71682e+16	7.51e-11	1.86e-06	1.12e-03	3.61e-02	9.63e-01	3.10e-06	0.00e+00	6.66e-12	2.00e-11	3.33e-11	6.17e-07	1.24e-06	1.01e-32
 1.77854e+16	9.50e-11	2.31e-06	1.31e-03	3.94e-02	9.59e-01	2.98e-06	0.00e+00	8.44e-12	2.53e-11	4.22e-11	7.64e-07	1.54e-06	2.00e-32
 1.84156e+16	1.20e-10	2.83e-06	1.53e-03	4.31e-02	9.55e-01	2.89e-06	0.00e+00	1.06e-11	3.19e-11	5.32e-11	9.39e-07	1.89e-06	3.73e-32
 1.89202e+16	1.43e-10	3.32e-06	1.72e-03	4.62e-02	9.52e-01	2.83e-06	0.00e+00	1.27e-11	3.81e-11	6.36e-11	1.10e-06	2.22e-06	5.99e-32
 1.93477e+16	1.66e-10	3.80e-06	1.91e-03	4.90e-02	9.49e-01	2.78e-06	0.00e+00	1.48e-11	4.43e-11	7.38e-11	1.26e-06	2.54e-06	9.02e-32
 1.98179e+16	1.98e-10	4.43e-06	2.14e-03	5.23e-02	9.46e-01	2.73e-06	0.00e+00	1.76e-11	5.28e-11	8.81e-11	1.47e-06	2.96e-06	1.44e-31
 2.03317e+16	2.35e-10	5.19e-06	2.42e-03	5.61e-02	9.42e-01	2.66e-06	0.00e+00	2.10e-11	6.30e-11	1.05e-10	1.72e-06	3.47e-06	2.29e-31
 2.08121e+16	2.78e-10	6.01e-06	2.71e-03	5.98e-02	9.37e-01	2.62e-06	0.00e+00	2.48e-11	7.44e-11	1.24e-10	2.00e-06	4.02e-06	3.52e-31
 2.13466e+16	3.40e-10	7.13e-06	3.08e-03	6.43e-02	9.33e-01	2.59e-06	0.00e+00	3.04e-11	9.13e-11	1.52e-10	2.37e-06	4.76e-06	5.84e-31
 2.19118e+16	4.12e-10	8.44e-06	3.51e-03	6.93e-02	9.27e-01	2.53e-06	0.00e+00	3.69e-11	1.11e-10	1.84e-10	2.80e-06	5.64e-06	9.38e-31
 2.24164e+16	4.91e-10	9.82e-06	3.95e-03	7.40e-02	9.22e-01	2.50e-06	0.00e+00	4.40e-11	1.32e-10	2.20e-10	3.26e-06	6.56e-06	1.43e-30
 2.29716e+16	5.97e-10	1.17e-05	4.51e-03	7.97e-02	9.16e-01	2.46e-06	0.00e+00	5.36e-11	1.61e-10	2.68e-10	3.88e-06	7.79e-06	2.36e-30
 2.35706e+16	7.39e-10	1.40e-05	5.20e-03	8.64e-02	9.08e-01	2.42e-06	0.00e+00	6.64e-11	1.99e-10	3.32e-10	4.64e-06	9.33e-06	3.86e-30
 2.41144e+16	8.98e-10	1.65e-05	5.91e-03	9.28e-02	9.01e-01	2.40e-06	0.00e+00	8.07e-11	2.42e-10	4.04e-10	5.47e-06	1.10e-05	6.02e-30
 2.46069e+16	1.06e-09	1.90e-05	6.65e-03	9.90e-02	8.94e-01	2.38e-06	0.00e+00	9.55e-11	2.86e-10	4.77e-10	6.33e-06	1.27e-05	8.91e-30
 2.51444e+16	1.30e-09	2.26e-05	7.61e-03	1.07e-01	8.86e-01	2.35e-06	0.00e+00	1.17e-10	3.51e-10	5.85e-10	7.52e-06	1.51e-05	1.44e-29
 2.57157e+16	1.61e-09	2.70e-05	8.77e-03	1.15e-01	8.76e-01	2.34e-06	0.00e+00	1.45e-10	4.36e-10	7.27e-10	8.99e-06	1.81e-05	2.32e-29
 2.62067e+16	1.94e-09	3.15e-05	9.92e-03	1.23e-01	8.67e-01	2.33e-06	0.00e+00	1.75e-10	5.26e-10	8.76e-10	1.05e-05	2.10e-05	3.44e-29
