#depth	He	He+	He+2
 1.49634e+10	8.67e-24	1.24e-12	1.00e+00
 4.54887e+10	9.72e-24	1.34e-12	1.00e+00
 7.72350e+10	1.08e-23	1.45e-12	1.00e+00
 1.10251e+11	1.20e-23	1.57e-12	1.00e+00
 1.44588e+11	1.33e-23	1.69e-12	1.00e+00
 1.80298e+11	1.47e-23	1.83e-12	1.00e+00
 2.17437e+11	1.63e-23	1.98e-12	1.00e+00
 2.56061e+11	1.80e-23	2.14e-12	1.00e+00
 2.92113e+11	1.98e-23	2.30e-12	1.00e+00
 3.23897e+11	2.14e-23	2.44e-12	1.00e+00
 3.59371e+11	2.32e-23	2.61e-12	1.00e+00
 4.01973e+11	2.57e-23	2.81e-12	1.00e+00
 4.44790e+11	2.83e-23	3.03e-12	1.00e+00
 4.84153e+11	3.08e-23	3.23e-12	1.00e+00
 5.28075e+11	3.37e-23	3.47e-12	1.00e+00
 5.78922e+11	3.74e-23	3.75e-12	1.00e+00
 6.28640e+11	4.12e-23	4.04e-12	1.00e+00
 6.75785e+11	4.51e-23	4.32e-12	1.00e+00
 7.28180e+11	4.96e-23	4.65e-12	1.00e+00
 7.87234e+11	5.51e-23	5.03e-12	1.00e+00
 8.46638e+11	6.11e-23	5.43e-12	1.00e+00
 9.08418e+11	6.78e-23	5.86e-12	1.00e+00
 9.74681e+11	7.55e-23	6.34e-12	1.00e+00
 1.04360e+12	8.42e-23	6.87e-12	1.00e+00
 1.11527e+12	9.40e-23	7.43e-12	1.00e+00
 1.18980e+12	1.05e-22	8.05e-12	1.00e+00
 1.26732e+12	1.18e-22	8.71e-12	1.00e+00
 1.34794e+12	1.32e-22	9.43e-12	1.00e+00
 1.43179e+12	1.48e-22	1.02e-11	1.00e+00
 1.51898e+12	1.66e-22	1.11e-11	1.00e+00
 1.60967e+12	1.87e-22	1.20e-11	1.00e+00
 1.70398e+12	2.10e-22	1.30e-11	1.00e+00
 1.79601e+12	2.36e-22	1.40e-11	1.00e+00
 1.88352e+12	2.61e-22	1.50e-11	1.00e+00
 1.98059e+12	2.92e-22	1.62e-11	1.00e+00
 2.08657e+12	3.30e-22	1.75e-11	1.00e+00
 2.18881e+12	3.70e-22	1.88e-11	1.00e+00
 2.29832e+12	4.16e-22	2.03e-11	1.00e+00
 2.42018e+12	4.73e-22	2.20e-11	1.00e+00
 2.54314e+12	5.37e-22	2.38e-11	1.00e+00
 2.67102e+12	6.10e-22	2.57e-11	1.00e+00
 2.80779e+12	6.96e-22	2.79e-11	1.00e+00
 2.95003e+12	7.96e-22	3.03e-11	1.00e+00
 3.09795e+12	9.11e-22	3.29e-11	1.00e+00
 3.25180e+12	1.04e-21	3.57e-11	1.00e+00
 3.41180e+12	1.20e-21	3.87e-11	1.00e+00
 3.57820e+12	1.38e-21	4.21e-11	1.00e+00
 3.75125e+12	1.58e-21	4.57e-11	1.00e+00
 3.91371e+12	1.80e-21	4.93e-11	1.00e+00
 4.05853e+12	2.01e-21	5.26e-11	1.00e+00
 4.22089e+12	2.27e-21	5.64e-11	1.00e+00
 4.41387e+12	2.61e-21	6.13e-11	1.00e+00
 4.60724e+12	3.00e-21	6.63e-11	1.00e+00
 4.78804e+12	3.39e-21	7.12e-11	1.00e+00
 4.98919e+12	3.86e-21	7.69e-11	1.00e+00
 5.21868e+12	4.48e-21	8.38e-11	1.00e+00
 5.44628e+12	5.17e-21	9.09e-11	1.00e+00
 5.68298e+12	5.94e-21	9.87e-11	1.00e+00
 5.94022e+12	6.91e-21	1.08e-10	1.00e+00
 6.20210e+12	8.00e-21	1.17e-10	1.00e+00
 6.44583e+12	9.14e-21	1.27e-10	1.00e+00
 6.67027e+12	1.03e-20	1.35e-10	1.00e+00
 6.92657e+12	1.17e-20	1.46e-10	1.00e+00
 7.22784e+12	1.36e-20	1.59e-10	1.00e+00
 7.52658e+12	1.57e-20	1.73e-10	1.00e+00
 7.80502e+12	1.78e-20	1.87e-10	1.00e+00
 8.11489e+12	2.03e-20	2.03e-10	1.00e+00
 8.46941e+12	2.37e-20	2.22e-10	1.00e+00
 8.81750e+12	2.73e-20	2.42e-10	1.00e+00
 9.17952e+12	3.15e-20	2.64e-10	1.00e+00
 9.57663e+12	3.66e-20	2.89e-10	1.00e+00
 9.97423e+12	4.23e-20	3.16e-10	1.00e+00
 1.03877e+13	4.88e-20	3.46e-10	1.00e+00
 1.08332e+13	5.66e-20	3.80e-10	1.00e+00
 1.12751e+13	6.52e-20	4.15e-10	1.00e+00
 1.17348e+13	7.48e-20	4.55e-10	1.00e+00
 1.22341e+13	8.66e-20	5.00e-10	1.00e+00
 1.27534e+13	1.00e-19	5.50e-10	1.00e+00
 1.32935e+13	1.15e-19	6.05e-10	1.00e+00
 1.38551e+13	1.33e-19	6.66e-10	1.00e+00
 1.44393e+13	1.53e-19	7.34e-10	1.00e+00
 1.49688e+13	1.73e-19	7.99e-10	1.00e+00
 1.54121e+13	1.90e-19	8.56e-10	1.00e+00
 1.58986e+13	2.11e-19	9.22e-10	1.00e+00
 1.65120e+13	2.39e-19	1.01e-09	1.00e+00
 1.71505e+13	2.71e-19	1.10e-09	1.00e+00
 1.76979e+13	3.01e-19	1.19e-09	1.00e+00
 1.82670e+13	3.33e-19	1.29e-09	1.00e+00
 1.89754e+13	3.77e-19	1.41e-09	1.00e+00
 1.96928e+13	4.27e-19	1.54e-09	1.00e+00
 2.03184e+13	4.73e-19	1.66e-09	1.00e+00
 2.09968e+13	5.26e-19	1.80e-09	1.00e+00
 2.18229e+13	5.96e-19	1.97e-09	1.00e+00
 2.26634e+13	6.75e-19	2.16e-09	1.00e+00
 2.34349e+13	7.54e-19	2.34e-09	1.00e+00
 2.42941e+13	8.48e-19	2.55e-09	1.00e+00
 2.52904e+13	9.70e-19	2.80e-09	1.00e+00
 2.62729e+13	1.10e-18	3.07e-09	1.00e+00
 2.72139e+13	1.24e-18	3.33e-09	1.00e+00
 2.82515e+13	1.41e-18	3.64e-09	1.00e+00
 2.94115e+13	1.62e-18	4.00e-09	1.00e+00
 3.04661e+13	1.84e-18	4.34e-09	1.00e+00
 3.13539e+13	2.04e-18	4.64e-09	1.00e+00
 3.23302e+13	2.27e-18	4.98e-09	1.00e+00
 3.34318e+13	2.57e-18	5.38e-09	1.00e+00
 3.44855e+13	2.88e-18	5.78e-09	1.00e+00
 3.56448e+13	3.26e-18	6.23e-09	1.00e+00
 3.69299e+13	3.72e-18	6.76e-09	1.00e+00
 3.81355e+13	4.20e-18	7.27e-09	1.00e+00
 3.94600e+13	4.79e-18	7.85e-09	1.00e+00
 4.09474e+13	5.53e-18	8.54e-09	1.00e+00
 4.23649e+13	6.31e-18	9.22e-09	1.00e+00
 4.39194e+13	7.26e-18	9.99e-09	1.00e+00
 4.55691e+13	8.40e-18	1.09e-08	1.00e+00
 4.70125e+13	9.51e-18	1.16e-08	1.00e+00
 4.85522e+13	1.08e-17	1.25e-08	1.00e+00
 5.04259e+13	1.26e-17	1.36e-08	1.00e+00
 5.22922e+13	1.46e-17	1.47e-08	1.00e+00
 5.39384e+13	1.65e-17	1.58e-08	1.00e+00
 5.57399e+13	1.89e-17	1.69e-08	1.00e+00
 5.79084e+13	2.21e-17	1.84e-08	1.00e+00
 6.00780e+13	2.57e-17	2.00e-08	1.00e+00
 6.20502e+13	2.93e-17	2.14e-08	1.00e+00
 6.42413e+13	3.37e-17	2.31e-08	1.00e+00
 6.68043e+13	3.97e-17	2.52e-08	1.00e+00
 6.93333e+13	4.62e-17	2.72e-08	1.00e+00
 7.17248e+13	5.31e-17	2.93e-08	1.00e+00
 7.43850e+13	6.17e-17	3.17e-08	1.00e+00
 7.73904e+13	7.27e-17	3.45e-08	1.00e+00
 8.04088e+13	8.51e-17	3.74e-08	1.00e+00
 8.35480e+13	9.97e-17	4.06e-08	1.00e+00
 8.69198e+13	1.17e-16	4.42e-08	1.00e+00
 9.04266e+13	1.38e-16	4.80e-08	1.00e+00
 9.38791e+13	1.61e-16	5.20e-08	1.00e+00
 9.70916e+13	1.85e-16	5.58e-08	1.00e+00
 9.99907e+13	2.09e-16	5.93e-08	1.00e+00
 1.03099e+14	2.37e-16	6.32e-08	1.00e+00
 1.06968e+14	2.76e-16	6.83e-08	1.00e+00
 1.10845e+14	3.19e-16	7.36e-08	1.00e+00
 1.14177e+14	3.60e-16	7.82e-08	1.00e+00
 1.17780e+14	4.08e-16	8.34e-08	1.00e+00
 1.22227e+14	4.76e-16	9.01e-08	1.00e+00
 1.26666e+14	5.50e-16	9.70e-08	1.00e+00
 1.30498e+14	6.20e-16	1.03e-07	1.00e+00
 1.34651e+14	7.04e-16	1.10e-07	1.00e+00
 1.39753e+14	8.19e-16	1.19e-07	1.00e+00
 1.44900e+14	9.48e-16	1.28e-07	1.00e+00
 1.49462e+14	1.07e-15	1.36e-07	1.00e+00
 1.54457e+14	1.23e-15	1.45e-07	1.00e+00
 1.60440e+14	1.43e-15	1.57e-07	1.00e+00
 1.66397e+14	1.65e-15	1.69e-07	1.00e+00
 1.71825e+14	1.88e-15	1.80e-07	1.00e+00
 1.77878e+14	2.16e-15	1.93e-07	1.00e+00
 1.84941e+14	2.53e-15	2.09e-07	1.00e+00
 1.91902e+14	2.93e-15	2.25e-07	1.00e+00
 1.98494e+14	3.35e-15	2.41e-07	1.00e+00
 2.05816e+14	3.87e-15	2.59e-07	1.00e+00
 2.14079e+14	4.53e-15	2.81e-07	1.00e+00
 2.22382e+14	5.27e-15	3.03e-07	1.00e+00
 2.31017e+14	6.13e-15	3.27e-07	1.00e+00
 2.40288e+14	7.17e-15	3.54e-07	1.00e+00
 2.49268e+14	8.30e-15	3.81e-07	1.00e+00
 2.57719e+14	9.47e-15	4.07e-07	1.00e+00
 2.67169e+14	1.09e-14	4.38e-07	1.00e+00
 2.76696e+14	1.26e-14	4.70e-07	1.00e+00
 2.84613e+14	1.41e-14	4.97e-07	1.00e+00
 2.92993e+14	1.58e-14	5.27e-07	1.00e+00
 3.03698e+14	1.82e-14	5.67e-07	1.00e+00
 3.14915e+14	2.11e-14	6.11e-07	1.00e+00
 3.24823e+14	2.39e-14	6.50e-07	1.00e+00
 3.35543e+14	2.72e-14	6.95e-07	1.00e+00
 3.48450e+14	3.16e-14	7.50e-07	1.00e+00
 3.61547e+14	3.67e-14	8.09e-07	1.00e+00
 3.73812e+14	4.19e-14	8.67e-07	1.00e+00
 3.87439e+14	4.84e-14	9.34e-07	1.00e+00
 4.01882e+14	5.61e-14	1.01e-06	1.00e+00
 4.14716e+14	6.37e-14	1.07e-06	1.00e+00
 4.28522e+14	7.26e-14	1.15e-06	1.00e+00
 4.45067e+14	8.47e-14	1.24e-06	1.00e+00
 4.61349e+14	9.78e-14	1.34e-06	1.00e+00
 4.75858e+14	1.11e-13	1.43e-06	1.00e+00
 4.91887e+14	1.27e-13	1.53e-06	1.00e+00
 5.10981e+14	1.48e-13	1.66e-06	1.00e+00
 5.29896e+14	1.71e-13	1.79e-06	1.00e+00
 5.47168e+14	1.94e-13	1.91e-06	1.00e+00
 5.66468e+14	2.23e-13	2.05e-06	1.00e+00
 5.88939e+14	2.60e-13	2.23e-06	1.00e+00
 6.11013e+14	3.01e-13	2.40e-06	1.00e+00
 6.31873e+14	3.44e-13	2.57e-06	1.00e+00
 6.55082e+14	3.96e-13	2.77e-06	1.00e+00
 6.81315e+14	4.63e-13	3.01e-06	1.00e+00
 7.06172e+14	5.32e-13	3.24e-06	1.00e+00
 7.28783e+14	6.02e-13	3.45e-06	1.00e+00
 7.54377e+14	6.89e-13	3.71e-06	1.00e+00
 7.84234e+14	8.01e-13	4.02e-06	1.00e+00
 8.12866e+14	9.20e-13	4.32e-06	1.00e+00
 8.38716e+14	1.04e-12	4.61e-06	1.00e+00
 8.63070e+14	1.16e-12	4.89e-06	1.00e+00
 8.90080e+14	1.30e-12	5.20e-06	1.00e+00
 9.20279e+14	1.48e-12	5.57e-06	1.00e+00
 9.48799e+14	1.67e-12	5.93e-06	1.00e+00
 9.80053e+14	1.88e-12	6.34e-06	1.00e+00
 1.01505e+15	2.15e-12	6.81e-06	1.00e+00
 1.04806e+15	2.43e-12	7.26e-06	1.00e+00
 1.08412e+15	2.76e-12	7.78e-06	1.00e+00
 1.12399e+15	3.16e-12	8.38e-06	1.00e+00
 1.16079e+15	3.56e-12	8.94e-06	1.00e+00
 1.20062e+15	4.04e-12	9.58e-06	1.00e+00
 1.24515e+15	4.62e-12	1.03e-05	1.00e+00
 1.28701e+15	5.23e-12	1.10e-05	1.00e+00
 1.33265e+15	5.95e-12	1.18e-05	1.00e+00
 1.38341e+15	6.84e-12	1.28e-05	1.00e+00
 1.43084e+15	7.74e-12	1.37e-05	1.00e+00
 1.48239e+15	8.83e-12	1.47e-05	1.00e+00
 1.54006e+15	1.02e-11	1.59e-05	1.00e+00
 1.59476e+15	1.16e-11	1.71e-05	1.00e+00
 1.65329e+15	1.33e-11	1.85e-05	1.00e+00
 1.71945e+15	1.54e-11	2.00e-05	1.00e+00
 1.78463e+15	1.76e-11	2.16e-05	1.00e+00
 1.85242e+15	2.04e-11	2.34e-05	1.00e+00
 1.92655e+15	2.36e-11	2.54e-05	1.00e+00
 1.99977e+15	2.72e-11	2.75e-05	1.00e+00
 2.06062e+15	3.05e-11	2.93e-05	1.00e+00
 2.10976e+15	3.34e-11	3.08e-05	1.00e+00
 2.16429e+15	3.68e-11	3.26e-05	1.00e+00
 2.23518e+15	4.18e-11	3.49e-05	1.00e+00
 2.31118e+15	4.76e-11	3.76e-05	1.00e+00
 2.37861e+15	5.34e-11	4.00e-05	1.00e+00
 2.45105e+15	6.01e-11	4.27e-05	1.00e+00
 2.54185e+15	6.95e-11	4.62e-05	1.00e+00
 2.63396e+15	8.02e-11	5.00e-05	1.00e+00
 2.71374e+15	9.04e-11	5.34e-05	1.00e+00
 2.80008e+15	1.03e-10	5.72e-05	1.00e+00
 2.90587e+15	1.20e-10	6.21e-05	1.00e+00
 3.01263e+15	1.39e-10	6.73e-05	1.00e+00
 3.10741e+15	1.58e-10	7.22e-05	1.00e+00
 3.21095e+15	1.81e-10	7.77e-05	1.00e+00
 3.33488e+15	2.12e-10	8.46e-05	1.00e+00
 3.45756e+15	2.46e-10	9.18e-05	1.00e+00
 3.56821e+15	2.81e-10	9.85e-05	1.00e+00
 3.69094e+15	3.25e-10	1.06e-04	1.00e+00
 3.83552e+15	3.82e-10	1.16e-04	1.00e+00
 3.97823e+15	4.47e-10	1.26e-04	1.00e+00
 4.11072e+15	5.13e-10	1.36e-04	1.00e+00
 4.25926e+15	5.99e-10	1.47e-04	1.00e+00
 4.42966e+15	7.09e-10	1.61e-04	1.00e+00
 4.59735e+15	8.32e-10	1.75e-04	1.00e+00
 4.77174e+15	9.77e-10	1.90e-04	1.00e+00
 4.93060e+15	1.12e-09	2.05e-04	1.00e+00
 5.04915e+15	1.24e-09	2.16e-04	1.00e+00
 5.17167e+15	1.38e-09	2.28e-04	1.00e+00
 5.33095e+15	1.58e-09	2.44e-04	1.00e+00
 5.50329e+15	1.81e-09	2.62e-04	1.00e+00
 5.65877e+15	2.04e-09	2.79e-04	1.00e+00
 5.82704e+15	2.31e-09	2.98e-04	1.00e+00
 6.04060e+15	2.70e-09	3.23e-04	1.00e+00
 6.25564e+15	3.14e-09	3.49e-04	1.00e+00
 6.43633e+15	3.55e-09	3.72e-04	1.00e+00
 6.62976e+15	4.04e-09	3.97e-04	1.00e+00
 6.87388e+15	4.72e-09	4.30e-04	1.00e+00
 7.12958e+15	5.51e-09	4.66e-04	1.00e+00
 7.35920e+15	6.32e-09	5.00e-04	9.99e-01
 7.60925e+15	7.29e-09	5.38e-04	9.99e-01
 7.90561e+15	8.57e-09	5.85e-04	9.99e-01
 8.19555e+15	9.98e-09	6.33e-04	9.99e-01
 8.45805e+15	1.14e-08	6.78e-04	9.99e-01
 8.75150e+15	1.32e-08	7.30e-04	9.99e-01
 9.09573e+15	1.55e-08	7.94e-04	9.99e-01
 9.43378e+15	1.80e-08	8.59e-04	9.99e-01
 9.74871e+15	2.07e-08	9.22e-04	9.99e-01
 1.00245e+16	2.33e-08	9.79e-04	9.99e-01
 1.02571e+16	2.57e-08	1.03e-03	9.99e-01
 1.05146e+16	2.84e-08	1.08e-03	9.99e-01
 1.08494e+16	3.25e-08	1.16e-03	9.99e-01
 1.11976e+16	3.70e-08	1.24e-03	9.99e-01
 1.14912e+16	4.12e-08	1.31e-03	9.99e-01
 1.18005e+16	4.60e-08	1.39e-03	9.99e-01
 1.22027e+16	5.31e-08	1.49e-03	9.99e-01
 1.26162e+16	6.08e-08	1.60e-03	9.98e-01
 1.29603e+16	6.79e-08	1.69e-03	9.98e-01
 1.33232e+16	7.62e-08	1.80e-03	9.98e-01
 1.37950e+16	8.82e-08	1.94e-03	9.98e-01
 1.42857e+16	1.02e-07	2.09e-03	9.98e-01
 1.46980e+16	1.14e-07	2.22e-03	9.98e-01
 1.51311e+16	1.29e-07	2.36e-03	9.98e-01
 1.56834e+16	1.50e-07	2.56e-03	9.97e-01
 1.62388e+16	1.72e-07	2.75e-03	9.97e-01
 1.66931e+16	1.92e-07	2.92e-03	9.97e-01
 1.71682e+16	2.16e-07	3.12e-03	9.97e-01
 1.77854e+16	2.51e-07	3.38e-03	9.97e-01
 1.84156e+16	2.89e-07	3.65e-03	9.96e-01
 1.89202e+16	3.22e-07	3.88e-03	9.96e-01
 1.93477e+16	3.53e-07	4.09e-03	9.96e-01
 1.98179e+16	3.93e-07	4.34e-03	9.96e-01
 2.03317e+16	4.37e-07	4.62e-03	9.95e-01
 2.08121e+16	4.83e-07	4.89e-03	9.95e-01
 2.13466e+16	5.42e-07	5.23e-03	9.95e-01
 2.19118e+16	6.07e-07	5.60e-03	9.94e-01
 2.24164e+16	6.72e-07	5.96e-03	9.94e-01
 2.29716e+16	7.56e-07	6.41e-03	9.94e-01
 2.35706e+16	8.54e-07	6.91e-03	9.93e-01
 2.41144e+16	9.53e-07	7.42e-03	9.93e-01
 2.46069e+16	1.05e-06	7.92e-03	9.92e-01
 2.51444e+16	1.19e-06	8.55e-03	9.91e-01
 2.57157e+16	1.34e-06	9.28e-03	9.91e-01
 2.62067e+16	1.49e-06	9.97e-03	9.90e-01
 2.66508e+16	1.65e-06	1.07e-02	9.89e-01
 2.71578e+16	1.87e-06	1.16e-02	9.88e-01
 2.77017e+16	2.14e-06	1.28e-02	9.87e-01
 2.81482e+16	2.38e-06	1.38e-02	9.86e-01
 2.85097e+16	2.63e-06	1.48e-02	9.85e-01
 2.89062e+16	2.94e-06	1.61e-02	9.84e-01
 2.93427e+16	3.35e-06	1.77e-02	9.82e-01
 2.97296e+16	3.77e-06	1.93e-02	9.81e-01
 3.00648e+16	4.19e-06	2.09e-02	9.79e-01
 3.04348e+16	4.74e-06	2.31e-02	9.77e-01
 3.08283e+16	5.53e-06	2.58e-02	9.74e-01
 3.11548e+16	6.29e-06	2.85e-02	9.72e-01
 3.14274e+16	7.08e-06	3.11e-02	9.69e-01
 3.17275e+16	8.11e-06	3.46e-02	9.65e-01
 3.20480e+16	9.36e-06	3.90e-02	9.61e-01
 3.23223e+16	1.10e-05	4.37e-02	9.56e-01
 3.25478e+16	1.24e-05	4.83e-02	9.52e-01
 3.27830e+16	1.43e-05	5.41e-02	9.46e-01
 3.30353e+16	1.67e-05	6.16e-02	9.38e-01
 3.32522e+16	1.97e-05	6.97e-02	9.30e-01
 3.34275e+16	2.22e-05	7.76e-02	9.22e-01
 3.36069e+16	2.58e-05	8.75e-02	9.13e-01
 3.37994e+16	3.05e-05	1.00e-01	9.00e-01
 3.39624e+16	3.56e-05	1.14e-01	8.86e-01
 3.40962e+16	4.09e-05	1.27e-01	8.73e-01
 3.42191e+16	4.67e-05	1.42e-01	8.58e-01
 3.43594e+16	5.53e-05	1.61e-01	8.39e-01
 3.44997e+16	6.55e-05	1.85e-01	8.15e-01
 3.46084e+16	7.46e-05	2.08e-01	7.92e-01
 3.47183e+16	8.67e-05	2.35e-01	7.65e-01
 3.48216e+16	1.00e-04	2.64e-01	7.36e-01
 3.48918e+16	1.11e-04	2.86e-01	7.14e-01
 3.49458e+16	1.19e-04	3.05e-01	6.95e-01
 3.50036e+16	1.30e-04	3.27e-01	6.73e-01
 3.50788e+16	1.46e-04	3.58e-01	6.42e-01
 3.51551e+16	1.63e-04	3.91e-01	6.09e-01
 3.52190e+16	1.80e-04	4.22e-01	5.78e-01
 3.52884e+16	1.99e-04	4.58e-01	5.42e-01
 3.53646e+16	2.22e-04	4.98e-01	5.01e-01
 3.54350e+16	2.45e-04	5.37e-01	4.63e-01
 3.55117e+16	2.71e-04	5.81e-01	4.19e-01
 3.55961e+16	3.01e-04	6.27e-01	3.72e-01
 3.56760e+16	3.29e-04	6.70e-01	3.29e-01
 3.57652e+16	3.62e-04	7.16e-01	2.83e-01
 3.58811e+16	4.02e-04	7.70e-01	2.30e-01
 3.60041e+16	4.42e-04	8.17e-01	1.83e-01
 3.61188e+16	4.76e-04	8.53e-01	1.46e-01
 3.62504e+16	5.12e-04	8.87e-01	1.13e-01
 3.64216e+16	5.52e-04	9.18e-01	8.10e-02
 3.66441e+16	5.98e-04	9.46e-01	5.35e-02
 3.69333e+16	6.48e-04	9.67e-01	3.25e-02
 3.73093e+16	7.09e-04	9.81e-01	1.82e-02
 3.77075e+16	7.74e-04	9.89e-01	1.07e-02
 3.80444e+16	8.36e-04	9.92e-01	7.21e-03
 3.83359e+16	8.96e-04	9.94e-01	5.25e-03
 3.86585e+16	9.71e-04	9.95e-01	3.75e-03
 3.90036e+16	1.06e-03	9.96e-01	2.72e-03
 3.92399e+16	1.14e-03	9.97e-01	2.24e-03
 3.93593e+16	1.19e-03	9.97e-01	2.04e-03
 3.94646e+16	1.22e-03	9.97e-01	1.86e-03
 3.96016e+16	1.28e-03	9.97e-01	1.65e-03
 3.97795e+16	1.36e-03	9.97e-01	1.42e-03
 3.99630e+16	1.45e-03	9.97e-01	1.24e-03
 4.01066e+16	1.53e-03	9.97e-01	1.12e-03
 4.02224e+16	1.60e-03	9.97e-01	1.02e-03
 4.03492e+16	1.68e-03	9.97e-01	9.29e-04
 4.05141e+16	1.80e-03	9.97e-01	8.20e-04
 4.06602e+16	1.93e-03	9.97e-01	7.45e-04
 4.07446e+16	2.01e-03	9.97e-01	7.06e-04
 4.08172e+16	2.08e-03	9.97e-01	6.69e-04
 4.09115e+16	2.18e-03	9.97e-01	6.26e-04
 4.10130e+16	2.30e-03	9.97e-01	5.84e-04
 4.10993e+16	2.41e-03	9.97e-01	5.52e-04
 4.11717e+16	2.52e-03	9.97e-01	5.27e-04
 4.12505e+16	2.63e-03	9.97e-01	4.99e-04
 4.13371e+16	2.78e-03	9.97e-01	4.71e-04
 4.14140e+16	2.92e-03	9.97e-01	4.49e-04
 4.14799e+16	3.05e-03	9.97e-01	4.30e-04
 4.15514e+16	3.20e-03	9.96e-01	4.10e-04
 4.16292e+16	3.38e-03	9.96e-01	3.90e-04
 4.16968e+16	3.56e-03	9.96e-01	3.74e-04
 4.17538e+16	3.72e-03	9.96e-01	3.61e-04
 4.18156e+16	3.91e-03	9.96e-01	3.46e-04
 4.18843e+16	4.15e-03	9.96e-01	3.32e-04
 4.19457e+16	4.38e-03	9.95e-01	3.19e-04
 4.19979e+16	4.59e-03	9.95e-01	3.09e-04
 4.20544e+16	4.85e-03	9.95e-01	2.98e-04
 4.21168e+16	5.16e-03	9.95e-01	2.87e-04
 4.21724e+16	5.48e-03	9.94e-01	2.77e-04
 4.22201e+16	5.77e-03	9.94e-01	2.69e-04
 4.22721e+16	6.13e-03	9.94e-01	2.60e-04
 4.23300e+16	6.58e-03	9.93e-01	2.51e-04
 4.23825e+16	7.04e-03	9.93e-01	2.43e-04
 4.24290e+16	7.49e-03	9.92e-01	2.37e-04
 4.24803e+16	8.06e-03	9.92e-01	2.29e-04
 4.25379e+16	8.80e-03	9.91e-01	2.21e-04
 4.25914e+16	9.63e-03	9.90e-01	2.14e-04
 4.26383e+16	1.04e-02	9.89e-01	2.08e-04
 4.26814e+16	1.13e-02	9.88e-01	2.03e-04
 4.27234e+16	1.23e-02	9.87e-01	1.97e-04
 4.27648e+16	1.35e-02	9.86e-01	1.92e-04
 4.28043e+16	1.48e-02	9.85e-01	1.88e-04
 4.28405e+16	1.62e-02	9.84e-01	1.84e-04
 4.28743e+16	1.77e-02	9.82e-01	1.80e-04
 4.29068e+16	1.94e-02	9.80e-01	1.77e-04
 4.29380e+16	2.13e-02	9.78e-01	1.74e-04
 4.29676e+16	2.35e-02	9.76e-01	1.71e-04
 4.29956e+16	2.59e-02	9.74e-01	1.68e-04
 4.30221e+16	2.86e-02	9.71e-01	1.66e-04
 4.30478e+16	3.16e-02	9.68e-01	1.64e-04
 4.30729e+16	3.51e-02	9.65e-01	1.62e-04
 4.30965e+16	3.91e-02	9.61e-01	1.61e-04
 4.31183e+16	4.34e-02	9.56e-01	1.60e-04
 4.31385e+16	4.81e-02	9.52e-01	1.59e-04
 4.31578e+16	5.33e-02	9.47e-01	1.59e-04
 4.31761e+16	5.91e-02	9.41e-01	1.59e-04
 4.31938e+16	6.55e-02	9.34e-01	1.59e-04
 4.32105e+16	7.28e-02	9.27e-01	1.60e-04
 4.32262e+16	8.03e-02	9.20e-01	1.61e-04
 4.32412e+16	8.91e-02	9.11e-01	1.62e-04
 4.32558e+16	9.83e-02	9.02e-01	1.64e-04
 4.32695e+16	1.09e-01	8.91e-01	1.65e-04
 4.32826e+16	1.20e-01	8.80e-01	1.67e-04
 4.32951e+16	1.32e-01	8.68e-01	1.70e-04
 4.33065e+16	1.44e-01	8.56e-01	1.73e-04
 4.33161e+16	1.55e-01	8.45e-01	1.75e-04
 4.33249e+16	1.67e-01	8.33e-01	1.78e-04
 4.33319e+16	1.76e-01	8.23e-01	1.80e-04
 4.33367e+16	1.83e-01	8.16e-01	1.81e-04
 4.33412e+16	1.90e-01	8.09e-01	1.83e-04
 4.33462e+16	1.99e-01	8.01e-01	1.84e-04
 4.33517e+16	2.08e-01	7.92e-01	1.86e-04
 4.33570e+16	2.18e-01	7.82e-01	1.87e-04
 4.33620e+16	2.26e-01	7.73e-01	1.90e-04
 4.33668e+16	2.36e-01	7.64e-01	1.91e-04
 4.33717e+16	2.46e-01	7.53e-01	1.93e-04
 4.33765e+16	2.57e-01	7.43e-01	1.95e-04
 4.33813e+16	2.67e-01	7.33e-01	1.97e-04
 4.33860e+16	2.78e-01	7.22e-01	1.98e-04
 4.33907e+16	2.89e-01	7.11e-01	2.00e-04
 4.33953e+16	3.01e-01	6.99e-01	2.02e-04
 4.33998e+16	3.13e-01	6.87e-01	2.04e-04
 4.34043e+16	3.25e-01	6.75e-01	2.06e-04
 4.34088e+16	3.38e-01	6.62e-01	2.07e-04
 4.34132e+16	3.50e-01	6.50e-01	2.09e-04
 4.34175e+16	3.63e-01	6.37e-01	2.11e-04
 4.34218e+16	3.76e-01	6.24e-01	2.12e-04
 4.34261e+16	3.89e-01	6.11e-01	2.14e-04
 4.34303e+16	4.03e-01	5.97e-01	2.15e-04
 4.34344e+16	4.17e-01	5.83e-01	2.16e-04
 4.34385e+16	4.31e-01	5.69e-01	2.17e-04
 4.34425e+16	4.44e-01	5.55e-01	2.19e-04
 4.34465e+16	4.59e-01	5.41e-01	2.20e-04
 4.34505e+16	4.73e-01	5.27e-01	2.20e-04
 4.34544e+16	4.87e-01	5.13e-01	2.21e-04
 4.34582e+16	5.01e-01	4.99e-01	2.22e-04
 4.34620e+16	5.15e-01	4.84e-01	2.22e-04
 4.34658e+16	5.29e-01	4.70e-01	2.23e-04
 4.34694e+16	5.43e-01	4.56e-01	2.23e-04
 4.34730e+16	5.57e-01	4.43e-01	2.23e-04
 4.34765e+16	5.70e-01	4.30e-01	2.23e-04
 4.34799e+16	5.83e-01	4.17e-01	2.24e-04
 4.34832e+16	5.96e-01	4.04e-01	2.23e-04
 4.34865e+16	6.09e-01	3.91e-01	2.23e-04
 4.34898e+16	6.21e-01	3.79e-01	2.22e-04
 4.34930e+16	6.33e-01	3.67e-01	2.21e-04
 4.34961e+16	6.45e-01	3.55e-01	2.21e-04
 4.34992e+16	6.57e-01	3.43e-01	2.20e-04
 4.35022e+16	6.68e-01	3.32e-01	2.19e-04
 4.35052e+16	6.79e-01	3.21e-01	2.18e-04
 4.35081e+16	6.90e-01	3.10e-01	2.16e-04
 4.35110e+16	7.00e-01	2.99e-01	2.15e-04
 4.35139e+16	7.10e-01	2.89e-01	2.14e-04
 4.35166e+16	7.20e-01	2.80e-01	2.12e-04
 4.35194e+16	7.30e-01	2.70e-01	2.11e-04
 4.35221e+16	7.39e-01	2.61e-01	2.09e-04
 4.35248e+16	7.48e-01	2.52e-01	2.07e-04
 4.35275e+16	7.57e-01	2.43e-01	2.05e-04
 4.35301e+16	7.65e-01	2.34e-01	2.03e-04
 4.35327e+16	7.74e-01	2.26e-01	2.02e-04
 4.35352e+16	7.82e-01	2.18e-01	2.00e-04
 4.35378e+16	7.89e-01	2.10e-01	1.97e-04
 4.35403e+16	7.97e-01	2.03e-01	1.95e-04
 4.35428e+16	8.04e-01	1.96e-01	1.93e-04
 4.35452e+16	8.11e-01	1.89e-01	1.91e-04
 4.35473e+16	8.17e-01	1.83e-01	1.89e-04
 4.35488e+16	8.21e-01	1.79e-01	1.87e-04
 4.35502e+16	8.25e-01	1.75e-01	1.85e-04
 4.35516e+16	8.29e-01	1.71e-01	1.83e-04
 4.35532e+16	8.33e-01	1.67e-01	1.81e-04
 4.35547e+16	8.37e-01	1.63e-01	1.80e-04
 4.35561e+16	8.41e-01	1.59e-01	1.78e-04
 4.35575e+16	8.44e-01	1.56e-01	1.76e-04
 4.35589e+16	8.48e-01	1.52e-01	1.75e-04
 4.35603e+16	8.51e-01	1.49e-01	1.73e-04
 4.35617e+16	8.54e-01	1.45e-01	1.71e-04
 4.35631e+16	8.58e-01	1.42e-01	1.69e-04
 4.35645e+16	8.61e-01	1.39e-01	1.67e-04
 4.35659e+16	8.64e-01	1.36e-01	1.66e-04
 4.35673e+16	8.67e-01	1.32e-01	1.64e-04
 4.35688e+16	8.71e-01	1.29e-01	1.62e-04
 4.35703e+16	8.74e-01	1.26e-01	1.60e-04
 4.35720e+16	8.78e-01	1.22e-01	1.58e-04
 4.35738e+16	8.81e-01	1.18e-01	1.55e-04
 4.35758e+16	8.85e-01	1.14e-01	1.52e-04
 4.35779e+16	8.90e-01	1.10e-01	1.49e-04
 4.35800e+16	8.94e-01	1.06e-01	1.46e-04
 4.35820e+16	8.97e-01	1.02e-01	1.43e-04
 4.35839e+16	9.01e-01	9.90e-02	1.40e-04
 4.35858e+16	9.04e-01	9.57e-02	1.37e-04
 4.35876e+16	9.07e-01	9.25e-02	1.34e-04
 4.35893e+16	9.10e-01	8.96e-02	1.31e-04
 4.35909e+16	9.13e-01	8.68e-02	1.28e-04
 4.35924e+16	9.15e-01	8.44e-02	1.26e-04
 4.35938e+16	9.18e-01	8.22e-02	1.23e-04
 4.35950e+16	9.20e-01	8.03e-02	1.21e-04
 4.35961e+16	9.21e-01	7.85e-02	1.19e-04
 4.35972e+16	9.23e-01	7.69e-02	1.17e-04
 4.35981e+16	9.24e-01	7.54e-02	1.15e-04
 4.35989e+16	9.26e-01	7.42e-02	1.14e-04
 4.35999e+16	9.27e-01	7.28e-02	1.12e-04
 4.36009e+16	9.29e-01	7.13e-02	1.10e-04
 4.36018e+16	9.30e-01	7.00e-02	1.08e-04
 4.36026e+16	9.31e-01	6.87e-02	1.07e-04
 4.36034e+16	9.32e-01	6.77e-02	1.05e-04
 4.36042e+16	9.33e-01	6.65e-02	1.04e-04
 4.36051e+16	9.35e-01	6.53e-02	1.02e-04
 4.36059e+16	9.36e-01	6.42e-02	1.00e-04
 4.36066e+16	9.37e-01	6.31e-02	9.89e-05
 4.36073e+16	9.38e-01	6.22e-02	9.76e-05
 4.36080e+16	9.39e-01	6.12e-02	9.62e-05
 4.36088e+16	9.40e-01	6.02e-02	9.47e-05
 4.36096e+16	9.41e-01	5.92e-02	9.32e-05
 4.36102e+16	9.42e-01	5.83e-02	9.18e-05
 4.36108e+16	9.42e-01	5.75e-02	9.06e-05
 4.36115e+16	9.43e-01	5.67e-02	8.94e-05
 4.36122e+16	9.44e-01	5.58e-02	8.79e-05
 4.36128e+16	9.45e-01	5.49e-02	8.66e-05
 4.36134e+16	9.46e-01	5.42e-02	8.54e-05
 4.36139e+16	9.46e-01	5.35e-02	8.43e-05
 4.36145e+16	9.47e-01	5.28e-02	8.32e-05
 4.36152e+16	9.48e-01	5.20e-02	8.20e-05
 4.36157e+16	9.49e-01	5.13e-02	8.07e-05
 4.36163e+16	9.49e-01	5.07e-02	7.97e-05
 4.36168e+16	9.50e-01	5.00e-02	7.87e-05
 4.36174e+16	9.51e-01	4.93e-02	7.75e-05
 4.36180e+16	9.51e-01	4.86e-02	7.63e-05
 4.36185e+16	9.52e-01	4.80e-02	7.53e-05
 4.36191e+16	9.53e-01	4.73e-02	7.43e-05
 4.36197e+16	9.53e-01	4.67e-02	7.32e-05
 4.36202e+16	9.54e-01	4.60e-02	7.20e-05
 4.36207e+16	9.54e-01	4.55e-02	7.11e-05
 4.36213e+16	9.55e-01	4.49e-02	7.02e-05
 4.36219e+16	9.56e-01	4.42e-02	6.91e-05
 4.36224e+16	9.56e-01	4.36e-02	6.81e-05
 4.36229e+16	9.57e-01	4.31e-02	6.72e-05
 4.36235e+16	9.57e-01	4.25e-02	6.63e-05
 4.36242e+16	9.58e-01	4.18e-02	6.51e-05
 4.36249e+16	9.59e-01	4.11e-02	6.38e-05
 4.36256e+16	9.60e-01	4.04e-02	6.27e-05
 4.36262e+16	9.60e-01	3.98e-02	6.17e-05
 4.36268e+16	9.61e-01	3.92e-02	6.07e-05
 4.36273e+16	9.61e-01	3.87e-02	5.99e-05
 4.36279e+16	9.62e-01	3.82e-02	5.91e-05
 4.36286e+16	9.62e-01	3.75e-02	5.80e-05
 4.36294e+16	9.63e-01	3.69e-02	5.69e-05
 4.36302e+16	9.64e-01	3.62e-02	5.60e-05
 4.36308e+16	9.64e-01	3.57e-02	5.51e-05
 4.36314e+16	9.65e-01	3.52e-02	5.42e-05
 4.36321e+16	9.65e-01	3.47e-02	5.34e-05
 4.36328e+16	9.66e-01	3.41e-02	5.25e-05
 4.36334e+16	9.66e-01	3.36e-02	5.17e-05
 4.36341e+16	9.67e-01	3.31e-02	5.08e-05
 4.36349e+16	9.67e-01	3.25e-02	4.99e-05
 4.36356e+16	9.68e-01	3.20e-02	4.91e-05
 4.36362e+16	9.68e-01	3.16e-02	4.84e-05
 4.36369e+16	9.69e-01	3.11e-02	4.76e-05
 4.36377e+16	9.69e-01	3.06e-02	4.68e-05
 4.36384e+16	9.70e-01	3.01e-02	4.60e-05
 4.36391e+16	9.70e-01	2.96e-02	4.53e-05
 4.36399e+16	9.71e-01	2.91e-02	4.45e-05
 4.36407e+16	9.71e-01	2.87e-02	4.37e-05
 4.36415e+16	9.72e-01	2.82e-02	4.30e-05
 4.36423e+16	9.72e-01	2.77e-02	4.22e-05
 4.36431e+16	9.73e-01	2.72e-02	4.15e-05
 4.36440e+16	9.73e-01	2.67e-02	4.07e-05
 4.36449e+16	9.74e-01	2.62e-02	3.99e-05
 4.36458e+16	9.74e-01	2.58e-02	3.92e-05
 4.36466e+16	9.75e-01	2.54e-02	3.87e-05
 4.36474e+16	9.75e-01	2.50e-02	3.79e-05
 4.36485e+16	9.76e-01	2.44e-02	3.71e-05
 4.36497e+16	9.76e-01	2.39e-02	3.63e-05
 4.36508e+16	9.77e-01	2.34e-02	3.55e-05
 4.36518e+16	9.77e-01	2.30e-02	3.49e-05
 4.36529e+16	9.77e-01	2.25e-02	3.41e-05
 4.36540e+16	9.78e-01	2.21e-02	3.34e-05
 4.36551e+16	9.78e-01	2.17e-02	3.28e-05
 4.36562e+16	9.79e-01	2.12e-02	3.21e-05
 4.36575e+16	9.79e-01	2.08e-02	3.14e-05
 4.36586e+16	9.80e-01	2.04e-02	3.08e-05
 4.36599e+16	9.80e-01	1.99e-02	3.01e-05
 4.36613e+16	9.80e-01	1.95e-02	2.95e-05
 4.36625e+16	9.81e-01	1.92e-02	2.89e-05
 4.36638e+16	9.81e-01	1.87e-02	2.82e-05
 4.36653e+16	9.82e-01	1.83e-02	2.76e-05
 4.36666e+16	9.82e-01	1.80e-02	2.71e-05
 4.36681e+16	9.82e-01	1.76e-02	2.65e-05
 4.36696e+16	9.83e-01	1.72e-02	2.59e-05
 4.36711e+16	9.83e-01	1.69e-02	2.54e-05
 4.36726e+16	9.83e-01	1.65e-02	2.49e-05
 4.36747e+16	9.84e-01	1.61e-02	2.42e-05
 4.36769e+16	9.84e-01	1.57e-02	2.36e-05
 4.36789e+16	9.85e-01	1.53e-02	2.30e-05
 4.36807e+16	9.85e-01	1.50e-02	2.25e-05
 4.36827e+16	9.85e-01	1.47e-02	2.20e-05
 4.36853e+16	9.86e-01	1.43e-02	2.14e-05
 4.36880e+16	9.86e-01	1.39e-02	2.08e-05
 4.36906e+16	9.86e-01	1.36e-02	2.03e-05
 4.36934e+16	9.87e-01	1.32e-02	1.98e-05
 4.36964e+16	9.87e-01	1.29e-02	1.93e-05
 4.36991e+16	9.87e-01	1.27e-02	1.89e-05
 4.37021e+16	9.88e-01	1.24e-02	1.84e-05
 4.37060e+16	9.88e-01	1.21e-02	1.79e-05
 4.37102e+16	9.88e-01	1.18e-02	1.75e-05
 4.37141e+16	9.88e-01	1.15e-02	1.71e-05
 4.37183e+16	9.89e-01	1.13e-02	1.67e-05
 4.37237e+16	9.89e-01	1.10e-02	1.63e-05
 4.37296e+16	9.89e-01	1.08e-02	1.59e-05
 4.37361e+16	9.89e-01	1.05e-02	1.55e-05
 4.37445e+16	9.90e-01	1.03e-02	1.51e-05
 4.37542e+16	9.90e-01	1.01e-02	1.47e-05
 4.37658e+16	9.90e-01	9.87e-03	1.43e-05
 4.37808e+16	9.90e-01	9.67e-03	1.40e-05
 4.38002e+16	9.91e-01	9.47e-03	1.35e-05
 4.38256e+16	9.91e-01	9.29e-03	1.31e-05
 4.38585e+16	9.91e-01	9.09e-03	1.26e-05
 4.39013e+16	9.91e-01	8.87e-03	1.21e-05
 4.39476e+16	9.91e-01	8.66e-03	1.15e-05
 4.39982e+16	9.92e-01	8.44e-03	1.10e-05
 4.40529e+16	9.92e-01	8.22e-03	1.04e-05
 4.41128e+16	9.92e-01	7.98e-03	9.84e-06
 4.41775e+16	9.92e-01	7.74e-03	9.27e-06
 4.42364e+16	9.92e-01	7.54e-03	8.80e-06
 4.43009e+16	9.93e-01	7.30e-03	8.27e-06
 4.43844e+16	9.93e-01	7.01e-03	7.64e-06
 4.44796e+16	9.93e-01	6.72e-03	7.01e-06
 4.45766e+16	9.94e-01	6.43e-03	6.44e-06
 4.46765e+16	9.94e-01	6.15e-03	5.90e-06
 4.47808e+16	9.94e-01	5.88e-03	5.39e-06
 4.48890e+16	9.94e-01	5.62e-03	4.92e-06
 4.49999e+16	9.95e-01	5.36e-03	4.49e-06
 4.51126e+16	9.95e-01	5.12e-03	4.09e-06
 4.52274e+16	9.95e-01	4.88e-03	3.73e-06
 4.53446e+16	9.95e-01	4.65e-03	3.39e-06
 4.54644e+16	9.96e-01	4.44e-03	3.08e-06
 4.55868e+16	9.96e-01	4.23e-03	2.80e-06
 4.57116e+16	9.96e-01	4.03e-03	2.55e-06
 4.58388e+16	9.96e-01	3.84e-03	2.31e-06
 4.59686e+16	9.96e-01	3.65e-03	2.09e-06
 4.61010e+16	9.97e-01	3.48e-03	1.90e-06
 4.62360e+16	9.97e-01	3.31e-03	1.72e-06
 4.63716e+16	9.97e-01	3.15e-03	1.56e-06
 4.65095e+16	9.97e-01	3.00e-03	1.41e-06
 4.66526e+16	9.97e-01	2.85e-03	1.27e-06
 4.67994e+16	9.97e-01	2.71e-03	1.15e-06
 4.69486e+16	9.97e-01	2.57e-03	1.04e-06
 4.71007e+16	9.98e-01	2.44e-03	9.33e-07
 4.72561e+16	9.98e-01	2.31e-03	8.39e-07
 4.74146e+16	9.98e-01	2.19e-03	7.54e-07
 4.75763e+16	9.98e-01	2.08e-03	6.77e-07
 4.77414e+16	9.98e-01	1.97e-03	6.06e-07
 4.79103e+16	9.98e-01	1.87e-03	5.43e-07
 4.80830e+16	9.98e-01	1.76e-03	4.85e-07
 4.82595e+16	9.98e-01	1.67e-03	4.33e-07
 4.84400e+16	9.98e-01	1.58e-03	3.86e-07
 4.86246e+16	9.99e-01	1.49e-03	3.44e-07
 4.88137e+16	9.99e-01	1.41e-03	3.05e-07
 4.90073e+16	9.99e-01	1.32e-03	2.71e-07
 4.92055e+16	9.99e-01	1.25e-03	2.40e-07
 4.94089e+16	9.99e-01	1.18e-03	2.12e-07
 4.96178e+16	9.99e-01	1.11e-03	1.87e-07
 4.98325e+16	9.99e-01	1.04e-03	1.64e-07
 5.00530e+16	9.99e-01	9.75e-04	1.44e-07
 5.02798e+16	9.99e-01	9.14e-04	1.26e-07
 5.05135e+16	9.99e-01	8.56e-04	1.10e-07
 5.07544e+16	9.99e-01	8.00e-04	9.59e-08
 5.10030e+16	9.99e-01	7.48e-04	8.33e-08
 5.12549e+16	9.99e-01	6.99e-04	7.22e-08
 5.15143e+16	9.99e-01	6.51e-04	6.23e-08
 5.17898e+16	9.99e-01	6.05e-04	5.34e-08
 5.20780e+16	9.99e-01	5.61e-04	4.55e-08
 5.23763e+16	9.99e-01	5.18e-04	3.86e-08
 5.26864e+16	1.00e+00	4.78e-04	3.25e-08
 5.30117e+16	1.00e+00	4.40e-04	2.72e-08
 5.33533e+16	1.00e+00	4.03e-04	2.26e-08
 5.37117e+16	1.00e+00	3.68e-04	1.86e-08
 5.40919e+16	1.00e+00	3.34e-04	1.52e-08
 5.44931e+16	1.00e+00	3.02e-04	1.23e-08
 5.49195e+16	1.00e+00	2.71e-04	9.77e-09
 5.53789e+16	1.00e+00	2.42e-04	7.65e-09
 5.58724e+16	1.00e+00	2.13e-04	5.89e-09
 5.64064e+16	1.00e+00	1.86e-04	4.43e-09
 5.69907e+16	1.00e+00	1.60e-04	3.25e-09
 5.76379e+16	1.00e+00	1.35e-04	2.30e-09
 5.83647e+16	1.00e+00	1.12e-04	1.56e-09
 5.92256e+16	1.00e+00	8.88e-05	9.80e-10
 6.02427e+16	1.00e+00	6.81e-05	5.76e-10
 6.13441e+16	1.00e+00	5.13e-05	3.27e-10
 6.25618e+16	1.00e+00	3.73e-05	1.74e-10
 6.39366e+16	1.00e+00	2.63e-05	8.71e-11
 6.54059e+16	1.00e+00	1.82e-05	4.23e-11
 6.69343e+16	1.00e+00	1.26e-05	2.03e-11
 6.84929e+16	1.00e+00	8.65e-06	9.78e-12
 7.00590e+16	1.00e+00	6.01e-06	4.79e-12
 7.16251e+16	1.00e+00	4.21e-06	2.38e-12
 7.31912e+16	1.00e+00	2.97e-06	1.20e-12
 7.47573e+16	1.00e+00	2.11e-06	6.18e-13
 7.63235e+16	1.00e+00	1.51e-06	3.22e-13
 7.78896e+16	1.00e+00	1.09e-06	1.70e-13
 7.94557e+16	1.00e+00	7.93e-07	9.13e-14
 8.10218e+16	1.00e+00	5.80e-07	4.97e-14
 8.25879e+16	1.00e+00	4.27e-07	2.74e-14
 8.41540e+16	1.00e+00	3.17e-07	1.53e-14
 8.57201e+16	1.00e+00	2.37e-07	8.66e-15
 8.75211e+16	1.00e+00	1.69e-07	4.49e-15
 8.95877e+16	1.00e+00	1.17e-07	2.19e-15
 9.16849e+16	1.00e+00	8.18e-08	1.08e-15
 9.37821e+16	1.00e+00	5.76e-08	5.46e-16
 9.60661e+16	1.00e+00	3.96e-08	2.62e-16
 9.85368e+16	1.00e+00	2.69e-08	1.22e-16
 1.01007e+17	1.00e+00	1.85e-08	5.86e-17
 1.03584e+17	1.00e+00	1.26e-08	2.76e-17
 1.06306e+17	1.00e+00	8.55e-09	1.28e-17
 1.09107e+17	1.00e+00	5.80e-09	5.96e-18
 1.11949e+17	1.00e+00	3.96e-09	2.81e-18
 1.14791e+17	1.00e+00	2.73e-09	1.35e-18
 1.17633e+17	1.00e+00	1.91e-09	6.65e-19
 1.20476e+17	1.00e+00	1.35e-09	3.32e-19
 1.23319e+17	1.00e+00	9.57e-10	1.69e-19
 1.26162e+17	1.00e+00	6.86e-10	8.75e-20
 1.29004e+17	1.00e+00	4.96e-10	4.60e-20
 1.31847e+17	1.00e+00	3.62e-10	2.45e-20
 1.34690e+17	1.00e+00	2.65e-10	1.33e-20
 1.37532e+17	1.00e+00	1.96e-10	7.28e-21
 1.40375e+17	1.00e+00	1.46e-10	0.00e+00
 1.43218e+17	1.00e+00	1.10e-10	0.00e+00
 1.46060e+17	1.00e+00	8.27e-11	0.00e+00
 1.49046e+17	1.00e+00	6.18e-11	0.00e+00
 1.52576e+17	1.00e+00	4.41e-11	0.00e+00
 1.56505e+17	1.00e+00	3.08e-11	0.00e+00
 1.60510e+17	1.00e+00	2.17e-11	0.00e+00
 1.64690e+17	1.00e+00	1.53e-11	0.00e+00
 1.69029e+17	1.00e+00	1.08e-11	0.00e+00
 1.73473e+17	1.00e+00	7.80e-12	0.00e+00
 1.77959e+17	1.00e+00	5.74e-12	0.00e+00
 1.82533e+17	1.00e+00	4.32e-12	0.00e+00
 1.87193e+17	1.00e+00	3.34e-12	0.00e+00
 1.91854e+17	1.00e+00	2.68e-12	0.00e+00
 1.96698e+17	1.00e+00	2.22e-12	0.00e+00
 2.01800e+17	1.00e+00	1.86e-12	0.00e+00
 2.07024e+17	1.00e+00	1.61e-12	0.00e+00
 2.12349e+17	1.00e+00	1.44e-12	0.00e+00
 2.17803e+17	1.00e+00	1.32e-12	0.00e+00
 2.23763e+17	1.00e+00	1.23e-12	0.00e+00
 2.30333e+17	1.00e+00	1.10e-12	0.00e+00
 2.37012e+17	1.00e+00	1.01e-12	0.00e+00
 2.43547e+17	1.00e+00	9.88e-13	0.00e+00
 2.50009e+17	1.00e+00	9.84e-13	0.00e+00
 2.56464e+17	1.00e+00	9.75e-13	0.00e+00
 2.62880e+17	1.00e+00	9.69e-13	0.00e+00
 2.69203e+17	1.00e+00	9.68e-13	0.00e+00
 2.75385e+17	1.00e+00	9.74e-13	0.00e+00
 2.81398e+17	1.00e+00	9.84e-13	0.00e+00
 2.87222e+17	1.00e+00	9.98e-13	0.00e+00
 2.92824e+17	1.00e+00	1.01e-12	0.00e+00
 2.98172e+17	1.00e+00	1.04e-12	0.00e+00
 3.03268e+17	1.00e+00	1.06e-12	0.00e+00
 3.08128e+17	1.00e+00	1.08e-12	0.00e+00
 3.12756e+17	1.00e+00	1.11e-12	0.00e+00
 3.17148e+17	1.00e+00	1.13e-12	0.00e+00
 3.21301e+17	1.00e+00	1.15e-12	0.00e+00
 3.25221e+17	1.00e+00	1.18e-12	0.00e+00
 3.28920e+17	1.00e+00	1.20e-12	0.00e+00
 3.32412e+17	1.00e+00	1.22e-12	0.00e+00
 3.35706e+17	1.00e+00	1.25e-12	0.00e+00
 3.38814e+17	1.00e+00	1.27e-12	0.00e+00
 3.41743e+17	1.00e+00	1.29e-12	0.00e+00
 3.44505e+17	1.00e+00	1.31e-12	0.00e+00
 3.47111e+17	1.00e+00	1.33e-12	0.00e+00
 3.49571e+17	1.00e+00	1.34e-12	0.00e+00
 3.51895e+17	1.00e+00	1.36e-12	0.00e+00
 3.54089e+17	1.00e+00	1.38e-12	0.00e+00
 3.56164e+17	1.00e+00	1.39e-12	0.00e+00
 3.58124e+17	1.00e+00	1.40e-12	0.00e+00
 3.59977e+17	1.00e+00	1.42e-12	0.00e+00
 3.61731e+17	1.00e+00	1.43e-12	0.00e+00
 3.63392e+17	1.00e+00	1.44e-12	0.00e+00
 3.64965e+17	1.00e+00	1.45e-12	0.00e+00
 3.66457e+17	1.00e+00	1.46e-12	0.00e+00
 3.67869e+17	1.00e+00	1.47e-12	0.00e+00
 3.69206e+17	1.00e+00	1.48e-12	0.00e+00
 3.70474e+17	1.00e+00	1.49e-12	0.00e+00
 3.71681e+17	1.00e+00	1.50e-12	0.00e+00
 3.72829e+17	1.00e+00	1.50e-12	0.00e+00
 3.73921e+17	1.00e+00	1.51e-12	0.00e+00
 3.74958e+17	1.00e+00	1.52e-12	0.00e+00
 3.75945e+17	1.00e+00	1.52e-12	0.00e+00
 3.76884e+17	1.00e+00	1.53e-12	0.00e+00
 3.77780e+17	1.00e+00	1.53e-12	0.00e+00
 3.78635e+17	1.00e+00	1.54e-12	0.00e+00
 3.79451e+17	1.00e+00	1.54e-12	0.00e+00
 3.80231e+17	1.00e+00	1.55e-12	0.00e+00
 3.80975e+17	1.00e+00	1.55e-12	0.00e+00
 3.81688e+17	1.00e+00	1.56e-12	0.00e+00
 3.82370e+17	1.00e+00	1.56e-12	0.00e+00
 3.83025e+17	1.00e+00	1.57e-12	0.00e+00
 3.83654e+17	1.00e+00	1.57e-12	0.00e+00
 3.84259e+17	1.00e+00	1.57e-12	0.00e+00
 3.84841e+17	1.00e+00	1.58e-12	0.00e+00
 3.85402e+17	1.00e+00	1.58e-12	0.00e+00
 3.85944e+17	1.00e+00	1.58e-12	0.00e+00
 3.86469e+17	1.00e+00	1.58e-12	0.00e+00
 3.86979e+17	1.00e+00	1.59e-12	0.00e+00
 3.87474e+17	1.00e+00	1.59e-12	0.00e+00
 3.87956e+17	1.00e+00	1.59e-12	0.00e+00
 3.88428e+17	1.00e+00	1.59e-12	0.00e+00
 3.88891e+17	1.00e+00	1.59e-12	0.00e+00
 3.89346e+17	1.00e+00	1.60e-12	0.00e+00
 3.89797e+17	1.00e+00	1.60e-12	0.00e+00
 3.90243e+17	1.00e+00	1.60e-12	0.00e+00
 3.90689e+17	1.00e+00	1.60e-12	0.00e+00
 3.91136e+17	1.00e+00	1.60e-12	0.00e+00
 3.91587e+17	1.00e+00	1.60e-12	0.00e+00
 3.92046e+17	1.00e+00	1.60e-12	0.00e+00
 3.92516e+17	1.00e+00	1.60e-12	0.00e+00
 3.93002e+17	1.00e+00	1.60e-12	0.00e+00
 3.93509e+17	1.00e+00	1.60e-12	0.00e+00
 3.94045e+17	1.00e+00	1.60e-12	0.00e+00
 3.94618e+17	1.00e+00	1.60e-12	0.00e+00
 3.95241e+17	1.00e+00	1.60e-12	0.00e+00
 3.95928e+17	1.00e+00	1.60e-12	0.00e+00
 3.96702e+17	1.00e+00	1.59e-12	0.00e+00
 3.97592e+17	1.00e+00	1.58e-12	0.00e+00
 3.98642e+17	1.00e+00	1.57e-12	0.00e+00
 3.99914e+17	1.00e+00	1.56e-12	0.00e+00
 4.01503e+17	1.00e+00	1.53e-12	0.00e+00
 4.03546e+17	1.00e+00	1.49e-12	0.00e+00
 4.06201e+17	1.00e+00	1.44e-12	0.00e+00
 4.09653e+17	1.00e+00	1.35e-12	0.00e+00
 4.14141e+17	1.00e+00	1.23e-12	0.00e+00
 4.19975e+17	1.00e+00	1.07e-12	0.00e+00
 4.27559e+17	1.00e+00	8.95e-13	0.00e+00
 4.37418e+17	1.00e+00	6.97e-13	0.00e+00
 4.50235e+17	1.00e+00	4.97e-13	0.00e+00
 4.66629e+17	1.00e+00	3.13e-13	0.00e+00
 4.85294e+17	1.00e+00	1.79e-13	0.00e+00
 5.04706e+17	1.00e+00	1.54e-13	0.00e+00
 5.24895e+17	1.00e+00	1.34e-13	0.00e+00
 5.45890e+17	1.00e+00	1.16e-13	0.00e+00
 5.67726e+17	1.00e+00	9.91e-14	0.00e+00
 5.90435e+17	1.00e+00	8.38e-14	0.00e+00
 6.14052e+17	1.00e+00	7.00e-14	0.00e+00
 6.38615e+17	1.00e+00	5.77e-14	0.00e+00
 6.64159e+17	1.00e+00	4.69e-14	0.00e+00
 6.89254e+17	1.00e+00	3.75e-14	0.00e+00
 7.11719e+17	1.00e+00	4.55e-14	0.00e+00
 7.31228e+17	1.00e+00	6.77e-14	0.00e+00
 7.48953e+17	1.00e+00	8.89e-14	0.00e+00
 7.66108e+17	1.00e+00	9.42e-14	0.00e+00
 7.82879e+17	1.00e+00	8.74e-14	0.00e+00
 7.98393e+17	1.00e+00	8.54e-14	0.00e+00
 8.11816e+17	1.00e+00	9.67e-14	0.00e+00
 8.23165e+17	1.00e+00	1.15e-13	0.00e+00
 8.33143e+17	1.00e+00	1.28e-13	0.00e+00
 8.42286e+17	1.00e+00	1.29e-13	0.00e+00
 8.49643e+17	1.00e+00	1.26e-13	0.00e+00
 8.54164e+17	1.00e+00	1.44e-13	0.00e+00
 8.56553e+17	1.00e+00	1.63e-13	0.00e+00
 8.57903e+17	1.00e+00	1.75e-13	0.00e+00
 8.58712e+17	1.00e+00	1.82e-13	0.00e+00
 8.59252e+17	1.00e+00	1.85e-13	0.00e+00
 8.59719e+17	1.00e+00	1.88e-13	0.00e+00
 8.60228e+17	1.00e+00	1.90e-13	0.00e+00
 8.60809e+17	1.00e+00	1.92e-13	0.00e+00
 8.61339e+17	1.00e+00	1.94e-13	0.00e+00
 8.61770e+17	1.00e+00	1.95e-13	0.00e+00
 8.62152e+17	1.00e+00	1.95e-13	0.00e+00
 8.62524e+17	1.00e+00	1.96e-13	0.00e+00
 8.62914e+17	1.00e+00	1.96e-13	0.00e+00
 8.63302e+17	1.00e+00	1.96e-13	0.00e+00
 8.63652e+17	1.00e+00	1.96e-13	0.00e+00
 8.63949e+17	1.00e+00	1.96e-13	0.00e+00
 8.64230e+17	1.00e+00	1.96e-13	0.00e+00
 8.64520e+17	1.00e+00	1.96e-13	0.00e+00
 8.64800e+17	1.00e+00	1.96e-13	0.00e+00
 8.65053e+17	1.00e+00	1.96e-13	0.00e+00
 8.65291e+17	1.00e+00	1.95e-13	0.00e+00
 8.65536e+17	1.00e+00	1.95e-13	0.00e+00
 8.65779e+17	1.00e+00	1.95e-13	0.00e+00
 8.66008e+17	1.00e+00	1.94e-13	0.00e+00
 8.66231e+17	1.00e+00	1.94e-13	0.00e+00
 8.66447e+17	1.00e+00	1.93e-13	0.00e+00
 8.66659e+17	1.00e+00	1.93e-13	0.00e+00
 8.66868e+17	1.00e+00	1.92e-13	0.00e+00
 8.67074e+17	1.00e+00	1.92e-13	0.00e+00
 8.67275e+17	1.00e+00	1.91e-13	0.00e+00
 8.67472e+17	1.00e+00	1.91e-13	0.00e+00
 8.67669e+17	1.00e+00	1.90e-13	0.00e+00
 8.67866e+17	1.00e+00	1.89e-13	0.00e+00
 8.68062e+17	1.00e+00	1.89e-13	0.00e+00
 8.68250e+17	1.00e+00	1.88e-13	0.00e+00
 8.68438e+17	1.00e+00	1.87e-13	0.00e+00
 8.68636e+17	1.00e+00	1.87e-13	0.00e+00
 8.68839e+17	1.00e+00	1.86e-13	0.00e+00
 8.69043e+17	1.00e+00	1.85e-13	0.00e+00
 8.69246e+17	1.00e+00	1.84e-13	0.00e+00
 8.69447e+17	1.00e+00	1.83e-13	0.00e+00
 8.69647e+17	1.00e+00	1.82e-13	0.00e+00
 8.69844e+17	1.00e+00	1.82e-13	0.00e+00
 8.70058e+17	1.00e+00	1.81e-13	0.00e+00
 8.70296e+17	1.00e+00	1.80e-13	0.00e+00
 8.70535e+17	1.00e+00	1.78e-13	0.00e+00
 8.70756e+17	1.00e+00	1.77e-13	0.00e+00
 8.70967e+17	1.00e+00	1.76e-13	0.00e+00
 8.71199e+17	1.00e+00	1.75e-13	0.00e+00
 8.71461e+17	1.00e+00	1.74e-13	0.00e+00
 8.71726e+17	1.00e+00	1.72e-13	0.00e+00
 8.71972e+17	1.00e+00	1.71e-13	0.00e+00
 8.72216e+17	1.00e+00	1.70e-13	0.00e+00
 8.72481e+17	1.00e+00	1.68e-13	0.00e+00
 8.72755e+17	1.00e+00	1.67e-13	0.00e+00
 8.73038e+17	1.00e+00	1.65e-13	0.00e+00
 8.73327e+17	1.00e+00	1.64e-13	0.00e+00
 8.73621e+17	1.00e+00	1.62e-13	0.00e+00
 8.73930e+17	1.00e+00	1.60e-13	0.00e+00
 8.74246e+17	1.00e+00	1.58e-13	0.00e+00
 8.74566e+17	1.00e+00	1.57e-13	0.00e+00
 8.74892e+17	1.00e+00	1.55e-13	0.00e+00
 8.75226e+17	1.00e+00	1.53e-13	0.00e+00
 8.75571e+17	1.00e+00	1.51e-13	0.00e+00
 8.75914e+17	1.00e+00	1.48e-13	0.00e+00
 8.76270e+17	1.00e+00	1.46e-13	0.00e+00
 8.76657e+17	1.00e+00	1.44e-13	0.00e+00
 8.77062e+17	1.00e+00	1.42e-13	0.00e+00
 8.77473e+17	1.00e+00	1.39e-13	0.00e+00
 8.77877e+17	1.00e+00	1.37e-13	0.00e+00
 8.78273e+17	1.00e+00	1.34e-13	0.00e+00
 8.78700e+17	1.00e+00	1.32e-13	0.00e+00
 8.79159e+17	1.00e+00	1.29e-13	0.00e+00
 8.79616e+17	1.00e+00	1.26e-13	0.00e+00
 8.80071e+17	1.00e+00	1.24e-13	0.00e+00
 8.80540e+17	1.00e+00	1.21e-13	0.00e+00
 8.81036e+17	1.00e+00	1.18e-13	0.00e+00
 8.81549e+17	1.00e+00	1.15e-13	0.00e+00
 8.82052e+17	1.00e+00	1.12e-13	0.00e+00
 8.82551e+17	1.00e+00	1.09e-13	0.00e+00
 8.83065e+17	1.00e+00	1.06e-13	0.00e+00
 8.83615e+17	1.00e+00	1.03e-13	0.00e+00
 8.84197e+17	1.00e+00	9.98e-14	0.00e+00
 8.84777e+17	1.00e+00	9.64e-14	0.00e+00
 8.85345e+17	1.00e+00	9.32e-14	0.00e+00
 8.85910e+17	1.00e+00	9.02e-14	0.00e+00
 8.86498e+17	1.00e+00	8.72e-14	0.00e+00
 8.87124e+17	1.00e+00	8.39e-14	0.00e+00
 8.87769e+17	1.00e+00	8.05e-14	0.00e+00
 8.88403e+17	1.00e+00	7.72e-14	0.00e+00
 8.89033e+17	1.00e+00	7.41e-14	0.00e+00
 8.89685e+17	1.00e+00	7.10e-14	0.00e+00
 8.90371e+17	1.00e+00	6.77e-14	0.00e+00
 8.91069e+17	1.00e+00	6.44e-14	0.00e+00
 8.91763e+17	1.00e+00	6.13e-14	0.00e+00
 8.92455e+17	1.00e+00	5.83e-14	0.00e+00
 8.93186e+17	1.00e+00	5.52e-14	0.00e+00
 8.93947e+17	1.00e+00	5.20e-14	0.00e+00
 8.94715e+17	1.00e+00	4.89e-14	0.00e+00
 8.95483e+17	1.00e+00	4.59e-14	0.00e+00
 8.96248e+17	1.00e+00	4.31e-14	0.00e+00
 8.97037e+17	1.00e+00	4.03e-14	0.00e+00
 8.97874e+17	1.00e+00	3.75e-14	0.00e+00
 8.98750e+17	1.00e+00	3.46e-14	0.00e+00
 8.99612e+17	1.00e+00	3.19e-14	0.00e+00
 9.00397e+17	1.00e+00	2.94e-14	0.00e+00
 9.01068e+17	1.00e+00	2.74e-14	0.00e+00
 9.01650e+17	1.00e+00	2.57e-14	0.00e+00
 9.02188e+17	1.00e+00	2.44e-14	0.00e+00
 9.02716e+17	1.00e+00	2.31e-14	0.00e+00
 9.03233e+17	1.00e+00	2.19e-14	0.00e+00
 9.03721e+17	1.00e+00	2.07e-14	0.00e+00
 9.04172e+17	1.00e+00	1.97e-14	0.00e+00
 9.04592e+17	1.00e+00	1.88e-14	0.00e+00
 9.04993e+17	1.00e+00	1.80e-14	0.00e+00
 9.05384e+17	1.00e+00	1.72e-14	0.00e+00
 9.05763e+17	1.00e+00	1.65e-14	0.00e+00
