#depth	N	N+	N+2	N+3	N+4	N+5	N+6	N+7
 1.49634e+10	0.00e+00	0.00e+00	1.00e-30	1.86e-20	6.30e-11	6.74e-01	3.26e-01	5.88e-05
 4.54887e+10	0.00e+00	1.36e-41	1.30e-30	2.24e-20	6.99e-11	6.91e-01	3.09e-01	5.15e-05
 7.72350e+10	0.00e+00	0.00e+00	1.69e-30	2.68e-20	7.75e-11	7.07e-01	2.93e-01	4.50e-05
 1.10251e+11	0.00e+00	2.67e-41	2.18e-30	3.21e-20	8.58e-11	7.24e-01	2.76e-01	3.93e-05
 1.44588e+11	0.00e+00	0.00e+00	2.82e-30	3.84e-20	9.48e-11	7.39e-01	2.61e-01	3.43e-05
 1.80298e+11	0.00e+00	5.23e-41	3.65e-30	4.58e-20	1.05e-10	7.55e-01	2.45e-01	2.98e-05
 2.17437e+11	0.00e+00	0.00e+00	4.71e-30	5.47e-20	1.15e-10	7.69e-01	2.31e-01	2.59e-05
 2.56061e+11	0.00e+00	1.02e-40	6.07e-30	6.52e-20	1.27e-10	7.83e-01	2.17e-01	2.25e-05
 2.92113e+11	0.00e+00	0.00e+00	7.62e-30	7.62e-20	1.39e-10	7.95e-01	2.05e-01	1.98e-05
 3.23897e+11	0.00e+00	1.77e-40	9.24e-30	8.71e-20	1.49e-10	8.05e-01	1.95e-01	1.78e-05
 3.59371e+11	0.00e+00	0.00e+00	1.14e-29	1.01e-19	1.61e-10	8.15e-01	1.85e-01	1.58e-05
 4.01973e+11	0.00e+00	3.19e-40	1.45e-29	1.19e-19	1.76e-10	8.27e-01	1.73e-01	1.37e-05
 4.44790e+11	0.00e+00	0.00e+00	1.83e-29	1.39e-19	1.92e-10	8.37e-01	1.63e-01	1.20e-05
 4.84153e+11	0.00e+00	5.68e-40	2.25e-29	1.60e-19	2.07e-10	8.46e-01	1.54e-01	1.06e-05
 5.28075e+11	0.00e+00	0.00e+00	2.81e-29	1.86e-19	2.25e-10	8.55e-01	1.45e-01	9.28e-06
 5.78922e+11	0.00e+00	1.05e-39	3.59e-29	2.21e-19	2.46e-10	8.65e-01	1.35e-01	8.00e-06
 6.28640e+11	0.00e+00	0.00e+00	4.53e-29	2.58e-19	2.67e-10	8.74e-01	1.26e-01	6.95e-06
 6.75785e+11	0.00e+00	1.89e-39	5.60e-29	2.98e-19	2.89e-10	8.81e-01	1.19e-01	6.11e-06
 7.28180e+11	0.00e+00	0.00e+00	7.02e-29	3.48e-19	3.13e-10	8.89e-01	1.11e-01	5.31e-06
 7.87234e+11	0.00e+00	3.53e-39	8.97e-29	4.11e-19	3.42e-10	8.97e-01	1.03e-01	4.56e-06
 8.46638e+11	0.00e+00	0.00e+00	1.14e-28	4.83e-19	3.72e-10	9.04e-01	9.61e-02	3.94e-06
 9.08418e+11	0.00e+00	6.60e-39	1.44e-28	5.67e-19	4.05e-10	9.11e-01	8.94e-02	3.39e-06
 9.74681e+11	0.00e+00	0.00e+00	1.84e-28	6.69e-19	4.41e-10	9.17e-01	8.30e-02	2.91e-06
 1.04360e+12	0.00e+00	1.26e-38	2.35e-28	7.89e-19	4.80e-10	9.23e-01	7.69e-02	2.49e-06
 1.11527e+12	0.00e+00	0.00e+00	3.00e-28	9.30e-19	5.23e-10	9.29e-01	7.12e-02	2.13e-06
 1.18980e+12	0.00e+00	2.40e-38	3.82e-28	1.10e-18	5.70e-10	9.34e-01	6.60e-02	1.82e-06
 1.26732e+12	0.00e+00	0.00e+00	4.87e-28	1.29e-18	6.20e-10	9.39e-01	6.10e-02	1.56e-06
 1.34794e+12	0.00e+00	4.57e-38	6.21e-28	1.52e-18	6.75e-10	9.44e-01	5.65e-02	1.33e-06
 1.43179e+12	0.00e+00	0.00e+00	7.92e-28	1.79e-18	7.34e-10	9.48e-01	5.22e-02	1.14e-06
 1.51898e+12	0.00e+00	8.70e-38	1.01e-27	2.11e-18	7.98e-10	9.52e-01	4.82e-02	9.70e-07
 1.60967e+12	0.00e+00	0.00e+00	1.29e-27	2.48e-18	8.68e-10	9.55e-01	4.45e-02	0.00e+00
 1.70398e+12	0.00e+00	1.65e-37	1.64e-27	2.92e-18	9.43e-10	9.59e-01	4.11e-02	0.00e+00
 1.79601e+12	0.00e+00	0.00e+00	2.06e-27	3.41e-18	1.02e-09	9.62e-01	3.81e-02	0.00e+00
 1.88352e+12	0.00e+00	2.95e-37	2.54e-27	3.92e-18	1.10e-09	9.64e-01	3.55e-02	0.00e+00
 1.98059e+12	0.00e+00	0.00e+00	3.17e-27	4.56e-18	1.18e-09	9.67e-01	3.30e-02	0.00e+00
 2.08657e+12	0.00e+00	5.44e-37	4.02e-27	5.34e-18	1.28e-09	9.70e-01	3.05e-02	0.00e+00
 2.18881e+12	0.00e+00	0.00e+00	5.00e-27	6.19e-18	1.38e-09	9.72e-01	2.83e-02	0.00e+00
 2.29832e+12	0.00e+00	9.83e-37	6.27e-27	7.21e-18	1.49e-09	9.74e-01	2.62e-02	0.00e+00
 2.42018e+12	0.00e+00	0.00e+00	8.00e-27	8.49e-18	1.62e-09	9.76e-01	2.42e-02	0.00e+00
 2.54314e+12	0.00e+00	1.86e-36	1.01e-26	9.94e-18	1.76e-09	9.78e-01	2.23e-02	0.00e+00
 2.67102e+12	5.28e-47	2.54e-36	1.28e-26	1.17e-17	1.91e-09	9.79e-01	2.06e-02	0.00e+00
 2.80779e+12	0.00e+00	0.00e+00	1.64e-26	1.37e-17	2.07e-09	9.81e-01	1.90e-02	0.00e+00
 2.95003e+12	0.00e+00	4.86e-36	2.09e-26	1.62e-17	2.25e-09	9.83e-01	1.74e-02	0.00e+00
 3.09795e+12	1.78e-46	6.72e-36	2.67e-26	1.91e-17	2.44e-09	9.84e-01	1.61e-02	0.00e+00
 3.25180e+12	0.00e+00	0.00e+00	3.41e-26	2.25e-17	2.66e-09	9.85e-01	1.48e-02	0.00e+00
 3.41180e+12	0.00e+00	1.29e-35	4.35e-26	2.65e-17	2.89e-09	9.86e-01	1.36e-02	0.00e+00
 3.57820e+12	6.01e-46	1.78e-35	5.57e-26	3.12e-17	3.14e-09	9.88e-01	1.25e-02	0.00e+00
 3.75125e+12	0.00e+00	0.00e+00	7.12e-26	3.69e-17	3.41e-09	9.89e-01	1.15e-02	0.00e+00
 3.91371e+12	0.00e+00	3.32e-35	8.89e-26	4.28e-17	3.68e-09	9.89e-01	1.06e-02	0.00e+00
 4.05853e+12	1.80e-45	4.29e-35	1.08e-25	4.87e-17	3.93e-09	9.90e-01	9.96e-03	0.00e+00
 4.22089e+12	0.00e+00	0.00e+00	1.33e-25	5.61e-17	4.22e-09	9.91e-01	9.27e-03	0.00e+00
 4.41387e+12	0.00e+00	7.80e-35	1.69e-25	6.60e-17	4.58e-09	9.91e-01	8.54e-03	0.00e+00
 4.60724e+12	5.58e-45	1.06e-34	2.14e-25	7.72e-17	4.95e-09	9.92e-01	7.88e-03	0.00e+00
 4.78804e+12	0.00e+00	0.00e+00	2.64e-25	8.90e-17	5.32e-09	9.93e-01	7.34e-03	0.00e+00
 4.98919e+12	0.00e+00	1.90e-34	3.31e-25	1.04e-16	5.75e-09	9.93e-01	6.79e-03	0.00e+00
 5.21868e+12	1.74e-44	2.64e-34	4.25e-25	1.23e-16	6.26e-09	9.94e-01	6.23e-03	0.00e+00
 5.44628e+12	0.00e+00	3.63e-34	5.41e-25	1.44e-16	6.80e-09	9.94e-01	5.74e-03	0.00e+00
 5.68298e+12	3.85e-44	4.99e-34	6.88e-25	1.70e-16	7.38e-09	9.95e-01	5.28e-03	0.00e+00
 5.94022e+12	0.00e+00	6.97e-34	8.86e-25	2.01e-16	8.04e-09	9.95e-01	4.85e-03	0.00e+00
 6.20210e+12	8.79e-44	9.67e-34	1.13e-24	2.38e-16	8.75e-09	9.96e-01	4.45e-03	0.00e+00
 6.44583e+12	0.00e+00	1.30e-33	1.42e-24	2.77e-16	9.45e-09	9.96e-01	4.12e-03	0.00e+00
 6.67027e+12	1.76e-43	1.69e-33	1.73e-24	3.17e-16	1.01e-08	9.96e-01	3.85e-03	0.00e+00
 6.92657e+12	0.00e+00	2.26e-33	2.16e-24	3.68e-16	1.09e-08	9.96e-01	3.57e-03	0.00e+00
 7.22784e+12	3.82e-43	3.14e-33	2.77e-24	4.36e-16	1.19e-08	9.97e-01	3.28e-03	0.00e+00
 7.52658e+12	0.00e+00	4.32e-33	3.53e-24	5.14e-16	1.29e-08	9.97e-01	3.01e-03	0.00e+00
 7.80502e+12	8.12e-43	5.76e-33	4.39e-24	5.96e-16	1.39e-08	9.97e-01	2.80e-03	0.00e+00
 8.11489e+12	0.00e+00	7.82e-33	5.53e-24	6.98e-16	1.51e-08	9.97e-01	2.58e-03	0.00e+00
 8.46941e+12	1.82e-42	1.10e-32	7.18e-24	8.34e-16	1.65e-08	9.98e-01	2.36e-03	0.00e+00
 8.81750e+12	0.00e+00	1.52e-32	9.16e-24	9.85e-16	1.80e-08	9.98e-01	2.17e-03	0.00e+00
 9.17952e+12	4.05e-42	2.09e-32	1.17e-23	1.16e-15	1.96e-08	9.98e-01	1.99e-03	0.00e+00
 9.57663e+12	0.00e+00	2.95e-32	1.52e-23	1.39e-15	2.15e-08	9.98e-01	1.82e-03	0.00e+00
 9.97423e+12	9.32e-42	4.10e-32	1.96e-23	1.65e-15	2.35e-08	9.98e-01	1.67e-03	0.00e+00
 1.03877e+13	0.00e+00	5.71e-32	2.52e-23	1.97e-15	2.57e-08	9.98e-01	1.53e-03	0.00e+00
 1.08332e+13	2.16e-41	8.05e-32	3.28e-23	2.36e-15	2.82e-08	9.99e-01	1.39e-03	0.00e+00
 1.12751e+13	0.00e+00	1.12e-31	4.22e-23	2.81e-15	3.08e-08	9.99e-01	1.27e-03	0.00e+00
 1.17348e+13	4.85e-41	1.55e-31	5.43e-23	3.35e-15	3.37e-08	9.99e-01	1.17e-03	0.00e+00
 1.22341e+13	0.00e+00	2.18e-31	7.06e-23	4.02e-15	3.70e-08	9.99e-01	1.06e-03	0.00e+00
 1.27534e+13	1.13e-40	3.08e-31	9.20e-23	4.83e-15	4.07e-08	9.99e-01	9.67e-04	0.00e+00
 1.32935e+13	0.00e+00	4.33e-31	1.20e-22	5.80e-15	4.48e-08	9.99e-01	8.80e-04	0.00e+00
 1.38551e+13	2.63e-40	6.09e-31	1.56e-22	6.98e-15	4.93e-08	9.99e-01	8.01e-04	0.00e+00
 1.44393e+13	0.00e+00	8.56e-31	2.03e-22	8.39e-15	5.43e-08	9.99e-01	7.28e-04	0.00e+00
 1.49688e+13	5.76e-40	1.15e-30	2.56e-22	9.87e-15	5.91e-08	9.99e-01	6.70e-04	0.00e+00
 1.54121e+13	0.00e+00	1.46e-30	3.08e-22	1.13e-14	6.33e-08	9.99e-01	6.26e-04	0.00e+00
 1.58986e+13	1.06e-39	1.89e-30	3.75e-22	1.29e-14	6.81e-08	9.99e-01	5.83e-04	0.00e+00
 1.65120e+13	0.00e+00	2.57e-30	4.78e-22	1.54e-14	7.45e-08	9.99e-01	5.33e-04	0.00e+00
 1.71505e+13	2.26e-39	3.51e-30	6.09e-22	1.82e-14	8.15e-08	1.00e+00	4.88e-04	0.00e+00
 1.76979e+13	0.00e+00	4.53e-30	7.44e-22	2.10e-14	8.79e-08	1.00e+00	4.53e-04	0.00e+00
 1.82670e+13	4.22e-39	5.85e-30	9.10e-22	2.43e-14	9.48e-08	1.00e+00	4.21e-04	0.00e+00
 1.89754e+13	0.00e+00	7.95e-30	1.16e-21	2.88e-14	1.04e-07	1.00e+00	3.85e-04	0.00e+00
 1.96928e+13	8.82e-39	1.07e-29	1.46e-21	3.41e-14	1.14e-07	1.00e+00	3.52e-04	0.00e+00
 2.03184e+13	0.00e+00	1.37e-29	1.78e-21	3.93e-14	1.22e-07	1.00e+00	3.27e-04	0.00e+00
 2.09968e+13	1.64e-38	1.78e-29	2.19e-21	4.55e-14	1.32e-07	1.00e+00	3.03e-04	0.00e+00
 2.18229e+13	0.00e+00	2.42e-29	2.79e-21	5.42e-14	1.45e-07	1.00e+00	2.77e-04	0.00e+00
 2.26634e+13	3.41e-38	3.26e-29	3.52e-21	6.42e-14	1.59e-07	1.00e+00	2.53e-04	0.00e+00
 2.34349e+13	0.00e+00	4.23e-29	4.33e-21	7.45e-14	1.72e-07	1.00e+00	2.34e-04	0.00e+00
 2.42941e+13	6.57e-38	5.60e-29	5.41e-21	8.75e-14	1.88e-07	1.00e+00	2.15e-04	0.00e+00
 2.52904e+13	0.00e+00	7.64e-29	6.92e-21	1.05e-13	2.07e-07	1.00e+00	1.96e-04	0.00e+00
 2.62729e+13	1.37e-37	1.03e-28	8.74e-21	1.24e-13	2.26e-07	1.00e+00	1.79e-04	0.00e+00
 2.72139e+13	0.00e+00	1.34e-28	1.08e-20	1.44e-13	2.46e-07	1.00e+00	1.65e-04	0.00e+00
 2.82515e+13	2.68e-37	1.79e-28	1.36e-20	1.70e-13	2.68e-07	1.00e+00	1.51e-04	0.00e+00
 2.94115e+13	0.00e+00	2.43e-28	1.73e-20	2.03e-13	2.95e-07	1.00e+00	1.38e-04	0.00e+00
 3.04661e+13	5.36e-37	3.17e-28	2.14e-20	2.36e-13	3.20e-07	1.00e+00	1.27e-04	0.00e+00
 3.13539e+13	0.00e+00	3.94e-28	2.54e-20	2.68e-13	3.42e-07	1.00e+00	1.19e-04	0.00e+00
 3.23302e+13	9.24e-37	4.97e-28	3.05e-20	3.05e-13	3.67e-07	1.00e+00	1.11e-04	0.00e+00
 3.34318e+13	0.00e+00	6.40e-28	3.72e-20	3.53e-13	3.97e-07	1.00e+00	1.03e-04	0.00e+00
 3.44855e+13	1.66e-36	8.08e-28	4.48e-20	4.03e-13	4.27e-07	1.00e+00	9.60e-05	0.00e+00
 3.56448e+13	0.00e+00	1.03e-27	5.45e-20	4.64e-13	4.60e-07	1.00e+00	8.90e-05	0.00e+00
 3.69299e+13	3.10e-36	1.35e-27	6.72e-20	5.40e-13	4.99e-07	1.00e+00	8.22e-05	0.00e+00
 3.81355e+13	0.00e+00	1.72e-27	8.13e-20	6.19e-13	5.37e-07	1.00e+00	7.65e-05	0.00e+00
 3.94600e+13	5.66e-36	2.22e-27	9.94e-20	7.15e-13	5.80e-07	1.00e+00	7.09e-05	0.00e+00
 4.09474e+13	0.00e+00	2.92e-27	1.24e-19	8.36e-13	6.31e-07	1.00e+00	6.52e-05	0.00e+00
 4.23649e+13	1.08e-35	3.77e-27	1.51e-19	9.65e-13	6.81e-07	1.00e+00	6.05e-05	0.00e+00
 4.39194e+13	0.00e+00	4.93e-27	1.87e-19	1.12e-12	7.39e-07	1.00e+00	5.58e-05	0.00e+00
 4.55691e+13	2.09e-35	6.49e-27	2.32e-19	1.31e-12	8.03e-07	1.00e+00	5.14e-05	0.00e+00
 4.70125e+13	0.00e+00	8.18e-27	2.78e-19	1.49e-12	8.61e-07	1.00e+00	4.80e-05	0.00e+00
 4.85522e+13	3.71e-35	1.04e-26	3.36e-19	1.71e-12	9.25e-07	1.00e+00	4.47e-05	0.00e+00
 5.04259e+13	0.00e+00	1.38e-26	4.19e-19	2.00e-12	1.01e-06	1.00e+00	4.11e-05	0.00e+00
 5.22922e+13	7.29e-35	1.81e-26	5.19e-19	2.33e-12	1.09e-06	1.00e+00	3.80e-05	0.00e+00
 5.39384e+13	0.00e+00	2.28e-26	6.22e-19	2.65e-12	1.17e-06	1.00e+00	3.55e-05	0.00e+00
 5.57399e+13	1.30e-34	2.92e-26	7.53e-19	3.03e-12	1.26e-06	1.00e+00	3.30e-05	0.00e+00
 5.79084e+13	0.00e+00	3.88e-26	9.42e-19	3.55e-12	1.37e-06	1.00e+00	3.04e-05	0.00e+00
 6.00780e+13	2.58e-34	5.10e-26	1.17e-18	4.13e-12	1.48e-06	1.00e+00	2.81e-05	0.00e+00
 6.20502e+13	3.47e-34	6.50e-26	1.41e-18	4.72e-12	1.59e-06	1.00e+00	2.62e-05	0.00e+00
 6.42413e+13	4.78e-34	8.43e-26	1.73e-18	5.44e-12	1.71e-06	1.00e+00	2.43e-05	0.00e+00
 6.68043e+13	6.82e-34	1.13e-25	2.17e-18	6.39e-12	1.87e-06	1.00e+00	2.23e-05	0.00e+00
 6.93333e+13	9.61e-34	1.49e-25	2.70e-18	7.44e-12	2.02e-06	1.00e+00	2.06e-05	0.00e+00
 7.17248e+13	1.31e-33	1.93e-25	3.29e-18	8.55e-12	2.17e-06	1.00e+00	1.92e-05	0.00e+00
 7.43850e+13	1.84e-33	2.53e-25	4.07e-18	9.93e-12	2.35e-06	1.00e+00	1.77e-05	0.00e+00
 7.73904e+13	2.65e-33	3.41e-25	5.13e-18	1.17e-11	2.56e-06	1.00e+00	1.63e-05	0.00e+00
 8.04088e+13	3.78e-33	4.56e-25	6.41e-18	1.36e-11	2.78e-06	1.00e+00	1.50e-05	0.00e+00
 8.35480e+13	5.39e-33	6.10e-25	8.02e-18	1.59e-11	3.02e-06	1.00e+00	1.39e-05	0.00e+00
 8.69198e+13	7.79e-33	8.23e-25	1.01e-17	1.87e-11	3.28e-06	1.00e+00	1.27e-05	0.00e+00
 9.04266e+13	1.13e-32	1.11e-24	1.28e-17	2.20e-11	3.57e-06	1.00e+00	1.17e-05	0.00e+00
 9.38791e+13	1.60e-32	1.48e-24	1.59e-17	2.56e-11	3.86e-06	1.00e+00	1.08e-05	0.00e+00
 9.70916e+13	2.20e-32	1.91e-24	1.94e-17	2.93e-11	4.15e-06	1.00e+00	1.01e-05	0.00e+00
 9.99907e+13	2.90e-32	2.39e-24	2.30e-17	3.30e-11	4.41e-06	1.00e+00	9.49e-06	0.00e+00
 1.03099e+14	3.87e-32	3.02e-24	2.76e-17	3.74e-11	4.70e-06	1.00e+00	8.91e-06	0.00e+00
 1.06968e+14	5.48e-32	4.01e-24	3.42e-17	4.34e-11	5.08e-06	1.00e+00	8.25e-06	0.00e+00
 1.10845e+14	7.68e-32	5.27e-24	4.22e-17	5.01e-11	5.48e-06	1.00e+00	7.66e-06	0.00e+00
 1.14177e+14	1.02e-31	6.62e-24	5.03e-17	5.64e-11	5.82e-06	1.00e+00	7.20e-06	0.00e+00
 1.17780e+14	1.37e-31	8.42e-24	6.04e-17	6.39e-11	6.21e-06	1.00e+00	6.76e-06	0.00e+00
 1.22227e+14	1.95e-31	1.12e-23	7.51e-17	7.43e-11	6.71e-06	1.00e+00	6.26e-06	0.00e+00
 1.26666e+14	2.75e-31	1.48e-23	9.28e-17	8.57e-11	7.22e-06	1.00e+00	5.81e-06	0.00e+00
 1.30498e+14	3.66e-31	1.86e-23	1.11e-16	9.66e-11	7.67e-06	1.00e+00	5.47e-06	0.00e+00
 1.34651e+14	4.95e-31	2.37e-23	1.33e-16	1.10e-10	8.18e-06	1.00e+00	5.13e-06	0.00e+00
 1.39753e+14	7.08e-31	3.17e-23	1.66e-16	1.27e-10	8.84e-06	1.00e+00	4.75e-06	0.00e+00
 1.44900e+14	1.00e-30	4.20e-23	2.06e-16	1.47e-10	9.51e-06	1.00e+00	4.41e-06	0.00e+00
 1.49462e+14	1.36e-30	5.35e-23	2.47e-16	1.67e-10	1.01e-05	1.00e+00	4.15e-06	0.00e+00
 1.54457e+14	1.87e-30	6.92e-23	3.00e-16	1.90e-10	1.08e-05	1.00e+00	3.88e-06	0.00e+00
 1.60440e+14	2.71e-30	9.32e-23	3.76e-16	2.21e-10	1.17e-05	1.00e+00	3.59e-06	0.00e+00
 1.66397e+14	3.86e-30	1.24e-22	4.67e-16	2.56e-10	1.26e-05	1.00e+00	3.33e-06	0.00e+00
 1.71825e+14	5.30e-30	1.60e-22	5.65e-16	2.91e-10	1.34e-05	1.00e+00	3.12e-06	0.00e+00
 1.77878e+14	7.43e-30	2.10e-22	6.94e-16	3.34e-10	1.44e-05	1.00e+00	2.91e-06	0.00e+00
 1.84941e+14	1.09e-29	2.85e-22	8.75e-16	3.91e-10	1.56e-05	1.00e+00	2.69e-06	0.00e+00
 1.91902e+14	1.56e-29	3.81e-22	1.09e-15	4.53e-10	1.68e-05	1.00e+00	2.50e-06	0.00e+00
 1.98494e+14	2.18e-29	4.98e-22	1.33e-15	5.18e-10	1.80e-05	1.00e+00	2.33e-06	0.00e+00
 2.05816e+14	3.12e-29	6.63e-22	1.65e-15	5.99e-10	1.94e-05	1.00e+00	2.17e-06	0.00e+00
 2.14079e+14	4.59e-29	9.04e-22	2.09e-15	7.01e-10	2.10e-05	1.00e+00	2.00e-06	0.00e+00
 2.22382e+14	6.67e-29	1.22e-21	2.62e-15	8.16e-10	2.26e-05	1.00e+00	1.86e-06	0.00e+00
 2.31017e+14	9.71e-29	1.65e-21	3.29e-15	9.50e-10	2.44e-05	1.00e+00	1.72e-06	0.00e+00
 2.40288e+14	1.43e-28	2.25e-21	4.16e-15	1.11e-09	2.64e-05	1.00e+00	1.59e-06	0.00e+00
 2.49268e+14	2.05e-28	3.01e-21	5.17e-15	1.29e-09	2.85e-05	1.00e+00	1.47e-06	0.00e+00
 2.57719e+14	2.85e-28	3.91e-21	6.31e-15	1.47e-09	3.05e-05	1.00e+00	1.38e-06	0.00e+00
 2.67169e+14	4.05e-28	5.19e-21	7.81e-15	1.70e-09	3.28e-05	1.00e+00	1.28e-06	0.00e+00
 2.76696e+14	5.71e-28	6.84e-21	9.62e-15	1.96e-09	3.52e-05	1.00e+00	1.19e-06	0.00e+00
 2.84613e+14	7.53e-28	8.55e-21	1.14e-14	2.19e-09	3.72e-05	1.00e+00	1.13e-06	0.00e+00
 2.92993e+14	1.00e-27	1.07e-20	1.35e-14	2.46e-09	3.95e-05	1.00e+00	1.06e-06	0.00e+00
 3.03698e+14	1.42e-27	1.42e-20	1.67e-14	2.84e-09	4.25e-05	1.00e+00	9.88e-07	0.00e+00
 3.14915e+14	2.02e-27	1.89e-20	2.08e-14	3.29e-09	4.58e-05	1.00e+00	0.00e+00	0.00e+00
 3.24823e+14	2.74e-27	2.41e-20	2.50e-14	3.72e-09	4.87e-05	1.00e+00	0.00e+00	0.00e+00
 3.35543e+14	3.75e-27	3.11e-20	3.03e-14	4.24e-09	5.21e-05	1.00e+00	0.00e+00	0.00e+00
 3.48450e+14	5.41e-27	4.18e-20	3.79e-14	4.93e-09	5.63e-05	1.00e+00	0.00e+00	0.00e+00
 3.61547e+14	7.75e-27	5.58e-20	4.72e-14	5.72e-09	6.07e-05	1.00e+00	0.00e+00	0.00e+00
 3.73812e+14	1.07e-26	7.26e-20	5.76e-14	6.54e-09	6.50e-05	1.00e+00	0.00e+00	0.00e+00
 3.87439e+14	1.52e-26	9.59e-20	7.13e-14	7.56e-09	6.99e-05	1.00e+00	0.00e+00	0.00e+00
 4.01882e+14	2.17e-26	1.28e-19	8.87e-14	8.75e-09	7.54e-05	1.00e+00	0.00e+00	0.00e+00
 4.14716e+14	2.94e-26	1.63e-19	1.07e-13	9.93e-09	8.04e-05	1.00e+00	0.00e+00	0.00e+00
 4.28522e+14	4.03e-26	2.11e-19	1.30e-13	1.13e-08	8.60e-05	1.00e+00	0.00e+00	0.00e+00
 4.45067e+14	5.81e-26	2.83e-19	1.63e-13	1.32e-08	9.30e-05	1.00e+00	0.00e+00	0.00e+00
 4.61349e+14	8.24e-26	3.76e-19	2.01e-13	1.52e-08	1.00e-04	1.00e+00	0.00e+00	0.00e+00
 4.75858e+14	1.11e-25	4.78e-19	2.42e-13	1.73e-08	1.07e-04	1.00e+00	0.00e+00	0.00e+00
 4.91887e+14	1.53e-25	6.19e-19	2.95e-13	1.97e-08	1.14e-04	1.00e+00	0.00e+00	0.00e+00
 5.10981e+14	2.21e-25	8.32e-19	3.70e-13	2.30e-08	1.24e-04	1.00e+00	0.00e+00	0.00e+00
 5.29896e+14	3.14e-25	1.11e-18	4.59e-13	2.66e-08	1.33e-04	1.00e+00	0.00e+00	0.00e+00
 5.47168e+14	4.27e-25	1.42e-18	5.55e-13	3.03e-08	1.42e-04	1.00e+00	0.00e+00	0.00e+00
 5.66468e+14	5.97e-25	1.86e-18	6.81e-13	3.48e-08	1.53e-04	1.00e+00	0.00e+00	0.00e+00
 5.88939e+14	8.68e-25	2.51e-18	8.58e-13	4.07e-08	1.66e-04	1.00e+00	0.00e+00	0.00e+00
 6.11013e+14	1.24e-24	3.35e-18	1.07e-12	4.72e-08	1.79e-04	1.00e+00	0.00e+00	0.00e+00
 6.31873e+14	1.71e-24	4.35e-18	1.30e-12	5.41e-08	1.92e-04	1.00e+00	0.00e+00	0.00e+00
 6.55082e+14	2.42e-24	5.76e-18	1.61e-12	6.25e-08	2.06e-04	1.00e+00	0.00e+00	0.00e+00
 6.81315e+14	3.53e-24	7.80e-18	2.04e-12	7.32e-08	2.24e-04	1.00e+00	0.00e+00	0.00e+00
 7.06172e+14	5.00e-24	1.03e-17	2.52e-12	8.45e-08	2.41e-04	1.00e+00	0.00e+00	0.00e+00
 7.28783e+14	6.77e-24	1.32e-17	3.03e-12	9.59e-08	2.57e-04	1.00e+00	0.00e+00	0.00e+00
 7.54377e+14	9.44e-24	1.73e-17	3.72e-12	1.10e-07	2.76e-04	1.00e+00	0.00e+00	0.00e+00
 7.84234e+14	1.37e-23	2.34e-17	4.69e-12	1.29e-07	2.99e-04	1.00e+00	0.00e+00	0.00e+00
 8.12866e+14	1.94e-23	3.09e-17	5.80e-12	1.49e-07	3.22e-04	1.00e+00	0.00e+00	0.00e+00
 8.38716e+14	2.63e-23	3.94e-17	6.98e-12	1.69e-07	3.43e-04	1.00e+00	0.00e+00	0.00e+00
 8.63070e+14	3.47e-23	4.93e-17	8.27e-12	1.89e-07	3.64e-04	1.00e+00	0.00e+00	0.00e+00
 8.90080e+14	4.67e-23	6.27e-17	9.93e-12	2.14e-07	3.87e-04	1.00e+00	0.00e+00	0.00e+00
 9.20279e+14	6.45e-23	8.13e-17	1.21e-11	2.44e-07	4.15e-04	1.00e+00	0.00e+00	0.00e+00
 9.48799e+14	8.69e-23	1.03e-16	1.45e-11	2.76e-07	4.41e-04	1.00e+00	0.00e+00	0.00e+00
 9.80053e+14	1.19e-22	1.33e-16	1.76e-11	3.15e-07	4.72e-04	1.00e+00	0.00e+00	0.00e+00
 1.01505e+15	1.67e-22	1.75e-16	2.16e-11	3.62e-07	5.07e-04	9.99e-01	0.00e+00	0.00e+00
 1.04806e+15	2.28e-22	2.25e-16	2.62e-11	4.11e-07	5.41e-04	9.99e-01	0.00e+00	0.00e+00
 1.08412e+15	3.17e-22	2.93e-16	3.20e-11	4.71e-07	5.79e-04	9.99e-01	0.00e+00	0.00e+00
 1.12399e+15	4.51e-22	3.89e-16	3.96e-11	5.44e-07	6.24e-04	9.99e-01	0.00e+00	0.00e+00
 1.16079e+15	6.18e-22	5.01e-16	4.80e-11	6.19e-07	6.66e-04	9.99e-01	0.00e+00	0.00e+00
 1.20062e+15	8.57e-22	6.52e-16	5.86e-11	7.08e-07	7.13e-04	9.99e-01	0.00e+00	0.00e+00
 1.24515e+15	1.22e-21	8.69e-16	7.28e-11	8.20e-07	7.68e-04	9.99e-01	0.00e+00	0.00e+00
 1.28701e+15	1.68e-21	1.12e-15	8.85e-11	9.35e-07	8.21e-04	9.99e-01	0.00e+00	0.00e+00
 1.33265e+15	2.37e-21	1.48e-15	1.09e-10	1.08e-06	8.82e-04	9.99e-01	0.00e+00	0.00e+00
 1.38341e+15	3.39e-21	1.97e-15	1.36e-10	1.25e-06	9.52e-04	9.99e-01	0.00e+00	0.00e+00
 1.43084e+15	4.71e-21	2.58e-15	1.66e-10	1.43e-06	1.02e-03	9.99e-01	0.00e+00	0.00e+00
 1.48239e+15	6.61e-21	3.39e-15	2.05e-10	1.65e-06	1.10e-03	9.99e-01	0.00e+00	0.00e+00
 1.54006e+15	9.54e-21	4.55e-15	2.56e-10	1.92e-06	1.19e-03	9.99e-01	0.00e+00	0.00e+00
 1.59476e+15	1.34e-20	5.98e-15	3.15e-10	2.21e-06	1.27e-03	9.99e-01	0.00e+00	0.00e+00
 1.65329e+15	1.88e-20	7.89e-15	3.90e-10	2.55e-06	1.37e-03	9.99e-01	0.00e+00	0.00e+00
 1.71945e+15	2.73e-20	1.07e-14	4.92e-10	2.99e-06	1.49e-03	9.99e-01	0.00e+00	0.00e+00
 1.78463e+15	3.89e-20	1.42e-14	6.13e-10	3.47e-06	1.61e-03	9.98e-01	0.00e+00	0.00e+00
 1.85242e+15	5.49e-20	1.89e-14	7.62e-10	4.03e-06	1.74e-03	9.98e-01	0.00e+00	0.00e+00
 1.92655e+15	7.99e-20	2.55e-14	9.61e-10	4.72e-06	1.89e-03	9.98e-01	0.00e+00	0.00e+00
 1.99977e+15	1.13e-19	3.39e-14	1.20e-09	5.49e-06	2.05e-03	9.98e-01	0.00e+00	0.00e+00
 2.06062e+15	1.49e-19	4.25e-14	1.43e-09	6.19e-06	2.18e-03	9.98e-01	0.00e+00	0.00e+00
 2.10976e+15	1.85e-19	5.07e-14	1.64e-09	6.81e-06	2.29e-03	9.98e-01	0.00e+00	0.00e+00
 2.16429e+15	2.33e-19	6.14e-14	1.90e-09	7.55e-06	2.42e-03	9.98e-01	0.00e+00	0.00e+00
 2.23518e+15	3.13e-19	7.81e-14	2.30e-09	8.60e-06	2.60e-03	9.97e-01	0.00e+00	0.00e+00
 2.31118e+15	4.23e-19	1.00e-13	2.79e-09	9.84e-06	2.79e-03	9.97e-01	0.00e+00	0.00e+00
 2.37861e+15	5.47e-19	1.24e-13	3.30e-09	1.11e-05	2.97e-03	9.97e-01	0.00e+00	0.00e+00
 2.45105e+15	7.17e-19	1.55e-13	3.93e-09	1.25e-05	3.17e-03	9.97e-01	0.00e+00	0.00e+00
 2.54185e+15	9.89e-19	2.02e-13	4.86e-09	1.45e-05	3.44e-03	9.97e-01	0.00e+00	0.00e+00
 2.63396e+15	1.35e-18	2.62e-13	5.97e-09	1.67e-05	3.72e-03	9.96e-01	0.00e+00	0.00e+00
 2.71374e+15	1.76e-18	3.25e-13	7.10e-09	1.88e-05	3.97e-03	9.96e-01	0.00e+00	0.00e+00
 2.80008e+15	2.30e-18	4.07e-13	8.50e-09	2.14e-05	4.26e-03	9.96e-01	0.00e+00	0.00e+00
 2.90587e+15	3.17e-18	5.33e-13	1.05e-08	2.48e-05	4.62e-03	9.95e-01	0.00e+00	0.00e+00
 3.01263e+15	4.32e-18	6.91e-13	1.30e-08	2.87e-05	5.01e-03	9.95e-01	0.00e+00	0.00e+00
 3.10741e+15	5.61e-18	8.60e-13	1.55e-08	3.26e-05	5.38e-03	9.95e-01	0.00e+00	0.00e+00
 3.21095e+15	7.42e-18	1.09e-12	1.88e-08	3.72e-05	5.79e-03	9.94e-01	0.00e+00	0.00e+00
 3.33488e+15	1.02e-17	1.43e-12	2.34e-08	4.33e-05	6.30e-03	9.94e-01	0.00e+00	0.00e+00
 3.45756e+15	1.38e-17	1.84e-12	2.89e-08	5.02e-05	6.84e-03	9.93e-01	0.00e+00	0.00e+00
 3.56821e+15	1.80e-17	2.30e-12	3.46e-08	5.70e-05	7.35e-03	9.93e-01	0.00e+00	0.00e+00
 3.69094e+15	2.39e-17	2.92e-12	4.21e-08	6.53e-05	7.94e-03	9.92e-01	0.00e+00	0.00e+00
 3.83552e+15	3.29e-17	3.84e-12	5.26e-08	7.62e-05	8.66e-03	9.91e-01	0.00e+00	0.00e+00
 3.97823e+15	4.45e-17	4.96e-12	6.51e-08	8.83e-05	9.41e-03	9.90e-01	0.00e+00	0.00e+00
 4.11072e+15	5.87e-17	6.27e-12	7.88e-08	1.01e-04	1.01e-02	9.90e-01	0.00e+00	0.00e+00
 4.25926e+15	7.84e-17	8.03e-12	9.68e-08	1.16e-04	1.10e-02	9.89e-01	0.00e+00	0.00e+00
 4.42966e+15	1.09e-16	1.06e-11	1.22e-07	1.36e-04	1.20e-02	9.88e-01	0.00e+00	0.00e+00
 4.59735e+15	1.69e-16	1.38e-11	1.51e-07	1.58e-04	1.31e-02	9.87e-01	0.00e+00	0.00e+00
 4.77174e+15	2.31e-16	1.79e-11	1.88e-07	1.83e-04	1.42e-02	9.86e-01	0.00e+00	0.00e+00
 4.93060e+15	3.03e-16	2.26e-11	2.28e-07	2.09e-04	1.53e-02	9.84e-01	0.00e+00	0.00e+00
 5.04915e+15	3.69e-16	2.68e-11	2.62e-07	2.30e-04	1.62e-02	9.84e-01	0.00e+00	0.00e+00
 5.17167e+15	4.51e-16	3.18e-11	3.02e-07	2.53e-04	1.71e-02	9.83e-01	0.00e+00	0.00e+00
 5.33095e+15	5.82e-16	3.95e-11	3.62e-07	2.86e-04	1.83e-02	9.81e-01	0.00e+00	0.00e+00
 5.50329e+15	7.60e-16	4.96e-11	4.37e-07	3.25e-04	1.97e-02	9.80e-01	0.00e+00	0.00e+00
 5.65877e+15	9.56e-16	6.04e-11	5.14e-07	3.63e-04	2.10e-02	9.79e-01	0.00e+00	0.00e+00
 5.82704e+15	1.22e-15	7.45e-11	6.12e-07	4.09e-04	2.24e-02	9.77e-01	0.00e+00	0.00e+00
 6.04060e+15	1.66e-15	9.69e-11	7.60e-07	4.73e-04	2.43e-02	9.75e-01	0.00e+00	0.00e+00
 6.25564e+15	2.23e-15	1.25e-10	9.37e-07	5.44e-04	2.63e-02	9.73e-01	0.00e+00	0.00e+00
 6.43633e+15	2.82e-15	1.53e-10	1.11e-06	6.09e-04	2.81e-02	9.71e-01	0.00e+00	0.00e+00
 6.62976e+15	3.63e-15	1.90e-10	1.32e-06	6.86e-04	3.00e-02	9.69e-01	0.00e+00	0.00e+00
 6.87388e+15	4.95e-15	2.47e-10	1.65e-06	7.95e-04	3.25e-02	9.67e-01	0.00e+00	0.00e+00
 7.12958e+15	6.74e-15	3.23e-10	2.06e-06	9.20e-04	3.53e-02	9.64e-01	0.00e+00	0.00e+00
 7.35920e+15	8.80e-15	4.06e-10	2.49e-06	1.04e-03	3.79e-02	9.61e-01	0.00e+00	0.00e+00
 7.60925e+15	1.17e-14	5.20e-10	3.04e-06	1.19e-03	4.08e-02	9.58e-01	0.00e+00	0.00e+00
 7.90561e+15	1.63e-14	6.90e-10	3.84e-06	1.40e-03	4.45e-02	9.54e-01	0.00e+00	0.00e+00
 8.19555e+15	2.22e-14	9.00e-10	4.78e-06	1.61e-03	4.82e-02	9.50e-01	0.00e+00	0.00e+00
 8.45805e+15	2.90e-14	1.13e-09	5.79e-06	1.83e-03	5.16e-02	9.47e-01	0.00e+00	0.00e+00
 8.75150e+15	3.91e-14	1.46e-09	7.13e-06	2.10e-03	5.57e-02	9.42e-01	0.00e+00	0.00e+00
 9.09573e+15	5.48e-14	1.95e-09	9.04e-06	2.46e-03	6.06e-02	9.37e-01	0.00e+00	0.00e+00
 9.43378e+15	7.50e-14	2.56e-09	1.13e-05	2.85e-03	6.57e-02	9.31e-01	0.00e+00	0.00e+00
 9.74871e+15	9.98e-14	3.27e-09	1.38e-05	3.25e-03	7.05e-02	9.26e-01	0.00e+00	0.00e+00
 1.00245e+16	1.27e-13	4.03e-09	1.64e-05	3.64e-03	7.50e-02	9.21e-01	0.00e+00	0.00e+00
 1.02571e+16	1.55e-13	4.78e-09	1.89e-05	3.99e-03	7.89e-02	9.17e-01	0.00e+00	0.00e+00
 1.05146e+16	1.95e-13	5.79e-09	2.20e-05	4.41e-03	8.32e-02	9.12e-01	0.00e+00	0.00e+00
 1.08494e+16	2.59e-13	7.36e-09	2.67e-05	5.01e-03	8.90e-02	9.06e-01	0.00e+00	0.00e+00
 1.11976e+16	3.42e-13	9.35e-09	3.24e-05	5.70e-03	9.53e-02	8.99e-01	0.00e+00	0.00e+00
 1.14912e+16	4.30e-13	1.14e-08	3.80e-05	6.32e-03	1.01e-01	8.93e-01	0.00e+00	0.00e+00
 1.18005e+16	5.48e-13	1.39e-08	4.48e-05	7.04e-03	1.06e-01	8.86e-01	0.00e+00	0.00e+00
 1.22027e+16	7.46e-13	1.81e-08	5.53e-05	8.09e-03	1.14e-01	8.77e-01	0.00e+00	0.00e+00
 1.26162e+16	1.00e-12	2.33e-08	6.79e-05	9.26e-03	1.23e-01	8.68e-01	0.00e+00	0.00e+00
 1.29603e+16	1.28e-12	2.86e-08	8.02e-05	1.03e-02	1.30e-01	8.60e-01	0.00e+00	0.00e+00
 1.33232e+16	1.65e-12	3.56e-08	9.54e-05	1.16e-02	1.38e-01	8.51e-01	0.00e+00	0.00e+00
 1.37950e+16	2.27e-12	4.66e-08	1.19e-04	1.33e-02	1.48e-01	8.39e-01	0.00e+00	0.00e+00
 1.42857e+16	3.13e-12	6.11e-08	1.48e-04	1.54e-02	1.59e-01	8.25e-01	0.00e+00	0.00e+00
 1.46980e+16	4.04e-12	7.59e-08	1.76e-04	1.73e-02	1.69e-01	8.14e-01	0.00e+00	0.00e+00
 1.51311e+16	5.31e-12	9.56e-08	2.12e-04	1.95e-02	1.79e-01	8.01e-01	0.00e+00	0.00e+00
 1.56834e+16	7.45e-12	1.27e-07	2.67e-04	2.26e-02	1.92e-01	7.85e-01	0.00e+00	0.00e+00
 1.62388e+16	1.02e-11	1.66e-07	3.32e-04	2.61e-02	2.06e-01	7.67e-01	0.00e+00	0.00e+00
 1.66931e+16	1.31e-11	2.06e-07	3.96e-04	2.92e-02	2.18e-01	7.53e-01	0.00e+00	0.00e+00
 1.71682e+16	1.72e-11	2.58e-07	4.75e-04	3.28e-02	2.30e-01	7.37e-01	0.00e+00	0.00e+00
 1.77854e+16	2.41e-11	3.43e-07	5.97e-04	3.80e-02	2.46e-01	7.16e-01	0.00e+00	0.00e+00
 1.84156e+16	3.32e-11	4.51e-07	7.47e-04	4.39e-02	2.62e-01	6.93e-01	0.00e+00	0.00e+00
 1.89202e+16	4.24e-11	5.57e-07	8.89e-04	4.91e-02	2.75e-01	6.75e-01	0.00e+00	0.00e+00
 1.93477e+16	5.23e-11	6.65e-07	1.03e-03	5.39e-02	2.86e-01	6.59e-01	0.00e+00	0.00e+00
 1.98179e+16	6.63e-11	8.12e-07	1.21e-03	5.97e-02	2.99e-01	6.40e-01	0.00e+00	0.00e+00
 2.03317e+16	8.43e-11	9.97e-07	1.43e-03	6.64e-02	3.12e-01	6.20e-01	0.00e+00	0.00e+00
 2.08121e+16	1.05e-10	1.21e-06	1.67e-03	7.32e-02	3.24e-01	6.01e-01	0.00e+00	0.00e+00
 2.13466e+16	1.36e-10	1.50e-06	2.00e-03	8.17e-02	3.38e-01	5.78e-01	0.00e+00	0.00e+00
 2.19118e+16	1.76e-10	1.86e-06	2.39e-03	9.12e-02	3.52e-01	5.54e-01	0.00e+00	0.00e+00
 2.24164e+16	2.20e-10	2.24e-06	2.79e-03	1.00e-01	3.64e-01	5.33e-01	0.00e+00	0.00e+00
 2.29716e+16	2.83e-10	2.78e-06	3.32e-03	1.12e-01	3.77e-01	5.08e-01	0.00e+00	0.00e+00
 2.35706e+16	3.68e-10	3.47e-06	4.00e-03	1.25e-01	3.90e-01	4.81e-01	0.00e+00	0.00e+00
 2.41144e+16	4.65e-10	4.24e-06	4.71e-03	1.37e-01	4.01e-01	4.57e-01	0.00e+00	0.00e+00
 2.46069e+16	5.73e-10	5.05e-06	5.46e-03	1.50e-01	4.10e-01	4.35e-01	0.00e+00	0.00e+00
 2.51444e+16	7.31e-10	6.20e-06	6.45e-03	1.65e-01	4.19e-01	4.10e-01	0.00e+00	0.00e+00
 2.57157e+16	9.38e-10	7.65e-06	7.66e-03	1.82e-01	4.27e-01	3.83e-01	0.00e+00	0.00e+00
 2.62067e+16	1.16e-09	9.13e-06	8.87e-03	1.97e-01	4.33e-01	3.61e-01	0.00e+00	0.00e+00
 2.66508e+16	1.41e-09	1.08e-05	1.02e-02	2.13e-01	4.37e-01	3.40e-01	0.00e+00	0.00e+00
 2.71578e+16	1.77e-09	1.30e-05	1.19e-02	2.31e-01	4.41e-01	3.16e-01	0.00e+00	0.00e+00
 2.77017e+16	2.27e-09	1.60e-05	1.40e-02	2.53e-01	4.43e-01	2.90e-01	0.00e+00	0.00e+00
 2.81482e+16	2.77e-09	1.89e-05	1.61e-02	2.71e-01	4.43e-01	2.70e-01	0.00e+00	0.00e+00
 2.85097e+16	3.27e-09	2.17e-05	1.80e-02	2.87e-01	4.42e-01	2.53e-01	0.00e+00	0.00e+00
 2.89062e+16	3.96e-09	2.54e-05	2.04e-02	3.05e-01	4.40e-01	2.35e-01	0.00e+00	0.00e+00
 2.93427e+16	4.94e-09	3.04e-05	2.36e-02	3.26e-01	4.35e-01	2.15e-01	0.00e+00	0.00e+00
 2.97296e+16	5.96e-09	3.55e-05	2.67e-02	3.46e-01	4.30e-01	1.98e-01	0.00e+00	0.00e+00
 3.00648e+16	7.00e-09	4.05e-05	2.98e-02	3.63e-01	4.24e-01	1.83e-01	0.00e+00	0.00e+00
 3.04348e+16	8.30e-09	4.68e-05	3.37e-02	3.84e-01	4.15e-01	1.67e-01	0.00e+00	0.00e+00
 3.08283e+16	1.06e-08	5.66e-05	3.86e-02	4.07e-01	4.05e-01	1.49e-01	0.00e+00	0.00e+00
 3.11548e+16	1.27e-08	6.54e-05	4.33e-02	4.27e-01	3.94e-01	1.36e-01	0.00e+00	0.00e+00
 3.14274e+16	1.50e-08	7.47e-05	4.78e-02	4.44e-01	3.84e-01	1.24e-01	0.00e+00	0.00e+00
 3.17275e+16	1.79e-08	8.60e-05	5.33e-02	4.63e-01	3.72e-01	1.12e-01	0.00e+00	0.00e+00
 3.20480e+16	2.09e-08	9.81e-05	5.98e-02	4.84e-01	3.57e-01	9.94e-02	0.00e+00	0.00e+00
 3.23223e+16	2.62e-08	1.16e-04	6.67e-02	5.03e-01	3.42e-01	8.83e-02	0.00e+00	0.00e+00
 3.25478e+16	3.04e-08	1.30e-04	7.27e-02	5.18e-01	3.29e-01	7.97e-02	0.00e+00	0.00e+00
 3.27830e+16	3.55e-08	1.48e-04	7.98e-02	5.35e-01	3.14e-01	7.09e-02	0.00e+00	0.00e+00
 3.30353e+16	4.07e-08	1.65e-04	8.80e-02	5.53e-01	2.97e-01	6.21e-02	0.00e+00	0.00e+00
 3.32522e+16	5.05e-08	1.93e-04	9.65e-02	5.68e-01	2.81e-01	5.42e-02	0.00e+00	0.00e+00
 3.34275e+16	5.51e-08	2.08e-04	1.03e-01	5.81e-01	2.67e-01	4.85e-02	0.00e+00	0.00e+00
 3.36069e+16	6.36e-08	2.33e-04	1.12e-01	5.94e-01	2.51e-01	4.25e-02	0.00e+00	0.00e+00
 3.37994e+16	7.41e-08	2.62e-04	1.21e-01	6.08e-01	2.34e-01	3.65e-02	0.00e+00	0.00e+00
 3.39624e+16	8.55e-08	2.91e-04	1.30e-01	6.20e-01	2.18e-01	3.16e-02	0.00e+00	0.00e+00
 3.40962e+16	9.68e-08	3.20e-04	1.38e-01	6.29e-01	2.05e-01	2.77e-02	0.00e+00	0.00e+00
 3.42191e+16	1.09e-07	3.48e-04	1.45e-01	6.38e-01	1.92e-01	2.42e-02	0.00e+00	0.00e+00
 3.43594e+16	1.29e-07	3.94e-04	1.55e-01	6.48e-01	1.76e-01	2.03e-02	0.00e+00	0.00e+00
 3.44997e+16	1.48e-07	4.34e-04	1.65e-01	6.57e-01	1.61e-01	1.69e-02	0.00e+00	0.00e+00
 3.46084e+16	1.59e-07	4.60e-04	1.72e-01	6.64e-01	1.48e-01	1.45e-02	0.00e+00	0.00e+00
 3.47183e+16	1.78e-07	5.01e-04	1.81e-01	6.71e-01	1.35e-01	1.21e-02	0.00e+00	0.00e+00
 3.48216e+16	1.98e-07	5.42e-04	1.89e-01	6.77e-01	1.23e-01	1.01e-02	0.00e+00	0.00e+00
 3.48918e+16	2.20e-07	5.80e-04	1.95e-01	6.81e-01	1.14e-01	8.75e-03	0.00e+00	0.00e+00
 3.49458e+16	2.29e-07	6.00e-04	1.99e-01	6.84e-01	1.08e-01	7.86e-03	0.00e+00	0.00e+00
 3.50036e+16	2.44e-07	6.29e-04	2.05e-01	6.87e-01	1.01e-01	6.90e-03	0.00e+00	0.00e+00
 3.50788e+16	2.71e-07	6.75e-04	2.11e-01	6.90e-01	9.20e-02	5.75e-03	0.00e+00	0.00e+00
 3.51551e+16	2.94e-07	7.17e-04	2.18e-01	6.93e-01	8.34e-02	4.77e-03	0.00e+00	0.00e+00
 3.52190e+16	3.15e-07	7.54e-04	2.24e-01	6.95e-01	7.62e-02	4.02e-03	0.00e+00	0.00e+00
 3.52884e+16	3.42e-07	7.99e-04	2.30e-01	6.98e-01	6.85e-02	3.29e-03	0.00e+00	0.00e+00
 3.53646e+16	3.73e-07	8.50e-04	2.37e-01	6.99e-01	6.07e-02	2.62e-03	0.00e+00	0.00e+00
 3.54350e+16	4.03e-07	8.98e-04	2.43e-01	7.00e-01	5.39e-02	2.09e-03	0.00e+00	0.00e+00
 3.55117e+16	4.39e-07	9.55e-04	2.49e-01	7.01e-01	4.69e-02	1.61e-03	0.00e+00	0.00e+00
 3.55961e+16	4.80e-07	1.02e-03	2.56e-01	7.01e-01	4.01e-02	1.19e-03	0.00e+00	0.00e+00
 3.56760e+16	5.22e-07	1.08e-03	2.63e-01	7.01e-01	3.43e-02	8.89e-04	0.00e+00	0.00e+00
 3.57652e+16	5.73e-07	1.15e-03	2.70e-01	7.00e-01	2.85e-02	6.27e-04	0.00e+00	0.00e+00
 3.58811e+16	6.44e-07	1.25e-03	2.79e-01	6.97e-01	2.23e-02	3.95e-04	0.00e+00	0.00e+00
 3.60041e+16	7.22e-07	1.35e-03	2.87e-01	6.94e-01	1.73e-02	2.42e-04	0.00e+00	0.00e+00
 3.61188e+16	8.00e-07	1.45e-03	2.95e-01	6.90e-01	1.36e-02	1.52e-04	0.00e+00	0.00e+00
 3.62504e+16	8.95e-07	1.56e-03	3.03e-01	6.85e-01	1.03e-02	8.96e-05	0.00e+00	0.00e+00
 3.64216e+16	1.03e-06	1.71e-03	3.13e-01	6.78e-01	7.29e-03	4.58e-05	0.00e+00	0.00e+00
 3.66441e+16	1.21e-06	1.92e-03	3.25e-01	6.68e-01	4.78e-03	1.99e-05	0.00e+00	0.00e+00
 3.69333e+16	1.49e-06	2.19e-03	3.40e-01	6.55e-01	2.88e-03	7.31e-06	0.00e+00	0.00e+00
 3.73093e+16	1.94e-06	2.61e-03	3.60e-01	6.36e-01	1.60e-03	2.23e-06	0.00e+00	0.00e+00
 3.77075e+16	2.58e-06	3.16e-03	3.81e-01	6.15e-01	9.17e-04	7.27e-07	0.00e+00	0.00e+00
 3.80444e+16	3.36e-06	3.76e-03	4.02e-01	5.94e-01	5.97e-04	0.00e+00	0.00e+00	0.00e+00
 3.83359e+16	4.25e-06	4.41e-03	4.21e-01	5.74e-01	4.19e-04	0.00e+00	0.00e+00	0.00e+00
 3.86585e+16	5.57e-06	5.29e-03	4.44e-01	5.51e-01	2.84e-04	0.00e+00	0.00e+00	0.00e+00
 3.90036e+16	7.61e-06	6.53e-03	4.70e-01	5.23e-01	1.92e-04	0.00e+00	0.00e+00	0.00e+00
 3.92399e+16	9.64e-06	7.68e-03	4.90e-01	5.02e-01	1.50e-04	0.00e+00	0.00e+00	0.00e+00
 3.93593e+16	1.09e-05	8.36e-03	5.01e-01	4.91e-01	1.31e-04	0.00e+00	0.00e+00	0.00e+00
 3.94646e+16	1.21e-05	9.00e-03	5.10e-01	4.81e-01	1.16e-04	0.00e+00	0.00e+00	0.00e+00
 3.96016e+16	1.40e-05	9.94e-03	5.23e-01	4.67e-01	9.91e-05	0.00e+00	0.00e+00	0.00e+00
 3.97795e+16	1.70e-05	1.13e-02	5.41e-01	4.48e-01	8.05e-05	0.00e+00	0.00e+00	0.00e+00
 3.99630e+16	2.10e-05	1.31e-02	5.59e-01	4.28e-01	6.52e-05	0.00e+00	0.00e+00	0.00e+00
 4.01066e+16	2.50e-05	1.48e-02	5.75e-01	4.11e-01	5.51e-05	0.00e+00	0.00e+00	0.00e+00
 4.02224e+16	2.89e-05	1.64e-02	5.87e-01	3.96e-01	4.80e-05	0.00e+00	0.00e+00	0.00e+00
 4.03492e+16	3.39e-05	1.83e-02	6.01e-01	3.80e-01	4.09e-05	0.00e+00	0.00e+00	0.00e+00
 4.05141e+16	4.21e-05	2.13e-02	6.20e-01	3.58e-01	3.30e-05	0.00e+00	0.00e+00	0.00e+00
 4.06602e+16	5.19e-05	2.46e-02	6.37e-01	3.38e-01	2.75e-05	0.00e+00	0.00e+00	0.00e+00
 4.07446e+16	5.87e-05	2.69e-02	6.47e-01	3.26e-01	2.46e-05	0.00e+00	0.00e+00	0.00e+00
 4.08172e+16	6.54e-05	2.90e-02	6.55e-01	3.16e-01	2.22e-05	0.00e+00	0.00e+00	0.00e+00
 4.09115e+16	7.54e-05	3.20e-02	6.66e-01	3.02e-01	1.94e-05	0.00e+00	0.00e+00	0.00e+00
 4.10130e+16	8.84e-05	3.58e-02	6.78e-01	2.86e-01	1.67e-05	0.00e+00	0.00e+00	0.00e+00
 4.10993e+16	1.02e-04	3.95e-02	6.87e-01	2.73e-01	1.47e-05	0.00e+00	0.00e+00	0.00e+00
 4.11717e+16	1.15e-04	4.30e-02	6.95e-01	2.61e-01	1.31e-05	0.00e+00	0.00e+00	0.00e+00
 4.12505e+16	1.32e-04	4.73e-02	7.04e-01	2.49e-01	1.15e-05	0.00e+00	0.00e+00	0.00e+00
 4.13371e+16	1.53e-04	5.26e-02	7.13e-01	2.35e-01	1.00e-05	0.00e+00	0.00e+00	0.00e+00
 4.14140e+16	1.77e-04	5.80e-02	7.20e-01	2.22e-01	8.76e-06	0.00e+00	0.00e+00	0.00e+00
 4.14799e+16	2.01e-04	6.33e-02	7.25e-01	2.11e-01	7.78e-06	0.00e+00	0.00e+00	0.00e+00
 4.15514e+16	2.30e-04	6.96e-02	7.31e-01	1.99e-01	6.80e-06	0.00e+00	0.00e+00	0.00e+00
 4.16292e+16	2.69e-04	7.76e-02	7.36e-01	1.86e-01	5.85e-06	0.00e+00	0.00e+00	0.00e+00
 4.16968e+16	3.09e-04	8.56e-02	7.40e-01	1.74e-01	5.10e-06	0.00e+00	0.00e+00	0.00e+00
 4.17538e+16	3.49e-04	9.31e-02	7.42e-01	1.64e-01	4.52e-06	0.00e+00	0.00e+00	0.00e+00
 4.18156e+16	4.00e-04	1.02e-01	7.44e-01	1.54e-01	3.94e-06	0.00e+00	0.00e+00	0.00e+00
 4.18843e+16	4.67e-04	1.13e-01	7.44e-01	1.42e-01	3.37e-06	0.00e+00	0.00e+00	0.00e+00
 4.19457e+16	5.39e-04	1.25e-01	7.43e-01	1.32e-01	2.90e-06	0.00e+00	0.00e+00	0.00e+00
 4.19979e+16	6.10e-04	1.36e-01	7.40e-01	1.23e-01	2.54e-06	0.00e+00	0.00e+00	0.00e+00
 4.20544e+16	7.02e-04	1.50e-01	7.36e-01	1.13e-01	2.18e-06	0.00e+00	0.00e+00	0.00e+00
 4.21168e+16	8.23e-04	1.66e-01	7.30e-01	1.03e-01	1.83e-06	0.00e+00	0.00e+00	0.00e+00
 4.21724e+16	9.53e-04	1.84e-01	7.22e-01	9.35e-02	1.55e-06	0.00e+00	0.00e+00	0.00e+00
 4.22201e+16	1.08e-03	2.00e-01	7.13e-01	8.57e-02	1.33e-06	0.00e+00	0.00e+00	0.00e+00
 4.22721e+16	1.25e-03	2.20e-01	7.02e-01	7.74e-02	1.11e-06	0.00e+00	0.00e+00	0.00e+00
 4.23300e+16	1.47e-03	2.45e-01	6.85e-01	6.84e-02	9.05e-07	0.00e+00	0.00e+00	0.00e+00
 4.23825e+16	1.72e-03	2.71e-01	6.67e-01	6.04e-02	0.00e+00	0.00e+00	0.00e+00	0.00e+00
 4.24290e+16	1.98e-03	2.96e-01	6.48e-01	5.35e-02	0.00e+00	0.00e+00	0.00e+00	0.00e+00
 4.24803e+16	2.31e-03	3.27e-01	6.24e-01	4.63e-02	0.00e+00	0.00e+00	0.00e+00	0.00e+00
 4.25379e+16	2.78e-03	3.66e-01	5.92e-01	3.86e-02	0.00e+00	0.00e+00	0.00e+00	0.00e+00
 4.25914e+16	3.33e-03	4.07e-01	5.57e-01	3.19e-02	0.00e+00	0.00e+00	0.00e+00	0.00e+00
 4.26383e+16	3.88e-03	4.47e-01	5.22e-01	2.64e-02	0.00e+00	0.00e+00	0.00e+00	0.00e+00
 4.26814e+16	4.51e-03	4.87e-01	4.87e-01	2.18e-02	0.00e+00	0.00e+00	0.00e+00	0.00e+00
 4.27234e+16	5.24e-03	5.28e-01	4.49e-01	1.77e-02	0.00e+00	0.00e+00	0.00e+00	0.00e+00
 4.27648e+16	6.07e-03	5.71e-01	4.08e-01	1.40e-02	0.00e+00	0.00e+00	0.00e+00	0.00e+00
 4.28043e+16	6.97e-03	6.15e-01	3.67e-01	1.09e-02	0.00e+00	0.00e+00	0.00e+00	0.00e+00
 4.28405e+16	7.97e-03	6.55e-01	3.28e-01	8.51e-03	0.00e+00	0.00e+00	0.00e+00	0.00e+00
 4.28743e+16	9.03e-03	6.93e-01	2.91e-01	6.55e-03	0.00e+00	0.00e+00	0.00e+00	0.00e+00
 4.29068e+16	1.02e-02	7.30e-01	2.55e-01	4.95e-03	0.00e+00	0.00e+00	0.00e+00	0.00e+00
 4.29380e+16	1.15e-02	7.64e-01	2.21e-01	3.68e-03	0.00e+00	0.00e+00	0.00e+00	0.00e+00
 4.29676e+16	1.29e-02	7.95e-01	1.89e-01	2.70e-03	0.00e+00	0.00e+00	0.00e+00	0.00e+00
 4.29956e+16	1.44e-02	8.23e-01	1.61e-01	1.96e-03	0.00e+00	0.00e+00	0.00e+00	0.00e+00
 4.30221e+16	1.59e-02	8.47e-01	1.36e-01	1.42e-03	0.00e+00	0.00e+00	0.00e+00	0.00e+00
 4.30478e+16	1.77e-02	8.68e-01	1.13e-01	1.00e-03	0.00e+00	0.00e+00	0.00e+00	0.00e+00
 4.30729e+16	1.95e-02	8.86e-01	9.33e-02	6.91e-04	0.00e+00	0.00e+00	0.00e+00	0.00e+00
 4.30965e+16	2.16e-02	9.02e-01	7.63e-02	4.74e-04	0.00e+00	0.00e+00	0.00e+00	0.00e+00
 4.31183e+16	2.37e-02	9.14e-01	6.24e-02	3.26e-04	0.00e+00	0.00e+00	0.00e+00	0.00e+00
 4.31385e+16	2.59e-02	9.23e-01	5.11e-02	2.25e-04	0.00e+00	0.00e+00	0.00e+00	0.00e+00
 4.31578e+16	2.82e-02	9.30e-01	4.17e-02	1.55e-04	0.00e+00	0.00e+00	0.00e+00	0.00e+00
 4.31761e+16	3.07e-02	9.35e-01	3.39e-02	1.06e-04	0.00e+00	0.00e+00	0.00e+00	0.00e+00
 4.31938e+16	3.32e-02	9.39e-01	2.75e-02	7.21e-05	0.00e+00	0.00e+00	0.00e+00	0.00e+00
 4.32105e+16	3.59e-02	9.42e-01	2.22e-02	4.89e-05	0.00e+00	0.00e+00	0.00e+00	0.00e+00
 4.32262e+16	3.87e-02	9.43e-01	1.81e-02	3.35e-05	0.00e+00	0.00e+00	0.00e+00	0.00e+00
 4.32412e+16	4.16e-02	9.44e-01	1.46e-02	2.28e-05	0.00e+00	0.00e+00	0.00e+00	0.00e+00
 4.32558e+16	4.47e-02	9.43e-01	1.18e-02	1.55e-05	0.00e+00	0.00e+00	0.00e+00	0.00e+00
 4.32695e+16	4.79e-02	9.42e-01	9.61e-03	1.06e-05	0.00e+00	0.00e+00	0.00e+00	0.00e+00
 4.32826e+16	5.12e-02	9.41e-01	7.81e-03	7.27e-06	0.00e+00	0.00e+00	0.00e+00	0.00e+00
 4.32951e+16	5.45e-02	9.39e-01	6.36e-03	5.00e-06	0.00e+00	0.00e+00	0.00e+00	0.00e+00
 4.33065e+16	5.78e-02	9.37e-01	5.25e-03	3.53e-06	0.00e+00	0.00e+00	0.00e+00	0.00e+00
 4.33161e+16	6.06e-02	9.35e-01	4.44e-03	2.60e-06	0.00e+00	0.00e+00	0.00e+00	0.00e+00
 4.33249e+16	6.37e-02	9.32e-01	3.80e-03	1.96e-06	0.00e+00	0.00e+00	0.00e+00	0.00e+00
 4.33319e+16	6.58e-02	9.31e-01	3.35e-03	1.56e-06	0.00e+00	0.00e+00	0.00e+00	0.00e+00
 4.33367e+16	6.75e-02	9.29e-01	3.07e-03	1.33e-06	0.00e+00	0.00e+00	0.00e+00	0.00e+00
 4.33412e+16	6.92e-02	9.28e-01	2.82e-03	1.14e-06	0.00e+00	0.00e+00	0.00e+00	0.00e+00
 4.33462e+16	7.12e-02	9.26e-01	2.56e-03	9.53e-07	0.00e+00	0.00e+00	0.00e+00	0.00e+00
 4.33517e+16	7.35e-02	9.24e-01	2.31e-03	0.00e+00	0.00e+00	0.00e+00	0.00e+00	0.00e+00
 4.33570e+16	7.55e-02	9.22e-01	2.08e-03	0.00e+00	0.00e+00	0.00e+00	0.00e+00	0.00e+00
 4.33620e+16	7.76e-02	9.20e-01	1.89e-03	0.00e+00	0.00e+00	0.00e+00	0.00e+00	0.00e+00
 4.33668e+16	7.99e-02	9.18e-01	1.71e-03	0.00e+00	0.00e+00	0.00e+00	0.00e+00	0.00e+00
 4.33717e+16	8.21e-02	9.16e-01	1.55e-03	0.00e+00	0.00e+00	0.00e+00	0.00e+00	0.00e+00
 4.33765e+16	8.44e-02	9.14e-01	1.41e-03	0.00e+00	0.00e+00	0.00e+00	0.00e+00	0.00e+00
 4.33813e+16	8.67e-02	9.12e-01	1.27e-03	0.00e+00	0.00e+00	0.00e+00	0.00e+00	0.00e+00
 4.33860e+16	8.91e-02	9.10e-01	1.15e-03	0.00e+00	0.00e+00	0.00e+00	0.00e+00	0.00e+00
 4.33907e+16	9.17e-02	9.07e-01	1.04e-03	0.00e+00	0.00e+00	0.00e+00	0.00e+00	0.00e+00
 4.33953e+16	9.43e-02	9.05e-01	9.45e-04	0.00e+00	0.00e+00	0.00e+00	0.00e+00	0.00e+00
 4.33998e+16	9.71e-02	9.02e-01	8.57e-04	0.00e+00	0.00e+00	0.00e+00	0.00e+00	0.00e+00
 4.34043e+16	1.00e-01	8.99e-01	7.75e-04	0.00e+00	0.00e+00	0.00e+00	0.00e+00	0.00e+00
 4.34088e+16	1.03e-01	8.96e-01	7.01e-04	0.00e+00	0.00e+00	0.00e+00	0.00e+00	0.00e+00
 4.34132e+16	1.06e-01	8.93e-01	6.35e-04	0.00e+00	0.00e+00	0.00e+00	0.00e+00	0.00e+00
 4.34175e+16	1.09e-01	8.90e-01	5.75e-04	0.00e+00	0.00e+00	0.00e+00	0.00e+00	0.00e+00
 4.34218e+16	1.12e-01	8.87e-01	5.20e-04	0.00e+00	0.00e+00	0.00e+00	0.00e+00	0.00e+00
 4.34261e+16	1.16e-01	8.84e-01	4.70e-04	0.00e+00	0.00e+00	0.00e+00	0.00e+00	0.00e+00
 4.34303e+16	1.20e-01	8.80e-01	4.25e-04	0.00e+00	0.00e+00	0.00e+00	0.00e+00	0.00e+00
 4.34344e+16	1.23e-01	8.76e-01	3.85e-04	0.00e+00	0.00e+00	0.00e+00	0.00e+00	0.00e+00
 4.34385e+16	1.27e-01	8.72e-01	3.48e-04	0.00e+00	0.00e+00	0.00e+00	0.00e+00	0.00e+00
 4.34425e+16	1.32e-01	8.68e-01	3.15e-04	0.00e+00	0.00e+00	0.00e+00	0.00e+00	0.00e+00
 4.34465e+16	1.37e-01	8.63e-01	2.84e-04	0.00e+00	0.00e+00	0.00e+00	0.00e+00	0.00e+00
 4.34505e+16	1.41e-01	8.58e-01	2.57e-04	0.00e+00	0.00e+00	0.00e+00	0.00e+00	0.00e+00
 4.34544e+16	1.47e-01	8.53e-01	2.32e-04	0.00e+00	0.00e+00	0.00e+00	0.00e+00	0.00e+00
 4.34582e+16	1.52e-01	8.48e-01	2.10e-04	0.00e+00	0.00e+00	0.00e+00	0.00e+00	0.00e+00
 4.34620e+16	1.58e-01	8.42e-01	1.89e-04	0.00e+00	0.00e+00	0.00e+00	0.00e+00	0.00e+00
 4.34658e+16	1.64e-01	8.36e-01	1.71e-04	0.00e+00	0.00e+00	0.00e+00	0.00e+00	0.00e+00
 4.34694e+16	1.71e-01	8.29e-01	1.54e-04	0.00e+00	0.00e+00	0.00e+00	0.00e+00	0.00e+00
 4.34730e+16	1.78e-01	8.22e-01	1.40e-04	0.00e+00	0.00e+00	0.00e+00	0.00e+00	0.00e+00
 4.34765e+16	1.86e-01	8.14e-01	1.26e-04	0.00e+00	0.00e+00	0.00e+00	0.00e+00	0.00e+00
 4.34799e+16	1.94e-01	8.06e-01	1.14e-04	0.00e+00	0.00e+00	0.00e+00	0.00e+00	0.00e+00
 4.34832e+16	2.02e-01	7.98e-01	1.03e-04	0.00e+00	0.00e+00	0.00e+00	0.00e+00	0.00e+00
 4.34865e+16	2.11e-01	7.89e-01	9.36e-05	0.00e+00	0.00e+00	0.00e+00	0.00e+00	0.00e+00
