#depth	He	He+	He+2
 1.49634e+10	4.61e-23	2.83e-12	1.00e+00
 4.54887e+10	5.17e-23	3.06e-12	1.00e+00
 7.72350e+10	5.78e-23	3.31e-12	1.00e+00
 1.10251e+11	6.47e-23	3.58e-12	1.00e+00
 1.40235e+11	7.16e-23	3.83e-12	1.00e+00
 1.65550e+11	7.78e-23	4.06e-12	1.00e+00
 1.93524e+11	8.49e-23	4.31e-12	1.00e+00
 2.28485e+11	9.47e-23	4.64e-12	1.00e+00
 2.65375e+11	1.06e-22	5.00e-12	1.00e+00
 2.99640e+11	1.18e-22	5.35e-12	1.00e+00
 3.37452e+11	1.31e-22	5.74e-12	1.00e+00
 3.80877e+11	1.48e-22	6.22e-12	1.00e+00
 4.23907e+11	1.67e-22	6.71e-12	1.00e+00
 4.68659e+11	1.88e-22	7.24e-12	1.00e+00
 5.17332e+11	2.14e-22	7.84e-12	1.00e+00
 5.67952e+11	2.43e-22	8.49e-12	1.00e+00
 6.20597e+11	2.77e-22	9.20e-12	1.00e+00
 6.68497e+11	3.11e-22	9.87e-12	1.00e+00
 7.08772e+11	3.42e-22	1.05e-11	1.00e+00
 7.52964e+11	3.78e-22	1.11e-11	1.00e+00
 8.08464e+11	4.29e-22	1.20e-11	1.00e+00
 8.65773e+11	4.87e-22	1.29e-11	1.00e+00
 9.15994e+11	5.43e-22	1.38e-11	1.00e+00
 9.69893e+11	6.06e-22	1.47e-11	1.00e+00
 1.03533e+12	6.93e-22	1.59e-11	1.00e+00
 1.10061e+12	7.91e-22	1.72e-11	1.00e+00
 1.15904e+12	8.85e-22	1.83e-11	1.00e+00
 1.22369e+12	9.99e-22	1.97e-11	1.00e+00
 1.30040e+12	1.15e-21	2.14e-11	1.00e+00
 1.37600e+12	1.32e-21	2.31e-11	1.00e+00
 1.44502e+12	1.49e-21	2.48e-11	1.00e+00
 1.52227e+12	1.70e-21	2.68e-11	1.00e+00
 1.60950e+12	1.96e-21	2.91e-11	1.00e+00
 1.69286e+12	2.25e-21	3.15e-11	1.00e+00
 1.78227e+12	2.58e-21	3.41e-11	1.00e+00
 1.88099e+12	3.00e-21	3.72e-11	1.00e+00
 1.97610e+12	3.45e-21	4.04e-11	1.00e+00
 2.07751e+12	3.98e-21	4.40e-11	1.00e+00
 2.19053e+12	4.67e-21	4.82e-11	1.00e+00
 2.30349e+12	5.43e-21	5.27e-11	1.00e+00
 2.40171e+12	6.18e-21	5.69e-11	1.00e+00
 2.48588e+12	6.86e-21	6.06e-11	1.00e+00
 2.58081e+12	7.69e-21	6.50e-11	1.00e+00
 2.70212e+12	8.90e-21	7.09e-11	1.00e+00
 2.83224e+12	1.04e-20	7.76e-11	1.00e+00
 2.94983e+12	1.19e-20	8.40e-11	1.00e+00
 3.05416e+12	1.34e-20	8.99e-11	1.00e+00
 3.16734e+12	1.51e-20	9.67e-11	1.00e+00
 3.31090e+12	1.76e-20	1.06e-10	1.00e+00
 3.45456e+12	2.04e-20	1.15e-10	1.00e+00
 3.57246e+12	2.28e-20	1.24e-10	1.00e+00
 3.69626e+12	2.56e-20	1.33e-10	1.00e+00
 3.85653e+12	2.96e-20	1.45e-10	1.00e+00
 4.02337e+12	3.44e-20	1.58e-10	1.00e+00
 4.16512e+12	3.87e-20	1.70e-10	1.00e+00
 4.31507e+12	4.36e-20	1.84e-10	1.00e+00
 4.50278e+12	5.06e-20	2.01e-10	1.00e+00
 4.69493e+12	5.86e-20	2.20e-10	1.00e+00
 4.86382e+12	6.62e-20	2.38e-10	1.00e+00
 5.04713e+12	7.50e-20	2.57e-10	1.00e+00
 5.26872e+12	8.71e-20	2.83e-10	1.00e+00
 5.49347e+12	1.01e-19	3.10e-10	1.00e+00
 5.70187e+12	1.15e-19	3.36e-10	1.00e+00
 5.89789e+12	1.29e-19	3.62e-10	1.00e+00
 6.11500e+12	1.46e-19	3.92e-10	1.00e+00
 6.35054e+12	1.66e-19	4.27e-10	1.00e+00
 6.56215e+12	1.86e-19	4.59e-10	1.00e+00
 6.74988e+12	2.05e-19	4.89e-10	1.00e+00
 6.95444e+12	2.26e-19	5.23e-10	1.00e+00
 7.22037e+12	2.57e-19	5.69e-10	1.00e+00
 7.49287e+12	2.92e-19	6.19e-10	1.00e+00
 7.71749e+12	3.22e-19	6.62e-10	1.00e+00
 7.95309e+12	3.56e-19	7.09e-10	1.00e+00
 8.25937e+12	4.04e-19	7.72e-10	1.00e+00
 8.58308e+12	4.61e-19	8.44e-10	1.00e+00
 8.86472e+12	5.13e-19	9.09e-10	1.00e+00
 9.16609e+12	5.72e-19	9.82e-10	1.00e+00
 9.53813e+12	6.53e-19	1.08e-09	1.00e+00
 9.92030e+12	7.43e-19	1.18e-09	1.00e+00
 1.02681e+13	8.31e-19	1.28e-09	1.00e+00
 1.06530e+13	9.35e-19	1.40e-09	1.00e+00
 1.11030e+13	1.07e-18	1.54e-09	1.00e+00
 1.15507e+13	1.21e-18	1.69e-09	1.00e+00
 1.19543e+13	1.35e-18	1.84e-09	1.00e+00
 1.23875e+13	1.51e-18	2.00e-09	1.00e+00
 1.28764e+13	1.70e-18	2.20e-09	1.00e+00
 1.33433e+13	1.90e-18	2.40e-09	1.00e+00
 1.37317e+13	2.07e-18	2.58e-09	1.00e+00
 1.40549e+13	2.22e-18	2.73e-09	1.00e+00
 1.44173e+13	2.39e-18	2.91e-09	1.00e+00
 1.48885e+13	2.63e-18	3.15e-09	1.00e+00
 1.53846e+13	2.90e-18	3.42e-09	1.00e+00
 1.58092e+13	3.15e-18	3.66e-09	1.00e+00
 1.62571e+13	3.42e-18	3.93e-09	1.00e+00
 1.68393e+13	3.80e-18	4.29e-09	1.00e+00
 1.74387e+13	4.22e-18	4.69e-09	1.00e+00
 1.79338e+13	4.61e-18	5.03e-09	1.00e+00
 1.84507e+13	5.04e-18	5.40e-09	1.00e+00
 1.91227e+13	5.65e-18	5.91e-09	1.00e+00
 1.98329e+13	6.37e-18	6.48e-09	1.00e+00
 2.04485e+13	7.06e-18	6.99e-09	1.00e+00
 2.11046e+13	7.88e-18	7.55e-09	1.00e+00
 2.19199e+13	9.02e-18	8.29e-09	1.00e+00
 2.27693e+13	1.04e-17	9.11e-09	1.00e+00
 2.34773e+13	1.16e-17	9.81e-09	1.00e+00
 2.40755e+13	1.28e-17	1.04e-08	1.00e+00
 2.47543e+13	1.42e-17	1.11e-08	1.00e+00
 2.56367e+13	1.63e-17	1.21e-08	1.00e+00
 2.65799e+13	1.88e-17	1.31e-08	1.00e+00
 2.74133e+13	2.12e-17	1.41e-08	1.00e+00
 2.81626e+13	2.36e-17	1.50e-08	1.00e+00
 2.89912e+13	2.65e-17	1.60e-08	1.00e+00
 3.00637e+13	3.07e-17	1.74e-08	1.00e+00
 3.11698e+13	3.56e-17	1.88e-08	1.00e+00
 3.20986e+13	4.01e-17	2.01e-08	1.00e+00
 3.30804e+13	4.53e-17	2.15e-08	1.00e+00
 3.43230e+13	5.26e-17	2.33e-08	1.00e+00
 3.56353e+13	6.14e-17	2.53e-08	1.00e+00
 3.68182e+13	7.01e-17	2.71e-08	1.00e+00
 3.81021e+13	8.06e-17	2.92e-08	1.00e+00
 3.96192e+13	9.45e-17	3.17e-08	1.00e+00
 4.11210e+13	1.10e-16	3.43e-08	1.00e+00
 4.24418e+13	1.25e-16	3.67e-08	1.00e+00
 4.38461e+13	1.43e-16	3.93e-08	1.00e+00
 4.55476e+13	1.67e-16	4.27e-08	1.00e+00
 4.72418e+13	1.93e-16	4.60e-08	1.00e+00
 4.87513e+13	2.20e-16	4.92e-08	1.00e+00
 5.01655e+13	2.47e-16	5.23e-08	1.00e+00
 5.15085e+13	2.75e-16	5.53e-08	1.00e+00
 5.30083e+13	3.10e-16	5.87e-08	1.00e+00
 5.46687e+13	3.52e-16	6.27e-08	1.00e+00
 5.62037e+13	3.94e-16	6.65e-08	1.00e+00
 5.78652e+13	4.43e-16	7.07e-08	1.00e+00
 5.97310e+13	5.06e-16	7.56e-08	1.00e+00
 6.14916e+13	5.69e-16	8.04e-08	1.00e+00
 6.34091e+13	6.47e-16	8.59e-08	1.00e+00
 6.55359e+13	7.40e-16	9.20e-08	1.00e+00
 6.75389e+13	8.40e-16	9.82e-08	1.00e+00
 6.97473e+13	9.58e-16	1.05e-07	1.00e+00
 7.22186e+13	1.11e-15	1.13e-07	1.00e+00
 7.45446e+13	1.26e-15	1.21e-07	1.00e+00
 7.70809e+13	1.45e-15	1.30e-07	1.00e+00
 7.98942e+13	1.68e-15	1.41e-07	1.00e+00
 8.24902e+13	1.92e-15	1.50e-07	1.00e+00
 8.52871e+13	2.20e-15	1.61e-07	1.00e+00
 8.84285e+13	2.56e-15	1.74e-07	1.00e+00
 9.14015e+13	2.94e-15	1.87e-07	1.00e+00
 9.46503e+13	3.40e-15	2.02e-07	1.00e+00
 9.82601e+13	3.97e-15	2.19e-07	1.00e+00
 1.01618e+14	4.56e-15	2.35e-07	1.00e+00
 1.05262e+14	5.27e-15	2.53e-07	1.00e+00
 1.09368e+14	6.19e-15	2.75e-07	1.00e+00
 1.13265e+14	7.15e-15	2.96e-07	1.00e+00
 1.17433e+14	8.28e-15	3.19e-07	1.00e+00
 1.22160e+14	9.72e-15	3.47e-07	1.00e+00
 1.26437e+14	1.12e-14	3.73e-07	1.00e+00
 1.29708e+14	1.24e-14	3.94e-07	1.00e+00
 1.32939e+14	1.37e-14	4.15e-07	1.00e+00
 1.37138e+14	1.55e-14	4.42e-07	1.00e+00
 1.41623e+14	1.77e-14	4.74e-07	1.00e+00
 1.45533e+14	1.97e-14	5.01e-07	1.00e+00
 1.49669e+14	2.20e-14	5.30e-07	1.00e+00
 1.55045e+14	2.53e-14	5.70e-07	1.00e+00
 1.60609e+14	2.91e-14	6.13e-07	1.00e+00
 1.65252e+14	3.24e-14	6.50e-07	1.00e+00
 1.70125e+14	3.63e-14	6.89e-07	1.00e+00
 1.76353e+14	4.16e-14	7.40e-07	1.00e+00
 1.82939e+14	4.79e-14	7.98e-07	1.00e+00
 1.88776e+14	5.40e-14	8.50e-07	1.00e+00
 1.95041e+14	6.10e-14	9.07e-07	1.00e+00
 2.02568e+14	7.02e-14	9.77e-07	1.00e+00
 2.10105e+14	8.04e-14	1.05e-06	1.00e+00
 2.16971e+14	9.06e-14	1.12e-06	1.00e+00
 2.24596e+14	1.03e-13	1.20e-06	1.00e+00
 2.33499e+14	1.18e-13	1.29e-06	1.00e+00
 2.42290e+14	1.35e-13	1.39e-06	1.00e+00
 2.50625e+14	1.53e-13	1.49e-06	1.00e+00
 2.59872e+14	1.74e-13	1.60e-06	1.00e+00
 2.70297e+14	2.00e-13	1.73e-06	1.00e+00
 2.79134e+14	2.24e-13	1.84e-06	1.00e+00
 2.85605e+14	2.43e-13	1.92e-06	1.00e+00
 2.92386e+14	2.64e-13	2.02e-06	1.00e+00
 3.01200e+14	2.92e-13	2.14e-06	1.00e+00
 3.10994e+14	3.27e-13	2.28e-06	1.00e+00
 3.20123e+14	3.61e-13	2.41e-06	1.00e+00
 3.30053e+14	4.02e-13	2.56e-06	1.00e+00
 3.41142e+14	4.50e-13	2.73e-06	1.00e+00
 3.51661e+14	5.00e-13	2.90e-06	1.00e+00
 3.63261e+14	5.58e-13	3.09e-06	1.00e+00
 3.76237e+14	6.29e-13	3.31e-06	1.00e+00
 3.88422e+14	7.01e-13	3.53e-06	1.00e+00
 4.01682e+14	7.84e-13	3.78e-06	1.00e+00
 4.16374e+14	8.85e-13	4.05e-06	1.00e+00
 4.29963e+14	9.88e-13	4.33e-06	1.00e+00
 4.44663e+14	1.10e-12	4.62e-06	1.00e+00
 4.61058e+14	1.25e-12	4.98e-06	1.00e+00
 4.76372e+14	1.39e-12	5.32e-06	1.00e+00
 4.92997e+14	1.56e-12	5.70e-06	1.00e+00
 5.11528e+14	1.76e-12	6.14e-06	1.00e+00
 5.28845e+14	1.97e-12	6.58e-06	1.00e+00
 5.47665e+14	2.21e-12	7.05e-06	1.00e+00
 5.68645e+14	2.51e-12	7.63e-06	1.00e+00
 5.88231e+14	2.81e-12	8.17e-06	1.00e+00
 6.09438e+14	3.15e-12	8.80e-06	1.00e+00
 6.33077e+14	3.57e-12	9.50e-06	1.00e+00
 6.55514e+14	4.01e-12	1.02e-05	1.00e+00
 6.75648e+14	4.42e-12	1.09e-05	1.00e+00
 6.97206e+14	4.93e-12	1.16e-05	1.00e+00
 7.19414e+14	5.45e-12	1.24e-05	1.00e+00
 7.37787e+14	5.91e-12	1.31e-05	1.00e+00
 7.56989e+14	6.44e-12	1.38e-05	1.00e+00
 7.81952e+14	7.17e-12	1.48e-05	1.00e+00
 8.07822e+14	7.96e-12	1.58e-05	1.00e+00
 8.29577e+14	8.71e-12	1.67e-05	1.00e+00
 8.52564e+14	9.50e-12	1.77e-05	1.00e+00
 8.82447e+14	1.07e-11	1.90e-05	1.00e+00
 9.13431e+14	1.19e-11	2.04e-05	1.00e+00
 9.39596e+14	1.31e-11	2.17e-05	1.00e+00
 9.67361e+14	1.44e-11	2.30e-05	1.00e+00
 1.00273e+15	1.62e-11	2.49e-05	1.00e+00
 1.03954e+15	1.82e-11	2.68e-05	1.00e+00
 1.07193e+15	2.03e-11	2.86e-05	1.00e+00
 1.10703e+15	2.25e-11	3.06e-05	1.00e+00
 1.14943e+15	2.56e-11	3.32e-05	1.00e+00
 1.19165e+15	2.87e-11	3.58e-05	1.00e+00
 1.22949e+15	3.21e-11	3.83e-05	1.00e+00
 1.27129e+15	3.57e-11	4.11e-05	1.00e+00
 1.32083e+15	4.10e-11	4.46e-05	1.00e+00
 1.36990e+15	4.61e-11	4.82e-05	1.00e+00
 1.41535e+15	5.21e-11	5.18e-05	1.00e+00
 1.45456e+15	5.73e-11	5.49e-05	1.00e+00
 1.48726e+15	6.19e-11	5.76e-05	1.00e+00
 1.52358e+15	6.71e-11	6.07e-05	1.00e+00
 1.57079e+15	7.53e-11	6.49e-05	1.00e+00
 1.62018e+15	8.41e-11	6.95e-05	1.00e+00
 1.66205e+15	9.16e-11	7.34e-05	1.00e+00
 1.70615e+15	1.02e-10	7.78e-05	1.00e+00
 1.76347e+15	1.15e-10	8.38e-05	1.00e+00
 1.82260e+15	1.29e-10	9.00e-05	1.00e+00
 1.87190e+15	1.43e-10	9.56e-05	1.00e+00
 1.92380e+15	1.58e-10	1.02e-04	1.00e+00
 1.99126e+15	1.82e-10	1.10e-04	1.00e+00
 2.06178e+15	2.09e-10	1.19e-04	1.00e+00
 2.12197e+15	2.33e-10	1.27e-04	1.00e+00
 2.18595e+15	2.60e-10	1.36e-04	1.00e+00
 2.26657e+15	3.05e-10	1.47e-04	1.00e+00
 2.35032e+15	3.52e-10	1.60e-04	1.00e+00
 2.42419e+15	4.02e-10	1.72e-04	1.00e+00
 2.50370e+15	4.59e-10	1.85e-04	1.00e+00
 2.59963e+15	5.34e-10	2.02e-04	1.00e+00
 2.69509e+15	6.25e-10	2.20e-04	1.00e+00
 2.78050e+15	7.16e-10	2.36e-04	1.00e+00
 2.85327e+15	7.94e-10	2.50e-04	1.00e+00
 2.91585e+15	8.73e-10	2.63e-04	1.00e+00
 2.98657e+15	9.59e-10	2.78e-04	1.00e+00
 3.07850e+15	1.11e-09	2.99e-04	1.00e+00
 3.17291e+15	1.26e-09	3.20e-04	1.00e+00
 3.25047e+15	1.40e-09	3.39e-04	1.00e+00
 3.33122e+15	1.54e-09	3.58e-04	1.00e+00
 3.43619e+15	1.79e-09	3.85e-04	1.00e+00
 3.54499e+15	2.05e-09	4.14e-04	1.00e+00
 3.63623e+15	2.26e-09	4.39e-04	1.00e+00
 3.73229e+15	2.58e-09	4.67e-04	1.00e+00
 3.85718e+15	2.98e-09	5.04e-04	9.99e-01
 3.98727e+15	3.43e-09	5.44e-04	9.99e-01
 4.09766e+15	3.83e-09	5.79e-04	9.99e-01
 4.21469e+15	4.40e-09	6.19e-04	9.99e-01
 4.36646e+15	5.13e-09	6.71e-04	9.99e-01
 4.52605e+15	6.06e-09	7.29e-04	9.99e-01
 4.66465e+15	6.81e-09	7.81e-04	9.99e-01
 4.81334e+15	7.93e-09	8.41e-04	9.99e-01
 4.99535e+15	9.43e-09	9.16e-04	9.99e-01
 5.17975e+15	1.11e-08	9.96e-04	9.99e-01
 5.34463e+15	1.26e-08	1.07e-03	9.99e-01
 5.48349e+15	1.42e-08	1.13e-03	9.99e-01
 5.60173e+15	1.56e-08	1.19e-03	9.99e-01
 5.73470e+15	1.73e-08	1.26e-03	9.99e-01
 5.90757e+15	1.97e-08	1.35e-03	9.99e-01
 6.08649e+15	2.22e-08	1.44e-03	9.99e-01
 6.23466e+15	2.48e-08	1.53e-03	9.98e-01
 6.38871e+15	2.79e-08	1.61e-03	9.98e-01
 6.58897e+15	3.21e-08	1.74e-03	9.98e-01
 6.79597e+15	3.67e-08	1.86e-03	9.98e-01
 6.96749e+15	4.11e-08	1.97e-03	9.98e-01
 7.14623e+15	4.60e-08	2.09e-03	9.98e-01
 7.37859e+15	5.34e-08	2.26e-03	9.98e-01
 7.61966e+15	6.10e-08	2.43e-03	9.98e-01
 7.82283e+15	6.80e-08	2.59e-03	9.97e-01
 8.03772e+15	7.65e-08	2.76e-03	9.97e-01
 8.31709e+15	9.11e-08	2.99e-03	9.97e-01
 8.59811e+15	1.03e-07	3.24e-03	9.97e-01
 8.83009e+15	1.16e-07	3.45e-03	9.97e-01
 9.08045e+15	1.32e-07	3.70e-03	9.96e-01
 9.40591e+15	1.59e-07	4.03e-03	9.96e-01
 9.72733e+15	1.83e-07	4.38e-03	9.96e-01
 9.98199e+15	2.06e-07	4.67e-03	9.95e-01
 1.02516e+16	2.33e-07	5.00e-03	9.95e-01
 1.05233e+16	2.61e-07	5.34e-03	9.95e-01
 1.07532e+16	2.86e-07	5.64e-03	9.94e-01
 1.10076e+16	3.18e-07	6.00e-03	9.94e-01
 1.12832e+16	3.65e-07	6.42e-03	9.94e-01
 1.15261e+16	4.02e-07	6.79e-03	9.93e-01
 1.17813e+16	4.45e-07	7.21e-03	9.93e-01
 1.21131e+16	5.16e-07	7.82e-03	9.92e-01
 1.24359e+16	5.80e-07	8.41e-03	9.92e-01
 1.26939e+16	6.38e-07	8.93e-03	9.91e-01
 1.29765e+16	7.13e-07	9.56e-03	9.90e-01
 1.33438e+16	8.48e-07	1.05e-02	9.90e-01
 1.36930e+16	9.64e-07	1.13e-02	9.89e-01
 1.39520e+16	1.07e-06	1.21e-02	9.88e-01
 1.42221e+16	1.18e-06	1.29e-02	9.87e-01
 1.45733e+16	1.39e-06	1.41e-02	9.86e-01
 1.49271e+16	1.58e-06	1.55e-02	9.85e-01
 1.52128e+16	1.78e-06	1.67e-02	9.83e-01
 1.54658e+16	2.02e-06	1.79e-02	9.82e-01
 1.56916e+16	2.24e-06	1.90e-02	9.81e-01
 1.59291e+16	2.47e-06	2.04e-02	9.80e-01
 1.62379e+16	2.95e-06	2.25e-02	9.78e-01
 1.65443e+16	3.37e-06	2.47e-02	9.75e-01
 1.67817e+16	3.76e-06	2.66e-02	9.73e-01
 1.70241e+16	4.27e-06	2.90e-02	9.71e-01
 1.72877e+16	4.94e-06	3.19e-02	9.68e-01
 1.75197e+16	5.66e-06	3.48e-02	9.65e-01
 1.77214e+16	6.42e-06	3.78e-02	9.62e-01
 1.79109e+16	7.26e-06	4.09e-02	9.59e-01
 1.81252e+16	8.39e-06	4.51e-02	9.55e-01
 1.83529e+16	1.00e-05	5.01e-02	9.50e-01
 1.85397e+16	1.16e-05	5.50e-02	9.45e-01
 1.86942e+16	1.32e-05	5.97e-02	9.40e-01
 1.88420e+16	1.48e-05	6.48e-02	9.35e-01
 1.90109e+16	1.69e-05	7.16e-02	9.28e-01
 1.91979e+16	2.00e-05	8.03e-02	9.20e-01
 1.93622e+16	2.35e-05	8.95e-02	9.11e-01
 1.94956e+16	2.76e-05	9.83e-02	9.02e-01
 1.96102e+16	3.13e-05	1.07e-01	8.93e-01
 1.97168e+16	3.53e-05	1.16e-01	8.84e-01
 1.98380e+16	4.02e-05	1.28e-01	8.72e-01
 1.99955e+16	4.97e-05	1.46e-01	8.54e-01
 2.01329e+16	5.95e-05	1.65e-01	8.35e-01
 2.02150e+16	6.70e-05	1.78e-01	8.22e-01
 2.02726e+16	7.28e-05	1.88e-01	8.12e-01
 2.03272e+16	7.88e-05	1.99e-01	8.01e-01
 2.03983e+16	8.65e-05	2.13e-01	7.87e-01
 2.04907e+16	1.01e-04	2.34e-01	7.66e-01
 2.05709e+16	1.13e-04	2.54e-01	7.46e-01
 2.06192e+16	1.23e-04	2.67e-01	7.33e-01
 2.06655e+16	1.32e-04	2.81e-01	7.19e-01
 2.07257e+16	1.45e-04	2.99e-01	7.01e-01
 2.08040e+16	1.66e-04	3.25e-01	6.75e-01
 2.08726e+16	1.85e-04	3.49e-01	6.51e-01
 2.09180e+16	1.99e-04	3.66e-01	6.34e-01
 2.09662e+16	2.14e-04	3.85e-01	6.15e-01
 2.10289e+16	2.39e-04	4.11e-01	5.89e-01
 2.10899e+16	2.63e-04	4.37e-01	5.63e-01
 2.11391e+16	2.83e-04	4.58e-01	5.41e-01
 2.11934e+16	3.10e-04	4.83e-01	5.16e-01
 2.12520e+16	3.39e-04	5.10e-01	4.89e-01
 2.13162e+16	3.75e-04	5.40e-01	4.59e-01
 2.13854e+16	4.13e-04	5.72e-01	4.27e-01
 2.14483e+16	4.50e-04	6.01e-01	3.99e-01
 2.15174e+16	4.95e-04	6.33e-01	3.67e-01
 2.15944e+16	5.45e-04	6.66e-01	3.33e-01
 2.16677e+16	5.94e-04	6.96e-01	3.03e-01
 2.17493e+16	6.53e-04	7.29e-01	2.71e-01
 2.18230e+16	7.03e-04	7.54e-01	2.46e-01
 2.18709e+16	7.36e-04	7.69e-01	2.30e-01
 2.19174e+16	7.71e-04	7.84e-01	2.15e-01
 2.19779e+16	8.15e-04	8.02e-01	1.97e-01
 2.20457e+16	8.65e-04	8.21e-01	1.78e-01
 2.21095e+16	9.12e-04	8.36e-01	1.63e-01
 2.21699e+16	9.59e-04	8.50e-01	1.49e-01
 2.22392e+16	1.01e-03	8.64e-01	1.35e-01
 2.23146e+16	1.07e-03	8.78e-01	1.21e-01
 2.23810e+16	1.12e-03	8.88e-01	1.11e-01
 2.24398e+16	1.17e-03	8.97e-01	1.02e-01
 2.25057e+16	1.23e-03	9.06e-01	9.30e-02
 2.25778e+16	1.29e-03	9.14e-01	8.42e-02
 2.26429e+16	1.35e-03	9.21e-01	7.74e-02
 2.27017e+16	1.41e-03	9.27e-01	7.16e-02
 2.27677e+16	1.48e-03	9.33e-01	6.56e-02
 2.28390e+16	1.56e-03	9.39e-01	5.99e-02
 2.29014e+16	1.63e-03	9.43e-01	5.56e-02
 2.29564e+16	1.69e-03	9.46e-01	5.19e-02
 2.30177e+16	1.77e-03	9.50e-01	4.80e-02
 2.30855e+16	1.87e-03	9.54e-01	4.43e-02
 2.31459e+16	1.96e-03	9.57e-01	4.13e-02
 2.31986e+16	2.05e-03	9.59e-01	3.89e-02
 2.32569e+16	2.15e-03	9.62e-01	3.63e-02
 2.33207e+16	2.27e-03	9.64e-01	3.38e-02
 2.33767e+16	2.39e-03	9.66e-01	3.18e-02
 2.34248e+16	2.50e-03	9.67e-01	3.02e-02
 2.34775e+16	2.63e-03	9.69e-01	2.84e-02
 2.35361e+16	2.79e-03	9.71e-01	2.66e-02
 2.35894e+16	2.95e-03	9.72e-01	2.52e-02
 2.36355e+16	3.11e-03	9.73e-01	2.40e-02
 2.36852e+16	3.28e-03	9.74e-01	2.28e-02
 2.37403e+16	3.51e-03	9.75e-01	2.15e-02
 2.37900e+16	3.74e-03	9.76e-01	2.05e-02
 2.38343e+16	3.95e-03	9.76e-01	1.96e-02
 2.38837e+16	4.23e-03	9.77e-01	1.86e-02
 2.39385e+16	4.58e-03	9.78e-01	1.76e-02
 2.39885e+16	4.94e-03	9.78e-01	1.68e-02
 2.40336e+16	5.31e-03	9.79e-01	1.62e-02
 2.40839e+16	5.78e-03	9.79e-01	1.54e-02
 2.41390e+16	6.39e-03	9.79e-01	1.46e-02
 2.41868e+16	7.03e-03	9.79e-01	1.40e-02
 2.42264e+16	7.66e-03	9.79e-01	1.35e-02
 2.42687e+16	8.41e-03	9.79e-01	1.29e-02
 2.43127e+16	9.33e-03	9.78e-01	1.25e-02
 2.43475e+16	1.03e-02	9.78e-01	1.21e-02
 2.43749e+16	1.11e-02	9.77e-01	1.19e-02
 2.44040e+16	1.20e-02	9.76e-01	1.16e-02
 2.44418e+16	1.35e-02	9.75e-01	1.12e-02
 2.44791e+16	1.53e-02	9.74e-01	1.09e-02
 2.45055e+16	1.69e-02	9.72e-01	1.07e-02
 2.45252e+16	1.82e-02	9.71e-01	1.06e-02
 2.45462e+16	1.98e-02	9.70e-01	1.05e-02
 2.45734e+16	2.22e-02	9.67e-01	1.03e-02
 2.46020e+16	2.53e-02	9.64e-01	1.02e-02
 2.46247e+16	2.84e-02	9.61e-01	1.01e-02
 2.46429e+16	3.12e-02	9.59e-01	1.01e-02
 2.46625e+16	3.47e-02	9.55e-01	1.00e-02
 2.46879e+16	4.00e-02	9.50e-01	1.00e-02
 2.47124e+16	4.65e-02	9.43e-01	1.01e-02
 2.47294e+16	5.22e-02	9.38e-01	1.01e-02
 2.47425e+16	5.70e-02	9.33e-01	1.02e-02
 2.47569e+16	6.30e-02	9.27e-01	1.03e-02
 2.47747e+16	7.16e-02	9.18e-01	1.05e-02
 2.47923e+16	8.18e-02	9.08e-01	1.07e-02
 2.48061e+16	9.14e-02	8.98e-01	1.09e-02
 2.48175e+16	1.00e-01	8.89e-01	1.11e-02
 2.48280e+16	1.09e-01	8.80e-01	1.13e-02
 2.48382e+16	1.19e-01	8.70e-01	1.14e-02
 2.48464e+16	1.27e-01	8.61e-01	1.16e-02
 2.48516e+16	1.33e-01	8.55e-01	1.17e-02
 2.48563e+16	1.39e-01	8.50e-01	1.18e-02
 2.48619e+16	1.46e-01	8.42e-01	1.19e-02
 2.48680e+16	1.54e-01	8.34e-01	1.21e-02
 2.48740e+16	1.62e-01	8.26e-01	1.22e-02
 2.48796e+16	1.70e-01	8.18e-01	1.23e-02
 2.48850e+16	1.79e-01	8.09e-01	1.24e-02
 2.48906e+16	1.88e-01	8.00e-01	1.26e-02
 2.48962e+16	1.97e-01	7.90e-01	1.27e-02
 2.49017e+16	2.08e-01	7.80e-01	1.28e-02
 2.49072e+16	2.18e-01	7.69e-01	1.30e-02
 2.49125e+16	2.29e-01	7.58e-01	1.31e-02
 2.49180e+16	2.41e-01	7.46e-01	1.32e-02
 2.49234e+16	2.52e-01	7.34e-01	1.33e-02
 2.49288e+16	2.65e-01	7.21e-01	1.34e-02
 2.49343e+16	2.79e-01	7.08e-01	1.35e-02
 2.49396e+16	2.92e-01	6.94e-01	1.36e-02
 2.49449e+16	3.06e-01	6.80e-01	1.37e-02
 2.49503e+16	3.21e-01	6.65e-01	1.38e-02
 2.49557e+16	3.36e-01	6.50e-01	1.39e-02
 2.49611e+16	3.53e-01	6.33e-01	1.39e-02
 2.49665e+16	3.69e-01	6.17e-01	1.39e-02
 2.49720e+16	3.86e-01	6.00e-01	1.39e-02
 2.49775e+16	4.04e-01	5.82e-01	1.39e-02
 2.49830e+16	4.23e-01	5.64e-01	1.39e-02
 2.49885e+16	4.41e-01	5.45e-01	1.38e-02
 2.49942e+16	4.60e-01	5.26e-01	1.38e-02
 2.49998e+16	4.80e-01	5.06e-01	1.37e-02
 2.50055e+16	4.99e-01	4.87e-01	1.36e-02
 2.50111e+16	5.19e-01	4.68e-01	1.34e-02
 2.50167e+16	5.38e-01	4.49e-01	1.32e-02
 2.50224e+16	5.57e-01	4.30e-01	1.30e-02
 2.50283e+16	5.77e-01	4.10e-01	1.28e-02
 2.50342e+16	5.96e-01	3.92e-01	1.26e-02
 2.50402e+16	6.15e-01	3.73e-01	1.23e-02
 2.50466e+16	6.34e-01	3.54e-01	1.20e-02
 2.50532e+16	6.52e-01	3.36e-01	1.17e-02
 2.50600e+16	6.70e-01	3.18e-01	1.13e-02
 2.50674e+16	6.88e-01	3.01e-01	1.10e-02
 2.50752e+16	7.05e-01	2.85e-01	1.06e-02
 2.50837e+16	7.21e-01	2.69e-01	1.02e-02
 2.50932e+16	7.37e-01	2.53e-01	9.75e-03
 2.51040e+16	7.52e-01	2.39e-01	9.31e-03
 2.51159e+16	7.65e-01	2.26e-01	8.92e-03
 2.51280e+16	7.76e-01	2.16e-01	8.57e-03
 2.51401e+16	7.84e-01	2.08e-01	8.27e-03
 2.51520e+16	7.90e-01	2.02e-01	8.02e-03
 2.51639e+16	7.95e-01	1.97e-01	7.81e-03
 2.51775e+16	8.00e-01	1.93e-01	7.61e-03
 2.51952e+16	8.04e-01	1.88e-01	7.38e-03
 2.52182e+16	8.09e-01	1.84e-01	7.13e-03
 2.52481e+16	8.14e-01	1.80e-01	6.82e-03
 2.52870e+16	8.19e-01	1.75e-01	6.48e-03
 2.53375e+16	8.24e-01	1.69e-01	6.07e-03
 2.54033e+16	8.31e-01	1.63e-01	5.60e-03
 2.54795e+16	8.39e-01	1.56e-01	5.11e-03
 2.55555e+16	8.45e-01	1.50e-01	4.68e-03
 2.56281e+16	8.52e-01	1.44e-01	4.31e-03
 2.56866e+16	8.56e-01	1.40e-01	4.05e-03
 2.57277e+16	8.59e-01	1.37e-01	3.86e-03
 2.57656e+16	8.62e-01	1.34e-01	3.70e-03
 2.58065e+16	8.65e-01	1.31e-01	3.53e-03
 2.58489e+16	8.68e-01	1.28e-01	3.37e-03
 2.58898e+16	8.71e-01	1.25e-01	3.22e-03
 2.59290e+16	8.74e-01	1.23e-01	3.08e-03
 2.59670e+16	8.77e-01	1.20e-01	2.96e-03
 2.60046e+16	8.79e-01	1.18e-01	2.84e-03
 2.60417e+16	8.81e-01	1.16e-01	2.72e-03
 2.60781e+16	8.84e-01	1.14e-01	2.62e-03
 2.61139e+16	8.86e-01	1.12e-01	2.52e-03
 2.61493e+16	8.88e-01	1.10e-01	2.43e-03
 2.61841e+16	8.90e-01	1.08e-01	2.34e-03
 2.62183e+16	8.92e-01	1.06e-01	2.25e-03
 2.62520e+16	8.94e-01	1.04e-01	2.17e-03
 2.62852e+16	8.96e-01	1.02e-01	2.10e-03
 2.63181e+16	8.97e-01	1.01e-01	2.02e-03
 2.63505e+16	8.99e-01	9.91e-02	1.96e-03
 2.63826e+16	9.01e-01	9.75e-02	1.89e-03
 2.64144e+16	9.02e-01	9.60e-02	1.83e-03
 2.64459e+16	9.04e-01	9.45e-02	1.77e-03
 2.64772e+16	9.05e-01	9.30e-02	1.71e-03
 2.65084e+16	9.07e-01	9.16e-02	1.66e-03
 2.65396e+16	9.08e-01	9.02e-02	1.60e-03
 2.65706e+16	9.10e-01	8.89e-02	1.55e-03
 2.66016e+16	9.11e-01	8.75e-02	1.50e-03
 2.66327e+16	9.12e-01	8.62e-02	1.45e-03
 2.66641e+16	9.14e-01	8.49e-02	1.41e-03
 2.66957e+16	9.15e-01	8.36e-02	1.36e-03
 2.67280e+16	9.16e-01	8.23e-02	1.32e-03
 2.67614e+16	9.18e-01	8.09e-02	1.27e-03
 2.67962e+16	9.19e-01	7.96e-02	1.23e-03
 2.68322e+16	9.21e-01	7.82e-02	1.18e-03
 2.68697e+16	9.22e-01	7.68e-02	1.14e-03
 2.69093e+16	9.24e-01	7.53e-02	1.09e-03
 2.69520e+16	9.25e-01	7.38e-02	1.04e-03
 2.69988e+16	9.27e-01	7.21e-02	9.94e-04
 2.70509e+16	9.29e-01	7.03e-02	9.42e-04
 2.71095e+16	9.31e-01	6.83e-02	8.86e-04
 2.71714e+16	9.33e-01	6.63e-02	8.32e-04
 2.72309e+16	9.35e-01	6.45e-02	7.83e-04
 2.72860e+16	9.36e-01	6.28e-02	7.41e-04
 2.73362e+16	9.38e-01	6.13e-02	7.05e-04
 2.73818e+16	9.39e-01	6.00e-02	6.73e-04
 2.74233e+16	9.40e-01	5.89e-02	6.46e-04
 2.74611e+16	9.42e-01	5.78e-02	6.21e-04
 2.74955e+16	9.43e-01	5.69e-02	6.00e-04
 2.75332e+16	9.44e-01	5.58e-02	5.76e-04
 2.75738e+16	9.45e-01	5.48e-02	5.54e-04
 2.76108e+16	9.46e-01	5.38e-02	5.33e-04
 2.76445e+16	9.47e-01	5.29e-02	5.14e-04
 2.76752e+16	9.47e-01	5.21e-02	4.98e-04
 2.77088e+16	9.48e-01	5.12e-02	4.81e-04
 2.77450e+16	9.49e-01	5.03e-02	4.63e-04
 2.77780e+16	9.50e-01	4.94e-02	4.46e-04
 2.78080e+16	9.51e-01	4.87e-02	4.32e-04
 2.78354e+16	9.52e-01	4.80e-02	4.20e-04
 2.78653e+16	9.52e-01	4.73e-02	4.06e-04
 2.78976e+16	9.53e-01	4.65e-02	3.92e-04
 2.79270e+16	9.54e-01	4.58e-02	3.80e-04
 2.79538e+16	9.54e-01	4.52e-02	3.69e-04
 2.79831e+16	9.55e-01	4.44e-02	3.57e-04
 2.80148e+16	9.56e-01	4.37e-02	3.44e-04
 2.80436e+16	9.57e-01	4.30e-02	3.34e-04
 2.80698e+16	9.57e-01	4.25e-02	3.24e-04
 2.80937e+16	9.58e-01	4.19e-02	3.16e-04
 2.81198e+16	9.58e-01	4.13e-02	3.06e-04
 2.81481e+16	9.59e-01	4.07e-02	2.96e-04
 2.81738e+16	9.60e-01	4.01e-02	2.88e-04
 2.81971e+16	9.60e-01	3.96e-02	2.80e-04
 2.82228e+16	9.61e-01	3.90e-02	2.72e-04
 2.82504e+16	9.61e-01	3.84e-02	2.64e-04
 2.82756e+16	9.62e-01	3.79e-02	2.56e-04
 2.82985e+16	9.62e-01	3.74e-02	2.50e-04
 2.83236e+16	9.63e-01	3.69e-02	2.42e-04
 2.83507e+16	9.63e-01	3.63e-02	2.35e-04
 2.83753e+16	9.64e-01	3.58e-02	2.28e-04
 2.83977e+16	9.64e-01	3.54e-02	2.23e-04
 2.84223e+16	9.65e-01	3.49e-02	2.16e-04
 2.84489e+16	9.65e-01	3.44e-02	2.10e-04
 2.84730e+16	9.66e-01	3.39e-02	2.04e-04
 2.84950e+16	9.66e-01	3.35e-02	1.99e-04
 2.85191e+16	9.67e-01	3.30e-02	1.94e-04
 2.85451e+16	9.67e-01	3.26e-02	1.88e-04
 2.85687e+16	9.68e-01	3.22e-02	1.83e-04
 2.85947e+16	9.68e-01	3.17e-02	1.78e-04
 2.86227e+16	9.69e-01	3.12e-02	1.72e-04
 2.86481e+16	9.69e-01	3.08e-02	1.67e-04
 2.86713e+16	9.69e-01	3.04e-02	1.63e-04
 2.86967e+16	9.70e-01	2.99e-02	1.58e-04
 2.87241e+16	9.70e-01	2.95e-02	1.54e-04
 2.87491e+16	9.71e-01	2.91e-02	1.50e-04
 2.87764e+16	9.71e-01	2.87e-02	1.45e-04
 2.88059e+16	9.72e-01	2.82e-02	1.41e-04
 2.88328e+16	9.72e-01	2.78e-02	1.37e-04
 2.88622e+16	9.72e-01	2.74e-02	1.33e-04
 2.88940e+16	9.73e-01	2.69e-02	1.28e-04
 2.89229e+16	9.73e-01	2.65e-02	1.25e-04
 2.89492e+16	9.74e-01	2.62e-02	1.21e-04
 2.89781e+16	9.74e-01	2.58e-02	1.18e-04
 2.90092e+16	9.75e-01	2.54e-02	1.14e-04
 2.90375e+16	9.75e-01	2.50e-02	1.11e-04
 2.90686e+16	9.75e-01	2.46e-02	1.07e-04
 2.91021e+16	9.76e-01	2.42e-02	1.04e-04
 2.91326e+16	9.76e-01	2.38e-02	1.00e-04
 2.91660e+16	9.76e-01	2.34e-02	9.70e-05
 2.92021e+16	9.77e-01	2.30e-02	9.36e-05
 2.92349e+16	9.77e-01	2.26e-02	9.07e-05
 2.92648e+16	9.78e-01	2.23e-02	8.82e-05
 2.92975e+16	9.78e-01	2.19e-02	8.52e-05
 2.93329e+16	9.78e-01	2.16e-02	8.24e-05
 2.93650e+16	9.79e-01	2.12e-02	8.00e-05
 2.94003e+16	9.79e-01	2.09e-02	7.71e-05
 2.94383e+16	9.79e-01	2.05e-02	7.44e-05
 2.94729e+16	9.80e-01	2.02e-02	7.21e-05
 2.95109e+16	9.80e-01	1.98e-02	6.94e-05
 2.95518e+16	9.81e-01	1.94e-02	6.69e-05
 2.95891e+16	9.81e-01	1.91e-02	6.47e-05
 2.96230e+16	9.81e-01	1.88e-02	6.28e-05
 2.96602e+16	9.81e-01	1.85e-02	6.05e-05
 2.97003e+16	9.82e-01	1.81e-02	5.84e-05
 2.97368e+16	9.82e-01	1.78e-02	5.66e-05
 2.97768e+16	9.82e-01	1.75e-02	5.45e-05
 2.98200e+16	9.83e-01	1.72e-02	5.25e-05
 2.98594e+16	9.83e-01	1.69e-02	5.07e-05
 2.99024e+16	9.83e-01	1.65e-02	4.87e-05
 2.99489e+16	9.84e-01	1.62e-02	4.68e-05
 2.99912e+16	9.84e-01	1.59e-02	4.52e-05
 3.00376e+16	9.84e-01	1.56e-02	4.34e-05
 3.00877e+16	9.85e-01	1.53e-02	4.16e-05
 3.01332e+16	9.85e-01	1.50e-02	4.01e-05
 3.01747e+16	9.85e-01	1.47e-02	3.87e-05
 3.02201e+16	9.86e-01	1.44e-02	3.72e-05
 3.02692e+16	9.86e-01	1.41e-02	3.58e-05
 3.03138e+16	9.86e-01	1.39e-02	3.46e-05
 3.03627e+16	9.86e-01	1.36e-02	3.31e-05
 3.04155e+16	9.87e-01	1.33e-02	3.18e-05
 3.04635e+16	9.87e-01	1.31e-02	3.06e-05
 3.05162e+16	9.87e-01	1.28e-02	2.93e-05
 3.05730e+16	9.87e-01	1.25e-02	2.81e-05
 3.06247e+16	9.88e-01	1.23e-02	2.70e-05
 3.06814e+16	9.88e-01	1.20e-02	2.58e-05
 3.07426e+16	9.88e-01	1.17e-02	2.46e-05
 3.07983e+16	9.89e-01	1.15e-02	2.36e-05
 3.08593e+16	9.89e-01	1.12e-02	2.25e-05
 3.09251e+16	9.89e-01	1.09e-02	2.15e-05
 3.09851e+16	9.89e-01	1.07e-02	2.06e-05
 3.10508e+16	9.90e-01	1.04e-02	1.96e-05
 3.11217e+16	9.90e-01	1.01e-02	1.86e-05
 3.11862e+16	9.90e-01	9.92e-03	1.78e-05
 3.12569e+16	9.90e-01	9.65e-03	1.69e-05
 3.13332e+16	9.91e-01	9.40e-03	1.60e-05
 3.14027e+16	9.91e-01	9.18e-03	1.53e-05
 3.14788e+16	9.91e-01	8.92e-03	1.44e-05
 3.15610e+16	9.91e-01	8.68e-03	1.37e-05
 3.16358e+16	9.92e-01	8.46e-03	1.30e-05
 3.17177e+16	9.92e-01	8.22e-03	1.23e-05
 3.18062e+16	9.92e-01	7.98e-03	1.16e-05
 3.18867e+16	9.92e-01	7.78e-03	1.10e-05
 3.19749e+16	9.92e-01	7.54e-03	1.04e-05
 3.20701e+16	9.93e-01	7.31e-03	9.77e-06
 3.21568e+16	9.93e-01	7.12e-03	9.26e-06
 3.22518e+16	9.93e-01	6.89e-03	8.69e-06
 3.23543e+16	9.93e-01	6.68e-03	8.16e-06
 3.24476e+16	9.94e-01	6.49e-03	7.72e-06
 3.25498e+16	9.94e-01	6.28e-03	7.22e-06
 3.26760e+16	9.94e-01	6.03e-03	6.67e-06
 3.28154e+16	9.94e-01	5.77e-03	6.13e-06
 3.29613e+16	9.94e-01	5.52e-03	5.62e-06
 3.31142e+16	9.95e-01	5.28e-03	5.14e-06
 3.32730e+16	9.95e-01	5.04e-03	4.68e-06
 3.34378e+16	9.95e-01	4.80e-03	4.26e-06
 3.36073e+16	9.95e-01	4.57e-03	3.87e-06
 3.37795e+16	9.96e-01	4.35e-03	3.52e-06
 3.39542e+16	9.96e-01	4.15e-03	3.19e-06
 3.41319e+16	9.96e-01	3.95e-03	2.90e-06
 3.43130e+16	9.96e-01	3.76e-03	2.63e-06
 3.44974e+16	9.96e-01	3.57e-03	2.38e-06
 3.46851e+16	9.97e-01	3.40e-03	2.16e-06
 3.48760e+16	9.97e-01	3.23e-03	1.95e-06
 3.50702e+16	9.97e-01	3.07e-03	1.76e-06
 3.52678e+16	9.97e-01	2.92e-03	1.59e-06
 3.54688e+16	9.97e-01	2.77e-03	1.44e-06
 3.56698e+16	9.97e-01	2.63e-03	1.30e-06
 3.58738e+16	9.97e-01	2.50e-03	1.17e-06
 3.60856e+16	9.98e-01	2.37e-03	1.06e-06
 3.63021e+16	9.98e-01	2.25e-03	9.50e-07
 3.65215e+16	9.98e-01	2.13e-03	8.54e-07
 3.67443e+16	9.98e-01	2.01e-03	7.66e-07
 3.69713e+16	9.98e-01	1.91e-03	6.87e-07
 3.72026e+16	9.98e-01	1.80e-03	6.15e-07
 3.74381e+16	9.98e-01	1.70e-03	5.50e-07
 3.76780e+16	9.98e-01	1.61e-03	4.91e-07
 3.79224e+16	9.98e-01	1.52e-03	4.38e-07
 3.81716e+16	9.99e-01	1.43e-03	3.90e-07
 3.84258e+16	9.99e-01	1.35e-03	3.47e-07
 3.86851e+16	9.99e-01	1.27e-03	3.08e-07
 3.89498e+16	9.99e-01	1.20e-03	2.72e-07
 3.92200e+16	9.99e-01	1.12e-03	2.41e-07
 3.94959e+16	9.99e-01	1.05e-03	2.13e-07
 3.97780e+16	9.99e-01	9.89e-04	1.87e-07
 4.00666e+16	9.99e-01	9.27e-04	1.64e-07
 4.03618e+16	9.99e-01	8.66e-04	1.44e-07
 4.06641e+16	9.99e-01	8.10e-04	1.26e-07
 4.09739e+16	9.99e-01	7.56e-04	1.10e-07
 4.12921e+16	9.99e-01	7.05e-04	9.56e-08
 4.16141e+16	9.99e-01	6.57e-04	8.31e-08
 4.19440e+16	9.99e-01	6.11e-04	7.19e-08
 4.22877e+16	9.99e-01	5.67e-04	6.19e-08
 4.26436e+16	9.99e-01	5.24e-04	5.30e-08
 4.30127e+16	1.00e+00	4.84e-04	4.52e-08
 4.33945e+16	1.00e+00	4.45e-04	3.83e-08
 4.37900e+16	1.00e+00	4.09e-04	3.23e-08
 4.42009e+16	1.00e+00	3.74e-04	2.71e-08
 4.46292e+16	1.00e+00	3.42e-04	2.26e-08
 4.50766e+16	1.00e+00	3.10e-04	1.86e-08
 4.55459e+16	1.00e+00	2.81e-04	1.53e-08
 4.60408e+16	1.00e+00	2.53e-04	1.24e-08
 4.65638e+16	1.00e+00	2.26e-04	9.93e-09
 4.71178e+16	1.00e+00	2.01e-04	7.86e-09
 4.77129e+16	1.00e+00	1.78e-04	6.12e-09
 4.83549e+16	1.00e+00	1.55e-04	4.68e-09
 4.90466e+16	1.00e+00	1.35e-04	3.51e-09
 4.98015e+16	1.00e+00	1.15e-04	2.57e-09
 5.06382e+16	1.00e+00	9.68e-05	1.82e-09
 5.15687e+16	1.00e+00	8.00e-05	1.24e-09
 5.26633e+16	1.00e+00	6.38e-05	7.91e-10
 5.39117e+16	1.00e+00	4.98e-05	4.83e-10
 5.51853e+16	1.00e+00	3.89e-05	2.94e-10
 5.64305e+16	1.00e+00	3.06e-05	1.83e-10
 5.76612e+16	1.00e+00	2.42e-05	1.15e-10
 5.89066e+16	1.00e+00	1.92e-05	7.21e-11
 6.01809e+16	1.00e+00	1.52e-05	4.52e-11
 6.14827e+16	1.00e+00	1.20e-05	2.83e-11
 6.28024e+16	1.00e+00	9.48e-06	1.78e-11
 6.41442e+16	1.00e+00	7.51e-06	1.12e-11
 6.55202e+16	1.00e+00	5.94e-06	7.02e-12
 6.69261e+16	1.00e+00	4.69e-06	4.38e-12
 6.83494e+16	1.00e+00	3.72e-06	2.76e-12
 6.98029e+16	1.00e+00	2.95e-06	1.75e-12
 7.13145e+16	1.00e+00	2.33e-06	1.09e-12
 7.28755e+16	1.00e+00	1.83e-06	6.77e-13
 7.44709e+16	1.00e+00	1.44e-06	4.21e-13
 7.61100e+16	1.00e+00	1.14e-06	2.62e-13
 7.78058e+16	1.00e+00	8.93e-07	1.61e-13
 7.95641e+16	1.00e+00	6.98e-07	9.90e-14
 8.13883e+16	1.00e+00	5.44e-07	6.02e-14
 8.32858e+16	1.00e+00	4.22e-07	3.63e-14
 8.52697e+16	1.00e+00	3.26e-07	2.17e-14
 8.73587e+16	1.00e+00	2.50e-07	1.27e-14
 8.95748e+16	1.00e+00	1.89e-07	7.34e-15
 9.19463e+16	1.00e+00	1.42e-07	4.13e-15
 9.44597e+16	1.00e+00	1.05e-07	2.28e-15
 9.70292e+16	1.00e+00	7.84e-08	1.26e-15
 9.95845e+16	1.00e+00	5.89e-08	7.14e-16
 1.02116e+17	1.00e+00	4.47e-08	4.11e-16
 1.04635e+17	1.00e+00	3.41e-08	2.40e-16
 1.07144e+17	1.00e+00	2.62e-08	1.42e-16
 1.09632e+17	1.00e+00	2.03e-08	8.51e-17
 1.12083e+17	1.00e+00	1.59e-08	5.21e-17
 1.14484e+17	1.00e+00	1.25e-08	3.24e-17
 1.16828e+17	1.00e+00	9.98e-09	2.06e-17
 1.19109e+17	1.00e+00	8.03e-09	1.34e-17
 1.21320e+17	1.00e+00	6.53e-09	8.83e-18
 1.23455e+17	1.00e+00	5.36e-09	5.96e-18
 1.25511e+17	1.00e+00	4.44e-09	4.10e-18
 1.27484e+17	1.00e+00	3.72e-09	2.88e-18
 1.29373e+17	1.00e+00	3.15e-09	2.06e-18
 1.31180e+17	1.00e+00	2.69e-09	1.50e-18
 1.32905e+17	1.00e+00	2.31e-09	1.12e-18
 1.34549e+17	1.00e+00	2.01e-09	8.42e-19
 1.36113e+17	1.00e+00	1.76e-09	6.46e-19
 1.37600e+17	1.00e+00	1.55e-09	5.03e-19
 1.39013e+17	1.00e+00	1.38e-09	3.97e-19
 1.40355e+17	1.00e+00	1.23e-09	3.18e-19
 1.41631e+17	1.00e+00	1.11e-09	2.58e-19
 1.42843e+17	1.00e+00	1.01e-09	2.12e-19
 1.43992e+17	1.00e+00	9.18e-10	1.76e-19
 1.45081e+17	1.00e+00	8.40e-10	1.48e-19
 1.46115e+17	1.00e+00	7.74e-10	1.25e-19
 1.47096e+17	1.00e+00	7.15e-10	1.07e-19
 1.48028e+17	1.00e+00	6.64e-10	9.23e-20
 1.48913e+17	1.00e+00	6.19e-10	8.03e-20
 1.49753e+17	1.00e+00	5.80e-10	7.04e-20
 1.50550e+17	1.00e+00	5.45e-10	6.21e-20
 1.51308e+17	1.00e+00	5.13e-10	5.52e-20
 1.52028e+17	1.00e+00	4.86e-10	4.94e-20
 1.52713e+17	1.00e+00	4.60e-10	4.44e-20
 1.53364e+17	1.00e+00	4.38e-10	4.02e-20
 1.53984e+17	1.00e+00	4.18e-10	3.66e-20
 1.54574e+17	1.00e+00	3.99e-10	3.34e-20
 1.55135e+17	1.00e+00	3.82e-10	3.07e-20
 1.55670e+17	1.00e+00	3.67e-10	2.83e-20
 1.56181e+17	1.00e+00	3.53e-10	2.62e-20
 1.56667e+17	1.00e+00	3.40e-10	2.43e-20
 1.57132e+17	1.00e+00	3.29e-10	2.27e-20
 1.57576e+17	1.00e+00	3.18e-10	2.12e-20
 1.58001e+17	1.00e+00	3.08e-10	1.99e-20
 1.58407e+17	1.00e+00	2.98e-10	1.87e-20
 1.58797e+17	1.00e+00	2.90e-10	1.76e-20
 1.59171e+17	1.00e+00	2.82e-10	1.67e-20
 1.59530e+17	1.00e+00	2.74e-10	1.58e-20
 1.59875e+17	1.00e+00	2.67e-10	1.50e-20
 1.60208e+17	1.00e+00	2.61e-10	1.43e-20
 1.60528e+17	1.00e+00	2.55e-10	1.36e-20
 1.60839e+17	1.00e+00	2.49e-10	1.30e-20
 1.61139e+17	1.00e+00	2.43e-10	1.24e-20
 1.61431e+17	1.00e+00	2.38e-10	1.19e-20
 1.61716e+17	1.00e+00	2.33e-10	1.14e-20
 1.61993e+17	1.00e+00	2.28e-10	1.10e-20
 1.62265e+17	1.00e+00	2.24e-10	1.05e-20
 1.62532e+17	1.00e+00	2.19e-10	1.01e-20
 1.62796e+17	1.00e+00	2.15e-10	9.75e-21
 1.63058e+17	1.00e+00	2.11e-10	0.00e+00
 1.63319e+17	1.00e+00	2.07e-10	0.00e+00
 1.63580e+17	1.00e+00	2.03e-10	0.00e+00
 1.63844e+17	1.00e+00	1.99e-10	0.00e+00
 1.64113e+17	1.00e+00	1.95e-10	0.00e+00
 1.64388e+17	1.00e+00	1.92e-10	0.00e+00
 1.64674e+17	1.00e+00	1.87e-10	0.00e+00
 1.64973e+17	1.00e+00	1.83e-10	0.00e+00
 1.65290e+17	1.00e+00	1.79e-10	0.00e+00
 1.65632e+17	1.00e+00	1.75e-10	0.00e+00
 1.66007e+17	1.00e+00	1.70e-10	0.00e+00
 1.66425e+17	1.00e+00	1.65e-10	0.00e+00
 1.66905e+17	1.00e+00	1.59e-10	0.00e+00
 1.67469e+17	1.00e+00	1.52e-10	0.00e+00
 1.68153e+17	1.00e+00	1.45e-10	0.00e+00
 1.69015e+17	1.00e+00	1.36e-10	0.00e+00
 1.70128e+17	1.00e+00	1.25e-10	0.00e+00
 1.71574e+17	1.00e+00	1.13e-10	0.00e+00
 1.73455e+17	1.00e+00	9.81e-11	0.00e+00
 1.75900e+17	1.00e+00	8.23e-11	0.00e+00
 1.79078e+17	1.00e+00	6.56e-11	0.00e+00
 1.83210e+17	1.00e+00	4.92e-11	0.00e+00
 1.88582e+17	1.00e+00	3.42e-11	0.00e+00
 1.94780e+17	1.00e+00	2.29e-11	0.00e+00
 2.01197e+17	1.00e+00	1.55e-11	0.00e+00
 2.07768e+17	1.00e+00	1.07e-11	0.00e+00
 2.14402e+17	1.00e+00	7.57e-12	0.00e+00
 2.21037e+17	1.00e+00	5.59e-12	0.00e+00
 2.27671e+17	1.00e+00	4.30e-12	0.00e+00
 2.34306e+17	1.00e+00	3.45e-12	0.00e+00
 2.40940e+17	1.00e+00	2.89e-12	0.00e+00
 2.47575e+17	1.00e+00	2.50e-12	0.00e+00
 2.54209e+17	1.00e+00	2.23e-12	0.00e+00
 2.60843e+17	1.00e+00	2.03e-12	0.00e+00
 2.67478e+17	1.00e+00	1.89e-12	0.00e+00
 2.74112e+17	1.00e+00	1.78e-12	0.00e+00
 2.80746e+17	1.00e+00	1.69e-12	0.00e+00
 2.87381e+17	1.00e+00	1.61e-12	0.00e+00
 2.94015e+17	1.00e+00	1.55e-12	0.00e+00
 3.01645e+17	1.00e+00	1.49e-12	0.00e+00
 3.11563e+17	1.00e+00	1.19e-12	0.00e+00
 3.23512e+17	1.00e+00	8.32e-13	0.00e+00
 3.36453e+17	1.00e+00	6.32e-13	0.00e+00
 3.49911e+17	1.00e+00	5.40e-13	0.00e+00
 3.63908e+17	1.00e+00	4.62e-13	0.00e+00
 3.77766e+17	1.00e+00	3.91e-13	0.00e+00
 3.90217e+17	1.00e+00	3.85e-13	0.00e+00
 4.00888e+17	1.00e+00	4.34e-13	0.00e+00
 4.10453e+17	1.00e+00	4.70e-13	0.00e+00
 4.21085e+17	1.00e+00	4.63e-13	0.00e+00
 4.32835e+17	1.00e+00	3.10e-13	0.00e+00
 4.42566e+17	1.00e+00	2.71e-13	0.00e+00
 4.48417e+17	1.00e+00	3.23e-13	0.00e+00
 4.51049e+17	1.00e+00	3.95e-13	0.00e+00
 4.52250e+17	1.00e+00	4.31e-13	0.00e+00
 4.52938e+17	1.00e+00	4.50e-13	0.00e+00
 4.53366e+17	1.00e+00	4.60e-13	0.00e+00
 4.53729e+17	1.00e+00	4.66e-13	0.00e+00
 4.54166e+17	1.00e+00	4.72e-13	0.00e+00
 4.54689e+17	1.00e+00	4.78e-13	0.00e+00
 4.55202e+17	1.00e+00	4.83e-13	0.00e+00
 4.55603e+17	1.00e+00	4.87e-13	0.00e+00
 4.55913e+17	1.00e+00	4.90e-13	0.00e+00
 4.56201e+17	1.00e+00	4.91e-13	0.00e+00
 4.56506e+17	1.00e+00	4.93e-13	0.00e+00
 4.56836e+17	1.00e+00	4.94e-13	0.00e+00
 4.57171e+17	1.00e+00	4.95e-13	0.00e+00
 4.57466e+17	1.00e+00	4.95e-13	0.00e+00
 4.57704e+17	1.00e+00	4.95e-13	0.00e+00
 4.57912e+17	1.00e+00	4.96e-13	0.00e+00
 4.58118e+17	1.00e+00	4.96e-13	0.00e+00
 4.58361e+17	1.00e+00	4.95e-13	0.00e+00
 4.58625e+17	1.00e+00	4.95e-13	0.00e+00
 4.58840e+17	1.00e+00	4.94e-13	0.00e+00
 4.59004e+17	1.00e+00	4.94e-13	0.00e+00
 4.59169e+17	1.00e+00	4.93e-13	0.00e+00
 4.59367e+17	1.00e+00	4.93e-13	0.00e+00
 4.59582e+17	1.00e+00	4.91e-13	0.00e+00
 4.59777e+17	1.00e+00	4.90e-13	0.00e+00
 4.59940e+17	1.00e+00	4.89e-13	0.00e+00
 4.60088e+17	1.00e+00	4.89e-13	0.00e+00
 4.60248e+17	1.00e+00	4.88e-13	0.00e+00
 4.60426e+17	1.00e+00	4.87e-13	0.00e+00
 4.60605e+17	1.00e+00	4.85e-13	0.00e+00
 4.60769e+17	1.00e+00	4.84e-13	0.00e+00
 4.60913e+17	1.00e+00	4.83e-13	0.00e+00
 4.61051e+17	1.00e+00	4.82e-13	0.00e+00
 4.61210e+17	1.00e+00	4.81e-13	0.00e+00
 4.61396e+17	1.00e+00	4.79e-13	0.00e+00
 4.61577e+17	1.00e+00	4.77e-13	0.00e+00
 4.61732e+17	1.00e+00	4.75e-13	0.00e+00
 4.61874e+17	1.00e+00	4.74e-13	0.00e+00
 4.62029e+17	1.00e+00	4.72e-13	0.00e+00
 4.62209e+17	1.00e+00	4.70e-13	0.00e+00
 4.62398e+17	1.00e+00	4.68e-13	0.00e+00
 4.62570e+17	1.00e+00	4.66e-13	0.00e+00
 4.62733e+17	1.00e+00	4.64e-13	0.00e+00
 4.62900e+17	1.00e+00	4.62e-13	0.00e+00
 4.63085e+17	1.00e+00	4.60e-13	0.00e+00
 4.63288e+17	1.00e+00	4.57e-13	0.00e+00
 4.63496e+17	1.00e+00	4.54e-13	0.00e+00
 4.63695e+17	1.00e+00	4.51e-13	0.00e+00
 4.63874e+17	1.00e+00	4.49e-13	0.00e+00
 4.64058e+17	1.00e+00	4.47e-13	0.00e+00
 4.64284e+17	1.00e+00	4.44e-13	0.00e+00
 4.64530e+17	1.00e+00	4.40e-13	0.00e+00
 4.64757e+17	1.00e+00	4.36e-13	0.00e+00
 4.64963e+17	1.00e+00	4.33e-13	0.00e+00
 4.65183e+17	1.00e+00	4.30e-13	0.00e+00
 4.65436e+17	1.00e+00	4.26e-13	0.00e+00
 4.65702e+17	1.00e+00	4.22e-13	0.00e+00
 4.65958e+17	1.00e+00	4.18e-13	0.00e+00
 4.66211e+17	1.00e+00	4.14e-13	0.00e+00
 4.66479e+17	1.00e+00	4.10e-13	0.00e+00
 4.66762e+17	1.00e+00	4.06e-13	0.00e+00
 4.67056e+17	1.00e+00	4.01e-13	0.00e+00
 4.67355e+17	1.00e+00	3.96e-13	0.00e+00
 4.67653e+17	1.00e+00	3.91e-13	0.00e+00
 4.67931e+17	1.00e+00	3.86e-13	0.00e+00
 4.68226e+17	1.00e+00	3.82e-13	0.00e+00
 4.68587e+17	1.00e+00	3.76e-13	0.00e+00
 4.68977e+17	1.00e+00	3.69e-13	0.00e+00
 4.69340e+17	1.00e+00	3.63e-13	0.00e+00
 4.69672e+17	1.00e+00	3.57e-13	0.00e+00
 4.70010e+17	1.00e+00	3.52e-13	0.00e+00
 4.70396e+17	1.00e+00	3.46e-13	0.00e+00
 4.70823e+17	1.00e+00	3.38e-13	0.00e+00
 4.71246e+17	1.00e+00	3.31e-13	0.00e+00
 4.71642e+17	1.00e+00	3.24e-13	0.00e+00
 4.72048e+17	1.00e+00	3.18e-13	0.00e+00
 4.72496e+17	1.00e+00	3.10e-13	0.00e+00
 4.72967e+17	1.00e+00	3.02e-13	0.00e+00
 4.73430e+17	1.00e+00	2.95e-13	0.00e+00
 4.73884e+17	1.00e+00	2.87e-13	0.00e+00
 4.74355e+17	1.00e+00	2.80e-13	0.00e+00
 4.74852e+17	1.00e+00	2.72e-13	0.00e+00
 4.75366e+17	1.00e+00	2.64e-13	0.00e+00
 4.75889e+17	1.00e+00	2.56e-13	0.00e+00
 4.76419e+17	1.00e+00	2.47e-13	0.00e+00
 4.76951e+17	1.00e+00	2.39e-13	0.00e+00
 4.77499e+17	1.00e+00	2.31e-13	0.00e+00
 4.78072e+17	1.00e+00	2.23e-13	0.00e+00
 4.78661e+17	1.00e+00	2.14e-13	0.00e+00
 4.79253e+17	1.00e+00	2.06e-13	0.00e+00
 4.79851e+17	1.00e+00	1.97e-13	0.00e+00
 4.80464e+17	1.00e+00	1.89e-13	0.00e+00
 4.81097e+17	1.00e+00	1.81e-13	0.00e+00
 4.81742e+17	1.00e+00	1.72e-13	0.00e+00
 4.82389e+17	1.00e+00	1.64e-13	0.00e+00
 4.83054e+17	1.00e+00	1.56e-13	0.00e+00
 4.83754e+17	1.00e+00	1.47e-13	0.00e+00
 4.84481e+17	1.00e+00	1.39e-13	0.00e+00
 4.85192e+17	1.00e+00	1.30e-13	0.00e+00
 4.85883e+17	1.00e+00	1.23e-13	0.00e+00
 4.86599e+17	1.00e+00	1.16e-13	0.00e+00
 4.87401e+17	1.00e+00	1.08e-13	0.00e+00
 4.88269e+17	1.00e+00	1.00e-13	0.00e+00
 4.89132e+17	1.00e+00	9.22e-14	0.00e+00
 4.89964e+17	1.00e+00	8.49e-14	0.00e+00
 4.90715e+17	1.00e+00	7.83e-14	0.00e+00
 4.91355e+17	1.00e+00	7.30e-14	0.00e+00
 4.91913e+17	1.00e+00	6.88e-14	0.00e+00
 4.92444e+17	1.00e+00	6.51e-14	0.00e+00
 4.92973e+17	1.00e+00	6.16e-14	0.00e+00
 4.93490e+17	1.00e+00	5.82e-14	0.00e+00
 4.93975e+17	1.00e+00	5.51e-14	0.00e+00
 4.94418e+17	1.00e+00	5.24e-14	0.00e+00
 4.94829e+17	1.00e+00	4.99e-14	0.00e+00
 4.95227e+17	1.00e+00	4.77e-14	0.00e+00
 4.95620e+17	1.00e+00	4.56e-14	0.00e+00
 4.96004e+17	1.00e+00	4.36e-14	0.00e+00
 4.96369e+17	1.00e+00	4.17e-14	0.00e+00
 4.96714e+17	1.00e+00	4.00e-14	0.00e+00
 4.97045e+17	1.00e+00	3.84e-14	0.00e+00
 4.97368e+17	1.00e+00	3.68e-14	0.00e+00
 4.97685e+17	1.00e+00	3.54e-14	0.00e+00
 4.97991e+17	1.00e+00	3.40e-14	0.00e+00
 4.98286e+17	1.00e+00	3.27e-14	0.00e+00
 4.98569e+17	1.00e+00	3.15e-14	0.00e+00
 4.98842e+17	1.00e+00	3.04e-14	0.00e+00
 4.99110e+17	1.00e+00	2.93e-14	0.00e+00
 4.99370e+17	1.00e+00	2.82e-14	0.00e+00
 4.99623e+17	1.00e+00	2.73e-14	0.00e+00
 4.99867e+17	1.00e+00	2.63e-14	0.00e+00
 5.00104e+17	1.00e+00	2.54e-14	0.00e+00
 5.00334e+17	1.00e+00	2.46e-14	0.00e+00
 5.00558e+17	1.00e+00	2.37e-14	0.00e+00
 5.00774e+17	1.00e+00	2.30e-14	0.00e+00
 5.01016e+17	1.00e+00	2.22e-14	0.00e+00
 5.01331e+17	1.00e+00	2.13e-14	0.00e+00
 5.01741e+17	1.00e+00	2.01e-14	0.00e+00
 5.02273e+17	1.00e+00	1.87e-14	0.00e+00
 5.02965e+17	1.00e+00	1.69e-14	0.00e+00
