#depth	C	C+	C+2	C+3	C+4	C+5	C+6	C[1]	C[2]	C[3]	C+[1]	C+[2]	CO
 1.49634e+10	0.00e+00	0.00e+00	1.44e-26	4.82e-17	9.51e-07	2.52e-02	9.75e-01	0.00e+00	0.00e+00	0.00e+00	0.00e+00	0.00e+00	0.00e+00
 4.54887e+10	0.00e+00	1.75e-36	1.97e-26	6.12e-17	1.11e-06	2.72e-02	9.73e-01	0.00e+00	0.00e+00	0.00e+00	0.00e+00	0.00e+00	2.03e-237
 7.72350e+10	3.46e-47	2.60e-36	2.71e-26	7.76e-17	1.31e-06	2.94e-02	9.71e-01	0.00e+00	0.00e+00	0.00e+00	0.00e+00	0.00e+00	9.28e-145
 1.10251e+11	0.00e+00	3.87e-36	3.72e-26	9.84e-17	1.53e-06	3.17e-02	9.68e-01	0.00e+00	0.00e+00	0.00e+00	0.00e+00	0.00e+00	5.04e-212
 1.42356e+11	8.69e-47	5.61e-36	5.01e-26	1.23e-16	1.77e-06	3.41e-02	9.66e-01	0.00e+00	0.00e+00	0.00e+00	0.00e+00	0.00e+00	9.19e-144
 1.72727e+11	0.00e+00	7.89e-36	6.58e-26	1.51e-16	2.03e-06	3.64e-02	9.64e-01	0.00e+00	0.00e+00	0.00e+00	0.00e+00	0.00e+00	2.00e-211
 2.06546e+11	2.03e-46	1.14e-35	8.82e-26	1.88e-16	2.35e-06	3.90e-02	9.61e-01	0.00e+00	0.00e+00	0.00e+00	0.00e+00	0.00e+00	7.58e-143
 2.43821e+11	0.00e+00	1.68e-35	1.20e-25	2.37e-16	2.75e-06	4.21e-02	9.58e-01	0.00e+00	0.00e+00	0.00e+00	0.00e+00	0.00e+00	6.43e-211
 2.79829e+11	5.01e-46	2.42e-35	1.61e-25	2.95e-16	3.18e-06	4.51e-02	9.55e-01	0.00e+00	0.00e+00	0.00e+00	0.00e+00	0.00e+00	7.15e-142
 3.18191e+11	0.00e+00	0.00e+00	2.17e-25	3.69e-16	3.69e-06	4.84e-02	9.52e-01	0.00e+00	0.00e+00	0.00e+00	0.00e+00	0.00e+00	2.30e-210
 3.60846e+11	0.00e+00	5.24e-35	2.99e-25	4.70e-16	4.33e-06	5.22e-02	9.48e-01	0.00e+00	0.00e+00	0.00e+00	0.00e+00	0.00e+00	1.52e-161
 4.03392e+11	2.02e-45	7.70e-35	4.07e-25	5.91e-16	5.05e-06	5.62e-02	9.44e-01	0.00e+00	0.00e+00	0.00e+00	0.00e+00	0.00e+00	1.67e-230
 4.47640e+11	0.00e+00	1.13e-34	5.55e-25	7.46e-16	5.90e-06	6.04e-02	9.40e-01	0.00e+00	0.00e+00	0.00e+00	0.00e+00	0.00e+00	2.05e-160
 4.95472e+11	5.20e-45	1.70e-34	7.66e-25	9.49e-16	6.92e-06	6.52e-02	9.35e-01	0.00e+00	0.00e+00	0.00e+00	0.00e+00	0.00e+00	7.03e-230
 5.45218e+11	0.00e+00	2.54e-34	1.06e-24	1.21e-15	8.13e-06	7.03e-02	9.30e-01	0.00e+00	0.00e+00	0.00e+00	0.00e+00	0.00e+00	3.11e-159
 5.96953e+11	1.37e-44	3.81e-34	1.46e-24	1.54e-15	9.55e-06	7.57e-02	9.24e-01	0.00e+00	0.00e+00	0.00e+00	0.00e+00	0.00e+00	2.15e-229
 6.50758e+11	0.00e+00	5.71e-34	2.02e-24	1.96e-15	1.12e-05	8.16e-02	9.18e-01	0.00e+00	0.00e+00	0.00e+00	0.00e+00	0.00e+00	4.75e-158
 7.01710e+11	3.48e-44	8.27e-34	2.72e-24	2.45e-15	1.30e-05	8.73e-02	9.13e-01	0.00e+00	0.00e+00	0.00e+00	0.00e+00	0.00e+00	0.00e+00
 7.48064e+11	0.00e+00	1.15e-33	3.53e-24	2.98e-15	1.48e-05	9.26e-02	9.07e-01	0.00e+00	0.00e+00	0.00e+00	0.00e+00	0.00e+00	4.94e-157
 8.00576e+11	7.93e-44	1.64e-33	4.70e-24	3.69e-15	1.71e-05	9.89e-02	9.01e-01	0.00e+00	0.00e+00	0.00e+00	0.00e+00	0.00e+00	0.00e+00
 8.61825e+11	0.00e+00	2.46e-33	6.50e-24	4.70e-15	2.00e-05	1.06e-01	8.94e-01	0.00e+00	0.00e+00	0.00e+00	0.00e+00	0.00e+00	6.42e-156
 9.23115e+11	2.06e-43	3.63e-33	8.87e-24	5.93e-15	2.34e-05	1.14e-01	8.86e-01	0.00e+00	0.00e+00	0.00e+00	0.00e+00	0.00e+00	0.00e+00
 9.86857e+11	0.00e+00	5.38e-33	1.21e-23	7.49e-15	2.73e-05	1.22e-01	8.78e-01	0.00e+00	0.00e+00	0.00e+00	0.00e+00	0.00e+00	8.83e-155
 1.04886e+12	5.13e-43	7.77e-33	1.63e-23	9.33e-15	3.16e-05	1.30e-01	8.70e-01	0.00e+00	0.00e+00	0.00e+00	0.00e+00	0.00e+00	0.00e+00
 1.10168e+12	0.00e+00	1.05e-32	2.07e-23	1.12e-14	3.56e-05	1.37e-01	8.63e-01	0.00e+00	0.00e+00	0.00e+00	0.00e+00	0.00e+00	8.38e-154
 1.15881e+12	1.09e-42	1.45e-32	2.68e-23	1.35e-14	4.03e-05	1.45e-01	8.55e-01	0.00e+00	0.00e+00	0.00e+00	0.00e+00	0.00e+00	0.00e+00
 1.22988e+12	0.00e+00	2.13e-32	3.65e-23	1.70e-14	4.69e-05	1.55e-01	8.45e-01	0.00e+00	0.00e+00	0.00e+00	0.00e+00	0.00e+00	8.96e-153
 1.30199e+12	2.72e-42	3.11e-32	4.93e-23	2.13e-14	5.44e-05	1.65e-01	8.35e-01	0.00e+00	0.00e+00	0.00e+00	0.00e+00	0.00e+00	0.00e+00
 1.36495e+12	0.00e+00	4.28e-32	6.36e-23	2.58e-14	6.16e-05	1.74e-01	8.26e-01	0.00e+00	0.00e+00	0.00e+00	0.00e+00	0.00e+00	9.22e-152
 1.43315e+12	5.98e-42	5.99e-32	8.32e-23	3.15e-14	7.03e-05	1.84e-01	8.16e-01	0.00e+00	0.00e+00	0.00e+00	0.00e+00	0.00e+00	0.00e+00
 1.51609e+12	0.00e+00	8.90e-32	1.14e-22	3.98e-14	8.20e-05	1.96e-01	8.03e-01	0.00e+00	0.00e+00	0.00e+00	0.00e+00	0.00e+00	1.07e-150
 1.59918e+12	1.53e-41	1.31e-31	1.55e-22	4.99e-14	9.51e-05	2.09e-01	7.91e-01	0.00e+00	0.00e+00	0.00e+00	0.00e+00	0.00e+00	3.87e-223
 1.67320e+12	0.00e+00	1.81e-31	2.01e-22	6.06e-14	1.08e-04	2.20e-01	7.80e-01	0.00e+00	0.00e+00	0.00e+00	0.00e+00	0.00e+00	1.16e-149
 1.75447e+12	3.46e-41	2.58e-31	2.66e-22	7.46e-14	1.24e-04	2.33e-01	7.67e-01	0.00e+00	0.00e+00	0.00e+00	0.00e+00	0.00e+00	0.00e+00
 1.85137e+12	0.00e+00	3.86e-31	3.67e-22	9.47e-14	1.44e-04	2.48e-01	7.52e-01	0.00e+00	0.00e+00	0.00e+00	0.00e+00	0.00e+00	1.46e-148
 1.94822e+12	9.01e-41	5.71e-31	5.01e-22	1.19e-13	1.68e-04	2.63e-01	7.37e-01	0.00e+00	0.00e+00	0.00e+00	0.00e+00	0.00e+00	0.00e+00
 2.03786e+12	0.00e+00	8.08e-31	6.61e-22	1.46e-13	1.91e-04	2.77e-01	7.23e-01	0.00e+00	0.00e+00	0.00e+00	0.00e+00	0.00e+00	1.73e-147
 2.13821e+12	2.16e-40	1.18e-30	8.93e-22	1.82e-13	2.21e-04	2.93e-01	7.07e-01	0.00e+00	0.00e+00	0.00e+00	0.00e+00	0.00e+00	0.00e+00
 2.25004e+12	0.00e+00	1.77e-30	1.23e-21	2.32e-13	2.57e-04	3.10e-01	6.89e-01	0.00e+00	0.00e+00	0.00e+00	0.00e+00	0.00e+00	2.41e-146
 2.35887e+12	5.58e-40	2.59e-30	1.67e-21	2.89e-13	2.97e-04	3.27e-01	6.72e-01	0.00e+00	0.00e+00	0.00e+00	0.00e+00	0.00e+00	3.11e-219
 2.46511e+12	0.00e+00	3.70e-30	2.21e-21	3.56e-13	3.39e-04	3.44e-01	6.56e-01	0.00e+00	0.00e+00	0.00e+00	0.00e+00	0.00e+00	2.87e-145
 2.58307e+12	1.37e-39	5.45e-30	3.01e-21	4.45e-13	3.91e-04	3.62e-01	6.38e-01	0.00e+00	0.00e+00	0.00e+00	0.00e+00	0.00e+00	5.78e-219
 2.71242e+12	0.00e+00	8.16e-30	4.14e-21	5.63e-13	4.54e-04	3.82e-01	6.18e-01	0.00e+00	0.00e+00	0.00e+00	0.00e+00	0.00e+00	4.09e-144
 2.83614e+12	3.51e-39	1.19e-29	5.57e-21	6.99e-13	5.20e-04	4.00e-01	5.99e-01	0.00e+00	0.00e+00	0.00e+00	0.00e+00	0.00e+00	0.00e+00
 2.95071e+12	0.00e+00	1.66e-29	7.26e-21	8.49e-13	5.88e-04	4.17e-01	5.82e-01	0.00e+00	0.00e+00	0.00e+00	0.00e+00	0.00e+00	4.46e-143
 3.07694e+12	8.08e-39	2.36e-29	9.60e-21	1.04e-12	6.68e-04	4.36e-01	5.64e-01	0.00e+00	0.00e+00	0.00e+00	0.00e+00	0.00e+00	0.00e+00
 3.20987e+12	0.00e+00	3.39e-29	1.28e-20	1.28e-12	7.60e-04	4.55e-01	5.45e-01	0.00e+00	0.00e+00	0.00e+00	0.00e+00	0.00e+00	5.03e-142
 3.32463e+12	1.81e-38	4.59e-29	1.62e-20	1.52e-12	8.47e-04	4.71e-01	5.28e-01	0.00e+00	0.00e+00	0.00e+00	0.00e+00	0.00e+00	4.90e-215
 3.44695e+12	0.00e+00	6.27e-29	2.08e-20	1.82e-12	9.45e-04	4.87e-01	5.12e-01	0.00e+00	0.00e+00	0.00e+00	0.00e+00	0.00e+00	4.03e-141
 3.60138e+12	4.17e-38	9.16e-29	2.80e-20	2.26e-12	1.08e-03	5.08e-01	4.91e-01	0.00e+00	0.00e+00	0.00e+00	0.00e+00	0.00e+00	0.00e+00
 3.76064e+12	0.00e+00	1.34e-28	3.77e-20	2.80e-12	1.23e-03	5.28e-01	4.71e-01	0.00e+00	0.00e+00	0.00e+00	0.00e+00	0.00e+00	5.28e-140
 3.90069e+12	9.73e-38	1.84e-28	4.85e-20	3.36e-12	1.37e-03	5.45e-01	4.53e-01	0.00e+00	0.00e+00	0.00e+00	0.00e+00	0.00e+00	0.00e+00
 4.05267e+12	0.00e+00	2.57e-28	6.30e-20	4.06e-12	1.54e-03	5.63e-01	4.35e-01	0.00e+00	0.00e+00	0.00e+00	0.00e+00	0.00e+00	4.92e-139
 4.23631e+12	2.35e-37	3.80e-28	8.57e-20	5.06e-12	1.76e-03	5.84e-01	4.14e-01	0.00e+00	0.00e+00	0.00e+00	0.00e+00	0.00e+00	0.00e+00
 4.42351e+12	0.00e+00	5.57e-28	1.16e-19	6.27e-12	2.00e-03	6.04e-01	3.94e-01	0.00e+00	0.00e+00	0.00e+00	0.00e+00	0.00e+00	6.90e-138
 4.59865e+12	5.68e-37	7.85e-28	1.51e-19	7.60e-12	2.24e-03	6.22e-01	3.76e-01	0.00e+00	0.00e+00	0.00e+00	0.00e+00	0.00e+00	0.00e+00
 4.79298e+12	0.00e+00	1.13e-27	2.02e-19	9.33e-12	2.53e-03	6.41e-01	3.56e-01	0.00e+00	0.00e+00	0.00e+00	0.00e+00	0.00e+00	7.90e-137
 5.01463e+12	1.45e-36	1.69e-27	2.76e-19	1.17e-11	2.88e-03	6.61e-01	3.36e-01	0.00e+00	0.00e+00	0.00e+00	0.00e+00	0.00e+00	0.00e+00
 5.23495e+12	0.00e+00	2.48e-27	3.73e-19	1.44e-11	3.26e-03	6.80e-01	3.17e-01	0.00e+00	0.00e+00	0.00e+00	0.00e+00	0.00e+00	1.18e-135
 5.46409e+12	3.67e-36	3.63e-27	5.02e-19	1.78e-11	3.69e-03	6.98e-01	2.98e-01	0.00e+00	0.00e+00	0.00e+00	0.00e+00	0.00e+00	0.00e+00
 5.71258e+12	0.00e+00	5.40e-27	6.85e-19	2.22e-11	4.18e-03	7.17e-01	2.79e-01	0.00e+00	0.00e+00	0.00e+00	0.00e+00	0.00e+00	1.73e-134
 5.94561e+12	9.22e-36	7.71e-27	9.05e-19	2.70e-11	4.68e-03	7.33e-01	2.63e-01	0.00e+00	0.00e+00	0.00e+00	0.00e+00	0.00e+00	0.00e+00
 6.15316e+12	0.00e+00	1.05e-26	1.15e-18	3.19e-11	5.14e-03	7.46e-01	2.49e-01	0.00e+00	0.00e+00	0.00e+00	0.00e+00	0.00e+00	1.71e-133
 6.38590e+12	2.01e-35	1.46e-26	1.49e-18	3.83e-11	5.70e-03	7.59e-01	2.35e-01	0.00e+00	0.00e+00	0.00e+00	0.00e+00	0.00e+00	0.00e+00
 6.66276e+12	0.00e+00	2.13e-26	2.00e-18	4.71e-11	6.40e-03	7.75e-01	2.19e-01	0.00e+00	0.00e+00	0.00e+00	0.00e+00	0.00e+00	2.02e-132
 6.94116e+12	4.99e-35	3.07e-26	2.66e-18	5.75e-11	7.15e-03	7.88e-01	2.04e-01	0.00e+00	0.00e+00	0.00e+00	0.00e+00	0.00e+00	9.09e-98
 7.20273e+12	7.47e-35	4.27e-26	3.44e-18	6.89e-11	7.90e-03	8.00e-01	1.92e-01	0.00e+00	0.00e+00	0.00e+00	0.00e+00	0.00e+00	0.00e+00
 7.49280e+12	1.15e-34	6.07e-26	4.52e-18	8.34e-11	8.77e-03	8.12e-01	1.79e-01	0.00e+00	0.00e+00	0.00e+00	0.00e+00	0.00e+00	1.65e-113
 7.78108e+12	1.74e-34	8.51e-26	5.89e-18	1.00e-10	9.70e-03	8.23e-01	1.67e-01	0.00e+00	0.00e+00	0.00e+00	0.00e+00	0.00e+00	1.40e-96
 8.01263e+12	2.39e-34	1.11e-25	7.22e-18	1.15e-10	1.05e-02	8.31e-01	1.58e-01	0.00e+00	0.00e+00	0.00e+00	0.00e+00	0.00e+00	0.00e+00
 8.25383e+12	3.30e-34	1.44e-25	8.87e-18	1.33e-10	1.13e-02	8.39e-01	1.50e-01	0.00e+00	0.00e+00	0.00e+00	0.00e+00	0.00e+00	2.50e-112
 8.56738e+12	4.95e-34	2.01e-25	1.15e-17	1.59e-10	1.25e-02	8.48e-01	1.40e-01	0.00e+00	0.00e+00	0.00e+00	0.00e+00	0.00e+00	1.41e-95
 8.89754e+12	7.49e-34	2.81e-25	1.50e-17	1.92e-10	1.37e-02	8.56e-01	1.30e-01	0.00e+00	0.00e+00	0.00e+00	0.00e+00	0.00e+00	2.08e-111
 9.18131e+12	1.05e-33	3.72e-25	1.86e-17	2.23e-10	1.49e-02	8.63e-01	1.22e-01	0.00e+00	0.00e+00	0.00e+00	0.00e+00	0.00e+00	7.35e-95
 9.48225e+12	1.50e-33	4.95e-25	2.33e-17	2.60e-10	1.62e-02	8.69e-01	1.15e-01	0.00e+00	0.00e+00	0.00e+00	0.00e+00	0.00e+00	1.25e-110
 9.86036e+12	2.29e-33	7.01e-25	3.05e-17	3.14e-10	1.78e-02	8.76e-01	1.06e-01	0.00e+00	0.00e+00	0.00e+00	0.00e+00	0.00e+00	4.02e-94
 1.02461e+13	3.47e-33	9.87e-25	3.99e-17	3.78e-10	1.97e-02	8.82e-01	9.79e-02	0.00e+00	0.00e+00	0.00e+00	0.00e+00	0.00e+00	1.11e-109
 1.05806e+13	4.92e-33	1.31e-24	4.98e-17	4.41e-10	2.13e-02	8.87e-01	9.16e-02	0.00e+00	0.00e+00	0.00e+00	0.00e+00	0.00e+00	2.14e-93
 1.09411e+13	7.05e-33	1.76e-24	6.27e-17	5.17e-10	2.31e-02	8.91e-01	8.54e-02	0.00e+00	0.00e+00	0.00e+00	0.00e+00	0.00e+00	7.01e-109
 1.13827e+13	1.08e-32	2.50e-24	8.25e-17	6.25e-10	2.55e-02	8.96e-01	7.85e-02	0.00e+00	0.00e+00	0.00e+00	0.00e+00	0.00e+00	1.20e-92
 1.18330e+13	1.64e-32	3.52e-24	1.08e-16	7.52e-10	2.81e-02	9.00e-01	7.22e-02	0.00e+00	0.00e+00	0.00e+00	0.00e+00	0.00e+00	6.33e-108
 1.22424e+13	2.36e-32	4.75e-24	1.36e-16	8.84e-10	3.05e-02	9.02e-01	6.71e-02	0.00e+00	0.00e+00	0.00e+00	0.00e+00	0.00e+00	6.63e-92
 1.26956e+13	3.48e-32	6.52e-24	1.75e-16	1.05e-09	3.33e-02	9.05e-01	6.20e-02	0.00e+00	0.00e+00	0.00e+00	0.00e+00	0.00e+00	4.52e-107
 1.32257e+13	5.38e-32	9.32e-24	2.32e-16	1.27e-09	3.67e-02	9.07e-01	5.66e-02	0.00e+00	0.00e+00	0.00e+00	0.00e+00	0.00e+00	4.00e-91
 1.37238e+13	7.96e-32	1.29e-23	2.99e-16	1.52e-09	4.01e-02	9.08e-01	5.21e-02	0.00e+00	0.00e+00	0.00e+00	0.00e+00	0.00e+00	3.95e-106
 1.41562e+13	1.10e-31	1.68e-23	3.69e-16	1.75e-09	4.31e-02	9.08e-01	4.86e-02	0.00e+00	0.00e+00	0.00e+00	0.00e+00	0.00e+00	1.92e-90
 1.46351e+13	1.56e-31	2.24e-23	4.61e-16	2.05e-09	4.66e-02	9.08e-01	4.51e-02	0.00e+00	0.00e+00	0.00e+00	0.00e+00	0.00e+00	2.34e-105
 1.52188e+13	2.35e-31	3.13e-23	6.00e-16	2.46e-09	5.10e-02	9.08e-01	4.12e-02	0.00e+00	0.00e+00	0.00e+00	0.00e+00	0.00e+00	1.01e-89
 1.58167e+13	3.51e-31	4.34e-23	7.78e-16	2.94e-09	5.58e-02	9.07e-01	3.77e-02	0.00e+00	0.00e+00	0.00e+00	0.00e+00	0.00e+00	1.98e-104
 1.63365e+13	4.90e-31	5.71e-23	9.65e-16	3.40e-09	6.00e-02	9.05e-01	3.50e-02	0.00e+00	0.00e+00	0.00e+00	0.00e+00	0.00e+00	5.05e-89
 1.68769e+13	6.83e-31	7.50e-23	1.20e-15	3.94e-09	6.45e-02	9.03e-01	3.25e-02	0.00e+00	0.00e+00	0.00e+00	0.00e+00	0.00e+00	1.17e-103
 1.75410e+13	1.01e-30	1.04e-22	1.54e-15	4.69e-09	7.03e-02	9.00e-01	2.97e-02	0.00e+00	0.00e+00	0.00e+00	0.00e+00	0.00e+00	2.52e-88
 1.81715e+13	1.45e-30	1.39e-22	1.94e-15	5.51e-09	7.59e-02	8.97e-01	2.73e-02	0.00e+00	0.00e+00	0.00e+00	0.00e+00	0.00e+00	8.74e-103
 1.86751e+13	1.91e-30	1.74e-22	2.32e-15	6.21e-09	8.05e-02	8.94e-01	2.56e-02	0.00e+00	0.00e+00	0.00e+00	0.00e+00	0.00e+00	1.03e-87
 1.92080e+13	2.53e-30	2.20e-22	2.78e-15	7.03e-09	8.55e-02	8.91e-01	2.40e-02	0.00e+00	0.00e+00	0.00e+00	0.00e+00	0.00e+00	3.92e-102
 1.99007e+13	3.61e-30	2.94e-22	3.49e-15	8.21e-09	9.21e-02	8.86e-01	2.20e-02	0.00e+00	0.00e+00	0.00e+00	0.00e+00	0.00e+00	4.25e-87
 2.06479e+13	5.21e-30	3.97e-22	4.42e-15	9.64e-09	9.95e-02	8.80e-01	2.02e-02	0.00e+00	0.00e+00	0.00e+00	0.00e+00	0.00e+00	2.76e-101
 2.13187e+13	7.15e-30	5.14e-22	5.40e-15	1.11e-08	1.06e-01	8.75e-01	1.87e-02	0.00e+00	0.00e+00	0.00e+00	0.00e+00	0.00e+00	1.97e-86
 2.20433e+13	9.93e-30	6.71e-22	6.66e-15	1.27e-08	1.14e-01	8.69e-01	1.73e-02	0.00e+00	0.00e+00	0.00e+00	0.00e+00	0.00e+00	1.60e-100
 2.29169e+13	1.45e-29	9.16e-22	8.48e-15	1.50e-08	1.23e-01	8.61e-01	1.57e-02	0.00e+00	0.00e+00	0.00e+00	0.00e+00	0.00e+00	9.83e-86
 2.37993e+13	2.10e-29	1.24e-21	1.07e-14	1.76e-08	1.32e-01	8.53e-01	1.43e-02	0.00e+00	0.00e+00	0.00e+00	0.00e+00	0.00e+00	1.25e-99
 2.45874e+13	2.88e-29	1.60e-21	1.31e-14	2.01e-08	1.41e-01	8.46e-01	1.32e-02	0.00e+00	0.00e+00	0.00e+00	0.00e+00	0.00e+00	4.68e-85
 2.54376e+13	4.00e-29	2.09e-21	1.61e-14	2.31e-08	1.50e-01	8.38e-01	1.22e-02	0.00e+00	0.00e+00	0.00e+00	0.00e+00	0.00e+00	7.45e-99
 2.64515e+13	5.83e-29	2.84e-21	2.04e-14	2.71e-08	1.62e-01	8.27e-01	1.11e-02	0.00e+00	0.00e+00	0.00e+00	0.00e+00	0.00e+00	2.37e-84
 2.74535e+13	8.33e-29	3.79e-21	2.55e-14	3.14e-08	1.73e-01	8.17e-01	1.01e-02	0.00e+00	0.00e+00	0.00e+00	0.00e+00	0.00e+00	5.72e-98
 2.83634e+13	1.14e-28	4.87e-21	3.09e-14	3.57e-08	1.83e-01	8.07e-01	9.30e-03	0.00e+00	0.00e+00	0.00e+00	0.00e+00	0.00e+00	1.12e-83
 2.93782e+13	1.59e-28	6.38e-21	3.79e-14	4.09e-08	1.95e-01	7.97e-01	8.52e-03	0.00e+00	0.00e+00	0.00e+00	0.00e+00	0.00e+00	3.49e-97
 3.05658e+13	2.31e-28	8.65e-21	4.79e-14	4.78e-08	2.09e-01	7.84e-01	7.70e-03	0.00e+00	0.00e+00	0.00e+00	0.00e+00	0.00e+00	5.87e-83
 3.16524e+13	3.22e-28	1.13e-20	5.87e-14	5.46e-08	2.21e-01	7.72e-01	7.04e-03	0.00e+00	0.00e+00	0.00e+00	0.00e+00	0.00e+00	2.55e-96
 3.24979e+13	4.12e-28	1.38e-20	6.83e-14	6.04e-08	2.31e-01	7.62e-01	6.58e-03	0.00e+00	0.00e+00	0.00e+00	0.00e+00	0.00e+00	2.29e-82
 3.33556e+13	5.26e-28	1.68e-20	7.93e-14	6.66e-08	2.41e-01	7.52e-01	6.15e-03	0.00e+00	0.00e+00	0.00e+00	0.00e+00	0.00e+00	1.03e-95
 3.44706e+13	7.15e-28	2.15e-20	9.57e-14	7.53e-08	2.55e-01	7.40e-01	5.64e-03	0.00e+00	0.00e+00	0.00e+00	0.00e+00	0.00e+00	8.45e-82
 3.56568e+13	9.81e-28	2.77e-20	1.16e-13	8.54e-08	2.69e-01	7.26e-01	5.16e-03	0.00e+00	0.00e+00	0.00e+00	0.00e+00	0.00e+00	6.06e-95
 3.66949e+13	1.28e-27	3.43e-20	1.36e-13	9.48e-08	2.81e-01	7.15e-01	4.78e-03	0.00e+00	0.00e+00	0.00e+00	0.00e+00	0.00e+00	3.38e-81
 3.78040e+13	1.69e-27	4.27e-20	1.61e-13	1.06e-07	2.94e-01	7.02e-01	4.41e-03	0.00e+00	0.00e+00	0.00e+00	0.00e+00	0.00e+00	2.87e-94
 3.92144e+13	2.36e-27	5.60e-20	1.98e-13	1.20e-07	3.10e-01	6.86e-01	3.99e-03	0.00e+00	0.00e+00	0.00e+00	0.00e+00	0.00e+00	1.47e-80
 4.06561e+13	3.30e-27	7.30e-20	2.41e-13	1.37e-07	3.27e-01	6.70e-01	3.61e-03	0.00e+00	0.00e+00	0.00e+00	0.00e+00	0.00e+00	1.98e-93
 4.18885e+13	4.33e-27	9.09e-20	2.84e-13	1.52e-07	3.41e-01	6.56e-01	3.33e-03	0.00e+00	0.00e+00	0.00e+00	0.00e+00	0.00e+00	6.33e-80
 4.32091e+13	5.75e-27	1.14e-19	3.36e-13	1.69e-07	3.55e-01	6.42e-01	3.05e-03	0.00e+00	0.00e+00	0.00e+00	0.00e+00	0.00e+00	9.94e-93
 4.48496e+13	8.07e-27	1.49e-19	4.12e-13	1.93e-07	3.74e-01	6.24e-01	2.74e-03	0.00e+00	0.00e+00	0.00e+00	0.00e+00	0.00e+00	2.86e-79
 4.65076e+13	1.12e-26	1.94e-19	5.01e-13	2.18e-07	3.92e-01	6.06e-01	2.47e-03	0.00e+00	0.00e+00	0.00e+00	0.00e+00	0.00e+00	6.96e-92
 4.79478e+13	1.48e-26	2.41e-19	5.89e-13	2.41e-07	4.07e-01	5.91e-01	2.26e-03	0.00e+00	0.00e+00	0.00e+00	0.00e+00	0.00e+00	1.25e-78
 4.95033e+13	1.97e-26	3.03e-19	6.97e-13	2.68e-07	4.23e-01	5.75e-01	2.06e-03	0.00e+00	0.00e+00	0.00e+00	0.00e+00	0.00e+00	3.63e-91
 5.14051e+13	2.76e-26	3.96e-19	8.50e-13	3.04e-07	4.43e-01	5.55e-01	1.84e-03	0.00e+00	0.00e+00	0.00e+00	0.00e+00	0.00e+00	5.79e-78
 5.33123e+13	3.81e-26	5.12e-19	1.03e-12	3.42e-07	4.62e-01	5.37e-01	1.65e-03	0.00e+00	0.00e+00	0.00e+00	0.00e+00	0.00e+00	2.56e-90
 5.49988e+13	5.03e-26	6.36e-19	1.21e-12	3.78e-07	4.78e-01	5.21e-01	1.50e-03	0.00e+00	0.00e+00	0.00e+00	0.00e+00	0.00e+00	2.56e-77
 5.68433e+13	6.73e-26	8.01e-19	1.43e-12	4.19e-07	4.95e-01	5.04e-01	1.35e-03	0.00e+00	0.00e+00	0.00e+00	0.00e+00	0.00e+00	1.39e-89
 5.90585e+13	9.42e-26	1.04e-18	1.74e-12	4.73e-07	5.15e-01	4.84e-01	1.20e-03	0.00e+00	0.00e+00	0.00e+00	0.00e+00	0.00e+00	1.22e-76
 6.12636e+13	1.30e-25	1.35e-18	2.09e-12	5.30e-07	5.34e-01	4.65e-01	1.07e-03	0.00e+00	0.00e+00	0.00e+00	0.00e+00	0.00e+00	9.91e-89
 6.32629e+13	1.72e-25	1.68e-18	2.46e-12	5.84e-07	5.51e-01	4.48e-01	9.64e-04	0.00e+00	0.00e+00	0.00e+00	0.00e+00	0.00e+00	5.50e-76
 6.54870e+13	2.32e-25	2.12e-18	2.92e-12	6.47e-07	5.68e-01	4.31e-01	8.62e-04	0.00e+00	0.00e+00	0.00e+00	0.00e+00	0.00e+00	1.17e-75
 6.80940e+13	3.25e-25	2.77e-18	3.54e-12	7.27e-07	5.88e-01	4.11e-01	7.58e-04	0.00e+00	0.00e+00	0.00e+00	0.00e+00	0.00e+00	2.74e-75
 7.06664e+13	4.48e-25	3.55e-18	4.24e-12	8.10e-07	6.07e-01	3.93e-01	6.71e-04	0.00e+00	0.00e+00	0.00e+00	0.00e+00	0.00e+00	6.17e-75
 7.30858e+13	5.98e-25	4.46e-18	4.99e-12	8.92e-07	6.23e-01	3.76e-01	6.00e-04	0.00e+00	0.00e+00	0.00e+00	0.00e+00	0.00e+00	1.29e-74
 7.57833e+13	8.16e-25	5.67e-18	5.94e-12	9.89e-07	6.41e-01	3.59e-01	5.31e-04	0.00e+00	0.00e+00	0.00e+00	0.00e+00	0.00e+00	2.84e-74
 7.88446e+13	1.14e-24	7.38e-18	7.18e-12	1.11e-06	6.60e-01	3.40e-01	4.64e-04	0.00e+00	0.00e+00	0.00e+00	0.00e+00	0.00e+00	6.71e-74
 8.18461e+13	1.57e-24	9.44e-18	8.56e-12	1.22e-06	6.77e-01	3.23e-01	4.08e-04	0.00e+00	0.00e+00	0.00e+00	0.00e+00	0.00e+00	1.52e-73
 8.45472e+13	2.06e-24	1.17e-17	9.97e-12	1.34e-06	6.91e-01	3.09e-01	3.65e-04	0.00e+00	0.00e+00	0.00e+00	0.00e+00	0.00e+00	3.08e-73
 8.74457e+13	2.74e-24	1.46e-17	1.17e-11	1.46e-06	7.06e-01	2.94e-01	3.24e-04	0.00e+00	0.00e+00	0.00e+00	0.00e+00	0.00e+00	6.44e-73
 9.04257e+13	3.63e-24	1.81e-17	1.36e-11	1.60e-06	7.20e-01	2.80e-01	2.88e-04	0.00e+00	0.00e+00	0.00e+00	0.00e+00	0.00e+00	1.33e-72
 9.28848e+13	4.55e-24	2.16e-17	1.54e-11	1.72e-06	7.31e-01	2.69e-01	2.62e-04	0.00e+00	0.00e+00	0.00e+00	0.00e+00	0.00e+00	2.40e-72
 9.54548e+13	5.72e-24	2.57e-17	1.74e-11	1.84e-06	7.41e-01	2.58e-01	2.38e-04	0.00e+00	0.00e+00	0.00e+00	0.00e+00	0.00e+00	4.37e-72
 9.87958e+13	7.63e-24	3.21e-17	2.04e-11	2.01e-06	7.55e-01	2.45e-01	2.11e-04	0.00e+00	0.00e+00	0.00e+00	0.00e+00	0.00e+00	9.23e-72
 1.02293e+14	1.02e-23	4.01e-17	2.38e-11	2.19e-06	7.68e-01	2.32e-01	1.86e-04	0.00e+00	0.00e+00	0.00e+00	0.00e+00	0.00e+00	1.97e-71
 1.05289e+14	1.30e-23	4.82e-17	2.71e-11	2.36e-06	7.78e-01	2.22e-01	1.68e-04	0.00e+00	0.00e+00	0.00e+00	1.54e-17	3.28e-17	3.72e-71
 1.08479e+14	1.66e-23	5.83e-17	3.09e-11	2.54e-06	7.88e-01	2.12e-01	1.51e-04	0.00e+00	0.00e+00	0.00e+00	1.93e-17	3.90e-17	7.16e-71
 1.12502e+14	2.24e-23	7.35e-17	3.64e-11	2.77e-06	8.00e-01	2.00e-01	1.32e-04	0.00e+00	0.00e+00	0.00e+00	2.44e-17	4.91e-17	1.59e-70
 1.16657e+14	3.03e-23	9.25e-17	4.26e-11	3.03e-06	8.12e-01	1.88e-01	1.15e-04	0.00e+00	0.00e+00	0.00e+00	3.07e-17	6.18e-17	3.52e-70
 1.20298e+14	3.91e-23	1.12e-16	4.88e-11	3.26e-06	8.21e-01	1.79e-01	1.03e-04	0.00e+00	0.00e+00	0.00e+00	3.73e-17	7.50e-17	6.92e-70
 1.24225e+14	5.10e-23	1.37e-16	5.60e-11	3.51e-06	8.30e-01	1.70e-01	9.18e-05	0.00e+00	0.00e+00	0.00e+00	4.56e-17	9.18e-17	1.40e-69
 1.28989e+14	6.94e-23	1.74e-16	6.60e-11	3.84e-06	8.41e-01	1.59e-01	7.99e-05	0.00e+00	0.00e+00	0.00e+00	5.77e-17	1.16e-16	3.20e-69
 1.33739e+14	9.35e-23	2.18e-16	7.70e-11	4.17e-06	8.50e-01	1.50e-01	6.99e-05	0.00e+00	0.00e+00	0.00e+00	7.24e-17	1.46e-16	7.10e-69
 1.37968e+14	1.21e-22	2.65e-16	8.80e-11	4.48e-06	8.58e-01	1.42e-01	6.22e-05	0.00e+00	0.00e+00	0.00e+00	8.79e-17	1.77e-16	1.41e-68
 1.42621e+14	1.59e-22	3.26e-16	1.01e-10	4.83e-06	8.66e-01	1.34e-01	5.50e-05	0.00e+00	0.00e+00	0.00e+00	1.08e-16	2.18e-16	2.93e-68
 1.48171e+14	2.17e-22	4.13e-16	1.19e-10	5.27e-06	8.74e-01	1.25e-01	4.77e-05	0.00e+00	0.00e+00	0.00e+00	1.37e-16	2.76e-16	6.80e-68
 1.53693e+14	2.92e-22	5.18e-16	1.39e-10	5.71e-06	8.82e-01	1.18e-01	4.16e-05	0.00e+00	0.00e+00	0.00e+00	1.72e-16	3.46e-16	1.52e-67
 1.58759e+14	3.81e-22	6.33e-16	1.59e-10	6.14e-06	8.89e-01	1.11e-01	3.68e-05	0.00e+00	0.00e+00	0.00e+00	2.10e-16	4.23e-16	3.15e-67
 1.64429e+14	5.07e-22	7.86e-16	1.84e-10	6.63e-06	8.96e-01	1.04e-01	3.22e-05	0.00e+00	0.00e+00	0.00e+00	2.61e-16	5.26e-16	6.77e-67
 1.71001e+14	6.98e-22	1.00e-15	2.17e-10	7.23e-06	9.03e-01	9.73e-02	2.78e-05	0.00e+00	0.00e+00	0.00e+00	3.32e-16	6.70e-16	1.61e-66
 1.77452e+14	9.45e-22	1.26e-15	2.54e-10	7.84e-06	9.09e-01	9.10e-02	2.41e-05	0.00e+00	0.00e+00	0.00e+00	4.18e-16	8.42e-16	3.64e-66
 1.83598e+14	1.25e-21	1.55e-15	2.93e-10	8.44e-06	9.14e-01	8.56e-02	2.12e-05	0.00e+00	0.00e+00	0.00e+00	5.15e-16	1.04e-15	7.72e-66
 1.90409e+14	1.68e-21	1.94e-15	3.40e-10	9.13e-06	9.20e-01	8.00e-02	1.84e-05	0.00e+00	0.00e+00	0.00e+00	6.44e-16	1.30e-15	1.72e-65
 1.98056e+14	2.31e-21	2.47e-15	4.01e-10	9.94e-06	9.26e-01	7.44e-02	1.59e-05	0.00e+00	0.00e+00	0.00e+00	8.20e-16	1.65e-15	4.10e-65
 2.05800e+14	3.15e-21	3.13e-15	4.70e-10	1.08e-05	9.31e-01	6.93e-02	1.37e-05	0.00e+00	0.00e+00	0.00e+00	1.04e-15	2.09e-15	9.53e-65
 2.12331e+14	4.06e-21	3.79e-15	5.35e-10	1.15e-05	9.35e-01	6.54e-02	1.21e-05	0.00e+00	0.00e+00	0.00e+00	1.25e-15	2.53e-15	1.90e-64
 2.17420e+14	4.91e-21	4.37e-15	5.89e-10	1.21e-05	9.37e-01	6.26e-02	1.11e-05	0.00e+00	0.00e+00	0.00e+00	1.45e-15	2.92e-15	3.19e-64
 2.22949e+14	6.02e-21	5.10e-15	6.54e-10	1.28e-05	9.40e-01	5.97e-02	1.00e-05	0.00e+00	0.00e+00	0.00e+00	1.69e-15	3.41e-15	5.54e-64
 2.30137e+14	7.77e-21	6.19e-15	7.45e-10	1.37e-05	9.44e-01	5.62e-02	8.86e-06	0.00e+00	0.00e+00	0.00e+00	2.05e-15	4.14e-15	1.11e-63
 2.37917e+14	1.02e-20	7.58e-15	8.55e-10	1.47e-05	9.47e-01	5.27e-02	7.78e-06	0.00e+00	0.00e+00	0.00e+00	2.51e-15	5.07e-15	2.30e-63
 2.44934e+14	1.28e-20	9.05e-15	9.63e-10	1.56e-05	9.50e-01	4.99e-02	6.94e-06	0.00e+00	0.00e+00	0.00e+00	3.00e-15	6.05e-15	4.35e-63
 2.52522e+14	1.64e-20	1.09e-14	1.09e-09	1.67e-05	9.53e-01	4.71e-02	6.15e-06	0.00e+00	0.00e+00	0.00e+00	3.60e-15	7.28e-15	8.46e-63
 2.61962e+14	2.20e-20	1.36e-14	1.27e-09	1.80e-05	9.56e-01	4.38e-02	5.32e-06	0.00e+00	0.00e+00	0.00e+00	4.50e-15	9.10e-15	1.88e-62
 2.71467e+14	2.93e-20	1.69e-14	1.47e-09	1.94e-05	9.59e-01	4.09e-02	4.62e-06	0.00e+00	0.00e+00	0.00e+00	5.59e-15	1.13e-14	4.09e-62
 2.79715e+14	3.73e-20	2.02e-14	1.66e-09	2.07e-05	9.61e-01	3.86e-02	4.10e-06	0.00e+00	0.00e+00	0.00e+00	6.70e-15	1.35e-14	7.84e-62
 2.88671e+14	4.79e-20	2.45e-14	1.89e-09	2.21e-05	9.64e-01	3.63e-02	3.61e-06	0.00e+00	0.00e+00	0.00e+00	8.10e-15	1.64e-14	1.55e-61
 2.99623e+14	6.45e-20	3.07e-14	2.21e-09	2.39e-05	9.66e-01	3.37e-02	3.11e-06	0.00e+00	0.00e+00	0.00e+00	1.01e-14	2.05e-14	3.47e-61
 3.10529e+14	8.58e-20	3.81e-14	2.56e-09	2.58e-05	9.69e-01	3.14e-02	2.70e-06	0.00e+00	0.00e+00	0.00e+00	1.26e-14	2.55e-14	7.52e-61
 3.20032e+14	1.09e-19	4.56e-14	2.89e-09	2.75e-05	9.70e-01	2.96e-02	2.39e-06	0.00e+00	0.00e+00	0.00e+00	1.51e-14	3.06e-14	1.44e-60
 3.30354e+14	1.40e-19	5.52e-14	3.29e-09	2.94e-05	9.72e-01	2.78e-02	2.10e-06	0.00e+00	0.00e+00	0.00e+00	1.83e-14	3.70e-14	2.85e-60
 3.42926e+14	1.88e-19	6.92e-14	3.84e-09	3.19e-05	9.74e-01	2.58e-02	1.80e-06	0.00e+00	0.00e+00	0.00e+00	2.28e-14	4.63e-14	6.36e-60
 3.55517e+14	2.51e-19	8.59e-14	4.45e-09	3.44e-05	9.76e-01	2.40e-02	1.56e-06	0.00e+00	0.00e+00	0.00e+00	2.84e-14	5.75e-14	1.38e-59
 3.66691e+14	3.20e-19	1.03e-13	5.06e-09	3.67e-05	9.77e-01	2.25e-02	1.37e-06	0.00e+00	0.00e+00	0.00e+00	3.41e-14	6.93e-14	2.68e-59
 3.78930e+14	4.15e-19	1.26e-13	5.79e-09	3.94e-05	9.79e-01	2.11e-02	1.20e-06	0.00e+00	0.00e+00	0.00e+00	4.16e-14	8.43e-14	5.40e-59
 3.93579e+14	5.59e-19	1.58e-13	6.76e-09	4.27e-05	9.80e-01	1.95e-02	1.03e-06	0.00e+00	0.00e+00	0.00e+00	5.21e-14	1.06e-13	1.21e-58
 4.08122e+14	7.44e-19	1.96e-13	7.85e-09	4.61e-05	9.82e-01	1.81e-02	8.84e-07	0.00e+00	0.00e+00	0.00e+00	6.47e-14	1.32e-13	2.63e-58
 4.21302e+14	9.54e-19	2.37e-13	8.94e-09	4.93e-05	9.83e-01	1.70e-02	0.00e+00	0.00e+00	0.00e+00	0.00e+00	7.82e-14	1.59e-13	5.18e-58
 4.35949e+14	1.25e-18	2.91e-13	1.03e-08	5.30e-05	9.84e-01	1.58e-02	0.00e+00	0.00e+00	0.00e+00	0.00e+00	9.59e-14	1.95e-13	1.07e-57
 4.53127e+14	1.69e-18	3.66e-13	1.21e-08	5.75e-05	9.85e-01	1.46e-02	0.00e+00	0.00e+00	0.00e+00	0.00e+00	1.21e-13	2.46e-13	2.43e-57
 4.70050e+14	2.25e-18	4.56e-13	1.40e-08	6.22e-05	9.86e-01	1.35e-02	0.00e+00	0.00e+00	0.00e+00	0.00e+00	1.50e-13	3.06e-13	5.31e-57
 4.85857e+14	2.91e-18	5.55e-13	1.60e-08	6.67e-05	9.87e-01	1.26e-02	0.00e+00	0.00e+00	0.00e+00	0.00e+00	1.83e-13	3.72e-13	1.07e-56
 5.03529e+14	3.85e-18	6.86e-13	1.86e-08	7.19e-05	9.88e-01	1.17e-02	0.00e+00	0.00e+00	0.00e+00	0.00e+00	2.26e-13	4.60e-13	2.29e-56
 5.22234e+14	5.11e-18	8.52e-13	2.15e-08	7.77e-05	9.89e-01	1.09e-02	0.00e+00	0.00e+00	0.00e+00	0.00e+00	2.80e-13	5.72e-13	4.96e-56
 5.38840e+14	6.52e-18	1.03e-12	2.45e-08	8.30e-05	9.90e-01	1.02e-02	0.00e+00	0.00e+00	0.00e+00	0.00e+00	3.37e-13	6.89e-13	9.68e-56
 5.56753e+14	8.41e-18	1.25e-12	2.80e-08	8.90e-05	9.90e-01	9.54e-03	0.00e+00	0.00e+00	0.00e+00	0.00e+00	4.09e-13	8.36e-13	1.93e-55
 5.75187e+14	1.08e-17	1.51e-12	3.20e-08	9.53e-05	9.91e-01	8.92e-03	0.00e+00	0.00e+00	0.00e+00	0.00e+00	4.96e-13	1.01e-12	3.87e-55
 5.90421e+14	1.33e-17	1.76e-12	3.56e-08	1.01e-04	9.91e-01	8.45e-03	0.00e+00	0.00e+00	0.00e+00	0.00e+00	5.79e-13	1.18e-12	6.75e-55
 6.06348e+14	1.63e-17	2.07e-12	3.96e-08	1.07e-04	9.92e-01	7.99e-03	0.00e+00	0.00e+00	0.00e+00	0.00e+00	6.78e-13	1.39e-12	1.19e-54
 6.27052e+14	2.12e-17	2.52e-12	4.55e-08	1.14e-04	9.92e-01	7.45e-03	0.00e+00	0.00e+00	0.00e+00	0.00e+00	8.27e-13	1.69e-12	2.43e-54
 6.48635e+14	2.76e-17	3.08e-12	5.22e-08	1.23e-04	9.93e-01	6.95e-03	0.00e+00	0.00e+00	0.00e+00	0.00e+00	1.01e-12	2.07e-12	5.00e-54
 6.66938e+14	3.42e-17	3.63e-12	5.84e-08	1.30e-04	9.93e-01	6.56e-03	0.00e+00	0.00e+00	0.00e+00	0.00e+00	1.19e-12	2.44e-12	9.10e-54
 6.86313e+14	4.27e-17	4.30e-12	6.57e-08	1.38e-04	9.94e-01	6.18e-03	0.00e+00	0.00e+00	0.00e+00	0.00e+00	1.41e-12	2.89e-12	1.67e-53
 7.11224e+14	5.63e-17	5.31e-12	7.60e-08	1.49e-04	9.94e-01	5.73e-03	0.00e+00	4.60e-18	1.38e-17	2.31e-17	1.74e-12	3.57e-12	3.58e-53
 7.37103e+14	7.44e-17	6.56e-12	8.78e-08	1.61e-04	9.95e-01	5.32e-03	0.00e+00	6.08e-18	1.83e-17	3.05e-17	2.15e-12	4.41e-12	7.74e-53
 7.59441e+14	9.37e-17	7.83e-12	9.92e-08	1.71e-04	9.95e-01	5.00e-03	0.00e+00	7.67e-18	2.30e-17	3.85e-17	2.56e-12	5.27e-12	1.47e-52
 7.83408e+14	1.19e-16	9.41e-12	1.13e-07	1.83e-04	9.95e-01	4.69e-03	0.00e+00	9.76e-18	2.93e-17	4.90e-17	3.08e-12	6.33e-12	2.86e-52
 8.12908e+14	1.59e-16	1.17e-11	1.31e-07	1.98e-04	9.95e-01	4.34e-03	0.00e+00	1.30e-17	3.90e-17	6.52e-17	3.83e-12	7.88e-12	6.33e-52
 8.42828e+14	2.10e-16	1.45e-11	1.52e-07	2.13e-04	9.96e-01	4.02e-03	0.00e+00	1.72e-17	5.16e-17	8.63e-17	4.73e-12	9.76e-12	1.38e-51
 8.69375e+14	2.67e-16	1.74e-11	1.72e-07	2.27e-04	9.96e-01	3.77e-03	0.00e+00	2.19e-17	6.57e-17	1.10e-16	5.68e-12	1.17e-11	2.70e-51
 8.98314e+14	3.43e-16	2.11e-11	1.96e-07	2.44e-04	9.96e-01	3.52e-03	0.00e+00	2.81e-17	8.45e-17	1.41e-16	6.89e-12	1.42e-11	5.44e-51
 9.32979e+14	4.59e-16	2.64e-11	2.29e-07	2.64e-04	9.96e-01	3.25e-03	0.00e+00	3.77e-17	1.13e-16	1.89e-16	8.61e-12	1.78e-11	1.23e-50
 9.67419e+14	6.08e-16	3.27e-11	2.65e-07	2.85e-04	9.97e-01	3.01e-03	0.00e+00	4.99e-17	1.50e-16	2.50e-16	1.07e-11	2.20e-11	2.69e-50
 9.98603e+14	7.75e-16	3.94e-11	3.02e-07	3.05e-04	9.97e-01	2.82e-03	0.00e+00	6.36e-17	1.91e-16	3.19e-16	1.28e-11	2.65e-11	5.32e-50
 1.03322e+15	1.01e-15	4.81e-11	3.47e-07	3.28e-04	9.97e-01	2.62e-03	0.00e+00	8.26e-17	2.48e-16	4.15e-16	1.57e-11	3.24e-11	1.11e-49
 1.07386e+15	1.35e-15	6.04e-11	4.06e-07	3.56e-04	9.97e-01	2.42e-03	0.00e+00	1.11e-16	3.33e-16	5.57e-16	1.97e-11	4.07e-11	2.54e-49
 1.11406e+15	1.79e-15	7.49e-11	4.72e-07	3.85e-04	9.97e-01	2.23e-03	0.00e+00	1.47e-16	4.41e-16	7.37e-16	2.44e-11	5.05e-11	5.59e-49
 1.15181e+15	2.30e-15	9.11e-11	5.40e-07	4.13e-04	9.98e-01	2.08e-03	0.00e+00	1.89e-16	5.69e-16	9.51e-16	2.96e-11	6.14e-11	1.14e-48
 1.19386e+15	3.02e-15	1.12e-10	6.26e-07	4.46e-04	9.98e-01	1.93e-03	0.00e+00	2.48e-16	7.46e-16	1.25e-15	3.65e-11	7.57e-11	2.46e-48
 1.23393e+15	3.87e-15	1.36e-10	7.17e-07	4.79e-04	9.98e-01	1.79e-03	0.00e+00	3.18e-16	9.56e-16	1.60e-15	4.42e-11	9.18e-11	4.96e-48
 1.26364e+15	4.62e-15	1.56e-10	7.90e-07	5.04e-04	9.98e-01	1.71e-03	0.00e+00	3.80e-16	1.14e-15	1.91e-15	5.08e-11	1.05e-10	8.23e-48
 1.29368e+15	5.51e-15	1.79e-10	8.69e-07	5.31e-04	9.98e-01	1.62e-03	0.00e+00	4.53e-16	1.36e-15	2.27e-15	5.82e-11	1.21e-10	1.36e-47
 1.33272e+15	6.86e-15	2.13e-10	9.82e-07	5.66e-04	9.98e-01	1.52e-03	0.00e+00	5.65e-16	1.70e-15	2.84e-15	6.91e-11	1.44e-10	2.54e-47
 1.37506e+15	8.65e-15	2.55e-10	1.12e-06	6.06e-04	9.98e-01	1.42e-03	0.00e+00	7.13e-16	2.14e-15	3.58e-15	8.29e-11	1.72e-10	4.93e-47
 1.41318e+15	1.06e-14	2.98e-10	1.25e-06	6.44e-04	9.98e-01	1.34e-03	0.00e+00	8.72e-16	2.62e-15	4.38e-15	9.70e-11	2.01e-10	8.75e-47
 1.45421e+15	1.30e-14	3.52e-10	1.40e-06	6.86e-04	9.98e-01	1.25e-03	0.00e+00	1.08e-15	3.23e-15	5.40e-15	1.14e-10	2.37e-10	1.59e-46
 1.50696e+15	1.69e-14	4.31e-10	1.63e-06	7.42e-04	9.98e-01	1.16e-03	0.00e+00	1.39e-15	4.19e-15	7.00e-15	1.40e-10	2.91e-10	3.36e-46
 1.56028e+15	2.17e-14	5.26e-10	1.88e-06	8.02e-04	9.98e-01	1.07e-03	0.00e+00	1.79e-15	5.38e-15	9.00e-15	1.71e-10	3.55e-10	6.92e-46
 1.60400e+15	2.65e-14	6.16e-10	2.10e-06	8.53e-04	9.98e-01	1.01e-03	0.00e+00	2.19e-15	6.57e-15	1.10e-14	2.00e-10	4.16e-10	1.23e-45
 1.64994e+15	3.23e-14	7.22e-10	2.36e-06	9.09e-04	9.98e-01	9.47e-04	0.00e+00	2.67e-15	8.02e-15	1.34e-14	2.35e-10	4.87e-10	2.19e-45
 1.70943e+15	4.14e-14	8.81e-10	2.73e-06	9.85e-04	9.98e-01	8.74e-04	0.00e+00	3.43e-15	1.03e-14	1.72e-14	2.86e-10	5.95e-10	4.53e-45
 1.77252e+15	5.08e-14	1.08e-09	3.17e-06	1.07e-03	9.98e-01	8.05e-04	0.00e+00	4.21e-15	1.27e-14	2.12e-14	3.51e-10	7.29e-10	9.36e-45
 1.82812e+15	6.25e-14	1.28e-09	3.60e-06	1.15e-03	9.98e-01	7.50e-04	0.00e+00	5.19e-15	1.56e-14	2.60e-14	4.17e-10	8.66e-10	1.75e-44
 1.88803e+15	7.77e-14	1.54e-09	4.11e-06	1.24e-03	9.98e-01	6.97e-04	0.00e+00	6.45e-15	1.94e-14	3.24e-14	4.99e-10	1.04e-09	3.38e-44
 1.96034e+15	9.95e-14	1.89e-09	4.80e-06	1.35e-03	9.98e-01	6.39e-04	0.00e+00	8.28e-15	2.49e-14	4.15e-14	6.15e-10	1.28e-09	7.23e-44
 2.03233e+15	1.26e-13	2.31e-09	5.57e-06	1.46e-03	9.98e-01	5.88e-04	0.00e+00	1.05e-14	3.14e-14	5.25e-14	7.50e-10	1.56e-09	1.49e-43
 2.09665e+15	1.53e-13	2.74e-09	6.33e-06	1.57e-03	9.98e-01	5.47e-04	0.00e+00	1.28e-14	3.83e-14	6.41e-14	8.90e-10	1.85e-09	2.79e-43
 2.16744e+15	1.90e-13	3.29e-09	7.25e-06	1.70e-03	9.98e-01	5.07e-04	0.00e+00	1.59e-14	4.76e-14	7.96e-14	1.07e-09	2.22e-09	5.50e-43
 2.25161e+15	2.40e-13	4.04e-09	8.47e-06	1.86e-03	9.98e-01	4.63e-04	0.00e+00	2.01e-14	6.03e-14	1.01e-13	1.31e-09	2.72e-09	1.17e-42
 2.33506e+15	3.00e-13	4.91e-09	9.83e-06	2.02e-03	9.98e-01	4.26e-04	0.00e+00	2.51e-14	7.53e-14	1.26e-13	1.60e-09	3.31e-09	2.42e-42
 2.41156e+15	3.66e-13	5.86e-09	1.12e-05	2.18e-03	9.97e-01	3.95e-04	0.00e+00	3.06e-14	9.20e-14	1.54e-13	1.91e-09	3.95e-09	4.75e-42
 2.49718e+15	4.49e-13	7.05e-09	1.29e-05	2.36e-03	9.97e-01	3.63e-04	0.00e+00	3.77e-14	1.13e-13	1.89e-13	2.30e-09	4.75e-09	9.46e-42
 2.58022e+15	5.41e-13	8.40e-09	1.48e-05	2.55e-03	9.97e-01	3.36e-04	0.00e+00	4.55e-14	1.36e-13	2.28e-13	2.74e-09	5.66e-09	1.80e-41
 2.64140e+15	6.20e-13	9.51e-09	1.62e-05	2.70e-03	9.97e-01	3.18e-04	0.00e+00	5.21e-14	1.56e-13	2.61e-13	3.10e-09	6.41e-09	2.87e-41
 2.70241e+15	7.07e-13	1.08e-08	1.78e-05	2.84e-03	9.97e-01	3.02e-04	0.00e+00	5.95e-14	1.79e-13	2.99e-13	3.51e-09	7.24e-09	4.53e-41
 2.78172e+15	8.34e-13	1.25e-08	2.01e-05	3.04e-03	9.97e-01	2.82e-04	0.00e+00	7.03e-14	2.11e-13	3.53e-13	4.10e-09	8.45e-09	8.10e-41
 2.86704e+15	9.86e-13	1.47e-08	2.27e-05	3.27e-03	9.96e-01	2.62e-04	0.00e+00	8.32e-14	2.50e-13	4.17e-13	4.81e-09	9.92e-09	1.48e-40
 2.94290e+15	1.14e-12	1.69e-08	2.52e-05	3.48e-03	9.96e-01	2.46e-04	0.00e+00	9.62e-14	2.89e-13	4.83e-13	5.52e-09	1.14e-08	2.49e-40
 3.02424e+15	1.33e-12	1.95e-08	2.81e-05	3.70e-03	9.96e-01	2.31e-04	0.00e+00	1.12e-13	3.37e-13	5.63e-13	6.38e-09	1.31e-08	4.31e-40
 3.12998e+15	1.60e-12	2.35e-08	3.23e-05	4.02e-03	9.96e-01	2.13e-04	0.00e+00	1.36e-13	4.08e-13	6.81e-13	7.68e-09	1.58e-08	8.66e-40
 3.23685e+15	1.91e-12	2.80e-08	3.70e-05	4.35e-03	9.95e-01	1.96e-04	0.00e+00	1.62e-13	4.87e-13	8.14e-13	9.17e-09	1.89e-08	1.70e-39
 3.32292e+15	2.20e-12	3.21e-08	4.11e-05	4.62e-03	9.95e-01	1.84e-04	0.00e+00	1.87e-13	5.61e-13	9.36e-13	1.05e-08	2.16e-08	2.86e-39
 3.41254e+15	2.54e-12	3.70e-08	4.58e-05	4.92e-03	9.95e-01	1.73e-04	0.00e+00	2.16e-13	6.48e-13	1.08e-12	1.21e-08	2.49e-08	4.90e-39
 3.52904e+15	3.04e-12	4.43e-08	5.25e-05	5.32e-03	9.94e-01	1.60e-04	0.00e+00	2.58e-13	7.76e-13	1.30e-12	1.45e-08	2.98e-08	9.91e-39
 3.65257e+15	3.62e-12	5.31e-08	6.03e-05	5.77e-03	9.94e-01	1.47e-04	0.00e+00	3.09e-13	9.26e-13	1.55e-12	1.74e-08	3.57e-08	2.03e-38
 3.76097e+15	4.20e-12	6.20e-08	6.78e-05	6.18e-03	9.94e-01	1.37e-04	0.00e+00	3.58e-13	1.07e-12	1.79e-12	2.03e-08	4.17e-08	3.70e-38
 3.87760e+15	4.93e-12	7.29e-08	7.66e-05	6.64e-03	9.93e-01	1.27e-04	0.00e+00	4.22e-13	1.27e-12	2.11e-12	2.39e-08	4.90e-08	7.00e-38
 4.02241e+15	5.98e-12	8.86e-08	8.88e-05	7.24e-03	9.93e-01	1.17e-04	0.00e+00	5.12e-13	1.54e-12	2.57e-12	2.91e-08	5.95e-08	1.51e-37
 4.17070e+15	7.16e-12	1.07e-07	1.03e-04	7.88e-03	9.92e-01	1.07e-04	0.00e+00	6.14e-13	1.84e-12	3.08e-12	3.52e-08	7.21e-08	3.21e-37
 4.30285e+15	8.35e-12	1.27e-07	1.16e-04	8.48e-03	9.91e-01	9.91e-05	0.00e+00	7.17e-13	2.15e-12	3.59e-12	4.16e-08	8.50e-08	6.09e-37
 4.44715e+15	9.93e-12	1.51e-07	1.33e-04	9.16e-03	9.91e-01	9.16e-05	0.00e+00	8.53e-13	2.56e-12	4.28e-12	4.96e-08	1.01e-07	1.22e-36
 4.61930e+15	1.21e-11	1.85e-07	1.55e-04	1.00e-02	9.90e-01	8.36e-05	0.00e+00	1.04e-12	3.12e-12	5.21e-12	6.08e-08	1.24e-07	2.69e-36
 4.78936e+15	1.44e-11	2.24e-07	1.79e-04	1.09e-02	9.89e-01	7.66e-05	0.00e+00	1.24e-12	3.72e-12	6.21e-12	7.37e-08	1.50e-07	5.63e-36
 4.94334e+15	1.68e-11	2.65e-07	2.03e-04	1.17e-02	9.88e-01	7.10e-05	0.00e+00	1.45e-12	4.36e-12	7.27e-12	8.72e-08	1.78e-07	1.08e-35
 5.07631e+15	1.93e-11	3.05e-07	2.26e-04	1.25e-02	9.87e-01	6.67e-05	0.00e+00	1.67e-12	5.01e-12	8.37e-12	1.00e-07	2.05e-07	1.84e-35
 5.19081e+15	2.13e-11	3.43e-07	2.47e-04	1.32e-02	9.87e-01	6.32e-05	0.00e+00	1.84e-12	5.53e-12	9.23e-12	1.13e-07	2.30e-07	2.89e-35
 5.31972e+15	2.42e-11	3.92e-07	2.73e-04	1.39e-02	9.86e-01	5.96e-05	0.00e+00	2.10e-12	6.30e-12	1.05e-11	1.29e-07	2.63e-07	4.80e-35
 5.48730e+15	2.86e-11	4.64e-07	3.10e-04	1.50e-02	9.85e-01	5.53e-05	0.00e+00	2.48e-12	7.45e-12	1.24e-11	1.53e-07	3.11e-07	9.13e-35
 5.65993e+15	3.36e-11	5.49e-07	3.51e-04	1.61e-02	9.83e-01	5.14e-05	0.00e+00	2.92e-12	8.76e-12	1.46e-11	1.81e-07	3.68e-07	1.71e-34
 5.80220e+15	3.83e-11	6.27e-07	3.88e-04	1.71e-02	9.82e-01	4.84e-05	0.00e+00	3.33e-12	1.00e-11	1.67e-11	2.07e-07	4.20e-07	2.81e-34
 5.95025e+15	4.42e-11	7.21e-07	4.30e-04	1.81e-02	9.81e-01	4.56e-05	0.00e+00	3.84e-12	1.15e-11	1.93e-11	2.38e-07	4.83e-07	4.75e-34
 6.14271e+15	5.30e-11	8.58e-07	4.89e-04	1.95e-02	9.80e-01	4.22e-05	0.00e+00	4.62e-12	1.39e-11	2.31e-11	2.83e-07	5.75e-07	9.14e-34
 6.34323e+15	6.32e-11	1.02e-06	5.57e-04	2.11e-02	9.78e-01	3.91e-05	0.00e+00	5.51e-12	1.65e-11	2.76e-11	3.38e-07	6.85e-07	1.73e-33
 6.51209e+15	7.24e-11	1.18e-06	6.20e-04	2.24e-02	9.77e-01	3.68e-05	0.00e+00	6.32e-12	1.90e-11	3.16e-11	3.90e-07	7.92e-07	2.92e-33
 6.68950e+15	8.46e-11	1.37e-06	6.92e-04	2.39e-02	9.75e-01	3.45e-05	0.00e+00	7.40e-12	2.22e-11	3.70e-11	4.54e-07	9.20e-07	5.05e-33
 6.92013e+15	1.03e-10	1.66e-06	7.96e-04	2.59e-02	9.73e-01	3.18e-05	0.00e+00	9.03e-12	2.71e-11	4.52e-11	5.49e-07	1.11e-06	1.01e-32
 7.15920e+15	1.25e-10	2.00e-06	9.14e-04	2.80e-02	9.71e-01	2.93e-05	0.00e+00	1.09e-11	3.28e-11	5.47e-11	6.62e-07	1.34e-06	1.90e-32
 7.35967e+15	1.46e-10	2.33e-06	1.02e-03	2.99e-02	9.69e-01	2.75e-05	0.00e+00	1.28e-11	3.84e-11	6.41e-11	7.72e-07	1.56e-06	3.25e-32
 7.57069e+15	1.74e-10	2.74e-06	1.15e-03	3.20e-02	9.67e-01	2.58e-05	0.00e+00	1.53e-11	4.58e-11	7.64e-11	9.07e-07	1.84e-06	5.72e-32
 7.84377e+15	2.15e-10	3.35e-06	1.34e-03	3.48e-02	9.64e-01	2.37e-05	0.00e+00	1.89e-11	5.68e-11	9.48e-11	1.11e-06	2.25e-06	1.16e-31
 8.12106e+15	2.64e-10	4.07e-06	1.54e-03	3.79e-02	9.61e-01	2.18e-05	0.00e+00	2.32e-11	6.97e-11	1.16e-10	1.35e-06	2.72e-06	2.21e-31
 8.35110e+15	3.13e-10	4.76e-06	1.73e-03	4.05e-02	9.58e-01	2.05e-05	0.00e+00	2.76e-11	8.27e-11	1.38e-10	1.58e-06	3.19e-06	3.72e-31
 8.59619e+15	3.77e-10	5.63e-06	1.96e-03	4.34e-02	9.55e-01	1.92e-05	0.00e+00	3.32e-11	9.98e-11	1.66e-10	1.86e-06	3.77e-06	6.55e-31
 8.90942e+15	4.71e-10	6.93e-06	2.29e-03	4.74e-02	9.50e-01	1.77e-05	0.00e+00	4.16e-11	1.25e-10	2.08e-10	2.30e-06	4.64e-06	1.31e-30
 9.18898e+15	5.67e-10	8.22e-06	2.60e-03	5.11e-02	9.46e-01	1.65e-05	0.00e+00	5.01e-11	1.50e-10	2.51e-10	2.72e-06	5.50e-06	2.23e-30
 9.38246e+15	6.40e-10	9.24e-06	2.84e-03	5.37e-02	9.43e-01	1.58e-05	0.00e+00	5.67e-11	1.70e-10	2.84e-10	3.06e-06	6.18e-06	3.24e-30
 9.58630e+15	7.43e-10	1.05e-05	3.12e-03	5.67e-02	9.40e-01	1.50e-05	0.00e+00	6.59e-11	1.98e-10	3.30e-10	3.48e-06	7.02e-06	4.89e-30
 9.85129e+15	8.94e-10	1.24e-05	3.53e-03	6.07e-02	9.36e-01	1.41e-05	0.00e+00	7.93e-11	2.38e-10	3.97e-10	4.10e-06	8.27e-06	8.24e-30
 1.01228e+16	1.05e-09	1.44e-05	3.96e-03	6.49e-02	9.31e-01	1.33e-05	0.00e+00	9.37e-11	2.81e-10	4.69e-10	4.79e-06	9.65e-06	1.32e-29
 1.03597e+16	1.24e-09	1.66e-05	4.39e-03	6.88e-02	9.27e-01	1.26e-05	0.00e+00	1.10e-10	3.30e-10	5.50e-10	5.49e-06	1.11e-05	2.00e-29
 1.06245e+16	1.46e-09	1.93e-05	4.93e-03	7.34e-02	9.22e-01	1.19e-05	0.00e+00	1.30e-10	3.91e-10	6.52e-10	6.41e-06	1.29e-05	3.23e-29
 1.09109e+16	1.75e-09	2.26e-05	5.57e-03	7.87e-02	9.16e-01	1.13e-05	0.00e+00	1.56e-10	4.69e-10	7.82e-10	7.50e-06	1.51e-05	5.19e-29
 1.11777e+16	2.07e-09	2.62e-05	6.22e-03	8.37e-02	9.10e-01	1.07e-05	0.00e+00	1.85e-10	5.55e-10	9.26e-10	8.68e-06	1.75e-05	7.97e-29
 1.14769e+16	2.50e-09	3.09e-05	7.06e-03	8.98e-02	9.03e-01	1.01e-05	0.00e+00	2.23e-10	6.69e-10	1.12e-09	1.03e-05	2.07e-05	1.31e-28
 1.17966e+16	3.05e-09	3.66e-05	8.04e-03	9.66e-02	8.95e-01	9.53e-06	0.00e+00	2.73e-10	8.18e-10	1.36e-09	1.21e-05	2.44e-05	2.13e-28
 1.20780e+16	3.58e-09	4.23e-05	9.00e-03	1.03e-01	8.88e-01	9.07e-06	0.00e+00	3.21e-10	9.62e-10	1.60e-09	1.40e-05	2.82e-05	3.20e-28
 1.23786e+16	4.38e-09	4.99e-05	1.02e-02	1.10e-01	8.80e-01	8.62e-06	0.00e+00	3.92e-10	1.18e-09	1.96e-09	1.66e-05	3.33e-05	5.21e-28
 1.27027e+16	5.26e-09	5.88e-05	1.16e-02	1.18e-01	8.70e-01	8.16e-06	0.00e+00	4.72e-10	1.42e-09	2.36e-09	1.95e-05	3.92e-05	8.19e-28
 1.29942e+16	6.25e-09	6.82e-05	1.30e-02	1.26e-01	8.61e-01	7.78e-06	0.00e+00	5.61e-10	1.68e-09	2.81e-09	2.26e-05	4.55e-05	1.23e-27
 1.33100e+16	7.65e-09	8.08e-05	1.49e-02	1.35e-01	8.50e-01	7.40e-06	0.00e+00	6.87e-10	2.06e-09	3.44e-09	2.68e-05	5.40e-05	2.00e-27
 1.36491e+16	9.51e-09	9.62e-05	1.71e-02	1.45e-01	8.38e-01	7.05e-06	0.00e+00	8.56e-10	2.57e-09	4.28e-09	3.20e-05	6.42e-05	3.23e-27
 1.39481e+16	1.14e-08	1.12e-04	1.92e-02	1.55e-01	8.26e-01	6.75e-06	0.00e+00	1.03e-09	3.09e-09	5.15e-09	3.72e-05	7.48e-05	4.81e-27
 1.42664e+16	1.39e-08	1.33e-04	2.20e-02	1.66e-01	8.12e-01	6.44e-06	0.00e+00	1.25e-09	3.76e-09	6.26e-09	4.42e-05	8.87e-05	7.72e-27
 1.45899e+16	1.69e-08	1.57e-04	2.51e-02	1.77e-01	7.97e-01	6.16e-06	0.00e+00	1.53e-09	4.58e-09	7.63e-09	5.21e-05	1.05e-04	1.18e-26
 1.48493e+16	2.03e-08	1.80e-04	2.80e-02	1.88e-01	7.84e-01	5.98e-06	0.00e+00	1.83e-09	5.49e-09	9.15e-09	5.98e-05	1.20e-04	1.71e-26
 1.51157e+16	2.40e-08	2.08e-04	3.14e-02	1.99e-01	7.70e-01	5.76e-06	0.00e+00	2.17e-09	6.52e-09	1.09e-08	6.93e-05	1.39e-04	2.53e-26
 1.54098e+16	2.95e-08	2.45e-04	3.58e-02	2.12e-01	7.52e-01	5.55e-06	0.00e+00	2.67e-09	8.00e-09	1.33e-08	8.16e-05	1.64e-04	3.95e-26
 1.56690e+16	3.51e-08	2.83e-04	4.01e-02	2.24e-01	7.36e-01	5.40e-06	0.00e+00	3.18e-09	9.54e-09	1.59e-08	9.41e-05	1.89e-04	5.71e-26
