#depth	N	N+	N+2	N+3	N+4	N+5	N+6	N+7
 1.49634e+10	0.00e+00	0.00e+00	1.51e-29	5.48e-20	4.63e-11	1.47e-01	8.49e-01	4.54e-03
 4.54887e+10	0.00e+00	1.28e-39	2.05e-29	6.90e-20	5.39e-11	1.58e-01	8.38e-01	4.14e-03
 7.72350e+10	0.00e+00	0.00e+00	2.80e-29	8.68e-20	6.26e-11	1.69e-01	8.27e-01	3.78e-03
 1.10251e+11	0.00e+00	2.77e-39	3.80e-29	1.09e-19	7.27e-11	1.81e-01	8.15e-01	3.44e-03
 1.42356e+11	0.00e+00	0.00e+00	5.07e-29	1.35e-19	8.35e-11	1.94e-01	8.03e-01	3.15e-03
 1.72727e+11	0.00e+00	5.52e-39	6.59e-29	1.64e-19	9.48e-11	2.05e-01	7.92e-01	2.90e-03
 2.06546e+11	0.00e+00	0.00e+00	8.73e-29	2.02e-19	1.08e-10	2.18e-01	7.79e-01	2.65e-03
 2.43821e+11	0.00e+00	1.15e-38	1.18e-28	2.52e-19	1.25e-10	2.33e-01	7.65e-01	2.41e-03
 2.79829e+11	0.00e+00	0.00e+00	1.55e-28	3.09e-19	1.43e-10	2.47e-01	7.51e-01	2.20e-03
 3.18191e+11	0.00e+00	2.32e-38	2.06e-28	3.81e-19	1.63e-10	2.62e-01	7.36e-01	2.00e-03
 3.60846e+11	0.00e+00	0.00e+00	2.79e-28	4.76e-19	1.88e-10	2.79e-01	7.19e-01	1.80e-03
 4.03392e+11	0.00e+00	4.91e-38	3.72e-28	5.89e-19	2.16e-10	2.96e-01	7.02e-01	1.63e-03
 4.47640e+11	0.00e+00	0.00e+00	4.97e-28	7.28e-19	2.47e-10	3.14e-01	6.85e-01	1.47e-03
 4.95472e+11	0.00e+00	1.04e-37	6.71e-28	9.07e-19	2.84e-10	3.33e-01	6.66e-01	1.32e-03
 5.45218e+11	0.00e+00	0.00e+00	9.05e-28	1.13e-18	3.26e-10	3.52e-01	6.47e-01	1.18e-03
 5.96953e+11	0.00e+00	2.21e-37	1.22e-27	1.40e-18	3.73e-10	3.72e-01	6.27e-01	1.06e-03
 6.50758e+11	0.00e+00	0.00e+00	1.64e-27	1.74e-18	4.27e-10	3.93e-01	6.07e-01	9.44e-04
 7.01710e+11	0.00e+00	4.54e-37	2.15e-27	2.12e-18	4.83e-10	4.12e-01	5.88e-01	8.50e-04
 7.48064e+11	0.00e+00	0.00e+00	2.72e-27	2.51e-18	5.36e-10	4.29e-01	5.71e-01	7.73e-04
 8.00576e+11	0.00e+00	8.53e-37	3.52e-27	3.03e-18	6.02e-10	4.47e-01	5.52e-01	6.96e-04
 8.61825e+11	0.00e+00	0.00e+00	4.70e-27	3.73e-18	6.84e-10	4.69e-01	5.31e-01	6.17e-04
 9.23115e+11	0.00e+00	1.76e-36	6.21e-27	4.56e-18	7.73e-10	4.89e-01	5.10e-01	5.49e-04
 9.86857e+11	8.62e-47	2.51e-36	8.18e-27	5.56e-18	8.72e-10	5.10e-01	4.89e-01	4.87e-04
 1.04886e+12	0.00e+00	0.00e+00	1.06e-26	6.70e-18	9.75e-10	5.30e-01	4.70e-01	4.34e-04
 1.10168e+12	0.00e+00	4.59e-36	1.31e-26	7.80e-18	1.07e-09	5.46e-01	4.54e-01	3.95e-04
 1.15881e+12	2.56e-46	6.11e-36	1.64e-26	9.15e-18	1.17e-09	5.62e-01	4.37e-01	3.57e-04
 1.22988e+12	0.00e+00	0.00e+00	2.14e-26	1.11e-17	1.31e-09	5.82e-01	4.17e-01	3.15e-04
 1.30199e+12	0.00e+00	1.20e-35	2.78e-26	1.33e-17	1.47e-09	6.02e-01	3.98e-01	2.79e-04
 1.36495e+12	8.31e-46	1.60e-35	3.46e-26	1.56e-17	1.61e-09	6.18e-01	3.82e-01	2.51e-04
 1.43315e+12	0.00e+00	0.00e+00	4.35e-26	1.83e-17	1.77e-09	6.34e-01	3.66e-01	2.24e-04
 1.51609e+12	0.00e+00	3.04e-35	5.69e-26	2.22e-17	1.97e-09	6.53e-01	3.46e-01	1.96e-04
 1.59918e+12	2.77e-45	4.26e-35	7.38e-26	2.66e-17	2.19e-09	6.72e-01	3.28e-01	1.72e-04
 1.67320e+12	0.00e+00	0.00e+00	9.21e-26	3.11e-17	2.40e-09	6.87e-01	3.13e-01	1.54e-04
 1.75447e+12	0.00e+00	7.70e-35	1.17e-25	3.68e-17	2.63e-09	7.02e-01	2.97e-01	1.36e-04
 1.85137e+12	8.86e-45	1.09e-34	1.53e-25	4.45e-17	2.93e-09	7.20e-01	2.80e-01	1.18e-04
 1.94822e+12	0.00e+00	0.00e+00	1.98e-25	5.34e-17	3.25e-09	7.36e-01	2.64e-01	1.02e-04
 2.03786e+12	0.00e+00	2.07e-34	2.50e-25	6.28e-17	3.56e-09	7.50e-01	2.50e-01	9.03e-05
 2.13821e+12	2.91e-44	2.87e-34	3.22e-25	7.48e-17	3.93e-09	7.65e-01	2.35e-01	7.86e-05
 2.25004e+12	0.00e+00	4.07e-34	4.21e-25	9.03e-17	4.36e-09	7.80e-01	2.20e-01	6.77e-05
 2.35887e+12	6.72e-44	5.65e-34	5.41e-25	1.08e-16	4.80e-09	7.94e-01	2.06e-01	5.87e-05
 2.46511e+12	0.00e+00	7.68e-34	6.85e-25	1.27e-16	5.26e-09	8.06e-01	1.94e-01	5.13e-05
 2.58307e+12	1.48e-43	1.07e-33	8.84e-25	1.51e-16	5.79e-09	8.18e-01	1.82e-01	4.43e-05
 2.71242e+12	0.00e+00	1.51e-33	1.15e-24	1.82e-16	6.41e-09	8.31e-01	1.69e-01	3.79e-05
 2.83614e+12	3.39e-43	2.09e-33	1.48e-24	2.16e-16	7.03e-09	8.42e-01	1.58e-01	3.28e-05
 2.95071e+12	0.00e+00	2.78e-33	1.84e-24	2.52e-16	7.63e-09	8.51e-01	1.49e-01	2.87e-05
 3.07694e+12	7.06e-43	3.78e-33	2.32e-24	2.96e-16	8.33e-09	8.61e-01	1.39e-01	2.50e-05
 3.20987e+12	0.00e+00	5.15e-33	2.95e-24	3.49e-16	9.10e-09	8.70e-01	1.30e-01	2.16e-05
 3.32463e+12	1.43e-42	6.68e-33	3.60e-24	4.00e-16	9.80e-09	8.77e-01	1.23e-01	1.91e-05
 3.44695e+12	0.00e+00	8.75e-33	4.42e-24	4.62e-16	1.06e-08	8.84e-01	1.16e-01	1.68e-05
 3.60138e+12	3.00e-42	1.21e-32	5.68e-24	5.49e-16	1.16e-08	8.93e-01	1.07e-01	1.44e-05
 3.76064e+12	0.00e+00	1.68e-32	7.29e-24	6.52e-16	1.27e-08	9.00e-01	9.97e-02	1.23e-05
 3.90069e+12	6.33e-42	2.21e-32	9.01e-24	7.55e-16	1.37e-08	9.06e-01	9.35e-02	1.08e-05
 4.05267e+12	0.00e+00	2.96e-32	1.13e-23	8.81e-16	1.49e-08	9.13e-01	8.74e-02	9.38e-06
 4.23631e+12	1.38e-41	4.15e-32	1.46e-23	1.05e-15	1.64e-08	9.19e-01	8.07e-02	7.94e-06
 4.42351e+12	0.00e+00	5.79e-32	1.88e-23	1.26e-15	1.80e-08	9.25e-01	7.45e-02	6.75e-06
 4.59865e+12	3.02e-41	7.81e-32	2.37e-23	1.47e-15	1.95e-08	9.31e-01	6.94e-02	5.82e-06
 4.79298e+12	0.00e+00	1.08e-31	3.02e-23	1.74e-15	2.14e-08	9.36e-01	6.42e-02	4.96e-06
 5.01463e+12	6.93e-41	1.53e-31	3.96e-23	2.10e-15	2.36e-08	9.41e-01	5.89e-02	4.16e-06
 5.23495e+12	0.00e+00	2.13e-31	5.12e-23	2.51e-15	2.59e-08	9.46e-01	5.42e-02	3.51e-06
 5.46409e+12	1.59e-40	2.98e-31	6.62e-23	3.00e-15	2.84e-08	9.50e-01	4.99e-02	2.96e-06
 5.71258e+12	0.00e+00	4.23e-31	8.66e-23	3.61e-15	3.13e-08	9.54e-01	4.57e-02	2.47e-06
 5.94561e+12	3.61e-40	5.79e-31	1.10e-22	4.27e-15	3.42e-08	9.58e-01	4.22e-02	2.10e-06
 6.15316e+12	0.00e+00	7.59e-31	1.36e-22	4.94e-15	3.69e-08	9.61e-01	3.94e-02	1.83e-06
 6.38590e+12	7.23e-40	1.02e-30	1.70e-22	5.77e-15	4.00e-08	9.63e-01	3.65e-02	1.57e-06
 6.66276e+12	0.00e+00	1.42e-30	2.20e-22	6.91e-15	4.40e-08	9.67e-01	3.35e-02	1.32e-06
 6.94116e+12	1.63e-39	1.97e-30	2.83e-22	8.23e-15	4.82e-08	9.69e-01	3.08e-02	1.11e-06
 7.20273e+12	0.00e+00	2.63e-30	3.54e-22	9.63e-15	5.24e-08	9.72e-01	2.85e-02	9.50e-07
 7.49280e+12	3.45e-39	3.60e-30	4.51e-22	1.14e-14	5.72e-08	9.74e-01	2.62e-02	0.00e+00
 7.78108e+12	0.00e+00	4.86e-30	5.69e-22	1.34e-14	6.23e-08	9.76e-01	2.42e-02	0.00e+00
 8.01263e+12	6.65e-39	6.13e-30	6.82e-22	1.52e-14	6.66e-08	9.77e-01	2.28e-02	0.00e+00
 8.25383e+12	0.00e+00	7.76e-30	8.18e-22	1.73e-14	7.12e-08	9.79e-01	2.14e-02	0.00e+00
 8.56738e+12	1.28e-38	1.04e-29	1.03e-21	2.03e-14	7.75e-08	9.80e-01	1.97e-02	0.00e+00
 8.89754e+12	0.00e+00	1.41e-29	1.30e-21	2.39e-14	8.45e-08	9.82e-01	1.82e-02	0.00e+00
 9.18131e+12	2.51e-38	1.80e-29	1.58e-21	2.74e-14	9.08e-08	9.83e-01	1.70e-02	0.00e+00
 9.48225e+12	0.00e+00	2.33e-29	1.92e-21	3.16e-14	9.77e-08	9.84e-01	1.58e-02	0.00e+00
 9.86036e+12	5.01e-38	3.17e-29	2.44e-21	3.74e-14	1.07e-07	9.85e-01	1.45e-02	0.00e+00
 1.02461e+13	0.00e+00	4.29e-29	3.10e-21	4.43e-14	1.17e-07	9.87e-01	1.33e-02	0.00e+00
 1.05806e+13	9.88e-38	5.52e-29	3.78e-21	5.10e-14	1.26e-07	9.88e-01	1.24e-02	0.00e+00
 1.09411e+13	0.00e+00	7.18e-29	4.64e-21	5.90e-14	1.36e-07	9.88e-01	1.15e-02	0.00e+00
 1.13827e+13	1.99e-37	9.79e-29	5.91e-21	7.02e-14	1.49e-07	9.89e-01	1.05e-02	0.00e+00
 1.18330e+13	0.00e+00	1.33e-28	7.50e-21	8.32e-14	1.63e-07	9.90e-01	9.63e-03	0.00e+00
 1.22424e+13	3.96e-37	1.73e-28	9.24e-21	9.66e-14	1.77e-07	9.91e-01	8.92e-03	0.00e+00
 1.26956e+13	0.00e+00	2.29e-28	1.15e-20	1.13e-13	1.92e-07	9.92e-01	8.22e-03	0.00e+00
 1.32257e+13	8.19e-37	3.14e-28	1.48e-20	1.35e-13	2.12e-07	9.93e-01	7.49e-03	0.00e+00
 1.37238e+13	0.00e+00	4.17e-28	1.85e-20	1.59e-13	2.31e-07	9.93e-01	6.88e-03	0.00e+00
 1.41562e+13	1.54e-36	5.28e-28	2.23e-20	1.82e-13	2.48e-07	9.94e-01	6.42e-03	0.00e+00
 1.46351e+13	0.00e+00	6.81e-28	2.73e-20	2.11e-13	2.68e-07	9.94e-01	5.95e-03	0.00e+00
 1.52188e+13	3.00e-36	9.17e-28	3.45e-20	2.50e-13	2.94e-07	9.95e-01	5.45e-03	0.00e+00
 1.58167e+13	0.00e+00	1.23e-27	4.35e-20	2.95e-13	3.22e-07	9.95e-01	4.99e-03	0.00e+00
 1.63365e+13	5.74e-36	1.57e-27	5.28e-20	3.39e-13	3.47e-07	9.95e-01	4.64e-03	0.00e+00
 1.68769e+13	0.00e+00	2.00e-27	6.41e-20	3.90e-13	3.74e-07	9.96e-01	4.31e-03	0.00e+00
 1.75410e+13	1.10e-35	2.67e-27	8.06e-20	4.60e-13	4.09e-07	9.96e-01	3.95e-03	0.00e+00
 1.81715e+13	0.00e+00	3.48e-27	9.93e-20	5.36e-13	4.43e-07	9.96e-01	3.65e-03	0.00e+00
 1.86751e+13	1.93e-35	4.27e-27	1.17e-19	6.02e-13	4.72e-07	9.97e-01	3.43e-03	0.00e+00
 1.92080e+13	0.00e+00	5.27e-27	1.38e-19	6.78e-13	5.03e-07	9.97e-01	3.23e-03	0.00e+00
 1.99007e+13	3.44e-35	6.86e-27	1.70e-19	7.87e-13	5.45e-07	9.97e-01	2.98e-03	0.00e+00
 2.06479e+13	0.00e+00	9.02e-27	2.11e-19	9.20e-13	5.92e-07	9.97e-01	2.75e-03	0.00e+00
 2.13187e+13	6.41e-35	1.14e-26	2.54e-19	1.05e-12	6.37e-07	9.97e-01	2.56e-03	0.00e+00
 2.20433e+13	0.00e+00	1.47e-26	3.09e-19	1.21e-12	6.86e-07	9.98e-01	2.38e-03	0.00e+00
 2.29169e+13	1.23e-34	1.96e-26	3.88e-19	1.42e-12	7.48e-07	9.98e-01	2.19e-03	0.00e+00
 2.37993e+13	0.00e+00	2.60e-26	4.83e-19	1.67e-12	8.13e-07	9.98e-01	2.01e-03	0.00e+00
 2.45874e+13	2.33e-34	3.31e-26	5.85e-19	1.91e-12	8.74e-07	9.98e-01	1.88e-03	0.00e+00
 2.54376e+13	3.19e-34	4.27e-26	7.13e-19	2.19e-12	9.41e-07	9.98e-01	1.74e-03	0.00e+00
 2.64515e+13	4.54e-34	5.71e-26	8.95e-19	2.58e-12	1.02e-06	9.98e-01	1.60e-03	0.00e+00
 2.74535e+13	6.38e-34	7.53e-26	1.11e-18	3.00e-12	1.11e-06	9.99e-01	1.48e-03	0.00e+00
 2.83634e+13	8.61e-34	9.62e-26	1.34e-18	3.43e-12	1.19e-06	9.99e-01	1.38e-03	0.00e+00
 2.93782e+13	1.19e-33	1.25e-25	1.65e-18	3.96e-12	1.29e-06	9.99e-01	1.28e-03	0.00e+00
 3.05658e+13	1.71e-33	1.69e-25	2.08e-18	4.66e-12	1.40e-06	9.99e-01	1.18e-03	0.00e+00
 3.16524e+13	2.36e-33	2.19e-25	2.55e-18	5.37e-12	1.51e-06	9.99e-01	1.09e-03	0.00e+00
 3.24979e+13	3.01e-33	2.67e-25	2.97e-18	5.98e-12	1.60e-06	9.99e-01	1.03e-03	0.00e+00
 3.33556e+13	3.84e-33	3.25e-25	3.45e-18	6.65e-12	1.69e-06	9.99e-01	9.79e-04	0.00e+00
 3.44706e+13	5.20e-33	4.16e-25	4.18e-18	7.60e-12	1.81e-06	9.99e-01	9.14e-04	0.00e+00
 3.56568e+13	7.10e-33	5.37e-25	5.10e-18	8.72e-12	1.95e-06	9.99e-01	8.50e-04	0.00e+00
 3.66949e+13	9.28e-33	6.67e-25	6.02e-18	9.80e-12	2.07e-06	9.99e-01	8.01e-04	0.00e+00
 3.78040e+13	1.23e-32	8.36e-25	7.17e-18	1.11e-11	2.20e-06	9.99e-01	7.53e-04	0.00e+00
 3.92144e+13	1.72e-32	1.10e-24	8.88e-18	1.28e-11	2.38e-06	9.99e-01	6.97e-04	0.00e+00
 4.06561e+13	2.41e-32	1.45e-24	1.10e-17	1.48e-11	2.57e-06	9.99e-01	6.46e-04	0.00e+00
 4.18885e+13	3.19e-32	1.82e-24	1.30e-17	1.67e-11	2.73e-06	9.99e-01	6.07e-04	0.00e+00
 4.32091e+13	4.26e-32	2.30e-24	1.56e-17	1.90e-11	2.92e-06	9.99e-01	5.69e-04	0.00e+00
 4.48496e+13	6.03e-32	3.05e-24	1.94e-17	2.21e-11	3.16e-06	9.99e-01	5.26e-04	0.00e+00
 4.65076e+13	8.47e-32	4.02e-24	2.40e-17	2.56e-11	3.41e-06	1.00e+00	4.88e-04	0.00e+00
 4.79478e+13	1.13e-31	5.07e-24	2.87e-17	2.89e-11	3.63e-06	1.00e+00	4.58e-04	0.00e+00
 4.95033e+13	1.52e-31	6.47e-24	3.47e-17	3.29e-11	3.88e-06	1.00e+00	4.28e-04	0.00e+00
 5.14051e+13	2.17e-31	8.62e-24	4.32e-17	3.83e-11	4.20e-06	1.00e+00	3.96e-04	0.00e+00
 5.33123e+13	3.05e-31	1.14e-23	5.35e-17	4.44e-11	4.54e-06	1.00e+00	3.67e-04	0.00e+00
 5.49988e+13	4.10e-31	1.44e-23	6.42e-17	5.03e-11	4.84e-06	1.00e+00	3.44e-04	0.00e+00
 5.68433e+13	5.59e-31	1.86e-23	7.79e-17	5.75e-11	5.19e-06	1.00e+00	3.21e-04	0.00e+00
 5.90585e+13	8.00e-31	2.48e-23	9.74e-17	6.71e-11	5.62e-06	1.00e+00	2.97e-04	0.00e+00
 6.12636e+13	1.13e-30	3.29e-23	1.21e-16	7.78e-11	6.07e-06	1.00e+00	2.75e-04	0.00e+00
 6.32629e+13	1.53e-30	4.21e-23	1.46e-16	8.85e-11	6.49e-06	1.00e+00	2.57e-04	0.00e+00
 6.54870e+13	2.13e-30	5.48e-23	1.79e-16	1.02e-10	6.97e-06	1.00e+00	2.39e-04	0.00e+00
 6.80940e+13	3.07e-30	7.39e-23	2.25e-16	1.19e-10	7.57e-06	1.00e+00	2.21e-04	0.00e+00
 7.06664e+13	4.37e-30	9.82e-23	2.79e-16	1.38e-10	8.17e-06	1.00e+00	2.04e-04	0.00e+00
 7.30858e+13	6.03e-30	1.27e-22	3.41e-16	1.58e-10	8.76e-06	1.00e+00	1.91e-04	0.00e+00
 7.57833e+13	8.51e-30	1.68e-22	4.22e-16	1.83e-10	9.45e-06	1.00e+00	1.77e-04	0.00e+00
 7.88446e+13	1.24e-29	2.28e-22	5.32e-16	2.15e-10	1.03e-05	1.00e+00	1.63e-04	0.00e+00
 8.18461e+13	1.77e-29	3.04e-22	6.63e-16	2.50e-10	1.11e-05	1.00e+00	1.51e-04	0.00e+00
 8.45472e+13	2.42e-29	3.91e-22	8.03e-16	2.85e-10	1.18e-05	1.00e+00	1.41e-04	0.00e+00
 8.74457e+13	3.34e-29	5.08e-22	9.80e-16	3.26e-10	1.27e-05	1.00e+00	1.32e-04	0.00e+00
 9.04257e+13	4.60e-29	6.58e-22	1.19e-15	3.73e-10	1.36e-05	1.00e+00	1.23e-04	0.00e+00
 9.28848e+13	5.96e-29	8.10e-22	1.40e-15	4.15e-10	1.44e-05	1.00e+00	1.16e-04	0.00e+00
 9.54548e+13	7.77e-29	1.00e-21	1.64e-15	4.63e-10	1.52e-05	1.00e+00	1.10e-04	0.00e+00
 9.87958e+13	1.08e-28	1.31e-21	2.01e-15	5.32e-10	1.63e-05	1.00e+00	1.03e-04	0.00e+00
 1.02293e+14	1.51e-28	1.72e-21	2.47e-15	6.11e-10	1.75e-05	1.00e+00	9.57e-05	0.00e+00
 1.05289e+14	2.00e-28	2.15e-21	2.93e-15	6.86e-10	1.86e-05	1.00e+00	9.03e-05	0.00e+00
 1.08479e+14	2.68e-28	2.72e-21	3.50e-15	7.73e-10	1.97e-05	1.00e+00	8.50e-05	0.00e+00
 1.12502e+14	3.82e-28	3.61e-21	4.35e-15	8.94e-10	2.12e-05	1.00e+00	7.89e-05	0.00e+00
 1.16657e+14	5.45e-28	4.81e-21	5.39e-15	1.03e-09	2.28e-05	1.00e+00	7.34e-05	0.00e+00
 1.20298e+14	7.37e-28	6.12e-21	6.47e-15	1.17e-09	2.43e-05	1.00e+00	6.90e-05	0.00e+00
 1.24225e+14	1.01e-27	7.89e-21	7.83e-15	1.33e-09	2.59e-05	1.00e+00	6.47e-05	0.00e+00
 1.28989e+14	1.46e-27	1.06e-20	9.79e-15	1.54e-09	2.80e-05	1.00e+00	5.99e-05	0.00e+00
 1.33739e+14	2.09e-27	1.41e-20	1.21e-14	1.78e-09	3.01e-05	1.00e+00	5.57e-05	0.00e+00
 1.37968e+14	2.84e-27	1.81e-20	1.46e-14	2.02e-09	3.20e-05	1.00e+00	5.24e-05	0.00e+00
 1.42621e+14	3.94e-27	2.35e-20	1.78e-14	2.30e-09	3.42e-05	1.00e+00	4.90e-05	0.00e+00
 1.48171e+14	5.75e-27	3.18e-20	2.24e-14	2.68e-09	3.69e-05	1.00e+00	4.54e-05	0.00e+00
 1.53693e+14	8.27e-27	4.25e-20	2.78e-14	3.10e-09	3.97e-05	1.00e+00	4.22e-05	0.00e+00
 1.58759e+14	1.14e-26	5.50e-20	3.37e-14	3.53e-09	4.23e-05	1.00e+00	3.96e-05	0.00e+00
 1.64429e+14	1.62e-26	7.27e-20	4.16e-14	4.06e-09	4.54e-05	1.00e+00	3.69e-05	0.00e+00
 1.71001e+14	2.39e-26	9.93e-20	5.25e-14	4.74e-09	4.91e-05	1.00e+00	3.41e-05	0.00e+00
 1.77452e+14	3.45e-26	1.33e-19	6.56e-14	5.50e-09	5.29e-05	1.00e+00	3.17e-05	0.00e+00
 1.83598e+14	4.84e-26	1.75e-19	8.04e-14	6.29e-09	5.66e-05	1.00e+00	2.96e-05	0.00e+00
 1.90409e+14	6.95e-26	2.34e-19	9.99e-14	7.28e-09	6.08e-05	1.00e+00	2.75e-05	0.00e+00
 1.98056e+14	1.03e-25	3.20e-19	1.26e-13	8.51e-09	6.58e-05	1.00e+00	2.55e-05	0.00e+00
 2.05800e+14	1.50e-25	4.34e-19	1.59e-13	9.92e-09	7.11e-05	1.00e+00	2.36e-05	0.00e+00
 2.12331e+14	2.05e-25	5.56e-19	1.92e-13	1.12e-08	7.56e-05	1.00e+00	2.21e-05	0.00e+00
 2.17420e+14	2.60e-25	6.71e-19	2.21e-13	1.24e-08	7.93e-05	1.00e+00	2.11e-05	0.00e+00
 2.22949e+14	3.34e-25	8.20e-19	2.57e-13	1.37e-08	8.34e-05	1.00e+00	2.01e-05	0.00e+00
 2.30137e+14	4.56e-25	1.05e-18	3.10e-13	1.55e-08	8.89e-05	1.00e+00	1.88e-05	0.00e+00
 2.37917e+14	6.35e-25	1.37e-18	3.78e-13	1.77e-08	9.50e-05	1.00e+00	1.76e-05	0.00e+00
 2.44934e+14	8.46e-25	1.73e-18	4.50e-13	1.99e-08	1.01e-04	1.00e+00	1.66e-05	0.00e+00
 2.52522e+14	1.14e-24	2.20e-18	5.40e-13	2.25e-08	1.07e-04	1.00e+00	1.56e-05	0.00e+00
 2.61962e+14	1.64e-24	2.94e-18	6.72e-13	2.60e-08	1.15e-04	1.00e+00	1.45e-05	0.00e+00
 2.71467e+14	2.33e-24	3.90e-18	8.31e-13	3.00e-08	1.24e-04	1.00e+00	1.35e-05	0.00e+00
 2.79715e+14	3.12e-24	4.94e-18	9.93e-13	3.38e-08	1.32e-04	1.00e+00	1.27e-05	0.00e+00
 2.88671e+14	4.25e-24	6.33e-18	1.20e-12	3.84e-08	1.41e-04	1.00e+00	1.19e-05	0.00e+00
 2.99623e+14	6.11e-24	8.48e-18	1.50e-12	4.46e-08	1.52e-04	1.00e+00	1.10e-05	0.00e+00
 3.10529e+14	8.66e-24	1.12e-17	1.85e-12	5.15e-08	1.63e-04	1.00e+00	1.03e-05	0.00e+00
 3.20032e+14	1.16e-23	1.42e-17	2.21e-12	5.81e-08	1.74e-04	1.00e+00	9.65e-06	0.00e+00
 3.30354e+14	1.58e-23	1.82e-17	2.67e-12	6.61e-08	1.85e-04	1.00e+00	9.03e-06	0.00e+00
 3.42926e+14	2.27e-23	2.44e-17	3.34e-12	7.68e-08	2.00e-04	1.00e+00	8.36e-06	0.00e+00
 3.55517e+14	3.21e-23	3.23e-17	4.13e-12	8.88e-08	2.16e-04	1.00e+00	7.77e-06	0.00e+00
 3.66691e+14	4.33e-23	4.11e-17	4.97e-12	1.01e-07	2.30e-04	1.00e+00	7.29e-06	0.00e+00
 3.78930e+14	5.94e-23	5.30e-17	6.03e-12	1.15e-07	2.46e-04	1.00e+00	6.81e-06	0.00e+00
 3.93579e+14	8.54e-23	7.12e-17	7.55e-12	1.34e-07	2.66e-04	1.00e+00	6.29e-06	0.00e+00
 4.08122e+14	1.21e-22	9.43e-17	9.36e-12	1.55e-07	2.87e-04	1.00e+00	5.83e-06	0.00e+00
 4.21302e+14	1.64e-22	1.21e-16	1.13e-11	1.76e-07	3.07e-04	1.00e+00	5.46e-06	0.00e+00
 4.35949e+14	2.27e-22	1.57e-16	1.38e-11	2.02e-07	3.29e-04	1.00e+00	5.08e-06	0.00e+00
 4.53127e+14	3.28e-22	2.12e-16	1.74e-11	2.37e-07	3.57e-04	1.00e+00	4.69e-06	0.00e+00
 4.70050e+14	4.66e-22	2.81e-16	2.16e-11	2.74e-07	3.86e-04	1.00e+00	4.34e-06	0.00e+00
 4.85857e+14	6.39e-22	3.63e-16	2.63e-11	3.14e-07	4.13e-04	1.00e+00	4.05e-06	0.00e+00
 5.03529e+14	8.97e-22	4.78e-16	3.24e-11	3.62e-07	4.45e-04	1.00e+00	3.76e-06	0.00e+00
 5.22234e+14	1.27e-21	6.32e-16	4.02e-11	4.20e-07	4.81e-04	1.00e+00	3.49e-06	0.00e+00
 5.38840e+14	1.71e-21	8.06e-16	4.84e-11	4.77e-07	5.13e-04	9.99e-01	3.27e-06	0.00e+00
 5.56753e+14	2.33e-21	1.04e-15	5.87e-11	5.44e-07	5.50e-04	9.99e-01	3.05e-06	0.00e+00
 5.75187e+14	3.18e-21	1.33e-15	7.11e-11	6.20e-07	5.88e-04	9.99e-01	2.85e-06	0.00e+00
 5.90421e+14	4.07e-21	1.63e-15	8.30e-11	6.89e-07	6.22e-04	9.99e-01	2.70e-06	0.00e+00
 6.06348e+14	5.24e-21	2.00e-15	9.71e-11	7.68e-07	6.57e-04	9.99e-01	2.55e-06	0.00e+00
 6.27052e+14	7.20e-21	2.58e-15	1.18e-10	8.79e-07	7.05e-04	9.99e-01	2.38e-06	0.00e+00
 6.48635e+14	9.93e-21	3.35e-15	1.45e-10	1.01e-06	7.57e-04	9.99e-01	2.21e-06	0.00e+00
 6.66938e+14	1.30e-20	4.16e-15	1.70e-10	1.13e-06	8.02e-04	9.99e-01	2.09e-06	0.00e+00
 6.86313e+14	1.70e-20	5.18e-15	2.02e-10	1.27e-06	8.52e-04	9.99e-01	1.97e-06	0.00e+00
 7.11224e+14	2.38e-20	6.81e-15	2.49e-10	1.46e-06	9.18e-04	9.99e-01	1.82e-06	0.00e+00
 7.37103e+14	3.35e-20	8.99e-15	3.08e-10	1.69e-06	9.88e-04	9.99e-01	1.69e-06	0.00e+00
 7.59441e+14	4.45e-20	1.13e-14	3.67e-10	1.90e-06	1.05e-03	9.99e-01	1.59e-06	0.00e+00
 7.83408e+14	5.98e-20	1.44e-14	4.41e-10	2.16e-06	1.12e-03	9.99e-01	1.49e-06	0.00e+00
 8.12908e+14	8.48e-20	1.91e-14	5.48e-10	2.50e-06	1.21e-03	9.99e-01	1.38e-06	0.00e+00
 8.42828e+14	1.19e-19	2.52e-14	6.78e-10	2.90e-06	1.31e-03	9.99e-01	1.28e-06	0.00e+00
 8.69375e+14	1.61e-19	3.20e-14	8.15e-10	3.28e-06	1.39e-03	9.99e-01	1.20e-06	0.00e+00
 8.98314e+14	2.19e-19	4.11e-14	9.88e-10	3.75e-06	1.49e-03	9.99e-01	1.12e-06	0.00e+00
 9.32979e+14	3.13e-19	5.50e-14	1.23e-09	4.36e-06	1.62e-03	9.98e-01	1.03e-06	0.00e+00
 9.67419e+14	4.41e-19	7.27e-14	1.53e-09	5.05e-06	1.74e-03	9.98e-01	9.57e-07	0.00e+00
 9.98603e+14	5.94e-19	9.26e-14	1.84e-09	5.74e-06	1.87e-03	9.98e-01	0.00e+00	0.00e+00
 1.03322e+15	8.18e-19	1.20e-13	2.25e-09	6.58e-06	2.00e-03	9.98e-01	0.00e+00	0.00e+00
 1.07386e+15	1.17e-18	1.61e-13	2.83e-09	7.69e-06	2.17e-03	9.98e-01	0.00e+00	0.00e+00
 1.11406e+15	1.65e-18	2.13e-13	3.51e-09	8.93e-06	2.35e-03	9.98e-01	0.00e+00	0.00e+00
 1.15181e+15	2.26e-18	2.75e-13	4.27e-09	1.02e-05	2.52e-03	9.97e-01	0.00e+00	0.00e+00
 1.19386e+15	3.14e-18	3.60e-13	5.27e-09	1.18e-05	2.72e-03	9.97e-01	0.00e+00	0.00e+00
 1.23393e+15	4.26e-18	4.62e-13	6.40e-09	1.35e-05	2.92e-03	9.97e-01	0.00e+00	0.00e+00
 1.26364e+15	5.29e-18	5.52e-13	7.35e-09	1.49e-05	3.08e-03	9.97e-01	0.00e+00	0.00e+00
 1.29368e+15	6.56e-18	6.59e-13	8.44e-09	1.63e-05	3.24e-03	9.97e-01	0.00e+00	0.00e+00
 1.33272e+15	8.58e-18	8.22e-13	1.00e-08	1.84e-05	3.45e-03	9.97e-01	0.00e+00	0.00e+00
 1.37506e+15	1.14e-17	1.04e-12	1.21e-08	2.09e-05	3.69e-03	9.96e-01	0.00e+00	0.00e+00
 1.41318e+15	1.46e-17	1.27e-12	1.41e-08	2.34e-05	3.92e-03	9.96e-01	0.00e+00	0.00e+00
 1.45421e+15	1.88e-17	1.57e-12	1.67e-08	2.63e-05	4.18e-03	9.96e-01	0.00e+00	0.00e+00
 1.50696e+15	2.58e-17	2.04e-12	2.06e-08	3.04e-05	4.52e-03	9.95e-01	0.00e+00	0.00e+00
 1.56028e+15	3.50e-17	2.63e-12	2.52e-08	3.50e-05	4.88e-03	9.95e-01	0.00e+00	0.00e+00
 1.60400e+15	4.47e-17	3.22e-12	2.96e-08	3.91e-05	5.19e-03	9.95e-01	0.00e+00	0.00e+00
 1.64994e+15	5.70e-17	3.95e-12	3.48e-08	4.39e-05	5.53e-03	9.94e-01	0.00e+00	0.00e+00
 1.70943e+15	7.73e-17	5.09e-12	4.27e-08	5.07e-05	5.99e-03	9.94e-01	0.00e+00	0.00e+00
 1.77252e+15	1.06e-16	6.61e-12	5.27e-08	5.88e-05	6.50e-03	9.93e-01	0.00e+00	0.00e+00
 1.82812e+15	2.43e-16	8.24e-12	6.30e-08	6.66e-05	6.97e-03	9.93e-01	0.00e+00	0.00e+00
 1.88803e+15	2.20e-16	1.04e-11	7.60e-08	7.60e-05	7.50e-03	9.92e-01	0.00e+00	0.00e+00
 1.96034e+15	3.03e-16	1.35e-11	9.45e-08	8.85e-05	8.17e-03	9.92e-01	0.00e+00	0.00e+00
 2.03233e+15	4.10e-16	1.75e-11	1.16e-07	1.03e-04	8.88e-03	9.91e-01	0.00e+00	0.00e+00
 2.09665e+15	5.33e-16	2.18e-11	1.39e-07	1.16e-04	9.54e-03	9.90e-01	0.00e+00	0.00e+00
 2.16744e+15	7.08e-16	2.76e-11	1.69e-07	1.33e-04	1.03e-02	9.90e-01	0.00e+00	0.00e+00
 2.25161e+15	9.66e-16	3.60e-11	2.11e-07	1.56e-04	1.12e-02	9.89e-01	0.00e+00	0.00e+00
 2.33506e+15	1.30e-15	4.65e-11	2.61e-07	1.80e-04	1.22e-02	9.88e-01	0.00e+00	0.00e+00
 2.41156e+15	1.71e-15	5.85e-11	3.15e-07	2.06e-04	1.32e-02	9.87e-01	0.00e+00	0.00e+00
 2.49718e+15	2.26e-15	7.44e-11	3.86e-07	2.37e-04	1.43e-02	9.85e-01	0.00e+00	0.00e+00
 2.58022e+15	2.95e-15	9.36e-11	4.67e-07	2.71e-04	1.54e-02	9.84e-01	0.00e+00	0.00e+00
 2.64140e+15	3.57e-15	1.10e-10	5.35e-07	2.97e-04	1.63e-02	9.83e-01	0.00e+00	0.00e+00
 2.70241e+15	4.30e-15	1.30e-10	6.12e-07	3.26e-04	1.72e-02	9.82e-01	0.00e+00	0.00e+00
 2.78172e+15	5.45e-15	1.59e-10	7.26e-07	3.67e-04	1.84e-02	9.81e-01	0.00e+00	0.00e+00
 2.86704e+15	6.96e-15	1.97e-10	8.68e-07	4.15e-04	1.97e-02	9.80e-01	0.00e+00	0.00e+00
 2.94290e+15	8.57e-15	2.36e-10	1.01e-06	4.61e-04	2.10e-02	9.79e-01	0.00e+00	0.00e+00
 3.02424e+15	1.07e-14	2.86e-10	1.19e-06	5.15e-04	2.24e-02	9.77e-01	0.00e+00	0.00e+00
 3.12998e+15	1.42e-14	3.67e-10	1.46e-06	5.93e-04	2.42e-02	9.75e-01	0.00e+00	0.00e+00
 3.23685e+15	1.87e-14	4.65e-10	1.78e-06	6.80e-04	2.62e-02	9.73e-01	0.00e+00	0.00e+00
 3.32292e+15	2.31e-14	5.60e-10	2.08e-06	7.55e-04	2.79e-02	9.71e-01	0.00e+00	0.00e+00
 3.41254e+15	2.87e-14	6.78e-10	2.44e-06	8.42e-04	2.96e-02	9.70e-01	0.00e+00	0.00e+00
 3.52904e+15	3.80e-14	8.65e-10	2.99e-06	9.65e-04	3.20e-02	9.67e-01	0.00e+00	0.00e+00
 3.65257e+15	5.02e-14	1.11e-09	3.68e-06	1.11e-03	3.47e-02	9.64e-01	0.00e+00	0.00e+00
 3.76097e+15	6.38e-14	1.37e-09	4.39e-06	1.25e-03	3.71e-02	9.62e-01	0.00e+00	0.00e+00
 3.87760e+15	8.23e-14	1.71e-09	5.29e-06	1.42e-03	3.98e-02	9.59e-01	0.00e+00	0.00e+00
 4.02241e+15	1.12e-13	2.23e-09	6.61e-06	1.64e-03	4.33e-02	9.55e-01	0.00e+00	0.00e+00
 4.17070e+15	1.51e-13	2.91e-09	8.23e-06	1.90e-03	4.71e-02	9.51e-01	0.00e+00	0.00e+00
 4.30285e+15	1.95e-13	3.65e-09	9.96e-06	2.16e-03	5.06e-02	9.47e-01	0.00e+00	0.00e+00
 4.44715e+15	2.58e-13	4.66e-09	1.22e-05	2.47e-03	5.45e-02	9.43e-01	0.00e+00	0.00e+00
 4.61930e+15	3.55e-13	6.17e-09	1.54e-05	2.89e-03	5.95e-02	9.38e-01	0.00e+00	0.00e+00
 4.78936e+15	4.80e-13	8.05e-09	1.92e-05	3.34e-03	6.45e-02	9.32e-01	0.00e+00	0.00e+00
 4.94334e+15	6.26e-13	1.02e-08	2.33e-05	3.80e-03	6.93e-02	9.27e-01	0.00e+00	0.00e+00
 5.07631e+15	7.81e-13	1.23e-08	2.74e-05	4.23e-03	7.35e-02	9.22e-01	0.00e+00	0.00e+00
 5.19081e+15	9.42e-13	1.46e-08	3.15e-05	4.63e-03	7.72e-02	9.18e-01	0.00e+00	0.00e+00
 5.31972e+15	1.16e-12	1.75e-08	3.67e-05	5.12e-03	8.16e-02	9.13e-01	0.00e+00	0.00e+00
 5.48730e+15	1.53e-12	2.21e-08	4.44e-05	5.81e-03	8.74e-02	9.07e-01	0.00e+00	0.00e+00
 5.65993e+15	1.99e-12	2.79e-08	5.38e-05	6.59e-03	9.36e-02	9.00e-01	0.00e+00	0.00e+00
 5.80220e+15	2.46e-12	3.36e-08	6.27e-05	7.29e-03	9.88e-02	8.94e-01	0.00e+00	0.00e+00
 5.95025e+15	3.08e-12	4.08e-08	7.34e-05	8.08e-03	1.04e-01	8.87e-01	0.00e+00	0.00e+00
 6.14271e+15	4.09e-12	5.20e-08	8.94e-05	9.19e-03	1.12e-01	8.79e-01	0.00e+00	0.00e+00
 6.34323e+15	5.40e-12	6.64e-08	1.09e-04	1.05e-02	1.20e-01	8.70e-01	0.00e+00	0.00e+00
 6.51209e+15	6.81e-12	8.11e-08	1.28e-04	1.16e-02	1.27e-01	8.61e-01	0.00e+00	0.00e+00
 6.68950e+15	8.68e-12	9.99e-08	1.52e-04	1.30e-02	1.34e-01	8.53e-01	0.00e+00	0.00e+00
 6.92013e+15	1.18e-11	1.30e-07	1.88e-04	1.49e-02	1.44e-01	8.41e-01	0.00e+00	0.00e+00
 7.15920e+15	1.59e-11	1.68e-07	2.32e-04	1.71e-02	1.55e-01	8.28e-01	0.00e+00	0.00e+00
 7.35967e+15	2.03e-11	2.07e-07	2.75e-04	1.91e-02	1.64e-01	8.17e-01	0.00e+00	0.00e+00
 7.57069e+15	2.63e-11	2.59e-07	3.28e-04	2.14e-02	1.73e-01	8.05e-01	0.00e+00	0.00e+00
 7.84377e+15	3.63e-11	3.41e-07	4.10e-04	2.47e-02	1.86e-01	7.89e-01	0.00e+00	0.00e+00
 8.12106e+15	4.92e-11	4.44e-07	5.07e-04	2.83e-02	1.99e-01	7.72e-01	0.00e+00	0.00e+00
 8.35110e+15	6.31e-11	5.50e-07	6.03e-04	3.17e-02	2.10e-01	7.57e-01	0.00e+00	0.00e+00
 8.59619e+15	8.25e-11	6.90e-07	7.24e-04	3.56e-02	2.22e-01	7.41e-01	0.00e+00	0.00e+00
 8.90942e+15	1.15e-10	9.12e-07	9.05e-04	4.10e-02	2.38e-01	7.21e-01	0.00e+00	0.00e+00
 9.18898e+15	1.49e-10	1.15e-06	1.09e-03	4.62e-02	2.51e-01	7.02e-01	0.00e+00	0.00e+00
 9.38246e+15	1.79e-10	1.34e-06	1.24e-03	5.01e-02	2.60e-01	6.88e-01	0.00e+00	0.00e+00
 9.58630e+15	2.19e-10	1.59e-06	1.42e-03	5.46e-02	2.70e-01	6.74e-01	0.00e+00	0.00e+00
 9.85129e+15	2.83e-10	1.97e-06	1.69e-03	6.08e-02	2.83e-01	6.54e-01	0.00e+00	0.00e+00
 1.01228e+16	3.59e-10	2.42e-06	1.99e-03	6.74e-02	2.96e-01	6.35e-01	0.00e+00	0.00e+00
 1.03597e+16	4.43e-10	2.89e-06	2.30e-03	7.37e-02	3.07e-01	6.17e-01	0.00e+00	0.00e+00
 1.06245e+16	5.61e-10	3.53e-06	2.70e-03	8.13e-02	3.19e-01	5.97e-01	0.00e+00	0.00e+00
 1.09109e+16	7.12e-10	4.33e-06	3.19e-03	9.00e-02	3.32e-01	5.75e-01	0.00e+00	0.00e+00
 1.11777e+16	8.87e-10	5.22e-06	3.71e-03	9.86e-02	3.43e-01	5.55e-01	0.00e+00	0.00e+00
 1.14769e+16	1.14e-09	6.45e-06	4.39e-03	1.09e-01	3.55e-01	5.31e-01	0.00e+00	0.00e+00
 1.17966e+16	1.46e-09	7.98e-06	5.21e-03	1.21e-01	3.68e-01	5.06e-01	0.00e+00	0.00e+00
 1.20780e+16	1.81e-09	9.54e-06	6.03e-03	1.32e-01	3.78e-01	4.84e-01	0.00e+00	0.00e+00
 1.23786e+16	2.31e-09	1.17e-05	7.10e-03	1.45e-01	3.88e-01	4.60e-01	0.00e+00	0.00e+00
 1.27027e+16	2.92e-09	1.43e-05	8.35e-03	1.59e-01	3.98e-01	4.35e-01	0.00e+00	0.00e+00
 1.29942e+16	3.61e-09	1.71e-05	9.66e-03	1.72e-01	4.06e-01	4.12e-01	0.00e+00	0.00e+00
 1.33100e+16	4.61e-09	2.09e-05	1.13e-02	1.88e-01	4.13e-01	3.87e-01	0.00e+00	0.00e+00
 1.36491e+16	5.89e-09	2.57e-05	1.34e-02	2.06e-01	4.20e-01	3.60e-01	0.00e+00	0.00e+00
 1.39481e+16	7.27e-09	3.07e-05	1.54e-02	2.22e-01	4.24e-01	3.38e-01	0.00e+00	0.00e+00
 1.42664e+16	9.21e-09	3.74e-05	1.80e-02	2.41e-01	4.27e-01	3.13e-01	0.00e+00	0.00e+00
 1.45899e+16	1.15e-08	4.50e-05	2.10e-02	2.60e-01	4.29e-01	2.90e-01	0.00e+00	0.00e+00
 1.48493e+16	1.39e-08	5.26e-05	2.37e-02	2.76e-01	4.29e-01	2.71e-01	0.00e+00	0.00e+00
 1.51157e+16	1.69e-08	6.19e-05	2.69e-02	2.94e-01	4.28e-01	2.52e-01	0.00e+00	0.00e+00
 1.54098e+16	2.11e-08	7.42e-05	3.10e-02	3.14e-01	4.25e-01	2.30e-01	0.00e+00	0.00e+00
 1.56690e+16	2.54e-08	8.65e-05	3.50e-02	3.31e-01	4.21e-01	2.13e-01	0.00e+00	0.00e+00
 1.58934e+16	3.01e-08	9.91e-05	3.89e-02	3.47e-01	4.16e-01	1.98e-01	0.00e+00	0.00e+00
 1.61431e+16	3.64e-08	1.16e-04	4.39e-02	3.65e-01	4.09e-01	1.82e-01	0.00e+00	0.00e+00
 1.64136e+16	4.53e-08	1.38e-04	5.01e-02	3.85e-01	4.01e-01	1.64e-01	0.00e+00	0.00e+00
 1.66480e+16	5.43e-08	1.60e-04	5.61e-02	4.02e-01	3.92e-01	1.50e-01	0.00e+00	0.00e+00
 1.68535e+16	6.35e-08	1.81e-04	6.19e-02	4.17e-01	3.83e-01	1.38e-01	0.00e+00	0.00e+00
 1.70843e+16	7.50e-08	2.08e-04	6.93e-02	4.34e-01	3.72e-01	1.24e-01	0.00e+00	0.00e+00
 1.73339e+16	9.56e-08	2.51e-04	7.88e-02	4.53e-01	3.58e-01	1.10e-01	0.00e+00	0.00e+00
 1.75446e+16	1.15e-07	2.90e-04	8.77e-02	4.68e-01	3.45e-01	9.89e-02	0.00e+00	0.00e+00
 1.77203e+16	1.36e-07	3.32e-04	9.62e-02	4.81e-01	3.33e-01	8.95e-02	0.00e+00	0.00e+00
 1.79139e+16	1.56e-07	3.73e-04	1.06e-01	4.94e-01	3.19e-01	8.02e-02	0.00e+00	0.00e+00
 1.81299e+16	1.91e-07	4.35e-04	1.19e-01	5.08e-01	3.02e-01	7.00e-02	0.00e+00	0.00e+00
 1.83210e+16	2.46e-07	5.25e-04	1.33e-01	5.21e-01	2.86e-01	6.05e-02	0.00e+00	0.00e+00
 1.84692e+16	2.84e-07	5.87e-04	1.43e-01	5.29e-01	2.72e-01	5.43e-02	0.00e+00	0.00e+00
 1.86153e+16	3.18e-07	6.45e-04	1.55e-01	5.38e-01	2.59e-01	4.84e-02	0.00e+00	0.00e+00
 1.88053e+16	3.87e-07	7.51e-04	1.72e-01	5.47e-01	2.39e-01	4.10e-02	0.00e+00	0.00e+00
 1.89911e+16	4.76e-07	8.80e-04	1.90e-01	5.54e-01	2.20e-01	3.43e-02	0.00e+00	0.00e+00
 1.91239e+16	5.90e-07	1.03e-03	2.07e-01	5.58e-01	2.05e-01	2.93e-02	0.00e+00	0.00e+00
 1.92186e+16	6.71e-07	1.13e-03	2.18e-01	5.61e-01	1.94e-01	2.61e-02	0.00e+00	0.00e+00
 1.93114e+16	7.29e-07	1.21e-03	2.29e-01	5.63e-01	1.83e-01	2.34e-02	0.00e+00	0.00e+00
 1.94320e+16	8.82e-07	1.39e-03	2.47e-01	5.64e-01	1.68e-01	1.97e-02	0.00e+00	0.00e+00
 1.95374e+16	9.79e-07	1.50e-03	2.61e-01	5.64e-01	1.56e-01	1.71e-02	0.00e+00	0.00e+00
 1.96066e+16	1.13e-06	1.66e-03	2.73e-01	5.63e-01	1.47e-01	1.51e-02	0.00e+00	0.00e+00
 1.96638e+16	1.21e-06	1.75e-03	2.81e-01	5.63e-01	1.40e-01	1.38e-02	0.00e+00	0.00e+00
 1.97217e+16	1.32e-06	1.87e-03	2.91e-01	5.62e-01	1.33e-01	1.24e-02	0.00e+00	0.00e+00
 1.97969e+16	1.48e-06	2.03e-03	3.03e-01	5.60e-01	1.24e-01	1.08e-02	0.00e+00	0.00e+00
 1.98760e+16	1.67e-06	2.21e-03	3.17e-01	5.57e-01	1.14e-01	9.26e-03	0.00e+00	0.00e+00
 1.99424e+16	1.86e-06	2.40e-03	3.29e-01	5.54e-01	1.06e-01	8.03e-03	0.00e+00	0.00e+00
 1.99989e+16	2.02e-06	2.55e-03	3.39e-01	5.52e-01	9.95e-02	7.12e-03	0.00e+00	0.00e+00
 2.00603e+16	2.18e-06	2.70e-03	3.50e-01	5.49e-01	9.24e-02	6.21e-03	0.00e+00	0.00e+00
 2.01402e+16	2.56e-06	3.02e-03	3.66e-01	5.43e-01	8.29e-02	5.03e-03	0.00e+00	0.00e+00
 2.02139e+16	2.81e-06	3.23e-03	3.79e-01	5.38e-01	7.52e-02	4.20e-03	0.00e+00	0.00e+00
 2.02699e+16	3.20e-06	3.54e-03	3.91e-01	5.33e-01	6.89e-02	3.54e-03	0.00e+00	0.00e+00
 2.03208e+16	3.48e-06	3.76e-03	4.01e-01	5.28e-01	6.37e-02	3.06e-03	0.00e+00	0.00e+00
 2.03748e+16	3.74e-06	3.96e-03	4.11e-01	5.24e-01	5.85e-02	2.61e-03	0.00e+00	0.00e+00
 2.04449e+16	4.36e-06	4.41e-03	4.27e-01	5.15e-01	5.15e-02	2.05e-03	0.00e+00	0.00e+00
 2.05136e+16	4.90e-06	4.79e-03	4.40e-01	5.08e-01	4.57e-02	1.64e-03	0.00e+00	0.00e+00
 2.05696e+16	5.41e-06	5.14e-03	4.51e-01	5.01e-01	4.11e-02	1.34e-03	0.00e+00	0.00e+00
 2.06316e+16	6.07e-06	5.58e-03	4.64e-01	4.93e-01	3.63e-02	1.06e-03	0.00e+00	0.00e+00
 2.07122e+16	7.06e-06	6.19e-03	4.80e-01	4.82e-01	3.07e-02	7.78e-04	0.00e+00	0.00e+00
 2.07939e+16	8.17e-06	6.86e-03	4.95e-01	4.71e-01	2.59e-02	5.65e-04	0.00e+00	0.00e+00
 2.08614e+16	9.23e-06	7.48e-03	5.08e-01	4.62e-01	2.23e-02	4.28e-04	0.00e+00	0.00e+00
 2.09337e+16	1.05e-05	8.20e-03	5.22e-01	4.51e-01	1.89e-02	3.14e-04	0.00e+00	0.00e+00
 2.10275e+16	1.25e-05	9.24e-03	5.39e-01	4.36e-01	1.52e-02	2.08e-04	0.00e+00	0.00e+00
 2.11274e+16	1.49e-05	1.04e-02	5.56e-01	4.21e-01	1.21e-02	1.35e-04	0.00e+00	0.00e+00
 2.12004e+16	1.69e-05	1.14e-02	5.68e-01	4.10e-01	1.02e-02	9.87e-05	0.00e+00	0.00e+00
 2.12490e+16	1.85e-05	1.21e-02	5.76e-01	4.02e-01	9.14e-03	7.97e-05	0.00e+00	0.00e+00
 2.13003e+16	2.03e-05	1.29e-02	5.85e-01	3.94e-01	8.07e-03	6.31e-05	0.00e+00	0.00e+00
 2.13671e+16	2.28e-05	1.40e-02	5.96e-01	3.83e-01	6.87e-03	4.65e-05	0.00e+00	0.00e+00
 2.14539e+16	2.65e-05	1.55e-02	6.09e-01	3.69e-01	5.57e-03	3.14e-05	0.00e+00	0.00e+00
 2.15422e+16	3.10e-05	1.72e-02	6.23e-01	3.55e-01	4.54e-03	2.13e-05	0.00e+00	0.00e+00
 2.16130e+16	3.51e-05	1.88e-02	6.33e-01	3.44e-01	3.86e-03	1.57e-05	0.00e+00	0.00e+00
 2.16860e+16	4.00e-05	2.05e-02	6.44e-01	3.32e-01	3.24e-03	1.13e-05	0.00e+00	0.00e+00
 2.17664e+16	4.61e-05	2.26e-02	6.56e-01	3.19e-01	2.69e-03	7.96e-06	0.00e+00	0.00e+00
 2.18389e+16	5.27e-05	2.47e-02	6.66e-01	3.07e-01	2.27e-03	5.81e-06	0.00e+00	0.00e+00
 2.19034e+16	5.93e-05	2.68e-02	6.75e-01	2.96e-01	1.95e-03	4.39e-06	0.00e+00	0.00e+00
 2.19754e+16	6.77e-05	2.93e-02	6.85e-01	2.84e-01	1.64e-03	3.19e-06	0.00e+00	0.00e+00
 2.20545e+16	7.85e-05	3.24e-02	6.96e-01	2.71e-01	1.36e-03	2.27e-06	0.00e+00	0.00e+00
 2.21248e+16	9.01e-05	3.56e-02	7.05e-01	2.59e-01	1.16e-03	1.67e-06	0.00e+00	0.00e+00
 2.21861e+16	1.02e-04	3.85e-02	7.12e-01	2.48e-01	9.99e-04	1.28e-06	0.00e+00	0.00e+00
 2.22536e+16	1.16e-04	4.22e-02	7.20e-01	2.36e-01	8.45e-04	9.47e-07	0.00e+00	0.00e+00
 2.23281e+16	1.35e-04	4.67e-02	7.29e-01	2.24e-01	7.06e-04	0.00e+00	0.00e+00	0.00e+00
 2.23948e+16	1.55e-04	5.13e-02	7.36e-01	2.12e-01	5.98e-04	0.00e+00	0.00e+00	0.00e+00
 2.24522e+16	1.76e-04	5.58e-02	7.42e-01	2.02e-01	5.17e-04	0.00e+00	0.00e+00	0.00e+00
 2.25140e+16	2.01e-04	6.10e-02	7.47e-01	1.91e-01	4.40e-04	0.00e+00	0.00e+00	0.00e+00
 2.25825e+16	2.34e-04	6.76e-02	7.53e-01	1.79e-01	3.67e-04	0.00e+00	0.00e+00	0.00e+00
 2.26437e+16	2.70e-04	7.43e-02	7.56e-01	1.69e-01	3.12e-04	0.00e+00	0.00e+00	0.00e+00
 2.26966e+16	3.05e-04	8.08e-02	7.59e-01	1.59e-01	2.69e-04	0.00e+00	0.00e+00	0.00e+00
 2.27546e+16	3.51e-04	8.86e-02	7.61e-01	1.49e-01	2.28e-04	0.00e+00	0.00e+00	0.00e+00
 2.28183e+16	4.10e-04	9.84e-02	7.63e-01	1.38e-01	1.89e-04	0.00e+00	0.00e+00	0.00e+00
 2.28741e+16	4.73e-04	1.08e-01	7.62e-01	1.29e-01	1.60e-04	0.00e+00	0.00e+00	0.00e+00
 2.29218e+16	5.38e-04	1.18e-01	7.61e-01	1.21e-01	1.38e-04	0.00e+00	0.00e+00	0.00e+00
 2.29739e+16	6.17e-04	1.29e-01	7.59e-01	1.12e-01	1.17e-04	0.00e+00	0.00e+00	0.00e+00
 2.30322e+16	7.23e-04	1.43e-01	7.54e-01	1.02e-01	9.59e-05	0.00e+00	0.00e+00	0.00e+00
 2.30847e+16	8.43e-04	1.58e-01	7.48e-01	9.36e-02	7.99e-05	0.00e+00	0.00e+00	0.00e+00
 2.31296e+16	9.61e-04	1.72e-01	7.41e-01	8.63e-02	6.77e-05	0.00e+00	0.00e+00	0.00e+00
 2.31787e+16	1.11e-03	1.89e-01	7.32e-01	7.86e-02	5.61e-05	0.00e+00	0.00e+00	0.00e+00
 2.32333e+16	1.31e-03	2.10e-01	7.19e-01	7.02e-02	4.52e-05	0.00e+00	0.00e+00	0.00e+00
 2.32831e+16	1.54e-03	2.32e-01	7.04e-01	6.27e-02	3.66e-05	0.00e+00	0.00e+00	0.00e+00
 2.33267e+16	1.77e-03	2.54e-01	6.88e-01	5.63e-02	3.01e-05	0.00e+00	0.00e+00	0.00e+00
 2.33744e+16	2.07e-03	2.80e-01	6.68e-01	4.96e-02	2.40e-05	0.00e+00	0.00e+00	0.00e+00
 2.34281e+16	2.49e-03	3.13e-01	6.42e-01	4.24e-02	1.83e-05	0.00e+00	0.00e+00	0.00e+00
 2.34781e+16	2.99e-03	3.48e-01	6.13e-01	3.60e-02	1.39e-05	0.00e+00	0.00e+00	0.00e+00
 2.35230e+16	3.51e-03	3.83e-01	5.83e-01	3.05e-02	1.07e-05	0.00e+00	0.00e+00	0.00e+00
 2.35730e+16	4.21e-03	4.25e-01	5.45e-01	2.50e-02	7.75e-06	0.00e+00	0.00e+00	0.00e+00
 2.36263e+16	5.17e-03	4.76e-01	4.99e-01	1.96e-02	5.31e-06	0.00e+00	0.00e+00	0.00e+00
 2.36705e+16	6.18e-03	5.23e-01	4.55e-01	1.55e-02	3.73e-06	0.00e+00	0.00e+00	0.00e+00
 2.37048e+16	7.12e-03	5.62e-01	4.18e-01	1.26e-02	2.76e-06	0.00e+00	0.00e+00	0.00e+00
 2.37352e+16	8.07e-03	5.97e-01	3.85e-01	1.04e-02	2.08e-06	0.00e+00	0.00e+00	0.00e+00
 2.37701e+16	9.27e-03	6.37e-01	3.46e-01	8.14e-03	1.46e-06	0.00e+00	0.00e+00	0.00e+00
 2.38080e+16	1.09e-02	6.82e-01	3.01e-01	6.06e-03	9.65e-07	0.00e+00	0.00e+00	0.00e+00
 2.38405e+16	1.25e-02	7.21e-01	2.62e-01	4.52e-03	0.00e+00	0.00e+00	0.00e+00	0.00e+00
 2.38668e+16	1.41e-02	7.52e-01	2.31e-01	3.50e-03	0.00e+00	0.00e+00	0.00e+00	0.00e+00
 2.38942e+16	1.58e-02	7.82e-01	2.00e-01	2.61e-03	0.00e+00	0.00e+00	0.00e+00	0.00e+00
 2.39245e+16	1.81e-02	8.13e-01	1.67e-01	1.84e-03	0.00e+00	0.00e+00	0.00e+00	0.00e+00
 2.39512e+16	2.04e-02	8.39e-01	1.39e-01	1.30e-03	0.00e+00	0.00e+00	0.00e+00	0.00e+00
 2.39733e+16	2.28e-02	8.58e-01	1.18e-01	9.52e-04	0.00e+00	0.00e+00	0.00e+00	0.00e+00
 2.39967e+16	2.54e-02	8.76e-01	9.84e-02	6.73e-04	0.00e+00	0.00e+00	0.00e+00	0.00e+00
 2.40226e+16	2.88e-02	8.92e-01	7.85e-02	4.43e-04	0.00e+00	0.00e+00	0.00e+00	0.00e+00
 2.40454e+16	3.23e-02	9.05e-01	6.28e-02	2.94e-04	0.00e+00	0.00e+00	0.00e+00	0.00e+00
 2.40641e+16	3.56e-02	9.13e-01	5.15e-02	2.05e-04	0.00e+00	0.00e+00	0.00e+00	0.00e+00
 2.40839e+16	3.95e-02	9.19e-01	4.15e-02	1.38e-04	0.00e+00	0.00e+00	0.00e+00	0.00e+00
 2.41051e+16	4.42e-02	9.23e-01	3.23e-02	8.76e-05	0.00e+00	0.00e+00	0.00e+00	0.00e+00
 2.41231e+16	4.88e-02	9.26e-01	2.55e-02	5.75e-05	0.00e+00	0.00e+00	0.00e+00	0.00e+00
 2.41378e+16	5.30e-02	9.26e-01	2.09e-02	4.03e-05	0.00e+00	0.00e+00	0.00e+00	0.00e+00
 2.41526e+16	5.77e-02	9.25e-01	1.70e-02	2.77e-05	0.00e+00	0.00e+00	0.00e+00	0.00e+00
 2.41689e+16	6.34e-02	9.23e-01	1.34e-02	1.80e-05	0.00e+00	0.00e+00	0.00e+00	0.00e+00
 2.41840e+16	6.90e-02	9.20e-01	1.05e-02	1.18e-05	0.00e+00	0.00e+00	0.00e+00	0.00e+00
 2.41972e+16	7.48e-02	9.17e-01	8.50e-03	8.03e-06	0.00e+00	0.00e+00	0.00e+00	0.00e+00
 2.42093e+16	8.03e-02	9.13e-01	6.94e-03	5.59e-06	0.00e+00	0.00e+00	0.00e+00	0.00e+00
 2.42204e+16	8.58e-02	9.09e-01	5.72e-03	3.96e-06	0.00e+00	0.00e+00	0.00e+00	0.00e+00
 2.42305e+16	9.10e-02	9.04e-01	4.78e-03	2.88e-06	0.00e+00	0.00e+00	0.00e+00	0.00e+00
 2.42398e+16	9.62e-02	9.00e-01	4.03e-03	2.12e-06	0.00e+00	0.00e+00	0.00e+00	0.00e+00
 2.42489e+16	1.01e-01	8.95e-01	3.40e-03	1.57e-06	0.00e+00	0.00e+00	0.00e+00	0.00e+00
 2.42561e+16	1.06e-01	8.91e-01	2.97e-03	1.23e-06	0.00e+00	0.00e+00	0.00e+00	0.00e+00
 2.42607e+16	1.09e-01	8.89e-01	2.72e-03	1.05e-06	0.00e+00	0.00e+00	0.00e+00	0.00e+00
 2.42649e+16	1.11e-01	8.86e-01	2.51e-03	9.11e-07	0.00e+00	0.00e+00	0.00e+00	0.00e+00
 2.42697e+16	1.14e-01	8.83e-01	2.28e-03	0.00e+00	0.00e+00	0.00e+00	0.00e+00	0.00e+00
 2.42752e+16	1.18e-01	8.80e-01	2.04e-03	0.00e+00	0.00e+00	0.00e+00	0.00e+00	0.00e+00
 2.42806e+16	1.22e-01	8.76e-01	1.83e-03	0.00e+00	0.00e+00	0.00e+00	0.00e+00	0.00e+00
 2.42854e+16	1.25e-01	8.73e-01	1.66e-03	0.00e+00	0.00e+00	0.00e+00	0.00e+00	0.00e+00
 2.42902e+16	1.29e-01	8.70e-01	1.51e-03	0.00e+00	0.00e+00	0.00e+00	0.00e+00	0.00e+00
 2.42950e+16	1.32e-01	8.66e-01	1.36e-03	0.00e+00	0.00e+00	0.00e+00	0.00e+00	0.00e+00
 2.42999e+16	1.36e-01	8.63e-01	1.23e-03	0.00e+00	0.00e+00	0.00e+00	0.00e+00	0.00e+00
 2.43047e+16	1.40e-01	8.59e-01	1.11e-03	0.00e+00	0.00e+00	0.00e+00	0.00e+00	0.00e+00
 2.43095e+16	1.44e-01	8.55e-01	1.01e-03	0.00e+00	0.00e+00	0.00e+00	0.00e+00	0.00e+00
 2.43142e+16	1.48e-01	8.51e-01	9.09e-04	0.00e+00	0.00e+00	0.00e+00	0.00e+00	0.00e+00
 2.43189e+16	1.52e-01	8.47e-01	8.20e-04	0.00e+00	0.00e+00	0.00e+00	0.00e+00	0.00e+00
 2.43236e+16	1.56e-01	8.43e-01	7.41e-04	0.00e+00	0.00e+00	0.00e+00	0.00e+00	0.00e+00
 2.43283e+16	1.61e-01	8.39e-01	6.68e-04	0.00e+00	0.00e+00	0.00e+00	0.00e+00	0.00e+00
 2.43329e+16	1.65e-01	8.35e-01	6.02e-04	0.00e+00	0.00e+00	0.00e+00	0.00e+00	0.00e+00
 2.43375e+16	1.70e-01	8.30e-01	5.44e-04	0.00e+00	0.00e+00	0.00e+00	0.00e+00	0.00e+00
 2.43420e+16	1.74e-01	8.25e-01	4.91e-04	0.00e+00	0.00e+00	0.00e+00	0.00e+00	0.00e+00
 2.43466e+16	1.79e-01	8.21e-01	4.42e-04	0.00e+00	0.00e+00	0.00e+00	0.00e+00	0.00e+00
 2.43512e+16	1.84e-01	8.15e-01	3.98e-04	0.00e+00	0.00e+00	0.00e+00	0.00e+00	0.00e+00
 2.43557e+16	1.89e-01	8.10e-01	3.59e-04	0.00e+00	0.00e+00	0.00e+00	0.00e+00	0.00e+00
 2.43603e+16	1.95e-01	8.05e-01	3.23e-04	0.00e+00	0.00e+00	0.00e+00	0.00e+00	0.00e+00
 2.43649e+16	2.00e-01	7.99e-01	2.91e-04	0.00e+00	0.00e+00	0.00e+00	0.00e+00	0.00e+00
 2.43694e+16	2.06e-01	7.93e-01	2.62e-04	0.00e+00	0.00e+00	0.00e+00	0.00e+00	0.00e+00
 2.43740e+16	2.13e-01	7.87e-01	2.35e-04	0.00e+00	0.00e+00	0.00e+00	0.00e+00	0.00e+00
 2.43785e+16	2.19e-01	7.81e-01	2.11e-04	0.00e+00	0.00e+00	0.00e+00	0.00e+00	0.00e+00
 2.43831e+16	2.26e-01	7.73e-01	1.90e-04	0.00e+00	0.00e+00	0.00e+00	0.00e+00	0.00e+00
 2.43875e+16	2.34e-01	7.66e-01	1.71e-04	0.00e+00	0.00e+00	0.00e+00	0.00e+00	0.00e+00
 2.43919e+16	2.41e-01	7.59e-01	1.54e-04	0.00e+00	0.00e+00	0.00e+00	0.00e+00	0.00e+00
 2.43964e+16	2.49e-01	7.51e-01	1.39e-04	0.00e+00	0.00e+00	0.00e+00	0.00e+00	0.00e+00
 2.44008e+16	2.58e-01	7.42e-01	1.25e-04	0.00e+00	0.00e+00	0.00e+00	0.00e+00	0.00e+00
 2.44052e+16	2.66e-01	7.34e-01	1.13e-04	0.00e+00	0.00e+00	0.00e+00	0.00e+00	0.00e+00
 2.44096e+16	2.75e-01	7.25e-01	1.02e-04	0.00e+00	0.00e+00	0.00e+00	0.00e+00	0.00e+00
 2.44141e+16	2.85e-01	7.15e-01	9.19e-05	0.00e+00	0.00e+00	0.00e+00	0.00e+00	0.00e+00
 2.44186e+16	2.96e-01	7.04e-01	8.28e-05	0.00e+00	0.00e+00	0.00e+00	0.00e+00	0.00e+00
 2.44231e+16	3.07e-01	6.93e-01	7.47e-05	0.00e+00	0.00e+00	0.00e+00	0.00e+00	0.00e+00
 2.44277e+16	3.19e-01	6.81e-01	6.74e-05	0.00e+00	0.00e+00	0.00e+00	0.00e+00	0.00e+00
 2.44323e+16	3.32e-01	6.68e-01	6.08e-05	0.00e+00	0.00e+00	0.00e+00	0.00e+00	0.00e+00
 2.44371e+16	3.44e-01	6.56e-01	5.48e-05	0.00e+00	0.00e+00	0.00e+00	0.00e+00	0.00e+00
 2.44421e+16	3.59e-01	6.41e-01	4.93e-05	0.00e+00	0.00e+00	0.00e+00	0.00e+00	0.00e+00
 2.44472e+16	3.74e-01	6.26e-01	4.43e-05	0.00e+00	0.00e+00	0.00e+00	0.00e+00	0.00e+00
 2.44525e+16	3.90e-01	6.10e-01	3.98e-05	0.00e+00	0.00e+00	0.00e+00	0.00e+00	0.00e+00
 2.44580e+16	4.10e-01	5.90e-01	3.56e-05	0.00e+00	0.00e+00	0.00e+00	0.00e+00	0.00e+00
 2.44638e+16	4.28e-01	5.72e-01	3.19e-05	0.00e+00	0.00e+00	0.00e+00	0.00e+00	0.00e+00
 2.44699e+16	4.48e-01	5.52e-01	2.86e-05	0.00e+00	0.00e+00	0.00e+00	0.00e+00	0.00e+00
 2.44765e+16	4.69e-01	5.31e-01	2.56e-05	0.00e+00	0.00e+00	0.00e+00	0.00e+00	0.00e+00
 2.44838e+16	4.91e-01	5.09e-01	2.28e-05	0.00e+00	0.00e+00	0.00e+00	0.00e+00	0.00e+00
 2.44917e+16	5.14e-01	4.86e-01	2.04e-05	0.00e+00	0.00e+00	0.00e+00	0.00e+00	0.00e+00
 2.45007e+16	5.38e-01	4.62e-01	1.81e-05	0.00e+00	0.00e+00	0.00e+00	0.00e+00	0.00e+00
 2.45109e+16	5.62e-01	4.38e-01	1.61e-05	0.00e+00	0.00e+00	0.00e+00	0.00e+00	0.00e+00
