#depth	He	He+	He+2
 1.49634e+10	9.41e-23	6.09e-12	1.00e+00
 4.54887e+10	1.06e-22	6.59e-12	1.00e+00
 7.72350e+10	1.19e-22	7.14e-12	1.00e+00
 1.10251e+11	1.33e-22	7.73e-12	1.00e+00
 1.42356e+11	1.49e-22	8.32e-12	1.00e+00
 1.72727e+11	1.65e-22	8.91e-12	1.00e+00
 2.06546e+11	1.83e-22	9.59e-12	1.00e+00
 2.43821e+11	2.07e-22	1.04e-11	1.00e+00
 2.79829e+11	2.31e-22	1.11e-11	1.00e+00
 3.18191e+11	2.59e-22	1.20e-11	1.00e+00
 3.60846e+11	2.93e-22	1.30e-11	1.00e+00
 4.03392e+11	3.31e-22	1.41e-11	1.00e+00
 4.47640e+11	3.74e-22	1.52e-11	1.00e+00
 4.95472e+11	4.25e-22	1.65e-11	1.00e+00
 5.45218e+11	4.84e-22	1.79e-11	1.00e+00
 5.96953e+11	5.53e-22	1.94e-11	1.00e+00
 6.50758e+11	6.31e-22	2.10e-11	1.00e+00
 7.01710e+11	7.15e-22	2.27e-11	1.00e+00
 7.48064e+11	7.95e-22	2.42e-11	1.00e+00
 8.00576e+11	8.95e-22	2.60e-11	1.00e+00
 8.61825e+11	1.03e-21	2.82e-11	1.00e+00
 9.23115e+11	1.17e-21	3.05e-11	1.00e+00
 9.86857e+11	1.34e-21	3.31e-11	1.00e+00
 1.04886e+12	1.52e-21	3.56e-11	1.00e+00
 1.10168e+12	1.69e-21	3.79e-11	1.00e+00
 1.15881e+12	1.88e-21	4.04e-11	1.00e+00
 1.22988e+12	2.15e-21	4.37e-11	1.00e+00
 1.30199e+12	2.47e-21	4.72e-11	1.00e+00
 1.36495e+12	2.76e-21	5.04e-11	1.00e+00
 1.43315e+12	3.09e-21	5.40e-11	1.00e+00
 1.51609e+12	3.56e-21	5.85e-11	1.00e+00
 1.59918e+12	4.11e-21	6.34e-11	1.00e+00
 1.67320e+12	4.64e-21	6.78e-11	1.00e+00
 1.75447e+12	5.26e-21	7.29e-11	1.00e+00
 1.85137e+12	6.11e-21	7.92e-11	1.00e+00
 1.94822e+12	7.08e-21	8.59e-11	1.00e+00
 2.03786e+12	8.04e-21	9.24e-11	1.00e+00
 2.13821e+12	9.23e-21	1.00e-10	1.00e+00
 2.25004e+12	1.08e-20	1.09e-10	1.00e+00
 2.35887e+12	1.24e-20	1.18e-10	1.00e+00
 2.46511e+12	1.42e-20	1.27e-10	1.00e+00
 2.58307e+12	1.63e-20	1.38e-10	1.00e+00
 2.71242e+12	1.91e-20	1.50e-10	1.00e+00
 2.83614e+12	2.20e-20	1.63e-10	1.00e+00
 2.95071e+12	2.49e-20	1.75e-10	1.00e+00
 3.07694e+12	2.84e-20	1.89e-10	1.00e+00
 3.20987e+12	3.27e-20	2.05e-10	1.00e+00
 3.32463e+12	3.66e-20	2.19e-10	1.00e+00
 3.44695e+12	4.10e-20	2.34e-10	1.00e+00
 3.60138e+12	4.74e-20	2.55e-10	1.00e+00
 3.76064e+12	5.49e-20	2.77e-10	1.00e+00
 3.90069e+12	6.19e-20	2.97e-10	1.00e+00
 4.05267e+12	7.01e-20	3.20e-10	1.00e+00
 4.23631e+12	8.14e-20	3.50e-10	1.00e+00
 4.42351e+12	9.43e-20	3.82e-10	1.00e+00
 4.59865e+12	1.07e-19	4.13e-10	1.00e+00
 4.79298e+12	1.23e-19	4.49e-10	1.00e+00
 5.01463e+12	1.44e-19	4.93e-10	1.00e+00
 5.23495e+12	1.66e-19	5.38e-10	1.00e+00
 5.46409e+12	1.92e-19	5.89e-10	1.00e+00
 5.71258e+12	2.23e-19	6.46e-10	1.00e+00
 5.94561e+12	2.55e-19	7.03e-10	1.00e+00
 6.15316e+12	2.86e-19	7.56e-10	1.00e+00
 6.38590e+12	3.24e-19	8.19e-10	1.00e+00
 6.66276e+12	3.73e-19	8.97e-10	1.00e+00
 6.94116e+12	4.29e-19	9.80e-10	1.00e+00
 7.20273e+12	4.85e-19	1.06e-09	1.00e+00
 7.49280e+12	5.52e-19	1.16e-09	1.00e+00
 7.78108e+12	6.27e-19	1.26e-09	1.00e+00
 8.01263e+12	6.90e-19	1.34e-09	1.00e+00
 8.25383e+12	7.59e-19	1.43e-09	1.00e+00
 8.56738e+12	8.58e-19	1.56e-09	1.00e+00
 8.89754e+12	9.73e-19	1.70e-09	1.00e+00
 9.18131e+12	1.08e-18	1.82e-09	1.00e+00
 9.48225e+12	1.19e-18	1.96e-09	1.00e+00
 9.86036e+12	1.35e-18	2.14e-09	1.00e+00
 1.02461e+13	1.53e-18	2.34e-09	1.00e+00
 1.05806e+13	1.70e-18	2.51e-09	1.00e+00
 1.09411e+13	1.89e-18	2.71e-09	1.00e+00
 1.13827e+13	2.15e-18	2.97e-09	1.00e+00
 1.18330e+13	2.44e-18	3.25e-09	1.00e+00
 1.22424e+13	2.71e-18	3.52e-09	1.00e+00
 1.26956e+13	3.05e-18	3.83e-09	1.00e+00
 1.32257e+13	3.47e-18	4.21e-09	1.00e+00
 1.37238e+13	3.91e-18	4.58e-09	1.00e+00
 1.41562e+13	4.31e-18	4.93e-09	1.00e+00
 1.46351e+13	4.80e-18	5.32e-09	1.00e+00
 1.52188e+13	5.45e-18	5.82e-09	1.00e+00
 1.58167e+13	6.19e-18	6.36e-09	1.00e+00
 1.63365e+13	6.89e-18	6.86e-09	1.00e+00
 1.68769e+13	7.69e-18	7.38e-09	1.00e+00
 1.75410e+13	8.77e-18	8.07e-09	1.00e+00
 1.81715e+13	9.91e-18	8.75e-09	1.00e+00
 1.86751e+13	1.09e-17	9.30e-09	1.00e+00
 1.92080e+13	1.20e-17	9.91e-09	1.00e+00
 1.99007e+13	1.37e-17	1.07e-08	1.00e+00
 2.06479e+13	1.56e-17	1.17e-08	1.00e+00
 2.13187e+13	1.75e-17	1.25e-08	1.00e+00
 2.20433e+13	1.98e-17	1.35e-08	1.00e+00
 2.29169e+13	2.29e-17	1.47e-08	1.00e+00
 2.37993e+13	2.64e-17	1.60e-08	1.00e+00
 2.45874e+13	2.99e-17	1.72e-08	1.00e+00
 2.54376e+13	3.41e-17	1.85e-08	1.00e+00
 2.64515e+13	3.96e-17	2.01e-08	1.00e+00
 2.74535e+13	4.57e-17	2.18e-08	1.00e+00
 2.83634e+13	5.19e-17	2.34e-08	1.00e+00
 2.93782e+13	5.95e-17	2.52e-08	1.00e+00
 3.05658e+13	6.95e-17	2.74e-08	1.00e+00
 3.16524e+13	7.98e-17	2.95e-08	1.00e+00
 3.24979e+13	8.85e-17	3.12e-08	1.00e+00
 3.33556e+13	9.81e-17	3.30e-08	1.00e+00
 3.44706e+13	1.12e-16	3.54e-08	1.00e+00
 3.56568e+13	1.28e-16	3.80e-08	1.00e+00
 3.66949e+13	1.43e-16	4.04e-08	1.00e+00
 3.78040e+13	1.61e-16	4.30e-08	1.00e+00
 3.92144e+13	1.87e-16	4.65e-08	1.00e+00
 4.06561e+13	2.16e-16	5.02e-08	1.00e+00
 4.18885e+13	2.43e-16	5.34e-08	1.00e+00
 4.32091e+13	2.75e-16	5.70e-08	1.00e+00
 4.48496e+13	3.20e-16	6.16e-08	1.00e+00
 4.65076e+13	3.70e-16	6.65e-08	1.00e+00
 4.79478e+13	4.18e-16	7.09e-08	1.00e+00
 4.95033e+13	4.75e-16	7.57e-08	1.00e+00
 5.14051e+13	5.53e-16	8.20e-08	1.00e+00
 5.33123e+13	6.41e-16	8.85e-08	1.00e+00
 5.49988e+13	7.27e-16	9.44e-08	1.00e+00
 5.68433e+13	8.30e-16	1.01e-07	1.00e+00
 5.90585e+13	9.70e-16	1.10e-07	1.00e+00
 6.12636e+13	1.12e-15	1.18e-07	1.00e+00
 6.32629e+13	1.28e-15	1.26e-07	1.00e+00
 6.54870e+13	1.47e-15	1.36e-07	1.00e+00
 6.80940e+13	1.73e-15	1.47e-07	1.00e+00
 7.06664e+13	2.00e-15	1.59e-07	1.00e+00
 7.30858e+13	2.30e-15	1.71e-07	1.00e+00
 7.57833e+13	2.66e-15	1.84e-07	1.00e+00
 7.88446e+13	3.12e-15	2.00e-07	1.00e+00
 8.18461e+13	3.63e-15	2.16e-07	1.00e+00
 8.45472e+13	4.13e-15	2.30e-07	1.00e+00
 8.74457e+13	4.73e-15	2.47e-07	1.00e+00
 9.04257e+13	5.42e-15	2.65e-07	1.00e+00
 9.28848e+13	6.04e-15	2.80e-07	1.00e+00
 9.54548e+13	6.73e-15	2.95e-07	1.00e+00
 9.87958e+13	7.73e-15	3.17e-07	1.00e+00
 1.02293e+14	8.88e-15	3.40e-07	1.00e+00
 1.05289e+14	9.96e-15	3.61e-07	1.00e+00
 1.08479e+14	1.12e-14	3.83e-07	1.00e+00
 1.12502e+14	1.30e-14	4.13e-07	1.00e+00
 1.16657e+14	1.50e-14	4.44e-07	1.00e+00
 1.20298e+14	1.69e-14	4.72e-07	1.00e+00
 1.24225e+14	1.92e-14	5.03e-07	1.00e+00
 1.28989e+14	2.22e-14	5.43e-07	1.00e+00
 1.33739e+14	2.56e-14	5.84e-07	1.00e+00
 1.37968e+14	2.89e-14	6.21e-07	1.00e+00
 1.42621e+14	3.29e-14	6.63e-07	1.00e+00
 1.48171e+14	3.82e-14	7.16e-07	1.00e+00
 1.53693e+14	4.41e-14	7.70e-07	1.00e+00
 1.58759e+14	5.00e-14	8.21e-07	1.00e+00
 1.64429e+14	5.73e-14	8.80e-07	1.00e+00
 1.71001e+14	6.67e-14	9.52e-07	1.00e+00
 1.77452e+14	7.70e-14	1.02e-06	1.00e+00
 1.83598e+14	8.78e-14	1.10e-06	1.00e+00
 1.90409e+14	1.01e-13	1.18e-06	1.00e+00
 1.98056e+14	1.18e-13	1.27e-06	1.00e+00
 2.05800e+14	1.36e-13	1.38e-06	1.00e+00
 2.12331e+14	1.54e-13	1.46e-06	1.00e+00
 2.17420e+14	1.68e-13	1.54e-06	1.00e+00
 2.22949e+14	1.85e-13	1.62e-06	1.00e+00
 2.30137e+14	2.09e-13	1.72e-06	1.00e+00
 2.37917e+14	2.38e-13	1.84e-06	1.00e+00
 2.44934e+14	2.66e-13	1.95e-06	1.00e+00
 2.52522e+14	2.99e-13	2.08e-06	1.00e+00
 2.61962e+14	3.44e-13	2.24e-06	1.00e+00
 2.71467e+14	3.94e-13	2.41e-06	1.00e+00
 2.79715e+14	4.42e-13	2.56e-06	1.00e+00
 2.88671e+14	4.99e-13	2.73e-06	1.00e+00
 2.99623e+14	5.75e-13	2.95e-06	1.00e+00
 3.10529e+14	6.59e-13	3.17e-06	1.00e+00
 3.20032e+14	7.39e-13	3.37e-06	1.00e+00
 3.30354e+14	8.34e-13	3.60e-06	1.00e+00
 3.42926e+14	9.61e-13	3.89e-06	1.00e+00
 3.55517e+14	1.10e-12	4.19e-06	1.00e+00
 3.66691e+14	1.24e-12	4.47e-06	1.00e+00
 3.78930e+14	1.40e-12	4.78e-06	1.00e+00
 3.93579e+14	1.62e-12	5.18e-06	1.00e+00
 4.08122e+14	1.86e-12	5.58e-06	1.00e+00
 4.21302e+14	2.09e-12	5.96e-06	1.00e+00
 4.35949e+14	2.38e-12	6.41e-06	1.00e+00
 4.53127e+14	2.76e-12	6.95e-06	1.00e+00
 4.70050e+14	3.16e-12	7.50e-06	1.00e+00
 4.85857e+14	3.58e-12	8.03e-06	1.00e+00
 5.03529e+14	4.09e-12	8.66e-06	1.00e+00
 5.22234e+14	4.68e-12	9.34e-06	1.00e+00
 5.38840e+14	5.26e-12	9.97e-06	1.00e+00
 5.56753e+14	5.94e-12	1.07e-05	1.00e+00
 5.75187e+14	6.71e-12	1.14e-05	1.00e+00
 5.90421e+14	7.39e-12	1.21e-05	1.00e+00
 6.06348e+14	8.15e-12	1.28e-05	1.00e+00
 6.27052e+14	9.24e-12	1.37e-05	1.00e+00
 6.48635e+14	1.05e-11	1.47e-05	1.00e+00
 6.66938e+14	1.16e-11	1.56e-05	1.00e+00
 6.86313e+14	1.29e-11	1.65e-05	1.00e+00
 7.11224e+14	1.47e-11	1.78e-05	1.00e+00
 7.37103e+14	1.68e-11	1.92e-05	1.00e+00
 7.59441e+14	1.87e-11	2.04e-05	1.00e+00
 7.83408e+14	2.10e-11	2.18e-05	1.00e+00
 8.12908e+14	2.41e-11	2.35e-05	1.00e+00
 8.42828e+14	2.76e-11	2.54e-05	1.00e+00
 8.69375e+14	3.09e-11	2.71e-05	1.00e+00
 8.98314e+14	3.49e-11	2.90e-05	1.00e+00
 9.32979e+14	4.03e-11	3.14e-05	1.00e+00
 9.67419e+14	4.61e-11	3.38e-05	1.00e+00
 9.98603e+14	5.19e-11	3.62e-05	1.00e+00
 1.03322e+15	5.91e-11	3.89e-05	1.00e+00
 1.07386e+15	6.84e-11	4.21e-05	1.00e+00
 1.11406e+15	7.88e-11	4.56e-05	1.00e+00
 1.15181e+15	8.95e-11	4.89e-05	1.00e+00
 1.19386e+15	1.03e-10	5.28e-05	1.00e+00
 1.23393e+15	1.17e-10	5.66e-05	1.00e+00
 1.26364e+15	1.29e-10	5.96e-05	1.00e+00
 1.29368e+15	1.41e-10	6.27e-05	1.00e+00
 1.33272e+15	1.59e-10	6.68e-05	1.00e+00
 1.37506e+15	1.80e-10	7.15e-05	1.00e+00
 1.41318e+15	2.01e-10	7.59e-05	1.00e+00
 1.45421e+15	2.26e-10	8.07e-05	1.00e+00
 1.50696e+15	2.61e-10	8.73e-05	1.00e+00
 1.56028e+15	3.01e-10	9.42e-05	1.00e+00
 1.60400e+15	3.37e-10	1.00e-04	1.00e+00
 1.64994e+15	3.80e-10	1.07e-04	1.00e+00
 1.70943e+15	4.41e-10	1.15e-04	1.00e+00
 1.77252e+15	5.14e-10	1.25e-04	1.00e+00
 1.82812e+15	5.86e-10	1.34e-04	1.00e+00
 1.88803e+15	6.73e-10	1.44e-04	1.00e+00
 1.96034e+15	7.92e-10	1.57e-04	1.00e+00
 2.03233e+15	9.26e-10	1.70e-04	1.00e+00
 2.09665e+15	1.06e-09	1.83e-04	1.00e+00
 2.16744e+15	1.22e-09	1.97e-04	1.00e+00
 2.25161e+15	1.45e-09	2.15e-04	1.00e+00
 2.33506e+15	1.70e-09	2.33e-04	1.00e+00
 2.41156e+15	1.96e-09	2.51e-04	1.00e+00
 2.49718e+15	2.30e-09	2.72e-04	1.00e+00
 2.58022e+15	2.66e-09	2.93e-04	1.00e+00
 2.64140e+15	2.95e-09	3.09e-04	1.00e+00
 2.70241e+15	3.26e-09	3.25e-04	1.00e+00
 2.78172e+15	3.71e-09	3.48e-04	1.00e+00
 2.86704e+15	4.25e-09	3.72e-04	1.00e+00
 2.94290e+15	4.78e-09	3.95e-04	1.00e+00
 3.02424e+15	5.40e-09	4.20e-04	1.00e+00
 3.12998e+15	6.29e-09	4.54e-04	1.00e+00
 3.23685e+15	7.31e-09	4.90e-04	1.00e+00
 3.32292e+15	8.21e-09	5.20e-04	9.99e-01
 3.41254e+15	9.24e-09	5.52e-04	9.99e-01
 3.52904e+15	1.07e-08	5.96e-04	9.99e-01
 3.65257e+15	1.25e-08	6.44e-04	9.99e-01
 3.76097e+15	1.42e-08	6.87e-04	9.99e-01
 3.87760e+15	1.63e-08	7.36e-04	9.99e-01
 4.02241e+15	1.91e-08	7.99e-04	9.99e-01
 4.17070e+15	2.24e-08	8.66e-04	9.99e-01
 4.30285e+15	2.57e-08	9.28e-04	9.99e-01
 4.44715e+15	2.97e-08	9.99e-04	9.99e-01
 4.61930e+15	3.50e-08	1.09e-03	9.99e-01
 4.78936e+15	4.08e-08	1.18e-03	9.99e-01
 4.94334e+15	4.68e-08	1.26e-03	9.99e-01
 5.07631e+15	5.23e-08	1.33e-03	9.99e-01
 5.19081e+15	5.75e-08	1.40e-03	9.99e-01
 5.31972e+15	6.38e-08	1.48e-03	9.99e-01
 5.48730e+15	7.29e-08	1.58e-03	9.98e-01
 5.65993e+15	8.31e-08	1.69e-03	9.98e-01
 5.80220e+15	9.23e-08	1.78e-03	9.98e-01
 5.95025e+15	1.03e-07	1.88e-03	9.98e-01
 6.14271e+15	1.18e-07	2.02e-03	9.98e-01
 6.34323e+15	1.35e-07	2.16e-03	9.98e-01
 6.51209e+15	1.50e-07	2.29e-03	9.98e-01
 6.68950e+15	1.69e-07	2.42e-03	9.98e-01
 6.92013e+15	1.95e-07	2.61e-03	9.97e-01
 7.15920e+15	2.24e-07	2.80e-03	9.97e-01
 7.35967e+15	2.51e-07	2.97e-03	9.97e-01
 7.57069e+15	2.83e-07	3.16e-03	9.97e-01
 7.84377e+15	3.28e-07	3.41e-03	9.97e-01
 8.12106e+15	3.78e-07	3.67e-03	9.96e-01
 8.35110e+15	4.23e-07	3.89e-03	9.96e-01
 8.59619e+15	4.77e-07	4.15e-03	9.96e-01
 8.90942e+15	5.54e-07	4.49e-03	9.96e-01
 9.18898e+15	6.25e-07	4.78e-03	9.95e-01
 9.38246e+15	6.78e-07	5.00e-03	9.95e-01
 9.58630e+15	7.43e-07	5.25e-03	9.95e-01
 9.85129e+15	8.34e-07	5.59e-03	9.94e-01
 1.01228e+16	9.28e-07	5.93e-03	9.94e-01
 1.03597e+16	1.02e-06	6.24e-03	9.94e-01
 1.06245e+16	1.13e-06	6.62e-03	9.93e-01
 1.09109e+16	1.27e-06	7.05e-03	9.93e-01
 1.11777e+16	1.40e-06	7.45e-03	9.93e-01
 1.14769e+16	1.57e-06	7.96e-03	9.92e-01
 1.17966e+16	1.76e-06	8.51e-03	9.91e-01
 1.20780e+16	1.94e-06	9.02e-03	9.91e-01
 1.23786e+16	2.17e-06	9.65e-03	9.90e-01
 1.27027e+16	2.43e-06	1.03e-02	9.90e-01
 1.29942e+16	2.69e-06	1.10e-02	9.89e-01
 1.33100e+16	3.03e-06	1.18e-02	9.88e-01
 1.36491e+16	3.41e-06	1.28e-02	9.87e-01
 1.39481e+16	3.79e-06	1.37e-02	9.86e-01
 1.42664e+16	4.27e-06	1.48e-02	9.85e-01
 1.45899e+16	4.80e-06	1.60e-02	9.84e-01
 1.48493e+16	5.28e-06	1.70e-02	9.83e-01
 1.51157e+16	5.88e-06	1.83e-02	9.82e-01
 1.54098e+16	6.65e-06	1.99e-02	9.80e-01
 1.56690e+16	7.38e-06	2.14e-02	9.79e-01
 1.58934e+16	8.12e-06	2.29e-02	9.77e-01
 1.61431e+16	9.10e-06	2.48e-02	9.75e-01
 1.64136e+16	1.04e-05	2.71e-02	9.73e-01
 1.66480e+16	1.16e-05	2.94e-02	9.71e-01
 1.68535e+16	1.28e-05	3.17e-02	9.68e-01
 1.70843e+16	1.44e-05	3.47e-02	9.65e-01
 1.73339e+16	1.67e-05	3.85e-02	9.61e-01
 1.75446e+16	1.90e-05	4.22e-02	9.58e-01
 1.77203e+16	2.13e-05	4.58e-02	9.54e-01
 1.79139e+16	2.39e-05	5.05e-02	9.49e-01
 1.81299e+16	2.78e-05	5.66e-02	9.43e-01
 1.83210e+16	3.27e-05	6.32e-02	9.37e-01
 1.84692e+16	3.67e-05	6.91e-02	9.31e-01
 1.86153e+16	4.12e-05	7.60e-02	9.24e-01
 1.88053e+16	4.88e-05	8.65e-02	9.13e-01
 1.89911e+16	5.83e-05	9.92e-02	9.01e-01
 1.91239e+16	6.80e-05	1.10e-01	8.90e-01
 1.92186e+16	7.56e-05	1.19e-01	8.81e-01
 1.93114e+16	8.33e-05	1.30e-01	8.70e-01
 1.94320e+16	9.73e-05	1.45e-01	8.55e-01
 1.95374e+16	1.10e-04	1.60e-01	8.40e-01
 1.96066e+16	1.21e-04	1.71e-01	8.29e-01
 1.96638e+16	1.30e-04	1.81e-01	8.19e-01
 1.97217e+16	1.41e-04	1.93e-01	8.07e-01
 1.97969e+16	1.58e-04	2.09e-01	7.91e-01
 1.98760e+16	1.77e-04	2.27e-01	7.72e-01
 1.99424e+16	1.95e-04	2.45e-01	7.55e-01
 1.99989e+16	2.12e-04	2.61e-01	7.39e-01
 2.00603e+16	2.32e-04	2.80e-01	7.20e-01
 2.01402e+16	2.65e-04	3.07e-01	6.93e-01
 2.02139e+16	2.95e-04	3.34e-01	6.66e-01
 2.02699e+16	3.24e-04	3.56e-01	6.44e-01
 2.03208e+16	3.50e-04	3.77e-01	6.23e-01
 2.03748e+16	3.80e-04	4.01e-01	5.99e-01
 2.04449e+16	4.27e-04	4.33e-01	5.66e-01
 2.05136e+16	4.72e-04	4.66e-01	5.34e-01
 2.05696e+16	5.14e-04	4.94e-01	5.06e-01
 2.06316e+16	5.65e-04	5.26e-01	4.74e-01
 2.07122e+16	6.33e-04	5.67e-01	4.33e-01
 2.07939e+16	7.05e-04	6.07e-01	3.92e-01
 2.08614e+16	7.69e-04	6.40e-01	3.59e-01
 2.09337e+16	8.41e-04	6.75e-01	3.24e-01
 2.10275e+16	9.37e-04	7.17e-01	2.82e-01
 2.11274e+16	1.04e-03	7.57e-01	2.42e-01
 2.12004e+16	1.11e-03	7.82e-01	2.17e-01
 2.12490e+16	1.16e-03	7.98e-01	2.01e-01
 2.13003e+16	1.22e-03	8.14e-01	1.85e-01
 2.13671e+16	1.29e-03	8.34e-01	1.65e-01
 2.14539e+16	1.38e-03	8.56e-01	1.43e-01
 2.15422e+16	1.48e-03	8.74e-01	1.24e-01
 2.16130e+16	1.55e-03	8.87e-01	1.11e-01
 2.16860e+16	1.64e-03	8.99e-01	9.89e-02
 2.17664e+16	1.73e-03	9.11e-01	8.74e-02
 2.18389e+16	1.82e-03	9.20e-01	7.83e-02
 2.19034e+16	1.90e-03	9.27e-01	7.11e-02
 2.19754e+16	1.99e-03	9.34e-01	6.36e-02
 2.20545e+16	2.10e-03	9.41e-01	5.68e-02
 2.21248e+16	2.21e-03	9.46e-01	5.14e-02
 2.21861e+16	2.30e-03	9.50e-01	4.72e-02
 2.22536e+16	2.41e-03	9.55e-01	4.29e-02
 2.23281e+16	2.54e-03	9.59e-01	3.88e-02
 2.23948e+16	2.67e-03	9.62e-01	3.56e-02
 2.24522e+16	2.79e-03	9.64e-01	3.30e-02
 2.25140e+16	2.92e-03	9.67e-01	3.04e-02
 2.25825e+16	3.09e-03	9.69e-01	2.79e-02
 2.26437e+16	3.25e-03	9.71e-01	2.59e-02
 2.26966e+16	3.39e-03	9.72e-01	2.43e-02
 2.27546e+16	3.57e-03	9.74e-01	2.26e-02
 2.28183e+16	3.78e-03	9.75e-01	2.09e-02
 2.28741e+16	3.98e-03	9.76e-01	1.96e-02
 2.29218e+16	4.18e-03	9.77e-01	1.86e-02
 2.29739e+16	4.40e-03	9.78e-01	1.74e-02
 2.30322e+16	4.68e-03	9.79e-01	1.63e-02
 2.30847e+16	4.96e-03	9.80e-01	1.54e-02
 2.31296e+16	5.22e-03	9.80e-01	1.47e-02
 2.31787e+16	5.53e-03	9.81e-01	1.39e-02
 2.32333e+16	5.92e-03	9.81e-01	1.31e-02
 2.32831e+16	6.33e-03	9.81e-01	1.24e-02
 2.33267e+16	6.71e-03	9.81e-01	1.18e-02
 2.33744e+16	7.18e-03	9.82e-01	1.12e-02
 2.34281e+16	7.79e-03	9.82e-01	1.06e-02
 2.34781e+16	8.47e-03	9.81e-01	1.01e-02
 2.35230e+16	9.14e-03	9.81e-01	9.61e-03
 2.35730e+16	1.00e-02	9.81e-01	9.10e-03
 2.36263e+16	1.11e-02	9.80e-01	8.63e-03
 2.36705e+16	1.22e-02	9.79e-01	8.25e-03
 2.37048e+16	1.33e-02	9.79e-01	7.98e-03
 2.37352e+16	1.43e-02	9.78e-01	7.74e-03
 2.37701e+16	1.56e-02	9.77e-01	7.46e-03
 2.38080e+16	1.73e-02	9.75e-01	7.19e-03
 2.38405e+16	1.91e-02	9.74e-01	6.96e-03
 2.38668e+16	2.08e-02	9.72e-01	6.80e-03
 2.38942e+16	2.28e-02	9.71e-01	6.61e-03
 2.39245e+16	2.54e-02	9.68e-01	6.43e-03
 2.39512e+16	2.83e-02	9.65e-01	6.28e-03
 2.39733e+16	3.10e-02	9.63e-01	6.17e-03
 2.39967e+16	3.42e-02	9.60e-01	6.04e-03
 2.40226e+16	3.86e-02	9.55e-01	5.92e-03
 2.40454e+16	4.33e-02	9.51e-01	5.83e-03
 2.40641e+16	4.79e-02	9.46e-01	5.77e-03
 2.40839e+16	5.34e-02	9.41e-01	5.70e-03
 2.41051e+16	6.06e-02	9.34e-01	5.65e-03
 2.41231e+16	6.80e-02	9.26e-01	5.61e-03
 2.41378e+16	7.48e-02	9.20e-01	5.62e-03
 2.41526e+16	8.27e-02	9.12e-01	5.61e-03
 2.41689e+16	9.26e-02	9.02e-01	5.63e-03
 2.41840e+16	1.04e-01	8.91e-01	5.65e-03
 2.41972e+16	1.15e-01	8.80e-01	5.68e-03
 2.42093e+16	1.26e-01	8.68e-01	5.74e-03
 2.42204e+16	1.38e-01	8.57e-01	5.79e-03
 2.42305e+16	1.49e-01	8.45e-01	5.84e-03
 2.42398e+16	1.61e-01	8.33e-01	5.89e-03
 2.42489e+16	1.74e-01	8.20e-01	5.95e-03
 2.42561e+16	1.85e-01	8.09e-01	6.01e-03
 2.42607e+16	1.92e-01	8.02e-01	6.04e-03
 2.42649e+16	1.99e-01	7.95e-01	6.07e-03
 2.42697e+16	2.08e-01	7.86e-01	6.11e-03
 2.42752e+16	2.18e-01	7.76e-01	6.15e-03
 2.42806e+16	2.28e-01	7.66e-01	6.18e-03
 2.42854e+16	2.37e-01	7.56e-01	6.23e-03
 2.42902e+16	2.48e-01	7.46e-01	6.26e-03
 2.42950e+16	2.58e-01	7.36e-01	6.31e-03
 2.42999e+16	2.69e-01	7.24e-01	6.33e-03
 2.43047e+16	2.81e-01	7.13e-01	6.38e-03
 2.43095e+16	2.93e-01	7.01e-01	6.41e-03
 2.43142e+16	3.04e-01	6.89e-01	6.45e-03
 2.43189e+16	3.17e-01	6.76e-01	6.47e-03
 2.43236e+16	3.30e-01	6.64e-01	6.52e-03
 2.43283e+16	3.43e-01	6.50e-01	6.54e-03
 2.43329e+16	3.57e-01	6.36e-01	6.56e-03
 2.43375e+16	3.71e-01	6.23e-01	6.58e-03
 2.43420e+16	3.85e-01	6.09e-01	6.60e-03
 2.43466e+16	4.00e-01	5.94e-01	6.60e-03
 2.43512e+16	4.15e-01	5.79e-01	6.62e-03
 2.43557e+16	4.30e-01	5.64e-01	6.62e-03
 2.43603e+16	4.45e-01	5.48e-01	6.62e-03
 2.43649e+16	4.61e-01	5.32e-01	6.60e-03
 2.43694e+16	4.77e-01	5.16e-01	6.59e-03
 2.43740e+16	4.94e-01	5.00e-01	6.56e-03
 2.43785e+16	5.10e-01	4.83e-01	6.53e-03
 2.43831e+16	5.27e-01	4.67e-01	6.49e-03
 2.43875e+16	5.43e-01	4.51e-01	6.45e-03
 2.43919e+16	5.59e-01	4.34e-01	6.38e-03
 2.43964e+16	5.75e-01	4.18e-01	6.32e-03
 2.44008e+16	5.92e-01	4.02e-01	6.25e-03
 2.44052e+16	6.08e-01	3.86e-01	6.17e-03
 2.44096e+16	6.23e-01	3.70e-01	6.07e-03
 2.44141e+16	6.39e-01	3.55e-01	5.97e-03
 2.44186e+16	6.55e-01	3.40e-01	5.87e-03
 2.44231e+16	6.70e-01	3.25e-01	5.76e-03
 2.44277e+16	6.85e-01	3.10e-01	5.63e-03
 2.44323e+16	6.99e-01	2.95e-01	5.50e-03
 2.44371e+16	7.14e-01	2.81e-01	5.34e-03
 2.44421e+16	7.29e-01	2.66e-01	5.19e-03
 2.44472e+16	7.43e-01	2.52e-01	5.03e-03
 2.44525e+16	7.56e-01	2.39e-01	4.86e-03
 2.44580e+16	7.70e-01	2.26e-01	4.69e-03
 2.44638e+16	7.82e-01	2.13e-01	4.51e-03
 2.44699e+16	7.95e-01	2.01e-01	4.33e-03
 2.44765e+16	8.07e-01	1.89e-01	4.14e-03
 2.44838e+16	8.19e-01	1.78e-01	3.95e-03
 2.44917e+16	8.29e-01	1.67e-01	3.76e-03
 2.45007e+16	8.40e-01	1.57e-01	3.57e-03
 2.45109e+16	8.49e-01	1.47e-01	3.38e-03
 2.45221e+16	8.58e-01	1.39e-01	3.21e-03
 2.45333e+16	8.64e-01	1.33e-01	3.07e-03
 2.45445e+16	8.69e-01	1.28e-01	2.96e-03
 2.45556e+16	8.73e-01	1.24e-01	2.87e-03
 2.45667e+16	8.76e-01	1.21e-01	2.79e-03
 2.45794e+16	8.79e-01	1.19e-01	2.71e-03
 2.45960e+16	8.81e-01	1.16e-01	2.62e-03
 2.46175e+16	8.84e-01	1.13e-01	2.52e-03
 2.46440e+16	8.87e-01	1.11e-01	2.42e-03
 2.46737e+16	8.89e-01	1.08e-01	2.31e-03
 2.47051e+16	8.92e-01	1.06e-01	2.22e-03
 2.47369e+16	8.94e-01	1.04e-01	2.12e-03
 2.47686e+16	8.96e-01	1.02e-01	2.04e-03
 2.47997e+16	8.98e-01	9.99e-02	1.95e-03
 2.48304e+16	9.00e-01	9.81e-02	1.88e-03
 2.48607e+16	9.02e-01	9.63e-02	1.81e-03
 2.48907e+16	9.04e-01	9.45e-02	1.74e-03
 2.49201e+16	9.05e-01	9.28e-02	1.67e-03
 2.49490e+16	9.07e-01	9.12e-02	1.61e-03
 2.49776e+16	9.09e-01	8.97e-02	1.55e-03
 2.50058e+16	9.10e-01	8.82e-02	1.50e-03
 2.50336e+16	9.12e-01	8.67e-02	1.45e-03
 2.50611e+16	9.13e-01	8.53e-02	1.40e-03
 2.50883e+16	9.15e-01	8.40e-02	1.35e-03
 2.51153e+16	9.16e-01	8.26e-02	1.30e-03
 2.51422e+16	9.17e-01	8.13e-02	1.26e-03
 2.51689e+16	9.19e-01	8.01e-02	1.22e-03
 2.51956e+16	9.20e-01	7.88e-02	1.18e-03
 2.52224e+16	9.21e-01	7.76e-02	1.14e-03
 2.52492e+16	9.22e-01	7.64e-02	1.10e-03
 2.52762e+16	9.24e-01	7.52e-02	1.07e-03
 2.53036e+16	9.25e-01	7.40e-02	1.03e-03
 2.53313e+16	9.26e-01	7.28e-02	9.97e-04
 2.53596e+16	9.27e-01	7.16e-02	9.62e-04
 2.53890e+16	9.29e-01	7.04e-02	9.28e-04
 2.54200e+16	9.30e-01	6.92e-02	8.93e-04
 2.54529e+16	9.31e-01	6.79e-02	8.57e-04
 2.54879e+16	9.33e-01	6.65e-02	8.21e-04
 2.55257e+16	9.34e-01	6.51e-02	7.84e-04
 2.55678e+16	9.36e-01	6.35e-02	7.44e-04
 2.56163e+16	9.38e-01	6.17e-02	7.00e-04
 2.56687e+16	9.39e-01	5.99e-02	6.57e-04
 2.57183e+16	9.41e-01	5.83e-02	6.19e-04
 2.57648e+16	9.43e-01	5.67e-02	5.85e-04
 2.58087e+16	9.44e-01	5.54e-02	5.56e-04
 2.58487e+16	9.45e-01	5.41e-02	5.30e-04
 2.58850e+16	9.46e-01	5.31e-02	5.07e-04
 2.59181e+16	9.47e-01	5.21e-02	4.88e-04
 2.59482e+16	9.48e-01	5.12e-02	4.71e-04
 2.59756e+16	9.49e-01	5.04e-02	4.55e-04
 2.60005e+16	9.50e-01	4.97e-02	4.42e-04
 2.60278e+16	9.51e-01	4.89e-02	4.27e-04
 2.60633e+16	9.52e-01	4.79e-02	4.08e-04
 2.61016e+16	9.53e-01	4.68e-02	3.89e-04
 2.61365e+16	9.54e-01	4.59e-02	3.73e-04
 2.61682e+16	9.55e-01	4.50e-02	3.59e-04
 2.61971e+16	9.55e-01	4.43e-02	3.46e-04
 2.62234e+16	9.56e-01	4.36e-02	3.35e-04
 2.62473e+16	9.57e-01	4.30e-02	3.25e-04
 2.62691e+16	9.57e-01	4.24e-02	3.17e-04
 2.62930e+16	9.58e-01	4.18e-02	3.06e-04
 2.63187e+16	9.59e-01	4.12e-02	2.97e-04
 2.63421e+16	9.59e-01	4.06e-02	2.88e-04
 2.63635e+16	9.60e-01	4.01e-02	2.80e-04
 2.63868e+16	9.60e-01	3.95e-02	2.72e-04
 2.64120e+16	9.61e-01	3.88e-02	2.63e-04
 2.64350e+16	9.61e-01	3.83e-02	2.55e-04
 2.64559e+16	9.62e-01	3.78e-02	2.48e-04
 2.64749e+16	9.62e-01	3.74e-02	2.42e-04
 2.64957e+16	9.63e-01	3.68e-02	2.35e-04
 2.65182e+16	9.63e-01	3.63e-02	2.28e-04
 2.65387e+16	9.64e-01	3.58e-02	2.22e-04
 2.65573e+16	9.64e-01	3.54e-02	2.17e-04
 2.65777e+16	9.65e-01	3.49e-02	2.11e-04
 2.65997e+16	9.65e-01	3.44e-02	2.05e-04
 2.66198e+16	9.66e-01	3.40e-02	1.99e-04
 2.66380e+16	9.66e-01	3.36e-02	1.95e-04
 2.66580e+16	9.67e-01	3.31e-02	1.89e-04
 2.66796e+16	9.67e-01	3.27e-02	1.84e-04
 2.66992e+16	9.68e-01	3.23e-02	1.79e-04
 2.67171e+16	9.68e-01	3.19e-02	1.75e-04
 2.67367e+16	9.68e-01	3.15e-02	1.70e-04
 2.67578e+16	9.69e-01	3.10e-02	1.65e-04
 2.67771e+16	9.69e-01	3.06e-02	1.61e-04
 2.67982e+16	9.70e-01	3.02e-02	1.56e-04
 2.68209e+16	9.70e-01	2.98e-02	1.52e-04
 2.68416e+16	9.70e-01	2.94e-02	1.48e-04
 2.68605e+16	9.71e-01	2.90e-02	1.44e-04
 2.68811e+16	9.71e-01	2.86e-02	1.40e-04
 2.69034e+16	9.72e-01	2.82e-02	1.36e-04
 2.69237e+16	9.72e-01	2.78e-02	1.32e-04
 2.69422e+16	9.72e-01	2.75e-02	1.29e-04
 2.69624e+16	9.73e-01	2.71e-02	1.26e-04
 2.69843e+16	9.73e-01	2.67e-02	1.22e-04
 2.70041e+16	9.73e-01	2.64e-02	1.19e-04
 2.70259e+16	9.74e-01	2.60e-02	1.16e-04
 2.70494e+16	9.74e-01	2.57e-02	1.13e-04
 2.70708e+16	9.75e-01	2.53e-02	1.10e-04
 2.70943e+16	9.75e-01	2.49e-02	1.06e-04
 2.71196e+16	9.75e-01	2.46e-02	1.03e-04
 2.71426e+16	9.76e-01	2.42e-02	1.00e-04
 2.71679e+16	9.76e-01	2.38e-02	9.70e-05
 2.71951e+16	9.76e-01	2.34e-02	9.39e-05
 2.72199e+16	9.77e-01	2.31e-02	9.12e-05
 2.72425e+16	9.77e-01	2.28e-02	8.87e-05
 2.72672e+16	9.77e-01	2.24e-02	8.60e-05
 2.72939e+16	9.78e-01	2.21e-02	8.33e-05
 2.73182e+16	9.78e-01	2.18e-02	8.10e-05
 2.73448e+16	9.79e-01	2.14e-02	7.83e-05
 2.73736e+16	9.79e-01	2.11e-02	7.58e-05
 2.73997e+16	9.79e-01	2.07e-02	7.35e-05
 2.74235e+16	9.79e-01	2.05e-02	7.16e-05
 2.74496e+16	9.80e-01	2.01e-02	6.93e-05
 2.74778e+16	9.80e-01	1.98e-02	6.71e-05
 2.75034e+16	9.80e-01	1.95e-02	6.52e-05
 2.75315e+16	9.81e-01	1.92e-02	6.31e-05
 2.75618e+16	9.81e-01	1.89e-02	6.10e-05
 2.75893e+16	9.81e-01	1.86e-02	5.92e-05
 2.76196e+16	9.82e-01	1.83e-02	5.71e-05
 2.76522e+16	9.82e-01	1.79e-02	5.51e-05
 2.76819e+16	9.82e-01	1.76e-02	5.34e-05
 2.77089e+16	9.83e-01	1.74e-02	5.19e-05
 2.77385e+16	9.83e-01	1.71e-02	5.01e-05
 2.77705e+16	9.83e-01	1.68e-02	4.85e-05
 2.77996e+16	9.83e-01	1.66e-02	4.70e-05
 2.78314e+16	9.84e-01	1.63e-02	4.54e-05
 2.78659e+16	9.84e-01	1.60e-02	4.38e-05
 2.78972e+16	9.84e-01	1.57e-02	4.24e-05
 2.79315e+16	9.85e-01	1.54e-02	4.08e-05
 2.79685e+16	9.85e-01	1.51e-02	3.93e-05
 2.80022e+16	9.85e-01	1.49e-02	3.80e-05
 2.80392e+16	9.85e-01	1.46e-02	3.65e-05
 2.80791e+16	9.86e-01	1.43e-02	3.51e-05
 2.81153e+16	9.86e-01	1.40e-02	3.39e-05
 2.81484e+16	9.86e-01	1.38e-02	3.28e-05
 2.81846e+16	9.86e-01	1.35e-02	3.16e-05
 2.82236e+16	9.87e-01	1.33e-02	3.04e-05
 2.82592e+16	9.87e-01	1.31e-02	2.94e-05
 2.82981e+16	9.87e-01	1.28e-02	2.83e-05
 2.83402e+16	9.87e-01	1.25e-02	2.72e-05
 2.83785e+16	9.88e-01	1.23e-02	2.62e-05
 2.84204e+16	9.88e-01	1.21e-02	2.51e-05
 2.84657e+16	9.88e-01	1.18e-02	2.41e-05
 2.85069e+16	9.88e-01	1.16e-02	2.32e-05
 2.85520e+16	9.89e-01	1.13e-02	2.22e-05
 2.86008e+16	9.89e-01	1.11e-02	2.13e-05
 2.86451e+16	9.89e-01	1.09e-02	2.05e-05
 2.86937e+16	9.89e-01	1.06e-02	1.95e-05
 2.87462e+16	9.90e-01	1.04e-02	1.87e-05
 2.87939e+16	9.90e-01	1.02e-02	1.79e-05
 2.88463e+16	9.90e-01	9.92e-03	1.71e-05
 2.89028e+16	9.90e-01	9.67e-03	1.63e-05
 2.89542e+16	9.91e-01	9.47e-03	1.56e-05
 2.90105e+16	9.91e-01	9.23e-03	1.48e-05
 2.90713e+16	9.91e-01	8.99e-03	1.41e-05
 2.91266e+16	9.91e-01	8.79e-03	1.35e-05
 2.91873e+16	9.91e-01	8.56e-03	1.28e-05
 2.92527e+16	9.92e-01	8.33e-03	1.21e-05
 2.93123e+16	9.92e-01	8.14e-03	1.16e-05
 2.93776e+16	9.92e-01	7.91e-03	1.09e-05
 2.94481e+16	9.92e-01	7.69e-03	1.04e-05
 2.95122e+16	9.92e-01	7.50e-03	9.86e-06
 2.95825e+16	9.93e-01	7.29e-03	9.30e-06
 2.96583e+16	9.93e-01	7.08e-03	8.78e-06
 2.97274e+16	9.93e-01	6.89e-03	8.34e-06
 2.98030e+16	9.93e-01	6.69e-03	7.85e-06
 2.98847e+16	9.94e-01	6.48e-03	7.39e-06
 2.99590e+16	9.94e-01	6.31e-03	7.00e-06
 3.00404e+16	9.94e-01	6.11e-03	6.57e-06
 3.01422e+16	9.94e-01	5.88e-03	6.08e-06
 3.02551e+16	9.94e-01	5.64e-03	5.61e-06
 3.03716e+16	9.95e-01	5.40e-03	5.16e-06
 3.04930e+16	9.95e-01	5.17e-03	4.73e-06
 3.06192e+16	9.95e-01	4.95e-03	4.33e-06
 3.07499e+16	9.95e-01	4.73e-03	3.96e-06
 3.08856e+16	9.95e-01	4.51e-03	3.61e-06
 3.10258e+16	9.96e-01	4.30e-03	3.29e-06
 3.11693e+16	9.96e-01	4.10e-03	2.99e-06
 3.13149e+16	9.96e-01	3.90e-03	2.72e-06
 3.14628e+16	9.96e-01	3.72e-03	2.47e-06
 3.16136e+16	9.96e-01	3.54e-03	2.24e-06
 3.17674e+16	9.97e-01	3.37e-03	2.03e-06
 3.19240e+16	9.97e-01	3.21e-03	1.84e-06
 3.20833e+16	9.97e-01	3.05e-03	1.67e-06
 3.22454e+16	9.97e-01	2.90e-03	1.51e-06
 3.24105e+16	9.97e-01	2.76e-03	1.37e-06
 3.25785e+16	9.97e-01	2.62e-03	1.24e-06
 3.27467e+16	9.98e-01	2.50e-03	1.12e-06
 3.29174e+16	9.98e-01	2.37e-03	1.01e-06
 3.30948e+16	9.98e-01	2.25e-03	9.14e-07
 3.32763e+16	9.98e-01	2.13e-03	8.23e-07
 3.34603e+16	9.98e-01	2.02e-03	7.40e-07
 3.36472e+16	9.98e-01	1.92e-03	6.65e-07
 3.38378e+16	9.98e-01	1.81e-03	5.97e-07
 3.40321e+16	9.98e-01	1.72e-03	5.36e-07
 3.42302e+16	9.98e-01	1.62e-03	4.80e-07
 3.44320e+16	9.98e-01	1.54e-03	4.29e-07
 3.46378e+16	9.99e-01	1.45e-03	3.83e-07
 3.48479e+16	9.99e-01	1.37e-03	3.42e-07
 3.50622e+16	9.99e-01	1.29e-03	3.04e-07
 3.52809e+16	9.99e-01	1.22e-03	2.71e-07
 3.55043e+16	9.99e-01	1.15e-03	2.40e-07
 3.57325e+16	9.99e-01	1.08e-03	2.13e-07
 3.59657e+16	9.99e-01	1.01e-03	1.88e-07
 3.62043e+16	9.99e-01	9.51e-04	1.66e-07
 3.64484e+16	9.99e-01	8.91e-04	1.46e-07
 3.66984e+16	9.99e-01	8.35e-04	1.28e-07
 3.69546e+16	9.99e-01	7.81e-04	1.12e-07
 3.72172e+16	9.99e-01	7.29e-04	9.80e-08
 3.74868e+16	9.99e-01	6.80e-04	8.53e-08
 3.77641e+16	9.99e-01	6.34e-04	7.42e-08
 3.80451e+16	9.99e-01	5.90e-04	6.44e-08
 3.83316e+16	9.99e-01	5.49e-04	5.57e-08
 3.86323e+16	9.99e-01	5.09e-04	4.79e-08
 3.89472e+16	1.00e+00	4.70e-04	4.09e-08
 3.92725e+16	1.00e+00	4.33e-04	3.47e-08
 3.96086e+16	1.00e+00	3.98e-04	2.94e-08
 3.99576e+16	1.00e+00	3.65e-04	2.47e-08
 4.03217e+16	1.00e+00	3.34e-04	2.06e-08
 4.07023e+16	1.00e+00	3.04e-04	1.71e-08
 4.11011e+16	1.00e+00	2.75e-04	1.40e-08
 4.15218e+16	1.00e+00	2.48e-04	1.14e-08
 4.19666e+16	1.00e+00	2.23e-04	9.19e-09
 4.24372e+16	1.00e+00	1.98e-04	7.30e-09
 4.29422e+16	1.00e+00	1.75e-04	5.71e-09
 4.34864e+16	1.00e+00	1.54e-04	4.39e-09
 4.40725e+16	1.00e+00	1.33e-04	3.31e-09
 4.47110e+16	1.00e+00	1.14e-04	2.43e-09
 4.54172e+16	1.00e+00	9.65e-05	1.73e-09
 4.62313e+16	1.00e+00	7.95e-05	1.17e-09
 4.71277e+16	1.00e+00	6.44e-05	7.71e-10
 4.80988e+16	1.00e+00	5.12e-05	4.89e-10
 4.91599e+16	1.00e+00	4.01e-05	3.00e-10
 5.02424e+16	1.00e+00	3.14e-05	1.84e-10
 5.13125e+16	1.00e+00	2.47e-05	1.14e-10
 5.23811e+16	1.00e+00	1.95e-05	7.15e-11
 5.34671e+16	1.00e+00	1.54e-05	4.47e-11
 5.45772e+16	1.00e+00	1.21e-05	2.78e-11
 5.57048e+16	1.00e+00	9.56e-06	1.73e-11
 5.68528e+16	1.00e+00	7.53e-06	1.08e-11
 5.80273e+16	1.00e+00	5.93e-06	6.71e-12
 5.92266e+16	1.00e+00	4.66e-06	4.16e-12
 6.04526e+16	1.00e+00	3.67e-06	2.59e-12
 6.17124e+16	1.00e+00	2.88e-06	1.60e-12
 6.30166e+16	1.00e+00	2.26e-06	9.85e-13
 6.43652e+16	1.00e+00	1.76e-06	6.02e-13
 6.57545e+16	1.00e+00	1.37e-06	3.66e-13
 6.71871e+16	1.00e+00	1.07e-06	2.22e-13
 6.86717e+16	1.00e+00	8.27e-07	1.34e-13
 7.02222e+16	1.00e+00	6.37e-07	7.95e-14
 7.18469e+16	1.00e+00	4.88e-07	4.68e-14
 7.35520e+16	1.00e+00	3.72e-07	2.72e-14
 7.53537e+16	1.00e+00	2.81e-07	1.55e-14
 7.72705e+16	1.00e+00	2.10e-07	8.66e-15
 7.93253e+16	1.00e+00	1.55e-07	4.72e-15
 8.15536e+16	1.00e+00	1.12e-07	2.48e-15
 8.39952e+16	1.00e+00	7.95e-08	1.25e-15
 8.65900e+16	1.00e+00	5.59e-08	6.21e-16
 8.92267e+16	1.00e+00	3.96e-08	3.12e-16
 9.18886e+16	1.00e+00	2.82e-08	1.58e-16
 9.46010e+16	1.00e+00	2.01e-08	8.08e-17
 9.73676e+16	1.00e+00	1.44e-08	4.15e-17
 1.00178e+17	1.00e+00	1.04e-08	2.14e-17
 1.03014e+17	1.00e+00	7.49e-09	1.12e-17
 1.05856e+17	1.00e+00	5.46e-09	5.96e-18
 1.08715e+17	1.00e+00	3.99e-09	3.19e-18
 1.11601e+17	1.00e+00	2.94e-09	1.73e-18
 1.14485e+17	1.00e+00	2.18e-09	9.51e-19
 1.17341e+17	1.00e+00	1.63e-09	5.33e-19
 1.20159e+17	1.00e+00	1.23e-09	3.05e-19
 1.22930e+17	1.00e+00	9.40e-10	1.78e-19
 1.25645e+17	1.00e+00	7.26e-10	1.06e-19
 1.28291e+17	1.00e+00	5.67e-10	6.47e-20
 1.30857e+17	1.00e+00	4.48e-10	4.04e-20
 1.33333e+17	1.00e+00	3.58e-10	2.59e-20
 1.35717e+17	1.00e+00	2.90e-10	1.69e-20
 1.38008e+17	1.00e+00	2.37e-10	1.14e-20
 1.40203e+17	1.00e+00	1.96e-10	7.80e-21
 1.42301e+17	1.00e+00	1.65e-10	0.00e+00
 1.44300e+17	1.00e+00	1.39e-10	0.00e+00
 1.46204e+17	1.00e+00	1.19e-10	0.00e+00
 1.48014e+17	1.00e+00	1.03e-10	0.00e+00
 1.49732e+17	1.00e+00	8.96e-11	0.00e+00
 1.51364e+17	1.00e+00	7.87e-11	0.00e+00
 1.52913e+17	1.00e+00	6.98e-11	0.00e+00
 1.54381e+17	1.00e+00	6.23e-11	0.00e+00
 1.55773e+17	1.00e+00	5.61e-11	0.00e+00
 1.57092e+17	1.00e+00	5.08e-11	0.00e+00
 1.58342e+17	1.00e+00	4.63e-11	0.00e+00
 1.59527e+17	1.00e+00	4.24e-11	0.00e+00
 1.60651e+17	1.00e+00	3.91e-11	0.00e+00
 1.61716e+17	1.00e+00	3.62e-11	0.00e+00
 1.62726e+17	1.00e+00	3.37e-11	0.00e+00
 1.63684e+17	1.00e+00	3.15e-11	0.00e+00
 1.64592e+17	1.00e+00	2.95e-11	0.00e+00
 1.65455e+17	1.00e+00	2.78e-11	0.00e+00
 1.66273e+17	1.00e+00	2.63e-11	0.00e+00
 1.67051e+17	1.00e+00	2.50e-11	0.00e+00
 1.67789e+17	1.00e+00	2.38e-11	0.00e+00
 1.68491e+17	1.00e+00	2.27e-11	0.00e+00
 1.69159e+17	1.00e+00	2.17e-11	0.00e+00
 1.69793e+17	1.00e+00	2.08e-11	0.00e+00
 1.70397e+17	1.00e+00	2.00e-11	0.00e+00
 1.70973e+17	1.00e+00	1.93e-11	0.00e+00
 1.71521e+17	1.00e+00	1.87e-11	0.00e+00
 1.72043e+17	1.00e+00	1.81e-11	0.00e+00
 1.72542e+17	1.00e+00	1.75e-11	0.00e+00
 1.73017e+17	1.00e+00	1.70e-11	0.00e+00
 1.73472e+17	1.00e+00	1.65e-11	0.00e+00
 1.73907e+17	1.00e+00	1.61e-11	0.00e+00
 1.74323e+17	1.00e+00	1.57e-11	0.00e+00
 1.74722e+17	1.00e+00	1.53e-11	0.00e+00
 1.75105e+17	1.00e+00	1.50e-11	0.00e+00
 1.75472e+17	1.00e+00	1.47e-11	0.00e+00
 1.75825e+17	1.00e+00	1.44e-11	0.00e+00
 1.76166e+17	1.00e+00	1.41e-11	0.00e+00
 1.76494e+17	1.00e+00	1.38e-11	0.00e+00
 1.76812e+17	1.00e+00	1.36e-11	0.00e+00
 1.77120e+17	1.00e+00	1.33e-11	0.00e+00
 1.77418e+17	1.00e+00	1.31e-11	0.00e+00
 1.77709e+17	1.00e+00	1.29e-11	0.00e+00
 1.77993e+17	1.00e+00	1.27e-11	0.00e+00
 1.78272e+17	1.00e+00	1.25e-11	0.00e+00
 1.78545e+17	1.00e+00	1.23e-11	0.00e+00
 1.78815e+17	1.00e+00	1.21e-11	0.00e+00
 1.79083e+17	1.00e+00	1.20e-11	0.00e+00
 1.79349e+17	1.00e+00	1.18e-11	0.00e+00
 1.79617e+17	1.00e+00	1.16e-11	0.00e+00
 1.79887e+17	1.00e+00	1.14e-11	0.00e+00
 1.80161e+17	1.00e+00	1.13e-11	0.00e+00
 1.80442e+17	1.00e+00	1.11e-11	0.00e+00
 1.80733e+17	1.00e+00	1.09e-11	0.00e+00
 1.81038e+17	1.00e+00	1.07e-11	0.00e+00
 1.81360e+17	1.00e+00	1.06e-11	0.00e+00
 1.81707e+17	1.00e+00	1.04e-11	0.00e+00
 1.82087e+17	1.00e+00	1.02e-11	0.00e+00
 1.82510e+17	1.00e+00	9.93e-12	0.00e+00
 1.82993e+17	1.00e+00	9.68e-12	0.00e+00
 1.83559e+17	1.00e+00	9.40e-12	0.00e+00
 1.84243e+17	1.00e+00	9.06e-12	0.00e+00
 1.85098e+17	1.00e+00	8.67e-12	0.00e+00
 1.86200e+17	1.00e+00	8.18e-12	0.00e+00
 1.87632e+17	1.00e+00	7.59e-12	0.00e+00
 1.89494e+17	1.00e+00	6.91e-12	0.00e+00
 1.91915e+17	1.00e+00	6.12e-12	0.00e+00
 1.95061e+17	1.00e+00	5.26e-12	0.00e+00
 1.99152e+17	1.00e+00	4.34e-12	0.00e+00
 2.04470e+17	1.00e+00	3.43e-12	0.00e+00
 2.10607e+17	1.00e+00	2.63e-12	0.00e+00
 2.16963e+17	1.00e+00	2.16e-12	0.00e+00
 2.23503e+17	1.00e+00	1.86e-12	0.00e+00
 2.30138e+17	1.00e+00	1.65e-12	0.00e+00
 2.36772e+17	1.00e+00	1.52e-12	0.00e+00
 2.43407e+17	1.00e+00	1.43e-12	0.00e+00
 2.50041e+17	1.00e+00	1.36e-12	0.00e+00
 2.57671e+17	1.00e+00	1.30e-12	0.00e+00
 2.67223e+17	1.00e+00	1.04e-12	0.00e+00
 2.77912e+17	1.00e+00	7.89e-13	0.00e+00
 2.89028e+17	1.00e+00	6.91e-13	0.00e+00
 3.00589e+17	1.00e+00	6.17e-13	0.00e+00
 3.12613e+17	1.00e+00	5.49e-13	0.00e+00
 3.25118e+17	1.00e+00	4.85e-13	0.00e+00
 3.38122e+17	1.00e+00	4.24e-13	0.00e+00
 3.51647e+17	1.00e+00	3.67e-13	0.00e+00
 3.65312e+17	1.00e+00	3.13e-13	0.00e+00
 3.78242e+17	1.00e+00	2.90e-13	0.00e+00
 3.89786e+17	1.00e+00	3.01e-13	0.00e+00
 4.00059e+17	1.00e+00	3.25e-13	0.00e+00
 4.09646e+17	1.00e+00	3.31e-13	0.00e+00
 4.18920e+17	1.00e+00	3.14e-13	0.00e+00
 4.27738e+17	1.00e+00	2.89e-13	0.00e+00
 4.35657e+17	1.00e+00	2.73e-13	0.00e+00
 4.41964e+17	1.00e+00	2.69e-13	0.00e+00
 4.46062e+17	1.00e+00	2.86e-13	0.00e+00
 4.48311e+17	1.00e+00	3.09e-13	0.00e+00
 4.49563e+17	1.00e+00	3.23e-13	0.00e+00
 4.50314e+17	1.00e+00	3.31e-13	0.00e+00
 4.50795e+17	1.00e+00	3.36e-13	0.00e+00
 4.51178e+17	1.00e+00	3.39e-13	0.00e+00
 4.51586e+17	1.00e+00	3.42e-13	0.00e+00
 4.52076e+17	1.00e+00	3.44e-13	0.00e+00
 4.52555e+17	1.00e+00	3.45e-13	0.00e+00
 4.52954e+17	1.00e+00	3.46e-13	0.00e+00
 4.53292e+17	1.00e+00	3.47e-13	0.00e+00
 4.53603e+17	1.00e+00	3.47e-13	0.00e+00
 4.53921e+17	1.00e+00	3.47e-13	0.00e+00
 4.54244e+17	1.00e+00	3.47e-13	0.00e+00
 4.54556e+17	1.00e+00	3.47e-13	0.00e+00
 4.54826e+17	1.00e+00	3.46e-13	0.00e+00
 4.55049e+17	1.00e+00	3.46e-13	0.00e+00
 4.55262e+17	1.00e+00	3.46e-13	0.00e+00
 4.55497e+17	1.00e+00	3.45e-13	0.00e+00
 4.55741e+17	1.00e+00	3.44e-13	0.00e+00
 4.55967e+17	1.00e+00	3.44e-13	0.00e+00
 4.56167e+17	1.00e+00	3.43e-13	0.00e+00
 4.56349e+17	1.00e+00	3.42e-13	0.00e+00
 4.56526e+17	1.00e+00	3.42e-13	0.00e+00
 4.56705e+17	1.00e+00	3.41e-13	0.00e+00
 4.56886e+17	1.00e+00	3.40e-13	0.00e+00
 4.57067e+17	1.00e+00	3.39e-13	0.00e+00
 4.57242e+17	1.00e+00	3.38e-13	0.00e+00
 4.57403e+17	1.00e+00	3.37e-13	0.00e+00
 4.57552e+17	1.00e+00	3.36e-13	0.00e+00
 4.57704e+17	1.00e+00	3.35e-13	0.00e+00
 4.57865e+17	1.00e+00	3.34e-13	0.00e+00
 4.58028e+17	1.00e+00	3.33e-13	0.00e+00
 4.58183e+17	1.00e+00	3.32e-13	0.00e+00
 4.58328e+17	1.00e+00	3.31e-13	0.00e+00
 4.58477e+17	1.00e+00	3.30e-13	0.00e+00
 4.58629e+17	1.00e+00	3.29e-13	0.00e+00
 4.58783e+17	1.00e+00	3.28e-13	0.00e+00
 4.58937e+17	1.00e+00	3.27e-13	0.00e+00
 4.59091e+17	1.00e+00	3.25e-13	0.00e+00
 4.59238e+17	1.00e+00	3.24e-13	0.00e+00
 4.59384e+17	1.00e+00	3.23e-13	0.00e+00
 4.59535e+17	1.00e+00	3.22e-13	0.00e+00
 4.59704e+17	1.00e+00	3.20e-13	0.00e+00
 4.59888e+17	1.00e+00	3.18e-13	0.00e+00
 4.60058e+17	1.00e+00	3.17e-13	0.00e+00
 4.60205e+17	1.00e+00	3.15e-13	0.00e+00
 4.60362e+17	1.00e+00	3.14e-13	0.00e+00
 4.60554e+17	1.00e+00	3.12e-13	0.00e+00
 4.60757e+17	1.00e+00	3.10e-13	0.00e+00
 4.60945e+17	1.00e+00	3.08e-13	0.00e+00
 4.61118e+17	1.00e+00	3.06e-13	0.00e+00
 4.61295e+17	1.00e+00	3.05e-13	0.00e+00
 4.61494e+17	1.00e+00	3.02e-13	0.00e+00
 4.61699e+17	1.00e+00	3.00e-13	0.00e+00
 4.61907e+17	1.00e+00	2.98e-13	0.00e+00
 4.62133e+17	1.00e+00	2.96e-13	0.00e+00
 4.62357e+17	1.00e+00	2.93e-13	0.00e+00
 4.62569e+17	1.00e+00	2.91e-13	0.00e+00
 4.62790e+17	1.00e+00	2.88e-13	0.00e+00
 4.63036e+17	1.00e+00	2.86e-13	0.00e+00
 4.63299e+17	1.00e+00	2.82e-13	0.00e+00
 4.63555e+17	1.00e+00	2.79e-13	0.00e+00
 4.63803e+17	1.00e+00	2.76e-13	0.00e+00
 4.64056e+17	1.00e+00	2.74e-13	0.00e+00
 4.64325e+17	1.00e+00	2.70e-13	0.00e+00
 4.64622e+17	1.00e+00	2.67e-13	0.00e+00
 4.64930e+17	1.00e+00	2.63e-13	0.00e+00
 4.65234e+17	1.00e+00	2.60e-13	0.00e+00
 4.65532e+17	1.00e+00	2.56e-13	0.00e+00
 4.65835e+17	1.00e+00	2.52e-13	0.00e+00
 4.66156e+17	1.00e+00	2.48e-13	0.00e+00
 4.66486e+17	1.00e+00	2.45e-13	0.00e+00
 4.66843e+17	1.00e+00	2.40e-13	0.00e+00
 4.67220e+17	1.00e+00	2.36e-13	0.00e+00
 4.67583e+17	1.00e+00	2.31e-13	0.00e+00
 4.67941e+17	1.00e+00	2.27e-13	0.00e+00
 4.68318e+17	1.00e+00	2.23e-13	0.00e+00
 4.68728e+17	1.00e+00	2.18e-13	0.00e+00
 4.69145e+17	1.00e+00	2.12e-13	0.00e+00
 4.69546e+17	1.00e+00	2.08e-13	0.00e+00
 4.69952e+17	1.00e+00	2.03e-13	0.00e+00
 4.70390e+17	1.00e+00	1.98e-13	0.00e+00
 4.70861e+17	1.00e+00	1.93e-13	0.00e+00
 4.71339e+17	1.00e+00	1.87e-13	0.00e+00
 4.71792e+17	1.00e+00	1.82e-13	0.00e+00
 4.72247e+17	1.00e+00	1.77e-13	0.00e+00
 4.72735e+17	1.00e+00	1.71e-13	0.00e+00
 4.73254e+17	1.00e+00	1.66e-13	0.00e+00
 4.73785e+17	1.00e+00	1.60e-13	0.00e+00
 4.74306e+17	1.00e+00	1.54e-13	0.00e+00
 4.74824e+17	1.00e+00	1.49e-13	0.00e+00
 4.75355e+17	1.00e+00	1.43e-13	0.00e+00
 4.75916e+17	1.00e+00	1.38e-13	0.00e+00
 4.76505e+17	1.00e+00	1.32e-13	0.00e+00
 4.77107e+17	1.00e+00	1.26e-13	0.00e+00
 4.77702e+17	1.00e+00	1.20e-13	0.00e+00
 4.78286e+17	1.00e+00	1.15e-13	0.00e+00
 4.78883e+17	1.00e+00	1.09e-13	0.00e+00
 4.79533e+17	1.00e+00	1.04e-13	0.00e+00
 4.80222e+17	1.00e+00	9.78e-14	0.00e+00
 4.80888e+17	1.00e+00	9.22e-14	0.00e+00
 4.81534e+17	1.00e+00	8.71e-14	0.00e+00
 4.82213e+17	1.00e+00	8.21e-14	0.00e+00
 4.82942e+17	1.00e+00	7.69e-14	0.00e+00
 4.83709e+17	1.00e+00	7.16e-14	0.00e+00
 4.84492e+17	1.00e+00	6.63e-14	0.00e+00
 4.85270e+17	1.00e+00	6.13e-14	0.00e+00
 4.86012e+17	1.00e+00	5.66e-14	0.00e+00
 4.86672e+17	1.00e+00	5.26e-14	0.00e+00
 4.87242e+17	1.00e+00	4.93e-14	0.00e+00
 4.87753e+17	1.00e+00	4.66e-14	0.00e+00
 4.88244e+17	1.00e+00	4.42e-14	0.00e+00
 4.88730e+17	1.00e+00	4.18e-14	0.00e+00
 4.89202e+17	1.00e+00	3.96e-14	0.00e+00
 4.89644e+17	1.00e+00	3.76e-14	0.00e+00
 4.90052e+17	1.00e+00	3.58e-14	0.00e+00
 4.90437e+17	1.00e+00	3.42e-14	0.00e+00
 4.90811e+17	1.00e+00	3.27e-14	0.00e+00
 4.91179e+17	1.00e+00	3.13e-14	0.00e+00
 4.91537e+17	1.00e+00	2.99e-14	0.00e+00
 4.91878e+17	1.00e+00	2.87e-14	0.00e+00
 4.92202e+17	1.00e+00	2.75e-14	0.00e+00
 4.92514e+17	1.00e+00	2.64e-14	0.00e+00
 4.92818e+17	1.00e+00	2.54e-14	0.00e+00
 4.93114e+17	1.00e+00	2.44e-14	0.00e+00
 4.93401e+17	1.00e+00	2.35e-14	0.00e+00
 4.93678e+17	1.00e+00	2.26e-14	0.00e+00
 4.93944e+17	1.00e+00	2.17e-14	0.00e+00
 4.94201e+17	1.00e+00	2.09e-14	0.00e+00
 4.94451e+17	1.00e+00	2.02e-14	0.00e+00
 4.94696e+17	1.00e+00	1.95e-14	0.00e+00
 4.94935e+17	1.00e+00	1.88e-14	0.00e+00
 4.95166e+17	1.00e+00	1.81e-14	0.00e+00
 4.95386e+17	1.00e+00	1.75e-14	0.00e+00
 4.95600e+17	1.00e+00	1.70e-14	0.00e+00
 4.95812e+17	1.00e+00	1.64e-14	0.00e+00
 4.96020e+17	1.00e+00	1.58e-14	0.00e+00
 4.96254e+17	1.00e+00	1.54e-14	0.00e+00
 4.96559e+17	1.00e+00	1.47e-14	0.00e+00
 4.96955e+17	1.00e+00	1.39e-14	0.00e+00
 4.97470e+17	1.00e+00	1.29e-14	0.00e+00
 4.98139e+17	1.00e+00	1.16e-14	0.00e+00
 4.99009e+17	1.00e+00	1.02e-14	0.00e+00
 5.00084e+17	1.00e+00	8.46e-15	0.00e+00
 5.01139e+17	1.00e+00	6.77e-15	0.00e+00
 5.01908e+17	1.00e+00	5.65e-15	0.00e+00
 5.02422e+17	1.00e+00	5.03e-15	0.00e+00
 5.02859e+17	1.00e+00	4.62e-15	0.00e+00
 5.03363e+17	1.00e+00	4.23e-15	0.00e+00
 5.03983e+17	1.00e+00	3.78e-15	0.00e+00
 5.04643e+17	1.00e+00	3.31e-15	0.00e+00
 5.05250e+17	1.00e+00	2.91e-15	0.00e+00
 5.05779e+17	1.00e+00	2.60e-15	0.00e+00
 5.06285e+17	1.00e+00	2.35e-15	0.00e+00
 5.06835e+17	1.00e+00	2.12e-15	0.00e+00
