#depth	O	O+	O+2	O+3	O+4	O+5	O+6	O+7	O+8	O[1]	O[2]	O[3]
 1.49634e+10	1.00e-46	8.02e-35	2.87e-24	1.92e-15	1.60e-08	3.73e-04	1.00e+00	0.00e+00	0.00e+00	0.00e+00	0.00e+00	0.00e+00
 4.54887e+10	0.00e+00	1.18e-34	3.92e-24	2.43e-15	1.87e-08	4.03e-04	1.00e+00	0.00e+00	0.00e+00	0.00e+00	0.00e+00	0.00e+00
 7.72350e+10	2.56e-46	1.75e-34	5.36e-24	3.07e-15	2.19e-08	4.36e-04	1.00e+00	0.00e+00	0.00e+00	0.00e+00	0.00e+00	0.00e+00
 1.10251e+11	0.00e+00	2.58e-34	7.33e-24	3.89e-15	2.56e-08	4.72e-04	1.00e+00	0.00e+00	0.00e+00	0.00e+00	0.00e+00	0.00e+00
 1.44588e+11	6.52e-46	3.82e-34	1.00e-23	4.92e-15	3.00e-08	5.11e-04	9.99e-01	0.00e+00	0.00e+00	0.00e+00	0.00e+00	0.00e+00
 1.80298e+11	0.00e+00	5.63e-34	1.37e-23	6.23e-15	3.51e-08	5.54e-04	9.99e-01	0.00e+00	0.00e+00	0.00e+00	0.00e+00	0.00e+00
 2.17437e+11	1.66e-45	8.32e-34	1.87e-23	7.88e-15	4.11e-08	5.99e-04	9.99e-01	0.00e+00	0.00e+00	0.00e+00	0.00e+00	0.00e+00
 2.56061e+11	0.00e+00	1.23e-33	2.56e-23	9.97e-15	4.82e-08	6.49e-04	9.99e-01	0.00e+00	0.00e+00	0.00e+00	0.00e+00	0.00e+00
 2.96231e+11	4.21e-45	1.81e-33	3.50e-23	1.26e-14	5.64e-08	7.03e-04	9.99e-01	0.00e+00	0.00e+00	0.00e+00	0.00e+00	0.00e+00
 3.38007e+11	0.00e+00	2.67e-33	4.78e-23	1.60e-14	6.61e-08	7.61e-04	9.99e-01	0.00e+00	0.00e+00	0.00e+00	0.00e+00	0.00e+00
 3.81454e+11	1.07e-44	3.94e-33	6.53e-23	2.02e-14	7.74e-08	8.24e-04	9.99e-01	0.00e+00	0.00e+00	0.00e+00	0.00e+00	0.00e+00
 4.26639e+11	0.00e+00	5.80e-33	8.91e-23	2.56e-14	9.06e-08	8.93e-04	9.99e-01	0.00e+00	0.00e+00	0.00e+00	0.00e+00	0.00e+00
 4.73631e+11	2.70e-44	8.55e-33	1.22e-22	3.24e-14	1.06e-07	9.67e-04	9.99e-01	0.00e+00	0.00e+00	0.00e+00	0.00e+00	0.00e+00
 5.22503e+11	0.00e+00	1.26e-32	1.66e-22	4.09e-14	1.24e-07	1.05e-03	9.99e-01	0.00e+00	0.00e+00	0.00e+00	0.00e+00	0.00e+00
 5.73330e+11	6.81e-44	1.85e-32	2.27e-22	5.18e-14	1.46e-07	1.13e-03	9.99e-01	0.00e+00	0.00e+00	0.00e+00	0.00e+00	0.00e+00
 6.26190e+11	0.00e+00	2.73e-32	3.10e-22	6.55e-14	1.71e-07	1.23e-03	9.99e-01	0.00e+00	0.00e+00	0.00e+00	0.00e+00	0.00e+00
 6.81164e+11	1.72e-43	4.01e-32	4.23e-22	8.29e-14	2.00e-07	1.33e-03	9.99e-01	0.00e+00	0.00e+00	0.00e+00	0.00e+00	0.00e+00
 7.38337e+11	0.00e+00	5.89e-32	5.76e-22	1.05e-13	2.34e-07	1.44e-03	9.99e-01	0.00e+00	0.00e+00	0.00e+00	0.00e+00	0.00e+00
 7.97798e+11	4.31e-43	8.66e-32	7.86e-22	1.33e-13	2.75e-07	1.57e-03	9.98e-01	0.00e+00	0.00e+00	0.00e+00	0.00e+00	0.00e+00
 8.59636e+11	0.00e+00	1.27e-31	1.07e-21	1.68e-13	3.22e-07	1.70e-03	9.98e-01	0.00e+00	0.00e+00	0.00e+00	0.00e+00	0.00e+00
 9.23949e+11	1.08e-42	1.87e-31	1.46e-21	2.13e-13	3.77e-07	1.84e-03	9.98e-01	0.00e+00	0.00e+00	0.00e+00	0.00e+00	0.00e+00
 9.90833e+11	0.00e+00	2.73e-31	1.99e-21	2.69e-13	4.43e-07	2.00e-03	9.98e-01	0.00e+00	0.00e+00	0.00e+00	0.00e+00	0.00e+00
 1.06039e+12	2.68e-42	4.01e-31	2.71e-21	3.40e-13	5.19e-07	2.17e-03	9.98e-01	0.00e+00	0.00e+00	0.00e+00	0.00e+00	0.00e+00
 1.13274e+12	0.00e+00	5.87e-31	3.69e-21	4.30e-13	6.09e-07	2.35e-03	9.98e-01	0.00e+00	0.00e+00	0.00e+00	0.00e+00	0.00e+00
 1.20797e+12	6.66e-42	8.58e-31	5.02e-21	5.45e-13	7.14e-07	2.55e-03	9.97e-01	0.00e+00	0.00e+00	0.00e+00	0.00e+00	0.00e+00
 1.28622e+12	0.00e+00	1.25e-30	6.83e-21	6.89e-13	8.37e-07	2.77e-03	9.97e-01	0.00e+00	0.00e+00	0.00e+00	0.00e+00	0.00e+00
 1.36759e+12	1.64e-41	1.83e-30	9.28e-21	8.71e-13	9.82e-07	3.01e-03	9.97e-01	0.00e+00	0.00e+00	0.00e+00	0.00e+00	0.00e+00
 1.45222e+12	0.00e+00	2.67e-30	1.26e-20	1.10e-12	1.15e-06	3.27e-03	9.97e-01	0.00e+00	0.00e+00	0.00e+00	0.00e+00	0.00e+00
 1.54024e+12	4.02e-41	3.89e-30	1.71e-20	1.39e-12	1.35e-06	3.55e-03	9.96e-01	0.00e+00	0.00e+00	0.00e+00	0.00e+00	0.00e+00
 1.63178e+12	0.00e+00	5.65e-30	2.32e-20	1.76e-12	1.59e-06	3.86e-03	9.96e-01	0.00e+00	0.00e+00	0.00e+00	0.00e+00	0.00e+00
 1.72697e+12	9.79e-41	8.21e-30	3.15e-20	2.23e-12	1.86e-06	4.20e-03	9.96e-01	0.00e+00	0.00e+00	0.00e+00	0.00e+00	0.00e+00
 1.82598e+12	0.00e+00	1.19e-29	4.27e-20	2.82e-12	2.19e-06	4.56e-03	9.95e-01	0.00e+00	0.00e+00	0.00e+00	0.00e+00	0.00e+00
 1.92895e+12	2.36e-40	1.73e-29	5.79e-20	3.56e-12	2.57e-06	4.96e-03	9.95e-01	0.00e+00	0.00e+00	0.00e+00	0.00e+00	0.00e+00
 2.03603e+12	0.00e+00	2.49e-29	7.83e-20	4.50e-12	3.02e-06	5.40e-03	9.95e-01	0.00e+00	0.00e+00	0.00e+00	0.00e+00	0.00e+00
 2.14740e+12	5.65e-40	3.60e-29	1.06e-19	5.69e-12	3.55e-06	5.88e-03	9.94e-01	0.00e+00	0.00e+00	0.00e+00	0.00e+00	0.00e+00
 2.26322e+12	0.00e+00	5.19e-29	1.43e-19	7.19e-12	4.16e-06	6.40e-03	9.94e-01	0.00e+00	0.00e+00	0.00e+00	0.00e+00	0.00e+00
 2.38368e+12	1.33e-39	7.45e-29	1.93e-19	9.08e-12	4.89e-06	6.97e-03	9.93e-01	0.00e+00	0.00e+00	0.00e+00	0.00e+00	0.00e+00
 2.50895e+12	0.00e+00	1.07e-28	2.60e-19	1.15e-11	5.75e-06	7.60e-03	9.92e-01	0.00e+00	0.00e+00	0.00e+00	0.00e+00	0.00e+00
 2.63924e+12	3.11e-39	1.53e-28	3.50e-19	1.45e-11	6.75e-06	8.29e-03	9.92e-01	0.00e+00	0.00e+00	0.00e+00	0.00e+00	0.00e+00
 2.77473e+12	0.00e+00	2.18e-28	4.70e-19	1.83e-11	7.93e-06	9.03e-03	9.91e-01	0.00e+00	0.00e+00	0.00e+00	0.00e+00	0.00e+00
 2.91565e+12	7.16e-39	3.11e-28	6.31e-19	2.31e-11	9.32e-06	9.86e-03	9.90e-01	0.00e+00	0.00e+00	0.00e+00	0.00e+00	0.00e+00
 3.06220e+12	0.00e+00	4.41e-28	8.46e-19	2.91e-11	1.10e-05	1.08e-02	9.89e-01	0.00e+00	0.00e+00	0.00e+00	0.00e+00	0.00e+00
 3.21461e+12	1.62e-38	6.24e-28	1.13e-18	3.67e-11	1.29e-05	1.18e-02	9.88e-01	0.00e+00	0.00e+00	0.00e+00	0.00e+00	0.00e+00
 3.37313e+12	0.00e+00	8.80e-28	1.51e-18	4.63e-11	1.51e-05	1.28e-02	9.87e-01	0.00e+00	0.00e+00	0.00e+00	0.00e+00	0.00e+00
 3.53798e+12	3.57e-38	1.24e-27	2.02e-18	5.83e-11	1.78e-05	1.40e-02	9.86e-01	0.00e+00	0.00e+00	0.00e+00	0.00e+00	0.00e+00
 3.70942e+12	0.00e+00	1.73e-27	2.69e-18	7.35e-11	2.08e-05	1.53e-02	9.85e-01	0.00e+00	0.00e+00	0.00e+00	0.00e+00	0.00e+00
 3.88773e+12	7.73e-38	2.41e-27	3.57e-18	9.25e-11	2.45e-05	1.68e-02	9.83e-01	0.00e+00	0.00e+00	0.00e+00	0.00e+00	0.00e+00
 4.07316e+12	0.00e+00	3.35e-27	4.73e-18	1.16e-10	2.87e-05	1.84e-02	9.82e-01	0.00e+00	0.00e+00	0.00e+00	0.00e+00	0.00e+00
 4.26602e+12	1.63e-37	4.63e-27	6.26e-18	1.46e-10	3.37e-05	2.01e-02	9.80e-01	0.00e+00	0.00e+00	0.00e+00	0.00e+00	0.00e+00
 4.46658e+12	0.00e+00	6.36e-27	8.27e-18	1.84e-10	3.95e-05	2.21e-02	9.78e-01	0.00e+00	0.00e+00	0.00e+00	0.00e+00	0.00e+00
 4.67517e+12	3.33e-37	8.72e-27	1.09e-17	2.31e-10	4.63e-05	2.42e-02	9.76e-01	0.00e+00	0.00e+00	0.00e+00	0.00e+00	0.00e+00
 4.89211e+12	0.00e+00	1.19e-26	1.43e-17	2.91e-10	5.43e-05	2.65e-02	9.73e-01	0.00e+00	0.00e+00	0.00e+00	0.00e+00	0.00e+00
 5.11772e+12	6.62e-37	1.62e-26	1.88e-17	3.65e-10	6.35e-05	2.91e-02	9.71e-01	0.00e+00	0.00e+00	0.00e+00	0.00e+00	0.00e+00
 5.35235e+12	0.00e+00	2.19e-26	2.47e-17	4.58e-10	7.43e-05	3.20e-02	9.68e-01	0.00e+00	0.00e+00	0.00e+00	0.00e+00	0.00e+00
 5.59638e+12	1.28e-36	2.94e-26	3.23e-17	5.75e-10	8.68e-05	3.51e-02	9.65e-01	0.00e+00	0.00e+00	0.00e+00	0.00e+00	0.00e+00
 5.85016e+12	0.00e+00	3.96e-26	4.23e-17	7.21e-10	1.01e-04	3.86e-02	9.61e-01	0.00e+00	0.00e+00	0.00e+00	0.00e+00	0.00e+00
 6.11409e+12	2.42e-36	5.32e-26	5.53e-17	9.05e-10	1.18e-04	4.24e-02	9.58e-01	0.00e+00	0.00e+00	0.00e+00	0.00e+00	0.00e+00
 6.38858e+12	0.00e+00	7.14e-26	7.24e-17	1.13e-09	1.38e-04	4.65e-02	9.53e-01	0.00e+00	0.00e+00	0.00e+00	0.00e+00	0.00e+00
 6.67405e+12	4.49e-36	9.58e-26	9.48e-17	1.42e-09	1.60e-04	5.11e-02	9.49e-01	0.00e+00	0.00e+00	0.00e+00	0.00e+00	0.00e+00
 6.97094e+12	0.00e+00	1.29e-25	1.24e-16	1.79e-09	1.86e-04	5.61e-02	9.44e-01	0.00e+00	0.00e+00	0.00e+00	0.00e+00	0.00e+00
 7.27970e+12	8.32e-36	1.73e-25	1.63e-16	2.24e-09	2.16e-04	6.16e-02	9.38e-01	0.00e+00	0.00e+00	0.00e+00	0.00e+00	0.00e+00
 7.60082e+12	0.00e+00	2.34e-25	2.15e-16	2.81e-09	2.51e-04	6.75e-02	9.32e-01	0.00e+00	0.00e+00	0.00e+00	0.00e+00	0.00e+00
 7.93478e+12	1.55e-35	3.18e-25	2.83e-16	3.52e-09	2.90e-04	7.40e-02	9.26e-01	0.00e+00	0.00e+00	0.00e+00	0.00e+00	0.00e+00
 8.28210e+12	0.00e+00	4.34e-25	3.75e-16	4.42e-09	3.36e-04	8.10e-02	9.19e-01	0.00e+00	0.00e+00	0.00e+00	0.00e+00	0.00e+00
 8.64331e+12	2.95e-35	5.96e-25	4.98e-16	5.55e-09	3.89e-04	8.86e-02	9.11e-01	0.00e+00	0.00e+00	0.00e+00	0.00e+00	0.00e+00
 9.01897e+12	4.12e-35	8.25e-25	6.63e-16	6.97e-09	4.50e-04	9.67e-02	9.03e-01	0.00e+00	0.00e+00	0.00e+00	0.00e+00	0.00e+00
 9.40965e+12	5.75e-35	1.15e-24	8.86e-16	8.75e-09	5.20e-04	1.06e-01	8.94e-01	0.00e+00	0.00e+00	0.00e+00	0.00e+00	0.00e+00
 9.81596e+12	8.14e-35	1.61e-24	1.19e-15	1.10e-08	6.00e-04	1.15e-01	8.84e-01	0.00e+00	0.00e+00	0.00e+00	0.00e+00	0.00e+00
 1.02385e+13	1.16e-34	2.26e-24	1.59e-15	1.38e-08	6.93e-04	1.25e-01	8.74e-01	0.00e+00	0.00e+00	0.00e+00	0.00e+00	0.00e+00
 1.06780e+13	1.67e-34	3.20e-24	2.14e-15	1.73e-08	7.99e-04	1.36e-01	8.63e-01	0.00e+00	0.00e+00	0.00e+00	0.00e+00	0.00e+00
 1.11350e+13	2.41e-34	4.57e-24	2.89e-15	2.17e-08	9.21e-04	1.48e-01	8.52e-01	0.00e+00	0.00e+00	0.00e+00	0.00e+00	0.00e+00
 1.16104e+13	3.52e-34	6.54e-24	3.91e-15	2.72e-08	1.06e-03	1.60e-01	8.39e-01	0.00e+00	0.00e+00	0.00e+00	0.00e+00	0.00e+00
 1.21047e+13	5.17e-34	9.40e-24	5.28e-15	3.41e-08	1.22e-03	1.73e-01	8.26e-01	0.00e+00	0.00e+00	0.00e+00	0.00e+00	0.00e+00
 1.26188e+13	7.65e-34	1.36e-23	7.15e-15	4.27e-08	1.41e-03	1.86e-01	8.12e-01	0.00e+00	0.00e+00	0.00e+00	0.00e+00	0.00e+00
 1.31535e+13	1.14e-33	1.97e-23	9.68e-15	5.34e-08	1.62e-03	2.01e-01	7.98e-01	0.00e+00	0.00e+00	0.00e+00	0.00e+00	0.00e+00
 1.37096e+13	1.71e-33	2.85e-23	1.31e-14	6.68e-08	1.86e-03	2.16e-01	7.82e-01	0.00e+00	0.00e+00	0.00e+00	0.00e+00	0.00e+00
 1.42879e+13	2.57e-33	4.15e-23	1.78e-14	8.35e-08	2.13e-03	2.32e-01	7.66e-01	0.00e+00	0.00e+00	0.00e+00	0.00e+00	0.00e+00
 1.48893e+13	3.88e-33	6.04e-23	2.41e-14	1.04e-07	2.44e-03	2.48e-01	7.49e-01	0.00e+00	0.00e+00	0.00e+00	0.00e+00	0.00e+00
 1.55148e+13	5.89e-33	8.79e-23	3.25e-14	1.30e-07	2.79e-03	2.65e-01	7.32e-01	0.00e+00	0.00e+00	0.00e+00	0.00e+00	0.00e+00
 1.61653e+13	8.96e-33	1.28e-22	4.40e-14	1.61e-07	3.19e-03	2.83e-01	7.14e-01	0.00e+00	0.00e+00	0.00e+00	0.00e+00	0.00e+00
 1.68419e+13	1.37e-32	1.87e-22	5.94e-14	2.01e-07	3.65e-03	3.01e-01	6.95e-01	0.00e+00	0.00e+00	0.00e+00	0.00e+00	0.00e+00
 1.75455e+13	2.09e-32	2.72e-22	8.00e-14	2.49e-07	4.16e-03	3.20e-01	6.76e-01	0.00e+00	0.00e+00	0.00e+00	0.00e+00	0.00e+00
 1.82772e+13	3.20e-32	3.96e-22	1.08e-13	3.08e-07	4.74e-03	3.39e-01	6.56e-01	0.00e+00	0.00e+00	0.00e+00	0.00e+00	0.00e+00
 1.90383e+13	4.92e-32	5.76e-22	1.45e-13	3.81e-07	5.39e-03	3.59e-01	6.36e-01	0.00e+00	0.00e+00	0.00e+00	0.00e+00	0.00e+00
 1.98297e+13	7.55e-32	8.37e-22	1.94e-13	4.71e-07	6.11e-03	3.79e-01	6.15e-01	0.00e+00	0.00e+00	0.00e+00	0.00e+00	0.00e+00
 2.06528e+13	1.16e-31	1.21e-21	2.61e-13	5.80e-07	6.93e-03	3.99e-01	5.94e-01	0.00e+00	0.00e+00	0.00e+00	0.00e+00	0.00e+00
 2.15089e+13	1.78e-31	1.76e-21	3.48e-13	7.13e-07	7.84e-03	4.20e-01	5.72e-01	0.00e+00	0.00e+00	0.00e+00	0.00e+00	0.00e+00
 2.23991e+13	2.74e-31	2.55e-21	4.65e-13	8.76e-07	8.85e-03	4.40e-01	5.51e-01	0.00e+00	0.00e+00	0.00e+00	0.00e+00	0.00e+00
 2.33250e+13	4.21e-31	3.67e-21	6.20e-13	1.07e-06	9.98e-03	4.61e-01	5.29e-01	0.00e+00	0.00e+00	0.00e+00	0.00e+00	0.00e+00
 2.42880e+13	6.46e-31	5.30e-21	8.24e-13	1.31e-06	1.12e-02	4.82e-01	5.07e-01	0.00e+00	0.00e+00	0.00e+00	0.00e+00	0.00e+00
 2.52894e+13	9.91e-31	7.62e-21	1.09e-12	1.60e-06	1.26e-02	5.02e-01	4.85e-01	0.00e+00	0.00e+00	0.00e+00	0.00e+00	0.00e+00
 2.63309e+13	1.52e-30	1.09e-20	1.45e-12	1.95e-06	1.42e-02	5.22e-01	4.63e-01	0.00e+00	0.00e+00	0.00e+00	0.00e+00	0.00e+00
 2.74141e+13	2.33e-30	1.57e-20	1.91e-12	2.37e-06	1.58e-02	5.42e-01	4.42e-01	0.00e+00	0.00e+00	0.00e+00	0.00e+00	0.00e+00
 2.85406e+13	3.57e-30	2.24e-20	2.53e-12	2.88e-06	1.77e-02	5.62e-01	4.20e-01	0.00e+00	0.00e+00	0.00e+00	0.00e+00	0.00e+00
 2.97121e+13	5.46e-30	3.21e-20	3.33e-12	3.49e-06	1.97e-02	5.81e-01	3.99e-01	0.00e+00	0.00e+00	0.00e+00	0.00e+00	0.00e+00
 3.09305e+13	8.34e-30	4.57e-20	4.37e-12	4.22e-06	2.20e-02	6.00e-01	3.78e-01	0.00e+00	0.00e+00	0.00e+00	0.00e+00	0.00e+00
 3.21977e+13	1.27e-29	6.50e-20	5.73e-12	5.09e-06	2.44e-02	6.18e-01	3.58e-01	0.00e+00	0.00e+00	0.00e+00	0.00e+00	0.00e+00
 3.35155e+13	1.94e-29	9.23e-20	7.51e-12	6.13e-06	2.71e-02	6.35e-01	3.38e-01	0.00e+00	0.00e+00	0.00e+00	0.00e+00	0.00e+00
 3.48861e+13	2.95e-29	1.31e-19	9.81e-12	7.37e-06	3.00e-02	6.51e-01	3.19e-01	0.00e+00	0.00e+00	0.00e+00	0.00e+00	0.00e+00
 3.63114e+13	4.49e-29	1.85e-19	1.28e-11	8.85e-06	3.31e-02	6.67e-01	3.00e-01	0.00e+00	0.00e+00	0.00e+00	0.00e+00	0.00e+00
 3.77938e+13	6.81e-29	2.61e-19	1.67e-11	1.06e-05	3.66e-02	6.82e-01	2.82e-01	0.00e+00	0.00e+00	0.00e+00	0.00e+00	0.00e+00
 3.93355e+13	1.03e-28	3.68e-19	2.17e-11	1.27e-05	4.03e-02	6.96e-01	2.64e-01	0.00e+00	0.00e+00	0.00e+00	0.00e+00	0.00e+00
 4.09388e+13	1.56e-28	5.18e-19	2.81e-11	1.51e-05	4.43e-02	7.08e-01	2.47e-01	0.00e+00	0.00e+00	0.00e+00	0.00e+00	0.00e+00
 4.26063e+13	2.37e-28	7.28e-19	3.64e-11	1.81e-05	4.86e-02	7.20e-01	2.31e-01	0.00e+00	0.00e+00	0.00e+00	0.00e+00	0.00e+00
 4.43405e+13	3.58e-28	1.02e-18	4.71e-11	2.15e-05	5.33e-02	7.31e-01	2.16e-01	0.00e+00	0.00e+00	0.00e+00	0.00e+00	0.00e+00
 4.61441e+13	5.39e-28	1.43e-18	6.08e-11	2.55e-05	5.84e-02	7.41e-01	2.01e-01	0.00e+00	0.00e+00	0.00e+00	0.00e+00	0.00e+00
 4.80197e+13	8.13e-28	2.00e-18	7.83e-11	3.03e-05	6.38e-02	7.49e-01	1.87e-01	0.00e+00	0.00e+00	0.00e+00	0.00e+00	0.00e+00
 4.99705e+13	1.22e-27	2.79e-18	1.01e-10	3.59e-05	6.96e-02	7.57e-01	1.73e-01	0.00e+00	0.00e+00	0.00e+00	0.00e+00	0.00e+00
 5.19992e+13	1.84e-27	3.88e-18	1.30e-10	4.25e-05	7.58e-02	7.63e-01	1.61e-01	0.00e+00	0.00e+00	0.00e+00	0.00e+00	0.00e+00
 5.41091e+13	2.76e-27	5.40e-18	1.66e-10	5.02e-05	8.25e-02	7.69e-01	1.49e-01	0.00e+00	0.00e+00	0.00e+00	0.00e+00	0.00e+00
 5.63034e+13	4.14e-27	7.50e-18	2.13e-10	5.92e-05	8.97e-02	7.73e-01	1.38e-01	0.00e+00	0.00e+00	0.00e+00	0.00e+00	0.00e+00
 5.85854e+13	6.19e-27	1.04e-17	2.73e-10	6.97e-05	9.73e-02	7.76e-01	1.27e-01	0.00e+00	0.00e+00	0.00e+00	0.00e+00	0.00e+00
 6.09588e+13	9.26e-27	1.44e-17	3.48e-10	8.20e-05	1.05e-01	7.77e-01	1.17e-01	0.00e+00	0.00e+00	0.00e+00	0.00e+00	0.00e+00
 6.34271e+13	1.38e-26	1.99e-17	4.45e-10	9.63e-05	1.14e-01	7.78e-01	1.08e-01	0.00e+00	0.00e+00	0.00e+00	0.00e+00	0.00e+00
 6.59941e+13	2.05e-26	2.73e-17	5.66e-10	1.13e-04	1.23e-01	7.78e-01	9.91e-02	0.00e+00	0.00e+00	0.00e+00	0.00e+00	0.00e+00
 6.86638e+13	3.06e-26	3.77e-17	7.20e-10	1.32e-04	1.33e-01	7.76e-01	9.09e-02	0.00e+00	0.00e+00	0.00e+00	0.00e+00	0.00e+00
 7.14402e+13	4.55e-26	5.18e-17	9.14e-10	1.55e-04	1.43e-01	7.73e-01	8.33e-02	0.00e+00	0.00e+00	0.00e+00	0.00e+00	0.00e+00
 7.43278e+13	6.74e-26	7.10e-17	1.16e-09	1.80e-04	1.54e-01	7.69e-01	7.63e-02	0.00e+00	0.00e+00	0.00e+00	0.00e+00	0.00e+00
 7.73308e+13	9.97e-26	9.72e-17	1.47e-09	2.10e-04	1.66e-01	7.64e-01	6.98e-02	0.00e+00	0.00e+00	0.00e+00	0.00e+00	0.00e+00
 8.04540e+13	1.47e-25	1.33e-16	1.85e-09	2.45e-04	1.78e-01	7.58e-01	6.37e-02	0.00e+00	0.00e+00	0.00e+00	0.00e+00	0.00e+00
 8.37021e+13	2.17e-25	1.81e-16	2.34e-09	2.85e-04	1.90e-01	7.51e-01	5.81e-02	0.00e+00	0.00e+00	0.00e+00	0.00e+00	0.00e+00
 8.70801e+13	3.19e-25	2.46e-16	2.94e-09	3.30e-04	2.04e-01	7.43e-01	5.29e-02	0.00e+00	0.00e+00	0.00e+00	0.00e+00	0.00e+00
 9.05932e+13	4.68e-25	3.34e-16	3.70e-09	3.83e-04	2.18e-01	7.34e-01	4.81e-02	0.00e+00	0.00e+00	0.00e+00	0.00e+00	0.00e+00
 9.42469e+13	6.86e-25	4.52e-16	4.64e-09	4.43e-04	2.32e-01	7.24e-01	4.37e-02	0.00e+00	0.00e+00	0.00e+00	0.00e+00	0.00e+00
 9.80467e+13	1.00e-24	6.11e-16	5.82e-09	5.11e-04	2.47e-01	7.13e-01	3.96e-02	0.00e+00	0.00e+00	0.00e+00	0.00e+00	0.00e+00
 1.01998e+14	1.47e-24	8.24e-16	7.28e-09	5.90e-04	2.63e-01	7.01e-01	3.58e-02	0.00e+00	0.00e+00	0.00e+00	0.00e+00	0.00e+00
 1.06108e+14	2.13e-24	1.11e-15	9.10e-09	6.79e-04	2.79e-01	6.88e-01	3.24e-02	0.00e+00	0.00e+00	0.00e+00	0.00e+00	0.00e+00
 1.10383e+14	3.10e-24	1.49e-15	1.14e-08	7.81e-04	2.96e-01	6.74e-01	2.92e-02	0.00e+00	0.00e+00	0.00e+00	0.00e+00	0.00e+00
 1.14828e+14	4.50e-24	2.00e-15	1.41e-08	8.97e-04	3.13e-01	6.60e-01	2.63e-02	0.00e+00	0.00e+00	0.00e+00	0.00e+00	0.00e+00
 1.19451e+14	6.50e-24	2.67e-15	1.76e-08	1.03e-03	3.31e-01	6.44e-01	2.37e-02	0.00e+00	0.00e+00	0.00e+00	0.00e+00	0.00e+00
 1.24259e+14	9.39e-24	3.56e-15	2.18e-08	1.18e-03	3.49e-01	6.28e-01	2.13e-02	0.00e+00	0.00e+00	0.00e+00	0.00e+00	0.00e+00
 1.29259e+14	1.35e-23	4.74e-15	2.70e-08	1.34e-03	3.68e-01	6.12e-01	1.91e-02	0.00e+00	0.00e+00	0.00e+00	0.00e+00	0.00e+00
 1.34459e+14	1.94e-23	6.30e-15	3.34e-08	1.53e-03	3.87e-01	5.95e-01	1.71e-02	0.00e+00	0.00e+00	0.00e+00	0.00e+00	0.00e+00
 1.39868e+14	2.78e-23	8.34e-15	4.12e-08	1.74e-03	4.06e-01	5.77e-01	1.53e-02	0.00e+00	0.00e+00	0.00e+00	0.00e+00	0.00e+00
 1.45492e+14	3.98e-23	1.10e-14	5.07e-08	1.98e-03	4.26e-01	5.59e-01	1.36e-02	0.00e+00	0.00e+00	0.00e+00	0.00e+00	0.00e+00
 1.51342e+14	5.68e-23	1.46e-14	6.24e-08	2.24e-03	4.45e-01	5.40e-01	1.21e-02	0.00e+00	0.00e+00	0.00e+00	0.00e+00	0.00e+00
 1.57426e+14	8.08e-23	1.92e-14	7.67e-08	2.54e-03	4.65e-01	5.22e-01	1.08e-02	0.00e+00	0.00e+00	0.00e+00	0.00e+00	0.00e+00
 1.63752e+14	1.13e-22	2.48e-14	9.39e-08	2.87e-03	4.85e-01	5.03e-01	9.58e-03	0.00e+00	0.00e+00	0.00e+00	0.00e+00	0.00e+00
 1.70333e+14	1.63e-22	3.30e-14	1.15e-07	3.24e-03	5.05e-01	4.84e-01	8.49e-03	0.00e+00	0.00e+00	0.00e+00	0.00e+00	0.00e+00
 1.77176e+14	2.30e-22	4.31e-14	1.40e-07	3.65e-03	5.24e-01	4.64e-01	7.51e-03	0.00e+00	0.00e+00	0.00e+00	0.00e+00	0.00e+00
 1.84293e+14	3.24e-22	5.62e-14	1.71e-07	4.11e-03	5.44e-01	4.45e-01	6.63e-03	0.00e+00	0.00e+00	0.00e+00	0.00e+00	0.00e+00
 1.91694e+14	4.55e-22	7.31e-14	2.08e-07	4.61e-03	5.63e-01	4.26e-01	5.85e-03	0.00e+00	0.00e+00	0.00e+00	0.00e+00	0.00e+00
 1.99392e+14	6.27e-22	9.34e-14	2.53e-07	5.17e-03	5.82e-01	4.07e-01	5.15e-03	0.00e+00	0.00e+00	0.00e+00	0.00e+00	0.00e+00
 2.07398e+14	8.77e-22	1.21e-13	3.07e-07	5.78e-03	6.01e-01	3.88e-01	4.53e-03	0.00e+00	0.00e+00	0.00e+00	0.00e+00	0.00e+00
 2.15723e+14	1.25e-21	1.58e-13	3.71e-07	6.45e-03	6.20e-01	3.70e-01	3.97e-03	0.00e+00	0.00e+00	0.00e+00	0.00e+00	0.00e+00
 2.24382e+14	1.73e-21	2.04e-13	4.49e-07	7.20e-03	6.38e-01	3.52e-01	3.48e-03	0.00e+00	0.00e+00	0.00e+00	0.00e+00	0.00e+00
 2.33388e+14	2.41e-21	2.63e-13	5.41e-07	8.01e-03	6.55e-01	3.34e-01	3.05e-03	0.00e+00	0.00e+00	0.00e+00	0.00e+00	0.00e+00
 2.42753e+14	3.28e-21	3.32e-13	6.51e-07	8.90e-03	6.72e-01	3.17e-01	2.66e-03	0.00e+00	0.00e+00	0.00e+00	0.00e+00	0.00e+00
 2.52493e+14	4.62e-21	4.32e-13	7.83e-07	9.87e-03	6.88e-01	3.00e-01	2.33e-03	0.00e+00	0.00e+00	0.00e+00	0.00e+00	0.00e+00
 2.62623e+14	6.37e-21	5.52e-13	9.40e-07	1.09e-02	7.04e-01	2.83e-01	2.03e-03	0.00e+00	0.00e+00	0.00e+00	0.00e+00	0.00e+00
 2.73158e+14	8.78e-21	7.04e-13	1.13e-06	1.21e-02	7.19e-01	2.67e-01	1.76e-03	0.00e+00	0.00e+00	0.00e+00	0.00e+00	0.00e+00
 2.84114e+14	1.18e-20	8.82e-13	1.35e-06	1.34e-02	7.33e-01	2.52e-01	1.53e-03	0.00e+00	0.00e+00	0.00e+00	0.00e+00	0.00e+00
 2.95508e+14	1.65e-20	1.14e-12	1.61e-06	1.47e-02	7.47e-01	2.37e-01	1.33e-03	0.00e+00	0.00e+00	0.00e+00	0.00e+00	0.00e+00
 3.07358e+14	2.23e-20	1.42e-12	1.92e-06	1.62e-02	7.60e-01	2.23e-01	1.15e-03	0.00e+00	0.00e+00	0.00e+00	0.00e+00	0.00e+00
 3.19683e+14	3.04e-20	1.81e-12	2.28e-06	1.78e-02	7.72e-01	2.09e-01	9.99e-04	0.00e+00	0.00e+00	0.00e+00	0.00e+00	0.00e+00
 3.32500e+14	4.23e-20	2.32e-12	2.71e-06	1.96e-02	7.83e-01	1.96e-01	8.65e-04	0.00e+00	0.00e+00	0.00e+00	0.00e+00	0.00e+00
 3.45830e+14	5.76e-20	2.93e-12	3.22e-06	2.15e-02	7.94e-01	1.84e-01	7.48e-04	0.00e+00	0.00e+00	0.00e+00	0.00e+00	0.00e+00
 3.59693e+14	7.85e-20	3.70e-12	3.81e-06	2.35e-02	8.04e-01	1.72e-01	6.46e-04	0.00e+00	0.00e+00	0.00e+00	0.00e+00	0.00e+00
 3.74111e+14	1.07e-19	4.67e-12	4.52e-06	2.58e-02	8.13e-01	1.61e-01	5.57e-04	0.00e+00	0.00e+00	0.00e+00	0.00e+00	0.00e+00
 3.89105e+14	1.45e-19	5.88e-12	5.34e-06	2.82e-02	8.21e-01	1.50e-01	4.80e-04	0.00e+00	0.00e+00	0.00e+00	0.00e+00	0.00e+00
 4.04699e+14	1.97e-19	7.40e-12	6.31e-06	3.08e-02	8.29e-01	1.40e-01	4.13e-04	0.00e+00	0.00e+00	0.00e+00	0.00e+00	0.00e+00
 4.20917e+14	2.67e-19	9.31e-12	7.45e-06	3.35e-02	8.36e-01	1.30e-01	3.55e-04	0.00e+00	0.00e+00	0.00e+00	0.00e+00	0.00e+00
 4.37784e+14	3.62e-19	1.17e-11	8.77e-06	3.65e-02	8.42e-01	1.21e-01	3.05e-04	0.00e+00	0.00e+00	0.00e+00	0.00e+00	0.00e+00
 4.55325e+14	4.89e-19	1.47e-11	1.03e-05	3.98e-02	8.47e-01	1.13e-01	2.62e-04	0.00e+00	0.00e+00	0.00e+00	0.00e+00	0.00e+00
 4.73568e+14	6.62e-19	1.84e-11	1.21e-05	4.32e-02	8.52e-01	1.05e-01	2.25e-04	0.00e+00	0.00e+00	0.00e+00	0.00e+00	0.00e+00
 4.92541e+14	8.95e-19	2.31e-11	1.43e-05	4.70e-02	8.56e-01	9.70e-02	1.93e-04	0.00e+00	0.00e+00	0.00e+00	0.00e+00	0.00e+00
 5.12272e+14	1.20e-18	2.87e-11	1.68e-05	5.10e-02	8.59e-01	8.99e-02	1.65e-04	0.00e+00	0.00e+00	0.00e+00	0.00e+00	0.00e+00
 5.32793e+14	1.62e-18	3.60e-11	1.97e-05	5.53e-02	8.61e-01	8.33e-02	1.41e-04	0.00e+00	0.00e+00	0.00e+00	0.00e+00	0.00e+00
 5.54135e+14	2.21e-18	4.54e-11	2.30e-05	5.99e-02	8.63e-01	7.71e-02	1.21e-04	0.00e+00	0.00e+00	0.00e+00	0.00e+00	0.00e+00
 5.76330e+14	2.98e-18	5.69e-11	2.70e-05	6.49e-02	8.64e-01	7.12e-02	1.03e-04	0.00e+00	0.00e+00	0.00e+00	0.00e+00	0.00e+00
 5.99413e+14	4.02e-18	7.12e-11	3.15e-05	7.02e-02	8.64e-01	6.58e-02	8.78e-05	0.00e+00	0.00e+00	0.00e+00	0.00e+00	0.00e+00
 6.23419e+14	5.43e-18	8.90e-11	3.69e-05	7.59e-02	8.63e-01	6.07e-02	7.48e-05	0.00e+00	0.00e+00	0.00e+00	0.00e+00	0.00e+00
 6.48386e+14	7.33e-18	1.11e-10	4.30e-05	8.20e-02	8.62e-01	5.59e-02	6.37e-05	0.00e+00	0.00e+00	0.00e+00	0.00e+00	0.00e+00
 6.74351e+14	9.88e-18	1.39e-10	5.02e-05	8.85e-02	8.60e-01	5.15e-02	5.41e-05	0.00e+00	0.00e+00	0.00e+00	0.00e+00	0.00e+00
 7.01355e+14	1.33e-17	1.74e-10	5.86e-05	9.54e-02	8.57e-01	4.74e-02	4.60e-05	0.00e+00	0.00e+00	0.00e+00	0.00e+00	0.00e+00
 7.29440e+14	1.80e-17	2.17e-10	6.82e-05	1.03e-01	8.54e-01	4.36e-02	3.90e-05	0.00e+00	0.00e+00	0.00e+00	0.00e+00	0.00e+00
 7.57813e+14	2.39e-17	2.68e-10	7.91e-05	1.10e-01	8.49e-01	4.01e-02	3.32e-05	0.00e+00	0.00e+00	1.35e-17	7.41e-18	2.97e-18
 7.87322e+14	3.19e-17	3.33e-10	9.15e-05	1.18e-01	8.45e-01	3.69e-02	2.83e-05	0.00e+00	0.00e+00	1.78e-17	1.06e-17	3.55e-18
 8.18844e+14	4.31e-17	4.16e-10	1.06e-04	1.27e-01	8.39e-01	3.38e-02	2.39e-05	0.00e+00	0.00e+00	2.40e-17	1.42e-17	4.79e-18
 8.51628e+14	5.79e-17	5.19e-10	1.24e-04	1.37e-01	8.32e-01	3.09e-02	2.02e-05	0.00e+00	0.00e+00	3.23e-17	1.91e-17	6.45e-18
 8.85723e+14	7.79e-17	6.46e-10	1.43e-04	1.47e-01	8.25e-01	2.83e-02	1.70e-05	0.00e+00	0.00e+00	4.34e-17	2.57e-17	8.67e-18
 9.21182e+14	1.05e-16	8.05e-10	1.66e-04	1.57e-01	8.17e-01	2.58e-02	1.44e-05	0.00e+00	0.00e+00	5.86e-17	3.46e-17	1.17e-17
 9.58059e+14	1.41e-16	1.00e-09	1.92e-04	1.68e-01	8.08e-01	2.35e-02	1.21e-05	0.00e+00	0.00e+00	7.86e-17	4.64e-17	1.57e-17
 9.96412e+14	1.89e-16	1.25e-09	2.22e-04	1.80e-01	7.99e-01	2.14e-02	1.02e-05	0.00e+00	0.00e+00	1.06e-16	6.24e-17	2.11e-17
 1.03630e+15	2.55e-16	1.55e-09	2.57e-04	1.92e-01	7.88e-01	1.95e-02	8.53e-06	0.00e+00	0.00e+00	1.42e-16	8.38e-17	2.84e-17
 1.07778e+15	3.40e-16	1.92e-09	2.96e-04	2.05e-01	7.77e-01	1.77e-02	7.16e-06	0.00e+00	0.00e+00	1.90e-16	1.12e-16	3.80e-17
 1.12092e+15	4.57e-16	2.39e-09	3.41e-04	2.18e-01	7.65e-01	1.61e-02	5.99e-06	0.00e+00	0.00e+00	2.55e-16	1.50e-16	5.10e-17
 1.16579e+15	6.14e-16	2.97e-09	3.94e-04	2.33e-01	7.52e-01	1.46e-02	4.99e-06	0.00e+00	0.00e+00	3.43e-16	2.02e-16	6.86e-17
 1.21245e+15	8.21e-16	3.67e-09	4.53e-04	2.47e-01	7.39e-01	1.32e-02	4.17e-06	0.00e+00	0.00e+00	4.59e-16	2.69e-16	9.18e-17
 1.26098e+15	1.10e-15	4.56e-09	5.20e-04	2.63e-01	7.25e-01	1.19e-02	3.47e-06	0.00e+00	0.00e+00	6.17e-16	3.61e-16	1.23e-16
 1.31145e+15	1.47e-15	5.62e-09	5.96e-04	2.79e-01	7.10e-01	1.07e-02	2.89e-06	0.00e+00	0.00e+00	8.21e-16	4.79e-16	1.64e-16
 1.36393e+15	1.97e-15	6.97e-09	6.85e-04	2.96e-01	6.94e-01	9.66e-03	2.39e-06	0.00e+00	0.00e+00	1.10e-15	6.42e-16	2.20e-16
 1.41440e+15	2.57e-15	8.48e-09	7.75e-04	3.11e-01	6.79e-01	8.75e-03	2.01e-06	0.00e+00	0.00e+00	1.44e-15	8.39e-16	2.88e-16
 1.46131e+15	3.25e-15	1.01e-08	8.66e-04	3.26e-01	6.65e-01	8.00e-03	1.71e-06	0.00e+00	0.00e+00	1.82e-15	1.06e-15	3.64e-16
 1.51422e+15	4.22e-15	1.22e-08	9.77e-04	3.42e-01	6.49e-01	7.24e-03	1.44e-06	0.00e+00	0.00e+00	2.37e-15	1.37e-15	4.72e-16
 1.57350e+15	5.61e-15	1.50e-08	1.11e-03	3.61e-01	6.31e-01	6.48e-03	1.19e-06	0.00e+00	0.00e+00	3.15e-15	1.82e-15	6.29e-16
 1.62990e+15	7.26e-15	1.80e-08	1.25e-03	3.78e-01	6.15e-01	5.85e-03	9.97e-07	0.00e+00	0.00e+00	4.08e-15	2.35e-15	8.13e-16
 1.68989e+15	9.37e-15	2.17e-08	1.41e-03	3.96e-01	5.98e-01	5.26e-03	0.00e+00	0.00e+00	0.00e+00	5.27e-15	3.03e-15	1.05e-15
 1.75562e+15	1.24e-14	2.66e-08	1.60e-03	4.15e-01	5.79e-01	4.69e-03	0.00e+00	0.00e+00	0.00e+00	7.00e-15	4.01e-15	1.39e-15
 1.81806e+15	1.60e-14	3.19e-08	1.79e-03	4.33e-01	5.61e-01	4.22e-03	0.00e+00	0.00e+00	0.00e+00	9.02e-15	5.15e-15	1.79e-15
 1.88488e+15	2.06e-14	3.83e-08	2.01e-03	4.51e-01	5.43e-01	3.77e-03	0.00e+00	0.00e+00	0.00e+00	1.16e-14	6.62e-15	2.31e-15
 1.95827e+15	2.73e-14	4.69e-08	2.27e-03	4.72e-01	5.23e-01	3.34e-03	0.00e+00	0.00e+00	0.00e+00	1.54e-14	8.74e-15	3.05e-15
 2.02805e+15	3.51e-14	5.62e-08	2.53e-03	4.90e-01	5.05e-01	2.99e-03	0.00e+00	0.00e+00	0.00e+00	1.98e-14	1.12e-14	3.92e-15
 2.10265e+15	4.53e-14	6.75e-08	2.84e-03	5.09e-01	4.85e-01	2.65e-03	0.00e+00	0.00e+00	0.00e+00	2.57e-14	1.45e-14	5.07e-15
 2.18414e+15	5.89e-14	8.14e-08	3.18e-03	5.29e-01	4.66e-01	2.34e-03	0.00e+00	0.00e+00	0.00e+00	3.34e-14	1.88e-14	6.59e-15
 2.26228e+15	7.64e-14	9.80e-08	3.55e-03	5.48e-01	4.47e-01	2.07e-03	0.00e+00	0.00e+00	0.00e+00	4.34e-14	2.43e-14	8.54e-15
 2.33806e+15	9.56e-14	1.15e-07	3.91e-03	5.65e-01	4.29e-01	1.85e-03	0.00e+00	0.00e+00	0.00e+00	5.43e-14	3.03e-14	1.07e-14
 2.42347e+15	1.24e-13	1.39e-07	4.37e-03	5.84e-01	4.10e-01	1.63e-03	0.00e+00	0.00e+00	0.00e+00	7.06e-14	3.93e-14	1.39e-14
 2.51753e+15	1.61e-13	1.67e-07	4.88e-03	6.03e-01	3.90e-01	1.42e-03	0.00e+00	0.00e+00	0.00e+00	9.18e-14	5.08e-14	1.80e-14
 2.60774e+15	2.08e-13	2.00e-07	5.42e-03	6.22e-01	3.72e-01	1.25e-03	0.00e+00	0.00e+00	0.00e+00	1.19e-13	6.56e-14	2.32e-14
 2.69499e+15	2.61e-13	2.34e-07	5.96e-03	6.38e-01	3.55e-01	1.11e-03	0.00e+00	0.00e+00	0.00e+00	1.49e-13	8.18e-14	2.90e-14
 2.79333e+15	3.38e-13	2.82e-07	6.63e-03	6.56e-01	3.36e-01	9.67e-04	0.00e+00	0.00e+00	0.00e+00	1.93e-13	1.06e-13	3.76e-14
 2.90177e+15	4.42e-13	3.40e-07	7.40e-03	6.75e-01	3.17e-01	8.35e-04	0.00e+00	0.00e+00	0.00e+00	2.53e-13	1.38e-13	4.92e-14
 3.00516e+15	5.66e-13	4.05e-07	8.17e-03	6.91e-01	3.00e-01	7.29e-04	0.00e+00	0.00e+00	0.00e+00	3.24e-13	1.76e-13	6.28e-14
 3.11601e+15	7.31e-13	4.85e-07	9.06e-03	7.07e-01	2.83e-01	6.30e-04	0.00e+00	0.00e+00	0.00e+00	4.19e-13	2.28e-13	8.10e-14
 3.23718e+15	9.56e-13	5.85e-07	1.01e-02	7.24e-01	2.65e-01	5.40e-04	0.00e+00	0.00e+00	0.00e+00	5.49e-13	2.97e-13	1.06e-13
 3.35253e+15	1.23e-12	6.97e-07	1.11e-02	7.39e-01	2.49e-01	4.67e-04	0.00e+00	0.00e+00	0.00e+00	7.04e-13	3.80e-13	1.35e-13
 3.47600e+15	1.58e-12	8.33e-07	1.23e-02	7.54e-01	2.33e-01	4.00e-04	0.00e+00	0.00e+00	0.00e+00	9.09e-13	4.90e-13	1.74e-13
 3.61052e+15	2.07e-12	1.01e-06	1.37e-02	7.69e-01	2.17e-01	3.40e-04	0.00e+00	0.00e+00	0.00e+00	1.19e-12	6.42e-13	2.29e-13
 3.73875e+15	2.66e-12	1.20e-06	1.51e-02	7.82e-01	2.03e-01	2.92e-04	0.00e+00	0.00e+00	0.00e+00	1.53e-12	8.22e-13	2.92e-13
 3.87667e+15	3.45e-12	1.44e-06	1.68e-02	7.95e-01	1.88e-01	2.48e-04	0.00e+00	0.00e+00	0.00e+00	1.99e-12	1.07e-12	3.79e-13
 4.02702e+15	4.55e-12	1.75e-06	1.87e-02	8.07e-01	1.74e-01	2.08e-04	0.00e+00	0.00e+00	0.00e+00	2.62e-12	1.40e-12	4.98e-13
 4.16794e+15	5.83e-12	2.08e-06	2.06e-02	8.18e-01	1.61e-01	1.77e-04	0.00e+00	0.00e+00	0.00e+00	3.36e-12	1.80e-12	6.38e-13
 4.29953e+15	7.22e-12	2.41e-06	2.25e-02	8.27e-01	1.51e-01	1.53e-04	0.00e+00	0.00e+00	0.00e+00	4.16e-12	2.23e-12	7.89e-13
 4.44897e+15	9.47e-12	2.92e-06	2.49e-02	8.36e-01	1.39e-01	1.29e-04	0.00e+00	0.00e+00	0.00e+00	5.46e-12	2.92e-12	1.03e-12
 4.61640e+15	1.22e-11	3.50e-06	2.77e-02	8.45e-01	1.27e-01	1.07e-04	0.00e+00	0.00e+00	0.00e+00	7.06e-12	3.77e-12	1.33e-12
 4.77888e+15	1.63e-11	4.28e-06	3.08e-02	8.52e-01	1.17e-01	8.99e-05	0.00e+00	0.00e+00	0.00e+00	9.39e-12	5.01e-12	1.77e-12
 4.93260e+15	2.08e-11	5.10e-06	3.39e-02	8.58e-01	1.08e-01	7.62e-05	0.00e+00	0.00e+00	0.00e+00	1.20e-11	6.41e-12	2.25e-12
 5.10323e+15	2.73e-11	6.19e-06	3.78e-02	8.64e-01	9.80e-02	6.33e-05	0.00e+00	0.00e+00	0.00e+00	1.58e-11	8.40e-12	2.95e-12
 5.29554e+15	3.68e-11	7.67e-06	4.26e-02	8.69e-01	8.83e-02	5.16e-05	0.00e+00	0.00e+00	0.00e+00	2.13e-11	1.13e-11	3.97e-12
 5.47801e+15	4.88e-11	9.39e-06	4.78e-02	8.72e-01	7.99e-02	4.25e-05	0.00e+00	0.00e+00	0.00e+00	2.82e-11	1.50e-11	5.25e-12
 5.64709e+15	6.32e-11	1.13e-05	5.32e-02	8.74e-01	7.27e-02	3.55e-05	0.00e+00	0.00e+00	0.00e+00	3.65e-11	1.95e-11	6.79e-12
 5.83683e+15	8.49e-11	1.41e-05	6.02e-02	8.75e-01	6.51e-02	2.89e-05	0.00e+00	0.00e+00	0.00e+00	4.91e-11	2.61e-11	9.11e-12
 6.04886e+15	1.18e-10	1.79e-05	6.91e-02	8.73e-01	5.76e-02	2.30e-05	0.00e+00	0.00e+00	0.00e+00	6.81e-11	3.62e-11	1.26e-11
 6.24648e+15	1.60e-10	2.25e-05	7.90e-02	8.70e-01	5.11e-02	1.85e-05	0.00e+00	0.00e+00	0.00e+00	9.27e-11	4.93e-11	1.71e-11
 6.42622e+15	2.13e-10	2.79e-05	8.96e-02	8.65e-01	4.56e-02	1.51e-05	0.00e+00	0.00e+00	0.00e+00	1.23e-10	6.56e-11	2.28e-11
 6.62611e+15	2.97e-10	3.60e-05	1.04e-01	8.56e-01	3.98e-02	1.20e-05	0.00e+00	0.00e+00	0.00e+00	1.72e-10	9.14e-11	3.17e-11
 6.84460e+15	4.29e-10	4.78e-05	1.23e-01	8.42e-01	3.40e-02	9.17e-06	0.00e+00	0.00e+00	0.00e+00	2.48e-10	1.32e-10	4.56e-11
 7.03609e+15	6.01e-10	6.23e-05	1.45e-01	8.25e-01	2.92e-02	7.17e-06	0.00e+00	0.00e+00	0.00e+00	3.48e-10	1.85e-10	6.39e-11
 7.19717e+15	8.11e-10	7.92e-05	1.69e-01	8.06e-01	2.53e-02	5.73e-06	0.00e+00	0.00e+00	0.00e+00	4.70e-10	2.50e-10	8.62e-11
 7.34482e+15	1.09e-09	1.00e-04	1.96e-01	7.82e-01	2.18e-02	4.57e-06	0.00e+00	0.00e+00	0.00e+00	6.30e-10	3.35e-10	1.15e-10
 7.48787e+15	1.40e-09	1.23e-04	2.29e-01	7.52e-01	1.85e-02	3.59e-06	0.00e+00	0.00e+00	0.00e+00	8.11e-10	4.31e-10	1.48e-10
 7.62280e+15	1.97e-09	1.64e-04	2.69e-01	7.15e-01	1.55e-02	2.78e-06	0.00e+00	0.00e+00	0.00e+00	1.14e-09	6.08e-10	2.09e-10
 7.73671e+15	2.58e-09	2.05e-04	3.12e-01	6.75e-01	1.29e-02	2.17e-06	0.00e+00	0.00e+00	0.00e+00	1.49e-09	7.94e-10	2.73e-10
 7.83298e+15	3.28e-09	2.52e-04	3.58e-01	6.31e-01	1.07e-02	1.69e-06	0.00e+00	0.00e+00	0.00e+00	1.90e-09	1.01e-09	3.48e-10
 7.91469e+15	4.05e-09	3.02e-04	4.05e-01	5.85e-01	8.91e-03	1.33e-06	0.00e+00	0.00e+00	0.00e+00	2.35e-09	1.25e-09	4.30e-10
 7.97781e+15	4.82e-09	3.51e-04	4.48e-01	5.44e-01	7.52e-03	1.07e-06	0.00e+00	0.00e+00	0.00e+00	2.79e-09	1.48e-09	5.11e-10
 8.03298e+15	5.61e-09	4.00e-04	4.91e-01	5.02e-01	6.32e-03	8.64e-07	0.00e+00	0.00e+00	0.00e+00	3.25e-09	1.73e-09	5.95e-10
 8.09505e+15	6.69e-09	4.67e-04	5.46e-01	4.48e-01	5.01e-03	0.00e+00	0.00e+00	0.00e+00	0.00e+00	3.88e-09	2.06e-09	7.10e-10
 8.16429e+15	8.10e-09	5.53e-04	6.14e-01	3.82e-01	3.67e-03	0.00e+00	0.00e+00	0.00e+00	0.00e+00	4.70e-09	2.50e-09	8.61e-10
 8.22559e+15	9.60e-09	6.41e-04	6.79e-01	3.18e-01	2.62e-03	0.00e+00	0.00e+00	0.00e+00	0.00e+00	5.57e-09	2.96e-09	1.02e-09
 8.27671e+15	1.09e-08	7.19e-04	7.35e-01	2.62e-01	1.87e-03	0.00e+00	0.00e+00	0.00e+00	0.00e+00	6.34e-09	3.37e-09	1.16e-09
 8.32311e+15	1.23e-08	7.96e-04	7.85e-01	2.13e-01	1.31e-03	0.00e+00	0.00e+00	0.00e+00	0.00e+00	7.15e-09	3.80e-09	1.31e-09
 8.37469e+15	1.37e-08	8.75e-04	8.36e-01	1.63e-01	8.28e-04	0.00e+00	0.00e+00	0.00e+00	0.00e+00	7.93e-09	4.22e-09	1.46e-09
 8.44023e+15	1.57e-08	9.72e-04	8.88e-01	1.11e-01	4.33e-04	0.00e+00	0.00e+00	0.00e+00	0.00e+00	9.12e-09	4.85e-09	1.67e-09
 8.51280e+15	1.73e-08	1.06e-03	9.29e-01	7.01e-02	2.00e-04	0.00e+00	0.00e+00	0.00e+00	0.00e+00	1.01e-08	5.35e-09	1.85e-09
 8.58567e+15	1.88e-08	1.12e-03	9.54e-01	4.45e-02	9.08e-05	0.00e+00	0.00e+00	0.00e+00	0.00e+00	1.09e-08	5.79e-09	2.00e-09
 8.67009e+15	2.03e-08	1.17e-03	9.71e-01	2.78e-02	3.80e-05	0.00e+00	0.00e+00	0.00e+00	0.00e+00	1.18e-08	6.25e-09	2.16e-09
 8.77982e+15	2.24e-08	1.23e-03	9.81e-01	1.73e-02	1.41e-05	0.00e+00	0.00e+00	0.00e+00	0.00e+00	1.30e-08	6.91e-09	2.39e-09
 8.92248e+15	2.39e-08	1.28e-03	9.87e-01	1.17e-02	5.00e-06	0.00e+00	0.00e+00	0.00e+00	0.00e+00	1.39e-08	7.37e-09	2.55e-09
 9.10794e+15	2.63e-08	1.34e-03	9.90e-01	9.04e-03	1.73e-06	0.00e+00	0.00e+00	0.00e+00	0.00e+00	1.53e-08	8.12e-09	2.81e-09
 9.34903e+15	2.97e-08	1.42e-03	9.91e-01	7.67e-03	5.60e-07	0.00e+00	0.00e+00	0.00e+00	0.00e+00	1.73e-08	9.16e-09	3.17e-09
 9.66245e+15	3.45e-08	1.52e-03	9.92e-01	6.90e-03	0.00e+00	0.00e+00	0.00e+00	0.00e+00	0.00e+00	2.01e-08	1.07e-08	3.68e-09
 1.00364e+16	4.17e-08	1.64e-03	9.92e-01	6.24e-03	0.00e+00	0.00e+00	0.00e+00	0.00e+00	0.00e+00	2.43e-08	1.29e-08	4.44e-09
 1.03891e+16	4.83e-08	1.76e-03	9.92e-01	5.78e-03	0.00e+00	0.00e+00	0.00e+00	0.00e+00	0.00e+00	2.81e-08	1.49e-08	5.14e-09
 1.07477e+16	5.71e-08	1.89e-03	9.93e-01	5.33e-03	0.00e+00	0.00e+00	0.00e+00	0.00e+00	0.00e+00	3.32e-08	1.76e-08	6.08e-09
 1.11459e+16	6.72e-08	2.04e-03	9.93e-01	4.88e-03	0.00e+00	0.00e+00	0.00e+00	0.00e+00	0.00e+00	3.92e-08	2.08e-08	7.15e-09
 1.15682e+16	8.07e-08	2.20e-03	9.93e-01	4.48e-03	0.00e+00	0.00e+00	0.00e+00	0.00e+00	0.00e+00	4.70e-08	2.49e-08	8.58e-09
 1.20309e+16	9.75e-08	2.39e-03	9.94e-01	4.09e-03	0.00e+00	0.00e+00	0.00e+00	0.00e+00	0.00e+00	5.68e-08	3.01e-08	1.04e-08
 1.24680e+16	1.17e-07	2.58e-03	9.94e-01	3.75e-03	0.00e+00	0.00e+00	0.00e+00	0.00e+00	0.00e+00	6.80e-08	3.61e-08	1.24e-08
 1.28538e+16	1.36e-07	2.75e-03	9.94e-01	3.49e-03	0.00e+00	0.00e+00	0.00e+00	0.00e+00	0.00e+00	7.94e-08	4.21e-08	1.45e-08
 1.32784e+16	1.61e-07	2.96e-03	9.94e-01	3.22e-03	0.00e+00	0.00e+00	0.00e+00	0.00e+00	0.00e+00	9.40e-08	4.98e-08	1.71e-08
 1.37889e+16	1.97e-07	3.21e-03	9.94e-01	2.94e-03	0.00e+00	0.00e+00	0.00e+00	0.00e+00	0.00e+00	1.15e-07	6.08e-08	2.09e-08
 1.42984e+16	2.39e-07	3.48e-03	9.94e-01	2.69e-03	0.00e+00	0.00e+00	0.00e+00	0.00e+00	0.00e+00	1.39e-07	7.39e-08	2.54e-08
 1.47610e+16	2.85e-07	3.73e-03	9.94e-01	2.48e-03	0.00e+00	0.00e+00	0.00e+00	0.00e+00	0.00e+00	1.66e-07	8.80e-08	3.02e-08
 1.52749e+16	3.47e-07	4.03e-03	9.94e-01	2.27e-03	0.00e+00	0.00e+00	0.00e+00	0.00e+00	0.00e+00	2.02e-07	1.07e-07	3.68e-08
 1.58489e+16	4.31e-07	4.39e-03	9.94e-01	2.06e-03	0.00e+00	0.00e+00	0.00e+00	0.00e+00	0.00e+00	2.51e-07	1.33e-07	4.57e-08
 1.63893e+16	5.30e-07	4.76e-03	9.93e-01	1.88e-03	0.00e+00	0.00e+00	0.00e+00	0.00e+00	0.00e+00	3.09e-07	1.64e-07	5.62e-08
 1.68915e+16	6.44e-07	5.13e-03	9.93e-01	1.73e-03	0.00e+00	0.00e+00	0.00e+00	0.00e+00	0.00e+00	3.74e-07	1.99e-07	6.83e-08
 1.73569e+16	7.69e-07	5.48e-03	9.93e-01	1.60e-03	0.00e+00	0.00e+00	0.00e+00	0.00e+00	0.00e+00	4.47e-07	2.38e-07	8.15e-08
 1.78628e+16	9.39e-07	5.90e-03	9.93e-01	1.48e-03	0.00e+00	0.00e+00	0.00e+00	0.00e+00	0.00e+00	5.46e-07	2.91e-07	9.95e-08
 1.85118e+16	1.22e-06	6.48e-03	9.92e-01	1.33e-03	0.00e+00	0.00e+00	0.00e+00	0.00e+00	0.00e+00	7.09e-07	3.77e-07	1.29e-07
 1.91949e+16	1.62e-06	7.18e-03	9.92e-01	1.20e-03	0.00e+00	0.00e+00	0.00e+00	0.00e+00	0.00e+00	9.41e-07	5.01e-07	1.71e-07
 1.97113e+16	2.01e-06	7.74e-03	9.91e-01	1.10e-03	0.00e+00	0.00e+00	0.00e+00	0.00e+00	0.00e+00	1.17e-06	6.22e-07	2.12e-07
 2.01628e+16	2.46e-06	8.30e-03	9.91e-01	1.03e-03	0.00e+00	0.00e+00	0.00e+00	0.00e+00	0.00e+00	1.43e-06	7.62e-07	2.60e-07
 2.07498e+16	3.24e-06	9.12e-03	9.90e-01	9.35e-04	0.00e+00	0.00e+00	0.00e+00	0.00e+00	0.00e+00	1.88e-06	1.00e-06	3.42e-07
 2.13486e+16	4.33e-06	1.01e-02	9.89e-01	8.51e-04	0.00e+00	0.00e+00	0.00e+00	0.00e+00	0.00e+00	2.52e-06	1.34e-06	4.58e-07
 2.18728e+16	5.70e-06	1.11e-02	9.88e-01	7.79e-04	0.00e+00	0.00e+00	0.00e+00	0.00e+00	0.00e+00	3.31e-06	1.77e-06	6.02e-07
 2.23797e+16	7.56e-06	1.22e-02	9.87e-01	7.16e-04	0.00e+00	0.00e+00	0.00e+00	0.00e+00	0.00e+00	4.39e-06	2.34e-06	7.98e-07
 2.28661e+16	1.01e-05	1.34e-02	9.86e-01	6.51e-04	0.00e+00	0.00e+00	0.00e+00	0.00e+00	0.00e+00	5.87e-06	3.13e-06	1.07e-06
 2.33208e+16	1.36e-05	1.49e-02	9.85e-01	5.96e-04	0.00e+00	0.00e+00	0.00e+00	0.00e+00	0.00e+00	7.91e-06	4.22e-06	1.44e-06
 2.37449e+16	1.84e-05	1.66e-02	9.83e-01	5.43e-04	0.00e+00	0.00e+00	0.00e+00	0.00e+00	0.00e+00	1.07e-05	5.70e-06	1.94e-06
 2.41350e+16	2.50e-05	1.85e-02	9.81e-01	4.96e-04	0.00e+00	0.00e+00	0.00e+00	0.00e+00	0.00e+00	1.45e-05	7.74e-06	2.63e-06
 2.44822e+16	3.36e-05	2.06e-02	9.79e-01	4.52e-04	0.00e+00	0.00e+00	0.00e+00	0.00e+00	0.00e+00	1.95e-05	1.04e-05	3.54e-06
 2.47962e+16	4.51e-05	2.31e-02	9.76e-01	4.12e-04	0.00e+00	0.00e+00	0.00e+00	0.00e+00	0.00e+00	2.62e-05	1.40e-05	4.75e-06
 2.50149e+16	5.60e-05	2.52e-02	9.74e-01	3.84e-04	0.00e+00	0.00e+00	0.00e+00	0.00e+00	0.00e+00	3.26e-05	1.73e-05	5.89e-06
 2.51267e+16	6.31e-05	2.64e-02	9.73e-01	3.69e-04	0.00e+00	0.00e+00	0.00e+00	0.00e+00	0.00e+00	3.66e-05	1.95e-05	6.63e-06
 2.52281e+16	7.08e-05	2.76e-02	9.72e-01	3.55e-04	0.00e+00	0.00e+00	0.00e+00	0.00e+00	0.00e+00	4.11e-05	2.19e-05	7.44e-06
 2.53598e+16	8.27e-05	2.95e-02	9.70e-01	3.36e-04	0.00e+00	0.00e+00	0.00e+00	0.00e+00	0.00e+00	4.80e-05	2.56e-05	8.69e-06
 2.55050e+16	9.87e-05	3.17e-02	9.68e-01	3.16e-04	0.00e+00	0.00e+00	0.00e+00	0.00e+00	0.00e+00	5.74e-05	3.05e-05	1.04e-05
 2.56279e+16	1.15e-04	3.39e-02	9.66e-01	2.99e-04	0.00e+00	0.00e+00	0.00e+00	0.00e+00	0.00e+00	6.70e-05	3.56e-05	1.21e-05
 2.57257e+16	1.31e-04	3.58e-02	9.64e-01	2.85e-04	0.00e+00	0.00e+00	0.00e+00	0.00e+00	0.00e+00	7.63e-05	4.06e-05	1.38e-05
 2.58304e+16	1.53e-04	3.83e-02	9.61e-01	2.70e-04	0.00e+00	0.00e+00	0.00e+00	0.00e+00	0.00e+00	8.86e-05	4.71e-05	1.60e-05
 2.59425e+16	1.80e-04	4.11e-02	9.58e-01	2.53e-04	0.00e+00	0.00e+00	0.00e+00	0.00e+00	0.00e+00	1.04e-04	5.55e-05	1.88e-05
 2.60380e+16	2.08e-04	4.39e-02	9.56e-01	2.38e-04	0.00e+00	0.00e+00	0.00e+00	0.00e+00	0.00e+00	1.21e-04	6.43e-05	2.18e-05
 2.61203e+16	2.37e-04	4.66e-02	9.53e-01	2.27e-04	0.00e+00	0.00e+00	0.00e+00	0.00e+00	0.00e+00	1.38e-04	7.33e-05	2.49e-05
 2.62115e+16	2.78e-04	5.01e-02	9.49e-01	2.13e-04	0.00e+00	0.00e+00	0.00e+00	0.00e+00	0.00e+00	1.61e-04	8.57e-05	2.91e-05
 2.63068e+16	3.28e-04	5.41e-02	9.45e-01	1.99e-04	0.00e+00	0.00e+00	0.00e+00	0.00e+00	0.00e+00	1.90e-04	1.01e-04	3.43e-05
 2.63866e+16	3.79e-04	5.79e-02	9.41e-01	1.87e-04	0.00e+00	0.00e+00	0.00e+00	0.00e+00	0.00e+00	2.20e-04	1.17e-04	3.97e-05
 2.64558e+16	4.33e-04	6.17e-02	9.38e-01	1.76e-04	0.00e+00	0.00e+00	0.00e+00	0.00e+00	0.00e+00	2.52e-04	1.34e-04	4.53e-05
 2.65324e+16	5.06e-04	6.65e-02	9.33e-01	1.65e-04	0.00e+00	0.00e+00	0.00e+00	0.00e+00	0.00e+00	2.94e-04	1.56e-04	5.30e-05
 2.66137e+16	6.00e-04	7.22e-02	9.27e-01	1.53e-04	0.00e+00	0.00e+00	0.00e+00	0.00e+00	0.00e+00	3.49e-04	1.85e-04	6.28e-05
 2.66822e+16	6.97e-04	7.76e-02	9.22e-01	1.42e-04	0.00e+00	0.00e+00	0.00e+00	0.00e+00	0.00e+00	4.05e-04	2.15e-04	7.29e-05
 2.67413e+16	7.97e-04	8.29e-02	9.16e-01	1.34e-04	0.00e+00	0.00e+00	0.00e+00	0.00e+00	0.00e+00	4.63e-04	2.46e-04	8.33e-05
 2.68069e+16	9.35e-04	8.97e-02	9.09e-01	1.24e-04	0.00e+00	0.00e+00	0.00e+00	0.00e+00	0.00e+00	5.44e-04	2.88e-04	9.77e-05
 2.68766e+16	1.11e-03	9.77e-02	9.01e-01	1.14e-04	0.00e+00	0.00e+00	0.00e+00	0.00e+00	0.00e+00	6.46e-04	3.43e-04	1.16e-04
 2.69355e+16	1.29e-03	1.05e-01	8.93e-01	1.05e-04	0.00e+00	0.00e+00	0.00e+00	0.00e+00	0.00e+00	7.53e-04	3.99e-04	1.35e-04
 2.69868e+16	1.49e-03	1.13e-01	8.85e-01	9.79e-05	0.00e+00	0.00e+00	0.00e+00	0.00e+00	0.00e+00	8.65e-04	4.59e-04	1.55e-04
 2.70443e+16	1.76e-03	1.23e-01	8.75e-01	8.93e-05	0.00e+00	0.00e+00	0.00e+00	0.00e+00	0.00e+00	1.02e-03	5.42e-04	1.83e-04
 2.71053e+16	2.10e-03	1.35e-01	8.63e-01	8.11e-05	0.00e+00	0.00e+00	0.00e+00	0.00e+00	0.00e+00	1.22e-03	6.48e-04	2.19e-04
 2.71572e+16	2.46e-03	1.46e-01	8.51e-01	7.39e-05	0.00e+00	0.00e+00	0.00e+00	0.00e+00	0.00e+00	1.43e-03	7.60e-04	2.57e-04
 2.72028e+16	2.86e-03	1.57e-01	8.40e-01	6.77e-05	0.00e+00	0.00e+00	0.00e+00	0.00e+00	0.00e+00	1.66e-03	8.80e-04	2.98e-04
 2.72541e+16	3.40e-03	1.72e-01	8.25e-01	6.11e-05	0.00e+00	0.00e+00	0.00e+00	0.00e+00	0.00e+00	1.98e-03	1.05e-03	3.55e-04
 2.73090e+16	4.12e-03	1.89e-01	8.06e-01	5.40e-05	0.00e+00	0.00e+00	0.00e+00	0.00e+00	0.00e+00	2.40e-03	1.27e-03	4.30e-04
 2.73565e+16	4.91e-03	2.07e-01	7.88e-01	4.81e-05	0.00e+00	0.00e+00	0.00e+00	0.00e+00	0.00e+00	2.86e-03	1.51e-03	5.12e-04
 2.73985e+16	5.76e-03	2.24e-01	7.70e-01	4.32e-05	0.00e+00	0.00e+00	0.00e+00	0.00e+00	0.00e+00	3.35e-03	1.77e-03	6.01e-04
 2.74459e+16	6.99e-03	2.47e-01	7.46e-01	3.76e-05	0.00e+00	0.00e+00	0.00e+00	0.00e+00	0.00e+00	4.07e-03	2.15e-03	7.28e-04
 2.74971e+16	8.65e-03	2.74e-01	7.17e-01	3.20e-05	0.00e+00	0.00e+00	0.00e+00	0.00e+00	0.00e+00	5.04e-03	2.66e-03	9.01e-04
 2.75421e+16	1.05e-02	3.02e-01	6.87e-01	2.73e-05	0.00e+00	0.00e+00	0.00e+00	0.00e+00	0.00e+00	6.13e-03	3.24e-03	1.10e-03
 2.75816e+16	1.26e-02	3.29e-01	6.58e-01	2.35e-05	0.00e+00	0.00e+00	0.00e+00	0.00e+00	0.00e+00	7.34e-03	3.88e-03	1.31e-03
