#depth	He	He+	He+2
 1.49634e+10	4.64e-24	6.63e-13	1.00e+00
 4.54887e+10	5.18e-24	7.16e-13	1.00e+00
 7.72350e+10	5.74e-24	7.74e-13	1.00e+00
 1.10251e+11	6.35e-24	8.37e-13	1.00e+00
 1.44588e+11	7.03e-24	9.06e-13	1.00e+00
 1.80298e+11	7.77e-24	9.79e-13	1.00e+00
 2.17437e+11	8.59e-24	1.06e-12	1.00e+00
 2.52112e+11	9.41e-24	1.14e-12	1.00e+00
 2.82695e+11	1.02e-23	1.21e-12	1.00e+00
 3.16827e+11	1.10e-23	1.29e-12	1.00e+00
 3.57806e+11	1.21e-23	1.39e-12	1.00e+00
 3.98909e+11	1.33e-23	1.50e-12	1.00e+00
 4.36617e+11	1.45e-23	1.60e-12	1.00e+00
 4.78689e+11	1.58e-23	1.71e-12	1.00e+00
 5.27481e+11	1.75e-23	1.85e-12	1.00e+00
 5.75186e+11	1.92e-23	1.99e-12	1.00e+00
 6.20290e+11	2.09e-23	2.13e-12	1.00e+00
 6.70519e+11	2.30e-23	2.29e-12	1.00e+00
 7.27266e+11	2.54e-23	2.48e-12	1.00e+00
 7.84127e+11	2.81e-23	2.68e-12	1.00e+00
 8.43261e+11	3.10e-23	2.89e-12	1.00e+00
 9.06919e+11	3.45e-23	3.13e-12	1.00e+00
 9.73122e+11	3.83e-23	3.39e-12	1.00e+00
 1.04197e+12	4.25e-23	3.67e-12	1.00e+00
 1.11358e+12	4.73e-23	3.97e-12	1.00e+00
 1.18805e+12	5.28e-23	4.30e-12	1.00e+00
 1.26550e+12	5.88e-23	4.66e-12	1.00e+00
 1.34604e+12	6.57e-23	5.04e-12	1.00e+00
 1.42981e+12	7.34e-23	5.46e-12	1.00e+00
 1.51693e+12	8.22e-23	5.92e-12	1.00e+00
 1.60754e+12	9.22e-23	6.41e-12	1.00e+00
 1.70177e+12	1.03e-22	6.95e-12	1.00e+00
 1.79319e+12	1.15e-22	7.49e-12	1.00e+00
 1.87728e+12	1.27e-22	8.01e-12	1.00e+00
 1.97092e+12	1.41e-22	8.61e-12	1.00e+00
 2.07928e+12	1.60e-22	9.34e-12	1.00e+00
 2.18626e+12	1.79e-22	1.01e-11	1.00e+00
 2.29752e+12	2.02e-22	1.09e-11	1.00e+00
 2.41935e+12	2.29e-22	1.18e-11	1.00e+00
 2.54275e+12	2.59e-22	1.28e-11	1.00e+00
 2.67110e+12	2.93e-22	1.39e-11	1.00e+00
 2.80787e+12	3.34e-22	1.51e-11	1.00e+00
 2.95011e+12	3.80e-22	1.64e-11	1.00e+00
 3.09804e+12	4.34e-22	1.78e-11	1.00e+00
 3.25189e+12	4.96e-22	1.93e-11	1.00e+00
 3.41189e+12	5.68e-22	2.10e-11	1.00e+00
 3.57829e+12	6.51e-22	2.28e-11	1.00e+00
 3.75135e+12	7.48e-22	2.48e-11	1.00e+00
 3.91423e+12	8.49e-22	2.68e-11	1.00e+00
 4.06015e+12	9.47e-22	2.86e-11	1.00e+00
 4.22405e+12	1.07e-21	3.08e-11	1.00e+00
 4.41799e+12	1.23e-21	3.35e-11	1.00e+00
 4.61276e+12	1.41e-21	3.63e-11	1.00e+00
 4.79591e+12	1.59e-21	3.91e-11	1.00e+00
 4.99827e+12	1.81e-21	4.23e-11	1.00e+00
 5.22812e+12	2.10e-21	4.62e-11	1.00e+00
 5.45800e+12	2.42e-21	5.02e-11	1.00e+00
 5.69707e+12	2.78e-21	5.47e-11	1.00e+00
 5.95488e+12	3.23e-21	5.98e-11	1.00e+00
 6.19654e+12	3.70e-21	6.47e-11	1.00e+00
 6.41212e+12	4.15e-21	6.94e-11	1.00e+00
 6.65444e+12	4.70e-21	7.50e-11	1.00e+00
 6.94220e+12	5.45e-21	8.18e-11	1.00e+00
 7.23142e+12	6.28e-21	8.92e-11	1.00e+00
 7.50201e+12	7.13e-21	9.64e-11	1.00e+00
 7.80181e+12	8.16e-21	1.05e-10	1.00e+00
 8.14381e+12	9.49e-21	1.15e-10	1.00e+00
 8.47991e+12	1.09e-20	1.26e-10	1.00e+00
 8.82946e+12	1.26e-20	1.37e-10	1.00e+00
 9.21256e+12	1.46e-20	1.51e-10	1.00e+00
 9.59688e+12	1.69e-20	1.66e-10	1.00e+00
 9.99658e+12	1.95e-20	1.82e-10	1.00e+00
 1.04264e+13	2.26e-20	2.00e-10	1.00e+00
 1.08516e+13	2.60e-20	2.20e-10	1.00e+00
 1.12938e+13	2.98e-20	2.41e-10	1.00e+00
 1.17754e+13	3.44e-20	2.66e-10	1.00e+00
 1.22764e+13	3.97e-20	2.94e-10	1.00e+00
 1.27974e+13	4.58e-20	3.25e-10	1.00e+00
 1.33392e+13	5.26e-20	3.59e-10	1.00e+00
 1.39027e+13	6.04e-20	3.98e-10	1.00e+00
 1.44127e+13	6.81e-20	4.35e-10	1.00e+00
 1.48382e+13	7.48e-20	4.67e-10	1.00e+00
 1.53046e+13	8.26e-20	5.04e-10	1.00e+00
 1.58945e+13	9.33e-20	5.54e-10	1.00e+00
 1.65097e+13	1.05e-19	6.10e-10	1.00e+00
 1.70326e+13	1.16e-19	6.60e-10	1.00e+00
 1.75711e+13	1.28e-19	7.14e-10	1.00e+00
 1.82479e+13	1.44e-19	7.86e-10	1.00e+00
 1.89352e+13	1.62e-19	8.64e-10	1.00e+00
 1.95261e+13	1.78e-19	9.34e-10	1.00e+00
 2.01612e+13	1.96e-19	1.01e-09	1.00e+00
 2.09455e+13	2.20e-19	1.12e-09	1.00e+00
 2.17489e+13	2.47e-19	1.23e-09	1.00e+00
 2.24743e+13	2.73e-19	1.34e-09	1.00e+00
 2.32731e+13	3.03e-19	1.46e-09	1.00e+00
 2.42140e+13	3.43e-19	1.61e-09	1.00e+00
 2.51551e+13	3.87e-19	1.78e-09	1.00e+00
 2.60495e+13	4.33e-19	1.94e-09	1.00e+00
 2.70370e+13	4.89e-19	2.13e-09	1.00e+00
 2.81484e+13	5.60e-19	2.35e-09	1.00e+00
 2.92598e+13	6.40e-19	2.59e-09	1.00e+00
 3.02440e+13	7.18e-19	2.81e-09	1.00e+00
 3.10700e+13	7.91e-19	3.00e-09	1.00e+00
 3.19590e+13	8.76e-19	3.22e-09	1.00e+00
 3.31148e+13	9.99e-19	3.51e-09	1.00e+00
 3.43238e+13	1.14e-18	3.83e-09	1.00e+00
 3.53549e+13	1.28e-18	4.12e-09	1.00e+00
 3.64481e+13	1.44e-18	4.43e-09	1.00e+00
 3.78224e+13	1.67e-18	4.85e-09	1.00e+00
 3.92374e+13	1.94e-18	5.30e-09	1.00e+00
 4.04851e+13	2.20e-18	5.71e-09	1.00e+00
 4.18396e+13	2.52e-18	6.18e-09	1.00e+00
 4.33344e+13	2.92e-18	6.72e-09	1.00e+00
 4.47114e+13	3.33e-18	7.24e-09	1.00e+00
 4.62013e+13	3.83e-18	7.83e-09	1.00e+00
 4.78635e+13	4.46e-18	8.51e-09	1.00e+00
 4.94211e+13	5.12e-18	9.18e-09	1.00e+00
 5.11176e+13	5.92e-18	9.94e-09	1.00e+00
 5.30028e+13	6.94e-18	1.08e-08	1.00e+00
 5.47628e+13	8.01e-18	1.17e-08	1.00e+00
 5.66803e+13	9.31e-18	1.26e-08	1.00e+00
 5.88245e+13	1.10e-17	1.38e-08	1.00e+00
 6.08474e+13	1.27e-17	1.49e-08	1.00e+00
 6.30609e+13	1.49e-17	1.62e-08	1.00e+00
 6.55403e+13	1.77e-17	1.77e-08	1.00e+00
 6.78911e+13	2.06e-17	1.91e-08	1.00e+00
 7.04087e+13	2.42e-17	2.08e-08	1.00e+00
 7.32549e+13	2.88e-17	2.27e-08	1.00e+00
 7.60760e+13	3.40e-17	2.47e-08	1.00e+00
 7.90100e+13	4.02e-17	2.69e-08	1.00e+00
 8.22003e+13	4.78e-17	2.94e-08	1.00e+00
 8.55182e+13	5.66e-17	3.20e-08	1.00e+00
 8.86639e+13	6.62e-17	3.47e-08	1.00e+00
 9.14941e+13	7.59e-17	3.71e-08	1.00e+00
 9.41459e+13	8.59e-17	3.96e-08	1.00e+00
 9.70799e+13	9.80e-17	4.23e-08	1.00e+00
 1.00369e+14	1.13e-16	4.54e-08	1.00e+00
 1.03496e+14	1.29e-16	4.85e-08	1.00e+00
 1.06938e+14	1.48e-16	5.21e-08	1.00e+00
 1.10783e+14	1.72e-16	5.61e-08	1.00e+00
 1.14340e+14	1.97e-16	6.01e-08	1.00e+00
 1.17632e+14	2.22e-16	6.38e-08	1.00e+00
 1.21394e+14	2.52e-16	6.81e-08	1.00e+00
 1.26005e+14	2.94e-16	7.36e-08	1.00e+00
 1.30614e+14	3.43e-16	7.95e-08	1.00e+00
 1.34619e+14	3.88e-16	8.46e-08	1.00e+00
 1.38948e+14	4.41e-16	9.02e-08	1.00e+00
 1.44238e+14	5.14e-16	9.74e-08	1.00e+00
 1.49624e+14	5.96e-16	1.05e-07	1.00e+00
 1.54524e+14	6.80e-16	1.12e-07	1.00e+00
 1.59941e+14	7.80e-16	1.20e-07	1.00e+00
 1.66278e+14	9.11e-16	1.30e-07	1.00e+00
 1.72541e+14	1.06e-15	1.40e-07	1.00e+00
 1.78446e+14	1.21e-15	1.50e-07	1.00e+00
 1.85004e+14	1.39e-15	1.61e-07	1.00e+00
 1.92435e+14	1.63e-15	1.74e-07	1.00e+00
 1.99906e+14	1.89e-15	1.88e-07	1.00e+00
 2.07676e+14	2.19e-15	2.03e-07	1.00e+00
 2.16013e+14	2.56e-15	2.19e-07	1.00e+00
 2.24683e+14	2.98e-15	2.37e-07	1.00e+00
 2.33055e+14	3.44e-15	2.54e-07	1.00e+00
 2.40897e+14	3.92e-15	2.72e-07	1.00e+00
 2.48275e+14	4.40e-15	2.88e-07	1.00e+00
 2.56297e+14	4.98e-15	3.07e-07	1.00e+00
 2.65274e+14	5.69e-15	3.28e-07	1.00e+00
 2.73771e+14	6.45e-15	3.50e-07	1.00e+00
 2.83097e+14	7.33e-15	3.73e-07	1.00e+00
 2.93566e+14	8.43e-15	4.01e-07	1.00e+00
 3.03527e+14	9.62e-15	4.29e-07	1.00e+00
 3.14471e+14	1.10e-14	4.60e-07	1.00e+00
 3.26780e+14	1.28e-14	4.96e-07	1.00e+00
 3.38569e+14	1.47e-14	5.33e-07	1.00e+00
 3.51129e+14	1.69e-14	5.72e-07	1.00e+00
 3.65204e+14	1.98e-14	6.20e-07	1.00e+00
 3.78203e+14	2.26e-14	6.64e-07	1.00e+00
 3.89457e+14	2.54e-14	7.06e-07	1.00e+00
 4.01948e+14	2.86e-14	7.51e-07	1.00e+00
 4.17203e+14	3.31e-14	8.11e-07	1.00e+00
 4.32644e+14	3.81e-14	8.72e-07	1.00e+00
 4.46518e+14	4.31e-14	9.31e-07	1.00e+00
 4.61763e+14	4.91e-14	9.96e-07	1.00e+00
 4.79802e+14	5.70e-14	1.08e-06	1.00e+00
 4.97527e+14	6.55e-14	1.16e-06	1.00e+00
 5.13722e+14	7.43e-14	1.24e-06	1.00e+00
 5.31877e+14	8.48e-14	1.33e-06	1.00e+00
 5.52996e+14	9.85e-14	1.44e-06	1.00e+00
 5.73734e+14	1.13e-13	1.55e-06	1.00e+00
 5.93250e+14	1.29e-13	1.66e-06	1.00e+00
 6.14958e+14	1.48e-13	1.79e-06	1.00e+00
 6.39586e+14	1.71e-13	1.93e-06	1.00e+00
 6.64224e+14	1.98e-13	2.09e-06	1.00e+00
 6.87197e+14	2.25e-13	2.24e-06	1.00e+00
 7.12064e+14	2.57e-13	2.41e-06	1.00e+00
 7.40577e+14	2.97e-13	2.61e-06	1.00e+00
 7.67395e+14	3.40e-13	2.80e-06	1.00e+00
 7.91510e+14	3.80e-13	2.99e-06	1.00e+00
 8.14370e+14	4.23e-13	3.16e-06	1.00e+00
 8.39731e+14	4.74e-13	3.37e-06	1.00e+00
 8.67935e+14	5.34e-13	3.60e-06	1.00e+00
 8.94535e+14	5.97e-13	3.83e-06	1.00e+00
 9.23819e+14	6.70e-13	4.09e-06	1.00e+00
 9.56542e+14	7.60e-13	4.39e-06	1.00e+00
 9.87523e+14	8.53e-13	4.69e-06	1.00e+00
 1.02159e+15	9.61e-13	5.02e-06	1.00e+00
 1.05910e+15	1.09e-12	5.40e-06	1.00e+00
 1.09371e+15	1.23e-12	5.77e-06	1.00e+00
 1.13132e+15	1.38e-12	6.18e-06	1.00e+00
 1.17334e+15	1.58e-12	6.66e-06	1.00e+00
 1.21267e+15	1.77e-12	7.12e-06	1.00e+00
 1.25535e+15	1.99e-12	7.64e-06	1.00e+00
 1.30299e+15	2.27e-12	8.25e-06	1.00e+00
 1.34760e+15	2.55e-12	8.84e-06	1.00e+00
 1.39608e+15	2.88e-12	9.51e-06	1.00e+00
 1.45016e+15	3.29e-12	1.03e-05	1.00e+00
 1.50136e+15	3.72e-12	1.11e-05	1.00e+00
 1.55639e+15	4.22e-12	1.19e-05	1.00e+00
 1.61867e+15	4.84e-12	1.30e-05	1.00e+00
 1.67965e+15	5.50e-12	1.40e-05	1.00e+00
 1.74307e+15	6.27e-12	1.51e-05	1.00e+00
 1.81282e+15	7.19e-12	1.64e-05	1.00e+00
 1.88144e+15	8.21e-12	1.78e-05	1.00e+00
 1.93789e+15	9.09e-12	1.90e-05	1.00e+00
 1.98308e+15	9.85e-12	1.99e-05	1.00e+00
 2.03322e+15	1.08e-11	2.10e-05	1.00e+00
 2.09839e+15	1.21e-11	2.25e-05	1.00e+00
 2.16817e+15	1.36e-11	2.42e-05	1.00e+00
 2.23002e+15	1.50e-11	2.57e-05	1.00e+00
 2.29652e+15	1.67e-11	2.74e-05	1.00e+00
 2.38080e+15	1.90e-11	2.97e-05	1.00e+00
 2.46631e+15	2.17e-11	3.22e-05	1.00e+00
 2.53885e+15	2.41e-11	3.43e-05	1.00e+00
 2.61644e+15	2.70e-11	3.67e-05	1.00e+00
 2.71352e+15	3.09e-11	3.98e-05	1.00e+00
 2.81317e+15	3.54e-11	4.32e-05	1.00e+00
 2.90073e+15	3.96e-11	4.63e-05	1.00e+00
 2.99531e+15	4.45e-11	4.97e-05	1.00e+00
 3.10976e+15	5.16e-11	5.42e-05	1.00e+00
 3.22333e+15	5.92e-11	5.88e-05	1.00e+00
 3.32408e+15	6.60e-11	6.29e-05	1.00e+00
 3.43484e+15	7.54e-11	6.79e-05	1.00e+00
 3.56740e+15	8.72e-11	7.40e-05	1.00e+00
 3.69945e+15	1.00e-10	8.04e-05	1.00e+00
 3.82001e+15	1.13e-10	8.64e-05	1.00e+00
 3.95450e+15	1.30e-10	9.36e-05	1.00e+00
 4.11114e+15	1.51e-10	1.02e-04	1.00e+00
 4.26540e+15	1.74e-10	1.11e-04	1.00e+00
 4.41194e+15	1.99e-10	1.20e-04	1.00e+00
 4.53998e+15	2.22e-10	1.28e-04	1.00e+00
 4.64610e+15	2.44e-10	1.35e-04	1.00e+00
 4.76336e+15	2.69e-10	1.43e-04	1.00e+00
 4.91578e+15	3.05e-10	1.54e-04	1.00e+00
 5.07564e+15	3.43e-10	1.65e-04	1.00e+00
 5.21289e+15	3.84e-10	1.76e-04	1.00e+00
 5.35907e+15	4.29e-10	1.87e-04	1.00e+00
 5.54911e+15	4.95e-10	2.03e-04	1.00e+00
 5.74426e+15	5.60e-10	2.19e-04	1.00e+00
 5.90749e+15	6.28e-10	2.33e-04	1.00e+00
 6.08112e+15	7.06e-10	2.49e-04	1.00e+00
 6.30287e+15	8.26e-10	2.70e-04	1.00e+00
 6.53432e+15	9.49e-10	2.93e-04	1.00e+00
 6.73869e+15	1.07e-09	3.14e-04	1.00e+00
 6.96067e+15	1.21e-09	3.38e-04	1.00e+00
 7.22787e+15	1.44e-09	3.68e-04	1.00e+00
 7.49373e+15	1.66e-09	3.99e-04	1.00e+00
 7.73286e+15	1.87e-09	4.28e-04	1.00e+00
 7.99739e+15	2.14e-09	4.62e-04	1.00e+00
 8.30986e+15	2.55e-09	5.05e-04	9.99e-01
 8.61816e+15	2.96e-09	5.47e-04	9.99e-01
 8.90371e+15	3.39e-09	5.89e-04	9.99e-01
 9.22481e+15	3.90e-09	6.37e-04	9.99e-01
 9.59384e+15	4.62e-09	6.97e-04	9.99e-01
 9.95435e+15	5.35e-09	7.57e-04	9.99e-01
 1.02450e+16	6.07e-09	8.08e-04	9.99e-01
 1.04716e+16	6.65e-09	8.48e-04	9.99e-01
 1.07206e+16	7.34e-09	8.95e-04	9.99e-01
 1.10443e+16	8.19e-09	9.56e-04	9.99e-01
 1.13948e+16	9.50e-09	1.03e-03	9.99e-01
 1.17078e+16	1.06e-08	1.09e-03	9.99e-01
 1.20422e+16	1.19e-08	1.16e-03	9.99e-01
 1.24759e+16	1.39e-08	1.26e-03	9.99e-01
 1.29155e+16	1.58e-08	1.37e-03	9.99e-01
 1.32750e+16	1.78e-08	1.46e-03	9.99e-01
 1.36533e+16	2.04e-08	1.55e-03	9.98e-01
 1.41444e+16	2.39e-08	1.69e-03	9.98e-01
 1.46475e+16	2.77e-08	1.83e-03	9.98e-01
 1.50707e+16	3.13e-08	1.96e-03	9.98e-01
 1.55248e+16	3.57e-08	2.11e-03	9.98e-01
 1.60373e+16	4.04e-08	2.27e-03	9.98e-01
 1.65288e+16	4.71e-08	2.45e-03	9.98e-01
 1.69958e+16	5.32e-08	2.63e-03	9.97e-01
 1.75279e+16	6.01e-08	2.83e-03	9.97e-01
 1.81194e+16	7.12e-08	3.09e-03	9.97e-01
 1.86460e+16	8.05e-08	3.32e-03	9.97e-01
 1.91145e+16	8.96e-08	3.55e-03	9.96e-01
 1.96494e+16	1.02e-07	3.82e-03	9.96e-01
 2.02489e+16	1.20e-07	4.16e-03	9.96e-01
 2.08056e+16	1.36e-07	4.48e-03	9.96e-01
 2.12888e+16	1.51e-07	4.79e-03	9.95e-01
 2.18033e+16	1.70e-07	5.15e-03	9.95e-01
 2.23596e+16	1.98e-07	5.57e-03	9.94e-01
 2.28355e+16	2.20e-07	5.95e-03	9.94e-01
 2.33195e+16	2.47e-07	6.38e-03	9.94e-01
 2.39488e+16	2.91e-07	7.01e-03	9.93e-01
 2.45692e+16	3.30e-07	7.66e-03	9.92e-01
 2.50465e+16	3.78e-07	8.25e-03	9.92e-01
 2.54693e+16	4.20e-07	8.81e-03	9.91e-01
 2.59526e+16	4.69e-07	9.53e-03	9.90e-01
 2.64930e+16	5.48e-07	1.05e-02	9.90e-01
 2.69857e+16	6.26e-07	1.14e-02	9.89e-01
 2.74253e+16	7.02e-07	1.23e-02	9.88e-01
 2.78455e+16	7.94e-07	1.33e-02	9.87e-01
 2.82523e+16	9.20e-07	1.45e-02	9.86e-01
 2.86438e+16	1.02e-06	1.57e-02	9.84e-01
 2.90826e+16	1.18e-06	1.74e-02	9.83e-01
 2.95366e+16	1.39e-06	1.93e-02	9.81e-01
 2.99041e+16	1.59e-06	2.12e-02	9.79e-01
 3.02170e+16	1.81e-06	2.30e-02	9.77e-01
 3.05649e+16	2.09e-06	2.55e-02	9.75e-01
 3.09369e+16	2.51e-06	2.85e-02	9.71e-01
 3.12485e+16	2.94e-06	3.16e-02	9.68e-01
 3.15075e+16	3.36e-06	3.47e-02	9.65e-01
 3.17503e+16	3.80e-06	3.80e-02	9.62e-01
 3.20267e+16	4.47e-06	4.26e-02	9.57e-01
 3.23177e+16	5.35e-06	4.84e-02	9.52e-01
 3.25572e+16	6.20e-06	5.43e-02	9.46e-01
 3.27589e+16	7.30e-06	6.03e-02	9.40e-01
 3.29485e+16	8.50e-06	6.70e-02	9.33e-01
 3.31320e+16	9.69e-06	7.47e-02	9.25e-01
 3.33409e+16	1.16e-05	8.56e-02	9.14e-01
 3.35515e+16	1.42e-05	9.92e-02	9.01e-01
 3.37106e+16	1.69e-05	1.12e-01	8.88e-01
 3.38358e+16	1.97e-05	1.24e-01	8.76e-01
 3.39527e+16	2.25e-05	1.38e-01	8.62e-01
 3.40870e+16	2.67e-05	1.56e-01	8.44e-01
 3.42286e+16	3.21e-05	1.79e-01	8.21e-01
 3.43453e+16	3.73e-05	2.02e-01	7.98e-01
 3.44434e+16	4.36e-05	2.25e-01	7.75e-01
 3.45360e+16	4.97e-05	2.50e-01	7.50e-01
 3.46406e+16	5.93e-05	2.83e-01	7.17e-01
 3.47302e+16	6.76e-05	3.15e-01	6.85e-01
 3.47882e+16	7.49e-05	3.38e-01	6.62e-01
 3.48405e+16	8.15e-05	3.60e-01	6.40e-01
 3.48973e+16	8.94e-05	3.86e-01	6.13e-01
 3.49711e+16	1.01e-04	4.23e-01	5.77e-01
 3.50441e+16	1.14e-04	4.60e-01	5.40e-01
 3.51027e+16	1.25e-04	4.92e-01	5.08e-01
 3.51658e+16	1.38e-04	5.28e-01	4.72e-01
 3.52478e+16	1.56e-04	5.76e-01	4.24e-01
 3.53321e+16	1.75e-04	6.24e-01	3.76e-01
 3.54031e+16	1.92e-04	6.63e-01	3.37e-01
 3.54794e+16	2.11e-04	7.04e-01	2.95e-01
 3.55786e+16	2.35e-04	7.53e-01	2.46e-01
 3.56868e+16	2.59e-04	7.99e-01	2.01e-01
 3.58067e+16	2.85e-04	8.42e-01	1.58e-01
 3.59626e+16	3.14e-04	8.85e-01	1.15e-01
 3.61369e+16	3.41e-04	9.18e-01	8.14e-02
 3.63351e+16	3.67e-04	9.44e-01	5.56e-02
 3.65927e+16	3.95e-04	9.65e-01	3.51e-02
 3.69277e+16	4.25e-04	9.79e-01	2.04e-02
 3.73062e+16	4.57e-04	9.88e-01	1.20e-02
 3.76744e+16	4.90e-04	9.92e-01	7.57e-03
 3.80289e+16	5.22e-04	9.94e-01	5.10e-03
 3.83768e+16	5.60e-04	9.96e-01	3.57e-03
 3.87133e+16	6.01e-04	9.97e-01	2.60e-03
 3.90282e+16	6.45e-04	9.97e-01	1.97e-03
 3.93193e+16	6.93e-04	9.98e-01	1.55e-03
 3.95370e+16	7.34e-04	9.98e-01	1.32e-03
 3.96690e+16	7.60e-04	9.98e-01	1.20e-03
 3.97944e+16	7.88e-04	9.98e-01	1.09e-03
 3.99574e+16	8.28e-04	9.98e-01	9.58e-04
 4.01344e+16	8.77e-04	9.98e-01	8.42e-04
 4.02881e+16	9.22e-04	9.98e-01	7.58e-04
 4.04179e+16	9.65e-04	9.98e-01	6.93e-04
 4.05582e+16	1.02e-03	9.98e-01	6.27e-04
 4.07129e+16	1.08e-03	9.98e-01	5.65e-04
 4.08364e+16	1.13e-03	9.98e-01	5.24e-04
 4.09212e+16	1.18e-03	9.98e-01	4.96e-04
 4.10056e+16	1.22e-03	9.98e-01	4.69e-04
 4.11154e+16	1.29e-03	9.98e-01	4.35e-04
 4.12286e+16	1.35e-03	9.98e-01	4.06e-04
 4.13178e+16	1.42e-03	9.98e-01	3.85e-04
 4.13914e+16	1.47e-03	9.98e-01	3.67e-04
 4.14733e+16	1.54e-03	9.98e-01	3.49e-04
 4.15648e+16	1.62e-03	9.98e-01	3.29e-04
 4.16478e+16	1.70e-03	9.98e-01	3.13e-04
 4.17193e+16	1.78e-03	9.98e-01	3.00e-04
 4.17967e+16	1.87e-03	9.98e-01	2.86e-04
 4.18803e+16	1.97e-03	9.98e-01	2.73e-04
 4.19519e+16	2.07e-03	9.98e-01	2.61e-04
 4.20128e+16	2.16e-03	9.98e-01	2.52e-04
 4.20798e+16	2.27e-03	9.97e-01	2.42e-04
 4.21532e+16	2.41e-03	9.97e-01	2.32e-04
 4.22180e+16	2.54e-03	9.97e-01	2.23e-04
 4.22737e+16	2.66e-03	9.97e-01	2.16e-04
 4.23348e+16	2.81e-03	9.97e-01	2.09e-04
 4.24014e+16	2.98e-03	9.97e-01	2.01e-04
 4.24597e+16	3.16e-03	9.97e-01	1.94e-04
 4.25103e+16	3.32e-03	9.96e-01	1.89e-04
 4.25663e+16	3.52e-03	9.96e-01	1.83e-04
 4.26278e+16	3.77e-03	9.96e-01	1.77e-04
 4.26825e+16	4.02e-03	9.96e-01	1.72e-04
 4.27306e+16	4.27e-03	9.96e-01	1.67e-04
 4.27840e+16	4.57e-03	9.95e-01	1.62e-04
 4.28433e+16	4.95e-03	9.95e-01	1.56e-04
 4.28976e+16	5.36e-03	9.94e-01	1.52e-04
 4.29471e+16	5.79e-03	9.94e-01	1.48e-04
 4.30031e+16	6.35e-03	9.94e-01	1.44e-04
 4.30626e+16	7.06e-03	9.93e-01	1.39e-04
 4.31109e+16	7.76e-03	9.92e-01	1.36e-04
 4.31487e+16	8.38e-03	9.91e-01	1.34e-04
 4.31888e+16	9.15e-03	9.91e-01	1.31e-04
 4.32333e+16	1.02e-02	9.90e-01	1.28e-04
 4.32726e+16	1.12e-02	9.89e-01	1.26e-04
 4.33050e+16	1.23e-02	9.88e-01	1.24e-04
 4.33392e+16	1.36e-02	9.86e-01	1.22e-04
 4.33761e+16	1.52e-02	9.85e-01	1.20e-04
 4.34077e+16	1.70e-02	9.83e-01	1.19e-04
 4.34336e+16	1.87e-02	9.81e-01	1.18e-04
 4.34612e+16	2.08e-02	9.79e-01	1.18e-04
 4.34917e+16	2.35e-02	9.76e-01	1.17e-04
 4.35186e+16	2.65e-02	9.73e-01	1.17e-04
 4.35407e+16	2.95e-02	9.70e-01	1.17e-04
 4.35606e+16	3.26e-02	9.67e-01	1.17e-04
 4.35832e+16	3.67e-02	9.63e-01	1.18e-04
 4.36068e+16	4.19e-02	9.58e-01	1.20e-04
 4.36260e+16	4.71e-02	9.53e-01	1.21e-04
 4.36416e+16	5.18e-02	9.48e-01	1.23e-04
 4.36579e+16	5.77e-02	9.42e-01	1.24e-04
 4.36753e+16	6.48e-02	9.35e-01	1.27e-04
 4.36911e+16	7.26e-02	9.27e-01	1.29e-04
 4.37052e+16	8.02e-02	9.20e-01	1.32e-04
 4.37178e+16	8.84e-02	9.11e-01	1.35e-04
 4.37300e+16	9.70e-02	9.03e-01	1.38e-04
 4.37417e+16	1.07e-01	8.93e-01	1.41e-04
 4.37526e+16	1.16e-01	8.83e-01	1.45e-04
 4.37610e+16	1.25e-01	8.75e-01	1.47e-04
 4.37662e+16	1.30e-01	8.70e-01	1.49e-04
 4.37709e+16	1.35e-01	8.64e-01	1.51e-04
 4.37764e+16	1.42e-01	8.58e-01	1.53e-04
 4.37825e+16	1.50e-01	8.50e-01	1.55e-04
 4.37884e+16	1.58e-01	8.42e-01	1.57e-04
 4.37938e+16	1.65e-01	8.35e-01	1.60e-04
 4.37991e+16	1.73e-01	8.27e-01	1.61e-04
 4.38045e+16	1.82e-01	8.18e-01	1.64e-04
 4.38099e+16	1.91e-01	8.09e-01	1.66e-04
 4.38151e+16	2.00e-01	8.00e-01	1.69e-04
 4.38203e+16	2.10e-01	7.90e-01	1.71e-04
 4.38254e+16	2.19e-01	7.81e-01	1.73e-04
 4.38305e+16	2.30e-01	7.70e-01	1.76e-04
 4.38356e+16	2.41e-01	7.59e-01	1.78e-04
 4.38405e+16	2.52e-01	7.48e-01	1.80e-04
 4.38454e+16	2.63e-01	7.37e-01	1.83e-04
 4.38502e+16	2.75e-01	7.25e-01	1.85e-04
 4.38550e+16	2.87e-01	7.13e-01	1.87e-04
 4.38597e+16	3.00e-01	7.00e-01	1.89e-04
 4.38643e+16	3.13e-01	6.87e-01	1.92e-04
 4.38689e+16	3.26e-01	6.73e-01	1.93e-04
 4.38734e+16	3.40e-01	6.60e-01	1.96e-04
 4.38779e+16	3.54e-01	6.46e-01	1.97e-04
 4.38823e+16	3.68e-01	6.32e-01	1.99e-04
 4.38866e+16	3.82e-01	6.18e-01	2.01e-04
 4.38909e+16	3.97e-01	6.03e-01	2.02e-04
 4.38951e+16	4.11e-01	5.88e-01	2.04e-04
 4.38993e+16	4.26e-01	5.74e-01	2.05e-04
 4.39034e+16	4.41e-01	5.59e-01	2.06e-04
 4.39074e+16	4.56e-01	5.44e-01	2.07e-04
 4.39114e+16	4.71e-01	5.29e-01	2.08e-04
 4.39153e+16	4.86e-01	5.14e-01	2.09e-04
 4.39191e+16	5.01e-01	4.99e-01	2.10e-04
 4.39228e+16	5.15e-01	4.85e-01	2.10e-04
 4.39264e+16	5.29e-01	4.70e-01	2.11e-04
 4.39300e+16	5.44e-01	4.56e-01	2.11e-04
 4.39335e+16	5.58e-01	4.42e-01	2.11e-04
 4.39369e+16	5.72e-01	4.28e-01	2.10e-04
 4.39402e+16	5.85e-01	4.15e-01	2.10e-04
 4.39435e+16	5.98e-01	4.02e-01	2.10e-04
 4.39467e+16	6.11e-01	3.89e-01	2.09e-04
 4.39499e+16	6.24e-01	3.76e-01	2.08e-04
 4.39530e+16	6.36e-01	3.64e-01	2.08e-04
 4.39560e+16	6.48e-01	3.52e-01	2.07e-04
 4.39589e+16	6.59e-01	3.41e-01	2.06e-04
 4.39618e+16	6.70e-01	3.29e-01	2.05e-04
 4.39647e+16	6.81e-01	3.18e-01	2.03e-04
 4.39676e+16	6.92e-01	3.08e-01	2.02e-04
 4.39704e+16	7.02e-01	2.97e-01	2.01e-04
 4.39731e+16	7.13e-01	2.87e-01	1.99e-04
 4.39758e+16	7.22e-01	2.77e-01	1.97e-04
 4.39785e+16	7.32e-01	2.68e-01	1.96e-04
 4.39811e+16	7.41e-01	2.59e-01	1.94e-04
 4.39837e+16	7.50e-01	2.50e-01	1.92e-04
 4.39863e+16	7.59e-01	2.41e-01	1.90e-04
 4.39888e+16	7.67e-01	2.33e-01	1.88e-04
 4.39909e+16	7.74e-01	2.26e-01	1.86e-04
 4.39925e+16	7.79e-01	2.21e-01	1.85e-04
 4.39939e+16	7.84e-01	2.16e-01	1.83e-04
 4.39955e+16	7.89e-01	2.11e-01	1.82e-04
 4.39970e+16	7.94e-01	2.06e-01	1.80e-04
 4.39986e+16	7.98e-01	2.02e-01	1.78e-04
 4.40001e+16	8.03e-01	1.97e-01	1.77e-04
 4.40016e+16	8.07e-01	1.93e-01	1.75e-04
 4.40030e+16	8.11e-01	1.88e-01	1.74e-04
 4.40044e+16	8.16e-01	1.84e-01	1.72e-04
 4.40058e+16	8.20e-01	1.80e-01	1.71e-04
 4.40072e+16	8.24e-01	1.76e-01	1.69e-04
 4.40086e+16	8.27e-01	1.72e-01	1.67e-04
 4.40100e+16	8.31e-01	1.68e-01	1.66e-04
 4.40115e+16	8.35e-01	1.65e-01	1.64e-04
 4.40129e+16	8.39e-01	1.61e-01	1.62e-04
 4.40144e+16	8.43e-01	1.57e-01	1.60e-04
 4.40160e+16	8.47e-01	1.53e-01	1.59e-04
 4.40177e+16	8.51e-01	1.48e-01	1.56e-04
 4.40196e+16	8.56e-01	1.44e-01	1.54e-04
 4.40218e+16	8.61e-01	1.39e-01	1.51e-04
 4.40240e+16	8.66e-01	1.33e-01	1.48e-04
 4.40261e+16	8.71e-01	1.29e-01	1.46e-04
 4.40281e+16	8.76e-01	1.24e-01	1.43e-04
 4.40300e+16	8.80e-01	1.20e-01	1.40e-04
 4.40319e+16	8.84e-01	1.16e-01	1.37e-04
 4.40337e+16	8.88e-01	1.12e-01	1.34e-04
 4.40354e+16	8.91e-01	1.09e-01	1.31e-04
 4.40370e+16	8.94e-01	1.06e-01	1.29e-04
 4.40384e+16	8.97e-01	1.03e-01	1.26e-04
 4.40397e+16	9.00e-01	1.00e-01	1.24e-04
 4.40408e+16	9.02e-01	9.80e-02	1.22e-04
 4.40419e+16	9.04e-01	9.59e-02	1.20e-04
 4.40429e+16	9.06e-01	9.41e-02	1.18e-04
 4.40437e+16	9.07e-01	9.24e-02	1.16e-04
 4.40447e+16	9.09e-01	9.05e-02	1.14e-04
 4.40458e+16	9.11e-01	8.87e-02	1.13e-04
 4.40467e+16	9.13e-01	8.70e-02	1.11e-04
 4.40476e+16	9.14e-01	8.54e-02	1.09e-04
 4.40483e+16	9.16e-01	8.40e-02	1.08e-04
 4.40491e+16	9.17e-01	8.27e-02	1.06e-04
 4.40498e+16	9.19e-01	8.13e-02	1.05e-04
 4.40507e+16	9.20e-01	7.99e-02	1.03e-04
 4.40515e+16	9.21e-01	7.85e-02	1.01e-04
 4.40522e+16	9.23e-01	7.73e-02	9.99e-05
 4.40528e+16	9.24e-01	7.62e-02	9.87e-05
 4.40535e+16	9.25e-01	7.50e-02	9.73e-05
 4.40542e+16	9.26e-01	7.38e-02	9.58e-05
 4.40549e+16	9.27e-01	7.26e-02	9.44e-05
 4.40556e+16	9.28e-01	7.16e-02	9.30e-05
 4.40561e+16	9.29e-01	7.06e-02	9.18e-05
 4.40567e+16	9.30e-01	6.96e-02	9.06e-05
 4.40574e+16	9.31e-01	6.85e-02	8.92e-05
 4.40580e+16	9.32e-01	6.75e-02	8.79e-05
 4.40586e+16	9.33e-01	6.66e-02	8.66e-05
 4.40591e+16	9.34e-01	6.58e-02	8.56e-05
 4.40597e+16	9.35e-01	6.49e-02	8.45e-05
 4.40604e+16	9.36e-01	6.37e-02	8.29e-05
 4.40611e+16	9.37e-01	6.24e-02	8.12e-05
 4.40619e+16	9.39e-01	6.14e-02	7.99e-05
 4.40625e+16	9.40e-01	6.04e-02	7.86e-05
 4.40631e+16	9.40e-01	5.95e-02	7.74e-05
 4.40636e+16	9.41e-01	5.87e-02	7.63e-05
 4.40641e+16	9.42e-01	5.80e-02	7.51e-05
 4.40646e+16	9.43e-01	5.72e-02	7.42e-05
 4.40653e+16	9.44e-01	5.61e-02	7.26e-05
 4.40661e+16	9.45e-01	5.50e-02	7.12e-05
 4.40668e+16	9.46e-01	5.41e-02	7.00e-05
 4.40674e+16	9.47e-01	5.33e-02	6.88e-05
 4.40679e+16	9.47e-01	5.25e-02	6.77e-05
 4.40685e+16	9.48e-01	5.17e-02	6.66e-05
 4.40689e+16	9.49e-01	5.11e-02	6.58e-05
 4.40694e+16	9.49e-01	5.05e-02	6.49e-05
 4.40700e+16	9.50e-01	4.97e-02	6.39e-05
 4.40705e+16	9.51e-01	4.90e-02	6.29e-05
 4.40709e+16	9.51e-01	4.85e-02	6.21e-05
 4.40715e+16	9.52e-01	4.78e-02	6.13e-05
 4.40721e+16	9.53e-01	4.70e-02	6.02e-05
 4.40728e+16	9.54e-01	4.62e-02	5.92e-05
 4.40735e+16	9.55e-01	4.54e-02	5.82e-05
 4.40741e+16	9.55e-01	4.48e-02	5.73e-05
 4.40746e+16	9.56e-01	4.41e-02	5.64e-05
 4.40752e+16	9.56e-01	4.35e-02	5.56e-05
 4.40758e+16	9.57e-01	4.28e-02	5.47e-05
 4.40764e+16	9.58e-01	4.22e-02	5.38e-05
 4.40769e+16	9.58e-01	4.16e-02	5.31e-05
 4.40775e+16	9.59e-01	4.10e-02	5.24e-05
 4.40782e+16	9.60e-01	4.02e-02	5.13e-05
 4.40791e+16	9.61e-01	3.94e-02	5.03e-05
 4.40798e+16	9.61e-01	3.87e-02	4.94e-05
 4.40805e+16	9.62e-01	3.81e-02	4.86e-05
 4.40811e+16	9.62e-01	3.75e-02	4.78e-05
 4.40817e+16	9.63e-01	3.69e-02	4.70e-05
 4.40824e+16	9.64e-01	3.63e-02	4.62e-05
 4.40831e+16	9.64e-01	3.57e-02	4.54e-05
 4.40838e+16	9.65e-01	3.51e-02	4.47e-05
 4.40846e+16	9.65e-01	3.45e-02	4.38e-05
 4.40853e+16	9.66e-01	3.39e-02	4.31e-05
 4.40859e+16	9.67e-01	3.34e-02	4.24e-05
 4.40866e+16	9.67e-01	3.28e-02	4.17e-05
 4.40874e+16	9.68e-01	3.23e-02	4.10e-05
 4.40881e+16	9.68e-01	3.17e-02	4.03e-05
 4.40889e+16	9.69e-01	3.12e-02	3.96e-05
 4.40897e+16	9.69e-01	3.06e-02	3.89e-05
 4.40904e+16	9.70e-01	3.01e-02	3.83e-05
 4.40912e+16	9.70e-01	2.95e-02	3.76e-05
 4.40921e+16	9.71e-01	2.90e-02	3.69e-05
 4.40929e+16	9.71e-01	2.85e-02	3.62e-05
 4.40938e+16	9.72e-01	2.79e-02	3.55e-05
 4.40947e+16	9.73e-01	2.74e-02	3.48e-05
 4.40956e+16	9.73e-01	2.69e-02	3.42e-05
 4.40964e+16	9.74e-01	2.64e-02	3.37e-05
 4.40972e+16	9.74e-01	2.59e-02	3.30e-05
 4.40982e+16	9.75e-01	2.55e-02	3.24e-05
 4.40990e+16	9.75e-01	2.50e-02	3.19e-05
 4.40999e+16	9.75e-01	2.45e-02	3.12e-05
 4.41009e+16	9.76e-01	2.40e-02	3.06e-05
 4.41018e+16	9.76e-01	2.36e-02	3.01e-05
 4.41028e+16	9.77e-01	2.31e-02	2.95e-05
 4.41039e+16	9.77e-01	2.27e-02	2.89e-05
 4.41049e+16	9.78e-01	2.23e-02	2.84e-05
 4.41060e+16	9.78e-01	2.18e-02	2.78e-05
 4.41071e+16	9.79e-01	2.13e-02	2.72e-05
 4.41082e+16	9.79e-01	2.09e-02	2.68e-05
 4.41093e+16	9.79e-01	2.05e-02	2.62e-05
 4.41106e+16	9.80e-01	2.01e-02	2.56e-05
 4.41117e+16	9.80e-01	1.97e-02	2.52e-05
 4.41130e+16	9.81e-01	1.92e-02	2.46e-05
 4.41143e+16	9.81e-01	1.88e-02	2.41e-05
 4.41155e+16	9.82e-01	1.84e-02	2.36e-05
 4.41169e+16	9.82e-01	1.80e-02	2.31e-05
 4.41186e+16	9.82e-01	1.75e-02	2.25e-05
 4.41205e+16	9.83e-01	1.70e-02	2.19e-05
 4.41222e+16	9.83e-01	1.66e-02	2.14e-05
 4.41237e+16	9.84e-01	1.63e-02	2.09e-05
 4.41254e+16	9.84e-01	1.58e-02	2.04e-05
 4.41273e+16	9.85e-01	1.55e-02	1.99e-05
 4.41290e+16	9.85e-01	1.51e-02	1.95e-05
 4.41308e+16	9.85e-01	1.48e-02	1.90e-05
 4.41332e+16	9.86e-01	1.43e-02	1.84e-05
 4.41357e+16	9.86e-01	1.39e-02	1.79e-05
 4.41381e+16	9.86e-01	1.36e-02	1.75e-05
 4.41402e+16	9.87e-01	1.32e-02	1.71e-05
 4.41426e+16	9.87e-01	1.29e-02	1.67e-05
 4.41456e+16	9.87e-01	1.25e-02	1.62e-05
 4.41489e+16	9.88e-01	1.22e-02	1.57e-05
 4.41519e+16	9.88e-01	1.19e-02	1.53e-05
 4.41551e+16	9.88e-01	1.16e-02	1.49e-05
 4.41594e+16	9.89e-01	1.12e-02	1.44e-05
 4.41640e+16	9.89e-01	1.09e-02	1.40e-05
 4.41681e+16	9.89e-01	1.06e-02	1.37e-05
 4.41727e+16	9.90e-01	1.03e-02	1.33e-05
 4.41787e+16	9.90e-01	1.01e-02	1.29e-05
 4.41851e+16	9.90e-01	9.81e-03	1.26e-05
 4.41921e+16	9.90e-01	9.56e-03	1.23e-05
 4.42011e+16	9.91e-01	9.32e-03	1.19e-05
 4.42111e+16	9.91e-01	9.12e-03	1.16e-05
 4.42226e+16	9.91e-01	8.93e-03	1.13e-05
 4.42376e+16	9.91e-01	8.74e-03	1.10e-05
 4.42571e+16	9.91e-01	8.56e-03	1.07e-05
 4.42824e+16	9.92e-01	8.38e-03	1.04e-05
 4.43153e+16	9.92e-01	8.20e-03	1.00e-05
 4.43581e+16	9.92e-01	7.99e-03	9.58e-06
 4.44137e+16	9.92e-01	7.75e-03	9.06e-06
 4.44860e+16	9.93e-01	7.46e-03	8.45e-06
 4.45780e+16	9.93e-01	7.12e-03	7.74e-06
 4.46822e+16	9.93e-01	6.77e-03	7.05e-06
 4.47871e+16	9.94e-01	6.45e-03	6.43e-06
 4.48916e+16	9.94e-01	6.15e-03	5.87e-06
 4.49991e+16	9.94e-01	5.86e-03	5.35e-06
 4.51104e+16	9.94e-01	5.58e-03	4.87e-06
 4.52247e+16	9.95e-01	5.32e-03	4.43e-06
 4.53414e+16	9.95e-01	5.06e-03	4.03e-06
 4.54605e+16	9.95e-01	4.82e-03	3.66e-06
 4.55822e+16	9.95e-01	4.59e-03	3.32e-06
 4.57066e+16	9.96e-01	4.37e-03	3.02e-06
 4.58337e+16	9.96e-01	4.16e-03	2.73e-06
 4.59635e+16	9.96e-01	3.95e-03	2.48e-06
 4.60961e+16	9.96e-01	3.76e-03	2.24e-06
 4.62294e+16	9.96e-01	3.58e-03	2.03e-06
 4.63650e+16	9.97e-01	3.40e-03	1.84e-06
 4.65059e+16	9.97e-01	3.23e-03	1.66e-06
 4.66505e+16	9.97e-01	3.07e-03	1.49e-06
 4.67975e+16	9.97e-01	2.91e-03	1.35e-06
 4.69474e+16	9.97e-01	2.76e-03	1.21e-06
 4.71006e+16	9.97e-01	2.62e-03	1.09e-06
 4.72568e+16	9.98e-01	2.48e-03	9.78e-07
 4.74163e+16	9.98e-01	2.35e-03	8.77e-07
 4.75793e+16	9.98e-01	2.23e-03	7.86e-07
 4.77460e+16	9.98e-01	2.11e-03	7.03e-07
 4.79163e+16	9.98e-01	2.00e-03	6.28e-07
 4.80905e+16	9.98e-01	1.89e-03	5.60e-07
 4.82688e+16	9.98e-01	1.78e-03	4.99e-07
 4.84511e+16	9.98e-01	1.68e-03	4.44e-07
 4.86377e+16	9.98e-01	1.59e-03	3.95e-07
 4.88288e+16	9.99e-01	1.50e-03	3.50e-07
 4.90245e+16	9.99e-01	1.41e-03	3.10e-07
 4.92254e+16	9.99e-01	1.33e-03	2.74e-07
 4.94317e+16	9.99e-01	1.25e-03	2.41e-07
 4.96435e+16	9.99e-01	1.18e-03	2.12e-07
 4.98614e+16	9.99e-01	1.10e-03	1.86e-07
 5.00856e+16	9.99e-01	1.04e-03	1.63e-07
 5.03163e+16	9.99e-01	9.71e-04	1.42e-07
 5.05542e+16	9.99e-01	9.09e-04	1.24e-07
 5.07963e+16	9.99e-01	8.51e-04	1.08e-07
 5.10443e+16	9.99e-01	7.95e-04	9.35e-08
 5.13052e+16	9.99e-01	7.41e-04	8.05e-08
 5.15788e+16	9.99e-01	6.89e-04	6.90e-08
 5.18623e+16	9.99e-01	6.40e-04	5.89e-08
 5.21561e+16	9.99e-01	5.93e-04	5.00e-08
 5.24631e+16	9.99e-01	5.48e-04	4.22e-08
 5.27845e+16	9.99e-01	5.05e-04	3.54e-08
 5.31206e+16	1.00e+00	4.64e-04	2.95e-08
 5.34756e+16	1.00e+00	4.25e-04	2.44e-08
 5.38486e+16	1.00e+00	3.87e-04	2.00e-08
 5.42431e+16	1.00e+00	3.51e-04	1.62e-08
 5.46647e+16	1.00e+00	3.17e-04	1.29e-08
 5.51136e+16	1.00e+00	2.84e-04	1.02e-08
 5.55952e+16	1.00e+00	2.52e-04	7.90e-09
 5.61167e+16	1.00e+00	2.21e-04	6.00e-09
 5.66863e+16	1.00e+00	1.92e-04	4.43e-09
 5.73142e+16	1.00e+00	1.64e-04	3.18e-09
 5.80157e+16	1.00e+00	1.36e-04	2.18e-09
 5.88411e+16	1.00e+00	1.09e-04	1.40e-09
 5.98096e+16	1.00e+00	8.50e-05	8.40e-10
 6.08549e+16	1.00e+00	6.48e-05	4.88e-10
 6.19852e+16	1.00e+00	4.82e-05	2.71e-10
 6.32874e+16	1.00e+00	3.44e-05	1.39e-10
 6.47354e+16	1.00e+00	2.39e-05	6.76e-11
 6.62337e+16	1.00e+00	1.65e-05	3.27e-11
 6.77696e+16	1.00e+00	1.14e-05	1.58e-11
 6.93357e+16	1.00e+00	7.87e-06	7.64e-12
 7.09018e+16	1.00e+00	5.48e-06	3.77e-12
 7.24679e+16	1.00e+00	3.85e-06	1.89e-12
 7.40340e+16	1.00e+00	2.73e-06	9.60e-13
 7.56001e+16	1.00e+00	1.94e-06	4.96e-13
 7.71662e+16	1.00e+00	1.39e-06	2.60e-13
 7.87324e+16	1.00e+00	1.01e-06	1.38e-13
 8.02985e+16	1.00e+00	7.31e-07	7.42e-14
 8.18647e+16	1.00e+00	5.33e-07	4.04e-14
 8.34308e+16	1.00e+00	3.93e-07	2.24e-14
 8.49969e+16	1.00e+00	2.91e-07	1.25e-14
 8.67980e+16	1.00e+00	2.07e-07	6.41e-15
 8.88646e+16	1.00e+00	1.42e-07	3.09e-15
 9.09619e+16	1.00e+00	9.80e-08	1.51e-15
 9.30592e+16	1.00e+00	6.83e-08	7.48e-16
 9.53313e+16	1.00e+00	4.67e-08	3.56e-16
 9.77902e+16	1.00e+00	3.14e-08	1.65e-16
 1.00261e+17	1.00e+00	2.14e-08	7.79e-17
 1.02837e+17	1.00e+00	1.45e-08	3.63e-17
 1.05546e+17	1.00e+00	9.77e-09	1.67e-17
 1.08321e+17	1.00e+00	6.60e-09	7.75e-18
 1.11149e+17	1.00e+00	4.50e-09	3.64e-18
 1.13991e+17	1.00e+00	3.09e-09	1.73e-18
 1.16833e+17	1.00e+00	2.14e-09	8.45e-19
 1.19675e+17	1.00e+00	1.50e-09	4.19e-19
 1.22517e+17	1.00e+00	1.06e-09	2.12e-19
 1.25359e+17	1.00e+00	7.60e-10	1.09e-19
 1.28203e+17	1.00e+00	5.47e-10	5.69e-20
 1.31045e+17	1.00e+00	3.98e-10	3.02e-20
 1.33888e+17	1.00e+00	2.91e-10	1.63e-20
 1.36731e+17	1.00e+00	2.15e-10	8.90e-21
 1.39573e+17	1.00e+00	1.59e-10	0.00e+00
 1.42415e+17	1.00e+00	1.19e-10	0.00e+00
 1.45258e+17	1.00e+00	8.99e-11	0.00e+00
 1.48245e+17	1.00e+00	6.71e-11	0.00e+00
 1.51375e+17	1.00e+00	4.99e-11	0.00e+00
 1.54905e+17	1.00e+00	3.58e-11	0.00e+00
 1.58834e+17	1.00e+00	2.53e-11	0.00e+00
 1.62917e+17	1.00e+00	1.79e-11	0.00e+00
 1.67215e+17	1.00e+00	1.26e-11	0.00e+00
 1.71617e+17	1.00e+00	9.04e-12	0.00e+00
 1.76082e+17	1.00e+00	6.61e-12	0.00e+00
 1.80656e+17	1.00e+00	4.94e-12	0.00e+00
 1.85316e+17	1.00e+00	3.79e-12	0.00e+00
 1.89977e+17	1.00e+00	3.01e-12	0.00e+00
 1.94637e+17	1.00e+00	2.49e-12	0.00e+00
 1.99506e+17	1.00e+00	2.11e-12	0.00e+00
 2.04656e+17	1.00e+00	1.81e-12	0.00e+00
 2.09905e+17	1.00e+00	1.60e-12	0.00e+00
 2.15282e+17	1.00e+00	1.46e-12	0.00e+00
 2.20788e+17	1.00e+00	1.35e-12	0.00e+00
 2.26678e+17	1.00e+00	1.28e-12	0.00e+00
 2.33058e+17	1.00e+00	1.17e-12	0.00e+00
 2.39515e+17	1.00e+00	1.09e-12	0.00e+00
 2.45838e+17	1.00e+00	1.07e-12	0.00e+00
 2.52053e+17	1.00e+00	1.07e-12	0.00e+00
 2.58204e+17	1.00e+00	1.07e-12	0.00e+00
 2.64286e+17	1.00e+00	1.07e-12	0.00e+00
 2.70241e+17	1.00e+00	1.07e-12	0.00e+00
 2.76021e+17	1.00e+00	1.08e-12	0.00e+00
 2.81617e+17	1.00e+00	1.10e-12	0.00e+00
 2.87008e+17	1.00e+00	1.11e-12	0.00e+00
 2.92178e+17	1.00e+00	1.13e-12	0.00e+00
 2.97120e+17	1.00e+00	1.15e-12	0.00e+00
 3.01827e+17	1.00e+00	1.18e-12	0.00e+00
 3.06297e+17	1.00e+00	1.20e-12	0.00e+00
 3.10534e+17	1.00e+00	1.23e-12	0.00e+00
 3.14542e+17	1.00e+00	1.25e-12	0.00e+00
 3.18330e+17	1.00e+00	1.28e-12	0.00e+00
 3.21906e+17	1.00e+00	1.30e-12	0.00e+00
 3.25280e+17	1.00e+00	1.32e-12	0.00e+00
 3.28464e+17	1.00e+00	1.35e-12	0.00e+00
 3.31467e+17	1.00e+00	1.37e-12	0.00e+00
 3.34300e+17	1.00e+00	1.39e-12	0.00e+00
 3.36972e+17	1.00e+00	1.41e-12	0.00e+00
 3.39494e+17	1.00e+00	1.43e-12	0.00e+00
 3.41874e+17	1.00e+00	1.44e-12	0.00e+00
 3.44122e+17	1.00e+00	1.46e-12	0.00e+00
 3.46247e+17	1.00e+00	1.48e-12	0.00e+00
 3.48255e+17	1.00e+00	1.49e-12	0.00e+00
 3.50154e+17	1.00e+00	1.50e-12	0.00e+00
 3.51949e+17	1.00e+00	1.52e-12	0.00e+00
 3.53648e+17	1.00e+00	1.53e-12	0.00e+00
 3.55258e+17	1.00e+00	1.54e-12	0.00e+00
 3.56783e+17	1.00e+00	1.55e-12	0.00e+00
 3.58229e+17	1.00e+00	1.56e-12	0.00e+00
 3.59600e+17	1.00e+00	1.57e-12	0.00e+00
 3.60901e+17	1.00e+00	1.58e-12	0.00e+00
 3.62135e+17	1.00e+00	1.59e-12	0.00e+00
 3.63308e+17	1.00e+00	1.60e-12	0.00e+00
 3.64422e+17	1.00e+00	1.61e-12	0.00e+00
 3.65482e+17	1.00e+00	1.61e-12	0.00e+00
 3.66490e+17	1.00e+00	1.62e-12	0.00e+00
 3.67450e+17	1.00e+00	1.63e-12	0.00e+00
 3.68363e+17	1.00e+00	1.63e-12	0.00e+00
 3.69233e+17	1.00e+00	1.64e-12	0.00e+00
 3.70062e+17	1.00e+00	1.64e-12	0.00e+00
 3.70855e+17	1.00e+00	1.65e-12	0.00e+00
 3.71613e+17	1.00e+00	1.65e-12	0.00e+00
 3.72338e+17	1.00e+00	1.66e-12	0.00e+00
 3.73031e+17	1.00e+00	1.66e-12	0.00e+00
 3.73695e+17	1.00e+00	1.66e-12	0.00e+00
 3.74332e+17	1.00e+00	1.67e-12	0.00e+00
 3.74944e+17	1.00e+00	1.67e-12	0.00e+00
 3.75533e+17	1.00e+00	1.68e-12	0.00e+00
 3.76100e+17	1.00e+00	1.68e-12	0.00e+00
 3.76647e+17	1.00e+00	1.68e-12	0.00e+00
 3.77176e+17	1.00e+00	1.68e-12	0.00e+00
 3.77688e+17	1.00e+00	1.69e-12	0.00e+00
 3.78185e+17	1.00e+00	1.69e-12	0.00e+00
 3.78668e+17	1.00e+00	1.69e-12	0.00e+00
 3.79140e+17	1.00e+00	1.69e-12	0.00e+00
 3.79602e+17	1.00e+00	1.69e-12	0.00e+00
 3.80055e+17	1.00e+00	1.70e-12	0.00e+00
 3.80501e+17	1.00e+00	1.70e-12	0.00e+00
 3.80943e+17	1.00e+00	1.70e-12	0.00e+00
 3.81382e+17	1.00e+00	1.70e-12	0.00e+00
 3.81821e+17	1.00e+00	1.70e-12	0.00e+00
 3.82261e+17	1.00e+00	1.70e-12	0.00e+00
 3.82707e+17	1.00e+00	1.70e-12	0.00e+00
 3.83161e+17	1.00e+00	1.70e-12	0.00e+00
 3.83627e+17	1.00e+00	1.70e-12	0.00e+00
 3.84110e+17	1.00e+00	1.70e-12	0.00e+00
 3.84617e+17	1.00e+00	1.70e-12	0.00e+00
 3.85154e+17	1.00e+00	1.70e-12	0.00e+00
 3.85730e+17	1.00e+00	1.70e-12	0.00e+00
 3.86360e+17	1.00e+00	1.70e-12	0.00e+00
 3.87059e+17	1.00e+00	1.70e-12	0.00e+00
 3.87852e+17	1.00e+00	1.69e-12	0.00e+00
 3.88770e+17	1.00e+00	1.68e-12	0.00e+00
 3.89863e+17	1.00e+00	1.67e-12	0.00e+00
 3.91200e+17	1.00e+00	1.65e-12	0.00e+00
 3.92889e+17	1.00e+00	1.62e-12	0.00e+00
 3.95071e+17	1.00e+00	1.58e-12	0.00e+00
 3.97908e+17	1.00e+00	1.50e-12	0.00e+00
 4.01596e+17	1.00e+00	1.40e-12	0.00e+00
 4.06390e+17	1.00e+00	1.26e-12	0.00e+00
 4.12623e+17	1.00e+00	1.09e-12	0.00e+00
 4.20725e+17	1.00e+00	8.98e-13	0.00e+00
 4.31257e+17	1.00e+00	6.85e-13	0.00e+00
 4.44950e+17	1.00e+00	4.74e-13	0.00e+00
 4.61743e+17	1.00e+00	2.87e-13	0.00e+00
 4.80213e+17	1.00e+00	1.92e-13	0.00e+00
 4.99421e+17	1.00e+00	1.66e-13	0.00e+00
 5.19398e+17	1.00e+00	1.44e-13	0.00e+00
 5.40174e+17	1.00e+00	1.25e-13	0.00e+00
 5.61781e+17	1.00e+00	1.06e-13	0.00e+00
 5.84253e+17	1.00e+00	8.97e-14	0.00e+00
 6.07623e+17	1.00e+00	7.48e-14	0.00e+00
 6.31928e+17	1.00e+00	6.15e-14	0.00e+00
 6.56468e+17	1.00e+00	4.98e-14	0.00e+00
 6.79637e+17	1.00e+00	4.93e-14	0.00e+00
 7.00423e+17	1.00e+00	6.28e-14	0.00e+00
 7.19125e+17	1.00e+00	8.22e-14	0.00e+00
 7.36592e+17	1.00e+00	9.48e-14	0.00e+00
 7.53320e+17	1.00e+00	9.68e-14	0.00e+00
 7.69085e+17	1.00e+00	9.56e-14	0.00e+00
 7.83275e+17	1.00e+00	1.01e-13	0.00e+00
 7.95614e+17	1.00e+00	1.14e-13	0.00e+00
 8.06371e+17	1.00e+00	1.27e-13	0.00e+00
 8.16031e+17	1.00e+00	1.34e-13	0.00e+00
 8.24377e+17	1.00e+00	1.32e-13	0.00e+00
 8.30416e+17	1.00e+00	1.40e-13	0.00e+00
 8.33941e+17	1.00e+00	1.61e-13	0.00e+00
 8.35885e+17	1.00e+00	1.77e-13	0.00e+00
 8.37051e+17	1.00e+00	1.86e-13	0.00e+00
 8.37751e+17	1.00e+00	1.91e-13	0.00e+00
 8.38215e+17	1.00e+00	1.94e-13	0.00e+00
 8.38656e+17	1.00e+00	1.96e-13	0.00e+00
 8.39198e+17	1.00e+00	1.98e-13	0.00e+00
 8.39790e+17	1.00e+00	2.00e-13	0.00e+00
 8.40303e+17	1.00e+00	2.01e-13	0.00e+00
 8.40709e+17	1.00e+00	2.02e-13	0.00e+00
 8.41072e+17	1.00e+00	2.03e-13	0.00e+00
 8.41442e+17	1.00e+00	2.03e-13	0.00e+00
 8.41824e+17	1.00e+00	2.03e-13	0.00e+00
 8.42200e+17	1.00e+00	2.03e-13	0.00e+00
 8.42535e+17	1.00e+00	2.03e-13	0.00e+00
 8.42819e+17	1.00e+00	2.03e-13	0.00e+00
 8.43075e+17	1.00e+00	2.03e-13	0.00e+00
 8.43328e+17	1.00e+00	2.03e-13	0.00e+00
 8.43608e+17	1.00e+00	2.02e-13	0.00e+00
 8.43898e+17	1.00e+00	2.02e-13	0.00e+00
 8.44152e+17	1.00e+00	2.02e-13	0.00e+00
 8.44375e+17	1.00e+00	2.01e-13	0.00e+00
 8.44592e+17	1.00e+00	2.01e-13	0.00e+00
 8.44812e+17	1.00e+00	2.00e-13	0.00e+00
 8.45034e+17	1.00e+00	2.00e-13	0.00e+00
 8.45254e+17	1.00e+00	1.99e-13	0.00e+00
 8.45469e+17	1.00e+00	1.99e-13	0.00e+00
 8.45667e+17	1.00e+00	1.98e-13	0.00e+00
 8.45852e+17	1.00e+00	1.98e-13	0.00e+00
 8.46044e+17	1.00e+00	1.97e-13	0.00e+00
 8.46246e+17	1.00e+00	1.96e-13	0.00e+00
 8.46451e+17	1.00e+00	1.96e-13	0.00e+00
 8.46643e+17	1.00e+00	1.95e-13	0.00e+00
 8.46820e+17	1.00e+00	1.94e-13	0.00e+00
 8.47007e+17	1.00e+00	1.94e-13	0.00e+00
 8.47213e+17	1.00e+00	1.93e-13	0.00e+00
 8.47408e+17	1.00e+00	1.92e-13	0.00e+00
 8.47593e+17	1.00e+00	1.91e-13	0.00e+00
 8.47782e+17	1.00e+00	1.90e-13	0.00e+00
 8.47979e+17	1.00e+00	1.89e-13	0.00e+00
 8.48181e+17	1.00e+00	1.88e-13	0.00e+00
 8.48379e+17	1.00e+00	1.88e-13	0.00e+00
 8.48578e+17	1.00e+00	1.87e-13	0.00e+00
 8.48786e+17	1.00e+00	1.86e-13	0.00e+00
 8.49000e+17	1.00e+00	1.85e-13	0.00e+00
 8.49234e+17	1.00e+00	1.83e-13	0.00e+00
 8.49478e+17	1.00e+00	1.82e-13	0.00e+00
 8.49706e+17	1.00e+00	1.81e-13	0.00e+00
 8.49919e+17	1.00e+00	1.80e-13	0.00e+00
 8.50127e+17	1.00e+00	1.78e-13	0.00e+00
 8.50362e+17	1.00e+00	1.77e-13	0.00e+00
 8.50644e+17	1.00e+00	1.76e-13	0.00e+00
 8.50933e+17	1.00e+00	1.74e-13	0.00e+00
 8.51179e+17	1.00e+00	1.72e-13	0.00e+00
 8.51417e+17	1.00e+00	1.71e-13	0.00e+00
 8.51696e+17	1.00e+00	1.70e-13	0.00e+00
 8.52009e+17	1.00e+00	1.68e-13	0.00e+00
 8.52311e+17	1.00e+00	1.66e-13	0.00e+00
 8.52596e+17	1.00e+00	1.64e-13	0.00e+00
 8.52896e+17	1.00e+00	1.62e-13	0.00e+00
 8.53212e+17	1.00e+00	1.60e-13	0.00e+00
 8.53544e+17	1.00e+00	1.58e-13	0.00e+00
 8.53883e+17	1.00e+00	1.56e-13	0.00e+00
 8.54223e+17	1.00e+00	1.54e-13	0.00e+00
 8.54566e+17	1.00e+00	1.51e-13	0.00e+00
 8.54902e+17	1.00e+00	1.49e-13	0.00e+00
 8.55274e+17	1.00e+00	1.47e-13	0.00e+00
 8.55698e+17	1.00e+00	1.45e-13	0.00e+00
 8.56114e+17	1.00e+00	1.42e-13	0.00e+00
 8.56485e+17	1.00e+00	1.39e-13	0.00e+00
 8.56868e+17	1.00e+00	1.37e-13	0.00e+00
 8.57327e+17	1.00e+00	1.34e-13	0.00e+00
 8.57802e+17	1.00e+00	1.31e-13	0.00e+00
 8.58232e+17	1.00e+00	1.28e-13	0.00e+00
 8.58655e+17	1.00e+00	1.26e-13	0.00e+00
 8.59121e+17	1.00e+00	1.23e-13	0.00e+00
 8.59625e+17	1.00e+00	1.19e-13	0.00e+00
 8.60130e+17	1.00e+00	1.16e-13	0.00e+00
 8.60623e+17	1.00e+00	1.13e-13	0.00e+00
 8.61118e+17	1.00e+00	1.10e-13	0.00e+00
 8.61626e+17	1.00e+00	1.07e-13	0.00e+00
 8.62170e+17	1.00e+00	1.04e-13	0.00e+00
 8.62736e+17	1.00e+00	1.01e-13	0.00e+00
 8.63298e+17	1.00e+00	9.73e-14	0.00e+00
 8.63857e+17	1.00e+00	9.40e-14	0.00e+00
 8.64422e+17	1.00e+00	9.08e-14	0.00e+00
 8.65000e+17	1.00e+00	8.76e-14	0.00e+00
 8.65609e+17	1.00e+00	8.44e-14	0.00e+00
 8.66244e+17	1.00e+00	8.09e-14	0.00e+00
 8.66883e+17	1.00e+00	7.75e-14	0.00e+00
 8.67516e+17	1.00e+00	7.42e-14	0.00e+00
 8.68154e+17	1.00e+00	7.10e-14	0.00e+00
 8.68810e+17	1.00e+00	6.77e-14	0.00e+00
 8.69501e+17	1.00e+00	6.45e-14	0.00e+00
 8.70202e+17	1.00e+00	6.11e-14	0.00e+00
 8.70905e+17	1.00e+00	5.79e-14	0.00e+00
 8.71616e+17	1.00e+00	5.47e-14	0.00e+00
 8.72329e+17	1.00e+00	5.17e-14	0.00e+00
 8.73060e+17	1.00e+00	4.87e-14	0.00e+00
 8.73823e+17	1.00e+00	4.57e-14	0.00e+00
 8.74596e+17	1.00e+00	4.28e-14	0.00e+00
 8.75409e+17	1.00e+00	3.98e-14	0.00e+00
 8.76243e+17	1.00e+00	3.69e-14	0.00e+00
 8.77066e+17	1.00e+00	3.40e-14	0.00e+00
 8.77881e+17	1.00e+00	3.15e-14	0.00e+00
 8.78620e+17	1.00e+00	2.91e-14	0.00e+00
 8.79258e+17	1.00e+00	2.72e-14	0.00e+00
 8.79826e+17	1.00e+00	2.56e-14	0.00e+00
 8.80362e+17	1.00e+00	2.42e-14	0.00e+00
 8.80884e+17	1.00e+00	2.29e-14	0.00e+00
 8.81386e+17	1.00e+00	2.17e-14	0.00e+00
 8.81858e+17	1.00e+00	2.05e-14	0.00e+00
 8.82297e+17	1.00e+00	1.95e-14	0.00e+00
