#depth	C	C+	C+2	C+3	C+4	C+5	C+6	C[1]	C[2]	C[3]	C+[1]	C+[2]	CO
 1.49634e+10	0.00e+00	0.00e+00	6.10e-27	1.48e-16	1.19e-05	1.14e-01	8.86e-01	0.00e+00	0.00e+00	0.00e+00	0.00e+00	0.00e+00	0.00e+00
 4.54887e+10	0.00e+00	1.13e-37	8.19e-27	1.84e-16	1.37e-05	1.22e-01	8.78e-01	0.00e+00	0.00e+00	0.00e+00	0.00e+00	0.00e+00	0.00e+00
 7.72350e+10	0.00e+00	0.00e+00	1.11e-26	2.30e-16	1.59e-05	1.30e-01	8.70e-01	0.00e+00	0.00e+00	0.00e+00	0.00e+00	0.00e+00	0.00e+00
 1.10251e+11	0.00e+00	2.44e-37	1.51e-26	2.89e-16	1.84e-05	1.40e-01	8.60e-01	0.00e+00	0.00e+00	0.00e+00	0.00e+00	0.00e+00	0.00e+00
 1.44588e+11	0.00e+00	0.00e+00	2.04e-26	3.61e-16	2.13e-05	1.49e-01	8.51e-01	0.00e+00	0.00e+00	0.00e+00	0.00e+00	0.00e+00	0.00e+00
 1.80298e+11	0.00e+00	5.23e-37	2.76e-26	4.52e-16	2.46e-05	1.60e-01	8.40e-01	0.00e+00	0.00e+00	0.00e+00	0.00e+00	0.00e+00	0.00e+00
 2.17437e+11	0.00e+00	0.00e+00	3.73e-26	5.64e-16	2.84e-05	1.71e-01	8.29e-01	0.00e+00	0.00e+00	0.00e+00	0.00e+00	0.00e+00	0.00e+00
 2.52112e+11	0.00e+00	1.07e-36	4.88e-26	6.88e-16	3.22e-05	1.81e-01	8.19e-01	0.00e+00	0.00e+00	0.00e+00	0.00e+00	0.00e+00	0.00e+00
 2.82695e+11	0.00e+00	0.00e+00	6.15e-26	8.16e-16	3.60e-05	1.90e-01	8.10e-01	0.00e+00	0.00e+00	0.00e+00	0.00e+00	0.00e+00	0.00e+00
 3.16827e+11	0.00e+00	1.97e-36	7.90e-26	9.82e-16	4.06e-05	2.00e-01	8.00e-01	0.00e+00	0.00e+00	0.00e+00	0.00e+00	0.00e+00	0.00e+00
 3.57806e+11	6.22e-48	2.83e-36	1.05e-25	1.21e-15	4.64e-05	2.13e-01	7.87e-01	0.00e+00	0.00e+00	0.00e+00	0.00e+00	0.00e+00	0.00e+00
 3.98909e+11	0.00e+00	0.00e+00	1.38e-25	1.48e-15	5.28e-05	2.25e-01	7.75e-01	0.00e+00	0.00e+00	0.00e+00	0.00e+00	0.00e+00	0.00e+00
 4.36617e+11	0.00e+00	5.46e-36	1.77e-25	1.77e-15	5.92e-05	2.37e-01	7.63e-01	0.00e+00	0.00e+00	0.00e+00	0.00e+00	0.00e+00	0.00e+00
 4.78689e+11	2.07e-47	7.65e-36	2.31e-25	2.16e-15	6.71e-05	2.50e-01	7.50e-01	0.00e+00	0.00e+00	0.00e+00	0.00e+00	0.00e+00	0.00e+00
 5.27481e+11	0.00e+00	0.00e+00	3.08e-25	2.67e-15	7.67e-05	2.65e-01	7.35e-01	0.00e+00	0.00e+00	0.00e+00	0.00e+00	0.00e+00	4.28e-250
 5.75186e+11	0.00e+00	1.57e-35	4.05e-25	3.25e-15	8.70e-05	2.79e-01	7.21e-01	0.00e+00	0.00e+00	0.00e+00	0.00e+00	0.00e+00	7.52e-218
 6.20290e+11	7.27e-47	2.15e-35	5.21e-25	3.91e-15	9.76e-05	2.93e-01	7.07e-01	0.00e+00	0.00e+00	0.00e+00	0.00e+00	0.00e+00	0.00e+00
 6.70519e+11	0.00e+00	0.00e+00	6.82e-25	4.76e-15	1.11e-04	3.08e-01	6.91e-01	0.00e+00	0.00e+00	0.00e+00	0.00e+00	0.00e+00	2.77e-248
 7.27266e+11	0.00e+00	4.38e-35	9.11e-25	5.87e-15	1.26e-04	3.26e-01	6.74e-01	0.00e+00	0.00e+00	0.00e+00	0.00e+00	0.00e+00	5.62e-216
 7.84127e+11	2.64e-46	6.24e-35	1.20e-24	7.18e-15	1.43e-04	3.42e-01	6.57e-01	0.00e+00	0.00e+00	0.00e+00	0.00e+00	0.00e+00	8.58e-261
 8.43261e+11	0.00e+00	8.91e-35	1.59e-24	8.80e-15	1.62e-04	3.60e-01	6.40e-01	0.00e+00	0.00e+00	0.00e+00	0.00e+00	0.00e+00	2.02e-167
 9.06919e+11	6.36e-46	1.28e-34	2.12e-24	1.08e-14	1.84e-04	3.78e-01	6.21e-01	0.00e+00	0.00e+00	0.00e+00	0.00e+00	0.00e+00	4.09e-211
 9.73122e+11	0.00e+00	1.85e-34	2.82e-24	1.33e-14	2.09e-04	3.97e-01	6.03e-01	0.00e+00	0.00e+00	0.00e+00	0.00e+00	0.00e+00	6.12e-255
 1.04197e+12	1.55e-45	2.66e-34	3.75e-24	1.64e-14	2.38e-04	4.16e-01	5.83e-01	0.00e+00	0.00e+00	0.00e+00	0.00e+00	0.00e+00	4.01e-144
 1.11358e+12	0.00e+00	3.83e-34	4.99e-24	2.01e-14	2.69e-04	4.36e-01	5.64e-01	0.00e+00	0.00e+00	0.00e+00	0.00e+00	0.00e+00	3.13e-188
 1.18805e+12	3.74e-45	5.51e-34	6.62e-24	2.46e-14	3.05e-04	4.55e-01	5.44e-01	0.00e+00	0.00e+00	0.00e+00	0.00e+00	0.00e+00	3.98e-143
 1.26550e+12	0.00e+00	7.91e-34	8.78e-24	3.01e-14	3.45e-04	4.75e-01	5.25e-01	0.00e+00	0.00e+00	0.00e+00	0.00e+00	0.00e+00	1.64e-187
 1.34604e+12	9.04e-45	1.13e-33	1.16e-23	3.68e-14	3.90e-04	4.95e-01	5.05e-01	0.00e+00	0.00e+00	0.00e+00	0.00e+00	0.00e+00	3.96e-142
 1.42981e+12	0.00e+00	1.63e-33	1.54e-23	4.50e-14	4.39e-04	5.15e-01	4.85e-01	0.00e+00	0.00e+00	0.00e+00	0.00e+00	0.00e+00	8.55e-187
 1.51693e+12	2.18e-44	2.33e-33	2.04e-23	5.50e-14	4.95e-04	5.35e-01	4.65e-01	0.00e+00	0.00e+00	0.00e+00	0.00e+00	0.00e+00	3.93e-141
 1.60754e+12	0.00e+00	3.33e-33	2.69e-23	6.70e-14	5.58e-04	5.54e-01	4.45e-01	0.00e+00	0.00e+00	0.00e+00	0.00e+00	0.00e+00	4.44e-186
 1.70177e+12	5.23e-44	4.77e-33	3.55e-23	8.17e-14	6.27e-04	5.74e-01	4.25e-01	0.00e+00	0.00e+00	0.00e+00	0.00e+00	0.00e+00	3.91e-140
 1.79319e+12	0.00e+00	6.64e-33	4.60e-23	9.80e-14	6.99e-04	5.92e-01	4.07e-01	0.00e+00	0.00e+00	0.00e+00	0.00e+00	0.00e+00	2.31e-185
 1.87728e+12	1.13e-43	8.94e-33	5.78e-23	1.15e-13	7.70e-04	6.08e-01	3.91e-01	0.00e+00	0.00e+00	0.00e+00	0.00e+00	0.00e+00	2.97e-139
 1.97092e+12	0.00e+00	1.23e-32	7.42e-23	1.38e-13	8.55e-04	6.25e-01	3.74e-01	0.00e+00	0.00e+00	0.00e+00	0.00e+00	0.00e+00	9.80e-185
 2.07928e+12	2.58e-43	1.75e-32	9.75e-23	1.67e-13	9.57e-04	6.43e-01	3.56e-01	0.00e+00	0.00e+00	0.00e+00	0.00e+00	0.00e+00	2.61e-138
 2.18626e+12	0.00e+00	2.45e-32	1.26e-22	2.00e-13	1.06e-03	6.61e-01	3.38e-01	0.00e+00	0.00e+00	0.00e+00	0.00e+00	0.00e+00	4.49e-184
 2.29752e+12	5.91e-43	3.44e-32	1.64e-22	2.41e-13	1.19e-03	6.77e-01	3.21e-01	0.00e+00	0.00e+00	0.00e+00	0.00e+00	0.00e+00	2.31e-137
 2.41935e+12	0.00e+00	4.90e-32	2.16e-22	2.92e-13	1.33e-03	6.95e-01	3.04e-01	0.00e+00	0.00e+00	0.00e+00	0.00e+00	0.00e+00	2.03e-183
 2.54275e+12	1.40e-42	6.92e-32	2.82e-22	3.52e-13	1.48e-03	7.11e-01	2.87e-01	0.00e+00	0.00e+00	0.00e+00	0.00e+00	0.00e+00	2.25e-136
 2.67110e+12	0.00e+00	9.79e-32	3.68e-22	4.25e-13	1.65e-03	7.27e-01	2.71e-01	0.00e+00	0.00e+00	0.00e+00	0.00e+00	0.00e+00	9.59e-183
 2.80787e+12	3.30e-42	1.40e-31	4.84e-22	5.15e-13	1.84e-03	7.43e-01	2.56e-01	0.00e+00	0.00e+00	0.00e+00	0.00e+00	0.00e+00	2.20e-135
 2.95011e+12	0.00e+00	1.99e-31	6.36e-22	6.23e-13	2.05e-03	7.58e-01	2.40e-01	0.00e+00	0.00e+00	0.00e+00	0.00e+00	0.00e+00	4.28e-182
 3.09804e+12	7.91e-42	2.84e-31	8.36e-22	7.54e-13	2.28e-03	7.72e-01	2.26e-01	0.00e+00	0.00e+00	0.00e+00	0.00e+00	0.00e+00	2.23e-134
 3.25189e+12	0.00e+00	4.04e-31	1.10e-21	9.11e-13	2.55e-03	7.86e-01	2.12e-01	0.00e+00	0.00e+00	0.00e+00	0.00e+00	0.00e+00	1.77e-181
 3.41189e+12	1.90e-41	5.77e-31	1.44e-21	1.10e-12	2.83e-03	7.99e-01	1.98e-01	0.00e+00	0.00e+00	0.00e+00	0.00e+00	0.00e+00	2.27e-133
 3.57829e+12	0.00e+00	8.23e-31	1.90e-21	1.33e-12	3.16e-03	8.11e-01	1.85e-01	0.00e+00	0.00e+00	0.00e+00	0.00e+00	0.00e+00	5.68e-181
 3.75135e+12	4.56e-41	1.17e-30	2.49e-21	1.61e-12	3.51e-03	8.23e-01	1.73e-01	0.00e+00	0.00e+00	0.00e+00	0.00e+00	0.00e+00	2.33e-132
 3.91423e+12	0.00e+00	1.62e-30	3.19e-21	1.91e-12	3.86e-03	8.33e-01	1.63e-01	0.00e+00	0.00e+00	0.00e+00	0.00e+00	0.00e+00	3.71e-181
 4.06015e+12	9.60e-41	2.14e-30	3.96e-21	2.22e-12	4.20e-03	8.42e-01	1.54e-01	0.00e+00	0.00e+00	0.00e+00	0.00e+00	0.00e+00	1.68e-131
 4.22405e+12	0.00e+00	2.91e-30	5.01e-21	2.61e-12	4.61e-03	8.51e-01	1.45e-01	0.00e+00	0.00e+00	0.00e+00	0.00e+00	0.00e+00	0.00e+00
 4.41799e+12	2.16e-40	4.13e-30	6.55e-21	3.14e-12	5.10e-03	8.60e-01	1.35e-01	0.00e+00	0.00e+00	0.00e+00	0.00e+00	0.00e+00	1.43e-130
 4.61276e+12	0.00e+00	5.79e-30	8.48e-21	3.76e-12	5.63e-03	8.69e-01	1.26e-01	0.00e+00	0.00e+00	0.00e+00	0.00e+00	0.00e+00	0.00e+00
 4.79591e+12	4.78e-40	7.86e-30	1.07e-20	4.41e-12	6.16e-03	8.76e-01	1.18e-01	0.00e+00	0.00e+00	0.00e+00	0.00e+00	0.00e+00	1.19e-129
 4.99827e+12	0.00e+00	1.09e-29	1.38e-20	5.26e-12	6.79e-03	8.83e-01	1.10e-01	0.00e+00	0.00e+00	0.00e+00	0.00e+00	0.00e+00	0.00e+00
 5.22812e+12	1.12e-39	1.57e-29	1.82e-20	6.35e-12	7.54e-03	8.90e-01	1.02e-01	0.00e+00	0.00e+00	0.00e+00	0.00e+00	0.00e+00	1.14e-128
 5.45800e+12	0.00e+00	2.22e-29	2.38e-20	7.62e-12	8.33e-03	8.97e-01	9.47e-02	0.00e+00	0.00e+00	0.00e+00	0.00e+00	0.00e+00	0.00e+00
 5.69707e+12	2.65e-39	3.14e-29	3.10e-20	9.16e-12	9.21e-03	9.03e-01	8.78e-02	0.00e+00	0.00e+00	0.00e+00	0.00e+00	0.00e+00	1.11e-127
 5.95488e+12	0.00e+00	4.52e-29	4.10e-20	1.11e-11	1.02e-02	9.09e-01	8.10e-02	0.00e+00	0.00e+00	0.00e+00	0.00e+00	0.00e+00	0.00e+00
 6.19654e+12	6.23e-39	6.26e-29	5.26e-20	1.31e-11	1.12e-02	9.13e-01	7.53e-02	0.00e+00	0.00e+00	0.00e+00	0.00e+00	0.00e+00	1.07e-126
 6.41212e+12	0.00e+00	8.31e-29	6.54e-20	1.52e-11	1.21e-02	9.17e-01	7.07e-02	0.00e+00	0.00e+00	0.00e+00	0.00e+00	0.00e+00	0.00e+00
 6.65444e+12	1.30e-38	1.13e-28	8.30e-20	1.79e-11	1.33e-02	9.21e-01	6.59e-02	0.00e+00	0.00e+00	0.00e+00	0.00e+00	0.00e+00	7.52e-126
 6.94220e+12	0.00e+00	1.62e-28	1.09e-19	2.16e-11	1.47e-02	9.25e-01	6.08e-02	0.00e+00	0.00e+00	0.00e+00	0.00e+00	0.00e+00	0.00e+00
 7.23142e+12	3.11e-38	2.28e-28	1.42e-19	2.58e-11	1.61e-02	9.28e-01	5.61e-02	0.00e+00	0.00e+00	0.00e+00	0.00e+00	0.00e+00	7.49e-125
 7.50201e+12	0.00e+00	3.12e-28	1.80e-19	3.04e-11	1.76e-02	9.30e-01	5.22e-02	0.00e+00	0.00e+00	0.00e+00	0.00e+00	0.00e+00	0.00e+00
 7.80181e+12	6.94e-38	4.37e-28	2.33e-19	3.62e-11	1.93e-02	9.32e-01	4.82e-02	0.00e+00	0.00e+00	0.00e+00	0.00e+00	0.00e+00	6.24e-124
 8.14381e+12	0.00e+00	6.32e-28	3.09e-19	4.38e-11	2.14e-02	9.34e-01	4.42e-02	0.00e+00	0.00e+00	0.00e+00	0.00e+00	0.00e+00	0.00e+00
 8.47991e+12	1.69e-37	8.96e-28	4.04e-19	5.26e-11	2.36e-02	9.36e-01	4.06e-02	0.00e+00	0.00e+00	0.00e+00	0.00e+00	0.00e+00	6.58e-123
 8.82946e+12	0.00e+00	1.27e-27	5.28e-19	6.31e-11	2.59e-02	9.37e-01	3.73e-02	0.00e+00	0.00e+00	0.00e+00	0.00e+00	0.00e+00	0.00e+00
 9.21256e+12	4.16e-37	1.85e-27	7.02e-19	7.65e-11	2.87e-02	9.37e-01	3.41e-02	0.00e+00	0.00e+00	0.00e+00	0.00e+00	0.00e+00	7.00e-122
 9.59688e+12	0.00e+00	2.65e-27	9.25e-19	9.21e-11	3.16e-02	9.37e-01	3.12e-02	0.00e+00	0.00e+00	0.00e+00	0.00e+00	0.00e+00	0.00e+00
 9.99658e+12	1.02e-36	3.79e-27	1.22e-18	1.11e-10	3.49e-02	9.37e-01	2.85e-02	0.00e+00	0.00e+00	0.00e+00	0.00e+00	0.00e+00	7.37e-121
 1.04264e+13	0.00e+00	5.52e-27	1.62e-18	1.35e-10	3.85e-02	9.35e-01	2.60e-02	0.00e+00	0.00e+00	0.00e+00	0.00e+00	0.00e+00	0.00e+00
 1.08516e+13	2.52e-36	7.88e-27	2.14e-18	1.62e-10	4.24e-02	9.34e-01	2.37e-02	0.00e+00	0.00e+00	0.00e+00	0.00e+00	0.00e+00	8.00e-120
 1.12938e+13	0.00e+00	1.13e-26	2.81e-18	1.95e-10	4.66e-02	9.32e-01	2.17e-02	0.00e+00	0.00e+00	0.00e+00	0.00e+00	0.00e+00	0.00e+00
 1.17754e+13	6.27e-36	1.64e-26	3.75e-18	2.37e-10	5.14e-02	9.29e-01	1.96e-02	0.00e+00	0.00e+00	0.00e+00	0.00e+00	0.00e+00	8.72e-119
 1.22764e+13	0.00e+00	2.39e-26	5.01e-18	2.87e-10	5.68e-02	9.25e-01	1.78e-02	0.00e+00	0.00e+00	0.00e+00	0.00e+00	0.00e+00	0.00e+00
 1.27974e+13	1.59e-35	3.48e-26	6.69e-18	3.49e-10	6.26e-02	9.21e-01	1.61e-02	0.00e+00	0.00e+00	0.00e+00	0.00e+00	0.00e+00	1.01e-117
 1.33392e+13	0.00e+00	5.07e-26	8.93e-18	4.24e-10	6.90e-02	9.16e-01	1.45e-02	0.00e+00	0.00e+00	0.00e+00	0.00e+00	0.00e+00	0.00e+00
 1.39027e+13	4.05e-35	7.37e-26	1.19e-17	5.15e-10	7.60e-02	9.11e-01	1.31e-02	0.00e+00	0.00e+00	0.00e+00	0.00e+00	0.00e+00	1.16e-116
 1.44127e+13	0.00e+00	1.02e-25	1.54e-17	6.10e-10	8.27e-02	9.05e-01	1.20e-02	0.00e+00	0.00e+00	0.00e+00	0.00e+00	0.00e+00	1.03e-99
 1.48382e+13	8.43e-35	1.33e-25	1.88e-17	7.00e-10	8.85e-02	9.00e-01	1.11e-02	0.00e+00	0.00e+00	0.00e+00	0.00e+00	0.00e+00	0.00e+00
 1.53046e+13	1.19e-34	1.76e-25	2.34e-17	8.09e-10	9.50e-02	8.95e-01	1.03e-02	0.00e+00	0.00e+00	0.00e+00	0.00e+00	0.00e+00	1.97e-115
 1.58945e+13	1.83e-34	2.49e-25	3.05e-17	9.67e-10	1.04e-01	8.87e-01	9.31e-03	0.00e+00	0.00e+00	0.00e+00	0.00e+00	0.00e+00	2.85e-97
 1.65097e+13	2.80e-34	3.51e-25	3.98e-17	1.16e-09	1.13e-01	8.79e-01	8.41e-03	0.00e+00	0.00e+00	0.00e+00	0.00e+00	0.00e+00	0.00e+00
 1.70326e+13	3.96e-34	4.64e-25	4.96e-17	1.34e-09	1.21e-01	8.71e-01	7.74e-03	0.00e+00	0.00e+00	0.00e+00	0.00e+00	0.00e+00	4.56e-114
 1.75711e+13	5.59e-34	6.14e-25	6.16e-17	1.55e-09	1.30e-01	8.63e-01	7.11e-03	0.00e+00	0.00e+00	0.00e+00	0.00e+00	0.00e+00	3.30e-96
 1.82479e+13	8.50e-34	8.61e-25	8.01e-17	1.84e-09	1.41e-01	8.52e-01	6.41e-03	0.00e+00	0.00e+00	0.00e+00	0.00e+00	0.00e+00	0.00e+00
 1.89352e+13	1.28e-33	1.20e-24	1.04e-16	2.19e-09	1.53e-01	8.41e-01	5.78e-03	0.00e+00	0.00e+00	0.00e+00	0.00e+00	0.00e+00	9.94e-113
 1.95261e+13	1.79e-33	1.57e-24	1.28e-16	2.52e-09	1.63e-01	8.31e-01	5.30e-03	0.00e+00	0.00e+00	0.00e+00	0.00e+00	0.00e+00	4.15e-95
 2.01612e+13	2.53e-33	2.08e-24	1.59e-16	2.92e-09	1.75e-01	8.20e-01	4.84e-03	0.00e+00	0.00e+00	0.00e+00	0.00e+00	0.00e+00	6.05e-112
 2.09455e+13	3.82e-33	2.90e-24	2.06e-16	3.47e-09	1.89e-01	8.06e-01	4.34e-03	0.00e+00	0.00e+00	0.00e+00	0.00e+00	0.00e+00	2.18e-94
 2.17489e+13	5.71e-33	4.02e-24	2.66e-16	4.11e-09	2.04e-01	7.92e-01	3.89e-03	0.00e+00	0.00e+00	0.00e+00	0.00e+00	0.00e+00	5.26e-111
 2.24743e+13	8.07e-33	5.33e-24	3.32e-16	4.75e-09	2.18e-01	7.78e-01	3.53e-03	0.00e+00	0.00e+00	0.00e+00	0.00e+00	0.00e+00	1.12e-93
 2.32731e+13	1.16e-32	7.17e-24	4.18e-16	5.54e-09	2.33e-01	7.64e-01	3.18e-03	0.00e+00	0.00e+00	0.00e+00	0.00e+00	0.00e+00	3.55e-110
 2.42140e+13	1.76e-32	1.00e-23	5.43e-16	6.58e-09	2.52e-01	7.46e-01	2.82e-03	0.00e+00	0.00e+00	0.00e+00	0.00e+00	0.00e+00	6.15e-93
 2.51551e+13	2.60e-32	1.37e-23	6.96e-16	7.75e-09	2.70e-01	7.28e-01	2.51e-03	0.00e+00	0.00e+00	0.00e+00	0.00e+00	0.00e+00	3.09e-109
 2.60495e+13	3.70e-32	1.83e-23	8.71e-16	8.98e-09	2.87e-01	7.10e-01	2.25e-03	0.00e+00	0.00e+00	0.00e+00	0.00e+00	0.00e+00	3.18e-92
 2.70370e+13	5.37e-32	2.48e-23	1.10e-15	1.05e-08	3.06e-01	6.92e-01	2.00e-03	0.00e+00	0.00e+00	0.00e+00	0.00e+00	0.00e+00	2.25e-108
 2.81484e+13	8.01e-32	3.43e-23	1.42e-15	1.24e-08	3.28e-01	6.70e-01	1.76e-03	0.00e+00	0.00e+00	0.00e+00	0.00e+00	0.00e+00	1.76e-91
 2.92598e+13	1.17e-31	4.66e-23	1.80e-15	1.45e-08	3.49e-01	6.49e-01	1.56e-03	0.00e+00	0.00e+00	0.00e+00	0.00e+00	0.00e+00	1.92e-107
 3.02440e+13	1.61e-31	6.04e-23	2.21e-15	1.65e-08	3.68e-01	6.31e-01	1.40e-03	0.00e+00	0.00e+00	0.00e+00	0.00e+00	0.00e+00	8.41e-91
 3.10700e+13	2.09e-31	7.44e-23	2.60e-15	1.84e-08	3.83e-01	6.16e-01	1.28e-03	0.00e+00	0.00e+00	0.00e+00	0.00e+00	0.00e+00	9.61e-107
 3.19590e+13	2.73e-31	9.24e-23	3.08e-15	2.05e-08	3.99e-01	5.99e-01	1.16e-03	0.00e+00	0.00e+00	0.00e+00	0.00e+00	0.00e+00	2.75e-90
 3.31148e+13	3.82e-31	1.21e-22	3.80e-15	2.34e-08	4.20e-01	5.79e-01	1.03e-03	0.00e+00	0.00e+00	0.00e+00	0.00e+00	0.00e+00	5.23e-106
 3.43238e+13	5.33e-31	1.59e-22	4.69e-15	2.68e-08	4.41e-01	5.58e-01	9.15e-04	0.00e+00	0.00e+00	0.00e+00	0.00e+00	0.00e+00	1.25e-89
 3.53549e+13	7.00e-31	1.98e-22	5.56e-15	2.99e-08	4.59e-01	5.40e-01	8.27e-04	0.00e+00	0.00e+00	0.00e+00	0.00e+00	0.00e+00	2.93e-105
 3.64481e+13	9.25e-31	2.48e-22	6.62e-15	3.34e-08	4.77e-01	5.22e-01	7.44e-04	0.00e+00	0.00e+00	0.00e+00	0.00e+00	0.00e+00	4.41e-89
 3.78224e+13	1.29e-30	3.25e-22	8.16e-15	3.82e-08	4.99e-01	5.00e-01	6.53e-04	0.00e+00	0.00e+00	0.00e+00	0.00e+00	0.00e+00	1.71e-104
 3.92374e+13	1.80e-30	4.23e-22	1.00e-14	4.35e-08	5.21e-01	4.78e-01	5.73e-04	0.00e+00	0.00e+00	0.00e+00	0.00e+00	0.00e+00	2.03e-88
 4.04851e+13	2.37e-30	5.29e-22	1.19e-14	4.85e-08	5.39e-01	4.60e-01	5.12e-04	0.00e+00	0.00e+00	0.00e+00	0.00e+00	0.00e+00	9.92e-104
 4.18396e+13	3.16e-30	6.67e-22	1.42e-14	5.42e-08	5.59e-01	4.41e-01	4.55e-04	0.00e+00	0.00e+00	0.00e+00	0.00e+00	0.00e+00	7.61e-88
 4.33344e+13	4.29e-30	8.53e-22	1.72e-14	6.10e-08	5.79e-01	4.21e-01	4.00e-04	0.00e+00	0.00e+00	0.00e+00	0.00e+00	0.00e+00	5.68e-103
 4.47114e+13	5.61e-30	1.06e-21	2.03e-14	6.77e-08	5.97e-01	4.03e-01	3.56e-04	0.00e+00	0.00e+00	0.00e+00	0.00e+00	0.00e+00	2.93e-87
 4.62013e+13	7.43e-30	1.33e-21	2.41e-14	7.53e-08	6.15e-01	3.85e-01	3.15e-04	0.00e+00	0.00e+00	0.00e+00	0.00e+00	0.00e+00	2.91e-102
 4.78635e+13	1.00e-29	1.69e-21	2.90e-14	8.43e-08	6.34e-01	3.65e-01	2.76e-04	0.00e+00	0.00e+00	0.00e+00	0.00e+00	0.00e+00	1.16e-86
 4.94211e+13	1.31e-29	2.09e-21	3.42e-14	9.32e-08	6.51e-01	3.48e-01	2.45e-04	0.00e+00	0.00e+00	0.00e+00	0.00e+00	0.00e+00	1.61e-101
 5.11176e+13	1.74e-29	2.62e-21	4.06e-14	1.03e-07	6.69e-01	3.31e-01	2.15e-04	0.00e+00	0.00e+00	0.00e+00	0.00e+00	0.00e+00	4.34e-86
 5.30028e+13	2.34e-29	3.33e-21	4.87e-14	1.16e-07	6.87e-01	3.13e-01	1.87e-04	0.00e+00	0.00e+00	0.00e+00	0.00e+00	0.00e+00	9.36e-101
 5.47628e+13	3.06e-29	4.12e-21	5.73e-14	1.27e-07	7.03e-01	2.97e-01	1.65e-04	0.00e+00	0.00e+00	0.00e+00	0.00e+00	0.00e+00	1.72e-85
 5.66803e+13	4.05e-29	5.15e-21	6.78e-14	1.41e-07	7.19e-01	2.81e-01	1.44e-04	0.00e+00	0.00e+00	0.00e+00	0.00e+00	0.00e+00	5.05e-100
 5.88245e+13	5.46e-29	6.54e-21	8.13e-14	1.57e-07	7.36e-01	2.64e-01	1.25e-04	0.00e+00	0.00e+00	0.00e+00	0.00e+00	0.00e+00	7.12e-85
 6.08474e+13	7.17e-29	8.12e-21	9.56e-14	1.73e-07	7.51e-01	2.49e-01	1.09e-04	0.00e+00	0.00e+00	0.00e+00	0.00e+00	0.00e+00	2.98e-99
 6.30609e+13	9.54e-29	1.02e-20	1.13e-13	1.91e-07	7.65e-01	2.34e-01	9.47e-05	0.00e+00	0.00e+00	0.00e+00	0.00e+00	0.00e+00	2.85e-84
 6.55403e+13	1.29e-28	1.30e-20	1.36e-13	2.13e-07	7.81e-01	2.19e-01	8.12e-05	0.00e+00	0.00e+00	0.00e+00	0.00e+00	0.00e+00	1.90e-98
 6.78911e+13	1.71e-28	1.62e-20	1.60e-13	2.34e-07	7.94e-01	2.06e-01	7.05e-05	0.00e+00	0.00e+00	0.00e+00	0.00e+00	0.00e+00	1.23e-83
 7.04087e+13	2.28e-28	2.03e-20	1.89e-13	2.58e-07	8.07e-01	1.93e-01	6.10e-05	0.00e+00	0.00e+00	0.00e+00	0.00e+00	0.00e+00	1.14e-97
 7.32549e+13	3.10e-28	2.59e-20	2.27e-13	2.87e-07	8.20e-01	1.80e-01	5.19e-05	0.00e+00	0.00e+00	0.00e+00	0.00e+00	0.00e+00	5.58e-83
 7.60760e+13	4.17e-28	3.27e-20	2.70e-13	3.16e-07	8.32e-01	1.68e-01	4.46e-05	0.00e+00	0.00e+00	0.00e+00	0.00e+00	0.00e+00	7.81e-97
 7.90100e+13	5.59e-28	4.12e-20	3.20e-13	3.49e-07	8.44e-01	1.56e-01	3.83e-05	0.00e+00	0.00e+00	0.00e+00	0.00e+00	0.00e+00	2.53e-82
 8.22003e+13	7.59e-28	5.24e-20	3.81e-13	3.86e-07	8.55e-01	1.45e-01	3.26e-05	0.00e+00	0.00e+00	0.00e+00	0.00e+00	0.00e+00	5.38e-96
 8.55182e+13	1.03e-27	6.67e-20	4.54e-13	4.25e-07	8.65e-01	1.35e-01	2.78e-05	0.00e+00	0.00e+00	0.00e+00	0.00e+00	0.00e+00	1.25e-81
 8.86639e+13	1.37e-27	8.29e-20	5.32e-13	4.65e-07	8.74e-01	1.26e-01	2.40e-05	0.00e+00	0.00e+00	0.00e+00	0.00e+00	0.00e+00	3.58e-95
 9.14941e+13	1.74e-27	1.00e-19	6.10e-13	5.01e-07	8.81e-01	1.19e-01	2.11e-05	0.00e+00	0.00e+00	0.00e+00	0.00e+00	0.00e+00	4.88e-81
 9.41459e+13	2.17e-27	1.19e-19	6.90e-13	5.37e-07	8.88e-01	1.12e-01	1.88e-05	0.00e+00	0.00e+00	0.00e+00	0.00e+00	0.00e+00	1.60e-94
 9.70799e+13	2.75e-27	1.43e-19	7.88e-13	5.78e-07	8.94e-01	1.06e-01	1.66e-05	0.00e+00	0.00e+00	0.00e+00	0.00e+00	0.00e+00	1.62e-80
 1.00369e+14	3.55e-27	1.75e-19	9.09e-13	6.26e-07	9.01e-01	9.93e-02	1.45e-05	0.00e+00	0.00e+00	0.00e+00	0.00e+00	0.00e+00	8.00e-94
 1.03496e+14	4.50e-27	2.10e-19	1.04e-12	6.72e-07	9.06e-01	9.36e-02	1.28e-05	0.00e+00	0.00e+00	0.00e+00	0.00e+00	0.00e+00	5.99e-80
 1.06938e+14	5.79e-27	2.55e-19	1.19e-12	7.25e-07	9.12e-01	8.78e-02	1.12e-05	0.00e+00	0.00e+00	0.00e+00	0.00e+00	0.00e+00	3.93e-93
 1.10783e+14	7.61e-27	3.15e-19	1.38e-12	7.87e-07	9.18e-01	8.20e-02	9.71e-06	0.00e+00	0.00e+00	0.00e+00	0.00e+00	0.00e+00	2.43e-79
 1.14340e+14	9.71e-27	3.80e-19	1.58e-12	8.46e-07	9.23e-01	7.71e-02	8.53e-06	0.00e+00	0.00e+00	0.00e+00	0.00e+00	0.00e+00	2.12e-92
 1.17632e+14	1.21e-26	4.50e-19	1.78e-12	9.02e-07	9.27e-01	7.29e-02	7.61e-06	0.00e+00	0.00e+00	0.00e+00	0.00e+00	0.00e+00	8.36e-79
 1.21394e+14	1.55e-26	5.43e-19	2.03e-12	9.67e-07	9.31e-01	6.86e-02	6.71e-06	0.00e+00	0.00e+00	0.00e+00	0.00e+00	0.00e+00	9.65e-92
 1.26005e+14	2.07e-26	6.79e-19	2.37e-12	1.05e-06	9.36e-01	6.38e-02	5.77e-06	0.00e+00	0.00e+00	0.00e+00	0.00e+00	0.00e+00	3.54e-78
 1.30614e+14	2.72e-26	8.40e-19	2.76e-12	1.14e-06	9.41e-01	5.94e-02	4.98e-06	0.00e+00	0.00e+00	0.00e+00	0.00e+00	0.00e+00	6.14e-91
 1.34619e+14	3.45e-26	1.01e-18	3.12e-12	1.22e-06	9.44e-01	5.61e-02	4.42e-06	0.00e+00	0.00e+00	0.00e+00	0.00e+00	0.00e+00	1.41e-77
 1.38948e+14	4.41e-26	1.21e-18	3.56e-12	1.30e-06	9.47e-01	5.27e-02	3.89e-06	0.00e+00	0.00e+00	0.00e+00	0.00e+00	0.00e+00	2.97e-90
 1.44238e+14	5.92e-26	1.52e-18	4.15e-12	1.41e-06	9.51e-01	4.90e-02	3.35e-06	0.00e+00	0.00e+00	0.00e+00	0.00e+00	0.00e+00	6.09e-77
 1.49624e+14	7.89e-26	1.89e-18	4.82e-12	1.53e-06	9.54e-01	4.56e-02	2.90e-06	0.00e+00	0.00e+00	0.00e+00	0.00e+00	0.00e+00	1.98e-89
 1.54524e+14	1.01e-25	2.29e-18	5.50e-12	1.63e-06	9.57e-01	4.29e-02	2.55e-06	0.00e+00	0.00e+00	0.00e+00	0.00e+00	0.00e+00	2.65e-76
 1.59941e+14	1.33e-25	2.81e-18	6.33e-12	1.76e-06	9.60e-01	4.01e-02	2.22e-06	0.00e+00	0.00e+00	0.00e+00	0.00e+00	0.00e+00	5.56e-76
 1.66278e+14	1.81e-25	3.55e-18	7.41e-12	1.90e-06	9.63e-01	3.72e-02	1.91e-06	0.00e+00	0.00e+00	0.00e+00	0.00e+00	0.00e+00	1.29e-75
 1.72541e+14	2.42e-25	4.43e-18	8.61e-12	2.06e-06	9.65e-01	3.46e-02	1.65e-06	0.00e+00	0.00e+00	0.00e+00	0.00e+00	0.00e+00	2.86e-75
 1.78446e+14	3.16e-25	5.42e-18	9.87e-12	2.21e-06	9.68e-01	3.24e-02	1.44e-06	0.00e+00	0.00e+00	0.00e+00	0.00e+00	0.00e+00	5.89e-75
 1.85004e+14	4.20e-25	6.72e-18	1.14e-11	2.38e-06	9.70e-01	3.02e-02	1.25e-06	0.00e+00	0.00e+00	0.00e+00	0.00e+00	0.00e+00	1.29e-74
 1.92435e+14	5.75e-25	8.50e-18	1.34e-11	2.58e-06	9.72e-01	2.80e-02	1.07e-06	0.00e+00	0.00e+00	0.00e+00	0.00e+00	0.00e+00	3.03e-74
 1.99906e+14	7.79e-25	1.07e-17	1.56e-11	2.78e-06	9.74e-01	2.60e-02	9.21e-07	0.00e+00	0.00e+00	0.00e+00	0.00e+00	0.00e+00	7.01e-74
 2.07676e+14	1.05e-24	1.34e-17	1.82e-11	3.01e-06	9.76e-01	2.41e-02	0.00e+00	0.00e+00	0.00e+00	0.00e+00	0.00e+00	0.00e+00	1.61e-73
 2.16013e+14	1.44e-24	1.70e-17	2.13e-11	3.26e-06	9.78e-01	2.23e-02	0.00e+00	0.00e+00	0.00e+00	0.00e+00	0.00e+00	0.00e+00	3.80e-73
 2.24683e+14	1.97e-24	2.15e-17	2.49e-11	3.53e-06	9.79e-01	2.07e-02	0.00e+00	0.00e+00	0.00e+00	0.00e+00	0.00e+00	0.00e+00	8.96e-73
 2.33055e+14	2.63e-24	2.67e-17	2.88e-11	3.80e-06	9.81e-01	1.93e-02	0.00e+00	0.00e+00	0.00e+00	0.00e+00	0.00e+00	0.00e+00	1.99e-72
 2.40897e+14	3.42e-24	3.26e-17	3.29e-11	4.06e-06	9.82e-01	1.81e-02	0.00e+00	0.00e+00	0.00e+00	0.00e+00	0.00e+00	0.00e+00	4.10e-72
 2.48275e+14	4.34e-24	3.90e-17	3.71e-11	4.31e-06	9.83e-01	1.70e-02	0.00e+00	0.00e+00	0.00e+00	0.00e+00	0.00e+00	0.00e+00	7.91e-72
 2.56297e+14	5.59e-24	4.71e-17	4.22e-11	4.59e-06	9.84e-01	1.60e-02	0.00e+00	0.00e+00	0.00e+00	0.00e+00	1.52e-17	3.19e-17	1.58e-71
 2.65274e+14	7.36e-24	5.80e-17	4.84e-11	4.92e-06	9.85e-01	1.50e-02	0.00e+00	0.00e+00	0.00e+00	0.00e+00	1.92e-17	3.87e-17	3.39e-71
 2.73771e+14	9.40e-24	6.97e-17	5.49e-11	5.25e-06	9.86e-01	1.41e-02	0.00e+00	0.00e+00	0.00e+00	0.00e+00	2.31e-17	4.66e-17	6.61e-71
 2.83097e+14	1.23e-23	8.52e-17	6.27e-11	5.61e-06	9.87e-01	1.32e-02	0.00e+00	0.00e+00	0.00e+00	0.00e+00	2.83e-17	5.69e-17	1.38e-70
 2.93566e+14	1.64e-23	1.06e-16	7.25e-11	6.03e-06	9.88e-01	1.23e-02	0.00e+00	0.00e+00	0.00e+00	0.00e+00	3.52e-17	7.08e-17	3.08e-70
 3.03527e+14	2.13e-23	1.29e-16	8.29e-11	6.45e-06	9.89e-01	1.15e-02	0.00e+00	0.00e+00	0.00e+00	0.00e+00	4.27e-17	8.60e-17	6.25e-70
 3.14471e+14	2.82e-23	1.59e-16	9.55e-11	6.93e-06	9.89e-01	1.07e-02	0.00e+00	0.00e+00	0.00e+00	0.00e+00	5.28e-17	1.06e-16	1.36e-69
 3.26780e+14	3.82e-23	2.00e-16	1.11e-10	7.48e-06	9.90e-01	9.92e-03	0.00e+00	0.00e+00	0.00e+00	0.00e+00	6.64e-17	1.34e-16	3.15e-69
 3.38569e+14	5.03e-23	2.46e-16	1.28e-10	8.04e-06	9.91e-01	9.24e-03	0.00e+00	0.00e+00	0.00e+00	0.00e+00	8.17e-17	1.65e-16	6.67e-69
 3.51129e+14	6.72e-23	3.07e-16	1.48e-10	8.64e-06	9.91e-01	8.60e-03	0.00e+00	0.00e+00	0.00e+00	0.00e+00	1.02e-16	2.05e-16	1.49e-68
 3.65204e+14	9.08e-23	3.85e-16	1.74e-10	9.37e-06	9.92e-01	7.94e-03	0.00e+00	0.00e+00	0.00e+00	0.00e+00	1.28e-16	2.57e-16	3.39e-68
 3.78203e+14	1.20e-22	4.76e-16	2.00e-10	1.00e-05	9.93e-01	7.42e-03	0.00e+00	0.00e+00	0.00e+00	0.00e+00	1.58e-16	3.18e-16	7.37e-68
 3.89457e+14	1.51e-22	5.64e-16	2.25e-10	1.07e-05	9.93e-01	6.99e-03	0.00e+00	0.00e+00	0.00e+00	0.00e+00	1.87e-16	3.77e-16	1.36e-67
 4.01948e+14	1.93e-22	6.82e-16	2.56e-10	1.14e-05	9.93e-01	6.57e-03	0.00e+00	0.00e+00	0.00e+00	0.00e+00	2.26e-16	4.56e-16	2.72e-67
 4.17203e+14	2.58e-22	8.48e-16	2.97e-10	1.23e-05	9.94e-01	6.09e-03	0.00e+00	0.00e+00	0.00e+00	0.00e+00	2.81e-16	5.66e-16	5.97e-67
 4.32644e+14	3.43e-22	1.05e-15	3.44e-10	1.32e-05	9.94e-01	5.67e-03	0.00e+00	0.00e+00	0.00e+00	0.00e+00	3.49e-16	7.04e-16	1.32e-66
 4.46518e+14	4.37e-22	1.26e-15	3.91e-10	1.41e-05	9.95e-01	5.32e-03	0.00e+00	0.00e+00	0.00e+00	0.00e+00	4.20e-16	8.45e-16	2.54e-66
 4.61763e+14	5.66e-22	1.54e-15	4.47e-10	1.51e-05	9.95e-01	4.97e-03	0.00e+00	0.00e+00	0.00e+00	0.00e+00	5.11e-16	1.03e-15	5.18e-66
 4.79802e+14	7.62e-22	1.93e-15	5.22e-10	1.63e-05	9.95e-01	4.60e-03	0.00e+00	0.00e+00	0.00e+00	0.00e+00	6.41e-16	1.29e-15	1.18e-65
 4.97527e+14	1.01e-21	2.40e-15	6.04e-10	1.75e-05	9.96e-01	4.28e-03	0.00e+00	0.00e+00	0.00e+00	0.00e+00	7.95e-16	1.60e-15	2.59e-65
 5.13722e+14	1.29e-21	2.88e-15	6.88e-10	1.87e-05	9.96e-01	4.00e-03	0.00e+00	0.00e+00	0.00e+00	0.00e+00	9.55e-16	1.92e-15	4.96e-65
 5.31877e+14	1.69e-21	3.53e-15	7.91e-10	2.01e-05	9.96e-01	3.74e-03	0.00e+00	0.00e+00	0.00e+00	0.00e+00	1.17e-15	2.36e-15	1.04e-64
 5.52996e+14	2.28e-21	4.45e-15	9.25e-10	2.17e-05	9.97e-01	3.45e-03	0.00e+00	0.00e+00	0.00e+00	0.00e+00	1.48e-15	2.97e-15	2.41e-64
 5.73734e+14	3.00e-21	5.49e-15	1.07e-09	2.35e-05	9.97e-01	3.20e-03	0.00e+00	0.00e+00	0.00e+00	0.00e+00	1.82e-15	3.67e-15	5.11e-64
 5.93250e+14	3.89e-21	6.69e-15	1.23e-09	2.51e-05	9.97e-01	2.99e-03	0.00e+00	0.00e+00	0.00e+00	0.00e+00	2.22e-15	4.47e-15	1.05e-63
 6.14958e+14	5.07e-21	8.19e-15	1.42e-09	2.70e-05	9.97e-01	2.78e-03	0.00e+00	0.00e+00	0.00e+00	0.00e+00	2.72e-15	5.48e-15	2.17e-63
 6.39586e+14	6.89e-21	1.03e-14	1.66e-09	2.92e-05	9.97e-01	2.57e-03	0.00e+00	0.00e+00	0.00e+00	0.00e+00	3.43e-15	6.92e-15	5.08e-63
 6.64224e+14	9.04e-21	1.28e-14	1.93e-09	3.16e-05	9.98e-01	2.38e-03	0.00e+00	0.00e+00	0.00e+00	0.00e+00	4.23e-15	8.53e-15	1.07e-62
 6.87197e+14	1.17e-20	1.55e-14	2.22e-09	3.38e-05	9.98e-01	2.22e-03	0.00e+00	0.00e+00	0.00e+00	0.00e+00	5.14e-15	1.04e-14	2.18e-62
 7.12064e+14	1.54e-20	1.92e-14	2.55e-09	3.64e-05	9.98e-01	2.06e-03	0.00e+00	0.00e+00	0.00e+00	0.00e+00	6.35e-15	1.28e-14	4.69e-62
 7.40577e+14	2.04e-20	2.38e-14	2.99e-09	3.94e-05	9.98e-01	1.90e-03	0.00e+00	0.00e+00	0.00e+00	0.00e+00	7.89e-15	1.59e-14	1.02e-61
 7.67395e+14	2.69e-20	2.94e-14	3.45e-09	4.23e-05	9.98e-01	1.77e-03	0.00e+00	0.00e+00	0.00e+00	0.00e+00	9.73e-15	1.97e-14	2.19e-61
 7.91510e+14	3.35e-20	3.48e-14	3.91e-09	4.51e-05	9.98e-01	1.66e-03	0.00e+00	0.00e+00	0.00e+00	0.00e+00	1.15e-14	2.33e-14	4.01e-61
 8.14370e+14	4.17e-20	4.12e-14	4.38e-09	4.78e-05	9.98e-01	1.57e-03	0.00e+00	0.00e+00	0.00e+00	0.00e+00	1.36e-14	2.75e-14	7.38e-61
 8.39731e+14	5.19e-20	4.87e-14	4.95e-09	5.09e-05	9.98e-01	1.47e-03	0.00e+00	0.00e+00	0.00e+00	0.00e+00	1.61e-14	3.26e-14	1.35e-60
 8.67935e+14	6.68e-20	5.91e-14	5.65e-09	5.44e-05	9.99e-01	1.38e-03	0.00e+00	0.00e+00	0.00e+00	0.00e+00	1.96e-14	3.96e-14	2.72e-60
 8.94535e+14	8.26e-20	6.97e-14	6.38e-09	5.79e-05	9.99e-01	1.29e-03	0.00e+00	0.00e+00	0.00e+00	0.00e+00	2.30e-14	4.66e-14	4.88e-60
 9.23819e+14	1.05e-19	8.36e-14	7.25e-09	6.18e-05	9.99e-01	1.21e-03	0.00e+00	0.00e+00	0.00e+00	0.00e+00	2.77e-14	5.60e-14	9.44e-60
 9.56542e+14	1.36e-19	1.02e-13	8.33e-09	6.63e-05	9.99e-01	1.13e-03	0.00e+00	0.00e+00	0.00e+00	0.00e+00	3.38e-14	6.85e-14	1.96e-59
 9.87523e+14	1.71e-19	1.22e-13	9.47e-09	7.07e-05	9.99e-01	1.06e-03	0.00e+00	0.00e+00	0.00e+00	0.00e+00	4.04e-14	8.19e-14	3.72e-59
 1.02159e+15	2.17e-19	1.47e-13	1.08e-08	7.58e-05	9.99e-01	9.85e-04	0.00e+00	0.00e+00	0.00e+00	0.00e+00	4.86e-14	9.84e-14	7.17e-59
 1.05910e+15	2.85e-19	1.81e-13	1.25e-08	8.15e-05	9.99e-01	9.15e-04	0.00e+00	0.00e+00	0.00e+00	0.00e+00	6.00e-14	1.21e-13	1.54e-58
 1.09371e+15	3.55e-19	2.15e-13	1.43e-08	8.71e-05	9.99e-01	8.56e-04	0.00e+00	0.00e+00	0.00e+00	0.00e+00	7.11e-14	1.44e-13	2.83e-58
 1.13132e+15	4.59e-19	2.62e-13	1.63e-08	9.32e-05	9.99e-01	7.99e-04	0.00e+00	0.00e+00	0.00e+00	0.00e+00	8.67e-14	1.76e-13	5.82e-58
 1.17334e+15	5.92e-19	3.20e-13	1.89e-08	1.01e-04	9.99e-01	7.41e-04	0.00e+00	0.00e+00	0.00e+00	0.00e+00	1.06e-13	2.14e-13	1.17e-57
 1.21267e+15	7.52e-19	3.84e-13	2.16e-08	1.07e-04	9.99e-01	6.92e-04	0.00e+00	0.00e+00	0.00e+00	0.00e+00	1.27e-13	2.57e-13	2.29e-57
 1.25535e+15	9.67e-19	4.68e-13	2.48e-08	1.15e-04	9.99e-01	6.45e-04	0.00e+00	0.00e+00	0.00e+00	0.00e+00	1.54e-13	3.14e-13	4.66e-57
 1.30299e+15	1.25e-18	5.71e-13	2.88e-08	1.24e-04	9.99e-01	5.96e-04	0.00e+00	0.00e+00	0.00e+00	0.00e+00	1.88e-13	3.83e-13	9.48e-57
 1.34760e+15	1.60e-18	6.94e-13	3.29e-08	1.33e-04	9.99e-01	5.56e-04	0.00e+00	0.00e+00	0.00e+00	0.00e+00	2.29e-13	4.65e-13	1.91e-56
 1.39608e+15	2.03e-18	8.36e-13	3.79e-08	1.43e-04	9.99e-01	5.17e-04	0.00e+00	0.00e+00	0.00e+00	0.00e+00	2.76e-13	5.60e-13	3.72e-56
 1.45016e+15	2.68e-18	1.04e-12	4.42e-08	1.55e-04	9.99e-01	4.77e-04	0.00e+00	0.00e+00	0.00e+00	0.00e+00	3.43e-13	6.97e-13	8.16e-56
 1.50136e+15	3.38e-18	1.25e-12	5.08e-08	1.67e-04	9.99e-01	4.43e-04	0.00e+00	0.00e+00	0.00e+00	0.00e+00	4.10e-13	8.35e-13	1.55e-55
 1.55639e+15	4.38e-18	1.52e-12	5.87e-08	1.80e-04	9.99e-01	4.11e-04	0.00e+00	0.00e+00	0.00e+00	0.00e+00	5.02e-13	1.02e-12	3.21e-55
 1.61867e+15	5.68e-18	1.88e-12	6.88e-08	1.95e-04	9.99e-01	3.78e-04	0.00e+00	0.00e+00	0.00e+00	0.00e+00	6.18e-13	1.26e-12	6.71e-55
 1.67965e+15	7.41e-18	2.31e-12	7.98e-08	2.10e-04	9.99e-01	3.50e-04	0.00e+00	0.00e+00	0.00e+00	0.00e+00	7.60e-13	1.55e-12	1.42e-54
 1.74307e+15	9.45e-18	2.81e-12	9.27e-08	2.28e-04	9.99e-01	3.23e-04	0.00e+00	0.00e+00	0.00e+00	0.00e+00	9.23e-13	1.88e-12	2.82e-54
 1.81282e+15	1.25e-17	3.49e-12	1.09e-07	2.47e-04	9.99e-01	2.97e-04	0.00e+00	0.00e+00	0.00e+00	0.00e+00	1.15e-12	2.34e-12	6.18e-54
 1.88144e+15	1.60e-17	4.25e-12	1.26e-07	2.68e-04	9.99e-01	2.74e-04	0.00e+00	0.00e+00	0.00e+00	0.00e+00	1.40e-12	2.86e-12	1.25e-53
 1.93789e+15	1.95e-17	4.98e-12	1.42e-07	2.85e-04	9.99e-01	2.57e-04	0.00e+00	0.00e+00	0.00e+00	0.00e+00	1.64e-12	3.34e-12	2.20e-53
 1.98308e+15	2.27e-17	5.64e-12	1.56e-07	2.99e-04	9.99e-01	2.45e-04	0.00e+00	0.00e+00	0.00e+00	0.00e+00	1.85e-12	3.78e-12	3.42e-53
 2.03322e+15	2.68e-17	6.44e-12	1.73e-07	3.16e-04	9.99e-01	2.32e-04	0.00e+00	0.00e+00	0.00e+00	0.00e+00	2.12e-12	4.33e-12	5.51e-53
 2.09839e+15	3.29e-17	7.59e-12	1.96e-07	3.38e-04	9.99e-01	2.16e-04	0.00e+00	0.00e+00	0.00e+00	0.00e+00	2.49e-12	5.10e-12	9.88e-53
 2.16817e+15	4.07e-17	9.03e-12	2.24e-07	3.63e-04	9.99e-01	2.01e-04	0.00e+00	0.00e+00	0.00e+00	0.00e+00	2.97e-12	6.06e-12	1.83e-52
 2.23002e+15	4.93e-17	1.05e-11	2.51e-07	3.86e-04	9.99e-01	1.89e-04	0.00e+00	4.12e-18	1.24e-17	2.07e-17	3.45e-12	7.07e-12	3.18e-52
 2.29652e+15	5.94e-17	1.23e-11	2.83e-07	4.11e-04	9.99e-01	1.77e-04	0.00e+00	4.96e-18	1.49e-17	2.49e-17	4.03e-12	8.25e-12	5.52e-52
 2.38080e+15	7.51e-17	1.48e-11	3.28e-07	4.45e-04	9.99e-01	1.64e-04	0.00e+00	6.28e-18	1.89e-17	3.15e-17	4.86e-12	9.95e-12	1.08e-51
 2.46631e+15	9.46e-17	1.79e-11	3.79e-07	4.82e-04	9.99e-01	1.51e-04	0.00e+00	7.92e-18	2.38e-17	3.97e-17	5.87e-12	1.20e-11	2.13e-51
 2.53885e+15	1.14e-16	2.08e-11	4.26e-07	5.13e-04	9.99e-01	1.42e-04	0.00e+00	9.52e-18	2.86e-17	4.77e-17	6.82e-12	1.40e-11	3.64e-51
 2.61644e+15	1.38e-16	2.44e-11	4.81e-07	5.48e-04	9.99e-01	1.32e-04	0.00e+00	1.16e-17	3.48e-17	5.82e-17	8.00e-12	1.64e-11	6.52e-51
 2.71352e+15	1.74e-16	2.95e-11	5.58e-07	5.95e-04	9.99e-01	1.22e-04	0.00e+00	1.46e-17	4.39e-17	7.34e-17	9.67e-12	1.98e-11	1.29e-50
 2.81317e+15	2.19e-16	3.56e-11	6.47e-07	6.45e-04	9.99e-01	1.12e-04	0.00e+00	1.84e-17	5.53e-17	9.24e-17	1.17e-11	2.39e-11	2.57e-50
 2.90073e+15	2.66e-16	4.18e-11	7.32e-07	6.91e-04	9.99e-01	1.05e-04	0.00e+00	2.24e-17	6.72e-17	1.12e-16	1.37e-11	2.81e-11	4.61e-50
 2.99531e+15	3.22e-16	4.91e-11	8.33e-07	7.42e-04	9.99e-01	9.76e-05	0.00e+00	2.71e-17	8.14e-17	1.36e-16	1.61e-11	3.30e-11	8.35e-50
 3.10976e+15	4.11e-16	5.98e-11	9.71e-07	8.08e-04	9.99e-01	8.95e-05	0.00e+00	3.46e-17	1.04e-16	1.74e-16	1.96e-11	4.02e-11	1.73e-49
 3.22333e+15	5.14e-16	7.22e-11	1.12e-06	8.76e-04	9.99e-01	8.25e-05	0.00e+00	4.34e-17	1.30e-16	2.18e-16	2.37e-11	4.85e-11	3.46e-49
 3.32408e+15	6.17e-16	8.44e-11	1.27e-06	9.38e-04	9.99e-01	7.70e-05	0.00e+00	5.21e-17	1.57e-16	2.61e-16	2.77e-11	5.67e-11	6.17e-49
 3.43484e+15	7.65e-16	1.00e-10	1.45e-06	1.01e-03	9.99e-01	7.13e-05	0.00e+00	6.47e-17	1.94e-16	3.24e-16	3.29e-11	6.74e-11	1.18e-48
 3.56740e+15	9.66e-16	1.22e-10	1.69e-06	1.10e-03	9.99e-01	6.54e-05	0.00e+00	8.18e-17	2.46e-16	4.10e-16	4.00e-11	8.20e-11	2.46e-48
 3.69945e+15	1.21e-15	1.47e-10	1.96e-06	1.20e-03	9.99e-01	6.02e-05	0.00e+00	1.03e-16	3.08e-16	5.15e-16	4.84e-11	9.90e-11	5.03e-48
 3.82001e+15	1.46e-15	1.73e-10	2.23e-06	1.28e-03	9.99e-01	5.60e-05	0.00e+00	1.24e-16	3.71e-16	6.19e-16	5.68e-11	1.16e-10	9.21e-48
 3.95450e+15	1.84e-15	2.09e-10	2.56e-06	1.39e-03	9.99e-01	5.16e-05	0.00e+00	1.56e-16	4.69e-16	7.83e-16	6.86e-11	1.40e-10	1.89e-47
 4.11114e+15	2.33e-15	2.56e-10	2.99e-06	1.52e-03	9.98e-01	4.73e-05	0.00e+00	1.98e-16	5.95e-16	9.94e-16	8.39e-11	1.72e-10	4.12e-47
 4.26540e+15	2.93e-15	3.10e-10	3.47e-06	1.65e-03	9.98e-01	4.34e-05	0.00e+00	2.50e-16	7.50e-16	1.25e-15	1.02e-10	2.08e-10	8.75e-47
 4.41194e+15	3.61e-15	3.70e-10	3.97e-06	1.78e-03	9.98e-01	4.02e-05	0.00e+00	3.08e-16	9.25e-16	1.54e-15	1.21e-10	2.48e-10	1.74e-46
 4.53998e+15	4.32e-15	4.30e-10	4.46e-06	1.90e-03	9.98e-01	3.77e-05	0.00e+00	3.69e-16	1.11e-15	1.85e-15	1.41e-10	2.89e-10	3.15e-46
 4.64610e+15	5.00e-15	4.86e-10	4.89e-06	2.00e-03	9.98e-01	3.57e-05	0.00e+00	4.27e-16	1.28e-15	2.14e-15	1.60e-10	3.26e-10	5.10e-46
 4.76336e+15	5.85e-15	5.54e-10	5.40e-06	2.12e-03	9.98e-01	3.37e-05	0.00e+00	5.00e-16	1.50e-15	2.51e-15	1.82e-10	3.72e-10	8.57e-46
 4.91578e+15	7.06e-15	6.53e-10	6.13e-06	2.27e-03	9.98e-01	3.14e-05	0.00e+00	6.05e-16	1.82e-15	3.03e-15	2.15e-10	4.38e-10	1.64e-45
 5.07564e+15	8.50e-15	7.68e-10	6.96e-06	2.44e-03	9.98e-01	2.92e-05	0.00e+00	7.29e-16	2.19e-15	3.65e-15	2.52e-10	5.15e-10	3.10e-45
 5.21289e+15	1.02e-14	8.94e-10	7.75e-06	2.60e-03	9.97e-01	2.75e-05	0.00e+00	8.77e-16	2.63e-15	4.40e-15	2.94e-10	6.00e-10	5.69e-45
 5.35907e+15	1.22e-14	1.04e-09	8.66e-06	2.76e-03	9.97e-01	2.58e-05	0.00e+00	1.05e-15	3.14e-15	5.24e-15	3.41e-10	6.96e-10	1.02e-44
 5.54911e+15	1.52e-14	1.25e-09	9.95e-06	2.99e-03	9.97e-01	2.38e-05	0.00e+00	1.31e-15	3.92e-15	6.54e-15	4.12e-10	8.39e-10	2.16e-44
 5.74426e+15	1.84e-14	1.49e-09	1.14e-05	3.23e-03	9.97e-01	2.21e-05	0.00e+00	1.59e-15	4.77e-15	7.96e-15	4.90e-10	9.98e-10	4.24e-44
 5.90749e+15	2.20e-14	1.73e-09	1.28e-05	3.44e-03	9.97e-01	2.07e-05	0.00e+00	1.90e-15	5.70e-15	9.51e-15	5.71e-10	1.16e-09	7.79e-44
 6.08112e+15	2.64e-14	2.03e-09	1.43e-05	3.67e-03	9.96e-01	1.94e-05	0.00e+00	2.28e-15	6.83e-15	1.14e-14	6.67e-10	1.36e-09	1.44e-43
 6.30287e+15	3.37e-14	2.49e-09	1.65e-05	3.98e-03	9.96e-01	1.79e-05	0.00e+00	2.91e-15	8.73e-15	1.46e-14	8.20e-10	1.67e-09	3.28e-43
 6.53432e+15	4.20e-14	3.03e-09	1.91e-05	4.31e-03	9.96e-01	1.65e-05	0.00e+00	3.64e-15	1.09e-14	1.82e-14	9.98e-10	2.03e-09	6.98e-43
 6.73869e+15	5.03e-14	3.55e-09	2.16e-05	4.62e-03	9.95e-01	1.55e-05	0.00e+00	4.36e-15	1.31e-14	2.18e-14	1.17e-09	2.38e-09	1.32e-42
 6.96067e+15	6.15e-14	4.23e-09	2.46e-05	4.96e-03	9.95e-01	1.44e-05	0.00e+00	5.33e-15	1.60e-14	2.67e-14	1.40e-09	2.84e-09	2.61e-42
 7.22787e+15	7.96e-14	5.29e-09	2.86e-05	5.41e-03	9.95e-01	1.33e-05	0.00e+00	6.91e-15	2.07e-14	3.46e-14	1.74e-09	3.54e-09	6.02e-42
 7.49373e+15	9.95e-14	6.44e-09	3.31e-05	5.85e-03	9.94e-01	1.23e-05	0.00e+00	8.65e-15	2.60e-14	4.33e-14	2.13e-09	4.32e-09	1.27e-41
 7.73286e+15	1.20e-13	7.59e-09	3.75e-05	6.27e-03	9.94e-01	1.15e-05	0.00e+00	1.04e-14	3.13e-14	5.23e-14	2.50e-09	5.08e-09	2.35e-41
 7.99739e+15	1.48e-13	9.14e-09	4.29e-05	6.76e-03	9.93e-01	1.07e-05	0.00e+00	1.29e-14	3.87e-14	6.46e-14	3.02e-09	6.12e-09	4.78e-41
 8.30986e+15	1.93e-13	1.15e-08	5.01e-05	7.38e-03	9.93e-01	9.86e-06	0.00e+00	1.69e-14	5.06e-14	8.44e-14	3.80e-09	7.71e-09	1.17e-40
 8.61816e+15	2.44e-13	1.42e-08	5.80e-05	7.99e-03	9.92e-01	9.17e-06	0.00e+00	2.13e-14	6.40e-14	1.07e-13	4.68e-09	9.49e-09	2.54e-40
 8.90371e+15	3.01e-13	1.70e-08	6.61e-05	8.59e-03	9.91e-01	8.58e-06	0.00e+00	2.63e-14	7.89e-14	1.32e-13	5.63e-09	1.14e-08	5.08e-40
 9.22481e+15	3.76e-13	2.08e-08	7.63e-05	9.29e-03	9.91e-01	8.00e-06	0.00e+00	3.29e-14	9.88e-14	1.65e-13	6.86e-09	1.39e-08	1.06e-39
 9.59384e+15	4.88e-13	2.61e-08	8.95e-05	1.01e-02	9.90e-01	7.41e-06	0.00e+00	4.28e-14	1.28e-13	2.14e-13	8.63e-09	1.75e-08	2.49e-39
 9.95435e+15	6.15e-13	3.21e-08	1.04e-04	1.10e-02	9.89e-01	6.91e-06	0.00e+00	5.40e-14	1.62e-13	2.70e-13	1.06e-08	2.15e-08	5.14e-39
 1.02450e+16	7.44e-13	3.81e-08	1.17e-04	1.17e-02	9.88e-01	6.55e-06	0.00e+00	6.54e-14	1.96e-13	3.27e-13	1.26e-08	2.55e-08	9.49e-39
 1.04716e+16	8.59e-13	4.32e-08	1.28e-04	1.23e-02	9.88e-01	6.30e-06	0.00e+00	7.55e-14	2.27e-13	3.78e-13	1.43e-08	2.89e-08	1.49e-38
 1.07206e+16	1.00e-12	4.95e-08	1.40e-04	1.30e-02	9.87e-01	6.04e-06	0.00e+00	8.82e-14	2.65e-13	4.41e-13	1.64e-08	3.31e-08	2.44e-38
 1.10443e+16	1.20e-12	5.80e-08	1.59e-04	1.38e-02	9.86e-01	5.72e-06	0.00e+00	1.06e-13	3.18e-13	5.30e-13	1.92e-08	3.88e-08	4.26e-38
 1.13948e+16	1.50e-12	7.07e-08	1.80e-04	1.48e-02	9.85e-01	5.43e-06	0.00e+00	1.32e-13	3.96e-13	6.60e-13	2.34e-08	4.73e-08	8.73e-38
 1.17078e+16	1.79e-12	8.29e-08	2.02e-04	1.58e-02	9.84e-01	5.19e-06	0.00e+00	1.58e-13	4.74e-13	7.90e-13	2.75e-08	5.55e-08	1.49e-37
 1.20422e+16	2.16e-12	9.76e-08	2.27e-04	1.68e-02	9.83e-01	4.96e-06	0.00e+00	1.90e-13	5.71e-13	9.53e-13	3.23e-08	6.53e-08	2.64e-37
 1.24759e+16	2.77e-12	1.21e-07	2.63e-04	1.82e-02	9.82e-01	4.69e-06	0.00e+00	2.44e-13	7.33e-13	1.22e-12	4.01e-08	8.10e-08	5.63e-37
 1.29155e+16	3.42e-12	1.46e-07	3.03e-04	1.96e-02	9.80e-01	4.45e-06	0.00e+00	3.03e-13	9.08e-13	1.52e-12	4.83e-08	9.75e-08	1.04e-36
 1.32750e+16	4.11e-12	1.72e-07	3.40e-04	2.08e-02	9.79e-01	4.28e-06	0.00e+00	3.64e-13	1.09e-12	1.82e-12	5.71e-08	1.15e-07	1.81e-36
 1.36533e+16	5.05e-12	2.07e-07	3.83e-04	2.22e-02	9.77e-01	4.11e-06	0.00e+00	4.48e-13	1.34e-12	2.24e-12	6.85e-08	1.38e-07	3.38e-36
 1.41444e+16	6.50e-12	2.58e-07	4.46e-04	2.41e-02	9.75e-01	3.92e-06	0.00e+00	5.77e-13	1.73e-12	2.89e-12	8.54e-08	1.72e-07	7.13e-36
 1.46475e+16	8.23e-12	3.18e-07	5.17e-04	2.61e-02	9.73e-01	3.75e-06	0.00e+00	7.31e-13	2.19e-12	3.66e-12	1.05e-07	2.13e-07	1.40e-35
 1.50707e+16	1.00e-11	3.79e-07	5.85e-04	2.78e-02	9.72e-01	3.63e-06	0.00e+00	8.91e-13	2.67e-12	4.46e-12	1.26e-07	2.53e-07	2.44e-35
 1.55248e+16	1.24e-11	4.56e-07	6.66e-04	2.98e-02	9.70e-01	3.51e-06	0.00e+00	1.11e-12	3.32e-12	5.53e-12	1.51e-07	3.05e-07	4.41e-35
 1.60373e+16	1.55e-11	5.47e-07	7.67e-04	3.21e-02	9.67e-01	3.38e-06	0.00e+00	1.38e-12	4.14e-12	6.91e-12	1.81e-07	3.66e-07	7.77e-35
 1.65288e+16	1.95e-11	6.74e-07	8.78e-04	3.45e-02	9.65e-01	3.28e-06	0.00e+00	1.73e-12	5.20e-12	8.67e-12	2.24e-07	4.51e-07	1.52e-34
 1.69958e+16	2.39e-11	8.05e-07	9.94e-04	3.68e-02	9.62e-01	3.19e-06	0.00e+00	2.13e-12	6.38e-12	1.06e-11	2.67e-07	5.38e-07	2.64e-34
 1.75279e+16	2.98e-11	9.62e-07	1.14e-03	3.96e-02	9.59e-01	3.10e-06	0.00e+00	2.65e-12	7.96e-12	1.33e-11	3.19e-07	6.43e-07	4.45e-34
 1.81194e+16	3.83e-11	1.22e-06	1.33e-03	4.30e-02	9.56e-01	3.01e-06	0.00e+00	3.42e-12	1.03e-11	1.71e-11	4.04e-07	8.13e-07	9.23e-34
 1.86460e+16	4.74e-11	1.46e-06	1.52e-03	4.60e-02	9.52e-01	2.94e-06	0.00e+00	4.24e-12	1.27e-11	2.12e-11	4.84e-07	9.74e-07	1.57e-33
 1.91145e+16	5.73e-11	1.70e-06	1.71e-03	4.89e-02	9.49e-01	2.89e-06	0.00e+00	5.12e-12	1.54e-11	2.56e-11	5.64e-07	1.14e-06	2.43e-33
 1.96494e+16	7.09e-11	2.04e-06	1.96e-03	5.25e-02	9.46e-01	2.82e-06	0.00e+00	6.34e-12	1.90e-11	3.17e-11	6.78e-07	1.36e-06	4.16e-33
 2.02489e+16	9.14e-11	2.56e-06	2.27e-03	5.69e-02	9.41e-01	2.78e-06	0.00e+00	8.19e-12	2.46e-11	4.10e-11	8.52e-07	1.71e-06	8.40e-33
 2.08056e+16	1.13e-10	3.07e-06	2.60e-03	6.10e-02	9.36e-01	2.73e-06	0.00e+00	1.01e-11	3.04e-11	5.07e-11	1.02e-06	2.05e-06	1.37e-32
 2.12888e+16	1.36e-10	3.57e-06	2.92e-03	6.48e-02	9.32e-01	2.69e-06	0.00e+00	1.22e-11	3.67e-11	6.12e-11	1.18e-06	2.38e-06	2.07e-32
 2.18033e+16	1.67e-10	4.24e-06	3.31e-03	6.92e-02	9.27e-01	2.65e-06	0.00e+00	1.49e-11	4.48e-11	7.47e-11	1.41e-06	2.83e-06	3.34e-32
 2.23596e+16	2.10e-10	5.21e-06	3.79e-03	7.45e-02	9.22e-01	2.63e-06	0.00e+00	1.89e-11	5.66e-11	9.44e-11	1.73e-06	3.48e-06	6.21e-32
 2.28355e+16	2.51e-10	6.08e-06	4.25e-03	7.90e-02	9.17e-01	2.61e-06	0.00e+00	2.25e-11	6.76e-11	1.13e-10	2.02e-06	4.06e-06	9.32e-32
 2.33195e+16	3.06e-10	7.14e-06	4.79e-03	8.41e-02	9.11e-01	2.59e-06	0.00e+00	2.75e-11	8.26e-11	1.38e-10	2.37e-06	4.77e-06	1.45e-31
 2.39488e+16	3.99e-10	8.94e-06	5.62e-03	9.14e-02	9.03e-01	2.57e-06	0.00e+00	3.59e-11	1.08e-10	1.80e-10	2.97e-06	5.97e-06	2.77e-31
 2.45692e+16	5.03e-10	1.07e-05	6.52e-03	9.87e-02	8.95e-01	2.54e-06	0.00e+00	4.53e-11	1.36e-10	2.27e-10	3.55e-06	7.13e-06	4.25e-31
 2.50465e+16	6.15e-10	1.29e-05	7.36e-03	1.05e-01	8.87e-01	2.54e-06	0.00e+00	5.54e-11	1.66e-10	2.77e-10	4.28e-06	8.60e-06	7.30e-31
 2.54693e+16	7.29e-10	1.49e-05	8.20e-03	1.11e-01	8.80e-01	2.54e-06	0.00e+00	6.57e-11	1.97e-10	3.29e-10	4.95e-06	9.94e-06	1.07e-30
