#depth	N	N+	N+2	N+3	N+4	N+5	N+6	N+7
 1.49634e+10	0.00e+00	0.00e+00	7.41e-31	2.03e-20	6.41e-11	6.39e-01	3.61e-01	8.95e-05
 4.54887e+10	0.00e+00	8.93e-42	9.63e-31	2.44e-20	7.13e-11	6.57e-01	3.43e-01	7.87e-05
 7.72350e+10	0.00e+00	0.00e+00	1.25e-30	2.94e-20	7.92e-11	6.75e-01	3.25e-01	6.90e-05
 1.10251e+11	0.00e+00	1.76e-41	1.63e-30	3.53e-20	8.79e-11	6.92e-01	3.08e-01	6.04e-05
 1.44588e+11	0.00e+00	0.00e+00	2.11e-30	4.23e-20	9.74e-11	7.09e-01	2.91e-01	5.28e-05
 1.80298e+11	0.00e+00	3.47e-41	2.73e-30	5.06e-20	1.08e-10	7.25e-01	2.75e-01	4.61e-05
 2.17437e+11	0.00e+00	0.00e+00	3.53e-30	6.05e-20	1.19e-10	7.41e-01	2.59e-01	4.01e-05
 2.52112e+11	0.00e+00	6.55e-41	4.45e-30	7.10e-20	1.30e-10	7.54e-01	2.46e-01	3.54e-05
 2.82695e+11	0.00e+00	0.00e+00	5.41e-30	8.13e-20	1.40e-10	7.66e-01	2.34e-01	3.18e-05
 3.16827e+11	0.00e+00	1.12e-40	6.69e-30	9.41e-20	1.52e-10	7.77e-01	2.23e-01	2.83e-05
 3.57806e+11	0.00e+00	0.00e+00	8.54e-30	1.11e-19	1.67e-10	7.90e-01	2.10e-01	2.47e-05
 3.98909e+11	0.00e+00	2.09e-40	1.08e-29	1.31e-19	1.82e-10	8.03e-01	1.97e-01	2.16e-05
 4.36617e+11	0.00e+00	0.00e+00	1.33e-29	1.51e-19	1.97e-10	8.13e-01	1.87e-01	1.92e-05
 4.78689e+11	0.00e+00	3.69e-40	1.66e-29	1.76e-19	2.14e-10	8.24e-01	1.76e-01	1.69e-05
 5.27481e+11	0.00e+00	0.00e+00	2.13e-29	2.09e-19	2.35e-10	8.35e-01	1.65e-01	1.46e-05
 5.75186e+11	0.00e+00	6.96e-40	2.69e-29	2.45e-19	2.56e-10	8.45e-01	1.55e-01	1.27e-05
 6.20290e+11	0.00e+00	0.00e+00	3.33e-29	2.83e-19	2.77e-10	8.54e-01	1.46e-01	1.12e-05
 6.70519e+11	0.00e+00	1.24e-39	4.18e-29	3.31e-19	3.01e-10	8.63e-01	1.37e-01	9.78e-06
 7.27266e+11	0.00e+00	0.00e+00	5.36e-29	3.92e-19	3.29e-10	8.72e-01	1.28e-01	8.42e-06
 7.84127e+11	0.00e+00	2.36e-39	6.80e-29	4.61e-19	3.59e-10	8.81e-01	1.19e-01	7.29e-06
 8.43261e+11	0.00e+00	0.00e+00	8.63e-29	5.41e-19	3.90e-10	8.89e-01	1.11e-01	6.29e-06
 9.06919e+11	0.00e+00	4.47e-39	1.10e-28	6.40e-19	4.26e-10	8.97e-01	1.03e-01	5.41e-06
 9.73122e+11	0.00e+00	0.00e+00	1.41e-28	7.56e-19	4.65e-10	9.04e-01	9.59e-02	4.64e-06
 1.04197e+12	0.00e+00	8.55e-39	1.80e-28	8.92e-19	5.07e-10	9.11e-01	8.91e-02	3.98e-06
 1.11358e+12	0.00e+00	0.00e+00	2.30e-28	1.05e-18	5.53e-10	9.17e-01	8.26e-02	3.41e-06
 1.18805e+12	0.00e+00	1.63e-38	2.94e-28	1.24e-18	6.03e-10	9.23e-01	7.66e-02	2.92e-06
 1.26550e+12	0.00e+00	0.00e+00	3.75e-28	1.46e-18	6.57e-10	9.29e-01	7.10e-02	2.50e-06
 1.34604e+12	0.00e+00	3.12e-38	4.79e-28	1.73e-18	7.15e-10	9.34e-01	6.57e-02	2.14e-06
 1.42981e+12	0.00e+00	0.00e+00	6.11e-28	2.04e-18	7.79e-10	9.39e-01	6.08e-02	1.83e-06
 1.51693e+12	0.00e+00	5.95e-38	7.80e-28	2.40e-18	8.47e-10	9.44e-01	5.63e-02	1.56e-06
 1.60754e+12	0.00e+00	0.00e+00	9.96e-28	2.83e-18	9.22e-10	9.48e-01	5.18e-02	1.32e-06
 1.70177e+12	0.00e+00	1.14e-37	1.27e-27	3.33e-18	1.00e-09	9.52e-01	4.79e-02	1.13e-06
 1.79319e+12	0.00e+00	0.00e+00	1.59e-27	3.88e-18	1.08e-09	9.56e-01	4.45e-02	9.73e-07
 1.87728e+12	0.00e+00	2.01e-37	1.95e-27	4.44e-18	1.16e-09	9.58e-01	4.16e-02	0.00e+00
 1.97092e+12	0.00e+00	0.00e+00	2.43e-27	5.14e-18	1.25e-09	9.61e-01	3.88e-02	0.00e+00
 2.07928e+12	0.00e+00	3.70e-37	3.09e-27	6.06e-18	1.36e-09	9.64e-01	3.58e-02	0.00e+00
 2.18626e+12	0.00e+00	0.00e+00	3.90e-27	7.07e-18	1.47e-09	9.67e-01	3.32e-02	0.00e+00
 2.29752e+12	0.00e+00	6.84e-37	4.91e-27	8.26e-18	1.59e-09	9.69e-01	3.07e-02	0.00e+00
 2.41935e+12	0.00e+00	0.00e+00	6.27e-27	9.73e-18	1.73e-09	9.72e-01	2.83e-02	0.00e+00
 2.54275e+12	0.00e+00	1.30e-36	7.96e-27	1.14e-17	1.88e-09	9.74e-01	2.62e-02	0.00e+00
 2.67110e+12	3.61e-47	1.78e-36	1.01e-26	1.34e-17	2.04e-09	9.76e-01	2.42e-02	0.00e+00
 2.80787e+12	0.00e+00	0.00e+00	1.29e-26	1.58e-17	2.22e-09	9.78e-01	2.23e-02	0.00e+00
 2.95011e+12	0.00e+00	3.41e-36	1.65e-26	1.86e-17	2.41e-09	9.79e-01	2.05e-02	0.00e+00
 3.09804e+12	1.22e-46	4.73e-36	2.11e-26	2.19e-17	2.62e-09	9.81e-01	1.89e-02	0.00e+00
 3.25189e+12	0.00e+00	0.00e+00	2.70e-26	2.59e-17	2.85e-09	9.83e-01	1.74e-02	0.00e+00
 3.41189e+12	0.00e+00	9.10e-36	3.45e-26	3.05e-17	3.09e-09	9.84e-01	1.60e-02	0.00e+00
 3.57829e+12	4.16e-46	1.26e-35	4.42e-26	3.60e-17	3.36e-09	9.85e-01	1.47e-02	0.00e+00
 3.75135e+12	0.00e+00	0.00e+00	5.66e-26	4.25e-17	3.66e-09	9.86e-01	1.36e-02	0.00e+00
 3.91423e+12	0.00e+00	2.37e-35	7.09e-26	4.94e-17	3.95e-09	9.87e-01	1.26e-02	0.00e+00
 4.06015e+12	1.26e-45	3.07e-35	8.62e-26	5.63e-17	4.22e-09	9.88e-01	1.18e-02	0.00e+00
 4.22405e+12	0.00e+00	0.00e+00	1.07e-25	6.50e-17	4.54e-09	9.89e-01	1.09e-02	0.00e+00
 4.41799e+12	0.00e+00	5.62e-35	1.36e-25	7.65e-17	4.93e-09	9.90e-01	1.01e-02	0.00e+00
 4.61276e+12	3.97e-45	7.69e-35	1.73e-25	8.97e-17	5.34e-09	9.91e-01	9.30e-03	0.00e+00
 4.79591e+12	0.00e+00	0.00e+00	2.14e-25	1.04e-16	5.74e-09	9.91e-01	8.65e-03	0.00e+00
 4.99827e+12	0.00e+00	1.39e-34	2.69e-25	1.21e-16	6.21e-09	9.92e-01	8.00e-03	0.00e+00
 5.22812e+12	1.26e-44	1.94e-34	3.47e-25	1.43e-16	6.76e-09	9.93e-01	7.34e-03	0.00e+00
 5.45800e+12	0.00e+00	2.68e-34	4.43e-25	1.69e-16	7.35e-09	9.93e-01	6.76e-03	0.00e+00
 5.69707e+12	2.82e-44	3.70e-34	5.66e-25	1.99e-16	7.99e-09	9.94e-01	6.22e-03	0.00e+00
 5.95488e+12	0.00e+00	5.19e-34	7.30e-25	2.36e-16	8.71e-09	9.94e-01	5.70e-03	0.00e+00
 6.19654e+12	6.27e-44	7.04e-34	9.19e-25	2.76e-16	9.42e-09	9.95e-01	5.27e-03	0.00e+00
 6.41212e+12	0.00e+00	9.17e-34	1.12e-24	3.15e-16	1.01e-08	9.95e-01	4.92e-03	0.00e+00
 6.65444e+12	1.25e-43	1.22e-33	1.40e-24	3.65e-16	1.09e-08	9.95e-01	4.57e-03	0.00e+00
 6.94220e+12	0.00e+00	1.70e-33	1.80e-24	4.33e-16	1.18e-08	9.96e-01	4.19e-03	0.00e+00
 7.23142e+12	2.82e-43	2.35e-33	2.29e-24	5.10e-16	1.29e-08	9.96e-01	3.86e-03	0.00e+00
 7.50201e+12	0.00e+00	3.15e-33	2.86e-24	5.92e-16	1.39e-08	9.96e-01	3.58e-03	0.00e+00
 7.80181e+12	5.97e-43	4.30e-33	3.62e-24	6.95e-16	1.51e-08	9.97e-01	3.30e-03	0.00e+00
 8.14381e+12	0.00e+00	6.06e-33	4.70e-24	8.29e-16	1.65e-08	9.97e-01	3.01e-03	0.00e+00
 8.47991e+12	1.37e-42	8.39e-33	6.03e-24	9.81e-16	1.80e-08	9.97e-01	2.77e-03	0.00e+00
 8.82946e+12	0.00e+00	1.16e-32	7.73e-24	1.16e-15	1.96e-08	9.97e-01	2.54e-03	0.00e+00
 9.21256e+12	3.16e-42	1.65e-32	1.01e-23	1.39e-15	2.14e-08	9.98e-01	2.32e-03	0.00e+00
 9.59688e+12	0.00e+00	2.30e-32	1.30e-23	1.65e-15	2.34e-08	9.98e-01	2.12e-03	0.00e+00
 9.99658e+12	7.26e-42	3.21e-32	1.68e-23	1.97e-15	2.56e-08	9.98e-01	1.94e-03	0.00e+00
 1.04264e+13	0.00e+00	4.55e-32	2.19e-23	2.36e-15	2.81e-08	9.98e-01	1.77e-03	0.00e+00
 1.08516e+13	1.68e-41	6.33e-32	2.82e-23	2.80e-15	3.08e-08	9.98e-01	1.62e-03	0.00e+00
 1.12938e+13	0.00e+00	8.82e-32	3.64e-23	3.34e-15	3.37e-08	9.99e-01	1.48e-03	0.00e+00
 1.17754e+13	3.89e-41	1.25e-31	4.75e-23	4.01e-15	3.70e-08	9.99e-01	1.34e-03	0.00e+00
 1.22764e+13	0.00e+00	1.77e-31	6.21e-23	4.83e-15	4.07e-08	9.99e-01	1.22e-03	0.00e+00
 1.27974e+13	9.17e-41	2.50e-31	8.12e-23	5.81e-15	4.48e-08	9.99e-01	1.11e-03	0.00e+00
 1.33392e+13	0.00e+00	3.53e-31	1.06e-22	6.99e-15	4.94e-08	9.99e-01	1.01e-03	0.00e+00
 1.39027e+13	2.15e-40	4.99e-31	1.39e-22	8.42e-15	5.44e-08	9.99e-01	9.16e-04	0.00e+00
 1.44127e+13	0.00e+00	6.74e-31	1.75e-22	9.91e-15	5.93e-08	9.99e-01	8.42e-04	0.00e+00
 1.48382e+13	4.18e-40	8.58e-31	2.12e-22	1.13e-14	6.35e-08	9.99e-01	7.86e-04	0.00e+00
 1.53046e+13	0.00e+00	1.11e-30	2.59e-22	1.30e-14	6.84e-08	9.99e-01	7.30e-04	0.00e+00
 1.58945e+13	8.41e-40	1.52e-30	3.30e-22	1.55e-14	7.49e-08	9.99e-01	6.67e-04	0.00e+00
 1.65097e+13	0.00e+00	2.08e-30	4.23e-22	1.84e-14	8.21e-08	9.99e-01	6.09e-04	0.00e+00
 1.70326e+13	1.69e-39	2.69e-30	5.17e-22	2.12e-14	8.85e-08	9.99e-01	5.65e-04	0.00e+00
 1.75711e+13	0.00e+00	3.46e-30	6.32e-22	2.44e-14	9.55e-08	9.99e-01	5.24e-04	0.00e+00
 1.82479e+13	3.34e-39	4.71e-30	8.05e-22	2.91e-14	1.05e-07	1.00e+00	4.78e-04	0.00e+00
 1.89352e+13	0.00e+00	6.36e-30	1.02e-21	3.44e-14	1.15e-07	1.00e+00	4.37e-04	0.00e+00
 1.95261e+13	6.48e-39	8.14e-30	1.24e-21	3.96e-14	1.24e-07	1.00e+00	4.06e-04	0.00e+00
 2.01612e+13	0.00e+00	1.05e-29	1.52e-21	4.58e-14	1.34e-07	1.00e+00	3.76e-04	0.00e+00
 2.09455e+13	1.27e-38	1.43e-29	1.94e-21	5.45e-14	1.47e-07	1.00e+00	3.42e-04	0.00e+00
 2.17489e+13	0.00e+00	1.92e-29	2.45e-21	6.47e-14	1.61e-07	1.00e+00	3.12e-04	0.00e+00
 2.24743e+13	2.49e-38	2.48e-29	3.01e-21	7.50e-14	1.74e-07	1.00e+00	2.88e-04	0.00e+00
 2.32731e+13	0.00e+00	3.26e-29	3.74e-21	8.78e-14	1.90e-07	1.00e+00	2.65e-04	0.00e+00
 2.42140e+13	4.99e-38	4.43e-29	4.78e-21	1.05e-13	2.09e-07	1.00e+00	2.41e-04	0.00e+00
 2.51551e+13	0.00e+00	5.93e-29	6.05e-21	1.25e-13	2.30e-07	1.00e+00	2.19e-04	0.00e+00
 2.60495e+13	9.76e-38	7.75e-29	7.49e-21	1.45e-13	2.50e-07	1.00e+00	2.02e-04	0.00e+00
 2.70370e+13	0.00e+00	1.03e-28	9.39e-21	1.72e-13	2.74e-07	1.00e+00	1.85e-04	0.00e+00
 2.81484e+13	1.97e-37	1.39e-28	1.20e-20	2.05e-13	3.02e-07	1.00e+00	1.68e-04	0.00e+00
 2.92598e+13	0.00e+00	1.86e-28	1.51e-20	2.43e-13	3.31e-07	1.00e+00	1.53e-04	0.00e+00
 3.02440e+13	3.74e-37	2.38e-28	1.84e-20	2.81e-13	3.59e-07	1.00e+00	1.41e-04	0.00e+00
 3.10700e+13	0.00e+00	2.90e-28	2.17e-20	3.16e-13	3.83e-07	1.00e+00	1.32e-04	0.00e+00
 3.19590e+13	6.11e-37	3.58e-28	2.56e-20	3.58e-13	4.09e-07	1.00e+00	1.24e-04	0.00e+00
 3.31148e+13	0.00e+00	4.65e-28	3.16e-20	4.17e-13	4.45e-07	1.00e+00	1.14e-04	0.00e+00
 3.43238e+13	1.14e-36	6.04e-28	3.91e-20	4.87e-13	4.85e-07	1.00e+00	1.05e-04	0.00e+00
 3.53549e+13	0.00e+00	7.50e-28	4.65e-20	5.54e-13	5.21e-07	1.00e+00	9.75e-05	0.00e+00
 3.64481e+13	1.93e-36	9.36e-28	5.56e-20	6.31e-13	5.59e-07	1.00e+00	9.08e-05	0.00e+00
 3.78224e+13	0.00e+00	1.22e-27	6.91e-20	7.40e-13	6.11e-07	1.00e+00	8.33e-05	0.00e+00
 3.92374e+13	3.66e-36	1.60e-27	8.56e-20	8.65e-13	6.66e-07	1.00e+00	7.64e-05	0.00e+00
 4.04851e+13	0.00e+00	2.00e-27	1.03e-19	9.89e-13	7.17e-07	1.00e+00	7.10e-05	0.00e+00
 4.18396e+13	6.37e-36	2.54e-27	1.24e-19	1.14e-12	7.74e-07	1.00e+00	6.58e-05	0.00e+00
 4.33344e+13	0.00e+00	3.26e-27	1.52e-19	1.32e-12	8.41e-07	1.00e+00	6.06e-05	0.00e+00
 4.47114e+13	1.13e-35	4.08e-27	1.82e-19	1.51e-12	9.04e-07	1.00e+00	5.64e-05	0.00e+00
 4.62013e+13	0.00e+00	5.16e-27	2.20e-19	1.73e-12	9.76e-07	1.00e+00	5.23e-05	0.00e+00
 4.78635e+13	2.02e-35	6.64e-27	2.70e-19	2.00e-12	1.06e-06	1.00e+00	4.82e-05	0.00e+00
 4.94211e+13	0.00e+00	8.36e-27	3.25e-19	2.29e-12	1.14e-06	1.00e+00	4.48e-05	0.00e+00
 5.11176e+13	3.54e-35	1.06e-26	3.95e-19	2.64e-12	1.23e-06	1.00e+00	4.15e-05	0.00e+00
 5.30028e+13	0.00e+00	1.38e-26	4.86e-19	3.07e-12	1.34e-06	1.00e+00	3.82e-05	0.00e+00
 5.47628e+13	6.39e-35	1.74e-26	5.86e-19	3.51e-12	1.44e-06	1.00e+00	3.54e-05	0.00e+00
 5.66803e+13	0.00e+00	2.22e-26	7.14e-19	4.05e-12	1.56e-06	1.00e+00	3.28e-05	0.00e+00
 5.88245e+13	1.18e-34	2.90e-26	8.83e-19	4.72e-12	1.70e-06	1.00e+00	3.01e-05	0.00e+00
 6.08474e+13	0.00e+00	3.69e-26	1.07e-18	5.43e-12	1.84e-06	1.00e+00	2.79e-05	0.00e+00
 6.30609e+13	2.15e-34	4.77e-26	1.32e-18	6.29e-12	1.99e-06	1.00e+00	2.58e-05	0.00e+00
 6.55403e+13	2.99e-34	6.28e-26	1.64e-18	7.37e-12	2.17e-06	1.00e+00	2.36e-05	0.00e+00
 6.78911e+13	4.05e-34	8.10e-26	2.01e-18	8.51e-12	2.35e-06	1.00e+00	2.18e-05	0.00e+00
 7.04087e+13	5.57e-34	1.05e-25	2.48e-18	9.88e-12	2.55e-06	1.00e+00	2.02e-05	0.00e+00
 7.32549e+13	7.84e-34	1.40e-25	3.11e-18	1.16e-11	2.78e-06	1.00e+00	1.85e-05	0.00e+00
 7.60760e+13	1.09e-33	1.84e-25	3.87e-18	1.35e-11	3.03e-06	1.00e+00	1.70e-05	0.00e+00
 7.90100e+13	1.52e-33	2.42e-25	4.81e-18	1.58e-11	3.29e-06	1.00e+00	1.56e-05	0.00e+00
 8.22003e+13	2.16e-33	3.23e-25	6.05e-18	1.85e-11	3.59e-06	1.00e+00	1.43e-05	0.00e+00
 8.55182e+13	3.08e-33	4.34e-25	7.61e-18	2.18e-11	3.91e-06	1.00e+00	1.32e-05	0.00e+00
 8.86639e+13	4.24e-33	5.65e-25	9.38e-18	2.52e-11	4.23e-06	1.00e+00	1.22e-05	0.00e+00
 9.14941e+13	5.62e-33	7.12e-25	1.13e-17	2.86e-11	4.53e-06	1.00e+00	1.14e-05	0.00e+00
 9.41459e+13	7.25e-33	8.78e-25	1.33e-17	3.21e-11	4.82e-06	1.00e+00	1.07e-05	0.00e+00
 9.70799e+13	9.56e-33	1.10e-24	1.59e-17	3.63e-11	5.15e-06	1.00e+00	1.00e-05	0.00e+00
 1.00369e+14	1.30e-32	1.42e-24	1.93e-17	4.15e-11	5.53e-06	1.00e+00	9.32e-06	0.00e+00
 1.03496e+14	1.71e-32	1.78e-24	2.31e-17	4.70e-11	5.90e-06	1.00e+00	8.73e-06	0.00e+00
 1.06938e+14	2.31e-32	2.27e-24	2.79e-17	5.36e-11	6.33e-06	1.00e+00	8.15e-06	0.00e+00
 1.10783e+14	3.19e-32	2.96e-24	3.43e-17	6.18e-11	6.82e-06	1.00e+00	7.56e-06	0.00e+00
 1.14340e+14	4.27e-32	3.75e-24	4.13e-17	7.02e-11	7.30e-06	1.00e+00	7.07e-06	0.00e+00
 1.17632e+14	5.55e-32	4.65e-24	4.87e-17	7.86e-11	7.75e-06	1.00e+00	6.66e-06	0.00e+00
 1.21394e+14	7.46e-32	5.92e-24	5.86e-17	8.92e-11	8.27e-06	1.00e+00	6.24e-06	0.00e+00
 1.26005e+14	1.06e-31	7.87e-24	7.30e-17	1.04e-10	8.94e-06	1.00e+00	5.78e-06	0.00e+00
 1.30614e+14	1.48e-31	1.03e-23	9.01e-17	1.20e-10	9.64e-06	1.00e+00	5.35e-06	0.00e+00
 1.34619e+14	1.97e-31	1.30e-23	1.08e-16	1.35e-10	1.03e-05	1.00e+00	5.03e-06	0.00e+00
 1.38948e+14	2.66e-31	1.66e-23	1.30e-16	1.53e-10	1.09e-05	1.00e+00	4.72e-06	0.00e+00
 1.44238e+14	3.81e-31	2.22e-23	1.62e-16	1.78e-10	1.18e-05	1.00e+00	4.37e-06	0.00e+00
 1.49624e+14	5.43e-31	2.96e-23	2.01e-16	2.06e-10	1.27e-05	1.00e+00	4.05e-06	0.00e+00
 1.54524e+14	7.39e-31	3.79e-23	2.44e-16	2.34e-10	1.36e-05	1.00e+00	3.80e-06	0.00e+00
 1.59941e+14	1.03e-30	4.97e-23	2.99e-16	2.69e-10	1.46e-05	1.00e+00	3.54e-06	0.00e+00
 1.66278e+14	1.51e-30	6.75e-23	3.76e-16	3.14e-10	1.58e-05	1.00e+00	3.27e-06	0.00e+00
 1.72541e+14	2.17e-30	9.01e-23	4.69e-16	3.63e-10	1.70e-05	1.00e+00	3.04e-06	0.00e+00
 1.78446e+14	3.01e-30	1.17e-22	5.73e-16	4.16e-10	1.82e-05	1.00e+00	2.84e-06	0.00e+00
 1.85004e+14	4.28e-30	1.56e-22	7.10e-16	4.80e-10	1.95e-05	1.00e+00	2.64e-06	0.00e+00
 1.92435e+14	6.31e-30	2.13e-22	8.98e-16	5.61e-10	2.11e-05	1.00e+00	2.44e-06	0.00e+00
 1.99906e+14	9.23e-30	2.88e-22	1.13e-15	6.53e-10	2.28e-05	1.00e+00	2.26e-06	0.00e+00
 2.07676e+14	1.35e-29	3.90e-22	1.42e-15	7.60e-10	2.46e-05	1.00e+00	2.10e-06	0.00e+00
 2.16013e+14	1.99e-29	5.33e-22	1.79e-15	8.90e-10	2.66e-05	1.00e+00	1.94e-06	0.00e+00
 2.24683e+14	2.94e-29	7.28e-22	2.26e-15	1.04e-09	2.88e-05	1.00e+00	1.79e-06	0.00e+00
 2.33055e+14	4.22e-29	9.73e-22	2.82e-15	1.20e-09	3.09e-05	1.00e+00	1.67e-06	0.00e+00
 2.40897e+14	5.85e-29	1.27e-21	3.43e-15	1.37e-09	3.30e-05	1.00e+00	1.56e-06	0.00e+00
 2.48275e+14	7.89e-29	1.61e-21	4.11e-15	1.55e-09	3.51e-05	1.00e+00	1.47e-06	0.00e+00
 2.56297e+14	1.08e-28	2.07e-21	4.97e-15	1.76e-09	3.73e-05	1.00e+00	1.38e-06	0.00e+00
 2.65274e+14	1.53e-28	2.73e-21	6.11e-15	2.02e-09	3.99e-05	1.00e+00	1.29e-06	0.00e+00
 2.73771e+14	2.07e-28	3.48e-21	7.37e-15	2.29e-09	4.26e-05	1.00e+00	1.21e-06	0.00e+00
 2.83097e+14	2.89e-28	4.55e-21	9.01e-15	2.61e-09	4.55e-05	1.00e+00	1.13e-06	0.00e+00
 2.93566e+14	4.17e-28	6.09e-21	1.12e-14	3.02e-09	4.89e-05	1.00e+00	1.05e-06	0.00e+00
 3.03527e+14	5.73e-28	7.88e-21	1.37e-14	3.45e-09	5.23e-05	1.00e+00	9.85e-07	0.00e+00
 3.14471e+14	8.15e-28	1.04e-20	1.69e-14	3.97e-09	5.60e-05	1.00e+00	0.00e+00	0.00e+00
 3.26780e+14	1.20e-27	1.42e-20	2.13e-14	4.63e-09	6.05e-05	1.00e+00	0.00e+00	0.00e+00
 3.38569e+14	1.68e-27	1.87e-20	2.63e-14	5.33e-09	6.50e-05	1.00e+00	0.00e+00	0.00e+00
 3.51129e+14	2.42e-27	2.50e-20	3.27e-14	6.16e-09	6.98e-05	1.00e+00	0.00e+00	0.00e+00
 3.65204e+14	3.50e-27	3.38e-20	4.13e-14	7.21e-09	7.56e-05	1.00e+00	0.00e+00	0.00e+00
 3.78203e+14	4.99e-27	4.48e-20	5.09e-14	8.29e-09	8.10e-05	1.00e+00	0.00e+00	0.00e+00
 3.89457e+14	6.57e-27	5.61e-20	6.07e-14	9.32e-09	8.60e-05	1.00e+00	0.00e+00	0.00e+00
 4.01948e+14	9.04e-27	7.23e-20	7.34e-14	1.06e-08	9.15e-05	1.00e+00	0.00e+00	0.00e+00
 4.17203e+14	1.29e-26	9.64e-20	9.17e-14	1.23e-08	9.87e-05	1.00e+00	0.00e+00	0.00e+00
 4.32644e+14	1.84e-26	1.29e-19	1.14e-13	1.42e-08	1.06e-04	1.00e+00	0.00e+00	0.00e+00
 4.46518e+14	2.48e-26	1.64e-19	1.38e-13	1.61e-08	1.13e-04	1.00e+00	0.00e+00	0.00e+00
 4.61763e+14	3.42e-26	2.13e-19	1.68e-13	1.84e-08	1.21e-04	1.00e+00	0.00e+00	0.00e+00
 4.79802e+14	4.95e-26	2.87e-19	2.12e-13	2.14e-08	1.31e-04	1.00e+00	0.00e+00	0.00e+00
 4.97527e+14	7.10e-26	3.83e-19	2.63e-13	2.48e-08	1.41e-04	1.00e+00	0.00e+00	0.00e+00
 5.13722e+14	9.49e-26	4.86e-19	3.18e-13	2.82e-08	1.50e-04	1.00e+00	0.00e+00	0.00e+00
 5.31877e+14	1.33e-25	6.38e-19	3.92e-13	3.24e-08	1.61e-04	1.00e+00	0.00e+00	0.00e+00
 5.52996e+14	1.95e-25	8.67e-19	4.95e-13	3.78e-08	1.74e-04	1.00e+00	0.00e+00	0.00e+00
 5.73734e+14	2.72e-25	1.14e-18	6.16e-13	4.38e-08	1.88e-04	1.00e+00	0.00e+00	0.00e+00
 5.93250e+14	3.78e-25	1.49e-18	7.52e-13	5.01e-08	2.01e-04	1.00e+00	0.00e+00	0.00e+00
 6.14958e+14	5.23e-25	1.95e-18	9.32e-13	5.78e-08	2.16e-04	1.00e+00	0.00e+00	0.00e+00
 6.39586e+14	7.69e-25	2.65e-18	1.18e-12	6.76e-08	2.33e-04	1.00e+00	0.00e+00	0.00e+00
 6.64224e+14	1.07e-24	3.50e-18	1.47e-12	7.87e-08	2.52e-04	1.00e+00	0.00e+00	0.00e+00
 6.87197e+14	1.48e-24	4.54e-18	1.81e-12	9.01e-08	2.70e-04	1.00e+00	0.00e+00	0.00e+00
 7.12064e+14	2.09e-24	6.01e-18	2.23e-12	1.04e-07	2.90e-04	1.00e+00	0.00e+00	0.00e+00
 7.40577e+14	2.96e-24	8.01e-18	2.82e-12	1.22e-07	3.14e-04	1.00e+00	0.00e+00	0.00e+00
 7.67395e+14	4.19e-24	1.06e-17	3.48e-12	1.40e-07	3.38e-04	1.00e+00	0.00e+00	0.00e+00
 7.91510e+14	5.47e-24	1.33e-17	4.19e-12	1.59e-07	3.60e-04	1.00e+00	0.00e+00	0.00e+00
 8.14370e+14	7.23e-24	1.66e-17	4.96e-12	1.78e-07	3.81e-04	1.00e+00	0.00e+00	0.00e+00
 8.39731e+14	9.43e-24	2.07e-17	5.95e-12	2.01e-07	4.06e-04	1.00e+00	0.00e+00	0.00e+00
 8.67935e+14	1.30e-23	2.68e-17	7.24e-12	2.29e-07	4.34e-04	1.00e+00	0.00e+00	0.00e+00
 8.94535e+14	1.68e-23	3.33e-17	8.66e-12	2.59e-07	4.62e-04	1.00e+00	0.00e+00	0.00e+00
 9.23819e+14	2.26e-23	4.25e-17	1.05e-11	2.94e-07	4.93e-04	1.00e+00	0.00e+00	0.00e+00
 9.56542e+14	3.14e-23	5.55e-17	1.29e-11	3.38e-07	5.28e-04	9.99e-01	0.00e+00	0.00e+00
 9.87523e+14	4.19e-23	7.04e-17	1.56e-11	3.84e-07	5.64e-04	9.99e-01	0.00e+00	0.00e+00
 1.02159e+15	5.60e-23	8.98e-17	1.91e-11	4.39e-07	6.04e-04	9.99e-01	0.00e+00	0.00e+00
 1.05910e+15	7.93e-23	1.19e-16	2.36e-11	5.07e-07	6.50e-04	9.99e-01	0.00e+00	0.00e+00
 1.09371e+15	1.03e-22	1.49e-16	2.86e-11	5.77e-07	6.94e-04	9.99e-01	0.00e+00	0.00e+00
 1.13132e+15	1.44e-22	1.94e-16	3.50e-11	6.60e-07	7.43e-04	9.99e-01	0.00e+00	0.00e+00
 1.17334e+15	1.95e-22	2.52e-16	4.34e-11	7.63e-07	8.01e-04	9.99e-01	0.00e+00	0.00e+00
 1.21267e+15	2.63e-22	3.22e-16	5.28e-11	8.70e-07	8.56e-04	9.99e-01	0.00e+00	0.00e+00
 1.25535e+15	3.63e-22	4.19e-16	6.48e-11	9.99e-07	9.18e-04	9.99e-01	0.00e+00	0.00e+00
 1.30299e+15	4.96e-22	5.46e-16	8.08e-11	1.16e-06	9.91e-04	9.99e-01	0.00e+00	0.00e+00
 1.34760e+15	6.81e-22	7.06e-16	9.87e-11	1.33e-06	1.06e-03	9.99e-01	0.00e+00	0.00e+00
 1.39608e+15	9.10e-22	9.05e-16	1.22e-10	1.53e-06	1.14e-03	9.99e-01	0.00e+00	0.00e+00
 1.45016e+15	1.30e-21	1.21e-15	1.52e-10	1.78e-06	1.23e-03	9.99e-01	0.00e+00	0.00e+00
 1.50136e+15	1.71e-21	1.54e-15	1.87e-10	2.04e-06	1.33e-03	9.99e-01	0.00e+00	0.00e+00
 1.55639e+15	2.37e-21	2.01e-15	2.31e-10	2.36e-06	1.43e-03	9.99e-01	0.00e+00	0.00e+00
 1.61867e+15	3.27e-21	2.64e-15	2.91e-10	2.76e-06	1.55e-03	9.98e-01	0.00e+00	0.00e+00
 1.67965e+15	4.55e-21	3.48e-15	3.63e-10	3.20e-06	1.67e-03	9.98e-01	0.00e+00	0.00e+00
 1.74307e+15	6.14e-21	4.50e-15	4.51e-10	3.71e-06	1.81e-03	9.98e-01	0.00e+00	0.00e+00
 1.81282e+15	8.69e-21	6.00e-15	5.69e-10	4.34e-06	1.96e-03	9.98e-01	0.00e+00	0.00e+00
 1.88144e+15	1.18e-20	7.80e-15	7.08e-10	5.04e-06	2.13e-03	9.98e-01	0.00e+00	0.00e+00
 1.93789e+15	1.51e-20	9.61e-15	8.42e-10	5.67e-06	2.26e-03	9.98e-01	0.00e+00	0.00e+00
 1.98308e+15	1.83e-20	1.13e-14	9.65e-10	6.22e-06	2.38e-03	9.98e-01	0.00e+00	0.00e+00
 2.03322e+15	2.25e-20	1.35e-14	1.12e-09	6.88e-06	2.51e-03	9.97e-01	0.00e+00	0.00e+00
 2.09839e+15	2.89e-20	1.67e-14	1.34e-09	7.81e-06	2.68e-03	9.97e-01	0.00e+00	0.00e+00
 2.16817e+15	3.77e-20	2.10e-14	1.63e-09	8.90e-06	2.88e-03	9.97e-01	0.00e+00	0.00e+00
 2.23002e+15	4.78e-20	2.57e-14	1.92e-09	9.96e-06	3.06e-03	9.97e-01	0.00e+00	0.00e+00
 2.29652e+15	6.06e-20	3.15e-14	2.28e-09	1.12e-05	3.26e-03	9.97e-01	0.00e+00	0.00e+00
 2.38080e+15	8.05e-20	4.04e-14	2.82e-09	1.30e-05	3.52e-03	9.96e-01	0.00e+00	0.00e+00
 2.46631e+15	1.07e-19	5.17e-14	3.47e-09	1.49e-05	3.81e-03	9.96e-01	0.00e+00	0.00e+00
 2.53885e+15	1.35e-19	6.29e-14	4.11e-09	1.68e-05	4.06e-03	9.96e-01	0.00e+00	0.00e+00
 2.61644e+15	1.73e-19	7.78e-14	4.90e-09	1.89e-05	4.33e-03	9.96e-01	0.00e+00	0.00e+00
 2.71352e+15	2.30e-19	9.98e-14	6.07e-09	2.19e-05	4.69e-03	9.95e-01	0.00e+00	0.00e+00
 2.81317e+15	3.06e-19	1.28e-13	7.51e-09	2.53e-05	5.08e-03	9.95e-01	0.00e+00	0.00e+00
 2.90073e+15	3.91e-19	1.58e-13	8.98e-09	2.86e-05	5.44e-03	9.95e-01	0.00e+00	0.00e+00
 2.99531e+15	5.00e-19	1.96e-13	1.08e-08	3.25e-05	5.84e-03	9.94e-01	0.00e+00	0.00e+00
 3.10976e+15	6.75e-19	2.55e-13	1.35e-08	3.78e-05	6.35e-03	9.94e-01	0.00e+00	0.00e+00
 3.22333e+15	9.00e-19	3.27e-13	1.67e-08	4.36e-05	6.88e-03	9.93e-01	0.00e+00	0.00e+00
 3.32408e+15	1.14e-18	4.03e-13	2.00e-08	4.93e-05	7.36e-03	9.93e-01	0.00e+00	0.00e+00
 3.43484e+15	1.49e-18	5.07e-13	2.43e-08	5.62e-05	7.93e-03	9.92e-01	0.00e+00	0.00e+00
 3.56740e+15	2.01e-18	6.59e-13	3.04e-08	6.54e-05	8.63e-03	9.91e-01	0.00e+00	0.00e+00
 3.69945e+15	2.70e-18	8.49e-13	3.77e-08	7.56e-05	9.36e-03	9.91e-01	0.00e+00	0.00e+00
 3.82001e+15	3.45e-18	1.06e-12	4.56e-08	8.60e-05	1.00e-02	9.90e-01	0.00e+00	0.00e+00
 3.95450e+15	4.63e-18	1.36e-12	5.60e-08	9.86e-05	1.09e-02	9.89e-01	0.00e+00	0.00e+00
 4.11114e+15	6.35e-18	1.78e-12	7.05e-08	1.15e-04	1.18e-02	9.88e-01	0.00e+00	0.00e+00
 4.26540e+15	8.59e-18	2.31e-12	8.79e-08	1.33e-04	1.28e-02	9.87e-01	0.00e+00	0.00e+00
 4.41194e+15	1.13e-17	2.94e-12	1.07e-07	1.53e-04	1.38e-02	9.86e-01	0.00e+00	0.00e+00
 4.53998e+15	1.43e-17	3.60e-12	1.27e-07	1.71e-04	1.47e-02	9.85e-01	0.00e+00	0.00e+00
 4.64610e+15	1.74e-17	4.25e-12	1.46e-07	1.87e-04	1.55e-02	9.84e-01	0.00e+00	0.00e+00
 4.76336e+15	2.14e-17	5.08e-12	1.70e-07	2.07e-04	1.64e-02	9.83e-01	0.00e+00	0.00e+00
 4.91578e+15	2.78e-17	6.36e-12	2.05e-07	2.35e-04	1.76e-02	9.82e-01	0.00e+00	0.00e+00
 5.07564e+15	3.58e-17	7.95e-12	2.49e-07	2.67e-04	1.89e-02	9.81e-01	0.00e+00	0.00e+00
 5.21289e+15	4.58e-17	9.76e-12	2.92e-07	2.97e-04	2.00e-02	9.80e-01	0.00e+00	0.00e+00
 5.35907e+15	5.81e-17	1.19e-11	3.45e-07	3.31e-04	2.13e-02	9.78e-01	0.00e+00	0.00e+00
 5.54911e+15	7.84e-17	1.54e-11	4.27e-07	3.81e-04	2.30e-02	9.77e-01	0.00e+00	0.00e+00
 5.74426e+15	1.03e-16	1.96e-11	5.26e-07	4.37e-04	2.48e-02	9.75e-01	0.00e+00	0.00e+00
 5.90749e+15	1.32e-16	2.42e-11	6.23e-07	4.89e-04	2.63e-02	9.73e-01	0.00e+00	0.00e+00
 6.08112e+15	1.82e-16	3.00e-11	7.43e-07	5.49e-04	2.81e-02	9.71e-01	0.00e+00	0.00e+00
 6.30287e+15	2.57e-16	3.97e-11	9.24e-07	6.33e-04	3.04e-02	9.69e-01	0.00e+00	0.00e+00
 6.53432e+15	3.53e-16	5.18e-11	1.15e-06	7.31e-04	3.28e-02	9.66e-01	0.00e+00	0.00e+00
 6.73869e+15	4.54e-16	6.46e-11	1.39e-06	8.27e-04	3.51e-02	9.64e-01	0.00e+00	0.00e+00
 6.96067e+15	6.06e-16	8.23e-11	1.69e-06	9.41e-04	3.76e-02	9.61e-01	0.00e+00	0.00e+00
 7.22787e+15	8.79e-16	1.11e-10	2.13e-06	1.09e-03	4.09e-02	9.58e-01	0.00e+00	0.00e+00
 7.49373e+15	1.21e-15	1.46e-10	2.66e-06	1.26e-03	4.41e-02	9.55e-01	0.00e+00	0.00e+00
 7.73286e+15	1.58e-15	1.83e-10	3.22e-06	1.43e-03	4.72e-02	9.51e-01	0.00e+00	0.00e+00
 7.99739e+15	2.14e-15	2.36e-10	3.96e-06	1.64e-03	5.07e-02	9.48e-01	0.00e+00	0.00e+00
 8.30986e+15	3.16e-15	3.24e-10	5.02e-06	1.91e-03	5.50e-02	9.43e-01	0.00e+00	0.00e+00
 8.61816e+15	4.44e-15	4.29e-10	6.27e-06	2.21e-03	5.94e-02	9.38e-01	0.00e+00	0.00e+00
 8.90371e+15	6.02e-15	5.52e-10	7.66e-06	2.51e-03	6.36e-02	9.34e-01	0.00e+00	0.00e+00
 9.22481e+15	8.31e-15	7.24e-10	9.53e-06	2.90e-03	6.85e-02	9.29e-01	0.00e+00	0.00e+00
 9.59384e+15	1.21e-14	9.88e-10	1.21e-05	3.39e-03	7.44e-02	9.22e-01	0.00e+00	0.00e+00
 9.95435e+15	1.70e-14	1.31e-09	1.52e-05	3.92e-03	8.03e-02	9.16e-01	0.00e+00	0.00e+00
 1.02450e+16	2.26e-14	1.65e-09	1.82e-05	4.40e-03	8.52e-02	9.10e-01	0.00e+00	0.00e+00
 1.04716e+16	2.78e-14	1.96e-09	2.08e-05	4.80e-03	8.91e-02	9.06e-01	0.00e+00	0.00e+00
 1.07206e+16	3.48e-14	2.36e-09	2.41e-05	5.27e-03	9.35e-02	9.01e-01	0.00e+00	0.00e+00
 1.10443e+16	4.47e-14	2.93e-09	2.89e-05	5.93e-03	9.93e-02	8.95e-01	0.00e+00	0.00e+00
 1.13948e+16	6.24e-14	3.82e-09	3.52e-05	6.73e-03	1.06e-01	8.87e-01	0.00e+00	0.00e+00
 1.17078e+16	8.09e-14	4.74e-09	4.16e-05	7.49e-03	1.12e-01	8.81e-01	0.00e+00	0.00e+00
 1.20422e+16	1.05e-13	5.91e-09	4.95e-05	8.38e-03	1.18e-01	8.73e-01	0.00e+00	0.00e+00
 1.24759e+16	1.51e-13	7.89e-09	6.18e-05	9.66e-03	1.27e-01	8.63e-01	0.00e+00	0.00e+00
 1.29155e+16	2.02e-13	1.02e-08	7.64e-05	1.11e-02	1.36e-01	8.53e-01	0.00e+00	0.00e+00
 1.32750e+16	2.65e-13	1.27e-08	9.08e-05	1.24e-02	1.44e-01	8.44e-01	0.00e+00	0.00e+00
 1.36533e+16	3.59e-13	1.62e-08	1.08e-04	1.38e-02	1.52e-01	8.34e-01	0.00e+00	0.00e+00
 1.41444e+16	5.15e-13	2.17e-08	1.36e-04	1.60e-02	1.63e-01	8.21e-01	0.00e+00	0.00e+00
 1.46475e+16	7.24e-13	2.88e-08	1.69e-04	1.84e-02	1.74e-01	8.07e-01	0.00e+00	0.00e+00
 1.50707e+16	9.59e-13	3.62e-08	2.02e-04	2.06e-02	1.84e-01	7.95e-01	0.00e+00	0.00e+00
 1.55248e+16	1.29e-12	4.63e-08	2.44e-04	2.32e-02	1.95e-01	7.82e-01	0.00e+00	0.00e+00
 1.60373e+16	1.72e-12	5.91e-08	2.99e-04	2.64e-02	2.07e-01	7.67e-01	0.00e+00	0.00e+00
 1.65288e+16	2.43e-12	7.77e-08	3.65e-04	2.99e-02	2.19e-01	7.51e-01	0.00e+00	0.00e+00
 1.69958e+16	3.22e-12	9.79e-08	4.36e-04	3.34e-02	2.31e-01	7.36e-01	0.00e+00	0.00e+00
 1.75279e+16	4.22e-12	1.24e-07	5.31e-04	3.78e-02	2.43e-01	7.18e-01	0.00e+00	0.00e+00
 1.81194e+16	6.20e-12	1.68e-07	6.62e-04	4.33e-02	2.59e-01	6.97e-01	0.00e+00	0.00e+00
 1.86460e+16	8.22e-12	2.12e-07	7.96e-04	4.86e-02	2.72e-01	6.79e-01	0.00e+00	0.00e+00
 1.91145e+16	1.04e-11	2.58e-07	9.36e-04	5.37e-02	2.83e-01	6.62e-01	0.00e+00	0.00e+00
 1.96494e+16	1.38e-11	3.27e-07	1.13e-03	6.02e-02	2.97e-01	6.42e-01	0.00e+00	0.00e+00
 2.02489e+16	1.99e-11	4.37e-07	1.38e-03	6.83e-02	3.12e-01	6.18e-01	0.00e+00	0.00e+00
 2.08056e+16	2.62e-11	5.49e-07	1.66e-03	7.62e-02	3.25e-01	5.97e-01	0.00e+00	0.00e+00
 2.12888e+16	3.26e-11	6.63e-07	1.94e-03	8.37e-02	3.37e-01	5.78e-01	0.00e+00	0.00e+00
 2.18033e+16	4.23e-11	8.22e-07	2.29e-03	9.25e-02	3.49e-01	5.56e-01	0.00e+00	0.00e+00
 2.23596e+16	5.87e-11	1.06e-06	2.75e-03	1.03e-01	3.62e-01	5.32e-01	0.00e+00	0.00e+00
 2.28355e+16	7.39e-11	1.29e-06	3.19e-03	1.12e-01	3.73e-01	5.12e-01	0.00e+00	0.00e+00
 2.33195e+16	9.36e-11	1.56e-06	3.71e-03	1.23e-01	3.83e-01	4.91e-01	0.00e+00	0.00e+00
 2.39488e+16	1.31e-10	2.05e-06	4.54e-03	1.38e-01	3.95e-01	4.62e-01	0.00e+00	0.00e+00
 2.45692e+16	1.67e-10	2.53e-06	5.46e-03	1.53e-01	4.06e-01	4.36e-01	0.00e+00	0.00e+00
 2.50465e+16	2.22e-10	3.16e-06	6.34e-03	1.67e-01	4.14e-01	4.13e-01	0.00e+00	0.00e+00
 2.54693e+16	2.74e-10	3.75e-06	7.22e-03	1.79e-01	4.20e-01	3.94e-01	0.00e+00	0.00e+00
 2.59526e+16	3.34e-10	4.45e-06	8.37e-03	1.94e-01	4.26e-01	3.72e-01	0.00e+00	0.00e+00
 2.64930e+16	4.53e-10	5.66e-06	9.93e-03	2.13e-01	4.32e-01	3.46e-01	0.00e+00	0.00e+00
 2.69857e+16	5.82e-10	6.93e-06	1.16e-02	2.30e-01	4.35e-01	3.23e-01	0.00e+00	0.00e+00
 2.74253e+16	7.05e-10	8.17e-06	1.32e-02	2.47e-01	4.37e-01	3.03e-01	0.00e+00	0.00e+00
 2.78455e+16	8.75e-10	9.74e-06	1.51e-02	2.64e-01	4.37e-01	2.83e-01	0.00e+00	0.00e+00
 2.82523e+16	1.16e-09	1.20e-05	1.73e-02	2.82e-01	4.37e-01	2.64e-01	0.00e+00	0.00e+00
 2.86438e+16	1.35e-09	1.38e-05	1.95e-02	3.00e-01	4.35e-01	2.46e-01	0.00e+00	0.00e+00
 2.90826e+16	1.71e-09	1.67e-05	2.25e-02	3.21e-01	4.31e-01	2.25e-01	0.00e+00	0.00e+00
 2.95366e+16	2.21e-09	2.04e-05	2.61e-02	3.44e-01	4.25e-01	2.05e-01	0.00e+00	0.00e+00
 2.99041e+16	2.76e-09	2.44e-05	2.96e-02	3.63e-01	4.19e-01	1.88e-01	0.00e+00	0.00e+00
 3.02170e+16	3.36e-09	2.84e-05	3.29e-02	3.81e-01	4.12e-01	1.74e-01	0.00e+00	0.00e+00
 3.05649e+16	4.16e-09	3.37e-05	3.72e-02	4.01e-01	4.03e-01	1.58e-01	0.00e+00	0.00e+00
 3.09369e+16	5.56e-09	4.18e-05	4.26e-02	4.24e-01	3.92e-01	1.42e-01	0.00e+00	0.00e+00
 3.12485e+16	7.01e-09	4.98e-05	4.77e-02	4.44e-01	3.81e-01	1.28e-01	0.00e+00	0.00e+00
 3.15075e+16	8.45e-09	5.74e-05	5.25e-02	4.60e-01	3.70e-01	1.17e-01	0.00e+00	0.00e+00
 3.17503e+16	9.82e-09	6.48e-05	5.74e-02	4.76e-01	3.59e-01	1.07e-01	0.00e+00	0.00e+00
 3.20267e+16	1.21e-08	7.62e-05	6.39e-02	4.96e-01	3.45e-01	9.55e-02	0.00e+00	0.00e+00
 3.23177e+16	1.51e-08	9.04e-05	7.15e-02	5.16e-01	3.29e-01	8.39e-02	0.00e+00	0.00e+00
 3.25572e+16	1.75e-08	1.02e-04	7.84e-02	5.33e-01	3.14e-01	7.49e-02	0.00e+00	0.00e+00
 3.27589e+16	2.19e-08	1.20e-04	8.54e-02	5.47e-01	3.00e-01	6.69e-02	0.00e+00	0.00e+00
 3.29485e+16	2.64e-08	1.37e-04	9.24e-02	5.61e-01	2.86e-01	5.98e-02	0.00e+00	0.00e+00
 3.31320e+16	2.92e-08	1.49e-04	9.95e-02	5.75e-01	2.72e-01	5.34e-02	0.00e+00	0.00e+00
 3.33409e+16	3.50e-08	1.71e-04	1.09e-01	5.90e-01	2.55e-01	4.61e-02	0.00e+00	0.00e+00
 3.35515e+16	4.28e-08	1.99e-04	1.19e-01	6.06e-01	2.36e-01	3.91e-02	0.00e+00	0.00e+00
 3.37106e+16	5.11e-08	2.26e-04	1.27e-01	6.18e-01	2.21e-01	3.40e-02	0.00e+00	0.00e+00
 3.38358e+16	6.20e-08	2.58e-04	1.35e-01	6.27e-01	2.08e-01	2.99e-02	0.00e+00	0.00e+00
 3.39527e+16	6.95e-08	2.81e-04	1.42e-01	6.35e-01	1.96e-01	2.65e-02	0.00e+00	0.00e+00
 3.40870e+16	8.09e-08	3.14e-04	1.51e-01	6.45e-01	1.81e-01	2.26e-02	0.00e+00	0.00e+00
 3.42286e+16	9.47e-08	3.52e-04	1.60e-01	6.55e-01	1.65e-01	1.89e-02	0.00e+00	0.00e+00
 3.43453e+16	1.04e-07	3.80e-04	1.69e-01	6.63e-01	1.52e-01	1.61e-02	0.00e+00	0.00e+00
 3.44434e+16	1.22e-07	4.24e-04	1.76e-01	6.69e-01	1.40e-01	1.37e-02	0.00e+00	0.00e+00
 3.45360e+16	1.32e-07	4.50e-04	1.84e-01	6.75e-01	1.29e-01	1.17e-02	0.00e+00	0.00e+00
 3.46406e+16	1.57e-07	5.07e-04	1.92e-01	6.81e-01	1.16e-01	9.52e-03	0.00e+00	0.00e+00
 3.47302e+16	1.68e-07	5.34e-04	1.99e-01	6.86e-01	1.06e-01	8.02e-03	0.00e+00	0.00e+00
 3.47882e+16	1.87e-07	5.74e-04	2.05e-01	6.89e-01	9.90e-02	7.01e-03	0.00e+00	0.00e+00
 3.48405e+16	1.99e-07	6.01e-04	2.09e-01	6.91e-01	9.29e-02	6.21e-03	0.00e+00	0.00e+00
 3.48973e+16	2.10e-07	6.25e-04	2.14e-01	6.94e-01	8.61e-02	5.39e-03	0.00e+00	0.00e+00
 3.49711e+16	2.35e-07	6.75e-04	2.21e-01	6.97e-01	7.75e-02	4.41e-03	0.00e+00	0.00e+00
 3.50441e+16	2.56e-07	7.19e-04	2.27e-01	6.99e-01	6.97e-02	3.61e-03	0.00e+00	0.00e+00
 3.51027e+16	2.75e-07	7.56e-04	2.32e-01	7.01e-01	6.35e-02	3.03e-03	0.00e+00	0.00e+00
 3.51658e+16	2.98e-07	7.99e-04	2.37e-01	7.02e-01	5.69e-02	2.47e-03	0.00e+00	0.00e+00
 3.52478e+16	3.28e-07	8.56e-04	2.44e-01	7.04e-01	4.92e-02	1.87e-03	0.00e+00	0.00e+00
 3.53321e+16	3.61e-07	9.16e-04	2.51e-01	7.04e-01	4.20e-02	1.40e-03	0.00e+00	0.00e+00
 3.54031e+16	3.91e-07	9.68e-04	2.57e-01	7.04e-01	3.66e-02	1.08e-03	0.00e+00	0.00e+00
 3.54794e+16	4.26e-07	1.03e-03	2.63e-01	7.04e-01	3.12e-02	8.01e-04	0.00e+00	0.00e+00
 3.55786e+16	4.74e-07	1.10e-03	2.71e-01	7.02e-01	2.53e-02	5.39e-04	0.00e+00	0.00e+00
 3.56868e+16	5.27e-07	1.19e-03	2.78e-01	7.00e-01	2.01e-02	3.50e-04	0.00e+00	0.00e+00
 3.58067e+16	5.90e-07	1.28e-03	2.86e-01	6.97e-01	1.55e-02	2.13e-04	0.00e+00	0.00e+00
 3.59626e+16	6.75e-07	1.40e-03	2.96e-01	6.92e-01	1.12e-02	1.13e-04	0.00e+00	0.00e+00
 3.61369e+16	7.73e-07	1.53e-03	3.05e-01	6.86e-01	7.85e-03	5.73e-05	0.00e+00	0.00e+00
 3.63351e+16	8.92e-07	1.67e-03	3.15e-01	6.78e-01	5.35e-03	2.71e-05	0.00e+00	0.00e+00
 3.65927e+16	1.06e-06	1.87e-03	3.26e-01	6.68e-01	3.38e-03	1.09e-05	0.00e+00	0.00e+00
 3.69277e+16	1.31e-06	2.13e-03	3.41e-01	6.55e-01	1.97e-03	3.70e-06	0.00e+00	0.00e+00
 3.73062e+16	1.67e-06	2.48e-03	3.58e-01	6.39e-01	1.15e-03	1.24e-06	0.00e+00	0.00e+00
 3.76744e+16	2.13e-06	2.90e-03	3.75e-01	6.21e-01	7.16e-04	4.73e-07	0.00e+00	0.00e+00
 3.80289e+16	2.73e-06	3.40e-03	3.94e-01	6.03e-01	4.69e-04	0.00e+00	0.00e+00	0.00e+00
 3.83768e+16	3.53e-06	4.01e-03	4.13e-01	5.82e-01	3.17e-04	0.00e+00	0.00e+00	0.00e+00
 3.87133e+16	4.61e-06	4.78e-03	4.34e-01	5.61e-01	2.20e-04	0.00e+00	0.00e+00	0.00e+00
 3.90282e+16	6.02e-06	5.70e-03	4.56e-01	5.38e-01	1.58e-04	0.00e+00	0.00e+00	0.00e+00
 3.93193e+16	7.79e-06	6.76e-03	4.77e-01	5.16e-01	1.17e-04	0.00e+00	0.00e+00	0.00e+00
 3.95370e+16	9.60e-06	7.78e-03	4.95e-01	4.97e-01	9.39e-05	0.00e+00	0.00e+00	0.00e+00
 3.96690e+16	1.10e-05	8.51e-03	5.06e-01	4.85e-01	8.20e-05	0.00e+00	0.00e+00	0.00e+00
 3.97944e+16	1.24e-05	9.27e-03	5.17e-01	4.73e-01	7.16e-05	0.00e+00	0.00e+00	0.00e+00
 3.99574e+16	1.47e-05	1.04e-02	5.32e-01	4.57e-01	5.99e-05	0.00e+00	0.00e+00	0.00e+00
 4.01344e+16	1.79e-05	1.19e-02	5.49e-01	4.39e-01	4.95e-05	0.00e+00	0.00e+00	0.00e+00
 4.02881e+16	2.13e-05	1.34e-02	5.64e-01	4.23e-01	4.19e-05	0.00e+00	0.00e+00	0.00e+00
 4.04179e+16	2.48e-05	1.48e-02	5.77e-01	4.08e-01	3.63e-05	0.00e+00	0.00e+00	0.00e+00
 4.05582e+16	2.94e-05	1.67e-02	5.92e-01	3.91e-01	3.08e-05	0.00e+00	0.00e+00	0.00e+00
 4.07129e+16	3.58e-05	1.91e-02	6.08e-01	3.72e-01	2.57e-05	0.00e+00	0.00e+00	0.00e+00
 4.08364e+16	4.21e-05	2.14e-02	6.22e-01	3.57e-01	2.22e-05	0.00e+00	0.00e+00	0.00e+00
 4.09212e+16	4.73e-05	2.31e-02	6.31e-01	3.46e-01	2.00e-05	0.00e+00	0.00e+00	0.00e+00
 4.10056e+16	5.32e-05	2.51e-02	6.41e-01	3.34e-01	1.79e-05	0.00e+00	0.00e+00	0.00e+00
 4.11154e+16	6.22e-05	2.80e-02	6.53e-01	3.19e-01	1.55e-05	0.00e+00	0.00e+00	0.00e+00
 4.12286e+16	7.35e-05	3.14e-02	6.66e-01	3.03e-01	1.33e-05	0.00e+00	0.00e+00	0.00e+00
 4.13178e+16	8.44e-05	3.46e-02	6.76e-01	2.90e-01	1.18e-05	0.00e+00	0.00e+00	0.00e+00
 4.13914e+16	9.48e-05	3.75e-02	6.83e-01	2.79e-01	1.06e-05	0.00e+00	0.00e+00	0.00e+00
 4.14733e+16	1.08e-04	4.10e-02	6.92e-01	2.67e-01	9.41e-06	0.00e+00	0.00e+00	0.00e+00
 4.15648e+16	1.26e-04	4.56e-02	7.02e-01	2.52e-01	8.19e-06	0.00e+00	0.00e+00	0.00e+00
 4.16478e+16	1.45e-04	5.04e-02	7.10e-01	2.40e-01	7.19e-06	0.00e+00	0.00e+00	0.00e+00
 4.17193e+16	1.65e-04	5.50e-02	7.17e-01	2.28e-01	6.40e-06	0.00e+00	0.00e+00	0.00e+00
 4.17967e+16	1.90e-04	6.06e-02	7.23e-01	2.16e-01	5.60e-06	0.00e+00	0.00e+00	0.00e+00
 4.18803e+16	2.22e-04	6.75e-02	7.30e-01	2.02e-01	4.83e-06	0.00e+00	0.00e+00	0.00e+00
 4.19519e+16	2.55e-04	7.43e-02	7.35e-01	1.91e-01	4.24e-06	0.00e+00	0.00e+00	0.00e+00
 4.20128e+16	2.88e-04	8.08e-02	7.38e-01	1.81e-01	3.78e-06	0.00e+00	0.00e+00	0.00e+00
 4.20798e+16	3.31e-04	8.87e-02	7.41e-01	1.70e-01	3.30e-06	0.00e+00	0.00e+00	0.00e+00
 4.21532e+16	3.86e-04	9.87e-02	7.43e-01	1.57e-01	2.83e-06	0.00e+00	0.00e+00	0.00e+00
 4.22180e+16	4.45e-04	1.09e-01	7.44e-01	1.47e-01	2.46e-06	0.00e+00	0.00e+00	0.00e+00
 4.22737e+16	5.04e-04	1.18e-01	7.44e-01	1.38e-01	2.16e-06	0.00e+00	0.00e+00	0.00e+00
 4.23348e+16	5.79e-04	1.30e-01	7.42e-01	1.27e-01	1.87e-06	0.00e+00	0.00e+00	0.00e+00
 4.24014e+16	6.77e-04	1.45e-01	7.38e-01	1.17e-01	1.58e-06	0.00e+00	0.00e+00	0.00e+00
 4.24597e+16	7.83e-04	1.59e-01	7.33e-01	1.07e-01	1.35e-06	0.00e+00	0.00e+00	0.00e+00
 4.25103e+16	8.88e-04	1.74e-01	7.27e-01	9.89e-02	1.17e-06	0.00e+00	0.00e+00	0.00e+00
 4.25663e+16	1.02e-03	1.91e-01	7.18e-01	9.00e-02	9.91e-07	0.00e+00	0.00e+00	0.00e+00
 4.26278e+16	1.21e-03	2.13e-01	7.06e-01	8.05e-02	0.00e+00	0.00e+00	0.00e+00	0.00e+00
 4.26825e+16	1.40e-03	2.35e-01	6.92e-01	7.21e-02	0.00e+00	0.00e+00	0.00e+00	0.00e+00
 4.27306e+16	1.61e-03	2.56e-01	6.77e-01	6.50e-02	0.00e+00	0.00e+00	0.00e+00	0.00e+00
 4.27840e+16	1.88e-03	2.82e-01	6.58e-01	5.73e-02	0.00e+00	0.00e+00	0.00e+00	0.00e+00
 4.28433e+16	2.24e-03	3.15e-01	6.33e-01	4.91e-02	0.00e+00	0.00e+00	0.00e+00	0.00e+00
 4.28976e+16	2.64e-03	3.50e-01	6.06e-01	4.19e-02	0.00e+00	0.00e+00	0.00e+00	0.00e+00
 4.29471e+16	3.08e-03	3.85e-01	5.77e-01	3.57e-02	0.00e+00	0.00e+00	0.00e+00	0.00e+00
 4.30031e+16	3.68e-03	4.28e-01	5.40e-01	2.91e-02	0.00e+00	0.00e+00	0.00e+00	0.00e+00
 4.30626e+16	4.48e-03	4.78e-01	4.94e-01	2.28e-02	0.00e+00	0.00e+00	0.00e+00	0.00e+00
 4.31109e+16	5.30e-03	5.24e-01	4.53e-01	1.82e-02	0.00e+00	0.00e+00	0.00e+00	0.00e+00
 4.31487e+16	6.00e-03	5.61e-01	4.18e-01	1.50e-02	0.00e+00	0.00e+00	0.00e+00	0.00e+00
 4.31888e+16	6.90e-03	6.02e-01	3.79e-01	1.19e-02	0.00e+00	0.00e+00	0.00e+00	0.00e+00
 4.32333e+16	8.05e-03	6.49e-01	3.34e-01	8.92e-03	0.00e+00	0.00e+00	0.00e+00	0.00e+00
 4.32726e+16	9.26e-03	6.92e-01	2.92e-01	6.69e-03	0.00e+00	0.00e+00	0.00e+00	0.00e+00
 4.33050e+16	1.04e-02	7.26e-01	2.58e-01	5.15e-03	0.00e+00	0.00e+00	0.00e+00	0.00e+00
 4.33392e+16	1.18e-02	7.61e-01	2.23e-01	3.80e-03	0.00e+00	0.00e+00	0.00e+00	0.00e+00
 4.33761e+16	1.35e-02	7.98e-01	1.86e-01	2.65e-03	0.00e+00	0.00e+00	0.00e+00	0.00e+00
 4.34077e+16	1.52e-02	8.27e-01	1.56e-01	1.87e-03	0.00e+00	0.00e+00	0.00e+00	0.00e+00
 4.34336e+16	1.68e-02	8.49e-01	1.33e-01	1.37e-03	0.00e+00	0.00e+00	0.00e+00	0.00e+00
 4.34612e+16	1.87e-02	8.70e-01	1.10e-01	9.63e-04	0.00e+00	0.00e+00	0.00e+00	0.00e+00
 4.34917e+16	2.10e-02	8.90e-01	8.82e-02	6.30e-04	0.00e+00	0.00e+00	0.00e+00	0.00e+00
 4.35186e+16	2.34e-02	9.05e-01	7.07e-02	4.17e-04	0.00e+00	0.00e+00	0.00e+00	0.00e+00
 4.35407e+16	2.56e-02	9.16e-01	5.81e-02	2.90e-04	0.00e+00	0.00e+00	0.00e+00	0.00e+00
 4.35606e+16	2.78e-02	9.24e-01	4.80e-02	2.04e-04	0.00e+00	0.00e+00	0.00e+00	0.00e+00
 4.35832e+16	3.06e-02	9.31e-01	3.83e-02	1.34e-04	0.00e+00	0.00e+00	0.00e+00	0.00e+00
 4.36068e+16	3.39e-02	9.36e-01	2.97e-02	8.41e-05	0.00e+00	0.00e+00	0.00e+00	0.00e+00
 4.36260e+16	3.69e-02	9.39e-01	2.37e-02	5.60e-05	0.00e+00	0.00e+00	0.00e+00	0.00e+00
 4.36416e+16	3.96e-02	9.41e-01	1.97e-02	3.97e-05	0.00e+00	0.00e+00	0.00e+00	0.00e+00
 4.36579e+16	4.27e-02	9.41e-01	1.60e-02	2.71e-05	0.00e+00	0.00e+00	0.00e+00	0.00e+00
 4.36753e+16	4.63e-02	9.41e-01	1.27e-02	1.79e-05	0.00e+00	0.00e+00	0.00e+00	0.00e+00
 4.36911e+16	4.99e-02	9.40e-01	1.02e-02	1.20e-05	0.00e+00	0.00e+00	0.00e+00	0.00e+00
 4.37052e+16	5.33e-02	9.38e-01	8.32e-03	8.28e-06	0.00e+00	0.00e+00	0.00e+00	0.00e+00
 4.37178e+16	5.66e-02	9.36e-01	6.89e-03	5.88e-06	0.00e+00	0.00e+00	0.00e+00	0.00e+00
 4.37300e+16	6.01e-02	9.34e-01	5.71e-03	4.17e-06	0.00e+00	0.00e+00	0.00e+00	0.00e+00
 4.37417e+16	6.36e-02	9.32e-01	4.74e-03	2.97e-06	0.00e+00	0.00e+00	0.00e+00	0.00e+00
 4.37526e+16	6.72e-02	9.29e-01	3.97e-03	2.15e-06	0.00e+00	0.00e+00	0.00e+00	0.00e+00
 4.37610e+16	6.99e-02	9.27e-01	3.47e-03	1.68e-06	0.00e+00	0.00e+00	0.00e+00	0.00e+00
 4.37662e+16	7.18e-02	9.25e-01	3.18e-03	1.44e-06	0.00e+00	0.00e+00	0.00e+00	0.00e+00
 4.37709e+16	7.34e-02	9.24e-01	2.94e-03	1.24e-06	0.00e+00	0.00e+00	0.00e+00	0.00e+00
 4.37764e+16	7.57e-02	9.22e-01	2.67e-03	1.04e-06	0.00e+00	0.00e+00	0.00e+00	0.00e+00
 4.37825e+16	7.83e-02	9.19e-01	2.39e-03	8.53e-07	0.00e+00	0.00e+00	0.00e+00	0.00e+00
 4.37884e+16	8.05e-02	9.17e-01	2.16e-03	0.00e+00	0.00e+00	0.00e+00	0.00e+00	0.00e+00
 4.37938e+16	8.29e-02	9.15e-01	1.96e-03	0.00e+00	0.00e+00	0.00e+00	0.00e+00	0.00e+00
 4.37991e+16	8.52e-02	9.13e-01	1.78e-03	0.00e+00	0.00e+00	0.00e+00	0.00e+00	0.00e+00
 4.38045e+16	8.78e-02	9.11e-01	1.61e-03	0.00e+00	0.00e+00	0.00e+00	0.00e+00	0.00e+00
 4.38099e+16	9.03e-02	9.08e-01	1.45e-03	0.00e+00	0.00e+00	0.00e+00	0.00e+00	0.00e+00
 4.38151e+16	9.28e-02	9.06e-01	1.32e-03	0.00e+00	0.00e+00	0.00e+00	0.00e+00	0.00e+00
 4.38203e+16	9.57e-02	9.03e-01	1.19e-03	0.00e+00	0.00e+00	0.00e+00	0.00e+00	0.00e+00
 4.38254e+16	9.86e-02	9.00e-01	1.08e-03	0.00e+00	0.00e+00	0.00e+00	0.00e+00	0.00e+00
 4.38305e+16	1.02e-01	8.97e-01	9.74e-04	0.00e+00	0.00e+00	0.00e+00	0.00e+00	0.00e+00
 4.38356e+16	1.05e-01	8.94e-01	8.80e-04	0.00e+00	0.00e+00	0.00e+00	0.00e+00	0.00e+00
 4.38405e+16	1.08e-01	8.91e-01	7.97e-04	0.00e+00	0.00e+00	0.00e+00	0.00e+00	0.00e+00
 4.38454e+16	1.11e-01	8.88e-01	7.21e-04	0.00e+00	0.00e+00	0.00e+00	0.00e+00	0.00e+00
 4.38502e+16	1.15e-01	8.85e-01	6.52e-04	0.00e+00	0.00e+00	0.00e+00	0.00e+00	0.00e+00
 4.38550e+16	1.18e-01	8.81e-01	5.89e-04	0.00e+00	0.00e+00	0.00e+00	0.00e+00	0.00e+00
 4.38597e+16	1.22e-01	8.78e-01	5.32e-04	0.00e+00	0.00e+00	0.00e+00	0.00e+00	0.00e+00
 4.38643e+16	1.26e-01	8.74e-01	4.81e-04	0.00e+00	0.00e+00	0.00e+00	0.00e+00	0.00e+00
 4.38689e+16	1.30e-01	8.70e-01	4.34e-04	0.00e+00	0.00e+00	0.00e+00	0.00e+00	0.00e+00
 4.38734e+16	1.34e-01	8.65e-01	3.92e-04	0.00e+00	0.00e+00	0.00e+00	0.00e+00	0.00e+00
 4.38779e+16	1.39e-01	8.60e-01	3.54e-04	0.00e+00	0.00e+00	0.00e+00	0.00e+00	0.00e+00
 4.38823e+16	1.44e-01	8.56e-01	3.19e-04	0.00e+00	0.00e+00	0.00e+00	0.00e+00	0.00e+00
 4.38866e+16	1.49e-01	8.51e-01	2.88e-04	0.00e+00	0.00e+00	0.00e+00	0.00e+00	0.00e+00
 4.38909e+16	1.55e-01	8.45e-01	2.60e-04	0.00e+00	0.00e+00	0.00e+00	0.00e+00	0.00e+00
 4.38951e+16	1.60e-01	8.39e-01	2.35e-04	0.00e+00	0.00e+00	0.00e+00	0.00e+00	0.00e+00
 4.38993e+16	1.67e-01	8.33e-01	2.11e-04	0.00e+00	0.00e+00	0.00e+00	0.00e+00	0.00e+00
 4.39034e+16	1.73e-01	8.27e-01	1.91e-04	0.00e+00	0.00e+00	0.00e+00	0.00e+00	0.00e+00
 4.39074e+16	1.80e-01	8.20e-01	1.72e-04	0.00e+00	0.00e+00	0.00e+00	0.00e+00	0.00e+00
 4.39114e+16	1.87e-01	8.12e-01	1.55e-04	0.00e+00	0.00e+00	0.00e+00	0.00e+00	0.00e+00
 4.39153e+16	1.96e-01	8.03e-01	1.39e-04	0.00e+00	0.00e+00	0.00e+00	0.00e+00	0.00e+00
 4.39191e+16	2.05e-01	7.95e-01	1.25e-04	0.00e+00	0.00e+00	0.00e+00	0.00e+00	0.00e+00
 4.39228e+16	2.14e-01	7.86e-01	1.13e-04	0.00e+00	0.00e+00	0.00e+00	0.00e+00	0.00e+00
