#depth	He	He+	He+2
 1.49634e+10	4.97e-23	2.78e-12	1.00e+00
 4.54887e+10	5.58e-23	3.01e-12	1.00e+00
 7.72350e+10	6.25e-23	3.26e-12	1.00e+00
 1.10251e+11	7.01e-23	3.52e-12	1.00e+00
 1.41127e+11	7.79e-23	3.78e-12	1.00e+00
 1.68396e+11	8.53e-23	4.02e-12	1.00e+00
 1.98814e+11	9.40e-23	4.29e-12	1.00e+00
 2.35291e+11	1.06e-22	4.63e-12	1.00e+00
 2.72082e+11	1.18e-22	4.99e-12	1.00e+00
 3.06136e+11	1.31e-22	5.33e-12	1.00e+00
 3.44099e+11	1.46e-22	5.72e-12	1.00e+00
 3.87790e+11	1.66e-22	6.19e-12	1.00e+00
 4.30691e+11	1.87e-22	6.67e-12	1.00e+00
 4.71929e+11	2.09e-22	7.15e-12	1.00e+00
 5.17354e+11	2.36e-22	7.70e-12	1.00e+00
 5.65927e+11	2.68e-22	8.31e-12	1.00e+00
 6.11221e+11	3.00e-22	8.90e-12	1.00e+00
 6.60373e+11	3.38e-22	9.57e-12	1.00e+00
 7.16715e+11	3.87e-22	1.04e-11	1.00e+00
 7.71432e+11	4.40e-22	1.12e-11	1.00e+00
 8.17802e+11	4.89e-22	1.19e-11	1.00e+00
 8.58445e+11	5.34e-22	1.25e-11	1.00e+00
 9.05060e+11	5.90e-22	1.33e-11	1.00e+00
 9.64999e+11	6.69e-22	1.43e-11	1.00e+00
 1.02814e+12	7.64e-22	1.54e-11	1.00e+00
 1.08369e+12	8.54e-22	1.64e-11	1.00e+00
 1.14350e+12	9.59e-22	1.75e-11	1.00e+00
 1.21582e+12	1.10e-21	1.89e-11	1.00e+00
 1.28939e+12	1.26e-21	2.04e-11	1.00e+00
 1.35785e+12	1.43e-21	2.19e-11	1.00e+00
 1.43404e+12	1.63e-21	2.35e-11	1.00e+00
 1.52133e+12	1.89e-21	2.56e-11	1.00e+00
 1.60835e+12	2.19e-21	2.77e-11	1.00e+00
 1.69886e+12	2.53e-21	3.00e-11	1.00e+00
 1.78517e+12	2.89e-21	3.23e-11	1.00e+00
 1.85748e+12	3.23e-21	3.43e-11	1.00e+00
 1.93563e+12	3.61e-21	3.66e-11	1.00e+00
 2.03435e+12	4.17e-21	3.96e-11	1.00e+00
 2.13540e+12	4.82e-21	4.28e-11	1.00e+00
 2.22211e+12	5.42e-21	4.58e-11	1.00e+00
 2.31464e+12	6.11e-21	4.90e-11	1.00e+00
 2.42924e+12	7.10e-21	5.33e-11	1.00e+00
 2.54478e+12	8.24e-21	5.78e-11	1.00e+00
 2.64552e+12	9.32e-21	6.20e-11	1.00e+00
 2.75480e+12	1.06e-20	6.69e-11	1.00e+00
 2.88786e+12	1.24e-20	7.31e-11	1.00e+00
 3.01957e+12	1.44e-20	7.97e-11	1.00e+00
 3.13420e+12	1.63e-20	8.58e-11	1.00e+00
 3.25889e+12	1.86e-20	9.28e-11	1.00e+00
 3.41092e+12	2.18e-20	1.02e-10	1.00e+00
 3.56370e+12	2.54e-20	1.12e-10	1.00e+00
 3.70009e+12	2.90e-20	1.21e-10	1.00e+00
 3.84996e+12	3.32e-20	1.32e-10	1.00e+00
 4.02832e+12	3.93e-20	1.46e-10	1.00e+00
 4.20666e+12	4.62e-20	1.61e-10	1.00e+00
 4.35306e+12	5.25e-20	1.74e-10	1.00e+00
 4.47434e+12	5.79e-20	1.86e-10	1.00e+00
 4.61134e+12	6.46e-20	1.99e-10	1.00e+00
 4.78944e+12	7.42e-20	2.17e-10	1.00e+00
 4.98150e+12	8.59e-20	2.38e-10	1.00e+00
 5.14556e+12	9.66e-20	2.57e-10	1.00e+00
 5.29004e+12	1.07e-19	2.74e-10	1.00e+00
 5.45518e+12	1.19e-19	2.95e-10	1.00e+00
 5.66987e+12	1.36e-19	3.23e-10	1.00e+00
 5.89129e+12	1.57e-19	3.53e-10	1.00e+00
 6.07502e+12	1.75e-19	3.79e-10	1.00e+00
 6.26742e+12	1.94e-19	4.08e-10	1.00e+00
 6.51754e+12	2.23e-19	4.47e-10	1.00e+00
 6.77720e+12	2.56e-19	4.90e-10	1.00e+00
 6.99548e+12	2.86e-19	5.27e-10	1.00e+00
 7.22545e+12	3.19e-19	5.68e-10	1.00e+00
 7.51750e+12	3.65e-19	6.23e-10	1.00e+00
 7.81941e+12	4.19e-19	6.83e-10	1.00e+00
 8.08241e+12	4.68e-19	7.37e-10	1.00e+00
 8.36570e+12	5.25e-19	7.98e-10	1.00e+00
 8.71130e+12	6.03e-19	8.77e-10	1.00e+00
 9.06376e+12	6.90e-19	9.61e-10	1.00e+00
 9.38743e+12	7.76e-19	1.04e-09	1.00e+00
 9.67807e+12	8.60e-19	1.12e-09	1.00e+00
 9.98617e+12	9.54e-19	1.20e-09	1.00e+00
 1.03098e+13	1.06e-18	1.29e-09	1.00e+00
 1.05865e+13	1.16e-18	1.38e-09	1.00e+00
 1.08789e+13	1.27e-18	1.47e-09	1.00e+00
 1.12591e+13	1.42e-18	1.59e-09	1.00e+00
 1.16507e+13	1.59e-18	1.72e-09	1.00e+00
 1.19757e+13	1.74e-18	1.84e-09	1.00e+00
 1.23166e+13	1.91e-18	1.96e-09	1.00e+00
 1.27598e+13	2.14e-18	2.13e-09	1.00e+00
 1.32249e+13	2.41e-18	2.32e-09	1.00e+00
 1.36243e+13	2.65e-18	2.49e-09	1.00e+00
 1.40489e+13	2.92e-18	2.68e-09	1.00e+00
 1.45897e+13	3.29e-18	2.93e-09	1.00e+00
 1.51513e+13	3.70e-18	3.21e-09	1.00e+00
 1.56432e+13	4.08e-18	3.47e-09	1.00e+00
 1.61744e+13	4.52e-18	3.77e-09	1.00e+00
 1.68190e+13	5.09e-18	4.14e-09	1.00e+00
 1.74794e+13	5.72e-18	4.56e-09	1.00e+00
 1.80620e+13	6.32e-18	4.95e-09	1.00e+00
 1.86753e+13	7.00e-18	5.37e-09	1.00e+00
 1.94174e+13	7.88e-18	5.93e-09	1.00e+00
 2.00601e+13	8.71e-18	6.44e-09	1.00e+00
 2.04973e+13	9.31e-18	6.80e-09	1.00e+00
 2.09343e+13	9.96e-18	7.16e-09	1.00e+00
 2.15023e+13	1.08e-17	7.67e-09	1.00e+00
 2.21437e+13	1.19e-17	8.26e-09	1.00e+00
 2.27550e+13	1.30e-17	8.86e-09	1.00e+00
 2.34242e+13	1.44e-17	9.52e-09	1.00e+00
 2.41695e+13	1.60e-17	1.03e-08	1.00e+00
 2.48647e+13	1.77e-17	1.11e-08	1.00e+00
 2.56195e+13	1.98e-17	1.19e-08	1.00e+00
 2.65820e+13	2.27e-17	1.31e-08	1.00e+00
 2.75537e+13	2.60e-17	1.43e-08	1.00e+00
 2.83637e+13	2.91e-17	1.53e-08	1.00e+00
 2.92240e+13	3.27e-17	1.64e-08	1.00e+00
 3.03195e+13	3.78e-17	1.79e-08	1.00e+00
 3.14988e+13	4.41e-17	1.96e-08	1.00e+00
 3.25615e+13	5.05e-17	2.11e-08	1.00e+00
 3.34752e+13	5.64e-17	2.25e-08	1.00e+00
 3.44437e+13	6.33e-17	2.40e-08	1.00e+00
 3.57028e+13	7.34e-17	2.60e-08	1.00e+00
 3.70093e+13	8.51e-17	2.82e-08	1.00e+00
 3.81092e+13	9.59e-17	3.00e-08	1.00e+00
 3.92710e+13	1.08e-16	3.20e-08	1.00e+00
 4.07412e+13	1.26e-16	3.46e-08	1.00e+00
 4.22270e+13	1.46e-16	3.75e-08	1.00e+00
 4.34686e+13	1.64e-16	3.98e-08	1.00e+00
 4.47781e+13	1.85e-16	4.24e-08	1.00e+00
 4.64435e+13	2.14e-16	4.57e-08	1.00e+00
 4.82087e+13	2.49e-16	4.95e-08	1.00e+00
 4.97956e+13	2.84e-16	5.29e-08	1.00e+00
 5.15138e+13	3.25e-16	5.67e-08	1.00e+00
 5.35496e+13	3.79e-16	6.14e-08	1.00e+00
 5.55599e+13	4.40e-16	6.64e-08	1.00e+00
 5.73966e+13	5.01e-16	7.09e-08	1.00e+00
 5.94461e+13	5.77e-16	7.61e-08	1.00e+00
 6.16547e+13	6.67e-16	8.21e-08	1.00e+00
 6.36251e+13	7.57e-16	8.76e-08	1.00e+00
 6.57417e+13	8.62e-16	9.36e-08	1.00e+00
 6.82917e+13	1.00e-15	1.01e-07	1.00e+00
 7.06853e+13	1.15e-15	1.09e-07	1.00e+00
 7.25109e+13	1.28e-15	1.15e-07	1.00e+00
 7.43181e+13	1.41e-15	1.21e-07	1.00e+00
 7.66675e+13	1.60e-15	1.29e-07	1.00e+00
 7.91580e+13	1.82e-15	1.37e-07	1.00e+00
 8.13384e+13	2.03e-15	1.46e-07	1.00e+00
 8.36791e+13	2.27e-15	1.54e-07	1.00e+00
 8.67171e+13	2.63e-15	1.66e-07	1.00e+00
 8.98047e+13	3.02e-15	1.79e-07	1.00e+00
 9.23292e+13	3.39e-15	1.90e-07	1.00e+00
 9.49785e+13	3.80e-15	2.01e-07	1.00e+00
 9.84204e+13	4.39e-15	2.17e-07	1.00e+00
 1.02045e+14	5.08e-15	2.34e-07	1.00e+00
 1.05193e+14	5.76e-15	2.50e-07	1.00e+00
 1.08568e+14	6.54e-15	2.67e-07	1.00e+00
 1.12700e+14	7.63e-15	2.89e-07	1.00e+00
 1.16824e+14	8.83e-15	3.12e-07	1.00e+00
 1.20446e+14	9.98e-15	3.33e-07	1.00e+00
 1.24411e+14	1.14e-14	3.57e-07	1.00e+00
 1.29200e+14	1.33e-14	3.87e-07	1.00e+00
 1.33973e+14	1.54e-14	4.17e-07	1.00e+00
 1.38280e+14	1.75e-14	4.46e-07	1.00e+00
 1.43067e+14	2.00e-14	4.80e-07	1.00e+00
 1.48703e+14	2.35e-14	5.21e-07	1.00e+00
 1.54264e+14	2.71e-14	5.63e-07	1.00e+00
 1.58983e+14	3.06e-14	6.00e-07	1.00e+00
 1.63788e+14	3.44e-14	6.39e-07	1.00e+00
 1.68875e+14	3.88e-14	6.80e-07	1.00e+00
 1.73285e+14	4.30e-14	7.18e-07	1.00e+00
 1.77975e+14	4.77e-14	7.59e-07	1.00e+00
 1.84071e+14	5.43e-14	8.14e-07	1.00e+00
 1.90299e+14	6.19e-14	8.73e-07	1.00e+00
 1.95369e+14	6.84e-14	9.21e-07	1.00e+00
 2.00629e+14	7.57e-14	9.72e-07	1.00e+00
 2.07468e+14	8.59e-14	1.04e-06	1.00e+00
 2.14721e+14	9.78e-14	1.12e-06	1.00e+00
 2.21027e+14	1.09e-13	1.18e-06	1.00e+00
 2.27741e+14	1.22e-13	1.26e-06	1.00e+00
 2.36182e+14	1.39e-13	1.35e-06	1.00e+00
 2.44918e+14	1.59e-13	1.46e-06	1.00e+00
 2.52693e+14	1.78e-13	1.55e-06	1.00e+00
 2.61168e+14	2.00e-13	1.66e-06	1.00e+00
 2.71292e+14	2.30e-13	1.79e-06	1.00e+00
 2.81384e+14	2.61e-13	1.92e-06	1.00e+00
 2.90641e+14	2.93e-13	2.05e-06	1.00e+00
 3.00988e+14	3.31e-13	2.20e-06	1.00e+00
 3.12989e+14	3.79e-13	2.38e-06	1.00e+00
 3.24785e+14	4.31e-13	2.56e-06	1.00e+00
 3.36037e+14	4.83e-13	2.73e-06	1.00e+00
 3.45967e+14	5.34e-13	2.90e-06	1.00e+00
 3.54229e+14	5.78e-13	3.04e-06	1.00e+00
 3.63287e+14	6.29e-13	3.19e-06	1.00e+00
 3.75063e+14	7.00e-13	3.40e-06	1.00e+00
 3.87489e+14	7.79e-13	3.63e-06	1.00e+00
 3.98176e+14	8.54e-13	3.82e-06	1.00e+00
 4.09486e+14	9.35e-13	4.04e-06	1.00e+00
 4.24189e+14	1.05e-12	4.33e-06	1.00e+00
 4.39414e+14	1.18e-12	4.65e-06	1.00e+00
 4.52151e+14	1.29e-12	4.92e-06	1.00e+00
 4.65542e+14	1.42e-12	5.22e-06	1.00e+00
 4.82588e+14	1.60e-12	5.60e-06	1.00e+00
 5.00391e+14	1.80e-12	6.02e-06	1.00e+00
 5.15954e+14	1.98e-12	6.40e-06	1.00e+00
 5.32599e+14	2.20e-12	6.82e-06	1.00e+00
 5.52862e+14	2.48e-12	7.36e-06	1.00e+00
 5.73024e+14	2.78e-12	7.91e-06	1.00e+00
 5.90730e+14	3.06e-12	8.41e-06	1.00e+00
 6.10049e+14	3.41e-12	8.99e-06	1.00e+00
 6.33403e+14	3.84e-12	9.70e-06	1.00e+00
 6.56724e+14	4.30e-12	1.04e-05	1.00e+00
 6.77649e+14	4.77e-12	1.11e-05	1.00e+00
 7.00735e+14	5.30e-12	1.19e-05	1.00e+00
 7.28074e+14	6.01e-12	1.29e-05	1.00e+00
 7.54856e+14	6.74e-12	1.39e-05	1.00e+00
 7.78156e+14	7.46e-12	1.48e-05	1.00e+00
 7.99545e+14	8.14e-12	1.57e-05	1.00e+00
 8.20183e+14	8.82e-12	1.65e-05	1.00e+00
 8.43316e+14	9.67e-12	1.75e-05	1.00e+00
 8.68656e+14	1.06e-11	1.87e-05	1.00e+00
 8.91698e+14	1.16e-11	1.97e-05	1.00e+00
 9.16487e+14	1.27e-11	2.09e-05	1.00e+00
 9.44325e+14	1.39e-11	2.22e-05	1.00e+00
 9.70753e+14	1.53e-11	2.36e-05	1.00e+00
 9.99734e+14	1.68e-11	2.51e-05	1.00e+00
 1.03191e+15	1.87e-11	2.68e-05	1.00e+00
 1.06177e+15	2.05e-11	2.85e-05	1.00e+00
 1.09411e+15	2.28e-11	3.04e-05	1.00e+00
 1.13043e+15	2.52e-11	3.25e-05	1.00e+00
 1.16521e+15	2.81e-11	3.47e-05	1.00e+00
 1.20369e+15	3.12e-11	3.72e-05	1.00e+00
 1.24679e+15	3.53e-11	4.01e-05	1.00e+00
 1.28755e+15	3.93e-11	4.30e-05	1.00e+00
 1.33219e+15	4.43e-11	4.62e-05	1.00e+00
 1.38225e+15	4.98e-11	5.00e-05	1.00e+00
 1.42927e+15	5.64e-11	5.38e-05	1.00e+00
 1.48032e+15	6.32e-11	5.79e-05	1.00e+00
 1.53770e+15	7.29e-11	6.30e-05	1.00e+00
 1.58380e+15	8.08e-11	6.71e-05	1.00e+00
 1.61592e+15	8.70e-11	7.01e-05	1.00e+00
 1.64939e+15	9.36e-11	7.33e-05	1.00e+00
 1.69289e+15	1.03e-10	7.77e-05	1.00e+00
 1.74160e+15	1.14e-10	8.26e-05	1.00e+00
 1.78736e+15	1.25e-10	8.74e-05	1.00e+00
 1.83713e+15	1.39e-10	9.29e-05	1.00e+00
 1.89227e+15	1.55e-10	9.92e-05	1.00e+00
 1.94325e+15	1.70e-10	1.05e-04	1.00e+00
 1.99836e+15	1.91e-10	1.12e-04	1.00e+00
 2.06006e+15	2.15e-10	1.20e-04	1.00e+00
 2.11809e+15	2.37e-10	1.27e-04	1.00e+00
 2.18131e+15	2.69e-10	1.36e-04	1.00e+00
 2.25188e+15	3.01e-10	1.46e-04	1.00e+00
 2.31860e+15	3.44e-10	1.57e-04	1.00e+00
 2.39192e+15	3.88e-10	1.68e-04	1.00e+00
 2.47450e+15	4.49e-10	1.82e-04	1.00e+00
 2.55296e+15	5.03e-10	1.95e-04	1.00e+00
 2.63882e+15	5.87e-10	2.10e-04	1.00e+00
 2.73583e+15	6.80e-10	2.29e-04	1.00e+00
 2.82721e+15	7.82e-10	2.47e-04	1.00e+00
 2.92591e+15	9.12e-10	2.67e-04	1.00e+00
 3.03663e+15	1.07e-09	2.91e-04	1.00e+00
 3.12568e+15	1.21e-09	3.12e-04	1.00e+00
 3.18818e+15	1.33e-09	3.26e-04	1.00e+00
 3.25348e+15	1.45e-09	3.42e-04	1.00e+00
 3.33837e+15	1.63e-09	3.63e-04	1.00e+00
 3.43268e+15	1.85e-09	3.88e-04	1.00e+00
 3.52010e+15	2.05e-09	4.11e-04	1.00e+00
 3.61459e+15	2.33e-09	4.37e-04	1.00e+00
 3.72008e+15	2.63e-09	4.67e-04	1.00e+00
 3.81835e+15	2.92e-09	4.96e-04	1.00e+00
 3.92457e+15	3.35e-09	5.30e-04	9.99e-01
 4.04289e+15	3.85e-09	5.68e-04	9.99e-01
 4.15347e+15	4.28e-09	6.04e-04	9.99e-01
 4.27375e+15	4.92e-09	6.46e-04	9.99e-01
 4.40848e+15	5.67e-09	6.95e-04	9.99e-01
 4.53584e+15	6.43e-09	7.42e-04	9.99e-01
 4.67526e+15	7.39e-09	7.97e-04	9.99e-01
 4.83227e+15	8.58e-09	8.61e-04	9.99e-01
 4.98294e+15	9.72e-09	9.23e-04	9.99e-01
 5.14956e+15	1.15e-08	9.97e-04	9.99e-01
 5.33384e+15	1.34e-08	1.08e-03	9.99e-01
 5.50578e+15	1.55e-08	1.17e-03	9.99e-01
 5.69401e+15	1.77e-08	1.26e-03	9.99e-01
 5.87657e+15	2.07e-08	1.36e-03	9.99e-01
 6.00763e+15	2.31e-08	1.43e-03	9.99e-01
 6.13386e+15	2.54e-08	1.50e-03	9.99e-01
 6.29796e+15	2.84e-08	1.59e-03	9.98e-01
 6.47749e+15	3.22e-08	1.70e-03	9.98e-01
 6.63882e+15	3.60e-08	1.80e-03	9.98e-01
 6.81033e+15	4.00e-08	1.91e-03	9.98e-01
 7.03328e+15	4.69e-08	2.07e-03	9.98e-01
 7.25630e+15	5.30e-08	2.22e-03	9.98e-01
 7.43111e+15	5.96e-08	2.35e-03	9.98e-01
 7.61004e+15	6.65e-08	2.49e-03	9.98e-01
 7.84265e+15	7.69e-08	2.67e-03	9.97e-01
 8.08829e+15	8.64e-08	2.87e-03	9.97e-01
 8.30219e+15	9.71e-08	3.06e-03	9.97e-01
 8.53161e+15	1.10e-07	3.27e-03	9.97e-01
 8.82984e+15	1.31e-07	3.56e-03	9.96e-01
 9.12376e+15	1.50e-07	3.85e-03	9.96e-01
 9.35752e+15	1.70e-07	4.10e-03	9.96e-01
 9.60684e+15	1.91e-07	4.37e-03	9.96e-01
 9.93095e+15	2.19e-07	4.75e-03	9.95e-01
 1.02582e+16	2.59e-07	5.16e-03	9.95e-01
 1.05149e+16	2.90e-07	5.50e-03	9.95e-01
 1.07381e+16	3.19e-07	5.81e-03	9.94e-01
 1.09922e+16	3.56e-07	6.18e-03	9.94e-01
 1.12606e+16	3.93e-07	6.58e-03	9.93e-01
 1.15477e+16	4.51e-07	7.06e-03	9.93e-01
 1.18307e+16	5.01e-07	7.54e-03	9.92e-01
 1.21082e+16	5.57e-07	8.05e-03	9.92e-01
 1.24130e+16	6.28e-07	8.65e-03	9.91e-01
 1.26958e+16	7.19e-07	9.25e-03	9.91e-01
 1.29533e+16	7.94e-07	9.83e-03	9.90e-01
 1.32358e+16	8.86e-07	1.05e-02	9.89e-01
 1.35510e+16	9.93e-07	1.13e-02	9.89e-01
 1.38455e+16	1.14e-06	1.22e-02	9.88e-01
 1.41140e+16	1.26e-06	1.30e-02	9.87e-01
 1.44121e+16	1.42e-06	1.40e-02	9.86e-01
 1.47397e+16	1.65e-06	1.53e-02	9.85e-01
 1.50345e+16	1.84e-06	1.64e-02	9.84e-01
 1.53050e+16	2.05e-06	1.77e-02	9.82e-01
 1.55739e+16	2.30e-06	1.90e-02	9.81e-01
 1.58378e+16	2.66e-06	2.05e-02	9.79e-01
 1.60859e+16	2.96e-06	2.21e-02	9.78e-01
 1.63214e+16	3.32e-06	2.37e-02	9.76e-01
 1.65544e+16	3.73e-06	2.55e-02	9.74e-01
 1.67821e+16	4.12e-06	2.75e-02	9.73e-01
 1.70403e+16	4.77e-06	3.01e-02	9.70e-01
 1.73048e+16	5.52e-06	3.31e-02	9.67e-01
 1.75186e+16	6.18e-06	3.58e-02	9.64e-01
 1.77379e+16	7.05e-06	3.91e-02	9.61e-01
 1.79754e+16	8.18e-06	4.32e-02	9.57e-01
 1.81820e+16	9.41e-06	4.73e-02	9.53e-01
 1.83587e+16	1.07e-05	5.13e-02	9.49e-01
 1.85513e+16	1.24e-05	5.65e-02	9.43e-01
 1.87558e+16	1.45e-05	6.28e-02	9.37e-01
 1.89285e+16	1.71e-05	6.92e-02	9.31e-01
 1.90694e+16	1.94e-05	7.51e-02	9.25e-01
 1.92161e+16	2.22e-05	8.23e-02	9.18e-01
 1.93784e+16	2.55e-05	9.12e-02	9.09e-01
 1.95300e+16	3.07e-05	1.01e-01	8.99e-01
 1.96456e+16	3.46e-05	1.10e-01	8.90e-01
 1.97457e+16	3.88e-05	1.19e-01	8.81e-01
 1.98759e+16	4.42e-05	1.31e-01	8.69e-01
 2.00214e+16	5.41e-05	1.48e-01	8.52e-01
 2.01319e+16	6.20e-05	1.62e-01	8.38e-01
 2.02052e+16	6.85e-05	1.73e-01	8.27e-01
 2.02704e+16	7.47e-05	1.83e-01	8.17e-01
 2.03405e+16	8.21e-05	1.95e-01	8.04e-01
 2.04182e+16	9.22e-05	2.10e-01	7.90e-01
 2.04839e+16	1.01e-04	2.23e-01	7.76e-01
 2.05475e+16	1.10e-04	2.38e-01	7.62e-01
 2.06301e+16	1.24e-04	2.58e-01	7.42e-01
 2.07101e+16	1.40e-04	2.79e-01	7.21e-01
 2.07662e+16	1.55e-04	2.95e-01	7.05e-01
 2.08063e+16	1.65e-04	3.07e-01	6.93e-01
 2.08462e+16	1.74e-04	3.19e-01	6.81e-01
 2.08982e+16	1.91e-04	3.37e-01	6.63e-01
 2.09543e+16	2.08e-04	3.56e-01	6.44e-01
 2.10069e+16	2.25e-04	3.75e-01	6.25e-01
 2.10662e+16	2.47e-04	3.97e-01	6.03e-01
 2.11305e+16	2.75e-04	4.22e-01	5.77e-01
 2.11833e+16	2.96e-04	4.43e-01	5.57e-01
 2.12341e+16	3.21e-04	4.64e-01	5.35e-01
 2.13002e+16	3.57e-04	4.93e-01	5.07e-01
 2.13649e+16	3.91e-04	5.20e-01	4.80e-01
 2.14190e+16	4.23e-04	5.43e-01	4.56e-01
 2.14806e+16	4.61e-04	5.70e-01	4.29e-01
 2.15607e+16	5.14e-04	6.04e-01	3.95e-01
 2.16416e+16	5.70e-04	6.37e-01	3.62e-01
 2.17078e+16	6.17e-04	6.64e-01	3.36e-01
 2.17597e+16	6.56e-04	6.83e-01	3.16e-01
 2.18016e+16	6.87e-04	6.98e-01	3.01e-01
 2.18483e+16	7.24e-04	7.16e-01	2.84e-01
 2.19090e+16	7.73e-04	7.37e-01	2.63e-01
 2.19725e+16	8.25e-04	7.57e-01	2.43e-01
 2.20262e+16	8.70e-04	7.73e-01	2.26e-01
 2.20827e+16	9.19e-04	7.89e-01	2.10e-01
 2.21443e+16	9.73e-04	8.05e-01	1.94e-01
 2.22014e+16	1.02e-03	8.19e-01	1.80e-01
 2.22642e+16	1.08e-03	8.34e-01	1.65e-01
 2.23303e+16	1.15e-03	8.47e-01	1.52e-01
 2.23891e+16	1.20e-03	8.58e-01	1.41e-01
 2.24433e+16	1.26e-03	8.67e-01	1.31e-01
 2.25031e+16	1.32e-03	8.77e-01	1.21e-01
 2.25700e+16	1.39e-03	8.87e-01	1.11e-01
 2.26325e+16	1.46e-03	8.95e-01	1.03e-01
 2.26872e+16	1.53e-03	9.02e-01	9.63e-02
 2.27452e+16	1.60e-03	9.09e-01	8.95e-02
 2.28090e+16	1.69e-03	9.15e-01	8.28e-02
 2.28666e+16	1.77e-03	9.21e-01	7.73e-02
 2.29191e+16	1.85e-03	9.25e-01	7.27e-02
 2.29708e+16	1.94e-03	9.30e-01	6.83e-02
 2.30302e+16	2.04e-03	9.34e-01	6.37e-02
 2.30932e+16	2.16e-03	9.39e-01	5.93e-02
 2.31462e+16	2.27e-03	9.42e-01	5.60e-02
 2.31922e+16	2.37e-03	9.45e-01	5.31e-02
 2.32438e+16	2.50e-03	9.47e-01	5.00e-02
 2.33108e+16	2.67e-03	9.51e-01	4.63e-02
 2.33763e+16	2.86e-03	9.54e-01	4.34e-02
 2.34230e+16	3.02e-03	9.56e-01	4.13e-02
 2.34665e+16	3.17e-03	9.57e-01	3.94e-02
 2.35232e+16	3.39e-03	9.60e-01	3.71e-02
 2.35818e+16	3.65e-03	9.61e-01	3.49e-02
 2.36288e+16	3.89e-03	9.63e-01	3.33e-02
 2.36691e+16	4.11e-03	9.64e-01	3.21e-02
 2.37150e+16	4.39e-03	9.65e-01	3.05e-02
 2.37747e+16	4.79e-03	9.66e-01	2.87e-02
 2.38353e+16	5.29e-03	9.68e-01	2.71e-02
 2.38827e+16	5.77e-03	9.68e-01	2.59e-02
 2.39224e+16	6.19e-03	9.69e-01	2.50e-02
 2.39671e+16	6.75e-03	9.69e-01	2.39e-02
 2.40171e+16	7.49e-03	9.70e-01	2.29e-02
 2.40623e+16	8.31e-03	9.70e-01	2.20e-02
 2.40978e+16	9.05e-03	9.70e-01	2.14e-02
 2.41269e+16	9.78e-03	9.69e-01	2.08e-02
 2.41590e+16	1.06e-02	9.69e-01	2.02e-02
 2.41948e+16	1.18e-02	9.69e-01	1.96e-02
 2.42268e+16	1.30e-02	9.68e-01	1.91e-02
 2.42530e+16	1.42e-02	9.67e-01	1.87e-02
 2.42766e+16	1.54e-02	9.66e-01	1.84e-02
 2.43034e+16	1.70e-02	9.65e-01	1.81e-02
 2.43328e+16	1.91e-02	9.63e-01	1.77e-02
 2.43586e+16	2.13e-02	9.61e-01	1.75e-02
 2.43799e+16	2.34e-02	9.59e-01	1.73e-02
 2.44024e+16	2.60e-02	9.57e-01	1.71e-02
 2.44277e+16	2.95e-02	9.54e-01	1.70e-02
 2.44506e+16	3.34e-02	9.50e-01	1.69e-02
 2.44699e+16	3.73e-02	9.46e-01	1.69e-02
 2.44872e+16	4.14e-02	9.42e-01	1.69e-02
 2.45067e+16	4.66e-02	9.36e-01	1.69e-02
 2.45275e+16	5.33e-02	9.30e-01	1.71e-02
 2.45447e+16	6.03e-02	9.23e-01	1.72e-02
 2.45589e+16	6.65e-02	9.16e-01	1.75e-02
 2.45723e+16	7.35e-02	9.09e-01	1.77e-02
 2.45870e+16	8.20e-02	9.00e-01	1.80e-02
 2.46019e+16	9.22e-02	8.90e-01	1.83e-02
 2.46147e+16	1.02e-01	8.79e-01	1.86e-02
 2.46256e+16	1.12e-01	8.69e-01	1.89e-02
 2.46358e+16	1.22e-01	8.59e-01	1.92e-02
 2.46439e+16	1.30e-01	8.50e-01	1.95e-02
 2.46492e+16	1.36e-01	8.44e-01	1.97e-02
 2.46541e+16	1.42e-01	8.38e-01	1.98e-02
 2.46598e+16	1.49e-01	8.31e-01	2.00e-02
 2.46661e+16	1.58e-01	8.22e-01	2.02e-02
 2.46723e+16	1.66e-01	8.13e-01	2.04e-02
 2.46781e+16	1.75e-01	8.04e-01	2.06e-02
 2.46838e+16	1.84e-01	7.95e-01	2.08e-02
 2.46896e+16	1.94e-01	7.85e-01	2.10e-02
 2.46954e+16	2.04e-01	7.75e-01	2.12e-02
 2.47012e+16	2.15e-01	7.64e-01	2.14e-02
 2.47071e+16	2.26e-01	7.52e-01	2.15e-02
 2.47129e+16	2.38e-01	7.40e-01	2.17e-02
 2.47186e+16	2.50e-01	7.28e-01	2.19e-02
 2.47245e+16	2.64e-01	7.14e-01	2.20e-02
 2.47304e+16	2.78e-01	7.00e-01	2.22e-02
 2.47362e+16	2.92e-01	6.86e-01	2.22e-02
 2.47422e+16	3.07e-01	6.71e-01	2.24e-02
 2.47482e+16	3.23e-01	6.54e-01	2.24e-02
 2.47543e+16	3.40e-01	6.37e-01	2.24e-02
 2.47604e+16	3.57e-01	6.20e-01	2.24e-02
 2.47665e+16	3.75e-01	6.02e-01	2.24e-02
 2.47729e+16	3.95e-01	5.83e-01	2.23e-02
 2.47794e+16	4.14e-01	5.64e-01	2.23e-02
 2.47860e+16	4.35e-01	5.43e-01	2.21e-02
 2.47927e+16	4.55e-01	5.23e-01	2.19e-02
 2.47996e+16	4.77e-01	5.02e-01	2.16e-02
 2.48067e+16	4.98e-01	4.80e-01	2.13e-02
 2.48139e+16	5.20e-01	4.59e-01	2.10e-02
 2.48213e+16	5.41e-01	4.38e-01	2.05e-02
 2.48290e+16	5.63e-01	4.17e-01	2.01e-02
 2.48372e+16	5.85e-01	3.96e-01	1.96e-02
 2.48459e+16	6.06e-01	3.75e-01	1.90e-02
 2.48552e+16	6.26e-01	3.55e-01	1.84e-02
 2.48655e+16	6.46e-01	3.36e-01	1.77e-02
 2.48770e+16	6.66e-01	3.17e-01	1.71e-02
 2.48897e+16	6.83e-01	3.01e-01	1.64e-02
 2.49029e+16	6.97e-01	2.87e-01	1.58e-02
 2.49159e+16	7.08e-01	2.76e-01	1.53e-02
 2.49287e+16	7.17e-01	2.68e-01	1.48e-02
 2.49414e+16	7.24e-01	2.61e-01	1.45e-02
 2.49560e+16	7.30e-01	2.55e-01	1.41e-02
 2.49749e+16	7.37e-01	2.49e-01	1.37e-02
 2.49996e+16	7.43e-01	2.44e-01	1.32e-02
 2.50316e+16	7.49e-01	2.38e-01	1.26e-02
 2.50732e+16	7.56e-01	2.32e-01	1.20e-02
 2.51273e+16	7.64e-01	2.25e-01	1.12e-02
 2.51976e+16	7.74e-01	2.16e-01	1.03e-02
 2.52803e+16	7.84e-01	2.07e-01	9.44e-03
 2.53627e+16	7.93e-01	1.99e-01	8.63e-03
 2.54408e+16	8.01e-01	1.91e-01	7.93e-03
 2.55195e+16	8.09e-01	1.83e-01	7.27e-03
 2.56010e+16	8.17e-01	1.76e-01	6.66e-03
 2.56841e+16	8.25e-01	1.69e-01	6.10e-03
 2.57666e+16	8.32e-01	1.62e-01	5.60e-03
 2.58490e+16	8.39e-01	1.56e-01	5.14e-03
 2.59322e+16	8.46e-01	1.50e-01	4.72e-03
 2.60163e+16	8.52e-01	1.44e-01	4.33e-03
 2.60857e+16	8.56e-01	1.39e-01	4.07e-03
 2.61350e+16	8.60e-01	1.36e-01	3.87e-03
 2.61799e+16	8.63e-01	1.33e-01	3.70e-03
 2.62275e+16	8.66e-01	1.30e-01	3.53e-03
 2.62767e+16	8.69e-01	1.27e-01	3.36e-03
 2.63249e+16	8.72e-01	1.25e-01	3.21e-03
 2.63711e+16	8.75e-01	1.22e-01	3.07e-03
 2.64160e+16	8.77e-01	1.20e-01	2.94e-03
 2.64601e+16	8.80e-01	1.17e-01	2.82e-03
 2.65036e+16	8.82e-01	1.15e-01	2.70e-03
 2.65462e+16	8.85e-01	1.13e-01	2.60e-03
 2.65881e+16	8.87e-01	1.11e-01	2.49e-03
 2.66293e+16	8.89e-01	1.09e-01	2.40e-03
 2.66699e+16	8.91e-01	1.07e-01	2.31e-03
 2.67099e+16	8.93e-01	1.05e-01	2.22e-03
 2.67494e+16	8.95e-01	1.03e-01	2.14e-03
 2.67882e+16	8.97e-01	1.01e-01	2.07e-03
 2.68263e+16	8.98e-01	9.96e-02	1.99e-03
 2.68639e+16	9.00e-01	9.80e-02	1.93e-03
 2.69010e+16	9.02e-01	9.64e-02	1.86e-03
 2.69377e+16	9.03e-01	9.49e-02	1.80e-03
 2.69739e+16	9.05e-01	9.34e-02	1.74e-03
 2.70098e+16	9.06e-01	9.19e-02	1.68e-03
 2.70453e+16	9.08e-01	9.05e-02	1.63e-03
 2.70806e+16	9.09e-01	8.92e-02	1.58e-03
 2.71156e+16	9.11e-01	8.78e-02	1.53e-03
 2.71505e+16	9.12e-01	8.65e-02	1.48e-03
 2.71853e+16	9.13e-01	8.53e-02	1.43e-03
 2.72201e+16	9.15e-01	8.40e-02	1.39e-03
 2.72549e+16	9.16e-01	8.28e-02	1.35e-03
 2.72898e+16	9.17e-01	8.15e-02	1.30e-03
 2.73249e+16	9.18e-01	8.03e-02	1.26e-03
 2.73607e+16	9.20e-01	7.91e-02	1.22e-03
 2.73975e+16	9.21e-01	7.79e-02	1.18e-03
 2.74355e+16	9.22e-01	7.66e-02	1.14e-03
 2.74745e+16	9.24e-01	7.54e-02	1.10e-03
 2.75148e+16	9.25e-01	7.41e-02	1.06e-03
 2.75569e+16	9.26e-01	7.28e-02	1.02e-03
 2.76014e+16	9.28e-01	7.14e-02	9.83e-04
 2.76483e+16	9.29e-01	7.00e-02	9.43e-04
 2.76995e+16	9.31e-01	6.85e-02	9.00e-04
 2.77591e+16	9.32e-01	6.68e-02	8.52e-04
 2.78271e+16	9.34e-01	6.49e-02	8.01e-04
 2.78976e+16	9.36e-01	6.30e-02	7.52e-04
 2.79639e+16	9.38e-01	6.13e-02	7.10e-04
 2.80242e+16	9.40e-01	5.98e-02	6.73e-04
 2.80791e+16	9.41e-01	5.85e-02	6.42e-04
 2.81290e+16	9.42e-01	5.73e-02	6.14e-04
 2.81744e+16	9.43e-01	5.62e-02	5.90e-04
 2.82158e+16	9.44e-01	5.53e-02	5.69e-04
 2.82611e+16	9.45e-01	5.42e-02	5.45e-04
 2.83100e+16	9.46e-01	5.30e-02	5.22e-04
 2.83545e+16	9.47e-01	5.21e-02	5.02e-04
 2.83950e+16	9.48e-01	5.12e-02	4.84e-04
 2.84319e+16	9.49e-01	5.04e-02	4.68e-04
 2.84655e+16	9.50e-01	4.97e-02	4.54e-04
 2.85022e+16	9.51e-01	4.89e-02	4.39e-04
 2.85419e+16	9.52e-01	4.80e-02	4.23e-04
 2.85780e+16	9.52e-01	4.72e-02	4.09e-04
 2.86109e+16	9.53e-01	4.66e-02	3.97e-04
 2.86469e+16	9.54e-01	4.58e-02	3.83e-04
 2.86858e+16	9.55e-01	4.50e-02	3.69e-04
 2.87212e+16	9.55e-01	4.43e-02	3.57e-04
 2.87533e+16	9.56e-01	4.37e-02	3.46e-04
 2.87826e+16	9.57e-01	4.31e-02	3.37e-04
 2.88147e+16	9.57e-01	4.24e-02	3.26e-04
 2.88494e+16	9.58e-01	4.18e-02	3.15e-04
 2.88809e+16	9.59e-01	4.12e-02	3.06e-04
 2.89096e+16	9.59e-01	4.06e-02	2.98e-04
 2.89411e+16	9.60e-01	4.00e-02	2.88e-04
 2.89751e+16	9.60e-01	3.93e-02	2.79e-04
 2.90059e+16	9.61e-01	3.88e-02	2.71e-04
 2.90341e+16	9.61e-01	3.83e-02	2.63e-04
 2.90649e+16	9.62e-01	3.77e-02	2.55e-04
 2.90981e+16	9.63e-01	3.71e-02	2.47e-04
 2.91284e+16	9.63e-01	3.65e-02	2.39e-04
 2.91559e+16	9.64e-01	3.61e-02	2.33e-04
 2.91861e+16	9.64e-01	3.55e-02	2.26e-04
 2.92187e+16	9.65e-01	3.50e-02	2.19e-04
 2.92484e+16	9.65e-01	3.45e-02	2.12e-04
 2.92754e+16	9.66e-01	3.40e-02	2.07e-04
 2.93049e+16	9.66e-01	3.35e-02	2.00e-04
 2.93368e+16	9.67e-01	3.30e-02	1.94e-04
 2.93659e+16	9.67e-01	3.25e-02	1.89e-04
 2.93923e+16	9.68e-01	3.21e-02	1.84e-04
 2.94213e+16	9.68e-01	3.17e-02	1.79e-04
 2.94526e+16	9.69e-01	3.12e-02	1.73e-04
 2.94810e+16	9.69e-01	3.08e-02	1.69e-04
 2.95122e+16	9.70e-01	3.03e-02	1.63e-04
 2.95459e+16	9.70e-01	2.98e-02	1.58e-04
 2.95765e+16	9.70e-01	2.94e-02	1.54e-04
 2.96044e+16	9.71e-01	2.90e-02	1.50e-04
 2.96349e+16	9.71e-01	2.86e-02	1.45e-04
 2.96679e+16	9.72e-01	2.81e-02	1.41e-04
 2.96979e+16	9.72e-01	2.78e-02	1.37e-04
 2.97308e+16	9.73e-01	2.73e-02	1.33e-04
 2.97663e+16	9.73e-01	2.69e-02	1.28e-04
 2.97986e+16	9.73e-01	2.65e-02	1.25e-04
 2.98340e+16	9.74e-01	2.60e-02	1.20e-04
 2.98722e+16	9.74e-01	2.56e-02	1.16e-04
 2.99070e+16	9.75e-01	2.52e-02	1.13e-04
 2.99387e+16	9.75e-01	2.49e-02	1.10e-04
 2.99734e+16	9.75e-01	2.44e-02	1.06e-04
 3.00108e+16	9.76e-01	2.40e-02	1.03e-04
 3.00449e+16	9.76e-01	2.37e-02	9.98e-05
 3.00822e+16	9.77e-01	2.33e-02	9.63e-05
 3.01225e+16	9.77e-01	2.29e-02	9.30e-05
 3.01592e+16	9.77e-01	2.25e-02	9.02e-05
 3.01926e+16	9.78e-01	2.22e-02	8.77e-05
 3.02291e+16	9.78e-01	2.18e-02	8.48e-05
 3.02686e+16	9.78e-01	2.15e-02	8.20e-05
 3.03046e+16	9.79e-01	2.11e-02	7.96e-05
 3.03439e+16	9.79e-01	2.08e-02	7.68e-05
 3.03865e+16	9.80e-01	2.04e-02	7.41e-05
 3.04251e+16	9.80e-01	2.01e-02	7.19e-05
 3.04675e+16	9.80e-01	1.97e-02	6.92e-05
 3.05133e+16	9.81e-01	1.93e-02	6.67e-05
 3.05549e+16	9.81e-01	1.90e-02	6.45e-05
 3.06006e+16	9.81e-01	1.86e-02	6.20e-05
 3.06498e+16	9.82e-01	1.83e-02	5.96e-05
 3.06947e+16	9.82e-01	1.80e-02	5.76e-05
 3.07355e+16	9.82e-01	1.77e-02	5.58e-05
 3.07802e+16	9.83e-01	1.73e-02	5.37e-05
 3.08284e+16	9.83e-01	1.70e-02	5.18e-05
 3.08723e+16	9.83e-01	1.67e-02	5.01e-05
 3.09205e+16	9.84e-01	1.64e-02	4.81e-05
 3.09724e+16	9.84e-01	1.61e-02	4.63e-05
 3.10197e+16	9.84e-01	1.58e-02	4.47e-05
 3.10715e+16	9.84e-01	1.55e-02	4.29e-05
 3.11274e+16	9.85e-01	1.51e-02	4.11e-05
 3.11783e+16	9.85e-01	1.49e-02	3.97e-05
 3.12341e+16	9.85e-01	1.45e-02	3.79e-05
 3.12943e+16	9.86e-01	1.42e-02	3.63e-05
 3.13491e+16	9.86e-01	1.39e-02	3.50e-05
 3.13990e+16	9.86e-01	1.37e-02	3.38e-05
 3.14536e+16	9.87e-01	1.34e-02	3.24e-05
 3.15126e+16	9.87e-01	1.31e-02	3.11e-05
 3.15663e+16	9.87e-01	1.29e-02	3.00e-05
 3.16251e+16	9.87e-01	1.26e-02	2.87e-05
 3.16886e+16	9.88e-01	1.23e-02	2.75e-05
 3.17464e+16	9.88e-01	1.21e-02	2.65e-05
 3.18097e+16	9.88e-01	1.18e-02	2.53e-05
 3.18781e+16	9.88e-01	1.16e-02	2.41e-05
 3.19403e+16	9.89e-01	1.13e-02	2.32e-05
 3.20084e+16	9.89e-01	1.10e-02	2.21e-05
 3.20820e+16	9.89e-01	1.08e-02	2.11e-05
 3.21490e+16	9.89e-01	1.06e-02	2.02e-05
 3.22224e+16	9.90e-01	1.03e-02	1.92e-05
 3.23016e+16	9.90e-01	1.00e-02	1.83e-05
 3.23737e+16	9.90e-01	9.81e-03	1.75e-05
 3.24527e+16	9.90e-01	9.55e-03	1.66e-05
 3.25380e+16	9.91e-01	9.30e-03	1.57e-05
 3.26156e+16	9.91e-01	9.08e-03	1.50e-05
 3.27006e+16	9.91e-01	8.83e-03	1.42e-05
 3.27924e+16	9.91e-01	8.59e-03	1.35e-05
 3.28760e+16	9.92e-01	8.38e-03	1.28e-05
 3.29675e+16	9.92e-01	8.14e-03	1.21e-05
 3.30664e+16	9.92e-01	7.91e-03	1.14e-05
 3.31563e+16	9.92e-01	7.70e-03	1.09e-05
 3.32549e+16	9.93e-01	7.47e-03	1.02e-05
 3.33613e+16	9.93e-01	7.25e-03	9.64e-06
 3.34581e+16	9.93e-01	7.05e-03	9.14e-06
 3.35642e+16	9.93e-01	6.83e-03	8.58e-06
 3.36788e+16	9.93e-01	6.62e-03	8.06e-06
 3.37830e+16	9.94e-01	6.43e-03	7.62e-06
 3.38972e+16	9.94e-01	6.22e-03	7.13e-06
 3.40205e+16	9.94e-01	6.02e-03	6.68e-06
 3.41557e+16	9.94e-01	5.79e-03	6.19e-06
 3.43117e+16	9.94e-01	5.55e-03	5.69e-06
 3.44759e+16	9.95e-01	5.31e-03	5.22e-06
 3.46485e+16	9.95e-01	5.07e-03	4.77e-06
 3.48282e+16	9.95e-01	4.84e-03	4.35e-06
 3.50148e+16	9.95e-01	4.61e-03	3.96e-06
 3.52066e+16	9.96e-01	4.39e-03	3.59e-06
 3.54012e+16	9.96e-01	4.18e-03	3.26e-06
 3.55986e+16	9.96e-01	3.98e-03	2.96e-06
 3.57994e+16	9.96e-01	3.79e-03	2.69e-06
 3.60038e+16	9.96e-01	3.61e-03	2.44e-06
 3.62119e+16	9.97e-01	3.43e-03	2.21e-06
 3.64236e+16	9.97e-01	3.26e-03	2.00e-06
 3.66388e+16	9.97e-01	3.10e-03	1.81e-06
 3.68576e+16	9.97e-01	2.95e-03	1.63e-06
 3.70802e+16	9.97e-01	2.80e-03	1.48e-06
 3.73026e+16	9.97e-01	2.66e-03	1.34e-06
 3.75282e+16	9.97e-01	2.53e-03	1.21e-06
 3.77624e+16	9.98e-01	2.40e-03	1.09e-06
 3.80017e+16	9.98e-01	2.27e-03	9.78e-07
 3.82440e+16	9.98e-01	2.15e-03	8.80e-07
 3.84900e+16	9.98e-01	2.04e-03	7.90e-07
 3.87405e+16	9.98e-01	1.93e-03	7.09e-07
 3.89955e+16	9.98e-01	1.83e-03	6.35e-07
 3.92551e+16	9.98e-01	1.73e-03	5.68e-07
 3.95194e+16	9.98e-01	1.63e-03	5.08e-07
 3.97885e+16	9.98e-01	1.54e-03	4.54e-07
 4.00626e+16	9.99e-01	1.45e-03	4.04e-07
 4.03420e+16	9.99e-01	1.37e-03	3.60e-07
 4.06269e+16	9.99e-01	1.29e-03	3.20e-07
 4.09175e+16	9.99e-01	1.22e-03	2.84e-07
 4.12140e+16	9.99e-01	1.14e-03	2.51e-07
 4.15167e+16	9.99e-01	1.07e-03	2.22e-07
 4.18258e+16	9.99e-01	1.01e-03	1.96e-07
 4.21417e+16	9.99e-01	9.45e-04	1.72e-07
 4.24648e+16	9.99e-01	8.85e-04	1.51e-07
 4.27954e+16	9.99e-01	8.28e-04	1.32e-07
 4.31338e+16	9.99e-01	7.74e-04	1.16e-07
 4.34806e+16	9.99e-01	7.21e-04	1.01e-07
 4.38369e+16	9.99e-01	6.72e-04	8.76e-08
 4.41976e+16	9.99e-01	6.26e-04	7.60e-08
 4.45672e+16	9.99e-01	5.82e-04	6.57e-08
 4.49522e+16	9.99e-01	5.39e-04	5.65e-08
 4.53509e+16	1.00e+00	4.99e-04	4.83e-08
 4.57646e+16	1.00e+00	4.60e-04	4.11e-08
 4.61928e+16	1.00e+00	4.23e-04	3.48e-08
 4.66365e+16	1.00e+00	3.88e-04	2.93e-08
 4.70977e+16	1.00e+00	3.55e-04	2.46e-08
 4.75786e+16	1.00e+00	3.23e-04	2.04e-08
 4.80817e+16	1.00e+00	2.94e-04	1.68e-08
 4.86097e+16	1.00e+00	2.65e-04	1.38e-08
 4.91673e+16	1.00e+00	2.39e-04	1.11e-08
 4.97573e+16	1.00e+00	2.13e-04	8.89e-09
 5.03868e+16	1.00e+00	1.89e-04	7.00e-09
 5.10616e+16	1.00e+00	1.67e-04	5.43e-09
 5.17849e+16	1.00e+00	1.45e-04	4.14e-09
 5.25693e+16	1.00e+00	1.26e-04	3.09e-09
 5.34311e+16	1.00e+00	1.07e-04	2.24e-09
 5.43900e+16	1.00e+00	8.96e-05	1.57e-09
 5.54613e+16	1.00e+00	7.36e-05	1.06e-09
 5.66924e+16	1.00e+00	5.88e-05	6.80e-10
 5.80693e+16	1.00e+00	4.61e-05	4.17e-10
 5.94811e+16	1.00e+00	3.61e-05	2.56e-10
 6.08724e+16	1.00e+00	2.84e-05	1.60e-10
 6.22570e+16	1.00e+00	2.25e-05	1.00e-10
 6.36592e+16	1.00e+00	1.79e-05	6.33e-11
 6.50922e+16	1.00e+00	1.41e-05	3.98e-11
 6.65521e+16	1.00e+00	1.12e-05	2.51e-11
 6.80379e+16	1.00e+00	8.89e-06	1.58e-11
 6.95570e+16	1.00e+00	7.05e-06	9.96e-12
 7.11060e+16	1.00e+00	5.59e-06	6.28e-12
 7.26848e+16	1.00e+00	4.44e-06	3.96e-12
 7.42964e+16	1.00e+00	3.52e-06	2.50e-12
 7.59390e+16	1.00e+00	2.79e-06	1.58e-12
 7.76244e+16	1.00e+00	2.22e-06	9.95e-13
 7.93627e+16	1.00e+00	1.76e-06	6.25e-13
 8.11489e+16	1.00e+00	1.39e-06	3.92e-13
 8.29874e+16	1.00e+00	1.10e-06	2.45e-13
 8.48816e+16	1.00e+00	8.65e-07	1.52e-13
 8.68350e+16	1.00e+00	6.80e-07	9.43e-14
 8.88560e+16	1.00e+00	5.33e-07	5.81e-14
 9.09564e+16	1.00e+00	4.16e-07	3.54e-14
 9.31485e+16	1.00e+00	3.23e-07	2.14e-14
 9.54310e+16	1.00e+00	2.50e-07	1.28e-14
 9.77580e+16	1.00e+00	1.94e-07	7.69e-15
 1.00058e+17	1.00e+00	1.51e-07	4.70e-15
 1.02307e+17	1.00e+00	1.19e-07	2.93e-15
 1.04515e+17	1.00e+00	9.51e-08	1.86e-15
 1.06686e+17	1.00e+00	7.63e-08	1.20e-15
 1.08814e+17	1.00e+00	6.17e-08	7.87e-16
 1.10887e+17	1.00e+00	5.04e-08	5.25e-16
 1.12896e+17	1.00e+00	4.16e-08	3.57e-16
 1.14836e+17	1.00e+00	3.46e-08	2.47e-16
 1.16706e+17	1.00e+00	2.90e-08	1.74e-16
 1.18506e+17	1.00e+00	2.46e-08	1.25e-16
 1.20233e+17	1.00e+00	2.10e-08	9.14e-17
 1.21886e+17	1.00e+00	1.81e-08	6.79e-17
 1.23466e+17	1.00e+00	1.57e-08	5.12e-17
 1.24973e+17	1.00e+00	1.38e-08	3.93e-17
 1.26410e+17	1.00e+00	1.21e-08	3.06e-17
 1.27779e+17	1.00e+00	1.08e-08	2.41e-17
 1.29082e+17	1.00e+00	9.63e-09	1.93e-17
 1.30321e+17	1.00e+00	8.66e-09	1.56e-17
 1.31499e+17	1.00e+00	7.84e-09	1.28e-17
 1.32619e+17	1.00e+00	7.14e-09	1.06e-17
 1.33684e+17	1.00e+00	6.53e-09	8.87e-18
 1.34695e+17	1.00e+00	6.00e-09	7.50e-18
 1.35654e+17	1.00e+00	5.54e-09	6.40e-18
 1.36565e+17	1.00e+00	5.14e-09	5.51e-18
 1.37431e+17	1.00e+00	4.79e-09	4.78e-18
 1.38255e+17	1.00e+00	4.48e-09	4.18e-18
 1.39037e+17	1.00e+00	4.20e-09	3.68e-18
 1.39781e+17	1.00e+00	3.96e-09	3.27e-18
 1.40488e+17	1.00e+00	3.74e-09	2.92e-18
 1.41160e+17	1.00e+00	3.54e-09	2.62e-18
 1.41799e+17	1.00e+00	3.37e-09	2.36e-18
 1.42408e+17	1.00e+00	3.21e-09	2.15e-18
 1.42988e+17	1.00e+00	3.06e-09	1.96e-18
 1.43541e+17	1.00e+00	2.93e-09	1.79e-18
 1.44067e+17	1.00e+00	2.81e-09	1.65e-18
 1.44569e+17	1.00e+00	2.70e-09	1.52e-18
 1.45048e+17	1.00e+00	2.60e-09	1.41e-18
 1.45506e+17	1.00e+00	2.51e-09	1.32e-18
 1.45944e+17	1.00e+00	2.42e-09	1.23e-18
 1.46362e+17	1.00e+00	2.35e-09	1.15e-18
 1.46763e+17	1.00e+00	2.27e-09	1.08e-18
 1.47147e+17	1.00e+00	2.21e-09	1.02e-18
 1.47516e+17	1.00e+00	2.14e-09	9.61e-19
 1.47870e+17	1.00e+00	2.09e-09	9.10e-19
 1.48211e+17	1.00e+00	2.03e-09	8.63e-19
 1.48540e+17	1.00e+00	1.98e-09	8.20e-19
 1.48857e+17	1.00e+00	1.93e-09	7.81e-19
 1.49164e+17	1.00e+00	1.89e-09	7.45e-19
 1.49461e+17	1.00e+00	1.84e-09	7.11e-19
 1.49750e+17	1.00e+00	1.80e-09	6.80e-19
 1.50032e+17	1.00e+00	1.76e-09	6.51e-19
 1.50308e+17	1.00e+00	1.73e-09	6.24e-19
 1.50578e+17	1.00e+00	1.69e-09	5.99e-19
 1.50843e+17	1.00e+00	1.66e-09	5.75e-19
 1.51106e+17	1.00e+00	1.62e-09	5.52e-19
 1.51368e+17	1.00e+00	1.59e-09	5.31e-19
 1.51628e+17	1.00e+00	1.56e-09	5.10e-19
 1.51890e+17	1.00e+00	1.53e-09	4.90e-19
 1.52156e+17	1.00e+00	1.50e-09	4.70e-19
 1.52426e+17	1.00e+00	1.47e-09	4.51e-19
 1.52704e+17	1.00e+00	1.44e-09	4.32e-19
 1.52994e+17	1.00e+00	1.40e-09	4.13e-19
 1.53298e+17	1.00e+00	1.37e-09	3.94e-19
 1.53623e+17	1.00e+00	1.34e-09	3.75e-19
 1.53974e+17	1.00e+00	1.30e-09	3.55e-19
 1.54362e+17	1.00e+00	1.26e-09	3.35e-19
 1.54799e+17	1.00e+00	1.22e-09	3.13e-19
 1.55304e+17	1.00e+00	1.17e-09	2.90e-19
 1.55904e+17	1.00e+00	1.12e-09	2.64e-19
 1.56642e+17	1.00e+00	1.06e-09	2.35e-19
 1.57583e+17	1.00e+00	9.84e-10	2.03e-19
 1.58806e+17	1.00e+00	8.95e-10	1.68e-19
 1.60397e+17	1.00e+00	7.92e-10	1.32e-19
 1.62464e+17	1.00e+00	6.77e-10	9.63e-20
 1.65151e+17	1.00e+00	5.53e-10	6.43e-20
 1.68645e+17	1.00e+00	4.26e-10	3.83e-20
 1.73187e+17	1.00e+00	3.06e-10	1.97e-20
 1.78856e+17	1.00e+00	2.04e-10	8.81e-21
 1.85151e+17	1.00e+00	1.33e-10	0.00e+00
 1.91629e+17	1.00e+00	8.60e-11	0.00e+00
 1.98232e+17	1.00e+00	5.60e-11	0.00e+00
 2.04866e+17	1.00e+00	3.69e-11	0.00e+00
 2.11501e+17	1.00e+00	2.48e-11	0.00e+00
 2.18135e+17	1.00e+00	1.69e-11	0.00e+00
 2.24770e+17	1.00e+00	1.18e-11	0.00e+00
 2.31404e+17	1.00e+00	8.50e-12	0.00e+00
 2.38038e+17	1.00e+00	6.31e-12	0.00e+00
 2.44673e+17	1.00e+00	4.85e-12	0.00e+00
 2.51307e+17	1.00e+00	3.87e-12	0.00e+00
 2.57942e+17	1.00e+00	3.20e-12	0.00e+00
 2.64576e+17	1.00e+00	2.74e-12	0.00e+00
 2.71210e+17	1.00e+00	2.42e-12	0.00e+00
 2.77845e+17	1.00e+00	2.18e-12	0.00e+00
 2.84479e+17	1.00e+00	2.01e-12	0.00e+00
 2.91114e+17	1.00e+00	1.87e-12	0.00e+00
 2.97748e+17	1.00e+00	1.77e-12	0.00e+00
 3.04382e+17	1.00e+00	1.68e-12	0.00e+00
 3.11017e+17	1.00e+00	1.60e-12	0.00e+00
 3.17651e+17	1.00e+00	1.53e-12	0.00e+00
 3.24286e+17	1.00e+00	1.47e-12	0.00e+00
 3.31915e+17	1.00e+00	1.41e-12	0.00e+00
 3.41834e+17	1.00e+00	1.13e-12	0.00e+00
 3.54388e+17	1.00e+00	7.83e-13	0.00e+00
 3.68564e+17	1.00e+00	5.12e-13	0.00e+00
 3.82412e+17	1.00e+00	4.20e-13	0.00e+00
 3.94537e+17	1.00e+00	4.29e-13	0.00e+00
 4.04774e+17	1.00e+00	4.94e-13	0.00e+00
 4.14049e+17	1.00e+00	5.35e-13	0.00e+00
 4.24492e+17	1.00e+00	5.15e-13	0.00e+00
 4.36075e+17	1.00e+00	3.48e-13	0.00e+00
 4.45189e+17	1.00e+00	3.01e-13	0.00e+00
 4.49976e+17	1.00e+00	3.84e-13	0.00e+00
 4.51837e+17	1.00e+00	4.57e-13	0.00e+00
 4.52654e+17	1.00e+00	4.87e-13	0.00e+00
 4.53145e+17	1.00e+00	5.04e-13	0.00e+00
 4.53483e+17	1.00e+00	5.14e-13	0.00e+00
 4.53831e+17	1.00e+00	5.21e-13	0.00e+00
 4.54260e+17	1.00e+00	5.28e-13	0.00e+00
 4.54755e+17	1.00e+00	5.36e-13	0.00e+00
 4.55218e+17	1.00e+00	5.43e-13	0.00e+00
 4.55568e+17	1.00e+00	5.48e-13	0.00e+00
 4.55839e+17	1.00e+00	5.51e-13	0.00e+00
 4.56099e+17	1.00e+00	5.53e-13	0.00e+00
 4.56413e+17	1.00e+00	5.55e-13	0.00e+00
 4.56756e+17	1.00e+00	5.57e-13	0.00e+00
 4.57058e+17	1.00e+00	5.59e-13	0.00e+00
 4.57304e+17	1.00e+00	5.60e-13	0.00e+00
 4.57512e+17	1.00e+00	5.61e-13	0.00e+00
 4.57710e+17	1.00e+00	5.62e-13	0.00e+00
 4.57931e+17	1.00e+00	5.62e-13	0.00e+00
 4.58185e+17	1.00e+00	5.62e-13	0.00e+00
 4.58428e+17	1.00e+00	5.61e-13	0.00e+00
 4.58623e+17	1.00e+00	5.61e-13	0.00e+00
 4.58791e+17	1.00e+00	5.61e-13	0.00e+00
 4.58966e+17	1.00e+00	5.61e-13	0.00e+00
 4.59154e+17	1.00e+00	5.60e-13	0.00e+00
 4.59335e+17	1.00e+00	5.60e-13	0.00e+00
 4.59505e+17	1.00e+00	5.59e-13	0.00e+00
 4.59675e+17	1.00e+00	5.58e-13	0.00e+00
 4.59846e+17	1.00e+00	5.57e-13	0.00e+00
 4.60019e+17	1.00e+00	5.56e-13	0.00e+00
 4.60193e+17	1.00e+00	5.55e-13	0.00e+00
 4.60357e+17	1.00e+00	5.54e-13	0.00e+00
 4.60515e+17	1.00e+00	5.53e-13	0.00e+00
 4.60672e+17	1.00e+00	5.52e-13	0.00e+00
 4.60843e+17	1.00e+00	5.50e-13	0.00e+00
 4.61030e+17	1.00e+00	5.48e-13	0.00e+00
 4.61206e+17	1.00e+00	5.47e-13	0.00e+00
 4.61358e+17	1.00e+00	5.45e-13	0.00e+00
 4.61514e+17	1.00e+00	5.44e-13	0.00e+00
 4.61693e+17	1.00e+00	5.42e-13	0.00e+00
 4.61885e+17	1.00e+00	5.40e-13	0.00e+00
 4.62071e+17	1.00e+00	5.37e-13	0.00e+00
 4.62248e+17	1.00e+00	5.35e-13	0.00e+00
 4.62429e+17	1.00e+00	5.33e-13	0.00e+00
 4.62630e+17	1.00e+00	5.31e-13	0.00e+00
 4.62844e+17	1.00e+00	5.28e-13	0.00e+00
 4.63041e+17	1.00e+00	5.25e-13	0.00e+00
 4.63218e+17	1.00e+00	5.22e-13	0.00e+00
 4.63412e+17	1.00e+00	5.20e-13	0.00e+00
 4.63647e+17	1.00e+00	5.17e-13	0.00e+00
 4.63898e+17	1.00e+00	5.13e-13	0.00e+00
 4.64132e+17	1.00e+00	5.09e-13	0.00e+00
 4.64345e+17	1.00e+00	5.06e-13	0.00e+00
 4.64561e+17	1.00e+00	5.02e-13	0.00e+00
 4.64803e+17	1.00e+00	4.99e-13	0.00e+00
 4.65075e+17	1.00e+00	4.94e-13	0.00e+00
 4.65350e+17	1.00e+00	4.89e-13	0.00e+00
 4.65601e+17	1.00e+00	4.85e-13	0.00e+00
 4.65853e+17	1.00e+00	4.81e-13	0.00e+00
 4.66142e+17	1.00e+00	4.76e-13	0.00e+00
 4.66460e+17	1.00e+00	4.71e-13	0.00e+00
 4.66784e+17	1.00e+00	4.65e-13	0.00e+00
 4.67086e+17	1.00e+00	4.59e-13	0.00e+00
 4.67375e+17	1.00e+00	4.54e-13	0.00e+00
 4.67687e+17	1.00e+00	4.49e-13	0.00e+00
 4.68027e+17	1.00e+00	4.43e-13	0.00e+00
 4.68393e+17	1.00e+00	4.36e-13	0.00e+00
 4.68775e+17	1.00e+00	4.29e-13	0.00e+00
 4.69149e+17	1.00e+00	4.22e-13	0.00e+00
 4.69501e+17	1.00e+00	4.16e-13	0.00e+00
 4.69875e+17	1.00e+00	4.09e-13	0.00e+00
 4.70300e+17	1.00e+00	4.01e-13	0.00e+00
 4.70738e+17	1.00e+00	3.93e-13	0.00e+00
 4.71158e+17	1.00e+00	3.85e-13	0.00e+00
 4.71578e+17	1.00e+00	3.78e-13	0.00e+00
 4.72034e+17	1.00e+00	3.69e-13	0.00e+00
 4.72503e+17	1.00e+00	3.60e-13	0.00e+00
 4.72966e+17	1.00e+00	3.52e-13	0.00e+00
 4.73445e+17	1.00e+00	3.43e-13	0.00e+00
 4.73946e+17	1.00e+00	3.35e-13	0.00e+00
 4.74465e+17	1.00e+00	3.25e-13	0.00e+00
 4.74988e+17	1.00e+00	3.16e-13	0.00e+00
 4.75509e+17	1.00e+00	3.07e-13	0.00e+00
 4.76049e+17	1.00e+00	2.98e-13	0.00e+00
 4.76615e+17	1.00e+00	2.88e-13	0.00e+00
 4.77194e+17	1.00e+00	2.78e-13	0.00e+00
 4.77781e+17	1.00e+00	2.68e-13	0.00e+00
 4.78372e+17	1.00e+00	2.58e-13	0.00e+00
 4.78968e+17	1.00e+00	2.49e-13	0.00e+00
 4.79589e+17	1.00e+00	2.39e-13	0.00e+00
 4.80241e+17	1.00e+00	2.29e-13	0.00e+00
 4.80909e+17	1.00e+00	2.19e-13	0.00e+00
 4.81574e+17	1.00e+00	2.09e-13	0.00e+00
 4.82237e+17	1.00e+00	1.99e-13	0.00e+00
 4.82910e+17	1.00e+00	1.90e-13	0.00e+00
 4.83624e+17	1.00e+00	1.81e-13	0.00e+00
 4.84373e+17	1.00e+00	1.71e-13	0.00e+00
 4.85132e+17	1.00e+00	1.61e-13	0.00e+00
 4.85886e+17	1.00e+00	1.51e-13	0.00e+00
 4.86626e+17	1.00e+00	1.42e-13	0.00e+00
 4.87389e+17	1.00e+00	1.34e-13	0.00e+00
 4.88217e+17	1.00e+00	1.25e-13	0.00e+00
 4.89089e+17	1.00e+00	1.16e-13	0.00e+00
 4.89987e+17	1.00e+00	1.07e-13	0.00e+00
 4.90883e+17	1.00e+00	9.79e-14	0.00e+00
 4.91689e+17	1.00e+00	9.01e-14	0.00e+00
 4.92356e+17	1.00e+00	8.38e-14	0.00e+00
 4.92916e+17	1.00e+00	7.89e-14	0.00e+00
 4.93443e+17	1.00e+00	7.51e-14	0.00e+00
 4.93983e+17	1.00e+00	7.10e-14	0.00e+00
 4.94525e+17	1.00e+00	6.72e-14	0.00e+00
 4.95033e+17	1.00e+00	6.35e-14	0.00e+00
 4.95492e+17	1.00e+00	6.03e-14	0.00e+00
 4.95910e+17	1.00e+00	5.76e-14	0.00e+00
 4.96313e+17	1.00e+00	5.51e-14	0.00e+00
 4.96716e+17	1.00e+00	5.27e-14	0.00e+00
 4.97114e+17	1.00e+00	5.03e-14	0.00e+00
 4.97493e+17	1.00e+00	4.81e-14	0.00e+00
 4.97849e+17	1.00e+00	4.61e-14	0.00e+00
 4.98186e+17	1.00e+00	4.43e-14	0.00e+00
 4.98515e+17	1.00e+00	4.26e-14	0.00e+00
 4.98840e+17	1.00e+00	4.09e-14	0.00e+00
 4.99157e+17	1.00e+00	3.93e-14	0.00e+00
 4.99462e+17	1.00e+00	3.78e-14	0.00e+00
 4.99752e+17	1.00e+00	3.65e-14	0.00e+00
 5.00032e+17	1.00e+00	3.51e-14	0.00e+00
 5.00305e+17	1.00e+00	3.39e-14	0.00e+00
 5.00573e+17	1.00e+00	3.27e-14	0.00e+00
 5.00834e+17	1.00e+00	3.16e-14	0.00e+00
 5.01086e+17	1.00e+00	3.05e-14	0.00e+00
 5.01328e+17	1.00e+00	2.95e-14	0.00e+00
 5.01564e+17	1.00e+00	2.85e-14	0.00e+00
 5.01795e+17	1.00e+00	2.75e-14	0.00e+00
 5.02019e+17	1.00e+00	2.66e-14	0.00e+00
 5.02274e+17	1.00e+00	2.58e-14	0.00e+00
 5.02605e+17	1.00e+00	2.47e-14	0.00e+00
 5.03035e+17	1.00e+00	2.33e-14	0.00e+00
 5.03594e+17	1.00e+00	2.16e-14	0.00e+00
 5.04316e+17	1.00e+00	1.95e-14	0.00e+00
