#depth	C	C+	C+2	C+3	C+4	C+5	C+6	C[1]	C[2]	C[3]	C+[1]	C+[2]	CO
 1.49634e+10	0.00e+00	0.00e+00	8.48e-30	4.95e-20	1.13e-09	5.69e-04	9.99e-01	0.00e+00	0.00e+00	0.00e+00	0.00e+00	0.00e+00	0.00e+00
 4.54887e+10	0.00e+00	9.23e-40	1.16e-29	6.29e-20	1.32e-09	6.20e-04	9.99e-01	0.00e+00	0.00e+00	0.00e+00	0.00e+00	0.00e+00	0.00e+00
 7.72350e+10	0.00e+00	0.00e+00	1.60e-29	7.99e-20	1.55e-09	6.71e-04	9.99e-01	0.00e+00	0.00e+00	0.00e+00	0.00e+00	0.00e+00	1.53e-260
 1.10251e+11	0.00e+00	2.04e-39	2.20e-29	1.01e-19	1.83e-09	7.26e-04	9.99e-01	0.00e+00	0.00e+00	0.00e+00	0.00e+00	0.00e+00	0.00e+00
 1.41127e+11	0.00e+00	0.00e+00	2.92e-29	1.26e-19	2.11e-09	7.79e-04	9.99e-01	0.00e+00	0.00e+00	0.00e+00	0.00e+00	0.00e+00	2.02e-211
 1.68396e+11	0.00e+00	3.96e-39	3.74e-29	1.51e-19	2.39e-09	8.28e-04	9.99e-01	0.00e+00	0.00e+00	0.00e+00	0.00e+00	0.00e+00	0.00e+00
 1.98814e+11	0.00e+00	0.00e+00	4.89e-29	1.85e-19	2.74e-09	8.84e-04	9.99e-01	0.00e+00	0.00e+00	0.00e+00	0.00e+00	0.00e+00	8.39e-239
 2.35291e+11	0.00e+00	8.12e-39	6.66e-29	2.33e-19	3.20e-09	9.54e-04	9.99e-01	0.00e+00	0.00e+00	0.00e+00	0.00e+00	0.00e+00	1.33e-215
 2.72082e+11	0.00e+00	0.00e+00	8.96e-29	2.92e-19	3.71e-09	1.03e-03	9.99e-01	0.00e+00	0.00e+00	0.00e+00	0.00e+00	0.00e+00	4.27e-221
 3.06136e+11	0.00e+00	1.65e-38	1.17e-28	3.58e-19	4.26e-09	1.10e-03	9.99e-01	0.00e+00	0.00e+00	0.00e+00	0.00e+00	0.00e+00	0.00e+00
 3.44099e+11	0.00e+00	0.00e+00	1.57e-28	4.45e-19	4.94e-09	1.18e-03	9.99e-01	0.00e+00	0.00e+00	0.00e+00	0.00e+00	0.00e+00	1.40e-284
 3.87790e+11	0.00e+00	3.54e-38	2.17e-28	5.68e-19	5.83e-09	1.28e-03	9.99e-01	0.00e+00	0.00e+00	0.00e+00	0.00e+00	0.00e+00	2.27e-165
 4.30691e+11	0.00e+00	0.00e+00	2.94e-28	7.15e-19	6.80e-09	1.38e-03	9.99e-01	0.00e+00	0.00e+00	0.00e+00	0.00e+00	0.00e+00	4.86e-212
 4.71929e+11	0.00e+00	7.35e-38	3.90e-28	8.84e-19	7.85e-09	1.48e-03	9.99e-01	0.00e+00	0.00e+00	0.00e+00	0.00e+00	0.00e+00	2.08e-270
 5.17354e+11	0.00e+00	0.00e+00	5.29e-28	1.11e-18	9.18e-09	1.59e-03	9.98e-01	0.00e+00	0.00e+00	0.00e+00	0.00e+00	0.00e+00	4.83e-278
 5.65927e+11	0.00e+00	1.58e-37	7.21e-28	1.41e-18	1.08e-08	1.72e-03	9.98e-01	0.00e+00	0.00e+00	0.00e+00	0.00e+00	0.00e+00	0.00e+00
 6.11221e+11	0.00e+00	0.00e+00	9.54e-28	1.74e-18	1.24e-08	1.85e-03	9.98e-01	0.00e+00	0.00e+00	0.00e+00	0.00e+00	0.00e+00	7.95e-218
 6.60373e+11	0.00e+00	3.24e-37	1.28e-27	2.17e-18	1.45e-08	1.99e-03	9.98e-01	0.00e+00	0.00e+00	0.00e+00	0.00e+00	0.00e+00	6.16e-222
 7.16715e+11	0.00e+00	0.00e+00	1.78e-27	2.78e-18	1.71e-08	2.16e-03	9.98e-01	0.00e+00	0.00e+00	0.00e+00	0.00e+00	0.00e+00	1.18e-205
 7.71432e+11	0.00e+00	7.11e-37	2.42e-27	3.51e-18	2.00e-08	2.33e-03	9.98e-01	0.00e+00	0.00e+00	0.00e+00	0.00e+00	0.00e+00	1.46e-208
 8.17802e+11	0.00e+00	0.00e+00	3.11e-27	4.24e-18	2.27e-08	2.48e-03	9.98e-01	0.00e+00	0.00e+00	0.00e+00	0.00e+00	0.00e+00	0.00e+00
 8.58445e+11	0.00e+00	1.27e-36	3.86e-27	4.99e-18	2.54e-08	2.61e-03	9.97e-01	0.00e+00	0.00e+00	0.00e+00	0.00e+00	0.00e+00	0.00e+00
 9.05060e+11	5.92e-47	1.71e-36	4.91e-27	5.99e-18	2.88e-08	2.77e-03	9.97e-01	0.00e+00	0.00e+00	0.00e+00	0.00e+00	0.00e+00	4.63e-140
 9.64999e+11	0.00e+00	0.00e+00	6.63e-27	7.52e-18	3.36e-08	2.98e-03	9.97e-01	0.00e+00	0.00e+00	0.00e+00	0.00e+00	0.00e+00	0.00e+00
 1.02814e+12	0.00e+00	3.64e-36	9.00e-27	9.47e-18	3.93e-08	3.22e-03	9.97e-01	0.00e+00	0.00e+00	0.00e+00	0.00e+00	0.00e+00	1.16e-158
 1.08369e+12	2.14e-46	5.03e-36	1.17e-26	1.15e-17	4.50e-08	3.43e-03	9.97e-01	0.00e+00	0.00e+00	0.00e+00	0.00e+00	0.00e+00	3.24e-206
 1.14350e+12	0.00e+00	0.00e+00	1.54e-26	1.42e-17	5.18e-08	3.67e-03	9.96e-01	0.00e+00	0.00e+00	0.00e+00	0.00e+00	0.00e+00	0.00e+00
 1.21582e+12	0.00e+00	1.05e-35	2.12e-26	1.81e-17	6.11e-08	3.97e-03	9.96e-01	0.00e+00	0.00e+00	0.00e+00	0.00e+00	0.00e+00	2.79e-217
 1.28939e+12	8.26e-46	1.56e-35	2.90e-26	2.29e-17	7.19e-08	4.29e-03	9.96e-01	0.00e+00	0.00e+00	0.00e+00	0.00e+00	0.00e+00	2.95e-137
 1.35785e+12	0.00e+00	0.00e+00	3.85e-26	2.84e-17	8.32e-08	4.59e-03	9.95e-01	0.00e+00	0.00e+00	0.00e+00	0.00e+00	0.00e+00	0.00e+00
 1.43404e+12	0.00e+00	3.24e-35	5.24e-26	3.59e-17	9.77e-08	4.95e-03	9.95e-01	0.00e+00	0.00e+00	0.00e+00	0.00e+00	0.00e+00	1.55e-155
 1.52133e+12	3.29e-45	4.95e-35	7.36e-26	4.64e-17	1.16e-07	5.38e-03	9.95e-01	0.00e+00	0.00e+00	0.00e+00	0.00e+00	0.00e+00	0.00e+00
 1.60835e+12	0.00e+00	7.43e-35	1.02e-25	5.94e-17	1.38e-07	5.83e-03	9.94e-01	0.00e+00	0.00e+00	0.00e+00	0.00e+00	0.00e+00	2.35e-154
 1.69886e+12	8.78e-45	1.12e-34	1.42e-25	7.63e-17	1.64e-07	6.32e-03	9.94e-01	0.00e+00	0.00e+00	0.00e+00	0.00e+00	0.00e+00	1.78e-214
 1.78517e+12	0.00e+00	1.63e-34	1.93e-25	9.60e-17	1.91e-07	6.80e-03	9.93e-01	0.00e+00	0.00e+00	0.00e+00	0.00e+00	0.00e+00	3.07e-153
 1.85748e+12	2.00e-44	2.23e-34	2.47e-25	1.16e-16	2.18e-07	7.23e-03	9.93e-01	0.00e+00	0.00e+00	0.00e+00	0.00e+00	0.00e+00	0.00e+00
 1.93563e+12	0.00e+00	3.10e-34	3.22e-25	1.42e-16	2.50e-07	7.70e-03	9.92e-01	0.00e+00	0.00e+00	0.00e+00	0.00e+00	0.00e+00	2.44e-152
 2.03435e+12	4.79e-44	4.63e-34	4.46e-25	1.81e-16	2.95e-07	8.33e-03	9.92e-01	0.00e+00	0.00e+00	0.00e+00	0.00e+00	0.00e+00	2.63e-214
 2.13540e+12	0.00e+00	6.90e-34	6.15e-25	2.30e-16	3.48e-07	9.00e-03	9.91e-01	0.00e+00	0.00e+00	0.00e+00	0.00e+00	0.00e+00	3.28e-151
 2.22211e+12	1.16e-43	9.68e-34	8.07e-25	2.83e-16	4.00e-07	9.61e-03	9.90e-01	0.00e+00	0.00e+00	0.00e+00	0.00e+00	0.00e+00	2.27e-211
 2.31464e+12	0.00e+00	1.37e-33	1.07e-24	3.49e-16	4.63e-07	1.03e-02	9.90e-01	0.00e+00	0.00e+00	0.00e+00	0.00e+00	0.00e+00	2.96e-150
 2.42924e+12	2.92e-43	2.10e-33	1.50e-24	4.51e-16	5.51e-07	1.12e-02	9.89e-01	0.00e+00	0.00e+00	0.00e+00	0.00e+00	0.00e+00	3.68e-223
 2.54478e+12	0.00e+00	3.17e-33	2.10e-24	5.80e-16	6.55e-07	1.21e-02	9.88e-01	0.00e+00	0.00e+00	0.00e+00	0.00e+00	0.00e+00	4.39e-149
 2.64552e+12	7.38e-43	4.53e-33	2.80e-24	7.20e-16	7.58e-07	1.29e-02	9.87e-01	0.00e+00	0.00e+00	0.00e+00	0.00e+00	0.00e+00	0.00e+00
 2.75480e+12	0.00e+00	6.61e-33	3.79e-24	9.04e-16	8.86e-07	1.39e-02	9.86e-01	0.00e+00	0.00e+00	0.00e+00	0.00e+00	0.00e+00	4.51e-148
 2.88786e+12	1.98e-42	1.03e-32	5.43e-24	1.18e-15	1.06e-06	1.52e-02	9.85e-01	0.00e+00	0.00e+00	0.00e+00	0.00e+00	0.00e+00	0.00e+00
 3.01957e+12	0.00e+00	1.59e-32	7.69e-24	1.54e-15	1.27e-06	1.65e-02	9.84e-01	0.00e+00	0.00e+00	0.00e+00	0.00e+00	0.00e+00	7.34e-147
 3.13420e+12	5.20e-42	2.31e-32	1.04e-23	1.92e-15	1.48e-06	1.77e-02	9.82e-01	0.00e+00	0.00e+00	0.00e+00	0.00e+00	0.00e+00	4.31e-207
 3.25889e+12	0.00e+00	3.42e-32	1.42e-23	2.43e-15	1.74e-06	1.91e-02	9.81e-01	0.00e+00	0.00e+00	0.00e+00	0.00e+00	0.00e+00	8.05e-146
 3.41092e+12	1.46e-41	5.46e-32	2.07e-23	3.23e-15	2.10e-06	2.08e-02	9.79e-01	0.00e+00	0.00e+00	0.00e+00	0.00e+00	0.00e+00	3.05e-246
 3.56370e+12	0.00e+00	8.64e-32	3.00e-23	4.25e-15	2.54e-06	2.27e-02	9.77e-01	0.00e+00	0.00e+00	0.00e+00	0.00e+00	0.00e+00	1.46e-144
 3.70009e+12	4.11e-41	1.29e-31	4.13e-23	5.41e-15	2.99e-06	2.45e-02	9.75e-01	0.00e+00	0.00e+00	0.00e+00	0.00e+00	0.00e+00	0.00e+00
 3.84996e+12	0.00e+00	1.98e-31	5.84e-23	7.00e-15	3.55e-06	2.66e-02	9.73e-01	0.00e+00	0.00e+00	0.00e+00	0.00e+00	0.00e+00	1.90e-143
 4.02832e+12	1.24e-40	3.24e-31	8.69e-23	9.42e-15	4.34e-06	2.92e-02	9.71e-01	0.00e+00	0.00e+00	0.00e+00	0.00e+00	0.00e+00	0.00e+00
 4.20666e+12	0.00e+00	5.22e-31	1.28e-22	1.26e-14	5.28e-06	3.20e-02	9.68e-01	0.00e+00	0.00e+00	0.00e+00	0.00e+00	0.00e+00	3.83e-142
 4.35306e+12	3.49e-40	7.64e-31	1.74e-22	1.58e-14	6.16e-06	3.44e-02	9.66e-01	0.00e+00	0.00e+00	0.00e+00	0.00e+00	0.00e+00	1.13e-256
 4.47434e+12	0.00e+00	1.04e-30	2.22e-22	1.90e-14	6.97e-06	3.65e-02	9.64e-01	0.00e+00	0.00e+00	0.00e+00	0.00e+00	0.00e+00	3.18e-141
 4.61134e+12	7.57e-40	1.46e-30	2.92e-22	2.33e-14	8.00e-06	3.89e-02	9.61e-01	0.00e+00	0.00e+00	0.00e+00	0.00e+00	0.00e+00	0.00e+00
 4.78944e+12	0.00e+00	2.23e-30	4.12e-22	3.01e-14	9.51e-06	4.21e-02	9.58e-01	0.00e+00	0.00e+00	0.00e+00	0.00e+00	0.00e+00	3.33e-140
 4.98150e+12	2.15e-39	3.47e-30	5.89e-22	3.93e-14	1.14e-05	4.58e-02	9.54e-01	0.00e+00	0.00e+00	0.00e+00	0.00e+00	0.00e+00	2.33e-255
 5.14556e+12	0.00e+00	5.00e-30	7.92e-22	4.90e-14	1.32e-05	4.91e-02	9.51e-01	0.00e+00	0.00e+00	0.00e+00	0.00e+00	0.00e+00	3.99e-139
 5.29004e+12	4.84e-39	6.83e-30	1.02e-21	5.92e-14	1.50e-05	5.20e-02	9.48e-01	0.00e+00	0.00e+00	0.00e+00	0.00e+00	0.00e+00	0.00e+00
 5.45518e+12	0.00e+00	9.66e-30	1.35e-21	7.29e-14	1.72e-05	5.55e-02	9.44e-01	0.00e+00	0.00e+00	0.00e+00	0.00e+00	0.00e+00	3.00e-138
 5.66987e+12	1.23e-38	1.49e-29	1.91e-21	9.48e-14	2.05e-05	6.02e-02	9.40e-01	0.00e+00	0.00e+00	0.00e+00	0.00e+00	0.00e+00	0.00e+00
 5.89129e+12	0.00e+00	2.29e-29	2.71e-21	1.23e-13	2.44e-05	6.53e-02	9.35e-01	0.00e+00	0.00e+00	0.00e+00	0.00e+00	0.00e+00	4.25e-137
 6.07502e+12	3.11e-38	3.22e-29	3.57e-21	1.51e-13	2.80e-05	6.96e-02	9.30e-01	0.00e+00	0.00e+00	0.00e+00	0.00e+00	0.00e+00	2.23e-239
 6.26742e+12	0.00e+00	4.56e-29	4.73e-21	1.86e-13	3.22e-05	7.43e-02	9.26e-01	0.00e+00	0.00e+00	0.00e+00	0.00e+00	0.00e+00	3.55e-136
 6.51754e+12	7.94e-38	7.04e-29	6.73e-21	2.43e-13	3.84e-05	8.05e-02	9.19e-01	0.00e+00	0.00e+00	0.00e+00	0.00e+00	0.00e+00	0.00e+00
 6.77720e+12	0.00e+00	1.09e-28	9.55e-21	3.15e-13	4.56e-05	8.73e-02	9.13e-01	0.00e+00	0.00e+00	0.00e+00	0.00e+00	0.00e+00	5.13e-135
 6.99548e+12	2.02e-37	1.54e-28	1.27e-20	3.89e-13	5.25e-05	9.31e-02	9.07e-01	0.00e+00	0.00e+00	0.00e+00	0.00e+00	0.00e+00	0.00e+00
 7.22545e+12	0.00e+00	2.19e-28	1.69e-20	4.83e-13	6.05e-05	9.93e-02	9.01e-01	0.00e+00	0.00e+00	0.00e+00	0.00e+00	0.00e+00	4.50e-134
 7.51750e+12	5.20e-37	3.38e-28	2.40e-20	6.27e-13	7.20e-05	1.08e-01	8.92e-01	0.00e+00	0.00e+00	0.00e+00	0.00e+00	0.00e+00	1.50e-99
 7.81941e+12	0.00e+00	5.20e-28	3.40e-20	8.13e-13	8.54e-05	1.16e-01	8.84e-01	0.00e+00	0.00e+00	0.00e+00	0.00e+00	0.00e+00	0.00e+00
 8.08241e+12	1.34e-36	7.44e-28	4.54e-20	1.01e-12	9.85e-05	1.24e-01	8.76e-01	0.00e+00	0.00e+00	0.00e+00	0.00e+00	0.00e+00	1.76e-115
 8.36570e+12	0.00e+00	1.08e-27	6.14e-20	1.27e-12	1.14e-04	1.33e-01	8.67e-01	0.00e+00	0.00e+00	0.00e+00	0.00e+00	0.00e+00	1.03e-99
 8.71130e+12	3.52e-36	1.67e-27	8.75e-20	1.65e-12	1.36e-04	1.43e-01	8.56e-01	0.00e+00	0.00e+00	0.00e+00	0.00e+00	0.00e+00	0.00e+00
 9.06376e+12	0.00e+00	2.56e-27	1.24e-19	2.13e-12	1.61e-04	1.55e-01	8.45e-01	0.00e+00	0.00e+00	0.00e+00	0.00e+00	0.00e+00	9.18e-131
 9.38743e+12	9.19e-36	3.73e-27	1.67e-19	2.67e-12	1.86e-04	1.65e-01	8.35e-01	0.00e+00	0.00e+00	0.00e+00	0.00e+00	0.00e+00	5.21e-97
 9.67807e+12	0.00e+00	5.16e-27	2.18e-19	3.26e-12	2.12e-04	1.75e-01	8.25e-01	0.00e+00	0.00e+00	0.00e+00	0.00e+00	0.00e+00	0.00e+00
 9.98617e+12	2.02e-35	7.20e-27	2.86e-19	3.98e-12	2.41e-04	1.85e-01	8.15e-01	0.00e+00	0.00e+00	0.00e+00	0.00e+00	0.00e+00	1.13e-112
 1.03098e+13	0.00e+00	1.01e-26	3.76e-19	4.88e-12	2.76e-04	1.96e-01	8.04e-01	0.00e+00	0.00e+00	0.00e+00	0.00e+00	0.00e+00	2.43e-97
 1.05865e+13	4.25e-35	1.34e-26	4.72e-19	5.78e-12	3.07e-04	2.06e-01	7.94e-01	0.00e+00	0.00e+00	0.00e+00	0.00e+00	0.00e+00	6.69e-112
 1.08789e+13	0.00e+00	1.78e-26	5.96e-19	6.88e-12	3.44e-04	2.16e-01	7.84e-01	0.00e+00	0.00e+00	0.00e+00	0.00e+00	0.00e+00	9.80e-97
 1.12591e+13	9.26e-35	2.56e-26	7.99e-19	8.56e-12	3.95e-04	2.29e-01	7.70e-01	0.00e+00	0.00e+00	0.00e+00	0.00e+00	0.00e+00	4.34e-111
 1.16507e+13	1.43e-34	3.68e-26	1.07e-18	1.06e-11	4.55e-04	2.43e-01	7.56e-01	0.00e+00	0.00e+00	0.00e+00	0.00e+00	0.00e+00	1.42e-94
 1.19757e+13	2.02e-34	4.91e-26	1.35e-18	1.26e-11	5.08e-04	2.55e-01	7.45e-01	0.00e+00	0.00e+00	0.00e+00	0.00e+00	0.00e+00	2.82e-110
 1.23166e+13	2.87e-34	6.59e-26	1.72e-18	1.51e-11	5.68e-04	2.67e-01	7.32e-01	0.00e+00	0.00e+00	0.00e+00	0.00e+00	0.00e+00	5.94e-94
 1.27598e+13	4.46e-34	9.55e-26	2.32e-18	1.88e-11	6.55e-04	2.83e-01	7.16e-01	0.00e+00	0.00e+00	0.00e+00	0.00e+00	0.00e+00	1.92e-109
 1.32249e+13	6.99e-34	1.39e-25	3.15e-18	2.36e-11	7.55e-04	3.00e-01	6.99e-01	0.00e+00	0.00e+00	0.00e+00	0.00e+00	0.00e+00	3.69e-93
 1.36243e+13	1.01e-33	1.90e-25	4.05e-18	2.85e-11	8.49e-04	3.15e-01	6.85e-01	0.00e+00	0.00e+00	0.00e+00	0.00e+00	0.00e+00	1.40e-108
 1.40489e+13	1.48e-33	2.61e-25	5.24e-18	3.44e-11	9.57e-04	3.30e-01	6.69e-01	0.00e+00	0.00e+00	0.00e+00	0.00e+00	0.00e+00	1.72e-92
 1.45897e+13	2.37e-33	3.86e-25	7.21e-18	4.36e-11	1.11e-03	3.49e-01	6.49e-01	0.00e+00	0.00e+00	0.00e+00	0.00e+00	0.00e+00	1.10e-107
 1.51513e+13	3.80e-33	5.72e-25	9.92e-18	5.52e-11	1.28e-03	3.70e-01	6.29e-01	0.00e+00	0.00e+00	0.00e+00	0.00e+00	0.00e+00	1.17e-91
 1.56432e+13	5.64e-33	7.96e-25	1.30e-17	6.73e-11	1.45e-03	3.87e-01	6.11e-01	0.00e+00	0.00e+00	0.00e+00	0.00e+00	0.00e+00	9.02e-107
 1.61744e+13	8.50e-33	1.12e-24	1.72e-17	8.26e-11	1.65e-03	4.06e-01	5.93e-01	0.00e+00	0.00e+00	0.00e+00	0.00e+00	0.00e+00	6.06e-91
 1.68190e+13	1.37e-32	1.68e-24	2.38e-17	1.05e-10	1.91e-03	4.28e-01	5.70e-01	0.00e+00	0.00e+00	0.00e+00	0.00e+00	0.00e+00	7.92e-106
 1.74794e+13	2.20e-32	2.49e-24	3.29e-17	1.33e-10	2.21e-03	4.51e-01	5.47e-01	0.00e+00	0.00e+00	0.00e+00	0.00e+00	0.00e+00	4.19e-90
 1.80620e+13	3.29e-32	3.49e-24	4.33e-17	1.63e-10	2.50e-03	4.70e-01	5.27e-01	0.00e+00	0.00e+00	0.00e+00	0.00e+00	0.00e+00	6.65e-105
 1.86753e+13	4.92e-32	4.89e-24	5.71e-17	2.00e-10	2.82e-03	4.90e-01	5.07e-01	0.00e+00	0.00e+00	0.00e+00	0.00e+00	0.00e+00	2.14e-89
 1.94174e+13	7.87e-32	7.26e-24	7.89e-17	2.53e-10	3.25e-03	5.13e-01	4.84e-01	0.00e+00	0.00e+00	0.00e+00	0.00e+00	0.00e+00	5.67e-104
 2.00601e+13	1.16e-31	1.01e-23	1.04e-16	3.09e-10	3.66e-03	5.33e-01	4.64e-01	0.00e+00	0.00e+00	0.00e+00	0.00e+00	0.00e+00	1.21e-88
 2.04973e+13	1.50e-31	1.25e-23	1.23e-16	3.52e-10	3.95e-03	5.45e-01	4.51e-01	0.00e+00	0.00e+00	0.00e+00	0.00e+00	0.00e+00	2.78e-103
 2.09343e+13	1.93e-31	1.54e-23	1.47e-16	3.99e-10	4.26e-03	5.58e-01	4.38e-01	0.00e+00	0.00e+00	0.00e+00	0.00e+00	0.00e+00	3.36e-88
 2.15023e+13	2.64e-31	2.01e-23	1.82e-16	4.68e-10	4.68e-03	5.73e-01	4.22e-01	0.00e+00	0.00e+00	0.00e+00	0.00e+00	0.00e+00	1.12e-102
 2.21437e+13	3.73e-31	2.69e-23	2.32e-16	5.58e-10	5.18e-03	5.91e-01	4.04e-01	0.00e+00	0.00e+00	0.00e+00	0.00e+00	0.00e+00	1.27e-87
 2.27550e+13	5.11e-31	3.51e-23	2.89e-16	6.55e-10	5.69e-03	6.06e-01	3.88e-01	0.00e+00	0.00e+00	0.00e+00	0.00e+00	0.00e+00	5.76e-102
 2.34242e+13	7.12e-31	4.64e-23	3.63e-16	7.74e-10	6.27e-03	6.22e-01	3.72e-01	0.00e+00	0.00e+00	0.00e+00	0.00e+00	0.00e+00	4.70e-87
 2.41695e+13	1.02e-30	6.27e-23	4.66e-16	9.29e-10	6.96e-03	6.39e-01	3.54e-01	0.00e+00	0.00e+00	0.00e+00	0.00e+00	0.00e+00	3.23e-101
 2.48647e+13	1.40e-30	8.22e-23	5.82e-16	1.09e-09	7.64e-03	6.54e-01	3.38e-01	0.00e+00	0.00e+00	0.00e+00	0.00e+00	0.00e+00	1.85e-86
 2.56195e+13	1.95e-30	1.09e-22	7.33e-16	1.29e-09	8.40e-03	6.70e-01	3.22e-01	0.00e+00	0.00e+00	0.00e+00	0.00e+00	0.00e+00	1.67e-100
 2.65820e+13	2.94e-30	1.53e-22	9.72e-16	1.59e-09	9.43e-03	6.88e-01	3.03e-01	0.00e+00	0.00e+00	0.00e+00	0.00e+00	0.00e+00	8.44e-86
 2.75537e+13	4.35e-30	2.13e-22	1.28e-15	1.93e-09	1.05e-02	7.05e-01	2.85e-01	0.00e+00	0.00e+00	0.00e+00	0.00e+00	0.00e+00	1.28e-99
 2.83637e+13	5.94e-30	2.77e-22	1.58e-15	2.26e-09	1.15e-02	7.18e-01	2.71e-01	0.00e+00	0.00e+00	0.00e+00	0.00e+00	0.00e+00	3.63e-85
 2.92240e+13	8.17e-30	3.62e-22	1.96e-15	2.64e-09	1.25e-02	7.30e-01	2.57e-01	0.00e+00	0.00e+00	0.00e+00	0.00e+00	0.00e+00	6.55e-99
 3.03195e+13	1.21e-29	5.02e-22	2.56e-15	3.19e-09	1.39e-02	7.45e-01	2.41e-01	0.00e+00	0.00e+00	0.00e+00	0.00e+00	0.00e+00	1.62e-84
 3.14988e+13	1.80e-29	7.02e-22	3.37e-15	3.88e-09	1.55e-02	7.59e-01	2.25e-01	0.00e+00	0.00e+00	0.00e+00	0.00e+00	0.00e+00	5.16e-98
 3.25615e+13	2.55e-29	9.36e-22	4.25e-15	4.58e-09	1.70e-02	7.71e-01	2.12e-01	0.00e+00	0.00e+00	0.00e+00	0.00e+00	0.00e+00	8.03e-84
 3.34752e+13	3.39e-29	1.19e-21	5.13e-15	5.24e-09	1.82e-02	7.80e-01	2.02e-01	0.00e+00	0.00e+00	0.00e+00	0.00e+00	0.00e+00	2.74e-97
 3.44437e+13	4.54e-29	1.51e-21	6.24e-15	6.01e-09	1.97e-02	7.89e-01	1.92e-01	0.00e+00	0.00e+00	0.00e+00	0.00e+00	0.00e+00	2.85e-83
 3.57028e+13	6.56e-29	2.05e-21	7.96e-15	7.15e-09	2.16e-02	7.99e-01	1.80e-01	0.00e+00	0.00e+00	0.00e+00	0.00e+00	0.00e+00	1.60e-96
 3.70093e+13	9.47e-29	2.78e-21	1.01e-14	8.48e-09	2.36e-02	8.09e-01	1.68e-01	0.00e+00	0.00e+00	0.00e+00	0.00e+00	0.00e+00	1.43e-82
 3.81092e+13	1.27e-28	3.55e-21	1.23e-14	9.70e-09	2.54e-02	8.16e-01	1.59e-01	0.00e+00	0.00e+00	0.00e+00	0.00e+00	0.00e+00	9.51e-96
 3.92710e+13	1.73e-28	4.55e-21	1.50e-14	1.11e-08	2.73e-02	8.22e-01	1.50e-01	0.00e+00	0.00e+00	0.00e+00	0.00e+00	0.00e+00	5.54e-82
 4.07412e+13	2.50e-28	6.17e-21	1.90e-14	1.31e-08	2.98e-02	8.30e-01	1.40e-01	0.00e+00	0.00e+00	0.00e+00	0.00e+00	0.00e+00	5.93e-95
 4.22270e+13	3.58e-28	8.30e-21	2.40e-14	1.54e-08	3.25e-02	8.36e-01	1.31e-01	0.00e+00	0.00e+00	0.00e+00	0.00e+00	0.00e+00	2.88e-81
 4.34686e+13	4.78e-28	1.05e-20	2.88e-14	1.75e-08	3.47e-02	8.41e-01	1.24e-01	0.00e+00	0.00e+00	0.00e+00	0.00e+00	0.00e+00	3.48e-94
 4.47781e+13	6.43e-28	1.34e-20	3.48e-14	1.99e-08	3.71e-02	8.46e-01	1.17e-01	0.00e+00	0.00e+00	0.00e+00	0.00e+00	0.00e+00	1.11e-80
 4.64435e+13	9.26e-28	1.80e-20	4.37e-14	2.34e-08	4.03e-02	8.50e-01	1.09e-01	0.00e+00	0.00e+00	0.00e+00	0.00e+00	0.00e+00	2.13e-93
 4.82087e+13	1.34e-27	2.44e-20	5.53e-14	2.75e-08	4.38e-02	8.55e-01	1.02e-01	0.00e+00	0.00e+00	0.00e+00	0.00e+00	0.00e+00	6.04e-80
 4.97956e+13	1.85e-27	3.16e-20	6.76e-14	3.15e-08	4.69e-02	8.58e-01	9.54e-02	0.00e+00	0.00e+00	0.00e+00	0.00e+00	0.00e+00	1.44e-92
 5.15138e+13	2.59e-27	4.15e-20	8.34e-14	3.63e-08	5.05e-02	8.60e-01	8.93e-02	0.00e+00	0.00e+00	0.00e+00	0.00e+00	0.00e+00	2.80e-79
 5.35496e+13	3.79e-27	5.66e-20	1.06e-13	4.27e-08	5.48e-02	8.63e-01	8.27e-02	0.00e+00	0.00e+00	0.00e+00	0.00e+00	0.00e+00	1.06e-91
 5.55599e+13	5.45e-27	7.60e-20	1.33e-13	4.99e-08	5.93e-02	8.64e-01	7.67e-02	0.00e+00	0.00e+00	0.00e+00	0.00e+00	0.00e+00	1.60e-78
 5.73966e+13	7.51e-27	9.85e-20	1.62e-13	5.70e-08	6.34e-02	8.65e-01	7.19e-02	0.00e+00	0.00e+00	0.00e+00	0.00e+00	0.00e+00	7.04e-91
 5.94461e+13	1.06e-26	1.30e-19	2.00e-13	6.57e-08	6.81e-02	8.65e-01	6.69e-02	0.00e+00	0.00e+00	0.00e+00	0.00e+00	0.00e+00	7.68e-78
 6.16547e+13	1.51e-26	1.74e-19	2.49e-13	7.63e-08	7.34e-02	8.65e-01	6.21e-02	0.00e+00	0.00e+00	0.00e+00	0.00e+00	0.00e+00	5.01e-90
 6.36251e+13	2.06e-26	2.23e-19	3.02e-13	8.68e-08	7.82e-02	8.64e-01	5.81e-02	0.00e+00	0.00e+00	0.00e+00	0.00e+00	0.00e+00	3.67e-77
 6.57417e+13	2.83e-26	2.88e-19	3.67e-13	9.90e-08	8.35e-02	8.62e-01	5.43e-02	0.00e+00	0.00e+00	0.00e+00	0.00e+00	0.00e+00	2.89e-89
 6.82917e+13	4.10e-26	3.89e-19	4.61e-13	1.15e-07	9.00e-02	8.60e-01	5.01e-02	0.00e+00	0.00e+00	0.00e+00	0.00e+00	0.00e+00	1.89e-76
 7.06853e+13	5.73e-26	5.10e-19	5.68e-13	1.33e-07	9.64e-02	8.57e-01	4.65e-02	0.00e+00	0.00e+00	0.00e+00	0.00e+00	0.00e+00	4.15e-76
 7.25109e+13	7.34e-26	6.22e-19	6.61e-13	1.47e-07	1.01e-01	8.55e-01	4.40e-02	0.00e+00	0.00e+00	0.00e+00	0.00e+00	0.00e+00	7.47e-76
 7.43181e+13	9.32e-26	7.54e-19	7.65e-13	1.62e-07	1.06e-01	8.52e-01	4.17e-02	0.00e+00	0.00e+00	0.00e+00	0.00e+00	0.00e+00	1.32e-75
 7.66675e+13	1.26e-25	9.61e-19	9.22e-13	1.84e-07	1.13e-01	8.48e-01	3.89e-02	0.00e+00	0.00e+00	0.00e+00	0.00e+00	0.00e+00	2.67e-75
 7.91580e+13	1.71e-25	1.23e-18	1.11e-12	2.08e-07	1.20e-01	8.44e-01	3.63e-02	0.00e+00	0.00e+00	0.00e+00	0.00e+00	0.00e+00	5.60e-75
 8.13384e+13	2.22e-25	1.52e-18	1.31e-12	2.32e-07	1.26e-01	8.40e-01	3.41e-02	0.00e+00	0.00e+00	0.00e+00	0.00e+00	0.00e+00	1.03e-74
 8.36791e+13	2.92e-25	1.90e-18	1.55e-12	2.59e-07	1.33e-01	8.35e-01	3.20e-02	0.00e+00	0.00e+00	0.00e+00	0.00e+00	0.00e+00	1.97e-74
 8.67171e+13	4.10e-25	2.50e-18	1.91e-12	2.99e-07	1.42e-01	8.28e-01	2.95e-02	0.00e+00	0.00e+00	0.00e+00	0.00e+00	0.00e+00	4.42e-74
 8.98047e+13	5.72e-25	3.28e-18	2.35e-12	3.42e-07	1.52e-01	8.21e-01	2.72e-02	0.00e+00	0.00e+00	0.00e+00	0.00e+00	0.00e+00	9.84e-74
 9.23292e+13	7.44e-25	4.05e-18	2.77e-12	3.82e-07	1.60e-01	8.15e-01	2.54e-02	0.00e+00	0.00e+00	0.00e+00	0.00e+00	0.00e+00	1.82e-73
 9.49785e+13	9.73e-25	5.03e-18	3.27e-12	4.26e-07	1.68e-01	8.08e-01	2.38e-02	0.00e+00	0.00e+00	0.00e+00	0.00e+00	0.00e+00	3.45e-73
 9.84204e+13	1.36e-24	6.60e-18	4.02e-12	4.89e-07	1.79e-01	7.99e-01	2.18e-02	0.00e+00	0.00e+00	0.00e+00	0.00e+00	0.00e+00	7.68e-73
 1.02045e+14	1.92e-24	8.70e-18	4.96e-12	5.62e-07	1.90e-01	7.90e-01	2.00e-02	0.00e+00	0.00e+00	0.00e+00	0.00e+00	0.00e+00	1.74e-72
 1.05193e+14	2.55e-24	1.09e-17	5.93e-12	6.33e-07	2.01e-01	7.81e-01	1.85e-02	0.00e+00	0.00e+00	0.00e+00	0.00e+00	0.00e+00	3.40e-72
 1.08568e+14	3.42e-24	1.39e-17	7.11e-12	7.13e-07	2.12e-01	7.71e-01	1.71e-02	0.00e+00	0.00e+00	0.00e+00	0.00e+00	0.00e+00	6.92e-72
 1.12700e+14	4.84e-24	1.84e-17	8.83e-12	8.23e-07	2.26e-01	7.59e-01	1.56e-02	0.00e+00	0.00e+00	0.00e+00	0.00e+00	0.00e+00	1.58e-71
 1.16824e+14	6.76e-24	2.41e-17	1.08e-11	9.41e-07	2.39e-01	7.46e-01	1.42e-02	0.00e+00	0.00e+00	0.00e+00	0.00e+00	0.00e+00	3.52e-71
 1.20446e+14	8.96e-24	3.03e-17	1.29e-11	1.05e-06	2.52e-01	7.35e-01	1.31e-02	0.00e+00	0.00e+00	0.00e+00	0.00e+00	0.00e+00	6.96e-71
 1.24411e+14	1.21e-23	3.85e-17	1.55e-11	1.19e-06	2.65e-01	7.23e-01	1.21e-02	0.00e+00	0.00e+00	0.00e+00	0.00e+00	0.00e+00	1.42e-70
 1.29200e+14	1.70e-23	5.07e-17	1.92e-11	1.37e-06	2.81e-01	7.08e-01	1.09e-02	0.00e+00	0.00e+00	0.00e+00	1.63e-17	3.45e-17	3.21e-70
 1.33973e+14	2.36e-23	6.62e-17	2.35e-11	1.56e-06	2.97e-01	6.93e-01	9.89e-03	0.00e+00	0.00e+00	0.00e+00	2.20e-17	4.43e-17	7.18e-70
 1.38280e+14	3.15e-23	8.36e-17	2.80e-11	1.74e-06	3.11e-01	6.80e-01	9.07e-03	0.00e+00	0.00e+00	0.00e+00	2.77e-17	5.59e-17	1.45e-69
 1.43067e+14	4.28e-23	1.07e-16	3.37e-11	1.97e-06	3.27e-01	6.65e-01	8.26e-03	0.00e+00	0.00e+00	0.00e+00	3.55e-17	7.15e-17	3.06e-69
 1.48703e+14	6.03e-23	1.41e-16	4.18e-11	2.26e-06	3.46e-01	6.47e-01	7.41e-03	0.00e+00	0.00e+00	0.00e+00	4.67e-17	9.42e-17	6.98e-69
 1.54264e+14	8.36e-23	1.83e-16	5.09e-11	2.56e-06	3.63e-01	6.30e-01	6.68e-03	0.00e+00	0.00e+00	0.00e+00	6.07e-17	1.23e-16	1.56e-68
 1.58983e+14	1.09e-22	2.27e-16	5.99e-11	2.84e-06	3.78e-01	6.16e-01	6.13e-03	0.00e+00	0.00e+00	0.00e+00	7.53e-17	1.52e-16	3.01e-68
 1.63788e+14	1.42e-22	2.80e-16	7.02e-11	3.14e-06	3.93e-01	6.01e-01	5.63e-03	0.00e+00	0.00e+00	0.00e+00	9.29e-17	1.87e-16	5.77e-68
 1.68875e+14	1.87e-22	3.49e-16	8.25e-11	3.48e-06	4.08e-01	5.87e-01	5.15e-03	0.00e+00	0.00e+00	0.00e+00	1.16e-16	2.33e-16	1.14e-67
 1.73285e+14	2.34e-22	4.18e-16	9.45e-11	3.79e-06	4.21e-01	5.74e-01	4.78e-03	0.00e+00	0.00e+00	0.00e+00	1.38e-16	2.79e-16	1.99e-67
 1.77975e+14	2.95e-22	5.03e-16	1.09e-10	4.14e-06	4.35e-01	5.60e-01	4.42e-03	0.00e+00	0.00e+00	0.00e+00	1.67e-16	3.37e-16	3.57e-67
 1.84071e+14	3.96e-22	6.37e-16	1.30e-10	4.61e-06	4.52e-01	5.44e-01	4.00e-03	0.00e+00	0.00e+00	0.00e+00	2.11e-16	4.26e-16	7.51e-67
 1.90299e+14	5.26e-22	7.99e-16	1.54e-10	5.13e-06	4.70e-01	5.27e-01	3.61e-03	0.00e+00	0.00e+00	0.00e+00	2.65e-16	5.34e-16	1.51e-66
 1.95369e+14	6.60e-22	9.57e-16	1.76e-10	5.57e-06	4.83e-01	5.13e-01	3.33e-03	0.00e+00	0.00e+00	0.00e+00	3.17e-16	6.40e-16	2.68e-66
 2.00629e+14	8.31e-22	1.15e-15	2.02e-10	6.05e-06	4.97e-01	5.00e-01	3.08e-03	0.00e+00	0.00e+00	0.00e+00	3.80e-16	7.68e-16	4.81e-66
 2.07468e+14	1.11e-21	1.45e-15	2.38e-10	6.69e-06	5.14e-01	4.83e-01	2.78e-03	0.00e+00	0.00e+00	0.00e+00	4.79e-16	9.68e-16	1.02e-65
 2.14721e+14	1.48e-21	1.82e-15	2.83e-10	7.44e-06	5.32e-01	4.66e-01	2.49e-03	0.00e+00	0.00e+00	0.00e+00	6.02e-16	1.22e-15	2.10e-65
 2.21027e+14	1.90e-21	2.21e-15	3.27e-10	8.10e-06	5.47e-01	4.51e-01	2.28e-03	0.00e+00	0.00e+00	0.00e+00	7.31e-16	1.48e-15	3.97e-65
 2.27741e+14	2.45e-21	2.71e-15	3.78e-10	8.84e-06	5.62e-01	4.36e-01	2.08e-03	0.00e+00	0.00e+00	0.00e+00	8.97e-16	1.81e-15	7.75e-65
 2.36182e+14	3.34e-21	3.45e-15	4.52e-10	9.81e-06	5.80e-01	4.18e-01	1.85e-03	0.00e+00	0.00e+00	0.00e+00	1.14e-15	2.31e-15	1.72e-64
 2.44918e+14	4.53e-21	4.39e-15	5.38e-10	1.09e-05	5.97e-01	4.01e-01	1.65e-03	0.00e+00	0.00e+00	0.00e+00	1.45e-15	2.94e-15	3.79e-64
 2.52693e+14	5.87e-21	5.39e-15	6.25e-10	1.19e-05	6.13e-01	3.86e-01	1.49e-03	0.00e+00	0.00e+00	0.00e+00	1.78e-15	3.61e-15	7.44e-64
 2.61168e+14	7.69e-21	6.67e-15	7.32e-10	1.30e-05	6.28e-01	3.70e-01	1.34e-03	0.00e+00	0.00e+00	0.00e+00	2.20e-15	4.46e-15	1.50e-63
 2.71292e+14	1.06e-20	8.56e-15	8.76e-10	1.44e-05	6.46e-01	3.53e-01	1.18e-03	0.00e+00	0.00e+00	0.00e+00	2.83e-15	5.73e-15	3.48e-63
 2.81384e+14	1.44e-20	1.09e-14	1.04e-09	1.59e-05	6.62e-01	3.37e-01	1.05e-03	0.00e+00	0.00e+00	0.00e+00	3.60e-15	7.29e-15	7.84e-63
 2.90641e+14	1.88e-20	1.34e-14	1.21e-09	1.73e-05	6.77e-01	3.22e-01	9.40e-04	0.00e+00	0.00e+00	0.00e+00	4.43e-15	8.98e-15	1.58e-62
 3.00988e+14	2.50e-20	1.68e-14	1.42e-09	1.90e-05	6.92e-01	3.07e-01	8.36e-04	0.00e+00	0.00e+00	0.00e+00	5.55e-15	1.12e-14	3.39e-62
 3.12989e+14	3.44e-20	2.16e-14	1.70e-09	2.10e-05	7.08e-01	2.91e-01	7.33e-04	0.00e+00	0.00e+00	0.00e+00	7.12e-15	1.44e-14	7.93e-62
 3.24785e+14	4.63e-20	2.72e-14	2.01e-09	2.31e-05	7.23e-01	2.76e-01	6.46e-04	0.00e+00	0.00e+00	0.00e+00	8.96e-15	1.82e-14	1.74e-61
 3.36037e+14	6.12e-20	3.38e-14	2.34e-09	2.51e-05	7.36e-01	2.63e-01	5.76e-04	0.00e+00	0.00e+00	0.00e+00	1.11e-14	2.26e-14	3.72e-61
 3.45967e+14	7.69e-20	4.04e-14	2.67e-09	2.71e-05	7.48e-01	2.52e-01	5.20e-04	0.00e+00	0.00e+00	0.00e+00	1.33e-14	2.71e-14	6.80e-61
 3.54229e+14	9.30e-20	4.68e-14	2.97e-09	2.87e-05	7.56e-01	2.43e-01	4.79e-04	0.00e+00	0.00e+00	0.00e+00	1.54e-14	3.14e-14	1.13e-60
 3.63287e+14	1.14e-19	5.49e-14	3.32e-09	3.05e-05	7.65e-01	2.34e-01	4.39e-04	0.00e+00	0.00e+00	0.00e+00	1.81e-14	3.68e-14	1.98e-60
 3.75063e+14	1.47e-19	6.70e-14	3.82e-09	3.29e-05	7.77e-01	2.23e-01	3.93e-04	0.00e+00	0.00e+00	0.00e+00	2.21e-14	4.49e-14	3.95e-60
 3.87489e+14	1.89e-19	8.14e-14	4.42e-09	3.56e-05	7.88e-01	2.12e-01	3.49e-04	0.00e+00	0.00e+00	0.00e+00	2.68e-14	5.46e-14	7.74e-60
 3.98176e+14	2.35e-19	9.65e-14	4.98e-09	3.80e-05	7.97e-01	2.03e-01	3.17e-04	0.00e+00	0.00e+00	0.00e+00	3.18e-14	6.47e-14	1.40e-59
 4.09486e+14	2.93e-19	1.15e-13	5.62e-09	4.06e-05	8.05e-01	1.94e-01	2.87e-04	0.00e+00	0.00e+00	0.00e+00	3.78e-14	7.70e-14	2.58e-59
 4.24189e+14	3.87e-19	1.42e-13	6.55e-09	4.41e-05	8.16e-01	1.84e-01	2.53e-04	0.00e+00	0.00e+00	0.00e+00	4.69e-14	9.56e-14	5.50e-59
 4.39414e+14	5.04e-19	1.75e-13	7.64e-09	4.80e-05	8.26e-01	1.73e-01	2.23e-04	0.00e+00	0.00e+00	0.00e+00	5.76e-14	1.18e-13	1.13e-58
 4.52151e+14	6.33e-19	2.09e-13	8.64e-09	5.12e-05	8.34e-01	1.65e-01	2.01e-04	0.00e+00	0.00e+00	0.00e+00	6.88e-14	1.41e-13	2.12e-58
 4.65542e+14	7.85e-19	2.48e-13	9.80e-09	5.48e-05	8.42e-01	1.57e-01	1.80e-04	0.00e+00	0.00e+00	0.00e+00	8.15e-14	1.66e-13	3.82e-58
 4.82588e+14	1.04e-18	3.09e-13	1.14e-08	5.95e-05	8.52e-01	1.48e-01	1.58e-04	0.00e+00	0.00e+00	0.00e+00	1.01e-13	2.07e-13	8.29e-58
 5.00391e+14	1.37e-18	3.84e-13	1.33e-08	6.46e-05	8.61e-01	1.39e-01	1.38e-04	0.00e+00	0.00e+00	0.00e+00	1.26e-13	2.58e-13	1.79e-57
 5.15954e+14	1.72e-18	4.57e-13	1.52e-08	6.94e-05	8.68e-01	1.32e-01	1.23e-04	0.00e+00	0.00e+00	0.00e+00	1.50e-13	3.07e-13	3.30e-57
 5.32599e+14	2.19e-18	5.55e-13	1.74e-08	7.45e-05	8.75e-01	1.25e-01	1.09e-04	0.00e+00	0.00e+00	0.00e+00	1.82e-13	3.73e-13	6.55e-57
 5.52862e+14	2.88e-18	6.87e-13	2.04e-08	8.11e-05	8.83e-01	1.17e-01	9.45e-05	0.00e+00	0.00e+00	0.00e+00	2.25e-13	4.62e-13	1.39e-56
 5.73024e+14	3.78e-18	8.51e-13	2.37e-08	8.78e-05	8.90e-01	1.09e-01	8.26e-05	0.00e+00	0.00e+00	0.00e+00	2.79e-13	5.72e-13	2.98e-56
 5.90730e+14	4.71e-18	1.01e-12	2.70e-08	9.41e-05	8.96e-01	1.04e-01	7.34e-05	0.00e+00	0.00e+00	0.00e+00	3.31e-13	6.80e-13	5.44e-56
 6.10049e+14	6.00e-18	1.22e-12	3.09e-08	1.01e-04	9.02e-01	9.75e-02	6.47e-05	0.00e+00	0.00e+00	0.00e+00	4.00e-13	8.22e-13	1.06e-55
 6.33403e+14	7.89e-18	1.52e-12	3.62e-08	1.10e-04	9.09e-01	9.10e-02	5.59e-05	0.00e+00	0.00e+00	0.00e+00	4.96e-13	1.02e-12	2.28e-55
 6.56724e+14	1.03e-17	1.87e-12	4.21e-08	1.19e-04	9.15e-01	8.51e-02	4.86e-05	0.00e+00	0.00e+00	0.00e+00	6.13e-13	1.26e-12	4.86e-55
 6.77649e+14	1.29e-17	2.24e-12	4.81e-08	1.28e-04	9.20e-01	8.02e-02	4.29e-05	0.00e+00	0.00e+00	0.00e+00	7.32e-13	1.51e-12	9.13e-55
 7.00735e+14	1.64e-17	2.71e-12	5.53e-08	1.37e-04	9.25e-01	7.52e-02	3.76e-05	0.00e+00	0.00e+00	0.00e+00	8.87e-13	1.83e-12	1.81e-54
 7.28074e+14	2.16e-17	3.36e-12	6.50e-08	1.50e-04	9.30e-01	6.99e-02	3.22e-05	0.00e+00	0.00e+00	0.00e+00	1.10e-12	2.27e-12	3.86e-54
 7.54856e+14	2.81e-17	4.15e-12	7.55e-08	1.62e-04	9.35e-01	6.52e-02	2.79e-05	0.00e+00	0.00e+00	0.00e+00	1.35e-12	2.79e-12	8.16e-54
 7.78156e+14	3.50e-17	4.93e-12	8.58e-08	1.73e-04	9.38e-01	6.14e-02	2.47e-05	0.00e+00	0.00e+00	0.00e+00	1.61e-12	3.32e-12	1.50e-53
 7.99545e+14	4.25e-17	5.74e-12	9.60e-08	1.84e-04	9.42e-01	5.82e-02	2.21e-05	0.00e+00	0.00e+00	0.00e+00	1.87e-12	3.87e-12	2.59e-53
 8.20183e+14	5.07e-17	6.62e-12	1.07e-07	1.94e-04	9.44e-01	5.54e-02	2.00e-05	4.16e-18	1.25e-17	2.09e-17	2.16e-12	4.47e-12	4.31e-53
 8.43316e+14	6.18e-17	7.74e-12	1.20e-07	2.07e-04	9.47e-01	5.24e-02	1.78e-05	5.07e-18	1.52e-17	2.55e-17	2.52e-12	5.22e-12	7.50e-53
 8.68656e+14	7.62e-17	9.14e-12	1.36e-07	2.21e-04	9.50e-01	4.94e-02	1.58e-05	6.26e-18	1.88e-17	3.14e-17	2.98e-12	6.16e-12	1.36e-52
 8.91698e+14	9.15e-17	1.06e-11	1.51e-07	2.33e-04	9.53e-01	4.69e-02	1.42e-05	7.51e-18	2.26e-17	3.77e-17	3.45e-12	7.15e-12	2.31e-52
 9.16487e+14	1.12e-16	1.24e-11	1.69e-07	2.48e-04	9.55e-01	4.43e-02	1.27e-05	9.18e-18	2.76e-17	4.61e-17	4.03e-12	8.35e-12	4.03e-52
 9.44325e+14	1.37e-16	1.46e-11	1.92e-07	2.65e-04	9.58e-01	4.18e-02	1.12e-05	1.12e-17	3.38e-17	5.65e-17	4.75e-12	9.86e-12	7.29e-52
 9.70753e+14	1.67e-16	1.71e-11	2.15e-07	2.81e-04	9.60e-01	3.95e-02	9.98e-06	1.38e-17	4.13e-17	6.91e-17	5.56e-12	1.15e-11	1.28e-51
 9.99734e+14	2.04e-16	2.01e-11	2.43e-07	3.00e-04	9.62e-01	3.72e-02	8.85e-06	1.68e-17	5.04e-17	8.43e-17	6.54e-12	1.36e-11	2.29e-51
 1.03191e+15	2.57e-16	2.41e-11	2.77e-07	3.21e-04	9.65e-01	3.48e-02	7.74e-06	2.12e-17	6.36e-17	1.06e-16	7.82e-12	1.62e-11	4.37e-51
 1.06177e+15	3.11e-16	2.81e-11	3.11e-07	3.42e-04	9.67e-01	3.29e-02	6.88e-06	2.56e-17	7.68e-17	1.28e-16	9.14e-12	1.90e-11	7.65e-51
 1.09411e+15	3.87e-16	3.33e-11	3.53e-07	3.65e-04	9.69e-01	3.09e-02	6.06e-06	3.19e-17	9.57e-17	1.60e-16	1.08e-11	2.25e-11	1.41e-50
 1.13043e+15	4.81e-16	3.99e-11	4.03e-07	3.92e-04	9.71e-01	2.89e-02	5.30e-06	3.96e-17	1.19e-16	1.99e-16	1.29e-11	2.69e-11	2.70e-50
 1.16521e+15	6.02e-16	4.74e-11	4.57e-07	4.19e-04	9.72e-01	2.71e-02	4.66e-06	4.96e-17	1.49e-16	2.49e-16	1.54e-11	3.20e-11	5.04e-50
 1.20369e+15	7.44e-16	5.65e-11	5.22e-07	4.49e-04	9.74e-01	2.53e-02	4.07e-06	6.13e-17	1.84e-16	3.08e-16	1.83e-11	3.81e-11	9.49e-50
 1.24679e+15	9.63e-16	6.91e-11	6.05e-07	4.86e-04	9.76e-01	2.35e-02	3.50e-06	7.94e-17	2.38e-16	3.99e-16	2.24e-11	4.67e-11	1.97e-49
 1.28755e+15	1.21e-15	8.26e-11	6.90e-07	5.21e-04	9.77e-01	2.20e-02	3.06e-06	9.94e-17	2.99e-16	4.99e-16	2.68e-11	5.58e-11	3.77e-49
 1.33219e+15	1.53e-15	9.98e-11	7.94e-07	5.61e-04	9.79e-01	2.05e-02	2.64e-06	1.26e-16	3.79e-16	6.34e-16	3.24e-11	6.74e-11	7.47e-49
 1.38225e+15	1.94e-15	1.22e-10	9.23e-07	6.07e-04	9.80e-01	1.90e-02	2.26e-06	1.60e-16	4.81e-16	8.04e-16	3.95e-11	8.22e-11	1.53e-48
 1.42927e+15	2.49e-15	1.48e-10	1.06e-06	6.54e-04	9.82e-01	1.76e-02	1.96e-06	2.05e-16	6.17e-16	1.03e-15	4.79e-11	9.97e-11	3.09e-48
 1.48032e+15	3.12e-15	1.78e-10	1.22e-06	7.05e-04	9.83e-01	1.64e-02	1.69e-06	2.58e-16	7.75e-16	1.30e-15	5.78e-11	1.20e-10	6.11e-48
 1.53770e+15	4.14e-15	2.22e-10	1.43e-06	7.67e-04	9.84e-01	1.51e-02	1.43e-06	3.43e-16	1.03e-15	1.72e-15	7.20e-11	1.50e-10	1.36e-47
 1.58380e+15	5.05e-15	2.61e-10	1.62e-06	8.18e-04	9.85e-01	1.42e-02	1.26e-06	4.18e-16	1.26e-15	2.10e-15	8.47e-11	1.76e-10	2.45e-47
 1.61592e+15	5.82e-15	2.92e-10	1.76e-06	8.55e-04	9.86e-01	1.36e-02	1.15e-06	4.82e-16	1.45e-15	2.42e-15	9.47e-11	1.97e-10	3.68e-47
 1.64939e+15	6.71e-15	3.27e-10	1.91e-06	8.94e-04	9.86e-01	1.30e-02	1.06e-06	5.55e-16	1.67e-15	2.79e-15	1.06e-10	2.21e-10	5.56e-47
 1.69289e+15	8.00e-15	3.77e-10	2.13e-06	9.47e-04	9.87e-01	1.23e-02	9.42e-07	6.63e-16	1.99e-15	3.33e-15	1.22e-10	2.55e-10	9.35e-47
 1.74160e+15	9.71e-15	4.42e-10	2.39e-06	1.01e-03	9.87e-01	1.15e-02	0.00e+00	8.05e-16	2.42e-15	4.04e-15	1.43e-10	2.98e-10	1.65e-46
 1.78736e+15	1.14e-14	5.05e-10	2.66e-06	1.07e-03	9.88e-01	1.09e-02	0.00e+00	9.42e-16	2.83e-15	4.73e-15	1.64e-10	3.41e-10	2.69e-46
 1.83713e+15	1.39e-14	5.92e-10	2.98e-06	1.13e-03	9.89e-01	1.02e-02	0.00e+00	1.15e-15	3.45e-15	5.77e-15	1.92e-10	3.99e-10	4.78e-46
 1.89227e+15	1.71e-14	6.98e-10	3.37e-06	1.21e-03	9.89e-01	9.60e-03	0.00e+00	1.42e-15	4.25e-15	7.11e-15	2.27e-10	4.71e-10	8.73e-46
 1.94325e+15	2.00e-14	8.00e-10	3.75e-06	1.28e-03	9.90e-01	9.06e-03	0.00e+00	1.66e-15	4.98e-15	8.33e-15	2.60e-10	5.40e-10	1.43e-45
 1.99836e+15	2.44e-14	9.39e-10	4.21e-06	1.37e-03	9.90e-01	8.50e-03	0.00e+00	2.03e-15	6.09e-15	1.02e-14	3.05e-10	6.34e-10	2.56e-45
 2.06006e+15	3.01e-14	1.11e-09	4.77e-06	1.46e-03	9.91e-01	7.94e-03	0.00e+00	2.51e-15	7.53e-15	1.26e-14	3.61e-10	7.51e-10	4.75e-45
 2.11809e+15	3.54e-14	1.28e-09	5.34e-06	1.56e-03	9.91e-01	7.47e-03	0.00e+00	2.95e-15	8.86e-15	1.48e-14	4.16e-10	8.65e-10	7.90e-45
 2.18131e+15	4.35e-14	1.51e-09	6.03e-06	1.67e-03	9.91e-01	6.98e-03	0.00e+00	3.63e-15	1.09e-14	1.82e-14	4.92e-10	1.02e-09	1.45e-44
 2.25188e+15	5.27e-14	1.78e-09	6.87e-06	1.79e-03	9.92e-01	6.50e-03	0.00e+00	4.40e-15	1.32e-14	2.21e-14	5.80e-10	1.20e-09	2.63e-44
 2.31860e+15	6.53e-14	2.11e-09	7.76e-06	1.91e-03	9.92e-01	6.08e-03	0.00e+00	5.45e-15	1.64e-14	2.73e-14	6.87e-10	1.43e-09	4.90e-44
 2.39192e+15	7.96e-14	2.50e-09	8.81e-06	2.05e-03	9.92e-01	5.66e-03	0.00e+00	6.65e-15	2.00e-14	3.34e-14	8.12e-10	1.68e-09	9.01e-44
 2.47450e+15	1.00e-13	3.01e-09	1.01e-05	2.22e-03	9.93e-01	5.24e-03	0.00e+00	8.37e-15	2.51e-14	4.20e-14	9.80e-10	2.03e-09	1.79e-43
 2.55296e+15	1.18e-13	3.51e-09	1.15e-05	2.38e-03	9.93e-01	4.88e-03	0.00e+00	9.92e-15	2.98e-14	4.98e-14	1.14e-09	2.37e-09	3.11e-43
 2.63882e+15	1.51e-13	4.26e-09	1.32e-05	2.57e-03	9.93e-01	4.51e-03	0.00e+00	1.27e-14	3.80e-14	6.35e-14	1.39e-09	2.88e-09	6.37e-43
 2.73583e+15	1.87e-13	5.14e-09	1.53e-05	2.79e-03	9.93e-01	4.15e-03	0.00e+00	1.57e-14	4.70e-14	7.86e-14	1.68e-09	3.47e-09	1.26e-42
 2.82721e+15	2.29e-13	6.14e-09	1.75e-05	3.01e-03	9.93e-01	3.84e-03	0.00e+00	1.93e-14	5.79e-14	9.67e-14	2.00e-09	4.14e-09	2.41e-42
 2.92591e+15	2.87e-13	7.41e-09	2.01e-05	3.26e-03	9.93e-01	3.54e-03	0.00e+00	2.41e-14	7.25e-14	1.21e-13	2.42e-09	4.99e-09	4.82e-42
 3.03663e+15	3.61e-13	9.04e-09	2.34e-05	3.55e-03	9.93e-01	3.25e-03	0.00e+00	3.04e-14	9.12e-14	1.52e-13	2.95e-09	6.09e-09	1.00e-41
 3.12568e+15	4.24e-13	1.05e-08	2.63e-05	3.80e-03	9.93e-01	3.03e-03	0.00e+00	3.58e-14	1.08e-13	1.80e-13	3.43e-09	7.07e-09	1.77e-41
 3.18818e+15	4.86e-13	1.17e-08	2.85e-05	3.97e-03	9.93e-01	2.89e-03	0.00e+00	4.10e-14	1.23e-13	2.06e-13	3.84e-09	7.91e-09	2.69e-41
 3.25348e+15	5.51e-13	1.31e-08	3.10e-05	4.16e-03	9.93e-01	2.76e-03	0.00e+00	4.65e-14	1.40e-13	2.33e-13	4.28e-09	8.81e-09	4.03e-41
 3.33837e+15	6.43e-13	1.50e-08	3.44e-05	4.42e-03	9.93e-01	2.59e-03	0.00e+00	5.44e-14	1.63e-13	2.73e-13	4.91e-09	1.01e-08	6.70e-41
 3.43268e+15	7.59e-13	1.74e-08	3.85e-05	4.72e-03	9.93e-01	2.42e-03	0.00e+00	6.43e-14	1.93e-13	3.23e-13	5.70e-09	1.17e-08	1.16e-40
 3.52010e+15	8.74e-13	1.98e-08	4.27e-05	5.00e-03	9.93e-01	2.29e-03	0.00e+00	7.41e-14	2.23e-13	3.72e-13	6.49e-09	1.34e-08	1.88e-40
 3.61459e+15	1.04e-12	2.30e-08	4.75e-05	5.32e-03	9.92e-01	2.14e-03	0.00e+00	8.83e-14	2.65e-13	4.42e-13	7.53e-09	1.55e-08	3.28e-40
 3.72008e+15	1.21e-12	2.66e-08	5.34e-05	5.68e-03	9.92e-01	2.00e-03	0.00e+00	1.03e-13	3.09e-13	5.16e-13	8.72e-09	1.79e-08	5.55e-40
 3.81835e+15	1.40e-12	3.04e-08	5.93e-05	6.03e-03	9.92e-01	1.88e-03	0.00e+00	1.19e-13	3.58e-13	5.97e-13	9.95e-09	2.04e-08	9.17e-40
 3.92457e+15	1.66e-12	3.54e-08	6.63e-05	6.44e-03	9.92e-01	1.76e-03	0.00e+00	1.41e-13	4.23e-13	7.07e-13	1.16e-08	2.38e-08	1.66e-39
 4.04289e+15	1.99e-12	4.18e-08	7.48e-05	6.90e-03	9.91e-01	1.64e-03	0.00e+00	1.70e-13	5.10e-13	8.52e-13	1.37e-08	2.81e-08	3.16e-39
 4.15347e+15	2.29e-12	4.77e-08	8.34e-05	7.33e-03	9.91e-01	1.54e-03	0.00e+00	1.96e-13	5.87e-13	9.80e-13	1.56e-08	3.20e-08	5.20e-39
 4.27375e+15	2.71e-12	5.59e-08	9.36e-05	7.84e-03	9.91e-01	1.43e-03	0.00e+00	2.32e-13	6.96e-13	1.16e-12	1.84e-08	3.76e-08	9.80e-39
 4.40848e+15	3.23e-12	6.60e-08	1.06e-04	8.43e-03	9.90e-01	1.33e-03	0.00e+00	2.77e-13	8.31e-13	1.39e-12	2.17e-08	4.44e-08	1.87e-38
 4.53584e+15	3.82e-12	7.72e-08	1.19e-04	9.00e-03	9.90e-01	1.24e-03	0.00e+00	3.28e-13	9.84e-13	1.64e-12	2.54e-08	5.19e-08	3.39e-38
 4.67526e+15	4.53e-12	9.07e-08	1.35e-04	9.66e-03	9.89e-01	1.15e-03	0.00e+00	3.89e-13	1.17e-12	1.95e-12	2.98e-08	6.09e-08	6.36e-38
 4.83227e+15	5.45e-12	1.08e-07	1.54e-04	1.04e-02	9.88e-01	1.06e-03	0.00e+00	4.69e-13	1.41e-12	2.35e-12	3.56e-08	7.27e-08	1.26e-37
 4.98294e+15	6.49e-12	1.27e-07	1.74e-04	1.12e-02	9.88e-01	9.86e-04	0.00e+00	5.58e-13	1.68e-12	2.80e-12	4.17e-08	8.52e-08	2.27e-37
 5.14956e+15	7.93e-12	1.54e-07	1.99e-04	1.21e-02	9.87e-01	9.08e-04	0.00e+00	6.83e-13	2.05e-12	3.42e-12	5.07e-08	1.03e-07	4.82e-37
 5.33384e+15	9.55e-12	1.86e-07	2.29e-04	1.31e-02	9.86e-01	8.33e-04	0.00e+00	8.24e-13	2.47e-12	4.13e-12	6.11e-08	1.25e-07	9.66e-37
 5.50578e+15	1.13e-11	2.21e-07	2.61e-04	1.41e-02	9.85e-01	7.69e-04	0.00e+00	9.79e-13	2.94e-12	4.91e-12	7.26e-08	1.48e-07	1.86e-36
 5.69401e+15	1.39e-11	2.63e-07	2.99e-04	1.52e-02	9.84e-01	7.10e-04	0.00e+00	1.20e-12	3.60e-12	6.00e-12	8.65e-08	1.76e-07	3.54e-36
 5.87657e+15	1.63e-11	3.16e-07	3.40e-04	1.64e-02	9.83e-01	6.55e-04	0.00e+00	1.41e-12	4.24e-12	7.08e-12	1.04e-07	2.12e-07	7.12e-36
 6.00763e+15	1.87e-11	3.60e-07	3.72e-04	1.72e-02	9.82e-01	6.20e-04	0.00e+00	1.62e-12	4.87e-12	8.13e-12	1.19e-07	2.42e-07	1.16e-35
 6.13386e+15	2.11e-11	4.05e-07	4.05e-04	1.81e-02	9.81e-01	5.89e-04	0.00e+00	1.83e-12	5.50e-12	9.18e-12	1.33e-07	2.71e-07	1.78e-35
 6.29796e+15	2.44e-11	4.66e-07	4.51e-04	1.92e-02	9.80e-01	5.51e-04	0.00e+00	2.12e-12	6.35e-12	1.06e-11	1.54e-07	3.12e-07	2.98e-35
 6.47749e+15	2.85e-11	5.44e-07	5.07e-04	2.05e-02	9.78e-01	5.14e-04	0.00e+00	2.48e-12	7.43e-12	1.24e-11	1.79e-07	3.65e-07	5.26e-35
 6.63882e+15	3.30e-11	6.26e-07	5.60e-04	2.17e-02	9.77e-01	4.83e-04	0.00e+00	2.87e-12	8.63e-12	1.44e-11	2.07e-07	4.20e-07	8.64e-35
 6.81033e+15	3.85e-11	7.16e-07	6.22e-04	2.30e-02	9.76e-01	4.54e-04	0.00e+00	3.36e-12	1.01e-11	1.68e-11	2.36e-07	4.80e-07	1.40e-34
 7.03328e+15	4.71e-11	8.72e-07	7.12e-04	2.48e-02	9.74e-01	4.17e-04	0.00e+00	4.11e-12	1.23e-11	2.06e-11	2.88e-07	5.84e-07	2.84e-34
 7.25630e+15	5.66e-11	1.02e-06	8.09e-04	2.66e-02	9.72e-01	3.86e-04	0.00e+00	4.94e-12	1.48e-11	2.48e-11	3.38e-07	6.86e-07	4.90e-34
 7.43111e+15	6.48e-11	1.19e-06	8.94e-04	2.81e-02	9.71e-01	3.63e-04	0.00e+00	5.66e-12	1.70e-11	2.84e-11	3.92e-07	7.95e-07	8.26e-34
 7.61004e+15	7.49e-11	1.36e-06	9.88e-04	2.97e-02	9.69e-01	3.42e-04	0.00e+00	6.56e-12	1.97e-11	3.28e-11	4.50e-07	9.12e-07	1.34e-33
 7.84265e+15	9.11e-11	1.63e-06	1.12e-03	3.19e-02	9.67e-01	3.16e-04	0.00e+00	7.99e-12	2.40e-11	4.00e-11	5.40e-07	1.09e-06	2.56e-33
 8.08829e+15	1.10e-10	1.91e-06	1.28e-03	3.42e-02	9.64e-01	2.93e-04	0.00e+00	9.66e-12	2.90e-11	4.84e-11	6.33e-07	1.28e-06	4.27e-33
 8.30219e+15	1.28e-10	2.22e-06	1.43e-03	3.63e-02	9.62e-01	2.73e-04	0.00e+00	1.12e-11	3.37e-11	5.62e-11	7.36e-07	1.49e-06	7.09e-33
 8.53161e+15	1.52e-10	2.61e-06	1.60e-03	3.87e-02	9.59e-01	2.55e-04	0.00e+00	1.34e-11	4.01e-11	6.70e-11	8.63e-07	1.75e-06	1.21e-32
 8.82984e+15	1.94e-10	3.28e-06	1.86e-03	4.20e-02	9.56e-01	2.32e-04	0.00e+00	1.70e-11	5.12e-11	8.53e-11	1.08e-06	2.19e-06	2.67e-32
 9.12376e+15	2.36e-10	3.94e-06	2.14e-03	4.53e-02	9.52e-01	2.13e-04	0.00e+00	2.08e-11	6.23e-11	1.04e-10	1.30e-06	2.63e-06	4.74e-32
 9.35752e+15	2.79e-10	4.60e-06	2.39e-03	4.81e-02	9.49e-01	1.99e-04	0.00e+00	2.46e-11	7.37e-11	1.23e-10	1.52e-06	3.08e-06	7.94e-32
 9.60684e+15	3.34e-10	5.40e-06	2.69e-03	5.12e-02	9.46e-01	1.86e-04	0.00e+00	2.95e-11	8.84e-11	1.47e-10	1.79e-06	3.61e-06	1.33e-31
 9.93095e+15	4.21e-10	6.49e-06	3.11e-03	5.53e-02	9.41e-01	1.70e-04	0.00e+00	3.72e-11	1.12e-10	1.86e-10	2.15e-06	4.34e-06	2.32e-31
 1.02582e+16	5.23e-10	8.08e-06	3.60e-03	5.99e-02	9.36e-01	1.56e-04	0.00e+00	4.63e-11	1.39e-10	2.32e-10	2.68e-06	5.41e-06	4.76e-31
 1.05149e+16	6.20e-10	9.42e-06	4.03e-03	6.36e-02	9.32e-01	1.45e-04	0.00e+00	5.49e-11	1.65e-10	2.75e-10	3.12e-06	6.30e-06	7.57e-31
 1.07381e+16	7.18e-10	1.07e-05	4.43e-03	6.69e-02	9.29e-01	1.37e-04	0.00e+00	6.36e-11	1.91e-10	3.18e-10	3.56e-06	7.18e-06	1.12e-30
 1.09922e+16	8.44e-10	1.24e-05	4.95e-03	7.09e-02	9.24e-01	1.29e-04	0.00e+00	7.49e-11	2.25e-10	3.75e-10	4.12e-06	8.31e-06	1.75e-30
 1.12606e+16	1.01e-09	1.43e-05	5.53e-03	7.50e-02	9.19e-01	1.21e-04	0.00e+00	8.98e-11	2.69e-10	4.49e-10	4.73e-06	9.53e-06	2.57e-30
