#depth	O	O+	O+2	O+3	O+4	O+5	O+6	O+7	O+8	O[1]	O[2]	O[3]
 1.49634e+10	0.00e+00	0.00e+00	0.00e+00	4.32e-27	4.66e-18	1.22e-09	9.18e-01	8.21e-02	1.07e-05	0.00e+00	0.00e+00	0.00e+00
 4.54887e+10	0.00e+00	0.00e+00	1.22e-36	5.51e-27	5.49e-18	1.33e-09	9.24e-01	7.62e-02	9.19e-06	0.00e+00	0.00e+00	0.00e+00
 7.72350e+10	0.00e+00	4.45e-47	1.68e-36	7.02e-27	6.46e-18	1.44e-09	9.29e-01	7.07e-02	7.88e-06	0.00e+00	0.00e+00	0.00e+00
 1.10251e+11	0.00e+00	0.00e+00	2.32e-36	8.93e-27	7.60e-18	1.57e-09	9.34e-01	6.56e-02	6.76e-06	0.00e+00	0.00e+00	0.00e+00
 1.41127e+11	0.00e+00	9.49e-47	3.09e-36	1.11e-26	8.80e-18	1.69e-09	9.39e-01	6.13e-02	5.89e-06	0.00e+00	0.00e+00	0.00e+00
 1.68396e+11	0.00e+00	0.00e+00	3.96e-36	1.34e-26	9.97e-18	1.80e-09	9.42e-01	5.78e-02	5.23e-06	0.00e+00	0.00e+00	0.00e+00
 1.98814e+11	0.00e+00	1.80e-46	5.16e-36	1.63e-26	1.14e-17	1.93e-09	9.46e-01	5.43e-02	4.60e-06	0.00e+00	0.00e+00	0.00e+00
 2.35291e+11	0.00e+00	0.00e+00	7.02e-36	2.06e-26	1.33e-17	2.10e-09	9.50e-01	5.05e-02	3.96e-06	0.00e+00	0.00e+00	0.00e+00
 2.72082e+11	0.00e+00	3.83e-46	9.46e-36	2.58e-26	1.55e-17	2.26e-09	9.53e-01	4.70e-02	3.42e-06	0.00e+00	0.00e+00	0.00e+00
 3.06136e+11	0.00e+00	0.00e+00	0.00e+00	3.15e-26	1.77e-17	2.43e-09	9.56e-01	4.41e-02	3.01e-06	0.00e+00	0.00e+00	0.00e+00
 3.44099e+11	0.00e+00	0.00e+00	1.65e-35	3.91e-26	2.05e-17	2.61e-09	9.59e-01	4.11e-02	2.61e-06	0.00e+00	0.00e+00	0.00e+00
 3.87790e+11	0.00e+00	1.14e-45	2.26e-35	4.97e-26	2.41e-17	2.84e-09	9.62e-01	3.81e-02	2.24e-06	0.00e+00	0.00e+00	0.00e+00
 4.30691e+11	0.00e+00	0.00e+00	0.00e+00	6.23e-26	2.81e-17	3.06e-09	9.65e-01	3.54e-02	1.93e-06	0.00e+00	0.00e+00	0.00e+00
 4.71929e+11	0.00e+00	0.00e+00	4.04e-35	7.69e-26	3.23e-17	3.29e-09	9.67e-01	3.31e-02	1.68e-06	0.00e+00	0.00e+00	0.00e+00
 5.17354e+11	0.00e+00	3.40e-45	5.44e-35	9.61e-26	3.75e-17	3.55e-09	9.69e-01	3.08e-02	1.45e-06	0.00e+00	0.00e+00	0.00e+00
 5.65927e+11	0.00e+00	0.00e+00	7.38e-35	1.21e-25	4.38e-17	3.84e-09	9.71e-01	2.86e-02	1.25e-06	0.00e+00	0.00e+00	0.00e+00
 6.11221e+11	0.00e+00	7.02e-45	9.72e-35	1.49e-25	5.03e-17	4.12e-09	9.73e-01	2.67e-02	1.09e-06	0.00e+00	0.00e+00	0.00e+00
 6.60373e+11	0.00e+00	0.00e+00	1.30e-34	1.85e-25	5.81e-17	4.43e-09	9.75e-01	2.49e-02	9.48e-07	0.00e+00	0.00e+00	0.00e+00
 7.16715e+11	0.00e+00	1.50e-44	1.78e-34	2.35e-25	6.83e-17	4.81e-09	9.77e-01	2.30e-02	0.00e+00	0.00e+00	0.00e+00	0.00e+00
 7.71432e+11	0.00e+00	0.00e+00	2.40e-34	2.94e-25	7.93e-17	5.19e-09	9.79e-01	2.14e-02	0.00e+00	0.00e+00	0.00e+00	0.00e+00
 8.17802e+11	0.00e+00	2.95e-44	3.07e-34	3.53e-25	8.97e-17	5.52e-09	9.80e-01	2.01e-02	0.00e+00	0.00e+00	0.00e+00	0.00e+00
 8.58445e+11	0.00e+00	0.00e+00	3.78e-34	4.13e-25	9.96e-17	5.82e-09	9.81e-01	1.91e-02	0.00e+00	0.00e+00	0.00e+00	0.00e+00
 9.05060e+11	0.00e+00	5.12e-44	4.77e-34	4.92e-25	1.12e-16	6.18e-09	9.82e-01	1.81e-02	0.00e+00	0.00e+00	0.00e+00	0.00e+00
 9.64999e+11	0.00e+00	0.00e+00	6.37e-34	6.12e-25	1.30e-16	6.65e-09	9.83e-01	1.68e-02	0.00e+00	0.00e+00	0.00e+00	0.00e+00
 1.02814e+12	0.00e+00	1.06e-43	8.56e-34	7.64e-25	1.50e-16	7.17e-09	9.84e-01	1.56e-02	0.00e+00	0.00e+00	0.00e+00	0.00e+00
 1.08369e+12	0.00e+00	0.00e+00	1.10e-33	9.23e-25	1.71e-16	7.64e-09	9.85e-01	1.47e-02	0.00e+00	0.00e+00	0.00e+00	0.00e+00
 1.14350e+12	0.00e+00	2.03e-43	1.43e-33	1.12e-24	1.95e-16	8.16e-09	9.86e-01	1.38e-02	0.00e+00	0.00e+00	0.00e+00	0.00e+00
 1.21582e+12	0.00e+00	0.00e+00	1.95e-33	1.42e-24	2.27e-16	8.82e-09	9.87e-01	1.28e-02	0.00e+00	0.00e+00	0.00e+00	0.00e+00
 1.28939e+12	0.00e+00	4.33e-43	2.63e-33	1.78e-24	2.64e-16	9.52e-09	9.88e-01	1.18e-02	0.00e+00	0.00e+00	0.00e+00	0.00e+00
 1.35785e+12	0.00e+00	0.00e+00	3.45e-33	2.18e-24	3.03e-16	1.02e-08	9.89e-01	1.11e-02	0.00e+00	0.00e+00	0.00e+00	0.00e+00
 1.43404e+12	0.00e+00	8.78e-43	4.63e-33	2.72e-24	3.51e-16	1.10e-08	9.90e-01	1.03e-02	0.00e+00	0.00e+00	0.00e+00	0.00e+00
 1.52133e+12	0.00e+00	0.00e+00	6.40e-33	3.47e-24	4.14e-16	1.19e-08	9.91e-01	9.48e-03	0.00e+00	0.00e+00	0.00e+00	0.00e+00
 1.60835e+12	0.00e+00	1.95e-42	8.75e-33	4.39e-24	4.84e-16	1.29e-08	9.91e-01	8.77e-03	0.00e+00	0.00e+00	0.00e+00	0.00e+00
 1.69886e+12	0.00e+00	0.00e+00	1.20e-32	5.56e-24	5.67e-16	1.40e-08	9.92e-01	8.11e-03	0.00e+00	0.00e+00	0.00e+00	0.00e+00
 1.78517e+12	0.00e+00	4.14e-42	1.60e-32	6.91e-24	6.56e-16	1.50e-08	9.92e-01	7.55e-03	0.00e+00	0.00e+00	0.00e+00	0.00e+00
 1.85748e+12	0.00e+00	0.00e+00	2.02e-32	8.26e-24	7.39e-16	1.60e-08	9.93e-01	7.11e-03	0.00e+00	0.00e+00	0.00e+00	0.00e+00
 1.93563e+12	0.00e+00	7.60e-42	2.60e-32	9.96e-24	8.38e-16	1.70e-08	9.93e-01	6.68e-03	0.00e+00	0.00e+00	0.00e+00	0.00e+00
 2.03435e+12	0.00e+00	0.00e+00	3.52e-32	1.25e-23	9.78e-16	1.84e-08	9.94e-01	6.19e-03	0.00e+00	0.00e+00	0.00e+00	0.00e+00
 2.13540e+12	0.00e+00	1.63e-41	4.77e-32	1.58e-23	1.14e-15	1.99e-08	9.94e-01	5.73e-03	0.00e+00	0.00e+00	0.00e+00	0.00e+00
 2.22211e+12	0.00e+00	0.00e+00	6.16e-32	1.91e-23	1.30e-15	2.12e-08	9.95e-01	5.38e-03	0.00e+00	0.00e+00	0.00e+00	0.00e+00
 2.31464e+12	0.00e+00	3.11e-41	8.01e-32	2.33e-23	1.48e-15	2.27e-08	9.95e-01	5.03e-03	0.00e+00	0.00e+00	0.00e+00	0.00e+00
 2.42924e+12	0.00e+00	0.00e+00	1.10e-31	2.97e-23	1.74e-15	2.46e-08	9.95e-01	4.64e-03	0.00e+00	0.00e+00	0.00e+00	0.00e+00
 2.54478e+12	0.00e+00	6.87e-41	1.51e-31	3.76e-23	2.04e-15	2.66e-08	9.96e-01	4.29e-03	0.00e+00	0.00e+00	0.00e+00	0.00e+00
 2.64552e+12	0.00e+00	0.00e+00	1.97e-31	4.61e-23	2.34e-15	2.85e-08	9.96e-01	4.01e-03	0.00e+00	0.00e+00	0.00e+00	0.00e+00
 2.75480e+12	0.00e+00	1.36e-40	2.61e-31	5.70e-23	2.70e-15	3.07e-08	9.96e-01	3.73e-03	0.00e+00	0.00e+00	0.00e+00	0.00e+00
 2.88786e+12	0.00e+00	0.00e+00	3.64e-31	7.34e-23	3.21e-15	3.34e-08	9.97e-01	3.42e-03	0.00e+00	0.00e+00	0.00e+00	0.00e+00
 3.01957e+12	0.00e+00	3.09e-40	5.02e-31	9.38e-23	3.78e-15	3.63e-08	9.97e-01	3.15e-03	0.00e+00	0.00e+00	0.00e+00	0.00e+00
 3.13420e+12	0.00e+00	0.00e+00	6.60e-31	1.15e-22	4.35e-15	3.90e-08	9.97e-01	2.94e-03	0.00e+00	0.00e+00	0.00e+00	0.00e+00
 3.25889e+12	0.00e+00	6.26e-40	8.82e-31	1.44e-22	5.06e-15	4.21e-08	9.97e-01	2.73e-03	0.00e+00	0.00e+00	0.00e+00	0.00e+00
 3.41092e+12	0.00e+00	0.00e+00	1.24e-30	1.87e-22	6.05e-15	4.60e-08	9.98e-01	2.49e-03	0.00e+00	0.00e+00	0.00e+00	0.00e+00
 3.56370e+12	0.00e+00	1.46e-39	1.74e-30	2.42e-22	7.20e-15	5.03e-08	9.98e-01	2.28e-03	0.00e+00	0.00e+00	0.00e+00	0.00e+00
 3.70009e+12	0.00e+00	0.00e+00	2.33e-30	3.02e-22	8.38e-15	5.43e-08	9.98e-01	2.11e-03	0.00e+00	0.00e+00	0.00e+00	0.00e+00
 3.84996e+12	0.00e+00	3.10e-39	3.18e-30	3.83e-22	9.86e-15	5.90e-08	9.98e-01	1.95e-03	0.00e+00	0.00e+00	0.00e+00	0.00e+00
 4.02832e+12	0.00e+00	0.00e+00	4.55e-30	5.05e-22	1.19e-14	6.50e-08	9.98e-01	1.77e-03	0.00e+00	0.00e+00	0.00e+00	0.00e+00
 4.20666e+12	0.00e+00	7.43e-39	6.42e-30	6.58e-22	1.43e-14	7.13e-08	9.98e-01	1.62e-03	0.00e+00	0.00e+00	0.00e+00	0.00e+00
 4.35306e+12	0.00e+00	0.00e+00	8.45e-30	8.12e-22	1.65e-14	7.68e-08	9.98e-01	1.50e-03	0.00e+00	0.00e+00	0.00e+00	0.00e+00
 4.47434e+12	0.00e+00	1.38e-38	1.05e-29	9.62e-22	1.85e-14	8.15e-08	9.99e-01	1.41e-03	0.00e+00	0.00e+00	0.00e+00	0.00e+00
 4.61134e+12	0.00e+00	0.00e+00	1.34e-29	1.16e-21	2.11e-14	8.71e-08	9.99e-01	1.32e-03	0.00e+00	0.00e+00	0.00e+00	0.00e+00
 4.78944e+12	0.00e+00	2.72e-38	1.82e-29	1.47e-21	2.48e-14	9.47e-08	9.99e-01	1.22e-03	0.00e+00	0.00e+00	0.00e+00	0.00e+00
 4.98150e+12	0.00e+00	0.00e+00	2.50e-29	1.87e-21	2.94e-14	1.03e-07	9.99e-01	1.12e-03	0.00e+00	0.00e+00	0.00e+00	0.00e+00
 5.14556e+12	0.00e+00	5.56e-38	3.25e-29	2.29e-21	3.38e-14	1.11e-07	9.99e-01	1.04e-03	0.00e+00	0.00e+00	0.00e+00	0.00e+00
 5.29004e+12	0.00e+00	0.00e+00	4.06e-29	2.72e-21	3.81e-14	1.18e-07	9.99e-01	9.79e-04	0.00e+00	0.00e+00	0.00e+00	0.00e+00
 5.45518e+12	0.00e+00	9.96e-38	5.20e-29	3.30e-21	4.36e-14	1.27e-07	9.99e-01	9.14e-04	0.00e+00	0.00e+00	0.00e+00	0.00e+00
 5.66987e+12	0.00e+00	0.00e+00	7.08e-29	4.19e-21	5.15e-14	1.38e-07	9.99e-01	8.39e-04	0.00e+00	0.00e+00	0.00e+00	0.00e+00
 5.89129e+12	0.00e+00	2.14e-37	9.63e-29	5.31e-21	6.07e-14	1.50e-07	9.99e-01	7.71e-04	0.00e+00	0.00e+00	0.00e+00	0.00e+00
 6.07502e+12	0.00e+00	0.00e+00	1.23e-28	6.42e-21	6.94e-14	1.61e-07	9.99e-01	7.20e-04	0.00e+00	0.00e+00	0.00e+00	0.00e+00
 6.26742e+12	0.00e+00	3.93e-37	1.58e-28	7.78e-21	7.93e-14	1.73e-07	9.99e-01	6.72e-04	0.00e+00	0.00e+00	0.00e+00	0.00e+00
 6.51754e+12	0.00e+00	0.00e+00	2.16e-28	9.91e-21	9.39e-14	1.88e-07	9.99e-01	6.16e-04	0.00e+00	0.00e+00	0.00e+00	0.00e+00
 6.77720e+12	0.00e+00	8.48e-37	2.94e-28	1.26e-20	1.11e-13	2.06e-07	9.99e-01	5.65e-04	0.00e+00	0.00e+00	0.00e+00	0.00e+00
 6.99548e+12	0.00e+00	0.00e+00	3.78e-28	1.53e-20	1.27e-13	2.21e-07	9.99e-01	5.27e-04	0.00e+00	0.00e+00	0.00e+00	0.00e+00
 7.22545e+12	0.00e+00	1.58e-36	4.88e-28	1.87e-20	1.46e-13	2.37e-07	1.00e+00	4.90e-04	0.00e+00	0.00e+00	0.00e+00	0.00e+00
 7.51750e+12	1.70e-45	2.33e-36	6.67e-28	2.38e-20	1.74e-13	2.59e-07	1.00e+00	4.49e-04	0.00e+00	0.00e+00	0.00e+00	0.00e+00
 7.81941e+12	0.00e+00	0.00e+00	9.10e-28	3.03e-20	2.05e-13	2.83e-07	1.00e+00	4.11e-04	0.00e+00	0.00e+00	0.00e+00	0.00e+00
 8.08241e+12	0.00e+00	4.70e-36	1.18e-27	3.70e-20	2.37e-13	3.05e-07	1.00e+00	3.82e-04	0.00e+00	0.00e+00	0.00e+00	0.00e+00
 8.36570e+12	5.88e-45	6.56e-36	1.55e-27	4.56e-20	2.74e-13	3.29e-07	1.00e+00	3.54e-04	0.00e+00	0.00e+00	0.00e+00	0.00e+00
 8.71130e+12	0.00e+00	0.00e+00	2.13e-27	5.84e-20	3.26e-13	3.60e-07	1.00e+00	3.24e-04	0.00e+00	0.00e+00	0.00e+00	0.00e+00
 9.06376e+12	0.00e+00	1.42e-35	2.90e-27	7.43e-20	3.87e-13	3.93e-07	1.00e+00	2.97e-04	0.00e+00	0.00e+00	0.00e+00	0.00e+00
 9.38743e+12	2.22e-44	1.99e-35	3.82e-27	9.20e-20	4.49e-13	4.25e-07	1.00e+00	2.74e-04	0.00e+00	0.00e+00	0.00e+00	0.00e+00
 9.67807e+12	0.00e+00	0.00e+00	4.84e-27	1.11e-19	5.12e-13	4.55e-07	1.00e+00	2.56e-04	0.00e+00	0.00e+00	0.00e+00	0.00e+00
 9.98617e+12	0.00e+00	3.59e-35	6.18e-27	1.34e-19	5.85e-13	4.88e-07	1.00e+00	2.39e-04	0.00e+00	0.00e+00	0.00e+00	0.00e+00
 1.03098e+13	6.50e-44	4.87e-35	7.93e-27	1.62e-19	6.71e-13	5.25e-07	1.00e+00	2.23e-04	0.00e+00	0.00e+00	0.00e+00	0.00e+00
 1.05865e+13	0.00e+00	6.27e-35	9.74e-27	1.91e-19	7.51e-13	5.57e-07	1.00e+00	2.10e-04	0.00e+00	0.00e+00	0.00e+00	0.00e+00
 1.08789e+13	1.20e-43	8.13e-35	1.20e-26	2.25e-19	8.44e-13	5.92e-07	1.00e+00	1.98e-04	0.00e+00	0.00e+00	0.00e+00	0.00e+00
 1.12591e+13	0.00e+00	1.13e-34	1.57e-26	2.77e-19	9.78e-13	6.40e-07	1.00e+00	1.83e-04	0.00e+00	0.00e+00	0.00e+00	0.00e+00
 1.16507e+13	2.61e-43	1.56e-34	2.05e-26	3.41e-19	1.13e-12	6.91e-07	1.00e+00	1.69e-04	0.00e+00	0.00e+00	0.00e+00	0.00e+00
 1.19757e+13	0.00e+00	2.02e-34	2.54e-26	4.03e-19	1.28e-12	7.36e-07	1.00e+00	1.59e-04	0.00e+00	0.00e+00	0.00e+00	0.00e+00
 1.23166e+13	4.89e-43	2.64e-34	3.16e-26	4.77e-19	1.44e-12	7.84e-07	1.00e+00	1.49e-04	0.00e+00	0.00e+00	0.00e+00	0.00e+00
 1.27598e+13	0.00e+00	3.68e-34	4.15e-26	5.91e-19	1.68e-12	8.50e-07	1.00e+00	1.38e-04	0.00e+00	0.00e+00	0.00e+00	0.00e+00
 1.32249e+13	1.09e-42	5.16e-34	5.47e-26	7.34e-19	1.96e-12	9.23e-07	1.00e+00	1.27e-04	0.00e+00	0.00e+00	0.00e+00	0.00e+00
 1.36243e+13	0.00e+00	6.82e-34	6.88e-26	8.79e-19	2.22e-12	9.88e-07	1.00e+00	1.19e-04	0.00e+00	0.00e+00	0.00e+00	0.00e+00
 1.40489e+13	2.13e-42	9.08e-34	8.72e-26	1.06e-18	2.54e-12	1.06e-06	1.00e+00	1.11e-04	0.00e+00	0.00e+00	0.00e+00	0.00e+00
 1.45897e+13	0.00e+00	1.29e-33	1.16e-25	1.33e-18	2.99e-12	1.16e-06	1.00e+00	1.02e-04	0.00e+00	0.00e+00	0.00e+00	0.00e+00
 1.51513e+13	4.91e-42	1.83e-33	1.56e-25	1.67e-18	3.53e-12	1.26e-06	1.00e+00	9.30e-05	0.00e+00	0.00e+00	0.00e+00	0.00e+00
 1.56432e+13	0.00e+00	2.46e-33	1.98e-25	2.03e-18	4.06e-12	1.36e-06	1.00e+00	8.63e-05	0.00e+00	0.00e+00	0.00e+00	0.00e+00
 1.61744e+13	1.00e-41	3.34e-33	2.56e-25	2.48e-18	4.69e-12	1.47e-06	1.00e+00	7.99e-05	0.00e+00	0.00e+00	0.00e+00	0.00e+00
 1.68190e+13	0.00e+00	4.77e-33	3.44e-25	3.14e-18	5.56e-12	1.62e-06	1.00e+00	7.29e-05	0.00e+00	0.00e+00	0.00e+00	0.00e+00
 1.74794e+13	2.30e-41	6.75e-33	4.60e-25	3.97e-18	6.59e-12	1.77e-06	1.00e+00	6.65e-05	0.00e+00	0.00e+00	0.00e+00	0.00e+00
 1.80620e+13	0.00e+00	9.05e-33	5.88e-25	4.83e-18	7.61e-12	1.92e-06	1.00e+00	6.15e-05	0.00e+00	0.00e+00	0.00e+00	0.00e+00
 1.86753e+13	4.62e-41	1.22e-32	7.54e-25	5.90e-18	8.80e-12	2.08e-06	1.00e+00	5.68e-05	0.00e+00	0.00e+00	0.00e+00	0.00e+00
 1.94174e+13	0.00e+00	1.72e-32	1.01e-24	7.46e-18	1.04e-11	2.28e-06	1.00e+00	5.17e-05	0.00e+00	0.00e+00	0.00e+00	0.00e+00
 2.00601e+13	9.63e-41	2.28e-32	1.28e-24	9.06e-18	1.21e-11	2.48e-06	1.00e+00	4.78e-05	0.00e+00	0.00e+00	0.00e+00	0.00e+00
 2.04973e+13	0.00e+00	2.75e-32	1.50e-24	1.03e-17	1.32e-11	2.61e-06	1.00e+00	4.54e-05	0.00e+00	0.00e+00	0.00e+00	0.00e+00
 2.09343e+13	1.49e-40	3.30e-32	1.75e-24	1.17e-17	1.45e-11	2.74e-06	1.00e+00	4.32e-05	0.00e+00	0.00e+00	0.00e+00	0.00e+00
 2.15023e+13	0.00e+00	4.15e-32	2.12e-24	1.37e-17	1.63e-11	2.93e-06	1.00e+00	4.04e-05	0.00e+00	0.00e+00	0.00e+00	0.00e+00
 2.21437e+13	2.60e-40	5.32e-32	2.63e-24	1.63e-17	1.86e-11	3.15e-06	1.00e+00	3.76e-05	0.00e+00	0.00e+00	0.00e+00	0.00e+00
 2.27550e+13	0.00e+00	6.69e-32	3.20e-24	1.91e-17	2.09e-11	3.37e-06	1.00e+00	3.52e-05	0.00e+00	0.00e+00	0.00e+00	0.00e+00
 2.34242e+13	4.51e-40	8.55e-32	3.94e-24	2.27e-17	2.37e-11	3.61e-06	1.00e+00	3.29e-05	0.00e+00	0.00e+00	0.00e+00	0.00e+00
 2.41695e+13	0.00e+00	1.11e-31	4.92e-24	2.73e-17	2.71e-11	3.90e-06	1.00e+00	3.05e-05	0.00e+00	0.00e+00	0.00e+00	0.00e+00
 2.48647e+13	8.03e-40	1.40e-31	6.02e-24	3.22e-17	3.06e-11	4.18e-06	1.00e+00	2.84e-05	0.00e+00	0.00e+00	0.00e+00	0.00e+00
 2.56195e+13	0.00e+00	1.80e-31	7.46e-24	3.84e-17	3.48e-11	4.49e-06	1.00e+00	2.65e-05	0.00e+00	0.00e+00	0.00e+00	0.00e+00
 2.65820e+13	1.53e-39	2.45e-31	9.69e-24	4.76e-17	4.06e-11	4.91e-06	1.00e+00	2.43e-05	0.00e+00	0.00e+00	0.00e+00	0.00e+00
 2.75537e+13	0.00e+00	3.29e-31	1.25e-23	5.87e-17	4.73e-11	5.35e-06	1.00e+00	2.23e-05	0.00e+00	0.00e+00	0.00e+00	0.00e+00
 2.83637e+13	2.87e-39	4.20e-31	1.54e-23	6.94e-17	5.34e-11	5.72e-06	1.00e+00	2.08e-05	0.00e+00	0.00e+00	0.00e+00	0.00e+00
 2.92240e+13	0.00e+00	5.42e-31	1.91e-23	8.26e-17	6.04e-11	6.13e-06	1.00e+00	1.95e-05	0.00e+00	0.00e+00	0.00e+00	0.00e+00
 3.03195e+13	5.53e-39	7.39e-31	2.48e-23	1.02e-16	7.04e-11	6.68e-06	1.00e+00	1.79e-05	0.00e+00	0.00e+00	0.00e+00	0.00e+00
 3.14988e+13	0.00e+00	1.02e-30	3.27e-23	1.28e-16	8.24e-11	7.29e-06	1.00e+00	1.64e-05	0.00e+00	0.00e+00	0.00e+00	0.00e+00
 3.25615e+13	1.13e-38	1.36e-30	4.16e-23	1.55e-16	9.43e-11	7.86e-06	1.00e+00	1.52e-05	0.00e+00	0.00e+00	0.00e+00	0.00e+00
 3.34752e+13	0.00e+00	1.74e-30	5.09e-23	1.82e-16	1.06e-10	8.35e-06	1.00e+00	1.43e-05	0.00e+00	0.00e+00	0.00e+00	0.00e+00
 3.44437e+13	2.01e-38	2.23e-30	6.28e-23	2.15e-16	1.18e-10	8.90e-06	1.00e+00	1.34e-05	0.00e+00	0.00e+00	0.00e+00	0.00e+00
 3.57028e+13	0.00e+00	3.05e-30	8.17e-23	2.65e-16	1.37e-10	9.63e-06	1.00e+00	1.24e-05	0.00e+00	0.00e+00	0.00e+00	0.00e+00
 3.70093e+13	4.19e-38	4.18e-30	1.06e-22	3.27e-16	1.59e-10	1.04e-05	1.00e+00	1.15e-05	0.00e+00	0.00e+00	0.00e+00	0.00e+00
 3.81092e+13	0.00e+00	5.45e-30	1.32e-22	3.88e-16	1.78e-10	1.11e-05	1.00e+00	1.08e-05	0.00e+00	0.00e+00	0.00e+00	0.00e+00
 3.92710e+13	7.90e-38	7.16e-30	1.66e-22	4.62e-16	2.01e-10	1.18e-05	1.00e+00	1.01e-05	0.00e+00	0.00e+00	0.00e+00	0.00e+00
 4.07412e+13	0.00e+00	1.01e-29	2.19e-22	5.73e-16	2.33e-10	1.28e-05	1.00e+00	9.37e-06	0.00e+00	0.00e+00	0.00e+00	0.00e+00
 4.22270e+13	1.72e-37	1.38e-29	2.86e-22	7.07e-16	2.69e-10	1.38e-05	1.00e+00	8.67e-06	0.00e+00	0.00e+00	0.00e+00	0.00e+00
 4.34686e+13	0.00e+00	1.81e-29	3.57e-22	8.38e-16	3.02e-10	1.47e-05	1.00e+00	8.16e-06	0.00e+00	0.00e+00	0.00e+00	0.00e+00
 4.47781e+13	3.28e-37	2.39e-29	4.47e-22	9.97e-16	3.40e-10	1.56e-05	1.00e+00	7.67e-06	0.00e+00	0.00e+00	0.00e+00	0.00e+00
 4.64435e+13	0.00e+00	3.36e-29	5.91e-22	1.24e-15	3.93e-10	1.69e-05	1.00e+00	7.11e-06	0.00e+00	0.00e+00	0.00e+00	0.00e+00
 4.82087e+13	7.39e-37	4.75e-29	7.85e-22	1.54e-15	4.56e-10	1.82e-05	1.00e+00	6.58e-06	0.00e+00	0.00e+00	0.00e+00	0.00e+00
 4.97956e+13	0.00e+00	6.45e-29	1.01e-21	1.86e-15	5.19e-10	1.95e-05	1.00e+00	6.16e-06	0.00e+00	0.00e+00	0.00e+00	0.00e+00
 5.15138e+13	1.56e-36	8.89e-29	1.31e-21	2.27e-15	5.94e-10	2.09e-05	1.00e+00	5.74e-06	0.00e+00	0.00e+00	0.00e+00	0.00e+00
 5.35496e+13	0.00e+00	1.29e-28	1.76e-21	2.86e-15	6.92e-10	2.26e-05	1.00e+00	5.31e-06	0.00e+00	0.00e+00	0.00e+00	0.00e+00
 5.55599e+13	3.63e-36	1.81e-28	2.34e-21	3.55e-15	8.02e-10	2.44e-05	1.00e+00	4.92e-06	0.00e+00	0.00e+00	0.00e+00	0.00e+00
 5.73966e+13	0.00e+00	2.48e-28	3.01e-21	4.30e-15	9.13e-10	2.61e-05	1.00e+00	4.60e-06	0.00e+00	0.00e+00	0.00e+00	0.00e+00
 5.94461e+13	7.86e-36	3.47e-28	3.95e-21	5.29e-15	1.05e-09	2.80e-05	1.00e+00	4.28e-06	0.00e+00	0.00e+00	0.00e+00	0.00e+00
 6.16547e+13	0.00e+00	4.92e-28	5.24e-21	6.56e-15	1.21e-09	3.02e-05	1.00e+00	3.98e-06	0.00e+00	0.00e+00	0.00e+00	0.00e+00
 6.36251e+13	1.69e-35	6.60e-28	6.68e-21	7.90e-15	1.37e-09	3.22e-05	1.00e+00	3.73e-06	0.00e+00	0.00e+00	0.00e+00	0.00e+00
 6.57417e+13	0.00e+00	9.05e-28	8.62e-21	9.59e-15	1.57e-09	3.44e-05	1.00e+00	3.49e-06	0.00e+00	0.00e+00	0.00e+00	0.00e+00
 6.82917e+13	3.80e-35	1.30e-27	1.16e-20	1.20e-14	1.82e-09	3.72e-05	1.00e+00	3.23e-06	0.00e+00	0.00e+00	0.00e+00	0.00e+00
 7.06853e+13	5.56e-35	1.80e-27	1.51e-20	1.47e-14	2.09e-09	3.99e-05	1.00e+00	3.00e-06	0.00e+00	0.00e+00	0.00e+00	0.00e+00
 7.25109e+13	7.43e-35	2.30e-27	1.84e-20	1.71e-14	2.31e-09	4.21e-05	1.00e+00	2.85e-06	0.00e+00	0.00e+00	0.00e+00	0.00e+00
 7.43181e+13	9.87e-35	2.91e-27	2.23e-20	1.98e-14	2.55e-09	4.42e-05	1.00e+00	2.71e-06	0.00e+00	0.00e+00	0.00e+00	0.00e+00
 7.66675e+13	1.39e-34	3.89e-27	2.83e-20	2.38e-14	2.89e-09	4.72e-05	1.00e+00	2.54e-06	0.00e+00	0.00e+00	0.00e+00	0.00e+00
 7.91580e+13	2.01e-34	5.29e-27	3.63e-20	2.88e-14	3.28e-09	5.04e-05	1.00e+00	2.38e-06	0.00e+00	0.00e+00	0.00e+00	0.00e+00
 8.13384e+13	2.70e-34	6.81e-27	4.47e-20	3.38e-14	3.66e-09	5.33e-05	1.00e+00	2.25e-06	0.00e+00	0.00e+00	0.00e+00	0.00e+00
 8.36791e+13	3.72e-34	8.92e-27	5.57e-20	3.99e-14	4.10e-09	5.65e-05	1.00e+00	2.12e-06	0.00e+00	0.00e+00	0.00e+00	0.00e+00
 8.67171e+13	5.52e-34	1.25e-26	7.33e-20	4.93e-14	4.72e-09	6.09e-05	1.00e+00	1.97e-06	0.00e+00	0.00e+00	0.00e+00	0.00e+00
 8.98047e+13	8.19e-34	1.74e-26	9.61e-20	6.07e-14	5.43e-09	6.55e-05	1.00e+00	1.83e-06	0.00e+00	0.00e+00	0.00e+00	0.00e+00
 9.23292e+13	1.10e-33	2.24e-26	1.19e-19	7.15e-14	6.07e-09	6.94e-05	1.00e+00	1.73e-06	0.00e+00	0.00e+00	0.00e+00	0.00e+00
 9.49785e+13	1.51e-33	2.93e-26	1.48e-19	8.45e-14	6.79e-09	7.36e-05	1.00e+00	1.63e-06	0.00e+00	0.00e+00	0.00e+00	0.00e+00
 9.84204e+13	2.24e-33	4.08e-26	1.94e-19	1.04e-13	7.83e-09	7.93e-05	1.00e+00	1.51e-06	0.00e+00	0.00e+00	0.00e+00	0.00e+00
 1.02045e+14	3.36e-33	5.74e-26	2.57e-19	1.29e-13	9.05e-09	8.55e-05	1.00e+00	1.40e-06	0.00e+00	0.00e+00	0.00e+00	0.00e+00
 1.05193e+14	4.64e-33	7.57e-26	3.24e-19	1.55e-13	1.02e-08	9.13e-05	1.00e+00	1.32e-06	0.00e+00	0.00e+00	0.00e+00	0.00e+00
 1.08568e+14	6.59e-33	1.02e-25	4.13e-19	1.87e-13	1.16e-08	9.75e-05	1.00e+00	1.23e-06	0.00e+00	0.00e+00	0.00e+00	0.00e+00
 1.12700e+14	9.85e-33	1.44e-25	5.49e-19	2.33e-13	1.35e-08	1.06e-04	1.00e+00	1.14e-06	0.00e+00	0.00e+00	0.00e+00	0.00e+00
 1.16824e+14	1.47e-32	2.01e-25	7.24e-19	2.88e-13	1.55e-08	1.14e-04	1.00e+00	1.06e-06	0.00e+00	0.00e+00	0.00e+00	0.00e+00
 1.20446e+14	2.06e-32	2.68e-25	9.16e-19	3.45e-13	1.76e-08	1.21e-04	1.00e+00	9.91e-07	0.00e+00	0.00e+00	0.00e+00	0.00e+00
 1.24411e+14	2.93e-32	3.62e-25	1.17e-18	4.18e-13	2.00e-08	1.30e-04	1.00e+00	0.00e+00	0.00e+00	0.00e+00	0.00e+00	0.00e+00
 1.29200e+14	4.36e-32	5.09e-25	1.57e-18	5.22e-13	2.33e-08	1.41e-04	1.00e+00	0.00e+00	0.00e+00	0.00e+00	0.00e+00	0.00e+00
 1.33973e+14	6.50e-32	7.15e-25	2.07e-18	6.48e-13	2.69e-08	1.52e-04	1.00e+00	0.00e+00	0.00e+00	0.00e+00	0.00e+00	0.00e+00
 1.38280e+14	9.24e-32	9.63e-25	2.64e-18	7.81e-13	3.05e-08	1.62e-04	1.00e+00	0.00e+00	0.00e+00	0.00e+00	0.00e+00	0.00e+00
 1.43067e+14	1.34e-31	1.32e-24	3.44e-18	9.56e-13	3.49e-08	1.74e-04	1.00e+00	0.00e+00	0.00e+00	0.00e+00	0.00e+00	0.00e+00
 1.48703e+14	2.01e-31	1.87e-24	4.61e-18	1.20e-12	4.08e-08	1.89e-04	1.00e+00	0.00e+00	0.00e+00	0.00e+00	0.00e+00	0.00e+00
 1.54264e+14	3.01e-31	2.64e-24	6.13e-18	1.49e-12	4.72e-08	2.04e-04	1.00e+00	0.00e+00	0.00e+00	0.00e+00	0.00e+00	0.00e+00
 1.58983e+14	4.18e-31	3.50e-24	7.74e-18	1.79e-12	5.32e-08	2.17e-04	1.00e+00	0.00e+00	0.00e+00	0.00e+00	0.00e+00	0.00e+00
 1.63788e+14	5.80e-31	4.62e-24	9.75e-18	2.13e-12	5.99e-08	2.31e-04	1.00e+00	0.00e+00	0.00e+00	0.00e+00	0.00e+00	0.00e+00
 1.68875e+14	8.22e-31	6.19e-24	1.24e-17	2.56e-12	6.77e-08	2.46e-04	1.00e+00	0.00e+00	0.00e+00	0.00e+00	0.00e+00	0.00e+00
 1.73285e+14	1.09e-30	7.87e-24	1.51e-17	2.98e-12	7.50e-08	2.60e-04	1.00e+00	0.00e+00	0.00e+00	0.00e+00	0.00e+00	0.00e+00
 1.77975e+14	1.46e-30	1.01e-23	1.86e-17	3.49e-12	8.35e-08	2.75e-04	1.00e+00	0.00e+00	0.00e+00	0.00e+00	0.00e+00	0.00e+00
 1.84071e+14	2.14e-30	1.40e-23	2.43e-17	4.27e-12	9.55e-08	2.94e-04	1.00e+00	0.00e+00	0.00e+00	0.00e+00	0.00e+00	0.00e+00
 1.90299e+14	3.04e-30	1.89e-23	3.13e-17	5.20e-12	1.09e-07	3.15e-04	1.00e+00	0.00e+00	0.00e+00	0.00e+00	0.00e+00	0.00e+00
 1.95369e+14	4.08e-30	2.42e-23	3.84e-17	6.08e-12	1.21e-07	3.33e-04	1.00e+00	0.00e+00	0.00e+00	0.00e+00	0.00e+00	0.00e+00
 2.00629e+14	5.50e-30	3.12e-23	4.74e-17	7.12e-12	1.35e-07	3.51e-04	1.00e+00	0.00e+00	0.00e+00	0.00e+00	0.00e+00	0.00e+00
 2.07468e+14	8.12e-30	4.33e-23	6.17e-17	8.70e-12	1.54e-07	3.76e-04	1.00e+00	0.00e+00	0.00e+00	0.00e+00	0.00e+00	0.00e+00
 2.14721e+14	1.17e-29	5.95e-23	8.06e-17	1.07e-11	1.76e-07	4.03e-04	1.00e+00	0.00e+00	0.00e+00	0.00e+00	0.00e+00	0.00e+00
 2.21027e+14	1.64e-29	7.86e-23	1.01e-16	1.27e-11	1.98e-07	4.27e-04	1.00e+00	0.00e+00	0.00e+00	0.00e+00	0.00e+00	0.00e+00
 2.27741e+14	2.32e-29	1.05e-22	1.29e-16	1.52e-11	2.23e-07	4.54e-04	1.00e+00	0.00e+00	0.00e+00	0.00e+00	0.00e+00	0.00e+00
 2.36182e+14	3.52e-29	1.50e-22	1.71e-16	1.88e-11	2.58e-07	4.88e-04	1.00e+00	0.00e+00	0.00e+00	0.00e+00	0.00e+00	0.00e+00
 2.44918e+14	5.31e-29	2.12e-22	2.28e-16	2.34e-11	2.98e-07	5.25e-04	9.99e-01	0.00e+00	0.00e+00	0.00e+00	0.00e+00	0.00e+00
 2.52693e+14	7.56e-29	2.87e-22	2.93e-16	2.82e-11	3.37e-07	5.59e-04	9.99e-01	0.00e+00	0.00e+00	0.00e+00	0.00e+00	0.00e+00
 2.61168e+14	1.09e-28	3.91e-22	3.80e-16	3.43e-11	3.84e-07	5.97e-04	9.99e-01	0.00e+00	0.00e+00	0.00e+00	0.00e+00	0.00e+00
 2.71292e+14	1.70e-28	5.68e-22	5.15e-16	4.30e-11	4.47e-07	6.44e-04	9.99e-01	0.00e+00	0.00e+00	0.00e+00	0.00e+00	0.00e+00
 2.81384e+14	2.62e-28	8.15e-22	6.89e-16	5.35e-11	5.17e-07	6.92e-04	9.99e-01	0.00e+00	0.00e+00	0.00e+00	0.00e+00	0.00e+00
 2.90641e+14	3.79e-28	1.12e-21	8.92e-16	6.49e-11	5.88e-07	7.38e-04	9.99e-01	0.00e+00	0.00e+00	0.00e+00	0.00e+00	0.00e+00
 3.00988e+14	5.67e-28	1.57e-21	1.18e-15	8.00e-11	6.75e-07	7.91e-04	9.99e-01	0.00e+00	0.00e+00	0.00e+00	0.00e+00	0.00e+00
 3.12989e+14	8.90e-28	2.29e-21	1.61e-15	1.01e-10	7.89e-07	8.54e-04	9.99e-01	0.00e+00	0.00e+00	0.00e+00	0.00e+00	0.00e+00
 3.24785e+14	1.35e-27	3.26e-21	2.17e-15	1.26e-10	9.13e-07	9.19e-04	9.99e-01	0.00e+00	0.00e+00	0.00e+00	0.00e+00	0.00e+00
 3.36037e+14	2.03e-27	4.59e-21	2.85e-15	1.54e-10	1.05e-06	9.82e-04	9.99e-01	0.00e+00	0.00e+00	0.00e+00	0.00e+00	0.00e+00
 3.45967e+14	2.78e-27	6.03e-21	3.59e-15	1.84e-10	1.17e-06	1.04e-03	9.99e-01	0.00e+00	0.00e+00	0.00e+00	0.00e+00	0.00e+00
 3.54229e+14	3.66e-27	7.59e-21	4.34e-15	2.12e-10	1.29e-06	1.09e-03	9.99e-01	0.00e+00	0.00e+00	0.00e+00	0.00e+00	0.00e+00
 3.63287e+14	4.95e-27	9.77e-21	5.32e-15	2.46e-10	1.43e-06	1.14e-03	9.99e-01	0.00e+00	0.00e+00	0.00e+00	0.00e+00	0.00e+00
 3.75063e+14	7.16e-27	1.33e-20	6.87e-15	2.98e-10	1.62e-06	1.22e-03	9.99e-01	0.00e+00	0.00e+00	0.00e+00	0.00e+00	0.00e+00
 3.87489e+14	1.02e-26	1.81e-20	8.91e-15	3.62e-10	1.84e-06	1.30e-03	9.99e-01	0.00e+00	0.00e+00	0.00e+00	0.00e+00	0.00e+00
 3.98176e+14	1.40e-26	2.37e-20	1.11e-14	4.25e-10	2.05e-06	1.37e-03	9.99e-01	0.00e+00	0.00e+00	0.00e+00	0.00e+00	0.00e+00
 4.09486e+14	1.95e-26	3.12e-20	1.39e-14	5.03e-10	2.29e-06	1.45e-03	9.99e-01	0.00e+00	0.00e+00	0.00e+00	0.00e+00	0.00e+00
 4.24189e+14	2.93e-26	4.40e-20	1.84e-14	6.21e-10	2.64e-06	1.55e-03	9.98e-01	0.00e+00	0.00e+00	0.00e+00	0.00e+00	0.00e+00
 4.39414e+14	4.29e-26	6.11e-20	2.44e-14	7.67e-10	3.04e-06	1.66e-03	9.98e-01	0.00e+00	0.00e+00	0.00e+00	0.00e+00	0.00e+00
 4.52151e+14	6.04e-26	8.13e-20	3.07e-14	9.10e-10	3.40e-06	1.76e-03	9.98e-01	0.00e+00	0.00e+00	0.00e+00	0.00e+00	0.00e+00
 4.65542e+14	8.23e-26	1.06e-19	3.87e-14	1.08e-09	3.82e-06	1.87e-03	9.98e-01	0.00e+00	0.00e+00	0.00e+00	0.00e+00	0.00e+00
 4.82588e+14	1.25e-25	1.51e-19	5.16e-14	1.34e-09	4.41e-06	2.00e-03	9.98e-01	0.00e+00	0.00e+00	0.00e+00	0.00e+00	0.00e+00
 5.00391e+14	1.89e-25	2.14e-19	6.89e-14	1.67e-09	5.09e-06	2.15e-03	9.98e-01	0.00e+00	0.00e+00	0.00e+00	0.00e+00	0.00e+00
 5.15954e+14	2.61e-25	2.84e-19	8.78e-14	2.00e-09	5.75e-06	2.29e-03	9.98e-01	0.00e+00	0.00e+00	0.00e+00	0.00e+00	0.00e+00
 5.32599e+14	3.77e-25	3.88e-19	1.13e-13	2.42e-09	6.52e-06	2.44e-03	9.98e-01	0.00e+00	0.00e+00	0.00e+00	0.00e+00	0.00e+00
 5.52862e+14	5.59e-25	5.45e-19	1.52e-13	3.02e-09	7.57e-06	2.63e-03	9.97e-01	0.00e+00	0.00e+00	0.00e+00	0.00e+00	0.00e+00
 5.73024e+14	8.45e-25	7.73e-19	2.02e-13	3.74e-09	8.73e-06	2.82e-03	9.97e-01	0.00e+00	0.00e+00	0.00e+00	0.00e+00	0.00e+00
 5.90730e+14	1.16e-24	1.02e-18	2.57e-13	4.49e-09	9.85e-06	3.00e-03	9.97e-01	0.00e+00	0.00e+00	0.00e+00	0.00e+00	0.00e+00
 6.10049e+14	1.65e-24	1.38e-18	3.30e-13	5.44e-09	1.12e-05	3.20e-03	9.97e-01	0.00e+00	0.00e+00	0.00e+00	0.00e+00	0.00e+00
 6.33403e+14	2.47e-24	1.95e-18	4.45e-13	6.80e-09	1.30e-05	3.45e-03	9.97e-01	0.00e+00	0.00e+00	0.00e+00	0.00e+00	0.00e+00
 6.56724e+14	3.71e-24	2.76e-18	5.93e-13	8.44e-09	1.50e-05	3.72e-03	9.96e-01	0.00e+00	0.00e+00	0.00e+00	0.00e+00	0.00e+00
 6.77649e+14	5.15e-24	3.67e-18	7.57e-13	1.02e-08	1.70e-05	3.96e-03	9.96e-01	0.00e+00	0.00e+00	0.00e+00	0.00e+00	0.00e+00
 7.00735e+14	7.41e-24	5.02e-18	9.86e-13	1.24e-08	1.95e-05	4.24e-03	9.96e-01	0.00e+00	0.00e+00	0.00e+00	0.00e+00	0.00e+00
 7.28074e+14	1.10e-23	7.08e-18	1.33e-12	1.56e-08	2.27e-05	4.59e-03	9.95e-01	0.00e+00	0.00e+00	0.00e+00	0.00e+00	0.00e+00
 7.54856e+14	1.64e-23	9.96e-18	1.77e-12	1.94e-08	2.62e-05	4.94e-03	9.95e-01	0.00e+00	0.00e+00	0.00e+00	0.00e+00	0.00e+00
 7.78156e+14	2.24e-23	1.31e-17	2.24e-12	2.32e-08	2.96e-05	5.27e-03	9.95e-01	0.00e+00	0.00e+00	0.00e+00	0.00e+00	0.00e+00
 7.99545e+14	2.98e-23	1.68e-17	2.77e-12	2.73e-08	3.29e-05	5.57e-03	9.94e-01	0.00e+00	0.00e+00	0.00e+00	0.00e+00	0.00e+00
 8.20183e+14	3.90e-23	2.12e-17	3.38e-12	3.18e-08	3.65e-05	5.87e-03	9.94e-01	0.00e+00	0.00e+00	0.00e+00	0.00e+00	0.00e+00
 8.43316e+14	5.18e-23	2.72e-17	4.19e-12	3.75e-08	4.08e-05	6.22e-03	9.94e-01	0.00e+00	0.00e+00	0.00e+00	0.00e+00	0.00e+00
 8.68656e+14	7.06e-23	3.56e-17	5.28e-12	4.47e-08	4.59e-05	6.61e-03	9.93e-01	0.00e+00	0.00e+00	0.00e+00	0.00e+00	0.00e+00
 8.91698e+14	9.34e-23	4.53e-17	6.48e-12	5.23e-08	5.09e-05	6.98e-03	9.93e-01	0.00e+00	0.00e+00	0.00e+00	0.00e+00	0.00e+00
 9.16487e+14	1.24e-22	5.80e-17	8.01e-12	6.15e-08	5.68e-05	7.39e-03	9.93e-01	0.00e+00	0.00e+00	0.00e+00	0.00e+00	0.00e+00
 9.44325e+14	1.69e-22	7.61e-17	1.01e-11	7.35e-08	6.40e-05	7.86e-03	9.92e-01	0.00e+00	0.00e+00	0.00e+00	0.00e+00	0.00e+00
 9.70753e+14	2.26e-22	9.77e-17	1.25e-11	8.66e-08	7.14e-05	8.33e-03	9.92e-01	0.00e+00	0.00e+00	0.00e+00	0.00e+00	0.00e+00
 9.99734e+14	3.06e-22	1.28e-16	1.57e-11	1.03e-07	8.03e-05	8.85e-03	9.91e-01	0.00e+00	0.00e+00	0.00e+00	0.00e+00	0.00e+00
 1.03191e+15	4.25e-22	1.70e-16	2.01e-11	1.25e-07	9.11e-05	9.46e-03	9.90e-01	0.00e+00	0.00e+00	0.00e+00	0.00e+00	0.00e+00
 1.06177e+15	5.69e-22	2.19e-16	2.51e-11	1.48e-07	1.02e-04	1.00e-02	9.90e-01	0.00e+00	0.00e+00	0.00e+00	0.00e+00	0.00e+00
 1.09411e+15	7.76e-22	2.87e-16	3.16e-11	1.76e-07	1.15e-04	1.07e-02	9.89e-01	0.00e+00	0.00e+00	0.00e+00	0.00e+00	0.00e+00
 1.13043e+15	1.09e-21	3.86e-16	4.07e-11	2.14e-07	1.31e-04	1.14e-02	9.88e-01	0.00e+00	0.00e+00	0.00e+00	0.00e+00	0.00e+00
 1.16521e+15	1.49e-21	5.08e-16	5.14e-11	2.56e-07	1.48e-04	1.22e-02	9.88e-01	0.00e+00	0.00e+00	0.00e+00	0.00e+00	0.00e+00
 1.20369e+15	2.07e-21	6.78e-16	6.61e-11	3.11e-07	1.68e-04	1.30e-02	9.87e-01	0.00e+00	0.00e+00	0.00e+00	0.00e+00	0.00e+00
 1.24679e+15	2.99e-21	9.33e-16	8.66e-11	3.83e-07	1.93e-04	1.41e-02	9.86e-01	0.00e+00	0.00e+00	0.00e+00	0.00e+00	0.00e+00
 1.28755e+15	4.17e-21	1.25e-15	1.11e-10	4.63e-07	2.19e-04	1.50e-02	9.85e-01	0.00e+00	0.00e+00	0.00e+00	0.00e+00	0.00e+00
 1.33219e+15	5.90e-21	1.69e-15	1.44e-10	5.67e-07	2.51e-04	1.61e-02	9.84e-01	0.00e+00	0.00e+00	0.00e+00	0.00e+00	0.00e+00
 1.38225e+15	8.52e-21	2.35e-15	1.92e-10	7.06e-07	2.91e-04	1.74e-02	9.82e-01	0.00e+00	0.00e+00	0.00e+00	0.00e+00	0.00e+00
 1.42927e+15	1.21e-20	3.18e-15	2.48e-10	8.61e-07	3.32e-04	1.87e-02	9.81e-01	0.00e+00	0.00e+00	0.00e+00	0.00e+00	0.00e+00
 1.48032e+15	1.72e-20	4.34e-15	3.25e-10	1.06e-06	3.81e-04	2.01e-02	9.79e-01	0.00e+00	0.00e+00	0.00e+00	0.00e+00	0.00e+00
 1.53770e+15	2.57e-20	6.14e-15	4.35e-10	1.33e-06	4.43e-04	2.18e-02	9.78e-01	0.00e+00	0.00e+00	0.00e+00	0.00e+00	0.00e+00
 1.58380e+15	3.46e-20	7.99e-15	5.45e-10	1.58e-06	4.98e-04	2.32e-02	9.76e-01	0.00e+00	0.00e+00	0.00e+00	0.00e+00	0.00e+00
 1.61592e+15	4.25e-20	9.56e-15	6.35e-10	1.78e-06	5.38e-04	2.42e-02	9.75e-01	0.00e+00	0.00e+00	0.00e+00	0.00e+00	0.00e+00
 1.64939e+15	5.24e-20	1.15e-14	7.43e-10	2.01e-06	5.84e-04	2.53e-02	9.74e-01	0.00e+00	0.00e+00	0.00e+00	0.00e+00	0.00e+00
 1.69289e+15	6.79e-20	1.45e-14	9.06e-10	2.34e-06	6.47e-04	2.67e-02	9.73e-01	0.00e+00	0.00e+00	0.00e+00	0.00e+00	0.00e+00
 1.74160e+15	9.07e-20	1.86e-14	1.13e-09	2.77e-06	7.23e-04	2.84e-02	9.71e-01	0.00e+00	0.00e+00	0.00e+00	0.00e+00	0.00e+00
 1.78736e+15	1.16e-19	2.33e-14	1.37e-09	3.23e-06	8.01e-04	3.00e-02	9.69e-01	0.00e+00	0.00e+00	0.00e+00	0.00e+00	0.00e+00
 1.83713e+15	1.55e-19	2.99e-14	1.69e-09	3.80e-06	8.92e-04	3.18e-02	9.67e-01	0.00e+00	0.00e+00	0.00e+00	0.00e+00	0.00e+00
 1.89227e+15	2.09e-19	3.90e-14	2.12e-09	4.53e-06	1.00e-03	3.39e-02	9.65e-01	0.00e+00	0.00e+00	0.00e+00	0.00e+00	0.00e+00
 1.94325e+15	2.68e-19	4.89e-14	2.60e-09	5.30e-06	1.11e-03	3.58e-02	9.63e-01	0.00e+00	0.00e+00	0.00e+00	0.00e+00	0.00e+00
 1.99836e+15	3.58e-19	6.30e-14	3.21e-09	6.25e-06	1.24e-03	3.80e-02	9.61e-01	0.00e+00	0.00e+00	0.00e+00	0.00e+00	0.00e+00
 2.06006e+15	4.87e-19	8.26e-14	4.04e-09	7.48e-06	1.40e-03	4.06e-02	9.58e-01	0.00e+00	0.00e+00	0.00e+00	0.00e+00	0.00e+00
 2.11809e+15	6.30e-19	1.05e-13	5.00e-09	8.81e-06	1.56e-03	4.30e-02	9.55e-01	0.00e+00	0.00e+00	0.00e+00	0.00e+00	0.00e+00
 2.18131e+15	8.49e-19	1.36e-13	6.23e-09	1.05e-05	1.75e-03	4.59e-02	9.52e-01	0.00e+00	0.00e+00	0.00e+00	0.00e+00	0.00e+00
 2.25188e+15	1.15e-18	1.79e-13	7.94e-09	1.26e-05	1.97e-03	4.90e-02	9.49e-01	0.00e+00	0.00e+00	0.00e+00	0.00e+00	0.00e+00
 2.31860e+15	1.55e-18	2.34e-13	9.89e-09	1.50e-05	2.21e-03	5.23e-02	9.45e-01	0.00e+00	0.00e+00	0.00e+00	0.00e+00	0.00e+00
 2.39192e+15	2.11e-18	3.07e-13	1.25e-08	1.80e-05	2.49e-03	5.58e-02	9.42e-01	0.00e+00	0.00e+00	0.00e+00	0.00e+00	0.00e+00
 2.47450e+15	2.96e-18	4.16e-13	1.62e-08	2.20e-05	2.84e-03	6.01e-02	9.37e-01	0.00e+00	0.00e+00	0.00e+00	0.00e+00	0.00e+00
 2.55296e+15	3.91e-18	5.40e-13	2.05e-08	2.64e-05	3.21e-03	6.41e-02	9.33e-01	0.00e+00	0.00e+00	0.00e+00	0.00e+00	0.00e+00
 2.63882e+15	5.58e-18	7.36e-13	2.64e-08	3.21e-05	3.64e-03	6.89e-02	9.27e-01	0.00e+00	0.00e+00	0.00e+00	0.00e+00	0.00e+00
 2.73583e+15	7.84e-18	1.01e-12	3.47e-08	3.97e-05	4.18e-03	7.43e-02	9.21e-01	0.00e+00	0.00e+00	0.00e+00	0.00e+00	0.00e+00
 2.82721e+15	1.09e-17	1.35e-12	4.45e-08	4.81e-05	4.74e-03	7.97e-02	9.16e-01	0.00e+00	0.00e+00	0.00e+00	0.00e+00	0.00e+00
 2.92591e+15	1.53e-17	1.84e-12	5.77e-08	5.88e-05	5.40e-03	8.57e-02	9.09e-01	0.00e+00	0.00e+00	0.00e+00	0.00e+00	0.00e+00
 3.03663e+15	2.22e-17	2.57e-12	7.66e-08	7.32e-05	6.22e-03	9.27e-02	9.01e-01	0.00e+00	0.00e+00	0.00e+00	0.00e+00	0.00e+00
 3.12568e+15	2.98e-17	3.31e-12	9.55e-08	8.66e-05	6.93e-03	9.84e-02	8.95e-01	0.00e+00	0.00e+00	1.71e-17	8.94e-18	3.02e-18
 3.18818e+15	3.69e-17	3.99e-12	1.11e-07	9.72e-05	7.47e-03	1.03e-01	8.90e-01	0.00e+00	0.00e+00	2.12e-17	1.11e-17	3.73e-18
 3.25348e+15	4.52e-17	4.80e-12	1.30e-07	1.09e-04	8.06e-03	1.07e-01	8.85e-01	0.00e+00	0.00e+00	2.60e-17	1.36e-17	4.57e-18
 3.33837e+15	5.85e-17	6.07e-12	1.58e-07	1.27e-04	8.88e-03	1.13e-01	8.78e-01	0.00e+00	0.00e+00	3.37e-17	1.76e-17	5.90e-18
 3.43268e+15	7.75e-17	7.83e-12	1.95e-07	1.50e-04	9.85e-03	1.19e-01	8.71e-01	0.00e+00	0.00e+00	4.47e-17	2.33e-17	7.79e-18
 3.52010e+15	9.93e-17	9.81e-12	2.37e-07	1.73e-04	1.08e-02	1.25e-01	8.64e-01	0.00e+00	0.00e+00	5.73e-17	2.99e-17	9.97e-18
 3.61459e+15	1.32e-16	1.26e-11	2.91e-07	2.02e-04	1.19e-02	1.32e-01	8.55e-01	0.00e+00	0.00e+00	7.62e-17	3.97e-17	1.32e-17
 3.72008e+15	1.75e-16	1.63e-11	3.63e-07	2.39e-04	1.33e-02	1.40e-01	8.46e-01	0.00e+00	0.00e+00	1.01e-16	5.25e-17	1.75e-17
 3.81835e+15	2.25e-16	2.06e-11	4.43e-07	2.77e-04	1.46e-02	1.47e-01	8.38e-01	0.00e+00	0.00e+00	1.30e-16	6.76e-17	2.24e-17
 3.92457e+15	3.04e-16	2.68e-11	5.48e-07	3.25e-04	1.62e-02	1.56e-01	8.28e-01	0.00e+00	0.00e+00	1.75e-16	9.13e-17	3.03e-17
 4.04289e+15	4.20e-16	3.57e-11	6.89e-07	3.86e-04	1.80e-02	1.65e-01	8.17e-01	0.00e+00	0.00e+00	2.43e-16	1.26e-16	4.18e-17
 4.15347e+15	5.42e-16	4.52e-11	8.48e-07	4.50e-04	1.98e-02	1.73e-01	8.07e-01	0.00e+00	0.00e+00	3.13e-16	1.63e-16	5.38e-17
 4.27375e+15	7.45e-16	5.97e-11	1.06e-06	5.30e-04	2.20e-02	1.83e-01	7.95e-01	0.00e+00	0.00e+00	4.31e-16	2.24e-16	7.39e-17
 4.40848e+15	1.04e-15	8.00e-11	1.34e-06	6.33e-04	2.46e-02	1.93e-01	7.81e-01	0.00e+00	0.00e+00	5.99e-16	3.12e-16	1.03e-16
 4.53584e+15	1.41e-15	1.05e-10	1.67e-06	7.44e-04	2.72e-02	2.03e-01	7.69e-01	0.00e+00	0.00e+00	8.17e-16	4.26e-16	1.40e-16
 4.67526e+15	1.95e-15	1.40e-10	2.12e-06	8.84e-04	3.03e-02	2.15e-01	7.54e-01	0.00e+00	0.00e+00	1.13e-15	5.88e-16	1.93e-16
 4.83227e+15	2.79e-15	1.91e-10	2.73e-06	1.06e-03	3.40e-02	2.27e-01	7.38e-01	0.00e+00	0.00e+00	1.61e-15	8.40e-16	2.75e-16
 4.98294e+15	3.81e-15	2.52e-10	3.45e-06	1.26e-03	3.78e-02	2.39e-01	7.22e-01	0.00e+00	0.00e+00	2.20e-15	1.15e-15	3.76e-16
 5.14956e+15	5.68e-15	3.53e-10	4.46e-06	1.52e-03	4.24e-02	2.52e-01	7.04e-01	0.00e+00	0.00e+00	3.29e-15	1.71e-15	5.61e-16
 5.33384e+15	8.26e-15	4.90e-10	5.83e-06	1.85e-03	4.77e-02	2.66e-01	6.84e-01	0.00e+00	0.00e+00	4.78e-15	2.49e-15	8.15e-16
 5.50578e+15	1.17e-14	6.64e-10	7.44e-06	2.20e-03	5.31e-02	2.80e-01	6.65e-01	0.00e+00	0.00e+00	6.80e-15	3.54e-15	1.16e-15
 5.69401e+15	1.66e-14	8.99e-10	9.60e-06	2.64e-03	5.93e-02	2.93e-01	6.45e-01	0.00e+00	0.00e+00	9.62e-15	5.01e-15	1.64e-15
 5.87657e+15	2.43e-14	1.23e-09	1.22e-05	3.14e-03	6.58e-02	3.07e-01	6.24e-01	0.00e+00	0.00e+00	1.41e-14	7.35e-15	2.40e-15
 6.00763e+15	3.19e-14	1.54e-09	1.44e-05	3.53e-03	7.07e-02	3.16e-01	6.10e-01	0.00e+00	0.00e+00	1.85e-14	9.63e-15	3.14e-15
 6.13386e+15	4.04e-14	1.88e-09	1.69e-05	3.95e-03	7.56e-02	3.25e-01	5.96e-01	0.00e+00	0.00e+00	2.34e-14	1.22e-14	3.98e-15
 6.29796e+15	5.36e-14	2.40e-09	2.06e-05	4.54e-03	8.22e-02	3.36e-01	5.78e-01	0.00e+00	0.00e+00	3.11e-14	1.62e-14	5.28e-15
 6.47749e+15	7.35e-14	3.13e-09	2.55e-05	5.27e-03	8.97e-02	3.47e-01	5.58e-01	0.00e+00	0.00e+00	4.26e-14	2.22e-14	7.24e-15
 6.63882e+15	9.75e-14	3.95e-09	3.06e-05	6.00e-03	9.68e-02	3.57e-01	5.40e-01	0.00e+00	0.00e+00	5.65e-14	2.95e-14	9.60e-15
 6.81033e+15	1.27e-13	4.96e-09	3.70e-05	6.84e-03	1.05e-01	3.67e-01	5.22e-01	0.00e+00	0.00e+00	7.37e-14	3.84e-14	1.25e-14
 7.03328e+15	1.91e-13	6.87e-09	4.72e-05	8.09e-03	1.15e-01	3.79e-01	4.98e-01	0.00e+00	0.00e+00	1.11e-13	5.78e-14	1.88e-14
 7.25630e+15	2.61e-13	8.99e-09	5.92e-05	9.47e-03	1.26e-01	3.90e-01	4.75e-01	0.00e+00	0.00e+00	1.51e-13	7.89e-14	2.56e-14
 7.43111e+15	3.53e-13	1.14e-08	7.06e-05	1.07e-02	1.35e-01	3.98e-01	4.56e-01	0.00e+00	0.00e+00	2.05e-13	1.07e-13	3.47e-14
 7.61004e+15	4.65e-13	1.43e-08	8.41e-05	1.20e-02	1.44e-01	4.05e-01	4.38e-01	0.00e+00	0.00e+00	2.70e-13	1.41e-13	4.58e-14
 7.84265e+15	6.72e-13	1.92e-08	1.05e-04	1.40e-02	1.57e-01	4.14e-01	4.15e-01	0.00e+00	0.00e+00	3.90e-13	2.03e-13	6.60e-14
 8.08829e+15	9.06e-13	2.48e-08	1.31e-04	1.62e-02	1.70e-01	4.22e-01	3.92e-01	0.00e+00	0.00e+00	5.26e-13	2.74e-13	8.90e-14
 8.30219e+15	1.22e-12	3.15e-08	1.58e-04	1.84e-02	1.82e-01	4.27e-01	3.72e-01	0.00e+00	0.00e+00	7.07e-13	3.69e-13	1.20e-13
 8.53161e+15	1.66e-12	4.06e-08	1.92e-04	2.09e-02	1.95e-01	4.33e-01	3.51e-01	0.00e+00	0.00e+00	9.65e-13	5.03e-13	1.63e-13
 8.82984e+15	2.63e-12	5.75e-08	2.46e-04	2.47e-02	2.13e-01	4.38e-01	3.24e-01	0.00e+00	0.00e+00	1.53e-12	7.96e-13	2.58e-13
 9.12376e+15	3.71e-12	7.63e-08	3.09e-04	2.87e-02	2.30e-01	4.41e-01	3.00e-01	0.00e+00	0.00e+00	2.15e-12	1.12e-12	3.64e-13
 9.35752e+15	5.03e-12	9.70e-08	3.69e-04	3.22e-02	2.44e-01	4.42e-01	2.81e-01	0.00e+00	0.00e+00	2.92e-12	1.52e-12	4.94e-13
 9.60684e+15	6.82e-12	1.24e-07	4.45e-04	3.62e-02	2.59e-01	4.42e-01	2.62e-01	0.00e+00	0.00e+00	3.96e-12	2.07e-12	6.70e-13
 9.93095e+15	9.45e-12	1.62e-07	5.58e-04	4.19e-02	2.78e-01	4.40e-01	2.40e-01	0.00e+00	0.00e+00	5.49e-12	2.86e-12	9.26e-13
 1.02582e+16	1.45e-11	2.24e-07	7.01e-04	4.83e-02	2.97e-01	4.36e-01	2.17e-01	0.00e+00	0.00e+00	8.42e-12	4.39e-12	1.42e-12
 1.05149e+16	1.92e-11	2.80e-07	8.30e-04	5.37e-02	3.12e-01	4.32e-01	2.01e-01	0.00e+00	0.00e+00	1.12e-11	5.82e-12	1.88e-12
 1.07381e+16	2.44e-11	3.38e-07	9.59e-04	5.87e-02	3.24e-01	4.28e-01	1.88e-01	0.00e+00	0.00e+00	1.42e-11	7.39e-12	2.39e-12
 1.09922e+16	3.18e-11	4.18e-07	1.13e-03	6.48e-02	3.38e-01	4.22e-01	1.74e-01	0.00e+00	0.00e+00	1.85e-11	9.64e-12	3.12e-12
 1.12606e+16	4.00e-11	5.07e-07	1.32e-03	7.14e-02	3.52e-01	4.15e-01	1.60e-01	0.00e+00	0.00e+00	2.32e-11	1.21e-11	3.92e-12
 1.15477e+16	5.64e-11	6.55e-07	1.58e-03	7.94e-02	3.67e-01	4.06e-01	1.46e-01	0.00e+00	0.00e+00	3.28e-11	1.71e-11	5.53e-12
 1.18307e+16	7.25e-11	8.04e-07	1.86e-03	8.73e-02	3.81e-01	3.97e-01	1.33e-01	0.00e+00	0.00e+00	4.21e-11	2.20e-11	7.10e-12
 1.21082e+16	9.20e-11	9.78e-07	2.18e-03	9.58e-02	3.94e-01	3.87e-01	1.21e-01	0.00e+00	0.00e+00	5.35e-11	2.79e-11	9.01e-12
 1.24130e+16	1.21e-10	1.22e-06	2.58e-03	1.06e-01	4.07e-01	3.75e-01	1.09e-01	0.00e+00	0.00e+00	7.06e-11	3.69e-11	1.19e-11
 1.26958e+16	1.70e-10	1.56e-06	3.03e-03	1.15e-01	4.19e-01	3.64e-01	9.87e-02	0.00e+00	0.00e+00	9.86e-11	5.15e-11	1.66e-11
 1.29533e+16	2.12e-10	1.86e-06	3.48e-03	1.25e-01	4.29e-01	3.53e-01	9.02e-02	0.00e+00	0.00e+00	1.23e-10	6.45e-11	2.08e-11
 1.32358e+16	2.72e-10	2.27e-06	4.05e-03	1.35e-01	4.39e-01	3.40e-01	8.14e-02	0.00e+00	0.00e+00	1.58e-10	8.26e-11	2.66e-11
 1.35510e+16	3.47e-10	2.78e-06	4.77e-03	1.48e-01	4.49e-01	3.26e-01	7.27e-02	0.00e+00	0.00e+00	2.02e-10	1.05e-10	3.40e-11
 1.38455e+16	4.84e-10	3.54e-06	5.59e-03	1.60e-01	4.57e-01	3.12e-01	6.47e-02	0.00e+00	0.00e+00	2.81e-10	1.47e-10	4.75e-11
 1.41140e+16	6.07e-10	4.24e-06	6.41e-03	1.72e-01	4.64e-01	2.99e-01	5.84e-02	0.00e+00	0.00e+00	3.53e-10	1.84e-10	5.95e-11
 1.44121e+16	7.82e-10	5.19e-06	7.48e-03	1.86e-01	4.70e-01	2.85e-01	5.19e-02	0.00e+00	0.00e+00	4.55e-10	2.38e-10	7.67e-11
 1.47397e+16	1.09e-09	6.63e-06	8.87e-03	2.02e-01	4.75e-01	2.69e-01	4.52e-02	0.00e+00	0.00e+00	6.32e-10	3.30e-10	1.07e-10
 1.50345e+16	1.36e-09	7.99e-06	1.03e-02	2.17e-01	4.78e-01	2.55e-01	4.02e-02	0.00e+00	0.00e+00	7.92e-10	4.14e-10	1.34e-10
 1.53050e+16	1.67e-09	9.48e-06	1.18e-02	2.31e-01	4.80e-01	2.42e-01	3.59e-02	0.00e+00	0.00e+00	9.73e-10	5.09e-10	1.64e-10
 1.55739e+16	2.12e-09	1.14e-05	1.35e-02	2.46e-01	4.80e-01	2.28e-01	3.19e-02	0.00e+00	0.00e+00	1.23e-09	6.44e-10	2.08e-10
 1.58378e+16	2.96e-09	1.45e-05	1.56e-02	2.61e-01	4.80e-01	2.15e-01	2.80e-02	0.00e+00	0.00e+00	1.72e-09	9.01e-10	2.91e-10
 1.60859e+16	3.69e-09	1.72e-05	1.78e-02	2.76e-01	4.78e-01	2.03e-01	2.50e-02	0.00e+00	0.00e+00	2.15e-09	1.12e-09	3.63e-10
 1.63214e+16	4.64e-09	2.05e-05	2.02e-02	2.91e-01	4.75e-01	1.92e-01	2.23e-02	0.00e+00	0.00e+00	2.70e-09	1.41e-09	4.57e-10
 1.65544e+16	5.85e-09	2.45e-05	2.29e-02	3.06e-01	4.71e-01	1.80e-01	1.98e-02	0.00e+00	0.00e+00	3.40e-09	1.78e-09	5.76e-10
 1.67821e+16	6.93e-09	2.83e-05	2.58e-02	3.20e-01	4.66e-01	1.70e-01	1.78e-02	0.00e+00	0.00e+00	4.03e-09	2.11e-09	6.82e-10
 1.70403e+16	9.38e-09	3.55e-05	2.99e-02	3.38e-01	4.59e-01	1.57e-01	1.54e-02	0.00e+00	0.00e+00	5.46e-09	2.86e-09	9.24e-10
 1.73048e+16	1.25e-08	4.41e-05	3.48e-02	3.56e-01	4.51e-01	1.45e-01	1.33e-02	0.00e+00	0.00e+00	7.25e-09	3.80e-09	1.23e-09
 1.75186e+16	1.52e-08	5.16e-05	3.93e-02	3.71e-01	4.42e-01	1.35e-01	1.18e-02	0.00e+00	0.00e+00	8.83e-09	4.62e-09	1.50e-09
 1.77379e+16	1.93e-08	6.22e-05	4.49e-02	3.87e-01	4.32e-01	1.25e-01	1.03e-02	0.00e+00	0.00e+00	1.12e-08	5.88e-09	1.90e-09
