#depth	C	C+	C+2	C+3	C+4	C+5	C+6	C[1]	C[2]	C[3]	C+[1]	C+[2]	CO
 1.49634e+10	0.00e+00	1.94e-31	6.74e-22	5.34e-13	2.22e-03	7.89e-01	2.09e-01	0.00e+00	0.00e+00	0.00e+00	0.00e+00	0.00e+00	4.90e-274
 4.54887e+10	1.08e-41	2.74e-31	8.79e-22	6.42e-13	2.46e-03	8.02e-01	1.96e-01	0.00e+00	0.00e+00	0.00e+00	0.00e+00	0.00e+00	3.26e-134
 7.72350e+10	0.00e+00	3.87e-31	1.15e-21	7.72e-13	2.73e-03	8.14e-01	1.84e-01	0.00e+00	0.00e+00	0.00e+00	0.00e+00	0.00e+00	8.62e-228
 1.10251e+11	2.55e-41	5.48e-31	1.50e-21	9.28e-13	3.02e-03	8.25e-01	1.72e-01	0.00e+00	0.00e+00	0.00e+00	0.00e+00	0.00e+00	3.23e-133
 1.44588e+11	0.00e+00	7.75e-31	1.95e-21	1.12e-12	3.35e-03	8.36e-01	1.60e-01	0.00e+00	0.00e+00	0.00e+00	0.00e+00	0.00e+00	0.00e+00
 1.80298e+11	6.00e-41	1.10e-30	2.54e-21	1.34e-12	3.70e-03	8.47e-01	1.50e-01	0.00e+00	0.00e+00	0.00e+00	0.00e+00	0.00e+00	3.21e-132
 2.17437e+11	0.00e+00	1.55e-30	3.32e-21	1.61e-12	4.10e-03	8.56e-01	1.39e-01	0.00e+00	0.00e+00	0.00e+00	0.00e+00	0.00e+00	0.00e+00
 2.56061e+11	1.42e-40	2.20e-30	4.33e-21	1.93e-12	4.53e-03	8.66e-01	1.30e-01	0.00e+00	0.00e+00	0.00e+00	0.00e+00	0.00e+00	3.21e-131
 2.92320e+11	0.00e+00	3.01e-30	5.51e-21	2.28e-12	4.96e-03	8.73e-01	1.22e-01	0.00e+00	0.00e+00	0.00e+00	0.00e+00	0.00e+00	0.00e+00
 3.24643e+11	2.92e-40	3.95e-30	6.78e-21	2.63e-12	5.37e-03	8.80e-01	1.15e-01	0.00e+00	0.00e+00	0.00e+00	0.00e+00	0.00e+00	2.24e-130
 3.60877e+11	0.00e+00	5.31e-30	8.50e-21	3.08e-12	5.84e-03	8.86e-01	1.08e-01	0.00e+00	0.00e+00	0.00e+00	0.00e+00	0.00e+00	0.00e+00
 4.03948e+11	6.42e-40	7.46e-30	1.10e-20	3.68e-12	6.44e-03	8.93e-01	1.00e-01	0.00e+00	0.00e+00	0.00e+00	0.00e+00	0.00e+00	1.85e-129
 4.47108e+11	0.00e+00	1.04e-29	1.42e-20	4.37e-12	7.07e-03	9.00e-01	9.34e-02	0.00e+00	0.00e+00	0.00e+00	0.00e+00	0.00e+00	0.00e+00
 4.87464e+11	1.39e-39	1.39e-29	1.78e-20	5.11e-12	7.69e-03	9.05e-01	8.76e-02	0.00e+00	0.00e+00	0.00e+00	0.00e+00	0.00e+00	1.46e-128
 5.32360e+11	0.00e+00	1.92e-29	2.27e-20	6.04e-12	8.42e-03	9.10e-01	8.16e-02	0.00e+00	0.00e+00	0.00e+00	0.00e+00	0.00e+00	0.00e+00
 5.83581e+11	3.19e-39	2.73e-29	2.97e-20	7.26e-12	9.31e-03	9.15e-01	7.55e-02	0.00e+00	0.00e+00	0.00e+00	0.00e+00	0.00e+00	1.36e-127
 6.34381e+11	0.00e+00	3.83e-29	3.84e-20	8.67e-12	1.02e-02	9.20e-01	7.00e-02	0.00e+00	0.00e+00	0.00e+00	0.00e+00	0.00e+00	0.00e+00
 6.87213e+11	7.36e-39	5.36e-29	4.97e-20	1.03e-11	1.13e-02	9.24e-01	6.48e-02	0.00e+00	0.00e+00	0.00e+00	0.00e+00	0.00e+00	1.27e-126
 7.44629e+11	0.00e+00	7.65e-29	6.52e-20	1.25e-11	1.24e-02	9.28e-01	5.98e-02	0.00e+00	0.00e+00	0.00e+00	0.00e+00	0.00e+00	0.00e+00
 8.03076e+11	1.76e-38	1.08e-28	8.51e-20	1.49e-11	1.37e-02	9.31e-01	5.52e-02	0.00e+00	0.00e+00	0.00e+00	0.00e+00	0.00e+00	1.30e-125
 8.57471e+11	0.00e+00	1.48e-28	1.08e-19	1.76e-11	1.50e-02	9.34e-01	5.14e-02	0.00e+00	0.00e+00	0.00e+00	0.00e+00	0.00e+00	0.00e+00
 9.07561e+11	3.66e-38	1.96e-28	1.34e-19	2.03e-11	1.62e-02	9.36e-01	4.81e-02	0.00e+00	0.00e+00	0.00e+00	0.00e+00	0.00e+00	9.20e-125
 9.64763e+11	0.00e+00	2.68e-28	1.70e-19	2.39e-11	1.76e-02	9.38e-01	4.47e-02	0.00e+00	0.00e+00	0.00e+00	0.00e+00	0.00e+00	0.00e+00
 1.03200e+12	8.30e-38	3.80e-28	2.21e-19	2.87e-11	1.94e-02	9.39e-01	4.12e-02	0.00e+00	0.00e+00	0.00e+00	0.00e+00	0.00e+00	8.15e-124
 1.09868e+12	0.00e+00	5.34e-28	2.87e-19	3.43e-11	2.13e-02	9.41e-01	3.80e-02	0.00e+00	0.00e+00	0.00e+00	0.00e+00	0.00e+00	0.00e+00
 1.16083e+12	1.85e-37	7.24e-28	3.63e-19	4.02e-11	2.32e-02	9.41e-01	3.53e-02	0.00e+00	0.00e+00	0.00e+00	0.00e+00	0.00e+00	6.82e-123
 1.22999e+12	0.00e+00	1.00e-27	4.65e-19	4.75e-11	2.53e-02	9.42e-01	3.27e-02	0.00e+00	0.00e+00	0.00e+00	0.00e+00	0.00e+00	0.00e+00
 1.30911e+12	4.33e-37	1.44e-27	6.14e-19	5.75e-11	2.80e-02	9.42e-01	2.99e-02	0.00e+00	0.00e+00	0.00e+00	0.00e+00	0.00e+00	6.60e-122
 1.38681e+12	0.00e+00	2.04e-27	7.99e-19	6.87e-11	3.07e-02	9.42e-01	2.75e-02	0.00e+00	0.00e+00	0.00e+00	0.00e+00	0.00e+00	0.00e+00
 1.46761e+12	1.02e-36	2.87e-27	1.04e-18	8.22e-11	3.37e-02	9.41e-01	2.52e-02	0.00e+00	0.00e+00	0.00e+00	0.00e+00	0.00e+00	6.33e-121
 1.55624e+12	0.00e+00	4.14e-27	1.37e-18	9.93e-11	3.72e-02	9.40e-01	2.31e-02	0.00e+00	0.00e+00	0.00e+00	0.00e+00	0.00e+00	0.00e+00
 1.64539e+12	2.47e-36	5.90e-27	1.80e-18	1.19e-10	4.09e-02	9.38e-01	2.11e-02	0.00e+00	0.00e+00	0.00e+00	0.00e+00	0.00e+00	6.69e-120
 1.73810e+12	0.00e+00	8.41e-27	2.36e-18	1.43e-10	4.49e-02	9.36e-01	1.93e-02	0.00e+00	0.00e+00	0.00e+00	0.00e+00	0.00e+00	0.00e+00
 1.83755e+12	6.04e-36	1.21e-26	3.13e-18	1.73e-10	4.95e-02	9.33e-01	1.75e-02	0.00e+00	0.00e+00	0.00e+00	0.00e+00	0.00e+00	7.11e-119
 1.93625e+12	0.00e+00	1.72e-26	4.09e-18	2.08e-10	5.43e-02	9.30e-01	1.60e-02	0.00e+00	0.00e+00	0.00e+00	0.00e+00	0.00e+00	0.00e+00
 2.03890e+12	1.44e-35	2.45e-26	5.35e-18	2.50e-10	5.95e-02	9.26e-01	1.46e-02	0.00e+00	0.00e+00	0.00e+00	0.00e+00	0.00e+00	7.06e-118
 2.15038e+12	0.00e+00	3.54e-26	7.09e-18	3.02e-10	6.55e-02	9.21e-01	1.33e-02	0.00e+00	0.00e+00	0.00e+00	0.00e+00	0.00e+00	0.00e+00
 2.26632e+12	3.57e-35	5.11e-26	9.40e-18	3.65e-10	7.20e-02	9.16e-01	1.20e-02	0.00e+00	0.00e+00	0.00e+00	0.00e+00	0.00e+00	7.80e-117
 2.38690e+12	0.00e+00	7.37e-26	1.25e-17	4.42e-10	7.92e-02	9.10e-01	1.09e-02	0.00e+00	0.00e+00	0.00e+00	0.00e+00	0.00e+00	0.00e+00
 2.51230e+12	8.84e-35	1.06e-25	1.65e-17	5.34e-10	8.70e-02	9.03e-01	9.83e-03	0.00e+00	0.00e+00	0.00e+00	0.00e+00	0.00e+00	8.57e-116
 2.64272e+12	1.39e-34	1.53e-25	2.19e-17	6.46e-10	9.54e-02	8.96e-01	8.87e-03	0.00e+00	0.00e+00	0.00e+00	0.00e+00	0.00e+00	5.16e-98
 2.76096e+12	2.06e-34	2.11e-25	2.80e-17	7.62e-10	1.03e-01	8.88e-01	8.10e-03	0.00e+00	0.00e+00	0.00e+00	0.00e+00	0.00e+00	1.16e-282
 2.85994e+12	2.84e-34	2.74e-25	3.42e-17	8.71e-10	1.10e-01	8.82e-01	7.52e-03	0.00e+00	0.00e+00	0.00e+00	0.00e+00	0.00e+00	1.87e-114
 2.96857e+12	3.98e-34	3.60e-25	4.22e-17	1.00e-09	1.18e-01	8.75e-01	6.94e-03	0.00e+00	0.00e+00	0.00e+00	0.00e+00	0.00e+00	5.42e-97
 3.10553e+12	6.01e-34	5.03e-25	5.46e-17	1.19e-09	1.28e-01	8.65e-01	6.29e-03	0.00e+00	0.00e+00	0.00e+00	0.00e+00	0.00e+00	0.00e+00
 3.24809e+12	9.08e-34	7.03e-25	7.06e-17	1.42e-09	1.39e-01	8.55e-01	5.69e-03	0.00e+00	0.00e+00	0.00e+00	0.00e+00	0.00e+00	4.07e-113
 3.37030e+12	1.28e-33	9.25e-25	8.74e-17	1.64e-09	1.49e-01	8.46e-01	5.23e-03	0.00e+00	0.00e+00	0.00e+00	0.00e+00	0.00e+00	7.26e-96
 3.49732e+12	1.79e-33	1.22e-24	1.08e-16	1.89e-09	1.59e-01	8.36e-01	4.80e-03	0.00e+00	0.00e+00	0.00e+00	0.00e+00	0.00e+00	0.00e+00
 3.65546e+12	2.69e-33	1.70e-24	1.39e-16	2.24e-09	1.72e-01	8.23e-01	4.33e-03	0.00e+00	0.00e+00	0.00e+00	0.00e+00	0.00e+00	7.33e-112
 3.81561e+12	4.00e-33	2.34e-24	1.79e-16	2.64e-09	1.86e-01	8.10e-01	3.90e-03	0.00e+00	0.00e+00	0.00e+00	0.00e+00	0.00e+00	9.25e-95
 3.95523e+12	5.56e-33	3.05e-24	2.20e-16	3.03e-09	1.98e-01	7.99e-01	3.57e-03	0.00e+00	0.00e+00	0.00e+00	0.00e+00	0.00e+00	5.09e-111
 4.10657e+12	7.84e-33	4.04e-24	2.72e-16	3.50e-09	2.11e-01	7.86e-01	3.26e-03	0.00e+00	0.00e+00	0.00e+00	0.00e+00	0.00e+00	4.17e-94
 4.29092e+12	1.17e-32	5.59e-24	3.51e-16	4.13e-09	2.27e-01	7.70e-01	2.92e-03	0.00e+00	0.00e+00	0.00e+00	0.00e+00	0.00e+00	3.78e-110
 4.47855e+12	1.73e-32	7.67e-24	4.48e-16	4.86e-09	2.44e-01	7.53e-01	2.61e-03	0.00e+00	0.00e+00	0.00e+00	0.00e+00	0.00e+00	2.45e-93
 4.65068e+12	2.44e-32	1.01e-23	5.55e-16	5.60e-09	2.59e-01	7.38e-01	2.37e-03	0.00e+00	0.00e+00	0.00e+00	0.00e+00	0.00e+00	2.75e-109
 4.84228e+12	3.50e-32	1.36e-23	6.96e-16	6.50e-09	2.76e-01	7.21e-01	2.13e-03	0.00e+00	0.00e+00	0.00e+00	0.00e+00	0.00e+00	1.20e-92
 5.06456e+12	5.24e-32	1.89e-23	8.95e-16	7.67e-09	2.96e-01	7.02e-01	1.88e-03	0.00e+00	0.00e+00	0.00e+00	0.00e+00	0.00e+00	2.23e-108
 5.28391e+12	7.66e-32	2.56e-23	1.13e-15	8.96e-09	3.16e-01	6.82e-01	1.68e-03	0.00e+00	0.00e+00	0.00e+00	0.00e+00	0.00e+00	7.06e-92
 5.49393e+12	1.08e-31	3.39e-23	1.41e-15	1.03e-08	3.34e-01	6.64e-01	1.51e-03	0.00e+00	0.00e+00	0.00e+00	0.00e+00	0.00e+00	1.65e-107
 5.72550e+12	1.56e-31	4.54e-23	1.76e-15	1.19e-08	3.54e-01	6.44e-01	1.34e-03	0.00e+00	0.00e+00	0.00e+00	0.00e+00	0.00e+00	3.57e-91
 5.98445e+12	2.29e-31	6.21e-23	2.24e-15	1.39e-08	3.77e-01	6.22e-01	1.18e-03	0.00e+00	0.00e+00	0.00e+00	0.00e+00	0.00e+00	1.34e-106
 6.21981e+12	3.21e-31	8.14e-23	2.75e-15	1.59e-08	3.96e-01	6.03e-01	1.05e-03	0.00e+00	0.00e+00	0.00e+00	0.00e+00	0.00e+00	1.89e-90
 6.41782e+12	4.21e-31	1.01e-22	3.25e-15	1.77e-08	4.13e-01	5.87e-01	9.61e-04	0.00e+00	0.00e+00	0.00e+00	0.00e+00	0.00e+00	7.40e-106
 6.63553e+12	5.61e-31	1.28e-22	3.88e-15	1.98e-08	4.30e-01	5.69e-01	8.70e-04	0.00e+00	0.00e+00	0.00e+00	0.00e+00	0.00e+00	6.92e-90
 6.88128e+12	7.66e-31	1.64e-22	4.69e-15	2.24e-08	4.49e-01	5.50e-01	7.79e-04	0.00e+00	0.00e+00	0.00e+00	0.00e+00	0.00e+00	4.06e-105
 7.11655e+12	1.02e-30	2.06e-22	5.59e-15	2.50e-08	4.67e-01	5.32e-01	7.03e-04	0.00e+00	0.00e+00	0.00e+00	0.00e+00	0.00e+00	2.81e-89
 7.37548e+12	1.38e-30	2.63e-22	6.72e-15	2.81e-08	4.86e-01	5.13e-01	6.30e-04	0.00e+00	0.00e+00	0.00e+00	0.00e+00	0.00e+00	2.21e-104
 7.66310e+12	1.91e-30	3.40e-22	8.17e-15	3.17e-08	5.06e-01	4.93e-01	5.58e-04	0.00e+00	0.00e+00	0.00e+00	0.00e+00	0.00e+00	1.23e-88
 7.93263e+12	2.55e-30	4.29e-22	9.72e-15	3.54e-08	5.25e-01	4.75e-01	5.00e-04	0.00e+00	0.00e+00	0.00e+00	0.00e+00	0.00e+00	1.30e-103
 8.22763e+12	3.45e-30	5.47e-22	1.17e-14	3.96e-08	5.44e-01	4.56e-01	4.45e-04	0.00e+00	0.00e+00	0.00e+00	0.00e+00	0.00e+00	5.10e-88
 8.55938e+12	4.80e-30	7.11e-22	1.42e-14	4.47e-08	5.65e-01	4.35e-01	3.91e-04	0.00e+00	0.00e+00	0.00e+00	0.00e+00	0.00e+00	8.31e-103
 8.87628e+12	6.48e-30	9.03e-22	1.70e-14	4.99e-08	5.84e-01	4.16e-01	3.47e-04	0.00e+00	0.00e+00	0.00e+00	0.00e+00	0.00e+00	2.32e-87
 9.22369e+12	8.88e-30	1.16e-21	2.05e-14	5.59e-08	6.03e-01	3.97e-01	3.05e-04	0.00e+00	0.00e+00	0.00e+00	0.00e+00	0.00e+00	5.14e-102
 9.59184e+12	1.22e-29	1.50e-21	2.47e-14	6.28e-08	6.23e-01	3.77e-01	2.68e-04	0.00e+00	0.00e+00	0.00e+00	0.00e+00	0.00e+00	1.09e-86
 9.91399e+12	1.60e-29	1.85e-21	2.90e-14	6.91e-08	6.39e-01	3.61e-01	2.39e-04	0.00e+00	0.00e+00	0.00e+00	0.00e+00	0.00e+00	2.98e-101
 1.02579e+13	2.11e-29	2.30e-21	3.41e-14	7.61e-08	6.55e-01	3.44e-01	2.13e-04	0.00e+00	0.00e+00	0.00e+00	0.00e+00	0.00e+00	4.15e-86
 1.06763e+13	2.91e-29	2.97e-21	4.11e-14	8.51e-08	6.74e-01	3.26e-01	1.85e-04	0.00e+00	0.00e+00	0.00e+00	0.00e+00	0.00e+00	1.81e-100
 1.10930e+13	3.96e-29	3.79e-21	4.92e-14	9.47e-08	6.92e-01	3.08e-01	1.62e-04	0.00e+00	0.00e+00	0.00e+00	0.00e+00	0.00e+00	1.98e-85
 1.14607e+13	5.15e-29	4.65e-21	5.72e-14	1.03e-07	7.06e-01	2.94e-01	1.44e-04	0.00e+00	0.00e+00	0.00e+00	0.00e+00	0.00e+00	1.02e-99
 1.18631e+13	6.78e-29	5.78e-21	6.70e-14	1.14e-07	7.21e-01	2.79e-01	1.28e-04	0.00e+00	0.00e+00	0.00e+00	0.00e+00	0.00e+00	7.58e-85
 1.23474e+13	9.32e-29	7.42e-21	8.04e-14	1.26e-07	7.37e-01	2.63e-01	1.11e-04	0.00e+00	0.00e+00	0.00e+00	0.00e+00	0.00e+00	6.29e-99
 1.28319e+13	1.27e-28	9.42e-21	9.58e-14	1.40e-07	7.53e-01	2.47e-01	9.61e-05	0.00e+00	0.00e+00	0.00e+00	0.00e+00	0.00e+00	3.63e-84
 1.32726e+13	1.65e-28	1.16e-20	1.11e-13	1.53e-07	7.65e-01	2.34e-01	8.50e-05	0.00e+00	0.00e+00	0.00e+00	0.00e+00	0.00e+00	3.68e-98
 1.37624e+13	2.20e-28	1.45e-20	1.31e-13	1.67e-07	7.79e-01	2.21e-01	7.45e-05	0.00e+00	0.00e+00	0.00e+00	0.00e+00	0.00e+00	1.49e-83
 1.43350e+13	3.03e-28	1.86e-20	1.57e-13	1.86e-07	7.93e-01	2.07e-01	6.40e-05	0.00e+00	0.00e+00	0.00e+00	0.00e+00	0.00e+00	2.42e-97
 1.49001e+13	4.11e-28	2.36e-20	1.86e-13	2.05e-07	8.06e-01	1.94e-01	5.54e-05	0.00e+00	0.00e+00	0.00e+00	0.00e+00	0.00e+00	7.31e-83
 1.54342e+13	5.41e-28	2.93e-20	2.17e-13	2.23e-07	8.17e-01	1.83e-01	4.86e-05	0.00e+00	0.00e+00	0.00e+00	0.00e+00	0.00e+00	1.48e-96
 1.60278e+13	7.27e-28	3.68e-20	2.56e-13	2.45e-07	8.28e-01	1.72e-01	4.22e-05	0.00e+00	0.00e+00	0.00e+00	0.00e+00	0.00e+00	3.19e-82
 1.66988e+13	1.00e-27	4.72e-20	3.06e-13	2.70e-07	8.40e-01	1.60e-01	3.61e-05	0.00e+00	0.00e+00	0.00e+00	0.00e+00	0.00e+00	1.02e-95
 1.73731e+13	1.36e-27	5.99e-20	3.62e-13	2.97e-07	8.51e-01	1.49e-01	3.11e-05	0.00e+00	0.00e+00	0.00e+00	0.00e+00	0.00e+00	1.63e-81
 1.80743e+13	1.86e-27	7.61e-20	4.29e-13	3.26e-07	8.61e-01	1.39e-01	2.67e-05	0.00e+00	0.00e+00	0.00e+00	0.00e+00	0.00e+00	7.20e-95
 1.88272e+13	2.55e-27	9.72e-20	5.10e-13	3.59e-07	8.71e-01	1.29e-01	2.29e-05	0.00e+00	0.00e+00	0.00e+00	0.00e+00	0.00e+00	8.34e-81
 1.96102e+13	3.50e-27	1.24e-19	6.06e-13	3.94e-07	8.80e-01	1.20e-01	1.95e-05	0.00e+00	0.00e+00	0.00e+00	0.00e+00	0.00e+00	5.40e-94
 2.03811e+13	4.72e-27	1.56e-19	7.13e-13	4.31e-07	8.88e-01	1.12e-01	1.68e-05	0.00e+00	0.00e+00	0.00e+00	0.00e+00	0.00e+00	4.22e-80
 2.10983e+13	6.17e-27	1.92e-19	8.24e-13	4.66e-07	8.95e-01	1.05e-01	1.47e-05	0.00e+00	0.00e+00	0.00e+00	0.00e+00	0.00e+00	3.30e-93
 2.17457e+13	7.81e-27	2.30e-19	9.35e-13	4.99e-07	9.00e-01	9.96e-02	1.31e-05	0.00e+00	0.00e+00	0.00e+00	0.00e+00	0.00e+00	1.59e-79
 2.24399e+13	9.97e-27	2.77e-19	1.07e-12	5.35e-07	9.06e-01	9.40e-02	1.16e-05	0.00e+00	0.00e+00	0.00e+00	0.00e+00	0.00e+00	1.53e-92
 2.33038e+13	1.34e-26	3.47e-19	1.25e-12	5.82e-07	9.12e-01	8.76e-02	1.00e-05	0.00e+00	0.00e+00	0.00e+00	0.00e+00	0.00e+00	6.64e-79
 2.41700e+13	1.77e-26	4.32e-19	1.45e-12	6.31e-07	9.18e-01	8.19e-02	8.70e-06	0.00e+00	0.00e+00	0.00e+00	0.00e+00	0.00e+00	9.71e-92
 2.49150e+13	2.25e-26	5.17e-19	1.64e-12	6.75e-07	9.23e-01	7.74e-02	7.74e-06	0.00e+00	0.00e+00	0.00e+00	0.00e+00	0.00e+00	2.65e-78
 2.57210e+13	2.88e-26	6.25e-19	1.87e-12	7.23e-07	9.27e-01	7.29e-02	6.84e-06	0.00e+00	0.00e+00	0.00e+00	0.00e+00	0.00e+00	4.60e-91
 2.67151e+13	3.87e-26	7.82e-19	2.19e-12	7.85e-07	9.32e-01	6.79e-02	5.90e-06	0.00e+00	0.00e+00	0.00e+00	0.00e+00	0.00e+00	1.14e-77
 2.77085e+13	5.14e-26	9.71e-19	2.54e-12	8.49e-07	9.37e-01	6.34e-02	5.11e-06	0.00e+00	0.00e+00	0.00e+00	0.00e+00	0.00e+00	2.97e-90
 2.85666e+13	6.52e-26	1.16e-18	2.87e-12	9.06e-07	9.40e-01	5.98e-02	4.54e-06	0.00e+00	0.00e+00	0.00e+00	0.00e+00	0.00e+00	4.63e-77
 2.94939e+13	8.37e-26	1.41e-18	3.27e-12	9.70e-07	9.44e-01	5.63e-02	4.01e-06	0.00e+00	0.00e+00	0.00e+00	0.00e+00	0.00e+00	1.43e-89
 3.06333e+13	1.12e-25	1.76e-18	3.82e-12	1.05e-06	9.48e-01	5.24e-02	3.46e-06	0.00e+00	0.00e+00	0.00e+00	0.00e+00	0.00e+00	2.01e-76
 3.17831e+13	1.50e-25	2.19e-18	4.43e-12	1.14e-06	9.51e-01	4.88e-02	2.99e-06	0.00e+00	0.00e+00	0.00e+00	0.00e+00	0.00e+00	4.37e-76
 3.28023e+13	1.92e-25	2.64e-18	5.03e-12	1.21e-06	9.54e-01	4.60e-02	2.65e-06	0.00e+00	0.00e+00	0.00e+00	0.00e+00	0.00e+00	8.55e-76
 3.39173e+13	2.49e-25	3.22e-18	5.76e-12	1.30e-06	9.57e-01	4.32e-02	2.32e-06	0.00e+00	0.00e+00	0.00e+00	0.00e+00	0.00e+00	1.74e-75
 3.52534e+13	3.37e-25	4.05e-18	6.73e-12	1.41e-06	9.60e-01	4.01e-02	2.00e-06	0.00e+00	0.00e+00	0.00e+00	0.00e+00	0.00e+00	3.94e-75
 3.65842e+13	4.51e-25	5.04e-18	7.82e-12	1.52e-06	9.63e-01	3.73e-02	1.73e-06	0.00e+00	0.00e+00	0.00e+00	0.00e+00	0.00e+00	8.67e-75
 3.77973e+13	5.83e-25	6.12e-18	8.91e-12	1.63e-06	9.65e-01	3.51e-02	1.52e-06	0.00e+00	0.00e+00	0.00e+00	0.00e+00	0.00e+00	1.74e-74
 3.91500e+13	7.69e-25	7.54e-18	1.03e-11	1.75e-06	9.67e-01	3.28e-02	1.33e-06	0.00e+00	0.00e+00	0.00e+00	0.00e+00	0.00e+00	3.69e-74
 4.07278e+13	1.05e-24	9.53e-18	1.20e-11	1.90e-06	9.70e-01	3.04e-02	1.14e-06	0.00e+00	0.00e+00	0.00e+00	0.00e+00	0.00e+00	8.58e-74
 4.22824e+13	1.41e-24	1.19e-17	1.40e-11	2.05e-06	9.72e-01	2.82e-02	9.81e-07	0.00e+00	0.00e+00	0.00e+00	0.00e+00	0.00e+00	1.92e-73
 4.37548e+13	1.84e-24	1.46e-17	1.60e-11	2.20e-06	9.74e-01	2.64e-02	0.00e+00	0.00e+00	0.00e+00	0.00e+00	0.00e+00	0.00e+00	4.00e-73
 4.53906e+13	2.46e-24	1.81e-17	1.85e-11	2.37e-06	9.75e-01	2.46e-02	0.00e+00	0.00e+00	0.00e+00	0.00e+00	0.00e+00	0.00e+00	8.79e-73
 4.72362e+13	3.36e-24	2.30e-17	2.17e-11	2.57e-06	9.77e-01	2.28e-02	0.00e+00	0.00e+00	0.00e+00	0.00e+00	0.00e+00	0.00e+00	2.07e-72
 4.90916e+13	4.56e-24	2.89e-17	2.54e-11	2.78e-06	9.79e-01	2.11e-02	0.00e+00	0.00e+00	0.00e+00	0.00e+00	0.00e+00	0.00e+00	4.74e-72
 5.10212e+13	6.17e-24	3.63e-17	2.96e-11	3.00e-06	9.80e-01	1.96e-02	0.00e+00	0.00e+00	0.00e+00	0.00e+00	0.00e+00	0.00e+00	1.09e-71
 5.30919e+13	8.44e-24	4.59e-17	3.47e-11	3.26e-06	9.82e-01	1.81e-02	0.00e+00	0.00e+00	0.00e+00	0.00e+00	1.47e-17	3.12e-17	2.55e-71
 5.50986e+13	1.13e-23	5.72e-17	4.02e-11	3.51e-06	9.83e-01	1.69e-02	0.00e+00	0.00e+00	0.00e+00	0.00e+00	1.90e-17	3.82e-17	5.67e-71
 5.69879e+13	1.47e-23	6.99e-17	4.60e-11	3.76e-06	9.84e-01	1.58e-02	0.00e+00	0.00e+00	0.00e+00	0.00e+00	2.32e-17	4.67e-17	1.17e-70
 5.90998e+13	1.96e-23	8.67e-17	5.32e-11	4.05e-06	9.85e-01	1.47e-02	0.00e+00	0.00e+00	0.00e+00	0.00e+00	2.88e-17	5.79e-17	2.56e-70
 6.12276e+13	2.59e-23	1.07e-16	6.13e-11	4.35e-06	9.86e-01	1.37e-02	0.00e+00	0.00e+00	0.00e+00	0.00e+00	3.55e-17	7.15e-17	5.46e-70
 6.29969e+13	3.24e-23	1.27e-16	6.87e-11	4.61e-06	9.87e-01	1.30e-02	0.00e+00	0.00e+00	0.00e+00	0.00e+00	4.20e-17	8.46e-17	1.01e-69
 6.48717e+13	4.08e-23	1.51e-16	7.72e-11	4.89e-06	9.88e-01	1.22e-02	0.00e+00	0.00e+00	0.00e+00	0.00e+00	5.00e-17	1.01e-16	1.89e-69
 6.72649e+13	5.42e-23	1.87e-16	8.93e-11	5.27e-06	9.89e-01	1.14e-02	0.00e+00	0.00e+00	0.00e+00	0.00e+00	6.20e-17	1.25e-16	4.11e-69
 6.97738e+13	7.23e-23	2.32e-16	1.03e-10	5.67e-06	9.89e-01	1.06e-02	0.00e+00	0.00e+00	0.00e+00	0.00e+00	7.70e-17	1.55e-16	9.08e-69
 7.19963e+13	9.25e-23	2.79e-16	1.17e-10	6.05e-06	9.90e-01	9.93e-03	0.00e+00	0.00e+00	0.00e+00	0.00e+00	9.27e-17	1.87e-16	1.76e-68
 7.44048e+13	1.20e-22	3.40e-16	1.34e-10	6.47e-06	9.91e-01	9.29e-03	0.00e+00	0.00e+00	0.00e+00	0.00e+00	1.13e-16	2.27e-16	3.56e-68
 7.72964e+13	1.61e-22	4.26e-16	1.56e-10	7.00e-06	9.91e-01	8.61e-03	0.00e+00	0.00e+00	0.00e+00	0.00e+00	1.41e-16	2.84e-16	8.03e-68
 8.02243e+13	2.16e-22	5.30e-16	1.81e-10	7.55e-06	9.92e-01	7.99e-03	0.00e+00	0.00e+00	0.00e+00	0.00e+00	1.76e-16	3.54e-16	1.77e-67
 8.29716e+13	2.81e-22	6.47e-16	2.07e-10	8.09e-06	9.93e-01	7.46e-03	0.00e+00	0.00e+00	0.00e+00	0.00e+00	2.15e-16	4.33e-16	3.64e-67
 8.56231e+13	3.59e-22	7.80e-16	2.35e-10	8.63e-06	9.93e-01	7.00e-03	0.00e+00	0.00e+00	0.00e+00	0.00e+00	2.59e-16	5.21e-16	7.10e-67
 8.86170e+13	4.70e-22	9.56e-16	2.70e-10	9.26e-06	9.93e-01	6.53e-03	0.00e+00	0.00e+00	0.00e+00	0.00e+00	3.17e-16	6.38e-16	1.47e-66
 9.19191e+13	6.26e-22	1.19e-15	3.13e-10	9.99e-06	9.94e-01	6.06e-03	0.00e+00	0.00e+00	0.00e+00	0.00e+00	3.94e-16	7.93e-16	3.20e-66
 9.49646e+13	8.07e-22	1.44e-15	3.57e-10	1.07e-05	9.94e-01	5.68e-03	0.00e+00	0.00e+00	0.00e+00	0.00e+00	4.77e-16	9.62e-16	6.41e-66
 9.82666e+13	1.05e-21	1.76e-15	4.10e-10	1.15e-05	9.95e-01	5.29e-03	0.00e+00	0.00e+00	0.00e+00	0.00e+00	5.84e-16	1.18e-15	1.32e-65
 1.01955e+14	1.40e-21	2.19e-15	4.76e-10	1.24e-05	9.95e-01	4.91e-03	0.00e+00	0.00e+00	0.00e+00	0.00e+00	7.27e-16	1.46e-15	2.88e-65
 1.05422e+14	1.82e-21	2.67e-15	5.45e-10	1.33e-05	9.95e-01	4.59e-03	0.00e+00	0.00e+00	0.00e+00	0.00e+00	8.86e-16	1.78e-15	5.86e-65
 1.09206e+14	2.40e-21	3.29e-15	6.28e-10	1.43e-05	9.96e-01	4.27e-03	0.00e+00	0.00e+00	0.00e+00	0.00e+00	1.09e-15	2.20e-15	1.24e-64
 1.13408e+14	3.22e-21	4.11e-15	7.32e-10	1.54e-05	9.96e-01	3.95e-03	0.00e+00	0.00e+00	0.00e+00	0.00e+00	1.36e-15	2.75e-15	2.75e-64
 1.17333e+14	4.20e-21	5.03e-15	8.40e-10	1.66e-05	9.96e-01	3.68e-03	0.00e+00	0.00e+00	0.00e+00	0.00e+00	1.67e-15	3.36e-15	5.65e-64
 1.21592e+14	5.54e-21	6.21e-15	9.70e-10	1.78e-05	9.97e-01	3.42e-03	0.00e+00	0.00e+00	0.00e+00	0.00e+00	2.06e-15	4.15e-15	1.20e-63
 1.26354e+14	7.47e-21	7.79e-15	1.13e-09	1.93e-05	9.97e-01	3.16e-03	0.00e+00	0.00e+00	0.00e+00	0.00e+00	2.58e-15	5.21e-15	2.71e-63
 1.30886e+14	9.84e-21	9.60e-15	1.31e-09	2.08e-05	9.97e-01	2.94e-03	0.00e+00	0.00e+00	0.00e+00	0.00e+00	3.18e-15	6.41e-15	5.71e-63
 1.35731e+14	1.31e-20	1.19e-14	1.51e-09	2.24e-05	9.97e-01	2.73e-03	0.00e+00	0.00e+00	0.00e+00	0.00e+00	3.94e-15	7.95e-15	1.23e-62
 1.41190e+14	1.77e-20	1.50e-14	1.77e-09	2.43e-05	9.97e-01	2.52e-03	0.00e+00	0.00e+00	0.00e+00	0.00e+00	4.97e-15	1.00e-14	2.84e-62
 1.46576e+14	2.37e-20	1.87e-14	2.06e-09	2.62e-05	9.98e-01	2.33e-03	0.00e+00	0.00e+00	0.00e+00	0.00e+00	6.20e-15	1.25e-14	6.29e-62
 1.52177e+14	3.18e-20	2.34e-14	2.40e-09	2.84e-05	9.98e-01	2.16e-03	0.00e+00	0.00e+00	0.00e+00	0.00e+00	7.74e-15	1.56e-14	1.39e-61
 1.57920e+14	4.25e-20	2.91e-14	2.79e-09	3.06e-05	9.98e-01	2.00e-03	0.00e+00	0.00e+00	0.00e+00	0.00e+00	9.63e-15	1.95e-14	3.06e-61
 1.63244e+14	5.50e-20	3.54e-14	3.18e-09	3.28e-05	9.98e-01	1.87e-03	0.00e+00	0.00e+00	0.00e+00	0.00e+00	1.17e-14	2.37e-14	6.20e-61
 1.69156e+14	7.26e-20	4.37e-14	3.67e-09	3.53e-05	9.98e-01	1.74e-03	0.00e+00	0.00e+00	0.00e+00	0.00e+00	1.45e-14	2.92e-14	1.32e-60
 1.75648e+14	9.74e-20	5.46e-14	4.28e-09	3.81e-05	9.98e-01	1.61e-03	0.00e+00	0.00e+00	0.00e+00	0.00e+00	1.81e-14	3.65e-14	2.95e-60
 1.81655e+14	1.27e-19	6.66e-14	4.89e-09	4.08e-05	9.98e-01	1.51e-03	0.00e+00	0.00e+00	0.00e+00	0.00e+00	2.20e-14	4.45e-14	6.05e-60
 1.86929e+14	1.58e-19	7.88e-14	5.49e-09	4.33e-05	9.99e-01	1.42e-03	0.00e+00	0.00e+00	0.00e+00	0.00e+00	2.61e-14	5.28e-14	1.12e-59
 1.92515e+14	1.99e-19	9.38e-14	6.18e-09	4.59e-05	9.99e-01	1.34e-03	0.00e+00	0.00e+00	0.00e+00	0.00e+00	3.10e-14	6.28e-14	2.09e-59
 1.99601e+14	2.65e-19	1.16e-13	7.15e-09	4.95e-05	9.99e-01	1.24e-03	0.00e+00	0.00e+00	0.00e+00	0.00e+00	3.84e-14	7.78e-14	4.53e-59
 2.06778e+14	3.49e-19	1.43e-13	8.24e-09	5.32e-05	9.99e-01	1.16e-03	0.00e+00	0.00e+00	0.00e+00	0.00e+00	4.74e-14	9.59e-14	9.68e-59
 2.12842e+14	4.38e-19	1.70e-13	9.25e-09	5.64e-05	9.99e-01	1.09e-03	0.00e+00	0.00e+00	0.00e+00	0.00e+00	5.62e-14	1.14e-13	1.80e-58
 2.19317e+14	5.54e-19	2.03e-13	1.04e-08	6.00e-05	9.99e-01	1.03e-03	0.00e+00	0.00e+00	0.00e+00	0.00e+00	6.71e-14	1.36e-13	3.43e-58
 2.27452e+14	7.36e-19	2.52e-13	1.21e-08	6.46e-05	9.99e-01	9.52e-04	0.00e+00	0.00e+00	0.00e+00	0.00e+00	8.32e-14	1.69e-13	7.49e-58
 2.35855e+14	9.78e-19	3.12e-13	1.40e-08	6.95e-05	9.99e-01	8.84e-04	0.00e+00	0.00e+00	0.00e+00	0.00e+00	1.03e-13	2.09e-13	1.63e-57
 2.43257e+14	1.25e-18	3.75e-13	1.58e-08	7.41e-05	9.99e-01	8.31e-04	0.00e+00	0.00e+00	0.00e+00	0.00e+00	1.24e-13	2.51e-13	3.19e-57
 2.51246e+14	1.61e-18	4.54e-13	1.80e-08	7.91e-05	9.99e-01	7.78e-04	0.00e+00	0.00e+00	0.00e+00	0.00e+00	1.50e-13	3.04e-13	6.38e-57
 2.60892e+14	2.16e-18	5.68e-13	2.09e-08	8.54e-05	9.99e-01	7.20e-04	0.00e+00	0.00e+00	0.00e+00	0.00e+00	1.87e-13	3.80e-13	1.44e-56
 2.70457e+14	2.86e-18	7.03e-13	2.42e-08	9.20e-05	9.99e-01	6.69e-04	0.00e+00	0.00e+00	0.00e+00	0.00e+00	2.32e-13	4.71e-13	3.12e-56
 2.78950e+14	3.65e-18	8.45e-13	2.74e-08	9.79e-05	9.99e-01	6.28e-04	0.00e+00	0.00e+00	0.00e+00	0.00e+00	2.79e-13	5.66e-13	6.09e-56
 2.88285e+14	4.72e-18	1.03e-12	3.13e-08	1.05e-04	9.99e-01	5.87e-04	0.00e+00	0.00e+00	0.00e+00	0.00e+00	3.38e-13	6.88e-13	1.23e-55
 2.99448e+14	6.35e-18	1.28e-12	3.64e-08	1.13e-04	9.99e-01	5.43e-04	0.00e+00	0.00e+00	0.00e+00	0.00e+00	4.23e-13	8.61e-13	2.79e-55
 3.10535e+14	8.44e-18	1.59e-12	4.21e-08	1.22e-04	9.99e-01	5.04e-04	0.00e+00	0.00e+00	0.00e+00	0.00e+00	5.25e-13	1.07e-12	6.11e-55
 3.20610e+14	1.08e-17	1.92e-12	4.79e-08	1.30e-04	9.99e-01	4.72e-04	0.00e+00	0.00e+00	0.00e+00	0.00e+00	6.33e-13	1.29e-12	1.21e-54
 3.31822e+14	1.41e-17	2.35e-12	5.50e-08	1.40e-04	9.99e-01	4.40e-04	0.00e+00	0.00e+00	0.00e+00	0.00e+00	7.75e-13	1.58e-12	2.52e-54
 3.44938e+14	1.91e-17	2.96e-12	6.43e-08	1.51e-04	9.99e-01	4.06e-04	0.00e+00	0.00e+00	0.00e+00	0.00e+00	9.74e-13	1.99e-12	5.79e-54
 3.57850e+14	2.54e-17	3.68e-12	7.46e-08	1.63e-04	9.99e-01	3.76e-04	0.00e+00	0.00e+00	0.00e+00	0.00e+00	1.21e-12	2.47e-12	1.27e-53
 3.69964e+14	3.29e-17	4.47e-12	8.53e-08	1.75e-04	9.99e-01	3.51e-04	0.00e+00	0.00e+00	0.00e+00	0.00e+00	1.47e-12	3.00e-12	2.59e-53
 3.83478e+14	4.33e-17	5.52e-12	9.86e-08	1.89e-04	9.99e-01	3.26e-04	0.00e+00	0.00e+00	0.00e+00	0.00e+00	1.81e-12	3.71e-12	5.56e-53
 3.98847e+14	5.86e-17	6.95e-12	1.16e-07	2.05e-04	9.99e-01	3.00e-04	0.00e+00	4.83e-18	1.45e-17	2.42e-17	2.28e-12	4.67e-12	1.28e-52
 4.14166e+14	7.82e-17	8.66e-12	1.35e-07	2.22e-04	1.00e+00	2.77e-04	0.00e+00	6.43e-18	1.93e-17	3.23e-17	2.84e-12	5.82e-12	2.83e-52
 4.28919e+14	1.02e-16	1.06e-11	1.55e-07	2.39e-04	1.00e+00	2.58e-04	0.00e+00	8.41e-18	2.53e-17	4.22e-17	3.49e-12	7.14e-12	5.96e-52
 4.41730e+14	1.28e-16	1.26e-11	1.75e-07	2.54e-04	1.00e+00	2.42e-04	0.00e+00	1.05e-17	3.16e-17	5.28e-17	4.14e-12	8.48e-12	1.10e-51
 4.52458e+14	1.53e-16	1.45e-11	1.92e-07	2.67e-04	1.00e+00	2.30e-04	0.00e+00	1.26e-17	3.80e-17	6.35e-17	4.76e-12	9.75e-12	1.84e-51
 4.64387e+14	1.86e-16	1.69e-11	2.14e-07	2.83e-04	9.99e-01	2.18e-04	0.00e+00	1.53e-17	4.61e-17	7.70e-17	5.53e-12	1.13e-11	3.14e-51
 4.79895e+14	2.38e-16	2.04e-11	2.44e-07	3.03e-04	9.99e-01	2.03e-04	0.00e+00	1.96e-17	5.90e-17	9.86e-17	6.68e-12	1.37e-11	6.24e-51
 4.96234e+14	3.06e-16	2.47e-11	2.80e-07	3.26e-04	9.99e-01	1.89e-04	0.00e+00	2.52e-17	7.58e-17	1.27e-16	8.10e-12	1.66e-11	1.25e-50
 5.10321e+14	3.77e-16	2.90e-11	3.14e-07	3.46e-04	9.99e-01	1.78e-04	0.00e+00	3.11e-17	9.34e-17	1.56e-16	9.51e-12	1.95e-11	2.24e-50
 5.25299e+14	4.65e-16	3.43e-11	3.53e-07	3.69e-04	9.99e-01	1.67e-04	0.00e+00	3.84e-17	1.15e-16	1.93e-16	1.12e-11	2.30e-11	4.04e-50
 5.44455e+14	6.06e-16	4.21e-11	4.09e-07	3.99e-04	9.99e-01	1.54e-04	0.00e+00	5.01e-17	1.50e-16	2.51e-16	1.38e-11	2.83e-11	8.48e-50
 5.64185e+14	7.87e-16	5.16e-11	4.73e-07	4.31e-04	9.99e-01	1.43e-04	0.00e+00	6.51e-17	1.95e-16	3.27e-16	1.69e-11	3.47e-11	1.77e-49
 5.81086e+14	9.75e-16	6.10e-11	5.34e-07	4.60e-04	9.99e-01	1.34e-04	0.00e+00	8.08e-17	2.43e-16	4.05e-16	2.00e-11	4.10e-11	3.24e-49
 5.99167e+14	1.21e-15	7.25e-11	6.05e-07	4.93e-04	9.99e-01	1.25e-04	0.00e+00	1.00e-16	3.02e-16	5.04e-16	2.37e-11	4.87e-11	6.01e-49
 6.21589e+14	1.58e-15	8.92e-11	7.04e-07	5.35e-04	9.99e-01	1.16e-04	0.00e+00	1.31e-16	3.94e-16	6.58e-16	2.92e-11	6.01e-11	1.28e-48
 6.44562e+14	2.05e-15	1.09e-10	8.16e-07	5.81e-04	9.99e-01	1.07e-04	0.00e+00	1.70e-16	5.11e-16	8.54e-16	3.58e-11	7.37e-11	2.68e-48
 6.65002e+14	2.56e-15	1.30e-10	9.28e-07	6.23e-04	9.99e-01	9.95e-05	0.00e+00	2.12e-16	6.38e-16	1.07e-15	4.26e-11	8.78e-11	5.05e-48
 6.87243e+14	3.21e-15	1.56e-10	1.06e-06	6.71e-04	9.99e-01	9.24e-05	0.00e+00	2.67e-16	8.02e-16	1.34e-15	5.11e-11	1.05e-10	9.76e-48
 7.13826e+14	4.20e-15	1.93e-10	1.24e-06	7.31e-04	9.99e-01	8.50e-05	0.00e+00	3.49e-16	1.05e-15	1.75e-15	6.32e-11	1.30e-10	2.12e-47
 7.40048e+14	5.39e-15	2.36e-10	1.44e-06	7.94e-04	9.99e-01	7.84e-05	0.00e+00	4.49e-16	1.35e-15	2.25e-15	7.71e-11	1.59e-10	4.39e-47
 7.63609e+14	6.67e-15	2.80e-10	1.63e-06	8.53e-04	9.99e-01	7.30e-05	0.00e+00	5.57e-16	1.67e-15	2.79e-15	9.16e-11	1.89e-10	8.25e-47
 7.89714e+14	8.40e-15	3.37e-10	1.87e-06	9.20e-04	9.99e-01	6.78e-05	0.00e+00	7.02e-16	2.11e-15	3.52e-15	1.10e-10	2.27e-10	1.63e-46
 8.20573e+14	1.09e-14	4.16e-10	2.19e-06	1.00e-03	9.99e-01	6.22e-05	0.00e+00	9.12e-16	2.74e-15	4.57e-15	1.36e-10	2.80e-10	3.54e-46
 8.51079e+14	1.39e-14	5.07e-10	2.54e-06	1.09e-03	9.99e-01	5.73e-05	0.00e+00	1.17e-15	3.51e-15	5.86e-15	1.66e-10	3.41e-10	7.42e-46
 8.79236e+14	1.73e-14	6.05e-10	2.89e-06	1.18e-03	9.99e-01	5.32e-05	0.00e+00	1.45e-15	4.36e-15	7.29e-15	1.98e-10	4.07e-10	1.43e-45
 9.10866e+14	2.19e-14	7.33e-10	3.34e-06	1.28e-03	9.99e-01	4.92e-05	0.00e+00	1.84e-15	5.53e-15	9.24e-15	2.40e-10	4.93e-10	2.94e-45
 9.47331e+14	2.85e-14	9.06e-10	3.92e-06	1.40e-03	9.99e-01	4.50e-05	0.00e+00	2.39e-15	7.19e-15	1.20e-14	2.96e-10	6.10e-10	6.54e-45
 9.82988e+14	3.63e-14	1.11e-09	4.55e-06	1.52e-03	9.98e-01	4.14e-05	0.00e+00	3.06e-15	9.18e-15	1.53e-14	3.62e-10	7.44e-10	1.39e-44
 1.02007e+15	4.64e-14	1.35e-09	5.28e-06	1.65e-03	9.98e-01	3.81e-05	0.00e+00	3.91e-15	1.17e-14	1.96e-14	4.42e-10	9.08e-10	2.96e-44
 1.06090e+15	5.99e-14	1.67e-09	6.18e-06	1.81e-03	9.98e-01	3.49e-05	0.00e+00	5.06e-15	1.52e-14	2.54e-14	5.46e-10	1.12e-09	6.62e-44
 1.09541e+15	7.09e-14	1.98e-09	7.03e-06	1.95e-03	9.98e-01	3.25e-05	0.00e+00	5.99e-15	1.80e-14	3.01e-14	6.48e-10	1.33e-09	1.26e-43
 1.12058e+15	8.19e-14	2.23e-09	7.70e-06	2.05e-03	9.98e-01	3.09e-05	0.00e+00	6.93e-15	2.08e-14	3.48e-14	7.32e-10	1.50e-09	2.01e-43
 1.14698e+15	9.51e-14	2.53e-09	8.46e-06	2.16e-03	9.98e-01	2.94e-05	0.00e+00	8.05e-15	2.42e-14	4.04e-14	8.30e-10	1.70e-09	3.25e-43
 1.18131e+15	1.15e-13	2.97e-09	9.52e-06	2.32e-03	9.98e-01	2.75e-05	0.00e+00	9.72e-15	2.92e-14	4.87e-14	9.72e-10	1.99e-09	5.96e-43
 1.21920e+15	1.40e-13	3.52e-09	1.08e-05	2.49e-03	9.97e-01	2.56e-05	0.00e+00	1.19e-14	3.57e-14	5.96e-14	1.15e-09	2.36e-09	1.17e-42
 1.25429e+15	1.67e-13	4.09e-09	1.21e-05	2.66e-03	9.97e-01	2.41e-05	0.00e+00	1.42e-14	4.27e-14	7.12e-14	1.34e-09	2.75e-09	2.10e-42
 1.29250e+15	2.02e-13	4.81e-09	1.36e-05	2.85e-03	9.97e-01	2.25e-05	0.00e+00	1.72e-14	5.16e-14	8.61e-14	1.58e-09	3.23e-09	3.95e-42
 1.33540e+15	2.48e-13	5.73e-09	1.56e-05	3.07e-03	9.97e-01	2.10e-05	0.00e+00	2.11e-14	6.34e-14	1.06e-13	1.88e-09	3.85e-09	7.94e-42
 1.37624e+15	2.99e-13	6.73e-09	1.75e-05	3.28e-03	9.97e-01	1.97e-05	0.00e+00	2.55e-14	7.65e-14	1.28e-13	2.21e-09	4.52e-09	1.51e-41
 1.42115e+15	3.65e-13	8.01e-09	1.99e-05	3.53e-03	9.96e-01	1.83e-05	0.00e+00	3.12e-14	9.36e-14	1.56e-13	2.63e-09	5.38e-09	3.00e-41
 1.47139e+15	4.53e-13	9.67e-09	2.29e-05	3.83e-03	9.96e-01	1.70e-05	0.00e+00	3.87e-14	1.16e-13	1.94e-13	3.18e-09	6.50e-09	6.34e-41
 1.51898e+15	5.51e-13	1.15e-08	2.60e-05	4.11e-03	9.96e-01	1.59e-05	0.00e+00	4.71e-14	1.41e-13	2.36e-13	3.77e-09	7.70e-09	1.25e-40
 1.57127e+15	6.80e-13	1.38e-08	2.97e-05	4.44e-03	9.96e-01	1.48e-05	0.00e+00	5.82e-14	1.75e-13	2.92e-13	4.53e-09	9.26e-09	2.60e-40
 1.63004e+15	8.51e-13	1.69e-08	3.45e-05	4.83e-03	9.95e-01	1.37e-05	0.00e+00	7.30e-14	2.19e-13	3.66e-13	5.54e-09	1.13e-08	5.75e-40
 1.68562e+15	1.04e-12	2.02e-08	3.94e-05	5.21e-03	9.95e-01	1.28e-05	0.00e+00	8.97e-14	2.69e-13	4.50e-13	6.64e-09	1.36e-08	1.18e-39
 1.74625e+15	1.30e-12	2.45e-08	4.53e-05	5.64e-03	9.94e-01	1.19e-05	0.00e+00	1.12e-13	3.35e-13	5.60e-13	8.06e-09	1.64e-08	2.51e-39
 1.81368e+15	1.63e-12	3.02e-08	5.27e-05	6.15e-03	9.94e-01	1.10e-05	0.00e+00	1.41e-13	4.22e-13	7.05e-13	9.93e-09	2.03e-08	5.70e-39
 1.87664e+15	2.01e-12	3.63e-08	6.04e-05	6.64e-03	9.93e-01	1.03e-05	0.00e+00	1.73e-13	5.20e-13	8.68e-13	1.20e-08	2.44e-08	1.19e-38
 1.94457e+15	2.50e-12	4.42e-08	6.96e-05	7.19e-03	9.93e-01	9.61e-06	0.00e+00	2.16e-13	6.47e-13	1.08e-12	1.46e-08	2.97e-08	2.56e-38
 2.02065e+15	3.15e-12	5.46e-08	8.11e-05	7.84e-03	9.92e-01	8.92e-06	0.00e+00	2.72e-13	8.16e-13	1.36e-12	1.80e-08	3.66e-08	5.85e-38
 2.09373e+15	3.90e-12	6.65e-08	9.35e-05	8.50e-03	9.91e-01	8.35e-06	0.00e+00	3.37e-13	1.01e-12	1.69e-12	2.19e-08	4.46e-08	1.26e-37
 2.17146e+15	4.85e-12	8.15e-08	1.08e-04	9.22e-03	9.91e-01	7.80e-06	0.00e+00	4.21e-13	1.26e-12	2.11e-12	2.68e-08	5.46e-08	2.76e-37
 2.25835e+15	6.14e-12	1.01e-07	1.27e-04	1.01e-02	9.90e-01	7.27e-06	0.00e+00	5.33e-13	1.60e-12	2.67e-12	3.34e-08	6.79e-08	6.40e-37
 2.33132e+15	7.32e-12	1.21e-07	1.44e-04	1.08e-02	9.89e-01	6.89e-06	0.00e+00	6.36e-13	1.91e-12	3.19e-12	3.99e-08	8.11e-08	1.25e-36
 2.38364e+15	8.33e-12	1.37e-07	1.57e-04	1.14e-02	9.88e-01	6.64e-06	0.00e+00	7.24e-13	2.17e-12	3.63e-12	4.51e-08	9.17e-08	2.00e-36
 2.43802e+15	9.54e-12	1.55e-07	1.72e-04	1.20e-02	9.88e-01	6.39e-06	0.00e+00	8.30e-13	2.49e-12	4.16e-12	5.12e-08	1.04e-07	3.23e-36
 2.50871e+15	1.14e-11	1.82e-07	1.93e-04	1.28e-02	9.87e-01	6.08e-06	0.00e+00	9.91e-13	2.97e-12	4.96e-12	6.01e-08	1.22e-07	5.93e-36
 2.58763e+15	1.37e-11	2.17e-07	2.18e-04	1.37e-02	9.86e-01	5.78e-06	0.00e+00	1.19e-12	3.57e-12	5.97e-12	7.15e-08	1.45e-07	1.14e-35
 2.66165e+15	1.61e-11	2.54e-07	2.45e-04	1.46e-02	9.85e-01	5.53e-06	0.00e+00	1.41e-12	4.23e-12	7.06e-12	8.39e-08	1.70e-07	2.07e-35
 2.74226e+15	1.93e-11	3.01e-07	2.76e-04	1.56e-02	9.84e-01	5.29e-06	0.00e+00	1.68e-12	5.05e-12	8.43e-12	9.92e-08	2.01e-07	3.87e-35
 2.83232e+15	2.31e-11	3.61e-07	3.14e-04	1.68e-02	9.83e-01	5.05e-06	0.00e+00	2.02e-12	6.07e-12	1.01e-11	1.19e-07	2.41e-07	7.60e-35
 2.91694e+15	2.77e-11	4.26e-07	3.53e-04	1.79e-02	9.82e-01	4.84e-06	0.00e+00	2.42e-12	7.27e-12	1.21e-11	1.41e-07	2.85e-07	1.39e-34
 3.00923e+15	3.33e-11	5.07e-07	4.01e-04	1.92e-02	9.80e-01	4.63e-06	0.00e+00	2.91e-12	8.74e-12	1.46e-11	1.68e-07	3.40e-07	2.67e-34
 3.11286e+15	4.07e-11	6.14e-07	4.60e-04	2.07e-02	9.79e-01	4.43e-06	0.00e+00	3.56e-12	1.07e-11	1.78e-11	2.03e-07	4.11e-07	5.34e-34
 3.21151e+15	4.90e-11	7.32e-07	5.21e-04	2.22e-02	9.77e-01	4.26e-06	0.00e+00	4.30e-12	1.29e-11	2.15e-11	2.42e-07	4.90e-07	1.01e-33
 3.32004e+15	6.01e-11	8.86e-07	5.97e-04	2.39e-02	9.75e-01	4.09e-06	0.00e+00	5.28e-12	1.58e-11	2.64e-11	2.93e-07	5.93e-07	1.99e-33
 3.43993e+15	7.45e-11	1.08e-06	6.89e-04	2.59e-02	9.73e-01	3.92e-06	0.00e+00	6.55e-12	1.96e-11	3.28e-11	3.59e-07	7.26e-07	4.11e-33
 3.55086e+15	9.04e-11	1.30e-06	7.84e-04	2.78e-02	9.71e-01	3.80e-06	0.00e+00	7.95e-12	2.39e-11	3.98e-11	4.30e-07	8.70e-07	7.78e-33
 3.67131e+15	1.11e-10	1.58e-06	8.98e-04	3.00e-02	9.69e-01	3.66e-06	0.00e+00	9.78e-12	2.94e-11	4.90e-11	5.22e-07	1.06e-06	1.54e-32
 3.80507e+15	1.38e-10	1.94e-06	1.04e-03	3.26e-02	9.66e-01	3.53e-06	0.00e+00	1.22e-11	3.66e-11	6.10e-11	6.41e-07	1.29e-06	3.16e-32
 3.92957e+15	1.68e-10	2.33e-06	1.19e-03	3.50e-02	9.64e-01	3.43e-06	0.00e+00	1.49e-11	4.46e-11	7.44e-11	7.71e-07	1.56e-06	5.98e-32
 4.06488e+15	2.08e-10	2.84e-06	1.36e-03	3.79e-02	9.61e-01	3.33e-06	0.00e+00	1.84e-11	5.52e-11	9.21e-11	9.39e-07	1.90e-06	1.18e-31
 4.20953e+15	2.58e-10	3.47e-06	1.57e-03	4.10e-02	9.57e-01	3.24e-06	0.00e+00	2.28e-11	6.85e-11	1.14e-10	1.15e-06	2.32e-06	2.34e-31
 4.33685e+15	3.11e-10	4.12e-06	1.78e-03	4.39e-02	9.54e-01	3.16e-06	0.00e+00	2.75e-11	8.26e-11	1.38e-10	1.36e-06	2.75e-06	4.16e-31
 4.44670e+15	3.63e-10	4.75e-06	1.97e-03	4.65e-02	9.52e-01	3.11e-06	0.00e+00	3.22e-11	9.65e-11	1.61e-10	1.58e-06	3.18e-06	6.74e-31
 4.56332e+15	4.31e-10	5.54e-06	2.19e-03	4.94e-02	9.48e-01	3.05e-06	0.00e+00	3.82e-11	1.15e-10	1.91e-10	1.83e-06	3.70e-06	1.12e-30
 4.69330e+15	5.13e-10	6.51e-06	2.46e-03	5.27e-02	9.45e-01	2.98e-06	0.00e+00	4.55e-11	1.37e-10	2.28e-10	2.16e-06	4.35e-06	1.92e-30
 4.81665e+15	6.06e-10	7.57e-06	2.74e-03	5.59e-02	9.41e-01	2.92e-06	0.00e+00	5.39e-11	1.62e-10	2.70e-10	2.51e-06	5.06e-06	3.14e-30
 4.95303e+15	7.34e-10	8.94e-06	3.09e-03	5.97e-02	9.37e-01	2.87e-06	0.00e+00	6.53e-11	1.96e-10	3.27e-10	2.96e-06	5.97e-06	5.43e-30
 5.10087e+15	8.90e-10	1.06e-05	3.49e-03	6.39e-02	9.33e-01	2.82e-06	0.00e+00	7.92e-11	2.38e-10	3.96e-10	3.52e-06	7.09e-06	9.41e-30
 5.23648e+15	1.05e-09	1.24e-05	3.90e-03	6.80e-02	9.28e-01	2.77e-06	0.00e+00	9.37e-11	2.81e-10	4.69e-10	4.10e-06	8.26e-06	1.53e-29
 5.38565e+15	1.27e-09	1.46e-05	4.40e-03	7.27e-02	9.23e-01	2.72e-06	0.00e+00	1.13e-10	3.40e-10	5.67e-10	4.85e-06	9.77e-06	2.62e-29
 5.55023e+15	1.55e-09	1.74e-05	4.99e-03	7.80e-02	9.17e-01	2.67e-06	0.00e+00	1.38e-10	4.15e-10	6.93e-10	5.79e-06	1.16e-05	4.56e-29
 5.70551e+15	1.87e-09	2.05e-05	5.62e-03	8.32e-02	9.11e-01	2.63e-06	0.00e+00	1.68e-10	5.03e-10	8.38e-10	6.81e-06	1.37e-05	7.54e-29
 5.87806e+15	2.32e-09	2.46e-05	6.40e-03	8.95e-02	9.04e-01	2.59e-06	0.00e+00	2.08e-10	6.24e-10	1.04e-09	8.17e-06	1.64e-05	1.33e-28
 6.06291e+15	2.85e-09	2.95e-05	7.31e-03	9.63e-02	8.96e-01	2.54e-06	0.00e+00	2.56e-10	7.67e-10	1.28e-09	9.80e-06	1.97e-05	2.25e-28
 6.22727e+15	3.42e-09	3.46e-05	8.21e-03	1.03e-01	8.89e-01	2.50e-06	0.00e+00	3.07e-10	9.20e-10	1.53e-09	1.15e-05	2.31e-05	3.63e-28
 6.40446e+15	4.25e-09	4.12e-05	9.32e-03	1.10e-01	8.81e-01	2.47e-06	0.00e+00	3.82e-10	1.15e-09	1.91e-09	1.37e-05	2.75e-05	6.17e-28
 6.59967e+15	5.18e-09	4.94e-05	1.07e-02	1.18e-01	8.71e-01	2.42e-06	0.00e+00	4.66e-10	1.40e-09	2.33e-09	1.64e-05	3.30e-05	1.05e-27
 6.77997e+15	6.31e-09	5.81e-05	1.20e-02	1.26e-01	8.62e-01	2.39e-06	0.00e+00	5.68e-10	1.70e-09	2.84e-09	1.93e-05	3.88e-05	1.69e-27
 6.97603e+15	7.91e-09	6.98e-05	1.37e-02	1.36e-01	8.50e-01	2.36e-06	0.00e+00	7.13e-10	2.14e-09	3.57e-09	2.32e-05	4.66e-05	2.91e-27
 7.18769e+15	9.78e-09	8.39e-05	1.58e-02	1.46e-01	8.38e-01	2.31e-06	0.00e+00	8.83e-10	2.65e-09	4.42e-09	2.79e-05	5.60e-05	4.88e-27
 7.36860e+15	1.17e-08	9.77e-05	1.77e-02	1.55e-01	8.27e-01	2.28e-06	0.00e+00	1.06e-09	3.18e-09	5.30e-09	3.25e-05	6.52e-05	7.48e-27
 7.52545e+15	1.40e-08	1.12e-04	1.96e-02	1.64e-01	8.17e-01	2.27e-06	0.00e+00	1.27e-09	3.80e-09	6.33e-09	3.72e-05	7.47e-05	1.09e-26
 7.70205e+15	1.69e-08	1.31e-04	2.20e-02	1.74e-01	8.04e-01	2.23e-06	0.00e+00	1.53e-09	4.58e-09	7.64e-09	4.35e-05	8.73e-05	1.71e-26
 7.89836e+15	2.07e-08	1.54e-04	2.49e-02	1.85e-01	7.90e-01	2.20e-06	0.00e+00	1.88e-09	5.64e-09	9.40e-09	5.13e-05	1.03e-04	2.68e-26
 8.07907e+15	2.45e-08	1.79e-04	2.78e-02	1.96e-01	7.76e-01	2.16e-06	0.00e+00	2.23e-09	6.68e-09	1.11e-08	5.94e-05	1.19e-04	3.99e-26
 8.24569e+15	2.91e-08	2.05e-04	3.09e-02	2.07e-01	7.62e-01	2.13e-06	0.00e+00	2.65e-09	7.94e-09	1.32e-08	6.83e-05	1.37e-04	5.83e-26
 8.43524e+15	3.61e-08	2.42e-04	3.49e-02	2.20e-01	7.45e-01	2.12e-06	0.00e+00	3.29e-09	9.86e-09	1.64e-08	8.05e-05	1.61e-04	9.23e-26
 8.63754e+15	4.43e-08	2.85e-04	3.96e-02	2.34e-01	7.26e-01	2.09e-06	0.00e+00	4.04e-09	1.21e-08	2.02e-08	9.50e-05	1.90e-04	1.44e-25
 8.81497e+15	5.33e-08	3.30e-04	4.43e-02	2.46e-01	7.09e-01	2.06e-06	0.00e+00	4.86e-09	1.46e-08	2.43e-08	1.10e-04	2.20e-04	2.10e-25
 8.97682e+15	6.31e-08	3.77e-04	4.90e-02	2.58e-01	6.92e-01	2.04e-06	0.00e+00	5.76e-09	1.73e-08	2.88e-08	1.25e-04	2.51e-04	3.00e-25
 9.15985e+15	7.62e-08	4.40e-04	5.52e-02	2.72e-01	6.72e-01	2.00e-06	0.00e+00	6.96e-09	2.09e-08	3.48e-08	1.47e-04	2.94e-04	4.59e-25
 9.35927e+15	9.49e-08	5.21e-04	6.28e-02	2.88e-01	6.48e-01	1.98e-06	0.00e+00	8.69e-09	2.61e-08	4.34e-08	1.74e-04	3.48e-04	7.23e-25
 9.53632e+15	1.15e-07	6.04e-04	7.03e-02	3.03e-01	6.26e-01	1.96e-06	0.00e+00	1.05e-08	3.16e-08	5.27e-08	2.01e-04	4.03e-04	1.06e-24
 9.69606e+15	1.36e-07	6.90e-04	7.80e-02	3.16e-01	6.05e-01	1.94e-06	0.00e+00	1.24e-08	3.73e-08	6.22e-08	2.30e-04	4.60e-04	1.51e-24
 9.87696e+15	1.69e-07	8.14e-04	8.82e-02	3.32e-01	5.79e-01	1.92e-06	0.00e+00	1.55e-08	4.65e-08	7.75e-08	2.71e-04	5.43e-04	2.42e-24
 1.00671e+16	2.07e-07	9.54e-04	9.98e-02	3.48e-01	5.51e-01	1.89e-06	0.00e+00	1.90e-08	5.69e-08	9.49e-08	3.18e-04	6.36e-04	3.65e-24
 1.02305e+16	2.49e-07	1.10e-03	1.11e-01	3.63e-01	5.25e-01	1.87e-06	0.00e+00	2.29e-08	6.87e-08	1.14e-07	3.67e-04	7.34e-04	5.40e-24
 1.03787e+16	3.02e-07	1.26e-03	1.23e-01	3.76e-01	4.99e-01	1.87e-06	0.00e+00	2.78e-08	8.32e-08	1.39e-07	4.21e-04	8.43e-04	7.97e-24
 1.05456e+16	3.71e-07	1.48e-03	1.39e-01	3.91e-01	4.69e-01	1.85e-06	0.00e+00	3.41e-08	1.02e-07	1.70e-07	4.94e-04	9.88e-04	1.26e-23
 1.07198e+16	4.53e-07	1.73e-03	1.56e-01	4.06e-01	4.37e-01	1.82e-06	0.00e+00	4.18e-08	1.25e-07	2.09e-07	5.75e-04	1.15e-03	1.91e-23
 1.08663e+16	5.52e-07	1.99e-03	1.73e-01	4.18e-01	4.07e-01	1.83e-06	0.00e+00	5.09e-08	1.53e-07	2.54e-07	6.64e-04	1.33e-03	2.92e-23
 1.09873e+16	6.41e-07	2.23e-03	1.89e-01	4.27e-01	3.82e-01	1.82e-06	0.00e+00	5.92e-08	1.77e-07	2.96e-07	7.44e-04	1.49e-03	4.03e-23
 1.11123e+16	7.54e-07	2.48e-03	2.06e-01	4.36e-01	3.56e-01	1.78e-06	0.00e+00	6.96e-08	2.09e-07	3.48e-07	8.27e-04	1.65e-03	5.43e-23
 1.12748e+16	9.41e-07	2.90e-03	2.31e-01	4.47e-01	3.20e-01	1.73e-06	0.00e+00	8.70e-08	2.61e-07	4.35e-07	9.68e-04	1.94e-03	8.73e-23
 1.14300e+16	1.16e-06	3.38e-03	2.57e-01	4.55e-01	2.85e-01	1.70e-06	0.00e+00	1.08e-07	3.23e-07	5.37e-07	1.13e-03	2.25e-03	1.40e-22
 1.15251e+16	1.34e-06	3.80e-03	2.76e-01	4.59e-01	2.61e-01	1.73e-06	0.00e+00	1.24e-07	3.72e-07	6.20e-07	1.27e-03	2.54e-03	2.10e-22
 1.15772e+16	1.43e-06	4.00e-03	2.87e-01	4.60e-01	2.49e-01	1.73e-06	8.22e-12	1.33e-07	3.98e-07	6.63e-07	1.34e-03	2.67e-03	2.48e-22
 1.16237e+16	1.54e-06	4.21e-03	2.97e-01	4.62e-01	2.38e-01	1.72e-06	0.00e+00	1.42e-07	4.27e-07	7.11e-07	1.40e-03	2.80e-03	2.92e-22
 1.16841e+16	1.68e-06	4.43e-03	3.09e-01	4.63e-01	2.24e-01	1.69e-06	0.00e+00	1.56e-07	4.67e-07	7.79e-07	1.48e-03	2.95e-03	3.42e-22
 1.17626e+16	1.90e-06	4.81e-03	3.26e-01	4.64e-01	2.05e-01	1.64e-06	0.00e+00	1.76e-07	5.27e-07	8.78e-07	1.60e-03	3.20e-03	4.49e-22
 1.18463e+16	2.17e-06	5.31e-03	3.46e-01	4.64e-01	1.84e-01	1.61e-06	0.00e+00	2.01e-07	6.03e-07	1.01e-06	1.77e-03	3.54e-03	6.48e-22
 1.19121e+16	2.42e-06	5.70e-03	3.62e-01	4.63e-01	1.69e-01	1.59e-06	0.00e+00	2.25e-07	6.74e-07	1.12e-06	1.90e-03	3.80e-03	8.36e-22
 1.19637e+16	2.61e-06	5.94e-03	3.74e-01	4.62e-01	1.58e-01	1.57e-06	0.00e+00	2.42e-07	7.26e-07	1.21e-06	1.98e-03	3.96e-03	9.52e-22
 1.20213e+16	2.88e-06	6.39e-03	3.89e-01	4.60e-01	1.44e-01	1.52e-06	0.00e+00	2.68e-07	8.03e-07	1.34e-06	2.13e-03	4.26e-03	1.27e-21
 1.20827e+16	3.18e-06	6.74e-03	4.04e-01	4.58e-01	1.31e-01	1.46e-06	0.00e+00	2.96e-07	8.88e-07	1.48e-06	2.25e-03	4.49e-03	1.52e-21
 1.21490e+16	3.57e-06	7.24e-03	4.21e-01	4.54e-01	1.17e-01	1.39e-06	0.00e+00	3.33e-07	9.97e-07	1.66e-06	2.41e-03	4.82e-03	1.99e-21
