#depth	N	N+	N+2	N+3	N+4	N+5	N+6	N+7
 1.49634e+10	5.30e-47	2.55e-36	1.29e-26	1.17e-17	1.91e-09	9.79e-01	2.06e-02	0.00e+00
 4.54887e+10	0.00e+00	3.52e-36	1.64e-26	1.37e-17	2.07e-09	9.81e-01	1.90e-02	1.52e-07
 7.72350e+10	1.19e-46	4.87e-36	2.09e-26	1.62e-17	2.25e-09	9.83e-01	1.74e-02	0.00e+00
 1.10251e+11	0.00e+00	6.74e-36	2.67e-26	1.91e-17	2.45e-09	9.84e-01	1.60e-02	0.00e+00
 1.44588e+11	2.68e-46	9.33e-36	3.42e-26	2.25e-17	2.66e-09	9.85e-01	1.48e-02	0.00e+00
 1.80298e+11	0.00e+00	1.29e-35	4.37e-26	2.65e-17	2.89e-09	9.86e-01	1.36e-02	0.00e+00
 2.17437e+11	6.04e-46	1.79e-35	5.58e-26	3.13e-17	3.14e-09	9.88e-01	1.25e-02	0.00e+00
 2.56061e+11	0.00e+00	2.48e-35	7.14e-26	3.69e-17	3.41e-09	9.89e-01	1.15e-02	0.00e+00
 2.92320e+11	1.31e-45	3.33e-35	8.92e-26	4.29e-17	3.68e-09	9.89e-01	1.06e-02	0.00e+00
 3.24643e+11	0.00e+00	0.00e+00	1.08e-25	4.88e-17	3.93e-09	9.90e-01	9.96e-03	0.00e+00
 3.60877e+11	0.00e+00	5.69e-35	1.33e-25	5.62e-17	4.22e-09	9.91e-01	9.27e-03	0.00e+00
 4.03948e+11	3.81e-45	7.83e-35	1.70e-25	6.61e-17	4.58e-09	9.91e-01	8.53e-03	0.00e+00
 4.47108e+11	0.00e+00	0.00e+00	2.14e-25	7.73e-17	4.96e-09	9.92e-01	7.88e-03	0.00e+00
 4.87464e+11	0.00e+00	1.41e-34	2.65e-25	8.91e-17	5.33e-09	9.93e-01	7.33e-03	0.00e+00
 5.32360e+11	1.16e-44	1.90e-34	3.32e-25	1.04e-16	5.75e-09	9.93e-01	6.78e-03	0.00e+00
 5.83581e+11	0.00e+00	2.65e-34	4.27e-25	1.23e-16	6.27e-09	9.94e-01	6.23e-03	0.00e+00
 6.34381e+11	2.60e-44	3.65e-34	5.42e-25	1.45e-16	6.80e-09	9.94e-01	5.73e-03	0.00e+00
 6.87213e+11	0.00e+00	5.01e-34	6.90e-25	1.70e-16	7.38e-09	9.95e-01	5.28e-03	0.00e+00
 7.44629e+11	5.87e-44	7.00e-34	8.88e-25	2.02e-16	8.05e-09	9.95e-01	4.84e-03	0.00e+00
 8.03076e+11	0.00e+00	9.71e-34	1.14e-24	2.39e-16	8.76e-09	9.96e-01	4.45e-03	0.00e+00
 8.57471e+11	1.27e-43	1.30e-33	1.42e-24	2.77e-16	9.45e-09	9.96e-01	4.12e-03	0.00e+00
 9.07561e+11	0.00e+00	1.70e-33	1.73e-24	3.17e-16	1.01e-08	9.96e-01	3.85e-03	0.00e+00
 9.64763e+11	2.55e-43	2.27e-33	2.17e-24	3.69e-16	1.09e-08	9.96e-01	3.57e-03	0.00e+00
 1.03200e+12	0.00e+00	3.16e-33	2.78e-24	4.37e-16	1.19e-08	9.97e-01	3.27e-03	0.00e+00
 1.09868e+12	5.72e-43	4.34e-33	3.54e-24	5.15e-16	1.29e-08	9.97e-01	3.01e-03	0.00e+00
 1.16083e+12	0.00e+00	5.79e-33	4.40e-24	5.97e-16	1.40e-08	9.97e-01	2.79e-03	0.00e+00
 1.22999e+12	1.20e-42	7.85e-33	5.55e-24	6.99e-16	1.51e-08	9.97e-01	2.58e-03	0.00e+00
 1.30911e+12	0.00e+00	1.11e-32	7.20e-24	8.35e-16	1.65e-08	9.98e-01	2.36e-03	0.00e+00
 1.38681e+12	2.73e-42	1.53e-32	9.21e-24	9.88e-16	1.80e-08	9.98e-01	2.17e-03	0.00e+00
 1.46761e+12	0.00e+00	2.11e-32	1.18e-23	1.17e-15	1.96e-08	9.98e-01	1.99e-03	0.00e+00
 1.55624e+12	6.25e-42	2.97e-32	1.53e-23	1.40e-15	2.15e-08	9.98e-01	1.82e-03	0.00e+00
 1.64539e+12	0.00e+00	4.13e-32	1.97e-23	1.66e-15	2.35e-08	9.98e-01	1.66e-03	0.00e+00
 1.73810e+12	1.42e-41	5.76e-32	2.54e-23	1.98e-15	2.57e-08	9.98e-01	1.52e-03	0.00e+00
 1.83755e+12	0.00e+00	8.12e-32	3.30e-23	2.37e-15	2.82e-08	9.99e-01	1.39e-03	0.00e+00
 1.93625e+12	3.27e-41	1.13e-31	4.24e-23	2.82e-15	3.08e-08	9.99e-01	1.27e-03	0.00e+00
 2.03890e+12	0.00e+00	1.56e-31	5.46e-23	3.36e-15	3.37e-08	9.99e-01	1.16e-03	0.00e+00
 2.15038e+12	7.50e-41	2.20e-31	7.11e-23	4.03e-15	3.71e-08	9.99e-01	1.06e-03	0.00e+00
 2.26632e+12	0.00e+00	3.10e-31	9.26e-23	4.84e-15	4.08e-08	9.99e-01	9.65e-04	0.00e+00
 2.38690e+12	1.75e-40	4.37e-31	1.21e-22	5.82e-15	4.49e-08	9.99e-01	8.79e-04	0.00e+00
 2.51230e+12	0.00e+00	6.14e-31	1.57e-22	7.00e-15	4.94e-08	9.99e-01	7.99e-04	0.00e+00
 2.64272e+12	4.05e-40	8.64e-31	2.04e-22	8.42e-15	5.44e-08	9.99e-01	7.27e-04	0.00e+00
 2.76096e+12	0.00e+00	1.16e-30	2.57e-22	9.91e-15	5.92e-08	9.99e-01	6.69e-04	0.00e+00
 2.85994e+12	7.83e-40	1.48e-30	3.10e-22	1.13e-14	6.34e-08	9.99e-01	6.25e-04	0.00e+00
 2.96857e+12	0.00e+00	1.91e-30	3.78e-22	1.30e-14	6.82e-08	9.99e-01	5.82e-04	0.00e+00
 3.10553e+12	1.57e-39	2.60e-30	4.82e-22	1.54e-14	7.46e-08	9.99e-01	5.32e-04	0.00e+00
 3.24809e+12	0.00e+00	3.54e-30	6.14e-22	1.83e-14	8.17e-08	1.00e+00	4.87e-04	0.00e+00
 3.37030e+12	3.13e-39	4.57e-30	7.50e-22	2.11e-14	8.81e-08	1.00e+00	4.52e-04	0.00e+00
 3.49732e+12	0.00e+00	5.90e-30	9.16e-22	2.44e-14	9.50e-08	1.00e+00	4.20e-04	0.00e+00
 3.65546e+12	6.21e-39	8.02e-30	1.17e-21	2.90e-14	1.04e-07	1.00e+00	3.84e-04	0.00e+00
 3.81561e+12	0.00e+00	1.08e-29	1.47e-21	3.43e-14	1.14e-07	1.00e+00	3.52e-04	0.00e+00
 3.95523e+12	1.21e-38	1.39e-29	1.80e-21	3.95e-14	1.23e-07	1.00e+00	3.27e-04	0.00e+00
 4.10657e+12	0.00e+00	1.80e-29	2.21e-21	4.57e-14	1.33e-07	1.00e+00	3.02e-04	0.00e+00
 4.29092e+12	2.40e-38	2.44e-29	2.81e-21	5.44e-14	1.46e-07	1.00e+00	2.76e-04	0.00e+00
 4.47855e+12	0.00e+00	3.29e-29	3.55e-21	6.45e-14	1.60e-07	1.00e+00	2.52e-04	0.00e+00
 4.65068e+12	4.73e-38	4.27e-29	4.37e-21	7.49e-14	1.73e-07	1.00e+00	2.33e-04	0.00e+00
 4.84228e+12	0.00e+00	5.65e-29	5.45e-21	8.79e-14	1.88e-07	1.00e+00	2.15e-04	0.00e+00
 5.06456e+12	9.67e-38	7.71e-29	6.97e-21	1.05e-13	2.07e-07	1.00e+00	1.95e-04	0.00e+00
 5.28391e+12	0.00e+00	1.03e-28	8.80e-21	1.24e-13	2.27e-07	1.00e+00	1.79e-04	0.00e+00
 5.49393e+12	1.91e-37	1.35e-28	1.09e-20	1.45e-13	2.46e-07	1.00e+00	1.65e-04	0.00e+00
 5.72550e+12	0.00e+00	1.80e-28	1.37e-20	1.71e-13	2.69e-07	1.00e+00	1.51e-04	0.00e+00
 5.98445e+12	3.91e-37	2.45e-28	1.74e-20	2.04e-13	2.96e-07	1.00e+00	1.38e-04	0.00e+00
 6.21981e+12	0.00e+00	3.20e-28	2.15e-20	2.37e-13	3.21e-07	1.00e+00	1.27e-04	0.00e+00
 6.41782e+12	7.04e-37	3.97e-28	2.56e-20	2.69e-13	3.43e-07	1.00e+00	1.19e-04	0.00e+00
 6.63553e+12	0.00e+00	5.01e-28	3.07e-20	3.07e-13	3.68e-07	1.00e+00	1.11e-04	0.00e+00
 6.88128e+12	1.26e-36	6.44e-28	3.75e-20	3.54e-13	3.98e-07	1.00e+00	1.03e-04	0.00e+00
 7.11655e+12	0.00e+00	8.14e-28	4.51e-20	4.05e-13	4.28e-07	1.00e+00	9.58e-05	0.00e+00
 7.37548e+12	2.27e-36	1.04e-27	5.48e-20	4.66e-13	4.61e-07	1.00e+00	8.89e-05	0.00e+00
 7.66310e+12	0.00e+00	1.36e-27	6.77e-20	5.42e-13	5.00e-07	1.00e+00	8.20e-05	0.00e+00
 7.93263e+12	4.20e-36	1.73e-27	8.18e-20	6.21e-13	5.38e-07	1.00e+00	7.63e-05	0.00e+00
 8.22763e+12	0.00e+00	2.24e-27	1.00e-19	7.18e-13	5.81e-07	1.00e+00	7.07e-05	0.00e+00
 8.55938e+12	8.01e-36	2.95e-27	1.24e-19	8.39e-13	6.32e-07	1.00e+00	6.51e-05	0.00e+00
 8.87628e+12	0.00e+00	3.80e-27	1.52e-19	9.69e-13	6.83e-07	1.00e+00	6.04e-05	0.00e+00
 9.22369e+12	1.51e-35	4.98e-27	1.88e-19	1.13e-12	7.40e-07	1.00e+00	5.57e-05	0.00e+00
 9.59184e+12	0.00e+00	6.56e-27	2.33e-19	1.32e-12	8.04e-07	1.00e+00	5.14e-05	0.00e+00
 9.91399e+12	2.81e-35	8.27e-27	2.80e-19	1.50e-12	8.62e-07	1.00e+00	4.79e-05	0.00e+00
 1.02579e+13	0.00e+00	1.05e-26	3.38e-19	1.71e-12	9.26e-07	1.00e+00	4.47e-05	0.00e+00
 1.06763e+13	5.32e-35	1.40e-26	4.22e-19	2.01e-12	1.01e-06	1.00e+00	4.11e-05	0.00e+00
 1.10930e+13	0.00e+00	1.83e-26	5.23e-19	2.33e-12	1.09e-06	1.00e+00	3.80e-05	0.00e+00
 1.14607e+13	9.83e-35	2.31e-26	6.27e-19	2.65e-12	1.17e-06	1.00e+00	3.55e-05	0.00e+00
 1.18631e+13	0.00e+00	2.95e-26	7.60e-19	3.04e-12	1.26e-06	1.00e+00	3.30e-05	0.00e+00
 1.23474e+13	1.88e-34	3.93e-26	9.49e-19	3.56e-12	1.37e-06	1.00e+00	3.04e-05	0.00e+00
 1.28319e+13	2.63e-34	5.17e-26	1.18e-18	4.15e-12	1.48e-06	1.00e+00	2.81e-05	0.00e+00
 1.32726e+13	3.54e-34	6.59e-26	1.42e-18	4.73e-12	1.59e-06	1.00e+00	2.62e-05	0.00e+00
 1.37624e+13	4.87e-34	8.56e-26	1.74e-18	5.46e-12	1.71e-06	1.00e+00	2.43e-05	0.00e+00
 1.43350e+13	6.97e-34	1.15e-25	2.19e-18	6.41e-12	1.87e-06	1.00e+00	2.23e-05	0.00e+00
 1.49001e+13	9.81e-34	1.52e-25	2.72e-18	7.47e-12	2.02e-06	1.00e+00	2.06e-05	0.00e+00
 1.54342e+13	1.34e-33	1.96e-25	3.32e-18	8.58e-12	2.18e-06	1.00e+00	1.92e-05	0.00e+00
 1.60278e+13	1.88e-33	2.58e-25	4.11e-18	9.96e-12	2.35e-06	1.00e+00	1.77e-05	0.00e+00
 1.66988e+13	2.71e-33	3.47e-25	5.18e-18	1.17e-11	2.56e-06	1.00e+00	1.63e-05	0.00e+00
 1.73731e+13	3.86e-33	4.64e-25	6.48e-18	1.37e-11	2.78e-06	1.00e+00	1.50e-05	0.00e+00
 1.80743e+13	5.52e-33	6.21e-25	8.11e-18	1.60e-11	3.02e-06	1.00e+00	1.39e-05	0.00e+00
 1.88272e+13	7.98e-33	8.38e-25	1.02e-17	1.88e-11	3.28e-06	1.00e+00	1.27e-05	0.00e+00
 1.96102e+13	1.16e-32	1.13e-24	1.29e-17	2.21e-11	3.57e-06	1.00e+00	1.17e-05	0.00e+00
 2.03811e+13	1.64e-32	1.51e-24	1.61e-17	2.57e-11	3.87e-06	1.00e+00	1.08e-05	0.00e+00
 2.10983e+13	2.25e-32	1.95e-24	1.96e-17	2.94e-11	4.15e-06	1.00e+00	1.01e-05	0.00e+00
 2.17457e+13	2.97e-32	2.44e-24	2.33e-17	3.32e-11	4.41e-06	1.00e+00	9.49e-06	0.00e+00
 2.24399e+13	3.97e-32	3.08e-24	2.79e-17	3.75e-11	4.71e-06	1.00e+00	8.91e-06	0.00e+00
 2.33038e+13	5.63e-32	4.09e-24	3.46e-17	4.35e-11	5.08e-06	1.00e+00	8.25e-06	0.00e+00
 2.41700e+13	7.89e-32	5.37e-24	4.27e-17	5.03e-11	5.48e-06	1.00e+00	7.66e-06	0.00e+00
 2.49150e+13	1.05e-31	6.76e-24	5.09e-17	5.67e-11	5.83e-06	1.00e+00	7.20e-06	0.00e+00
 2.57210e+13	1.41e-31	8.60e-24	6.11e-17	6.42e-11	6.21e-06	1.00e+00	6.76e-06	0.00e+00
 2.67151e+13	2.01e-31	1.14e-23	7.61e-17	7.46e-11	6.71e-06	1.00e+00	6.26e-06	0.00e+00
 2.77085e+13	2.83e-31	1.51e-23	9.40e-17	8.61e-11	7.22e-06	1.00e+00	5.81e-06	0.00e+00
 2.85666e+13	3.78e-31	1.91e-23	1.12e-16	9.71e-11	7.68e-06	1.00e+00	5.47e-06	0.00e+00
 2.94939e+13	5.12e-31	2.43e-23	1.35e-16	1.10e-10	8.19e-06	1.00e+00	5.13e-06	0.00e+00
 3.06333e+13	7.32e-31	3.25e-23	1.68e-16	1.28e-10	8.84e-06	1.00e+00	4.75e-06	0.00e+00
 3.17831e+13	1.04e-30	4.31e-23	2.08e-16	1.48e-10	9.52e-06	1.00e+00	4.42e-06	0.00e+00
 3.28023e+13	1.41e-30	5.49e-23	2.51e-16	1.67e-10	1.01e-05	1.00e+00	4.15e-06	0.00e+00
 3.39173e+13	1.94e-30	7.11e-23	3.05e-16	1.91e-10	1.08e-05	1.00e+00	3.88e-06	0.00e+00
 3.52534e+13	2.80e-30	9.57e-23	3.82e-16	2.22e-10	1.17e-05	1.00e+00	3.59e-06	0.00e+00
 3.65842e+13	4.00e-30	1.27e-22	4.74e-16	2.57e-10	1.26e-05	1.00e+00	3.33e-06	0.00e+00
 3.77973e+13	5.49e-30	1.64e-22	5.74e-16	2.92e-10	1.35e-05	1.00e+00	3.13e-06	0.00e+00
 3.91500e+13	7.71e-30	2.16e-22	7.05e-16	3.36e-10	1.44e-05	1.00e+00	2.91e-06	0.00e+00
 4.07278e+13	1.13e-29	2.93e-22	8.89e-16	3.93e-10	1.56e-05	1.00e+00	2.69e-06	0.00e+00
 4.22824e+13	1.62e-29	3.92e-22	1.11e-15	4.55e-10	1.68e-05	1.00e+00	2.50e-06	0.00e+00
 4.37548e+13	2.27e-29	5.12e-22	1.35e-15	5.21e-10	1.80e-05	1.00e+00	2.34e-06	0.00e+00
 4.53906e+13	3.24e-29	6.82e-22	1.68e-15	6.02e-10	1.94e-05	1.00e+00	2.17e-06	0.00e+00
 4.72362e+13	4.77e-29	9.31e-22	2.12e-15	7.05e-10	2.10e-05	1.00e+00	2.01e-06	0.00e+00
 4.90916e+13	6.95e-29	1.26e-21	2.67e-15	8.20e-10	2.26e-05	1.00e+00	1.86e-06	0.00e+00
 5.10212e+13	1.01e-28	1.70e-21	3.34e-15	9.55e-10	2.44e-05	1.00e+00	1.72e-06	0.00e+00
 5.30919e+13	1.49e-28	2.32e-21	4.23e-15	1.12e-09	2.65e-05	1.00e+00	1.59e-06	0.00e+00
 5.50986e+13	2.14e-28	3.10e-21	5.26e-15	1.30e-09	2.85e-05	1.00e+00	1.48e-06	0.00e+00
 5.69879e+13	2.97e-28	4.04e-21	6.42e-15	1.48e-09	3.05e-05	1.00e+00	1.38e-06	0.00e+00
 5.90998e+13	4.24e-28	5.37e-21	7.96e-15	1.71e-09	3.28e-05	1.00e+00	1.28e-06	0.00e+00
 6.12276e+13	5.97e-28	7.07e-21	9.80e-15	1.97e-09	3.52e-05	1.00e+00	1.20e-06	0.00e+00
 6.29969e+13	7.89e-28	8.84e-21	1.16e-14	2.20e-09	3.73e-05	1.00e+00	1.13e-06	0.00e+00
 6.48717e+13	1.05e-27	1.11e-20	1.38e-14	2.47e-09	3.95e-05	1.00e+00	1.07e-06	0.00e+00
 6.72649e+13	1.49e-27	1.47e-20	1.71e-14	2.86e-09	4.25e-05	1.00e+00	9.90e-07	0.00e+00
 6.97738e+13	2.12e-27	1.96e-20	2.12e-14	3.31e-09	4.58e-05	1.00e+00	0.00e+00	0.00e+00
 7.19963e+13	2.88e-27	2.51e-20	2.55e-14	3.74e-09	4.88e-05	1.00e+00	0.00e+00	0.00e+00
 7.44048e+13	3.96e-27	3.24e-20	3.10e-14	4.27e-09	5.21e-05	1.00e+00	0.00e+00	0.00e+00
 7.72964e+13	5.72e-27	4.35e-20	3.88e-14	4.97e-09	5.63e-05	1.00e+00	0.00e+00	0.00e+00
 8.02243e+13	8.19e-27	5.81e-20	4.83e-14	5.76e-09	6.08e-05	1.00e+00	0.00e+00	0.00e+00
 8.29716e+13	1.13e-26	7.55e-20	5.89e-14	6.59e-09	6.51e-05	1.00e+00	0.00e+00	0.00e+00
 8.56231e+13	1.54e-26	9.64e-20	7.09e-14	7.48e-09	6.94e-05	1.00e+00	0.00e+00	0.00e+00
 8.86170e+13	2.13e-26	1.26e-19	8.69e-14	8.58e-09	7.44e-05	1.00e+00	0.00e+00	0.00e+00
 9.19191e+13	3.04e-26	1.67e-19	1.08e-13	9.93e-09	8.02e-05	1.00e+00	0.00e+00	0.00e+00
 9.49646e+13	4.15e-26	2.15e-19	1.31e-13	1.13e-08	8.57e-05	1.00e+00	0.00e+00	0.00e+00
 9.82666e+13	5.76e-26	2.80e-19	1.60e-13	1.30e-08	9.20e-05	1.00e+00	0.00e+00	0.00e+00
 1.01955e+14	8.20e-26	3.73e-19	1.99e-13	1.50e-08	9.92e-05	1.00e+00	0.00e+00	0.00e+00
 1.05422e+14	1.13e-25	4.83e-19	2.42e-13	1.72e-08	1.06e-04	1.00e+00	0.00e+00	0.00e+00
 1.09206e+14	1.58e-25	6.34e-19	2.98e-13	1.98e-08	1.14e-04	1.00e+00	0.00e+00	0.00e+00
 1.13408e+14	2.27e-25	8.49e-19	3.72e-13	2.30e-08	1.24e-04	1.00e+00	0.00e+00	0.00e+00
 1.17333e+14	3.15e-25	1.10e-18	4.55e-13	2.64e-08	1.32e-04	1.00e+00	0.00e+00	0.00e+00
 1.21592e+14	4.42e-25	1.45e-18	5.62e-13	3.05e-08	1.43e-04	1.00e+00	0.00e+00	0.00e+00
 1.26354e+14	6.38e-25	1.96e-18	7.04e-13	3.55e-08	1.54e-04	1.00e+00	0.00e+00	0.00e+00
 1.30886e+14	8.95e-25	2.57e-18	8.67e-13	4.09e-08	1.66e-04	1.00e+00	0.00e+00	0.00e+00
 1.35731e+14	1.27e-24	3.41e-18	1.07e-12	4.73e-08	1.79e-04	1.00e+00	0.00e+00	0.00e+00
 1.41190e+14	1.85e-24	4.62e-18	1.36e-12	5.54e-08	1.94e-04	1.00e+00	0.00e+00	0.00e+00
 1.46576e+14	2.65e-24	6.17e-18	1.69e-12	6.44e-08	2.10e-04	1.00e+00	0.00e+00	0.00e+00
 1.52177e+14	3.79e-24	8.25e-18	2.11e-12	7.49e-08	2.26e-04	1.00e+00	0.00e+00	0.00e+00
 1.57920e+14	5.41e-24	1.10e-17	2.63e-12	8.68e-08	2.44e-04	1.00e+00	0.00e+00	0.00e+00
 1.63244e+14	7.45e-24	1.42e-17	3.20e-12	9.92e-08	2.61e-04	1.00e+00	0.00e+00	0.00e+00
 1.69156e+14	1.05e-23	1.88e-17	3.95e-12	1.14e-07	2.81e-04	1.00e+00	0.00e+00	0.00e+00
 1.75648e+14	1.51e-23	2.51e-17	4.93e-12	1.33e-07	3.04e-04	1.00e+00	0.00e+00	0.00e+00
 1.81655e+14	2.09e-23	3.27e-17	6.02e-12	1.52e-07	3.25e-04	1.00e+00	0.00e+00	0.00e+00
 1.86929e+14	2.75e-23	4.08e-17	7.13e-12	1.71e-07	3.45e-04	1.00e+00	0.00e+00	0.00e+00
 1.92515e+14	3.65e-23	5.13e-17	8.49e-12	1.92e-07	3.66e-04	1.00e+00	0.00e+00	0.00e+00
 1.99601e+14	5.18e-23	6.80e-17	1.05e-11	2.22e-07	3.94e-04	1.00e+00	0.00e+00	0.00e+00
 2.06778e+14	7.30e-23	8.97e-17	1.30e-11	2.55e-07	4.24e-04	1.00e+00	0.00e+00	0.00e+00
 2.12842e+14	9.66e-23	1.12e-16	1.54e-11	2.87e-07	4.49e-04	1.00e+00	0.00e+00	0.00e+00
 2.19317e+14	1.29e-22	1.42e-16	1.84e-11	3.23e-07	4.78e-04	1.00e+00	0.00e+00	0.00e+00
 2.27452e+14	1.84e-22	1.89e-16	2.28e-11	3.74e-07	5.14e-04	9.99e-01	0.00e+00	0.00e+00
 2.35855e+14	2.62e-22	2.51e-16	2.83e-11	4.32e-07	5.54e-04	9.99e-01	0.00e+00	0.00e+00
 2.43257e+14	3.54e-22	3.19e-16	3.40e-11	4.89e-07	5.90e-04	9.99e-01	0.00e+00	0.00e+00
 2.51246e+14	4.84e-22	4.11e-16	4.12e-11	5.57e-07	6.30e-04	9.99e-01	0.00e+00	0.00e+00
 2.60892e+14	6.98e-22	5.52e-16	5.15e-11	6.47e-07	6.80e-04	9.99e-01	0.00e+00	0.00e+00
 2.70457e+14	9.90e-22	7.31e-16	6.37e-11	7.47e-07	7.32e-04	9.99e-01	0.00e+00	0.00e+00
 2.78950e+14	1.34e-21	9.32e-16	7.66e-11	8.46e-07	7.79e-04	9.99e-01	0.00e+00	0.00e+00
 2.88285e+14	1.84e-21	1.20e-15	9.30e-11	9.65e-07	8.33e-04	9.99e-01	0.00e+00	0.00e+00
 2.99448e+14	2.65e-21	1.62e-15	1.16e-10	1.12e-06	9.01e-04	9.99e-01	0.00e+00	0.00e+00
 3.10535e+14	3.77e-21	2.15e-15	1.45e-10	1.30e-06	9.70e-04	9.99e-01	0.00e+00	0.00e+00
 3.20610e+14	5.13e-21	2.76e-15	1.75e-10	1.48e-06	1.04e-03	9.99e-01	0.00e+00	0.00e+00
 3.31822e+14	7.13e-21	3.60e-15	2.14e-10	1.69e-06	1.11e-03	9.99e-01	0.00e+00	0.00e+00
 3.44938e+14	1.03e-20	4.86e-15	2.69e-10	1.98e-06	1.20e-03	9.99e-01	0.00e+00	0.00e+00
 3.57850e+14	1.47e-20	6.45e-15	3.34e-10	2.29e-06	1.30e-03	9.99e-01	0.00e+00	0.00e+00
 3.69964e+14	2.02e-20	8.35e-15	4.07e-10	2.62e-06	1.39e-03	9.99e-01	0.00e+00	0.00e+00
 3.83478e+14	2.84e-20	1.10e-14	5.02e-10	3.03e-06	1.50e-03	9.98e-01	0.00e+00	0.00e+00
 3.98847e+14	4.11e-20	1.49e-14	6.33e-10	3.54e-06	1.63e-03	9.98e-01	0.00e+00	0.00e+00
 4.14166e+14	5.85e-20	1.98e-14	7.90e-10	4.12e-06	1.76e-03	9.98e-01	0.00e+00	0.00e+00
 4.28919e+14	8.13e-20	2.59e-14	9.71e-10	4.75e-06	1.90e-03	9.98e-01	0.00e+00	0.00e+00
 4.41730e+14	1.07e-19	3.23e-14	1.15e-09	5.34e-06	2.02e-03	9.98e-01	0.00e+00	0.00e+00
 4.52458e+14	1.34e-19	3.88e-14	1.33e-09	5.88e-06	2.12e-03	9.98e-01	0.00e+00	0.00e+00
 4.64387e+14	1.69e-19	4.71e-14	1.55e-09	6.54e-06	2.24e-03	9.98e-01	0.00e+00	0.00e+00
 4.79895e+14	2.28e-19	6.02e-14	1.87e-09	7.46e-06	2.41e-03	9.98e-01	0.00e+00	0.00e+00
 4.96234e+14	3.10e-19	7.73e-14	2.28e-09	8.54e-06	2.59e-03	9.97e-01	0.00e+00	0.00e+00
 5.10321e+14	3.99e-19	9.53e-14	2.68e-09	9.56e-06	2.75e-03	9.97e-01	0.00e+00	0.00e+00
 5.25299e+14	5.16e-19	1.18e-13	3.17e-09	1.07e-05	2.93e-03	9.97e-01	0.00e+00	0.00e+00
 5.44455e+14	7.11e-19	1.53e-13	3.90e-09	1.24e-05	3.16e-03	9.97e-01	0.00e+00	0.00e+00
 5.64185e+14	9.76e-19	1.99e-13	4.80e-09	1.43e-05	3.42e-03	9.97e-01	0.00e+00	0.00e+00
 5.81086e+14	1.27e-18	2.48e-13	5.70e-09	1.61e-05	3.65e-03	9.96e-01	0.00e+00	0.00e+00
 5.99167e+14	1.65e-18	3.08e-13	6.80e-09	1.83e-05	3.91e-03	9.96e-01	0.00e+00	0.00e+00
 6.21589e+14	2.28e-18	4.03e-13	8.42e-09	2.12e-05	4.23e-03	9.96e-01	0.00e+00	0.00e+00
 6.44562e+14	3.12e-18	5.24e-13	1.04e-08	2.45e-05	4.59e-03	9.95e-01	0.00e+00	0.00e+00
 6.65002e+14	4.08e-18	6.56e-13	1.24e-08	2.78e-05	4.92e-03	9.95e-01	0.00e+00	0.00e+00
 6.87243e+14	5.37e-18	8.28e-13	1.50e-08	3.18e-05	5.30e-03	9.95e-01	0.00e+00	0.00e+00
 7.13826e+14	7.45e-18	1.09e-12	1.87e-08	3.70e-05	5.77e-03	9.94e-01	0.00e+00	0.00e+00
 7.40048e+14	1.01e-17	1.41e-12	2.31e-08	4.28e-05	6.26e-03	9.94e-01	0.00e+00	0.00e+00
 7.63609e+14	1.31e-17	1.76e-12	2.77e-08	4.86e-05	6.72e-03	9.93e-01	0.00e+00	0.00e+00
 7.89714e+14	1.74e-17	2.23e-12	3.36e-08	5.57e-05	7.25e-03	9.93e-01	0.00e+00	0.00e+00
 8.20573e+14	2.40e-17	2.93e-12	4.20e-08	6.50e-05	7.90e-03	9.92e-01	0.00e+00	0.00e+00
 8.51079e+14	3.26e-17	3.79e-12	5.19e-08	7.53e-05	8.59e-03	9.91e-01	0.00e+00	0.00e+00
 8.79236e+14	4.27e-17	4.77e-12	6.26e-08	8.58e-05	9.24e-03	9.91e-01	0.00e+00	0.00e+00
 9.10866e+14	5.74e-17	6.13e-12	7.69e-08	9.89e-05	1.00e-02	9.90e-01	0.00e+00	0.00e+00
 9.47331e+14	7.95e-17	8.09e-12	9.67e-08	1.16e-04	1.10e-02	9.89e-01	0.00e+00	0.00e+00
 9.82988e+14	1.08e-16	1.05e-11	1.20e-07	1.34e-04	1.19e-02	9.88e-01	0.00e+00	0.00e+00
 1.02007e+15	1.75e-16	1.37e-11	1.49e-07	1.56e-04	1.30e-02	9.87e-01	0.00e+00	0.00e+00
 1.06090e+15	2.45e-16	1.81e-11	1.88e-07	1.82e-04	1.42e-02	9.86e-01	0.00e+00	0.00e+00
 1.09541e+15	3.18e-16	2.27e-11	2.26e-07	2.08e-04	1.52e-02	9.85e-01	0.00e+00	0.00e+00
 1.12058e+15	3.85e-16	2.67e-11	2.59e-07	2.27e-04	1.60e-02	9.84e-01	0.00e+00	0.00e+00
 1.14698e+15	4.70e-16	3.16e-11	2.97e-07	2.50e-04	1.69e-02	9.83e-01	0.00e+00	0.00e+00
 1.18131e+15	6.05e-16	3.90e-11	3.53e-07	2.81e-04	1.81e-02	9.82e-01	0.00e+00	0.00e+00
 1.21920e+15	7.93e-16	4.90e-11	4.26e-07	3.19e-04	1.94e-02	9.80e-01	0.00e+00	0.00e+00
 1.25429e+15	1.01e-15	6.01e-11	5.04e-07	3.57e-04	2.07e-02	9.79e-01	0.00e+00	0.00e+00
 1.29250e+15	1.31e-15	7.47e-11	6.02e-07	4.03e-04	2.22e-02	9.77e-01	0.00e+00	0.00e+00
 1.33540e+15	1.73e-15	9.47e-11	7.32e-07	4.60e-04	2.38e-02	9.76e-01	0.00e+00	0.00e+00
 1.37624e+15	2.24e-15	1.18e-10	8.75e-07	5.18e-04	2.55e-02	9.74e-01	0.00e+00	0.00e+00
 1.42115e+15	2.97e-15	1.49e-10	1.06e-06	5.89e-04	2.74e-02	9.72e-01	0.00e+00	0.00e+00
 1.47139e+15	4.02e-15	1.92e-10	1.31e-06	6.78e-04	2.96e-02	9.70e-01	0.00e+00	0.00e+00
 1.51898e+15	5.29e-15	2.43e-10	1.58e-06	7.70e-04	3.18e-02	9.67e-01	0.00e+00	0.00e+00
 1.57127e+15	7.12e-15	3.12e-10	1.94e-06	8.82e-04	3.43e-02	9.65e-01	0.00e+00	0.00e+00
 1.63004e+15	9.86e-15	4.10e-10	2.42e-06	1.02e-03	3.72e-02	9.62e-01	0.00e+00	0.00e+00
 1.68562e+15	1.32e-14	5.25e-10	2.96e-06	1.17e-03	4.01e-02	9.59e-01	0.00e+00	0.00e+00
 1.74625e+15	1.81e-14	6.84e-10	3.67e-06	1.35e-03	4.33e-02	9.55e-01	0.00e+00	0.00e+00
 1.81368e+15	2.54e-14	9.11e-10	4.62e-06	1.57e-03	4.71e-02	9.51e-01	0.00e+00	0.00e+00
 1.87664e+15	3.43e-14	1.17e-09	5.68e-06	1.80e-03	5.07e-02	9.47e-01	0.00e+00	0.00e+00
 1.94457e+15	4.72e-14	1.54e-09	7.04e-06	2.07e-03	5.48e-02	9.43e-01	0.00e+00	0.00e+00
 2.02065e+15	6.66e-14	2.05e-09	8.90e-06	2.42e-03	5.96e-02	9.38e-01	0.00e+00	0.00e+00
 2.09373e+15	9.18e-14	2.69e-09	1.10e-05	2.79e-03	6.44e-02	9.33e-01	0.00e+00	0.00e+00
 2.17146e+15	1.28e-13	3.55e-09	1.38e-05	3.23e-03	6.96e-02	9.27e-01	0.00e+00	0.00e+00
 2.25835e+15	1.82e-13	4.79e-09	1.75e-05	3.78e-03	7.57e-02	9.20e-01	0.00e+00	0.00e+00
 2.33132e+15	2.43e-13	6.11e-09	2.13e-05	4.29e-03	8.11e-02	9.15e-01	0.00e+00	0.00e+00
 2.38364e+15	2.96e-13	7.24e-09	2.44e-05	4.69e-03	8.50e-02	9.10e-01	0.00e+00	0.00e+00
 2.43802e+15	3.64e-13	8.60e-09	2.80e-05	5.13e-03	8.91e-02	9.06e-01	0.00e+00	0.00e+00
 2.50871e+15	4.72e-13	1.07e-08	3.33e-05	5.75e-03	9.46e-02	9.00e-01	0.00e+00	0.00e+00
 2.58763e+15	6.25e-13	1.36e-08	4.02e-05	6.50e-03	1.01e-01	8.93e-01	0.00e+00	0.00e+00
 2.66165e+15	8.09e-13	1.69e-08	4.77e-05	7.27e-03	1.07e-01	8.86e-01	0.00e+00	0.00e+00
 2.74226e+15	1.06e-12	2.12e-08	5.73e-05	8.19e-03	1.14e-01	8.78e-01	0.00e+00	0.00e+00
 2.83232e+15	1.43e-12	2.72e-08	6.98e-05	9.32e-03	1.22e-01	8.69e-01	0.00e+00	0.00e+00
 2.91694e+15	1.86e-12	3.41e-08	8.33e-05	1.05e-02	1.29e-01	8.61e-01	0.00e+00	0.00e+00
 3.00923e+15	2.48e-12	4.33e-08	1.01e-04	1.18e-02	1.37e-01	8.51e-01	0.00e+00	0.00e+00
 3.11286e+15	3.37e-12	5.61e-08	1.24e-04	1.35e-02	1.47e-01	8.40e-01	0.00e+00	0.00e+00
 3.21151e+15	4.47e-12	7.11e-08	1.49e-04	1.53e-02	1.56e-01	8.28e-01	0.00e+00	0.00e+00
 3.32004e+15	6.08e-12	9.19e-08	1.83e-04	1.74e-02	1.67e-01	8.16e-01	0.00e+00	0.00e+00
 3.43993e+15	8.40e-12	1.21e-07	2.26e-04	1.99e-02	1.78e-01	8.02e-01	0.00e+00	0.00e+00
 3.55086e+15	1.12e-11	1.54e-07	2.74e-04	2.25e-02	1.89e-01	7.88e-01	0.00e+00	0.00e+00
 3.67131e+15	1.53e-11	2.00e-07	3.35e-04	2.56e-02	2.01e-01	7.73e-01	0.00e+00	0.00e+00
 3.80507e+15	2.12e-11	2.62e-07	4.15e-04	2.94e-02	2.15e-01	7.55e-01	0.00e+00	0.00e+00
 3.92957e+15	2.84e-11	3.36e-07	5.03e-04	3.32e-02	2.28e-01	7.39e-01	0.00e+00	0.00e+00
 4.06488e+15	3.89e-11	4.36e-07	6.15e-04	3.77e-02	2.42e-01	7.20e-01	0.00e+00	0.00e+00
 4.20953e+15	5.33e-11	5.69e-07	7.57e-04	4.30e-02	2.56e-01	7.00e-01	0.00e+00	0.00e+00
 4.33685e+15	6.97e-11	7.12e-07	9.02e-04	4.80e-02	2.69e-01	6.82e-01	0.00e+00	0.00e+00
 4.44670e+15	8.72e-11	8.59e-07	1.04e-03	5.26e-02	2.80e-01	6.66e-01	0.00e+00	0.00e+00
 4.56332e+15	1.11e-10	1.05e-06	1.21e-03	5.78e-02	2.92e-01	6.49e-01	0.00e+00	0.00e+00
 4.69330e+15	1.42e-10	1.29e-06	1.43e-03	6.39e-02	3.04e-01	6.30e-01	0.00e+00	0.00e+00
 4.81665e+15	1.79e-10	1.57e-06	1.66e-03	7.01e-02	3.16e-01	6.12e-01	0.00e+00	0.00e+00
 4.95303e+15	2.32e-10	1.94e-06	1.95e-03	7.75e-02	3.29e-01	5.92e-01	0.00e+00	0.00e+00
 5.10087e+15	3.01e-10	2.41e-06	2.31e-03	8.58e-02	3.42e-01	5.70e-01	0.00e+00	0.00e+00
 5.23648e+15	3.79e-10	2.92e-06	2.68e-03	9.38e-02	3.53e-01	5.50e-01	0.00e+00	0.00e+00
 5.38565e+15	4.89e-10	3.60e-06	3.15e-03	1.03e-01	3.66e-01	5.28e-01	0.00e+00	0.00e+00
 5.55023e+15	6.37e-10	4.49e-06	3.73e-03	1.14e-01	3.79e-01	5.03e-01	0.00e+00	0.00e+00
 5.70551e+15	8.11e-10	5.48e-06	4.34e-03	1.25e-01	3.90e-01	4.81e-01	0.00e+00	0.00e+00
 5.87806e+15	1.06e-09	6.84e-06	5.15e-03	1.38e-01	4.01e-01	4.56e-01	0.00e+00	0.00e+00
 6.06291e+15	1.38e-09	8.52e-06	6.09e-03	1.52e-01	4.12e-01	4.30e-01	0.00e+00	0.00e+00
 6.22727e+15	1.74e-09	1.03e-05	7.04e-03	1.65e-01	4.21e-01	4.07e-01	0.00e+00	0.00e+00
 6.40446e+15	2.24e-09	1.27e-05	8.23e-03	1.80e-01	4.29e-01	3.83e-01	0.00e+00	0.00e+00
 6.59967e+15	2.90e-09	1.56e-05	9.67e-03	1.97e-01	4.36e-01	3.57e-01	0.00e+00	0.00e+00
 6.77997e+15	3.65e-09	1.89e-05	1.12e-02	2.13e-01	4.42e-01	3.34e-01	0.00e+00	0.00e+00
 6.97603e+15	4.72e-09	2.33e-05	1.31e-02	2.31e-01	4.46e-01	3.09e-01	0.00e+00	0.00e+00
 7.18769e+15	6.08e-09	2.86e-05	1.53e-02	2.51e-01	4.49e-01	2.85e-01	0.00e+00	0.00e+00
 7.36860e+15	7.47e-09	3.39e-05	1.74e-02	2.68e-01	4.50e-01	2.65e-01	0.00e+00	0.00e+00
 7.52545e+15	8.97e-09	3.93e-05	1.95e-02	2.84e-01	4.49e-01	2.48e-01	0.00e+00	0.00e+00
 7.70205e+15	1.11e-08	4.66e-05	2.21e-02	3.02e-01	4.48e-01	2.29e-01	0.00e+00	0.00e+00
 7.89836e+15	1.38e-08	5.56e-05	2.52e-02	3.21e-01	4.44e-01	2.09e-01	0.00e+00	0.00e+00
 8.07907e+15	1.67e-08	6.49e-05	2.84e-02	3.39e-01	4.40e-01	1.93e-01	0.00e+00	0.00e+00
 8.24569e+15	2.01e-08	7.51e-05	3.17e-02	3.56e-01	4.35e-01	1.78e-01	0.00e+00	0.00e+00
 8.43524e+15	2.49e-08	8.93e-05	3.59e-02	3.76e-01	4.27e-01	1.61e-01	0.00e+00	0.00e+00
 8.63754e+15	3.09e-08	1.06e-04	4.08e-02	3.96e-01	4.18e-01	1.45e-01	0.00e+00	0.00e+00
 8.81497e+15	3.71e-08	1.22e-04	4.55e-02	4.13e-01	4.09e-01	1.32e-01	0.00e+00	0.00e+00
 8.97682e+15	4.40e-08	1.40e-04	5.03e-02	4.29e-01	4.00e-01	1.20e-01	0.00e+00	0.00e+00
 9.15985e+15	5.37e-08	1.64e-04	5.64e-02	4.47e-01	3.88e-01	1.08e-01	0.00e+00	0.00e+00
 9.35927e+15	6.66e-08	1.94e-04	6.37e-02	4.66e-01	3.74e-01	9.55e-02	0.00e+00	0.00e+00
 9.53632e+15	8.01e-08	2.25e-04	7.08e-02	4.82e-01	3.61e-01	8.55e-02	0.00e+00	0.00e+00
 9.69606e+15	9.45e-08	2.56e-04	7.79e-02	4.96e-01	3.48e-01	7.70e-02	0.00e+00	0.00e+00
 9.87696e+15	1.17e-07	3.02e-04	8.72e-02	5.12e-01	3.33e-01	6.75e-02	0.00e+00	0.00e+00
 1.00671e+16	1.42e-07	3.52e-04	9.75e-02	5.27e-01	3.16e-01	5.90e-02	0.00e+00	0.00e+00
 1.02305e+16	1.71e-07	4.05e-04	1.08e-01	5.39e-01	3.01e-01	5.20e-02	0.00e+00	0.00e+00
 1.03787e+16	2.04e-07	4.65e-04	1.18e-01	5.49e-01	2.86e-01	4.60e-02	0.00e+00	0.00e+00
 1.05456e+16	2.52e-07	5.45e-04	1.31e-01	5.60e-01	2.69e-01	3.96e-02	0.00e+00	0.00e+00
 1.07198e+16	3.05e-07	6.32e-04	1.46e-01	5.69e-01	2.51e-01	3.39e-02	0.00e+00	0.00e+00
 1.08663e+16	3.70e-07	7.32e-04	1.60e-01	5.75e-01	2.35e-01	2.92e-02	0.00e+00	0.00e+00
 1.09873e+16	4.29e-07	8.20e-04	1.73e-01	5.80e-01	2.21e-01	2.58e-02	0.00e+00	0.00e+00
 1.11123e+16	4.88e-07	9.08e-04	1.86e-01	5.83e-01	2.07e-01	2.25e-02	0.00e+00	0.00e+00
 1.12748e+16	6.04e-07	1.07e-03	2.07e-01	5.86e-01	1.88e-01	1.85e-02	0.00e+00	0.00e+00
 1.14300e+16	7.47e-07	1.25e-03	2.29e-01	5.85e-01	1.70e-01	1.51e-02	0.00e+00	0.00e+00
 1.15251e+16	9.04e-07	1.44e-03	2.44e-01	5.83e-01	1.58e-01	1.31e-02	0.00e+00	0.00e+00
 1.15772e+16	9.73e-07	1.52e-03	2.53e-01	5.82e-01	1.52e-01	1.21e-02	0.00e+00	0.00e+00
 1.16237e+16	1.05e-06	1.60e-03	2.61e-01	5.81e-01	1.46e-01	1.12e-02	0.00e+00	0.00e+00
 1.16841e+16	1.12e-06	1.69e-03	2.71e-01	5.79e-01	1.39e-01	1.02e-02	0.00e+00	0.00e+00
 1.17626e+16	1.27e-06	1.85e-03	2.85e-01	5.75e-01	1.29e-01	8.90e-03	0.00e+00	0.00e+00
 1.18463e+16	1.50e-06	2.09e-03	3.02e-01	5.70e-01	1.18e-01	7.56e-03	0.00e+00	0.00e+00
 1.19121e+16	1.68e-06	2.27e-03	3.15e-01	5.65e-01	1.10e-01	6.63e-03	0.00e+00	0.00e+00
 1.19637e+16	1.79e-06	2.38e-03	3.25e-01	5.62e-01	1.04e-01	6.01e-03	0.00e+00	0.00e+00
 1.20213e+16	2.04e-06	2.61e-03	3.39e-01	5.56e-01	9.71e-02	5.23e-03	0.00e+00	0.00e+00
 1.20827e+16	2.22e-06	2.79e-03	3.52e-01	5.51e-01	9.01e-02	4.57e-03	0.00e+00	0.00e+00
 1.21490e+16	2.51e-06	3.05e-03	3.67e-01	5.44e-01	8.22e-02	3.87e-03	0.00e+00	0.00e+00
 1.22183e+16	2.86e-06	3.35e-03	3.83e-01	5.36e-01	7.43e-02	3.22e-03	0.00e+00	0.00e+00
 1.22758e+16	3.31e-06	3.71e-03	3.98e-01	5.27e-01	6.76e-02	2.70e-03	0.00e+00	0.00e+00
 1.23216e+16	3.60e-06	3.94e-03	4.09e-01	5.22e-01	6.28e-02	2.36e-03	0.00e+00	0.00e+00
 1.23680e+16	3.97e-06	4.23e-03	4.21e-01	5.15e-01	5.78e-02	2.03e-03	0.00e+00	0.00e+00
 1.24282e+16	4.54e-06	4.64e-03	4.37e-01	5.05e-01	5.15e-02	1.64e-03	0.00e+00	0.00e+00
 1.24908e+16	5.17e-06	5.09e-03	4.53e-01	4.95e-01	4.56e-02	1.32e-03	0.00e+00	0.00e+00
 1.25437e+16	5.76e-06	5.50e-03	4.66e-01	4.87e-01	4.08e-02	1.08e-03	0.00e+00	0.00e+00
 1.25997e+16	6.55e-06	6.02e-03	4.81e-01	4.77e-01	3.59e-02	8.57e-04	0.00e+00	0.00e+00
 1.26607e+16	7.48e-06	6.61e-03	4.96e-01	4.66e-01	3.11e-02	6.62e-04	0.00e+00	0.00e+00
 1.27163e+16	8.44e-06	7.18e-03	5.09e-01	4.56e-01	2.72e-02	5.19e-04	0.00e+00	0.00e+00
 1.27768e+16	9.69e-06	7.91e-03	5.25e-01	4.44e-01	2.31e-02	3.88e-04	0.00e+00	0.00e+00
 1.28433e+16	1.12e-05	8.75e-03	5.40e-01	4.31e-01	1.94e-02	2.81e-04	0.00e+00	0.00e+00
 1.29059e+16	1.29e-05	9.64e-03	5.55e-01	4.19e-01	1.62e-02	2.05e-04	0.00e+00	0.00e+00
 1.29757e+16	1.51e-05	1.07e-02	5.70e-01	4.05e-01	1.32e-02	1.41e-04	0.00e+00	0.00e+00
 1.30392e+16	1.72e-05	1.18e-02	5.83e-01	3.94e-01	1.10e-02	1.02e-04	0.00e+00	0.00e+00
 1.30819e+16	1.88e-05	1.25e-02	5.92e-01	3.86e-01	9.74e-03	8.12e-05	0.00e+00	0.00e+00
 1.31247e+16	2.07e-05	1.33e-02	6.01e-01	3.77e-01	8.53e-03	6.38e-05	0.00e+00	0.00e+00
 1.31803e+16	2.34e-05	1.45e-02	6.12e-01	3.66e-01	7.17e-03	4.65e-05	0.00e+00	0.00e+00
 1.32415e+16	2.66e-05	1.58e-02	6.24e-01	3.55e-01	5.96e-03	3.32e-05	0.00e+00	0.00e+00
 1.32986e+16	2.99e-05	1.71e-02	6.34e-01	3.44e-01	5.01e-03	2.42e-05	0.00e+00	0.00e+00
 1.33614e+16	3.43e-05	1.88e-02	6.46e-01	3.32e-01	4.11e-03	1.69e-05	0.00e+00	0.00e+00
 1.34303e+16	3.96e-05	2.07e-02	6.57e-01	3.19e-01	3.34e-03	1.15e-05	0.00e+00	0.00e+00
 1.34912e+16	4.50e-05	2.26e-02	6.68e-01	3.07e-01	2.78e-03	8.25e-06	0.00e+00	0.00e+00
 1.35446e+16	5.04e-05	2.43e-02	6.76e-01	2.97e-01	2.36e-03	6.13e-06	0.00e+00	0.00e+00
 1.36041e+16	5.73e-05	2.65e-02	6.86e-01	2.86e-01	1.96e-03	4.37e-06	0.00e+00	0.00e+00
 1.36702e+16	6.60e-05	2.91e-02	6.96e-01	2.73e-01	1.60e-03	3.03e-06	0.00e+00	0.00e+00
 1.37305e+16	7.54e-05	3.18e-02	7.05e-01	2.62e-01	1.34e-03	2.18e-06	0.00e+00	0.00e+00
 1.37851e+16	8.51e-05	3.45e-02	7.13e-01	2.51e-01	1.13e-03	1.61e-06	0.00e+00	0.00e+00
 1.38465e+16	9.76e-05	3.78e-02	7.22e-01	2.39e-01	9.34e-04	1.14e-06	0.00e+00	0.00e+00
 1.39127e+16	1.13e-04	4.18e-02	7.30e-01	2.27e-01	7.63e-04	7.89e-07	0.00e+00	0.00e+00
 1.39699e+16	1.30e-04	4.57e-02	7.38e-01	2.16e-01	6.40e-04	0.00e+00	0.00e+00	0.00e+00
 1.40199e+16	1.46e-04	4.94e-02	7.43e-01	2.07e-01	5.48e-04	0.00e+00	0.00e+00	0.00e+00
 1.40756e+16	1.67e-04	5.39e-02	7.50e-01	1.96e-01	4.58e-04	0.00e+00	0.00e+00	0.00e+00
 1.41370e+16	1.94e-04	5.96e-02	7.56e-01	1.84e-01	3.76e-04	0.00e+00	0.00e+00	0.00e+00
 1.41917e+16	2.23e-04	6.53e-02	7.60e-01	1.74e-01	3.16e-04	0.00e+00	0.00e+00	0.00e+00
 1.42398e+16	2.52e-04	7.08e-02	7.64e-01	1.65e-01	2.69e-04	0.00e+00	0.00e+00	0.00e+00
 1.42930e+16	2.89e-04	7.76e-02	7.67e-01	1.55e-01	2.24e-04	0.00e+00	0.00e+00	0.00e+00
 1.43509e+16	3.38e-04	8.60e-02	7.69e-01	1.44e-01	1.84e-04	0.00e+00	0.00e+00	0.00e+00
 1.44015e+16	3.89e-04	9.42e-02	7.70e-01	1.35e-01	1.54e-04	0.00e+00	0.00e+00	0.00e+00
 1.44456e+16	4.40e-04	1.02e-01	7.71e-01	1.27e-01	1.31e-04	0.00e+00	0.00e+00	0.00e+00
 1.44946e+16	5.07e-04	1.12e-01	7.70e-01	1.18e-01	1.09e-04	0.00e+00	0.00e+00	0.00e+00
 1.45484e+16	5.95e-04	1.24e-01	7.67e-01	1.08e-01	8.91e-05	0.00e+00	0.00e+00	0.00e+00
 1.45960e+16	6.89e-04	1.36e-01	7.63e-01	9.99e-02	7.41e-05	0.00e+00	0.00e+00	0.00e+00
 1.46376e+16	7.84e-04	1.48e-01	7.58e-01	9.27e-02	6.25e-05	0.00e+00	0.00e+00	0.00e+00
 1.46837e+16	9.07e-04	1.63e-01	7.51e-01	8.49e-02	5.13e-05	0.00e+00	0.00e+00	0.00e+00
 1.47345e+16	1.07e-03	1.81e-01	7.42e-01	7.65e-02	4.11e-05	0.00e+00	0.00e+00	0.00e+00
 1.47799e+16	1.25e-03	1.99e-01	7.30e-01	6.92e-02	3.35e-05	0.00e+00	0.00e+00	0.00e+00
 1.48198e+16	1.44e-03	2.17e-01	7.18e-01	6.30e-02	2.77e-05	0.00e+00	0.00e+00	0.00e+00
 1.48640e+16	1.68e-03	2.39e-01	7.03e-01	5.62e-02	2.22e-05	0.00e+00	0.00e+00	0.00e+00
 1.49134e+16	2.00e-03	2.67e-01	6.82e-01	4.90e-02	1.71e-05	0.00e+00	0.00e+00	0.00e+00
 1.49587e+16	2.38e-03	2.96e-01	6.59e-01	4.27e-02	1.33e-05	0.00e+00	0.00e+00	0.00e+00
 1.49996e+16	2.78e-03	3.25e-01	6.35e-01	3.72e-02	1.04e-05	0.00e+00	0.00e+00	0.00e+00
 1.50454e+16	3.32e-03	3.60e-01	6.05e-01	3.15e-02	7.77e-06	0.00e+00	0.00e+00	0.00e+00
 1.50961e+16	4.08e-03	4.04e-01	5.66e-01	2.56e-02	5.48e-06	0.00e+00	0.00e+00	0.00e+00
 1.51408e+16	4.92e-03	4.48e-01	5.26e-01	2.08e-02	3.91e-06	0.00e+00	0.00e+00	0.00e+00
 1.51779e+16	5.73e-03	4.87e-01	4.90e-01	1.72e-02	2.89e-06	0.00e+00	0.00e+00	0.00e+00
 1.52175e+16	6.79e-03	5.31e-01	4.48e-01	1.37e-02	2.03e-06	0.00e+00	0.00e+00	0.00e+00
 1.52585e+16	8.13e-03	5.80e-01	4.01e-01	1.05e-02	1.37e-06	0.00e+00	0.00e+00	0.00e+00
 1.52907e+16	9.43e-03	6.21e-01	3.62e-01	8.32e-03	9.64e-07	0.00e+00	0.00e+00	0.00e+00
 1.53164e+16	1.06e-02	6.53e-01	3.30e-01	6.79e-03	0.00e+00	0.00e+00	0.00e+00	0.00e+00
 1.53441e+16	1.20e-02	6.87e-01	2.95e-01	5.36e-03	0.00e+00	0.00e+00	0.00e+00	0.00e+00
 1.53752e+16	1.39e-02	7.26e-01	2.56e-01	3.99e-03	0.00e+00	0.00e+00	0.00e+00	0.00e+00
 1.54032e+16	1.59e-02	7.60e-01	2.22e-01	2.98e-03	0.00e+00	0.00e+00	0.00e+00	0.00e+00
 1.54264e+16	1.78e-02	7.86e-01	1.94e-01	2.28e-03	0.00e+00	0.00e+00	0.00e+00	0.00e+00
 1.54510e+16	2.01e-02	8.12e-01	1.66e-01	1.68e-03	0.00e+00	0.00e+00	0.00e+00	0.00e+00
 1.54776e+16	2.29e-02	8.38e-01	1.38e-01	1.18e-03	0.00e+00	0.00e+00	0.00e+00	0.00e+00
 1.55003e+16	2.58e-02	8.59e-01	1.15e-01	8.40e-04	0.00e+00	0.00e+00	0.00e+00	0.00e+00
 1.55191e+16	2.85e-02	8.73e-01	9.78e-02	6.23e-04	0.00e+00	0.00e+00	0.00e+00	0.00e+00
 1.55392e+16	3.17e-02	8.86e-01	8.16e-02	4.45e-04	0.00e+00	0.00e+00	0.00e+00	0.00e+00
 1.55616e+16	3.58e-02	8.98e-01	6.55e-02	2.97e-04	0.00e+00	0.00e+00	0.00e+00	0.00e+00
 1.55817e+16	4.01e-02	9.07e-01	5.26e-02	2.00e-04	0.00e+00	0.00e+00	0.00e+00	0.00e+00
 1.55985e+16	4.42e-02	9.12e-01	4.33e-02	1.41e-04	0.00e+00	0.00e+00	0.00e+00	0.00e+00
 1.56165e+16	4.90e-02	9.16e-01	3.48e-02	9.49e-05	0.00e+00	0.00e+00	0.00e+00	0.00e+00
 1.56358e+16	5.50e-02	9.18e-01	2.71e-02	6.06e-05	0.00e+00	0.00e+00	0.00e+00	0.00e+00
 1.56527e+16	6.14e-02	9.17e-01	2.14e-02	3.98e-05	0.00e+00	0.00e+00	0.00e+00	0.00e+00
 1.56669e+16	6.71e-02	9.15e-01	1.74e-02	2.74e-05	0.00e+00	0.00e+00	0.00e+00	0.00e+00
 1.56814e+16	7.37e-02	9.12e-01	1.39e-02	1.85e-05	0.00e+00	0.00e+00	0.00e+00	0.00e+00
 1.56966e+16	8.10e-02	9.08e-01	1.09e-02	1.20e-05	0.00e+00	0.00e+00	0.00e+00	0.00e+00
 1.57105e+16	8.88e-02	9.03e-01	8.65e-03	7.95e-06	0.00e+00	0.00e+00	0.00e+00	0.00e+00
 1.57226e+16	9.64e-02	8.97e-01	6.99e-03	5.46e-06	0.00e+00	0.00e+00	0.00e+00	0.00e+00
 1.57334e+16	1.04e-01	8.91e-01	5.76e-03	3.87e-06	0.00e+00	0.00e+00	0.00e+00	0.00e+00
 1.57432e+16	1.10e-01	8.85e-01	4.80e-03	2.81e-06	0.00e+00	0.00e+00	0.00e+00	0.00e+00
 1.57522e+16	1.17e-01	8.79e-01	4.05e-03	2.07e-06	0.00e+00	0.00e+00	0.00e+00	0.00e+00
 1.57609e+16	1.24e-01	8.73e-01	3.42e-03	1.53e-06	0.00e+00	0.00e+00	0.00e+00	0.00e+00
 1.57677e+16	1.29e-01	8.68e-01	2.99e-03	1.21e-06	0.00e+00	0.00e+00	0.00e+00	0.00e+00
 1.57722e+16	1.33e-01	8.64e-01	2.73e-03	1.04e-06	0.00e+00	0.00e+00	0.00e+00	0.00e+00
 1.57763e+16	1.37e-01	8.61e-01	2.52e-03	8.94e-07	0.00e+00	0.00e+00	0.00e+00	0.00e+00
 1.57810e+16	1.41e-01	8.56e-01	2.28e-03	0.00e+00	0.00e+00	0.00e+00	0.00e+00	0.00e+00
 1.57863e+16	1.46e-01	8.52e-01	2.05e-03	0.00e+00	0.00e+00	0.00e+00	0.00e+00	0.00e+00
 1.57913e+16	1.51e-01	8.47e-01	1.84e-03	0.00e+00	0.00e+00	0.00e+00	0.00e+00	0.00e+00
 1.57961e+16	1.55e-01	8.43e-01	1.66e-03	0.00e+00	0.00e+00	0.00e+00	0.00e+00	0.00e+00
 1.58007e+16	1.60e-01	8.38e-01	1.51e-03	0.00e+00	0.00e+00	0.00e+00	0.00e+00	0.00e+00
 1.58054e+16	1.65e-01	8.34e-01	1.36e-03	0.00e+00	0.00e+00	0.00e+00	0.00e+00	0.00e+00
 1.58101e+16	1.70e-01	8.29e-01	1.23e-03	0.00e+00	0.00e+00	0.00e+00	0.00e+00	0.00e+00
 1.58147e+16	1.75e-01	8.24e-01	1.11e-03	0.00e+00	0.00e+00	0.00e+00	0.00e+00	0.00e+00
 1.58193e+16	1.80e-01	8.19e-01	9.99e-04	0.00e+00	0.00e+00	0.00e+00	0.00e+00	0.00e+00
 1.58237e+16	1.85e-01	8.14e-01	9.03e-04	0.00e+00	0.00e+00	0.00e+00	0.00e+00	0.00e+00
 1.58282e+16	1.91e-01	8.09e-01	8.14e-04	0.00e+00	0.00e+00	0.00e+00	0.00e+00	0.00e+00
 1.58327e+16	1.96e-01	8.03e-01	7.34e-04	0.00e+00	0.00e+00	0.00e+00	0.00e+00	0.00e+00
 1.58371e+16	2.02e-01	7.98e-01	6.61e-04	0.00e+00	0.00e+00	0.00e+00	0.00e+00	0.00e+00
 1.58415e+16	2.08e-01	7.92e-01	5.97e-04	0.00e+00	0.00e+00	0.00e+00	0.00e+00	0.00e+00
 1.58458e+16	2.14e-01	7.86e-01	5.37e-04	0.00e+00	0.00e+00	0.00e+00	0.00e+00	0.00e+00
 1.58502e+16	2.20e-01	7.80e-01	4.84e-04	0.00e+00	0.00e+00	0.00e+00	0.00e+00	0.00e+00
 1.58545e+16	2.26e-01	7.74e-01	4.36e-04	0.00e+00	0.00e+00	0.00e+00	0.00e+00	0.00e+00
 1.58587e+16	2.32e-01	7.67e-01	3.93e-04	0.00e+00	0.00e+00	0.00e+00	0.00e+00	0.00e+00
 1.58629e+16	2.39e-01	7.61e-01	3.54e-04	0.00e+00	0.00e+00	0.00e+00	0.00e+00	0.00e+00
 1.58672e+16	2.46e-01	7.54e-01	3.18e-04	0.00e+00	0.00e+00	0.00e+00	0.00e+00	0.00e+00
 1.58714e+16	2.53e-01	7.47e-01	2.86e-04	0.00e+00	0.00e+00	0.00e+00	0.00e+00	0.00e+00
 1.58755e+16	2.60e-01	7.39e-01	2.57e-04	0.00e+00	0.00e+00	0.00e+00	0.00e+00	0.00e+00
 1.58796e+16	2.68e-01	7.32e-01	2.31e-04	0.00e+00	0.00e+00	0.00e+00	0.00e+00	0.00e+00
 1.58837e+16	2.76e-01	7.24e-01	2.07e-04	0.00e+00	0.00e+00	0.00e+00	0.00e+00	0.00e+00
 1.58877e+16	2.85e-01	7.15e-01	1.86e-04	0.00e+00	0.00e+00	0.00e+00	0.00e+00	0.00e+00
 1.58917e+16	2.93e-01	7.07e-01	1.67e-04	0.00e+00	0.00e+00	0.00e+00	0.00e+00	0.00e+00
 1.58958e+16	3.02e-01	6.98e-01	1.50e-04	0.00e+00	0.00e+00	0.00e+00	0.00e+00	0.00e+00
 1.58998e+16	3.12e-01	6.88e-01	1.35e-04	0.00e+00	0.00e+00	0.00e+00	0.00e+00	0.00e+00
 1.59037e+16	3.22e-01	6.78e-01	1.21e-04	0.00e+00	0.00e+00	0.00e+00	0.00e+00	0.00e+00
 1.59075e+16	3.32e-01	6.68e-01	1.09e-04	0.00e+00	0.00e+00	0.00e+00	0.00e+00	0.00e+00
 1.59113e+16	3.43e-01	6.57e-01	9.77e-05	0.00e+00	0.00e+00	0.00e+00	0.00e+00	0.00e+00
 1.59150e+16	3.54e-01	6.45e-01	8.77e-05	0.00e+00	0.00e+00	0.00e+00	0.00e+00	0.00e+00
 1.59188e+16	3.66e-01	6.34e-01	7.88e-05	0.00e+00	0.00e+00	0.00e+00	0.00e+00	0.00e+00
 1.59225e+16	3.80e-01	6.20e-01	7.06e-05	0.00e+00	0.00e+00	0.00e+00	0.00e+00	0.00e+00
 1.59262e+16	3.91e-01	6.09e-01	6.36e-05	0.00e+00	0.00e+00	0.00e+00	0.00e+00	0.00e+00
 1.59299e+16	4.07e-01	5.93e-01	5.68e-05	0.00e+00	0.00e+00	0.00e+00	0.00e+00	0.00e+00
 1.59335e+16	4.20e-01	5.80e-01	5.10e-05	0.00e+00	0.00e+00	0.00e+00	0.00e+00	0.00e+00
 1.59372e+16	4.36e-01	5.64e-01	4.56e-05	0.00e+00	0.00e+00	0.00e+00	0.00e+00	0.00e+00
 1.59409e+16	4.52e-01	5.48e-01	4.07e-05	0.00e+00	0.00e+00	0.00e+00	0.00e+00	0.00e+00
 1.59446e+16	4.69e-01	5.31e-01	3.63e-05	0.00e+00	0.00e+00	0.00e+00	0.00e+00	0.00e+00
 1.59484e+16	4.89e-01	5.11e-01	3.21e-05	0.00e+00	0.00e+00	0.00e+00	0.00e+00	0.00e+00
 1.59521e+16	5.08e-01	4.92e-01	2.85e-05	0.00e+00	0.00e+00	0.00e+00	0.00e+00	0.00e+00
 1.59558e+16	5.28e-01	4.72e-01	2.53e-05	0.00e+00	0.00e+00	0.00e+00	0.00e+00	0.00e+00
 1.59596e+16	5.48e-01	4.51e-01	2.24e-05	0.00e+00	0.00e+00	0.00e+00	0.00e+00	0.00e+00
 1.59635e+16	5.70e-01	4.30e-01	1.97e-05	0.00e+00	0.00e+00	0.00e+00	0.00e+00	0.00e+00
 1.59675e+16	5.93e-01	4.07e-01	1.73e-05	0.00e+00	0.00e+00	0.00e+00	0.00e+00	0.00e+00
 1.59715e+16	6.16e-01	3.84e-01	1.51e-05	0.00e+00	0.00e+00	0.00e+00	0.00e+00	0.00e+00
 1.59757e+16	6.39e-01	3.61e-01	1.32e-05	0.00e+00	0.00e+00	0.00e+00	0.00e+00	0.00e+00
 1.59799e+16	6.63e-01	3.37e-01	1.14e-05	0.00e+00	0.00e+00	0.00e+00	0.00e+00	0.00e+00
 1.59837e+16	6.84e-01	3.16e-01	1.01e-05	0.00e+00	0.00e+00	0.00e+00	0.00e+00	0.00e+00
 1.59867e+16	6.98e-01	3.02e-01	9.22e-06	0.00e+00	0.00e+00	0.00e+00	0.00e+00	0.00e+00
 1.59895e+16	7.14e-01	2.86e-01	8.37e-06	0.00e+00	0.00e+00	0.00e+00	0.00e+00	0.00e+00
 1.59925e+16	7.29e-01	2.71e-01	7.62e-06	0.00e+00	0.00e+00	0.00e+00	0.00e+00	0.00e+00
 1.59956e+16	7.45e-01	2.55e-01	6.86e-06	0.00e+00	0.00e+00	0.00e+00	0.00e+00	0.00e+00
 1.59986e+16	7.58e-01	2.42e-01	6.26e-06	0.00e+00	0.00e+00	0.00e+00	0.00e+00	0.00e+00
 1.60016e+16	7.71e-01	2.29e-01	5.70e-06	0.00e+00	0.00e+00	0.00e+00	0.00e+00	0.00e+00
 1.60047e+16	7.85e-01	2.15e-01	5.17e-06	0.00e+00	0.00e+00	0.00e+00	0.00e+00	0.00e+00
 1.60078e+16	7.97e-01	2.03e-01	4.71e-06	0.00e+00	0.00e+00	0.00e+00	0.00e+00	0.00e+00
 1.60108e+16	8.09e-01	1.91e-01	4.30e-06	0.00e+00	0.00e+00	0.00e+00	0.00e+00	0.00e+00
 1.60139e+16	8.20e-01	1.80e-01	3.93e-06	0.00e+00	0.00e+00	0.00e+00	0.00e+00	0.00e+00
 1.60170e+16	8.30e-01	1.70e-01	3.60e-06	0.00e+00	0.00e+00	0.00e+00	0.00e+00	0.00e+00
 1.60203e+16	8.40e-01	1.60e-01	3.29e-06	0.00e+00	0.00e+00	0.00e+00	0.00e+00	0.00e+00
 1.60236e+16	8.50e-01	1.50e-01	3.01e-06	0.00e+00	0.00e+00	0.00e+00	0.00e+00	0.00e+00
 1.60270e+16	8.59e-01	1.41e-01	2.76e-06	0.00e+00	0.00e+00	0.00e+00	0.00e+00	0.00e+00
 1.60305e+16	8.68e-01	1.32e-01	2.52e-06	0.00e+00	0.00e+00	0.00e+00	0.00e+00	0.00e+00
 1.60341e+16	8.75e-01	1.25e-01	2.32e-06	0.00e+00	0.00e+00	0.00e+00	0.00e+00	0.00e+00
 1.60379e+16	8.83e-01	1.17e-01	2.12e-06	0.00e+00	0.00e+00	0.00e+00	0.00e+00	0.00e+00
 1.60418e+16	8.90e-01	1.10e-01	1.95e-06	0.00e+00	0.00e+00	0.00e+00	0.00e+00	0.00e+00
 1.60460e+16	8.96e-01	1.04e-01	1.80e-06	0.00e+00	0.00e+00	0.00e+00	0.00e+00	0.00e+00
 1.60504e+16	9.02e-01	9.78e-02	1.66e-06	0.00e+00	0.00e+00	0.00e+00	0.00e+00	0.00e+00
 1.60550e+16	9.08e-01	9.21e-02	1.53e-06	0.00e+00	0.00e+00	0.00e+00	0.00e+00	0.00e+00
 1.60599e+16	9.13e-01	8.69e-02	1.41e-06	0.00e+00	0.00e+00	0.00e+00	0.00e+00	0.00e+00
 1.60652e+16	9.18e-01	8.19e-02	1.30e-06	0.00e+00	0.00e+00	0.00e+00	0.00e+00	0.00e+00
 1.60710e+16	9.23e-01	7.71e-02	1.20e-06	0.00e+00	0.00e+00	0.00e+00	0.00e+00	0.00e+00
 1.60773e+16	9.27e-01	7.26e-02	1.11e-06	0.00e+00	0.00e+00	0.00e+00	0.00e+00	0.00e+00
 1.60842e+16	9.32e-01	6.83e-02	1.02e-06	0.00e+00	0.00e+00	0.00e+00	0.00e+00	0.00e+00
 1.60919e+16	9.36e-01	6.42e-02	9.44e-07	0.00e+00	0.00e+00	0.00e+00	0.00e+00	0.00e+00
