#depth	He	He+	He+2
 1.49634e+10	6.05e-22	2.57e-11	1.00e+00
 4.54887e+10	6.97e-22	2.79e-11	1.00e+00
 7.72350e+10	7.97e-22	3.03e-11	1.00e+00
 1.10251e+11	9.13e-22	3.29e-11	1.00e+00
 1.44588e+11	1.05e-21	3.57e-11	1.00e+00
 1.80298e+11	1.20e-21	3.88e-11	1.00e+00
 2.17437e+11	1.38e-21	4.21e-11	1.00e+00
 2.56061e+11	1.59e-21	4.57e-11	1.00e+00
 2.92320e+11	1.81e-21	4.93e-11	1.00e+00
 3.24643e+11	2.02e-21	5.26e-11	1.00e+00
 3.60877e+11	2.27e-21	5.65e-11	1.00e+00
 4.03948e+11	2.62e-21	6.13e-11	1.00e+00
 4.47108e+11	3.00e-21	6.64e-11	1.00e+00
 4.87464e+11	3.39e-21	7.13e-11	1.00e+00
 5.32360e+11	3.87e-21	7.70e-11	1.00e+00
 5.83581e+11	4.49e-21	8.39e-11	1.00e+00
 6.34381e+11	5.18e-21	9.10e-11	1.00e+00
 6.87213e+11	5.95e-21	9.88e-11	1.00e+00
 7.44629e+11	6.92e-21	1.08e-10	1.00e+00
 8.03076e+11	8.02e-21	1.17e-10	1.00e+00
 8.57471e+11	9.16e-21	1.27e-10	1.00e+00
 9.07561e+11	1.03e-20	1.36e-10	1.00e+00
 9.64763e+11	1.17e-20	1.46e-10	1.00e+00
 1.03200e+12	1.36e-20	1.60e-10	1.00e+00
 1.09868e+12	1.57e-20	1.74e-10	1.00e+00
 1.16083e+12	1.78e-20	1.87e-10	1.00e+00
 1.22999e+12	2.04e-20	2.03e-10	1.00e+00
 1.30911e+12	2.37e-20	2.22e-10	1.00e+00
 1.38681e+12	2.74e-20	2.42e-10	1.00e+00
 1.46761e+12	3.15e-20	2.64e-10	1.00e+00
 1.55624e+12	3.67e-20	2.90e-10	1.00e+00
 1.64539e+12	4.24e-20	3.17e-10	1.00e+00
 1.73810e+12	4.89e-20	3.47e-10	1.00e+00
 1.83755e+12	5.68e-20	3.81e-10	1.00e+00
 1.93625e+12	6.54e-20	4.16e-10	1.00e+00
 2.03890e+12	7.51e-20	4.56e-10	1.00e+00
 2.15038e+12	8.69e-20	5.01e-10	1.00e+00
 2.26632e+12	1.00e-19	5.51e-10	1.00e+00
 2.38690e+12	1.16e-19	6.07e-10	1.00e+00
 2.51230e+12	1.33e-19	6.68e-10	1.00e+00
 2.64272e+12	1.53e-19	7.36e-10	1.00e+00
 2.76096e+12	1.73e-19	8.02e-10	1.00e+00
 2.85994e+12	1.91e-19	8.59e-10	1.00e+00
 2.96857e+12	2.12e-19	9.25e-10	1.00e+00
 3.10553e+12	2.40e-19	1.01e-09	1.00e+00
 3.24809e+12	2.72e-19	1.11e-09	1.00e+00
 3.37030e+12	3.02e-19	1.20e-09	1.00e+00
 3.49732e+12	3.34e-19	1.29e-09	1.00e+00
 3.65546e+12	3.78e-19	1.41e-09	1.00e+00
 3.81561e+12	4.28e-19	1.55e-09	1.00e+00
 3.95523e+12	4.74e-19	1.67e-09	1.00e+00
 4.10657e+12	5.27e-19	1.80e-09	1.00e+00
 4.29092e+12	5.98e-19	1.98e-09	1.00e+00
 4.47855e+12	6.77e-19	2.17e-09	1.00e+00
 4.65068e+12	7.56e-19	2.35e-09	1.00e+00
 4.84228e+12	8.50e-19	2.56e-09	1.00e+00
 5.06456e+12	9.72e-19	2.81e-09	1.00e+00
 5.28391e+12	1.11e-18	3.08e-09	1.00e+00
 5.49393e+12	1.25e-18	3.35e-09	1.00e+00
 5.72550e+12	1.42e-18	3.65e-09	1.00e+00
 5.98445e+12	1.63e-18	4.02e-09	1.00e+00
 6.21981e+12	1.85e-18	4.36e-09	1.00e+00
 6.41782e+12	2.04e-18	4.66e-09	1.00e+00
 6.63553e+12	2.28e-18	5.00e-09	1.00e+00
 6.88128e+12	2.58e-18	5.40e-09	1.00e+00
 7.11655e+12	2.89e-18	5.80e-09	1.00e+00
 7.37548e+12	3.27e-18	6.26e-09	1.00e+00
 7.66310e+12	3.74e-18	6.79e-09	1.00e+00
 7.93263e+12	4.23e-18	7.30e-09	1.00e+00
 8.22763e+12	4.81e-18	7.89e-09	1.00e+00
 8.55938e+12	5.55e-18	8.57e-09	1.00e+00
 8.87628e+12	6.34e-18	9.26e-09	1.00e+00
 9.22369e+12	7.31e-18	1.00e-08	1.00e+00
 9.59184e+12	8.45e-18	1.09e-08	1.00e+00
 9.91399e+12	9.57e-18	1.17e-08	1.00e+00
 1.02579e+13	1.09e-17	1.25e-08	1.00e+00
 1.06763e+13	1.27e-17	1.36e-08	1.00e+00
 1.10930e+13	1.47e-17	1.48e-08	1.00e+00
 1.14607e+13	1.66e-17	1.58e-08	1.00e+00
 1.18631e+13	1.90e-17	1.70e-08	1.00e+00
 1.23474e+13	2.22e-17	1.85e-08	1.00e+00
 1.28319e+13	2.58e-17	2.00e-08	1.00e+00
 1.32726e+13	2.95e-17	2.15e-08	1.00e+00
 1.37624e+13	3.40e-17	2.32e-08	1.00e+00
 1.43350e+13	3.99e-17	2.52e-08	1.00e+00
 1.49001e+13	4.65e-17	2.74e-08	1.00e+00
 1.54342e+13	5.35e-17	2.94e-08	1.00e+00
 1.60278e+13	6.21e-17	3.18e-08	1.00e+00
 1.66988e+13	7.32e-17	3.46e-08	1.00e+00
 1.73731e+13	8.57e-17	3.76e-08	1.00e+00
 1.80743e+13	1.00e-16	4.08e-08	1.00e+00
 1.88272e+13	1.18e-16	4.43e-08	1.00e+00
 1.96102e+13	1.39e-16	4.82e-08	1.00e+00
 2.03811e+13	1.62e-16	5.22e-08	1.00e+00
 2.10983e+13	1.86e-16	5.60e-08	1.00e+00
 2.17457e+13	2.10e-16	5.96e-08	1.00e+00
 2.24399e+13	2.38e-16	6.35e-08	1.00e+00
 2.33038e+13	2.77e-16	6.86e-08	1.00e+00
 2.41700e+13	3.21e-16	7.39e-08	1.00e+00
 2.49150e+13	3.62e-16	7.86e-08	1.00e+00
 2.57210e+13	4.11e-16	8.38e-08	1.00e+00
 2.67151e+13	4.79e-16	9.05e-08	1.00e+00
 2.77085e+13	5.54e-16	9.74e-08	1.00e+00
 2.85666e+13	6.25e-16	1.04e-07	1.00e+00
 2.94939e+13	7.09e-16	1.10e-07	1.00e+00
 3.06333e+13	8.25e-16	1.19e-07	1.00e+00
 3.17831e+13	9.55e-16	1.28e-07	1.00e+00
 3.28023e+13	1.08e-15	1.37e-07	1.00e+00
 3.39173e+13	1.23e-15	1.46e-07	1.00e+00
 3.52534e+13	1.44e-15	1.58e-07	1.00e+00
 3.65842e+13	1.67e-15	1.70e-07	1.00e+00
 3.77973e+13	1.90e-15	1.81e-07	1.00e+00
 3.91500e+13	2.18e-15	1.94e-07	1.00e+00
 4.07278e+13	2.55e-15	2.10e-07	1.00e+00
 4.22824e+13	2.95e-15	2.26e-07	1.00e+00
 4.37548e+13	3.38e-15	2.42e-07	1.00e+00
 4.53906e+13	3.90e-15	2.61e-07	1.00e+00
 4.72362e+13	4.57e-15	2.82e-07	1.00e+00
 4.90916e+13	5.32e-15	3.05e-07	1.00e+00
 5.10212e+13	6.19e-15	3.29e-07	1.00e+00
 5.30919e+13	7.24e-15	3.56e-07	1.00e+00
 5.50986e+13	8.38e-15	3.83e-07	1.00e+00
 5.69879e+13	9.57e-15	4.10e-07	1.00e+00
 5.90998e+13	1.11e-14	4.41e-07	1.00e+00
 6.12276e+13	1.27e-14	4.73e-07	1.00e+00
 6.29969e+13	1.42e-14	5.01e-07	1.00e+00
 6.48717e+13	1.60e-14	5.31e-07	1.00e+00
 6.72649e+13	1.84e-14	5.72e-07	1.00e+00
 6.97738e+13	2.13e-14	6.15e-07	1.00e+00
 7.19963e+13	2.41e-14	6.55e-07	1.00e+00
 7.44048e+13	2.75e-14	7.00e-07	1.00e+00
 7.72964e+13	3.20e-14	7.57e-07	1.00e+00
 8.02243e+13	3.71e-14	8.16e-07	1.00e+00
 8.29716e+13	4.25e-14	8.74e-07	1.00e+00
 8.56231e+13	4.81e-14	9.32e-07	1.00e+00
 8.86170e+13	5.52e-14	1.00e-06	1.00e+00
 9.19191e+13	6.39e-14	1.08e-06	1.00e+00
 9.49646e+13	7.28e-14	1.15e-06	1.00e+00
 9.82666e+13	8.34e-14	1.24e-06	1.00e+00
 1.01955e+14	9.67e-14	1.33e-06	1.00e+00
 1.05422e+14	1.10e-13	1.43e-06	1.00e+00
 1.09206e+14	1.27e-13	1.54e-06	1.00e+00
 1.13408e+14	1.48e-13	1.66e-06	1.00e+00
 1.17333e+14	1.69e-13	1.78e-06	1.00e+00
 1.21592e+14	1.95e-13	1.92e-06	1.00e+00
 1.26354e+14	2.28e-13	2.08e-06	1.00e+00
 1.30886e+14	2.62e-13	2.23e-06	1.00e+00
 1.35731e+14	3.02e-13	2.41e-06	1.00e+00
 1.41190e+14	3.53e-13	2.61e-06	1.00e+00
 1.46576e+14	4.09e-13	2.82e-06	1.00e+00
 1.52177e+14	4.74e-13	3.04e-06	1.00e+00
 1.57920e+14	5.48e-13	3.28e-06	1.00e+00
 1.63244e+14	6.23e-13	3.52e-06	1.00e+00
 1.69156e+14	7.15e-13	3.78e-06	1.00e+00
 1.75648e+14	8.28e-13	4.09e-06	1.00e+00
 1.81655e+14	9.42e-13	4.38e-06	1.00e+00
 1.86929e+14	1.05e-12	4.64e-06	1.00e+00
 1.92515e+14	1.18e-12	4.93e-06	1.00e+00
 1.99601e+14	1.35e-12	5.30e-06	1.00e+00
 2.06778e+14	1.55e-12	5.70e-06	1.00e+00
 2.12842e+14	1.73e-12	6.04e-06	1.00e+00
 2.19317e+14	1.93e-12	6.42e-06	1.00e+00
 2.27452e+14	2.22e-12	6.92e-06	1.00e+00
 2.35855e+14	2.54e-12	7.45e-06	1.00e+00
 2.43257e+14	2.85e-12	7.93e-06	1.00e+00
 2.51246e+14	3.22e-12	8.47e-06	1.00e+00
 2.60892e+14	3.70e-12	9.14e-06	1.00e+00
 2.70457e+14	4.24e-12	9.84e-06	1.00e+00
 2.78950e+14	4.75e-12	1.05e-05	1.00e+00
 2.88285e+14	5.37e-12	1.12e-05	1.00e+00
 2.99448e+14	6.18e-12	1.21e-05	1.00e+00
 3.10535e+14	7.07e-12	1.30e-05	1.00e+00
 3.20610e+14	7.96e-12	1.39e-05	1.00e+00
 3.31822e+14	9.05e-12	1.49e-05	1.00e+00
 3.44938e+14	1.04e-11	1.62e-05	1.00e+00
 3.57850e+14	1.20e-11	1.75e-05	1.00e+00
 3.69964e+14	1.35e-11	1.87e-05	1.00e+00
 3.83478e+14	1.55e-11	2.02e-05	1.00e+00
 3.98847e+14	1.80e-11	2.19e-05	1.00e+00
 4.14166e+14	2.07e-11	2.37e-05	1.00e+00
 4.28919e+14	2.36e-11	2.55e-05	1.00e+00
 4.41730e+14	2.64e-11	2.71e-05	1.00e+00
 4.52458e+14	2.89e-11	2.85e-05	1.00e+00
 4.64387e+14	3.20e-11	3.01e-05	1.00e+00
 4.79895e+14	3.63e-11	3.23e-05	1.00e+00
 4.96234e+14	4.14e-11	3.47e-05	1.00e+00
 5.10321e+14	4.61e-11	3.69e-05	1.00e+00
 5.25299e+14	5.18e-11	3.93e-05	1.00e+00
 5.44455e+14	5.96e-11	4.25e-05	1.00e+00
 5.64185e+14	6.87e-11	4.59e-05	1.00e+00
 5.81086e+14	7.72e-11	4.90e-05	1.00e+00
 5.99167e+14	8.76e-11	5.24e-05	1.00e+00
 6.21589e+14	1.02e-10	5.68e-05	1.00e+00
 6.44562e+14	1.18e-10	6.16e-05	1.00e+00
 6.65002e+14	1.34e-10	6.60e-05	1.00e+00
 6.87243e+14	1.54e-10	7.11e-05	1.00e+00
 7.13826e+14	1.80e-10	7.74e-05	1.00e+00
 7.40048e+14	2.09e-10	8.39e-05	1.00e+00
 7.63609e+14	2.39e-10	9.01e-05	1.00e+00
 7.89714e+14	2.75e-10	9.72e-05	1.00e+00
 8.20573e+14	3.24e-10	1.06e-04	1.00e+00
 8.51079e+14	3.78e-10	1.15e-04	1.00e+00
 8.79236e+14	4.34e-10	1.24e-04	1.00e+00
 9.10866e+14	5.06e-10	1.34e-04	1.00e+00
 9.47331e+14	5.99e-10	1.47e-04	1.00e+00
 9.82988e+14	7.02e-10	1.59e-04	1.00e+00
 1.02007e+15	8.24e-10	1.73e-04	1.00e+00
 1.06090e+15	9.76e-10	1.89e-04	1.00e+00
 1.09541e+15	1.12e-09	2.04e-04	1.00e+00
 1.12058e+15	1.24e-09	2.14e-04	1.00e+00
 1.14698e+15	1.37e-09	2.26e-04	1.00e+00
 1.18131e+15	1.55e-09	2.41e-04	1.00e+00
 1.21920e+15	1.78e-09	2.59e-04	1.00e+00
 1.25429e+15	2.02e-09	2.76e-04	1.00e+00
 1.29250e+15	2.30e-09	2.96e-04	1.00e+00
 1.33540e+15	2.65e-09	3.18e-04	1.00e+00
 1.37624e+15	3.02e-09	3.40e-04	1.00e+00
 1.42115e+15	3.47e-09	3.65e-04	1.00e+00
 1.47139e+15	4.03e-09	3.95e-04	1.00e+00
 1.51898e+15	4.63e-09	4.24e-04	1.00e+00
 1.57127e+15	5.36e-09	4.57e-04	1.00e+00
 1.63004e+15	6.28e-09	4.95e-04	1.00e+00
 1.68562e+15	7.26e-09	5.33e-04	9.99e-01
 1.74625e+15	8.46e-09	5.77e-04	9.99e-01
 1.81368e+15	9.96e-09	6.27e-04	9.99e-01
 1.87664e+15	1.15e-08	6.75e-04	9.99e-01
 1.94457e+15	1.34e-08	7.30e-04	9.99e-01
 2.02065e+15	1.58e-08	7.94e-04	9.99e-01
 2.09373e+15	1.84e-08	8.57e-04	9.99e-01
 2.17146e+15	2.16e-08	9.28e-04	9.99e-01
 2.25835e+15	2.55e-08	1.01e-03	9.99e-01
 2.33132e+15	2.91e-08	1.08e-03	9.99e-01
 2.38364e+15	3.20e-08	1.13e-03	9.99e-01
 2.43802e+15	3.52e-08	1.19e-03	9.99e-01
 2.50871e+15	3.97e-08	1.27e-03	9.99e-01
 2.58763e+15	4.53e-08	1.35e-03	9.99e-01
 2.66165e+15	5.09e-08	1.44e-03	9.99e-01
 2.74226e+15	5.78e-08	1.53e-03	9.98e-01
 2.83232e+15	6.61e-08	1.64e-03	9.98e-01
 2.91694e+15	7.46e-08	1.74e-03	9.98e-01
 3.00923e+15	8.50e-08	1.86e-03	9.98e-01
 3.11286e+15	9.78e-08	2.00e-03	9.98e-01
 3.21151e+15	1.11e-07	2.14e-03	9.98e-01
 3.32004e+15	1.28e-07	2.29e-03	9.98e-01
 3.43993e+15	1.48e-07	2.47e-03	9.98e-01
 3.55086e+15	1.68e-07	2.64e-03	9.97e-01
 3.67131e+15	1.94e-07	2.83e-03	9.97e-01
 3.80507e+15	2.25e-07	3.05e-03	9.97e-01
 3.92957e+15	2.56e-07	3.26e-03	9.97e-01
 4.06488e+15	2.95e-07	3.50e-03	9.97e-01
 4.20953e+15	3.41e-07	3.76e-03	9.96e-01
 4.33685e+15	3.84e-07	4.00e-03	9.96e-01
 4.44670e+15	4.26e-07	4.21e-03	9.96e-01
 4.56332e+15	4.74e-07	4.45e-03	9.96e-01
 4.69330e+15	5.32e-07	4.72e-03	9.95e-01
 4.81665e+15	5.91e-07	4.98e-03	9.95e-01
 4.95303e+15	6.65e-07	5.29e-03	9.95e-01
 5.10087e+15	7.49e-07	5.62e-03	9.94e-01
 5.23648e+15	8.33e-07	5.94e-03	9.94e-01
 5.38565e+15	9.38e-07	6.32e-03	9.94e-01
 5.55023e+15	1.06e-06	6.74e-03	9.93e-01
 5.70551e+15	1.19e-06	7.14e-03	9.93e-01
 5.87806e+15	1.35e-06	7.64e-03	9.92e-01
 6.06291e+15	1.53e-06	8.16e-03	9.92e-01
 6.22727e+15	1.70e-06	8.66e-03	9.91e-01
 6.40446e+15	1.92e-06	9.24e-03	9.91e-01
 6.59967e+15	2.18e-06	9.90e-03	9.90e-01
 6.77997e+15	2.44e-06	1.05e-02	9.89e-01
 6.97603e+15	2.77e-06	1.13e-02	9.89e-01
 7.18769e+15	3.14e-06	1.21e-02	9.88e-01
 7.36860e+15	3.49e-06	1.29e-02	9.87e-01
 7.52545e+15	3.83e-06	1.36e-02	9.86e-01
 7.70205e+15	4.28e-06	1.45e-02	9.85e-01
 7.89836e+15	4.80e-06	1.56e-02	9.84e-01
 8.07907e+15	5.32e-06	1.66e-02	9.83e-01
 8.24569e+15	5.87e-06	1.76e-02	9.82e-01
 8.43524e+15	6.61e-06	1.89e-02	9.81e-01
 8.63754e+15	7.45e-06	2.04e-02	9.80e-01
 8.81497e+15	8.27e-06	2.19e-02	9.78e-01
 8.97682e+15	9.13e-06	2.33e-02	9.77e-01
 9.15985e+15	1.03e-05	2.52e-02	9.75e-01
 9.35927e+15	1.17e-05	2.75e-02	9.73e-01
 9.53632e+15	1.31e-05	2.97e-02	9.70e-01
 9.69606e+15	1.46e-05	3.20e-02	9.68e-01
 9.87696e+15	1.67e-05	3.51e-02	9.65e-01
 1.00671e+16	1.91e-05	3.86e-02	9.61e-01
 1.02305e+16	2.17e-05	4.22e-02	9.58e-01
 1.03787e+16	2.45e-05	4.60e-02	9.54e-01
 1.05456e+16	2.84e-05	5.10e-02	9.49e-01
 1.07198e+16	3.29e-05	5.71e-02	9.43e-01
 1.08663e+16	3.80e-05	6.33e-02	9.37e-01
 1.09873e+16	4.28e-05	6.92e-02	9.31e-01
 1.11123e+16	4.84e-05	7.65e-02	9.23e-01
 1.12748e+16	5.81e-05	8.77e-02	9.12e-01
 1.14300e+16	7.01e-05	1.01e-01	8.99e-01
 1.15251e+16	8.02e-05	1.11e-01	8.89e-01
 1.15772e+16	8.60e-05	1.17e-01	8.83e-01
 1.16237e+16	9.18e-05	1.23e-01	8.77e-01
 1.16841e+16	9.95e-05	1.31e-01	8.68e-01
 1.17626e+16	1.12e-04	1.44e-01	8.56e-01
 1.18463e+16	1.29e-04	1.59e-01	8.41e-01
 1.19121e+16	1.43e-04	1.72e-01	8.28e-01
 1.19637e+16	1.54e-04	1.84e-01	8.16e-01
 1.20213e+16	1.72e-04	1.98e-01	8.01e-01
 1.20827e+16	1.91e-04	2.16e-01	7.84e-01
 1.21490e+16	2.16e-04	2.37e-01	7.63e-01
 1.22183e+16	2.46e-04	2.61e-01	7.39e-01
 1.22758e+16	2.77e-04	2.84e-01	7.16e-01
 1.23216e+16	3.02e-04	3.03e-01	6.96e-01
 1.23680e+16	3.32e-04	3.25e-01	6.74e-01
 1.24282e+16	3.75e-04	3.56e-01	6.43e-01
 1.24908e+16	4.25e-04	3.90e-01	6.09e-01
 1.25437e+16	4.72e-04	4.22e-01	5.78e-01
 1.25997e+16	5.29e-04	4.58e-01	5.42e-01
 1.26607e+16	5.95e-04	4.97e-01	5.02e-01
 1.27163e+16	6.58e-04	5.34e-01	4.66e-01
 1.27768e+16	7.36e-04	5.75e-01	4.24e-01
 1.28433e+16	8.23e-04	6.19e-01	3.80e-01
 1.29059e+16	9.11e-04	6.60e-01	3.39e-01
 1.29757e+16	1.01e-03	7.03e-01	2.96e-01
 1.30392e+16	1.10e-03	7.37e-01	2.62e-01
 1.30819e+16	1.16e-03	7.59e-01	2.40e-01
 1.31247e+16	1.22e-03	7.80e-01	2.19e-01
 1.31803e+16	1.31e-03	8.05e-01	1.93e-01
 1.32415e+16	1.39e-03	8.29e-01	1.70e-01
 1.32986e+16	1.47e-03	8.49e-01	1.50e-01
 1.33614e+16	1.57e-03	8.68e-01	1.30e-01
 1.34303e+16	1.67e-03	8.86e-01	1.12e-01
 1.34912e+16	1.75e-03	8.99e-01	9.87e-02
 1.35446e+16	1.83e-03	9.10e-01	8.83e-02
 1.36041e+16	1.93e-03	9.20e-01	7.76e-02
 1.36702e+16	2.03e-03	9.30e-01	6.79e-02
 1.37305e+16	2.13e-03	9.38e-01	6.01e-02
 1.37851e+16	2.22e-03	9.44e-01	5.41e-02
 1.38465e+16	2.33e-03	9.50e-01	4.78e-02
 1.39127e+16	2.45e-03	9.55e-01	4.22e-02
 1.39699e+16	2.56e-03	9.59e-01	3.81e-02
 1.40199e+16	2.66e-03	9.63e-01	3.48e-02
 1.40756e+16	2.79e-03	9.66e-01	3.14e-02
 1.41370e+16	2.94e-03	9.69e-01	2.82e-02
 1.41917e+16	3.08e-03	9.71e-01	2.57e-02
 1.42398e+16	3.21e-03	9.73e-01	2.37e-02
 1.42930e+16	3.37e-03	9.75e-01	2.16e-02
 1.43509e+16	3.56e-03	9.77e-01	1.97e-02
 1.44015e+16	3.74e-03	9.78e-01	1.82e-02
 1.44456e+16	3.90e-03	9.79e-01	1.70e-02
 1.44946e+16	4.11e-03	9.80e-01	1.56e-02
 1.45484e+16	4.35e-03	9.81e-01	1.44e-02
 1.45960e+16	4.59e-03	9.82e-01	1.34e-02
 1.46376e+16	4.82e-03	9.83e-01	1.26e-02
 1.46837e+16	5.09e-03	9.83e-01	1.17e-02
 1.47345e+16	5.43e-03	9.84e-01	1.09e-02
 1.47799e+16	5.76e-03	9.84e-01	1.02e-02
 1.48198e+16	6.10e-03	9.84e-01	9.64e-03
 1.48640e+16	6.49e-03	9.84e-01	9.03e-03
 1.49134e+16	6.99e-03	9.85e-01	8.43e-03
 1.49587e+16	7.52e-03	9.85e-01	7.92e-03
 1.49996e+16	8.06e-03	9.84e-01	7.49e-03
 1.50454e+16	8.74e-03	9.84e-01	7.01e-03
 1.50961e+16	9.63e-03	9.84e-01	6.54e-03
 1.51408e+16	1.06e-02	9.83e-01	6.17e-03
 1.51779e+16	1.14e-02	9.83e-01	5.88e-03
 1.52175e+16	1.25e-02	9.82e-01	5.57e-03
 1.52585e+16	1.39e-02	9.81e-01	5.28e-03
 1.52907e+16	1.52e-02	9.80e-01	5.07e-03
 1.53164e+16	1.63e-02	9.79e-01	4.91e-03
 1.53441e+16	1.77e-02	9.78e-01	4.72e-03
 1.53752e+16	1.95e-02	9.76e-01	4.54e-03
 1.54032e+16	2.15e-02	9.74e-01	4.38e-03
 1.54264e+16	2.34e-02	9.72e-01	4.26e-03
 1.54510e+16	2.57e-02	9.70e-01	4.13e-03
 1.54776e+16	2.86e-02	9.67e-01	4.00e-03
 1.55003e+16	3.16e-02	9.64e-01	3.90e-03
 1.55191e+16	3.45e-02	9.62e-01	3.82e-03
 1.55392e+16	3.80e-02	9.58e-01	3.74e-03
 1.55616e+16	4.26e-02	9.54e-01	3.65e-03
 1.55817e+16	4.76e-02	9.49e-01	3.59e-03
 1.55985e+16	5.25e-02	9.44e-01	3.54e-03
 1.56165e+16	5.86e-02	9.38e-01	3.48e-03
 1.56358e+16	6.60e-02	9.31e-01	3.45e-03
 1.56527e+16	7.40e-02	9.23e-01	3.42e-03
 1.56669e+16	8.18e-02	9.15e-01	3.41e-03
 1.56814e+16	9.08e-02	9.06e-01	3.39e-03
 1.56966e+16	1.02e-01	8.95e-01	3.40e-03
 1.57105e+16	1.13e-01	8.83e-01	3.40e-03
 1.57226e+16	1.25e-01	8.72e-01	3.41e-03
 1.57334e+16	1.36e-01	8.60e-01	3.44e-03
 1.57432e+16	1.48e-01	8.49e-01	3.46e-03
 1.57522e+16	1.60e-01	8.37e-01	3.48e-03
 1.57609e+16	1.72e-01	8.24e-01	3.50e-03
 1.57677e+16	1.82e-01	8.14e-01	3.53e-03
 1.57722e+16	1.90e-01	8.07e-01	3.54e-03
 1.57763e+16	1.97e-01	8.00e-01	3.55e-03
 1.57810e+16	2.05e-01	7.91e-01	3.57e-03
 1.57863e+16	2.15e-01	7.82e-01	3.59e-03
 1.57913e+16	2.25e-01	7.72e-01	3.60e-03
 1.57961e+16	2.34e-01	7.62e-01	3.63e-03
 1.58007e+16	2.44e-01	7.52e-01	3.64e-03
 1.58054e+16	2.54e-01	7.42e-01	3.66e-03
 1.58101e+16	2.65e-01	7.31e-01	3.68e-03
 1.58147e+16	2.76e-01	7.20e-01	3.69e-03
 1.58193e+16	2.88e-01	7.09e-01	3.71e-03
 1.58237e+16	2.99e-01	6.97e-01	3.73e-03
 1.58282e+16	3.11e-01	6.85e-01	3.74e-03
 1.58327e+16	3.23e-01	6.73e-01	3.76e-03
 1.58371e+16	3.37e-01	6.60e-01	3.76e-03
 1.58415e+16	3.49e-01	6.47e-01	3.78e-03
 1.58458e+16	3.63e-01	6.34e-01	3.79e-03
 1.58502e+16	3.76e-01	6.20e-01	3.80e-03
 1.58545e+16	3.90e-01	6.06e-01	3.81e-03
 1.58587e+16	4.04e-01	5.92e-01	3.81e-03
 1.58629e+16	4.19e-01	5.78e-01	3.81e-03
 1.58672e+16	4.33e-01	5.63e-01	3.81e-03
 1.58714e+16	4.48e-01	5.48e-01	3.81e-03
 1.58755e+16	4.63e-01	5.33e-01	3.81e-03
 1.58796e+16	4.78e-01	5.18e-01	3.80e-03
 1.58837e+16	4.93e-01	5.03e-01	3.79e-03
 1.58877e+16	5.08e-01	4.88e-01	3.78e-03
 1.58917e+16	5.24e-01	4.72e-01	3.76e-03
 1.58958e+16	5.39e-01	4.57e-01	3.74e-03
 1.58998e+16	5.55e-01	4.42e-01	3.71e-03
 1.59037e+16	5.69e-01	4.27e-01	3.69e-03
 1.59075e+16	5.84e-01	4.12e-01	3.66e-03
 1.59113e+16	5.99e-01	3.98e-01	3.62e-03
 1.59150e+16	6.13e-01	3.83e-01	3.58e-03
 1.59188e+16	6.27e-01	3.69e-01	3.54e-03
 1.59225e+16	6.41e-01	3.55e-01	3.50e-03
 1.59262e+16	6.55e-01	3.42e-01	3.45e-03
 1.59299e+16	6.68e-01	3.28e-01	3.41e-03
 1.59335e+16	6.81e-01	3.15e-01	3.35e-03
 1.59372e+16	6.94e-01	3.02e-01	3.29e-03
 1.59409e+16	7.07e-01	2.90e-01	3.23e-03
 1.59446e+16	7.20e-01	2.77e-01	3.16e-03
 1.59484e+16	7.32e-01	2.65e-01	3.10e-03
 1.59521e+16	7.44e-01	2.53e-01	3.03e-03
 1.59558e+16	7.55e-01	2.42e-01	2.95e-03
 1.59596e+16	7.66e-01	2.31e-01	2.88e-03
 1.59635e+16	7.77e-01	2.20e-01	2.80e-03
 1.59675e+16	7.88e-01	2.09e-01	2.72e-03
 1.59715e+16	7.98e-01	1.99e-01	2.63e-03
 1.59757e+16	8.08e-01	1.89e-01	2.55e-03
 1.59799e+16	8.18e-01	1.79e-01	2.46e-03
 1.59837e+16	8.26e-01	1.72e-01	2.39e-03
 1.59867e+16	8.32e-01	1.66e-01	2.33e-03
 1.59895e+16	8.38e-01	1.60e-01	2.26e-03
 1.59925e+16	8.43e-01	1.55e-01	2.21e-03
 1.59956e+16	8.49e-01	1.49e-01	2.15e-03
 1.59986e+16	8.54e-01	1.44e-01	2.09e-03
 1.60016e+16	8.58e-01	1.40e-01	2.04e-03
 1.60047e+16	8.63e-01	1.35e-01	1.98e-03
 1.60078e+16	8.67e-01	1.31e-01	1.93e-03
 1.60108e+16	8.71e-01	1.27e-01	1.88e-03
 1.60139e+16	8.75e-01	1.23e-01	1.84e-03
 1.60170e+16	8.78e-01	1.20e-01	1.79e-03
 1.60203e+16	8.82e-01	1.16e-01	1.75e-03
 1.60236e+16	8.85e-01	1.13e-01	1.70e-03
 1.60270e+16	8.88e-01	1.10e-01	1.66e-03
 1.60305e+16	8.91e-01	1.07e-01	1.62e-03
 1.60341e+16	8.94e-01	1.04e-01	1.58e-03
 1.60379e+16	8.97e-01	1.02e-01	1.55e-03
 1.60418e+16	8.99e-01	9.93e-02	1.51e-03
 1.60460e+16	9.02e-01	9.69e-02	1.47e-03
 1.60504e+16	9.04e-01	9.46e-02	1.44e-03
 1.60550e+16	9.06e-01	9.24e-02	1.40e-03
 1.60599e+16	9.08e-01	9.03e-02	1.37e-03
 1.60652e+16	9.10e-01	8.84e-02	1.33e-03
 1.60710e+16	9.12e-01	8.65e-02	1.30e-03
 1.60773e+16	9.14e-01	8.47e-02	1.27e-03
 1.60842e+16	9.16e-01	8.30e-02	1.24e-03
 1.60919e+16	9.17e-01	8.14e-02	1.21e-03
 1.61005e+16	9.19e-01	7.98e-02	1.18e-03
 1.61102e+16	9.21e-01	7.83e-02	1.15e-03
 1.61213e+16	9.22e-01	7.69e-02	1.11e-03
 1.61339e+16	9.23e-01	7.55e-02	1.08e-03
 1.61486e+16	9.25e-01	7.41e-02	1.05e-03
 1.61656e+16	9.26e-01	7.27e-02	1.01e-03
 1.61850e+16	9.28e-01	7.12e-02	9.70e-04
 1.62065e+16	9.29e-01	6.97e-02	9.29e-04
 1.62310e+16	9.31e-01	6.81e-02	8.85e-04
 1.62596e+16	9.33e-01	6.63e-02	8.37e-04
 1.62922e+16	9.35e-01	6.44e-02	7.87e-04
 1.63256e+16	9.37e-01	6.25e-02	7.39e-04
 1.63573e+16	9.39e-01	6.08e-02	6.97e-04
 1.63867e+16	9.40e-01	5.92e-02	6.60e-04
 1.64134e+16	9.42e-01	5.79e-02	6.28e-04
 1.64377e+16	9.43e-01	5.67e-02	6.01e-04
 1.64599e+16	9.44e-01	5.56e-02	5.76e-04
 1.64800e+16	9.45e-01	5.46e-02	5.55e-04
 1.64983e+16	9.46e-01	5.37e-02	5.36e-04
 1.65150e+16	9.47e-01	5.29e-02	5.20e-04
 1.65333e+16	9.47e-01	5.20e-02	5.02e-04
 1.65570e+16	9.49e-01	5.09e-02	4.79e-04
 1.65827e+16	9.50e-01	4.97e-02	4.56e-04
 1.66060e+16	9.51e-01	4.87e-02	4.37e-04
 1.66273e+16	9.52e-01	4.78e-02	4.19e-04
 1.66466e+16	9.53e-01	4.69e-02	4.04e-04
 1.66642e+16	9.53e-01	4.62e-02	3.91e-04
 1.66802e+16	9.54e-01	4.55e-02	3.78e-04
 1.66947e+16	9.55e-01	4.49e-02	3.68e-04
 1.67107e+16	9.55e-01	4.42e-02	3.56e-04
 1.67279e+16	9.56e-01	4.35e-02	3.45e-04
 1.67436e+16	9.57e-01	4.28e-02	3.34e-04
 1.67579e+16	9.57e-01	4.23e-02	3.24e-04
 1.67709e+16	9.58e-01	4.17e-02	3.16e-04
 1.67851e+16	9.59e-01	4.11e-02	3.06e-04
 1.68004e+16	9.59e-01	4.05e-02	2.97e-04
 1.68144e+16	9.60e-01	4.00e-02	2.89e-04
 1.68271e+16	9.60e-01	3.95e-02	2.81e-04
 1.68411e+16	9.61e-01	3.89e-02	2.73e-04
 1.68561e+16	9.61e-01	3.83e-02	2.65e-04
 1.68698e+16	9.62e-01	3.78e-02	2.57e-04
 1.68823e+16	9.62e-01	3.73e-02	2.51e-04
 1.68959e+16	9.63e-01	3.68e-02	2.44e-04
 1.69107e+16	9.64e-01	3.63e-02	2.36e-04
 1.69241e+16	9.64e-01	3.58e-02	2.29e-04
 1.69363e+16	9.64e-01	3.53e-02	2.24e-04
 1.69474e+16	9.65e-01	3.49e-02	2.18e-04
 1.69596e+16	9.65e-01	3.44e-02	2.12e-04
 1.69727e+16	9.66e-01	3.40e-02	2.07e-04
 1.69847e+16	9.66e-01	3.36e-02	2.02e-04
 1.69978e+16	9.67e-01	3.31e-02	1.96e-04
 1.70119e+16	9.67e-01	3.26e-02	1.90e-04
 1.70248e+16	9.68e-01	3.22e-02	1.85e-04
 1.70365e+16	9.68e-01	3.18e-02	1.81e-04
 1.70493e+16	9.68e-01	3.14e-02	1.76e-04
 1.70632e+16	9.69e-01	3.09e-02	1.71e-04
 1.70758e+16	9.69e-01	3.06e-02	1.66e-04
 1.70873e+16	9.70e-01	3.02e-02	1.62e-04
 1.70999e+16	9.70e-01	2.98e-02	1.58e-04
 1.71134e+16	9.70e-01	2.94e-02	1.54e-04
 1.71258e+16	9.71e-01	2.90e-02	1.50e-04
 1.71393e+16	9.71e-01	2.86e-02	1.46e-04
 1.71539e+16	9.72e-01	2.82e-02	1.41e-04
 1.71672e+16	9.72e-01	2.78e-02	1.38e-04
 1.71818e+16	9.72e-01	2.74e-02	1.34e-04
 1.71975e+16	9.73e-01	2.70e-02	1.30e-04
 1.72119e+16	9.73e-01	2.66e-02	1.26e-04
 1.72249e+16	9.74e-01	2.63e-02	1.23e-04
 1.72392e+16	9.74e-01	2.59e-02	1.19e-04
 1.72546e+16	9.74e-01	2.55e-02	1.16e-04
 1.72686e+16	9.75e-01	2.52e-02	1.13e-04
 1.72840e+16	9.75e-01	2.48e-02	1.09e-04
 1.73006e+16	9.75e-01	2.44e-02	1.06e-04
 1.73157e+16	9.76e-01	2.41e-02	1.03e-04
 1.73294e+16	9.76e-01	2.38e-02	1.01e-04
 1.73445e+16	9.76e-01	2.34e-02	9.75e-05
 1.73607e+16	9.77e-01	2.31e-02	9.47e-05
 1.73755e+16	9.77e-01	2.28e-02	9.22e-05
 1.73917e+16	9.78e-01	2.24e-02	8.93e-05
 1.74092e+16	9.78e-01	2.21e-02	8.66e-05
 1.74251e+16	9.78e-01	2.17e-02	8.41e-05
 1.74426e+16	9.79e-01	2.14e-02	8.13e-05
 1.74614e+16	9.79e-01	2.10e-02	7.87e-05
 1.74786e+16	9.79e-01	2.07e-02	7.63e-05
 1.74942e+16	9.80e-01	2.04e-02	7.42e-05
 1.75113e+16	9.80e-01	2.01e-02	7.19e-05
 1.75297e+16	9.80e-01	1.98e-02	6.97e-05
 1.75465e+16	9.80e-01	1.95e-02	6.77e-05
 1.75649e+16	9.81e-01	1.92e-02	6.55e-05
 1.75848e+16	9.81e-01	1.88e-02	6.33e-05
 1.76029e+16	9.81e-01	1.86e-02	6.14e-05
 1.76227e+16	9.82e-01	1.82e-02	5.93e-05
 1.76441e+16	9.82e-01	1.79e-02	5.72e-05
 1.76635e+16	9.82e-01	1.76e-02	5.54e-05
 1.76812e+16	9.83e-01	1.74e-02	5.38e-05
 1.77006e+16	9.83e-01	1.71e-02	5.20e-05
 1.77216e+16	9.83e-01	1.68e-02	5.03e-05
 1.77407e+16	9.83e-01	1.65e-02	4.88e-05
 1.77616e+16	9.84e-01	1.62e-02	4.71e-05
 1.77841e+16	9.84e-01	1.59e-02	4.54e-05
 1.78046e+16	9.84e-01	1.57e-02	4.40e-05
 1.78271e+16	9.85e-01	1.54e-02	4.23e-05
 1.78514e+16	9.85e-01	1.51e-02	4.08e-05
 1.78735e+16	9.85e-01	1.48e-02	3.94e-05
 1.78977e+16	9.85e-01	1.45e-02	3.79e-05
 1.79239e+16	9.86e-01	1.43e-02	3.64e-05
 1.79476e+16	9.86e-01	1.40e-02	3.51e-05
 1.79693e+16	9.86e-01	1.38e-02	3.40e-05
 1.79930e+16	9.86e-01	1.35e-02	3.28e-05
 1.80186e+16	9.87e-01	1.33e-02	3.16e-05
 1.80419e+16	9.87e-01	1.30e-02	3.05e-05
 1.80675e+16	9.87e-01	1.28e-02	2.94e-05
 1.80950e+16	9.87e-01	1.25e-02	2.82e-05
 1.81201e+16	9.88e-01	1.23e-02	2.72e-05
 1.81476e+16	9.88e-01	1.20e-02	2.61e-05
 1.81773e+16	9.88e-01	1.18e-02	2.51e-05
 1.82043e+16	9.88e-01	1.16e-02	2.42e-05
 1.82339e+16	9.89e-01	1.13e-02	2.31e-05
 1.82658e+16	9.89e-01	1.11e-02	2.21e-05
 1.82949e+16	9.89e-01	1.09e-02	2.13e-05
 1.83268e+16	9.89e-01	1.06e-02	2.03e-05
 1.83611e+16	9.90e-01	1.04e-02	1.94e-05
 1.83924e+16	9.90e-01	1.02e-02	1.86e-05
 1.84267e+16	9.90e-01	9.91e-03	1.78e-05
 1.84638e+16	9.90e-01	9.67e-03	1.69e-05
 1.84975e+16	9.91e-01	9.46e-03	1.62e-05
 1.85344e+16	9.91e-01	9.23e-03	1.54e-05
 1.85742e+16	9.91e-01	8.99e-03	1.47e-05
 1.86105e+16	9.91e-01	8.79e-03	1.40e-05
 1.86503e+16	9.91e-01	8.56e-03	1.33e-05
 1.86932e+16	9.92e-01	8.34e-03	1.26e-05
 1.87322e+16	9.92e-01	8.14e-03	1.20e-05
 1.87750e+16	9.92e-01	7.92e-03	1.14e-05
 1.88212e+16	9.92e-01	7.70e-03	1.08e-05
 1.88632e+16	9.92e-01	7.51e-03	1.03e-05
 1.89093e+16	9.93e-01	7.30e-03	9.70e-06
 1.89590e+16	9.93e-01	7.08e-03	9.16e-06
 1.90043e+16	9.93e-01	6.90e-03	8.70e-06
 1.90539e+16	9.93e-01	6.69e-03	8.19e-06
 1.91180e+16	9.94e-01	6.44e-03	7.58e-06
 1.91908e+16	9.94e-01	6.17e-03	6.98e-06
 1.92638e+16	9.94e-01	5.92e-03	6.44e-06
 1.93377e+16	9.94e-01	5.68e-03	5.93e-06
 1.94150e+16	9.95e-01	5.44e-03	5.45e-06
 1.94954e+16	9.95e-01	5.21e-03	4.99e-06
 1.95786e+16	9.95e-01	4.98e-03	4.57e-06
 1.96647e+16	9.95e-01	4.76e-03	4.17e-06
 1.97539e+16	9.95e-01	4.54e-03	3.80e-06
 1.98459e+16	9.96e-01	4.33e-03	3.46e-06
 1.99398e+16	9.96e-01	4.12e-03	3.15e-06
 2.00352e+16	9.96e-01	3.93e-03	2.86e-06
 2.01323e+16	9.96e-01	3.74e-03	2.60e-06
 2.02311e+16	9.96e-01	3.56e-03	2.36e-06
 2.03318e+16	9.97e-01	3.39e-03	2.14e-06
 2.04344e+16	9.97e-01	3.23e-03	1.94e-06
 2.05387e+16	9.97e-01	3.07e-03	1.76e-06
 2.06435e+16	9.97e-01	2.92e-03	1.59e-06
 2.07497e+16	9.97e-01	2.78e-03	1.44e-06
 2.08597e+16	9.97e-01	2.64e-03	1.30e-06
 2.09725e+16	9.97e-01	2.51e-03	1.18e-06
 2.10868e+16	9.98e-01	2.38e-03	1.06e-06
 2.12031e+16	9.98e-01	2.26e-03	9.57e-07
 2.13217e+16	9.98e-01	2.14e-03	8.61e-07
 2.14425e+16	9.98e-01	2.03e-03	7.75e-07
 2.15656e+16	9.98e-01	1.92e-03	6.96e-07
 2.16910e+16	9.98e-01	1.82e-03	6.24e-07
 2.18190e+16	9.98e-01	1.72e-03	5.59e-07
 2.19496e+16	9.98e-01	1.63e-03	5.01e-07
 2.20828e+16	9.98e-01	1.54e-03	4.47e-07
 2.22188e+16	9.99e-01	1.45e-03	3.99e-07
 2.23576e+16	9.99e-01	1.37e-03	3.56e-07
 2.24994e+16	9.99e-01	1.29e-03	3.17e-07
 2.26442e+16	9.99e-01	1.22e-03	2.81e-07
 2.27923e+16	9.99e-01	1.15e-03	2.49e-07
 2.29438e+16	9.99e-01	1.08e-03	2.21e-07
 2.30989e+16	9.99e-01	1.01e-03	1.95e-07
 2.32578e+16	9.99e-01	9.50e-04	1.72e-07
 2.34206e+16	9.99e-01	8.91e-04	1.51e-07
 2.35877e+16	9.99e-01	8.34e-04	1.32e-07
 2.37592e+16	9.99e-01	7.79e-04	1.16e-07
 2.39356e+16	9.99e-01	7.27e-04	1.01e-07
 2.41168e+16	9.99e-01	6.78e-04	8.75e-08
 2.43035e+16	9.99e-01	6.31e-04	7.60e-08
 2.44920e+16	9.99e-01	5.87e-04	6.58e-08
 2.46857e+16	9.99e-01	5.45e-04	5.68e-08
 2.48911e+16	9.99e-01	5.04e-04	4.86e-08
 2.51060e+16	1.00e+00	4.65e-04	4.14e-08
 2.53278e+16	1.00e+00	4.28e-04	3.50e-08
 2.55576e+16	1.00e+00	3.93e-04	2.95e-08
 2.57975e+16	1.00e+00	3.59e-04	2.47e-08
 2.60488e+16	1.00e+00	3.27e-04	2.05e-08
 2.63125e+16	1.00e+00	2.97e-04	1.69e-08
 2.65908e+16	1.00e+00	2.68e-04	1.38e-08
 2.68852e+16	1.00e+00	2.41e-04	1.11e-08
 2.71971e+16	1.00e+00	2.15e-04	8.88e-09
 2.75318e+16	1.00e+00	1.91e-04	6.97e-09
 2.78925e+16	1.00e+00	1.67e-04	5.38e-09
 2.82810e+16	1.00e+00	1.46e-04	4.08e-09
 2.87043e+16	1.00e+00	1.25e-04	3.02e-09
 2.91721e+16	1.00e+00	1.06e-04	2.17e-09
 2.97105e+16	1.00e+00	8.80e-05	1.49e-09
 3.03069e+16	1.00e+00	7.17e-05	9.89e-10
 3.09651e+16	1.00e+00	5.72e-05	6.30e-10
 3.16932e+16	1.00e+00	4.48e-05	3.87e-10
 3.24359e+16	1.00e+00	3.51e-05	2.38e-10
 3.31669e+16	1.00e+00	2.77e-05	1.49e-10
 3.38969e+16	1.00e+00	2.19e-05	9.35e-11
 3.46387e+16	1.00e+00	1.74e-05	5.87e-11
 3.53957e+16	1.00e+00	1.37e-05	3.68e-11
 3.61662e+16	1.00e+00	1.09e-05	2.31e-11
 3.69508e+16	1.00e+00	8.60e-06	1.45e-11
 3.77524e+16	1.00e+00	6.80e-06	9.09e-12
 3.85714e+16	1.00e+00	5.37e-06	5.68e-12
 3.94072e+16	1.00e+00	4.23e-06	3.55e-12
 4.02585e+16	1.00e+00	3.35e-06	2.22e-12
 4.11330e+16	1.00e+00	2.64e-06	1.38e-12
 4.20335e+16	1.00e+00	2.07e-06	8.56e-13
 4.29568e+16	1.00e+00	1.63e-06	5.29e-13
 4.39075e+16	1.00e+00	1.28e-06	3.25e-13
 4.48883e+16	1.00e+00	9.96e-07	1.98e-13
 4.59021e+16	1.00e+00	7.75e-07	1.20e-13
 4.69561e+16	1.00e+00	6.00e-07	7.23e-14
 4.80568e+16	1.00e+00	4.62e-07	4.28e-14
 4.92105e+16	1.00e+00	3.53e-07	2.51e-14
 5.04294e+16	1.00e+00	2.67e-07	1.44e-14
 5.17288e+16	1.00e+00	2.00e-07	8.05e-15
 5.31305e+16	1.00e+00	1.47e-07	4.36e-15
 5.46439e+16	1.00e+00	1.06e-07	2.29e-15
 5.62098e+16	1.00e+00	7.71e-08	1.20e-15
 5.77758e+16	1.00e+00	5.63e-08	6.42e-16
 5.93417e+16	1.00e+00	4.14e-08	3.48e-16
 6.09076e+16	1.00e+00	3.07e-08	1.91e-16
 6.24735e+16	1.00e+00	2.29e-08	1.07e-16
 6.40395e+16	1.00e+00	1.72e-08	6.04e-17
 6.57920e+16	1.00e+00	1.25e-08	3.19e-17
 6.78102e+16	1.00e+00	8.81e-09	1.58e-17
 6.98876e+16	1.00e+00	6.22e-09	7.89e-18
 7.19275e+16	1.00e+00	4.46e-09	4.06e-18
 7.39599e+16	1.00e+00	3.23e-09	2.13e-18
 7.60060e+16	1.00e+00	2.35e-09	1.13e-18
 7.80515e+16	1.00e+00	1.73e-09	6.09e-19
 8.00822e+16	1.00e+00	1.28e-09	3.35e-19
 8.20933e+16	1.00e+00	9.58e-10	1.88e-19
 8.40724e+16	1.00e+00	7.25e-10	1.08e-19
 8.60087e+16	1.00e+00	5.55e-10	6.34e-20
 8.79014e+16	1.00e+00	4.30e-10	3.81e-20
 8.97421e+16	1.00e+00	3.37e-10	2.34e-20
 9.15231e+16	1.00e+00	2.68e-10	1.48e-20
 9.32401e+16	1.00e+00	2.15e-10	9.53e-21
 9.48911e+16	1.00e+00	1.75e-10	0.00e+00
 9.64744e+16	1.00e+00	1.44e-10	0.00e+00
 9.79890e+16	1.00e+00	1.19e-10	0.00e+00
 9.94353e+16	1.00e+00	1.00e-10	0.00e+00
 1.00814e+17	1.00e+00	8.52e-11	0.00e+00
 1.02126e+17	1.00e+00	7.30e-11	0.00e+00
 1.03374e+17	1.00e+00	6.32e-11	0.00e+00
 1.04560e+17	1.00e+00	5.51e-11	0.00e+00
 1.05686e+17	1.00e+00	4.85e-11	0.00e+00
 1.06756e+17	1.00e+00	4.30e-11	0.00e+00
 1.07771e+17	1.00e+00	3.84e-11	0.00e+00
 1.08733e+17	1.00e+00	3.46e-11	0.00e+00
 1.09647e+17	1.00e+00	3.13e-11	0.00e+00
 1.10513e+17	1.00e+00	2.85e-11	0.00e+00
 1.11336e+17	1.00e+00	2.61e-11	0.00e+00
 1.12116e+17	1.00e+00	2.40e-11	0.00e+00
 1.12856e+17	1.00e+00	2.21e-11	0.00e+00
 1.13559e+17	1.00e+00	2.06e-11	0.00e+00
 1.14226e+17	1.00e+00	1.92e-11	0.00e+00
 1.14859e+17	1.00e+00	1.80e-11	0.00e+00
 1.15460e+17	1.00e+00	1.69e-11	0.00e+00
 1.16032e+17	1.00e+00	1.59e-11	0.00e+00
 1.16576e+17	1.00e+00	1.50e-11	0.00e+00
 1.17092e+17	1.00e+00	1.43e-11	0.00e+00
 1.17584e+17	1.00e+00	1.36e-11	0.00e+00
 1.18051e+17	1.00e+00	1.30e-11	0.00e+00
 1.18496e+17	1.00e+00	1.24e-11	0.00e+00
 1.18920e+17	1.00e+00	1.19e-11	0.00e+00
 1.19325e+17	1.00e+00	1.14e-11	0.00e+00
 1.19711e+17	1.00e+00	1.10e-11	0.00e+00
 1.20079e+17	1.00e+00	1.06e-11	0.00e+00
 1.20431e+17	1.00e+00	1.02e-11	0.00e+00
 1.20767e+17	1.00e+00	9.93e-12	0.00e+00
 1.21089e+17	1.00e+00	9.61e-12	0.00e+00
 1.21398e+17	1.00e+00	9.33e-12	0.00e+00
 1.21693e+17	1.00e+00	9.07e-12	0.00e+00
 1.21978e+17	1.00e+00	8.82e-12	0.00e+00
 1.22251e+17	1.00e+00	8.59e-12	0.00e+00
 1.22514e+17	1.00e+00	8.39e-12	0.00e+00
 1.22767e+17	1.00e+00	8.18e-12	0.00e+00
 1.23013e+17	1.00e+00	8.00e-12	0.00e+00
 1.23250e+17	1.00e+00	7.82e-12	0.00e+00
 1.23481e+17	1.00e+00	7.65e-12	0.00e+00
 1.23706e+17	1.00e+00	7.49e-12	0.00e+00
 1.23925e+17	1.00e+00	7.34e-12	0.00e+00
 1.24140e+17	1.00e+00	7.19e-12	0.00e+00
 1.24351e+17	1.00e+00	7.05e-12	0.00e+00
 1.24560e+17	1.00e+00	6.91e-12	0.00e+00
 1.24766e+17	1.00e+00	6.78e-12	0.00e+00
 1.24972e+17	1.00e+00	6.66e-12	0.00e+00
 1.25179e+17	1.00e+00	6.53e-12	0.00e+00
 1.25388e+17	1.00e+00	6.40e-12	0.00e+00
 1.25601e+17	1.00e+00	6.28e-12	0.00e+00
 1.25819e+17	1.00e+00	6.16e-12	0.00e+00
 1.26045e+17	1.00e+00	6.03e-12	0.00e+00
 1.26282e+17	1.00e+00	5.90e-12	0.00e+00
 1.26534e+17	1.00e+00	5.77e-12	0.00e+00
 1.26807e+17	1.00e+00	5.62e-12	0.00e+00
 1.27106e+17	1.00e+00	5.47e-12	0.00e+00
 1.27442e+17	1.00e+00	5.30e-12	0.00e+00
 1.27829e+17	1.00e+00	5.13e-12	0.00e+00
 1.28287e+17	1.00e+00	4.91e-12	0.00e+00
 1.28849e+17	1.00e+00	4.67e-12	0.00e+00
 1.29564e+17	1.00e+00	4.37e-12	0.00e+00
 1.30494e+17	1.00e+00	4.04e-12	0.00e+00
 1.31702e+17	1.00e+00	3.62e-12	0.00e+00
 1.33273e+17	1.00e+00	3.16e-12	0.00e+00
 1.35315e+17	1.00e+00	2.66e-12	0.00e+00
 1.37970e+17	1.00e+00	2.14e-12	0.00e+00
 1.41421e+17	1.00e+00	1.64e-12	0.00e+00
 1.45510e+17	1.00e+00	1.22e-12	0.00e+00
 1.49849e+17	1.00e+00	9.16e-13	0.00e+00
 1.54293e+17	1.00e+00	7.10e-13	0.00e+00
 1.58822e+17	1.00e+00	5.69e-13	0.00e+00
 1.64080e+17	1.00e+00	4.59e-13	0.00e+00
 1.70393e+17	1.00e+00	3.50e-13	0.00e+00
 1.77208e+17	1.00e+00	2.73e-13	0.00e+00
 1.84297e+17	1.00e+00	2.25e-13	0.00e+00
 1.91669e+17	1.00e+00	1.91e-13	0.00e+00
 1.99335e+17	1.00e+00	1.65e-13	0.00e+00
 2.07309e+17	1.00e+00	1.43e-13	0.00e+00
 2.15601e+17	1.00e+00	1.24e-13	0.00e+00
 2.24225e+17	1.00e+00	1.06e-13	0.00e+00
 2.32719e+17	1.00e+00	9.05e-14	0.00e+00
 2.40368e+17	1.00e+00	8.37e-14	0.00e+00
 2.47059e+17	1.00e+00	8.22e-14	0.00e+00
 2.53171e+17	1.00e+00	7.99e-14	0.00e+00
 2.59071e+17	1.00e+00	7.48e-14	0.00e+00
 2.64781e+17	1.00e+00	6.76e-14	0.00e+00
 2.69748e+17	1.00e+00	6.10e-14	0.00e+00
 2.73242e+17	1.00e+00	5.86e-14	0.00e+00
 2.75229e+17	1.00e+00	5.92e-14	0.00e+00
 2.76312e+17	1.00e+00	6.01e-14	0.00e+00
 2.76961e+17	1.00e+00	6.06e-14	0.00e+00
 2.77354e+17	1.00e+00	6.08e-14	0.00e+00
 2.77622e+17	1.00e+00	6.10e-14	0.00e+00
 2.77896e+17	1.00e+00	6.11e-14	0.00e+00
 2.78251e+17	1.00e+00	6.11e-14	0.00e+00
 2.78638e+17	1.00e+00	6.11e-14	0.00e+00
 2.78959e+17	1.00e+00	6.10e-14	0.00e+00
 2.79197e+17	1.00e+00	6.10e-14	0.00e+00
 2.79414e+17	1.00e+00	6.09e-14	0.00e+00
 2.79651e+17	1.00e+00	6.08e-14	0.00e+00
 2.79904e+17	1.00e+00	6.06e-14	0.00e+00
 2.80141e+17	1.00e+00	6.05e-14	0.00e+00
 2.80343e+17	1.00e+00	6.03e-14	0.00e+00
 2.80516e+17	1.00e+00	6.02e-14	0.00e+00
 2.80686e+17	1.00e+00	6.01e-14	0.00e+00
 2.80869e+17	1.00e+00	5.99e-14	0.00e+00
 2.81049e+17	1.00e+00	5.97e-14	0.00e+00
 2.81205e+17	1.00e+00	5.95e-14	0.00e+00
 2.81343e+17	1.00e+00	5.94e-14	0.00e+00
 2.81486e+17	1.00e+00	5.93e-14	0.00e+00
 2.81637e+17	1.00e+00	5.91e-14	0.00e+00
 2.81776e+17	1.00e+00	5.89e-14	0.00e+00
 2.81902e+17	1.00e+00	5.88e-14	0.00e+00
 2.82026e+17	1.00e+00	5.86e-14	0.00e+00
 2.82152e+17	1.00e+00	5.84e-14	0.00e+00
 2.82277e+17	1.00e+00	5.83e-14	0.00e+00
 2.82399e+17	1.00e+00	5.81e-14	0.00e+00
 2.82512e+17	1.00e+00	5.79e-14	0.00e+00
 2.82622e+17	1.00e+00	5.78e-14	0.00e+00
 2.82735e+17	1.00e+00	5.76e-14	0.00e+00
 2.82851e+17	1.00e+00	5.74e-14	0.00e+00
 2.82964e+17	1.00e+00	5.72e-14	0.00e+00
 2.83073e+17	1.00e+00	5.70e-14	0.00e+00
 2.83185e+17	1.00e+00	5.68e-14	0.00e+00
 2.83298e+17	1.00e+00	5.66e-14	0.00e+00
 2.83410e+17	1.00e+00	5.64e-14	0.00e+00
 2.83523e+17	1.00e+00	5.62e-14	0.00e+00
 2.83631e+17	1.00e+00	5.60e-14	0.00e+00
 2.83738e+17	1.00e+00	5.58e-14	0.00e+00
 2.83849e+17	1.00e+00	5.56e-14	0.00e+00
 2.83972e+17	1.00e+00	5.54e-14	0.00e+00
 2.84100e+17	1.00e+00	5.51e-14	0.00e+00
 2.84216e+17	1.00e+00	5.48e-14	0.00e+00
 2.84330e+17	1.00e+00	5.46e-14	0.00e+00
 2.84457e+17	1.00e+00	5.43e-14	0.00e+00
 2.84595e+17	1.00e+00	5.40e-14	0.00e+00
 2.84731e+17	1.00e+00	5.37e-14	0.00e+00
 2.84865e+17	1.00e+00	5.34e-14	0.00e+00
 2.84996e+17	1.00e+00	5.31e-14	0.00e+00
 2.85134e+17	1.00e+00	5.28e-14	0.00e+00
 2.85278e+17	1.00e+00	5.25e-14	0.00e+00
 2.85416e+17	1.00e+00	5.22e-14	0.00e+00
 2.85562e+17	1.00e+00	5.19e-14	0.00e+00
 2.85727e+17	1.00e+00	5.15e-14	0.00e+00
 2.85895e+17	1.00e+00	5.10e-14	0.00e+00
 2.86045e+17	1.00e+00	5.07e-14	0.00e+00
 2.86197e+17	1.00e+00	5.03e-14	0.00e+00
 2.86378e+17	1.00e+00	4.99e-14	0.00e+00
 2.86577e+17	1.00e+00	4.94e-14	0.00e+00
 2.86762e+17	1.00e+00	4.89e-14	0.00e+00
 2.86933e+17	1.00e+00	4.85e-14	0.00e+00
 2.87112e+17	1.00e+00	4.80e-14	0.00e+00
 2.87310e+17	1.00e+00	4.75e-14	0.00e+00
 2.87527e+17	1.00e+00	4.70e-14	0.00e+00
 2.87746e+17	1.00e+00	4.64e-14	0.00e+00
 2.87959e+17	1.00e+00	4.59e-14	0.00e+00
 2.88168e+17	1.00e+00	4.53e-14	0.00e+00
 2.88385e+17	1.00e+00	4.48e-14	0.00e+00
 2.88618e+17	1.00e+00	4.41e-14	0.00e+00
 2.88859e+17	1.00e+00	4.35e-14	0.00e+00
 2.89108e+17	1.00e+00	4.29e-14	0.00e+00
 2.89361e+17	1.00e+00	4.22e-14	0.00e+00
 2.89627e+17	1.00e+00	4.15e-14	0.00e+00
 2.89904e+17	1.00e+00	4.08e-14	0.00e+00
 2.90173e+17	1.00e+00	4.01e-14	0.00e+00
 2.90444e+17	1.00e+00	3.94e-14	0.00e+00
 2.90737e+17	1.00e+00	3.86e-14	0.00e+00
 2.91052e+17	1.00e+00	3.78e-14	0.00e+00
 2.91362e+17	1.00e+00	3.69e-14	0.00e+00
 2.91659e+17	1.00e+00	3.62e-14	0.00e+00
 2.91974e+17	1.00e+00	3.54e-14	0.00e+00
 2.92319e+17	1.00e+00	3.45e-14	0.00e+00
 2.92672e+17	1.00e+00	3.36e-14	0.00e+00
 2.93015e+17	1.00e+00	3.28e-14	0.00e+00
 2.93358e+17	1.00e+00	3.19e-14	0.00e+00
 2.93720e+17	1.00e+00	3.10e-14	0.00e+00
 2.94101e+17	1.00e+00	3.01e-14	0.00e+00
 2.94493e+17	1.00e+00	2.92e-14	0.00e+00
 2.94887e+17	1.00e+00	2.82e-14	0.00e+00
 2.95287e+17	1.00e+00	2.73e-14	0.00e+00
 2.95694e+17	1.00e+00	2.63e-14	0.00e+00
 2.96116e+17	1.00e+00	2.54e-14	0.00e+00
 2.96553e+17	1.00e+00	2.44e-14	0.00e+00
 2.96995e+17	1.00e+00	2.34e-14	0.00e+00
 2.97437e+17	1.00e+00	2.25e-14	0.00e+00
 2.97906e+17	1.00e+00	2.16e-14	0.00e+00
 2.98403e+17	1.00e+00	2.05e-14	0.00e+00
 2.98889e+17	1.00e+00	1.95e-14	0.00e+00
 2.99370e+17	1.00e+00	1.86e-14	0.00e+00
 2.99872e+17	1.00e+00	1.77e-14	0.00e+00
 3.00409e+17	1.00e+00	1.68e-14	0.00e+00
 3.00979e+17	1.00e+00	1.58e-14	0.00e+00
 3.01562e+17	1.00e+00	1.48e-14	0.00e+00
 3.02138e+17	1.00e+00	1.39e-14	0.00e+00
 3.02716e+17	1.00e+00	1.30e-14	0.00e+00
 3.03324e+17	1.00e+00	1.22e-14	0.00e+00
 3.03973e+17	1.00e+00	1.13e-14	0.00e+00
 3.04628e+17	1.00e+00	1.05e-14	0.00e+00
 3.05223e+17	1.00e+00	9.68e-15	0.00e+00
 3.05733e+17	1.00e+00	9.04e-15	0.00e+00
 3.06184e+17	1.00e+00	8.53e-15	0.00e+00
 3.06617e+17	1.00e+00	8.07e-15	0.00e+00
 3.07052e+17	1.00e+00	7.63e-15	0.00e+00
 3.07479e+17	1.00e+00	7.21e-15	0.00e+00
 3.07880e+17	1.00e+00	6.83e-15	0.00e+00
 3.08253e+17	1.00e+00	6.48e-15	0.00e+00
 3.08605e+17	1.00e+00	6.17e-15	0.00e+00
 3.08946e+17	1.00e+00	5.87e-15	0.00e+00
 3.09280e+17	1.00e+00	5.60e-15	0.00e+00
 3.09602e+17	1.00e+00	5.34e-15	0.00e+00
 3.09909e+17	1.00e+00	5.09e-15	0.00e+00
 3.10201e+17	1.00e+00	4.87e-15	0.00e+00
 3.10481e+17	1.00e+00	4.66e-15	0.00e+00
 3.10751e+17	1.00e+00	4.46e-15	0.00e+00
 3.11012e+17	1.00e+00	4.27e-15	0.00e+00
 3.11265e+17	1.00e+00	4.10e-15	0.00e+00
 3.11507e+17	1.00e+00	3.93e-15	0.00e+00
 3.11738e+17	1.00e+00	3.78e-15	0.00e+00
 3.11961e+17	1.00e+00	3.64e-15	0.00e+00
 3.12178e+17	1.00e+00	3.50e-15	0.00e+00
 3.12391e+17	1.00e+00	3.37e-15	0.00e+00
 3.12598e+17	1.00e+00	3.25e-15	0.00e+00
 3.12799e+17	1.00e+00	3.14e-15	0.00e+00
 3.12993e+17	1.00e+00	3.03e-15	0.00e+00
 3.13182e+17	1.00e+00	2.93e-15	0.00e+00
 3.13368e+17	1.00e+00	2.83e-15	0.00e+00
 3.13549e+17	1.00e+00	2.73e-15	0.00e+00
 3.13726e+17	1.00e+00	2.64e-15	0.00e+00
 3.13928e+17	1.00e+00	2.56e-15	0.00e+00
 3.14191e+17	1.00e+00	2.45e-15	0.00e+00
 3.14532e+17	1.00e+00	2.32e-15	0.00e+00
 3.14976e+17	1.00e+00	2.15e-15	0.00e+00
 3.15553e+17	1.00e+00	1.95e-15	0.00e+00
 3.16302e+17	1.00e+00	1.71e-15	0.00e+00
 3.17140e+17	1.00e+00	1.45e-15	0.00e+00
 3.17885e+17	1.00e+00	1.23e-15	0.00e+00
 3.18481e+17	1.00e+00	1.07e-15	0.00e+00
 3.18992e+17	1.00e+00	9.64e-16	0.00e+00
 3.19509e+17	1.00e+00	8.71e-16	0.00e+00
 3.20079e+17	1.00e+00	7.81e-16	0.00e+00
 3.20682e+17	1.00e+00	6.90e-16	0.00e+00
 3.21274e+17	1.00e+00	6.09e-16	0.00e+00
 3.21836e+17	1.00e+00	5.41e-16	0.00e+00
 3.22388e+17	1.00e+00	4.83e-16	0.00e+00
 3.22961e+17	1.00e+00	4.31e-16	0.00e+00
 3.23567e+17	1.00e+00	3.82e-16	0.00e+00
 3.24202e+17	1.00e+00	3.36e-16	0.00e+00
 3.24858e+17	1.00e+00	2.94e-16	0.00e+00
 3.25540e+17	1.00e+00	2.56e-16	0.00e+00
 3.26271e+17	1.00e+00	2.22e-16	0.00e+00
 3.27086e+17	1.00e+00	1.89e-16	0.00e+00
 3.28021e+17	1.00e+00	1.59e-16	0.00e+00
 3.29130e+17	1.00e+00	1.29e-16	0.00e+00
 3.30523e+17	1.00e+00	1.01e-16	0.00e+00
 3.32330e+17	1.00e+00	7.31e-17	0.00e+00
 3.34680e+17	1.00e+00	4.83e-17	0.00e+00
 3.37734e+17	1.00e+00	2.85e-17	0.00e+00
 3.41704e+17	1.00e+00	1.46e-17	0.00e+00
 3.46865e+17	1.00e+00	6.25e-18	0.00e+00
 3.53575e+17	1.00e+00	2.32e-18	0.00e+00
 3.62297e+17	1.00e+00	7.53e-19	0.00e+00
 3.73637e+17	1.00e+00	2.43e-19	0.00e+00
 3.87647e+17	1.00e+00	7.72e-20	0.00e+00
 4.03153e+17	1.00e+00	2.49e-20	0.00e+00
 4.17937e+17	1.00e+00	9.14e-21	0.00e+00
 4.30346e+17	1.00e+00	4.18e-21	0.00e+00
 4.40734e+17	1.00e+00	2.24e-21	0.00e+00
 4.51903e+17	1.00e+00	1.16e-21	0.00e+00
 4.64145e+17	1.00e+00	5.71e-22	0.00e+00
 4.74452e+17	1.00e+00	3.20e-22	0.00e+00
 4.82180e+17	1.00e+00	2.10e-22	0.00e+00
 4.88810e+17	1.00e+00	1.46e-22	0.00e+00
 4.96359e+17	1.00e+00	9.64e-23	0.00e+00
 5.05014e+17	1.00e+00	6.11e-23	0.00e+00
 5.13049e+17	1.00e+00	4.08e-23	0.00e+00
 5.19781e+17	1.00e+00	2.94e-23	0.00e+00
 5.26878e+17	1.00e+00	2.10e-23	0.00e+00
