#depth	O	O+	O+2	O+3	O+4	O+5	O+6	O+7	O+8	O[1]	O[2]	O[3]
 1.49634e+10	0.00e+00	0.00e+00	4.40e-33	5.30e-24	9.35e-16	2.21e-08	1.00e+00	0.00e+00	0.00e+00	0.00e+00	0.00e+00	0.00e+00
 4.54887e+10	0.00e+00	6.69e-43	6.07e-33	6.74e-24	1.10e-15	2.40e-08	1.00e+00	3.24e-07	0.00e+00	0.00e+00	0.00e+00	0.00e+00
 7.72350e+10	0.00e+00	0.00e+00	8.36e-33	8.58e-24	1.29e-15	2.60e-08	1.00e+00	0.00e+00	0.00e+00	0.00e+00	0.00e+00	0.00e+00
 1.10251e+11	0.00e+00	1.49e-42	1.15e-32	1.09e-23	1.52e-15	2.82e-08	1.00e+00	0.00e+00	0.00e+00	0.00e+00	0.00e+00	0.00e+00
 1.44588e+11	0.00e+00	0.00e+00	1.59e-32	1.39e-23	1.79e-15	3.06e-08	1.00e+00	0.00e+00	0.00e+00	0.00e+00	0.00e+00	0.00e+00
 1.80298e+11	0.00e+00	3.33e-42	2.20e-32	1.78e-23	2.11e-15	3.32e-08	1.00e+00	0.00e+00	0.00e+00	0.00e+00	0.00e+00	0.00e+00
 2.17437e+11	0.00e+00	0.00e+00	3.03e-32	2.27e-23	2.48e-15	3.61e-08	1.00e+00	0.00e+00	0.00e+00	0.00e+00	0.00e+00	0.00e+00
 2.56061e+11	0.00e+00	7.45e-42	4.19e-32	2.89e-23	2.92e-15	3.92e-08	1.00e+00	0.00e+00	0.00e+00	0.00e+00	0.00e+00	0.00e+00
 2.92320e+11	0.00e+00	0.00e+00	5.61e-32	3.61e-23	3.39e-15	4.22e-08	1.00e+00	0.00e+00	0.00e+00	0.00e+00	0.00e+00	0.00e+00
 3.24643e+11	0.00e+00	1.47e-41	7.23e-32	4.36e-23	3.85e-15	4.50e-08	1.00e+00	0.00e+00	0.00e+00	0.00e+00	0.00e+00	0.00e+00
 3.60877e+11	0.00e+00	0.00e+00	9.52e-32	5.38e-23	4.43e-15	4.83e-08	1.00e+00	0.00e+00	0.00e+00	0.00e+00	0.00e+00	0.00e+00
 4.03948e+11	0.00e+00	3.07e-41	1.31e-31	6.83e-23	5.21e-15	5.24e-08	1.00e+00	0.00e+00	0.00e+00	0.00e+00	0.00e+00	0.00e+00
 4.47108e+11	0.00e+00	0.00e+00	1.77e-31	8.60e-23	6.08e-15	5.67e-08	1.00e+00	0.00e+00	0.00e+00	0.00e+00	0.00e+00	0.00e+00
 4.87464e+11	0.00e+00	6.34e-41	2.34e-31	1.06e-22	7.00e-15	6.09e-08	1.00e+00	0.00e+00	0.00e+00	0.00e+00	0.00e+00	0.00e+00
 5.32360e+11	0.00e+00	0.00e+00	3.15e-31	1.33e-22	8.15e-15	6.57e-08	1.00e+00	0.00e+00	0.00e+00	0.00e+00	0.00e+00	0.00e+00
 5.83581e+11	0.00e+00	1.38e-40	4.37e-31	1.70e-22	9.64e-15	7.15e-08	1.00e+00	0.00e+00	0.00e+00	0.00e+00	0.00e+00	0.00e+00
 6.34381e+11	0.00e+00	0.00e+00	5.98e-31	2.16e-22	1.13e-14	7.76e-08	1.00e+00	0.00e+00	0.00e+00	0.00e+00	0.00e+00	0.00e+00
 6.87213e+11	0.00e+00	3.01e-40	8.18e-31	2.74e-22	1.33e-14	8.42e-08	1.00e+00	0.00e+00	0.00e+00	0.00e+00	0.00e+00	0.00e+00
 7.44629e+11	0.00e+00	0.00e+00	1.14e-30	3.51e-22	1.58e-14	9.17e-08	1.00e+00	0.00e+00	0.00e+00	0.00e+00	0.00e+00	0.00e+00
 8.03076e+11	0.00e+00	6.78e-40	1.57e-30	4.49e-22	1.86e-14	9.98e-08	1.00e+00	0.00e+00	0.00e+00	0.00e+00	0.00e+00	0.00e+00
 8.57471e+11	0.00e+00	0.00e+00	2.10e-30	5.60e-22	2.16e-14	1.08e-07	1.00e+00	0.00e+00	0.00e+00	0.00e+00	0.00e+00	0.00e+00
 9.07561e+11	0.00e+00	1.34e-39	2.72e-30	6.81e-22	2.47e-14	1.15e-07	1.00e+00	0.00e+00	0.00e+00	0.00e+00	0.00e+00	0.00e+00
 9.64763e+11	0.00e+00	0.00e+00	3.63e-30	8.48e-22	2.87e-14	1.24e-07	1.00e+00	0.00e+00	0.00e+00	0.00e+00	0.00e+00	0.00e+00
 1.03200e+12	0.00e+00	2.87e-39	5.02e-30	1.09e-21	3.39e-14	1.35e-07	1.00e+00	0.00e+00	0.00e+00	0.00e+00	0.00e+00	0.00e+00
 1.09868e+12	0.00e+00	0.00e+00	6.87e-30	1.38e-21	3.99e-14	1.47e-07	1.00e+00	0.00e+00	0.00e+00	0.00e+00	0.00e+00	0.00e+00
 1.16083e+12	0.00e+00	5.99e-39	9.10e-30	1.71e-21	4.62e-14	1.59e-07	1.00e+00	0.00e+00	0.00e+00	0.00e+00	0.00e+00	0.00e+00
 1.22999e+12	0.00e+00	0.00e+00	1.23e-29	2.15e-21	5.41e-14	1.72e-07	1.00e+00	0.00e+00	0.00e+00	0.00e+00	0.00e+00	0.00e+00
 1.30911e+12	0.00e+00	1.32e-38	1.72e-29	2.78e-21	6.45e-14	1.88e-07	1.00e+00	0.00e+00	0.00e+00	0.00e+00	0.00e+00	0.00e+00
 1.38681e+12	0.00e+00	0.00e+00	2.36e-29	3.54e-21	7.62e-14	2.05e-07	1.00e+00	0.00e+00	0.00e+00	0.00e+00	0.00e+00	0.00e+00
 1.46761e+12	0.00e+00	2.88e-38	3.24e-29	4.51e-21	9.00e-14	2.23e-07	1.00e+00	0.00e+00	0.00e+00	0.00e+00	0.00e+00	0.00e+00
 1.55624e+12	0.00e+00	0.00e+00	4.52e-29	5.82e-21	1.07e-13	2.44e-07	1.00e+00	0.00e+00	0.00e+00	0.00e+00	0.00e+00	0.00e+00
 1.64539e+12	0.00e+00	6.49e-38	6.25e-29	7.47e-21	1.28e-13	2.67e-07	1.00e+00	0.00e+00	0.00e+00	0.00e+00	0.00e+00	0.00e+00
 1.73810e+12	0.00e+00	0.00e+00	8.65e-29	9.59e-21	1.52e-13	2.91e-07	1.00e+00	0.00e+00	0.00e+00	0.00e+00	0.00e+00	0.00e+00
 1.83755e+12	0.00e+00	1.46e-37	1.21e-28	1.24e-20	1.81e-13	3.20e-07	1.00e+00	0.00e+00	0.00e+00	0.00e+00	0.00e+00	0.00e+00
 1.93625e+12	0.00e+00	0.00e+00	1.67e-28	1.59e-20	2.15e-13	3.49e-07	1.00e+00	0.00e+00	0.00e+00	0.00e+00	0.00e+00	0.00e+00
 2.03890e+12	0.00e+00	3.21e-37	2.29e-28	2.03e-20	2.56e-13	3.82e-07	1.00e+00	0.00e+00	0.00e+00	0.00e+00	0.00e+00	0.00e+00
 2.15038e+12	0.00e+00	0.00e+00	3.20e-28	2.63e-20	3.07e-13	4.20e-07	1.00e+00	0.00e+00	0.00e+00	0.00e+00	0.00e+00	0.00e+00
 2.26632e+12	0.00e+00	7.27e-37	4.47e-28	3.41e-20	3.68e-13	4.61e-07	1.00e+00	0.00e+00	0.00e+00	0.00e+00	0.00e+00	0.00e+00
 2.38690e+12	0.00e+00	0.00e+00	6.24e-28	4.42e-20	4.41e-13	5.07e-07	1.00e+00	0.00e+00	0.00e+00	0.00e+00	0.00e+00	0.00e+00
 2.51230e+12	0.00e+00	1.64e-36	8.69e-28	5.72e-20	5.30e-13	5.58e-07	1.00e+00	0.00e+00	0.00e+00	0.00e+00	0.00e+00	0.00e+00
 2.64272e+12	7.98e-46	2.45e-36	1.21e-27	7.40e-20	6.36e-13	6.14e-07	1.00e+00	0.00e+00	0.00e+00	0.00e+00	0.00e+00	0.00e+00
 2.76096e+12	0.00e+00	0.00e+00	1.61e-27	9.27e-20	7.46e-13	6.68e-07	1.00e+00	0.00e+00	0.00e+00	0.00e+00	0.00e+00	0.00e+00
 2.85994e+12	0.00e+00	4.62e-36	2.04e-27	1.11e-19	8.50e-13	7.16e-07	1.00e+00	0.00e+00	0.00e+00	0.00e+00	0.00e+00	0.00e+00
 2.96857e+12	2.44e-45	6.25e-36	2.61e-27	1.35e-19	9.76e-13	7.70e-07	1.00e+00	0.00e+00	0.00e+00	0.00e+00	0.00e+00	0.00e+00
 3.10553e+12	0.00e+00	0.00e+00	3.53e-27	1.71e-19	1.16e-12	8.43e-07	1.00e+00	0.00e+00	0.00e+00	0.00e+00	0.00e+00	0.00e+00
 3.24809e+12	0.00e+00	1.29e-35	4.77e-27	2.17e-19	1.37e-12	9.22e-07	1.00e+00	0.00e+00	0.00e+00	0.00e+00	0.00e+00	0.00e+00
 3.37030e+12	8.29e-45	1.75e-35	6.11e-27	2.64e-19	1.58e-12	9.94e-07	1.00e+00	0.00e+00	0.00e+00	0.00e+00	0.00e+00	0.00e+00
 3.49732e+12	0.00e+00	0.00e+00	7.84e-27	3.21e-19	1.81e-12	1.07e-06	1.00e+00	0.00e+00	0.00e+00	0.00e+00	0.00e+00	0.00e+00
 3.65546e+12	0.00e+00	3.38e-35	1.06e-26	4.06e-19	2.15e-12	1.17e-06	1.00e+00	0.00e+00	0.00e+00	0.00e+00	0.00e+00	0.00e+00
 3.81561e+12	2.75e-44	4.79e-35	1.41e-26	5.11e-19	2.54e-12	1.28e-06	1.00e+00	0.00e+00	0.00e+00	0.00e+00	0.00e+00	0.00e+00
 3.95523e+12	0.00e+00	6.41e-35	1.80e-26	6.20e-19	2.92e-12	1.38e-06	1.00e+00	0.00e+00	0.00e+00	0.00e+00	0.00e+00	0.00e+00
 4.10657e+12	5.57e-44	8.70e-35	2.32e-26	7.58e-19	3.38e-12	1.50e-06	1.00e+00	0.00e+00	0.00e+00	0.00e+00	0.00e+00	0.00e+00
 4.29092e+12	0.00e+00	1.24e-34	3.12e-26	9.60e-19	4.00e-12	1.64e-06	1.00e+00	0.00e+00	0.00e+00	0.00e+00	0.00e+00	0.00e+00
 4.47855e+12	1.28e-43	1.76e-34	4.17e-26	1.21e-18	4.73e-12	1.80e-06	1.00e+00	0.00e+00	0.00e+00	0.00e+00	0.00e+00	0.00e+00
 4.65068e+12	0.00e+00	2.39e-34	5.38e-26	1.48e-18	5.48e-12	1.95e-06	1.00e+00	0.00e+00	0.00e+00	0.00e+00	0.00e+00	0.00e+00
 4.84228e+12	2.71e-43	3.31e-34	7.08e-26	1.84e-18	6.42e-12	2.12e-06	1.00e+00	0.00e+00	0.00e+00	0.00e+00	0.00e+00	0.00e+00
 5.06456e+12	0.00e+00	4.77e-34	9.60e-26	2.35e-18	7.65e-12	2.33e-06	1.00e+00	0.00e+00	0.00e+00	0.00e+00	0.00e+00	0.00e+00
 5.28391e+12	6.24e-43	6.73e-34	1.28e-25	2.96e-18	9.03e-12	2.55e-06	1.00e+00	0.00e+00	0.00e+00	0.00e+00	0.00e+00	0.00e+00
 5.49393e+12	0.00e+00	9.23e-34	1.67e-25	3.65e-18	1.05e-11	2.77e-06	1.00e+00	0.00e+00	0.00e+00	0.00e+00	0.00e+00	0.00e+00
 5.72550e+12	1.35e-42	1.29e-33	2.21e-25	4.57e-18	1.23e-11	3.02e-06	1.00e+00	0.00e+00	0.00e+00	0.00e+00	0.00e+00	0.00e+00
 5.98445e+12	0.00e+00	1.85e-33	2.99e-25	5.81e-18	1.47e-11	3.32e-06	1.00e+00	0.00e+00	0.00e+00	0.00e+00	0.00e+00	0.00e+00
 6.21981e+12	2.98e-42	2.53e-33	3.89e-25	7.17e-18	1.71e-11	3.61e-06	1.00e+00	0.00e+00	0.00e+00	0.00e+00	0.00e+00	0.00e+00
 6.41782e+12	0.00e+00	3.28e-33	4.82e-25	8.50e-18	1.93e-11	3.86e-06	1.00e+00	0.00e+00	0.00e+00	0.00e+00	0.00e+00	0.00e+00
 6.63553e+12	5.56e-42	4.31e-33	6.05e-25	1.02e-17	2.19e-11	4.14e-06	1.00e+00	0.00e+00	0.00e+00	0.00e+00	0.00e+00	0.00e+00
 6.88128e+12	0.00e+00	5.80e-33	7.77e-25	1.24e-17	2.53e-11	4.47e-06	1.00e+00	0.00e+00	0.00e+00	0.00e+00	0.00e+00	0.00e+00
 7.11655e+12	1.09e-41	7.64e-33	9.79e-25	1.50e-17	2.88e-11	4.80e-06	1.00e+00	0.00e+00	0.00e+00	0.00e+00	0.00e+00	0.00e+00
 7.37548e+12	0.00e+00	1.03e-32	1.25e-24	1.82e-17	3.31e-11	5.18e-06	1.00e+00	0.00e+00	0.00e+00	0.00e+00	0.00e+00	0.00e+00
 7.66310e+12	2.24e-41	1.41e-32	1.63e-24	2.24e-17	3.84e-11	5.61e-06	1.00e+00	0.00e+00	0.00e+00	0.00e+00	0.00e+00	0.00e+00
 7.93263e+12	0.00e+00	1.87e-32	2.07e-24	2.71e-17	4.40e-11	6.04e-06	1.00e+00	0.00e+00	0.00e+00	0.00e+00	0.00e+00	0.00e+00
 8.22763e+12	4.49e-41	2.54e-32	2.67e-24	3.32e-17	5.07e-11	6.52e-06	1.00e+00	0.00e+00	0.00e+00	0.00e+00	0.00e+00	0.00e+00
 8.55938e+12	0.00e+00	3.53e-32	3.51e-24	4.13e-17	5.91e-11	7.09e-06	1.00e+00	0.00e+00	0.00e+00	0.00e+00	0.00e+00	0.00e+00
 8.87628e+12	9.44e-41	4.78e-32	4.53e-24	5.04e-17	6.81e-11	7.65e-06	1.00e+00	0.00e+00	0.00e+00	0.00e+00	0.00e+00	0.00e+00
 9.22369e+12	0.00e+00	6.60e-32	5.92e-24	6.24e-17	7.90e-11	8.30e-06	1.00e+00	0.00e+00	0.00e+00	0.00e+00	0.00e+00	0.00e+00
 9.59184e+12	2.03e-40	9.17e-32	7.79e-24	7.75e-17	9.20e-11	9.01e-06	1.00e+00	0.00e+00	0.00e+00	0.00e+00	0.00e+00	0.00e+00
 9.91399e+12	0.00e+00	1.21e-31	9.82e-24	9.31e-17	1.05e-10	9.66e-06	1.00e+00	0.00e+00	0.00e+00	0.00e+00	0.00e+00	0.00e+00
 1.02579e+13	3.96e-40	1.62e-31	1.25e-23	1.13e-16	1.19e-10	1.04e-05	1.00e+00	0.00e+00	0.00e+00	0.00e+00	0.00e+00	0.00e+00
 1.06763e+13	0.00e+00	2.27e-31	1.66e-23	1.41e-16	1.40e-10	1.13e-05	1.00e+00	0.00e+00	0.00e+00	0.00e+00	0.00e+00	0.00e+00
 1.10930e+13	8.66e-40	3.15e-31	2.18e-23	1.74e-16	1.62e-10	1.22e-05	1.00e+00	0.00e+00	0.00e+00	0.00e+00	0.00e+00	0.00e+00
 1.14607e+13	0.00e+00	4.17e-31	2.74e-23	2.09e-16	1.84e-10	1.31e-05	1.00e+00	0.00e+00	0.00e+00	0.00e+00	0.00e+00	0.00e+00
 1.18631e+13	1.71e-39	5.61e-31	3.51e-23	2.54e-16	2.10e-10	1.41e-05	1.00e+00	0.00e+00	0.00e+00	0.00e+00	0.00e+00	0.00e+00
 1.23474e+13	0.00e+00	7.91e-31	4.67e-23	3.18e-16	2.46e-10	1.53e-05	1.00e+00	0.00e+00	0.00e+00	0.00e+00	0.00e+00	0.00e+00
 1.28319e+13	3.78e-39	1.10e-30	6.15e-23	3.95e-16	2.85e-10	1.66e-05	1.00e+00	0.00e+00	0.00e+00	0.00e+00	0.00e+00	0.00e+00
 1.32726e+13	0.00e+00	1.48e-30	7.85e-23	4.78e-16	3.25e-10	1.78e-05	1.00e+00	0.00e+00	0.00e+00	0.00e+00	0.00e+00	0.00e+00
 1.37624e+13	7.77e-39	2.03e-30	1.02e-22	5.86e-16	3.75e-10	1.92e-05	1.00e+00	0.00e+00	0.00e+00	0.00e+00	0.00e+00	0.00e+00
 1.43350e+13	0.00e+00	2.90e-30	1.37e-22	7.38e-16	4.39e-10	2.09e-05	1.00e+00	0.00e+00	0.00e+00	0.00e+00	0.00e+00	0.00e+00
 1.49001e+13	1.76e-38	4.06e-30	1.81e-22	9.19e-16	5.11e-10	2.26e-05	1.00e+00	0.00e+00	0.00e+00	0.00e+00	0.00e+00	0.00e+00
 1.54342e+13	0.00e+00	5.54e-30	2.34e-22	1.12e-15	5.86e-10	2.44e-05	1.00e+00	0.00e+00	0.00e+00	0.00e+00	0.00e+00	0.00e+00
 1.60278e+13	3.76e-38	7.75e-30	3.09e-22	1.39e-15	6.78e-10	2.63e-05	1.00e+00	0.00e+00	0.00e+00	0.00e+00	0.00e+00	0.00e+00
 1.66988e+13	0.00e+00	1.11e-29	4.17e-22	1.76e-15	7.96e-10	2.87e-05	1.00e+00	0.00e+00	0.00e+00	0.00e+00	0.00e+00	0.00e+00
 1.73731e+13	8.78e-38	1.59e-29	5.57e-22	2.20e-15	9.29e-10	3.11e-05	1.00e+00	0.00e+00	0.00e+00	0.00e+00	0.00e+00	0.00e+00
 1.80743e+13	0.00e+00	2.26e-29	7.46e-22	2.76e-15	1.08e-09	3.38e-05	1.00e+00	0.00e+00	0.00e+00	0.00e+00	0.00e+00	0.00e+00
 1.88272e+13	2.06e-37	3.27e-29	1.01e-21	3.49e-15	1.27e-09	3.67e-05	1.00e+00	0.00e+00	0.00e+00	0.00e+00	0.00e+00	0.00e+00
 1.96102e+13	0.00e+00	4.72e-29	1.37e-21	4.41e-15	1.49e-09	3.99e-05	1.00e+00	0.00e+00	0.00e+00	0.00e+00	0.00e+00	0.00e+00
 2.03811e+13	4.82e-37	6.70e-29	1.82e-21	5.51e-15	1.73e-09	4.32e-05	1.00e+00	0.00e+00	0.00e+00	0.00e+00	0.00e+00	0.00e+00
 2.10983e+13	0.00e+00	9.18e-29	2.35e-21	6.72e-15	1.98e-09	4.64e-05	1.00e+00	0.00e+00	0.00e+00	0.00e+00	0.00e+00	0.00e+00
 2.17457e+13	9.70e-37	1.21e-28	2.95e-21	8.00e-15	2.23e-09	4.93e-05	1.00e+00	0.00e+00	0.00e+00	0.00e+00	0.00e+00	0.00e+00
 2.24399e+13	0.00e+00	1.62e-28	3.74e-21	9.59e-15	2.52e-09	5.26e-05	1.00e+00	0.00e+00	0.00e+00	0.00e+00	0.00e+00	0.00e+00
 2.33038e+13	2.06e-36	2.29e-28	4.97e-21	1.19e-14	2.92e-09	5.68e-05	1.00e+00	0.00e+00	0.00e+00	0.00e+00	0.00e+00	0.00e+00
 2.41700e+13	0.00e+00	3.21e-28	6.54e-21	1.47e-14	3.37e-09	6.12e-05	1.00e+00	0.00e+00	0.00e+00	0.00e+00	0.00e+00	0.00e+00
 2.49150e+13	4.30e-36	4.25e-28	8.23e-21	1.76e-14	3.80e-09	6.51e-05	1.00e+00	0.00e+00	0.00e+00	0.00e+00	0.00e+00	0.00e+00
 2.57210e+13	0.00e+00	5.73e-28	1.05e-20	2.11e-14	4.30e-09	6.94e-05	1.00e+00	0.00e+00	0.00e+00	0.00e+00	0.00e+00	0.00e+00
 2.67151e+13	9.34e-36	8.16e-28	1.40e-20	2.64e-14	4.99e-09	7.50e-05	1.00e+00	0.00e+00	0.00e+00	0.00e+00	0.00e+00	0.00e+00
 2.77085e+13	0.00e+00	1.15e-27	1.85e-20	3.26e-14	5.76e-09	8.07e-05	1.00e+00	0.00e+00	0.00e+00	0.00e+00	0.00e+00	0.00e+00
 2.85666e+13	1.98e-35	1.53e-27	2.33e-20	3.89e-14	6.49e-09	8.58e-05	1.00e+00	0.00e+00	0.00e+00	0.00e+00	0.00e+00	0.00e+00
 2.94939e+13	0.00e+00	2.08e-27	2.98e-20	4.69e-14	7.35e-09	9.15e-05	1.00e+00	0.00e+00	0.00e+00	0.00e+00	0.00e+00	0.00e+00
 3.06333e+13	4.35e-35	2.97e-27	3.98e-20	5.85e-14	8.53e-09	9.87e-05	1.00e+00	0.00e+00	0.00e+00	0.00e+00	0.00e+00	0.00e+00
 3.17831e+13	6.60e-35	4.21e-27	5.28e-20	7.25e-14	9.86e-09	1.06e-04	1.00e+00	0.00e+00	0.00e+00	0.00e+00	0.00e+00	0.00e+00
 3.28023e+13	9.47e-35	5.70e-27	6.74e-20	8.72e-14	1.12e-08	1.13e-04	1.00e+00	0.00e+00	0.00e+00	0.00e+00	0.00e+00	0.00e+00
 3.39173e+13	1.39e-34	7.85e-27	8.73e-20	1.06e-13	1.27e-08	1.21e-04	1.00e+00	0.00e+00	0.00e+00	0.00e+00	0.00e+00	0.00e+00
 3.52534e+13	2.16e-34	1.14e-26	1.18e-19	1.33e-13	1.48e-08	1.31e-04	1.00e+00	0.00e+00	0.00e+00	0.00e+00	0.00e+00	0.00e+00
 3.65842e+13	3.30e-34	1.62e-26	1.57e-19	1.65e-13	1.71e-08	1.41e-04	1.00e+00	0.00e+00	0.00e+00	0.00e+00	0.00e+00	0.00e+00
 3.77973e+13	4.81e-34	2.22e-26	2.02e-19	2.00e-13	1.95e-08	1.50e-04	1.00e+00	0.00e+00	0.00e+00	0.00e+00	0.00e+00	0.00e+00
 3.91500e+13	7.22e-34	3.12e-26	2.66e-19	2.46e-13	2.23e-08	1.61e-04	1.00e+00	0.00e+00	0.00e+00	0.00e+00	0.00e+00	0.00e+00
 4.07278e+13	1.14e-33	4.57e-26	3.61e-19	3.10e-13	2.61e-08	1.74e-04	1.00e+00	0.00e+00	0.00e+00	0.00e+00	0.00e+00	0.00e+00
 4.22824e+13	1.76e-33	6.58e-26	4.84e-19	3.87e-13	3.02e-08	1.88e-04	1.00e+00	0.00e+00	0.00e+00	0.00e+00	0.00e+00	0.00e+00
 4.37548e+13	2.62e-33	9.17e-26	6.32e-19	4.73e-13	3.46e-08	2.01e-04	1.00e+00	0.00e+00	0.00e+00	0.00e+00	0.00e+00	0.00e+00
 4.53906e+13	4.02e-33	1.31e-25	8.42e-19	5.88e-13	4.00e-08	2.16e-04	1.00e+00	0.00e+00	0.00e+00	0.00e+00	0.00e+00	0.00e+00
 4.72362e+13	6.38e-33	1.93e-25	1.15e-18	7.43e-13	4.68e-08	2.34e-04	1.00e+00	0.00e+00	0.00e+00	0.00e+00	0.00e+00	0.00e+00
 4.90916e+13	1.00e-32	2.81e-25	1.55e-18	9.33e-13	5.44e-08	2.53e-04	1.00e+00	0.00e+00	0.00e+00	0.00e+00	0.00e+00	0.00e+00
 5.10212e+13	1.57e-32	4.09e-25	2.10e-18	1.17e-12	6.34e-08	2.73e-04	1.00e+00	0.00e+00	0.00e+00	0.00e+00	0.00e+00	0.00e+00
 5.30919e+13	2.49e-32	6.03e-25	2.87e-18	1.48e-12	7.41e-08	2.95e-04	1.00e+00	0.00e+00	0.00e+00	0.00e+00	0.00e+00	0.00e+00
 5.50986e+13	3.84e-32	8.65e-25	3.83e-18	1.84e-12	8.58e-08	3.18e-04	1.00e+00	0.00e+00	0.00e+00	0.00e+00	0.00e+00	0.00e+00
 5.69879e+13	5.70e-32	1.20e-24	4.99e-18	2.25e-12	9.80e-08	3.40e-04	1.00e+00	0.00e+00	0.00e+00	0.00e+00	0.00e+00	0.00e+00
 5.90998e+13	8.70e-32	1.71e-24	6.64e-18	2.79e-12	1.13e-07	3.65e-04	1.00e+00	0.00e+00	0.00e+00	0.00e+00	0.00e+00	0.00e+00
 6.12276e+13	1.31e-31	2.41e-24	8.76e-18	3.44e-12	1.30e-07	3.92e-04	1.00e+00	0.00e+00	0.00e+00	0.00e+00	0.00e+00	0.00e+00
 6.29969e+13	1.83e-31	3.19e-24	1.09e-17	4.07e-12	1.46e-07	4.15e-04	1.00e+00	0.00e+00	0.00e+00	0.00e+00	0.00e+00	0.00e+00
 6.48717e+13	2.57e-31	4.24e-24	1.38e-17	4.84e-12	1.64e-07	4.40e-04	1.00e+00	0.00e+00	0.00e+00	0.00e+00	0.00e+00	0.00e+00
 6.72649e+13	3.91e-31	6.02e-24	1.83e-17	6.00e-12	1.89e-07	4.74e-04	1.00e+00	0.00e+00	0.00e+00	0.00e+00	0.00e+00	0.00e+00
 6.97738e+13	6.03e-31	8.67e-24	2.46e-17	7.45e-12	2.18e-07	5.10e-04	9.99e-01	0.00e+00	0.00e+00	0.00e+00	0.00e+00	0.00e+00
 7.19963e+13	8.59e-31	1.16e-23	3.11e-17	8.96e-12	2.47e-07	5.43e-04	9.99e-01	0.00e+00	0.00e+00	0.00e+00	0.00e+00	0.00e+00
 7.44048e+13	1.26e-30	1.60e-23	4.02e-17	1.09e-11	2.81e-07	5.80e-04	9.99e-01	0.00e+00	0.00e+00	0.00e+00	0.00e+00	0.00e+00
 7.72964e+13	1.95e-30	2.31e-23	5.42e-17	1.36e-11	3.27e-07	6.27e-04	9.99e-01	0.00e+00	0.00e+00	0.00e+00	0.00e+00	0.00e+00
 8.02243e+13	2.98e-30	3.31e-23	7.24e-17	1.70e-11	3.79e-07	6.76e-04	9.99e-01	0.00e+00	0.00e+00	0.00e+00	0.00e+00	0.00e+00
 8.29716e+13	4.40e-30	4.58e-23	9.42e-17	2.08e-11	4.34e-07	7.24e-04	9.99e-01	0.00e+00	0.00e+00	0.00e+00	0.00e+00	0.00e+00
 8.56231e+13	6.31e-30	6.20e-23	1.20e-16	2.50e-11	4.91e-07	7.72e-04	9.99e-01	0.00e+00	0.00e+00	0.00e+00	0.00e+00	0.00e+00
 8.86170e+13	9.33e-30	8.62e-23	1.57e-16	3.06e-11	5.63e-07	8.28e-04	9.99e-01	0.00e+00	0.00e+00	0.00e+00	0.00e+00	0.00e+00
 9.19191e+13	1.42e-29	1.23e-22	2.09e-16	3.81e-11	6.51e-07	8.92e-04	9.99e-01	0.00e+00	0.00e+00	0.00e+00	0.00e+00	0.00e+00
 9.49646e+13	2.06e-29	1.68e-22	2.69e-16	4.62e-11	7.41e-07	9.53e-04	9.99e-01	0.00e+00	0.00e+00	0.00e+00	0.00e+00	0.00e+00
 9.82666e+13	3.04e-29	2.33e-22	3.51e-16	5.65e-11	8.49e-07	1.02e-03	9.99e-01	0.00e+00	0.00e+00	0.00e+00	0.00e+00	0.00e+00
 1.01955e+14	4.62e-29	3.31e-22	4.68e-16	7.03e-11	9.83e-07	1.10e-03	9.99e-01	0.00e+00	0.00e+00	0.00e+00	0.00e+00	0.00e+00
 1.05422e+14	6.77e-29	4.56e-22	6.07e-16	8.57e-11	1.12e-06	1.18e-03	9.99e-01	0.00e+00	0.00e+00	0.00e+00	0.00e+00	0.00e+00
 1.09206e+14	1.01e-28	6.39e-22	7.98e-16	1.06e-10	1.29e-06	1.27e-03	9.99e-01	0.00e+00	0.00e+00	0.00e+00	0.00e+00	0.00e+00
 1.13408e+14	1.55e-28	9.17e-22	1.07e-15	1.32e-10	1.50e-06	1.37e-03	9.99e-01	0.00e+00	0.00e+00	0.00e+00	0.00e+00	0.00e+00
 1.17333e+14	2.29e-28	1.27e-21	1.40e-15	1.62e-10	1.72e-06	1.47e-03	9.99e-01	0.00e+00	0.00e+00	0.00e+00	0.00e+00	0.00e+00
 1.21592e+14	3.43e-28	1.79e-21	1.84e-15	2.00e-10	1.98e-06	1.58e-03	9.98e-01	0.00e+00	0.00e+00	0.00e+00	0.00e+00	0.00e+00
 1.26354e+14	5.30e-28	2.58e-21	2.48e-15	2.51e-10	2.31e-06	1.71e-03	9.98e-01	0.00e+00	0.00e+00	0.00e+00	0.00e+00	0.00e+00
 1.30886e+14	7.92e-28	3.62e-21	3.27e-15	3.09e-10	2.65e-06	1.84e-03	9.98e-01	0.00e+00	0.00e+00	0.00e+00	0.00e+00	0.00e+00
 1.35731e+14	1.20e-27	5.13e-21	4.33e-15	3.83e-10	3.07e-06	1.98e-03	9.98e-01	0.00e+00	0.00e+00	0.00e+00	0.00e+00	0.00e+00
 1.41190e+14	1.88e-27	7.48e-21	5.89e-15	4.85e-10	3.59e-06	2.15e-03	9.98e-01	0.00e+00	0.00e+00	0.00e+00	0.00e+00	0.00e+00
 1.46576e+14	2.87e-27	1.07e-20	7.89e-15	6.05e-10	4.16e-06	2.32e-03	9.98e-01	0.00e+00	0.00e+00	0.00e+00	0.00e+00	0.00e+00
 1.52177e+14	4.41e-27	1.54e-20	1.06e-14	7.56e-10	4.83e-06	2.50e-03	9.97e-01	0.00e+00	0.00e+00	0.00e+00	0.00e+00	0.00e+00
 1.57920e+14	6.74e-27	2.19e-20	1.41e-14	9.42e-10	5.60e-06	2.70e-03	9.97e-01	0.00e+00	0.00e+00	0.00e+00	0.00e+00	0.00e+00
 1.63244e+14	9.85e-27	3.02e-20	1.83e-14	1.15e-09	6.38e-06	2.89e-03	9.97e-01	0.00e+00	0.00e+00	0.00e+00	0.00e+00	0.00e+00
 1.69156e+14	1.48e-26	4.26e-20	2.41e-14	1.42e-09	7.35e-06	3.11e-03	9.97e-01	0.00e+00	0.00e+00	0.00e+00	0.00e+00	0.00e+00
 1.75648e+14	2.28e-26	6.12e-20	3.24e-14	1.77e-09	8.54e-06	3.36e-03	9.97e-01	0.00e+00	0.00e+00	0.00e+00	0.00e+00	0.00e+00
 1.81655e+14	3.36e-26	8.48e-20	4.22e-14	2.16e-09	9.76e-06	3.59e-03	9.96e-01	0.00e+00	0.00e+00	0.00e+00	0.00e+00	0.00e+00
 1.86929e+14	4.67e-26	1.12e-19	5.28e-14	2.56e-09	1.09e-05	3.81e-03	9.96e-01	0.00e+00	0.00e+00	0.00e+00	0.00e+00	0.00e+00
 1.92515e+14	6.56e-26	1.49e-19	6.65e-14	3.05e-09	1.23e-05	4.04e-03	9.96e-01	0.00e+00	0.00e+00	0.00e+00	0.00e+00	0.00e+00
 1.99601e+14	9.94e-26	2.11e-19	8.82e-14	3.79e-09	1.42e-05	4.35e-03	9.96e-01	0.00e+00	0.00e+00	0.00e+00	0.00e+00	0.00e+00
 2.06778e+14	1.50e-25	2.97e-19	1.16e-13	4.67e-09	1.63e-05	4.67e-03	9.95e-01	0.00e+00	0.00e+00	0.00e+00	0.00e+00	0.00e+00
 2.12842e+14	2.09e-25	3.94e-19	1.46e-13	5.55e-09	1.83e-05	4.95e-03	9.95e-01	0.00e+00	0.00e+00	0.00e+00	0.00e+00	0.00e+00
 2.19317e+14	2.96e-25	5.27e-19	1.85e-13	6.63e-09	2.06e-05	5.26e-03	9.95e-01	0.00e+00	0.00e+00	0.00e+00	0.00e+00	0.00e+00
 2.27452e+14	4.51e-25	7.50e-19	2.46e-13	8.23e-09	2.38e-05	5.67e-03	9.94e-01	0.00e+00	0.00e+00	0.00e+00	0.00e+00	0.00e+00
 2.35855e+14	6.87e-25	1.07e-18	3.27e-13	1.02e-08	2.75e-05	6.10e-03	9.94e-01	0.00e+00	0.00e+00	0.00e+00	0.00e+00	0.00e+00
 2.43257e+14	9.85e-25	1.44e-18	4.17e-13	1.23e-08	3.11e-05	6.49e-03	9.93e-01	0.00e+00	0.00e+00	0.00e+00	0.00e+00	0.00e+00
 2.51246e+14	1.43e-24	1.98e-18	5.38e-13	1.49e-08	3.54e-05	6.93e-03	9.93e-01	0.00e+00	0.00e+00	0.00e+00	0.00e+00	0.00e+00
 2.60892e+14	2.21e-24	2.85e-18	7.23e-13	1.86e-08	4.11e-05	7.48e-03	9.92e-01	0.00e+00	0.00e+00	0.00e+00	0.00e+00	0.00e+00
 2.70457e+14	3.36e-24	4.05e-18	9.59e-13	2.30e-08	4.74e-05	8.04e-03	9.92e-01	0.00e+00	0.00e+00	0.00e+00	0.00e+00	0.00e+00
 2.78950e+14	4.82e-24	5.47e-18	1.22e-12	2.77e-08	5.36e-05	8.55e-03	9.91e-01	0.00e+00	0.00e+00	0.00e+00	0.00e+00	0.00e+00
 2.88285e+14	7.04e-24	7.52e-18	1.58e-12	3.37e-08	6.11e-05	9.14e-03	9.91e-01	0.00e+00	0.00e+00	0.00e+00	0.00e+00	0.00e+00
 2.99448e+14	1.09e-23	1.09e-17	2.13e-12	4.22e-08	7.10e-05	9.88e-03	9.90e-01	0.00e+00	0.00e+00	0.00e+00	0.00e+00	0.00e+00
 3.10535e+14	1.66e-23	1.55e-17	2.83e-12	5.24e-08	8.21e-05	1.06e-02	9.89e-01	0.00e+00	0.00e+00	0.00e+00	0.00e+00	0.00e+00
 3.20610e+14	2.39e-23	2.11e-17	3.64e-12	6.33e-08	9.31e-05	1.13e-02	9.89e-01	0.00e+00	0.00e+00	0.00e+00	0.00e+00	0.00e+00
 3.31822e+14	3.53e-23	2.92e-17	4.75e-12	7.76e-08	1.07e-04	1.22e-02	9.88e-01	0.00e+00	0.00e+00	0.00e+00	0.00e+00	0.00e+00
 3.44938e+14	5.50e-23	4.25e-17	6.43e-12	9.77e-08	1.24e-04	1.32e-02	9.87e-01	0.00e+00	0.00e+00	0.00e+00	0.00e+00	0.00e+00
 3.57850e+14	8.35e-23	6.04e-17	8.56e-12	1.21e-07	1.44e-04	1.42e-02	9.86e-01	0.00e+00	0.00e+00	0.00e+00	0.00e+00	0.00e+00
 3.69964e+14	1.22e-22	8.32e-17	1.11e-11	1.48e-07	1.64e-04	1.52e-02	9.85e-01	0.00e+00	0.00e+00	0.00e+00	0.00e+00	0.00e+00
 3.83478e+14	1.83e-22	1.17e-16	1.46e-11	1.83e-07	1.89e-04	1.64e-02	9.83e-01	0.00e+00	0.00e+00	0.00e+00	0.00e+00	0.00e+00
 3.98847e+14	2.83e-22	1.70e-16	1.99e-11	2.31e-07	2.21e-04	1.77e-02	9.82e-01	0.00e+00	0.00e+00	0.00e+00	0.00e+00	0.00e+00
 4.14166e+14	4.30e-22	2.42e-16	2.65e-11	2.89e-07	2.57e-04	1.92e-02	9.81e-01	0.00e+00	0.00e+00	0.00e+00	0.00e+00	0.00e+00
 4.28919e+14	6.35e-22	3.37e-16	3.48e-11	3.55e-07	2.95e-04	2.06e-02	9.79e-01	0.00e+00	0.00e+00	0.00e+00	0.00e+00	0.00e+00
 4.41730e+14	8.76e-22	4.43e-16	4.36e-11	4.22e-07	3.31e-04	2.19e-02	9.78e-01	0.00e+00	0.00e+00	0.00e+00	0.00e+00	0.00e+00
 4.52458e+14	1.15e-21	5.56e-16	5.24e-11	4.87e-07	3.64e-04	2.30e-02	9.77e-01	0.00e+00	0.00e+00	0.00e+00	0.00e+00	0.00e+00
 4.64387e+14	1.51e-21	7.05e-16	6.39e-11	5.67e-07	4.03e-04	2.43e-02	9.75e-01	0.00e+00	0.00e+00	0.00e+00	0.00e+00	0.00e+00
 4.79895e+14	2.15e-21	9.54e-16	8.21e-11	6.88e-07	4.59e-04	2.60e-02	9.74e-01	0.00e+00	0.00e+00	0.00e+00	0.00e+00	0.00e+00
 4.96234e+14	3.08e-21	1.30e-15	1.06e-10	8.39e-07	5.23e-04	2.79e-02	9.72e-01	0.00e+00	0.00e+00	0.00e+00	0.00e+00	0.00e+00
 5.10321e+14	4.15e-21	1.68e-15	1.31e-10	9.89e-07	5.84e-04	2.96e-02	9.70e-01	0.00e+00	0.00e+00	0.00e+00	0.00e+00	0.00e+00
 5.25299e+14	5.61e-21	2.18e-15	1.63e-10	1.17e-06	6.54e-04	3.15e-02	9.68e-01	0.00e+00	0.00e+00	0.00e+00	0.00e+00	0.00e+00
 5.44455e+14	8.18e-21	3.02e-15	2.14e-10	1.45e-06	7.53e-04	3.39e-02	9.65e-01	0.00e+00	0.00e+00	0.00e+00	0.00e+00	0.00e+00
 5.64185e+14	1.19e-20	4.16e-15	2.80e-10	1.78e-06	8.65e-04	3.66e-02	9.63e-01	0.00e+00	0.00e+00	0.00e+00	0.00e+00	0.00e+00
 5.81086e+14	1.61e-20	5.44e-15	3.49e-10	2.12e-06	9.71e-04	3.90e-02	9.60e-01	0.00e+00	0.00e+00	0.00e+00	0.00e+00	0.00e+00
 5.99167e+14	2.20e-20	7.12e-15	4.39e-10	2.54e-06	1.09e-03	4.16e-02	9.57e-01	0.00e+00	0.00e+00	0.00e+00	0.00e+00	0.00e+00
 6.21589e+14	3.21e-20	9.91e-15	5.79e-10	3.15e-06	1.26e-03	4.50e-02	9.54e-01	0.00e+00	0.00e+00	0.00e+00	0.00e+00	0.00e+00
 6.44562e+14	4.64e-20	1.37e-14	7.60e-10	3.89e-06	1.45e-03	4.86e-02	9.50e-01	0.00e+00	0.00e+00	0.00e+00	0.00e+00	0.00e+00
 6.65002e+14	6.37e-20	1.81e-14	9.60e-10	4.67e-06	1.64e-03	5.19e-02	9.46e-01	0.00e+00	0.00e+00	0.00e+00	0.00e+00	0.00e+00
 6.87243e+14	8.81e-20	2.41e-14	1.23e-09	5.67e-06	1.86e-03	5.58e-02	9.42e-01	0.00e+00	0.00e+00	0.00e+00	0.00e+00	0.00e+00
 7.13826e+14	1.29e-19	3.38e-14	1.63e-09	7.08e-06	2.16e-03	6.04e-02	9.37e-01	0.00e+00	0.00e+00	0.00e+00	0.00e+00	0.00e+00
 7.40048e+14	1.85e-19	4.65e-14	2.14e-09	8.74e-06	2.48e-03	6.52e-02	9.32e-01	0.00e+00	0.00e+00	0.00e+00	0.00e+00	0.00e+00
 7.63609e+14	2.52e-19	6.12e-14	2.70e-09	1.05e-05	2.79e-03	6.97e-02	9.27e-01	0.00e+00	0.00e+00	0.00e+00	0.00e+00	0.00e+00
 7.89714e+14	3.53e-19	8.24e-14	3.47e-09	1.28e-05	3.17e-03	7.48e-02	9.22e-01	0.00e+00	0.00e+00	0.00e+00	0.00e+00	0.00e+00
 8.20573e+14	5.16e-19	1.16e-13	4.62e-09	1.59e-05	3.67e-03	8.11e-02	9.15e-01	0.00e+00	0.00e+00	0.00e+00	0.00e+00	0.00e+00
 8.51079e+14	7.40e-19	1.60e-13	6.07e-09	1.97e-05	4.22e-03	8.75e-02	9.08e-01	0.00e+00	0.00e+00	0.00e+00	0.00e+00	0.00e+00
 8.79236e+14	1.02e-18	2.13e-13	7.75e-09	2.38e-05	4.76e-03	9.36e-02	9.02e-01	0.00e+00	0.00e+00	0.00e+00	0.00e+00	0.00e+00
 9.10866e+14	1.45e-18	2.91e-13	1.01e-08	2.92e-05	5.44e-03	1.01e-01	8.94e-01	0.00e+00	0.00e+00	0.00e+00	0.00e+00	0.00e+00
 9.47331e+14	2.14e-18	4.13e-13	1.36e-08	3.66e-05	6.30e-03	1.09e-01	8.85e-01	0.00e+00	0.00e+00	0.00e+00	0.00e+00	0.00e+00
 9.82988e+14	3.10e-18	5.75e-13	1.79e-08	4.54e-05	7.23e-03	1.18e-01	8.75e-01	0.00e+00	0.00e+00	0.00e+00	0.00e+00	0.00e+00
 1.02007e+15	4.49e-18	8.01e-13	2.36e-08	5.61e-05	8.29e-03	1.27e-01	8.65e-01	0.00e+00	0.00e+00	0.00e+00	0.00e+00	0.00e+00
 1.06090e+15	6.66e-18	1.14e-12	3.18e-08	7.03e-05	9.57e-03	1.37e-01	8.54e-01	0.00e+00	0.00e+00	0.00e+00	0.00e+00	0.00e+00
 1.09541e+15	9.20e-18	1.52e-12	4.04e-08	8.45e-05	1.08e-02	1.46e-01	8.44e-01	0.00e+00	0.00e+00	0.00e+00	0.00e+00	0.00e+00
 1.12058e+15	1.16e-17	1.87e-12	4.80e-08	9.61e-05	1.17e-02	1.52e-01	8.36e-01	0.00e+00	0.00e+00	0.00e+00	0.00e+00	0.00e+00
 1.14698e+15	1.47e-17	2.31e-12	5.72e-08	1.10e-04	1.27e-02	1.59e-01	8.28e-01	0.00e+00	0.00e+00	0.00e+00	0.00e+00	0.00e+00
 1.18131e+15	1.98e-17	3.02e-12	7.14e-08	1.30e-04	1.41e-02	1.68e-01	8.18e-01	0.00e+00	0.00e+00	0.00e+00	0.00e+00	0.00e+00
 1.21920e+15	2.79e-17	4.03e-12	9.06e-08	1.55e-04	1.58e-02	1.78e-01	8.06e-01	0.00e+00	0.00e+00	1.60e-17	8.38e-18	2.84e-18
 1.25429e+15	3.73e-17	5.21e-12	1.12e-07	1.82e-04	1.75e-02	1.88e-01	7.95e-01	0.00e+00	0.00e+00	2.14e-17	1.13e-17	3.80e-18
 1.29250e+15	5.08e-17	6.86e-12	1.41e-07	2.16e-04	1.95e-02	1.98e-01	7.82e-01	0.00e+00	0.00e+00	2.92e-17	1.53e-17	5.16e-18
 1.33540e+15	7.14e-17	9.27e-12	1.80e-07	2.59e-04	2.18e-02	2.10e-01	7.68e-01	0.00e+00	0.00e+00	4.11e-17	2.16e-17	7.22e-18
 1.37624e+15	9.75e-17	1.22e-11	2.25e-07	3.06e-04	2.42e-02	2.21e-01	7.55e-01	0.00e+00	0.00e+00	5.62e-17	2.94e-17	9.83e-18
 1.42115e+15	1.37e-16	1.64e-11	2.87e-07	3.66e-04	2.71e-02	2.33e-01	7.39e-01	0.00e+00	0.00e+00	7.87e-17	4.12e-17	1.37e-17
 1.47139e+15	1.97e-16	2.26e-11	3.73e-07	4.44e-04	3.05e-02	2.47e-01	7.22e-01	0.00e+00	0.00e+00	1.14e-16	5.95e-17	1.98e-17
 1.51898e+15	2.76e-16	3.03e-11	4.73e-07	5.28e-04	3.39e-02	2.60e-01	7.06e-01	0.00e+00	0.00e+00	1.59e-16	8.30e-17	2.75e-17
 1.57127e+15	3.95e-16	4.14e-11	6.08e-07	6.35e-04	3.80e-02	2.74e-01	6.88e-01	0.00e+00	0.00e+00	2.28e-16	1.19e-16	3.94e-17
 1.63004e+15	5.86e-16	5.82e-11	8.00e-07	7.75e-04	4.29e-02	2.89e-01	6.67e-01	0.00e+00	0.00e+00	3.39e-16	1.77e-16	5.83e-17
 1.68562e+15	8.37e-16	7.91e-11	1.02e-06	9.26e-04	4.78e-02	3.03e-01	6.48e-01	0.00e+00	0.00e+00	4.84e-16	2.52e-16	8.30e-17
 1.74625e+15	1.22e-15	1.10e-10	1.33e-06	1.12e-03	5.35e-02	3.18e-01	6.27e-01	0.00e+00	0.00e+00	7.09e-16	3.69e-16	1.21e-16
 1.81368e+15	1.85e-15	1.55e-10	1.76e-06	1.37e-03	6.03e-02	3.35e-01	6.04e-01	0.00e+00	0.00e+00	1.07e-15	5.57e-16	1.83e-16
 1.87664e+15	2.67e-15	2.12e-10	2.25e-06	1.63e-03	6.70e-02	3.49e-01	5.82e-01	0.00e+00	0.00e+00	1.54e-15	8.04e-16	2.63e-16
 1.94457e+15	3.93e-15	2.94e-10	2.91e-06	1.96e-03	7.47e-02	3.64e-01	5.59e-01	0.00e+00	0.00e+00	2.27e-15	1.18e-15	3.87e-16
 2.02065e+15	5.96e-15	4.16e-10	3.84e-06	2.38e-03	8.37e-02	3.80e-01	5.34e-01	0.00e+00	0.00e+00	3.45e-15	1.80e-15	5.86e-16
 2.09373e+15	8.78e-15	5.75e-10	4.95e-06	2.85e-03	9.29e-02	3.94e-01	5.10e-01	0.00e+00	0.00e+00	5.08e-15	2.65e-15	8.63e-16
 2.17146e+15	1.31e-14	7.99e-10	6.42e-06	3.41e-03	1.03e-01	4.08e-01	4.85e-01	0.00e+00	0.00e+00	7.57e-15	3.94e-15	1.28e-15
 2.25835e+15	2.00e-14	1.14e-09	8.46e-06	4.13e-03	1.15e-01	4.23e-01	4.58e-01	0.00e+00	0.00e+00	1.16e-14	6.05e-15	1.97e-15
 2.33132e+15	2.83e-14	1.51e-09	1.06e-05	4.82e-03	1.25e-01	4.33e-01	4.36e-01	0.00e+00	0.00e+00	1.64e-14	8.55e-15	2.78e-15
 2.38364e+15	3.60e-14	1.84e-09	1.23e-05	5.36e-03	1.33e-01	4.41e-01	4.21e-01	0.00e+00	0.00e+00	2.09e-14	1.09e-14	3.54e-15
 2.43802e+15	4.61e-14	2.24e-09	1.44e-05	5.96e-03	1.41e-01	4.47e-01	4.06e-01	0.00e+00	0.00e+00	2.67e-14	1.39e-14	4.52e-15
 2.50871e+15	6.29e-14	2.89e-09	1.75e-05	6.81e-03	1.52e-01	4.55e-01	3.86e-01	0.00e+00	0.00e+00	3.65e-14	1.90e-14	6.17e-15
 2.58763e+15	8.80e-14	3.79e-09	2.16e-05	7.86e-03	1.64e-01	4.63e-01	3.65e-01	0.00e+00	0.00e+00	5.11e-14	2.66e-14	8.63e-15
 2.66165e+15	1.19e-13	4.84e-09	2.61e-05	8.94e-03	1.76e-01	4.69e-01	3.46e-01	0.00e+00	0.00e+00	6.93e-14	3.61e-14	1.17e-14
 2.74226e+15	1.65e-13	6.26e-09	3.19e-05	1.02e-02	1.89e-01	4.75e-01	3.26e-01	0.00e+00	0.00e+00	9.58e-14	4.99e-14	1.62e-14
 2.83232e+15	2.34e-13	8.27e-09	3.96e-05	1.18e-02	2.03e-01	4.80e-01	3.05e-01	0.00e+00	0.00e+00	1.36e-13	7.07e-14	2.29e-14
 2.91694e+15	3.20e-13	1.06e-08	4.79e-05	1.34e-02	2.17e-01	4.83e-01	2.87e-01	0.00e+00	0.00e+00	1.86e-13	9.68e-14	3.13e-14
 3.00923e+15	4.47e-13	1.38e-08	5.87e-05	1.53e-02	2.32e-01	4.85e-01	2.67e-01	0.00e+00	0.00e+00	2.60e-13	1.35e-13	4.38e-14
 3.11286e+15	6.40e-13	1.83e-08	7.31e-05	1.77e-02	2.49e-01	4.86e-01	2.47e-01	0.00e+00	0.00e+00	3.72e-13	1.94e-13	6.27e-14
 3.21151e+15	8.89e-13	2.37e-08	8.91e-05	2.01e-02	2.65e-01	4.86e-01	2.29e-01	0.00e+00	0.00e+00	5.16e-13	2.69e-13	8.70e-14
 3.32004e+15	1.27e-12	3.13e-08	1.10e-04	2.30e-02	2.83e-01	4.84e-01	2.10e-01	0.00e+00	0.00e+00	7.36e-13	3.84e-13	1.24e-13
 3.43993e+15	1.85e-12	4.19e-08	1.37e-04	2.65e-02	3.02e-01	4.80e-01	1.92e-01	0.00e+00	0.00e+00	1.07e-12	5.59e-13	1.81e-13
 3.55086e+15	2.58e-12	5.43e-08	1.67e-04	3.00e-02	3.19e-01	4.75e-01	1.76e-01	0.00e+00	0.00e+00	1.50e-12	7.80e-13	2.52e-13
 3.67131e+15	3.67e-12	7.13e-08	2.05e-04	3.42e-02	3.38e-01	4.69e-01	1.59e-01	0.00e+00	0.00e+00	2.13e-12	1.11e-12	3.59e-13
 3.80507e+15	5.34e-12	9.52e-08	2.55e-04	3.91e-02	3.57e-01	4.60e-01	1.43e-01	0.00e+00	0.00e+00	3.10e-12	1.62e-12	5.22e-13
 3.92957e+15	7.45e-12	1.23e-07	3.09e-04	4.40e-02	3.75e-01	4.51e-01	1.30e-01	0.00e+00	0.00e+00	4.33e-12	2.26e-12	7.29e-13
 4.06488e+15	1.06e-11	1.61e-07	3.78e-04	4.97e-02	3.94e-01	4.40e-01	1.16e-01	0.00e+00	0.00e+00	6.17e-12	3.22e-12	1.04e-12
 4.20953e+15	1.52e-11	2.13e-07	4.64e-04	5.63e-02	4.13e-01	4.27e-01	1.03e-01	0.00e+00	0.00e+00	8.84e-12	4.61e-12	1.49e-12
 4.33685e+15	2.06e-11	2.68e-07	5.51e-04	6.23e-02	4.28e-01	4.16e-01	9.32e-02	0.00e+00	0.00e+00	1.20e-11	6.24e-12	2.01e-12
 4.44670e+15	2.65e-11	3.25e-07	6.37e-04	6.79e-02	4.41e-01	4.05e-01	8.52e-02	0.00e+00	0.00e+00	1.54e-11	8.02e-12	2.59e-12
 4.56332e+15	3.45e-11	3.98e-07	7.39e-04	7.40e-02	4.54e-01	3.94e-01	7.74e-02	0.00e+00	0.00e+00	2.01e-11	1.05e-11	3.38e-12
 4.69330e+15	4.58e-11	4.93e-07	8.66e-04	8.11e-02	4.67e-01	3.81e-01	6.97e-02	0.00e+00	0.00e+00	2.66e-11	1.39e-11	4.48e-12
 4.81665e+15	5.92e-11	6.01e-07	1.00e-03	8.82e-02	4.79e-01	3.68e-01	6.30e-02	0.00e+00	0.00e+00	3.44e-11	1.80e-11	5.80e-12
 4.95303e+15	7.88e-11	7.46e-07	1.18e-03	9.64e-02	4.92e-01	3.55e-01	5.63e-02	0.00e+00	0.00e+00	4.58e-11	2.39e-11	7.72e-12
 5.10087e+15	1.05e-10	9.29e-07	1.38e-03	1.06e-01	5.04e-01	3.40e-01	4.99e-02	0.00e+00	0.00e+00	6.12e-11	3.19e-11	1.03e-11
 5.23648e+15	1.36e-10	1.13e-06	1.60e-03	1.14e-01	5.13e-01	3.26e-01	4.47e-02	0.00e+00	0.00e+00	7.89e-11	4.12e-11	1.33e-11
 5.38565e+15	1.80e-10	1.40e-06	1.87e-03	1.24e-01	5.23e-01	3.11e-01	3.95e-02	0.00e+00	0.00e+00	1.05e-10	5.47e-11	1.76e-11
 5.55023e+15	2.41e-10	1.75e-06	2.20e-03	1.36e-01	5.33e-01	2.95e-01	3.45e-02	0.00e+00	0.00e+00	1.40e-10	7.32e-11	2.36e-11
 5.70551e+15	3.14e-10	2.14e-06	2.56e-03	1.47e-01	5.40e-01	2.80e-01	3.04e-02	0.00e+00	0.00e+00	1.83e-10	9.54e-11	3.08e-11
 5.87806e+15	4.23e-10	2.68e-06	3.01e-03	1.60e-01	5.47e-01	2.64e-01	2.63e-02	0.00e+00	0.00e+00	2.46e-10	1.29e-10	4.15e-11
 6.06291e+15	5.66e-10	3.35e-06	3.55e-03	1.74e-01	5.53e-01	2.47e-01	2.27e-02	0.00e+00	0.00e+00	3.29e-10	1.72e-10	5.55e-11
 6.22727e+15	7.27e-10	4.06e-06	4.10e-03	1.87e-01	5.56e-01	2.33e-01	1.98e-02	0.00e+00	0.00e+00	4.23e-10	2.21e-10	7.14e-11
 6.40446e+15	9.62e-10	5.01e-06	4.78e-03	2.02e-01	5.59e-01	2.18e-01	1.71e-02	0.00e+00	0.00e+00	5.59e-10	2.92e-10	9.44e-11
 6.59967e+15	1.27e-09	6.22e-06	5.61e-03	2.18e-01	5.60e-01	2.02e-01	1.46e-02	0.00e+00	0.00e+00	7.41e-10	3.87e-10	1.25e-10
 6.77997e+15	1.64e-09	7.55e-06	6.48e-03	2.33e-01	5.59e-01	1.88e-01	1.26e-02	0.00e+00	0.00e+00	9.52e-10	4.98e-10	1.61e-10
 6.97603e+15	2.18e-09	9.38e-06	7.59e-03	2.51e-01	5.57e-01	1.74e-01	1.06e-02	0.00e+00	0.00e+00	1.27e-09	6.64e-10	2.15e-10
 7.18769e+15	2.87e-09	1.16e-05	8.90e-03	2.69e-01	5.53e-01	1.60e-01	8.96e-03	0.00e+00	0.00e+00	1.67e-09	8.73e-10	2.83e-10
 7.36860e+15	3.60e-09	1.38e-05	1.02e-02	2.86e-01	5.48e-01	1.48e-01	7.72e-03	0.00e+00	0.00e+00	2.10e-09	1.10e-09	3.55e-10
 7.52545e+15	4.41e-09	1.62e-05	1.14e-02	3.00e-01	5.43e-01	1.38e-01	6.77e-03	0.00e+00	0.00e+00	2.56e-09	1.34e-09	4.35e-10
 7.70205e+15	5.60e-09	1.94e-05	1.30e-02	3.17e-01	5.36e-01	1.28e-01	5.81e-03	0.00e+00	0.00e+00	3.26e-09	1.71e-09	5.53e-10
 7.89836e+15	7.13e-09	2.34e-05	1.49e-02	3.35e-01	5.28e-01	1.17e-01	4.93e-03	0.00e+00	0.00e+00	4.15e-09	2.17e-09	7.05e-10
 8.07907e+15	8.82e-09	2.76e-05	1.69e-02	3.52e-01	5.19e-01	1.08e-01	4.24e-03	0.00e+00	0.00e+00	5.13e-09	2.69e-09	8.72e-10
 8.24569e+15	1.08e-08	3.22e-05	1.90e-02	3.68e-01	5.10e-01	9.99e-02	3.67e-03	0.00e+00	0.00e+00	6.29e-09	3.30e-09	1.07e-09
 8.43524e+15	1.38e-08	3.88e-05	2.18e-02	3.86e-01	4.98e-01	9.11e-02	3.10e-03	0.00e+00	0.00e+00	8.05e-09	4.22e-09	1.37e-09
 8.63754e+15	1.76e-08	4.68e-05	2.50e-02	4.05e-01	4.85e-01	8.25e-02	2.60e-03	0.00e+00	0.00e+00	1.02e-08	5.36e-09	1.74e-09
 8.81497e+15	2.16e-08	5.50e-05	2.82e-02	4.22e-01	4.72e-01	7.54e-02	2.22e-03	0.00e+00	0.00e+00	1.26e-08	6.60e-09	2.14e-09
 8.97682e+15	2.63e-08	6.39e-05	3.16e-02	4.37e-01	4.60e-01	6.94e-02	1.92e-03	0.00e+00	0.00e+00	1.53e-08	8.03e-09	2.61e-09
 9.15985e+15	3.30e-08	7.61e-05	3.59e-02	4.54e-01	4.46e-01	6.28e-02	1.62e-03	0.00e+00	0.00e+00	1.92e-08	1.01e-08	3.28e-09
 9.35927e+15	4.25e-08	9.22e-05	4.13e-02	4.72e-01	4.29e-01	5.62e-02	1.34e-03	0.00e+00	0.00e+00	2.47e-08	1.30e-08	4.22e-09
 9.53632e+15	5.26e-08	1.09e-04	4.67e-02	4.88e-01	4.13e-01	5.08e-02	1.13e-03	0.00e+00	0.00e+00	3.06e-08	1.61e-08	5.23e-09
 9.69606e+15	6.38e-08	1.26e-04	5.23e-02	5.02e-01	3.99e-01	4.62e-02	9.72e-04	0.00e+00	0.00e+00	3.71e-08	1.95e-08	6.34e-09
 9.87696e+15	8.26e-08	1.54e-04	5.99e-02	5.17e-01	3.81e-01	4.12e-02	8.03e-04	0.00e+00	0.00e+00	4.81e-08	2.52e-08	8.22e-09
 1.00671e+16	1.04e-07	1.84e-04	6.87e-02	5.32e-01	3.62e-01	3.65e-02	6.63e-04	0.00e+00	0.00e+00	6.06e-08	3.18e-08	1.04e-08
 1.02305e+16	1.30e-07	2.18e-04	7.77e-02	5.44e-01	3.45e-01	3.26e-02	5.56e-04	0.00e+00	0.00e+00	7.55e-08	3.97e-08	1.29e-08
 1.03787e+16	1.62e-07	2.58e-04	8.73e-02	5.54e-01	3.29e-01	2.93e-02	4.70e-04	0.00e+00	0.00e+00	9.43e-08	4.95e-08	1.62e-08
 1.05456e+16	2.10e-07	3.13e-04	1.00e-01	5.64e-01	3.10e-01	2.57e-02	3.84e-04	0.00e+00	0.00e+00	1.22e-07	6.41e-08	2.09e-08
 1.07198e+16	2.67e-07	3.78e-04	1.15e-01	5.72e-01	2.89e-01	2.24e-02	3.12e-04	0.00e+00	0.00e+00	1.55e-07	8.15e-08	2.66e-08
 1.08663e+16	3.42e-07	4.55e-04	1.31e-01	5.78e-01	2.71e-01	1.97e-02	2.57e-04	0.00e+00	0.00e+00	1.99e-07	1.05e-07	3.41e-08
 1.09873e+16	4.14e-07	5.27e-04	1.45e-01	5.80e-01	2.56e-01	1.76e-02	2.19e-04	0.00e+00	0.00e+00	2.41e-07	1.27e-07	4.14e-08
 1.11123e+16	4.91e-07	6.05e-04	1.62e-01	5.82e-01	2.39e-01	1.56e-02	1.83e-04	0.00e+00	0.00e+00	2.86e-07	1.50e-07	4.91e-08
 1.12748e+16	6.52e-07	7.51e-04	1.89e-01	5.80e-01	2.17e-01	1.31e-02	1.42e-04	0.00e+00	0.00e+00	3.79e-07	1.99e-07	6.52e-08
 1.14300e+16	8.69e-07	9.33e-04	2.20e-01	5.74e-01	1.95e-01	1.09e-02	1.10e-04	0.00e+00	0.00e+00	5.05e-07	2.66e-07	8.70e-08
 1.15251e+16	1.12e-06	1.12e-03	2.43e-01	5.66e-01	1.81e-01	9.56e-03	9.12e-05	0.00e+00	0.00e+00	6.53e-07	3.43e-07	1.12e-07
 1.15772e+16	1.24e-06	1.21e-03	2.56e-01	5.61e-01	1.73e-01	8.89e-03	8.24e-05	0.00e+00	0.00e+00	7.24e-07	3.81e-07	1.25e-07
 1.16237e+16	1.38e-06	1.30e-03	2.69e-01	5.56e-01	1.66e-01	8.29e-03	7.49e-05	0.00e+00	0.00e+00	8.02e-07	4.22e-07	1.38e-07
 1.16841e+16	1.52e-06	1.41e-03	2.86e-01	5.48e-01	1.56e-01	7.56e-03	6.62e-05	0.00e+00	0.00e+00	8.86e-07	4.66e-07	1.53e-07
 1.17626e+16	1.81e-06	1.60e-03	3.12e-01	5.36e-01	1.44e-01	6.63e-03	5.54e-05	0.00e+00	0.00e+00	1.05e-06	5.53e-07	1.81e-07
 1.18463e+16	2.28e-06	1.88e-03	3.42e-01	5.20e-01	1.30e-01	5.67e-03	4.48e-05	0.00e+00	0.00e+00	1.32e-06	6.98e-07	2.29e-07
 1.19121e+16	2.68e-06	2.11e-03	3.68e-01	5.05e-01	1.20e-01	4.98e-03	3.77e-05	0.00e+00	0.00e+00	1.56e-06	8.23e-07	2.70e-07
 1.19637e+16	2.93e-06	2.27e-03	3.88e-01	4.94e-01	1.12e-01	4.50e-03	3.30e-05	0.00e+00	0.00e+00	1.71e-06	8.99e-07	2.95e-07
 1.20213e+16	3.52e-06	2.57e-03	4.15e-01	4.77e-01	1.02e-01	3.91e-03	2.74e-05	0.00e+00	0.00e+00	2.05e-06	1.08e-06	3.54e-07
 1.20827e+16	3.98e-06	2.82e-03	4.43e-01	4.59e-01	9.23e-02	3.39e-03	2.28e-05	0.00e+00	0.00e+00	2.32e-06	1.22e-06	4.01e-07
 1.21490e+16	4.75e-06	3.19e-03	4.76e-01	4.36e-01	8.16e-02	2.84e-03	1.81e-05	0.00e+00	0.00e+00	2.76e-06	1.46e-06	4.78e-07
 1.22183e+16	5.72e-06	3.63e-03	5.13e-01	4.10e-01	7.10e-02	2.33e-03	1.40e-05	0.00e+00	0.00e+00	3.33e-06	1.75e-06	5.76e-07
 1.22758e+16	7.01e-06	4.15e-03	5.46e-01	3.85e-01	6.24e-02	1.93e-03	1.10e-05	0.00e+00	0.00e+00	4.08e-06	2.15e-06	7.07e-07
 1.23216e+16	7.88e-06	4.50e-03	5.72e-01	3.66e-01	5.61e-02	1.66e-03	9.09e-06	0.00e+00	0.00e+00	4.58e-06	2.42e-06	7.95e-07
 1.23680e+16	9.06e-06	4.94e-03	5.99e-01	3.45e-01	4.96e-02	1.39e-03	7.29e-06	0.00e+00	0.00e+00	5.27e-06	2.78e-06	9.15e-07
 1.24282e+16	1.09e-05	5.56e-03	6.35e-01	3.16e-01	4.17e-02	1.10e-03	5.37e-06	0.00e+00	0.00e+00	6.33e-06	3.34e-06	1.10e-06
 1.24908e+16	1.30e-05	6.24e-03	6.71e-01	2.87e-01	3.45e-02	8.45e-04	3.88e-06	0.00e+00	0.00e+00	7.56e-06	3.99e-06	1.32e-06
 1.25437e+16	1.51e-05	6.86e-03	7.01e-01	2.62e-01	2.90e-02	6.66e-04	2.88e-06	0.00e+00	0.00e+00	8.77e-06	4.63e-06	1.53e-06
 1.25997e+16	1.78e-05	7.62e-03	7.33e-01	2.35e-01	2.37e-02	5.04e-04	2.03e-06	0.00e+00	0.00e+00	1.04e-05	5.48e-06	1.81e-06
 1.26607e+16	2.12e-05	8.48e-03	7.65e-01	2.08e-01	1.88e-02	3.68e-04	1.38e-06	0.00e+00	0.00e+00	1.24e-05	6.53e-06	2.16e-06
 1.27163e+16	2.48e-05	9.31e-03	7.92e-01	1.84e-01	1.51e-02	2.72e-04	9.47e-07	0.00e+00	0.00e+00	1.44e-05	7.63e-06	2.52e-06
 1.27768e+16	2.96e-05	1.03e-02	8.19e-01	1.59e-01	1.16e-02	1.90e-04	0.00e+00	0.00e+00	0.00e+00	1.72e-05	9.08e-06	3.01e-06
 1.28433e+16	3.54e-05	1.14e-02	8.45e-01	1.35e-01	8.59e-03	1.27e-04	0.00e+00	0.00e+00	0.00e+00	2.06e-05	1.09e-05	3.61e-06
 1.29059e+16	4.19e-05	1.26e-02	8.66e-01	1.15e-01	6.41e-03	8.49e-05	0.00e+00	0.00e+00	0.00e+00	2.43e-05	1.29e-05	4.27e-06
 1.29757e+16	5.04e-05	1.39e-02	8.87e-01	9.47e-02	4.54e-03	5.30e-05	0.00e+00	0.00e+00	0.00e+00	2.93e-05	1.55e-05	5.15e-06
 1.30392e+16	5.88e-05	1.52e-02	9.01e-01	8.02e-02	3.37e-03	3.52e-05	0.00e+00	0.00e+00	0.00e+00	3.42e-05	1.81e-05	6.02e-06
 1.30819e+16	6.53e-05	1.60e-02	9.10e-01	7.14e-02	2.74e-03	2.65e-05	0.00e+00	0.00e+00	0.00e+00	3.80e-05	2.01e-05	6.69e-06
 1.31247e+16	7.26e-05	1.70e-02	9.18e-01	6.32e-02	2.20e-03	1.96e-05	0.00e+00	0.00e+00	0.00e+00	4.22e-05	2.23e-05	7.44e-06
 1.31803e+16	8.31e-05	1.82e-02	9.26e-01	5.40e-02	1.65e-03	1.32e-05	0.00e+00	0.00e+00	0.00e+00	4.83e-05	2.56e-05	8.53e-06
 1.32415e+16	9.58e-05	1.96e-02	9.33e-01	4.56e-02	1.22e-03	8.64e-06	0.00e+00	0.00e+00	0.00e+00	5.57e-05	2.95e-05	9.84e-06
 1.32986e+16	1.09e-04	2.10e-02	9.39e-01	3.91e-02	9.21e-04	5.83e-06	0.00e+00	0.00e+00	0.00e+00	6.35e-05	3.36e-05	1.12e-05
 1.33614e+16	1.26e-04	2.27e-02	9.44e-01	3.28e-02	6.71e-04	3.73e-06	0.00e+00	0.00e+00	0.00e+00	7.34e-05	3.88e-05	1.30e-05
 1.34303e+16	1.47e-04	2.45e-02	9.48e-01	2.73e-02	4.82e-04	2.34e-06	0.00e+00	0.00e+00	0.00e+00	8.55e-05	4.53e-05	1.51e-05
 1.34912e+16	1.68e-04	2.63e-02	9.50e-01	2.33e-02	3.63e-04	1.56e-06	0.00e+00	0.00e+00	0.00e+00	9.79e-05	5.18e-05	1.73e-05
 1.35446e+16	1.90e-04	2.80e-02	9.51e-01	2.03e-02	2.83e-04	1.09e-06	0.00e+00	0.00e+00	0.00e+00	1.10e-04	5.84e-05	1.95e-05
