#depth	He	He+	He+2
 1.49634e+10	4.92e-23	4.10e-12	1.00e+00
 4.54887e+10	5.51e-23	4.44e-12	1.00e+00
 7.72350e+10	6.14e-23	4.81e-12	1.00e+00
 1.10251e+11	6.86e-23	5.21e-12	1.00e+00
 1.44588e+11	7.68e-23	5.64e-12	1.00e+00
 1.80298e+11	8.60e-23	6.11e-12	1.00e+00
 2.17437e+11	9.64e-23	6.62e-12	1.00e+00
 2.53354e+11	1.07e-22	7.13e-12	1.00e+00
 2.86980e+11	1.19e-22	7.63e-12	1.00e+00
 3.24658e+11	1.32e-22	8.22e-12	1.00e+00
 3.66532e+11	1.49e-22	8.89e-12	1.00e+00
 4.06917e+11	1.66e-22	9.57e-12	1.00e+00
 4.49957e+11	1.86e-22	1.03e-11	1.00e+00
 4.97882e+11	2.11e-22	1.12e-11	1.00e+00
 5.46119e+11	2.38e-22	1.21e-11	1.00e+00
 5.96285e+11	2.69e-22	1.31e-11	1.00e+00
 6.50063e+11	3.06e-22	1.42e-11	1.00e+00
 7.05993e+11	3.48e-22	1.55e-11	1.00e+00
 7.64159e+11	3.97e-22	1.68e-11	1.00e+00
 8.24652e+11	4.54e-22	1.83e-11	1.00e+00
 8.87565e+11	5.19e-22	1.98e-11	1.00e+00
 9.52994e+11	5.94e-22	2.16e-11	1.00e+00
 1.02104e+12	6.82e-22	2.35e-11	1.00e+00
 1.08484e+12	7.73e-22	2.53e-11	1.00e+00
 1.14161e+12	8.61e-22	2.70e-11	1.00e+00
 1.20522e+12	9.68e-22	2.91e-11	1.00e+00
 1.28096e+12	1.11e-21	3.15e-11	1.00e+00
 1.35725e+12	1.27e-21	3.42e-11	1.00e+00
 1.42845e+12	1.44e-21	3.68e-11	1.00e+00
 1.50736e+12	1.63e-21	3.98e-11	1.00e+00
 1.59758e+12	1.89e-21	4.34e-11	1.00e+00
 1.68708e+12	2.18e-21	4.72e-11	1.00e+00
 1.78015e+12	2.50e-21	5.13e-11	1.00e+00
 1.88128e+12	2.90e-21	5.60e-11	1.00e+00
 1.98410e+12	3.35e-21	6.11e-11	1.00e+00
 2.07972e+12	3.82e-21	6.61e-11	1.00e+00
 2.16797e+12	4.29e-21	7.09e-11	1.00e+00
 2.26893e+12	4.88e-21	7.67e-11	1.00e+00
 2.38749e+12	5.66e-21	8.38e-11	1.00e+00
 2.50499e+12	6.52e-21	9.13e-11	1.00e+00
 2.61488e+12	7.40e-21	9.87e-11	1.00e+00
 2.73709e+12	8.47e-21	1.07e-10	1.00e+00
 2.87650e+12	9.86e-21	1.18e-10	1.00e+00
 3.01374e+12	1.14e-20	1.29e-10	1.00e+00
 3.15647e+12	1.31e-20	1.41e-10	1.00e+00
 3.31265e+12	1.52e-20	1.55e-10	1.00e+00
 3.46962e+12	1.76e-20	1.70e-10	1.00e+00
 3.63286e+12	2.02e-20	1.86e-10	1.00e+00
 3.80810e+12	2.35e-20	2.05e-10	1.00e+00
 3.98196e+12	2.70e-20	2.25e-10	1.00e+00
 4.16277e+12	3.10e-20	2.48e-10	1.00e+00
 4.35921e+12	3.58e-20	2.73e-10	1.00e+00
 4.56351e+12	4.13e-20	3.02e-10	1.00e+00
 4.77598e+12	4.75e-20	3.34e-10	1.00e+00
 4.99694e+12	5.46e-20	3.69e-10	1.00e+00
 5.19631e+12	6.16e-20	4.03e-10	1.00e+00
 5.36162e+12	6.77e-20	4.33e-10	1.00e+00
 5.54238e+12	7.48e-20	4.67e-10	1.00e+00
 5.77240e+12	8.45e-20	5.13e-10	1.00e+00
 6.01286e+12	9.56e-20	5.64e-10	1.00e+00
 6.22488e+12	1.06e-19	6.12e-10	1.00e+00
 6.42099e+12	1.16e-19	6.59e-10	1.00e+00
 6.64340e+12	1.28e-19	7.14e-10	1.00e+00
 6.91946e+12	1.44e-19	7.87e-10	1.00e+00
 7.19526e+12	1.62e-19	8.64e-10	1.00e+00
 7.43137e+12	1.78e-19	9.34e-10	1.00e+00
 7.68585e+12	1.95e-19	1.01e-09	1.00e+00
 8.00125e+12	2.19e-19	1.12e-09	1.00e+00
 8.32561e+12	2.46e-19	1.23e-09	1.00e+00
 8.61842e+12	2.72e-19	1.34e-09	1.00e+00
 8.94047e+12	3.03e-19	1.46e-09	1.00e+00
 9.31990e+12	3.42e-19	1.61e-09	1.00e+00
 9.69932e+12	3.86e-19	1.78e-09	1.00e+00
 1.00597e+13	4.32e-19	1.94e-09	1.00e+00
 1.04579e+13	4.88e-19	2.13e-09	1.00e+00
 1.09061e+13	5.59e-19	2.35e-09	1.00e+00
 1.13543e+13	6.38e-19	2.59e-09	1.00e+00
 1.17511e+13	7.17e-19	2.81e-09	1.00e+00
 1.20840e+13	7.89e-19	3.00e-09	1.00e+00
 1.24422e+13	8.74e-19	3.22e-09	1.00e+00
 1.29080e+13	9.97e-19	3.51e-09	1.00e+00
 1.33953e+13	1.14e-18	3.83e-09	1.00e+00
 1.38111e+13	1.28e-18	4.12e-09	1.00e+00
 1.42521e+13	1.44e-18	4.43e-09	1.00e+00
 1.48064e+13	1.67e-18	4.85e-09	1.00e+00
 1.53770e+13	1.93e-18	5.30e-09	1.00e+00
 1.58802e+13	2.20e-18	5.71e-09	1.00e+00
 1.64266e+13	2.51e-18	6.18e-09	1.00e+00
 1.70296e+13	2.91e-18	6.72e-09	1.00e+00
 1.75852e+13	3.32e-18	7.24e-09	1.00e+00
 1.81866e+13	3.82e-18	7.82e-09	1.00e+00
 1.88572e+13	4.44e-18	8.50e-09	1.00e+00
 1.94855e+13	5.10e-18	9.17e-09	1.00e+00
 2.01698e+13	5.91e-18	9.92e-09	1.00e+00
 2.09302e+13	6.92e-18	1.08e-08	1.00e+00
 2.16399e+13	7.98e-18	1.17e-08	1.00e+00
 2.24132e+13	9.28e-18	1.26e-08	1.00e+00
 2.32778e+13	1.09e-17	1.38e-08	1.00e+00
 2.40933e+13	1.27e-17	1.49e-08	1.00e+00
 2.49857e+13	1.48e-17	1.61e-08	1.00e+00
 2.59850e+13	1.76e-17	1.76e-08	1.00e+00
 2.69323e+13	2.05e-17	1.91e-08	1.00e+00
 2.79472e+13	2.41e-17	2.07e-08	1.00e+00
 2.90950e+13	2.87e-17	2.27e-08	1.00e+00
 3.02321e+13	3.39e-17	2.47e-08	1.00e+00
 3.14147e+13	4.00e-17	2.69e-08	1.00e+00
 3.27012e+13	4.75e-17	2.93e-08	1.00e+00
 3.40392e+13	5.63e-17	3.20e-08	1.00e+00
 3.53062e+13	6.60e-17	3.46e-08	1.00e+00
 3.64450e+13	7.56e-17	3.71e-08	1.00e+00
 3.75116e+13	8.55e-17	3.95e-08	1.00e+00
 3.86912e+13	9.74e-17	4.22e-08	1.00e+00
 4.00166e+13	1.12e-16	4.53e-08	1.00e+00
 4.12810e+13	1.28e-16	4.84e-08	1.00e+00
 4.26737e+13	1.47e-16	5.19e-08	1.00e+00
 4.42266e+13	1.71e-16	5.60e-08	1.00e+00
 4.56589e+13	1.95e-16	5.99e-08	1.00e+00
 4.69878e+13	2.20e-16	6.36e-08	1.00e+00
 4.85111e+13	2.51e-16	6.80e-08	1.00e+00
 5.03745e+13	2.93e-16	7.35e-08	1.00e+00
 5.22324e+13	3.41e-16	7.93e-08	1.00e+00
 5.38484e+13	3.86e-16	8.44e-08	1.00e+00
 5.55977e+13	4.39e-16	9.01e-08	1.00e+00
 5.77331e+13	5.11e-16	9.72e-08	1.00e+00
 5.99085e+13	5.95e-16	1.05e-07	1.00e+00
 6.18746e+13	6.76e-16	1.12e-07	1.00e+00
 6.40303e+13	7.75e-16	1.20e-07	1.00e+00
 6.65687e+13	9.04e-16	1.30e-07	1.00e+00
 6.91004e+13	1.05e-15	1.40e-07	1.00e+00
 7.14830e+13	1.20e-15	1.50e-07	1.00e+00
 7.41219e+13	1.38e-15	1.61e-07	1.00e+00
 7.71167e+13	1.62e-15	1.74e-07	1.00e+00
 8.01087e+13	1.88e-15	1.87e-07	1.00e+00
 8.32204e+13	2.18e-15	2.02e-07	1.00e+00
 8.65792e+13	2.54e-15	2.18e-07	1.00e+00
 9.00723e+13	2.96e-15	2.36e-07	1.00e+00
 9.34449e+13	3.41e-15	2.54e-07	1.00e+00
 9.66029e+13	3.88e-15	2.71e-07	1.00e+00
 9.95734e+13	4.37e-15	2.88e-07	1.00e+00
 1.02803e+14	4.94e-15	3.06e-07	1.00e+00
 1.06403e+14	5.65e-15	3.28e-07	1.00e+00
 1.09797e+14	6.38e-15	3.49e-07	1.00e+00
 1.13524e+14	7.26e-15	3.72e-07	1.00e+00
 1.17711e+14	8.33e-15	3.99e-07	1.00e+00
 1.21713e+14	9.52e-15	4.27e-07	1.00e+00
 1.26123e+14	1.09e-14	4.58e-07	1.00e+00
 1.31079e+14	1.26e-14	4.94e-07	1.00e+00
 1.35832e+14	1.45e-14	5.31e-07	1.00e+00
 1.40895e+14	1.67e-14	5.70e-07	1.00e+00
 1.46560e+14	1.95e-14	6.18e-07	1.00e+00
 1.51791e+14	2.23e-14	6.62e-07	1.00e+00
 1.56317e+14	2.50e-14	7.02e-07	1.00e+00
 1.61340e+14	2.83e-14	7.48e-07	1.00e+00
 1.67478e+14	3.28e-14	8.08e-07	1.00e+00
 1.73684e+14	3.76e-14	8.68e-07	1.00e+00
 1.79260e+14	4.27e-14	9.27e-07	1.00e+00
 1.85397e+14	4.85e-14	9.90e-07	1.00e+00
 1.92659e+14	5.63e-14	1.07e-06	1.00e+00
 1.99789e+14	6.50e-14	1.15e-06	1.00e+00
 2.06282e+14	7.33e-14	1.23e-06	1.00e+00
 2.13540e+14	8.38e-14	1.32e-06	1.00e+00
 2.22011e+14	9.76e-14	1.43e-06	1.00e+00
 2.30347e+14	1.12e-13	1.54e-06	1.00e+00
 2.38227e+14	1.28e-13	1.65e-06	1.00e+00
 2.46997e+14	1.46e-13	1.78e-06	1.00e+00
 2.56907e+14	1.70e-13	1.92e-06	1.00e+00
 2.66805e+14	1.96e-13	2.08e-06	1.00e+00
 2.76085e+14	2.23e-13	2.23e-06	1.00e+00
 2.86144e+14	2.54e-13	2.40e-06	1.00e+00
 2.97388e+14	2.94e-13	2.59e-06	1.00e+00
 3.07905e+14	3.34e-13	2.78e-06	1.00e+00
 3.17628e+14	3.74e-13	2.96e-06	1.00e+00
 3.26937e+14	4.17e-13	3.14e-06	1.00e+00
 3.37252e+14	4.67e-13	3.35e-06	1.00e+00
 3.48666e+14	5.27e-13	3.58e-06	1.00e+00
 3.59330e+14	5.88e-13	3.81e-06	1.00e+00
 3.71016e+14	6.61e-13	4.06e-06	1.00e+00
 3.84131e+14	7.49e-13	4.36e-06	1.00e+00
 3.96625e+14	8.39e-13	4.65e-06	1.00e+00
 4.10389e+14	9.49e-13	4.98e-06	1.00e+00
 4.25565e+14	1.08e-12	5.37e-06	1.00e+00
 4.39498e+14	1.21e-12	5.73e-06	1.00e+00
 4.54533e+14	1.36e-12	6.14e-06	1.00e+00
 4.71383e+14	1.55e-12	6.62e-06	1.00e+00
 4.87257e+14	1.74e-12	7.08e-06	1.00e+00
 5.04559e+14	1.97e-12	7.61e-06	1.00e+00
 5.23733e+14	2.25e-12	8.20e-06	1.00e+00
 5.41645e+14	2.53e-12	8.81e-06	1.00e+00
 5.61180e+14	2.86e-12	9.46e-06	1.00e+00
 5.82991e+14	3.27e-12	1.03e-05	1.00e+00
 6.03572e+14	3.69e-12	1.10e-05	1.00e+00
 6.25642e+14	4.18e-12	1.19e-05	1.00e+00
 6.50697e+14	4.78e-12	1.29e-05	1.00e+00
 6.75334e+14	5.45e-12	1.39e-05	1.00e+00
 6.98955e+14	6.14e-12	1.50e-05	1.00e+00
 7.24941e+14	7.00e-12	1.62e-05	1.00e+00
 7.53969e+14	8.01e-12	1.76e-05	1.00e+00
 7.78680e+14	8.99e-12	1.88e-05	1.00e+00
 7.96874e+14	9.76e-12	1.98e-05	1.00e+00
 8.15919e+14	1.06e-11	2.08e-05	1.00e+00
 8.40678e+14	1.18e-11	2.22e-05	1.00e+00
 8.67958e+14	1.32e-11	2.38e-05	1.00e+00
 8.93223e+14	1.47e-11	2.54e-05	1.00e+00
 9.20774e+14	1.64e-11	2.71e-05	1.00e+00
 9.51642e+14	1.85e-11	2.92e-05	1.00e+00
 9.80965e+14	2.06e-11	3.12e-05	1.00e+00
 1.01323e+15	2.33e-11	3.36e-05	1.00e+00
 1.04909e+15	2.65e-11	3.62e-05	1.00e+00
 1.08289e+15	2.98e-11	3.89e-05	1.00e+00
 1.12009e+15	3.36e-11	4.19e-05	1.00e+00
 1.16138e+15	3.87e-11	4.55e-05	1.00e+00
 1.19962e+15	4.35e-11	4.89e-05	1.00e+00
 1.24094e+15	4.98e-11	5.29e-05	1.00e+00
 1.28701e+15	5.72e-11	5.75e-05	1.00e+00
 1.33015e+15	6.43e-11	6.18e-05	1.00e+00
 1.37711e+15	7.40e-11	6.70e-05	1.00e+00
 1.42944e+15	8.56e-11	7.30e-05	1.00e+00
 1.47847e+15	9.64e-11	7.86e-05	1.00e+00
 1.53176e+15	1.12e-10	8.53e-05	1.00e+00
 1.59135e+15	1.29e-10	9.31e-05	1.00e+00
 1.64797e+15	1.48e-10	1.01e-04	1.00e+00
 1.70855e+15	1.71e-10	1.09e-04	1.00e+00
 1.77692e+15	1.99e-10	1.20e-04	1.00e+00
 1.84463e+15	2.30e-10	1.30e-04	1.00e+00
 1.89998e+15	2.57e-10	1.39e-04	1.00e+00
 1.94293e+15	2.83e-10	1.46e-04	1.00e+00
 1.98996e+15	3.12e-10	1.55e-04	1.00e+00
 2.05110e+15	3.52e-10	1.66e-04	1.00e+00
 2.11728e+15	3.99e-10	1.78e-04	1.00e+00
 2.17686e+15	4.45e-10	1.90e-04	1.00e+00
 2.24113e+15	4.99e-10	2.02e-04	1.00e+00
 2.32303e+15	5.77e-10	2.19e-04	1.00e+00
 2.40588e+15	6.66e-10	2.38e-04	1.00e+00
 2.47527e+15	7.45e-10	2.53e-04	1.00e+00
 2.54913e+15	8.36e-10	2.70e-04	1.00e+00
 2.64270e+15	9.67e-10	2.93e-04	1.00e+00
 2.74126e+15	1.12e-09	3.18e-04	1.00e+00
 2.82970e+15	1.28e-09	3.42e-04	1.00e+00
 2.92560e+15	1.46e-09	3.68e-04	1.00e+00
 3.03943e+15	1.72e-09	4.01e-04	1.00e+00
 3.15141e+15	1.98e-09	4.35e-04	1.00e+00
 3.25324e+15	2.25e-09	4.67e-04	1.00e+00
 3.36702e+15	2.56e-09	5.03e-04	9.99e-01
 3.49997e+15	3.04e-09	5.49e-04	9.99e-01
 3.63105e+15	3.53e-09	5.95e-04	9.99e-01
 3.75488e+15	4.06e-09	6.41e-04	9.99e-01
 3.89261e+15	4.65e-09	6.94e-04	9.99e-01
 4.04835e+15	5.57e-09	7.58e-04	9.99e-01
 4.17898e+15	6.35e-09	8.13e-04	9.99e-01
 4.27296e+15	6.96e-09	8.54e-04	9.99e-01
 4.37127e+15	7.65e-09	8.98e-04	9.99e-01
 4.49907e+15	8.49e-09	9.56e-04	9.99e-01
 4.64161e+15	9.82e-09	1.02e-03	9.99e-01
 4.77466e+15	1.09e-08	1.09e-03	9.99e-01
 4.91897e+15	1.25e-08	1.17e-03	9.99e-01
 5.08032e+15	1.43e-08	1.25e-03	9.99e-01
 5.23319e+15	1.59e-08	1.33e-03	9.99e-01
 5.40127e+15	1.81e-08	1.43e-03	9.99e-01
 5.58935e+15	2.13e-08	1.54e-03	9.98e-01
 5.76620e+15	2.43e-08	1.65e-03	9.98e-01
 5.95891e+15	2.78e-08	1.78e-03	9.98e-01
 6.17095e+15	3.17e-08	1.92e-03	9.98e-01
 6.36722e+15	3.69e-08	2.06e-03	9.98e-01
 6.58149e+15	4.22e-08	2.22e-03	9.98e-01
 6.81769e+15	4.84e-08	2.40e-03	9.98e-01
 7.03806e+15	5.54e-08	2.58e-03	9.97e-01
 7.28021e+15	6.55e-08	2.79e-03	9.97e-01
 7.54499e+15	7.57e-08	3.03e-03	9.97e-01
 7.78137e+15	8.55e-08	3.25e-03	9.97e-01
 7.99827e+15	9.65e-08	3.47e-03	9.97e-01
 8.24769e+15	1.12e-07	3.73e-03	9.96e-01
 8.52511e+15	1.29e-07	4.03e-03	9.96e-01
 8.76402e+15	1.44e-07	4.31e-03	9.96e-01
 8.96853e+15	1.60e-07	4.56e-03	9.95e-01
 9.20320e+15	1.80e-07	4.86e-03	9.95e-01
 9.46336e+15	2.08e-07	5.21e-03	9.95e-01
 9.69729e+15	2.31e-07	5.54e-03	9.94e-01
 9.94204e+15	2.57e-07	5.91e-03	9.94e-01
 1.02602e+16	3.05e-07	6.44e-03	9.94e-01
 1.05700e+16	3.49e-07	6.96e-03	9.93e-01
 1.08108e+16	3.89e-07	7.40e-03	9.93e-01
 1.10659e+16	4.38e-07	7.92e-03	9.92e-01
 1.13975e+16	5.00e-07	8.62e-03	9.91e-01
 1.17360e+16	5.94e-07	9.42e-03	9.91e-01
 1.20066e+16	6.65e-07	1.01e-02	9.90e-01
 1.22816e+16	7.46e-07	1.09e-02	9.89e-01
 1.26391e+16	9.00e-07	1.20e-02	9.88e-01
 1.29815e+16	1.04e-06	1.32e-02	9.87e-01
 1.32318e+16	1.17e-06	1.41e-02	9.86e-01
 1.34846e+16	1.31e-06	1.52e-02	9.85e-01
 1.38133e+16	1.57e-06	1.68e-02	9.83e-01
 1.41330e+16	1.80e-06	1.85e-02	9.81e-01
 1.43767e+16	2.04e-06	2.01e-02	9.80e-01
 1.45809e+16	2.33e-06	2.15e-02	9.78e-01
 1.47552e+16	2.55e-06	2.28e-02	9.77e-01
 1.49391e+16	2.80e-06	2.44e-02	9.76e-01
 1.51781e+16	3.21e-06	2.67e-02	9.73e-01
 1.54429e+16	3.84e-06	2.97e-02	9.70e-01
 1.56766e+16	4.39e-06	3.27e-02	9.67e-01
 1.58803e+16	5.04e-06	3.58e-02	9.64e-01
 1.60699e+16	5.77e-06	3.91e-02	9.61e-01
 1.62448e+16	6.57e-06	4.26e-02	9.57e-01
 1.64400e+16	7.66e-06	4.73e-02	9.53e-01
 1.66536e+16	9.31e-06	5.33e-02	9.47e-01
 1.68375e+16	1.08e-05	5.95e-02	9.40e-01
 1.69947e+16	1.28e-05	6.59e-02	9.34e-01
 1.71420e+16	1.45e-05	7.28e-02	9.27e-01
 1.73045e+16	1.76e-05	8.23e-02	9.18e-01
 1.74716e+16	2.08e-05	9.38e-02	9.06e-01
 1.76101e+16	2.52e-05	1.05e-01	8.94e-01
 1.77273e+16	2.89e-05	1.17e-01	8.83e-01
 1.78513e+16	3.42e-05	1.33e-01	8.67e-01
 1.79809e+16	4.21e-05	1.51e-01	8.48e-01
 1.80777e+16	4.90e-05	1.68e-01	8.32e-01
 1.81393e+16	5.40e-05	1.80e-01	8.20e-01
 1.81951e+16	5.94e-05	1.93e-01	8.07e-01
 1.82677e+16	6.65e-05	2.11e-01	7.89e-01
 1.83621e+16	7.97e-05	2.38e-01	7.62e-01
 1.84428e+16	9.19e-05	2.63e-01	7.36e-01
 1.84897e+16	1.00e-04	2.80e-01	7.20e-01
 1.85349e+16	1.09e-04	2.98e-01	7.02e-01
 1.85937e+16	1.23e-04	3.23e-01	6.76e-01
 1.86531e+16	1.38e-04	3.50e-01	6.49e-01
 1.87035e+16	1.51e-04	3.75e-01	6.24e-01
 1.87592e+16	1.70e-04	4.05e-01	5.94e-01
 1.88160e+16	1.89e-04	4.37e-01	5.63e-01
 1.88661e+16	2.08e-04	4.66e-01	5.34e-01
 1.89233e+16	2.32e-04	5.02e-01	4.98e-01
 1.89867e+16	2.59e-04	5.41e-01	4.59e-01
 1.90468e+16	2.88e-04	5.79e-01	4.21e-01
 1.91135e+16	3.22e-04	6.22e-01	3.78e-01
 1.91863e+16	3.59e-04	6.65e-01	3.34e-01
 1.92541e+16	3.94e-04	7.04e-01	2.96e-01
 1.93295e+16	4.35e-04	7.45e-01	2.55e-01
 1.94276e+16	4.86e-04	7.91e-01	2.08e-01
 1.95324e+16	5.37e-04	8.32e-01	1.68e-01
 1.96299e+16	5.81e-04	8.63e-01	1.37e-01
 1.97409e+16	6.30e-04	8.92e-01	1.08e-01
 1.98852e+16	6.87e-04	9.19e-01	7.99e-02
 2.00728e+16	7.56e-04	9.44e-01	5.51e-02
 2.02766e+16	8.27e-04	9.61e-01	3.80e-02
 2.04182e+16	8.76e-04	9.69e-01	3.04e-02
 2.04914e+16	9.03e-04	9.72e-01	2.71e-02
 2.05591e+16	9.27e-04	9.75e-01	2.42e-02
 2.06472e+16	9.63e-04	9.78e-01	2.10e-02
 2.07616e+16	1.01e-03	9.81e-01	1.76e-02
 2.08832e+16	1.06e-03	9.84e-01	1.48e-02
 2.09859e+16	1.11e-03	9.86e-01	1.28e-02
 2.10750e+16	1.15e-03	9.87e-01	1.14e-02
 2.11571e+16	1.20e-03	9.89e-01	1.02e-02
 2.12334e+16	1.24e-03	9.89e-01	9.26e-03
 2.13085e+16	1.29e-03	9.90e-01	8.41e-03
 2.13947e+16	1.35e-03	9.91e-01	7.53e-03
 2.14854e+16	1.41e-03	9.92e-01	6.76e-03
 2.15594e+16	1.47e-03	9.92e-01	6.21e-03
 2.16215e+16	1.52e-03	9.93e-01	5.77e-03
 2.16905e+16	1.59e-03	9.93e-01	5.32e-03
 2.17674e+16	1.66e-03	9.93e-01	4.88e-03
 2.18369e+16	1.74e-03	9.94e-01	4.52e-03
 2.18969e+16	1.81e-03	9.94e-01	4.23e-03
 2.19626e+16	1.89e-03	9.94e-01	3.93e-03
 2.20340e+16	1.99e-03	9.94e-01	3.64e-03
 2.20964e+16	2.09e-03	9.94e-01	3.42e-03
 2.21501e+16	2.17e-03	9.95e-01	3.23e-03
 2.22093e+16	2.28e-03	9.95e-01	3.03e-03
 2.22741e+16	2.41e-03	9.95e-01	2.84e-03
 2.23310e+16	2.53e-03	9.95e-01	2.69e-03
 2.23801e+16	2.65e-03	9.95e-01	2.56e-03
 2.24343e+16	2.79e-03	9.95e-01	2.42e-03
 2.24937e+16	2.96e-03	9.95e-01	2.28e-03
 2.25465e+16	3.13e-03	9.95e-01	2.17e-03
 2.25926e+16	3.29e-03	9.95e-01	2.08e-03
 2.26436e+16	3.49e-03	9.95e-01	1.97e-03
 2.26996e+16	3.73e-03	9.94e-01	1.87e-03
 2.27495e+16	3.97e-03	9.94e-01	1.79e-03
 2.27936e+16	4.21e-03	9.94e-01	1.72e-03
 2.28428e+16	4.51e-03	9.94e-01	1.64e-03
 2.28975e+16	4.89e-03	9.94e-01	1.56e-03
 2.29480e+16	5.29e-03	9.93e-01	1.49e-03
 2.29942e+16	5.71e-03	9.93e-01	1.43e-03
 2.30465e+16	6.26e-03	9.92e-01	1.36e-03
 2.31017e+16	6.95e-03	9.92e-01	1.30e-03
 2.31472e+16	7.65e-03	9.91e-01	1.25e-03
 2.31849e+16	8.30e-03	9.90e-01	1.21e-03
 2.32199e+16	9.01e-03	9.90e-01	1.18e-03
 2.32533e+16	9.81e-03	9.89e-01	1.14e-03
 2.32856e+16	1.07e-02	9.88e-01	1.11e-03
 2.33166e+16	1.16e-02	9.87e-01	1.09e-03
 2.33462e+16	1.27e-02	9.86e-01	1.06e-03
 2.33746e+16	1.39e-02	9.85e-01	1.04e-03
 2.34015e+16	1.53e-02	9.84e-01	1.02e-03
 2.34270e+16	1.67e-02	9.82e-01	1.00e-03
 2.34516e+16	1.84e-02	9.81e-01	9.86e-04
 2.34755e+16	2.02e-02	9.79e-01	9.75e-04
 2.34990e+16	2.24e-02	9.77e-01	9.64e-04
 2.35218e+16	2.48e-02	9.74e-01	9.54e-04
 2.35435e+16	2.75e-02	9.72e-01	9.47e-04
 2.35644e+16	3.06e-02	9.68e-01	9.42e-04
 2.35847e+16	3.42e-02	9.65e-01	9.39e-04
 2.36044e+16	3.82e-02	9.61e-01	9.39e-04
 2.36230e+16	4.27e-02	9.56e-01	9.42e-04
 2.36403e+16	4.74e-02	9.52e-01	9.50e-04
 2.36571e+16	5.31e-02	9.46e-01	9.54e-04
 2.36732e+16	5.91e-02	9.40e-01	9.67e-04
 2.36885e+16	6.59e-02	9.33e-01	9.78e-04
 2.37033e+16	7.37e-02	9.25e-01	9.91e-04
 2.37174e+16	8.20e-02	9.17e-01	1.01e-03
 2.37305e+16	9.09e-02	9.08e-01	1.03e-03
 2.37423e+16	9.98e-02	8.99e-01	1.05e-03
 2.37529e+16	1.09e-01	8.90e-01	1.07e-03
 2.37627e+16	1.18e-01	8.81e-01	1.09e-03
 2.37704e+16	1.26e-01	8.73e-01	1.10e-03
 2.37754e+16	1.32e-01	8.67e-01	1.11e-03
 2.37800e+16	1.37e-01	8.62e-01	1.12e-03
 2.37854e+16	1.44e-01	8.55e-01	1.13e-03
 2.37912e+16	1.52e-01	8.47e-01	1.15e-03
 2.37969e+16	1.60e-01	8.39e-01	1.16e-03
 2.38022e+16	1.67e-01	8.31e-01	1.18e-03
 2.38074e+16	1.76e-01	8.23e-01	1.19e-03
 2.38127e+16	1.84e-01	8.14e-01	1.20e-03
 2.38179e+16	1.93e-01	8.05e-01	1.21e-03
 2.38230e+16	2.03e-01	7.96e-01	1.23e-03
 2.38281e+16	2.13e-01	7.86e-01	1.24e-03
 2.38331e+16	2.23e-01	7.76e-01	1.26e-03
 2.38381e+16	2.33e-01	7.65e-01	1.27e-03
 2.38429e+16	2.44e-01	7.55e-01	1.29e-03
 2.38478e+16	2.56e-01	7.43e-01	1.30e-03
 2.38527e+16	2.68e-01	7.31e-01	1.31e-03
 2.38574e+16	2.80e-01	7.19e-01	1.32e-03
 2.38620e+16	2.92e-01	7.07e-01	1.34e-03
 2.38667e+16	3.05e-01	6.93e-01	1.35e-03
 2.38713e+16	3.18e-01	6.81e-01	1.36e-03
 2.38758e+16	3.32e-01	6.67e-01	1.37e-03
 2.38803e+16	3.46e-01	6.53e-01	1.38e-03
 2.38847e+16	3.60e-01	6.39e-01	1.39e-03
 2.38892e+16	3.75e-01	6.24e-01	1.40e-03
 2.38935e+16	3.90e-01	6.09e-01	1.41e-03
 2.38977e+16	4.04e-01	5.94e-01	1.41e-03
 2.39019e+16	4.20e-01	5.79e-01	1.42e-03
 2.39061e+16	4.35e-01	5.64e-01	1.42e-03
 2.39103e+16	4.51e-01	5.48e-01	1.43e-03
 2.39143e+16	4.66e-01	5.32e-01	1.43e-03
 2.39183e+16	4.82e-01	5.17e-01	1.43e-03
 2.39222e+16	4.97e-01	5.02e-01	1.43e-03
 2.39261e+16	5.12e-01	4.87e-01	1.43e-03
 2.39298e+16	5.27e-01	4.72e-01	1.43e-03
 2.39334e+16	5.42e-01	4.57e-01	1.43e-03
 2.39371e+16	5.56e-01	4.42e-01	1.43e-03
 2.39406e+16	5.71e-01	4.28e-01	1.42e-03
 2.39441e+16	5.85e-01	4.13e-01	1.41e-03
 2.39475e+16	5.99e-01	3.99e-01	1.40e-03
 2.39509e+16	6.13e-01	3.86e-01	1.40e-03
 2.39542e+16	6.26e-01	3.72e-01	1.39e-03
 2.39575e+16	6.39e-01	3.59e-01	1.37e-03
 2.39607e+16	6.52e-01	3.47e-01	1.36e-03
 2.39638e+16	6.64e-01	3.34e-01	1.35e-03
 2.39669e+16	6.76e-01	3.22e-01	1.34e-03
 2.39700e+16	6.88e-01	3.11e-01	1.32e-03
 2.39731e+16	7.00e-01	2.99e-01	1.31e-03
 2.39761e+16	7.11e-01	2.88e-01	1.29e-03
 2.39791e+16	7.22e-01	2.77e-01	1.27e-03
 2.39821e+16	7.32e-01	2.67e-01	1.26e-03
 2.39850e+16	7.42e-01	2.56e-01	1.24e-03
 2.39880e+16	7.52e-01	2.46e-01	1.22e-03
 2.39909e+16	7.62e-01	2.37e-01	1.20e-03
 2.39934e+16	7.70e-01	2.29e-01	1.18e-03
 2.39953e+16	7.76e-01	2.23e-01	1.17e-03
 2.39971e+16	7.82e-01	2.17e-01	1.15e-03
 2.39990e+16	7.88e-01	2.11e-01	1.13e-03
 2.40009e+16	7.94e-01	2.05e-01	1.12e-03
 2.40028e+16	7.99e-01	2.00e-01	1.10e-03
 2.40046e+16	8.04e-01	1.94e-01	1.09e-03
 2.40063e+16	8.09e-01	1.90e-01	1.07e-03
 2.40080e+16	8.14e-01	1.85e-01	1.06e-03
 2.40097e+16	8.19e-01	1.80e-01	1.04e-03
 2.40113e+16	8.23e-01	1.76e-01	1.03e-03
 2.40129e+16	8.27e-01	1.72e-01	1.02e-03
 2.40144e+16	8.31e-01	1.68e-01	1.00e-03
 2.40160e+16	8.35e-01	1.64e-01	9.88e-04
 2.40175e+16	8.39e-01	1.60e-01	9.74e-04
 2.40190e+16	8.42e-01	1.57e-01	9.60e-04
 2.40205e+16	8.46e-01	1.53e-01	9.47e-04
 2.40220e+16	8.49e-01	1.50e-01	9.33e-04
 2.40234e+16	8.53e-01	1.46e-01	9.19e-04
 2.40249e+16	8.56e-01	1.43e-01	9.06e-04
 2.40264e+16	8.59e-01	1.40e-01	8.92e-04
 2.40279e+16	8.62e-01	1.37e-01	8.78e-04
 2.40295e+16	8.66e-01	1.33e-01	8.64e-04
 2.40310e+16	8.69e-01	1.30e-01	8.49e-04
 2.40327e+16	8.72e-01	1.27e-01	8.34e-04
 2.40344e+16	8.75e-01	1.24e-01	8.19e-04
 2.40362e+16	8.79e-01	1.21e-01	8.04e-04
 2.40382e+16	8.82e-01	1.17e-01	7.86e-04
 2.40404e+16	8.86e-01	1.13e-01	7.67e-04
 2.40429e+16	8.90e-01	1.09e-01	7.45e-04
 2.40456e+16	8.95e-01	1.05e-01	7.22e-04
 2.40484e+16	8.99e-01	1.01e-01	7.00e-04
 2.40510e+16	9.02e-01	9.70e-02	6.79e-04
 2.40535e+16	9.06e-01	9.35e-02	6.57e-04
 2.40561e+16	9.09e-01	9.02e-02	6.37e-04
 2.40586e+16	9.12e-01	8.72e-02	6.18e-04
 2.40608e+16	9.15e-01	8.46e-02	6.01e-04
 2.40628e+16	9.17e-01	8.24e-02	5.85e-04
 2.40647e+16	9.19e-01	8.03e-02	5.71e-04
 2.40663e+16	9.21e-01	7.86e-02	5.59e-04
 2.40682e+16	9.23e-01	7.66e-02	5.45e-04
 2.40702e+16	9.25e-01	7.48e-02	5.32e-04
 2.40720e+16	9.26e-01	7.31e-02	5.20e-04
 2.40736e+16	9.28e-01	7.17e-02	5.10e-04
 2.40754e+16	9.29e-01	7.00e-02	4.98e-04
 2.40774e+16	9.31e-01	6.85e-02	4.87e-04
 2.40791e+16	9.32e-01	6.71e-02	4.77e-04
 2.40811e+16	9.34e-01	6.55e-02	4.65e-04
 2.40832e+16	9.35e-01	6.41e-02	4.54e-04
 2.40851e+16	9.37e-01	6.28e-02	4.44e-04
 2.40868e+16	9.38e-01	6.16e-02	4.35e-04
 2.40887e+16	9.39e-01	6.03e-02	4.24e-04
 2.40908e+16	9.40e-01	5.91e-02	4.15e-04
 2.40926e+16	9.42e-01	5.81e-02	4.07e-04
 2.40943e+16	9.42e-01	5.71e-02	3.99e-04
 2.40962e+16	9.44e-01	5.61e-02	3.90e-04
 2.40982e+16	9.45e-01	5.51e-02	3.82e-04
 2.41000e+16	9.45e-01	5.42e-02	3.75e-04
 2.41020e+16	9.46e-01	5.32e-02	3.67e-04
 2.41042e+16	9.47e-01	5.23e-02	3.59e-04
 2.41062e+16	9.48e-01	5.15e-02	3.53e-04
 2.41083e+16	9.49e-01	5.05e-02	3.45e-04
 2.41106e+16	9.50e-01	4.97e-02	3.38e-04
 2.41128e+16	9.51e-01	4.89e-02	3.32e-04
 2.41151e+16	9.52e-01	4.81e-02	3.25e-04
 2.41176e+16	9.52e-01	4.74e-02	3.18e-04
 2.41199e+16	9.53e-01	4.67e-02	3.13e-04
 2.41224e+16	9.54e-01	4.59e-02	3.06e-04
 2.41256e+16	9.55e-01	4.51e-02	2.99e-04
 2.41291e+16	9.55e-01	4.43e-02	2.92e-04
 2.41323e+16	9.56e-01	4.36e-02	2.86e-04
 2.41352e+16	9.57e-01	4.30e-02	2.81e-04
 2.41384e+16	9.57e-01	4.24e-02	2.75e-04
 2.41426e+16	9.58e-01	4.16e-02	2.69e-04
 2.41470e+16	9.59e-01	4.10e-02	2.63e-04
 2.41511e+16	9.59e-01	4.04e-02	2.58e-04
 2.41556e+16	9.60e-01	3.98e-02	2.53e-04
 2.41613e+16	9.61e-01	3.91e-02	2.47e-04
 2.41676e+16	9.61e-01	3.86e-02	2.42e-04
 2.41733e+16	9.62e-01	3.81e-02	2.37e-04
 2.41795e+16	9.62e-01	3.75e-02	2.31e-04
 2.41876e+16	9.63e-01	3.69e-02	2.26e-04
 2.41964e+16	9.63e-01	3.63e-02	2.20e-04
 2.42044e+16	9.64e-01	3.60e-02	2.16e-04
 2.42131e+16	9.64e-01	3.55e-02	2.11e-04
 2.42244e+16	9.65e-01	3.50e-02	2.06e-04
 2.42367e+16	9.65e-01	3.44e-02	2.00e-04
 2.42478e+16	9.66e-01	3.41e-02	1.96e-04
 2.42600e+16	9.66e-01	3.36e-02	1.91e-04
 2.42759e+16	9.67e-01	3.30e-02	1.85e-04
 2.42931e+16	9.67e-01	3.24e-02	1.79e-04
 2.43087e+16	9.68e-01	3.19e-02	1.73e-04
 2.43229e+16	9.68e-01	3.15e-02	1.69e-04
 2.43384e+16	9.69e-01	3.10e-02	1.64e-04
 2.43552e+16	9.69e-01	3.05e-02	1.59e-04
 2.43705e+16	9.70e-01	3.01e-02	1.54e-04
 2.43872e+16	9.70e-01	2.96e-02	1.49e-04
 2.44053e+16	9.71e-01	2.91e-02	1.45e-04
 2.44218e+16	9.71e-01	2.87e-02	1.40e-04
 2.44367e+16	9.72e-01	2.83e-02	1.37e-04
 2.44531e+16	9.72e-01	2.78e-02	1.32e-04
 2.44709e+16	9.72e-01	2.74e-02	1.28e-04
 2.44870e+16	9.73e-01	2.70e-02	1.25e-04
 2.45046e+16	9.73e-01	2.65e-02	1.21e-04
 2.45237e+16	9.74e-01	2.61e-02	1.17e-04
 2.45410e+16	9.74e-01	2.57e-02	1.13e-04
 2.45601e+16	9.75e-01	2.52e-02	1.10e-04
 2.45806e+16	9.75e-01	2.48e-02	1.06e-04
 2.45993e+16	9.75e-01	2.44e-02	1.02e-04
 2.46163e+16	9.76e-01	2.40e-02	9.96e-05
 2.46349e+16	9.76e-01	2.36e-02	9.64e-05
 2.46550e+16	9.77e-01	2.33e-02	9.33e-05
 2.46733e+16	9.77e-01	2.29e-02	9.05e-05
 2.46933e+16	9.77e-01	2.25e-02	8.74e-05
 2.47150e+16	9.78e-01	2.21e-02	8.45e-05
 2.47347e+16	9.78e-01	2.17e-02	8.18e-05
 2.47563e+16	9.79e-01	2.13e-02	7.89e-05
 2.47796e+16	9.79e-01	2.09e-02	7.61e-05
 2.48008e+16	9.79e-01	2.06e-02	7.36e-05
 2.48240e+16	9.80e-01	2.02e-02	7.08e-05
 2.48491e+16	9.80e-01	1.98e-02	6.82e-05
 2.48719e+16	9.80e-01	1.94e-02	6.58e-05
 2.48927e+16	9.81e-01	1.91e-02	6.38e-05
 2.49155e+16	9.81e-01	1.88e-02	6.15e-05
 2.49400e+16	9.82e-01	1.84e-02	5.93e-05
 2.49624e+16	9.82e-01	1.81e-02	5.74e-05
 2.49869e+16	9.82e-01	1.78e-02	5.52e-05
 2.50134e+16	9.83e-01	1.74e-02	5.31e-05
 2.50375e+16	9.83e-01	1.71e-02	5.13e-05
 2.50638e+16	9.83e-01	1.68e-02	4.93e-05
 2.50923e+16	9.84e-01	1.64e-02	4.74e-05
 2.51182e+16	9.84e-01	1.61e-02	4.57e-05
 2.51466e+16	9.84e-01	1.58e-02	4.38e-05
 2.51773e+16	9.84e-01	1.55e-02	4.20e-05
 2.52052e+16	9.85e-01	1.52e-02	4.04e-05
 2.52358e+16	9.85e-01	1.48e-02	3.87e-05
 2.52688e+16	9.85e-01	1.45e-02	3.70e-05
 2.52988e+16	9.86e-01	1.42e-02	3.56e-05
 2.53317e+16	9.86e-01	1.39e-02	3.40e-05
 2.53673e+16	9.86e-01	1.36e-02	3.24e-05
 2.53996e+16	9.87e-01	1.33e-02	3.11e-05
 2.54290e+16	9.87e-01	1.30e-02	3.00e-05
 2.54613e+16	9.87e-01	1.27e-02	2.87e-05
 2.54961e+16	9.88e-01	1.25e-02	2.75e-05
 2.55278e+16	9.88e-01	1.22e-02	2.64e-05
 2.55625e+16	9.88e-01	1.19e-02	2.52e-05
 2.55999e+16	9.88e-01	1.16e-02	2.41e-05
 2.56340e+16	9.89e-01	1.14e-02	2.31e-05
 2.56714e+16	9.89e-01	1.11e-02	2.21e-05
 2.57118e+16	9.89e-01	1.09e-02	2.10e-05
 2.57485e+16	9.89e-01	1.06e-02	2.01e-05
 2.57887e+16	9.90e-01	1.04e-02	1.91e-05
 2.58321e+16	9.90e-01	1.01e-02	1.82e-05
 2.58716e+16	9.90e-01	9.87e-03	1.74e-05
 2.59150e+16	9.90e-01	9.61e-03	1.65e-05
 2.59617e+16	9.91e-01	9.36e-03	1.57e-05
 2.60042e+16	9.91e-01	9.14e-03	1.49e-05
 2.60509e+16	9.91e-01	8.89e-03	1.42e-05
 2.61012e+16	9.91e-01	8.64e-03	1.34e-05
 2.61470e+16	9.92e-01	8.43e-03	1.27e-05
 2.61972e+16	9.92e-01	8.19e-03	1.20e-05
 2.62514e+16	9.92e-01	7.95e-03	1.14e-05
 2.63007e+16	9.92e-01	7.74e-03	1.08e-05
 2.63547e+16	9.92e-01	7.51e-03	1.02e-05
 2.64250e+16	9.93e-01	7.22e-03	9.41e-06
 2.65064e+16	9.93e-01	6.92e-03	8.64e-06
 2.65898e+16	9.93e-01	6.62e-03	7.93e-06
 2.66749e+16	9.94e-01	6.34e-03	7.28e-06
 2.67635e+16	9.94e-01	6.06e-03	6.66e-06
 2.68557e+16	9.94e-01	5.79e-03	6.08e-06
 2.69513e+16	9.94e-01	5.52e-03	5.54e-06
 2.70500e+16	9.95e-01	5.26e-03	5.04e-06
 2.71512e+16	9.95e-01	5.01e-03	4.58e-06
 2.72540e+16	9.95e-01	4.78e-03	4.16e-06
 2.73586e+16	9.95e-01	4.55e-03	3.78e-06
 2.74653e+16	9.96e-01	4.33e-03	3.43e-06
 2.75741e+16	9.96e-01	4.12e-03	3.11e-06
 2.76848e+16	9.96e-01	3.92e-03	2.82e-06
 2.77976e+16	9.96e-01	3.73e-03	2.55e-06
 2.79124e+16	9.96e-01	3.55e-03	2.31e-06
 2.80277e+16	9.97e-01	3.38e-03	2.09e-06
 2.81447e+16	9.97e-01	3.21e-03	1.89e-06
 2.82660e+16	9.97e-01	3.05e-03	1.71e-06
 2.83902e+16	9.97e-01	2.89e-03	1.54e-06
 2.85165e+16	9.97e-01	2.74e-03	1.39e-06
 2.86449e+16	9.97e-01	2.60e-03	1.25e-06
 2.87756e+16	9.98e-01	2.47e-03	1.12e-06
 2.89088e+16	9.98e-01	2.34e-03	1.01e-06
 2.90448e+16	9.98e-01	2.21e-03	9.06e-07
 2.91834e+16	9.98e-01	2.10e-03	8.12e-07
 2.93247e+16	9.98e-01	1.98e-03	7.27e-07
 2.94690e+16	9.98e-01	1.87e-03	6.50e-07
 2.96163e+16	9.98e-01	1.77e-03	5.81e-07
 2.97667e+16	9.98e-01	1.67e-03	5.18e-07
 2.99203e+16	9.98e-01	1.58e-03	4.61e-07
 3.00771e+16	9.99e-01	1.49e-03	4.10e-07
 3.02375e+16	9.99e-01	1.40e-03	3.64e-07
 3.04015e+16	9.99e-01	1.32e-03	3.22e-07
 3.05693e+16	9.99e-01	1.24e-03	2.85e-07
 3.07411e+16	9.99e-01	1.16e-03	2.51e-07
 3.09171e+16	9.99e-01	1.09e-03	2.21e-07
 3.10975e+16	9.99e-01	1.02e-03	1.94e-07
 3.12826e+16	9.99e-01	9.58e-04	1.70e-07
 3.14725e+16	9.99e-01	8.96e-04	1.49e-07
 3.16678e+16	9.99e-01	8.36e-04	1.30e-07
 3.18688e+16	9.99e-01	7.80e-04	1.13e-07
 3.20759e+16	9.99e-01	7.27e-04	9.77e-08
 3.22850e+16	9.99e-01	6.77e-04	8.48e-08
 3.25000e+16	9.99e-01	6.29e-04	7.31e-08
 3.27278e+16	9.99e-01	5.82e-04	6.26e-08
 3.29654e+16	9.99e-01	5.37e-04	5.32e-08
 3.32108e+16	1.00e+00	4.95e-04	4.51e-08
 3.34653e+16	1.00e+00	4.55e-04	3.81e-08
 3.37308e+16	1.00e+00	4.17e-04	3.19e-08
 3.40087e+16	1.00e+00	3.81e-04	2.65e-08
 3.43001e+16	1.00e+00	3.46e-04	2.19e-08
 3.46074e+16	1.00e+00	3.13e-04	1.79e-08
 3.49318e+16	1.00e+00	2.82e-04	1.45e-08
 3.52771e+16	1.00e+00	2.53e-04	1.16e-08
 3.56458e+16	1.00e+00	2.25e-04	9.12e-09
 3.60390e+16	1.00e+00	1.98e-04	7.08e-09
 3.64628e+16	1.00e+00	1.74e-04	5.40e-09
 3.69247e+16	1.00e+00	1.50e-04	4.03e-09
 3.74334e+16	1.00e+00	1.28e-04	2.91e-09
 3.80162e+16	1.00e+00	1.07e-04	2.02e-09
 3.86516e+16	1.00e+00	8.81e-05	1.37e-09
 3.93533e+16	1.00e+00	7.09e-05	8.86e-10
 4.01613e+16	1.00e+00	5.55e-05	5.41e-10
 4.10142e+16	1.00e+00	4.30e-05	3.26e-10
 4.18608e+16	1.00e+00	3.35e-05	1.98e-10
 4.27017e+16	1.00e+00	2.62e-05	1.22e-10
 4.35530e+16	1.00e+00	2.05e-05	7.47e-11
 4.44259e+16	1.00e+00	1.59e-05	4.55e-11
 4.53213e+16	1.00e+00	1.24e-05	2.77e-11
 4.62393e+16	1.00e+00	9.59e-06	1.68e-11
 4.71833e+16	1.00e+00	7.42e-06	1.01e-11
 4.81579e+16	1.00e+00	5.71e-06	6.04e-12
 4.91646e+16	1.00e+00	4.38e-06	3.59e-12
 5.02013e+16	1.00e+00	3.36e-06	2.12e-12
 5.12804e+16	1.00e+00	2.56e-06	1.24e-12
 5.24098e+16	1.00e+00	1.94e-06	7.16e-13
 5.35897e+16	1.00e+00	1.46e-06	4.08e-13
 5.48284e+16	1.00e+00	1.09e-06	2.29e-13
 5.61347e+16	1.00e+00	8.04e-07	1.26e-13
 5.75203e+16	1.00e+00	5.89e-07	6.80e-14
 5.90001e+16	1.00e+00	4.25e-07	3.57e-14
 6.05484e+16	1.00e+00	3.06e-07	1.86e-14
 6.21144e+16	1.00e+00	2.21e-07	9.77e-15
 6.36804e+16	1.00e+00	1.62e-07	5.22e-15
 6.52465e+16	1.00e+00	1.19e-07	2.83e-15
 6.68125e+16	1.00e+00	8.80e-08	1.56e-15
 6.83785e+16	1.00e+00	6.57e-08	8.72e-16
 6.99445e+16	1.00e+00	4.94e-08	4.94e-16
 7.17455e+16	1.00e+00	3.55e-08	2.56e-16
 7.38120e+16	1.00e+00	2.48e-08	1.25e-16
 7.60153e+16	1.00e+00	1.71e-08	5.96e-17
 7.83816e+16	1.00e+00	1.16e-08	2.76e-17
 8.08281e+16	1.00e+00	7.89e-09	1.28e-17
 8.32983e+16	1.00e+00	5.41e-09	6.02e-18
 8.57683e+16	1.00e+00	3.75e-09	2.90e-18
 8.83515e+16	1.00e+00	2.58e-09	1.37e-18
 9.10935e+16	1.00e+00	1.76e-09	6.39e-19
 9.39084e+16	1.00e+00	1.20e-09	2.98e-19
 9.67504e+16	1.00e+00	8.26e-10	1.41e-19
 9.95924e+16	1.00e+00	5.74e-10	6.83e-20
 1.02434e+17	1.00e+00	4.03e-10	3.37e-20
 1.05276e+17	1.00e+00	2.85e-10	1.69e-20
 1.08118e+17	1.00e+00	2.04e-10	8.65e-21
 1.10960e+17	1.00e+00	1.47e-10	0.00e+00
 1.13802e+17	1.00e+00	1.07e-10	0.00e+00
 1.16781e+17	1.00e+00	7.66e-11	0.00e+00
 1.19903e+17	1.00e+00	5.48e-11	0.00e+00
 1.23022e+17	1.00e+00	3.96e-11	0.00e+00
 1.26114e+17	1.00e+00	2.90e-11	0.00e+00
 1.29166e+17	1.00e+00	2.15e-11	0.00e+00
 1.32156e+17	1.00e+00	1.62e-11	0.00e+00
 1.35073e+17	1.00e+00	1.24e-11	0.00e+00
 1.37909e+17	1.00e+00	9.67e-12	0.00e+00
 1.40654e+17	1.00e+00	7.67e-12	0.00e+00
 1.43300e+17	1.00e+00	6.20e-12	0.00e+00
 1.45841e+17	1.00e+00	5.10e-12	0.00e+00
 1.48274e+17	1.00e+00	4.27e-12	0.00e+00
 1.50596e+17	1.00e+00	3.64e-12	0.00e+00
 1.52810e+17	1.00e+00	3.16e-12	0.00e+00
 1.54916e+17	1.00e+00	2.79e-12	0.00e+00
 1.56916e+17	1.00e+00	2.49e-12	0.00e+00
 1.58814e+17	1.00e+00	2.26e-12	0.00e+00
 1.60613e+17	1.00e+00	2.07e-12	0.00e+00
 1.62318e+17	1.00e+00	1.92e-12	0.00e+00
 1.63933e+17	1.00e+00	1.79e-12	0.00e+00
 1.65462e+17	1.00e+00	1.69e-12	0.00e+00
 1.66910e+17	1.00e+00	1.61e-12	0.00e+00
 1.68281e+17	1.00e+00	1.54e-12	0.00e+00
 1.69579e+17	1.00e+00	1.48e-12	0.00e+00
 1.70809e+17	1.00e+00	1.43e-12	0.00e+00
 1.71974e+17	1.00e+00	1.39e-12	0.00e+00
 1.73077e+17	1.00e+00	1.35e-12	0.00e+00
 1.74124e+17	1.00e+00	1.32e-12	0.00e+00
 1.75115e+17	1.00e+00	1.29e-12	0.00e+00
 1.76055e+17	1.00e+00	1.27e-12	0.00e+00
 1.76947e+17	1.00e+00	1.24e-12	0.00e+00
 1.77792e+17	1.00e+00	1.23e-12	0.00e+00
 1.78596e+17	1.00e+00	1.21e-12	0.00e+00
 1.79359e+17	1.00e+00	1.20e-12	0.00e+00
 1.80084e+17	1.00e+00	1.18e-12	0.00e+00
 1.80773e+17	1.00e+00	1.17e-12	0.00e+00
 1.81428e+17	1.00e+00	1.16e-12	0.00e+00
 1.82051e+17	1.00e+00	1.15e-12	0.00e+00
 1.82644e+17	1.00e+00	1.14e-12	0.00e+00
 1.83209e+17	1.00e+00	1.14e-12	0.00e+00
 1.83748e+17	1.00e+00	1.13e-12	0.00e+00
 1.84262e+17	1.00e+00	1.12e-12	0.00e+00
 1.84752e+17	1.00e+00	1.12e-12	0.00e+00
 1.85220e+17	1.00e+00	1.11e-12	0.00e+00
 1.85667e+17	1.00e+00	1.11e-12	0.00e+00
 1.86096e+17	1.00e+00	1.10e-12	0.00e+00
 1.86506e+17	1.00e+00	1.10e-12	0.00e+00
 1.86900e+17	1.00e+00	1.09e-12	0.00e+00
 1.87277e+17	1.00e+00	1.09e-12	0.00e+00
 1.87640e+17	1.00e+00	1.09e-12	0.00e+00
 1.87990e+17	1.00e+00	1.08e-12	0.00e+00
 1.88327e+17	1.00e+00	1.08e-12	0.00e+00
 1.88653e+17	1.00e+00	1.08e-12	0.00e+00
 1.88968e+17	1.00e+00	1.07e-12	0.00e+00
 1.89274e+17	1.00e+00	1.07e-12	0.00e+00
 1.89571e+17	1.00e+00	1.07e-12	0.00e+00
 1.89861e+17	1.00e+00	1.07e-12	0.00e+00
 1.90145e+17	1.00e+00	1.06e-12	0.00e+00
 1.90424e+17	1.00e+00	1.06e-12	0.00e+00
 1.90699e+17	1.00e+00	1.06e-12	0.00e+00
 1.90971e+17	1.00e+00	1.06e-12	0.00e+00
 1.91241e+17	1.00e+00	1.06e-12	0.00e+00
 1.91512e+17	1.00e+00	1.05e-12	0.00e+00
 1.91784e+17	1.00e+00	1.05e-12	0.00e+00
 1.92060e+17	1.00e+00	1.05e-12	0.00e+00
 1.92342e+17	1.00e+00	1.05e-12	0.00e+00
 1.92632e+17	1.00e+00	1.04e-12	0.00e+00
 1.92935e+17	1.00e+00	1.04e-12	0.00e+00
 1.93254e+17	1.00e+00	1.04e-12	0.00e+00
 1.93595e+17	1.00e+00	1.04e-12	0.00e+00
 1.93965e+17	1.00e+00	1.03e-12	0.00e+00
 1.94374e+17	1.00e+00	1.03e-12	0.00e+00
 1.94837e+17	1.00e+00	1.02e-12	0.00e+00
 1.95372e+17	1.00e+00	1.02e-12	0.00e+00
 1.96009e+17	1.00e+00	1.01e-12	0.00e+00
 1.96793e+17	1.00e+00	1.00e-12	0.00e+00
 1.97794e+17	1.00e+00	9.88e-13	0.00e+00
 1.99096e+17	1.00e+00	9.68e-13	0.00e+00
 2.00787e+17	1.00e+00	9.39e-13	0.00e+00
 2.02987e+17	1.00e+00	8.99e-13	0.00e+00
 2.05846e+17	1.00e+00	8.45e-13	0.00e+00
 2.09563e+17	1.00e+00	7.74e-13	0.00e+00
 2.14396e+17	1.00e+00	6.86e-13	0.00e+00
 2.20678e+17	1.00e+00	5.82e-13	0.00e+00
 2.28713e+17	1.00e+00	4.66e-13	0.00e+00
 2.37862e+17	1.00e+00	3.56e-13	0.00e+00
 2.47376e+17	1.00e+00	3.14e-13	0.00e+00
 2.57271e+17	1.00e+00	2.84e-13	0.00e+00
 2.67562e+17	1.00e+00	2.58e-13	0.00e+00
 2.78264e+17	1.00e+00	2.32e-13	0.00e+00
 2.89395e+17	1.00e+00	2.08e-13	0.00e+00
 3.00971e+17	1.00e+00	1.84e-13	0.00e+00
 3.13010e+17	1.00e+00	1.62e-13	0.00e+00
 3.25530e+17	1.00e+00	1.40e-13	0.00e+00
 3.38551e+17	1.00e+00	1.20e-13	0.00e+00
 3.51331e+17	1.00e+00	1.01e-13	0.00e+00
 3.62683e+17	1.00e+00	1.01e-13	0.00e+00
 3.72460e+17	1.00e+00	1.12e-13	0.00e+00
 3.81371e+17	1.00e+00	1.18e-13	0.00e+00
 3.90046e+17	1.00e+00	1.13e-13	0.00e+00
 3.98515e+17	1.00e+00	1.02e-13	0.00e+00
 4.06283e+17	1.00e+00	9.34e-14	0.00e+00
 4.12976e+17	1.00e+00	9.03e-14	0.00e+00
 4.18094e+17	1.00e+00	8.87e-14	0.00e+00
 4.21297e+17	1.00e+00	9.28e-14	0.00e+00
 4.23115e+17	1.00e+00	9.73e-14	0.00e+00
 4.24189e+17	1.00e+00	1.00e-13	0.00e+00
 4.24834e+17	1.00e+00	1.02e-13	0.00e+00
 4.25253e+17	1.00e+00	1.02e-13	0.00e+00
 4.25615e+17	1.00e+00	1.03e-13	0.00e+00
 4.25995e+17	1.00e+00	1.03e-13	0.00e+00
 4.26411e+17	1.00e+00	1.04e-13	0.00e+00
 4.26833e+17	1.00e+00	1.04e-13	0.00e+00
 4.27208e+17	1.00e+00	1.04e-13	0.00e+00
 4.27528e+17	1.00e+00	1.04e-13	0.00e+00
 4.27814e+17	1.00e+00	1.04e-13	0.00e+00
 4.28085e+17	1.00e+00	1.04e-13	0.00e+00
 4.28350e+17	1.00e+00	1.04e-13	0.00e+00
 4.28613e+17	1.00e+00	1.04e-13	0.00e+00
 4.28855e+17	1.00e+00	1.04e-13	0.00e+00
 4.29081e+17	1.00e+00	1.03e-13	0.00e+00
 4.29303e+17	1.00e+00	1.03e-13	0.00e+00
 4.29510e+17	1.00e+00	1.03e-13	0.00e+00
 4.29702e+17	1.00e+00	1.03e-13	0.00e+00
 4.29894e+17	1.00e+00	1.02e-13	0.00e+00
 4.30090e+17	1.00e+00	1.02e-13	0.00e+00
 4.30271e+17	1.00e+00	1.02e-13	0.00e+00
 4.30438e+17	1.00e+00	1.02e-13	0.00e+00
 4.30595e+17	1.00e+00	1.01e-13	0.00e+00
 4.30749e+17	1.00e+00	1.01e-13	0.00e+00
 4.30901e+17	1.00e+00	1.01e-13	0.00e+00
 4.31054e+17	1.00e+00	1.00e-13	0.00e+00
 4.31206e+17	1.00e+00	1.00e-13	0.00e+00
 4.31349e+17	1.00e+00	9.98e-14	0.00e+00
 4.31484e+17	1.00e+00	9.95e-14	0.00e+00
 4.31622e+17	1.00e+00	9.92e-14	0.00e+00
 4.31764e+17	1.00e+00	9.89e-14	0.00e+00
 4.31902e+17	1.00e+00	9.85e-14	0.00e+00
 4.32034e+17	1.00e+00	9.82e-14	0.00e+00
 4.32169e+17	1.00e+00	9.79e-14	0.00e+00
 4.32307e+17	1.00e+00	9.75e-14	0.00e+00
 4.32441e+17	1.00e+00	9.71e-14	0.00e+00
 4.32571e+17	1.00e+00	9.68e-14	0.00e+00
 4.32706e+17	1.00e+00	9.64e-14	0.00e+00
 4.32848e+17	1.00e+00	9.60e-14	0.00e+00
 4.32991e+17	1.00e+00	9.56e-14	0.00e+00
 4.33128e+17	1.00e+00	9.51e-14	0.00e+00
 4.33258e+17	1.00e+00	9.48e-14	0.00e+00
 4.33401e+17	1.00e+00	9.44e-14	0.00e+00
 4.33562e+17	1.00e+00	9.38e-14	0.00e+00
 4.33717e+17	1.00e+00	9.33e-14	0.00e+00
 4.33858e+17	1.00e+00	9.29e-14	0.00e+00
 4.34012e+17	1.00e+00	9.24e-14	0.00e+00
 4.34194e+17	1.00e+00	9.18e-14	0.00e+00
 4.34379e+17	1.00e+00	9.11e-14	0.00e+00
 4.34534e+17	1.00e+00	9.05e-14	0.00e+00
 4.34682e+17	1.00e+00	9.00e-14	0.00e+00
 4.34857e+17	1.00e+00	8.95e-14	0.00e+00
 4.35057e+17	1.00e+00	8.87e-14	0.00e+00
 4.35250e+17	1.00e+00	8.80e-14	0.00e+00
 4.35425e+17	1.00e+00	8.73e-14	0.00e+00
 4.35607e+17	1.00e+00	8.67e-14	0.00e+00
 4.35811e+17	1.00e+00	8.59e-14	0.00e+00
 4.36031e+17	1.00e+00	8.51e-14	0.00e+00
 4.36245e+17	1.00e+00	8.42e-14	0.00e+00
 4.36446e+17	1.00e+00	8.35e-14	0.00e+00
 4.36657e+17	1.00e+00	8.27e-14	0.00e+00
 4.36892e+17	1.00e+00	8.18e-14	0.00e+00
 4.37140e+17	1.00e+00	8.08e-14	0.00e+00
 4.37389e+17	1.00e+00	7.98e-14	0.00e+00
 4.37633e+17	1.00e+00	7.88e-14	0.00e+00
 4.37876e+17	1.00e+00	7.78e-14	0.00e+00
 4.38130e+17	1.00e+00	7.68e-14	0.00e+00
 4.38395e+17	1.00e+00	7.58e-14	0.00e+00
 4.38674e+17	1.00e+00	7.47e-14	0.00e+00
 4.38970e+17	1.00e+00	7.35e-14	0.00e+00
 4.39268e+17	1.00e+00	7.22e-14	0.00e+00
 4.39558e+17	1.00e+00	7.11e-14	0.00e+00
 4.39863e+17	1.00e+00	6.98e-14	0.00e+00
 4.40186e+17	1.00e+00	6.86e-14	0.00e+00
 4.40520e+17	1.00e+00	6.72e-14	0.00e+00
 4.40860e+17	1.00e+00	6.58e-14	0.00e+00
 4.41188e+17	1.00e+00	6.44e-14	0.00e+00
 4.41530e+17	1.00e+00	6.32e-14	0.00e+00
 4.41902e+17	1.00e+00	6.17e-14	0.00e+00
 4.42288e+17	1.00e+00	6.01e-14	0.00e+00
 4.42659e+17	1.00e+00	5.86e-14	0.00e+00
 4.43032e+17	1.00e+00	5.72e-14	0.00e+00
 4.43425e+17	1.00e+00	5.57e-14	0.00e+00
 4.43840e+17	1.00e+00	5.41e-14	0.00e+00
 4.44270e+17	1.00e+00	5.25e-14	0.00e+00
 4.44697e+17	1.00e+00	5.08e-14	0.00e+00
 4.45122e+17	1.00e+00	4.93e-14	0.00e+00
 4.45560e+17	1.00e+00	4.77e-14	0.00e+00
 4.46017e+17	1.00e+00	4.61e-14	0.00e+00
 4.46485e+17	1.00e+00	4.44e-14	0.00e+00
 4.46960e+17	1.00e+00	4.28e-14	0.00e+00
 4.47444e+17	1.00e+00	4.11e-14	0.00e+00
 4.47940e+17	1.00e+00	3.94e-14	0.00e+00
 4.48446e+17	1.00e+00	3.78e-14	0.00e+00
 4.48965e+17	1.00e+00	3.61e-14	0.00e+00
 4.49492e+17	1.00e+00	3.45e-14	0.00e+00
 4.50042e+17	1.00e+00	3.29e-14	0.00e+00
 4.50606e+17	1.00e+00	3.12e-14	0.00e+00
 4.51176e+17	1.00e+00	2.96e-14	0.00e+00
 4.51755e+17	1.00e+00	2.79e-14	0.00e+00
 4.52333e+17	1.00e+00	2.64e-14	0.00e+00
 4.52930e+17	1.00e+00	2.49e-14	0.00e+00
 4.53567e+17	1.00e+00	2.34e-14	0.00e+00
 4.54239e+17	1.00e+00	2.18e-14	0.00e+00
 4.54922e+17	1.00e+00	2.03e-14	0.00e+00
 4.55604e+17	1.00e+00	1.88e-14	0.00e+00
 4.56288e+17	1.00e+00	1.74e-14	0.00e+00
 4.56945e+17	1.00e+00	1.61e-14	0.00e+00
 4.57525e+17	1.00e+00	1.50e-14	0.00e+00
 4.58027e+17	1.00e+00	1.41e-14	0.00e+00
 4.58488e+17	1.00e+00	1.33e-14	0.00e+00
 4.58937e+17	1.00e+00	1.26e-14	0.00e+00
 4.59382e+17	1.00e+00	1.20e-14	0.00e+00
 4.59807e+17	1.00e+00	1.13e-14	0.00e+00
 4.60202e+17	1.00e+00	1.08e-14	0.00e+00
 4.60574e+17	1.00e+00	1.03e-14	0.00e+00
 4.60932e+17	1.00e+00	9.80e-15	0.00e+00
 4.61281e+17	1.00e+00	9.36e-15	0.00e+00
 4.61620e+17	1.00e+00	8.94e-15	0.00e+00
 4.61944e+17	1.00e+00	8.55e-15	0.00e+00
 4.62255e+17	1.00e+00	8.19e-15	0.00e+00
 4.62553e+17	1.00e+00	7.85e-15	0.00e+00
 4.62842e+17	1.00e+00	7.53e-15	0.00e+00
 4.63122e+17	1.00e+00	7.23e-15	0.00e+00
 4.63394e+17	1.00e+00	6.95e-15	0.00e+00
 4.63656e+17	1.00e+00	6.68e-15	0.00e+00
 4.63908e+17	1.00e+00	6.42e-15	0.00e+00
 4.64153e+17	1.00e+00	6.17e-15	0.00e+00
 4.64392e+17	1.00e+00	5.95e-15	0.00e+00
 4.64623e+17	1.00e+00	5.72e-15	0.00e+00
 4.64844e+17	1.00e+00	5.54e-15	0.00e+00
 4.65060e+17	1.00e+00	5.34e-15	0.00e+00
 4.65274e+17	1.00e+00	5.15e-15	0.00e+00
 4.65481e+17	1.00e+00	4.97e-15	0.00e+00
 4.65680e+17	1.00e+00	4.80e-15	0.00e+00
 4.65874e+17	1.00e+00	4.65e-15	0.00e+00
 4.66066e+17	1.00e+00	4.50e-15	0.00e+00
 4.66287e+17	1.00e+00	4.34e-15	0.00e+00
 4.66575e+17	1.00e+00	4.16e-15	0.00e+00
 4.66949e+17	1.00e+00	3.93e-15	0.00e+00
 4.67435e+17	1.00e+00	3.64e-15	0.00e+00
 4.68066e+17	1.00e+00	3.28e-15	0.00e+00
 4.68888e+17	1.00e+00	2.87e-15	0.00e+00
 4.69837e+17	1.00e+00	2.40e-15	0.00e+00
 4.70710e+17	1.00e+00	1.98e-15	0.00e+00
 4.71378e+17	1.00e+00	1.70e-15	0.00e+00
 4.71892e+17	1.00e+00	1.52e-15	0.00e+00
 4.72387e+17	1.00e+00	1.38e-15	0.00e+00
 4.72945e+17	1.00e+00	1.24e-15	0.00e+00
 4.73557e+17	1.00e+00	1.10e-15	0.00e+00
 4.74172e+17	1.00e+00	9.69e-16	0.00e+00
 4.74749e+17	1.00e+00	8.58e-16	0.00e+00
 4.75289e+17	1.00e+00	7.67e-16	0.00e+00
 4.75829e+17	1.00e+00	6.88e-16	0.00e+00
 4.76405e+17	1.00e+00	6.15e-16	0.00e+00
 4.77023e+17	1.00e+00	5.43e-16	0.00e+00
 4.77664e+17	1.00e+00	4.77e-16	0.00e+00
 4.78315e+17	1.00e+00	4.18e-16	0.00e+00
