#depth	C	C+	C+2	C+3	C+4	C+5	C+6	C[1]	C[2]	C[3]	C+[1]	C+[2]	CO
 1.49634e+10	2.90e-45	4.46e-34	5.62e-24	2.19e-14	2.85e-04	4.43e-01	5.56e-01	0.00e+00	0.00e+00	0.00e+00	0.00e+00	0.00e+00	2.00e-143
 4.54887e+10	0.00e+00	6.35e-34	7.40e-24	2.66e-14	3.20e-04	4.63e-01	5.37e-01	0.00e+00	0.00e+00	0.00e+00	0.00e+00	0.00e+00	1.00e-187
 7.72350e+10	6.92e-45	9.11e-34	9.80e-24	3.26e-14	3.62e-04	4.83e-01	5.17e-01	0.00e+00	0.00e+00	0.00e+00	0.00e+00	0.00e+00	1.97e-142
 1.10251e+11	0.00e+00	1.31e-33	1.30e-23	3.99e-14	4.08e-04	5.03e-01	4.97e-01	0.00e+00	0.00e+00	0.00e+00	0.00e+00	0.00e+00	5.19e-187
 1.44588e+11	1.67e-44	1.87e-33	1.72e-23	4.86e-14	4.60e-04	5.23e-01	4.77e-01	0.00e+00	0.00e+00	0.00e+00	0.00e+00	0.00e+00	1.95e-141
 1.80298e+11	0.00e+00	2.68e-33	2.27e-23	5.94e-14	5.19e-04	5.42e-01	4.57e-01	0.00e+00	0.00e+00	0.00e+00	0.00e+00	0.00e+00	2.69e-186
 2.17437e+11	4.01e-44	3.83e-33	3.00e-23	7.24e-14	5.84e-04	5.62e-01	4.37e-01	0.00e+00	0.00e+00	0.00e+00	0.00e+00	0.00e+00	1.94e-140
 2.53354e+11	0.00e+00	5.34e-33	3.88e-23	8.69e-14	6.51e-04	5.80e-01	4.19e-01	0.00e+00	0.00e+00	0.00e+00	0.00e+00	0.00e+00	1.41e-185
 2.86980e+11	8.70e-44	7.22e-33	4.90e-23	1.03e-13	7.18e-04	5.97e-01	4.03e-01	0.00e+00	0.00e+00	0.00e+00	0.00e+00	0.00e+00	1.49e-139
 3.24658e+11	0.00e+00	1.00e-32	6.32e-23	1.23e-13	7.99e-04	6.14e-01	3.85e-01	0.00e+00	0.00e+00	0.00e+00	0.00e+00	0.00e+00	6.00e-185
 3.66532e+11	1.99e-43	1.41e-32	8.26e-23	1.48e-13	8.93e-04	6.32e-01	3.67e-01	0.00e+00	0.00e+00	0.00e+00	0.00e+00	0.00e+00	1.31e-138
 4.06917e+11	0.00e+00	1.95e-32	1.06e-22	1.77e-13	9.89e-04	6.49e-01	3.50e-01	0.00e+00	0.00e+00	0.00e+00	0.00e+00	0.00e+00	2.78e-184
 4.49957e+11	4.44e-43	2.73e-32	1.37e-22	2.12e-13	1.10e-03	6.66e-01	3.33e-01	0.00e+00	0.00e+00	0.00e+00	0.00e+00	0.00e+00	1.09e-137
 4.97882e+11	0.00e+00	3.88e-32	1.80e-22	2.57e-13	1.23e-03	6.83e-01	3.15e-01	0.00e+00	0.00e+00	0.00e+00	0.00e+00	0.00e+00	1.20e-183
 5.46119e+11	1.05e-42	5.47e-32	2.35e-22	3.10e-13	1.37e-03	7.00e-01	2.99e-01	0.00e+00	0.00e+00	0.00e+00	0.00e+00	0.00e+00	1.05e-136
 5.96285e+11	0.00e+00	7.73e-32	3.07e-22	3.74e-13	1.53e-03	7.16e-01	2.82e-01	0.00e+00	0.00e+00	0.00e+00	0.00e+00	0.00e+00	5.73e-183
 6.50063e+11	2.47e-42	1.10e-31	4.03e-22	4.53e-13	1.71e-03	7.32e-01	2.66e-01	0.00e+00	0.00e+00	0.00e+00	0.00e+00	0.00e+00	1.02e-135
 7.05993e+11	0.00e+00	1.57e-31	5.30e-22	5.48e-13	1.90e-03	7.48e-01	2.51e-01	0.00e+00	0.00e+00	0.00e+00	0.00e+00	0.00e+00	2.60e-182
 7.64159e+11	5.91e-42	2.24e-31	6.96e-22	6.63e-13	2.12e-03	7.62e-01	2.35e-01	0.00e+00	0.00e+00	0.00e+00	0.00e+00	0.00e+00	1.03e-134
 8.24652e+11	0.00e+00	3.19e-31	9.15e-22	8.02e-13	2.37e-03	7.77e-01	2.21e-01	0.00e+00	0.00e+00	0.00e+00	0.00e+00	0.00e+00	1.12e-181
 8.87565e+11	1.42e-41	4.55e-31	1.20e-21	9.70e-13	2.64e-03	7.90e-01	2.07e-01	0.00e+00	0.00e+00	0.00e+00	0.00e+00	0.00e+00	1.04e-133
 9.52994e+11	0.00e+00	6.49e-31	1.58e-21	1.17e-12	2.94e-03	8.03e-01	1.94e-01	0.00e+00	0.00e+00	0.00e+00	0.00e+00	0.00e+00	4.05e-181
 1.02104e+12	3.40e-41	9.26e-31	2.08e-21	1.42e-12	3.27e-03	8.15e-01	1.81e-01	0.00e+00	0.00e+00	0.00e+00	0.00e+00	0.00e+00	1.07e-132
 1.08484e+12	0.00e+00	1.27e-30	2.65e-21	1.68e-12	3.60e-03	8.26e-01	1.70e-01	0.00e+00	0.00e+00	0.00e+00	0.00e+00	0.00e+00	8.18e-181
 1.14161e+12	7.11e-41	1.68e-30	3.29e-21	1.95e-12	3.91e-03	8.35e-01	1.61e-01	0.00e+00	0.00e+00	0.00e+00	0.00e+00	0.00e+00	7.57e-132
 1.20522e+12	0.00e+00	2.28e-30	4.15e-21	2.29e-12	4.28e-03	8.44e-01	1.52e-01	0.00e+00	0.00e+00	0.00e+00	0.00e+00	0.00e+00	0.00e+00
 1.28096e+12	1.59e-40	3.22e-30	5.41e-21	2.75e-12	4.74e-03	8.53e-01	1.42e-01	0.00e+00	0.00e+00	0.00e+00	0.00e+00	0.00e+00	6.34e-131
 1.35725e+12	0.00e+00	4.51e-30	7.00e-21	3.29e-12	5.23e-03	8.62e-01	1.32e-01	0.00e+00	0.00e+00	0.00e+00	0.00e+00	0.00e+00	0.00e+00
 1.42845e+12	3.49e-40	6.10e-30	8.83e-21	3.86e-12	5.72e-03	8.70e-01	1.24e-01	0.00e+00	0.00e+00	0.00e+00	0.00e+00	0.00e+00	5.16e-130
 1.50736e+12	0.00e+00	8.46e-30	1.14e-20	4.59e-12	6.30e-03	8.77e-01	1.16e-01	0.00e+00	0.00e+00	0.00e+00	0.00e+00	0.00e+00	0.00e+00
 1.59758e+12	8.16e-40	1.21e-29	1.50e-20	5.55e-12	6.99e-03	8.85e-01	1.08e-01	0.00e+00	0.00e+00	0.00e+00	0.00e+00	0.00e+00	4.90e-129
 1.68708e+12	0.00e+00	1.71e-29	1.95e-20	6.65e-12	7.72e-03	8.92e-01	1.00e-01	0.00e+00	0.00e+00	0.00e+00	0.00e+00	0.00e+00	0.00e+00
 1.78015e+12	1.91e-39	2.41e-29	2.54e-20	7.97e-12	8.53e-03	8.99e-01	9.30e-02	0.00e+00	0.00e+00	0.00e+00	0.00e+00	0.00e+00	4.70e-128
 1.88128e+12	0.00e+00	3.47e-29	3.35e-20	9.64e-12	9.47e-03	9.05e-01	8.59e-02	0.00e+00	0.00e+00	0.00e+00	0.00e+00	0.00e+00	0.00e+00
 1.98410e+12	4.65e-39	4.94e-29	4.39e-20	1.16e-11	1.05e-02	9.10e-01	7.94e-02	0.00e+00	0.00e+00	0.00e+00	0.00e+00	0.00e+00	4.93e-127
 2.07972e+12	0.00e+00	6.79e-29	5.60e-20	1.37e-11	1.15e-02	9.15e-01	7.40e-02	0.00e+00	0.00e+00	0.00e+00	0.00e+00	0.00e+00	0.00e+00
 2.16797e+12	9.82e-39	9.03e-29	6.97e-20	1.59e-11	1.24e-02	9.18e-01	6.94e-02	0.00e+00	0.00e+00	0.00e+00	0.00e+00	0.00e+00	3.57e-126
 2.26893e+12	0.00e+00	1.24e-28	8.89e-20	1.88e-11	1.36e-02	9.22e-01	6.46e-02	0.00e+00	0.00e+00	0.00e+00	0.00e+00	0.00e+00	0.00e+00
 2.38749e+12	2.28e-38	1.78e-28	1.17e-19	2.27e-11	1.50e-02	9.25e-01	5.95e-02	0.00e+00	0.00e+00	0.00e+00	0.00e+00	0.00e+00	3.29e-125
 2.50499e+12	0.00e+00	2.51e-28	1.52e-19	2.71e-11	1.66e-02	9.29e-01	5.49e-02	0.00e+00	0.00e+00	0.00e+00	0.00e+00	0.00e+00	0.00e+00
 2.61488e+12	5.13e-38	3.43e-28	1.93e-19	3.19e-11	1.81e-02	9.31e-01	5.11e-02	0.00e+00	0.00e+00	0.00e+00	0.00e+00	0.00e+00	2.82e-124
 2.73709e+12	0.00e+00	4.79e-28	2.50e-19	3.80e-11	1.98e-02	9.33e-01	4.72e-02	0.00e+00	0.00e+00	0.00e+00	0.00e+00	0.00e+00	0.00e+00
 2.87650e+12	1.23e-37	6.93e-28	3.32e-19	4.60e-11	2.20e-02	9.35e-01	4.32e-02	0.00e+00	0.00e+00	0.00e+00	0.00e+00	0.00e+00	2.84e-123
 3.01374e+12	0.00e+00	9.84e-28	4.34e-19	5.52e-11	2.42e-02	9.36e-01	3.97e-02	0.00e+00	0.00e+00	0.00e+00	0.00e+00	0.00e+00	0.00e+00
 3.15647e+12	2.95e-37	1.40e-27	5.68e-19	6.62e-11	2.66e-02	9.37e-01	3.65e-02	0.00e+00	0.00e+00	0.00e+00	0.00e+00	0.00e+00	2.83e-122
 3.31265e+12	0.00e+00	2.03e-27	7.55e-19	8.03e-11	2.94e-02	9.37e-01	3.33e-02	0.00e+00	0.00e+00	0.00e+00	0.00e+00	0.00e+00	0.00e+00
 3.46962e+12	7.32e-37	2.91e-27	9.96e-19	9.68e-11	3.24e-02	9.37e-01	3.05e-02	0.00e+00	0.00e+00	0.00e+00	0.00e+00	0.00e+00	3.10e-121
 3.63286e+12	0.00e+00	4.18e-27	1.31e-18	1.17e-10	3.58e-02	9.36e-01	2.79e-02	0.00e+00	0.00e+00	0.00e+00	0.00e+00	0.00e+00	0.00e+00
 3.80810e+12	1.83e-36	6.08e-27	1.75e-18	1.42e-10	3.95e-02	9.35e-01	2.54e-02	0.00e+00	0.00e+00	0.00e+00	0.00e+00	0.00e+00	3.43e-120
 3.98196e+12	0.00e+00	8.69e-27	2.30e-18	1.70e-10	4.35e-02	9.33e-01	2.32e-02	0.00e+00	0.00e+00	0.00e+00	0.00e+00	0.00e+00	0.00e+00
 4.16277e+12	4.45e-36	1.24e-26	3.03e-18	2.05e-10	4.78e-02	9.31e-01	2.11e-02	0.00e+00	0.00e+00	0.00e+00	0.00e+00	0.00e+00	3.55e-119
 4.35921e+12	0.00e+00	1.81e-26	4.05e-18	2.49e-10	5.28e-02	9.28e-01	1.91e-02	0.00e+00	0.00e+00	0.00e+00	0.00e+00	0.00e+00	0.00e+00
 4.56351e+12	1.13e-35	2.64e-26	5.41e-18	3.02e-10	5.82e-02	9.24e-01	1.73e-02	0.00e+00	0.00e+00	0.00e+00	0.00e+00	0.00e+00	4.10e-118
 4.77598e+12	0.00e+00	3.84e-26	7.22e-18	3.67e-10	6.42e-02	9.20e-01	1.57e-02	0.00e+00	0.00e+00	0.00e+00	0.00e+00	0.00e+00	0.00e+00
 4.99694e+12	2.88e-35	5.60e-26	9.65e-18	4.46e-10	7.08e-02	9.15e-01	1.42e-02	0.00e+00	0.00e+00	0.00e+00	0.00e+00	0.00e+00	4.72e-117
 5.19631e+12	0.00e+00	7.77e-26	1.24e-17	5.29e-10	7.70e-02	9.10e-01	1.29e-02	0.00e+00	0.00e+00	0.00e+00	0.00e+00	0.00e+00	4.82e-100
 5.36162e+12	5.98e-35	1.01e-25	1.52e-17	6.05e-10	8.24e-02	9.06e-01	1.20e-02	0.00e+00	0.00e+00	0.00e+00	0.00e+00	0.00e+00	0.00e+00
 5.54238e+12	8.44e-35	1.33e-25	1.88e-17	6.99e-10	8.84e-02	9.00e-01	1.11e-02	0.00e+00	0.00e+00	0.00e+00	0.00e+00	0.00e+00	7.90e-116
 5.77240e+12	1.29e-34	1.88e-25	2.46e-17	8.35e-10	9.65e-02	8.93e-01	1.01e-02	0.00e+00	0.00e+00	0.00e+00	0.00e+00	0.00e+00	1.33e-97
 6.01286e+12	1.98e-34	2.65e-25	3.21e-17	9.98e-10	1.05e-01	8.86e-01	9.14e-03	0.00e+00	0.00e+00	0.00e+00	0.00e+00	0.00e+00	0.00e+00
 6.22488e+12	2.84e-34	3.55e-25	4.02e-17	1.16e-09	1.13e-01	8.78e-01	8.39e-03	0.00e+00	0.00e+00	0.00e+00	0.00e+00	0.00e+00	1.90e-114
 6.42099e+12	3.92e-34	4.61e-25	4.93e-17	1.33e-09	1.21e-01	8.71e-01	7.76e-03	0.00e+00	0.00e+00	0.00e+00	0.00e+00	0.00e+00	1.51e-96
 6.64340e+12	5.59e-34	6.14e-25	6.15e-17	1.54e-09	1.30e-01	8.63e-01	7.12e-03	0.00e+00	0.00e+00	0.00e+00	0.00e+00	0.00e+00	0.00e+00
 6.91946e+12	8.54e-34	8.64e-25	8.03e-17	1.84e-09	1.41e-01	8.52e-01	6.41e-03	0.00e+00	0.00e+00	0.00e+00	0.00e+00	0.00e+00	3.42e-113
 7.19526e+12	1.28e-33	1.20e-24	1.04e-16	2.19e-09	1.53e-01	8.41e-01	5.78e-03	0.00e+00	0.00e+00	0.00e+00	0.00e+00	0.00e+00	2.00e-95
 7.43137e+12	1.79e-33	1.57e-24	1.28e-16	2.52e-09	1.63e-01	8.31e-01	5.31e-03	0.00e+00	0.00e+00	0.00e+00	0.00e+00	0.00e+00	2.40e-112
 7.68585e+12	2.52e-33	2.08e-24	1.59e-16	2.91e-09	1.75e-01	8.21e-01	4.85e-03	0.00e+00	0.00e+00	0.00e+00	0.00e+00	0.00e+00	8.78e-95
 8.00125e+12	3.80e-33	2.90e-24	2.06e-16	3.46e-09	1.89e-01	8.07e-01	4.35e-03	0.00e+00	0.00e+00	0.00e+00	0.00e+00	0.00e+00	1.78e-111
 8.32561e+12	5.69e-33	4.01e-24	2.66e-16	4.10e-09	2.04e-01	7.92e-01	3.89e-03	0.00e+00	0.00e+00	0.00e+00	0.00e+00	0.00e+00	5.18e-94
 8.61842e+12	8.05e-33	5.32e-24	3.31e-16	4.74e-09	2.18e-01	7.79e-01	3.53e-03	0.00e+00	0.00e+00	0.00e+00	0.00e+00	0.00e+00	1.31e-110
 8.94047e+12	1.16e-32	7.16e-24	4.18e-16	5.53e-09	2.33e-01	7.64e-01	3.18e-03	0.00e+00	0.00e+00	0.00e+00	0.00e+00	0.00e+00	2.47e-93
 9.31990e+12	1.75e-32	9.99e-24	5.42e-16	6.57e-09	2.51e-01	7.46e-01	2.82e-03	0.00e+00	0.00e+00	0.00e+00	0.00e+00	0.00e+00	1.06e-109
 9.69932e+12	2.59e-32	1.37e-23	6.95e-16	7.74e-09	2.70e-01	7.28e-01	2.51e-03	0.00e+00	0.00e+00	0.00e+00	0.00e+00	0.00e+00	1.44e-92
 1.00597e+13	3.69e-32	1.83e-23	8.70e-16	8.97e-09	2.87e-01	7.11e-01	2.25e-03	0.00e+00	0.00e+00	0.00e+00	0.00e+00	0.00e+00	7.99e-109
 1.04579e+13	5.36e-32	2.47e-23	1.10e-15	1.05e-08	3.06e-01	6.92e-01	2.01e-03	0.00e+00	0.00e+00	0.00e+00	0.00e+00	0.00e+00	7.18e-92
 1.09061e+13	7.99e-32	3.42e-23	1.42e-15	1.24e-08	3.28e-01	6.71e-01	1.77e-03	0.00e+00	0.00e+00	0.00e+00	0.00e+00	0.00e+00	6.64e-108
 1.13543e+13	1.17e-31	4.65e-23	1.80e-15	1.45e-08	3.49e-01	6.49e-01	1.56e-03	0.00e+00	0.00e+00	0.00e+00	0.00e+00	0.00e+00	4.06e-91
 1.17511e+13	1.61e-31	6.03e-23	2.21e-15	1.65e-08	3.68e-01	6.31e-01	1.40e-03	0.00e+00	0.00e+00	0.00e+00	0.00e+00	0.00e+00	4.60e-107
 1.20840e+13	2.08e-31	7.43e-23	2.60e-15	1.83e-08	3.83e-01	6.16e-01	1.28e-03	0.00e+00	0.00e+00	0.00e+00	0.00e+00	0.00e+00	1.48e-90
 1.24422e+13	2.72e-31	9.22e-23	3.07e-15	2.04e-08	3.99e-01	6.00e-01	1.17e-03	0.00e+00	0.00e+00	0.00e+00	0.00e+00	0.00e+00	2.01e-106
 1.29080e+13	3.80e-31	1.21e-22	3.79e-15	2.34e-08	4.20e-01	5.79e-01	1.04e-03	0.00e+00	0.00e+00	0.00e+00	0.00e+00	0.00e+00	5.79e-90
 1.33953e+13	5.31e-31	1.58e-22	4.68e-15	2.68e-08	4.41e-01	5.58e-01	9.17e-04	0.00e+00	0.00e+00	0.00e+00	0.00e+00	0.00e+00	1.33e-105
 1.38111e+13	6.97e-31	1.97e-22	5.55e-15	2.99e-08	4.59e-01	5.41e-01	8.29e-04	0.00e+00	0.00e+00	0.00e+00	0.00e+00	0.00e+00	2.30e-89
 1.42521e+13	9.21e-31	2.47e-22	6.61e-15	3.34e-08	4.77e-01	5.23e-01	7.46e-04	0.00e+00	0.00e+00	0.00e+00	0.00e+00	0.00e+00	6.40e-105
 1.48064e+13	1.29e-30	3.24e-22	8.14e-15	3.81e-08	4.99e-01	5.01e-01	6.56e-04	0.00e+00	0.00e+00	0.00e+00	0.00e+00	0.00e+00	9.43e-89
 1.53770e+13	1.79e-30	4.22e-22	1.00e-14	4.34e-08	5.20e-01	4.79e-01	5.75e-04	0.00e+00	0.00e+00	0.00e+00	0.00e+00	0.00e+00	4.35e-104
 1.58802e+13	2.36e-30	5.28e-22	1.19e-14	4.83e-08	5.39e-01	4.61e-01	5.14e-04	0.00e+00	0.00e+00	0.00e+00	0.00e+00	0.00e+00	3.84e-88
 1.64266e+13	3.15e-30	6.66e-22	1.42e-14	5.41e-08	5.58e-01	4.42e-01	4.57e-04	0.00e+00	0.00e+00	0.00e+00	0.00e+00	0.00e+00	2.28e-103
 1.70296e+13	4.28e-30	8.51e-22	1.72e-14	6.08e-08	5.78e-01	4.21e-01	4.02e-04	0.00e+00	0.00e+00	0.00e+00	0.00e+00	0.00e+00	1.55e-87
 1.75852e+13	5.60e-30	1.06e-21	2.03e-14	6.75e-08	5.96e-01	4.04e-01	3.58e-04	0.00e+00	0.00e+00	0.00e+00	0.00e+00	0.00e+00	1.25e-102
 1.81866e+13	7.41e-30	1.32e-21	2.41e-14	7.50e-08	6.14e-01	3.85e-01	3.17e-04	0.00e+00	0.00e+00	0.00e+00	0.00e+00	0.00e+00	5.68e-87
 1.88572e+13	1.00e-29	1.68e-21	2.89e-14	8.40e-08	6.34e-01	3.66e-01	2.77e-04	0.00e+00	0.00e+00	0.00e+00	0.00e+00	0.00e+00	7.07e-102
 1.94855e+13	1.31e-29	2.09e-21	3.41e-14	9.29e-08	6.51e-01	3.49e-01	2.46e-04	0.00e+00	0.00e+00	0.00e+00	0.00e+00	0.00e+00	2.21e-86
 2.01698e+13	1.73e-29	2.62e-21	4.05e-14	1.03e-07	6.68e-01	3.32e-01	2.16e-04	0.00e+00	0.00e+00	0.00e+00	0.00e+00	0.00e+00	3.74e-101
 2.09302e+13	2.34e-29	3.32e-21	4.86e-14	1.15e-07	6.86e-01	3.13e-01	1.88e-04	0.00e+00	0.00e+00	0.00e+00	0.00e+00	0.00e+00	8.97e-86
 2.16399e+13	3.06e-29	4.12e-21	5.72e-14	1.27e-07	7.02e-01	2.97e-01	1.66e-04	0.00e+00	0.00e+00	0.00e+00	0.00e+00	0.00e+00	2.12e-100
 2.24132e+13	4.05e-29	5.15e-21	6.77e-14	1.41e-07	7.18e-01	2.81e-01	1.45e-04	0.00e+00	0.00e+00	0.00e+00	0.00e+00	0.00e+00	3.43e-85
 2.32778e+13	5.46e-29	6.54e-21	8.11e-14	1.57e-07	7.35e-01	2.64e-01	1.25e-04	0.00e+00	0.00e+00	0.00e+00	0.00e+00	0.00e+00	1.27e-99
 2.40933e+13	7.17e-29	8.11e-21	9.54e-14	1.72e-07	7.50e-01	2.50e-01	1.10e-04	0.00e+00	0.00e+00	0.00e+00	0.00e+00	0.00e+00	1.40e-84
 2.49857e+13	9.54e-29	1.02e-20	1.13e-13	1.91e-07	7.65e-01	2.35e-01	9.53e-05	0.00e+00	0.00e+00	0.00e+00	0.00e+00	0.00e+00	7.25e-99
 2.59850e+13	1.29e-28	1.30e-20	1.36e-13	2.12e-07	7.80e-01	2.20e-01	8.17e-05	0.00e+00	0.00e+00	0.00e+00	0.00e+00	0.00e+00	6.14e-84
 2.69323e+13	1.71e-28	1.62e-20	1.60e-13	2.34e-07	7.93e-01	2.07e-01	7.10e-05	0.00e+00	0.00e+00	0.00e+00	0.00e+00	0.00e+00	4.56e-98
 2.79472e+13	2.28e-28	2.03e-20	1.89e-13	2.57e-07	8.06e-01	1.94e-01	6.14e-05	0.00e+00	0.00e+00	0.00e+00	0.00e+00	0.00e+00	2.56e-83
 2.90950e+13	3.11e-28	2.59e-20	2.27e-13	2.86e-07	8.20e-01	1.80e-01	5.23e-05	0.00e+00	0.00e+00	0.00e+00	0.00e+00	0.00e+00	3.03e-97
 3.02321e+13	4.17e-28	3.27e-20	2.69e-13	3.16e-07	8.32e-01	1.68e-01	4.49e-05	0.00e+00	0.00e+00	0.00e+00	0.00e+00	0.00e+00	1.20e-82
 3.14147e+13	5.60e-28	4.12e-20	3.19e-13	3.48e-07	8.43e-01	1.57e-01	3.85e-05	0.00e+00	0.00e+00	0.00e+00	0.00e+00	0.00e+00	2.00e-96
 3.27012e+13	7.61e-28	5.24e-20	3.80e-13	3.84e-07	8.54e-01	1.46e-01	3.28e-05	0.00e+00	0.00e+00	0.00e+00	0.00e+00	0.00e+00	5.64e-82
 3.40392e+13	1.04e-27	6.67e-20	4.53e-13	4.24e-07	8.65e-01	1.35e-01	2.80e-05	0.00e+00	0.00e+00	0.00e+00	0.00e+00	0.00e+00	1.45e-95
 3.53062e+13	1.37e-27	8.29e-20	5.31e-13	4.63e-07	8.74e-01	1.26e-01	2.42e-05	0.00e+00	0.00e+00	0.00e+00	0.00e+00	0.00e+00	2.60e-81
 3.64450e+13	1.74e-27	1.00e-19	6.09e-13	5.00e-07	8.81e-01	1.19e-01	2.13e-05	0.00e+00	0.00e+00	0.00e+00	0.00e+00	0.00e+00	7.82e-95
 3.75116e+13	2.17e-27	1.19e-19	6.89e-13	5.36e-07	8.87e-01	1.13e-01	1.89e-05	0.00e+00	0.00e+00	0.00e+00	0.00e+00	0.00e+00	8.72e-81
 3.86912e+13	2.75e-27	1.43e-19	7.86e-13	5.76e-07	8.94e-01	1.06e-01	1.67e-05	0.00e+00	0.00e+00	0.00e+00	0.00e+00	0.00e+00	3.44e-94
 4.00166e+13	3.56e-27	1.75e-19	9.07e-13	6.23e-07	9.00e-01	9.97e-02	1.46e-05	0.00e+00	0.00e+00	0.00e+00	0.00e+00	0.00e+00	3.23e-80
 4.12810e+13	4.51e-27	2.10e-19	1.03e-12	6.70e-07	9.06e-01	9.40e-02	1.29e-05	0.00e+00	0.00e+00	0.00e+00	0.00e+00	0.00e+00	1.72e-93
 4.26737e+13	5.82e-27	2.56e-19	1.19e-12	7.23e-07	9.12e-01	8.82e-02	1.13e-05	0.00e+00	0.00e+00	0.00e+00	0.00e+00	0.00e+00	1.19e-79
 4.42266e+13	7.65e-27	3.16e-19	1.38e-12	7.84e-07	9.18e-01	8.24e-02	9.80e-06	0.00e+00	0.00e+00	0.00e+00	0.00e+00	0.00e+00	9.60e-93
 4.56589e+13	9.77e-27	3.81e-19	1.58e-12	8.43e-07	9.23e-01	7.75e-02	8.62e-06	0.00e+00	0.00e+00	0.00e+00	0.00e+00	0.00e+00	4.74e-79
 4.69878e+13	1.22e-26	4.51e-19	1.78e-12	8.99e-07	9.27e-01	7.33e-02	7.68e-06	0.00e+00	0.00e+00	0.00e+00	0.00e+00	0.00e+00	4.36e-92
 4.85111e+13	1.56e-26	5.45e-19	2.03e-12	9.64e-07	9.31e-01	6.89e-02	6.77e-06	0.00e+00	0.00e+00	0.00e+00	0.00e+00	0.00e+00	1.65e-78
 5.03745e+13	2.08e-26	6.82e-19	2.37e-12	1.05e-06	9.36e-01	6.41e-02	5.83e-06	0.00e+00	0.00e+00	0.00e+00	0.00e+00	0.00e+00	2.52e-91
 5.22324e+13	2.75e-26	8.44e-19	2.76e-12	1.14e-06	9.40e-01	5.97e-02	5.03e-06	0.00e+00	0.00e+00	0.00e+00	0.00e+00	0.00e+00	7.64e-78
 5.38484e+13	3.48e-26	1.01e-18	3.12e-12	1.21e-06	9.44e-01	5.63e-02	4.46e-06	0.00e+00	0.00e+00	0.00e+00	0.00e+00	0.00e+00	1.34e-90
 5.55977e+13	4.46e-26	1.22e-18	3.56e-12	1.30e-06	9.47e-01	5.30e-02	3.93e-06	0.00e+00	0.00e+00	0.00e+00	0.00e+00	0.00e+00	2.84e-77
 5.77331e+13	5.99e-26	1.53e-18	4.15e-12	1.41e-06	9.51e-01	4.93e-02	3.39e-06	0.00e+00	0.00e+00	0.00e+00	0.00e+00	0.00e+00	7.88e-90
 5.99085e+13	7.95e-26	1.90e-18	4.83e-12	1.52e-06	9.54e-01	4.58e-02	2.92e-06	0.00e+00	0.00e+00	0.00e+00	0.00e+00	0.00e+00	1.36e-76
 6.18746e+13	1.02e-25	2.30e-18	5.50e-12	1.63e-06	9.57e-01	4.31e-02	2.57e-06	0.00e+00	0.00e+00	0.00e+00	0.00e+00	0.00e+00	2.72e-76
 6.40303e+13	1.34e-25	2.82e-18	6.32e-12	1.75e-06	9.60e-01	4.03e-02	2.25e-06	0.00e+00	0.00e+00	0.00e+00	0.00e+00	0.00e+00	5.67e-76
 6.65687e+13	1.82e-25	3.56e-18	7.39e-12	1.90e-06	9.63e-01	3.74e-02	1.93e-06	0.00e+00	0.00e+00	0.00e+00	0.00e+00	0.00e+00	1.31e-75
 6.91004e+13	2.43e-25	4.44e-18	8.60e-12	2.05e-06	9.65e-01	3.48e-02	1.66e-06	0.00e+00	0.00e+00	0.00e+00	0.00e+00	0.00e+00	2.88e-75
 7.14830e+13	3.18e-25	5.43e-18	9.85e-12	2.20e-06	9.67e-01	3.26e-02	1.46e-06	0.00e+00	0.00e+00	0.00e+00	0.00e+00	0.00e+00	6.00e-75
 7.41219e+13	4.24e-25	6.75e-18	1.14e-11	2.37e-06	9.70e-01	3.04e-02	1.27e-06	0.00e+00	0.00e+00	0.00e+00	0.00e+00	0.00e+00	1.32e-74
 7.71167e+13	5.77e-25	8.53e-18	1.34e-11	2.57e-06	9.72e-01	2.81e-02	1.08e-06	0.00e+00	0.00e+00	0.00e+00	0.00e+00	0.00e+00	3.07e-74
 8.01087e+13	7.82e-25	1.07e-17	1.56e-11	2.78e-06	9.74e-01	2.62e-02	9.33e-07	0.00e+00	0.00e+00	0.00e+00	0.00e+00	0.00e+00	7.06e-74
 8.32204e+13	1.06e-24	1.35e-17	1.81e-11	3.00e-06	9.76e-01	2.43e-02	0.00e+00	0.00e+00	0.00e+00	0.00e+00	0.00e+00	0.00e+00	1.63e-73
 8.65792e+13	1.45e-24	1.70e-17	2.12e-11	3.25e-06	9.77e-01	2.25e-02	0.00e+00	0.00e+00	0.00e+00	0.00e+00	0.00e+00	0.00e+00	3.84e-73
 9.00723e+13	1.98e-24	2.16e-17	2.49e-11	3.51e-06	9.79e-01	2.09e-02	0.00e+00	0.00e+00	0.00e+00	0.00e+00	0.00e+00	0.00e+00	9.10e-73
 9.34449e+13	2.65e-24	2.68e-17	2.88e-11	3.78e-06	9.81e-01	1.94e-02	0.00e+00	0.00e+00	0.00e+00	0.00e+00	0.00e+00	0.00e+00	2.03e-72
 9.66029e+13	3.44e-24	3.27e-17	3.29e-11	4.04e-06	9.82e-01	1.82e-02	0.00e+00	0.00e+00	0.00e+00	0.00e+00	0.00e+00	0.00e+00	4.18e-72
 9.95734e+13	4.38e-24	3.92e-17	3.71e-11	4.30e-06	9.83e-01	1.72e-02	0.00e+00	0.00e+00	0.00e+00	0.00e+00	0.00e+00	0.00e+00	8.08e-72
 1.02803e+14	5.64e-24	4.74e-17	4.21e-11	4.58e-06	9.84e-01	1.61e-02	0.00e+00	0.00e+00	0.00e+00	0.00e+00	1.53e-17	3.21e-17	1.62e-71
 1.06403e+14	7.40e-24	5.81e-17	4.83e-11	4.91e-06	9.85e-01	1.51e-02	0.00e+00	0.00e+00	0.00e+00	0.00e+00	1.93e-17	3.88e-17	3.42e-71
 1.09797e+14	9.48e-24	7.01e-17	5.48e-11	5.23e-06	9.86e-01	1.42e-02	0.00e+00	0.00e+00	0.00e+00	0.00e+00	2.33e-17	4.68e-17	6.78e-71
 1.13524e+14	1.23e-23	8.53e-17	6.25e-11	5.58e-06	9.87e-01	1.33e-02	0.00e+00	0.00e+00	0.00e+00	0.00e+00	2.83e-17	5.70e-17	1.40e-70
 1.17711e+14	1.65e-23	1.06e-16	7.22e-11	6.00e-06	9.88e-01	1.24e-02	0.00e+00	0.00e+00	0.00e+00	0.00e+00	3.52e-17	7.09e-17	3.11e-70
 1.21713e+14	2.13e-23	1.29e-16	8.25e-11	6.42e-06	9.88e-01	1.16e-02	0.00e+00	0.00e+00	0.00e+00	0.00e+00	4.27e-17	8.60e-17	6.27e-70
 1.26123e+14	2.83e-23	1.59e-16	9.50e-11	6.89e-06	9.89e-01	1.08e-02	0.00e+00	0.00e+00	0.00e+00	0.00e+00	5.28e-17	1.06e-16	1.37e-69
 1.31079e+14	3.84e-23	2.01e-16	1.11e-10	7.44e-06	9.90e-01	1.00e-02	0.00e+00	0.00e+00	0.00e+00	0.00e+00	6.66e-17	1.34e-16	3.19e-69
 1.35832e+14	5.05e-23	2.47e-16	1.28e-10	7.99e-06	9.91e-01	9.35e-03	0.00e+00	0.00e+00	0.00e+00	0.00e+00	8.19e-17	1.65e-16	6.77e-69
 1.40895e+14	6.76e-23	3.07e-16	1.48e-10	8.60e-06	9.91e-01	8.71e-03	0.00e+00	0.00e+00	0.00e+00	0.00e+00	1.02e-16	2.05e-16	1.52e-68
 1.46560e+14	9.13e-23	3.86e-16	1.73e-10	9.32e-06	9.92e-01	8.04e-03	0.00e+00	0.00e+00	0.00e+00	0.00e+00	1.28e-16	2.58e-16	3.44e-68
 1.51791e+14	1.20e-22	4.75e-16	1.99e-10	9.99e-06	9.92e-01	7.51e-03	0.00e+00	0.00e+00	0.00e+00	0.00e+00	1.58e-16	3.17e-16	7.38e-68
 1.56317e+14	1.51e-22	5.64e-16	2.24e-10	1.06e-05	9.93e-01	7.08e-03	0.00e+00	0.00e+00	0.00e+00	0.00e+00	1.87e-16	3.77e-16	1.38e-67
 1.61340e+14	1.94e-22	6.82e-16	2.54e-10	1.13e-05	9.93e-01	6.65e-03	0.00e+00	0.00e+00	0.00e+00	0.00e+00	2.26e-16	4.56e-16	2.75e-67
 1.67478e+14	2.57e-22	8.46e-16	2.95e-10	1.22e-05	9.94e-01	6.17e-03	0.00e+00	0.00e+00	0.00e+00	0.00e+00	2.81e-16	5.65e-16	5.95e-67
 1.73684e+14	3.44e-22	1.05e-15	3.41e-10	1.31e-05	9.94e-01	5.74e-03	0.00e+00	0.00e+00	0.00e+00	0.00e+00	3.49e-16	7.03e-16	1.33e-66
 1.79260e+14	4.36e-22	1.26e-15	3.88e-10	1.40e-05	9.95e-01	5.38e-03	0.00e+00	0.00e+00	0.00e+00	0.00e+00	4.18e-16	8.43e-16	2.53e-66
 1.85397e+14	5.68e-22	1.54e-15	4.44e-10	1.50e-05	9.95e-01	5.04e-03	0.00e+00	0.00e+00	0.00e+00	0.00e+00	5.11e-16	1.03e-15	5.28e-66
 1.92659e+14	7.60e-22	1.92e-15	5.18e-10	1.62e-05	9.95e-01	4.66e-03	0.00e+00	0.00e+00	0.00e+00	0.00e+00	6.38e-16	1.28e-15	1.17e-65
 1.99789e+14	1.00e-21	2.37e-15	6.00e-10	1.75e-05	9.96e-01	4.33e-03	0.00e+00	0.00e+00	0.00e+00	0.00e+00	7.88e-16	1.59e-15	2.49e-65
 2.06282e+14	1.29e-21	2.87e-15	6.82e-10	1.86e-05	9.96e-01	4.06e-03	0.00e+00	0.00e+00	0.00e+00	0.00e+00	9.53e-16	1.92e-15	5.01e-65
 2.13540e+14	1.67e-21	3.50e-15	7.84e-10	2.00e-05	9.96e-01	3.79e-03	0.00e+00	0.00e+00	0.00e+00	0.00e+00	1.16e-15	2.34e-15	1.02e-64
 2.22011e+14	2.24e-21	4.38e-15	9.17e-10	2.16e-05	9.96e-01	3.50e-03	0.00e+00	0.00e+00	0.00e+00	0.00e+00	1.45e-15	2.93e-15	2.28e-64
 2.30347e+14	2.99e-21	5.46e-15	1.06e-09	2.33e-05	9.97e-01	3.25e-03	0.00e+00	0.00e+00	0.00e+00	0.00e+00	1.81e-15	3.65e-15	5.07e-64
 2.38227e+14	3.82e-21	6.59e-15	1.22e-09	2.50e-05	9.97e-01	3.03e-03	0.00e+00	0.00e+00	0.00e+00	0.00e+00	2.18e-15	4.40e-15	9.91e-64
 2.46997e+14	5.02e-21	8.13e-15	1.41e-09	2.69e-05	9.97e-01	2.82e-03	0.00e+00	0.00e+00	0.00e+00	0.00e+00	2.69e-15	5.43e-15	2.12e-63
 2.56907e+14	6.76e-21	1.02e-14	1.65e-09	2.91e-05	9.97e-01	2.60e-03	0.00e+00	0.00e+00	0.00e+00	0.00e+00	3.38e-15	6.81e-15	4.79e-63
 2.66805e+14	9.06e-21	1.28e-14	1.92e-09	3.14e-05	9.98e-01	2.41e-03	0.00e+00	0.00e+00	0.00e+00	0.00e+00	4.23e-15	8.53e-15	1.08e-62
 2.76085e+14	1.16e-20	1.54e-14	2.20e-09	3.37e-05	9.98e-01	2.25e-03	0.00e+00	0.00e+00	0.00e+00	0.00e+00	5.11e-15	1.03e-14	2.13e-62
 2.86144e+14	1.52e-20	1.89e-14	2.54e-09	3.62e-05	9.98e-01	2.09e-03	0.00e+00	0.00e+00	0.00e+00	0.00e+00	6.27e-15	1.27e-14	4.48e-62
 2.97388e+14	2.04e-20	2.37e-14	2.96e-09	3.92e-05	9.98e-01	1.94e-03	0.00e+00	0.00e+00	0.00e+00	0.00e+00	7.86e-15	1.59e-14	1.02e-61
 3.07905e+14	2.63e-20	2.89e-14	3.40e-09	4.20e-05	9.98e-01	1.80e-03	0.00e+00	0.00e+00	0.00e+00	0.00e+00	9.57e-15	1.93e-14	2.07e-61
 3.17628e+14	3.29e-20	3.43e-14	3.85e-09	4.48e-05	9.98e-01	1.69e-03	0.00e+00	0.00e+00	0.00e+00	0.00e+00	1.14e-14	2.29e-14	3.80e-61
 3.26937e+14	4.11e-20	4.07e-14	4.33e-09	4.75e-05	9.98e-01	1.60e-03	0.00e+00	0.00e+00	0.00e+00	0.00e+00	1.35e-14	2.72e-14	7.08e-61
 3.37252e+14	5.14e-20	4.83e-14	4.90e-09	5.06e-05	9.98e-01	1.50e-03	0.00e+00	0.00e+00	0.00e+00	0.00e+00	1.60e-14	3.23e-14	1.31e-60
 3.48666e+14	6.61e-20	5.86e-14	5.60e-09	5.41e-05	9.99e-01	1.40e-03	0.00e+00	0.00e+00	0.00e+00	0.00e+00	1.94e-14	3.92e-14	2.64e-60
 3.59330e+14	8.15e-20	6.89e-14	6.32e-09	5.76e-05	9.99e-01	1.32e-03	0.00e+00	0.00e+00	0.00e+00	0.00e+00	2.28e-14	4.61e-14	4.71e-60
 3.71016e+14	1.04e-19	8.28e-14	7.18e-09	6.14e-05	9.99e-01	1.23e-03	0.00e+00	0.00e+00	0.00e+00	0.00e+00	2.74e-14	5.54e-14	9.16e-60
 3.84131e+14	1.34e-19	1.01e-13	8.25e-09	6.59e-05	9.99e-01	1.15e-03	0.00e+00	0.00e+00	0.00e+00	0.00e+00	3.35e-14	6.78e-14	1.90e-59
 3.96625e+14	1.68e-19	1.20e-13	9.38e-09	7.03e-05	9.99e-01	1.08e-03	0.00e+00	0.00e+00	0.00e+00	0.00e+00	3.98e-14	8.06e-14	3.51e-59
 4.10389e+14	2.18e-19	1.47e-13	1.07e-08	7.53e-05	9.99e-01	1.01e-03	0.00e+00	0.00e+00	0.00e+00	0.00e+00	4.86e-14	9.84e-14	7.26e-59
 4.25565e+14	2.79e-19	1.78e-13	1.24e-08	8.12e-05	9.99e-01	9.33e-04	0.00e+00	0.00e+00	0.00e+00	0.00e+00	5.90e-14	1.19e-13	1.45e-58
 4.39498e+14	3.55e-19	2.14e-13	1.41e-08	8.66e-05	9.99e-01	8.74e-04	0.00e+00	0.00e+00	0.00e+00	0.00e+00	7.09e-14	1.44e-13	2.82e-58
 4.54533e+14	4.55e-19	2.60e-13	1.62e-08	9.28e-05	9.99e-01	8.16e-04	0.00e+00	0.00e+00	0.00e+00	0.00e+00	8.60e-14	1.74e-13	5.66e-58
 4.71383e+14	5.83e-19	3.16e-13	1.87e-08	1.00e-04	9.99e-01	7.57e-04	0.00e+00	0.00e+00	0.00e+00	0.00e+00	1.04e-13	2.12e-13	1.13e-57
 4.87257e+14	7.49e-19	3.83e-13	2.14e-08	1.07e-04	9.99e-01	7.08e-04	0.00e+00	0.00e+00	0.00e+00	0.00e+00	1.27e-13	2.57e-13	2.27e-57
 5.04559e+14	9.48e-19	4.61e-13	2.46e-08	1.15e-04	9.99e-01	6.58e-04	0.00e+00	0.00e+00	0.00e+00	0.00e+00	1.52e-13	3.09e-13	4.38e-57
 5.23733e+14	1.25e-18	5.72e-13	2.86e-08	1.24e-04	9.99e-01	6.10e-04	0.00e+00	0.00e+00	0.00e+00	0.00e+00	1.89e-13	3.83e-13	9.60e-57
 5.41645e+14	1.58e-18	6.84e-13	3.27e-08	1.33e-04	9.99e-01	5.68e-04	0.00e+00	0.00e+00	0.00e+00	0.00e+00	2.26e-13	4.58e-13	1.81e-56
 5.61180e+14	2.03e-18	8.33e-13	3.77e-08	1.43e-04	9.99e-01	5.29e-04	0.00e+00	0.00e+00	0.00e+00	0.00e+00	2.75e-13	5.58e-13	3.68e-56
 5.82991e+14	2.63e-18	1.02e-12	4.39e-08	1.55e-04	9.99e-01	4.88e-04	0.00e+00	0.00e+00	0.00e+00	0.00e+00	3.37e-13	6.85e-13	7.62e-56
 6.03572e+14	3.38e-18	1.24e-12	5.05e-08	1.66e-04	9.99e-01	4.54e-04	0.00e+00	0.00e+00	0.00e+00	0.00e+00	4.09e-13	8.33e-13	1.54e-55
 6.25642e+14	4.30e-18	1.50e-12	5.83e-08	1.79e-04	9.99e-01	4.21e-04	0.00e+00	0.00e+00	0.00e+00	0.00e+00	4.95e-13	1.01e-12	3.05e-55
 6.50697e+14	5.70e-18	1.88e-12	6.82e-08	1.94e-04	9.99e-01	3.88e-04	0.00e+00	0.00e+00	0.00e+00	0.00e+00	6.19e-13	1.26e-12	6.81e-55
 6.75334e+14	7.29e-18	2.28e-12	7.93e-08	2.10e-04	9.99e-01	3.59e-04	0.00e+00	0.00e+00	0.00e+00	0.00e+00	7.51e-13	1.53e-12	1.35e-54
 6.98955e+14	9.28e-18	2.76e-12	9.10e-08	2.25e-04	9.99e-01	3.34e-04	0.00e+00	0.00e+00	0.00e+00	0.00e+00	9.10e-13	1.86e-12	2.70e-54
 7.24941e+14	1.19e-17	3.35e-12	1.05e-07	2.44e-04	9.99e-01	3.09e-04	0.00e+00	0.00e+00	0.00e+00	0.00e+00	1.10e-12	2.25e-12	5.38e-54
 7.53969e+14	1.55e-17	4.15e-12	1.24e-07	2.65e-04	9.99e-01	2.84e-04	0.00e+00	0.00e+00	0.00e+00	0.00e+00	1.37e-12	2.79e-12	1.16e-53
 7.78680e+14	1.91e-17	4.91e-12	1.41e-07	2.84e-04	9.99e-01	2.65e-04	0.00e+00	0.00e+00	0.00e+00	0.00e+00	1.61e-12	3.29e-12	2.09e-53
 7.96874e+14	2.23e-17	5.55e-12	1.55e-07	2.98e-04	9.99e-01	2.52e-04	0.00e+00	0.00e+00	0.00e+00	0.00e+00	1.82e-12	3.73e-12	3.25e-53
 8.15919e+14	2.62e-17	6.31e-12	1.70e-07	3.13e-04	9.99e-01	2.40e-04	0.00e+00	0.00e+00	0.00e+00	0.00e+00	2.07e-12	4.24e-12	5.14e-53
 8.40678e+14	3.17e-17	7.37e-12	1.92e-07	3.34e-04	9.99e-01	2.25e-04	0.00e+00	0.00e+00	0.00e+00	0.00e+00	2.42e-12	4.95e-12	8.94e-53
 8.67958e+14	3.92e-17	8.74e-12	2.18e-07	3.58e-04	9.99e-01	2.10e-04	0.00e+00	0.00e+00	0.00e+00	0.00e+00	2.87e-12	5.87e-12	1.64e-52
 8.93223e+14	4.74e-17	1.02e-11	2.45e-07	3.81e-04	9.99e-01	1.97e-04	0.00e+00	3.96e-18	1.19e-17	1.98e-17	3.35e-12	6.85e-12	2.86e-52
 9.20774e+14	5.78e-17	1.19e-11	2.77e-07	4.07e-04	9.99e-01	1.84e-04	0.00e+00	4.83e-18	1.45e-17	2.42e-17	3.92e-12	8.02e-12	5.03e-52
 9.51642e+14	7.19e-17	1.43e-11	3.17e-07	4.38e-04	9.99e-01	1.71e-04	0.00e+00	6.01e-18	1.80e-17	3.01e-17	4.68e-12	9.58e-12	9.49e-52
 9.80965e+14	8.70e-17	1.67e-11	3.59e-07	4.67e-04	9.99e-01	1.60e-04	0.00e+00	7.28e-18	2.18e-17	3.65e-17	5.48e-12	1.12e-11	1.67e-51
 1.01323e+15	1.07e-16	1.97e-11	4.09e-07	5.03e-04	9.99e-01	1.49e-04	0.00e+00	8.95e-18	2.69e-17	4.49e-17	6.47e-12	1.32e-11	3.04e-51
 1.04909e+15	1.35e-16	2.38e-11	4.71e-07	5.42e-04	9.99e-01	1.38e-04	0.00e+00	1.13e-17	3.39e-17	5.66e-17	7.80e-12	1.60e-11	6.01e-51
 1.08289e+15	1.64e-16	2.79e-11	5.36e-07	5.82e-04	9.99e-01	1.29e-04	0.00e+00	1.38e-17	4.13e-17	6.90e-17	9.17e-12	1.88e-11	1.08e-50
 1.12009e+15	2.02e-16	3.33e-11	6.14e-07	6.27e-04	9.99e-01	1.20e-04	0.00e+00	1.70e-17	5.10e-17	8.52e-17	1.09e-11	2.24e-11	2.05e-50
 1.16138e+15	2.57e-16	4.03e-11	7.13e-07	6.81e-04	9.99e-01	1.10e-04	0.00e+00	2.16e-17	6.48e-17	1.08e-16	1.32e-11	2.71e-11	4.12e-50
 1.19962e+15	3.12e-16	4.76e-11	8.12e-07	7.31e-04	9.99e-01	1.03e-04	0.00e+00	2.62e-17	7.88e-17	1.32e-16	1.56e-11	3.20e-11	7.54e-50
 1.24094e+15	3.89e-16	5.69e-11	9.32e-07	7.90e-04	9.99e-01	9.50e-05	0.00e+00	3.28e-17	9.85e-17	1.65e-16	1.87e-11	3.82e-11	1.46e-49
 1.28701e+15	4.89e-16	6.87e-11	1.08e-06	8.58e-04	9.99e-01	8.75e-05	0.00e+00	4.13e-17	1.24e-16	2.07e-16	2.25e-11	4.62e-11	2.94e-49
 1.33015e+15	5.95e-16	8.12e-11	1.23e-06	9.23e-04	9.99e-01	8.14e-05	0.00e+00	5.03e-17	1.51e-16	2.52e-16	2.66e-11	5.46e-11	5.46e-49
 1.37711e+15	7.50e-16	9.77e-11	1.42e-06	9.99e-04	9.99e-01	7.52e-05	0.00e+00	6.34e-17	1.90e-16	3.18e-16	3.21e-11	6.56e-11	1.10e-48
 1.42944e+15	9.42e-16	1.18e-10	1.65e-06	1.09e-03	9.99e-01	6.91e-05	0.00e+00	7.97e-17	2.39e-16	4.00e-16	3.88e-11	7.94e-11	2.25e-48
 1.47847e+15	1.15e-15	1.40e-10	1.89e-06	1.17e-03	9.99e-01	6.42e-05	0.00e+00	9.75e-17	2.93e-16	4.89e-16	4.60e-11	9.42e-11	4.28e-48
 1.53176e+15	1.46e-15	1.70e-10	2.18e-06	1.27e-03	9.99e-01	5.92e-05	0.00e+00	1.24e-16	3.72e-16	6.21e-16	5.57e-11	1.14e-10	8.86e-48
 1.59135e+15	1.85e-15	2.07e-10	2.54e-06	1.38e-03	9.99e-01	5.44e-05	0.00e+00	1.58e-16	4.73e-16	7.90e-16	6.79e-11	1.39e-10	1.89e-47
 1.64797e+15	2.29e-15	2.48e-10	2.92e-06	1.50e-03	9.98e-01	5.02e-05	0.00e+00	1.95e-16	5.86e-16	9.79e-16	8.14e-11	1.66e-10	3.82e-47
 1.70855e+15	2.89e-15	3.00e-10	3.38e-06	1.63e-03	9.98e-01	4.63e-05	0.00e+00	2.46e-16	7.38e-16	1.23e-15	9.84e-11	2.01e-10	8.01e-47
 1.77692e+15	3.70e-15	3.69e-10	3.95e-06	1.77e-03	9.98e-01	4.25e-05	0.00e+00	3.15e-16	9.47e-16	1.58e-15	1.21e-10	2.48e-10	1.80e-46
 1.84463e+15	4.68e-15	4.49e-10	4.59e-06	1.93e-03	9.98e-01	3.90e-05	0.00e+00	4.00e-16	1.20e-15	2.00e-15	1.47e-10	3.01e-10	3.92e-46
 1.89998e+15	5.56e-15	5.20e-10	5.17e-06	2.06e-03	9.98e-01	3.66e-05	0.00e+00	4.76e-16	1.43e-15	2.38e-15	1.71e-10	3.49e-10	7.02e-46
 1.94293e+15	6.51e-15	5.90e-10	5.65e-06	2.17e-03	9.98e-01	3.48e-05	0.00e+00	5.57e-16	1.67e-15	2.79e-15	1.94e-10	3.96e-10	1.16e-45
 1.98996e+15	7.60e-15	6.70e-10	6.22e-06	2.29e-03	9.98e-01	3.30e-05	0.00e+00	6.51e-16	1.95e-15	3.26e-15	2.20e-10	4.50e-10	1.94e-45
 2.05110e+15	9.21e-15	7.87e-10	7.02e-06	2.45e-03	9.98e-01	3.08e-05	0.00e+00	7.90e-16	2.37e-15	3.96e-15	2.59e-10	5.28e-10	3.68e-45
 2.11728e+15	1.13e-14	9.32e-10	7.97e-06	2.64e-03	9.97e-01	2.87e-05	0.00e+00	9.68e-16	2.91e-15	4.85e-15	3.06e-10	6.25e-10	7.20e-45
 2.17686e+15	1.35e-14	1.08e-09	8.90e-06	2.80e-03	9.97e-01	2.70e-05	0.00e+00	1.16e-15	3.48e-15	5.81e-15	3.56e-10	7.26e-10	1.31e-44
 2.24113e+15	1.62e-14	1.26e-09	9.99e-06	2.99e-03	9.97e-01	2.54e-05	0.00e+00	1.39e-15	4.18e-15	6.98e-15	4.15e-10	8.47e-10	2.41e-44
 2.32303e+15	2.05e-14	1.54e-09	1.15e-05	3.24e-03	9.97e-01	2.34e-05	0.00e+00	1.77e-15	5.31e-15	8.86e-15	5.06e-10	1.03e-09	5.28e-44
 2.40588e+15	2.56e-14	1.85e-09	1.33e-05	3.51e-03	9.96e-01	2.17e-05	0.00e+00	2.21e-15	6.63e-15	1.11e-14	6.10e-10	1.24e-09	1.12e-43
 2.47527e+15	3.09e-14	2.16e-09	1.48e-05	3.74e-03	9.96e-01	2.04e-05	0.00e+00	2.67e-15	8.01e-15	1.34e-14	7.13e-10	1.45e-09	2.07e-43
 2.54913e+15	3.71e-14	2.53e-09	1.67e-05	3.99e-03	9.96e-01	1.92e-05	0.00e+00	3.21e-15	9.63e-15	1.61e-14	8.34e-10	1.70e-09	3.85e-43
 2.64270e+15	4.68e-14	3.08e-09	1.93e-05	4.33e-03	9.96e-01	1.77e-05	0.00e+00	4.05e-15	1.22e-14	2.03e-14	1.01e-09	2.06e-09	8.38e-43
 2.74126e+15	5.93e-14	3.76e-09	2.23e-05	4.69e-03	9.95e-01	1.64e-05	0.00e+00	5.14e-15	1.54e-14	2.58e-14	1.24e-09	2.52e-09	1.87e-42
 2.82970e+15	7.38e-14	4.50e-09	2.53e-05	5.03e-03	9.95e-01	1.53e-05	0.00e+00	6.40e-15	1.92e-14	3.21e-14	1.48e-09	3.02e-09	3.80e-42
 2.92560e+15	9.11e-14	5.39e-09	2.89e-05	5.42e-03	9.95e-01	1.43e-05	0.00e+00	7.91e-15	2.37e-14	3.96e-14	1.78e-09	3.61e-09	7.69e-42
 3.03943e+15	1.18e-13	6.68e-09	3.36e-05	5.90e-03	9.94e-01	1.32e-05	0.00e+00	1.02e-14	3.07e-14	5.13e-14	2.20e-09	4.47e-09	1.79e-41
 3.15141e+15	1.48e-13	8.14e-09	3.88e-05	6.39e-03	9.94e-01	1.23e-05	0.00e+00	1.29e-14	3.87e-14	6.46e-14	2.69e-09	5.45e-09	3.84e-41
 3.25324e+15	1.83e-13	9.73e-09	4.41e-05	6.85e-03	9.93e-01	1.15e-05	0.00e+00	1.59e-14	4.78e-14	7.97e-14	3.21e-09	6.51e-09	7.66e-41
 3.36702e+15	2.25e-13	1.16e-08	5.06e-05	7.39e-03	9.93e-01	1.07e-05	0.00e+00	1.96e-14	5.89e-14	9.82e-14	3.84e-09	7.79e-09	1.52e-40
 3.49997e+15	2.95e-13	1.46e-08	5.90e-05	8.06e-03	9.92e-01	9.93e-06	0.00e+00	2.58e-14	7.73e-14	1.29e-13	4.84e-09	9.81e-09	3.71e-40
 3.63105e+15	3.77e-13	1.80e-08	6.84e-05	8.73e-03	9.91e-01	9.25e-06	0.00e+00	3.30e-14	9.89e-14	1.65e-13	5.96e-09	1.21e-08	7.97e-40
 3.75488e+15	4.71e-13	2.18e-08	7.82e-05	9.40e-03	9.91e-01	8.67e-06	0.00e+00	4.12e-14	1.24e-13	2.06e-13	7.22e-09	1.46e-08	1.63e-39
 3.89261e+15	5.87e-13	2.64e-08	9.03e-05	1.02e-02	9.90e-01	8.10e-06	0.00e+00	5.15e-14	1.55e-13	2.58e-13	8.73e-09	1.77e-08	3.34e-39
 4.04835e+15	7.82e-13	3.37e-08	1.06e-04	1.11e-02	9.89e-01	7.54e-06	0.00e+00	6.87e-14	2.06e-13	3.44e-13	1.11e-08	2.25e-08	8.41e-39
 4.17898e+15	9.67e-13	4.04e-08	1.20e-04	1.19e-02	9.88e-01	7.13e-06	0.00e+00	8.49e-14	2.55e-13	4.25e-13	1.34e-08	2.71e-08	1.65e-38
 4.27296e+15	1.12e-12	4.59e-08	1.31e-04	1.25e-02	9.87e-01	6.85e-06	0.00e+00	9.85e-14	2.96e-13	4.93e-13	1.52e-08	3.07e-08	2.65e-38
 4.37127e+15	1.31e-12	5.24e-08	1.44e-04	1.31e-02	9.87e-01	6.59e-06	0.00e+00	1.15e-13	3.45e-13	5.76e-13	1.73e-08	3.50e-08	4.30e-38
 4.49907e+15	1.55e-12	6.09e-08	1.62e-04	1.39e-02	9.86e-01	6.27e-06	0.00e+00	1.37e-13	4.11e-13	6.85e-13	2.01e-08	4.07e-08	7.39e-38
 4.64161e+15	1.96e-12	7.42e-08	1.83e-04	1.49e-02	9.85e-01	5.96e-06	0.00e+00	1.73e-13	5.19e-13	8.66e-13	2.46e-08	4.96e-08	1.54e-37
 4.77466e+15	2.33e-12	8.61e-08	2.05e-04	1.59e-02	9.84e-01	5.69e-06	0.00e+00	2.05e-13	6.16e-13	1.03e-12	2.85e-08	5.76e-08	2.59e-37
 4.91897e+15	2.89e-12	1.04e-07	2.32e-04	1.70e-02	9.83e-01	5.42e-06	0.00e+00	2.55e-13	7.64e-13	1.28e-12	3.44e-08	6.95e-08	5.12e-37
 5.08032e+15	3.59e-12	1.26e-07	2.64e-04	1.82e-02	9.82e-01	5.16e-06	0.00e+00	3.17e-13	9.52e-13	1.59e-12	4.16e-08	8.39e-08	9.93e-37
 5.23319e+15	4.32e-12	1.47e-07	2.98e-04	1.94e-02	9.80e-01	4.94e-06	0.00e+00	3.82e-13	1.15e-12	1.91e-12	4.87e-08	9.83e-08	1.71e-36
 5.40127e+15	5.33e-12	1.77e-07	3.39e-04	2.07e-02	9.79e-01	4.72e-06	0.00e+00	4.71e-13	1.41e-12	2.36e-12	5.85e-08	1.18e-07	3.27e-36
 5.58935e+15	6.88e-12	2.20e-07	3.90e-04	2.24e-02	9.77e-01	4.51e-06	0.00e+00	6.10e-13	1.83e-12	3.05e-12	7.29e-08	1.47e-07	7.19e-36
 5.76620e+15	8.50e-12	2.65e-07	4.43e-04	2.39e-02	9.76e-01	4.33e-06	0.00e+00	7.53e-13	2.26e-12	3.77e-12	8.77e-08	1.77e-07	1.34e-35
 5.95891e+15	1.06e-11	3.20e-07	5.07e-04	2.57e-02	9.74e-01	4.15e-06	0.00e+00	9.41e-13	2.82e-12	4.71e-12	1.06e-07	2.14e-07	2.58e-35
 6.17095e+15	1.33e-11	3.89e-07	5.85e-04	2.77e-02	9.72e-01	3.97e-06	0.00e+00	1.18e-12	3.55e-12	5.92e-12	1.29e-07	2.60e-07	4.84e-35
 6.36722e+15	1.68e-11	4.78e-07	6.66e-04	2.97e-02	9.70e-01	3.84e-06	0.00e+00	1.50e-12	4.49e-12	7.48e-12	1.58e-07	3.19e-07	9.92e-35
 6.58149e+15	2.11e-11	5.80e-07	7.64e-04	3.19e-02	9.67e-01	3.69e-06	0.00e+00	1.87e-12	5.62e-12	9.38e-12	1.92e-07	3.88e-07	1.88e-34
 6.81769e+15	2.66e-11	7.07e-07	8.85e-04	3.44e-02	9.65e-01	3.56e-06	0.00e+00	2.37e-12	7.10e-12	1.18e-11	2.34e-07	4.72e-07	3.57e-34
 7.03806e+15	3.32e-11	8.57e-07	1.01e-03	3.69e-02	9.62e-01	3.44e-06	0.00e+00	2.95e-12	8.86e-12	1.48e-11	2.84e-07	5.73e-07	6.69e-34
 7.28021e+15	4.31e-11	1.07e-06	1.17e-03	3.99e-02	9.59e-01	3.35e-06	0.00e+00	3.84e-12	1.15e-11	1.92e-11	3.56e-07	7.18e-07	1.44e-33
 7.54499e+15	5.50e-11	1.33e-06	1.36e-03	4.31e-02	9.56e-01	3.24e-06	0.00e+00	4.91e-12	1.47e-11	2.45e-11	4.41e-07	8.88e-07	2.78e-33
 7.78137e+15	6.79e-11	1.58e-06	1.55e-03	4.61e-02	9.52e-01	3.16e-06	0.00e+00	6.06e-12	1.82e-11	3.03e-11	5.26e-07	1.06e-06	4.85e-33
 7.99827e+15	8.25e-11	1.88e-06	1.74e-03	4.91e-02	9.49e-01	3.09e-06	0.00e+00	7.37e-12	2.21e-11	3.69e-11	6.23e-07	1.25e-06	8.28e-33
 8.24769e+15	1.05e-10	2.32e-06	1.99e-03	5.27e-02	9.45e-01	3.03e-06	0.00e+00	9.41e-12	2.82e-11	4.71e-11	7.69e-07	1.55e-06	1.65e-32
 8.52511e+15	1.33e-10	2.83e-06	2.30e-03	5.68e-02	9.41e-01	2.95e-06	0.00e+00	1.19e-11	3.56e-11	5.94e-11	9.40e-07	1.89e-06	3.02e-32
 8.76402e+15	1.61e-10	3.33e-06	2.59e-03	6.04e-02	9.37e-01	2.90e-06	0.00e+00	1.44e-11	4.33e-11	7.22e-11	1.10e-06	2.22e-06	4.86e-32
 8.96853e+15	1.91e-10	3.85e-06	2.87e-03	6.37e-02	9.33e-01	2.86e-06	0.00e+00	1.71e-11	5.13e-11	8.55e-11	1.28e-06	2.57e-06	7.62e-32
 9.20320e+15	2.32e-10	4.54e-06	3.23e-03	6.77e-02	9.29e-01	2.81e-06	0.00e+00	2.08e-11	6.24e-11	1.04e-10	1.51e-06	3.03e-06	1.25e-31
 9.46336e+15	2.91e-10	5.53e-06	3.67e-03	7.24e-02	9.24e-01	2.78e-06	0.00e+00	2.61e-11	7.84e-11	1.31e-10	1.84e-06	3.69e-06	2.33e-31
 9.69729e+15	3.48e-10	6.44e-06	4.09e-03	7.66e-02	9.19e-01	2.74e-06	0.00e+00	3.12e-11	9.37e-11	1.56e-10	2.14e-06	4.30e-06	3.59e-31
 9.94204e+15	4.20e-10	7.50e-06	4.60e-03	8.12e-02	9.14e-01	2.71e-06	0.00e+00	3.77e-11	1.13e-10	1.89e-10	2.49e-06	5.01e-06	5.55e-31
 1.02602e+16	5.48e-10	9.45e-06	5.34e-03	8.80e-02	9.07e-01	2.67e-06	0.00e+00	4.93e-11	1.48e-10	2.47e-10	3.14e-06	6.31e-06	1.14e-30
 1.05700e+16	6.88e-10	1.15e-05	6.15e-03	9.44e-02	8.99e-01	2.64e-06	0.00e+00	6.19e-11	1.86e-10	3.10e-10	3.82e-06	7.67e-06	1.96e-30
 1.08108e+16	8.26e-10	1.34e-05	6.85e-03	9.99e-02	8.93e-01	2.62e-06	0.00e+00	7.44e-11	2.23e-10	3.72e-10	4.45e-06	8.93e-06	3.02e-30
 1.10659e+16	1.01e-09	1.58e-05	7.70e-03	1.06e-01	8.86e-01	2.60e-06	0.00e+00	9.08e-11	2.72e-10	4.54e-10	5.24e-06	1.05e-05	4.84e-30
 1.13975e+16	1.28e-09	1.90e-05	8.92e-03	1.14e-01	8.77e-01	2.56e-06	0.00e+00	1.16e-10	3.47e-10	5.78e-10	6.32e-06	1.27e-05	7.97e-30
 1.17360e+16	1.68e-09	2.40e-05	1.04e-02	1.23e-01	8.66e-01	2.56e-06	0.00e+00	1.52e-10	4.56e-10	7.59e-10	7.99e-06	1.60e-05	1.60e-29
 1.20066e+16	2.03e-09	2.81e-05	1.17e-02	1.31e-01	8.57e-01	2.53e-06	0.00e+00	1.83e-10	5.50e-10	9.17e-10	9.36e-06	1.88e-05	2.39e-29
 1.22816e+16	2.48e-09	3.29e-05	1.32e-02	1.39e-01	8.48e-01	2.51e-06	0.00e+00	2.24e-10	6.72e-10	1.12e-09	1.10e-05	2.20e-05	3.66e-29
 1.26391e+16	3.31e-09	4.22e-05	1.56e-02	1.51e-01	8.33e-01	2.50e-06	0.00e+00	3.00e-10	8.99e-10	1.50e-09	1.40e-05	2.82e-05	7.56e-29
 1.29815e+16	4.20e-09	5.15e-05	1.81e-02	1.63e-01	8.19e-01	2.48e-06	0.00e+00	3.81e-10	1.14e-09	1.91e-09	1.71e-05	3.44e-05	1.26e-28
 1.32318e+16	5.14e-09	6.03e-05	2.02e-02	1.72e-01	8.08e-01	2.49e-06	0.00e+00	4.67e-10	1.40e-09	2.33e-09	2.01e-05	4.02e-05	1.92e-28
 1.34846e+16	6.20e-09	6.98e-05	2.27e-02	1.82e-01	7.96e-01	2.49e-06	0.00e+00	5.62e-10	1.69e-09	2.81e-09	2.32e-05	4.65e-05	2.81e-28
 1.38133e+16	8.21e-09	8.85e-05	2.65e-02	1.96e-01	7.77e-01	2.50e-06	0.00e+00	7.47e-10	2.24e-09	3.73e-09	2.95e-05	5.90e-05	5.60e-28
 1.41330e+16	1.03e-08	1.05e-04	3.05e-02	2.10e-01	7.60e-01	2.49e-06	0.00e+00	9.40e-10	2.82e-09	4.70e-09	3.50e-05	7.02e-05	8.46e-28
 1.43767e+16	1.25e-08	1.24e-04	3.43e-02	2.21e-01	7.44e-01	2.49e-06	0.00e+00	1.14e-09	3.41e-09	5.69e-09	4.11e-05	8.24e-05	1.29e-27
 1.45809e+16	1.52e-08	1.45e-04	3.79e-02	2.32e-01	7.30e-01	2.53e-06	0.00e+00	1.39e-09	4.17e-09	6.95e-09	4.84e-05	9.70e-05	2.09e-27
 1.47552e+16	1.75e-08	1.62e-04	4.12e-02	2.41e-01	7.17e-01	2.54e-06	5.73e-12	1.60e-09	4.79e-09	7.98e-09	5.41e-05	1.08e-04	2.78e-27
 1.49391e+16	2.03e-08	1.82e-04	4.51e-02	2.52e-01	7.03e-01	2.54e-06	0.00e+00	1.85e-09	5.56e-09	9.27e-09	6.06e-05	1.21e-04	3.73e-27
 1.51781e+16	2.49e-08	2.14e-04	5.09e-02	2.66e-01	6.83e-01	2.53e-06	0.00e+00	2.27e-09	6.81e-09	1.14e-08	7.12e-05	1.43e-04	5.75e-27
 1.54429e+16	3.22e-08	2.64e-04	5.84e-02	2.83e-01	6.59e-01	2.58e-06	0.00e+00	2.94e-09	8.83e-09	1.47e-08	8.80e-05	1.76e-04	1.05e-26
 1.56766e+16	3.94e-08	3.07e-04	6.58e-02	2.98e-01	6.36e-01	2.59e-06	6.93e-12	3.61e-09	1.08e-08	1.80e-08	1.02e-04	2.05e-04	1.56e-26
 1.58803e+16	4.78e-08	3.58e-04	7.34e-02	3.12e-01	6.14e-01	2.63e-06	0.00e+00	4.38e-09	1.31e-08	2.19e-08	1.19e-04	2.39e-04	2.37e-26
 1.60699e+16	5.76e-08	4.15e-04	8.14e-02	3.26e-01	5.92e-01	2.66e-06	7.94e-12	5.27e-09	1.58e-08	2.64e-08	1.38e-04	2.77e-04	3.60e-26
 1.62448e+16	6.90e-08	4.77e-04	8.97e-02	3.39e-01	5.71e-01	2.69e-06	0.00e+00	6.32e-09	1.90e-08	3.16e-08	1.59e-04	3.18e-04	5.35e-26
 1.64400e+16	8.43e-08	5.58e-04	1.00e-01	3.55e-01	5.44e-01	2.72e-06	9.13e-12	7.73e-09	2.32e-08	3.86e-08	1.86e-04	3.72e-04	8.39e-26
 1.66536e+16	1.09e-07	6.84e-04	1.14e-01	3.73e-01	5.12e-01	2.80e-06	0.00e+00	9.96e-09	2.99e-08	4.98e-08	2.28e-04	4.56e-04	1.56e-25
 1.68375e+16	1.31e-07	7.81e-04	1.27e-01	3.88e-01	4.84e-01	2.82e-06	1.12e-11	1.20e-08	3.61e-08	6.02e-08	2.60e-04	5.21e-04	2.26e-25
 1.69947e+16	1.62e-07	9.30e-04	1.40e-01	4.03e-01	4.56e-01	2.93e-06	0.00e+00	1.49e-08	4.47e-08	7.46e-08	3.10e-04	6.20e-04	4.01e-25
