#depth	N	N+	N+2	N+3	N+4	N+5	N+6	N+7
 1.49634e+10	0.00e+00	0.00e+00	3.34e-32	2.03e-22	2.20e-13	1.04e-03	4.80e-01	5.19e-01
 4.54887e+10	0.00e+00	2.58e-42	4.80e-32	2.70e-22	2.71e-13	1.18e-03	4.99e-01	5.00e-01
 7.72350e+10	0.00e+00	0.00e+00	6.89e-32	3.58e-22	3.32e-13	1.34e-03	5.19e-01	4.80e-01
 1.10251e+11	0.00e+00	6.21e-42	9.88e-32	4.74e-22	4.06e-13	1.52e-03	5.38e-01	4.60e-01
 1.40797e+11	0.00e+00	0.00e+00	1.36e-31	6.08e-22	4.86e-13	1.69e-03	5.55e-01	4.43e-01
 1.67236e+11	0.00e+00	1.27e-41	1.77e-31	7.48e-22	5.64e-13	1.85e-03	5.70e-01	4.28e-01
 1.96503e+11	0.00e+00	0.00e+00	2.36e-31	9.35e-22	6.61e-13	2.04e-03	5.85e-01	4.13e-01
 2.32269e+11	0.00e+00	2.72e-41	3.31e-31	1.22e-21	7.97e-13	2.28e-03	6.03e-01	3.95e-01
 2.68678e+11	0.00e+00	0.00e+00	4.59e-31	1.57e-21	9.56e-13	2.54e-03	6.20e-01	3.77e-01
 3.01631e+11	0.00e+00	5.77e-41	6.13e-31	1.96e-21	1.12e-12	2.80e-03	6.35e-01	3.62e-01
 3.37898e+11	0.00e+00	0.00e+00	8.30e-31	2.48e-21	1.32e-12	3.09e-03	6.50e-01	3.47e-01
 3.80528e+11	0.00e+00	1.28e-40	1.17e-30	3.24e-21	1.60e-12	3.46e-03	6.67e-01	3.29e-01
 4.22522e+11	0.00e+00	0.00e+00	1.62e-30	4.17e-21	1.92e-12	3.84e-03	6.83e-01	3.13e-01
 4.61468e+11	0.00e+00	2.72e-40	2.17e-30	5.22e-21	2.24e-12	4.21e-03	6.97e-01	2.99e-01
 5.05124e+11	0.00e+00	0.00e+00	2.97e-30	6.64e-21	2.66e-12	4.65e-03	7.11e-01	2.84e-01
 5.55256e+11	0.00e+00	6.13e-40	4.20e-30	8.68e-21	3.21e-12	5.19e-03	7.27e-01	2.68e-01
 6.04875e+11	0.00e+00	0.00e+00	5.84e-30	1.12e-20	3.84e-12	5.74e-03	7.41e-01	2.54e-01
 6.56478e+11	0.00e+00	1.38e-39	8.11e-30	1.44e-20	4.58e-12	6.35e-03	7.54e-01	2.39e-01
 7.09009e+11	0.00e+00	0.00e+00	1.12e-29	1.84e-20	5.44e-12	7.01e-03	7.67e-01	2.26e-01
 7.57294e+11	0.00e+00	2.90e-39	1.49e-29	2.29e-20	6.34e-12	7.65e-03	7.78e-01	2.15e-01
 8.10874e+11	0.00e+00	0.00e+00	2.02e-29	2.89e-20	7.45e-12	8.38e-03	7.89e-01	2.03e-01
 8.72946e+11	0.00e+00	6.42e-39	2.83e-29	3.75e-20	8.93e-12	9.27e-03	8.00e-01	1.90e-01
 9.33693e+11	0.00e+00	0.00e+00	3.90e-29	4.79e-20	1.06e-11	1.02e-02	8.11e-01	1.79e-01
 9.85140e+11	0.00e+00	1.31e-38	5.05e-29	5.84e-20	1.21e-11	1.10e-02	8.19e-01	1.70e-01
 1.02998e+12	0.00e+00	0.00e+00	6.30e-29	6.91e-20	1.36e-11	1.17e-02	8.26e-01	1.63e-01
 1.08138e+12	0.00e+00	2.34e-38	8.05e-29	8.33e-20	1.55e-11	1.26e-02	8.33e-01	1.55e-01
 1.14761e+12	0.00e+00	0.00e+00	1.10e-28	1.05e-19	1.82e-11	1.38e-02	8.41e-01	1.45e-01
 1.21734e+12	0.00e+00	5.02e-38	1.49e-28	1.33e-19	2.14e-11	1.50e-02	8.49e-01	1.36e-01
 1.27869e+12	0.00e+00	0.00e+00	1.95e-28	1.63e-19	2.46e-11	1.62e-02	8.55e-01	1.29e-01
 1.34492e+12	0.00e+00	9.83e-38	2.57e-28	2.01e-19	2.84e-11	1.75e-02	8.61e-01	1.22e-01
 1.42496e+12	0.00e+00	0.00e+00	3.54e-28	2.57e-19	3.36e-11	1.92e-02	8.67e-01	1.13e-01
 1.50616e+12	0.00e+00	2.17e-37	4.86e-28	3.26e-19	3.96e-11	2.09e-02	8.73e-01	1.06e-01
 1.58147e+12	0.00e+00	0.00e+00	6.45e-28	4.04e-19	4.58e-11	2.26e-02	8.78e-01	9.94e-02
 1.66550e+12	0.00e+00	4.51e-37	8.76e-28	5.10e-19	5.36e-11	2.46e-02	8.83e-01	9.28e-02
 1.76205e+12	0.00e+00	0.00e+00	1.23e-27	6.58e-19	6.37e-11	2.70e-02	8.87e-01	8.59e-02
 1.85839e+12	0.00e+00	1.03e-36	1.70e-27	8.42e-19	7.53e-11	2.94e-02	8.91e-01	7.97e-02
 1.94268e+12	0.00e+00	0.00e+00	2.24e-27	1.03e-18	8.66e-11	3.17e-02	8.94e-01	7.48e-02
 2.01564e+12	0.00e+00	1.94e-36	2.83e-27	1.24e-18	9.76e-11	3.37e-02	8.96e-01	7.08e-02
 2.09796e+12	2.58e-46	2.67e-36	3.66e-27	1.50e-18	1.11e-10	3.60e-02	8.97e-01	6.67e-02
 2.20234e+12	0.00e+00	0.00e+00	5.02e-27	1.90e-18	1.30e-10	3.92e-02	8.99e-01	6.18e-02
 2.30879e+12	0.00e+00	5.85e-36	6.87e-27	2.40e-18	1.53e-10	4.25e-02	9.00e-01	5.73e-02
 2.39905e+12	9.72e-46	8.07e-36	8.89e-27	2.92e-18	1.74e-10	4.54e-02	9.01e-01	5.38e-02
 2.49488e+12	0.00e+00	0.00e+00	1.16e-26	3.57e-18	1.99e-10	4.87e-02	9.01e-01	5.04e-02
 2.61498e+12	0.00e+00	1.69e-35	1.61e-26	4.56e-18	2.35e-10	5.29e-02	9.01e-01	4.65e-02
 2.73719e+12	3.83e-45	2.53e-35	2.23e-26	5.81e-18	2.76e-10	5.74e-02	9.00e-01	4.29e-02
 2.84276e+12	0.00e+00	0.00e+00	2.93e-26	7.14e-18	3.17e-10	6.15e-02	8.98e-01	4.00e-02
 2.95617e+12	0.00e+00	5.09e-35	3.90e-26	8.84e-18	3.65e-10	6.61e-02	8.97e-01	3.72e-02
 3.09563e+12	1.48e-44	7.81e-35	5.49e-26	1.14e-17	4.34e-10	7.20e-02	8.94e-01	3.40e-02
 3.23424e+12	0.00e+00	0.00e+00	7.66e-26	1.47e-17	5.12e-10	7.82e-02	8.91e-01	3.12e-02
 3.35317e+12	0.00e+00	1.68e-34	1.01e-25	1.81e-17	5.88e-10	8.37e-02	8.87e-01	2.90e-02
 3.48126e+12	5.73e-44	2.42e-34	1.36e-25	2.25e-17	6.81e-10	8.99e-02	8.83e-01	2.68e-02
 3.63970e+12	0.00e+00	3.76e-34	1.94e-25	2.94e-17	8.11e-10	9.79e-02	8.78e-01	2.43e-02
 3.79987e+12	1.64e-43	5.80e-34	2.74e-25	3.81e-17	9.64e-10	1.06e-01	8.71e-01	2.21e-02
 3.94031e+12	0.00e+00	8.39e-34	3.69e-25	4.76e-17	1.12e-09	1.14e-01	8.65e-01	2.03e-02
 4.09286e+12	4.09e-43	1.24e-33	5.05e-25	6.02e-17	1.30e-09	1.23e-01	8.58e-01	1.86e-02
 4.27763e+12	0.00e+00	1.96e-33	7.29e-25	7.93e-17	1.56e-09	1.34e-01	8.49e-01	1.68e-02
 4.46393e+12	1.21e-42	3.06e-33	1.04e-24	1.04e-16	1.87e-09	1.46e-01	8.39e-01	1.51e-02
 4.63405e+12	0.00e+00	4.53e-33	1.43e-24	1.31e-16	2.18e-09	1.57e-01	8.30e-01	1.37e-02
 4.78586e+12	2.91e-42	6.35e-33	1.88e-24	1.61e-16	2.49e-09	1.67e-01	8.21e-01	1.26e-02
 4.94558e+12	0.00e+00	8.95e-33	2.47e-24	1.98e-16	2.86e-09	1.77e-01	8.11e-01	1.16e-02
 5.15153e+12	7.34e-42	1.37e-32	3.49e-24	2.56e-16	3.38e-09	1.92e-01	7.98e-01	1.04e-02
 5.36121e+12	0.00e+00	2.08e-32	4.88e-24	3.29e-16	3.99e-09	2.06e-01	7.84e-01	9.37e-03
 5.52743e+12	1.77e-41	2.85e-32	6.29e-24	3.99e-16	4.52e-09	2.18e-01	7.73e-01	8.62e-03
 5.69355e+12	0.00e+00	3.88e-32	8.05e-24	4.80e-16	5.10e-09	2.30e-01	7.62e-01	7.95e-03
 5.90950e+12	4.05e-41	5.68e-32	1.10e-23	6.04e-16	5.92e-09	2.46e-01	7.47e-01	7.17e-03
 6.13433e+12	0.00e+00	8.32e-32	1.49e-23	7.60e-16	6.88e-09	2.62e-01	7.31e-01	6.45e-03
 6.32375e+12	9.27e-41	1.13e-31	1.91e-23	9.15e-16	7.76e-09	2.76e-01	7.18e-01	5.91e-03
 6.52305e+12	0.00e+00	1.55e-31	2.45e-23	1.10e-15	8.76e-09	2.90e-01	7.04e-01	5.41e-03
 6.78214e+12	2.15e-40	2.28e-31	3.36e-23	1.40e-15	1.02e-08	3.09e-01	6.86e-01	4.83e-03
 7.04925e+12	0.00e+00	3.35e-31	4.57e-23	1.76e-15	1.18e-08	3.28e-01	6.67e-01	4.30e-03
 7.27105e+12	4.93e-40	4.55e-31	5.83e-23	2.11e-15	1.33e-08	3.44e-01	6.52e-01	3.92e-03
 7.50365e+12	0.00e+00	6.18e-31	7.47e-23	2.54e-15	1.49e-08	3.60e-01	6.36e-01	3.56e-03
 7.80278e+12	1.12e-39	9.03e-31	1.01e-22	3.18e-15	1.73e-08	3.81e-01	6.16e-01	3.16e-03
 8.11393e+12	0.00e+00	1.32e-30	1.37e-22	3.99e-15	1.99e-08	4.02e-01	5.95e-01	2.80e-03
 8.38165e+12	2.57e-39	1.79e-30	1.76e-22	4.79e-15	2.23e-08	4.20e-01	5.77e-01	2.53e-03
 8.66742e+12	0.00e+00	2.46e-30	2.27e-22	5.79e-15	2.52e-08	4.39e-01	5.59e-01	2.27e-03
 9.02049e+12	5.92e-39	3.59e-30	3.06e-22	7.24e-15	2.89e-08	4.61e-01	5.37e-01	1.99e-03
 9.38214e+12	0.00e+00	5.18e-30	4.11e-22	9.00e-15	3.31e-08	4.83e-01	5.15e-01	1.75e-03
 9.70875e+12	1.35e-38	7.12e-30	5.29e-22	1.09e-14	3.72e-08	5.03e-01	4.96e-01	1.56e-03
 1.00148e+13	0.00e+00	9.47e-30	6.65e-22	1.28e-14	4.13e-08	5.20e-01	4.79e-01	1.41e-03
 1.03086e+13	2.62e-38	1.23e-29	8.22e-22	1.50e-14	4.54e-08	5.36e-01	4.62e-01	1.27e-03
 1.06405e+13	0.00e+00	1.65e-29	1.03e-21	1.78e-14	5.04e-08	5.54e-01	4.45e-01	1.14e-03
 1.09850e+13	5.26e-38	2.20e-29	1.30e-21	2.11e-14	5.59e-08	5.72e-01	4.27e-01	1.02e-03
 1.12737e+13	0.00e+00	2.78e-29	1.57e-21	2.42e-14	6.08e-08	5.86e-01	4.13e-01	9.31e-04
 1.15769e+13	9.30e-38	3.53e-29	1.90e-21	2.78e-14	6.61e-08	6.01e-01	3.99e-01	8.47e-04
 1.19710e+13	0.00e+00	4.75e-29	2.41e-21	3.31e-14	7.35e-08	6.19e-01	3.81e-01	7.50e-04
 1.23795e+13	1.91e-37	6.41e-29	3.06e-21	3.94e-14	8.16e-08	6.37e-01	3.63e-01	6.63e-04
 1.27221e+13	0.00e+00	8.15e-29	3.71e-21	4.54e-14	8.88e-08	6.51e-01	3.49e-01	5.99e-04
 1.30826e+13	3.44e-37	1.04e-28	4.50e-21	5.24e-14	9.67e-08	6.65e-01	3.34e-01	5.39e-04
 1.35513e+13	0.00e+00	1.42e-28	5.76e-21	6.27e-14	1.08e-07	6.83e-01	3.17e-01	4.71e-04
 1.40409e+13	7.23e-37	1.93e-28	7.37e-21	7.51e-14	1.20e-07	7.00e-01	2.99e-01	4.11e-04
 1.44576e+13	0.00e+00	2.49e-28	9.01e-21	8.71e-14	1.31e-07	7.14e-01	2.85e-01	3.66e-04
 1.48994e+13	1.34e-36	3.22e-28	1.11e-20	1.01e-13	1.43e-07	7.28e-01	2.72e-01	3.25e-04
 1.54670e+13	0.00e+00	4.43e-28	1.43e-20	1.22e-13	1.60e-07	7.45e-01	2.55e-01	2.80e-04
 1.60595e+13	2.88e-36	6.10e-28	1.85e-20	1.48e-13	1.78e-07	7.61e-01	2.38e-01	2.40e-04
 1.65743e+13	0.00e+00	7.95e-28	2.29e-20	1.73e-13	1.95e-07	7.75e-01	2.25e-01	2.10e-04
 1.71271e+13	5.52e-36	1.05e-27	2.85e-20	2.03e-13	2.15e-07	7.88e-01	2.12e-01	1.83e-04
 1.78034e+13	0.00e+00	1.44e-27	3.69e-20	2.46e-13	2.40e-07	8.03e-01	1.97e-01	1.56e-04
 1.84991e+13	1.18e-35	1.98e-27	4.76e-20	2.97e-13	2.68e-07	8.17e-01	1.83e-01	1.32e-04
 1.91099e+13	0.00e+00	2.58e-27	5.90e-20	3.48e-13	2.93e-07	8.28e-01	1.72e-01	1.14e-04
 1.97512e+13	2.23e-35	3.37e-27	7.31e-20	4.08e-13	3.22e-07	8.39e-01	1.61e-01	9.90e-05
 2.05310e+13	0.00e+00	4.60e-27	9.41e-20	4.92e-13	3.59e-07	8.51e-01	1.48e-01	8.33e-05
 2.12088e+13	4.38e-35	5.95e-27	1.16e-19	5.76e-13	3.94e-07	8.61e-01	1.39e-01	7.19e-05
 2.16684e+13	0.00e+00	7.04e-27	1.33e-19	6.38e-13	4.17e-07	8.67e-01	1.33e-01	6.53e-05
 2.21261e+13	6.51e-35	8.30e-27	1.52e-19	7.05e-13	4.42e-07	8.73e-01	1.27e-01	5.94e-05
 2.27212e+13	0.00e+00	1.02e-26	1.80e-19	7.99e-13	4.76e-07	8.80e-01	1.20e-01	5.26e-05
 2.34948e+13	1.13e-34	1.32e-26	2.22e-19	9.37e-13	5.21e-07	8.88e-01	1.12e-01	4.52e-05
 2.42766e+13	0.00e+00	1.69e-26	2.73e-19	1.09e-12	5.70e-07	8.96e-01	1.04e-01	3.88e-05
 2.49015e+13	1.90e-34	2.05e-26	3.19e-19	1.23e-12	6.11e-07	9.02e-01	9.83e-02	3.45e-05
 2.55461e+13	2.39e-34	2.49e-26	3.73e-19	1.38e-12	6.53e-07	9.07e-01	9.30e-02	3.07e-05
 2.63843e+13	3.19e-34	3.17e-26	4.55e-19	1.60e-12	7.11e-07	9.13e-01	8.66e-02	2.65e-05
 2.72811e+13	4.28e-34	4.06e-26	5.57e-19	1.87e-12	7.77e-07	9.20e-01	8.05e-02	2.27e-05
 2.80747e+13	5.51e-34	5.02e-26	6.62e-19	2.13e-12	8.36e-07	9.24e-01	7.56e-02	1.99e-05
 2.89268e+13	7.18e-34	6.27e-26	7.93e-19	2.43e-12	9.02e-07	9.29e-01	7.09e-02	1.74e-05
 3.00115e+13	9.93e-34	8.22e-26	9.88e-19	2.86e-12	9.89e-07	9.35e-01	6.54e-02	1.48e-05
 3.11419e+13	1.37e-33	1.08e-25	1.23e-18	3.36e-12	1.08e-06	9.40e-01	6.03e-02	1.25e-05
 3.21421e+13	1.82e-33	1.36e-25	1.48e-18	3.86e-12	1.17e-06	9.44e-01	5.64e-02	1.09e-05
 3.32300e+13	2.45e-33	1.75e-25	1.81e-18	4.45e-12	1.27e-06	9.47e-01	5.26e-02	9.41e-06
 3.45368e+13	3.45e-33	2.32e-25	2.27e-18	5.24e-12	1.39e-06	9.52e-01	4.84e-02	7.95e-06
 3.57260e+13	4.68e-33	2.98e-25	2.77e-18	6.05e-12	1.50e-06	9.55e-01	4.50e-02	6.86e-06
 3.66464e+13	5.89e-33	3.61e-25	3.22e-18	6.74e-12	1.59e-06	9.57e-01	4.27e-02	6.16e-06
 3.76196e+13	7.49e-33	4.40e-25	3.76e-18	7.51e-12	1.69e-06	9.60e-01	4.05e-02	5.51e-06
 3.88847e+13	1.02e-32	5.65e-25	4.57e-18	8.62e-12	1.82e-06	9.62e-01	3.78e-02	4.80e-06
 4.02708e+13	1.40e-32	7.33e-25	5.61e-18	9.98e-12	1.97e-06	9.65e-01	3.51e-02	4.13e-06
 4.14843e+13	1.84e-32	9.17e-25	6.68e-18	1.13e-11	2.10e-06	9.67e-01	3.30e-02	3.65e-06
 4.27318e+13	2.42e-32	1.15e-24	7.96e-18	1.27e-11	2.24e-06	9.69e-01	3.11e-02	3.23e-06
 4.43206e+13	3.41e-32	1.52e-24	9.87e-18	1.48e-11	2.43e-06	9.71e-01	2.89e-02	2.78e-06
 4.59574e+13	4.79e-32	2.00e-24	1.22e-17	1.71e-11	2.63e-06	9.73e-01	2.68e-02	2.39e-06
 4.73710e+13	6.36e-32	2.52e-24	1.46e-17	1.94e-11	2.80e-06	9.75e-01	2.52e-02	2.11e-06
 4.88900e+13	8.58e-32	3.21e-24	1.76e-17	2.21e-11	3.00e-06	9.76e-01	2.37e-02	1.86e-06
 5.07585e+13	1.23e-31	4.30e-24	2.20e-17	2.57e-11	3.24e-06	9.78e-01	2.20e-02	1.59e-06
 5.26692e+13	1.74e-31	5.69e-24	2.73e-17	2.98e-11	3.51e-06	9.80e-01	2.04e-02	1.37e-06
 5.43857e+13	2.36e-31	7.30e-24	3.30e-17	3.39e-11	3.75e-06	9.81e-01	1.91e-02	1.20e-06
 5.62619e+13	3.27e-31	9.50e-24	4.04e-17	3.89e-11	4.02e-06	9.82e-01	1.79e-02	1.05e-06
 5.84837e+13	4.76e-31	1.29e-23	5.08e-17	4.55e-11	4.36e-06	9.83e-01	1.65e-02	8.98e-07
 6.06893e+13	6.73e-31	1.70e-23	6.32e-17	5.28e-11	4.71e-06	9.85e-01	1.53e-02	0.00e+00
 6.26407e+13	9.15e-31	2.18e-23	7.62e-17	6.00e-11	5.03e-06	9.86e-01	1.44e-02	0.00e+00
 6.47272e+13	1.26e-30	2.81e-23	9.25e-17	6.84e-11	5.38e-06	9.87e-01	1.35e-02	0.00e+00
 6.70680e+13	1.77e-30	3.71e-23	1.14e-16	7.89e-11	5.79e-06	9.87e-01	1.25e-02	0.00e+00
 6.92851e+13	2.40e-30	4.76e-23	1.38e-16	9.00e-11	6.20e-06	9.88e-01	1.17e-02	0.00e+00
 7.17133e+13	3.35e-30	6.23e-23	1.70e-16	1.03e-10	6.65e-06	9.89e-01	1.10e-02	0.00e+00
 7.41290e+13	4.59e-30	8.04e-23	2.06e-16	1.18e-10	7.13e-06	9.90e-01	1.02e-02	0.00e+00
 7.59950e+13	5.83e-30	9.75e-23	2.39e-16	1.30e-10	7.50e-06	9.90e-01	9.74e-03	0.00e+00
 7.78873e+13	7.40e-30	1.18e-22	2.77e-16	1.44e-10	7.89e-06	9.91e-01	9.27e-03	0.00e+00
 8.03474e+13	9.89e-30	1.50e-22	3.32e-16	1.63e-10	8.42e-06	9.91e-01	8.69e-03	0.00e+00
 8.29528e+13	1.35e-29	1.92e-22	4.01e-16	1.86e-10	8.99e-06	9.92e-01	8.15e-03	0.00e+00
 8.52292e+13	1.73e-29	2.35e-22	4.71e-16	2.07e-10	9.53e-06	9.92e-01	7.70e-03	0.00e+00
 8.76707e+13	2.27e-29	2.93e-22	5.56e-16	2.32e-10	1.01e-05	9.93e-01	7.27e-03	0.00e+00
 9.08447e+13	3.16e-29	3.84e-22	6.86e-16	2.68e-10	1.09e-05	9.93e-01	6.76e-03	0.00e+00
 9.40748e+13	4.43e-29	5.04e-22	8.43e-16	3.09e-10	1.17e-05	9.94e-01	6.29e-03	0.00e+00
 9.67143e+13	5.69e-29	6.19e-22	9.92e-16	3.45e-10	1.24e-05	9.94e-01	5.94e-03	0.00e+00
 9.94818e+13	7.43e-29	7.69e-22	1.17e-15	3.87e-10	1.32e-05	9.94e-01	5.60e-03	0.00e+00
 1.03080e+14	1.03e-28	1.01e-21	1.44e-15	4.47e-10	1.42e-05	9.95e-01	5.20e-03	0.00e+00
 1.06861e+14	1.46e-28	1.33e-21	1.79e-15	5.16e-10	1.53e-05	9.95e-01	4.83e-03	0.00e+00
 1.10140e+14	1.91e-28	1.66e-21	2.13e-15	5.84e-10	1.63e-05	9.95e-01	4.53e-03	0.00e+00
 1.13664e+14	2.57e-28	2.12e-21	2.57e-15	6.63e-10	1.74e-05	9.96e-01	4.24e-03	0.00e+00
 1.17984e+14	3.63e-28	2.80e-21	3.20e-15	7.72e-10	1.89e-05	9.96e-01	3.92e-03	0.00e+00
 1.22308e+14	5.07e-28	3.69e-21	3.95e-15	8.92e-10	2.04e-05	9.96e-01	3.64e-03	0.00e+00
 1.26111e+14	6.76e-28	4.66e-21	4.73e-15	1.01e-09	2.17e-05	9.97e-01	3.41e-03	0.00e+00
 1.30265e+14	9.12e-28	5.95e-21	5.73e-15	1.15e-09	2.33e-05	9.97e-01	3.19e-03	0.00e+00
 1.35281e+14	1.28e-27	7.86e-21	7.14e-15	1.34e-09	2.52e-05	9.97e-01	2.94e-03	0.00e+00
 1.40276e+14	1.79e-27	1.04e-20	8.84e-15	1.55e-09	2.72e-05	9.97e-01	2.73e-03	0.00e+00
 1.44780e+14	2.41e-27	1.32e-20	1.07e-14	1.76e-09	2.91e-05	9.97e-01	2.54e-03	0.00e+00
 1.49787e+14	3.30e-27	1.70e-20	1.30e-14	2.02e-09	3.12e-05	9.98e-01	2.37e-03	0.00e+00
 1.55684e+14	4.65e-27	2.26e-20	1.63e-14	2.37e-09	3.39e-05	9.98e-01	2.18e-03	0.00e+00
 1.61508e+14	6.53e-27	2.99e-20	2.03e-14	2.74e-09	3.66e-05	9.98e-01	2.02e-03	0.00e+00
 1.66446e+14	8.61e-27	3.75e-20	2.42e-14	3.10e-09	3.90e-05	9.98e-01	1.90e-03	0.00e+00
 1.70475e+14	1.07e-26	4.49e-20	2.79e-14	3.41e-09	4.10e-05	9.98e-01	1.81e-03	0.00e+00
 1.74722e+14	1.35e-26	5.42e-20	3.22e-14	3.77e-09	4.32e-05	9.98e-01	1.72e-03	0.00e+00
 1.80244e+14	1.82e-26	6.89e-20	3.87e-14	4.27e-09	4.60e-05	9.98e-01	1.61e-03	0.00e+00
 1.86021e+14	2.40e-26	8.69e-20	4.66e-14	4.85e-09	4.92e-05	9.98e-01	1.51e-03	0.00e+00
 1.90906e+14	3.07e-26	1.06e-19	5.44e-14	5.38e-09	5.19e-05	9.99e-01	1.43e-03	0.00e+00
 1.96031e+14	3.96e-26	1.30e-19	6.36e-14	5.98e-09	5.48e-05	9.99e-01	1.35e-03	0.00e+00
 2.02694e+14	5.41e-26	1.68e-19	7.76e-14	6.84e-09	5.87e-05	9.99e-01	1.26e-03	0.00e+00
 2.09615e+14	7.28e-26	2.15e-19	9.46e-14	7.83e-09	6.29e-05	9.99e-01	1.18e-03	0.00e+00
 2.15416e+14	9.42e-26	2.66e-19	1.11e-13	8.74e-09	6.65e-05	9.99e-01	1.12e-03	0.00e+00
 2.21503e+14	1.23e-25	3.29e-19	1.31e-13	9.77e-09	7.04e-05	9.99e-01	1.05e-03	0.00e+00
 2.29416e+14	1.73e-25	4.33e-19	1.62e-13	1.12e-08	7.56e-05	9.99e-01	9.82e-04	0.00e+00
 2.37762e+14	2.37e-25	5.65e-19	2.00e-13	1.30e-08	8.13e-05	9.99e-01	9.13e-04	0.00e+00
 2.44974e+14	3.16e-25	7.12e-19	2.39e-13	1.46e-08	8.63e-05	9.99e-01	8.60e-04	0.00e+00
 2.52651e+14	4.27e-25	9.08e-19	2.87e-13	1.65e-08	9.18e-05	9.99e-01	8.08e-04	0.00e+00
 2.62144e+14	6.07e-25	1.21e-18	3.58e-13	1.91e-08	9.89e-05	9.99e-01	7.50e-04	0.00e+00
 2.71925e+14	8.59e-25	1.60e-18	4.46e-13	2.22e-08	1.06e-04	9.99e-01	6.97e-04	0.00e+00
 2.80768e+14	1.16e-24	2.05e-18	5.40e-13	2.52e-08	1.13e-04	9.99e-01	6.54e-04	0.00e+00
 2.90467e+14	1.60e-24	2.67e-18	6.61e-13	2.88e-08	1.21e-04	9.99e-01	6.11e-04	0.00e+00
 3.01883e+14	2.28e-24	3.57e-18	8.34e-13	3.36e-08	1.31e-04	9.99e-01	5.66e-04	0.00e+00
 3.13156e+14	3.26e-24	4.76e-18	1.04e-12	3.89e-08	1.41e-04	9.99e-01	5.26e-04	0.00e+00
 3.23673e+14	4.50e-24	6.17e-18	1.27e-12	4.44e-08	1.50e-04	9.99e-01	4.93e-04	0.00e+00
 3.35443e+14	6.32e-24	8.14e-18	1.57e-12	5.11e-08	1.61e-04	9.99e-01	4.59e-04	0.00e+00
 3.48890e+14	9.19e-24	1.10e-17	1.98e-12	5.98e-08	1.75e-04	9.99e-01	4.25e-04	0.00e+00
 3.60189e+14	1.22e-23	1.40e-17	2.40e-12	6.79e-08	1.86e-04	9.99e-01	3.99e-04	0.00e+00
 3.68301e+14	1.52e-23	1.67e-17	2.75e-12	7.42e-08	1.94e-04	9.99e-01	3.81e-04	0.00e+00
 3.76737e+14	1.89e-23	1.99e-17	3.15e-12	8.12e-08	2.03e-04	9.99e-01	3.65e-04	0.00e+00
 3.87704e+14	2.49e-23	2.49e-17	3.74e-12	9.10e-08	2.15e-04	9.99e-01	3.45e-04	0.00e+00
 3.99929e+14	3.29e-23	3.14e-17	4.50e-12	1.03e-07	2.29e-04	9.99e-01	3.24e-04	0.00e+00
 4.11358e+14	4.31e-23	3.91e-17	5.33e-12	1.15e-07	2.42e-04	9.99e-01	3.06e-04	0.00e+00
 4.23784e+14	5.75e-23	4.94e-17	6.37e-12	1.30e-07	2.56e-04	9.99e-01	2.89e-04	0.00e+00
 4.37710e+14	7.79e-23	6.33e-17	7.74e-12	1.48e-07	2.73e-04	9.99e-01	2.71e-04	0.00e+00
 4.50898e+14	1.01e-22	7.89e-17	9.24e-12	1.66e-07	2.90e-04	9.99e-01	2.55e-04	0.00e+00
 4.65354e+14	1.37e-22	1.01e-16	1.12e-11	1.88e-07	3.09e-04	9.99e-01	2.40e-04	0.00e+00
 4.81541e+14	1.89e-22	1.31e-16	1.37e-11	2.16e-07	3.30e-04	9.99e-01	2.24e-04	0.00e+00
 4.96878e+14	2.49e-22	1.65e-16	1.65e-11	2.45e-07	3.52e-04	9.99e-01	2.10e-04	0.00e+00
 5.13717e+14	3.45e-22	2.15e-16	2.02e-11	2.79e-07	3.76e-04	9.99e-01	1.97e-04	0.00e+00
 5.32441e+14	4.74e-22	2.80e-16	2.50e-11	3.22e-07	4.04e-04	9.99e-01	1.83e-04	0.00e+00
 5.49772e+14	6.39e-22	3.58e-16	3.03e-11	3.66e-07	4.30e-04	9.99e-01	1.72e-04	0.00e+00
 5.68456e+14	8.53e-22	4.57e-16	3.69e-11	4.19e-07	4.61e-04	9.99e-01	1.60e-04	0.00e+00
 5.89348e+14	1.21e-21	6.05e-16	4.58e-11	4.84e-07	4.95e-04	9.99e-01	1.49e-04	0.00e+00
 6.08919e+14	1.60e-21	7.68e-16	5.56e-11	5.51e-07	5.29e-04	9.99e-01	1.39e-04	0.00e+00
 6.30168e+14	2.18e-21	9.91e-16	6.82e-11	6.33e-07	5.68e-04	9.99e-01	1.30e-04	0.00e+00
 6.53845e+14	3.02e-21	1.30e-15	8.50e-11	7.34e-07	6.12e-04	9.99e-01	1.21e-04	0.00e+00
 6.75896e+14	4.10e-21	1.67e-15	1.04e-10	8.38e-07	6.54e-04	9.99e-01	1.13e-04	0.00e+00
 6.99781e+14	5.58e-21	2.16e-15	1.27e-10	9.63e-07	7.03e-04	9.99e-01	1.05e-04	0.00e+00
 7.26285e+14	7.74e-21	2.85e-15	1.59e-10	1.12e-06	7.59e-04	9.99e-01	9.71e-05	0.00e+00
 7.50946e+14	1.04e-20	3.64e-15	1.94e-10	1.28e-06	8.12e-04	9.99e-01	9.07e-05	0.00e+00
 7.77761e+14	1.41e-20	4.71e-15	2.38e-10	1.47e-06	8.74e-04	9.99e-01	8.43e-05	0.00e+00
 8.06238e+14	1.94e-20	6.13e-15	2.95e-10	1.70e-06	9.40e-04	9.99e-01	7.83e-05	0.00e+00
 8.30549e+14	2.51e-20	7.61e-15	3.51e-10	1.92e-06	1.00e-03	9.99e-01	7.35e-05	0.00e+00
 8.50878e+14	3.10e-20	9.08e-15	4.05e-10	2.11e-06	1.05e-03	9.99e-01	6.99e-05	0.00e+00
 8.72361e+14	3.84e-20	1.09e-14	4.70e-10	2.34e-06	1.11e-03	9.99e-01	6.64e-05	0.00e+00
 9.00289e+14	5.07e-20	1.37e-14	5.66e-10	2.65e-06	1.18e-03	9.99e-01	6.21e-05	0.00e+00
 9.29084e+14	6.65e-20	1.72e-14	6.81e-10	3.01e-06	1.26e-03	9.99e-01	5.81e-05	0.00e+00
 9.52922e+14	8.28e-20	2.07e-14	7.92e-10	3.33e-06	1.33e-03	9.99e-01	5.51e-05	0.00e+00
 9.77825e+14	1.03e-19	2.50e-14	9.22e-10	3.70e-06	1.41e-03	9.99e-01	5.22e-05	0.00e+00
 1.01020e+15	1.37e-19	3.16e-14	1.12e-09	4.22e-06	1.51e-03	9.98e-01	4.87e-05	0.00e+00
 1.04386e+15	1.81e-19	4.01e-14	1.35e-09	4.81e-06	1.61e-03	9.98e-01	4.55e-05	0.00e+00
 1.07236e+15	2.29e-19	4.87e-14	1.59e-09	5.36e-06	1.71e-03	9.98e-01	4.29e-05	0.00e+00
 1.10259e+15	2.91e-19	5.97e-14	1.87e-09	6.00e-06	1.81e-03	9.98e-01	4.05e-05	0.00e+00
 1.14189e+15	3.94e-19	7.70e-14	2.30e-09	6.91e-06	1.95e-03	9.98e-01	3.76e-05	0.00e+00
 1.18273e+15	5.32e-19	9.91e-14	2.83e-09	7.96e-06	2.10e-03	9.98e-01	3.48e-05	0.00e+00
 1.21729e+15	6.83e-19	1.22e-13	3.35e-09	8.94e-06	2.23e-03	9.98e-01	3.28e-05	0.00e+00
 1.25390e+15	8.73e-19	1.51e-13	3.99e-09	1.01e-05	2.38e-03	9.98e-01	3.08e-05	0.00e+00
 1.30010e+15	1.20e-18	1.96e-13	4.93e-09	1.16e-05	2.57e-03	9.97e-01	2.84e-05	0.00e+00
 1.34841e+15	1.62e-18	2.54e-13	6.11e-09	1.35e-05	2.77e-03	9.97e-01	2.63e-05	0.00e+00
 1.39148e+15	2.16e-18	3.21e-13	7.35e-09	1.53e-05	2.96e-03	9.97e-01	2.46e-05	0.00e+00
 1.43811e+15	2.82e-18	4.05e-13	8.92e-09	1.75e-05	3.18e-03	9.97e-01	2.29e-05	0.00e+00
 1.49378e+15	3.96e-18	5.36e-13	1.11e-08	2.04e-05	3.45e-03	9.97e-01	2.11e-05	0.00e+00
 1.54879e+15	5.29e-18	6.89e-13	1.38e-08	2.36e-05	3.72e-03	9.96e-01	1.95e-05	0.00e+00
 1.59868e+15	7.07e-18	8.74e-13	1.66e-08	2.68e-05	3.99e-03	9.96e-01	1.82e-05	0.00e+00
 1.64144e+15	8.85e-18	1.06e-12	1.94e-08	2.98e-05	4.22e-03	9.96e-01	1.72e-05	0.00e+00
 1.67760e+15	1.07e-17	1.24e-12	2.20e-08	3.25e-05	4.42e-03	9.96e-01	1.64e-05	0.00e+00
 1.71804e+15	1.29e-17	1.46e-12	2.53e-08	3.58e-05	4.65e-03	9.95e-01	1.56e-05	0.00e+00
 1.77062e+15	1.69e-17	1.82e-12	3.02e-08	4.04e-05	4.97e-03	9.95e-01	1.46e-05	0.00e+00
 1.82525e+15	2.16e-17	2.25e-12	3.60e-08	4.57e-05	5.31e-03	9.95e-01	1.36e-05	0.00e+00
 1.87089e+15	2.69e-17	2.70e-12	4.16e-08	5.04e-05	5.60e-03	9.94e-01	1.29e-05	0.00e+00
 1.91856e+15	3.27e-17	3.20e-12	4.82e-08	5.58e-05	5.91e-03	9.94e-01	1.22e-05	0.00e+00
 1.98052e+15	4.34e-17	4.05e-12	5.81e-08	6.35e-05	6.35e-03	9.94e-01	1.14e-05	0.00e+00
 2.04461e+15	5.60e-17	5.05e-12	6.99e-08	7.22e-05	6.81e-03	9.93e-01	1.06e-05	0.00e+00
 2.09790e+15	7.02e-17	6.10e-12	8.13e-08	8.01e-05	7.20e-03	9.93e-01	9.98e-06	0.00e+00
 2.15361e+15	8.68e-17	7.32e-12	9.47e-08	8.90e-05	7.63e-03	9.92e-01	9.41e-06	0.00e+00
 2.22603e+15	1.15e-16	9.27e-12	1.15e-07	1.02e-04	8.22e-03	9.92e-01	8.72e-06	0.00e+00
 2.30185e+15	1.70e-16	1.17e-11	1.40e-07	1.16e-04	8.86e-03	9.91e-01	8.08e-06	0.00e+00
 2.36643e+15	2.14e-16	1.43e-11	1.64e-07	1.30e-04	9.42e-03	9.90e-01	7.59e-06	0.00e+00
 2.43475e+15	2.69e-16	1.74e-11	1.94e-07	1.46e-04	1.00e-02	9.90e-01	7.11e-06	0.00e+00
 2.52285e+15	3.65e-16	2.24e-11	2.38e-07	1.68e-04	1.09e-02	9.89e-01	6.55e-06	0.00e+00
 2.61511e+15	4.85e-16	2.87e-11	2.94e-07	1.95e-04	1.18e-02	9.88e-01	6.09e-06	0.00e+00
 2.69514e+15	6.20e-16	3.53e-11	3.50e-07	2.20e-04	1.26e-02	9.87e-01	5.73e-06	0.00e+00
 2.78081e+15	7.88e-16	4.37e-11	4.21e-07	2.49e-04	1.35e-02	9.86e-01	5.39e-06	0.00e+00
 2.88584e+15	1.11e-15	5.75e-11	5.23e-07	2.89e-04	1.47e-02	9.85e-01	5.01e-06	0.00e+00
 2.99163e+15	1.47e-15	7.37e-11	6.46e-07	3.34e-04	1.60e-02	9.84e-01	4.68e-06	0.00e+00
 3.08520e+15	1.90e-15	9.16e-11	7.74e-07	3.78e-04	1.72e-02	9.82e-01	4.41e-06	0.00e+00
 3.16433e+15	2.31e-15	1.09e-10	8.99e-07	4.19e-04	1.82e-02	9.81e-01	4.21e-06	0.00e+00
 3.23295e+15	2.75e-15	1.26e-10	1.02e-06	4.56e-04	1.91e-02	9.80e-01	4.04e-06	0.00e+00
 3.31086e+15	3.35e-15	1.50e-10	1.17e-06	5.02e-04	2.02e-02	9.79e-01	3.87e-06	0.00e+00
 3.41216e+15	4.44e-15	1.88e-10	1.40e-06	5.67e-04	2.16e-02	9.78e-01	3.67e-06	0.00e+00
 3.51578e+15	5.70e-15	2.33e-10	1.68e-06	6.39e-04	2.32e-02	9.76e-01	3.48e-06	0.00e+00
 3.59995e+15	6.97e-15	2.76e-10	1.93e-06	7.03e-04	2.44e-02	9.75e-01	3.35e-06	0.00e+00
 3.68688e+15	8.42e-15	3.26e-10	2.22e-06	7.73e-04	2.58e-02	9.73e-01	3.22e-06	0.00e+00
 3.79989e+15	1.09e-14	4.07e-10	2.67e-06	8.73e-04	2.76e-02	9.71e-01	3.07e-06	0.00e+00
 3.91760e+15	1.41e-14	5.07e-10	3.20e-06	9.86e-04	2.96e-02	9.69e-01	2.92e-06	0.00e+00
 4.01660e+15	1.74e-14	6.07e-10	3.72e-06	1.09e-03	3.13e-02	9.68e-01	2.82e-06	0.00e+00
 4.12049e+15	2.10e-14	7.20e-10	4.33e-06	1.21e-03	3.32e-02	9.66e-01	2.71e-06	0.00e+00
 4.25554e+15	2.84e-14	9.24e-10	5.27e-06	1.37e-03	3.57e-02	9.63e-01	2.60e-06	0.00e+00
 4.39560e+15	3.69e-14	1.16e-09	6.40e-06	1.56e-03	3.84e-02	9.60e-01	2.49e-06	0.00e+00
 4.51377e+15	4.54e-14	1.40e-09	7.51e-06	1.74e-03	4.08e-02	9.57e-01	2.41e-06	0.00e+00
 4.63900e+15	5.89e-14	1.73e-09	8.88e-06	1.94e-03	4.34e-02	9.55e-01	2.34e-06	0.00e+00
 4.80179e+15	7.98e-14	2.24e-09	1.10e-05	2.23e-03	4.69e-02	9.51e-01	2.26e-06	0.00e+00
 4.97311e+15	1.08e-13	2.91e-09	1.36e-05	2.57e-03	5.08e-02	9.47e-01	2.19e-06	0.00e+00
 5.12168e+15	1.37e-13	3.60e-09	1.62e-05	2.89e-03	5.41e-02	9.43e-01	2.13e-06	0.00e+00
 5.28098e+15	1.80e-13	4.54e-09	1.96e-05	3.27e-03	5.80e-02	9.39e-01	2.08e-06	0.00e+00
 5.47845e+15	2.45e-13	5.94e-09	2.46e-05	3.78e-03	6.29e-02	9.33e-01	2.03e-06	0.00e+00
 5.67973e+15	3.37e-13	7.81e-09	3.07e-05	4.37e-03	6.80e-02	9.28e-01	1.98e-06	0.00e+00
 5.83219e+15	4.28e-13	9.56e-09	3.61e-05	4.86e-03	7.21e-02	9.23e-01	1.96e-06	0.00e+00
 5.94356e+15	5.13e-13	1.11e-08	4.07e-05	5.24e-03	7.52e-02	9.20e-01	1.95e-06	0.00e+00
 6.06485e+15	6.14e-13	1.30e-08	4.61e-05	5.69e-03	7.86e-02	9.16e-01	1.94e-06	0.00e+00
 6.22254e+15	7.47e-13	1.55e-08	5.40e-05	6.30e-03	8.29e-02	9.11e-01	1.91e-06	0.00e+00
 6.39737e+15	9.84e-13	1.95e-08	6.43e-05	7.05e-03	8.82e-02	9.05e-01	1.90e-06	0.00e+00
 6.55679e+15	1.22e-12	2.35e-08	7.49e-05	7.78e-03	9.29e-02	8.99e-01	1.89e-06	0.00e+00
 6.72635e+15	1.50e-12	2.82e-08	8.78e-05	8.61e-03	9.81e-02	8.93e-01	1.87e-06	0.00e+00
 6.94678e+15	2.10e-12	3.71e-08	1.08e-04	9.82e-03	1.05e-01	8.85e-01	1.88e-06	0.00e+00
 7.16589e+15	2.67e-12	4.61e-08	1.30e-04	1.11e-02	1.12e-01	8.77e-01	1.86e-06	0.00e+00
 7.33554e+15	3.30e-12	5.53e-08	1.51e-04	1.22e-02	1.18e-01	8.70e-01	1.86e-06	0.00e+00
 7.50832e+15	4.23e-12	6.77e-08	1.75e-04	1.34e-02	1.24e-01	8.62e-01	1.86e-06	0.00e+00
 7.73293e+15	5.52e-12	8.50e-08	2.11e-04	1.51e-02	1.32e-01	8.53e-01	1.86e-06	0.00e+00
 7.97273e+15	7.44e-12	1.09e-07	2.56e-04	1.70e-02	1.40e-01	8.42e-01	1.87e-06	0.00e+00
 8.18163e+15	9.41e-12	1.33e-07	3.02e-04	1.89e-02	1.48e-01	8.33e-01	1.87e-06	0.00e+00
 8.40255e+15	1.20e-11	1.64e-07	3.57e-04	2.10e-02	1.56e-01	8.23e-01	1.87e-06	0.00e+00
 8.68974e+15	1.68e-11	2.17e-07	4.44e-04	2.41e-02	1.67e-01	8.08e-01	1.88e-06	0.00e+00
 8.97690e+15	2.26e-11	2.80e-07	5.45e-04	2.74e-02	1.78e-01	7.94e-01	1.88e-06	0.00e+00
 9.20862e+15	2.88e-11	3.44e-07	6.41e-04	3.03e-02	1.87e-01	7.82e-01	1.89e-06	0.00e+00
 9.45443e+15	3.72e-11	4.26e-07	7.60e-04	3.37e-02	1.97e-01	7.69e-01	1.89e-06	0.00e+00
 9.77398e+15	4.91e-11	5.45e-07	9.37e-04	3.84e-02	2.09e-01	7.52e-01	1.88e-06	0.00e+00
 1.00955e+16	7.04e-11	7.29e-07	1.16e-03	4.37e-02	2.22e-01	7.33e-01	1.89e-06	0.00e+00
 1.03549e+16	9.00e-11	8.97e-07	1.37e-03	4.83e-02	2.33e-01	7.18e-01	1.90e-06	0.00e+00
 1.06272e+16	1.16e-10	1.11e-06	1.62e-03	5.36e-02	2.44e-01	7.01e-01	1.89e-06	0.00e+00
 1.09022e+16	1.48e-10	1.37e-06	1.91e-03	5.92e-02	2.55e-01	6.84e-01	1.88e-06	0.00e+00
 1.11327e+16	1.82e-10	1.63e-06	2.19e-03	6.43e-02	2.64e-01	6.70e-01	1.87e-06	0.00e+00
 1.13846e+16	2.26e-10	1.95e-06	2.54e-03	7.03e-02	2.74e-01	6.53e-01	1.86e-06	0.00e+00
 1.16581e+16	2.79e-10	2.35e-06	2.96e-03	7.70e-02	2.84e-01	6.36e-01	1.85e-06	0.00e+00
 1.19194e+16	3.65e-10	2.91e-06	3.45e-03	8.42e-02	2.95e-01	6.17e-01	1.85e-06	0.00e+00
 1.21686e+16	4.47e-10	3.45e-06	3.95e-03	9.13e-02	3.04e-01	6.01e-01	1.83e-06	0.00e+00
 1.24421e+16	5.45e-10	4.10e-06	4.58e-03	9.95e-02	3.14e-01	5.82e-01	1.81e-06	0.00e+00
 1.27488e+16	7.25e-10	5.18e-06	5.43e-03	1.10e-01	3.26e-01	5.59e-01	1.78e-06	0.00e+00
 1.30280e+16	9.18e-10	6.28e-06	6.29e-03	1.19e-01	3.35e-01	5.39e-01	1.77e-06	0.00e+00
 1.33200e+16	1.15e-09	7.59e-06	7.33e-03	1.30e-01	3.44e-01	5.18e-01	1.74e-06	0.00e+00
 1.36438e+16	1.44e-09	9.23e-06	8.63e-03	1.43e-01	3.54e-01	4.95e-01	1.70e-06	0.00e+00
 1.39401e+16	1.92e-09	1.16e-05	1.01e-02	1.56e-01	3.63e-01	4.71e-01	1.68e-06	0.00e+00
 1.42054e+16	2.37e-09	1.38e-05	1.16e-02	1.67e-01	3.70e-01	4.51e-01	1.65e-06	0.00e+00
 1.44989e+16	2.94e-09	1.66e-05	1.34e-02	1.81e-01	3.77e-01	4.29e-01	1.61e-06	0.00e+00
 1.48247e+16	3.92e-09	2.10e-05	1.59e-02	1.98e-01	3.84e-01	4.02e-01	1.58e-06	0.00e+00
 1.51209e+16	4.82e-09	2.50e-05	1.83e-02	2.13e-01	3.88e-01	3.80e-01	1.54e-06	0.00e+00
 1.53921e+16	5.80e-09	2.94e-05	2.09e-02	2.28e-01	3.92e-01	3.60e-01	1.50e-06	0.00e+00
 1.56594e+16	7.15e-09	3.49e-05	2.39e-02	2.43e-01	3.94e-01	3.39e-01	1.46e-06	0.00e+00
 1.59208e+16	9.53e-09	4.35e-05	2.75e-02	2.60e-01	3.96e-01	3.16e-01	1.43e-06	0.00e+00
 1.61668e+16	1.16e-08	5.11e-05	3.11e-02	2.75e-01	3.96e-01	2.97e-01	1.39e-06	0.00e+00
 1.64363e+16	1.44e-08	6.11e-05	3.56e-02	2.93e-01	3.95e-01	2.76e-01	1.35e-06	0.00e+00
 1.67265e+16	1.88e-08	7.57e-05	4.14e-02	3.13e-01	3.92e-01	2.53e-01	1.30e-06	0.00e+00
 1.69747e+16	2.34e-08	9.03e-05	4.70e-02	3.31e-01	3.88e-01	2.34e-01	1.26e-06	0.00e+00
 1.71839e+16	2.83e-08	1.05e-04	5.24e-02	3.46e-01	3.84e-01	2.18e-01	1.23e-06	0.00e+00
 1.74112e+16	3.53e-08	1.25e-04	5.92e-02	3.63e-01	3.78e-01	2.00e-01	1.18e-06	0.00e+00
 1.76547e+16	4.35e-08	1.48e-04	6.70e-02	3.81e-01	3.69e-01	1.82e-01	1.14e-06	0.00e+00
 1.78685e+16	5.14e-08	1.71e-04	7.47e-02	3.97e-01	3.61e-01	1.67e-01	1.10e-06	0.00e+00
 1.80632e+16	6.52e-08	2.04e-04	8.34e-02	4.12e-01	3.52e-01	1.52e-01	1.07e-06	0.00e+00
 1.82480e+16	7.62e-08	2.32e-04	9.19e-02	4.26e-01	3.42e-01	1.39e-01	1.02e-06	0.00e+00
 1.84522e+16	9.35e-08	2.73e-04	1.03e-01	4.42e-01	3.30e-01	1.25e-01	9.78e-07	0.00e+00
 1.86670e+16	1.17e-07	3.27e-04	1.16e-01	4.57e-01	3.16e-01	1.10e-01	0.00e+00	0.00e+00
 1.88440e+16	1.54e-07	3.98e-04	1.29e-01	4.70e-01	3.03e-01	9.77e-02	0.00e+00	0.00e+00
 1.89856e+16	1.77e-07	4.44e-04	1.39e-01	4.80e-01	2.91e-01	8.89e-02	0.00e+00	0.00e+00
 1.91327e+16	2.21e-07	5.24e-04	1.53e-01	4.90e-01	2.78e-01	7.90e-02	0.00e+00	0.00e+00
 1.92928e+16	2.58e-07	5.92e-04	1.67e-01	4.99e-01	2.64e-01	7.00e-02	0.00e+00	0.00e+00
 1.94418e+16	3.11e-07	6.83e-04	1.81e-01	5.07e-01	2.49e-01	6.15e-02	0.00e+00	0.00e+00
 1.95794e+16	3.76e-07	7.87e-04	1.97e-01	5.14e-01	2.35e-01	5.38e-02	0.00e+00	0.00e+00
 1.97026e+16	4.86e-07	9.44e-04	2.13e-01	5.19e-01	2.21e-01	4.65e-02	0.00e+00	0.00e+00
 1.97982e+16	5.61e-07	1.05e-03	2.26e-01	5.22e-01	2.10e-01	4.17e-02	0.00e+00	0.00e+00
 1.98853e+16	6.26e-07	1.14e-03	2.37e-01	5.24e-01	2.00e-01	3.77e-02	0.00e+00	0.00e+00
 1.99985e+16	7.40e-07	1.29e-03	2.54e-01	5.26e-01	1.86e-01	3.26e-02	0.00e+00	0.00e+00
 2.01201e+16	8.93e-07	1.48e-03	2.72e-01	5.27e-01	1.72e-01	2.76e-02	0.00e+00	0.00e+00
 2.02237e+16	1.01e-06	1.63e-03	2.88e-01	5.27e-01	1.59e-01	2.39e-02	0.00e+00	0.00e+00
 2.03046e+16	1.23e-06	1.86e-03	3.03e-01	5.25e-01	1.49e-01	2.06e-02	0.00e+00	0.00e+00
 2.03597e+16	1.35e-06	1.99e-03	3.13e-01	5.24e-01	1.42e-01	1.88e-02	0.00e+00	0.00e+00
 2.04065e+16	1.47e-06	2.12e-03	3.22e-01	5.23e-01	1.36e-01	1.73e-02	0.00e+00	0.00e+00
 2.04674e+16	1.56e-06	2.22e-03	3.32e-01	5.22e-01	1.29e-01	1.56e-02	0.00e+00	0.00e+00
 2.05464e+16	1.84e-06	2.50e-03	3.47e-01	5.18e-01	1.19e-01	1.33e-02	0.00e+00	0.00e+00
 2.06196e+16	2.10e-06	2.74e-03	3.61e-01	5.14e-01	1.10e-01	1.15e-02	0.00e+00	0.00e+00
 2.06704e+16	2.26e-06	2.88e-03	3.71e-01	5.12e-01	1.05e-01	1.03e-02	0.00e+00	0.00e+00
 2.07215e+16	2.47e-06	3.08e-03	3.81e-01	5.08e-01	9.85e-02	9.22e-03	0.00e+00	0.00e+00
 2.07881e+16	2.87e-06	3.42e-03	3.95e-01	5.03e-01	9.04e-02	7.79e-03	0.00e+00	0.00e+00
 2.08519e+16	3.15e-06	3.65e-03	4.07e-01	4.98e-01	8.37e-02	6.75e-03	0.00e+00	0.00e+00
 2.09123e+16	3.53e-06	3.96e-03	4.20e-01	4.93e-01	7.71e-02	5.76e-03	0.00e+00	0.00e+00
 2.09763e+16	4.16e-06	4.44e-03	4.35e-01	4.85e-01	7.01e-02	4.76e-03	0.00e+00	0.00e+00
 2.10261e+16	4.57e-06	4.74e-03	4.46e-01	4.80e-01	6.52e-02	4.16e-03	0.00e+00	0.00e+00
 2.10719e+16	4.87e-06	4.96e-03	4.54e-01	4.76e-01	6.10e-02	3.67e-03	0.00e+00	0.00e+00
 2.11315e+16	5.66e-06	5.49e-03	4.68e-01	4.68e-01	5.52e-02	3.02e-03	0.00e+00	0.00e+00
 2.11908e+16	6.35e-06	5.95e-03	4.81e-01	4.61e-01	5.01e-02	2.51e-03	0.00e+00	0.00e+00
 2.12408e+16	6.98e-06	6.36e-03	4.91e-01	4.54e-01	4.61e-02	2.14e-03	0.00e+00	0.00e+00
 2.12969e+16	7.83e-06	6.89e-03	5.03e-01	4.46e-01	4.16e-02	1.77e-03	0.00e+00	0.00e+00
 2.13698e+16	9.16e-06	7.67e-03	5.19e-01	4.36e-01	3.63e-02	1.36e-03	0.00e+00	0.00e+00
 2.14428e+16	1.06e-05	8.48e-03	5.34e-01	4.25e-01	3.17e-02	1.05e-03	0.00e+00	0.00e+00
 2.15015e+16	1.19e-05	9.18e-03	5.46e-01	4.16e-01	2.83e-02	8.48e-04	0.00e+00	0.00e+00
 2.15634e+16	1.35e-05	1.00e-02	5.58e-01	4.06e-01	2.49e-02	6.66e-04	0.00e+00	0.00e+00
 2.16440e+16	1.60e-05	1.12e-02	5.74e-01	3.93e-01	2.11e-02	4.84e-04	0.00e+00	0.00e+00
 2.17272e+16	1.89e-05	1.26e-02	5.90e-01	3.79e-01	1.77e-02	3.47e-04	0.00e+00	0.00e+00
 2.17850e+16	2.13e-05	1.37e-02	6.01e-01	3.69e-01	1.57e-02	2.76e-04	0.00e+00	0.00e+00
 2.18222e+16	2.30e-05	1.44e-02	6.08e-01	3.63e-01	1.45e-02	2.37e-04	0.00e+00	0.00e+00
 2.18613e+16	2.49e-05	1.52e-02	6.15e-01	3.56e-01	1.33e-02	2.01e-04	0.00e+00	0.00e+00
 2.19122e+16	2.76e-05	1.63e-02	6.25e-01	3.47e-01	1.18e-02	1.62e-04	0.00e+00	0.00e+00
 2.19783e+16	3.17e-05	1.79e-02	6.36e-01	3.36e-01	1.02e-02	1.22e-04	0.00e+00	0.00e+00
 2.20451e+16	3.62e-05	1.96e-02	6.48e-01	3.24e-01	8.79e-03	9.21e-05	0.00e+00	0.00e+00
 2.20987e+16	4.05e-05	2.11e-02	6.56e-01	3.15e-01	7.79e-03	7.34e-05	0.00e+00	0.00e+00
 2.21544e+16	4.54e-05	2.28e-02	6.66e-01	3.05e-01	6.84e-03	5.75e-05	0.00e+00	0.00e+00
 2.22267e+16	5.26e-05	2.51e-02	6.77e-01	2.92e-01	5.77e-03	4.18e-05	0.00e+00	0.00e+00
 2.22992e+16	6.11e-05	2.78e-02	6.88e-01	2.79e-01	4.88e-03	3.06e-05	0.00e+00	0.00e+00
 2.23551e+16	6.88e-05	3.01e-02	6.96e-01	2.69e-01	4.28e-03	2.40e-05	0.00e+00	0.00e+00
 2.24110e+16	7.73e-05	3.25e-02	7.04e-01	2.59e-01	3.75e-03	1.88e-05	0.00e+00	0.00e+00
 2.24836e+16	8.99e-05	3.60e-02	7.14e-01	2.47e-01	3.14e-03	1.36e-05	0.00e+00	0.00e+00
 2.25566e+16	1.05e-04	3.99e-02	7.23e-01	2.34e-01	2.64e-03	9.89e-06	0.00e+00	0.00e+00
 2.26137e+16	1.19e-04	4.35e-02	7.31e-01	2.23e-01	2.29e-03	7.64e-06	0.00e+00	0.00e+00
 2.26620e+16	1.33e-04	4.67e-02	7.36e-01	2.15e-01	2.03e-03	6.16e-06	0.00e+00	0.00e+00
 2.27151e+16	1.49e-04	5.05e-02	7.42e-01	2.06e-01	1.77e-03	4.82e-06	0.00e+00	0.00e+00
 2.27842e+16	1.74e-04	5.59e-02	7.49e-01	1.94e-01	1.48e-03	3.51e-06	0.00e+00	0.00e+00
 2.28543e+16	2.04e-04	6.21e-02	7.55e-01	1.82e-01	1.24e-03	2.56e-06	0.00e+00	0.00e+00
 2.29092e+16	2.34e-04	6.79e-02	7.59e-01	1.72e-01	1.07e-03	1.97e-06	0.00e+00	0.00e+00
 2.29550e+16	2.60e-04	7.30e-02	7.62e-01	1.64e-01	9.43e-04	1.60e-06	0.00e+00	0.00e+00
 2.30052e+16	2.94e-04	7.91e-02	7.65e-01	1.55e-01	8.18e-04	1.25e-06	0.00e+00	0.00e+00
 2.30704e+16	3.44e-04	8.78e-02	7.67e-01	1.44e-01	6.79e-04	9.10e-07	0.00e+00	0.00e+00
 2.31365e+16	4.09e-04	9.83e-02	7.68e-01	1.33e-01	5.59e-04	0.00e+00	0.00e+00	0.00e+00
 2.31871e+16	4.68e-04	1.07e-01	7.67e-01	1.24e-01	4.79e-04	0.00e+00	0.00e+00	0.00e+00
 2.32291e+16	5.24e-04	1.16e-01	7.66e-01	1.17e-01	4.20e-04	0.00e+00	0.00e+00	0.00e+00
 2.32764e+16	5.94e-04	1.25e-01	7.64e-01	1.10e-01	3.61e-04	0.00e+00	0.00e+00	0.00e+00
 2.33378e+16	7.02e-04	1.40e-01	7.59e-01	1.00e-01	2.95e-04	0.00e+00	0.00e+00	0.00e+00
 2.33998e+16	8.41e-04	1.57e-01	7.52e-01	9.02e-02	2.38e-04	0.00e+00	0.00e+00	0.00e+00
 2.34471e+16	9.69e-04	1.72e-01	7.44e-01	8.27e-02	2.00e-04	0.00e+00	0.00e+00	0.00e+00
 2.34860e+16	1.09e-03	1.85e-01	7.37e-01	7.68e-02	1.73e-04	0.00e+00	0.00e+00	0.00e+00
 2.35294e+16	1.24e-03	2.01e-01	7.27e-01	7.03e-02	1.45e-04	0.00e+00	0.00e+00	0.00e+00
 2.35859e+16	1.48e-03	2.25e-01	7.11e-01	6.23e-02	1.15e-04	0.00e+00	0.00e+00	0.00e+00
 2.36442e+16	1.79e-03	2.53e-01	6.91e-01	5.41e-02	8.91e-05	0.00e+00	0.00e+00	0.00e+00
 2.36909e+16	2.10e-03	2.79e-01	6.71e-01	4.78e-02	7.17e-05	0.00e+00	0.00e+00	0.00e+00
 2.37313e+16	2.41e-03	3.04e-01	6.51e-01	4.26e-02	5.86e-05	0.00e+00	0.00e+00	0.00e+00
 2.37775e+16	2.82e-03	3.34e-01	6.26e-01	3.69e-02	4.60e-05	0.00e+00	0.00e+00	0.00e+00
 2.38376e+16	3.48e-03	3.77e-01	5.89e-01	3.01e-02	3.28e-05	0.00e+00	0.00e+00	0.00e+00
 2.38982e+16	4.37e-03	4.29e-01	5.43e-01	2.37e-02	2.24e-05	0.00e+00	0.00e+00	0.00e+00
 2.39433e+16	5.23e-03	4.72e-01	5.03e-01	1.93e-02	1.63e-05	0.00e+00	0.00e+00	0.00e+00
 2.39786e+16	5.99e-03	5.08e-01	4.69e-01	1.61e-02	1.24e-05	0.00e+00	0.00e+00	0.00e+00
 2.40174e+16	6.95e-03	5.49e-01	4.31e-01	1.31e-02	9.09e-06	0.00e+00	0.00e+00	0.00e+00
 2.40597e+16	8.23e-03	5.96e-01	3.86e-01	1.01e-02	6.22e-06	0.00e+00	0.00e+00	0.00e+00
 2.40959e+16	9.57e-03	6.38e-01	3.44e-01	7.84e-03	4.34e-06	0.00e+00	0.00e+00	0.00e+00
 2.41248e+16	1.08e-02	6.72e-01	3.11e-01	6.31e-03	3.20e-06	0.00e+00	0.00e+00	0.00e+00
 2.41553e+16	1.22e-02	7.06e-01	2.77e-01	4.91e-03	2.26e-06	0.00e+00	0.00e+00	0.00e+00
 2.41891e+16	1.41e-02	7.44e-01	2.38e-01	3.62e-03	1.49e-06	0.00e+00	0.00e+00	0.00e+00
 2.42194e+16	1.61e-02	7.77e-01	2.04e-01	2.66e-03	9.79e-07	0.00e+00	0.00e+00	0.00e+00
 2.42442e+16	1.79e-02	8.03e-01	1.77e-01	2.02e-03	0.00e+00	0.00e+00	0.00e+00	0.00e+00
 2.42702e+16	2.01e-02	8.27e-01	1.51e-01	1.49e-03	0.00e+00	0.00e+00	0.00e+00	0.00e+00
 2.42991e+16	2.28e-02	8.52e-01	1.25e-01	1.03e-03	0.00e+00	0.00e+00	0.00e+00	0.00e+00
 2.43248e+16	2.57e-02	8.71e-01	1.02e-01	7.17e-04	0.00e+00	0.00e+00	0.00e+00	0.00e+00
 2.43462e+16	2.84e-02	8.85e-01	8.59e-02	5.18e-04	0.00e+00	0.00e+00	0.00e+00	0.00e+00
 2.43689e+16	3.16e-02	8.97e-01	7.06e-02	3.60e-04	0.00e+00	0.00e+00	0.00e+00	0.00e+00
 2.43943e+16	3.57e-02	9.08e-01	5.56e-02	2.33e-04	0.00e+00	0.00e+00	0.00e+00	0.00e+00
 2.44170e+16	4.01e-02	9.16e-01	4.39e-02	1.53e-04	0.00e+00	0.00e+00	0.00e+00	0.00e+00
 2.44359e+16	4.42e-02	9.20e-01	3.56e-02	1.05e-04	0.00e+00	0.00e+00	0.00e+00	0.00e+00
 2.44530e+16	4.82e-02	9.23e-01	2.92e-02	7.34e-05	0.00e+00	0.00e+00	0.00e+00	0.00e+00
 2.44723e+16	5.34e-02	9.23e-01	2.31e-02	4.84e-05	0.00e+00	0.00e+00	0.00e+00	0.00e+00
 2.44929e+16	5.94e-02	9.23e-01	1.78e-02	3.03e-05	0.00e+00	0.00e+00	0.00e+00	0.00e+00
 2.45101e+16	6.53e-02	9.21e-01	1.40e-02	2.00e-05	0.00e+00	0.00e+00	0.00e+00	0.00e+00
 2.45243e+16	7.04e-02	9.18e-01	1.15e-02	1.40e-05	0.00e+00	0.00e+00	0.00e+00	0.00e+00
 2.45382e+16	7.59e-02	9.15e-01	9.37e-03	9.79e-06	0.00e+00	0.00e+00	0.00e+00	0.00e+00
 2.45530e+16	8.22e-02	9.10e-01	7.51e-03	6.62e-06	0.00e+00	0.00e+00	0.00e+00	0.00e+00
 2.45673e+16	8.87e-02	9.05e-01	6.02e-03	4.49e-06	0.00e+00	0.00e+00	0.00e+00	0.00e+00
 2.45797e+16	9.49e-02	9.00e-01	4.94e-03	3.19e-06	0.00e+00	0.00e+00	0.00e+00	0.00e+00
 2.45905e+16	1.00e-01	8.95e-01	4.15e-03	2.35e-06	0.00e+00	0.00e+00	0.00e+00	0.00e+00
 2.46006e+16	1.06e-01	8.91e-01	3.51e-03	1.76e-06	0.00e+00	0.00e+00	0.00e+00	0.00e+00
 2.46086e+16	1.10e-01	8.87e-01	3.07e-03	1.41e-06	0.00e+00	0.00e+00	0.00e+00	0.00e+00
 2.46139e+16	1.13e-01	8.84e-01	2.81e-03	1.21e-06	0.00e+00	0.00e+00	0.00e+00	0.00e+00
 2.46188e+16	1.16e-01	8.81e-01	2.59e-03	1.05e-06	0.00e+00	0.00e+00	0.00e+00	0.00e+00
 2.46246e+16	1.20e-01	8.78e-01	2.34e-03	8.87e-07	0.00e+00	0.00e+00	0.00e+00	0.00e+00
 2.46309e+16	1.23e-01	8.75e-01	2.10e-03	0.00e+00	0.00e+00	0.00e+00	0.00e+00	0.00e+00
 2.46370e+16	1.27e-01	8.71e-01	1.89e-03	0.00e+00	0.00e+00	0.00e+00	0.00e+00	0.00e+00
 2.46429e+16	1.31e-01	8.67e-01	1.71e-03	0.00e+00	0.00e+00	0.00e+00	0.00e+00	0.00e+00
 2.46487e+16	1.35e-01	8.64e-01	1.54e-03	0.00e+00	0.00e+00	0.00e+00	0.00e+00	0.00e+00
 2.46545e+16	1.38e-01	8.60e-01	1.39e-03	0.00e+00	0.00e+00	0.00e+00	0.00e+00	0.00e+00
 2.46604e+16	1.42e-01	8.57e-01	1.26e-03	0.00e+00	0.00e+00	0.00e+00	0.00e+00	0.00e+00
 2.46663e+16	1.46e-01	8.53e-01	1.13e-03	0.00e+00	0.00e+00	0.00e+00	0.00e+00	0.00e+00
 2.46722e+16	1.50e-01	8.49e-01	1.02e-03	0.00e+00	0.00e+00	0.00e+00	0.00e+00	0.00e+00
 2.46780e+16	1.54e-01	8.45e-01	9.20e-04	0.00e+00	0.00e+00	0.00e+00	0.00e+00	0.00e+00
 2.46839e+16	1.58e-01	8.41e-01	8.29e-04	0.00e+00	0.00e+00	0.00e+00	0.00e+00	0.00e+00
 2.46898e+16	1.62e-01	8.37e-01	7.46e-04	0.00e+00	0.00e+00	0.00e+00	0.00e+00	0.00e+00
 2.46959e+16	1.67e-01	8.32e-01	6.71e-04	0.00e+00	0.00e+00	0.00e+00	0.00e+00	0.00e+00
 2.47020e+16	1.71e-01	8.28e-01	6.03e-04	0.00e+00	0.00e+00	0.00e+00	0.00e+00	0.00e+00
 2.47080e+16	1.76e-01	8.24e-01	5.42e-04	0.00e+00	0.00e+00	0.00e+00	0.00e+00	0.00e+00
 2.47141e+16	1.80e-01	8.19e-01	4.88e-04	0.00e+00	0.00e+00	0.00e+00	0.00e+00	0.00e+00
 2.47204e+16	1.85e-01	8.15e-01	4.38e-04	0.00e+00	0.00e+00	0.00e+00	0.00e+00	0.00e+00
 2.47267e+16	1.90e-01	8.10e-01	3.94e-04	0.00e+00	0.00e+00	0.00e+00	0.00e+00	0.00e+00
 2.47332e+16	1.95e-01	8.05e-01	3.53e-04	0.00e+00	0.00e+00	0.00e+00	0.00e+00	0.00e+00
 2.47399e+16	2.00e-01	8.00e-01	3.16e-04	0.00e+00	0.00e+00	0.00e+00	0.00e+00	0.00e+00
 2.47467e+16	2.05e-01	7.95e-01	2.84e-04	0.00e+00	0.00e+00	0.00e+00	0.00e+00	0.00e+00
 2.47536e+16	2.10e-01	7.89e-01	2.55e-04	0.00e+00	0.00e+00	0.00e+00	0.00e+00	0.00e+00
 2.47608e+16	2.16e-01	7.84e-01	2.29e-04	0.00e+00	0.00e+00	0.00e+00	0.00e+00	0.00e+00
 2.47681e+16	2.21e-01	7.78e-01	2.06e-04	0.00e+00	0.00e+00	0.00e+00	0.00e+00	0.00e+00
 2.47756e+16	2.27e-01	7.73e-01	1.86e-04	0.00e+00	0.00e+00	0.00e+00	0.00e+00	0.00e+00
 2.47833e+16	2.33e-01	7.67e-01	1.68e-04	0.00e+00	0.00e+00	0.00e+00	0.00e+00	0.00e+00
 2.47914e+16	2.39e-01	7.61e-01	1.53e-04	0.00e+00	0.00e+00	0.00e+00	0.00e+00	0.00e+00
 2.48000e+16	2.45e-01	7.55e-01	1.39e-04	0.00e+00	0.00e+00	0.00e+00	0.00e+00	0.00e+00
