#depth	O	O+	O+2	O+3	O+4	O+5	O+6	O+7	O+8	O[1]	O[2]	O[3]
 1.49634e+10	0.00e+00	0.00e+00	0.00e+00	3.89e-27	4.23e-18	1.14e-09	8.91e-01	1.09e-01	2.05e-05	0.00e+00	0.00e+00	0.00e+00
 4.54887e+10	0.00e+00	0.00e+00	1.10e-36	4.96e-27	5.00e-18	1.24e-09	8.99e-01	1.01e-01	1.76e-05	0.00e+00	0.00e+00	0.00e+00
 7.72350e+10	0.00e+00	0.00e+00	0.00e+00	6.33e-27	5.90e-18	1.35e-09	9.06e-01	9.39e-02	1.51e-05	0.00e+00	0.00e+00	0.00e+00
 1.10251e+11	0.00e+00	0.00e+00	2.10e-36	8.08e-27	6.95e-18	1.48e-09	9.13e-01	8.72e-02	1.30e-05	0.00e+00	0.00e+00	0.00e+00
 1.40797e+11	0.00e+00	8.60e-47	2.79e-36	1.00e-26	8.05e-18	1.59e-09	9.18e-01	8.17e-02	1.13e-05	0.00e+00	0.00e+00	0.00e+00
 1.67236e+11	0.00e+00	0.00e+00	3.55e-36	1.20e-26	9.09e-18	1.70e-09	9.23e-01	7.73e-02	1.01e-05	0.00e+00	0.00e+00	0.00e+00
 1.96503e+11	0.00e+00	1.60e-46	4.59e-36	1.46e-26	1.04e-17	1.82e-09	9.27e-01	7.28e-02	8.95e-06	0.00e+00	0.00e+00	0.00e+00
 2.32269e+11	0.00e+00	0.00e+00	6.23e-36	1.84e-26	1.21e-17	1.97e-09	9.32e-01	6.79e-02	7.74e-06	0.00e+00	0.00e+00	0.00e+00
 2.68678e+11	0.00e+00	3.38e-46	8.38e-36	2.30e-26	1.41e-17	2.13e-09	9.37e-01	6.33e-02	6.71e-06	0.00e+00	0.00e+00	0.00e+00
 3.01631e+11	0.00e+00	0.00e+00	0.00e+00	2.80e-26	1.61e-17	2.28e-09	9.40e-01	5.95e-02	5.92e-06	0.00e+00	0.00e+00	0.00e+00
 3.37898e+11	0.00e+00	0.00e+00	1.43e-35	3.44e-26	1.85e-17	2.45e-09	9.44e-01	5.58e-02	5.18e-06	0.00e+00	0.00e+00	0.00e+00
 3.80528e+11	0.00e+00	9.77e-46	1.96e-35	4.36e-26	2.17e-17	2.66e-09	9.48e-01	5.18e-02	4.45e-06	0.00e+00	0.00e+00	0.00e+00
 4.22522e+11	0.00e+00	0.00e+00	0.00e+00	5.46e-26	2.52e-17	2.87e-09	9.52e-01	4.82e-02	3.85e-06	0.00e+00	0.00e+00	0.00e+00
 4.61468e+11	0.00e+00	0.00e+00	3.45e-35	6.67e-26	2.88e-17	3.07e-09	9.55e-01	4.52e-02	3.38e-06	0.00e+00	0.00e+00	0.00e+00
 5.05124e+11	0.00e+00	2.83e-45	4.60e-35	8.29e-26	3.34e-17	3.31e-09	9.58e-01	4.22e-02	2.94e-06	0.00e+00	0.00e+00	0.00e+00
 5.55256e+11	0.00e+00	0.00e+00	6.33e-35	1.05e-25	3.92e-17	3.60e-09	9.61e-01	3.91e-02	2.51e-06	0.00e+00	0.00e+00	0.00e+00
 6.04875e+11	0.00e+00	6.16e-45	8.58e-35	1.33e-25	4.57e-17	3.89e-09	9.64e-01	3.63e-02	2.17e-06	0.00e+00	0.00e+00	0.00e+00
 6.56478e+11	0.00e+00	0.00e+00	1.16e-34	1.67e-25	5.33e-17	4.20e-09	9.66e-01	3.38e-02	1.87e-06	0.00e+00	0.00e+00	0.00e+00
 7.09009e+11	0.00e+00	1.31e-44	1.57e-34	2.09e-25	6.20e-17	4.54e-09	9.69e-01	3.14e-02	1.61e-06	0.00e+00	0.00e+00	0.00e+00
 7.57294e+11	0.00e+00	0.00e+00	2.04e-34	2.55e-25	7.08e-17	4.86e-09	9.71e-01	2.94e-02	1.42e-06	0.00e+00	0.00e+00	0.00e+00
 8.10874e+11	0.00e+00	2.60e-44	2.72e-34	3.16e-25	8.18e-17	5.23e-09	9.73e-01	2.75e-02	1.23e-06	0.00e+00	0.00e+00	0.00e+00
 8.72946e+11	0.00e+00	0.00e+00	3.73e-34	4.01e-25	9.60e-17	5.67e-09	9.75e-01	2.54e-02	1.05e-06	0.00e+00	0.00e+00	0.00e+00
 9.33693e+11	0.00e+00	5.64e-44	5.05e-34	5.03e-25	1.12e-16	6.12e-09	9.76e-01	2.36e-02	9.06e-07	0.00e+00	0.00e+00	0.00e+00
 9.85140e+11	0.00e+00	0.00e+00	6.44e-34	6.04e-25	1.26e-16	6.51e-09	9.78e-01	2.22e-02	0.00e+00	0.00e+00	0.00e+00	0.00e+00
 1.02998e+12	0.00e+00	9.93e-44	7.93e-34	7.07e-25	1.40e-16	6.87e-09	9.79e-01	2.11e-02	0.00e+00	0.00e+00	0.00e+00	0.00e+00
 1.08138e+12	0.00e+00	0.00e+00	1.00e-33	8.41e-25	1.58e-16	7.28e-09	9.80e-01	2.00e-02	0.00e+00	0.00e+00	0.00e+00	0.00e+00
 1.14761e+12	0.00e+00	1.91e-43	1.34e-33	1.05e-24	1.83e-16	7.85e-09	9.81e-01	1.86e-02	0.00e+00	0.00e+00	0.00e+00	0.00e+00
 1.21734e+12	0.00e+00	0.00e+00	1.80e-33	1.31e-24	2.12e-16	8.45e-09	9.83e-01	1.73e-02	0.00e+00	0.00e+00	0.00e+00	0.00e+00
 1.27869e+12	0.00e+00	3.79e-43	2.32e-33	1.58e-24	2.41e-16	9.02e-09	9.84e-01	1.62e-02	0.00e+00	0.00e+00	0.00e+00	0.00e+00
 1.34492e+12	0.00e+00	0.00e+00	3.02e-33	1.93e-24	2.75e-16	9.64e-09	9.85e-01	1.52e-02	0.00e+00	0.00e+00	0.00e+00	0.00e+00
 1.42496e+12	0.00e+00	7.75e-43	4.11e-33	2.43e-24	3.21e-16	1.04e-08	9.86e-01	1.41e-02	0.00e+00	0.00e+00	0.00e+00	0.00e+00
 1.50616e+12	0.00e+00	0.00e+00	5.55e-33	3.05e-24	3.74e-16	1.13e-08	9.87e-01	1.31e-02	0.00e+00	0.00e+00	0.00e+00	0.00e+00
 1.58147e+12	0.00e+00	1.59e-42	7.29e-33	3.75e-24	4.29e-16	1.21e-08	9.88e-01	1.22e-02	0.00e+00	0.00e+00	0.00e+00	0.00e+00
 1.66550e+12	0.00e+00	0.00e+00	9.79e-33	4.68e-24	4.98e-16	1.30e-08	9.89e-01	1.14e-02	0.00e+00	0.00e+00	0.00e+00	0.00e+00
 1.76205e+12	0.00e+00	3.45e-42	1.36e-32	5.98e-24	5.86e-16	1.41e-08	9.90e-01	1.05e-02	0.00e+00	0.00e+00	0.00e+00	0.00e+00
 1.85839e+12	0.00e+00	0.00e+00	1.86e-32	7.58e-24	6.88e-16	1.53e-08	9.90e-01	9.67e-03	0.00e+00	0.00e+00	0.00e+00	0.00e+00
 1.94268e+12	0.00e+00	7.14e-42	2.42e-32	9.26e-24	7.85e-16	1.64e-08	9.91e-01	9.06e-03	0.00e+00	0.00e+00	0.00e+00	0.00e+00
 2.01564e+12	0.00e+00	0.00e+00	3.04e-32	1.10e-23	8.81e-16	1.73e-08	9.91e-01	8.56e-03	0.00e+00	0.00e+00	0.00e+00	0.00e+00
 2.09796e+12	0.00e+00	1.29e-41	3.89e-32	1.32e-23	9.98e-16	1.84e-08	9.92e-01	8.04e-03	0.00e+00	0.00e+00	0.00e+00	0.00e+00
 2.20234e+12	0.00e+00	0.00e+00	5.29e-32	1.67e-23	1.17e-15	1.99e-08	9.93e-01	7.45e-03	0.00e+00	0.00e+00	0.00e+00	0.00e+00
 2.30879e+12	0.00e+00	2.78e-41	7.16e-32	2.10e-23	1.36e-15	2.15e-08	9.93e-01	6.90e-03	0.00e+00	0.00e+00	0.00e+00	0.00e+00
 2.39905e+12	0.00e+00	0.00e+00	9.20e-32	2.54e-23	1.54e-15	2.30e-08	9.94e-01	6.48e-03	0.00e+00	0.00e+00	0.00e+00	0.00e+00
 2.49488e+12	0.00e+00	5.26e-41	1.19e-31	3.09e-23	1.76e-15	2.45e-08	9.94e-01	6.07e-03	0.00e+00	0.00e+00	0.00e+00	0.00e+00
 2.61498e+12	0.00e+00	0.00e+00	1.64e-31	3.92e-23	2.07e-15	2.66e-08	9.94e-01	5.60e-03	0.00e+00	0.00e+00	0.00e+00	0.00e+00
 2.73719e+12	0.00e+00	1.16e-40	2.24e-31	4.97e-23	2.43e-15	2.89e-08	9.95e-01	5.17e-03	0.00e+00	0.00e+00	0.00e+00	0.00e+00
 2.84276e+12	0.00e+00	0.00e+00	2.93e-31	6.08e-23	2.78e-15	3.09e-08	9.95e-01	4.83e-03	0.00e+00	0.00e+00	0.00e+00	0.00e+00
 2.95617e+12	0.00e+00	2.28e-40	3.86e-31	7.51e-23	3.20e-15	3.32e-08	9.95e-01	4.50e-03	0.00e+00	0.00e+00	0.00e+00	0.00e+00
 3.09563e+12	0.00e+00	0.00e+00	5.39e-31	9.67e-23	3.80e-15	3.62e-08	9.96e-01	4.14e-03	0.00e+00	0.00e+00	0.00e+00	0.00e+00
 3.23424e+12	0.00e+00	5.19e-40	7.44e-31	1.24e-22	4.49e-15	3.93e-08	9.96e-01	3.81e-03	0.00e+00	0.00e+00	0.00e+00	0.00e+00
 3.35317e+12	0.00e+00	0.00e+00	9.75e-31	1.52e-22	5.16e-15	4.22e-08	9.96e-01	3.55e-03	0.00e+00	0.00e+00	0.00e+00	0.00e+00
 3.48126e+12	0.00e+00	1.04e-39	1.30e-30	1.89e-22	5.98e-15	4.55e-08	9.97e-01	3.30e-03	0.00e+00	0.00e+00	0.00e+00	0.00e+00
 3.63970e+12	0.00e+00	0.00e+00	1.83e-30	2.45e-22	7.14e-15	4.97e-08	9.97e-01	3.02e-03	0.00e+00	0.00e+00	0.00e+00	0.00e+00
 3.79987e+12	0.00e+00	2.42e-39	2.56e-30	3.17e-22	8.50e-15	5.44e-08	9.97e-01	2.76e-03	0.00e+00	0.00e+00	0.00e+00	0.00e+00
 3.94031e+12	0.00e+00	0.00e+00	3.40e-30	3.95e-22	9.88e-15	5.87e-08	9.97e-01	2.56e-03	0.00e+00	0.00e+00	0.00e+00	0.00e+00
 4.09286e+12	0.00e+00	5.05e-39	4.61e-30	4.98e-22	1.16e-14	6.36e-08	9.98e-01	2.36e-03	0.00e+00	0.00e+00	0.00e+00	0.00e+00
 4.27763e+12	0.00e+00	0.00e+00	6.57e-30	6.54e-22	1.40e-14	7.00e-08	9.98e-01	2.15e-03	0.00e+00	0.00e+00	0.00e+00	0.00e+00
 4.46393e+12	0.00e+00	1.21e-38	9.28e-30	8.52e-22	1.68e-14	7.69e-08	9.98e-01	1.96e-03	0.00e+00	0.00e+00	0.00e+00	0.00e+00
 4.63405e+12	0.00e+00	0.00e+00	1.26e-29	1.08e-21	1.97e-14	8.35e-08	9.98e-01	1.81e-03	0.00e+00	0.00e+00	0.00e+00	0.00e+00
 4.78586e+12	0.00e+00	2.44e-38	1.64e-29	1.32e-21	2.27e-14	8.97e-08	9.98e-01	1.68e-03	0.00e+00	0.00e+00	0.00e+00	0.00e+00
 4.94558e+12	0.00e+00	0.00e+00	2.14e-29	1.62e-21	2.61e-14	9.66e-08	9.98e-01	1.56e-03	0.00e+00	0.00e+00	0.00e+00	0.00e+00
 5.15153e+12	0.00e+00	5.15e-38	2.98e-29	2.10e-21	3.12e-14	1.06e-07	9.99e-01	1.43e-03	0.00e+00	0.00e+00	0.00e+00	0.00e+00
 5.36121e+12	0.00e+00	0.00e+00	4.13e-29	2.70e-21	3.72e-14	1.16e-07	9.99e-01	1.31e-03	0.00e+00	0.00e+00	0.00e+00	0.00e+00
 5.52743e+12	0.00e+00	1.05e-37	5.30e-29	3.27e-21	4.26e-14	1.24e-07	9.99e-01	1.22e-03	0.00e+00	0.00e+00	0.00e+00	0.00e+00
 5.69355e+12	0.00e+00	0.00e+00	6.74e-29	3.94e-21	4.85e-14	1.33e-07	9.99e-01	1.14e-03	0.00e+00	0.00e+00	0.00e+00	0.00e+00
 5.90950e+12	0.00e+00	2.05e-37	9.12e-29	4.98e-21	5.70e-14	1.44e-07	9.99e-01	1.05e-03	0.00e+00	0.00e+00	0.00e+00	0.00e+00
 6.13433e+12	0.00e+00	0.00e+00	1.23e-28	6.29e-21	6.72e-14	1.57e-07	9.99e-01	9.64e-04	0.00e+00	0.00e+00	0.00e+00	0.00e+00
 6.32375e+12	0.00e+00	4.03e-37	1.58e-28	7.60e-21	7.67e-14	1.68e-07	9.99e-01	9.01e-04	0.00e+00	0.00e+00	0.00e+00	0.00e+00
 6.52305e+12	0.00e+00	0.00e+00	2.02e-28	9.23e-21	8.79e-14	1.81e-07	9.99e-01	8.40e-04	0.00e+00	0.00e+00	0.00e+00	0.00e+00
 6.78214e+12	0.00e+00	8.07e-37	2.76e-28	1.18e-20	1.04e-13	1.97e-07	9.99e-01	7.70e-04	0.00e+00	0.00e+00	0.00e+00	0.00e+00
 7.04925e+12	0.00e+00	0.00e+00	3.76e-28	1.49e-20	1.23e-13	2.15e-07	9.99e-01	7.06e-04	0.00e+00	0.00e+00	0.00e+00	0.00e+00
 7.27105e+12	0.00e+00	1.60e-36	4.82e-28	1.81e-20	1.41e-13	2.31e-07	9.99e-01	6.59e-04	0.00e+00	0.00e+00	0.00e+00	0.00e+00
 7.50365e+12	1.61e-45	2.18e-36	6.18e-28	2.20e-20	1.61e-13	2.48e-07	9.99e-01	6.14e-04	0.00e+00	0.00e+00	0.00e+00	0.00e+00
 7.80278e+12	0.00e+00	0.00e+00	8.43e-28	2.79e-20	1.91e-13	2.71e-07	9.99e-01	5.62e-04	0.00e+00	0.00e+00	0.00e+00	0.00e+00
 8.11393e+12	0.00e+00	4.67e-36	1.15e-27	3.55e-20	2.26e-13	2.96e-07	9.99e-01	5.15e-04	0.00e+00	0.00e+00	0.00e+00	0.00e+00
 8.38165e+12	5.85e-45	6.39e-36	1.48e-27	4.33e-20	2.60e-13	3.18e-07	1.00e+00	4.79e-04	0.00e+00	0.00e+00	0.00e+00	0.00e+00
 8.66742e+12	0.00e+00	0.00e+00	1.93e-27	5.31e-20	3.01e-13	3.43e-07	1.00e+00	4.45e-04	0.00e+00	0.00e+00	0.00e+00	0.00e+00
 9.02049e+12	0.00e+00	1.30e-35	2.64e-27	6.78e-20	3.57e-13	3.75e-07	1.00e+00	4.07e-04	0.00e+00	0.00e+00	0.00e+00	0.00e+00
 9.38214e+12	2.16e-44	1.90e-35	3.60e-27	8.62e-20	4.22e-13	4.10e-07	1.00e+00	3.73e-04	0.00e+00	0.00e+00	0.00e+00	0.00e+00
 9.70875e+12	0.00e+00	0.00e+00	4.70e-27	1.06e-19	4.89e-13	4.42e-07	1.00e+00	3.46e-04	0.00e+00	0.00e+00	0.00e+00	0.00e+00
 1.00148e+13	0.00e+00	3.55e-35	6.00e-27	1.28e-19	5.59e-13	4.74e-07	1.00e+00	3.22e-04	0.00e+00	0.00e+00	0.00e+00	0.00e+00
 1.03086e+13	6.35e-44	4.68e-35	7.51e-27	1.53e-19	6.33e-13	5.06e-07	1.00e+00	3.02e-04	0.00e+00	0.00e+00	0.00e+00	0.00e+00
 1.06405e+13	0.00e+00	6.34e-35	9.62e-27	1.85e-19	7.25e-13	5.43e-07	1.00e+00	2.82e-04	0.00e+00	0.00e+00	0.00e+00	0.00e+00
 1.09850e+13	1.31e-43	8.59e-35	1.23e-26	2.25e-19	8.31e-13	5.84e-07	1.00e+00	2.62e-04	0.00e+00	0.00e+00	0.00e+00	0.00e+00
 1.12737e+13	0.00e+00	1.10e-34	1.51e-26	2.63e-19	9.29e-13	6.19e-07	1.00e+00	2.47e-04	0.00e+00	0.00e+00	0.00e+00	0.00e+00
 1.15769e+13	2.38e-43	1.42e-34	1.85e-26	3.09e-19	1.04e-12	6.57e-07	1.00e+00	2.33e-04	0.00e+00	0.00e+00	0.00e+00	0.00e+00
 1.19710e+13	0.00e+00	1.95e-34	2.41e-26	3.78e-19	1.20e-12	7.09e-07	1.00e+00	2.16e-04	0.00e+00	0.00e+00	0.00e+00	0.00e+00
 1.23795e+13	5.09e-43	2.67e-34	3.12e-26	4.64e-19	1.39e-12	7.65e-07	1.00e+00	2.01e-04	0.00e+00	0.00e+00	0.00e+00	0.00e+00
 1.27221e+13	0.00e+00	3.46e-34	3.86e-26	5.47e-19	1.56e-12	8.14e-07	1.00e+00	1.89e-04	0.00e+00	0.00e+00	0.00e+00	0.00e+00
 1.30826e+13	9.49e-43	4.50e-34	4.79e-26	6.48e-19	1.76e-12	8.67e-07	1.00e+00	1.77e-04	0.00e+00	0.00e+00	0.00e+00	0.00e+00
 1.35513e+13	0.00e+00	6.27e-34	6.28e-26	8.02e-19	2.05e-12	9.40e-07	1.00e+00	1.63e-04	0.00e+00	0.00e+00	0.00e+00	0.00e+00
 1.40409e+13	2.09e-42	8.75e-34	8.26e-26	9.94e-19	2.39e-12	1.02e-06	1.00e+00	1.51e-04	0.00e+00	0.00e+00	0.00e+00	0.00e+00
 1.44576e+13	0.00e+00	1.15e-33	1.03e-25	1.19e-18	2.71e-12	1.09e-06	1.00e+00	1.41e-04	0.00e+00	0.00e+00	0.00e+00	0.00e+00
 1.48994e+13	4.04e-42	1.52e-33	1.30e-25	1.42e-18	3.09e-12	1.17e-06	1.00e+00	1.32e-04	0.00e+00	0.00e+00	0.00e+00	0.00e+00
 1.54670e+13	0.00e+00	2.15e-33	1.74e-25	1.78e-18	3.63e-12	1.28e-06	1.00e+00	1.21e-04	0.00e+00	0.00e+00	0.00e+00	0.00e+00
 1.60595e+13	9.21e-42	3.04e-33	2.31e-25	2.24e-18	4.28e-12	1.39e-06	1.00e+00	1.11e-04	0.00e+00	0.00e+00	0.00e+00	0.00e+00
 1.65743e+13	0.00e+00	4.07e-33	2.94e-25	2.71e-18	4.91e-12	1.50e-06	1.00e+00	1.03e-04	0.00e+00	0.00e+00	0.00e+00	0.00e+00
 1.71271e+13	1.85e-41	5.49e-33	3.77e-25	3.30e-18	5.67e-12	1.62e-06	1.00e+00	9.51e-05	0.00e+00	0.00e+00	0.00e+00	0.00e+00
 1.78034e+13	0.00e+00	7.79e-33	5.05e-25	4.17e-18	6.71e-12	1.78e-06	1.00e+00	8.68e-05	0.00e+00	0.00e+00	0.00e+00	0.00e+00
 1.84991e+13	4.21e-41	1.10e-32	6.74e-25	5.26e-18	7.94e-12	1.95e-06	1.00e+00	7.93e-05	0.00e+00	0.00e+00	0.00e+00	0.00e+00
 1.91099e+13	0.00e+00	1.47e-32	8.59e-25	6.39e-18	9.16e-12	2.11e-06	1.00e+00	7.34e-05	0.00e+00	0.00e+00	0.00e+00	0.00e+00
 1.97512e+13	8.36e-41	1.97e-32	1.10e-24	7.79e-18	1.06e-11	2.28e-06	1.00e+00	6.78e-05	0.00e+00	0.00e+00	0.00e+00	0.00e+00
 2.05310e+13	0.00e+00	2.76e-32	1.46e-24	9.82e-18	1.25e-11	2.51e-06	1.00e+00	6.18e-05	0.00e+00	0.00e+00	0.00e+00	0.00e+00
 2.12088e+13	1.73e-40	3.65e-32	1.85e-24	1.19e-17	1.45e-11	2.72e-06	1.00e+00	5.71e-05	0.00e+00	0.00e+00	0.00e+00	0.00e+00
 2.16684e+13	0.00e+00	4.40e-32	2.17e-24	1.35e-17	1.59e-11	2.86e-06	1.00e+00	5.42e-05	0.00e+00	0.00e+00	0.00e+00	0.00e+00
 2.21261e+13	2.65e-40	5.27e-32	2.52e-24	1.53e-17	1.74e-11	3.01e-06	1.00e+00	5.16e-05	0.00e+00	0.00e+00	0.00e+00	0.00e+00
 2.27212e+13	0.00e+00	6.60e-32	3.06e-24	1.79e-17	1.95e-11	3.21e-06	1.00e+00	4.83e-05	0.00e+00	0.00e+00	0.00e+00	0.00e+00
 2.34948e+13	4.79e-40	8.76e-32	3.89e-24	2.19e-17	2.26e-11	3.49e-06	1.00e+00	4.46e-05	0.00e+00	0.00e+00	0.00e+00	0.00e+00
 2.42766e+13	0.00e+00	1.15e-31	4.92e-24	2.65e-17	2.60e-11	3.78e-06	1.00e+00	4.11e-05	0.00e+00	0.00e+00	0.00e+00	0.00e+00
 2.49015e+13	8.42e-40	1.42e-31	5.90e-24	3.08e-17	2.90e-11	4.02e-06	1.00e+00	3.87e-05	0.00e+00	0.00e+00	0.00e+00	0.00e+00
 2.55461e+13	0.00e+00	1.76e-31	7.09e-24	3.58e-17	3.24e-11	4.28e-06	1.00e+00	3.64e-05	0.00e+00	0.00e+00	0.00e+00	0.00e+00
 2.63843e+13	1.48e-39	2.30e-31	8.92e-24	4.32e-17	3.72e-11	4.62e-06	1.00e+00	3.37e-05	0.00e+00	0.00e+00	0.00e+00	0.00e+00
 2.72811e+13	0.00e+00	3.04e-31	1.13e-23	5.25e-17	4.28e-11	5.01e-06	1.00e+00	3.11e-05	0.00e+00	0.00e+00	0.00e+00	0.00e+00
 2.80747e+13	2.68e-39	3.85e-31	1.39e-23	6.21e-17	4.83e-11	5.37e-06	1.00e+00	2.91e-05	0.00e+00	0.00e+00	0.00e+00	0.00e+00
 2.89268e+13	0.00e+00	4.96e-31	1.72e-23	7.39e-17	5.48e-11	5.76e-06	1.00e+00	2.71e-05	0.00e+00	0.00e+00	0.00e+00	0.00e+00
 3.00115e+13	5.14e-39	6.75e-31	2.23e-23	9.15e-17	6.39e-11	6.28e-06	1.00e+00	2.49e-05	0.00e+00	0.00e+00	0.00e+00	0.00e+00
 3.11419e+13	0.00e+00	9.21e-31	2.91e-23	1.13e-16	7.45e-11	6.84e-06	1.00e+00	2.29e-05	0.00e+00	0.00e+00	0.00e+00	0.00e+00
 3.21421e+13	1.01e-38	1.21e-30	3.66e-23	1.36e-16	8.48e-11	7.35e-06	1.00e+00	2.13e-05	0.00e+00	0.00e+00	0.00e+00	0.00e+00
 3.32300e+13	0.00e+00	1.61e-30	4.66e-23	1.66e-16	9.71e-11	7.92e-06	1.00e+00	1.98e-05	0.00e+00	0.00e+00	0.00e+00	0.00e+00
 3.45368e+13	2.08e-38	2.25e-30	6.17e-23	2.07e-16	1.14e-10	8.64e-06	1.00e+00	1.81e-05	0.00e+00	0.00e+00	0.00e+00	0.00e+00
 3.57260e+13	0.00e+00	3.01e-30	7.89e-23	2.52e-16	1.31e-10	9.32e-06	1.00e+00	1.68e-05	0.00e+00	0.00e+00	0.00e+00	0.00e+00
 3.66464e+13	3.83e-38	3.78e-30	9.53e-23	2.93e-16	1.45e-10	9.86e-06	1.00e+00	1.59e-05	0.00e+00	0.00e+00	0.00e+00	0.00e+00
 3.76196e+13	0.00e+00	4.78e-30	1.16e-22	3.41e-16	1.61e-10	1.04e-05	1.00e+00	1.50e-05	0.00e+00	0.00e+00	0.00e+00	0.00e+00
 3.88847e+13	7.19e-38	6.45e-30	1.48e-22	4.14e-16	1.84e-10	1.12e-05	1.00e+00	1.40e-05	0.00e+00	0.00e+00	0.00e+00	0.00e+00
 4.02708e+13	0.00e+00	8.79e-30	1.92e-22	5.08e-16	2.11e-10	1.21e-05	1.00e+00	1.30e-05	0.00e+00	0.00e+00	0.00e+00	0.00e+00
 4.14843e+13	1.42e-37	1.15e-29	2.40e-22	6.04e-16	2.38e-10	1.29e-05	1.00e+00	1.22e-05	0.00e+00	0.00e+00	0.00e+00	0.00e+00
 4.27318e+13	0.00e+00	1.51e-29	3.01e-22	7.19e-16	2.68e-10	1.37e-05	1.00e+00	1.14e-05	0.00e+00	0.00e+00	0.00e+00	0.00e+00
 4.43206e+13	2.93e-37	2.12e-29	3.96e-22	8.91e-16	3.10e-10	1.48e-05	1.00e+00	1.06e-05	0.00e+00	0.00e+00	0.00e+00	0.00e+00
 4.59574e+13	0.00e+00	2.97e-29	5.22e-22	1.10e-15	3.58e-10	1.60e-05	1.00e+00	9.83e-06	0.00e+00	0.00e+00	0.00e+00	0.00e+00
 4.73710e+13	6.08e-37	3.93e-29	6.58e-22	1.32e-15	4.05e-10	1.70e-05	1.00e+00	9.23e-06	0.00e+00	0.00e+00	0.00e+00	0.00e+00
 4.88900e+13	0.00e+00	5.29e-29	8.38e-22	1.59e-15	4.59e-10	1.82e-05	1.00e+00	8.65e-06	0.00e+00	0.00e+00	0.00e+00	0.00e+00
 5.07585e+13	1.32e-36	7.57e-29	1.12e-21	1.98e-15	5.32e-10	1.96e-05	1.00e+00	8.01e-06	0.00e+00	0.00e+00	0.00e+00	0.00e+00
 5.26692e+13	0.00e+00	1.06e-28	1.48e-21	2.46e-15	6.17e-10	2.12e-05	1.00e+00	7.41e-06	0.00e+00	0.00e+00	0.00e+00	0.00e+00
 5.43857e+13	2.85e-36	1.45e-28	1.90e-21	2.97e-15	7.01e-10	2.26e-05	1.00e+00	6.95e-06	0.00e+00	0.00e+00	0.00e+00	0.00e+00
 5.62619e+13	0.00e+00	2.00e-28	2.47e-21	3.63e-15	8.02e-10	2.42e-05	1.00e+00	6.48e-06	0.00e+00	0.00e+00	0.00e+00	0.00e+00
 5.84837e+13	6.55e-36	2.91e-28	3.34e-21	4.56e-15	9.35e-10	2.62e-05	1.00e+00	5.99e-06	0.00e+00	0.00e+00	0.00e+00	0.00e+00
 6.06893e+13	0.00e+00	4.10e-28	4.44e-21	5.67e-15	1.08e-09	2.83e-05	1.00e+00	5.55e-06	0.00e+00	0.00e+00	0.00e+00	0.00e+00
 6.26407e+13	1.42e-35	5.57e-28	5.68e-21	6.84e-15	1.23e-09	3.02e-05	1.00e+00	5.21e-06	0.00e+00	0.00e+00	0.00e+00	0.00e+00
 6.47272e+13	0.00e+00	7.64e-28	7.33e-21	8.30e-15	1.40e-09	3.22e-05	1.00e+00	4.87e-06	0.00e+00	0.00e+00	0.00e+00	0.00e+00
 6.70680e+13	3.11e-35	1.08e-27	9.67e-21	1.02e-14	1.61e-09	3.47e-05	1.00e+00	4.53e-06	0.00e+00	0.00e+00	0.00e+00	0.00e+00
 6.92851e+13	4.45e-35	1.46e-27	1.24e-20	1.24e-14	1.84e-09	3.71e-05	1.00e+00	4.24e-06	0.00e+00	0.00e+00	0.00e+00	0.00e+00
 7.17133e+13	6.64e-35	2.04e-27	1.63e-20	1.52e-14	2.10e-09	3.97e-05	1.00e+00	3.95e-06	0.00e+00	0.00e+00	0.00e+00	0.00e+00
 7.41290e+13	9.62e-35	2.78e-27	2.10e-20	1.85e-14	2.40e-09	4.26e-05	1.00e+00	3.69e-06	0.00e+00	0.00e+00	0.00e+00	0.00e+00
 7.59950e+13	1.28e-34	3.54e-27	2.55e-20	2.14e-14	2.65e-09	4.48e-05	1.00e+00	3.51e-06	0.00e+00	0.00e+00	0.00e+00	0.00e+00
 7.78873e+13	1.70e-34	4.48e-27	3.09e-20	2.48e-14	2.92e-09	4.71e-05	1.00e+00	3.34e-06	0.00e+00	0.00e+00	0.00e+00	0.00e+00
 8.03474e+13	2.39e-34	6.00e-27	3.92e-20	2.98e-14	3.31e-09	5.02e-05	1.00e+00	3.13e-06	0.00e+00	0.00e+00	0.00e+00	0.00e+00
 8.29528e+13	3.46e-34	8.16e-27	5.03e-20	3.60e-14	3.76e-09	5.36e-05	1.00e+00	2.93e-06	0.00e+00	0.00e+00	0.00e+00	0.00e+00
 8.52292e+13	4.63e-34	1.05e-26	6.19e-20	4.23e-14	4.19e-09	5.67e-05	1.00e+00	2.77e-06	0.00e+00	0.00e+00	0.00e+00	0.00e+00
 8.76707e+13	6.39e-34	1.37e-26	7.71e-20	5.00e-14	4.69e-09	6.01e-05	1.00e+00	2.61e-06	0.00e+00	0.00e+00	0.00e+00	0.00e+00
 9.08447e+13	9.49e-34	1.92e-26	1.01e-19	6.17e-14	5.40e-09	6.47e-05	1.00e+00	2.43e-06	0.00e+00	0.00e+00	0.00e+00	0.00e+00
 9.40748e+13	1.41e-33	2.68e-26	1.33e-19	7.59e-14	6.21e-09	6.95e-05	1.00e+00	2.26e-06	0.00e+00	0.00e+00	0.00e+00	0.00e+00
 9.67143e+13	1.90e-33	3.45e-26	1.64e-19	8.94e-14	6.94e-09	7.38e-05	1.00e+00	2.13e-06	0.00e+00	0.00e+00	0.00e+00	0.00e+00
 9.94818e+13	2.61e-33	4.50e-26	2.04e-19	1.06e-13	7.77e-09	7.82e-05	1.00e+00	2.01e-06	0.00e+00	0.00e+00	0.00e+00	0.00e+00
 1.03080e+14	3.85e-33	6.27e-26	2.69e-19	1.30e-13	8.95e-09	8.42e-05	1.00e+00	1.87e-06	0.00e+00	0.00e+00	0.00e+00	0.00e+00
 1.06861e+14	5.79e-33	8.85e-26	3.55e-19	1.61e-13	1.03e-08	9.07e-05	1.00e+00	1.73e-06	0.00e+00	0.00e+00	0.00e+00	0.00e+00
 1.10140e+14	7.96e-33	1.16e-25	4.47e-19	1.93e-13	1.17e-08	9.68e-05	1.00e+00	1.62e-06	0.00e+00	0.00e+00	0.00e+00	0.00e+00
 1.13664e+14	1.13e-32	1.56e-25	5.70e-19	2.32e-13	1.32e-08	1.03e-04	1.00e+00	1.52e-06	0.00e+00	0.00e+00	0.00e+00	0.00e+00
 1.17984e+14	1.69e-32	2.21e-25	7.58e-19	2.90e-13	1.54e-08	1.12e-04	1.00e+00	1.41e-06	0.00e+00	0.00e+00	0.00e+00	0.00e+00
 1.22308e+14	2.52e-32	3.09e-25	1.00e-18	3.59e-13	1.77e-08	1.21e-04	1.00e+00	1.30e-06	0.00e+00	0.00e+00	0.00e+00	0.00e+00
 1.26111e+14	3.54e-32	4.12e-25	1.27e-18	4.30e-13	2.01e-08	1.29e-04	1.00e+00	1.22e-06	0.00e+00	0.00e+00	0.00e+00	0.00e+00
 1.30265e+14	5.04e-32	5.57e-25	1.62e-18	5.21e-13	2.28e-08	1.38e-04	1.00e+00	1.14e-06	0.00e+00	0.00e+00	0.00e+00	0.00e+00
 1.35281e+14	7.50e-32	7.83e-25	2.17e-18	6.52e-13	2.66e-08	1.49e-04	1.00e+00	1.05e-06	0.00e+00	0.00e+00	0.00e+00	0.00e+00
 1.40276e+14	1.12e-31	1.10e-24	2.87e-18	8.08e-13	3.07e-08	1.61e-04	1.00e+00	9.77e-07	0.00e+00	0.00e+00	0.00e+00	0.00e+00
 1.44780e+14	1.59e-31	1.48e-24	3.66e-18	9.75e-13	3.48e-08	1.72e-04	1.00e+00	0.00e+00	0.00e+00	0.00e+00	0.00e+00	0.00e+00
 1.49787e+14	2.31e-31	2.03e-24	4.75e-18	1.19e-12	3.99e-08	1.85e-04	1.00e+00	0.00e+00	0.00e+00	0.00e+00	0.00e+00	0.00e+00
 1.55684e+14	3.46e-31	2.88e-24	6.38e-18	1.50e-12	4.66e-08	2.00e-04	1.00e+00	0.00e+00	0.00e+00	0.00e+00	0.00e+00	0.00e+00
 1.61508e+14	5.18e-31	4.06e-24	8.49e-18	1.86e-12	5.39e-08	2.16e-04	1.00e+00	0.00e+00	0.00e+00	0.00e+00	0.00e+00	0.00e+00
 1.66446e+14	7.19e-31	5.38e-24	1.07e-17	2.23e-12	6.08e-08	2.30e-04	1.00e+00	0.00e+00	0.00e+00	0.00e+00	0.00e+00	0.00e+00
 1.70475e+14	9.35e-31	6.72e-24	1.29e-17	2.57e-12	6.69e-08	2.42e-04	1.00e+00	0.00e+00	0.00e+00	0.00e+00	0.00e+00	0.00e+00
 1.74722e+14	1.23e-30	8.47e-24	1.56e-17	2.97e-12	7.38e-08	2.55e-04	1.00e+00	0.00e+00	0.00e+00	0.00e+00	0.00e+00	0.00e+00
 1.80244e+14	1.75e-30	1.14e-23	1.99e-17	3.58e-12	8.35e-08	2.71e-04	1.00e+00	0.00e+00	0.00e+00	0.00e+00	0.00e+00	0.00e+00
 1.86021e+14	2.44e-30	1.52e-23	2.54e-17	4.31e-12	9.47e-08	2.90e-04	1.00e+00	0.00e+00	0.00e+00	0.00e+00	0.00e+00	0.00e+00
 1.90906e+14	3.26e-30	1.95e-23	3.11e-17	5.03e-12	1.05e-07	3.06e-04	1.00e+00	0.00e+00	0.00e+00	0.00e+00	0.00e+00	0.00e+00
 1.96031e+14	4.42e-30	2.51e-23	3.83e-17	5.89e-12	1.17e-07	3.23e-04	1.00e+00	0.00e+00	0.00e+00	0.00e+00	0.00e+00	0.00e+00
 2.02694e+14	6.43e-30	3.45e-23	4.97e-17	7.19e-12	1.33e-07	3.46e-04	1.00e+00	0.00e+00	0.00e+00	0.00e+00	0.00e+00	0.00e+00
 2.09615e+14	9.17e-30	4.69e-23	6.44e-17	8.78e-12	1.52e-07	3.71e-04	1.00e+00	0.00e+00	0.00e+00	0.00e+00	0.00e+00	0.00e+00
 2.15416e+14	1.25e-29	6.09e-23	7.99e-17	1.03e-11	1.70e-07	3.92e-04	1.00e+00	0.00e+00	0.00e+00	0.00e+00	0.00e+00	0.00e+00
 2.21503e+14	1.71e-29	7.95e-23	9.95e-17	1.22e-11	1.90e-07	4.14e-04	1.00e+00	0.00e+00	0.00e+00	0.00e+00	0.00e+00	0.00e+00
 2.29416e+14	2.58e-29	1.12e-22	1.31e-16	1.50e-11	2.18e-07	4.45e-04	1.00e+00	0.00e+00	0.00e+00	0.00e+00	0.00e+00	0.00e+00
 2.37762e+14	3.79e-29	1.56e-22	1.74e-16	1.86e-11	2.52e-07	4.78e-04	1.00e+00	0.00e+00	0.00e+00	0.00e+00	0.00e+00	0.00e+00
 2.44974e+14	5.34e-29	2.08e-22	2.20e-16	2.22e-11	2.83e-07	5.08e-04	9.99e-01	0.00e+00	0.00e+00	0.00e+00	0.00e+00	0.00e+00
 2.52651e+14	7.67e-29	2.82e-22	2.81e-16	2.67e-11	3.20e-07	5.40e-04	9.99e-01	0.00e+00	0.00e+00	0.00e+00	0.00e+00	0.00e+00
 2.62144e+14	1.17e-28	4.03e-22	3.77e-16	3.33e-11	3.71e-07	5.82e-04	9.99e-01	0.00e+00	0.00e+00	0.00e+00	0.00e+00	0.00e+00
 2.71925e+14	1.78e-28	5.74e-22	5.05e-16	4.14e-11	4.29e-07	6.26e-04	9.99e-01	0.00e+00	0.00e+00	0.00e+00	0.00e+00	0.00e+00
 2.80768e+14	2.56e-28	7.82e-22	6.51e-16	5.01e-11	4.88e-07	6.67e-04	9.99e-01	0.00e+00	0.00e+00	0.00e+00	0.00e+00	0.00e+00
 2.90467e+14	3.77e-28	1.08e-21	8.52e-16	6.14e-11	5.58e-07	7.14e-04	9.99e-01	0.00e+00	0.00e+00	0.00e+00	0.00e+00	0.00e+00
 3.01883e+14	5.79e-28	1.56e-21	1.16e-15	7.73e-11	6.50e-07	7.70e-04	9.99e-01	0.00e+00	0.00e+00	0.00e+00	0.00e+00	0.00e+00
 3.13156e+14	8.89e-28	2.24e-21	1.55e-15	9.62e-11	7.52e-07	8.28e-04	9.99e-01	0.00e+00	0.00e+00	0.00e+00	0.00e+00	0.00e+00
 3.23673e+14	1.31e-27	3.11e-21	2.02e-15	1.17e-10	8.58e-07	8.83e-04	9.99e-01	0.00e+00	0.00e+00	0.00e+00	0.00e+00	0.00e+00
 3.35443e+14	1.98e-27	4.40e-21	2.69e-15	1.45e-10	9.89e-07	9.47e-04	9.99e-01	0.00e+00	0.00e+00	0.00e+00	0.00e+00	0.00e+00
 3.48890e+14	3.12e-27	6.45e-21	3.69e-15	1.83e-10	1.16e-06	1.02e-03	9.99e-01	0.00e+00	0.00e+00	0.00e+00	0.00e+00	0.00e+00
 3.60189e+14	4.41e-27	8.70e-21	4.76e-15	2.22e-10	1.31e-06	1.09e-03	9.99e-01	0.00e+00	0.00e+00	0.00e+00	0.00e+00	0.00e+00
 3.68301e+14	5.72e-27	1.08e-20	5.69e-15	2.53e-10	1.43e-06	1.14e-03	9.99e-01	0.00e+00	0.00e+00	0.00e+00	0.00e+00	0.00e+00
 3.76737e+14	7.48e-27	1.35e-20	6.82e-15	2.90e-10	1.57e-06	1.19e-03	9.99e-01	0.00e+00	0.00e+00	0.00e+00	0.00e+00	0.00e+00
 3.87704e+14	1.04e-26	1.79e-20	8.59e-15	3.44e-10	1.76e-06	1.26e-03	9.99e-01	0.00e+00	0.00e+00	0.00e+00	0.00e+00	0.00e+00
 3.99929e+14	1.46e-26	2.40e-20	1.10e-14	4.14e-10	1.99e-06	1.34e-03	9.99e-01	0.00e+00	0.00e+00	0.00e+00	0.00e+00	0.00e+00
 4.11358e+14	2.03e-26	3.16e-20	1.38e-14	4.90e-10	2.22e-06	1.41e-03	9.99e-01	0.00e+00	0.00e+00	0.00e+00	0.00e+00	0.00e+00
 4.23784e+14	2.88e-26	4.24e-20	1.75e-14	5.86e-10	2.50e-06	1.50e-03	9.98e-01	0.00e+00	0.00e+00	0.00e+00	0.00e+00	0.00e+00
 4.37710e+14	4.16e-26	5.80e-20	2.27e-14	7.11e-10	2.84e-06	1.60e-03	9.98e-01	0.00e+00	0.00e+00	0.00e+00	0.00e+00	0.00e+00
 4.50898e+14	5.72e-26	7.63e-20	2.87e-14	8.49e-10	3.20e-06	1.70e-03	9.98e-01	0.00e+00	0.00e+00	0.00e+00	0.00e+00	0.00e+00
 4.65354e+14	8.25e-26	1.04e-19	3.70e-14	1.02e-09	3.63e-06	1.80e-03	9.98e-01	0.00e+00	0.00e+00	0.00e+00	0.00e+00	0.00e+00
 4.81541e+14	1.22e-25	1.45e-19	4.86e-14	1.26e-09	4.16e-06	1.93e-03	9.98e-01	0.00e+00	0.00e+00	0.00e+00	0.00e+00	0.00e+00
 4.96878e+14	1.71e-25	1.94e-19	6.23e-14	1.52e-09	4.71e-06	2.06e-03	9.98e-01	0.00e+00	0.00e+00	0.00e+00	0.00e+00	0.00e+00
 5.13717e+14	2.53e-25	2.69e-19	8.15e-14	1.85e-09	5.38e-06	2.19e-03	9.98e-01	0.00e+00	0.00e+00	0.00e+00	0.00e+00	0.00e+00
 5.32441e+14	3.73e-25	3.76e-19	1.08e-13	2.29e-09	6.20e-06	2.36e-03	9.98e-01	0.00e+00	0.00e+00	0.00e+00	0.00e+00	0.00e+00
 5.49772e+14	5.36e-25	5.11e-19	1.40e-13	2.77e-09	7.05e-06	2.51e-03	9.97e-01	0.00e+00	0.00e+00	0.00e+00	0.00e+00	0.00e+00
 5.68456e+14	7.59e-25	6.93e-19	1.82e-13	3.39e-09	8.05e-06	2.69e-03	9.97e-01	0.00e+00	0.00e+00	0.00e+00	0.00e+00	0.00e+00
 5.89348e+14	1.15e-24	9.86e-19	2.42e-13	4.20e-09	9.29e-06	2.89e-03	9.97e-01	0.00e+00	0.00e+00	0.00e+00	0.00e+00	0.00e+00
 6.08919e+14	1.63e-24	1.33e-18	3.13e-13	5.10e-09	1.06e-05	3.09e-03	9.97e-01	0.00e+00	0.00e+00	0.00e+00	0.00e+00	0.00e+00
 6.30168e+14	2.36e-24	1.83e-18	4.10e-13	6.26e-09	1.21e-05	3.31e-03	9.97e-01	0.00e+00	0.00e+00	0.00e+00	0.00e+00	0.00e+00
 6.53845e+14	3.50e-24	2.57e-18	5.49e-13	7.80e-09	1.41e-05	3.57e-03	9.96e-01	0.00e+00	0.00e+00	0.00e+00	0.00e+00	0.00e+00
 6.75896e+14	5.06e-24	3.53e-18	7.14e-13	9.51e-09	1.60e-05	3.81e-03	9.96e-01	0.00e+00	0.00e+00	0.00e+00	0.00e+00	0.00e+00
 6.99781e+14	7.34e-24	4.86e-18	9.37e-13	1.17e-08	1.84e-05	4.09e-03	9.96e-01	0.00e+00	0.00e+00	0.00e+00	0.00e+00	0.00e+00
 7.26285e+14	1.09e-23	6.84e-18	1.25e-12	1.46e-08	2.14e-05	4.42e-03	9.96e-01	0.00e+00	0.00e+00	0.00e+00	0.00e+00	0.00e+00
 7.50946e+14	1.56e-23	9.33e-18	1.63e-12	1.78e-08	2.44e-05	4.73e-03	9.95e-01	0.00e+00	0.00e+00	0.00e+00	0.00e+00	0.00e+00
 7.77761e+14	2.26e-23	1.28e-17	2.15e-12	2.20e-08	2.81e-05	5.09e-03	9.95e-01	0.00e+00	0.00e+00	0.00e+00	0.00e+00	0.00e+00
 8.06238e+14	3.31e-23	1.79e-17	2.85e-12	2.72e-08	3.24e-05	5.47e-03	9.94e-01	0.00e+00	0.00e+00	0.00e+00	0.00e+00	0.00e+00
 8.30549e+14	4.51e-23	2.34e-17	3.58e-12	3.25e-08	3.65e-05	5.82e-03	9.94e-01	0.00e+00	0.00e+00	0.00e+00	0.00e+00	0.00e+00
 8.50878e+14	5.81e-23	2.92e-17	4.33e-12	3.75e-08	4.02e-05	6.12e-03	9.94e-01	0.00e+00	0.00e+00	0.00e+00	0.00e+00	0.00e+00
 8.72361e+14	7.53e-23	3.66e-17	5.26e-12	4.35e-08	4.44e-05	6.44e-03	9.94e-01	0.00e+00	0.00e+00	0.00e+00	0.00e+00	0.00e+00
 9.00289e+14	1.05e-22	4.88e-17	6.71e-12	5.25e-08	5.03e-05	6.88e-03	9.93e-01	0.00e+00	0.00e+00	0.00e+00	0.00e+00	0.00e+00
 9.29084e+14	1.45e-22	6.49e-17	8.57e-12	6.33e-08	5.71e-05	7.35e-03	9.93e-01	0.00e+00	0.00e+00	0.00e+00	0.00e+00	0.00e+00
 9.52922e+14	1.89e-22	8.17e-17	1.04e-11	7.36e-08	6.31e-05	7.74e-03	9.92e-01	0.00e+00	0.00e+00	0.00e+00	0.00e+00	0.00e+00
 9.77825e+14	2.47e-22	1.03e-16	1.28e-11	8.58e-08	7.00e-05	8.17e-03	9.92e-01	0.00e+00	0.00e+00	0.00e+00	0.00e+00	0.00e+00
 1.01020e+15	3.46e-22	1.38e-16	1.64e-11	1.04e-07	7.97e-05	8.75e-03	9.91e-01	0.00e+00	0.00e+00	0.00e+00	0.00e+00	0.00e+00
 1.04386e+15	4.85e-22	1.86e-16	2.12e-11	1.27e-07	9.08e-05	9.36e-03	9.91e-01	0.00e+00	0.00e+00	0.00e+00	0.00e+00	0.00e+00
 1.07236e+15	6.41e-22	2.37e-16	2.60e-11	1.49e-07	1.01e-04	9.91e-03	9.90e-01	0.00e+00	0.00e+00	0.00e+00	0.00e+00	0.00e+00
 1.10259e+15	8.57e-22	3.05e-16	3.23e-11	1.75e-07	1.13e-04	1.05e-02	9.89e-01	0.00e+00	0.00e+00	0.00e+00	0.00e+00	0.00e+00
 1.14189e+15	1.23e-21	4.18e-16	4.24e-11	2.16e-07	1.30e-04	1.13e-02	9.89e-01	0.00e+00	0.00e+00	0.00e+00	0.00e+00	0.00e+00
 1.18273e+15	1.76e-21	5.73e-16	5.55e-11	2.66e-07	1.49e-04	1.22e-02	9.88e-01	0.00e+00	0.00e+00	0.00e+00	0.00e+00	0.00e+00
 1.21729e+15	2.38e-21	7.43e-16	6.94e-11	3.15e-07	1.67e-04	1.29e-02	9.87e-01	0.00e+00	0.00e+00	0.00e+00	0.00e+00	0.00e+00
 1.25390e+15	3.20e-21	9.67e-16	8.73e-11	3.76e-07	1.88e-04	1.37e-02	9.86e-01	0.00e+00	0.00e+00	0.00e+00	0.00e+00	0.00e+00
 1.30010e+15	4.66e-21	1.34e-15	1.15e-10	4.66e-07	2.17e-04	1.48e-02	9.85e-01	0.00e+00	0.00e+00	0.00e+00	0.00e+00	0.00e+00
 1.34841e+15	6.72e-21	1.85e-15	1.53e-10	5.79e-07	2.51e-04	1.60e-02	9.84e-01	0.00e+00	0.00e+00	0.00e+00	0.00e+00	0.00e+00
 1.39148e+15	9.40e-21	2.47e-15	1.94e-10	6.97e-07	2.84e-04	1.71e-02	9.83e-01	0.00e+00	0.00e+00	0.00e+00	0.00e+00	0.00e+00
 1.43811e+15	1.30e-20	3.31e-15	2.51e-10	8.48e-07	3.24e-04	1.83e-02	9.81e-01	0.00e+00	0.00e+00	0.00e+00	0.00e+00	0.00e+00
 1.49378e+15	1.94e-20	4.67e-15	3.35e-10	1.06e-06	3.76e-04	1.99e-02	9.80e-01	0.00e+00	0.00e+00	0.00e+00	0.00e+00	0.00e+00
 1.54879e+15	2.76e-20	6.40e-15	4.43e-10	1.32e-06	4.34e-04	2.14e-02	9.78e-01	0.00e+00	0.00e+00	0.00e+00	0.00e+00	0.00e+00
 1.59868e+15	3.88e-20	8.58e-15	5.64e-10	1.59e-06	4.92e-04	2.29e-02	9.77e-01	0.00e+00	0.00e+00	0.00e+00	0.00e+00	0.00e+00
 1.64144e+15	5.07e-20	1.09e-14	6.90e-10	1.85e-06	5.46e-04	2.42e-02	9.75e-01	0.00e+00	0.00e+00	0.00e+00	0.00e+00	0.00e+00
 1.67760e+15	6.32e-20	1.32e-14	8.14e-10	2.11e-06	5.95e-04	2.54e-02	9.74e-01	0.00e+00	0.00e+00	0.00e+00	0.00e+00	0.00e+00
 1.71804e+15	7.95e-20	1.62e-14	9.78e-10	2.43e-06	6.53e-04	2.67e-02	9.73e-01	0.00e+00	0.00e+00	0.00e+00	0.00e+00	0.00e+00
 1.77062e+15	1.09e-19	2.13e-14	1.23e-09	2.90e-06	7.36e-04	2.84e-02	9.71e-01	0.00e+00	0.00e+00	0.00e+00	0.00e+00	0.00e+00
 1.82525e+15	1.47e-19	2.78e-14	1.55e-09	3.48e-06	8.29e-04	3.04e-02	9.69e-01	0.00e+00	0.00e+00	0.00e+00	0.00e+00	0.00e+00
 1.87089e+15	1.90e-19	3.48e-14	1.87e-09	4.02e-06	9.14e-04	3.20e-02	9.67e-01	0.00e+00	0.00e+00	0.00e+00	0.00e+00	0.00e+00
 1.91856e+15	2.41e-19	4.32e-14	2.27e-09	4.67e-06	1.01e-03	3.37e-02	9.65e-01	0.00e+00	0.00e+00	0.00e+00	0.00e+00	0.00e+00
 1.98052e+15	3.36e-19	5.77e-14	2.88e-09	5.63e-06	1.14e-03	3.61e-02	9.63e-01	0.00e+00	0.00e+00	0.00e+00	0.00e+00	0.00e+00
 2.04461e+15	4.55e-19	7.59e-14	3.67e-09	6.79e-06	1.29e-03	3.87e-02	9.60e-01	0.00e+00	0.00e+00	0.00e+00	0.00e+00	0.00e+00
 2.09790e+15	5.96e-19	9.60e-14	4.47e-09	7.91e-06	1.43e-03	4.08e-02	9.58e-01	0.00e+00	0.00e+00	0.00e+00	0.00e+00	0.00e+00
 2.15361e+15	7.68e-19	1.21e-13	5.45e-09	9.23e-06	1.58e-03	4.31e-02	9.55e-01	0.00e+00	0.00e+00	0.00e+00	0.00e+00	0.00e+00
 2.22603e+15	1.07e-18	1.62e-13	7.00e-09	1.12e-05	1.80e-03	4.63e-02	9.52e-01	0.00e+00	0.00e+00	0.00e+00	0.00e+00	0.00e+00
 2.30185e+15	1.48e-18	2.17e-13	9.01e-09	1.37e-05	2.05e-03	4.98e-02	9.48e-01	0.00e+00	0.00e+00	0.00e+00	0.00e+00	0.00e+00
 2.36643e+15	1.96e-18	2.77e-13	1.11e-08	1.61e-05	2.28e-03	5.28e-02	9.45e-01	0.00e+00	0.00e+00	0.00e+00	0.00e+00	0.00e+00
 2.43475e+15	2.57e-18	3.55e-13	1.38e-08	1.90e-05	2.55e-03	5.61e-02	9.41e-01	0.00e+00	0.00e+00	0.00e+00	0.00e+00	0.00e+00
 2.52285e+15	3.66e-18	4.88e-13	1.80e-08	2.34e-05	2.93e-03	6.06e-02	9.36e-01	0.00e+00	0.00e+00	0.00e+00	0.00e+00	0.00e+00
 2.61511e+15	5.15e-18	6.66e-13	2.37e-08	2.89e-05	3.36e-03	6.54e-02	9.31e-01	0.00e+00	0.00e+00	0.00e+00	0.00e+00	0.00e+00
 2.69514e+15	6.89e-18	8.68e-13	2.97e-08	3.45e-05	3.77e-03	6.98e-02	9.26e-01	0.00e+00	0.00e+00	0.00e+00	0.00e+00	0.00e+00
 2.78081e+15	9.22e-18	1.14e-12	3.77e-08	4.15e-05	4.25e-03	7.44e-02	9.21e-01	0.00e+00	0.00e+00	0.00e+00	0.00e+00	0.00e+00
 2.88584e+15	1.37e-17	1.60e-12	5.00e-08	5.16e-05	4.90e-03	8.06e-02	9.14e-01	0.00e+00	0.00e+00	0.00e+00	0.00e+00	0.00e+00
 2.99163e+15	1.93e-17	2.20e-12	6.58e-08	6.37e-05	5.62e-03	8.70e-02	9.07e-01	0.00e+00	0.00e+00	0.00e+00	0.00e+00	0.00e+00
 3.08520e+15	2.67e-17	2.90e-12	8.31e-08	7.63e-05	6.31e-03	9.28e-02	9.01e-01	0.00e+00	0.00e+00	1.54e-17	8.02e-18	2.71e-18
 3.16433e+15	3.39e-17	3.62e-12	1.01e-07	8.84e-05	6.94e-03	9.77e-02	8.95e-01	0.00e+00	0.00e+00	1.95e-17	1.02e-17	3.44e-18
 3.23295e+15	4.19e-17	4.39e-12	1.19e-07	1.00e-04	7.53e-03	1.02e-01	8.90e-01	0.00e+00	0.00e+00	2.41e-17	1.26e-17	4.24e-18
 3.31086e+15	5.31e-17	5.44e-12	1.42e-07	1.15e-04	8.23e-03	1.07e-01	8.84e-01	0.00e+00	0.00e+00	3.06e-17	1.60e-17	5.36e-18
 3.41216e+15	7.41e-17	7.28e-12	1.79e-07	1.37e-04	9.22e-03	1.14e-01	8.76e-01	0.00e+00	0.00e+00	4.27e-17	2.23e-17	7.45e-18
 3.51578e+15	1.01e-16	9.58e-12	2.26e-07	1.64e-04	1.03e-02	1.22e-01	8.68e-01	0.00e+00	0.00e+00	5.80e-17	3.02e-17	1.01e-17
 3.59995e+15	1.29e-16	1.19e-11	2.71e-07	1.88e-04	1.13e-02	1.27e-01	8.61e-01	0.00e+00	0.00e+00	7.41e-17	3.86e-17	1.29e-17
 3.68688e+15	1.62e-16	1.48e-11	3.25e-07	2.16e-04	1.23e-02	1.34e-01	8.54e-01	0.00e+00	0.00e+00	9.37e-17	4.88e-17	1.62e-17
 3.79989e+15	2.24e-16	1.96e-11	4.10e-07	2.57e-04	1.37e-02	1.42e-01	8.44e-01	0.00e+00	0.00e+00	1.29e-16	6.72e-17	2.23e-17
 3.91760e+15	3.07e-16	2.61e-11	5.19e-07	3.06e-04	1.54e-02	1.51e-01	8.34e-01	0.00e+00	0.00e+00	1.77e-16	9.23e-17	3.05e-17
 4.01660e+15	3.98e-16	3.29e-11	6.29e-07	3.54e-04	1.68e-02	1.58e-01	8.25e-01	0.00e+00	0.00e+00	2.30e-16	1.20e-16	3.96e-17
 4.12049e+15	5.05e-16	4.11e-11	7.65e-07	4.10e-04	1.85e-02	1.66e-01	8.15e-01	0.00e+00	0.00e+00	2.92e-16	1.52e-16	5.01e-17
 4.25554e+15	7.31e-16	5.66e-11	9.83e-07	4.93e-04	2.08e-02	1.76e-01	8.02e-01	0.00e+00	0.00e+00	4.23e-16	2.20e-16	7.24e-17
 4.39560e+15	1.02e-15	7.62e-11	1.26e-06	5.94e-04	2.33e-02	1.87e-01	7.89e-01	0.00e+00	0.00e+00	5.89e-16	3.06e-16	1.01e-16
 4.51377e+15	1.33e-15	9.69e-11	1.55e-06	6.90e-04	2.57e-02	1.96e-01	7.77e-01	0.00e+00	0.00e+00	7.67e-16	3.99e-16	1.31e-16
 4.63900e+15	1.83e-15	1.28e-10	1.91e-06	8.07e-04	2.83e-02	2.06e-01	7.65e-01	0.00e+00	0.00e+00	1.06e-15	5.52e-16	1.81e-16
 4.80179e+15	2.68e-15	1.78e-10	2.50e-06	9.81e-04	3.19e-02	2.19e-01	7.48e-01	0.00e+00	0.00e+00	1.55e-15	8.07e-16	2.64e-16
 4.97311e+15	3.92e-15	2.48e-10	3.28e-06	1.20e-03	3.61e-02	2.33e-01	7.30e-01	0.00e+00	0.00e+00	2.27e-15	1.18e-15	3.87e-16
 5.12168e+15	5.34e-15	3.26e-10	4.10e-06	1.41e-03	4.00e-02	2.44e-01	7.15e-01	0.00e+00	0.00e+00	3.09e-15	1.61e-15	5.26e-16
 5.28098e+15	7.55e-15	4.39e-10	5.20e-06	1.67e-03	4.44e-02	2.57e-01	6.97e-01	0.00e+00	0.00e+00	4.37e-15	2.28e-15	7.44e-16
 5.47845e+15	1.12e-14	6.19e-10	6.89e-06	2.05e-03	5.03e-02	2.71e-01	6.76e-01	0.00e+00	0.00e+00	6.48e-15	3.37e-15	1.10e-15
 5.67973e+15	1.67e-14	8.73e-10	9.08e-06	2.50e-03	5.67e-02	2.86e-01	6.54e-01	0.00e+00	0.00e+00	9.69e-15	5.05e-15	1.65e-15
 5.83219e+15	2.26e-14	1.13e-09	1.11e-05	2.88e-03	6.19e-02	2.97e-01	6.38e-01	0.00e+00	0.00e+00	1.31e-14	6.83e-15	2.23e-15
 5.94356e+15	2.84e-14	1.36e-09	1.28e-05	3.19e-03	6.59e-02	3.06e-01	6.25e-01	0.00e+00	0.00e+00	1.65e-14	8.59e-15	2.80e-15
 6.06485e+15	3.58e-14	1.65e-09	1.50e-05	3.56e-03	7.04e-02	3.14e-01	6.12e-01	0.00e+00	0.00e+00	2.07e-14	1.08e-14	3.52e-15
 6.22254e+15	4.60e-14	2.07e-09	1.81e-05	4.09e-03	7.63e-02	3.24e-01	5.95e-01	0.00e+00	0.00e+00	2.66e-14	1.39e-14	4.52e-15
 6.39737e+15	6.51e-14	2.74e-09	2.24e-05	4.74e-03	8.34e-02	3.36e-01	5.76e-01	0.00e+00	0.00e+00	3.77e-14	1.97e-14	6.40e-15
 6.55679e+15	8.53e-14	3.44e-09	2.70e-05	5.40e-03	9.01e-02	3.46e-01	5.58e-01	0.00e+00	0.00e+00	4.94e-14	2.58e-14	8.39e-15
 6.72635e+15	1.11e-13	4.33e-09	3.26e-05	6.17e-03	9.74e-02	3.56e-01	5.40e-01	0.00e+00	0.00e+00	6.44e-14	3.36e-14	1.09e-14
 6.94678e+15	1.68e-13	6.02e-09	4.16e-05	7.31e-03	1.08e-01	3.69e-01	5.16e-01	0.00e+00	0.00e+00	9.75e-14	5.08e-14	1.65e-14
 7.16589e+15	2.28e-13	7.86e-09	5.22e-05	8.55e-03	1.18e-01	3.80e-01	4.94e-01	0.00e+00	0.00e+00	1.32e-13	6.90e-14	2.24e-14
 7.33554e+15	2.99e-13	9.81e-09	6.21e-05	9.64e-03	1.26e-01	3.88e-01	4.76e-01	0.00e+00	0.00e+00	1.73e-13	9.03e-14	2.93e-14
 7.50832e+15	4.07e-13	1.25e-08	7.40e-05	1.09e-02	1.35e-01	3.97e-01	4.58e-01	0.00e+00	0.00e+00	2.36e-13	1.23e-13	4.00e-14
 7.73293e+15	5.64e-13	1.64e-08	9.18e-05	1.26e-02	1.47e-01	4.06e-01	4.35e-01	0.00e+00	0.00e+00	3.27e-13	1.71e-13	5.54e-14
 7.97273e+15	8.16e-13	2.20e-08	1.15e-04	1.46e-02	1.60e-01	4.14e-01	4.11e-01	0.00e+00	0.00e+00	4.73e-13	2.47e-13	8.01e-14
 8.18163e+15	1.09e-12	2.78e-08	1.38e-04	1.66e-02	1.71e-01	4.21e-01	3.92e-01	0.00e+00	0.00e+00	6.33e-13	3.30e-13	1.07e-13
 8.40255e+15	1.47e-12	3.54e-08	1.68e-04	1.89e-02	1.83e-01	4.27e-01	3.71e-01	0.00e+00	0.00e+00	8.50e-13	4.44e-13	1.44e-13
 8.68974e+15	2.21e-12	4.91e-08	2.14e-04	2.22e-02	2.00e-01	4.33e-01	3.45e-01	0.00e+00	0.00e+00	1.28e-12	6.69e-13	2.17e-13
 8.97690e+15	3.17e-12	6.57e-08	2.69e-04	2.58e-02	2.16e-01	4.37e-01	3.21e-01	0.00e+00	0.00e+00	1.84e-12	9.60e-13	3.11e-13
 9.20862e+15	4.24e-12	8.29e-08	3.22e-04	2.90e-02	2.30e-01	4.39e-01	3.02e-01	0.00e+00	0.00e+00	2.46e-12	1.28e-12	4.16e-13
 9.45443e+15	5.76e-12	1.06e-07	3.89e-04	3.28e-02	2.44e-01	4.40e-01	2.82e-01	0.00e+00	0.00e+00	3.34e-12	1.74e-12	5.65e-13
 9.77398e+15	7.99e-12	1.39e-07	4.89e-04	3.80e-02	2.63e-01	4.40e-01	2.59e-01	0.00e+00	0.00e+00	4.64e-12	2.42e-12	7.83e-13
 1.00955e+16	1.23e-11	1.93e-07	6.15e-04	4.39e-02	2.82e-01	4.38e-01	2.35e-01	0.00e+00	0.00e+00	7.14e-12	3.73e-12	1.21e-12
 1.03549e+16	1.64e-11	2.43e-07	7.33e-04	4.90e-02	2.97e-01	4.35e-01	2.18e-01	0.00e+00	0.00e+00	9.53e-12	4.97e-12	1.61e-12
 1.06272e+16	2.20e-11	3.07e-07	8.78e-04	5.49e-02	3.12e-01	4.31e-01	2.01e-01	0.00e+00	0.00e+00	1.28e-11	6.67e-12	2.16e-12
 1.09022e+16	2.93e-11	3.85e-07	1.05e-03	6.11e-02	3.27e-01	4.25e-01	1.85e-01	0.00e+00	0.00e+00	1.70e-11	8.89e-12	2.87e-12
 1.11327e+16	3.72e-11	4.66e-07	1.21e-03	6.67e-02	3.40e-01	4.20e-01	1.73e-01	0.00e+00	0.00e+00	2.16e-11	1.13e-11	3.65e-12
 1.13846e+16	4.77e-11	5.68e-07	1.41e-03	7.32e-02	3.53e-01	4.13e-01	1.60e-01	0.00e+00	0.00e+00	2.77e-11	1.45e-11	4.67e-12
 1.16581e+16	6.05e-11	6.92e-07	1.65e-03	8.05e-02	3.67e-01	4.05e-01	1.46e-01	0.00e+00	0.00e+00	3.52e-11	1.84e-11	5.93e-12
 1.19194e+16	8.27e-11	8.72e-07	1.94e-03	8.83e-02	3.80e-01	3.96e-01	1.34e-01	0.00e+00	0.00e+00	4.81e-11	2.51e-11	8.11e-12
 1.21686e+16	1.04e-10	1.05e-06	2.23e-03	9.58e-02	3.91e-01	3.87e-01	1.23e-01	0.00e+00	0.00e+00	6.04e-11	3.16e-11	1.02e-11
 1.24421e+16	1.29e-10	1.26e-06	2.60e-03	1.05e-01	4.03e-01	3.77e-01	1.13e-01	0.00e+00	0.00e+00	7.52e-11	3.92e-11	1.27e-11
 1.27488e+16	1.80e-10	1.62e-06	3.09e-03	1.15e-01	4.16e-01	3.64e-01	1.01e-01	0.00e+00	0.00e+00	1.05e-10	5.48e-11	1.77e-11
 1.30280e+16	2.35e-10	1.98e-06	3.59e-03	1.25e-01	4.27e-01	3.53e-01	9.16e-02	0.00e+00	0.00e+00	1.36e-10	7.13e-11	2.30e-11
 1.33200e+16	3.00e-10	2.42e-06	4.20e-03	1.36e-01	4.37e-01	3.40e-01	8.25e-02	0.00e+00	0.00e+00	1.75e-10	9.12e-11	2.94e-11
 1.36438e+16	3.85e-10	2.97e-06	4.96e-03	1.49e-01	4.47e-01	3.25e-01	7.34e-02	0.00e+00	0.00e+00	2.24e-10	1.17e-10	3.77e-11
 1.39401e+16	5.38e-10	3.79e-06	5.82e-03	1.62e-01	4.56e-01	3.11e-01	6.53e-02	0.00e+00	0.00e+00	3.13e-10	1.64e-10	5.28e-11
 1.42054e+16	6.81e-10	4.56e-06	6.67e-03	1.74e-01	4.62e-01	2.99e-01	5.89e-02	0.00e+00	0.00e+00	3.96e-10	2.07e-10	6.68e-11
 1.44989e+16	8.66e-10	5.54e-06	7.76e-03	1.87e-01	4.68e-01	2.85e-01	5.25e-02	0.00e+00	0.00e+00	5.04e-10	2.63e-10	8.49e-11
 1.48247e+16	1.20e-09	7.09e-06	9.21e-03	2.04e-01	4.73e-01	2.68e-01	4.58e-02	0.00e+00	0.00e+00	7.00e-10	3.66e-10	1.18e-10
 1.51209e+16	1.51e-09	8.56e-06	1.07e-02	2.18e-01	4.76e-01	2.54e-01	4.07e-02	0.00e+00	0.00e+00	8.78e-10	4.59e-10	1.48e-10
 1.53921e+16	1.86e-09	1.02e-05	1.22e-02	2.33e-01	4.78e-01	2.41e-01	3.63e-02	0.00e+00	0.00e+00	1.08e-09	5.65e-10	1.82e-10
 1.56594e+16	2.35e-09	1.22e-05	1.41e-02	2.48e-01	4.78e-01	2.28e-01	3.23e-02	0.00e+00	0.00e+00	1.37e-09	7.15e-10	2.31e-10
 1.59208e+16	3.29e-09	1.55e-05	1.62e-02	2.63e-01	4.77e-01	2.15e-01	2.84e-02	0.00e+00	0.00e+00	1.91e-09	1.00e-09	3.23e-10
 1.61668e+16	4.10e-09	1.84e-05	1.85e-02	2.78e-01	4.75e-01	2.03e-01	2.53e-02	0.00e+00	0.00e+00	2.38e-09	1.25e-09	4.03e-10
 1.64363e+16	5.24e-09	2.24e-05	2.14e-02	2.95e-01	4.72e-01	1.89e-01	2.22e-02	0.00e+00	0.00e+00	3.05e-09	1.59e-09	5.15e-10
 1.67265e+16	7.18e-09	2.84e-05	2.51e-02	3.14e-01	4.67e-01	1.75e-01	1.91e-02	0.00e+00	0.00e+00	4.18e-09	2.19e-09	7.06e-10
 1.69747e+16	9.25e-09	3.45e-05	2.88e-02	3.30e-01	4.61e-01	1.63e-01	1.68e-02	0.00e+00	0.00e+00	5.38e-09	2.82e-09	9.11e-10
 1.71839e+16	1.16e-08	4.09e-05	3.24e-02	3.45e-01	4.54e-01	1.53e-01	1.50e-02	0.00e+00	0.00e+00	6.75e-09	3.53e-09	1.14e-09
 1.74112e+16	1.51e-08	4.99e-05	3.72e-02	3.61e-01	4.46e-01	1.42e-01	1.31e-02	0.00e+00	0.00e+00	8.76e-09	4.58e-09	1.48e-09
 1.76547e+16	1.92e-08	6.05e-05	4.29e-02	3.78e-01	4.36e-01	1.31e-01	1.14e-02	0.00e+00	0.00e+00	1.12e-08	5.85e-09	1.89e-09
