#depth	C	C+	C+2	C+3	C+4	C+5	C+6	C[1]	C[2]	C[3]	C+[1]	C+[2]	CO
 1.49634e+10	0.00e+00	7.11e-29	6.16e-20	1.20e-11	1.22e-02	9.27e-01	6.08e-02	0.00e+00	0.00e+00	0.00e+00	0.00e+00	0.00e+00	0.00e+00
 4.54887e+10	1.62e-38	1.02e-28	8.10e-20	1.44e-11	1.35e-02	9.30e-01	5.60e-02	0.00e+00	0.00e+00	0.00e+00	0.00e+00	0.00e+00	1.05e-125
 7.72350e+10	0.00e+00	1.45e-28	1.06e-19	1.74e-11	1.49e-02	9.34e-01	5.16e-02	0.00e+00	0.00e+00	0.00e+00	0.00e+00	0.00e+00	0.00e+00
 1.10251e+11	3.93e-38	2.08e-28	1.40e-19	2.10e-11	1.64e-02	9.36e-01	4.75e-02	0.00e+00	0.00e+00	0.00e+00	0.00e+00	0.00e+00	1.11e-124
 1.41627e+11	0.00e+00	2.89e-28	1.80e-19	2.49e-11	1.80e-02	9.38e-01	4.40e-02	0.00e+00	0.00e+00	0.00e+00	0.00e+00	0.00e+00	0.00e+00
 1.70191e+11	8.44e-38	3.85e-28	2.24e-19	2.89e-11	1.95e-02	9.39e-01	4.11e-02	0.00e+00	0.00e+00	0.00e+00	0.00e+00	0.00e+00	8.52e-124
 2.02437e+11	0.00e+00	5.29e-28	2.85e-19	3.41e-11	2.13e-02	9.41e-01	3.81e-02	0.00e+00	0.00e+00	0.00e+00	0.00e+00	0.00e+00	0.00e+00
 2.40040e+11	1.94e-37	7.53e-28	3.74e-19	4.10e-11	2.34e-02	9.42e-01	3.50e-02	0.00e+00	0.00e+00	0.00e+00	0.00e+00	0.00e+00	7.79e-123
 2.77413e+11	0.00e+00	1.06e-27	4.87e-19	4.91e-11	2.57e-02	9.42e-01	3.22e-02	0.00e+00	0.00e+00	0.00e+00	0.00e+00	0.00e+00	0.00e+00
 3.12866e+11	4.39e-37	1.46e-27	6.19e-19	5.78e-11	2.80e-02	9.42e-01	2.98e-02	0.00e+00	0.00e+00	0.00e+00	0.00e+00	0.00e+00	6.81e-122
 3.51892e+11	0.00e+00	2.04e-27	7.99e-19	6.87e-11	3.07e-02	9.42e-01	2.75e-02	0.00e+00	0.00e+00	0.00e+00	0.00e+00	0.00e+00	0.00e+00
 3.95895e+11	1.04e-36	2.93e-27	1.06e-18	8.31e-11	3.39e-02	9.41e-01	2.51e-02	0.00e+00	0.00e+00	0.00e+00	0.00e+00	0.00e+00	6.76e-121
 4.39839e+11	0.00e+00	4.16e-27	1.38e-18	9.96e-11	3.72e-02	9.40e-01	2.30e-02	0.00e+00	0.00e+00	0.00e+00	0.00e+00	0.00e+00	0.00e+00
 4.85541e+11	2.47e-36	5.89e-27	1.80e-18	1.19e-10	4.08e-02	9.38e-01	2.11e-02	0.00e+00	0.00e+00	0.00e+00	0.00e+00	0.00e+00	6.72e-120
 5.34890e+11	0.00e+00	8.54e-27	2.39e-18	1.45e-10	4.51e-02	9.36e-01	1.92e-02	0.00e+00	0.00e+00	0.00e+00	0.00e+00	0.00e+00	0.00e+00
 5.85034e+11	6.09e-36	1.22e-26	3.14e-18	1.74e-10	4.96e-02	9.33e-01	1.75e-02	0.00e+00	0.00e+00	0.00e+00	0.00e+00	0.00e+00	7.28e-119
 6.34291e+11	0.00e+00	1.72e-26	4.08e-18	2.08e-10	5.42e-02	9.30e-01	1.60e-02	0.00e+00	0.00e+00	0.00e+00	0.00e+00	0.00e+00	0.00e+00
 6.86697e+11	1.43e-35	2.43e-26	5.32e-18	2.49e-10	5.94e-02	9.26e-01	1.46e-02	0.00e+00	0.00e+00	0.00e+00	0.00e+00	0.00e+00	6.90e-118
 7.44092e+11	0.00e+00	3.51e-26	7.06e-18	3.01e-10	6.54e-02	9.21e-01	1.33e-02	0.00e+00	0.00e+00	0.00e+00	0.00e+00	0.00e+00	0.00e+00
 8.03782e+11	3.54e-35	5.07e-26	9.36e-18	3.64e-10	7.19e-02	9.16e-01	1.20e-02	0.00e+00	0.00e+00	0.00e+00	0.00e+00	0.00e+00	7.63e-117
 8.65860e+11	0.00e+00	7.32e-26	1.24e-17	4.40e-10	7.90e-02	9.10e-01	1.09e-02	0.00e+00	0.00e+00	0.00e+00	0.00e+00	0.00e+00	0.00e+00
 9.30421e+11	8.77e-35	1.06e-25	1.64e-17	5.32e-10	8.68e-02	9.03e-01	9.85e-03	0.00e+00	0.00e+00	0.00e+00	0.00e+00	0.00e+00	8.38e-116
 9.97565e+11	1.38e-34	1.52e-25	2.18e-17	6.43e-10	9.53e-02	8.96e-01	8.89e-03	0.00e+00	0.00e+00	0.00e+00	0.00e+00	0.00e+00	5.06e-98
 1.05843e+12	2.05e-34	2.10e-25	2.79e-17	7.59e-10	1.03e-01	8.89e-01	8.12e-03	0.00e+00	0.00e+00	0.00e+00	0.00e+00	0.00e+00	0.00e+00
 1.10937e+12	2.81e-34	2.72e-25	3.40e-17	8.68e-10	1.10e-01	8.82e-01	7.54e-03	0.00e+00	0.00e+00	0.00e+00	0.00e+00	0.00e+00	1.83e-114
 1.16528e+12	3.95e-34	3.58e-25	4.20e-17	1.00e-09	1.18e-01	8.75e-01	6.96e-03	0.00e+00	0.00e+00	0.00e+00	0.00e+00	0.00e+00	5.32e-97
 1.23578e+12	5.96e-34	4.99e-25	5.43e-17	1.19e-09	1.28e-01	8.66e-01	6.30e-03	0.00e+00	0.00e+00	0.00e+00	0.00e+00	0.00e+00	0.00e+00
 1.30917e+12	9.01e-34	6.98e-25	7.03e-17	1.41e-09	1.39e-01	8.55e-01	5.70e-03	0.00e+00	0.00e+00	0.00e+00	0.00e+00	0.00e+00	3.98e-113
 1.37206e+12	1.27e-33	9.19e-25	8.69e-17	1.63e-09	1.49e-01	8.46e-01	5.24e-03	0.00e+00	0.00e+00	0.00e+00	0.00e+00	0.00e+00	7.12e-96
 1.43742e+12	1.78e-33	1.21e-24	1.07e-16	1.88e-09	1.59e-01	8.36e-01	4.81e-03	0.00e+00	0.00e+00	0.00e+00	0.00e+00	0.00e+00	0.00e+00
 1.51881e+12	2.67e-33	1.68e-24	1.39e-16	2.23e-09	1.72e-01	8.24e-01	4.34e-03	0.00e+00	0.00e+00	0.00e+00	0.00e+00	0.00e+00	7.16e-112
 1.60125e+12	3.96e-33	2.32e-24	1.78e-16	2.63e-09	1.86e-01	8.11e-01	3.91e-03	0.00e+00	0.00e+00	0.00e+00	0.00e+00	0.00e+00	9.08e-95
 1.67308e+12	5.51e-33	3.03e-24	2.19e-16	3.02e-09	1.98e-01	7.99e-01	3.58e-03	0.00e+00	0.00e+00	0.00e+00	0.00e+00	0.00e+00	4.97e-111
 1.75093e+12	7.77e-33	4.01e-24	2.71e-16	3.48e-09	2.11e-01	7.86e-01	3.27e-03	0.00e+00	0.00e+00	0.00e+00	0.00e+00	0.00e+00	4.09e-94
 1.84579e+12	1.16e-32	5.55e-24	3.49e-16	4.12e-09	2.27e-01	7.70e-01	2.92e-03	0.00e+00	0.00e+00	0.00e+00	0.00e+00	0.00e+00	3.69e-110
 1.94236e+12	1.72e-32	7.62e-24	4.45e-16	4.84e-09	2.44e-01	7.54e-01	2.62e-03	0.00e+00	0.00e+00	0.00e+00	0.00e+00	0.00e+00	2.41e-93
 2.03092e+12	2.41e-32	1.01e-23	5.52e-16	5.58e-09	2.59e-01	7.39e-01	2.37e-03	0.00e+00	0.00e+00	0.00e+00	0.00e+00	0.00e+00	2.68e-109
 2.12945e+12	3.47e-32	1.35e-23	6.92e-16	6.48e-09	2.76e-01	7.22e-01	2.13e-03	0.00e+00	0.00e+00	0.00e+00	0.00e+00	0.00e+00	1.18e-92
 2.24381e+12	5.20e-32	1.87e-23	8.91e-16	7.65e-09	2.96e-01	7.02e-01	1.89e-03	0.00e+00	0.00e+00	0.00e+00	0.00e+00	0.00e+00	2.18e-108
 2.35672e+12	7.59e-32	2.54e-23	1.13e-15	8.93e-09	3.15e-01	6.83e-01	1.68e-03	0.00e+00	0.00e+00	0.00e+00	0.00e+00	0.00e+00	6.92e-92
 2.46479e+12	1.07e-31	3.36e-23	1.40e-15	1.03e-08	3.34e-01	6.65e-01	1.51e-03	0.00e+00	0.00e+00	0.00e+00	0.00e+00	0.00e+00	1.61e-107
 2.58396e+12	1.54e-31	4.51e-23	1.75e-15	1.19e-08	3.54e-01	6.45e-01	1.34e-03	0.00e+00	0.00e+00	0.00e+00	0.00e+00	0.00e+00	3.50e-91
 2.71724e+12	2.27e-31	6.17e-23	2.23e-15	1.39e-08	3.76e-01	6.23e-01	1.18e-03	0.00e+00	0.00e+00	0.00e+00	0.00e+00	0.00e+00	1.31e-106
 2.83836e+12	3.18e-31	8.09e-23	2.74e-15	1.59e-08	3.96e-01	6.03e-01	1.06e-03	0.00e+00	0.00e+00	0.00e+00	0.00e+00	0.00e+00	1.85e-90
 2.94021e+12	4.17e-31	1.01e-22	3.24e-15	1.77e-08	4.12e-01	5.87e-01	9.64e-04	0.00e+00	0.00e+00	0.00e+00	0.00e+00	0.00e+00	7.21e-106
 3.05217e+12	5.56e-31	1.27e-22	3.86e-15	1.98e-08	4.29e-01	5.70e-01	8.73e-04	0.00e+00	0.00e+00	0.00e+00	0.00e+00	0.00e+00	6.77e-90
 3.17856e+12	7.59e-31	1.63e-22	4.67e-15	2.23e-08	4.49e-01	5.51e-01	7.82e-04	0.00e+00	0.00e+00	0.00e+00	0.00e+00	0.00e+00	3.96e-105
 3.29956e+12	1.01e-30	2.05e-22	5.56e-15	2.49e-08	4.66e-01	5.33e-01	7.05e-04	0.00e+00	0.00e+00	0.00e+00	0.00e+00	0.00e+00	2.75e-89
 3.43273e+12	1.37e-30	2.61e-22	6.68e-15	2.80e-08	4.85e-01	5.14e-01	6.32e-04	0.00e+00	0.00e+00	0.00e+00	0.00e+00	0.00e+00	2.15e-104
 3.58064e+12	1.89e-30	3.38e-22	8.13e-15	3.16e-08	5.06e-01	4.94e-01	5.60e-04	0.00e+00	0.00e+00	0.00e+00	0.00e+00	0.00e+00	1.20e-88
 3.71924e+12	2.52e-30	4.26e-22	9.68e-15	3.53e-08	5.24e-01	4.75e-01	5.02e-04	0.00e+00	0.00e+00	0.00e+00	0.00e+00	0.00e+00	1.27e-103
 3.87093e+12	3.42e-30	5.43e-22	1.16e-14	3.95e-08	5.43e-01	4.56e-01	4.46e-04	0.00e+00	0.00e+00	0.00e+00	0.00e+00	0.00e+00	4.98e-88
 4.04153e+12	4.75e-30	7.06e-22	1.41e-14	4.46e-08	5.64e-01	4.35e-01	3.93e-04	0.00e+00	0.00e+00	0.00e+00	0.00e+00	0.00e+00	8.06e-103
 4.20448e+12	6.41e-30	8.96e-22	1.69e-14	4.98e-08	5.83e-01	4.17e-01	3.48e-04	0.00e+00	0.00e+00	0.00e+00	0.00e+00	0.00e+00	2.26e-87
 4.38319e+12	8.79e-30	1.15e-21	2.04e-14	5.58e-08	6.03e-01	3.97e-01	3.07e-04	0.00e+00	0.00e+00	0.00e+00	0.00e+00	0.00e+00	4.98e-102
 4.57264e+12	1.21e-29	1.48e-21	2.46e-14	6.26e-08	6.22e-01	3.77e-01	2.69e-04	0.00e+00	0.00e+00	0.00e+00	0.00e+00	0.00e+00	1.06e-86
 4.73838e+12	1.58e-29	1.84e-21	2.88e-14	6.89e-08	6.39e-01	3.61e-01	2.40e-04	0.00e+00	0.00e+00	0.00e+00	0.00e+00	0.00e+00	2.89e-101
 4.91528e+12	2.09e-29	2.29e-21	3.39e-14	7.59e-08	6.55e-01	3.45e-01	2.14e-04	0.00e+00	0.00e+00	0.00e+00	0.00e+00	0.00e+00	4.04e-86
 5.13054e+12	2.89e-29	2.95e-21	4.09e-14	8.49e-08	6.74e-01	3.26e-01	1.86e-04	0.00e+00	0.00e+00	0.00e+00	0.00e+00	0.00e+00	1.76e-100
 5.34494e+12	3.93e-29	3.76e-21	4.89e-14	9.44e-08	6.91e-01	3.09e-01	1.63e-04	0.00e+00	0.00e+00	0.00e+00	0.00e+00	0.00e+00	1.93e-85
 5.53406e+12	5.10e-29	4.62e-21	5.69e-14	1.03e-07	7.05e-01	2.94e-01	1.45e-04	0.00e+00	0.00e+00	0.00e+00	0.00e+00	0.00e+00	9.90e-100
 5.74104e+12	6.72e-29	5.73e-21	6.67e-14	1.13e-07	7.20e-01	2.80e-01	1.28e-04	0.00e+00	0.00e+00	0.00e+00	0.00e+00	0.00e+00	7.38e-85
 5.99015e+12	9.23e-29	7.36e-21	8.00e-14	1.26e-07	7.37e-01	2.63e-01	1.11e-04	0.00e+00	0.00e+00	0.00e+00	0.00e+00	0.00e+00	6.10e-99
 6.23943e+12	1.25e-28	9.36e-21	9.53e-14	1.39e-07	7.52e-01	2.48e-01	9.65e-05	0.00e+00	0.00e+00	0.00e+00	0.00e+00	0.00e+00	3.54e-84
 6.46610e+12	1.64e-28	1.15e-20	1.11e-13	1.52e-07	7.65e-01	2.35e-01	8.54e-05	0.00e+00	0.00e+00	0.00e+00	0.00e+00	0.00e+00	3.56e-98
 6.71797e+12	2.18e-28	1.44e-20	1.30e-13	1.67e-07	7.78e-01	2.22e-01	7.48e-05	0.00e+00	0.00e+00	0.00e+00	0.00e+00	0.00e+00	1.45e-83
 7.01250e+12	3.00e-28	1.85e-20	1.56e-13	1.85e-07	7.93e-01	2.07e-01	6.43e-05	0.00e+00	0.00e+00	0.00e+00	0.00e+00	0.00e+00	2.34e-97
 7.30323e+12	4.07e-28	2.35e-20	1.85e-13	2.04e-07	8.05e-01	1.94e-01	5.57e-05	0.00e+00	0.00e+00	0.00e+00	0.00e+00	0.00e+00	7.12e-83
 7.57785e+12	5.36e-28	2.91e-20	2.16e-13	2.23e-07	8.17e-01	1.83e-01	4.88e-05	0.00e+00	0.00e+00	0.00e+00	0.00e+00	0.00e+00	1.43e-96
 7.88316e+12	7.20e-28	3.66e-20	2.55e-13	2.44e-07	8.28e-01	1.72e-01	4.24e-05	0.00e+00	0.00e+00	0.00e+00	0.00e+00	0.00e+00	3.10e-82
 8.22842e+12	9.92e-28	4.69e-20	3.04e-13	2.69e-07	8.40e-01	1.60e-01	3.63e-05	0.00e+00	0.00e+00	0.00e+00	0.00e+00	0.00e+00	9.91e-96
 8.57519e+12	1.35e-27	5.95e-20	3.60e-13	2.96e-07	8.50e-01	1.49e-01	3.12e-05	0.00e+00	0.00e+00	0.00e+00	0.00e+00	0.00e+00	1.59e-81
 8.93584e+12	1.84e-27	7.55e-20	4.27e-13	3.25e-07	8.61e-01	1.39e-01	2.69e-05	0.00e+00	0.00e+00	0.00e+00	0.00e+00	0.00e+00	6.97e-95
 9.32320e+12	2.52e-27	9.65e-20	5.08e-13	3.58e-07	8.70e-01	1.30e-01	2.30e-05	0.00e+00	0.00e+00	0.00e+00	0.00e+00	0.00e+00	8.13e-81
 9.72605e+12	3.47e-27	1.23e-19	6.03e-13	3.93e-07	8.79e-01	1.21e-01	1.97e-05	0.00e+00	0.00e+00	0.00e+00	0.00e+00	0.00e+00	5.23e-94
 1.01225e+13	4.68e-27	1.55e-19	7.09e-13	4.30e-07	8.88e-01	1.12e-01	1.69e-05	0.00e+00	0.00e+00	0.00e+00	0.00e+00	0.00e+00	4.11e-80
 1.04912e+13	6.12e-27	1.91e-19	8.20e-13	4.65e-07	8.94e-01	1.06e-01	1.48e-05	0.00e+00	0.00e+00	0.00e+00	0.00e+00	0.00e+00	3.19e-93
 1.08240e+13	7.73e-27	2.28e-19	9.30e-13	4.98e-07	9.00e-01	9.98e-02	1.32e-05	0.00e+00	0.00e+00	0.00e+00	0.00e+00	0.00e+00	1.55e-79
 1.11808e+13	9.87e-27	2.75e-19	1.06e-12	5.34e-07	9.06e-01	9.42e-02	1.17e-05	0.00e+00	0.00e+00	0.00e+00	0.00e+00	0.00e+00	1.48e-92
 1.16250e+13	1.32e-26	3.45e-19	1.24e-12	5.81e-07	9.12e-01	8.79e-02	1.01e-05	0.00e+00	0.00e+00	0.00e+00	0.00e+00	0.00e+00	6.46e-79
 1.20705e+13	1.76e-26	4.28e-19	1.44e-12	6.29e-07	9.18e-01	8.21e-02	8.76e-06	0.00e+00	0.00e+00	0.00e+00	0.00e+00	0.00e+00	9.38e-92
 1.24534e+13	2.23e-26	5.13e-19	1.63e-12	6.73e-07	9.22e-01	7.76e-02	7.78e-06	0.00e+00	0.00e+00	0.00e+00	0.00e+00	0.00e+00	2.58e-78
 1.28676e+13	2.85e-26	6.20e-19	1.86e-12	7.21e-07	9.27e-01	7.31e-02	6.88e-06	0.00e+00	0.00e+00	0.00e+00	0.00e+00	0.00e+00	4.44e-91
 1.33786e+13	3.83e-26	7.76e-19	2.18e-12	7.83e-07	9.32e-01	6.81e-02	5.94e-06	0.00e+00	0.00e+00	0.00e+00	0.00e+00	0.00e+00	1.10e-77
 1.38897e+13	5.09e-26	9.64e-19	2.53e-12	8.47e-07	9.36e-01	6.35e-02	5.15e-06	0.00e+00	0.00e+00	0.00e+00	0.00e+00	0.00e+00	2.86e-90
 1.43310e+13	6.46e-26	1.16e-18	2.86e-12	9.03e-07	9.40e-01	6.00e-02	4.57e-06	0.00e+00	0.00e+00	0.00e+00	0.00e+00	0.00e+00	4.50e-77
 1.48077e+13	8.28e-26	1.40e-18	3.26e-12	9.67e-07	9.44e-01	5.65e-02	4.04e-06	0.00e+00	0.00e+00	0.00e+00	0.00e+00	0.00e+00	1.38e-89
 1.53936e+13	1.11e-25	1.75e-18	3.80e-12	1.05e-06	9.47e-01	5.26e-02	3.48e-06	0.00e+00	0.00e+00	0.00e+00	0.00e+00	0.00e+00	1.95e-76
 1.59850e+13	1.48e-25	2.17e-18	4.41e-12	1.13e-06	9.51e-01	4.90e-02	3.01e-06	0.00e+00	0.00e+00	0.00e+00	0.00e+00	0.00e+00	4.24e-76
 1.65089e+13	1.90e-25	2.62e-18	5.01e-12	1.21e-06	9.54e-01	4.62e-02	2.67e-06	0.00e+00	0.00e+00	0.00e+00	0.00e+00	0.00e+00	8.30e-76
 1.70818e+13	2.47e-25	3.20e-18	5.73e-12	1.30e-06	9.57e-01	4.33e-02	2.34e-06	0.00e+00	0.00e+00	0.00e+00	0.00e+00	0.00e+00	1.69e-75
 1.77687e+13	3.34e-25	4.02e-18	6.70e-12	1.41e-06	9.60e-01	4.02e-02	2.01e-06	0.00e+00	0.00e+00	0.00e+00	0.00e+00	0.00e+00	3.82e-75
 1.84532e+13	4.47e-25	5.01e-18	7.77e-12	1.52e-06	9.63e-01	3.74e-02	1.74e-06	0.00e+00	0.00e+00	0.00e+00	0.00e+00	0.00e+00	8.41e-75
 1.90768e+13	5.77e-25	6.07e-18	8.86e-12	1.62e-06	9.65e-01	3.52e-02	1.53e-06	0.00e+00	0.00e+00	0.00e+00	0.00e+00	0.00e+00	1.69e-74
 1.97720e+13	7.60e-25	7.48e-18	1.02e-11	1.75e-06	9.67e-01	3.29e-02	1.34e-06	0.00e+00	0.00e+00	0.00e+00	0.00e+00	0.00e+00	3.58e-74
 2.05831e+13	1.04e-24	9.46e-18	1.20e-11	1.89e-06	9.70e-01	3.05e-02	1.14e-06	0.00e+00	0.00e+00	0.00e+00	0.00e+00	0.00e+00	8.33e-74
 2.13825e+13	1.39e-24	1.18e-17	1.39e-11	2.04e-06	9.72e-01	2.83e-02	9.88e-07	0.00e+00	0.00e+00	0.00e+00	0.00e+00	0.00e+00	1.86e-73
 2.21393e+13	1.82e-24	1.45e-17	1.59e-11	2.19e-06	9.73e-01	2.65e-02	0.00e+00	0.00e+00	0.00e+00	0.00e+00	0.00e+00	0.00e+00	3.88e-73
 2.29802e+13	2.43e-24	1.80e-17	1.84e-11	2.36e-06	9.75e-01	2.47e-02	0.00e+00	0.00e+00	0.00e+00	0.00e+00	0.00e+00	0.00e+00	8.53e-73
 2.39294e+13	3.33e-24	2.28e-17	2.16e-11	2.56e-06	9.77e-01	2.29e-02	0.00e+00	0.00e+00	0.00e+00	0.00e+00	0.00e+00	0.00e+00	2.01e-72
 2.48831e+13	4.51e-24	2.86e-17	2.52e-11	2.77e-06	9.79e-01	2.12e-02	0.00e+00	0.00e+00	0.00e+00	0.00e+00	0.00e+00	0.00e+00	4.60e-72
 2.58750e+13	6.11e-24	3.60e-17	2.94e-11	2.99e-06	9.80e-01	1.97e-02	0.00e+00	0.00e+00	0.00e+00	0.00e+00	0.00e+00	0.00e+00	1.05e-71
 2.69399e+13	8.35e-24	4.56e-17	3.45e-11	3.25e-06	9.82e-01	1.82e-02	0.00e+00	0.00e+00	0.00e+00	0.00e+00	1.46e-17	3.10e-17	2.48e-71
 2.79713e+13	1.12e-23	5.68e-17	4.00e-11	3.50e-06	9.83e-01	1.69e-02	0.00e+00	0.00e+00	0.00e+00	0.00e+00	1.88e-17	3.79e-17	5.50e-71
 2.89418e+13	1.46e-23	6.93e-17	4.57e-11	3.75e-06	9.84e-01	1.59e-02	0.00e+00	0.00e+00	0.00e+00	0.00e+00	2.30e-17	4.63e-17	1.14e-70
 3.00271e+13	1.94e-23	8.60e-17	5.29e-11	4.03e-06	9.85e-01	1.48e-02	0.00e+00	0.00e+00	0.00e+00	0.00e+00	2.86e-17	5.75e-17	2.49e-70
 3.11208e+13	2.56e-23	1.06e-16	6.10e-11	4.34e-06	9.86e-01	1.38e-02	0.00e+00	0.00e+00	0.00e+00	0.00e+00	3.52e-17	7.09e-17	5.30e-70
 3.20295e+13	3.21e-23	1.26e-16	6.83e-11	4.59e-06	9.87e-01	1.30e-02	0.00e+00	0.00e+00	0.00e+00	0.00e+00	4.17e-17	8.39e-17	9.80e-70
 3.29918e+13	4.04e-23	1.49e-16	7.68e-11	4.87e-06	9.88e-01	1.23e-02	0.00e+00	0.00e+00	0.00e+00	0.00e+00	4.96e-17	9.98e-17	1.84e-69
 3.42213e+13	5.36e-23	1.85e-16	8.88e-11	5.25e-06	9.89e-01	1.14e-02	0.00e+00	0.00e+00	0.00e+00	0.00e+00	6.15e-17	1.24e-16	3.98e-69
 3.55108e+13	7.15e-23	2.30e-16	1.03e-10	5.66e-06	9.89e-01	1.06e-02	0.00e+00	0.00e+00	0.00e+00	0.00e+00	7.64e-17	1.54e-16	8.81e-69
 3.66522e+13	9.15e-23	2.77e-16	1.17e-10	6.03e-06	9.90e-01	9.97e-03	0.00e+00	0.00e+00	0.00e+00	0.00e+00	9.19e-17	1.85e-16	1.71e-68
 3.78889e+13	1.18e-22	3.37e-16	1.33e-10	6.45e-06	9.91e-01	9.34e-03	0.00e+00	0.00e+00	0.00e+00	0.00e+00	1.12e-16	2.25e-16	3.45e-68
 3.93746e+13	1.60e-22	4.22e-16	1.55e-10	6.97e-06	9.91e-01	8.65e-03	0.00e+00	0.00e+00	0.00e+00	0.00e+00	1.40e-16	2.82e-16	7.78e-68
 4.08790e+13	2.13e-22	5.26e-16	1.80e-10	7.52e-06	9.92e-01	8.03e-03	0.00e+00	0.00e+00	0.00e+00	0.00e+00	1.74e-16	3.51e-16	1.72e-67
 4.22891e+13	2.78e-22	6.42e-16	2.06e-10	8.06e-06	9.92e-01	7.50e-03	0.00e+00	0.00e+00	0.00e+00	0.00e+00	2.13e-16	4.29e-16	3.52e-67
 4.36499e+13	3.55e-22	7.73e-16	2.34e-10	8.60e-06	9.93e-01	7.04e-03	0.00e+00	0.00e+00	0.00e+00	0.00e+00	2.56e-16	5.16e-16	6.88e-67
 4.51870e+13	4.64e-22	9.47e-16	2.68e-10	9.23e-06	9.93e-01	6.57e-03	0.00e+00	0.00e+00	0.00e+00	0.00e+00	3.14e-16	6.32e-16	1.42e-66
 4.68828e+13	6.18e-22	1.18e-15	3.11e-10	9.95e-06	9.94e-01	6.10e-03	0.00e+00	0.00e+00	0.00e+00	0.00e+00	3.90e-16	7.85e-16	3.10e-66
 4.84476e+13	7.97e-22	1.43e-15	3.55e-10	1.06e-05	9.94e-01	5.71e-03	0.00e+00	0.00e+00	0.00e+00	0.00e+00	4.73e-16	9.52e-16	6.20e-66
 5.01443e+13	1.04e-21	1.74e-15	4.07e-10	1.14e-05	9.95e-01	5.32e-03	0.00e+00	0.00e+00	0.00e+00	0.00e+00	5.79e-16	1.17e-15	1.28e-65
 5.20388e+13	1.39e-21	2.17e-15	4.72e-10	1.23e-05	9.95e-01	4.94e-03	0.00e+00	0.00e+00	0.00e+00	0.00e+00	7.19e-16	1.45e-15	2.79e-65
 5.38190e+13	1.80e-21	2.64e-15	5.41e-10	1.32e-05	9.95e-01	4.61e-03	0.00e+00	0.00e+00	0.00e+00	0.00e+00	8.76e-16	1.77e-15	5.66e-65
 5.57621e+13	2.37e-21	3.25e-15	6.23e-10	1.42e-05	9.96e-01	4.29e-03	0.00e+00	0.00e+00	0.00e+00	0.00e+00	1.08e-15	2.18e-15	1.19e-64
 5.79206e+13	3.18e-21	4.07e-15	7.26e-10	1.54e-05	9.96e-01	3.97e-03	0.00e+00	0.00e+00	0.00e+00	0.00e+00	1.35e-15	2.72e-15	2.65e-64
 5.99376e+13	4.14e-21	4.97e-15	8.33e-10	1.65e-05	9.96e-01	3.71e-03	0.00e+00	0.00e+00	0.00e+00	0.00e+00	1.65e-15	3.32e-15	5.45e-64
 6.21272e+13	5.47e-21	6.14e-15	9.62e-10	1.77e-05	9.97e-01	3.44e-03	0.00e+00	0.00e+00	0.00e+00	0.00e+00	2.04e-15	4.10e-15	1.16e-63
 6.45736e+13	7.37e-21	7.70e-15	1.12e-09	1.92e-05	9.97e-01	3.18e-03	0.00e+00	0.00e+00	0.00e+00	0.00e+00	2.55e-15	5.15e-15	2.61e-63
 6.69007e+13	9.69e-21	9.49e-15	1.29e-09	2.07e-05	9.97e-01	2.96e-03	0.00e+00	0.00e+00	0.00e+00	0.00e+00	3.14e-15	6.34e-15	5.51e-63
 6.93896e+13	1.29e-20	1.18e-14	1.50e-09	2.23e-05	9.97e-01	2.75e-03	0.00e+00	0.00e+00	0.00e+00	0.00e+00	3.90e-15	7.86e-15	1.19e-62
 7.21951e+13	1.75e-20	1.48e-14	1.76e-09	2.42e-05	9.97e-01	2.54e-03	0.00e+00	0.00e+00	0.00e+00	0.00e+00	4.92e-15	9.92e-15	2.74e-62
 7.49617e+13	2.34e-20	1.85e-14	2.04e-09	2.61e-05	9.98e-01	2.35e-03	0.00e+00	0.00e+00	0.00e+00	0.00e+00	6.13e-15	1.24e-14	6.06e-62
 7.78390e+13	3.13e-20	2.31e-14	2.38e-09	2.82e-05	9.98e-01	2.18e-03	0.00e+00	0.00e+00	0.00e+00	0.00e+00	7.65e-15	1.54e-14	1.34e-61
 8.07894e+13	4.18e-20	2.88e-14	2.76e-09	3.05e-05	9.98e-01	2.02e-03	0.00e+00	0.00e+00	0.00e+00	0.00e+00	9.52e-15	1.92e-14	2.95e-61
 8.35239e+13	5.42e-20	3.50e-14	3.16e-09	3.26e-05	9.98e-01	1.88e-03	0.00e+00	0.00e+00	0.00e+00	0.00e+00	1.16e-14	2.34e-14	5.97e-61
 8.65609e+13	7.15e-20	4.32e-14	3.64e-09	3.51e-05	9.98e-01	1.75e-03	0.00e+00	0.00e+00	0.00e+00	0.00e+00	1.43e-14	2.89e-14	1.27e-60
 8.98964e+13	9.59e-20	5.39e-14	4.24e-09	3.79e-05	9.98e-01	1.62e-03	0.00e+00	0.00e+00	0.00e+00	0.00e+00	1.78e-14	3.61e-14	2.84e-60
 9.29821e+13	1.25e-19	6.58e-14	4.85e-09	4.06e-05	9.98e-01	1.51e-03	0.00e+00	0.00e+00	0.00e+00	0.00e+00	2.18e-14	4.40e-14	5.82e-60
 9.56908e+13	1.56e-19	7.79e-14	5.44e-09	4.31e-05	9.99e-01	1.43e-03	0.00e+00	0.00e+00	0.00e+00	0.00e+00	2.58e-14	5.21e-14	1.07e-59
 9.85580e+13	1.96e-19	9.27e-14	6.13e-09	4.57e-05	9.99e-01	1.35e-03	0.00e+00	0.00e+00	0.00e+00	0.00e+00	3.07e-14	6.21e-14	2.01e-59
 1.02197e+14	2.61e-19	1.15e-13	7.08e-09	4.93e-05	9.99e-01	1.25e-03	0.00e+00	0.00e+00	0.00e+00	0.00e+00	3.80e-14	7.69e-14	4.36e-59
 1.05885e+14	3.44e-19	1.42e-13	8.16e-09	5.29e-05	9.99e-01	1.16e-03	0.00e+00	0.00e+00	0.00e+00	0.00e+00	4.68e-14	9.48e-14	9.30e-59
 1.09001e+14	4.31e-19	1.68e-13	9.17e-09	5.61e-05	9.99e-01	1.10e-03	0.00e+00	0.00e+00	0.00e+00	0.00e+00	5.56e-14	1.12e-13	1.73e-58
 1.12328e+14	5.45e-19	2.01e-13	1.03e-08	5.97e-05	9.99e-01	1.03e-03	0.00e+00	0.00e+00	0.00e+00	0.00e+00	6.63e-14	1.34e-13	3.30e-58
 1.16508e+14	7.25e-19	2.49e-13	1.20e-08	6.43e-05	9.99e-01	9.58e-04	0.00e+00	0.00e+00	0.00e+00	0.00e+00	8.23e-14	1.67e-13	7.20e-58
 1.20826e+14	9.65e-19	3.09e-13	1.38e-08	6.92e-05	9.99e-01	8.90e-04	0.00e+00	0.00e+00	0.00e+00	0.00e+00	1.02e-13	2.07e-13	1.57e-57
 1.24633e+14	1.23e-18	3.71e-13	1.57e-08	7.37e-05	9.99e-01	8.36e-04	0.00e+00	0.00e+00	0.00e+00	0.00e+00	1.23e-13	2.49e-13	3.07e-57
 1.28744e+14	1.59e-18	4.49e-13	1.79e-08	7.88e-05	9.99e-01	7.83e-04	0.00e+00	0.00e+00	0.00e+00	0.00e+00	1.48e-13	3.01e-13	6.15e-57
 1.33704e+14	2.13e-18	5.62e-13	2.08e-08	8.51e-05	9.99e-01	7.25e-04	0.00e+00	0.00e+00	0.00e+00	0.00e+00	1.85e-13	3.76e-13	1.38e-56
 1.38620e+14	2.83e-18	6.96e-13	2.40e-08	9.15e-05	9.99e-01	6.74e-04	0.00e+00	0.00e+00	0.00e+00	0.00e+00	2.30e-13	4.66e-13	3.02e-56
 1.42988e+14	3.60e-18	8.36e-13	2.72e-08	9.75e-05	9.99e-01	6.32e-04	0.00e+00	0.00e+00	0.00e+00	0.00e+00	2.76e-13	5.60e-13	5.86e-56
 1.47792e+14	4.66e-18	1.02e-12	3.10e-08	1.04e-04	9.99e-01	5.91e-04	0.00e+00	0.00e+00	0.00e+00	0.00e+00	3.35e-13	6.81e-13	1.19e-55
 1.53532e+14	6.28e-18	1.27e-12	3.61e-08	1.13e-04	9.99e-01	5.47e-04	0.00e+00	0.00e+00	0.00e+00	0.00e+00	4.19e-13	8.53e-13	2.70e-55
 1.59233e+14	8.34e-18	1.58e-12	4.18e-08	1.21e-04	9.99e-01	5.08e-04	0.00e+00	0.00e+00	0.00e+00	0.00e+00	5.20e-13	1.06e-12	5.91e-55
 1.64420e+14	1.07e-17	1.91e-12	4.76e-08	1.30e-04	9.99e-01	4.76e-04	0.00e+00	0.00e+00	0.00e+00	0.00e+00	6.28e-13	1.28e-12	1.18e-54
 1.70196e+14	1.40e-17	2.34e-12	5.47e-08	1.39e-04	9.99e-01	4.43e-04	0.00e+00	0.00e+00	0.00e+00	0.00e+00	7.69e-13	1.57e-12	2.46e-54
 1.76944e+14	1.89e-17	2.94e-12	6.39e-08	1.51e-04	9.99e-01	4.09e-04	0.00e+00	0.00e+00	0.00e+00	0.00e+00	9.67e-13	1.97e-12	5.65e-54
 1.83584e+14	2.52e-17	3.65e-12	7.41e-08	1.63e-04	9.99e-01	3.79e-04	0.00e+00	0.00e+00	0.00e+00	0.00e+00	1.20e-12	2.45e-12	1.24e-53
 1.89819e+14	3.26e-17	4.44e-12	8.48e-08	1.74e-04	9.99e-01	3.54e-04	0.00e+00	0.00e+00	0.00e+00	0.00e+00	1.46e-12	2.98e-12	2.53e-53
 1.96772e+14	4.30e-17	5.48e-12	9.80e-08	1.88e-04	9.99e-01	3.28e-04	0.00e+00	0.00e+00	0.00e+00	0.00e+00	1.80e-12	3.68e-12	5.42e-53
 2.04673e+14	5.81e-17	6.90e-12	1.15e-07	2.04e-04	9.99e-01	3.02e-04	0.00e+00	4.78e-18	1.44e-17	2.40e-17	2.27e-12	4.64e-12	1.25e-52
 2.12553e+14	7.75e-17	8.60e-12	1.34e-07	2.21e-04	9.99e-01	2.79e-04	0.00e+00	6.38e-18	1.92e-17	3.20e-17	2.82e-12	5.78e-12	2.77e-52
 2.20148e+14	1.01e-16	1.06e-11	1.54e-07	2.38e-04	1.00e+00	2.60e-04	0.00e+00	8.35e-18	2.51e-17	4.19e-17	3.47e-12	7.10e-12	5.83e-52
 2.26741e+14	1.27e-16	1.25e-11	1.74e-07	2.53e-04	1.00e+00	2.44e-04	0.00e+00	1.04e-17	3.14e-17	5.24e-17	4.11e-12	8.42e-12	1.08e-51
 2.32257e+14	1.52e-16	1.44e-11	1.92e-07	2.67e-04	1.00e+00	2.32e-04	0.00e+00	1.25e-17	3.76e-17	6.28e-17	4.73e-12	9.68e-12	1.79e-51
 2.38386e+14	1.85e-16	1.68e-11	2.13e-07	2.82e-04	9.99e-01	2.19e-04	0.00e+00	1.52e-17	4.58e-17	7.65e-17	5.49e-12	1.13e-11	3.08e-51
 2.46354e+14	2.36e-16	2.03e-11	2.43e-07	3.02e-04	9.99e-01	2.04e-04	0.00e+00	1.95e-17	5.85e-17	9.78e-17	6.64e-12	1.36e-11	6.10e-51
 2.54751e+14	3.04e-16	2.46e-11	2.79e-07	3.25e-04	9.99e-01	1.90e-04	0.00e+00	2.51e-17	7.52e-17	1.26e-16	8.05e-12	1.65e-11	1.23e-50
 2.61993e+14	3.74e-16	2.89e-11	3.12e-07	3.45e-04	9.99e-01	1.79e-04	0.00e+00	3.09e-17	9.27e-17	1.55e-16	9.45e-12	1.94e-11	2.19e-50
 2.69696e+14	4.63e-16	3.41e-11	3.52e-07	3.68e-04	9.99e-01	1.68e-04	0.00e+00	3.82e-17	1.15e-16	1.92e-16	1.12e-11	2.29e-11	3.98e-50
 2.79546e+14	6.02e-16	4.18e-11	4.07e-07	3.98e-04	9.99e-01	1.56e-04	0.00e+00	4.98e-17	1.50e-16	2.50e-16	1.37e-11	2.81e-11	8.33e-50
 2.89683e+14	7.81e-16	5.12e-11	4.71e-07	4.30e-04	9.99e-01	1.44e-04	0.00e+00	6.46e-17	1.94e-16	3.24e-16	1.68e-11	3.45e-11	1.73e-49
 2.98358e+14	9.68e-16	6.06e-11	5.31e-07	4.59e-04	9.99e-01	1.35e-04	0.00e+00	8.01e-17	2.41e-16	4.02e-16	1.98e-11	4.07e-11	3.17e-49
 3.07636e+14	1.21e-15	7.19e-11	6.01e-07	4.91e-04	9.99e-01	1.26e-04	0.00e+00	9.99e-17	3.00e-16	5.01e-16	2.35e-11	4.84e-11	5.89e-49
 3.19152e+14	1.57e-15	8.85e-11	6.99e-07	5.33e-04	9.99e-01	1.16e-04	0.00e+00	1.30e-16	3.91e-16	6.53e-16	2.89e-11	5.96e-11	1.25e-48
 3.30972e+14	2.03e-15	1.09e-10	8.11e-07	5.78e-04	9.99e-01	1.08e-04	0.00e+00	1.69e-16	5.07e-16	8.47e-16	3.55e-11	7.31e-11	2.61e-48
 3.41499e+14	2.54e-15	1.29e-10	9.22e-07	6.20e-04	9.99e-01	1.00e-04	0.00e+00	2.11e-16	6.33e-16	1.06e-15	4.23e-11	8.70e-11	4.93e-48
 3.52953e+14	3.19e-15	1.55e-10	1.05e-06	6.69e-04	9.99e-01	9.32e-05	0.00e+00	2.65e-16	7.97e-16	1.33e-15	5.07e-11	1.04e-10	9.55e-48
 3.66630e+14	4.17e-15	1.92e-10	1.23e-06	7.28e-04	9.99e-01	8.57e-05	0.00e+00	3.47e-16	1.04e-15	1.74e-15	6.27e-11	1.29e-10	2.07e-47
 3.80117e+14	5.36e-15	2.34e-10	1.43e-06	7.91e-04	9.99e-01	7.90e-05	0.00e+00	4.46e-16	1.34e-15	2.24e-15	7.65e-11	1.58e-10	4.30e-47
 3.92246e+14	6.64e-15	2.78e-10	1.62e-06	8.49e-04	9.99e-01	7.37e-05	0.00e+00	5.54e-16	1.66e-15	2.78e-15	9.09e-11	1.87e-10	8.09e-47
 4.05692e+14	8.37e-15	3.35e-10	1.86e-06	9.17e-04	9.99e-01	6.83e-05	0.00e+00	6.99e-16	2.10e-15	3.51e-15	1.09e-10	2.25e-10	1.60e-46
 4.21573e+14	1.09e-14	4.13e-10	2.18e-06	1.00e-03	9.99e-01	6.27e-05	0.00e+00	9.09e-16	2.73e-15	4.56e-15	1.35e-10	2.78e-10	3.48e-46
 4.37264e+14	1.39e-14	5.04e-10	2.52e-06	1.09e-03	9.99e-01	5.78e-05	0.00e+00	1.17e-15	3.50e-15	5.85e-15	1.65e-10	3.39e-10	7.30e-46
 4.51760e+14	1.73e-14	6.02e-10	2.88e-06	1.17e-03	9.99e-01	5.37e-05	0.00e+00	1.45e-15	4.36e-15	7.29e-15	1.97e-10	4.05e-10	1.41e-45
 4.68037e+14	2.20e-14	7.29e-10	3.32e-06	1.27e-03	9.99e-01	4.96e-05	0.00e+00	1.85e-15	5.54e-15	9.25e-15	2.38e-10	4.90e-10	2.90e-45
 4.86788e+14	2.86e-14	9.01e-10	3.90e-06	1.39e-03	9.99e-01	4.54e-05	0.00e+00	2.40e-15	7.21e-15	1.20e-14	2.95e-10	6.06e-10	6.45e-45
 5.05134e+14	3.65e-14	1.10e-09	4.52e-06	1.51e-03	9.98e-01	4.18e-05	0.00e+00	3.07e-15	9.22e-15	1.54e-14	3.60e-10	7.40e-10	1.37e-44
 5.24214e+14	4.67e-14	1.34e-09	5.25e-06	1.65e-03	9.98e-01	3.85e-05	0.00e+00	3.93e-15	1.18e-14	1.97e-14	4.39e-10	9.03e-10	2.93e-44
 5.45212e+14	6.04e-14	1.66e-09	6.15e-06	1.80e-03	9.98e-01	3.53e-05	0.00e+00	5.10e-15	1.53e-14	2.56e-14	5.43e-10	1.12e-09	6.55e-44
 5.62967e+14	7.45e-14	1.97e-09	7.00e-06	1.94e-03	9.98e-01	3.29e-05	0.00e+00	6.30e-15	1.89e-14	3.16e-14	6.45e-10	1.32e-09	1.27e-43
 5.75933e+14	8.65e-14	2.22e-09	7.67e-06	2.04e-03	9.98e-01	3.12e-05	0.00e+00	7.31e-15	2.20e-14	3.67e-14	7.29e-10	1.50e-09	2.02e-43
 5.89539e+14	1.01e-13	2.52e-09	8.42e-06	2.16e-03	9.98e-01	2.97e-05	0.00e+00	8.53e-15	2.56e-14	4.28e-14	8.26e-10	1.70e-09	3.27e-43
 6.07227e+14	1.22e-13	2.95e-09	9.48e-06	2.31e-03	9.98e-01	2.78e-05	0.00e+00	1.04e-14	3.11e-14	5.19e-14	9.68e-10	1.99e-09	6.02e-43
 6.26741e+14	1.50e-13	3.50e-09	1.08e-05	2.48e-03	9.97e-01	2.59e-05	0.00e+00	1.28e-14	3.83e-14	6.40e-14	1.15e-09	2.36e-09	1.18e-42
 6.44804e+14	1.81e-13	4.08e-09	1.21e-05	2.65e-03	9.97e-01	2.44e-05	0.00e+00	1.54e-14	4.62e-14	7.71e-14	1.34e-09	2.74e-09	2.13e-42
 6.64460e+14	2.20e-13	4.80e-09	1.36e-05	2.83e-03	9.97e-01	2.28e-05	0.00e+00	1.87e-14	5.62e-14	9.39e-14	1.57e-09	3.22e-09	4.02e-42
 6.86548e+14	2.61e-13	5.72e-09	1.55e-05	3.05e-03	9.97e-01	2.12e-05	0.00e+00	2.22e-14	6.67e-14	1.11e-13	1.88e-09	3.84e-09	8.01e-42
 7.07566e+14	3.16e-13	6.73e-09	1.75e-05	3.27e-03	9.97e-01	1.99e-05	0.00e+00	2.70e-14	8.09e-14	1.35e-13	2.21e-09	4.52e-09	1.53e-41
 7.30658e+14	3.88e-13	8.00e-09	1.99e-05	3.52e-03	9.96e-01	1.86e-05	0.00e+00	3.31e-14	9.95e-14	1.66e-13	2.62e-09	5.37e-09	3.04e-41
 7.56486e+14	4.85e-13	9.66e-09	2.28e-05	3.81e-03	9.96e-01	1.72e-05	0.00e+00	4.15e-14	1.25e-13	2.08e-13	3.17e-09	6.49e-09	6.44e-41
 7.81027e+14	5.94e-13	1.15e-08	2.59e-05	4.10e-03	9.96e-01	1.61e-05	0.00e+00	5.08e-14	1.53e-13	2.55e-13	3.77e-09	7.71e-09	1.28e-40
 8.08084e+14	7.38e-13	1.38e-08	2.97e-05	4.43e-03	9.96e-01	1.50e-05	0.00e+00	6.33e-14	1.90e-13	3.17e-13	4.54e-09	9.27e-09	2.68e-40
 8.38425e+14	9.35e-13	1.69e-08	3.44e-05	4.81e-03	9.95e-01	1.39e-05	0.00e+00	8.02e-14	2.41e-13	4.02e-13	5.55e-09	1.13e-08	5.95e-40
 8.67088e+14	1.16e-12	2.03e-08	3.93e-05	5.19e-03	9.95e-01	1.30e-05	0.00e+00	9.93e-14	2.98e-13	4.97e-13	6.66e-09	1.36e-08	1.23e-39
 8.98332e+14	1.45e-12	2.46e-08	4.53e-05	5.62e-03	9.94e-01	1.21e-05	0.00e+00	1.25e-13	3.74e-13	6.25e-13	8.09e-09	1.65e-08	2.65e-39
 9.33035e+14	1.84e-12	3.03e-08	5.27e-05	6.12e-03	9.94e-01	1.12e-05	0.00e+00	1.59e-13	4.76e-13	7.95e-13	9.97e-09	2.03e-08	6.06e-39
 9.65459e+14	2.29e-12	3.65e-08	6.03e-05	6.61e-03	9.93e-01	1.04e-05	0.00e+00	1.97e-13	5.92e-13	9.88e-13	1.20e-08	2.45e-08	1.27e-38
 1.00044e+15	2.87e-12	4.45e-08	6.95e-05	7.16e-03	9.93e-01	9.74e-06	0.00e+00	2.48e-13	7.44e-13	1.24e-12	1.46e-08	2.98e-08	2.75e-38
 1.03962e+15	3.66e-12	5.50e-08	8.10e-05	7.81e-03	9.92e-01	9.05e-06	0.00e+00	3.16e-13	9.50e-13	1.59e-12	1.81e-08	3.69e-08	6.34e-38
 1.07731e+15	4.59e-12	6.71e-08	9.35e-05	8.46e-03	9.91e-01	8.47e-06	0.00e+00	3.97e-13	1.19e-12	1.99e-12	2.21e-08	4.50e-08	1.36e-37
 1.11738e+15	5.77e-12	8.23e-08	1.08e-04	9.18e-03	9.91e-01	7.93e-06	0.00e+00	5.00e-13	1.50e-12	2.51e-12	2.71e-08	5.52e-08	3.02e-37
 1.16210e+15	7.38e-12	1.02e-07	1.27e-04	1.00e-02	9.90e-01	7.39e-06	0.00e+00	6.40e-13	1.92e-12	3.21e-12	3.38e-08	6.87e-08	7.07e-37
 1.19967e+15	8.97e-12	1.22e-07	1.44e-04	1.08e-02	9.89e-01	7.00e-06	0.00e+00	7.79e-13	2.34e-12	3.90e-12	4.04e-08	8.21e-08	1.40e-36
 1.22670e+15	1.03e-11	1.39e-07	1.57e-04	1.13e-02	9.89e-01	6.74e-06	0.00e+00	8.94e-13	2.68e-12	4.48e-12	4.58e-08	9.30e-08	2.26e-36
 1.25488e+15	1.19e-11	1.58e-07	1.72e-04	1.19e-02	9.88e-01	6.49e-06	0.00e+00	1.03e-12	3.10e-12	5.18e-12	5.20e-08	1.06e-07	3.70e-36
 1.29153e+15	1.43e-11	1.85e-07	1.93e-04	1.27e-02	9.87e-01	6.17e-06	0.00e+00	1.24e-12	3.73e-12	6.23e-12	6.12e-08	1.24e-07	6.89e-36
 1.33234e+15	1.74e-11	2.21e-07	2.19e-04	1.36e-02	9.86e-01	5.87e-06	0.00e+00	1.51e-12	4.54e-12	7.58e-12	7.29e-08	1.48e-07	1.34e-35
 1.37047e+15	2.07e-11	2.59e-07	2.45e-04	1.45e-02	9.85e-01	5.62e-06	0.00e+00	1.81e-12	5.42e-12	9.05e-12	8.56e-08	1.74e-07	2.46e-35
 1.41195e+15	2.50e-11	3.07e-07	2.77e-04	1.55e-02	9.84e-01	5.37e-06	0.00e+00	2.18e-12	6.54e-12	1.09e-11	1.01e-07	2.06e-07	4.66e-35
 1.45838e+15	3.04e-11	3.70e-07	3.15e-04	1.67e-02	9.83e-01	5.13e-06	0.00e+00	2.66e-12	7.98e-12	1.33e-11	1.22e-07	2.47e-07	9.27e-35
 1.50214e+15	3.67e-11	4.37e-07	3.55e-04	1.78e-02	9.82e-01	4.92e-06	0.00e+00	3.21e-12	9.64e-12	1.61e-11	1.44e-07	2.93e-07	1.73e-34
 1.54991e+15	4.46e-11	5.23e-07	4.03e-04	1.91e-02	9.81e-01	4.71e-06	0.00e+00	3.90e-12	1.17e-11	1.96e-11	1.73e-07	3.50e-07	3.36e-34
 1.60351e+15	5.51e-11	6.35e-07	4.62e-04	2.06e-02	9.79e-01	4.50e-06	0.00e+00	4.83e-12	1.45e-11	2.42e-11	2.10e-07	4.25e-07	6.88e-34
 1.65449e+15	6.68e-11	7.59e-07	5.25e-04	2.21e-02	9.77e-01	4.33e-06	0.00e+00	5.86e-12	1.76e-11	2.93e-11	2.51e-07	5.08e-07	1.33e-33
 1.71055e+15	8.23e-11	9.20e-07	6.01e-04	2.38e-02	9.76e-01	4.16e-06	0.00e+00	7.22e-12	2.17e-11	3.62e-11	3.04e-07	6.16e-07	2.66e-33
 1.77290e+15	1.02e-10	1.13e-06	6.94e-04	2.57e-02	9.74e-01	3.99e-06	0.00e+00	9.00e-12	2.70e-11	4.51e-11	3.73e-07	7.55e-07	5.60e-33
 1.83081e+15	1.25e-10	1.36e-06	7.91e-04	2.76e-02	9.72e-01	3.86e-06	0.00e+00	1.10e-11	3.29e-11	5.49e-11	4.49e-07	9.08e-07	1.08e-32
 1.89349e+15	1.54e-10	1.65e-06	9.08e-04	2.98e-02	9.69e-01	3.72e-06	0.00e+00	1.35e-11	4.06e-11	6.77e-11	5.45e-07	1.10e-06	2.17e-32
 1.96345e+15	1.92e-10	2.03e-06	1.05e-03	3.23e-02	9.67e-01	3.59e-06	0.00e+00	1.69e-11	5.07e-11	8.47e-11	6.71e-07	1.36e-06	4.54e-32
 2.02885e+15	2.34e-10	2.45e-06	1.20e-03	3.48e-02	9.64e-01	3.48e-06	0.00e+00	2.06e-11	6.19e-11	1.03e-10	8.10e-07	1.64e-06	8.76e-32
 2.09989e+15	2.90e-10	2.99e-06	1.38e-03	3.76e-02	9.61e-01	3.38e-06	0.00e+00	2.56e-11	7.69e-11	1.28e-10	9.90e-07	2.00e-06	1.77e-31
 2.17550e+15	3.61e-10	3.67e-06	1.60e-03	4.07e-02	9.58e-01	3.28e-06	0.00e+00	3.19e-11	9.57e-11	1.60e-10	1.21e-06	2.45e-06	3.61e-31
 2.24172e+15	4.34e-10	4.36e-06	1.81e-03	4.35e-02	9.55e-01	3.21e-06	0.00e+00	3.84e-11	1.15e-10	1.92e-10	1.45e-06	2.92e-06	6.58e-31
 2.29858e+15	5.07e-10	5.04e-06	2.00e-03	4.61e-02	9.52e-01	3.16e-06	0.00e+00	4.48e-11	1.35e-10	2.24e-10	1.67e-06	3.37e-06	1.08e-30
 2.35860e+15	6.00e-10	5.87e-06	2.23e-03	4.89e-02	9.49e-01	3.10e-06	0.00e+00	5.31e-11	1.59e-10	2.66e-10	1.94e-06	3.92e-06	1.82e-30
 2.42628e+15	7.16e-10	6.91e-06	2.50e-03	5.21e-02	9.45e-01	3.03e-06	0.00e+00	6.34e-11	1.90e-10	3.17e-10	2.29e-06	4.62e-06	3.19e-30
 2.49107e+15	8.46e-10	8.06e-06	2.79e-03	5.53e-02	9.42e-01	2.98e-06	0.00e+00	7.51e-11	2.25e-10	3.76e-10	2.67e-06	5.39e-06	5.34e-30
 2.56243e+15	1.02e-09	9.52e-06	3.14e-03	5.89e-02	9.38e-01	2.92e-06	0.00e+00	9.04e-11	2.71e-10	4.52e-10	3.16e-06	6.36e-06	9.40e-30
 2.64020e+15	1.23e-09	1.13e-05	3.55e-03	6.31e-02	9.33e-01	2.86e-06	0.00e+00	1.09e-10	3.28e-10	5.48e-10	3.76e-06	7.57e-06	1.68e-29
 2.71146e+15	1.46e-09	1.32e-05	3.96e-03	6.70e-02	9.29e-01	2.82e-06	0.00e+00	1.30e-10	3.91e-10	6.51e-10	4.39e-06	8.84e-06	2.80e-29
 2.78928e+15	1.76e-09	1.56e-05	4.46e-03	7.15e-02	9.24e-01	2.77e-06	0.00e+00	1.57e-10	4.71e-10	7.85e-10	5.19e-06	1.05e-05	4.89e-29
 2.87583e+15	2.15e-09	1.87e-05	5.06e-03	7.66e-02	9.18e-01	2.72e-06	0.00e+00	1.92e-10	5.75e-10	9.58e-10	6.20e-06	1.25e-05	8.78e-29
 2.95783e+15	2.59e-09	2.20e-05	5.68e-03	8.17e-02	9.13e-01	2.68e-06	0.00e+00	2.31e-10	6.93e-10	1.16e-09	7.32e-06	1.47e-05	1.49e-28
 3.04852e+15	3.17e-09	2.64e-05	6.46e-03	8.76e-02	9.06e-01	2.64e-06	0.00e+00	2.83e-10	8.49e-10	1.42e-09	8.76e-06	1.76e-05	2.68e-28
 3.14743e+15	3.90e-09	3.18e-05	7.37e-03	9.42e-02	8.98e-01	2.59e-06	0.00e+00	3.49e-10	1.05e-09	1.75e-09	1.06e-05	2.13e-05	4.86e-28
 3.23730e+15	4.72e-09	3.75e-05	8.29e-03	1.00e-01	8.91e-01	2.56e-06	0.00e+00	4.23e-10	1.27e-09	2.11e-09	1.25e-05	2.51e-05	8.16e-28
 3.33443e+15	5.82e-09	4.48e-05	9.41e-03	1.07e-01	8.83e-01	2.52e-06	0.00e+00	5.22e-10	1.57e-09	2.61e-09	1.49e-05	2.99e-05	1.44e-27
 3.44135e+15	7.21e-09	5.40e-05	1.07e-02	1.16e-01	8.74e-01	2.48e-06	0.00e+00	6.47e-10	1.94e-09	3.24e-09	1.79e-05	3.61e-05	2.56e-27
 3.54043e+15	8.68e-09	6.38e-05	1.21e-02	1.23e-01	8.65e-01	2.44e-06	0.00e+00	7.80e-10	2.34e-09	3.90e-09	2.12e-05	4.26e-05	4.25e-27
 3.64866e+15	1.08e-08	7.66e-05	1.38e-02	1.32e-01	8.54e-01	2.40e-06	0.00e+00	9.75e-10	2.93e-09	4.88e-09	2.55e-05	5.12e-05	7.50e-27
 3.76714e+15	1.34e-08	9.25e-05	1.58e-02	1.42e-01	8.42e-01	2.34e-06	0.00e+00	1.21e-09	3.62e-09	6.04e-09	3.08e-05	6.18e-05	1.32e-26
 3.87596e+15	1.64e-08	1.10e-04	1.79e-02	1.51e-01	8.31e-01	2.30e-06	0.00e+00	1.48e-09	4.43e-09	7.38e-09	3.64e-05	7.32e-05	2.19e-26
 3.97421e+15	1.95e-08	1.27e-04	1.99e-02	1.60e-01	8.20e-01	2.27e-06	0.00e+00	1.76e-09	5.29e-09	8.81e-09	4.23e-05	8.49e-05	3.39e-26
 4.06462e+15	2.32e-08	1.46e-04	2.19e-02	1.69e-01	8.09e-01	2.25e-06	0.00e+00	2.09e-09	6.28e-09	1.05e-08	4.84e-05	9.71e-05	5.04e-26
 4.16509e+15	2.76e-08	1.69e-04	2.44e-02	1.78e-01	7.97e-01	2.20e-06	0.00e+00	2.49e-09	7.48e-09	1.25e-08	5.63e-05	1.13e-04	7.89e-26
 4.27818e+15	3.34e-08	1.99e-04	2.75e-02	1.89e-01	7.83e-01	2.16e-06	0.00e+00	3.03e-09	9.09e-09	1.51e-08	6.62e-05	1.33e-04	1.27e-25
 4.38557e+15	4.02e-08	2.31e-04	3.07e-02	2.00e-01	7.69e-01	2.12e-06	0.00e+00	3.65e-09	1.09e-08	1.82e-08	7.70e-05	1.54e-04	1.94e-25
 4.48715e+15	4.78e-08	2.66e-04	3.40e-02	2.11e-01	7.55e-01	2.08e-06	0.00e+00	4.34e-09	1.30e-08	2.17e-08	8.86e-05	1.78e-04	2.89e-25
 4.58777e+15	5.67e-08	3.06e-04	3.76e-02	2.21e-01	7.41e-01	2.05e-06	0.00e+00	5.16e-09	1.55e-08	2.58e-08	1.02e-04	2.04e-04	4.26e-25
 4.70306e+15	6.99e-08	3.59e-04	4.22e-02	2.34e-01	7.23e-01	2.01e-06	0.00e+00	6.37e-09	1.91e-08	3.18e-08	1.19e-04	2.39e-04	6.78e-25
 4.82843e+15	8.59e-08	4.23e-04	4.76e-02	2.48e-01	7.04e-01	1.98e-06	0.00e+00	7.83e-09	2.35e-08	3.92e-08	1.41e-04	2.82e-04	1.07e-24
 4.94237e+15	1.02e-07	4.89e-04	5.30e-02	2.60e-01	6.86e-01	1.93e-06	0.00e+00	9.32e-09	2.80e-08	4.66e-08	1.63e-04	3.26e-04	1.58e-24
 5.04775e+15	1.21e-07	5.59e-04	5.85e-02	2.72e-01	6.68e-01	1.89e-06	0.00e+00	1.11e-08	3.32e-08	5.53e-08	1.86e-04	3.73e-04	2.22e-24
 5.16658e+15	1.50e-07	6.55e-04	6.56e-02	2.87e-01	6.47e-01	1.85e-06	0.00e+00	1.37e-08	4.11e-08	6.85e-08	2.18e-04	4.37e-04	3.50e-24
 5.29639e+15	1.84e-07	7.70e-04	7.40e-02	3.02e-01	6.23e-01	1.80e-06	0.00e+00	1.69e-08	5.06e-08	8.43e-08	2.56e-04	5.13e-04	5.43e-24
 5.41491e+15	2.20e-07	8.89e-04	8.23e-02	3.15e-01	6.01e-01	1.75e-06	0.00e+00	2.02e-08	6.06e-08	1.01e-07	2.96e-04	5.93e-04	7.96e-24
 5.52518e+15	2.63e-07	1.02e-03	9.10e-02	3.28e-01	5.79e-01	1.71e-06	0.00e+00	2.41e-08	7.23e-08	1.21e-07	3.39e-04	6.79e-04	1.16e-23
 5.65024e+15	3.29e-07	1.20e-03	1.02e-01	3.44e-01	5.53e-01	1.68e-06	0.00e+00	3.02e-08	9.06e-08	1.51e-07	3.99e-04	7.99e-04	1.83e-23
 5.78356e+15	4.06e-07	1.41e-03	1.15e-01	3.59e-01	5.24e-01	1.63e-06	0.00e+00	3.74e-08	1.12e-07	1.87e-07	4.69e-04	9.38e-04	2.83e-23
 5.90078e+15	4.90e-07	1.62e-03	1.28e-01	3.72e-01	4.99e-01	1.58e-06	0.00e+00	4.51e-08	1.35e-07	2.25e-07	5.40e-04	1.08e-03	4.14e-23
 6.00976e+15	5.86e-07	1.85e-03	1.41e-01	3.84e-01	4.73e-01	1.54e-06	0.00e+00	5.40e-08	1.62e-07	2.70e-07	6.17e-04	1.23e-03	6.01e-23
 6.11755e+15	6.92e-07	2.11e-03	1.55e-01	3.95e-01	4.48e-01	1.50e-06	0.00e+00	6.39e-08	1.91e-07	3.19e-07	7.02e-04	1.40e-03	8.53e-23
 6.22370e+15	8.24e-07	2.40e-03	1.71e-01	4.05e-01	4.22e-01	1.45e-06	0.00e+00	7.61e-08	2.28e-07	3.80e-07	7.99e-04	1.60e-03	1.23e-22
 6.32691e+15	9.79e-07	2.72e-03	1.87e-01	4.14e-01	3.96e-01	1.41e-06	0.00e+00	9.05e-08	2.71e-07	4.52e-07	9.07e-04	1.81e-03	1.76e-22
 6.42627e+15	1.17e-06	3.08e-03	2.04e-01	4.22e-01	3.70e-01	1.38e-06	0.00e+00	1.08e-07	3.25e-07	5.41e-07	1.03e-03	2.06e-03	2.53e-22
 6.52180e+15	1.36e-06	3.45e-03	2.22e-01	4.29e-01	3.46e-01	1.33e-06	0.00e+00	1.26e-07	3.78e-07	6.30e-07	1.15e-03	2.30e-03	3.48e-22
 6.60583e+15	1.57e-06	3.82e-03	2.39e-01	4.34e-01	3.24e-01	1.30e-06	0.00e+00	1.45e-07	4.35e-07	7.25e-07	1.28e-03	2.55e-03	4.68e-22
 6.67623e+15	1.79e-06	4.17e-03	2.54e-01	4.37e-01	3.05e-01	1.28e-06	0.00e+00	1.66e-07	4.96e-07	8.27e-07	1.39e-03	2.78e-03	6.04e-22
 6.75206e+15	2.02e-06	4.55e-03	2.71e-01	4.40e-01	2.85e-01	1.24e-06	0.00e+00	1.88e-07	5.63e-07	9.38e-07	1.52e-03	3.03e-03	7.79e-22
 6.85065e+15	2.41e-06	5.14e-03	2.95e-01	4.42e-01	2.58e-01	1.18e-06	0.00e+00	2.24e-07	6.72e-07	1.12e-06	1.72e-03	3.43e-03	1.13e-21
 6.94347e+15	2.84e-06	5.76e-03	3.18e-01	4.42e-01	2.34e-01	1.13e-06	0.00e+00	2.64e-07	7.91e-07	1.32e-06	1.92e-03	3.84e-03	1.61e-21
 7.00654e+15	3.22e-06	6.33e-03	3.37e-01	4.41e-01	2.16e-01	1.12e-06	0.00e+00	2.99e-07	8.97e-07	1.49e-06	2.11e-03	4.22e-03	2.20e-21
 7.05394e+15	3.50e-06	6.72e-03	3.50e-01	4.40e-01	2.03e-01	1.09e-06	0.00e+00	3.25e-07	9.75e-07	1.62e-06	2.24e-03	4.48e-03	2.66e-21
 7.10325e+15	3.85e-06	7.17e-03	3.65e-01	4.38e-01	1.90e-01	1.06e-06	0.00e+00	3.58e-07	1.07e-06	1.79e-06	2.39e-03	4.78e-03	3.31e-21
 7.16734e+15	4.31e-06	7.68e-03	3.84e-01	4.35e-01	1.74e-01	1.01e-06	0.00e+00	4.01e-07	1.20e-06	2.00e-06	2.56e-03	5.12e-03	4.08e-21
 7.25066e+15	5.13e-06	8.68e-03	4.12e-01	4.28e-01	1.51e-01	9.52e-07	0.00e+00	4.78e-07	1.43e-06	2.39e-06	2.90e-03	5.79e-03	6.29e-21
 7.32440e+15	5.82e-06	9.37e-03	4.34e-01	4.22e-01	1.35e-01	0.00e+00	0.00e+00	5.43e-07	1.63e-06	2.71e-06	3.13e-03	6.24e-03	8.00e-21
 7.37538e+15	6.57e-06	1.02e-02	4.53e-01	4.15e-01	1.22e-01	0.00e+00	0.00e+00	6.13e-07	1.84e-06	3.06e-06	3.39e-03	6.77e-03	1.09e-20
 7.41992e+15	7.08e-06	1.06e-02	4.67e-01	4.10e-01	1.12e-01	0.00e+00	0.00e+00	6.61e-07	1.98e-06	3.30e-06	3.55e-03	7.08e-03	1.25e-20
 7.46640e+15	7.80e-06	1.13e-02	4.84e-01	4.03e-01	1.02e-01	0.00e+00	0.00e+00	7.28e-07	2.18e-06	3.64e-06	3.77e-03	7.53e-03	1.57e-20
 7.52682e+15	9.01e-06	1.24e-02	5.06e-01	3.93e-01	8.81e-02	0.00e+00	0.00e+00	8.43e-07	2.53e-06	4.21e-06	4.13e-03	8.24e-03	2.23e-20
 7.58506e+15	1.01e-05	1.31e-02	5.26e-01	3.84e-01	7.74e-02	0.00e+00	0.00e+00	9.43e-07	2.83e-06	4.71e-06	4.39e-03	8.76e-03	2.75e-20
 7.64046e+15	1.14e-05	1.41e-02	5.46e-01	3.73e-01	6.69e-02	0.00e+00	0.00e+00	1.07e-06	3.21e-06	5.35e-06	4.72e-03	9.42e-03	3.65e-20
 7.69780e+15	1.31e-05	1.52e-02	5.66e-01	3.62e-01	5.72e-02	0.00e+00	0.00e+00	1.22e-06	3.67e-06	6.11e-06	5.08e-03	1.01e-02	4.86e-20
 7.74505e+15	1.52e-05	1.63e-02	5.84e-01	3.50e-01	4.93e-02	0.00e+00	0.00e+00	1.42e-06	4.27e-06	7.11e-06	5.46e-03	1.09e-02	6.64e-20
 7.78371e+15	1.62e-05	1.70e-02	5.96e-01	3.43e-01	4.42e-02	0.00e+00	0.00e+00	1.52e-06	4.56e-06	7.60e-06	5.67e-03	1.13e-02	7.61e-20
 7.82381e+15	1.79e-05	1.79e-02	6.10e-01	3.33e-01	3.86e-02	0.00e+00	0.00e+00	1.68e-06	5.04e-06	8.40e-06	5.98e-03	1.19e-02	9.48e-20
 7.87593e+15	2.06e-05	1.93e-02	6.29e-01	3.20e-01	3.19e-02	0.00e+00	0.00e+00	1.94e-06	5.81e-06	9.68e-06	6.45e-03	1.29e-02	1.33e-19
 7.92784e+15	2.35e-05	2.06e-02	6.46e-01	3.07e-01	2.65e-02	0.00e+00	0.00e+00	2.22e-06	6.65e-06	1.11e-05	6.87e-03	1.37e-02	1.76e-19
 7.97069e+15	2.64e-05	2.17e-02	6.60e-01	2.96e-01	2.26e-02	0.00e+00	0.00e+00	2.49e-06	7.45e-06	1.24e-05	7.23e-03	1.44e-02	2.25e-19
 8.00580e+15	2.90e-05	2.25e-02	6.70e-01	2.88e-01	1.98e-02	0.00e+00	0.00e+00	2.73e-06	8.19e-06	1.36e-05	7.53e-03	1.50e-02	2.72e-19
 8.03452e+15	3.07e-05	2.32e-02	6.78e-01	2.81e-01	1.77e-02	0.00e+00	0.00e+00	2.89e-06	8.68e-06	1.45e-05	7.77e-03	1.55e-02	3.13e-19
 8.06676e+15	3.37e-05	2.43e-02	6.88e-01	2.72e-01	1.53e-02	0.00e+00	0.00e+00	3.18e-06	9.53e-06	1.59e-05	8.12e-03	1.62e-02	3.95e-19
 8.10069e+15	3.64e-05	2.53e-02	6.98e-01	2.63e-01	1.33e-02	0.00e+00	0.00e+00	3.44e-06	1.03e-05	1.72e-05	8.45e-03	1.68e-02	4.81e-19
 8.13187e+15	3.91e-05	2.62e-02	7.07e-01	2.56e-01	1.16e-02	0.00e+00	0.00e+00	3.70e-06	1.11e-05	1.85e-05	8.76e-03	1.75e-02	5.75e-19
