#depth	O	O+	O+2	O+3	O+4	O+5	O+6	O+7	O+8	O[1]	O[2]	O[3]
 1.49634e+10	0.00e+00	0.00e+00	1.06e-30	3.34e-22	1.52e-14	9.01e-08	1.00e+00	0.00e+00	0.00e+00	0.00e+00	0.00e+00	0.00e+00
 4.54887e+10	0.00e+00	6.30e-40	1.48e-30	4.29e-22	1.80e-14	9.82e-08	1.00e+00	7.92e-08	0.00e+00	0.00e+00	0.00e+00	0.00e+00
 7.72350e+10	0.00e+00	0.00e+00	2.06e-30	5.52e-22	2.14e-14	1.07e-07	1.00e+00	0.00e+00	0.00e+00	0.00e+00	0.00e+00	0.00e+00
 1.10251e+11	0.00e+00	1.43e-39	2.87e-30	7.09e-22	2.54e-14	1.17e-07	1.00e+00	0.00e+00	0.00e+00	0.00e+00	0.00e+00	0.00e+00
 1.41627e+11	0.00e+00	0.00e+00	3.89e-30	8.94e-22	2.97e-14	1.27e-07	1.00e+00	0.00e+00	0.00e+00	0.00e+00	0.00e+00	0.00e+00
 1.70191e+11	0.00e+00	2.91e-39	5.08e-30	1.10e-21	3.41e-14	1.36e-07	1.00e+00	0.00e+00	0.00e+00	0.00e+00	0.00e+00	0.00e+00
 2.02437e+11	0.00e+00	0.00e+00	6.81e-30	1.37e-21	3.98e-14	1.47e-07	1.00e+00	0.00e+00	0.00e+00	0.00e+00	0.00e+00	0.00e+00
 2.40040e+11	0.00e+00	6.28e-39	9.45e-30	1.76e-21	4.71e-14	1.60e-07	1.00e+00	0.00e+00	0.00e+00	0.00e+00	0.00e+00	0.00e+00
 2.77413e+11	0.00e+00	0.00e+00	1.30e-29	2.24e-21	5.57e-14	1.74e-07	1.00e+00	0.00e+00	0.00e+00	0.00e+00	0.00e+00	0.00e+00
 3.12866e+11	0.00e+00	1.33e-38	1.73e-29	2.79e-21	6.48e-14	1.88e-07	1.00e+00	0.00e+00	0.00e+00	0.00e+00	0.00e+00	0.00e+00
 3.51892e+11	0.00e+00	0.00e+00	2.36e-29	3.54e-21	7.62e-14	2.05e-07	1.00e+00	0.00e+00	0.00e+00	0.00e+00	0.00e+00	0.00e+00
 3.95895e+11	0.00e+00	2.94e-38	3.30e-29	4.57e-21	9.09e-14	2.24e-07	1.00e+00	0.00e+00	0.00e+00	0.00e+00	0.00e+00	0.00e+00
 4.39839e+11	0.00e+00	0.00e+00	4.55e-29	5.85e-21	1.08e-13	2.44e-07	1.00e+00	0.00e+00	0.00e+00	0.00e+00	0.00e+00	0.00e+00
 4.85541e+11	0.00e+00	6.50e-38	6.26e-29	7.47e-21	1.28e-13	2.66e-07	1.00e+00	0.00e+00	0.00e+00	0.00e+00	0.00e+00	0.00e+00
 5.34890e+11	0.00e+00	0.00e+00	8.77e-29	9.69e-21	1.53e-13	2.92e-07	1.00e+00	0.00e+00	0.00e+00	0.00e+00	0.00e+00	0.00e+00
 5.85034e+11	0.00e+00	1.47e-37	1.22e-28	1.25e-20	1.82e-13	3.20e-07	1.00e+00	0.00e+00	0.00e+00	0.00e+00	0.00e+00	0.00e+00
 6.34291e+11	0.00e+00	0.00e+00	1.66e-28	1.58e-20	2.15e-13	3.49e-07	1.00e+00	0.00e+00	0.00e+00	0.00e+00	0.00e+00	0.00e+00
 6.86697e+11	0.00e+00	3.18e-37	2.28e-28	2.02e-20	2.55e-13	3.81e-07	1.00e+00	0.00e+00	0.00e+00	0.00e+00	0.00e+00	0.00e+00
 7.44092e+11	0.00e+00	0.00e+00	3.18e-28	2.62e-20	3.06e-13	4.19e-07	1.00e+00	0.00e+00	0.00e+00	0.00e+00	0.00e+00	0.00e+00
 8.03782e+11	0.00e+00	7.22e-37	4.44e-28	3.39e-20	3.67e-13	4.60e-07	1.00e+00	0.00e+00	0.00e+00	0.00e+00	0.00e+00	0.00e+00
 8.65860e+11	0.00e+00	0.00e+00	6.20e-28	4.39e-20	4.40e-13	5.06e-07	1.00e+00	0.00e+00	0.00e+00	0.00e+00	0.00e+00	0.00e+00
 9.30421e+11	0.00e+00	1.63e-36	8.64e-28	5.69e-20	5.28e-13	5.57e-07	1.00e+00	0.00e+00	0.00e+00	0.00e+00	0.00e+00	0.00e+00
 9.97565e+11	7.91e-46	2.43e-36	1.20e-27	7.36e-20	6.34e-13	6.13e-07	1.00e+00	0.00e+00	0.00e+00	0.00e+00	0.00e+00	0.00e+00
 1.05843e+12	0.00e+00	0.00e+00	1.60e-27	9.22e-20	7.44e-13	6.67e-07	1.00e+00	0.00e+00	0.00e+00	0.00e+00	0.00e+00	0.00e+00
 1.10937e+12	0.00e+00	4.59e-36	2.03e-27	1.11e-19	8.47e-13	7.15e-07	1.00e+00	0.00e+00	0.00e+00	0.00e+00	0.00e+00	0.00e+00
 1.16528e+12	2.41e-45	6.20e-36	2.59e-27	1.34e-19	9.72e-13	7.69e-07	1.00e+00	0.00e+00	0.00e+00	0.00e+00	0.00e+00	0.00e+00
 1.23578e+12	0.00e+00	0.00e+00	3.51e-27	1.70e-19	1.15e-12	8.41e-07	1.00e+00	0.00e+00	0.00e+00	0.00e+00	0.00e+00	0.00e+00
 1.30917e+12	0.00e+00	1.28e-35	4.74e-27	2.16e-19	1.36e-12	9.20e-07	1.00e+00	0.00e+00	0.00e+00	0.00e+00	0.00e+00	0.00e+00
 1.37206e+12	8.21e-45	1.73e-35	6.07e-27	2.62e-19	1.57e-12	9.92e-07	1.00e+00	0.00e+00	0.00e+00	0.00e+00	0.00e+00	0.00e+00
 1.43742e+12	0.00e+00	0.00e+00	7.78e-27	3.19e-19	1.81e-12	1.07e-06	1.00e+00	0.00e+00	0.00e+00	0.00e+00	0.00e+00	0.00e+00
 1.51881e+12	0.00e+00	3.35e-35	1.05e-26	4.04e-19	2.14e-12	1.17e-06	1.00e+00	0.00e+00	0.00e+00	0.00e+00	0.00e+00	0.00e+00
 1.60125e+12	2.72e-44	4.75e-35	1.40e-26	5.08e-19	2.53e-12	1.28e-06	1.00e+00	0.00e+00	0.00e+00	0.00e+00	0.00e+00	0.00e+00
 1.67308e+12	0.00e+00	6.36e-35	1.79e-26	6.16e-19	2.91e-12	1.38e-06	1.00e+00	0.00e+00	0.00e+00	0.00e+00	0.00e+00	0.00e+00
 1.75093e+12	5.52e-44	8.63e-35	2.30e-26	7.54e-19	3.36e-12	1.49e-06	1.00e+00	0.00e+00	0.00e+00	0.00e+00	0.00e+00	0.00e+00
 1.84579e+12	0.00e+00	1.23e-34	3.10e-26	9.55e-19	3.99e-12	1.64e-06	1.00e+00	0.00e+00	0.00e+00	0.00e+00	0.00e+00	0.00e+00
 1.94236e+12	1.27e-43	1.74e-34	4.14e-26	1.20e-18	4.71e-12	1.79e-06	1.00e+00	0.00e+00	0.00e+00	0.00e+00	0.00e+00	0.00e+00
 2.03092e+12	0.00e+00	2.37e-34	5.35e-26	1.47e-18	5.46e-12	1.94e-06	1.00e+00	0.00e+00	0.00e+00	0.00e+00	0.00e+00	0.00e+00
 2.12945e+12	2.68e-43	3.29e-34	7.03e-26	1.83e-18	6.39e-12	2.11e-06	1.00e+00	0.00e+00	0.00e+00	0.00e+00	0.00e+00	0.00e+00
 2.24381e+12	0.00e+00	4.73e-34	9.53e-26	2.34e-18	7.62e-12	2.33e-06	1.00e+00	0.00e+00	0.00e+00	0.00e+00	0.00e+00	0.00e+00
 2.35672e+12	6.18e-43	6.67e-34	1.27e-25	2.94e-18	8.99e-12	2.55e-06	1.00e+00	0.00e+00	0.00e+00	0.00e+00	0.00e+00	0.00e+00
 2.46479e+12	0.00e+00	9.15e-34	1.66e-25	3.63e-18	1.05e-11	2.77e-06	1.00e+00	0.00e+00	0.00e+00	0.00e+00	0.00e+00	0.00e+00
 2.58396e+12	1.33e-42	1.28e-33	2.19e-25	4.54e-18	1.23e-11	3.02e-06	1.00e+00	0.00e+00	0.00e+00	0.00e+00	0.00e+00	0.00e+00
 2.71724e+12	0.00e+00	1.83e-33	2.96e-25	5.78e-18	1.46e-11	3.32e-06	1.00e+00	0.00e+00	0.00e+00	0.00e+00	0.00e+00	0.00e+00
 2.83836e+12	2.95e-42	2.51e-33	3.86e-25	7.13e-18	1.70e-11	3.60e-06	1.00e+00	0.00e+00	0.00e+00	0.00e+00	0.00e+00	0.00e+00
 2.94021e+12	0.00e+00	3.24e-33	4.78e-25	8.45e-18	1.92e-11	3.85e-06	1.00e+00	0.00e+00	0.00e+00	0.00e+00	0.00e+00	0.00e+00
 3.05217e+12	5.50e-42	4.26e-33	6.01e-25	1.01e-17	2.19e-11	4.13e-06	1.00e+00	0.00e+00	0.00e+00	0.00e+00	0.00e+00	0.00e+00
 3.17856e+12	0.00e+00	5.74e-33	7.70e-25	1.24e-17	2.52e-11	4.46e-06	1.00e+00	0.00e+00	0.00e+00	0.00e+00	0.00e+00	0.00e+00
 3.29956e+12	1.08e-41	7.57e-33	9.71e-25	1.49e-17	2.87e-11	4.79e-06	1.00e+00	0.00e+00	0.00e+00	0.00e+00	0.00e+00	0.00e+00
 3.43273e+12	0.00e+00	1.02e-32	1.24e-24	1.81e-17	3.30e-11	5.17e-06	1.00e+00	0.00e+00	0.00e+00	0.00e+00	0.00e+00	0.00e+00
 3.58064e+12	2.21e-41	1.39e-32	1.62e-24	2.23e-17	3.83e-11	5.60e-06	1.00e+00	0.00e+00	0.00e+00	0.00e+00	0.00e+00	0.00e+00
 3.71924e+12	0.00e+00	1.85e-32	2.05e-24	2.69e-17	4.38e-11	6.03e-06	1.00e+00	0.00e+00	0.00e+00	0.00e+00	0.00e+00	0.00e+00
 3.87093e+12	4.43e-41	2.51e-32	2.64e-24	3.29e-17	5.05e-11	6.51e-06	1.00e+00	0.00e+00	0.00e+00	0.00e+00	0.00e+00	0.00e+00
 4.04153e+12	0.00e+00	3.49e-32	3.48e-24	4.10e-17	5.88e-11	7.07e-06	1.00e+00	0.00e+00	0.00e+00	0.00e+00	0.00e+00	0.00e+00
 4.20448e+12	9.31e-41	4.73e-32	4.48e-24	5.01e-17	6.78e-11	7.64e-06	1.00e+00	0.00e+00	0.00e+00	0.00e+00	0.00e+00	0.00e+00
 4.38319e+12	0.00e+00	6.53e-32	5.87e-24	6.19e-17	7.86e-11	8.28e-06	1.00e+00	0.00e+00	0.00e+00	0.00e+00	0.00e+00	0.00e+00
 4.57264e+12	2.00e-40	9.07e-32	7.72e-24	7.69e-17	9.16e-11	8.99e-06	1.00e+00	0.00e+00	0.00e+00	0.00e+00	0.00e+00	0.00e+00
 4.73838e+12	0.00e+00	1.20e-31	9.73e-24	9.24e-17	1.04e-10	9.64e-06	1.00e+00	0.00e+00	0.00e+00	0.00e+00	0.00e+00	0.00e+00
 4.91528e+12	3.91e-40	1.60e-31	1.24e-23	1.12e-16	1.19e-10	1.04e-05	1.00e+00	0.00e+00	0.00e+00	0.00e+00	0.00e+00	0.00e+00
 5.13054e+12	0.00e+00	2.25e-31	1.64e-23	1.40e-16	1.39e-10	1.13e-05	1.00e+00	0.00e+00	0.00e+00	0.00e+00	0.00e+00	0.00e+00
 5.34494e+12	8.54e-40	3.11e-31	2.15e-23	1.73e-16	1.61e-10	1.22e-05	1.00e+00	0.00e+00	0.00e+00	0.00e+00	0.00e+00	0.00e+00
 5.53406e+12	0.00e+00	4.12e-31	2.72e-23	2.08e-16	1.83e-10	1.31e-05	1.00e+00	0.00e+00	0.00e+00	0.00e+00	0.00e+00	0.00e+00
 5.74104e+12	1.68e-39	5.54e-31	3.48e-23	2.52e-16	2.09e-10	1.40e-05	1.00e+00	0.00e+00	0.00e+00	0.00e+00	0.00e+00	0.00e+00
 5.99015e+12	0.00e+00	7.82e-31	4.63e-23	3.15e-16	2.44e-10	1.53e-05	1.00e+00	0.00e+00	0.00e+00	0.00e+00	0.00e+00	0.00e+00
 6.23943e+12	3.73e-39	1.09e-30	6.09e-23	3.92e-16	2.84e-10	1.65e-05	1.00e+00	0.00e+00	0.00e+00	0.00e+00	0.00e+00	0.00e+00
 6.46610e+12	0.00e+00	1.46e-30	7.77e-23	4.74e-16	3.24e-10	1.77e-05	1.00e+00	0.00e+00	0.00e+00	0.00e+00	0.00e+00	0.00e+00
 6.71797e+12	7.67e-39	2.01e-30	1.01e-22	5.81e-16	3.73e-10	1.91e-05	1.00e+00	0.00e+00	0.00e+00	0.00e+00	0.00e+00	0.00e+00
 7.01250e+12	0.00e+00	2.86e-30	1.36e-22	7.32e-16	4.37e-10	2.08e-05	1.00e+00	0.00e+00	0.00e+00	0.00e+00	0.00e+00	0.00e+00
 7.30323e+12	1.73e-38	4.02e-30	1.79e-22	9.12e-16	5.08e-10	2.26e-05	1.00e+00	0.00e+00	0.00e+00	0.00e+00	0.00e+00	0.00e+00
 7.57785e+12	0.00e+00	5.48e-30	2.32e-22	1.11e-15	5.82e-10	2.43e-05	1.00e+00	0.00e+00	0.00e+00	0.00e+00	0.00e+00	0.00e+00
 7.88316e+12	3.71e-38	7.65e-30	3.06e-22	1.38e-15	6.75e-10	2.63e-05	1.00e+00	0.00e+00	0.00e+00	0.00e+00	0.00e+00	0.00e+00
 8.22842e+12	0.00e+00	1.10e-29	4.12e-22	1.74e-15	7.92e-10	2.86e-05	1.00e+00	0.00e+00	0.00e+00	0.00e+00	0.00e+00	0.00e+00
 8.57519e+12	8.66e-38	1.57e-29	5.52e-22	2.19e-15	9.24e-10	3.10e-05	1.00e+00	0.00e+00	0.00e+00	0.00e+00	0.00e+00	0.00e+00
 8.93584e+12	0.00e+00	2.24e-29	7.39e-22	2.74e-15	1.08e-09	3.37e-05	1.00e+00	0.00e+00	0.00e+00	0.00e+00	0.00e+00	0.00e+00
 9.32320e+12	2.03e-37	3.23e-29	9.99e-22	3.46e-15	1.26e-09	3.66e-05	1.00e+00	0.00e+00	0.00e+00	0.00e+00	0.00e+00	0.00e+00
 9.72605e+12	0.00e+00	4.67e-29	1.35e-21	4.38e-15	1.48e-09	3.98e-05	1.00e+00	0.00e+00	0.00e+00	0.00e+00	0.00e+00	0.00e+00
 1.01225e+13	4.75e-37	6.63e-29	1.80e-21	5.46e-15	1.72e-09	4.31e-05	1.00e+00	0.00e+00	0.00e+00	0.00e+00	0.00e+00	0.00e+00
 1.04912e+13	0.00e+00	9.07e-29	2.33e-21	6.67e-15	1.97e-09	4.63e-05	1.00e+00	0.00e+00	0.00e+00	0.00e+00	0.00e+00	0.00e+00
 1.08240e+13	9.56e-37	1.20e-28	2.92e-21	7.93e-15	2.22e-09	4.92e-05	1.00e+00	0.00e+00	0.00e+00	0.00e+00	0.00e+00	0.00e+00
 1.11808e+13	0.00e+00	1.60e-28	3.70e-21	9.51e-15	2.51e-09	5.25e-05	1.00e+00	0.00e+00	0.00e+00	0.00e+00	0.00e+00	0.00e+00
 1.16250e+13	2.03e-36	2.26e-28	4.91e-21	1.18e-14	2.91e-09	5.67e-05	1.00e+00	0.00e+00	0.00e+00	0.00e+00	0.00e+00	0.00e+00
 1.20705e+13	0.00e+00	3.17e-28	6.47e-21	1.46e-14	3.35e-09	6.10e-05	1.00e+00	0.00e+00	0.00e+00	0.00e+00	0.00e+00	0.00e+00
 1.24534e+13	4.24e-36	4.20e-28	8.14e-21	1.74e-14	3.78e-09	6.49e-05	1.00e+00	0.00e+00	0.00e+00	0.00e+00	0.00e+00	0.00e+00
 1.28676e+13	0.00e+00	5.65e-28	1.04e-20	2.10e-14	4.28e-09	6.92e-05	1.00e+00	0.00e+00	0.00e+00	0.00e+00	0.00e+00	0.00e+00
 1.33786e+13	9.20e-36	8.06e-28	1.38e-20	2.61e-14	4.96e-09	7.47e-05	1.00e+00	0.00e+00	0.00e+00	0.00e+00	0.00e+00	0.00e+00
 1.38897e+13	0.00e+00	1.13e-27	1.83e-20	3.23e-14	5.72e-09	8.05e-05	1.00e+00	0.00e+00	0.00e+00	0.00e+00	0.00e+00	0.00e+00
 1.43310e+13	1.95e-35	1.51e-27	2.31e-20	3.86e-14	6.45e-09	8.55e-05	1.00e+00	0.00e+00	0.00e+00	0.00e+00	0.00e+00	0.00e+00
 1.48077e+13	0.00e+00	2.05e-27	2.95e-20	4.65e-14	7.31e-09	9.12e-05	1.00e+00	0.00e+00	0.00e+00	0.00e+00	0.00e+00	0.00e+00
 1.53936e+13	4.28e-35	2.93e-27	3.94e-20	5.80e-14	8.48e-09	9.84e-05	1.00e+00	0.00e+00	0.00e+00	0.00e+00	0.00e+00	0.00e+00
 1.59850e+13	6.49e-35	4.16e-27	5.23e-20	7.19e-14	9.80e-09	1.06e-04	1.00e+00	0.00e+00	0.00e+00	0.00e+00	0.00e+00	0.00e+00
 1.65089e+13	9.33e-35	5.63e-27	6.67e-20	8.65e-14	1.11e-08	1.13e-04	1.00e+00	0.00e+00	0.00e+00	0.00e+00	0.00e+00	0.00e+00
 1.70818e+13	1.37e-34	7.75e-27	8.63e-20	1.05e-13	1.26e-08	1.21e-04	1.00e+00	0.00e+00	0.00e+00	0.00e+00	0.00e+00	0.00e+00
 1.77687e+13	2.12e-34	1.12e-26	1.16e-19	1.32e-13	1.47e-08	1.30e-04	1.00e+00	0.00e+00	0.00e+00	0.00e+00	0.00e+00	0.00e+00
 1.84532e+13	3.25e-34	1.60e-26	1.55e-19	1.64e-13	1.70e-08	1.40e-04	1.00e+00	0.00e+00	0.00e+00	0.00e+00	0.00e+00	0.00e+00
 1.90768e+13	4.74e-34	2.19e-26	2.00e-19	1.98e-13	1.93e-08	1.50e-04	1.00e+00	0.00e+00	0.00e+00	0.00e+00	0.00e+00	0.00e+00
 1.97720e+13	7.11e-34	3.08e-26	2.63e-19	2.44e-13	2.22e-08	1.61e-04	1.00e+00	0.00e+00	0.00e+00	0.00e+00	0.00e+00	0.00e+00
 2.05831e+13	1.12e-33	4.51e-26	3.57e-19	3.08e-13	2.59e-08	1.74e-04	1.00e+00	0.00e+00	0.00e+00	0.00e+00	0.00e+00	0.00e+00
 2.13825e+13	1.73e-33	6.49e-26	4.78e-19	3.83e-13	3.00e-08	1.87e-04	1.00e+00	0.00e+00	0.00e+00	0.00e+00	0.00e+00	0.00e+00
 2.21393e+13	2.58e-33	9.05e-26	6.25e-19	4.69e-13	3.44e-08	2.00e-04	1.00e+00	0.00e+00	0.00e+00	0.00e+00	0.00e+00	0.00e+00
 2.29802e+13	3.96e-33	1.29e-25	8.32e-19	5.82e-13	3.97e-08	2.15e-04	1.00e+00	0.00e+00	0.00e+00	0.00e+00	0.00e+00	0.00e+00
 2.39294e+13	6.28e-33	1.90e-25	1.14e-18	7.36e-13	4.65e-08	2.33e-04	1.00e+00	0.00e+00	0.00e+00	0.00e+00	0.00e+00	0.00e+00
 2.48831e+13	9.85e-33	2.77e-25	1.54e-18	9.24e-13	5.41e-08	2.52e-04	1.00e+00	0.00e+00	0.00e+00	0.00e+00	0.00e+00	0.00e+00
 2.58750e+13	1.55e-32	4.04e-25	2.08e-18	1.16e-12	6.30e-08	2.72e-04	1.00e+00	0.00e+00	0.00e+00	0.00e+00	0.00e+00	0.00e+00
 2.69399e+13	2.46e-32	5.95e-25	2.84e-18	1.47e-12	7.37e-08	2.94e-04	1.00e+00	0.00e+00	0.00e+00	0.00e+00	0.00e+00	0.00e+00
 2.79713e+13	3.78e-32	8.54e-25	3.79e-18	1.83e-12	8.53e-08	3.17e-04	1.00e+00	0.00e+00	0.00e+00	0.00e+00	0.00e+00	0.00e+00
 2.89418e+13	5.61e-32	1.19e-24	4.94e-18	2.23e-12	9.74e-08	3.39e-04	1.00e+00	0.00e+00	0.00e+00	0.00e+00	0.00e+00	0.00e+00
 3.00271e+13	8.57e-32	1.69e-24	6.56e-18	2.76e-12	1.12e-07	3.64e-04	1.00e+00	0.00e+00	0.00e+00	0.00e+00	0.00e+00	0.00e+00
 3.11208e+13	1.29e-31	2.38e-24	8.66e-18	3.41e-12	1.29e-07	3.91e-04	1.00e+00	0.00e+00	0.00e+00	0.00e+00	0.00e+00	0.00e+00
 3.20295e+13	1.80e-31	3.15e-24	1.08e-17	4.03e-12	1.45e-07	4.14e-04	1.00e+00	0.00e+00	0.00e+00	0.00e+00	0.00e+00	0.00e+00
 3.29918e+13	2.53e-31	4.18e-24	1.36e-17	4.79e-12	1.63e-07	4.39e-04	1.00e+00	0.00e+00	0.00e+00	0.00e+00	0.00e+00	0.00e+00
 3.42213e+13	3.85e-31	5.94e-24	1.81e-17	5.94e-12	1.88e-07	4.72e-04	1.00e+00	0.00e+00	0.00e+00	0.00e+00	0.00e+00	0.00e+00
 3.55108e+13	5.94e-31	8.56e-24	2.43e-17	7.37e-12	2.17e-07	5.08e-04	9.99e-01	0.00e+00	0.00e+00	0.00e+00	0.00e+00	0.00e+00
 3.66522e+13	8.47e-31	1.15e-23	3.08e-17	8.88e-12	2.46e-07	5.41e-04	9.99e-01	0.00e+00	0.00e+00	0.00e+00	0.00e+00	0.00e+00
 3.78889e+13	1.24e-30	1.58e-23	3.98e-17	1.08e-11	2.80e-07	5.79e-04	9.99e-01	0.00e+00	0.00e+00	0.00e+00	0.00e+00	0.00e+00
 3.93746e+13	1.92e-30	2.28e-23	5.35e-17	1.35e-11	3.25e-07	6.25e-04	9.99e-01	0.00e+00	0.00e+00	0.00e+00	0.00e+00	0.00e+00
 4.08790e+13	2.94e-30	3.27e-23	7.15e-17	1.68e-11	3.77e-07	6.74e-04	9.99e-01	0.00e+00	0.00e+00	0.00e+00	0.00e+00	0.00e+00
 4.22891e+13	4.33e-30	4.52e-23	9.30e-17	2.05e-11	4.31e-07	7.21e-04	9.99e-01	0.00e+00	0.00e+00	0.00e+00	0.00e+00	0.00e+00
 4.36499e+13	6.21e-30	6.12e-23	1.19e-16	2.47e-11	4.88e-07	7.69e-04	9.99e-01	0.00e+00	0.00e+00	0.00e+00	0.00e+00	0.00e+00
 4.51870e+13	9.19e-30	8.51e-23	1.55e-16	3.03e-11	5.59e-07	8.25e-04	9.99e-01	0.00e+00	0.00e+00	0.00e+00	0.00e+00	0.00e+00
 4.68828e+13	1.40e-29	1.21e-22	2.06e-16	3.77e-11	6.47e-07	8.89e-04	9.99e-01	0.00e+00	0.00e+00	0.00e+00	0.00e+00	0.00e+00
 4.84476e+13	2.03e-29	1.65e-22	2.66e-16	4.57e-11	7.36e-07	9.50e-04	9.99e-01	0.00e+00	0.00e+00	0.00e+00	0.00e+00	0.00e+00
 5.01443e+13	2.99e-29	2.29e-22	3.47e-16	5.59e-11	8.43e-07	1.02e-03	9.99e-01	0.00e+00	0.00e+00	0.00e+00	0.00e+00	0.00e+00
 5.20388e+13	4.55e-29	3.26e-22	4.62e-16	6.96e-11	9.77e-07	1.10e-03	9.99e-01	0.00e+00	0.00e+00	0.00e+00	0.00e+00	0.00e+00
 5.38190e+13	6.66e-29	4.50e-22	5.99e-16	8.48e-11	1.12e-06	1.18e-03	9.99e-01	0.00e+00	0.00e+00	0.00e+00	0.00e+00	0.00e+00
 5.57621e+13	9.94e-29	6.30e-22	7.88e-16	1.05e-10	1.28e-06	1.26e-03	9.99e-01	0.00e+00	0.00e+00	0.00e+00	0.00e+00	0.00e+00
 5.79206e+13	1.53e-28	9.04e-22	1.06e-15	1.31e-10	1.49e-06	1.37e-03	9.99e-01	0.00e+00	0.00e+00	0.00e+00	0.00e+00	0.00e+00
 5.99376e+13	2.25e-28	1.25e-21	1.38e-15	1.60e-10	1.71e-06	1.46e-03	9.99e-01	0.00e+00	0.00e+00	0.00e+00	0.00e+00	0.00e+00
 6.21272e+13	3.37e-28	1.76e-21	1.82e-15	1.98e-10	1.97e-06	1.58e-03	9.98e-01	0.00e+00	0.00e+00	0.00e+00	0.00e+00	0.00e+00
 6.45736e+13	5.21e-28	2.54e-21	2.45e-15	2.48e-10	2.29e-06	1.71e-03	9.98e-01	0.00e+00	0.00e+00	0.00e+00	0.00e+00	0.00e+00
 6.69007e+13	7.79e-28	3.57e-21	3.22e-15	3.06e-10	2.64e-06	1.83e-03	9.98e-01	0.00e+00	0.00e+00	0.00e+00	0.00e+00	0.00e+00
 6.93896e+13	1.18e-27	5.05e-21	4.28e-15	3.79e-10	3.05e-06	1.98e-03	9.98e-01	0.00e+00	0.00e+00	0.00e+00	0.00e+00	0.00e+00
 7.21951e+13	1.84e-27	7.37e-21	5.81e-15	4.79e-10	3.56e-06	2.14e-03	9.98e-01	0.00e+00	0.00e+00	0.00e+00	0.00e+00	0.00e+00
 7.49617e+13	2.83e-27	1.06e-20	7.78e-15	5.99e-10	4.14e-06	2.31e-03	9.98e-01	0.00e+00	0.00e+00	0.00e+00	0.00e+00	0.00e+00
 7.78390e+13	4.34e-27	1.51e-20	1.04e-14	7.48e-10	4.80e-06	2.50e-03	9.97e-01	0.00e+00	0.00e+00	0.00e+00	0.00e+00	0.00e+00
 8.07894e+13	6.62e-27	2.16e-20	1.39e-14	9.32e-10	5.56e-06	2.69e-03	9.97e-01	0.00e+00	0.00e+00	0.00e+00	0.00e+00	0.00e+00
 8.35239e+13	9.68e-27	2.97e-20	1.80e-14	1.13e-09	6.34e-06	2.88e-03	9.97e-01	0.00e+00	0.00e+00	0.00e+00	0.00e+00	0.00e+00
 8.65609e+13	1.45e-26	4.19e-20	2.38e-14	1.40e-09	7.31e-06	3.10e-03	9.97e-01	0.00e+00	0.00e+00	0.00e+00	0.00e+00	0.00e+00
 8.98964e+13	2.24e-26	6.02e-20	3.19e-14	1.75e-09	8.49e-06	3.35e-03	9.97e-01	0.00e+00	0.00e+00	0.00e+00	0.00e+00	0.00e+00
 9.29821e+13	3.30e-26	8.34e-20	4.16e-14	2.14e-09	9.70e-06	3.58e-03	9.96e-01	0.00e+00	0.00e+00	0.00e+00	0.00e+00	0.00e+00
 9.56908e+13	4.59e-26	1.10e-19	5.20e-14	2.54e-09	1.09e-05	3.80e-03	9.96e-01	0.00e+00	0.00e+00	0.00e+00	0.00e+00	0.00e+00
 9.85580e+13	6.44e-26	1.46e-19	6.55e-14	3.02e-09	1.22e-05	4.03e-03	9.96e-01	0.00e+00	0.00e+00	0.00e+00	0.00e+00	0.00e+00
 1.02197e+14	9.75e-26	2.07e-19	8.69e-14	3.74e-09	1.41e-05	4.34e-03	9.96e-01	0.00e+00	0.00e+00	0.00e+00	0.00e+00	0.00e+00
 1.05885e+14	1.47e-25	2.92e-19	1.15e-13	4.62e-09	1.62e-05	4.66e-03	9.95e-01	0.00e+00	0.00e+00	0.00e+00	0.00e+00	0.00e+00
 1.09001e+14	2.05e-25	3.87e-19	1.44e-13	5.48e-09	1.82e-05	4.94e-03	9.95e-01	0.00e+00	0.00e+00	0.00e+00	0.00e+00	0.00e+00
 1.12328e+14	2.91e-25	5.18e-19	1.82e-13	6.55e-09	2.05e-05	5.25e-03	9.95e-01	0.00e+00	0.00e+00	0.00e+00	0.00e+00	0.00e+00
 1.16508e+14	4.43e-25	7.38e-19	2.42e-13	8.14e-09	2.37e-05	5.65e-03	9.94e-01	0.00e+00	0.00e+00	0.00e+00	0.00e+00	0.00e+00
 1.20826e+14	6.74e-25	1.05e-18	3.23e-13	1.01e-08	2.74e-05	6.08e-03	9.94e-01	0.00e+00	0.00e+00	0.00e+00	0.00e+00	0.00e+00
 1.24633e+14	9.67e-25	1.42e-18	4.11e-13	1.21e-08	3.09e-05	6.47e-03	9.93e-01	0.00e+00	0.00e+00	0.00e+00	0.00e+00	0.00e+00
 1.28744e+14	1.41e-24	1.95e-18	5.30e-13	1.47e-08	3.52e-05	6.91e-03	9.93e-01	0.00e+00	0.00e+00	0.00e+00	0.00e+00	0.00e+00
 1.33704e+14	2.17e-24	2.80e-18	7.13e-13	1.84e-08	4.09e-05	7.46e-03	9.93e-01	0.00e+00	0.00e+00	0.00e+00	0.00e+00	0.00e+00
 1.38620e+14	3.31e-24	3.99e-18	9.47e-13	2.28e-08	4.71e-05	8.01e-03	9.92e-01	0.00e+00	0.00e+00	0.00e+00	0.00e+00	0.00e+00
 1.42988e+14	4.73e-24	5.38e-18	1.21e-12	2.74e-08	5.33e-05	8.53e-03	9.91e-01	0.00e+00	0.00e+00	0.00e+00	0.00e+00	0.00e+00
 1.47792e+14	6.93e-24	7.42e-18	1.56e-12	3.33e-08	6.07e-05	9.12e-03	9.91e-01	0.00e+00	0.00e+00	0.00e+00	0.00e+00	0.00e+00
 1.53532e+14	1.07e-23	1.07e-17	2.11e-12	4.18e-08	7.06e-05	9.85e-03	9.90e-01	0.00e+00	0.00e+00	0.00e+00	0.00e+00	0.00e+00
 1.59233e+14	1.63e-23	1.53e-17	2.80e-12	5.19e-08	8.16e-05	1.06e-02	9.89e-01	0.00e+00	0.00e+00	0.00e+00	0.00e+00	0.00e+00
 1.64420e+14	2.36e-23	2.08e-17	3.60e-12	6.27e-08	9.26e-05	1.13e-02	9.89e-01	0.00e+00	0.00e+00	0.00e+00	0.00e+00	0.00e+00
 1.70196e+14	3.49e-23	2.89e-17	4.71e-12	7.69e-08	1.06e-04	1.21e-02	9.88e-01	0.00e+00	0.00e+00	0.00e+00	0.00e+00	0.00e+00
 1.76944e+14	5.45e-23	4.21e-17	6.37e-12	9.69e-08	1.24e-04	1.31e-02	9.87e-01	0.00e+00	0.00e+00	0.00e+00	0.00e+00	0.00e+00
 1.83584e+14	8.26e-23	5.98e-17	8.48e-12	1.20e-07	1.43e-04	1.42e-02	9.86e-01	0.00e+00	0.00e+00	0.00e+00	0.00e+00	0.00e+00
 1.89819e+14	1.21e-22	8.23e-17	1.10e-11	1.47e-07	1.63e-04	1.51e-02	9.85e-01	0.00e+00	0.00e+00	0.00e+00	0.00e+00	0.00e+00
 1.96772e+14	1.81e-22	1.16e-16	1.45e-11	1.82e-07	1.88e-04	1.63e-02	9.84e-01	0.00e+00	0.00e+00	0.00e+00	0.00e+00	0.00e+00
 2.04673e+14	2.81e-22	1.68e-16	1.97e-11	2.29e-07	2.20e-04	1.77e-02	9.82e-01	0.00e+00	0.00e+00	0.00e+00	0.00e+00	0.00e+00
 2.12553e+14	4.26e-22	2.40e-16	2.63e-11	2.87e-07	2.56e-04	1.91e-02	9.81e-01	0.00e+00	0.00e+00	0.00e+00	0.00e+00	0.00e+00
 2.20148e+14	6.29e-22	3.34e-16	3.45e-11	3.53e-07	2.93e-04	2.05e-02	9.79e-01	0.00e+00	0.00e+00	0.00e+00	0.00e+00	0.00e+00
 2.26741e+14	8.69e-22	4.39e-16	4.33e-11	4.20e-07	3.30e-04	2.18e-02	9.78e-01	0.00e+00	0.00e+00	0.00e+00	0.00e+00	0.00e+00
 2.32257e+14	1.13e-21	5.49e-16	5.20e-11	4.83e-07	3.62e-04	2.30e-02	9.77e-01	0.00e+00	0.00e+00	0.00e+00	0.00e+00	0.00e+00
 2.38386e+14	1.50e-21	6.99e-16	6.34e-11	5.63e-07	4.01e-04	2.42e-02	9.75e-01	0.00e+00	0.00e+00	0.00e+00	0.00e+00	0.00e+00
 2.46354e+14	2.13e-21	9.45e-16	8.14e-11	6.84e-07	4.57e-04	2.60e-02	9.74e-01	0.00e+00	0.00e+00	0.00e+00	0.00e+00	0.00e+00
 2.54751e+14	3.05e-21	1.29e-15	1.05e-10	8.33e-07	5.21e-04	2.78e-02	9.72e-01	0.00e+00	0.00e+00	0.00e+00	0.00e+00	0.00e+00
 2.61993e+14	4.11e-21	1.66e-15	1.30e-10	9.82e-07	5.82e-04	2.95e-02	9.70e-01	0.00e+00	0.00e+00	0.00e+00	0.00e+00	0.00e+00
 2.69696e+14	5.58e-21	2.16e-15	1.62e-10	1.16e-06	6.52e-04	3.14e-02	9.68e-01	0.00e+00	0.00e+00	0.00e+00	0.00e+00	0.00e+00
 2.79546e+14	8.12e-21	2.99e-15	2.12e-10	1.44e-06	7.50e-04	3.39e-02	9.65e-01	0.00e+00	0.00e+00	0.00e+00	0.00e+00	0.00e+00
 2.89683e+14	1.18e-20	4.13e-15	2.77e-10	1.77e-06	8.62e-04	3.65e-02	9.63e-01	0.00e+00	0.00e+00	0.00e+00	0.00e+00	0.00e+00
 2.98358e+14	1.60e-20	5.38e-15	3.46e-10	2.11e-06	9.67e-04	3.89e-02	9.60e-01	0.00e+00	0.00e+00	0.00e+00	0.00e+00	0.00e+00
 3.07636e+14	2.18e-20	7.07e-15	4.35e-10	2.52e-06	1.09e-03	4.15e-02	9.57e-01	0.00e+00	0.00e+00	0.00e+00	0.00e+00	0.00e+00
 3.19152e+14	3.18e-20	9.81e-15	5.74e-10	3.13e-06	1.26e-03	4.48e-02	9.54e-01	0.00e+00	0.00e+00	0.00e+00	0.00e+00	0.00e+00
 3.30972e+14	4.59e-20	1.36e-14	7.53e-10	3.87e-06	1.45e-03	4.84e-02	9.50e-01	0.00e+00	0.00e+00	0.00e+00	0.00e+00	0.00e+00
 3.41499e+14	6.30e-20	1.79e-14	9.52e-10	4.64e-06	1.63e-03	5.18e-02	9.47e-01	0.00e+00	0.00e+00	0.00e+00	0.00e+00	0.00e+00
 3.52953e+14	8.72e-20	2.39e-14	1.22e-09	5.63e-06	1.85e-03	5.56e-02	9.43e-01	0.00e+00	0.00e+00	0.00e+00	0.00e+00	0.00e+00
 3.66630e+14	1.28e-19	3.35e-14	1.62e-09	7.03e-06	2.15e-03	6.02e-02	9.38e-01	0.00e+00	0.00e+00	0.00e+00	0.00e+00	0.00e+00
 3.80117e+14	1.83e-19	4.60e-14	2.12e-09	8.68e-06	2.47e-03	6.50e-02	9.33e-01	0.00e+00	0.00e+00	0.00e+00	0.00e+00	0.00e+00
 3.92246e+14	2.50e-19	6.06e-14	2.67e-09	1.04e-05	2.78e-03	6.95e-02	9.28e-01	0.00e+00	0.00e+00	0.00e+00	0.00e+00	0.00e+00
 4.05692e+14	3.49e-19	8.16e-14	3.44e-09	1.27e-05	3.16e-03	7.46e-02	9.22e-01	0.00e+00	0.00e+00	0.00e+00	0.00e+00	0.00e+00
 4.21573e+14	5.10e-19	1.14e-13	4.58e-09	1.58e-05	3.66e-03	8.08e-02	9.16e-01	0.00e+00	0.00e+00	0.00e+00	0.00e+00	0.00e+00
 4.37264e+14	7.33e-19	1.58e-13	6.02e-09	1.96e-05	4.20e-03	8.72e-02	9.09e-01	0.00e+00	0.00e+00	0.00e+00	0.00e+00	0.00e+00
 4.51760e+14	1.01e-18	2.11e-13	7.68e-09	2.36e-05	4.74e-03	9.33e-02	9.02e-01	0.00e+00	0.00e+00	0.00e+00	0.00e+00	0.00e+00
 4.68037e+14	1.44e-18	2.88e-13	1.00e-08	2.90e-05	5.41e-03	1.00e-01	8.94e-01	0.00e+00	0.00e+00	0.00e+00	0.00e+00	0.00e+00
 4.86788e+14	2.12e-18	4.09e-13	1.34e-08	3.64e-05	6.27e-03	1.09e-01	8.85e-01	0.00e+00	0.00e+00	0.00e+00	0.00e+00	0.00e+00
 5.05134e+14	3.07e-18	5.69e-13	1.77e-08	4.50e-05	7.19e-03	1.17e-01	8.76e-01	0.00e+00	0.00e+00	0.00e+00	0.00e+00	0.00e+00
 5.24214e+14	4.44e-18	7.92e-13	2.34e-08	5.57e-05	8.24e-03	1.26e-01	8.66e-01	0.00e+00	0.00e+00	0.00e+00	0.00e+00	0.00e+00
 5.45212e+14	6.59e-18	1.13e-12	3.14e-08	6.97e-05	9.52e-03	1.36e-01	8.54e-01	0.00e+00	0.00e+00	0.00e+00	0.00e+00	0.00e+00
 5.62967e+14	9.10e-18	1.50e-12	4.00e-08	8.37e-05	1.07e-02	1.45e-01	8.44e-01	0.00e+00	0.00e+00	0.00e+00	0.00e+00	0.00e+00
 5.75933e+14	1.15e-17	1.85e-12	4.74e-08	9.53e-05	1.16e-02	1.51e-01	8.37e-01	0.00e+00	0.00e+00	0.00e+00	0.00e+00	0.00e+00
 5.89539e+14	1.45e-17	2.28e-12	5.65e-08	1.09e-04	1.26e-02	1.58e-01	8.29e-01	0.00e+00	0.00e+00	0.00e+00	0.00e+00	0.00e+00
 6.07227e+14	1.96e-17	2.98e-12	7.06e-08	1.29e-04	1.41e-02	1.67e-01	8.18e-01	0.00e+00	0.00e+00	0.00e+00	0.00e+00	0.00e+00
 6.26741e+14	2.76e-17	3.98e-12	8.96e-08	1.54e-04	1.57e-02	1.77e-01	8.07e-01	0.00e+00	0.00e+00	1.59e-17	8.31e-18	2.79e-18
 6.44804e+14	3.70e-17	5.16e-12	1.11e-07	1.81e-04	1.74e-02	1.87e-01	7.96e-01	0.00e+00	0.00e+00	2.12e-17	1.12e-17	3.74e-18
 6.64460e+14	5.05e-17	6.79e-12	1.39e-07	2.14e-04	1.93e-02	1.97e-01	7.83e-01	0.00e+00	0.00e+00	2.90e-17	1.52e-17	5.09e-18
 6.86548e+14	7.09e-17	9.17e-12	1.78e-07	2.57e-04	2.17e-02	2.09e-01	7.69e-01	0.00e+00	0.00e+00	4.08e-17	2.14e-17	7.14e-18
 7.07566e+14	9.70e-17	1.21e-11	2.23e-07	3.04e-04	2.41e-02	2.20e-01	7.56e-01	0.00e+00	0.00e+00	5.59e-17	2.93e-17	9.74e-18
 7.30658e+14	1.36e-16	1.62e-11	2.84e-07	3.63e-04	2.69e-02	2.32e-01	7.41e-01	0.00e+00	0.00e+00	7.82e-17	4.10e-17	1.36e-17
 7.56486e+14	1.96e-16	2.24e-11	3.68e-07	4.39e-04	3.03e-02	2.46e-01	7.24e-01	0.00e+00	0.00e+00	1.13e-16	5.91e-17	1.95e-17
 7.81027e+14	2.75e-16	3.00e-11	4.67e-07	5.23e-04	3.37e-02	2.58e-01	7.07e-01	0.00e+00	0.00e+00	1.59e-16	8.28e-17	2.73e-17
 8.08084e+14	3.94e-16	4.11e-11	6.02e-07	6.29e-04	3.78e-02	2.72e-01	6.89e-01	0.00e+00	0.00e+00	2.28e-16	1.19e-16	3.91e-17
 8.38425e+14	5.85e-16	5.77e-11	7.91e-07	7.68e-04	4.26e-02	2.88e-01	6.69e-01	0.00e+00	0.00e+00	3.38e-16	1.76e-16	5.79e-17
 8.67088e+14	8.38e-16	7.85e-11	1.01e-06	9.18e-04	4.75e-02	3.02e-01	6.50e-01	0.00e+00	0.00e+00	4.85e-16	2.52e-16	8.26e-17
 8.98332e+14	1.23e-15	1.09e-10	1.31e-06	1.11e-03	5.32e-02	3.17e-01	6.29e-01	0.00e+00	0.00e+00	7.10e-16	3.70e-16	1.21e-16
 9.33035e+14	1.85e-15	1.54e-10	1.74e-06	1.35e-03	6.00e-02	3.33e-01	6.06e-01	0.00e+00	0.00e+00	1.07e-15	5.58e-16	1.82e-16
 9.65459e+14	2.68e-15	2.11e-10	2.22e-06	1.61e-03	6.66e-02	3.47e-01	5.84e-01	0.00e+00	0.00e+00	1.55e-15	8.07e-16	2.63e-16
 1.00044e+15	3.95e-15	2.92e-10	2.88e-06	1.94e-03	7.42e-02	3.62e-01	5.62e-01	0.00e+00	0.00e+00	2.29e-15	1.19e-15	3.86e-16
 1.03962e+15	6.00e-15	4.14e-10	3.79e-06	2.36e-03	8.32e-02	3.78e-01	5.36e-01	0.00e+00	0.00e+00	3.48e-15	1.81e-15	5.86e-16
 1.07731e+15	8.87e-15	5.72e-10	4.89e-06	2.82e-03	9.23e-02	3.92e-01	5.13e-01	0.00e+00	0.00e+00	5.14e-15	2.67e-15	8.65e-16
 1.11738e+15	1.33e-14	7.97e-10	6.34e-06	3.38e-03	1.02e-01	4.06e-01	4.88e-01	0.00e+00	0.00e+00	7.69e-15	4.00e-15	1.29e-15
 1.16210e+15	2.04e-14	1.13e-09	8.35e-06	4.09e-03	1.14e-01	4.20e-01	4.61e-01	0.00e+00	0.00e+00	1.18e-14	6.15e-15	1.98e-15
 1.19967e+15	2.89e-14	1.51e-09	1.04e-05	4.77e-03	1.24e-01	4.31e-01	4.40e-01	0.00e+00	0.00e+00	1.68e-14	8.71e-15	2.81e-15
 1.22670e+15	3.68e-14	1.84e-09	1.21e-05	5.30e-03	1.32e-01	4.38e-01	4.24e-01	0.00e+00	0.00e+00	2.14e-14	1.11e-14	3.58e-15
 1.25488e+15	4.73e-14	2.25e-09	1.42e-05	5.90e-03	1.40e-01	4.45e-01	4.09e-01	0.00e+00	0.00e+00	2.74e-14	1.43e-14	4.60e-15
 1.29153e+15	6.48e-14	2.90e-09	1.73e-05	6.75e-03	1.51e-01	4.53e-01	3.89e-01	0.00e+00	0.00e+00	3.76e-14	1.96e-14	6.30e-15
 1.33234e+15	9.12e-14	3.81e-09	2.13e-05	7.78e-03	1.63e-01	4.61e-01	3.68e-01	0.00e+00	0.00e+00	5.29e-14	2.75e-14	8.85e-15
 1.37047e+15	1.24e-13	4.87e-09	2.57e-05	8.85e-03	1.74e-01	4.67e-01	3.50e-01	0.00e+00	0.00e+00	7.21e-14	3.75e-14	1.21e-14
 1.41195e+15	1.72e-13	6.31e-09	3.14e-05	1.01e-02	1.87e-01	4.73e-01	3.30e-01	0.00e+00	0.00e+00	1.00e-13	5.20e-14	1.67e-14
 1.45838e+15	2.45e-13	8.34e-09	3.89e-05	1.17e-02	2.02e-01	4.78e-01	3.09e-01	0.00e+00	0.00e+00	1.42e-13	7.41e-14	2.38e-14
 1.50214e+15	3.38e-13	1.07e-08	4.71e-05	1.32e-02	2.15e-01	4.81e-01	2.91e-01	0.00e+00	0.00e+00	1.96e-13	1.02e-13	3.28e-14
 1.54991e+15	4.75e-13	1.40e-08	5.77e-05	1.51e-02	2.30e-01	4.83e-01	2.71e-01	0.00e+00	0.00e+00	2.76e-13	1.43e-13	4.61e-14
 1.60351e+15	6.85e-13	1.87e-08	7.17e-05	1.75e-02	2.47e-01	4.85e-01	2.51e-01	0.00e+00	0.00e+00	3.98e-13	2.07e-13	6.65e-14
 1.65449e+15	9.59e-13	2.42e-08	8.75e-05	1.99e-02	2.63e-01	4.84e-01	2.33e-01	0.00e+00	0.00e+00	5.57e-13	2.90e-13	9.31e-14
 1.71055e+15	1.37e-12	3.20e-08	1.08e-04	2.27e-02	2.80e-01	4.82e-01	2.14e-01	0.00e+00	0.00e+00	7.98e-13	4.15e-13	1.33e-13
 1.77290e+15	2.01e-12	4.29e-08	1.35e-04	2.62e-02	2.99e-01	4.79e-01	1.95e-01	0.00e+00	0.00e+00	1.17e-12	6.08e-13	1.95e-13
 1.83081e+15	2.82e-12	5.57e-08	1.64e-04	2.96e-02	3.17e-01	4.74e-01	1.79e-01	0.00e+00	0.00e+00	1.64e-12	8.54e-13	2.74e-13
 1.89349e+15	4.03e-12	7.31e-08	2.01e-04	3.37e-02	3.35e-01	4.68e-01	1.63e-01	0.00e+00	0.00e+00	2.34e-12	1.22e-12	3.91e-13
 1.96345e+15	5.88e-12	9.76e-08	2.49e-04	3.85e-02	3.55e-01	4.60e-01	1.47e-01	0.00e+00	0.00e+00	3.42e-12	1.78e-12	5.71e-13
 2.02885e+15	8.25e-12	1.26e-07	3.03e-04	4.34e-02	3.72e-01	4.51e-01	1.33e-01	0.00e+00	0.00e+00	4.79e-12	2.50e-12	8.00e-13
 2.09989e+15	1.18e-11	1.66e-07	3.70e-04	4.90e-02	3.91e-01	4.40e-01	1.19e-01	0.00e+00	0.00e+00	6.88e-12	3.59e-12	1.15e-12
 2.17550e+15	1.71e-11	2.19e-07	4.54e-04	5.54e-02	4.10e-01	4.28e-01	1.06e-01	0.00e+00	0.00e+00	9.93e-12	5.17e-12	1.66e-12
 2.24172e+15	2.32e-11	2.76e-07	5.39e-04	6.14e-02	4.25e-01	4.17e-01	9.62e-02	0.00e+00	0.00e+00	1.35e-11	7.04e-12	2.26e-12
 2.29858e+15	3.00e-11	3.36e-07	6.21e-04	6.67e-02	4.38e-01	4.07e-01	8.82e-02	0.00e+00	0.00e+00	1.75e-11	9.10e-12	2.92e-12
 2.35860e+15	3.92e-11	4.10e-07	7.18e-04	7.26e-02	4.50e-01	3.96e-01	8.04e-02	0.00e+00	0.00e+00	2.28e-11	1.19e-11	3.81e-12
 2.42628e+15	5.23e-11	5.08e-07	8.40e-04	7.95e-02	4.64e-01	3.83e-01	7.26e-02	0.00e+00	0.00e+00	3.04e-11	1.58e-11	5.08e-12
 2.49107e+15	6.82e-11	6.21e-07	9.71e-04	8.63e-02	4.75e-01	3.71e-01	6.58e-02	0.00e+00	0.00e+00	3.96e-11	2.07e-11	6.63e-12
 2.56243e+15	9.10e-11	7.70e-07	1.13e-03	9.42e-02	4.88e-01	3.58e-01	5.90e-02	0.00e+00	0.00e+00	5.29e-11	2.76e-11	8.85e-12
 2.64020e+15	1.23e-10	9.63e-07	1.33e-03	1.03e-01	5.00e-01	3.43e-01	5.24e-02	0.00e+00	0.00e+00	7.13e-11	3.72e-11	1.19e-11
 2.71146e+15	1.59e-10	1.17e-06	1.54e-03	1.12e-01	5.10e-01	3.30e-01	4.71e-02	0.00e+00	0.00e+00	9.27e-11	4.84e-11	1.55e-11
 2.78928e+15	2.12e-10	1.45e-06	1.79e-03	1.21e-01	5.19e-01	3.16e-01	4.18e-02	0.00e+00	0.00e+00	1.23e-10	6.44e-11	2.07e-11
 2.87583e+15	2.86e-10	1.82e-06	2.10e-03	1.32e-01	5.29e-01	3.00e-01	3.67e-02	0.00e+00	0.00e+00	1.67e-10	8.69e-11	2.79e-11
 2.95783e+15	3.76e-10	2.23e-06	2.43e-03	1.43e-01	5.37e-01	2.86e-01	3.25e-02	0.00e+00	0.00e+00	2.19e-10	1.14e-10	3.66e-11
 3.04852e+15	5.07e-10	2.78e-06	2.85e-03	1.55e-01	5.44e-01	2.70e-01	2.83e-02	0.00e+00	0.00e+00	2.95e-10	1.54e-10	4.95e-11
 3.14743e+15	6.89e-10	3.50e-06	3.36e-03	1.68e-01	5.50e-01	2.54e-01	2.45e-02	0.00e+00	0.00e+00	4.01e-10	2.09e-10	6.72e-11
 3.23730e+15	8.99e-10	4.28e-06	3.87e-03	1.81e-01	5.54e-01	2.40e-01	2.14e-02	0.00e+00	0.00e+00	5.23e-10	2.73e-10	8.77e-11
 3.33443e+15	1.20e-09	5.31e-06	4.51e-03	1.95e-01	5.57e-01	2.25e-01	1.85e-02	0.00e+00	0.00e+00	6.99e-10	3.65e-10	1.17e-10
 3.44135e+15	1.62e-09	6.64e-06	5.29e-03	2.11e-01	5.59e-01	2.09e-01	1.58e-02	0.00e+00	0.00e+00	9.40e-10	4.91e-10	1.58e-10
 3.54043e+15	2.10e-09	8.08e-06	6.09e-03	2.25e-01	5.59e-01	1.95e-01	1.37e-02	0.00e+00	0.00e+00	1.22e-09	6.38e-10	2.05e-10
 3.64866e+15	2.81e-09	1.00e-05	7.09e-03	2.42e-01	5.58e-01	1.81e-01	1.17e-02	0.00e+00	0.00e+00	1.63e-09	8.54e-10	2.75e-10
 3.76714e+15	3.76e-09	1.25e-05	8.30e-03	2.60e-01	5.55e-01	1.67e-01	9.84e-03	0.00e+00	0.00e+00	2.19e-09	1.14e-09	3.69e-10
 3.87596e+15	4.87e-09	1.52e-05	9.54e-03	2.76e-01	5.51e-01	1.54e-01	8.41e-03	0.00e+00	0.00e+00	2.83e-09	1.48e-09	4.78e-10
 3.97421e+15	6.11e-09	1.81e-05	1.08e-02	2.92e-01	5.47e-01	1.44e-01	7.30e-03	0.00e+00	0.00e+00	3.55e-09	1.86e-09	6.00e-10
 4.06462e+15	7.50e-09	2.11e-05	1.20e-02	3.06e-01	5.41e-01	1.34e-01	6.41e-03	0.00e+00	0.00e+00	4.37e-09	2.29e-09	7.38e-10
 4.16509e+15	9.45e-09	2.51e-05	1.36e-02	3.21e-01	5.35e-01	1.25e-01	5.54e-03	0.00e+00	0.00e+00	5.50e-09	2.88e-09	9.30e-10
 4.27818e+15	1.21e-08	3.02e-05	1.55e-02	3.39e-01	5.27e-01	1.15e-01	4.71e-03	0.00e+00	0.00e+00	7.01e-09	3.67e-09	1.19e-09
 4.38557e+15	1.51e-08	3.58e-05	1.75e-02	3.55e-01	5.18e-01	1.06e-01	4.04e-03	0.00e+00	0.00e+00	8.76e-09	4.59e-09	1.48e-09
 4.48715e+15	1.86e-08	4.19e-05	1.96e-02	3.71e-01	5.09e-01	9.76e-02	3.49e-03	0.00e+00	0.00e+00	1.08e-08	5.66e-09	1.83e-09
 4.58777e+15	2.27e-08	4.89e-05	2.19e-02	3.86e-01	4.99e-01	9.02e-02	3.02e-03	0.00e+00	0.00e+00	1.32e-08	6.92e-09	2.24e-09
 4.70306e+15	2.90e-08	5.86e-05	2.48e-02	4.03e-01	4.87e-01	8.22e-02	2.55e-03	0.00e+00	0.00e+00	1.69e-08	8.83e-09	2.86e-09
 4.82843e+15	3.67e-08	7.03e-05	2.83e-02	4.22e-01	4.74e-01	7.43e-02	2.13e-03	0.00e+00	0.00e+00	2.14e-08	1.12e-08	3.64e-09
 4.94237e+15	4.52e-08	8.26e-05	3.17e-02	4.38e-01	4.61e-01	6.77e-02	1.81e-03	0.00e+00	0.00e+00	2.63e-08	1.38e-08	4.48e-09
 5.04775e+15	5.51e-08	9.60e-05	3.53e-02	4.53e-01	4.48e-01	6.20e-02	1.55e-03	0.00e+00	0.00e+00	3.21e-08	1.68e-08	5.46e-09
 5.16658e+15	6.99e-08	1.15e-04	3.99e-02	4.69e-01	4.33e-01	5.59e-02	1.30e-03	0.00e+00	0.00e+00	4.07e-08	2.13e-08	6.94e-09
 5.29639e+15	8.86e-08	1.37e-04	4.54e-02	4.86e-01	4.17e-01	5.00e-02	1.07e-03	0.00e+00	0.00e+00	5.15e-08	2.70e-08	8.79e-09
 5.41491e+15	1.09e-07	1.61e-04	5.09e-02	5.01e-01	4.02e-01	4.51e-02	9.01e-04	0.00e+00	0.00e+00	6.33e-08	3.32e-08	1.08e-08
 5.52518e+15	1.33e-07	1.88e-04	5.68e-02	5.15e-01	3.87e-01	4.08e-02	7.62e-04	0.00e+00	0.00e+00	7.75e-08	4.07e-08	1.32e-08
 5.65024e+15	1.71e-07	2.26e-04	6.45e-02	5.29e-01	3.69e-01	3.62e-02	6.25e-04	0.00e+00	0.00e+00	9.95e-08	5.22e-08	1.70e-08
 5.78356e+15	2.17e-07	2.72e-04	7.34e-02	5.43e-01	3.51e-01	3.19e-02	5.09e-04	0.00e+00	0.00e+00	1.26e-07	6.64e-08	2.16e-08
 5.90078e+15	2.69e-07	3.20e-04	8.24e-02	5.55e-01	3.34e-01	2.84e-02	4.23e-04	0.00e+00	0.00e+00	1.57e-07	8.22e-08	2.68e-08
 6.00976e+15	3.31e-07	3.75e-04	9.19e-02	5.64e-01	3.18e-01	2.54e-02	3.54e-04	0.00e+00	0.00e+00	1.93e-07	1.01e-07	3.30e-08
 6.11755e+15	4.03e-07	4.36e-04	1.02e-01	5.72e-01	3.02e-01	2.27e-02	2.96e-04	0.00e+00	0.00e+00	2.35e-07	1.23e-07	4.02e-08
 6.22370e+15	4.96e-07	5.10e-04	1.14e-01	5.79e-01	2.86e-01	2.02e-02	2.47e-04	0.00e+00	0.00e+00	2.88e-07	1.52e-07	4.95e-08
 6.32691e+15	6.08e-07	5.96e-04	1.27e-01	5.84e-01	2.70e-01	1.79e-02	2.06e-04	0.00e+00	0.00e+00	3.54e-07	1.86e-07	6.09e-08
 6.42627e+15	7.52e-07	6.98e-04	1.41e-01	5.87e-01	2.55e-01	1.59e-02	1.71e-04	0.00e+00	0.00e+00	4.38e-07	2.30e-07	7.53e-08
 6.52180e+15	9.07e-07	8.06e-04	1.55e-01	5.89e-01	2.40e-01	1.41e-02	1.44e-04	0.00e+00	0.00e+00	5.28e-07	2.78e-07	9.09e-08
 6.60583e+15	1.08e-06	9.20e-04	1.70e-01	5.89e-01	2.27e-01	1.27e-02	1.22e-04	0.00e+00	0.00e+00	6.29e-07	3.31e-07	1.08e-07
 6.67623e+15	1.26e-06	1.03e-03	1.84e-01	5.88e-01	2.16e-01	1.15e-02	1.06e-04	0.00e+00	0.00e+00	7.33e-07	3.86e-07	1.26e-07
 6.75206e+15	1.46e-06	1.16e-03	2.00e-01	5.86e-01	2.03e-01	1.03e-02	9.05e-05	0.00e+00	0.00e+00	8.51e-07	4.48e-07	1.47e-07
 6.85065e+15	1.83e-06	1.37e-03	2.23e-01	5.80e-01	1.87e-01	8.89e-03	7.27e-05	0.00e+00	0.00e+00	1.07e-06	5.61e-07	1.84e-07
 6.94347e+15	2.28e-06	1.61e-03	2.48e-01	5.71e-01	1.72e-01	7.66e-03	5.88e-05	0.00e+00	0.00e+00	1.32e-06	6.97e-07	2.29e-07
 7.00654e+15	2.78e-06	1.86e-03	2.68e-01	5.63e-01	1.61e-01	6.83e-03	4.97e-05	0.00e+00	0.00e+00	1.62e-06	8.52e-07	2.79e-07
 7.05394e+15	3.13e-06	2.03e-03	2.83e-01	5.56e-01	1.53e-01	6.27e-03	4.40e-05	0.00e+00	0.00e+00	1.82e-06	9.60e-07	3.15e-07
 7.10325e+15	3.59e-06	2.24e-03	3.01e-01	5.47e-01	1.44e-01	5.69e-03	3.84e-05	0.00e+00	0.00e+00	2.09e-06	1.10e-06	3.61e-07
 7.16734e+15	4.10e-06	2.48e-03	3.24e-01	5.35e-01	1.33e-01	5.01e-03	3.24e-05	0.00e+00	0.00e+00	2.39e-06	1.26e-06	4.13e-07
 7.25066e+15	5.40e-06	3.02e-03	3.59e-01	5.15e-01	1.19e-01	4.14e-03	2.48e-05	0.00e+00	0.00e+00	3.14e-06	1.66e-06	5.44e-07
 7.32440e+15	6.35e-06	3.40e-03	3.91e-01	4.95e-01	1.07e-01	3.51e-03	1.99e-05	0.00e+00	0.00e+00	3.69e-06	1.95e-06	6.40e-07
 7.37538e+15	7.77e-06	3.91e-03	4.18e-01	4.78e-01	9.76e-02	3.05e-03	1.63e-05	0.00e+00	0.00e+00	4.52e-06	2.38e-06	7.84e-07
 7.41992e+15	8.56e-06	4.20e-03	4.40e-01	4.63e-01	9.04e-02	2.72e-03	1.41e-05	0.00e+00	0.00e+00	4.98e-06	2.63e-06	8.64e-07
 7.46640e+15	9.93e-06	4.67e-03	4.65e-01	4.45e-01	8.24e-02	2.37e-03	1.17e-05	0.00e+00	0.00e+00	5.78e-06	3.05e-06	1.00e-06
 7.52682e+15	1.25e-05	5.47e-03	5.02e-01	4.19e-01	7.22e-02	1.94e-03	8.93e-06	0.00e+00	0.00e+00	7.28e-06	3.84e-06	1.26e-06
 7.58506e+15	1.45e-05	6.08e-03	5.35e-01	3.94e-01	6.34e-02	1.61e-03	7.01e-06	0.00e+00	0.00e+00	8.45e-06	4.46e-06	1.47e-06
 7.64046e+15	1.76e-05	6.93e-03	5.70e-01	3.67e-01	5.48e-02	1.30e-03	5.33e-06	0.00e+00	0.00e+00	1.02e-05	5.40e-06	1.78e-06
 7.69780e+15	2.14e-05	7.91e-03	6.07e-01	3.38e-01	4.67e-02	1.03e-03	3.96e-06	0.00e+00	0.00e+00	1.24e-05	6.57e-06	2.17e-06
 7.74505e+15	2.64e-05	9.05e-03	6.39e-01	3.11e-01	4.03e-02	8.30e-04	2.97e-06	0.00e+00	0.00e+00	1.54e-05	8.11e-06	2.68e-06
 7.78371e+15	2.92e-05	9.70e-03	6.63e-01	2.91e-01	3.57e-02	7.02e-04	2.41e-06	0.00e+00	0.00e+00	1.70e-05	8.98e-06	2.96e-06
 7.82381e+15	3.39e-05	1.07e-02	6.89e-01	2.69e-01	3.08e-02	5.72e-04	1.85e-06	0.00e+00	0.00e+00	1.97e-05	1.04e-05	3.44e-06
 7.87593e+15	4.25e-05	1.23e-02	7.23e-01	2.39e-01	2.51e-02	4.26e-04	1.27e-06	0.00e+00	0.00e+00	2.47e-05	1.31e-05	4.32e-06
 7.92784e+15	5.12e-05	1.38e-02	7.53e-01	2.12e-01	2.04e-02	3.19e-04	8.78e-07	0.00e+00	0.00e+00	2.98e-05	1.57e-05	5.21e-06
 7.97069e+15	6.00e-05	1.52e-02	7.77e-01	1.90e-01	1.69e-02	2.46e-04	0.00e+00	0.00e+00	0.00e+00	3.49e-05	1.84e-05	6.10e-06
 8.00580e+15	6.78e-05	1.64e-02	7.95e-01	1.74e-01	1.45e-02	1.99e-04	0.00e+00	0.00e+00	0.00e+00	3.94e-05	2.08e-05	6.90e-06
 8.03452e+15	7.43e-05	1.73e-02	8.09e-01	1.61e-01	1.27e-02	1.65e-04	0.00e+00	0.00e+00	0.00e+00	4.32e-05	2.28e-05	7.57e-06
 8.06676e+15	8.55e-05	1.88e-02	8.25e-01	1.46e-01	1.07e-02	1.31e-04	0.00e+00	0.00e+00	0.00e+00	4.97e-05	2.63e-05	8.72e-06
 8.10069e+15	9.68e-05	2.03e-02	8.39e-01	1.31e-01	9.03e-03	1.03e-04	0.00e+00	0.00e+00	0.00e+00	5.63e-05	2.98e-05	9.88e-06
 8.13187e+15	1.08e-04	2.17e-02	8.51e-01	1.19e-01	7.67e-03	8.24e-05	0.00e+00	0.00e+00	0.00e+00	6.30e-05	3.33e-05	1.11e-05
 8.16748e+15	1.24e-04	2.34e-02	8.64e-01	1.06e-01	6.30e-03	6.27e-05	0.00e+00	0.00e+00	0.00e+00	7.20e-05	3.81e-05	1.27e-05
 8.20642e+15	1.43e-04	2.53e-02	8.76e-01	9.34e-02	5.08e-03	4.65e-05	0.00e+00	0.00e+00	0.00e+00	8.29e-05	4.38e-05	1.46e-05
 8.24215e+15	1.62e-04	2.72e-02	8.86e-01	8.29e-02	4.16e-03	3.53e-05	0.00e+00	0.00e+00	0.00e+00	9.41e-05	4.98e-05	1.66e-05
 8.27574e+15	1.83e-04	2.91e-02	8.93e-01	7.38e-02	3.42e-03	2.69e-05	0.00e+00	0.00e+00	0.00e+00	1.06e-04	5.62e-05	1.87e-05
 8.31411e+15	2.10e-04	3.14e-02	9.01e-01	6.43e-02	2.72e-03	1.95e-05	0.00e+00	0.00e+00	0.00e+00	1.22e-04	6.45e-05	2.15e-05
 8.35558e+15	2.43e-04	3.40e-02	9.08e-01	5.56e-02	2.13e-03	1.39e-05	0.00e+00	0.00e+00	0.00e+00	1.41e-04	7.46e-05	2.49e-05
 8.39257e+15	2.76e-04	3.65e-02	9.13e-01	4.88e-02	1.71e-03	1.02e-05	0.00e+00	0.00e+00	0.00e+00	1.60e-04	8.48e-05	2.83e-05
 8.42682e+15	3.10e-04	3.89e-02	9.16e-01	4.31e-02	1.39e-03	7.66e-06	0.00e+00	0.00e+00	0.00e+00	1.80e-04	9.55e-05	3.19e-05
 8.46602e+15	3.56e-04	4.19e-02	9.19e-01	3.73e-02	1.09e-03	5.43e-06	0.00e+00	0.00e+00	0.00e+00	2.07e-04	1.10e-04	3.66e-05
 8.50887e+15	4.12e-04	4.54e-02	9.21e-01	3.20e-02	8.43e-04	3.78e-06	0.00e+00	0.00e+00	0.00e+00	2.40e-04	1.27e-04	4.24e-05
 8.54748e+15	4.69e-04	4.87e-02	9.22e-01	2.79e-02	6.70e-04	2.73e-06	0.00e+00	0.00e+00	0.00e+00	2.73e-04	1.44e-04	4.83e-05
 8.58298e+15	5.28e-04	5.19e-02	9.22e-01	2.46e-02	5.40e-04	2.01e-06	0.00e+00	0.00e+00	0.00e+00	3.07e-04	1.63e-04	5.44e-05
 8.62344e+15	6.09e-04	5.60e-02	9.22e-01	2.11e-02	4.21e-04	1.41e-06	0.00e+00	0.00e+00	0.00e+00	3.54e-04	1.87e-04	6.27e-05
 8.66684e+15	7.06e-04	6.06e-02	9.20e-01	1.81e-02	3.24e-04	9.69e-07	0.00e+00	0.00e+00	0.00e+00	4.11e-04	2.17e-04	7.28e-05
 8.70522e+15	8.05e-04	6.51e-02	9.18e-01	1.58e-02	2.59e-04	0.00e+00	0.00e+00	0.00e+00	0.00e+00	4.68e-04	2.48e-04	8.29e-05
 8.74079e+15	9.11e-04	6.95e-02	9.15e-01	1.39e-02	2.09e-04	0.00e+00	0.00e+00	0.00e+00	0.00e+00	5.30e-04	2.80e-04	9.39e-05
 8.78159e+15	1.05e-03	7.49e-02	9.12e-01	1.20e-02	1.63e-04	0.00e+00	0.00e+00	0.00e+00	0.00e+00	6.08e-04	3.22e-04	1.08e-04
 8.82665e+15	1.23e-03	8.16e-02	9.07e-01	1.02e-02	1.25e-04	0.00e+00	0.00e+00	0.00e+00	0.00e+00	7.14e-04	3.77e-04	1.27e-04
 8.86648e+15	1.42e-03	8.81e-02	9.01e-01	8.87e-03	9.93e-05	0.00e+00	0.00e+00	0.00e+00	0.00e+00	8.24e-04	4.36e-04	1.46e-04
 8.90107e+15	1.60e-03	9.42e-02	8.96e-01	7.85e-03	8.13e-05	0.00e+00	0.00e+00	0.00e+00	0.00e+00	9.31e-04	4.92e-04	1.65e-04
 8.93962e+15	1.84e-03	1.02e-01	8.90e-01	6.81e-03	6.44e-05	0.00e+00	0.00e+00	0.00e+00	0.00e+00	1.07e-03	5.66e-04	1.90e-04
 8.98261e+15	2.15e-03	1.11e-01	8.81e-01	5.84e-03	5.01e-05	0.00e+00	0.00e+00	0.00e+00	0.00e+00	1.25e-03	6.62e-04	2.22e-04
 9.02240e+15	2.50e-03	1.20e-01	8.72e-01	5.05e-03	3.97e-05	0.00e+00	0.00e+00	0.00e+00	0.00e+00	1.46e-03	7.70e-04	2.58e-04
 9.05782e+15	2.87e-03	1.29e-01	8.64e-01	4.43e-03	3.23e-05	0.00e+00	0.00e+00	0.00e+00	0.00e+00	1.67e-03	8.83e-04	2.96e-04
