#depth	He	He+	He+2
 1.49634e+10	6.64e-21	1.06e-10	1.00e+00
 4.54887e+10	7.80e-21	1.16e-10	1.00e+00
 7.72350e+10	9.06e-21	1.26e-10	1.00e+00
 1.10251e+11	1.05e-20	1.38e-10	1.00e+00
 1.41627e+11	1.21e-20	1.49e-10	1.00e+00
 1.70191e+11	1.37e-20	1.60e-10	1.00e+00
 2.02437e+11	1.56e-20	1.73e-10	1.00e+00
 2.40040e+11	1.81e-20	1.89e-10	1.00e+00
 2.77413e+11	2.09e-20	2.06e-10	1.00e+00
 3.12866e+11	2.38e-20	2.23e-10	1.00e+00
 3.51892e+11	2.73e-20	2.42e-10	1.00e+00
 3.95895e+11	3.18e-20	2.66e-10	1.00e+00
 4.39839e+11	3.68e-20	2.90e-10	1.00e+00
 4.85541e+11	4.24e-20	3.17e-10	1.00e+00
 5.34890e+11	4.93e-20	3.48e-10	1.00e+00
 5.85034e+11	5.70e-20	3.81e-10	1.00e+00
 6.34291e+11	6.53e-20	4.16e-10	1.00e+00
 6.86697e+11	7.49e-20	4.55e-10	1.00e+00
 7.44092e+11	8.67e-20	5.00e-10	1.00e+00
 8.03782e+11	1.00e-19	5.50e-10	1.00e+00
 8.65860e+11	1.15e-19	6.06e-10	1.00e+00
 9.30421e+11	1.33e-19	6.67e-10	1.00e+00
 9.97565e+11	1.53e-19	7.35e-10	1.00e+00
 1.05843e+12	1.73e-19	8.00e-10	1.00e+00
 1.10937e+12	1.91e-19	8.57e-10	1.00e+00
 1.16528e+12	2.11e-19	9.23e-10	1.00e+00
 1.23578e+12	2.39e-19	1.01e-09	1.00e+00
 1.30917e+12	2.71e-19	1.11e-09	1.00e+00
 1.37206e+12	3.01e-19	1.19e-09	1.00e+00
 1.43742e+12	3.33e-19	1.29e-09	1.00e+00
 1.51881e+12	3.77e-19	1.41e-09	1.00e+00
 1.60125e+12	4.27e-19	1.54e-09	1.00e+00
 1.67308e+12	4.73e-19	1.66e-09	1.00e+00
 1.75093e+12	5.26e-19	1.80e-09	1.00e+00
 1.84579e+12	5.97e-19	1.98e-09	1.00e+00
 1.94236e+12	6.75e-19	2.16e-09	1.00e+00
 2.03092e+12	7.53e-19	2.34e-09	1.00e+00
 2.12945e+12	8.48e-19	2.55e-09	1.00e+00
 2.24381e+12	9.69e-19	2.81e-09	1.00e+00
 2.35672e+12	1.10e-18	3.08e-09	1.00e+00
 2.46479e+12	1.24e-18	3.34e-09	1.00e+00
 2.58396e+12	1.41e-18	3.65e-09	1.00e+00
 2.71724e+12	1.62e-18	4.01e-09	1.00e+00
 2.83836e+12	1.84e-18	4.35e-09	1.00e+00
 2.94021e+12	2.04e-18	4.65e-09	1.00e+00
 3.05217e+12	2.27e-18	4.99e-09	1.00e+00
 3.17856e+12	2.57e-18	5.40e-09	1.00e+00
 3.29956e+12	2.88e-18	5.79e-09	1.00e+00
 3.43273e+12	3.26e-18	6.25e-09	1.00e+00
 3.58064e+12	3.73e-18	6.78e-09	1.00e+00
 3.71924e+12	4.21e-18	7.29e-09	1.00e+00
 3.87093e+12	4.79e-18	7.87e-09	1.00e+00
 4.04153e+12	5.53e-18	8.56e-09	1.00e+00
 4.20448e+12	6.32e-18	9.24e-09	1.00e+00
 4.38319e+12	7.28e-18	1.00e-08	1.00e+00
 4.57264e+12	8.42e-18	1.09e-08	1.00e+00
 4.73838e+12	9.53e-18	1.17e-08	1.00e+00
 4.91528e+12	1.08e-17	1.25e-08	1.00e+00
 5.13054e+12	1.26e-17	1.36e-08	1.00e+00
 5.34494e+12	1.46e-17	1.48e-08	1.00e+00
 5.53406e+12	1.66e-17	1.58e-08	1.00e+00
 5.74104e+12	1.89e-17	1.70e-08	1.00e+00
 5.99015e+12	2.21e-17	1.85e-08	1.00e+00
 6.23943e+12	2.57e-17	2.00e-08	1.00e+00
 6.46610e+12	2.93e-17	2.15e-08	1.00e+00
 6.71797e+12	3.38e-17	2.31e-08	1.00e+00
 7.01250e+12	3.97e-17	2.52e-08	1.00e+00
 7.30323e+12	4.63e-17	2.73e-08	1.00e+00
 7.57785e+12	5.33e-17	2.94e-08	1.00e+00
 7.88316e+12	6.19e-17	3.17e-08	1.00e+00
 8.22842e+12	7.29e-17	3.46e-08	1.00e+00
 8.57519e+12	8.53e-17	3.75e-08	1.00e+00
 8.93584e+12	9.99e-17	4.07e-08	1.00e+00
 9.32320e+12	1.18e-16	4.42e-08	1.00e+00
 9.72605e+12	1.38e-16	4.81e-08	1.00e+00
 1.01225e+13	1.61e-16	5.21e-08	1.00e+00
 1.04912e+13	1.85e-16	5.59e-08	1.00e+00
 1.08240e+13	2.09e-16	5.94e-08	1.00e+00
 1.11808e+13	2.37e-16	6.34e-08	1.00e+00
 1.16250e+13	2.76e-16	6.84e-08	1.00e+00
 1.20705e+13	3.19e-16	7.37e-08	1.00e+00
 1.24534e+13	3.60e-16	7.84e-08	1.00e+00
 1.28676e+13	4.09e-16	8.36e-08	1.00e+00
 1.33786e+13	4.76e-16	9.02e-08	1.00e+00
 1.38897e+13	5.51e-16	9.72e-08	1.00e+00
 1.43310e+13	6.21e-16	1.03e-07	1.00e+00
 1.48077e+13	7.05e-16	1.10e-07	1.00e+00
 1.53936e+13	8.20e-16	1.19e-07	1.00e+00
 1.59850e+13	9.50e-16	1.28e-07	1.00e+00
 1.65089e+13	1.08e-15	1.36e-07	1.00e+00
 1.70818e+13	1.23e-15	1.46e-07	1.00e+00
 1.77687e+13	1.43e-15	1.57e-07	1.00e+00
 1.84532e+13	1.66e-15	1.69e-07	1.00e+00
 1.90768e+13	1.88e-15	1.81e-07	1.00e+00
 1.97720e+13	2.16e-15	1.94e-07	1.00e+00
 2.05831e+13	2.53e-15	2.10e-07	1.00e+00
 2.13825e+13	2.93e-15	2.26e-07	1.00e+00
 2.21393e+13	3.36e-15	2.42e-07	1.00e+00
 2.29802e+13	3.88e-15	2.60e-07	1.00e+00
 2.39294e+13	4.54e-15	2.82e-07	1.00e+00
 2.48831e+13	5.28e-15	3.04e-07	1.00e+00
 2.58750e+13	6.15e-15	3.28e-07	1.00e+00
 2.69399e+13	7.20e-15	3.55e-07	1.00e+00
 2.79713e+13	8.33e-15	3.82e-07	1.00e+00
 2.89418e+13	9.51e-15	4.09e-07	1.00e+00
 3.00271e+13	1.10e-14	4.40e-07	1.00e+00
 3.11208e+13	1.26e-14	4.72e-07	1.00e+00
 3.20295e+13	1.41e-14	5.00e-07	1.00e+00
 3.29918e+13	1.59e-14	5.30e-07	1.00e+00
 3.42213e+13	1.83e-14	5.70e-07	1.00e+00
 3.55108e+13	2.12e-14	6.14e-07	1.00e+00
 3.66522e+13	2.40e-14	6.53e-07	1.00e+00
 3.78889e+13	2.73e-14	6.98e-07	1.00e+00
 3.93746e+13	3.18e-14	7.54e-07	1.00e+00
 4.08790e+13	3.69e-14	8.14e-07	1.00e+00
 4.22891e+13	4.21e-14	8.71e-07	1.00e+00
 4.36499e+13	4.78e-14	9.29e-07	1.00e+00
 4.51870e+13	5.48e-14	9.96e-07	1.00e+00
 4.68828e+13	6.34e-14	1.07e-06	1.00e+00
 4.84476e+13	7.22e-14	1.15e-06	1.00e+00
 5.01443e+13	8.28e-14	1.23e-06	1.00e+00
 5.20388e+13	9.59e-14	1.33e-06	1.00e+00
 5.38190e+13	1.10e-13	1.42e-06	1.00e+00
 5.57621e+13	1.26e-13	1.53e-06	1.00e+00
 5.79206e+13	1.47e-13	1.65e-06	1.00e+00
 5.99376e+13	1.68e-13	1.77e-06	1.00e+00
 6.21272e+13	1.93e-13	1.91e-06	1.00e+00
 6.45736e+13	2.25e-13	2.07e-06	1.00e+00
 6.69007e+13	2.59e-13	2.22e-06	1.00e+00
 6.93896e+13	2.99e-13	2.39e-06	1.00e+00
 7.21951e+13	3.50e-13	2.60e-06	1.00e+00
 7.49617e+13	4.05e-13	2.80e-06	1.00e+00
 7.78390e+13	4.69e-13	3.03e-06	1.00e+00
 8.07894e+13	5.43e-13	3.27e-06	1.00e+00
 8.35239e+13	6.17e-13	3.50e-06	1.00e+00
 8.65609e+13	7.09e-13	3.76e-06	1.00e+00
 8.98964e+13	8.21e-13	4.07e-06	1.00e+00
 9.29821e+13	9.34e-13	4.35e-06	1.00e+00
 9.56908e+13	1.04e-12	4.62e-06	1.00e+00
 9.85580e+13	1.17e-12	4.90e-06	1.00e+00
 1.02197e+14	1.34e-12	5.28e-06	1.00e+00
 1.05885e+14	1.53e-12	5.67e-06	1.00e+00
 1.09001e+14	1.71e-12	6.01e-06	1.00e+00
 1.12328e+14	1.92e-12	6.39e-06	1.00e+00
 1.16508e+14	2.20e-12	6.89e-06	1.00e+00
 1.20826e+14	2.52e-12	7.41e-06	1.00e+00
 1.24633e+14	2.83e-12	7.89e-06	1.00e+00
 1.28744e+14	3.19e-12	8.43e-06	1.00e+00
 1.33704e+14	3.68e-12	9.11e-06	1.00e+00
 1.38620e+14	4.20e-12	9.79e-06	1.00e+00
 1.42988e+14	4.71e-12	1.04e-05	1.00e+00
 1.47792e+14	5.32e-12	1.12e-05	1.00e+00
 1.53532e+14	6.13e-12	1.21e-05	1.00e+00
 1.59233e+14	7.02e-12	1.30e-05	1.00e+00
 1.64420e+14	7.90e-12	1.39e-05	1.00e+00
 1.70196e+14	8.98e-12	1.49e-05	1.00e+00
 1.76944e+14	1.04e-11	1.61e-05	1.00e+00
 1.83584e+14	1.19e-11	1.74e-05	1.00e+00
 1.89819e+14	1.34e-11	1.86e-05	1.00e+00
 1.96772e+14	1.54e-11	2.01e-05	1.00e+00
 2.04673e+14	1.78e-11	2.18e-05	1.00e+00
 2.12553e+14	2.06e-11	2.36e-05	1.00e+00
 2.20148e+14	2.35e-11	2.54e-05	1.00e+00
 2.26741e+14	2.63e-11	2.70e-05	1.00e+00
 2.32257e+14	2.88e-11	2.84e-05	1.00e+00
 2.38386e+14	3.18e-11	3.01e-05	1.00e+00
 2.46354e+14	3.61e-11	3.22e-05	1.00e+00
 2.54751e+14	4.11e-11	3.46e-05	1.00e+00
 2.61993e+14	4.58e-11	3.68e-05	1.00e+00
 2.69696e+14	5.14e-11	3.92e-05	1.00e+00
 2.79546e+14	5.92e-11	4.23e-05	1.00e+00
 2.89683e+14	6.82e-11	4.57e-05	1.00e+00
 2.98358e+14	7.67e-11	4.88e-05	1.00e+00
 3.07636e+14	8.68e-11	5.22e-05	1.00e+00
 3.19152e+14	1.01e-10	5.66e-05	1.00e+00
 3.30972e+14	1.17e-10	6.14e-05	1.00e+00
 3.41499e+14	1.33e-10	6.58e-05	1.00e+00
 3.52953e+14	1.53e-10	7.09e-05	1.00e+00
 3.66630e+14	1.79e-10	7.71e-05	1.00e+00
 3.80117e+14	2.08e-10	8.36e-05	1.00e+00
 3.92246e+14	2.37e-10	8.98e-05	1.00e+00
 4.05692e+14	2.73e-10	9.68e-05	1.00e+00
 4.21573e+14	3.22e-10	1.06e-04	1.00e+00
 4.37264e+14	3.76e-10	1.15e-04	1.00e+00
 4.51760e+14	4.32e-10	1.23e-04	1.00e+00
 4.68037e+14	5.02e-10	1.34e-04	1.00e+00
 4.86788e+14	5.95e-10	1.46e-04	1.00e+00
 5.05134e+14	6.98e-10	1.59e-04	1.00e+00
 5.24214e+14	8.19e-10	1.73e-04	1.00e+00
 5.45212e+14	9.71e-10	1.89e-04	1.00e+00
 5.62967e+14	1.11e-09	2.03e-04	1.00e+00
 5.75933e+14	1.23e-09	2.14e-04	1.00e+00
 5.89539e+14	1.36e-09	2.25e-04	1.00e+00
 6.07227e+14	1.55e-09	2.41e-04	1.00e+00
 6.26741e+14	1.78e-09	2.58e-04	1.00e+00
 6.44804e+14	2.01e-09	2.75e-04	1.00e+00
 6.64460e+14	2.29e-09	2.95e-04	1.00e+00
 6.86548e+14	2.64e-09	3.17e-04	1.00e+00
 7.07566e+14	3.01e-09	3.39e-04	1.00e+00
 7.30658e+14	3.46e-09	3.65e-04	1.00e+00
 7.56486e+14	4.02e-09	3.94e-04	1.00e+00
 7.81027e+14	4.62e-09	4.23e-04	1.00e+00
 8.08084e+14	5.35e-09	4.56e-04	1.00e+00
 8.38425e+14	6.27e-09	4.95e-04	1.00e+00
 8.67088e+14	7.26e-09	5.33e-04	9.99e-01
 8.98332e+14	8.46e-09	5.76e-04	9.99e-01
 9.33035e+14	9.96e-09	6.26e-04	9.99e-01
 9.65459e+14	1.15e-08	6.75e-04	9.99e-01
 1.00044e+15	1.35e-08	7.30e-04	9.99e-01
 1.03962e+15	1.59e-08	7.94e-04	9.99e-01
 1.07731e+15	1.85e-08	8.57e-04	9.99e-01
 1.11738e+15	2.16e-08	9.28e-04	9.99e-01
 1.16210e+15	2.56e-08	1.01e-03	9.99e-01
 1.19967e+15	2.93e-08	1.08e-03	9.99e-01
 1.22670e+15	3.22e-08	1.14e-03	9.99e-01
 1.25488e+15	3.55e-08	1.19e-03	9.99e-01
 1.29153e+15	4.01e-08	1.27e-03	9.99e-01
 1.33234e+15	4.58e-08	1.36e-03	9.99e-01
 1.37047e+15	5.16e-08	1.44e-03	9.99e-01
 1.41195e+15	5.85e-08	1.54e-03	9.98e-01
 1.45838e+15	6.71e-08	1.65e-03	9.98e-01
 1.50214e+15	7.59e-08	1.75e-03	9.98e-01
 1.54991e+15	8.67e-08	1.87e-03	9.98e-01
 1.60351e+15	9.99e-08	2.01e-03	9.98e-01
 1.65449e+15	1.14e-07	2.15e-03	9.98e-01
 1.71055e+15	1.31e-07	2.30e-03	9.98e-01
 1.77290e+15	1.52e-07	2.49e-03	9.98e-01
 1.83081e+15	1.73e-07	2.66e-03	9.97e-01
 1.89349e+15	1.99e-07	2.85e-03	9.97e-01
 1.96345e+15	2.31e-07	3.08e-03	9.97e-01
 2.02885e+15	2.65e-07	3.29e-03	9.97e-01
 2.09989e+15	3.05e-07	3.54e-03	9.96e-01
 2.17550e+15	3.53e-07	3.81e-03	9.96e-01
 2.24172e+15	4.00e-07	4.05e-03	9.96e-01
 2.29858e+15	4.43e-07	4.27e-03	9.96e-01
 2.35860e+15	4.93e-07	4.51e-03	9.95e-01
 2.42628e+15	5.55e-07	4.78e-03	9.95e-01
 2.49107e+15	6.18e-07	5.05e-03	9.95e-01
 2.56243e+15	6.95e-07	5.36e-03	9.95e-01
 2.64020e+15	7.87e-07	5.70e-03	9.94e-01
 2.71146e+15	8.77e-07	6.02e-03	9.94e-01
 2.78928e+15	9.87e-07	6.40e-03	9.94e-01
 2.87583e+15	1.12e-06	6.82e-03	9.93e-01
 2.95783e+15	1.26e-06	7.23e-03	9.93e-01
 3.04852e+15	1.43e-06	7.71e-03	9.92e-01
 3.14743e+15	1.63e-06	8.24e-03	9.92e-01
 3.23730e+15	1.82e-06	8.74e-03	9.91e-01
 3.33443e+15	2.07e-06	9.32e-03	9.91e-01
 3.44135e+15	2.35e-06	9.97e-03	9.90e-01
 3.54043e+15	2.64e-06	1.06e-02	9.89e-01
 3.64866e+15	3.00e-06	1.13e-02	9.89e-01
 3.76714e+15	3.43e-06	1.21e-02	9.88e-01
 3.87596e+15	3.85e-06	1.29e-02	9.87e-01
 3.97421e+15	4.27e-06	1.37e-02	9.86e-01
 4.06462e+15	4.70e-06	1.44e-02	9.86e-01
 4.16509e+15	5.22e-06	1.52e-02	9.85e-01
 4.27818e+15	5.86e-06	1.62e-02	9.84e-01
 4.38557e+15	6.51e-06	1.72e-02	9.83e-01
 4.48715e+15	7.19e-06	1.82e-02	9.82e-01
 4.58777e+15	7.92e-06	1.92e-02	9.81e-01
 4.70306e+15	8.90e-06	2.05e-02	9.79e-01
 4.82843e+15	1.00e-05	2.20e-02	9.78e-01
 4.94237e+15	1.11e-05	2.34e-02	9.77e-01
 5.04775e+15	1.22e-05	2.48e-02	9.75e-01
 5.16658e+15	1.38e-05	2.66e-02	9.73e-01
 5.29639e+15	1.56e-05	2.87e-02	9.71e-01
 5.41491e+15	1.73e-05	3.08e-02	9.69e-01
 5.52518e+15	1.93e-05	3.29e-02	9.67e-01
 5.65024e+15	2.19e-05	3.56e-02	9.64e-01
 5.78356e+15	2.49e-05	3.88e-02	9.61e-01
 5.90078e+15	2.80e-05	4.19e-02	9.58e-01
 6.00976e+15	3.14e-05	4.53e-02	9.55e-01
 6.11755e+15	3.52e-05	4.89e-02	9.51e-01
 6.22370e+15	3.95e-05	5.30e-02	9.47e-01
 6.32691e+15	4.45e-05	5.75e-02	9.43e-01
 6.42627e+15	5.01e-05	6.23e-02	9.38e-01
 6.52180e+15	5.61e-05	6.76e-02	9.32e-01
 6.60583e+15	6.23e-05	7.29e-02	9.27e-01
 6.67623e+15	6.83e-05	7.78e-02	9.22e-01
 6.75206e+15	7.55e-05	8.39e-02	9.16e-01
 6.85065e+15	8.69e-05	9.28e-02	9.07e-01
 6.94347e+15	9.96e-05	1.02e-01	8.97e-01
 7.00654e+15	1.11e-04	1.10e-01	8.90e-01
 7.05394e+15	1.19e-04	1.16e-01	8.84e-01
 7.10325e+15	1.30e-04	1.23e-01	8.77e-01
 7.16734e+15	1.44e-04	1.34e-01	8.66e-01
 7.25066e+15	1.69e-04	1.49e-01	8.51e-01
 7.32440e+15	1.92e-04	1.65e-01	8.35e-01
 7.37538e+15	2.14e-04	1.77e-01	8.22e-01
 7.41992e+15	2.32e-04	1.89e-01	8.10e-01
 7.46640e+15	2.57e-04	2.03e-01	7.96e-01
 7.52682e+15	2.95e-04	2.24e-01	7.76e-01
 7.58506e+15	3.32e-04	2.45e-01	7.55e-01
 7.64046e+15	3.78e-04	2.69e-01	7.31e-01
 7.69780e+15	4.31e-04	2.96e-01	7.04e-01
 7.74505e+15	4.85e-04	3.20e-01	6.80e-01
 7.78371e+15	5.27e-04	3.41e-01	6.58e-01
 7.82381e+15	5.83e-04	3.66e-01	6.34e-01
 7.87593e+15	6.66e-04	4.00e-01	6.00e-01
 7.92784e+15	7.52e-04	4.35e-01	5.65e-01
 7.97069e+15	8.32e-04	4.65e-01	5.34e-01
 8.00580e+15	8.98e-04	4.90e-01	5.09e-01
 8.03452e+15	9.58e-04	5.12e-01	4.87e-01
 8.06676e+15	1.03e-03	5.37e-01	4.62e-01
 8.10069e+15	1.11e-03	5.62e-01	4.36e-01
 8.13187e+15	1.19e-03	5.86e-01	4.13e-01
 8.16748e+15	1.28e-03	6.13e-01	3.85e-01
 8.20642e+15	1.39e-03	6.42e-01	3.57e-01
 8.24215e+15	1.48e-03	6.67e-01	3.32e-01
 8.27574e+15	1.58e-03	6.90e-01	3.08e-01
 8.31411e+15	1.69e-03	7.16e-01	2.83e-01
 8.35558e+15	1.82e-03	7.41e-01	2.57e-01
 8.39257e+15	1.93e-03	7.62e-01	2.36e-01
 8.42682e+15	2.03e-03	7.80e-01	2.18e-01
 8.46602e+15	2.16e-03	8.00e-01	1.97e-01
 8.50887e+15	2.30e-03	8.20e-01	1.78e-01
 8.54748e+15	2.43e-03	8.35e-01	1.62e-01
 8.58298e+15	2.55e-03	8.49e-01	1.49e-01
 8.62344e+15	2.69e-03	8.63e-01	1.35e-01
 8.66684e+15	2.85e-03	8.76e-01	1.21e-01
 8.70522e+15	2.99e-03	8.86e-01	1.11e-01
 8.74079e+15	3.13e-03	8.95e-01	1.02e-01
 8.78159e+15	3.30e-03	9.05e-01	9.18e-02
 8.82665e+15	3.49e-03	9.14e-01	8.27e-02
 8.86648e+15	3.68e-03	9.21e-01	7.55e-02
 8.90107e+15	3.84e-03	9.26e-01	6.98e-02
 8.93962e+15	4.04e-03	9.32e-01	6.38e-02
 8.98261e+15	4.28e-03	9.38e-01	5.79e-02
 9.02240e+15	4.51e-03	9.42e-01	5.31e-02
 9.05782e+15	4.74e-03	9.46e-01	4.92e-02
 9.09651e+15	5.01e-03	9.50e-01	4.51e-02
 9.13930e+15	5.33e-03	9.53e-01	4.12e-02
 9.17804e+15	5.66e-03	9.56e-01	3.80e-02
 9.21299e+15	5.97e-03	9.59e-01	3.54e-02
 9.25238e+15	6.36e-03	9.61e-01	3.26e-02
 9.29590e+15	6.85e-03	9.63e-01	2.98e-02
 9.33544e+15	7.35e-03	9.65e-01	2.76e-02
 9.37143e+15	7.87e-03	9.66e-01	2.57e-02
 9.41216e+15	8.52e-03	9.68e-01	2.37e-02
 9.45705e+15	9.36e-03	9.69e-01	2.17e-02
 9.49693e+15	1.02e-02	9.70e-01	2.02e-02
 9.53096e+15	1.11e-02	9.70e-01	1.89e-02
 9.56779e+15	1.21e-02	9.70e-01	1.76e-02
 9.60828e+15	1.35e-02	9.70e-01	1.64e-02
 9.64367e+15	1.50e-02	9.70e-01	1.54e-02
 9.67077e+15	1.63e-02	9.69e-01	1.47e-02
 9.69275e+15	1.75e-02	9.68e-01	1.41e-02
 9.71713e+15	1.90e-02	9.68e-01	1.35e-02
 9.74419e+15	2.09e-02	9.66e-01	1.29e-02
 9.76835e+15	2.30e-02	9.65e-01	1.23e-02
 9.78848e+15	2.50e-02	9.63e-01	1.19e-02
 9.80688e+15	2.69e-02	9.61e-01	1.16e-02
 9.82792e+15	2.96e-02	9.59e-01	1.11e-02
 9.85065e+15	3.29e-02	9.56e-01	1.07e-02
 9.87003e+15	3.64e-02	9.53e-01	1.04e-02
 9.88606e+15	3.96e-02	9.50e-01	1.02e-02
 9.90333e+15	4.35e-02	9.47e-01	9.91e-03
 9.92263e+15	4.86e-02	9.42e-01	9.65e-03
 9.93973e+15	5.41e-02	9.36e-01	9.44e-03
 9.95408e+15	5.93e-02	9.31e-01	9.28e-03
 9.96970e+15	6.59e-02	9.25e-01	9.10e-03
 9.98708e+15	7.41e-02	9.17e-01	8.96e-03
 1.00030e+16	8.33e-02	9.08e-01	8.85e-03
 1.00167e+16	9.24e-02	8.99e-01	8.79e-03
 1.00294e+16	1.02e-01	8.89e-01	8.71e-03
 1.00412e+16	1.12e-01	8.79e-01	8.70e-03
 1.00520e+16	1.23e-01	8.68e-01	8.66e-03
 1.00627e+16	1.34e-01	8.57e-01	8.66e-03
 1.00731e+16	1.47e-01	8.44e-01	8.65e-03
 1.00825e+16	1.59e-01	8.32e-01	8.69e-03
 1.00910e+16	1.71e-01	8.20e-01	8.71e-03
 1.00974e+16	1.81e-01	8.10e-01	8.74e-03
 1.01016e+16	1.88e-01	8.03e-01	8.75e-03
 1.01057e+16	1.95e-01	7.96e-01	8.76e-03
 1.01105e+16	2.04e-01	7.87e-01	8.76e-03
 1.01157e+16	2.14e-01	7.77e-01	8.78e-03
 1.01206e+16	2.23e-01	7.68e-01	8.80e-03
 1.01253e+16	2.33e-01	7.58e-01	8.83e-03
 1.01300e+16	2.43e-01	7.48e-01	8.83e-03
 1.01347e+16	2.53e-01	7.38e-01	8.86e-03
 1.01393e+16	2.65e-01	7.27e-01	8.86e-03
 1.01440e+16	2.75e-01	7.16e-01	8.89e-03
 1.01486e+16	2.87e-01	7.04e-01	8.90e-03
 1.01532e+16	2.99e-01	6.92e-01	8.90e-03
 1.01577e+16	3.12e-01	6.80e-01	8.91e-03
 1.01622e+16	3.24e-01	6.67e-01	8.92e-03
 1.01667e+16	3.37e-01	6.54e-01	8.91e-03
 1.01712e+16	3.50e-01	6.41e-01	8.92e-03
 1.01757e+16	3.64e-01	6.27e-01	8.90e-03
 1.01801e+16	3.78e-01	6.13e-01	8.90e-03
 1.01846e+16	3.93e-01	5.98e-01	8.88e-03
 1.01891e+16	4.08e-01	5.83e-01	8.84e-03
 1.01935e+16	4.23e-01	5.68e-01	8.81e-03
 1.01979e+16	4.38e-01	5.53e-01	8.77e-03
 1.02024e+16	4.54e-01	5.37e-01	8.73e-03
 1.02069e+16	4.70e-01	5.21e-01	8.67e-03
 1.02114e+16	4.86e-01	5.05e-01	8.60e-03
 1.02159e+16	5.03e-01	4.89e-01	8.53e-03
 1.02203e+16	5.19e-01	4.72e-01	8.45e-03
 1.02247e+16	5.35e-01	4.56e-01	8.36e-03
 1.02292e+16	5.52e-01	4.40e-01	8.25e-03
 1.02336e+16	5.68e-01	4.24e-01	8.14e-03
 1.02380e+16	5.84e-01	4.08e-01	8.02e-03
 1.02424e+16	6.00e-01	3.92e-01	7.89e-03
 1.02468e+16	6.16e-01	3.76e-01	7.74e-03
 1.02513e+16	6.32e-01	3.61e-01	7.59e-03
 1.02558e+16	6.47e-01	3.45e-01	7.43e-03
 1.02604e+16	6.63e-01	3.30e-01	7.27e-03
 1.02650e+16	6.77e-01	3.16e-01	7.09e-03
 1.02697e+16	6.92e-01	3.01e-01	6.89e-03
 1.02745e+16	7.06e-01	2.87e-01	6.71e-03
 1.02795e+16	7.21e-01	2.73e-01	6.49e-03
 1.02846e+16	7.35e-01	2.59e-01	6.27e-03
 1.02899e+16	7.48e-01	2.46e-01	6.05e-03
 1.02955e+16	7.61e-01	2.33e-01	5.82e-03
 1.03014e+16	7.74e-01	2.20e-01	5.59e-03
 1.03075e+16	7.86e-01	2.08e-01	5.35e-03
 1.03141e+16	7.98e-01	1.97e-01	5.12e-03
 1.03212e+16	8.09e-01	1.86e-01	4.87e-03
 1.03291e+16	8.20e-01	1.76e-01	4.64e-03
 1.03377e+16	8.30e-01	1.66e-01	4.41e-03
 1.03459e+16	8.38e-01	1.58e-01	4.20e-03
 1.03532e+16	8.43e-01	1.53e-01	4.05e-03
 1.03608e+16	8.49e-01	1.47e-01	3.89e-03
 1.03696e+16	8.54e-01	1.42e-01	3.74e-03
 1.03794e+16	8.59e-01	1.37e-01	3.59e-03
 1.03902e+16	8.64e-01	1.33e-01	3.45e-03
 1.04018e+16	8.68e-01	1.29e-01	3.31e-03
 1.04144e+16	8.71e-01	1.26e-01	3.18e-03
 1.04282e+16	8.74e-01	1.22e-01	3.06e-03
 1.04431e+16	8.77e-01	1.20e-01	2.94e-03
 1.04590e+16	8.80e-01	1.17e-01	2.82e-03
 1.04755e+16	8.83e-01	1.14e-01	2.70e-03
 1.04925e+16	8.85e-01	1.12e-01	2.59e-03
 1.05096e+16	8.88e-01	1.10e-01	2.49e-03
 1.05268e+16	8.90e-01	1.08e-01	2.40e-03
 1.05444e+16	8.92e-01	1.06e-01	2.30e-03
 1.05615e+16	8.94e-01	1.04e-01	2.21e-03
 1.05782e+16	8.96e-01	1.02e-01	2.13e-03
 1.05951e+16	8.98e-01	1.00e-01	2.05e-03
 1.06116e+16	9.00e-01	9.82e-02	1.97e-03
 1.06276e+16	9.02e-01	9.65e-02	1.90e-03
 1.06431e+16	9.03e-01	9.49e-02	1.84e-03
 1.06583e+16	9.05e-01	9.34e-02	1.78e-03
 1.06736e+16	9.06e-01	9.18e-02	1.72e-03
 1.06890e+16	9.08e-01	9.04e-02	1.66e-03
 1.07042e+16	9.09e-01	8.89e-02	1.60e-03
 1.07191e+16	9.11e-01	8.75e-02	1.55e-03
 1.07339e+16	9.12e-01	8.62e-02	1.50e-03
 1.07485e+16	9.14e-01	8.49e-02	1.45e-03
 1.07632e+16	9.15e-01	8.36e-02	1.41e-03
 1.07777e+16	9.16e-01	8.23e-02	1.36e-03
 1.07922e+16	9.18e-01	8.11e-02	1.32e-03
 1.08067e+16	9.19e-01	7.99e-02	1.28e-03
 1.08212e+16	9.20e-01	7.87e-02	1.24e-03
 1.08357e+16	9.21e-01	7.75e-02	1.20e-03
 1.08504e+16	9.22e-01	7.63e-02	1.16e-03
 1.08652e+16	9.24e-01	7.52e-02	1.13e-03
 1.08804e+16	9.25e-01	7.40e-02	1.09e-03
 1.08963e+16	9.26e-01	7.28e-02	1.05e-03
 1.09126e+16	9.27e-01	7.16e-02	1.02e-03
 1.09295e+16	9.29e-01	7.04e-02	9.80e-04
 1.09472e+16	9.30e-01	6.91e-02	9.44e-04
 1.09659e+16	9.31e-01	6.78e-02	9.06e-04
 1.09861e+16	9.33e-01	6.64e-02	8.68e-04
 1.10083e+16	9.34e-01	6.49e-02	8.27e-04
 1.10337e+16	9.36e-01	6.32e-02	7.83e-04
 1.10622e+16	9.38e-01	6.14e-02	7.36e-04
 1.10908e+16	9.40e-01	5.97e-02	6.93e-04
 1.11172e+16	9.41e-01	5.81e-02	6.55e-04
 1.11412e+16	9.43e-01	5.68e-02	6.23e-04
 1.11631e+16	9.44e-01	5.55e-02	5.95e-04
 1.11830e+16	9.45e-01	5.44e-02	5.71e-04
 1.12011e+16	9.46e-01	5.34e-02	5.49e-04
 1.12175e+16	9.47e-01	5.26e-02	5.31e-04
 1.12356e+16	9.48e-01	5.16e-02	5.09e-04
 1.12551e+16	9.49e-01	5.06e-02	4.89e-04
 1.12728e+16	9.50e-01	4.97e-02	4.71e-04
 1.12889e+16	9.51e-01	4.89e-02	4.55e-04
 1.13036e+16	9.51e-01	4.81e-02	4.41e-04
 1.13197e+16	9.52e-01	4.73e-02	4.25e-04
 1.13371e+16	9.53e-01	4.64e-02	4.09e-04
 1.13529e+16	9.54e-01	4.57e-02	3.95e-04
 1.13672e+16	9.55e-01	4.49e-02	3.82e-04
 1.13803e+16	9.55e-01	4.43e-02	3.71e-04
 1.13947e+16	9.56e-01	4.37e-02	3.60e-04
 1.14102e+16	9.57e-01	4.29e-02	3.47e-04
 1.14242e+16	9.57e-01	4.23e-02	3.36e-04
 1.14371e+16	9.58e-01	4.17e-02	3.26e-04
 1.14487e+16	9.59e-01	4.11e-02	3.18e-04
 1.14615e+16	9.59e-01	4.05e-02	3.08e-04
 1.14753e+16	9.60e-01	3.99e-02	2.99e-04
 1.14879e+16	9.60e-01	3.94e-02	2.90e-04
 1.14993e+16	9.61e-01	3.88e-02	2.82e-04
 1.15097e+16	9.61e-01	3.84e-02	2.75e-04
 1.15211e+16	9.62e-01	3.79e-02	2.67e-04
 1.15334e+16	9.62e-01	3.73e-02	2.60e-04
 1.15446e+16	9.63e-01	3.69e-02	2.53e-04
 1.15548e+16	9.63e-01	3.64e-02	2.47e-04
 1.15660e+16	9.64e-01	3.59e-02	2.40e-04
 1.15780e+16	9.64e-01	3.54e-02	2.33e-04
 1.15890e+16	9.65e-01	3.50e-02	2.28e-04
 1.15990e+16	9.65e-01	3.46e-02	2.22e-04
 1.16099e+16	9.66e-01	3.41e-02	2.16e-04
 1.16217e+16	9.66e-01	3.37e-02	2.10e-04
 1.16325e+16	9.67e-01	3.32e-02	2.05e-04
 1.16422e+16	9.67e-01	3.28e-02	2.00e-04
 1.16530e+16	9.67e-01	3.24e-02	1.94e-04
 1.16645e+16	9.68e-01	3.20e-02	1.89e-04
 1.16751e+16	9.68e-01	3.16e-02	1.85e-04
 1.16866e+16	9.69e-01	3.11e-02	1.79e-04
 1.16990e+16	9.69e-01	3.07e-02	1.74e-04
 1.17104e+16	9.70e-01	3.03e-02	1.70e-04
 1.17207e+16	9.70e-01	2.99e-02	1.65e-04
 1.17320e+16	9.70e-01	2.95e-02	1.61e-04
 1.17442e+16	9.71e-01	2.91e-02	1.56e-04
 1.17553e+16	9.71e-01	2.87e-02	1.52e-04
 1.17654e+16	9.71e-01	2.84e-02	1.49e-04
 1.17765e+16	9.72e-01	2.80e-02	1.45e-04
 1.17884e+16	9.72e-01	2.77e-02	1.41e-04
 1.17993e+16	9.73e-01	2.73e-02	1.38e-04
 1.18112e+16	9.73e-01	2.69e-02	1.34e-04
 1.18241e+16	9.73e-01	2.66e-02	1.30e-04
 1.18358e+16	9.74e-01	2.62e-02	1.27e-04
 1.18486e+16	9.74e-01	2.58e-02	1.23e-04
 1.18625e+16	9.74e-01	2.54e-02	1.19e-04
 1.18751e+16	9.75e-01	2.51e-02	1.16e-04
 1.18865e+16	9.75e-01	2.48e-02	1.13e-04
 1.18991e+16	9.75e-01	2.44e-02	1.10e-04
 1.19127e+16	9.76e-01	2.41e-02	1.07e-04
 1.19250e+16	9.76e-01	2.38e-02	1.04e-04
 1.19386e+16	9.77e-01	2.34e-02	1.01e-04
 1.19532e+16	9.77e-01	2.30e-02	9.79e-05
 1.19665e+16	9.77e-01	2.27e-02	9.51e-05
 1.19786e+16	9.77e-01	2.24e-02	9.27e-05
 1.19918e+16	9.78e-01	2.21e-02	9.00e-05
 1.20061e+16	9.78e-01	2.18e-02	8.74e-05
 1.20191e+16	9.78e-01	2.15e-02	8.51e-05
 1.20334e+16	9.79e-01	2.11e-02	8.25e-05
 1.20488e+16	9.79e-01	2.08e-02	8.00e-05
 1.20628e+16	9.79e-01	2.05e-02	7.77e-05
 1.20782e+16	9.80e-01	2.02e-02	7.52e-05
 1.20948e+16	9.80e-01	1.99e-02	7.28e-05
 1.21099e+16	9.80e-01	1.96e-02	7.06e-05
 1.21264e+16	9.81e-01	1.92e-02	6.82e-05
 1.21443e+16	9.81e-01	1.89e-02	6.59e-05
 1.21605e+16	9.81e-01	1.86e-02	6.38e-05
 1.21753e+16	9.82e-01	1.83e-02	6.20e-05
 1.21915e+16	9.82e-01	1.80e-02	6.00e-05
 1.22090e+16	9.82e-01	1.77e-02	5.81e-05
 1.22249e+16	9.82e-01	1.74e-02	5.63e-05
 1.22423e+16	9.83e-01	1.71e-02	5.44e-05
 1.22612e+16	9.83e-01	1.68e-02	5.25e-05
 1.22783e+16	9.83e-01	1.66e-02	5.09e-05
 1.22971e+16	9.84e-01	1.63e-02	4.90e-05
 1.23173e+16	9.84e-01	1.60e-02	4.73e-05
 1.23358e+16	9.84e-01	1.57e-02	4.57e-05
 1.23526e+16	9.84e-01	1.55e-02	4.43e-05
 1.23710e+16	9.85e-01	1.52e-02	4.28e-05
 1.23908e+16	9.85e-01	1.49e-02	4.13e-05
 1.24089e+16	9.85e-01	1.47e-02	4.00e-05
 1.24287e+16	9.86e-01	1.44e-02	3.86e-05
 1.24501e+16	9.86e-01	1.41e-02	3.72e-05
 1.24695e+16	9.86e-01	1.39e-02	3.59e-05
 1.24908e+16	9.86e-01	1.36e-02	3.46e-05
 1.25138e+16	9.87e-01	1.34e-02	3.33e-05
 1.25348e+16	9.87e-01	1.31e-02	3.21e-05
 1.25577e+16	9.87e-01	1.29e-02	3.08e-05
 1.25825e+16	9.87e-01	1.26e-02	2.96e-05
 1.26051e+16	9.88e-01	1.24e-02	2.85e-05
 1.26298e+16	9.88e-01	1.21e-02	2.73e-05
 1.26564e+16	9.88e-01	1.18e-02	2.62e-05
 1.26807e+16	9.88e-01	1.16e-02	2.52e-05
 1.27028e+16	9.89e-01	1.14e-02	2.43e-05
 1.27270e+16	9.89e-01	1.12e-02	2.33e-05
 1.27531e+16	9.89e-01	1.09e-02	2.24e-05
 1.27769e+16	9.89e-01	1.07e-02	2.16e-05
 1.28029e+16	9.89e-01	1.05e-02	2.07e-05
 1.28311e+16	9.90e-01	1.03e-02	1.98e-05
 1.28567e+16	9.90e-01	1.01e-02	1.91e-05
 1.28847e+16	9.90e-01	9.86e-03	1.82e-05
 1.29150e+16	9.90e-01	9.64e-03	1.74e-05
 1.29425e+16	9.91e-01	9.44e-03	1.67e-05
 1.29727e+16	9.91e-01	9.22e-03	1.60e-05
 1.30053e+16	9.91e-01	9.00e-03	1.52e-05
 1.30350e+16	9.91e-01	8.81e-03	1.46e-05
 1.30675e+16	9.91e-01	8.59e-03	1.39e-05
 1.31026e+16	9.92e-01	8.38e-03	1.32e-05
 1.31345e+16	9.92e-01	8.19e-03	1.26e-05
 1.31695e+16	9.92e-01	7.98e-03	1.20e-05
 1.32073e+16	9.92e-01	7.77e-03	1.14e-05
 1.32417e+16	9.92e-01	7.59e-03	1.09e-05
 1.32793e+16	9.93e-01	7.38e-03	1.03e-05
 1.33200e+16	9.93e-01	7.18e-03	9.75e-06
 1.33570e+16	9.93e-01	7.00e-03	9.28e-06
 1.33975e+16	9.93e-01	6.81e-03	8.77e-06
 1.34413e+16	9.93e-01	6.61e-03	8.28e-06
 1.34893e+16	9.94e-01	6.40e-03	7.75e-06
 1.35487e+16	9.94e-01	6.14e-03	7.16e-06
 1.36134e+16	9.94e-01	5.89e-03	6.59e-06
 1.36781e+16	9.94e-01	5.65e-03	6.07e-06
 1.37439e+16	9.95e-01	5.42e-03	5.58e-06
 1.38127e+16	9.95e-01	5.18e-03	5.12e-06
 1.38843e+16	9.95e-01	4.96e-03	4.69e-06
 1.39582e+16	9.95e-01	4.74e-03	4.29e-06
 1.40346e+16	9.95e-01	4.52e-03	3.91e-06
 1.41138e+16	9.96e-01	4.31e-03	3.56e-06
 1.41951e+16	9.96e-01	4.11e-03	3.24e-06
 1.42778e+16	9.96e-01	3.92e-03	2.94e-06
 1.43616e+16	9.96e-01	3.73e-03	2.68e-06
 1.44470e+16	9.96e-01	3.55e-03	2.43e-06
 1.45339e+16	9.97e-01	3.38e-03	2.20e-06
 1.46224e+16	9.97e-01	3.22e-03	2.00e-06
 1.47113e+16	9.97e-01	3.07e-03	1.82e-06
 1.48015e+16	9.97e-01	2.92e-03	1.65e-06
 1.48947e+16	9.97e-01	2.78e-03	1.49e-06
 1.49901e+16	9.97e-01	2.64e-03	1.35e-06
 1.50870e+16	9.97e-01	2.51e-03	1.22e-06
 1.51853e+16	9.98e-01	2.38e-03	1.10e-06
 1.52856e+16	9.98e-01	2.26e-03	9.89e-07
 1.53879e+16	9.98e-01	2.14e-03	8.90e-07
 1.54920e+16	9.98e-01	2.03e-03	8.01e-07
 1.55980e+16	9.98e-01	1.92e-03	7.20e-07
 1.57060e+16	9.98e-01	1.82e-03	6.46e-07
 1.58163e+16	9.98e-01	1.72e-03	5.79e-07
 1.59287e+16	9.98e-01	1.63e-03	5.19e-07
 1.60434e+16	9.98e-01	1.54e-03	4.64e-07
 1.61605e+16	9.99e-01	1.46e-03	4.14e-07
 1.62799e+16	9.99e-01	1.37e-03	3.69e-07
 1.64019e+16	9.99e-01	1.30e-03	3.29e-07
 1.65266e+16	9.99e-01	1.22e-03	2.92e-07
 1.66540e+16	9.99e-01	1.15e-03	2.59e-07
 1.67844e+16	9.99e-01	1.08e-03	2.29e-07
 1.69178e+16	9.99e-01	1.02e-03	2.03e-07
 1.70544e+16	9.99e-01	9.53e-04	1.79e-07
 1.71944e+16	9.99e-01	8.93e-04	1.57e-07
 1.73380e+16	9.99e-01	8.36e-04	1.38e-07
 1.74855e+16	9.99e-01	7.82e-04	1.21e-07
 1.76370e+16	9.99e-01	7.30e-04	1.05e-07
 1.77928e+16	9.99e-01	6.80e-04	9.15e-08
 1.79532e+16	9.99e-01	6.34e-04	7.95e-08
 1.81151e+16	9.99e-01	5.90e-04	6.89e-08
 1.82814e+16	9.99e-01	5.48e-04	5.96e-08
 1.84579e+16	9.99e-01	5.07e-04	5.10e-08
 1.86425e+16	1.00e+00	4.68e-04	4.34e-08
 1.88330e+16	1.00e+00	4.30e-04	3.68e-08
 1.90304e+16	1.00e+00	3.95e-04	3.11e-08
 1.92364e+16	1.00e+00	3.62e-04	2.60e-08
 1.94522e+16	1.00e+00	3.30e-04	2.17e-08
 1.96787e+16	1.00e+00	2.99e-04	1.79e-08
 1.99171e+16	1.00e+00	2.71e-04	1.46e-08
 2.01696e+16	1.00e+00	2.43e-04	1.18e-08
 2.04403e+16	1.00e+00	2.17e-04	9.42e-09
 2.07257e+16	1.00e+00	1.93e-04	7.44e-09
 2.10309e+16	1.00e+00	1.70e-04	5.77e-09
 2.13659e+16	1.00e+00	1.48e-04	4.38e-09
 2.17309e+16	1.00e+00	1.27e-04	3.26e-09
 2.21317e+16	1.00e+00	1.08e-04	2.35e-09
 2.25790e+16	1.00e+00	9.04e-05	1.64e-09
 2.30798e+16	1.00e+00	7.41e-05	1.10e-09
 2.36550e+16	1.00e+00	5.90e-05	7.02e-10
 2.42910e+16	1.00e+00	4.63e-05	4.32e-10
 2.49329e+16	1.00e+00	3.64e-05	2.68e-10
 2.55634e+16	1.00e+00	2.89e-05	1.69e-10
 2.61947e+16	1.00e+00	2.29e-05	1.07e-10
 2.68366e+16	1.00e+00	1.83e-05	6.76e-11
 2.74914e+16	1.00e+00	1.45e-05	4.27e-11
 2.81571e+16	1.00e+00	1.15e-05	2.71e-11
 2.88344e+16	1.00e+00	9.18e-06	1.72e-11
 2.95254e+16	1.00e+00	7.30e-06	1.09e-11
 3.02277e+16	1.00e+00	5.82e-06	6.92e-12
 3.09466e+16	1.00e+00	4.63e-06	4.39e-12
 3.16860e+16	1.00e+00	3.68e-06	2.77e-12
 3.24401e+16	1.00e+00	2.92e-06	1.74e-12
 3.32078e+16	1.00e+00	2.32e-06	1.10e-12
 3.39955e+16	1.00e+00	1.84e-06	6.94e-13
 3.48067e+16	1.00e+00	1.45e-06	4.35e-13
 3.56419e+16	1.00e+00	1.15e-06	2.71e-13
 3.65037e+16	1.00e+00	9.03e-07	1.68e-13
 3.73973e+16	1.00e+00	7.07e-07	1.03e-13
 3.83279e+16	1.00e+00	5.52e-07	6.28e-14
 3.93044e+16	1.00e+00	4.27e-07	3.76e-14
 4.03389e+16	1.00e+00	3.27e-07	2.21e-14
 4.14452e+16	1.00e+00	2.47e-07	1.27e-14
 4.26331e+16	1.00e+00	1.84e-07	7.05e-15
 4.38679e+16	1.00e+00	1.37e-07	3.91e-15
 4.51001e+16	1.00e+00	1.03e-07	2.20e-15
 4.63189e+16	1.00e+00	7.79e-08	1.26e-15
 4.75297e+16	1.00e+00	5.94e-08	7.35e-16
 4.87335e+16	1.00e+00	4.56e-08	4.34e-16
 4.99223e+16	1.00e+00	3.54e-08	2.61e-16
 5.10904e+16	1.00e+00	2.77e-08	1.60e-16
 5.22332e+16	1.00e+00	2.19e-08	1.00e-16
 5.33462e+16	1.00e+00	1.74e-08	6.38e-17
 5.44285e+16	1.00e+00	1.41e-08	4.16e-17
 5.54773e+16	1.00e+00	1.15e-08	2.76e-17
 5.64895e+16	1.00e+00	9.44e-09	1.88e-17
 5.74629e+16	1.00e+00	7.85e-09	1.30e-17
 5.83973e+16	1.00e+00	6.60e-09	9.18e-18
 5.92930e+16	1.00e+00	5.59e-09	6.61e-18
 6.01503e+16	1.00e+00	4.79e-09	4.85e-18
 6.09692e+16	1.00e+00	4.14e-09	3.62e-18
 6.17504e+16	1.00e+00	3.60e-09	2.75e-18
 6.24952e+16	1.00e+00	3.16e-09	2.12e-18
 6.32047e+16	1.00e+00	2.80e-09	1.66e-18
 6.38802e+16	1.00e+00	2.49e-09	1.32e-18
 6.45230e+16	1.00e+00	2.23e-09	1.06e-18
 6.51345e+16	1.00e+00	2.01e-09	8.64e-19
 6.57160e+16	1.00e+00	1.83e-09	7.12e-19
 6.62687e+16	1.00e+00	1.67e-09	5.93e-19
 6.67944e+16	1.00e+00	1.53e-09	4.99e-19
 6.72942e+16	1.00e+00	1.41e-09	4.24e-19
 6.77690e+16	1.00e+00	1.30e-09	3.64e-19
 6.82206e+16	1.00e+00	1.21e-09	3.15e-19
 6.86503e+16	1.00e+00	1.13e-09	2.74e-19
 6.90591e+16	1.00e+00	1.06e-09	2.41e-19
 6.94478e+16	1.00e+00	9.97e-10	2.13e-19
 6.98177e+16	1.00e+00	9.40e-10	1.90e-19
 7.01698e+16	1.00e+00	8.90e-10	1.70e-19
 7.05052e+16	1.00e+00	8.44e-10	1.53e-19
 7.08249e+16	1.00e+00	8.03e-10	1.39e-19
 7.11297e+16	1.00e+00	7.66e-10	1.26e-19
 7.14206e+16	1.00e+00	7.32e-10	1.15e-19
 7.16982e+16	1.00e+00	7.01e-10	1.06e-19
 7.19633e+16	1.00e+00	6.73e-10	9.76e-20
 7.22167e+16	1.00e+00	6.48e-10	9.03e-20
 7.24593e+16	1.00e+00	6.24e-10	8.39e-20
 7.26918e+16	1.00e+00	6.02e-10	7.82e-20
 7.29147e+16	1.00e+00	5.82e-10	7.31e-20
 7.31287e+16	1.00e+00	5.63e-10	6.85e-20
 7.33343e+16	1.00e+00	5.46e-10	6.44e-20
 7.35324e+16	1.00e+00	5.30e-10	6.06e-20
 7.37235e+16	1.00e+00	5.15e-10	5.73e-20
 7.39082e+16	1.00e+00	5.01e-10	5.42e-20
 7.40870e+16	1.00e+00	4.88e-10	5.14e-20
 7.42607e+16	1.00e+00	4.75e-10	4.88e-20
 7.44296e+16	1.00e+00	4.63e-10	4.64e-20
 7.45946e+16	1.00e+00	4.52e-10	4.42e-20
 7.47562e+16	1.00e+00	4.41e-10	4.21e-20
 7.49152e+16	1.00e+00	4.31e-10	4.01e-20
 7.50720e+16	1.00e+00	4.21e-10	3.83e-20
 7.52277e+16	1.00e+00	4.11e-10	3.66e-20
 7.53830e+16	1.00e+00	4.02e-10	3.50e-20
 7.55389e+16	1.00e+00	3.93e-10	3.34e-20
 7.56965e+16	1.00e+00	3.84e-10	3.19e-20
 7.58570e+16	1.00e+00	3.75e-10	3.04e-20
 7.60221e+16	1.00e+00	3.65e-10	2.89e-20
 7.61938e+16	1.00e+00	3.56e-10	2.75e-20
 7.63743e+16	1.00e+00	3.47e-10	2.61e-20
 7.65670e+16	1.00e+00	3.37e-10	2.46e-20
 7.67760e+16	1.00e+00	3.27e-10	2.32e-20
 7.70074e+16	1.00e+00	3.16e-10	2.16e-20
 7.72692e+16	1.00e+00	3.04e-10	2.00e-20
 7.75736e+16	1.00e+00	2.90e-10	1.83e-20
 7.79392e+16	1.00e+00	2.75e-10	1.64e-20
 7.83953e+16	1.00e+00	2.57e-10	1.44e-20
 7.89821e+16	1.00e+00	2.36e-10	1.21e-20
 7.97450e+16	1.00e+00	2.11e-10	9.68e-21
 8.07367e+16	1.00e+00	1.82e-10	0.00e+00
 8.20260e+16	1.00e+00	1.52e-10	0.00e+00
 8.37020e+16	1.00e+00	1.20e-10	0.00e+00
 8.58809e+16	1.00e+00	8.87e-11	0.00e+00
 8.85334e+16	1.00e+00	6.24e-11	0.00e+00
 9.13755e+16	1.00e+00	4.34e-11	0.00e+00
 9.43615e+16	1.00e+00	2.98e-11	0.00e+00
 9.74914e+16	1.00e+00	2.04e-11	0.00e+00
 1.00621e+17	1.00e+00	1.41e-11	0.00e+00
 1.03751e+17	1.00e+00	9.87e-12	0.00e+00
 1.06881e+17	1.00e+00	6.96e-12	0.00e+00
 1.10011e+17	1.00e+00	4.95e-12	0.00e+00
 1.13141e+17	1.00e+00	3.56e-12	0.00e+00
 1.16271e+17	1.00e+00	2.58e-12	0.00e+00
 1.19401e+17	1.00e+00	1.89e-12	0.00e+00
 1.22531e+17	1.00e+00	1.40e-12	0.00e+00
 1.25661e+17	1.00e+00	1.05e-12	0.00e+00
 1.28791e+17	1.00e+00	7.91e-13	0.00e+00
 1.32320e+17	1.00e+00	5.81e-13	0.00e+00
 1.36322e+17	1.00e+00	4.16e-13	0.00e+00
 1.41013e+17	1.00e+00	2.87e-13	0.00e+00
 1.46537e+17	1.00e+00	1.89e-13	0.00e+00
 1.51890e+17	1.00e+00	1.30e-13	0.00e+00
 1.56683e+17	1.00e+00	9.72e-14	0.00e+00
 1.60820e+17	1.00e+00	7.68e-14	0.00e+00
 1.63695e+17	1.00e+00	6.66e-14	0.00e+00
 1.65301e+17	1.00e+00	6.25e-14	0.00e+00
 1.66191e+17	1.00e+00	6.05e-14	0.00e+00
 1.66724e+17	1.00e+00	5.94e-14	0.00e+00
 1.67048e+17	1.00e+00	5.88e-14	0.00e+00
 1.67294e+17	1.00e+00	5.82e-14	0.00e+00
 1.67559e+17	1.00e+00	5.76e-14	0.00e+00
 1.67857e+17	1.00e+00	5.70e-14	0.00e+00
 1.68154e+17	1.00e+00	5.63e-14	0.00e+00
 1.68408e+17	1.00e+00	5.57e-14	0.00e+00
 1.68626e+17	1.00e+00	5.52e-14	0.00e+00
 1.68829e+17	1.00e+00	5.48e-14	0.00e+00
 1.69031e+17	1.00e+00	5.43e-14	0.00e+00
 1.69233e+17	1.00e+00	5.38e-14	0.00e+00
 1.69420e+17	1.00e+00	5.34e-14	0.00e+00
 1.69593e+17	1.00e+00	5.30e-14	0.00e+00
 1.69751e+17	1.00e+00	5.26e-14	0.00e+00
 1.69900e+17	1.00e+00	5.23e-14	0.00e+00
 1.70045e+17	1.00e+00	5.19e-14	0.00e+00
 1.70189e+17	1.00e+00	5.16e-14	0.00e+00
 1.70327e+17	1.00e+00	5.13e-14	0.00e+00
 1.70451e+17	1.00e+00	5.10e-14	0.00e+00
 1.70566e+17	1.00e+00	5.07e-14	0.00e+00
 1.70685e+17	1.00e+00	5.04e-14	0.00e+00
 1.70804e+17	1.00e+00	5.01e-14	0.00e+00
 1.70915e+17	1.00e+00	4.99e-14	0.00e+00
 1.71017e+17	1.00e+00	4.96e-14	0.00e+00
 1.71116e+17	1.00e+00	4.94e-14	0.00e+00
 1.71214e+17	1.00e+00	4.91e-14	0.00e+00
 1.71311e+17	1.00e+00	4.89e-14	0.00e+00
 1.71408e+17	1.00e+00	4.87e-14	0.00e+00
 1.71505e+17	1.00e+00	4.84e-14	0.00e+00
 1.71596e+17	1.00e+00	4.82e-14	0.00e+00
 1.71682e+17	1.00e+00	4.80e-14	0.00e+00
 1.71771e+17	1.00e+00	4.78e-14	0.00e+00
 1.71864e+17	1.00e+00	4.75e-14	0.00e+00
 1.71955e+17	1.00e+00	4.73e-14	0.00e+00
 1.72041e+17	1.00e+00	4.71e-14	0.00e+00
 1.72129e+17	1.00e+00	4.69e-14	0.00e+00
 1.72220e+17	1.00e+00	4.66e-14	0.00e+00
 1.72308e+17	1.00e+00	4.63e-14	0.00e+00
 1.72394e+17	1.00e+00	4.62e-14	0.00e+00
 1.72484e+17	1.00e+00	4.59e-14	0.00e+00
 1.72578e+17	1.00e+00	4.56e-14	0.00e+00
 1.72671e+17	1.00e+00	4.54e-14	0.00e+00
 1.72761e+17	1.00e+00	4.51e-14	0.00e+00
 1.72855e+17	1.00e+00	4.49e-14	0.00e+00
 1.72954e+17	1.00e+00	4.46e-14	0.00e+00
 1.73055e+17	1.00e+00	4.43e-14	0.00e+00
 1.73155e+17	1.00e+00	4.40e-14	0.00e+00
 1.73263e+17	1.00e+00	4.38e-14	0.00e+00
 1.73375e+17	1.00e+00	4.34e-14	0.00e+00
 1.73483e+17	1.00e+00	4.31e-14	0.00e+00
 1.73586e+17	1.00e+00	4.28e-14	0.00e+00
 1.73687e+17	1.00e+00	4.26e-14	0.00e+00
 1.73799e+17	1.00e+00	4.23e-14	0.00e+00
 1.73932e+17	1.00e+00	4.19e-14	0.00e+00
 1.74067e+17	1.00e+00	4.15e-14	0.00e+00
 1.74183e+17	1.00e+00	4.12e-14	0.00e+00
 1.74296e+17	1.00e+00	4.09e-14	0.00e+00
 1.74430e+17	1.00e+00	4.05e-14	0.00e+00
 1.74580e+17	1.00e+00	4.01e-14	0.00e+00
 1.74724e+17	1.00e+00	3.97e-14	0.00e+00
 1.74858e+17	1.00e+00	3.93e-14	0.00e+00
 1.74996e+17	1.00e+00	3.89e-14	0.00e+00
 1.75145e+17	1.00e+00	3.85e-14	0.00e+00
 1.75309e+17	1.00e+00	3.81e-14	0.00e+00
 1.75476e+17	1.00e+00	3.76e-14	0.00e+00
 1.75639e+17	1.00e+00	3.72e-14	0.00e+00
 1.75802e+17	1.00e+00	3.67e-14	0.00e+00
 1.75968e+17	1.00e+00	3.63e-14	0.00e+00
 1.76144e+17	1.00e+00	3.58e-14	0.00e+00
 1.76332e+17	1.00e+00	3.53e-14	0.00e+00
 1.76526e+17	1.00e+00	3.47e-14	0.00e+00
 1.76719e+17	1.00e+00	3.43e-14	0.00e+00
 1.76914e+17	1.00e+00	3.37e-14	0.00e+00
 1.77120e+17	1.00e+00	3.32e-14	0.00e+00
 1.77334e+17	1.00e+00	3.26e-14	0.00e+00
 1.77554e+17	1.00e+00	3.21e-14	0.00e+00
 1.77785e+17	1.00e+00	3.15e-14	0.00e+00
 1.78018e+17	1.00e+00	3.09e-14	0.00e+00
 1.78250e+17	1.00e+00	3.03e-14	0.00e+00
 1.78498e+17	1.00e+00	2.97e-14	0.00e+00
 1.78758e+17	1.00e+00	2.90e-14	0.00e+00
 1.79018e+17	1.00e+00	2.84e-14	0.00e+00
 1.79280e+17	1.00e+00	2.78e-14	0.00e+00
 1.79549e+17	1.00e+00	2.71e-14	0.00e+00
 1.79825e+17	1.00e+00	2.65e-14	0.00e+00
 1.80116e+17	1.00e+00	2.58e-14	0.00e+00
 1.80422e+17	1.00e+00	2.51e-14	0.00e+00
 1.80734e+17	1.00e+00	2.44e-14	0.00e+00
 1.81046e+17	1.00e+00	2.37e-14	0.00e+00
 1.81362e+17	1.00e+00	2.30e-14	0.00e+00
 1.81688e+17	1.00e+00	2.23e-14	0.00e+00
 1.82026e+17	1.00e+00	2.16e-14	0.00e+00
 1.82376e+17	1.00e+00	2.09e-14	0.00e+00
 1.82742e+17	1.00e+00	2.02e-14	0.00e+00
 1.83119e+17	1.00e+00	1.95e-14	0.00e+00
 1.83492e+17	1.00e+00	1.88e-14	0.00e+00
 1.83864e+17	1.00e+00	1.81e-14	0.00e+00
 1.84265e+17	1.00e+00	1.74e-14	0.00e+00
 1.84696e+17	1.00e+00	1.66e-14	0.00e+00
 1.85121e+17	1.00e+00	1.59e-14	0.00e+00
 1.85538e+17	1.00e+00	1.52e-14	0.00e+00
 1.85972e+17	1.00e+00	1.45e-14	0.00e+00
 1.86436e+17	1.00e+00	1.39e-14	0.00e+00
 1.86943e+17	1.00e+00	1.31e-14	0.00e+00
 1.87469e+17	1.00e+00	1.24e-14	0.00e+00
 1.87970e+17	1.00e+00	1.17e-14	0.00e+00
 1.88463e+17	1.00e+00	1.10e-14	0.00e+00
 1.88986e+17	1.00e+00	1.04e-14	0.00e+00
 1.89564e+17	1.00e+00	9.80e-15	0.00e+00
 1.90184e+17	1.00e+00	9.14e-15	0.00e+00
 1.90810e+17	1.00e+00	8.50e-15	0.00e+00
 1.91401e+17	1.00e+00	7.92e-15	0.00e+00
 1.91925e+17	1.00e+00	7.43e-15	0.00e+00
 1.92394e+17	1.00e+00	7.02e-15	0.00e+00
 1.92838e+17	1.00e+00	6.66e-15	0.00e+00
 1.93277e+17	1.00e+00	6.32e-15	0.00e+00
 1.93706e+17	1.00e+00	6.00e-15	0.00e+00
 1.94114e+17	1.00e+00	5.70e-15	0.00e+00
 1.94493e+17	1.00e+00	5.43e-15	0.00e+00
 1.94847e+17	1.00e+00	5.19e-15	0.00e+00
 1.95185e+17	1.00e+00	4.97e-15	0.00e+00
 1.95510e+17	1.00e+00	4.76e-15	0.00e+00
 1.95820e+17	1.00e+00	4.57e-15	0.00e+00
 1.96112e+17	1.00e+00	4.38e-15	0.00e+00
 1.96385e+17	1.00e+00	4.22e-15	0.00e+00
 1.96644e+17	1.00e+00	4.07e-15	0.00e+00
 1.96893e+17	1.00e+00	3.93e-15	0.00e+00
 1.97133e+17	1.00e+00	3.80e-15	0.00e+00
 1.97364e+17	1.00e+00	3.68e-15	0.00e+00
 1.97584e+17	1.00e+00	3.57e-15	0.00e+00
 1.97795e+17	1.00e+00	3.47e-15	0.00e+00
 1.97999e+17	1.00e+00	3.37e-15	0.00e+00
 1.98198e+17	1.00e+00	3.27e-15	0.00e+00
 1.98391e+17	1.00e+00	3.18e-15	0.00e+00
 1.98578e+17	1.00e+00	3.10e-15	0.00e+00
 1.98760e+17	1.00e+00	3.02e-15	0.00e+00
 1.98937e+17	1.00e+00	2.94e-15	0.00e+00
 1.99111e+17	1.00e+00	2.87e-15	0.00e+00
 1.99281e+17	1.00e+00	2.80e-15	0.00e+00
 1.99449e+17	1.00e+00	2.73e-15	0.00e+00
 1.99613e+17	1.00e+00	2.67e-15	0.00e+00
 1.99774e+17	1.00e+00	2.61e-15	0.00e+00
 1.99958e+17	1.00e+00	2.55e-15	0.00e+00
 2.00196e+17	1.00e+00	2.47e-15	0.00e+00
 2.00506e+17	1.00e+00	2.37e-15	0.00e+00
 2.00909e+17	1.00e+00	2.25e-15	0.00e+00
 2.01433e+17	1.00e+00	2.11e-15	0.00e+00
 2.02114e+17	1.00e+00	1.93e-15	0.00e+00
 2.02869e+17	1.00e+00	1.75e-15	0.00e+00
 2.03531e+17	1.00e+00	1.59e-15	0.00e+00
 2.04064e+17	1.00e+00	1.48e-15	0.00e+00
 2.04546e+17	1.00e+00	1.39e-15	0.00e+00
 2.05062e+17	1.00e+00	1.31e-15	0.00e+00
 2.05641e+17	1.00e+00	1.22e-15	0.00e+00
 2.06248e+17	1.00e+00	1.14e-15	0.00e+00
 2.06833e+17	1.00e+00	1.06e-15	0.00e+00
 2.07389e+17	1.00e+00	9.97e-16	0.00e+00
 2.07948e+17	1.00e+00	9.36e-16	0.00e+00
 2.08541e+17	1.00e+00	8.78e-16	0.00e+00
 2.09180e+17	1.00e+00	8.20e-16	0.00e+00
 2.09856e+17	1.00e+00	7.64e-16	0.00e+00
 2.10563e+17	1.00e+00	7.11e-16	0.00e+00
 2.11319e+17	1.00e+00	6.59e-16	0.00e+00
 2.12164e+17	1.00e+00	6.07e-16	0.00e+00
 2.13155e+17	1.00e+00	5.53e-16	0.00e+00
 2.14371e+17	1.00e+00	4.94e-16	0.00e+00
 2.15927e+17	1.00e+00	4.30e-16	0.00e+00
 2.17949e+17	1.00e+00	3.60e-16	0.00e+00
 2.20578e+17	1.00e+00	2.89e-16	0.00e+00
 2.23996e+17	1.00e+00	2.19e-16	0.00e+00
 2.28439e+17	1.00e+00	1.55e-16	0.00e+00
 2.34215e+17	1.00e+00	1.00e-16	0.00e+00
 2.41723e+17	1.00e+00	5.81e-17	0.00e+00
 2.50887e+17	1.00e+00	3.05e-17	0.00e+00
 2.60922e+17	1.00e+00	1.53e-17	0.00e+00
 2.70395e+17	1.00e+00	7.92e-18	0.00e+00
 2.78243e+17	1.00e+00	4.71e-18	0.00e+00
 2.84938e+17	1.00e+00	3.02e-18	0.00e+00
 2.92306e+17	1.00e+00	1.77e-18	0.00e+00
 3.00621e+17	1.00e+00	1.02e-18	0.00e+00
 3.08109e+17	1.00e+00	6.21e-19	0.00e+00
 3.14260e+17	1.00e+00	4.13e-19	0.00e+00
 3.20720e+17	1.00e+00	2.66e-19	0.00e+00
 3.27519e+17	1.00e+00	1.67e-19	0.00e+00
 3.33396e+17	1.00e+00	1.11e-19	0.00e+00
 3.39659e+17	1.00e+00	7.07e-20	0.00e+00
 3.45322e+17	1.00e+00	4.66e-20	0.00e+00
 3.48720e+17	1.00e+00	3.58e-20	0.00e+00
 3.50759e+17	1.00e+00	3.03e-20	0.00e+00
 3.51983e+17	1.00e+00	2.74e-20	0.00e+00
 3.52717e+17	1.00e+00	2.57e-20	0.00e+00
 3.53157e+17	1.00e+00	2.48e-20	0.00e+00
 3.53447e+17	1.00e+00	2.42e-20	0.00e+00
 3.53730e+17	1.00e+00	2.36e-20	0.00e+00
 3.54092e+17	1.00e+00	2.29e-20	0.00e+00
 3.54554e+17	1.00e+00	2.20e-20	0.00e+00
 3.55057e+17	1.00e+00	2.10e-20	0.00e+00
 3.55487e+17	1.00e+00	2.02e-20	0.00e+00
 3.55815e+17	1.00e+00	1.96e-20	0.00e+00
 3.56103e+17	1.00e+00	1.92e-20	0.00e+00
 3.56430e+17	1.00e+00	1.86e-20	0.00e+00
 3.56838e+17	1.00e+00	1.79e-20	0.00e+00
 3.57285e+17	1.00e+00	1.72e-20	0.00e+00
 3.57675e+17	1.00e+00	1.65e-20	0.00e+00
 3.57980e+17	1.00e+00	1.61e-20	0.00e+00
 3.58247e+17	1.00e+00	1.57e-20	0.00e+00
 3.58539e+17	1.00e+00	1.53e-20	0.00e+00
 3.58895e+17	1.00e+00	1.47e-20	0.00e+00
 3.59290e+17	1.00e+00	1.41e-20	0.00e+00
 3.59650e+17	1.00e+00	1.36e-20	0.00e+00
 3.59938e+17	1.00e+00	1.32e-20	0.00e+00
 3.60185e+17	1.00e+00	1.29e-20	0.00e+00
 3.60447e+17	1.00e+00	1.26e-20	0.00e+00
