#depth	He	He+	He+2
 1.49634e+10	2.64e-24	4.38e-13	1.00e+00
 4.54887e+10	2.97e-24	4.72e-13	1.00e+00
 7.72350e+10	3.30e-24	5.11e-13	1.00e+00
 1.10251e+11	3.67e-24	5.52e-13	1.00e+00
 1.44588e+11	4.07e-24	5.97e-13	1.00e+00
 1.80298e+11	4.52e-24	6.45e-13	1.00e+00
 2.17437e+11	5.00e-24	6.97e-13	1.00e+00
 2.56061e+11	5.54e-24	7.54e-13	1.00e+00
 2.96231e+11	6.14e-24	8.15e-13	1.00e+00
 3.38007e+11	6.79e-24	8.82e-13	1.00e+00
 3.81454e+11	7.51e-24	9.53e-13	1.00e+00
 4.26639e+11	8.30e-24	1.03e-12	1.00e+00
 4.68769e+11	9.09e-24	1.11e-12	1.00e+00
 5.05837e+11	9.81e-24	1.17e-12	1.00e+00
 5.47176e+11	1.06e-23	1.25e-12	1.00e+00
 5.96917e+11	1.17e-23	1.35e-12	1.00e+00
 6.46861e+11	1.29e-23	1.45e-12	1.00e+00
 6.92563e+11	1.40e-23	1.55e-12	1.00e+00
 7.43463e+11	1.52e-23	1.66e-12	1.00e+00
 8.02641e+11	1.68e-23	1.80e-12	1.00e+00
 8.60553e+11	1.85e-23	1.94e-12	1.00e+00
 9.15097e+11	2.02e-23	2.07e-12	1.00e+00
 9.75945e+11	2.21e-23	2.23e-12	1.00e+00
 1.04491e+12	2.45e-23	2.41e-12	1.00e+00
 1.11374e+12	2.70e-23	2.60e-12	1.00e+00
 1.18532e+12	2.98e-23	2.80e-12	1.00e+00
 1.26266e+12	3.31e-23	3.04e-12	1.00e+00
 1.34310e+12	3.68e-23	3.29e-12	1.00e+00
 1.42675e+12	4.09e-23	3.56e-12	1.00e+00
 1.51374e+12	4.55e-23	3.85e-12	1.00e+00
 1.60422e+12	5.06e-23	4.17e-12	1.00e+00
 1.69831e+12	5.64e-23	4.52e-12	1.00e+00
 1.79617e+12	6.30e-23	4.89e-12	1.00e+00
 1.89795e+12	7.04e-23	5.30e-12	1.00e+00
 2.00379e+12	7.88e-23	5.74e-12	1.00e+00
 2.11387e+12	8.83e-23	6.22e-12	1.00e+00
 2.22835e+12	9.90e-23	6.74e-12	1.00e+00
 2.33918e+12	1.10e-22	7.27e-12	1.00e+00
 2.44056e+12	1.22e-22	7.76e-12	1.00e+00
 2.55307e+12	1.35e-22	8.34e-12	1.00e+00
 2.68395e+12	1.52e-22	9.04e-12	1.00e+00
 2.81359e+12	1.71e-22	9.76e-12	1.00e+00
 2.93818e+12	1.90e-22	1.05e-11	1.00e+00
 3.07541e+12	2.13e-22	1.13e-11	1.00e+00
 3.22835e+12	2.42e-22	1.23e-11	1.00e+00
 3.38380e+12	2.74e-22	1.33e-11	1.00e+00
 3.54546e+12	3.11e-22	1.44e-11	1.00e+00
 3.71721e+12	3.54e-22	1.56e-11	1.00e+00
 3.89582e+12	4.04e-22	1.70e-11	1.00e+00
 4.08158e+12	4.62e-22	1.85e-11	1.00e+00
 4.27477e+12	5.28e-22	2.01e-11	1.00e+00
 4.47569e+12	6.05e-22	2.18e-11	1.00e+00
 4.68464e+12	6.94e-22	2.37e-11	1.00e+00
 4.88071e+12	7.88e-22	2.56e-11	1.00e+00
 5.05540e+12	8.77e-22	2.73e-11	1.00e+00
 5.25122e+12	9.86e-22	2.94e-11	1.00e+00
 5.48411e+12	1.13e-21	3.19e-11	1.00e+00
 5.71856e+12	1.30e-21	3.46e-11	1.00e+00
 5.93767e+12	1.46e-21	3.72e-11	1.00e+00
 6.18038e+12	1.67e-21	4.03e-11	1.00e+00
 6.45752e+12	1.93e-21	4.39e-11	1.00e+00
 6.73286e+12	2.22e-21	4.77e-11	1.00e+00
 7.01922e+12	2.55e-21	5.19e-11	1.00e+00
 7.32992e+12	2.96e-21	5.67e-11	1.00e+00
 7.64612e+12	3.42e-21	6.19e-11	1.00e+00
 7.94059e+12	3.91e-21	6.69e-11	1.00e+00
 8.21245e+12	4.39e-21	7.18e-11	1.00e+00
 8.52343e+12	4.99e-21	7.77e-11	1.00e+00
 8.88814e+12	5.79e-21	8.49e-11	1.00e+00
 9.24947e+12	6.67e-21	9.25e-11	1.00e+00
 9.58790e+12	7.58e-21	1.00e-10	1.00e+00
 9.96399e+12	8.67e-21	1.09e-10	1.00e+00
 1.03925e+13	1.01e-20	1.19e-10	1.00e+00
 1.08148e+13	1.16e-20	1.31e-10	1.00e+00
 1.12539e+13	1.34e-20	1.43e-10	1.00e+00
 1.17340e+13	1.56e-20	1.57e-10	1.00e+00
 1.22171e+13	1.80e-20	1.72e-10	1.00e+00
 1.27194e+13	2.07e-20	1.89e-10	1.00e+00
 1.32582e+13	2.40e-20	2.08e-10	1.00e+00
 1.37936e+13	2.76e-20	2.29e-10	1.00e+00
 1.43504e+13	3.17e-20	2.51e-10	1.00e+00
 1.49544e+13	3.66e-20	2.78e-10	1.00e+00
 1.55825e+13	4.22e-20	3.07e-10	1.00e+00
 1.62357e+13	4.85e-20	3.39e-10	1.00e+00
 1.69151e+13	5.58e-20	3.75e-10	1.00e+00
 1.75285e+13	6.30e-20	4.10e-10	1.00e+00
 1.80378e+13	6.92e-20	4.40e-10	1.00e+00
 1.85950e+13	7.64e-20	4.75e-10	1.00e+00
 1.93031e+13	8.63e-20	5.21e-10	1.00e+00
 2.00429e+13	9.76e-20	5.74e-10	1.00e+00
 2.06963e+13	1.08e-19	6.22e-10	1.00e+00
 2.13015e+13	1.18e-19	6.70e-10	1.00e+00
 2.19884e+13	1.31e-19	7.26e-10	1.00e+00
 2.28391e+13	1.47e-19	8.00e-10	1.00e+00
 2.36883e+13	1.65e-19	8.79e-10	1.00e+00
 2.44173e+13	1.81e-19	9.50e-10	1.00e+00
 2.52045e+13	2.00e-19	1.03e-09	1.00e+00
 2.61773e+13	2.24e-19	1.14e-09	1.00e+00
 2.71766e+13	2.52e-19	1.25e-09	1.00e+00
 2.80817e+13	2.78e-19	1.36e-09	1.00e+00
 2.90794e+13	3.10e-19	1.48e-09	1.00e+00
 3.02511e+13	3.51e-19	1.64e-09	1.00e+00
 3.14206e+13	3.96e-19	1.81e-09	1.00e+00
 3.25340e+13	4.44e-19	1.97e-09	1.00e+00
 3.37624e+13	5.01e-19	2.17e-09	1.00e+00
 3.51428e+13	5.74e-19	2.39e-09	1.00e+00
 3.63856e+13	6.47e-19	2.61e-09	1.00e+00
 3.74122e+13	7.14e-19	2.80e-09	1.00e+00
 3.85338e+13	7.94e-19	3.01e-09	1.00e+00
 3.99660e+13	9.07e-19	3.29e-09	1.00e+00
 4.14112e+13	1.04e-18	3.60e-09	1.00e+00
 4.26068e+13	1.15e-18	3.86e-09	1.00e+00
 4.38691e+13	1.29e-18	4.14e-09	1.00e+00
 4.54891e+13	1.49e-18	4.52e-09	1.00e+00
 4.71877e+13	1.72e-18	4.95e-09	1.00e+00
 4.86749e+13	1.95e-18	5.33e-09	1.00e+00
 5.02742e+13	2.23e-18	5.76e-09	1.00e+00
 5.22166e+13	2.61e-18	6.31e-09	1.00e+00
 5.40964e+13	3.03e-18	6.87e-09	1.00e+00
 5.56771e+13	3.42e-18	7.36e-09	1.00e+00
 5.73776e+13	3.89e-18	7.90e-09	1.00e+00
 5.95205e+13	4.56e-18	8.62e-09	1.00e+00
 6.17217e+13	5.34e-18	9.40e-09	1.00e+00
 6.36371e+13	6.10e-18	1.01e-08	1.00e+00
 6.56979e+13	7.01e-18	1.09e-08	1.00e+00
 6.82148e+13	8.27e-18	1.19e-08	1.00e+00
 7.07471e+13	9.72e-18	1.29e-08	1.00e+00
 7.30067e+13	1.12e-17	1.39e-08	1.00e+00
 7.54896e+13	1.29e-17	1.50e-08	1.00e+00
 7.84458e+13	1.53e-17	1.64e-08	1.00e+00
 8.13993e+13	1.81e-17	1.79e-08	1.00e+00
 8.41453e+13	2.09e-17	1.93e-08	1.00e+00
 8.72155e+13	2.44e-17	2.09e-08	1.00e+00
 9.07340e+13	2.91e-17	2.28e-08	1.00e+00
 9.42214e+13	3.44e-17	2.49e-08	1.00e+00
 9.78484e+13	4.06e-17	2.71e-08	1.00e+00
 1.01792e+14	4.83e-17	2.95e-08	1.00e+00
 1.05894e+14	5.72e-17	3.22e-08	1.00e+00
 1.09782e+14	6.70e-17	3.49e-08	1.00e+00
 1.13283e+14	7.69e-17	3.74e-08	1.00e+00
 1.16556e+14	8.69e-17	3.98e-08	1.00e+00
 1.20166e+14	9.91e-17	4.25e-08	1.00e+00
 1.24230e+14	1.14e-16	4.56e-08	1.00e+00
 1.28114e+14	1.30e-16	4.88e-08	1.00e+00
 1.32393e+14	1.50e-16	5.24e-08	1.00e+00
 1.37158e+14	1.74e-16	5.65e-08	1.00e+00
 1.41546e+14	1.99e-16	6.04e-08	1.00e+00
 1.45614e+14	2.24e-16	6.41e-08	1.00e+00
 1.50277e+14	2.56e-16	6.85e-08	1.00e+00
 1.55985e+14	2.98e-16	7.41e-08	1.00e+00
 1.61683e+14	3.47e-16	7.99e-08	1.00e+00
 1.66646e+14	3.93e-16	8.51e-08	1.00e+00
 1.72024e+14	4.47e-16	9.08e-08	1.00e+00
 1.78580e+14	5.20e-16	9.80e-08	1.00e+00
 1.85252e+14	6.05e-16	1.06e-07	1.00e+00
 1.91296e+14	6.89e-16	1.13e-07	1.00e+00
 1.97942e+14	7.89e-16	1.21e-07	1.00e+00
 2.05746e+14	9.21e-16	1.31e-07	1.00e+00
 2.13509e+14	1.07e-15	1.41e-07	1.00e+00
 2.20854e+14	1.22e-15	1.51e-07	1.00e+00
 2.28989e+14	1.41e-15	1.62e-07	1.00e+00
 2.38178e+14	1.64e-15	1.75e-07	1.00e+00
 2.47451e+14	1.92e-15	1.89e-07	1.00e+00
 2.57094e+14	2.22e-15	2.04e-07	1.00e+00
 2.67408e+14	2.59e-15	2.20e-07	1.00e+00
 2.78134e+14	3.02e-15	2.38e-07	1.00e+00
 2.88497e+14	3.49e-15	2.56e-07	1.00e+00
 2.98218e+14	3.97e-15	2.73e-07	1.00e+00
 3.07401e+14	4.46e-15	2.90e-07	1.00e+00
 3.17420e+14	5.05e-15	3.09e-07	1.00e+00
 3.28542e+14	5.79e-15	3.31e-07	1.00e+00
 3.38943e+14	6.53e-15	3.52e-07	1.00e+00
 3.50308e+14	7.41e-15	3.75e-07	1.00e+00
 3.63123e+14	8.53e-15	4.03e-07	1.00e+00
 3.75433e+14	9.73e-15	4.31e-07	1.00e+00
 3.88991e+14	1.11e-14	4.62e-07	1.00e+00
 4.04213e+14	1.29e-14	4.99e-07	1.00e+00
 4.18807e+14	1.49e-14	5.35e-07	1.00e+00
 4.34352e+14	1.71e-14	5.75e-07	1.00e+00
 4.51756e+14	2.00e-14	6.23e-07	1.00e+00
 4.67840e+14	2.28e-14	6.67e-07	1.00e+00
 4.81763e+14	2.56e-14	7.10e-07	1.00e+00
 4.97201e+14	2.89e-14	7.55e-07	1.00e+00
 5.16061e+14	3.35e-14	8.15e-07	1.00e+00
 5.35162e+14	3.85e-14	8.76e-07	1.00e+00
 5.52333e+14	4.36e-14	9.36e-07	1.00e+00
 5.71202e+14	4.96e-14	1.00e-06	1.00e+00
 5.93519e+14	5.77e-14	1.08e-06	1.00e+00
 6.15401e+14	6.62e-14	1.16e-06	1.00e+00
 6.35398e+14	7.50e-14	1.25e-06	1.00e+00
 6.57865e+14	8.57e-14	1.34e-06	1.00e+00
 6.83989e+14	9.97e-14	1.45e-06	1.00e+00
 7.09569e+14	1.15e-13	1.56e-06	1.00e+00
 7.33693e+14	1.30e-13	1.67e-06	1.00e+00
 7.60591e+14	1.49e-13	1.80e-06	1.00e+00
 7.91044e+14	1.73e-13	1.94e-06	1.00e+00
 8.21529e+14	2.00e-13	2.10e-06	1.00e+00
 8.49984e+14	2.27e-13	2.25e-06	1.00e+00
 8.80765e+14	2.60e-13	2.42e-06	1.00e+00
 9.16026e+14	3.00e-13	2.62e-06	1.00e+00
 9.49174e+14	3.43e-13	2.82e-06	1.00e+00
 9.78990e+14	3.85e-13	3.00e-06	1.00e+00
 1.00726e+15	4.27e-13	3.18e-06	1.00e+00
 1.03860e+15	4.78e-13	3.39e-06	1.00e+00
 1.07363e+15	5.40e-13	3.63e-06	1.00e+00
 1.10657e+15	6.03e-13	3.85e-06	1.00e+00
 1.14249e+15	6.77e-13	4.11e-06	1.00e+00
 1.18265e+15	7.67e-13	4.41e-06	1.00e+00
 1.22085e+15	8.61e-13	4.71e-06	1.00e+00
 1.26306e+15	9.71e-13	5.04e-06	1.00e+00
 1.30966e+15	1.11e-12	5.43e-06	1.00e+00
 1.35240e+15	1.24e-12	5.80e-06	1.00e+00
 1.39842e+15	1.39e-12	6.20e-06	1.00e+00
 1.45010e+15	1.58e-12	6.69e-06	1.00e+00
 1.49887e+15	1.78e-12	7.15e-06	1.00e+00
 1.55199e+15	2.01e-12	7.69e-06	1.00e+00
 1.61082e+15	2.29e-12	8.29e-06	1.00e+00
 1.66562e+15	2.57e-12	8.88e-06	1.00e+00
 1.72542e+15	2.90e-12	9.54e-06	1.00e+00
 1.79255e+15	3.32e-12	1.03e-05	1.00e+00
 1.85599e+15	3.74e-12	1.11e-05	1.00e+00
 1.92385e+15	4.25e-12	1.20e-05	1.00e+00
 1.99925e+15	4.86e-12	1.30e-05	1.00e+00
 2.07254e+15	5.51e-12	1.40e-05	1.00e+00
 2.15034e+15	6.25e-12	1.51e-05	1.00e+00
 2.23639e+15	7.18e-12	1.65e-05	1.00e+00
 2.32076e+15	8.17e-12	1.78e-05	1.00e+00
 2.39029e+15	9.08e-12	1.90e-05	1.00e+00
 2.44612e+15	9.86e-12	1.99e-05	1.00e+00
 2.50779e+15	1.08e-11	2.10e-05	1.00e+00
 2.58795e+15	1.21e-11	2.25e-05	1.00e+00
 2.67392e+15	1.36e-11	2.42e-05	1.00e+00
 2.75025e+15	1.50e-11	2.57e-05	1.00e+00
 2.83229e+15	1.67e-11	2.75e-05	1.00e+00
 2.93625e+15	1.91e-11	2.97e-05	1.00e+00
 3.04186e+15	2.17e-11	3.22e-05	1.00e+00
 3.13143e+15	2.41e-11	3.43e-05	1.00e+00
 3.22702e+15	2.68e-11	3.66e-05	1.00e+00
 3.34668e+15	3.08e-11	3.98e-05	1.00e+00
 3.46956e+15	3.53e-11	4.32e-05	1.00e+00
 3.57742e+15	3.96e-11	4.63e-05	1.00e+00
 3.69386e+15	4.45e-11	4.97e-05	1.00e+00
 3.83488e+15	5.15e-11	5.42e-05	1.00e+00
 3.97494e+15	5.90e-11	5.88e-05	1.00e+00
 4.09913e+15	6.59e-11	6.29e-05	1.00e+00
 4.23561e+15	7.53e-11	6.79e-05	1.00e+00
 4.39902e+15	8.70e-11	7.40e-05	1.00e+00
 4.56180e+15	1.00e-10	8.04e-05	1.00e+00
 4.71035e+15	1.12e-10	8.64e-05	1.00e+00
 4.87604e+15	1.30e-10	9.36e-05	1.00e+00
 5.06910e+15	1.50e-10	1.02e-04	1.00e+00
 5.25922e+15	1.74e-10	1.11e-04	1.00e+00
 5.43969e+15	1.98e-10	1.20e-04	1.00e+00
 5.59734e+15	2.22e-10	1.28e-04	1.00e+00
 5.72804e+15	2.43e-10	1.35e-04	1.00e+00
 5.87251e+15	2.68e-10	1.43e-04	1.00e+00
 6.06031e+15	3.04e-10	1.54e-04	1.00e+00
 6.25720e+15	3.41e-10	1.65e-04	1.00e+00
 6.42616e+15	3.83e-10	1.76e-04	1.00e+00
 6.60610e+15	4.27e-10	1.87e-04	1.00e+00
 6.84001e+15	4.93e-10	2.03e-04	1.00e+00
 7.07999e+15	5.62e-10	2.19e-04	1.00e+00
 7.28037e+15	6.25e-10	2.33e-04	1.00e+00
 7.49341e+15	7.01e-10	2.49e-04	1.00e+00
 7.76611e+15	8.19e-10	2.70e-04	1.00e+00
 8.05173e+15	9.48e-10	2.93e-04	1.00e+00
 8.30386e+15	1.07e-09	3.14e-04	1.00e+00
 8.57708e+15	1.21e-09	3.38e-04	1.00e+00
 8.90616e+15	1.43e-09	3.69e-04	1.00e+00
 9.23320e+15	1.65e-09	3.99e-04	1.00e+00
 9.52659e+15	1.86e-09	4.29e-04	1.00e+00
 9.85084e+15	2.13e-09	4.62e-04	1.00e+00
 1.02348e+16	2.54e-09	5.05e-04	9.99e-01
 1.06140e+16	2.94e-09	5.48e-04	9.99e-01
 1.09639e+16	3.36e-09	5.90e-04	9.99e-01
 1.13580e+16	3.88e-09	6.38e-04	9.99e-01
 1.18123e+16	4.59e-09	6.98e-04	9.99e-01
 1.22546e+16	5.32e-09	7.58e-04	9.99e-01
 1.26095e+16	6.03e-09	8.10e-04	9.99e-01
 1.28863e+16	6.60e-09	8.50e-04	9.99e-01
 1.31910e+16	7.29e-09	8.97e-04	9.99e-01
 1.35871e+16	8.13e-09	9.59e-04	9.99e-01
 1.40154e+16	9.43e-09	1.03e-03	9.99e-01
 1.43971e+16	1.05e-08	1.10e-03	9.99e-01
 1.48046e+16	1.18e-08	1.17e-03	9.99e-01
 1.53344e+16	1.38e-08	1.27e-03	9.99e-01
 1.58711e+16	1.57e-08	1.37e-03	9.99e-01
 1.63078e+16	1.77e-08	1.46e-03	9.99e-01
 1.67663e+16	2.02e-08	1.56e-03	9.98e-01
 1.73624e+16	2.37e-08	1.70e-03	9.98e-01
 1.79723e+16	2.72e-08	1.84e-03	9.98e-01
 1.84849e+16	3.05e-08	1.97e-03	9.98e-01
 1.90358e+16	3.47e-08	2.12e-03	9.98e-01
 1.96555e+16	4.08e-08	2.30e-03	9.98e-01
 2.02388e+16	4.62e-08	2.47e-03	9.98e-01
 2.07884e+16	5.16e-08	2.65e-03	9.97e-01
 2.14199e+16	5.91e-08	2.86e-03	9.97e-01
 2.21175e+16	7.01e-08	3.12e-03	9.97e-01
 2.27353e+16	7.95e-08	3.36e-03	9.97e-01
 2.32856e+16	8.91e-08	3.59e-03	9.96e-01
 2.39137e+16	1.01e-07	3.87e-03	9.96e-01
 2.46170e+16	1.18e-07	4.21e-03	9.96e-01
 2.52702e+16	1.34e-07	4.55e-03	9.95e-01
 2.58293e+16	1.49e-07	4.86e-03	9.95e-01
 2.64141e+16	1.66e-07	5.23e-03	9.95e-01
 2.70708e+16	1.94e-07	5.68e-03	9.94e-01
 2.76480e+16	2.17e-07	6.10e-03	9.94e-01
 2.82256e+16	2.45e-07	6.57e-03	9.93e-01
 2.88756e+16	2.78e-07	7.16e-03	9.93e-01
 2.94743e+16	3.23e-07	7.77e-03	9.92e-01
 2.99905e+16	3.60e-07	8.34e-03	9.92e-01
 3.05448e+16	4.08e-07	9.05e-03	9.91e-01
 3.11495e+16	4.75e-07	9.92e-03	9.90e-01
 3.16874e+16	5.30e-07	1.08e-02	9.89e-01
 3.21757e+16	6.08e-07	1.17e-02	9.88e-01
 3.27318e+16	7.08e-07	1.29e-02	9.87e-01
 3.32897e+16	8.14e-07	1.43e-02	9.86e-01
 3.37232e+16	9.37e-07	1.55e-02	9.84e-01
 3.40946e+16	1.04e-06	1.68e-02	9.83e-01
 3.45116e+16	1.19e-06	1.84e-02	9.82e-01
 3.49629e+16	1.39e-06	2.04e-02	9.80e-01
 3.53551e+16	1.63e-06	2.26e-02	9.77e-01
 3.56866e+16	1.87e-06	2.47e-02	9.75e-01
 3.60424e+16	2.12e-06	2.73e-02	9.73e-01
 3.64272e+16	2.51e-06	3.08e-02	9.69e-01
 3.67561e+16	2.94e-06	3.44e-02	9.66e-01
 3.70272e+16	3.45e-06	3.80e-02	9.62e-01
 3.72739e+16	3.95e-06	4.18e-02	9.58e-01
 3.75516e+16	4.58e-06	4.70e-02	9.53e-01
 3.78461e+16	5.50e-06	5.37e-02	9.46e-01
 3.80883e+16	6.52e-06	6.07e-02	9.39e-01
 3.82822e+16	7.72e-06	6.75e-02	9.33e-01
 3.84557e+16	8.69e-06	7.46e-02	9.25e-01
 3.86495e+16	1.02e-05	8.43e-02	9.16e-01
 3.88557e+16	1.26e-05	9.69e-02	9.03e-01
 3.90223e+16	1.46e-05	1.09e-01	8.91e-01
 3.91580e+16	1.71e-05	1.22e-01	8.78e-01
 3.92869e+16	1.97e-05	1.36e-01	8.64e-01
 3.94321e+16	2.35e-05	1.55e-01	8.45e-01
 3.95815e+16	2.83e-05	1.78e-01	8.22e-01
 3.96996e+16	3.28e-05	2.01e-01	7.99e-01
 3.97975e+16	3.81e-05	2.23e-01	7.77e-01
 3.98911e+16	4.36e-05	2.48e-01	7.52e-01
 3.99980e+16	5.14e-05	2.80e-01	7.20e-01
 4.01037e+16	6.04e-05	3.17e-01	6.83e-01
 4.01775e+16	6.77e-05	3.46e-01	6.54e-01
 4.02319e+16	7.39e-05	3.69e-01	6.31e-01
 4.02915e+16	8.14e-05	3.97e-01	6.03e-01
 4.03689e+16	9.22e-05	4.35e-01	5.65e-01
 4.04479e+16	1.04e-04	4.76e-01	5.24e-01
 4.05123e+16	1.15e-04	5.11e-01	4.89e-01
 4.05796e+16	1.27e-04	5.49e-01	4.51e-01
 4.06670e+16	1.44e-04	5.99e-01	4.00e-01
 4.07560e+16	1.62e-04	6.49e-01	3.51e-01
 4.08303e+16	1.77e-04	6.89e-01	3.11e-01
 4.09103e+16	1.93e-04	7.30e-01	2.70e-01
 4.10144e+16	2.14e-04	7.77e-01	2.22e-01
 4.11295e+16	2.35e-04	8.22e-01	1.78e-01
 4.12592e+16	2.57e-04	8.63e-01	1.37e-01
 4.14278e+16	2.81e-04	9.02e-01	9.73e-02
 4.16469e+16	3.06e-04	9.36e-01	6.33e-02
 4.19318e+16	3.32e-04	9.62e-01	3.76e-02
 4.23022e+16	3.58e-04	9.79e-01	2.05e-02
 4.27187e+16	3.84e-04	9.88e-01	1.13e-02
 4.31256e+16	4.09e-04	9.93e-01	6.87e-03
 4.35850e+16	4.39e-04	9.95e-01	4.13e-03
 4.40827e+16	4.75e-04	9.97e-01	2.57e-03
 4.45068e+16	5.12e-04	9.98e-01	1.79e-03
 4.48511e+16	5.47e-04	9.98e-01	1.36e-03
 4.52151e+16	5.89e-04	9.98e-01	1.02e-03
 4.56060e+16	6.43e-04	9.99e-01	7.74e-04
 4.59323e+16	6.98e-04	9.99e-01	6.23e-04
 4.61444e+16	7.38e-04	9.99e-01	5.50e-04
 4.62678e+16	7.64e-04	9.99e-01	5.10e-04
 4.63882e+16	7.91e-04	9.99e-01	4.71e-04
 4.65448e+16	8.30e-04	9.99e-01	4.25e-04
 4.67483e+16	8.86e-04	9.99e-01	3.73e-04
 4.69476e+16	9.46e-04	9.99e-01	3.33e-04
 4.70896e+16	9.97e-04	9.99e-01	3.07e-04
 4.72023e+16	1.04e-03	9.99e-01	2.88e-04
 4.73288e+16	1.09e-03	9.99e-01	2.67e-04
 4.74588e+16	1.15e-03	9.99e-01	2.48e-04
 4.75616e+16	1.20e-03	9.99e-01	2.35e-04
 4.76468e+16	1.25e-03	9.99e-01	2.24e-04
 4.77411e+16	1.31e-03	9.98e-01	2.12e-04
 4.78470e+16	1.37e-03	9.98e-01	2.00e-04
 4.79432e+16	1.44e-03	9.98e-01	1.90e-04
 4.80249e+16	1.51e-03	9.98e-01	1.82e-04
 4.81124e+16	1.58e-03	9.98e-01	1.73e-04
 4.82068e+16	1.66e-03	9.98e-01	1.64e-04
 4.82884e+16	1.75e-03	9.98e-01	1.58e-04
 4.83589e+16	1.82e-03	9.98e-01	1.52e-04
 4.84369e+16	1.91e-03	9.98e-01	1.45e-04
 4.85211e+16	2.02e-03	9.98e-01	1.39e-04
 4.85935e+16	2.13e-03	9.98e-01	1.34e-04
 4.86553e+16	2.22e-03	9.98e-01	1.30e-04
 4.87231e+16	2.34e-03	9.98e-01	1.25e-04
 4.87969e+16	2.48e-03	9.97e-01	1.21e-04
 4.88613e+16	2.61e-03	9.97e-01	1.17e-04
 4.89174e+16	2.74e-03	9.97e-01	1.14e-04
 4.89794e+16	2.89e-03	9.97e-01	1.10e-04
 4.90466e+16	3.08e-03	9.97e-01	1.06e-04
 4.91052e+16	3.26e-03	9.97e-01	1.03e-04
 4.91561e+16	3.43e-03	9.96e-01	1.01e-04
 4.92122e+16	3.64e-03	9.96e-01	9.76e-05
 4.92739e+16	3.91e-03	9.96e-01	9.45e-05
 4.93291e+16	4.17e-03	9.96e-01	9.20e-05
 4.93780e+16	4.43e-03	9.95e-01	9.00e-05
 4.94323e+16	4.75e-03	9.95e-01	8.74e-05
 4.94924e+16	5.17e-03	9.95e-01	8.49e-05
 4.95476e+16	5.61e-03	9.94e-01	8.26e-05
 4.95979e+16	6.07e-03	9.94e-01	8.08e-05
 4.96546e+16	6.68e-03	9.93e-01	7.86e-05
 4.97134e+16	7.44e-03	9.92e-01	7.65e-05
 4.97598e+16	8.18e-03	9.92e-01	7.48e-05
 4.97967e+16	8.84e-03	9.91e-01	7.38e-05
 4.98365e+16	9.68e-03	9.90e-01	7.23e-05
 4.98805e+16	1.08e-02	9.89e-01	7.09e-05
 4.99191e+16	1.19e-02	9.88e-01	6.99e-05
 4.99510e+16	1.31e-02	9.87e-01	6.93e-05
 4.99848e+16	1.44e-02	9.85e-01	6.85e-05
 5.00218e+16	1.63e-02	9.84e-01	6.78e-05
 5.00536e+16	1.82e-02	9.82e-01	6.73e-05
 5.00794e+16	2.01e-02	9.80e-01	6.70e-05
 5.01069e+16	2.24e-02	9.78e-01	6.67e-05
 5.01365e+16	2.54e-02	9.75e-01	6.67e-05
 5.01620e+16	2.87e-02	9.71e-01	6.66e-05
 5.01827e+16	3.17e-02	9.68e-01	6.71e-05
 5.02043e+16	3.55e-02	9.64e-01	6.73e-05
 5.02274e+16	4.03e-02	9.60e-01	6.80e-05
 5.02468e+16	4.51e-02	9.55e-01	6.89e-05
 5.02632e+16	4.97e-02	9.50e-01	7.00e-05
 5.02807e+16	5.56e-02	9.44e-01	7.10e-05
 5.02990e+16	6.27e-02	9.37e-01	7.26e-05
 5.03150e+16	7.00e-02	9.30e-01	7.41e-05
 5.03290e+16	7.74e-02	9.23e-01	7.58e-05
 5.03423e+16	8.56e-02	9.14e-01	7.73e-05
 5.03555e+16	9.47e-02	9.05e-01	7.92e-05
 5.03679e+16	1.04e-01	8.96e-01	8.12e-05
 5.03790e+16	1.14e-01	8.86e-01	8.34e-05
 5.03871e+16	1.21e-01	8.79e-01	8.49e-05
 5.03923e+16	1.27e-01	8.73e-01	8.59e-05
 5.03971e+16	1.32e-01	8.68e-01	8.69e-05
 5.04028e+16	1.39e-01	8.61e-01	8.80e-05
 5.04089e+16	1.46e-01	8.54e-01	8.93e-05
 5.04147e+16	1.54e-01	8.46e-01	9.07e-05
 5.04202e+16	1.61e-01	8.39e-01	9.22e-05
 5.04257e+16	1.69e-01	8.31e-01	9.33e-05
 5.04312e+16	1.77e-01	8.23e-01	9.49e-05
 5.04366e+16	1.86e-01	8.14e-01	9.62e-05
 5.04419e+16	1.95e-01	8.05e-01	9.76e-05
 5.04472e+16	2.04e-01	7.95e-01	9.90e-05
 5.04523e+16	2.14e-01	7.86e-01	1.01e-04
 5.04574e+16	2.24e-01	7.75e-01	1.02e-04
 5.04625e+16	2.35e-01	7.65e-01	1.03e-04
 5.04675e+16	2.46e-01	7.54e-01	1.05e-04
 5.04724e+16	2.57e-01	7.43e-01	1.06e-04
 5.04773e+16	2.69e-01	7.31e-01	1.08e-04
 5.04822e+16	2.81e-01	7.19e-01	1.09e-04
 5.04869e+16	2.93e-01	7.07e-01	1.10e-04
 5.04916e+16	3.06e-01	6.94e-01	1.12e-04
 5.04962e+16	3.19e-01	6.81e-01	1.13e-04
 5.05008e+16	3.32e-01	6.68e-01	1.14e-04
 5.05053e+16	3.46e-01	6.54e-01	1.15e-04
 5.05097e+16	3.60e-01	6.40e-01	1.16e-04
 5.05141e+16	3.74e-01	6.26e-01	1.17e-04
 5.05185e+16	3.89e-01	6.11e-01	1.18e-04
 5.05227e+16	4.03e-01	5.97e-01	1.19e-04
 5.05269e+16	4.18e-01	5.82e-01	1.20e-04
 5.05310e+16	4.33e-01	5.67e-01	1.21e-04
 5.05351e+16	4.48e-01	5.52e-01	1.22e-04
 5.05391e+16	4.62e-01	5.37e-01	1.22e-04
 5.05430e+16	4.77e-01	5.23e-01	1.23e-04
 5.05469e+16	4.92e-01	5.08e-01	1.24e-04
 5.05506e+16	5.06e-01	4.94e-01	1.24e-04
 5.05543e+16	5.21e-01	4.79e-01	1.24e-04
 5.05579e+16	5.35e-01	4.65e-01	1.24e-04
 5.05615e+16	5.49e-01	4.51e-01	1.25e-04
 5.05649e+16	5.63e-01	4.37e-01	1.24e-04
 5.05683e+16	5.76e-01	4.23e-01	1.24e-04
 5.05716e+16	5.90e-01	4.10e-01	1.24e-04
 5.05749e+16	6.03e-01	3.97e-01	1.24e-04
 5.05781e+16	6.15e-01	3.85e-01	1.24e-04
 5.05812e+16	6.28e-01	3.72e-01	1.23e-04
 5.05842e+16	6.40e-01	3.60e-01	1.23e-04
 5.05873e+16	6.51e-01	3.49e-01	1.22e-04
 5.05902e+16	6.63e-01	3.37e-01	1.22e-04
 5.05931e+16	6.74e-01	3.26e-01	1.21e-04
 5.05959e+16	6.84e-01	3.15e-01	1.21e-04
 5.05987e+16	6.95e-01	3.05e-01	1.20e-04
 5.06015e+16	7.05e-01	2.95e-01	1.19e-04
 5.06042e+16	7.15e-01	2.85e-01	1.18e-04
 5.06069e+16	7.25e-01	2.75e-01	1.17e-04
 5.06095e+16	7.34e-01	2.66e-01	1.16e-04
 5.06121e+16	7.43e-01	2.57e-01	1.15e-04
 5.06147e+16	7.52e-01	2.48e-01	1.14e-04
 5.06172e+16	7.61e-01	2.39e-01	1.13e-04
 5.06197e+16	7.69e-01	2.31e-01	1.12e-04
 5.06218e+16	7.75e-01	2.25e-01	1.11e-04
 5.06233e+16	7.80e-01	2.20e-01	1.10e-04
 5.06248e+16	7.85e-01	2.15e-01	1.09e-04
 5.06263e+16	7.90e-01	2.10e-01	1.08e-04
 5.06278e+16	7.95e-01	2.05e-01	1.07e-04
 5.06294e+16	7.99e-01	2.01e-01	1.06e-04
 5.06308e+16	8.04e-01	1.96e-01	1.05e-04
 5.06323e+16	8.08e-01	1.92e-01	1.05e-04
 5.06338e+16	8.12e-01	1.88e-01	1.04e-04
 5.06352e+16	8.16e-01	1.83e-01	1.03e-04
 5.06366e+16	8.21e-01	1.79e-01	1.02e-04
 5.06381e+16	8.25e-01	1.75e-01	1.01e-04
 5.06396e+16	8.29e-01	1.71e-01	9.99e-05
 5.06410e+16	8.33e-01	1.67e-01	9.89e-05
 5.06426e+16	8.37e-01	1.63e-01	9.78e-05
 5.06442e+16	8.41e-01	1.59e-01	9.68e-05
 5.06459e+16	8.46e-01	1.54e-01	9.55e-05
 5.06478e+16	8.51e-01	1.49e-01	9.42e-05
 5.06499e+16	8.56e-01	1.44e-01	9.26e-05
 5.06522e+16	8.61e-01	1.39e-01	9.10e-05
 5.06543e+16	8.66e-01	1.34e-01	8.94e-05
 5.06563e+16	8.71e-01	1.29e-01	8.77e-05
 5.06582e+16	8.75e-01	1.25e-01	8.60e-05
 5.06601e+16	8.79e-01	1.21e-01	8.43e-05
 5.06619e+16	8.83e-01	1.17e-01	8.27e-05
 5.06636e+16	8.87e-01	1.13e-01	8.11e-05
 5.06652e+16	8.90e-01	1.10e-01	7.94e-05
 5.06666e+16	8.93e-01	1.07e-01	7.81e-05
 5.06679e+16	8.96e-01	1.04e-01	7.68e-05
 5.06691e+16	8.98e-01	1.02e-01	7.55e-05
 5.06701e+16	9.00e-01	9.98e-02	7.44e-05
 5.06711e+16	9.02e-01	9.79e-02	7.33e-05
 5.06720e+16	9.04e-01	9.61e-02	7.23e-05
 5.06729e+16	9.06e-01	9.42e-02	7.12e-05
 5.06740e+16	9.08e-01	9.22e-02	7.01e-05
 5.06749e+16	9.09e-01	9.05e-02	6.91e-05
 5.06758e+16	9.11e-01	8.88e-02	6.81e-05
 5.06766e+16	9.13e-01	8.73e-02	6.70e-05
 5.06773e+16	9.14e-01	8.60e-02	6.62e-05
 5.06781e+16	9.15e-01	8.45e-02	6.54e-05
 5.06789e+16	9.17e-01	8.30e-02	6.43e-05
 5.06797e+16	9.18e-01	8.16e-02	6.35e-05
 5.06804e+16	9.20e-01	8.03e-02	6.26e-05
 5.06810e+16	9.21e-01	7.91e-02	6.17e-05
 5.06817e+16	9.22e-01	7.78e-02	6.08e-05
 5.06825e+16	9.23e-01	7.66e-02	6.00e-05
 5.06832e+16	9.25e-01	7.54e-02	5.91e-05
 5.06838e+16	9.26e-01	7.43e-02	5.83e-05
 5.06844e+16	9.27e-01	7.32e-02	5.75e-05
 5.06849e+16	9.28e-01	7.23e-02	5.68e-05
 5.06855e+16	9.29e-01	7.13e-02	5.61e-05
 5.06862e+16	9.30e-01	6.99e-02	5.50e-05
 5.06871e+16	9.31e-01	6.85e-02	5.40e-05
 5.06878e+16	9.33e-01	6.72e-02	5.30e-05
 5.06885e+16	9.34e-01	6.62e-02	5.22e-05
 5.06891e+16	9.35e-01	6.51e-02	5.14e-05
 5.06897e+16	9.36e-01	6.42e-02	5.06e-05
 5.06902e+16	9.37e-01	6.33e-02	4.99e-05
 5.06907e+16	9.37e-01	6.25e-02	4.93e-05
 5.06912e+16	9.38e-01	6.17e-02	4.86e-05
 5.06917e+16	9.39e-01	6.08e-02	4.79e-05
 5.06922e+16	9.40e-01	6.00e-02	4.73e-05
 5.06927e+16	9.41e-01	5.92e-02	4.66e-05
 5.06932e+16	9.42e-01	5.84e-02	4.59e-05
 5.06937e+16	9.42e-01	5.76e-02	4.53e-05
 5.06942e+16	9.43e-01	5.68e-02	4.46e-05
 5.06947e+16	9.44e-01	5.60e-02	4.40e-05
 5.06952e+16	9.45e-01	5.53e-02	4.34e-05
 5.06958e+16	9.45e-01	5.45e-02	4.28e-05
 5.06963e+16	9.46e-01	5.37e-02	4.21e-05
 5.06968e+16	9.47e-01	5.30e-02	4.15e-05
 5.06973e+16	9.48e-01	5.22e-02	4.09e-05
 5.06978e+16	9.48e-01	5.15e-02	4.03e-05
 5.06983e+16	9.49e-01	5.08e-02	3.97e-05
 5.06988e+16	9.50e-01	5.01e-02	3.92e-05
 5.06993e+16	9.51e-01	4.94e-02	3.86e-05
 5.06999e+16	9.51e-01	4.86e-02	3.80e-05
 5.07005e+16	9.52e-01	4.78e-02	3.74e-05
 5.07011e+16	9.53e-01	4.71e-02	3.68e-05
 5.07016e+16	9.54e-01	4.64e-02	3.62e-05
 5.07021e+16	9.54e-01	4.58e-02	3.57e-05
 5.07027e+16	9.55e-01	4.51e-02	3.52e-05
 5.07033e+16	9.56e-01	4.43e-02	3.47e-05
 5.07039e+16	9.56e-01	4.36e-02	3.41e-05
 5.07044e+16	9.57e-01	4.30e-02	3.36e-05
 5.07049e+16	9.58e-01	4.24e-02	3.32e-05
 5.07055e+16	9.58e-01	4.18e-02	3.27e-05
 5.07062e+16	9.59e-01	4.11e-02	3.21e-05
 5.07067e+16	9.59e-01	4.05e-02	3.17e-05
 5.07073e+16	9.60e-01	3.99e-02	3.12e-05
 5.07078e+16	9.61e-01	3.93e-02	3.07e-05
 5.07085e+16	9.61e-01	3.87e-02	3.03e-05
 5.07090e+16	9.62e-01	3.81e-02	2.98e-05
 5.07096e+16	9.62e-01	3.75e-02	2.94e-05
 5.07101e+16	9.63e-01	3.70e-02	2.90e-05
 5.07109e+16	9.64e-01	3.62e-02	2.84e-05
 5.07117e+16	9.64e-01	3.55e-02	2.78e-05
 5.07125e+16	9.65e-01	3.48e-02	2.73e-05
 5.07131e+16	9.66e-01	3.42e-02	2.69e-05
 5.07138e+16	9.66e-01	3.37e-02	2.64e-05
 5.07144e+16	9.67e-01	3.31e-02	2.60e-05
 5.07152e+16	9.67e-01	3.25e-02	2.56e-05
 5.07158e+16	9.68e-01	3.20e-02	2.52e-05
 5.07166e+16	9.69e-01	3.14e-02	2.47e-05
 5.07173e+16	9.69e-01	3.08e-02	2.43e-05
 5.07181e+16	9.70e-01	3.03e-02	2.39e-05
 5.07187e+16	9.70e-01	2.98e-02	2.35e-05
 5.07194e+16	9.71e-01	2.93e-02	2.31e-05
 5.07202e+16	9.71e-01	2.87e-02	2.27e-05
 5.07209e+16	9.72e-01	2.82e-02	2.23e-05
 5.07217e+16	9.72e-01	2.77e-02	2.20e-05
 5.07225e+16	9.73e-01	2.72e-02	2.16e-05
 5.07232e+16	9.73e-01	2.67e-02	2.12e-05
 5.07241e+16	9.74e-01	2.62e-02	2.08e-05
 5.07250e+16	9.74e-01	2.56e-02	2.04e-05
 5.07258e+16	9.75e-01	2.52e-02	2.01e-05
 5.07265e+16	9.75e-01	2.48e-02	1.98e-05
 5.07273e+16	9.76e-01	2.43e-02	1.94e-05
 5.07282e+16	9.76e-01	2.38e-02	1.91e-05
 5.07290e+16	9.77e-01	2.34e-02	1.88e-05
 5.07299e+16	9.77e-01	2.29e-02	1.84e-05
 5.07308e+16	9.78e-01	2.25e-02	1.81e-05
 5.07317e+16	9.78e-01	2.21e-02	1.78e-05
 5.07326e+16	9.78e-01	2.16e-02	1.74e-05
 5.07336e+16	9.79e-01	2.11e-02	1.71e-05
 5.07345e+16	9.79e-01	2.07e-02	1.68e-05
 5.07355e+16	9.80e-01	2.03e-02	1.64e-05
 5.07366e+16	9.80e-01	1.98e-02	1.61e-05
 5.07376e+16	9.81e-01	1.94e-02	1.58e-05
 5.07387e+16	9.81e-01	1.90e-02	1.55e-05
 5.07399e+16	9.81e-01	1.86e-02	1.51e-05
 5.07409e+16	9.82e-01	1.82e-02	1.49e-05
 5.07421e+16	9.82e-01	1.77e-02	1.45e-05
 5.07434e+16	9.83e-01	1.73e-02	1.42e-05
 5.07445e+16	9.83e-01	1.69e-02	1.39e-05
 5.07458e+16	9.83e-01	1.65e-02	1.36e-05
 5.07471e+16	9.84e-01	1.61e-02	1.33e-05
 5.07484e+16	9.84e-01	1.58e-02	1.30e-05
 5.07497e+16	9.85e-01	1.54e-02	1.27e-05
 5.07512e+16	9.85e-01	1.50e-02	1.24e-05
 5.07525e+16	9.85e-01	1.46e-02	1.22e-05
 5.07540e+16	9.86e-01	1.43e-02	1.19e-05
 5.07556e+16	9.86e-01	1.39e-02	1.16e-05
 5.07570e+16	9.86e-01	1.36e-02	1.14e-05
 5.07586e+16	9.87e-01	1.32e-02	1.11e-05
 5.07606e+16	9.87e-01	1.28e-02	1.08e-05
 5.07628e+16	9.88e-01	1.24e-02	1.04e-05
 5.07648e+16	9.88e-01	1.20e-02	1.02e-05
 5.07667e+16	9.88e-01	1.17e-02	9.93e-06
 5.07687e+16	9.89e-01	1.14e-02	9.66e-06
 5.07713e+16	9.89e-01	1.10e-02	9.34e-06
 5.07741e+16	9.89e-01	1.06e-02	9.06e-06
 5.07766e+16	9.90e-01	1.03e-02	8.81e-06
 5.07790e+16	9.90e-01	1.01e-02	8.59e-06
 5.07815e+16	9.90e-01	9.76e-03	8.34e-06
 5.07848e+16	9.91e-01	9.41e-03	8.06e-06
 5.07891e+16	9.91e-01	9.03e-03	7.75e-06
 5.07941e+16	9.91e-01	8.65e-03	7.45e-06
 5.07994e+16	9.92e-01	8.30e-03	7.16e-06
 5.08053e+16	9.92e-01	7.96e-03	6.87e-06
 5.08122e+16	9.92e-01	7.63e-03	6.59e-06
 5.08204e+16	9.93e-01	7.32e-03	6.33e-06
 5.08299e+16	9.93e-01	7.05e-03	6.08e-06
 5.08399e+16	9.93e-01	6.83e-03	5.89e-06
 5.08499e+16	9.93e-01	6.66e-03	5.73e-06
 5.08599e+16	9.93e-01	6.51e-03	5.57e-06
 5.08714e+16	9.94e-01	6.40e-03	5.47e-06
 5.08863e+16	9.94e-01	6.28e-03	5.34e-06
 5.09058e+16	9.94e-01	6.15e-03	5.20e-06
 5.09310e+16	9.94e-01	6.05e-03	5.07e-06
 5.09639e+16	9.94e-01	5.92e-03	4.91e-06
 5.10065e+16	9.94e-01	5.79e-03	4.72e-06
 5.10620e+16	9.94e-01	5.63e-03	4.50e-06
 5.11342e+16	9.95e-01	5.43e-03	4.23e-06
 5.12280e+16	9.95e-01	5.20e-03	3.91e-06
 5.13411e+16	9.95e-01	4.95e-03	3.57e-06
 5.14616e+16	9.95e-01	4.71e-03	3.25e-06
 5.15827e+16	9.96e-01	4.49e-03	2.97e-06
 5.17062e+16	9.96e-01	4.28e-03	2.70e-06
 5.18343e+16	9.96e-01	4.07e-03	2.45e-06
 5.19665e+16	9.96e-01	3.87e-03	2.23e-06
 5.21000e+16	9.96e-01	3.69e-03	2.02e-06
 5.22362e+16	9.96e-01	3.51e-03	1.84e-06
 5.23783e+16	9.97e-01	3.33e-03	1.66e-06
 5.25248e+16	9.97e-01	3.17e-03	1.50e-06
 5.26742e+16	9.97e-01	3.01e-03	1.35e-06
 5.28267e+16	9.97e-01	2.86e-03	1.22e-06
 5.29829e+16	9.97e-01	2.71e-03	1.10e-06
 5.31428e+16	9.97e-01	2.57e-03	9.85e-07
 5.33067e+16	9.98e-01	2.44e-03	8.84e-07
 5.34744e+16	9.98e-01	2.31e-03	7.92e-07
 5.36457e+16	9.98e-01	2.19e-03	7.09e-07
 5.38210e+16	9.98e-01	2.07e-03	6.34e-07
 5.40005e+16	9.98e-01	1.96e-03	5.66e-07
 5.41841e+16	9.98e-01	1.85e-03	5.05e-07
 5.43720e+16	9.98e-01	1.75e-03	4.50e-07
 5.45650e+16	9.98e-01	1.65e-03	3.99e-07
 5.47629e+16	9.98e-01	1.56e-03	3.54e-07
 5.49659e+16	9.99e-01	1.47e-03	3.14e-07
 5.51742e+16	9.99e-01	1.39e-03	2.77e-07
 5.53882e+16	9.99e-01	1.31e-03	2.45e-07
 5.56083e+16	9.99e-01	1.23e-03	2.15e-07
 5.58347e+16	9.99e-01	1.16e-03	1.89e-07
 5.60680e+16	9.99e-01	1.09e-03	1.65e-07
 5.63087e+16	9.99e-01	1.02e-03	1.44e-07
 5.65573e+16	9.99e-01	9.55e-04	1.26e-07
 5.68105e+16	9.99e-01	8.94e-04	1.09e-07
 5.70721e+16	9.99e-01	8.36e-04	9.46e-08
 5.73476e+16	9.99e-01	7.80e-04	8.14e-08
 5.76344e+16	9.99e-01	7.26e-04	6.97e-08
 5.79327e+16	9.99e-01	6.75e-04	5.94e-08
 5.82432e+16	9.99e-01	6.26e-04	5.04e-08
 5.85668e+16	9.99e-01	5.79e-04	4.25e-08
 5.89055e+16	9.99e-01	5.34e-04	3.55e-08
 5.92635e+16	1.00e+00	4.90e-04	2.95e-08
 5.96389e+16	1.00e+00	4.48e-04	2.43e-08
 6.00350e+16	1.00e+00	4.08e-04	1.98e-08
 6.04580e+16	1.00e+00	3.69e-04	1.59e-08
 6.09062e+16	1.00e+00	3.31e-04	1.26e-08
 6.13846e+16	1.00e+00	2.94e-04	9.81e-09
 6.19020e+16	1.00e+00	2.58e-04	7.48e-09
 6.24659e+16	1.00e+00	2.24e-04	5.55e-09
 6.30852e+16	1.00e+00	1.91e-04	4.00e-09
 6.37738e+16	1.00e+00	1.59e-04	2.77e-09
 6.45825e+16	1.00e+00	1.28e-04	1.79e-09
 6.55249e+16	1.00e+00	9.99e-05	1.10e-09
 6.65212e+16	1.00e+00	7.72e-05	6.59e-10
 6.76199e+16	1.00e+00	5.80e-05	3.74e-10
 6.89360e+16	1.00e+00	4.14e-05	1.92e-10
 7.04054e+16	1.00e+00	2.88e-05	9.37e-11
 7.19338e+16	1.00e+00	1.99e-05	4.53e-11
 7.34925e+16	1.00e+00	1.38e-05	2.20e-11
 7.50586e+16	1.00e+00	9.65e-06	1.08e-11
 7.66247e+16	1.00e+00	6.80e-06	5.43e-12
 7.81908e+16	1.00e+00	4.83e-06	2.76e-12
 7.97569e+16	1.00e+00	3.45e-06	1.43e-12
 8.13230e+16	1.00e+00	2.49e-06	7.50e-13
 8.28891e+16	1.00e+00	1.81e-06	3.99e-13
 8.44552e+16	1.00e+00	1.32e-06	2.15e-13
 8.60213e+16	1.00e+00	9.69e-07	1.18e-13
 8.75874e+16	1.00e+00	7.15e-07	6.50e-14
 8.91535e+16	1.00e+00	5.32e-07	3.64e-14
 9.07196e+16	1.00e+00	3.98e-07	2.06e-14
 9.25207e+16	1.00e+00	2.83e-07	1.06e-14
 9.45873e+16	1.00e+00	1.95e-07	5.18e-15
 9.66845e+16	1.00e+00	1.36e-07	2.55e-15
 9.87818e+16	1.00e+00	9.55e-08	1.28e-15
 1.01066e+17	1.00e+00	6.52e-08	6.09e-16
 1.03537e+17	1.00e+00	4.37e-08	2.81e-16
 1.06007e+17	1.00e+00	2.98e-08	1.34e-16
 1.08584e+17	1.00e+00	2.01e-08	6.20e-17
 1.11306e+17	1.00e+00	1.35e-08	2.87e-17
 1.14107e+17	1.00e+00	9.10e-09	1.32e-17
 1.16949e+17	1.00e+00	6.15e-09	6.16e-18
 1.19791e+17	1.00e+00	4.20e-09	2.93e-18
 1.22632e+17	1.00e+00	2.89e-09	1.42e-18
 1.25474e+17	1.00e+00	2.03e-09	7.05e-19
 1.28316e+17	1.00e+00	1.43e-09	3.56e-19
 1.31158e+17	1.00e+00	1.02e-09	1.83e-19
 1.34000e+17	1.00e+00	7.32e-10	9.55e-20
 1.36842e+17	1.00e+00	5.31e-10	5.07e-20
 1.39685e+17	1.00e+00	3.88e-10	2.73e-20
 1.42529e+17	1.00e+00	2.85e-10	1.49e-20
 1.45372e+17	1.00e+00	2.11e-10	8.26e-21
 1.48215e+17	1.00e+00	1.58e-10	0.00e+00
 1.51058e+17	1.00e+00	1.19e-10	0.00e+00
 1.53900e+17	1.00e+00	8.99e-11	0.00e+00
 1.56743e+17	1.00e+00	6.85e-11	0.00e+00
 1.60013e+17	1.00e+00	5.01e-11	0.00e+00
 1.63825e+17	1.00e+00	3.55e-11	0.00e+00
 1.67908e+17	1.00e+00	2.49e-11	0.00e+00
 1.72206e+17	1.00e+00	1.74e-11	0.00e+00
 1.76609e+17	1.00e+00	1.23e-11	0.00e+00
 1.81074e+17	1.00e+00	8.83e-12	0.00e+00
 1.85648e+17	1.00e+00	6.46e-12	0.00e+00
 1.90309e+17	1.00e+00	4.83e-12	0.00e+00
 1.94970e+17	1.00e+00	3.74e-12	0.00e+00
 1.99631e+17	1.00e+00	2.99e-12	0.00e+00
 2.04500e+17	1.00e+00	2.46e-12	0.00e+00
 2.09650e+17	1.00e+00	2.05e-12	0.00e+00
 2.14900e+17	1.00e+00	1.76e-12	0.00e+00
 2.20277e+17	1.00e+00	1.57e-12	0.00e+00
 2.25783e+17	1.00e+00	1.43e-12	0.00e+00
 2.31316e+17	1.00e+00	1.33e-12	0.00e+00
 2.37509e+17	1.00e+00	1.27e-12	0.00e+00
 2.44692e+17	1.00e+00	1.10e-12	0.00e+00
 2.52140e+17	1.00e+00	9.87e-13	0.00e+00
 2.59446e+17	1.00e+00	9.60e-13	0.00e+00
 2.66697e+17	1.00e+00	9.59e-13	0.00e+00
 2.74034e+17	1.00e+00	9.49e-13	0.00e+00
 2.81458e+17	1.00e+00	9.32e-13	0.00e+00
 2.88882e+17	1.00e+00	9.22e-13	0.00e+00
 2.96240e+17	1.00e+00	9.19e-13	0.00e+00
 3.03516e+17	1.00e+00	9.24e-13	0.00e+00
 3.10675e+17	1.00e+00	9.28e-13	0.00e+00
 3.17676e+17	1.00e+00	9.39e-13	0.00e+00
 3.24498e+17	1.00e+00	9.52e-13	0.00e+00
 3.31109e+17	1.00e+00	9.69e-13	0.00e+00
 3.37473e+17	1.00e+00	9.89e-13	0.00e+00
 3.43575e+17	1.00e+00	1.01e-12	0.00e+00
 3.49402e+17	1.00e+00	1.04e-12	0.00e+00
 3.54943e+17	1.00e+00	1.07e-12	0.00e+00
 3.60207e+17	1.00e+00	1.10e-12	0.00e+00
 3.65195e+17	1.00e+00	1.13e-12	0.00e+00
 3.69910e+17	1.00e+00	1.15e-12	0.00e+00
 3.74352e+17	1.00e+00	1.18e-12	0.00e+00
 3.78529e+17	1.00e+00	1.21e-12	0.00e+00
 3.82457e+17	1.00e+00	1.24e-12	0.00e+00
 3.86162e+17	1.00e+00	1.27e-12	0.00e+00
 3.89661e+17	1.00e+00	1.30e-12	0.00e+00
 3.92963e+17	1.00e+00	1.32e-12	0.00e+00
 3.96075e+17	1.00e+00	1.34e-12	0.00e+00
 3.99007e+17	1.00e+00	1.37e-12	0.00e+00
 4.01769e+17	1.00e+00	1.39e-12	0.00e+00
 4.04376e+17	1.00e+00	1.41e-12	0.00e+00
 4.06839e+17	1.00e+00	1.43e-12	0.00e+00
 4.09168e+17	1.00e+00	1.45e-12	0.00e+00
 4.11368e+17	1.00e+00	1.46e-12	0.00e+00
 4.13447e+17	1.00e+00	1.48e-12	0.00e+00
 4.15412e+17	1.00e+00	1.49e-12	0.00e+00
 4.17273e+17	1.00e+00	1.51e-12	0.00e+00
 4.19036e+17	1.00e+00	1.52e-12	0.00e+00
 4.20706e+17	1.00e+00	1.53e-12	0.00e+00
 4.22290e+17	1.00e+00	1.54e-12	0.00e+00
 4.23791e+17	1.00e+00	1.56e-12	0.00e+00
 4.25216e+17	1.00e+00	1.57e-12	0.00e+00
 4.26569e+17	1.00e+00	1.58e-12	0.00e+00
 4.27854e+17	1.00e+00	1.58e-12	0.00e+00
 4.29075e+17	1.00e+00	1.59e-12	0.00e+00
 4.30237e+17	1.00e+00	1.60e-12	0.00e+00
 4.31342e+17	1.00e+00	1.61e-12	0.00e+00
 4.32395e+17	1.00e+00	1.62e-12	0.00e+00
 4.33398e+17	1.00e+00	1.62e-12	0.00e+00
 4.34354e+17	1.00e+00	1.63e-12	0.00e+00
 4.35267e+17	1.00e+00	1.64e-12	0.00e+00
 4.36138e+17	1.00e+00	1.64e-12	0.00e+00
 4.36971e+17	1.00e+00	1.65e-12	0.00e+00
 4.37769e+17	1.00e+00	1.65e-12	0.00e+00
 4.38532e+17	1.00e+00	1.66e-12	0.00e+00
 4.39263e+17	1.00e+00	1.66e-12	0.00e+00
 4.39966e+17	1.00e+00	1.67e-12	0.00e+00
 4.40641e+17	1.00e+00	1.67e-12	0.00e+00
 4.41291e+17	1.00e+00	1.67e-12	0.00e+00
 4.41917e+17	1.00e+00	1.68e-12	0.00e+00
 4.42522e+17	1.00e+00	1.68e-12	0.00e+00
 4.43107e+17	1.00e+00	1.68e-12	0.00e+00
 4.43674e+17	1.00e+00	1.69e-12	0.00e+00
 4.44225e+17	1.00e+00	1.69e-12	0.00e+00
 4.44761e+17	1.00e+00	1.69e-12	0.00e+00
 4.45286e+17	1.00e+00	1.69e-12	0.00e+00
 4.45799e+17	1.00e+00	1.70e-12	0.00e+00
 4.46304e+17	1.00e+00	1.70e-12	0.00e+00
 4.46802e+17	1.00e+00	1.70e-12	0.00e+00
 4.47296e+17	1.00e+00	1.70e-12	0.00e+00
 4.47787e+17	1.00e+00	1.70e-12	0.00e+00
 4.48280e+17	1.00e+00	1.71e-12	0.00e+00
 4.48775e+17	1.00e+00	1.71e-12	0.00e+00
 4.49277e+17	1.00e+00	1.71e-12	0.00e+00
 4.49790e+17	1.00e+00	1.71e-12	0.00e+00
 4.50318e+17	1.00e+00	1.71e-12	0.00e+00
 4.50867e+17	1.00e+00	1.71e-12	0.00e+00
 4.51444e+17	1.00e+00	1.71e-12	0.00e+00
 4.52057e+17	1.00e+00	1.71e-12	0.00e+00
 4.52719e+17	1.00e+00	1.70e-12	0.00e+00
 4.53443e+17	1.00e+00	1.70e-12	0.00e+00
 4.54251e+17	1.00e+00	1.70e-12	0.00e+00
 4.55169e+17	1.00e+00	1.69e-12	0.00e+00
 4.56238e+17	1.00e+00	1.68e-12	0.00e+00
 4.57513e+17	1.00e+00	1.66e-12	0.00e+00
 4.59077e+17	1.00e+00	1.64e-12	0.00e+00
 4.61054e+17	1.00e+00	1.60e-12	0.00e+00
 4.63609e+17	1.00e+00	1.54e-12	0.00e+00
 4.66932e+17	1.00e+00	1.46e-12	0.00e+00
 4.71250e+17	1.00e+00	1.33e-12	0.00e+00
 4.76865e+17	1.00e+00	1.18e-12	0.00e+00
 4.84163e+17	1.00e+00	9.91e-13	0.00e+00
 4.93652e+17	1.00e+00	7.82e-13	0.00e+00
 5.05986e+17	1.00e+00	5.66e-13	0.00e+00
 5.22021e+17	1.00e+00	3.65e-13	0.00e+00
 5.41706e+17	1.00e+00	2.00e-13	0.00e+00
 5.63375e+17	1.00e+00	1.24e-13	0.00e+00
 5.85910e+17	1.00e+00	1.06e-13	0.00e+00
 6.09346e+17	1.00e+00	9.01e-14	0.00e+00
 6.33720e+17	1.00e+00	7.61e-14	0.00e+00
 6.59069e+17	1.00e+00	6.35e-14	0.00e+00
 6.85432e+17	1.00e+00	5.25e-14	0.00e+00
 7.12849e+17	1.00e+00	4.29e-14	0.00e+00
 7.41363e+17	1.00e+00	3.45e-14	0.00e+00
 7.69904e+17	1.00e+00	2.73e-14	0.00e+00
 7.96397e+17	1.00e+00	2.98e-14	0.00e+00
 8.19906e+17	1.00e+00	4.33e-14	0.00e+00
 8.41120e+17	1.00e+00	6.14e-14	0.00e+00
 8.61190e+17	1.00e+00	7.19e-14	0.00e+00
 8.80568e+17	1.00e+00	7.21e-14	0.00e+00
 8.98701e+17	1.00e+00	7.26e-14	0.00e+00
 9.14800e+17	1.00e+00	8.25e-14	0.00e+00
 9.28630e+17	1.00e+00	1.00e-13	0.00e+00
 9.40694e+17	1.00e+00	1.19e-13	0.00e+00
 9.51688e+17	1.00e+00	1.26e-13	0.00e+00
 9.61707e+17	1.00e+00	1.24e-13	0.00e+00
 9.69501e+17	1.00e+00	1.25e-13	0.00e+00
 9.74145e+17	1.00e+00	1.50e-13	0.00e+00
 9.76552e+17	1.00e+00	1.74e-13	0.00e+00
 9.77887e+17	1.00e+00	1.88e-13	0.00e+00
 9.78688e+17	1.00e+00	1.95e-13	0.00e+00
 9.79208e+17	1.00e+00	2.00e-13	0.00e+00
 9.79684e+17	1.00e+00	2.03e-13	0.00e+00
 9.80233e+17	1.00e+00	2.05e-13	0.00e+00
 9.80844e+17	1.00e+00	2.08e-13	0.00e+00
 9.81411e+17	1.00e+00	2.10e-13	0.00e+00
 9.81879e+17	1.00e+00	2.11e-13	0.00e+00
 9.82304e+17	1.00e+00	2.12e-13	0.00e+00
 9.82707e+17	1.00e+00	2.12e-13	0.00e+00
 9.83097e+17	1.00e+00	2.13e-13	0.00e+00
 9.83481e+17	1.00e+00	2.13e-13	0.00e+00
 9.83837e+17	1.00e+00	2.13e-13	0.00e+00
 9.84166e+17	1.00e+00	2.13e-13	0.00e+00
 9.84489e+17	1.00e+00	2.13e-13	0.00e+00
 9.84792e+17	1.00e+00	2.13e-13	0.00e+00
 9.85064e+17	1.00e+00	2.13e-13	0.00e+00
 9.85316e+17	1.00e+00	2.12e-13	0.00e+00
 9.85577e+17	1.00e+00	2.12e-13	0.00e+00
 9.85851e+17	1.00e+00	2.12e-13	0.00e+00
 9.86116e+17	1.00e+00	2.11e-13	0.00e+00
 9.86357e+17	1.00e+00	2.11e-13	0.00e+00
 9.86579e+17	1.00e+00	2.10e-13	0.00e+00
 9.86795e+17	1.00e+00	2.10e-13	0.00e+00
 9.87028e+17	1.00e+00	2.09e-13	0.00e+00
 9.87276e+17	1.00e+00	2.08e-13	0.00e+00
 9.87500e+17	1.00e+00	2.08e-13	0.00e+00
 9.87695e+17	1.00e+00	2.07e-13	0.00e+00
 9.87896e+17	1.00e+00	2.06e-13	0.00e+00
 9.88116e+17	1.00e+00	2.06e-13	0.00e+00
 9.88335e+17	1.00e+00	2.05e-13	0.00e+00
 9.88541e+17	1.00e+00	2.04e-13	0.00e+00
 9.88738e+17	1.00e+00	2.03e-13	0.00e+00
 9.88940e+17	1.00e+00	2.03e-13	0.00e+00
 9.89150e+17	1.00e+00	2.02e-13	0.00e+00
 9.89365e+17	1.00e+00	2.01e-13	0.00e+00
 9.89583e+17	1.00e+00	2.00e-13	0.00e+00
 9.89792e+17	1.00e+00	1.99e-13	0.00e+00
 9.89996e+17	1.00e+00	1.98e-13	0.00e+00
 9.90205e+17	1.00e+00	1.97e-13	0.00e+00
 9.90437e+17	1.00e+00	1.96e-13	0.00e+00
 9.90689e+17	1.00e+00	1.95e-13	0.00e+00
 9.90935e+17	1.00e+00	1.93e-13	0.00e+00
 9.91164e+17	1.00e+00	1.92e-13	0.00e+00
 9.91384e+17	1.00e+00	1.91e-13	0.00e+00
 9.91629e+17	1.00e+00	1.90e-13	0.00e+00
 9.91896e+17	1.00e+00	1.88e-13	0.00e+00
 9.92153e+17	1.00e+00	1.87e-13	0.00e+00
 9.92402e+17	1.00e+00	1.85e-13	0.00e+00
 9.92673e+17	1.00e+00	1.84e-13	0.00e+00
 9.92972e+17	1.00e+00	1.82e-13	0.00e+00
 9.93270e+17	1.00e+00	1.80e-13	0.00e+00
 9.93547e+17	1.00e+00	1.78e-13	0.00e+00
 9.93828e+17	1.00e+00	1.77e-13	0.00e+00
 9.94138e+17	1.00e+00	1.75e-13	0.00e+00
 9.94462e+17	1.00e+00	1.73e-13	0.00e+00
 9.94791e+17	1.00e+00	1.71e-13	0.00e+00
 9.95122e+17	1.00e+00	1.69e-13	0.00e+00
 9.95459e+17	1.00e+00	1.67e-13	0.00e+00
 9.95813e+17	1.00e+00	1.65e-13	0.00e+00
 9.96178e+17	1.00e+00	1.62e-13	0.00e+00
 9.96551e+17	1.00e+00	1.60e-13	0.00e+00
 9.96931e+17	1.00e+00	1.57e-13	0.00e+00
 9.97317e+17	1.00e+00	1.55e-13	0.00e+00
 9.97715e+17	1.00e+00	1.52e-13	0.00e+00
 9.98112e+17	1.00e+00	1.50e-13	0.00e+00
 9.98542e+17	1.00e+00	1.47e-13	0.00e+00
 9.99011e+17	1.00e+00	1.44e-13	0.00e+00
 9.99467e+17	1.00e+00	1.41e-13	0.00e+00
 9.99892e+17	1.00e+00	1.38e-13	0.00e+00
 1.00034e+18	1.00e+00	1.36e-13	0.00e+00
 1.00086e+18	1.00e+00	1.33e-13	0.00e+00
 1.00138e+18	1.00e+00	1.29e-13	0.00e+00
 1.00187e+18	1.00e+00	1.26e-13	0.00e+00
 1.00235e+18	1.00e+00	1.23e-13	0.00e+00
 1.00288e+18	1.00e+00	1.20e-13	0.00e+00
 1.00345e+18	1.00e+00	1.17e-13	0.00e+00
 1.00403e+18	1.00e+00	1.13e-13	0.00e+00
 1.00458e+18	1.00e+00	1.10e-13	0.00e+00
 1.00513e+18	1.00e+00	1.07e-13	0.00e+00
 1.00570e+18	1.00e+00	1.03e-13	0.00e+00
 1.00632e+18	1.00e+00	9.99e-14	0.00e+00
 1.00695e+18	1.00e+00	9.62e-14	0.00e+00
 1.00757e+18	1.00e+00	9.27e-14	0.00e+00
 1.00819e+18	1.00e+00	8.93e-14	0.00e+00
 1.00883e+18	1.00e+00	8.59e-14	0.00e+00
 1.00949e+18	1.00e+00	8.25e-14	0.00e+00
 1.01017e+18	1.00e+00	7.91e-14	0.00e+00
 1.01086e+18	1.00e+00	7.56e-14	0.00e+00
 1.01157e+18	1.00e+00	7.21e-14	0.00e+00
 1.01228e+18	1.00e+00	6.87e-14	0.00e+00
 1.01300e+18	1.00e+00	6.53e-14	0.00e+00
 1.01373e+18	1.00e+00	6.19e-14	0.00e+00
 1.01447e+18	1.00e+00	5.87e-14	0.00e+00
 1.01521e+18	1.00e+00	5.56e-14	0.00e+00
 1.01600e+18	1.00e+00	5.24e-14	0.00e+00
 1.01683e+18	1.00e+00	4.89e-14	0.00e+00
 1.01763e+18	1.00e+00	4.58e-14	0.00e+00
