#depth	N	N+	N+2	N+3	N+4	N+5	N+6	N+7
 1.49634e+10	0.00e+00	0.00e+00	2.01e-30	3.03e-20	8.30e-11	7.19e-01	2.81e-01	4.11e-05
 4.54887e+10	0.00e+00	3.35e-41	2.59e-30	3.62e-20	9.17e-11	7.34e-01	2.66e-01	3.58e-05
 7.72350e+10	0.00e+00	0.00e+00	3.35e-30	4.33e-20	1.01e-10	7.50e-01	2.50e-01	3.12e-05
 1.10251e+11	0.00e+00	6.54e-41	4.33e-30	5.16e-20	1.12e-10	7.64e-01	2.36e-01	2.72e-05
 1.44588e+11	0.00e+00	0.00e+00	5.58e-30	6.15e-20	1.23e-10	7.79e-01	2.21e-01	2.36e-05
 1.76606e+11	0.00e+00	1.23e-40	7.01e-30	7.20e-20	1.34e-10	7.91e-01	2.09e-01	2.08e-05
 2.04766e+11	0.00e+00	0.00e+00	8.50e-30	8.22e-20	1.44e-10	8.01e-01	1.99e-01	1.86e-05
 2.36157e+11	0.00e+00	2.08e-40	1.05e-29	9.49e-20	1.56e-10	8.11e-01	1.89e-01	1.65e-05
 2.73941e+11	0.00e+00	0.00e+00	1.33e-29	1.12e-19	1.71e-10	8.23e-01	1.77e-01	1.44e-05
 3.11963e+11	0.00e+00	3.88e-40	1.68e-29	1.31e-19	1.86e-10	8.34e-01	1.66e-01	1.26e-05
 3.46826e+11	0.00e+00	0.00e+00	2.06e-29	1.51e-19	2.01e-10	8.43e-01	1.57e-01	1.11e-05
 3.85656e+11	0.00e+00	6.80e-40	2.58e-29	1.76e-19	2.18e-10	8.52e-01	1.48e-01	9.76e-06
 4.30718e+11	0.00e+00	0.00e+00	3.30e-29	2.08e-19	2.38e-10	8.62e-01	1.38e-01	8.42e-06
 4.74822e+11	0.00e+00	1.28e-39	4.15e-29	2.44e-19	2.59e-10	8.71e-01	1.29e-01	7.32e-06
 5.16484e+11	0.00e+00	0.00e+00	5.13e-29	2.81e-19	2.80e-10	8.78e-01	1.22e-01	6.44e-06
 5.62864e+11	0.00e+00	2.27e-39	6.43e-29	3.28e-19	3.03e-10	8.86e-01	1.14e-01	5.61e-06
 6.15305e+11	0.00e+00	0.00e+00	8.22e-29	3.88e-19	3.31e-10	8.94e-01	1.06e-01	4.82e-06
 6.67858e+11	0.00e+00	4.30e-39	1.04e-28	4.55e-19	3.60e-10	9.01e-01	9.87e-02	4.16e-06
 7.22514e+11	0.00e+00	0.00e+00	1.32e-28	5.34e-19	3.92e-10	9.08e-01	9.19e-02	3.59e-06
 7.81341e+11	0.00e+00	8.11e-39	1.68e-28	6.30e-19	4.27e-10	9.15e-01	8.53e-02	3.08e-06
 8.42521e+11	0.00e+00	0.00e+00	2.15e-28	7.43e-19	4.66e-10	9.21e-01	7.90e-02	2.64e-06
 9.06149e+11	0.00e+00	1.55e-38	2.74e-28	8.76e-19	5.07e-10	9.27e-01	7.32e-02	2.26e-06
 9.72322e+11	0.00e+00	0.00e+00	3.50e-28	1.03e-18	5.52e-10	9.32e-01	6.78e-02	1.93e-06
 1.04114e+12	0.00e+00	2.95e-38	4.46e-28	1.22e-18	6.01e-10	9.37e-01	6.28e-02	1.65e-06
 1.11271e+12	0.00e+00	0.00e+00	5.69e-28	1.43e-18	6.54e-10	9.42e-01	5.81e-02	1.41e-06
 1.18715e+12	0.00e+00	5.61e-38	7.25e-28	1.69e-18	7.12e-10	9.46e-01	5.37e-02	1.20e-06
 1.26456e+12	0.00e+00	0.00e+00	9.24e-28	1.99e-18	7.74e-10	9.50e-01	4.96e-02	1.03e-06
 1.34507e+12	0.00e+00	1.07e-37	1.18e-27	2.34e-18	8.42e-10	9.54e-01	4.58e-02	8.76e-07
 1.42880e+12	0.00e+00	0.00e+00	1.50e-27	2.76e-18	9.15e-10	9.58e-01	4.23e-02	0.00e+00
 1.51032e+12	0.00e+00	1.99e-37	1.88e-27	3.21e-18	9.89e-10	9.61e-01	3.92e-02	0.00e+00
 1.58757e+12	0.00e+00	0.00e+00	2.32e-27	3.69e-18	1.06e-09	9.63e-01	3.66e-02	0.00e+00
 1.67346e+12	0.00e+00	3.53e-37	2.90e-27	4.29e-18	1.15e-09	9.66e-01	3.40e-02	0.00e+00
 1.76726e+12	0.00e+00	0.00e+00	3.67e-27	5.03e-18	1.24e-09	9.69e-01	3.14e-02	0.00e+00
 1.85726e+12	0.00e+00	6.43e-37	4.56e-27	5.81e-18	1.34e-09	9.71e-01	2.92e-02	0.00e+00
 1.95392e+12	0.00e+00	0.00e+00	5.71e-27	6.77e-18	1.45e-09	9.73e-01	2.71e-02	0.00e+00
 2.06200e+12	0.00e+00	1.20e-36	7.28e-27	7.97e-18	1.57e-09	9.75e-01	2.49e-02	0.00e+00
 2.17060e+12	3.05e-47	1.64e-36	9.21e-27	9.33e-18	1.70e-09	9.77e-01	2.30e-02	0.00e+00
 2.28354e+12	0.00e+00	0.00e+00	1.17e-26	1.09e-17	1.84e-09	9.79e-01	2.13e-02	0.00e+00
 2.40481e+12	0.00e+00	3.09e-36	1.49e-26	1.29e-17	2.00e-09	9.80e-01	1.96e-02	0.00e+00
 2.53093e+12	1.01e-46	4.27e-36	1.90e-26	1.52e-17	2.18e-09	9.82e-01	1.80e-02	0.00e+00
 2.66209e+12	0.00e+00	0.00e+00	2.42e-26	1.79e-17	2.36e-09	9.83e-01	1.66e-02	0.00e+00
 2.79850e+12	0.00e+00	8.17e-36	3.09e-26	2.10e-17	2.57e-09	9.85e-01	1.53e-02	0.00e+00
 2.94037e+12	3.41e-46	1.13e-35	3.95e-26	2.48e-17	2.79e-09	9.86e-01	1.40e-02	0.00e+00
 3.08791e+12	0.00e+00	0.00e+00	5.05e-26	2.93e-17	3.03e-09	9.87e-01	1.29e-02	0.00e+00
 3.24135e+12	0.00e+00	2.17e-35	6.46e-26	3.45e-17	3.30e-09	9.88e-01	1.19e-02	0.00e+00
 3.40093e+12	1.16e-45	3.01e-35	8.26e-26	4.07e-17	3.59e-09	9.89e-01	1.09e-02	0.00e+00
 3.55122e+12	0.00e+00	0.00e+00	1.03e-25	4.74e-17	3.87e-09	9.90e-01	1.01e-02	0.00e+00
 3.68597e+12	0.00e+00	5.24e-35	1.26e-25	5.40e-17	4.13e-09	9.91e-01	9.46e-03	0.00e+00
 3.83735e+12	3.29e-45	6.95e-35	1.55e-25	6.23e-17	4.44e-09	9.91e-01	8.80e-03	0.00e+00
 4.01634e+12	0.00e+00	0.00e+00	1.98e-25	7.33e-17	4.83e-09	9.92e-01	8.09e-03	0.00e+00
 4.19522e+12	0.00e+00	1.31e-34	2.50e-25	8.58e-17	5.22e-09	9.93e-01	7.47e-03	0.00e+00
 4.36361e+12	1.03e-44	1.73e-34	3.09e-25	9.90e-17	5.62e-09	9.93e-01	6.95e-03	0.00e+00
 4.55043e+12	0.00e+00	2.35e-34	3.89e-25	1.16e-16	6.07e-09	9.94e-01	6.42e-03	0.00e+00
 4.76238e+12	2.27e-44	3.27e-34	5.00e-25	1.37e-16	6.61e-09	9.94e-01	5.89e-03	0.00e+00
 4.97406e+12	0.00e+00	4.51e-34	6.37e-25	1.61e-16	7.19e-09	9.95e-01	5.42e-03	0.00e+00
 5.19422e+12	5.06e-44	6.21e-34	8.11e-25	1.90e-16	7.80e-09	9.95e-01	4.99e-03	0.00e+00
 5.43191e+12	0.00e+00	8.68e-34	1.05e-24	2.25e-16	8.51e-09	9.95e-01	4.58e-03	0.00e+00
 5.65468e+12	1.12e-43	1.17e-33	1.31e-24	2.63e-16	9.20e-09	9.96e-01	4.23e-03	0.00e+00
 5.85327e+12	0.00e+00	1.52e-33	1.60e-24	3.01e-16	9.85e-09	9.96e-01	3.96e-03	0.00e+00
 6.07636e+12	2.21e-43	2.03e-33	1.99e-24	3.48e-16	1.06e-08	9.96e-01	3.67e-03	0.00e+00
 6.34146e+12	0.00e+00	2.81e-33	2.55e-24	4.12e-16	1.16e-08	9.97e-01	3.37e-03	0.00e+00
 6.60696e+12	4.94e-43	3.86e-33	3.24e-24	4.85e-16	1.26e-08	9.97e-01	3.10e-03	0.00e+00
 6.85459e+12	0.00e+00	5.15e-33	4.03e-24	5.63e-16	1.35e-08	9.97e-01	2.88e-03	0.00e+00
 7.13022e+12	1.04e-42	7.00e-33	5.09e-24	6.59e-16	1.47e-08	9.97e-01	2.66e-03	0.00e+00
 7.44536e+12	0.00e+00	9.82e-33	6.58e-24	7.85e-16	1.60e-08	9.98e-01	2.43e-03	0.00e+00
 7.75590e+12	2.36e-42	1.36e-32	8.43e-24	9.30e-16	1.75e-08	9.98e-01	2.23e-03	0.00e+00
 8.05419e+12	0.00e+00	1.83e-32	1.06e-23	1.09e-15	1.89e-08	9.98e-01	2.06e-03	0.00e+00
 8.38159e+12	5.09e-42	2.52e-32	1.35e-23	1.28e-15	2.06e-08	9.98e-01	1.90e-03	0.00e+00
 8.74679e+12	0.00e+00	3.54e-32	1.75e-23	1.53e-15	2.25e-08	9.98e-01	1.73e-03	0.00e+00
 9.11755e+12	1.18e-41	4.96e-32	2.26e-23	1.83e-15	2.47e-08	9.98e-01	1.58e-03	0.00e+00
 9.50314e+12	0.00e+00	6.93e-32	2.92e-23	2.18e-15	2.70e-08	9.99e-01	1.45e-03	0.00e+00
 9.89718e+12	2.69e-41	9.63e-32	3.77e-23	2.60e-15	2.96e-08	9.99e-01	1.33e-03	0.00e+00
 1.03070e+13	0.00e+00	1.34e-31	4.85e-23	3.10e-15	3.24e-08	9.99e-01	1.21e-03	0.00e+00
 1.07492e+13	6.19e-41	1.89e-31	6.31e-23	3.72e-15	3.56e-08	9.99e-01	1.10e-03	0.00e+00
 1.12091e+13	0.00e+00	2.66e-31	8.22e-23	4.46e-15	3.91e-08	9.99e-01	1.01e-03	0.00e+00
 1.16874e+13	1.44e-40	3.74e-31	1.07e-22	5.36e-15	4.30e-08	9.99e-01	9.16e-04	0.00e+00
 1.21848e+13	0.00e+00	5.27e-31	1.39e-22	6.45e-15	4.73e-08	9.99e-01	8.34e-04	0.00e+00
 1.27021e+13	3.35e-40	7.41e-31	1.81e-22	7.76e-15	5.21e-08	9.99e-01	7.58e-04	0.00e+00
 1.31702e+13	0.00e+00	9.96e-31	2.28e-22	9.12e-15	5.67e-08	9.99e-01	6.98e-04	0.00e+00
 1.35606e+13	6.47e-40	1.26e-30	2.75e-22	1.04e-14	6.07e-08	9.99e-01	6.53e-04	0.00e+00
 1.39885e+13	0.00e+00	1.63e-30	3.35e-22	1.19e-14	6.52e-08	9.99e-01	6.08e-04	0.00e+00
 1.45299e+13	1.29e-39	2.22e-30	4.26e-22	1.42e-14	7.14e-08	9.99e-01	5.56e-04	0.00e+00
 1.50942e+13	0.00e+00	3.03e-30	5.43e-22	1.68e-14	7.81e-08	9.99e-01	5.09e-04	0.00e+00
 1.55762e+13	2.58e-39	3.91e-30	6.63e-22	1.94e-14	8.42e-08	1.00e+00	4.73e-04	0.00e+00
 1.60757e+13	0.00e+00	5.04e-30	8.10e-22	2.23e-14	9.07e-08	1.00e+00	4.39e-04	0.00e+00
 1.67001e+13	5.12e-39	6.85e-30	1.03e-21	2.65e-14	9.94e-08	1.00e+00	4.02e-04	0.00e+00
 1.73335e+13	0.00e+00	9.23e-30	1.30e-21	3.14e-14	1.09e-07	1.00e+00	3.68e-04	0.00e+00
 1.78828e+13	9.97e-39	1.18e-29	1.58e-21	3.61e-14	1.17e-07	1.00e+00	3.42e-04	0.00e+00
 1.84762e+13	0.00e+00	1.53e-29	1.94e-21	4.18e-14	1.27e-07	1.00e+00	3.17e-04	0.00e+00
 1.92028e+13	1.98e-38	2.08e-29	2.47e-21	4.97e-14	1.39e-07	1.00e+00	2.90e-04	0.00e+00
 1.99439e+13	0.00e+00	2.80e-29	3.13e-21	5.89e-14	1.52e-07	1.00e+00	2.65e-04	0.00e+00
 2.06194e+13	3.89e-38	3.63e-29	3.84e-21	6.83e-14	1.64e-07	1.00e+00	2.45e-04	0.00e+00
 2.13683e+13	0.00e+00	4.79e-29	4.78e-21	8.00e-14	1.79e-07	1.00e+00	2.25e-04	0.00e+00
 2.22423e+13	7.92e-38	6.53e-29	6.11e-21	9.56e-14	1.97e-07	1.00e+00	2.05e-04	0.00e+00
 2.31097e+13	0.00e+00	8.77e-29	7.72e-21	1.13e-13	2.16e-07	1.00e+00	1.88e-04	0.00e+00
 2.39369e+13	1.57e-37	1.15e-28	9.56e-21	1.32e-13	2.34e-07	1.00e+00	1.73e-04	0.00e+00
 2.48496e+13	0.00e+00	1.53e-28	1.20e-20	1.56e-13	2.56e-07	1.00e+00	1.59e-04	0.00e+00
 2.58735e+13	3.21e-37	2.08e-28	1.53e-20	1.85e-13	2.81e-07	1.00e+00	1.45e-04	0.00e+00
 2.69006e+13	0.00e+00	2.79e-28	1.93e-20	2.20e-13	3.08e-07	1.00e+00	1.32e-04	0.00e+00
 2.78196e+13	6.25e-37	3.60e-28	2.36e-20	2.54e-13	3.33e-07	1.00e+00	1.23e-04	0.00e+00
 2.86363e+13	0.00e+00	4.47e-28	2.81e-20	2.88e-13	3.56e-07	1.00e+00	1.15e-04	0.00e+00
 2.95628e+13	1.09e-36	5.69e-28	3.39e-20	3.30e-13	3.83e-07	1.00e+00	1.07e-04	0.00e+00
 3.05928e+13	0.00e+00	7.35e-28	4.16e-20	3.82e-13	4.14e-07	1.00e+00	9.87e-05	0.00e+00
 3.15581e+13	1.97e-36	9.28e-28	5.00e-20	4.36e-13	4.45e-07	1.00e+00	9.20e-05	0.00e+00
 3.26135e+13	0.00e+00	1.19e-27	6.07e-20	5.02e-13	4.80e-07	1.00e+00	8.55e-05	0.00e+00
 3.37969e+13	3.67e-36	1.55e-27	7.49e-20	5.84e-13	5.20e-07	1.00e+00	7.89e-05	0.00e+00
 3.49210e+13	0.00e+00	1.98e-27	9.09e-20	6.70e-13	5.60e-07	1.00e+00	7.33e-05	0.00e+00
 3.61567e+13	6.76e-36	2.56e-27	1.11e-19	7.76e-13	6.06e-07	1.00e+00	6.79e-05	0.00e+00
 3.75395e+13	0.00e+00	3.39e-27	1.39e-19	9.09e-13	6.60e-07	1.00e+00	6.24e-05	0.00e+00
 3.88513e+13	1.30e-35	4.38e-27	1.70e-19	1.05e-12	7.13e-07	1.00e+00	5.78e-05	0.00e+00
 4.00623e+13	0.00e+00	5.50e-27	2.04e-19	1.19e-12	7.64e-07	1.00e+00	5.40e-05	0.00e+00
 4.14047e+13	2.31e-35	7.04e-27	2.47e-19	1.37e-12	8.22e-07	1.00e+00	5.02e-05	0.00e+00
 4.29114e+13	0.00e+00	9.18e-27	3.04e-19	1.59e-12	8.90e-07	1.00e+00	4.64e-05	0.00e+00
 4.43372e+13	4.28e-35	1.17e-26	3.68e-19	1.82e-12	9.58e-07	1.00e+00	4.32e-05	0.00e+00
 4.58963e+13	0.00e+00	1.51e-26	4.51e-19	2.11e-12	1.03e-06	1.00e+00	4.00e-05	0.00e+00
 4.76218e+13	8.20e-35	1.99e-26	5.59e-19	2.45e-12	1.12e-06	1.00e+00	3.69e-05	0.00e+00
 4.92239e+13	0.00e+00	2.55e-26	6.78e-19	2.81e-12	1.21e-06	1.00e+00	3.44e-05	0.00e+00
 5.09669e+13	1.52e-34	3.31e-26	8.31e-19	3.25e-12	1.30e-06	1.00e+00	3.19e-05	0.00e+00
 5.29171e+13	2.14e-34	4.37e-26	1.03e-18	3.79e-12	1.41e-06	1.00e+00	2.94e-05	0.00e+00
 5.47590e+13	2.93e-34	5.65e-26	1.26e-18	4.37e-12	1.52e-06	1.00e+00	2.73e-05	0.00e+00
 5.67634e+13	4.07e-34	7.39e-26	1.56e-18	5.06e-12	1.65e-06	1.00e+00	2.52e-05	0.00e+00
 5.89981e+13	5.78e-34	9.86e-26	1.95e-18	5.93e-12	1.79e-06	1.00e+00	2.32e-05	0.00e+00
 6.11208e+13	8.00e-34	1.29e-25	2.40e-18	6.86e-12	1.93e-06	1.00e+00	2.15e-05	0.00e+00
 6.33943e+13	1.12e-33	1.69e-25	2.97e-18	7.96e-12	2.09e-06	1.00e+00	1.99e-05	0.00e+00
 6.59600e+13	1.61e-33	2.28e-25	3.74e-18	9.36e-12	2.28e-06	1.00e+00	1.83e-05	0.00e+00
 6.84995e+13	2.29e-33	3.03e-25	4.67e-18	1.09e-11	2.47e-06	1.00e+00	1.69e-05	0.00e+00
 7.11405e+13	3.24e-33	4.03e-25	5.82e-18	1.27e-11	2.68e-06	1.00e+00	1.56e-05	0.00e+00
 7.40161e+13	4.68e-33	5.43e-25	7.34e-18	1.50e-11	2.92e-06	1.00e+00	1.43e-05	0.00e+00
 7.70067e+13	6.77e-33	7.33e-25	9.25e-18	1.76e-11	3.17e-06	1.00e+00	1.32e-05	0.00e+00
 8.01169e+13	9.79e-33	9.90e-25	1.17e-17	2.07e-11	3.45e-06	1.00e+00	1.21e-05	0.00e+00
 8.31697e+13	1.39e-32	1.32e-24	1.45e-17	2.40e-11	3.74e-06	1.00e+00	1.12e-05	0.00e+00
 8.60122e+13	1.90e-32	1.70e-24	1.77e-17	2.75e-11	4.01e-06	1.00e+00	1.04e-05	0.00e+00
 8.91502e+13	2.67e-32	2.23e-24	2.18e-17	3.18e-11	4.33e-06	1.00e+00	9.68e-06	0.00e+00
 9.23690e+13	3.72e-32	2.93e-24	2.69e-17	3.67e-11	4.66e-06	1.00e+00	8.99e-06	0.00e+00
 9.50607e+13	4.88e-32	3.65e-24	3.18e-17	4.13e-11	4.95e-06	1.00e+00	8.47e-06	0.00e+00
 9.79027e+13	6.46e-32	4.58e-24	3.79e-17	4.65e-11	5.26e-06	1.00e+00	7.96e-06	0.00e+00
 1.01514e+14	9.11e-32	6.04e-24	4.69e-17	5.38e-11	5.68e-06	1.00e+00	7.39e-06	0.00e+00
 1.05289e+14	1.29e-31	8.00e-24	5.81e-17	6.23e-11	6.13e-06	1.00e+00	6.85e-06	0.00e+00
 1.08642e+14	1.74e-31	1.02e-23	6.99e-17	7.06e-11	6.53e-06	1.00e+00	6.42e-06	0.00e+00
 1.12282e+14	2.39e-31	1.32e-23	8.49e-17	8.06e-11	6.99e-06	1.00e+00	6.00e-06	0.00e+00
 1.16338e+14	3.35e-31	1.73e-23	1.05e-16	9.30e-11	7.53e-06	1.00e+00	5.58e-06	0.00e+00
 1.20128e+14	4.56e-31	2.22e-23	1.27e-16	1.06e-10	8.04e-06	1.00e+00	5.22e-06	0.00e+00
 1.24245e+14	6.32e-31	2.89e-23	1.54e-16	1.21e-10	8.61e-06	1.00e+00	4.88e-06	0.00e+00
 1.28835e+14	8.96e-31	3.83e-23	1.91e-16	1.40e-10	9.28e-06	1.00e+00	4.53e-06	0.00e+00
 1.33132e+14	1.23e-30	4.94e-23	2.32e-16	1.60e-10	9.92e-06	1.00e+00	4.23e-06	0.00e+00
 1.37808e+14	1.72e-30	6.48e-23	2.85e-16	1.83e-10	1.06e-05	1.00e+00	3.95e-06	0.00e+00
 1.43031e+14	2.47e-30	8.66e-23	3.56e-16	2.13e-10	1.15e-05	1.00e+00	3.66e-06	0.00e+00
 1.47940e+14	3.44e-30	1.13e-22	4.34e-16	2.44e-10	1.23e-05	1.00e+00	3.42e-06	0.00e+00
 1.53288e+14	4.87e-30	1.49e-22	5.37e-16	2.81e-10	1.32e-05	1.00e+00	3.18e-06	0.00e+00
 1.59273e+14	7.07e-30	2.02e-22	6.73e-16	3.27e-10	1.43e-05	1.00e+00	2.94e-06	0.00e+00
 1.64938e+14	9.97e-30	2.65e-22	8.29e-16	3.76e-10	1.53e-05	1.00e+00	2.74e-06	0.00e+00
 1.71006e+14	1.42e-29	3.53e-22	1.03e-15	4.35e-10	1.65e-05	1.00e+00	2.55e-06	0.00e+00
 1.77876e+14	2.09e-29	4.81e-22	1.30e-15	5.09e-10	1.78e-05	1.00e+00	2.36e-06	0.00e+00
 1.84633e+14	3.02e-29	6.46e-22	1.62e-15	5.91e-10	1.92e-05	1.00e+00	2.19e-06	0.00e+00
 1.91660e+14	4.36e-29	8.68e-22	2.03e-15	6.86e-10	2.07e-05	1.00e+00	2.03e-06	0.00e+00
 1.99356e+14	6.43e-29	1.18e-21	2.56e-15	8.03e-10	2.24e-05	1.00e+00	1.87e-06	0.00e+00
 2.07173e+14	9.38e-29	1.60e-21	3.22e-15	9.36e-10	2.42e-05	1.00e+00	1.73e-06	0.00e+00
 2.15302e+14	1.37e-28	2.17e-21	4.05e-15	1.09e-09	2.62e-05	1.00e+00	1.60e-06	0.00e+00
 2.23446e+14	1.97e-28	2.91e-21	5.05e-15	1.27e-09	2.82e-05	1.00e+00	1.49e-06	0.00e+00
 2.31152e+14	2.75e-28	3.81e-21	6.18e-15	1.45e-09	3.02e-05	1.00e+00	1.39e-06	0.00e+00
 2.39666e+14	3.93e-28	5.06e-21	7.66e-15	1.68e-09	3.25e-05	1.00e+00	1.29e-06	0.00e+00
 2.48190e+14	5.53e-28	6.67e-21	9.43e-15	1.93e-09	3.49e-05	1.00e+00	1.20e-06	0.00e+00
 2.55254e+14	7.29e-28	8.32e-21	1.11e-14	2.16e-09	3.69e-05	1.00e+00	1.14e-06	0.00e+00
 2.62737e+14	9.66e-28	1.04e-20	1.32e-14	2.42e-09	3.92e-05	1.00e+00	1.07e-06	0.00e+00
 2.72321e+14	1.37e-27	1.38e-20	1.64e-14	2.80e-09	4.21e-05	1.00e+00	9.97e-07	0.00e+00
 2.82383e+14	1.95e-27	1.84e-20	2.03e-14	3.23e-09	4.54e-05	1.00e+00	0.00e+00	0.00e+00
 2.91267e+14	2.64e-27	2.34e-20	2.44e-14	3.66e-09	4.83e-05	1.00e+00	0.00e+00	0.00e+00
 3.00870e+14	3.62e-27	3.02e-20	2.96e-14	4.17e-09	5.16e-05	1.00e+00	0.00e+00	0.00e+00
 3.12439e+14	5.22e-27	4.06e-20	3.71e-14	4.85e-09	5.58e-05	1.00e+00	0.00e+00	0.00e+00
 3.24172e+14	7.47e-27	5.42e-20	4.61e-14	5.63e-09	6.02e-05	1.00e+00	0.00e+00	0.00e+00
 3.35139e+14	1.03e-26	7.03e-20	5.63e-14	6.43e-09	6.44e-05	1.00e+00	0.00e+00	0.00e+00
 3.47340e+14	1.46e-26	9.30e-20	6.96e-14	7.43e-09	6.93e-05	1.00e+00	0.00e+00	0.00e+00
 3.60302e+14	2.09e-26	1.24e-19	8.65e-14	8.61e-09	7.47e-05	1.00e+00	0.00e+00	0.00e+00
 3.71820e+14	2.83e-26	1.58e-19	1.04e-13	9.77e-09	7.97e-05	1.00e+00	0.00e+00	0.00e+00
 3.84199e+14	3.88e-26	2.04e-19	1.27e-13	1.11e-08	8.53e-05	1.00e+00	0.00e+00	0.00e+00
 3.99034e+14	5.60e-26	2.75e-19	1.59e-13	1.30e-08	9.22e-05	1.00e+00	0.00e+00	0.00e+00
 4.13635e+14	7.92e-26	3.64e-19	1.97e-13	1.50e-08	9.93e-05	1.00e+00	0.00e+00	0.00e+00
 4.26634e+14	1.07e-25	4.63e-19	2.36e-13	1.70e-08	1.06e-04	1.00e+00	0.00e+00	0.00e+00
 4.40978e+14	1.47e-25	5.99e-19	2.87e-13	1.94e-08	1.13e-04	1.00e+00	0.00e+00	0.00e+00
 4.58082e+14	2.12e-25	8.06e-19	3.60e-13	2.26e-08	1.23e-04	1.00e+00	0.00e+00	0.00e+00
 4.75047e+14	3.01e-25	1.07e-18	4.47e-13	2.62e-08	1.32e-04	1.00e+00	0.00e+00	0.00e+00
 4.90530e+14	4.11e-25	1.37e-18	5.41e-13	2.98e-08	1.41e-04	1.00e+00	0.00e+00	0.00e+00
 5.07810e+14	5.73e-25	1.80e-18	6.64e-13	3.42e-08	1.52e-04	1.00e+00	0.00e+00	0.00e+00
 5.27944e+14	8.33e-25	2.43e-18	8.37e-13	4.00e-08	1.64e-04	1.00e+00	0.00e+00	0.00e+00
 5.47732e+14	1.19e-24	3.24e-18	1.04e-12	4.64e-08	1.77e-04	1.00e+00	0.00e+00	0.00e+00
 5.66415e+14	1.64e-24	4.21e-18	1.27e-12	5.31e-08	1.90e-04	1.00e+00	0.00e+00	0.00e+00
 5.87204e+14	2.32e-24	5.57e-18	1.57e-12	6.14e-08	2.05e-04	1.00e+00	0.00e+00	0.00e+00
 6.10723e+14	3.38e-24	7.55e-18	1.98e-12	7.19e-08	2.22e-04	1.00e+00	0.00e+00	0.00e+00
 6.34262e+14	4.89e-24	1.01e-17	2.48e-12	8.37e-08	2.40e-04	1.00e+00	0.00e+00	0.00e+00
 6.56346e+14	6.79e-24	1.32e-17	3.04e-12	9.60e-08	2.57e-04	1.00e+00	0.00e+00	0.00e+00
 6.80234e+14	9.59e-24	1.75e-17	3.76e-12	1.11e-07	2.77e-04	1.00e+00	0.00e+00	0.00e+00
 7.06922e+14	1.39e-23	2.36e-17	4.72e-12	1.29e-07	3.00e-04	1.00e+00	0.00e+00	0.00e+00
 7.31848e+14	1.95e-23	3.09e-17	5.80e-12	1.49e-07	3.22e-04	1.00e+00	0.00e+00	0.00e+00
 7.54928e+14	2.63e-23	3.94e-17	6.97e-12	1.68e-07	3.43e-04	1.00e+00	0.00e+00	0.00e+00
 7.77213e+14	3.48e-23	4.94e-17	8.28e-12	1.89e-07	3.64e-04	1.00e+00	0.00e+00	0.00e+00
 8.02040e+14	4.72e-23	6.32e-17	9.98e-12	2.15e-07	3.88e-04	1.00e+00	0.00e+00	0.00e+00
 8.29506e+14	6.53e-23	8.21e-17	1.22e-11	2.46e-07	4.16e-04	1.00e+00	0.00e+00	0.00e+00
 8.55055e+14	8.78e-23	1.04e-16	1.46e-11	2.77e-07	4.42e-04	1.00e+00	0.00e+00	0.00e+00
 8.82921e+14	1.20e-22	1.34e-16	1.76e-11	3.15e-07	4.72e-04	1.00e+00	0.00e+00	0.00e+00
 9.14316e+14	1.68e-22	1.76e-16	2.17e-11	3.63e-07	5.07e-04	9.99e-01	0.00e+00	0.00e+00
 9.44193e+14	2.30e-22	2.26e-16	2.63e-11	4.12e-07	5.41e-04	9.99e-01	0.00e+00	0.00e+00
 9.76927e+14	3.21e-22	2.96e-16	3.22e-11	4.73e-07	5.80e-04	9.99e-01	0.00e+00	0.00e+00
 1.01298e+15	4.55e-22	3.92e-16	3.99e-11	5.47e-07	6.25e-04	9.99e-01	0.00e+00	0.00e+00
 1.04609e+15	6.25e-22	5.06e-16	4.83e-11	6.21e-07	6.67e-04	9.99e-01	0.00e+00	0.00e+00
 1.08185e+15	8.65e-22	6.57e-16	5.89e-11	7.11e-07	7.14e-04	9.99e-01	0.00e+00	0.00e+00
 1.12193e+15	1.23e-21	8.74e-16	7.31e-11	8.22e-07	7.69e-04	9.99e-01	0.00e+00	0.00e+00
 1.15972e+15	1.70e-21	1.13e-15	8.90e-11	9.39e-07	8.23e-04	9.99e-01	0.00e+00	0.00e+00
 1.20096e+15	2.39e-21	1.49e-15	1.10e-10	1.08e-06	8.83e-04	9.99e-01	0.00e+00	0.00e+00
 1.24677e+15	3.41e-21	1.99e-15	1.37e-10	1.25e-06	9.55e-04	9.99e-01	0.00e+00	0.00e+00
 1.28949e+15	4.75e-21	2.59e-15	1.67e-10	1.43e-06	1.02e-03	9.99e-01	0.00e+00	0.00e+00
 1.33592e+15	6.66e-21	3.41e-15	2.06e-10	1.65e-06	1.10e-03	9.99e-01	0.00e+00	0.00e+00
 1.38793e+15	9.66e-21	4.60e-15	2.58e-10	1.93e-06	1.19e-03	9.99e-01	0.00e+00	0.00e+00
 1.43728e+15	1.35e-20	6.02e-15	3.17e-10	2.22e-06	1.28e-03	9.99e-01	0.00e+00	0.00e+00
 1.49006e+15	1.90e-20	7.96e-15	3.93e-10	2.56e-06	1.38e-03	9.99e-01	0.00e+00	0.00e+00
 1.54969e+15	2.76e-20	1.08e-14	4.95e-10	3.00e-06	1.49e-03	9.99e-01	0.00e+00	0.00e+00
 1.60844e+15	3.93e-20	1.43e-14	6.16e-10	3.48e-06	1.61e-03	9.98e-01	0.00e+00	0.00e+00
 1.66954e+15	5.58e-20	1.91e-14	7.68e-10	4.05e-06	1.75e-03	9.98e-01	0.00e+00	0.00e+00
 1.73635e+15	8.04e-20	2.57e-14	9.67e-10	4.74e-06	1.90e-03	9.98e-01	0.00e+00	0.00e+00
 1.80232e+15	1.14e-19	3.41e-14	1.20e-09	5.51e-06	2.05e-03	9.98e-01	0.00e+00	0.00e+00
 1.85720e+15	1.50e-19	4.28e-14	1.44e-09	6.22e-06	2.19e-03	9.98e-01	0.00e+00	0.00e+00
 1.90156e+15	1.87e-19	5.12e-14	1.65e-09	6.84e-06	2.30e-03	9.98e-01	0.00e+00	0.00e+00
 1.95075e+15	2.36e-19	6.19e-14	1.91e-09	7.58e-06	2.43e-03	9.98e-01	0.00e+00	0.00e+00
 2.01471e+15	3.16e-19	7.88e-14	2.31e-09	8.64e-06	2.60e-03	9.97e-01	0.00e+00	0.00e+00
 2.08329e+15	4.28e-19	1.01e-13	2.81e-09	9.89e-06	2.80e-03	9.97e-01	0.00e+00	0.00e+00
 2.14413e+15	5.55e-19	1.25e-13	3.32e-09	1.11e-05	2.98e-03	9.97e-01	0.00e+00	0.00e+00
 2.20949e+15	7.22e-19	1.56e-13	3.96e-09	1.25e-05	3.18e-03	9.97e-01	0.00e+00	0.00e+00
 2.29137e+15	1.00e-18	2.04e-13	4.89e-09	1.45e-05	3.45e-03	9.97e-01	0.00e+00	0.00e+00
 2.37449e+15	1.37e-18	2.64e-13	6.01e-09	1.68e-05	3.73e-03	9.96e-01	0.00e+00	0.00e+00
 2.44657e+15	1.78e-18	3.29e-13	7.15e-09	1.89e-05	3.98e-03	9.96e-01	0.00e+00	0.00e+00
 2.52456e+15	2.32e-18	4.11e-13	8.57e-09	2.15e-05	4.27e-03	9.96e-01	0.00e+00	0.00e+00
 2.62002e+15	3.20e-18	5.37e-13	1.06e-08	2.50e-05	4.64e-03	9.95e-01	0.00e+00	0.00e+00
 2.71629e+15	4.36e-18	6.96e-13	1.31e-08	2.89e-05	5.03e-03	9.95e-01	0.00e+00	0.00e+00
 2.80179e+15	5.71e-18	8.72e-13	1.57e-08	3.27e-05	5.39e-03	9.95e-01	0.00e+00	0.00e+00
 2.89524e+15	7.52e-18	1.10e-12	1.90e-08	3.74e-05	5.80e-03	9.94e-01	0.00e+00	0.00e+00
 3.00704e+15	1.04e-17	1.44e-12	2.36e-08	4.36e-05	6.32e-03	9.94e-01	0.00e+00	0.00e+00
 3.11768e+15	1.40e-17	1.86e-12	2.91e-08	5.04e-05	6.86e-03	9.93e-01	0.00e+00	0.00e+00
 3.21755e+15	1.83e-17	2.33e-12	3.49e-08	5.73e-05	7.37e-03	9.93e-01	0.00e+00	0.00e+00
 3.32839e+15	2.42e-17	2.96e-12	4.25e-08	6.57e-05	7.96e-03	9.92e-01	0.00e+00	0.00e+00
 3.45888e+15	3.34e-17	3.88e-12	5.31e-08	7.67e-05	8.69e-03	9.91e-01	0.00e+00	0.00e+00
 3.58758e+15	4.52e-17	5.02e-12	6.57e-08	8.89e-05	9.44e-03	9.90e-01	0.00e+00	0.00e+00
 3.70713e+15	5.97e-17	6.35e-12	7.95e-08	1.01e-04	1.02e-02	9.90e-01	0.00e+00	0.00e+00
 3.84115e+15	7.97e-17	8.14e-12	9.78e-08	1.17e-04	1.10e-02	9.89e-01	0.00e+00	0.00e+00
 3.99482e+15	1.10e-16	1.07e-11	1.23e-07	1.37e-04	1.21e-02	9.88e-01	0.00e+00	0.00e+00
 4.14615e+15	1.72e-16	1.40e-11	1.53e-07	1.59e-04	1.31e-02	9.87e-01	0.00e+00	0.00e+00
 4.26938e+15	2.20e-16	1.72e-11	1.81e-07	1.79e-04	1.40e-02	9.86e-01	0.00e+00	0.00e+00
 4.36548e+15	2.65e-16	2.01e-11	2.07e-07	1.95e-04	1.48e-02	9.85e-01	0.00e+00	0.00e+00
 4.47094e+15	3.24e-16	2.38e-11	2.38e-07	2.15e-04	1.56e-02	9.84e-01	0.00e+00	0.00e+00
 4.60804e+15	4.17e-16	2.96e-11	2.84e-07	2.43e-04	1.67e-02	9.83e-01	0.00e+00	0.00e+00
 4.75530e+15	5.43e-16	3.70e-11	3.42e-07	2.76e-04	1.79e-02	9.82e-01	0.00e+00	0.00e+00
 4.88653e+15	6.80e-16	4.49e-11	4.02e-07	3.07e-04	1.91e-02	9.81e-01	0.00e+00	0.00e+00
 5.02787e+15	8.64e-16	5.51e-11	4.75e-07	3.44e-04	2.03e-02	9.79e-01	0.00e+00	0.00e+00
 5.20993e+15	1.17e-15	7.13e-11	5.88e-07	3.98e-04	2.21e-02	9.78e-01	0.00e+00	0.00e+00
 5.39413e+15	1.56e-15	9.15e-11	7.24e-07	4.57e-04	2.39e-02	9.76e-01	0.00e+00	0.00e+00
 5.54591e+15	1.97e-15	1.12e-10	8.53e-07	5.11e-04	2.54e-02	9.74e-01	0.00e+00	0.00e+00
 5.70634e+15	2.51e-15	1.37e-10	1.01e-06	5.73e-04	2.71e-02	9.72e-01	0.00e+00	0.00e+00
 5.91298e+15	3.40e-15	1.78e-10	1.25e-06	6.61e-04	2.94e-02	9.70e-01	0.00e+00	0.00e+00
 6.13109e+15	4.63e-15	2.32e-10	1.56e-06	7.65e-04	3.18e-02	9.67e-01	0.00e+00	0.00e+00
 6.32472e+15	6.00e-15	2.90e-10	1.88e-06	8.66e-04	3.41e-02	9.65e-01	0.00e+00	0.00e+00
 6.53510e+15	7.95e-15	3.69e-10	2.29e-06	9.87e-04	3.67e-02	9.62e-01	0.00e+00	0.00e+00
 6.78711e+15	1.10e-14	4.89e-10	2.88e-06	1.15e-03	4.00e-02	9.59e-01	0.00e+00	0.00e+00
 7.03612e+15	1.50e-14	6.37e-10	3.58e-06	1.33e-03	4.33e-02	9.55e-01	0.00e+00	0.00e+00
 7.26045e+15	1.96e-14	8.01e-10	4.33e-06	1.51e-03	4.64e-02	9.52e-01	0.00e+00	0.00e+00
 7.50980e+15	2.63e-14	1.03e-09	5.31e-06	1.73e-03	5.00e-02	9.48e-01	0.00e+00	0.00e+00
 7.80376e+15	3.68e-14	1.37e-09	6.73e-06	2.02e-03	5.44e-02	9.44e-01	0.00e+00	0.00e+00
 8.09295e+15	5.03e-14	1.80e-09	8.40e-06	2.34e-03	5.90e-02	9.39e-01	0.00e+00	0.00e+00
 8.36014e+15	6.65e-14	2.28e-09	1.02e-05	2.66e-03	6.33e-02	9.34e-01	0.00e+00	0.00e+00
 8.66100e+15	9.08e-14	2.98e-09	1.27e-05	3.07e-03	6.84e-02	9.29e-01	0.00e+00	0.00e+00
 9.00747e+15	1.29e-13	4.01e-09	1.62e-05	3.61e-03	7.45e-02	9.22e-01	0.00e+00	0.00e+00
 9.29532e+15	1.68e-13	5.06e-09	1.96e-05	4.09e-03	7.97e-02	9.16e-01	0.00e+00	0.00e+00
 9.49897e+15	2.04e-13	5.96e-09	2.24e-05	4.46e-03	8.36e-02	9.12e-01	0.00e+00	0.00e+00
 9.71155e+15	2.48e-13	7.05e-09	2.57e-05	4.88e-03	8.77e-02	9.07e-01	0.00e+00	0.00e+00
 9.98791e+15	3.21e-13	8.76e-09	3.05e-05	5.47e-03	9.31e-02	9.01e-01	0.00e+00	0.00e+00
 1.02947e+16	4.21e-13	1.10e-08	3.68e-05	6.18e-03	9.93e-02	8.94e-01	0.00e+00	0.00e+00
 1.05806e+16	5.37e-13	1.36e-08	4.35e-05	6.90e-03	1.05e-01	8.88e-01	0.00e+00	0.00e+00
 1.08919e+16	7.00e-13	1.70e-08	5.21e-05	7.76e-03	1.12e-01	8.80e-01	0.00e+00	0.00e+00
 1.12389e+16	9.28e-13	2.16e-08	6.32e-05	8.81e-03	1.20e-01	8.72e-01	0.00e+00	0.00e+00
 1.15648e+16	1.20e-12	2.69e-08	7.54e-05	9.90e-03	1.27e-01	8.63e-01	0.00e+00	0.00e+00
 1.19208e+16	1.59e-12	3.40e-08	9.11e-05	1.12e-02	1.35e-01	8.53e-01	0.00e+00	0.00e+00
 1.23173e+16	2.14e-12	4.37e-08	1.12e-04	1.28e-02	1.45e-01	8.42e-01	0.00e+00	0.00e+00
 1.26896e+16	2.80e-12	5.50e-08	1.34e-04	1.44e-02	1.54e-01	8.32e-01	0.00e+00	0.00e+00
 1.30967e+16	3.76e-12	7.05e-08	1.64e-04	1.64e-02	1.64e-01	8.19e-01	0.00e+00	0.00e+00
 1.35438e+16	5.10e-12	9.14e-08	2.02e-04	1.88e-02	1.76e-01	8.05e-01	0.00e+00	0.00e+00
 1.39569e+16	6.72e-12	1.15e-07	2.44e-04	2.13e-02	1.87e-01	7.92e-01	0.00e+00	0.00e+00
 1.44080e+16	9.07e-12	1.48e-07	2.99e-04	2.43e-02	1.99e-01	7.77e-01	0.00e+00	0.00e+00
 1.49021e+16	1.24e-11	1.93e-07	3.70e-04	2.79e-02	2.12e-01	7.59e-01	0.00e+00	0.00e+00
 1.53478e+16	1.62e-11	2.43e-07	4.45e-04	3.14e-02	2.25e-01	7.43e-01	0.00e+00	0.00e+00
 1.58232e+16	2.16e-11	3.10e-07	5.40e-04	3.56e-02	2.38e-01	7.26e-01	0.00e+00	0.00e+00
 1.63510e+16	2.93e-11	4.00e-07	6.66e-04	4.07e-02	2.53e-01	7.06e-01	0.00e+00	0.00e+00
 1.68330e+16	3.82e-11	5.02e-07	8.01e-04	4.58e-02	2.67e-01	6.87e-01	0.00e+00	0.00e+00
 1.72755e+16	4.87e-11	6.17e-07	9.48e-04	5.10e-02	2.79e-01	6.69e-01	0.00e+00	0.00e+00
 1.76980e+16	6.11e-11	7.47e-07	1.11e-03	5.63e-02	2.91e-01	6.51e-01	0.00e+00	0.00e+00
 1.81648e+16	7.87e-11	9.24e-07	1.32e-03	6.27e-02	3.05e-01	6.31e-01	0.00e+00	0.00e+00
 1.86592e+16	1.01e-10	1.15e-06	1.57e-03	7.01e-02	3.19e-01	6.10e-01	0.00e+00	0.00e+00
 1.90985e+16	1.26e-10	1.38e-06	1.83e-03	7.71e-02	3.31e-01	5.91e-01	0.00e+00	0.00e+00
 1.95787e+16	1.61e-10	1.70e-06	2.16e-03	8.55e-02	3.44e-01	5.69e-01	0.00e+00	0.00e+00
 2.00995e+16	2.08e-10	2.10e-06	2.58e-03	9.54e-02	3.57e-01	5.45e-01	0.00e+00	0.00e+00
 2.05781e+16	2.61e-10	2.55e-06	3.03e-03	1.05e-01	3.69e-01	5.23e-01	0.00e+00	0.00e+00
 2.11051e+16	3.38e-10	3.17e-06	3.61e-03	1.17e-01	3.82e-01	4.98e-01	0.00e+00	0.00e+00
 2.16710e+16	4.41e-10	3.97e-06	4.34e-03	1.30e-01	3.95e-01	4.70e-01	0.00e+00	0.00e+00
 2.21817e+16	5.56e-10	4.83e-06	5.11e-03	1.44e-01	4.05e-01	4.46e-01	0.00e+00	0.00e+00
 2.26451e+16	6.87e-10	5.78e-06	5.93e-03	1.57e-01	4.14e-01	4.24e-01	0.00e+00	0.00e+00
 2.31526e+16	8.79e-10	7.10e-06	7.00e-03	1.72e-01	4.23e-01	3.98e-01	0.00e+00	0.00e+00
 2.36920e+16	1.13e-09	8.75e-06	8.31e-03	1.90e-01	4.30e-01	3.72e-01	0.00e+00	0.00e+00
 2.41559e+16	1.39e-09	1.04e-05	9.61e-03	2.06e-01	4.36e-01	3.49e-01	0.00e+00	0.00e+00
 2.45758e+16	1.69e-09	1.23e-05	1.10e-02	2.21e-01	4.40e-01	3.28e-01	0.00e+00	0.00e+00
 2.50554e+16	2.13e-09	1.49e-05	1.28e-02	2.40e-01	4.42e-01	3.05e-01	0.00e+00	0.00e+00
 2.55453e+16	2.69e-09	1.81e-05	1.50e-02	2.60e-01	4.44e-01	2.81e-01	0.00e+00	0.00e+00
 2.59357e+16	3.23e-09	2.11e-05	1.70e-02	2.77e-01	4.43e-01	2.62e-01	0.00e+00	0.00e+00
 2.62788e+16	3.83e-09	2.42e-05	1.90e-02	2.93e-01	4.42e-01	2.46e-01	0.00e+00	0.00e+00
 2.66731e+16	4.67e-09	2.85e-05	2.17e-02	3.13e-01	4.39e-01	2.27e-01	0.00e+00	0.00e+00
 2.70966e+16	5.83e-09	3.42e-05	2.50e-02	3.34e-01	4.34e-01	2.07e-01	0.00e+00	0.00e+00
 2.74603e+16	7.02e-09	3.98e-05	2.83e-02	3.53e-01	4.28e-01	1.90e-01	0.00e+00	0.00e+00
 2.77769e+16	8.23e-09	4.54e-05	3.15e-02	3.71e-01	4.21e-01	1.76e-01	0.00e+00	0.00e+00
 2.81302e+16	1.02e-08	5.38e-05	3.58e-02	3.92e-01	4.13e-01	1.60e-01	0.00e+00	0.00e+00
 2.85003e+16	1.24e-08	6.29e-05	4.07e-02	4.13e-01	4.02e-01	1.44e-01	0.00e+00	0.00e+00
 2.88116e+16	1.50e-08	7.33e-05	4.56e-02	4.33e-01	3.91e-01	1.30e-01	0.00e+00	0.00e+00
 2.90807e+16	1.76e-08	8.33e-05	5.03e-02	4.50e-01	3.81e-01	1.19e-01	0.00e+00	0.00e+00
 2.93754e+16	2.03e-08	9.41e-05	5.61e-02	4.69e-01	3.68e-01	1.07e-01	0.00e+00	0.00e+00
 2.96929e+16	2.47e-08	1.10e-04	6.33e-02	4.90e-01	3.52e-01	9.47e-02	0.00e+00	0.00e+00
 2.99614e+16	3.11e-08	1.31e-04	7.06e-02	5.08e-01	3.37e-01	8.38e-02	0.00e+00	0.00e+00
 3.01746e+16	3.44e-08	1.43e-04	7.65e-02	5.23e-01	3.24e-01	7.62e-02	0.00e+00	0.00e+00
 3.03948e+16	4.03e-08	1.61e-04	8.38e-02	5.38e-01	3.10e-01	6.79e-02	0.00e+00	0.00e+00
 3.06358e+16	4.78e-08	1.85e-04	9.24e-02	5.55e-01	2.93e-01	5.94e-02	0.00e+00	0.00e+00
 3.08468e+16	5.63e-08	2.09e-04	1.01e-01	5.70e-01	2.77e-01	5.21e-02	0.00e+00	0.00e+00
 3.10225e+16	6.51e-08	2.34e-04	1.09e-01	5.82e-01	2.62e-01	4.62e-02	0.00e+00	0.00e+00
 3.11827e+16	7.80e-08	2.66e-04	1.17e-01	5.94e-01	2.48e-01	4.07e-02	0.00e+00	0.00e+00
 3.13353e+16	8.49e-08	2.86e-04	1.25e-01	6.04e-01	2.34e-01	3.62e-02	0.00e+00	0.00e+00
 3.15050e+16	9.83e-08	3.20e-04	1.35e-01	6.16e-01	2.18e-01	3.10e-02	0.00e+00	0.00e+00
 3.16800e+16	1.15e-07	3.59e-04	1.45e-01	6.28e-01	2.00e-01	2.61e-02	0.00e+00	0.00e+00
 3.18181e+16	1.32e-07	3.98e-04	1.55e-01	6.37e-01	1.86e-01	2.24e-02	0.00e+00	0.00e+00
 3.19291e+16	1.53e-07	4.42e-04	1.63e-01	6.44e-01	1.73e-01	1.94e-02	0.00e+00	0.00e+00
 3.20315e+16	1.68e-07	4.75e-04	1.71e-01	6.50e-01	1.62e-01	1.70e-02	0.00e+00	0.00e+00
 3.21476e+16	1.92e-07	5.22e-04	1.80e-01	6.57e-01	1.48e-01	1.42e-02	0.00e+00	0.00e+00
 3.22697e+16	2.18e-07	5.73e-04	1.90e-01	6.64e-01	1.34e-01	1.17e-02	0.00e+00	0.00e+00
 3.23607e+16	2.33e-07	6.03e-04	1.98e-01	6.68e-01	1.24e-01	1.00e-02	0.00e+00	0.00e+00
 3.24289e+16	2.59e-07	6.49e-04	2.04e-01	6.71e-01	1.15e-01	8.74e-03	0.00e+00	0.00e+00
 3.24916e+16	2.76e-07	6.80e-04	2.09e-01	6.74e-01	1.08e-01	7.72e-03	0.00e+00	0.00e+00
 3.25582e+16	3.00e-07	7.21e-04	2.16e-01	6.77e-01	9.97e-02	6.63e-03	0.00e+00	0.00e+00
 3.26323e+16	3.26e-07	7.67e-04	2.23e-01	6.80e-01	9.10e-02	5.58e-03	0.00e+00	0.00e+00
 3.27018e+16	3.53e-07	8.12e-04	2.29e-01	6.82e-01	8.31e-02	4.69e-03	0.00e+00	0.00e+00
 3.27664e+16	3.80e-07	8.56e-04	2.36e-01	6.84e-01	7.59e-02	3.96e-03	0.00e+00	0.00e+00
 3.28390e+16	4.16e-07	9.13e-04	2.43e-01	6.85e-01	6.79e-02	3.20e-03	0.00e+00	0.00e+00
 3.29162e+16	4.54e-07	9.71e-04	2.50e-01	6.86e-01	6.01e-02	2.54e-03	0.00e+00	0.00e+00
 3.29846e+16	4.91e-07	1.03e-03	2.56e-01	6.87e-01	5.35e-02	2.04e-03	0.00e+00	0.00e+00
 3.30589e+16	5.37e-07	1.10e-03	2.64e-01	6.87e-01	4.67e-02	1.58e-03	0.00e+00	0.00e+00
 3.31411e+16	5.88e-07	1.17e-03	2.71e-01	6.87e-01	4.00e-02	1.18e-03	0.00e+00	0.00e+00
 3.32193e+16	6.41e-07	1.24e-03	2.78e-01	6.86e-01	3.43e-02	8.85e-04	0.00e+00	0.00e+00
 3.33066e+16	7.06e-07	1.33e-03	2.86e-01	6.84e-01	2.86e-02	6.28e-04	0.00e+00	0.00e+00
 3.34202e+16	7.97e-07	1.44e-03	2.95e-01	6.81e-01	2.25e-02	3.98e-04	0.00e+00	0.00e+00
 3.35397e+16	8.97e-07	1.57e-03	3.04e-01	6.76e-01	1.75e-02	2.46e-04	0.00e+00	0.00e+00
 3.36492e+16	9.95e-07	1.68e-03	3.12e-01	6.72e-01	1.39e-02	1.58e-04	0.00e+00	0.00e+00
 3.37740e+16	1.12e-06	1.82e-03	3.21e-01	6.67e-01	1.06e-02	9.46e-05	0.00e+00	0.00e+00
 3.39363e+16	1.28e-06	2.00e-03	3.31e-01	6.59e-01	7.60e-03	4.95e-05	0.00e+00	0.00e+00
 3.41473e+16	1.52e-06	2.24e-03	3.44e-01	6.48e-01	5.04e-03	2.21e-05	0.00e+00	0.00e+00
 3.44215e+16	1.88e-06	2.58e-03	3.60e-01	6.34e-01	3.07e-03	8.28e-06	0.00e+00	0.00e+00
 3.47781e+16	2.47e-06	3.08e-03	3.81e-01	6.14e-01	1.71e-03	2.57e-06	0.00e+00	0.00e+00
 3.51517e+16	3.31e-06	3.75e-03	4.04e-01	5.91e-01	9.94e-04	8.60e-07	0.00e+00	0.00e+00
 3.54609e+16	4.30e-06	4.46e-03	4.25e-01	5.70e-01	6.57e-04	0.00e+00	0.00e+00	0.00e+00
 3.57254e+16	5.41e-06	5.21e-03	4.44e-01	5.50e-01	4.67e-04	0.00e+00	0.00e+00	0.00e+00
 3.60184e+16	7.06e-06	6.24e-03	4.67e-01	5.26e-01	3.21e-04	0.00e+00	0.00e+00	0.00e+00
 3.63353e+16	9.59e-06	7.68e-03	4.94e-01	4.98e-01	2.18e-04	0.00e+00	0.00e+00	0.00e+00
 3.65562e+16	1.22e-05	9.03e-03	5.14e-01	4.77e-01	1.69e-04	0.00e+00	0.00e+00	0.00e+00
 3.66690e+16	1.38e-05	9.84e-03	5.25e-01	4.65e-01	1.48e-04	0.00e+00	0.00e+00	0.00e+00
 3.67684e+16	1.54e-05	1.06e-02	5.35e-01	4.54e-01	1.31e-04	0.00e+00	0.00e+00	0.00e+00
 3.68976e+16	1.78e-05	1.17e-02	5.48e-01	4.40e-01	1.11e-04	0.00e+00	0.00e+00	0.00e+00
 3.70656e+16	2.16e-05	1.34e-02	5.65e-01	4.21e-01	9.00e-05	0.00e+00	0.00e+00	0.00e+00
 3.72368e+16	2.67e-05	1.55e-02	5.84e-01	4.01e-01	7.27e-05	0.00e+00	0.00e+00	0.00e+00
 3.73693e+16	3.17e-05	1.75e-02	5.99e-01	3.84e-01	6.15e-05	0.00e+00	0.00e+00	0.00e+00
 3.74776e+16	3.66e-05	1.93e-02	6.11e-01	3.70e-01	5.34e-05	0.00e+00	0.00e+00	0.00e+00
 3.75762e+16	4.19e-05	2.12e-02	6.22e-01	3.56e-01	4.68e-05	0.00e+00	0.00e+00	0.00e+00
 3.76674e+16	4.77e-05	2.32e-02	6.33e-01	3.44e-01	4.14e-05	0.00e+00	0.00e+00	0.00e+00
 3.77703e+16	5.52e-05	2.57e-02	6.45e-01	3.29e-01	3.57e-05	0.00e+00	0.00e+00	0.00e+00
 3.78786e+16	6.50e-05	2.88e-02	6.58e-01	3.13e-01	3.06e-05	0.00e+00	0.00e+00	0.00e+00
 3.79678e+16	7.47e-05	3.17e-02	6.68e-01	3.00e-01	2.69e-05	0.00e+00	0.00e+00	0.00e+00
 3.80434e+16	8.43e-05	3.45e-02	6.77e-01	2.89e-01	2.40e-05	0.00e+00	0.00e+00	0.00e+00
 3.81273e+16	9.65e-05	3.79e-02	6.86e-01	2.76e-01	2.10e-05	0.00e+00	0.00e+00	0.00e+00
 3.82197e+16	1.13e-04	4.22e-02	6.97e-01	2.61e-01	1.81e-05	0.00e+00	0.00e+00	0.00e+00
 3.83013e+16	1.30e-04	4.66e-02	7.05e-01	2.48e-01	1.59e-05	0.00e+00	0.00e+00	0.00e+00
 3.83705e+16	1.47e-04	5.08e-02	7.12e-01	2.37e-01	1.41e-05	0.00e+00	0.00e+00	0.00e+00
 3.84456e+16	1.69e-04	5.59e-02	7.20e-01	2.24e-01	1.23e-05	0.00e+00	0.00e+00	0.00e+00
 3.85280e+16	1.97e-04	6.22e-02	7.27e-01	2.10e-01	1.06e-05	0.00e+00	0.00e+00	0.00e+00
 3.85999e+16	2.27e-04	6.87e-02	7.33e-01	1.98e-01	9.24e-06	0.00e+00	0.00e+00	0.00e+00
 3.86603e+16	2.57e-04	7.48e-02	7.37e-01	1.88e-01	8.20e-06	0.00e+00	0.00e+00	0.00e+00
 3.87258e+16	2.94e-04	8.20e-02	7.41e-01	1.77e-01	7.16e-06	0.00e+00	0.00e+00	0.00e+00
 3.87984e+16	3.44e-04	9.12e-02	7.44e-01	1.65e-01	6.13e-06	0.00e+00	0.00e+00	0.00e+00
 3.88630e+16	3.96e-04	1.01e-01	7.46e-01	1.53e-01	5.30e-06	0.00e+00	0.00e+00	0.00e+00
 3.89175e+16	4.49e-04	1.10e-01	7.46e-01	1.44e-01	4.67e-06	0.00e+00	0.00e+00	0.00e+00
 3.89763e+16	5.13e-04	1.20e-01	7.45e-01	1.34e-01	4.04e-06	0.00e+00	0.00e+00	0.00e+00
 3.90409e+16	6.00e-04	1.34e-01	7.43e-01	1.23e-01	3.42e-06	0.00e+00	0.00e+00	0.00e+00
 3.90983e+16	6.92e-04	1.47e-01	7.39e-01	1.13e-01	2.93e-06	0.00e+00	0.00e+00	0.00e+00
 3.91479e+16	7.86e-04	1.60e-01	7.34e-01	1.05e-01	2.54e-06	0.00e+00	0.00e+00	0.00e+00
 3.92022e+16	9.06e-04	1.76e-01	7.27e-01	9.61e-02	2.16e-06	0.00e+00	0.00e+00	0.00e+00
 3.92622e+16	1.07e-03	1.96e-01	7.17e-01	8.63e-02	1.78e-06	0.00e+00	0.00e+00	0.00e+00
 3.93157e+16	1.24e-03	2.16e-01	7.05e-01	7.77e-02	1.49e-06	0.00e+00	0.00e+00	0.00e+00
 3.93619e+16	1.41e-03	2.36e-01	6.92e-01	7.04e-02	1.26e-06	0.00e+00	0.00e+00	0.00e+00
 3.94125e+16	1.64e-03	2.60e-01	6.76e-01	6.27e-02	1.04e-06	0.00e+00	0.00e+00	0.00e+00
 3.94691e+16	1.95e-03	2.90e-01	6.54e-01	5.44e-02	8.22e-07	0.00e+00	0.00e+00	0.00e+00
 3.95213e+16	2.30e-03	3.21e-01	6.30e-01	4.69e-02	0.00e+00	0.00e+00	0.00e+00	0.00e+00
 3.95683e+16	2.66e-03	3.52e-01	6.04e-01	4.06e-02	0.00e+00	0.00e+00	0.00e+00	0.00e+00
 3.96205e+16	3.15e-03	3.91e-01	5.72e-01	3.39e-02	0.00e+00	0.00e+00	0.00e+00	0.00e+00
 3.96777e+16	3.82e-03	4.38e-01	5.31e-01	2.72e-02	0.00e+00	0.00e+00	0.00e+00	0.00e+00
 3.97275e+16	4.57e-03	4.84e-01	4.90e-01	2.18e-02	0.00e+00	0.00e+00	0.00e+00	0.00e+00
 3.97680e+16	5.27e-03	5.24e-01	4.53e-01	1.78e-02	0.00e+00	0.00e+00	0.00e+00	0.00e+00
 3.98046e+16	6.01e-03	5.62e-01	4.17e-01	1.45e-02	0.00e+00	0.00e+00	0.00e+00	0.00e+00
 3.98464e+16	6.97e-03	6.07e-01	3.75e-01	1.13e-02	0.00e+00	0.00e+00	0.00e+00	0.00e+00
 3.98909e+16	8.22e-03	6.56e-01	3.27e-01	8.30e-03	0.00e+00	0.00e+00	0.00e+00	0.00e+00
 3.99277e+16	9.46e-03	6.99e-01	2.86e-01	6.20e-03	0.00e+00	0.00e+00	0.00e+00	0.00e+00
 3.99573e+16	1.06e-02	7.33e-01	2.52e-01	4.77e-03	0.00e+00	0.00e+00	0.00e+00	0.00e+00
 3.99886e+16	1.20e-02	7.66e-01	2.18e-01	3.54e-03	0.00e+00	0.00e+00	0.00e+00	0.00e+00
 4.00233e+16	1.37e-02	8.02e-01	1.82e-01	2.46e-03	0.00e+00	0.00e+00	0.00e+00	0.00e+00
 4.00536e+16	1.55e-02	8.32e-01	1.51e-01	1.71e-03	0.00e+00	0.00e+00	0.00e+00	0.00e+00
 4.00781e+16	1.71e-02	8.54e-01	1.28e-01	1.25e-03	0.00e+00	0.00e+00	0.00e+00	0.00e+00
 4.01002e+16	1.87e-02	8.72e-01	1.09e-01	9.13e-04	0.00e+00	0.00e+00	0.00e+00	0.00e+00
 4.01254e+16	2.07e-02	8.89e-01	8.93e-02	6.27e-04	0.00e+00	0.00e+00	0.00e+00	0.00e+00
 4.01528e+16	2.33e-02	9.06e-01	7.04e-02	4.03e-04	0.00e+00	0.00e+00	0.00e+00	0.00e+00
 4.01763e+16	2.58e-02	9.18e-01	5.60e-02	2.64e-04	0.00e+00	0.00e+00	0.00e+00	0.00e+00
 4.01950e+16	2.81e-02	9.26e-01	4.62e-02	1.85e-04	0.00e+00	0.00e+00	0.00e+00	0.00e+00
 4.02143e+16	3.07e-02	9.32e-01	3.74e-02	1.25e-04	0.00e+00	0.00e+00	0.00e+00	0.00e+00
 4.02351e+16	3.38e-02	9.37e-01	2.93e-02	8.03e-05	0.00e+00	0.00e+00	0.00e+00	0.00e+00
 4.02529e+16	3.68e-02	9.40e-01	2.34e-02	5.33e-05	0.00e+00	0.00e+00	0.00e+00	0.00e+00
 4.02678e+16	3.96e-02	9.41e-01	1.92e-02	3.73e-05	0.00e+00	0.00e+00	0.00e+00	0.00e+00
 4.02831e+16	4.27e-02	9.42e-01	1.56e-02	2.54e-05	0.00e+00	0.00e+00	0.00e+00	0.00e+00
 4.02992e+16	4.61e-02	9.42e-01	1.23e-02	1.66e-05	0.00e+00	0.00e+00	0.00e+00	0.00e+00
 4.03139e+16	4.96e-02	9.40e-01	9.87e-03	1.11e-05	0.00e+00	0.00e+00	0.00e+00	0.00e+00
 4.03270e+16	5.32e-02	9.39e-01	8.01e-03	7.58e-06	0.00e+00	0.00e+00	0.00e+00	0.00e+00
 4.03391e+16	5.67e-02	9.37e-01	6.57e-03	5.29e-06	0.00e+00	0.00e+00	0.00e+00	0.00e+00
 4.03502e+16	6.01e-02	9.34e-01	5.45e-03	3.76e-06	0.00e+00	0.00e+00	0.00e+00	0.00e+00
 4.03602e+16	6.33e-02	9.32e-01	4.58e-03	2.74e-06	0.00e+00	0.00e+00	0.00e+00	0.00e+00
 4.03695e+16	6.64e-02	9.30e-01	3.88e-03	2.03e-06	0.00e+00	0.00e+00	0.00e+00	0.00e+00
 4.03765e+16	6.88e-02	9.28e-01	3.43e-03	1.62e-06	0.00e+00	0.00e+00	0.00e+00	0.00e+00
 4.03811e+16	7.06e-02	9.26e-01	3.15e-03	1.39e-06	0.00e+00	0.00e+00	0.00e+00	0.00e+00
 4.03855e+16	7.23e-02	9.25e-01	2.90e-03	1.19e-06	0.00e+00	0.00e+00	0.00e+00	0.00e+00
 4.03906e+16	7.44e-02	9.23e-01	2.63e-03	9.96e-07	0.00e+00	0.00e+00	0.00e+00	0.00e+00
 4.03961e+16	7.66e-02	9.21e-01	2.37e-03	0.00e+00	0.00e+00	0.00e+00	0.00e+00	0.00e+00
 4.04013e+16	7.89e-02	9.19e-01	2.14e-03	0.00e+00	0.00e+00	0.00e+00	0.00e+00	0.00e+00
 4.04063e+16	8.11e-02	9.17e-01	1.94e-03	0.00e+00	0.00e+00	0.00e+00	0.00e+00	0.00e+00
 4.04112e+16	8.33e-02	9.15e-01	1.76e-03	0.00e+00	0.00e+00	0.00e+00	0.00e+00	0.00e+00
 4.04161e+16	8.58e-02	9.13e-01	1.59e-03	0.00e+00	0.00e+00	0.00e+00	0.00e+00	0.00e+00
 4.04209e+16	8.84e-02	9.10e-01	1.44e-03	0.00e+00	0.00e+00	0.00e+00	0.00e+00	0.00e+00
 4.04258e+16	9.08e-02	9.08e-01	1.30e-03	0.00e+00	0.00e+00	0.00e+00	0.00e+00	0.00e+00
 4.04304e+16	9.34e-02	9.05e-01	1.18e-03	0.00e+00	0.00e+00	0.00e+00	0.00e+00	0.00e+00
 4.04351e+16	9.59e-02	9.03e-01	1.07e-03	0.00e+00	0.00e+00	0.00e+00	0.00e+00	0.00e+00
 4.04397e+16	9.86e-02	9.00e-01	9.69e-04	0.00e+00	0.00e+00	0.00e+00	0.00e+00	0.00e+00
 4.04442e+16	1.02e-01	8.98e-01	8.78e-04	0.00e+00	0.00e+00	0.00e+00	0.00e+00	0.00e+00
 4.04488e+16	1.04e-01	8.95e-01	7.94e-04	0.00e+00	0.00e+00	0.00e+00	0.00e+00	0.00e+00
 4.04532e+16	1.08e-01	8.92e-01	7.19e-04	0.00e+00	0.00e+00	0.00e+00	0.00e+00	0.00e+00
 4.04576e+16	1.11e-01	8.88e-01	6.50e-04	0.00e+00	0.00e+00	0.00e+00	0.00e+00	0.00e+00
 4.04620e+16	1.14e-01	8.85e-01	5.88e-04	0.00e+00	0.00e+00	0.00e+00	0.00e+00	0.00e+00
 4.04663e+16	1.18e-01	8.82e-01	5.32e-04	0.00e+00	0.00e+00	0.00e+00	0.00e+00	0.00e+00
 4.04705e+16	1.21e-01	8.78e-01	4.82e-04	0.00e+00	0.00e+00	0.00e+00	0.00e+00	0.00e+00
 4.04747e+16	1.25e-01	8.75e-01	4.36e-04	0.00e+00	0.00e+00	0.00e+00	0.00e+00	0.00e+00
 4.04789e+16	1.29e-01	8.71e-01	3.94e-04	0.00e+00	0.00e+00	0.00e+00	0.00e+00	0.00e+00
 4.04830e+16	1.33e-01	8.67e-01	3.56e-04	0.00e+00	0.00e+00	0.00e+00	0.00e+00	0.00e+00
 4.04870e+16	1.38e-01	8.62e-01	3.22e-04	0.00e+00	0.00e+00	0.00e+00	0.00e+00	0.00e+00
 4.04910e+16	1.43e-01	8.57e-01	2.91e-04	0.00e+00	0.00e+00	0.00e+00	0.00e+00	0.00e+00
 4.04950e+16	1.47e-01	8.53e-01	2.62e-04	0.00e+00	0.00e+00	0.00e+00	0.00e+00	0.00e+00
 4.04989e+16	1.53e-01	8.47e-01	2.37e-04	0.00e+00	0.00e+00	0.00e+00	0.00e+00	0.00e+00
 4.05028e+16	1.58e-01	8.42e-01	2.14e-04	0.00e+00	0.00e+00	0.00e+00	0.00e+00	0.00e+00
 4.05066e+16	1.64e-01	8.36e-01	1.93e-04	0.00e+00	0.00e+00	0.00e+00	0.00e+00	0.00e+00
 4.05104e+16	1.70e-01	8.29e-01	1.74e-04	0.00e+00	0.00e+00	0.00e+00	0.00e+00	0.00e+00
 4.05140e+16	1.77e-01	8.23e-01	1.58e-04	0.00e+00	0.00e+00	0.00e+00	0.00e+00	0.00e+00
 4.05176e+16	1.84e-01	8.16e-01	1.42e-04	0.00e+00	0.00e+00	0.00e+00	0.00e+00	0.00e+00
 4.05212e+16	1.93e-01	8.07e-01	1.29e-04	0.00e+00	0.00e+00	0.00e+00	0.00e+00	0.00e+00
 4.05246e+16	2.01e-01	7.99e-01	1.16e-04	0.00e+00	0.00e+00	0.00e+00	0.00e+00	0.00e+00
 4.05279e+16	2.09e-01	7.91e-01	1.05e-04	0.00e+00	0.00e+00	0.00e+00	0.00e+00	0.00e+00
 4.05312e+16	2.18e-01	7.81e-01	9.53e-05	0.00e+00	0.00e+00	0.00e+00	0.00e+00	0.00e+00
 4.05345e+16	2.28e-01	7.71e-01	8.61e-05	0.00e+00	0.00e+00	0.00e+00	0.00e+00	0.00e+00
 4.05377e+16	2.39e-01	7.61e-01	7.79e-05	0.00e+00	0.00e+00	0.00e+00	0.00e+00	0.00e+00
 4.05408e+16	2.49e-01	7.51e-01	7.04e-05	0.00e+00	0.00e+00	0.00e+00	0.00e+00	0.00e+00
 4.05439e+16	2.61e-01	7.39e-01	6.36e-05	0.00e+00	0.00e+00	0.00e+00	0.00e+00	0.00e+00
