#depth	He	He+	He+2
 1.49634e+10	8.17e-23	6.44e-12	1.00e+00
 4.54887e+10	9.19e-23	6.97e-12	1.00e+00
 7.72350e+10	1.03e-22	7.55e-12	1.00e+00
 1.10251e+11	1.15e-22	8.17e-12	1.00e+00
 1.41809e+11	1.28e-22	8.79e-12	1.00e+00
 1.70892e+11	1.41e-22	9.39e-12	1.00e+00
 2.03915e+11	1.56e-22	1.01e-11	1.00e+00
 2.41995e+11	1.76e-22	1.09e-11	1.00e+00
 2.79434e+11	1.97e-22	1.18e-11	1.00e+00
 3.18371e+11	2.21e-22	1.27e-11	1.00e+00
 3.61033e+11	2.50e-22	1.38e-11	1.00e+00
 4.04261e+11	2.82e-22	1.49e-11	1.00e+00
 4.49218e+11	3.18e-22	1.61e-11	1.00e+00
 4.97113e+11	3.62e-22	1.75e-11	1.00e+00
 5.46924e+11	4.11e-22	1.89e-11	1.00e+00
 5.98728e+11	4.68e-22	2.05e-11	1.00e+00
 6.52604e+11	5.34e-22	2.23e-11	1.00e+00
 7.08635e+11	6.09e-22	2.42e-11	1.00e+00
 7.66907e+11	6.97e-22	2.62e-11	1.00e+00
 8.27510e+11	7.98e-22	2.84e-11	1.00e+00
 8.85944e+11	9.07e-22	3.07e-11	1.00e+00
 9.37988e+11	1.01e-21	3.28e-11	1.00e+00
 9.94353e+11	1.13e-21	3.51e-11	1.00e+00
 1.06170e+12	1.30e-21	3.80e-11	1.00e+00
 1.12929e+12	1.49e-21	4.11e-11	1.00e+00
 1.19230e+12	1.67e-21	4.41e-11	1.00e+00
 1.26262e+12	1.90e-21	4.75e-11	1.00e+00
 1.34305e+12	2.20e-21	5.17e-11	1.00e+00
 1.42309e+12	2.53e-21	5.60e-11	1.00e+00
 1.50633e+12	2.91e-21	6.07e-11	1.00e+00
 1.59651e+12	3.37e-21	6.61e-11	1.00e+00
 1.69030e+12	3.91e-21	7.20e-11	1.00e+00
 1.78784e+12	4.53e-21	7.84e-11	1.00e+00
 1.88928e+12	5.26e-21	8.54e-11	1.00e+00
 1.99478e+12	6.11e-21	9.30e-11	1.00e+00
 2.10450e+12	7.11e-21	1.01e-10	1.00e+00
 2.20709e+12	8.16e-21	1.10e-10	1.00e+00
 2.29794e+12	9.16e-21	1.17e-10	1.00e+00
 2.39960e+12	1.04e-20	1.26e-10	1.00e+00
 2.52116e+12	1.20e-20	1.37e-10	1.00e+00
 2.64363e+12	1.39e-20	1.49e-10	1.00e+00
 2.75783e+12	1.58e-20	1.61e-10	1.00e+00
 2.88490e+12	1.81e-20	1.74e-10	1.00e+00
 3.03022e+12	2.12e-20	1.91e-10	1.00e+00
 3.17408e+12	2.45e-20	2.07e-10	1.00e+00
 3.32370e+12	2.83e-20	2.26e-10	1.00e+00
 3.48658e+12	3.30e-20	2.48e-10	1.00e+00
 3.63624e+12	3.79e-20	2.68e-10	1.00e+00
 3.76552e+12	4.23e-20	2.87e-10	1.00e+00
 3.90960e+12	4.76e-20	3.09e-10	1.00e+00
 4.08582e+12	5.50e-20	3.37e-10	1.00e+00
 4.26600e+12	6.35e-20	3.68e-10	1.00e+00
 4.42910e+12	7.18e-20	3.96e-10	1.00e+00
 4.60782e+12	8.14e-20	4.30e-10	1.00e+00
 4.81797e+12	9.43e-20	4.71e-10	1.00e+00
 5.02567e+12	1.08e-19	5.14e-10	1.00e+00
 5.21958e+12	1.23e-19	5.57e-10	1.00e+00
 5.43619e+12	1.40e-19	6.07e-10	1.00e+00
 5.68356e+12	1.62e-19	6.67e-10	1.00e+00
 5.92786e+12	1.86e-19	7.31e-10	1.00e+00
 6.18194e+12	2.12e-19	8.01e-10	1.00e+00
 6.44893e+12	2.43e-19	8.79e-10	1.00e+00
 6.70753e+12	2.76e-19	9.59e-10	1.00e+00
 6.98667e+12	3.14e-19	1.05e-09	1.00e+00
 7.29607e+12	3.60e-19	1.16e-09	1.00e+00
 7.60906e+12	4.11e-19	1.27e-09	1.00e+00
 7.93458e+12	4.68e-19	1.40e-09	1.00e+00
 8.23980e+12	5.28e-19	1.53e-09	1.00e+00
 8.49541e+12	5.80e-19	1.64e-09	1.00e+00
 8.77290e+12	6.41e-19	1.76e-09	1.00e+00
 9.12329e+12	7.25e-19	1.93e-09	1.00e+00
 9.48628e+12	8.20e-19	2.11e-09	1.00e+00
 9.79165e+12	9.06e-19	2.27e-09	1.00e+00
 1.01043e+13	9.98e-19	2.44e-09	1.00e+00
 1.05017e+13	1.13e-18	2.67e-09	1.00e+00
 1.09100e+13	1.27e-18	2.92e-09	1.00e+00
 1.12621e+13	1.40e-18	3.14e-09	1.00e+00
 1.16400e+13	1.56e-18	3.39e-09	1.00e+00
 1.21057e+13	1.77e-18	3.71e-09	1.00e+00
 1.25845e+13	2.01e-18	4.05e-09	1.00e+00
 1.30219e+13	2.25e-18	4.38e-09	1.00e+00
 1.35063e+13	2.54e-18	4.76e-09	1.00e+00
 1.40707e+13	2.92e-18	5.23e-09	1.00e+00
 1.46237e+13	3.34e-18	5.70e-09	1.00e+00
 1.51426e+13	3.77e-18	6.17e-09	1.00e+00
 1.57220e+13	4.31e-18	6.71e-09	1.00e+00
 1.63808e+13	5.00e-18	7.35e-09	1.00e+00
 1.70350e+13	5.77e-18	8.02e-09	1.00e+00
 1.76146e+13	6.53e-18	8.64e-09	1.00e+00
 1.81085e+13	7.24e-18	9.18e-09	1.00e+00
 1.86433e+13	8.08e-18	9.79e-09	1.00e+00
 1.93386e+13	9.28e-18	1.06e-08	1.00e+00
 2.00641e+13	1.07e-17	1.15e-08	1.00e+00
 2.06812e+13	1.20e-17	1.23e-08	1.00e+00
 2.13354e+13	1.35e-17	1.31e-08	1.00e+00
 2.21543e+13	1.57e-17	1.43e-08	1.00e+00
 2.30003e+13	1.81e-17	1.55e-08	1.00e+00
 2.37575e+13	2.06e-17	1.66e-08	1.00e+00
 2.45859e+13	2.36e-17	1.79e-08	1.00e+00
 2.54986e+13	2.73e-17	1.93e-08	1.00e+00
 2.63381e+13	3.10e-17	2.07e-08	1.00e+00
 2.72467e+13	3.55e-17	2.23e-08	1.00e+00
 2.82629e+13	4.11e-17	2.41e-08	1.00e+00
 2.92197e+13	4.70e-17	2.58e-08	1.00e+00
 3.02645e+13	5.41e-17	2.78e-08	1.00e+00
 3.14248e+13	6.30e-17	3.02e-08	1.00e+00
 3.25073e+13	7.22e-17	3.24e-08	1.00e+00
 3.36867e+13	8.34e-17	3.49e-08	1.00e+00
 3.50083e+13	9.75e-17	3.79e-08	1.00e+00
 3.62582e+13	1.12e-16	4.08e-08	1.00e+00
 3.76050e+13	1.30e-16	4.41e-08	1.00e+00
 3.91060e+13	1.53e-16	4.79e-08	1.00e+00
 4.05554e+13	1.77e-16	5.17e-08	1.00e+00
 4.20959e+13	2.06e-16	5.59e-08	1.00e+00
 4.38096e+13	2.43e-16	6.08e-08	1.00e+00
 4.55308e+13	2.84e-16	6.59e-08	1.00e+00
 4.73208e+13	3.32e-16	7.14e-08	1.00e+00
 4.92435e+13	3.91e-16	7.75e-08	1.00e+00
 5.10629e+13	4.53e-16	8.36e-08	1.00e+00
 5.27162e+13	5.15e-16	8.93e-08	1.00e+00
 5.42768e+13	5.80e-16	9.49e-08	1.00e+00
 5.59937e+13	6.58e-16	1.01e-07	1.00e+00
 5.79130e+13	7.55e-16	1.08e-07	1.00e+00
 5.97201e+13	8.54e-16	1.15e-07	1.00e+00
 6.16939e+13	9.74e-16	1.23e-07	1.00e+00
 6.39086e+13	1.12e-15	1.33e-07	1.00e+00
 6.59891e+13	1.28e-15	1.42e-07	1.00e+00
 6.82465e+13	1.46e-15	1.52e-07	1.00e+00
 7.07419e+13	1.69e-15	1.63e-07	1.00e+00
 7.30524e+13	1.92e-15	1.74e-07	1.00e+00
 7.55616e+13	2.20e-15	1.86e-07	1.00e+00
 7.83642e+13	2.55e-15	2.01e-07	1.00e+00
 8.09984e+13	2.90e-15	2.14e-07	1.00e+00
 8.38731e+13	3.34e-15	2.30e-07	1.00e+00
 8.70787e+13	3.87e-15	2.48e-07	1.00e+00
 9.00842e+13	4.43e-15	2.65e-07	1.00e+00
 9.33541e+13	5.10e-15	2.85e-07	1.00e+00
 9.70140e+13	5.95e-15	3.08e-07	1.00e+00
 1.00486e+14	6.84e-15	3.30e-07	1.00e+00
 1.04202e+14	7.89e-15	3.55e-07	1.00e+00
 1.08400e+14	9.23e-15	3.84e-07	1.00e+00
 1.12537e+14	1.07e-14	4.14e-07	1.00e+00
 1.16840e+14	1.24e-14	4.46e-07	1.00e+00
 1.21543e+14	1.45e-14	4.83e-07	1.00e+00
 1.26332e+14	1.69e-14	5.21e-07	1.00e+00
 1.30874e+14	1.94e-14	5.60e-07	1.00e+00
 1.35700e+14	2.24e-14	6.02e-07	1.00e+00
 1.40470e+14	2.57e-14	6.45e-07	1.00e+00
 1.44314e+14	2.85e-14	6.81e-07	1.00e+00
 1.48340e+14	3.18e-14	7.19e-07	1.00e+00
 1.53572e+14	3.65e-14	7.71e-07	1.00e+00
 1.59131e+14	4.20e-14	8.29e-07	1.00e+00
 1.64000e+14	4.73e-14	8.80e-07	1.00e+00
 1.69217e+14	5.35e-14	9.38e-07	1.00e+00
 1.75624e+14	6.20e-14	1.01e-06	1.00e+00
 1.82151e+14	7.16e-14	1.09e-06	1.00e+00
 1.88076e+14	8.13e-14	1.16e-06	1.00e+00
 1.94643e+14	9.32e-14	1.25e-06	1.00e+00
 2.01835e+14	1.08e-13	1.34e-06	1.00e+00
 2.08388e+14	1.22e-13	1.44e-06	1.00e+00
 2.15457e+14	1.39e-13	1.54e-06	1.00e+00
 2.23380e+14	1.61e-13	1.66e-06	1.00e+00
 2.30851e+14	1.83e-13	1.77e-06	1.00e+00
 2.38998e+14	2.10e-13	1.91e-06	1.00e+00
 2.48028e+14	2.44e-13	2.06e-06	1.00e+00
 2.56423e+14	2.78e-13	2.21e-06	1.00e+00
 2.65550e+14	3.19e-13	2.37e-06	1.00e+00
 2.75748e+14	3.71e-13	2.57e-06	1.00e+00
 2.85344e+14	4.24e-13	2.75e-06	1.00e+00
 2.95715e+14	4.88e-13	2.96e-06	1.00e+00
 3.07276e+14	5.67e-13	3.21e-06	1.00e+00
 3.18338e+14	6.51e-13	3.45e-06	1.00e+00
 3.30140e+14	7.50e-13	3.72e-06	1.00e+00
 3.43376e+14	8.74e-13	4.04e-06	1.00e+00
 3.56526e+14	1.01e-12	4.37e-06	1.00e+00
 3.68657e+14	1.15e-12	4.68e-06	1.00e+00
 3.81835e+14	1.32e-12	5.03e-06	1.00e+00
 3.96680e+14	1.52e-12	5.44e-06	1.00e+00
 4.10476e+14	1.73e-12	5.84e-06	1.00e+00
 4.22116e+14	1.93e-12	6.18e-06	1.00e+00
 4.34167e+14	2.15e-12	6.55e-06	1.00e+00
 4.49814e+14	2.45e-12	7.05e-06	1.00e+00
 4.65934e+14	2.80e-12	7.58e-06	1.00e+00
 4.79393e+14	3.12e-12	8.03e-06	1.00e+00
 4.93592e+14	3.48e-12	8.53e-06	1.00e+00
 5.11665e+14	3.98e-12	9.18e-06	1.00e+00
 5.30554e+14	4.55e-12	9.89e-06	1.00e+00
 5.47170e+14	5.10e-12	1.05e-05	1.00e+00
 5.65050e+14	5.75e-12	1.13e-05	1.00e+00
 5.86674e+14	6.61e-12	1.22e-05	1.00e+00
 6.08120e+14	7.55e-12	1.31e-05	1.00e+00
 6.27101e+14	8.44e-12	1.39e-05	1.00e+00
 6.47921e+14	9.53e-12	1.49e-05	1.00e+00
 6.72897e+14	1.10e-11	1.61e-05	1.00e+00
 6.97761e+14	1.25e-11	1.73e-05	1.00e+00
 7.20293e+14	1.41e-11	1.85e-05	1.00e+00
 7.45310e+14	1.60e-11	1.99e-05	1.00e+00
 7.74655e+14	1.84e-11	2.15e-05	1.00e+00
 8.03592e+14	2.11e-11	2.32e-05	1.00e+00
 8.30679e+14	2.38e-11	2.49e-05	1.00e+00
 8.60927e+14	2.73e-11	2.68e-05	1.00e+00
 8.95394e+14	3.16e-11	2.91e-05	1.00e+00
 9.29406e+14	3.64e-11	3.15e-05	1.00e+00
 9.57298e+14	4.07e-11	3.35e-05	1.00e+00
 9.79240e+14	4.44e-11	3.52e-05	1.00e+00
 1.00337e+15	4.88e-11	3.70e-05	1.00e+00
 1.03474e+15	5.49e-11	3.96e-05	1.00e+00
 1.06858e+15	6.23e-11	4.24e-05	1.00e+00
 1.09884e+15	6.95e-11	4.51e-05	1.00e+00
 1.13138e+15	7.79e-11	4.80e-05	1.00e+00
 1.17277e+15	8.99e-11	5.19e-05	1.00e+00
 1.21468e+15	1.04e-10	5.60e-05	1.00e+00
 1.24985e+15	1.16e-10	5.96e-05	1.00e+00
 1.28726e+15	1.31e-10	6.37e-05	1.00e+00
 1.33459e+15	1.52e-10	6.90e-05	1.00e+00
 1.38406e+15	1.76e-10	7.48e-05	1.00e+00
 1.42803e+15	2.01e-10	8.01e-05	1.00e+00
 1.47559e+15	2.31e-10	8.63e-05	1.00e+00
 1.53253e+15	2.70e-10	9.39e-05	1.00e+00
 1.58868e+15	3.14e-10	1.02e-04	1.00e+00
 1.63890e+15	3.59e-10	1.09e-04	1.00e+00
 1.69443e+15	4.13e-10	1.18e-04	1.00e+00
 1.76035e+15	4.86e-10	1.28e-04	1.00e+00
 1.82569e+15	5.69e-10	1.39e-04	1.00e+00
 1.88576e+15	6.54e-10	1.50e-04	1.00e+00
 1.95305e+15	7.61e-10	1.62e-04	1.00e+00
 2.03093e+15	9.02e-10	1.77e-04	1.00e+00
 2.10718e+15	1.06e-09	1.93e-04	1.00e+00
 2.17982e+15	1.23e-09	2.08e-04	1.00e+00
 2.24368e+15	1.39e-09	2.22e-04	1.00e+00
 2.29674e+15	1.54e-09	2.34e-04	1.00e+00
 2.35522e+15	1.72e-09	2.48e-04	1.00e+00
 2.43124e+15	1.98e-09	2.67e-04	1.00e+00
 2.51074e+15	2.28e-09	2.87e-04	1.00e+00
 2.57855e+15	2.56e-09	3.05e-04	1.00e+00
 2.65047e+15	2.89e-09	3.24e-04	1.00e+00
 2.74397e+15	3.36e-09	3.50e-04	1.00e+00
 2.84045e+15	3.91e-09	3.79e-04	1.00e+00
 2.92124e+15	4.42e-09	4.03e-04	1.00e+00
 3.00669e+15	5.02e-09	4.30e-04	1.00e+00
 3.11610e+15	5.87e-09	4.66e-04	1.00e+00
 3.23080e+15	6.87e-09	5.05e-04	9.99e-01
 3.33243e+15	7.86e-09	5.41e-04	9.99e-01
 3.44297e+15	9.06e-09	5.81e-04	9.99e-01
 3.57557e+15	1.07e-08	6.32e-04	9.99e-01
 3.70713e+15	1.25e-08	6.84e-04	9.99e-01
 3.82602e+15	1.43e-08	7.34e-04	9.99e-01
 3.95818e+15	1.66e-08	7.90e-04	9.99e-01
 4.11356e+15	1.95e-08	8.60e-04	9.99e-01
 4.26624e+15	2.28e-08	9.31e-04	9.99e-01
 4.40783e+15	2.62e-08	9.99e-04	9.99e-01
 4.56698e+15	3.05e-08	1.08e-03	9.99e-01
 4.72069e+15	3.50e-08	1.16e-03	9.99e-01
 4.83415e+15	3.87e-08	1.22e-03	9.99e-01
 4.94759e+15	4.26e-08	1.28e-03	9.99e-01
 5.09505e+15	4.83e-08	1.37e-03	9.99e-01
 5.25546e+15	5.49e-08	1.46e-03	9.99e-01
 5.40001e+15	6.15e-08	1.55e-03	9.98e-01
 5.55525e+15	6.93e-08	1.64e-03	9.98e-01
 5.75587e+15	8.06e-08	1.77e-03	9.98e-01
 5.95794e+15	9.29e-08	1.91e-03	9.98e-01
 6.12162e+15	1.04e-07	2.02e-03	9.98e-01
 6.29293e+15	1.17e-07	2.14e-03	9.98e-01
 6.51563e+15	1.35e-07	2.31e-03	9.98e-01
 6.74995e+15	1.56e-07	2.48e-03	9.98e-01
 6.95205e+15	1.76e-07	2.64e-03	9.97e-01
 7.16746e+15	2.00e-07	2.82e-03	9.97e-01
 7.43500e+15	2.33e-07	3.05e-03	9.97e-01
 7.70193e+15	2.69e-07	3.28e-03	9.97e-01
 7.92750e+15	3.03e-07	3.48e-03	9.97e-01
 8.16771e+15	3.43e-07	3.72e-03	9.96e-01
 8.43799e+15	3.92e-07	3.98e-03	9.96e-01
 8.69494e+15	4.42e-07	4.24e-03	9.96e-01
 8.91911e+15	4.90e-07	4.48e-03	9.96e-01
 9.15308e+15	5.46e-07	4.74e-03	9.95e-01
 9.40746e+15	6.11e-07	5.03e-03	9.95e-01
 9.64333e+15	6.75e-07	5.31e-03	9.95e-01
 9.90489e+15	7.56e-07	5.65e-03	9.94e-01
 1.01872e+16	8.48e-07	6.01e-03	9.94e-01
 1.04472e+16	9.39e-07	6.36e-03	9.94e-01
 1.07359e+16	1.06e-06	6.80e-03	9.93e-01
 1.10477e+16	1.19e-06	7.26e-03	9.93e-01
 1.13372e+16	1.33e-06	7.73e-03	9.92e-01
 1.16126e+16	1.47e-06	8.20e-03	9.92e-01
 1.19218e+16	1.66e-06	8.78e-03	9.91e-01
 1.22539e+16	1.87e-06	9.43e-03	9.91e-01
 1.25471e+16	2.07e-06	1.00e-02	9.90e-01
 1.28595e+16	2.33e-06	1.08e-02	9.89e-01
 1.31998e+16	2.64e-06	1.16e-02	9.88e-01
 1.35047e+16	2.94e-06	1.25e-02	9.88e-01
 1.37705e+16	3.24e-06	1.33e-02	9.87e-01
 1.40570e+16	3.62e-06	1.43e-02	9.86e-01
 1.43674e+16	4.08e-06	1.54e-02	9.85e-01
 1.46408e+16	4.52e-06	1.65e-02	9.83e-01
 1.48847e+16	4.98e-06	1.76e-02	9.82e-01
 1.51585e+16	5.59e-06	1.91e-02	9.81e-01
 1.54526e+16	6.34e-06	2.08e-02	9.79e-01
 1.57071e+16	7.07e-06	2.24e-02	9.78e-01
 1.59334e+16	7.84e-06	2.41e-02	9.76e-01
 1.61890e+16	8.87e-06	2.63e-02	9.74e-01
 1.64626e+16	1.02e-05	2.91e-02	9.71e-01
 1.66956e+16	1.15e-05	3.17e-02	9.68e-01
 1.68982e+16	1.28e-05	3.45e-02	9.66e-01
 1.71251e+16	1.45e-05	3.80e-02	9.62e-01
 1.73698e+16	1.71e-05	4.26e-02	9.57e-01
 1.75753e+16	1.95e-05	4.71e-02	9.53e-01
 1.77458e+16	2.20e-05	5.16e-02	9.48e-01
 1.79331e+16	2.51e-05	5.73e-02	9.43e-01
 1.81379e+16	2.95e-05	6.49e-02	9.35e-01
 1.83154e+16	3.48e-05	7.29e-02	9.27e-01
 1.84552e+16	3.95e-05	8.04e-02	9.20e-01
 1.85963e+16	4.48e-05	8.95e-02	9.10e-01
 1.87797e+16	5.40e-05	1.04e-01	8.96e-01
 1.89555e+16	6.57e-05	1.21e-01	8.79e-01
 1.90766e+16	7.72e-05	1.36e-01	8.64e-01
 1.91516e+16	8.47e-05	1.46e-01	8.54e-01
 1.92116e+16	9.19e-05	1.55e-01	8.45e-01
 1.92895e+16	1.02e-04	1.69e-01	8.31e-01
 1.93765e+16	1.15e-04	1.86e-01	8.14e-01
 1.94543e+16	1.28e-04	2.03e-01	7.97e-01
 1.95345e+16	1.45e-04	2.23e-01	7.77e-01
 1.96164e+16	1.65e-04	2.46e-01	7.54e-01
 1.96816e+16	1.84e-04	2.67e-01	7.33e-01
 1.97327e+16	1.99e-04	2.84e-01	7.16e-01
 1.97843e+16	2.18e-04	3.04e-01	6.96e-01
 1.98513e+16	2.44e-04	3.31e-01	6.69e-01
 1.99212e+16	2.74e-04	3.61e-01	6.38e-01
 1.99806e+16	3.01e-04	3.90e-01	6.10e-01
 2.00441e+16	3.37e-04	4.22e-01	5.77e-01
 2.01091e+16	3.74e-04	4.57e-01	5.43e-01
 2.01663e+16	4.10e-04	4.88e-01	5.11e-01
 2.02306e+16	4.55e-04	5.26e-01	4.74e-01
 2.03015e+16	5.06e-04	5.66e-01	4.33e-01
 2.03687e+16	5.56e-04	6.05e-01	3.94e-01
 2.04435e+16	6.17e-04	6.48e-01	3.52e-01
 2.05263e+16	6.82e-04	6.91e-01	3.08e-01
 2.06056e+16	7.47e-04	7.30e-01	2.69e-01
 2.06948e+16	8.20e-04	7.71e-01	2.28e-01
 2.08108e+16	9.12e-04	8.16e-01	1.83e-01
 2.09357e+16	1.01e-03	8.54e-01	1.45e-01
 2.10528e+16	1.09e-03	8.83e-01	1.16e-01
 2.11483e+16	1.16e-03	9.01e-01	9.80e-02
 2.12192e+16	1.21e-03	9.13e-01	8.61e-02
 2.12956e+16	1.27e-03	9.24e-01	7.47e-02
 2.13949e+16	1.34e-03	9.36e-01	6.24e-02
 2.15026e+16	1.42e-03	9.47e-01	5.21e-02
 2.15987e+16	1.49e-03	9.54e-01	4.45e-02
 2.16868e+16	1.56e-03	9.60e-01	3.87e-02
 2.17870e+16	1.64e-03	9.65e-01	3.29e-02
 2.18974e+16	1.74e-03	9.70e-01	2.79e-02
 2.19888e+16	1.82e-03	9.74e-01	2.45e-02
 2.20576e+16	1.89e-03	9.76e-01	2.23e-02
 2.21293e+16	1.97e-03	9.78e-01	2.01e-02
 2.22226e+16	2.07e-03	9.80e-01	1.76e-02
 2.23160e+16	2.19e-03	9.82e-01	1.56e-02
 2.23867e+16	2.29e-03	9.83e-01	1.43e-02
 2.24461e+16	2.37e-03	9.84e-01	1.32e-02
 2.25136e+16	2.47e-03	9.85e-01	1.21e-02
 2.25898e+16	2.60e-03	9.86e-01	1.10e-02
 2.26602e+16	2.73e-03	9.87e-01	1.01e-02
 2.27212e+16	2.85e-03	9.88e-01	9.45e-03
 2.27782e+16	2.97e-03	9.88e-01	8.83e-03
 2.28437e+16	3.12e-03	9.89e-01	8.16e-03
 2.29144e+16	3.30e-03	9.89e-01	7.53e-03
 2.29751e+16	3.47e-03	9.89e-01	7.05e-03
 2.30259e+16	3.62e-03	9.90e-01	6.67e-03
 2.30810e+16	3.80e-03	9.90e-01	6.26e-03
 2.31431e+16	4.02e-03	9.90e-01	5.85e-03
 2.31997e+16	4.24e-03	9.90e-01	5.51e-03
 2.32480e+16	4.45e-03	9.90e-01	5.24e-03
 2.33000e+16	4.69e-03	9.90e-01	4.95e-03
 2.33574e+16	4.99e-03	9.90e-01	4.66e-03
 2.34089e+16	5.30e-03	9.90e-01	4.42e-03
 2.34536e+16	5.58e-03	9.90e-01	4.23e-03
 2.35029e+16	5.93e-03	9.90e-01	4.01e-03
 2.35575e+16	6.36e-03	9.90e-01	3.79e-03
 2.36067e+16	6.81e-03	9.90e-01	3.61e-03
 2.36502e+16	7.24e-03	9.89e-01	3.46e-03
 2.36983e+16	7.78e-03	9.89e-01	3.29e-03
 2.37525e+16	8.48e-03	9.88e-01	3.12e-03
 2.38031e+16	9.27e-03	9.88e-01	2.97e-03
 2.38475e+16	1.01e-02	9.87e-01	2.84e-03
 2.38886e+16	1.09e-02	9.86e-01	2.73e-03
 2.39354e+16	1.20e-02	9.85e-01	2.61e-03
 2.39831e+16	1.34e-02	9.84e-01	2.49e-03
 2.40193e+16	1.46e-02	9.83e-01	2.41e-03
 2.40476e+16	1.58e-02	9.82e-01	2.35e-03
 2.40778e+16	1.71e-02	9.81e-01	2.28e-03
 2.41171e+16	1.91e-02	9.79e-01	2.20e-03
 2.41556e+16	2.17e-02	9.76e-01	2.12e-03
 2.41829e+16	2.39e-02	9.74e-01	2.07e-03
 2.42032e+16	2.58e-02	9.72e-01	2.04e-03
 2.42249e+16	2.80e-02	9.70e-01	2.00e-03
 2.42532e+16	3.14e-02	9.67e-01	1.95e-03
 2.42821e+16	3.57e-02	9.62e-01	1.91e-03
 2.43044e+16	3.98e-02	9.58e-01	1.88e-03
 2.43217e+16	4.34e-02	9.55e-01	1.86e-03
 2.43402e+16	4.78e-02	9.50e-01	1.84e-03
 2.43643e+16	5.45e-02	9.44e-01	1.81e-03
 2.43879e+16	6.28e-02	9.35e-01	1.80e-03
 2.44047e+16	7.01e-02	9.28e-01	1.80e-03
 2.44176e+16	7.62e-02	9.22e-01	1.80e-03
 2.44315e+16	8.38e-02	9.14e-01	1.80e-03
 2.44492e+16	9.48e-02	9.03e-01	1.80e-03
 2.44667e+16	1.08e-01	8.90e-01	1.82e-03
 2.44800e+16	1.20e-01	8.78e-01	1.83e-03
 2.44908e+16	1.30e-01	8.68e-01	1.85e-03
 2.45008e+16	1.41e-01	8.57e-01	1.87e-03
 2.45105e+16	1.53e-01	8.45e-01	1.89e-03
 2.45200e+16	1.65e-01	8.33e-01	1.91e-03
 2.45272e+16	1.76e-01	8.22e-01	1.92e-03
 2.45317e+16	1.82e-01	8.16e-01	1.94e-03
 2.45358e+16	1.89e-01	8.09e-01	1.95e-03
 2.45408e+16	1.97e-01	8.01e-01	1.96e-03
 2.45462e+16	2.07e-01	7.91e-01	1.97e-03
 2.45514e+16	2.16e-01	7.82e-01	1.98e-03
 2.45562e+16	2.25e-01	7.73e-01	2.00e-03
 2.45610e+16	2.35e-01	7.63e-01	2.01e-03
 2.45659e+16	2.45e-01	7.53e-01	2.03e-03
 2.45706e+16	2.55e-01	7.43e-01	2.04e-03
 2.45754e+16	2.66e-01	7.32e-01	2.06e-03
 2.45801e+16	2.77e-01	7.21e-01	2.07e-03
 2.45846e+16	2.88e-01	7.10e-01	2.09e-03
 2.45892e+16	3.00e-01	6.98e-01	2.10e-03
 2.45937e+16	3.12e-01	6.86e-01	2.11e-03
 2.45982e+16	3.25e-01	6.73e-01	2.12e-03
 2.46027e+16	3.37e-01	6.61e-01	2.14e-03
 2.46071e+16	3.50e-01	6.48e-01	2.15e-03
 2.46115e+16	3.63e-01	6.35e-01	2.16e-03
 2.46158e+16	3.77e-01	6.21e-01	2.17e-03
 2.46200e+16	3.90e-01	6.08e-01	2.18e-03
 2.46242e+16	4.04e-01	5.94e-01	2.18e-03
 2.46285e+16	4.18e-01	5.80e-01	2.19e-03
 2.46327e+16	4.33e-01	5.65e-01	2.20e-03
 2.46368e+16	4.47e-01	5.51e-01	2.20e-03
 2.46409e+16	4.62e-01	5.36e-01	2.20e-03
 2.46450e+16	4.77e-01	5.21e-01	2.21e-03
 2.46490e+16	4.92e-01	5.06e-01	2.20e-03
 2.46529e+16	5.06e-01	4.92e-01	2.21e-03
 2.46568e+16	5.21e-01	4.77e-01	2.20e-03
 2.46607e+16	5.36e-01	4.62e-01	2.19e-03
 2.46645e+16	5.50e-01	4.47e-01	2.19e-03
 2.46683e+16	5.65e-01	4.33e-01	2.18e-03
 2.46721e+16	5.79e-01	4.19e-01	2.17e-03
 2.46757e+16	5.93e-01	4.04e-01	2.15e-03
 2.46793e+16	6.07e-01	3.91e-01	2.14e-03
 2.46828e+16	6.21e-01	3.77e-01	2.13e-03
 2.46863e+16	6.34e-01	3.64e-01	2.11e-03
 2.46898e+16	6.47e-01	3.51e-01	2.09e-03
 2.46933e+16	6.60e-01	3.38e-01	2.07e-03
 2.46967e+16	6.73e-01	3.25e-01	2.05e-03
 2.47001e+16	6.85e-01	3.13e-01	2.02e-03
 2.47035e+16	6.97e-01	3.01e-01	1.99e-03
 2.47069e+16	7.09e-01	2.89e-01	1.96e-03
 2.47102e+16	7.21e-01	2.77e-01	1.94e-03
 2.47136e+16	7.32e-01	2.66e-01	1.90e-03
 2.47168e+16	7.43e-01	2.55e-01	1.87e-03
 2.47202e+16	7.54e-01	2.45e-01	1.84e-03
 2.47235e+16	7.64e-01	2.34e-01	1.80e-03
 2.47269e+16	7.74e-01	2.24e-01	1.76e-03
 2.47303e+16	7.84e-01	2.14e-01	1.73e-03
 2.47337e+16	7.94e-01	2.05e-01	1.69e-03
 2.47371e+16	8.03e-01	1.95e-01	1.64e-03
 2.47406e+16	8.12e-01	1.86e-01	1.60e-03
 2.47441e+16	8.21e-01	1.77e-01	1.55e-03
 2.47472e+16	8.28e-01	1.70e-01	1.52e-03
 2.47494e+16	8.33e-01	1.65e-01	1.49e-03
 2.47514e+16	8.38e-01	1.60e-01	1.46e-03
 2.47536e+16	8.43e-01	1.56e-01	1.43e-03
 2.47559e+16	8.48e-01	1.51e-01	1.40e-03
 2.47581e+16	8.52e-01	1.46e-01	1.37e-03
 2.47603e+16	8.57e-01	1.42e-01	1.34e-03
 2.47625e+16	8.61e-01	1.38e-01	1.31e-03
 2.47646e+16	8.64e-01	1.34e-01	1.29e-03
 2.47667e+16	8.68e-01	1.31e-01	1.26e-03
 2.47688e+16	8.72e-01	1.27e-01	1.24e-03
 2.47708e+16	8.75e-01	1.24e-01	1.21e-03
 2.47729e+16	8.78e-01	1.20e-01	1.19e-03
 2.47750e+16	8.81e-01	1.17e-01	1.16e-03
 2.47771e+16	8.84e-01	1.14e-01	1.14e-03
 2.47792e+16	8.87e-01	1.11e-01	1.12e-03
 2.47814e+16	8.90e-01	1.09e-01	1.09e-03
 2.47835e+16	8.93e-01	1.06e-01	1.07e-03
 2.47858e+16	8.96e-01	1.03e-01	1.05e-03
 2.47880e+16	8.98e-01	1.01e-01	1.03e-03
 2.47904e+16	9.01e-01	9.82e-02	1.01e-03
 2.47928e+16	9.03e-01	9.57e-02	9.84e-04
 2.47954e+16	9.06e-01	9.32e-02	9.62e-04
 2.47980e+16	9.08e-01	9.07e-02	9.39e-04
 2.48009e+16	9.11e-01	8.83e-02	9.17e-04
 2.48040e+16	9.13e-01	8.59e-02	8.94e-04
 2.48073e+16	9.16e-01	8.34e-02	8.70e-04
 2.48111e+16	9.18e-01	8.09e-02	8.46e-04
 2.48156e+16	9.21e-01	7.81e-02	8.19e-04
 2.48209e+16	9.24e-01	7.53e-02	7.91e-04
 2.48273e+16	9.27e-01	7.24e-02	7.61e-04
 2.48344e+16	9.30e-01	6.96e-02	7.31e-04
 2.48421e+16	9.32e-01	6.71e-02	7.03e-04
 2.48507e+16	9.34e-01	6.49e-02	6.77e-04
 2.48604e+16	9.37e-01	6.28e-02	6.52e-04
 2.48709e+16	9.38e-01	6.11e-02	6.30e-04
 2.48809e+16	9.40e-01	5.98e-02	6.12e-04
 2.48919e+16	9.41e-01	5.85e-02	5.93e-04
 2.49061e+16	9.42e-01	5.73e-02	5.75e-04
 2.49246e+16	9.43e-01	5.60e-02	5.54e-04
 2.49446e+16	9.45e-01	5.49e-02	5.35e-04
 2.49628e+16	9.45e-01	5.40e-02	5.18e-04
 2.49828e+16	9.46e-01	5.32e-02	5.01e-04
 2.50087e+16	9.47e-01	5.21e-02	4.81e-04
 2.50366e+16	9.49e-01	5.10e-02	4.60e-04
 2.50621e+16	9.50e-01	5.00e-02	4.42e-04
 2.50853e+16	9.50e-01	4.92e-02	4.27e-04
 2.51063e+16	9.51e-01	4.84e-02	4.13e-04
 2.51255e+16	9.52e-01	4.78e-02	4.01e-04
 2.51466e+16	9.53e-01	4.70e-02	3.88e-04
 2.51692e+16	9.53e-01	4.62e-02	3.74e-04
 2.51899e+16	9.54e-01	4.55e-02	3.62e-04
 2.52087e+16	9.55e-01	4.48e-02	3.51e-04
 2.52258e+16	9.55e-01	4.43e-02	3.41e-04
 2.52445e+16	9.56e-01	4.36e-02	3.30e-04
 2.52648e+16	9.57e-01	4.29e-02	3.20e-04
 2.52832e+16	9.57e-01	4.23e-02	3.11e-04
 2.52999e+16	9.58e-01	4.18e-02	3.02e-04
 2.53183e+16	9.59e-01	4.11e-02	2.93e-04
 2.53381e+16	9.59e-01	4.05e-02	2.83e-04
 2.53561e+16	9.60e-01	3.99e-02	2.75e-04
 2.53726e+16	9.60e-01	3.94e-02	2.68e-04
 2.53875e+16	9.61e-01	3.89e-02	2.61e-04
 2.54039e+16	9.61e-01	3.84e-02	2.53e-04
 2.54215e+16	9.62e-01	3.78e-02	2.46e-04
 2.54376e+16	9.62e-01	3.73e-02	2.39e-04
 2.54522e+16	9.63e-01	3.69e-02	2.33e-04
 2.54683e+16	9.63e-01	3.64e-02	2.27e-04
 2.54856e+16	9.64e-01	3.59e-02	2.20e-04
 2.55013e+16	9.64e-01	3.54e-02	2.15e-04
 2.55157e+16	9.65e-01	3.50e-02	2.09e-04
 2.55314e+16	9.65e-01	3.45e-02	2.03e-04
 2.55483e+16	9.66e-01	3.40e-02	1.98e-04
 2.55638e+16	9.66e-01	3.36e-02	1.93e-04
 2.55778e+16	9.67e-01	3.32e-02	1.88e-04
 2.55932e+16	9.67e-01	3.28e-02	1.83e-04
 2.56098e+16	9.68e-01	3.23e-02	1.78e-04
 2.56249e+16	9.68e-01	3.19e-02	1.73e-04
 2.56387e+16	9.68e-01	3.15e-02	1.69e-04
 2.56537e+16	9.69e-01	3.11e-02	1.65e-04
 2.56700e+16	9.69e-01	3.07e-02	1.60e-04
 2.56848e+16	9.69e-01	3.03e-02	1.57e-04
 2.57011e+16	9.70e-01	2.99e-02	1.52e-04
 2.57186e+16	9.70e-01	2.95e-02	1.48e-04
 2.57345e+16	9.71e-01	2.91e-02	1.44e-04
 2.57490e+16	9.71e-01	2.88e-02	1.40e-04
 2.57649e+16	9.71e-01	2.84e-02	1.37e-04
 2.57821e+16	9.72e-01	2.80e-02	1.33e-04
 2.57977e+16	9.72e-01	2.77e-02	1.30e-04
 2.58148e+16	9.73e-01	2.73e-02	1.26e-04
 2.58333e+16	9.73e-01	2.69e-02	1.22e-04
 2.58501e+16	9.73e-01	2.65e-02	1.19e-04
 2.58685e+16	9.74e-01	2.61e-02	1.16e-04
 2.58884e+16	9.74e-01	2.57e-02	1.12e-04
 2.59065e+16	9.75e-01	2.54e-02	1.09e-04
 2.59230e+16	9.75e-01	2.50e-02	1.06e-04
 2.59410e+16	9.75e-01	2.47e-02	1.03e-04
 2.59605e+16	9.76e-01	2.43e-02	1.00e-04
 2.59782e+16	9.76e-01	2.40e-02	9.76e-05
 2.59977e+16	9.76e-01	2.36e-02	9.46e-05
 2.60187e+16	9.77e-01	2.33e-02	9.17e-05
 2.60377e+16	9.77e-01	2.29e-02	8.91e-05
 2.60587e+16	9.77e-01	2.26e-02	8.62e-05
 2.60812e+16	9.78e-01	2.22e-02	8.34e-05
 2.61018e+16	9.78e-01	2.18e-02	8.10e-05
 2.61205e+16	9.78e-01	2.16e-02	7.88e-05
 2.61410e+16	9.79e-01	2.12e-02	7.63e-05
 2.61631e+16	9.79e-01	2.09e-02	7.40e-05
 2.61832e+16	9.79e-01	2.06e-02	7.19e-05
 2.62053e+16	9.80e-01	2.02e-02	6.95e-05
 2.62291e+16	9.80e-01	1.99e-02	6.72e-05
 2.62508e+16	9.80e-01	1.96e-02	6.52e-05
 2.62745e+16	9.81e-01	1.93e-02	6.30e-05
 2.63002e+16	9.81e-01	1.89e-02	6.08e-05
 2.63235e+16	9.81e-01	1.86e-02	5.89e-05
 2.63447e+16	9.82e-01	1.84e-02	5.72e-05
 2.63680e+16	9.82e-01	1.80e-02	5.54e-05
 2.63931e+16	9.82e-01	1.77e-02	5.35e-05
 2.64160e+16	9.82e-01	1.75e-02	5.19e-05
 2.64410e+16	9.83e-01	1.72e-02	5.01e-05
 2.64680e+16	9.83e-01	1.69e-02	4.84e-05
 2.64926e+16	9.83e-01	1.66e-02	4.69e-05
 2.65196e+16	9.84e-01	1.63e-02	4.51e-05
 2.65487e+16	9.84e-01	1.60e-02	4.35e-05
 2.65752e+16	9.84e-01	1.57e-02	4.20e-05
 2.66042e+16	9.85e-01	1.54e-02	4.04e-05
 2.66355e+16	9.85e-01	1.51e-02	3.89e-05
 2.66641e+16	9.85e-01	1.48e-02	3.75e-05
 2.66900e+16	9.85e-01	1.46e-02	3.63e-05
 2.67184e+16	9.86e-01	1.43e-02	3.50e-05
 2.67491e+16	9.86e-01	1.41e-02	3.37e-05
 2.67771e+16	9.86e-01	1.38e-02	3.26e-05
 2.68077e+16	9.86e-01	1.35e-02	3.14e-05
 2.68407e+16	9.87e-01	1.33e-02	3.02e-05
 2.68708e+16	9.87e-01	1.30e-02	2.91e-05
 2.69037e+16	9.87e-01	1.28e-02	2.80e-05
 2.69393e+16	9.87e-01	1.25e-02	2.68e-05
 2.69717e+16	9.88e-01	1.23e-02	2.59e-05
 2.70072e+16	9.88e-01	1.20e-02	2.48e-05
 2.70455e+16	9.88e-01	1.18e-02	2.37e-05
 2.70803e+16	9.88e-01	1.15e-02	2.28e-05
 2.71185e+16	9.89e-01	1.13e-02	2.18e-05
 2.71597e+16	9.89e-01	1.10e-02	2.08e-05
 2.71972e+16	9.89e-01	1.08e-02	2.00e-05
 2.72383e+16	9.89e-01	1.05e-02	1.91e-05
 2.72827e+16	9.90e-01	1.03e-02	1.82e-05
 2.73231e+16	9.90e-01	1.01e-02	1.74e-05
 2.73674e+16	9.90e-01	9.81e-03	1.66e-05
 2.74152e+16	9.90e-01	9.56e-03	1.58e-05
 2.74586e+16	9.91e-01	9.35e-03	1.51e-05
 2.75063e+16	9.91e-01	9.11e-03	1.43e-05
 2.75577e+16	9.91e-01	8.87e-03	1.36e-05
 2.76045e+16	9.91e-01	8.66e-03	1.30e-05
 2.76558e+16	9.92e-01	8.43e-03	1.23e-05
 2.77112e+16	9.92e-01	8.20e-03	1.16e-05
 2.77616e+16	9.92e-01	8.00e-03	1.11e-05
 2.78168e+16	9.92e-01	7.77e-03	1.05e-05
 2.78764e+16	9.92e-01	7.55e-03	9.90e-06
 2.79306e+16	9.93e-01	7.36e-03	9.41e-06
 2.79901e+16	9.93e-01	7.14e-03	8.86e-06
 2.80542e+16	9.93e-01	6.93e-03	8.35e-06
 2.81126e+16	9.93e-01	6.74e-03	7.92e-06
 2.81766e+16	9.93e-01	6.54e-03	7.44e-06
 2.82582e+16	9.94e-01	6.28e-03	6.88e-06
 2.83498e+16	9.94e-01	6.02e-03	6.33e-06
 2.84427e+16	9.94e-01	5.77e-03	5.83e-06
 2.85383e+16	9.94e-01	5.53e-03	5.35e-06
 2.86380e+16	9.95e-01	5.29e-03	4.91e-06
 2.87416e+16	9.95e-01	5.06e-03	4.49e-06
 2.88488e+16	9.95e-01	4.83e-03	4.09e-06
 2.89600e+16	9.95e-01	4.61e-03	3.73e-06
 2.90744e+16	9.96e-01	4.39e-03	3.39e-06
 2.91906e+16	9.96e-01	4.18e-03	3.08e-06
 2.93087e+16	9.96e-01	3.99e-03	2.80e-06
 2.94291e+16	9.96e-01	3.80e-03	2.55e-06
 2.95518e+16	9.96e-01	3.62e-03	2.31e-06
 2.96769e+16	9.97e-01	3.44e-03	2.10e-06
 2.98042e+16	9.97e-01	3.28e-03	1.90e-06
 2.99338e+16	9.97e-01	3.12e-03	1.72e-06
 3.00658e+16	9.97e-01	2.96e-03	1.56e-06
 3.01982e+16	9.97e-01	2.82e-03	1.41e-06
 3.03325e+16	9.97e-01	2.68e-03	1.28e-06
 3.04721e+16	9.97e-01	2.55e-03	1.15e-06
 3.06150e+16	9.98e-01	2.42e-03	1.04e-06
 3.07599e+16	9.98e-01	2.29e-03	9.37e-07
 3.09071e+16	9.98e-01	2.17e-03	8.44e-07
 3.10573e+16	9.98e-01	2.06e-03	7.59e-07
 3.12105e+16	9.98e-01	1.95e-03	6.82e-07
 3.13667e+16	9.98e-01	1.85e-03	6.12e-07
 3.15259e+16	9.98e-01	1.75e-03	5.48e-07
 3.16883e+16	9.98e-01	1.65e-03	4.91e-07
 3.18542e+16	9.98e-01	1.56e-03	4.38e-07
 3.20235e+16	9.99e-01	1.48e-03	3.91e-07
 3.21963e+16	9.99e-01	1.39e-03	3.49e-07
 3.23729e+16	9.99e-01	1.31e-03	3.10e-07
 3.25532e+16	9.99e-01	1.24e-03	2.75e-07
 3.27376e+16	9.99e-01	1.16e-03	2.44e-07
 3.29263e+16	9.99e-01	1.10e-03	2.16e-07
 3.31194e+16	9.99e-01	1.03e-03	1.91e-07
 3.33171e+16	9.99e-01	9.66e-04	1.68e-07
 3.35198e+16	9.99e-01	9.05e-04	1.48e-07
 3.37276e+16	9.99e-01	8.47e-04	1.29e-07
 3.39409e+16	9.99e-01	7.92e-04	1.13e-07
 3.41599e+16	9.99e-01	7.40e-04	9.88e-08
 3.43854e+16	9.99e-01	6.90e-04	8.60e-08
 3.46176e+16	9.99e-01	6.42e-04	7.46e-08
 3.48518e+16	9.99e-01	5.99e-04	6.47e-08
 3.50926e+16	9.99e-01	5.56e-04	5.58e-08
 3.53478e+16	9.99e-01	5.14e-04	4.78e-08
 3.56138e+16	1.00e+00	4.75e-04	4.07e-08
 3.58886e+16	1.00e+00	4.37e-04	3.45e-08
 3.61733e+16	1.00e+00	4.02e-04	2.91e-08
 3.64703e+16	1.00e+00	3.68e-04	2.44e-08
 3.67810e+16	1.00e+00	3.35e-04	2.03e-08
 3.71068e+16	1.00e+00	3.05e-04	1.67e-08
 3.74501e+16	1.00e+00	2.76e-04	1.37e-08
 3.78127e+16	1.00e+00	2.48e-04	1.10e-08
 3.81963e+16	1.00e+00	2.22e-04	8.82e-09
 3.86075e+16	1.00e+00	1.97e-04	6.94e-09
 3.90499e+16	1.00e+00	1.73e-04	5.37e-09
 3.95252e+16	1.00e+00	1.51e-04	4.09e-09
 4.00414e+16	1.00e+00	1.31e-04	3.04e-09
 4.06104e+16	1.00e+00	1.11e-04	2.19e-09
 4.12457e+16	1.00e+00	9.27e-05	1.53e-09
 4.19860e+16	1.00e+00	7.52e-05	1.00e-09
 4.28097e+16	1.00e+00	5.99e-05	6.36e-10
 4.36771e+16	1.00e+00	4.72e-05	3.95e-10
 4.45854e+16	1.00e+00	3.68e-05	2.41e-10
 4.55065e+16	1.00e+00	2.88e-05	1.48e-10
 4.64296e+16	1.00e+00	2.25e-05	9.07e-11
 4.73624e+16	1.00e+00	1.76e-05	5.59e-11
 4.83164e+16	1.00e+00	1.38e-05	3.42e-11
 4.92917e+16	1.00e+00	1.07e-05	2.09e-11
 5.02891e+16	1.00e+00	8.35e-06	1.27e-11
 5.13148e+16	1.00e+00	6.48e-06	7.72e-12
 5.23669e+16	1.00e+00	5.02e-06	4.67e-12
 5.34507e+16	1.00e+00	3.88e-06	2.81e-12
 5.45765e+16	1.00e+00	2.99e-06	1.67e-12
 5.57479e+16	1.00e+00	2.29e-06	9.85e-13
 5.69671e+16	1.00e+00	1.74e-06	5.75e-13
 5.82391e+16	1.00e+00	1.32e-06	3.32e-13
 5.95716e+16	1.00e+00	9.94e-07	1.89e-13
 6.09743e+16	1.00e+00	7.42e-07	1.06e-13
 6.24591e+16	1.00e+00	5.49e-07	5.79e-14
 6.40067e+16	1.00e+00	4.04e-07	3.15e-14
 6.55727e+16	1.00e+00	2.99e-07	1.73e-14
 6.71388e+16	1.00e+00	2.23e-07	9.67e-15
 6.87048e+16	1.00e+00	1.67e-07	5.47e-15
 7.05057e+16	1.00e+00	1.20e-07	2.83e-15
 7.25723e+16	1.00e+00	8.41e-08	1.39e-15
 7.47979e+16	1.00e+00	5.77e-08	6.54e-16
 7.71865e+16	1.00e+00	3.91e-08	3.01e-16
 7.96332e+16	1.00e+00	2.66e-08	1.40e-16
 8.21035e+16	1.00e+00	1.83e-08	6.62e-17
 8.45737e+16	1.00e+00	1.27e-08	3.20e-17
 8.71474e+16	1.00e+00	8.77e-09	1.53e-17
 8.98883e+16	1.00e+00	5.98e-09	7.12e-18
 9.27117e+16	1.00e+00	4.09e-09	3.33e-18
 9.55537e+16	1.00e+00	2.82e-09	1.59e-18
 9.83957e+16	1.00e+00	1.97e-09	7.72e-19
 1.01238e+17	1.00e+00	1.38e-09	3.83e-19
 1.04080e+17	1.00e+00	9.83e-10	1.93e-19
 1.06922e+17	1.00e+00	7.04e-10	9.93e-20
 1.09764e+17	1.00e+00	5.08e-10	5.18e-20
 1.12606e+17	1.00e+00	3.70e-10	2.74e-20
 1.15592e+17	1.00e+00	2.66e-10	1.42e-20
 1.18722e+17	1.00e+00	1.91e-10	7.30e-21
 1.21852e+17	1.00e+00	1.38e-10	0.00e+00
 1.24981e+17	1.00e+00	1.00e-10	0.00e+00
 1.28111e+17	1.00e+00	7.36e-11	0.00e+00
 1.31241e+17	1.00e+00	5.45e-11	0.00e+00
 1.34367e+17	1.00e+00	4.06e-11	0.00e+00
 1.37468e+17	1.00e+00	3.07e-11	0.00e+00
 1.40496e+17	1.00e+00	2.35e-11	0.00e+00
 1.43424e+17	1.00e+00	1.83e-11	0.00e+00
 1.46242e+17	1.00e+00	1.46e-11	0.00e+00
 1.48951e+17	1.00e+00	1.18e-11	0.00e+00
 1.51557e+17	1.00e+00	9.65e-12	0.00e+00
 1.54057e+17	1.00e+00	8.05e-12	0.00e+00
 1.56443e+17	1.00e+00	6.83e-12	0.00e+00
 1.58714e+17	1.00e+00	5.89e-12	0.00e+00
 1.60871e+17	1.00e+00	5.16e-12	0.00e+00
 1.62920e+17	1.00e+00	4.57e-12	0.00e+00
 1.64865e+17	1.00e+00	4.11e-12	0.00e+00
 1.66709e+17	1.00e+00	3.74e-12	0.00e+00
 1.68457e+17	1.00e+00	3.44e-12	0.00e+00
 1.70111e+17	1.00e+00	3.19e-12	0.00e+00
 1.71677e+17	1.00e+00	2.98e-12	0.00e+00
 1.73160e+17	1.00e+00	2.81e-12	0.00e+00
 1.74564e+17	1.00e+00	2.67e-12	0.00e+00
 1.75894e+17	1.00e+00	2.55e-12	0.00e+00
 1.77153e+17	1.00e+00	2.45e-12	0.00e+00
 1.78347e+17	1.00e+00	2.36e-12	0.00e+00
 1.79477e+17	1.00e+00	2.29e-12	0.00e+00
 1.80548e+17	1.00e+00	2.22e-12	0.00e+00
 1.81563e+17	1.00e+00	2.16e-12	0.00e+00
 1.82526e+17	1.00e+00	2.11e-12	0.00e+00
 1.83439e+17	1.00e+00	2.07e-12	0.00e+00
 1.84306e+17	1.00e+00	2.03e-12	0.00e+00
 1.85129e+17	1.00e+00	2.00e-12	0.00e+00
 1.85911e+17	1.00e+00	1.97e-12	0.00e+00
 1.86653e+17	1.00e+00	1.94e-12	0.00e+00
 1.87359e+17	1.00e+00	1.92e-12	0.00e+00
 1.88030e+17	1.00e+00	1.90e-12	0.00e+00
 1.88669e+17	1.00e+00	1.88e-12	0.00e+00
 1.89277e+17	1.00e+00	1.86e-12	0.00e+00
 1.89856e+17	1.00e+00	1.85e-12	0.00e+00
 1.90408e+17	1.00e+00	1.83e-12	0.00e+00
 1.90934e+17	1.00e+00	1.82e-12	0.00e+00
 1.91437e+17	1.00e+00	1.81e-12	0.00e+00
 1.91917e+17	1.00e+00	1.79e-12	0.00e+00
 1.92376e+17	1.00e+00	1.78e-12	0.00e+00
 1.92816e+17	1.00e+00	1.77e-12	0.00e+00
 1.93236e+17	1.00e+00	1.77e-12	0.00e+00
 1.93640e+17	1.00e+00	1.76e-12	0.00e+00
 1.94028e+17	1.00e+00	1.75e-12	0.00e+00
 1.94400e+17	1.00e+00	1.74e-12	0.00e+00
 1.94759e+17	1.00e+00	1.74e-12	0.00e+00
 1.95105e+17	1.00e+00	1.73e-12	0.00e+00
 1.95440e+17	1.00e+00	1.72e-12	0.00e+00
 1.95764e+17	1.00e+00	1.72e-12	0.00e+00
 1.96078e+17	1.00e+00	1.71e-12	0.00e+00
 1.96384e+17	1.00e+00	1.71e-12	0.00e+00
 1.96683e+17	1.00e+00	1.70e-12	0.00e+00
 1.96975e+17	1.00e+00	1.70e-12	0.00e+00
 1.97262e+17	1.00e+00	1.69e-12	0.00e+00
 1.97545e+17	1.00e+00	1.69e-12	0.00e+00
 1.97825e+17	1.00e+00	1.69e-12	0.00e+00
 1.98104e+17	1.00e+00	1.68e-12	0.00e+00
 1.98383e+17	1.00e+00	1.68e-12	0.00e+00
 1.98665e+17	1.00e+00	1.67e-12	0.00e+00
 1.98950e+17	1.00e+00	1.67e-12	0.00e+00
 1.99241e+17	1.00e+00	1.66e-12	0.00e+00
 1.99542e+17	1.00e+00	1.66e-12	0.00e+00
 1.99856e+17	1.00e+00	1.65e-12	0.00e+00
 2.00188e+17	1.00e+00	1.65e-12	0.00e+00
 2.00542e+17	1.00e+00	1.64e-12	0.00e+00
 2.00928e+17	1.00e+00	1.64e-12	0.00e+00
 2.01355e+17	1.00e+00	1.63e-12	0.00e+00
 2.01838e+17	1.00e+00	1.62e-12	0.00e+00
 2.02399e+17	1.00e+00	1.61e-12	0.00e+00
 2.03068e+17	1.00e+00	1.60e-12	0.00e+00
 2.03893e+17	1.00e+00	1.58e-12	0.00e+00
 2.04949e+17	1.00e+00	1.55e-12	0.00e+00
 2.06322e+17	1.00e+00	1.52e-12	0.00e+00
 2.08107e+17	1.00e+00	1.47e-12	0.00e+00
 2.10426e+17	1.00e+00	1.40e-12	0.00e+00
 2.13442e+17	1.00e+00	1.31e-12	0.00e+00
 2.17363e+17	1.00e+00	1.19e-12	0.00e+00
 2.22460e+17	1.00e+00	1.05e-12	0.00e+00
 2.29086e+17	1.00e+00	8.80e-13	0.00e+00
 2.37488e+17	1.00e+00	6.97e-13	0.00e+00
 2.46987e+17	1.00e+00	5.34e-13	0.00e+00
 2.56867e+17	1.00e+00	4.73e-13	0.00e+00
 2.67141e+17	1.00e+00	4.30e-13	0.00e+00
 2.77827e+17	1.00e+00	3.91e-13	0.00e+00
 2.88940e+17	1.00e+00	3.54e-13	0.00e+00
 3.00498e+17	1.00e+00	3.18e-13	0.00e+00
 3.12518e+17	1.00e+00	2.84e-13	0.00e+00
 3.25018e+17	1.00e+00	2.51e-13	0.00e+00
 3.38019e+17	1.00e+00	2.19e-13	0.00e+00
 3.51540e+17	1.00e+00	1.90e-13	0.00e+00
 3.65270e+17	1.00e+00	1.62e-13	0.00e+00
 3.78330e+17	1.00e+00	1.48e-13	0.00e+00
 3.90025e+17	1.00e+00	1.53e-13	0.00e+00
 4.00436e+17	1.00e+00	1.65e-13	0.00e+00
 4.10092e+17	1.00e+00	1.69e-13	0.00e+00
 4.19389e+17	1.00e+00	1.62e-13	0.00e+00
 4.28236e+17	1.00e+00	1.49e-13	0.00e+00
 4.36227e+17	1.00e+00	1.41e-13	0.00e+00
 4.43143e+17	1.00e+00	1.38e-13	0.00e+00
 4.48441e+17	1.00e+00	1.36e-13	0.00e+00
 4.51693e+17	1.00e+00	1.44e-13	0.00e+00
 4.53489e+17	1.00e+00	1.52e-13	0.00e+00
 4.54534e+17	1.00e+00	1.57e-13	0.00e+00
 4.55162e+17	1.00e+00	1.60e-13	0.00e+00
 4.55565e+17	1.00e+00	1.62e-13	0.00e+00
 4.55906e+17	1.00e+00	1.63e-13	0.00e+00
 4.56304e+17	1.00e+00	1.64e-13	0.00e+00
 4.56791e+17	1.00e+00	1.64e-13	0.00e+00
 4.57276e+17	1.00e+00	1.65e-13	0.00e+00
 4.57664e+17	1.00e+00	1.65e-13	0.00e+00
 4.57955e+17	1.00e+00	1.65e-13	0.00e+00
 4.58203e+17	1.00e+00	1.65e-13	0.00e+00
 4.58483e+17	1.00e+00	1.65e-13	0.00e+00
 4.58808e+17	1.00e+00	1.65e-13	0.00e+00
 4.59111e+17	1.00e+00	1.65e-13	0.00e+00
 4.59344e+17	1.00e+00	1.64e-13	0.00e+00
 4.59548e+17	1.00e+00	1.64e-13	0.00e+00
 4.59770e+17	1.00e+00	1.64e-13	0.00e+00
 4.60000e+17	1.00e+00	1.64e-13	0.00e+00
 4.60217e+17	1.00e+00	1.63e-13	0.00e+00
 4.60417e+17	1.00e+00	1.63e-13	0.00e+00
 4.60600e+17	1.00e+00	1.62e-13	0.00e+00
 4.60772e+17	1.00e+00	1.62e-13	0.00e+00
 4.60942e+17	1.00e+00	1.62e-13	0.00e+00
 4.61115e+17	1.00e+00	1.61e-13	0.00e+00
 4.61288e+17	1.00e+00	1.61e-13	0.00e+00
 4.61454e+17	1.00e+00	1.60e-13	0.00e+00
 4.61607e+17	1.00e+00	1.60e-13	0.00e+00
 4.61752e+17	1.00e+00	1.60e-13	0.00e+00
 4.61901e+17	1.00e+00	1.59e-13	0.00e+00
 4.62054e+17	1.00e+00	1.59e-13	0.00e+00
 4.62208e+17	1.00e+00	1.58e-13	0.00e+00
 4.62358e+17	1.00e+00	1.58e-13	0.00e+00
 4.62498e+17	1.00e+00	1.57e-13	0.00e+00
 4.62630e+17	1.00e+00	1.57e-13	0.00e+00
 4.62768e+17	1.00e+00	1.56e-13	0.00e+00
 4.62916e+17	1.00e+00	1.56e-13	0.00e+00
 4.63069e+17	1.00e+00	1.55e-13	0.00e+00
 4.63214e+17	1.00e+00	1.54e-13	0.00e+00
 4.63348e+17	1.00e+00	1.54e-13	0.00e+00
 4.63491e+17	1.00e+00	1.53e-13	0.00e+00
 4.63650e+17	1.00e+00	1.53e-13	0.00e+00
 4.63804e+17	1.00e+00	1.52e-13	0.00e+00
 4.63946e+17	1.00e+00	1.51e-13	0.00e+00
 4.64097e+17	1.00e+00	1.51e-13	0.00e+00
 4.64262e+17	1.00e+00	1.50e-13	0.00e+00
 4.64428e+17	1.00e+00	1.49e-13	0.00e+00
 4.64594e+17	1.00e+00	1.48e-13	0.00e+00
 4.64762e+17	1.00e+00	1.47e-13	0.00e+00
 4.64931e+17	1.00e+00	1.46e-13	0.00e+00
 4.65102e+17	1.00e+00	1.46e-13	0.00e+00
 4.65277e+17	1.00e+00	1.45e-13	0.00e+00
 4.65467e+17	1.00e+00	1.44e-13	0.00e+00
 4.65664e+17	1.00e+00	1.43e-13	0.00e+00
 4.65853e+17	1.00e+00	1.42e-13	0.00e+00
 4.66038e+17	1.00e+00	1.41e-13	0.00e+00
 4.66238e+17	1.00e+00	1.40e-13	0.00e+00
 4.66461e+17	1.00e+00	1.38e-13	0.00e+00
 4.66685e+17	1.00e+00	1.37e-13	0.00e+00
 4.66891e+17	1.00e+00	1.36e-13	0.00e+00
 4.67103e+17	1.00e+00	1.35e-13	0.00e+00
 4.67346e+17	1.00e+00	1.33e-13	0.00e+00
 4.67608e+17	1.00e+00	1.32e-13	0.00e+00
 4.67861e+17	1.00e+00	1.30e-13	0.00e+00
 4.68101e+17	1.00e+00	1.29e-13	0.00e+00
 4.68345e+17	1.00e+00	1.27e-13	0.00e+00
 4.68607e+17	1.00e+00	1.26e-13	0.00e+00
 4.68897e+17	1.00e+00	1.24e-13	0.00e+00
 4.69196e+17	1.00e+00	1.22e-13	0.00e+00
 4.69489e+17	1.00e+00	1.20e-13	0.00e+00
 4.69778e+17	1.00e+00	1.19e-13	0.00e+00
 4.70073e+17	1.00e+00	1.17e-13	0.00e+00
 4.70386e+17	1.00e+00	1.15e-13	0.00e+00
 4.70711e+17	1.00e+00	1.13e-13	0.00e+00
 4.71058e+17	1.00e+00	1.11e-13	0.00e+00
 4.71412e+17	1.00e+00	1.09e-13	0.00e+00
 4.71754e+17	1.00e+00	1.07e-13	0.00e+00
 4.72107e+17	1.00e+00	1.05e-13	0.00e+00
 4.72482e+17	1.00e+00	1.02e-13	0.00e+00
 4.72873e+17	1.00e+00	1.00e-13	0.00e+00
 4.73268e+17	1.00e+00	9.75e-14	0.00e+00
 4.73661e+17	1.00e+00	9.51e-14	0.00e+00
 4.74046e+17	1.00e+00	9.29e-14	0.00e+00
 4.74456e+17	1.00e+00	9.06e-14	0.00e+00
 4.74899e+17	1.00e+00	8.81e-14	0.00e+00
 4.75355e+17	1.00e+00	8.54e-14	0.00e+00
 4.75807e+17	1.00e+00	8.28e-14	0.00e+00
 4.76253e+17	1.00e+00	8.02e-14	0.00e+00
 4.76709e+17	1.00e+00	7.77e-14	0.00e+00
 4.77187e+17	1.00e+00	7.52e-14	0.00e+00
 4.77686e+17	1.00e+00	7.25e-14	0.00e+00
 4.78195e+17	1.00e+00	6.97e-14	0.00e+00
 4.78707e+17	1.00e+00	6.71e-14	0.00e+00
 4.79225e+17	1.00e+00	6.44e-14	0.00e+00
 4.79751e+17	1.00e+00	6.18e-14	0.00e+00
 4.80285e+17	1.00e+00	5.92e-14	0.00e+00
 4.80846e+17	1.00e+00	5.65e-14	0.00e+00
 4.81429e+17	1.00e+00	5.38e-14	0.00e+00
 4.82015e+17	1.00e+00	5.11e-14	0.00e+00
 4.82598e+17	1.00e+00	4.85e-14	0.00e+00
 4.83187e+17	1.00e+00	4.60e-14	0.00e+00
 4.83789e+17	1.00e+00	4.36e-14	0.00e+00
 4.84446e+17	1.00e+00	4.11e-14	0.00e+00
 4.85143e+17	1.00e+00	3.84e-14	0.00e+00
 4.85837e+17	1.00e+00	3.58e-14	0.00e+00
 4.86523e+17	1.00e+00	3.34e-14	0.00e+00
 4.87205e+17	1.00e+00	3.11e-14	0.00e+00
 4.87913e+17	1.00e+00	2.90e-14	0.00e+00
 4.88617e+17	1.00e+00	2.67e-14	0.00e+00
 4.89249e+17	1.00e+00	2.48e-14	0.00e+00
 4.89782e+17	1.00e+00	2.33e-14	0.00e+00
 4.90252e+17	1.00e+00	2.20e-14	0.00e+00
 4.90708e+17	1.00e+00	2.09e-14	0.00e+00
 4.91167e+17	1.00e+00	1.98e-14	0.00e+00
 4.91615e+17	1.00e+00	1.88e-14	0.00e+00
 4.92032e+17	1.00e+00	1.78e-14	0.00e+00
 4.92415e+17	1.00e+00	1.70e-14	0.00e+00
 4.92779e+17	1.00e+00	1.62e-14	0.00e+00
 4.93136e+17	1.00e+00	1.55e-14	0.00e+00
 4.93487e+17	1.00e+00	1.48e-14	0.00e+00
 4.93826e+17	1.00e+00	1.42e-14	0.00e+00
 4.94147e+17	1.00e+00	1.36e-14	0.00e+00
 4.94454e+17	1.00e+00	1.30e-14	0.00e+00
 4.94751e+17	1.00e+00	1.25e-14	0.00e+00
 4.95040e+17	1.00e+00	1.20e-14	0.00e+00
 4.95321e+17	1.00e+00	1.16e-14	0.00e+00
 4.95593e+17	1.00e+00	1.11e-14	0.00e+00
 4.95854e+17	1.00e+00	1.07e-14	0.00e+00
 4.96107e+17	1.00e+00	1.03e-14	0.00e+00
 4.96351e+17	1.00e+00	9.93e-15	0.00e+00
 4.96588e+17	1.00e+00	9.58e-15	0.00e+00
 4.96820e+17	1.00e+00	9.24e-15	0.00e+00
 4.97046e+17	1.00e+00	8.92e-15	0.00e+00
 4.97265e+17	1.00e+00	8.62e-15	0.00e+00
 4.97479e+17	1.00e+00	8.32e-15	0.00e+00
 4.97687e+17	1.00e+00	8.03e-15	0.00e+00
 4.97888e+17	1.00e+00	7.76e-15	0.00e+00
 4.98081e+17	1.00e+00	7.52e-15	0.00e+00
 4.98300e+17	1.00e+00	7.28e-15	0.00e+00
 4.98585e+17	1.00e+00	6.98e-15	0.00e+00
 4.98956e+17	1.00e+00	6.61e-15	0.00e+00
 4.99438e+17	1.00e+00	6.14e-15	0.00e+00
 5.00065e+17	1.00e+00	5.56e-15	0.00e+00
 5.00880e+17	1.00e+00	4.88e-15	0.00e+00
 5.01878e+17	1.00e+00	4.10e-15	0.00e+00
 5.02851e+17	1.00e+00	3.33e-15	0.00e+00
 5.03585e+17	1.00e+00	2.80e-15	0.00e+00
 5.04111e+17	1.00e+00	2.49e-15	0.00e+00
 5.04580e+17	1.00e+00	2.27e-15	0.00e+00
 5.05111e+17	1.00e+00	2.06e-15	0.00e+00
 5.05728e+17	1.00e+00	1.84e-15	0.00e+00
 5.06368e+17	1.00e+00	1.61e-15	0.00e+00
 5.06959e+17	1.00e+00	1.42e-15	0.00e+00
 5.07490e+17	1.00e+00	1.27e-15	0.00e+00
 5.08012e+17	1.00e+00	1.14e-15	0.00e+00
 5.08577e+17	1.00e+00	1.03e-15	0.00e+00
 5.09197e+17	1.00e+00	9.09e-16	0.00e+00
 5.09840e+17	1.00e+00	7.97e-16	0.00e+00
 5.10483e+17	1.00e+00	6.99e-16	0.00e+00
 5.11137e+17	1.00e+00	6.13e-16	0.00e+00
 5.11838e+17	1.00e+00	5.36e-16	0.00e+00
 5.12625e+17	1.00e+00	4.61e-16	0.00e+00
