#depth	O	O+	O+2	O+3	O+4	O+5	O+6	O+7	O+8	O[1]	O[2]	O[3]
 1.49634e+10	0.00e+00	2.53e-45	9.93e-35	4.23e-25	2.21e-16	1.18e-08	1.00e+00	0.00e+00	0.00e+00	0.00e+00	0.00e+00	0.00e+00
 4.54887e+10	0.00e+00	0.00e+00	1.36e-34	5.36e-25	2.60e-16	1.28e-08	1.00e+00	8.23e-09	0.00e+00	0.00e+00	0.00e+00	0.00e+00
 7.72350e+10	0.00e+00	5.56e-45	1.87e-34	6.80e-25	3.04e-16	1.39e-08	1.00e+00	0.00e+00	0.00e+00	0.00e+00	0.00e+00	0.00e+00
 1.10251e+11	0.00e+00	0.00e+00	2.56e-34	8.62e-25	3.56e-16	1.50e-08	1.00e+00	0.00e+00	0.00e+00	0.00e+00	0.00e+00	0.00e+00
 1.43529e+11	0.00e+00	1.21e-44	3.47e-34	1.08e-24	4.15e-16	1.62e-08	1.00e+00	0.00e+00	0.00e+00	0.00e+00	0.00e+00	0.00e+00
 1.78138e+11	0.00e+00	0.00e+00	4.72e-34	1.36e-24	4.84e-16	1.75e-08	1.00e+00	0.00e+00	0.00e+00	0.00e+00	0.00e+00	0.00e+00
 2.15190e+11	0.00e+00	2.63e-44	6.48e-34	1.73e-24	5.67e-16	1.90e-08	1.00e+00	0.00e+00	0.00e+00	0.00e+00	0.00e+00	0.00e+00
 2.53725e+11	0.00e+00	0.00e+00	8.88e-34	2.19e-24	6.65e-16	2.05e-08	1.00e+00	0.00e+00	0.00e+00	0.00e+00	0.00e+00	0.00e+00
 2.93800e+11	0.00e+00	5.79e-44	1.22e-33	2.78e-24	7.80e-16	2.22e-08	1.00e+00	0.00e+00	0.00e+00	0.00e+00	0.00e+00	0.00e+00
 3.35479e+11	0.00e+00	0.00e+00	1.67e-33	3.53e-24	9.14e-16	2.41e-08	1.00e+00	0.00e+00	0.00e+00	0.00e+00	0.00e+00	0.00e+00
 3.78825e+11	0.00e+00	1.28e-43	2.30e-33	4.48e-24	1.07e-15	2.61e-08	1.00e+00	0.00e+00	0.00e+00	0.00e+00	0.00e+00	0.00e+00
 4.21633e+11	0.00e+00	0.00e+00	3.10e-33	5.62e-24	1.25e-15	2.81e-08	1.00e+00	0.00e+00	0.00e+00	0.00e+00	0.00e+00	0.00e+00
 4.66154e+11	0.00e+00	2.71e-43	4.20e-33	7.05e-24	1.45e-15	3.04e-08	1.00e+00	0.00e+00	0.00e+00	0.00e+00	0.00e+00	0.00e+00
 5.14727e+11	0.00e+00	0.00e+00	5.77e-33	8.96e-24	1.70e-15	3.29e-08	1.00e+00	0.00e+00	0.00e+00	0.00e+00	0.00e+00	0.00e+00
 5.63723e+11	0.00e+00	5.93e-43	7.85e-33	1.13e-23	1.99e-15	3.56e-08	1.00e+00	0.00e+00	0.00e+00	0.00e+00	0.00e+00	0.00e+00
 6.14680e+11	0.00e+00	0.00e+00	1.07e-32	1.43e-23	2.33e-15	3.85e-08	1.00e+00	0.00e+00	0.00e+00	0.00e+00	0.00e+00	0.00e+00
 6.69194e+11	0.00e+00	1.30e-42	1.47e-32	1.81e-23	2.73e-15	4.17e-08	1.00e+00	0.00e+00	0.00e+00	0.00e+00	0.00e+00	0.00e+00
 7.25889e+11	0.00e+00	0.00e+00	2.02e-32	2.30e-23	3.21e-15	4.52e-08	1.00e+00	0.00e+00	0.00e+00	0.00e+00	0.00e+00	0.00e+00
 7.84851e+11	0.00e+00	2.88e-42	2.79e-32	2.93e-23	3.77e-15	4.90e-08	1.00e+00	0.00e+00	0.00e+00	0.00e+00	0.00e+00	0.00e+00
 8.46172e+11	0.00e+00	0.00e+00	3.84e-32	3.73e-23	4.43e-15	5.32e-08	1.00e+00	0.00e+00	0.00e+00	0.00e+00	0.00e+00	0.00e+00
 9.09945e+11	0.00e+00	6.39e-42	5.28e-32	4.75e-23	5.21e-15	5.77e-08	1.00e+00	0.00e+00	0.00e+00	0.00e+00	0.00e+00	0.00e+00
 9.76270e+11	0.00e+00	0.00e+00	7.28e-32	6.04e-23	6.13e-15	6.26e-08	1.00e+00	0.00e+00	0.00e+00	0.00e+00	0.00e+00	0.00e+00
 1.04525e+12	0.00e+00	1.42e-41	1.00e-31	7.70e-23	7.22e-15	6.80e-08	1.00e+00	0.00e+00	0.00e+00	0.00e+00	0.00e+00	0.00e+00
 1.11698e+12	0.00e+00	0.00e+00	1.38e-31	9.82e-23	8.50e-15	7.38e-08	1.00e+00	0.00e+00	0.00e+00	0.00e+00	0.00e+00	0.00e+00
 1.19159e+12	0.00e+00	3.17e-41	1.91e-31	1.25e-22	1.00e-14	8.02e-08	1.00e+00	0.00e+00	0.00e+00	0.00e+00	0.00e+00	0.00e+00
 1.26918e+12	0.00e+00	0.00e+00	2.64e-31	1.60e-22	1.18e-14	8.71e-08	1.00e+00	0.00e+00	0.00e+00	0.00e+00	0.00e+00	0.00e+00
 1.34987e+12	0.00e+00	7.09e-41	3.65e-31	2.04e-22	1.39e-14	9.47e-08	1.00e+00	0.00e+00	0.00e+00	0.00e+00	0.00e+00	0.00e+00
 1.43380e+12	0.00e+00	0.00e+00	5.05e-31	2.61e-22	1.64e-14	1.03e-07	1.00e+00	0.00e+00	0.00e+00	0.00e+00	0.00e+00	0.00e+00
 1.52108e+12	0.00e+00	1.59e-40	6.98e-31	3.34e-22	1.94e-14	1.12e-07	1.00e+00	0.00e+00	0.00e+00	0.00e+00	0.00e+00	0.00e+00
 1.61184e+12	0.00e+00	0.00e+00	9.67e-31	4.27e-22	2.30e-14	1.22e-07	1.00e+00	0.00e+00	0.00e+00	0.00e+00	0.00e+00	0.00e+00
 1.70625e+12	0.00e+00	3.57e-40	1.34e-30	5.47e-22	2.72e-14	1.33e-07	1.00e+00	0.00e+00	0.00e+00	0.00e+00	0.00e+00	0.00e+00
 1.80442e+12	0.00e+00	0.00e+00	1.86e-30	7.01e-22	3.21e-14	1.45e-07	1.00e+00	0.00e+00	0.00e+00	0.00e+00	0.00e+00	0.00e+00
 1.90653e+12	0.00e+00	8.05e-40	2.58e-30	8.99e-22	3.81e-14	1.58e-07	1.00e+00	0.00e+00	0.00e+00	0.00e+00	0.00e+00	0.00e+00
 2.00077e+12	0.00e+00	0.00e+00	3.45e-30	1.12e-21	4.43e-14	1.70e-07	1.00e+00	0.00e+00	0.00e+00	0.00e+00	0.00e+00	0.00e+00
 2.08229e+12	0.00e+00	1.56e-39	4.40e-30	1.35e-21	5.02e-14	1.81e-07	1.00e+00	0.00e+00	0.00e+00	0.00e+00	0.00e+00	0.00e+00
 2.17275e+12	0.00e+00	0.00e+00	5.74e-30	1.65e-21	5.77e-14	1.95e-07	1.00e+00	0.00e+00	0.00e+00	0.00e+00	0.00e+00	0.00e+00
 2.28331e+12	0.00e+00	3.19e-39	7.84e-30	2.10e-21	6.79e-14	2.11e-07	1.00e+00	0.00e+00	0.00e+00	0.00e+00	0.00e+00	0.00e+00
 2.39585e+12	0.00e+00	0.00e+00	1.06e-29	2.65e-21	7.96e-14	2.29e-07	1.00e+00	0.00e+00	0.00e+00	0.00e+00	0.00e+00	0.00e+00
 2.49812e+12	0.00e+00	6.52e-39	1.39e-29	3.26e-21	9.18e-14	2.47e-07	1.00e+00	0.00e+00	0.00e+00	0.00e+00	0.00e+00	0.00e+00
 2.61125e+12	0.00e+00	0.00e+00	1.86e-29	4.06e-21	1.07e-13	2.67e-07	1.00e+00	0.00e+00	0.00e+00	0.00e+00	0.00e+00	0.00e+00
 2.74365e+12	0.00e+00	1.39e-38	2.58e-29	5.21e-21	1.27e-13	2.91e-07	1.00e+00	0.00e+00	0.00e+00	0.00e+00	0.00e+00	0.00e+00
 2.87346e+12	0.00e+00	0.00e+00	3.51e-29	6.60e-21	1.49e-13	3.17e-07	1.00e+00	0.00e+00	0.00e+00	0.00e+00	0.00e+00	0.00e+00
 2.99402e+12	0.00e+00	2.86e-38	4.62e-29	8.16e-21	1.73e-13	3.42e-07	1.00e+00	0.00e+00	0.00e+00	0.00e+00	0.00e+00	0.00e+00
 3.12925e+12	0.00e+00	0.00e+00	6.24e-29	1.03e-20	2.03e-13	3.71e-07	1.00e+00	0.00e+00	0.00e+00	0.00e+00	0.00e+00	0.00e+00
 3.28435e+12	0.00e+00	6.21e-38	8.68e-29	1.33e-20	2.42e-13	4.06e-07	1.00e+00	0.00e+00	0.00e+00	0.00e+00	0.00e+00	0.00e+00
 3.43630e+12	0.00e+00	0.00e+00	1.19e-28	1.69e-20	2.86e-13	4.43e-07	1.00e+00	0.00e+00	0.00e+00	0.00e+00	0.00e+00	0.00e+00
 3.58173e+12	0.00e+00	1.30e-37	1.58e-28	2.10e-20	3.34e-13	4.80e-07	1.00e+00	0.00e+00	0.00e+00	0.00e+00	0.00e+00	0.00e+00
 3.74232e+12	0.00e+00	0.00e+00	2.15e-28	2.66e-20	3.94e-13	5.23e-07	1.00e+00	0.00e+00	0.00e+00	0.00e+00	0.00e+00	0.00e+00
 3.92194e+12	0.00e+00	2.83e-37	2.98e-28	3.44e-20	4.71e-13	5.74e-07	1.00e+00	0.00e+00	0.00e+00	0.00e+00	0.00e+00	0.00e+00
 4.10226e+12	0.00e+00	0.00e+00	4.09e-28	4.39e-20	5.59e-13	6.28e-07	1.00e+00	0.00e+00	0.00e+00	0.00e+00	0.00e+00	0.00e+00
 4.28980e+12	0.00e+00	6.14e-37	5.62e-28	5.62e-20	6.65e-13	6.87e-07	1.00e+00	0.00e+00	0.00e+00	0.00e+00	0.00e+00	0.00e+00
 4.49132e+12	0.00e+00	0.00e+00	7.79e-28	7.24e-20	7.95e-13	7.54e-07	1.00e+00	0.00e+00	0.00e+00	0.00e+00	0.00e+00	0.00e+00
 4.70090e+12	0.00e+00	1.36e-36	1.08e-27	9.32e-20	9.50e-13	8.28e-07	1.00e+00	0.00e+00	0.00e+00	0.00e+00	0.00e+00	0.00e+00
 4.91886e+12	4.09e-46	2.02e-36	1.49e-27	1.20e-19	1.14e-12	9.10e-07	1.00e+00	0.00e+00	0.00e+00	0.00e+00	0.00e+00	0.00e+00
 5.14554e+12	0.00e+00	0.00e+00	2.06e-27	1.54e-19	1.36e-12	9.99e-07	1.00e+00	0.00e+00	0.00e+00	0.00e+00	0.00e+00	0.00e+00
 5.38129e+12	0.00e+00	4.43e-36	2.84e-27	1.99e-19	1.62e-12	1.10e-06	1.00e+00	0.00e+00	0.00e+00	0.00e+00	0.00e+00	0.00e+00
 5.60521e+12	1.59e-45	6.33e-36	3.81e-27	2.50e-19	1.91e-12	1.20e-06	1.00e+00	0.00e+00	0.00e+00	0.00e+00	0.00e+00	0.00e+00
 5.80850e+12	0.00e+00	0.00e+00	4.92e-27	3.05e-19	2.20e-12	1.29e-06	1.00e+00	0.00e+00	0.00e+00	0.00e+00	0.00e+00	0.00e+00
 6.03747e+12	0.00e+00	1.21e-35	6.51e-27	3.80e-19	2.57e-12	1.40e-06	1.00e+00	0.00e+00	0.00e+00	0.00e+00	0.00e+00	0.00e+00
 6.29136e+12	5.29e-45	1.74e-35	8.76e-27	4.80e-19	3.04e-12	1.53e-06	1.00e+00	0.00e+00	0.00e+00	0.00e+00	0.00e+00	0.00e+00
 6.52936e+12	0.00e+00	0.00e+00	1.15e-26	5.92e-19	3.53e-12	1.66e-06	1.00e+00	0.00e+00	0.00e+00	0.00e+00	0.00e+00	0.00e+00
 6.79050e+12	0.00e+00	3.38e-35	1.52e-26	7.39e-19	4.14e-12	1.80e-06	1.00e+00	0.00e+00	0.00e+00	0.00e+00	0.00e+00	0.00e+00
 7.08361e+12	1.81e-44	4.88e-35	2.06e-26	9.40e-19	4.91e-12	1.98e-06	1.00e+00	0.00e+00	0.00e+00	0.00e+00	0.00e+00	0.00e+00
 7.36259e+12	0.00e+00	6.83e-35	2.72e-26	1.17e-18	5.75e-12	2.15e-06	1.00e+00	0.00e+00	0.00e+00	0.00e+00	0.00e+00	0.00e+00
 7.66095e+12	4.05e-44	9.64e-35	3.63e-26	1.47e-18	6.76e-12	2.35e-06	1.00e+00	0.00e+00	0.00e+00	0.00e+00	0.00e+00	0.00e+00
 7.99731e+12	0.00e+00	1.40e-34	4.94e-26	1.88e-18	8.05e-12	2.58e-06	1.00e+00	0.00e+00	0.00e+00	0.00e+00	0.00e+00	0.00e+00
 8.32835e+12	9.53e-44	1.99e-34	6.61e-26	2.36e-18	9.51e-12	2.82e-06	1.00e+00	0.00e+00	0.00e+00	0.00e+00	0.00e+00	0.00e+00
 8.62337e+12	0.00e+00	2.68e-34	8.49e-26	2.88e-18	1.10e-11	3.05e-06	1.00e+00	0.00e+00	0.00e+00	0.00e+00	0.00e+00	0.00e+00
 8.93494e+12	1.95e-43	3.64e-34	1.10e-25	3.53e-18	1.27e-11	3.29e-06	1.00e+00	0.00e+00	0.00e+00	0.00e+00	0.00e+00	0.00e+00
 9.28591e+12	0.00e+00	5.06e-34	1.44e-25	4.39e-18	1.48e-11	3.59e-06	1.00e+00	0.00e+00	0.00e+00	0.00e+00	0.00e+00	0.00e+00
 9.62023e+12	4.11e-43	6.85e-34	1.86e-25	5.38e-18	1.72e-11	3.88e-06	1.00e+00	0.00e+00	0.00e+00	0.00e+00	0.00e+00	0.00e+00
 9.98695e+12	0.00e+00	9.43e-34	2.43e-25	6.65e-18	2.00e-11	4.22e-06	1.00e+00	0.00e+00	0.00e+00	0.00e+00	0.00e+00	0.00e+00
 1.03921e+13	8.93e-43	1.32e-33	3.23e-25	8.35e-18	2.35e-11	4.61e-06	1.00e+00	0.00e+00	0.00e+00	0.00e+00	0.00e+00	0.00e+00
 1.07680e+13	0.00e+00	1.79e-33	4.16e-25	1.02e-17	2.72e-11	4.99e-06	1.00e+00	0.00e+00	0.00e+00	0.00e+00	0.00e+00	0.00e+00
 1.11773e+13	1.85e-42	2.46e-33	5.42e-25	1.26e-17	3.17e-11	5.43e-06	1.00e+00	0.00e+00	0.00e+00	0.00e+00	0.00e+00	0.00e+00
 1.16361e+13	0.00e+00	3.45e-33	7.22e-25	1.59e-17	3.73e-11	5.94e-06	1.00e+00	0.00e+00	0.00e+00	0.00e+00	0.00e+00	0.00e+00
 1.20714e+13	3.96e-42	4.71e-33	9.37e-25	1.96e-17	4.34e-11	6.45e-06	1.00e+00	0.00e+00	0.00e+00	0.00e+00	0.00e+00	0.00e+00
 1.25397e+13	0.00e+00	6.49e-33	1.23e-24	2.43e-17	5.07e-11	7.02e-06	1.00e+00	0.00e+00	0.00e+00	0.00e+00	0.00e+00	0.00e+00
 1.30598e+13	8.63e-42	9.15e-33	1.64e-24	3.07e-17	5.98e-11	7.69e-06	1.00e+00	0.00e+00	0.00e+00	0.00e+00	0.00e+00	0.00e+00
 1.35631e+13	0.00e+00	1.26e-32	2.14e-24	3.80e-17	6.97e-11	8.37e-06	1.00e+00	0.00e+00	0.00e+00	0.00e+00	0.00e+00	0.00e+00
 1.40981e+13	1.84e-41	1.74e-32	2.82e-24	4.74e-17	8.15e-11	9.12e-06	1.00e+00	0.00e+00	0.00e+00	0.00e+00	0.00e+00	0.00e+00
 1.46919e+13	0.00e+00	2.47e-32	3.78e-24	6.00e-17	9.63e-11	1.00e-05	1.00e+00	0.00e+00	0.00e+00	0.00e+00	0.00e+00	0.00e+00
 1.52890e+13	4.09e-41	3.46e-32	5.02e-24	7.52e-17	1.13e-10	1.09e-05	1.00e+00	0.00e+00	0.00e+00	0.00e+00	0.00e+00	0.00e+00
 1.59100e+13	0.00e+00	4.84e-32	6.67e-24	9.44e-17	1.33e-10	1.19e-05	1.00e+00	0.00e+00	0.00e+00	0.00e+00	0.00e+00	0.00e+00
 1.65763e+13	9.11e-41	6.86e-32	8.94e-24	1.19e-16	1.57e-10	1.31e-05	1.00e+00	0.00e+00	0.00e+00	0.00e+00	0.00e+00	0.00e+00
 1.72693e+13	0.00e+00	9.72e-32	1.20e-23	1.51e-16	1.85e-10	1.43e-05	1.00e+00	0.00e+00	0.00e+00	0.00e+00	0.00e+00	0.00e+00
 1.79900e+13	2.06e-40	1.38e-31	1.61e-23	1.90e-16	2.17e-10	1.56e-05	1.00e+00	0.00e+00	0.00e+00	0.00e+00	0.00e+00	0.00e+00
 1.87395e+13	0.00e+00	1.96e-31	2.16e-23	2.41e-16	2.56e-10	1.71e-05	1.00e+00	0.00e+00	0.00e+00	0.00e+00	0.00e+00	0.00e+00
 1.94896e+13	4.61e-40	2.74e-31	2.86e-23	3.01e-16	2.99e-10	1.86e-05	1.00e+00	0.00e+00	0.00e+00	0.00e+00	0.00e+00	0.00e+00
 2.01974e+13	0.00e+00	3.73e-31	3.70e-23	3.70e-16	3.45e-10	2.01e-05	1.00e+00	0.00e+00	0.00e+00	0.00e+00	0.00e+00	0.00e+00
 2.09629e+13	9.67e-40	5.16e-31	4.85e-23	4.58e-16	4.00e-10	2.18e-05	1.00e+00	0.00e+00	0.00e+00	0.00e+00	0.00e+00	0.00e+00
 2.18313e+13	0.00e+00	7.35e-31	6.52e-23	5.78e-16	4.70e-10	2.38e-05	1.00e+00	0.00e+00	0.00e+00	0.00e+00	0.00e+00	0.00e+00
 2.26206e+13	2.11e-39	1.00e-30	8.45e-23	7.09e-16	5.41e-10	2.57e-05	1.00e+00	0.00e+00	0.00e+00	0.00e+00	0.00e+00	0.00e+00
 2.32882e+13	0.00e+00	1.30e-30	1.05e-22	8.38e-16	6.08e-10	2.73e-05	1.00e+00	0.00e+00	0.00e+00	0.00e+00	0.00e+00	0.00e+00
 2.40265e+13	3.95e-39	1.71e-30	1.32e-22	1.00e-15	6.88e-10	2.92e-05	1.00e+00	0.00e+00	0.00e+00	0.00e+00	0.00e+00	0.00e+00
 2.49477e+13	0.00e+00	2.39e-30	1.74e-22	1.25e-15	7.98e-10	3.17e-05	1.00e+00	0.00e+00	0.00e+00	0.00e+00	0.00e+00	0.00e+00
 2.59148e+13	8.70e-39	3.35e-30	2.30e-22	1.55e-15	9.28e-10	3.43e-05	1.00e+00	0.00e+00	0.00e+00	0.00e+00	0.00e+00	0.00e+00
 2.68089e+13	0.00e+00	4.55e-30	2.96e-22	1.89e-15	1.06e-09	3.69e-05	1.00e+00	0.00e+00	0.00e+00	0.00e+00	0.00e+00	0.00e+00
 2.77996e+13	1.83e-38	6.32e-30	3.88e-22	2.33e-15	1.22e-09	3.98e-05	1.00e+00	0.00e+00	0.00e+00	0.00e+00	0.00e+00	0.00e+00
 2.88511e+13	0.00e+00	8.84e-30	5.12e-22	2.90e-15	1.42e-09	4.30e-05	1.00e+00	0.00e+00	0.00e+00	0.00e+00	0.00e+00	0.00e+00
 2.97659e+13	3.81e-38	1.17e-29	6.46e-22	3.47e-15	1.60e-09	4.59e-05	1.00e+00	0.00e+00	0.00e+00	0.00e+00	0.00e+00	0.00e+00
 3.07391e+13	0.00e+00	1.58e-29	8.23e-22	4.19e-15	1.82e-09	4.91e-05	1.00e+00	0.00e+00	0.00e+00	0.00e+00	0.00e+00	0.00e+00
 3.19299e+13	8.15e-38	2.23e-29	1.10e-21	5.22e-15	2.12e-09	5.31e-05	1.00e+00	0.00e+00	0.00e+00	0.00e+00	0.00e+00	0.00e+00
 3.31230e+13	0.00e+00	3.13e-29	1.45e-21	6.47e-15	2.45e-09	5.73e-05	1.00e+00	0.00e+00	0.00e+00	0.00e+00	0.00e+00	0.00e+00
 3.41762e+13	1.71e-37	4.19e-29	1.83e-21	7.76e-15	2.77e-09	6.12e-05	1.00e+00	0.00e+00	0.00e+00	0.00e+00	0.00e+00	0.00e+00
 3.53279e+13	0.00e+00	5.70e-29	2.36e-21	9.42e-15	3.15e-09	6.55e-05	1.00e+00	0.00e+00	0.00e+00	0.00e+00	0.00e+00	0.00e+00
 3.67134e+13	3.77e-37	8.15e-29	3.16e-21	1.18e-14	3.67e-09	7.09e-05	1.00e+00	0.00e+00	0.00e+00	0.00e+00	0.00e+00	0.00e+00
 3.81029e+13	0.00e+00	1.15e-28	4.19e-21	1.47e-14	4.25e-09	7.65e-05	1.00e+00	0.00e+00	0.00e+00	0.00e+00	0.00e+00	0.00e+00
 3.93745e+13	8.23e-37	1.57e-28	5.40e-21	1.78e-14	4.84e-09	8.18e-05	1.00e+00	0.00e+00	0.00e+00	0.00e+00	0.00e+00	0.00e+00
 4.07927e+13	0.00e+00	2.20e-28	7.08e-21	2.19e-14	5.57e-09	8.79e-05	1.00e+00	0.00e+00	0.00e+00	0.00e+00	0.00e+00	0.00e+00
 4.24411e+13	1.90e-36	3.19e-28	9.59e-21	2.76e-14	6.51e-09	9.54e-05	1.00e+00	0.00e+00	0.00e+00	0.00e+00	0.00e+00	0.00e+00
 4.40655e+13	0.00e+00	4.55e-28	1.28e-20	3.44e-14	7.55e-09	1.03e-04	1.00e+00	0.00e+00	0.00e+00	0.00e+00	0.00e+00	0.00e+00
 4.56185e+13	4.31e-36	6.33e-28	1.67e-20	4.22e-14	8.65e-09	1.10e-04	1.00e+00	0.00e+00	0.00e+00	0.00e+00	0.00e+00	0.00e+00
 4.73368e+13	0.00e+00	9.01e-28	2.23e-20	5.24e-14	1.00e-08	1.19e-04	1.00e+00	0.00e+00	0.00e+00	0.00e+00	0.00e+00	0.00e+00
 4.92602e+13	1.03e-35	1.32e-27	3.03e-20	6.63e-14	1.17e-08	1.29e-04	1.00e+00	0.00e+00	0.00e+00	0.00e+00	0.00e+00	0.00e+00
 5.12146e+13	0.00e+00	1.91e-27	4.09e-20	8.33e-14	1.37e-08	1.40e-04	1.00e+00	0.00e+00	0.00e+00	0.00e+00	0.00e+00	0.00e+00
 5.32472e+13	2.51e-35	2.78e-27	5.54e-20	1.05e-13	1.59e-08	1.51e-04	1.00e+00	0.00e+00	0.00e+00	0.00e+00	0.00e+00	0.00e+00
 5.54070e+13	3.95e-35	4.07e-27	7.54e-20	1.33e-13	1.87e-08	1.64e-04	1.00e+00	0.00e+00	0.00e+00	0.00e+00	0.00e+00	0.00e+00
 5.75422e+13	6.09e-35	5.85e-27	1.01e-19	1.66e-13	2.17e-08	1.77e-04	1.00e+00	0.00e+00	0.00e+00	0.00e+00	0.00e+00	0.00e+00
 5.97629e+13	9.41e-35	8.43e-27	1.36e-19	2.07e-13	2.52e-08	1.91e-04	1.00e+00	0.00e+00	0.00e+00	0.00e+00	0.00e+00	0.00e+00
 6.21833e+13	1.48e-34	1.23e-26	1.85e-19	2.62e-13	2.94e-08	2.07e-04	1.00e+00	0.00e+00	0.00e+00	0.00e+00	0.00e+00	0.00e+00
 6.46259e+13	2.31e-34	1.79e-26	2.50e-19	3.29e-13	3.43e-08	2.23e-04	1.00e+00	0.00e+00	0.00e+00	0.00e+00	0.00e+00	0.00e+00
 6.71662e+13	3.59e-34	2.59e-26	3.37e-19	4.13e-13	4.00e-08	2.41e-04	1.00e+00	0.00e+00	0.00e+00	0.00e+00	0.00e+00	0.00e+00
 6.95835e+13	5.39e-34	3.64e-26	4.44e-19	5.09e-13	4.60e-08	2.59e-04	1.00e+00	0.00e+00	0.00e+00	0.00e+00	0.00e+00	0.00e+00
 7.16643e+13	7.56e-34	4.84e-26	5.58e-19	6.06e-13	5.16e-08	2.75e-04	1.00e+00	0.00e+00	0.00e+00	0.00e+00	0.00e+00	0.00e+00
 7.39532e+13	1.08e-33	6.55e-26	7.13e-19	7.30e-13	5.85e-08	2.93e-04	1.00e+00	0.00e+00	0.00e+00	0.00e+00	0.00e+00	0.00e+00
 7.67669e+13	1.66e-33	9.37e-26	9.53e-19	9.10e-13	6.78e-08	3.17e-04	1.00e+00	0.00e+00	0.00e+00	0.00e+00	0.00e+00	0.00e+00
 7.96783e+13	2.54e-33	1.34e-25	1.27e-18	1.13e-12	7.86e-08	3.42e-04	1.00e+00	0.00e+00	0.00e+00	0.00e+00	0.00e+00	0.00e+00
 8.23810e+13	3.73e-33	1.85e-25	1.65e-18	1.38e-12	8.97e-08	3.65e-04	1.00e+00	0.00e+00	0.00e+00	0.00e+00	0.00e+00	0.00e+00
 8.53810e+13	5.60e-33	2.60e-25	2.18e-18	1.71e-12	1.03e-07	3.93e-04	1.00e+00	0.00e+00	0.00e+00	0.00e+00	0.00e+00	0.00e+00
 8.88262e+13	8.78e-33	3.80e-25	2.97e-18	2.16e-12	1.21e-07	4.26e-04	1.00e+00	0.00e+00	0.00e+00	0.00e+00	0.00e+00	0.00e+00
 9.22377e+13	1.35e-32	5.46e-25	3.98e-18	2.70e-12	1.41e-07	4.60e-04	1.00e+00	0.00e+00	0.00e+00	0.00e+00	0.00e+00	0.00e+00
 9.57857e+13	2.08e-32	7.84e-25	5.33e-18	3.37e-12	1.63e-07	4.97e-04	1.00e+00	0.00e+00	0.00e+00	0.00e+00	0.00e+00	0.00e+00
 9.96470e+13	3.25e-32	1.14e-24	7.25e-18	4.26e-12	1.91e-07	5.39e-04	9.99e-01	0.00e+00	0.00e+00	0.00e+00	0.00e+00	0.00e+00
 1.03663e+14	5.09e-32	1.67e-24	9.85e-18	5.39e-12	2.23e-07	5.84e-04	9.99e-01	0.00e+00	0.00e+00	0.00e+00	0.00e+00	0.00e+00
 1.07393e+14	7.62e-32	2.34e-24	1.30e-17	6.65e-12	2.57e-07	6.28e-04	9.99e-01	0.00e+00	0.00e+00	0.00e+00	0.00e+00	0.00e+00
 1.10652e+14	1.07e-31	3.12e-24	1.64e-17	7.93e-12	2.90e-07	6.68e-04	9.99e-01	0.00e+00	0.00e+00	0.00e+00	0.00e+00	0.00e+00
 1.14277e+14	1.54e-31	4.24e-24	2.10e-17	9.60e-12	3.29e-07	7.14e-04	9.99e-01	0.00e+00	0.00e+00	0.00e+00	0.00e+00	0.00e+00
 1.18667e+14	2.38e-31	6.13e-24	2.84e-17	1.20e-11	3.82e-07	7.71e-04	9.99e-01	0.00e+00	0.00e+00	0.00e+00	0.00e+00	0.00e+00
 1.23094e+14	3.59e-31	8.64e-24	3.75e-17	1.49e-11	4.42e-07	8.31e-04	9.99e-01	0.00e+00	0.00e+00	0.00e+00	0.00e+00	0.00e+00
 1.27119e+14	5.18e-31	1.18e-23	4.81e-17	1.81e-11	5.02e-07	8.88e-04	9.99e-01	0.00e+00	0.00e+00	0.00e+00	0.00e+00	0.00e+00
 1.31576e+14	7.66e-31	1.64e-23	6.30e-17	2.22e-11	5.76e-07	9.53e-04	9.99e-01	0.00e+00	0.00e+00	0.00e+00	0.00e+00	0.00e+00
 1.36792e+14	1.19e-30	2.37e-23	8.52e-17	2.79e-11	6.73e-07	1.03e-03	9.99e-01	0.00e+00	0.00e+00	0.00e+00	0.00e+00	0.00e+00
 1.41911e+14	1.81e-30	3.38e-23	1.14e-16	3.47e-11	7.78e-07	1.11e-03	9.99e-01	0.00e+00	0.00e+00	0.00e+00	0.00e+00	0.00e+00
 1.46681e+14	2.65e-30	4.65e-23	1.47e-16	4.22e-11	8.87e-07	1.19e-03	9.99e-01	0.00e+00	0.00e+00	0.00e+00	0.00e+00	0.00e+00
 1.52025e+14	3.99e-30	6.56e-23	1.94e-16	5.22e-11	1.02e-06	1.28e-03	9.99e-01	0.00e+00	0.00e+00	0.00e+00	0.00e+00	0.00e+00
 1.58136e+14	6.26e-30	9.59e-23	2.64e-16	6.60e-11	1.20e-06	1.39e-03	9.99e-01	0.00e+00	0.00e+00	0.00e+00	0.00e+00	0.00e+00
 1.64169e+14	9.64e-30	1.38e-22	3.55e-16	8.25e-11	1.39e-06	1.50e-03	9.99e-01	0.00e+00	0.00e+00	0.00e+00	0.00e+00	0.00e+00
 1.70443e+14	1.49e-29	1.98e-22	4.76e-16	1.03e-10	1.61e-06	1.62e-03	9.98e-01	0.00e+00	0.00e+00	0.00e+00	0.00e+00	0.00e+00
 1.77290e+14	2.34e-29	2.91e-22	6.48e-16	1.30e-10	1.88e-06	1.75e-03	9.98e-01	0.00e+00	0.00e+00	0.00e+00	0.00e+00	0.00e+00
 1.84247e+14	3.66e-29	4.22e-22	8.77e-16	1.64e-10	2.20e-06	1.89e-03	9.98e-01	0.00e+00	0.00e+00	0.00e+00	0.00e+00	0.00e+00
 1.91481e+14	5.72e-29	6.15e-22	1.19e-15	2.06e-10	2.56e-06	2.05e-03	9.98e-01	0.00e+00	0.00e+00	0.00e+00	0.00e+00	0.00e+00
 1.98872e+14	8.89e-29	8.90e-22	1.60e-15	2.58e-10	2.97e-06	2.21e-03	9.98e-01	0.00e+00	0.00e+00	0.00e+00	0.00e+00	0.00e+00
 2.06095e+14	1.35e-28	1.26e-21	2.12e-15	3.19e-10	3.43e-06	2.37e-03	9.98e-01	0.00e+00	0.00e+00	0.00e+00	0.00e+00	0.00e+00
 2.13243e+14	2.01e-28	1.76e-21	2.78e-15	3.91e-10	3.92e-06	2.54e-03	9.97e-01	0.00e+00	0.00e+00	0.00e+00	0.00e+00	0.00e+00
 2.21143e+14	3.08e-28	2.52e-21	3.70e-15	4.85e-10	4.53e-06	2.73e-03	9.97e-01	0.00e+00	0.00e+00	0.00e+00	0.00e+00	0.00e+00
 2.29800e+14	4.83e-28	3.67e-21	5.01e-15	6.10e-10	5.28e-06	2.95e-03	9.97e-01	0.00e+00	0.00e+00	0.00e+00	0.00e+00	0.00e+00
 2.38173e+14	7.35e-28	5.22e-21	6.65e-15	7.55e-10	6.09e-06	3.17e-03	9.97e-01	0.00e+00	0.00e+00	0.00e+00	0.00e+00	0.00e+00
 2.45727e+14	1.06e-27	7.10e-21	8.52e-15	9.09e-10	6.89e-06	3.38e-03	9.97e-01	0.00e+00	0.00e+00	0.00e+00	0.00e+00	0.00e+00
 2.53744e+14	1.55e-27	9.74e-21	1.10e-14	1.10e-09	7.83e-06	3.60e-03	9.96e-01	0.00e+00	0.00e+00	0.00e+00	0.00e+00	0.00e+00
 2.63456e+14	2.41e-27	1.41e-20	1.48e-14	1.38e-09	9.09e-06	3.88e-03	9.96e-01	0.00e+00	0.00e+00	0.00e+00	0.00e+00	0.00e+00
 2.73092e+14	3.69e-27	2.01e-20	1.97e-14	1.71e-09	1.05e-05	4.17e-03	9.96e-01	0.00e+00	0.00e+00	0.00e+00	0.00e+00	0.00e+00
 2.81674e+14	5.32e-27	2.73e-20	2.51e-14	2.05e-09	1.19e-05	4.43e-03	9.96e-01	0.00e+00	0.00e+00	0.00e+00	0.00e+00	0.00e+00
 2.91164e+14	7.86e-27	3.78e-20	3.27e-14	2.50e-09	1.35e-05	4.74e-03	9.95e-01	0.00e+00	0.00e+00	0.00e+00	0.00e+00	0.00e+00
 3.01782e+14	1.20e-26	5.37e-20	4.34e-14	3.09e-09	1.56e-05	5.09e-03	9.95e-01	0.00e+00	0.00e+00	0.00e+00	0.00e+00	0.00e+00
 3.11766e+14	1.76e-26	7.42e-20	5.61e-14	3.75e-09	1.77e-05	5.43e-03	9.95e-01	0.00e+00	0.00e+00	0.00e+00	0.00e+00	0.00e+00
 3.22645e+14	2.64e-26	1.04e-19	7.36e-14	4.60e-09	2.03e-05	5.82e-03	9.94e-01	0.00e+00	0.00e+00	0.00e+00	0.00e+00	0.00e+00
 3.34690e+14	4.05e-26	1.49e-19	9.84e-14	5.73e-09	2.35e-05	6.26e-03	9.94e-01	0.00e+00	0.00e+00	0.00e+00	0.00e+00	0.00e+00
 3.45848e+14	5.96e-26	2.06e-19	1.27e-13	6.96e-09	2.68e-05	6.68e-03	9.93e-01	0.00e+00	0.00e+00	0.00e+00	0.00e+00	0.00e+00
 3.57954e+14	8.92e-26	2.88e-19	1.67e-13	8.54e-09	3.07e-05	7.16e-03	9.93e-01	0.00e+00	0.00e+00	0.00e+00	0.00e+00	0.00e+00
 3.71474e+14	1.37e-25	4.13e-19	2.24e-13	1.07e-08	3.56e-05	7.72e-03	9.92e-01	0.00e+00	0.00e+00	0.00e+00	0.00e+00	0.00e+00
 3.84179e+14	2.04e-25	5.76e-19	2.92e-13	1.30e-08	4.06e-05	8.25e-03	9.92e-01	0.00e+00	0.00e+00	0.00e+00	0.00e+00	0.00e+00
 3.98026e+14	3.06e-25	8.11e-19	3.86e-13	1.61e-08	4.68e-05	8.86e-03	9.91e-01	0.00e+00	0.00e+00	0.00e+00	0.00e+00	0.00e+00
 4.13443e+14	4.76e-25	1.17e-18	5.20e-13	2.01e-08	5.44e-05	9.57e-03	9.90e-01	0.00e+00	0.00e+00	0.00e+00	0.00e+00	0.00e+00
 4.27929e+14	7.07e-25	1.64e-18	6.80e-13	2.47e-08	6.23e-05	1.03e-02	9.90e-01	0.00e+00	0.00e+00	0.00e+00	0.00e+00	0.00e+00
 4.43528e+14	1.07e-24	2.32e-18	9.01e-13	3.05e-08	7.18e-05	1.10e-02	9.89e-01	0.00e+00	0.00e+00	0.00e+00	0.00e+00	0.00e+00
 4.60925e+14	1.66e-24	3.36e-18	1.22e-12	3.84e-08	8.36e-05	1.19e-02	9.88e-01	0.00e+00	0.00e+00	0.00e+00	0.00e+00	0.00e+00
 4.77706e+14	2.50e-24	4.74e-18	1.61e-12	4.74e-08	9.64e-05	1.28e-02	9.87e-01	0.00e+00	0.00e+00	0.00e+00	0.00e+00	0.00e+00
 4.95533e+14	3.78e-24	6.73e-18	2.14e-12	5.90e-08	1.11e-04	1.38e-02	9.86e-01	0.00e+00	0.00e+00	0.00e+00	0.00e+00	0.00e+00
 5.15385e+14	5.90e-24	9.79e-18	2.90e-12	7.44e-08	1.30e-04	1.50e-02	9.85e-01	0.00e+00	0.00e+00	0.00e+00	0.00e+00	0.00e+00
 5.35239e+14	8.99e-24	1.40e-17	3.89e-12	9.31e-08	1.51e-04	1.62e-02	9.84e-01	0.00e+00	0.00e+00	0.00e+00	0.00e+00	0.00e+00
 5.55887e+14	1.38e-23	2.01e-17	5.21e-12	1.16e-07	1.75e-04	1.75e-02	9.82e-01	0.00e+00	0.00e+00	0.00e+00	0.00e+00	0.00e+00
 5.78153e+14	2.12e-23	2.90e-17	7.05e-12	1.47e-07	2.05e-04	1.90e-02	9.81e-01	0.00e+00	0.00e+00	0.00e+00	0.00e+00	0.00e+00
 6.00682e+14	3.23e-23	4.16e-17	9.46e-12	1.84e-07	2.38e-04	2.06e-02	9.79e-01	0.00e+00	0.00e+00	0.00e+00	0.00e+00	0.00e+00
 6.24113e+14	4.91e-23	5.94e-17	1.27e-11	2.31e-07	2.77e-04	2.23e-02	9.77e-01	0.00e+00	0.00e+00	0.00e+00	0.00e+00	0.00e+00
 6.45331e+14	7.08e-23	8.11e-17	1.64e-11	2.81e-07	3.16e-04	2.39e-02	9.76e-01	0.00e+00	0.00e+00	0.00e+00	0.00e+00	0.00e+00
 6.62068e+14	9.30e-23	1.03e-16	1.99e-11	3.27e-07	3.49e-04	2.52e-02	9.74e-01	0.00e+00	0.00e+00	0.00e+00	0.00e+00	0.00e+00
 6.79941e+14	1.24e-22	1.31e-16	2.44e-11	3.82e-07	3.88e-04	2.66e-02	9.73e-01	0.00e+00	0.00e+00	0.00e+00	0.00e+00	0.00e+00
 7.03177e+14	1.77e-22	1.78e-16	3.15e-11	4.66e-07	4.42e-04	2.86e-02	9.71e-01	0.00e+00	0.00e+00	0.00e+00	0.00e+00	0.00e+00
 7.28176e+14	2.56e-22	2.45e-16	4.10e-11	5.73e-07	5.07e-04	3.08e-02	9.69e-01	0.00e+00	0.00e+00	0.00e+00	0.00e+00	0.00e+00
 7.50514e+14	3.51e-22	3.23e-16	5.16e-11	6.84e-07	5.71e-04	3.28e-02	9.67e-01	0.00e+00	0.00e+00	0.00e+00	0.00e+00	0.00e+00
 7.74598e+14	4.89e-22	4.30e-16	6.55e-11	8.24e-07	6.46e-04	3.51e-02	9.64e-01	0.00e+00	0.00e+00	0.00e+00	0.00e+00	0.00e+00
 8.03990e+14	7.17e-22	6.01e-16	8.67e-11	1.03e-06	7.47e-04	3.80e-02	9.61e-01	0.00e+00	0.00e+00	0.00e+00	0.00e+00	0.00e+00
 8.33322e+14	1.04e-21	8.31e-16	1.14e-10	1.27e-06	8.59e-04	4.10e-02	9.58e-01	0.00e+00	0.00e+00	0.00e+00	0.00e+00	0.00e+00
 8.59072e+14	1.42e-21	1.09e-15	1.43e-10	1.51e-06	9.67e-04	4.37e-02	9.55e-01	0.00e+00	0.00e+00	0.00e+00	0.00e+00	0.00e+00
 8.87126e+14	1.98e-21	1.46e-15	1.82e-10	1.83e-06	1.10e-03	4.68e-02	9.52e-01	0.00e+00	0.00e+00	0.00e+00	0.00e+00	0.00e+00
 9.21057e+14	2.89e-21	2.04e-15	2.42e-10	2.28e-06	1.27e-03	5.07e-02	9.48e-01	0.00e+00	0.00e+00	0.00e+00	0.00e+00	0.00e+00
 9.54816e+14	4.16e-21	2.81e-15	3.17e-10	2.81e-06	1.46e-03	5.47e-02	9.44e-01	0.00e+00	0.00e+00	0.00e+00	0.00e+00	0.00e+00
 9.84840e+14	5.71e-21	3.71e-15	4.00e-10	3.37e-06	1.64e-03	5.84e-02	9.40e-01	0.00e+00	0.00e+00	0.00e+00	0.00e+00	0.00e+00
 1.01782e+15	7.92e-21	4.96e-15	5.12e-10	4.09e-06	1.86e-03	6.27e-02	9.35e-01	0.00e+00	0.00e+00	0.00e+00	0.00e+00	0.00e+00
 1.05721e+15	1.16e-20	6.97e-15	6.82e-10	5.11e-06	2.15e-03	6.79e-02	9.30e-01	0.00e+00	0.00e+00	0.00e+00	0.00e+00	0.00e+00
 1.09620e+15	1.67e-20	9.63e-15	8.95e-10	6.31e-06	2.47e-03	7.33e-02	9.24e-01	0.00e+00	0.00e+00	0.00e+00	0.00e+00	0.00e+00
 1.13155e+15	2.29e-20	1.28e-14	1.14e-09	7.59e-06	2.79e-03	7.83e-02	9.19e-01	0.00e+00	0.00e+00	0.00e+00	0.00e+00	0.00e+00
 1.17086e+15	3.23e-20	1.73e-14	1.47e-09	9.26e-06	3.18e-03	8.40e-02	9.13e-01	0.00e+00	0.00e+00	0.00e+00	0.00e+00	0.00e+00
 1.21696e+15	4.76e-20	2.45e-14	1.97e-09	1.16e-05	3.68e-03	9.10e-02	9.05e-01	0.00e+00	0.00e+00	0.00e+00	0.00e+00	0.00e+00
 1.26231e+15	6.87e-20	3.40e-14	2.59e-09	1.43e-05	4.22e-03	9.81e-02	8.98e-01	0.00e+00	0.00e+00	0.00e+00	0.00e+00	0.00e+00
 1.30455e+15	9.56e-20	4.58e-14	3.32e-09	1.73e-05	4.77e-03	1.05e-01	8.90e-01	0.00e+00	0.00e+00	0.00e+00	0.00e+00	0.00e+00
 1.35184e+15	1.37e-19	6.31e-14	4.35e-09	2.13e-05	5.45e-03	1.13e-01	8.82e-01	0.00e+00	0.00e+00	0.00e+00	0.00e+00	0.00e+00
 1.40594e+15	2.03e-19	9.00e-14	5.85e-09	2.67e-05	6.30e-03	1.22e-01	8.72e-01	0.00e+00	0.00e+00	0.00e+00	0.00e+00	0.00e+00
 1.45937e+15	2.97e-19	1.26e-13	7.76e-09	3.31e-05	7.23e-03	1.31e-01	8.61e-01	0.00e+00	0.00e+00	0.00e+00	0.00e+00	0.00e+00
 1.51493e+15	4.34e-19	1.78e-13	1.03e-08	4.10e-05	8.29e-03	1.41e-01	8.51e-01	0.00e+00	0.00e+00	0.00e+00	0.00e+00	0.00e+00
 1.57556e+15	6.48e-19	2.54e-13	1.39e-08	5.14e-05	9.57e-03	1.52e-01	8.38e-01	0.00e+00	0.00e+00	0.00e+00	0.00e+00	0.00e+00
 1.63861e+15	9.68e-19	3.64e-13	1.87e-08	6.42e-05	1.10e-02	1.64e-01	8.25e-01	0.00e+00	0.00e+00	0.00e+00	0.00e+00	0.00e+00
 1.69262e+15	1.35e-18	4.90e-13	2.38e-08	7.72e-05	1.24e-02	1.74e-01	8.14e-01	0.00e+00	0.00e+00	0.00e+00	0.00e+00	0.00e+00
 1.73320e+15	1.72e-18	6.09e-13	2.85e-08	8.83e-05	1.35e-02	1.82e-01	8.05e-01	0.00e+00	0.00e+00	0.00e+00	0.00e+00	0.00e+00
 1.77623e+15	2.22e-18	7.63e-13	3.43e-08	1.01e-04	1.47e-02	1.90e-01	7.95e-01	0.00e+00	0.00e+00	0.00e+00	0.00e+00	0.00e+00
 1.83218e+15	3.06e-18	1.02e-12	4.34e-08	1.21e-04	1.64e-02	2.01e-01	7.83e-01	0.00e+00	0.00e+00	0.00e+00	0.00e+00	0.00e+00
 1.89341e+15	4.32e-18	1.38e-12	5.56e-08	1.45e-04	1.84e-02	2.12e-01	7.69e-01	0.00e+00	0.00e+00	0.00e+00	0.00e+00	0.00e+00
 1.94955e+15	5.86e-18	1.80e-12	6.93e-08	1.71e-04	2.04e-02	2.23e-01	7.56e-01	0.00e+00	0.00e+00	0.00e+00	0.00e+00	0.00e+00
 2.01059e+15	8.07e-18	2.40e-12	8.74e-08	2.03e-04	2.27e-02	2.35e-01	7.42e-01	0.00e+00	0.00e+00	0.00e+00	0.00e+00	0.00e+00
 2.07957e+15	1.15e-17	3.28e-12	1.13e-07	2.44e-04	2.54e-02	2.48e-01	7.26e-01	0.00e+00	0.00e+00	0.00e+00	0.00e+00	0.00e+00
 2.14598e+15	1.60e-17	4.38e-12	1.42e-07	2.90e-04	2.83e-02	2.61e-01	7.10e-01	0.00e+00	0.00e+00	0.00e+00	0.00e+00	0.00e+00
 2.21945e+15	2.33e-17	5.98e-12	1.83e-07	3.48e-04	3.17e-02	2.75e-01	6.93e-01	0.00e+00	0.00e+00	1.34e-17	7.06e-18	2.49e-18
 2.30135e+15	3.40e-17	8.36e-12	2.40e-07	4.24e-04	3.57e-02	2.90e-01	6.73e-01	0.00e+00	0.00e+00	1.94e-17	1.04e-17	3.61e-18
 2.37839e+15	4.83e-17	1.13e-11	3.06e-07	5.06e-04	3.98e-02	3.04e-01	6.55e-01	0.00e+00	0.00e+00	2.77e-17	1.47e-17	5.10e-18
 2.46272e+15	6.97e-17	1.56e-11	3.95e-07	6.08e-04	4.44e-02	3.20e-01	6.35e-01	0.00e+00	0.00e+00	4.00e-17	2.12e-17	7.32e-18
 2.55695e+15	1.04e-16	2.21e-11	5.21e-07	7.42e-04	5.01e-02	3.36e-01	6.13e-01	0.00e+00	0.00e+00	5.99e-17	3.16e-17	1.09e-17
 2.64476e+15	1.49e-16	3.00e-11	6.65e-07	8.84e-04	5.56e-02	3.51e-01	5.93e-01	0.00e+00	0.00e+00	8.58e-17	4.52e-17	1.55e-17
 2.73964e+15	2.17e-16	4.14e-11	8.59e-07	1.06e-03	6.20e-02	3.66e-01	5.71e-01	0.00e+00	0.00e+00	1.25e-16	6.58e-17	2.25e-17
 2.84606e+15	3.27e-16	5.87e-11	1.13e-06	1.29e-03	6.96e-02	3.82e-01	5.47e-01	0.00e+00	0.00e+00	1.88e-16	9.90e-17	3.38e-17
 2.94636e+15	4.73e-16	8.02e-11	1.45e-06	1.54e-03	7.71e-02	3.97e-01	5.25e-01	0.00e+00	0.00e+00	2.73e-16	1.43e-16	4.87e-17
 3.05376e+15	6.94e-16	1.11e-10	1.87e-06	1.84e-03	8.55e-02	4.11e-01	5.01e-01	0.00e+00	0.00e+00	4.00e-16	2.10e-16	7.13e-17
 3.17594e+15	1.05e-15	1.58e-10	2.46e-06	2.23e-03	9.56e-02	4.27e-01	4.75e-01	0.00e+00	0.00e+00	6.08e-16	3.19e-16	1.08e-16
 3.29536e+15	1.56e-15	2.19e-10	3.19e-06	2.67e-03	1.06e-01	4.41e-01	4.51e-01	0.00e+00	0.00e+00	9.03e-16	4.74e-16	1.60e-16
 3.40937e+15	2.25e-15	2.97e-10	4.04e-06	3.15e-03	1.16e-01	4.52e-01	4.28e-01	0.00e+00	0.00e+00	1.30e-15	6.82e-16	2.30e-16
 3.53558e+15	3.31e-15	4.09e-10	5.18e-06	3.74e-03	1.28e-01	4.64e-01	4.04e-01	0.00e+00	0.00e+00	1.91e-15	1.00e-15	3.37e-16
 3.67704e+15	5.02e-15	5.77e-10	6.77e-06	4.50e-03	1.41e-01	4.76e-01	3.78e-01	0.00e+00	0.00e+00	2.90e-15	1.52e-15	5.10e-16
 3.82058e+15	7.54e-15	8.04e-10	8.76e-06	5.36e-03	1.56e-01	4.85e-01	3.54e-01	0.00e+00	0.00e+00	4.36e-15	2.28e-15	7.64e-16
 3.94144e+15	1.05e-14	1.05e-09	1.08e-05	6.18e-03	1.68e-01	4.92e-01	3.34e-01	0.00e+00	0.00e+00	6.06e-15	3.17e-15	1.06e-15
 4.03442e+15	1.34e-14	1.28e-09	1.26e-05	6.86e-03	1.77e-01	4.97e-01	3.19e-01	0.00e+00	0.00e+00	7.73e-15	4.05e-15	1.35e-15
 4.13458e+15	1.73e-14	1.58e-09	1.48e-05	7.64e-03	1.88e-01	5.01e-01	3.04e-01	0.00e+00	0.00e+00	1.00e-14	5.25e-15	1.75e-15
 4.26480e+15	2.40e-14	2.06e-09	1.81e-05	8.75e-03	2.01e-01	5.05e-01	2.85e-01	0.00e+00	0.00e+00	1.39e-14	7.26e-15	2.42e-15
 4.40704e+15	3.38e-14	2.71e-09	2.24e-05	1.01e-02	2.16e-01	5.08e-01	2.65e-01	0.00e+00	0.00e+00	1.95e-14	1.02e-14	3.40e-15
 4.53644e+15	4.56e-14	3.44e-09	2.70e-05	1.14e-02	2.30e-01	5.10e-01	2.49e-01	0.00e+00	0.00e+00	2.64e-14	1.38e-14	4.58e-15
 4.67621e+15	6.25e-14	4.43e-09	3.27e-05	1.29e-02	2.45e-01	5.10e-01	2.32e-01	0.00e+00	0.00e+00	3.62e-14	1.89e-14	6.27e-15
 4.85032e+15	9.13e-14	5.99e-09	4.12e-05	1.51e-02	2.64e-01	5.09e-01	2.12e-01	0.00e+00	0.00e+00	5.29e-14	2.77e-14	9.16e-15
 5.02412e+15	1.31e-13	7.96e-09	5.13e-05	1.73e-02	2.82e-01	5.07e-01	1.94e-01	0.00e+00	0.00e+00	7.56e-14	3.96e-14	1.31e-14
 5.17302e+15	1.77e-13	1.01e-08	6.15e-05	1.95e-02	2.98e-01	5.03e-01	1.80e-01	0.00e+00	0.00e+00	1.02e-13	5.36e-14	1.77e-14
 5.33452e+15	2.43e-13	1.29e-08	7.41e-05	2.20e-02	3.14e-01	4.98e-01	1.65e-01	0.00e+00	0.00e+00	1.41e-13	7.36e-14	2.43e-14
 5.53434e+15	3.55e-13	1.74e-08	9.28e-05	2.53e-02	3.35e-01	4.91e-01	1.49e-01	0.00e+00	0.00e+00	2.06e-13	1.08e-13	3.55e-14
 5.73509e+15	5.09e-13	2.31e-08	1.15e-04	2.89e-02	3.54e-01	4.82e-01	1.34e-01	0.00e+00	0.00e+00	2.95e-13	1.54e-13	5.08e-14
 5.91184e+15	6.94e-13	2.94e-08	1.38e-04	3.24e-02	3.71e-01	4.74e-01	1.22e-01	0.00e+00	0.00e+00	4.02e-13	2.10e-13	6.92e-14
 6.10627e+15	9.65e-13	3.79e-08	1.66e-04	3.64e-02	3.90e-01	4.63e-01	1.10e-01	0.00e+00	0.00e+00	5.59e-13	2.93e-13	9.61e-14
 6.34051e+15	1.42e-12	5.09e-08	2.08e-04	4.17e-02	4.11e-01	4.50e-01	9.74e-02	0.00e+00	0.00e+00	8.21e-13	4.30e-13	1.41e-13
 6.57079e+15	2.02e-12	6.69e-08	2.55e-04	4.72e-02	4.30e-01	4.36e-01	8.63e-02	0.00e+00	0.00e+00	1.17e-12	6.13e-13	2.01e-13
 6.77708e+15	2.75e-12	8.50e-08	3.05e-04	5.25e-02	4.47e-01	4.23e-01	7.73e-02	0.00e+00	0.00e+00	1.60e-12	8.36e-13	2.74e-13
 7.00788e+15	3.86e-12	1.10e-07	3.68e-04	5.88e-02	4.65e-01	4.08e-01	6.84e-02	0.00e+00	0.00e+00	2.24e-12	1.17e-12	3.83e-13
 7.28112e+15	5.65e-12	1.47e-07	4.58e-04	6.68e-02	4.84e-01	3.89e-01	5.91e-02	0.00e+00	0.00e+00	3.28e-12	1.72e-12	5.61e-13
 7.54871e+15	8.04e-12	1.93e-07	5.60e-04	7.50e-02	5.02e-01	3.71e-01	5.13e-02	0.00e+00	0.00e+00	4.67e-12	2.44e-12	7.98e-13
 7.78056e+15	1.08e-11	2.42e-07	6.63e-04	8.26e-02	5.16e-01	3.56e-01	4.53e-02	0.00e+00	0.00e+00	6.27e-12	3.28e-12	1.07e-12
 8.02673e+15	1.47e-11	3.06e-07	7.89e-04	9.11e-02	5.29e-01	3.39e-01	3.97e-02	0.00e+00	0.00e+00	8.56e-12	4.48e-12	1.46e-12
 8.27798e+15	1.98e-11	3.83e-07	9.33e-04	1.00e-01	5.41e-01	3.23e-01	3.48e-02	0.00e+00	0.00e+00	1.15e-11	6.00e-12	1.96e-12
 8.48752e+15	2.51e-11	4.60e-07	1.07e-03	1.08e-01	5.51e-01	3.09e-01	3.11e-02	0.00e+00	0.00e+00	1.46e-11	7.64e-12	2.49e-12
 8.71165e+15	3.25e-11	5.59e-07	1.24e-03	1.17e-01	5.60e-01	2.95e-01	2.76e-02	0.00e+00	0.00e+00	1.89e-11	9.89e-12	3.22e-12
 9.00302e+15	4.50e-11	7.14e-07	1.48e-03	1.29e-01	5.70e-01	2.76e-01	2.36e-02	0.00e+00	0.00e+00	2.62e-11	1.37e-11	4.46e-12
 9.29721e+15	6.10e-11	9.01e-07	1.77e-03	1.41e-01	5.78e-01	2.59e-01	2.02e-02	0.00e+00	0.00e+00	3.54e-11	1.85e-11	6.04e-12
 9.53844e+15	7.75e-11	1.08e-06	2.03e-03	1.52e-01	5.83e-01	2.45e-01	1.78e-02	0.00e+00	0.00e+00	4.50e-11	2.36e-11	7.68e-12
 9.79541e+15	1.01e-10	1.32e-06	2.35e-03	1.64e-01	5.88e-01	2.30e-01	1.54e-02	0.00e+00	0.00e+00	5.86e-11	3.07e-11	9.99e-12
 1.01295e+16	1.40e-10	1.70e-06	2.82e-03	1.80e-01	5.92e-01	2.12e-01	1.29e-02	0.00e+00	0.00e+00	8.16e-11	4.27e-11	1.39e-11
 1.04708e+16	1.92e-10	2.15e-06	3.38e-03	1.96e-01	5.94e-01	1.95e-01	1.07e-02	0.00e+00	0.00e+00	1.11e-10	5.83e-11	1.90e-11
 1.07422e+16	2.43e-10	2.59e-06	3.89e-03	2.10e-01	5.94e-01	1.82e-01	9.28e-03	0.00e+00	0.00e+00	1.41e-10	7.40e-11	2.41e-11
 1.10156e+16	3.12e-10	3.12e-06	4.48e-03	2.25e-01	5.93e-01	1.69e-01	7.99e-03	0.00e+00	0.00e+00	1.81e-10	9.50e-11	3.09e-11
 1.13711e+16	4.30e-10	3.98e-06	5.36e-03	2.44e-01	5.90e-01	1.54e-01	6.56e-03	0.00e+00	0.00e+00	2.50e-10	1.31e-10	4.27e-11
 1.17270e+16	5.74e-10	4.98e-06	6.37e-03	2.64e-01	5.84e-01	1.40e-01	5.41e-03	0.00e+00	0.00e+00	3.33e-10	1.75e-10	5.69e-11
 1.20079e+16	7.18e-10	5.92e-06	7.28e-03	2.80e-01	5.79e-01	1.29e-01	4.64e-03	0.00e+00	0.00e+00	4.17e-10	2.19e-10	7.12e-11
 1.22974e+16	9.19e-10	7.14e-06	8.37e-03	2.98e-01	5.72e-01	1.19e-01	3.94e-03	0.00e+00	0.00e+00	5.34e-10	2.80e-10	9.12e-11
 1.26110e+16	1.17e-09	8.64e-06	9.69e-03	3.16e-01	5.63e-01	1.08e-01	3.31e-03	0.00e+00	0.00e+00	6.83e-10	3.58e-10	1.17e-10
 1.28913e+16	1.46e-09	1.02e-05	1.10e-02	3.34e-01	5.53e-01	9.93e-02	2.83e-03	0.00e+00	0.00e+00	8.50e-10	4.46e-10	1.45e-10
 1.31499e+16	1.80e-09	1.20e-05	1.25e-02	3.50e-01	5.44e-01	9.15e-02	2.44e-03	0.00e+00	0.00e+00	1.05e-09	5.50e-10	1.79e-10
 1.34446e+16	2.30e-09	1.45e-05	1.43e-02	3.69e-01	5.32e-01	8.32e-02	2.05e-03	0.00e+00	0.00e+00	1.34e-09	7.00e-10	2.28e-10
 1.37602e+16	2.95e-09	1.76e-05	1.66e-02	3.89e-01	5.17e-01	7.49e-02	1.70e-03	0.00e+00	0.00e+00	1.72e-09	9.01e-10	2.94e-10
 1.40348e+16	3.66e-09	2.08e-05	1.89e-02	4.07e-01	5.04e-01	6.83e-02	1.45e-03	0.00e+00	0.00e+00	2.13e-09	1.12e-09	3.64e-10
 1.42839e+16	4.48e-09	2.43e-05	2.13e-02	4.24e-01	4.91e-01	6.25e-02	1.24e-03	0.00e+00	0.00e+00	2.60e-09	1.37e-09	4.45e-10
 1.45288e+16	5.43e-09	2.82e-05	2.39e-02	4.40e-01	4.78e-01	5.72e-02	1.07e-03	0.00e+00	0.00e+00	3.16e-09	1.66e-09	5.40e-10
 1.48080e+16	7.00e-09	3.42e-05	2.76e-02	4.59e-01	4.61e-01	5.14e-02	8.90e-04	0.00e+00	0.00e+00	4.07e-09	2.14e-09	6.97e-10
 1.51047e+16	8.94e-09	4.13e-05	3.19e-02	4.79e-01	4.42e-01	4.58e-02	7.36e-04	0.00e+00	0.00e+00	5.20e-09	2.73e-09	8.90e-10
 1.53610e+16	1.10e-08	4.87e-05	3.63e-02	4.96e-01	4.26e-01	4.13e-02	6.22e-04	0.00e+00	0.00e+00	6.39e-09	3.36e-09	1.10e-09
 1.55927e+16	1.35e-08	5.72e-05	4.10e-02	5.11e-01	4.10e-01	3.74e-02	5.30e-04	0.00e+00	0.00e+00	7.88e-09	4.14e-09	1.35e-09
 1.58182e+16	1.66e-08	6.72e-05	4.63e-02	5.26e-01	3.93e-01	3.38e-02	4.52e-04	0.00e+00	0.00e+00	9.68e-09	5.08e-09	1.66e-09
 1.60389e+16	2.05e-08	7.90e-05	5.24e-02	5.40e-01	3.76e-01	3.05e-02	3.84e-04	0.00e+00	0.00e+00	1.19e-08	6.27e-09	2.05e-09
 1.62561e+16	2.54e-08	9.33e-05	5.93e-02	5.54e-01	3.59e-01	2.74e-02	3.25e-04	0.00e+00	0.00e+00	1.48e-08	7.77e-09	2.54e-09
 1.64688e+16	3.16e-08	1.10e-04	6.74e-02	5.66e-01	3.41e-01	2.45e-02	2.75e-04	0.00e+00	0.00e+00	1.84e-08	9.66e-09	3.16e-09
 1.66775e+16	3.95e-08	1.31e-04	7.67e-02	5.78e-01	3.23e-01	2.19e-02	2.31e-04	0.00e+00	0.00e+00	2.30e-08	1.21e-08	3.95e-09
 1.68805e+16	4.96e-08	1.56e-04	8.75e-02	5.88e-01	3.05e-01	1.94e-02	1.93e-04	0.00e+00	0.00e+00	2.88e-08	1.51e-08	4.95e-09
 1.70739e+16	5.97e-08	1.82e-04	9.96e-02	5.97e-01	2.86e-01	1.72e-02	1.62e-04	0.00e+00	0.00e+00	3.48e-08	1.83e-08	5.97e-09
 1.72594e+16	7.50e-08	2.17e-04	1.14e-01	6.03e-01	2.68e-01	1.52e-02	1.35e-04	0.00e+00	0.00e+00	4.36e-08	2.29e-08	7.50e-09
 1.74368e+16	9.98e-08	2.68e-04	1.30e-01	6.07e-01	2.49e-01	1.33e-02	1.12e-04	0.00e+00	0.00e+00	5.81e-08	3.05e-08	9.99e-09
 1.75977e+16	1.17e-07	3.07e-04	1.47e-01	6.09e-01	2.31e-01	1.17e-02	9.38e-05	0.00e+00	0.00e+00	6.84e-08	3.59e-08	1.18e-08
 1.77704e+16	1.62e-07	3.88e-04	1.71e-01	6.08e-01	2.11e-01	9.97e-03	7.48e-05	0.00e+00	0.00e+00	9.43e-08	4.96e-08	1.62e-08
 1.79435e+16	2.07e-07	4.71e-04	1.98e-01	6.03e-01	1.90e-01	8.42e-03	5.96e-05	0.00e+00	0.00e+00	1.20e-07	6.33e-08	2.07e-08
 1.80795e+16	2.59e-07	5.59e-04	2.25e-01	5.95e-01	1.73e-01	7.24e-03	4.87e-05	0.00e+00	0.00e+00	1.51e-07	7.93e-08	2.60e-08
 1.81963e+16	3.21e-07	6.56e-04	2.51e-01	5.84e-01	1.57e-01	6.25e-03	4.01e-05	0.00e+00	0.00e+00	1.87e-07	9.83e-08	3.22e-08
 1.83261e+16	4.06e-07	7.86e-04	2.86e-01	5.69e-01	1.39e-01	5.20e-03	3.15e-05	0.00e+00	0.00e+00	2.36e-07	1.24e-07	4.08e-08
 1.84453e+16	4.85e-07	9.05e-04	3.22e-01	5.50e-01	1.23e-01	4.34e-03	2.50e-05	0.00e+00	0.00e+00	2.82e-07	1.48e-07	4.88e-08
 1.85266e+16	6.03e-07	1.05e-03	3.52e-01	5.32e-01	1.11e-01	3.74e-03	2.06e-05	0.00e+00	0.00e+00	3.51e-07	1.85e-07	6.07e-08
 1.85886e+16	6.82e-07	1.15e-03	3.76e-01	5.17e-01	1.02e-01	3.32e-03	1.78e-05	0.00e+00	0.00e+00	3.97e-07	2.09e-07	6.86e-08
 1.86492e+16	7.55e-07	1.25e-03	4.01e-01	5.01e-01	9.31e-02	2.92e-03	1.52e-05	0.00e+00	0.00e+00	4.39e-07	2.31e-07	7.61e-08
 1.87280e+16	9.26e-07	1.45e-03	4.38e-01	4.77e-01	8.15e-02	2.43e-03	1.20e-05	0.00e+00	0.00e+00	5.39e-07	2.84e-07	9.33e-08
 1.88055e+16	1.10e-06	1.63e-03	4.75e-01	4.50e-01	7.07e-02	2.00e-03	9.43e-06	0.00e+00	0.00e+00	6.37e-07	3.36e-07	1.10e-07
 1.88668e+16	1.23e-06	1.77e-03	5.07e-01	4.27e-01	6.24e-02	1.69e-03	7.67e-06	0.00e+00	0.00e+00	7.14e-07	3.76e-07	1.24e-07
 1.89317e+16	1.43e-06	1.98e-03	5.43e-01	4.00e-01	5.36e-02	1.38e-03	5.98e-06	0.00e+00	0.00e+00	8.31e-07	4.38e-07	1.44e-07
 1.90025e+16	1.74e-06	2.25e-03	5.84e-01	3.68e-01	4.47e-02	1.08e-03	4.43e-06	0.00e+00	0.00e+00	1.01e-06	5.34e-07	1.76e-07
 1.90626e+16	1.99e-06	2.46e-03	6.18e-01	3.40e-01	3.79e-02	8.67e-04	3.40e-06	0.00e+00	0.00e+00	1.15e-06	6.09e-07	2.01e-07
 1.91221e+16	2.29e-06	2.71e-03	6.54e-01	3.11e-01	3.15e-02	6.78e-04	2.53e-06	0.00e+00	0.00e+00	1.33e-06	7.05e-07	2.33e-07
 1.91888e+16	2.67e-06	2.99e-03	6.92e-01	2.79e-01	2.52e-02	5.07e-04	1.78e-06	0.00e+00	0.00e+00	1.55e-06	8.19e-07	2.71e-07
 1.92524e+16	3.07e-06	3.27e-03	7.27e-01	2.49e-01	2.00e-02	3.76e-04	1.25e-06	0.00e+00	0.00e+00	1.78e-06	9.43e-07	3.12e-07
 1.93130e+16	3.50e-06	3.55e-03	7.59e-01	2.21e-01	1.58e-02	2.76e-04	8.60e-07	0.00e+00	0.00e+00	2.04e-06	1.08e-06	3.57e-07
 1.93821e+16	4.06e-06	3.88e-03	7.93e-01	1.91e-01	1.18e-02	1.89e-04	0.00e+00	0.00e+00	0.00e+00	2.36e-06	1.25e-06	4.14e-07
 1.94583e+16	4.72e-06	4.23e-03	8.26e-01	1.61e-01	8.47e-03	1.22e-04	0.00e+00	0.00e+00	0.00e+00	2.74e-06	1.45e-06	4.82e-07
 1.95308e+16	5.40e-06	4.57e-03	8.54e-01	1.36e-01	6.07e-03	7.91e-05	0.00e+00	0.00e+00	0.00e+00	3.14e-06	1.66e-06	5.53e-07
 1.96119e+16	6.25e-06	4.95e-03	8.80e-01	1.11e-01	4.10e-03	4.73e-05	0.00e+00	0.00e+00	0.00e+00	3.63e-06	1.92e-06	6.41e-07
 1.97174e+16	7.42e-06	5.43e-03	9.07e-01	8.52e-02	2.44e-03	2.39e-05	0.00e+00	0.00e+00	0.00e+00	4.31e-06	2.28e-06	7.62e-07
 1.98323e+16	8.76e-06	5.90e-03	9.28e-01	6.45e-02	1.41e-03	1.15e-05	0.00e+00	0.00e+00	0.00e+00	5.09e-06	2.70e-06	9.03e-07
 1.99594e+16	1.04e-05	6.42e-03	9.45e-01	4.77e-02	7.69e-04	5.06e-06	0.00e+00	0.00e+00	0.00e+00	6.04e-06	3.20e-06	1.07e-06
 2.01247e+16	1.27e-05	7.05e-03	9.59e-01	3.32e-02	3.66e-04	1.82e-06	0.00e+00	0.00e+00	0.00e+00	7.37e-06	3.91e-06	1.31e-06
 2.03395e+16	1.61e-05	7.87e-03	9.70e-01	2.18e-02	1.51e-04	5.24e-07	0.00e+00	0.00e+00	0.00e+00	9.37e-06	4.97e-06	1.67e-06
 2.05785e+16	2.08e-05	8.84e-03	9.76e-01	1.47e-02	6.44e-05	0.00e+00	0.00e+00	0.00e+00	0.00e+00	1.21e-05	6.42e-06	2.16e-06
 2.08072e+16	2.66e-05	9.89e-03	9.79e-01	1.07e-02	3.13e-05	0.00e+00	0.00e+00	0.00e+00	0.00e+00	1.55e-05	8.22e-06	2.76e-06
 2.10282e+16	3.40e-05	1.11e-02	9.81e-01	8.24e-03	1.68e-05	0.00e+00	0.00e+00	0.00e+00	0.00e+00	1.97e-05	1.05e-05	3.51e-06
 2.12809e+16	4.50e-05	1.26e-02	9.81e-01	6.30e-03	8.74e-06	0.00e+00	0.00e+00	0.00e+00	0.00e+00	2.62e-05	1.39e-05	4.66e-06
