#depth	C	C+	C+2	C+3	C+4	C+5	C+6	C[1]	C[2]	C[3]	C+[1]	C+[2]	CO
 1.49634e+10	6.37e-45	1.29e-33	2.06e-23	9.41e-14	1.37e-03	7.55e-01	2.43e-01	0.00e+00	0.00e+00	0.00e+00	0.00e+00	0.00e+00	8.83e-144
 4.54887e+10	0.00e+00	1.79e-33	2.64e-23	1.12e-13	1.50e-03	7.70e-01	2.29e-01	0.00e+00	0.00e+00	0.00e+00	0.00e+00	0.00e+00	1.76e-187
 7.72350e+10	1.45e-44	2.51e-33	3.42e-23	1.33e-13	1.66e-03	7.83e-01	2.15e-01	0.00e+00	0.00e+00	0.00e+00	0.00e+00	0.00e+00	8.20e-143
 1.10251e+11	0.00e+00	3.51e-33	4.42e-23	1.59e-13	1.83e-03	7.96e-01	2.02e-01	0.00e+00	0.00e+00	0.00e+00	0.00e+00	0.00e+00	8.63e-187
 1.44588e+11	3.32e-44	4.91e-33	5.71e-23	1.90e-13	2.02e-03	8.08e-01	1.90e-01	0.00e+00	0.00e+00	0.00e+00	0.00e+00	0.00e+00	7.69e-142
 1.80298e+11	0.00e+00	6.87e-33	7.37e-23	2.26e-13	2.22e-03	8.20e-01	1.78e-01	0.00e+00	0.00e+00	0.00e+00	0.00e+00	0.00e+00	4.27e-186
 2.17437e+11	7.60e-44	9.60e-33	9.52e-23	2.70e-13	2.45e-03	8.31e-01	1.66e-01	0.00e+00	0.00e+00	0.00e+00	0.00e+00	0.00e+00	7.25e-141
 2.56061e+11	0.00e+00	1.34e-32	1.23e-22	3.22e-13	2.69e-03	8.42e-01	1.56e-01	0.00e+00	0.00e+00	0.00e+00	0.00e+00	0.00e+00	2.12e-185
 2.96231e+11	1.74e-43	1.88e-32	1.59e-22	3.83e-13	2.96e-03	8.52e-01	1.45e-01	0.00e+00	0.00e+00	0.00e+00	0.00e+00	0.00e+00	6.84e-140
 3.38007e+11	0.00e+00	2.62e-32	2.05e-22	4.56e-13	3.26e-03	8.61e-01	1.36e-01	0.00e+00	0.00e+00	0.00e+00	0.00e+00	0.00e+00	1.04e-184
 3.81454e+11	3.99e-43	3.66e-32	2.64e-22	5.43e-13	3.58e-03	8.70e-01	1.27e-01	0.00e+00	0.00e+00	0.00e+00	0.00e+00	0.00e+00	6.47e-139
 4.26639e+11	0.00e+00	5.12e-32	3.40e-22	6.47e-13	3.94e-03	8.78e-01	1.18e-01	0.00e+00	0.00e+00	0.00e+00	0.00e+00	0.00e+00	5.13e-184
 4.73631e+11	9.15e-43	7.15e-32	4.39e-22	7.70e-13	4.32e-03	8.86e-01	1.10e-01	0.00e+00	0.00e+00	0.00e+00	0.00e+00	0.00e+00	6.15e-138
 5.18349e+11	0.00e+00	9.70e-32	5.54e-22	9.02e-13	4.71e-03	8.93e-01	1.03e-01	0.00e+00	0.00e+00	0.00e+00	0.00e+00	0.00e+00	2.54e-183
 5.59184e+11	1.87e-42	1.27e-31	6.81e-22	1.04e-12	5.08e-03	8.98e-01	9.69e-02	0.00e+00	0.00e+00	0.00e+00	0.00e+00	0.00e+00	4.30e-137
 6.05352e+11	0.00e+00	1.72e-31	8.56e-22	1.21e-12	5.53e-03	9.04e-01	9.08e-02	0.00e+00	0.00e+00	0.00e+00	0.00e+00	0.00e+00	9.98e-183
 6.59039e+11	4.09e-42	2.39e-31	1.10e-21	1.44e-12	6.06e-03	9.10e-01	8.43e-02	0.00e+00	0.00e+00	0.00e+00	0.00e+00	0.00e+00	3.60e-136
 7.12147e+11	0.00e+00	3.28e-31	1.40e-21	1.70e-12	6.61e-03	9.15e-01	7.86e-02	0.00e+00	0.00e+00	0.00e+00	0.00e+00	0.00e+00	4.29e-182
 7.63051e+11	8.75e-42	4.41e-31	1.75e-21	1.98e-12	7.18e-03	9.19e-01	7.36e-02	0.00e+00	0.00e+00	0.00e+00	0.00e+00	0.00e+00	2.82e-135
 8.19173e+11	0.00e+00	6.04e-31	2.23e-21	2.33e-12	7.84e-03	9.24e-01	6.86e-02	0.00e+00	0.00e+00	0.00e+00	0.00e+00	0.00e+00	1.75e-181
 8.81867e+11	1.96e-41	8.46e-31	2.88e-21	2.77e-12	8.60e-03	9.28e-01	6.35e-02	0.00e+00	0.00e+00	0.00e+00	0.00e+00	0.00e+00	2.53e-134
 9.45533e+11	0.00e+00	1.18e-30	3.70e-21	3.29e-12	9.42e-03	9.32e-01	5.89e-02	0.00e+00	0.00e+00	0.00e+00	0.00e+00	0.00e+00	7.40e-181
 1.01175e+12	4.46e-41	1.64e-30	4.76e-21	3.91e-12	1.03e-02	9.35e-01	5.46e-02	0.00e+00	0.00e+00	0.00e+00	0.00e+00	0.00e+00	2.35e-133
 1.08214e+12	0.00e+00	2.30e-30	6.16e-21	4.66e-12	1.13e-02	9.38e-01	5.04e-02	0.00e+00	0.00e+00	0.00e+00	0.00e+00	0.00e+00	2.98e-180
 1.15536e+12	1.04e-40	3.24e-30	7.98e-21	5.56e-12	1.25e-02	9.41e-01	4.66e-02	0.00e+00	0.00e+00	0.00e+00	0.00e+00	0.00e+00	2.32e-132
 1.22613e+12	0.00e+00	4.45e-30	1.02e-20	6.54e-12	1.36e-02	9.43e-01	4.32e-02	0.00e+00	0.00e+00	0.00e+00	0.00e+00	0.00e+00	1.08e-179
 1.29251e+12	2.21e-40	5.94e-30	1.27e-20	7.60e-12	1.47e-02	9.45e-01	4.04e-02	0.00e+00	0.00e+00	0.00e+00	0.00e+00	0.00e+00	1.78e-131
 1.36692e+12	0.00e+00	8.14e-30	1.61e-20	8.95e-12	1.61e-02	9.46e-01	3.75e-02	0.00e+00	0.00e+00	0.00e+00	0.00e+00	0.00e+00	2.10e-179
 1.45152e+12	5.01e-40	1.15e-29	2.09e-20	1.07e-11	1.76e-02	9.48e-01	3.46e-02	0.00e+00	0.00e+00	0.00e+00	0.00e+00	0.00e+00	1.62e-130
 1.53533e+12	0.00e+00	1.60e-29	2.68e-20	1.27e-11	1.93e-02	9.49e-01	3.20e-02	0.00e+00	0.00e+00	0.00e+00	0.00e+00	0.00e+00	0.00e+00
 1.62249e+12	1.14e-39	2.22e-29	3.46e-20	1.50e-11	2.11e-02	9.49e-01	2.95e-02	0.00e+00	0.00e+00	0.00e+00	0.00e+00	0.00e+00	1.48e-129
 1.71732e+12	0.00e+00	3.15e-29	4.50e-20	1.80e-11	2.32e-02	9.50e-01	2.71e-02	0.00e+00	0.00e+00	0.00e+00	0.00e+00	0.00e+00	0.00e+00
 1.81300e+12	2.67e-39	4.42e-29	5.83e-20	2.14e-11	2.54e-02	9.50e-01	2.50e-02	0.00e+00	0.00e+00	0.00e+00	0.00e+00	0.00e+00	1.47e-128
 1.91250e+12	0.00e+00	6.21e-29	7.55e-20	2.55e-11	2.79e-02	9.49e-01	2.30e-02	0.00e+00	0.00e+00	0.00e+00	0.00e+00	0.00e+00	0.00e+00
 2.01893e+12	6.32e-39	8.83e-29	9.87e-20	3.05e-11	3.07e-02	9.48e-01	2.11e-02	0.00e+00	0.00e+00	0.00e+00	0.00e+00	0.00e+00	1.49e-127
 2.12961e+12	0.00e+00	1.26e-28	1.29e-19	3.66e-11	3.38e-02	9.47e-01	1.93e-02	0.00e+00	0.00e+00	0.00e+00	0.00e+00	0.00e+00	0.00e+00
 2.24472e+12	1.52e-38	1.79e-28	1.69e-19	4.39e-11	3.71e-02	9.45e-01	1.77e-02	0.00e+00	0.00e+00	0.00e+00	0.00e+00	0.00e+00	1.57e-126
 2.36444e+12	0.00e+00	2.56e-28	2.22e-19	5.27e-11	4.08e-02	9.43e-01	1.62e-02	0.00e+00	0.00e+00	0.00e+00	0.00e+00	0.00e+00	0.00e+00
 2.48894e+12	3.70e-38	3.65e-28	2.91e-19	6.33e-11	4.49e-02	9.40e-01	1.48e-02	0.00e+00	0.00e+00	0.00e+00	0.00e+00	0.00e+00	1.69e-125
 2.61503e+12	0.00e+00	5.17e-28	3.79e-19	7.56e-11	4.92e-02	9.37e-01	1.35e-02	0.00e+00	0.00e+00	0.00e+00	0.00e+00	0.00e+00	0.00e+00
 2.74616e+12	8.83e-38	7.35e-28	4.95e-19	9.05e-11	5.40e-02	9.34e-01	1.23e-02	0.00e+00	0.00e+00	0.00e+00	0.00e+00	0.00e+00	1.73e-124
 2.88593e+12	0.00e+00	1.05e-27	6.51e-19	1.09e-10	5.93e-02	9.29e-01	1.12e-02	0.00e+00	0.00e+00	0.00e+00	0.00e+00	0.00e+00	0.00e+00
 3.03129e+12	2.17e-37	1.51e-27	8.58e-19	1.31e-10	6.52e-02	9.25e-01	1.02e-02	0.00e+00	0.00e+00	0.00e+00	0.00e+00	0.00e+00	1.90e-123
 3.18247e+12	0.00e+00	2.17e-27	1.13e-18	1.57e-10	7.16e-02	9.19e-01	9.28e-03	0.00e+00	0.00e+00	0.00e+00	0.00e+00	0.00e+00	0.00e+00
 3.33970e+12	5.37e-37	3.13e-27	1.49e-18	1.89e-10	7.86e-02	9.13e-01	8.41e-03	0.00e+00	0.00e+00	0.00e+00	0.00e+00	0.00e+00	2.11e-122
 3.50321e+12	0.00e+00	4.50e-27	1.97e-18	2.28e-10	8.63e-02	9.06e-01	7.62e-03	0.00e+00	0.00e+00	0.00e+00	0.00e+00	0.00e+00	0.00e+00
 3.65214e+12	1.26e-36	6.20e-27	2.52e-18	2.68e-10	9.36e-02	8.99e-01	6.97e-03	0.00e+00	0.00e+00	0.00e+00	0.00e+00	0.00e+00	2.05e-121
 3.77779e+12	0.00e+00	8.06e-27	3.07e-18	3.07e-10	1.00e-01	8.94e-01	6.48e-03	0.00e+00	0.00e+00	0.00e+00	0.00e+00	0.00e+00	0.00e+00
 3.91598e+12	2.48e-36	1.07e-26	3.80e-18	3.53e-10	1.07e-01	8.87e-01	5.99e-03	0.00e+00	0.00e+00	0.00e+00	0.00e+00	0.00e+00	1.23e-120
 4.08894e+12	0.00e+00	1.50e-26	4.93e-18	4.20e-10	1.17e-01	8.78e-01	5.43e-03	0.00e+00	0.00e+00	0.00e+00	0.00e+00	0.00e+00	0.00e+00
 4.26788e+12	5.77e-36	2.10e-26	6.38e-18	4.98e-10	1.27e-01	8.68e-01	4.92e-03	0.00e+00	0.00e+00	0.00e+00	0.00e+00	0.00e+00	1.17e-119
 4.42766e+12	0.00e+00	2.82e-26	7.98e-18	5.77e-10	1.36e-01	8.59e-01	4.52e-03	0.00e+00	0.00e+00	0.00e+00	0.00e+00	0.00e+00	0.00e+00
 4.60175e+12	1.22e-35	3.83e-26	1.01e-17	6.74e-10	1.47e-01	8.49e-01	4.12e-03	0.00e+00	0.00e+00	0.00e+00	0.00e+00	0.00e+00	8.51e-119
 4.79627e+12	0.00e+00	5.33e-26	1.30e-17	7.97e-10	1.59e-01	8.37e-01	3.72e-03	0.00e+00	0.00e+00	0.00e+00	0.00e+00	0.00e+00	0.00e+00
 4.97938e+12	2.68e-35	7.20e-26	1.64e-17	9.27e-10	1.71e-01	8.26e-01	3.39e-03	0.00e+00	0.00e+00	0.00e+00	0.00e+00	0.00e+00	6.94e-118
 5.17942e+12	0.00e+00	9.88e-26	2.08e-17	1.09e-09	1.84e-01	8.13e-01	3.07e-03	0.00e+00	0.00e+00	0.00e+00	0.00e+00	0.00e+00	0.00e+00
 5.40215e+12	6.07e-35	1.39e-25	2.70e-17	1.29e-09	1.99e-01	7.99e-01	2.75e-03	0.00e+00	0.00e+00	0.00e+00	0.00e+00	0.00e+00	6.13e-117
 5.61101e+12	8.88e-35	1.88e-25	3.41e-17	1.50e-09	2.13e-01	7.85e-01	2.49e-03	0.00e+00	0.00e+00	0.00e+00	0.00e+00	0.00e+00	2.14e-98
 5.83917e+12	1.32e-34	2.59e-25	4.35e-17	1.76e-09	2.29e-01	7.69e-01	2.24e-03	0.00e+00	0.00e+00	0.00e+00	0.00e+00	0.00e+00	0.00e+00
 6.09456e+12	2.03e-34	3.65e-25	5.65e-17	2.09e-09	2.47e-01	7.51e-01	1.99e-03	0.00e+00	0.00e+00	0.00e+00	0.00e+00	0.00e+00	1.55e-115
 6.33634e+12	2.99e-34	4.97e-25	7.17e-17	2.44e-09	2.64e-01	7.34e-01	1.78e-03	0.00e+00	0.00e+00	0.00e+00	0.00e+00	0.00e+00	3.24e-97
 6.59568e+12	4.45e-34	6.84e-25	9.15e-17	2.86e-09	2.83e-01	7.16e-01	1.59e-03	0.00e+00	0.00e+00	0.00e+00	0.00e+00	0.00e+00	0.00e+00
 6.88943e+12	6.84e-34	9.65e-25	1.19e-16	3.39e-09	3.04e-01	6.95e-01	1.40e-03	0.00e+00	0.00e+00	0.00e+00	0.00e+00	0.00e+00	4.13e-114
 7.17825e+12	1.02e-33	1.33e-24	1.52e-16	3.97e-09	3.25e-01	6.74e-01	1.24e-03	0.00e+00	0.00e+00	0.00e+00	0.00e+00	0.00e+00	5.13e-96
 7.47862e+12	1.53e-33	1.83e-24	1.95e-16	4.65e-09	3.46e-01	6.53e-01	1.09e-03	0.00e+00	0.00e+00	0.00e+00	0.00e+00	0.00e+00	0.00e+00
 7.80770e+12	2.31e-33	2.56e-24	2.51e-16	5.47e-09	3.70e-01	6.30e-01	9.58e-04	0.00e+00	0.00e+00	0.00e+00	0.00e+00	0.00e+00	1.15e-112
 8.14107e+12	3.46e-33	3.53e-24	3.21e-16	6.40e-09	3.93e-01	6.06e-01	8.39e-04	0.00e+00	0.00e+00	0.00e+00	0.00e+00	0.00e+00	7.96e-95
 8.48779e+12	5.14e-33	4.84e-24	4.09e-16	7.46e-09	4.16e-01	5.83e-01	7.34e-04	0.00e+00	0.00e+00	0.00e+00	0.00e+00	0.00e+00	1.04e-111
 8.81944e+12	7.38e-33	6.47e-24	5.10e-16	8.59e-09	4.38e-01	5.61e-01	6.47e-04	0.00e+00	0.00e+00	0.00e+00	0.00e+00	0.00e+00	4.44e-94
 9.10775e+12	9.97e-33	8.22e-24	6.13e-16	9.64e-09	4.57e-01	5.42e-01	5.81e-04	0.00e+00	0.00e+00	0.00e+00	0.00e+00	0.00e+00	6.55e-111
 9.42458e+12	1.37e-32	1.06e-23	7.43e-16	1.09e-08	4.77e-01	5.22e-01	5.18e-04	0.00e+00	0.00e+00	0.00e+00	0.00e+00	0.00e+00	1.81e-93
 9.77885e+12	1.92e-32	1.39e-23	9.15e-16	1.24e-08	4.99e-01	5.01e-01	4.56e-04	0.00e+00	0.00e+00	0.00e+00	0.00e+00	0.00e+00	4.15e-110
 1.01133e+13	2.61e-32	1.78e-23	1.10e-15	1.39e-08	5.19e-01	4.81e-01	4.06e-04	0.00e+00	0.00e+00	0.00e+00	0.00e+00	0.00e+00	7.96e-93
 1.04797e+13	3.61e-32	2.30e-23	1.34e-15	1.57e-08	5.40e-01	4.60e-01	3.58e-04	0.00e+00	0.00e+00	0.00e+00	0.00e+00	0.00e+00	2.47e-109
 1.08880e+13	5.08e-32	3.02e-23	1.65e-15	1.79e-08	5.62e-01	4.38e-01	3.12e-04	0.00e+00	0.00e+00	0.00e+00	0.00e+00	0.00e+00	3.67e-92
 1.12719e+13	6.92e-32	3.86e-23	1.99e-15	2.01e-08	5.82e-01	4.18e-01	2.75e-04	0.00e+00	0.00e+00	0.00e+00	0.00e+00	0.00e+00	1.59e-108
 1.16921e+13	9.55e-32	4.99e-23	2.42e-15	2.27e-08	6.03e-01	3.97e-01	2.40e-04	0.00e+00	0.00e+00	0.00e+00	0.00e+00	0.00e+00	1.57e-91
 1.21622e+13	1.35e-31	6.56e-23	2.99e-15	2.57e-08	6.25e-01	3.75e-01	2.07e-04	0.00e+00	0.00e+00	0.00e+00	0.00e+00	0.00e+00	1.09e-107
 1.26072e+13	1.84e-31	8.40e-23	3.61e-15	2.89e-08	6.44e-01	3.56e-01	1.81e-04	0.00e+00	0.00e+00	0.00e+00	0.00e+00	0.00e+00	7.18e-91
 1.30140e+13	2.41e-31	1.04e-22	4.25e-15	3.19e-08	6.61e-01	3.39e-01	1.60e-04	0.00e+00	0.00e+00	0.00e+00	0.00e+00	0.00e+00	5.97e-107
 1.34614e+13	3.21e-31	1.31e-22	5.06e-15	3.54e-08	6.79e-01	3.21e-01	1.40e-04	0.00e+00	0.00e+00	0.00e+00	0.00e+00	0.00e+00	2.65e-90
 1.39638e+13	4.36e-31	1.67e-22	6.10e-15	3.97e-08	6.97e-01	3.03e-01	1.22e-04	0.00e+00	0.00e+00	0.00e+00	0.00e+00	0.00e+00	3.45e-106
 1.44394e+13	5.76e-31	2.09e-22	7.22e-15	4.39e-08	7.13e-01	2.86e-01	1.06e-04	0.00e+00	0.00e+00	0.00e+00	0.00e+00	0.00e+00	1.05e-89
 1.49591e+13	7.71e-31	2.63e-22	8.61e-15	4.87e-08	7.30e-01	2.70e-01	9.24e-05	0.00e+00	0.00e+00	0.00e+00	0.00e+00	0.00e+00	1.89e-105
 1.55331e+13	1.05e-30	3.36e-22	1.04e-14	5.45e-08	7.47e-01	2.53e-01	7.94e-05	0.00e+00	0.00e+00	0.00e+00	0.00e+00	0.00e+00	4.33e-89
 1.60638e+13	1.37e-30	4.18e-22	1.22e-14	6.00e-08	7.62e-01	2.38e-01	6.92e-05	0.00e+00	0.00e+00	0.00e+00	0.00e+00	0.00e+00	1.09e-104
 1.66399e+13	1.82e-30	5.23e-22	1.45e-14	6.64e-08	7.76e-01	2.24e-01	6.00e-05	0.00e+00	0.00e+00	0.00e+00	0.00e+00	0.00e+00	1.63e-88
 1.72847e+13	2.46e-30	6.65e-22	1.74e-14	7.39e-08	7.91e-01	2.09e-01	5.13e-05	0.00e+00	0.00e+00	0.00e+00	0.00e+00	0.00e+00	6.48e-104
 1.78936e+13	3.23e-30	8.25e-22	2.05e-14	8.14e-08	8.04e-01	1.96e-01	4.44e-05	0.00e+00	0.00e+00	0.00e+00	0.00e+00	0.00e+00	6.50e-88
 1.85600e+13	4.30e-30	1.04e-21	2.43e-14	9.00e-08	8.17e-01	1.83e-01	3.82e-05	0.00e+00	0.00e+00	0.00e+00	0.00e+00	0.00e+00	3.64e-103
 1.93034e+13	5.83e-30	1.32e-21	2.92e-14	1.00e-07	8.30e-01	1.70e-01	3.24e-05	0.00e+00	0.00e+00	0.00e+00	0.00e+00	0.00e+00	2.74e-87
 2.00038e+13	7.67e-30	1.64e-21	3.45e-14	1.10e-07	8.41e-01	1.59e-01	2.79e-05	0.00e+00	0.00e+00	0.00e+00	0.00e+00	0.00e+00	2.22e-102
 2.07593e+13	1.02e-29	2.05e-21	4.08e-14	1.21e-07	8.52e-01	1.48e-01	2.39e-05	0.00e+00	0.00e+00	0.00e+00	0.00e+00	0.00e+00	1.08e-86
 2.16196e+13	1.39e-29	2.62e-21	4.90e-14	1.35e-07	8.64e-01	1.36e-01	2.01e-05	0.00e+00	0.00e+00	0.00e+00	0.00e+00	0.00e+00	1.45e-101
 2.24640e+13	1.85e-29	3.30e-21	5.82e-14	1.49e-07	8.74e-01	1.26e-01	1.71e-05	0.00e+00	0.00e+00	0.00e+00	0.00e+00	0.00e+00	4.81e-86
 2.33422e+13	2.47e-29	4.14e-21	6.90e-14	1.64e-07	8.83e-01	1.17e-01	1.46e-05	0.00e+00	0.00e+00	0.00e+00	0.00e+00	0.00e+00	9.17e-101
 2.43058e+13	3.35e-29	5.26e-21	8.25e-14	1.81e-07	8.92e-01	1.08e-01	1.23e-05	0.00e+00	0.00e+00	0.00e+00	0.00e+00	0.00e+00	2.15e-85
 2.52868e+13	4.50e-29	6.64e-21	9.80e-14	2.00e-07	9.00e-01	9.99e-02	1.04e-05	0.00e+00	0.00e+00	0.00e+00	0.00e+00	0.00e+00	6.31e-100
 2.63069e+13	6.05e-29	8.38e-21	1.16e-13	2.20e-07	9.08e-01	9.23e-02	8.81e-06	0.00e+00	0.00e+00	0.00e+00	0.00e+00	0.00e+00	9.75e-85
 2.73415e+13	8.07e-29	1.05e-20	1.37e-13	2.42e-07	9.15e-01	8.54e-02	7.48e-06	0.00e+00	0.00e+00	0.00e+00	0.00e+00	0.00e+00	4.18e-99
 2.82966e+13	1.04e-28	1.28e-20	1.59e-13	2.62e-07	9.20e-01	7.97e-02	6.48e-06	0.00e+00	0.00e+00	0.00e+00	0.00e+00	0.00e+00	3.95e-84
 2.93339e+13	1.36e-28	1.58e-20	1.85e-13	2.85e-07	9.26e-01	7.41e-02	5.57e-06	0.00e+00	0.00e+00	0.00e+00	0.00e+00	0.00e+00	2.30e-98
 3.04025e+13	1.77e-28	1.95e-20	2.16e-13	3.10e-07	9.31e-01	6.89e-02	4.79e-06	0.00e+00	0.00e+00	0.00e+00	0.00e+00	0.00e+00	1.58e-83
 3.12914e+13	2.20e-28	2.30e-20	2.44e-13	3.32e-07	9.35e-01	6.50e-02	4.25e-06	0.00e+00	0.00e+00	0.00e+00	0.00e+00	0.00e+00	1.11e-97
 3.22263e+13	2.74e-28	2.73e-20	2.75e-13	3.55e-07	9.39e-01	6.13e-02	3.76e-06	0.00e+00	0.00e+00	0.00e+00	0.00e+00	0.00e+00	4.99e-83
 3.34248e+13	3.60e-28	3.38e-20	3.21e-13	3.85e-07	9.43e-01	5.69e-02	3.23e-06	0.00e+00	0.00e+00	0.00e+00	0.00e+00	0.00e+00	5.58e-97
 3.46861e+13	4.73e-28	4.18e-20	3.74e-13	4.20e-07	9.47e-01	5.28e-02	2.77e-06	0.00e+00	0.00e+00	0.00e+00	0.00e+00	0.00e+00	2.11e-82
 3.57958e+13	6.00e-28	5.02e-20	4.27e-13	4.50e-07	9.50e-01	4.95e-02	2.43e-06	0.00e+00	0.00e+00	0.00e+00	0.00e+00	0.00e+00	2.99e-96
 3.68323e+13	7.43e-28	5.93e-20	4.80e-13	4.79e-07	9.53e-01	4.68e-02	2.16e-06	0.00e+00	0.00e+00	0.00e+00	0.00e+00	0.00e+00	7.04e-82
 3.80241e+13	9.44e-28	7.13e-20	5.47e-13	5.14e-07	9.56e-01	4.38e-02	1.89e-06	0.00e+00	0.00e+00	0.00e+00	0.00e+00	0.00e+00	1.33e-95
 3.93707e+13	1.23e-27	8.73e-20	6.31e-13	5.55e-07	9.59e-01	4.09e-02	1.64e-06	0.00e+00	0.00e+00	0.00e+00	0.00e+00	0.00e+00	2.71e-81
 4.06600e+13	1.56e-27	1.05e-19	7.20e-13	5.95e-07	9.62e-01	3.83e-02	1.44e-06	0.00e+00	0.00e+00	0.00e+00	0.00e+00	0.00e+00	6.99e-95
 4.18927e+13	1.96e-27	1.25e-19	8.14e-13	6.35e-07	9.64e-01	3.61e-02	1.27e-06	0.00e+00	0.00e+00	0.00e+00	0.00e+00	0.00e+00	9.49e-81
 4.33101e+13	2.52e-27	1.52e-19	9.31e-13	6.82e-07	9.66e-01	3.37e-02	1.11e-06	0.00e+00	0.00e+00	0.00e+00	0.00e+00	0.00e+00	3.36e-94
 4.49079e+13	3.33e-27	1.88e-19	1.08e-12	7.37e-07	9.69e-01	3.14e-02	9.59e-07	0.00e+00	0.00e+00	0.00e+00	0.00e+00	0.00e+00	3.97e-80
 4.64320e+13	4.29e-27	2.28e-19	1.24e-12	7.92e-07	9.71e-01	2.93e-02	0.00e+00	0.00e+00	0.00e+00	0.00e+00	0.00e+00	0.00e+00	1.92e-93
 4.81053e+13	5.61e-27	2.80e-19	1.43e-12	8.54e-07	9.73e-01	2.73e-02	0.00e+00	0.00e+00	0.00e+00	0.00e+00	0.00e+00	0.00e+00	1.64e-79
 4.99591e+13	7.50e-27	3.50e-19	1.66e-12	9.24e-07	9.75e-01	2.53e-02	0.00e+00	0.00e+00	0.00e+00	0.00e+00	0.00e+00	0.00e+00	1.20e-92
 5.16919e+13	9.75e-27	4.27e-19	1.91e-12	9.93e-07	9.76e-01	2.37e-02	0.00e+00	0.00e+00	0.00e+00	0.00e+00	0.00e+00	0.00e+00	7.34e-79
 5.35821e+13	1.29e-26	5.27e-19	2.20e-12	1.07e-06	9.78e-01	2.21e-02	0.00e+00	0.00e+00	0.00e+00	0.00e+00	0.00e+00	0.00e+00	7.04e-92
 5.57104e+13	1.74e-26	6.63e-19	2.57e-12	1.16e-06	9.80e-01	2.04e-02	0.00e+00	0.00e+00	0.00e+00	0.00e+00	0.00e+00	0.00e+00	3.58e-78
 5.77608e+13	2.30e-26	8.20e-19	2.97e-12	1.25e-06	9.81e-01	1.90e-02	0.00e+00	0.00e+00	0.00e+00	0.00e+00	0.00e+00	0.00e+00	4.73e-91
 5.99379e+13	3.07e-26	1.02e-18	3.45e-12	1.35e-06	9.82e-01	1.77e-02	0.00e+00	0.00e+00	0.00e+00	0.00e+00	0.00e+00	0.00e+00	1.69e-77
 6.23654e+13	4.19e-26	1.29e-18	4.04e-12	1.46e-06	9.84e-01	1.63e-02	0.00e+00	0.00e+00	0.00e+00	0.00e+00	0.00e+00	0.00e+00	3.33e-90
 6.47989e+13	5.64e-26	1.62e-18	4.71e-12	1.58e-06	9.85e-01	1.51e-02	0.00e+00	0.00e+00	0.00e+00	0.00e+00	0.00e+00	0.00e+00	8.95e-77
 6.73299e+13	7.63e-26	2.03e-18	5.49e-12	1.70e-06	9.86e-01	1.40e-02	0.00e+00	0.00e+00	0.00e+00	0.00e+00	0.00e+00	0.00e+00	2.04e-76
 7.00530e+13	1.04e-25	2.56e-18	6.42e-12	1.85e-06	9.87e-01	1.30e-02	0.00e+00	0.00e+00	0.00e+00	0.00e+00	0.00e+00	0.00e+00	4.81e-76
 7.28850e+13	1.42e-25	3.24e-18	7.52e-12	2.00e-06	9.88e-01	1.20e-02	0.00e+00	0.00e+00	0.00e+00	0.00e+00	0.00e+00	0.00e+00	1.13e-75
 7.58304e+13	1.94e-25	4.10e-18	8.80e-12	2.16e-06	9.89e-01	1.11e-02	0.00e+00	0.00e+00	0.00e+00	0.00e+00	0.00e+00	0.00e+00	2.67e-75
 7.87154e+13	2.61e-25	5.12e-18	1.02e-11	2.33e-06	9.90e-01	1.03e-02	0.00e+00	0.00e+00	0.00e+00	0.00e+00	0.00e+00	0.00e+00	6.00e-75
 8.14790e+13	3.42e-25	6.28e-18	1.17e-11	2.50e-06	9.90e-01	9.66e-03	0.00e+00	0.00e+00	0.00e+00	0.00e+00	0.00e+00	0.00e+00	1.27e-74
 8.45312e+13	4.57e-25	7.81e-18	1.35e-11	2.69e-06	9.91e-01	8.99e-03	0.00e+00	0.00e+00	0.00e+00	0.00e+00	0.00e+00	0.00e+00	2.82e-74
 8.76041e+13	6.06e-25	9.65e-18	1.56e-11	2.88e-06	9.92e-01	8.38e-03	0.00e+00	0.00e+00	0.00e+00	0.00e+00	0.00e+00	0.00e+00	6.11e-74
 9.02456e+13	7.66e-25	1.15e-17	1.76e-11	3.06e-06	9.92e-01	7.90e-03	0.00e+00	0.00e+00	0.00e+00	0.00e+00	0.00e+00	0.00e+00	1.16e-73
 9.30990e+13	9.80e-25	1.38e-17	1.99e-11	3.26e-06	9.93e-01	7.43e-03	0.00e+00	0.00e+00	0.00e+00	0.00e+00	0.00e+00	0.00e+00	2.29e-73
 9.66210e+13	1.31e-24	1.73e-17	2.30e-11	3.50e-06	9.93e-01	6.91e-03	0.00e+00	0.00e+00	0.00e+00	0.00e+00	0.00e+00	0.00e+00	5.15e-73
 1.00253e+14	1.75e-24	2.14e-17	2.66e-11	3.77e-06	9.94e-01	6.42e-03	0.00e+00	0.00e+00	0.00e+00	0.00e+00	0.00e+00	0.00e+00	1.14e-72
 1.03569e+14	2.27e-24	2.61e-17	3.03e-11	4.02e-06	9.94e-01	6.03e-03	0.00e+00	0.00e+00	0.00e+00	0.00e+00	0.00e+00	0.00e+00	2.33e-72
 1.07233e+14	2.97e-24	3.19e-17	3.48e-11	4.31e-06	9.94e-01	5.62e-03	0.00e+00	0.00e+00	0.00e+00	0.00e+00	0.00e+00	0.00e+00	4.86e-72
 1.11505e+14	4.06e-24	4.03e-17	4.07e-11	4.66e-06	9.95e-01	5.21e-03	0.00e+00	0.00e+00	0.00e+00	0.00e+00	0.00e+00	0.00e+00	1.15e-71
 1.15780e+14	5.42e-24	5.02e-17	4.72e-11	5.03e-06	9.95e-01	4.83e-03	0.00e+00	0.00e+00	0.00e+00	0.00e+00	1.62e-17	3.40e-17	2.54e-71
 1.19902e+14	7.16e-24	6.19e-17	5.43e-11	5.39e-06	9.95e-01	4.51e-03	0.00e+00	0.00e+00	0.00e+00	0.00e+00	2.05e-17	4.13e-17	5.48e-71
 1.24405e+14	9.49e-24	7.66e-17	6.28e-11	5.81e-06	9.96e-01	4.18e-03	0.00e+00	0.00e+00	0.00e+00	0.00e+00	2.54e-17	5.12e-17	1.19e-70
 1.29411e+14	1.30e-23	9.70e-17	7.35e-11	6.28e-06	9.96e-01	3.87e-03	0.00e+00	0.00e+00	0.00e+00	0.00e+00	3.22e-17	6.48e-17	2.82e-70
 1.34055e+14	1.70e-23	1.19e-16	8.46e-11	6.75e-06	9.96e-01	3.60e-03	0.00e+00	0.00e+00	0.00e+00	0.00e+00	3.95e-17	7.95e-17	5.88e-70
 1.38093e+14	2.15e-23	1.42e-16	9.52e-11	7.15e-06	9.97e-01	3.40e-03	0.00e+00	0.00e+00	0.00e+00	0.00e+00	4.71e-17	9.49e-17	1.13e-69
 1.42567e+14	2.74e-23	1.71e-16	1.08e-10	7.64e-06	9.97e-01	3.18e-03	0.00e+00	0.00e+00	0.00e+00	0.00e+00	5.67e-17	1.14e-16	2.18e-69
 1.48013e+14	3.69e-23	2.14e-16	1.26e-10	8.23e-06	9.97e-01	2.95e-03	0.00e+00	0.00e+00	0.00e+00	0.00e+00	7.09e-17	1.43e-16	4.96e-69
 1.53525e+14	4.88e-23	2.64e-16	1.45e-10	8.87e-06	9.97e-01	2.74e-03	0.00e+00	0.00e+00	0.00e+00	0.00e+00	8.76e-17	1.76e-16	1.06e-68
 1.58498e+14	6.23e-23	3.18e-16	1.65e-10	9.46e-06	9.97e-01	2.57e-03	0.00e+00	0.00e+00	0.00e+00	0.00e+00	1.06e-16	2.12e-16	2.09e-68
 1.63965e+14	8.14e-23	3.89e-16	1.89e-10	1.01e-05	9.98e-01	2.40e-03	0.00e+00	0.00e+00	0.00e+00	0.00e+00	1.29e-16	2.60e-16	4.36e-68
 1.70412e+14	1.09e-22	4.87e-16	2.21e-10	1.10e-05	9.98e-01	2.22e-03	0.00e+00	0.00e+00	0.00e+00	0.00e+00	1.62e-16	3.25e-16	9.73e-68
 1.76753e+14	1.44e-22	6.02e-16	2.56e-10	1.18e-05	9.98e-01	2.06e-03	0.00e+00	0.00e+00	0.00e+00	0.00e+00	2.00e-16	4.02e-16	2.09e-67
 1.82586e+14	1.87e-22	7.31e-16	2.91e-10	1.26e-05	9.98e-01	1.93e-03	0.00e+00	0.00e+00	0.00e+00	0.00e+00	2.43e-16	4.89e-16	4.26e-67
 1.89137e+14	2.44e-22	8.96e-16	3.36e-10	1.35e-05	9.98e-01	1.80e-03	0.00e+00	0.00e+00	0.00e+00	0.00e+00	2.97e-16	5.99e-16	8.85e-67
 1.96712e+14	3.30e-22	1.13e-15	3.93e-10	1.47e-05	9.98e-01	1.66e-03	0.00e+00	0.00e+00	0.00e+00	0.00e+00	3.74e-16	7.53e-16	2.03e-66
 2.04134e+14	4.38e-22	1.40e-15	4.56e-10	1.58e-05	9.98e-01	1.54e-03	0.00e+00	0.00e+00	0.00e+00	0.00e+00	4.64e-16	9.35e-16	4.42e-66
 2.11216e+14	5.73e-22	1.71e-15	5.23e-10	1.69e-05	9.99e-01	1.44e-03	0.00e+00	0.00e+00	0.00e+00	0.00e+00	5.68e-16	1.14e-15	9.27e-66
 2.19057e+14	7.53e-22	2.11e-15	6.06e-10	1.83e-05	9.99e-01	1.34e-03	0.00e+00	0.00e+00	0.00e+00	0.00e+00	7.00e-16	1.41e-15	1.96e-65
 2.27850e+14	1.02e-21	2.67e-15	7.09e-10	1.98e-05	9.99e-01	1.23e-03	0.00e+00	0.00e+00	0.00e+00	0.00e+00	8.84e-16	1.78e-15	4.58e-65
 2.36734e+14	1.36e-21	3.31e-15	8.28e-10	2.14e-05	9.99e-01	1.14e-03	0.00e+00	0.00e+00	0.00e+00	0.00e+00	1.10e-15	2.21e-15	9.93e-65
 2.45198e+14	1.78e-21	4.06e-15	9.52e-10	2.30e-05	9.99e-01	1.06e-03	0.00e+00	0.00e+00	0.00e+00	0.00e+00	1.35e-15	2.72e-15	2.09e-64
 2.54261e+14	2.36e-21	5.04e-15	1.10e-09	2.47e-05	9.99e-01	9.89e-04	0.00e+00	0.00e+00	0.00e+00	0.00e+00	1.67e-15	3.37e-15	4.58e-64
 2.64462e+14	3.16e-21	6.29e-15	1.29e-09	2.68e-05	9.99e-01	9.13e-04	0.00e+00	0.00e+00	0.00e+00	0.00e+00	2.09e-15	4.21e-15	1.02e-63
 2.74168e+14	4.19e-21	7.79e-15	1.49e-09	2.88e-05	9.99e-01	8.49e-04	0.00e+00	0.00e+00	0.00e+00	0.00e+00	2.58e-15	5.21e-15	2.22e-63
 2.83060e+14	5.28e-21	9.31e-15	1.69e-09	3.07e-05	9.99e-01	7.96e-04	0.00e+00	0.00e+00	0.00e+00	0.00e+00	3.09e-15	6.22e-15	4.20e-63
 2.93150e+14	6.95e-21	1.15e-14	1.95e-09	3.29e-05	9.99e-01	7.42e-04	0.00e+00	0.00e+00	0.00e+00	0.00e+00	3.80e-15	7.67e-15	8.98e-63
 3.03694e+14	8.99e-21	1.40e-14	2.24e-09	3.54e-05	9.99e-01	6.90e-04	0.00e+00	0.00e+00	0.00e+00	0.00e+00	4.63e-15	9.33e-15	1.82e-62
 3.12648e+14	1.12e-20	1.65e-14	2.52e-09	3.75e-05	9.99e-01	6.51e-04	0.00e+00	0.00e+00	0.00e+00	0.00e+00	5.47e-15	1.10e-14	3.34e-62
 3.22104e+14	1.41e-20	1.97e-14	2.84e-09	3.98e-05	9.99e-01	6.13e-04	0.00e+00	0.00e+00	0.00e+00	0.00e+00	6.52e-15	1.32e-14	6.32e-62
 3.34013e+14	1.83e-20	2.41e-14	3.28e-09	4.29e-05	9.99e-01	5.69e-04	0.00e+00	0.00e+00	0.00e+00	0.00e+00	7.97e-15	1.61e-14	1.31e-61
 3.46315e+14	2.42e-20	2.98e-14	3.79e-09	4.61e-05	9.99e-01	5.29e-04	0.00e+00	0.00e+00	0.00e+00	0.00e+00	9.87e-15	1.99e-14	2.84e-61
 3.57234e+14	3.02e-20	3.53e-14	4.29e-09	4.92e-05	9.99e-01	4.97e-04	0.00e+00	0.00e+00	0.00e+00	0.00e+00	1.17e-14	2.36e-14	5.20e-61
 3.69148e+14	3.87e-20	4.26e-14	4.89e-09	5.25e-05	9.99e-01	4.65e-04	0.00e+00	0.00e+00	0.00e+00	0.00e+00	1.41e-14	2.85e-14	1.03e-60
 3.82572e+14	5.02e-20	5.21e-14	5.64e-09	5.65e-05	1.00e+00	4.32e-04	0.00e+00	0.00e+00	0.00e+00	0.00e+00	1.73e-14	3.48e-14	2.12e-60
 3.95305e+14	6.46e-20	6.32e-14	6.43e-09	6.03e-05	1.00e+00	4.05e-04	0.00e+00	0.00e+00	0.00e+00	0.00e+00	2.09e-14	4.23e-14	4.29e-60
 4.09207e+14	8.25e-20	7.63e-14	7.39e-09	6.47e-05	1.00e+00	3.77e-04	0.00e+00	0.00e+00	0.00e+00	0.00e+00	2.53e-14	5.10e-14	8.41e-60
 4.24530e+14	1.09e-19	9.46e-14	8.55e-09	6.97e-05	1.00e+00	3.50e-04	0.00e+00	0.00e+00	0.00e+00	0.00e+00	3.13e-14	6.33e-14	1.83e-59
 4.38702e+14	1.37e-19	1.13e-13	9.76e-09	7.46e-05	1.00e+00	3.27e-04	0.00e+00	0.00e+00	0.00e+00	0.00e+00	3.73e-14	7.55e-14	3.44e-59
 4.54124e+14	1.78e-19	1.38e-13	1.12e-08	8.00e-05	1.00e+00	3.05e-04	0.00e+00	0.00e+00	0.00e+00	0.00e+00	4.56e-14	9.23e-14	7.10e-59
 4.71367e+14	2.30e-19	1.69e-13	1.30e-08	8.63e-05	1.00e+00	2.82e-04	0.00e+00	0.00e+00	0.00e+00	0.00e+00	5.58e-14	1.13e-13	1.46e-58
 4.87559e+14	2.96e-19	2.05e-13	1.49e-08	9.24e-05	1.00e+00	2.63e-04	0.00e+00	0.00e+00	0.00e+00	0.00e+00	6.77e-14	1.37e-13	2.94e-58
 5.05144e+14	3.78e-19	2.48e-13	1.72e-08	9.95e-05	1.00e+00	2.45e-04	0.00e+00	0.00e+00	0.00e+00	0.00e+00	8.19e-14	1.66e-13	5.78e-58
 5.24706e+14	5.00e-19	3.08e-13	2.00e-08	1.07e-04	1.00e+00	2.26e-04	0.00e+00	0.00e+00	0.00e+00	0.00e+00	1.02e-13	2.06e-13	1.27e-57
 5.43213e+14	6.33e-19	3.70e-13	2.30e-08	1.16e-04	1.00e+00	2.10e-04	0.00e+00	0.00e+00	0.00e+00	0.00e+00	1.22e-13	2.48e-13	2.43e-57
 5.63133e+14	8.23e-19	4.55e-13	2.65e-08	1.24e-04	1.00e+00	1.95e-04	0.00e+00	0.00e+00	0.00e+00	0.00e+00	1.50e-13	3.04e-13	5.10e-57
 5.85689e+14	1.07e-18	5.58e-13	3.11e-08	1.35e-04	1.00e+00	1.80e-04	0.00e+00	0.00e+00	0.00e+00	0.00e+00	1.84e-13	3.74e-13	1.05e-56
 6.07725e+14	1.40e-18	6.90e-13	3.60e-08	1.46e-04	1.00e+00	1.67e-04	0.00e+00	0.00e+00	0.00e+00	0.00e+00	2.28e-13	4.62e-13	2.25e-56
 6.30642e+14	1.78e-18	8.35e-13	4.18e-08	1.57e-04	1.00e+00	1.54e-04	0.00e+00	0.00e+00	0.00e+00	0.00e+00	2.76e-13	5.60e-13	4.42e-56
 6.55898e+14	2.37e-18	1.04e-12	4.89e-08	1.71e-04	1.00e+00	1.42e-04	0.00e+00	0.00e+00	0.00e+00	0.00e+00	3.44e-13	6.99e-13	9.82e-56
 6.81405e+14	3.02e-18	1.27e-12	5.71e-08	1.85e-04	1.00e+00	1.31e-04	0.00e+00	0.00e+00	0.00e+00	0.00e+00	4.18e-13	8.49e-13	1.93e-55
 7.06412e+14	3.87e-18	1.54e-12	6.60e-08	2.00e-04	1.00e+00	1.21e-04	0.00e+00	0.00e+00	0.00e+00	0.00e+00	5.08e-13	1.03e-12	3.88e-55
 7.33178e+14	5.01e-18	1.90e-12	7.67e-08	2.16e-04	1.00e+00	1.12e-04	0.00e+00	0.00e+00	0.00e+00	0.00e+00	6.25e-13	1.27e-12	8.12e-55
 7.58140e+14	6.19e-18	2.25e-12	8.78e-08	2.33e-04	1.00e+00	1.04e-04	0.00e+00	0.00e+00	0.00e+00	0.00e+00	7.40e-13	1.51e-12	1.47e-54
 7.77478e+14	7.33e-18	2.57e-12	9.72e-08	2.45e-04	1.00e+00	9.85e-05	0.00e+00	0.00e+00	0.00e+00	0.00e+00	8.46e-13	1.72e-12	2.37e-54
 7.97638e+14	8.72e-18	2.95e-12	1.08e-07	2.59e-04	1.00e+00	9.32e-05	0.00e+00	0.00e+00	0.00e+00	0.00e+00	9.71e-13	1.98e-12	3.87e-54
 8.23847e+14	1.07e-17	3.48e-12	1.23e-07	2.78e-04	1.00e+00	8.68e-05	0.00e+00	0.00e+00	0.00e+00	0.00e+00	1.15e-12	2.33e-12	6.95e-54
 8.52054e+14	1.34e-17	4.19e-12	1.41e-07	2.99e-04	1.00e+00	8.08e-05	0.00e+00	0.00e+00	0.00e+00	0.00e+00	1.38e-12	2.81e-12	1.34e-53
 8.77394e+14	1.61e-17	4.85e-12	1.58e-07	3.19e-04	1.00e+00	7.57e-05	0.00e+00	0.00e+00	0.00e+00	0.00e+00	1.60e-12	3.25e-12	2.26e-53
 9.04873e+14	1.98e-17	5.73e-12	1.79e-07	3.41e-04	1.00e+00	7.09e-05	0.00e+00	0.00e+00	0.00e+00	0.00e+00	1.89e-12	3.84e-12	4.09e-53
 9.38827e+14	2.49e-17	6.90e-12	2.08e-07	3.70e-04	1.00e+00	6.53e-05	0.00e+00	0.00e+00	0.00e+00	0.00e+00	2.27e-12	4.63e-12	7.91e-53
 9.72831e+14	3.12e-17	8.30e-12	2.41e-07	4.00e-04	1.00e+00	6.04e-05	0.00e+00	0.00e+00	0.00e+00	0.00e+00	2.73e-12	5.57e-12	1.53e-52
 1.00228e+15	3.80e-17	9.73e-12	2.71e-07	4.27e-04	1.00e+00	5.66e-05	0.00e+00	0.00e+00	0.00e+00	0.00e+00	3.20e-12	6.53e-12	2.71e-52
 1.03419e+15	4.61e-17	1.14e-11	3.08e-07	4.57e-04	9.99e-01	5.28e-05	0.00e+00	3.87e-18	1.16e-17	1.94e-17	3.76e-12	7.68e-12	4.84e-52
 1.07329e+15	5.83e-17	1.38e-11	3.58e-07	4.97e-04	9.99e-01	4.87e-05	0.00e+00	4.90e-18	1.47e-17	2.46e-17	4.55e-12	9.28e-12	9.58e-52
 1.11249e+15	7.26e-17	1.66e-11	4.14e-07	5.39e-04	9.99e-01	4.49e-05	0.00e+00	6.11e-18	1.83e-17	3.06e-17	5.46e-12	1.11e-11	1.85e-51
 1.14692e+15	8.83e-17	1.95e-11	4.68e-07	5.76e-04	9.99e-01	4.20e-05	0.00e+00	7.44e-18	2.23e-17	3.73e-17	6.40e-12	1.31e-11	3.31e-51
 1.18441e+15	1.07e-16	2.30e-11	5.33e-07	6.19e-04	9.99e-01	3.92e-05	0.00e+00	9.06e-18	2.72e-17	4.54e-17	7.56e-12	1.54e-11	6.05e-51
 1.22973e+15	1.37e-16	2.79e-11	6.21e-07	6.74e-04	9.99e-01	3.60e-05	0.00e+00	1.15e-17	3.46e-17	5.79e-17	9.18e-12	1.87e-11	1.24e-50
 1.27486e+15	1.70e-16	3.36e-11	7.19e-07	7.32e-04	9.99e-01	3.32e-05	0.00e+00	1.44e-17	4.33e-17	7.22e-17	1.10e-11	2.25e-11	2.44e-50
 1.31520e+15	2.08e-16	3.95e-11	8.15e-07	7.84e-04	9.99e-01	3.10e-05	0.00e+00	1.76e-17	5.28e-17	8.82e-17	1.30e-11	2.65e-11	4.47e-50
 1.35966e+15	2.54e-16	4.68e-11	9.32e-07	8.45e-04	9.99e-01	2.88e-05	0.00e+00	2.16e-17	6.47e-17	1.08e-16	1.54e-11	3.14e-11	8.38e-50
 1.41250e+15	3.24e-16	5.71e-11	1.09e-06	9.21e-04	9.99e-01	2.65e-05	0.00e+00	2.75e-17	8.25e-17	1.38e-16	1.88e-11	3.83e-11	1.77e-49
 1.46497e+15	4.07e-16	6.90e-11	1.26e-06	1.00e-03	9.99e-01	2.44e-05	0.00e+00	3.45e-17	1.04e-16	1.73e-16	2.27e-11	4.63e-11	3.60e-49
 1.51332e+15	4.90e-16	8.11e-11	1.43e-06	1.07e-03	9.99e-01	2.28e-05	0.00e+00	4.17e-17	1.25e-16	2.09e-16	2.67e-11	5.44e-11	6.67e-49
 1.56756e+15	6.19e-16	9.77e-11	1.65e-06	1.16e-03	9.99e-01	2.11e-05	0.00e+00	5.27e-17	1.58e-16	2.64e-16	3.21e-11	6.56e-11	1.38e-48
 1.63020e+15	7.87e-16	1.20e-10	1.93e-06	1.27e-03	9.99e-01	1.93e-05	0.00e+00	6.72e-17	2.02e-16	3.37e-16	3.93e-11	8.03e-11	3.02e-48
 1.69156e+15	9.79e-16	1.44e-10	2.24e-06	1.38e-03	9.99e-01	1.78e-05	0.00e+00	8.36e-17	2.51e-16	4.19e-16	4.74e-11	9.68e-11	6.22e-48
 1.75537e+15	1.26e-15	1.76e-10	2.60e-06	1.50e-03	9.98e-01	1.64e-05	0.00e+00	1.08e-16	3.23e-16	5.40e-16	5.80e-11	1.18e-10	1.38e-47
 1.82561e+15	1.61e-15	2.16e-10	3.04e-06	1.64e-03	9.98e-01	1.51e-05	0.00e+00	1.38e-16	4.14e-16	6.91e-16	7.12e-11	1.45e-10	3.10e-47
 1.88494e+15	1.97e-15	2.57e-10	3.45e-06	1.76e-03	9.98e-01	1.41e-05	0.00e+00	1.69e-16	5.08e-16	8.48e-16	8.44e-11	1.72e-10	6.04e-47
 1.92842e+15	2.28e-15	2.89e-10	3.78e-06	1.85e-03	9.98e-01	1.34e-05	0.00e+00	1.96e-16	5.87e-16	9.80e-16	9.52e-11	1.94e-10	9.74e-47
 1.97434e+15	2.65e-15	3.28e-10	4.15e-06	1.95e-03	9.98e-01	1.28e-05	0.00e+00	2.28e-16	6.83e-16	1.14e-15	1.08e-10	2.20e-10	1.60e-46
 2.03404e+15	3.20e-15	3.84e-10	4.67e-06	2.09e-03	9.98e-01	1.20e-05	0.00e+00	2.75e-16	8.27e-16	1.38e-15	1.26e-10	2.57e-10	3.01e-46
 2.09976e+15	3.93e-15	4.55e-10	5.30e-06	2.24e-03	9.98e-01	1.12e-05	0.00e+00	3.38e-16	1.02e-15	1.69e-15	1.50e-10	3.05e-10	5.92e-46
 2.16052e+15	4.71e-15	5.30e-10	5.94e-06	2.39e-03	9.98e-01	1.06e-05	0.00e+00	4.06e-16	1.22e-15	2.03e-15	1.74e-10	3.55e-10	1.08e-45
 2.22672e+15	5.63e-15	6.17e-10	6.70e-06	2.56e-03	9.97e-01	9.93e-06	0.00e+00	4.85e-16	1.46e-15	2.43e-15	2.03e-10	4.14e-10	1.99e-45
 2.30131e+15	7.11e-15	7.44e-10	7.64e-06	2.75e-03	9.97e-01	9.27e-06	0.00e+00	6.14e-16	1.84e-15	3.07e-15	2.45e-10	4.99e-10	4.25e-45
 2.37242e+15	8.63e-15	8.76e-10	8.62e-06	2.94e-03	9.97e-01	8.72e-06	0.00e+00	7.46e-16	2.24e-15	3.74e-15	2.89e-10	5.87e-10	8.11e-45
 2.45049e+15	1.05e-14	1.03e-09	9.81e-06	3.16e-03	9.97e-01	8.17e-06	0.00e+00	9.06e-16	2.72e-15	4.54e-15	3.41e-10	6.93e-10	1.56e-44
 2.53807e+15	1.35e-14	1.27e-09	1.13e-05	3.42e-03	9.97e-01	7.62e-06	0.00e+00	1.17e-15	3.50e-15	5.85e-15	4.18e-10	8.49e-10	3.54e-44
 2.62130e+15	1.67e-14	1.51e-09	1.28e-05	3.68e-03	9.96e-01	7.16e-06	0.00e+00	1.45e-15	4.34e-15	7.25e-15	4.99e-10	1.01e-09	7.15e-44
 2.71278e+15	2.04e-14	1.80e-09	1.47e-05	3.96e-03	9.96e-01	6.70e-06	0.00e+00	1.77e-15	5.31e-15	8.86e-15	5.94e-10	1.21e-09	1.41e-43
 2.81487e+15	2.66e-14	2.24e-09	1.70e-05	4.31e-03	9.96e-01	6.24e-06	0.00e+00	2.32e-15	6.95e-15	1.16e-14	7.38e-10	1.50e-09	3.38e-43
 2.91027e+15	3.33e-14	2.69e-09	1.95e-05	4.63e-03	9.95e-01	5.87e-06	0.00e+00	2.90e-15	8.71e-15	1.45e-14	8.88e-10	1.80e-09	7.06e-43
 3.01379e+15	4.18e-14	3.26e-09	2.24e-05	5.00e-03	9.95e-01	5.51e-06	0.00e+00	3.64e-15	1.09e-14	1.82e-14	1.08e-09	2.18e-09	1.49e-42
 3.12979e+15	5.25e-14	3.97e-09	2.60e-05	5.43e-03	9.95e-01	5.15e-06	0.00e+00	4.58e-15	1.38e-14	2.29e-14	1.31e-09	2.66e-09	3.20e-42
 3.23913e+15	6.62e-14	4.82e-09	2.98e-05	5.86e-03	9.94e-01	4.85e-06	0.00e+00	5.78e-15	1.74e-14	2.90e-14	1.59e-09	3.22e-09	6.81e-42
 3.35681e+15	8.41e-14	5.88e-09	3.43e-05	6.34e-03	9.94e-01	4.57e-06	0.00e+00	7.35e-15	2.21e-14	3.68e-14	1.94e-09	3.94e-09	1.48e-41
 3.48816e+15	1.09e-13	7.29e-09	4.00e-05	6.89e-03	9.93e-01	4.29e-06	0.00e+00	9.51e-15	2.85e-14	4.76e-14	2.41e-09	4.88e-09	3.38e-41
 3.61429e+15	1.41e-13	9.06e-09	4.61e-05	7.45e-03	9.92e-01	4.06e-06	0.00e+00	1.24e-14	3.72e-14	6.20e-14	2.99e-09	6.06e-09	7.78e-41
 3.74842e+15	1.83e-13	1.12e-08	5.34e-05	8.07e-03	9.92e-01	3.85e-06	0.00e+00	1.60e-14	4.81e-14	8.02e-14	3.70e-09	7.49e-09	1.74e-40
 3.89839e+15	2.36e-13	1.39e-08	6.25e-05	8.78e-03	9.91e-01	3.64e-06	0.00e+00	2.07e-14	6.22e-14	1.04e-13	4.61e-09	9.33e-09	3.84e-40
 4.04785e+15	2.99e-13	1.70e-08	7.26e-05	9.53e-03	9.90e-01	3.45e-06	0.00e+00	2.63e-14	7.89e-14	1.32e-13	5.64e-09	1.14e-08	8.13e-40
 4.20329e+15	3.86e-13	2.12e-08	8.44e-05	1.03e-02	9.90e-01	3.28e-06	0.00e+00	3.40e-14	1.02e-13	1.70e-13	7.00e-09	1.42e-08	1.81e-39
 4.34311e+15	4.84e-13	2.56e-08	9.63e-05	1.11e-02	9.89e-01	3.15e-06	0.00e+00	4.27e-14	1.28e-13	2.14e-13	8.48e-09	1.71e-08	3.69e-39
 4.44772e+15	5.85e-13	2.99e-08	1.06e-04	1.17e-02	9.88e-01	3.07e-06	0.00e+00	5.16e-14	1.55e-13	2.58e-13	9.90e-09	2.00e-08	6.56e-39
 4.55634e+15	6.92e-13	3.44e-08	1.17e-04	1.23e-02	9.88e-01	2.99e-06	0.00e+00	6.11e-14	1.83e-13	3.06e-13	1.14e-08	2.30e-08	1.10e-38
 4.69755e+15	8.36e-13	4.04e-08	1.32e-04	1.31e-02	9.87e-01	2.89e-06	0.00e+00	7.38e-14	2.21e-13	3.69e-13	1.34e-08	2.71e-08	1.95e-38
 4.85216e+15	1.07e-12	4.97e-08	1.51e-04	1.41e-02	9.86e-01	2.80e-06	0.00e+00	9.44e-14	2.83e-13	4.73e-13	1.65e-08	3.32e-08	4.16e-38
 4.99283e+15	1.29e-12	5.85e-08	1.69e-04	1.50e-02	9.85e-01	2.72e-06	0.00e+00	1.14e-13	3.42e-13	5.71e-13	1.94e-08	3.91e-08	7.42e-38
 5.14435e+15	1.56e-12	6.88e-08	1.91e-04	1.60e-02	9.84e-01	2.64e-06	0.00e+00	1.38e-13	4.15e-13	6.93e-13	2.28e-08	4.60e-08	1.32e-37
 5.33460e+15	2.06e-12	8.66e-08	2.21e-04	1.73e-02	9.82e-01	2.57e-06	0.00e+00	1.82e-13	5.47e-13	9.13e-13	2.87e-08	5.79e-08	3.04e-37
 5.52533e+15	2.60e-12	1.06e-07	2.55e-04	1.87e-02	9.81e-01	2.49e-06	0.00e+00	2.31e-13	6.92e-13	1.15e-12	3.51e-08	7.09e-08	6.01e-37
 5.68735e+15	3.14e-12	1.24e-07	2.86e-04	1.98e-02	9.80e-01	2.44e-06	0.00e+00	2.79e-13	8.37e-13	1.40e-12	4.13e-08	8.32e-08	1.04e-36
 5.86194e+15	3.87e-12	1.49e-07	3.24e-04	2.12e-02	9.78e-01	2.39e-06	0.00e+00	3.44e-13	1.03e-12	1.72e-12	4.93e-08	9.94e-08	1.92e-36
 6.07985e+15	5.12e-12	1.88e-07	3.76e-04	2.29e-02	9.77e-01	2.34e-06	0.00e+00	4.55e-13	1.36e-12	2.28e-12	6.23e-08	1.26e-07	4.30e-36
 6.29955e+15	6.50e-12	2.31e-07	4.35e-04	2.48e-02	9.75e-01	2.29e-06	0.00e+00	5.78e-13	1.73e-12	2.89e-12	7.67e-08	1.55e-07	8.63e-36
 6.49048e+15	7.92e-12	2.73e-07	4.92e-04	2.64e-02	9.73e-01	2.25e-06	0.00e+00	7.05e-13	2.11e-12	3.53e-12	9.06e-08	1.83e-07	1.49e-35
 6.69854e+15	9.87e-12	3.30e-07	5.61e-04	2.83e-02	9.71e-01	2.22e-06	0.00e+00	8.79e-13	2.64e-12	4.40e-12	1.09e-07	2.20e-07	2.81e-35
 6.95247e+15	1.32e-11	4.21e-07	6.55e-04	3.07e-02	9.69e-01	2.19e-06	0.00e+00	1.17e-12	3.52e-12	5.87e-12	1.40e-07	2.81e-07	6.47e-35
 7.20370e+15	1.67e-11	5.18e-07	7.59e-04	3.31e-02	9.66e-01	2.15e-06	0.00e+00	1.49e-12	4.48e-12	7.47e-12	1.72e-07	3.46e-07	1.26e-34
 7.42554e+15	2.06e-11	6.16e-07	8.61e-04	3.54e-02	9.64e-01	2.13e-06	0.00e+00	1.84e-12	5.51e-12	9.19e-12	2.04e-07	4.11e-07	2.20e-34
 7.67154e+15	2.59e-11	7.50e-07	9.88e-04	3.80e-02	9.61e-01	2.10e-06	0.00e+00	2.31e-12	6.94e-12	1.16e-11	2.49e-07	5.01e-07	4.17e-34
 7.96681e+15	3.48e-11	9.64e-07	1.16e-03	4.14e-02	9.57e-01	2.09e-06	0.00e+00	3.11e-12	9.32e-12	1.56e-11	3.20e-07	6.44e-07	9.60e-34
 8.24417e+15	4.45e-11	1.19e-06	1.34e-03	4.46e-02	9.54e-01	2.07e-06	0.00e+00	3.98e-12	1.19e-11	1.99e-11	3.95e-07	7.95e-07	1.86e-33
 8.47411e+15	5.41e-11	1.41e-06	1.51e-03	4.74e-02	9.51e-01	2.06e-06	0.00e+00	4.84e-12	1.45e-11	2.42e-11	4.68e-07	9.42e-07	3.13e-33
 8.72439e+15	6.72e-11	1.69e-06	1.72e-03	5.07e-02	9.48e-01	2.05e-06	0.00e+00	6.02e-12	1.81e-11	3.01e-11	5.62e-07	1.13e-06	5.60e-33
 9.04318e+15	8.64e-11	2.08e-06	2.00e-03	5.49e-02	9.43e-01	2.02e-06	0.00e+00	7.74e-12	2.32e-11	3.87e-11	6.90e-07	1.39e-06	1.02e-32
 9.37299e+15	1.15e-10	2.66e-06	2.35e-03	5.97e-02	9.38e-01	2.02e-06	0.00e+00	1.03e-11	3.10e-11	5.17e-11	8.85e-07	1.78e-06	2.25e-32
 9.62142e+15	1.38e-10	3.14e-06	2.64e-03	6.33e-02	9.34e-01	2.01e-06	0.00e+00	1.24e-11	3.73e-11	6.22e-11	1.04e-06	2.09e-06	3.66e-32
 9.84210e+15	1.65e-10	3.64e-06	2.92e-03	6.68e-02	9.30e-01	2.01e-06	0.00e+00	1.49e-11	4.46e-11	7.43e-11	1.21e-06	2.43e-06	5.70e-32
 1.01290e+16	2.06e-10	4.37e-06	3.33e-03	7.14e-02	9.25e-01	2.00e-06	0.00e+00	1.85e-11	5.56e-11	9.28e-11	1.45e-06	2.92e-06	9.84e-32
 1.04350e+16	2.61e-10	5.33e-06	3.82e-03	7.68e-02	9.19e-01	1.99e-06	0.00e+00	2.35e-11	7.04e-11	1.17e-10	1.77e-06	3.56e-06	1.80e-31
 1.07011e+16	3.17e-10	6.29e-06	4.29e-03	8.15e-02	9.14e-01	1.99e-06	0.00e+00	2.85e-11	8.55e-11	1.43e-10	2.09e-06	4.20e-06	2.88e-31
 1.09824e+16	3.91e-10	7.47e-06	4.86e-03	8.68e-02	9.08e-01	1.98e-06	0.00e+00	3.52e-11	1.06e-10	1.76e-10	2.48e-06	4.99e-06	4.69e-31
 1.13481e+16	5.17e-10	9.43e-06	5.70e-03	9.43e-02	9.00e-01	1.98e-06	0.00e+00	4.66e-11	1.40e-10	2.33e-10	3.13e-06	6.29e-06	9.44e-31
 1.17097e+16	6.61e-10	1.16e-05	6.63e-03	1.02e-01	8.92e-01	1.97e-06	0.00e+00	5.96e-11	1.79e-10	2.98e-10	3.85e-06	7.74e-06	1.65e-30
 1.19858e+16	7.98e-10	1.35e-05	7.44e-03	1.08e-01	8.85e-01	1.97e-06	0.00e+00	7.21e-11	2.16e-10	3.60e-10	4.48e-06	9.00e-06	2.50e-30
 1.22646e+16	9.72e-10	1.59e-05	8.38e-03	1.15e-01	8.77e-01	1.96e-06	0.00e+00	8.79e-11	2.64e-10	4.40e-10	5.29e-06	1.06e-05	3.95e-30
 1.26271e+16	1.30e-09	2.02e-05	9.80e-03	1.24e-01	8.66e-01	1.97e-06	0.00e+00	1.17e-10	3.52e-10	5.87e-10	6.72e-06	1.35e-05	8.07e-30
 1.29931e+16	1.64e-09	2.43e-05	1.14e-02	1.34e-01	8.55e-01	1.96e-06	0.00e+00	1.49e-10	4.46e-10	7.44e-10	8.09e-06	1.62e-05	1.28e-29
 1.32888e+16	2.06e-09	2.97e-05	1.29e-02	1.43e-01	8.44e-01	1.98e-06	0.00e+00	1.87e-10	5.60e-10	9.34e-10	9.87e-06	1.98e-05	2.29e-29
 1.35494e+16	2.47e-09	3.45e-05	1.44e-02	1.51e-01	8.35e-01	1.98e-06	0.00e+00	2.24e-10	6.73e-10	1.12e-09	1.15e-05	2.30e-05	3.43e-29
 1.38393e+16	3.06e-09	4.09e-05	1.63e-02	1.60e-01	8.23e-01	1.98e-06	0.00e+00	2.78e-10	8.34e-10	1.39e-09	1.36e-05	2.73e-05	5.39e-29
 1.41626e+16	3.81e-09	4.86e-05	1.87e-02	1.71e-01	8.10e-01	1.97e-06	0.00e+00	3.47e-10	1.04e-09	1.73e-09	1.62e-05	3.24e-05	8.44e-29
 1.44627e+16	4.87e-09	5.97e-05	2.13e-02	1.83e-01	7.96e-01	2.00e-06	0.00e+00	4.43e-10	1.33e-09	2.22e-09	1.99e-05	3.99e-05	1.54e-28
 1.47279e+16	5.91e-09	7.00e-05	2.39e-02	1.94e-01	7.83e-01	2.01e-06	3.38e-12	5.38e-10	1.61e-09	2.69e-09	2.33e-05	4.67e-05	2.33e-28
 1.50146e+16	7.39e-09	8.33e-05	2.72e-02	2.06e-01	7.67e-01	2.02e-06	0.00e+00	6.73e-10	2.02e-09	3.36e-09	2.77e-05	5.56e-05	3.69e-28
 1.53270e+16	9.51e-09	1.02e-04	3.14e-02	2.20e-01	7.48e-01	2.04e-06	0.00e+00	8.68e-10	2.60e-09	4.34e-09	3.41e-05	6.83e-05	6.60e-28
 1.56012e+16	1.15e-08	1.18e-04	3.54e-02	2.33e-01	7.31e-01	2.04e-06	3.80e-12	1.05e-09	3.16e-09	5.26e-09	3.94e-05	7.88e-05	9.23e-28
 1.58485e+16	1.44e-08	1.43e-04	3.99e-02	2.47e-01	7.13e-01	2.07e-06	0.00e+00	1.32e-09	3.95e-09	6.58e-09	4.76e-05	9.54e-05	1.62e-27
 1.60601e+16	1.71e-08	1.64e-04	4.41e-02	2.58e-01	6.98e-01	2.10e-06	4.23e-12	1.56e-09	4.68e-09	7.80e-09	5.46e-05	1.09e-04	2.31e-27
 1.62631e+16	2.04e-08	1.88e-04	4.87e-02	2.70e-01	6.81e-01	2.12e-06	0.00e+00	1.87e-09	5.59e-09	9.32e-09	6.25e-05	1.25e-04	3.32e-27
 1.65269e+16	2.52e-08	2.20e-04	5.54e-02	2.87e-01	6.58e-01	2.12e-06	0.00e+00	2.31e-09	6.91e-09	1.15e-08	7.34e-05	1.47e-04	5.05e-27
 1.68093e+16	3.31e-08	2.76e-04	6.41e-02	3.05e-01	6.30e-01	2.18e-06	0.00e+00	3.03e-09	9.08e-09	1.51e-08	9.18e-05	1.84e-04	9.61e-27
 1.70436e+16	4.05e-08	3.20e-04	7.21e-02	3.22e-01	6.06e-01	2.20e-06	5.43e-12	3.72e-09	1.11e-08	1.86e-08	1.07e-04	2.13e-04	1.43e-26
 1.72407e+16	4.90e-08	3.72e-04	8.02e-02	3.37e-01	5.83e-01	2.25e-06	0.00e+00	4.50e-09	1.35e-08	2.25e-08	1.24e-04	2.48e-04	2.17e-26
 1.74252e+16	5.90e-08	4.30e-04	8.87e-02	3.51e-01	5.60e-01	2.29e-06	6.41e-12	5.42e-09	1.63e-08	2.71e-08	1.43e-04	2.87e-04	3.29e-26
 1.75994e+16	7.21e-08	5.05e-04	9.80e-02	3.66e-01	5.35e-01	2.36e-06	0.00e+00	6.62e-09	1.99e-08	3.31e-08	1.68e-04	3.37e-04	5.40e-26
 1.77582e+16	8.52e-08	5.75e-04	1.07e-01	3.80e-01	5.13e-01	2.41e-06	7.78e-12	7.83e-09	2.35e-08	3.91e-08	1.91e-04	3.83e-04	7.87e-26
 1.79266e+16	1.01e-07	6.48e-04	1.18e-01	3.95e-01	4.87e-01	2.43e-06	0.00e+00	9.28e-09	2.78e-08	4.64e-08	2.16e-04	4.32e-04	1.10e-25
 1.81456e+16	1.34e-07	8.11e-04	1.35e-01	4.16e-01	4.49e-01	2.54e-06	0.00e+00	1.23e-08	3.69e-08	6.15e-08	2.70e-04	5.41e-04	2.30e-25
 1.83521e+16	1.67e-07	9.58e-04	1.52e-01	4.34e-01	4.13e-01	2.56e-06	1.11e-11	1.54e-08	4.62e-08	7.70e-08	3.19e-04	6.39e-04	3.74e-25
 1.84966e+16	2.00e-07	1.10e-03	1.66e-01	4.48e-01	3.84e-01	2.66e-06	0.00e+00	1.85e-08	5.53e-08	9.22e-08	3.65e-04	7.31e-04	5.80e-25
 1.86182e+16	2.37e-07	1.24e-03	1.79e-01	4.60e-01	3.59e-01	2.75e-06	1.47e-11	2.19e-08	6.56e-08	1.09e-07	4.13e-04	8.27e-04	8.84e-25
