#depth	He	He+	He+2
 1.49634e+10	3.66e-23	3.52e-12	1.00e+00
 4.54887e+10	4.08e-23	3.81e-12	1.00e+00
 7.72350e+10	4.53e-23	4.12e-12	1.00e+00
 1.10251e+11	5.04e-23	4.46e-12	1.00e+00
 1.44588e+11	5.61e-23	4.83e-12	1.00e+00
 1.80298e+11	6.25e-23	5.23e-12	1.00e+00
 2.17437e+11	6.97e-23	5.67e-12	1.00e+00
 2.56061e+11	7.78e-23	6.14e-12	1.00e+00
 2.96231e+11	8.70e-23	6.65e-12	1.00e+00
 3.38007e+11	9.74e-23	7.21e-12	1.00e+00
 3.81454e+11	1.09e-22	7.81e-12	1.00e+00
 4.26639e+11	1.23e-22	8.46e-12	1.00e+00
 4.73631e+11	1.38e-22	9.18e-12	1.00e+00
 5.18349e+11	1.54e-22	9.88e-12	1.00e+00
 5.59184e+11	1.69e-22	1.05e-11	1.00e+00
 6.05352e+11	1.88e-22	1.13e-11	1.00e+00
 6.59039e+11	2.12e-22	1.23e-11	1.00e+00
 7.12147e+11	2.39e-22	1.33e-11	1.00e+00
 7.63051e+11	2.66e-22	1.43e-11	1.00e+00
 8.19173e+11	2.99e-22	1.54e-11	1.00e+00
 8.81867e+11	3.40e-22	1.67e-11	1.00e+00
 9.45533e+11	3.86e-22	1.81e-11	1.00e+00
 1.01175e+12	4.38e-22	1.96e-11	1.00e+00
 1.08214e+12	5.00e-22	2.13e-11	1.00e+00
 1.15536e+12	5.72e-22	2.32e-11	1.00e+00
 1.22613e+12	6.48e-22	2.51e-11	1.00e+00
 1.29251e+12	7.27e-22	2.69e-11	1.00e+00
 1.36692e+12	8.22e-22	2.91e-11	1.00e+00
 1.45152e+12	9.45e-22	3.17e-11	1.00e+00
 1.53533e+12	1.08e-21	3.43e-11	1.00e+00
 1.62249e+12	1.23e-21	3.73e-11	1.00e+00
 1.71732e+12	1.42e-21	4.06e-11	1.00e+00
 1.81300e+12	1.63e-21	4.42e-11	1.00e+00
 1.91250e+12	1.87e-21	4.81e-11	1.00e+00
 2.01893e+12	2.16e-21	5.26e-11	1.00e+00
 2.12961e+12	2.50e-21	5.74e-11	1.00e+00
 2.24472e+12	2.89e-21	6.28e-11	1.00e+00
 2.36444e+12	3.34e-21	6.87e-11	1.00e+00
 2.48894e+12	3.87e-21	7.52e-11	1.00e+00
 2.61503e+12	4.47e-21	8.22e-11	1.00e+00
 2.74616e+12	5.15e-21	8.99e-11	1.00e+00
 2.88593e+12	5.96e-21	9.86e-11	1.00e+00
 3.03129e+12	6.90e-21	1.08e-10	1.00e+00
 3.18247e+12	7.99e-21	1.19e-10	1.00e+00
 3.33970e+12	9.25e-21	1.31e-10	1.00e+00
 3.50321e+12	1.07e-20	1.44e-10	1.00e+00
 3.65214e+12	1.22e-20	1.57e-10	1.00e+00
 3.77779e+12	1.35e-20	1.68e-10	1.00e+00
 3.91598e+12	1.50e-20	1.81e-10	1.00e+00
 4.08894e+12	1.72e-20	1.98e-10	1.00e+00
 4.26788e+12	1.96e-20	2.17e-10	1.00e+00
 4.42766e+12	2.19e-20	2.35e-10	1.00e+00
 4.60175e+12	2.46e-20	2.56e-10	1.00e+00
 4.79627e+12	2.80e-20	2.80e-10	1.00e+00
 4.97938e+12	3.13e-20	3.04e-10	1.00e+00
 5.17942e+12	3.52e-20	3.32e-10	1.00e+00
 5.40215e+12	4.01e-20	3.66e-10	1.00e+00
 5.61101e+12	4.49e-20	3.99e-10	1.00e+00
 5.83917e+12	5.05e-20	4.37e-10	1.00e+00
 6.09456e+12	5.74e-20	4.82e-10	1.00e+00
 6.33634e+12	6.45e-20	5.28e-10	1.00e+00
 6.59568e+12	7.26e-20	5.79e-10	1.00e+00
 6.88943e+12	8.27e-20	6.42e-10	1.00e+00
 7.17825e+12	9.34e-20	7.06e-10	1.00e+00
 7.47862e+12	1.05e-19	7.78e-10	1.00e+00
 7.80770e+12	1.19e-19	8.61e-10	1.00e+00
 8.14107e+12	1.35e-19	9.51e-10	1.00e+00
 8.48779e+12	1.53e-19	1.05e-09	1.00e+00
 8.81944e+12	1.71e-19	1.15e-09	1.00e+00
 9.10775e+12	1.89e-19	1.24e-09	1.00e+00
 9.42458e+12	2.09e-19	1.35e-09	1.00e+00
 9.77885e+12	2.34e-19	1.47e-09	1.00e+00
 1.01133e+13	2.60e-19	1.59e-09	1.00e+00
 1.04797e+13	2.91e-19	1.73e-09	1.00e+00
 1.08880e+13	3.29e-19	1.90e-09	1.00e+00
 1.12719e+13	3.69e-19	2.06e-09	1.00e+00
 1.16921e+13	4.16e-19	2.25e-09	1.00e+00
 1.21622e+13	4.77e-19	2.48e-09	1.00e+00
 1.26072e+13	5.41e-19	2.70e-09	1.00e+00
 1.30140e+13	6.06e-19	2.91e-09	1.00e+00
 1.34614e+13	6.85e-19	3.15e-09	1.00e+00
 1.39638e+13	7.85e-19	3.44e-09	1.00e+00
 1.44394e+13	8.92e-19	3.73e-09	1.00e+00
 1.49591e+13	1.02e-18	4.06e-09	1.00e+00
 1.55331e+13	1.19e-18	4.44e-09	1.00e+00
 1.60638e+13	1.36e-18	4.81e-09	1.00e+00
 1.66399e+13	1.57e-18	5.23e-09	1.00e+00
 1.72847e+13	1.83e-18	5.72e-09	1.00e+00
 1.78936e+13	2.12e-18	6.21e-09	1.00e+00
 1.85600e+13	2.48e-18	6.77e-09	1.00e+00
 1.93034e+13	2.93e-18	7.42e-09	1.00e+00
 2.00038e+13	3.42e-18	8.07e-09	1.00e+00
 2.07593e+13	4.01e-18	8.79e-09	1.00e+00
 2.16196e+13	4.79e-18	9.66e-09	1.00e+00
 2.24640e+13	5.66e-18	1.05e-08	1.00e+00
 2.33422e+13	6.69e-18	1.15e-08	1.00e+00
 2.43058e+13	7.99e-18	1.26e-08	1.00e+00
 2.52868e+13	9.50e-18	1.38e-08	1.00e+00
 2.63069e+13	1.13e-17	1.51e-08	1.00e+00
 2.73415e+13	1.34e-17	1.65e-08	1.00e+00
 2.82966e+13	1.55e-17	1.78e-08	1.00e+00
 2.93339e+13	1.81e-17	1.92e-08	1.00e+00
 3.04025e+13	2.12e-17	2.08e-08	1.00e+00
 3.12914e+13	2.40e-17	2.22e-08	1.00e+00
 3.22263e+13	2.72e-17	2.36e-08	1.00e+00
 3.34248e+13	3.18e-17	2.56e-08	1.00e+00
 3.46861e+13	3.74e-17	2.78e-08	1.00e+00
 3.57958e+13	4.27e-17	2.97e-08	1.00e+00
 3.68323e+13	4.82e-17	3.15e-08	1.00e+00
 3.80241e+13	5.51e-17	3.38e-08	1.00e+00
 3.93707e+13	6.37e-17	3.63e-08	1.00e+00
 4.06600e+13	7.30e-17	3.89e-08	1.00e+00
 4.18927e+13	8.28e-17	4.14e-08	1.00e+00
 4.33101e+13	9.50e-17	4.44e-08	1.00e+00
 4.49079e+13	1.10e-16	4.79e-08	1.00e+00
 4.64320e+13	1.27e-16	5.13e-08	1.00e+00
 4.81053e+13	1.47e-16	5.52e-08	1.00e+00
 4.99591e+13	1.71e-16	5.97e-08	1.00e+00
 5.16919e+13	1.97e-16	6.40e-08	1.00e+00
 5.35821e+13	2.27e-16	6.89e-08	1.00e+00
 5.57104e+13	2.66e-16	7.45e-08	1.00e+00
 5.77608e+13	3.07e-16	8.02e-08	1.00e+00
 5.99379e+13	3.57e-16	8.64e-08	1.00e+00
 6.23654e+13	4.18e-16	9.36e-08	1.00e+00
 6.47989e+13	4.87e-16	1.01e-07	1.00e+00
 6.73299e+13	5.66e-16	1.09e-07	1.00e+00
 7.00530e+13	6.62e-16	1.18e-07	1.00e+00
 7.28850e+13	7.74e-16	1.28e-07	1.00e+00
 7.58304e+13	9.04e-16	1.38e-07	1.00e+00
 7.87154e+13	1.05e-15	1.49e-07	1.00e+00
 8.14790e+13	1.20e-15	1.59e-07	1.00e+00
 8.45312e+13	1.38e-15	1.71e-07	1.00e+00
 8.76041e+13	1.59e-15	1.84e-07	1.00e+00
 9.02456e+13	1.79e-15	1.95e-07	1.00e+00
 9.30990e+13	2.02e-15	2.07e-07	1.00e+00
 9.66210e+13	2.33e-15	2.23e-07	1.00e+00
 1.00253e+14	2.70e-15	2.40e-07	1.00e+00
 1.03569e+14	3.06e-15	2.55e-07	1.00e+00
 1.07233e+14	3.51e-15	2.74e-07	1.00e+00
 1.11505e+14	4.08e-15	2.96e-07	1.00e+00
 1.15780e+14	4.74e-15	3.19e-07	1.00e+00
 1.19902e+14	5.43e-15	3.42e-07	1.00e+00
 1.24405e+14	6.30e-15	3.68e-07	1.00e+00
 1.29411e+14	7.33e-15	3.98e-07	1.00e+00
 1.34055e+14	8.45e-15	4.28e-07	1.00e+00
 1.38093e+14	9.48e-15	4.53e-07	1.00e+00
 1.42567e+14	1.08e-14	4.84e-07	1.00e+00
 1.48013e+14	1.25e-14	5.21e-07	1.00e+00
 1.53525e+14	1.44e-14	5.62e-07	1.00e+00
 1.58498e+14	1.64e-14	6.00e-07	1.00e+00
 1.63965e+14	1.87e-14	6.42e-07	1.00e+00
 1.70412e+14	2.18e-14	6.95e-07	1.00e+00
 1.76753e+14	2.52e-14	7.49e-07	1.00e+00
 1.82586e+14	2.86e-14	7.99e-07	1.00e+00
 1.89137e+14	3.28e-14	8.59e-07	1.00e+00
 1.96712e+14	3.83e-14	9.31e-07	1.00e+00
 2.04134e+14	4.43e-14	1.00e-06	1.00e+00
 2.11216e+14	5.06e-14	1.07e-06	1.00e+00
 2.19057e+14	5.84e-14	1.16e-06	1.00e+00
 2.27850e+14	6.79e-14	1.25e-06	1.00e+00
 2.36734e+14	7.89e-14	1.36e-06	1.00e+00
 2.45198e+14	9.02e-14	1.46e-06	1.00e+00
 2.54261e+14	1.04e-13	1.57e-06	1.00e+00
 2.64462e+14	1.20e-13	1.70e-06	1.00e+00
 2.74168e+14	1.38e-13	1.82e-06	1.00e+00
 2.83060e+14	1.56e-13	1.95e-06	1.00e+00
 2.93150e+14	1.78e-13	2.09e-06	1.00e+00
 3.03694e+14	2.04e-13	2.25e-06	1.00e+00
 3.12648e+14	2.27e-13	2.38e-06	1.00e+00
 3.22104e+14	2.54e-13	2.53e-06	1.00e+00
 3.34013e+14	2.90e-13	2.72e-06	1.00e+00
 3.46315e+14	3.32e-13	2.93e-06	1.00e+00
 3.57234e+14	3.72e-13	3.12e-06	1.00e+00
 3.69148e+14	4.20e-13	3.33e-06	1.00e+00
 3.82572e+14	4.79e-13	3.58e-06	1.00e+00
 3.95305e+14	5.41e-13	3.82e-06	1.00e+00
 4.09207e+14	6.14e-13	4.11e-06	1.00e+00
 4.24530e+14	7.02e-13	4.42e-06	1.00e+00
 4.38702e+14	7.92e-13	4.73e-06	1.00e+00
 4.54124e+14	8.98e-13	5.07e-06	1.00e+00
 4.71367e+14	1.03e-12	5.48e-06	1.00e+00
 4.87559e+14	1.16e-12	5.87e-06	1.00e+00
 5.05144e+14	1.32e-12	6.32e-06	1.00e+00
 5.24706e+14	1.51e-12	6.83e-06	1.00e+00
 5.43213e+14	1.72e-12	7.34e-06	1.00e+00
 5.63133e+14	1.95e-12	7.90e-06	1.00e+00
 5.85689e+14	2.24e-12	8.58e-06	1.00e+00
 6.07725e+14	2.56e-12	9.26e-06	1.00e+00
 6.30642e+14	2.93e-12	1.00e-05	1.00e+00
 6.55898e+14	3.38e-12	1.09e-05	1.00e+00
 6.81405e+14	3.88e-12	1.18e-05	1.00e+00
 7.06412e+14	4.41e-12	1.27e-05	1.00e+00
 7.33178e+14	5.05e-12	1.38e-05	1.00e+00
 7.58140e+14	5.71e-12	1.48e-05	1.00e+00
 7.77478e+14	6.26e-12	1.57e-05	1.00e+00
 7.97638e+14	6.88e-12	1.65e-05	1.00e+00
 8.23847e+14	7.75e-12	1.78e-05	1.00e+00
 8.52054e+14	8.75e-12	1.91e-05	1.00e+00
 8.77394e+14	9.76e-12	2.04e-05	1.00e+00
 9.04873e+14	1.09e-11	2.18e-05	1.00e+00
 9.38827e+14	1.25e-11	2.37e-05	1.00e+00
 9.72831e+14	1.43e-11	2.56e-05	1.00e+00
 1.00228e+15	1.60e-11	2.74e-05	1.00e+00
 1.03419e+15	1.80e-11	2.93e-05	1.00e+00
 1.07329e+15	2.07e-11	3.19e-05	1.00e+00
 1.11249e+15	2.37e-11	3.46e-05	1.00e+00
 1.14692e+15	2.66e-11	3.70e-05	1.00e+00
 1.18441e+15	2.99e-11	3.98e-05	1.00e+00
 1.22973e+15	3.47e-11	4.34e-05	1.00e+00
 1.27486e+15	3.99e-11	4.71e-05	1.00e+00
 1.31520e+15	4.48e-11	5.05e-05	1.00e+00
 1.35966e+15	5.09e-11	5.44e-05	1.00e+00
 1.41250e+15	5.89e-11	5.93e-05	1.00e+00
 1.46497e+15	6.78e-11	6.45e-05	1.00e+00
 1.51332e+15	7.62e-11	6.93e-05	1.00e+00
 1.56756e+15	8.79e-11	7.51e-05	1.00e+00
 1.63020e+15	1.02e-10	8.22e-05	1.00e+00
 1.69156e+15	1.17e-10	8.92e-05	1.00e+00
 1.75537e+15	1.36e-10	9.71e-05	1.00e+00
 1.82561e+15	1.59e-10	1.06e-04	1.00e+00
 1.88494e+15	1.79e-10	1.14e-04	1.00e+00
 1.92842e+15	1.96e-10	1.20e-04	1.00e+00
 1.97434e+15	2.15e-10	1.27e-04	1.00e+00
 2.03404e+15	2.41e-10	1.35e-04	1.00e+00
 2.09976e+15	2.73e-10	1.45e-04	1.00e+00
 2.16052e+15	3.04e-10	1.55e-04	1.00e+00
 2.22672e+15	3.40e-10	1.66e-04	1.00e+00
 2.30131e+15	3.91e-10	1.79e-04	1.00e+00
 2.37242e+15	4.39e-10	1.91e-04	1.00e+00
 2.45049e+15	4.95e-10	2.06e-04	1.00e+00
 2.53807e+15	5.75e-10	2.23e-04	1.00e+00
 2.62130e+15	6.52e-10	2.39e-04	1.00e+00
 2.71278e+15	7.37e-10	2.58e-04	1.00e+00
 2.81487e+15	8.67e-10	2.81e-04	1.00e+00
 2.91027e+15	9.88e-10	3.02e-04	1.00e+00
 3.01379e+15	1.13e-09	3.26e-04	1.00e+00
 3.12979e+15	1.30e-09	3.54e-04	1.00e+00
 3.23913e+15	1.49e-09	3.83e-04	1.00e+00
 3.35681e+15	1.72e-09	4.14e-04	1.00e+00
 3.48816e+15	2.00e-09	4.51e-04	1.00e+00
 3.61429e+15	2.34e-09	4.88e-04	1.00e+00
 3.74842e+15	2.72e-09	5.28e-04	9.99e-01
 3.89839e+15	3.17e-09	5.76e-04	9.99e-01
 4.04785e+15	3.65e-09	6.25e-04	9.99e-01
 4.20329e+15	4.25e-09	6.79e-04	9.99e-01
 4.34311e+15	4.87e-09	7.30e-04	9.99e-01
 4.44772e+15	5.43e-09	7.69e-04	9.99e-01
 4.55634e+15	6.00e-09	8.10e-04	9.99e-01
 4.69755e+15	6.68e-09	8.66e-04	9.99e-01
 4.85216e+15	7.75e-09	9.30e-04	9.99e-01
 4.99283e+15	8.67e-09	9.89e-04	9.99e-01
 5.14435e+15	9.69e-09	1.06e-03	9.99e-01
 5.33460e+15	1.14e-08	1.14e-03	9.99e-01
 5.52533e+15	1.31e-08	1.23e-03	9.99e-01
 5.68735e+15	1.46e-08	1.32e-03	9.99e-01
 5.86194e+15	1.66e-08	1.41e-03	9.99e-01
 6.07985e+15	1.96e-08	1.52e-03	9.98e-01
 6.29955e+15	2.26e-08	1.65e-03	9.98e-01
 6.49048e+15	2.53e-08	1.76e-03	9.98e-01
 6.69854e+15	2.88e-08	1.89e-03	9.98e-01
 6.95247e+15	3.43e-08	2.05e-03	9.98e-01
 7.20370e+15	3.95e-08	2.22e-03	9.98e-01
 7.42554e+15	4.44e-08	2.38e-03	9.98e-01
 7.67154e+15	5.10e-08	2.56e-03	9.97e-01
 7.96681e+15	6.12e-08	2.79e-03	9.97e-01
 8.24417e+15	7.07e-08	3.02e-03	9.97e-01
 8.47411e+15	7.95e-08	3.22e-03	9.97e-01
 8.72439e+15	9.04e-08	3.45e-03	9.97e-01
 9.04318e+15	1.04e-07	3.75e-03	9.96e-01
 9.37299e+15	1.24e-07	4.09e-03	9.96e-01
 9.62142e+15	1.39e-07	4.35e-03	9.96e-01
 9.84210e+15	1.54e-07	4.61e-03	9.95e-01
 1.01290e+16	1.75e-07	4.95e-03	9.95e-01
 1.04350e+16	2.02e-07	5.35e-03	9.95e-01
 1.07011e+16	2.26e-07	5.70e-03	9.94e-01
 1.09824e+16	2.55e-07	6.11e-03	9.94e-01
 1.13481e+16	3.02e-07	6.69e-03	9.93e-01
 1.17097e+16	3.48e-07	7.29e-03	9.93e-01
 1.19858e+16	3.88e-07	7.79e-03	9.92e-01
 1.22646e+16	4.38e-07	8.35e-03	9.92e-01
 1.26271e+16	5.22e-07	9.15e-03	9.91e-01
 1.29931e+16	5.95e-07	1.00e-02	9.90e-01
 1.32888e+16	6.91e-07	1.08e-02	9.89e-01
 1.35494e+16	7.72e-07	1.15e-02	9.88e-01
 1.38393e+16	8.74e-07	1.25e-02	9.88e-01
 1.41626e+16	9.96e-07	1.36e-02	9.86e-01
 1.44627e+16	1.17e-06	1.48e-02	9.85e-01
 1.47279e+16	1.32e-06	1.60e-02	9.84e-01
 1.50146e+16	1.51e-06	1.74e-02	9.83e-01
 1.53270e+16	1.78e-06	1.92e-02	9.81e-01
 1.56012e+16	2.00e-06	2.10e-02	9.79e-01
 1.58485e+16	2.34e-06	2.29e-02	9.77e-01
 1.60601e+16	2.62e-06	2.46e-02	9.75e-01
 1.62631e+16	2.93e-06	2.66e-02	9.73e-01
 1.65269e+16	3.39e-06	2.95e-02	9.71e-01
 1.68093e+16	4.12e-06	3.32e-02	9.67e-01
 1.70436e+16	4.75e-06	3.68e-02	9.63e-01
 1.72407e+16	5.46e-06	4.04e-02	9.60e-01
 1.74252e+16	6.28e-06	4.44e-02	9.56e-01
 1.75994e+16	7.33e-06	4.88e-02	9.51e-01
 1.77582e+16	8.37e-06	5.34e-02	9.47e-01
 1.79266e+16	9.58e-06	5.92e-02	9.41e-01
 1.81456e+16	1.21e-05	6.85e-02	9.32e-01
 1.83521e+16	1.48e-05	7.92e-02	9.21e-01
 1.84966e+16	1.74e-05	8.87e-02	9.11e-01
 1.86182e+16	2.02e-05	9.82e-02	9.02e-01
 1.87558e+16	2.40e-05	1.11e-01	8.89e-01
 1.89051e+16	2.93e-05	1.28e-01	8.72e-01
 1.90321e+16	3.46e-05	1.46e-01	8.54e-01
 1.91380e+16	4.15e-05	1.65e-01	8.35e-01
 1.92265e+16	4.72e-05	1.82e-01	8.17e-01
 1.93001e+16	5.43e-05	2.00e-01	8.00e-01
 1.93598e+16	5.94e-05	2.15e-01	7.85e-01
 1.94157e+16	6.59e-05	2.32e-01	7.68e-01
 1.94883e+16	7.62e-05	2.56e-01	7.44e-01
 1.95578e+16	8.65e-05	2.81e-01	7.19e-01
 1.96104e+16	9.57e-05	3.02e-01	6.98e-01
 1.96660e+16	1.06e-04	3.27e-01	6.73e-01
 1.97382e+16	1.24e-04	3.63e-01	6.37e-01
 1.98051e+16	1.41e-04	3.98e-01	6.02e-01
 1.98532e+16	1.54e-04	4.26e-01	5.74e-01
 1.99038e+16	1.71e-04	4.58e-01	5.42e-01
 1.99597e+16	1.91e-04	4.93e-01	5.07e-01
 2.00222e+16	2.14e-04	5.35e-01	4.65e-01
 2.00903e+16	2.42e-04	5.80e-01	4.20e-01
 2.01525e+16	2.68e-04	6.21e-01	3.78e-01
 2.02201e+16	2.98e-04	6.66e-01	3.34e-01
 2.02962e+16	3.32e-04	7.12e-01	2.88e-01
 2.03713e+16	3.65e-04	7.54e-01	2.46e-01
 2.04568e+16	4.02e-04	7.96e-01	2.03e-01
 2.05680e+16	4.47e-04	8.42e-01	1.58e-01
 2.06903e+16	4.90e-04	8.80e-01	1.20e-01
 2.08269e+16	5.35e-04	9.12e-01	8.76e-02
 2.10046e+16	5.84e-04	9.40e-01	5.94e-02
 2.12355e+16	6.42e-04	9.62e-01	3.71e-02
 2.14862e+16	6.98e-04	9.76e-01	2.35e-02
 2.17121e+16	7.50e-04	9.83e-01	1.62e-02
 2.19202e+16	8.01e-04	9.87e-01	1.17e-02
 2.20796e+16	8.43e-04	9.90e-01	9.43e-03
 2.21778e+16	8.71e-04	9.91e-01	8.27e-03
 2.22724e+16	9.00e-04	9.92e-01	7.24e-03
 2.23954e+16	9.41e-04	9.93e-01	6.12e-03
 2.25309e+16	9.87e-04	9.94e-01	5.17e-03
 2.26503e+16	1.03e-03	9.94e-01	4.48e-03
 2.27520e+16	1.08e-03	9.95e-01	3.97e-03
 2.28628e+16	1.13e-03	9.95e-01	3.48e-03
 2.29731e+16	1.18e-03	9.96e-01	3.09e-03
 2.30554e+16	1.23e-03	9.96e-01	2.83e-03
 2.31239e+16	1.27e-03	9.96e-01	2.62e-03
 2.32018e+16	1.32e-03	9.96e-01	2.40e-03
 2.33031e+16	1.39e-03	9.96e-01	2.15e-03
 2.34015e+16	1.46e-03	9.97e-01	1.95e-03
 2.34721e+16	1.52e-03	9.97e-01	1.82e-03
 2.35400e+16	1.58e-03	9.97e-01	1.70e-03
 2.36283e+16	1.67e-03	9.97e-01	1.55e-03
 2.37155e+16	1.77e-03	9.97e-01	1.43e-03
 2.37798e+16	1.84e-03	9.97e-01	1.35e-03
 2.38334e+16	1.91e-03	9.97e-01	1.28e-03
 2.38942e+16	2.00e-03	9.97e-01	1.21e-03
 2.39625e+16	2.10e-03	9.97e-01	1.13e-03
 2.40260e+16	2.20e-03	9.97e-01	1.07e-03
 2.40817e+16	2.31e-03	9.97e-01	1.02e-03
 2.41421e+16	2.43e-03	9.97e-01	9.59e-04
 2.42075e+16	2.57e-03	9.97e-01	9.04e-04
 2.42641e+16	2.71e-03	9.96e-01	8.62e-04
 2.43127e+16	2.84e-03	9.96e-01	8.25e-04
 2.43660e+16	3.00e-03	9.96e-01	7.85e-04
 2.44251e+16	3.19e-03	9.96e-01	7.46e-04
 2.44782e+16	3.38e-03	9.96e-01	7.14e-04
 2.45245e+16	3.56e-03	9.96e-01	6.86e-04
 2.45753e+16	3.79e-03	9.96e-01	6.56e-04
 2.46313e+16	4.06e-03	9.95e-01	6.26e-04
 2.46818e+16	4.35e-03	9.95e-01	5.99e-04
 2.47272e+16	4.63e-03	9.95e-01	5.78e-04
 2.47782e+16	5.00e-03	9.94e-01	5.52e-04
 2.48347e+16	5.46e-03	9.94e-01	5.27e-04
 2.48862e+16	5.97e-03	9.94e-01	5.05e-04
 2.49318e+16	6.47e-03	9.93e-01	4.89e-04
 2.49751e+16	7.03e-03	9.92e-01	4.71e-04
 2.50249e+16	7.79e-03	9.92e-01	4.52e-04
 2.50742e+16	8.70e-03	9.91e-01	4.36e-04
 2.51099e+16	9.50e-03	9.90e-01	4.24e-04
 2.51381e+16	1.02e-02	9.89e-01	4.17e-04
 2.51695e+16	1.11e-02	9.89e-01	4.06e-04
 2.52046e+16	1.22e-02	9.87e-01	3.97e-04
 2.52364e+16	1.35e-02	9.86e-01	3.88e-04
 2.52635e+16	1.48e-02	9.85e-01	3.81e-04
 2.52883e+16	1.61e-02	9.84e-01	3.77e-04
 2.53164e+16	1.78e-02	9.82e-01	3.70e-04
 2.53463e+16	2.01e-02	9.80e-01	3.65e-04
 2.53714e+16	2.23e-02	9.77e-01	3.61e-04
 2.53921e+16	2.45e-02	9.75e-01	3.58e-04
 2.54145e+16	2.73e-02	9.72e-01	3.55e-04
 2.54394e+16	3.09e-02	9.69e-01	3.54e-04
 2.54619e+16	3.48e-02	9.65e-01	3.54e-04
 2.54807e+16	3.88e-02	9.61e-01	3.54e-04
 2.54977e+16	4.30e-02	9.57e-01	3.55e-04
 2.55170e+16	4.85e-02	9.51e-01	3.58e-04
 2.55372e+16	5.53e-02	9.44e-01	3.63e-04
 2.55538e+16	6.20e-02	9.38e-01	3.67e-04
 2.55676e+16	6.85e-02	9.31e-01	3.73e-04
 2.55814e+16	7.59e-02	9.24e-01	3.78e-04
 2.55958e+16	8.48e-02	9.15e-01	3.85e-04
 2.56094e+16	9.44e-02	9.05e-01	3.93e-04
 2.56211e+16	1.04e-01	8.96e-01	4.01e-04
 2.56313e+16	1.13e-01	8.87e-01	4.09e-04
 2.56409e+16	1.23e-01	8.77e-01	4.15e-04
 2.56485e+16	1.31e-01	8.69e-01	4.23e-04
 2.56536e+16	1.37e-01	8.63e-01	4.27e-04
 2.56582e+16	1.42e-01	8.57e-01	4.31e-04
 2.56636e+16	1.49e-01	8.50e-01	4.35e-04
 2.56694e+16	1.57e-01	8.42e-01	4.41e-04
 2.56749e+16	1.65e-01	8.34e-01	4.46e-04
 2.56802e+16	1.73e-01	8.26e-01	4.53e-04
 2.56854e+16	1.82e-01	8.18e-01	4.57e-04
 2.56906e+16	1.91e-01	8.09e-01	4.64e-04
 2.56957e+16	2.00e-01	7.99e-01	4.68e-04
 2.57008e+16	2.09e-01	7.90e-01	4.75e-04
 2.57058e+16	2.20e-01	7.80e-01	4.80e-04
 2.57109e+16	2.30e-01	7.69e-01	4.85e-04
 2.57157e+16	2.41e-01	7.59e-01	4.91e-04
 2.57205e+16	2.52e-01	7.48e-01	4.97e-04
 2.57253e+16	2.64e-01	7.36e-01	5.01e-04
 2.57301e+16	2.75e-01	7.24e-01	5.07e-04
 2.57348e+16	2.88e-01	7.11e-01	5.11e-04
 2.57394e+16	3.00e-01	6.99e-01	5.17e-04
 2.57440e+16	3.14e-01	6.86e-01	5.22e-04
 2.57485e+16	3.27e-01	6.72e-01	5.25e-04
 2.57530e+16	3.41e-01	6.59e-01	5.30e-04
 2.57573e+16	3.55e-01	6.45e-01	5.34e-04
 2.57616e+16	3.69e-01	6.30e-01	5.38e-04
 2.57660e+16	3.83e-01	6.16e-01	5.42e-04
 2.57702e+16	3.99e-01	6.01e-01	5.44e-04
 2.57744e+16	4.13e-01	5.86e-01	5.47e-04
 2.57785e+16	4.28e-01	5.71e-01	5.50e-04
 2.57825e+16	4.43e-01	5.56e-01	5.53e-04
 2.57866e+16	4.59e-01	5.41e-01	5.54e-04
 2.57906e+16	4.74e-01	5.25e-01	5.56e-04
 2.57944e+16	4.89e-01	5.10e-01	5.57e-04
 2.57982e+16	5.04e-01	4.95e-01	5.58e-04
 2.58019e+16	5.19e-01	4.80e-01	5.58e-04
 2.58055e+16	5.34e-01	4.66e-01	5.58e-04
 2.58091e+16	5.48e-01	4.51e-01	5.57e-04
 2.58125e+16	5.62e-01	4.37e-01	5.55e-04
 2.58159e+16	5.76e-01	4.23e-01	5.54e-04
 2.58193e+16	5.90e-01	4.09e-01	5.52e-04
 2.58225e+16	6.03e-01	3.96e-01	5.49e-04
 2.58257e+16	6.17e-01	3.83e-01	5.47e-04
 2.58289e+16	6.29e-01	3.70e-01	5.44e-04
 2.58320e+16	6.42e-01	3.58e-01	5.41e-04
 2.58350e+16	6.54e-01	3.46e-01	5.37e-04
 2.58380e+16	6.65e-01	3.34e-01	5.33e-04
 2.58409e+16	6.77e-01	3.23e-01	5.29e-04
 2.58438e+16	6.88e-01	3.11e-01	5.25e-04
 2.58466e+16	6.99e-01	3.01e-01	5.20e-04
 2.58494e+16	7.09e-01	2.90e-01	5.15e-04
 2.58522e+16	7.20e-01	2.80e-01	5.10e-04
 2.58549e+16	7.30e-01	2.70e-01	5.05e-04
 2.58576e+16	7.39e-01	2.60e-01	5.00e-04
 2.58603e+16	7.49e-01	2.51e-01	4.94e-04
 2.58626e+16	7.57e-01	2.43e-01	4.88e-04
 2.58644e+16	7.63e-01	2.37e-01	4.83e-04
 2.58661e+16	7.69e-01	2.31e-01	4.78e-04
 2.58679e+16	7.75e-01	2.25e-01	4.73e-04
 2.58698e+16	7.81e-01	2.19e-01	4.68e-04
 2.58714e+16	7.86e-01	2.14e-01	4.64e-04
 2.58731e+16	7.91e-01	2.08e-01	4.59e-04
 2.58747e+16	7.96e-01	2.03e-01	4.54e-04
 2.58763e+16	8.01e-01	1.98e-01	4.49e-04
 2.58778e+16	8.06e-01	1.94e-01	4.45e-04
 2.58793e+16	8.10e-01	1.89e-01	4.40e-04
 2.58808e+16	8.15e-01	1.85e-01	4.35e-04
 2.58822e+16	8.19e-01	1.81e-01	4.31e-04
 2.58836e+16	8.23e-01	1.77e-01	4.26e-04
 2.58850e+16	8.26e-01	1.73e-01	4.22e-04
 2.58863e+16	8.30e-01	1.69e-01	4.17e-04
 2.58877e+16	8.34e-01	1.66e-01	4.12e-04
 2.58890e+16	8.37e-01	1.62e-01	4.08e-04
 2.58903e+16	8.41e-01	1.59e-01	4.03e-04
 2.58917e+16	8.44e-01	1.55e-01	3.98e-04
 2.58930e+16	8.48e-01	1.52e-01	3.94e-04
 2.58944e+16	8.51e-01	1.48e-01	3.89e-04
 2.58958e+16	8.55e-01	1.45e-01	3.84e-04
 2.58972e+16	8.58e-01	1.42e-01	3.78e-04
 2.58987e+16	8.62e-01	1.38e-01	3.73e-04
 2.59002e+16	8.65e-01	1.35e-01	3.68e-04
 2.59019e+16	8.69e-01	1.31e-01	3.61e-04
 2.59039e+16	8.73e-01	1.26e-01	3.54e-04
 2.59060e+16	8.78e-01	1.22e-01	3.46e-04
 2.59083e+16	8.83e-01	1.17e-01	3.38e-04
 2.59104e+16	8.87e-01	1.13e-01	3.30e-04
 2.59124e+16	8.91e-01	1.09e-01	3.22e-04
 2.59143e+16	8.94e-01	1.05e-01	3.14e-04
 2.59162e+16	8.98e-01	1.02e-01	3.06e-04
 2.59179e+16	9.01e-01	9.87e-02	2.99e-04
 2.59195e+16	9.04e-01	9.58e-02	2.92e-04
 2.59210e+16	9.06e-01	9.33e-02	2.86e-04
 2.59223e+16	9.09e-01	9.10e-02	2.80e-04
 2.59235e+16	9.11e-01	8.89e-02	2.75e-04
 2.59246e+16	9.13e-01	8.71e-02	2.70e-04
 2.59256e+16	9.14e-01	8.54e-02	2.65e-04
 2.59267e+16	9.16e-01	8.36e-02	2.60e-04
 2.59279e+16	9.18e-01	8.18e-02	2.55e-04
 2.59290e+16	9.20e-01	8.01e-02	2.51e-04
 2.59300e+16	9.21e-01	7.86e-02	2.46e-04
 2.59309e+16	9.23e-01	7.72e-02	2.42e-04
 2.59318e+16	9.24e-01	7.58e-02	2.38e-04
 2.59329e+16	9.26e-01	7.42e-02	2.34e-04
 2.59338e+16	9.27e-01	7.28e-02	2.29e-04
 2.59347e+16	9.28e-01	7.16e-02	2.25e-04
 2.59355e+16	9.29e-01	7.04e-02	2.22e-04
 2.59364e+16	9.31e-01	6.92e-02	2.18e-04
 2.59373e+16	9.32e-01	6.79e-02	2.14e-04
 2.59382e+16	9.33e-01	6.67e-02	2.10e-04
 2.59390e+16	9.34e-01	6.57e-02	2.07e-04
 2.59397e+16	9.35e-01	6.47e-02	2.04e-04
 2.59404e+16	9.36e-01	6.37e-02	2.00e-04
 2.59413e+16	9.37e-01	6.26e-02	1.97e-04
 2.59420e+16	9.38e-01	6.16e-02	1.93e-04
 2.59427e+16	9.39e-01	6.07e-02	1.90e-04
 2.59435e+16	9.40e-01	5.97e-02	1.87e-04
 2.59443e+16	9.41e-01	5.87e-02	1.84e-04
 2.59451e+16	9.42e-01	5.78e-02	1.80e-04
 2.59458e+16	9.43e-01	5.70e-02	1.77e-04
 2.59465e+16	9.44e-01	5.61e-02	1.74e-04
 2.59473e+16	9.45e-01	5.51e-02	1.71e-04
 2.59480e+16	9.46e-01	5.43e-02	1.68e-04
 2.59487e+16	9.46e-01	5.35e-02	1.65e-04
 2.59494e+16	9.47e-01	5.26e-02	1.63e-04
 2.59502e+16	9.48e-01	5.18e-02	1.60e-04
 2.59509e+16	9.49e-01	5.10e-02	1.57e-04
 2.59516e+16	9.50e-01	5.03e-02	1.54e-04
 2.59523e+16	9.50e-01	4.95e-02	1.52e-04
 2.59531e+16	9.51e-01	4.87e-02	1.49e-04
 2.59538e+16	9.52e-01	4.80e-02	1.47e-04
 2.59544e+16	9.53e-01	4.74e-02	1.44e-04
 2.59551e+16	9.53e-01	4.67e-02	1.42e-04
 2.59559e+16	9.54e-01	4.59e-02	1.39e-04
 2.59566e+16	9.55e-01	4.53e-02	1.37e-04
 2.59572e+16	9.55e-01	4.47e-02	1.35e-04
 2.59579e+16	9.56e-01	4.40e-02	1.33e-04
 2.59586e+16	9.56e-01	4.34e-02	1.31e-04
 2.59593e+16	9.57e-01	4.28e-02	1.28e-04
 2.59600e+16	9.58e-01	4.21e-02	1.26e-04
 2.59608e+16	9.58e-01	4.15e-02	1.24e-04
 2.59616e+16	9.59e-01	4.09e-02	1.22e-04
 2.59624e+16	9.60e-01	4.03e-02	1.20e-04
 2.59632e+16	9.60e-01	3.96e-02	1.18e-04
 2.59640e+16	9.61e-01	3.91e-02	1.16e-04
 2.59649e+16	9.61e-01	3.84e-02	1.14e-04
 2.59658e+16	9.62e-01	3.78e-02	1.12e-04
 2.59666e+16	9.63e-01	3.72e-02	1.10e-04
 2.59675e+16	9.63e-01	3.66e-02	1.08e-04
 2.59685e+16	9.64e-01	3.59e-02	1.06e-04
 2.59694e+16	9.65e-01	3.54e-02	1.04e-04
 2.59704e+16	9.65e-01	3.47e-02	1.02e-04
 2.59715e+16	9.66e-01	3.41e-02	9.96e-05
 2.59725e+16	9.66e-01	3.36e-02	9.79e-05
 2.59736e+16	9.67e-01	3.29e-02	9.58e-05
 2.59747e+16	9.68e-01	3.23e-02	9.38e-05
 2.59758e+16	9.68e-01	3.18e-02	9.22e-05
 2.59769e+16	9.69e-01	3.12e-02	9.02e-05
 2.59781e+16	9.69e-01	3.06e-02	8.83e-05
 2.59793e+16	9.70e-01	3.01e-02	8.67e-05
 2.59805e+16	9.70e-01	2.95e-02	8.48e-05
 2.59819e+16	9.71e-01	2.90e-02	8.31e-05
 2.59831e+16	9.71e-01	2.85e-02	8.15e-05
 2.59844e+16	9.72e-01	2.80e-02	7.97e-05
 2.59858e+16	9.72e-01	2.74e-02	7.81e-05
 2.59872e+16	9.73e-01	2.70e-02	7.67e-05
 2.59886e+16	9.73e-01	2.65e-02	7.50e-05
 2.59901e+16	9.74e-01	2.60e-02	7.35e-05
 2.59915e+16	9.74e-01	2.55e-02	7.21e-05
 2.59931e+16	9.75e-01	2.51e-02	7.05e-05
 2.59948e+16	9.75e-01	2.46e-02	6.91e-05
 2.59963e+16	9.76e-01	2.42e-02	6.79e-05
 2.59979e+16	9.76e-01	2.38e-02	6.65e-05
 2.60001e+16	9.77e-01	2.32e-02	6.48e-05
 2.60024e+16	9.77e-01	2.27e-02	6.33e-05
 2.60046e+16	9.78e-01	2.23e-02	6.20e-05
 2.60065e+16	9.78e-01	2.19e-02	6.08e-05
 2.60086e+16	9.78e-01	2.15e-02	5.94e-05
 2.60114e+16	9.79e-01	2.10e-02	5.79e-05
 2.60143e+16	9.79e-01	2.06e-02	5.66e-05
 2.60170e+16	9.80e-01	2.02e-02	5.54e-05
 2.60200e+16	9.80e-01	1.98e-02	5.41e-05
 2.60239e+16	9.81e-01	1.93e-02	5.26e-05
 2.60280e+16	9.81e-01	1.89e-02	5.14e-05
 2.60318e+16	9.81e-01	1.86e-02	5.02e-05
 2.60360e+16	9.82e-01	1.82e-02	4.90e-05
 2.60414e+16	9.82e-01	1.78e-02	4.77e-05
 2.60472e+16	9.82e-01	1.75e-02	4.67e-05
 2.60525e+16	9.83e-01	1.72e-02	4.57e-05
 2.60583e+16	9.83e-01	1.69e-02	4.46e-05
 2.60658e+16	9.83e-01	1.66e-02	4.36e-05
 2.60757e+16	9.84e-01	1.62e-02	4.24e-05
 2.60862e+16	9.84e-01	1.59e-02	4.14e-05
 2.60979e+16	9.84e-01	1.57e-02	4.03e-05
 2.61129e+16	9.85e-01	1.54e-02	3.91e-05
 2.61326e+16	9.85e-01	1.50e-02	3.77e-05
 2.61537e+16	9.85e-01	1.47e-02	3.64e-05
 2.61770e+16	9.86e-01	1.44e-02	3.50e-05
 2.62071e+16	9.86e-01	1.41e-02	3.34e-05
 2.62397e+16	9.86e-01	1.37e-02	3.18e-05
 2.62693e+16	9.87e-01	1.34e-02	3.05e-05
 2.62963e+16	9.87e-01	1.31e-02	2.93e-05
 2.63259e+16	9.87e-01	1.28e-02	2.80e-05
 2.63578e+16	9.87e-01	1.25e-02	2.68e-05
 2.63868e+16	9.88e-01	1.23e-02	2.57e-05
 2.64187e+16	9.88e-01	1.20e-02	2.46e-05
 2.64530e+16	9.88e-01	1.17e-02	2.34e-05
 2.64843e+16	9.89e-01	1.15e-02	2.25e-05
 2.65185e+16	9.89e-01	1.12e-02	2.14e-05
 2.65555e+16	9.89e-01	1.09e-02	2.04e-05
 2.65892e+16	9.89e-01	1.06e-02	1.95e-05
 2.66260e+16	9.90e-01	1.04e-02	1.85e-05
 2.66659e+16	9.90e-01	1.01e-02	1.76e-05
 2.67021e+16	9.90e-01	9.86e-03	1.68e-05
 2.67418e+16	9.90e-01	9.60e-03	1.60e-05
 2.67846e+16	9.91e-01	9.33e-03	1.51e-05
 2.68236e+16	9.91e-01	9.11e-03	1.44e-05
 2.68664e+16	9.91e-01	8.85e-03	1.36e-05
 2.69125e+16	9.91e-01	8.60e-03	1.29e-05
 2.69545e+16	9.92e-01	8.38e-03	1.23e-05
 2.70005e+16	9.92e-01	8.14e-03	1.16e-05
 2.70603e+16	9.92e-01	7.83e-03	1.07e-05
 2.71308e+16	9.92e-01	7.50e-03	9.87e-06
 2.72042e+16	9.93e-01	7.18e-03	9.06e-06
 2.72786e+16	9.93e-01	6.88e-03	8.32e-06
 2.73556e+16	9.93e-01	6.58e-03	7.62e-06
 2.74360e+16	9.94e-01	6.28e-03	6.97e-06
 2.75194e+16	9.94e-01	5.99e-03	6.35e-06
 2.76057e+16	9.94e-01	5.71e-03	5.78e-06
 2.76946e+16	9.95e-01	5.44e-03	5.26e-06
 2.77852e+16	9.95e-01	5.19e-03	4.78e-06
 2.78772e+16	9.95e-01	4.94e-03	4.34e-06
 2.79711e+16	9.95e-01	4.71e-03	3.94e-06
 2.80668e+16	9.96e-01	4.48e-03	3.58e-06
 2.81644e+16	9.96e-01	4.26e-03	3.24e-06
 2.82638e+16	9.96e-01	4.06e-03	2.94e-06
 2.83650e+16	9.96e-01	3.86e-03	2.66e-06
 2.84669e+16	9.96e-01	3.67e-03	2.41e-06
 2.85702e+16	9.97e-01	3.49e-03	2.19e-06
 2.86772e+16	9.97e-01	3.32e-03	1.97e-06
 2.87869e+16	9.97e-01	3.15e-03	1.78e-06
 2.88982e+16	9.97e-01	2.99e-03	1.61e-06
 2.90114e+16	9.97e-01	2.84e-03	1.45e-06
 2.91270e+16	9.97e-01	2.69e-03	1.30e-06
 2.92450e+16	9.97e-01	2.55e-03	1.17e-06
 2.93652e+16	9.98e-01	2.42e-03	1.05e-06
 2.94876e+16	9.98e-01	2.29e-03	9.45e-07
 2.96125e+16	9.98e-01	2.17e-03	8.47e-07
 2.97400e+16	9.98e-01	2.05e-03	7.58e-07
 2.98703e+16	9.98e-01	1.94e-03	6.78e-07
 3.00033e+16	9.98e-01	1.84e-03	6.05e-07
 3.01391e+16	9.98e-01	1.73e-03	5.40e-07
 3.02779e+16	9.98e-01	1.64e-03	4.80e-07
 3.04197e+16	9.98e-01	1.54e-03	4.27e-07
 3.05648e+16	9.99e-01	1.45e-03	3.79e-07
 3.07132e+16	9.99e-01	1.37e-03	3.36e-07
 3.08652e+16	9.99e-01	1.29e-03	2.97e-07
 3.10209e+16	9.99e-01	1.21e-03	2.62e-07
 3.11805e+16	9.99e-01	1.14e-03	2.31e-07
 3.13441e+16	9.99e-01	1.06e-03	2.02e-07
 3.15122e+16	9.99e-01	9.98e-04	1.78e-07
 3.16851e+16	9.99e-01	9.33e-04	1.55e-07
 3.18630e+16	9.99e-01	8.73e-04	1.35e-07
 3.20461e+16	9.99e-01	8.14e-04	1.18e-07
 3.22349e+16	9.99e-01	7.59e-04	1.02e-07
 3.24258e+16	9.99e-01	7.07e-04	8.84e-08
 3.26221e+16	9.99e-01	6.58e-04	7.62e-08
 3.28304e+16	9.99e-01	6.10e-04	6.52e-08
 3.30483e+16	9.99e-01	5.63e-04	5.55e-08
 3.32737e+16	9.99e-01	5.20e-04	4.71e-08
 3.35074e+16	1.00e+00	4.78e-04	3.97e-08
 3.37515e+16	1.00e+00	4.39e-04	3.32e-08
 3.40075e+16	1.00e+00	4.01e-04	2.76e-08
 3.42770e+16	1.00e+00	3.65e-04	2.28e-08
 3.45610e+16	1.00e+00	3.31e-04	1.86e-08
 3.48623e+16	1.00e+00	2.99e-04	1.50e-08
 3.51808e+16	1.00e+00	2.68e-04	1.20e-08
 3.55209e+16	1.00e+00	2.39e-04	9.49e-09
 3.58889e+16	1.00e+00	2.11e-04	7.36e-09
 3.62859e+16	1.00e+00	1.85e-04	5.60e-09
 3.67178e+16	1.00e+00	1.60e-04	4.17e-09
 3.71939e+16	1.00e+00	1.37e-04	3.01e-09
 3.77259e+16	1.00e+00	1.15e-04	2.10e-09
 3.83300e+16	1.00e+00	9.44e-05	1.40e-09
 3.90315e+16	1.00e+00	7.50e-05	8.78e-10
 3.98191e+16	1.00e+00	5.81e-05	5.24e-10
 4.06354e+16	1.00e+00	4.47e-05	3.11e-10
 4.14505e+16	1.00e+00	3.44e-05	1.85e-10
 4.22714e+16	1.00e+00	2.65e-05	1.10e-10
 4.31117e+16	1.00e+00	2.03e-05	6.53e-11
 4.39852e+16	1.00e+00	1.55e-05	3.82e-11
 4.48918e+16	1.00e+00	1.17e-05	2.21e-11
 4.58282e+16	1.00e+00	8.80e-06	1.27e-11
 4.68014e+16	1.00e+00	6.59e-06	7.23e-12
 4.78211e+16	1.00e+00	4.90e-06	4.05e-12
 4.88922e+16	1.00e+00	3.61e-06	2.23e-12
 5.00209e+16	1.00e+00	2.63e-06	1.21e-12
 5.12191e+16	1.00e+00	1.90e-06	6.38e-13
 5.24996e+16	1.00e+00	1.35e-06	3.29e-13
 5.38737e+16	1.00e+00	9.50e-07	1.64e-13
 5.53537e+16	1.00e+00	6.55e-07	7.92e-14
 5.69050e+16	1.00e+00	4.50e-07	3.79e-14
 5.84710e+16	1.00e+00	3.12e-07	1.84e-14
 6.00371e+16	1.00e+00	2.18e-07	9.09e-15
 6.16031e+16	1.00e+00	1.54e-07	4.58e-15
 6.31692e+16	1.00e+00	1.10e-07	2.35e-15
 6.47352e+16	1.00e+00	7.92e-08	1.22e-15
 6.63013e+16	1.00e+00	5.75e-08	6.48e-16
 6.78673e+16	1.00e+00	4.20e-08	3.49e-16
 6.94333e+16	1.00e+00	3.10e-08	1.90e-16
 7.09994e+16	1.00e+00	2.30e-08	1.05e-16
 7.25654e+16	1.00e+00	1.72e-08	5.90e-17
 7.41315e+16	1.00e+00	1.29e-08	3.35e-17
 7.59324e+16	1.00e+00	9.31e-09	1.74e-17
 7.79989e+16	1.00e+00	6.51e-09	8.55e-18
 8.00961e+16	1.00e+00	4.58e-09	4.25e-18
 8.23445e+16	1.00e+00	3.16e-09	2.02e-18
 8.47795e+16	1.00e+00	2.15e-09	9.38e-19
 8.72496e+16	1.00e+00	1.47e-09	4.41e-19
 8.97198e+16	1.00e+00	1.02e-09	2.12e-19
 9.22831e+16	1.00e+00	7.00e-10	1.00e-19
 9.49787e+16	1.00e+00	4.79e-10	4.70e-20
 9.77533e+16	1.00e+00	3.27e-10	2.20e-20
 1.00582e+17	1.00e+00	2.25e-10	1.04e-20
 1.03424e+17	1.00e+00	1.56e-10	4.99e-21
 1.06266e+17	1.00e+00	1.09e-10	0.00e+00
 1.09108e+17	1.00e+00	7.68e-11	0.00e+00
 1.11950e+17	1.00e+00	5.47e-11	0.00e+00
 1.14792e+17	1.00e+00	3.93e-11	0.00e+00
 1.17634e+17	1.00e+00	2.85e-11	0.00e+00
 1.20476e+17	1.00e+00	2.08e-11	0.00e+00
 1.23462e+17	1.00e+00	1.51e-11	0.00e+00
 1.26592e+17	1.00e+00	1.09e-11	0.00e+00
 1.29721e+17	1.00e+00	7.94e-12	0.00e+00
 1.32851e+17	1.00e+00	5.88e-12	0.00e+00
 1.35981e+17	1.00e+00	4.41e-12	0.00e+00
 1.39111e+17	1.00e+00	3.36e-12	0.00e+00
 1.42241e+17	1.00e+00	2.60e-12	0.00e+00
 1.45371e+17	1.00e+00	2.05e-12	0.00e+00
 1.48653e+17	1.00e+00	1.62e-12	0.00e+00
 1.52132e+17	1.00e+00	1.30e-12	0.00e+00
 1.55568e+17	1.00e+00	1.07e-12	0.00e+00
 1.58812e+17	1.00e+00	9.12e-13	0.00e+00
 1.61881e+17	1.00e+00	8.06e-13	0.00e+00
 1.64832e+17	1.00e+00	7.30e-13	0.00e+00
 1.67688e+17	1.00e+00	6.73e-13	0.00e+00
 1.70434e+17	1.00e+00	6.31e-13	0.00e+00
 1.73047e+17	1.00e+00	6.00e-13	0.00e+00
 1.75518e+17	1.00e+00	5.77e-13	0.00e+00
 1.77859e+17	1.00e+00	5.60e-13	0.00e+00
 1.80083e+17	1.00e+00	5.48e-13	0.00e+00
 1.82196e+17	1.00e+00	5.39e-13	0.00e+00
 1.84197e+17	1.00e+00	5.31e-13	0.00e+00
 1.86090e+17	1.00e+00	5.26e-13	0.00e+00
 1.87879e+17	1.00e+00	5.22e-13	0.00e+00
 1.89571e+17	1.00e+00	5.19e-13	0.00e+00
 1.91172e+17	1.00e+00	5.17e-13	0.00e+00
 1.92687e+17	1.00e+00	5.15e-13	0.00e+00
 1.94122e+17	1.00e+00	5.14e-13	0.00e+00
 1.95480e+17	1.00e+00	5.13e-13	0.00e+00
 1.96764e+17	1.00e+00	5.13e-13	0.00e+00
 1.97981e+17	1.00e+00	5.13e-13	0.00e+00
 1.99133e+17	1.00e+00	5.12e-13	0.00e+00
 2.00226e+17	1.00e+00	5.12e-13	0.00e+00
 2.01261e+17	1.00e+00	5.12e-13	0.00e+00
 2.02243e+17	1.00e+00	5.12e-13	0.00e+00
 2.03174e+17	1.00e+00	5.13e-13	0.00e+00
 2.04057e+17	1.00e+00	5.13e-13	0.00e+00
 2.04896e+17	1.00e+00	5.13e-13	0.00e+00
 2.05693e+17	1.00e+00	5.13e-13	0.00e+00
 2.06451e+17	1.00e+00	5.13e-13	0.00e+00
 2.07171e+17	1.00e+00	5.14e-13	0.00e+00
 2.07856e+17	1.00e+00	5.14e-13	0.00e+00
 2.08508e+17	1.00e+00	5.14e-13	0.00e+00
 2.09129e+17	1.00e+00	5.14e-13	0.00e+00
 2.09720e+17	1.00e+00	5.14e-13	0.00e+00
 2.10285e+17	1.00e+00	5.15e-13	0.00e+00
 2.10823e+17	1.00e+00	5.15e-13	0.00e+00
 2.11337e+17	1.00e+00	5.15e-13	0.00e+00
 2.11828e+17	1.00e+00	5.15e-13	0.00e+00
 2.12298e+17	1.00e+00	5.15e-13	0.00e+00
 2.12749e+17	1.00e+00	5.15e-13	0.00e+00
 2.13180e+17	1.00e+00	5.15e-13	0.00e+00
 2.13595e+17	1.00e+00	5.16e-13	0.00e+00
 2.13993e+17	1.00e+00	5.16e-13	0.00e+00
 2.14376e+17	1.00e+00	5.16e-13	0.00e+00
 2.14745e+17	1.00e+00	5.16e-13	0.00e+00
 2.15102e+17	1.00e+00	5.16e-13	0.00e+00
 2.15447e+17	1.00e+00	5.16e-13	0.00e+00
 2.15782e+17	1.00e+00	5.16e-13	0.00e+00
 2.16107e+17	1.00e+00	5.16e-13	0.00e+00
 2.16424e+17	1.00e+00	5.16e-13	0.00e+00
 2.16735e+17	1.00e+00	5.16e-13	0.00e+00
 2.17039e+17	1.00e+00	5.16e-13	0.00e+00
 2.17338e+17	1.00e+00	5.16e-13	0.00e+00
 2.17634e+17	1.00e+00	5.16e-13	0.00e+00
 2.17928e+17	1.00e+00	5.16e-13	0.00e+00
 2.18222e+17	1.00e+00	5.16e-13	0.00e+00
 2.18517e+17	1.00e+00	5.16e-13	0.00e+00
 2.18815e+17	1.00e+00	5.15e-13	0.00e+00
 2.19119e+17	1.00e+00	5.15e-13	0.00e+00
 2.19431e+17	1.00e+00	5.15e-13	0.00e+00
 2.19755e+17	1.00e+00	5.15e-13	0.00e+00
 2.20095e+17	1.00e+00	5.14e-13	0.00e+00
 2.20456e+17	1.00e+00	5.14e-13	0.00e+00
 2.20847e+17	1.00e+00	5.13e-13	0.00e+00
 2.21275e+17	1.00e+00	5.12e-13	0.00e+00
 2.21754e+17	1.00e+00	5.11e-13	0.00e+00
 2.22303e+17	1.00e+00	5.10e-13	0.00e+00
 2.22948e+17	1.00e+00	5.08e-13	0.00e+00
 2.23730e+17	1.00e+00	5.05e-13	0.00e+00
 2.24710e+17	1.00e+00	5.01e-13	0.00e+00
 2.25974e+17	1.00e+00	4.94e-13	0.00e+00
 2.27616e+17	1.00e+00	4.83e-13	0.00e+00
 2.29751e+17	1.00e+00	4.66e-13	0.00e+00
 2.32526e+17	1.00e+00	4.42e-13	0.00e+00
 2.36134e+17	1.00e+00	4.09e-13	0.00e+00
 2.40824e+17	1.00e+00	3.67e-13	0.00e+00
 2.46921e+17	1.00e+00	3.15e-13	0.00e+00
 2.54848e+17	1.00e+00	2.56e-13	0.00e+00
 2.64515e+17	1.00e+00	1.93e-13	0.00e+00
 2.75095e+17	1.00e+00	1.52e-13	0.00e+00
 2.86099e+17	1.00e+00	1.35e-13	0.00e+00
 2.97543e+17	1.00e+00	1.21e-13	0.00e+00
 3.09445e+17	1.00e+00	1.09e-13	0.00e+00
 3.21823e+17	1.00e+00	9.63e-14	0.00e+00
 3.34696e+17	1.00e+00	8.45e-14	0.00e+00
 3.48084e+17	1.00e+00	7.34e-14	0.00e+00
 3.62007e+17	1.00e+00	6.29e-14	0.00e+00
 3.75832e+17	1.00e+00	5.32e-14	0.00e+00
 3.88458e+17	1.00e+00	5.21e-14	0.00e+00
 3.99591e+17	1.00e+00	5.70e-14	0.00e+00
 4.09759e+17	1.00e+00	6.04e-14	0.00e+00
 4.19490e+17	1.00e+00	5.89e-14	0.00e+00
 4.28831e+17	1.00e+00	5.47e-14	0.00e+00
 4.37428e+17	1.00e+00	5.12e-14	0.00e+00
 4.44977e+17	1.00e+00	4.98e-14	0.00e+00
 4.51513e+17	1.00e+00	4.93e-14	0.00e+00
 4.56707e+17	1.00e+00	4.81e-14	0.00e+00
 4.60111e+17	1.00e+00	4.96e-14	0.00e+00
 4.62099e+17	1.00e+00	5.19e-14	0.00e+00
 4.63279e+17	1.00e+00	5.33e-14	0.00e+00
 4.63987e+17	1.00e+00	5.42e-14	0.00e+00
 4.64422e+17	1.00e+00	5.47e-14	0.00e+00
 4.64745e+17	1.00e+00	5.50e-14	0.00e+00
 4.65097e+17	1.00e+00	5.52e-14	0.00e+00
 4.65534e+17	1.00e+00	5.54e-14	0.00e+00
 4.65986e+17	1.00e+00	5.55e-14	0.00e+00
 4.66361e+17	1.00e+00	5.55e-14	0.00e+00
 4.66664e+17	1.00e+00	5.55e-14	0.00e+00
 4.66943e+17	1.00e+00	5.55e-14	0.00e+00
 4.67220e+17	1.00e+00	5.55e-14	0.00e+00
 4.67499e+17	1.00e+00	5.54e-14	0.00e+00
 4.67758e+17	1.00e+00	5.53e-14	0.00e+00
 4.67991e+17	1.00e+00	5.52e-14	0.00e+00
 4.68216e+17	1.00e+00	5.51e-14	0.00e+00
 4.68440e+17	1.00e+00	5.50e-14	0.00e+00
 4.68652e+17	1.00e+00	5.49e-14	0.00e+00
 4.68852e+17	1.00e+00	5.47e-14	0.00e+00
 4.69040e+17	1.00e+00	5.46e-14	0.00e+00
 4.69221e+17	1.00e+00	5.45e-14	0.00e+00
 4.69400e+17	1.00e+00	5.43e-14	0.00e+00
 4.69574e+17	1.00e+00	5.42e-14	0.00e+00
 4.69740e+17	1.00e+00	5.40e-14	0.00e+00
 4.69900e+17	1.00e+00	5.39e-14	0.00e+00
 4.70055e+17	1.00e+00	5.37e-14	0.00e+00
 4.70207e+17	1.00e+00	5.36e-14	0.00e+00
 4.70354e+17	1.00e+00	5.34e-14	0.00e+00
 4.70499e+17	1.00e+00	5.33e-14	0.00e+00
 4.70643e+17	1.00e+00	5.31e-14	0.00e+00
 4.70780e+17	1.00e+00	5.29e-14	0.00e+00
 4.70913e+17	1.00e+00	5.28e-14	0.00e+00
 4.71053e+17	1.00e+00	5.26e-14	0.00e+00
 4.71197e+17	1.00e+00	5.24e-14	0.00e+00
 4.71337e+17	1.00e+00	5.22e-14	0.00e+00
 4.71470e+17	1.00e+00	5.20e-14	0.00e+00
 4.71601e+17	1.00e+00	5.18e-14	0.00e+00
 4.71736e+17	1.00e+00	5.16e-14	0.00e+00
 4.71879e+17	1.00e+00	5.14e-14	0.00e+00
 4.72025e+17	1.00e+00	5.12e-14	0.00e+00
 4.72164e+17	1.00e+00	5.10e-14	0.00e+00
 4.72301e+17	1.00e+00	5.07e-14	0.00e+00
 4.72443e+17	1.00e+00	5.05e-14	0.00e+00
 4.72593e+17	1.00e+00	5.03e-14	0.00e+00
 4.72741e+17	1.00e+00	5.00e-14	0.00e+00
 4.72890e+17	1.00e+00	4.98e-14	0.00e+00
 4.73058e+17	1.00e+00	4.95e-14	0.00e+00
 4.73235e+17	1.00e+00	4.91e-14	0.00e+00
 4.73396e+17	1.00e+00	4.88e-14	0.00e+00
 4.73545e+17	1.00e+00	4.86e-14	0.00e+00
 4.73708e+17	1.00e+00	4.83e-14	0.00e+00
 4.73894e+17	1.00e+00	4.79e-14	0.00e+00
 4.74084e+17	1.00e+00	4.76e-14	0.00e+00
 4.74262e+17	1.00e+00	4.72e-14	0.00e+00
 4.74434e+17	1.00e+00	4.69e-14	0.00e+00
 4.74621e+17	1.00e+00	4.65e-14	0.00e+00
 4.74831e+17	1.00e+00	4.61e-14	0.00e+00
 4.75049e+17	1.00e+00	4.57e-14	0.00e+00
 4.75255e+17	1.00e+00	4.52e-14	0.00e+00
 4.75455e+17	1.00e+00	4.48e-14	0.00e+00
 4.75666e+17	1.00e+00	4.44e-14	0.00e+00
 4.75893e+17	1.00e+00	4.39e-14	0.00e+00
 4.76133e+17	1.00e+00	4.34e-14	0.00e+00
 4.76377e+17	1.00e+00	4.29e-14	0.00e+00
 4.76620e+17	1.00e+00	4.24e-14	0.00e+00
 4.76863e+17	1.00e+00	4.19e-14	0.00e+00
 4.77102e+17	1.00e+00	4.14e-14	0.00e+00
 4.77368e+17	1.00e+00	4.08e-14	0.00e+00
 4.77668e+17	1.00e+00	4.02e-14	0.00e+00
 4.77961e+17	1.00e+00	3.95e-14	0.00e+00
 4.78243e+17	1.00e+00	3.89e-14	0.00e+00
 4.78521e+17	1.00e+00	3.83e-14	0.00e+00
 4.78814e+17	1.00e+00	3.77e-14	0.00e+00
 4.79141e+17	1.00e+00	3.70e-14	0.00e+00
 4.79481e+17	1.00e+00	3.62e-14	0.00e+00
 4.79799e+17	1.00e+00	3.55e-14	0.00e+00
 4.80121e+17	1.00e+00	3.49e-14	0.00e+00
 4.80479e+17	1.00e+00	3.41e-14	0.00e+00
 4.80837e+17	1.00e+00	3.33e-14	0.00e+00
 4.81194e+17	1.00e+00	3.26e-14	0.00e+00
 4.81565e+17	1.00e+00	3.18e-14	0.00e+00
 4.81949e+17	1.00e+00	3.10e-14	0.00e+00
 4.82346e+17	1.00e+00	3.02e-14	0.00e+00
 4.82746e+17	1.00e+00	2.93e-14	0.00e+00
 4.83151e+17	1.00e+00	2.85e-14	0.00e+00
 4.83561e+17	1.00e+00	2.77e-14	0.00e+00
 4.83983e+17	1.00e+00	2.68e-14	0.00e+00
 4.84420e+17	1.00e+00	2.60e-14	0.00e+00
 4.84873e+17	1.00e+00	2.51e-14	0.00e+00
 4.85335e+17	1.00e+00	2.42e-14	0.00e+00
 4.85799e+17	1.00e+00	2.33e-14	0.00e+00
 4.86268e+17	1.00e+00	2.25e-14	0.00e+00
 4.86752e+17	1.00e+00	2.16e-14	0.00e+00
 4.87246e+17	1.00e+00	2.07e-14	0.00e+00
 4.87758e+17	1.00e+00	1.98e-14	0.00e+00
 4.88283e+17	1.00e+00	1.89e-14	0.00e+00
 4.88815e+17	1.00e+00	1.80e-14	0.00e+00
 4.89357e+17	1.00e+00	1.72e-14	0.00e+00
 4.89900e+17	1.00e+00	1.63e-14	0.00e+00
 4.90454e+17	1.00e+00	1.55e-14	0.00e+00
 4.91032e+17	1.00e+00	1.46e-14	0.00e+00
 4.91632e+17	1.00e+00	1.38e-14	0.00e+00
 4.92257e+17	1.00e+00	1.30e-14	0.00e+00
 4.92891e+17	1.00e+00	1.21e-14	0.00e+00
 4.93530e+17	1.00e+00	1.14e-14	0.00e+00
 4.94195e+17	1.00e+00	1.06e-14	0.00e+00
 4.94885e+17	1.00e+00	9.81e-15	0.00e+00
 4.95577e+17	1.00e+00	9.06e-15	0.00e+00
 4.96212e+17	1.00e+00	8.38e-15	0.00e+00
 4.96755e+17	1.00e+00	7.83e-15	0.00e+00
 4.97233e+17	1.00e+00	7.38e-15	0.00e+00
 4.97686e+17	1.00e+00	6.99e-15	0.00e+00
 4.98136e+17	1.00e+00	6.62e-15	0.00e+00
 4.98575e+17	1.00e+00	6.26e-15	0.00e+00
 4.98987e+17	1.00e+00	5.94e-15	0.00e+00
 4.99369e+17	1.00e+00	5.65e-15	0.00e+00
 4.99732e+17	1.00e+00	5.39e-15	0.00e+00
 5.00085e+17	1.00e+00	5.15e-15	0.00e+00
 5.00429e+17	1.00e+00	4.91e-15	0.00e+00
 5.00761e+17	1.00e+00	4.70e-15	0.00e+00
 5.01078e+17	1.00e+00	4.49e-15	0.00e+00
 5.01382e+17	1.00e+00	4.31e-15	0.00e+00
 5.01675e+17	1.00e+00	4.13e-15	0.00e+00
 5.01959e+17	1.00e+00	3.97e-15	0.00e+00
 5.02235e+17	1.00e+00	3.81e-15	0.00e+00
 5.02501e+17	1.00e+00	3.66e-15	0.00e+00
 5.02758e+17	1.00e+00	3.52e-15	0.00e+00
 5.03006e+17	1.00e+00	3.38e-15	0.00e+00
 5.03246e+17	1.00e+00	3.26e-15	0.00e+00
 5.03480e+17	1.00e+00	3.14e-15	0.00e+00
 5.03708e+17	1.00e+00	3.03e-15	0.00e+00
 5.03931e+17	1.00e+00	2.92e-15	0.00e+00
 5.04147e+17	1.00e+00	2.82e-15	0.00e+00
 5.04354e+17	1.00e+00	2.72e-15	0.00e+00
 5.04557e+17	1.00e+00	2.63e-15	0.00e+00
 5.04755e+17	1.00e+00	2.54e-15	0.00e+00
 5.04948e+17	1.00e+00	2.46e-15	0.00e+00
 5.05138e+17	1.00e+00	2.38e-15	0.00e+00
 5.05353e+17	1.00e+00	2.30e-15	0.00e+00
 5.05633e+17	1.00e+00	2.21e-15	0.00e+00
 5.05998e+17	1.00e+00	2.08e-15	0.00e+00
 5.06471e+17	1.00e+00	1.93e-15	0.00e+00
 5.07087e+17	1.00e+00	1.75e-15	0.00e+00
 5.07887e+17	1.00e+00	1.53e-15	0.00e+00
 5.08825e+17	1.00e+00	1.29e-15	0.00e+00
 5.09703e+17	1.00e+00	1.06e-15	0.00e+00
 5.10383e+17	1.00e+00	9.09e-16	0.00e+00
 5.10908e+17	1.00e+00	8.11e-16	0.00e+00
 5.11404e+17	1.00e+00	7.36e-16	0.00e+00
 5.11957e+17	1.00e+00	6.62e-16	0.00e+00
 5.12567e+17	1.00e+00	5.88e-16	0.00e+00
 5.13183e+17	1.00e+00	5.17e-16	0.00e+00
 5.13762e+17	1.00e+00	4.57e-16	0.00e+00
 5.14303e+17	1.00e+00	4.08e-16	0.00e+00
 5.14844e+17	1.00e+00	3.66e-16	0.00e+00
