#depth	N	N+	N+2	N+3	N+4	N+5	N+6	N+7
 1.49634e+10	0.00e+00	0.00e+00	2.09e-28	1.11e-18	6.10e-10	9.82e-01	1.75e-02	0.00e+00
 4.54887e+10	0.00e+00	1.21e-38	2.66e-28	1.30e-18	6.61e-10	9.84e-01	1.63e-02	8.34e-08
 7.72350e+10	0.00e+00	0.00e+00	3.38e-28	1.52e-18	7.17e-10	9.85e-01	1.49e-02	0.00e+00
 1.10251e+11	0.00e+00	2.28e-38	4.29e-28	1.79e-18	7.77e-10	9.86e-01	1.38e-02	0.00e+00
 1.44588e+11	0.00e+00	0.00e+00	5.44e-28	2.10e-18	8.41e-10	9.87e-01	1.27e-02	0.00e+00
 1.80298e+11	0.00e+00	4.30e-38	6.91e-28	2.46e-18	9.12e-10	9.88e-01	1.17e-02	0.00e+00
 2.17437e+11	0.00e+00	0.00e+00	8.78e-28	2.89e-18	9.88e-10	9.89e-01	1.08e-02	0.00e+00
 2.56061e+11	0.00e+00	8.12e-38	1.11e-27	3.39e-18	1.07e-09	9.90e-01	9.98e-03	0.00e+00
 2.96231e+11	0.00e+00	0.00e+00	1.42e-27	3.97e-18	1.16e-09	9.91e-01	9.20e-03	0.00e+00
 3.38007e+11	0.00e+00	1.54e-37	1.80e-27	4.66e-18	1.26e-09	9.92e-01	8.48e-03	0.00e+00
 3.81454e+11	0.00e+00	0.00e+00	2.29e-27	5.48e-18	1.36e-09	9.92e-01	7.82e-03	0.00e+00
 4.26639e+11	0.00e+00	2.91e-37	2.91e-27	6.43e-18	1.48e-09	9.93e-01	7.20e-03	0.00e+00
 4.73631e+11	0.00e+00	0.00e+00	3.70e-27	7.55e-18	1.60e-09	9.93e-01	6.64e-03	0.00e+00
 5.18349e+11	0.00e+00	5.37e-37	4.61e-27	8.74e-18	1.73e-09	9.94e-01	6.16e-03	0.00e+00
 5.59184e+11	0.00e+00	0.00e+00	5.60e-27	9.96e-18	1.84e-09	9.94e-01	5.76e-03	0.00e+00
 6.05352e+11	0.00e+00	9.25e-37	6.94e-27	1.15e-17	1.98e-09	9.95e-01	5.35e-03	0.00e+00
 6.59039e+11	0.00e+00	0.00e+00	8.81e-27	1.35e-17	2.15e-09	9.95e-01	4.93e-03	0.00e+00
 7.12147e+11	0.00e+00	1.72e-36	1.11e-26	1.57e-17	2.32e-09	9.95e-01	4.56e-03	0.00e+00
 7.63051e+11	4.24e-47	2.28e-36	1.37e-26	1.81e-17	2.49e-09	9.96e-01	4.24e-03	0.00e+00
 8.19173e+11	0.00e+00	0.00e+00	1.71e-26	2.10e-17	2.68e-09	9.96e-01	3.93e-03	0.00e+00
 8.81867e+11	0.00e+00	4.26e-36	2.19e-26	2.47e-17	2.91e-09	9.96e-01	3.62e-03	0.00e+00
 9.45533e+11	1.37e-46	5.84e-36	2.77e-26	2.90e-17	3.15e-09	9.97e-01	3.33e-03	0.00e+00
 1.01175e+12	0.00e+00	0.00e+00	3.52e-26	3.40e-17	3.42e-09	9.97e-01	3.07e-03	0.00e+00
 1.08214e+12	0.00e+00	1.11e-35	4.50e-26	4.01e-17	3.71e-09	9.97e-01	2.83e-03	0.00e+00
 1.15536e+12	4.58e-46	1.54e-35	5.75e-26	4.72e-17	4.03e-09	9.97e-01	2.60e-03	0.00e+00
 1.22613e+12	0.00e+00	0.00e+00	7.22e-26	5.50e-17	4.35e-09	9.98e-01	2.40e-03	0.00e+00
 1.29251e+12	0.00e+00	2.74e-35	8.89e-26	6.32e-17	4.67e-09	9.98e-01	2.24e-03	0.00e+00
 1.36692e+12	1.37e-45	3.70e-35	1.11e-25	7.36e-17	5.04e-09	9.98e-01	2.07e-03	0.00e+00
 1.45152e+12	0.00e+00	0.00e+00	1.43e-25	8.69e-17	5.48e-09	9.98e-01	1.90e-03	0.00e+00
 1.53533e+12	0.00e+00	7.04e-35	1.81e-25	1.02e-16	5.93e-09	9.98e-01	1.76e-03	0.00e+00
 1.62249e+12	4.54e-45	9.65e-35	2.30e-25	1.19e-16	6.43e-09	9.98e-01	1.62e-03	0.00e+00
 1.71732e+12	0.00e+00	0.00e+00	2.95e-25	1.41e-16	6.99e-09	9.99e-01	1.48e-03	0.00e+00
 1.81300e+12	0.00e+00	1.86e-34	3.76e-25	1.66e-16	7.60e-09	9.99e-01	1.37e-03	0.00e+00
 1.91250e+12	1.54e-44	2.57e-34	4.80e-25	1.96e-16	8.25e-09	9.99e-01	1.26e-03	0.00e+00
 2.01893e+12	0.00e+00	3.59e-34	6.19e-25	2.32e-16	8.99e-09	9.99e-01	1.15e-03	0.00e+00
 2.12961e+12	3.55e-44	5.02e-34	7.98e-25	2.76e-16	9.80e-09	9.99e-01	1.06e-03	0.00e+00
 2.24472e+12	0.00e+00	7.02e-34	1.03e-24	3.27e-16	1.07e-08	9.99e-01	9.67e-04	0.00e+00
 2.36444e+12	8.22e-44	9.85e-34	1.33e-24	3.89e-16	1.17e-08	9.99e-01	8.86e-04	0.00e+00
 2.48894e+12	0.00e+00	1.38e-33	1.72e-24	4.62e-16	1.27e-08	9.99e-01	8.11e-04	0.00e+00
 2.61503e+12	1.89e-43	1.92e-33	2.21e-24	5.47e-16	1.39e-08	9.99e-01	7.44e-04	0.00e+00
 2.74616e+12	0.00e+00	2.68e-33	2.84e-24	6.49e-16	1.51e-08	9.99e-01	6.82e-04	0.00e+00
 2.88593e+12	4.37e-43	3.78e-33	3.69e-24	7.74e-16	1.66e-08	9.99e-01	6.23e-04	0.00e+00
 3.03129e+12	0.00e+00	5.32e-33	4.79e-24	9.24e-16	1.81e-08	9.99e-01	5.69e-04	0.00e+00
 3.18247e+12	1.03e-42	7.50e-33	6.22e-24	1.10e-15	1.99e-08	9.99e-01	5.19e-04	0.00e+00
 3.33970e+12	0.00e+00	1.06e-32	8.09e-24	1.32e-15	2.18e-08	1.00e+00	4.74e-04	0.00e+00
 3.50321e+12	2.41e-42	1.49e-32	1.05e-23	1.58e-15	2.39e-08	1.00e+00	4.32e-04	0.00e+00
 3.65214e+12	0.00e+00	2.02e-32	1.33e-23	1.85e-15	2.59e-08	1.00e+00	3.98e-04	0.00e+00
 3.77779e+12	4.78e-42	2.60e-32	1.61e-23	2.11e-15	2.77e-08	1.00e+00	3.73e-04	0.00e+00
 3.91598e+12	0.00e+00	3.38e-32	1.97e-23	2.42e-15	2.97e-08	1.00e+00	3.47e-04	0.00e+00
 4.08894e+12	9.87e-42	4.66e-32	2.52e-23	2.87e-15	3.24e-08	1.00e+00	3.18e-04	0.00e+00
 4.26788e+12	0.00e+00	6.43e-32	3.23e-23	3.40e-15	3.54e-08	1.00e+00	2.91e-04	0.00e+00
 4.42766e+12	2.06e-41	8.47e-32	3.99e-23	3.94e-15	3.82e-08	1.00e+00	2.70e-04	0.00e+00
 4.60175e+12	0.00e+00	1.13e-31	5.00e-23	4.60e-15	4.14e-08	1.00e+00	2.49e-04	0.00e+00
 4.79627e+12	4.34e-41	1.55e-31	6.37e-23	5.44e-15	4.52e-08	1.00e+00	2.28e-04	0.00e+00
 4.97938e+12	0.00e+00	2.06e-31	7.95e-23	6.34e-15	4.90e-08	1.00e+00	2.11e-04	0.00e+00
 5.17942e+12	8.91e-41	2.78e-31	1.00e-22	7.46e-15	5.33e-08	1.00e+00	1.94e-04	0.00e+00
 5.40215e+12	0.00e+00	3.83e-31	1.29e-22	8.88e-15	5.84e-08	1.00e+00	1.77e-04	0.00e+00
 5.61101e+12	1.88e-40	5.12e-31	1.61e-22	1.04e-14	6.34e-08	1.00e+00	1.63e-04	0.00e+00
 5.83917e+12	0.00e+00	6.94e-31	2.05e-22	1.23e-14	6.92e-08	1.00e+00	1.49e-04	0.00e+00
 6.09456e+12	4.08e-40	9.62e-31	2.64e-22	1.47e-14	7.61e-08	1.00e+00	1.36e-04	0.00e+00
 6.33634e+12	0.00e+00	1.29e-30	3.33e-22	1.73e-14	8.30e-08	1.00e+00	1.25e-04	0.00e+00
 6.59568e+12	8.48e-40	1.76e-30	4.23e-22	2.05e-14	9.08e-08	1.00e+00	1.14e-04	0.00e+00
 6.88943e+12	0.00e+00	2.44e-30	5.49e-22	2.47e-14	1.00e-07	1.00e+00	1.03e-04	0.00e+00
 7.17825e+12	1.85e-39	3.33e-30	7.01e-22	2.93e-14	1.10e-07	1.00e+00	9.43e-05	0.00e+00
 7.47862e+12	0.00e+00	4.54e-30	8.95e-22	3.49e-14	1.21e-07	1.00e+00	8.60e-05	0.00e+00
 7.80770e+12	3.98e-39	6.27e-30	1.16e-21	4.19e-14	1.33e-07	1.00e+00	7.80e-05	0.00e+00
 8.14107e+12	0.00e+00	8.58e-30	1.48e-21	5.01e-14	1.46e-07	1.00e+00	7.10e-05	0.00e+00
 8.48779e+12	8.46e-39	1.17e-29	1.89e-21	5.98e-14	1.61e-07	1.00e+00	6.46e-05	0.00e+00
 8.81944e+12	0.00e+00	1.56e-29	2.38e-21	7.03e-14	1.76e-07	1.00e+00	5.92e-05	0.00e+00
 9.10775e+12	1.59e-38	1.97e-29	2.87e-21	8.06e-14	1.89e-07	1.00e+00	5.50e-05	0.00e+00
 9.42458e+12	0.00e+00	2.54e-29	3.51e-21	9.32e-14	2.05e-07	1.00e+00	5.09e-05	0.00e+00
 9.77885e+12	2.98e-38	3.33e-29	4.36e-21	1.09e-13	2.23e-07	1.00e+00	4.68e-05	0.00e+00
 1.01133e+13	0.00e+00	4.26e-29	5.30e-21	1.26e-13	2.41e-07	1.00e+00	4.33e-05	0.00e+00
 1.04797e+13	5.47e-38	5.52e-29	6.52e-21	1.46e-13	2.61e-07	1.00e+00	3.99e-05	0.00e+00
 1.08880e+13	0.00e+00	7.28e-29	8.15e-21	1.72e-13	2.85e-07	1.00e+00	3.66e-05	0.00e+00
 1.12719e+13	1.03e-37	9.34e-29	9.96e-21	1.99e-13	3.09e-07	1.00e+00	3.38e-05	0.00e+00
 1.16921e+13	0.00e+00	1.22e-28	1.23e-20	2.33e-13	3.37e-07	1.00e+00	3.10e-05	0.00e+00
 1.21622e+13	1.98e-37	1.61e-28	1.54e-20	2.75e-13	3.69e-07	1.00e+00	2.83e-05	0.00e+00
 1.26072e+13	0.00e+00	2.08e-28	1.90e-20	3.20e-13	4.01e-07	1.00e+00	2.61e-05	0.00e+00
 1.30140e+13	3.51e-37	2.61e-28	2.28e-20	3.65e-13	4.32e-07	1.00e+00	2.42e-05	0.00e+00
 1.34614e+13	0.00e+00	3.31e-28	2.76e-20	4.21e-13	4.67e-07	1.00e+00	2.24e-05	0.00e+00
 1.39638e+13	6.35e-37	4.28e-28	3.40e-20	4.91e-13	5.09e-07	1.00e+00	2.06e-05	0.00e+00
 1.44394e+13	0.00e+00	5.42e-28	4.12e-20	5.65e-13	5.50e-07	1.00e+00	1.91e-05	0.00e+00
 1.49591e+13	1.13e-36	6.94e-28	5.03e-20	6.55e-13	5.97e-07	1.00e+00	1.76e-05	0.00e+00
 1.55331e+13	0.00e+00	9.01e-28	6.23e-20	7.67e-13	6.52e-07	1.00e+00	1.61e-05	0.00e+00
 1.60638e+13	2.04e-36	1.14e-27	7.53e-20	8.82e-13	7.04e-07	1.00e+00	1.49e-05	0.00e+00
 1.66399e+13	0.00e+00	1.45e-27	9.18e-20	1.02e-12	7.64e-07	1.00e+00	1.38e-05	0.00e+00
 1.72847e+13	3.72e-36	1.89e-27	1.14e-19	1.20e-12	8.35e-07	1.00e+00	1.26e-05	0.00e+00
 1.78936e+13	0.00e+00	2.40e-27	1.38e-19	1.38e-12	9.04e-07	1.00e+00	1.17e-05	0.00e+00
 1.85600e+13	6.68e-36	3.09e-27	1.69e-19	1.60e-12	9.83e-07	1.00e+00	1.07e-05	0.00e+00
 1.93034e+13	0.00e+00	4.05e-27	2.11e-19	1.89e-12	1.08e-06	1.00e+00	9.81e-06	0.00e+00
 2.00038e+13	1.23e-35	5.17e-27	2.58e-19	2.18e-12	1.17e-06	1.00e+00	9.04e-06	0.00e+00
 2.07593e+13	0.00e+00	6.68e-27	3.17e-19	2.54e-12	1.27e-06	1.00e+00	8.32e-06	0.00e+00
 2.16196e+13	2.34e-35	8.84e-27	3.98e-19	3.00e-12	1.39e-06	1.00e+00	7.59e-06	0.00e+00
 2.24640e+13	0.00e+00	1.15e-26	4.94e-19	3.50e-12	1.52e-06	1.00e+00	6.96e-06	0.00e+00
 2.33422e+13	4.42e-35	1.51e-26	6.12e-19	4.09e-12	1.66e-06	1.00e+00	6.39e-06	0.00e+00
 2.43058e+13	0.00e+00	1.99e-26	7.68e-19	4.82e-12	1.81e-06	1.00e+00	5.84e-06	0.00e+00
 2.52868e+13	8.61e-35	2.63e-26	9.60e-19	5.65e-12	1.98e-06	1.00e+00	5.35e-06	0.00e+00
 2.63069e+13	0.00e+00	3.47e-26	1.20e-18	6.63e-12	2.16e-06	1.00e+00	4.91e-06	0.00e+00
 2.73415e+13	1.67e-34	4.56e-26	1.49e-18	7.74e-12	2.35e-06	1.00e+00	4.51e-06	0.00e+00
 2.82966e+13	2.23e-34	5.81e-26	1.81e-18	8.88e-12	2.54e-06	1.00e+00	4.18e-06	0.00e+00
 2.93339e+13	3.04e-34	7.50e-26	2.22e-18	1.03e-11	2.75e-06	1.00e+00	3.87e-06	0.00e+00
 3.04025e+13	4.13e-34	9.68e-26	2.72e-18	1.18e-11	2.97e-06	1.00e+00	3.58e-06	0.00e+00
 3.12914e+13	5.31e-34	1.19e-25	3.20e-18	1.33e-11	3.16e-06	1.00e+00	3.36e-06	0.00e+00
 3.22263e+13	6.87e-34	1.47e-25	3.79e-18	1.49e-11	3.37e-06	1.00e+00	3.16e-06	0.00e+00
 3.34248e+13	9.50e-34	1.92e-25	4.67e-18	1.73e-11	3.64e-06	1.00e+00	2.92e-06	0.00e+00
 3.46861e+13	1.31e-33	2.50e-25	5.76e-18	2.00e-11	3.95e-06	1.00e+00	2.70e-06	0.00e+00
 3.57958e+13	1.73e-33	3.16e-25	6.91e-18	2.27e-11	4.22e-06	1.00e+00	2.52e-06	0.00e+00
 3.68323e+13	2.24e-33	3.89e-25	8.14e-18	2.54e-11	4.48e-06	1.00e+00	2.38e-06	0.00e+00
 3.80241e+13	2.98e-33	4.93e-25	9.77e-18	2.89e-11	4.79e-06	1.00e+00	2.22e-06	0.00e+00
 3.93707e+13	4.09e-33	6.38e-25	1.19e-17	3.32e-11	5.16e-06	1.00e+00	2.07e-06	0.00e+00
 4.06600e+13	5.47e-33	8.10e-25	1.44e-17	3.77e-11	5.52e-06	1.00e+00	1.93e-06	0.00e+00
 4.18927e+13	7.17e-33	1.01e-24	1.71e-17	4.24e-11	5.88e-06	1.00e+00	1.81e-06	0.00e+00
 4.33101e+13	9.75e-33	1.30e-24	2.07e-17	4.84e-11	6.30e-06	1.00e+00	1.69e-06	0.00e+00
 4.49079e+13	1.36e-32	1.71e-24	2.56e-17	5.59e-11	6.79e-06	1.00e+00	1.57e-06	0.00e+00
 4.64320e+13	1.86e-32	2.19e-24	3.11e-17	6.38e-11	7.27e-06	1.00e+00	1.47e-06	0.00e+00
 4.81053e+13	2.58e-32	2.87e-24	3.82e-17	7.35e-11	7.82e-06	1.00e+00	1.36e-06	0.00e+00
 4.99591e+13	3.68e-32	3.82e-24	4.77e-17	8.53e-11	8.45e-06	1.00e+00	1.26e-06	0.00e+00
 5.16919e+13	5.08e-32	4.96e-24	5.82e-17	9.77e-11	9.06e-06	1.00e+00	1.18e-06	0.00e+00
 5.35821e+13	7.14e-32	6.53e-24	7.18e-17	1.13e-10	9.75e-06	1.00e+00	1.09e-06	0.00e+00
 5.57104e+13	1.04e-31	8.84e-24	9.03e-17	1.31e-10	1.05e-05	1.00e+00	1.01e-06	0.00e+00
 5.77608e+13	1.47e-31	1.17e-23	1.12e-16	1.52e-10	1.13e-05	1.00e+00	9.41e-07	0.00e+00
 5.99379e+13	2.10e-31	1.56e-23	1.39e-16	1.76e-10	1.22e-05	1.00e+00	0.00e+00	0.00e+00
 6.23654e+13	3.08e-31	2.12e-23	1.75e-16	2.05e-10	1.32e-05	1.00e+00	0.00e+00	0.00e+00
 6.47989e+13	4.46e-31	2.86e-23	2.20e-16	2.39e-10	1.43e-05	1.00e+00	0.00e+00	0.00e+00
 6.73299e+13	6.49e-31	3.86e-23	2.76e-16	2.78e-10	1.54e-05	1.00e+00	0.00e+00	0.00e+00
 7.00530e+13	9.57e-31	5.27e-23	3.49e-16	3.25e-10	1.67e-05	1.00e+00	0.00e+00	0.00e+00
 7.28850e+13	1.41e-30	7.20e-23	4.41e-16	3.81e-10	1.80e-05	1.00e+00	0.00e+00	0.00e+00
 7.58304e+13	2.09e-30	9.84e-23	5.58e-16	4.45e-10	1.95e-05	1.00e+00	0.00e+00	0.00e+00
 7.87154e+13	3.01e-30	1.32e-22	6.97e-16	5.16e-10	2.10e-05	1.00e+00	0.00e+00	0.00e+00
 8.14790e+13	4.23e-30	1.73e-22	8.55e-16	5.92e-10	2.25e-05	1.00e+00	0.00e+00	0.00e+00
 8.45312e+13	6.08e-30	2.32e-22	1.06e-15	6.85e-10	2.42e-05	1.00e+00	0.00e+00	0.00e+00
 8.76041e+13	8.64e-30	3.07e-22	1.32e-15	7.89e-10	2.60e-05	1.00e+00	0.00e+00	0.00e+00
 9.02456e+13	1.16e-29	3.88e-22	1.57e-15	8.87e-10	2.76e-05	1.00e+00	0.00e+00	0.00e+00
 9.30990e+13	1.58e-29	4.97e-22	1.89e-15	1.00e-09	2.93e-05	1.00e+00	0.00e+00	0.00e+00
 9.66210e+13	2.28e-29	6.67e-22	2.36e-15	1.16e-09	3.15e-05	1.00e+00	0.00e+00	0.00e+00
 1.00253e+14	3.26e-29	8.90e-22	2.93e-15	1.35e-09	3.39e-05	1.00e+00	0.00e+00	0.00e+00
 1.03569e+14	4.52e-29	1.15e-21	3.56e-15	1.53e-09	3.62e-05	1.00e+00	0.00e+00	0.00e+00
 1.07233e+14	6.31e-29	1.51e-21	4.37e-15	1.76e-09	3.88e-05	1.00e+00	0.00e+00	0.00e+00
 1.11505e+14	9.34e-29	2.07e-21	5.52e-15	2.05e-09	4.19e-05	1.00e+00	0.00e+00	0.00e+00
 1.15780e+14	1.34e-28	2.76e-21	6.90e-15	2.39e-09	4.52e-05	1.00e+00	0.00e+00	0.00e+00
 1.19902e+14	1.90e-28	3.65e-21	8.51e-15	2.74e-09	4.84e-05	1.00e+00	0.00e+00	0.00e+00
 1.24405e+14	2.69e-28	4.85e-21	1.06e-14	3.18e-09	5.22e-05	1.00e+00	0.00e+00	0.00e+00
 1.29411e+14	3.99e-28	6.64e-21	1.34e-14	3.71e-09	5.64e-05	1.00e+00	0.00e+00	0.00e+00
 1.34055e+14	5.56e-28	8.70e-21	1.65e-14	4.28e-09	6.06e-05	1.00e+00	0.00e+00	0.00e+00
 1.38093e+14	7.47e-28	1.10e-20	1.97e-14	4.81e-09	6.43e-05	1.00e+00	0.00e+00	0.00e+00
 1.42567e+14	1.01e-27	1.40e-20	2.38e-14	5.46e-09	6.86e-05	1.00e+00	0.00e+00	0.00e+00
 1.48013e+14	1.46e-27	1.89e-20	2.97e-14	6.34e-09	7.39e-05	1.00e+00	0.00e+00	0.00e+00
 1.53525e+14	2.06e-27	2.51e-20	3.69e-14	7.34e-09	7.97e-05	1.00e+00	0.00e+00	0.00e+00
 1.58498e+14	2.80e-27	3.20e-20	4.46e-14	8.33e-09	8.50e-05	1.00e+00	0.00e+00	0.00e+00
 1.63965e+14	3.92e-27	4.20e-20	5.46e-14	9.54e-09	9.09e-05	1.00e+00	0.00e+00	0.00e+00
 1.70412e+14	5.62e-27	5.63e-20	6.87e-14	1.11e-08	9.84e-05	1.00e+00	0.00e+00	0.00e+00
 1.76753e+14	7.94e-27	7.45e-20	8.53e-14	1.29e-08	1.06e-04	1.00e+00	0.00e+00	0.00e+00
 1.82586e+14	1.10e-26	9.67e-20	1.04e-13	1.46e-08	1.13e-04	1.00e+00	0.00e+00	0.00e+00
 1.89137e+14	1.53e-26	1.26e-19	1.28e-13	1.69e-08	1.21e-04	1.00e+00	0.00e+00	0.00e+00
 1.96712e+14	2.22e-26	1.71e-19	1.61e-13	1.97e-08	1.31e-04	1.00e+00	0.00e+00	0.00e+00
 2.04134e+14	3.16e-26	2.28e-19	2.01e-13	2.29e-08	1.42e-04	1.00e+00	0.00e+00	0.00e+00
 2.11216e+14	4.43e-26	2.98e-19	2.47e-13	2.62e-08	1.52e-04	1.00e+00	0.00e+00	0.00e+00
 2.19057e+14	6.18e-26	3.93e-19	3.06e-13	3.03e-08	1.63e-04	1.00e+00	0.00e+00	0.00e+00
 2.27850e+14	9.11e-26	5.36e-19	3.87e-13	3.54e-08	1.77e-04	1.00e+00	0.00e+00	0.00e+00
 2.36734e+14	1.29e-25	7.12e-19	4.86e-13	4.13e-08	1.91e-04	1.00e+00	0.00e+00	0.00e+00
 2.45198e+14	1.80e-25	9.36e-19	5.99e-13	4.75e-08	2.05e-04	1.00e+00	0.00e+00	0.00e+00
 2.54261e+14	2.58e-25	1.25e-18	7.44e-13	5.49e-08	2.21e-04	1.00e+00	0.00e+00	0.00e+00
 2.64462e+14	3.68e-25	1.67e-18	9.40e-13	6.42e-08	2.39e-04	1.00e+00	0.00e+00	0.00e+00
 2.74168e+14	5.25e-25	2.22e-18	1.17e-12	7.42e-08	2.57e-04	1.00e+00	0.00e+00	0.00e+00
 2.83060e+14	6.98e-25	2.81e-18	1.41e-12	8.42e-08	2.74e-04	1.00e+00	0.00e+00	0.00e+00
 2.93150e+14	9.87e-25	3.72e-18	1.74e-12	9.68e-08	2.94e-04	1.00e+00	0.00e+00	0.00e+00
 3.03694e+14	1.35e-24	4.82e-18	2.14e-12	1.12e-07	3.16e-04	1.00e+00	0.00e+00	0.00e+00
 3.12648e+14	1.78e-24	6.02e-18	2.55e-12	1.25e-07	3.35e-04	1.00e+00	0.00e+00	0.00e+00
 3.22104e+14	2.38e-24	7.61e-18	3.04e-12	1.41e-07	3.55e-04	1.00e+00	0.00e+00	0.00e+00
 3.34013e+14	3.29e-24	9.95e-18	3.78e-12	1.63e-07	3.83e-04	1.00e+00	0.00e+00	0.00e+00
 3.46315e+14	4.69e-24	1.32e-17	4.68e-12	1.88e-07	4.11e-04	1.00e+00	0.00e+00	0.00e+00
 3.57234e+14	6.12e-24	1.65e-17	5.63e-12	2.13e-07	4.38e-04	1.00e+00	0.00e+00	0.00e+00
 3.69148e+14	8.33e-24	2.13e-17	6.85e-12	2.43e-07	4.68e-04	1.00e+00	0.00e+00	0.00e+00
 3.82572e+14	1.15e-23	2.78e-17	8.47e-12	2.80e-07	5.03e-04	9.99e-01	0.00e+00	0.00e+00
 3.95305e+14	1.59e-23	3.59e-17	1.03e-11	3.19e-07	5.37e-04	9.99e-01	0.00e+00	0.00e+00
 4.09207e+14	2.14e-23	4.61e-17	1.26e-11	3.66e-07	5.77e-04	9.99e-01	0.00e+00	0.00e+00
 4.24530e+14	3.04e-23	6.13e-17	1.57e-11	4.24e-07	6.21e-04	9.99e-01	0.00e+00	0.00e+00
 4.38702e+14	4.02e-23	7.75e-17	1.91e-11	4.84e-07	6.64e-04	9.99e-01	0.00e+00	0.00e+00
 4.54124e+14	5.59e-23	1.01e-16	2.35e-11	5.55e-07	7.12e-04	9.99e-01	0.00e+00	0.00e+00
 4.71367e+14	7.67e-23	1.32e-16	2.92e-11	6.44e-07	7.69e-04	9.99e-01	0.00e+00	0.00e+00
 4.87559e+14	1.05e-22	1.71e-16	3.57e-11	7.37e-07	8.23e-04	9.99e-01	0.00e+00	0.00e+00
 5.05144e+14	1.42e-22	2.20e-16	4.40e-11	8.49e-07	8.86e-04	9.99e-01	0.00e+00	0.00e+00
 5.24706e+14	2.03e-22	2.94e-16	5.52e-11	9.88e-07	9.57e-04	9.99e-01	0.00e+00	0.00e+00
 5.43213e+14	2.70e-22	3.75e-16	6.77e-11	1.13e-06	1.03e-03	9.99e-01	0.00e+00	0.00e+00
 5.63133e+14	3.77e-22	4.92e-16	8.38e-11	1.31e-06	1.11e-03	9.99e-01	0.00e+00	0.00e+00
 5.85689e+14	5.17e-22	6.46e-16	1.06e-10	1.53e-06	1.20e-03	9.99e-01	0.00e+00	0.00e+00
 6.07725e+14	7.29e-22	8.55e-16	1.31e-10	1.78e-06	1.30e-03	9.99e-01	0.00e+00	0.00e+00
 6.30642e+14	9.77e-22	1.10e-15	1.63e-10	2.06e-06	1.40e-03	9.99e-01	0.00e+00	0.00e+00
 6.55898e+14	1.40e-21	1.48e-15	2.06e-10	2.41e-06	1.52e-03	9.98e-01	0.00e+00	0.00e+00
 6.81405e+14	1.87e-21	1.91e-15	2.58e-10	2.81e-06	1.65e-03	9.98e-01	0.00e+00	0.00e+00
 7.06412e+14	2.55e-21	2.47e-15	3.19e-10	3.24e-06	1.78e-03	9.98e-01	0.00e+00	0.00e+00
 7.33178e+14	3.54e-21	3.25e-15	3.97e-10	3.76e-06	1.92e-03	9.98e-01	0.00e+00	0.00e+00
 7.58140e+14	4.56e-21	4.06e-15	4.83e-10	4.31e-06	2.07e-03	9.98e-01	0.00e+00	0.00e+00
 7.77478e+14	5.62e-21	4.85e-15	5.59e-10	4.76e-06	2.18e-03	9.98e-01	0.00e+00	0.00e+00
 7.97638e+14	6.97e-21	5.82e-15	6.50e-10	5.27e-06	2.30e-03	9.98e-01	0.00e+00	0.00e+00
 8.23847e+14	8.96e-21	7.24e-15	7.86e-10	6.00e-06	2.47e-03	9.98e-01	0.00e+00	0.00e+00
 8.52054e+14	1.20e-20	9.24e-15	9.58e-10	6.87e-06	2.66e-03	9.97e-01	0.00e+00	0.00e+00
 8.77394e+14	1.49e-20	1.12e-14	1.14e-09	7.73e-06	2.83e-03	9.97e-01	0.00e+00	0.00e+00
 9.04873e+14	1.94e-20	1.40e-14	1.36e-09	8.74e-06	3.03e-03	9.97e-01	0.00e+00	0.00e+00
 9.38827e+14	2.56e-20	1.79e-14	1.69e-09	1.01e-05	3.28e-03	9.97e-01	0.00e+00	0.00e+00
 9.72831e+14	3.40e-20	2.28e-14	2.08e-09	1.17e-05	3.55e-03	9.96e-01	0.00e+00	0.00e+00
 1.00228e+15	4.34e-20	2.82e-14	2.48e-09	1.32e-05	3.78e-03	9.96e-01	0.00e+00	0.00e+00
 1.03419e+15	5.57e-20	3.49e-14	2.98e-09	1.49e-05	4.05e-03	9.96e-01	0.00e+00	0.00e+00
 1.07329e+15	7.41e-20	4.49e-14	3.71e-09	1.73e-05	4.40e-03	9.96e-01	0.00e+00	0.00e+00
 1.11249e+15	9.76e-20	5.72e-14	4.57e-09	2.00e-05	4.77e-03	9.95e-01	0.00e+00	0.00e+00
 1.14692e+15	1.25e-19	7.07e-14	5.47e-09	2.26e-05	5.10e-03	9.95e-01	0.00e+00	0.00e+00
 1.18441e+15	1.61e-19	8.82e-14	6.62e-09	2.57e-05	5.47e-03	9.95e-01	0.00e+00	0.00e+00
 1.22973e+15	2.16e-19	1.14e-13	8.26e-09	2.98e-05	5.95e-03	9.94e-01	0.00e+00	0.00e+00
 1.27486e+15	2.87e-19	1.46e-13	1.02e-08	3.44e-05	6.45e-03	9.94e-01	0.00e+00	0.00e+00
 1.31520e+15	3.69e-19	1.82e-13	1.23e-08	3.90e-05	6.90e-03	9.93e-01	0.00e+00	0.00e+00
 1.35966e+15	4.78e-19	2.28e-13	1.49e-08	4.45e-05	7.43e-03	9.93e-01	0.00e+00	0.00e+00
 1.41250e+15	6.51e-19	2.98e-13	1.87e-08	5.19e-05	8.09e-03	9.92e-01	0.00e+00	0.00e+00
 1.46497e+15	8.72e-19	3.84e-13	2.33e-08	6.00e-05	8.77e-03	9.91e-01	0.00e+00	0.00e+00
 1.51332e+15	1.12e-18	4.79e-13	2.82e-08	6.83e-05	9.42e-03	9.91e-01	0.00e+00	0.00e+00
 1.56756e+15	1.50e-18	6.15e-13	3.48e-08	7.86e-05	1.02e-02	9.90e-01	0.00e+00	0.00e+00
 1.63020e+15	2.06e-18	8.10e-13	4.40e-08	9.19e-05	1.11e-02	9.89e-01	0.00e+00	0.00e+00
 1.69156e+15	2.75e-18	1.05e-12	5.48e-08	1.06e-04	1.21e-02	9.88e-01	0.00e+00	0.00e+00
 1.75537e+15	3.79e-18	1.37e-12	6.85e-08	1.23e-04	1.31e-02	9.87e-01	0.00e+00	0.00e+00
 1.82561e+15	5.24e-18	1.81e-12	8.66e-08	1.44e-04	1.43e-02	9.86e-01	0.00e+00	0.00e+00
 1.88494e+15	6.87e-18	2.29e-12	1.05e-07	1.64e-04	1.53e-02	9.85e-01	0.00e+00	0.00e+00
 1.92842e+15	8.31e-18	2.69e-12	1.20e-07	1.79e-04	1.61e-02	9.84e-01	0.00e+00	0.00e+00
 1.97434e+15	1.01e-17	3.19e-12	1.39e-07	1.97e-04	1.70e-02	9.83e-01	0.00e+00	0.00e+00
 2.03404e+15	1.31e-17	3.96e-12	1.66e-07	2.22e-04	1.81e-02	9.82e-01	0.00e+00	0.00e+00
 2.09976e+15	1.71e-17	5.00e-12	2.01e-07	2.52e-04	1.94e-02	9.80e-01	0.00e+00	0.00e+00
 2.16052e+15	2.19e-17	6.16e-12	2.39e-07	2.82e-04	2.06e-02	9.79e-01	0.00e+00	0.00e+00
 2.22672e+15	2.78e-17	7.61e-12	2.86e-07	3.18e-04	2.20e-02	9.78e-01	0.00e+00	0.00e+00
 2.30131e+15	3.78e-17	9.82e-12	3.50e-07	3.63e-04	2.37e-02	9.76e-01	0.00e+00	0.00e+00
 2.37242e+15	4.92e-17	1.23e-11	4.21e-07	4.10e-04	2.53e-02	9.74e-01	0.00e+00	0.00e+00
 2.45049e+15	6.41e-17	1.54e-11	5.12e-07	4.66e-04	2.71e-02	9.72e-01	0.00e+00	0.00e+00
 2.53807e+15	8.95e-17	2.03e-11	6.34e-07	5.36e-04	2.93e-02	9.70e-01	0.00e+00	0.00e+00
 2.62130e+15	1.20e-16	2.59e-11	7.71e-07	6.10e-04	3.14e-02	9.68e-01	0.00e+00	0.00e+00
 2.71278e+15	2.38e-16	3.30e-11	9.50e-07	6.99e-04	3.38e-02	9.66e-01	0.00e+00	0.00e+00
 2.81487e+15	2.44e-16	4.44e-11	1.19e-06	8.10e-04	3.66e-02	9.63e-01	0.00e+00	0.00e+00
 2.91027e+15	3.31e-16	5.72e-11	1.46e-06	9.25e-04	3.93e-02	9.60e-01	0.00e+00	0.00e+00
 3.01379e+15	4.52e-16	7.44e-11	1.80e-06	1.06e-03	4.23e-02	9.57e-01	0.00e+00	0.00e+00
 3.12979e+15	6.22e-16	9.77e-11	2.27e-06	1.24e-03	4.58e-02	9.53e-01	0.00e+00	0.00e+00
 3.23913e+15	8.57e-16	1.27e-10	2.80e-06	1.42e-03	4.92e-02	9.49e-01	0.00e+00	0.00e+00
 3.35681e+15	1.19e-15	1.67e-10	3.48e-06	1.63e-03	5.31e-02	9.45e-01	0.00e+00	0.00e+00
 3.48816e+15	1.70e-15	2.25e-10	4.40e-06	1.90e-03	5.75e-02	9.41e-01	0.00e+00	0.00e+00
 3.61429e+15	2.46e-15	3.01e-10	5.47e-06	2.19e-03	6.19e-02	9.36e-01	0.00e+00	0.00e+00
 3.74842e+15	3.50e-15	4.01e-10	6.83e-06	2.53e-03	6.67e-02	9.31e-01	0.00e+00	0.00e+00
 3.89839e+15	5.03e-15	5.40e-10	8.66e-06	2.95e-03	7.23e-02	9.25e-01	0.00e+00	0.00e+00
 4.04785e+15	6.96e-15	7.12e-10	1.09e-05	3.42e-03	7.80e-02	9.19e-01	0.00e+00	0.00e+00
 4.20329e+15	9.96e-15	9.55e-10	1.37e-05	3.97e-03	8.42e-02	9.12e-01	0.00e+00	0.00e+00
 4.34311e+15	1.37e-14	1.24e-09	1.67e-05	4.52e-03	8.99e-02	9.06e-01	0.00e+00	0.00e+00
 4.44772e+15	1.79e-14	1.52e-09	1.93e-05	4.96e-03	9.43e-02	9.01e-01	0.00e+00	0.00e+00
 4.55634e+15	2.25e-14	1.83e-09	2.23e-05	5.45e-03	9.89e-02	8.96e-01	0.00e+00	0.00e+00
 4.69755e+15	2.91e-14	2.28e-09	2.69e-05	6.14e-03	1.05e-01	8.89e-01	0.00e+00	0.00e+00
 4.85216e+15	4.13e-14	3.00e-09	3.27e-05	6.97e-03	1.12e-01	8.81e-01	0.00e+00	0.00e+00
 4.99283e+15	5.39e-14	3.74e-09	3.89e-05	7.78e-03	1.18e-01	8.74e-01	0.00e+00	0.00e+00
 5.14435e+15	7.00e-14	4.66e-09	4.65e-05	8.74e-03	1.25e-01	8.66e-01	0.00e+00	0.00e+00
 5.33460e+15	1.03e-13	6.32e-09	5.81e-05	1.01e-02	1.34e-01	8.56e-01	0.00e+00	0.00e+00
 5.52533e+15	1.43e-13	8.27e-09	7.16e-05	1.15e-02	1.43e-01	8.45e-01	0.00e+00	0.00e+00
 5.68735e+15	1.85e-13	1.02e-08	8.52e-05	1.29e-02	1.51e-01	8.36e-01	0.00e+00	0.00e+00
 5.86194e+15	2.47e-13	1.30e-08	1.02e-04	1.45e-02	1.60e-01	8.25e-01	0.00e+00	0.00e+00
 6.07985e+15	3.67e-13	1.77e-08	1.28e-04	1.67e-02	1.71e-01	8.12e-01	0.00e+00	0.00e+00
 6.29955e+15	5.11e-13	2.32e-08	1.58e-04	1.91e-02	1.82e-01	7.98e-01	0.00e+00	0.00e+00
 6.49048e+15	6.65e-13	2.89e-08	1.88e-04	2.13e-02	1.92e-01	7.86e-01	0.00e+00	0.00e+00
 6.69854e+15	9.00e-13	3.70e-08	2.27e-04	2.40e-02	2.03e-01	7.73e-01	0.00e+00	0.00e+00
 6.95247e+15	1.35e-12	5.08e-08	2.85e-04	2.77e-02	2.17e-01	7.55e-01	0.00e+00	0.00e+00
 7.20370e+15	1.88e-12	6.65e-08	3.51e-04	3.16e-02	2.30e-01	7.38e-01	0.00e+00	0.00e+00
 7.42554e+15	2.45e-12	8.32e-08	4.20e-04	3.54e-02	2.42e-01	7.23e-01	0.00e+00	0.00e+00
 7.67154e+15	3.35e-12	1.07e-07	5.10e-04	3.99e-02	2.55e-01	7.05e-01	0.00e+00	0.00e+00
 7.96681e+15	5.07e-12	1.48e-07	6.42e-04	4.60e-02	2.71e-01	6.83e-01	0.00e+00	0.00e+00
 8.24417e+15	7.06e-12	1.94e-07	7.84e-04	5.20e-02	2.85e-01	6.62e-01	0.00e+00	0.00e+00
 8.47411e+15	9.19e-12	2.40e-07	9.23e-04	5.75e-02	2.97e-01	6.45e-01	0.00e+00	0.00e+00
 8.72439e+15	1.22e-11	3.02e-07	1.10e-03	6.39e-02	3.10e-01	6.25e-01	0.00e+00	0.00e+00
 9.04318e+15	1.66e-11	3.90e-07	1.35e-03	7.25e-02	3.25e-01	6.01e-01	0.00e+00	0.00e+00
 9.37299e+15	2.47e-11	5.32e-07	1.68e-03	8.25e-02	3.41e-01	5.75e-01	0.00e+00	0.00e+00
 9.62142e+15	3.16e-11	6.51e-07	1.96e-03	9.04e-02	3.52e-01	5.56e-01	0.00e+00	0.00e+00
 9.84210e+15	3.96e-11	7.81e-07	2.24e-03	9.79e-02	3.62e-01	5.38e-01	0.00e+00	0.00e+00
 1.01290e+16	5.22e-11	9.76e-07	2.65e-03	1.08e-01	3.74e-01	5.15e-01	0.00e+00	0.00e+00
 1.04350e+16	7.07e-11	1.24e-06	3.17e-03	1.20e-01	3.86e-01	4.91e-01	0.00e+00	0.00e+00
 1.07011e+16	9.03e-11	1.52e-06	3.67e-03	1.30e-01	3.96e-01	4.70e-01	0.00e+00	0.00e+00
 1.09824e+16	1.16e-10	1.86e-06	4.29e-03	1.42e-01	4.05e-01	4.48e-01	0.00e+00	0.00e+00
 1.13481e+16	1.64e-10	2.45e-06	5.23e-03	1.59e-01	4.17e-01	4.19e-01	0.00e+00	0.00e+00
 1.17097e+16	2.20e-10	3.11e-06	6.28e-03	1.76e-01	4.26e-01	3.92e-01	0.00e+00	0.00e+00
 1.19858e+16	2.72e-10	3.70e-06	7.20e-03	1.90e-01	4.32e-01	3.71e-01	0.00e+00	0.00e+00
 1.22646e+16	3.43e-10	4.47e-06	8.29e-03	2.05e-01	4.37e-01	3.50e-01	0.00e+00	0.00e+00
 1.26271e+16	4.91e-10	5.88e-06	9.94e-03	2.25e-01	4.42e-01	3.23e-01	0.00e+00	0.00e+00
 1.29931e+16	6.24e-10	7.20e-06	1.18e-02	2.45e-01	4.45e-01	2.98e-01	0.00e+00	0.00e+00
 1.32888e+16	8.37e-10	9.00e-06	1.36e-02	2.63e-01	4.47e-01	2.76e-01	0.00e+00	0.00e+00
 1.35494e+16	1.03e-09	1.06e-05	1.53e-02	2.79e-01	4.46e-01	2.59e-01	0.00e+00	0.00e+00
 1.38393e+16	1.29e-09	1.27e-05	1.75e-02	2.98e-01	4.45e-01	2.40e-01	0.00e+00	0.00e+00
 1.41626e+16	1.61e-09	1.53e-05	2.02e-02	3.19e-01	4.41e-01	2.20e-01	0.00e+00	0.00e+00
 1.44627e+16	2.17e-09	1.91e-05	2.32e-02	3.39e-01	4.37e-01	2.01e-01	0.00e+00	0.00e+00
 1.47279e+16	2.67e-09	2.25e-05	2.61e-02	3.57e-01	4.32e-01	1.85e-01	0.00e+00	0.00e+00
 1.50146e+16	3.35e-09	2.69e-05	2.97e-02	3.77e-01	4.24e-01	1.69e-01	0.00e+00	0.00e+00
 1.53270e+16	4.42e-09	3.33e-05	3.42e-02	4.00e-01	4.15e-01	1.51e-01	0.00e+00	0.00e+00
 1.56012e+16	5.21e-09	3.83e-05	3.85e-02	4.19e-01	4.05e-01	1.38e-01	0.00e+00	0.00e+00
 1.58485e+16	6.82e-09	4.67e-05	4.32e-02	4.37e-01	3.95e-01	1.25e-01	0.00e+00	0.00e+00
 1.60601e+16	8.13e-09	5.35e-05	4.75e-02	4.52e-01	3.86e-01	1.15e-01	0.00e+00	0.00e+00
 1.62631e+16	9.62e-09	6.11e-05	5.21e-02	4.67e-01	3.75e-01	1.05e-01	0.00e+00	0.00e+00
 1.65269e+16	1.16e-08	7.13e-05	5.86e-02	4.87e-01	3.61e-01	9.36e-02	0.00e+00	0.00e+00
 1.68093e+16	1.57e-08	8.92e-05	6.70e-02	5.07e-01	3.44e-01	8.15e-02	0.00e+00	0.00e+00
 1.70436e+16	1.88e-08	1.03e-04	7.44e-02	5.23e-01	3.30e-01	7.25e-02	0.00e+00	0.00e+00
 1.72407e+16	2.28e-08	1.19e-04	8.17e-02	5.37e-01	3.16e-01	6.50e-02	0.00e+00	0.00e+00
 1.74252e+16	2.75e-08	1.37e-04	8.93e-02	5.50e-01	3.03e-01	5.84e-02	0.00e+00	0.00e+00
 1.75994e+16	3.45e-08	1.61e-04	9.75e-02	5.61e-01	2.89e-01	5.21e-02	0.00e+00	0.00e+00
 1.77582e+16	4.07e-08	1.83e-04	1.05e-01	5.71e-01	2.76e-01	4.69e-02	0.00e+00	0.00e+00
 1.79266e+16	4.69e-08	2.05e-04	1.14e-01	5.82e-01	2.62e-01	4.16e-02	0.00e+00	0.00e+00
 1.81456e+16	6.48e-08	2.57e-04	1.29e-01	5.95e-01	2.42e-01	3.47e-02	0.00e+00	0.00e+00
 1.83521e+16	8.00e-08	3.03e-04	1.42e-01	6.05e-01	2.23e-01	2.93e-02	0.00e+00	0.00e+00
 1.84966e+16	9.64e-08	3.47e-04	1.53e-01	6.12e-01	2.09e-01	2.55e-02	0.00e+00	0.00e+00
 1.86182e+16	1.15e-07	3.93e-04	1.64e-01	6.17e-01	1.96e-01	2.25e-02	0.00e+00	0.00e+00
 1.87558e+16	1.36e-07	4.46e-04	1.76e-01	6.22e-01	1.82e-01	1.93e-02	0.00e+00	0.00e+00
 1.89051e+16	1.67e-07	5.18e-04	1.91e-01	6.27e-01	1.66e-01	1.61e-02	0.00e+00	0.00e+00
 1.90321e+16	1.90e-07	5.72e-04	2.04e-01	6.30e-01	1.52e-01	1.36e-02	0.00e+00	0.00e+00
 1.91380e+16	2.35e-07	6.63e-04	2.16e-01	6.32e-01	1.40e-01	1.16e-02	0.00e+00	0.00e+00
 1.92265e+16	2.59e-07	7.13e-04	2.26e-01	6.33e-01	1.30e-01	1.01e-02	0.00e+00	0.00e+00
 1.93001e+16	3.05e-07	7.98e-04	2.36e-01	6.33e-01	1.21e-01	8.79e-03	0.00e+00	0.00e+00
 1.93598e+16	3.22e-07	8.32e-04	2.43e-01	6.34e-01	1.15e-01	7.95e-03	0.00e+00	0.00e+00
 1.94157e+16	3.54e-07	8.91e-04	2.51e-01	6.34e-01	1.08e-01	7.09e-03	0.00e+00	0.00e+00
 1.94883e+16	4.11e-07	9.88e-04	2.61e-01	6.33e-01	9.91e-02	6.04e-03	0.00e+00	0.00e+00
 1.95578e+16	4.59e-07	1.07e-03	2.70e-01	6.32e-01	9.14e-02	5.19e-03	0.00e+00	0.00e+00
 1.96104e+16	5.01e-07	1.14e-03	2.78e-01	6.31e-01	8.54e-02	4.58e-03	0.00e+00	0.00e+00
 1.96660e+16	5.38e-07	1.20e-03	2.85e-01	6.30e-01	7.90e-02	3.98e-03	0.00e+00	0.00e+00
 1.97382e+16	6.28e-07	1.33e-03	2.96e-01	6.28e-01	7.08e-02	3.24e-03	0.00e+00	0.00e+00
 1.98051e+16	7.00e-07	1.44e-03	3.06e-01	6.26e-01	6.39e-02	2.68e-03	0.00e+00	0.00e+00
 1.98532e+16	7.43e-07	1.50e-03	3.13e-01	6.25e-01	5.90e-02	2.32e-03	0.00e+00	0.00e+00
 1.99038e+16	8.30e-07	1.62e-03	3.21e-01	6.22e-01	5.37e-02	1.94e-03	0.00e+00	0.00e+00
 1.99597e+16	9.12e-07	1.73e-03	3.29e-01	6.20e-01	4.83e-02	1.60e-03	0.00e+00	0.00e+00
 2.00222e+16	1.01e-06	1.86e-03	3.38e-01	6.17e-01	4.27e-02	1.27e-03	0.00e+00	0.00e+00
 2.00903e+16	1.13e-06	2.01e-03	3.47e-01	6.13e-01	3.70e-02	9.81e-04	0.00e+00	0.00e+00
 2.01525e+16	1.25e-06	2.15e-03	3.56e-01	6.09e-01	3.23e-02	7.64e-04	0.00e+00	0.00e+00
 2.02201e+16	1.39e-06	2.32e-03	3.65e-01	6.04e-01	2.75e-02	5.70e-04	0.00e+00	0.00e+00
 2.02962e+16	1.56e-06	2.51e-03	3.75e-01	5.99e-01	2.30e-02	4.09e-04	0.00e+00	0.00e+00
 2.03713e+16	1.74e-06	2.70e-03	3.84e-01	5.93e-01	1.91e-02	2.91e-04	0.00e+00	0.00e+00
 2.04568e+16	1.97e-06	2.94e-03	3.95e-01	5.87e-01	1.54e-02	1.95e-04	0.00e+00	0.00e+00
 2.05680e+16	2.29e-06	3.24e-03	4.07e-01	5.78e-01	1.16e-02	1.15e-04	0.00e+00	0.00e+00
 2.06903e+16	2.66e-06	3.58e-03	4.20e-01	5.68e-01	8.62e-03	6.57e-05	0.00e+00	0.00e+00
 2.08269e+16	3.13e-06	3.98e-03	4.33e-01	5.57e-01	6.17e-03	3.49e-05	0.00e+00	0.00e+00
 2.10046e+16	3.82e-06	4.52e-03	4.49e-01	5.42e-01	4.08e-03	1.58e-05	0.00e+00	0.00e+00
 2.12355e+16	4.89e-06	5.29e-03	4.70e-01	5.23e-01	2.47e-03	5.93e-06	0.00e+00	0.00e+00
 2.14862e+16	6.38e-06	6.28e-03	4.91e-01	5.01e-01	1.50e-03	2.22e-06	0.00e+00	0.00e+00
 2.17121e+16	8.19e-06	7.37e-03	5.12e-01	4.80e-01	9.81e-04	9.61e-07	0.00e+00	0.00e+00
 2.19202e+16	1.04e-05	8.60e-03	5.32e-01	4.59e-01	6.75e-04	0.00e+00	0.00e+00	0.00e+00
 2.20796e+16	1.26e-05	9.74e-03	5.48e-01	4.42e-01	5.17e-04	0.00e+00	0.00e+00	0.00e+00
 2.21778e+16	1.42e-05	1.06e-02	5.58e-01	4.31e-01	4.38e-04	0.00e+00	0.00e+00	0.00e+00
 2.22724e+16	1.60e-05	1.14e-02	5.68e-01	4.20e-01	3.70e-04	0.00e+00	0.00e+00	0.00e+00
 2.23954e+16	1.88e-05	1.27e-02	5.81e-01	4.06e-01	2.99e-04	0.00e+00	0.00e+00	0.00e+00
 2.25309e+16	2.24e-05	1.42e-02	5.96e-01	3.89e-01	2.37e-04	0.00e+00	0.00e+00	0.00e+00
 2.26503e+16	2.65e-05	1.59e-02	6.10e-01	3.74e-01	1.94e-04	0.00e+00	0.00e+00	0.00e+00
 2.27520e+16	3.07e-05	1.75e-02	6.22e-01	3.60e-01	1.63e-04	0.00e+00	0.00e+00	0.00e+00
 2.28628e+16	3.61e-05	1.95e-02	6.35e-01	3.45e-01	1.34e-04	0.00e+00	0.00e+00	0.00e+00
 2.29731e+16	4.27e-05	2.18e-02	6.48e-01	3.30e-01	1.11e-04	0.00e+00	0.00e+00	0.00e+00
 2.30554e+16	4.86e-05	2.38e-02	6.58e-01	3.18e-01	9.62e-05	0.00e+00	0.00e+00	0.00e+00
 2.31239e+16	5.43e-05	2.56e-02	6.66e-01	3.08e-01	8.50e-05	0.00e+00	0.00e+00	0.00e+00
 2.32018e+16	6.18e-05	2.79e-02	6.76e-01	2.96e-01	7.35e-05	0.00e+00	0.00e+00	0.00e+00
 2.33031e+16	7.32e-05	3.13e-02	6.88e-01	2.80e-01	6.07e-05	0.00e+00	0.00e+00	0.00e+00
 2.34015e+16	8.71e-05	3.52e-02	7.00e-01	2.65e-01	5.05e-05	0.00e+00	0.00e+00	0.00e+00
 2.34721e+16	9.90e-05	3.83e-02	7.08e-01	2.54e-01	4.42e-05	0.00e+00	0.00e+00	0.00e+00
 2.35400e+16	1.12e-04	4.17e-02	7.15e-01	2.43e-01	3.85e-05	0.00e+00	0.00e+00	0.00e+00
 2.36283e+16	1.33e-04	4.66e-02	7.25e-01	2.29e-01	3.21e-05	0.00e+00	0.00e+00	0.00e+00
 2.37155e+16	1.58e-04	5.23e-02	7.33e-01	2.14e-01	2.68e-05	0.00e+00	0.00e+00	0.00e+00
 2.37798e+16	1.80e-04	5.72e-02	7.39e-01	2.04e-01	2.34e-05	0.00e+00	0.00e+00	0.00e+00
 2.38334e+16	2.01e-04	6.16e-02	7.44e-01	1.95e-01	2.07e-05	0.00e+00	0.00e+00	0.00e+00
 2.38942e+16	2.29e-04	6.72e-02	7.48e-01	1.84e-01	1.80e-05	0.00e+00	0.00e+00	0.00e+00
 2.39625e+16	2.66e-04	7.43e-02	7.53e-01	1.73e-01	1.53e-05	0.00e+00	0.00e+00	0.00e+00
 2.40260e+16	3.06e-04	8.17e-02	7.56e-01	1.62e-01	1.32e-05	0.00e+00	0.00e+00	0.00e+00
 2.40817e+16	3.49e-04	8.92e-02	7.58e-01	1.53e-01	1.14e-05	0.00e+00	0.00e+00	0.00e+00
 2.41421e+16	4.03e-04	9.81e-02	7.59e-01	1.42e-01	9.76e-06	0.00e+00	0.00e+00	0.00e+00
 2.42075e+16	4.73e-04	1.09e-01	7.59e-01	1.32e-01	8.18e-06	0.00e+00	0.00e+00	0.00e+00
 2.42641e+16	5.45e-04	1.20e-01	7.57e-01	1.22e-01	6.98e-06	0.00e+00	0.00e+00	0.00e+00
 2.43127e+16	6.19e-04	1.30e-01	7.55e-01	1.14e-01	6.05e-06	0.00e+00	0.00e+00	0.00e+00
 2.43660e+16	7.14e-04	1.43e-01	7.51e-01	1.05e-01	5.13e-06	0.00e+00	0.00e+00	0.00e+00
 2.44251e+16	8.39e-04	1.59e-01	7.44e-01	9.59e-02	4.25e-06	0.00e+00	0.00e+00	0.00e+00
 2.44782e+16	9.72e-04	1.75e-01	7.37e-01	8.74e-02	3.56e-06	0.00e+00	0.00e+00	0.00e+00
 2.45245e+16	1.11e-03	1.91e-01	7.28e-01	8.02e-02	3.02e-06	0.00e+00	0.00e+00	0.00e+00
 2.45753e+16	1.29e-03	2.10e-01	7.16e-01	7.24e-02	2.49e-06	0.00e+00	0.00e+00	0.00e+00
 2.46313e+16	1.53e-03	2.34e-01	7.00e-01	6.41e-02	2.00e-06	0.00e+00	0.00e+00	0.00e+00
 2.46818e+16	1.80e-03	2.59e-01	6.82e-01	5.69e-02	1.62e-06	0.00e+00	0.00e+00	0.00e+00
 2.47272e+16	2.08e-03	2.84e-01	6.64e-01	5.05e-02	1.32e-06	0.00e+00	0.00e+00	0.00e+00
 2.47782e+16	2.47e-03	3.14e-01	6.40e-01	4.37e-02	1.03e-06	0.00e+00	0.00e+00	0.00e+00
 2.48347e+16	2.99e-03	3.53e-01	6.08e-01	3.65e-02	7.73e-07	0.00e+00	0.00e+00	0.00e+00
 2.48862e+16	3.59e-03	3.92e-01	5.74e-01	3.05e-02	0.00e+00	0.00e+00	0.00e+00	0.00e+00
 2.49318e+16	4.21e-03	4.31e-01	5.40e-01	2.54e-02	0.00e+00	0.00e+00	0.00e+00	0.00e+00
 2.49751e+16	4.95e-03	4.71e-01	5.04e-01	2.10e-02	0.00e+00	0.00e+00	0.00e+00	0.00e+00
 2.50249e+16	5.95e-03	5.19e-01	4.58e-01	1.64e-02	0.00e+00	0.00e+00	0.00e+00	0.00e+00
 2.50742e+16	7.18e-03	5.72e-01	4.09e-01	1.25e-02	0.00e+00	0.00e+00	0.00e+00	0.00e+00
 2.51099e+16	8.30e-03	6.12e-01	3.70e-01	9.94e-03	0.00e+00	0.00e+00	0.00e+00	0.00e+00
 2.51381e+16	9.24e-03	6.43e-01	3.39e-01	8.18e-03	0.00e+00	0.00e+00	0.00e+00	0.00e+00
 2.51695e+16	1.05e-02	6.79e-01	3.04e-01	6.44e-03	0.00e+00	0.00e+00	0.00e+00	0.00e+00
 2.52046e+16	1.21e-02	7.18e-01	2.65e-01	4.82e-03	0.00e+00	0.00e+00	0.00e+00	0.00e+00
 2.52364e+16	1.37e-02	7.54e-01	2.29e-01	3.59e-03	0.00e+00	0.00e+00	0.00e+00	0.00e+00
 2.52635e+16	1.54e-02	7.82e-01	1.99e-01	2.72e-03	0.00e+00	0.00e+00	0.00e+00	0.00e+00
 2.52883e+16	1.71e-02	8.07e-01	1.74e-01	2.08e-03	0.00e+00	0.00e+00	0.00e+00	0.00e+00
 2.53164e+16	1.92e-02	8.33e-01	1.47e-01	1.49e-03	0.00e+00	0.00e+00	0.00e+00	0.00e+00
 2.53463e+16	2.19e-02	8.58e-01	1.20e-01	1.01e-03	0.00e+00	0.00e+00	0.00e+00	0.00e+00
 2.53714e+16	2.45e-02	8.76e-01	9.89e-02	7.09e-04	0.00e+00	0.00e+00	0.00e+00	0.00e+00
 2.53921e+16	2.69e-02	8.89e-01	8.34e-02	5.17e-04	0.00e+00	0.00e+00	0.00e+00	0.00e+00
 2.54145e+16	2.98e-02	9.01e-01	6.85e-02	3.59e-04	0.00e+00	0.00e+00	0.00e+00	0.00e+00
 2.54394e+16	3.35e-02	9.12e-01	5.42e-02	2.33e-04	0.00e+00	0.00e+00	0.00e+00	0.00e+00
 2.54619e+16	3.74e-02	9.19e-01	4.30e-02	1.53e-04	0.00e+00	0.00e+00	0.00e+00	0.00e+00
 2.54807e+16	4.10e-02	9.24e-01	3.50e-02	1.05e-04	0.00e+00	0.00e+00	0.00e+00	0.00e+00
 2.54977e+16	4.47e-02	9.27e-01	2.87e-02	7.36e-05	0.00e+00	0.00e+00	0.00e+00	0.00e+00
 2.55170e+16	4.95e-02	9.28e-01	2.27e-02	4.80e-05	0.00e+00	0.00e+00	0.00e+00	0.00e+00
 2.55372e+16	5.48e-02	9.28e-01	1.75e-02	3.01e-05	0.00e+00	0.00e+00	0.00e+00	0.00e+00
 2.55538e+16	5.99e-02	9.26e-01	1.39e-02	2.00e-05	0.00e+00	0.00e+00	0.00e+00	0.00e+00
 2.55676e+16	6.45e-02	9.24e-01	1.15e-02	1.40e-05	0.00e+00	0.00e+00	0.00e+00	0.00e+00
 2.55814e+16	6.96e-02	9.21e-01	9.34e-03	9.73e-06	0.00e+00	0.00e+00	0.00e+00	0.00e+00
 2.55958e+16	7.50e-02	9.17e-01	7.49e-03	6.54e-06	0.00e+00	0.00e+00	0.00e+00	0.00e+00
 2.56094e+16	8.08e-02	9.13e-01	6.05e-03	4.45e-06	0.00e+00	0.00e+00	0.00e+00	0.00e+00
 2.56211e+16	8.63e-02	9.09e-01	5.00e-03	3.16e-06	0.00e+00	0.00e+00	0.00e+00	0.00e+00
 2.56313e+16	9.13e-02	9.04e-01	4.22e-03	2.32e-06	0.00e+00	0.00e+00	0.00e+00	0.00e+00
 2.56409e+16	9.65e-02	9.00e-01	3.57e-03	1.72e-06	0.00e+00	0.00e+00	0.00e+00	0.00e+00
 2.56485e+16	1.00e-01	8.96e-01	3.14e-03	1.36e-06	0.00e+00	0.00e+00	0.00e+00	0.00e+00
 2.56536e+16	1.03e-01	8.94e-01	2.87e-03	1.16e-06	0.00e+00	0.00e+00	0.00e+00	0.00e+00
 2.56582e+16	1.06e-01	8.91e-01	2.64e-03	9.99e-07	0.00e+00	0.00e+00	0.00e+00	0.00e+00
 2.56636e+16	1.09e-01	8.88e-01	2.39e-03	0.00e+00	0.00e+00	0.00e+00	0.00e+00	0.00e+00
 2.56694e+16	1.13e-01	8.85e-01	2.15e-03	0.00e+00	0.00e+00	0.00e+00	0.00e+00	0.00e+00
 2.56749e+16	1.17e-01	8.81e-01	1.94e-03	0.00e+00	0.00e+00	0.00e+00	0.00e+00	0.00e+00
 2.56802e+16	1.20e-01	8.78e-01	1.75e-03	0.00e+00	0.00e+00	0.00e+00	0.00e+00	0.00e+00
 2.56854e+16	1.24e-01	8.75e-01	1.59e-03	0.00e+00	0.00e+00	0.00e+00	0.00e+00	0.00e+00
 2.56906e+16	1.28e-01	8.71e-01	1.43e-03	0.00e+00	0.00e+00	0.00e+00	0.00e+00	0.00e+00
 2.56957e+16	1.31e-01	8.67e-01	1.30e-03	0.00e+00	0.00e+00	0.00e+00	0.00e+00	0.00e+00
 2.57008e+16	1.35e-01	8.63e-01	1.17e-03	0.00e+00	0.00e+00	0.00e+00	0.00e+00	0.00e+00
 2.57058e+16	1.40e-01	8.59e-01	1.06e-03	0.00e+00	0.00e+00	0.00e+00	0.00e+00	0.00e+00
 2.57109e+16	1.44e-01	8.55e-01	9.54e-04	0.00e+00	0.00e+00	0.00e+00	0.00e+00	0.00e+00
 2.57157e+16	1.48e-01	8.51e-01	8.62e-04	0.00e+00	0.00e+00	0.00e+00	0.00e+00	0.00e+00
 2.57205e+16	1.52e-01	8.47e-01	7.80e-04	0.00e+00	0.00e+00	0.00e+00	0.00e+00	0.00e+00
 2.57253e+16	1.57e-01	8.42e-01	7.03e-04	0.00e+00	0.00e+00	0.00e+00	0.00e+00	0.00e+00
 2.57301e+16	1.62e-01	8.37e-01	6.35e-04	0.00e+00	0.00e+00	0.00e+00	0.00e+00	0.00e+00
 2.57348e+16	1.67e-01	8.33e-01	5.72e-04	0.00e+00	0.00e+00	0.00e+00	0.00e+00	0.00e+00
 2.57394e+16	1.72e-01	8.27e-01	5.17e-04	0.00e+00	0.00e+00	0.00e+00	0.00e+00	0.00e+00
 2.57440e+16	1.78e-01	8.22e-01	4.66e-04	0.00e+00	0.00e+00	0.00e+00	0.00e+00	0.00e+00
 2.57485e+16	1.83e-01	8.17e-01	4.19e-04	0.00e+00	0.00e+00	0.00e+00	0.00e+00	0.00e+00
 2.57530e+16	1.89e-01	8.11e-01	3.78e-04	0.00e+00	0.00e+00	0.00e+00	0.00e+00	0.00e+00
 2.57573e+16	1.95e-01	8.05e-01	3.41e-04	0.00e+00	0.00e+00	0.00e+00	0.00e+00	0.00e+00
 2.57616e+16	2.01e-01	7.98e-01	3.07e-04	0.00e+00	0.00e+00	0.00e+00	0.00e+00	0.00e+00
 2.57660e+16	2.08e-01	7.92e-01	2.76e-04	0.00e+00	0.00e+00	0.00e+00	0.00e+00	0.00e+00
 2.57702e+16	2.15e-01	7.85e-01	2.49e-04	0.00e+00	0.00e+00	0.00e+00	0.00e+00	0.00e+00
 2.57744e+16	2.23e-01	7.77e-01	2.24e-04	0.00e+00	0.00e+00	0.00e+00	0.00e+00	0.00e+00
 2.57785e+16	2.31e-01	7.69e-01	2.01e-04	0.00e+00	0.00e+00	0.00e+00	0.00e+00	0.00e+00
 2.57825e+16	2.39e-01	7.61e-01	1.81e-04	0.00e+00	0.00e+00	0.00e+00	0.00e+00	0.00e+00
 2.57866e+16	2.48e-01	7.52e-01	1.62e-04	0.00e+00	0.00e+00	0.00e+00	0.00e+00	0.00e+00
 2.57906e+16	2.58e-01	7.42e-01	1.45e-04	0.00e+00	0.00e+00	0.00e+00	0.00e+00	0.00e+00
 2.57944e+16	2.67e-01	7.32e-01	1.30e-04	0.00e+00	0.00e+00	0.00e+00	0.00e+00	0.00e+00
 2.57982e+16	2.78e-01	7.22e-01	1.17e-04	0.00e+00	0.00e+00	0.00e+00	0.00e+00	0.00e+00
 2.58019e+16	2.89e-01	7.11e-01	1.05e-04	0.00e+00	0.00e+00	0.00e+00	0.00e+00	0.00e+00
 2.58055e+16	3.01e-01	6.99e-01	9.42e-05	0.00e+00	0.00e+00	0.00e+00	0.00e+00	0.00e+00
 2.58091e+16	3.13e-01	6.87e-01	8.45e-05	0.00e+00	0.00e+00	0.00e+00	0.00e+00	0.00e+00
 2.58125e+16	3.25e-01	6.75e-01	7.59e-05	0.00e+00	0.00e+00	0.00e+00	0.00e+00	0.00e+00
 2.58159e+16	3.38e-01	6.61e-01	6.80e-05	0.00e+00	0.00e+00	0.00e+00	0.00e+00	0.00e+00
 2.58193e+16	3.53e-01	6.47e-01	6.09e-05	0.00e+00	0.00e+00	0.00e+00	0.00e+00	0.00e+00
 2.58225e+16	3.67e-01	6.33e-01	5.45e-05	0.00e+00	0.00e+00	0.00e+00	0.00e+00	0.00e+00
 2.58257e+16	3.83e-01	6.17e-01	4.87e-05	0.00e+00	0.00e+00	0.00e+00	0.00e+00	0.00e+00
 2.58289e+16	4.00e-01	6.00e-01	4.35e-05	0.00e+00	0.00e+00	0.00e+00	0.00e+00	0.00e+00
 2.58320e+16	4.17e-01	5.83e-01	3.89e-05	0.00e+00	0.00e+00	0.00e+00	0.00e+00	0.00e+00
 2.58350e+16	4.37e-01	5.63e-01	3.45e-05	0.00e+00	0.00e+00	0.00e+00	0.00e+00	0.00e+00
 2.58380e+16	4.56e-01	5.44e-01	3.07e-05	0.00e+00	0.00e+00	0.00e+00	0.00e+00	0.00e+00
 2.58409e+16	4.75e-01	5.25e-01	2.73e-05	0.00e+00	0.00e+00	0.00e+00	0.00e+00	0.00e+00
 2.58438e+16	4.95e-01	5.05e-01	2.42e-05	0.00e+00	0.00e+00	0.00e+00	0.00e+00	0.00e+00
 2.58466e+16	5.17e-01	4.83e-01	2.13e-05	0.00e+00	0.00e+00	0.00e+00	0.00e+00	0.00e+00
 2.58494e+16	5.38e-01	4.62e-01	1.88e-05	0.00e+00	0.00e+00	0.00e+00	0.00e+00	0.00e+00
 2.58522e+16	5.60e-01	4.40e-01	1.66e-05	0.00e+00	0.00e+00	0.00e+00	0.00e+00	0.00e+00
 2.58549e+16	5.82e-01	4.18e-01	1.45e-05	0.00e+00	0.00e+00	0.00e+00	0.00e+00	0.00e+00
 2.58576e+16	6.05e-01	3.95e-01	1.27e-05	0.00e+00	0.00e+00	0.00e+00	0.00e+00	0.00e+00
 2.58603e+16	6.28e-01	3.72e-01	1.11e-05	0.00e+00	0.00e+00	0.00e+00	0.00e+00	0.00e+00
 2.58626e+16	6.48e-01	3.52e-01	9.87e-06	0.00e+00	0.00e+00	0.00e+00	0.00e+00	0.00e+00
 2.58644e+16	6.63e-01	3.37e-01	8.96e-06	0.00e+00	0.00e+00	0.00e+00	0.00e+00	0.00e+00
 2.58661e+16	6.78e-01	3.22e-01	8.17e-06	0.00e+00	0.00e+00	0.00e+00	0.00e+00	0.00e+00
 2.58679e+16	6.94e-01	3.06e-01	7.37e-06	0.00e+00	0.00e+00	0.00e+00	0.00e+00	0.00e+00
 2.58698e+16	7.09e-01	2.91e-01	6.64e-06	0.00e+00	0.00e+00	0.00e+00	0.00e+00	0.00e+00
 2.58714e+16	7.22e-01	2.78e-01	6.05e-06	0.00e+00	0.00e+00	0.00e+00	0.00e+00	0.00e+00
 2.58731e+16	7.37e-01	2.62e-01	5.45e-06	0.00e+00	0.00e+00	0.00e+00	0.00e+00	0.00e+00
 2.58747e+16	7.49e-01	2.51e-01	4.97e-06	0.00e+00	0.00e+00	0.00e+00	0.00e+00	0.00e+00
 2.58763e+16	7.63e-01	2.37e-01	4.49e-06	0.00e+00	0.00e+00	0.00e+00	0.00e+00	0.00e+00
 2.58778e+16	7.74e-01	2.26e-01	4.11e-06	0.00e+00	0.00e+00	0.00e+00	0.00e+00	0.00e+00
