#depth	O	O+	O+2	O+3	O+4	O+5	O+6	O+7	O+8	O[1]	O[2]	O[3]
 1.49634e+10	0.00e+00	0.00e+00	5.09e-33	1.73e-23	4.76e-15	6.92e-08	1.00e+00	7.40e-14	0.00e+00	0.00e+00	0.00e+00	0.00e+00
 4.54887e+10	0.00e+00	1.80e-43	6.97e-33	2.19e-23	5.58e-15	7.49e-08	1.00e+00	0.00e+00	0.00e+00	0.00e+00	0.00e+00	0.00e+00
 7.72350e+10	0.00e+00	0.00e+00	9.55e-33	2.77e-23	6.53e-15	8.10e-08	1.00e+00	0.00e+00	0.00e+00	0.00e+00	0.00e+00	0.00e+00
 1.10251e+11	0.00e+00	3.96e-43	1.31e-32	3.51e-23	7.65e-15	8.77e-08	1.00e+00	0.00e+00	0.00e+00	0.00e+00	0.00e+00	0.00e+00
 1.44588e+11	0.00e+00	0.00e+00	1.79e-32	4.45e-23	8.96e-15	9.50e-08	1.00e+00	0.00e+00	0.00e+00	0.00e+00	0.00e+00	0.00e+00
 1.80298e+11	0.00e+00	8.69e-43	2.46e-32	5.64e-23	1.05e-14	1.03e-07	1.00e+00	0.00e+00	0.00e+00	0.00e+00	0.00e+00	0.00e+00
 2.15824e+11	0.00e+00	0.00e+00	3.32e-32	7.08e-23	1.22e-14	1.11e-07	1.00e+00	0.00e+00	0.00e+00	0.00e+00	0.00e+00	0.00e+00
 2.52770e+11	0.00e+00	1.85e-42	4.50e-32	8.88e-23	1.42e-14	1.20e-07	1.00e+00	0.00e+00	0.00e+00	0.00e+00	0.00e+00	0.00e+00
 2.92808e+11	0.00e+00	0.00e+00	6.17e-32	1.13e-22	1.67e-14	1.30e-07	1.00e+00	0.00e+00	0.00e+00	0.00e+00	0.00e+00	0.00e+00
 3.33484e+11	0.00e+00	4.02e-42	8.39e-32	1.42e-22	1.95e-14	1.40e-07	1.00e+00	0.00e+00	0.00e+00	0.00e+00	0.00e+00	0.00e+00
 3.75787e+11	0.00e+00	0.00e+00	1.14e-31	1.79e-22	2.28e-14	1.52e-07	1.00e+00	0.00e+00	0.00e+00	0.00e+00	0.00e+00	0.00e+00
 4.20745e+11	0.00e+00	8.77e-42	1.57e-31	2.27e-22	2.67e-14	1.64e-07	1.00e+00	0.00e+00	0.00e+00	0.00e+00	0.00e+00	0.00e+00
 4.67502e+11	0.00e+00	0.00e+00	2.15e-31	2.88e-22	3.13e-14	1.78e-07	1.00e+00	0.00e+00	0.00e+00	0.00e+00	0.00e+00	0.00e+00
 5.16128e+11	0.00e+00	1.93e-41	2.95e-31	3.66e-22	3.67e-14	1.93e-07	1.00e+00	0.00e+00	0.00e+00	0.00e+00	0.00e+00	0.00e+00
 5.66700e+11	0.00e+00	0.00e+00	4.05e-31	4.64e-22	4.31e-14	2.09e-07	1.00e+00	0.00e+00	0.00e+00	0.00e+00	0.00e+00	0.00e+00
 6.19295e+11	0.00e+00	4.25e-41	5.55e-31	5.89e-22	5.06e-14	2.26e-07	1.00e+00	0.00e+00	0.00e+00	0.00e+00	0.00e+00	0.00e+00
 6.73994e+11	0.00e+00	0.00e+00	7.62e-31	7.48e-22	5.94e-14	2.45e-07	1.00e+00	0.00e+00	0.00e+00	0.00e+00	0.00e+00	0.00e+00
 7.30880e+11	0.00e+00	9.36e-41	1.05e-30	9.50e-22	6.97e-14	2.66e-07	1.00e+00	0.00e+00	0.00e+00	0.00e+00	0.00e+00	0.00e+00
 7.90042e+11	0.00e+00	0.00e+00	1.44e-30	1.21e-21	8.19e-14	2.89e-07	1.00e+00	0.00e+00	0.00e+00	0.00e+00	0.00e+00	0.00e+00
 8.51571e+11	0.00e+00	2.06e-40	1.97e-30	1.53e-21	9.62e-14	3.13e-07	1.00e+00	0.00e+00	0.00e+00	0.00e+00	0.00e+00	0.00e+00
 9.09597e+11	0.00e+00	0.00e+00	2.63e-30	1.90e-21	1.11e-13	3.37e-07	1.00e+00	0.00e+00	0.00e+00	0.00e+00	0.00e+00	0.00e+00
 9.61719e+11	0.00e+00	4.04e-40	3.38e-30	2.30e-21	1.26e-13	3.59e-07	1.00e+00	0.00e+00	0.00e+00	0.00e+00	0.00e+00	0.00e+00
 1.02028e+12	0.00e+00	0.00e+00	4.45e-30	2.83e-21	1.45e-13	3.85e-07	1.00e+00	0.00e+00	0.00e+00	0.00e+00	0.00e+00	0.00e+00
 1.08942e+12	0.00e+00	8.35e-40	6.07e-30	3.58e-21	1.70e-13	4.18e-07	1.00e+00	0.00e+00	0.00e+00	0.00e+00	0.00e+00	0.00e+00
 1.15824e+12	0.00e+00	0.00e+00	8.18e-30	4.48e-21	1.98e-13	4.51e-07	1.00e+00	0.00e+00	0.00e+00	0.00e+00	0.00e+00	0.00e+00
 1.22275e+12	0.00e+00	1.69e-39	1.07e-29	5.50e-21	2.28e-13	4.84e-07	1.00e+00	0.00e+00	0.00e+00	0.00e+00	0.00e+00	0.00e+00
 1.29453e+12	0.00e+00	0.00e+00	1.43e-29	6.85e-21	2.64e-13	5.21e-07	1.00e+00	0.00e+00	0.00e+00	0.00e+00	0.00e+00	0.00e+00
 1.37624e+12	0.00e+00	3.61e-39	1.97e-29	8.73e-21	3.11e-13	5.67e-07	1.00e+00	0.00e+00	0.00e+00	0.00e+00	0.00e+00	0.00e+00
 1.45720e+12	0.00e+00	0.00e+00	2.67e-29	1.10e-20	3.64e-13	6.13e-07	1.00e+00	0.00e+00	0.00e+00	0.00e+00	0.00e+00	0.00e+00
 1.54141e+12	0.00e+00	7.70e-39	3.63e-29	1.39e-20	4.26e-13	6.64e-07	1.00e+00	0.00e+00	0.00e+00	0.00e+00	0.00e+00	0.00e+00
 1.63299e+12	0.00e+00	0.00e+00	4.99e-29	1.77e-20	5.02e-13	7.22e-07	1.00e+00	0.00e+00	0.00e+00	0.00e+00	0.00e+00	0.00e+00
 1.72824e+12	0.00e+00	1.70e-38	6.87e-29	2.25e-20	5.92e-13	7.85e-07	1.00e+00	0.00e+00	0.00e+00	0.00e+00	0.00e+00	0.00e+00
 1.82729e+12	0.00e+00	0.00e+00	9.46e-29	2.87e-20	6.99e-13	8.54e-07	1.00e+00	0.00e+00	0.00e+00	0.00e+00	0.00e+00	0.00e+00
 1.93031e+12	0.00e+00	3.76e-38	1.30e-28	3.66e-20	8.25e-13	9.29e-07	1.00e+00	0.00e+00	0.00e+00	0.00e+00	0.00e+00	0.00e+00
 2.03745e+12	0.00e+00	0.00e+00	1.79e-28	4.67e-20	9.74e-13	1.01e-06	1.00e+00	0.00e+00	0.00e+00	0.00e+00	0.00e+00	0.00e+00
 2.14888e+12	0.00e+00	8.31e-38	2.47e-28	5.96e-20	1.15e-12	1.10e-06	1.00e+00	0.00e+00	0.00e+00	0.00e+00	0.00e+00	0.00e+00
 2.26476e+12	0.00e+00	0.00e+00	3.40e-28	7.61e-20	1.36e-12	1.20e-06	1.00e+00	0.00e+00	0.00e+00	0.00e+00	0.00e+00	0.00e+00
 2.38528e+12	0.00e+00	1.84e-37	4.69e-28	9.71e-20	1.61e-12	1.31e-06	1.00e+00	0.00e+00	0.00e+00	0.00e+00	0.00e+00	0.00e+00
 2.51061e+12	0.00e+00	0.00e+00	6.46e-28	1.24e-19	1.90e-12	1.42e-06	1.00e+00	0.00e+00	0.00e+00	0.00e+00	0.00e+00	0.00e+00
 2.64097e+12	0.00e+00	4.05e-37	8.90e-28	1.59e-19	2.25e-12	1.55e-06	1.00e+00	0.00e+00	0.00e+00	0.00e+00	0.00e+00	0.00e+00
 2.77653e+12	0.00e+00	0.00e+00	1.23e-27	2.03e-19	2.67e-12	1.69e-06	1.00e+00	0.00e+00	0.00e+00	0.00e+00	0.00e+00	0.00e+00
 2.91752e+12	0.00e+00	8.91e-37	1.69e-27	2.59e-19	3.16e-12	1.85e-06	1.00e+00	0.00e+00	0.00e+00	0.00e+00	0.00e+00	0.00e+00
 3.06415e+12	0.00e+00	0.00e+00	2.32e-27	3.31e-19	3.74e-12	2.02e-06	1.00e+00	0.00e+00	0.00e+00	0.00e+00	0.00e+00	0.00e+00
 3.21664e+12	0.00e+00	1.96e-36	3.20e-27	4.23e-19	4.43e-12	2.20e-06	1.00e+00	0.00e+00	0.00e+00	0.00e+00	0.00e+00	0.00e+00
 3.37523e+12	2.30e-46	2.90e-36	4.40e-27	5.41e-19	5.26e-12	2.41e-06	1.00e+00	0.00e+00	0.00e+00	0.00e+00	0.00e+00	0.00e+00
 3.54017e+12	0.00e+00	0.00e+00	6.06e-27	6.91e-19	6.24e-12	2.63e-06	1.00e+00	0.00e+00	0.00e+00	0.00e+00	0.00e+00	0.00e+00
 3.71170e+12	0.00e+00	6.34e-36	8.33e-27	8.83e-19	7.39e-12	2.87e-06	1.00e+00	0.00e+00	0.00e+00	0.00e+00	0.00e+00	0.00e+00
 3.89010e+12	9.33e-46	9.37e-36	1.15e-26	1.13e-18	8.78e-12	3.14e-06	1.00e+00	0.00e+00	0.00e+00	0.00e+00	0.00e+00	0.00e+00
 4.07563e+12	0.00e+00	0.00e+00	1.57e-26	1.44e-18	1.04e-11	3.43e-06	1.00e+00	0.00e+00	0.00e+00	0.00e+00	0.00e+00	0.00e+00
 4.26858e+12	0.00e+00	2.04e-35	2.16e-26	1.85e-18	1.24e-11	3.76e-06	1.00e+00	0.00e+00	0.00e+00	0.00e+00	0.00e+00	0.00e+00
 4.46505e+12	3.70e-45	2.97e-35	2.95e-26	2.35e-18	1.47e-11	4.11e-06	1.00e+00	0.00e+00	0.00e+00	0.00e+00	0.00e+00	0.00e+00
 4.66937e+12	0.00e+00	4.33e-35	4.01e-26	2.99e-18	1.74e-11	4.49e-06	1.00e+00	0.00e+00	0.00e+00	0.00e+00	0.00e+00	0.00e+00
 4.88607e+12	9.15e-45	6.36e-35	5.50e-26	3.82e-18	2.06e-11	4.92e-06	1.00e+00	0.00e+00	0.00e+00	0.00e+00	0.00e+00	0.00e+00
 5.11144e+12	0.00e+00	9.31e-35	7.53e-26	4.88e-18	2.45e-11	5.39e-06	1.00e+00	0.00e+00	0.00e+00	0.00e+00	0.00e+00	0.00e+00
 5.34583e+12	2.26e-44	1.36e-34	1.03e-25	6.23e-18	2.92e-11	5.90e-06	1.00e+00	0.00e+00	0.00e+00	0.00e+00	0.00e+00	0.00e+00
 5.58959e+12	0.00e+00	1.99e-34	1.41e-25	7.96e-18	3.47e-11	6.48e-06	1.00e+00	0.00e+00	0.00e+00	0.00e+00	0.00e+00	0.00e+00
 5.84310e+12	5.53e-44	2.89e-34	1.92e-25	1.02e-17	4.13e-11	7.10e-06	1.00e+00	0.00e+00	0.00e+00	0.00e+00	0.00e+00	0.00e+00
 6.10675e+12	0.00e+00	4.20e-34	2.61e-25	1.30e-17	4.91e-11	7.80e-06	1.00e+00	0.00e+00	0.00e+00	0.00e+00	0.00e+00	0.00e+00
 6.38095e+12	1.34e-43	6.09e-34	3.56e-25	1.65e-17	5.85e-11	8.56e-06	1.00e+00	0.00e+00	0.00e+00	0.00e+00	0.00e+00	0.00e+00
 6.63331e+12	0.00e+00	8.43e-34	4.67e-25	2.05e-17	6.82e-11	9.30e-06	1.00e+00	0.00e+00	0.00e+00	0.00e+00	0.00e+00	0.00e+00
 6.85039e+12	2.70e-43	1.11e-33	5.85e-25	2.45e-17	7.76e-11	9.97e-06	1.00e+00	0.00e+00	0.00e+00	0.00e+00	0.00e+00	0.00e+00
 7.09075e+12	0.00e+00	1.48e-33	7.44e-25	2.97e-17	8.90e-11	1.07e-05	1.00e+00	0.00e+00	0.00e+00	0.00e+00	0.00e+00	0.00e+00
 7.38610e+12	5.67e-43	2.07e-33	9.90e-25	3.73e-17	1.05e-10	1.18e-05	1.00e+00	0.00e+00	0.00e+00	0.00e+00	0.00e+00	0.00e+00
 7.68810e+12	0.00e+00	2.89e-33	1.31e-24	4.67e-17	1.23e-10	1.28e-05	1.00e+00	0.00e+00	0.00e+00	0.00e+00	0.00e+00	0.00e+00
 7.96153e+12	1.18e-42	3.86e-33	1.67e-24	5.68e-17	1.42e-10	1.39e-05	1.00e+00	0.00e+00	0.00e+00	0.00e+00	0.00e+00	0.00e+00
 8.26269e+12	0.00e+00	5.23e-33	2.16e-24	6.99e-17	1.65e-10	1.51e-05	1.00e+00	0.00e+00	0.00e+00	0.00e+00	0.00e+00	0.00e+00
 8.61653e+12	2.51e-42	7.37e-33	2.88e-24	8.84e-17	1.96e-10	1.66e-05	1.00e+00	0.00e+00	0.00e+00	0.00e+00	0.00e+00	0.00e+00
 8.96561e+12	0.00e+00	1.02e-32	3.79e-24	1.10e-16	2.30e-10	1.81e-05	1.00e+00	0.00e+00	0.00e+00	0.00e+00	0.00e+00	0.00e+00
 9.29148e+12	5.10e-42	1.35e-32	4.84e-24	1.35e-16	2.66e-10	1.97e-05	1.00e+00	0.00e+00	0.00e+00	0.00e+00	0.00e+00	0.00e+00
 9.65589e+12	0.00e+00	1.84e-32	6.31e-24	1.67e-16	3.11e-10	2.15e-05	1.00e+00	0.00e+00	0.00e+00	0.00e+00	0.00e+00	0.00e+00
 1.00721e+13	1.08e-41	2.58e-32	8.41e-24	2.11e-16	3.69e-10	2.37e-05	1.00e+00	0.00e+00	0.00e+00	0.00e+00	0.00e+00	0.00e+00
 1.04856e+13	0.00e+00	3.55e-32	1.11e-23	2.65e-16	4.34e-10	2.59e-05	1.00e+00	0.00e+00	0.00e+00	0.00e+00	0.00e+00	0.00e+00
 1.09156e+13	2.25e-41	4.87e-32	1.45e-23	3.31e-16	5.11e-10	2.85e-05	1.00e+00	0.00e+00	0.00e+00	0.00e+00	0.00e+00	0.00e+00
 1.13822e+13	0.00e+00	6.77e-32	1.93e-23	4.19e-16	6.05e-10	3.13e-05	1.00e+00	0.00e+00	0.00e+00	0.00e+00	0.00e+00	0.00e+00
 1.18674e+13	4.80e-41	9.40e-32	2.56e-23	5.29e-16	7.15e-10	3.45e-05	1.00e+00	0.00e+00	0.00e+00	0.00e+00	0.00e+00	0.00e+00
 1.23720e+13	0.00e+00	1.30e-31	3.40e-23	6.67e-16	8.45e-10	3.79e-05	1.00e+00	0.00e+00	0.00e+00	0.00e+00	0.00e+00	0.00e+00
 1.28857e+13	1.01e-40	1.80e-31	4.48e-23	8.38e-16	9.94e-10	4.16e-05	1.00e+00	0.00e+00	0.00e+00	0.00e+00	0.00e+00	0.00e+00
 1.34200e+13	0.00e+00	2.48e-31	5.91e-23	1.05e-15	1.17e-09	4.56e-05	1.00e+00	0.00e+00	0.00e+00	0.00e+00	0.00e+00	0.00e+00
 1.39867e+13	2.13e-40	3.44e-31	7.85e-23	1.33e-15	1.38e-09	5.01e-05	1.00e+00	0.00e+00	0.00e+00	0.00e+00	0.00e+00	0.00e+00
 1.45761e+13	0.00e+00	4.78e-31	1.04e-22	1.67e-15	1.62e-09	5.50e-05	1.00e+00	0.00e+00	0.00e+00	0.00e+00	0.00e+00	0.00e+00
 1.51891e+13	4.55e-40	6.65e-31	1.39e-22	2.11e-15	1.91e-09	6.03e-05	1.00e+00	0.00e+00	0.00e+00	0.00e+00	0.00e+00	0.00e+00
 1.58266e+13	0.00e+00	9.28e-31	1.84e-22	2.66e-15	2.24e-09	6.61e-05	1.00e+00	0.00e+00	0.00e+00	0.00e+00	0.00e+00	0.00e+00
 1.64896e+13	9.83e-40	1.30e-30	2.46e-22	3.35e-15	2.64e-09	7.24e-05	1.00e+00	0.00e+00	0.00e+00	0.00e+00	0.00e+00	0.00e+00
 1.71791e+13	0.00e+00	1.82e-30	3.28e-22	4.23e-15	3.10e-09	7.92e-05	1.00e+00	0.00e+00	0.00e+00	0.00e+00	0.00e+00	0.00e+00
 1.78962e+13	2.15e-39	2.56e-30	4.37e-22	5.33e-15	3.63e-09	8.66e-05	1.00e+00	0.00e+00	0.00e+00	0.00e+00	0.00e+00	0.00e+00
 1.86419e+13	0.00e+00	3.61e-30	5.85e-22	6.73e-15	4.26e-09	9.47e-05	1.00e+00	0.00e+00	0.00e+00	0.00e+00	0.00e+00	0.00e+00
 1.93981e+13	4.72e-39	5.05e-30	7.77e-22	8.44e-15	4.98e-09	1.03e-04	1.00e+00	0.00e+00	0.00e+00	0.00e+00	0.00e+00	0.00e+00
 2.01201e+13	0.00e+00	6.89e-30	1.01e-21	1.04e-14	5.75e-09	1.12e-04	1.00e+00	0.00e+00	0.00e+00	0.00e+00	0.00e+00	0.00e+00
 2.08905e+13	9.89e-39	9.55e-30	1.33e-21	1.29e-14	6.65e-09	1.21e-04	1.00e+00	0.00e+00	0.00e+00	0.00e+00	0.00e+00	0.00e+00
 2.17560e+13	0.00e+00	1.36e-29	1.78e-21	1.63e-14	7.79e-09	1.32e-04	1.00e+00	0.00e+00	0.00e+00	0.00e+00	0.00e+00	0.00e+00
 2.26191e+13	2.22e-38	1.91e-29	2.37e-21	2.04e-14	9.07e-09	1.43e-04	1.00e+00	0.00e+00	0.00e+00	0.00e+00	0.00e+00	0.00e+00
 2.35167e+13	0.00e+00	2.70e-29	3.16e-21	2.55e-14	1.06e-08	1.55e-04	1.00e+00	0.00e+00	0.00e+00	0.00e+00	0.00e+00	0.00e+00
 2.44873e+13	5.05e-38	3.86e-29	4.26e-21	3.22e-14	1.24e-08	1.69e-04	1.00e+00	0.00e+00	0.00e+00	0.00e+00	0.00e+00	0.00e+00
 2.54967e+13	0.00e+00	5.54e-29	5.75e-21	4.06e-14	1.45e-08	1.84e-04	1.00e+00	0.00e+00	0.00e+00	0.00e+00	0.00e+00	0.00e+00
 2.65465e+13	1.18e-37	7.98e-29	7.76e-21	5.13e-14	1.69e-08	2.00e-04	1.00e+00	0.00e+00	0.00e+00	0.00e+00	0.00e+00	0.00e+00
 2.76382e+13	0.00e+00	1.15e-28	1.05e-20	6.48e-14	1.98e-08	2.18e-04	1.00e+00	0.00e+00	0.00e+00	0.00e+00	0.00e+00	0.00e+00
 2.87737e+13	2.80e-37	1.66e-28	1.42e-20	8.18e-14	2.32e-08	2.37e-04	1.00e+00	0.00e+00	0.00e+00	0.00e+00	0.00e+00	0.00e+00
 2.99546e+13	0.00e+00	2.40e-28	1.92e-20	1.03e-13	2.71e-08	2.57e-04	1.00e+00	0.00e+00	0.00e+00	0.00e+00	0.00e+00	0.00e+00
 3.11827e+13	6.69e-37	3.48e-28	2.61e-20	1.31e-13	3.18e-08	2.79e-04	1.00e+00	0.00e+00	0.00e+00	0.00e+00	0.00e+00	0.00e+00
 3.23442e+13	0.00e+00	4.89e-28	3.44e-20	1.62e-13	3.66e-08	3.01e-04	1.00e+00	0.00e+00	0.00e+00	0.00e+00	0.00e+00	0.00e+00
 3.33926e+13	1.41e-36	6.57e-28	4.38e-20	1.95e-13	4.15e-08	3.21e-04	1.00e+00	0.00e+00	0.00e+00	0.00e+00	0.00e+00	0.00e+00
 3.45725e+13	0.00e+00	9.11e-28	5.72e-20	2.39e-13	4.76e-08	3.45e-04	1.00e+00	0.00e+00	0.00e+00	0.00e+00	0.00e+00	0.00e+00
 3.59591e+13	3.21e-36	1.32e-27	7.72e-20	3.00e-13	5.55e-08	3.73e-04	1.00e+00	0.00e+00	0.00e+00	0.00e+00	0.00e+00	0.00e+00
 3.73343e+13	0.00e+00	1.88e-27	1.03e-19	3.74e-13	6.43e-08	4.03e-04	1.00e+00	0.00e+00	0.00e+00	0.00e+00	0.00e+00	0.00e+00
 3.86270e+13	7.18e-36	2.59e-27	1.34e-19	4.57e-13	7.34e-08	4.32e-04	1.00e+00	0.00e+00	0.00e+00	0.00e+00	0.00e+00	0.00e+00
 4.00645e+13	0.00e+00	3.66e-27	1.77e-19	5.66e-13	8.47e-08	4.64e-04	1.00e+00	0.00e+00	0.00e+00	0.00e+00	0.00e+00	0.00e+00
 4.16970e+13	1.70e-35	5.36e-27	2.41e-19	7.15e-13	9.91e-08	5.03e-04	9.99e-01	0.00e+00	0.00e+00	0.00e+00	0.00e+00	0.00e+00
 4.33149e+13	0.00e+00	7.72e-27	3.24e-19	8.94e-13	1.15e-07	5.43e-04	9.99e-01	0.00e+00	0.00e+00	0.00e+00	0.00e+00	0.00e+00
 4.49976e+13	4.07e-35	1.11e-26	4.36e-19	1.12e-12	1.34e-07	5.87e-04	9.99e-01	0.00e+00	0.00e+00	0.00e+00	0.00e+00	0.00e+00
 4.68274e+13	6.43e-35	1.63e-26	5.94e-19	1.41e-12	1.56e-07	6.35e-04	9.99e-01	0.00e+00	0.00e+00	0.00e+00	0.00e+00	0.00e+00
 4.86888e+13	1.01e-34	2.38e-26	8.05e-19	1.78e-12	1.82e-07	6.87e-04	9.99e-01	0.00e+00	0.00e+00	0.00e+00	0.00e+00	0.00e+00
 5.06247e+13	1.58e-34	3.48e-26	1.09e-18	2.24e-12	2.12e-07	7.42e-04	9.99e-01	0.00e+00	0.00e+00	0.00e+00	0.00e+00	0.00e+00
 5.26796e+13	2.51e-34	5.12e-26	1.49e-18	2.83e-12	2.48e-07	8.03e-04	9.99e-01	0.00e+00	0.00e+00	0.00e+00	0.00e+00	0.00e+00
 5.48167e+13	4.00e-34	7.54e-26	2.03e-18	3.58e-12	2.90e-07	8.69e-04	9.99e-01	0.00e+00	0.00e+00	0.00e+00	0.00e+00	0.00e+00
 5.70393e+13	6.36e-34	1.11e-25	2.78e-18	4.53e-12	3.39e-07	9.40e-04	9.99e-01	0.00e+00	0.00e+00	0.00e+00	0.00e+00	0.00e+00
 5.93508e+13	1.01e-33	1.64e-25	3.80e-18	5.72e-12	3.97e-07	1.02e-03	9.99e-01	0.00e+00	0.00e+00	0.00e+00	0.00e+00	0.00e+00
 6.17548e+13	1.62e-33	2.43e-25	5.19e-18	7.24e-12	4.64e-07	1.10e-03	9.99e-01	0.00e+00	0.00e+00	0.00e+00	0.00e+00	0.00e+00
 6.42549e+13	2.59e-33	3.59e-25	7.09e-18	9.16e-12	5.43e-07	1.19e-03	9.99e-01	0.00e+00	0.00e+00	0.00e+00	0.00e+00	0.00e+00
 6.67534e+13	4.07e-33	5.22e-25	9.58e-18	1.15e-11	6.31e-07	1.28e-03	9.99e-01	0.00e+00	0.00e+00	0.00e+00	0.00e+00	0.00e+00
 6.93519e+13	6.40e-33	7.62e-25	1.30e-17	1.44e-11	7.33e-07	1.38e-03	9.99e-01	0.00e+00	0.00e+00	0.00e+00	0.00e+00	0.00e+00
 7.21559e+13	1.03e-32	1.13e-24	1.77e-17	1.82e-11	8.58e-07	1.49e-03	9.99e-01	0.00e+00	0.00e+00	0.00e+00	0.00e+00	0.00e+00
 7.50720e+13	1.66e-32	1.68e-24	2.44e-17	2.30e-11	1.00e-06	1.61e-03	9.98e-01	0.00e+00	0.00e+00	0.00e+00	0.00e+00	0.00e+00
 7.81048e+13	2.64e-32	2.48e-24	3.32e-17	2.91e-11	1.17e-06	1.74e-03	9.98e-01	0.00e+00	0.00e+00	0.00e+00	0.00e+00	0.00e+00
 8.12589e+13	4.24e-32	3.67e-24	4.55e-17	3.68e-11	1.37e-06	1.89e-03	9.98e-01	0.00e+00	0.00e+00	0.00e+00	0.00e+00	0.00e+00
 8.45392e+13	6.80e-32	5.45e-24	6.23e-17	4.66e-11	1.60e-06	2.04e-03	9.98e-01	0.00e+00	0.00e+00	0.00e+00	0.00e+00	0.00e+00
 8.79507e+13	1.09e-31	8.08e-24	8.54e-17	5.89e-11	1.87e-06	2.20e-03	9.98e-01	0.00e+00	0.00e+00	0.00e+00	0.00e+00	0.00e+00
 9.14987e+13	1.76e-31	1.20e-23	1.17e-16	7.45e-11	2.19e-06	2.38e-03	9.98e-01	0.00e+00	0.00e+00	0.00e+00	0.00e+00	0.00e+00
 9.49561e+13	2.74e-31	1.73e-23	1.57e-16	9.28e-11	2.54e-06	2.56e-03	9.97e-01	0.00e+00	0.00e+00	0.00e+00	0.00e+00	0.00e+00
 9.82479e+13	4.12e-31	2.44e-23	2.06e-16	1.14e-10	2.90e-06	2.74e-03	9.97e-01	0.00e+00	0.00e+00	0.00e+00	0.00e+00	0.00e+00
 1.01904e+14	6.38e-31	3.50e-23	2.75e-16	1.41e-10	3.35e-06	2.94e-03	9.97e-01	0.00e+00	0.00e+00	0.00e+00	0.00e+00	0.00e+00
 1.06010e+14	1.02e-30	5.19e-23	3.77e-16	1.79e-10	3.92e-06	3.18e-03	9.97e-01	0.00e+00	0.00e+00	0.00e+00	0.00e+00	0.00e+00
 1.10159e+14	1.62e-30	7.61e-23	5.11e-16	2.24e-10	4.57e-06	3.42e-03	9.97e-01	0.00e+00	0.00e+00	0.00e+00	0.00e+00	0.00e+00
 1.14473e+14	2.56e-30	1.11e-22	6.94e-16	2.82e-10	5.32e-06	3.69e-03	9.96e-01	0.00e+00	0.00e+00	0.00e+00	0.00e+00	0.00e+00
 1.19082e+14	4.10e-30	1.65e-22	9.49e-16	3.56e-10	6.21e-06	3.99e-03	9.96e-01	0.00e+00	0.00e+00	0.00e+00	0.00e+00	0.00e+00
 1.23396e+14	6.26e-30	2.35e-22	1.26e-15	4.40e-10	7.16e-06	4.28e-03	9.96e-01	0.00e+00	0.00e+00	0.00e+00	0.00e+00	0.00e+00
 1.27216e+14	9.00e-30	3.17e-22	1.60e-15	5.28e-10	8.07e-06	4.55e-03	9.95e-01	0.00e+00	0.00e+00	0.00e+00	0.00e+00	0.00e+00
 1.31484e+14	1.33e-29	4.40e-22	2.08e-15	6.42e-10	9.20e-06	4.86e-03	9.95e-01	0.00e+00	0.00e+00	0.00e+00	0.00e+00	0.00e+00
 1.36589e+14	2.08e-29	6.40e-22	2.81e-15	8.05e-10	1.07e-05	5.24e-03	9.95e-01	0.00e+00	0.00e+00	0.00e+00	0.00e+00	0.00e+00
 1.41699e+14	3.21e-29	9.18e-22	3.76e-15	1.00e-09	1.24e-05	5.64e-03	9.94e-01	0.00e+00	0.00e+00	0.00e+00	0.00e+00	0.00e+00
 1.46402e+14	4.71e-29	1.27e-21	4.86e-15	1.22e-09	1.41e-05	6.01e-03	9.94e-01	0.00e+00	0.00e+00	0.00e+00	0.00e+00	0.00e+00
 1.51656e+14	7.10e-29	1.79e-21	6.41e-15	1.50e-09	1.62e-05	6.45e-03	9.94e-01	0.00e+00	0.00e+00	0.00e+00	0.00e+00	0.00e+00
 1.57734e+14	1.12e-28	2.62e-21	8.74e-15	1.89e-09	1.89e-05	6.98e-03	9.93e-01	0.00e+00	0.00e+00	0.00e+00	0.00e+00	0.00e+00
 1.63661e+14	1.72e-28	3.75e-21	1.17e-14	2.36e-09	2.19e-05	7.52e-03	9.92e-01	0.00e+00	0.00e+00	0.00e+00	0.00e+00	0.00e+00
 1.69266e+14	2.55e-28	5.21e-21	1.52e-14	2.88e-09	2.50e-05	8.04e-03	9.92e-01	0.00e+00	0.00e+00	0.00e+00	0.00e+00	0.00e+00
 1.75506e+14	3.86e-28	7.39e-21	2.02e-14	3.57e-09	2.88e-05	8.66e-03	9.91e-01	0.00e+00	0.00e+00	0.00e+00	0.00e+00	0.00e+00
 1.82557e+14	6.05e-28	1.08e-20	2.74e-14	4.50e-09	3.37e-05	9.38e-03	9.91e-01	0.00e+00	0.00e+00	0.00e+00	0.00e+00	0.00e+00
 1.89611e+14	9.32e-28	1.55e-20	3.69e-14	5.64e-09	3.92e-05	1.01e-02	9.90e-01	0.00e+00	0.00e+00	0.00e+00	0.00e+00	0.00e+00
 1.96947e+14	1.43e-27	2.23e-20	4.96e-14	7.06e-09	4.55e-05	1.09e-02	9.89e-01	0.00e+00	0.00e+00	0.00e+00	0.00e+00	0.00e+00
 2.04855e+14	2.23e-27	3.24e-20	6.72e-14	8.92e-09	5.32e-05	1.19e-02	9.88e-01	0.00e+00	0.00e+00	0.00e+00	0.00e+00	0.00e+00
 2.13079e+14	3.47e-27	4.72e-20	9.13e-14	1.13e-08	6.21e-05	1.29e-02	9.87e-01	0.00e+00	0.00e+00	0.00e+00	0.00e+00	0.00e+00
 2.21633e+14	5.38e-27	6.85e-20	1.24e-13	1.42e-08	7.25e-05	1.39e-02	9.86e-01	0.00e+00	0.00e+00	0.00e+00	0.00e+00	0.00e+00
 2.30528e+14	8.28e-27	9.90e-20	1.67e-13	1.79e-08	8.47e-05	1.51e-02	9.85e-01	0.00e+00	0.00e+00	0.00e+00	0.00e+00	0.00e+00
 2.39779e+14	1.28e-26	1.43e-19	2.27e-13	2.26e-08	9.89e-05	1.64e-02	9.83e-01	0.00e+00	0.00e+00	0.00e+00	0.00e+00	0.00e+00
 2.49400e+14	1.96e-26	2.06e-19	3.06e-13	2.85e-08	1.15e-04	1.78e-02	9.82e-01	0.00e+00	0.00e+00	0.00e+00	0.00e+00	0.00e+00
 2.58884e+14	2.93e-26	2.91e-19	4.08e-13	3.55e-08	1.34e-04	1.92e-02	9.81e-01	0.00e+00	0.00e+00	0.00e+00	0.00e+00	0.00e+00
 2.68748e+14	4.37e-26	4.11e-19	5.42e-13	4.43e-08	1.55e-04	2.08e-02	9.79e-01	0.00e+00	0.00e+00	0.00e+00	0.00e+00	0.00e+00
 2.79527e+14	6.66e-26	5.90e-19	7.32e-13	5.59e-08	1.81e-04	2.26e-02	9.77e-01	0.00e+00	0.00e+00	0.00e+00	0.00e+00	0.00e+00
 2.90351e+14	9.94e-26	8.35e-19	9.77e-13	6.99e-08	2.10e-04	2.45e-02	9.75e-01	0.00e+00	0.00e+00	0.00e+00	0.00e+00	0.00e+00
 3.01608e+14	1.48e-25	1.18e-18	1.30e-12	8.74e-08	2.43e-04	2.66e-02	9.73e-01	0.00e+00	0.00e+00	0.00e+00	0.00e+00	0.00e+00
 3.12574e+14	2.14e-25	1.63e-18	1.71e-12	1.08e-07	2.80e-04	2.87e-02	9.71e-01	0.00e+00	0.00e+00	0.00e+00	0.00e+00	0.00e+00
 3.22290e+14	2.93e-25	2.14e-18	2.15e-12	1.29e-07	3.15e-04	3.06e-02	9.69e-01	0.00e+00	0.00e+00	0.00e+00	0.00e+00	0.00e+00
 3.33051e+14	4.11e-25	2.88e-18	2.75e-12	1.57e-07	3.58e-04	3.28e-02	9.67e-01	0.00e+00	0.00e+00	0.00e+00	0.00e+00	0.00e+00
 3.45931e+14	6.02e-25	4.03e-18	3.66e-12	1.96e-07	4.15e-04	3.56e-02	9.64e-01	0.00e+00	0.00e+00	0.00e+00	0.00e+00	0.00e+00
 3.58933e+14	8.75e-25	5.61e-18	4.83e-12	2.43e-07	4.79e-04	3.86e-02	9.61e-01	0.00e+00	0.00e+00	0.00e+00	0.00e+00	0.00e+00
 3.71103e+14	1.22e-24	7.55e-18	6.21e-12	2.96e-07	5.45e-04	4.14e-02	9.58e-01	0.00e+00	0.00e+00	0.00e+00	0.00e+00	0.00e+00
 3.84625e+14	1.76e-24	1.04e-17	8.13e-12	3.65e-07	6.26e-04	4.47e-02	9.55e-01	0.00e+00	0.00e+00	0.00e+00	0.00e+00	0.00e+00
 4.00040e+14	2.61e-24	1.48e-17	1.09e-11	4.59e-07	7.28e-04	4.87e-02	9.51e-01	0.00e+00	0.00e+00	0.00e+00	0.00e+00	0.00e+00
 4.14341e+14	3.70e-24	2.02e-17	1.42e-11	5.64e-07	8.34e-04	5.25e-02	9.47e-01	0.00e+00	0.00e+00	0.00e+00	0.00e+00	0.00e+00
 4.26803e+14	4.98e-24	2.63e-17	1.78e-11	6.71e-07	9.34e-04	5.59e-02	9.43e-01	0.00e+00	0.00e+00	0.00e+00	0.00e+00	0.00e+00
 4.40646e+14	6.86e-24	3.50e-17	2.26e-11	8.08e-07	1.05e-03	5.98e-02	9.39e-01	0.00e+00	0.00e+00	0.00e+00	0.00e+00	0.00e+00
 4.57455e+14	9.99e-24	4.91e-17	3.00e-11	1.01e-06	1.22e-03	6.47e-02	9.34e-01	0.00e+00	0.00e+00	0.00e+00	0.00e+00	0.00e+00
 4.74388e+14	1.44e-23	6.81e-17	3.96e-11	1.25e-06	1.40e-03	6.99e-02	9.29e-01	0.00e+00	0.00e+00	0.00e+00	0.00e+00	0.00e+00
 4.89651e+14	1.98e-23	9.07e-17	5.03e-11	1.50e-06	1.58e-03	7.47e-02	9.24e-01	0.00e+00	0.00e+00	0.00e+00	0.00e+00	0.00e+00
 5.06474e+14	2.79e-23	1.23e-16	6.50e-11	1.82e-06	1.79e-03	8.01e-02	9.18e-01	0.00e+00	0.00e+00	0.00e+00	0.00e+00	0.00e+00
 5.26318e+14	4.13e-23	1.75e-16	8.71e-11	2.28e-06	2.07e-03	8.67e-02	9.11e-01	0.00e+00	0.00e+00	0.00e+00	0.00e+00	0.00e+00
 5.45817e+14	5.98e-23	2.44e-16	1.15e-10	2.82e-06	2.38e-03	9.35e-02	9.04e-01	0.00e+00	0.00e+00	0.00e+00	0.00e+00	0.00e+00
 5.63720e+14	8.31e-23	3.28e-16	1.47e-10	3.40e-06	2.68e-03	9.98e-02	8.98e-01	0.00e+00	0.00e+00	0.00e+00	0.00e+00	0.00e+00
 5.83820e+14	1.19e-22	4.53e-16	1.92e-10	4.17e-06	3.06e-03	1.07e-01	8.90e-01	0.00e+00	0.00e+00	0.00e+00	0.00e+00	0.00e+00
 6.07099e+14	1.78e-22	6.50e-16	2.59e-10	5.23e-06	3.53e-03	1.16e-01	8.81e-01	0.00e+00	0.00e+00	0.00e+00	0.00e+00	0.00e+00
 6.29902e+14	2.61e-22	9.14e-16	3.44e-10	6.47e-06	4.05e-03	1.25e-01	8.71e-01	0.00e+00	0.00e+00	0.00e+00	0.00e+00	0.00e+00
 6.51576e+14	3.70e-22	1.25e-15	4.45e-10	7.86e-06	4.59e-03	1.33e-01	8.62e-01	0.00e+00	0.00e+00	0.00e+00	0.00e+00	0.00e+00
 6.75627e+14	5.40e-22	1.75e-15	5.87e-10	9.68e-06	5.24e-03	1.43e-01	8.52e-01	0.00e+00	0.00e+00	0.00e+00	0.00e+00	0.00e+00
 7.02682e+14	8.14e-22	2.53e-15	7.93e-10	1.21e-05	6.05e-03	1.54e-01	8.40e-01	0.00e+00	0.00e+00	0.00e+00	0.00e+00	0.00e+00
 7.29880e+14	1.21e-21	3.60e-15	1.06e-09	1.51e-05	6.94e-03	1.65e-01	8.28e-01	0.00e+00	0.00e+00	0.00e+00	0.00e+00	0.00e+00
 7.58167e+14	1.81e-21	5.13e-15	1.42e-09	1.87e-05	7.96e-03	1.77e-01	8.15e-01	0.00e+00	0.00e+00	0.00e+00	0.00e+00	0.00e+00
 7.88523e+14	2.73e-21	7.42e-15	1.91e-09	2.33e-05	9.15e-03	1.90e-01	8.01e-01	0.00e+00	0.00e+00	0.00e+00	0.00e+00	0.00e+00
 8.20094e+14	4.13e-21	1.07e-14	2.58e-09	2.91e-05	1.05e-02	2.03e-01	7.86e-01	0.00e+00	0.00e+00	0.00e+00	0.00e+00	0.00e+00
 8.52928e+14	6.27e-21	1.55e-14	3.47e-09	3.63e-05	1.21e-02	2.18e-01	7.70e-01	0.00e+00	0.00e+00	0.00e+00	0.00e+00	0.00e+00
 8.87075e+14	9.51e-21	2.24e-14	4.67e-09	4.51e-05	1.38e-02	2.32e-01	7.54e-01	0.00e+00	0.00e+00	0.00e+00	0.00e+00	0.00e+00
 9.22588e+14	1.45e-20	3.24e-14	6.28e-09	5.61e-05	1.58e-02	2.48e-01	7.36e-01	0.00e+00	0.00e+00	0.00e+00	0.00e+00	0.00e+00
 9.56427e+14	2.12e-20	4.54e-14	8.24e-09	6.84e-05	1.79e-02	2.62e-01	7.20e-01	0.00e+00	0.00e+00	0.00e+00	0.00e+00	0.00e+00
 9.87403e+14	2.99e-20	6.12e-14	1.05e-08	8.14e-05	1.99e-02	2.75e-01	7.05e-01	0.00e+00	0.00e+00	0.00e+00	0.00e+00	0.00e+00
 1.01746e+15	4.12e-20	8.11e-14	1.31e-08	9.58e-05	2.20e-02	2.88e-01	6.90e-01	0.00e+00	0.00e+00	0.00e+00	0.00e+00	0.00e+00
 1.05155e+15	5.86e-20	1.10e-13	1.68e-08	1.14e-04	2.46e-02	3.02e-01	6.73e-01	0.00e+00	0.00e+00	0.00e+00	0.00e+00	0.00e+00
 1.08952e+15	8.55e-20	1.54e-13	2.18e-08	1.39e-04	2.76e-02	3.18e-01	6.54e-01	0.00e+00	0.00e+00	0.00e+00	0.00e+00	0.00e+00
 1.12514e+15	1.21e-19	2.07e-13	2.77e-08	1.64e-04	3.06e-02	3.33e-01	6.37e-01	0.00e+00	0.00e+00	0.00e+00	0.00e+00	0.00e+00
 1.16407e+15	1.74e-19	2.84e-13	3.55e-08	1.97e-04	3.41e-02	3.48e-01	6.18e-01	0.00e+00	0.00e+00	0.00e+00	0.00e+00	0.00e+00
 1.20806e+15	2.59e-19	4.01e-13	4.66e-08	2.39e-04	3.83e-02	3.65e-01	5.97e-01	0.00e+00	0.00e+00	0.00e+00	0.00e+00	0.00e+00
 1.24918e+15	3.71e-19	5.46e-13	5.94e-08	2.84e-04	4.25e-02	3.80e-01	5.77e-01	0.00e+00	0.00e+00	0.00e+00	0.00e+00	0.00e+00
 1.28717e+15	5.11e-19	7.18e-13	7.37e-08	3.31e-04	4.66e-02	3.93e-01	5.60e-01	0.00e+00	0.00e+00	0.00e+00	0.00e+00	0.00e+00
 1.33053e+15	7.29e-19	9.72e-13	9.34e-08	3.92e-04	5.14e-02	4.08e-01	5.40e-01	0.00e+00	0.00e+00	0.00e+00	0.00e+00	0.00e+00
 1.38215e+15	1.09e-18	1.38e-12	1.23e-07	4.75e-04	5.75e-02	4.25e-01	5.17e-01	0.00e+00	0.00e+00	0.00e+00	0.00e+00	0.00e+00
 1.43288e+15	1.61e-18	1.91e-12	1.58e-07	5.68e-04	6.39e-02	4.40e-01	4.95e-01	0.00e+00	0.00e+00	0.00e+00	0.00e+00	0.00e+00
 1.47858e+15	2.24e-18	2.53e-12	1.97e-07	6.63e-04	6.98e-02	4.53e-01	4.76e-01	0.00e+00	0.00e+00	0.00e+00	0.00e+00	0.00e+00
 1.52936e+15	3.21e-18	3.42e-12	2.49e-07	7.82e-04	7.67e-02	4.67e-01	4.56e-01	0.00e+00	0.00e+00	0.00e+00	0.00e+00	0.00e+00
 1.58924e+15	4.81e-18	4.82e-12	3.25e-07	9.41e-04	8.52e-02	4.82e-01	4.32e-01	0.00e+00	0.00e+00	0.00e+00	0.00e+00	0.00e+00
 1.64839e+15	7.08e-18	6.66e-12	4.17e-07	1.12e-03	9.40e-02	4.95e-01	4.10e-01	0.00e+00	0.00e+00	0.00e+00	0.00e+00	0.00e+00
 1.70329e+15	9.98e-18	8.88e-12	5.21e-07	1.31e-03	1.02e-01	5.06e-01	3.90e-01	0.00e+00	0.00e+00	0.00e+00	0.00e+00	0.00e+00
 1.76484e+15	1.45e-17	1.21e-11	6.61e-07	1.54e-03	1.12e-01	5.17e-01	3.69e-01	0.00e+00	0.00e+00	0.00e+00	0.00e+00	0.00e+00
 1.83547e+15	2.18e-17	1.70e-11	8.59e-07	1.84e-03	1.24e-01	5.28e-01	3.46e-01	0.00e+00	0.00e+00	0.00e+00	0.00e+00	0.00e+00
 1.90481e+15	3.26e-17	2.34e-11	1.10e-06	2.18e-03	1.35e-01	5.38e-01	3.25e-01	0.00e+00	0.00e+00	1.85e-17	9.96e-18	3.74e-18
 1.97694e+15	4.75e-17	3.22e-11	1.40e-06	2.57e-03	1.48e-01	5.46e-01	3.04e-01	0.00e+00	0.00e+00	2.69e-17	1.48e-17	5.33e-18
 2.05604e+15	7.13e-17	4.49e-11	1.80e-06	3.05e-03	1.62e-01	5.53e-01	2.83e-01	0.00e+00	0.00e+00	4.04e-17	2.21e-17	7.95e-18
 2.13592e+15	1.05e-16	6.18e-11	2.30e-06	3.59e-03	1.76e-01	5.58e-01	2.63e-01	0.00e+00	0.00e+00	5.99e-17	3.25e-17	1.17e-17
 2.21899e+15	1.56e-16	8.49e-11	2.92e-06	4.21e-03	1.91e-01	5.62e-01	2.43e-01	0.00e+00	0.00e+00	8.87e-17	4.79e-17	1.72e-17
 2.30778e+15	2.32e-16	1.17e-10	3.73e-06	4.96e-03	2.07e-01	5.64e-01	2.24e-01	0.00e+00	0.00e+00	1.32e-16	7.12e-17	2.55e-17
 2.40012e+15	3.45e-16	1.62e-10	4.75e-06	5.82e-03	2.24e-01	5.64e-01	2.06e-01	0.00e+00	0.00e+00	1.97e-16	1.06e-16	3.77e-17
 2.49615e+15	5.12e-16	2.22e-10	6.04e-06	6.81e-03	2.42e-01	5.63e-01	1.88e-01	0.00e+00	0.00e+00	2.93e-16	1.57e-16	5.56e-17
 2.59603e+15	7.58e-16	3.05e-10	7.64e-06	7.94e-03	2.60e-01	5.60e-01	1.72e-01	0.00e+00	0.00e+00	4.35e-16	2.32e-16	8.20e-17
 2.69990e+15	1.12e-15	4.17e-10	9.65e-06	9.24e-03	2.79e-01	5.55e-01	1.56e-01	0.00e+00	0.00e+00	6.43e-16	3.42e-16	1.21e-16
 2.79243e+15	1.56e-15	5.43e-10	1.18e-05	1.05e-02	2.96e-01	5.50e-01	1.44e-01	0.00e+00	0.00e+00	8.97e-16	4.76e-16	1.67e-16
 2.86800e+15	2.03e-15	6.70e-10	1.37e-05	1.16e-02	3.10e-01	5.44e-01	1.34e-01	0.00e+00	0.00e+00	1.17e-15	6.20e-16	2.17e-16
 2.95078e+15	2.69e-15	8.34e-10	1.62e-05	1.29e-02	3.24e-01	5.38e-01	1.25e-01	0.00e+00	0.00e+00	1.54e-15	8.18e-16	2.86e-16
 3.05754e+15	3.80e-15	1.10e-09	1.98e-05	1.47e-02	3.43e-01	5.29e-01	1.13e-01	0.00e+00	0.00e+00	2.19e-15	1.16e-15	4.04e-16
 3.17117e+15	5.44e-15	1.46e-09	2.44e-05	1.67e-02	3.62e-01	5.19e-01	1.02e-01	0.00e+00	0.00e+00	3.13e-15	1.65e-15	5.75e-16
 3.27106e+15	7.34e-15	1.84e-09	2.90e-05	1.86e-02	3.79e-01	5.09e-01	9.37e-02	0.00e+00	0.00e+00	4.22e-15	2.23e-15	7.73e-16
 3.37737e+15	9.99e-15	2.34e-09	3.47e-05	2.08e-02	3.96e-01	4.98e-01	8.53e-02	0.00e+00	0.00e+00	5.75e-15	3.04e-15	1.05e-15
 3.50622e+15	1.43e-14	3.10e-09	4.26e-05	2.36e-02	4.16e-01	4.84e-01	7.62e-02	0.00e+00	0.00e+00	8.25e-15	4.36e-15	1.50e-15
 3.63386e+15	2.01e-14	4.04e-09	5.17e-05	2.66e-02	4.35e-01	4.70e-01	6.83e-02	0.00e+00	0.00e+00	1.16e-14	6.11e-15	2.10e-15
 3.74691e+15	2.69e-14	5.05e-09	6.10e-05	2.94e-02	4.51e-01	4.57e-01	6.19e-02	0.00e+00	0.00e+00	1.55e-14	8.17e-15	2.80e-15
 3.87150e+15	3.66e-14	6.42e-09	7.26e-05	3.27e-02	4.69e-01	4.43e-01	5.57e-02	0.00e+00	0.00e+00	2.11e-14	1.11e-14	3.80e-15
 4.02077e+15	5.23e-14	8.44e-09	8.87e-05	3.68e-02	4.88e-01	4.26e-01	4.91e-02	0.00e+00	0.00e+00	3.02e-14	1.59e-14	5.41e-15
 4.16824e+15	7.33e-14	1.09e-08	1.07e-04	4.12e-02	5.06e-01	4.09e-01	4.34e-02	0.00e+00	0.00e+00	4.24e-14	2.23e-14	7.56e-15
 4.29989e+15	9.78e-14	1.36e-08	1.26e-04	4.53e-02	5.21e-01	3.94e-01	3.89e-02	0.00e+00	0.00e+00	5.65e-14	2.97e-14	1.01e-14
 4.44485e+15	1.33e-13	1.72e-08	1.49e-04	5.00e-02	5.37e-01	3.78e-01	3.45e-02	0.00e+00	0.00e+00	7.71e-14	4.05e-14	1.37e-14
 4.61733e+15	1.90e-13	2.26e-08	1.81e-04	5.59e-02	5.54e-01	3.60e-01	3.00e-02	0.00e+00	0.00e+00	1.10e-13	5.77e-14	1.94e-14
 4.78954e+15	2.67e-13	2.92e-08	2.18e-04	6.22e-02	5.70e-01	3.41e-01	2.61e-02	0.00e+00	0.00e+00	1.54e-13	8.11e-14	2.72e-14
 4.94846e+15	3.61e-13	3.66e-08	2.56e-04	6.82e-02	5.83e-01	3.25e-01	2.30e-02	0.00e+00	0.00e+00	2.09e-13	1.10e-13	3.68e-14
 5.12615e+15	5.00e-13	4.68e-08	3.05e-04	7.53e-02	5.97e-01	3.08e-01	2.00e-02	0.00e+00	0.00e+00	2.89e-13	1.52e-13	5.09e-14
 5.32458e+15	7.11e-13	6.10e-08	3.69e-04	8.36e-02	6.10e-01	2.89e-01	1.71e-02	0.00e+00	0.00e+00	4.12e-13	2.16e-13	7.22e-14
 5.51422e+15	9.78e-13	7.73e-08	4.37e-04	9.17e-02	6.21e-01	2.72e-01	1.48e-02	0.00e+00	0.00e+00	5.66e-13	2.97e-13	9.91e-14
 5.69661e+15	1.32e-12	9.65e-08	5.12e-04	1.00e-01	6.30e-01	2.57e-01	1.29e-02	0.00e+00	0.00e+00	7.63e-13	4.01e-13	1.33e-13
 5.90314e+15	1.83e-12	1.23e-07	6.08e-04	1.10e-01	6.39e-01	2.40e-01	1.10e-02	0.00e+00	0.00e+00	1.06e-12	5.56e-13	1.85e-13
 6.12730e+15	2.57e-12	1.58e-07	7.27e-04	1.21e-01	6.47e-01	2.23e-01	9.32e-03	0.00e+00	0.00e+00	1.49e-12	7.80e-13	2.59e-13
 6.33348e+15	3.47e-12	1.98e-07	8.51e-04	1.31e-01	6.52e-01	2.08e-01	8.00e-03	0.00e+00	0.00e+00	2.01e-12	1.05e-12	3.49e-13
 6.55839e+15	4.77e-12	2.50e-07	1.01e-03	1.43e-01	6.57e-01	1.93e-01	6.78e-03	0.00e+00	0.00e+00	2.77e-12	1.45e-12	4.80e-13
 6.80995e+15	6.71e-12	3.21e-07	1.20e-03	1.56e-01	6.60e-01	1.77e-01	5.64e-03	0.00e+00	0.00e+00	3.89e-12	2.04e-12	6.75e-13
 7.02546e+15	8.86e-12	3.95e-07	1.39e-03	1.68e-01	6.61e-01	1.65e-01	4.84e-03	0.00e+00	0.00e+00	5.14e-12	2.70e-12	8.91e-13
 7.20114e+15	1.11e-11	4.65e-07	1.56e-03	1.78e-01	6.61e-01	1.55e-01	4.27e-03	0.00e+00	0.00e+00	6.42e-12	3.37e-12	1.11e-12
 7.39574e+15	1.41e-11	5.55e-07	1.77e-03	1.90e-01	6.60e-01	1.45e-01	3.71e-03	0.00e+00	0.00e+00	8.19e-12	4.30e-12	1.42e-12
 7.64872e+15	1.92e-11	6.96e-07	2.08e-03	2.05e-01	6.57e-01	1.33e-01	3.10e-03	0.00e+00	0.00e+00	1.12e-11	5.86e-12	1.93e-12
 7.91426e+15	2.61e-11	8.70e-07	2.44e-03	2.21e-01	6.53e-01	1.21e-01	2.58e-03	0.00e+00	0.00e+00	1.51e-11	7.94e-12	2.62e-12
 8.14512e+15	3.37e-11	1.05e-06	2.79e-03	2.35e-01	6.48e-01	1.12e-01	2.20e-03	0.00e+00	0.00e+00	1.96e-11	1.03e-11	3.38e-12
 8.39423e+15	4.44e-11	1.28e-06	3.21e-03	2.51e-01	6.42e-01	1.02e-01	1.85e-03	0.00e+00	0.00e+00	2.58e-11	1.35e-11	4.45e-12
 8.67010e+15	5.94e-11	1.59e-06	3.74e-03	2.69e-01	6.33e-01	9.27e-02	1.53e-03	0.00e+00	0.00e+00	3.45e-11	1.81e-11	5.95e-12
 8.92504e+15	7.69e-11	1.92e-06	4.29e-03	2.86e-01	6.24e-01	8.46e-02	1.28e-03	0.00e+00	0.00e+00	4.47e-11	2.34e-11	7.70e-12
 9.16470e+15	9.77e-11	2.29e-06	4.86e-03	3.02e-01	6.15e-01	7.76e-02	1.09e-03	0.00e+00	0.00e+00	5.67e-11	2.98e-11	9.78e-12
 9.44023e+15	1.29e-10	2.79e-06	5.61e-03	3.21e-01	6.03e-01	7.00e-02	9.03e-04	0.00e+00	0.00e+00	7.47e-11	3.92e-11	1.29e-11
 9.74365e+15	1.71e-10	3.45e-06	6.53e-03	3.42e-01	5.89e-01	6.26e-02	7.34e-04	0.00e+00	0.00e+00	9.96e-11	5.23e-11	1.72e-11
 1.00138e+16	2.19e-10	4.13e-06	7.45e-03	3.60e-01	5.75e-01	5.66e-02	6.12e-04	0.00e+00	0.00e+00	1.27e-10	6.67e-11	2.19e-11
 1.02554e+16	2.72e-10	4.84e-06	8.37e-03	3.77e-01	5.62e-01	5.17e-02	5.20e-04	0.00e+00	0.00e+00	1.58e-10	8.29e-11	2.72e-11
 1.05297e+16	3.50e-10	5.83e-06	9.57e-03	3.97e-01	5.47e-01	4.64e-02	4.30e-04	0.00e+00	0.00e+00	2.03e-10	1.07e-10	3.50e-11
 1.08336e+16	4.55e-10	7.08e-06	1.10e-02	4.18e-01	5.29e-01	4.13e-02	3.50e-04	0.00e+00	0.00e+00	2.65e-10	1.39e-10	4.56e-11
 1.11140e+16	5.77e-10	8.44e-06	1.26e-02	4.38e-01	5.12e-01	3.69e-02	2.89e-04	0.00e+00	0.00e+00	3.35e-10	1.76e-10	5.77e-11
 1.13746e+16	7.19e-10	9.95e-06	1.42e-02	4.57e-01	4.96e-01	3.33e-02	2.41e-04	0.00e+00	0.00e+00	4.18e-10	2.20e-10	7.20e-11
 1.16715e+16	9.32e-10	1.20e-05	1.63e-02	4.78e-01	4.76e-01	2.94e-02	1.96e-04	0.00e+00	0.00e+00	5.42e-10	2.85e-10	9.34e-11
 1.19911e+16	1.22e-09	1.47e-05	1.89e-02	5.01e-01	4.55e-01	2.57e-02	1.57e-04	0.00e+00	0.00e+00	7.07e-10	3.72e-10	1.22e-10
 1.22723e+16	1.53e-09	1.75e-05	2.15e-02	5.20e-01	4.35e-01	2.28e-02	1.29e-04	0.00e+00	0.00e+00	8.90e-10	4.68e-10	1.53e-10
 1.25290e+16	1.89e-09	2.05e-05	2.43e-02	5.38e-01	4.17e-01	2.04e-02	1.07e-04	0.00e+00	0.00e+00	1.10e-09	5.77e-10	1.89e-10
 1.28217e+16	2.45e-09	2.49e-05	2.79e-02	5.58e-01	3.96e-01	1.78e-02	8.61e-05	0.00e+00	0.00e+00	1.42e-09	7.48e-10	2.46e-10
 1.31347e+16	3.18e-09	3.03e-05	3.25e-02	5.79e-01	3.73e-01	1.54e-02	6.83e-05	0.00e+00	0.00e+00	1.85e-09	9.73e-10	3.19e-10
 1.34062e+16	4.00e-09	3.61e-05	3.70e-02	5.96e-01	3.53e-01	1.35e-02	5.58e-05	0.00e+00	0.00e+00	2.32e-09	1.22e-09	4.01e-10
 1.36501e+16	4.95e-09	4.25e-05	4.19e-02	6.11e-01	3.35e-01	1.20e-02	4.62e-05	0.00e+00	0.00e+00	2.88e-09	1.51e-09	4.97e-10
 1.38768e+16	6.00e-09	4.94e-05	4.70e-02	6.25e-01	3.18e-01	1.06e-02	3.86e-05	0.00e+00	0.00e+00	3.49e-09	1.84e-09	6.03e-10
 1.40881e+16	7.29e-09	5.73e-05	5.26e-02	6.37e-01	3.01e-01	9.50e-03	3.25e-05	0.00e+00	0.00e+00	4.24e-09	2.23e-09	7.32e-10
 1.43281e+16	9.28e-09	6.89e-05	6.02e-02	6.50e-01	2.82e-01	8.27e-03	2.65e-05	0.00e+00	0.00e+00	5.40e-09	2.84e-09	9.33e-10
 1.45929e+16	1.20e-08	8.42e-05	7.00e-02	6.62e-01	2.61e-01	7.08e-03	2.10e-05	0.00e+00	0.00e+00	7.00e-09	3.68e-09	1.21e-09
 1.48306e+16	1.53e-08	1.02e-04	8.07e-02	6.72e-01	2.41e-01	6.11e-03	1.70e-05	0.00e+00	0.00e+00	8.88e-09	4.67e-09	1.54e-09
 1.50379e+16	1.89e-08	1.20e-04	9.21e-02	6.78e-01	2.24e-01	5.32e-03	1.39e-05	0.00e+00	0.00e+00	1.10e-08	5.78e-09	1.90e-09
 1.52346e+16	2.36e-08	1.43e-04	1.05e-01	6.83e-01	2.07e-01	4.62e-03	1.14e-05	0.00e+00	0.00e+00	1.37e-08	7.22e-09	2.38e-09
 1.54297e+16	3.00e-08	1.72e-04	1.21e-01	6.85e-01	1.90e-01	3.98e-03	9.25e-06	0.00e+00	0.00e+00	1.74e-08	9.18e-09	3.02e-09
 1.56171e+16	3.76e-08	2.07e-04	1.39e-01	6.84e-01	1.74e-01	3.40e-03	7.48e-06	0.00e+00	0.00e+00	2.19e-08	1.15e-08	3.79e-09
 1.57911e+16	4.56e-08	2.42e-04	1.59e-01	6.80e-01	1.57e-01	2.90e-03	6.04e-06	0.00e+00	0.00e+00	2.65e-08	1.40e-08	4.61e-09
 1.59524e+16	5.75e-08	2.91e-04	1.83e-01	6.72e-01	1.42e-01	2.47e-03	4.86e-06	0.00e+00	0.00e+00	3.34e-08	1.76e-08	5.81e-09
 1.61020e+16	7.21e-08	3.49e-04	2.10e-01	6.61e-01	1.27e-01	2.08e-03	3.89e-06	0.00e+00	0.00e+00	4.20e-08	2.21e-08	7.29e-09
 1.62403e+16	9.02e-08	4.16e-04	2.40e-01	6.45e-01	1.13e-01	1.75e-03	3.10e-06	0.00e+00	0.00e+00	5.25e-08	2.77e-08	9.13e-09
 1.63681e+16	1.12e-07	4.96e-04	2.73e-01	6.25e-01	9.95e-02	1.45e-03	2.46e-06	0.00e+00	0.00e+00	6.54e-08	3.45e-08	1.14e-08
 1.64865e+16	1.46e-07	6.03e-04	3.11e-01	6.00e-01	8.67e-02	1.20e-03	1.92e-06	0.00e+00	0.00e+00	8.47e-08	4.46e-08	1.48e-08
 1.65957e+16	1.73e-07	6.95e-04	3.52e-01	5.72e-01	7.46e-02	9.74e-04	1.49e-06	0.00e+00	0.00e+00	1.00e-07	5.29e-08	1.75e-08
 1.66920e+16	2.11e-07	8.13e-04	3.94e-01	5.40e-01	6.39e-02	7.90e-04	1.16e-06	0.00e+00	0.00e+00	1.23e-07	6.47e-08	2.14e-08
 1.67691e+16	2.55e-07	9.38e-04	4.32e-01	5.11e-01	5.55e-02	6.55e-04	9.20e-07	0.00e+00	0.00e+00	1.49e-07	7.84e-08	2.60e-08
 1.68300e+16	2.91e-07	1.04e-03	4.66e-01	4.84e-01	4.88e-02	5.54e-04	0.00e+00	0.00e+00	0.00e+00	1.70e-07	8.95e-08	2.96e-08
 1.68937e+16	3.37e-07	1.16e-03	5.04e-01	4.53e-01	4.18e-02	4.53e-04	0.00e+00	0.00e+00	0.00e+00	1.96e-07	1.03e-07	3.43e-08
 1.69766e+16	4.07e-07	1.34e-03	5.57e-01	4.08e-01	3.33e-02	3.39e-04	0.00e+00	0.00e+00	0.00e+00	2.37e-07	1.25e-07	4.15e-08
 1.70579e+16	4.87e-07	1.53e-03	6.12e-01	3.61e-01	2.58e-02	2.45e-04	0.00e+00	0.00e+00	0.00e+00	2.83e-07	1.50e-07	4.97e-08
 1.71186e+16	5.58e-07	1.69e-03	6.54e-01	3.23e-01	2.07e-02	1.86e-04	0.00e+00	0.00e+00	0.00e+00	3.24e-07	1.71e-07	5.71e-08
 1.71787e+16	6.38e-07	1.85e-03	6.97e-01	2.85e-01	1.61e-02	1.36e-04	0.00e+00	0.00e+00	0.00e+00	3.71e-07	1.96e-07	6.54e-08
 1.72569e+16	7.55e-07	2.08e-03	7.50e-01	2.37e-01	1.12e-02	8.70e-05	0.00e+00	0.00e+00	0.00e+00	4.39e-07	2.32e-07	7.76e-08
 1.73355e+16	8.79e-07	2.30e-03	7.98e-01	1.93e-01	7.55e-03	5.33e-05	0.00e+00	0.00e+00	0.00e+00	5.11e-07	2.71e-07	9.05e-08
 1.73997e+16	9.87e-07	2.48e-03	8.32e-01	1.60e-01	5.30e-03	3.44e-05	0.00e+00	0.00e+00	0.00e+00	5.74e-07	3.04e-07	1.02e-07
 1.74680e+16	1.11e-06	2.66e-03	8.64e-01	1.30e-01	3.54e-03	2.08e-05	0.00e+00	0.00e+00	0.00e+00	6.45e-07	3.42e-07	1.15e-07
 1.75567e+16	1.27e-06	2.87e-03	8.97e-01	9.81e-02	2.06e-03	1.06e-05	0.00e+00	0.00e+00	0.00e+00	7.36e-07	3.90e-07	1.31e-07
 1.76721e+16	1.46e-06	3.11e-03	9.27e-01	6.88e-02	1.02e-03	4.33e-06	0.00e+00	0.00e+00	0.00e+00	8.51e-07	4.52e-07	1.52e-07
 1.78182e+16	1.70e-06	3.36e-03	9.51e-01	4.55e-02	4.34e-04	1.44e-06	0.00e+00	0.00e+00	0.00e+00	9.88e-07	5.24e-07	1.77e-07
 1.80042e+16	1.98e-06	3.61e-03	9.67e-01	2.90e-02	1.62e-04	3.90e-07	0.00e+00	0.00e+00	0.00e+00	1.15e-06	6.13e-07	2.07e-07
 1.82460e+16	2.35e-06	3.88e-03	9.77e-01	1.86e-02	5.46e-05	0.00e+00	0.00e+00	0.00e+00	0.00e+00	1.37e-06	7.27e-07	2.46e-07
 1.85604e+16	2.89e-06	4.21e-03	9.83e-01	1.26e-02	1.76e-05	0.00e+00	0.00e+00	0.00e+00	0.00e+00	1.68e-06	8.92e-07	3.01e-07
 1.89690e+16	3.75e-06	4.65e-03	9.86e-01	9.26e-03	5.67e-06	0.00e+00	0.00e+00	0.00e+00	0.00e+00	2.18e-06	1.16e-06	3.91e-07
 1.94033e+16	5.00e-06	5.19e-03	9.87e-01	7.59e-03	2.20e-06	0.00e+00	0.00e+00	0.00e+00	0.00e+00	2.91e-06	1.54e-06	5.21e-07
 1.97739e+16	6.50e-06	5.75e-03	9.88e-01	6.69e-03	1.11e-06	0.00e+00	0.00e+00	0.00e+00	0.00e+00	3.78e-06	2.01e-06	6.77e-07
 2.00951e+16	8.26e-06	6.32e-03	9.88e-01	6.07e-03	6.48e-07	0.00e+00	0.00e+00	0.00e+00	0.00e+00	4.80e-06	2.55e-06	8.59e-07
 2.04495e+16	1.09e-05	7.07e-03	9.87e-01	5.43e-03	0.00e+00	0.00e+00	0.00e+00	0.00e+00	0.00e+00	6.35e-06	3.37e-06	1.14e-06
 2.08231e+16	1.49e-05	8.05e-03	9.87e-01	4.88e-03	0.00e+00	0.00e+00	0.00e+00	0.00e+00	0.00e+00	8.68e-06	4.61e-06	1.55e-06
 2.11298e+16	1.98e-05	9.08e-03	9.86e-01	4.42e-03	0.00e+00	0.00e+00	0.00e+00	0.00e+00	0.00e+00	1.15e-05	6.10e-06	2.05e-06
 2.13807e+16	2.51e-05	1.01e-02	9.86e-01	4.05e-03	0.00e+00	0.00e+00	0.00e+00	0.00e+00	0.00e+00	1.46e-05	7.76e-06	2.61e-06
 2.16511e+16	3.30e-05	1.14e-02	9.85e-01	3.66e-03	0.00e+00	0.00e+00	0.00e+00	0.00e+00	0.00e+00	1.92e-05	1.02e-05	3.42e-06
 2.19416e+16	4.52e-05	1.32e-02	9.84e-01	3.23e-03	0.00e+00	0.00e+00	0.00e+00	0.00e+00	0.00e+00	2.63e-05	1.39e-05	4.68e-06
 2.21382e+16	5.66e-05	1.46e-02	9.82e-01	2.97e-03	0.00e+00	0.00e+00	0.00e+00	0.00e+00	0.00e+00	3.29e-05	1.74e-05	5.86e-06
 2.22343e+16	6.36e-05	1.55e-02	9.82e-01	2.82e-03	0.00e+00	0.00e+00	0.00e+00	0.00e+00	0.00e+00	3.70e-05	1.96e-05	6.58e-06
 2.23058e+16	6.93e-05	1.61e-02	9.81e-01	2.74e-03	0.00e+00	0.00e+00	0.00e+00	0.00e+00	0.00e+00	4.03e-05	2.14e-05	7.17e-06
 2.23849e+16	7.65e-05	1.69e-02	9.80e-01	2.63e-03	0.00e+00	0.00e+00	0.00e+00	0.00e+00	0.00e+00	4.45e-05	2.36e-05	7.91e-06
 2.24876e+16	8.71e-05	1.80e-02	9.79e-01	2.49e-03	0.00e+00	0.00e+00	0.00e+00	0.00e+00	0.00e+00	5.06e-05	2.68e-05	9.01e-06
 2.26211e+16	1.04e-04	1.97e-02	9.78e-01	2.31e-03	0.00e+00	0.00e+00	0.00e+00	0.00e+00	0.00e+00	6.04e-05	3.20e-05	1.07e-05
 2.27603e+16	1.26e-04	2.16e-02	9.76e-01	2.12e-03	0.00e+00	0.00e+00	0.00e+00	0.00e+00	0.00e+00	7.30e-05	3.87e-05	1.30e-05
 2.28736e+16	1.47e-04	2.35e-02	9.74e-01	1.98e-03	0.00e+00	0.00e+00	0.00e+00	0.00e+00	0.00e+00	8.57e-05	4.54e-05	1.52e-05
 2.29614e+16	1.67e-04	2.51e-02	9.73e-01	1.87e-03	0.00e+00	0.00e+00	0.00e+00	0.00e+00	0.00e+00	9.74e-05	5.16e-05	1.73e-05
 2.30367e+16	1.88e-04	2.66e-02	9.71e-01	1.77e-03	0.00e+00	0.00e+00	0.00e+00	0.00e+00	0.00e+00	1.09e-04	5.79e-05	1.94e-05
 2.31223e+16	2.15e-04	2.85e-02	9.70e-01	1.66e-03	0.00e+00	0.00e+00	0.00e+00	0.00e+00	0.00e+00	1.25e-04	6.61e-05	2.22e-05
 2.32163e+16	2.49e-04	3.08e-02	9.67e-01	1.55e-03	0.00e+00	0.00e+00	0.00e+00	0.00e+00	0.00e+00	1.45e-04	7.68e-05	2.58e-05
 2.32996e+16	2.86e-04	3.31e-02	9.65e-01	1.45e-03	0.00e+00	0.00e+00	0.00e+00	0.00e+00	0.00e+00	1.66e-04	8.81e-05	2.96e-05
