#depth	O	O+	O+2	O+3	O+4	O+5	O+6	O+7	O+8	O[1]	O[2]	O[3]
 1.49634e+10	0.00e+00	0.00e+00	3.15e-31	8.00e-22	1.10e-13	4.19e-07	1.00e+00	0.00e+00	0.00e+00	0.00e+00	0.00e+00	0.00e+00
 4.54887e+10	0.00e+00	1.11e-41	4.31e-31	1.01e-21	1.29e-13	4.54e-07	1.00e+00	6.85e-19	0.00e+00	0.00e+00	0.00e+00	0.00e+00
 7.72350e+10	0.00e+00	0.00e+00	5.91e-31	1.28e-21	1.51e-13	4.91e-07	1.00e+00	0.00e+00	0.00e+00	0.00e+00	0.00e+00	0.00e+00
 1.10251e+11	0.00e+00	2.42e-41	8.09e-31	1.63e-21	1.77e-13	5.32e-07	1.00e+00	0.00e+00	0.00e+00	0.00e+00	0.00e+00	0.00e+00
 1.44588e+11	0.00e+00	0.00e+00	1.11e-30	2.06e-21	2.08e-13	5.75e-07	1.00e+00	0.00e+00	0.00e+00	0.00e+00	0.00e+00	0.00e+00
 1.80298e+11	0.00e+00	5.31e-41	1.52e-30	2.61e-21	2.43e-13	6.23e-07	1.00e+00	0.00e+00	0.00e+00	0.00e+00	0.00e+00	0.00e+00
 2.17437e+11	0.00e+00	0.00e+00	2.08e-30	3.30e-21	2.85e-13	6.74e-07	1.00e+00	0.00e+00	0.00e+00	0.00e+00	0.00e+00	0.00e+00
 2.56061e+11	0.00e+00	1.16e-40	2.84e-30	4.18e-21	3.33e-13	7.30e-07	1.00e+00	0.00e+00	0.00e+00	0.00e+00	0.00e+00	0.00e+00
 2.96231e+11	0.00e+00	0.00e+00	3.89e-30	5.29e-21	3.91e-13	7.90e-07	1.00e+00	0.00e+00	0.00e+00	0.00e+00	0.00e+00	0.00e+00
 3.38007e+11	0.00e+00	2.55e-40	5.33e-30	6.71e-21	4.58e-13	8.55e-07	1.00e+00	0.00e+00	0.00e+00	0.00e+00	0.00e+00	0.00e+00
 3.81454e+11	0.00e+00	0.00e+00	7.30e-30	8.50e-21	5.36e-13	9.26e-07	1.00e+00	0.00e+00	0.00e+00	0.00e+00	0.00e+00	0.00e+00
 4.26639e+11	0.00e+00	5.59e-40	1.00e-29	1.08e-20	6.28e-13	1.00e-06	1.00e+00	0.00e+00	0.00e+00	0.00e+00	0.00e+00	0.00e+00
 4.73631e+11	0.00e+00	0.00e+00	1.37e-29	1.36e-20	7.36e-13	1.09e-06	1.00e+00	0.00e+00	0.00e+00	0.00e+00	0.00e+00	0.00e+00
 5.22503e+11	0.00e+00	1.23e-39	1.88e-29	1.73e-20	8.63e-13	1.18e-06	1.00e+00	0.00e+00	0.00e+00	0.00e+00	0.00e+00	0.00e+00
 5.73330e+11	0.00e+00	0.00e+00	2.57e-29	2.19e-20	1.01e-12	1.27e-06	1.00e+00	0.00e+00	0.00e+00	0.00e+00	0.00e+00	0.00e+00
 6.26190e+11	0.00e+00	2.69e-39	3.52e-29	2.78e-20	1.19e-12	1.38e-06	1.00e+00	0.00e+00	0.00e+00	0.00e+00	0.00e+00	0.00e+00
 6.81164e+11	0.00e+00	0.00e+00	4.83e-29	3.52e-20	1.39e-12	1.50e-06	1.00e+00	0.00e+00	0.00e+00	0.00e+00	0.00e+00	0.00e+00
 7.38337e+11	0.00e+00	5.90e-39	6.62e-29	4.47e-20	1.63e-12	1.62e-06	1.00e+00	0.00e+00	0.00e+00	0.00e+00	0.00e+00	0.00e+00
 7.97798e+11	0.00e+00	0.00e+00	9.07e-29	5.66e-20	1.92e-12	1.76e-06	1.00e+00	0.00e+00	0.00e+00	0.00e+00	0.00e+00	0.00e+00
 8.59636e+11	0.00e+00	1.29e-38	1.24e-28	7.18e-20	2.25e-12	1.90e-06	1.00e+00	0.00e+00	0.00e+00	0.00e+00	0.00e+00	0.00e+00
 9.23949e+11	0.00e+00	0.00e+00	1.70e-28	9.12e-20	2.64e-12	2.06e-06	1.00e+00	0.00e+00	0.00e+00	0.00e+00	0.00e+00	0.00e+00
 9.85666e+11	0.00e+00	2.75e-38	2.28e-28	1.14e-19	3.06e-12	2.23e-06	1.00e+00	0.00e+00	0.00e+00	0.00e+00	0.00e+00	0.00e+00
 1.04281e+12	0.00e+00	0.00e+00	2.96e-28	1.38e-19	3.50e-12	2.38e-06	1.00e+00	0.00e+00	0.00e+00	0.00e+00	0.00e+00	0.00e+00
 1.10741e+12	0.00e+00	5.42e-38	3.94e-28	1.72e-19	4.04e-12	2.56e-06	1.00e+00	0.00e+00	0.00e+00	0.00e+00	0.00e+00	0.00e+00
 1.18164e+12	0.00e+00	0.00e+00	5.40e-28	2.18e-19	4.75e-12	2.78e-06	1.00e+00	0.00e+00	0.00e+00	0.00e+00	0.00e+00	0.00e+00
 1.25475e+12	0.00e+00	1.16e-37	7.28e-28	2.74e-19	5.54e-12	3.01e-06	1.00e+00	0.00e+00	0.00e+00	0.00e+00	0.00e+00	0.00e+00
 1.33078e+12	0.00e+00	0.00e+00	9.83e-28	3.43e-19	6.47e-12	3.25e-06	1.00e+00	0.00e+00	0.00e+00	0.00e+00	0.00e+00	0.00e+00
 1.41394e+12	0.00e+00	2.50e-37	1.35e-27	4.37e-19	7.61e-12	3.53e-06	1.00e+00	0.00e+00	0.00e+00	0.00e+00	0.00e+00	0.00e+00
 1.49809e+12	0.00e+00	0.00e+00	1.83e-27	5.51e-19	8.93e-12	3.83e-06	1.00e+00	0.00e+00	0.00e+00	0.00e+00	0.00e+00	0.00e+00
 1.58560e+12	0.00e+00	5.36e-37	2.50e-27	6.97e-19	1.05e-11	4.16e-06	1.00e+00	0.00e+00	0.00e+00	0.00e+00	0.00e+00	0.00e+00
 1.67895e+12	0.00e+00	0.00e+00	3.42e-27	8.87e-19	1.23e-11	4.52e-06	1.00e+00	0.00e+00	0.00e+00	0.00e+00	0.00e+00	0.00e+00
 1.77603e+12	0.00e+00	1.17e-36	4.70e-27	1.13e-18	1.46e-11	4.92e-06	1.00e+00	0.00e+00	0.00e+00	0.00e+00	0.00e+00	0.00e+00
 1.87700e+12	0.00e+00	0.00e+00	6.45e-27	1.44e-18	1.72e-11	5.36e-06	1.00e+00	0.00e+00	0.00e+00	0.00e+00	0.00e+00	0.00e+00
 1.98201e+12	0.00e+00	2.56e-36	8.84e-27	1.83e-18	2.03e-11	5.84e-06	1.00e+00	0.00e+00	0.00e+00	0.00e+00	0.00e+00	0.00e+00
 2.09121e+12	1.14e-46	3.77e-36	1.21e-26	2.33e-18	2.40e-11	6.37e-06	1.00e+00	0.00e+00	0.00e+00	0.00e+00	0.00e+00	0.00e+00
 2.20479e+12	0.00e+00	0.00e+00	1.66e-26	2.98e-18	2.84e-11	6.95e-06	1.00e+00	0.00e+00	0.00e+00	0.00e+00	0.00e+00	0.00e+00
 2.32291e+12	0.00e+00	8.19e-36	2.28e-26	3.80e-18	3.36e-11	7.58e-06	1.00e+00	0.00e+00	0.00e+00	0.00e+00	0.00e+00	0.00e+00
 2.44575e+12	4.57e-46	1.20e-35	3.12e-26	4.84e-18	3.99e-11	8.29e-06	1.00e+00	0.00e+00	0.00e+00	0.00e+00	0.00e+00	0.00e+00
 2.57351e+12	0.00e+00	0.00e+00	4.28e-26	6.18e-18	4.73e-11	9.07e-06	1.00e+00	0.00e+00	0.00e+00	0.00e+00	0.00e+00	0.00e+00
 2.70638e+12	0.00e+00	2.59e-35	5.86e-26	7.90e-18	5.62e-11	9.93e-06	1.00e+00	0.00e+00	0.00e+00	0.00e+00	0.00e+00	0.00e+00
 2.84456e+12	1.79e-45	3.79e-35	8.01e-26	1.01e-17	6.68e-11	1.09e-05	1.00e+00	0.00e+00	0.00e+00	0.00e+00	0.00e+00	0.00e+00
 2.98827e+12	0.00e+00	5.52e-35	1.09e-25	1.29e-17	7.95e-11	1.19e-05	1.00e+00	0.00e+00	0.00e+00	0.00e+00	0.00e+00	0.00e+00
 3.13772e+12	4.36e-45	8.03e-35	1.49e-25	1.64e-17	9.47e-11	1.31e-05	1.00e+00	0.00e+00	0.00e+00	0.00e+00	0.00e+00	0.00e+00
 3.29316e+12	0.00e+00	1.16e-34	2.03e-25	2.10e-17	1.13e-10	1.44e-05	1.00e+00	0.00e+00	0.00e+00	0.00e+00	0.00e+00	0.00e+00
 3.45481e+12	1.04e-44	1.68e-34	2.76e-25	2.68e-17	1.35e-10	1.58e-05	1.00e+00	0.00e+00	0.00e+00	0.00e+00	0.00e+00	0.00e+00
 3.62293e+12	0.00e+00	2.41e-34	3.74e-25	3.42e-17	1.61e-10	1.75e-05	1.00e+00	0.00e+00	0.00e+00	0.00e+00	0.00e+00	0.00e+00
 3.79778e+12	2.44e-44	3.45e-34	5.06e-25	4.36e-17	1.92e-10	1.92e-05	1.00e+00	0.00e+00	0.00e+00	0.00e+00	0.00e+00	0.00e+00
 3.97961e+12	0.00e+00	4.92e-34	6.83e-25	5.56e-17	2.29e-10	2.12e-05	1.00e+00	0.00e+00	0.00e+00	0.00e+00	0.00e+00	0.00e+00
 4.16872e+12	5.55e-44	6.98e-34	9.18e-25	7.07e-17	2.73e-10	2.34e-05	1.00e+00	0.00e+00	0.00e+00	0.00e+00	0.00e+00	0.00e+00
 4.36540e+12	0.00e+00	9.84e-34	1.23e-24	8.99e-17	3.25e-10	2.58e-05	1.00e+00	0.00e+00	0.00e+00	0.00e+00	0.00e+00	0.00e+00
 4.56994e+12	1.23e-43	1.38e-33	1.65e-24	1.14e-16	3.88e-10	2.85e-05	1.00e+00	0.00e+00	0.00e+00	0.00e+00	0.00e+00	0.00e+00
 4.78267e+12	0.00e+00	1.93e-33	2.20e-24	1.45e-16	4.62e-10	3.15e-05	1.00e+00	0.00e+00	0.00e+00	0.00e+00	0.00e+00	0.00e+00
 5.00390e+12	2.67e-43	2.70e-33	2.93e-24	1.84e-16	5.50e-10	3.48e-05	1.00e+00	0.00e+00	0.00e+00	0.00e+00	0.00e+00	0.00e+00
 5.23398e+12	0.00e+00	3.75e-33	3.90e-24	2.32e-16	6.53e-10	3.84e-05	1.00e+00	0.00e+00	0.00e+00	0.00e+00	0.00e+00	0.00e+00
 5.47327e+12	5.68e-43	5.19e-33	5.17e-24	2.94e-16	7.76e-10	4.23e-05	1.00e+00	0.00e+00	0.00e+00	0.00e+00	0.00e+00	0.00e+00
 5.72213e+12	0.00e+00	7.18e-33	6.86e-24	3.71e-16	9.20e-10	4.67e-05	1.00e+00	0.00e+00	0.00e+00	0.00e+00	0.00e+00	0.00e+00
 5.98094e+12	1.20e-42	9.93e-33	9.09e-24	4.69e-16	1.09e-09	5.15e-05	1.00e+00	0.00e+00	0.00e+00	0.00e+00	0.00e+00	0.00e+00
 6.25010e+12	0.00e+00	1.37e-32	1.20e-23	5.92e-16	1.29e-09	5.67e-05	1.00e+00	0.00e+00	0.00e+00	0.00e+00	0.00e+00	0.00e+00
 6.53004e+12	2.51e-42	1.89e-32	1.59e-23	7.47e-16	1.52e-09	6.24e-05	1.00e+00	0.00e+00	0.00e+00	0.00e+00	0.00e+00	0.00e+00
 6.82116e+12	0.00e+00	2.62e-32	2.11e-23	9.42e-16	1.80e-09	6.87e-05	1.00e+00	0.00e+00	0.00e+00	0.00e+00	0.00e+00	0.00e+00
 7.12394e+12	5.27e-42	3.62e-32	2.80e-23	1.19e-15	2.12e-09	7.55e-05	1.00e+00	0.00e+00	0.00e+00	0.00e+00	0.00e+00	0.00e+00
 7.43882e+12	0.00e+00	5.02e-32	3.71e-23	1.50e-15	2.50e-09	8.29e-05	1.00e+00	0.00e+00	0.00e+00	0.00e+00	0.00e+00	0.00e+00
 7.76630e+12	1.12e-41	6.97e-32	4.92e-23	1.89e-15	2.94e-09	9.10e-05	1.00e+00	0.00e+00	0.00e+00	0.00e+00	0.00e+00	0.00e+00
 8.10688e+12	0.00e+00	9.70e-32	6.54e-23	2.38e-15	3.46e-09	9.97e-05	1.00e+00	0.00e+00	0.00e+00	0.00e+00	0.00e+00	0.00e+00
 8.46108e+12	2.39e-41	1.35e-31	8.70e-23	3.00e-15	4.06e-09	1.09e-04	1.00e+00	0.00e+00	0.00e+00	0.00e+00	0.00e+00	0.00e+00
 8.82945e+12	0.00e+00	1.89e-31	1.16e-22	3.78e-15	4.77e-09	1.20e-04	1.00e+00	0.00e+00	0.00e+00	0.00e+00	0.00e+00	0.00e+00
 9.21256e+12	5.20e-41	2.66e-31	1.55e-22	4.77e-15	5.60e-09	1.31e-04	1.00e+00	0.00e+00	0.00e+00	0.00e+00	0.00e+00	0.00e+00
 9.58543e+12	0.00e+00	3.66e-31	2.03e-22	5.93e-15	6.51e-09	1.42e-04	1.00e+00	0.00e+00	0.00e+00	0.00e+00	0.00e+00	0.00e+00
 9.93877e+12	1.06e-40	4.91e-31	2.60e-22	7.24e-15	7.46e-09	1.54e-04	1.00e+00	0.00e+00	0.00e+00	0.00e+00	0.00e+00	0.00e+00
 1.03318e+13	0.00e+00	6.75e-31	3.41e-22	8.96e-15	8.64e-09	1.66e-04	1.00e+00	0.00e+00	0.00e+00	0.00e+00	0.00e+00	0.00e+00
 1.07750e+13	2.29e-40	9.57e-31	4.57e-22	1.13e-14	1.01e-08	1.82e-04	1.00e+00	0.00e+00	0.00e+00	0.00e+00	0.00e+00	0.00e+00
 1.12184e+13	0.00e+00	1.34e-30	6.07e-22	1.41e-14	1.18e-08	1.97e-04	1.00e+00	0.00e+00	0.00e+00	0.00e+00	0.00e+00	0.00e+00
 1.16795e+13	5.07e-40	1.89e-30	8.08e-22	1.77e-14	1.37e-08	2.15e-04	1.00e+00	0.00e+00	0.00e+00	0.00e+00	0.00e+00	0.00e+00
 1.21766e+13	0.00e+00	2.70e-30	1.09e-21	2.24e-14	1.61e-08	2.34e-04	1.00e+00	0.00e+00	0.00e+00	0.00e+00	0.00e+00	0.00e+00
 1.26936e+13	1.17e-39	3.88e-30	1.47e-21	2.82e-14	1.88e-08	2.54e-04	1.00e+00	0.00e+00	0.00e+00	0.00e+00	0.00e+00	0.00e+00
 1.32312e+13	0.00e+00	5.57e-30	1.98e-21	3.57e-14	2.20e-08	2.77e-04	1.00e+00	0.00e+00	0.00e+00	0.00e+00	0.00e+00	0.00e+00
 1.37904e+13	2.75e-39	8.03e-30	2.68e-21	4.51e-14	2.58e-08	3.01e-04	1.00e+00	0.00e+00	0.00e+00	0.00e+00	0.00e+00	0.00e+00
 1.43720e+13	0.00e+00	1.16e-29	3.62e-21	5.69e-14	3.02e-08	3.27e-04	1.00e+00	0.00e+00	0.00e+00	0.00e+00	0.00e+00	0.00e+00
 1.49768e+13	6.54e-39	1.68e-29	4.91e-21	7.19e-14	3.53e-08	3.55e-04	1.00e+00	0.00e+00	0.00e+00	0.00e+00	0.00e+00	0.00e+00
 1.56058e+13	0.00e+00	2.43e-29	6.65e-21	9.09e-14	4.13e-08	3.86e-04	1.00e+00	0.00e+00	0.00e+00	0.00e+00	0.00e+00	0.00e+00
 1.62599e+13	1.57e-38	3.53e-29	9.02e-21	1.15e-13	4.84e-08	4.19e-04	1.00e+00	0.00e+00	0.00e+00	0.00e+00	0.00e+00	0.00e+00
 1.69402e+13	0.00e+00	5.13e-29	1.23e-20	1.45e-13	5.66e-08	4.55e-04	1.00e+00	0.00e+00	0.00e+00	0.00e+00	0.00e+00	0.00e+00
 1.76478e+13	3.83e-38	7.48e-29	1.67e-20	1.83e-13	6.62e-08	4.93e-04	1.00e+00	0.00e+00	0.00e+00	0.00e+00	0.00e+00	0.00e+00
 1.83836e+13	0.00e+00	1.09e-28	2.26e-20	2.32e-13	7.74e-08	5.35e-04	9.99e-01	0.00e+00	0.00e+00	0.00e+00	0.00e+00	0.00e+00
 1.91489e+13	9.43e-38	1.60e-28	3.08e-20	2.93e-13	9.06e-08	5.80e-04	9.99e-01	0.00e+00	0.00e+00	0.00e+00	0.00e+00	0.00e+00
 1.99448e+13	0.00e+00	2.34e-28	4.20e-20	3.71e-13	1.06e-07	6.28e-04	9.99e-01	0.00e+00	0.00e+00	0.00e+00	0.00e+00	0.00e+00
 2.07725e+13	2.34e-37	3.43e-28	5.72e-20	4.69e-13	1.24e-07	6.81e-04	9.99e-01	0.00e+00	0.00e+00	0.00e+00	0.00e+00	0.00e+00
 2.16333e+13	0.00e+00	5.03e-28	7.79e-20	5.92e-13	1.45e-07	7.37e-04	9.99e-01	0.00e+00	0.00e+00	0.00e+00	0.00e+00	0.00e+00
 2.25286e+13	5.84e-37	7.39e-28	1.06e-19	7.49e-13	1.70e-07	7.98e-04	9.99e-01	0.00e+00	0.00e+00	0.00e+00	0.00e+00	0.00e+00
 2.34596e+13	0.00e+00	1.09e-27	1.45e-19	9.47e-13	1.98e-07	8.64e-04	9.99e-01	0.00e+00	0.00e+00	0.00e+00	0.00e+00	0.00e+00
 2.44280e+13	1.47e-36	1.60e-27	1.98e-19	1.20e-12	2.32e-07	9.36e-04	9.99e-01	0.00e+00	0.00e+00	0.00e+00	0.00e+00	0.00e+00
 2.54350e+13	0.00e+00	2.36e-27	2.70e-19	1.51e-12	2.71e-07	1.01e-03	9.99e-01	0.00e+00	0.00e+00	0.00e+00	0.00e+00	0.00e+00
 2.64823e+13	3.71e-36	3.47e-27	3.69e-19	1.92e-12	3.17e-07	1.10e-03	9.99e-01	0.00e+00	0.00e+00	0.00e+00	0.00e+00	0.00e+00
 2.75715e+13	0.00e+00	5.12e-27	5.04e-19	2.42e-12	3.71e-07	1.19e-03	9.99e-01	0.00e+00	0.00e+00	0.00e+00	0.00e+00	0.00e+00
 2.87043e+13	9.39e-36	7.54e-27	6.88e-19	3.06e-12	4.34e-07	1.28e-03	9.99e-01	0.00e+00	0.00e+00	0.00e+00	0.00e+00	0.00e+00
 2.98824e+13	0.00e+00	1.11e-26	9.40e-19	3.87e-12	5.07e-07	1.39e-03	9.99e-01	0.00e+00	0.00e+00	0.00e+00	0.00e+00	0.00e+00
 3.11077e+13	2.38e-35	1.64e-26	1.28e-18	4.90e-12	5.93e-07	1.50e-03	9.98e-01	0.00e+00	0.00e+00	0.00e+00	0.00e+00	0.00e+00
 3.23819e+13	0.00e+00	2.42e-26	1.76e-18	6.20e-12	6.94e-07	1.63e-03	9.98e-01	0.00e+00	0.00e+00	0.00e+00	0.00e+00	0.00e+00
 3.37071e+13	6.05e-35	3.58e-26	2.40e-18	7.84e-12	8.11e-07	1.76e-03	9.98e-01	0.00e+00	0.00e+00	0.00e+00	0.00e+00	0.00e+00
 3.50853e+13	9.63e-35	5.28e-26	3.28e-18	9.91e-12	9.49e-07	1.90e-03	9.98e-01	0.00e+00	0.00e+00	0.00e+00	0.00e+00	0.00e+00
 3.65186e+13	1.53e-34	7.78e-26	4.48e-18	1.25e-11	1.11e-06	2.06e-03	9.98e-01	0.00e+00	0.00e+00	0.00e+00	0.00e+00	0.00e+00
 3.80093e+13	2.44e-34	1.15e-25	6.12e-18	1.58e-11	1.30e-06	2.23e-03	9.98e-01	0.00e+00	0.00e+00	0.00e+00	0.00e+00	0.00e+00
 3.95596e+13	3.89e-34	1.69e-25	8.36e-18	2.00e-11	1.52e-06	2.41e-03	9.98e-01	0.00e+00	0.00e+00	0.00e+00	0.00e+00	0.00e+00
 4.11719e+13	6.20e-34	2.50e-25	1.14e-17	2.53e-11	1.77e-06	2.61e-03	9.97e-01	0.00e+00	0.00e+00	0.00e+00	0.00e+00	0.00e+00
 4.28487e+13	9.85e-34	3.68e-25	1.56e-17	3.20e-11	2.07e-06	2.82e-03	9.97e-01	0.00e+00	0.00e+00	0.00e+00	0.00e+00	0.00e+00
 4.45926e+13	1.57e-33	5.43e-25	2.13e-17	4.05e-11	2.43e-06	3.05e-03	9.97e-01	0.00e+00	0.00e+00	0.00e+00	0.00e+00	0.00e+00
 4.64062e+13	2.49e-33	7.99e-25	2.91e-17	5.12e-11	2.84e-06	3.30e-03	9.97e-01	0.00e+00	0.00e+00	0.00e+00	0.00e+00	0.00e+00
 4.81370e+13	3.80e-33	1.14e-24	3.87e-17	6.35e-11	3.28e-06	3.55e-03	9.96e-01	0.00e+00	0.00e+00	0.00e+00	0.00e+00	0.00e+00
 4.97228e+13	5.54e-33	1.56e-24	4.98e-17	7.69e-11	3.72e-06	3.79e-03	9.96e-01	0.00e+00	0.00e+00	0.00e+00	0.00e+00	0.00e+00
 5.15160e+13	8.33e-33	2.20e-24	6.56e-17	9.47e-11	4.27e-06	4.06e-03	9.96e-01	0.00e+00	0.00e+00	0.00e+00	0.00e+00	0.00e+00
 5.35951e+13	1.32e-32	3.23e-24	8.94e-17	1.20e-10	4.99e-06	4.39e-03	9.96e-01	0.00e+00	0.00e+00	0.00e+00	0.00e+00	0.00e+00
 5.56379e+13	2.03e-32	4.63e-24	1.20e-16	1.49e-10	5.78e-06	4.74e-03	9.95e-01	0.00e+00	0.00e+00	0.00e+00	0.00e+00	0.00e+00
 5.75814e+13	3.01e-32	6.46e-24	1.56e-16	1.83e-10	6.62e-06	5.07e-03	9.95e-01	0.00e+00	0.00e+00	0.00e+00	0.00e+00	0.00e+00
 5.97337e+13	4.59e-32	9.19e-24	2.08e-16	2.27e-10	7.65e-06	5.46e-03	9.95e-01	0.00e+00	0.00e+00	0.00e+00	0.00e+00	0.00e+00
 6.21529e+13	7.22e-32	1.35e-23	2.83e-16	2.86e-10	8.94e-06	5.91e-03	9.94e-01	0.00e+00	0.00e+00	0.00e+00	0.00e+00	0.00e+00
 6.45783e+13	1.12e-31	1.95e-23	3.82e-16	3.59e-10	1.04e-05	6.38e-03	9.94e-01	0.00e+00	0.00e+00	0.00e+00	0.00e+00	0.00e+00
 6.71007e+13	1.73e-31	2.81e-23	5.14e-16	4.50e-10	1.21e-05	6.90e-03	9.93e-01	0.00e+00	0.00e+00	0.00e+00	0.00e+00	0.00e+00
 6.98146e+13	2.71e-31	4.11e-23	6.99e-16	5.68e-10	1.41e-05	7.47e-03	9.93e-01	0.00e+00	0.00e+00	0.00e+00	0.00e+00	0.00e+00
 7.26371e+13	4.25e-31	5.99e-23	9.51e-16	7.18e-10	1.65e-05	8.10e-03	9.92e-01	0.00e+00	0.00e+00	0.00e+00	0.00e+00	0.00e+00
 7.55725e+13	6.65e-31	8.74e-23	1.29e-15	9.07e-10	1.93e-05	8.77e-03	9.91e-01	0.00e+00	0.00e+00	0.00e+00	0.00e+00	0.00e+00
 7.86254e+13	1.04e-30	1.27e-22	1.75e-15	1.15e-09	2.25e-05	9.51e-03	9.90e-01	0.00e+00	0.00e+00	0.00e+00	0.00e+00	0.00e+00
 8.18003e+13	1.62e-30	1.85e-22	2.38e-15	1.45e-09	2.63e-05	1.03e-02	9.90e-01	0.00e+00	0.00e+00	0.00e+00	0.00e+00	0.00e+00
 8.51022e+13	2.51e-30	2.69e-22	3.23e-15	1.83e-09	3.08e-05	1.12e-02	9.89e-01	0.00e+00	0.00e+00	0.00e+00	0.00e+00	0.00e+00
 8.85363e+13	3.90e-30	3.91e-22	4.39e-15	2.31e-09	3.59e-05	1.21e-02	9.88e-01	0.00e+00	0.00e+00	0.00e+00	0.00e+00	0.00e+00
 9.21076e+13	6.04e-30	5.68e-22	5.95e-15	2.91e-09	4.20e-05	1.32e-02	9.87e-01	0.00e+00	0.00e+00	0.00e+00	0.00e+00	0.00e+00
 9.58219e+13	9.34e-30	8.23e-22	8.06e-15	3.68e-09	4.90e-05	1.43e-02	9.86e-01	0.00e+00	0.00e+00	0.00e+00	0.00e+00	0.00e+00
 9.96847e+13	1.44e-29	1.19e-21	1.09e-14	4.64e-09	5.73e-05	1.55e-02	9.84e-01	0.00e+00	0.00e+00	0.00e+00	0.00e+00	0.00e+00
 1.03622e+14	2.20e-29	1.71e-21	1.47e-14	5.83e-09	6.67e-05	1.68e-02	9.83e-01	0.00e+00	0.00e+00	0.00e+00	0.00e+00	0.00e+00
 1.07717e+14	3.35e-29	2.45e-21	1.98e-14	7.32e-09	7.76e-05	1.82e-02	9.82e-01	0.00e+00	0.00e+00	0.00e+00	0.00e+00	0.00e+00
 1.12055e+14	5.13e-29	3.53e-21	2.67e-14	9.24e-09	9.06e-05	1.97e-02	9.80e-01	0.00e+00	0.00e+00	0.00e+00	0.00e+00	0.00e+00
 1.16567e+14	7.84e-29	5.09e-21	3.61e-14	1.17e-08	1.06e-04	2.14e-02	9.78e-01	0.00e+00	0.00e+00	0.00e+00	0.00e+00	0.00e+00
 1.21260e+14	1.20e-28	7.33e-21	4.89e-14	1.47e-08	1.23e-04	2.33e-02	9.77e-01	0.00e+00	0.00e+00	0.00e+00	0.00e+00	0.00e+00
 1.26140e+14	1.82e-28	1.05e-20	6.60e-14	1.85e-08	1.44e-04	2.53e-02	9.75e-01	0.00e+00	0.00e+00	0.00e+00	0.00e+00	0.00e+00
 1.31216e+14	2.77e-28	1.51e-20	8.91e-14	2.34e-08	1.68e-04	2.74e-02	9.72e-01	0.00e+00	0.00e+00	0.00e+00	0.00e+00	0.00e+00
 1.36494e+14	4.19e-28	2.17e-20	1.20e-13	2.95e-08	1.96e-04	2.98e-02	9.70e-01	0.00e+00	0.00e+00	0.00e+00	0.00e+00	0.00e+00
 1.41984e+14	6.33e-28	3.10e-20	1.62e-13	3.71e-08	2.28e-04	3.24e-02	9.67e-01	0.00e+00	0.00e+00	0.00e+00	0.00e+00	0.00e+00
 1.47372e+14	9.35e-28	4.35e-20	2.15e-13	4.62e-08	2.63e-04	3.50e-02	9.65e-01	0.00e+00	0.00e+00	0.00e+00	0.00e+00	0.00e+00
 1.52976e+14	1.37e-27	6.09e-20	2.85e-13	5.75e-08	3.04e-04	3.79e-02	9.62e-01	0.00e+00	0.00e+00	0.00e+00	0.00e+00	0.00e+00
 1.59125e+14	2.06e-27	8.70e-20	3.84e-13	7.24e-08	3.54e-04	4.11e-02	9.59e-01	0.00e+00	0.00e+00	0.00e+00	0.00e+00	0.00e+00
 1.65302e+14	3.04e-27	1.23e-19	5.12e-13	9.05e-08	4.10e-04	4.46e-02	9.55e-01	0.00e+00	0.00e+00	0.00e+00	0.00e+00	0.00e+00
 1.71726e+14	4.48e-27	1.73e-19	6.83e-13	1.13e-07	4.75e-04	4.83e-02	9.51e-01	0.00e+00	0.00e+00	0.00e+00	0.00e+00	0.00e+00
 1.78625e+14	6.66e-27	2.46e-19	9.19e-13	1.42e-07	5.52e-04	5.25e-02	9.47e-01	0.00e+00	0.00e+00	0.00e+00	0.00e+00	0.00e+00
 1.85800e+14	9.91e-27	3.51e-19	1.24e-12	1.79e-07	6.42e-04	5.71e-02	9.42e-01	0.00e+00	0.00e+00	0.00e+00	0.00e+00	0.00e+00
 1.93262e+14	1.47e-26	4.99e-19	1.67e-12	2.26e-07	7.46e-04	6.20e-02	9.37e-01	0.00e+00	0.00e+00	0.00e+00	0.00e+00	0.00e+00
 2.01022e+14	2.18e-26	7.11e-19	2.24e-12	2.84e-07	8.66e-04	6.74e-02	9.32e-01	0.00e+00	0.00e+00	0.00e+00	0.00e+00	0.00e+00
 2.08308e+14	3.10e-26	9.79e-19	2.94e-12	3.50e-07	9.91e-04	7.27e-02	9.26e-01	0.00e+00	0.00e+00	0.00e+00	0.00e+00	0.00e+00
 2.14787e+14	4.21e-26	1.29e-18	3.71e-12	4.18e-07	1.11e-03	7.75e-02	9.21e-01	0.00e+00	0.00e+00	0.00e+00	0.00e+00	0.00e+00
 2.22031e+14	5.85e-26	1.74e-18	4.77e-12	5.07e-07	1.26e-03	8.31e-02	9.16e-01	0.00e+00	0.00e+00	0.00e+00	0.00e+00	0.00e+00
 2.30664e+14	8.55e-26	2.46e-18	6.37e-12	6.33e-07	1.45e-03	8.99e-02	9.09e-01	0.00e+00	0.00e+00	0.00e+00	0.00e+00	0.00e+00
 2.39269e+14	1.23e-25	3.43e-18	8.42e-12	7.83e-07	1.67e-03	9.71e-02	9.01e-01	0.00e+00	0.00e+00	0.00e+00	0.00e+00	0.00e+00
 2.47185e+14	1.70e-25	4.61e-18	1.08e-11	9.46e-07	1.88e-03	1.04e-01	8.94e-01	0.00e+00	0.00e+00	0.00e+00	0.00e+00	0.00e+00
 2.56035e+14	2.43e-25	6.36e-18	1.41e-11	1.16e-06	2.15e-03	1.12e-01	8.86e-01	0.00e+00	0.00e+00	0.00e+00	0.00e+00	0.00e+00
 2.66272e+14	3.61e-25	9.13e-18	1.91e-11	1.46e-06	2.48e-03	1.21e-01	8.77e-01	0.00e+00	0.00e+00	0.00e+00	0.00e+00	0.00e+00
 2.76255e+14	5.24e-25	1.28e-17	2.53e-11	1.80e-06	2.84e-03	1.30e-01	8.67e-01	0.00e+00	0.00e+00	0.00e+00	0.00e+00	0.00e+00
 2.85687e+14	7.40e-25	1.76e-17	3.27e-11	2.19e-06	3.21e-03	1.39e-01	8.58e-01	0.00e+00	0.00e+00	0.00e+00	0.00e+00	0.00e+00
 2.96195e+14	1.08e-24	2.46e-17	4.32e-11	2.69e-06	3.66e-03	1.49e-01	8.47e-01	0.00e+00	0.00e+00	0.00e+00	0.00e+00	0.00e+00
 3.08073e+14	1.62e-24	3.56e-17	5.84e-11	3.37e-06	4.23e-03	1.60e-01	8.35e-01	0.00e+00	0.00e+00	0.00e+00	0.00e+00	0.00e+00
 3.19951e+14	2.40e-24	5.08e-17	7.81e-11	4.18e-06	4.84e-03	1.72e-01	8.23e-01	0.00e+00	0.00e+00	0.00e+00	0.00e+00	0.00e+00
 3.32304e+14	3.58e-24	7.27e-17	1.04e-10	5.19e-06	5.55e-03	1.85e-01	8.10e-01	0.00e+00	0.00e+00	0.00e+00	0.00e+00	0.00e+00
 3.45626e+14	5.43e-24	1.05e-16	1.41e-10	6.48e-06	6.38e-03	1.98e-01	7.96e-01	0.00e+00	0.00e+00	0.00e+00	0.00e+00	0.00e+00
 3.59481e+14	8.25e-24	1.53e-16	1.90e-10	8.08e-06	7.33e-03	2.12e-01	7.81e-01	0.00e+00	0.00e+00	0.00e+00	0.00e+00	0.00e+00
 3.73890e+14	1.26e-23	2.22e-16	2.57e-10	1.01e-05	8.41e-03	2.27e-01	7.65e-01	0.00e+00	0.00e+00	0.00e+00	0.00e+00	0.00e+00
 3.88875e+14	1.92e-23	3.22e-16	3.47e-10	1.25e-05	9.64e-03	2.42e-01	7.48e-01	0.00e+00	0.00e+00	0.00e+00	0.00e+00	0.00e+00
 4.04460e+14	2.92e-23	4.67e-16	4.67e-10	1.56e-05	1.10e-02	2.58e-01	7.31e-01	0.00e+00	0.00e+00	0.00e+00	0.00e+00	0.00e+00
 4.20669e+14	4.47e-23	6.78e-16	6.28e-10	1.93e-05	1.26e-02	2.75e-01	7.13e-01	0.00e+00	0.00e+00	0.00e+00	0.00e+00	0.00e+00
 4.37525e+14	6.84e-23	9.83e-16	8.44e-10	2.40e-05	1.44e-02	2.92e-01	6.94e-01	0.00e+00	0.00e+00	0.00e+00	0.00e+00	0.00e+00
 4.55056e+14	1.05e-22	1.42e-15	1.13e-09	2.97e-05	1.64e-02	3.09e-01	6.75e-01	0.00e+00	0.00e+00	0.00e+00	0.00e+00	0.00e+00
 4.73288e+14	1.60e-22	2.06e-15	1.52e-09	3.66e-05	1.86e-02	3.27e-01	6.55e-01	0.00e+00	0.00e+00	0.00e+00	0.00e+00	0.00e+00
 4.91268e+14	2.40e-22	2.92e-15	2.00e-09	4.47e-05	2.10e-02	3.44e-01	6.35e-01	0.00e+00	0.00e+00	0.00e+00	0.00e+00	0.00e+00
 5.09966e+14	3.59e-22	4.14e-15	2.63e-09	5.44e-05	2.37e-02	3.61e-01	6.15e-01	0.00e+00	0.00e+00	0.00e+00	0.00e+00	0.00e+00
 5.30394e+14	5.50e-22	5.97e-15	3.51e-09	6.69e-05	2.68e-02	3.80e-01	5.93e-01	0.00e+00	0.00e+00	0.00e+00	0.00e+00	0.00e+00
 5.50959e+14	8.30e-22	8.49e-15	4.63e-09	8.15e-05	3.02e-02	3.98e-01	5.72e-01	0.00e+00	0.00e+00	0.00e+00	0.00e+00	0.00e+00
 5.72345e+14	1.25e-21	1.21e-14	6.10e-09	9.91e-05	3.39e-02	4.16e-01	5.50e-01	0.00e+00	0.00e+00	0.00e+00	0.00e+00	0.00e+00
 5.93590e+14	1.85e-21	1.69e-14	7.93e-09	1.19e-04	3.79e-02	4.33e-01	5.29e-01	0.00e+00	0.00e+00	0.00e+00	0.00e+00	0.00e+00
 6.13140e+14	2.62e-21	2.27e-14	9.98e-09	1.41e-04	4.17e-02	4.48e-01	5.11e-01	0.00e+00	0.00e+00	0.00e+00	0.00e+00	0.00e+00
 6.35088e+14	3.83e-21	3.12e-14	1.28e-08	1.68e-04	4.62e-02	4.64e-01	4.90e-01	0.00e+00	0.00e+00	0.00e+00	0.00e+00	0.00e+00
 6.60458e+14	5.83e-21	4.45e-14	1.69e-08	2.03e-04	5.16e-02	4.81e-01	4.67e-01	0.00e+00	0.00e+00	0.00e+00	0.00e+00	0.00e+00
 6.85493e+14	8.67e-21	6.22e-14	2.19e-08	2.44e-04	5.73e-02	4.97e-01	4.46e-01	0.00e+00	0.00e+00	0.00e+00	0.00e+00	0.00e+00
 7.11529e+14	1.29e-20	8.68e-14	2.83e-08	2.92e-04	6.35e-02	5.12e-01	4.24e-01	0.00e+00	0.00e+00	0.00e+00	0.00e+00	0.00e+00
 7.40020e+14	1.96e-20	1.23e-13	3.71e-08	3.52e-04	7.06e-02	5.28e-01	4.01e-01	0.00e+00	0.00e+00	0.00e+00	0.00e+00	0.00e+00
 7.68971e+14	2.94e-20	1.73e-13	4.81e-08	4.22e-04	7.81e-02	5.42e-01	3.80e-01	0.00e+00	0.00e+00	0.00e+00	0.00e+00	0.00e+00
 7.95949e+14	4.22e-20	2.34e-13	6.07e-08	4.95e-04	8.54e-02	5.54e-01	3.60e-01	0.00e+00	0.00e+00	0.00e+00	0.00e+00	0.00e+00
 8.20908e+14	5.84e-20	3.07e-13	7.46e-08	5.70e-04	9.23e-02	5.64e-01	3.43e-01	0.00e+00	0.00e+00	0.00e+00	0.00e+00	0.00e+00
 8.49442e+14	8.35e-20	4.12e-13	9.36e-08	6.66e-04	1.00e-01	5.74e-01	3.25e-01	0.00e+00	0.00e+00	0.00e+00	0.00e+00	0.00e+00
 8.82896e+14	1.25e-19	5.76e-13	1.21e-07	7.93e-04	1.10e-01	5.84e-01	3.04e-01	0.00e+00	0.00e+00	0.00e+00	0.00e+00	0.00e+00
 9.15768e+14	1.83e-19	7.87e-13	1.53e-07	9.31e-04	1.20e-01	5.93e-01	2.86e-01	0.00e+00	0.00e+00	0.00e+00	0.00e+00	0.00e+00
 9.46423e+14	2.56e-19	1.04e-12	1.89e-07	1.08e-03	1.30e-01	6.00e-01	2.70e-01	0.00e+00	0.00e+00	0.00e+00	0.00e+00	0.00e+00
 9.80779e+14	3.70e-19	1.41e-12	2.38e-07	1.25e-03	1.41e-01	6.06e-01	2.52e-01	0.00e+00	0.00e+00	0.00e+00	0.00e+00	0.00e+00
 1.02004e+15	5.53e-19	1.95e-12	3.05e-07	1.48e-03	1.53e-01	6.11e-01	2.34e-01	0.00e+00	0.00e+00	0.00e+00	0.00e+00	0.00e+00
 1.05874e+15	8.07e-19	2.66e-12	3.85e-07	1.73e-03	1.66e-01	6.15e-01	2.18e-01	0.00e+00	0.00e+00	0.00e+00	0.00e+00	0.00e+00
 1.09899e+15	1.18e-18	3.62e-12	4.85e-07	2.02e-03	1.79e-01	6.17e-01	2.02e-01	0.00e+00	0.00e+00	0.00e+00	0.00e+00	0.00e+00
 1.14298e+15	1.75e-18	4.99e-12	6.18e-07	2.37e-03	1.94e-01	6.18e-01	1.86e-01	0.00e+00	0.00e+00	0.00e+00	0.00e+00	0.00e+00
 1.18753e+15	2.56e-18	6.80e-12	7.79e-07	2.76e-03	2.09e-01	6.17e-01	1.71e-01	0.00e+00	0.00e+00	0.00e+00	0.00e+00	0.00e+00
 1.23386e+15	3.75e-18	9.25e-12	9.81e-07	3.21e-03	2.25e-01	6.15e-01	1.57e-01	0.00e+00	0.00e+00	0.00e+00	0.00e+00	0.00e+00
 1.28324e+15	5.54e-18	1.27e-11	1.24e-06	3.74e-03	2.42e-01	6.11e-01	1.44e-01	0.00e+00	0.00e+00	0.00e+00	0.00e+00	0.00e+00
 1.33460e+15	8.15e-18	1.73e-11	1.56e-06	4.35e-03	2.59e-01	6.05e-01	1.31e-01	0.00e+00	0.00e+00	0.00e+00	0.00e+00	0.00e+00
 1.38801e+15	1.20e-17	2.35e-11	1.96e-06	5.04e-03	2.77e-01	5.99e-01	1.19e-01	0.00e+00	0.00e+00	0.00e+00	0.00e+00	0.00e+00
 1.44356e+15	1.75e-17	3.19e-11	2.45e-06	5.82e-03	2.96e-01	5.90e-01	1.08e-01	0.00e+00	0.00e+00	0.00e+00	0.00e+00	0.00e+00
 1.50134e+15	2.60e-17	4.31e-11	3.07e-06	6.72e-03	3.15e-01	5.81e-01	9.80e-02	0.00e+00	0.00e+00	1.46e-17	7.98e-18	3.18e-18
 1.56142e+15	3.75e-17	5.82e-11	3.83e-06	7.73e-03	3.34e-01	5.70e-01	8.85e-02	0.00e+00	0.00e+00	2.10e-17	1.20e-17	4.31e-18
 1.62391e+15	5.46e-17	7.84e-11	4.76e-06	8.87e-03	3.54e-01	5.58e-01	7.97e-02	0.00e+00	0.00e+00	3.06e-17	1.73e-17	6.25e-18
 1.68889e+15	7.93e-17	1.05e-10	5.90e-06	1.01e-02	3.74e-01	5.44e-01	7.16e-02	0.00e+00	0.00e+00	4.46e-17	2.51e-17	9.06e-18
 1.75648e+15	1.15e-16	1.41e-10	7.31e-06	1.16e-02	3.94e-01	5.30e-01	6.41e-02	0.00e+00	0.00e+00	6.48e-17	3.62e-17	1.31e-17
 1.82677e+15	1.66e-16	1.89e-10	9.02e-06	1.32e-02	4.15e-01	5.15e-01	5.73e-02	0.00e+00	0.00e+00	9.39e-17	5.22e-17	1.89e-17
 1.89591e+15	2.35e-16	2.48e-10	1.10e-05	1.49e-02	4.34e-01	5.00e-01	5.13e-02	0.00e+00	0.00e+00	1.33e-16	7.36e-17	2.66e-17
 1.95874e+15	3.18e-16	3.14e-10	1.30e-05	1.66e-02	4.51e-01	4.86e-01	4.65e-02	0.00e+00	0.00e+00	1.80e-16	9.93e-17	3.60e-17
 2.02663e+15	4.37e-16	4.01e-10	1.56e-05	1.84e-02	4.69e-01	4.71e-01	4.19e-02	0.00e+00	0.00e+00	2.48e-16	1.36e-16	4.91e-17
 2.10632e+15	6.23e-16	5.30e-10	1.90e-05	2.08e-02	4.89e-01	4.53e-01	3.72e-02	0.00e+00	0.00e+00	3.54e-16	1.93e-16	6.99e-17
 2.18466e+15	8.70e-16	6.87e-10	2.29e-05	2.32e-02	5.07e-01	4.37e-01	3.31e-02	0.00e+00	0.00e+00	4.96e-16	2.69e-16	9.73e-17
 2.25772e+15	1.17e-15	8.66e-10	2.71e-05	2.57e-02	5.23e-01	4.21e-01	2.97e-02	0.00e+00	0.00e+00	6.70e-16	3.62e-16	1.31e-16
 2.33964e+15	1.62e-15	1.11e-09	3.23e-05	2.85e-02	5.41e-01	4.04e-01	2.64e-02	0.00e+00	0.00e+00	9.27e-16	5.00e-16	1.80e-16
 2.43326e+15	2.31e-15	1.46e-09	3.93e-05	3.20e-02	5.59e-01	3.85e-01	2.31e-02	0.00e+00	0.00e+00	1.32e-15	7.12e-16	2.56e-16
 2.52058e+15	3.18e-15	1.87e-09	4.67e-05	3.53e-02	5.76e-01	3.69e-01	2.05e-02	0.00e+00	0.00e+00	1.82e-15	9.75e-16	3.50e-16
 2.59750e+15	4.15e-15	2.29e-09	5.41e-05	3.85e-02	5.89e-01	3.54e-01	1.84e-02	0.00e+00	0.00e+00	2.38e-15	1.27e-15	4.57e-16
 2.68338e+15	5.55e-15	2.86e-09	6.33e-05	4.21e-02	6.03e-01	3.39e-01	1.64e-02	0.00e+00	0.00e+00	3.18e-15	1.70e-15	6.08e-16
 2.78657e+15	7.77e-15	3.70e-09	7.59e-05	4.66e-02	6.18e-01	3.21e-01	1.43e-02	0.00e+00	0.00e+00	4.46e-15	2.38e-15	8.48e-16
 2.88993e+15	1.07e-14	4.73e-09	9.01e-05	5.14e-02	6.32e-01	3.04e-01	1.25e-02	0.00e+00	0.00e+00	6.15e-15	3.28e-15	1.16e-15
 2.98436e+15	1.42e-14	5.85e-09	1.05e-04	5.59e-02	6.44e-01	2.89e-01	1.11e-02	0.00e+00	0.00e+00	8.15e-15	4.34e-15	1.54e-15
 3.08952e+15	1.93e-14	7.38e-09	1.23e-04	6.12e-02	6.55e-01	2.74e-01	9.70e-03	0.00e+00	0.00e+00	1.11e-14	5.88e-15	2.08e-15
 3.21195e+15	2.70e-14	9.54e-09	1.47e-04	6.76e-02	6.68e-01	2.56e-01	8.33e-03	0.00e+00	0.00e+00	1.55e-14	8.26e-15	2.91e-15
 3.33153e+15	3.70e-14	1.21e-08	1.74e-04	7.39e-02	6.78e-01	2.41e-01	7.21e-03	0.00e+00	0.00e+00	2.13e-14	1.13e-14	3.97e-15
 3.44382e+15	4.94e-14	1.50e-08	2.03e-04	8.03e-02	6.86e-01	2.27e-01	6.30e-03	0.00e+00	0.00e+00	2.85e-14	1.51e-14	5.28e-15
 3.56954e+15	6.74e-14	1.90e-08	2.38e-04	8.76e-02	6.94e-01	2.13e-01	5.44e-03	0.00e+00	0.00e+00	3.88e-14	2.06e-14	7.18e-15
 3.70749e+15	9.33e-14	2.42e-08	2.82e-04	9.58e-02	7.02e-01	1.98e-01	4.64e-03	0.00e+00	0.00e+00	5.38e-14	2.85e-14	9.90e-15
 3.84150e+15	1.26e-13	3.03e-08	3.30e-04	1.04e-01	7.07e-01	1.84e-01	3.99e-03	0.00e+00	0.00e+00	7.29e-14	3.86e-14	1.34e-14
 3.97238e+15	1.68e-13	3.75e-08	3.83e-04	1.12e-01	7.11e-01	1.72e-01	3.45e-03	0.00e+00	0.00e+00	9.71e-14	5.13e-14	1.77e-14
 4.11798e+15	2.29e-13	4.72e-08	4.48e-04	1.22e-01	7.15e-01	1.60e-01	2.94e-03	0.00e+00	0.00e+00	1.32e-13	6.99e-14	2.41e-14
 4.27644e+15	3.17e-13	6.00e-08	5.28e-04	1.32e-01	7.17e-01	1.47e-01	2.48e-03	0.00e+00	0.00e+00	1.83e-13	9.66e-14	3.32e-14
 4.42831e+15	4.27e-13	7.47e-08	6.14e-04	1.43e-01	7.18e-01	1.37e-01	2.12e-03	0.00e+00	0.00e+00	2.46e-13	1.30e-13	4.46e-14
 4.57615e+15	5.65e-13	9.19e-08	7.08e-04	1.54e-01	7.17e-01	1.27e-01	1.82e-03	0.00e+00	0.00e+00	3.27e-13	1.72e-13	5.89e-14
 4.74284e+15	7.66e-13	1.15e-07	8.25e-04	1.66e-01	7.16e-01	1.16e-01	1.53e-03	0.00e+00	0.00e+00	4.43e-13	2.34e-13	7.96e-14
 4.92575e+15	1.06e-12	1.45e-07	9.69e-04	1.79e-01	7.12e-01	1.06e-01	1.28e-03	0.00e+00	0.00e+00	6.11e-13	3.22e-13	1.10e-13
 5.10523e+15	1.43e-12	1.82e-07	1.13e-03	1.93e-01	7.08e-01	9.72e-02	1.07e-03	0.00e+00	0.00e+00	8.29e-13	4.37e-13	1.48e-13
 5.28073e+15	1.91e-12	2.24e-07	1.30e-03	2.06e-01	7.02e-01	8.91e-02	9.03e-04	0.00e+00	0.00e+00	1.11e-12	5.83e-13	1.97e-13
 5.47400e+15	2.60e-12	2.80e-07	1.51e-03	2.21e-01	6.95e-01	8.10e-02	7.51e-04	0.00e+00	0.00e+00	1.50e-12	7.92e-13	2.67e-13
 5.68284e+15	3.56e-12	3.52e-07	1.77e-03	2.38e-01	6.86e-01	7.32e-02	6.17e-04	0.00e+00	0.00e+00	2.06e-12	1.09e-12	3.66e-13
 5.86686e+15	4.66e-12	4.27e-07	2.02e-03	2.53e-01	6.78e-01	6.69e-02	5.21e-04	0.00e+00	0.00e+00	2.70e-12	1.42e-12	4.77e-13
 6.03077e+15	5.88e-12	5.06e-07	2.27e-03	2.66e-01	6.69e-01	6.18e-02	4.49e-04	0.00e+00	0.00e+00	3.41e-12	1.79e-12	6.02e-13
 6.21796e+15	7.64e-12	6.10e-07	2.57e-03	2.82e-01	6.59e-01	5.64e-02	3.79e-04	0.00e+00	0.00e+00	4.43e-12	2.33e-12	7.81e-13
 6.45025e+15	1.04e-11	7.64e-07	3.00e-03	3.01e-01	6.45e-01	5.04e-02	3.07e-04	0.00e+00	0.00e+00	6.05e-12	3.19e-12	1.07e-12
 6.68726e+15	1.42e-11	9.51e-07	3.48e-03	3.21e-01	6.30e-01	4.50e-02	2.50e-04	0.00e+00	0.00e+00	8.21e-12	4.32e-12	1.44e-12
 6.89429e+15	1.83e-11	1.14e-06	3.95e-03	3.38e-01	6.17e-01	4.07e-02	2.09e-04	0.00e+00	0.00e+00	1.06e-11	5.59e-12	1.86e-12
 7.11624e+15	2.41e-11	1.39e-06	4.51e-03	3.57e-01	6.02e-01	3.66e-02	1.72e-04	0.00e+00	0.00e+00	1.39e-11	7.34e-12	2.44e-12
 7.36661e+15	3.23e-11	1.71e-06	5.22e-03	3.78e-01	5.84e-01	3.24e-02	1.39e-04	0.00e+00	0.00e+00	1.87e-11	9.85e-12	3.28e-12
 7.60532e+15	4.23e-11	2.08e-06	5.96e-03	3.99e-01	5.66e-01	2.89e-02	1.13e-04	0.00e+00	0.00e+00	2.46e-11	1.29e-11	4.29e-12
 7.82944e+15	5.42e-11	2.48e-06	6.73e-03	4.17e-01	5.50e-01	2.59e-02	9.38e-05	0.00e+00	0.00e+00	3.15e-11	1.65e-11	5.50e-12
 8.08317e+15	7.16e-11	3.03e-06	7.72e-03	4.39e-01	5.30e-01	2.29e-02	7.57e-05	0.00e+00	0.00e+00	4.16e-11	2.19e-11	7.25e-12
 8.36201e+15	9.60e-11	3.73e-06	8.92e-03	4.62e-01	5.09e-01	2.00e-02	6.00e-05	0.00e+00	0.00e+00	5.57e-11	2.93e-11	9.71e-12
 8.61683e+15	1.24e-10	4.49e-06	1.02e-02	4.83e-01	4.89e-01	1.76e-02	4.86e-05	0.00e+00	0.00e+00	7.20e-11	3.79e-11	1.26e-11
 8.89141e+15	1.64e-10	5.48e-06	1.17e-02	5.06e-01	4.67e-01	1.54e-02	3.86e-05	0.00e+00	0.00e+00	9.52e-11	5.01e-11	1.66e-11
 9.19056e+15	2.19e-10	6.74e-06	1.35e-02	5.30e-01	4.43e-01	1.32e-02	3.01e-05	0.00e+00	0.00e+00	1.27e-10	6.69e-11	2.21e-11
 9.45984e+15	2.82e-10	8.10e-06	1.54e-02	5.51e-01	4.22e-01	1.16e-02	2.41e-05	0.00e+00	0.00e+00	1.64e-10	8.63e-11	2.85e-11
 9.70981e+15	3.57e-10	9.59e-06	1.73e-02	5.70e-01	4.02e-01	1.02e-02	1.96e-05	0.00e+00	0.00e+00	2.07e-10	1.09e-10	3.61e-11
 9.99648e+15	4.69e-10	1.17e-05	1.99e-02	5.92e-01	3.80e-01	8.75e-03	1.54e-05	0.00e+00	0.00e+00	2.72e-10	1.43e-10	4.74e-11
 1.03079e+16	6.24e-10	1.44e-05	2.31e-02	6.14e-01	3.55e-01	7.42e-03	1.18e-05	0.00e+00	0.00e+00	3.63e-10	1.91e-10	6.31e-11
 1.05857e+16	7.99e-10	1.72e-05	2.63e-02	6.33e-01	3.34e-01	6.40e-03	9.37e-06	0.00e+00	0.00e+00	4.64e-10	2.44e-10	8.08e-11
 1.08397e+16	1.00e-09	2.03e-05	2.97e-02	6.50e-01	3.14e-01	5.57e-03	7.55e-06	0.00e+00	0.00e+00	5.83e-10	3.07e-10	1.01e-10
 1.11286e+16	1.32e-09	2.49e-05	3.43e-02	6.69e-01	2.92e-01	4.72e-03	5.85e-06	0.00e+00	0.00e+00	7.66e-10	4.03e-10	1.33e-10
 1.14383e+16	1.74e-09	3.05e-05	3.99e-02	6.87e-01	2.69e-01	3.95e-03	4.47e-06	0.00e+00	0.00e+00	1.01e-09	5.31e-10	1.75e-10
 1.17081e+16	2.21e-09	3.66e-05	4.57e-02	7.01e-01	2.50e-01	3.37e-03	3.52e-06	0.00e+00	0.00e+00	1.29e-09	6.77e-10	2.24e-10
 1.19495e+16	2.78e-09	4.35e-05	5.19e-02	7.13e-01	2.32e-01	2.91e-03	2.82e-06	0.00e+00	0.00e+00	1.61e-09	8.50e-10	2.81e-10
 1.22212e+16	3.65e-09	5.34e-05	6.02e-02	7.25e-01	2.12e-01	2.44e-03	2.17e-06	0.00e+00	0.00e+00	2.12e-09	1.12e-09	3.69e-10
 1.25087e+16	4.83e-09	6.63e-05	7.08e-02	7.35e-01	1.92e-01	2.01e-03	1.65e-06	0.00e+00	0.00e+00	2.81e-09	1.48e-09	4.90e-10
 1.27500e+16	6.15e-09	8.00e-05	8.16e-02	7.41e-01	1.75e-01	1.70e-03	1.29e-06	0.00e+00	0.00e+00	3.58e-09	1.88e-09	6.23e-10
 1.29557e+16	7.66e-09	9.49e-05	9.29e-02	7.44e-01	1.61e-01	1.46e-03	1.04e-06	0.00e+00	0.00e+00	4.45e-09	2.35e-09	7.77e-10
 1.31453e+16	9.47e-09	1.12e-04	1.05e-01	7.45e-01	1.48e-01	1.26e-03	8.46e-07	0.00e+00	0.00e+00	5.50e-09	2.90e-09	9.60e-10
 1.33272e+16	1.17e-08	1.32e-04	1.20e-01	7.44e-01	1.35e-01	1.08e-03	0.00e+00	0.00e+00	0.00e+00	6.78e-09	3.57e-09	1.18e-09
 1.35356e+16	1.53e-08	1.64e-04	1.40e-01	7.39e-01	1.20e-01	8.88e-04	0.00e+00	0.00e+00	0.00e+00	8.88e-09	4.68e-09	1.55e-09
 1.37501e+16	2.02e-08	2.05e-04	1.66e-01	7.28e-01	1.05e-01	7.17e-04	0.00e+00	0.00e+00	0.00e+00	1.17e-08	6.18e-09	2.05e-09
 1.39185e+16	2.54e-08	2.47e-04	1.93e-01	7.13e-01	9.29e-02	5.95e-04	0.00e+00	0.00e+00	0.00e+00	1.48e-08	7.79e-09	2.58e-09
 1.40524e+16	3.12e-08	2.92e-04	2.19e-01	6.97e-01	8.28e-02	5.02e-04	0.00e+00	0.00e+00	0.00e+00	1.81e-08	9.56e-09	3.17e-09
 1.41756e+16	3.81e-08	3.45e-04	2.49e-01	6.77e-01	7.34e-02	4.22e-04	0.00e+00	0.00e+00	0.00e+00	2.22e-08	1.17e-08	3.88e-09
 1.42957e+16	4.55e-08	4.00e-04	2.83e-01	6.52e-01	6.41e-02	3.48e-04	0.00e+00	0.00e+00	0.00e+00	2.64e-08	1.40e-08	4.64e-09
 1.44120e+16	5.81e-08	4.86e-04	3.24e-01	6.20e-01	5.48e-02	2.81e-04	0.00e+00	0.00e+00	0.00e+00	3.38e-08	1.78e-08	5.93e-09
 1.45212e+16	7.17e-08	5.79e-04	3.70e-01	5.83e-01	4.61e-02	2.23e-04	0.00e+00	0.00e+00	0.00e+00	4.17e-08	2.20e-08	7.33e-09
 1.46124e+16	8.42e-08	6.62e-04	4.16e-01	5.45e-01	3.88e-02	1.78e-04	0.00e+00	0.00e+00	0.00e+00	4.90e-08	2.59e-08	8.62e-09
 1.46861e+16	1.01e-07	7.65e-04	4.58e-01	5.08e-01	3.29e-02	1.44e-04	0.00e+00	0.00e+00	0.00e+00	5.86e-08	3.10e-08	1.03e-08
 1.47508e+16	1.14e-07	8.49e-04	5.00e-01	4.71e-01	2.78e-02	1.17e-04	0.00e+00	0.00e+00	0.00e+00	6.65e-08	3.52e-08	1.17e-08
 1.48201e+16	1.36e-07	9.75e-04	5.49e-01	4.27e-01	2.26e-02	8.97e-05	0.00e+00	0.00e+00	0.00e+00	7.93e-08	4.19e-08	1.40e-08
 1.48926e+16	1.60e-07	1.11e-03	6.04e-01	3.77e-01	1.75e-02	6.58e-05	0.00e+00	0.00e+00	0.00e+00	9.31e-08	4.92e-08	1.65e-08
 1.49547e+16	1.84e-07	1.23e-03	6.54e-01	3.31e-01	1.36e-02	4.83e-05	0.00e+00	0.00e+00	0.00e+00	1.07e-07	5.65e-08	1.89e-08
 1.50117e+16	2.08e-07	1.36e-03	7.00e-01	2.88e-01	1.04e-02	3.49e-05	0.00e+00	0.00e+00	0.00e+00	1.21e-07	6.41e-08	2.15e-08
 1.50683e+16	2.35e-07	1.49e-03	7.45e-01	2.46e-01	7.74e-03	2.44e-05	0.00e+00	0.00e+00	0.00e+00	1.37e-07	7.23e-08	2.43e-08
 1.51333e+16	2.68e-07	1.63e-03	7.93e-01	2.00e-01	5.26e-03	1.53e-05	0.00e+00	0.00e+00	0.00e+00	1.56e-07	8.25e-08	2.78e-08
 1.52054e+16	3.04e-07	1.79e-03	8.40e-01	1.55e-01	3.30e-03	8.73e-06	0.00e+00	0.00e+00	0.00e+00	1.77e-07	9.38e-08	3.16e-08
 1.52870e+16	3.46e-07	1.95e-03	8.83e-01	1.14e-01	1.85e-03	4.34e-06	0.00e+00	0.00e+00	0.00e+00	2.01e-07	1.07e-07	3.61e-08
 1.53866e+16	3.93e-07	2.11e-03	9.19e-01	7.76e-02	9.00e-04	1.80e-06	0.00e+00	0.00e+00	0.00e+00	2.29e-07	1.21e-07	4.10e-08
 1.54986e+16	4.40e-07	2.25e-03	9.46e-01	5.18e-02	4.05e-04	6.68e-07	0.00e+00	0.00e+00	0.00e+00	2.56e-07	1.36e-07	4.60e-08
 1.56307e+16	4.88e-07	2.38e-03	9.63e-01	3.43e-02	1.69e-04	0.00e+00	0.00e+00	0.00e+00	0.00e+00	2.84e-07	1.51e-07	5.11e-08
 1.58000e+16	5.43e-07	2.50e-03	9.75e-01	2.27e-02	6.37e-05	0.00e+00	0.00e+00	0.00e+00	0.00e+00	3.16e-07	1.68e-07	5.70e-08
 1.60202e+16	6.11e-07	2.63e-03	9.82e-01	1.58e-02	2.25e-05	0.00e+00	0.00e+00	0.00e+00	0.00e+00	3.55e-07	1.89e-07	6.41e-08
 1.63063e+16	7.02e-07	2.78e-03	9.85e-01	1.20e-02	7.74e-06	0.00e+00	0.00e+00	0.00e+00	0.00e+00	4.08e-07	2.17e-07	7.37e-08
 1.66784e+16	8.36e-07	2.98e-03	9.87e-01	9.84e-03	2.60e-06	0.00e+00	0.00e+00	0.00e+00	0.00e+00	4.86e-07	2.58e-07	8.78e-08
 1.71620e+16	1.05e-06	3.24e-03	9.88e-01	8.50e-03	8.31e-07	0.00e+00	0.00e+00	0.00e+00	0.00e+00	6.11e-07	3.25e-07	1.10e-07
 1.76713e+16	1.34e-06	3.55e-03	9.89e-01	7.65e-03	0.00e+00	0.00e+00	0.00e+00	0.00e+00	0.00e+00	7.80e-07	4.15e-07	1.41e-07
 1.81030e+16	1.67e-06	3.85e-03	9.89e-01	7.04e-03	0.00e+00	0.00e+00	0.00e+00	0.00e+00	0.00e+00	9.70e-07	5.16e-07	1.75e-07
 1.84934e+16	2.05e-06	4.15e-03	9.89e-01	6.58e-03	0.00e+00	0.00e+00	0.00e+00	0.00e+00	0.00e+00	1.19e-06	6.33e-07	2.15e-07
 1.89411e+16	2.62e-06	4.54e-03	9.89e-01	6.07e-03	0.00e+00	0.00e+00	0.00e+00	0.00e+00	0.00e+00	1.52e-06	8.10e-07	2.74e-07
 1.94332e+16	3.49e-06	5.04e-03	9.89e-01	5.56e-03	0.00e+00	0.00e+00	0.00e+00	0.00e+00	0.00e+00	2.03e-06	1.08e-06	3.65e-07
 1.98704e+16	4.59e-06	5.58e-03	9.89e-01	5.11e-03	0.00e+00	0.00e+00	0.00e+00	0.00e+00	0.00e+00	2.67e-06	1.42e-06	4.80e-07
 2.02467e+16	5.89e-06	6.12e-03	9.89e-01	4.76e-03	0.00e+00	0.00e+00	0.00e+00	0.00e+00	0.00e+00	3.42e-06	1.82e-06	6.15e-07
 2.06025e+16	7.58e-06	6.74e-03	9.89e-01	4.40e-03	0.00e+00	0.00e+00	0.00e+00	0.00e+00	0.00e+00	4.40e-06	2.34e-06	7.91e-07
 2.09568e+16	9.88e-06	7.47e-03	9.88e-01	4.05e-03	0.00e+00	0.00e+00	0.00e+00	0.00e+00	0.00e+00	5.74e-06	3.05e-06	1.03e-06
 2.13004e+16	1.30e-05	8.34e-03	9.88e-01	3.73e-03	0.00e+00	0.00e+00	0.00e+00	0.00e+00	0.00e+00	7.55e-06	4.01e-06	1.35e-06
 2.16200e+16	1.71e-05	9.33e-03	9.87e-01	3.40e-03	0.00e+00	0.00e+00	0.00e+00	0.00e+00	0.00e+00	9.94e-06	5.28e-06	1.78e-06
 2.19135e+16	2.24e-05	1.04e-02	9.86e-01	3.10e-03	0.00e+00	0.00e+00	0.00e+00	0.00e+00	0.00e+00	1.30e-05	6.91e-06	2.33e-06
 2.21882e+16	2.93e-05	1.17e-02	9.85e-01	2.83e-03	0.00e+00	0.00e+00	0.00e+00	0.00e+00	0.00e+00	1.70e-05	9.03e-06	3.04e-06
 2.24502e+16	3.83e-05	1.32e-02	9.84e-01	2.57e-03	0.00e+00	0.00e+00	0.00e+00	0.00e+00	0.00e+00	2.23e-05	1.18e-05	3.98e-06
 2.26431e+16	4.73e-05	1.45e-02	9.83e-01	2.39e-03	0.00e+00	0.00e+00	0.00e+00	0.00e+00	0.00e+00	2.75e-05	1.46e-05	4.91e-06
 2.27518e+16	5.36e-05	1.54e-02	9.82e-01	2.26e-03	0.00e+00	0.00e+00	0.00e+00	0.00e+00	0.00e+00	3.12e-05	1.65e-05	5.57e-06
 2.28529e+16	6.05e-05	1.63e-02	9.81e-01	2.17e-03	0.00e+00	0.00e+00	0.00e+00	0.00e+00	0.00e+00	3.52e-05	1.87e-05	6.28e-06
 2.29842e+16	7.11e-05	1.76e-02	9.80e-01	2.03e-03	0.00e+00	0.00e+00	0.00e+00	0.00e+00	0.00e+00	4.13e-05	2.19e-05	7.38e-06
 2.31264e+16	8.50e-05	1.91e-02	9.79e-01	1.89e-03	0.00e+00	0.00e+00	0.00e+00	0.00e+00	0.00e+00	4.94e-05	2.62e-05	8.82e-06
 2.32505e+16	1.00e-04	2.07e-02	9.77e-01	1.77e-03	0.00e+00	0.00e+00	0.00e+00	0.00e+00	0.00e+00	5.82e-05	3.09e-05	1.04e-05
 2.33576e+16	1.16e-04	2.22e-02	9.76e-01	1.67e-03	0.00e+00	0.00e+00	0.00e+00	0.00e+00	0.00e+00	6.74e-05	3.58e-05	1.20e-05
 2.34750e+16	1.37e-04	2.42e-02	9.74e-01	1.55e-03	0.00e+00	0.00e+00	0.00e+00	0.00e+00	0.00e+00	7.99e-05	4.23e-05	1.42e-05
 2.35897e+16	1.62e-04	2.63e-02	9.72e-01	1.44e-03	0.00e+00	0.00e+00	0.00e+00	0.00e+00	0.00e+00	9.43e-05	5.00e-05	1.68e-05
 2.36741e+16	1.85e-04	2.80e-02	9.70e-01	1.36e-03	0.00e+00	0.00e+00	0.00e+00	0.00e+00	0.00e+00	1.07e-04	5.69e-05	1.91e-05
 2.37457e+16	2.07e-04	2.97e-02	9.69e-01	1.30e-03	0.00e+00	0.00e+00	0.00e+00	0.00e+00	0.00e+00	1.20e-04	6.37e-05	2.14e-05
 2.38275e+16	2.36e-04	3.18e-02	9.67e-01	1.22e-03	0.00e+00	0.00e+00	0.00e+00	0.00e+00	0.00e+00	1.37e-04	7.28e-05	2.45e-05
 2.39174e+16	2.75e-04	3.43e-02	9.64e-01	1.14e-03	0.00e+00	0.00e+00	0.00e+00	0.00e+00	0.00e+00	1.60e-04	8.46e-05	2.84e-05
 2.39975e+16	3.16e-04	3.69e-02	9.62e-01	1.07e-03	0.00e+00	0.00e+00	0.00e+00	0.00e+00	0.00e+00	1.83e-04	9.72e-05	3.27e-05
 2.40674e+16	3.58e-04	3.94e-02	9.59e-01	1.00e-03	0.00e+00	0.00e+00	0.00e+00	0.00e+00	0.00e+00	2.08e-04	1.10e-04	3.70e-05
 2.41442e+16	4.13e-04	4.25e-02	9.56e-01	9.36e-04	0.00e+00	0.00e+00	0.00e+00	0.00e+00	0.00e+00	2.40e-04	1.27e-04	4.28e-05
 2.42259e+16	4.83e-04	4.62e-02	9.52e-01	8.67e-04	0.00e+00	0.00e+00	0.00e+00	0.00e+00	0.00e+00	2.81e-04	1.49e-04	5.00e-05
 2.42952e+16	5.54e-04	4.97e-02	9.49e-01	8.09e-04	0.00e+00	0.00e+00	0.00e+00	0.00e+00	0.00e+00	3.22e-04	1.71e-04	5.73e-05
 2.43553e+16	6.27e-04	5.31e-02	9.46e-01	7.61e-04	0.00e+00	0.00e+00	0.00e+00	0.00e+00	0.00e+00	3.65e-04	1.93e-04	6.48e-05
 2.44222e+16	7.23e-04	5.73e-02	9.41e-01	7.07e-04	0.00e+00	0.00e+00	0.00e+00	0.00e+00	0.00e+00	4.20e-04	2.23e-04	7.48e-05
 2.44940e+16	8.47e-04	6.24e-02	9.36e-01	6.51e-04	0.00e+00	0.00e+00	0.00e+00	0.00e+00	0.00e+00	4.92e-04	2.61e-04	8.76e-05
 2.45558e+16	9.72e-04	6.73e-02	9.31e-01	6.06e-04	0.00e+00	0.00e+00	0.00e+00	0.00e+00	0.00e+00	5.66e-04	2.99e-04	1.01e-04
