#depth	N	N+	N+2	N+3	N+4	N+5	N+6	N+7
 1.49634e+10	0.00e+00	0.00e+00	2.22e-31	8.18e-22	8.60e-13	3.86e-03	7.33e-01	2.63e-01
 4.54887e+10	0.00e+00	2.16e-41	3.12e-31	1.06e-21	1.03e-12	4.29e-03	7.48e-01	2.48e-01
 7.72350e+10	0.00e+00	0.00e+00	4.39e-31	1.38e-21	1.24e-12	4.76e-03	7.62e-01	2.34e-01
 1.10251e+11	0.00e+00	4.98e-41	6.16e-31	1.79e-21	1.49e-12	5.28e-03	7.75e-01	2.20e-01
 1.42189e+11	0.00e+00	0.00e+00	8.44e-31	2.28e-21	1.76e-12	5.80e-03	7.87e-01	2.07e-01
 1.72205e+11	0.00e+00	1.04e-40	1.12e-30	2.84e-21	2.05e-12	6.32e-03	7.97e-01	1.97e-01
 2.05821e+11	0.00e+00	0.00e+00	1.53e-30	3.60e-21	2.42e-12	6.93e-03	8.08e-01	1.85e-01
 2.43981e+11	0.00e+00	2.31e-40	2.14e-30	4.65e-21	2.89e-12	7.66e-03	8.19e-01	1.74e-01
 2.82160e+11	0.00e+00	0.00e+00	2.95e-30	5.96e-21	3.43e-12	8.42e-03	8.29e-01	1.63e-01
 3.21867e+11	0.00e+00	5.13e-40	4.08e-30	7.62e-21	4.06e-12	9.26e-03	8.38e-01	1.53e-01
 3.62676e+11	0.00e+00	0.00e+00	5.61e-30	9.72e-21	4.81e-12	1.02e-02	8.47e-01	1.43e-01
 4.01157e+11	0.00e+00	1.09e-39	7.49e-30	1.21e-20	5.60e-12	1.10e-02	8.54e-01	1.35e-01
 4.43169e+11	0.00e+00	0.00e+00	1.02e-29	1.53e-20	6.57e-12	1.21e-02	8.61e-01	1.26e-01
 4.90823e+11	0.00e+00	2.39e-39	1.42e-29	1.97e-20	7.82e-12	1.33e-02	8.69e-01	1.18e-01
 5.37807e+11	0.00e+00	0.00e+00	1.94e-29	2.50e-20	9.22e-12	1.45e-02	8.75e-01	1.10e-01
 5.86671e+11	0.00e+00	5.22e-39	2.66e-29	3.18e-20	1.09e-11	1.58e-02	8.81e-01	1.03e-01
 6.33922e+11	0.00e+00	0.00e+00	3.56e-29	3.98e-20	1.27e-11	1.72e-02	8.86e-01	9.64e-02
 6.73757e+11	0.00e+00	1.01e-38	4.53e-29	4.77e-20	1.43e-11	1.84e-02	8.90e-01	9.14e-02
 7.16896e+11	0.00e+00	0.00e+00	5.82e-29	5.77e-20	1.63e-11	1.97e-02	8.94e-01	8.64e-02
 7.71067e+11	0.00e+00	2.01e-38	7.90e-29	7.28e-20	1.91e-11	2.15e-02	8.98e-01	8.07e-02
 8.27711e+11	0.00e+00	0.00e+00	1.07e-28	9.20e-20	2.24e-11	2.34e-02	9.01e-01	7.52e-02
 8.79169e+11	0.00e+00	4.12e-38	1.41e-28	1.13e-19	2.58e-11	2.52e-02	9.04e-01	7.07e-02
 9.35754e+11	0.00e+00	0.00e+00	1.87e-28	1.40e-19	2.98e-11	2.72e-02	9.07e-01	6.61e-02
 1.00205e+12	0.00e+00	8.81e-38	2.59e-28	1.79e-19	3.53e-11	2.97e-02	9.09e-01	6.13e-02
 1.06818e+12	0.00e+00	0.00e+00	3.54e-28	2.27e-19	4.14e-11	3.23e-02	9.11e-01	5.69e-02
 1.13163e+12	0.00e+00	1.85e-37	4.71e-28	2.82e-19	4.79e-11	3.48e-02	9.12e-01	5.31e-02
 1.20151e+12	0.00e+00	0.00e+00	6.40e-28	3.55e-19	5.60e-11	3.78e-02	9.13e-01	4.93e-02
 1.27950e+12	0.00e+00	4.09e-37	8.90e-28	4.56e-19	6.62e-11	4.12e-02	9.13e-01	4.55e-02
 1.35074e+12	0.00e+00	0.00e+00	1.19e-27	5.67e-19	7.68e-11	4.45e-02	9.13e-01	4.24e-02
 1.41111e+12	0.00e+00	7.90e-37	1.51e-27	6.79e-19	8.66e-11	4.73e-02	9.13e-01	4.00e-02
 1.47755e+12	0.00e+00	0.00e+00	1.95e-27	8.23e-19	9.85e-11	5.05e-02	9.12e-01	3.75e-02
 1.56036e+12	0.00e+00	1.60e-36	2.66e-27	1.04e-18	1.15e-10	5.47e-02	9.11e-01	3.47e-02
 1.64506e+12	1.80e-46	2.34e-36	3.61e-27	1.31e-18	1.34e-10	5.91e-02	9.09e-01	3.21e-02
 1.71965e+12	0.00e+00	0.00e+00	4.68e-27	1.59e-18	1.53e-10	6.31e-02	9.07e-01	3.00e-02
 1.80053e+12	0.00e+00	4.56e-36	6.16e-27	1.96e-18	1.76e-10	6.76e-02	9.04e-01	2.80e-02
 1.89168e+12	6.29e-46	6.63e-36	8.32e-27	2.45e-18	2.04e-10	7.29e-02	9.01e-01	2.59e-02
 1.97871e+12	0.00e+00	0.00e+00	1.10e-26	3.02e-18	2.35e-10	7.81e-02	8.98e-01	2.40e-02
 2.07438e+12	0.00e+00	1.36e-35	1.48e-26	3.78e-18	2.72e-10	8.40e-02	8.94e-01	2.22e-02
 2.18025e+12	2.41e-45	2.03e-35	2.04e-26	4.80e-18	3.19e-10	9.08e-02	8.89e-01	2.04e-02
 2.27878e+12	0.00e+00	0.00e+00	2.73e-26	5.97e-18	3.69e-10	9.74e-02	8.84e-01	1.89e-02
 2.37211e+12	0.00e+00	4.07e-35	3.55e-26	7.29e-18	4.20e-10	1.04e-01	8.79e-01	1.75e-02
 2.47928e+12	8.70e-45	5.91e-35	4.79e-26	9.12e-18	4.87e-10	1.11e-01	8.72e-01	1.62e-02
 2.59840e+12	0.00e+00	0.00e+00	6.61e-26	1.16e-17	5.71e-10	1.20e-01	8.65e-01	1.48e-02
 2.70998e+12	0.00e+00	1.28e-34	8.87e-26	1.45e-17	6.60e-10	1.29e-01	8.58e-01	1.36e-02
 2.83198e+12	3.51e-44	1.89e-34	1.21e-25	1.83e-17	7.69e-10	1.38e-01	8.49e-01	1.24e-02
 2.96825e+12	0.00e+00	2.88e-34	1.70e-25	2.36e-17	9.08e-10	1.50e-01	8.39e-01	1.13e-02
 3.09699e+12	9.33e-44	4.25e-34	2.32e-25	2.97e-17	1.06e-09	1.60e-01	8.29e-01	1.03e-02
 3.23653e+12	0.00e+00	6.38e-34	3.21e-25	3.79e-17	1.24e-09	1.73e-01	8.18e-01	9.32e-03
 3.39194e+12	2.59e-43	9.89e-34	4.57e-25	4.94e-17	1.47e-09	1.86e-01	8.05e-01	8.38e-03
 3.54111e+12	0.00e+00	1.49e-33	6.32e-25	6.30e-17	1.72e-09	2.00e-01	7.92e-01	7.57e-03
 3.70024e+12	6.99e-43	2.26e-33	8.83e-25	8.09e-17	2.02e-09	2.15e-01	7.78e-01	6.82e-03
 3.85385e+12	0.00e+00	3.33e-33	1.21e-24	1.02e-16	2.35e-09	2.30e-01	7.64e-01	6.16e-03
 3.97626e+12	1.61e-42	4.50e-33	1.53e-24	1.22e-16	2.64e-09	2.41e-01	7.53e-01	5.70e-03
 4.10511e+12	0.00e+00	6.11e-33	1.96e-24	1.47e-16	2.97e-09	2.54e-01	7.41e-01	5.25e-03
 4.27262e+12	3.70e-42	8.98e-33	2.67e-24	1.85e-16	3.44e-09	2.70e-01	7.25e-01	4.73e-03
 4.45266e+12	0.00e+00	1.34e-32	3.66e-24	2.34e-16	4.00e-09	2.88e-01	7.08e-01	4.24e-03
 4.60435e+12	8.82e-42	1.84e-32	4.74e-24	2.84e-16	4.52e-09	3.03e-01	6.93e-01	3.87e-03
 4.73571e+12	0.00e+00	2.41e-32	5.88e-24	3.33e-16	5.01e-09	3.16e-01	6.80e-01	3.58e-03
 4.88529e+12	1.75e-41	3.25e-32	7.46e-24	3.98e-16	5.61e-09	3.31e-01	6.66e-01	3.29e-03
 5.07975e+12	0.00e+00	4.71e-32	1.00e-23	4.96e-16	6.45e-09	3.50e-01	6.48e-01	2.94e-03
 5.28155e+12	4.29e-41	6.82e-32	1.35e-23	6.18e-16	7.41e-09	3.69e-01	6.28e-01	2.63e-03
 5.45085e+12	0.00e+00	9.19e-32	1.71e-23	7.38e-16	8.28e-09	3.85e-01	6.13e-01	2.40e-03
 5.62890e+12	8.87e-41	1.24e-31	2.18e-23	8.82e-16	9.26e-09	4.01e-01	5.96e-01	2.18e-03
 5.85909e+12	0.00e+00	1.81e-31	2.94e-23	1.10e-15	1.06e-08	4.22e-01	5.76e-01	1.93e-03
 6.09675e+12	2.19e-40	2.62e-31	3.94e-23	1.37e-15	1.22e-08	4.44e-01	5.55e-01	1.71e-03
 6.29680e+12	0.00e+00	3.53e-31	5.00e-23	1.63e-15	1.36e-08	4.61e-01	5.38e-01	1.55e-03
 6.50829e+12	4.54e-40	4.79e-31	6.37e-23	1.95e-15	1.52e-08	4.79e-01	5.20e-01	1.40e-03
 6.77534e+12	0.00e+00	6.92e-31	8.53e-23	2.42e-15	1.73e-08	5.00e-01	4.98e-01	1.23e-03
 7.05132e+12	1.10e-39	9.95e-31	1.14e-22	2.99e-15	1.97e-08	5.22e-01	4.77e-01	1.08e-03
 7.29436e+12	0.00e+00	1.35e-30	1.45e-22	3.58e-15	2.20e-08	5.40e-01	4.59e-01	9.66e-04
 7.55787e+12	2.35e-39	1.86e-30	1.87e-22	4.31e-15	2.46e-08	5.59e-01	4.40e-01	8.58e-04
 7.85203e+12	0.00e+00	2.62e-30	2.45e-22	5.25e-15	2.77e-08	5.80e-01	4.20e-01	7.54e-04
 8.14076e+12	5.25e-39	3.61e-30	3.16e-22	6.33e-15	3.09e-08	5.99e-01	4.01e-01	6.67e-04
 8.42337e+12	0.00e+00	4.88e-30	4.01e-22	7.53e-15	3.43e-08	6.16e-01	3.83e-01	5.93e-04
 8.69067e+12	1.06e-38	6.42e-30	4.99e-22	8.82e-15	3.77e-08	6.32e-01	3.67e-01	5.31e-04
 8.98551e+12	0.00e+00	8.60e-30	6.28e-22	1.04e-14	4.16e-08	6.49e-01	3.51e-01	4.72e-04
 9.28959e+12	2.15e-38	1.15e-29	7.90e-22	1.23e-14	4.59e-08	6.65e-01	3.34e-01	4.19e-04
 9.54233e+12	0.00e+00	1.45e-29	9.49e-22	1.41e-14	4.96e-08	6.78e-01	3.22e-01	3.81e-04
 9.80752e+12	3.80e-38	1.84e-29	1.14e-21	1.61e-14	5.37e-08	6.91e-01	3.09e-01	3.45e-04
 1.01523e+13	0.00e+00	2.48e-29	1.45e-21	1.91e-14	5.94e-08	7.07e-01	2.93e-01	3.03e-04
 1.05101e+13	7.86e-38	3.34e-29	1.83e-21	2.27e-14	6.55e-08	7.22e-01	2.77e-01	2.66e-04
 1.08131e+13	0.00e+00	4.25e-29	2.22e-21	2.60e-14	7.10e-08	7.35e-01	2.65e-01	2.39e-04
 1.11351e+13	1.43e-37	5.45e-29	2.69e-21	3.00e-14	7.69e-08	7.47e-01	2.53e-01	2.15e-04
 1.15536e+13	0.00e+00	7.47e-29	3.45e-21	3.59e-14	8.53e-08	7.62e-01	2.38e-01	1.86e-04
 1.19894e+13	3.07e-37	1.02e-28	4.42e-21	4.28e-14	9.44e-08	7.76e-01	2.23e-01	1.61e-04
 1.23611e+13	0.00e+00	1.32e-28	5.41e-21	4.96e-14	1.03e-07	7.88e-01	2.12e-01	1.43e-04
 1.27580e+13	5.80e-37	1.72e-28	6.66e-21	5.76e-14	1.12e-07	7.99e-01	2.01e-01	1.26e-04
 1.32569e+13	0.00e+00	2.37e-28	8.57e-21	6.91e-14	1.24e-07	8.13e-01	1.87e-01	1.08e-04
 1.37767e+13	1.26e-36	3.26e-28	1.10e-20	8.29e-14	1.37e-07	8.25e-01	1.75e-01	9.27e-05
 1.42459e+13	0.00e+00	4.30e-28	1.37e-20	9.68e-14	1.50e-07	8.36e-01	1.64e-01	8.10e-05
 1.47607e+13	2.53e-36	5.77e-28	1.73e-20	1.15e-13	1.64e-07	8.46e-01	1.54e-01	7.00e-05
 1.53677e+13	0.00e+00	8.03e-28	2.24e-20	1.38e-13	1.83e-07	8.58e-01	1.42e-01	5.92e-05
 1.59789e+13	5.56e-36	1.10e-27	2.88e-20	1.66e-13	2.02e-07	8.68e-01	1.32e-01	5.03e-05
 1.65289e+13	0.00e+00	1.45e-27	3.58e-20	1.94e-13	2.21e-07	8.77e-01	1.23e-01	4.36e-05
 1.71148e+13	1.09e-35	1.93e-27	4.47e-20	2.28e-13	2.41e-07	8.85e-01	1.15e-01	3.76e-05
 1.77742e+13	0.00e+00	2.61e-27	5.69e-20	2.71e-13	2.66e-07	8.93e-01	1.07e-01	3.20e-05
 1.83299e+13	2.13e-35	3.34e-27	6.92e-20	3.13e-13	2.88e-07	9.00e-01	1.00e-01	2.80e-05
 1.87582e+13	0.00e+00	4.02e-27	8.01e-20	3.47e-13	3.05e-07	9.05e-01	9.54e-02	2.54e-05
 1.92200e+13	3.36e-35	4.87e-27	9.32e-20	3.88e-13	3.24e-07	9.09e-01	9.08e-02	2.29e-05
 1.98203e+13	0.00e+00	6.22e-27	1.13e-19	4.46e-13	3.50e-07	9.15e-01	8.51e-02	2.00e-05
 2.04679e+13	6.13e-35	8.01e-27	1.38e-19	5.17e-13	3.80e-07	9.20e-01	7.96e-02	1.74e-05
 2.10482e+13	0.00e+00	9.98e-27	1.65e-19	5.87e-13	4.07e-07	9.25e-01	7.50e-02	1.54e-05
 2.16736e+13	1.05e-34	1.25e-26	1.98e-19	6.69e-13	4.38e-07	9.29e-01	7.05e-02	1.35e-05
 2.24826e+13	0.00e+00	1.67e-26	2.48e-19	7.89e-13	4.79e-07	9.35e-01	6.52e-02	1.15e-05
 2.33060e+13	2.08e-34	2.20e-26	3.09e-19	9.27e-13	5.24e-07	9.40e-01	6.04e-02	9.81e-06
 2.39813e+13	2.72e-34	2.75e-26	3.68e-19	1.05e-12	5.62e-07	9.43e-01	5.68e-02	8.66e-06
 2.46884e+13	3.57e-34	3.44e-26	4.40e-19	1.20e-12	6.03e-07	9.47e-01	5.34e-02	7.63e-06
 2.56048e+13	5.00e-34	4.55e-26	5.49e-19	1.40e-12	6.58e-07	9.51e-01	4.94e-02	6.50e-06
 2.65813e+13	7.07e-34	6.05e-26	6.88e-19	1.66e-12	7.20e-07	9.54e-01	4.56e-02	5.51e-06
 2.74467e+13	9.50e-34	7.72e-26	8.35e-19	1.90e-12	7.77e-07	9.57e-01	4.25e-02	4.79e-06
 2.83798e+13	1.30e-33	9.97e-26	1.02e-18	2.20e-12	8.40e-07	9.60e-01	3.96e-02	4.14e-06
 2.95003e+13	1.85e-33	1.34e-25	1.29e-18	2.60e-12	9.20e-07	9.64e-01	3.64e-02	3.50e-06
 3.06423e+13	2.63e-33	1.78e-25	1.61e-18	3.06e-12	1.00e-06	9.66e-01	3.36e-02	2.97e-06
 3.16102e+13	3.50e-33	2.26e-25	1.94e-18	3.49e-12	1.08e-06	9.69e-01	3.15e-02	2.60e-06
 3.24348e+13	4.45e-33	2.75e-25	2.27e-18	3.89e-12	1.14e-06	9.70e-01	2.98e-02	2.33e-06
 3.33675e+13	5.80e-33	3.41e-25	2.68e-18	4.38e-12	1.22e-06	9.72e-01	2.81e-02	2.06e-06
 3.45800e+13	8.08e-33	4.48e-25	3.31e-18	5.09e-12	1.32e-06	9.74e-01	2.61e-02	1.77e-06
 3.58696e+13	1.14e-32	5.91e-25	4.12e-18	5.94e-12	1.43e-06	9.76e-01	2.41e-02	1.52e-06
 3.69936e+13	1.52e-32	7.48e-25	4.94e-18	6.75e-12	1.53e-06	9.77e-01	2.26e-02	1.33e-06
 3.80122e+13	1.96e-32	9.21e-25	5.80e-18	7.55e-12	1.63e-06	9.79e-01	2.14e-02	1.19e-06
 3.91597e+13	2.59e-32	1.16e-24	6.92e-18	8.53e-12	1.73e-06	9.80e-01	2.01e-02	1.05e-06
 4.06195e+13	3.66e-32	1.53e-24	8.59e-18	9.92e-12	1.88e-06	9.81e-01	1.87e-02	9.03e-07
 4.21160e+13	5.15e-32	2.02e-24	1.06e-17	1.15e-11	2.03e-06	9.83e-01	1.73e-02	0.00e+00
 4.34044e+13	6.85e-32	2.55e-24	1.27e-17	1.30e-11	2.16e-06	9.84e-01	1.63e-02	0.00e+00
 4.47912e+13	9.25e-32	3.25e-24	1.53e-17	1.48e-11	2.31e-06	9.85e-01	1.53e-02	0.00e+00
 4.65016e+13	1.32e-31	4.34e-24	1.91e-17	1.72e-11	2.50e-06	9.86e-01	1.42e-02	0.00e+00
 4.82580e+13	1.88e-31	5.78e-24	2.38e-17	2.00e-11	2.70e-06	9.87e-01	1.31e-02	0.00e+00
 4.98483e+13	2.57e-31	7.42e-24	2.88e-17	2.29e-11	2.89e-06	9.88e-01	1.23e-02	0.00e+00
 5.15968e+13	3.58e-31	9.70e-24	3.53e-17	2.63e-11	3.11e-06	9.89e-01	1.15e-02	0.00e+00
 5.36518e+13	5.20e-31	1.31e-23	4.45e-17	3.08e-11	3.37e-06	9.89e-01	1.06e-02	0.00e+00
 5.56755e+13	7.43e-31	1.75e-23	5.54e-17	3.57e-11	3.64e-06	9.90e-01	9.82e-03	0.00e+00
 5.74572e+13	1.01e-30	2.24e-23	6.68e-17	4.06e-11	3.89e-06	9.91e-01	9.22e-03	0.00e+00
 5.93539e+13	1.38e-30	2.88e-23	8.09e-17	4.63e-11	4.16e-06	9.91e-01	8.63e-03	0.00e+00
 6.16494e+13	1.98e-30	3.87e-23	1.01e-16	5.39e-11	4.50e-06	9.92e-01	7.99e-03	0.00e+00
 6.39330e+13	2.82e-30	5.13e-23	1.26e-16	6.24e-11	4.85e-06	9.93e-01	7.43e-03	0.00e+00
 6.58540e+13	3.76e-30	6.46e-23	1.50e-16	7.03e-11	5.15e-06	9.93e-01	6.99e-03	0.00e+00
 6.74948e+13	4.77e-30	7.83e-23	1.73e-16	7.77e-11	5.42e-06	9.93e-01	6.66e-03	0.00e+00
 6.92886e+13	6.14e-30	9.60e-23	2.02e-16	8.63e-11	5.72e-06	9.94e-01	6.31e-03	0.00e+00
 7.16204e+13	8.45e-30	1.24e-22	2.46e-16	9.87e-11	6.13e-06	9.94e-01	5.90e-03	0.00e+00
 7.40287e+13	1.16e-29	1.61e-22	3.00e-16	1.13e-10	6.56e-06	9.94e-01	5.51e-03	0.00e+00
 7.60321e+13	1.51e-29	1.98e-22	3.51e-16	1.26e-10	6.93e-06	9.95e-01	5.22e-03	0.00e+00
 7.81323e+13	1.96e-29	2.45e-22	4.12e-16	1.40e-10	7.34e-06	9.95e-01	4.94e-03	0.00e+00
 8.08625e+13	2.72e-29	3.19e-22	5.05e-16	1.61e-10	7.88e-06	9.95e-01	4.61e-03	0.00e+00
 8.37031e+13	3.80e-29	4.18e-22	6.20e-16	1.85e-10	8.46e-06	9.96e-01	4.29e-03	0.00e+00
 8.61077e+13	5.00e-29	5.21e-22	7.33e-16	2.07e-10	8.97e-06	9.96e-01	4.05e-03	0.00e+00
 8.86543e+13	6.62e-29	6.53e-22	8.72e-16	2.33e-10	9.53e-06	9.96e-01	3.82e-03	0.00e+00
 9.19106e+13	9.36e-29	8.64e-22	1.08e-15	2.70e-10	1.03e-05	9.96e-01	3.54e-03	0.00e+00
 9.52871e+13	1.32e-28	1.14e-21	1.34e-15	3.13e-10	1.11e-05	9.97e-01	3.29e-03	0.00e+00
 9.82201e+13	1.78e-28	1.45e-21	1.60e-15	3.53e-10	1.18e-05	9.97e-01	3.08e-03	0.00e+00
 1.01379e+14	2.41e-28	1.85e-21	1.93e-15	4.01e-10	1.26e-05	9.97e-01	2.88e-03	0.00e+00
 1.05243e+14	3.45e-28	2.48e-21	2.41e-15	4.67e-10	1.36e-05	9.97e-01	2.67e-03	0.00e+00
 1.09117e+14	4.89e-28	3.28e-21	2.98e-15	5.41e-10	1.47e-05	9.98e-01	2.48e-03	0.00e+00
 1.12540e+14	6.59e-28	4.18e-21	3.58e-15	6.12e-10	1.56e-05	9.98e-01	2.33e-03	0.00e+00
 1.16279e+14	9.02e-28	5.38e-21	4.35e-15	6.99e-10	1.67e-05	9.98e-01	2.18e-03	0.00e+00
 1.20776e+14	1.30e-27	7.22e-21	5.44e-15	8.15e-10	1.81e-05	9.98e-01	2.01e-03	0.00e+00
 1.25255e+14	1.85e-27	9.59e-21	6.75e-15	9.44e-10	1.95e-05	9.98e-01	1.87e-03	0.00e+00
 1.29306e+14	2.51e-27	1.23e-20	8.15e-15	1.07e-09	2.08e-05	9.98e-01	1.75e-03	0.00e+00
 1.33801e+14	3.49e-27	1.60e-20	9.98e-15	1.23e-09	2.24e-05	9.98e-01	1.63e-03	0.00e+00
 1.39084e+14	5.07e-27	2.17e-20	1.26e-14	1.44e-09	2.42e-05	9.98e-01	1.50e-03	0.00e+00
 1.44300e+14	7.24e-27	2.89e-20	1.56e-14	1.67e-09	2.62e-05	9.99e-01	1.40e-03	0.00e+00
 1.49181e+14	9.99e-27	3.74e-20	1.90e-14	1.91e-09	2.80e-05	9.99e-01	1.30e-03	0.00e+00
 1.53771e+14	1.34e-26	4.74e-20	2.28e-14	2.16e-09	2.98e-05	9.99e-01	1.23e-03	0.00e+00
 1.58791e+14	1.83e-26	6.10e-20	2.76e-14	2.46e-09	3.18e-05	9.99e-01	1.15e-03	0.00e+00
 1.63935e+14	2.50e-26	7.83e-20	3.33e-14	2.79e-09	3.40e-05	9.99e-01	1.08e-03	0.00e+00
 1.68152e+14	3.20e-26	9.55e-20	3.87e-14	3.09e-09	3.58e-05	9.99e-01	1.02e-03	0.00e+00
 1.72545e+14	4.12e-26	1.17e-19	4.52e-14	3.43e-09	3.77e-05	9.99e-01	9.69e-04	0.00e+00
 1.78256e+14	5.65e-26	1.51e-19	5.48e-14	3.91e-09	4.03e-05	9.99e-01	9.07e-04	0.00e+00
 1.84211e+14	7.80e-26	1.96e-19	6.67e-14	4.46e-09	4.31e-05	9.99e-01	8.48e-04	0.00e+00
 1.89257e+14	1.02e-25	2.42e-19	7.83e-14	4.97e-09	4.56e-05	9.99e-01	8.03e-04	0.00e+00
 1.94593e+14	1.34e-25	3.02e-19	9.24e-14	5.56e-09	4.82e-05	9.99e-01	7.59e-04	0.00e+00
 2.01530e+14	1.89e-25	3.98e-19	1.14e-13	6.40e-09	5.17e-05	9.99e-01	7.07e-04	0.00e+00
 2.08741e+14	2.67e-25	5.25e-19	1.40e-13	7.37e-09	5.56e-05	9.99e-01	6.59e-04	0.00e+00
 2.14842e+14	3.54e-25	6.59e-19	1.67e-13	8.27e-09	5.89e-05	9.99e-01	6.21e-04	0.00e+00
 2.21310e+14	4.75e-25	8.34e-19	1.99e-13	9.31e-09	6.25e-05	9.99e-01	5.86e-04	0.00e+00
 2.29480e+14	6.80e-25	1.11e-18	2.47e-13	1.08e-08	6.72e-05	9.99e-01	5.44e-04	0.00e+00
 2.38000e+14	9.78e-25	1.49e-18	3.08e-13	1.24e-08	7.23e-05	9.99e-01	5.06e-04	0.00e+00
 2.45585e+14	1.34e-24	1.91e-18	3.71e-13	1.41e-08	7.70e-05	9.99e-01	4.75e-04	0.00e+00
 2.53814e+14	1.86e-24	2.48e-18	4.52e-13	1.61e-08	8.23e-05	9.99e-01	4.45e-04	0.00e+00
 2.63649e+14	2.71e-24	3.36e-18	5.67e-13	1.87e-08	8.88e-05	9.99e-01	4.12e-04	0.00e+00
 2.73388e+14	3.89e-24	4.49e-18	7.05e-13	2.16e-08	9.55e-05	1.00e+00	3.83e-04	0.00e+00
 2.82208e+14	5.34e-24	5.79e-18	8.53e-13	2.46e-08	1.02e-04	1.00e+00	3.60e-04	0.00e+00
 2.92018e+14	7.50e-24	7.60e-18	1.05e-12	2.82e-08	1.09e-04	1.00e+00	3.36e-04	0.00e+00
 3.03529e+14	1.10e-23	1.03e-17	1.32e-12	3.29e-08	1.18e-04	1.00e+00	3.11e-04	0.00e+00
 3.14925e+14	1.59e-23	1.39e-17	1.64e-12	3.81e-08	1.27e-04	1.00e+00	2.89e-04	0.00e+00
 3.25658e+14	2.22e-23	1.81e-17	2.01e-12	4.35e-08	1.35e-04	1.00e+00	2.70e-04	0.00e+00
 3.35644e+14	3.00e-23	2.31e-17	2.41e-12	4.91e-08	1.44e-04	1.00e+00	2.54e-04	0.00e+00
 3.44382e+14	3.88e-23	2.83e-17	2.81e-12	5.44e-08	1.52e-04	1.00e+00	2.41e-04	0.00e+00
 3.53707e+14	5.05e-23	3.50e-17	3.29e-12	6.05e-08	1.60e-04	1.00e+00	2.29e-04	0.00e+00
 3.65831e+14	7.06e-23	4.58e-17	4.03e-12	6.93e-08	1.71e-04	1.00e+00	2.14e-04	0.00e+00
 3.78135e+14	9.80e-23	5.96e-17	4.91e-12	7.91e-08	1.83e-04	1.00e+00	2.00e-04	0.00e+00
 3.88070e+14	1.27e-22	7.32e-17	5.73e-12	8.78e-08	1.93e-04	1.00e+00	1.90e-04	0.00e+00
 3.98384e+14	1.64e-22	9.00e-17	6.71e-12	9.75e-08	2.03e-04	1.00e+00	1.80e-04	0.00e+00
 4.11791e+14	2.27e-22	1.17e-16	8.17e-12	1.11e-07	2.17e-04	1.00e+00	1.68e-04	0.00e+00
 4.25929e+14	3.17e-22	1.53e-16	1.00e-11	1.28e-07	2.33e-04	1.00e+00	1.57e-04	0.00e+00
 4.38134e+14	4.18e-22	1.91e-16	1.18e-11	1.43e-07	2.46e-04	1.00e+00	1.48e-04	0.00e+00
 4.51117e+14	5.56e-22	2.40e-16	1.41e-11	1.61e-07	2.62e-04	1.00e+00	1.40e-04	0.00e+00
 4.67639e+14	7.92e-22	3.19e-16	1.74e-11	1.86e-07	2.82e-04	1.00e+00	1.30e-04	0.00e+00
 4.84733e+14	1.12e-21	4.23e-16	2.16e-11	2.15e-07	3.03e-04	1.00e+00	1.20e-04	0.00e+00
 4.99544e+14	1.51e-21	5.36e-16	2.58e-11	2.42e-07	3.23e-04	1.00e+00	1.13e-04	0.00e+00
 5.15416e+14	2.04e-21	6.84e-16	3.11e-11	2.75e-07	3.44e-04	1.00e+00	1.06e-04	0.00e+00
 5.34890e+14	2.92e-21	9.13e-16	3.88e-11	3.20e-07	3.72e-04	1.00e+00	9.83e-05	0.00e+00
 5.54429e+14	4.13e-21	1.21e-15	4.80e-11	3.70e-07	4.01e-04	1.00e+00	9.12e-05	0.00e+00
 5.71555e+14	5.54e-21	1.53e-15	5.76e-11	4.18e-07	4.27e-04	9.99e-01	8.57e-05	0.00e+00
 5.90161e+14	7.52e-21	1.96e-15	6.96e-11	4.76e-07	4.56e-04	9.99e-01	8.01e-05	0.00e+00
 6.12706e+14	1.07e-20	2.62e-15	8.69e-11	5.55e-07	4.94e-04	9.99e-01	7.40e-05	0.00e+00
 6.35266e+14	1.52e-20	3.47e-15	1.08e-10	6.42e-07	5.33e-04	9.99e-01	6.86e-05	0.00e+00
 6.55364e+14	2.05e-20	4.42e-15	1.30e-10	7.29e-07	5.69e-04	9.99e-01	6.43e-05	0.00e+00
 6.77367e+14	2.79e-20	5.69e-15	1.57e-10	8.34e-07	6.10e-04	9.99e-01	5.99e-05	0.00e+00
 7.03615e+14	4.00e-20	7.62e-15	1.97e-10	9.73e-07	6.61e-04	9.99e-01	5.53e-05	0.00e+00
 7.29529e+14	5.62e-20	1.00e-14	2.44e-10	1.13e-06	7.15e-04	9.99e-01	5.12e-05	0.00e+00
 7.52959e+14	7.59e-20	1.28e-14	2.94e-10	1.28e-06	7.64e-04	9.99e-01	4.79e-05	0.00e+00
 7.75019e+14	9.94e-20	1.60e-14	3.49e-10	1.44e-06	8.13e-04	9.99e-01	4.50e-05	0.00e+00
 7.95236e+14	1.27e-19	1.95e-14	4.06e-10	1.60e-06	8.58e-04	9.99e-01	4.26e-05	0.00e+00
 8.17053e+14	1.63e-19	2.39e-14	4.76e-10	1.79e-06	9.10e-04	9.99e-01	4.02e-05	0.00e+00
 8.41378e+14	2.14e-19	2.98e-14	5.66e-10	2.02e-06	9.69e-04	9.99e-01	3.78e-05	0.00e+00
 8.64063e+14	2.75e-19	3.65e-14	6.62e-10	2.25e-06	1.03e-03	9.99e-01	3.57e-05	0.00e+00
 8.88653e+14	3.56e-19	4.52e-14	7.80e-10	2.52e-06	1.09e-03	9.99e-01	3.36e-05	0.00e+00
 9.16037e+14	4.72e-19	5.69e-14	9.33e-10	2.85e-06	1.16e-03	9.99e-01	3.15e-05	0.00e+00
 9.41593e+14	6.11e-19	7.02e-14	1.10e-09	3.19e-06	1.23e-03	9.99e-01	2.97e-05	0.00e+00
 9.69356e+14	7.99e-19	8.74e-14	1.30e-09	3.60e-06	1.31e-03	9.99e-01	2.79e-05	0.00e+00
 1.00040e+15	1.07e-18	1.11e-13	1.57e-09	4.09e-06	1.41e-03	9.99e-01	2.60e-05	0.00e+00
 1.02963e+15	1.40e-18	1.38e-13	1.86e-09	4.60e-06	1.50e-03	9.98e-01	2.45e-05	0.00e+00
 1.06154e+15	1.85e-18	1.74e-13	2.22e-09	5.21e-06	1.60e-03	9.98e-01	2.29e-05	0.00e+00
 1.09728e+15	2.51e-18	2.23e-13	2.69e-09	5.96e-06	1.72e-03	9.98e-01	2.13e-05	0.00e+00
 1.13112e+15	3.32e-18	2.80e-13	3.22e-09	6.74e-06	1.83e-03	9.98e-01	2.00e-05	0.00e+00
 1.16825e+15	4.47e-18	3.57e-13	3.89e-09	7.69e-06	1.97e-03	9.98e-01	1.86e-05	0.00e+00
 1.21002e+15	6.17e-18	4.65e-13	4.78e-09	8.88e-06	2.12e-03	9.98e-01	1.73e-05	0.00e+00
 1.24997e+15	8.32e-18	5.95e-13	5.78e-09	1.01e-05	2.27e-03	9.98e-01	1.61e-05	0.00e+00
 1.29402e+15	1.14e-17	7.71e-13	7.09e-09	1.17e-05	2.45e-03	9.98e-01	1.49e-05	0.00e+00
 1.34308e+15	1.60e-17	1.02e-12	8.81e-09	1.36e-05	2.66e-03	9.97e-01	1.38e-05	0.00e+00
 1.38867e+15	2.18e-17	1.31e-12	1.07e-08	1.56e-05	2.86e-03	9.97e-01	1.28e-05	0.00e+00
 1.43798e+15	2.98e-17	1.70e-12	1.31e-08	1.79e-05	3.09e-03	9.97e-01	1.18e-05	0.00e+00
 1.49360e+15	4.20e-17	2.25e-12	1.64e-08	2.09e-05	3.35e-03	9.97e-01	1.09e-05	0.00e+00
 1.54637e+15	5.75e-17	2.92e-12	2.01e-08	2.41e-05	3.62e-03	9.96e-01	1.01e-05	0.00e+00
 1.58892e+15	7.34e-17	3.57e-12	2.36e-08	2.70e-05	3.84e-03	9.96e-01	9.51e-06	0.00e+00
 1.62254e+15	8.85e-17	4.17e-12	2.67e-08	2.94e-05	4.02e-03	9.96e-01	9.07e-06	0.00e+00
 1.65958e+15	1.08e-16	4.93e-12	3.04e-08	3.22e-05	4.23e-03	9.96e-01	8.63e-06	0.00e+00
 1.70774e+15	1.74e-16	6.08e-12	3.60e-08	3.63e-05	4.51e-03	9.95e-01	8.10e-06	0.00e+00
 1.75940e+15	2.27e-16	7.57e-12	4.28e-08	4.10e-05	4.82e-03	9.95e-01	7.57e-06	0.00e+00
 1.80504e+15	2.78e-16	9.12e-12	4.96e-08	4.55e-05	5.10e-03	9.95e-01	7.15e-06	0.00e+00
 1.85379e+15	3.53e-16	1.11e-11	5.80e-08	5.07e-05	5.41e-03	9.95e-01	6.73e-06	0.00e+00
 1.91715e+15	4.74e-16	1.42e-11	7.06e-08	5.83e-05	5.84e-03	9.94e-01	6.24e-06	0.00e+00
 1.98135e+15	6.31e-16	1.80e-11	8.55e-08	6.67e-05	6.30e-03	9.94e-01	5.79e-06	0.00e+00
 2.03302e+15	7.88e-16	2.17e-11	9.93e-08	7.41e-05	6.68e-03	9.93e-01	5.46e-06	0.00e+00
 2.08661e+15	9.87e-16	2.61e-11	1.16e-07	8.25e-05	7.09e-03	9.93e-01	5.14e-06	0.00e+00
 2.15627e+15	1.31e-15	3.31e-11	1.40e-07	9.44e-05	7.64e-03	9.92e-01	4.77e-06	0.00e+00
 2.23022e+15	1.74e-15	4.21e-11	1.70e-07	1.08e-04	8.26e-03	9.92e-01	4.41e-06	0.00e+00
 2.29477e+15	2.21e-15	5.16e-11	2.01e-07	1.22e-04	8.83e-03	9.91e-01	4.12e-06	0.00e+00
 2.36368e+15	2.82e-15	6.36e-11	2.39e-07	1.38e-04	9.46e-03	9.90e-01	3.93e-06	0.00e+00
 2.45069e+15	3.83e-15	8.23e-11	2.95e-07	1.60e-04	1.03e-02	9.90e-01	3.70e-06	0.00e+00
 2.54066e+15	5.15e-15	1.06e-10	3.63e-07	1.85e-04	1.12e-02	9.89e-01	3.47e-06	0.00e+00
 2.61954e+15	6.60e-15	1.32e-10	4.34e-07	2.10e-04	1.20e-02	9.88e-01	3.30e-06	0.00e+00
 2.70457e+15	8.63e-15	1.66e-10	5.24e-07	2.40e-04	1.30e-02	9.87e-01	3.13e-06	0.00e+00
 2.80770e+15	1.16e-14	2.14e-10	6.51e-07	2.80e-04	1.42e-02	9.86e-01	2.94e-06	0.00e+00
 2.91087e+15	1.55e-14	2.76e-10	8.05e-07	3.24e-04	1.55e-02	9.84e-01	2.78e-06	0.00e+00
 3.00299e+15	1.98e-14	3.43e-10	9.66e-07	3.69e-04	1.66e-02	9.83e-01	2.65e-06	0.00e+00
 3.08156e+15	2.43e-14	4.11e-10	1.12e-06	4.10e-04	1.77e-02	9.82e-01	2.55e-06	0.00e+00
 3.14949e+15	2.88e-14	4.78e-10	1.28e-06	4.48e-04	1.86e-02	9.81e-01	2.47e-06	0.00e+00
 3.22627e+15	3.48e-14	5.65e-10	1.47e-06	4.95e-04	1.98e-02	9.80e-01	2.39e-06	0.00e+00
 3.32609e+15	4.45e-14	7.02e-10	1.77e-06	5.62e-04	2.13e-02	9.78e-01	2.30e-06	0.00e+00
 3.42825e+15	5.64e-14	8.67e-10	2.11e-06	6.36e-04	2.29e-02	9.76e-01	2.22e-06	0.00e+00
 3.51157e+15	6.78e-14	1.02e-09	2.44e-06	7.02e-04	2.42e-02	9.75e-01	2.16e-06	0.00e+00
 3.59798e+15	8.24e-14	1.22e-09	2.82e-06	7.76e-04	2.57e-02	9.74e-01	2.10e-06	0.00e+00
 3.71031e+15	1.05e-13	1.51e-09	3.39e-06	8.82e-04	2.77e-02	9.71e-01	2.05e-06	0.00e+00
 3.82692e+15	1.34e-13	1.88e-09	4.08e-06	1.00e-03	2.98e-02	9.69e-01	1.99e-06	0.00e+00
 3.92478e+15	1.63e-13	2.25e-09	4.75e-06	1.11e-03	3.16e-02	9.67e-01	1.95e-06	0.00e+00
 4.02771e+15	2.01e-13	2.71e-09	5.55e-06	1.24e-03	3.37e-02	9.65e-01	1.92e-06	0.00e+00
 4.16150e+15	2.61e-13	3.42e-09	6.78e-06	1.41e-03	3.64e-02	9.62e-01	1.88e-06	0.00e+00
 4.30047e+15	3.38e-13	4.32e-09	8.27e-06	1.62e-03	3.94e-02	9.59e-01	1.85e-06	0.00e+00
 4.41784e+15	4.17e-13	5.23e-09	9.74e-06	1.81e-03	4.20e-02	9.56e-01	1.82e-06	0.00e+00
 4.54209e+15	5.22e-13	6.39e-09	1.15e-05	2.03e-03	4.49e-02	9.53e-01	1.80e-06	0.00e+00
 4.70362e+15	6.94e-13	8.23e-09	1.43e-05	2.34e-03	4.88e-02	9.49e-01	1.78e-06	0.00e+00
 4.87314e+15	9.18e-13	1.06e-08	1.78e-05	2.71e-03	5.30e-02	9.44e-01	1.77e-06	0.00e+00
 5.01875e+15	1.16e-12	1.31e-08	2.13e-05	3.06e-03	5.68e-02	9.40e-01	1.75e-06	0.00e+00
 5.17373e+15	1.49e-12	1.64e-08	2.57e-05	3.47e-03	6.10e-02	9.36e-01	1.75e-06	0.00e+00
 5.36658e+15	2.01e-12	2.14e-08	3.23e-05	4.04e-03	6.64e-02	9.29e-01	1.75e-06	0.00e+00
 5.56346e+15	2.69e-12	2.78e-08	4.04e-05	4.68e-03	7.22e-02	9.23e-01	1.75e-06	0.00e+00
 5.71311e+15	3.33e-12	3.37e-08	4.75e-05	5.22e-03	7.67e-02	9.18e-01	1.74e-06	0.00e+00
 5.82407e+15	3.91e-12	3.89e-08	5.35e-05	5.65e-03	8.02e-02	9.14e-01	1.75e-06	0.00e+00
 5.94583e+15	4.66e-12	4.54e-08	6.10e-05	6.15e-03	8.41e-02	9.10e-01	1.75e-06	0.00e+00
 6.10412e+15	5.84e-12	5.54e-08	7.19e-05	6.86e-03	8.94e-02	9.04e-01	1.74e-06	0.00e+00
 6.27751e+15	7.41e-12	6.84e-08	8.57e-05	7.70e-03	9.53e-02	8.97e-01	1.76e-06	0.00e+00
 6.43387e+15	9.12e-12	8.21e-08	9.98e-05	8.52e-03	1.01e-01	8.91e-01	1.76e-06	0.00e+00
 6.60047e+15	1.14e-11	9.98e-08	1.17e-04	9.47e-03	1.07e-01	8.84e-01	1.76e-06	0.00e+00
 6.81705e+15	1.52e-11	1.28e-07	1.44e-04	1.08e-02	1.15e-01	8.74e-01	1.78e-06	0.00e+00
 7.03233e+15	1.97e-11	1.61e-07	1.75e-04	1.23e-02	1.23e-01	8.65e-01	1.78e-06	0.00e+00
 7.19985e+15	2.40e-11	1.92e-07	2.03e-04	1.35e-02	1.29e-01	8.57e-01	1.79e-06	0.00e+00
 7.37155e+15	2.97e-11	2.31e-07	2.35e-04	1.49e-02	1.36e-01	8.49e-01	1.80e-06	0.00e+00
 7.59477e+15	3.87e-11	2.91e-07	2.84e-04	1.69e-02	1.45e-01	8.38e-01	1.79e-06	0.00e+00
 7.83145e+15	5.06e-11	3.68e-07	3.45e-04	1.91e-02	1.55e-01	8.25e-01	1.80e-06	0.00e+00
 8.03737e+15	6.33e-11	4.47e-07	4.05e-04	2.12e-02	1.64e-01	8.15e-01	1.80e-06	0.00e+00
 8.25681e+15	8.08e-11	5.53e-07	4.82e-04	2.37e-02	1.73e-01	8.03e-01	1.80e-06	0.00e+00
 8.54208e+15	1.10e-10	7.23e-07	6.00e-04	2.73e-02	1.86e-01	7.86e-01	1.80e-06	0.00e+00
 8.82676e+15	1.46e-10	9.22e-07	7.35e-04	3.12e-02	1.98e-01	7.70e-01	1.79e-06	0.00e+00
 9.05618e+15	1.82e-10	1.12e-06	8.64e-04	3.46e-02	2.09e-01	7.56e-01	1.80e-06	0.00e+00
 9.29992e+15	2.33e-10	1.39e-06	1.03e-03	3.85e-02	2.20e-01	7.40e-01	1.79e-06	0.00e+00
 9.61679e+15	3.18e-10	1.81e-06	1.27e-03	4.42e-02	2.35e-01	7.20e-01	1.76e-06	0.00e+00
 9.90163e+15	4.04e-10	2.23e-06	1.52e-03	4.95e-02	2.47e-01	7.02e-01	1.74e-06	0.00e+00
 1.00949e+16	4.78e-10	2.59e-06	1.72e-03	5.34e-02	2.56e-01	6.89e-01	1.74e-06	0.00e+00
 1.02961e+16	5.76e-10	3.03e-06	1.95e-03	5.79e-02	2.65e-01	6.75e-01	1.73e-06	0.00e+00
 1.05578e+16	7.30e-10	3.71e-06	2.30e-03	6.41e-02	2.77e-01	6.56e-01	1.71e-06	0.00e+00
 1.08248e+16	9.04e-10	4.48e-06	2.69e-03	7.06e-02	2.89e-01	6.38e-01	1.67e-06	0.00e+00
 1.10621e+16	1.10e-09	5.31e-06	3.09e-03	7.70e-02	2.99e-01	6.20e-01	1.66e-06	0.00e+00
 1.13342e+16	1.39e-09	6.47e-06	3.63e-03	8.48e-02	3.11e-01	6.00e-01	1.62e-06	0.00e+00
 1.16201e+16	1.74e-09	7.85e-06	4.26e-03	9.35e-02	3.23e-01	5.79e-01	1.60e-06	0.00e+00
 1.18794e+16	2.13e-09	9.35e-06	4.91e-03	1.02e-01	3.34e-01	5.59e-01	1.56e-06	0.00e+00
 1.21720e+16	2.70e-09	1.14e-05	5.78e-03	1.12e-01	3.45e-01	5.37e-01	1.52e-06	0.00e+00
 1.24820e+16	3.40e-09	1.40e-05	6.81e-03	1.24e-01	3.57e-01	5.13e-01	1.49e-06	0.00e+00
 1.27574e+16	4.15e-09	1.66e-05	7.85e-03	1.34e-01	3.66e-01	4.92e-01	1.44e-06	0.00e+00
 1.30582e+16	5.27e-09	2.03e-05	9.23e-03	1.47e-01	3.76e-01	4.67e-01	1.40e-06	0.00e+00
 1.33795e+16	6.62e-09	2.46e-05	1.08e-02	1.61e-01	3.85e-01	4.42e-01	1.35e-06	0.00e+00
 1.36645e+16	8.14e-09	2.94e-05	1.25e-02	1.75e-01	3.93e-01	4.19e-01	1.31e-06	0.00e+00
 1.39317e+16	9.89e-09	3.47e-05	1.43e-02	1.88e-01	3.99e-01	3.98e-01	1.27e-06	0.00e+00
 1.42385e+16	1.24e-08	4.21e-05	1.67e-02	2.04e-01	4.05e-01	3.74e-01	1.21e-06	0.00e+00
 1.45700e+16	1.59e-08	5.17e-05	1.97e-02	2.23e-01	4.10e-01	3.47e-01	1.17e-06	0.00e+00
 1.48624e+16	1.95e-08	6.16e-05	2.27e-02	2.40e-01	4.13e-01	3.25e-01	1.12e-06	0.00e+00
 1.51129e+16	2.34e-08	7.16e-05	2.57e-02	2.55e-01	4.14e-01	3.05e-01	1.08e-06	0.00e+00
 1.53803e+16	2.86e-08	8.46e-05	2.94e-02	2.72e-01	4.14e-01	2.85e-01	1.03e-06	0.00e+00
 1.56686e+16	3.57e-08	1.02e-04	3.39e-02	2.90e-01	4.13e-01	2.62e-01	9.86e-07	0.00e+00
 1.59188e+16	4.29e-08	1.19e-04	3.83e-02	3.07e-01	4.11e-01	2.44e-01	0.00e+00	0.00e+00
 1.61357e+16	5.07e-08	1.36e-04	4.26e-02	3.22e-01	4.07e-01	2.28e-01	0.00e+00	0.00e+00
 1.63747e+16	6.12e-08	1.59e-04	4.81e-02	3.39e-01	4.02e-01	2.10e-01	0.00e+00	0.00e+00
 1.66323e+16	7.63e-08	1.90e-04	5.50e-02	3.58e-01	3.96e-01	1.91e-01	0.00e+00	0.00e+00
 1.68516e+16	9.08e-08	2.19e-04	6.14e-02	3.74e-01	3.89e-01	1.76e-01	0.00e+00	0.00e+00
 1.70424e+16	1.06e-07	2.48e-04	6.77e-02	3.88e-01	3.81e-01	1.63e-01	0.00e+00	0.00e+00
 1.72588e+16	1.23e-07	2.82e-04	7.55e-02	4.03e-01	3.72e-01	1.49e-01	0.00e+00	0.00e+00
 1.74982e+16	1.51e-07	3.32e-04	8.54e-02	4.21e-01	3.60e-01	1.33e-01	0.00e+00	0.00e+00
 1.77094e+16	1.90e-07	3.97e-04	9.61e-02	4.37e-01	3.48e-01	1.19e-01	0.00e+00	0.00e+00
 1.78801e+16	2.28e-07	4.57e-04	1.06e-01	4.49e-01	3.36e-01	1.08e-01	0.00e+00	0.00e+00
 1.80316e+16	2.59e-07	5.06e-04	1.15e-01	4.60e-01	3.26e-01	9.92e-02	0.00e+00	0.00e+00
 1.82039e+16	2.98e-07	5.68e-04	1.26e-01	4.71e-01	3.13e-01	8.95e-02	0.00e+00	0.00e+00
 1.84279e+16	3.90e-07	6.98e-04	1.43e-01	4.86e-01	2.94e-01	7.61e-02	0.00e+00	0.00e+00
 1.86355e+16	4.63e-07	8.03e-04	1.60e-01	4.97e-01	2.76e-01	6.58e-02	0.00e+00	0.00e+00
 1.87779e+16	5.78e-07	9.46e-04	1.75e-01	5.05e-01	2.61e-01	5.76e-02	0.00e+00	0.00e+00
 1.88847e+16	6.51e-07	1.04e-03	1.86e-01	5.10e-01	2.51e-01	5.24e-02	0.00e+00	0.00e+00
 1.89892e+16	7.32e-07	1.14e-03	1.98e-01	5.14e-01	2.40e-01	4.75e-02	0.00e+00	0.00e+00
 1.91250e+16	8.82e-07	1.31e-03	2.15e-01	5.19e-01	2.24e-01	4.10e-02	0.00e+00	0.00e+00
 1.92653e+16	1.03e-06	1.47e-03	2.32e-01	5.23e-01	2.09e-01	3.54e-02	0.00e+00	0.00e+00
 1.93859e+16	1.16e-06	1.62e-03	2.48e-01	5.25e-01	1.95e-01	3.09e-02	0.00e+00	0.00e+00
 1.95174e+16	1.37e-06	1.84e-03	2.67e-01	5.26e-01	1.79e-01	2.61e-02	0.00e+00	0.00e+00
 1.96355e+16	1.62e-06	2.08e-03	2.86e-01	5.25e-01	1.65e-01	2.21e-02	0.00e+00	0.00e+00
 1.97062e+16	1.90e-06	2.33e-03	3.00e-01	5.23e-01	1.55e-01	1.94e-02	0.00e+00	0.00e+00
 1.97523e+16	2.02e-06	2.44e-03	3.08e-01	5.22e-01	1.50e-01	1.80e-02	0.00e+00	0.00e+00
 1.97965e+16	2.17e-06	2.57e-03	3.16e-01	5.20e-01	1.44e-01	1.67e-02	0.00e+00	0.00e+00
 1.98540e+16	2.30e-06	2.69e-03	3.26e-01	5.19e-01	1.37e-01	1.53e-02	0.00e+00	0.00e+00
 1.99287e+16	2.56e-06	2.91e-03	3.40e-01	5.16e-01	1.28e-01	1.34e-02	0.00e+00	0.00e+00
 2.00101e+16	2.99e-06	3.26e-03	3.57e-01	5.11e-01	1.17e-01	1.13e-02	0.00e+00	0.00e+00
 2.00750e+16	3.24e-06	3.46e-03	3.69e-01	5.08e-01	1.10e-01	1.00e-02	0.00e+00	0.00e+00
 2.01344e+16	3.68e-06	3.78e-03	3.82e-01	5.03e-01	1.02e-01	8.68e-03	0.00e+00	0.00e+00
 2.01966e+16	3.98e-06	4.01e-03	3.94e-01	4.99e-01	9.56e-02	7.64e-03	0.00e+00	0.00e+00
 2.02627e+16	4.57e-06	4.43e-03	4.09e-01	4.92e-01	8.75e-02	6.43e-03	0.00e+00	0.00e+00
 2.03282e+16	4.99e-06	4.72e-03	4.22e-01	4.87e-01	8.07e-02	5.54e-03	0.00e+00	0.00e+00
 2.03930e+16	5.59e-06	5.12e-03	4.36e-01	4.80e-01	7.36e-02	4.66e-03	0.00e+00	0.00e+00
 2.04625e+16	6.33e-06	5.60e-03	4.52e-01	4.72e-01	6.65e-02	3.86e-03	0.00e+00	0.00e+00
 2.05229e+16	7.10e-06	6.07e-03	4.65e-01	4.65e-01	6.06e-02	3.23e-03	0.00e+00	0.00e+00
 2.05765e+16	8.06e-06	6.64e-03	4.79e-01	4.57e-01	5.52e-02	2.71e-03	0.00e+00	0.00e+00
 2.06270e+16	8.86e-06	7.10e-03	4.90e-01	4.49e-01	5.08e-02	2.31e-03	0.00e+00	0.00e+00
 2.06832e+16	9.67e-06	7.56e-03	5.02e-01	4.42e-01	4.62e-02	1.94e-03	0.00e+00	0.00e+00
 2.07561e+16	1.15e-05	8.54e-03	5.20e-01	4.30e-01	4.00e-02	1.48e-03	0.00e+00	0.00e+00
 2.08265e+16	1.31e-05	9.35e-03	5.35e-01	4.19e-01	3.52e-02	1.17e-03	0.00e+00	0.00e+00
 2.08833e+16	1.47e-05	1.01e-02	5.48e-01	4.09e-01	3.14e-02	9.45e-04	0.00e+00	0.00e+00
 2.09470e+16	1.67e-05	1.11e-02	5.62e-01	3.98e-01	2.75e-02	7.38e-04	0.00e+00	0.00e+00
 2.10298e+16	1.98e-05	1.25e-02	5.80e-01	3.84e-01	2.30e-02	5.30e-04	0.00e+00	0.00e+00
 2.11002e+16	2.28e-05	1.38e-02	5.95e-01	3.71e-01	1.99e-02	4.03e-04	0.00e+00	0.00e+00
 2.11395e+16	2.47e-05	1.45e-02	6.03e-01	3.64e-01	1.83e-02	3.45e-04	0.00e+00	0.00e+00
 2.11757e+16	2.66e-05	1.53e-02	6.10e-01	3.57e-01	1.68e-02	2.96e-04	0.00e+00	0.00e+00
 2.12228e+16	2.93e-05	1.64e-02	6.20e-01	3.49e-01	1.51e-02	2.41e-04	0.00e+00	0.00e+00
 2.12840e+16	3.33e-05	1.79e-02	6.32e-01	3.37e-01	1.30e-02	1.85e-04	0.00e+00	0.00e+00
 2.13469e+16	3.79e-05	1.96e-02	6.44e-01	3.25e-01	1.13e-02	1.41e-04	0.00e+00	0.00e+00
 2.13988e+16	4.21e-05	2.11e-02	6.53e-01	3.16e-01	9.97e-03	1.13e-04	0.00e+00	0.00e+00
 2.14530e+16	4.72e-05	2.28e-02	6.63e-01	3.05e-01	8.73e-03	8.82e-05	0.00e+00	0.00e+00
 2.15233e+16	5.47e-05	2.53e-02	6.75e-01	2.92e-01	7.33e-03	6.39e-05	0.00e+00	0.00e+00
 2.15929e+16	6.33e-05	2.79e-02	6.87e-01	2.79e-01	6.19e-03	4.70e-05	0.00e+00	0.00e+00
 2.16461e+16	7.10e-05	3.02e-02	6.95e-01	2.69e-01	5.43e-03	3.70e-05	0.00e+00	0.00e+00
 2.16999e+16	7.94e-05	3.26e-02	7.03e-01	2.59e-01	4.74e-03	2.89e-05	0.00e+00	0.00e+00
 2.17697e+16	9.22e-05	3.61e-02	7.14e-01	2.46e-01	3.96e-03	2.08e-05	0.00e+00	0.00e+00
 2.18400e+16	1.07e-04	4.00e-02	7.23e-01	2.33e-01	3.31e-03	1.51e-05	0.00e+00	0.00e+00
 2.18945e+16	1.21e-04	4.35e-02	7.30e-01	2.23e-01	2.88e-03	1.17e-05	0.00e+00	0.00e+00
 2.19418e+16	1.35e-04	4.67e-02	7.36e-01	2.15e-01	2.54e-03	9.40e-06	0.00e+00	0.00e+00
 2.19960e+16	1.51e-04	5.05e-02	7.42e-01	2.05e-01	2.20e-03	7.28e-06	0.00e+00	0.00e+00
 2.20666e+16	1.77e-04	5.61e-02	7.49e-01	1.93e-01	1.82e-03	5.20e-06	0.00e+00	0.00e+00
 2.21372e+16	2.09e-04	6.27e-02	7.56e-01	1.80e-01	1.50e-03	3.71e-06	0.00e+00	0.00e+00
 2.21903e+16	2.38e-04	6.85e-02	7.60e-01	1.70e-01	1.29e-03	2.86e-06	0.00e+00	0.00e+00
 2.22332e+16	2.64e-04	7.34e-02	7.62e-01	1.63e-01	1.14e-03	2.32e-06	0.00e+00	0.00e+00
 2.22808e+16	2.97e-04	7.93e-02	7.65e-01	1.54e-01	9.91e-04	1.82e-06	0.00e+00	0.00e+00
 2.23426e+16	3.45e-04	8.77e-02	7.68e-01	1.44e-01	8.24e-04	1.33e-06	0.00e+00	0.00e+00
 2.24065e+16	4.06e-04	9.77e-02	7.68e-01	1.33e-01	6.80e-04	9.64e-07	0.00e+00	0.00e+00
 2.24580e+16	4.67e-04	1.07e-01	7.68e-01	1.24e-01	5.77e-04	0.00e+00	0.00e+00	0.00e+00
 2.25011e+16	5.24e-04	1.16e-01	7.67e-01	1.17e-01	5.03e-04	0.00e+00	0.00e+00	0.00e+00
 2.25481e+16	5.94e-04	1.26e-01	7.64e-01	1.09e-01	4.29e-04	0.00e+00	0.00e+00	0.00e+00
 2.26093e+16	7.01e-04	1.40e-01	7.60e-01	9.91e-02	3.48e-04	0.00e+00	0.00e+00	0.00e+00
 2.26709e+16	8.41e-04	1.58e-01	7.52e-01	8.91e-02	2.79e-04	0.00e+00	0.00e+00	0.00e+00
 2.27175e+16	9.69e-04	1.73e-01	7.44e-01	8.18e-02	2.34e-04	0.00e+00	0.00e+00	0.00e+00
 2.27558e+16	1.09e-03	1.86e-01	7.37e-01	7.59e-02	2.02e-04	0.00e+00	0.00e+00	0.00e+00
 2.27990e+16	1.24e-03	2.02e-01	7.27e-01	6.95e-02	1.69e-04	0.00e+00	0.00e+00	0.00e+00
 2.28551e+16	1.47e-03	2.26e-01	7.11e-01	6.14e-02	1.34e-04	0.00e+00	0.00e+00	0.00e+00
 2.29129e+16	1.79e-03	2.55e-01	6.90e-01	5.32e-02	1.03e-04	0.00e+00	0.00e+00	0.00e+00
 2.29588e+16	2.10e-03	2.81e-01	6.70e-01	4.70e-02	8.23e-05	0.00e+00	0.00e+00	0.00e+00
 2.29979e+16	2.40e-03	3.05e-01	6.51e-01	4.18e-02	6.72e-05	0.00e+00	0.00e+00	0.00e+00
 2.30425e+16	2.80e-03	3.34e-01	6.26e-01	3.64e-02	5.30e-05	0.00e+00	0.00e+00	0.00e+00
 2.31005e+16	3.44e-03	3.77e-01	5.90e-01	2.98e-02	3.80e-05	0.00e+00	0.00e+00	0.00e+00
 2.31595e+16	4.30e-03	4.29e-01	5.44e-01	2.34e-02	2.58e-05	0.00e+00	0.00e+00	0.00e+00
 2.32038e+16	5.16e-03	4.73e-01	5.03e-01	1.90e-02	1.87e-05	0.00e+00	0.00e+00	0.00e+00
 2.32379e+16	5.89e-03	5.08e-01	4.70e-01	1.59e-02	1.43e-05	0.00e+00	0.00e+00	0.00e+00
 2.32751e+16	6.81e-03	5.47e-01	4.33e-01	1.30e-02	1.05e-05	0.00e+00	0.00e+00	0.00e+00
 2.33168e+16	8.07e-03	5.95e-01	3.87e-01	9.97e-03	7.14e-06	0.00e+00	0.00e+00	0.00e+00
 2.33539e+16	9.46e-03	6.40e-01	3.43e-01	7.63e-03	4.86e-06	0.00e+00	0.00e+00	0.00e+00
 2.33838e+16	1.08e-02	6.76e-01	3.07e-01	6.02e-03	3.49e-06	0.00e+00	0.00e+00	0.00e+00
 2.34147e+16	1.22e-02	7.12e-01	2.72e-01	4.63e-03	2.42e-06	0.00e+00	0.00e+00	0.00e+00
 2.34488e+16	1.42e-02	7.51e-01	2.31e-01	3.34e-03	1.54e-06	0.00e+00	0.00e+00	0.00e+00
 2.34787e+16	1.63e-02	7.85e-01	1.96e-01	2.41e-03	9.96e-07	0.00e+00	0.00e+00	0.00e+00
 2.35030e+16	1.82e-02	8.11e-01	1.69e-01	1.81e-03	0.00e+00	0.00e+00	0.00e+00	0.00e+00
 2.35284e+16	2.04e-02	8.35e-01	1.44e-01	1.32e-03	0.00e+00	0.00e+00	0.00e+00	0.00e+00
 2.35567e+16	2.33e-02	8.59e-01	1.17e-01	8.95e-04	0.00e+00	0.00e+00	0.00e+00	0.00e+00
 2.35817e+16	2.63e-02	8.78e-01	9.50e-02	6.08e-04	0.00e+00	0.00e+00	0.00e+00	0.00e+00
 2.36023e+16	2.91e-02	8.91e-01	7.89e-02	4.33e-04	0.00e+00	0.00e+00	0.00e+00	0.00e+00
 2.36239e+16	3.23e-02	9.03e-01	6.45e-02	2.98e-04	0.00e+00	0.00e+00	0.00e+00	0.00e+00
 2.36475e+16	3.64e-02	9.13e-01	5.04e-02	1.91e-04	0.00e+00	0.00e+00	0.00e+00	0.00e+00
 2.36679e+16	4.07e-02	9.19e-01	3.99e-02	1.25e-04	0.00e+00	0.00e+00	0.00e+00	0.00e+00
 2.36845e+16	4.47e-02	9.23e-01	3.27e-02	8.77e-05	0.00e+00	0.00e+00	0.00e+00	0.00e+00
 2.37021e+16	4.91e-02	9.25e-01	2.63e-02	5.94e-05	0.00e+00	0.00e+00	0.00e+00	0.00e+00
 2.37213e+16	5.46e-02	9.25e-01	2.03e-02	3.75e-05	0.00e+00	0.00e+00	0.00e+00	0.00e+00
 2.37381e+16	6.02e-02	9.24e-01	1.60e-02	2.45e-05	0.00e+00	0.00e+00	0.00e+00	0.00e+00
 2.37518e+16	6.50e-02	9.22e-01	1.30e-02	1.70e-05	0.00e+00	0.00e+00	0.00e+00	0.00e+00
 2.37650e+16	7.02e-02	9.19e-01	1.06e-02	1.19e-05	0.00e+00	0.00e+00	0.00e+00	0.00e+00
 2.37794e+16	7.60e-02	9.16e-01	8.45e-03	7.95e-06	0.00e+00	0.00e+00	0.00e+00	0.00e+00
 2.37934e+16	8.23e-02	9.11e-01	6.70e-03	5.30e-06	0.00e+00	0.00e+00	0.00e+00	0.00e+00
 2.38050e+16	8.80e-02	9.06e-01	5.49e-03	3.75e-06	0.00e+00	0.00e+00	0.00e+00	0.00e+00
 2.38148e+16	9.31e-02	9.02e-01	4.62e-03	2.78e-06	0.00e+00	0.00e+00	0.00e+00	0.00e+00
 2.38241e+16	9.80e-02	8.98e-01	3.92e-03	2.09e-06	0.00e+00	0.00e+00	0.00e+00	0.00e+00
 2.38333e+16	1.03e-01	8.93e-01	3.32e-03	1.57e-06	0.00e+00	0.00e+00	0.00e+00	0.00e+00
 2.38407e+16	1.07e-01	8.90e-01	2.90e-03	1.24e-06	0.00e+00	0.00e+00	0.00e+00	0.00e+00
 2.38456e+16	1.10e-01	8.87e-01	2.65e-03	1.07e-06	0.00e+00	0.00e+00	0.00e+00	0.00e+00
 2.38499e+16	1.13e-01	8.85e-01	2.45e-03	9.31e-07	0.00e+00	0.00e+00	0.00e+00	0.00e+00
 2.38551e+16	1.16e-01	8.82e-01	2.22e-03	0.00e+00	0.00e+00	0.00e+00	0.00e+00	0.00e+00
 2.38610e+16	1.20e-01	8.78e-01	1.99e-03	0.00e+00	0.00e+00	0.00e+00	0.00e+00	0.00e+00
 2.38668e+16	1.23e-01	8.75e-01	1.78e-03	0.00e+00	0.00e+00	0.00e+00	0.00e+00	0.00e+00
 2.38721e+16	1.26e-01	8.72e-01	1.62e-03	0.00e+00	0.00e+00	0.00e+00	0.00e+00	0.00e+00
 2.38772e+16	1.30e-01	8.69e-01	1.47e-03	0.00e+00	0.00e+00	0.00e+00	0.00e+00	0.00e+00
 2.38825e+16	1.33e-01	8.66e-01	1.33e-03	0.00e+00	0.00e+00	0.00e+00	0.00e+00	0.00e+00
 2.38880e+16	1.37e-01	8.62e-01	1.19e-03	0.00e+00	0.00e+00	0.00e+00	0.00e+00	0.00e+00
 2.38934e+16	1.40e-01	8.59e-01	1.08e-03	0.00e+00	0.00e+00	0.00e+00	0.00e+00	0.00e+00
 2.38987e+16	1.44e-01	8.55e-01	9.74e-04	0.00e+00	0.00e+00	0.00e+00	0.00e+00	0.00e+00
 2.39041e+16	1.48e-01	8.52e-01	8.79e-04	0.00e+00	0.00e+00	0.00e+00	0.00e+00	0.00e+00
 2.39097e+16	1.51e-01	8.48e-01	7.92e-04	0.00e+00	0.00e+00	0.00e+00	0.00e+00	0.00e+00
 2.39152e+16	1.55e-01	8.44e-01	7.15e-04	0.00e+00	0.00e+00	0.00e+00	0.00e+00	0.00e+00
 2.39207e+16	1.59e-01	8.40e-01	6.44e-04	0.00e+00	0.00e+00	0.00e+00	0.00e+00	0.00e+00
 2.39263e+16	1.63e-01	8.36e-01	5.81e-04	0.00e+00	0.00e+00	0.00e+00	0.00e+00	0.00e+00
 2.39321e+16	1.67e-01	8.33e-01	5.22e-04	0.00e+00	0.00e+00	0.00e+00	0.00e+00	0.00e+00
 2.39380e+16	1.71e-01	8.28e-01	4.71e-04	0.00e+00	0.00e+00	0.00e+00	0.00e+00	0.00e+00
 2.39439e+16	1.76e-01	8.24e-01	4.23e-04	0.00e+00	0.00e+00	0.00e+00	0.00e+00	0.00e+00
 2.39502e+16	1.80e-01	8.20e-01	3.80e-04	0.00e+00	0.00e+00	0.00e+00	0.00e+00	0.00e+00
 2.39564e+16	1.84e-01	8.15e-01	3.42e-04	0.00e+00	0.00e+00	0.00e+00	0.00e+00	0.00e+00
 2.39629e+16	1.89e-01	8.11e-01	3.08e-04	0.00e+00	0.00e+00	0.00e+00	0.00e+00	0.00e+00
 2.39696e+16	1.93e-01	8.06e-01	2.77e-04	0.00e+00	0.00e+00	0.00e+00	0.00e+00	0.00e+00
 2.39764e+16	1.98e-01	8.01e-01	2.50e-04	0.00e+00	0.00e+00	0.00e+00	0.00e+00	0.00e+00
 2.39835e+16	2.03e-01	7.97e-01	2.25e-04	0.00e+00	0.00e+00	0.00e+00	0.00e+00	0.00e+00
 2.39908e+16	2.08e-01	7.92e-01	2.04e-04	0.00e+00	0.00e+00	0.00e+00	0.00e+00	0.00e+00
 2.39985e+16	2.13e-01	7.87e-01	1.85e-04	0.00e+00	0.00e+00	0.00e+00	0.00e+00	0.00e+00
 2.40066e+16	2.18e-01	7.81e-01	1.69e-04	0.00e+00	0.00e+00	0.00e+00	0.00e+00	0.00e+00
 2.40154e+16	2.23e-01	7.77e-01	1.54e-04	0.00e+00	0.00e+00	0.00e+00	0.00e+00	0.00e+00
 2.40250e+16	2.29e-01	7.71e-01	1.40e-04	0.00e+00	0.00e+00	0.00e+00	0.00e+00	0.00e+00
 2.40357e+16	2.35e-01	7.65e-01	1.28e-04	0.00e+00	0.00e+00	0.00e+00	0.00e+00	0.00e+00
 2.40477e+16	2.41e-01	7.59e-01	1.18e-04	0.00e+00	0.00e+00	0.00e+00	0.00e+00	0.00e+00
 2.40607e+16	2.46e-01	7.54e-01	1.10e-04	0.00e+00	0.00e+00	0.00e+00	0.00e+00	0.00e+00
 2.40736e+16	2.51e-01	7.49e-01	1.03e-04	0.00e+00	0.00e+00	0.00e+00	0.00e+00	0.00e+00
 2.40864e+16	2.55e-01	7.45e-01	9.84e-05	0.00e+00	0.00e+00	0.00e+00	0.00e+00	0.00e+00
 2.40991e+16	2.59e-01	7.41e-01	9.45e-05	0.00e+00	0.00e+00	0.00e+00	0.00e+00	0.00e+00
 2.41117e+16	2.61e-01	7.38e-01	9.14e-05	0.00e+00	0.00e+00	0.00e+00	0.00e+00	0.00e+00
 2.41261e+16	2.66e-01	7.34e-01	8.82e-05	0.00e+00	0.00e+00	0.00e+00	0.00e+00	0.00e+00
