#depth	He	He+	He+2
 1.49634e+10	1.16e-22	5.92e-12	1.00e+00
 4.54887e+10	1.32e-22	6.40e-12	1.00e+00
 7.72350e+10	1.48e-22	6.93e-12	1.00e+00
 1.10251e+11	1.67e-22	7.50e-12	1.00e+00
 1.42189e+11	1.88e-22	8.07e-12	1.00e+00
 1.72205e+11	2.08e-22	8.62e-12	1.00e+00
 2.05821e+11	2.32e-22	9.27e-12	1.00e+00
 2.43981e+11	2.63e-22	1.00e-11	1.00e+00
 2.82160e+11	2.98e-22	1.08e-11	1.00e+00
 3.21867e+11	3.36e-22	1.17e-11	1.00e+00
 3.62676e+11	3.81e-22	1.26e-11	1.00e+00
 4.01157e+11	4.26e-22	1.35e-11	1.00e+00
 4.43169e+11	4.80e-22	1.45e-11	1.00e+00
 4.90823e+11	5.49e-22	1.57e-11	1.00e+00
 5.37807e+11	6.24e-22	1.69e-11	1.00e+00
 5.86671e+11	7.08e-22	1.82e-11	1.00e+00
 6.33922e+11	8.02e-22	1.96e-11	1.00e+00
 6.73757e+11	8.84e-22	2.07e-11	1.00e+00
 7.16896e+11	9.79e-22	2.20e-11	1.00e+00
 7.71067e+11	1.11e-21	2.37e-11	1.00e+00
 8.27711e+11	1.27e-21	2.55e-11	1.00e+00
 8.79169e+11	1.43e-21	2.73e-11	1.00e+00
 9.35754e+11	1.61e-21	2.92e-11	1.00e+00
 1.00205e+12	1.86e-21	3.17e-11	1.00e+00
 1.06818e+12	2.14e-21	3.42e-11	1.00e+00
 1.13163e+12	2.43e-21	3.67e-11	1.00e+00
 1.20151e+12	2.77e-21	3.95e-11	1.00e+00
 1.27950e+12	3.22e-21	4.29e-11	1.00e+00
 1.35074e+12	3.68e-21	4.61e-11	1.00e+00
 1.41111e+12	4.09e-21	4.89e-11	1.00e+00
 1.47755e+12	4.58e-21	5.21e-11	1.00e+00
 1.56036e+12	5.27e-21	5.62e-11	1.00e+00
 1.64506e+12	6.08e-21	6.07e-11	1.00e+00
 1.71965e+12	6.84e-21	6.48e-11	1.00e+00
 1.80053e+12	7.73e-21	6.94e-11	1.00e+00
 1.89168e+12	8.90e-21	7.49e-11	1.00e+00
 1.97871e+12	1.01e-20	8.04e-11	1.00e+00
 2.07438e+12	1.16e-20	8.67e-11	1.00e+00
 2.18025e+12	1.34e-20	9.40e-11	1.00e+00
 2.27878e+12	1.54e-20	1.01e-10	1.00e+00
 2.37211e+12	1.73e-20	1.08e-10	1.00e+00
 2.47928e+12	1.98e-20	1.17e-10	1.00e+00
 2.59840e+12	2.30e-20	1.27e-10	1.00e+00
 2.70998e+12	2.63e-20	1.37e-10	1.00e+00
 2.83198e+12	3.02e-20	1.49e-10	1.00e+00
 2.96825e+12	3.53e-20	1.63e-10	1.00e+00
 3.09699e+12	4.06e-20	1.77e-10	1.00e+00
 3.23653e+12	4.68e-20	1.93e-10	1.00e+00
 3.39194e+12	5.50e-20	2.12e-10	1.00e+00
 3.54111e+12	6.36e-20	2.31e-10	1.00e+00
 3.70024e+12	7.40e-20	2.53e-10	1.00e+00
 3.85385e+12	8.61e-20	2.75e-10	1.00e+00
 3.97626e+12	9.62e-20	2.94e-10	1.00e+00
 4.10511e+12	1.07e-19	3.14e-10	1.00e+00
 4.27262e+12	1.24e-19	3.42e-10	1.00e+00
 4.45266e+12	1.44e-19	3.74e-10	1.00e+00
 4.60435e+12	1.63e-19	4.02e-10	1.00e+00
 4.73571e+12	1.79e-19	4.27e-10	1.00e+00
 4.88529e+12	2.00e-19	4.57e-10	1.00e+00
 5.07975e+12	2.29e-19	4.97e-10	1.00e+00
 5.28155e+12	2.64e-19	5.41e-10	1.00e+00
 5.45085e+12	2.95e-19	5.80e-10	1.00e+00
 5.62890e+12	3.29e-19	6.22e-10	1.00e+00
 5.85909e+12	3.78e-19	6.79e-10	1.00e+00
 6.09675e+12	4.36e-19	7.40e-10	1.00e+00
 6.29680e+12	4.87e-19	7.95e-10	1.00e+00
 6.50829e+12	5.44e-19	8.54e-10	1.00e+00
 6.77534e+12	6.25e-19	9.32e-10	1.00e+00
 7.05132e+12	7.19e-19	1.02e-09	1.00e+00
 7.29436e+12	8.08e-19	1.10e-09	1.00e+00
 7.55787e+12	9.10e-19	1.18e-09	1.00e+00
 7.85203e+12	1.04e-18	1.29e-09	1.00e+00
 8.14076e+12	1.18e-18	1.39e-09	1.00e+00
 8.42337e+12	1.32e-18	1.50e-09	1.00e+00
 8.69067e+12	1.47e-18	1.61e-09	1.00e+00
 8.98551e+12	1.64e-18	1.73e-09	1.00e+00
 9.28959e+12	1.84e-18	1.86e-09	1.00e+00
 9.54233e+12	2.02e-18	1.97e-09	1.00e+00
 9.80752e+12	2.21e-18	2.10e-09	1.00e+00
 1.01523e+13	2.48e-18	2.27e-09	1.00e+00
 1.05101e+13	2.80e-18	2.45e-09	1.00e+00
 1.08131e+13	3.08e-18	2.60e-09	1.00e+00
 1.11351e+13	3.40e-18	2.78e-09	1.00e+00
 1.15536e+13	3.84e-18	3.02e-09	1.00e+00
 1.19894e+13	4.36e-18	3.28e-09	1.00e+00
 1.23611e+13	4.83e-18	3.51e-09	1.00e+00
 1.27580e+13	5.36e-18	3.76e-09	1.00e+00
 1.32569e+13	6.09e-18	4.10e-09	1.00e+00
 1.37767e+13	6.94e-18	4.48e-09	1.00e+00
 1.42459e+13	7.77e-18	4.82e-09	1.00e+00
 1.47607e+13	8.72e-18	5.23e-09	1.00e+00
 1.53677e+13	9.97e-18	5.73e-09	1.00e+00
 1.59789e+13	1.13e-17	6.27e-09	1.00e+00
 1.65289e+13	1.27e-17	6.77e-09	1.00e+00
 1.71148e+13	1.42e-17	7.33e-09	1.00e+00
 1.77742e+13	1.61e-17	8.00e-09	1.00e+00
 1.83299e+13	1.78e-17	8.59e-09	1.00e+00
 1.87582e+13	1.92e-17	9.06e-09	1.00e+00
 1.92200e+13	2.08e-17	9.57e-09	1.00e+00
 1.98203e+13	2.30e-17	1.03e-08	1.00e+00
 2.04679e+13	2.56e-17	1.11e-08	1.00e+00
 2.10482e+13	2.80e-17	1.18e-08	1.00e+00
 2.16736e+13	3.09e-17	1.26e-08	1.00e+00
 2.24826e+13	3.50e-17	1.38e-08	1.00e+00
 2.33060e+13	3.95e-17	1.50e-08	1.00e+00
 2.39813e+13	4.36e-17	1.60e-08	1.00e+00
 2.46884e+13	4.83e-17	1.71e-08	1.00e+00
 2.56048e+13	5.49e-17	1.85e-08	1.00e+00
 2.65813e+13	6.27e-17	2.02e-08	1.00e+00
 2.74467e+13	7.03e-17	2.17e-08	1.00e+00
 2.83798e+13	7.95e-17	2.34e-08	1.00e+00
 2.95003e+13	9.16e-17	2.55e-08	1.00e+00
 3.06423e+13	1.06e-16	2.78e-08	1.00e+00
 3.16102e+13	1.19e-16	2.98e-08	1.00e+00
 3.24348e+13	1.31e-16	3.15e-08	1.00e+00
 3.33675e+13	1.46e-16	3.35e-08	1.00e+00
 3.45800e+13	1.67e-16	3.62e-08	1.00e+00
 3.58696e+13	1.92e-16	3.92e-08	1.00e+00
 3.69936e+13	2.17e-16	4.18e-08	1.00e+00
 3.80122e+13	2.41e-16	4.43e-08	1.00e+00
 3.91597e+13	2.70e-16	4.72e-08	1.00e+00
 4.06195e+13	3.12e-16	5.10e-08	1.00e+00
 4.21160e+13	3.59e-16	5.50e-08	1.00e+00
 4.34044e+13	4.04e-16	5.86e-08	1.00e+00
 4.47912e+13	4.57e-16	6.25e-08	1.00e+00
 4.65016e+13	5.30e-16	6.76e-08	1.00e+00
 4.82580e+13	6.13e-16	7.30e-08	1.00e+00
 4.98483e+13	6.97e-16	7.80e-08	1.00e+00
 5.15968e+13	7.98e-16	8.37e-08	1.00e+00
 5.36518e+13	9.31e-16	9.07e-08	1.00e+00
 5.56755e+13	1.08e-15	9.79e-08	1.00e+00
 5.74572e+13	1.22e-15	1.04e-07	1.00e+00
 5.93539e+13	1.39e-15	1.12e-07	1.00e+00
 6.16494e+13	1.61e-15	1.21e-07	1.00e+00
 6.39330e+13	1.86e-15	1.30e-07	1.00e+00
 6.58540e+13	2.09e-15	1.38e-07	1.00e+00
 6.74948e+13	2.30e-15	1.45e-07	1.00e+00
 6.92886e+13	2.55e-15	1.53e-07	1.00e+00
 7.16204e+13	2.91e-15	1.64e-07	1.00e+00
 7.40287e+13	3.32e-15	1.75e-07	1.00e+00
 7.60321e+13	3.69e-15	1.85e-07	1.00e+00
 7.81323e+13	4.11e-15	1.96e-07	1.00e+00
 8.08625e+13	4.70e-15	2.10e-07	1.00e+00
 8.37031e+13	5.39e-15	2.26e-07	1.00e+00
 8.61077e+13	6.03e-15	2.39e-07	1.00e+00
 8.86543e+13	6.77e-15	2.54e-07	1.00e+00
 9.19106e+13	7.81e-15	2.74e-07	1.00e+00
 9.52871e+13	9.02e-15	2.95e-07	1.00e+00
 9.82201e+13	1.02e-14	3.14e-07	1.00e+00
 1.01379e+14	1.15e-14	3.35e-07	1.00e+00
 1.05243e+14	1.34e-14	3.62e-07	1.00e+00
 1.09117e+14	1.54e-14	3.90e-07	1.00e+00
 1.12540e+14	1.74e-14	4.16e-07	1.00e+00
 1.16279e+14	1.99e-14	4.45e-07	1.00e+00
 1.20776e+14	2.31e-14	4.81e-07	1.00e+00
 1.25255e+14	2.67e-14	5.19e-07	1.00e+00
 1.29306e+14	3.02e-14	5.54e-07	1.00e+00
 1.33801e+14	3.46e-14	5.94e-07	1.00e+00
 1.39084e+14	4.03e-14	6.44e-07	1.00e+00
 1.44300e+14	4.66e-14	6.94e-07	1.00e+00
 1.49181e+14	5.31e-14	7.43e-07	1.00e+00
 1.53771e+14	5.97e-14	7.91e-07	1.00e+00
 1.58791e+14	6.77e-14	8.45e-07	1.00e+00
 1.63935e+14	7.67e-14	9.02e-07	1.00e+00
 1.68152e+14	8.47e-14	9.50e-07	1.00e+00
 1.72545e+14	9.36e-14	1.00e-06	1.00e+00
 1.78256e+14	1.06e-13	1.07e-06	1.00e+00
 1.84211e+14	1.21e-13	1.14e-06	1.00e+00
 1.89257e+14	1.34e-13	1.21e-06	1.00e+00
 1.94593e+14	1.49e-13	1.28e-06	1.00e+00
 2.01530e+14	1.70e-13	1.37e-06	1.00e+00
 2.08741e+14	1.94e-13	1.47e-06	1.00e+00
 2.14842e+14	2.17e-13	1.56e-06	1.00e+00
 2.21310e+14	2.42e-13	1.66e-06	1.00e+00
 2.29480e+14	2.78e-13	1.78e-06	1.00e+00
 2.38000e+14	3.19e-13	1.92e-06	1.00e+00
 2.45585e+14	3.59e-13	2.04e-06	1.00e+00
 2.53814e+14	4.05e-13	2.18e-06	1.00e+00
 2.63649e+14	4.67e-13	2.35e-06	1.00e+00
 2.73388e+14	5.34e-13	2.53e-06	1.00e+00
 2.82208e+14	6.00e-13	2.70e-06	1.00e+00
 2.92018e+14	6.81e-13	2.89e-06	1.00e+00
 3.03529e+14	7.84e-13	3.12e-06	1.00e+00
 3.14925e+14	8.97e-13	3.36e-06	1.00e+00
 3.25658e+14	1.01e-12	3.59e-06	1.00e+00
 3.35644e+14	1.13e-12	3.82e-06	1.00e+00
 3.44382e+14	1.24e-12	4.02e-06	1.00e+00
 3.53707e+14	1.37e-12	4.24e-06	1.00e+00
 3.65831e+14	1.54e-12	4.54e-06	1.00e+00
 3.78135e+14	1.74e-12	4.85e-06	1.00e+00
 3.88070e+14	1.91e-12	5.11e-06	1.00e+00
 3.98384e+14	2.10e-12	5.39e-06	1.00e+00
 4.11791e+14	2.36e-12	5.77e-06	1.00e+00
 4.25929e+14	2.66e-12	6.18e-06	1.00e+00
 4.38134e+14	2.94e-12	6.54e-06	1.00e+00
 4.51117e+14	3.27e-12	6.94e-06	1.00e+00
 4.67639e+14	3.72e-12	7.47e-06	1.00e+00
 4.84733e+14	4.23e-12	8.05e-06	1.00e+00
 4.99544e+14	4.71e-12	8.56e-06	1.00e+00
 5.15416e+14	5.27e-12	9.13e-06	1.00e+00
 5.34890e+14	6.03e-12	9.86e-06	1.00e+00
 5.54429e+14	6.86e-12	1.06e-05	1.00e+00
 5.71555e+14	7.65e-12	1.13e-05	1.00e+00
 5.90161e+14	8.60e-12	1.21e-05	1.00e+00
 6.12706e+14	9.85e-12	1.31e-05	1.00e+00
 6.35266e+14	1.12e-11	1.41e-05	1.00e+00
 6.55364e+14	1.26e-11	1.51e-05	1.00e+00
 6.77367e+14	1.42e-11	1.62e-05	1.00e+00
 7.03615e+14	1.64e-11	1.75e-05	1.00e+00
 7.29529e+14	1.87e-11	1.89e-05	1.00e+00
 7.52959e+14	2.10e-11	2.02e-05	1.00e+00
 7.75019e+14	2.34e-11	2.15e-05	1.00e+00
 7.95236e+14	2.58e-11	2.27e-05	1.00e+00
 8.17053e+14	2.86e-11	2.41e-05	1.00e+00
 8.41378e+14	3.19e-11	2.56e-05	1.00e+00
 8.64063e+14	3.53e-11	2.71e-05	1.00e+00
 8.88653e+14	3.93e-11	2.88e-05	1.00e+00
 9.16037e+14	4.41e-11	3.07e-05	1.00e+00
 9.41593e+14	4.90e-11	3.26e-05	1.00e+00
 9.69356e+14	5.47e-11	3.47e-05	1.00e+00
 1.00040e+15	6.18e-11	3.71e-05	1.00e+00
 1.02963e+15	6.91e-11	3.95e-05	1.00e+00
 1.06154e+15	7.78e-11	4.21e-05	1.00e+00
 1.09728e+15	8.85e-11	4.52e-05	1.00e+00
 1.13112e+15	9.96e-11	4.83e-05	1.00e+00
 1.16825e+15	1.13e-10	5.17e-05	1.00e+00
 1.21002e+15	1.30e-10	5.58e-05	1.00e+00
 1.24997e+15	1.48e-10	5.98e-05	1.00e+00
 1.29402e+15	1.70e-10	6.45e-05	1.00e+00
 1.34308e+15	1.97e-10	6.99e-05	1.00e+00
 1.38867e+15	2.25e-10	7.51e-05	1.00e+00
 1.43798e+15	2.59e-10	8.10e-05	1.00e+00
 1.49360e+15	3.02e-10	8.79e-05	1.00e+00
 1.54637e+15	3.48e-10	9.48e-05	1.00e+00
 1.58892e+15	3.90e-10	1.01e-04	1.00e+00
 1.62254e+15	4.25e-10	1.05e-04	1.00e+00
 1.65958e+15	4.66e-10	1.11e-04	1.00e+00
 1.70774e+15	5.25e-10	1.18e-04	1.00e+00
 1.75940e+15	5.95e-10	1.26e-04	1.00e+00
 1.80504e+15	6.61e-10	1.33e-04	1.00e+00
 1.85379e+15	7.40e-10	1.41e-04	1.00e+00
 1.91715e+15	8.54e-10	1.52e-04	1.00e+00
 1.98135e+15	9.83e-10	1.63e-04	1.00e+00
 2.03302e+15	1.10e-09	1.73e-04	1.00e+00
 2.08661e+15	1.23e-09	1.83e-04	1.00e+00
 2.15627e+15	1.42e-09	1.97e-04	1.00e+00
 2.23022e+15	1.64e-09	2.13e-04	1.00e+00
 2.29477e+15	1.86e-09	2.27e-04	1.00e+00
 2.36368e+15	2.12e-09	2.43e-04	1.00e+00
 2.45069e+15	2.49e-09	2.64e-04	1.00e+00
 2.54066e+15	2.92e-09	2.86e-04	1.00e+00
 2.61954e+15	3.34e-09	3.07e-04	1.00e+00
 2.70457e+15	3.85e-09	3.29e-04	1.00e+00
 2.80770e+15	4.57e-09	3.59e-04	1.00e+00
 2.91087e+15	5.37e-09	3.90e-04	1.00e+00
 3.00299e+15	6.18e-09	4.19e-04	1.00e+00
 3.08156e+15	6.95e-09	4.44e-04	1.00e+00
 3.14949e+15	7.66e-09	4.67e-04	1.00e+00
 3.22627e+15	8.56e-09	4.94e-04	1.00e+00
 3.32609e+15	9.82e-09	5.29e-04	9.99e-01
 3.42825e+15	1.13e-08	5.67e-04	9.99e-01
 3.51157e+15	1.26e-08	5.99e-04	9.99e-01
 3.59798e+15	1.40e-08	6.34e-04	9.99e-01
 3.71031e+15	1.61e-08	6.80e-04	9.99e-01
 3.82692e+15	1.85e-08	7.29e-04	9.99e-01
 3.92478e+15	2.07e-08	7.72e-04	9.99e-01
 4.02771e+15	2.33e-08	8.19e-04	9.99e-01
 4.16150e+15	2.70e-08	8.82e-04	9.99e-01
 4.30047e+15	3.12e-08	9.50e-04	9.99e-01
 4.41784e+15	3.52e-08	1.01e-03	9.99e-01
 4.54209e+15	3.98e-08	1.07e-03	9.99e-01
 4.70362e+15	4.65e-08	1.16e-03	9.99e-01
 4.87314e+15	5.42e-08	1.26e-03	9.99e-01
 5.01875e+15	6.16e-08	1.34e-03	9.99e-01
 5.17373e+15	7.03e-08	1.44e-03	9.99e-01
 5.36658e+15	8.25e-08	1.56e-03	9.98e-01
 5.56346e+15	9.62e-08	1.69e-03	9.98e-01
 5.71311e+15	1.08e-07	1.79e-03	9.98e-01
 5.82407e+15	1.17e-07	1.87e-03	9.98e-01
 5.94583e+15	1.28e-07	1.95e-03	9.98e-01
 6.10412e+15	1.44e-07	2.07e-03	9.98e-01
 6.27751e+15	1.62e-07	2.20e-03	9.98e-01
 6.43387e+15	1.79e-07	2.32e-03	9.98e-01
 6.60047e+15	2.00e-07	2.45e-03	9.98e-01
 6.81705e+15	2.30e-07	2.64e-03	9.97e-01
 7.03233e+15	2.62e-07	2.82e-03	9.97e-01
 7.19985e+15	2.89e-07	2.96e-03	9.97e-01
 7.37155e+15	3.19e-07	3.12e-03	9.97e-01
 7.59477e+15	3.62e-07	3.33e-03	9.97e-01
 7.83145e+15	4.11e-07	3.56e-03	9.96e-01
 8.03737e+15	4.56e-07	3.76e-03	9.96e-01
 8.25681e+15	5.11e-07	3.99e-03	9.96e-01
 8.54208e+15	5.90e-07	4.30e-03	9.96e-01
 8.82676e+15	6.72e-07	4.61e-03	9.95e-01
 9.05618e+15	7.45e-07	4.87e-03	9.95e-01
 9.29992e+15	8.32e-07	5.17e-03	9.95e-01
 9.61679e+15	9.58e-07	5.58e-03	9.94e-01
 9.90163e+15	1.07e-06	5.93e-03	9.94e-01
 1.00949e+16	1.15e-06	6.19e-03	9.94e-01
 1.02961e+16	1.25e-06	6.48e-03	9.94e-01
 1.05578e+16	1.39e-06	6.88e-03	9.93e-01
 1.08248e+16	1.53e-06	7.27e-03	9.93e-01
 1.10621e+16	1.68e-06	7.65e-03	9.92e-01
 1.13342e+16	1.86e-06	8.12e-03	9.92e-01
 1.16201e+16	2.06e-06	8.63e-03	9.91e-01
 1.18794e+16	2.25e-06	9.11e-03	9.91e-01
 1.21720e+16	2.51e-06	9.71e-03	9.90e-01
 1.24820e+16	2.79e-06	1.04e-02	9.90e-01
 1.27574e+16	3.06e-06	1.10e-02	9.89e-01
 1.30582e+16	3.43e-06	1.18e-02	9.88e-01
 1.33795e+16	3.81e-06	1.26e-02	9.87e-01
 1.36645e+16	4.21e-06	1.34e-02	9.87e-01
 1.39317e+16	4.62e-06	1.43e-02	9.86e-01
 1.42385e+16	5.18e-06	1.54e-02	9.85e-01
 1.45700e+16	5.85e-06	1.67e-02	9.83e-01
 1.48624e+16	6.49e-06	1.79e-02	9.82e-01
 1.51129e+16	7.12e-06	1.91e-02	9.81e-01
 1.53803e+16	7.94e-06	2.06e-02	9.79e-01
 1.56686e+16	8.94e-06	2.23e-02	9.78e-01
 1.59188e+16	9.89e-06	2.40e-02	9.76e-01
 1.61357e+16	1.09e-05	2.56e-02	9.74e-01
 1.63747e+16	1.21e-05	2.77e-02	9.72e-01
 1.66323e+16	1.38e-05	3.02e-02	9.70e-01
 1.68516e+16	1.53e-05	3.26e-02	9.67e-01
 1.70424e+16	1.68e-05	3.50e-02	9.65e-01
 1.72588e+16	1.88e-05	3.82e-02	9.62e-01
 1.74982e+16	2.14e-05	4.21e-02	9.58e-01
 1.77094e+16	2.46e-05	4.62e-02	9.54e-01
 1.78801e+16	2.75e-05	5.00e-02	9.50e-01
 1.80316e+16	3.02e-05	5.39e-02	9.46e-01
 1.82039e+16	3.38e-05	5.89e-02	9.41e-01
 1.84279e+16	4.05e-05	6.66e-02	9.33e-01
 1.86355e+16	4.69e-05	7.52e-02	9.25e-01
 1.87779e+16	5.39e-05	8.22e-02	9.18e-01
 1.88847e+16	5.91e-05	8.81e-02	9.12e-01
 1.89892e+16	6.50e-05	9.47e-02	9.05e-01
 1.91250e+16	7.47e-05	1.04e-01	8.96e-01
 1.92653e+16	8.54e-05	1.16e-01	8.84e-01
 1.93859e+16	9.61e-05	1.27e-01	8.73e-01
 1.95174e+16	1.11e-04	1.42e-01	8.58e-01
 1.96355e+16	1.27e-04	1.57e-01	8.43e-01
 1.97062e+16	1.41e-04	1.67e-01	8.33e-01
 1.97523e+16	1.49e-04	1.74e-01	8.26e-01
 1.97965e+16	1.57e-04	1.81e-01	8.19e-01
 1.98540e+16	1.68e-04	1.91e-01	8.09e-01
 1.99287e+16	1.85e-04	2.05e-01	7.95e-01
 2.00101e+16	2.08e-04	2.22e-01	7.78e-01
 2.00750e+16	2.26e-04	2.36e-01	7.64e-01
 2.01344e+16	2.47e-04	2.50e-01	7.49e-01
 2.01966e+16	2.68e-04	2.66e-01	7.33e-01
 2.02627e+16	2.97e-04	2.85e-01	7.15e-01
 2.03282e+16	3.24e-04	3.04e-01	6.96e-01
 2.03930e+16	3.57e-04	3.25e-01	6.75e-01
 2.04625e+16	3.95e-04	3.48e-01	6.52e-01
 2.05229e+16	4.32e-04	3.69e-01	6.30e-01
 2.05765e+16	4.69e-04	3.89e-01	6.11e-01
 2.06270e+16	5.05e-04	4.08e-01	5.91e-01
 2.06832e+16	5.46e-04	4.31e-01	5.69e-01
 2.07561e+16	6.11e-04	4.61e-01	5.38e-01
 2.08265e+16	6.73e-04	4.90e-01	5.09e-01
 2.08833e+16	7.28e-04	5.14e-01	4.85e-01
 2.09470e+16	7.95e-04	5.42e-01	4.57e-01
 2.10298e+16	8.86e-04	5.78e-01	4.21e-01
 2.11002e+16	9.67e-04	6.06e-01	3.93e-01
 2.11395e+16	1.01e-03	6.22e-01	3.77e-01
 2.11757e+16	1.06e-03	6.37e-01	3.62e-01
 2.12228e+16	1.12e-03	6.56e-01	3.43e-01
 2.12840e+16	1.21e-03	6.80e-01	3.19e-01
 2.13469e+16	1.29e-03	7.03e-01	2.96e-01
 2.13988e+16	1.37e-03	7.21e-01	2.78e-01
 2.14530e+16	1.45e-03	7.40e-01	2.59e-01
 2.15233e+16	1.56e-03	7.62e-01	2.36e-01
 2.15929e+16	1.67e-03	7.82e-01	2.16e-01
 2.16461e+16	1.76e-03	7.96e-01	2.02e-01
 2.16999e+16	1.85e-03	8.10e-01	1.88e-01
 2.17697e+16	1.98e-03	8.27e-01	1.71e-01
 2.18400e+16	2.11e-03	8.42e-01	1.56e-01
 2.18945e+16	2.22e-03	8.52e-01	1.46e-01
 2.19418e+16	2.32e-03	8.61e-01	1.37e-01
 2.19960e+16	2.44e-03	8.70e-01	1.27e-01
 2.20666e+16	2.60e-03	8.81e-01	1.16e-01
 2.21372e+16	2.77e-03	8.91e-01	1.06e-01
 2.21903e+16	2.91e-03	8.97e-01	9.96e-02
 2.22332e+16	3.04e-03	9.03e-01	9.42e-02
 2.22808e+16	3.18e-03	9.08e-01	8.87e-02
 2.23426e+16	3.37e-03	9.15e-01	8.19e-02
 2.24065e+16	3.60e-03	9.21e-01	7.57e-02
 2.24580e+16	3.79e-03	9.25e-01	7.14e-02
 2.25011e+16	3.97e-03	9.28e-01	6.77e-02
 2.25481e+16	4.17e-03	9.32e-01	6.40e-02
 2.26093e+16	4.46e-03	9.36e-01	5.93e-02
 2.26709e+16	4.79e-03	9.40e-01	5.53e-02
 2.27175e+16	5.07e-03	9.42e-01	5.25e-02
 2.27558e+16	5.33e-03	9.44e-01	5.02e-02
 2.27990e+16	5.62e-03	9.47e-01	4.78e-02
 2.28551e+16	6.04e-03	9.49e-01	4.47e-02
 2.29129e+16	6.57e-03	9.51e-01	4.20e-02
 2.29588e+16	7.05e-03	9.53e-01	3.99e-02
 2.29979e+16	7.49e-03	9.54e-01	3.83e-02
 2.30425e+16	8.05e-03	9.56e-01	3.64e-02
 2.31005e+16	8.87e-03	9.57e-01	3.41e-02
 2.31595e+16	9.91e-03	9.58e-01	3.20e-02
 2.32038e+16	1.09e-02	9.58e-01	3.06e-02
 2.32379e+16	1.17e-02	9.59e-01	2.96e-02
 2.32751e+16	1.27e-02	9.59e-01	2.84e-02
 2.33168e+16	1.41e-02	9.59e-01	2.71e-02
 2.33539e+16	1.55e-02	9.58e-01	2.61e-02
 2.33838e+16	1.69e-02	9.58e-01	2.54e-02
 2.34147e+16	1.85e-02	9.57e-01	2.45e-02
 2.34488e+16	2.06e-02	9.56e-01	2.37e-02
 2.34787e+16	2.29e-02	9.54e-01	2.31e-02
 2.35030e+16	2.50e-02	9.52e-01	2.26e-02
 2.35284e+16	2.75e-02	9.50e-01	2.20e-02
 2.35567e+16	3.09e-02	9.48e-01	2.14e-02
 2.35817e+16	3.47e-02	9.44e-01	2.10e-02
 2.36023e+16	3.83e-02	9.41e-01	2.07e-02
 2.36239e+16	4.26e-02	9.37e-01	2.03e-02
 2.36475e+16	4.83e-02	9.32e-01	2.00e-02
 2.36679e+16	5.44e-02	9.26e-01	1.98e-02
 2.36845e+16	6.00e-02	9.20e-01	1.96e-02
 2.37021e+16	6.67e-02	9.14e-01	1.95e-02
 2.37213e+16	7.56e-02	9.05e-01	1.94e-02
 2.37381e+16	8.50e-02	8.96e-01	1.94e-02
 2.37518e+16	9.38e-02	8.87e-01	1.94e-02
 2.37650e+16	1.03e-01	8.77e-01	1.95e-02
 2.37794e+16	1.15e-01	8.65e-01	1.96e-02
 2.37934e+16	1.28e-01	8.52e-01	1.97e-02
 2.38050e+16	1.41e-01	8.39e-01	1.99e-02
 2.38148e+16	1.53e-01	8.27e-01	2.01e-02
 2.38241e+16	1.65e-01	8.15e-01	2.02e-02
 2.38333e+16	1.78e-01	8.02e-01	2.04e-02
 2.38407e+16	1.89e-01	7.91e-01	2.05e-02
 2.38456e+16	1.97e-01	7.83e-01	2.06e-02
 2.38499e+16	2.04e-01	7.75e-01	2.07e-02
 2.38551e+16	2.13e-01	7.66e-01	2.08e-02
 2.38610e+16	2.24e-01	7.55e-01	2.09e-02
 2.38668e+16	2.35e-01	7.44e-01	2.09e-02
 2.38721e+16	2.46e-01	7.33e-01	2.11e-02
 2.38772e+16	2.57e-01	7.22e-01	2.11e-02
 2.38825e+16	2.68e-01	7.11e-01	2.12e-02
 2.38880e+16	2.81e-01	6.98e-01	2.12e-02
 2.38934e+16	2.93e-01	6.85e-01	2.13e-02
 2.38987e+16	3.07e-01	6.72e-01	2.13e-02
 2.39041e+16	3.20e-01	6.58e-01	2.14e-02
 2.39097e+16	3.35e-01	6.43e-01	2.14e-02
 2.39152e+16	3.50e-01	6.29e-01	2.14e-02
 2.39207e+16	3.66e-01	6.13e-01	2.13e-02
 2.39263e+16	3.82e-01	5.97e-01	2.13e-02
 2.39321e+16	3.99e-01	5.80e-01	2.12e-02
 2.39380e+16	4.16e-01	5.63e-01	2.11e-02
 2.39439e+16	4.34e-01	5.45e-01	2.09e-02
 2.39502e+16	4.54e-01	5.26e-01	2.07e-02
 2.39564e+16	4.73e-01	5.06e-01	2.05e-02
 2.39629e+16	4.93e-01	4.87e-01	2.02e-02
 2.39696e+16	5.14e-01	4.67e-01	1.98e-02
 2.39764e+16	5.34e-01	4.46e-01	1.95e-02
 2.39835e+16	5.55e-01	4.26e-01	1.90e-02
 2.39908e+16	5.76e-01	4.06e-01	1.86e-02
 2.39985e+16	5.97e-01	3.85e-01	1.80e-02
 2.40066e+16	6.17e-01	3.65e-01	1.75e-02
 2.40154e+16	6.38e-01	3.46e-01	1.69e-02
 2.40250e+16	6.57e-01	3.26e-01	1.62e-02
 2.40357e+16	6.77e-01	3.08e-01	1.56e-02
 2.40477e+16	6.95e-01	2.90e-01	1.49e-02
 2.40607e+16	7.11e-01	2.75e-01	1.42e-02
 2.40736e+16	7.24e-01	2.63e-01	1.36e-02
 2.40864e+16	7.33e-01	2.53e-01	1.32e-02
 2.40991e+16	7.41e-01	2.46e-01	1.28e-02
 2.41117e+16	7.47e-01	2.40e-01	1.24e-02
 2.41261e+16	7.53e-01	2.35e-01	1.21e-02
 2.41448e+16	7.59e-01	2.30e-01	1.17e-02
 2.41692e+16	7.64e-01	2.24e-01	1.13e-02
 2.42009e+16	7.70e-01	2.19e-01	1.08e-02
 2.42420e+16	7.77e-01	2.13e-01	1.02e-02
 2.42956e+16	7.84e-01	2.07e-01	9.52e-03
 2.43651e+16	7.93e-01	1.98e-01	8.71e-03
 2.44470e+16	8.03e-01	1.90e-01	7.88e-03
 2.45300e+16	8.11e-01	1.81e-01	7.15e-03
 2.46092e+16	8.19e-01	1.74e-01	6.54e-03
 2.46861e+16	8.27e-01	1.67e-01	5.99e-03
 2.47641e+16	8.34e-01	1.61e-01	5.49e-03
 2.48445e+16	8.41e-01	1.54e-01	5.02e-03
 2.49259e+16	8.48e-01	1.48e-01	4.58e-03
 2.50083e+16	8.54e-01	1.42e-01	4.19e-03
 2.50913e+16	8.60e-01	1.36e-01	3.83e-03
 2.51741e+16	8.66e-01	1.31e-01	3.51e-03
 2.52572e+16	8.71e-01	1.26e-01	3.22e-03
 2.53409e+16	8.76e-01	1.21e-01	2.95e-03
 2.54252e+16	8.81e-01	1.16e-01	2.71e-03
 2.54941e+16	8.85e-01	1.12e-01	2.54e-03
 2.55417e+16	8.88e-01	1.10e-01	2.42e-03
 2.55851e+16	8.90e-01	1.08e-01	2.32e-03
 2.56319e+16	8.92e-01	1.05e-01	2.21e-03
 2.56805e+16	8.95e-01	1.03e-01	2.11e-03
 2.57264e+16	8.97e-01	1.01e-01	2.02e-03
 2.57706e+16	8.99e-01	9.89e-02	1.93e-03
 2.58152e+16	9.01e-01	9.69e-02	1.85e-03
 2.58587e+16	9.03e-01	9.50e-02	1.78e-03
 2.59006e+16	9.05e-01	9.32e-02	1.70e-03
 2.59417e+16	9.07e-01	9.15e-02	1.64e-03
 2.59823e+16	9.09e-01	8.98e-02	1.58e-03
 2.60224e+16	9.10e-01	8.82e-02	1.52e-03
 2.60620e+16	9.12e-01	8.67e-02	1.46e-03
 2.61008e+16	9.13e-01	8.52e-02	1.41e-03
 2.61389e+16	9.15e-01	8.38e-02	1.36e-03
 2.61765e+16	9.16e-01	8.24e-02	1.31e-03
 2.62135e+16	9.18e-01	8.11e-02	1.27e-03
 2.62501e+16	9.19e-01	7.98e-02	1.22e-03
 2.62861e+16	9.20e-01	7.85e-02	1.18e-03
 2.63218e+16	9.22e-01	7.73e-02	1.15e-03
 2.63571e+16	9.23e-01	7.61e-02	1.11e-03
 2.63921e+16	9.24e-01	7.50e-02	1.07e-03
 2.64268e+16	9.25e-01	7.39e-02	1.04e-03
 2.64613e+16	9.26e-01	7.28e-02	1.01e-03
 2.64957e+16	9.27e-01	7.17e-02	9.76e-04
 2.65300e+16	9.28e-01	7.07e-02	9.46e-04
 2.65643e+16	9.29e-01	6.96e-02	9.17e-04
 2.65987e+16	9.31e-01	6.86e-02	8.89e-04
 2.66332e+16	9.32e-01	6.76e-02	8.61e-04
 2.66680e+16	9.33e-01	6.66e-02	8.34e-04
 2.67035e+16	9.34e-01	6.56e-02	8.08e-04
 2.67401e+16	9.35e-01	6.46e-02	7.82e-04
 2.67780e+16	9.36e-01	6.35e-02	7.55e-04
 2.68172e+16	9.37e-01	6.25e-02	7.29e-04
 2.68579e+16	9.38e-01	6.14e-02	7.02e-04
 2.69007e+16	9.39e-01	6.03e-02	6.76e-04
 2.69464e+16	9.40e-01	5.91e-02	6.48e-04
 2.69962e+16	9.41e-01	5.79e-02	6.20e-04
 2.70506e+16	9.43e-01	5.66e-02	5.90e-04
 2.71135e+16	9.44e-01	5.50e-02	5.57e-04
 2.71827e+16	9.46e-01	5.34e-02	5.23e-04
 2.72499e+16	9.48e-01	5.20e-02	4.93e-04
 2.73118e+16	9.49e-01	5.07e-02	4.67e-04
 2.73681e+16	9.50e-01	4.95e-02	4.45e-04
 2.74194e+16	9.51e-01	4.85e-02	4.25e-04
 2.74660e+16	9.52e-01	4.75e-02	4.08e-04
 2.75085e+16	9.53e-01	4.67e-02	3.93e-04
 2.75471e+16	9.54e-01	4.60e-02	3.80e-04
 2.75895e+16	9.55e-01	4.51e-02	3.65e-04
 2.76352e+16	9.55e-01	4.42e-02	3.51e-04
 2.76767e+16	9.56e-01	4.35e-02	3.38e-04
 2.77146e+16	9.57e-01	4.28e-02	3.27e-04
 2.77490e+16	9.58e-01	4.21e-02	3.16e-04
 2.77804e+16	9.58e-01	4.16e-02	3.08e-04
 2.78147e+16	9.59e-01	4.10e-02	2.98e-04
 2.78518e+16	9.59e-01	4.03e-02	2.88e-04
 2.78855e+16	9.60e-01	3.97e-02	2.80e-04
 2.79162e+16	9.61e-01	3.92e-02	2.71e-04
 2.79499e+16	9.61e-01	3.86e-02	2.63e-04
 2.79862e+16	9.62e-01	3.80e-02	2.54e-04
 2.80192e+16	9.62e-01	3.74e-02	2.46e-04
 2.80493e+16	9.63e-01	3.69e-02	2.40e-04
 2.80823e+16	9.63e-01	3.63e-02	2.32e-04
 2.81179e+16	9.64e-01	3.57e-02	2.24e-04
 2.81502e+16	9.65e-01	3.52e-02	2.17e-04
 2.81797e+16	9.65e-01	3.47e-02	2.11e-04
 2.82065e+16	9.65e-01	3.43e-02	2.06e-04
 2.82359e+16	9.66e-01	3.38e-02	2.00e-04
 2.82676e+16	9.66e-01	3.33e-02	1.94e-04
 2.82965e+16	9.67e-01	3.29e-02	1.89e-04
 2.83227e+16	9.67e-01	3.25e-02	1.84e-04
 2.83515e+16	9.68e-01	3.20e-02	1.79e-04
 2.83826e+16	9.68e-01	3.16e-02	1.73e-04
 2.84109e+16	9.69e-01	3.11e-02	1.69e-04
 2.84366e+16	9.69e-01	3.08e-02	1.65e-04
 2.84648e+16	9.70e-01	3.03e-02	1.60e-04
 2.84953e+16	9.70e-01	2.99e-02	1.55e-04
 2.85230e+16	9.70e-01	2.95e-02	1.51e-04
 2.85482e+16	9.71e-01	2.92e-02	1.47e-04
 2.85758e+16	9.71e-01	2.88e-02	1.43e-04
 2.86056e+16	9.72e-01	2.83e-02	1.39e-04
 2.86327e+16	9.72e-01	2.80e-02	1.36e-04
 2.86625e+16	9.72e-01	2.76e-02	1.31e-04
 2.86946e+16	9.73e-01	2.71e-02	1.27e-04
 2.87238e+16	9.73e-01	2.68e-02	1.24e-04
 2.87504e+16	9.73e-01	2.65e-02	1.21e-04
 2.87795e+16	9.74e-01	2.61e-02	1.17e-04
 2.88110e+16	9.74e-01	2.57e-02	1.14e-04
 2.88396e+16	9.75e-01	2.53e-02	1.11e-04
 2.88709e+16	9.75e-01	2.49e-02	1.07e-04
 2.89048e+16	9.75e-01	2.45e-02	1.04e-04
 2.89356e+16	9.76e-01	2.42e-02	1.01e-04
 2.89637e+16	9.76e-01	2.39e-02	9.87e-05
 2.89944e+16	9.76e-01	2.36e-02	9.57e-05
 2.90275e+16	9.77e-01	2.32e-02	9.29e-05
 2.90577e+16	9.77e-01	2.29e-02	9.05e-05
 2.90908e+16	9.77e-01	2.25e-02	8.76e-05
 2.91265e+16	9.78e-01	2.22e-02	8.49e-05
 2.91590e+16	9.78e-01	2.19e-02	8.25e-05
 2.91946e+16	9.78e-01	2.15e-02	7.98e-05
 2.92330e+16	9.79e-01	2.11e-02	7.71e-05
 2.92680e+16	9.79e-01	2.08e-02	7.48e-05
 2.92999e+16	9.79e-01	2.05e-02	7.28e-05
 2.93347e+16	9.80e-01	2.02e-02	7.05e-05
 2.93724e+16	9.80e-01	1.99e-02	6.82e-05
 2.94067e+16	9.80e-01	1.96e-02	6.63e-05
 2.94442e+16	9.81e-01	1.93e-02	6.40e-05
 2.94847e+16	9.81e-01	1.89e-02	6.19e-05
 2.95216e+16	9.81e-01	1.86e-02	6.00e-05
 2.95621e+16	9.82e-01	1.83e-02	5.79e-05
 2.96057e+16	9.82e-01	1.80e-02	5.58e-05
 2.96454e+16	9.82e-01	1.77e-02	5.40e-05
 2.96816e+16	9.83e-01	1.74e-02	5.25e-05
 2.97212e+16	9.83e-01	1.71e-02	5.07e-05
 2.97639e+16	9.83e-01	1.68e-02	4.90e-05
 2.98028e+16	9.83e-01	1.66e-02	4.75e-05
 2.98382e+16	9.84e-01	1.63e-02	4.62e-05
 2.98770e+16	9.84e-01	1.61e-02	4.47e-05
 2.99189e+16	9.84e-01	1.58e-02	4.32e-05
 2.99570e+16	9.84e-01	1.56e-02	4.20e-05
 2.99988e+16	9.85e-01	1.53e-02	4.05e-05
 3.00438e+16	9.85e-01	1.50e-02	3.91e-05
 3.00849e+16	9.85e-01	1.48e-02	3.79e-05
 3.01298e+16	9.85e-01	1.45e-02	3.65e-05
 3.01784e+16	9.86e-01	1.42e-02	3.52e-05
 3.02225e+16	9.86e-01	1.40e-02	3.41e-05
 3.02709e+16	9.86e-01	1.37e-02	3.28e-05
 3.03232e+16	9.87e-01	1.35e-02	3.15e-05
 3.03707e+16	9.87e-01	1.32e-02	3.04e-05
 3.04229e+16	9.87e-01	1.30e-02	2.92e-05
 3.04791e+16	9.87e-01	1.27e-02	2.80e-05
 3.05303e+16	9.88e-01	1.25e-02	2.70e-05
 3.05864e+16	9.88e-01	1.22e-02	2.59e-05
 3.06469e+16	9.88e-01	1.19e-02	2.48e-05
 3.07020e+16	9.88e-01	1.17e-02	2.39e-05
 3.07624e+16	9.89e-01	1.14e-02	2.28e-05
 3.08276e+16	9.89e-01	1.12e-02	2.18e-05
 3.08869e+16	9.89e-01	1.10e-02	2.10e-05
 3.09409e+16	9.89e-01	1.08e-02	2.02e-05
 3.10001e+16	9.89e-01	1.05e-02	1.94e-05
 3.10639e+16	9.90e-01	1.03e-02	1.86e-05
 3.11221e+16	9.90e-01	1.01e-02	1.79e-05
 3.11857e+16	9.90e-01	9.87e-03	1.71e-05
 3.12545e+16	9.90e-01	9.65e-03	1.63e-05
 3.13171e+16	9.91e-01	9.46e-03	1.57e-05
 3.13856e+16	9.91e-01	9.23e-03	1.50e-05
 3.14596e+16	9.91e-01	9.01e-03	1.43e-05
 3.15270e+16	9.91e-01	8.82e-03	1.37e-05
 3.16008e+16	9.91e-01	8.60e-03	1.30e-05
 3.16805e+16	9.92e-01	8.39e-03	1.24e-05
 3.17530e+16	9.92e-01	8.20e-03	1.19e-05
 3.18324e+16	9.92e-01	7.99e-03	1.13e-05
 3.19182e+16	9.92e-01	7.78e-03	1.07e-05
 3.19962e+16	9.92e-01	7.60e-03	1.02e-05
 3.20818e+16	9.93e-01	7.39e-03	9.66e-06
 3.21741e+16	9.93e-01	7.19e-03	9.15e-06
 3.22581e+16	9.93e-01	7.02e-03	8.72e-06
 3.23502e+16	9.93e-01	6.82e-03	8.23e-06
 3.24496e+16	9.93e-01	6.62e-03	7.78e-06
 3.25401e+16	9.94e-01	6.46e-03	7.39e-06
 3.26392e+16	9.94e-01	6.26e-03	6.96e-06
 3.27462e+16	9.94e-01	6.08e-03	6.56e-06
 3.28436e+16	9.94e-01	5.91e-03	6.22e-06
 3.29503e+16	9.94e-01	5.73e-03	5.84e-06
 3.30655e+16	9.94e-01	5.55e-03	5.49e-06
 3.31703e+16	9.95e-01	5.40e-03	5.19e-06
 3.32852e+16	9.95e-01	5.22e-03	4.86e-06
 3.34265e+16	9.95e-01	5.01e-03	4.49e-06
 3.35824e+16	9.95e-01	4.81e-03	4.13e-06
 3.37465e+16	9.95e-01	4.60e-03	3.79e-06
 3.39187e+16	9.96e-01	4.39e-03	3.46e-06
 3.40976e+16	9.96e-01	4.19e-03	3.16e-06
 3.42829e+16	9.96e-01	4.00e-03	2.88e-06
 3.44725e+16	9.96e-01	3.81e-03	2.61e-06
 3.46648e+16	9.96e-01	3.63e-03	2.38e-06
 3.48600e+16	9.97e-01	3.46e-03	2.16e-06
 3.50586e+16	9.97e-01	3.29e-03	1.96e-06
 3.52609e+16	9.97e-01	3.13e-03	1.78e-06
 3.54668e+16	9.97e-01	2.98e-03	1.61e-06
 3.56762e+16	9.97e-01	2.84e-03	1.46e-06
 3.58891e+16	9.97e-01	2.70e-03	1.32e-06
 3.61057e+16	9.97e-01	2.56e-03	1.20e-06
 3.63259e+16	9.98e-01	2.44e-03	1.08e-06
 3.65459e+16	9.98e-01	2.32e-03	9.80e-07
 3.67691e+16	9.98e-01	2.20e-03	8.86e-07
 3.70009e+16	9.98e-01	2.09e-03	7.98e-07
 3.72378e+16	9.98e-01	1.98e-03	7.18e-07
 3.74777e+16	9.98e-01	1.88e-03	6.46e-07
 3.77212e+16	9.98e-01	1.78e-03	5.81e-07
 3.79693e+16	9.98e-01	1.68e-03	5.21e-07
 3.82219e+16	9.98e-01	1.59e-03	4.67e-07
 3.84791e+16	9.98e-01	1.51e-03	4.18e-07
 3.87410e+16	9.99e-01	1.42e-03	3.74e-07
 3.90077e+16	9.99e-01	1.34e-03	3.34e-07
 3.92796e+16	9.99e-01	1.27e-03	2.98e-07
 3.95567e+16	9.99e-01	1.20e-03	2.65e-07
 3.98394e+16	9.99e-01	1.13e-03	2.35e-07
 4.01279e+16	9.99e-01	1.06e-03	2.09e-07
 4.04223e+16	9.99e-01	9.97e-04	1.85e-07
 4.07230e+16	9.99e-01	9.37e-04	1.63e-07
 4.10303e+16	9.99e-01	8.79e-04	1.44e-07
 4.13444e+16	9.99e-01	8.24e-04	1.27e-07
 4.16658e+16	9.99e-01	7.72e-04	1.11e-07
 4.19949e+16	9.99e-01	7.21e-04	9.72e-08
 4.23321e+16	9.99e-01	6.74e-04	8.49e-08
 4.26780e+16	9.99e-01	6.28e-04	7.39e-08
 4.30281e+16	9.99e-01	5.86e-04	6.44e-08
 4.33869e+16	9.99e-01	5.45e-04	5.57e-08
 4.37631e+16	9.99e-01	5.05e-04	4.80e-08
 4.41507e+16	1.00e+00	4.68e-04	4.12e-08
 4.45488e+16	1.00e+00	4.32e-04	3.52e-08
 4.49629e+16	1.00e+00	3.98e-04	2.99e-08
 4.53936e+16	1.00e+00	3.66e-04	2.52e-08
 4.58407e+16	1.00e+00	3.35e-04	2.12e-08
 4.63060e+16	1.00e+00	3.06e-04	1.77e-08
 4.67922e+16	1.00e+00	2.78e-04	1.46e-08
 4.73020e+16	1.00e+00	2.52e-04	1.20e-08
 4.78401e+16	1.00e+00	2.27e-04	9.73e-09
 4.84092e+16	1.00e+00	2.03e-04	7.81e-09
 4.90119e+16	1.00e+00	1.81e-04	6.19e-09
 4.96592e+16	1.00e+00	1.59e-04	4.83e-09
 5.03576e+16	1.00e+00	1.39e-04	3.69e-09
 5.11108e+16	1.00e+00	1.21e-04	2.77e-09
 5.19332e+16	1.00e+00	1.03e-04	2.03e-09
 5.28451e+16	1.00e+00	8.68e-05	1.44e-09
 5.38720e+16	1.00e+00	7.16e-05	9.79e-10
 5.50389e+16	1.00e+00	5.76e-05	6.35e-10
 5.63414e+16	1.00e+00	4.54e-05	3.95e-10
 5.77089e+16	1.00e+00	3.56e-05	2.43e-10
 5.90705e+16	1.00e+00	2.80e-05	1.51e-10
 6.04204e+16	1.00e+00	2.22e-05	9.47e-11
 6.17802e+16	1.00e+00	1.76e-05	5.97e-11
 6.31694e+16	1.00e+00	1.39e-05	3.76e-11
 6.45885e+16	1.00e+00	1.10e-05	2.36e-11
 6.60309e+16	1.00e+00	8.75e-06	1.49e-11
 6.74965e+16	1.00e+00	6.95e-06	9.41e-12
 6.89922e+16	1.00e+00	5.52e-06	5.94e-12
 7.05241e+16	1.00e+00	4.38e-06	3.74e-12
 7.20879e+16	1.00e+00	3.47e-06	2.35e-12
 7.36753e+16	1.00e+00	2.76e-06	1.49e-12
 7.53048e+16	1.00e+00	2.19e-06	9.42e-13
 7.69952e+16	1.00e+00	1.73e-06	5.90e-13
 7.87326e+16	1.00e+00	1.37e-06	3.69e-13
 8.05107e+16	1.00e+00	1.08e-06	2.31e-13
 8.23415e+16	1.00e+00	8.53e-07	1.44e-13
 8.42341e+16	1.00e+00	6.71e-07	8.90e-14
 8.61937e+16	1.00e+00	5.26e-07	5.48e-14
 8.82280e+16	1.00e+00	4.11e-07	3.35e-14
 9.03504e+16	1.00e+00	3.19e-07	2.02e-14
 9.25768e+16	1.00e+00	2.46e-07	1.20e-14
 9.49200e+16	1.00e+00	1.88e-07	7.07e-15
 9.73348e+16	1.00e+00	1.44e-07	4.15e-15
 9.97321e+16	1.00e+00	1.11e-07	2.47e-15
 1.02079e+17	1.00e+00	8.69e-08	1.51e-15
 1.04386e+17	1.00e+00	6.84e-08	9.34e-16
 1.06660e+17	1.00e+00	5.43e-08	5.88e-16
 1.08894e+17	1.00e+00	4.34e-08	3.77e-16
 1.11072e+17	1.00e+00	3.51e-08	2.46e-16
 1.13187e+17	1.00e+00	2.86e-08	1.64e-16
 1.15234e+17	1.00e+00	2.35e-08	1.11e-16
 1.17206e+17	1.00e+00	1.96e-08	7.68e-17
 1.19103e+17	1.00e+00	1.64e-08	5.41e-17
 1.20925e+17	1.00e+00	1.39e-08	3.88e-17
 1.22672e+17	1.00e+00	1.19e-08	2.84e-17
 1.24343e+17	1.00e+00	1.02e-08	2.11e-17
 1.25937e+17	1.00e+00	8.90e-09	1.59e-17
 1.27457e+17	1.00e+00	7.79e-09	1.22e-17
 1.28905e+17	1.00e+00	6.88e-09	9.51e-18
 1.30282e+17	1.00e+00	6.11e-09	7.51e-18
 1.31592e+17	1.00e+00	5.46e-09	6.01e-18
 1.32837e+17	1.00e+00	4.92e-09	4.88e-18
 1.34021e+17	1.00e+00	4.45e-09	4.00e-18
 1.35145e+17	1.00e+00	4.06e-09	3.32e-18
 1.36212e+17	1.00e+00	3.71e-09	2.78e-18
 1.37225e+17	1.00e+00	3.42e-09	2.35e-18
 1.38187e+17	1.00e+00	3.16e-09	2.01e-18
 1.39101e+17	1.00e+00	2.93e-09	1.73e-18
 1.39968e+17	1.00e+00	2.73e-09	1.51e-18
 1.40792e+17	1.00e+00	2.56e-09	1.32e-18
 1.41575e+17	1.00e+00	2.40e-09	1.16e-18
 1.42320e+17	1.00e+00	2.26e-09	1.03e-18
 1.43027e+17	1.00e+00	2.14e-09	9.23e-19
 1.43700e+17	1.00e+00	2.03e-09	8.29e-19
 1.44339e+17	1.00e+00	1.92e-09	7.49e-19
 1.44948e+17	1.00e+00	1.83e-09	6.81e-19
 1.45528e+17	1.00e+00	1.75e-09	6.21e-19
 1.46080e+17	1.00e+00	1.68e-09	5.70e-19
 1.46606e+17	1.00e+00	1.61e-09	5.25e-19
 1.47108e+17	1.00e+00	1.55e-09	4.85e-19
 1.47586e+17	1.00e+00	1.49e-09	4.50e-19
 1.48044e+17	1.00e+00	1.44e-09	4.19e-19
 1.48480e+17	1.00e+00	1.39e-09	3.92e-19
 1.48898e+17	1.00e+00	1.35e-09	3.67e-19
 1.49298e+17	1.00e+00	1.31e-09	3.45e-19
 1.49682e+17	1.00e+00	1.27e-09	3.25e-19
 1.50049e+17	1.00e+00	1.23e-09	3.08e-19
 1.50403e+17	1.00e+00	1.20e-09	2.91e-19
 1.50743e+17	1.00e+00	1.17e-09	2.76e-19
 1.51070e+17	1.00e+00	1.14e-09	2.63e-19
 1.51386e+17	1.00e+00	1.11e-09	2.50e-19
 1.51692e+17	1.00e+00	1.09e-09	2.39e-19
 1.51988e+17	1.00e+00	1.06e-09	2.28e-19
 1.52276e+17	1.00e+00	1.04e-09	2.19e-19
 1.52556e+17	1.00e+00	1.02e-09	2.09e-19
 1.52830e+17	1.00e+00	9.95e-10	2.01e-19
 1.53098e+17	1.00e+00	9.75e-10	1.93e-19
 1.53362e+17	1.00e+00	9.56e-10	1.85e-19
 1.53623e+17	1.00e+00	9.37e-10	1.78e-19
 1.53881e+17	1.00e+00	9.19e-10	1.71e-19
 1.54139e+17	1.00e+00	9.01e-10	1.65e-19
 1.54398e+17	1.00e+00	8.83e-10	1.58e-19
 1.54660e+17	1.00e+00	8.66e-10	1.52e-19
 1.54926e+17	1.00e+00	8.48e-10	1.46e-19
 1.55200e+17	1.00e+00	8.31e-10	1.40e-19
 1.55483e+17	1.00e+00	8.13e-10	1.34e-19
 1.55781e+17	1.00e+00	7.95e-10	1.28e-19
 1.56098e+17	1.00e+00	7.76e-10	1.22e-19
 1.56439e+17	1.00e+00	7.56e-10	1.16e-19
 1.56815e+17	1.00e+00	7.34e-10	1.09e-19
 1.57236e+17	1.00e+00	7.11e-10	1.03e-19
 1.57720e+17	1.00e+00	6.85e-10	9.53e-20
 1.58292e+17	1.00e+00	6.56e-10	8.73e-20
 1.58990e+17	1.00e+00	6.21e-10	7.85e-20
 1.59873e+17	1.00e+00	5.81e-10	6.85e-20
 1.61017e+17	1.00e+00	5.32e-10	5.75e-20
 1.62504e+17	1.00e+00	4.75e-10	4.58e-20
 1.64436e+17	1.00e+00	4.10e-10	3.42e-20
 1.66949e+17	1.00e+00	3.40e-10	2.35e-20
 1.70216e+17	1.00e+00	2.67e-10	1.45e-20
 1.74462e+17	1.00e+00	1.96e-10	7.83e-21
 1.79935e+17	1.00e+00	1.33e-10	0.00e+00
 1.86171e+17	1.00e+00	8.66e-11	0.00e+00
 1.92587e+17	1.00e+00	5.66e-11	0.00e+00
 1.99159e+17	1.00e+00	3.71e-11	0.00e+00
 2.05793e+17	1.00e+00	2.47e-11	0.00e+00
 2.12427e+17	1.00e+00	1.67e-11	0.00e+00
 2.19062e+17	1.00e+00	1.16e-11	0.00e+00
 2.25696e+17	1.00e+00	8.28e-12	0.00e+00
 2.32331e+17	1.00e+00	6.09e-12	0.00e+00
 2.38965e+17	1.00e+00	4.65e-12	0.00e+00
 2.45599e+17	1.00e+00	3.69e-12	0.00e+00
 2.52234e+17	1.00e+00	3.04e-12	0.00e+00
 2.58868e+17	1.00e+00	2.59e-12	0.00e+00
 2.65503e+17	1.00e+00	2.28e-12	0.00e+00
 2.72137e+17	1.00e+00	2.05e-12	0.00e+00
 2.78771e+17	1.00e+00	1.88e-12	0.00e+00
 2.85406e+17	1.00e+00	1.76e-12	0.00e+00
 2.92040e+17	1.00e+00	1.66e-12	0.00e+00
 2.98674e+17	1.00e+00	1.57e-12	0.00e+00
 3.05309e+17	1.00e+00	1.50e-12	0.00e+00
 3.11943e+17	1.00e+00	1.43e-12	0.00e+00
 3.18578e+17	1.00e+00	1.37e-12	0.00e+00
 3.26207e+17	1.00e+00	1.32e-12	0.00e+00
 3.36125e+17	1.00e+00	1.05e-12	0.00e+00
 3.48566e+17	1.00e+00	7.31e-13	0.00e+00
 3.62509e+17	1.00e+00	4.90e-13	0.00e+00
 3.76166e+17	1.00e+00	4.04e-13	0.00e+00
 3.88207e+17	1.00e+00	4.08e-13	0.00e+00
 3.98407e+17	1.00e+00	4.64e-13	0.00e+00
 4.07603e+17	1.00e+00	5.03e-13	0.00e+00
 4.17926e+17	1.00e+00	4.87e-13	0.00e+00
 4.29380e+17	1.00e+00	3.31e-13	0.00e+00
 4.38505e+17	1.00e+00	2.86e-13	0.00e+00
 4.43454e+17	1.00e+00	3.57e-13	0.00e+00
 4.45447e+17	1.00e+00	4.26e-13	0.00e+00
 4.46321e+17	1.00e+00	4.56e-13	0.00e+00
 4.46840e+17	1.00e+00	4.72e-13	0.00e+00
 4.47198e+17	1.00e+00	4.81e-13	0.00e+00
 4.47538e+17	1.00e+00	4.87e-13	0.00e+00
 4.47948e+17	1.00e+00	4.94e-13	0.00e+00
 4.48450e+17	1.00e+00	5.01e-13	0.00e+00
 4.48944e+17	1.00e+00	5.07e-13	0.00e+00
 4.49319e+17	1.00e+00	5.11e-13	0.00e+00
 4.49590e+17	1.00e+00	5.14e-13	0.00e+00
 4.49836e+17	1.00e+00	5.16e-13	0.00e+00
 4.50130e+17	1.00e+00	5.18e-13	0.00e+00
 4.50474e+17	1.00e+00	5.20e-13	0.00e+00
 4.50796e+17	1.00e+00	5.21e-13	0.00e+00
 4.51048e+17	1.00e+00	5.22e-13	0.00e+00
 4.51249e+17	1.00e+00	5.23e-13	0.00e+00
 4.51451e+17	1.00e+00	5.23e-13	0.00e+00
 4.51684e+17	1.00e+00	5.23e-13	0.00e+00
 4.51930e+17	1.00e+00	5.23e-13	0.00e+00
 4.52150e+17	1.00e+00	5.23e-13	0.00e+00
 4.52341e+17	1.00e+00	5.23e-13	0.00e+00
 4.52520e+17	1.00e+00	5.23e-13	0.00e+00
 4.52696e+17	1.00e+00	5.22e-13	0.00e+00
 4.52873e+17	1.00e+00	5.22e-13	0.00e+00
 4.53050e+17	1.00e+00	5.21e-13	0.00e+00
 4.53228e+17	1.00e+00	5.21e-13	0.00e+00
 4.53404e+17	1.00e+00	5.20e-13	0.00e+00
 4.53571e+17	1.00e+00	5.19e-13	0.00e+00
 4.53731e+17	1.00e+00	5.18e-13	0.00e+00
 4.53897e+17	1.00e+00	5.17e-13	0.00e+00
 4.54066e+17	1.00e+00	5.16e-13	0.00e+00
 4.54236e+17	1.00e+00	5.15e-13	0.00e+00
 4.54398e+17	1.00e+00	5.13e-13	0.00e+00
 4.54554e+17	1.00e+00	5.12e-13	0.00e+00
 4.54715e+17	1.00e+00	5.11e-13	0.00e+00
 4.54876e+17	1.00e+00	5.10e-13	0.00e+00
 4.55041e+17	1.00e+00	5.08e-13	0.00e+00
 4.55216e+17	1.00e+00	5.06e-13	0.00e+00
 4.55394e+17	1.00e+00	5.05e-13	0.00e+00
 4.55564e+17	1.00e+00	5.03e-13	0.00e+00
 4.55729e+17	1.00e+00	5.01e-13	0.00e+00
 4.55902e+17	1.00e+00	4.99e-13	0.00e+00
 4.56085e+17	1.00e+00	4.97e-13	0.00e+00
 4.56281e+17	1.00e+00	4.95e-13	0.00e+00
 4.56485e+17	1.00e+00	4.92e-13	0.00e+00
 4.56686e+17	1.00e+00	4.90e-13	0.00e+00
 4.56879e+17	1.00e+00	4.87e-13	0.00e+00
 4.57061e+17	1.00e+00	4.85e-13	0.00e+00
 4.57256e+17	1.00e+00	4.82e-13	0.00e+00
 4.57488e+17	1.00e+00	4.79e-13	0.00e+00
 4.57734e+17	1.00e+00	4.76e-13	0.00e+00
 4.57957e+17	1.00e+00	4.72e-13	0.00e+00
 4.58161e+17	1.00e+00	4.69e-13	0.00e+00
 4.58384e+17	1.00e+00	4.66e-13	0.00e+00
 4.58646e+17	1.00e+00	4.62e-13	0.00e+00
 4.58915e+17	1.00e+00	4.58e-13	0.00e+00
 4.59168e+17	1.00e+00	4.54e-13	0.00e+00
 4.59427e+17	1.00e+00	4.50e-13	0.00e+00
 4.59706e+17	1.00e+00	4.46e-13	0.00e+00
 4.59993e+17	1.00e+00	4.41e-13	0.00e+00
 4.60283e+17	1.00e+00	4.37e-13	0.00e+00
 4.60586e+17	1.00e+00	4.32e-13	0.00e+00
 4.60897e+17	1.00e+00	4.26e-13	0.00e+00
 4.61205e+17	1.00e+00	4.21e-13	0.00e+00
 4.61520e+17	1.00e+00	4.16e-13	0.00e+00
 4.61860e+17	1.00e+00	4.10e-13	0.00e+00
 4.62220e+17	1.00e+00	4.04e-13	0.00e+00
 4.62578e+17	1.00e+00	3.98e-13	0.00e+00
 4.62934e+17	1.00e+00	3.92e-13	0.00e+00
 4.63301e+17	1.00e+00	3.86e-13	0.00e+00
 4.63701e+17	1.00e+00	3.79e-13	0.00e+00
 4.64129e+17	1.00e+00	3.72e-13	0.00e+00
 4.64542e+17	1.00e+00	3.64e-13	0.00e+00
 4.64941e+17	1.00e+00	3.57e-13	0.00e+00
 4.65363e+17	1.00e+00	3.50e-13	0.00e+00
 4.65826e+17	1.00e+00	3.43e-13	0.00e+00
 4.66300e+17	1.00e+00	3.34e-13	0.00e+00
 4.66751e+17	1.00e+00	3.26e-13	0.00e+00
 4.67214e+17	1.00e+00	3.19e-13	0.00e+00
 4.67716e+17	1.00e+00	3.11e-13	0.00e+00
 4.68245e+17	1.00e+00	3.02e-13	0.00e+00
 4.68776e+17	1.00e+00	2.93e-13	0.00e+00
 4.69288e+17	1.00e+00	2.84e-13	0.00e+00
 4.69806e+17	1.00e+00	2.76e-13	0.00e+00
 4.70360e+17	1.00e+00	2.67e-13	0.00e+00
 4.70949e+17	1.00e+00	2.58e-13	0.00e+00
 4.71544e+17	1.00e+00	2.48e-13	0.00e+00
 4.72125e+17	1.00e+00	2.40e-13	0.00e+00
 4.72714e+17	1.00e+00	2.31e-13	0.00e+00
 4.73331e+17	1.00e+00	2.22e-13	0.00e+00
 4.73974e+17	1.00e+00	2.13e-13	0.00e+00
 4.74629e+17	1.00e+00	2.03e-13	0.00e+00
 4.75285e+17	1.00e+00	1.94e-13	0.00e+00
 4.75953e+17	1.00e+00	1.85e-13	0.00e+00
 4.76635e+17	1.00e+00	1.76e-13	0.00e+00
 4.77339e+17	1.00e+00	1.67e-13	0.00e+00
 4.78065e+17	1.00e+00	1.58e-13	0.00e+00
 4.78793e+17	1.00e+00	1.49e-13	0.00e+00
 4.79527e+17	1.00e+00	1.40e-13	0.00e+00
 4.80286e+17	1.00e+00	1.32e-13	0.00e+00
 4.81077e+17	1.00e+00	1.24e-13	0.00e+00
 4.81910e+17	1.00e+00	1.15e-13	0.00e+00
 4.82770e+17	1.00e+00	1.07e-13	0.00e+00
 4.83631e+17	1.00e+00	9.86e-14	0.00e+00
 4.84461e+17	1.00e+00	9.09e-14	0.00e+00
 4.85196e+17	1.00e+00	8.42e-14	0.00e+00
 4.85819e+17	1.00e+00	7.89e-14	0.00e+00
 4.86367e+17	1.00e+00	7.45e-14	0.00e+00
 4.86892e+17	1.00e+00	7.07e-14	0.00e+00
 4.87421e+17	1.00e+00	6.70e-14	0.00e+00
 4.87939e+17	1.00e+00	6.34e-14	0.00e+00
 4.88423e+17	1.00e+00	6.01e-14	0.00e+00
 4.88863e+17	1.00e+00	5.72e-14	0.00e+00
 4.89273e+17	1.00e+00	5.46e-14	0.00e+00
 4.89671e+17	1.00e+00	5.23e-14	0.00e+00
 4.90066e+17	1.00e+00	5.00e-14	0.00e+00
 4.90452e+17	1.00e+00	4.78e-14	0.00e+00
 4.90819e+17	1.00e+00	4.58e-14	0.00e+00
 4.91166e+17	1.00e+00	4.39e-14	0.00e+00
 4.91498e+17	1.00e+00	4.22e-14	0.00e+00
 4.91822e+17	1.00e+00	4.06e-14	0.00e+00
 4.92140e+17	1.00e+00	3.90e-14	0.00e+00
 4.92449e+17	1.00e+00	3.75e-14	0.00e+00
 4.92746e+17	1.00e+00	3.61e-14	0.00e+00
 4.93030e+17	1.00e+00	3.48e-14	0.00e+00
 4.93306e+17	1.00e+00	3.36e-14	0.00e+00
 4.93574e+17	1.00e+00	3.24e-14	0.00e+00
 4.93836e+17	1.00e+00	3.12e-14	0.00e+00
 4.94091e+17	1.00e+00	3.02e-14	0.00e+00
 4.94337e+17	1.00e+00	2.91e-14	0.00e+00
 4.94573e+17	1.00e+00	2.81e-14	0.00e+00
 4.94802e+17	1.00e+00	2.72e-14	0.00e+00
 4.95027e+17	1.00e+00	2.63e-14	0.00e+00
 4.95249e+17	1.00e+00	2.55e-14	0.00e+00
 4.95500e+17	1.00e+00	2.47e-14	0.00e+00
 4.95827e+17	1.00e+00	2.36e-14	0.00e+00
 4.96253e+17	1.00e+00	2.23e-14	0.00e+00
 4.96806e+17	1.00e+00	2.07e-14	0.00e+00
 4.97525e+17	1.00e+00	1.86e-14	0.00e+00
 4.98397e+17	1.00e+00	1.62e-14	0.00e+00
 4.99366e+17	1.00e+00	1.38e-14	0.00e+00
 5.00329e+17	1.00e+00	1.15e-14	0.00e+00
 5.01136e+17	1.00e+00	9.67e-15	0.00e+00
 5.01740e+17	1.00e+00	8.49e-15	0.00e+00
 5.02233e+17	1.00e+00	7.71e-15	0.00e+00
