#depth	N	N+	N+2	N+3	N+4	N+5	N+6	N+7
 1.49634e+10	8.75e-45	1.45e-34	2.78e-25	1.24e-16	6.28e-09	9.92e-01	7.91e-03	0.00e+00
 4.54887e+10	0.00e+00	2.03e-34	3.58e-25	1.46e-16	6.84e-09	9.93e-01	7.29e-03	2.64e-08
 7.72350e+10	2.02e-44	2.83e-34	4.62e-25	1.74e-16	7.45e-09	9.93e-01	6.66e-03	0.00e+00
 1.10251e+11	0.00e+00	3.97e-34	5.96e-25	2.06e-16	8.13e-09	9.94e-01	6.11e-03	0.00e+00
 1.43808e+11	4.63e-44	5.52e-34	7.65e-25	2.44e-16	8.85e-09	9.94e-01	5.61e-03	0.00e+00
 1.74830e+11	0.00e+00	7.41e-34	9.55e-25	2.83e-16	9.54e-09	9.95e-01	5.20e-03	0.00e+00
 2.03368e+11	9.28e-44	9.64e-34	1.17e-24	3.23e-16	1.02e-08	9.95e-01	4.86e-03	0.00e+00
 2.36127e+11	0.00e+00	1.29e-33	1.46e-24	3.76e-16	1.10e-08	9.95e-01	4.51e-03	0.00e+00
 2.74699e+11	2.03e-43	1.81e-33	1.88e-24	4.46e-16	1.20e-08	9.96e-01	4.13e-03	0.00e+00
 3.13052e+11	0.00e+00	2.49e-33	2.39e-24	5.25e-16	1.31e-08	9.96e-01	3.80e-03	0.00e+00
 3.48912e+11	4.34e-43	3.33e-33	2.98e-24	6.09e-16	1.41e-08	9.96e-01	3.52e-03	0.00e+00
 3.88768e+11	0.00e+00	4.55e-33	3.78e-24	7.15e-16	1.53e-08	9.97e-01	3.25e-03	0.00e+00
 4.34245e+11	9.82e-43	6.42e-33	4.91e-24	8.53e-16	1.67e-08	9.97e-01	2.97e-03	0.00e+00
 4.78987e+11	0.00e+00	8.89e-33	6.29e-24	1.01e-15	1.82e-08	9.97e-01	2.73e-03	0.00e+00
 5.25519e+11	2.21e-42	1.23e-32	8.08e-24	1.20e-15	1.99e-08	9.97e-01	2.50e-03	0.00e+00
 5.76466e+11	0.00e+00	1.74e-32	1.05e-23	1.43e-15	2.18e-08	9.98e-01	2.28e-03	0.00e+00
 6.27634e+11	5.16e-42	2.44e-32	1.36e-23	1.70e-15	2.38e-08	9.98e-01	2.09e-03	0.00e+00
 6.80848e+11	0.00e+00	3.41e-32	1.76e-23	2.03e-15	2.60e-08	9.98e-01	1.91e-03	0.00e+00
 7.38009e+11	1.20e-41	4.83e-32	2.29e-23	2.43e-15	2.86e-08	9.98e-01	1.74e-03	0.00e+00
 7.94661e+11	0.00e+00	6.72e-32	2.95e-23	2.89e-15	3.13e-08	9.98e-01	1.59e-03	0.00e+00
 8.53579e+11	2.73e-41	9.37e-32	3.81e-23	3.45e-15	3.42e-08	9.99e-01	1.46e-03	0.00e+00
 9.17649e+11	0.00e+00	1.33e-31	4.98e-23	4.14e-15	3.76e-08	9.99e-01	1.32e-03	0.00e+00
 9.84282e+11	6.45e-41	1.88e-31	6.51e-23	4.98e-15	4.14e-08	9.99e-01	1.20e-03	0.00e+00
 1.05358e+12	0.00e+00	2.66e-31	8.51e-23	5.99e-15	4.56e-08	9.99e-01	1.09e-03	0.00e+00
 1.12565e+12	1.52e-40	3.76e-31	1.11e-22	7.22e-15	5.02e-08	9.99e-01	9.93e-04	0.00e+00
 1.20060e+12	0.00e+00	5.30e-31	1.45e-22	8.69e-15	5.53e-08	9.99e-01	9.02e-04	0.00e+00
 1.26849e+12	3.35e-40	7.17e-31	1.84e-22	1.02e-14	6.03e-08	9.99e-01	8.28e-04	0.00e+00
 1.32521e+12	0.00e+00	9.13e-31	2.22e-22	1.17e-14	6.46e-08	9.99e-01	7.73e-04	0.00e+00
 1.38741e+12	6.19e-40	1.18e-30	2.71e-22	1.34e-14	6.96e-08	9.99e-01	7.18e-04	0.00e+00
 1.46598e+12	0.00e+00	1.62e-30	3.47e-22	1.60e-14	7.62e-08	9.99e-01	6.56e-04	0.00e+00
 1.54786e+12	1.33e-39	2.21e-30	4.44e-22	1.90e-14	8.36e-08	9.99e-01	5.99e-04	0.00e+00
 1.61755e+12	0.00e+00	2.86e-30	5.43e-22	2.19e-14	9.02e-08	9.99e-01	5.55e-04	0.00e+00
 1.68935e+12	2.48e-39	3.69e-30	6.64e-22	2.53e-14	9.72e-08	9.99e-01	5.15e-04	0.00e+00
 1.77949e+12	0.00e+00	5.02e-30	8.46e-22	3.01e-14	1.07e-07	1.00e+00	4.70e-04	0.00e+00
 1.87099e+12	5.19e-39	6.78e-30	1.07e-21	3.56e-14	1.17e-07	1.00e+00	4.29e-04	0.00e+00
 1.94975e+12	0.00e+00	8.68e-30	1.31e-21	4.10e-14	1.26e-07	1.00e+00	3.98e-04	0.00e+00
 2.03447e+12	9.55e-39	1.12e-29	1.60e-21	4.75e-14	1.36e-07	1.00e+00	3.69e-04	0.00e+00
 2.13896e+12	0.00e+00	1.52e-29	2.04e-21	5.65e-14	1.50e-07	1.00e+00	3.36e-04	0.00e+00
 2.24596e+12	1.97e-38	2.05e-29	2.58e-21	6.70e-14	1.64e-07	1.00e+00	3.06e-04	0.00e+00
 2.34272e+12	0.00e+00	2.65e-29	3.17e-21	7.78e-14	1.78e-07	1.00e+00	2.83e-04	0.00e+00
 2.44938e+12	3.72e-38	3.48e-29	3.94e-21	9.11e-14	1.94e-07	1.00e+00	2.60e-04	0.00e+00
 2.57482e+12	0.00e+00	4.72e-29	5.04e-21	1.09e-13	2.14e-07	1.00e+00	2.36e-04	0.00e+00
 2.70022e+12	7.64e-38	6.33e-29	6.37e-21	1.29e-13	2.34e-07	1.00e+00	2.15e-04	0.00e+00
 2.81963e+12	0.00e+00	8.26e-29	7.89e-21	1.51e-13	2.55e-07	1.00e+00	1.98e-04	0.00e+00
 2.95133e+12	1.48e-37	1.10e-28	9.89e-21	1.78e-13	2.79e-07	1.00e+00	1.81e-04	0.00e+00
 3.09931e+12	0.00e+00	1.48e-28	1.26e-20	2.13e-13	3.08e-07	1.00e+00	1.64e-04	0.00e+00
 3.23250e+12	2.90e-37	1.92e-28	1.56e-20	2.48e-13	3.35e-07	1.00e+00	1.51e-04	0.00e+00
 3.34248e+12	0.00e+00	2.37e-28	1.84e-20	2.81e-13	3.58e-07	1.00e+00	1.41e-04	0.00e+00
 3.46261e+12	4.84e-37	2.95e-28	2.20e-20	3.19e-13	3.85e-07	1.00e+00	1.32e-04	0.00e+00
 3.61608e+12	0.00e+00	3.87e-28	2.73e-20	3.74e-13	4.20e-07	1.00e+00	1.21e-04	0.00e+00
 3.77103e+12	9.16e-37	5.03e-28	3.37e-20	4.37e-13	4.57e-07	1.00e+00	1.11e-04	0.00e+00
 3.89926e+12	0.00e+00	6.20e-28	3.99e-20	4.95e-13	4.89e-07	1.00e+00	1.04e-04	0.00e+00
 4.03463e+12	1.52e-36	7.68e-28	4.74e-20	5.61e-13	5.25e-07	1.00e+00	9.68e-05	0.00e+00
 4.20834e+12	0.00e+00	1.00e-27	5.87e-20	6.56e-13	5.72e-07	1.00e+00	8.89e-05	0.00e+00
 4.39047e+12	2.88e-36	1.31e-27	7.28e-20	7.68e-13	6.24e-07	1.00e+00	8.15e-05	0.00e+00
 4.55006e+12	0.00e+00	1.64e-27	8.73e-20	8.77e-13	6.71e-07	1.00e+00	7.58e-05	0.00e+00
 4.72176e+12	5.00e-36	2.07e-27	1.05e-19	1.01e-12	7.24e-07	1.00e+00	7.03e-05	0.00e+00
 4.93014e+12	0.00e+00	2.72e-27	1.32e-19	1.18e-12	7.92e-07	1.00e+00	6.44e-05	0.00e+00
 5.13169e+12	9.41e-36	3.51e-27	1.62e-19	1.37e-12	8.60e-07	1.00e+00	5.93e-05	0.00e+00
 5.30128e+12	0.00e+00	4.33e-27	1.91e-19	1.55e-12	9.20e-07	1.00e+00	5.55e-05	0.00e+00
 5.48387e+12	1.57e-35	5.38e-27	2.27e-19	1.76e-12	9.86e-07	1.00e+00	5.18e-05	0.00e+00
 5.71377e+12	0.00e+00	6.99e-27	2.81e-19	2.06e-12	1.07e-06	1.00e+00	4.75e-05	0.00e+00
 5.94979e+12	2.93e-35	9.07e-27	3.47e-19	2.40e-12	1.17e-06	1.00e+00	4.37e-05	0.00e+00
 6.15526e+12	0.00e+00	1.13e-26	4.14e-19	2.72e-12	1.25e-06	1.00e+00	4.08e-05	0.00e+00
 6.37643e+12	5.03e-35	1.42e-26	4.97e-19	3.11e-12	1.35e-06	1.00e+00	3.79e-05	0.00e+00
 6.64642e+12	0.00e+00	1.86e-26	6.17e-19	3.64e-12	1.47e-06	1.00e+00	3.48e-05	0.00e+00
 6.91797e+12	9.48e-35	2.42e-26	7.61e-19	4.23e-12	1.60e-06	1.00e+00	3.20e-05	0.00e+00
 7.16037e+12	0.00e+00	3.03e-26	9.13e-19	4.82e-12	1.72e-06	1.00e+00	2.98e-05	0.00e+00
 7.42681e+12	1.66e-34	3.86e-26	1.11e-18	5.53e-12	1.85e-06	1.00e+00	2.77e-05	0.00e+00
 7.74392e+12	2.32e-34	5.08e-26	1.38e-18	6.48e-12	2.02e-06	1.00e+00	2.54e-05	0.00e+00
 8.06058e+12	3.19e-34	6.63e-26	1.71e-18	7.55e-12	2.20e-06	1.00e+00	2.34e-05	0.00e+00
 8.35504e+12	4.25e-34	8.42e-26	2.07e-18	8.65e-12	2.37e-06	1.00e+00	2.17e-05	0.00e+00
 8.68430e+12	5.82e-34	1.09e-25	2.54e-18	1.00e-11	2.56e-06	1.00e+00	2.00e-05	0.00e+00
 9.06160e+12	8.22e-34	1.45e-25	3.19e-18	1.18e-11	2.80e-06	1.00e+00	1.84e-05	0.00e+00
 9.43610e+12	1.14e-33	1.91e-25	3.97e-18	1.37e-11	3.05e-06	1.00e+00	1.69e-05	0.00e+00
 9.82557e+12	1.60e-33	2.52e-25	4.94e-18	1.60e-11	3.31e-06	1.00e+00	1.55e-05	0.00e+00
 1.02485e+13	2.28e-33	3.37e-25	6.22e-18	1.88e-11	3.61e-06	1.00e+00	1.43e-05	0.00e+00
 1.06884e+13	3.22e-33	4.49e-25	7.81e-18	2.21e-11	3.94e-06	1.00e+00	1.31e-05	0.00e+00
 1.11027e+13	4.44e-33	5.86e-25	9.62e-18	2.55e-11	4.26e-06	1.00e+00	1.21e-05	0.00e+00
 1.14757e+13	5.87e-33	7.37e-25	1.15e-17	2.90e-11	4.55e-06	1.00e+00	1.13e-05	0.00e+00
 1.18286e+13	7.60e-33	9.12e-25	1.36e-17	3.25e-11	4.85e-06	1.00e+00	1.06e-05	0.00e+00
 1.22194e+13	1.01e-32	1.15e-24	1.63e-17	3.68e-11	5.18e-06	1.00e+00	9.97e-06	0.00e+00
 1.26576e+13	1.37e-32	1.48e-24	1.98e-17	4.21e-11	5.56e-06	1.00e+00	9.28e-06	0.00e+00
 1.30738e+13	1.81e-32	1.86e-24	2.37e-17	4.77e-11	5.94e-06	1.00e+00	8.69e-06	0.00e+00
 1.35311e+13	2.44e-32	2.37e-24	2.87e-17	5.44e-11	6.37e-06	1.00e+00	8.11e-06	0.00e+00
 1.40426e+13	3.40e-32	3.11e-24	3.53e-17	6.27e-11	6.86e-06	1.00e+00	7.53e-06	0.00e+00
 1.45167e+13	4.55e-32	3.94e-24	4.26e-17	7.13e-11	7.34e-06	1.00e+00	7.04e-06	0.00e+00
 1.49555e+13	5.93e-32	4.89e-24	5.03e-17	7.99e-11	7.79e-06	1.00e+00	6.63e-06	0.00e+00
 1.54562e+13	7.97e-32	6.22e-24	6.06e-17	9.07e-11	8.32e-06	1.00e+00	6.21e-06	0.00e+00
 1.60690e+13	1.14e-31	8.29e-24	7.55e-17	1.05e-10	8.99e-06	1.00e+00	5.75e-06	0.00e+00
 1.66805e+13	1.58e-31	1.09e-23	9.32e-17	1.22e-10	9.70e-06	1.00e+00	5.33e-06	0.00e+00
 1.72131e+13	2.11e-31	1.37e-23	1.11e-16	1.37e-10	1.03e-05	1.00e+00	5.01e-06	0.00e+00
 1.77899e+13	2.86e-31	1.76e-23	1.34e-16	1.56e-10	1.10e-05	1.00e+00	4.69e-06	0.00e+00
 1.84933e+13	4.12e-31	2.36e-23	1.68e-16	1.81e-10	1.19e-05	1.00e+00	4.35e-06	0.00e+00
 1.92096e+13	5.82e-31	3.12e-23	2.08e-16	2.10e-10	1.28e-05	1.00e+00	4.03e-06	0.00e+00
 1.98580e+13	7.96e-31	4.01e-23	2.52e-16	2.38e-10	1.37e-05	1.00e+00	3.78e-06	0.00e+00
 2.05698e+13	1.11e-30	5.24e-23	3.09e-16	2.73e-10	1.47e-05	1.00e+00	3.53e-06	0.00e+00
 2.14065e+13	1.63e-30	7.12e-23	3.89e-16	3.19e-10	1.58e-05	1.00e+00	3.26e-06	0.00e+00
 2.22402e+13	2.32e-30	9.49e-23	4.85e-16	3.70e-10	1.71e-05	1.00e+00	3.03e-06	0.00e+00
 2.30260e+13	3.24e-30	1.24e-22	5.93e-16	4.23e-10	1.83e-05	1.00e+00	2.83e-06	0.00e+00
 2.38957e+13	4.65e-30	1.65e-22	7.36e-16	4.88e-10	1.96e-05	1.00e+00	2.63e-06	0.00e+00
 2.48814e+13	6.80e-30	2.25e-22	9.30e-16	5.71e-10	2.13e-05	1.00e+00	2.43e-06	0.00e+00
 2.58684e+13	9.99e-30	3.05e-22	1.17e-15	6.64e-10	2.29e-05	1.00e+00	2.26e-06	0.00e+00
 2.68949e+13	1.45e-29	4.11e-22	1.46e-15	7.73e-10	2.47e-05	1.00e+00	2.09e-06	0.00e+00
 2.80006e+13	2.14e-29	5.63e-22	1.85e-15	9.04e-10	2.67e-05	1.00e+00	1.93e-06	0.00e+00
 2.91506e+13	3.18e-29	7.72e-22	2.35e-15	1.06e-09	2.89e-05	1.00e+00	1.79e-06	0.00e+00
 3.02613e+13	4.57e-29	1.03e-21	2.92e-15	1.22e-09	3.11e-05	1.00e+00	1.66e-06	0.00e+00
 3.13022e+13	6.36e-29	1.34e-21	3.56e-15	1.40e-09	3.32e-05	1.00e+00	1.56e-06	0.00e+00
 3.22833e+13	8.54e-29	1.70e-21	4.26e-15	1.57e-09	3.52e-05	1.00e+00	1.47e-06	0.00e+00
 3.33520e+13	1.18e-28	2.20e-21	5.16e-15	1.79e-09	3.75e-05	1.00e+00	1.38e-06	0.00e+00
 3.45471e+13	1.67e-28	2.91e-21	6.35e-15	2.05e-09	4.02e-05	1.00e+00	1.29e-06	0.00e+00
 3.56764e+13	2.28e-28	3.74e-21	7.68e-15	2.33e-09	4.28e-05	1.00e+00	1.21e-06	0.00e+00
 3.69147e+13	3.16e-28	4.86e-21	9.38e-15	2.66e-09	4.57e-05	1.00e+00	1.13e-06	0.00e+00
 3.82963e+13	4.53e-28	6.48e-21	1.16e-14	3.07e-09	4.91e-05	1.00e+00	1.05e-06	0.00e+00
 3.96094e+13	6.33e-28	8.46e-21	1.42e-14	3.50e-09	5.24e-05	1.00e+00	9.86e-07	0.00e+00
 4.10607e+13	8.98e-28	1.12e-20	1.76e-14	4.04e-09	5.62e-05	1.00e+00	0.00e+00	0.00e+00
 4.26905e+13	1.30e-27	1.51e-20	2.21e-14	4.70e-09	6.07e-05	1.00e+00	0.00e+00	0.00e+00
 4.42481e+13	1.86e-27	2.01e-20	2.73e-14	5.41e-09	6.51e-05	1.00e+00	0.00e+00	0.00e+00
 4.59107e+13	2.62e-27	2.66e-20	3.39e-14	6.26e-09	7.01e-05	1.00e+00	0.00e+00	0.00e+00
 4.77770e+13	3.90e-27	3.65e-20	4.29e-14	7.32e-09	7.57e-05	1.00e+00	0.00e+00	0.00e+00
 4.95040e+13	5.42e-27	4.76e-20	5.29e-14	8.42e-09	8.13e-05	1.00e+00	0.00e+00	0.00e+00
 5.09971e+13	7.28e-27	6.03e-20	6.31e-14	9.47e-09	8.62e-05	1.00e+00	0.00e+00	0.00e+00
 5.26478e+13	9.80e-27	7.68e-20	7.61e-14	1.07e-08	9.18e-05	1.00e+00	0.00e+00	0.00e+00
 5.46674e+13	1.40e-26	1.03e-19	9.50e-14	1.25e-08	9.90e-05	1.00e+00	0.00e+00	0.00e+00
 5.67155e+13	1.99e-26	1.36e-19	1.18e-13	1.44e-08	1.07e-04	1.00e+00	0.00e+00	0.00e+00
 5.85551e+13	2.70e-26	1.74e-19	1.43e-13	1.63e-08	1.13e-04	1.00e+00	0.00e+00	0.00e+00
 6.05750e+13	3.76e-26	2.27e-19	1.74e-13	1.87e-08	1.21e-04	1.00e+00	0.00e+00	0.00e+00
 6.29659e+13	5.36e-26	3.04e-19	2.19e-13	2.18e-08	1.31e-04	1.00e+00	0.00e+00	0.00e+00
 6.53188e+13	7.68e-26	4.05e-19	2.72e-13	2.52e-08	1.41e-04	1.00e+00	0.00e+00	0.00e+00
 6.74719e+13	1.03e-25	5.15e-19	3.29e-13	2.87e-08	1.51e-04	1.00e+00	0.00e+00	0.00e+00
 6.98857e+13	1.43e-25	6.75e-19	4.05e-13	3.29e-08	1.62e-04	1.00e+00	0.00e+00	0.00e+00
 7.26899e+13	2.06e-25	9.09e-19	5.11e-13	3.85e-08	1.75e-04	1.00e+00	0.00e+00	0.00e+00
 7.54381e+13	2.93e-25	1.21e-18	6.36e-13	4.46e-08	1.89e-04	1.00e+00	0.00e+00	0.00e+00
 7.80365e+13	4.07e-25	1.57e-18	7.77e-13	5.10e-08	2.02e-04	1.00e+00	0.00e+00	0.00e+00
 8.09282e+13	5.63e-25	2.06e-18	9.64e-13	5.89e-08	2.17e-04	1.00e+00	0.00e+00	0.00e+00
 8.41953e+13	8.27e-25	2.80e-18	1.22e-12	6.90e-08	2.35e-04	1.00e+00	0.00e+00	0.00e+00
 8.74684e+13	1.15e-24	3.70e-18	1.53e-12	8.03e-08	2.54e-04	1.00e+00	0.00e+00	0.00e+00
 9.05365e+13	1.59e-24	4.81e-18	1.87e-12	9.20e-08	2.73e-04	1.00e+00	0.00e+00	0.00e+00
 9.38520e+13	2.25e-24	6.36e-18	2.32e-12	1.06e-07	2.93e-04	1.00e+00	0.00e+00	0.00e+00
 9.76360e+13	3.19e-24	8.48e-18	2.92e-12	1.24e-07	3.17e-04	1.00e+00	0.00e+00	0.00e+00
 1.01211e+14	4.52e-24	1.12e-17	3.62e-12	1.43e-07	3.41e-04	1.00e+00	0.00e+00	0.00e+00
 1.04441e+14	5.91e-24	1.41e-17	4.36e-12	1.62e-07	3.64e-04	1.00e+00	0.00e+00	0.00e+00
 1.07495e+14	7.73e-24	1.75e-17	5.17e-12	1.82e-07	3.85e-04	1.00e+00	0.00e+00	0.00e+00
 1.10877e+14	1.04e-23	2.23e-17	6.21e-12	2.06e-07	4.10e-04	1.00e+00	0.00e+00	0.00e+00
 1.14656e+14	1.39e-23	2.84e-17	7.57e-12	2.35e-07	4.39e-04	1.00e+00	0.00e+00	0.00e+00
 1.18218e+14	1.87e-23	3.60e-17	9.08e-12	2.66e-07	4.67e-04	1.00e+00	0.00e+00	0.00e+00
 1.22118e+14	2.46e-23	4.54e-17	1.10e-11	3.03e-07	4.99e-04	1.00e+00	0.00e+00	0.00e+00
 1.26474e+14	3.41e-23	5.92e-17	1.35e-11	3.48e-07	5.35e-04	9.99e-01	0.00e+00	0.00e+00
 1.30599e+14	4.62e-23	7.58e-17	1.64e-11	3.95e-07	5.71e-04	9.99e-01	0.00e+00	0.00e+00
 1.35138e+14	6.17e-23	9.68e-17	2.01e-11	4.53e-07	6.12e-04	9.99e-01	0.00e+00	0.00e+00
 1.40154e+14	8.76e-23	1.28e-16	2.49e-11	5.23e-07	6.58e-04	9.99e-01	0.00e+00	0.00e+00
 1.44792e+14	1.15e-22	1.61e-16	3.02e-11	5.96e-07	7.04e-04	9.99e-01	0.00e+00	0.00e+00
 1.49824e+14	1.57e-22	2.09e-16	3.70e-11	6.83e-07	7.54e-04	9.99e-01	0.00e+00	0.00e+00
 1.55442e+14	2.16e-22	2.73e-16	4.59e-11	7.90e-07	8.13e-04	9.99e-01	0.00e+00	0.00e+00
 1.60709e+14	2.98e-22	3.53e-16	5.60e-11	9.03e-07	8.69e-04	9.99e-01	0.00e+00	0.00e+00
 1.66445e+14	3.99e-22	4.53e-16	6.88e-11	1.04e-06	9.34e-04	9.99e-01	0.00e+00	0.00e+00
 1.72819e+14	5.66e-22	6.02e-16	8.61e-11	1.21e-06	1.01e-03	9.99e-01	0.00e+00	0.00e+00
 1.78789e+14	7.47e-22	7.64e-16	1.05e-10	1.38e-06	1.08e-03	9.99e-01	0.00e+00	0.00e+00
 1.85274e+14	1.03e-21	9.93e-16	1.30e-10	1.59e-06	1.16e-03	9.99e-01	0.00e+00	0.00e+00
 1.92507e+14	1.43e-21	1.31e-15	1.63e-10	1.85e-06	1.26e-03	9.99e-01	0.00e+00	0.00e+00
 1.99370e+14	1.96e-21	1.70e-15	2.00e-10	2.13e-06	1.35e-03	9.99e-01	0.00e+00	0.00e+00
 2.06714e+14	2.62e-21	2.18e-15	2.48e-10	2.46e-06	1.46e-03	9.99e-01	0.00e+00	0.00e+00
 2.15012e+14	3.66e-21	2.89e-15	3.12e-10	2.88e-06	1.58e-03	9.98e-01	0.00e+00	0.00e+00
 2.23177e+14	5.13e-21	3.82e-15	3.89e-10	3.35e-06	1.71e-03	9.98e-01	0.00e+00	0.00e+00
 2.31668e+14	6.88e-21	4.93e-15	4.84e-10	3.88e-06	1.85e-03	9.98e-01	0.00e+00	0.00e+00
 2.40964e+14	9.75e-21	6.58e-15	6.10e-10	4.55e-06	2.01e-03	9.98e-01	0.00e+00	0.00e+00
 2.50158e+14	1.31e-20	8.48e-15	7.59e-10	5.28e-06	2.18e-03	9.98e-01	0.00e+00	0.00e+00
 2.57753e+14	1.68e-20	1.05e-14	9.05e-10	5.95e-06	2.32e-03	9.98e-01	0.00e+00	0.00e+00
 2.63805e+14	2.03e-20	1.23e-14	1.04e-09	6.53e-06	2.44e-03	9.98e-01	0.00e+00	0.00e+00
 2.70503e+14	2.51e-20	1.48e-14	1.20e-09	7.22e-06	2.57e-03	9.97e-01	0.00e+00	0.00e+00
 2.79210e+14	3.23e-20	1.84e-14	1.45e-09	8.20e-06	2.75e-03	9.97e-01	0.00e+00	0.00e+00
 2.88563e+14	4.21e-20	2.30e-14	1.75e-09	9.35e-06	2.95e-03	9.97e-01	0.00e+00	0.00e+00
 2.96894e+14	5.34e-20	2.82e-14	2.07e-09	1.05e-05	3.14e-03	9.97e-01	0.00e+00	0.00e+00
 3.05863e+14	6.73e-20	3.45e-14	2.46e-09	1.18e-05	3.35e-03	9.97e-01	0.00e+00	0.00e+00
 3.17166e+14	9.07e-20	4.45e-14	3.04e-09	1.36e-05	3.62e-03	9.96e-01	0.00e+00	0.00e+00
 3.28621e+14	1.20e-19	5.67e-14	3.74e-09	1.57e-05	3.92e-03	9.96e-01	0.00e+00	0.00e+00
 3.38416e+14	1.51e-19	6.92e-14	4.45e-09	1.77e-05	4.18e-03	9.96e-01	0.00e+00	0.00e+00
 3.48937e+14	1.93e-19	8.56e-14	5.32e-09	2.00e-05	4.46e-03	9.96e-01	0.00e+00	0.00e+00
 3.61997e+14	2.57e-19	1.10e-13	6.59e-09	2.32e-05	4.84e-03	9.95e-01	0.00e+00	0.00e+00
 3.75325e+14	3.43e-19	1.41e-13	8.14e-09	2.68e-05	5.25e-03	9.95e-01	0.00e+00	0.00e+00
 3.87074e+14	4.38e-19	1.74e-13	9.75e-09	3.03e-05	5.62e-03	9.94e-01	0.00e+00	0.00e+00
 3.99802e+14	5.62e-19	2.17e-13	1.18e-08	3.44e-05	6.03e-03	9.94e-01	0.00e+00	0.00e+00
 4.15150e+14	7.62e-19	2.82e-13	1.47e-08	4.00e-05	6.56e-03	9.93e-01	0.00e+00	0.00e+00
 4.30390e+14	1.02e-18	3.62e-13	1.82e-08	4.62e-05	7.11e-03	9.93e-01	0.00e+00	0.00e+00
 4.43998e+14	1.29e-18	4.46e-13	2.18e-08	5.24e-05	7.61e-03	9.92e-01	0.00e+00	0.00e+00
 4.59002e+14	1.69e-18	5.64e-13	2.65e-08	5.98e-05	8.20e-03	9.92e-01	0.00e+00	0.00e+00
 4.76847e+14	2.30e-18	7.36e-13	3.33e-08	6.96e-05	8.93e-03	9.91e-01	0.00e+00	0.00e+00
 4.94576e+14	3.08e-18	9.49e-13	4.13e-08	8.05e-05	9.68e-03	9.90e-01	0.00e+00	0.00e+00
 5.10879e+14	3.97e-18	1.19e-12	5.00e-08	9.16e-05	1.04e-02	9.89e-01	0.00e+00	0.00e+00
 5.29139e+14	5.22e-18	1.51e-12	6.15e-08	1.05e-04	1.12e-02	9.89e-01	0.00e+00	0.00e+00
 5.50263e+14	7.30e-18	2.00e-12	7.77e-08	1.23e-04	1.23e-02	9.88e-01	0.00e+00	0.00e+00
 5.70952e+14	9.86e-18	2.60e-12	9.67e-08	1.43e-04	1.33e-02	9.87e-01	0.00e+00	0.00e+00
 5.90713e+14	1.28e-17	3.28e-12	1.18e-07	1.63e-04	1.44e-02	9.85e-01	0.00e+00	0.00e+00
 6.08143e+14	1.66e-17	4.08e-12	1.41e-07	1.83e-04	1.53e-02	9.84e-01	0.00e+00	0.00e+00
 6.22565e+14	2.03e-17	4.83e-12	1.62e-07	2.01e-04	1.61e-02	9.84e-01	0.00e+00	0.00e+00
 6.38362e+14	2.50e-17	5.77e-12	1.88e-07	2.22e-04	1.71e-02	9.83e-01	0.00e+00	0.00e+00
 6.58899e+14	3.25e-17	7.24e-12	2.28e-07	2.52e-04	1.83e-02	9.81e-01	0.00e+00	0.00e+00
 6.80514e+14	4.20e-17	9.07e-12	2.76e-07	2.87e-04	1.96e-02	9.80e-01	0.00e+00	0.00e+00
 6.99209e+14	5.30e-17	1.11e-11	3.25e-07	3.20e-04	2.08e-02	9.79e-01	0.00e+00	0.00e+00
 7.19190e+14	6.89e-17	1.37e-11	3.86e-07	3.57e-04	2.22e-02	9.77e-01	0.00e+00	0.00e+00
 7.45108e+14	9.33e-17	1.78e-11	4.78e-07	4.12e-04	2.40e-02	9.76e-01	0.00e+00	0.00e+00
 7.71688e+14	1.26e-16	2.30e-11	5.90e-07	4.73e-04	2.58e-02	9.74e-01	0.00e+00	0.00e+00
 7.93908e+14	2.46e-16	2.81e-11	7.00e-07	5.30e-04	2.75e-02	9.72e-01	0.00e+00	0.00e+00
 8.17517e+14	2.23e-16	3.49e-11	8.36e-07	5.95e-04	2.93e-02	9.70e-01	0.00e+00	0.00e+00
 8.47494e+14	3.17e-16	4.64e-11	1.04e-06	6.87e-04	3.17e-02	9.68e-01	0.00e+00	0.00e+00
 8.78930e+14	4.39e-16	6.09e-11	1.30e-06	7.94e-04	3.43e-02	9.65e-01	0.00e+00	0.00e+00
 9.07008e+14	5.84e-16	7.71e-11	1.57e-06	9.00e-04	3.67e-02	9.62e-01	0.00e+00	0.00e+00
 9.37538e+14	7.82e-16	9.86e-11	1.92e-06	1.03e-03	3.93e-02	9.60e-01	0.00e+00	0.00e+00
 9.73905e+14	1.11e-15	1.32e-10	2.42e-06	1.19e-03	4.27e-02	9.56e-01	0.00e+00	0.00e+00
 1.00984e+15	1.54e-15	1.73e-10	3.01e-06	1.38e-03	4.61e-02	9.53e-01	0.00e+00	0.00e+00
 1.04249e+15	2.07e-15	2.21e-10	3.65e-06	1.56e-03	4.93e-02	9.49e-01	0.00e+00	0.00e+00
 1.07888e+15	2.76e-15	2.82e-10	4.50e-06	1.79e-03	5.29e-02	9.45e-01	0.00e+00	0.00e+00
 1.12145e+15	4.07e-15	3.85e-10	5.70e-06	2.09e-03	5.75e-02	9.40e-01	0.00e+00	0.00e+00
 1.16342e+15	5.75e-15	5.11e-10	7.12e-06	2.41e-03	6.20e-02	9.36e-01	0.00e+00	0.00e+00
 1.20297e+15	7.88e-15	6.62e-10	8.72e-06	2.75e-03	6.64e-02	9.31e-01	0.00e+00	0.00e+00
 1.24702e+15	1.07e-14	8.59e-10	1.08e-05	3.17e-03	7.15e-02	9.25e-01	0.00e+00	0.00e+00
 1.29693e+15	1.62e-14	1.19e-09	1.38e-05	3.71e-03	7.75e-02	9.19e-01	0.00e+00	0.00e+00
 1.33873e+15	2.19e-14	1.52e-09	1.67e-05	4.20e-03	8.26e-02	9.13e-01	0.00e+00	0.00e+00
 1.36871e+15	2.71e-14	1.81e-09	1.91e-05	4.57e-03	8.64e-02	9.09e-01	0.00e+00	0.00e+00
 1.40003e+15	3.36e-14	2.15e-09	2.19e-05	5.00e-03	9.04e-02	9.05e-01	0.00e+00	0.00e+00
 1.44075e+15	4.26e-14	2.64e-09	2.60e-05	5.59e-03	9.56e-02	8.99e-01	0.00e+00	0.00e+00
 1.48625e+15	5.94e-14	3.43e-09	3.14e-05	6.31e-03	1.02e-01	8.92e-01	0.00e+00	0.00e+00
 1.52884e+15	7.72e-14	4.25e-09	3.72e-05	7.04e-03	1.07e-01	8.85e-01	0.00e+00	0.00e+00
 1.57505e+15	9.99e-14	5.28e-09	4.44e-05	7.90e-03	1.14e-01	8.78e-01	0.00e+00	0.00e+00
 1.62697e+15	1.42e-13	6.93e-09	5.41e-05	8.96e-03	1.21e-01	8.70e-01	0.00e+00	0.00e+00
 1.67601e+15	1.87e-13	8.69e-09	6.45e-05	1.00e-02	1.28e-01	8.62e-01	0.00e+00	0.00e+00
 1.72948e+15	2.45e-13	1.09e-08	7.78e-05	1.13e-02	1.36e-01	8.53e-01	0.00e+00	0.00e+00
 1.78961e+15	3.55e-13	1.46e-08	9.56e-05	1.29e-02	1.45e-01	8.42e-01	0.00e+00	0.00e+00
 1.84668e+15	4.74e-13	1.85e-08	1.15e-04	1.45e-02	1.54e-01	8.32e-01	0.00e+00	0.00e+00
 1.90916e+15	6.33e-13	2.35e-08	1.40e-04	1.65e-02	1.63e-01	8.20e-01	0.00e+00	0.00e+00
 1.97896e+15	9.34e-13	3.18e-08	1.74e-04	1.89e-02	1.74e-01	8.07e-01	0.00e+00	0.00e+00
 2.04389e+15	1.26e-12	4.06e-08	2.10e-04	2.13e-02	1.84e-01	7.94e-01	0.00e+00	0.00e+00
 2.11390e+15	1.68e-12	5.19e-08	2.55e-04	2.41e-02	1.95e-01	7.81e-01	0.00e+00	0.00e+00
 2.19229e+15	2.50e-12	7.04e-08	3.17e-04	2.76e-02	2.08e-01	7.64e-01	0.00e+00	0.00e+00
 2.26554e+15	3.41e-12	9.06e-08	3.83e-04	3.11e-02	2.19e-01	7.49e-01	0.00e+00	0.00e+00
 2.34475e+15	4.69e-12	1.17e-07	4.68e-04	3.52e-02	2.32e-01	7.32e-01	0.00e+00	0.00e+00
 2.43334e+15	6.44e-12	1.53e-07	5.78e-04	4.02e-02	2.46e-01	7.14e-01	0.00e+00	0.00e+00
 2.51717e+15	9.33e-12	2.04e-07	7.05e-04	4.54e-02	2.59e-01	6.95e-01	0.00e+00	0.00e+00
 2.59366e+15	1.24e-11	2.56e-07	8.36e-04	5.05e-02	2.71e-01	6.78e-01	0.00e+00	0.00e+00
 2.67758e+15	1.66e-11	3.24e-07	1.00e-03	5.64e-02	2.84e-01	6.59e-01	0.00e+00	0.00e+00
 2.77952e+15	2.27e-11	4.22e-07	1.23e-03	6.40e-02	2.98e-01	6.36e-01	0.00e+00	0.00e+00
 2.88102e+15	3.34e-11	5.69e-07	1.52e-03	7.24e-02	3.13e-01	6.13e-01	0.00e+00	0.00e+00
 2.95848e+15	4.26e-11	6.93e-07	1.76e-03	7.91e-02	3.24e-01	5.95e-01	0.00e+00	0.00e+00
 3.02859e+15	5.31e-11	8.27e-07	2.00e-03	8.55e-02	3.34e-01	5.79e-01	0.00e+00	0.00e+00
 3.11974e+15	6.95e-11	1.03e-06	2.35e-03	9.42e-02	3.45e-01	5.58e-01	0.00e+00	0.00e+00
 3.21766e+15	9.34e-11	1.30e-06	2.79e-03	1.04e-01	3.57e-01	5.36e-01	0.00e+00	0.00e+00
 3.30391e+15	1.18e-10	1.58e-06	3.22e-03	1.13e-01	3.67e-01	5.17e-01	0.00e+00	0.00e+00
 3.39555e+15	1.48e-10	1.90e-06	3.73e-03	1.23e-01	3.77e-01	4.96e-01	0.00e+00	0.00e+00
 3.51468e+15	2.12e-10	2.51e-06	4.51e-03	1.37e-01	3.90e-01	4.69e-01	0.00e+00	0.00e+00
 3.63136e+15	2.81e-10	3.16e-06	5.35e-03	1.51e-01	4.00e-01	4.44e-01	0.00e+00	0.00e+00
 3.72332e+15	3.46e-10	3.74e-06	6.10e-03	1.62e-01	4.07e-01	4.25e-01	0.00e+00	0.00e+00
 3.82136e+15	4.37e-10	4.52e-06	6.99e-03	1.75e-01	4.14e-01	4.04e-01	0.00e+00	0.00e+00
 3.94881e+15	6.15e-10	5.88e-06	8.34e-03	1.92e-01	4.22e-01	3.77e-01	0.00e+00	0.00e+00
 4.08047e+15	8.16e-10	7.38e-06	9.85e-03	2.10e-01	4.28e-01	3.52e-01	0.00e+00	0.00e+00
 4.19136e+15	1.01e-09	8.82e-06	1.13e-02	2.25e-01	4.32e-01	3.32e-01	0.00e+00	0.00e+00
 4.30929e+15	1.30e-09	1.08e-05	1.30e-02	2.42e-01	4.36e-01	3.10e-01	0.00e+00	0.00e+00
 4.46261e+15	1.88e-09	1.43e-05	1.56e-02	2.64e-01	4.38e-01	2.82e-01	0.00e+00	0.00e+00
 4.61151e+15	2.48e-09	1.78e-05	1.83e-02	2.86e-01	4.38e-01	2.58e-01	0.00e+00	0.00e+00
 4.72429e+15	3.01e-09	2.09e-05	2.06e-02	3.02e-01	4.37e-01	2.40e-01	0.00e+00	0.00e+00
 4.84054e+15	3.76e-09	2.48e-05	2.33e-02	3.19e-01	4.35e-01	2.23e-01	0.00e+00	0.00e+00
 4.99165e+15	5.24e-09	3.19e-05	2.72e-02	3.42e-01	4.30e-01	2.01e-01	0.00e+00	0.00e+00
 5.14166e+15	6.75e-09	3.90e-05	3.14e-02	3.63e-01	4.24e-01	1.81e-01	0.00e+00	0.00e+00
 5.26046e+15	8.13e-09	4.53e-05	3.50e-02	3.80e-01	4.18e-01	1.67e-01	0.00e+00	0.00e+00
 5.36710e+15	9.82e-09	5.25e-05	3.87e-02	3.95e-01	4.11e-01	1.55e-01	0.00e+00	0.00e+00
 5.47166e+15	1.18e-08	6.05e-05	4.25e-02	4.10e-01	4.04e-01	1.43e-01	0.00e+00	0.00e+00
 5.59158e+15	1.52e-08	7.31e-05	4.75e-02	4.27e-01	3.96e-01	1.30e-01	0.00e+00	0.00e+00
 5.71121e+15	1.84e-08	8.46e-05	5.25e-02	4.43e-01	3.86e-01	1.18e-01	0.00e+00	0.00e+00
 5.81323e+15	2.13e-08	9.53e-05	5.72e-02	4.56e-01	3.78e-01	1.09e-01	0.00e+00	0.00e+00
 5.92863e+15	2.58e-08	1.10e-04	6.31e-02	4.70e-01	3.67e-01	9.93e-02	0.00e+00	0.00e+00
 6.05621e+15	3.37e-08	1.34e-04	7.05e-02	4.86e-01	3.55e-01	8.84e-02	0.00e+00	0.00e+00
 6.17425e+15	4.09e-08	1.56e-04	7.75e-02	5.00e-01	3.43e-01	7.98e-02	0.00e+00	0.00e+00
 6.28216e+15	4.92e-08	1.79e-04	8.46e-02	5.11e-01	3.31e-01	7.23e-02	0.00e+00	0.00e+00
 6.40226e+15	6.07e-08	2.10e-04	9.33e-02	5.24e-01	3.18e-01	6.45e-02	0.00e+00	0.00e+00
 6.52967e+15	7.12e-08	2.39e-04	1.03e-01	5.36e-01	3.04e-01	5.75e-02	0.00e+00	0.00e+00
 6.66659e+15	9.67e-08	2.98e-04	1.15e-01	5.48e-01	2.87e-01	4.93e-02	0.00e+00	0.00e+00
 6.80706e+15	1.14e-07	3.41e-04	1.28e-01	5.58e-01	2.71e-01	4.31e-02	0.00e+00	0.00e+00
 6.93097e+15	1.53e-07	4.20e-04	1.42e-01	5.66e-01	2.55e-01	3.70e-02	0.00e+00	0.00e+00
 7.04522e+15	1.88e-07	4.89e-04	1.55e-01	5.72e-01	2.40e-01	3.24e-02	0.00e+00	0.00e+00
 7.15021e+15	2.28e-07	5.64e-04	1.68e-01	5.77e-01	2.27e-01	2.84e-02	0.00e+00	0.00e+00
 7.25290e+15	2.77e-07	6.52e-04	1.82e-01	5.80e-01	2.13e-01	2.48e-02	0.00e+00	0.00e+00
 7.35076e+15	3.15e-07	7.21e-04	1.95e-01	5.81e-01	2.01e-01	2.20e-02	0.00e+00	0.00e+00
 7.45821e+15	4.19e-07	8.82e-04	2.14e-01	5.81e-01	1.85e-01	1.85e-02	0.00e+00	0.00e+00
 7.55582e+15	5.02e-07	1.01e-03	2.30e-01	5.80e-01	1.72e-01	1.60e-02	0.00e+00	0.00e+00
 7.62583e+15	5.82e-07	1.12e-03	2.43e-01	5.78e-01	1.63e-01	1.43e-02	0.00e+00	0.00e+00
 7.70200e+15	6.88e-07	1.27e-03	2.59e-01	5.75e-01	1.52e-01	1.25e-02	0.00e+00	0.00e+00
 7.77788e+15	7.65e-07	1.38e-03	2.73e-01	5.72e-01	1.43e-01	1.11e-02	0.00e+00	0.00e+00
 7.85340e+15	9.47e-07	1.60e-03	2.91e-01	5.66e-01	1.32e-01	9.49e-03	0.00e+00	0.00e+00
 7.92202e+15	1.06e-06	1.75e-03	3.06e-01	5.61e-01	1.23e-01	8.37e-03	0.00e+00	0.00e+00
 7.97376e+15	1.21e-06	1.92e-03	3.19e-01	5.56e-01	1.16e-01	7.49e-03	0.00e+00	0.00e+00
 8.02523e+15	1.44e-06	2.16e-03	3.33e-01	5.49e-01	1.09e-01	6.58e-03	0.00e+00	0.00e+00
 8.07086e+15	1.58e-06	2.32e-03	3.45e-01	5.44e-01	1.03e-01	5.96e-03	0.00e+00	0.00e+00
 8.11676e+15	1.81e-06	2.54e-03	3.58e-01	5.37e-01	9.68e-02	5.29e-03	0.00e+00	0.00e+00
 8.16796e+15	1.96e-06	2.71e-03	3.71e-01	5.31e-01	9.05e-02	4.71e-03	0.00e+00	0.00e+00
 8.22604e+15	2.38e-06	3.09e-03	3.89e-01	5.21e-01	8.27e-02	3.97e-03	0.00e+00	0.00e+00
 8.28051e+15	2.64e-06	3.34e-03	4.04e-01	5.13e-01	7.64e-02	3.45e-03	0.00e+00	0.00e+00
 8.33029e+15	3.20e-06	3.81e-03	4.21e-01	5.02e-01	6.98e-02	2.91e-03	0.00e+00	0.00e+00
 8.37738e+15	3.63e-06	4.16e-03	4.36e-01	4.93e-01	6.43e-02	2.51e-03	0.00e+00	0.00e+00
 8.41461e+15	4.04e-06	4.48e-03	4.48e-01	4.85e-01	6.00e-02	2.22e-03	0.00e+00	0.00e+00
 8.45666e+15	4.39e-06	4.77e-03	4.60e-01	4.77e-01	5.55e-02	1.94e-03	0.00e+00	0.00e+00
 8.51133e+15	5.41e-06	5.50e-03	4.80e-01	4.64e-01	4.92e-02	1.55e-03	0.00e+00	0.00e+00
 8.56117e+15	6.24e-06	6.07e-03	4.96e-01	4.52e-01	4.43e-02	1.29e-03	0.00e+00	0.00e+00
 8.59667e+15	6.90e-06	6.52e-03	5.08e-01	4.44e-01	4.08e-02	1.12e-03	0.00e+00	0.00e+00
 8.63475e+15	7.57e-06	6.96e-03	5.20e-01	4.35e-01	3.73e-02	9.53e-04	0.00e+00	0.00e+00
 8.68425e+15	9.15e-06	7.92e-03	5.37e-01	4.21e-01	3.27e-02	7.48e-04	0.00e+00	0.00e+00
 8.73206e+15	1.06e-05	8.76e-03	5.53e-01	4.09e-01	2.88e-02	5.99e-04	0.00e+00	0.00e+00
 8.76973e+15	1.19e-05	9.47e-03	5.65e-01	3.99e-01	2.60e-02	4.99e-04	0.00e+00	0.00e+00
 8.81074e+15	1.36e-05	1.04e-02	5.78e-01	3.88e-01	2.30e-02	4.01e-04	0.00e+00	0.00e+00
 8.86407e+15	1.61e-05	1.16e-02	5.94e-01	3.74e-01	1.95e-02	3.00e-04	0.00e+00	0.00e+00
 8.91901e+15	1.91e-05	1.31e-02	6.11e-01	3.60e-01	1.64e-02	2.20e-04	0.00e+00	0.00e+00
 8.95714e+15	2.14e-05	1.41e-02	6.21e-01	3.50e-01	1.46e-02	1.78e-04	0.00e+00	0.00e+00
 8.98195e+15	2.30e-05	1.49e-02	6.28e-01	3.43e-01	1.34e-02	1.54e-04	0.00e+00	0.00e+00
 9.00842e+15	2.51e-05	1.57e-02	6.36e-01	3.36e-01	1.22e-02	1.31e-04	0.00e+00	0.00e+00
 9.04282e+15	2.79e-05	1.69e-02	6.45e-01	3.27e-01	1.08e-02	1.05e-04	0.00e+00	0.00e+00
 9.08124e+15	3.13e-05	1.83e-02	6.55e-01	3.17e-01	9.46e-03	8.27e-05	0.00e+00	0.00e+00
 9.11772e+15	3.50e-05	1.97e-02	6.64e-01	3.08e-01	8.31e-03	6.57e-05	0.00e+00	0.00e+00
 9.15795e+15	3.95e-05	2.13e-02	6.73e-01	2.98e-01	7.16e-03	5.04e-05	0.00e+00	0.00e+00
 9.20174e+15	4.49e-05	2.32e-02	6.83e-01	2.87e-01	6.10e-03	3.79e-05	0.00e+00	0.00e+00
 9.24134e+15	5.03e-05	2.51e-02	6.92e-01	2.78e-01	5.27e-03	2.93e-05	0.00e+00	0.00e+00
 9.28402e+15	5.70e-05	2.72e-02	7.01e-01	2.68e-01	4.48e-03	2.19e-05	0.00e+00	0.00e+00
 9.33054e+15	6.52e-05	2.97e-02	7.10e-01	2.57e-01	3.76e-03	1.61e-05	0.00e+00	0.00e+00
 9.37245e+15	7.34e-05	3.22e-02	7.18e-01	2.47e-01	3.21e-03	1.21e-05	0.00e+00	0.00e+00
 9.41114e+15	8.20e-05	3.46e-02	7.24e-01	2.38e-01	2.77e-03	9.32e-06	0.00e+00	0.00e+00
 9.45529e+15	9.32e-05	3.76e-02	7.32e-01	2.28e-01	2.33e-03	6.84e-06	0.00e+00	0.00e+00
 9.50369e+15	1.07e-04	4.11e-02	7.40e-01	2.17e-01	1.93e-03	4.92e-06	0.00e+00	0.00e+00
 9.54723e+15	1.21e-04	4.46e-02	7.46e-01	2.08e-01	1.63e-03	3.66e-06	0.00e+00	0.00e+00
 9.59347e+15	1.39e-04	4.87e-02	7.52e-01	1.97e-01	1.36e-03	2.64e-06	0.00e+00	0.00e+00
 9.64248e+15	1.60e-04	5.35e-02	7.59e-01	1.87e-01	1.12e-03	1.88e-06	0.00e+00	0.00e+00
 9.68472e+15	1.81e-04	5.79e-02	7.63e-01	1.78e-01	9.46e-04	1.40e-06	0.00e+00	0.00e+00
 9.72322e+15	2.03e-04	6.24e-02	7.67e-01	1.69e-01	8.10e-04	1.07e-06	0.00e+00	0.00e+00
 9.76727e+15	2.32e-04	6.79e-02	7.71e-01	1.60e-01	6.74e-04	7.75e-07	0.00e+00	0.00e+00
 9.81550e+15	2.68e-04	7.46e-02	7.74e-01	1.50e-01	5.53e-04	0.00e+00	0.00e+00	0.00e+00
 9.85892e+15	3.07e-04	8.14e-02	7.76e-01	1.41e-01	4.61e-04	0.00e+00	0.00e+00	0.00e+00
 9.89728e+15	3.47e-04	8.80e-02	7.78e-01	1.34e-01	3.92e-04	0.00e+00	0.00e+00	0.00e+00
 9.93932e+15	3.97e-04	9.58e-02	7.78e-01	1.25e-01	3.26e-04	0.00e+00	0.00e+00	0.00e+00
 9.98622e+15	4.62e-04	1.06e-01	7.78e-01	1.16e-01	2.65e-04	0.00e+00	0.00e+00	0.00e+00
 1.00288e+16	5.32e-04	1.16e-01	7.76e-01	1.08e-01	2.19e-04	0.00e+00	0.00e+00	0.00e+00
 1.00657e+16	6.03e-04	1.25e-01	7.73e-01	1.01e-01	1.85e-04	0.00e+00	0.00e+00	0.00e+00
 1.01061e+16	6.93e-04	1.36e-01	7.69e-01	9.35e-02	1.52e-04	0.00e+00	0.00e+00	0.00e+00
 1.01513e+16	8.12e-04	1.51e-01	7.63e-01	8.53e-02	1.22e-04	0.00e+00	0.00e+00	0.00e+00
 1.01928e+16	9.41e-04	1.65e-01	7.56e-01	7.80e-02	9.95e-05	0.00e+00	0.00e+00	0.00e+00
 1.02291e+16	1.08e-03	1.80e-01	7.47e-01	7.18e-02	8.25e-05	0.00e+00	0.00e+00	0.00e+00
 1.02690e+16	1.25e-03	1.97e-01	7.37e-01	6.52e-02	6.66e-05	0.00e+00	0.00e+00	0.00e+00
 1.03137e+16	1.48e-03	2.18e-01	7.22e-01	5.81e-02	5.21e-05	0.00e+00	0.00e+00	0.00e+00
 1.03549e+16	1.74e-03	2.41e-01	7.06e-01	5.17e-02	4.11e-05	0.00e+00	0.00e+00	0.00e+00
 1.03917e+16	2.01e-03	2.63e-01	6.89e-01	4.63e-02	3.29e-05	0.00e+00	0.00e+00	0.00e+00
 1.04325e+16	2.38e-03	2.90e-01	6.67e-01	4.05e-02	2.54e-05	0.00e+00	0.00e+00	0.00e+00
 1.04783e+16	2.87e-03	3.24e-01	6.39e-01	3.44e-02	1.87e-05	0.00e+00	0.00e+00	0.00e+00
 1.05215e+16	3.46e-03	3.60e-01	6.08e-01	2.91e-02	1.37e-05	0.00e+00	0.00e+00	0.00e+00
 1.05603e+16	4.11e-03	3.95e-01	5.76e-01	2.46e-02	1.03e-05	0.00e+00	0.00e+00	0.00e+00
 1.06030e+16	4.96e-03	4.38e-01	5.37e-01	2.01e-02	7.23e-06	0.00e+00	0.00e+00	0.00e+00
 1.06483e+16	6.10e-03	4.87e-01	4.91e-01	1.58e-02	4.85e-06	0.00e+00	0.00e+00	0.00e+00
 1.06863e+16	7.28e-03	5.32e-01	4.48e-01	1.26e-02	3.36e-06	0.00e+00	0.00e+00	0.00e+00
 1.07185e+16	8.47e-03	5.72e-01	4.10e-01	1.01e-02	2.40e-06	0.00e+00	0.00e+00	0.00e+00
 1.07540e+16	1.00e-02	6.17e-01	3.66e-01	7.80e-03	1.61e-06	0.00e+00	0.00e+00	0.00e+00
 1.07894e+16	1.19e-02	6.63e-01	3.20e-01	5.83e-03	1.04e-06	0.00e+00	0.00e+00	0.00e+00
 1.08155e+16	1.35e-02	6.96e-01	2.86e-01	4.60e-03	7.36e-07	0.00e+00	0.00e+00	0.00e+00
 1.08365e+16	1.50e-02	7.23e-01	2.58e-01	3.74e-03	0.00e+00	0.00e+00	0.00e+00	0.00e+00
 1.08600e+16	1.69e-02	7.52e-01	2.28e-01	2.92e-03	0.00e+00	0.00e+00	0.00e+00	0.00e+00
 1.08861e+16	1.93e-02	7.82e-01	1.97e-01	2.17e-03	0.00e+00	0.00e+00	0.00e+00	0.00e+00
 1.09096e+16	2.18e-02	8.08e-01	1.69e-01	1.62e-03	0.00e+00	0.00e+00	0.00e+00	0.00e+00
 1.09296e+16	2.43e-02	8.28e-01	1.47e-01	1.24e-03	0.00e+00	0.00e+00	0.00e+00	0.00e+00
 1.09508e+16	2.72e-02	8.47e-01	1.25e-01	9.16e-04	0.00e+00	0.00e+00	0.00e+00	0.00e+00
 1.09738e+16	3.08e-02	8.65e-01	1.03e-01	6.45e-04	0.00e+00	0.00e+00	0.00e+00	0.00e+00
 1.09938e+16	3.44e-02	8.79e-01	8.62e-02	4.63e-04	0.00e+00	0.00e+00	0.00e+00	0.00e+00
 1.10108e+16	3.79e-02	8.89e-01	7.32e-02	3.44e-04	0.00e+00	0.00e+00	0.00e+00	0.00e+00
 1.10292e+16	4.22e-02	8.97e-01	6.07e-02	2.45e-04	0.00e+00	0.00e+00	0.00e+00	0.00e+00
 1.10496e+16	4.76e-02	9.04e-01	4.86e-02	1.65e-04	0.00e+00	0.00e+00	0.00e+00	0.00e+00
 1.10679e+16	5.33e-02	9.07e-01	3.92e-02	1.12e-04	0.00e+00	0.00e+00	0.00e+00	0.00e+00
 1.10837e+16	5.88e-02	9.09e-01	3.23e-02	7.94e-05	0.00e+00	0.00e+00	0.00e+00	0.00e+00
 1.11009e+16	6.57e-02	9.08e-01	2.58e-02	5.34e-05	0.00e+00	0.00e+00	0.00e+00	0.00e+00
 1.11198e+16	7.42e-02	9.06e-01	1.99e-02	3.39e-05	0.00e+00	0.00e+00	0.00e+00	0.00e+00
 1.11366e+16	8.30e-02	9.01e-01	1.56e-02	2.21e-05	0.00e+00	0.00e+00	0.00e+00	0.00e+00
 1.11507e+16	9.13e-02	8.96e-01	1.26e-02	1.51e-05	0.00e+00	0.00e+00	0.00e+00	0.00e+00
 1.11643e+16	1.00e-01	8.90e-01	1.02e-02	1.04e-05	0.00e+00	0.00e+00	0.00e+00	0.00e+00
 1.11784e+16	1.10e-01	8.82e-01	8.09e-03	6.94e-06	0.00e+00	0.00e+00	0.00e+00	0.00e+00
 1.11914e+16	1.21e-01	8.73e-01	6.49e-03	4.73e-06	0.00e+00	0.00e+00	0.00e+00	0.00e+00
 1.12027e+16	1.30e-01	8.65e-01	5.33e-03	3.35e-06	0.00e+00	0.00e+00	0.00e+00	0.00e+00
 1.12130e+16	1.39e-01	8.56e-01	4.44e-03	2.43e-06	0.00e+00	0.00e+00	0.00e+00	0.00e+00
 1.12227e+16	1.49e-01	8.47e-01	3.71e-03	1.78e-06	0.00e+00	0.00e+00	0.00e+00	0.00e+00
 1.12320e+16	1.58e-01	8.38e-01	3.12e-03	1.31e-06	0.00e+00	0.00e+00	0.00e+00	0.00e+00
 1.12392e+16	1.65e-01	8.32e-01	2.73e-03	1.04e-06	0.00e+00	0.00e+00	0.00e+00	0.00e+00
 1.12439e+16	1.71e-01	8.27e-01	2.50e-03	8.92e-07	0.00e+00	0.00e+00	0.00e+00	0.00e+00
 1.12483e+16	1.76e-01	8.22e-01	2.29e-03	0.00e+00	0.00e+00	0.00e+00	0.00e+00	0.00e+00
 1.12535e+16	1.82e-01	8.16e-01	2.06e-03	0.00e+00	0.00e+00	0.00e+00	0.00e+00	0.00e+00
 1.12591e+16	1.89e-01	8.09e-01	1.84e-03	0.00e+00	0.00e+00	0.00e+00	0.00e+00	0.00e+00
 1.12644e+16	1.96e-01	8.03e-01	1.66e-03	0.00e+00	0.00e+00	0.00e+00	0.00e+00	0.00e+00
 1.12695e+16	2.02e-01	7.96e-01	1.50e-03	0.00e+00	0.00e+00	0.00e+00	0.00e+00	0.00e+00
 1.12746e+16	2.09e-01	7.90e-01	1.35e-03	0.00e+00	0.00e+00	0.00e+00	0.00e+00	0.00e+00
 1.12797e+16	2.15e-01	7.83e-01	1.21e-03	0.00e+00	0.00e+00	0.00e+00	0.00e+00	0.00e+00
 1.12847e+16	2.22e-01	7.77e-01	1.09e-03	0.00e+00	0.00e+00	0.00e+00	0.00e+00	0.00e+00
 1.12897e+16	2.29e-01	7.70e-01	9.80e-04	0.00e+00	0.00e+00	0.00e+00	0.00e+00	0.00e+00
 1.12946e+16	2.37e-01	7.62e-01	8.81e-04	0.00e+00	0.00e+00	0.00e+00	0.00e+00	0.00e+00
 1.12996e+16	2.44e-01	7.55e-01	7.90e-04	0.00e+00	0.00e+00	0.00e+00	0.00e+00	0.00e+00
 1.13045e+16	2.51e-01	7.48e-01	7.11e-04	0.00e+00	0.00e+00	0.00e+00	0.00e+00	0.00e+00
 1.13093e+16	2.59e-01	7.41e-01	6.39e-04	0.00e+00	0.00e+00	0.00e+00	0.00e+00	0.00e+00
 1.13141e+16	2.66e-01	7.33e-01	5.73e-04	0.00e+00	0.00e+00	0.00e+00	0.00e+00	0.00e+00
 1.13189e+16	2.74e-01	7.25e-01	5.15e-04	0.00e+00	0.00e+00	0.00e+00	0.00e+00	0.00e+00
 1.13237e+16	2.83e-01	7.17e-01	4.61e-04	0.00e+00	0.00e+00	0.00e+00	0.00e+00	0.00e+00
 1.13284e+16	2.91e-01	7.09e-01	4.13e-04	0.00e+00	0.00e+00	0.00e+00	0.00e+00	0.00e+00
 1.13331e+16	2.99e-01	7.01e-01	3.71e-04	0.00e+00	0.00e+00	0.00e+00	0.00e+00	0.00e+00
 1.13377e+16	3.08e-01	6.92e-01	3.32e-04	0.00e+00	0.00e+00	0.00e+00	0.00e+00	0.00e+00
 1.13424e+16	3.16e-01	6.84e-01	2.97e-04	0.00e+00	0.00e+00	0.00e+00	0.00e+00	0.00e+00
 1.13470e+16	3.25e-01	6.75e-01	2.66e-04	0.00e+00	0.00e+00	0.00e+00	0.00e+00	0.00e+00
 1.13517e+16	3.34e-01	6.65e-01	2.38e-04	0.00e+00	0.00e+00	0.00e+00	0.00e+00	0.00e+00
 1.13562e+16	3.44e-01	6.56e-01	2.12e-04	0.00e+00	0.00e+00	0.00e+00	0.00e+00	0.00e+00
 1.13608e+16	3.54e-01	6.46e-01	1.90e-04	0.00e+00	0.00e+00	0.00e+00	0.00e+00	0.00e+00
 1.13653e+16	3.64e-01	6.35e-01	1.69e-04	0.00e+00	0.00e+00	0.00e+00	0.00e+00	0.00e+00
 1.13698e+16	3.75e-01	6.24e-01	1.51e-04	0.00e+00	0.00e+00	0.00e+00	0.00e+00	0.00e+00
 1.13742e+16	3.86e-01	6.14e-01	1.35e-04	0.00e+00	0.00e+00	0.00e+00	0.00e+00	0.00e+00
 1.13787e+16	3.97e-01	6.03e-01	1.20e-04	0.00e+00	0.00e+00	0.00e+00	0.00e+00	0.00e+00
 1.13832e+16	4.09e-01	5.91e-01	1.07e-04	0.00e+00	0.00e+00	0.00e+00	0.00e+00	0.00e+00
 1.13875e+16	4.21e-01	5.79e-01	9.53e-05	0.00e+00	0.00e+00	0.00e+00	0.00e+00	0.00e+00
 1.13918e+16	4.33e-01	5.67e-01	8.51e-05	0.00e+00	0.00e+00	0.00e+00	0.00e+00	0.00e+00
 1.13961e+16	4.45e-01	5.55e-01	7.60e-05	0.00e+00	0.00e+00	0.00e+00	0.00e+00	0.00e+00
 1.14003e+16	4.60e-01	5.40e-01	6.76e-05	0.00e+00	0.00e+00	0.00e+00	0.00e+00	0.00e+00
 1.14045e+16	4.72e-01	5.28e-01	6.05e-05	0.00e+00	0.00e+00	0.00e+00	0.00e+00	0.00e+00
 1.14087e+16	4.88e-01	5.12e-01	5.38e-05	0.00e+00	0.00e+00	0.00e+00	0.00e+00	0.00e+00
 1.14129e+16	5.01e-01	4.99e-01	4.80e-05	0.00e+00	0.00e+00	0.00e+00	0.00e+00	0.00e+00
 1.14171e+16	5.17e-01	4.83e-01	4.27e-05	0.00e+00	0.00e+00	0.00e+00	0.00e+00	0.00e+00
 1.14214e+16	5.33e-01	4.67e-01	3.79e-05	0.00e+00	0.00e+00	0.00e+00	0.00e+00	0.00e+00
 1.14256e+16	5.49e-01	4.51e-01	3.37e-05	0.00e+00	0.00e+00	0.00e+00	0.00e+00	0.00e+00
 1.14299e+16	5.66e-01	4.34e-01	2.99e-05	0.00e+00	0.00e+00	0.00e+00	0.00e+00	0.00e+00
 1.14343e+16	5.83e-01	4.17e-01	2.64e-05	0.00e+00	0.00e+00	0.00e+00	0.00e+00	0.00e+00
 1.14388e+16	6.03e-01	3.97e-01	2.32e-05	0.00e+00	0.00e+00	0.00e+00	0.00e+00	0.00e+00
 1.14433e+16	6.22e-01	3.78e-01	2.04e-05	0.00e+00	0.00e+00	0.00e+00	0.00e+00	0.00e+00
 1.14478e+16	6.41e-01	3.59e-01	1.80e-05	0.00e+00	0.00e+00	0.00e+00	0.00e+00	0.00e+00
 1.14526e+16	6.61e-01	3.39e-01	1.58e-05	0.00e+00	0.00e+00	0.00e+00	0.00e+00	0.00e+00
 1.14576e+16	6.81e-01	3.19e-01	1.38e-05	0.00e+00	0.00e+00	0.00e+00	0.00e+00	0.00e+00
 1.14622e+16	6.98e-01	3.02e-01	1.22e-05	0.00e+00	0.00e+00	0.00e+00	0.00e+00	0.00e+00
 1.14663e+16	7.12e-01	2.88e-01	1.10e-05	0.00e+00	0.00e+00	0.00e+00	0.00e+00	0.00e+00
 1.14703e+16	7.27e-01	2.73e-01	9.97e-06	0.00e+00	0.00e+00	0.00e+00	0.00e+00	0.00e+00
 1.14745e+16	7.42e-01	2.58e-01	8.98e-06	0.00e+00	0.00e+00	0.00e+00	0.00e+00	0.00e+00
 1.14788e+16	7.56e-01	2.44e-01	8.09e-06	0.00e+00	0.00e+00	0.00e+00	0.00e+00	0.00e+00
 1.14831e+16	7.69e-01	2.31e-01	7.31e-06	0.00e+00	0.00e+00	0.00e+00	0.00e+00	0.00e+00
 1.14874e+16	7.82e-01	2.18e-01	6.63e-06	0.00e+00	0.00e+00	0.00e+00	0.00e+00	0.00e+00
 1.14918e+16	7.94e-01	2.06e-01	6.02e-06	0.00e+00	0.00e+00	0.00e+00	0.00e+00	0.00e+00
 1.14963e+16	8.06e-01	1.94e-01	5.47e-06	0.00e+00	0.00e+00	0.00e+00	0.00e+00	0.00e+00
 1.15010e+16	8.17e-01	1.83e-01	4.98e-06	0.00e+00	0.00e+00	0.00e+00	0.00e+00	0.00e+00
 1.15059e+16	8.27e-01	1.73e-01	4.54e-06	0.00e+00	0.00e+00	0.00e+00	0.00e+00	0.00e+00
 1.15109e+16	8.38e-01	1.62e-01	4.13e-06	0.00e+00	0.00e+00	0.00e+00	0.00e+00	0.00e+00
 1.15163e+16	8.46e-01	1.54e-01	3.79e-06	0.00e+00	0.00e+00	0.00e+00	0.00e+00	0.00e+00
 1.15220e+16	8.56e-01	1.44e-01	3.45e-06	0.00e+00	0.00e+00	0.00e+00	0.00e+00	0.00e+00
 1.15278e+16	8.64e-01	1.36e-01	3.16e-06	0.00e+00	0.00e+00	0.00e+00	0.00e+00	0.00e+00
 1.15342e+16	8.72e-01	1.28e-01	2.90e-06	0.00e+00	0.00e+00	0.00e+00	0.00e+00	0.00e+00
 1.15410e+16	8.79e-01	1.21e-01	2.66e-06	0.00e+00	0.00e+00	0.00e+00	0.00e+00	0.00e+00
 1.15482e+16	8.86e-01	1.14e-01	2.44e-06	0.00e+00	0.00e+00	0.00e+00	0.00e+00	0.00e+00
 1.15559e+16	8.93e-01	1.07e-01	2.25e-06	0.00e+00	0.00e+00	0.00e+00	0.00e+00	0.00e+00
 1.15643e+16	8.99e-01	1.01e-01	2.07e-06	0.00e+00	0.00e+00	0.00e+00	0.00e+00	0.00e+00
 1.15735e+16	9.04e-01	9.55e-02	1.90e-06	0.00e+00	0.00e+00	0.00e+00	0.00e+00	0.00e+00
 1.15833e+16	9.10e-01	9.00e-02	1.75e-06	0.00e+00	0.00e+00	0.00e+00	0.00e+00	0.00e+00
 1.15939e+16	9.15e-01	8.47e-02	1.61e-06	0.00e+00	0.00e+00	0.00e+00	0.00e+00	0.00e+00
 1.16053e+16	9.20e-01	7.97e-02	1.48e-06	0.00e+00	0.00e+00	0.00e+00	0.00e+00	0.00e+00
 1.16174e+16	9.25e-01	7.50e-02	1.36e-06	0.00e+00	0.00e+00	0.00e+00	0.00e+00	0.00e+00
 1.16301e+16	9.30e-01	7.05e-02	1.25e-06	0.00e+00	0.00e+00	0.00e+00	0.00e+00	0.00e+00
 1.16433e+16	9.34e-01	6.62e-02	1.15e-06	0.00e+00	0.00e+00	0.00e+00	0.00e+00	0.00e+00
 1.16570e+16	9.38e-01	6.22e-02	1.05e-06	0.00e+00	0.00e+00	0.00e+00	0.00e+00	0.00e+00
 1.16709e+16	9.42e-01	5.84e-02	9.65e-07	0.00e+00	0.00e+00	0.00e+00	0.00e+00	0.00e+00
 1.16851e+16	9.45e-01	5.48e-02	8.85e-07	0.00e+00	0.00e+00	0.00e+00	0.00e+00	0.00e+00
 1.16993e+16	9.49e-01	5.14e-02	8.11e-07	0.00e+00	0.00e+00	0.00e+00	0.00e+00	0.00e+00
 1.17137e+16	9.52e-01	4.83e-02	7.45e-07	0.00e+00	0.00e+00	0.00e+00	0.00e+00	0.00e+00
 1.17282e+16	9.55e-01	4.54e-02	6.83e-07	0.00e+00	0.00e+00	0.00e+00	0.00e+00	0.00e+00
 1.17427e+16	9.57e-01	4.26e-02	6.27e-07	0.00e+00	0.00e+00	0.00e+00	0.00e+00	0.00e+00
 1.17574e+16	9.60e-01	4.00e-02	5.75e-07	0.00e+00	0.00e+00	0.00e+00	0.00e+00	0.00e+00
 1.17722e+16	9.62e-01	3.75e-02	5.28e-07	0.00e+00	0.00e+00	0.00e+00	0.00e+00	0.00e+00
 1.17873e+16	9.65e-01	3.52e-02	4.84e-07	0.00e+00	0.00e+00	0.00e+00	0.00e+00	0.00e+00
 1.18029e+16	9.67e-01	3.29e-02	4.42e-07	0.00e+00	0.00e+00	0.00e+00	0.00e+00	0.00e+00
 1.18191e+16	9.69e-01	3.08e-02	4.03e-07	0.00e+00	0.00e+00	0.00e+00	0.00e+00	0.00e+00
 1.18358e+16	9.71e-01	2.88e-02	3.67e-07	0.00e+00	0.00e+00	0.00e+00	0.00e+00	0.00e+00
 1.18531e+16	9.73e-01	2.68e-02	3.34e-07	0.00e+00	0.00e+00	0.00e+00	0.00e+00	0.00e+00
 1.18712e+16	9.75e-01	2.50e-02	3.02e-07	0.00e+00	0.00e+00	0.00e+00	0.00e+00	0.00e+00
