#depth	C	C+	C+2	C+3	C+4	C+5	C+6	C[1]	C[2]	C[3]	C+[1]	C+[2]	CO
 1.49634e+10	0.00e+00	0.00e+00	4.47e-27	9.75e-17	1.12e-05	1.20e-01	8.80e-01	0.00e+00	0.00e+00	0.00e+00	0.00e+00	0.00e+00	0.00e+00
 4.54887e+10	0.00e+00	6.89e-38	6.07e-27	1.22e-16	1.29e-05	1.28e-01	8.72e-01	0.00e+00	0.00e+00	0.00e+00	0.00e+00	0.00e+00	0.00e+00
 7.72350e+10	0.00e+00	0.00e+00	8.24e-27	1.53e-16	1.50e-05	1.37e-01	8.63e-01	0.00e+00	0.00e+00	0.00e+00	0.00e+00	0.00e+00	0.00e+00
 1.10251e+11	0.00e+00	1.49e-37	1.12e-26	1.92e-16	1.74e-05	1.47e-01	8.53e-01	0.00e+00	0.00e+00	0.00e+00	0.00e+00	0.00e+00	0.00e+00
 1.44588e+11	0.00e+00	0.00e+00	1.51e-26	2.41e-16	2.01e-05	1.57e-01	8.43e-01	0.00e+00	0.00e+00	0.00e+00	0.00e+00	0.00e+00	0.00e+00
 1.80298e+11	0.00e+00	3.19e-37	2.05e-26	3.02e-16	2.33e-05	1.68e-01	8.32e-01	0.00e+00	0.00e+00	0.00e+00	0.00e+00	0.00e+00	0.00e+00
 2.17437e+11	0.00e+00	0.00e+00	2.77e-26	3.78e-16	2.69e-05	1.79e-01	8.21e-01	0.00e+00	0.00e+00	0.00e+00	0.00e+00	0.00e+00	0.00e+00
 2.56061e+11	0.00e+00	6.83e-37	3.75e-26	4.72e-16	3.11e-05	1.91e-01	8.09e-01	0.00e+00	0.00e+00	0.00e+00	0.00e+00	0.00e+00	0.00e+00
 2.96231e+11	0.00e+00	0.00e+00	5.07e-26	5.89e-16	3.59e-05	2.04e-01	7.96e-01	0.00e+00	0.00e+00	0.00e+00	0.00e+00	0.00e+00	0.00e+00
 3.38007e+11	0.00e+00	1.46e-36	6.84e-26	7.35e-16	4.14e-05	2.17e-01	7.83e-01	0.00e+00	0.00e+00	0.00e+00	0.00e+00	0.00e+00	0.00e+00
 3.81454e+11	6.21e-48	2.12e-36	9.21e-26	9.15e-16	4.77e-05	2.31e-01	7.69e-01	0.00e+00	0.00e+00	0.00e+00	0.00e+00	0.00e+00	0.00e+00
 4.21921e+11	0.00e+00	0.00e+00	1.20e-25	1.11e-15	5.40e-05	2.44e-01	7.56e-01	0.00e+00	0.00e+00	0.00e+00	0.00e+00	0.00e+00	0.00e+00
 4.57457e+11	0.00e+00	3.96e-36	1.51e-25	1.32e-15	6.01e-05	2.55e-01	7.45e-01	0.00e+00	0.00e+00	0.00e+00	0.00e+00	0.00e+00	0.00e+00
 4.97058e+11	1.92e-47	5.40e-36	1.93e-25	1.57e-15	6.74e-05	2.68e-01	7.32e-01	0.00e+00	0.00e+00	0.00e+00	0.00e+00	0.00e+00	0.00e+00
 5.44793e+11	0.00e+00	0.00e+00	2.56e-25	1.94e-15	7.69e-05	2.83e-01	7.17e-01	0.00e+00	0.00e+00	0.00e+00	0.00e+00	0.00e+00	0.00e+00
 5.92862e+11	0.00e+00	1.09e-35	3.36e-25	2.36e-15	8.72e-05	2.98e-01	7.02e-01	0.00e+00	0.00e+00	0.00e+00	0.00e+00	0.00e+00	0.00e+00
 6.36861e+11	6.52e-47	1.48e-35	4.27e-25	2.82e-15	9.75e-05	3.12e-01	6.88e-01	0.00e+00	0.00e+00	0.00e+00	0.00e+00	0.00e+00	0.00e+00
 6.85812e+11	0.00e+00	0.00e+00	5.53e-25	3.40e-15	1.10e-04	3.27e-01	6.73e-01	0.00e+00	0.00e+00	0.00e+00	0.00e+00	0.00e+00	0.00e+00
 7.42712e+11	0.00e+00	2.97e-35	7.38e-25	4.20e-15	1.25e-04	3.45e-01	6.55e-01	0.00e+00	0.00e+00	0.00e+00	0.00e+00	0.00e+00	3.50e-169
 7.98436e+11	2.30e-46	4.19e-35	9.67e-25	5.11e-15	1.42e-04	3.61e-01	6.38e-01	0.00e+00	0.00e+00	0.00e+00	0.00e+00	0.00e+00	1.72e-233
 8.50940e+11	0.00e+00	0.00e+00	1.24e-24	6.11e-15	1.58e-04	3.77e-01	6.23e-01	0.00e+00	0.00e+00	0.00e+00	0.00e+00	0.00e+00	5.63e-298
 9.09457e+11	0.00e+00	8.01e-35	1.61e-24	7.40e-15	1.78e-04	3.94e-01	6.06e-01	0.00e+00	0.00e+00	0.00e+00	0.00e+00	0.00e+00	1.20e-167
 9.75762e+11	7.88e-46	1.15e-34	2.14e-24	9.09e-15	2.02e-04	4.13e-01	5.86e-01	0.00e+00	0.00e+00	0.00e+00	0.00e+00	0.00e+00	1.60e-232
 1.04204e+12	0.00e+00	1.64e-34	2.81e-24	1.11e-14	2.29e-04	4.32e-01	5.68e-01	0.00e+00	0.00e+00	0.00e+00	0.00e+00	0.00e+00	1.37e-297
 1.11097e+12	1.85e-45	2.32e-34	3.70e-24	1.35e-14	2.58e-04	4.51e-01	5.49e-01	0.00e+00	0.00e+00	0.00e+00	0.00e+00	0.00e+00	3.46e-144
 1.18534e+12	0.00e+00	3.33e-34	4.90e-24	1.65e-14	2.92e-04	4.70e-01	5.29e-01	0.00e+00	0.00e+00	0.00e+00	0.00e+00	0.00e+00	1.14e-209
 1.26268e+12	4.45e-45	4.77e-34	6.49e-24	2.02e-14	3.30e-04	4.90e-01	5.10e-01	0.00e+00	0.00e+00	0.00e+00	0.00e+00	0.00e+00	2.41e-275
 1.34311e+12	0.00e+00	6.83e-34	8.59e-24	2.47e-14	3.72e-04	5.10e-01	4.90e-01	0.00e+00	0.00e+00	0.00e+00	0.00e+00	0.00e+00	2.75e-164
 1.42677e+12	1.07e-44	9.77e-34	1.13e-23	3.01e-14	4.20e-04	5.30e-01	4.70e-01	0.00e+00	0.00e+00	0.00e+00	0.00e+00	0.00e+00	2.15e-230
 1.51376e+12	0.00e+00	1.39e-33	1.50e-23	3.67e-14	4.72e-04	5.49e-01	4.50e-01	0.00e+00	0.00e+00	0.00e+00	0.00e+00	0.00e+00	3.71e-163
 1.60424e+12	2.55e-44	1.99e-33	1.97e-23	4.47e-14	5.31e-04	5.69e-01	4.31e-01	0.00e+00	0.00e+00	0.00e+00	0.00e+00	0.00e+00	1.10e-229
 1.69834e+12	0.00e+00	2.84e-33	2.60e-23	5.43e-14	5.96e-04	5.88e-01	4.11e-01	0.00e+00	0.00e+00	0.00e+00	0.00e+00	0.00e+00	5.01e-162
 1.79620e+12	6.06e-44	4.04e-33	3.41e-23	6.60e-14	6.69e-04	6.07e-01	3.92e-01	0.00e+00	0.00e+00	0.00e+00	0.00e+00	0.00e+00	5.59e-229
 1.89797e+12	0.00e+00	5.74e-33	4.49e-23	8.00e-14	7.49e-04	6.26e-01	3.73e-01	0.00e+00	0.00e+00	0.00e+00	0.00e+00	0.00e+00	6.75e-161
 2.00382e+12	1.44e-43	8.16e-33	5.89e-23	9.70e-14	8.38e-04	6.45e-01	3.55e-01	0.00e+00	0.00e+00	0.00e+00	0.00e+00	0.00e+00	2.79e-228
 2.11390e+12	0.00e+00	1.16e-32	7.72e-23	1.17e-13	9.36e-04	6.62e-01	3.37e-01	0.00e+00	0.00e+00	0.00e+00	0.00e+00	0.00e+00	9.07e-160
 2.22156e+12	3.31e-43	1.61e-32	9.95e-23	1.40e-13	1.04e-03	6.79e-01	3.20e-01	0.00e+00	0.00e+00	0.00e+00	0.00e+00	0.00e+00	1.39e-227
 2.32103e+12	0.00e+00	2.16e-32	1.25e-22	1.64e-13	1.14e-03	6.93e-01	3.06e-01	0.00e+00	0.00e+00	0.00e+00	0.00e+00	0.00e+00	9.17e-159
 2.43125e+12	6.97e-43	2.96e-32	1.59e-22	1.95e-13	1.25e-03	7.08e-01	2.90e-01	0.00e+00	0.00e+00	0.00e+00	0.00e+00	0.00e+00	5.59e-227
 2.55838e+12	0.00e+00	4.19e-32	2.08e-22	2.35e-13	1.40e-03	7.24e-01	2.74e-01	0.00e+00	0.00e+00	0.00e+00	0.00e+00	0.00e+00	1.08e-157
 2.68330e+12	1.60e-42	5.81e-32	2.67e-22	2.81e-13	1.54e-03	7.39e-01	2.59e-01	0.00e+00	0.00e+00	0.00e+00	0.00e+00	0.00e+00	2.41e-226
 2.81321e+12	0.00e+00	8.08e-32	3.44e-22	3.35e-13	1.71e-03	7.53e-01	2.45e-01	0.00e+00	0.00e+00	0.00e+00	0.00e+00	0.00e+00	1.27e-156
 2.95567e+12	3.69e-42	1.14e-31	4.50e-22	4.03e-13	1.90e-03	7.68e-01	2.30e-01	0.00e+00	0.00e+00	0.00e+00	0.00e+00	0.00e+00	9.08e-226
 3.10008e+12	0.00e+00	1.60e-31	5.83e-22	4.83e-13	2.10e-03	7.81e-01	2.17e-01	0.00e+00	0.00e+00	0.00e+00	0.00e+00	0.00e+00	1.66e-155
 3.25027e+12	8.49e-42	2.25e-31	7.56e-22	5.78e-13	2.32e-03	7.94e-01	2.03e-01	0.00e+00	0.00e+00	0.00e+00	0.00e+00	0.00e+00	3.67e-225
 3.41021e+12	0.00e+00	3.18e-31	9.86e-22	6.95e-13	2.57e-03	8.07e-01	1.91e-01	0.00e+00	0.00e+00	0.00e+00	0.00e+00	0.00e+00	2.17e-154
 3.57655e+12	2.00e-41	4.49e-31	1.29e-21	8.36e-13	2.85e-03	8.19e-01	1.78e-01	0.00e+00	0.00e+00	0.00e+00	0.00e+00	0.00e+00	2.52e-225
 3.74954e+12	0.00e+00	6.36e-31	1.68e-21	1.00e-12	3.16e-03	8.30e-01	1.67e-01	0.00e+00	0.00e+00	0.00e+00	0.00e+00	0.00e+00	2.95e-153
 3.92944e+12	4.70e-41	8.99e-31	2.19e-21	1.21e-12	3.49e-03	8.41e-01	1.56e-01	0.00e+00	0.00e+00	0.00e+00	0.00e+00	0.00e+00	0.00e+00
 4.11655e+12	0.00e+00	1.27e-30	2.85e-21	1.45e-12	3.87e-03	8.51e-01	1.45e-01	0.00e+00	0.00e+00	0.00e+00	0.00e+00	0.00e+00	4.03e-152
 4.31114e+12	1.11e-40	1.80e-30	3.72e-21	1.74e-12	4.28e-03	8.60e-01	1.35e-01	0.00e+00	0.00e+00	0.00e+00	0.00e+00	0.00e+00	0.00e+00
 4.51351e+12	0.00e+00	2.55e-30	4.85e-21	2.09e-12	4.73e-03	8.69e-01	1.26e-01	0.00e+00	0.00e+00	0.00e+00	0.00e+00	0.00e+00	5.54e-151
 4.70393e+12	2.51e-40	3.49e-30	6.18e-21	2.47e-12	5.18e-03	8.77e-01	1.18e-01	0.00e+00	0.00e+00	0.00e+00	0.00e+00	0.00e+00	0.00e+00
 4.87439e+12	0.00e+00	4.59e-30	7.61e-21	2.85e-12	5.61e-03	8.83e-01	1.11e-01	0.00e+00	0.00e+00	0.00e+00	0.00e+00	0.00e+00	5.09e-150
 5.06578e+12	5.10e-40	6.19e-30	9.56e-21	3.34e-12	6.11e-03	8.90e-01	1.04e-01	0.00e+00	0.00e+00	0.00e+00	0.00e+00	0.00e+00	0.00e+00
 5.29240e+12	0.00e+00	8.72e-30	1.24e-20	3.99e-12	6.73e-03	8.96e-01	9.70e-02	0.00e+00	0.00e+00	0.00e+00	0.00e+00	0.00e+00	5.68e-149
 5.51905e+12	1.17e-39	1.21e-29	1.60e-20	4.75e-12	7.40e-03	9.02e-01	9.03e-02	0.00e+00	0.00e+00	0.00e+00	0.00e+00	0.00e+00	0.00e+00
 5.73200e+12	0.00e+00	1.63e-29	2.00e-20	5.55e-12	8.05e-03	9.07e-01	8.46e-02	0.00e+00	0.00e+00	0.00e+00	0.00e+00	0.00e+00	6.02e-148
 5.96845e+12	2.52e-39	2.25e-29	2.56e-20	6.57e-12	8.82e-03	9.12e-01	7.88e-02	0.00e+00	0.00e+00	0.00e+00	0.00e+00	0.00e+00	0.00e+00
 6.23711e+12	0.00e+00	3.20e-29	3.35e-20	7.90e-12	9.74e-03	9.17e-01	7.28e-02	0.00e+00	0.00e+00	0.00e+00	0.00e+00	0.00e+00	7.60e-147
 6.50492e+12	5.93e-39	4.50e-29	4.35e-20	9.44e-12	1.07e-02	9.22e-01	6.75e-02	0.00e+00	0.00e+00	0.00e+00	0.00e+00	0.00e+00	0.00e+00
 6.78344e+12	0.00e+00	6.32e-29	5.64e-20	1.13e-11	1.18e-02	9.26e-01	6.25e-02	0.00e+00	0.00e+00	0.00e+00	0.00e+00	0.00e+00	9.75e-146
 7.08471e+12	1.40e-38	9.03e-29	7.40e-20	1.36e-11	1.30e-02	9.29e-01	5.76e-02	0.00e+00	0.00e+00	0.00e+00	0.00e+00	0.00e+00	5.92e-218
 7.39802e+12	0.00e+00	1.29e-28	9.71e-20	1.63e-11	1.44e-02	9.33e-01	5.31e-02	0.00e+00	0.00e+00	0.00e+00	0.00e+00	0.00e+00	1.41e-144
 7.69346e+12	3.25e-38	1.78e-28	1.24e-19	1.94e-11	1.57e-02	9.35e-01	4.92e-02	0.00e+00	0.00e+00	0.00e+00	0.00e+00	0.00e+00	0.00e+00
 7.95912e+12	0.00e+00	2.36e-28	1.54e-19	2.24e-11	1.70e-02	9.37e-01	4.61e-02	0.00e+00	0.00e+00	0.00e+00	0.00e+00	0.00e+00	1.36e-143
 8.25802e+12	6.77e-38	3.22e-28	1.95e-19	2.63e-11	1.85e-02	9.39e-01	4.28e-02	0.00e+00	0.00e+00	0.00e+00	0.00e+00	0.00e+00	5.10e-217
 8.61046e+12	0.00e+00	4.57e-28	2.55e-19	3.16e-11	2.04e-02	9.40e-01	3.94e-02	0.00e+00	0.00e+00	0.00e+00	0.00e+00	0.00e+00	1.60e-142
 8.96168e+12	1.59e-37	6.42e-28	3.31e-19	3.78e-11	2.24e-02	9.41e-01	3.64e-02	0.00e+00	0.00e+00	0.00e+00	0.00e+00	0.00e+00	0.00e+00
 9.29162e+12	0.00e+00	8.73e-28	4.19e-19	4.43e-11	2.44e-02	9.42e-01	3.38e-02	0.00e+00	0.00e+00	0.00e+00	0.00e+00	0.00e+00	1.79e-141
 9.65787e+12	3.49e-37	1.21e-27	5.37e-19	5.25e-11	2.67e-02	9.42e-01	3.12e-02	0.00e+00	0.00e+00	0.00e+00	0.00e+00	0.00e+00	0.00e+00
 1.00741e+13	0.00e+00	1.75e-27	7.11e-19	6.35e-11	2.95e-02	9.42e-01	2.85e-02	0.00e+00	0.00e+00	0.00e+00	0.00e+00	0.00e+00	2.36e-140
 1.04839e+13	8.39e-37	2.46e-27	9.23e-19	7.59e-11	3.23e-02	9.41e-01	2.62e-02	0.00e+00	0.00e+00	0.00e+00	0.00e+00	0.00e+00	0.00e+00
 1.09101e+13	0.00e+00	3.47e-27	1.20e-18	9.07e-11	3.55e-02	9.40e-01	2.41e-02	0.00e+00	0.00e+00	0.00e+00	0.00e+00	0.00e+00	3.04e-139
 1.13764e+13	2.03e-36	5.02e-27	1.59e-18	1.10e-10	3.92e-02	9.39e-01	2.20e-02	0.00e+00	0.00e+00	0.00e+00	0.00e+00	0.00e+00	0.00e+00
 1.18450e+13	0.00e+00	7.13e-27	2.08e-18	1.32e-10	4.30e-02	9.37e-01	2.01e-02	0.00e+00	0.00e+00	0.00e+00	0.00e+00	0.00e+00	4.36e-138
 1.23324e+13	4.87e-36	1.02e-26	2.74e-18	1.59e-10	4.73e-02	9.34e-01	1.83e-02	0.00e+00	0.00e+00	0.00e+00	0.00e+00	0.00e+00	0.00e+00
 1.28383e+13	0.00e+00	1.45e-26	3.59e-18	1.91e-10	5.19e-02	9.31e-01	1.67e-02	0.00e+00	0.00e+00	0.00e+00	0.00e+00	0.00e+00	6.07e-137
 1.33356e+13	1.15e-35	2.04e-26	4.65e-18	2.27e-10	5.67e-02	9.28e-01	1.53e-02	0.00e+00	0.00e+00	0.00e+00	0.00e+00	0.00e+00	0.00e+00
 1.38700e+13	0.00e+00	2.89e-26	6.07e-18	2.72e-10	6.21e-02	9.24e-01	1.40e-02	0.00e+00	0.00e+00	0.00e+00	0.00e+00	0.00e+00	7.61e-136
 1.44548e+13	2.78e-35	4.17e-26	8.05e-18	3.29e-10	6.84e-02	9.19e-01	1.27e-02	0.00e+00	0.00e+00	0.00e+00	0.00e+00	0.00e+00	0.00e+00
 1.50629e+13	0.00e+00	6.02e-26	1.07e-17	3.98e-10	7.52e-02	9.13e-01	1.15e-02	0.00e+00	0.00e+00	0.00e+00	0.00e+00	0.00e+00	1.14e-134
 1.56953e+13	6.88e-35	8.68e-26	1.41e-17	4.81e-10	8.26e-02	9.07e-01	1.04e-02	0.00e+00	0.00e+00	0.00e+00	0.00e+00	0.00e+00	0.00e+00
 1.63531e+13	1.08e-34	1.25e-25	1.87e-17	5.82e-10	9.07e-02	9.00e-01	9.38e-03	0.00e+00	0.00e+00	0.00e+00	0.00e+00	0.00e+00	1.47e-115
 1.69480e+13	1.61e-34	1.72e-25	2.39e-17	6.87e-10	9.84e-02	8.93e-01	8.58e-03	0.00e+00	0.00e+00	0.00e+00	0.00e+00	0.00e+00	7.13e-98
 1.74438e+13	2.20e-34	2.23e-25	2.92e-17	7.84e-10	1.05e-01	8.87e-01	7.97e-03	0.00e+00	0.00e+00	0.00e+00	0.00e+00	0.00e+00	0.00e+00
 1.79869e+13	3.09e-34	2.93e-25	3.60e-17	9.03e-10	1.12e-01	8.80e-01	7.37e-03	0.00e+00	0.00e+00	0.00e+00	0.00e+00	0.00e+00	2.34e-114
 1.86748e+13	4.66e-34	4.09e-25	4.65e-17	1.07e-09	1.22e-01	8.71e-01	6.69e-03	0.00e+00	0.00e+00	0.00e+00	0.00e+00	0.00e+00	7.70e-97
 1.93920e+13	7.04e-34	5.71e-25	6.02e-17	1.28e-09	1.33e-01	8.61e-01	6.05e-03	0.00e+00	0.00e+00	0.00e+00	0.00e+00	0.00e+00	8.43e-286
 2.00274e+13	9.99e-34	7.59e-25	7.50e-17	1.48e-09	1.42e-01	8.52e-01	5.55e-03	0.00e+00	0.00e+00	0.00e+00	0.00e+00	0.00e+00	5.27e-113
 2.06216e+13	1.37e-33	9.81e-25	9.14e-17	1.69e-09	1.51e-01	8.44e-01	5.13e-03	0.00e+00	0.00e+00	0.00e+00	0.00e+00	0.00e+00	8.57e-96
 2.13006e+13	1.95e-33	1.30e-24	1.14e-16	1.95e-09	1.62e-01	8.33e-01	4.70e-03	0.00e+00	0.00e+00	0.00e+00	0.00e+00	0.00e+00	2.38e-280
 2.21331e+13	2.94e-33	1.82e-24	1.47e-16	2.32e-09	1.75e-01	8.20e-01	4.23e-03	0.00e+00	0.00e+00	0.00e+00	0.00e+00	0.00e+00	9.30e-112
 2.29614e+13	4.35e-33	2.50e-24	1.88e-16	2.74e-09	1.89e-01	8.07e-01	3.81e-03	0.00e+00	0.00e+00	0.00e+00	0.00e+00	0.00e+00	1.12e-94
 2.36832e+13	6.03e-33	3.26e-24	2.31e-16	3.14e-09	2.01e-01	7.95e-01	3.49e-03	0.00e+00	0.00e+00	0.00e+00	0.00e+00	0.00e+00	6.38e-111
 2.44701e+13	8.50e-33	4.31e-24	2.87e-16	3.62e-09	2.14e-01	7.83e-01	3.18e-03	0.00e+00	0.00e+00	0.00e+00	0.00e+00	0.00e+00	5.02e-94
 2.54281e+13	1.27e-32	5.96e-24	3.68e-16	4.28e-09	2.31e-01	7.66e-01	2.85e-03	0.00e+00	0.00e+00	0.00e+00	0.00e+00	0.00e+00	4.73e-110
 2.64054e+13	1.87e-32	8.18e-24	4.70e-16	5.03e-09	2.48e-01	7.50e-01	2.55e-03	0.00e+00	0.00e+00	0.00e+00	0.00e+00	0.00e+00	2.96e-93
 2.73061e+13	2.64e-32	1.08e-23	5.83e-16	5.79e-09	2.63e-01	7.34e-01	2.31e-03	0.00e+00	0.00e+00	0.00e+00	0.00e+00	0.00e+00	3.46e-109
 2.83107e+13	3.81e-32	1.45e-23	7.32e-16	6.73e-09	2.81e-01	7.17e-01	2.07e-03	0.00e+00	0.00e+00	0.00e+00	0.00e+00	0.00e+00	1.46e-92
 2.94711e+13	5.70e-32	2.02e-23	9.43e-16	7.95e-09	3.01e-01	6.97e-01	1.84e-03	0.00e+00	0.00e+00	0.00e+00	0.00e+00	0.00e+00	2.84e-108
 3.06112e+13	8.32e-32	2.74e-23	1.19e-15	9.27e-09	3.20e-01	6.78e-01	1.63e-03	0.00e+00	0.00e+00	0.00e+00	0.00e+00	0.00e+00	8.60e-92
 3.17052e+13	1.17e-31	3.62e-23	1.48e-15	1.07e-08	3.39e-01	6.60e-01	1.47e-03	0.00e+00	0.00e+00	0.00e+00	0.00e+00	0.00e+00	2.09e-107
 3.29116e+13	1.69e-31	4.85e-23	1.85e-15	1.23e-08	3.59e-01	6.40e-01	1.30e-03	0.00e+00	0.00e+00	0.00e+00	0.00e+00	0.00e+00	4.35e-91
 3.42580e+13	2.49e-31	6.63e-23	2.35e-15	1.44e-08	3.81e-01	6.17e-01	1.15e-03	0.00e+00	0.00e+00	0.00e+00	0.00e+00	0.00e+00	1.70e-106
 3.54835e+13	3.48e-31	8.68e-23	2.89e-15	1.64e-08	4.01e-01	5.98e-01	1.02e-03	0.00e+00	0.00e+00	0.00e+00	0.00e+00	0.00e+00	2.30e-90
 3.65174e+13	4.57e-31	1.08e-22	3.41e-15	1.83e-08	4.18e-01	5.82e-01	9.34e-04	0.00e+00	0.00e+00	0.00e+00	0.00e+00	0.00e+00	9.41e-106
 3.76555e+13	6.09e-31	1.36e-22	4.07e-15	2.05e-08	4.35e-01	5.64e-01	8.45e-04	0.00e+00	0.00e+00	0.00e+00	0.00e+00	0.00e+00	8.46e-90
 3.89401e+13	8.32e-31	1.75e-22	4.93e-15	2.31e-08	4.54e-01	5.45e-01	7.56e-04	0.00e+00	0.00e+00	0.00e+00	0.00e+00	0.00e+00	5.20e-105
 4.01702e+13	1.11e-30	2.20e-22	5.87e-15	2.58e-08	4.72e-01	5.27e-01	6.81e-04	0.00e+00	0.00e+00	0.00e+00	0.00e+00	0.00e+00	3.45e-89
 4.15240e+13	1.50e-30	2.81e-22	7.06e-15	2.90e-08	4.91e-01	5.08e-01	6.09e-04	0.00e+00	0.00e+00	0.00e+00	0.00e+00	0.00e+00	2.84e-104
 4.30283e+13	2.08e-30	3.64e-22	8.59e-15	3.28e-08	5.12e-01	4.87e-01	5.40e-04	0.00e+00	0.00e+00	0.00e+00	0.00e+00	0.00e+00	1.52e-88
 4.44385e+13	2.78e-30	4.59e-22	1.02e-14	3.66e-08	5.31e-01	4.69e-01	4.83e-04	0.00e+00	0.00e+00	0.00e+00	0.00e+00	0.00e+00	1.69e-103
 4.59821e+13	3.77e-30	5.86e-22	1.23e-14	4.10e-08	5.50e-01	4.50e-01	4.29e-04	0.00e+00	0.00e+00	0.00e+00	0.00e+00	0.00e+00	6.31e-88
 4.77184e+13	5.24e-30	7.62e-22	1.50e-14	4.63e-08	5.71e-01	4.29e-01	3.77e-04	0.00e+00	0.00e+00	0.00e+00	0.00e+00	0.00e+00	1.08e-102
 4.93773e+13	7.07e-30	9.68e-22	1.79e-14	5.16e-08	5.90e-01	4.10e-01	3.34e-04	0.00e+00	0.00e+00	0.00e+00	0.00e+00	0.00e+00	2.88e-87
 5.09113e+13	9.24e-30	1.20e-21	2.10e-14	5.69e-08	6.06e-01	3.94e-01	2.99e-04	0.00e+00	0.00e+00	0.00e+00	0.00e+00	0.00e+00	5.83e-102
 5.26108e+13	1.23e-29	1.50e-21	2.48e-14	6.30e-08	6.24e-01	3.76e-01	2.66e-04	0.00e+00	0.00e+00	0.00e+00	0.00e+00	0.00e+00	1.11e-86
 5.45167e+13	1.67e-29	1.92e-21	2.97e-14	7.03e-08	6.42e-01	3.58e-01	2.34e-04	0.00e+00	0.00e+00	0.00e+00	0.00e+00	0.00e+00	3.42e-101
 5.63173e+13	2.21e-29	2.39e-21	3.50e-14	7.75e-08	6.59e-01	3.41e-01	2.08e-04	0.00e+00	0.00e+00	0.00e+00	0.00e+00	0.00e+00	4.64e-86
 5.82847e+13	2.96e-29	3.01e-21	4.16e-14	8.58e-08	6.76e-01	3.24e-01	1.83e-04	0.00e+00	0.00e+00	0.00e+00	0.00e+00	0.00e+00	1.92e-100
 6.04631e+13	4.04e-29	3.85e-21	4.98e-14	9.55e-08	6.93e-01	3.07e-01	1.60e-04	0.00e+00	0.00e+00	0.00e+00	0.00e+00	0.00e+00	2.08e-85
 6.24868e+13	5.33e-29	4.78e-21	5.85e-14	1.05e-07	7.09e-01	2.91e-01	1.41e-04	0.00e+00	0.00e+00	0.00e+00	0.00e+00	0.00e+00	1.15e-99
 6.46885e+13	7.13e-29	6.01e-21	6.91e-14	1.16e-07	7.24e-01	2.76e-01	1.24e-04	0.00e+00	0.00e+00	0.00e+00	0.00e+00	0.00e+00	8.58e-85
 6.71503e+13	9.74e-29	7.68e-21	8.26e-14	1.29e-07	7.40e-01	2.60e-01	1.08e-04	0.00e+00	0.00e+00	0.00e+00	0.00e+00	0.00e+00	7.24e-99
 6.94725e+13	1.29e-28	9.57e-21	9.70e-14	1.41e-07	7.54e-01	2.46e-01	9.47e-05	0.00e+00	0.00e+00	0.00e+00	0.00e+00	0.00e+00	3.82e-84
 7.20039e+13	1.74e-28	1.21e-20	1.15e-13	1.56e-07	7.68e-01	2.32e-01	8.26e-05	0.00e+00	0.00e+00	0.00e+00	0.00e+00	0.00e+00	4.31e-98
 7.48275e+13	2.38e-28	1.55e-20	1.37e-13	1.72e-07	7.83e-01	2.17e-01	7.12e-05	0.00e+00	0.00e+00	0.00e+00	0.00e+00	0.00e+00	1.81e-83
 7.75033e+13	3.17e-28	1.93e-20	1.61e-13	1.89e-07	7.96e-01	2.04e-01	6.22e-05	0.00e+00	0.00e+00	0.00e+00	0.00e+00	0.00e+00	2.82e-97
 8.03726e+13	4.27e-28	2.44e-20	1.91e-13	2.08e-07	8.08e-01	1.92e-01	5.40e-05	0.00e+00	0.00e+00	0.00e+00	0.00e+00	0.00e+00	8.07e-83
 8.36174e+13	5.89e-28	3.13e-20	2.28e-13	2.30e-07	8.21e-01	1.79e-01	4.63e-05	0.00e+00	0.00e+00	0.00e+00	0.00e+00	0.00e+00	1.95e-96
 8.68214e+13	7.99e-28	3.96e-20	2.70e-13	2.53e-07	8.33e-01	1.67e-01	3.99e-05	0.00e+00	0.00e+00	0.00e+00	0.00e+00	0.00e+00	4.06e-82
 9.01535e+13	1.08e-27	5.02e-20	3.20e-13	2.78e-07	8.43e-01	1.56e-01	3.45e-05	0.00e+00	0.00e+00	0.00e+00	0.00e+00	0.00e+00	1.33e-95
 9.37896e+13	1.49e-27	6.42e-20	3.81e-13	3.06e-07	8.54e-01	1.46e-01	2.95e-05	0.00e+00	0.00e+00	0.00e+00	0.00e+00	0.00e+00	2.04e-81
 9.75711e+13	2.05e-27	8.21e-20	4.54e-13	3.37e-07	8.65e-01	1.35e-01	2.52e-05	0.00e+00	0.00e+00	0.00e+00	0.00e+00	0.00e+00	9.93e-95
 1.01504e+14	2.81e-27	1.05e-19	5.39e-13	3.71e-07	8.74e-01	1.26e-01	2.16e-05	0.00e+00	0.00e+00	0.00e+00	0.00e+00	0.00e+00	1.08e-80
 1.05358e+14	3.79e-27	1.32e-19	6.34e-13	4.05e-07	8.82e-01	1.18e-01	1.86e-05	0.00e+00	0.00e+00	0.00e+00	0.00e+00	0.00e+00	7.02e-94
 1.08933e+14	4.94e-27	1.62e-19	7.33e-13	4.38e-07	8.90e-01	1.10e-01	1.63e-05	0.00e+00	0.00e+00	0.00e+00	0.00e+00	0.00e+00	4.75e-80
 1.12886e+14	6.57e-27	2.02e-19	8.54e-13	4.76e-07	8.97e-01	1.03e-01	1.42e-05	0.00e+00	0.00e+00	0.00e+00	0.00e+00	0.00e+00	4.08e-93
 1.16953e+14	8.71e-27	2.50e-19	9.94e-13	5.17e-07	9.03e-01	9.65e-02	1.23e-05	0.00e+00	0.00e+00	0.00e+00	0.00e+00	0.00e+00	2.12e-79
 1.20347e+14	1.09e-26	2.98e-19	1.12e-12	5.52e-07	9.09e-01	9.14e-02	1.10e-05	0.00e+00	0.00e+00	0.00e+00	0.00e+00	0.00e+00	2.08e-92
 1.23922e+14	1.38e-26	3.57e-19	1.27e-12	5.90e-07	9.13e-01	8.65e-02	9.76e-06	0.00e+00	0.00e+00	0.00e+00	0.00e+00	0.00e+00	7.24e-79
 1.28477e+14	1.84e-26	4.44e-19	1.48e-12	6.40e-07	9.19e-01	8.07e-02	8.45e-06	0.00e+00	0.00e+00	0.00e+00	0.00e+00	0.00e+00	1.11e-91
 1.33237e+14	2.46e-26	5.54e-19	1.73e-12	6.95e-07	9.25e-01	7.53e-02	7.30e-06	0.00e+00	0.00e+00	0.00e+00	0.00e+00	0.00e+00	3.36e-78
 1.37443e+14	3.15e-26	6.69e-19	1.97e-12	7.44e-07	9.29e-01	7.09e-02	6.46e-06	0.00e+00	0.00e+00	0.00e+00	0.00e+00	0.00e+00	6.22e-91
 1.41999e+14	4.08e-26	8.16e-19	2.26e-12	8.00e-07	9.33e-01	6.66e-02	5.67e-06	0.00e+00	0.00e+00	0.00e+00	0.00e+00	0.00e+00	1.31e-77
 1.47097e+14	5.40e-26	1.01e-18	2.62e-12	8.65e-07	9.38e-01	6.22e-02	4.92e-06	0.00e+00	0.00e+00	0.00e+00	0.00e+00	0.00e+00	3.54e-90
 1.51883e+14	6.97e-26	1.23e-18	2.99e-12	9.27e-07	9.42e-01	5.85e-02	4.33e-06	0.00e+00	0.00e+00	0.00e+00	0.00e+00	0.00e+00	5.51e-77
 1.57090e+14	9.11e-26	1.50e-18	3.44e-12	9.97e-07	9.45e-01	5.48e-02	3.79e-06	0.00e+00	0.00e+00	0.00e+00	0.00e+00	0.00e+00	1.91e-89
 1.62883e+14	1.21e-25	1.87e-18	3.99e-12	1.08e-06	9.49e-01	5.11e-02	3.28e-06	0.00e+00	0.00e+00	0.00e+00	0.00e+00	0.00e+00	2.46e-76
 1.68287e+14	1.57e-25	2.28e-18	4.56e-12	1.16e-06	9.52e-01	4.79e-02	2.88e-06	0.00e+00	0.00e+00	0.00e+00	0.00e+00	0.00e+00	4.97e-76
 1.74161e+14	2.07e-25	2.80e-18	5.25e-12	1.24e-06	9.55e-01	4.48e-02	2.51e-06	0.00e+00	0.00e+00	0.00e+00	0.00e+00	0.00e+00	1.04e-75
 1.80732e+14	2.78e-25	3.50e-18	6.12e-12	1.35e-06	9.58e-01	4.17e-02	2.17e-06	0.00e+00	0.00e+00	0.00e+00	0.00e+00	0.00e+00	2.31e-75
 1.86916e+14	3.63e-25	4.28e-18	7.02e-12	1.44e-06	9.61e-01	3.91e-02	1.90e-06	0.00e+00	0.00e+00	0.00e+00	0.00e+00	0.00e+00	4.78e-75
 1.93662e+14	4.81e-25	5.30e-18	8.11e-12	1.56e-06	9.64e-01	3.65e-02	1.65e-06	0.00e+00	0.00e+00	0.00e+00	0.00e+00	0.00e+00	1.03e-74
 2.01203e+14	6.52e-25	6.67e-18	9.48e-12	1.69e-06	9.66e-01	3.38e-02	1.41e-06	0.00e+00	0.00e+00	0.00e+00	0.00e+00	0.00e+00	2.35e-74
 2.08320e+14	8.60e-25	8.22e-18	1.09e-11	1.81e-06	9.68e-01	3.16e-02	1.23e-06	0.00e+00	0.00e+00	0.00e+00	0.00e+00	0.00e+00	5.00e-74
 2.15956e+14	1.15e-24	1.02e-17	1.26e-11	1.95e-06	9.71e-01	2.95e-02	1.07e-06	0.00e+00	0.00e+00	0.00e+00	0.00e+00	0.00e+00	1.09e-73
 2.24625e+14	1.57e-24	1.29e-17	1.48e-11	2.12e-06	9.73e-01	2.73e-02	9.13e-07	0.00e+00	0.00e+00	0.00e+00	0.00e+00	0.00e+00	2.56e-73
 2.33123e+14	2.11e-24	1.61e-17	1.72e-11	2.29e-06	9.75e-01	2.53e-02	0.00e+00	0.00e+00	0.00e+00	0.00e+00	0.00e+00	0.00e+00	5.75e-73
 2.41962e+14	2.83e-24	2.02e-17	2.00e-11	2.47e-06	9.76e-01	2.36e-02	0.00e+00	0.00e+00	0.00e+00	0.00e+00	0.00e+00	0.00e+00	1.29e-72
 2.51671e+14	3.87e-24	2.55e-17	2.34e-11	2.68e-06	9.78e-01	2.18e-02	0.00e+00	0.00e+00	0.00e+00	0.00e+00	0.00e+00	0.00e+00	3.03e-72
 2.61492e+14	5.25e-24	3.21e-17	2.73e-11	2.90e-06	9.80e-01	2.02e-02	0.00e+00	0.00e+00	0.00e+00	0.00e+00	0.00e+00	0.00e+00	6.97e-72
 2.71707e+14	7.12e-24	4.04e-17	3.19e-11	3.13e-06	9.81e-01	1.87e-02	0.00e+00	0.00e+00	0.00e+00	0.00e+00	0.00e+00	0.00e+00	1.60e-71
 2.81971e+14	9.55e-24	5.04e-17	3.71e-11	3.38e-06	9.83e-01	1.74e-02	0.00e+00	0.00e+00	0.00e+00	0.00e+00	1.61e-17	3.43e-17	3.58e-71
 2.91657e+14	1.25e-23	6.17e-17	4.25e-11	3.62e-06	9.84e-01	1.63e-02	0.00e+00	0.00e+00	0.00e+00	0.00e+00	2.05e-17	4.12e-17	7.45e-71
 3.02364e+14	1.66e-23	7.66e-17	4.91e-11	3.90e-06	9.85e-01	1.52e-02	0.00e+00	0.00e+00	0.00e+00	0.00e+00	2.54e-17	5.11e-17	1.63e-70
 3.13091e+14	2.19e-23	9.43e-17	5.65e-11	4.19e-06	9.86e-01	1.41e-02	0.00e+00	0.00e+00	0.00e+00	0.00e+00	3.13e-17	6.30e-17	3.46e-70
 3.21934e+14	2.73e-23	1.11e-16	6.32e-11	4.43e-06	9.87e-01	1.34e-02	0.00e+00	0.00e+00	0.00e+00	0.00e+00	3.70e-17	7.44e-17	6.33e-70
 3.31272e+14	3.43e-23	1.32e-16	7.10e-11	4.70e-06	9.87e-01	1.26e-02	0.00e+00	0.00e+00	0.00e+00	0.00e+00	4.38e-17	8.83e-17	1.17e-69
 3.43296e+14	4.54e-23	1.63e-16	8.20e-11	5.06e-06	9.88e-01	1.17e-02	0.00e+00	0.00e+00	0.00e+00	0.00e+00	5.43e-17	1.09e-16	2.53e-69
 3.55933e+14	6.05e-23	2.03e-16	9.49e-11	5.45e-06	9.89e-01	1.09e-02	0.00e+00	0.00e+00	0.00e+00	0.00e+00	6.73e-17	1.36e-16	5.51e-69
 3.67031e+14	7.71e-23	2.44e-16	1.07e-10	5.80e-06	9.90e-01	1.03e-02	0.00e+00	0.00e+00	0.00e+00	0.00e+00	8.09e-17	1.63e-16	1.08e-68
 3.79004e+14	9.94e-23	2.95e-16	1.22e-10	6.20e-06	9.90e-01	9.62e-03	0.00e+00	0.00e+00	0.00e+00	0.00e+00	9.80e-17	1.97e-16	2.13e-68
 3.93502e+14	1.34e-22	3.69e-16	1.42e-10	6.70e-06	9.91e-01	8.91e-03	0.00e+00	0.00e+00	0.00e+00	0.00e+00	1.23e-16	2.47e-16	4.77e-68
 4.08235e+14	1.78e-22	4.60e-16	1.65e-10	7.23e-06	9.92e-01	8.27e-03	0.00e+00	0.00e+00	0.00e+00	0.00e+00	1.53e-16	3.07e-16	1.05e-67
 4.21906e+14	2.32e-22	5.60e-16	1.89e-10	7.74e-06	9.92e-01	7.74e-03	0.00e+00	0.00e+00	0.00e+00	0.00e+00	1.86e-16	3.74e-16	2.14e-67
 4.37160e+14	3.07e-22	6.93e-16	2.19e-10	8.33e-06	9.93e-01	7.20e-03	0.00e+00	0.00e+00	0.00e+00	0.00e+00	2.30e-16	4.63e-16	4.57e-67
 4.53508e+14	4.10e-22	8.63e-16	2.54e-10	8.99e-06	9.93e-01	6.68e-03	0.00e+00	0.00e+00	0.00e+00	0.00e+00	2.86e-16	5.77e-16	1.01e-66
 4.68040e+14	5.26e-22	1.04e-15	2.88e-10	9.60e-06	9.94e-01	6.26e-03	0.00e+00	0.00e+00	0.00e+00	0.00e+00	3.46e-16	6.96e-16	1.98e-66
 4.83613e+14	6.80e-22	1.27e-15	3.29e-10	1.03e-05	9.94e-01	5.86e-03	0.00e+00	0.00e+00	0.00e+00	0.00e+00	4.20e-16	8.46e-16	3.98e-66
 5.02278e+14	9.18e-22	1.59e-15	3.85e-10	1.11e-05	9.95e-01	5.42e-03	0.00e+00	0.00e+00	0.00e+00	0.00e+00	5.27e-16	1.06e-15	8.98e-66
 5.20622e+14	1.22e-21	1.97e-15	4.45e-10	1.20e-05	9.95e-01	5.03e-03	0.00e+00	0.00e+00	0.00e+00	0.00e+00	6.53e-16	1.32e-15	1.93e-65
 5.36907e+14	1.55e-21	2.37e-15	5.05e-10	1.28e-05	9.95e-01	4.73e-03	0.00e+00	0.00e+00	0.00e+00	0.00e+00	7.85e-16	1.58e-15	3.75e-65
 5.54856e+14	2.01e-21	2.88e-15	5.77e-10	1.37e-05	9.96e-01	4.42e-03	0.00e+00	0.00e+00	0.00e+00	0.00e+00	9.55e-16	1.92e-15	7.55e-65
 5.76316e+14	2.71e-21	3.61e-15	6.74e-10	1.48e-05	9.96e-01	4.09e-03	0.00e+00	0.00e+00	0.00e+00	0.00e+00	1.20e-15	2.41e-15	1.70e-64
 5.97625e+14	3.60e-21	4.49e-15	7.81e-10	1.60e-05	9.96e-01	3.79e-03	0.00e+00	0.00e+00	0.00e+00	0.00e+00	1.49e-15	3.00e-15	3.69e-64
 6.17003e+14	4.63e-21	5.42e-15	8.89e-10	1.71e-05	9.96e-01	3.55e-03	0.00e+00	0.00e+00	0.00e+00	0.00e+00	1.80e-15	3.63e-15	7.31e-64
 6.38586e+14	6.06e-21	6.65e-15	1.02e-09	1.83e-05	9.97e-01	3.31e-03	0.00e+00	0.00e+00	0.00e+00	0.00e+00	2.21e-15	4.45e-15	1.52e-63
 6.63816e+14	8.21e-21	8.38e-15	1.20e-09	1.99e-05	9.97e-01	3.05e-03	0.00e+00	0.00e+00	0.00e+00	0.00e+00	2.78e-15	5.60e-15	3.47e-63
 6.88644e+14	1.10e-20	1.04e-14	1.39e-09	2.14e-05	9.97e-01	2.83e-03	0.00e+00	0.00e+00	0.00e+00	0.00e+00	3.45e-15	6.97e-15	7.60e-63
 7.11969e+14	1.42e-20	1.27e-14	1.59e-09	2.30e-05	9.97e-01	2.64e-03	0.00e+00	0.00e+00	0.00e+00	0.00e+00	4.21e-15	8.49e-15	1.55e-62
 7.37983e+14	1.88e-20	1.57e-14	1.84e-09	2.47e-05	9.98e-01	2.46e-03	0.00e+00	0.00e+00	0.00e+00	0.00e+00	5.20e-15	1.05e-14	3.32e-62
 7.67532e+14	2.56e-20	1.98e-14	2.15e-09	2.68e-05	9.98e-01	2.26e-03	0.00e+00	0.00e+00	0.00e+00	0.00e+00	6.57e-15	1.33e-14	7.67e-62
 7.96976e+14	3.44e-20	2.48e-14	2.51e-09	2.90e-05	9.98e-01	2.10e-03	0.00e+00	0.00e+00	0.00e+00	0.00e+00	8.21e-15	1.66e-14	1.71e-61
 8.24412e+14	4.48e-20	3.03e-14	2.87e-09	3.11e-05	9.98e-01	1.95e-03	0.00e+00	0.00e+00	0.00e+00	0.00e+00	1.00e-14	2.03e-14	3.53e-61
 8.54233e+14	5.91e-20	3.74e-14	3.32e-09	3.35e-05	9.98e-01	1.82e-03	0.00e+00	0.00e+00	0.00e+00	0.00e+00	1.24e-14	2.50e-14	7.53e-61
 8.87723e+14	7.98e-20	4.69e-14	3.87e-09	3.62e-05	9.98e-01	1.68e-03	0.00e+00	0.00e+00	0.00e+00	0.00e+00	1.55e-14	3.14e-14	1.71e-60
 9.18880e+14	1.05e-19	5.76e-14	4.45e-09	3.89e-05	9.98e-01	1.56e-03	0.00e+00	0.00e+00	0.00e+00	0.00e+00	1.91e-14	3.85e-14	3.59e-60
 9.47588e+14	1.33e-19	6.91e-14	5.04e-09	4.14e-05	9.98e-01	1.47e-03	0.00e+00	0.00e+00	0.00e+00	0.00e+00	2.29e-14	4.62e-14	6.91e-60
 9.75287e+14	1.67e-19	8.19e-14	5.66e-09	4.39e-05	9.99e-01	1.38e-03	0.00e+00	0.00e+00	0.00e+00	0.00e+00	2.71e-14	5.48e-14	1.28e-59
 1.00616e+15	2.13e-19	9.85e-14	6.41e-09	4.68e-05	9.99e-01	1.30e-03	0.00e+00	0.00e+00	0.00e+00	0.00e+00	3.26e-14	6.59e-14	2.50e-59
 1.04028e+15	2.76e-19	1.20e-13	7.33e-09	5.02e-05	9.99e-01	1.21e-03	0.00e+00	0.00e+00	0.00e+00	0.00e+00	3.97e-14	8.03e-14	5.10e-59
 1.07198e+15	3.49e-19	1.43e-13	8.27e-09	5.33e-05	9.99e-01	1.14e-03	0.00e+00	0.00e+00	0.00e+00	0.00e+00	4.74e-14	9.60e-14	9.73e-59
 1.10653e+15	4.48e-19	1.73e-13	9.39e-09	5.69e-05	9.99e-01	1.07e-03	0.00e+00	0.00e+00	0.00e+00	0.00e+00	5.72e-14	1.16e-13	1.92e-58
 1.14544e+15	5.88e-19	2.13e-13	1.08e-08	6.11e-05	9.99e-01	9.93e-04	0.00e+00	0.00e+00	0.00e+00	0.00e+00	7.03e-14	1.42e-13	4.05e-58
 1.18257e+15	7.55e-19	2.57e-13	1.23e-08	6.52e-05	9.99e-01	9.30e-04	0.00e+00	0.00e+00	0.00e+00	0.00e+00	8.49e-14	1.72e-13	8.03e-58
 1.22341e+15	9.87e-19	3.14e-13	1.41e-08	6.99e-05	9.99e-01	8.68e-04	0.00e+00	0.00e+00	0.00e+00	0.00e+00	1.04e-13	2.11e-13	1.67e-57
 1.26841e+15	1.31e-18	3.90e-13	1.63e-08	7.53e-05	9.99e-01	8.05e-04	0.00e+00	0.00e+00	0.00e+00	0.00e+00	1.29e-13	2.61e-13	3.64e-57
 1.30971e+15	1.69e-18	4.72e-13	1.85e-08	8.03e-05	9.99e-01	7.55e-04	0.00e+00	0.00e+00	0.00e+00	0.00e+00	1.56e-13	3.16e-13	7.31e-57
 1.35431e+15	2.19e-18	5.75e-13	2.12e-08	8.60e-05	9.99e-01	7.04e-04	0.00e+00	0.00e+00	0.00e+00	0.00e+00	1.90e-13	3.85e-13	1.50e-56
 1.40427e+15	2.92e-18	7.14e-13	2.45e-08	9.26e-05	9.99e-01	6.54e-04	0.00e+00	0.00e+00	0.00e+00	0.00e+00	2.35e-13	4.78e-13	3.29e-56
 1.45134e+15	3.78e-18	8.68e-13	2.79e-08	9.90e-05	9.99e-01	6.11e-04	0.00e+00	0.00e+00	0.00e+00	0.00e+00	2.86e-13	5.81e-13	6.68e-56
 1.50268e+15	4.96e-18	1.07e-12	3.21e-08	1.06e-04	9.99e-01	5.69e-04	0.00e+00	0.00e+00	0.00e+00	0.00e+00	3.51e-13	7.15e-13	1.42e-55
 1.55971e+15	6.63e-18	1.33e-12	3.73e-08	1.15e-04	9.99e-01	5.26e-04	0.00e+00	0.00e+00	0.00e+00	0.00e+00	4.38e-13	8.91e-13	3.14e-55
 1.61286e+15	8.64e-18	1.62e-12	4.27e-08	1.23e-04	9.99e-01	4.91e-04	0.00e+00	0.00e+00	0.00e+00	0.00e+00	5.34e-13	1.09e-12	6.53e-55
 1.67069e+15	1.14e-17	2.00e-12	4.92e-08	1.32e-04	9.99e-01	4.57e-04	0.00e+00	0.00e+00	0.00e+00	0.00e+00	6.58e-13	1.34e-12	1.39e-54
 1.73546e+15	1.53e-17	2.50e-12	5.74e-08	1.43e-04	9.99e-01	4.22e-04	0.00e+00	0.00e+00	0.00e+00	0.00e+00	8.23e-13	1.68e-12	3.13e-54
 1.79671e+15	2.00e-17	3.07e-12	6.60e-08	1.53e-04	9.99e-01	3.92e-04	0.00e+00	0.00e+00	0.00e+00	0.00e+00	1.01e-12	2.06e-12	6.62e-54
 1.86241e+15	2.64e-17	3.79e-12	7.63e-08	1.65e-04	9.99e-01	3.64e-04	0.00e+00	0.00e+00	0.00e+00	0.00e+00	1.25e-12	2.55e-12	1.42e-53
 1.93693e+15	3.58e-17	4.78e-12	8.94e-08	1.79e-04	9.99e-01	3.35e-04	0.00e+00	0.00e+00	0.00e+00	0.00e+00	1.57e-12	3.21e-12	3.28e-53
 2.00998e+15	4.77e-17	5.95e-12	1.04e-07	1.94e-04	9.99e-01	3.10e-04	0.00e+00	3.92e-18	1.18e-17	1.97e-17	1.95e-12	3.99e-12	7.24e-53
 2.08595e+15	6.33e-17	7.39e-12	1.21e-07	2.10e-04	1.00e+00	2.86e-04	0.00e+00	5.21e-18	1.56e-17	2.61e-17	2.43e-12	4.96e-12	1.58e-52
 2.16942e+15	8.55e-17	9.31e-12	1.42e-07	2.28e-04	1.00e+00	2.64e-04	0.00e+00	7.04e-18	2.12e-17	3.54e-17	3.06e-12	6.25e-12	3.65e-52
 2.25151e+15	1.13e-16	1.16e-11	1.65e-07	2.46e-04	1.00e+00	2.43e-04	0.00e+00	9.35e-18	2.81e-17	4.69e-17	3.80e-12	7.77e-12	7.98e-52
 2.31930e+15	1.42e-16	1.38e-11	1.86e-07	2.62e-04	1.00e+00	2.29e-04	0.00e+00	1.17e-17	3.52e-17	5.89e-17	4.51e-12	9.25e-12	1.50e-51
 2.37392e+15	1.69e-16	1.57e-11	2.04e-07	2.76e-04	1.00e+00	2.17e-04	0.00e+00	1.40e-17	4.19e-17	7.00e-17	5.16e-12	1.06e-11	2.43e-51
 2.43458e+15	2.05e-16	1.82e-11	2.26e-07	2.91e-04	1.00e+00	2.06e-04	0.00e+00	1.69e-17	5.07e-17	8.47e-17	5.98e-12	1.23e-11	4.11e-51
 2.51343e+15	2.60e-16	2.19e-11	2.58e-07	3.12e-04	9.99e-01	1.92e-04	0.00e+00	2.14e-17	6.44e-17	1.08e-16	7.19e-12	1.47e-11	7.98e-51
 2.59795e+15	3.32e-16	2.66e-11	2.95e-07	3.35e-04	9.99e-01	1.79e-04	0.00e+00	2.74e-17	8.24e-17	1.38e-16	8.70e-12	1.79e-11	1.59e-50
 2.67286e+15	4.10e-16	3.13e-11	3.31e-07	3.57e-04	9.99e-01	1.68e-04	0.00e+00	3.39e-17	1.02e-16	1.70e-16	1.02e-11	2.10e-11	2.85e-50
 2.75329e+15	5.10e-16	3.71e-11	3.74e-07	3.81e-04	9.99e-01	1.57e-04	0.00e+00	4.22e-17	1.27e-16	2.12e-16	1.21e-11	2.50e-11	5.27e-50
 2.85474e+15	6.64e-16	4.56e-11	4.34e-07	4.12e-04	9.99e-01	1.45e-04	0.00e+00	5.50e-17	1.65e-16	2.76e-16	1.49e-11	3.07e-11	1.11e-49
 2.95773e+15	8.59e-16	5.59e-11	5.02e-07	4.46e-04	9.99e-01	1.34e-04	0.00e+00	7.11e-17	2.14e-16	3.57e-16	1.83e-11	3.76e-11	2.29e-49
 3.04599e+15	1.06e-15	6.60e-11	5.66e-07	4.76e-04	9.99e-01	1.26e-04	0.00e+00	8.80e-17	2.64e-16	4.42e-16	2.16e-11	4.44e-11	4.18e-49
 3.14092e+15	1.32e-15	7.84e-11	6.42e-07	5.10e-04	9.99e-01	1.17e-04	0.00e+00	1.09e-16	3.29e-16	5.49e-16	2.57e-11	5.28e-11	7.76e-49
 3.25848e+15	1.72e-15	9.65e-11	7.46e-07	5.54e-04	9.99e-01	1.08e-04	0.00e+00	1.42e-16	4.27e-16	7.14e-16	3.16e-11	6.50e-11	1.64e-48
 3.37850e+15	2.17e-15	1.18e-10	8.65e-07	6.01e-04	9.99e-01	9.94e-05	0.00e+00	1.80e-16	5.40e-16	9.02e-16	3.87e-11	7.96e-11	3.37e-48
 3.48498e+15	2.68e-15	1.41e-10	9.82e-07	6.44e-04	9.99e-01	9.27e-05	0.00e+00	2.23e-16	6.69e-16	1.12e-15	4.60e-11	9.46e-11	6.27e-48
 3.60081e+15	3.35e-15	1.69e-10	1.12e-06	6.94e-04	9.99e-01	8.60e-05	0.00e+00	2.79e-16	8.37e-16	1.40e-15	5.51e-11	1.13e-10	1.21e-47
 3.73962e+15	4.33e-15	2.08e-10	1.31e-06	7.56e-04	9.99e-01	7.89e-05	0.00e+00	3.61e-16	1.08e-15	1.81e-15	6.79e-11	1.40e-10	2.59e-47
 3.87686e+15	5.50e-15	2.53e-10	1.52e-06	8.21e-04	9.99e-01	7.27e-05	0.00e+00	4.59e-16	1.38e-15	2.30e-15	8.29e-11	1.71e-10	5.34e-47
 4.00001e+15	6.76e-15	3.01e-10	1.73e-06	8.82e-04	9.99e-01	6.76e-05	0.00e+00	5.64e-16	1.69e-15	2.83e-15	9.83e-11	2.03e-10	9.98e-47
 4.13631e+15	8.42e-15	3.61e-10	1.98e-06	9.52e-04	9.99e-01	6.26e-05	0.00e+00	7.04e-16	2.11e-15	3.53e-15	1.18e-10	2.43e-10	1.95e-46
 4.29763e+15	1.08e-14	4.45e-10	2.31e-06	1.04e-03	9.99e-01	5.73e-05	0.00e+00	9.03e-16	2.71e-15	4.53e-15	1.46e-10	3.00e-10	4.21e-46
 4.45721e+15	1.36e-14	5.42e-10	2.68e-06	1.13e-03	9.99e-01	5.27e-05	0.00e+00	1.14e-15	3.42e-15	5.72e-15	1.77e-10	3.65e-10	8.73e-46
 4.60446e+15	1.67e-14	6.47e-10	3.06e-06	1.22e-03	9.99e-01	4.89e-05	0.00e+00	1.40e-15	4.20e-15	7.02e-15	2.11e-10	4.35e-10	1.67e-45
 4.76994e+15	2.08e-14	7.82e-10	3.53e-06	1.32e-03	9.99e-01	4.51e-05	0.00e+00	1.75e-15	5.25e-15	8.78e-15	2.56e-10	5.26e-10	3.40e-45
 4.96076e+15	2.65e-14	9.66e-10	4.14e-06	1.45e-03	9.99e-01	4.11e-05	0.00e+00	2.23e-15	6.70e-15	1.12e-14	3.16e-10	6.50e-10	7.50e-45
 5.14728e+15	3.31e-14	1.18e-09	4.80e-06	1.58e-03	9.98e-01	3.78e-05	0.00e+00	2.79e-15	8.38e-15	1.40e-14	3.85e-10	7.92e-10	1.58e-44
 5.34125e+15	4.14e-14	1.44e-09	5.57e-06	1.72e-03	9.98e-01	3.47e-05	0.00e+00	3.49e-15	1.05e-14	1.75e-14	4.70e-10	9.65e-10	3.33e-44
 5.51879e+15	4.99e-14	1.71e-09	6.36e-06	1.85e-03	9.98e-01	3.22e-05	0.00e+00	4.22e-15	1.27e-14	2.12e-14	5.59e-10	1.15e-09	6.43e-44
 5.65035e+15	5.74e-14	1.94e-09	6.98e-06	1.95e-03	9.98e-01	3.05e-05	0.00e+00	4.86e-15	1.46e-14	2.44e-14	6.34e-10	1.30e-09	1.03e-43
 5.78551e+15	6.59e-14	2.20e-09	7.68e-06	2.06e-03	9.98e-01	2.89e-05	0.00e+00	5.58e-15	1.67e-14	2.80e-14	7.19e-10	1.48e-09	1.64e-43
 5.96122e+15	7.82e-14	2.58e-09	8.67e-06	2.21e-03	9.98e-01	2.69e-05	0.00e+00	6.63e-15	1.99e-14	3.32e-14	8.45e-10	1.73e-09	3.02e-43
 6.15138e+15	9.33e-14	3.05e-09	9.83e-06	2.38e-03	9.98e-01	2.50e-05	0.00e+00	7.92e-15	2.38e-14	3.97e-14	9.98e-10	2.05e-09	5.67e-43
 6.32283e+15	1.09e-13	3.52e-09	1.10e-05	2.53e-03	9.97e-01	2.35e-05	0.00e+00	9.26e-15	2.78e-14	4.64e-14	1.15e-09	2.37e-09	1.01e-42
 6.50826e+15	1.28e-13	4.11e-09	1.23e-05	2.71e-03	9.97e-01	2.20e-05	0.00e+00	1.09e-14	3.28e-14	5.47e-14	1.35e-09	2.76e-09	1.82e-42
 6.74533e+15	1.57e-13	4.98e-09	1.42e-05	2.94e-03	9.97e-01	2.03e-05	0.00e+00	1.33e-14	4.00e-14	6.68e-14	1.63e-09	3.34e-09	3.86e-42
 6.98388e+15	1.88e-13	5.98e-09	1.63e-05	3.19e-03	9.97e-01	1.87e-05	0.00e+00	1.61e-14	4.82e-14	8.05e-14	1.96e-09	4.02e-09	7.95e-42
 7.18133e+15	2.19e-13	6.93e-09	1.82e-05	3.40e-03	9.97e-01	1.76e-05	0.00e+00	1.87e-14	5.62e-14	9.39e-14	2.27e-09	4.65e-09	1.42e-41
 7.39102e+15	2.57e-13	8.08e-09	2.05e-05	3.63e-03	9.96e-01	1.65e-05	0.00e+00	2.19e-14	6.59e-14	1.10e-13	2.65e-09	5.43e-09	2.59e-41
 7.65975e+15	3.10e-13	9.79e-09	2.36e-05	3.94e-03	9.96e-01	1.52e-05	0.00e+00	2.66e-14	7.97e-14	1.33e-13	3.22e-09	6.57e-09	5.50e-41
 7.94289e+15	3.74e-13	1.19e-08	2.73e-05	4.29e-03	9.96e-01	1.41e-05	0.00e+00	3.21e-14	9.63e-14	1.61e-13	3.90e-09	7.97e-09	1.17e-40
 8.19525e+15	4.42e-13	1.40e-08	3.09e-05	4.61e-03	9.95e-01	1.31e-05	0.00e+00	3.80e-14	1.14e-13	1.90e-13	4.60e-09	9.39e-09	2.20e-40
 8.46990e+15	5.27e-13	1.67e-08	3.52e-05	4.97e-03	9.95e-01	1.22e-05	0.00e+00	4.53e-14	1.36e-13	2.27e-13	5.49e-09	1.12e-08	4.37e-40
 8.79766e+15	6.44e-13	2.05e-08	4.10e-05	5.43e-03	9.95e-01	1.12e-05	0.00e+00	5.54e-14	1.66e-13	2.78e-13	6.75e-09	1.38e-08	9.66e-40
 9.11965e+15	7.77e-13	2.48e-08	4.73e-05	5.90e-03	9.94e-01	1.04e-05	0.00e+00	6.70e-14	2.01e-13	3.36e-13	8.17e-09	1.67e-08	2.03e-39
 9.40915e+15	9.19e-13	2.93e-08	5.36e-05	6.33e-03	9.94e-01	9.75e-06	0.00e+00	7.94e-14	2.38e-13	3.98e-13	9.64e-09	1.97e-08	3.75e-39
 9.73121e+15	1.11e-12	3.51e-08	6.13e-05	6.84e-03	9.93e-01	9.08e-06	0.00e+00	9.55e-14	2.87e-13	4.79e-13	1.16e-08	2.36e-08	7.59e-39
 1.01115e+16	1.36e-12	4.32e-08	7.15e-05	7.48e-03	9.92e-01	8.41e-06	0.00e+00	1.17e-13	3.52e-13	5.88e-13	1.42e-08	2.90e-08	1.67e-38
 1.04860e+16	1.64e-12	5.25e-08	8.26e-05	8.13e-03	9.92e-01	7.82e-06	0.00e+00	1.42e-13	4.27e-13	7.12e-13	1.73e-08	3.52e-08	3.49e-38
 1.08316e+16	1.96e-12	6.26e-08	9.40e-05	8.76e-03	9.91e-01	7.33e-06	0.00e+00	1.70e-13	5.11e-13	8.52e-13	2.06e-08	4.19e-08	6.74e-38
 1.12210e+16	2.40e-12	7.59e-08	1.08e-04	9.50e-03	9.90e-01	6.84e-06	0.00e+00	2.08e-13	6.25e-13	1.04e-12	2.50e-08	5.09e-08	1.41e-37
 1.15970e+16	2.86e-12	9.07e-08	1.24e-04	1.03e-02	9.90e-01	6.43e-06	0.00e+00	2.49e-13	7.48e-13	1.25e-12	2.99e-08	6.08e-08	2.70e-37
 1.18730e+16	3.25e-12	1.03e-07	1.36e-04	1.08e-02	9.89e-01	6.17e-06	0.00e+00	2.83e-13	8.49e-13	1.42e-12	3.41e-08	6.91e-08	4.32e-37
 1.21493e+16	3.72e-12	1.17e-07	1.49e-04	1.14e-02	9.88e-01	5.92e-06	0.00e+00	3.24e-13	9.73e-13	1.62e-12	3.87e-08	7.85e-08	6.95e-37
 1.25084e+16	4.41e-12	1.38e-07	1.68e-04	1.22e-02	9.88e-01	5.61e-06	0.00e+00	3.85e-13	1.15e-12	1.93e-12	4.55e-08	9.23e-08	1.25e-36
 1.28972e+16	5.24e-12	1.63e-07	1.90e-04	1.31e-02	9.87e-01	5.33e-06	0.00e+00	4.58e-13	1.37e-12	2.29e-12	5.39e-08	1.09e-07	2.32e-36
 1.32441e+16	6.09e-12	1.89e-07	2.11e-04	1.40e-02	9.86e-01	5.09e-06	0.00e+00	5.33e-13	1.60e-12	2.67e-12	6.24e-08	1.26e-07	3.90e-36
 1.36144e+16	7.18e-12	2.21e-07	2.36e-04	1.49e-02	9.85e-01	4.87e-06	0.00e+00	6.29e-13	1.89e-12	3.15e-12	7.29e-08	1.48e-07	6.86e-36
 1.40959e+16	8.87e-12	2.69e-07	2.73e-04	1.62e-02	9.84e-01	4.61e-06	0.00e+00	7.77e-13	2.33e-12	3.89e-12	8.88e-08	1.80e-07	1.38e-35
 1.45813e+16	1.07e-11	3.24e-07	3.13e-04	1.75e-02	9.82e-01	4.38e-06	0.00e+00	9.43e-13	2.83e-12	4.72e-12	1.07e-07	2.17e-07	2.63e-35
 1.49716e+16	1.25e-11	3.75e-07	3.48e-04	1.86e-02	9.81e-01	4.22e-06	0.00e+00	1.10e-12	3.30e-12	5.50e-12	1.24e-07	2.51e-07	4.37e-35
 1.53791e+16	1.48e-11	4.37e-07	3.90e-04	1.99e-02	9.80e-01	4.06e-06	0.00e+00	1.30e-12	3.90e-12	6.51e-12	1.45e-07	2.93e-07	7.48e-35
 1.59088e+16	1.82e-11	5.31e-07	4.49e-04	2.15e-02	9.78e-01	3.86e-06	0.00e+00	1.61e-12	4.82e-12	8.04e-12	1.76e-07	3.55e-07	1.47e-34
 1.64649e+16	2.25e-11	6.46e-07	5.18e-04	2.34e-02	9.76e-01	3.70e-06	0.00e+00	1.98e-12	5.94e-12	9.91e-12	2.14e-07	4.32e-07	2.80e-34
 1.69392e+16	2.66e-11	7.58e-07	5.83e-04	2.50e-02	9.74e-01	3.57e-06	0.00e+00	2.35e-12	7.06e-12	1.18e-11	2.51e-07	5.07e-07	4.77e-34
 1.74394e+16	3.21e-11	8.99e-07	6.61e-04	2.69e-02	9.72e-01	3.44e-06	0.00e+00	2.83e-12	8.50e-12	1.42e-11	2.98e-07	6.01e-07	8.44e-34
 1.80765e+16	4.06e-11	1.11e-06	7.73e-04	2.94e-02	9.70e-01	3.31e-06	0.00e+00	3.59e-12	1.08e-11	1.80e-11	3.69e-07	7.44e-07	1.70e-33
 1.87129e+16	5.02e-11	1.36e-06	8.97e-04	3.20e-02	9.67e-01	3.18e-06	0.00e+00	4.45e-12	1.34e-11	2.23e-11	4.49e-07	9.07e-07	3.18e-33
 1.92268e+16	5.94e-11	1.59e-06	1.01e-03	3.43e-02	9.65e-01	3.10e-06	0.00e+00	5.27e-12	1.58e-11	2.64e-11	5.25e-07	1.06e-06	5.21e-33
 1.97606e+16	7.18e-11	1.87e-06	1.14e-03	3.68e-02	9.62e-01	3.02e-06	0.00e+00	6.37e-12	1.91e-11	3.19e-11	6.21e-07	1.25e-06	8.86e-33
 2.04544e+16	9.11e-11	2.32e-06	1.34e-03	4.03e-02	9.58e-01	2.91e-06	0.00e+00	8.10e-12	2.43e-11	4.05e-11	7.69e-07	1.55e-06	1.74e-32
 2.11609e+16	1.14e-10	2.84e-06	1.56e-03	4.40e-02	9.54e-01	2.82e-06	0.00e+00	1.01e-11	3.04e-11	5.07e-11	9.41e-07	1.90e-06	3.19e-32
 2.17286e+16	1.35e-10	3.33e-06	1.76e-03	4.72e-02	9.51e-01	2.77e-06	0.00e+00	1.21e-11	3.62e-11	6.03e-11	1.10e-06	2.22e-06	5.10e-32
 2.22144e+16	1.58e-10	3.81e-06	1.95e-03	5.01e-02	9.48e-01	2.72e-06	0.00e+00	1.41e-11	4.22e-11	7.04e-11	1.26e-06	2.55e-06	7.63e-32
 2.27490e+16	1.89e-10	4.45e-06	2.20e-03	5.36e-02	9.44e-01	2.66e-06	0.00e+00	1.69e-11	5.07e-11	8.46e-11	1.48e-06	2.98e-06	1.22e-31
 2.33288e+16	2.26e-10	5.22e-06	2.49e-03	5.75e-02	9.40e-01	2.61e-06	0.00e+00	2.02e-11	6.06e-11	1.01e-10	1.73e-06	3.49e-06	1.93e-31
 2.38638e+16	2.66e-10	6.04e-06	2.79e-03	6.13e-02	9.36e-01	2.56e-06	0.00e+00	2.38e-11	7.15e-11	1.19e-10	2.01e-06	4.04e-06	2.93e-31
 2.44557e+16	3.24e-10	7.16e-06	3.17e-03	6.60e-02	9.31e-01	2.52e-06	0.00e+00	2.90e-11	8.70e-11	1.45e-10	2.38e-06	4.78e-06	4.84e-31
 2.50830e+16	3.96e-10	8.48e-06	3.62e-03	7.11e-02	9.25e-01	2.48e-06	0.00e+00	3.54e-11	1.06e-10	1.77e-10	2.82e-06	5.67e-06	7.72e-31
 2.56439e+16	4.68e-10	9.86e-06	4.08e-03	7.60e-02	9.20e-01	2.45e-06	0.00e+00	4.20e-11	1.26e-10	2.10e-10	3.28e-06	6.59e-06	1.17e-30
 2.62608e+16	5.74e-10	1.18e-05	4.68e-03	8.20e-02	9.13e-01	2.41e-06	0.00e+00	5.16e-11	1.55e-10	2.58e-10	3.91e-06	7.86e-06	1.94e-30
 2.69209e+16	7.13e-10	1.41e-05	5.40e-03	8.90e-02	9.06e-01	2.39e-06	0.00e+00	6.41e-11	1.92e-10	3.20e-10	4.69e-06	9.42e-06	3.19e-30
 2.75137e+16	8.68e-10	1.66e-05	6.16e-03	9.56e-02	8.98e-01	2.37e-06	0.00e+00	7.81e-11	2.34e-10	3.91e-10	5.53e-06	1.11e-05	4.93e-30
