#depth	He	He+	He+2
 1.49634e+10	5.94e-24	9.39e-13	1.00e+00
 4.54887e+10	6.68e-24	1.01e-12	1.00e+00
 7.72350e+10	7.43e-24	1.10e-12	1.00e+00
 1.10251e+11	8.26e-24	1.19e-12	1.00e+00
 1.44588e+11	9.18e-24	1.28e-12	1.00e+00
 1.80298e+11	1.02e-23	1.39e-12	1.00e+00
 2.17437e+11	1.13e-23	1.50e-12	1.00e+00
 2.56061e+11	1.25e-23	1.62e-12	1.00e+00
 2.96231e+11	1.39e-23	1.75e-12	1.00e+00
 3.38007e+11	1.54e-23	1.90e-12	1.00e+00
 3.81454e+11	1.70e-23	2.05e-12	1.00e+00
 4.21921e+11	1.87e-23	2.20e-12	1.00e+00
 4.57457e+11	2.02e-23	2.34e-12	1.00e+00
 4.97058e+11	2.19e-23	2.50e-12	1.00e+00
 5.44793e+11	2.42e-23	2.69e-12	1.00e+00
 5.92862e+11	2.67e-23	2.89e-12	1.00e+00
 6.36861e+11	2.90e-23	3.09e-12	1.00e+00
 6.85812e+11	3.17e-23	3.31e-12	1.00e+00
 7.42712e+11	3.52e-23	3.58e-12	1.00e+00
 7.98436e+11	3.88e-23	3.85e-12	1.00e+00
 8.50940e+11	4.24e-23	4.12e-12	1.00e+00
 9.09457e+11	4.66e-23	4.43e-12	1.00e+00
 9.75762e+11	5.18e-23	4.80e-12	1.00e+00
 1.04204e+12	5.73e-23	5.17e-12	1.00e+00
 1.11097e+12	6.35e-23	5.58e-12	1.00e+00
 1.18534e+12	7.07e-23	6.04e-12	1.00e+00
 1.26268e+12	7.88e-23	6.54e-12	1.00e+00
 1.34311e+12	8.79e-23	7.08e-12	1.00e+00
 1.42677e+12	9.82e-23	7.66e-12	1.00e+00
 1.51376e+12	1.10e-22	8.30e-12	1.00e+00
 1.60424e+12	1.23e-22	8.99e-12	1.00e+00
 1.69834e+12	1.38e-22	9.73e-12	1.00e+00
 1.79620e+12	1.55e-22	1.05e-11	1.00e+00
 1.89797e+12	1.74e-22	1.14e-11	1.00e+00
 2.00382e+12	1.95e-22	1.24e-11	1.00e+00
 2.11390e+12	2.20e-22	1.34e-11	1.00e+00
 2.22156e+12	2.47e-22	1.44e-11	1.00e+00
 2.32103e+12	2.74e-22	1.54e-11	1.00e+00
 2.43125e+12	3.05e-22	1.66e-11	1.00e+00
 2.55838e+12	3.46e-22	1.80e-11	1.00e+00
 2.68330e+12	3.90e-22	1.94e-11	1.00e+00
 2.81321e+12	4.40e-22	2.10e-11	1.00e+00
 2.95567e+12	5.01e-22	2.27e-11	1.00e+00
 3.10008e+12	5.69e-22	2.46e-11	1.00e+00
 3.25027e+12	6.46e-22	2.66e-11	1.00e+00
 3.41021e+12	7.38e-22	2.89e-11	1.00e+00
 3.57655e+12	8.44e-22	3.14e-11	1.00e+00
 3.74954e+12	9.67e-22	3.41e-11	1.00e+00
 3.92944e+12	1.11e-21	3.70e-11	1.00e+00
 4.11655e+12	1.27e-21	4.02e-11	1.00e+00
 4.31114e+12	1.46e-21	4.36e-11	1.00e+00
 4.51351e+12	1.69e-21	4.74e-11	1.00e+00
 4.70393e+12	1.92e-21	5.11e-11	1.00e+00
 4.87439e+12	2.15e-21	5.46e-11	1.00e+00
 5.06578e+12	2.42e-21	5.86e-11	1.00e+00
 5.29240e+12	2.79e-21	6.37e-11	1.00e+00
 5.51905e+12	3.20e-21	6.89e-11	1.00e+00
 5.73200e+12	3.62e-21	7.40e-11	1.00e+00
 5.96845e+12	4.13e-21	8.01e-11	1.00e+00
 6.23711e+12	4.80e-21	8.72e-11	1.00e+00
 6.50492e+12	5.54e-21	9.47e-11	1.00e+00
 6.78344e+12	6.38e-21	1.03e-10	1.00e+00
 7.08471e+12	7.42e-21	1.12e-10	1.00e+00
 7.39802e+12	8.62e-21	1.22e-10	1.00e+00
 7.69346e+12	9.90e-21	1.32e-10	1.00e+00
 7.95912e+12	1.11e-20	1.42e-10	1.00e+00
 8.25802e+12	1.26e-20	1.53e-10	1.00e+00
 8.61046e+12	1.47e-20	1.67e-10	1.00e+00
 8.96168e+12	1.69e-20	1.82e-10	1.00e+00
 9.29162e+12	1.93e-20	1.96e-10	1.00e+00
 9.65787e+12	2.21e-20	2.13e-10	1.00e+00
 1.00741e+13	2.57e-20	2.33e-10	1.00e+00
 1.04839e+13	2.97e-20	2.54e-10	1.00e+00
 1.09101e+13	3.42e-20	2.77e-10	1.00e+00
 1.13764e+13	3.97e-20	3.04e-10	1.00e+00
 1.18450e+13	4.59e-20	3.32e-10	1.00e+00
 1.23324e+13	5.29e-20	3.64e-10	1.00e+00
 1.28383e+13	6.11e-20	3.99e-10	1.00e+00
 1.33356e+13	6.99e-20	4.34e-10	1.00e+00
 1.38700e+13	8.01e-20	4.75e-10	1.00e+00
 1.44548e+13	9.27e-20	5.23e-10	1.00e+00
 1.50629e+13	1.07e-19	5.75e-10	1.00e+00
 1.56953e+13	1.23e-19	6.33e-10	1.00e+00
 1.63531e+13	1.42e-19	6.98e-10	1.00e+00
 1.69480e+13	1.61e-19	7.59e-10	1.00e+00
 1.74438e+13	1.77e-19	8.13e-10	1.00e+00
 1.79869e+13	1.96e-19	8.74e-10	1.00e+00
 1.86748e+13	2.22e-19	9.56e-10	1.00e+00
 1.93920e+13	2.52e-19	1.05e-09	1.00e+00
 2.00274e+13	2.80e-19	1.13e-09	1.00e+00
 2.06216e+13	3.08e-19	1.21e-09	1.00e+00
 2.13006e+13	3.43e-19	1.31e-09	1.00e+00
 2.21331e+13	3.89e-19	1.44e-09	1.00e+00
 2.29614e+13	4.40e-19	1.57e-09	1.00e+00
 2.36832e+13	4.87e-19	1.70e-09	1.00e+00
 2.44701e+13	5.42e-19	1.84e-09	1.00e+00
 2.54281e+13	6.15e-19	2.01e-09	1.00e+00
 2.64054e+13	6.96e-19	2.21e-09	1.00e+00
 2.73061e+13	7.77e-19	2.39e-09	1.00e+00
 2.83107e+13	8.76e-19	2.61e-09	1.00e+00
 2.94711e+13	1.00e-18	2.87e-09	1.00e+00
 3.06112e+13	1.14e-18	3.14e-09	1.00e+00
 3.17052e+13	1.28e-18	3.41e-09	1.00e+00
 3.29116e+13	1.46e-18	3.72e-09	1.00e+00
 3.42580e+13	1.68e-18	4.09e-09	1.00e+00
 3.54835e+13	1.91e-18	4.44e-09	1.00e+00
 3.65174e+13	2.11e-18	4.75e-09	1.00e+00
 3.76555e+13	2.36e-18	5.10e-09	1.00e+00
 3.89401e+13	2.67e-18	5.51e-09	1.00e+00
 4.01702e+13	2.99e-18	5.92e-09	1.00e+00
 4.15240e+13	3.39e-18	6.38e-09	1.00e+00
 4.30283e+13	3.88e-18	6.93e-09	1.00e+00
 4.44385e+13	4.38e-18	7.45e-09	1.00e+00
 4.59821e+13	5.00e-18	8.05e-09	1.00e+00
 4.77184e+13	5.77e-18	8.76e-09	1.00e+00
 4.93773e+13	6.60e-18	9.46e-09	1.00e+00
 5.09113e+13	7.44e-18	1.01e-08	1.00e+00
 5.26108e+13	8.47e-18	1.09e-08	1.00e+00
 5.45167e+13	9.76e-18	1.18e-08	1.00e+00
 5.63173e+13	1.11e-17	1.27e-08	1.00e+00
 5.82847e+13	1.28e-17	1.37e-08	1.00e+00
 6.04631e+13	1.48e-17	1.49e-08	1.00e+00
 6.24868e+13	1.69e-17	1.60e-08	1.00e+00
 6.46885e+13	1.95e-17	1.72e-08	1.00e+00
 6.71503e+13	2.27e-17	1.87e-08	1.00e+00
 6.94725e+13	2.61e-17	2.02e-08	1.00e+00
 7.20039e+13	3.02e-17	2.18e-08	1.00e+00
 7.48275e+13	3.54e-17	2.37e-08	1.00e+00
 7.75033e+13	4.09e-17	2.56e-08	1.00e+00
 8.03726e+13	4.75e-17	2.76e-08	1.00e+00
 8.36174e+13	5.60e-17	3.01e-08	1.00e+00
 8.68214e+13	6.54e-17	3.26e-08	1.00e+00
 9.01535e+13	7.63e-17	3.54e-08	1.00e+00
 9.37896e+13	8.99e-17	3.85e-08	1.00e+00
 9.75711e+13	1.06e-16	4.19e-08	1.00e+00
 1.01504e+14	1.25e-16	4.55e-08	1.00e+00
 1.05358e+14	1.45e-16	4.93e-08	1.00e+00
 1.08933e+14	1.67e-16	5.29e-08	1.00e+00
 1.12886e+14	1.93e-16	5.70e-08	1.00e+00
 1.16953e+14	2.24e-16	6.14e-08	1.00e+00
 1.20347e+14	2.51e-16	6.52e-08	1.00e+00
 1.23922e+14	2.83e-16	6.93e-08	1.00e+00
 1.28477e+14	3.29e-16	7.47e-08	1.00e+00
 1.33237e+14	3.82e-16	8.06e-08	1.00e+00
 1.37443e+14	4.33e-16	8.59e-08	1.00e+00
 1.41999e+14	4.94e-16	9.19e-08	1.00e+00
 1.47097e+14	5.71e-16	9.89e-08	1.00e+00
 1.51883e+14	6.51e-16	1.06e-07	1.00e+00
 1.57090e+14	7.46e-16	1.13e-07	1.00e+00
 1.62883e+14	8.64e-16	1.22e-07	1.00e+00
 1.68287e+14	9.86e-16	1.30e-07	1.00e+00
 1.74161e+14	1.13e-15	1.40e-07	1.00e+00
 1.80732e+14	1.31e-15	1.51e-07	1.00e+00
 1.86916e+14	1.50e-15	1.61e-07	1.00e+00
 1.93662e+14	1.73e-15	1.73e-07	1.00e+00
 2.01203e+14	2.02e-15	1.87e-07	1.00e+00
 2.08320e+14	2.32e-15	2.01e-07	1.00e+00
 2.15956e+14	2.68e-15	2.16e-07	1.00e+00
 2.24625e+14	3.14e-15	2.33e-07	1.00e+00
 2.33123e+14	3.64e-15	2.51e-07	1.00e+00
 2.41962e+14	4.22e-15	2.71e-07	1.00e+00
 2.51671e+14	4.94e-15	2.93e-07	1.00e+00
 2.61492e+14	5.75e-15	3.17e-07	1.00e+00
 2.71707e+14	6.70e-15	3.42e-07	1.00e+00
 2.81971e+14	7.76e-15	3.68e-07	1.00e+00
 2.91657e+14	8.88e-15	3.94e-07	1.00e+00
 3.02364e+14	1.03e-14	4.24e-07	1.00e+00
 3.13091e+14	1.18e-14	4.55e-07	1.00e+00
 3.21934e+14	1.32e-14	4.81e-07	1.00e+00
 3.31272e+14	1.48e-14	5.10e-07	1.00e+00
 3.43296e+14	1.70e-14	5.48e-07	1.00e+00
 3.55933e+14	1.97e-14	5.90e-07	1.00e+00
 3.67031e+14	2.22e-14	6.27e-07	1.00e+00
 3.79004e+14	2.53e-14	6.69e-07	1.00e+00
 3.93502e+14	2.94e-14	7.23e-07	1.00e+00
 4.08235e+14	3.41e-14	7.79e-07	1.00e+00
 4.21906e+14	3.89e-14	8.34e-07	1.00e+00
 4.37160e+14	4.49e-14	8.98e-07	1.00e+00
 4.53508e+14	5.20e-14	9.68e-07	1.00e+00
 4.68040e+14	5.90e-14	1.03e-06	1.00e+00
 4.83613e+14	6.74e-14	1.11e-06	1.00e+00
 5.02278e+14	7.85e-14	1.20e-06	1.00e+00
 5.20622e+14	9.07e-14	1.29e-06	1.00e+00
 5.36907e+14	1.03e-13	1.37e-06	1.00e+00
 5.54856e+14	1.17e-13	1.47e-06	1.00e+00
 5.76316e+14	1.37e-13	1.59e-06	1.00e+00
 5.97625e+14	1.58e-13	1.72e-06	1.00e+00
 6.17003e+14	1.79e-13	1.84e-06	1.00e+00
 6.38586e+14	2.06e-13	1.97e-06	1.00e+00
 6.63816e+14	2.40e-13	2.14e-06	1.00e+00
 6.88644e+14	2.78e-13	2.30e-06	1.00e+00
 7.11969e+14	3.17e-13	2.47e-06	1.00e+00
 7.37983e+14	3.66e-13	2.66e-06	1.00e+00
 7.67532e+14	4.27e-13	2.88e-06	1.00e+00
 7.96976e+14	4.95e-13	3.12e-06	1.00e+00
 8.24412e+14	5.65e-13	3.34e-06	1.00e+00
 8.54233e+14	6.49e-13	3.59e-06	1.00e+00
 8.87723e+14	7.55e-13	3.89e-06	1.00e+00
 9.18880e+14	8.62e-13	4.17e-06	1.00e+00
 9.47588e+14	9.71e-13	4.45e-06	1.00e+00
 9.75287e+14	1.08e-12	4.72e-06	1.00e+00
 1.00616e+15	1.22e-12	5.03e-06	1.00e+00
 1.04028e+15	1.39e-12	5.38e-06	1.00e+00
 1.07198e+15	1.56e-12	5.72e-06	1.00e+00
 1.10653e+15	1.76e-12	6.11e-06	1.00e+00
 1.14544e+15	2.00e-12	6.55e-06	1.00e+00
 1.18257e+15	2.26e-12	6.99e-06	1.00e+00
 1.22341e+15	2.57e-12	7.49e-06	1.00e+00
 1.26841e+15	2.95e-12	8.07e-06	1.00e+00
 1.30971e+15	3.32e-12	8.61e-06	1.00e+00
 1.35431e+15	3.76e-12	9.22e-06	1.00e+00
 1.40427e+15	4.30e-12	9.92e-06	1.00e+00
 1.45134e+15	4.87e-12	1.06e-05	1.00e+00
 1.50268e+15	5.53e-12	1.14e-05	1.00e+00
 1.55971e+15	6.36e-12	1.23e-05	1.00e+00
 1.61286e+15	7.19e-12	1.32e-05	1.00e+00
 1.67069e+15	8.20e-12	1.41e-05	1.00e+00
 1.73546e+15	9.45e-12	1.53e-05	1.00e+00
 1.79671e+15	1.07e-11	1.64e-05	1.00e+00
 1.86241e+15	1.23e-11	1.77e-05	1.00e+00
 1.93693e+15	1.42e-11	1.92e-05	1.00e+00
 2.00998e+15	1.63e-11	2.07e-05	1.00e+00
 2.08595e+15	1.88e-11	2.24e-05	1.00e+00
 2.16942e+15	2.18e-11	2.43e-05	1.00e+00
 2.25151e+15	2.51e-11	2.63e-05	1.00e+00
 2.31930e+15	2.81e-11	2.80e-05	1.00e+00
 2.37392e+15	3.07e-11	2.95e-05	1.00e+00
 2.43458e+15	3.39e-11	3.11e-05	1.00e+00
 2.51343e+15	3.83e-11	3.33e-05	1.00e+00
 2.59795e+15	4.36e-11	3.58e-05	1.00e+00
 2.67286e+15	4.88e-11	3.80e-05	1.00e+00
 2.75329e+15	5.48e-11	4.06e-05	1.00e+00
 2.85474e+15	6.33e-11	4.39e-05	1.00e+00
 2.95773e+15	7.29e-11	4.75e-05	1.00e+00
 3.04599e+15	8.20e-11	5.06e-05	1.00e+00
 3.14092e+15	9.30e-11	5.42e-05	1.00e+00
 3.25848e+15	1.08e-10	5.88e-05	1.00e+00
 3.37850e+15	1.25e-10	6.37e-05	1.00e+00
 3.48498e+15	1.42e-10	6.83e-05	1.00e+00
 3.60081e+15	1.63e-10	7.35e-05	1.00e+00
 3.73962e+15	1.91e-10	8.00e-05	1.00e+00
 3.87686e+15	2.22e-10	8.67e-05	1.00e+00
 4.00001e+15	2.53e-10	9.31e-05	1.00e+00
 4.13631e+15	2.91e-10	1.00e-04	1.00e+00
 4.29763e+15	3.43e-10	1.09e-04	1.00e+00
 4.45721e+15	4.00e-10	1.19e-04	1.00e+00
 4.60446e+15	4.59e-10	1.28e-04	1.00e+00
 4.76994e+15	5.34e-10	1.39e-04	1.00e+00
 4.96076e+15	6.33e-10	1.51e-04	1.00e+00
 5.14728e+15	7.41e-10	1.65e-04	1.00e+00
 5.34125e+15	8.69e-10	1.79e-04	1.00e+00
 5.51879e+15	1.00e-09	1.93e-04	1.00e+00
 5.65035e+15	1.11e-09	2.03e-04	1.00e+00
 5.78551e+15	1.23e-09	2.14e-04	1.00e+00
 5.96122e+15	1.40e-09	2.29e-04	1.00e+00
 6.15138e+15	1.60e-09	2.46e-04	1.00e+00
 6.32283e+15	1.80e-09	2.61e-04	1.00e+00
 6.50826e+15	2.04e-09	2.79e-04	1.00e+00
 6.74533e+15	2.38e-09	3.02e-04	1.00e+00
 6.98388e+15	2.76e-09	3.27e-04	1.00e+00
 7.18133e+15	3.12e-09	3.48e-04	1.00e+00
 7.39102e+15	3.53e-09	3.71e-04	1.00e+00
 7.65975e+15	4.11e-09	4.01e-04	1.00e+00
 7.94289e+15	4.80e-09	4.35e-04	1.00e+00
 8.19525e+15	5.49e-09	4.66e-04	1.00e+00
 8.46990e+15	6.32e-09	5.01e-04	9.99e-01
 8.79766e+15	7.44e-09	5.45e-04	9.99e-01
 9.11965e+15	8.66e-09	5.89e-04	9.99e-01
 9.40915e+15	9.87e-09	6.31e-04	9.99e-01
 9.73121e+15	1.14e-08	6.79e-04	9.99e-01
 1.01115e+16	1.34e-08	7.38e-04	9.99e-01
 1.04860e+16	1.56e-08	7.98e-04	9.99e-01
 1.08316e+16	1.78e-08	8.56e-04	9.99e-01
 1.12210e+16	2.07e-08	9.25e-04	9.99e-01
 1.15970e+16	2.38e-08	9.92e-04	9.99e-01
 1.18730e+16	2.62e-08	1.04e-03	9.99e-01
 1.21493e+16	2.89e-08	1.10e-03	9.99e-01
 1.25084e+16	3.27e-08	1.17e-03	9.99e-01
 1.28972e+16	3.71e-08	1.25e-03	9.99e-01
 1.32441e+16	4.14e-08	1.32e-03	9.99e-01
 1.36144e+16	4.65e-08	1.40e-03	9.99e-01
 1.40959e+16	5.39e-08	1.51e-03	9.98e-01
 1.45813e+16	6.18e-08	1.62e-03	9.98e-01
 1.49716e+16	6.89e-08	1.71e-03	9.98e-01
 1.53791e+16	7.71e-08	1.82e-03	9.98e-01
 1.59088e+16	8.88e-08	1.95e-03	9.98e-01
 1.64649e+16	1.02e-07	2.10e-03	9.98e-01
 1.69392e+16	1.14e-07	2.23e-03	9.98e-01
 1.74394e+16	1.29e-07	2.38e-03	9.98e-01
 1.80765e+16	1.50e-07	2.58e-03	9.97e-01
 1.87129e+16	1.73e-07	2.78e-03	9.97e-01
 1.92268e+16	1.93e-07	2.95e-03	9.97e-01
 1.97606e+16	2.16e-07	3.15e-03	9.97e-01
 2.04544e+16	2.51e-07	3.42e-03	9.97e-01
 2.11609e+16	2.88e-07	3.69e-03	9.96e-01
 2.17286e+16	3.21e-07	3.92e-03	9.96e-01
 2.22144e+16	3.52e-07	4.14e-03	9.96e-01
 2.27490e+16	3.91e-07	4.40e-03	9.96e-01
 2.33288e+16	4.36e-07	4.69e-03	9.95e-01
 2.38638e+16	4.80e-07	4.97e-03	9.95e-01
 2.44557e+16	5.40e-07	5.33e-03	9.95e-01
 2.50830e+16	6.04e-07	5.71e-03	9.94e-01
 2.56439e+16	6.68e-07	6.09e-03	9.94e-01
 2.62608e+16	7.54e-07	6.56e-03	9.93e-01
 2.69209e+16	8.53e-07	7.11e-03	9.93e-01
 2.75137e+16	9.53e-07	7.64e-03	9.92e-01
 2.80467e+16	1.05e-06	8.18e-03	9.92e-01
 2.85488e+16	1.17e-06	8.75e-03	9.91e-01
 2.91250e+16	1.32e-06	9.50e-03	9.91e-01
 2.97326e+16	1.49e-06	1.04e-02	9.90e-01
 3.02504e+16	1.67e-06	1.12e-02	9.89e-01
 3.07140e+16	1.86e-06	1.21e-02	9.88e-01
 3.11565e+16	2.06e-06	1.30e-02	9.87e-01
 3.15827e+16	2.30e-06	1.41e-02	9.86e-01
 3.19997e+16	2.55e-06	1.52e-02	9.85e-01
 3.24087e+16	2.86e-06	1.65e-02	9.83e-01
 3.28051e+16	3.19e-06	1.79e-02	9.82e-01
 3.31860e+16	3.60e-06	1.96e-02	9.80e-01
 3.35524e+16	4.02e-06	2.14e-02	9.79e-01
 3.39056e+16	4.50e-06	2.34e-02	9.77e-01
 3.42516e+16	5.17e-06	2.57e-02	9.74e-01
 3.45753e+16	5.77e-06	2.83e-02	9.72e-01
 3.48795e+16	6.60e-06	3.12e-02	9.69e-01
 3.51735e+16	7.44e-06	3.45e-02	9.66e-01
 3.54551e+16	8.61e-06	3.82e-02	9.62e-01
 3.57189e+16	9.78e-06	4.25e-02	9.58e-01
 3.59640e+16	1.11e-05	4.71e-02	9.53e-01
 3.62045e+16	1.27e-05	5.27e-02	9.47e-01
 3.64356e+16	1.47e-05	5.91e-02	9.41e-01
 3.66471e+16	1.71e-05	6.62e-02	9.34e-01
 3.68341e+16	1.95e-05	7.39e-02	9.26e-01
 3.70338e+16	2.26e-05	8.37e-02	9.16e-01
 3.72445e+16	2.69e-05	9.65e-02	9.03e-01
 3.74159e+16	3.18e-05	1.10e-01	8.90e-01
 3.75480e+16	3.57e-05	1.22e-01	8.78e-01
 3.76829e+16	4.12e-05	1.37e-01	8.63e-01
 3.78316e+16	4.88e-05	1.56e-01	8.44e-01
 3.79605e+16	5.67e-05	1.77e-01	8.23e-01
 3.80667e+16	6.42e-05	1.97e-01	8.03e-01
 3.81808e+16	7.50e-05	2.22e-01	7.78e-01
 3.82990e+16	8.75e-05	2.52e-01	7.48e-01
 3.83867e+16	9.82e-05	2.79e-01	7.21e-01
 3.84651e+16	1.10e-04	3.06e-01	6.94e-01
 3.85432e+16	1.23e-04	3.35e-01	6.65e-01
 3.86083e+16	1.36e-04	3.62e-01	6.38e-01
 3.86802e+16	1.51e-04	3.94e-01	6.06e-01
 3.87584e+16	1.69e-04	4.31e-01	5.69e-01
 3.88288e+16	1.87e-04	4.67e-01	5.33e-01
 3.88939e+16	2.04e-04	5.02e-01	4.98e-01
 3.89681e+16	2.26e-04	5.43e-01	4.57e-01
 3.90501e+16	2.51e-04	5.88e-01	4.12e-01
 3.91275e+16	2.75e-04	6.31e-01	3.69e-01
 3.92138e+16	3.03e-04	6.77e-01	3.22e-01
 3.93104e+16	3.34e-04	7.25e-01	2.74e-01
 3.94057e+16	3.64e-04	7.68e-01	2.31e-01
 3.95147e+16	3.96e-04	8.11e-01	1.88e-01
 3.96562e+16	4.34e-04	8.57e-01	1.43e-01
 3.98403e+16	4.76e-04	9.00e-01	9.96e-02
 4.00460e+16	5.15e-04	9.32e-01	6.75e-02
 4.02799e+16	5.52e-04	9.55e-01	4.42e-02
 4.05838e+16	5.95e-04	9.73e-01	2.66e-02
 4.09790e+16	6.46e-04	9.85e-01	1.48e-02
 4.14065e+16	7.03e-04	9.91e-01	8.61e-03
 4.17847e+16	7.59e-04	9.94e-01	5.63e-03
 4.21193e+16	8.15e-04	9.95e-01	4.00e-03
 4.24887e+16	8.86e-04	9.96e-01	2.79e-03
 4.28765e+16	9.73e-04	9.97e-01	1.99e-03
 4.31904e+16	1.06e-03	9.97e-01	1.55e-03
 4.33945e+16	1.12e-03	9.98e-01	1.34e-03
 4.35177e+16	1.16e-03	9.98e-01	1.22e-03
 4.36415e+16	1.21e-03	9.98e-01	1.11e-03
 4.38026e+16	1.27e-03	9.98e-01	9.82e-04
 4.39838e+16	1.35e-03	9.98e-01	8.62e-04
 4.41472e+16	1.43e-03	9.98e-01	7.70e-04
 4.42836e+16	1.50e-03	9.98e-01	7.02e-04
 4.44288e+16	1.58e-03	9.98e-01	6.34e-04
 4.45882e+16	1.69e-03	9.98e-01	5.70e-04
 4.47274e+16	1.79e-03	9.98e-01	5.22e-04
 4.48320e+16	1.87e-03	9.98e-01	4.89e-04
 4.49128e+16	1.94e-03	9.98e-01	4.65e-04
 4.50007e+16	2.02e-03	9.98e-01	4.39e-04
 4.51149e+16	2.14e-03	9.97e-01	4.07e-04
 4.52285e+16	2.27e-03	9.97e-01	3.80e-04
 4.53131e+16	2.37e-03	9.97e-01	3.62e-04
 4.53816e+16	2.47e-03	9.97e-01	3.47e-04
 4.54576e+16	2.57e-03	9.97e-01	3.31e-04
 4.55565e+16	2.73e-03	9.97e-01	3.11e-04
 4.56540e+16	2.90e-03	9.97e-01	2.93e-04
 4.57248e+16	3.04e-03	9.97e-01	2.82e-04
 4.57817e+16	3.16e-03	9.97e-01	2.73e-04
 4.58453e+16	3.30e-03	9.96e-01	2.62e-04
 4.59279e+16	3.50e-03	9.96e-01	2.49e-04
 4.60102e+16	3.73e-03	9.96e-01	2.38e-04
 4.60714e+16	3.91e-03	9.96e-01	2.30e-04
 4.61212e+16	4.08e-03	9.96e-01	2.23e-04
 4.61769e+16	4.28e-03	9.96e-01	2.16e-04
 4.62492e+16	4.56e-03	9.95e-01	2.07e-04
 4.63211e+16	4.88e-03	9.95e-01	1.98e-04
 4.63743e+16	5.15e-03	9.95e-01	1.93e-04
 4.64180e+16	5.40e-03	9.94e-01	1.88e-04
 4.64676e+16	5.68e-03	9.94e-01	1.82e-04
 4.65321e+16	6.11e-03	9.94e-01	1.76e-04
 4.65969e+16	6.61e-03	9.93e-01	1.69e-04
 4.66461e+16	7.05e-03	9.93e-01	1.65e-04
 4.66880e+16	7.45e-03	9.92e-01	1.61e-04
 4.67360e+16	7.97e-03	9.92e-01	1.56e-04
 4.67985e+16	8.74e-03	9.91e-01	1.51e-04
 4.68629e+16	9.70e-03	9.90e-01	1.45e-04
 4.69133e+16	1.06e-02	9.89e-01	1.41e-04
 4.69532e+16	1.15e-02	9.88e-01	1.38e-04
 4.69959e+16	1.25e-02	9.87e-01	1.35e-04
 4.70439e+16	1.38e-02	9.86e-01	1.31e-04
 4.70869e+16	1.53e-02	9.85e-01	1.28e-04
 4.71216e+16	1.68e-02	9.83e-01	1.26e-04
 4.71524e+16	1.82e-02	9.82e-01	1.24e-04
 4.71872e+16	2.01e-02	9.80e-01	1.21e-04
 4.72248e+16	2.25e-02	9.77e-01	1.19e-04
 4.72565e+16	2.51e-02	9.75e-01	1.17e-04
 4.72819e+16	2.76e-02	9.72e-01	1.16e-04
 4.73084e+16	3.05e-02	9.69e-01	1.14e-04
 4.73381e+16	3.44e-02	9.66e-01	1.13e-04
 4.73646e+16	3.87e-02	9.61e-01	1.12e-04
 4.73861e+16	4.29e-02	9.57e-01	1.12e-04
 4.74051e+16	4.72e-02	9.53e-01	1.11e-04
 4.74265e+16	5.28e-02	9.47e-01	1.11e-04
 4.74490e+16	5.97e-02	9.40e-01	1.11e-04
 4.74675e+16	6.69e-02	9.33e-01	1.11e-04
 4.74825e+16	7.32e-02	9.27e-01	1.12e-04
 4.74981e+16	8.11e-02	9.19e-01	1.12e-04
 4.75149e+16	9.06e-02	9.09e-01	1.14e-04
 4.75302e+16	1.01e-01	8.99e-01	1.15e-04
 4.75438e+16	1.11e-01	8.88e-01	1.16e-04
 4.75565e+16	1.22e-01	8.78e-01	1.18e-04
 4.75681e+16	1.34e-01	8.66e-01	1.20e-04
 4.75788e+16	1.45e-01	8.55e-01	1.22e-04
 4.75888e+16	1.57e-01	8.43e-01	1.23e-04
 4.75978e+16	1.69e-01	8.31e-01	1.25e-04
 4.76048e+16	1.79e-01	8.21e-01	1.27e-04
 4.76095e+16	1.86e-01	8.14e-01	1.28e-04
 4.76139e+16	1.93e-01	8.07e-01	1.29e-04
 4.76190e+16	2.01e-01	7.99e-01	1.30e-04
 4.76245e+16	2.11e-01	7.89e-01	1.31e-04
 4.76298e+16	2.20e-01	7.80e-01	1.32e-04
 4.76347e+16	2.29e-01	7.71e-01	1.34e-04
 4.76396e+16	2.39e-01	7.61e-01	1.35e-04
 4.76445e+16	2.49e-01	7.51e-01	1.37e-04
 4.76494e+16	2.59e-01	7.41e-01	1.38e-04
 4.76542e+16	2.70e-01	7.30e-01	1.39e-04
 4.76589e+16	2.81e-01	7.19e-01	1.40e-04
 4.76635e+16	2.92e-01	7.08e-01	1.42e-04
 4.76681e+16	3.04e-01	6.96e-01	1.43e-04
 4.76727e+16	3.16e-01	6.84e-01	1.44e-04
 4.76772e+16	3.28e-01	6.71e-01	1.46e-04
 4.76816e+16	3.41e-01	6.59e-01	1.47e-04
 4.76860e+16	3.54e-01	6.46e-01	1.48e-04
 4.76903e+16	3.66e-01	6.34e-01	1.49e-04
 4.76946e+16	3.80e-01	6.20e-01	1.51e-04
 4.76989e+16	3.93e-01	6.07e-01	1.51e-04
 4.77031e+16	4.07e-01	5.93e-01	1.52e-04
 4.77072e+16	4.20e-01	5.80e-01	1.53e-04
 4.77112e+16	4.34e-01	5.66e-01	1.54e-04
 4.77153e+16	4.48e-01	5.52e-01	1.55e-04
 4.77193e+16	4.62e-01	5.37e-01	1.56e-04
 4.77232e+16	4.76e-01	5.24e-01	1.57e-04
 4.77271e+16	4.90e-01	5.09e-01	1.57e-04
 4.77309e+16	5.04e-01	4.96e-01	1.58e-04
 4.77346e+16	5.18e-01	4.82e-01	1.58e-04
 4.77383e+16	5.32e-01	4.68e-01	1.58e-04
 4.77419e+16	5.46e-01	4.54e-01	1.58e-04
 4.77455e+16	5.59e-01	4.41e-01	1.59e-04
 4.77490e+16	5.72e-01	4.28e-01	1.59e-04
 4.77523e+16	5.85e-01	4.15e-01	1.59e-04
 4.77556e+16	5.98e-01	4.02e-01	1.59e-04
 4.77589e+16	6.10e-01	3.89e-01	1.59e-04
 4.77622e+16	6.23e-01	3.77e-01	1.58e-04
 4.77653e+16	6.35e-01	3.65e-01	1.58e-04
 4.77684e+16	6.47e-01	3.53e-01	1.57e-04
 4.77715e+16	6.58e-01	3.42e-01	1.57e-04
 4.77745e+16	6.70e-01	3.30e-01	1.56e-04
 4.77775e+16	6.80e-01	3.19e-01	1.55e-04
 4.77804e+16	6.91e-01	3.09e-01	1.54e-04
 4.77833e+16	7.01e-01	2.98e-01	1.53e-04
 4.77861e+16	7.11e-01	2.88e-01	1.53e-04
 4.77889e+16	7.21e-01	2.79e-01	1.52e-04
 4.77916e+16	7.30e-01	2.69e-01	1.51e-04
 4.77943e+16	7.40e-01	2.60e-01	1.49e-04
 4.77970e+16	7.49e-01	2.51e-01	1.48e-04
 4.77996e+16	7.57e-01	2.43e-01	1.47e-04
 4.78022e+16	7.66e-01	2.34e-01	1.46e-04
 4.78048e+16	7.74e-01	2.26e-01	1.45e-04
 4.78073e+16	7.82e-01	2.18e-01	1.43e-04
 4.78098e+16	7.89e-01	2.10e-01	1.42e-04
 4.78123e+16	7.97e-01	2.03e-01	1.40e-04
 4.78148e+16	8.04e-01	1.96e-01	1.39e-04
 4.78172e+16	8.11e-01	1.89e-01	1.37e-04
 4.78192e+16	8.16e-01	1.83e-01	1.36e-04
 4.78207e+16	8.21e-01	1.79e-01	1.34e-04
 4.78221e+16	8.24e-01	1.75e-01	1.33e-04
 4.78235e+16	8.28e-01	1.71e-01	1.32e-04
 4.78251e+16	8.33e-01	1.67e-01	1.31e-04
 4.78265e+16	8.36e-01	1.63e-01	1.29e-04
 4.78279e+16	8.40e-01	1.60e-01	1.28e-04
 4.78294e+16	8.44e-01	1.56e-01	1.27e-04
 4.78308e+16	8.47e-01	1.53e-01	1.26e-04
 4.78322e+16	8.51e-01	1.49e-01	1.25e-04
 4.78336e+16	8.54e-01	1.46e-01	1.23e-04
 4.78350e+16	8.57e-01	1.42e-01	1.22e-04
 4.78364e+16	8.61e-01	1.39e-01	1.21e-04
 4.78379e+16	8.64e-01	1.36e-01	1.20e-04
 4.78393e+16	8.67e-01	1.32e-01	1.18e-04
 4.78409e+16	8.71e-01	1.29e-01	1.17e-04
 4.78426e+16	8.75e-01	1.25e-01	1.15e-04
 4.78444e+16	8.78e-01	1.21e-01	1.14e-04
 4.78464e+16	8.83e-01	1.17e-01	1.12e-04
 4.78485e+16	8.87e-01	1.13e-01	1.10e-04
 4.78507e+16	8.91e-01	1.09e-01	1.08e-04
 4.78527e+16	8.95e-01	1.05e-01	1.05e-04
 4.78545e+16	8.98e-01	1.01e-01	1.03e-04
 4.78564e+16	9.02e-01	9.81e-02	1.01e-04
 4.78581e+16	9.05e-01	9.49e-02	9.91e-05
 4.78599e+16	9.08e-01	9.19e-02	9.71e-05
 4.78615e+16	9.11e-01	8.91e-02	9.51e-05
 4.78630e+16	9.13e-01	8.66e-02	9.33e-05
 4.78643e+16	9.16e-01	8.43e-02	9.15e-05
 4.78655e+16	9.18e-01	8.23e-02	8.99e-05
 4.78666e+16	9.19e-01	8.05e-02	8.85e-05
 4.78676e+16	9.21e-01	7.89e-02	8.71e-05
 4.78686e+16	9.22e-01	7.74e-02	8.58e-05
 4.78694e+16	9.24e-01	7.61e-02	8.46e-05
 4.78703e+16	9.25e-01	7.46e-02	8.34e-05
 4.78713e+16	9.27e-01	7.31e-02	8.20e-05
 4.78722e+16	9.28e-01	7.18e-02	8.08e-05
 4.78730e+16	9.29e-01	7.06e-02	7.97e-05
 4.78738e+16	9.31e-01	6.94e-02	7.85e-05
 4.78746e+16	9.32e-01	6.82e-02	7.74e-05
 4.78755e+16	9.33e-01	6.69e-02	7.62e-05
 4.78763e+16	9.34e-01	6.58e-02	7.50e-05
 4.78770e+16	9.35e-01	6.47e-02	7.40e-05
 4.78777e+16	9.36e-01	6.37e-02	7.29e-05
 4.78783e+16	9.37e-01	6.29e-02	7.20e-05
 4.78789e+16	9.38e-01	6.19e-02	7.11e-05
 4.78796e+16	9.39e-01	6.09e-02	7.01e-05
 4.78803e+16	9.40e-01	6.00e-02	6.91e-05
 4.78809e+16	9.41e-01	5.92e-02	6.81e-05
 4.78815e+16	9.42e-01	5.83e-02	6.72e-05
 4.78822e+16	9.43e-01	5.74e-02	6.61e-05
 4.78829e+16	9.43e-01	5.65e-02	6.52e-05
 4.78835e+16	9.44e-01	5.57e-02	6.43e-05
 4.78840e+16	9.45e-01	5.50e-02	6.34e-05
 4.78846e+16	9.46e-01	5.42e-02	6.26e-05
 4.78852e+16	9.47e-01	5.34e-02	6.17e-05
 4.78858e+16	9.47e-01	5.27e-02	6.08e-05
 4.78863e+16	9.48e-01	5.20e-02	5.99e-05
 4.78868e+16	9.49e-01	5.14e-02	5.92e-05
 4.78873e+16	9.49e-01	5.07e-02	5.84e-05
 4.78879e+16	9.50e-01	4.99e-02	5.76e-05
 4.78884e+16	9.51e-01	4.93e-02	5.68e-05
 4.78889e+16	9.51e-01	4.86e-02	5.59e-05
 4.78894e+16	9.52e-01	4.80e-02	5.52e-05
 4.78900e+16	9.53e-01	4.74e-02	5.45e-05
 4.78906e+16	9.53e-01	4.67e-02	5.37e-05
 4.78911e+16	9.54e-01	4.60e-02	5.29e-05
 4.78916e+16	9.55e-01	4.54e-02	5.21e-05
 4.78921e+16	9.55e-01	4.48e-02	5.14e-05
 4.78926e+16	9.56e-01	4.42e-02	5.08e-05
 4.78932e+16	9.56e-01	4.36e-02	5.00e-05
 4.78938e+16	9.57e-01	4.30e-02	4.92e-05
 4.78943e+16	9.58e-01	4.24e-02	4.85e-05
 4.78947e+16	9.58e-01	4.19e-02	4.79e-05
 4.78953e+16	9.59e-01	4.13e-02	4.72e-05
 4.78959e+16	9.59e-01	4.07e-02	4.65e-05
 4.78964e+16	9.60e-01	4.01e-02	4.58e-05
 4.78969e+16	9.60e-01	3.96e-02	4.51e-05
 4.78975e+16	9.61e-01	3.91e-02	4.46e-05
 4.78982e+16	9.62e-01	3.83e-02	4.37e-05
 4.78990e+16	9.62e-01	3.76e-02	4.29e-05
 4.78997e+16	9.63e-01	3.70e-02	4.21e-05
 4.79003e+16	9.64e-01	3.64e-02	4.15e-05
 4.79009e+16	9.64e-01	3.59e-02	4.08e-05
 4.79015e+16	9.65e-01	3.53e-02	4.02e-05
 4.79022e+16	9.65e-01	3.47e-02	3.95e-05
 4.79029e+16	9.66e-01	3.42e-02	3.89e-05
 4.79034e+16	9.66e-01	3.37e-02	3.83e-05
 4.79040e+16	9.67e-01	3.32e-02	3.78e-05
 4.79047e+16	9.67e-01	3.27e-02	3.71e-05
 4.79053e+16	9.68e-01	3.22e-02	3.65e-05
 4.79060e+16	9.68e-01	3.16e-02	3.60e-05
 4.79067e+16	9.69e-01	3.11e-02	3.53e-05
 4.79074e+16	9.69e-01	3.06e-02	3.48e-05
 4.79080e+16	9.70e-01	3.02e-02	3.43e-05
 4.79087e+16	9.70e-01	2.97e-02	3.37e-05
 4.79095e+16	9.71e-01	2.91e-02	3.30e-05
 4.79104e+16	9.71e-01	2.85e-02	3.24e-05
 4.79113e+16	9.72e-01	2.80e-02	3.17e-05
 4.79121e+16	9.72e-01	2.75e-02	3.12e-05
 4.79127e+16	9.73e-01	2.70e-02	3.07e-05
 4.79135e+16	9.73e-01	2.66e-02	3.02e-05
 4.79143e+16	9.74e-01	2.61e-02	2.96e-05
 4.79151e+16	9.74e-01	2.57e-02	2.91e-05
 4.79159e+16	9.75e-01	2.52e-02	2.86e-05
 4.79168e+16	9.75e-01	2.47e-02	2.80e-05
 4.79176e+16	9.76e-01	2.43e-02	2.75e-05
 4.79185e+16	9.76e-01	2.38e-02	2.70e-05
 4.79194e+16	9.77e-01	2.34e-02	2.65e-05
 4.79203e+16	9.77e-01	2.29e-02	2.60e-05
 4.79211e+16	9.77e-01	2.26e-02	2.56e-05
 4.79220e+16	9.78e-01	2.21e-02	2.51e-05
 4.79229e+16	9.78e-01	2.17e-02	2.47e-05
 4.79238e+16	9.79e-01	2.14e-02	2.43e-05
 4.79247e+16	9.79e-01	2.10e-02	2.38e-05
 4.79257e+16	9.79e-01	2.06e-02	2.33e-05
 4.79266e+16	9.80e-01	2.02e-02	2.30e-05
 4.79276e+16	9.80e-01	1.98e-02	2.25e-05
 4.79287e+16	9.81e-01	1.94e-02	2.20e-05
 4.79297e+16	9.81e-01	1.90e-02	2.17e-05
 4.79308e+16	9.81e-01	1.86e-02	2.12e-05
 4.79320e+16	9.82e-01	1.83e-02	2.08e-05
 4.79330e+16	9.82e-01	1.79e-02	2.04e-05
 4.79342e+16	9.82e-01	1.75e-02	2.00e-05
 4.79354e+16	9.83e-01	1.72e-02	1.96e-05
 4.79366e+16	9.83e-01	1.69e-02	1.92e-05
 4.79378e+16	9.83e-01	1.65e-02	1.88e-05
 4.79392e+16	9.84e-01	1.61e-02	1.84e-05
 4.79404e+16	9.84e-01	1.58e-02	1.80e-05
 4.79418e+16	9.85e-01	1.55e-02	1.77e-05
 4.79435e+16	9.85e-01	1.50e-02	1.72e-05
 4.79454e+16	9.85e-01	1.46e-02	1.67e-05
 4.79472e+16	9.86e-01	1.43e-02	1.63e-05
 4.79487e+16	9.86e-01	1.40e-02	1.60e-05
 4.79504e+16	9.86e-01	1.36e-02	1.56e-05
 4.79523e+16	9.87e-01	1.33e-02	1.52e-05
 4.79540e+16	9.87e-01	1.30e-02	1.49e-05
 4.79558e+16	9.87e-01	1.27e-02	1.46e-05
 4.79583e+16	9.88e-01	1.24e-02	1.41e-05
 4.79609e+16	9.88e-01	1.20e-02	1.38e-05
 4.79632e+16	9.88e-01	1.17e-02	1.34e-05
 4.79658e+16	9.89e-01	1.14e-02	1.30e-05
 4.79686e+16	9.89e-01	1.11e-02	1.27e-05
 4.79712e+16	9.89e-01	1.08e-02	1.24e-05
 4.79739e+16	9.89e-01	1.06e-02	1.21e-05
 4.79776e+16	9.90e-01	1.03e-02	1.17e-05
 4.79815e+16	9.90e-01	9.98e-03	1.14e-05
 4.79850e+16	9.90e-01	9.73e-03	1.11e-05
 4.79890e+16	9.90e-01	9.49e-03	1.09e-05
 4.79940e+16	9.91e-01	9.22e-03	1.05e-05
 4.79995e+16	9.91e-01	8.99e-03	1.03e-05
 4.80055e+16	9.91e-01	8.76e-03	9.99e-06
 4.80133e+16	9.91e-01	8.51e-03	9.69e-06
 4.80217e+16	9.92e-01	8.31e-03	9.45e-06
 4.80308e+16	9.92e-01	8.13e-03	9.20e-06
 4.80408e+16	9.92e-01	7.98e-03	9.01e-06
 4.80523e+16	9.92e-01	7.83e-03	8.81e-06
 4.80673e+16	9.92e-01	7.69e-03	8.60e-06
 4.80867e+16	9.92e-01	7.56e-03	8.39e-06
 4.81120e+16	9.93e-01	7.42e-03	8.15e-06
 4.81449e+16	9.93e-01	7.27e-03	7.87e-06
 4.81876e+16	9.93e-01	7.11e-03	7.56e-06
 4.82432e+16	9.93e-01	6.92e-03	7.18e-06
 4.83155e+16	9.93e-01	6.69e-03	6.72e-06
 4.84071e+16	9.94e-01	6.41e-03	6.19e-06
 4.85117e+16	9.94e-01	6.12e-03	5.67e-06
 4.86189e+16	9.94e-01	5.85e-03	5.19e-06
 4.87263e+16	9.94e-01	5.60e-03	4.75e-06
 4.88362e+16	9.95e-01	5.35e-03	4.34e-06
 4.89498e+16	9.95e-01	5.11e-03	3.96e-06
 4.90663e+16	9.95e-01	4.88e-03	3.62e-06
 4.91852e+16	9.95e-01	4.65e-03	3.29e-06
 4.93066e+16	9.96e-01	4.44e-03	3.00e-06
 4.94307e+16	9.96e-01	4.23e-03	2.73e-06
 4.95573e+16	9.96e-01	4.03e-03	2.48e-06
 4.96867e+16	9.96e-01	3.84e-03	2.25e-06
 4.98189e+16	9.96e-01	3.66e-03	2.04e-06
 4.99538e+16	9.97e-01	3.49e-03	1.85e-06
 5.00916e+16	9.97e-01	3.32e-03	1.68e-06
 5.02301e+16	9.97e-01	3.16e-03	1.52e-06
 5.03709e+16	9.97e-01	3.01e-03	1.38e-06
 5.05172e+16	9.97e-01	2.86e-03	1.24e-06
 5.06674e+16	9.97e-01	2.71e-03	1.12e-06
 5.08202e+16	9.97e-01	2.58e-03	1.01e-06
 5.09757e+16	9.98e-01	2.45e-03	9.10e-07
 5.11347e+16	9.98e-01	2.32e-03	8.19e-07
 5.12975e+16	9.98e-01	2.20e-03	7.35e-07
 5.14635e+16	9.98e-01	2.09e-03	6.60e-07
 5.16329e+16	9.98e-01	1.98e-03	5.91e-07
 5.18061e+16	9.98e-01	1.87e-03	5.29e-07
 5.19835e+16	9.98e-01	1.77e-03	4.73e-07
 5.21651e+16	9.98e-01	1.68e-03	4.22e-07
 5.23507e+16	9.98e-01	1.58e-03	3.76e-07
 5.25407e+16	9.99e-01	1.50e-03	3.35e-07
 5.27352e+16	9.99e-01	1.41e-03	2.97e-07
 5.29345e+16	9.99e-01	1.33e-03	2.64e-07
 5.31391e+16	9.99e-01	1.25e-03	2.33e-07
 5.33491e+16	9.99e-01	1.18e-03	2.06e-07
 5.35648e+16	9.99e-01	1.11e-03	1.82e-07
 5.37866e+16	9.99e-01	1.04e-03	1.60e-07
 5.40149e+16	9.99e-01	9.81e-04	1.40e-07
 5.42498e+16	9.99e-01	9.20e-04	1.22e-07
 5.44920e+16	9.99e-01	8.61e-04	1.07e-07
 5.47420e+16	9.99e-01	8.06e-04	9.28e-08
 5.49968e+16	9.99e-01	7.54e-04	8.06e-08
 5.52579e+16	9.99e-01	7.04e-04	6.97e-08
 5.55329e+16	9.99e-01	6.55e-04	5.99e-08
 5.58218e+16	9.99e-01	6.09e-04	5.12e-08
 5.61217e+16	9.99e-01	5.64e-04	4.35e-08
 5.64339e+16	9.99e-01	5.21e-04	3.68e-08
 5.67603e+16	1.00e+00	4.81e-04	3.09e-08
 5.71016e+16	1.00e+00	4.42e-04	2.58e-08
 5.74599e+16	1.00e+00	4.04e-04	2.13e-08
 5.78403e+16	1.00e+00	3.68e-04	1.75e-08
 5.82409e+16	1.00e+00	3.33e-04	1.42e-08
 5.86657e+16	1.00e+00	3.00e-04	1.13e-08
 5.91224e+16	1.00e+00	2.68e-04	8.91e-09
 5.96120e+16	1.00e+00	2.37e-04	6.89e-09
 6.01405e+16	1.00e+00	2.07e-04	5.22e-09
 6.07171e+16	1.00e+00	1.78e-04	3.84e-09
 6.13531e+16	1.00e+00	1.51e-04	2.75e-09
 6.20640e+16	1.00e+00	1.25e-04	1.88e-09
 6.29032e+16	1.00e+00	1.00e-04	1.20e-09
 6.38871e+16	1.00e+00	7.78e-05	7.23e-10
 6.49348e+16	1.00e+00	5.94e-05	4.24e-10
 6.60610e+16	1.00e+00	4.45e-05	2.38e-10
 6.73772e+16	1.00e+00	3.18e-05	1.23e-10
 6.88465e+16	1.00e+00	2.22e-05	6.01e-11
 7.03750e+16	1.00e+00	1.53e-05	2.90e-11
 7.19336e+16	1.00e+00	1.06e-05	1.41e-11
 7.34997e+16	1.00e+00	7.42e-06	6.95e-12
 7.50659e+16	1.00e+00	5.22e-06	3.49e-12
 7.66321e+16	1.00e+00	3.70e-06	1.77e-12
 7.81982e+16	1.00e+00	2.64e-06	9.17e-13
 7.97643e+16	1.00e+00	1.90e-06	4.81e-13
 8.13304e+16	1.00e+00	1.38e-06	2.56e-13
 8.28965e+16	1.00e+00	1.01e-06	1.38e-13
 8.44626e+16	1.00e+00	7.39e-07	7.55e-14
 8.60287e+16	1.00e+00	5.46e-07	4.18e-14
 8.75948e+16	1.00e+00	4.05e-07	2.34e-14
 8.91609e+16	1.00e+00	3.04e-07	1.33e-14
 9.09619e+16	1.00e+00	2.17e-07	6.90e-15
 9.30284e+16	1.00e+00	1.50e-07	3.37e-15
 9.51257e+16	1.00e+00	1.05e-07	1.67e-15
 9.72229e+16	1.00e+00	7.41e-08	8.43e-16
 9.95070e+16	1.00e+00	5.07e-08	4.02e-16
 1.01978e+17	1.00e+00	3.44e-08	1.88e-16
 1.04448e+17	1.00e+00	2.36e-08	9.00e-17
 1.07038e+17	1.00e+00	1.60e-08	4.22e-17
 1.09786e+17	1.00e+00	1.08e-08	1.94e-17
 1.12601e+17	1.00e+00	7.31e-09	9.00e-18
 1.15443e+17	1.00e+00	4.98e-09	4.23e-18
 1.18285e+17	1.00e+00	3.42e-09	2.03e-18
 1.21127e+17	1.00e+00	2.39e-09	9.96e-19
 1.23969e+17	1.00e+00	1.68e-09	4.98e-19
 1.26811e+17	1.00e+00	1.19e-09	2.53e-19
 1.29653e+17	1.00e+00	8.53e-10	1.31e-19
 1.32495e+17	1.00e+00	6.16e-10	6.86e-20
 1.35338e+17	1.00e+00	4.48e-10	3.65e-20
 1.38181e+17	1.00e+00	3.28e-10	1.97e-20
 1.41024e+17	1.00e+00	2.42e-10	1.08e-20
 1.43867e+17	1.00e+00	1.80e-10	6.01e-21
 1.46709e+17	1.00e+00	1.35e-10	0.00e+00
 1.49551e+17	1.00e+00	1.02e-10	0.00e+00
 1.52394e+17	1.00e+00	7.72e-11	0.00e+00
 1.55663e+17	1.00e+00	5.62e-11	0.00e+00
 1.59475e+17	1.00e+00	3.95e-11	0.00e+00
 1.63404e+17	1.00e+00	2.79e-11	0.00e+00
 1.67507e+17	1.00e+00	1.96e-11	0.00e+00
 1.71826e+17	1.00e+00	1.38e-11	0.00e+00
 1.76250e+17	1.00e+00	9.79e-12	0.00e+00
 1.80736e+17	1.00e+00	7.09e-12	0.00e+00
 1.85310e+17	1.00e+00	5.24e-12	0.00e+00
 1.89971e+17	1.00e+00	3.96e-12	0.00e+00
 1.94632e+17	1.00e+00	3.10e-12	0.00e+00
 1.99292e+17	1.00e+00	2.51e-12	0.00e+00
 2.04186e+17	1.00e+00	2.09e-12	0.00e+00
 2.09360e+17	1.00e+00	1.75e-12	0.00e+00
 2.14661e+17	1.00e+00	1.53e-12	0.00e+00
 2.20088e+17	1.00e+00	1.37e-12	0.00e+00
 2.25594e+17	1.00e+00	1.26e-12	0.00e+00
 2.31762e+17	1.00e+00	1.17e-12	0.00e+00
 2.38847e+17	1.00e+00	1.02e-12	0.00e+00
 2.46139e+17	1.00e+00	9.16e-13	0.00e+00
 2.53313e+17	1.00e+00	8.91e-13	0.00e+00
 2.60469e+17	1.00e+00	8.83e-13	0.00e+00
 2.67704e+17	1.00e+00	8.71e-13	0.00e+00
 2.74985e+17	1.00e+00	8.56e-13	0.00e+00
 2.82245e+17	1.00e+00	8.50e-13	0.00e+00
 2.89455e+17	1.00e+00	8.48e-13	0.00e+00
 2.96569e+17	1.00e+00	8.51e-13	0.00e+00
 3.03551e+17	1.00e+00	8.57e-13	0.00e+00
 3.10370e+17	1.00e+00	8.68e-13	0.00e+00
 3.16987e+17	1.00e+00	8.81e-13	0.00e+00
 3.23338e+17	1.00e+00	8.99e-13	0.00e+00
 3.29401e+17	1.00e+00	9.24e-13	0.00e+00
 3.35201e+17	1.00e+00	9.49e-13	0.00e+00
 3.40751e+17	1.00e+00	9.73e-13	0.00e+00
 3.46046e+17	1.00e+00	9.96e-13	0.00e+00
 3.51070e+17	1.00e+00	1.02e-12	0.00e+00
 3.55818e+17	1.00e+00	1.05e-12	0.00e+00
 3.60297e+17	1.00e+00	1.07e-12	0.00e+00
 3.64524e+17	1.00e+00	1.10e-12	0.00e+00
 3.68515e+17	1.00e+00	1.13e-12	0.00e+00
 3.72273e+17	1.00e+00	1.15e-12	0.00e+00
 3.75805e+17	1.00e+00	1.17e-12	0.00e+00
 3.79125e+17	1.00e+00	1.20e-12	0.00e+00
 3.82257e+17	1.00e+00	1.22e-12	0.00e+00
 3.85215e+17	1.00e+00	1.24e-12	0.00e+00
 3.88011e+17	1.00e+00	1.26e-12	0.00e+00
 3.90647e+17	1.00e+00	1.28e-12	0.00e+00
 3.93133e+17	1.00e+00	1.29e-12	0.00e+00
 3.95479e+17	1.00e+00	1.31e-12	0.00e+00
 3.97695e+17	1.00e+00	1.33e-12	0.00e+00
 3.99791e+17	1.00e+00	1.34e-12	0.00e+00
 4.01774e+17	1.00e+00	1.36e-12	0.00e+00
 4.03652e+17	1.00e+00	1.37e-12	0.00e+00
 4.05429e+17	1.00e+00	1.38e-12	0.00e+00
 4.07110e+17	1.00e+00	1.39e-12	0.00e+00
 4.08704e+17	1.00e+00	1.40e-12	0.00e+00
 4.10215e+17	1.00e+00	1.41e-12	0.00e+00
 4.11650e+17	1.00e+00	1.42e-12	0.00e+00
 4.13011e+17	1.00e+00	1.43e-12	0.00e+00
 4.14304e+17	1.00e+00	1.44e-12	0.00e+00
 4.15532e+17	1.00e+00	1.45e-12	0.00e+00
 4.16700e+17	1.00e+00	1.46e-12	0.00e+00
 4.17810e+17	1.00e+00	1.46e-12	0.00e+00
 4.18868e+17	1.00e+00	1.47e-12	0.00e+00
 4.19876e+17	1.00e+00	1.48e-12	0.00e+00
 4.20836e+17	1.00e+00	1.48e-12	0.00e+00
 4.21752e+17	1.00e+00	1.49e-12	0.00e+00
 4.22625e+17	1.00e+00	1.49e-12	0.00e+00
 4.23461e+17	1.00e+00	1.50e-12	0.00e+00
 4.24259e+17	1.00e+00	1.50e-12	0.00e+00
 4.25024e+17	1.00e+00	1.51e-12	0.00e+00
 4.25756e+17	1.00e+00	1.51e-12	0.00e+00
 4.26459e+17	1.00e+00	1.51e-12	0.00e+00
 4.27133e+17	1.00e+00	1.52e-12	0.00e+00
 4.27782e+17	1.00e+00	1.52e-12	0.00e+00
 4.28407e+17	1.00e+00	1.53e-12	0.00e+00
 4.29010e+17	1.00e+00	1.53e-12	0.00e+00
 4.29593e+17	1.00e+00	1.53e-12	0.00e+00
 4.30157e+17	1.00e+00	1.53e-12	0.00e+00
 4.30704e+17	1.00e+00	1.54e-12	0.00e+00
 4.31236e+17	1.00e+00	1.54e-12	0.00e+00
 4.31756e+17	1.00e+00	1.54e-12	0.00e+00
 4.32263e+17	1.00e+00	1.54e-12	0.00e+00
 4.32762e+17	1.00e+00	1.55e-12	0.00e+00
 4.33252e+17	1.00e+00	1.55e-12	0.00e+00
 4.33737e+17	1.00e+00	1.55e-12	0.00e+00
 4.34219e+17	1.00e+00	1.55e-12	0.00e+00
 4.34700e+17	1.00e+00	1.55e-12	0.00e+00
 4.35183e+17	1.00e+00	1.55e-12	0.00e+00
 4.35670e+17	1.00e+00	1.55e-12	0.00e+00
 4.36166e+17	1.00e+00	1.55e-12	0.00e+00
 4.36674e+17	1.00e+00	1.55e-12	0.00e+00
 4.37199e+17	1.00e+00	1.55e-12	0.00e+00
 4.37748e+17	1.00e+00	1.55e-12	0.00e+00
 4.38328e+17	1.00e+00	1.55e-12	0.00e+00
 4.38949e+17	1.00e+00	1.55e-12	0.00e+00
 4.39624e+17	1.00e+00	1.55e-12	0.00e+00
 4.40368e+17	1.00e+00	1.55e-12	0.00e+00
 4.41206e+17	1.00e+00	1.54e-12	0.00e+00
 4.42169e+17	1.00e+00	1.53e-12	0.00e+00
 4.43304e+17	1.00e+00	1.52e-12	0.00e+00
 4.44675e+17	1.00e+00	1.51e-12	0.00e+00
 4.46382e+17	1.00e+00	1.48e-12	0.00e+00
 4.48574e+17	1.00e+00	1.44e-12	0.00e+00
 4.51423e+17	1.00e+00	1.37e-12	0.00e+00
 4.55127e+17	1.00e+00	1.28e-12	0.00e+00
 4.59942e+17	1.00e+00	1.16e-12	0.00e+00
 4.66201e+17	1.00e+00	1.00e-12	0.00e+00
 4.74339e+17	1.00e+00	8.24e-13	0.00e+00
 4.84917e+17	1.00e+00	6.30e-13	0.00e+00
 4.98669e+17	1.00e+00	4.36e-13	0.00e+00
 5.16547e+17	1.00e+00	2.65e-13	0.00e+00
 5.37185e+17	1.00e+00	1.34e-13	0.00e+00
 5.58672e+17	1.00e+00	1.13e-13	0.00e+00
 5.81019e+17	1.00e+00	9.75e-14	0.00e+00
 6.04260e+17	1.00e+00	8.31e-14	0.00e+00
 6.28430e+17	1.00e+00	7.01e-14	0.00e+00
 6.53567e+17	1.00e+00	5.85e-14	0.00e+00
 6.79710e+17	1.00e+00	4.82e-14	0.00e+00
 7.06899e+17	1.00e+00	3.93e-14	0.00e+00
 7.35175e+17	1.00e+00	3.16e-14	0.00e+00
 7.63030e+17	1.00e+00	2.49e-14	0.00e+00
 7.89872e+17	1.00e+00	3.09e-14	0.00e+00
 8.14679e+17	1.00e+00	2.87e-14	0.00e+00
 8.37246e+17	1.00e+00	4.69e-14	0.00e+00
 8.57881e+17	1.00e+00	4.58e-14	0.00e+00
 8.74978e+17	1.00e+00	6.60e-14	0.00e+00
 8.89165e+17	1.00e+00	9.76e-14	0.00e+00
 9.02064e+17	1.00e+00	1.17e-13	0.00e+00
 9.14688e+17	1.00e+00	1.13e-13	0.00e+00
 9.26792e+17	1.00e+00	1.03e-13	0.00e+00
 9.37263e+17	1.00e+00	1.01e-13	0.00e+00
 9.44697e+17	1.00e+00	1.14e-13	0.00e+00
 9.48873e+17	1.00e+00	1.42e-13	0.00e+00
 9.51070e+17	1.00e+00	1.64e-13	0.00e+00
 9.52346e+17	1.00e+00	1.76e-13	0.00e+00
 9.53111e+17	1.00e+00	1.82e-13	0.00e+00
 9.53616e+17	1.00e+00	1.86e-13	0.00e+00
 9.54103e+17	1.00e+00	1.89e-13	0.00e+00
 9.54712e+17	1.00e+00	1.91e-13	0.00e+00
 9.55374e+17	1.00e+00	1.94e-13	0.00e+00
 9.55925e+17	1.00e+00	1.95e-13	0.00e+00
 9.56368e+17	1.00e+00	1.96e-13	0.00e+00
 9.56780e+17	1.00e+00	1.97e-13	0.00e+00
 9.57215e+17	1.00e+00	1.98e-13	0.00e+00
 9.57673e+17	1.00e+00	1.98e-13	0.00e+00
 9.58073e+17	1.00e+00	1.98e-13	0.00e+00
 9.58392e+17	1.00e+00	1.98e-13	0.00e+00
 9.58690e+17	1.00e+00	1.98e-13	0.00e+00
 9.59018e+17	1.00e+00	1.98e-13	0.00e+00
 9.59345e+17	1.00e+00	1.98e-13	0.00e+00
 9.59638e+17	1.00e+00	1.97e-13	0.00e+00
 9.59906e+17	1.00e+00	1.97e-13	0.00e+00
 9.60161e+17	1.00e+00	1.97e-13	0.00e+00
 9.60413e+17	1.00e+00	1.96e-13	0.00e+00
 9.60668e+17	1.00e+00	1.96e-13	0.00e+00
 9.60925e+17	1.00e+00	1.96e-13	0.00e+00
 9.61174e+17	1.00e+00	1.95e-13	0.00e+00
 9.61408e+17	1.00e+00	1.94e-13	0.00e+00
 9.61621e+17	1.00e+00	1.94e-13	0.00e+00
 9.61827e+17	1.00e+00	1.93e-13	0.00e+00
 9.62042e+17	1.00e+00	1.93e-13	0.00e+00
 9.62263e+17	1.00e+00	1.92e-13	0.00e+00
 9.62486e+17	1.00e+00	1.92e-13	0.00e+00
 9.62704e+17	1.00e+00	1.91e-13	0.00e+00
 9.62904e+17	1.00e+00	1.90e-13	0.00e+00
 9.63095e+17	1.00e+00	1.90e-13	0.00e+00
 9.63295e+17	1.00e+00	1.89e-13	0.00e+00
 9.63510e+17	1.00e+00	1.88e-13	0.00e+00
 9.63732e+17	1.00e+00	1.87e-13	0.00e+00
 9.63943e+17	1.00e+00	1.86e-13	0.00e+00
 9.64137e+17	1.00e+00	1.86e-13	0.00e+00
 9.64346e+17	1.00e+00	1.85e-13	0.00e+00
 9.64577e+17	1.00e+00	1.84e-13	0.00e+00
 9.64808e+17	1.00e+00	1.83e-13	0.00e+00
 9.65018e+17	1.00e+00	1.82e-13	0.00e+00
 9.65229e+17	1.00e+00	1.81e-13	0.00e+00
 9.65481e+17	1.00e+00	1.80e-13	0.00e+00
 9.65749e+17	1.00e+00	1.78e-13	0.00e+00
 9.65991e+17	1.00e+00	1.77e-13	0.00e+00
 9.66210e+17	1.00e+00	1.76e-13	0.00e+00
 9.66445e+17	1.00e+00	1.75e-13	0.00e+00
 9.66714e+17	1.00e+00	1.74e-13	0.00e+00
 9.66994e+17	1.00e+00	1.72e-13	0.00e+00
 9.67259e+17	1.00e+00	1.71e-13	0.00e+00
 9.67525e+17	1.00e+00	1.69e-13	0.00e+00
 9.67808e+17	1.00e+00	1.68e-13	0.00e+00
 9.68083e+17	1.00e+00	1.66e-13	0.00e+00
 9.68365e+17	1.00e+00	1.65e-13	0.00e+00
 9.68693e+17	1.00e+00	1.63e-13	0.00e+00
 9.69042e+17	1.00e+00	1.61e-13	0.00e+00
 9.69359e+17	1.00e+00	1.59e-13	0.00e+00
 9.69658e+17	1.00e+00	1.58e-13	0.00e+00
 9.69997e+17	1.00e+00	1.56e-13	0.00e+00
 9.70370e+17	1.00e+00	1.54e-13	0.00e+00
 9.70744e+17	1.00e+00	1.52e-13	0.00e+00
 9.71106e+17	1.00e+00	1.50e-13	0.00e+00
 9.71476e+17	1.00e+00	1.47e-13	0.00e+00
 9.71860e+17	1.00e+00	1.45e-13	0.00e+00
 9.72252e+17	1.00e+00	1.43e-13	0.00e+00
 9.72660e+17	1.00e+00	1.41e-13	0.00e+00
 9.73092e+17	1.00e+00	1.38e-13	0.00e+00
 9.73534e+17	1.00e+00	1.35e-13	0.00e+00
 9.73968e+17	1.00e+00	1.33e-13	0.00e+00
 9.74420e+17	1.00e+00	1.30e-13	0.00e+00
 9.74893e+17	1.00e+00	1.28e-13	0.00e+00
 9.75381e+17	1.00e+00	1.25e-13	0.00e+00
 9.75877e+17	1.00e+00	1.22e-13	0.00e+00
 9.76358e+17	1.00e+00	1.19e-13	0.00e+00
 9.76858e+17	1.00e+00	1.17e-13	0.00e+00
 9.77401e+17	1.00e+00	1.13e-13	0.00e+00
 9.77962e+17	1.00e+00	1.10e-13	0.00e+00
 9.78513e+17	1.00e+00	1.07e-13	0.00e+00
 9.79044e+17	1.00e+00	1.04e-13	0.00e+00
 9.79595e+17	1.00e+00	1.01e-13	0.00e+00
 9.80193e+17	1.00e+00	9.82e-14	0.00e+00
 9.80816e+17	1.00e+00	9.48e-14	0.00e+00
 9.81436e+17	1.00e+00	9.15e-14	0.00e+00
 9.82039e+17	1.00e+00	8.83e-14	0.00e+00
 9.82646e+17	1.00e+00	8.54e-14	0.00e+00
 9.83292e+17	1.00e+00	8.22e-14	0.00e+00
 9.83973e+17	1.00e+00	7.88e-14	0.00e+00
 9.84650e+17	1.00e+00	7.55e-14	0.00e+00
 9.85321e+17	1.00e+00	7.24e-14	0.00e+00
 9.86003e+17	1.00e+00	6.93e-14	0.00e+00
 9.86712e+17	1.00e+00	6.61e-14	0.00e+00
 9.87439e+17	1.00e+00	6.29e-14	0.00e+00
 9.88171e+17	1.00e+00	5.97e-14	0.00e+00
 9.88902e+17	1.00e+00	5.67e-14	0.00e+00
 9.89663e+17	1.00e+00	5.37e-14	0.00e+00
 9.90453e+17	1.00e+00	5.06e-14	0.00e+00
 9.91258e+17	1.00e+00	4.75e-14	0.00e+00
 9.92068e+17	1.00e+00	4.45e-14	0.00e+00
 9.92871e+17	1.00e+00	4.16e-14	0.00e+00
 9.93691e+17	1.00e+00	3.90e-14	0.00e+00
 9.94558e+17	1.00e+00	3.62e-14	0.00e+00
 9.95478e+17	1.00e+00	3.34e-14	0.00e+00
 9.96377e+17	1.00e+00	3.07e-14	0.00e+00
 9.97166e+17	1.00e+00	2.83e-14	0.00e+00
 9.97825e+17	1.00e+00	2.65e-14	0.00e+00
