#depth	C	C+	C+2	C+3	C+4	C+5	C+6	C[1]	C[2]	C[3]	C+[1]	C+[2]	CO
 1.49634e+10	0.00e+00	2.10e-33	2.89e-23	8.58e-14	1.29e-03	7.53e-01	2.46e-01	0.00e+00	0.00e+00	0.00e+00	0.00e+00	0.00e+00	3.54e-164
 4.54887e+10	2.85e-44	2.94e-33	3.74e-23	1.03e-13	1.42e-03	7.67e-01	2.32e-01	0.00e+00	0.00e+00	0.00e+00	0.00e+00	0.00e+00	7.34e-230
 7.72350e+10	0.00e+00	4.11e-33	4.84e-23	1.23e-13	1.57e-03	7.81e-01	2.18e-01	0.00e+00	0.00e+00	0.00e+00	0.00e+00	0.00e+00	4.61e-163
 1.10251e+11	6.55e-44	5.76e-33	6.26e-23	1.46e-13	1.73e-03	7.94e-01	2.05e-01	0.00e+00	0.00e+00	0.00e+00	0.00e+00	0.00e+00	3.66e-229
 1.43513e+11	0.00e+00	7.97e-33	8.01e-23	1.74e-13	1.90e-03	8.06e-01	1.92e-01	0.00e+00	0.00e+00	0.00e+00	0.00e+00	0.00e+00	5.74e-162
 1.78106e+11	1.46e-43	1.10e-32	1.03e-22	2.06e-13	2.09e-03	8.17e-01	1.81e-01	0.00e+00	0.00e+00	0.00e+00	0.00e+00	0.00e+00	1.77e-228
 2.15157e+11	0.00e+00	1.54e-32	1.33e-22	2.46e-13	2.30e-03	8.29e-01	1.69e-01	0.00e+00	0.00e+00	0.00e+00	0.00e+00	0.00e+00	7.17e-161
 2.53690e+11	3.35e-43	2.15e-32	1.71e-22	2.93e-13	2.53e-03	8.39e-01	1.58e-01	0.00e+00	0.00e+00	0.00e+00	0.00e+00	0.00e+00	8.34e-228
 2.93764e+11	0.00e+00	3.01e-32	2.21e-22	3.49e-13	2.79e-03	8.49e-01	1.48e-01	0.00e+00	0.00e+00	0.00e+00	0.00e+00	0.00e+00	9.30e-160
 3.35441e+11	7.66e-43	4.20e-32	2.85e-22	4.16e-13	3.06e-03	8.59e-01	1.38e-01	0.00e+00	0.00e+00	0.00e+00	0.00e+00	0.00e+00	3.98e-227
 3.78786e+11	0.00e+00	5.87e-32	3.67e-22	4.95e-13	3.36e-03	8.68e-01	1.29e-01	0.00e+00	0.00e+00	0.00e+00	0.00e+00	0.00e+00	1.21e-158
 4.23864e+11	1.75e-42	8.19e-32	4.73e-22	5.88e-13	3.69e-03	8.76e-01	1.20e-01	0.00e+00	0.00e+00	0.00e+00	0.00e+00	0.00e+00	1.87e-226
 4.70745e+11	0.00e+00	1.14e-31	6.10e-22	7.00e-13	4.06e-03	8.84e-01	1.12e-01	0.00e+00	0.00e+00	0.00e+00	0.00e+00	0.00e+00	1.57e-157
 5.19502e+11	4.00e-42	1.60e-31	7.86e-22	8.33e-13	4.45e-03	8.92e-01	1.04e-01	0.00e+00	0.00e+00	0.00e+00	0.00e+00	0.00e+00	8.64e-226
 5.70209e+11	0.00e+00	2.23e-31	1.01e-21	9.90e-13	4.88e-03	8.98e-01	9.67e-02	0.00e+00	0.00e+00	0.00e+00	0.00e+00	0.00e+00	2.05e-156
 6.22944e+11	9.17e-42	3.11e-31	1.31e-21	1.18e-12	5.36e-03	9.05e-01	8.99e-02	0.00e+00	0.00e+00	0.00e+00	0.00e+00	0.00e+00	3.70e-225
 6.72922e+11	0.00e+00	4.22e-31	1.65e-21	1.38e-12	5.83e-03	9.10e-01	8.40e-02	0.00e+00	0.00e+00	0.00e+00	0.00e+00	0.00e+00	2.41e-155
 7.18222e+11	1.86e-41	5.52e-31	2.02e-21	1.58e-12	6.28e-03	9.15e-01	7.92e-02	0.00e+00	0.00e+00	0.00e+00	0.00e+00	0.00e+00	1.60e-224
 7.69299e+11	0.00e+00	7.39e-31	2.52e-21	1.84e-12	6.80e-03	9.19e-01	7.41e-02	0.00e+00	0.00e+00	0.00e+00	0.00e+00	0.00e+00	2.08e-154
 8.29095e+11	4.04e-41	1.03e-30	3.24e-21	2.19e-12	7.45e-03	9.24e-01	6.88e-02	0.00e+00	0.00e+00	0.00e+00	0.00e+00	0.00e+00	3.44e-224
 8.88458e+11	0.00e+00	1.41e-30	4.12e-21	2.58e-12	8.13e-03	9.28e-01	6.40e-02	0.00e+00	0.00e+00	0.00e+00	0.00e+00	0.00e+00	2.51e-153
 9.44842e+11	8.58e-41	1.89e-30	5.13e-21	2.99e-12	8.80e-03	9.31e-01	5.99e-02	0.00e+00	0.00e+00	0.00e+00	0.00e+00	0.00e+00	1.17e-223
 1.00721e+12	0.00e+00	2.58e-30	6.50e-21	3.52e-12	9.59e-03	9.35e-01	5.58e-02	0.00e+00	0.00e+00	0.00e+00	0.00e+00	0.00e+00	2.53e-152
 1.07742e+12	1.92e-40	3.61e-30	8.40e-21	4.19e-12	1.05e-02	9.38e-01	5.16e-02	0.00e+00	0.00e+00	0.00e+00	0.00e+00	0.00e+00	1.11e-223
 1.14808e+12	0.00e+00	5.01e-30	1.08e-20	4.96e-12	1.15e-02	9.41e-01	4.78e-02	0.00e+00	0.00e+00	0.00e+00	0.00e+00	0.00e+00	3.26e-151
 1.22156e+12	4.33e-40	6.96e-30	1.38e-20	5.88e-12	1.26e-02	9.43e-01	4.43e-02	0.00e+00	0.00e+00	0.00e+00	0.00e+00	0.00e+00	0.00e+00
 1.30035e+12	0.00e+00	9.78e-30	1.79e-20	7.00e-12	1.38e-02	9.45e-01	4.09e-02	0.00e+00	0.00e+00	0.00e+00	0.00e+00	0.00e+00	4.24e-150
 1.38229e+12	1.01e-39	1.38e-29	2.32e-20	8.35e-12	1.52e-02	9.47e-01	3.77e-02	0.00e+00	0.00e+00	0.00e+00	0.00e+00	0.00e+00	0.00e+00
 1.46084e+12	0.00e+00	1.89e-29	2.95e-20	9.83e-12	1.65e-02	9.49e-01	3.50e-02	0.00e+00	0.00e+00	0.00e+00	0.00e+00	0.00e+00	5.23e-149
 1.53349e+12	2.12e-39	2.50e-29	3.66e-20	1.14e-11	1.78e-02	9.49e-01	3.27e-02	0.00e+00	0.00e+00	0.00e+00	0.00e+00	0.00e+00	0.00e+00
 1.61571e+12	0.00e+00	3.41e-29	4.63e-20	1.34e-11	1.94e-02	9.50e-01	3.03e-02	0.00e+00	0.00e+00	0.00e+00	0.00e+00	0.00e+00	5.04e-148
 1.71027e+12	4.78e-39	4.82e-29	6.02e-20	1.60e-11	2.13e-02	9.51e-01	2.79e-02	0.00e+00	0.00e+00	0.00e+00	0.00e+00	0.00e+00	0.00e+00
 1.80321e+12	0.00e+00	6.69e-29	7.72e-20	1.89e-11	2.33e-02	9.51e-01	2.58e-02	0.00e+00	0.00e+00	0.00e+00	0.00e+00	0.00e+00	6.55e-147
 1.89254e+12	1.05e-38	9.06e-29	9.72e-20	2.21e-11	2.53e-02	9.51e-01	2.40e-02	0.00e+00	0.00e+00	0.00e+00	0.00e+00	0.00e+00	0.00e+00
 1.99083e+12	0.00e+00	1.25e-28	1.24e-19	2.61e-11	2.76e-02	9.50e-01	2.21e-02	0.00e+00	0.00e+00	0.00e+00	0.00e+00	0.00e+00	7.14e-146
 2.10039e+12	2.42e-38	1.78e-28	1.62e-19	3.13e-11	3.03e-02	9.49e-01	2.03e-02	0.00e+00	0.00e+00	0.00e+00	0.00e+00	0.00e+00	0.00e+00
 2.21080e+12	0.00e+00	2.50e-28	2.10e-19	3.73e-11	3.32e-02	9.48e-01	1.87e-02	0.00e+00	0.00e+00	0.00e+00	0.00e+00	0.00e+00	9.75e-145
 2.32562e+12	5.62e-38	3.51e-28	2.72e-19	4.44e-11	3.64e-02	9.46e-01	1.71e-02	0.00e+00	0.00e+00	0.00e+00	0.00e+00	0.00e+00	0.00e+00
 2.44857e+12	0.00e+00	5.00e-28	3.56e-19	5.33e-11	4.00e-02	9.44e-01	1.57e-02	0.00e+00	0.00e+00	0.00e+00	0.00e+00	0.00e+00	1.35e-143
 2.57644e+12	1.35e-37	7.12e-28	4.66e-19	6.39e-11	4.39e-02	9.42e-01	1.44e-02	0.00e+00	0.00e+00	0.00e+00	0.00e+00	0.00e+00	0.00e+00
 2.70943e+12	0.00e+00	1.01e-27	6.09e-19	7.66e-11	4.82e-02	9.39e-01	1.31e-02	0.00e+00	0.00e+00	0.00e+00	0.00e+00	0.00e+00	1.94e-142
 2.84773e+12	3.26e-37	1.45e-27	8.01e-19	9.21e-11	5.30e-02	9.35e-01	1.20e-02	0.00e+00	0.00e+00	0.00e+00	0.00e+00	0.00e+00	0.00e+00
 2.98640e+12	0.00e+00	2.05e-27	1.04e-18	1.10e-10	5.80e-02	9.31e-01	1.09e-02	0.00e+00	0.00e+00	0.00e+00	0.00e+00	0.00e+00	2.74e-141
 3.13061e+12	7.68e-37	2.89e-27	1.35e-18	1.31e-10	6.35e-02	9.27e-01	1.00e-02	0.00e+00	0.00e+00	0.00e+00	0.00e+00	0.00e+00	0.00e+00
 3.28576e+12	0.00e+00	4.14e-27	1.78e-18	1.58e-10	6.97e-02	9.21e-01	9.09e-03	0.00e+00	0.00e+00	0.00e+00	0.00e+00	0.00e+00	3.87e-140
 3.44712e+12	1.87e-36	5.93e-27	2.34e-18	1.90e-10	7.65e-02	9.15e-01	8.26e-03	0.00e+00	0.00e+00	0.00e+00	0.00e+00	0.00e+00	0.00e+00
 3.61493e+12	0.00e+00	8.50e-27	3.08e-18	2.28e-10	8.39e-02	9.09e-01	7.49e-03	0.00e+00	0.00e+00	0.00e+00	0.00e+00	0.00e+00	5.77e-139
 3.78945e+12	4.58e-36	1.22e-26	4.05e-18	2.75e-10	9.20e-02	9.01e-01	6.79e-03	0.00e+00	0.00e+00	0.00e+00	0.00e+00	0.00e+00	0.00e+00
 3.97096e+12	0.00e+00	1.75e-26	5.33e-18	3.30e-10	1.01e-01	8.93e-01	6.14e-03	0.00e+00	0.00e+00	0.00e+00	0.00e+00	0.00e+00	8.63e-138
 4.13579e+12	1.06e-35	2.40e-26	6.79e-18	3.88e-10	1.09e-01	8.85e-01	5.62e-03	0.00e+00	0.00e+00	0.00e+00	0.00e+00	0.00e+00	0.00e+00
 4.27415e+12	0.00e+00	3.10e-26	8.26e-18	4.43e-10	1.16e-01	8.78e-01	5.22e-03	0.00e+00	0.00e+00	0.00e+00	0.00e+00	0.00e+00	7.38e-137
 4.42607e+12	2.05e-35	4.08e-26	1.02e-17	5.09e-10	1.24e-01	8.71e-01	4.82e-03	0.00e+00	0.00e+00	0.00e+00	0.00e+00	0.00e+00	0.00e+00
 4.61715e+12	0.00e+00	5.69e-26	1.31e-17	6.03e-10	1.35e-01	8.61e-01	4.38e-03	0.00e+00	0.00e+00	0.00e+00	0.00e+00	0.00e+00	7.18e-136
 4.81541e+12	4.68e-35	7.94e-26	1.69e-17	7.15e-10	1.46e-01	8.50e-01	3.96e-03	0.00e+00	0.00e+00	0.00e+00	0.00e+00	0.00e+00	0.00e+00
 4.99176e+12	0.00e+00	1.06e-25	2.10e-17	8.26e-10	1.57e-01	8.39e-01	3.63e-03	0.00e+00	0.00e+00	0.00e+00	0.00e+00	0.00e+00	7.30e-135
 5.18336e+12	9.65e-35	1.42e-25	2.64e-17	9.61e-10	1.68e-01	8.28e-01	3.32e-03	0.00e+00	0.00e+00	0.00e+00	0.00e+00	0.00e+00	0.00e+00
 5.39705e+12	1.44e-34	1.97e-25	3.38e-17	1.13e-09	1.82e-01	8.15e-01	3.00e-03	0.00e+00	0.00e+00	0.00e+00	0.00e+00	0.00e+00	9.02e-116
 5.59783e+12	2.06e-34	2.63e-25	4.22e-17	1.31e-09	1.95e-01	8.03e-01	2.73e-03	0.00e+00	0.00e+00	0.00e+00	0.00e+00	0.00e+00	5.98e-98
 5.81719e+12	3.01e-34	3.57e-25	5.33e-17	1.53e-09	2.09e-01	7.89e-01	2.47e-03	0.00e+00	0.00e+00	0.00e+00	0.00e+00	0.00e+00	0.00e+00
 6.06176e+12	4.52e-34	4.95e-25	6.84e-17	1.80e-09	2.25e-01	7.73e-01	2.22e-03	0.00e+00	0.00e+00	0.00e+00	0.00e+00	0.00e+00	1.95e-114
 6.29179e+12	6.52e-34	6.65e-25	8.57e-17	2.09e-09	2.40e-01	7.58e-01	2.01e-03	0.00e+00	0.00e+00	0.00e+00	0.00e+00	0.00e+00	8.06e-97
 6.54353e+12	9.56e-34	9.05e-25	1.08e-16	2.44e-09	2.57e-01	7.41e-01	1.80e-03	0.00e+00	0.00e+00	0.00e+00	0.00e+00	0.00e+00	0.00e+00
 6.82532e+12	1.44e-33	1.26e-24	1.40e-16	2.88e-09	2.76e-01	7.22e-01	1.60e-03	0.00e+00	0.00e+00	0.00e+00	0.00e+00	0.00e+00	4.50e-113
 7.09247e+12	2.09e-33	1.70e-24	1.76e-16	3.35e-09	2.94e-01	7.04e-01	1.44e-03	0.00e+00	0.00e+00	0.00e+00	0.00e+00	0.00e+00	1.14e-95
 7.37949e+12	3.07e-33	2.32e-24	2.22e-16	3.90e-09	3.13e-01	6.85e-01	1.28e-03	0.00e+00	0.00e+00	0.00e+00	0.00e+00	0.00e+00	0.00e+00
 7.70459e+12	4.64e-33	3.23e-24	2.86e-16	4.60e-09	3.35e-01	6.63e-01	1.13e-03	0.00e+00	0.00e+00	0.00e+00	0.00e+00	0.00e+00	1.09e-111
 8.02519e+12	6.84e-33	4.41e-24	3.63e-16	5.37e-09	3.57e-01	6.42e-01	1.00e-03	0.00e+00	0.00e+00	0.00e+00	0.00e+00	0.00e+00	1.69e-94
 8.35862e+12	1.00e-32	6.01e-24	4.59e-16	6.24e-09	3.79e-01	6.21e-01	8.85e-04	0.00e+00	0.00e+00	0.00e+00	0.00e+00	0.00e+00	9.19e-111
 8.72289e+12	1.50e-32	8.28e-24	5.86e-16	7.30e-09	4.02e-01	5.97e-01	7.75e-04	0.00e+00	0.00e+00	0.00e+00	0.00e+00	0.00e+00	1.02e-93
 9.09166e+12	2.20e-32	1.13e-23	7.41e-16	8.47e-09	4.25e-01	5.74e-01	6.80e-04	0.00e+00	0.00e+00	0.00e+00	0.00e+00	0.00e+00	8.16e-110
 9.47517e+12	3.21e-32	1.53e-23	9.33e-16	9.81e-09	4.48e-01	5.51e-01	5.96e-04	0.00e+00	0.00e+00	0.00e+00	0.00e+00	0.00e+00	6.01e-93
 9.84264e+12	4.55e-32	2.02e-23	1.15e-15	1.12e-08	4.70e-01	5.29e-01	5.27e-04	0.00e+00	0.00e+00	0.00e+00	0.00e+00	0.00e+00	6.32e-109
 1.01629e+13	6.08e-32	2.55e-23	1.37e-15	1.25e-08	4.88e-01	5.11e-01	4.74e-04	0.00e+00	0.00e+00	0.00e+00	0.00e+00	0.00e+00	2.65e-92
 1.05152e+13	8.25e-32	3.25e-23	1.65e-15	1.40e-08	5.08e-01	4.92e-01	4.23e-04	0.00e+00	0.00e+00	0.00e+00	0.00e+00	0.00e+00	3.44e-108
 1.09091e+13	1.15e-31	4.23e-23	2.01e-15	1.59e-08	5.29e-01	4.71e-01	3.74e-04	0.00e+00	0.00e+00	0.00e+00	0.00e+00	0.00e+00	1.18e-91
 1.12811e+13	1.54e-31	5.36e-23	2.41e-15	1.77e-08	5.48e-01	4.52e-01	3.33e-04	0.00e+00	0.00e+00	0.00e+00	0.00e+00	0.00e+00	2.07e-107
 1.16890e+13	2.11e-31	6.87e-23	2.90e-15	1.99e-08	5.67e-01	4.32e-01	2.95e-04	0.00e+00	0.00e+00	0.00e+00	0.00e+00	0.00e+00	4.96e-91
 1.21448e+13	2.94e-31	8.96e-23	3.54e-15	2.25e-08	5.89e-01	4.11e-01	2.58e-04	0.00e+00	0.00e+00	0.00e+00	0.00e+00	0.00e+00	1.34e-106
 1.25758e+13	3.98e-31	1.14e-22	4.24e-15	2.51e-08	6.07e-01	3.92e-01	2.28e-04	0.00e+00	0.00e+00	0.00e+00	0.00e+00	0.00e+00	2.25e-90
 1.30489e+13	5.46e-31	1.46e-22	5.11e-15	2.82e-08	6.27e-01	3.73e-01	2.00e-04	0.00e+00	0.00e+00	0.00e+00	0.00e+00	0.00e+00	8.24e-106
 1.35790e+13	7.67e-31	1.92e-22	6.25e-15	3.18e-08	6.48e-01	3.52e-01	1.73e-04	0.00e+00	0.00e+00	0.00e+00	0.00e+00	0.00e+00	1.09e-89
 1.40828e+13	1.04e-30	2.45e-22	7.50e-15	3.55e-08	6.66e-01	3.34e-01	1.51e-04	0.00e+00	0.00e+00	0.00e+00	0.00e+00	0.00e+00	5.59e-105
 1.45433e+13	1.37e-30	3.03e-22	8.80e-15	3.90e-08	6.82e-01	3.18e-01	1.34e-04	0.00e+00	0.00e+00	0.00e+00	0.00e+00	0.00e+00	4.44e-89
 1.50480e+13	1.82e-30	3.80e-22	1.04e-14	4.31e-08	6.98e-01	3.02e-01	1.18e-04	0.00e+00	0.00e+00	0.00e+00	0.00e+00	0.00e+00	2.94e-104
 1.56152e+13	2.47e-30	4.84e-22	1.24e-14	4.80e-08	7.15e-01	2.85e-01	1.03e-04	0.00e+00	0.00e+00	0.00e+00	0.00e+00	0.00e+00	1.89e-88
 1.61533e+13	3.27e-30	6.04e-22	1.46e-14	5.28e-08	7.30e-01	2.70e-01	9.06e-05	0.00e+00	0.00e+00	0.00e+00	0.00e+00	0.00e+00	1.72e-103
 1.67423e+13	4.39e-30	7.61e-22	1.74e-14	5.83e-08	7.46e-01	2.54e-01	7.91e-05	0.00e+00	0.00e+00	0.00e+00	0.00e+00	0.00e+00	7.75e-88
 1.73935e+13	5.99e-30	9.73e-22	2.08e-14	6.48e-08	7.61e-01	2.39e-01	6.83e-05	0.00e+00	0.00e+00	0.00e+00	0.00e+00	0.00e+00	1.08e-102
 1.79976e+13	7.90e-30	1.21e-21	2.44e-14	7.11e-08	7.75e-01	2.25e-01	5.98e-05	0.00e+00	0.00e+00	0.00e+00	0.00e+00	0.00e+00	3.33e-87
 1.86550e+13	1.06e-29	1.52e-21	2.88e-14	7.83e-08	7.88e-01	2.12e-01	5.21e-05	0.00e+00	0.00e+00	0.00e+00	0.00e+00	0.00e+00	6.14e-102
 1.93911e+13	1.44e-29	1.94e-21	3.44e-14	8.67e-08	8.02e-01	1.98e-01	4.48e-05	0.00e+00	0.00e+00	0.00e+00	0.00e+00	0.00e+00	1.50e-86
 2.00881e+13	1.91e-29	2.42e-21	4.05e-14	9.51e-08	8.14e-01	1.86e-01	3.90e-05	0.00e+00	0.00e+00	0.00e+00	0.00e+00	0.00e+00	3.84e-101
 2.08439e+13	2.56e-29	3.04e-21	4.78e-14	1.05e-07	8.26e-01	1.74e-01	3.37e-05	0.00e+00	0.00e+00	0.00e+00	0.00e+00	0.00e+00	6.43e-86
 2.16851e+13	3.51e-29	3.89e-21	5.71e-14	1.16e-07	8.38e-01	1.62e-01	2.88e-05	0.00e+00	0.00e+00	0.00e+00	0.00e+00	0.00e+00	2.55e-100
 2.24903e+13	4.68e-29	4.87e-21	6.72e-14	1.27e-07	8.48e-01	1.52e-01	2.49e-05	0.00e+00	0.00e+00	0.00e+00	0.00e+00	0.00e+00	2.97e-85
 2.33503e+13	6.29e-29	6.13e-21	7.94e-14	1.39e-07	8.59e-01	1.41e-01	2.15e-05	0.00e+00	0.00e+00	0.00e+00	0.00e+00	0.00e+00	1.59e-99
 2.43142e+13	8.64e-29	7.85e-21	9.49e-14	1.54e-07	8.69e-01	1.31e-01	1.83e-05	0.00e+00	0.00e+00	0.00e+00	0.00e+00	0.00e+00	1.43e-84
 2.52756e+13	1.17e-28	9.94e-21	1.12e-13	1.69e-07	8.78e-01	1.22e-01	1.56e-05	0.00e+00	0.00e+00	0.00e+00	0.00e+00	0.00e+00	1.13e-98
 2.62753e+13	1.59e-28	1.26e-20	1.33e-13	1.85e-07	8.87e-01	1.13e-01	1.34e-05	0.00e+00	0.00e+00	0.00e+00	0.00e+00	0.00e+00	6.88e-84
 2.73563e+13	2.17e-28	1.61e-20	1.58e-13	2.04e-07	8.95e-01	1.05e-01	1.14e-05	0.00e+00	0.00e+00	0.00e+00	0.00e+00	0.00e+00	8.01e-98
 2.84805e+13	2.98e-28	2.05e-20	1.88e-13	2.24e-07	9.03e-01	9.73e-02	9.70e-06	0.00e+00	0.00e+00	0.00e+00	0.00e+00	0.00e+00	3.54e-83
 2.96496e+13	4.07e-28	2.61e-20	2.23e-13	2.46e-07	9.10e-01	9.00e-02	8.25e-06	0.00e+00	0.00e+00	0.00e+00	0.00e+00	0.00e+00	5.92e-97
 3.08047e+13	5.48e-28	3.28e-20	2.63e-13	2.69e-07	9.16e-01	8.36e-02	7.07e-06	0.00e+00	0.00e+00	0.00e+00	0.00e+00	0.00e+00	1.75e-82
 3.18828e+13	7.16e-28	4.03e-20	3.04e-13	2.91e-07	9.22e-01	7.82e-02	6.16e-06	0.00e+00	0.00e+00	0.00e+00	0.00e+00	0.00e+00	3.60e-96
 3.30648e+13	9.50e-28	5.01e-20	3.54e-13	3.15e-07	9.27e-01	7.29e-02	5.32e-06	0.00e+00	0.00e+00	0.00e+00	0.00e+00	0.00e+00	7.47e-82
 3.42811e+13	1.26e-27	6.21e-20	4.12e-13	3.42e-07	9.32e-01	6.80e-02	4.60e-06	0.00e+00	0.00e+00	0.00e+00	0.00e+00	0.00e+00	2.20e-95
 3.53084e+13	1.58e-27	7.41e-20	4.66e-13	3.65e-07	9.36e-01	6.42e-02	4.08e-06	0.00e+00	0.00e+00	0.00e+00	0.00e+00	0.00e+00	2.88e-81
 3.63988e+13	2.00e-27	8.88e-20	5.28e-13	3.91e-07	9.40e-01	6.05e-02	3.61e-06	0.00e+00	0.00e+00	0.00e+00	0.00e+00	0.00e+00	9.85e-95
 3.77704e+13	2.67e-27	1.11e-19	6.16e-13	4.24e-07	9.44e-01	5.62e-02	3.11e-06	0.00e+00	0.00e+00	0.00e+00	0.00e+00	0.00e+00	1.16e-80
 3.91943e+13	3.56e-27	1.38e-19	7.18e-13	4.60e-07	9.48e-01	5.23e-02	2.68e-06	0.00e+00	0.00e+00	0.00e+00	0.00e+00	0.00e+00	6.29e-94
 4.04678e+13	4.57e-27	1.67e-19	8.19e-13	4.93e-07	9.51e-01	4.91e-02	2.36e-06	0.00e+00	0.00e+00	0.00e+00	0.00e+00	0.00e+00	4.87e-80
 4.18592e+13	5.95e-27	2.04e-19	9.41e-13	5.30e-07	9.54e-01	4.60e-02	2.06e-06	0.00e+00	0.00e+00	0.00e+00	0.00e+00	0.00e+00	3.29e-93
 4.33925e+13	7.87e-27	2.53e-19	1.09e-12	5.73e-07	9.57e-01	4.28e-02	1.78e-06	0.00e+00	0.00e+00	0.00e+00	0.00e+00	0.00e+00	2.09e-79
 4.48037e+13	1.01e-26	3.05e-19	1.24e-12	6.13e-07	9.60e-01	4.02e-02	1.57e-06	0.00e+00	0.00e+00	0.00e+00	0.00e+00	0.00e+00	1.83e-92
 4.63315e+13	1.31e-26	3.73e-19	1.43e-12	6.59e-07	9.62e-01	3.77e-02	1.37e-06	0.00e+00	0.00e+00	0.00e+00	0.00e+00	0.00e+00	8.30e-79
 4.80409e+13	1.74e-26	4.62e-19	1.65e-12	7.12e-07	9.65e-01	3.51e-02	1.19e-06	0.00e+00	0.00e+00	0.00e+00	0.00e+00	0.00e+00	1.06e-91
 4.96511e+13	2.25e-26	5.62e-19	1.89e-12	7.63e-07	9.67e-01	3.29e-02	1.04e-06	0.00e+00	0.00e+00	0.00e+00	0.00e+00	0.00e+00	3.57e-78
 5.14088e+13	2.96e-26	6.91e-19	2.18e-12	8.20e-07	9.69e-01	3.07e-02	9.05e-07	0.00e+00	0.00e+00	0.00e+00	0.00e+00	0.00e+00	5.93e-91
 5.33652e+13	3.96e-26	8.62e-19	2.53e-12	8.87e-07	9.71e-01	2.85e-02	0.00e+00	0.00e+00	0.00e+00	0.00e+00	0.00e+00	0.00e+00	1.64e-77
 5.51951e+13	5.16e-26	1.05e-18	2.90e-12	9.52e-07	9.73e-01	2.67e-02	0.00e+00	0.00e+00	0.00e+00	0.00e+00	0.00e+00	0.00e+00	3.61e-90
 5.71896e+13	6.82e-26	1.30e-18	3.35e-12	1.02e-06	9.75e-01	2.49e-02	0.00e+00	0.00e+00	0.00e+00	0.00e+00	0.00e+00	0.00e+00	7.17e-77
 5.94242e+13	9.21e-26	1.63e-18	3.91e-12	1.11e-06	9.77e-01	2.31e-02	0.00e+00	0.00e+00	0.00e+00	0.00e+00	0.00e+00	0.00e+00	1.62e-76
 6.15398e+13	1.21e-25	2.01e-18	4.50e-12	1.19e-06	9.78e-01	2.15e-02	0.00e+00	0.00e+00	0.00e+00	0.00e+00	0.00e+00	0.00e+00	3.43e-76
 6.38140e+13	1.61e-25	2.49e-18	5.20e-12	1.28e-06	9.80e-01	2.00e-02	0.00e+00	0.00e+00	0.00e+00	0.00e+00	0.00e+00	0.00e+00	7.46e-76
 6.63965e+13	2.20e-25	3.16e-18	6.11e-12	1.39e-06	9.81e-01	1.85e-02	0.00e+00	0.00e+00	0.00e+00	0.00e+00	0.00e+00	0.00e+00	1.74e-75
 6.89267e+13	2.96e-25	3.94e-18	7.09e-12	1.50e-06	9.83e-01	1.72e-02	0.00e+00	0.00e+00	0.00e+00	0.00e+00	0.00e+00	0.00e+00	3.89e-75
 7.15582e+13	3.97e-25	4.92e-18	8.24e-12	1.62e-06	9.84e-01	1.60e-02	0.00e+00	0.00e+00	0.00e+00	0.00e+00	0.00e+00	0.00e+00	8.70e-75
 7.44505e+13	5.43e-25	6.23e-18	9.66e-12	1.76e-06	9.85e-01	1.48e-02	0.00e+00	0.00e+00	0.00e+00	0.00e+00	0.00e+00	0.00e+00	2.04e-74
 7.73744e+13	7.35e-25	7.83e-18	1.13e-11	1.90e-06	9.86e-01	1.37e-02	0.00e+00	0.00e+00	0.00e+00	0.00e+00	0.00e+00	0.00e+00	4.67e-74
 8.04154e+13	9.96e-25	9.85e-18	1.32e-11	2.06e-06	9.87e-01	1.27e-02	0.00e+00	0.00e+00	0.00e+00	0.00e+00	0.00e+00	0.00e+00	1.07e-73
 8.36620e+13	1.36e-24	1.25e-17	1.54e-11	2.23e-06	9.88e-01	1.17e-02	0.00e+00	0.00e+00	0.00e+00	0.00e+00	0.00e+00	0.00e+00	2.51e-73
 8.68342e+13	1.82e-24	1.55e-17	1.79e-11	2.41e-06	9.89e-01	1.09e-02	0.00e+00	0.00e+00	0.00e+00	0.00e+00	0.00e+00	0.00e+00	5.58e-73
 8.98607e+13	2.39e-24	1.90e-17	2.05e-11	2.58e-06	9.90e-01	1.02e-02	0.00e+00	0.00e+00	0.00e+00	0.00e+00	0.00e+00	0.00e+00	1.17e-72
 9.32123e+13	3.19e-24	2.37e-17	2.38e-11	2.78e-06	9.91e-01	9.44e-03	0.00e+00	0.00e+00	0.00e+00	0.00e+00	0.00e+00	0.00e+00	2.57e-72
 9.68810e+13	4.32e-24	2.98e-17	2.77e-11	3.01e-06	9.91e-01	8.74e-03	0.00e+00	0.00e+00	0.00e+00	0.00e+00	0.00e+00	0.00e+00	5.88e-72
 1.00133e+14	5.60e-24	3.62e-17	3.17e-11	3.22e-06	9.92e-01	8.18e-03	0.00e+00	0.00e+00	0.00e+00	0.00e+00	0.00e+00	0.00e+00	1.20e-71
 1.02913e+14	6.95e-24	4.26e-17	3.53e-11	3.40e-06	9.92e-01	7.75e-03	0.00e+00	0.00e+00	0.00e+00	0.00e+00	0.00e+00	0.00e+00	2.16e-71
 1.06029e+14	8.78e-24	5.08e-17	3.98e-11	3.61e-06	9.93e-01	7.29e-03	0.00e+00	0.00e+00	0.00e+00	0.00e+00	1.63e-17	3.45e-17	4.08e-71
 1.09961e+14	1.17e-23	6.31e-17	4.61e-11	3.89e-06	9.93e-01	6.78e-03	0.00e+00	0.00e+00	0.00e+00	0.00e+00	2.09e-17	4.21e-17	8.89e-71
 1.14089e+14	1.56e-23	7.84e-17	5.34e-11	4.20e-06	9.94e-01	6.29e-03	0.00e+00	0.00e+00	0.00e+00	0.00e+00	2.60e-17	5.24e-17	1.96e-70
 1.17829e+14	2.01e-23	9.50e-17	6.08e-11	4.48e-06	9.94e-01	5.90e-03	0.00e+00	0.00e+00	0.00e+00	0.00e+00	3.15e-17	6.34e-17	3.90e-70
 1.21932e+14	2.63e-23	1.16e-16	6.98e-11	4.81e-06	9.94e-01	5.50e-03	0.00e+00	0.00e+00	0.00e+00	0.00e+00	3.86e-17	7.77e-17	8.10e-70
 1.26751e+14	3.56e-23	1.46e-16	8.16e-11	5.20e-06	9.95e-01	5.08e-03	0.00e+00	0.00e+00	0.00e+00	0.00e+00	4.86e-17	9.77e-17	1.85e-69
 1.31562e+14	4.76e-23	1.82e-16	9.48e-11	5.62e-06	9.95e-01	4.71e-03	0.00e+00	0.00e+00	0.00e+00	0.00e+00	6.06e-17	1.22e-16	4.13e-69
 1.36170e+14	6.23e-23	2.24e-16	1.09e-10	6.03e-06	9.96e-01	4.39e-03	0.00e+00	0.00e+00	0.00e+00	0.00e+00	7.43e-17	1.49e-16	8.53e-69
 1.41252e+14	8.30e-23	2.78e-16	1.26e-10	6.50e-06	9.96e-01	4.08e-03	0.00e+00	0.00e+00	0.00e+00	0.00e+00	9.22e-17	1.86e-16	1.86e-68
 1.46495e+14	1.10e-22	3.45e-16	1.46e-10	7.01e-06	9.96e-01	3.78e-03	0.00e+00	0.00e+00	0.00e+00	0.00e+00	1.14e-16	2.30e-16	4.02e-68
 1.51148e+14	1.41e-22	4.15e-16	1.66e-10	7.48e-06	9.96e-01	3.55e-03	0.00e+00	0.00e+00	0.00e+00	0.00e+00	1.38e-16	2.77e-16	7.83e-68
 1.56192e+14	1.82e-22	5.04e-16	1.90e-10	8.00e-06	9.97e-01	3.32e-03	0.00e+00	0.00e+00	0.00e+00	0.00e+00	1.67e-16	3.37e-16	1.57e-67
 1.62240e+14	2.45e-22	6.31e-16	2.21e-10	8.66e-06	9.97e-01	3.07e-03	0.00e+00	0.00e+00	0.00e+00	0.00e+00	2.10e-16	4.22e-16	3.51e-67
 1.68212e+14	3.25e-22	7.82e-16	2.56e-10	9.34e-06	9.97e-01	2.85e-03	0.00e+00	0.00e+00	0.00e+00	0.00e+00	2.60e-16	5.23e-16	7.57e-67
 1.73559e+14	4.15e-22	9.42e-16	2.90e-10	9.96e-06	9.97e-01	2.67e-03	0.00e+00	0.00e+00	0.00e+00	0.00e+00	3.13e-16	6.29e-16	1.48e-66
 1.79469e+14	5.38e-22	1.15e-15	3.33e-10	1.07e-05	9.97e-01	2.49e-03	0.00e+00	0.00e+00	0.00e+00	0.00e+00	3.81e-16	7.67e-16	2.99e-66
 1.86480e+14	7.26e-22	1.44e-15	3.89e-10	1.16e-05	9.98e-01	2.31e-03	0.00e+00	0.00e+00	0.00e+00	0.00e+00	4.78e-16	9.62e-16	6.74e-66
 1.93430e+14	9.67e-22	1.79e-15	4.51e-10	1.25e-05	9.98e-01	2.14e-03	0.00e+00	0.00e+00	0.00e+00	0.00e+00	5.94e-16	1.20e-15	1.47e-65
 1.99827e+14	1.25e-21	2.17e-15	5.14e-10	1.33e-05	9.98e-01	2.00e-03	0.00e+00	0.00e+00	0.00e+00	0.00e+00	7.20e-16	1.45e-15	2.94e-65
 2.07002e+14	1.64e-21	2.67e-15	5.93e-10	1.44e-05	9.98e-01	1.86e-03	0.00e+00	0.00e+00	0.00e+00	0.00e+00	8.87e-16	1.79e-15	6.19e-65
 2.15293e+14	2.23e-21	3.38e-15	6.95e-10	1.56e-05	9.98e-01	1.72e-03	0.00e+00	0.00e+00	0.00e+00	0.00e+00	1.12e-15	2.26e-15	1.43e-64
 2.23408e+14	2.98e-21	4.20e-15	8.08e-10	1.68e-05	9.98e-01	1.59e-03	0.00e+00	0.00e+00	0.00e+00	0.00e+00	1.39e-15	2.81e-15	3.14e-64
 2.31149e+14	3.89e-21	5.14e-15	9.27e-10	1.80e-05	9.98e-01	1.48e-03	0.00e+00	0.00e+00	0.00e+00	0.00e+00	1.71e-15	3.44e-15	6.49e-64
 2.39726e+14	5.17e-21	6.38e-15	1.07e-09	1.95e-05	9.99e-01	1.38e-03	0.00e+00	0.00e+00	0.00e+00	0.00e+00	2.12e-15	4.27e-15	1.41e-63
 2.49345e+14	7.03e-21	8.06e-15	1.26e-09	2.11e-05	9.99e-01	1.27e-03	0.00e+00	0.00e+00	0.00e+00	0.00e+00	2.67e-15	5.38e-15	3.26e-63
 2.59062e+14	9.49e-21	1.01e-14	1.47e-09	2.28e-05	9.99e-01	1.18e-03	0.00e+00	0.00e+00	0.00e+00	0.00e+00	3.35e-15	6.76e-15	7.39e-63
 2.68334e+14	1.25e-20	1.24e-14	1.69e-09	2.45e-05	9.99e-01	1.09e-03	0.00e+00	0.00e+00	0.00e+00	0.00e+00	4.13e-15	8.32e-15	1.57e-62
 2.78263e+14	1.66e-20	1.54e-14	1.96e-09	2.64e-05	9.99e-01	1.02e-03	0.00e+00	0.00e+00	0.00e+00	0.00e+00	5.11e-15	1.03e-14	3.41e-62
 2.88864e+14	2.23e-20	1.93e-14	2.27e-09	2.85e-05	9.99e-01	9.41e-04	0.00e+00	0.00e+00	0.00e+00	0.00e+00	6.38e-15	1.29e-14	7.59e-62
 2.98696e+14	2.90e-20	2.35e-14	2.60e-09	3.05e-05	9.99e-01	8.79e-04	0.00e+00	0.00e+00	0.00e+00	0.00e+00	7.79e-15	1.57e-14	1.56e-61
 3.09481e+14	3.83e-20	2.90e-14	3.00e-09	3.28e-05	9.99e-01	8.18e-04	0.00e+00	0.00e+00	0.00e+00	0.00e+00	9.60e-15	1.94e-14	3.34e-61
 3.20582e+14	5.05e-20	3.57e-14	3.46e-09	3.53e-05	9.99e-01	7.61e-04	0.00e+00	0.00e+00	0.00e+00	0.00e+00	1.18e-14	2.39e-14	7.13e-61
 3.29840e+14	6.31e-20	4.23e-14	3.87e-09	3.74e-05	9.99e-01	7.19e-04	0.00e+00	0.00e+00	0.00e+00	0.00e+00	1.40e-14	2.83e-14	1.32e-60
 3.39591e+14	7.94e-20	5.03e-14	4.35e-09	3.96e-05	9.99e-01	6.77e-04	0.00e+00	0.00e+00	0.00e+00	0.00e+00	1.67e-14	3.36e-14	2.47e-60
 3.52019e+14	1.05e-19	6.22e-14	5.03e-09	4.26e-05	9.99e-01	6.30e-04	0.00e+00	0.00e+00	0.00e+00	0.00e+00	2.06e-14	4.16e-14	5.35e-60
 3.64984e+14	1.40e-19	7.71e-14	5.81e-09	4.59e-05	9.99e-01	5.85e-04	0.00e+00	0.00e+00	0.00e+00	0.00e+00	2.55e-14	5.16e-14	1.17e-59
 3.76328e+14	1.78e-19	9.25e-14	6.57e-09	4.88e-05	9.99e-01	5.50e-04	0.00e+00	0.00e+00	0.00e+00	0.00e+00	3.06e-14	6.19e-14	2.26e-59
 3.88510e+14	2.29e-19	1.12e-13	7.46e-09	5.21e-05	9.99e-01	5.15e-04	0.00e+00	0.00e+00	0.00e+00	0.00e+00	3.70e-14	7.48e-14	4.49e-59
 4.03318e+14	3.07e-19	1.40e-13	8.67e-09	5.62e-05	9.99e-01	4.78e-04	0.00e+00	0.00e+00	0.00e+00	0.00e+00	4.62e-14	9.34e-14	1.01e-58
 4.18027e+14	4.07e-19	1.73e-13	1.00e-08	6.04e-05	9.99e-01	4.44e-04	0.00e+00	0.00e+00	0.00e+00	0.00e+00	5.71e-14	1.16e-13	2.18e-58
 4.30944e+14	5.17e-19	2.07e-13	1.13e-08	6.43e-05	1.00e+00	4.17e-04	0.00e+00	0.00e+00	0.00e+00	0.00e+00	6.84e-14	1.38e-13	4.21e-58
 4.45046e+14	6.66e-19	2.50e-13	1.29e-08	6.86e-05	1.00e+00	3.91e-04	0.00e+00	0.00e+00	0.00e+00	0.00e+00	8.27e-14	1.68e-13	8.42e-58
 4.62091e+14	8.94e-19	3.13e-13	1.50e-08	7.41e-05	1.00e+00	3.62e-04	0.00e+00	0.00e+00	0.00e+00	0.00e+00	1.03e-13	2.09e-13	1.89e-57
 4.79103e+14	1.19e-18	3.88e-13	1.73e-08	7.97e-05	1.00e+00	3.36e-04	0.00e+00	0.00e+00	0.00e+00	0.00e+00	1.28e-13	2.60e-13	4.14e-57
 4.94340e+14	1.52e-18	4.67e-13	1.96e-08	8.50e-05	1.00e+00	3.16e-04	0.00e+00	0.00e+00	0.00e+00	0.00e+00	1.54e-13	3.13e-13	8.12e-57
 5.11130e+14	1.98e-18	5.69e-13	2.24e-08	9.10e-05	1.00e+00	2.95e-04	0.00e+00	0.00e+00	0.00e+00	0.00e+00	1.88e-13	3.81e-13	1.67e-56
 5.31048e+14	2.66e-18	7.14e-13	2.61e-08	9.84e-05	1.00e+00	2.72e-04	0.00e+00	0.00e+00	0.00e+00	0.00e+00	2.36e-13	4.78e-13	3.79e-56
 5.50761e+14	3.54e-18	8.85e-13	3.03e-08	1.06e-04	1.00e+00	2.53e-04	0.00e+00	0.00e+00	0.00e+00	0.00e+00	2.92e-13	5.93e-13	8.29e-56
 5.68864e+14	4.56e-18	1.07e-12	3.45e-08	1.13e-04	1.00e+00	2.37e-04	0.00e+00	0.00e+00	0.00e+00	0.00e+00	3.54e-13	7.18e-13	1.66e-55
 5.89144e+14	5.98e-18	1.32e-12	3.97e-08	1.22e-04	1.00e+00	2.20e-04	0.00e+00	0.00e+00	0.00e+00	0.00e+00	4.34e-13	8.83e-13	3.50e-55
 6.12634e+14	8.11e-18	1.66e-12	4.64e-08	1.32e-04	1.00e+00	2.03e-04	0.00e+00	0.00e+00	0.00e+00	0.00e+00	5.47e-13	1.11e-12	8.07e-55
 6.35689e+14	1.08e-17	2.06e-12	5.39e-08	1.42e-04	1.00e+00	1.88e-04	0.00e+00	0.00e+00	0.00e+00	0.00e+00	6.79e-13	1.38e-12	1.77e-54
 6.57678e+14	1.40e-17	2.52e-12	6.18e-08	1.53e-04	1.00e+00	1.75e-04	0.00e+00	0.00e+00	0.00e+00	0.00e+00	8.30e-13	1.69e-12	3.65e-54
 6.82026e+14	1.85e-17	3.11e-12	7.16e-08	1.65e-04	1.00e+00	1.62e-04	0.00e+00	0.00e+00	0.00e+00	0.00e+00	1.03e-12	2.09e-12	7.80e-54
 7.09337e+14	2.51e-17	3.92e-12	8.39e-08	1.79e-04	1.00e+00	1.49e-04	0.00e+00	0.00e+00	0.00e+00	0.00e+00	1.29e-12	2.63e-12	1.81e-53
 7.36426e+14	3.34e-17	4.88e-12	9.76e-08	1.94e-04	1.00e+00	1.38e-04	0.00e+00	0.00e+00	0.00e+00	0.00e+00	1.61e-12	3.28e-12	3.96e-53
 7.64599e+14	4.44e-17	6.07e-12	1.14e-07	2.10e-04	1.00e+00	1.27e-04	0.00e+00	0.00e+00	0.00e+00	0.00e+00	2.00e-12	4.08e-12	8.66e-53
 7.90449e+14	5.70e-17	7.37e-12	1.30e-07	2.25e-04	1.00e+00	1.19e-04	0.00e+00	4.70e-18	1.41e-17	2.36e-17	2.42e-12	4.94e-12	1.73e-52
 8.10403e+14	6.88e-17	8.51e-12	1.44e-07	2.37e-04	1.00e+00	1.13e-04	0.00e+00	5.68e-18	1.70e-17	2.85e-17	2.80e-12	5.71e-12	2.91e-52
 8.31356e+14	8.33e-17	9.87e-12	1.60e-07	2.51e-04	1.00e+00	1.07e-04	0.00e+00	6.88e-18	2.07e-17	3.45e-17	3.24e-12	6.63e-12	4.94e-52
 8.58594e+14	1.06e-16	1.19e-11	1.82e-07	2.69e-04	1.00e+00	9.94e-05	0.00e+00	8.75e-18	2.63e-17	4.39e-17	3.90e-12	7.98e-12	9.59e-52
 8.88008e+14	1.36e-16	1.44e-11	2.09e-07	2.89e-04	1.00e+00	9.25e-05	0.00e+00	1.12e-17	3.38e-17	5.64e-17	4.74e-12	9.69e-12	1.92e-51
 9.14413e+14	1.69e-16	1.71e-11	2.35e-07	3.08e-04	1.00e+00	8.67e-05	0.00e+00	1.39e-17	4.19e-17	7.00e-17	5.60e-12	1.15e-11	3.48e-51
 9.42904e+14	2.12e-16	2.03e-11	2.67e-07	3.30e-04	1.00e+00	8.12e-05	0.00e+00	1.75e-17	5.26e-17	8.79e-17	6.68e-12	1.37e-11	6.57e-51
 9.78203e+14	2.77e-16	2.51e-11	3.10e-07	3.58e-04	1.00e+00	7.49e-05	0.00e+00	2.29e-17	6.88e-17	1.15e-16	8.23e-12	1.69e-11	1.38e-50
 1.01375e+15	3.59e-16	3.07e-11	3.59e-07	3.87e-04	1.00e+00	6.93e-05	0.00e+00	2.97e-17	8.92e-17	1.49e-16	1.01e-11	2.06e-11	2.86e-50
 1.04481e+15	4.46e-16	3.65e-11	4.06e-07	4.14e-04	1.00e+00	6.49e-05	0.00e+00	3.70e-17	1.11e-16	1.86e-16	1.20e-11	2.45e-11	5.29e-50
 1.07866e+15	5.60e-16	4.36e-11	4.62e-07	4.44e-04	9.99e-01	6.05e-05	0.00e+00	4.65e-17	1.40e-16	2.33e-16	1.43e-11	2.93e-11	1.00e-49
 1.11976e+15	7.31e-16	5.39e-11	5.39e-07	4.83e-04	9.99e-01	5.57e-05	0.00e+00	6.08e-17	1.82e-16	3.05e-16	1.77e-11	3.62e-11	2.14e-49
 1.16079e+15	9.43e-16	6.59e-11	6.25e-07	5.24e-04	9.99e-01	5.14e-05	0.00e+00	7.84e-17	2.35e-16	3.93e-16	2.16e-11	4.43e-11	4.41e-49
 1.19722e+15	1.17e-15	7.83e-11	7.09e-07	5.62e-04	9.99e-01	4.80e-05	0.00e+00	9.75e-17	2.93e-16	4.89e-16	2.56e-11	5.26e-11	8.22e-49
 1.23715e+15	1.47e-15	9.38e-11	8.10e-07	6.06e-04	9.99e-01	4.46e-05	0.00e+00	1.22e-16	3.68e-16	6.14e-16	3.07e-11	6.31e-11	1.58e-48
 1.28493e+15	1.91e-15	1.16e-10	9.46e-07	6.60e-04	9.99e-01	4.10e-05	0.00e+00	1.60e-16	4.79e-16	8.01e-16	3.79e-11	7.78e-11	3.40e-48
 1.33229e+15	2.45e-15	1.41e-10	1.10e-06	7.16e-04	9.99e-01	3.79e-05	0.00e+00	2.05e-16	6.15e-16	1.03e-15	4.63e-11	9.50e-11	7.03e-48
 1.37511e+15	3.04e-15	1.68e-10	1.25e-06	7.70e-04	9.99e-01	3.53e-05	0.00e+00	2.54e-16	7.63e-16	1.27e-15	5.50e-11	1.13e-10	1.32e-47
 1.42265e+15	3.83e-15	2.02e-10	1.43e-06	8.32e-04	9.99e-01	3.27e-05	0.00e+00	3.21e-16	9.63e-16	1.61e-15	6.62e-11	1.36e-10	2.63e-47
 1.47853e+15	4.97e-15	2.50e-10	1.67e-06	9.08e-04	9.99e-01	3.00e-05	0.00e+00	4.16e-16	1.25e-15	2.09e-15	8.17e-11	1.68e-10	5.71e-47
 1.53357e+15	6.35e-15	3.04e-10	1.94e-06	9.87e-04	9.99e-01	2.77e-05	0.00e+00	5.33e-16	1.60e-15	2.67e-15	9.97e-11	2.05e-10	1.19e-46
 1.58470e+15	7.90e-15	3.64e-10	2.22e-06	1.06e-03	9.99e-01	2.57e-05	0.00e+00	6.64e-16	1.99e-15	3.33e-15	1.19e-10	2.44e-10	2.32e-46
 1.64201e+15	1.00e-14	4.41e-10	2.56e-06	1.15e-03	9.99e-01	2.38e-05	0.00e+00	8.42e-16	2.53e-15	4.22e-15	1.44e-10	2.96e-10	4.77e-46
 1.70772e+15	1.26e-14	5.45e-10	3.00e-06	1.26e-03	9.99e-01	2.18e-05	0.00e+00	1.06e-15	3.19e-15	5.33e-15	1.78e-10	3.66e-10	1.05e-45
 1.77242e+15	1.60e-14	6.65e-10	3.48e-06	1.38e-03	9.99e-01	2.01e-05	0.00e+00	1.35e-15	4.06e-15	6.78e-15	2.18e-10	4.47e-10	2.24e-45
 1.83971e+15	2.04e-14	8.13e-10	4.04e-06	1.50e-03	9.98e-01	1.85e-05	0.00e+00	1.72e-15	5.17e-15	8.64e-15	2.67e-10	5.47e-10	4.79e-45
 1.91333e+15	2.62e-14	1.00e-09	4.74e-06	1.64e-03	9.98e-01	1.70e-05	0.00e+00	2.22e-15	6.66e-15	1.11e-14	3.29e-10	6.75e-10	1.07e-44
 1.97586e+15	3.21e-14	1.19e-09	5.39e-06	1.76e-03	9.98e-01	1.58e-05	0.00e+00	2.72e-15	8.16e-15	1.36e-14	3.91e-10	8.02e-10	2.07e-44
 2.02203e+15	3.71e-14	1.35e-09	5.91e-06	1.86e-03	9.98e-01	1.51e-05	0.00e+00	3.15e-15	9.45e-15	1.58e-14	4.43e-10	9.08e-10	3.33e-44
 2.07072e+15	4.32e-14	1.54e-09	6.50e-06	1.96e-03	9.98e-01	1.43e-05	0.00e+00	3.66e-15	1.10e-14	1.84e-14	5.03e-10	1.03e-09	5.45e-44
 2.13402e+15	5.22e-14	1.80e-09	7.33e-06	2.10e-03	9.98e-01	1.34e-05	0.00e+00	4.43e-15	1.33e-14	2.22e-14	5.92e-10	1.21e-09	1.01e-43
 2.20359e+15	6.38e-14	2.15e-09	8.34e-06	2.26e-03	9.98e-01	1.25e-05	0.00e+00	5.43e-15	1.63e-14	2.72e-14	7.04e-10	1.44e-09	1.99e-43
 2.26772e+15	7.63e-14	2.50e-09	9.34e-06	2.42e-03	9.98e-01	1.18e-05	0.00e+00	6.50e-15	1.95e-14	3.26e-14	8.21e-10	1.68e-09	3.65e-43
 2.33748e+15	9.21e-14	2.95e-09	1.05e-05	2.59e-03	9.97e-01	1.10e-05	0.00e+00	7.85e-15	2.36e-14	3.94e-14	9.67e-10	1.98e-09	7.10e-43
 2.41588e+15	1.13e-13	3.52e-09	1.20e-05	2.79e-03	9.97e-01	1.03e-05	0.00e+00	9.64e-15	2.89e-14	4.83e-14	1.16e-09	2.36e-09	1.44e-42
 2.49084e+15	1.36e-13	4.14e-09	1.36e-05	2.99e-03	9.97e-01	9.68e-06	0.00e+00	1.16e-14	3.50e-14	5.84e-14	1.36e-09	2.78e-09	2.75e-42
 2.57358e+15	1.67e-13	4.94e-09	1.55e-05	3.22e-03	9.97e-01	9.06e-06	0.00e+00	1.43e-14	4.28e-14	7.15e-14	1.62e-09	3.32e-09	5.54e-42
 2.66616e+15	2.07e-13	6.00e-09	1.78e-05	3.49e-03	9.96e-01	8.44e-06	0.00e+00	1.77e-14	5.32e-14	8.88e-14	1.97e-09	4.02e-09	1.19e-41
 2.75393e+15	2.52e-13	7.13e-09	2.03e-05	3.76e-03	9.96e-01	7.91e-06	0.00e+00	2.16e-14	6.48e-14	1.08e-13	2.35e-09	4.79e-09	2.37e-41
 2.85045e+15	3.11e-13	8.60e-09	2.32e-05	4.06e-03	9.96e-01	7.39e-06	0.00e+00	2.67e-14	8.01e-14	1.34e-13	2.83e-09	5.77e-09	4.91e-41
 2.95830e+15	3.88e-13	1.05e-08	2.70e-05	4.42e-03	9.96e-01	6.89e-06	0.00e+00	3.34e-14	1.00e-13	1.67e-13	3.47e-09	7.08e-09	1.09e-40
 3.05920e+15	4.75e-13	1.26e-08	3.08e-05	4.76e-03	9.95e-01	6.47e-06	0.00e+00	4.09e-14	1.23e-13	2.05e-13	4.16e-09	8.48e-09	2.24e-40
 3.16869e+15	5.88e-13	1.53e-08	3.54e-05	5.15e-03	9.95e-01	6.06e-06	0.00e+00	5.07e-14	1.52e-13	2.54e-13	5.05e-09	1.03e-08	4.79e-40
 3.29137e+15	7.37e-13	1.89e-08	4.12e-05	5.62e-03	9.94e-01	5.66e-06	0.00e+00	6.36e-14	1.91e-13	3.19e-13	6.21e-09	1.27e-08	1.08e-39
 3.40720e+15	9.05e-13	2.28e-08	4.72e-05	6.07e-03	9.94e-01	5.33e-06	0.00e+00	7.82e-14	2.35e-13	3.92e-13	7.52e-09	1.53e-08	2.27e-39
 3.53151e+15	1.12e-12	2.78e-08	5.45e-05	6.58e-03	9.93e-01	5.02e-06	0.00e+00	9.68e-14	2.91e-13	4.85e-13	9.16e-09	1.86e-08	4.91e-39
 3.66968e+15	1.40e-12	3.44e-08	6.35e-05	7.17e-03	9.93e-01	4.71e-06	0.00e+00	1.22e-13	3.65e-13	6.10e-13	1.13e-08	2.30e-08	1.12e-38
 3.80293e+15	1.73e-12	4.19e-08	7.32e-05	7.77e-03	9.92e-01	4.46e-06	0.00e+00	1.50e-13	4.50e-13	7.52e-13	1.38e-08	2.81e-08	2.39e-38
 3.94461e+15	2.13e-12	5.14e-08	8.48e-05	8.44e-03	9.91e-01	4.22e-06	0.00e+00	1.85e-13	5.55e-13	9.27e-13	1.69e-08	3.44e-08	5.18e-38
 4.10243e+15	2.67e-12	6.38e-08	9.91e-05	9.21e-03	9.91e-01	3.99e-06	0.00e+00	2.32e-13	6.97e-13	1.16e-12	2.11e-08	4.28e-08	1.18e-37
 4.23509e+15	3.20e-12	7.61e-08	1.13e-04	9.89e-03	9.90e-01	3.83e-06	0.00e+00	2.78e-13	8.35e-13	1.39e-12	2.51e-08	5.10e-08	2.29e-37
 4.33079e+15	3.64e-12	8.61e-08	1.23e-04	1.04e-02	9.89e-01	3.72e-06	0.00e+00	3.17e-13	9.51e-13	1.59e-12	2.84e-08	5.77e-08	3.66e-37
 4.43085e+15	4.18e-12	9.79e-08	1.35e-04	1.09e-02	9.89e-01	3.61e-06	0.00e+00	3.64e-13	1.09e-12	1.82e-12	3.23e-08	6.56e-08	5.92e-37
 4.56092e+15	4.98e-12	1.15e-07	1.51e-04	1.17e-02	9.88e-01	3.47e-06	0.00e+00	4.35e-13	1.30e-12	2.18e-12	3.80e-08	7.70e-08	1.08e-36
 4.70537e+15	5.99e-12	1.37e-07	1.71e-04	1.25e-02	9.87e-01	3.34e-06	0.00e+00	5.23e-13	1.57e-12	2.62e-12	4.52e-08	9.16e-08	2.06e-36
 4.83978e+15	7.08e-12	1.60e-07	1.92e-04	1.33e-02	9.86e-01	3.24e-06	0.00e+00	6.19e-13	1.86e-12	3.10e-12	5.29e-08	1.07e-07	3.68e-36
 4.98581e+15	8.45e-12	1.89e-07	2.16e-04	1.42e-02	9.86e-01	3.14e-06	0.00e+00	7.40e-13	2.22e-12	3.70e-12	6.25e-08	1.27e-07	6.82e-36
 5.14923e+15	1.02e-11	2.27e-07	2.46e-04	1.53e-02	9.84e-01	3.03e-06	0.00e+00	8.94e-13	2.68e-12	4.48e-12	7.49e-08	1.52e-07	1.31e-35
 5.30361e+15	1.22e-11	2.68e-07	2.77e-04	1.64e-02	9.83e-01	2.95e-06	0.00e+00	1.07e-12	3.21e-12	5.35e-12	8.86e-08	1.79e-07	2.40e-35
 5.47263e+15	1.47e-11	3.20e-07	3.15e-04	1.76e-02	9.82e-01	2.87e-06	0.00e+00	1.29e-12	3.88e-12	6.47e-12	1.06e-07	2.14e-07	4.58e-35
 5.66129e+15	1.81e-11	3.88e-07	3.61e-04	1.90e-02	9.81e-01	2.78e-06	0.00e+00	1.59e-12	4.76e-12	7.94e-12	1.28e-07	2.60e-07	9.12e-35
 5.83947e+15	2.18e-11	4.63e-07	4.09e-04	2.03e-02	9.79e-01	2.72e-06	0.00e+00	1.92e-12	5.75e-12	9.59e-12	1.53e-07	3.10e-07	1.70e-34
 6.03513e+15	2.68e-11	5.60e-07	4.67e-04	2.19e-02	9.78e-01	2.65e-06	0.00e+00	2.36e-12	7.07e-12	1.18e-11	1.85e-07	3.75e-07	3.34e-34
 6.25078e+15	3.32e-11	6.84e-07	5.39e-04	2.37e-02	9.76e-01	2.58e-06	0.00e+00	2.92e-12	8.77e-12	1.46e-11	2.26e-07	4.57e-07	6.71e-34
 6.45069e+15	4.04e-11	8.19e-07	6.13e-04	2.55e-02	9.74e-01	2.54e-06	0.00e+00	3.56e-12	1.07e-11	1.78e-11	2.71e-07	5.48e-07	1.25e-33
 6.66884e+15	4.99e-11	9.94e-07	7.03e-04	2.75e-02	9.72e-01	2.50e-06	0.00e+00	4.41e-12	1.32e-11	2.21e-11	3.29e-07	6.65e-07	2.45e-33
 6.90885e+15	6.20e-11	1.22e-06	8.12e-04	2.98e-02	9.69e-01	2.44e-06	0.00e+00	5.48e-12	1.64e-11	2.74e-11	4.03e-07	8.13e-07	4.87e-33
 7.13176e+15	7.56e-11	1.46e-06	9.25e-04	3.21e-02	9.67e-01	2.40e-06	0.00e+00	6.69e-12	2.01e-11	3.35e-11	4.84e-07	9.76e-07	8.80e-33
 7.37600e+15	9.41e-11	1.78e-06	1.06e-03	3.47e-02	9.64e-01	2.35e-06	0.00e+00	8.33e-12	2.50e-11	4.17e-11	5.89e-07	1.19e-06	1.72e-32
 7.64617e+15	1.18e-10	2.19e-06	1.23e-03	3.77e-02	9.61e-01	2.31e-06	0.00e+00	1.05e-11	3.14e-11	5.24e-11	7.25e-07	1.46e-06	3.42e-32
 7.89767e+15	1.45e-10	2.64e-06	1.41e-03	4.07e-02	9.58e-01	2.28e-06	0.00e+00	1.29e-11	3.87e-11	6.45e-11	8.75e-07	1.77e-06	6.32e-32
 8.12921e+15	1.75e-10	3.12e-06	1.59e-03	4.35e-02	9.55e-01	2.26e-06	0.00e+00	1.55e-11	4.66e-11	7.78e-11	1.04e-06	2.09e-06	1.09e-31
 8.33971e+15	2.07e-10	3.62e-06	1.77e-03	4.63e-02	9.52e-01	2.24e-06	0.00e+00	1.84e-11	5.53e-11	9.22e-11	1.20e-06	2.42e-06	1.76e-31
 8.56591e+15	2.47e-10	4.25e-06	1.99e-03	4.93e-02	9.49e-01	2.22e-06	0.00e+00	2.20e-11	6.60e-11	1.10e-10	1.41e-06	2.84e-06	2.95e-31
 8.81259e+15	2.97e-10	5.02e-06	2.24e-03	5.28e-02	9.45e-01	2.19e-06	0.00e+00	2.64e-11	7.93e-11	1.32e-10	1.66e-06	3.35e-06	4.99e-31
 9.04033e+15	3.53e-10	5.83e-06	2.50e-03	5.61e-02	9.41e-01	2.17e-06	0.00e+00	3.14e-11	9.43e-11	1.57e-10	1.94e-06	3.90e-06	7.97e-31
 9.29085e+15	4.25e-10	6.89e-06	2.82e-03	6.00e-02	9.37e-01	2.15e-06	0.00e+00	3.80e-11	1.14e-10	1.90e-10	2.29e-06	4.60e-06	1.34e-30
 9.56373e+15	5.17e-10	8.18e-06	3.20e-03	6.44e-02	9.32e-01	2.12e-06	0.00e+00	4.62e-11	1.38e-10	2.31e-10	2.71e-06	5.46e-06	2.28e-30
 9.81635e+15	6.19e-10	9.56e-06	3.59e-03	6.87e-02	9.28e-01	2.11e-06	0.00e+00	5.53e-11	1.66e-10	2.77e-10	3.17e-06	6.39e-06	3.66e-30
 1.00954e+16	7.62e-10	1.14e-05	4.08e-03	7.38e-02	9.22e-01	2.10e-06	0.00e+00	6.82e-11	2.05e-10	3.41e-10	3.78e-06	7.60e-06	6.26e-30
 1.03990e+16	9.38e-10	1.36e-05	4.66e-03	7.95e-02	9.16e-01	2.08e-06	0.00e+00	8.40e-11	2.52e-10	4.20e-10	4.52e-06	9.10e-06	1.06e-29
 1.06807e+16	1.13e-09	1.60e-05	5.26e-03	8.50e-02	9.10e-01	2.05e-06	0.00e+00	1.01e-10	3.03e-10	5.05e-10	5.33e-06	1.07e-05	1.73e-29
 1.09934e+16	1.41e-09	1.93e-05	6.03e-03	9.18e-02	9.02e-01	2.04e-06	0.00e+00	1.27e-10	3.80e-10	6.34e-10	6.42e-06	1.29e-05	3.00e-29
 1.13213e+16	1.73e-09	2.32e-05	6.92e-03	9.90e-02	8.94e-01	2.01e-06	0.00e+00	1.56e-10	4.67e-10	7.78e-10	7.69e-06	1.55e-05	5.04e-29
 1.16024e+16	2.07e-09	2.70e-05	7.77e-03	1.06e-01	8.87e-01	2.00e-06	0.00e+00	1.87e-10	5.60e-10	9.34e-10	8.98e-06	1.80e-05	7.79e-29
 1.19013e+16	2.55e-09	3.21e-05	8.83e-03	1.13e-01	8.78e-01	1.98e-06	0.00e+00	2.30e-10	6.88e-10	1.15e-09	1.07e-05	2.14e-05	1.28e-28
 1.22307e+16	3.18e-09	3.84e-05	1.01e-02	1.22e-01	8.68e-01	1.97e-06	0.00e+00	2.87e-10	8.60e-10	1.43e-09	1.28e-05	2.56e-05	2.12e-28
 1.25324e+16	3.87e-09	4.51e-05	1.15e-02	1.31e-01	8.58e-01	1.96e-06	0.00e+00	3.50e-10	1.05e-09	1.75e-09	1.50e-05	3.01e-05	3.29e-28
 1.28133e+16	4.60e-09	5.25e-05	1.29e-02	1.39e-01	8.48e-01	1.94e-06	0.00e+00	4.16e-10	1.25e-09	2.08e-09	1.75e-05	3.50e-05	4.98e-28
 1.30884e+16	5.49e-09	6.09e-05	1.44e-02	1.48e-01	8.38e-01	1.93e-06	0.00e+00	4.97e-10	1.49e-09	2.49e-09	2.03e-05	4.06e-05	7.45e-28
 1.33574e+16	6.56e-09	7.04e-05	1.62e-02	1.57e-01	8.27e-01	1.92e-06	0.00e+00	5.94e-10	1.78e-09	2.97e-09	2.34e-05	4.70e-05	1.11e-27
 1.36651e+16	8.20e-09	8.39e-05	1.85e-02	1.68e-01	8.13e-01	1.92e-06	0.00e+00	7.44e-10	2.23e-09	3.72e-09	2.79e-05	5.60e-05	1.81e-27
 1.39863e+16	1.00e-08	9.94e-05	2.11e-02	1.80e-01	7.99e-01	1.90e-06	0.00e+00	9.10e-10	2.73e-09	4.55e-09	3.31e-05	6.63e-05	2.80e-27
 1.42566e+16	1.20e-08	1.15e-04	2.37e-02	1.91e-01	7.85e-01	1.89e-06	0.00e+00	1.09e-09	3.26e-09	5.44e-09	3.83e-05	7.68e-05	4.10e-27
 1.45010e+16	1.42e-08	1.32e-04	2.63e-02	2.01e-01	7.72e-01	1.89e-06	0.00e+00	1.29e-09	3.88e-09	6.46e-09	4.39e-05	8.80e-05	5.90e-27
 1.47806e+16	1.74e-08	1.55e-04	2.98e-02	2.14e-01	7.56e-01	1.88e-06	0.00e+00	1.58e-09	4.75e-09	7.92e-09	5.17e-05	1.04e-04	9.17e-27
 1.50804e+16	2.17e-08	1.84e-04	3.41e-02	2.29e-01	7.37e-01	1.90e-06	0.00e+00	1.98e-09	5.94e-09	9.91e-09	6.14e-05	1.23e-04	1.45e-26
 1.53404e+16	2.59e-08	2.13e-04	3.83e-02	2.42e-01	7.19e-01	1.89e-06	0.00e+00	2.37e-09	7.10e-09	1.18e-08	7.10e-05	1.42e-04	2.10e-26
 1.55751e+16	3.09e-08	2.45e-04	4.28e-02	2.55e-01	7.02e-01	1.89e-06	0.00e+00	2.82e-09	8.45e-09	1.41e-08	8.16e-05	1.63e-04	3.04e-26
 1.58429e+16	3.87e-08	2.91e-04	4.88e-02	2.71e-01	6.80e-01	1.91e-06	0.00e+00	3.54e-09	1.06e-08	1.77e-08	9.69e-05	1.94e-04	4.90e-26
 1.61222e+16	4.73e-08	3.43e-04	5.57e-02	2.88e-01	6.56e-01	1.91e-06	3.40e-12	4.33e-09	1.30e-08	2.16e-08	1.14e-04	2.29e-04	7.44e-26
 1.63578e+16	5.71e-08	3.98e-04	6.26e-02	3.04e-01	6.33e-01	1.92e-06	0.00e+00	5.22e-09	1.57e-08	2.61e-08	1.32e-04	2.65e-04	1.10e-25
 1.65681e+16	6.91e-08	4.58e-04	6.97e-02	3.18e-01	6.11e-01	1.95e-06	0.00e+00	6.33e-09	1.90e-08	3.16e-08	1.53e-04	3.05e-04	1.63e-25
 1.67721e+16	8.10e-08	5.22e-04	7.75e-02	3.33e-01	5.89e-01	1.96e-06	4.07e-12	7.43e-09	2.23e-08	3.71e-08	1.74e-04	3.48e-04	2.30e-25
 1.70053e+16	1.00e-07	6.05e-04	8.75e-02	3.51e-01	5.61e-01	1.96e-06	0.00e+00	9.20e-09	2.76e-08	4.60e-08	2.01e-04	4.03e-04	3.42e-25
 1.72507e+16	1.26e-07	7.33e-04	1.00e-01	3.71e-01	5.28e-01	2.05e-06	0.00e+00	1.16e-08	3.48e-08	5.80e-08	2.44e-04	4.89e-04	6.02e-25
 1.74468e+16	1.51e-07	8.41e-04	1.12e-01	3.87e-01	5.01e-01	2.07e-06	5.45e-12	1.39e-08	4.15e-08	6.92e-08	2.80e-04	5.61e-04	8.79e-25
 1.76071e+16	1.77e-07	9.43e-04	1.23e-01	4.00e-01	4.76e-01	2.10e-06	0.00e+00	1.63e-08	4.87e-08	8.12e-08	3.14e-04	6.29e-04	1.21e-24
 1.77860e+16	2.10e-07	1.07e-03	1.36e-01	4.16e-01	4.47e-01	2.10e-06	6.32e-12	1.93e-08	5.80e-08	9.66e-08	3.55e-04	7.11e-04	1.71e-24
 1.79816e+16	2.57e-07	1.24e-03	1.52e-01	4.33e-01	4.13e-01	2.12e-06	0.00e+00	2.37e-08	7.10e-08	1.18e-07	4.12e-04	8.24e-04	2.64e-24
 1.81508e+16	3.11e-07	1.45e-03	1.69e-01	4.49e-01	3.81e-01	2.23e-06	8.51e-12	2.86e-08	8.59e-08	1.43e-07	4.83e-04	9.66e-04	4.47e-24
 1.82847e+16	3.57e-07	1.60e-03	1.83e-01	4.60e-01	3.55e-01	2.27e-06	0.00e+00	3.29e-08	9.88e-08	1.65e-07	5.34e-04	1.07e-03	6.00e-24
