#depth	N	N+	N+2	N+3	N+4	N+5	N+6	N+7
 1.49634e+10	0.00e+00	0.00e+00	2.94e-28	1.00e-18	5.73e-10	9.77e-01	2.27e-02	0.00e+00
 4.54887e+10	0.00e+00	2.04e-38	3.74e-28	1.18e-18	6.21e-10	9.79e-01	2.09e-02	1.32e-07
 7.72350e+10	0.00e+00	0.00e+00	4.74e-28	1.38e-18	6.74e-10	9.81e-01	1.93e-02	0.00e+00
 1.10251e+11	0.00e+00	3.85e-38	6.03e-28	1.62e-18	7.30e-10	9.82e-01	1.78e-02	0.00e+00
 1.43513e+11	0.00e+00	0.00e+00	7.59e-28	1.89e-18	7.90e-10	9.84e-01	1.64e-02	0.00e+00
 1.78106e+11	0.00e+00	7.13e-38	9.58e-28	2.21e-18	8.54e-10	9.85e-01	1.52e-02	0.00e+00
 2.15157e+11	0.00e+00	0.00e+00	1.22e-27	2.60e-18	9.26e-10	9.86e-01	1.40e-02	0.00e+00
 2.53690e+11	0.00e+00	1.35e-37	1.55e-27	3.05e-18	1.00e-09	9.87e-01	1.29e-02	0.00e+00
 2.93764e+11	0.00e+00	0.00e+00	1.96e-27	3.58e-18	1.09e-09	9.88e-01	1.19e-02	0.00e+00
 3.35441e+11	0.00e+00	2.55e-37	2.50e-27	4.20e-18	1.18e-09	9.89e-01	1.10e-02	0.00e+00
 3.78786e+11	0.00e+00	0.00e+00	3.17e-27	4.93e-18	1.28e-09	9.90e-01	1.01e-02	0.00e+00
 4.23864e+11	0.00e+00	4.83e-37	4.03e-27	5.79e-18	1.39e-09	9.91e-01	9.29e-03	0.00e+00
 4.70745e+11	0.00e+00	0.00e+00	5.13e-27	6.80e-18	1.50e-09	9.91e-01	8.55e-03	0.00e+00
 5.19502e+11	0.00e+00	9.15e-37	6.52e-27	7.99e-18	1.63e-09	9.92e-01	7.88e-03	0.00e+00
 5.70209e+11	0.00e+00	0.00e+00	8.29e-27	9.38e-18	1.77e-09	9.93e-01	7.25e-03	0.00e+00
 6.22944e+11	0.00e+00	1.74e-36	1.06e-26	1.10e-17	1.92e-09	9.93e-01	6.67e-03	0.00e+00
 6.72922e+11	4.23e-47	2.33e-36	1.32e-26	1.28e-17	2.07e-09	9.94e-01	6.18e-03	0.00e+00
 7.18222e+11	0.00e+00	0.00e+00	1.60e-26	1.45e-17	2.20e-09	9.94e-01	5.78e-03	0.00e+00
 7.69299e+11	0.00e+00	3.98e-36	1.97e-26	1.68e-17	2.37e-09	9.95e-01	5.38e-03	0.00e+00
 8.29095e+11	1.23e-46	5.47e-36	2.50e-26	1.97e-17	2.57e-09	9.95e-01	4.95e-03	0.00e+00
 8.88458e+11	0.00e+00	0.00e+00	3.15e-26	2.29e-17	2.77e-09	9.95e-01	4.57e-03	0.00e+00
 9.44842e+11	0.00e+00	9.80e-36	3.88e-26	2.64e-17	2.97e-09	9.96e-01	4.26e-03	0.00e+00
 1.00721e+12	3.70e-46	1.32e-35	4.86e-26	3.07e-17	3.21e-09	9.96e-01	3.94e-03	0.00e+00
 1.07742e+12	0.00e+00	0.00e+00	6.20e-26	3.61e-17	3.48e-09	9.96e-01	3.62e-03	0.00e+00
 1.14808e+12	0.00e+00	2.50e-35	7.86e-26	4.23e-17	3.77e-09	9.97e-01	3.34e-03	0.00e+00
 1.22156e+12	1.22e-45	3.43e-35	9.96e-26	4.97e-17	4.09e-09	9.97e-01	3.07e-03	0.00e+00
 1.30035e+12	0.00e+00	0.00e+00	1.27e-25	5.86e-17	4.44e-09	9.97e-01	2.82e-03	0.00e+00
 1.38229e+12	0.00e+00	6.58e-35	1.63e-25	6.91e-17	4.83e-09	9.97e-01	2.59e-03	0.00e+00
 1.46084e+12	4.01e-45	8.90e-35	2.05e-25	8.06e-17	5.22e-09	9.98e-01	2.40e-03	0.00e+00
 1.53349e+12	0.00e+00	0.00e+00	2.51e-25	9.24e-17	5.59e-09	9.98e-01	2.24e-03	0.00e+00
 1.61571e+12	0.00e+00	1.57e-34	3.14e-25	1.07e-16	6.03e-09	9.98e-01	2.07e-03	0.00e+00
 1.71027e+12	1.23e-44	2.18e-34	4.02e-25	1.27e-16	6.56e-09	9.98e-01	1.90e-03	0.00e+00
 1.80321e+12	0.00e+00	2.99e-34	5.10e-25	1.49e-16	7.11e-09	9.98e-01	1.75e-03	0.00e+00
 1.89254e+12	2.61e-44	3.99e-34	6.35e-25	1.73e-16	7.66e-09	9.98e-01	1.62e-03	0.00e+00
 1.99083e+12	0.00e+00	5.44e-34	8.02e-25	2.02e-16	8.30e-09	9.99e-01	1.50e-03	0.00e+00
 2.10039e+12	5.81e-44	7.59e-34	1.03e-24	2.40e-16	9.05e-09	9.99e-01	1.37e-03	0.00e+00
 2.21080e+12	0.00e+00	1.05e-33	1.32e-24	2.83e-16	9.84e-09	9.99e-01	1.26e-03	0.00e+00
 2.32562e+12	1.30e-43	1.45e-33	1.69e-24	3.35e-16	1.07e-08	9.99e-01	1.16e-03	0.00e+00
 2.44857e+12	0.00e+00	2.03e-33	2.18e-24	3.98e-16	1.17e-08	9.99e-01	1.06e-03	0.00e+00
 2.57644e+12	3.01e-43	2.84e-33	2.81e-24	4.73e-16	1.28e-08	9.99e-01	9.73e-04	0.00e+00
 2.70943e+12	0.00e+00	3.97e-33	3.62e-24	5.62e-16	1.39e-08	9.99e-01	8.91e-04	0.00e+00
 2.84773e+12	6.99e-43	5.58e-33	4.69e-24	6.70e-16	1.52e-08	9.99e-01	8.14e-04	0.00e+00
 2.98640e+12	0.00e+00	7.74e-33	6.02e-24	7.94e-16	1.66e-08	9.99e-01	7.47e-04	0.00e+00
 3.13061e+12	1.58e-42	1.08e-32	7.72e-24	9.42e-16	1.81e-08	9.99e-01	6.85e-04	0.00e+00
 3.28576e+12	0.00e+00	1.51e-32	1.00e-23	1.13e-15	1.98e-08	9.99e-01	6.26e-04	0.00e+00
 3.44712e+12	3.68e-42	2.13e-32	1.30e-23	1.35e-15	2.17e-08	9.99e-01	5.71e-04	0.00e+00
 3.61493e+12	0.00e+00	2.99e-32	1.69e-23	1.61e-15	2.38e-08	9.99e-01	5.22e-04	0.00e+00
 3.78945e+12	8.59e-42	4.21e-32	2.19e-23	1.93e-15	2.61e-08	1.00e+00	4.76e-04	0.00e+00
 3.97096e+12	0.00e+00	5.93e-32	2.85e-23	2.31e-15	2.87e-08	1.00e+00	4.34e-04	0.00e+00
 4.13579e+12	1.90e-41	8.00e-32	3.59e-23	2.71e-15	3.11e-08	1.00e+00	4.00e-04	0.00e+00
 4.27415e+12	0.00e+00	1.02e-31	4.33e-23	3.08e-15	3.33e-08	1.00e+00	3.74e-04	0.00e+00
 4.42607e+12	3.55e-41	1.32e-31	5.28e-23	3.54e-15	3.58e-08	1.00e+00	3.49e-04	0.00e+00
 4.61715e+12	0.00e+00	1.81e-31	6.74e-23	4.20e-15	3.90e-08	1.00e+00	3.20e-04	0.00e+00
 4.81541e+12	7.73e-41	2.49e-31	8.60e-23	4.98e-15	4.26e-08	1.00e+00	2.93e-04	0.00e+00
 4.99176e+12	0.00e+00	3.26e-31	1.06e-22	5.76e-15	4.60e-08	1.00e+00	2.72e-04	0.00e+00
 5.18336e+12	1.53e-40	4.33e-31	1.32e-22	6.72e-15	4.98e-08	1.00e+00	2.51e-04	0.00e+00
 5.39705e+12	0.00e+00	5.88e-31	1.68e-22	7.94e-15	5.44e-08	1.00e+00	2.31e-04	0.00e+00
 5.59783e+12	3.14e-40	7.75e-31	2.08e-22	9.24e-15	5.89e-08	1.00e+00	2.13e-04	0.00e+00
 5.81719e+12	0.00e+00	1.04e-30	2.61e-22	1.08e-14	6.40e-08	1.00e+00	1.96e-04	0.00e+00
 6.06176e+12	6.57e-40	1.42e-30	3.32e-22	1.29e-14	7.01e-08	1.00e+00	1.80e-04	0.00e+00
 6.29179e+12	0.00e+00	1.88e-30	4.14e-22	1.50e-14	7.61e-08	1.00e+00	1.66e-04	0.00e+00
 6.54353e+12	1.34e-39	2.53e-30	5.22e-22	1.77e-14	8.30e-08	1.00e+00	1.52e-04	0.00e+00
 6.82532e+12	0.00e+00	3.47e-30	6.71e-22	2.12e-14	9.11e-08	1.00e+00	1.39e-04	0.00e+00
 7.09247e+12	2.80e-39	4.64e-30	8.42e-22	2.49e-14	9.93e-08	1.00e+00	1.27e-04	0.00e+00
 7.37949e+12	0.00e+00	6.25e-30	1.06e-21	2.95e-14	1.08e-07	1.00e+00	1.17e-04	0.00e+00
 7.70459e+12	5.98e-39	8.64e-30	1.37e-21	3.54e-14	1.20e-07	1.00e+00	1.06e-04	0.00e+00
 8.02519e+12	0.00e+00	1.17e-29	1.74e-21	4.20e-14	1.31e-07	1.00e+00	9.71e-05	0.00e+00
 8.35862e+12	1.25e-38	1.59e-29	2.22e-21	4.99e-14	1.44e-07	1.00e+00	8.87e-05	0.00e+00
 8.72289e+12	0.00e+00	2.18e-29	2.85e-21	5.97e-14	1.58e-07	1.00e+00	8.07e-05	0.00e+00
 9.09166e+12	2.67e-38	2.97e-29	3.63e-21	7.11e-14	1.73e-07	1.00e+00	7.37e-05	0.00e+00
 9.47517e+12	0.00e+00	4.03e-29	4.62e-21	8.46e-14	1.90e-07	1.00e+00	6.72e-05	0.00e+00
 9.84264e+12	5.44e-38	5.33e-29	5.77e-21	9.93e-14	2.07e-07	1.00e+00	6.18e-05	0.00e+00
 1.01629e+13	0.00e+00	6.75e-29	6.95e-21	1.14e-13	2.23e-07	1.00e+00	5.76e-05	0.00e+00
 1.05152e+13	9.81e-38	8.67e-29	8.47e-21	1.31e-13	2.41e-07	1.00e+00	5.34e-05	0.00e+00
 1.09091e+13	0.00e+00	1.13e-28	1.05e-20	1.53e-13	2.61e-07	1.00e+00	4.92e-05	0.00e+00
 1.12811e+13	1.83e-37	1.45e-28	1.27e-20	1.76e-13	2.82e-07	1.00e+00	4.57e-05	0.00e+00
 1.16890e+13	0.00e+00	1.88e-28	1.56e-20	2.04e-13	3.05e-07	1.00e+00	4.23e-05	0.00e+00
 1.21448e+13	3.51e-37	2.48e-28	1.95e-20	2.39e-13	3.32e-07	1.00e+00	3.88e-05	0.00e+00
 1.25758e+13	0.00e+00	3.20e-28	2.38e-20	2.77e-13	3.59e-07	1.00e+00	3.60e-05	0.00e+00
 1.30489e+13	6.62e-37	4.19e-28	2.95e-20	3.23e-13	3.90e-07	1.00e+00	3.32e-05	0.00e+00
 1.35790e+13	0.00e+00	5.60e-28	3.71e-20	3.81e-13	4.26e-07	1.00e+00	3.04e-05	0.00e+00
 1.40828e+13	1.29e-36	7.29e-28	4.57e-20	4.43e-13	4.63e-07	1.00e+00	2.80e-05	0.00e+00
 1.45433e+13	0.00e+00	9.20e-28	5.50e-20	5.06e-13	4.97e-07	1.00e+00	2.61e-05	0.00e+00
 1.50480e+13	2.32e-36	1.18e-27	6.68e-20	5.82e-13	5.36e-07	1.00e+00	2.43e-05	0.00e+00
 1.56152e+13	0.00e+00	1.54e-27	8.26e-20	6.78e-13	5.82e-07	1.00e+00	2.24e-05	0.00e+00
 1.61533e+13	4.32e-36	1.97e-27	1.00e-19	7.80e-13	6.27e-07	1.00e+00	2.08e-05	0.00e+00
 1.67423e+13	0.00e+00	2.55e-27	1.23e-19	9.03e-13	6.79e-07	1.00e+00	1.92e-05	0.00e+00
 1.73935e+13	8.26e-36	3.36e-27	1.53e-19	1.06e-12	7.39e-07	1.00e+00	1.77e-05	0.00e+00
 1.79976e+13	0.00e+00	4.31e-27	1.86e-19	1.22e-12	7.96e-07	1.00e+00	1.64e-05	0.00e+00
 1.86550e+13	1.53e-35	5.58e-27	2.28e-19	1.41e-12	8.61e-07	1.00e+00	1.52e-05	0.00e+00
 1.93911e+13	0.00e+00	7.39e-27	2.85e-19	1.65e-12	9.38e-07	1.00e+00	1.40e-05	0.00e+00
 2.00881e+13	2.94e-35	9.55e-27	3.49e-19	1.90e-12	1.01e-06	1.00e+00	1.29e-05	0.00e+00
 2.08439e+13	0.00e+00	1.25e-26	4.31e-19	2.21e-12	1.10e-06	1.00e+00	1.19e-05	0.00e+00
 2.16851e+13	5.78e-35	1.66e-26	5.40e-19	2.60e-12	1.20e-06	1.00e+00	1.10e-05	0.00e+00
 2.24903e+13	0.00e+00	2.17e-26	6.65e-19	3.02e-12	1.30e-06	1.00e+00	1.01e-05	0.00e+00
 2.33503e+13	1.11e-34	2.85e-26	8.24e-19	3.51e-12	1.41e-06	1.00e+00	9.36e-06	0.00e+00
 2.43142e+13	0.00e+00	3.84e-26	1.04e-18	4.14e-12	1.53e-06	1.00e+00	8.59e-06	0.00e+00
 2.52756e+13	2.26e-34	5.10e-26	1.30e-18	4.84e-12	1.67e-06	1.00e+00	7.90e-06	0.00e+00
 2.62753e+13	3.20e-34	6.78e-26	1.62e-18	5.66e-12	1.81e-06	1.00e+00	7.28e-06	0.00e+00
 2.73563e+13	4.60e-34	9.12e-26	2.04e-18	6.66e-12	1.97e-06	1.00e+00	6.68e-06	0.00e+00
 2.84805e+13	6.63e-34	1.23e-25	2.57e-18	7.83e-12	2.15e-06	1.00e+00	6.14e-06	0.00e+00
 2.96496e+13	9.55e-34	1.65e-25	3.24e-18	9.21e-12	2.34e-06	1.00e+00	5.64e-06	0.00e+00
 3.08047e+13	1.35e-33	2.20e-25	4.04e-18	1.07e-11	2.54e-06	1.00e+00	5.21e-06	0.00e+00
 3.18828e+13	1.85e-33	2.84e-25	4.93e-18	1.23e-11	2.73e-06	1.00e+00	4.84e-06	0.00e+00
 3.30648e+13	2.58e-33	3.72e-25	6.08e-18	1.43e-11	2.95e-06	1.00e+00	4.49e-06	0.00e+00
 3.42811e+13	3.60e-33	4.88e-25	7.50e-18	1.65e-11	3.18e-06	1.00e+00	4.16e-06	0.00e+00
 3.53084e+13	4.72e-33	6.08e-25	8.89e-18	1.86e-11	3.38e-06	1.00e+00	3.92e-06	0.00e+00
 3.63988e+13	6.26e-33	7.65e-25	1.06e-17	2.10e-11	3.60e-06	1.00e+00	3.68e-06	0.00e+00
 3.77704e+13	8.82e-33	1.01e-24	1.31e-17	2.43e-11	3.89e-06	1.00e+00	3.41e-06	0.00e+00
 3.91943e+13	1.24e-32	1.34e-24	1.63e-17	2.82e-11	4.20e-06	1.00e+00	3.15e-06	0.00e+00
 4.04678e+13	1.68e-32	1.70e-24	1.96e-17	3.20e-11	4.49e-06	1.00e+00	2.95e-06	0.00e+00
 4.18592e+13	2.31e-32	2.20e-24	2.39e-17	3.66e-11	4.82e-06	1.00e+00	2.76e-06	0.00e+00
 4.33925e+13	3.23e-32	2.90e-24	2.95e-17	4.23e-11	5.19e-06	1.00e+00	2.56e-06	0.00e+00
 4.48037e+13	4.38e-32	3.70e-24	3.55e-17	4.80e-11	5.54e-06	1.00e+00	2.40e-06	0.00e+00
 4.63315e+13	6.02e-32	4.78e-24	4.32e-17	5.49e-11	5.93e-06	1.00e+00	2.24e-06	0.00e+00
 4.80409e+13	8.47e-32	6.31e-24	5.34e-17	6.34e-11	6.39e-06	1.00e+00	2.08e-06	0.00e+00
 4.96511e+13	1.16e-31	8.13e-24	6.48e-17	7.23e-11	6.83e-06	1.00e+00	1.94e-06	0.00e+00
 5.14088e+13	1.62e-31	1.06e-23	7.94e-17	8.30e-11	7.33e-06	1.00e+00	1.81e-06	0.00e+00
 5.33652e+13	2.31e-31	1.42e-23	9.89e-17	9.64e-11	7.92e-06	1.00e+00	1.68e-06	0.00e+00
 5.51951e+13	3.20e-31	1.84e-23	1.21e-16	1.10e-10	8.48e-06	1.00e+00	1.57e-06	0.00e+00
 5.71896e+13	4.50e-31	2.42e-23	1.49e-16	1.27e-10	9.11e-06	1.00e+00	1.46e-06	0.00e+00
 5.94242e+13	6.50e-31	3.26e-23	1.86e-16	1.48e-10	9.84e-06	1.00e+00	1.35e-06	0.00e+00
 6.15398e+13	9.13e-31	4.28e-23	2.29e-16	1.70e-10	1.06e-05	1.00e+00	1.26e-06	0.00e+00
 6.38140e+13	1.30e-30	5.68e-23	2.83e-16	1.96e-10	1.14e-05	1.00e+00	1.17e-06	0.00e+00
 6.63965e+13	1.90e-30	7.73e-23	3.58e-16	2.30e-10	1.23e-05	1.00e+00	1.08e-06	0.00e+00
 6.89267e+13	2.74e-30	1.04e-22	4.46e-16	2.67e-10	1.33e-05	1.00e+00	1.00e-06	0.00e+00
 7.15582e+13	3.95e-30	1.39e-22	5.57e-16	3.09e-10	1.43e-05	1.00e+00	9.30e-07	0.00e+00
 7.44505e+13	5.80e-30	1.89e-22	7.04e-16	3.62e-10	1.55e-05	1.00e+00	0.00e+00	0.00e+00
 7.73744e+13	8.45e-30	2.56e-22	8.84e-16	4.22e-10	1.67e-05	1.00e+00	0.00e+00	0.00e+00
 8.04154e+13	1.23e-29	3.46e-22	1.11e-15	4.92e-10	1.81e-05	1.00e+00	0.00e+00	0.00e+00
 8.36620e+13	1.81e-29	4.72e-22	1.40e-15	5.76e-10	1.96e-05	1.00e+00	0.00e+00	0.00e+00
 8.68342e+13	2.60e-29	6.32e-22	1.75e-15	6.68e-10	2.11e-05	1.00e+00	0.00e+00	0.00e+00
 8.98607e+13	3.64e-29	8.26e-22	2.14e-15	7.66e-10	2.26e-05	1.00e+00	0.00e+00	0.00e+00
 9.32123e+13	5.20e-29	1.10e-21	2.66e-15	8.86e-10	2.44e-05	1.00e+00	0.00e+00	0.00e+00
 9.68810e+13	7.57e-29	1.49e-21	3.34e-15	1.03e-09	2.63e-05	1.00e+00	0.00e+00	0.00e+00
 1.00133e+14	1.04e-28	1.93e-21	4.06e-15	1.18e-09	2.82e-05	1.00e+00	0.00e+00	0.00e+00
 1.02913e+14	1.36e-28	2.39e-21	4.78e-15	1.31e-09	2.98e-05	1.00e+00	0.00e+00	0.00e+00
 1.06029e+14	1.82e-28	3.02e-21	5.70e-15	1.48e-09	3.16e-05	1.00e+00	0.00e+00	0.00e+00
 1.09961e+14	2.59e-28	4.01e-21	7.07e-15	1.71e-09	3.40e-05	1.00e+00	0.00e+00	0.00e+00
 1.14089e+14	3.70e-28	5.34e-21	8.80e-15	1.98e-09	3.67e-05	1.00e+00	0.00e+00	0.00e+00
 1.17829e+14	5.06e-28	6.87e-21	1.06e-14	2.26e-09	3.92e-05	1.00e+00	0.00e+00	0.00e+00
 1.21932e+14	7.05e-28	8.97e-21	1.30e-14	2.59e-09	4.20e-05	1.00e+00	0.00e+00	0.00e+00
 1.26751e+14	1.02e-27	1.21e-20	1.64e-14	3.02e-09	4.55e-05	1.00e+00	0.00e+00	0.00e+00
 1.31562e+14	1.47e-27	1.62e-20	2.04e-14	3.51e-09	4.91e-05	1.00e+00	0.00e+00	0.00e+00
 1.36170e+14	2.05e-27	2.12e-20	2.51e-14	4.03e-09	5.27e-05	1.00e+00	0.00e+00	0.00e+00
 1.41252e+14	2.91e-27	2.81e-20	3.11e-14	4.67e-09	5.68e-05	1.00e+00	0.00e+00	0.00e+00
 1.46495e+14	4.13e-27	3.73e-20	3.86e-14	5.40e-09	6.12e-05	1.00e+00	0.00e+00	0.00e+00
 1.51148e+14	5.58e-27	4.76e-20	4.64e-14	6.12e-09	6.53e-05	1.00e+00	0.00e+00	0.00e+00
 1.56192e+14	7.65e-27	6.14e-20	5.64e-14	6.99e-09	6.98e-05	1.00e+00	0.00e+00	0.00e+00
 1.62240e+14	1.10e-26	8.24e-20	7.06e-14	8.14e-09	7.55e-05	1.00e+00	0.00e+00	0.00e+00
 1.68212e+14	1.56e-26	1.09e-19	8.74e-14	9.41e-09	8.14e-05	1.00e+00	0.00e+00	0.00e+00
 1.73559e+14	2.11e-26	1.39e-19	1.05e-13	1.07e-08	8.67e-05	1.00e+00	0.00e+00	0.00e+00
 1.79469e+14	2.90e-26	1.80e-19	1.28e-13	1.22e-08	9.30e-05	1.00e+00	0.00e+00	0.00e+00
 1.86480e+14	4.18e-26	2.42e-19	1.61e-13	1.42e-08	1.01e-04	1.00e+00	0.00e+00	0.00e+00
 1.93430e+14	5.95e-26	3.22e-19	2.00e-13	1.65e-08	1.09e-04	1.00e+00	0.00e+00	0.00e+00
 1.99827e+14	8.14e-26	4.15e-19	2.42e-13	1.88e-08	1.16e-04	1.00e+00	0.00e+00	0.00e+00
 2.07002e+14	1.14e-25	5.45e-19	2.98e-13	2.16e-08	1.25e-04	1.00e+00	0.00e+00	0.00e+00
 2.15293e+14	1.66e-25	7.39e-19	3.76e-13	2.53e-08	1.35e-04	1.00e+00	0.00e+00	0.00e+00
 2.23408e+14	2.37e-25	9.86e-19	4.69e-13	2.94e-08	1.46e-04	1.00e+00	0.00e+00	0.00e+00
 2.31149e+14	3.30e-25	1.28e-18	5.74e-13	3.37e-08	1.57e-04	1.00e+00	0.00e+00	0.00e+00
 2.39726e+14	4.68e-25	1.71e-18	7.12e-13	3.90e-08	1.69e-04	1.00e+00	0.00e+00	0.00e+00
 2.49345e+14	6.84e-25	2.32e-18	8.98e-13	4.57e-08	1.83e-04	1.00e+00	0.00e+00	0.00e+00
 2.59062e+14	9.91e-25	3.12e-18	1.13e-12	5.32e-08	1.98e-04	1.00e+00	0.00e+00	0.00e+00
 2.68334e+14	1.39e-24	4.11e-18	1.39e-12	6.13e-08	2.13e-04	1.00e+00	0.00e+00	0.00e+00
 2.78263e+14	1.98e-24	5.45e-18	1.72e-12	7.09e-08	2.29e-04	1.00e+00	0.00e+00	0.00e+00
 2.88864e+14	2.85e-24	7.30e-18	2.15e-12	8.23e-08	2.47e-04	1.00e+00	0.00e+00	0.00e+00
 2.98696e+14	3.94e-24	9.50e-18	2.62e-12	9.41e-08	2.65e-04	1.00e+00	0.00e+00	0.00e+00
 3.09481e+14	5.57e-24	1.25e-17	3.24e-12	1.08e-07	2.84e-04	1.00e+00	0.00e+00	0.00e+00
 3.20582e+14	7.84e-24	1.65e-17	3.99e-12	1.25e-07	3.05e-04	1.00e+00	0.00e+00	0.00e+00
 3.29840e+14	1.04e-23	2.06e-17	4.73e-12	1.40e-07	3.24e-04	1.00e+00	0.00e+00	0.00e+00
 3.39591e+14	1.38e-23	2.60e-17	5.62e-12	1.57e-07	3.43e-04	1.00e+00	0.00e+00	0.00e+00
 3.52019e+14	1.95e-23	3.44e-17	6.96e-12	1.82e-07	3.69e-04	1.00e+00	0.00e+00	0.00e+00
 3.64984e+14	2.78e-23	4.57e-17	8.63e-12	2.10e-07	3.97e-04	1.00e+00	0.00e+00	0.00e+00
 3.76328e+14	3.75e-23	5.81e-17	1.04e-11	2.37e-07	4.23e-04	1.00e+00	0.00e+00	0.00e+00
 3.88510e+14	5.12e-23	7.46e-17	1.25e-11	2.69e-07	4.51e-04	1.00e+00	0.00e+00	0.00e+00
 4.03318e+14	7.37e-23	1.00e-16	1.56e-11	3.13e-07	4.86e-04	1.00e+00	0.00e+00	0.00e+00
 4.18027e+14	1.05e-22	1.33e-16	1.93e-11	3.61e-07	5.23e-04	9.99e-01	0.00e+00	0.00e+00
 4.30944e+14	1.41e-22	1.68e-16	2.32e-11	4.07e-07	5.56e-04	9.99e-01	0.00e+00	0.00e+00
 4.45046e+14	1.93e-22	2.17e-16	2.80e-11	4.63e-07	5.94e-04	9.99e-01	0.00e+00	0.00e+00
 4.62091e+14	2.78e-22	2.91e-16	3.51e-11	5.39e-07	6.41e-04	9.99e-01	0.00e+00	0.00e+00
 4.79103e+14	3.96e-22	3.87e-16	4.35e-11	6.22e-07	6.90e-04	9.99e-01	0.00e+00	0.00e+00
 4.94340e+14	5.36e-22	4.94e-16	5.23e-11	7.05e-07	7.35e-04	9.99e-01	0.00e+00	0.00e+00
 5.11130e+14	7.42e-22	6.42e-16	6.38e-11	8.06e-07	7.87e-04	9.99e-01	0.00e+00	0.00e+00
 5.31048e+14	1.07e-21	8.65e-16	8.00e-11	9.39e-07	8.51e-04	9.99e-01	0.00e+00	0.00e+00
 5.50761e+14	1.53e-21	1.15e-15	9.93e-11	1.09e-06	9.16e-04	9.99e-01	0.00e+00	0.00e+00
 5.68864e+14	2.09e-21	1.48e-15	1.20e-10	1.24e-06	9.79e-04	9.99e-01	0.00e+00	0.00e+00
 5.89144e+14	2.92e-21	1.94e-15	1.48e-10	1.42e-06	1.05e-03	9.99e-01	0.00e+00	0.00e+00
 6.12634e+14	4.25e-21	2.62e-15	1.86e-10	1.66e-06	1.14e-03	9.99e-01	0.00e+00	0.00e+00
 6.35689e+14	6.05e-21	3.49e-15	2.32e-10	1.93e-06	1.23e-03	9.99e-01	0.00e+00	0.00e+00
 6.57678e+14	8.37e-21	4.54e-15	2.83e-10	2.21e-06	1.32e-03	9.99e-01	0.00e+00	0.00e+00
 6.82026e+14	1.17e-20	5.98e-15	3.51e-10	2.56e-06	1.43e-03	9.99e-01	0.00e+00	0.00e+00
 7.09337e+14	1.71e-20	8.11e-15	4.42e-10	3.00e-06	1.55e-03	9.98e-01	0.00e+00	0.00e+00
 7.36426e+14	2.42e-20	1.08e-14	5.51e-10	3.49e-06	1.67e-03	9.98e-01	0.00e+00	0.00e+00
 7.64599e+14	3.43e-20	1.43e-14	6.87e-10	4.05e-06	1.81e-03	9.98e-01	0.00e+00	0.00e+00
 7.90449e+14	4.66e-20	1.84e-14	8.34e-10	4.64e-06	1.95e-03	9.98e-01	0.00e+00	0.00e+00
 8.10403e+14	5.87e-20	2.22e-14	9.65e-10	5.12e-06	2.05e-03	9.98e-01	0.00e+00	0.00e+00
 8.31356e+14	7.42e-20	2.69e-14	1.12e-09	5.68e-06	2.17e-03	9.98e-01	0.00e+00	0.00e+00
 8.58594e+14	9.94e-20	3.42e-14	1.35e-09	6.47e-06	2.32e-03	9.98e-01	0.00e+00	0.00e+00
 8.88008e+14	1.35e-19	4.39e-14	1.65e-09	7.41e-06	2.50e-03	9.97e-01	0.00e+00	0.00e+00
 9.14413e+14	1.75e-19	5.45e-14	1.95e-09	8.34e-06	2.66e-03	9.97e-01	0.00e+00	0.00e+00
 9.42904e+14	2.31e-19	6.85e-14	2.33e-09	9.43e-06	2.84e-03	9.97e-01	0.00e+00	0.00e+00
 9.78203e+14	3.19e-19	8.96e-14	2.89e-09	1.09e-05	3.08e-03	9.97e-01	0.00e+00	0.00e+00
 1.01375e+15	4.37e-19	1.16e-13	3.55e-09	1.26e-05	3.33e-03	9.97e-01	0.00e+00	0.00e+00
 1.04481e+15	5.70e-19	1.45e-13	4.23e-09	1.43e-05	3.56e-03	9.96e-01	0.00e+00	0.00e+00
 1.07866e+15	7.51e-19	1.82e-13	5.09e-09	1.62e-05	3.82e-03	9.96e-01	0.00e+00	0.00e+00
 1.11976e+15	1.04e-18	2.39e-13	6.33e-09	1.89e-05	4.15e-03	9.96e-01	0.00e+00	0.00e+00
 1.16079e+15	1.42e-18	3.10e-13	7.79e-09	2.18e-05	4.50e-03	9.95e-01	0.00e+00	0.00e+00
 1.19722e+15	1.84e-18	3.87e-13	9.32e-09	2.47e-05	4.82e-03	9.95e-01	0.00e+00	0.00e+00
 1.23715e+15	2.43e-18	4.88e-13	1.13e-08	2.82e-05	5.19e-03	9.95e-01	0.00e+00	0.00e+00
 1.28493e+15	3.36e-18	6.41e-13	1.40e-08	3.29e-05	5.65e-03	9.94e-01	0.00e+00	0.00e+00
 1.33229e+15	4.56e-18	8.29e-13	1.73e-08	3.80e-05	6.13e-03	9.94e-01	0.00e+00	0.00e+00
 1.37511e+15	5.93e-18	1.04e-12	2.08e-08	4.32e-05	6.59e-03	9.93e-01	0.00e+00	0.00e+00
 1.42265e+15	7.91e-18	1.32e-12	2.53e-08	4.95e-05	7.11e-03	9.93e-01	0.00e+00	0.00e+00
 1.47853e+15	1.09e-17	1.74e-12	3.16e-08	5.79e-05	7.76e-03	9.92e-01	0.00e+00	0.00e+00
 1.53357e+15	1.48e-17	2.25e-12	3.91e-08	6.70e-05	8.43e-03	9.92e-01	0.00e+00	0.00e+00
 1.58470e+15	1.95e-17	2.84e-12	4.73e-08	7.65e-05	9.08e-03	9.91e-01	0.00e+00	0.00e+00
 1.64201e+15	2.62e-17	3.65e-12	5.82e-08	8.82e-05	9.84e-03	9.90e-01	0.00e+00	0.00e+00
 1.70772e+15	3.64e-17	4.83e-12	7.32e-08	1.03e-04	1.08e-02	9.89e-01	0.00e+00	0.00e+00
 1.77242e+15	4.97e-17	6.29e-12	9.11e-08	1.20e-04	1.17e-02	9.88e-01	0.00e+00	0.00e+00
 1.83971e+15	6.79e-17	8.21e-12	1.13e-07	1.39e-04	1.27e-02	9.87e-01	0.00e+00	0.00e+00
 1.91333e+15	9.45e-17	1.09e-11	1.43e-07	1.63e-04	1.39e-02	9.86e-01	0.00e+00	0.00e+00
 1.97586e+15	1.24e-16	1.37e-11	1.72e-07	1.85e-04	1.50e-02	9.85e-01	0.00e+00	0.00e+00
 2.02203e+15	1.73e-16	1.61e-11	1.97e-07	2.03e-04	1.58e-02	9.84e-01	0.00e+00	0.00e+00
 2.07072e+15	2.13e-16	1.91e-11	2.27e-07	2.23e-04	1.66e-02	9.83e-01	0.00e+00	0.00e+00
 2.13402e+15	2.75e-16	2.38e-11	2.72e-07	2.52e-04	1.78e-02	9.82e-01	0.00e+00	0.00e+00
 2.20359e+15	3.63e-16	3.00e-11	3.29e-07	2.87e-04	1.91e-02	9.81e-01	0.00e+00	0.00e+00
 2.26772e+15	4.63e-16	3.69e-11	3.89e-07	3.21e-04	2.04e-02	9.79e-01	0.00e+00	0.00e+00
 2.33748e+15	6.02e-16	4.60e-11	4.67e-07	3.63e-04	2.18e-02	9.78e-01	0.00e+00	0.00e+00
 2.41588e+15	8.02e-16	5.86e-11	5.68e-07	4.14e-04	2.35e-02	9.76e-01	0.00e+00	0.00e+00
 2.49084e+15	1.04e-15	7.31e-11	6.81e-07	4.68e-04	2.51e-02	9.74e-01	0.00e+00	0.00e+00
 2.57358e+15	1.39e-15	9.29e-11	8.29e-07	5.33e-04	2.70e-02	9.72e-01	0.00e+00	0.00e+00
 2.66616e+15	1.89e-15	1.21e-10	1.03e-06	6.15e-04	2.92e-02	9.70e-01	0.00e+00	0.00e+00
 2.75393e+15	2.50e-15	1.53e-10	1.24e-06	6.99e-04	3.14e-02	9.68e-01	0.00e+00	0.00e+00
 2.85045e+15	3.39e-15	1.97e-10	1.53e-06	8.03e-04	3.39e-02	9.65e-01	0.00e+00	0.00e+00
 2.95830e+15	4.72e-15	2.61e-10	1.92e-06	9.32e-04	3.68e-02	9.62e-01	0.00e+00	0.00e+00
 3.05920e+15	6.33e-15	3.34e-10	2.35e-06	1.07e-03	3.96e-02	9.59e-01	0.00e+00	0.00e+00
 3.16869e+15	8.66e-15	4.35e-10	2.90e-06	1.23e-03	4.28e-02	9.56e-01	0.00e+00	0.00e+00
 3.29137e+15	1.21e-14	5.78e-10	3.65e-06	1.43e-03	4.65e-02	9.52e-01	0.00e+00	0.00e+00
 3.40720e+15	1.65e-14	7.50e-10	4.50e-06	1.64e-03	5.01e-02	9.48e-01	0.00e+00	0.00e+00
 3.53151e+15	2.28e-14	9.83e-10	5.60e-06	1.89e-03	5.41e-02	9.44e-01	0.00e+00	0.00e+00
 3.66968e+15	3.22e-14	1.31e-09	7.07e-06	2.21e-03	5.88e-02	9.39e-01	0.00e+00	0.00e+00
 3.80293e+15	4.44e-14	1.72e-09	8.78e-06	2.55e-03	6.35e-02	9.34e-01	0.00e+00	0.00e+00
 3.94461e+15	6.19e-14	2.28e-09	1.10e-05	2.95e-03	6.87e-02	9.28e-01	0.00e+00	0.00e+00
 4.10243e+15	8.82e-14	3.07e-09	1.40e-05	3.45e-03	7.47e-02	9.22e-01	0.00e+00	0.00e+00
 4.23509e+15	1.17e-13	3.90e-09	1.69e-05	3.92e-03	7.99e-02	9.16e-01	0.00e+00	0.00e+00
 4.33079e+15	1.43e-13	4.62e-09	1.94e-05	4.28e-03	8.37e-02	9.12e-01	0.00e+00	0.00e+00
 4.43085e+15	1.76e-13	5.50e-09	2.23e-05	4.69e-03	8.78e-02	9.07e-01	0.00e+00	0.00e+00
 4.56092e+15	2.29e-13	6.85e-09	2.65e-05	5.26e-03	9.32e-02	9.01e-01	0.00e+00	0.00e+00
 4.70537e+15	3.04e-13	8.69e-09	3.21e-05	5.95e-03	9.95e-02	8.95e-01	0.00e+00	0.00e+00
 4.83978e+15	3.92e-13	1.08e-08	3.81e-05	6.66e-03	1.05e-01	8.88e-01	0.00e+00	0.00e+00
 4.98581e+15	5.15e-13	1.35e-08	4.56e-05	7.50e-03	1.12e-01	8.80e-01	0.00e+00	0.00e+00
 5.14923e+15	6.88e-13	1.73e-08	5.55e-05	8.52e-03	1.20e-01	8.72e-01	0.00e+00	0.00e+00
 5.30361e+15	9.03e-13	2.17e-08	6.64e-05	9.57e-03	1.27e-01	8.63e-01	0.00e+00	0.00e+00
 5.47263e+15	1.21e-12	2.76e-08	8.04e-05	1.08e-02	1.35e-01	8.54e-01	0.00e+00	0.00e+00
 5.66129e+15	1.65e-12	3.58e-08	9.88e-05	1.24e-02	1.45e-01	8.43e-01	0.00e+00	0.00e+00
 5.83947e+15	2.19e-12	4.55e-08	1.19e-04	1.40e-02	1.54e-01	8.32e-01	0.00e+00	0.00e+00
 6.03513e+15	2.97e-12	5.87e-08	1.46e-04	1.59e-02	1.64e-01	8.20e-01	0.00e+00	0.00e+00
 6.25078e+15	4.09e-12	7.69e-08	1.80e-04	1.83e-02	1.76e-01	8.06e-01	0.00e+00	0.00e+00
 6.45069e+15	5.46e-12	9.79e-08	2.18e-04	2.07e-02	1.86e-01	7.93e-01	0.00e+00	0.00e+00
 6.66884e+15	7.45e-12	1.27e-07	2.67e-04	2.36e-02	1.98e-01	7.78e-01	0.00e+00	0.00e+00
 6.90885e+15	1.03e-11	1.66e-07	3.30e-04	2.70e-02	2.12e-01	7.61e-01	0.00e+00	0.00e+00
 7.13176e+15	1.37e-11	2.12e-07	3.99e-04	3.05e-02	2.24e-01	7.45e-01	0.00e+00	0.00e+00
 7.37600e+15	1.88e-11	2.75e-07	4.89e-04	3.47e-02	2.38e-01	7.27e-01	0.00e+00	0.00e+00
 7.64617e+15	2.61e-11	3.61e-07	6.06e-04	3.98e-02	2.53e-01	7.06e-01	0.00e+00	0.00e+00
 7.89767e+15	3.50e-11	4.62e-07	7.36e-04	4.50e-02	2.67e-01	6.87e-01	0.00e+00	0.00e+00
 8.12921e+15	4.55e-11	5.75e-07	8.74e-04	5.02e-02	2.80e-01	6.69e-01	0.00e+00	0.00e+00
 8.33971e+15	5.73e-11	6.98e-07	1.02e-03	5.52e-02	2.92e-01	6.52e-01	0.00e+00	0.00e+00
 8.56591e+15	7.34e-11	8.57e-07	1.19e-03	6.10e-02	3.04e-01	6.33e-01	0.00e+00	0.00e+00
 8.81259e+15	9.47e-11	1.06e-06	1.41e-03	6.77e-02	3.18e-01	6.13e-01	0.00e+00	0.00e+00
 9.04033e+15	1.19e-10	1.28e-06	1.64e-03	7.44e-02	3.29e-01	5.95e-01	0.00e+00	0.00e+00
 9.29085e+15	1.54e-10	1.58e-06	1.93e-03	8.22e-02	3.42e-01	5.73e-01	0.00e+00	0.00e+00
 9.56373e+15	1.99e-10	1.97e-06	2.29e-03	9.12e-02	3.56e-01	5.51e-01	0.00e+00	0.00e+00
 9.81635e+15	2.52e-10	2.39e-06	2.67e-03	1.00e-01	3.68e-01	5.30e-01	0.00e+00	0.00e+00
 1.00954e+16	3.27e-10	2.97e-06	3.16e-03	1.11e-01	3.80e-01	5.06e-01	0.00e+00	0.00e+00
 1.03990e+16	4.26e-10	3.70e-06	3.76e-03	1.23e-01	3.93e-01	4.81e-01	0.00e+00	0.00e+00
 1.06807e+16	5.40e-10	4.50e-06	4.39e-03	1.35e-01	4.03e-01	4.57e-01	0.00e+00	0.00e+00
 1.09934e+16	7.09e-10	5.63e-06	5.23e-03	1.49e-01	4.15e-01	4.31e-01	0.00e+00	0.00e+00
 1.13213e+16	9.18e-10	6.97e-06	6.20e-03	1.64e-01	4.25e-01	4.05e-01	0.00e+00	0.00e+00
 1.16024e+16	1.14e-09	8.36e-06	7.16e-03	1.78e-01	4.32e-01	3.82e-01	0.00e+00	0.00e+00
 1.19013e+16	1.46e-09	1.02e-05	8.35e-03	1.94e-01	4.39e-01	3.59e-01	0.00e+00	0.00e+00
 1.22307e+16	1.87e-09	1.25e-05	9.82e-03	2.12e-01	4.45e-01	3.33e-01	0.00e+00	0.00e+00
 1.25324e+16	2.33e-09	1.50e-05	1.13e-02	2.29e-01	4.49e-01	3.11e-01	0.00e+00	0.00e+00
 1.28133e+16	2.86e-09	1.78e-05	1.29e-02	2.46e-01	4.51e-01	2.90e-01	0.00e+00	0.00e+00
 1.30884e+16	3.49e-09	2.09e-05	1.47e-02	2.63e-01	4.52e-01	2.71e-01	0.00e+00	0.00e+00
 1.33574e+16	4.24e-09	2.45e-05	1.67e-02	2.80e-01	4.52e-01	2.52e-01	0.00e+00	0.00e+00
 1.36651e+16	5.37e-09	2.97e-05	1.93e-02	3.00e-01	4.50e-01	2.31e-01	0.00e+00	0.00e+00
 1.39863e+16	6.67e-09	3.55e-05	2.22e-02	3.21e-01	4.46e-01	2.10e-01	0.00e+00	0.00e+00
 1.42566e+16	8.04e-09	4.13e-05	2.50e-02	3.40e-01	4.41e-01	1.94e-01	0.00e+00	0.00e+00
 1.45010e+16	9.58e-09	4.76e-05	2.79e-02	3.57e-01	4.36e-01	1.79e-01	0.00e+00	0.00e+00
 1.47806e+16	1.18e-08	5.63e-05	3.17e-02	3.77e-01	4.29e-01	1.63e-01	0.00e+00	0.00e+00
 1.50804e+16	1.47e-08	6.70e-05	3.62e-02	3.99e-01	4.19e-01	1.46e-01	0.00e+00	0.00e+00
 1.53404e+16	1.76e-08	7.74e-05	4.05e-02	4.17e-01	4.09e-01	1.33e-01	0.00e+00	0.00e+00
 1.55751e+16	2.09e-08	8.89e-05	4.50e-02	4.35e-01	3.99e-01	1.21e-01	0.00e+00	0.00e+00
 1.58429e+16	2.60e-08	1.06e-04	5.09e-02	4.55e-01	3.86e-01	1.08e-01	0.00e+00	0.00e+00
 1.61222e+16	3.17e-08	1.24e-04	5.76e-02	4.75e-01	3.72e-01	9.57e-02	0.00e+00	0.00e+00
 1.63578e+16	3.80e-08	1.43e-04	6.42e-02	4.92e-01	3.58e-01	8.56e-02	0.00e+00	0.00e+00
 1.65681e+16	4.54e-08	1.64e-04	7.08e-02	5.07e-01	3.45e-01	7.70e-02	0.00e+00	0.00e+00
 1.67721e+16	5.31e-08	1.86e-04	7.78e-02	5.21e-01	3.32e-01	6.92e-02	0.00e+00	0.00e+00
 1.70053e+16	6.29e-08	2.13e-04	8.68e-02	5.37e-01	3.15e-01	6.07e-02	0.00e+00	0.00e+00
 1.72507e+16	8.12e-08	2.57e-04	9.80e-02	5.54e-01	2.96e-01	5.19e-02	0.00e+00	0.00e+00
 1.74468e+16	9.62e-08	2.94e-04	1.08e-01	5.66e-01	2.80e-01	4.57e-02	0.00e+00	0.00e+00
 1.76071e+16	1.10e-07	3.27e-04	1.16e-01	5.76e-01	2.67e-01	4.09e-02	0.00e+00	0.00e+00
 1.77860e+16	1.27e-07	3.67e-04	1.27e-01	5.86e-01	2.51e-01	3.57e-02	0.00e+00	0.00e+00
 1.79816e+16	1.53e-07	4.23e-04	1.40e-01	5.96e-01	2.33e-01	3.04e-02	0.00e+00	0.00e+00
 1.81508e+16	1.92e-07	4.98e-04	1.54e-01	6.04e-01	2.16e-01	2.58e-02	0.00e+00	0.00e+00
 1.82847e+16	2.18e-07	5.50e-04	1.65e-01	6.09e-01	2.03e-01	2.27e-02	0.00e+00	0.00e+00
 1.84209e+16	2.55e-07	6.19e-04	1.78e-01	6.14e-01	1.88e-01	1.95e-02	0.00e+00	0.00e+00
 1.85692e+16	3.02e-07	7.02e-04	1.92e-01	6.19e-01	1.72e-01	1.64e-02	0.00e+00	0.00e+00
 1.86987e+16	3.40e-07	7.69e-04	2.05e-01	6.22e-01	1.58e-01	1.40e-02	0.00e+00	0.00e+00
 1.88004e+16	3.99e-07	8.62e-04	2.17e-01	6.23e-01	1.47e-01	1.20e-02	0.00e+00	0.00e+00
 1.88723e+16	4.38e-07	9.23e-04	2.26e-01	6.24e-01	1.39e-01	1.08e-02	0.00e+00	0.00e+00
 1.89377e+16	4.65e-07	9.68e-04	2.34e-01	6.24e-01	1.31e-01	9.73e-03	0.00e+00	0.00e+00
 1.90226e+16	5.38e-07	1.07e-03	2.46e-01	6.24e-01	1.21e-01	8.31e-03	0.00e+00	0.00e+00
 1.91043e+16	5.94e-07	1.15e-03	2.56e-01	6.24e-01	1.12e-01	7.18e-03	0.00e+00	0.00e+00
 1.91679e+16	6.36e-07	1.22e-03	2.65e-01	6.23e-01	1.05e-01	6.34e-03	0.00e+00	0.00e+00
 1.92371e+16	7.24e-07	1.33e-03	2.75e-01	6.22e-01	9.62e-02	5.41e-03	0.00e+00	0.00e+00
 1.93064e+16	7.75e-07	1.40e-03	2.85e-01	6.21e-01	8.86e-02	4.66e-03	0.00e+00	0.00e+00
 1.93759e+16	8.61e-07	1.51e-03	2.95e-01	6.19e-01	8.06e-02	3.91e-03	0.00e+00	0.00e+00
 1.94486e+16	9.82e-07	1.66e-03	3.07e-01	6.16e-01	7.26e-02	3.21e-03	0.00e+00	0.00e+00
 1.95065e+16	1.07e-06	1.76e-03	3.15e-01	6.14e-01	6.65e-02	2.73e-03	0.00e+00	0.00e+00
 1.95628e+16	1.17e-06	1.88e-03	3.24e-01	6.11e-01	6.05e-02	2.29e-03	0.00e+00	0.00e+00
 1.96360e+16	1.32e-06	2.04e-03	3.36e-01	6.07e-01	5.31e-02	1.80e-03	0.00e+00	0.00e+00
 1.97103e+16	1.47e-06	2.21e-03	3.47e-01	6.03e-01	4.63e-02	1.40e-03	0.00e+00	0.00e+00
 1.97708e+16	1.62e-06	2.36e-03	3.57e-01	5.99e-01	4.10e-02	1.12e-03	0.00e+00	0.00e+00
 1.98344e+16	1.79e-06	2.54e-03	3.67e-01	5.94e-01	3.58e-02	8.69e-04	0.00e+00	0.00e+00
 1.99170e+16	2.03e-06	2.77e-03	3.79e-01	5.88e-01	2.98e-02	6.18e-04	0.00e+00	0.00e+00
 2.00019e+16	2.30e-06	3.02e-03	3.91e-01	5.81e-01	2.45e-02	4.33e-04	0.00e+00	0.00e+00
 2.00739e+16	2.56e-06	3.26e-03	4.01e-01	5.75e-01	2.07e-02	3.15e-04	0.00e+00	0.00e+00
 2.01520e+16	2.87e-06	3.52e-03	4.12e-01	5.68e-01	1.70e-02	2.19e-04	0.00e+00	0.00e+00
 2.02535e+16	3.32e-06	3.89e-03	4.25e-01	5.58e-01	1.32e-02	1.36e-04	0.00e+00	0.00e+00
 2.03674e+16	3.87e-06	4.31e-03	4.39e-01	5.47e-01	9.93e-03	8.02e-05	0.00e+00	0.00e+00
 2.04975e+16	4.58e-06	4.84e-03	4.54e-01	5.34e-01	7.18e-03	4.35e-05	0.00e+00	0.00e+00
 2.06666e+16	5.66e-06	5.58e-03	4.72e-01	5.17e-01	4.78e-03	2.00e-05	0.00e+00	0.00e+00
 2.08528e+16	7.12e-06	6.50e-03	4.92e-01	4.98e-01	3.13e-03	8.87e-06	0.00e+00	0.00e+00
 2.10334e+16	8.90e-06	7.54e-03	5.12e-01	4.78e-01	2.11e-03	4.15e-06	0.00e+00	0.00e+00
 2.11746e+16	1.06e-05	8.49e-03	5.27e-01	4.63e-01	1.60e-03	2.40e-06	0.00e+00	0.00e+00
 2.12649e+16	1.19e-05	9.17e-03	5.37e-01	4.52e-01	1.33e-03	1.69e-06	0.00e+00	0.00e+00
 2.13546e+16	1.33e-05	9.89e-03	5.47e-01	4.42e-01	1.11e-03	1.18e-06	0.00e+00	0.00e+00
 2.14713e+16	1.56e-05	1.10e-02	5.61e-01	4.27e-01	8.76e-04	7.44e-07	0.00e+00	0.00e+00
 2.16004e+16	1.85e-05	1.23e-02	5.76e-01	4.11e-01	6.82e-04	0.00e+00	0.00e+00	0.00e+00
 2.17172e+16	2.18e-05	1.37e-02	5.90e-01	3.96e-01	5.47e-04	0.00e+00	0.00e+00	0.00e+00
 2.18206e+16	2.52e-05	1.51e-02	6.02e-01	3.82e-01	4.49e-04	0.00e+00	0.00e+00	0.00e+00
 2.19351e+16	2.98e-05	1.69e-02	6.16e-01	3.66e-01	3.60e-04	0.00e+00	0.00e+00	0.00e+00
 2.20600e+16	3.59e-05	1.92e-02	6.32e-01	3.49e-01	2.84e-04	0.00e+00	0.00e+00	0.00e+00
 2.21590e+16	4.20e-05	2.14e-02	6.44e-01	3.34e-01	2.36e-04	0.00e+00	0.00e+00	0.00e+00
 2.22292e+16	4.70e-05	2.31e-02	6.53e-01	3.23e-01	2.07e-04	0.00e+00	0.00e+00	0.00e+00
 2.23017e+16	5.30e-05	2.50e-02	6.63e-01	3.12e-01	1.79e-04	0.00e+00	0.00e+00	0.00e+00
 2.23959e+16	6.19e-05	2.78e-02	6.74e-01	2.98e-01	1.48e-04	0.00e+00	0.00e+00	0.00e+00
 2.24914e+16	7.32e-05	3.11e-02	6.86e-01	2.82e-01	1.23e-04	0.00e+00	0.00e+00	0.00e+00
 2.25655e+16	8.37e-05	3.40e-02	6.96e-01	2.70e-01	1.06e-04	0.00e+00	0.00e+00	0.00e+00
 2.26277e+16	9.39e-05	3.68e-02	7.03e-01	2.60e-01	9.29e-05	0.00e+00	0.00e+00	0.00e+00
 2.26976e+16	1.07e-04	4.02e-02	7.11e-01	2.48e-01	8.00e-05	0.00e+00	0.00e+00	0.00e+00
 2.27757e+16	1.24e-04	4.45e-02	7.20e-01	2.35e-01	6.77e-05	0.00e+00	0.00e+00	0.00e+00
 2.28470e+16	1.43e-04	4.89e-02	7.28e-01	2.23e-01	5.79e-05	0.00e+00	0.00e+00	0.00e+00
 2.29090e+16	1.63e-04	5.34e-02	7.34e-01	2.12e-01	5.04e-05	0.00e+00	0.00e+00	0.00e+00
 2.29759e+16	1.87e-04	5.86e-02	7.40e-01	2.01e-01	4.31e-05	0.00e+00	0.00e+00	0.00e+00
 2.30489e+16	2.19e-04	6.52e-02	7.46e-01	1.88e-01	3.62e-05	0.00e+00	0.00e+00	0.00e+00
 2.31123e+16	2.52e-04	7.17e-02	7.51e-01	1.77e-01	3.11e-05	0.00e+00	0.00e+00	0.00e+00
 2.31660e+16	2.85e-04	7.79e-02	7.54e-01	1.68e-01	2.71e-05	0.00e+00	0.00e+00	0.00e+00
 2.32243e+16	3.27e-04	8.53e-02	7.57e-01	1.57e-01	2.33e-05	0.00e+00	0.00e+00	0.00e+00
 2.32890e+16	3.82e-04	9.47e-02	7.59e-01	1.46e-01	1.96e-05	0.00e+00	0.00e+00	0.00e+00
 2.33471e+16	4.42e-04	1.04e-01	7.59e-01	1.36e-01	1.66e-05	0.00e+00	0.00e+00	0.00e+00
 2.33969e+16	5.01e-04	1.14e-01	7.58e-01	1.27e-01	1.44e-05	0.00e+00	0.00e+00	0.00e+00
 2.34509e+16	5.76e-04	1.25e-01	7.57e-01	1.18e-01	1.22e-05	0.00e+00	0.00e+00	0.00e+00
 2.35102e+16	6.76e-04	1.38e-01	7.53e-01	1.08e-01	1.01e-05	0.00e+00	0.00e+00	0.00e+00
 2.35626e+16	7.83e-04	1.53e-01	7.47e-01	9.93e-02	8.54e-06	0.00e+00	0.00e+00	0.00e+00
 2.36081e+16	8.93e-04	1.66e-01	7.41e-01	9.18e-02	7.31e-06	0.00e+00	0.00e+00	0.00e+00
 2.36581e+16	1.03e-03	1.82e-01	7.33e-01	8.37e-02	6.10e-06	0.00e+00	0.00e+00	0.00e+00
 2.37133e+16	1.22e-03	2.03e-01	7.21e-01	7.49e-02	4.95e-06	0.00e+00	0.00e+00	0.00e+00
 2.37629e+16	1.42e-03	2.24e-01	7.07e-01	6.72e-02	4.06e-06	0.00e+00	0.00e+00	0.00e+00
 2.38064e+16	1.64e-03	2.45e-01	6.93e-01	6.06e-02	3.37e-06	0.00e+00	0.00e+00	0.00e+00
 2.38546e+16	1.91e-03	2.70e-01	6.74e-01	5.35e-02	2.71e-06	0.00e+00	0.00e+00	0.00e+00
 2.39086e+16	2.30e-03	3.02e-01	6.49e-01	4.60e-02	2.09e-06	0.00e+00	0.00e+00	0.00e+00
 2.39584e+16	2.74e-03	3.36e-01	6.22e-01	3.93e-02	1.61e-06	0.00e+00	0.00e+00	0.00e+00
 2.40033e+16	3.22e-03	3.70e-01	5.93e-01	3.36e-02	1.25e-06	0.00e+00	0.00e+00	0.00e+00
 2.40536e+16	3.85e-03	4.11e-01	5.58e-01	2.77e-02	9.18e-07	0.00e+00	0.00e+00	0.00e+00
 2.41075e+16	4.70e-03	4.61e-01	5.13e-01	2.18e-02	0.00e+00	0.00e+00	0.00e+00	0.00e+00
 2.41527e+16	5.62e-03	5.07e-01	4.70e-01	1.74e-02	0.00e+00	0.00e+00	0.00e+00	0.00e+00
 2.41881e+16	6.46e-03	5.45e-01	4.34e-01	1.43e-02	0.00e+00	0.00e+00	0.00e+00	0.00e+00
 2.42244e+16	7.47e-03	5.86e-01	3.95e-01	1.14e-02	0.00e+00	0.00e+00	0.00e+00	0.00e+00
 2.42642e+16	8.77e-03	6.33e-01	3.50e-01	8.65e-03	0.00e+00	0.00e+00	0.00e+00	0.00e+00
 2.42986e+16	1.01e-02	6.74e-01	3.09e-01	6.61e-03	0.00e+00	0.00e+00	0.00e+00	0.00e+00
 2.43267e+16	1.14e-02	7.07e-01	2.76e-01	5.20e-03	0.00e+00	0.00e+00	0.00e+00	0.00e+00
 2.43565e+16	1.29e-02	7.41e-01	2.42e-01	3.94e-03	0.00e+00	0.00e+00	0.00e+00	0.00e+00
 2.43892e+16	1.49e-02	7.78e-01	2.05e-01	2.81e-03	0.00e+00	0.00e+00	0.00e+00	0.00e+00
 2.44177e+16	1.69e-02	8.08e-01	1.73e-01	2.02e-03	0.00e+00	0.00e+00	0.00e+00	0.00e+00
 2.44409e+16	1.88e-02	8.31e-01	1.49e-01	1.51e-03	0.00e+00	0.00e+00	0.00e+00	0.00e+00
 2.44654e+16	2.10e-02	8.53e-01	1.25e-01	1.08e-03	0.00e+00	0.00e+00	0.00e+00	0.00e+00
 2.44922e+16	2.37e-02	8.74e-01	1.01e-01	7.31e-04	0.00e+00	0.00e+00	0.00e+00	0.00e+00
 2.45155e+16	2.64e-02	8.90e-01	8.27e-02	5.00e-04	0.00e+00	0.00e+00	0.00e+00	0.00e+00
 2.45350e+16	2.91e-02	9.02e-01	6.89e-02	3.57e-04	0.00e+00	0.00e+00	0.00e+00	0.00e+00
 2.45557e+16	3.22e-02	9.11e-01	5.61e-02	2.44e-04	0.00e+00	0.00e+00	0.00e+00	0.00e+00
 2.45782e+16	3.62e-02	9.20e-01	4.40e-02	1.57e-04	0.00e+00	0.00e+00	0.00e+00	0.00e+00
 2.45978e+16	4.00e-02	9.25e-01	3.49e-02	1.03e-04	0.00e+00	0.00e+00	0.00e+00	0.00e+00
 2.46140e+16	4.37e-02	9.28e-01	2.86e-02	7.17e-05	0.00e+00	0.00e+00	0.00e+00	0.00e+00
 2.46310e+16	4.79e-02	9.29e-01	2.29e-02	4.78e-05	0.00e+00	0.00e+00	0.00e+00	0.00e+00
 2.46492e+16	5.30e-02	9.29e-01	1.78e-02	3.04e-05	0.00e+00	0.00e+00	0.00e+00	0.00e+00
 2.46648e+16	5.79e-02	9.28e-01	1.41e-02	2.01e-05	0.00e+00	0.00e+00	0.00e+00	0.00e+00
 2.46781e+16	6.24e-02	9.26e-01	1.15e-02	1.40e-05	0.00e+00	0.00e+00	0.00e+00	0.00e+00
 2.46909e+16	6.72e-02	9.23e-01	9.39e-03	9.64e-06	0.00e+00	0.00e+00	0.00e+00	0.00e+00
 2.47042e+16	7.25e-02	9.20e-01	7.55e-03	6.50e-06	0.00e+00	0.00e+00	0.00e+00	0.00e+00
 2.47165e+16	7.80e-02	9.16e-01	6.11e-03	4.45e-06	0.00e+00	0.00e+00	0.00e+00	0.00e+00
 2.47268e+16	8.27e-02	9.12e-01	5.09e-03	3.20e-06	0.00e+00	0.00e+00	0.00e+00	0.00e+00
 2.47360e+16	8.73e-02	9.08e-01	4.30e-03	2.37e-06	0.00e+00	0.00e+00	0.00e+00	0.00e+00
 2.47448e+16	9.21e-02	9.04e-01	3.66e-03	1.76e-06	0.00e+00	0.00e+00	0.00e+00	0.00e+00
 2.47518e+16	9.56e-02	9.01e-01	3.21e-03	1.40e-06	0.00e+00	0.00e+00	0.00e+00	0.00e+00
 2.47564e+16	9.82e-02	8.99e-01	2.94e-03	1.19e-06	0.00e+00	0.00e+00	0.00e+00	0.00e+00
 2.47606e+16	1.01e-01	8.96e-01	2.71e-03	1.03e-06	0.00e+00	0.00e+00	0.00e+00	0.00e+00
 2.47655e+16	1.04e-01	8.94e-01	2.45e-03	8.61e-07	0.00e+00	0.00e+00	0.00e+00	0.00e+00
 2.47708e+16	1.07e-01	8.91e-01	2.21e-03	0.00e+00	0.00e+00	0.00e+00	0.00e+00	0.00e+00
 2.47759e+16	1.11e-01	8.87e-01	1.99e-03	0.00e+00	0.00e+00	0.00e+00	0.00e+00	0.00e+00
 2.47808e+16	1.14e-01	8.84e-01	1.80e-03	0.00e+00	0.00e+00	0.00e+00	0.00e+00	0.00e+00
 2.47855e+16	1.17e-01	8.81e-01	1.63e-03	0.00e+00	0.00e+00	0.00e+00	0.00e+00	0.00e+00
 2.47902e+16	1.21e-01	8.78e-01	1.48e-03	0.00e+00	0.00e+00	0.00e+00	0.00e+00	0.00e+00
 2.47950e+16	1.24e-01	8.75e-01	1.33e-03	0.00e+00	0.00e+00	0.00e+00	0.00e+00	0.00e+00
 2.47996e+16	1.28e-01	8.71e-01	1.21e-03	0.00e+00	0.00e+00	0.00e+00	0.00e+00	0.00e+00
 2.48042e+16	1.31e-01	8.68e-01	1.09e-03	0.00e+00	0.00e+00	0.00e+00	0.00e+00	0.00e+00
 2.48088e+16	1.35e-01	8.64e-01	9.88e-04	0.00e+00	0.00e+00	0.00e+00	0.00e+00	0.00e+00
 2.48133e+16	1.39e-01	8.60e-01	8.93e-04	0.00e+00	0.00e+00	0.00e+00	0.00e+00	0.00e+00
 2.48177e+16	1.43e-01	8.56e-01	8.07e-04	0.00e+00	0.00e+00	0.00e+00	0.00e+00	0.00e+00
 2.48221e+16	1.47e-01	8.52e-01	7.30e-04	0.00e+00	0.00e+00	0.00e+00	0.00e+00	0.00e+00
 2.48265e+16	1.52e-01	8.48e-01	6.59e-04	0.00e+00	0.00e+00	0.00e+00	0.00e+00	0.00e+00
 2.48308e+16	1.56e-01	8.43e-01	5.95e-04	0.00e+00	0.00e+00	0.00e+00	0.00e+00	0.00e+00
 2.48351e+16	1.61e-01	8.39e-01	5.38e-04	0.00e+00	0.00e+00	0.00e+00	0.00e+00	0.00e+00
 2.48392e+16	1.65e-01	8.34e-01	4.87e-04	0.00e+00	0.00e+00	0.00e+00	0.00e+00	0.00e+00
 2.48434e+16	1.70e-01	8.29e-01	4.39e-04	0.00e+00	0.00e+00	0.00e+00	0.00e+00	0.00e+00
 2.48476e+16	1.76e-01	8.24e-01	3.96e-04	0.00e+00	0.00e+00	0.00e+00	0.00e+00	0.00e+00
 2.48516e+16	1.81e-01	8.19e-01	3.58e-04	0.00e+00	0.00e+00	0.00e+00	0.00e+00	0.00e+00
 2.48557e+16	1.86e-01	8.13e-01	3.23e-04	0.00e+00	0.00e+00	0.00e+00	0.00e+00	0.00e+00
 2.48597e+16	1.92e-01	8.08e-01	2.91e-04	0.00e+00	0.00e+00	0.00e+00	0.00e+00	0.00e+00
 2.48637e+16	1.99e-01	8.01e-01	2.62e-04	0.00e+00	0.00e+00	0.00e+00	0.00e+00	0.00e+00
 2.48675e+16	2.05e-01	7.94e-01	2.37e-04	0.00e+00	0.00e+00	0.00e+00	0.00e+00	0.00e+00
 2.48714e+16	2.12e-01	7.88e-01	2.13e-04	0.00e+00	0.00e+00	0.00e+00	0.00e+00	0.00e+00
 2.48752e+16	2.19e-01	7.80e-01	1.92e-04	0.00e+00	0.00e+00	0.00e+00	0.00e+00	0.00e+00
 2.48790e+16	2.27e-01	7.73e-01	1.73e-04	0.00e+00	0.00e+00	0.00e+00	0.00e+00	0.00e+00
 2.48827e+16	2.35e-01	7.65e-01	1.56e-04	0.00e+00	0.00e+00	0.00e+00	0.00e+00	0.00e+00
 2.48863e+16	2.44e-01	7.56e-01	1.40e-04	0.00e+00	0.00e+00	0.00e+00	0.00e+00	0.00e+00
 2.48899e+16	2.53e-01	7.47e-01	1.27e-04	0.00e+00	0.00e+00	0.00e+00	0.00e+00	0.00e+00
 2.48933e+16	2.62e-01	7.38e-01	1.14e-04	0.00e+00	0.00e+00	0.00e+00	0.00e+00	0.00e+00
 2.48968e+16	2.73e-01	7.27e-01	1.03e-04	0.00e+00	0.00e+00	0.00e+00	0.00e+00	0.00e+00
 2.49001e+16	2.83e-01	7.17e-01	9.27e-05	0.00e+00	0.00e+00	0.00e+00	0.00e+00	0.00e+00
 2.49034e+16	2.93e-01	7.07e-01	8.37e-05	0.00e+00	0.00e+00	0.00e+00	0.00e+00	0.00e+00
 2.49067e+16	3.07e-01	6.93e-01	7.52e-05	0.00e+00	0.00e+00	0.00e+00	0.00e+00	0.00e+00
 2.49099e+16	3.18e-01	6.82e-01	6.78e-05	0.00e+00	0.00e+00	0.00e+00	0.00e+00	0.00e+00
 2.49130e+16	3.32e-01	6.68e-01	6.10e-05	0.00e+00	0.00e+00	0.00e+00	0.00e+00	0.00e+00
 2.49161e+16	3.45e-01	6.55e-01	5.48e-05	0.00e+00	0.00e+00	0.00e+00	0.00e+00	0.00e+00
 2.49192e+16	3.60e-01	6.40e-01	4.93e-05	0.00e+00	0.00e+00	0.00e+00	0.00e+00	0.00e+00
 2.49222e+16	3.75e-01	6.25e-01	4.42e-05	0.00e+00	0.00e+00	0.00e+00	0.00e+00	0.00e+00
 2.49252e+16	3.92e-01	6.08e-01	3.96e-05	0.00e+00	0.00e+00	0.00e+00	0.00e+00	0.00e+00
 2.49282e+16	4.12e-01	5.88e-01	3.53e-05	0.00e+00	0.00e+00	0.00e+00	0.00e+00	0.00e+00
 2.49311e+16	4.30e-01	5.70e-01	3.15e-05	0.00e+00	0.00e+00	0.00e+00	0.00e+00	0.00e+00
 2.49339e+16	4.49e-01	5.51e-01	2.81e-05	0.00e+00	0.00e+00	0.00e+00	0.00e+00	0.00e+00
 2.49368e+16	4.69e-01	5.31e-01	2.50e-05	0.00e+00	0.00e+00	0.00e+00	0.00e+00	0.00e+00
 2.49396e+16	4.90e-01	5.10e-01	2.22e-05	0.00e+00	0.00e+00	0.00e+00	0.00e+00	0.00e+00
 2.49424e+16	5.11e-01	4.89e-01	1.96e-05	0.00e+00	0.00e+00	0.00e+00	0.00e+00	0.00e+00
 2.49452e+16	5.35e-01	4.65e-01	1.73e-05	0.00e+00	0.00e+00	0.00e+00	0.00e+00	0.00e+00
 2.49479e+16	5.56e-01	4.44e-01	1.53e-05	0.00e+00	0.00e+00	0.00e+00	0.00e+00	0.00e+00
 2.49506e+16	5.79e-01	4.21e-01	1.34e-05	0.00e+00	0.00e+00	0.00e+00	0.00e+00	0.00e+00
 2.49533e+16	6.03e-01	3.97e-01	1.18e-05	0.00e+00	0.00e+00	0.00e+00	0.00e+00	0.00e+00
 2.49561e+16	6.27e-01	3.73e-01	1.02e-05	0.00e+00	0.00e+00	0.00e+00	0.00e+00	0.00e+00
 2.49584e+16	6.48e-01	3.52e-01	9.10e-06	0.00e+00	0.00e+00	0.00e+00	0.00e+00	0.00e+00
 2.49602e+16	6.63e-01	3.37e-01	8.30e-06	0.00e+00	0.00e+00	0.00e+00	0.00e+00	0.00e+00
 2.49618e+16	6.77e-01	3.23e-01	7.60e-06	0.00e+00	0.00e+00	0.00e+00	0.00e+00	0.00e+00
 2.49635e+16	6.92e-01	3.08e-01	6.94e-06	0.00e+00	0.00e+00	0.00e+00	0.00e+00	0.00e+00
 2.49653e+16	7.08e-01	2.92e-01	6.25e-06	0.00e+00	0.00e+00	0.00e+00	0.00e+00	0.00e+00
 2.49670e+16	7.23e-01	2.77e-01	5.68e-06	0.00e+00	0.00e+00	0.00e+00	0.00e+00	0.00e+00
 2.49686e+16	7.35e-01	2.65e-01	5.21e-06	0.00e+00	0.00e+00	0.00e+00	0.00e+00	0.00e+00
 2.49702e+16	7.49e-01	2.51e-01	4.73e-06	0.00e+00	0.00e+00	0.00e+00	0.00e+00	0.00e+00
 2.49717e+16	7.60e-01	2.40e-01	4.34e-06	0.00e+00	0.00e+00	0.00e+00	0.00e+00	0.00e+00
 2.49732e+16	7.74e-01	2.26e-01	3.94e-06	0.00e+00	0.00e+00	0.00e+00	0.00e+00	0.00e+00
