#depth	O	O+	O+2	O+3	O+4	O+5	O+6	O+7	O+8	O[1]	O[2]	O[3]
 1.49634e+10	0.00e+00	9.27e-46	3.53e-35	1.58e-25	9.74e-17	7.36e-09	1.00e+00	0.00e+00	0.00e+00	0.00e+00	0.00e+00	0.00e+00
 4.54887e+10	0.00e+00	0.00e+00	4.85e-35	2.00e-25	1.14e-16	7.97e-09	1.00e+00	2.17e-07	0.00e+00	0.00e+00	0.00e+00	0.00e+00
 7.72350e+10	0.00e+00	2.04e-45	6.65e-35	2.54e-25	1.34e-16	8.63e-09	1.00e+00	0.00e+00	0.00e+00	0.00e+00	0.00e+00	0.00e+00
 1.10251e+11	0.00e+00	0.00e+00	9.11e-35	3.22e-25	1.57e-16	9.34e-09	1.00e+00	0.00e+00	0.00e+00	0.00e+00	0.00e+00	0.00e+00
 1.43513e+11	0.00e+00	4.44e-45	1.24e-34	4.05e-25	1.83e-16	1.01e-08	1.00e+00	0.00e+00	0.00e+00	0.00e+00	0.00e+00	0.00e+00
 1.78106e+11	0.00e+00	0.00e+00	1.68e-34	5.10e-25	2.13e-16	1.09e-08	1.00e+00	0.00e+00	0.00e+00	0.00e+00	0.00e+00	0.00e+00
 2.15157e+11	0.00e+00	9.67e-45	2.31e-34	6.46e-25	2.50e-16	1.18e-08	1.00e+00	0.00e+00	0.00e+00	0.00e+00	0.00e+00	0.00e+00
 2.53690e+11	0.00e+00	0.00e+00	3.17e-34	8.20e-25	2.93e-16	1.28e-08	1.00e+00	0.00e+00	0.00e+00	0.00e+00	0.00e+00	0.00e+00
 2.93764e+11	0.00e+00	2.13e-44	4.35e-34	1.04e-24	3.43e-16	1.38e-08	1.00e+00	0.00e+00	0.00e+00	0.00e+00	0.00e+00	0.00e+00
 3.35441e+11	0.00e+00	0.00e+00	5.97e-34	1.32e-24	4.03e-16	1.50e-08	1.00e+00	0.00e+00	0.00e+00	0.00e+00	0.00e+00	0.00e+00
 3.78786e+11	0.00e+00	4.71e-44	8.20e-34	1.68e-24	4.72e-16	1.62e-08	1.00e+00	0.00e+00	0.00e+00	0.00e+00	0.00e+00	0.00e+00
 4.23864e+11	0.00e+00	0.00e+00	1.13e-33	2.13e-24	5.54e-16	1.76e-08	1.00e+00	0.00e+00	0.00e+00	0.00e+00	0.00e+00	0.00e+00
 4.70745e+11	0.00e+00	1.04e-43	1.55e-33	2.70e-24	6.50e-16	1.91e-08	1.00e+00	0.00e+00	0.00e+00	0.00e+00	0.00e+00	0.00e+00
 5.19502e+11	0.00e+00	0.00e+00	2.13e-33	3.43e-24	7.63e-16	2.06e-08	1.00e+00	0.00e+00	0.00e+00	0.00e+00	0.00e+00	0.00e+00
 5.70209e+11	0.00e+00	2.31e-43	2.93e-33	4.36e-24	8.95e-16	2.24e-08	1.00e+00	0.00e+00	0.00e+00	0.00e+00	0.00e+00	0.00e+00
 6.22944e+11	0.00e+00	0.00e+00	4.02e-33	5.54e-24	1.05e-15	2.43e-08	1.00e+00	0.00e+00	0.00e+00	0.00e+00	0.00e+00	0.00e+00
 6.72922e+11	0.00e+00	4.94e-43	5.38e-33	6.90e-24	1.22e-15	2.61e-08	1.00e+00	0.00e+00	0.00e+00	0.00e+00	0.00e+00	0.00e+00
 7.18222e+11	0.00e+00	0.00e+00	6.95e-33	8.36e-24	1.38e-15	2.78e-08	1.00e+00	0.00e+00	0.00e+00	0.00e+00	0.00e+00	0.00e+00
 7.69299e+11	0.00e+00	9.62e-43	9.19e-33	1.03e-23	1.59e-15	2.99e-08	1.00e+00	0.00e+00	0.00e+00	0.00e+00	0.00e+00	0.00e+00
 8.29095e+11	0.00e+00	0.00e+00	1.26e-32	1.31e-23	1.87e-15	3.24e-08	1.00e+00	0.00e+00	0.00e+00	0.00e+00	0.00e+00	0.00e+00
 8.88458e+11	0.00e+00	2.08e-42	1.70e-32	1.64e-23	2.18e-15	3.50e-08	1.00e+00	0.00e+00	0.00e+00	0.00e+00	0.00e+00	0.00e+00
 9.44842e+11	0.00e+00	0.00e+00	2.25e-32	2.02e-23	2.51e-15	3.75e-08	1.00e+00	0.00e+00	0.00e+00	0.00e+00	0.00e+00	0.00e+00
 1.00721e+12	0.00e+00	4.25e-42	3.02e-32	2.53e-23	2.91e-15	4.04e-08	1.00e+00	0.00e+00	0.00e+00	0.00e+00	0.00e+00	0.00e+00
 1.07742e+12	0.00e+00	0.00e+00	4.17e-32	3.23e-23	3.43e-15	4.39e-08	1.00e+00	0.00e+00	0.00e+00	0.00e+00	0.00e+00	0.00e+00
 1.14808e+12	0.00e+00	9.36e-42	5.70e-32	4.08e-23	4.01e-15	4.75e-08	1.00e+00	0.00e+00	0.00e+00	0.00e+00	0.00e+00	0.00e+00
 1.22156e+12	0.00e+00	0.00e+00	7.79e-32	5.17e-23	4.70e-15	5.15e-08	1.00e+00	0.00e+00	0.00e+00	0.00e+00	0.00e+00	0.00e+00
 1.30035e+12	0.00e+00	2.07e-41	1.08e-31	6.60e-23	5.54e-15	5.59e-08	1.00e+00	0.00e+00	0.00e+00	0.00e+00	0.00e+00	0.00e+00
 1.38229e+12	0.00e+00	0.00e+00	1.49e-31	8.43e-23	6.54e-15	6.08e-08	1.00e+00	0.00e+00	0.00e+00	0.00e+00	0.00e+00	0.00e+00
 1.46084e+12	0.00e+00	4.50e-41	2.01e-31	1.06e-22	7.61e-15	6.56e-08	1.00e+00	0.00e+00	0.00e+00	0.00e+00	0.00e+00	0.00e+00
 1.53349e+12	0.00e+00	0.00e+00	2.63e-31	1.29e-22	8.73e-15	7.03e-08	1.00e+00	0.00e+00	0.00e+00	0.00e+00	0.00e+00	0.00e+00
 1.61571e+12	0.00e+00	9.05e-41	3.52e-31	1.62e-22	1.01e-14	7.59e-08	1.00e+00	0.00e+00	0.00e+00	0.00e+00	0.00e+00	0.00e+00
 1.71027e+12	0.00e+00	0.00e+00	4.88e-31	2.07e-22	1.20e-14	8.25e-08	1.00e+00	0.00e+00	0.00e+00	0.00e+00	0.00e+00	0.00e+00
 1.80321e+12	0.00e+00	2.00e-40	6.65e-31	2.62e-22	1.40e-14	8.94e-08	1.00e+00	0.00e+00	0.00e+00	0.00e+00	0.00e+00	0.00e+00
 1.89254e+12	0.00e+00	0.00e+00	8.86e-31	3.25e-22	1.63e-14	9.63e-08	1.00e+00	0.00e+00	0.00e+00	0.00e+00	0.00e+00	0.00e+00
 1.99083e+12	0.00e+00	4.17e-40	1.20e-30	4.10e-22	1.90e-14	1.04e-07	1.00e+00	0.00e+00	0.00e+00	0.00e+00	0.00e+00	0.00e+00
 2.10039e+12	0.00e+00	0.00e+00	1.67e-30	5.26e-22	2.26e-14	1.14e-07	1.00e+00	0.00e+00	0.00e+00	0.00e+00	0.00e+00	0.00e+00
 2.21080e+12	0.00e+00	9.33e-40	2.30e-30	6.70e-22	2.66e-14	1.24e-07	1.00e+00	0.00e+00	0.00e+00	0.00e+00	0.00e+00	0.00e+00
 2.32562e+12	0.00e+00	0.00e+00	3.17e-30	8.55e-22	3.14e-14	1.34e-07	1.00e+00	0.00e+00	0.00e+00	0.00e+00	0.00e+00	0.00e+00
 2.44857e+12	0.00e+00	2.09e-39	4.41e-30	1.10e-21	3.73e-14	1.47e-07	1.00e+00	0.00e+00	0.00e+00	0.00e+00	0.00e+00	0.00e+00
 2.57644e+12	0.00e+00	0.00e+00	6.14e-30	1.41e-21	4.42e-14	1.60e-07	1.00e+00	0.00e+00	0.00e+00	0.00e+00	0.00e+00	0.00e+00
 2.70943e+12	0.00e+00	4.75e-39	8.54e-30	1.82e-21	5.25e-14	1.75e-07	1.00e+00	0.00e+00	0.00e+00	0.00e+00	0.00e+00	0.00e+00
 2.84773e+12	0.00e+00	0.00e+00	1.19e-29	2.35e-21	6.26e-14	1.91e-07	1.00e+00	0.00e+00	0.00e+00	0.00e+00	0.00e+00	0.00e+00
 2.98640e+12	0.00e+00	1.07e-38	1.65e-29	3.00e-21	7.41e-14	2.08e-07	1.00e+00	0.00e+00	0.00e+00	0.00e+00	0.00e+00	0.00e+00
 3.13061e+12	0.00e+00	0.00e+00	2.27e-29	3.84e-21	8.77e-14	2.27e-07	1.00e+00	0.00e+00	0.00e+00	0.00e+00	0.00e+00	0.00e+00
 3.28576e+12	0.00e+00	2.40e-38	3.17e-29	4.96e-21	1.05e-13	2.49e-07	1.00e+00	0.00e+00	0.00e+00	0.00e+00	0.00e+00	0.00e+00
 3.44712e+12	0.00e+00	0.00e+00	4.43e-29	6.41e-21	1.25e-13	2.72e-07	1.00e+00	0.00e+00	0.00e+00	0.00e+00	0.00e+00	0.00e+00
 3.61493e+12	0.00e+00	5.47e-38	6.18e-29	8.29e-21	1.49e-13	2.98e-07	1.00e+00	0.00e+00	0.00e+00	0.00e+00	0.00e+00	0.00e+00
 3.78945e+12	0.00e+00	0.00e+00	8.64e-29	1.07e-20	1.78e-13	3.27e-07	1.00e+00	0.00e+00	0.00e+00	0.00e+00	0.00e+00	0.00e+00
 3.97096e+12	0.00e+00	1.24e-37	1.21e-28	1.39e-20	2.13e-13	3.59e-07	1.00e+00	0.00e+00	0.00e+00	0.00e+00	0.00e+00	0.00e+00
 4.13579e+12	0.00e+00	0.00e+00	1.62e-28	1.74e-20	2.50e-13	3.90e-07	1.00e+00	0.00e+00	0.00e+00	0.00e+00	0.00e+00	0.00e+00
 4.27415e+12	0.00e+00	2.39e-37	2.05e-28	2.09e-20	2.84e-13	4.16e-07	1.00e+00	0.00e+00	0.00e+00	0.00e+00	0.00e+00	0.00e+00
 4.42607e+12	0.00e+00	0.00e+00	2.64e-28	2.54e-20	3.26e-13	4.47e-07	1.00e+00	0.00e+00	0.00e+00	0.00e+00	0.00e+00	0.00e+00
 4.61715e+12	0.00e+00	4.74e-37	3.59e-28	3.22e-20	3.86e-13	4.88e-07	1.00e+00	0.00e+00	0.00e+00	0.00e+00	0.00e+00	0.00e+00
 4.81541e+12	0.00e+00	0.00e+00	4.88e-28	4.09e-20	4.56e-13	5.33e-07	1.00e+00	0.00e+00	0.00e+00	0.00e+00	0.00e+00	0.00e+00
 4.99176e+12	0.00e+00	9.52e-37	6.35e-28	5.03e-20	5.27e-13	5.75e-07	1.00e+00	0.00e+00	0.00e+00	0.00e+00	0.00e+00	0.00e+00
 5.18336e+12	0.00e+00	0.00e+00	8.38e-28	6.23e-20	6.14e-13	6.23e-07	1.00e+00	0.00e+00	0.00e+00	0.00e+00	0.00e+00	0.00e+00
 5.39705e+12	0.00e+00	1.92e-36	1.13e-27	7.86e-20	7.24e-13	6.79e-07	1.00e+00	0.00e+00	0.00e+00	0.00e+00	0.00e+00	0.00e+00
 5.59783e+12	7.52e-46	2.66e-36	1.48e-27	9.70e-20	8.41e-13	7.35e-07	1.00e+00	0.00e+00	0.00e+00	0.00e+00	0.00e+00	0.00e+00
 5.81719e+12	0.00e+00	0.00e+00	1.96e-27	1.21e-19	9.85e-13	7.99e-07	1.00e+00	0.00e+00	0.00e+00	0.00e+00	0.00e+00	0.00e+00
 6.06176e+12	0.00e+00	5.41e-36	2.65e-27	1.54e-19	1.17e-12	8.74e-07	1.00e+00	0.00e+00	0.00e+00	0.00e+00	0.00e+00	0.00e+00
 6.29179e+12	2.61e-45	7.54e-36	3.49e-27	1.91e-19	1.36e-12	9.49e-07	1.00e+00	0.00e+00	0.00e+00	0.00e+00	0.00e+00	0.00e+00
 6.54353e+12	0.00e+00	0.00e+00	4.66e-27	2.39e-19	1.60e-12	1.03e-06	1.00e+00	0.00e+00	0.00e+00	0.00e+00	0.00e+00	0.00e+00
 6.82532e+12	0.00e+00	1.56e-35	6.35e-27	3.06e-19	1.91e-12	1.14e-06	1.00e+00	0.00e+00	0.00e+00	0.00e+00	0.00e+00	0.00e+00
 7.09247e+12	9.24e-45	2.19e-35	8.42e-27	3.82e-19	2.24e-12	1.24e-06	1.00e+00	0.00e+00	0.00e+00	0.00e+00	0.00e+00	0.00e+00
 7.37949e+12	0.00e+00	0.00e+00	1.13e-26	4.80e-19	2.64e-12	1.35e-06	1.00e+00	0.00e+00	0.00e+00	0.00e+00	0.00e+00	0.00e+00
 7.70459e+12	0.00e+00	4.53e-35	1.54e-26	6.16e-19	3.16e-12	1.49e-06	1.00e+00	0.00e+00	0.00e+00	0.00e+00	0.00e+00	0.00e+00
 8.02519e+12	3.36e-44	6.49e-35	2.08e-26	7.80e-19	3.75e-12	1.63e-06	1.00e+00	0.00e+00	0.00e+00	0.00e+00	0.00e+00	0.00e+00
 8.35862e+12	0.00e+00	9.26e-35	2.80e-26	9.87e-19	4.44e-12	1.79e-06	1.00e+00	0.00e+00	0.00e+00	0.00e+00	0.00e+00	0.00e+00
 8.72289e+12	7.96e-44	1.34e-34	3.81e-26	1.26e-18	5.30e-12	1.97e-06	1.00e+00	0.00e+00	0.00e+00	0.00e+00	0.00e+00	0.00e+00
 9.09166e+12	0.00e+00	1.93e-34	5.15e-26	1.60e-18	6.30e-12	2.16e-06	1.00e+00	0.00e+00	0.00e+00	0.00e+00	0.00e+00	0.00e+00
 9.47517e+12	1.86e-43	2.76e-34	6.95e-26	2.03e-18	7.47e-12	2.37e-06	1.00e+00	0.00e+00	0.00e+00	0.00e+00	0.00e+00	0.00e+00
 9.84264e+12	0.00e+00	3.84e-34	9.15e-26	2.53e-18	8.75e-12	2.58e-06	1.00e+00	0.00e+00	0.00e+00	0.00e+00	0.00e+00	0.00e+00
 1.01629e+13	3.82e-43	5.06e-34	1.15e-25	3.04e-18	9.99e-12	2.77e-06	1.00e+00	0.00e+00	0.00e+00	0.00e+00	0.00e+00	0.00e+00
 1.05152e+13	0.00e+00	6.80e-34	1.47e-25	3.70e-18	1.15e-11	2.99e-06	1.00e+00	0.00e+00	0.00e+00	0.00e+00	0.00e+00	0.00e+00
 1.09091e+13	7.85e-43	9.34e-34	1.92e-25	4.57e-18	1.34e-11	3.25e-06	1.00e+00	0.00e+00	0.00e+00	0.00e+00	0.00e+00	0.00e+00
 1.12811e+13	0.00e+00	1.25e-33	2.45e-25	5.54e-18	1.54e-11	3.50e-06	1.00e+00	0.00e+00	0.00e+00	0.00e+00	0.00e+00	0.00e+00
 1.16890e+13	1.58e-42	1.69e-33	3.16e-25	6.80e-18	1.78e-11	3.79e-06	1.00e+00	0.00e+00	0.00e+00	0.00e+00	0.00e+00	0.00e+00
 1.21448e+13	0.00e+00	2.35e-33	4.16e-25	8.46e-18	2.08e-11	4.13e-06	1.00e+00	0.00e+00	0.00e+00	0.00e+00	0.00e+00	0.00e+00
 1.25758e+13	3.32e-42	3.17e-33	5.35e-25	1.03e-17	2.40e-11	4.46e-06	1.00e+00	0.00e+00	0.00e+00	0.00e+00	0.00e+00	0.00e+00
 1.30489e+13	0.00e+00	4.36e-33	6.98e-25	1.28e-17	2.79e-11	4.85e-06	1.00e+00	0.00e+00	0.00e+00	0.00e+00	0.00e+00	0.00e+00
 1.35790e+13	7.20e-42	6.14e-33	9.29e-25	1.60e-17	3.28e-11	5.30e-06	1.00e+00	0.00e+00	0.00e+00	0.00e+00	0.00e+00	0.00e+00
 1.40828e+13	0.00e+00	8.39e-33	1.21e-24	1.98e-17	3.81e-11	5.74e-06	1.00e+00	0.00e+00	0.00e+00	0.00e+00	0.00e+00	0.00e+00
 1.45433e+13	1.44e-41	1.11e-32	1.52e-24	2.38e-17	4.34e-11	6.17e-06	1.00e+00	0.00e+00	0.00e+00	0.00e+00	0.00e+00	0.00e+00
 1.50480e+13	0.00e+00	1.48e-32	1.95e-24	2.89e-17	4.98e-11	6.65e-06	1.00e+00	0.00e+00	0.00e+00	0.00e+00	0.00e+00	0.00e+00
 1.56152e+13	2.95e-41	2.04e-32	2.54e-24	3.57e-17	5.79e-11	7.22e-06	1.00e+00	0.00e+00	0.00e+00	0.00e+00	0.00e+00	0.00e+00
 1.61533e+13	0.00e+00	2.73e-32	3.24e-24	4.34e-17	6.64e-11	7.78e-06	1.00e+00	0.00e+00	0.00e+00	0.00e+00	0.00e+00	0.00e+00
 1.67423e+13	5.97e-41	3.71e-32	4.20e-24	5.33e-17	7.68e-11	8.42e-06	1.00e+00	0.00e+00	0.00e+00	0.00e+00	0.00e+00	0.00e+00
 1.73935e+13	0.00e+00	5.16e-32	5.52e-24	6.63e-17	8.96e-11	9.16e-06	1.00e+00	0.00e+00	0.00e+00	0.00e+00	0.00e+00	0.00e+00
 1.79976e+13	1.24e-40	6.93e-32	7.07e-24	8.07e-17	1.03e-10	9.87e-06	1.00e+00	0.00e+00	0.00e+00	0.00e+00	0.00e+00	0.00e+00
 1.86550e+13	0.00e+00	9.45e-32	9.17e-24	9.91e-17	1.19e-10	1.07e-05	1.00e+00	0.00e+00	0.00e+00	0.00e+00	0.00e+00	0.00e+00
 1.93911e+13	2.64e-40	1.32e-31	1.21e-23	1.24e-16	1.39e-10	1.16e-05	1.00e+00	0.00e+00	0.00e+00	0.00e+00	0.00e+00	0.00e+00
 2.00881e+13	0.00e+00	1.80e-31	1.57e-23	1.52e-16	1.60e-10	1.26e-05	1.00e+00	0.00e+00	0.00e+00	0.00e+00	0.00e+00	0.00e+00
 2.08439e+13	5.53e-40	2.48e-31	2.05e-23	1.88e-16	1.86e-10	1.36e-05	1.00e+00	0.00e+00	0.00e+00	0.00e+00	0.00e+00	0.00e+00
 2.16851e+13	0.00e+00	3.50e-31	2.74e-23	2.36e-16	2.17e-10	1.48e-05	1.00e+00	0.00e+00	0.00e+00	0.00e+00	0.00e+00	0.00e+00
 2.24903e+13	1.21e-39	4.82e-31	3.57e-23	2.91e-16	2.52e-10	1.60e-05	1.00e+00	0.00e+00	0.00e+00	0.00e+00	0.00e+00	0.00e+00
 2.33503e+13	0.00e+00	6.70e-31	4.70e-23	3.61e-16	2.92e-10	1.74e-05	1.00e+00	0.00e+00	0.00e+00	0.00e+00	0.00e+00	0.00e+00
 2.43142e+13	2.71e-39	9.58e-31	6.32e-23	4.56e-16	3.43e-10	1.90e-05	1.00e+00	0.00e+00	0.00e+00	0.00e+00	0.00e+00	0.00e+00
 2.52756e+13	0.00e+00	1.35e-30	8.41e-23	5.71e-16	4.01e-10	2.06e-05	1.00e+00	0.00e+00	0.00e+00	0.00e+00	0.00e+00	0.00e+00
 2.62753e+13	6.08e-39	1.91e-30	1.12e-22	7.14e-16	4.68e-10	2.24e-05	1.00e+00	0.00e+00	0.00e+00	0.00e+00	0.00e+00	0.00e+00
 2.73563e+13	0.00e+00	2.73e-30	1.51e-22	9.02e-16	5.49e-10	2.44e-05	1.00e+00	0.00e+00	0.00e+00	0.00e+00	0.00e+00	0.00e+00
 2.84805e+13	1.42e-38	3.92e-30	2.04e-22	1.14e-15	6.45e-10	2.66e-05	1.00e+00	0.00e+00	0.00e+00	0.00e+00	0.00e+00	0.00e+00
 2.96496e+13	0.00e+00	5.64e-30	2.75e-22	1.44e-15	7.57e-10	2.90e-05	1.00e+00	0.00e+00	0.00e+00	0.00e+00	0.00e+00	0.00e+00
 3.08047e+13	3.27e-38	7.96e-30	3.65e-22	1.80e-15	8.81e-10	3.14e-05	1.00e+00	0.00e+00	0.00e+00	0.00e+00	0.00e+00	0.00e+00
 3.18828e+13	0.00e+00	1.09e-29	4.72e-22	2.20e-15	1.01e-09	3.38e-05	1.00e+00	0.00e+00	0.00e+00	0.00e+00	0.00e+00	0.00e+00
 3.30648e+13	7.01e-38	1.52e-29	6.21e-22	2.71e-15	1.17e-09	3.65e-05	1.00e+00	0.00e+00	0.00e+00	0.00e+00	0.00e+00	0.00e+00
 3.42811e+13	0.00e+00	2.11e-29	8.15e-22	3.35e-15	1.35e-09	3.93e-05	1.00e+00	0.00e+00	0.00e+00	0.00e+00	0.00e+00	0.00e+00
 3.53084e+13	1.43e-37	2.77e-29	1.02e-21	3.98e-15	1.51e-09	4.18e-05	1.00e+00	0.00e+00	0.00e+00	0.00e+00	0.00e+00	0.00e+00
 3.63988e+13	0.00e+00	3.67e-29	1.28e-21	4.76e-15	1.71e-09	4.46e-05	1.00e+00	0.00e+00	0.00e+00	0.00e+00	0.00e+00	0.00e+00
 3.77704e+13	2.98e-37	5.16e-29	1.70e-21	5.90e-15	1.98e-09	4.81e-05	1.00e+00	0.00e+00	0.00e+00	0.00e+00	0.00e+00	0.00e+00
 3.91943e+13	0.00e+00	7.28e-29	2.25e-21	7.33e-15	2.29e-09	5.20e-05	1.00e+00	0.00e+00	0.00e+00	0.00e+00	0.00e+00	0.00e+00
 4.04678e+13	6.37e-37	9.81e-29	2.87e-21	8.84e-15	2.60e-09	5.55e-05	1.00e+00	0.00e+00	0.00e+00	0.00e+00	0.00e+00	0.00e+00
 4.18592e+13	0.00e+00	1.35e-28	3.71e-21	1.08e-14	2.97e-09	5.95e-05	1.00e+00	0.00e+00	0.00e+00	0.00e+00	0.00e+00	0.00e+00
 4.33925e+13	1.39e-36	1.89e-28	4.89e-21	1.33e-14	3.43e-09	6.41e-05	1.00e+00	0.00e+00	0.00e+00	0.00e+00	0.00e+00	0.00e+00
 4.48037e+13	0.00e+00	2.55e-28	6.25e-21	1.61e-14	3.89e-09	6.84e-05	1.00e+00	0.00e+00	0.00e+00	0.00e+00	0.00e+00	0.00e+00
 4.63315e+13	2.89e-36	3.51e-28	8.09e-21	1.96e-14	4.44e-09	7.33e-05	1.00e+00	0.00e+00	0.00e+00	0.00e+00	0.00e+00	0.00e+00
 4.80409e+13	0.00e+00	4.94e-28	1.07e-20	2.42e-14	5.12e-09	7.89e-05	1.00e+00	0.00e+00	0.00e+00	0.00e+00	0.00e+00	0.00e+00
 4.96511e+13	6.32e-36	6.76e-28	1.38e-20	2.94e-14	5.84e-09	8.44e-05	1.00e+00	0.00e+00	0.00e+00	0.00e+00	0.00e+00	0.00e+00
 5.14088e+13	0.00e+00	9.43e-28	1.80e-20	3.61e-14	6.70e-09	9.06e-05	1.00e+00	0.00e+00	0.00e+00	0.00e+00	0.00e+00	0.00e+00
 5.33652e+13	1.43e-35	1.35e-27	2.41e-20	4.50e-14	7.77e-09	9.77e-05	1.00e+00	0.00e+00	0.00e+00	0.00e+00	0.00e+00	0.00e+00
 5.51951e+13	0.00e+00	1.86e-27	3.13e-20	5.49e-14	8.88e-09	1.05e-04	1.00e+00	0.00e+00	0.00e+00	0.00e+00	0.00e+00	0.00e+00
 5.71896e+13	3.17e-35	2.62e-27	4.13e-20	6.76e-14	1.02e-08	1.12e-04	1.00e+00	0.00e+00	0.00e+00	0.00e+00	0.00e+00	0.00e+00
 5.94242e+13	4.92e-35	3.79e-27	5.56e-20	8.48e-14	1.19e-08	1.21e-04	1.00e+00	0.00e+00	0.00e+00	0.00e+00	0.00e+00	0.00e+00
 6.15398e+13	7.37e-35	5.31e-27	7.30e-20	1.04e-13	1.37e-08	1.30e-04	1.00e+00	0.00e+00	0.00e+00	0.00e+00	0.00e+00	0.00e+00
 6.38140e+13	1.12e-34	7.55e-27	9.69e-20	1.29e-13	1.58e-08	1.40e-04	1.00e+00	0.00e+00	0.00e+00	0.00e+00	0.00e+00	0.00e+00
 6.63965e+13	1.77e-34	1.11e-26	1.32e-19	1.63e-13	1.84e-08	1.52e-04	1.00e+00	0.00e+00	0.00e+00	0.00e+00	0.00e+00	0.00e+00
 6.89267e+13	2.74e-34	1.59e-26	1.77e-19	2.04e-13	2.14e-08	1.64e-04	1.00e+00	0.00e+00	0.00e+00	0.00e+00	0.00e+00	0.00e+00
 7.15582e+13	4.24e-34	2.30e-26	2.38e-19	2.55e-13	2.48e-08	1.76e-04	1.00e+00	0.00e+00	0.00e+00	0.00e+00	0.00e+00	0.00e+00
 7.44505e+13	6.71e-34	3.37e-26	3.24e-19	3.22e-13	2.90e-08	1.91e-04	1.00e+00	0.00e+00	0.00e+00	0.00e+00	0.00e+00	0.00e+00
 7.73744e+13	1.05e-33	4.91e-26	4.38e-19	4.05e-13	3.38e-08	2.06e-04	1.00e+00	0.00e+00	0.00e+00	0.00e+00	0.00e+00	0.00e+00
 8.04154e+13	1.65e-33	7.16e-26	5.93e-19	5.08e-13	3.94e-08	2.23e-04	1.00e+00	0.00e+00	0.00e+00	0.00e+00	0.00e+00	0.00e+00
 8.36620e+13	2.61e-33	1.05e-25	8.09e-19	6.43e-13	4.61e-08	2.42e-04	1.00e+00	0.00e+00	0.00e+00	0.00e+00	0.00e+00	0.00e+00
 8.68342e+13	4.03e-33	1.51e-25	1.08e-18	8.02e-13	5.34e-08	2.60e-04	1.00e+00	0.00e+00	0.00e+00	0.00e+00	0.00e+00	0.00e+00
 8.98607e+13	6.01e-33	2.11e-25	1.42e-18	9.82e-13	6.12e-08	2.79e-04	1.00e+00	0.00e+00	0.00e+00	0.00e+00	0.00e+00	0.00e+00
 9.32123e+13	9.21e-33	3.02e-25	1.89e-18	1.22e-12	7.08e-08	3.00e-04	1.00e+00	0.00e+00	0.00e+00	0.00e+00	0.00e+00	0.00e+00
 9.68810e+13	1.44e-32	4.39e-25	2.56e-18	1.53e-12	8.25e-08	3.24e-04	1.00e+00	0.00e+00	0.00e+00	0.00e+00	0.00e+00	0.00e+00
 1.00133e+14	2.12e-32	6.06e-25	3.31e-18	1.87e-12	9.40e-08	3.47e-04	1.00e+00	0.00e+00	0.00e+00	0.00e+00	0.00e+00	0.00e+00
 1.02913e+14	2.91e-32	7.92e-25	4.11e-18	2.20e-12	1.05e-07	3.66e-04	1.00e+00	0.00e+00	0.00e+00	0.00e+00	0.00e+00	0.00e+00
 1.06029e+14	4.11e-32	1.06e-24	5.19e-18	2.62e-12	1.18e-07	3.89e-04	1.00e+00	0.00e+00	0.00e+00	0.00e+00	0.00e+00	0.00e+00
 1.09961e+14	6.26e-32	1.50e-24	6.90e-18	3.25e-12	1.36e-07	4.19e-04	1.00e+00	0.00e+00	0.00e+00	0.00e+00	0.00e+00	0.00e+00
 1.14089e+14	9.59e-32	2.15e-24	9.21e-18	4.05e-12	1.58e-07	4.51e-04	1.00e+00	0.00e+00	0.00e+00	0.00e+00	0.00e+00	0.00e+00
 1.17829e+14	1.39e-31	2.94e-24	1.19e-17	4.90e-12	1.80e-07	4.82e-04	1.00e+00	0.00e+00	0.00e+00	0.00e+00	0.00e+00	0.00e+00
 1.21932e+14	2.07e-31	4.09e-24	1.55e-17	6.01e-12	2.06e-07	5.17e-04	9.99e-01	0.00e+00	0.00e+00	0.00e+00	0.00e+00	0.00e+00
 1.26751e+14	3.22e-31	5.94e-24	2.10e-17	7.56e-12	2.40e-07	5.59e-04	9.99e-01	0.00e+00	0.00e+00	0.00e+00	0.00e+00	0.00e+00
 1.31562e+14	4.99e-31	8.60e-24	2.83e-17	9.44e-12	2.78e-07	6.03e-04	9.99e-01	0.00e+00	0.00e+00	0.00e+00	0.00e+00	0.00e+00
 1.36170e+14	7.34e-31	1.19e-23	3.67e-17	1.16e-11	3.19e-07	6.47e-04	9.99e-01	0.00e+00	0.00e+00	0.00e+00	0.00e+00	0.00e+00
 1.41252e+14	1.12e-30	1.69e-23	4.89e-17	1.44e-11	3.69e-07	6.97e-04	9.99e-01	0.00e+00	0.00e+00	0.00e+00	0.00e+00	0.00e+00
 1.46495e+14	1.69e-30	2.39e-23	6.49e-17	1.79e-11	4.27e-07	7.51e-04	9.99e-01	0.00e+00	0.00e+00	0.00e+00	0.00e+00	0.00e+00
 1.51148e+14	2.42e-30	3.24e-23	8.29e-17	2.15e-11	4.83e-07	8.01e-04	9.99e-01	0.00e+00	0.00e+00	0.00e+00	0.00e+00	0.00e+00
 1.56192e+14	3.52e-30	4.44e-23	1.07e-16	2.61e-11	5.51e-07	8.57e-04	9.99e-01	0.00e+00	0.00e+00	0.00e+00	0.00e+00	0.00e+00
 1.62240e+14	5.42e-30	6.38e-23	1.44e-16	3.27e-11	6.41e-07	9.26e-04	9.99e-01	0.00e+00	0.00e+00	0.00e+00	0.00e+00	0.00e+00
 1.68212e+14	8.20e-30	9.04e-23	1.91e-16	4.06e-11	7.40e-07	9.98e-04	9.99e-01	0.00e+00	0.00e+00	0.00e+00	0.00e+00	0.00e+00
 1.73559e+14	1.18e-29	1.22e-22	2.44e-16	4.89e-11	8.38e-07	1.06e-03	9.99e-01	0.00e+00	0.00e+00	0.00e+00	0.00e+00	0.00e+00
 1.79469e+14	1.71e-29	1.68e-22	3.16e-16	5.96e-11	9.58e-07	1.14e-03	9.99e-01	0.00e+00	0.00e+00	0.00e+00	0.00e+00	0.00e+00
 1.86480e+14	2.65e-29	2.43e-22	4.26e-16	7.49e-11	1.12e-06	1.23e-03	9.99e-01	0.00e+00	0.00e+00	0.00e+00	0.00e+00	0.00e+00
 1.93430e+14	4.03e-29	3.46e-22	5.67e-16	9.31e-11	1.29e-06	1.33e-03	9.99e-01	0.00e+00	0.00e+00	0.00e+00	0.00e+00	0.00e+00
 1.99827e+14	5.86e-29	4.73e-22	7.32e-16	1.13e-10	1.47e-06	1.42e-03	9.99e-01	0.00e+00	0.00e+00	0.00e+00	0.00e+00	0.00e+00
 2.07002e+14	8.74e-29	6.63e-22	9.63e-16	1.39e-10	1.69e-06	1.53e-03	9.98e-01	0.00e+00	0.00e+00	0.00e+00	0.00e+00	0.00e+00
 2.15293e+14	1.37e-28	9.68e-22	1.31e-15	1.76e-10	1.98e-06	1.66e-03	9.98e-01	0.00e+00	0.00e+00	0.00e+00	0.00e+00	0.00e+00
 2.23408e+14	2.09e-28	1.38e-21	1.75e-15	2.19e-10	2.29e-06	1.79e-03	9.98e-01	0.00e+00	0.00e+00	0.00e+00	0.00e+00	0.00e+00
 2.31149e+14	3.10e-28	1.92e-21	2.28e-15	2.68e-10	2.62e-06	1.91e-03	9.98e-01	0.00e+00	0.00e+00	0.00e+00	0.00e+00	0.00e+00
 2.39726e+14	4.70e-28	2.73e-21	3.04e-15	3.33e-10	3.03e-06	2.06e-03	9.98e-01	0.00e+00	0.00e+00	0.00e+00	0.00e+00	0.00e+00
 2.49345e+14	7.38e-28	3.99e-21	4.13e-15	4.21e-10	3.55e-06	2.24e-03	9.98e-01	0.00e+00	0.00e+00	0.00e+00	0.00e+00	0.00e+00
 2.59062e+14	1.15e-27	5.79e-21	5.58e-15	5.29e-10	4.13e-06	2.42e-03	9.98e-01	0.00e+00	0.00e+00	0.00e+00	0.00e+00	0.00e+00
 2.68334e+14	1.72e-27	8.14e-21	7.35e-15	6.52e-10	4.75e-06	2.60e-03	9.97e-01	0.00e+00	0.00e+00	0.00e+00	0.00e+00	0.00e+00
 2.78263e+14	2.62e-27	1.16e-20	9.78e-15	8.09e-10	5.49e-06	2.79e-03	9.97e-01	0.00e+00	0.00e+00	0.00e+00	0.00e+00	0.00e+00
 2.88864e+14	4.04e-27	1.67e-20	1.31e-14	1.01e-09	6.37e-06	3.01e-03	9.97e-01	0.00e+00	0.00e+00	0.00e+00	0.00e+00	0.00e+00
 2.98696e+14	5.97e-27	2.31e-20	1.71e-14	1.23e-09	7.28e-06	3.23e-03	9.97e-01	0.00e+00	0.00e+00	0.00e+00	0.00e+00	0.00e+00
 3.09481e+14	9.00e-27	3.26e-20	2.26e-14	1.52e-09	8.38e-06	3.47e-03	9.97e-01	0.00e+00	0.00e+00	0.00e+00	0.00e+00	0.00e+00
 3.20582e+14	1.36e-26	4.60e-20	2.98e-14	1.88e-09	9.64e-06	3.72e-03	9.96e-01	0.00e+00	0.00e+00	0.00e+00	0.00e+00	0.00e+00
 3.29840e+14	1.89e-26	6.07e-20	3.73e-14	2.23e-09	1.08e-05	3.94e-03	9.96e-01	0.00e+00	0.00e+00	0.00e+00	0.00e+00	0.00e+00
 3.39591e+14	2.66e-26	8.07e-20	4.69e-14	2.65e-09	1.21e-05	4.18e-03	9.96e-01	0.00e+00	0.00e+00	0.00e+00	0.00e+00	0.00e+00
 3.52019e+14	4.03e-26	1.15e-19	6.22e-14	3.28e-09	1.40e-05	4.50e-03	9.95e-01	0.00e+00	0.00e+00	0.00e+00	0.00e+00	0.00e+00
 3.64984e+14	6.15e-26	1.63e-19	8.28e-14	4.07e-09	1.62e-05	4.84e-03	9.95e-01	0.00e+00	0.00e+00	0.00e+00	0.00e+00	0.00e+00
 3.76328e+14	8.81e-26	2.21e-19	1.05e-13	4.89e-09	1.82e-05	5.14e-03	9.95e-01	0.00e+00	0.00e+00	0.00e+00	0.00e+00	0.00e+00
 3.88510e+14	1.28e-25	3.01e-19	1.35e-13	5.91e-09	2.07e-05	5.48e-03	9.94e-01	0.00e+00	0.00e+00	0.00e+00	0.00e+00	0.00e+00
 4.03318e+14	1.97e-25	4.34e-19	1.82e-13	7.38e-09	2.40e-05	5.91e-03	9.94e-01	0.00e+00	0.00e+00	0.00e+00	0.00e+00	0.00e+00
 4.18027e+14	3.00e-25	6.16e-19	2.41e-13	9.14e-09	2.77e-05	6.36e-03	9.94e-01	0.00e+00	0.00e+00	0.00e+00	0.00e+00	0.00e+00
 4.30944e+14	4.28e-25	8.30e-19	3.07e-13	1.09e-08	3.13e-05	6.76e-03	9.93e-01	0.00e+00	0.00e+00	0.00e+00	0.00e+00	0.00e+00
 4.45046e+14	6.22e-25	1.14e-18	3.95e-13	1.33e-08	3.55e-05	7.21e-03	9.93e-01	0.00e+00	0.00e+00	0.00e+00	0.00e+00	0.00e+00
 4.62091e+14	9.64e-25	1.64e-18	5.31e-13	1.66e-08	4.12e-05	7.78e-03	9.92e-01	0.00e+00	0.00e+00	0.00e+00	0.00e+00	0.00e+00
 4.79103e+14	1.47e-24	2.34e-18	7.06e-13	2.06e-08	4.76e-05	8.37e-03	9.92e-01	0.00e+00	0.00e+00	0.00e+00	0.00e+00	0.00e+00
 4.94340e+14	2.11e-24	3.16e-18	9.03e-13	2.48e-08	5.39e-05	8.91e-03	9.91e-01	0.00e+00	0.00e+00	0.00e+00	0.00e+00	0.00e+00
 5.11130e+14	3.11e-24	4.38e-18	1.17e-12	3.02e-08	6.15e-05	9.53e-03	9.90e-01	0.00e+00	0.00e+00	0.00e+00	0.00e+00	0.00e+00
 5.31048e+14	4.84e-24	6.35e-18	1.58e-12	3.79e-08	7.16e-05	1.03e-02	9.90e-01	0.00e+00	0.00e+00	0.00e+00	0.00e+00	0.00e+00
 5.50761e+14	7.37e-24	9.04e-18	2.11e-12	4.71e-08	8.28e-05	1.11e-02	9.89e-01	0.00e+00	0.00e+00	0.00e+00	0.00e+00	0.00e+00
 5.68864e+14	1.07e-23	1.24e-17	2.71e-12	5.70e-08	9.41e-05	1.18e-02	9.88e-01	0.00e+00	0.00e+00	0.00e+00	0.00e+00	0.00e+00
 5.89144e+14	1.59e-23	1.73e-17	3.57e-12	7.02e-08	1.08e-04	1.27e-02	9.87e-01	0.00e+00	0.00e+00	0.00e+00	0.00e+00	0.00e+00
 6.12634e+14	2.49e-23	2.52e-17	4.84e-12	8.86e-08	1.26e-04	1.38e-02	9.86e-01	0.00e+00	0.00e+00	0.00e+00	0.00e+00	0.00e+00
 6.35689e+14	3.79e-23	3.59e-17	6.45e-12	1.10e-07	1.46e-04	1.49e-02	9.85e-01	0.00e+00	0.00e+00	0.00e+00	0.00e+00	0.00e+00
 6.57678e+14	5.57e-23	4.97e-17	8.40e-12	1.35e-07	1.67e-04	1.59e-02	9.84e-01	0.00e+00	0.00e+00	0.00e+00	0.00e+00	0.00e+00
 6.82026e+14	8.32e-23	6.99e-17	1.11e-11	1.67e-07	1.93e-04	1.72e-02	9.83e-01	0.00e+00	0.00e+00	0.00e+00	0.00e+00	0.00e+00
 7.09337e+14	1.30e-22	1.02e-16	1.51e-11	2.11e-07	2.25e-04	1.86e-02	9.81e-01	0.00e+00	0.00e+00	0.00e+00	0.00e+00	0.00e+00
 7.36426e+14	1.96e-22	1.45e-16	2.01e-11	2.63e-07	2.61e-04	2.01e-02	9.80e-01	0.00e+00	0.00e+00	0.00e+00	0.00e+00	0.00e+00
 7.64599e+14	2.96e-22	2.06e-16	2.69e-11	3.29e-07	3.03e-04	2.17e-02	9.78e-01	0.00e+00	0.00e+00	0.00e+00	0.00e+00	0.00e+00
 7.90449e+14	4.25e-22	2.80e-16	3.46e-11	4.00e-07	3.46e-04	2.33e-02	9.76e-01	0.00e+00	0.00e+00	0.00e+00	0.00e+00	0.00e+00
 8.10403e+14	5.58e-22	3.53e-16	4.19e-11	4.64e-07	3.81e-04	2.45e-02	9.75e-01	0.00e+00	0.00e+00	0.00e+00	0.00e+00	0.00e+00
 8.31356e+14	7.37e-22	4.48e-16	5.10e-11	5.39e-07	4.21e-04	2.59e-02	9.74e-01	0.00e+00	0.00e+00	0.00e+00	0.00e+00	0.00e+00
 8.58594e+14	1.04e-21	6.02e-16	6.51e-11	6.52e-07	4.78e-04	2.77e-02	9.72e-01	0.00e+00	0.00e+00	0.00e+00	0.00e+00	0.00e+00
 8.88008e+14	1.49e-21	8.19e-16	8.41e-11	7.95e-07	5.46e-04	2.97e-02	9.70e-01	0.00e+00	0.00e+00	0.00e+00	0.00e+00	0.00e+00
 9.14413e+14	2.02e-21	1.07e-15	1.05e-10	9.44e-07	6.12e-04	3.16e-02	9.68e-01	0.00e+00	0.00e+00	0.00e+00	0.00e+00	0.00e+00
 9.42904e+14	2.80e-21	1.42e-15	1.33e-10	1.13e-06	6.91e-04	3.37e-02	9.66e-01	0.00e+00	0.00e+00	0.00e+00	0.00e+00	0.00e+00
 9.78203e+14	4.11e-21	1.97e-15	1.75e-10	1.40e-06	7.98e-04	3.65e-02	9.63e-01	0.00e+00	0.00e+00	0.00e+00	0.00e+00	0.00e+00
 1.01375e+15	5.94e-21	2.72e-15	2.29e-10	1.73e-06	9.17e-04	3.94e-02	9.60e-01	0.00e+00	0.00e+00	0.00e+00	0.00e+00	0.00e+00
 1.04481e+15	8.12e-21	3.57e-15	2.88e-10	2.07e-06	1.03e-03	4.20e-02	9.57e-01	0.00e+00	0.00e+00	0.00e+00	0.00e+00	0.00e+00
 1.07866e+15	1.12e-20	4.74e-15	3.65e-10	2.49e-06	1.17e-03	4.49e-02	9.54e-01	0.00e+00	0.00e+00	0.00e+00	0.00e+00	0.00e+00
 1.11976e+15	1.64e-20	6.63e-15	4.84e-10	3.11e-06	1.35e-03	4.87e-02	9.50e-01	0.00e+00	0.00e+00	0.00e+00	0.00e+00	0.00e+00
 1.16079e+15	2.37e-20	9.13e-15	6.35e-10	3.84e-06	1.55e-03	5.26e-02	9.46e-01	0.00e+00	0.00e+00	0.00e+00	0.00e+00	0.00e+00
 1.19722e+15	3.23e-20	1.20e-14	8.00e-10	4.60e-06	1.75e-03	5.61e-02	9.42e-01	0.00e+00	0.00e+00	0.00e+00	0.00e+00	0.00e+00
 1.23715e+15	4.48e-20	1.60e-14	1.02e-09	5.57e-06	1.99e-03	6.02e-02	9.38e-01	0.00e+00	0.00e+00	0.00e+00	0.00e+00	0.00e+00
 1.28493e+15	6.56e-20	2.25e-14	1.36e-09	6.96e-06	2.30e-03	6.52e-02	9.32e-01	0.00e+00	0.00e+00	0.00e+00	0.00e+00	0.00e+00
 1.33229e+15	9.40e-20	3.10e-14	1.78e-09	8.59e-06	2.64e-03	7.04e-02	9.27e-01	0.00e+00	0.00e+00	0.00e+00	0.00e+00	0.00e+00
 1.37511e+15	1.28e-19	4.09e-14	2.26e-09	1.03e-05	2.98e-03	7.53e-02	9.22e-01	0.00e+00	0.00e+00	0.00e+00	0.00e+00	0.00e+00
 1.42265e+15	1.81e-19	5.54e-14	2.92e-09	1.26e-05	3.39e-03	8.08e-02	9.16e-01	0.00e+00	0.00e+00	0.00e+00	0.00e+00	0.00e+00
 1.47853e+15	2.65e-19	7.80e-14	3.90e-09	1.58e-05	3.92e-03	8.76e-02	9.08e-01	0.00e+00	0.00e+00	0.00e+00	0.00e+00	0.00e+00
 1.53357e+15	3.81e-19	1.08e-13	5.13e-09	1.95e-05	4.50e-03	9.45e-02	9.01e-01	0.00e+00	0.00e+00	0.00e+00	0.00e+00	0.00e+00
 1.58470e+15	5.28e-19	1.45e-13	6.56e-09	2.36e-05	5.09e-03	1.01e-01	8.94e-01	0.00e+00	0.00e+00	0.00e+00	0.00e+00	0.00e+00
 1.64201e+15	7.53e-19	1.99e-13	8.57e-09	2.90e-05	5.82e-03	1.09e-01	8.85e-01	0.00e+00	0.00e+00	0.00e+00	0.00e+00	0.00e+00
 1.70772e+15	1.12e-18	2.83e-13	1.15e-08	3.63e-05	6.73e-03	1.18e-01	8.76e-01	0.00e+00	0.00e+00	0.00e+00	0.00e+00	0.00e+00
 1.77242e+15	1.62e-18	3.96e-13	1.53e-08	4.50e-05	7.73e-03	1.27e-01	8.65e-01	0.00e+00	0.00e+00	0.00e+00	0.00e+00	0.00e+00
 1.83971e+15	2.36e-18	5.54e-13	2.02e-08	5.58e-05	8.86e-03	1.36e-01	8.55e-01	0.00e+00	0.00e+00	0.00e+00	0.00e+00	0.00e+00
 1.91333e+15	3.51e-18	7.90e-13	2.72e-08	6.99e-05	1.02e-02	1.47e-01	8.42e-01	0.00e+00	0.00e+00	0.00e+00	0.00e+00	0.00e+00
 1.97586e+15	4.87e-18	1.06e-12	3.47e-08	8.40e-05	1.15e-02	1.57e-01	8.32e-01	0.00e+00	0.00e+00	0.00e+00	0.00e+00	0.00e+00
 2.02203e+15	6.15e-18	1.31e-12	4.13e-08	9.57e-05	1.25e-02	1.64e-01	8.24e-01	0.00e+00	0.00e+00	0.00e+00	0.00e+00	0.00e+00
 2.07072e+15	7.85e-18	1.62e-12	4.94e-08	1.10e-04	1.36e-02	1.71e-01	8.15e-01	0.00e+00	0.00e+00	0.00e+00	0.00e+00	0.00e+00
 2.13402e+15	1.07e-17	2.14e-12	6.20e-08	1.30e-04	1.52e-02	1.81e-01	8.04e-01	0.00e+00	0.00e+00	0.00e+00	0.00e+00	0.00e+00
 2.20359e+15	1.49e-17	2.87e-12	7.91e-08	1.56e-04	1.70e-02	1.92e-01	7.91e-01	0.00e+00	0.00e+00	0.00e+00	0.00e+00	0.00e+00
 2.26772e+15	2.00e-17	3.73e-12	9.80e-08	1.83e-04	1.88e-02	2.02e-01	7.79e-01	0.00e+00	0.00e+00	0.00e+00	0.00e+00	0.00e+00
 2.33748e+15	2.78e-17	4.93e-12	1.23e-07	2.17e-04	2.09e-02	2.13e-01	7.66e-01	0.00e+00	0.00e+00	1.60e-17	8.40e-18	2.89e-18
 2.41588e+15	3.93e-17	6.68e-12	1.58e-07	2.61e-04	2.35e-02	2.25e-01	7.51e-01	0.00e+00	0.00e+00	2.25e-17	1.19e-17	4.07e-18
 2.49084e+15	5.39e-17	8.84e-12	1.99e-07	3.09e-04	2.61e-02	2.37e-01	7.37e-01	0.00e+00	0.00e+00	3.10e-17	1.63e-17	5.57e-18
 2.57358e+15	7.60e-17	1.20e-11	2.54e-07	3.70e-04	2.91e-02	2.50e-01	7.21e-01	0.00e+00	0.00e+00	4.37e-17	2.30e-17	7.82e-18
 2.66616e+15	1.11e-16	1.66e-11	3.31e-07	4.49e-04	3.28e-02	2.64e-01	7.03e-01	0.00e+00	0.00e+00	6.37e-17	3.34e-17	1.13e-17
 2.75393e+15	1.55e-16	2.23e-11	4.21e-07	5.35e-04	3.66e-02	2.78e-01	6.85e-01	0.00e+00	0.00e+00	8.95e-17	4.69e-17	1.59e-17
 2.85045e+15	2.24e-16	3.07e-11	5.44e-07	6.45e-04	4.10e-02	2.92e-01	6.66e-01	0.00e+00	0.00e+00	1.29e-16	6.76e-17	2.28e-17
 2.95830e+15	3.34e-16	4.33e-11	7.18e-07	7.88e-04	4.63e-02	3.08e-01	6.45e-01	0.00e+00	0.00e+00	1.92e-16	1.01e-16	3.39e-17
 3.05920e+15	4.76e-16	5.88e-11	9.18e-07	9.41e-04	5.15e-02	3.23e-01	6.25e-01	0.00e+00	0.00e+00	2.74e-16	1.44e-16	4.82e-17
 3.16869e+15	6.94e-16	8.13e-11	1.19e-06	1.13e-03	5.75e-02	3.38e-01	6.03e-01	0.00e+00	0.00e+00	4.00e-16	2.09e-16	7.02e-17
 3.29137e+15	1.04e-15	1.15e-10	1.57e-06	1.38e-03	6.47e-02	3.55e-01	5.79e-01	0.00e+00	0.00e+00	6.01e-16	3.14e-16	1.05e-16
 3.40720e+15	1.51e-15	1.58e-10	2.02e-06	1.65e-03	7.19e-02	3.69e-01	5.57e-01	0.00e+00	0.00e+00	8.73e-16	4.56e-16	1.52e-16
 3.53151e+15	2.22e-15	2.19e-10	2.61e-06	1.98e-03	8.01e-02	3.85e-01	5.33e-01	0.00e+00	0.00e+00	1.28e-15	6.71e-16	2.24e-16
 3.66968e+15	3.36e-15	3.09e-10	3.44e-06	2.41e-03	8.96e-02	4.00e-01	5.08e-01	0.00e+00	0.00e+00	1.94e-15	1.01e-15	3.37e-16
 3.80293e+15	4.93e-15	4.27e-10	4.43e-06	2.87e-03	9.93e-02	4.14e-01	4.84e-01	0.00e+00	0.00e+00	2.85e-15	1.49e-15	4.95e-16
 3.94461e+15	7.33e-15	5.93e-10	5.75e-06	3.45e-03	1.10e-01	4.28e-01	4.58e-01	0.00e+00	0.00e+00	4.24e-15	2.22e-15	7.35e-16
 4.10243e+15	1.12e-14	8.42e-10	7.57e-06	4.17e-03	1.23e-01	4.42e-01	4.32e-01	0.00e+00	0.00e+00	6.46e-15	3.38e-15	1.12e-15
 4.23509e+15	1.57e-14	1.11e-09	9.43e-06	4.85e-03	1.33e-01	4.52e-01	4.10e-01	0.00e+00	0.00e+00	9.07e-15	4.74e-15	1.57e-15
 4.33079e+15	1.99e-14	1.35e-09	1.10e-05	5.39e-03	1.41e-01	4.59e-01	3.95e-01	0.00e+00	0.00e+00	1.15e-14	6.01e-15	1.99e-15
 4.43085e+15	2.54e-14	1.65e-09	1.29e-05	6.00e-03	1.50e-01	4.65e-01	3.79e-01	0.00e+00	0.00e+00	1.47e-14	7.68e-15	2.54e-15
 4.56092e+15	3.46e-14	2.13e-09	1.57e-05	6.86e-03	1.61e-01	4.72e-01	3.60e-01	0.00e+00	0.00e+00	2.00e-14	1.05e-14	3.45e-15
 4.70537e+15	4.82e-14	2.78e-09	1.93e-05	7.91e-03	1.74e-01	4.79e-01	3.39e-01	0.00e+00	0.00e+00	2.79e-14	1.46e-14	4.80e-15
 4.83978e+15	6.49e-14	3.54e-09	2.33e-05	8.98e-03	1.86e-01	4.85e-01	3.20e-01	0.00e+00	0.00e+00	3.76e-14	1.96e-14	6.46e-15
 4.98581e+15	8.89e-14	4.57e-09	2.85e-05	1.03e-02	1.99e-01	4.89e-01	3.01e-01	0.00e+00	0.00e+00	5.15e-14	2.69e-14	8.85e-15
 5.14923e+15	1.25e-13	6.00e-09	3.52e-05	1.18e-02	2.14e-01	4.93e-01	2.81e-01	0.00e+00	0.00e+00	7.23e-14	3.78e-14	1.24e-14
 5.30361e+15	1.71e-13	7.71e-09	4.27e-05	1.34e-02	2.29e-01	4.95e-01	2.63e-01	0.00e+00	0.00e+00	9.89e-14	5.17e-14	1.70e-14
 5.47263e+15	2.39e-13	1.01e-08	5.24e-05	1.54e-02	2.45e-01	4.96e-01	2.44e-01	0.00e+00	0.00e+00	1.38e-13	7.23e-14	2.37e-14
 5.66129e+15	3.41e-13	1.34e-08	6.51e-05	1.77e-02	2.62e-01	4.96e-01	2.24e-01	0.00e+00	0.00e+00	1.98e-13	1.03e-13	3.39e-14
 5.83947e+15	4.72e-13	1.73e-08	7.93e-05	2.01e-02	2.79e-01	4.94e-01	2.07e-01	0.00e+00	0.00e+00	2.74e-13	1.43e-13	4.69e-14
 6.03513e+15	6.70e-13	2.27e-08	9.77e-05	2.30e-02	2.97e-01	4.91e-01	1.90e-01	0.00e+00	0.00e+00	3.88e-13	2.03e-13	6.65e-14
 6.25078e+15	9.66e-13	3.03e-08	1.22e-04	2.64e-02	3.16e-01	4.85e-01	1.72e-01	0.00e+00	0.00e+00	5.60e-13	2.93e-13	9.58e-14
 6.45069e+15	1.34e-12	3.91e-08	1.48e-04	2.99e-02	3.34e-01	4.79e-01	1.57e-01	0.00e+00	0.00e+00	7.76e-13	4.06e-13	1.33e-13
 6.66884e+15	1.90e-12	5.14e-08	1.82e-04	3.40e-02	3.53e-01	4.71e-01	1.42e-01	0.00e+00	0.00e+00	1.10e-12	5.76e-13	1.88e-13
 6.90885e+15	2.73e-12	6.82e-08	2.25e-04	3.88e-02	3.73e-01	4.61e-01	1.27e-01	0.00e+00	0.00e+00	1.58e-12	8.27e-13	2.70e-13
 7.13176e+15	3.77e-12	8.77e-08	2.73e-04	4.37e-02	3.91e-01	4.51e-01	1.14e-01	0.00e+00	0.00e+00	2.19e-12	1.14e-12	3.73e-13
 7.37600e+15	5.35e-12	1.15e-07	3.34e-04	4.94e-02	4.10e-01	4.38e-01	1.02e-01	0.00e+00	0.00e+00	3.11e-12	1.62e-12	5.29e-13
 7.64617e+15	7.70e-12	1.52e-07	4.13e-04	5.61e-02	4.30e-01	4.24e-01	8.94e-02	0.00e+00	0.00e+00	4.47e-12	2.34e-12	7.62e-13
 7.89767e+15	1.07e-11	1.96e-07	5.00e-04	6.29e-02	4.48e-01	4.10e-01	7.93e-02	0.00e+00	0.00e+00	6.19e-12	3.23e-12	1.05e-12
 8.12921e+15	1.42e-11	2.45e-07	5.92e-04	6.94e-02	4.63e-01	3.96e-01	7.10e-02	0.00e+00	0.00e+00	8.26e-12	4.32e-12	1.41e-12
 8.33971e+15	1.84e-11	2.99e-07	6.88e-04	7.57e-02	4.76e-01	3.84e-01	6.41e-02	0.00e+00	0.00e+00	1.07e-11	5.57e-12	1.81e-12
 8.56591e+15	2.41e-11	3.68e-07	8.04e-04	8.28e-02	4.89e-01	3.70e-01	5.75e-02	0.00e+00	0.00e+00	1.40e-11	7.31e-12	2.38e-12
 8.81259e+15	3.18e-11	4.57e-07	9.47e-04	9.09e-02	5.02e-01	3.55e-01	5.10e-02	0.00e+00	0.00e+00	1.85e-11	9.67e-12	3.14e-12
 9.04033e+15	4.09e-11	5.54e-07	1.10e-03	9.87e-02	5.13e-01	3.41e-01	4.57e-02	0.00e+00	0.00e+00	2.37e-11	1.24e-11	4.04e-12
 9.29085e+15	5.40e-11	6.85e-07	1.29e-03	1.08e-01	5.24e-01	3.26e-01	4.04e-02	0.00e+00	0.00e+00	3.13e-11	1.64e-11	5.33e-12
 9.56373e+15	7.15e-11	8.52e-07	1.52e-03	1.18e-01	5.35e-01	3.10e-01	3.53e-02	0.00e+00	0.00e+00	4.15e-11	2.17e-11	7.06e-12
 9.81635e+15	9.20e-11	1.04e-06	1.76e-03	1.28e-01	5.44e-01	2.95e-01	3.12e-02	0.00e+00	0.00e+00	5.35e-11	2.80e-11	9.08e-12
 1.00954e+16	1.23e-10	1.29e-06	2.07e-03	1.39e-01	5.53e-01	2.79e-01	2.71e-02	0.00e+00	0.00e+00	7.12e-11	3.72e-11	1.21e-11
 1.03990e+16	1.63e-10	1.61e-06	2.45e-03	1.52e-01	5.60e-01	2.62e-01	2.34e-02	0.00e+00	0.00e+00	9.47e-11	4.96e-11	1.61e-11
 1.06807e+16	2.10e-10	1.96e-06	2.85e-03	1.65e-01	5.66e-01	2.46e-01	2.03e-02	0.00e+00	0.00e+00	1.22e-10	6.40e-11	2.08e-11
 1.09934e+16	2.83e-10	2.46e-06	3.38e-03	1.80e-01	5.70e-01	2.29e-01	1.73e-02	0.00e+00	0.00e+00	1.65e-10	8.62e-11	2.80e-11
 1.13213e+16	3.73e-10	3.05e-06	4.00e-03	1.95e-01	5.73e-01	2.13e-01	1.47e-02	0.00e+00	0.00e+00	2.17e-10	1.14e-10	3.69e-11
 1.16024e+16	4.73e-10	3.67e-06	4.61e-03	2.09e-01	5.74e-01	1.99e-01	1.28e-02	0.00e+00	0.00e+00	2.75e-10	1.44e-10	4.67e-11
 1.19013e+16	6.15e-10	4.50e-06	5.36e-03	2.25e-01	5.74e-01	1.85e-01	1.09e-02	0.00e+00	0.00e+00	3.58e-10	1.87e-10	6.09e-11
 1.22307e+16	8.09e-10	5.56e-06	6.31e-03	2.42e-01	5.72e-01	1.70e-01	9.21e-03	0.00e+00	0.00e+00	4.70e-10	2.46e-10	8.01e-11
 1.25324e+16	1.03e-09	6.70e-06	7.29e-03	2.59e-01	5.68e-01	1.58e-01	7.88e-03	0.00e+00	0.00e+00	5.98e-10	3.13e-10	1.02e-10
 1.28133e+16	1.28e-09	7.97e-06	8.34e-03	2.75e-01	5.64e-01	1.46e-01	6.80e-03	0.00e+00	0.00e+00	7.46e-10	3.91e-10	1.27e-10
 1.30884e+16	1.60e-09	9.45e-06	9.51e-03	2.90e-01	5.58e-01	1.36e-01	5.88e-03	0.00e+00	0.00e+00	9.28e-10	4.86e-10	1.58e-10
 1.33574e+16	1.98e-09	1.12e-05	1.08e-02	3.06e-01	5.52e-01	1.26e-01	5.09e-03	0.00e+00	0.00e+00	1.15e-09	6.02e-10	1.96e-10
 1.36651e+16	2.57e-09	1.37e-05	1.26e-02	3.26e-01	5.43e-01	1.15e-01	4.28e-03	0.00e+00	0.00e+00	1.50e-09	7.84e-10	2.55e-10
 1.39863e+16	3.26e-09	1.65e-05	1.46e-02	3.45e-01	5.32e-01	1.04e-01	3.59e-03	0.00e+00	0.00e+00	1.90e-09	9.95e-10	3.24e-10
 1.42566e+16	4.03e-09	1.95e-05	1.66e-02	3.62e-01	5.22e-01	9.59e-02	3.09e-03	0.00e+00	0.00e+00	2.34e-09	1.23e-09	3.99e-10
 1.45010e+16	4.91e-09	2.27e-05	1.86e-02	3.78e-01	5.12e-01	8.87e-02	2.68e-03	0.00e+00	0.00e+00	2.85e-09	1.50e-09	4.87e-10
 1.47806e+16	6.22e-09	2.73e-05	2.14e-02	3.97e-01	4.99e-01	8.07e-02	2.27e-03	0.00e+00	0.00e+00	3.62e-09	1.90e-09	6.18e-10
 1.50804e+16	8.01e-09	3.31e-05	2.48e-02	4.16e-01	4.84e-01	7.27e-02	1.90e-03	0.00e+00	0.00e+00	4.66e-09	2.45e-09	7.96e-10
 1.53404e+16	9.80e-09	3.89e-05	2.82e-02	4.34e-01	4.70e-01	6.63e-02	1.62e-03	0.00e+00	0.00e+00	5.70e-09	2.99e-09	9.74e-10
 1.55751e+16	1.20e-08	4.56e-05	3.18e-02	4.49e-01	4.57e-01	6.07e-02	1.40e-03	0.00e+00	0.00e+00	6.99e-09	3.67e-09	1.19e-09
 1.58429e+16	1.56e-08	5.56e-05	3.67e-02	4.68e-01	4.40e-01	5.45e-02	1.17e-03	0.00e+00	0.00e+00	9.08e-09	4.77e-09	1.55e-09
 1.61222e+16	1.97e-08	6.69e-05	4.25e-02	4.86e-01	4.21e-01	4.87e-02	9.72e-04	0.00e+00	0.00e+00	1.15e-08	6.01e-09	1.96e-09
 1.63578e+16	2.46e-08	7.95e-05	4.85e-02	5.02e-01	4.05e-01	4.40e-02	8.25e-04	0.00e+00	0.00e+00	1.43e-08	7.50e-09	2.45e-09
 1.65681e+16	3.06e-08	9.39e-05	5.47e-02	5.16e-01	3.89e-01	3.99e-02	7.07e-04	0.00e+00	0.00e+00	1.78e-08	9.34e-09	3.04e-09
 1.67721e+16	3.71e-08	1.10e-04	6.17e-02	5.29e-01	3.73e-01	3.62e-02	6.07e-04	0.00e+00	0.00e+00	2.16e-08	1.13e-08	3.70e-09
 1.70053e+16	4.60e-08	1.30e-04	7.13e-02	5.43e-01	3.53e-01	3.21e-02	5.05e-04	0.00e+00	0.00e+00	2.68e-08	1.41e-08	4.59e-09
 1.72507e+16	6.39e-08	1.66e-04	8.37e-02	5.57e-01	3.31e-01	2.79e-02	4.08e-04	0.00e+00	0.00e+00	3.72e-08	1.95e-08	6.38e-09
 1.74468e+16	7.98e-08	1.97e-04	9.54e-02	5.66e-01	3.13e-01	2.49e-02	3.44e-04	0.00e+00	0.00e+00	4.64e-08	2.44e-08	7.96e-09
 1.76071e+16	9.60e-08	2.28e-04	1.07e-01	5.73e-01	2.97e-01	2.25e-02	2.97e-04	0.00e+00	0.00e+00	5.59e-08	2.94e-08	9.58e-09
 1.77860e+16	1.17e-07	2.68e-04	1.22e-01	5.80e-01	2.78e-01	1.99e-02	2.48e-04	0.00e+00	0.00e+00	6.80e-08	3.57e-08	1.17e-08
 1.79816e+16	1.51e-07	3.27e-04	1.42e-01	5.85e-01	2.56e-01	1.71e-02	2.01e-04	0.00e+00	0.00e+00	8.79e-08	4.62e-08	1.51e-08
 1.81508e+16	2.07e-07	4.10e-04	1.63e-01	5.85e-01	2.36e-01	1.48e-02	1.63e-04	0.00e+00	0.00e+00	1.21e-07	6.34e-08	2.07e-08
 1.82847e+16	2.49e-07	4.74e-04	1.83e-01	5.84e-01	2.20e-01	1.31e-02	1.38e-04	0.00e+00	0.00e+00	1.45e-07	7.61e-08	2.49e-08
 1.84209e+16	3.14e-07	5.65e-04	2.07e-01	5.80e-01	2.01e-01	1.14e-02	1.13e-04	0.00e+00	0.00e+00	1.83e-07	9.60e-08	3.14e-08
 1.85692e+16	4.03e-07	6.83e-04	2.37e-01	5.71e-01	1.81e-01	9.60e-03	9.02e-05	0.00e+00	0.00e+00	2.35e-07	1.23e-07	4.04e-08
 1.86987e+16	4.86e-07	7.92e-04	2.68e-01	5.60e-01	1.63e-01	8.16e-03	7.29e-05	0.00e+00	0.00e+00	2.83e-07	1.49e-07	4.87e-08
 1.88004e+16	6.18e-07	9.40e-04	2.97e-01	5.47e-01	1.48e-01	7.03e-03	5.98e-05	0.00e+00	0.00e+00	3.60e-07	1.89e-07	6.20e-08
 1.88723e+16	7.15e-07	1.04e-03	3.19e-01	5.36e-01	1.38e-01	6.29e-03	5.17e-05	0.00e+00	0.00e+00	4.16e-07	2.19e-07	7.17e-08
 1.89377e+16	7.91e-07	1.13e-03	3.41e-01	5.25e-01	1.27e-01	5.63e-03	4.49e-05	0.00e+00	0.00e+00	4.60e-07	2.42e-07	7.93e-08
 1.90226e+16	9.85e-07	1.32e-03	3.73e-01	5.06e-01	1.14e-01	4.78e-03	3.62e-05	0.00e+00	0.00e+00	5.73e-07	3.02e-07	9.89e-08
 1.91043e+16	1.16e-06	1.49e-03	4.06e-01	4.87e-01	1.02e-01	4.07e-03	2.96e-05	0.00e+00	0.00e+00	6.72e-07	3.54e-07	1.16e-07
 1.91679e+16	1.29e-06	1.62e-03	4.33e-01	4.70e-01	9.22e-02	3.54e-03	2.48e-05	0.00e+00	0.00e+00	7.53e-07	3.97e-07	1.30e-07
 1.92371e+16	1.58e-06	1.85e-03	4.67e-01	4.47e-01	8.15e-02	2.97e-03	1.98e-05	0.00e+00	0.00e+00	9.17e-07	4.83e-07	1.59e-07
 1.93064e+16	1.77e-06	2.02e-03	4.99e-01	4.24e-01	7.17e-02	2.49e-03	1.60e-05	0.00e+00	0.00e+00	1.03e-06	5.42e-07	1.78e-07
 1.93759e+16	2.09e-06	2.26e-03	5.36e-01	3.98e-01	6.16e-02	2.03e-03	1.24e-05	0.00e+00	0.00e+00	1.21e-06	6.40e-07	2.10e-07
 1.94486e+16	2.55e-06	2.58e-03	5.75e-01	3.68e-01	5.20e-02	1.60e-03	9.22e-06	0.00e+00	0.00e+00	1.48e-06	7.82e-07	2.57e-07
 1.95065e+16	2.92e-06	2.82e-03	6.07e-01	3.44e-01	4.49e-02	1.32e-03	7.23e-06	0.00e+00	0.00e+00	1.70e-06	8.95e-07	2.94e-07
 1.95628e+16	3.34e-06	3.09e-03	6.39e-01	3.19e-01	3.82e-02	1.06e-03	5.54e-06	0.00e+00	0.00e+00	1.94e-06	1.02e-06	3.37e-07
 1.96360e+16	3.98e-06	3.46e-03	6.79e-01	2.86e-01	3.06e-02	7.83e-04	3.84e-06	0.00e+00	0.00e+00	2.32e-06	1.22e-06	4.03e-07
 1.97103e+16	4.70e-06	3.84e-03	7.18e-01	2.54e-01	2.40e-02	5.68e-04	2.60e-06	0.00e+00	0.00e+00	2.73e-06	1.44e-06	4.76e-07
 1.97708e+16	5.37e-06	4.17e-03	7.48e-01	2.28e-01	1.93e-02	4.27e-04	1.84e-06	0.00e+00	0.00e+00	3.13e-06	1.65e-06	5.46e-07
 1.98344e+16	6.21e-06	4.55e-03	7.79e-01	2.01e-01	1.51e-02	3.08e-04	1.23e-06	0.00e+00	0.00e+00	3.61e-06	1.91e-06	6.31e-07
 1.99170e+16	7.39e-06	5.04e-03	8.14e-01	1.70e-01	1.08e-02	1.97e-04	7.21e-07	0.00e+00	0.00e+00	4.30e-06	2.27e-06	7.53e-07
 2.00019e+16	8.73e-06	5.53e-03	8.45e-01	1.41e-01	7.60e-03	1.23e-04	0.00e+00	0.00e+00	0.00e+00	5.08e-06	2.68e-06	8.91e-07
 2.00739e+16	1.00e-05	5.97e-03	8.68e-01	1.20e-01	5.55e-03	8.11e-05	0.00e+00	0.00e+00	0.00e+00	5.82e-06	3.08e-06	1.02e-06
 2.01520e+16	1.15e-05	6.44e-03	8.90e-01	1.00e-01	3.89e-03	5.03e-05	0.00e+00	0.00e+00	0.00e+00	6.71e-06	3.55e-06	1.18e-06
 2.02535e+16	1.37e-05	7.05e-03	9.12e-01	7.88e-02	2.44e-03	2.69e-05	0.00e+00	0.00e+00	0.00e+00	7.97e-06	4.22e-06	1.41e-06
