#depth	He	He+	He+2
 1.49634e+10	1.38e-19	6.89e-10	1.00e+00
 4.54887e+10	1.60e-19	7.59e-10	1.00e+00
 7.72350e+10	1.84e-19	8.37e-10	1.00e+00
 1.10251e+11	2.11e-19	9.23e-10	1.00e+00
 1.40544e+11	2.38e-19	1.01e-09	1.00e+00
 1.66498e+11	2.63e-19	1.08e-09	1.00e+00
 1.95232e+11	2.92e-19	1.17e-09	1.00e+00
 2.27662e+11	3.28e-19	1.27e-09	1.00e+00
 2.58651e+11	3.65e-19	1.38e-09	1.00e+00
 2.92690e+11	4.08e-19	1.49e-09	1.00e+00
 3.30444e+11	4.61e-19	1.63e-09	1.00e+00
 3.65702e+11	5.14e-19	1.77e-09	1.00e+00
 4.04213e+11	5.76e-19	1.93e-09	1.00e+00
 4.47572e+11	6.54e-19	2.11e-09	1.00e+00
 4.89049e+11	7.33e-19	2.30e-09	1.00e+00
 5.34077e+11	8.27e-19	2.51e-09	1.00e+00
 5.85367e+11	9.47e-19	2.76e-09	1.00e+00
 6.35457e+11	1.08e-18	3.03e-09	1.00e+00
 6.83210e+11	1.21e-18	3.29e-09	1.00e+00
 7.36125e+11	1.37e-18	3.59e-09	1.00e+00
 7.95497e+11	1.58e-18	3.94e-09	1.00e+00
 8.55187e+11	1.81e-18	4.32e-09	1.00e+00
 9.08713e+11	2.05e-18	4.66e-09	1.00e+00
 9.54260e+11	2.26e-18	4.98e-09	1.00e+00
 1.00358e+12	2.51e-18	5.32e-09	1.00e+00
 1.06705e+12	2.87e-18	5.79e-09	1.00e+00
 1.13292e+12	3.29e-18	6.29e-09	1.00e+00
 1.18940e+12	3.69e-18	6.74e-09	1.00e+00
 1.24967e+12	4.15e-18	7.23e-09	1.00e+00
 1.32437e+12	4.79e-18	7.88e-09	1.00e+00
 1.40088e+12	5.53e-18	8.56e-09	1.00e+00
 1.46978e+12	6.27e-18	9.20e-09	1.00e+00
 1.54572e+12	7.17e-18	9.93e-09	1.00e+00
 1.62887e+12	8.27e-18	1.08e-08	1.00e+00
 1.70448e+12	9.39e-18	1.16e-08	1.00e+00
 1.78586e+12	1.07e-17	1.25e-08	1.00e+00
 1.87733e+12	1.24e-17	1.35e-08	1.00e+00
 1.96421e+12	1.41e-17	1.45e-08	1.00e+00
 2.05948e+12	1.63e-17	1.57e-08	1.00e+00
 2.16471e+12	1.90e-17	1.70e-08	1.00e+00
 2.26228e+12	2.17e-17	1.83e-08	1.00e+00
 2.36851e+12	2.51e-17	1.97e-08	1.00e+00
 2.48766e+12	2.93e-17	2.15e-08	1.00e+00
 2.60069e+12	3.38e-17	2.31e-08	1.00e+00
 2.72267e+12	3.92e-17	2.50e-08	1.00e+00
 2.85836e+12	4.60e-17	2.72e-08	1.00e+00
 2.98926e+12	5.34e-17	2.94e-08	1.00e+00
 3.12855e+12	6.21e-17	3.18e-08	1.00e+00
 3.28361e+12	7.32e-17	3.47e-08	1.00e+00
 3.43935e+12	8.57e-17	3.76e-08	1.00e+00
 3.60132e+12	1.00e-16	4.08e-08	1.00e+00
 3.77530e+12	1.18e-16	4.44e-08	1.00e+00
 3.95624e+12	1.39e-16	4.82e-08	1.00e+00
 4.13432e+12	1.62e-16	5.22e-08	1.00e+00
 4.29998e+12	1.86e-16	5.60e-08	1.00e+00
 4.44950e+12	2.10e-16	5.96e-08	1.00e+00
 4.60982e+12	2.38e-16	6.35e-08	1.00e+00
 4.80941e+12	2.77e-16	6.86e-08	1.00e+00
 5.00953e+12	3.21e-16	7.39e-08	1.00e+00
 5.18162e+12	3.62e-16	7.86e-08	1.00e+00
 5.36777e+12	4.11e-16	8.38e-08	1.00e+00
 5.59740e+12	4.78e-16	9.05e-08	1.00e+00
 5.82692e+12	5.54e-16	9.74e-08	1.00e+00
 6.02509e+12	6.25e-16	1.04e-07	1.00e+00
 6.23917e+12	7.09e-16	1.10e-07	1.00e+00
 6.50233e+12	8.25e-16	1.19e-07	1.00e+00
 6.76799e+12	9.55e-16	1.28e-07	1.00e+00
 7.00338e+12	1.08e-15	1.37e-07	1.00e+00
 7.26073e+12	1.23e-15	1.46e-07	1.00e+00
 7.56927e+12	1.44e-15	1.58e-07	1.00e+00
 7.87680e+12	1.67e-15	1.70e-07	1.00e+00
 8.15702e+12	1.89e-15	1.81e-07	1.00e+00
 8.46933e+12	2.18e-15	1.94e-07	1.00e+00
 8.83374e+12	2.55e-15	2.10e-07	1.00e+00
 9.19288e+12	2.95e-15	2.27e-07	1.00e+00
 9.53296e+12	3.38e-15	2.43e-07	1.00e+00
 9.91078e+12	3.90e-15	2.61e-07	1.00e+00
 1.03371e+13	4.57e-15	2.82e-07	1.00e+00
 1.07657e+13	5.31e-15	3.05e-07	1.00e+00
 1.12114e+13	6.19e-15	3.29e-07	1.00e+00
 1.16898e+13	7.24e-15	3.56e-07	1.00e+00
 1.21531e+13	8.38e-15	3.84e-07	1.00e+00
 1.25891e+13	9.57e-15	4.10e-07	1.00e+00
 1.30767e+13	1.10e-14	4.41e-07	1.00e+00
 1.35681e+13	1.27e-14	4.74e-07	1.00e+00
 1.39764e+13	1.42e-14	5.01e-07	1.00e+00
 1.44089e+13	1.60e-14	5.32e-07	1.00e+00
 1.49614e+13	1.84e-14	5.72e-07	1.00e+00
 1.55408e+13	2.13e-14	6.16e-07	1.00e+00
 1.60539e+13	2.41e-14	6.56e-07	1.00e+00
 1.66099e+13	2.75e-14	7.01e-07	1.00e+00
 1.72777e+13	3.20e-14	7.57e-07	1.00e+00
 1.79537e+13	3.71e-14	8.17e-07	1.00e+00
 1.85876e+13	4.24e-14	8.74e-07	1.00e+00
 1.91992e+13	4.81e-14	9.32e-07	1.00e+00
 1.98897e+13	5.51e-14	1.00e-06	1.00e+00
 2.06515e+13	6.38e-14	1.08e-06	1.00e+00
 2.13545e+13	7.27e-14	1.15e-06	1.00e+00
 2.21168e+13	8.33e-14	1.24e-06	1.00e+00
 2.29678e+13	9.65e-14	1.33e-06	1.00e+00
 2.37674e+13	1.10e-13	1.43e-06	1.00e+00
 2.46404e+13	1.27e-13	1.53e-06	1.00e+00
 2.56103e+13	1.48e-13	1.66e-06	1.00e+00
 2.65171e+13	1.69e-13	1.78e-06	1.00e+00
 2.75013e+13	1.95e-13	1.91e-06	1.00e+00
 2.86003e+13	2.27e-13	2.07e-06	1.00e+00
 2.96461e+13	2.61e-13	2.23e-06	1.00e+00
 3.07646e+13	3.01e-13	2.40e-06	1.00e+00
 3.20251e+13	3.52e-13	2.61e-06	1.00e+00
 3.32685e+13	4.08e-13	2.81e-06	1.00e+00
 3.45617e+13	4.72e-13	3.04e-06	1.00e+00
 3.58872e+13	5.46e-13	3.28e-06	1.00e+00
 3.71161e+13	6.21e-13	3.51e-06	1.00e+00
 3.84811e+13	7.14e-13	3.78e-06	1.00e+00
 3.99797e+13	8.26e-13	4.08e-06	1.00e+00
 4.13668e+13	9.40e-13	4.37e-06	1.00e+00
 4.25851e+13	1.05e-12	4.63e-06	1.00e+00
 4.38750e+13	1.17e-12	4.92e-06	1.00e+00
 4.55110e+13	1.35e-12	5.30e-06	1.00e+00
 4.71687e+13	1.54e-12	5.69e-06	1.00e+00
 4.85707e+13	1.72e-12	6.04e-06	1.00e+00
 5.00686e+13	1.93e-12	6.42e-06	1.00e+00
 5.19485e+13	2.22e-12	6.91e-06	1.00e+00
 5.38886e+13	2.54e-12	7.44e-06	1.00e+00
 5.55986e+13	2.85e-12	7.92e-06	1.00e+00
 5.74460e+13	3.22e-12	8.46e-06	1.00e+00
 5.96749e+13	3.70e-12	9.14e-06	1.00e+00
 6.18850e+13	4.23e-12	9.84e-06	1.00e+00
 6.38498e+13	4.75e-12	1.05e-05	1.00e+00
 6.60107e+13	5.37e-12	1.12e-05	1.00e+00
 6.85917e+13	6.18e-12	1.21e-05	1.00e+00
 7.11554e+13	7.07e-12	1.30e-05	1.00e+00
 7.34908e+13	7.96e-12	1.39e-05	1.00e+00
 7.60928e+13	9.05e-12	1.50e-05	1.00e+00
 7.91298e+13	1.05e-11	1.62e-05	1.00e+00
 8.21167e+13	1.20e-11	1.75e-05	1.00e+00
 8.49275e+13	1.36e-11	1.87e-05	1.00e+00
 8.80589e+13	1.55e-11	2.02e-05	1.00e+00
 9.16112e+13	1.80e-11	2.19e-05	1.00e+00
 9.51610e+13	2.08e-11	2.37e-05	1.00e+00
 9.85913e+13	2.37e-11	2.55e-05	1.00e+00
 1.01567e+14	2.65e-11	2.72e-05	1.00e+00
 1.04051e+14	2.91e-11	2.86e-05	1.00e+00
 1.06812e+14	3.22e-11	3.02e-05	1.00e+00
 1.10401e+14	3.65e-11	3.24e-05	1.00e+00
 1.14187e+14	4.16e-11	3.49e-05	1.00e+00
 1.17455e+14	4.64e-11	3.70e-05	1.00e+00
 1.20934e+14	5.20e-11	3.94e-05	1.00e+00
 1.25373e+14	5.99e-11	4.26e-05	1.00e+00
 1.29937e+14	6.91e-11	4.61e-05	1.00e+00
 1.33851e+14	7.77e-11	4.92e-05	1.00e+00
 1.38042e+14	8.81e-11	5.26e-05	1.00e+00
 1.43235e+14	1.02e-10	5.71e-05	1.00e+00
 1.48553e+14	1.19e-10	6.18e-05	1.00e+00
 1.53291e+14	1.35e-10	6.63e-05	1.00e+00
 1.58450e+14	1.55e-10	7.14e-05	1.00e+00
 1.64609e+14	1.81e-10	7.77e-05	1.00e+00
 1.70683e+14	2.11e-10	8.43e-05	1.00e+00
 1.76151e+14	2.41e-10	9.05e-05	1.00e+00
 1.82216e+14	2.77e-10	9.76e-05	1.00e+00
 1.89372e+14	3.27e-10	1.06e-04	1.00e+00
 1.96440e+14	3.82e-10	1.16e-04	1.00e+00
 2.02980e+14	4.39e-10	1.24e-04	1.00e+00
 2.10319e+14	5.11e-10	1.35e-04	1.00e+00
 2.18761e+14	6.05e-10	1.47e-04	1.00e+00
 2.27036e+14	7.10e-10	1.60e-04	1.00e+00
 2.35641e+14	8.33e-10	1.74e-04	1.00e+00
 2.45097e+14	9.87e-10	1.91e-04	1.00e+00
 2.53102e+14	1.13e-09	2.05e-04	1.00e+00
 2.58965e+14	1.25e-09	2.16e-04	1.00e+00
 2.65122e+14	1.39e-09	2.27e-04	1.00e+00
 2.73127e+14	1.58e-09	2.43e-04	1.00e+00
 2.81955e+14	1.81e-09	2.61e-04	1.00e+00
 2.90120e+14	2.05e-09	2.78e-04	1.00e+00
 2.99003e+14	2.34e-09	2.98e-04	1.00e+00
 3.08992e+14	2.69e-09	3.20e-04	1.00e+00
 3.18508e+14	3.07e-09	3.43e-04	1.00e+00
 3.28971e+14	3.54e-09	3.69e-04	1.00e+00
 3.40673e+14	4.12e-09	3.98e-04	1.00e+00
 3.51790e+14	4.73e-09	4.28e-04	1.00e+00
 3.64049e+14	5.49e-09	4.62e-04	1.00e+00
 3.77781e+14	6.44e-09	5.01e-04	9.99e-01
 3.90732e+14	7.45e-09	5.40e-04	9.99e-01
 4.04833e+14	8.69e-09	5.84e-04	9.99e-01
 4.20512e+14	1.02e-08	6.35e-04	9.99e-01
 4.35231e+14	1.19e-08	6.84e-04	9.99e-01
 4.51082e+14	1.38e-08	7.40e-04	9.99e-01
 4.68792e+14	1.63e-08	8.05e-04	9.99e-01
 4.85832e+14	1.90e-08	8.70e-04	9.99e-01
 5.03916e+14	2.23e-08	9.42e-04	9.99e-01
 5.24103e+14	2.64e-08	1.03e-03	9.99e-01
 5.41090e+14	3.02e-08	1.10e-03	9.99e-01
 5.53320e+14	3.33e-08	1.15e-03	9.99e-01
 5.66048e+14	3.67e-08	1.21e-03	9.99e-01
 5.82594e+14	4.15e-08	1.29e-03	9.99e-01
 6.01055e+14	4.74e-08	1.38e-03	9.99e-01
 6.18356e+14	5.34e-08	1.46e-03	9.99e-01
 6.37197e+14	6.07e-08	1.56e-03	9.98e-01
 6.58277e+14	6.96e-08	1.67e-03	9.98e-01
 6.78170e+14	7.90e-08	1.78e-03	9.98e-01
 6.99931e+14	9.03e-08	1.91e-03	9.98e-01
 7.24330e+14	1.04e-07	2.05e-03	9.98e-01
 7.47493e+14	1.19e-07	2.19e-03	9.98e-01
 7.72940e+14	1.37e-07	2.35e-03	9.98e-01
 8.01306e+14	1.60e-07	2.54e-03	9.97e-01
 8.27649e+14	1.83e-07	2.72e-03	9.97e-01
 8.56078e+14	2.11e-07	2.92e-03	9.97e-01
 8.87971e+14	2.45e-07	3.15e-03	9.97e-01
 9.17922e+14	2.82e-07	3.38e-03	9.97e-01
 9.50411e+14	3.26e-07	3.63e-03	9.96e-01
 9.84835e+14	3.78e-07	3.91e-03	9.96e-01
 1.01476e+15	4.27e-07	4.17e-03	9.96e-01
 1.04041e+15	4.74e-07	4.39e-03	9.96e-01
 1.06750e+15	5.27e-07	4.63e-03	9.95e-01
 1.10272e+15	6.03e-07	4.96e-03	9.95e-01
 1.13824e+15	6.87e-07	5.30e-03	9.95e-01
 1.16691e+15	7.60e-07	5.57e-03	9.94e-01
 1.19694e+15	8.45e-07	5.88e-03	9.94e-01
 1.23598e+15	9.67e-07	6.29e-03	9.94e-01
 1.27652e+15	1.10e-06	6.72e-03	9.93e-01
 1.31103e+15	1.23e-06	7.10e-03	9.93e-01
 1.34789e+15	1.39e-06	7.53e-03	9.92e-01
 1.39581e+15	1.60e-06	8.10e-03	9.92e-01
 1.44481e+15	1.85e-06	8.70e-03	9.91e-01
 1.48468e+15	2.07e-06	9.20e-03	9.91e-01
 1.52597e+15	2.32e-06	9.75e-03	9.90e-01
 1.57965e+15	2.68e-06	1.05e-02	9.90e-01
 1.63518e+15	3.09e-06	1.13e-02	9.89e-01
 1.68191e+15	3.47e-06	1.19e-02	9.88e-01
 1.73143e+15	3.92e-06	1.27e-02	9.87e-01
 1.78498e+15	4.45e-06	1.36e-02	9.86e-01
 1.83304e+15	4.96e-06	1.43e-02	9.86e-01
 1.87560e+15	5.46e-06	1.50e-02	9.85e-01
 1.92173e+15	6.05e-06	1.59e-02	9.84e-01
 1.97272e+15	6.75e-06	1.68e-02	9.83e-01
 2.02229e+15	7.48e-06	1.77e-02	9.82e-01
 2.07049e+15	8.25e-06	1.86e-02	9.81e-01
 2.12462e+15	9.21e-06	1.97e-02	9.80e-01
 2.18526e+15	1.04e-05	2.10e-02	9.79e-01
 2.24286e+15	1.15e-05	2.22e-02	9.78e-01
 2.29573e+15	1.27e-05	2.34e-02	9.77e-01
 2.35397e+15	1.42e-05	2.48e-02	9.75e-01
 2.41722e+15	1.59e-05	2.64e-02	9.74e-01
 2.47700e+15	1.76e-05	2.80e-02	9.72e-01
 2.53539e+15	1.95e-05	2.96e-02	9.70e-01
 2.60195e+15	2.20e-05	3.16e-02	9.68e-01
 2.67513e+15	2.48e-05	3.39e-02	9.66e-01
 2.74319e+15	2.77e-05	3.61e-02	9.64e-01
 2.80595e+15	3.07e-05	3.83e-02	9.62e-01
 2.87556e+15	3.46e-05	4.11e-02	9.59e-01
 2.94872e+15	3.88e-05	4.41e-02	9.56e-01
 3.01324e+15	4.31e-05	4.70e-02	9.53e-01
 3.08390e+15	4.86e-05	5.05e-02	9.49e-01
 3.15944e+15	5.51e-05	5.46e-02	9.45e-01
 3.21822e+15	6.03e-05	5.79e-02	9.42e-01
 3.26318e+15	6.50e-05	6.08e-02	9.39e-01
 3.31329e+15	7.11e-05	6.43e-02	9.36e-01
 3.36902e+15	7.83e-05	6.84e-02	9.32e-01
 3.42143e+15	8.56e-05	7.26e-02	9.27e-01
 3.47893e+15	9.56e-05	7.78e-02	9.22e-01
 3.53723e+15	1.06e-04	8.34e-02	9.17e-01
 3.58578e+15	1.16e-04	8.85e-02	9.11e-01
 3.63815e+15	1.28e-04	9.48e-02	9.05e-01
 3.69711e+15	1.45e-04	1.03e-01	8.97e-01
 3.74709e+15	1.59e-04	1.10e-01	8.90e-01
 3.79448e+15	1.76e-04	1.17e-01	8.82e-01
 3.84751e+15	1.96e-04	1.27e-01	8.73e-01
 3.89972e+15	2.21e-04	1.38e-01	8.62e-01
 3.94811e+15	2.49e-04	1.48e-01	8.51e-01
 3.98879e+15	2.73e-04	1.58e-01	8.41e-01
 4.03079e+15	3.02e-04	1.70e-01	8.29e-01
 4.08539e+15	3.51e-04	1.87e-01	8.12e-01
 4.13646e+15	3.96e-04	2.05e-01	7.94e-01
 4.17599e+15	4.45e-04	2.21e-01	7.79e-01
 4.21165e+15	4.90e-04	2.36e-01	7.64e-01
 4.24923e+15	5.43e-04	2.54e-01	7.46e-01
 4.29809e+15	6.33e-04	2.80e-01	7.20e-01
 4.33745e+15	7.05e-04	3.01e-01	6.98e-01
 4.35712e+15	7.46e-04	3.13e-01	6.86e-01
 4.37537e+15	7.90e-04	3.25e-01	6.74e-01
 4.39910e+15	8.47e-04	3.41e-01	6.58e-01
 4.42994e+15	9.38e-04	3.63e-01	6.36e-01
 4.45921e+15	1.02e-03	3.85e-01	6.14e-01
 4.48645e+15	1.11e-03	4.06e-01	5.93e-01
 4.51334e+15	1.20e-03	4.28e-01	5.71e-01
 4.53978e+15	1.31e-03	4.50e-01	5.48e-01
 4.56813e+15	1.42e-03	4.75e-01	5.24e-01
 4.59299e+15	1.54e-03	4.96e-01	5.02e-01
 4.61396e+15	1.63e-03	5.15e-01	4.84e-01
 4.63587e+15	1.74e-03	5.35e-01	4.63e-01
 4.66434e+15	1.90e-03	5.62e-01	4.37e-01
 4.69212e+15	2.05e-03	5.86e-01	4.12e-01
 4.71392e+15	2.18e-03	6.05e-01	3.93e-01
 4.73721e+15	2.32e-03	6.26e-01	3.71e-01
 4.76747e+15	2.53e-03	6.53e-01	3.45e-01
 4.79757e+15	2.73e-03	6.77e-01	3.20e-01
 4.82102e+15	2.89e-03	6.96e-01	3.01e-01
 4.84507e+15	3.07e-03	7.15e-01	2.82e-01
 4.87225e+15	3.28e-03	7.35e-01	2.62e-01
 4.89811e+15	3.48e-03	7.52e-01	2.44e-01
 4.92210e+15	3.69e-03	7.68e-01	2.28e-01
 4.94905e+15	3.92e-03	7.85e-01	2.11e-01
 4.97833e+15	4.19e-03	8.02e-01	1.94e-01
 5.00457e+15	4.44e-03	8.16e-01	1.80e-01
 5.02894e+15	4.69e-03	8.28e-01	1.67e-01
 5.05690e+15	4.98e-03	8.41e-01	1.54e-01
 5.08763e+15	5.33e-03	8.54e-01	1.41e-01
 5.11570e+15	5.67e-03	8.65e-01	1.30e-01
 5.14178e+15	6.01e-03	8.74e-01	1.20e-01
 5.17155e+15	6.42e-03	8.83e-01	1.10e-01
 5.20471e+15	6.92e-03	8.93e-01	1.00e-01
 5.23570e+15	7.45e-03	9.01e-01	9.16e-02
 5.26491e+15	7.99e-03	9.08e-01	8.43e-02
 5.29840e+15	8.67e-03	9.15e-01	7.65e-02
 5.33454e+15	9.52e-03	9.21e-01	6.92e-02
 5.36584e+15	1.04e-02	9.26e-01	6.36e-02
 5.39315e+15	1.12e-02	9.30e-01	5.90e-02
 5.42354e+15	1.23e-02	9.33e-01	5.43e-02
 5.45700e+15	1.36e-02	9.37e-01	4.96e-02
 5.48691e+15	1.51e-02	9.39e-01	4.59e-02
 5.51078e+15	1.64e-02	9.40e-01	4.32e-02
 5.53028e+15	1.77e-02	9.41e-01	4.11e-02
 5.55156e+15	1.92e-02	9.42e-01	3.88e-02
 5.57502e+15	2.11e-02	9.42e-01	3.65e-02
 5.59569e+15	2.32e-02	9.42e-01	3.46e-02
 5.61289e+15	2.50e-02	9.42e-01	3.33e-02
 5.63121e+15	2.74e-02	9.41e-01	3.17e-02
 5.65099e+15	3.02e-02	9.40e-01	3.02e-02
 5.66817e+15	3.31e-02	9.38e-01	2.90e-02
 5.68280e+15	3.58e-02	9.36e-01	2.81e-02
 5.69865e+15	3.93e-02	9.34e-01	2.70e-02
 5.71601e+15	4.36e-02	9.30e-01	2.60e-02
 5.73130e+15	4.80e-02	9.27e-01	2.52e-02
 5.74453e+15	5.23e-02	9.23e-01	2.45e-02
 5.75910e+15	5.77e-02	9.19e-01	2.38e-02
 5.77512e+15	6.46e-02	9.12e-01	2.31e-02
 5.78946e+15	7.19e-02	9.06e-01	2.25e-02
 5.80205e+15	7.91e-02	8.99e-01	2.21e-02
 5.81570e+15	8.82e-02	8.90e-01	2.15e-02
 5.83064e+15	9.94e-02	8.79e-01	2.12e-02
 5.84315e+15	1.10e-01	8.69e-01	2.09e-02
 5.85275e+15	1.20e-01	8.59e-01	2.07e-02
 5.86208e+15	1.30e-01	8.49e-01	2.05e-02
 5.87226e+15	1.42e-01	8.37e-01	2.03e-02
 5.88232e+15	1.56e-01	8.24e-01	2.01e-02
 5.89138e+15	1.69e-01	8.11e-01	2.01e-02
 5.89804e+15	1.79e-01	8.01e-01	2.00e-02
 5.90221e+15	1.86e-01	7.94e-01	2.00e-02
 5.90606e+15	1.93e-01	7.87e-01	1.99e-02
 5.91073e+15	2.02e-01	7.78e-01	1.99e-02
 5.91593e+15	2.12e-01	7.69e-01	1.98e-02
 5.92093e+15	2.21e-01	7.59e-01	1.97e-02
 5.92559e+15	2.31e-01	7.49e-01	1.97e-02
 5.93023e+15	2.41e-01	7.39e-01	1.96e-02
 5.93494e+15	2.51e-01	7.29e-01	1.96e-02
 5.93969e+15	2.63e-01	7.18e-01	1.95e-02
 5.94438e+15	2.74e-01	7.07e-01	1.95e-02
 5.94906e+15	2.86e-01	6.95e-01	1.94e-02
 5.95380e+15	2.98e-01	6.82e-01	1.93e-02
 5.95844e+15	3.11e-01	6.70e-01	1.92e-02
 5.96306e+15	3.24e-01	6.57e-01	1.92e-02
 5.96778e+15	3.38e-01	6.43e-01	1.90e-02
 5.97250e+15	3.51e-01	6.30e-01	1.89e-02
 5.97721e+15	3.66e-01	6.15e-01	1.88e-02
 5.98195e+15	3.80e-01	6.01e-01	1.87e-02
 5.98674e+15	3.96e-01	5.86e-01	1.85e-02
 5.99162e+15	4.12e-01	5.70e-01	1.83e-02
 5.99645e+15	4.28e-01	5.54e-01	1.81e-02
 6.00131e+15	4.44e-01	5.38e-01	1.79e-02
 6.00629e+15	4.61e-01	5.22e-01	1.77e-02
 6.01139e+15	4.78e-01	5.04e-01	1.74e-02
 6.01657e+15	4.96e-01	4.87e-01	1.71e-02
 6.02179e+15	5.14e-01	4.70e-01	1.68e-02
 6.02704e+15	5.31e-01	4.52e-01	1.65e-02
 6.03231e+15	5.49e-01	4.35e-01	1.61e-02
 6.03766e+15	5.67e-01	4.18e-01	1.58e-02
 6.04312e+15	5.84e-01	4.00e-01	1.54e-02
 6.04870e+15	6.02e-01	3.83e-01	1.50e-02
 6.05442e+15	6.19e-01	3.66e-01	1.45e-02
 6.06030e+15	6.36e-01	3.50e-01	1.41e-02
 6.06641e+15	6.53e-01	3.34e-01	1.36e-02
 6.07280e+15	6.69e-01	3.18e-01	1.31e-02
 6.07954e+15	6.85e-01	3.02e-01	1.26e-02
 6.08669e+15	7.01e-01	2.87e-01	1.21e-02
 6.09435e+15	7.16e-01	2.72e-01	1.15e-02
 6.10256e+15	7.30e-01	2.59e-01	1.10e-02
 6.11147e+15	7.44e-01	2.45e-01	1.05e-02
 6.12140e+15	7.57e-01	2.33e-01	9.92e-03
 6.13257e+15	7.70e-01	2.21e-01	9.35e-03
 6.14452e+15	7.81e-01	2.11e-01	8.86e-03
 6.15655e+15	7.90e-01	2.02e-01	8.40e-03
 6.16847e+15	7.97e-01	1.95e-01	8.00e-03
 6.18214e+15	8.04e-01	1.88e-01	7.58e-03
 6.19991e+15	8.12e-01	1.80e-01	7.07e-03
 6.21933e+15	8.19e-01	1.74e-01	6.63e-03
 6.23767e+15	8.25e-01	1.69e-01	6.25e-03
 6.25579e+15	8.30e-01	1.64e-01	5.91e-03
 6.27445e+15	8.35e-01	1.59e-01	5.58e-03
 6.29348e+15	8.40e-01	1.55e-01	5.27e-03
 6.31234e+15	8.44e-01	1.51e-01	4.98e-03
 6.33079e+15	8.48e-01	1.47e-01	4.72e-03
 6.34884e+15	8.52e-01	1.43e-01	4.48e-03
 6.36656e+15	8.56e-01	1.40e-01	4.25e-03
 6.38398e+15	8.59e-01	1.37e-01	4.04e-03
 6.40107e+15	8.63e-01	1.34e-01	3.85e-03
 6.41784e+15	8.66e-01	1.31e-01	3.67e-03
 6.43429e+15	8.69e-01	1.28e-01	3.50e-03
 6.45042e+15	8.72e-01	1.25e-01	3.34e-03
 6.46624e+15	8.74e-01	1.22e-01	3.20e-03
 6.48216e+15	8.77e-01	1.20e-01	3.06e-03
 6.49762e+15	8.80e-01	1.17e-01	2.93e-03
 6.51252e+15	8.82e-01	1.15e-01	2.81e-03
 6.52746e+15	8.84e-01	1.13e-01	2.70e-03
 6.54206e+15	8.87e-01	1.11e-01	2.59e-03
 6.55621e+15	8.89e-01	1.09e-01	2.49e-03
 6.57004e+15	8.91e-01	1.07e-01	2.40e-03
 6.58365e+15	8.93e-01	1.05e-01	2.31e-03
 6.59709e+15	8.95e-01	1.03e-01	2.23e-03
 6.61043e+15	8.97e-01	1.01e-01	2.15e-03
 6.62361e+15	8.99e-01	9.94e-02	2.07e-03
 6.63657e+15	9.00e-01	9.77e-02	2.00e-03
 6.64923e+15	9.02e-01	9.61e-02	1.93e-03
 6.66166e+15	9.04e-01	9.46e-02	1.87e-03
 6.67403e+15	9.05e-01	9.31e-02	1.81e-03
 6.68634e+15	9.07e-01	9.16e-02	1.75e-03
 6.69851e+15	9.08e-01	9.02e-02	1.69e-03
 6.71051e+15	9.10e-01	8.88e-02	1.64e-03
 6.72237e+15	9.11e-01	8.75e-02	1.59e-03
 6.73412e+15	9.12e-01	8.62e-02	1.54e-03
 6.74577e+15	9.14e-01	8.49e-02	1.49e-03
 6.75732e+15	9.15e-01	8.37e-02	1.45e-03
 6.76878e+15	9.16e-01	8.25e-02	1.40e-03
 6.78017e+15	9.17e-01	8.13e-02	1.36e-03
 6.79151e+15	9.19e-01	8.02e-02	1.32e-03
 6.80280e+15	9.20e-01	7.90e-02	1.28e-03
 6.81406e+15	9.21e-01	7.79e-02	1.25e-03
 6.82532e+15	9.22e-01	7.68e-02	1.21e-03
 6.83660e+15	9.23e-01	7.58e-02	1.17e-03
 6.84807e+15	9.24e-01	7.47e-02	1.14e-03
 6.85983e+15	9.25e-01	7.36e-02	1.11e-03
 6.87178e+15	9.26e-01	7.25e-02	1.07e-03
 6.88387e+15	9.28e-01	7.14e-02	1.04e-03
 6.89617e+15	9.29e-01	7.04e-02	1.01e-03
 6.90882e+15	9.30e-01	6.93e-02	9.74e-04
 6.92191e+15	9.31e-01	6.82e-02	9.41e-04
 6.93558e+15	9.32e-01	6.70e-02	9.09e-04
 6.95001e+15	9.33e-01	6.59e-02	8.75e-04
 6.96549e+15	9.35e-01	6.46e-02	8.41e-04
 6.98243e+15	9.36e-01	6.33e-02	8.05e-04
 7.00150e+15	9.37e-01	6.18e-02	7.66e-04
 7.02337e+15	9.39e-01	6.01e-02	7.23e-04
 7.04572e+15	9.41e-01	5.85e-02	6.83e-04
 7.06606e+15	9.42e-01	5.71e-02	6.49e-04
 7.08457e+15	9.44e-01	5.59e-02	6.19e-04
 7.10142e+15	9.45e-01	5.47e-02	5.93e-04
 7.11674e+15	9.46e-01	5.37e-02	5.70e-04
 7.13069e+15	9.47e-01	5.28e-02	5.50e-04
 7.14338e+15	9.48e-01	5.19e-02	5.31e-04
 7.15493e+15	9.48e-01	5.12e-02	5.16e-04
 7.16759e+15	9.49e-01	5.04e-02	4.99e-04
 7.18404e+15	9.50e-01	4.93e-02	4.78e-04
 7.20181e+15	9.51e-01	4.83e-02	4.56e-04
 7.21797e+15	9.52e-01	4.73e-02	4.38e-04
 7.23268e+15	9.53e-01	4.64e-02	4.21e-04
 7.24607e+15	9.54e-01	4.56e-02	4.06e-04
 7.25825e+15	9.55e-01	4.49e-02	3.92e-04
 7.26933e+15	9.55e-01	4.43e-02	3.81e-04
 7.27942e+15	9.56e-01	4.37e-02	3.70e-04
 7.29047e+15	9.57e-01	4.30e-02	3.58e-04
 7.30240e+15	9.57e-01	4.24e-02	3.48e-04
 7.31326e+15	9.58e-01	4.18e-02	3.37e-04
 7.32315e+15	9.58e-01	4.12e-02	3.28e-04
 7.33397e+15	9.59e-01	4.06e-02	3.18e-04
 7.34566e+15	9.60e-01	4.00e-02	3.08e-04
 7.35630e+15	9.60e-01	3.94e-02	2.99e-04
 7.36598e+15	9.61e-01	3.89e-02	2.90e-04
 7.37479e+15	9.61e-01	3.84e-02	2.83e-04
 7.38444e+15	9.62e-01	3.78e-02	2.75e-04
 7.39487e+15	9.62e-01	3.73e-02	2.67e-04
 7.40435e+15	9.63e-01	3.68e-02	2.60e-04
 7.41298e+15	9.63e-01	3.64e-02	2.53e-04
 7.42244e+15	9.64e-01	3.59e-02	2.46e-04
 7.43265e+15	9.64e-01	3.54e-02	2.39e-04
 7.44194e+15	9.65e-01	3.49e-02	2.33e-04
 7.45039e+15	9.65e-01	3.45e-02	2.27e-04
 7.45965e+15	9.66e-01	3.40e-02	2.21e-04
 7.46966e+15	9.66e-01	3.35e-02	2.15e-04
 7.47876e+15	9.67e-01	3.31e-02	2.09e-04
 7.48704e+15	9.67e-01	3.27e-02	2.04e-04
 7.49611e+15	9.68e-01	3.22e-02	1.98e-04
 7.50591e+15	9.68e-01	3.18e-02	1.93e-04
 7.51483e+15	9.68e-01	3.14e-02	1.88e-04
 7.52294e+15	9.69e-01	3.10e-02	1.83e-04
 7.53183e+15	9.69e-01	3.06e-02	1.78e-04
 7.54143e+15	9.70e-01	3.02e-02	1.74e-04
 7.55017e+15	9.70e-01	2.99e-02	1.69e-04
 7.55974e+15	9.70e-01	2.94e-02	1.64e-04
 7.57007e+15	9.71e-01	2.90e-02	1.60e-04
 7.57947e+15	9.71e-01	2.86e-02	1.56e-04
 7.58803e+15	9.72e-01	2.83e-02	1.52e-04
 7.59741e+15	9.72e-01	2.79e-02	1.48e-04
 7.60753e+15	9.72e-01	2.75e-02	1.44e-04
 7.61674e+15	9.73e-01	2.72e-02	1.40e-04
 7.62683e+15	9.73e-01	2.68e-02	1.36e-04
 7.63773e+15	9.73e-01	2.64e-02	1.32e-04
 7.64765e+15	9.74e-01	2.61e-02	1.29e-04
 7.65851e+15	9.74e-01	2.57e-02	1.25e-04
 7.67024e+15	9.75e-01	2.53e-02	1.21e-04
 7.68092e+15	9.75e-01	2.49e-02	1.18e-04
 7.69063e+15	9.75e-01	2.46e-02	1.15e-04
 7.70128e+15	9.76e-01	2.42e-02	1.11e-04
 7.71277e+15	9.76e-01	2.39e-02	1.08e-04
 7.72323e+15	9.76e-01	2.36e-02	1.05e-04
 7.73469e+15	9.77e-01	2.32e-02	1.02e-04
 7.74706e+15	9.77e-01	2.28e-02	9.89e-05
 7.75832e+15	9.77e-01	2.25e-02	9.61e-05
 7.76856e+15	9.78e-01	2.22e-02	9.35e-05
 7.77979e+15	9.78e-01	2.19e-02	9.07e-05
 7.79191e+15	9.78e-01	2.16e-02	8.83e-05
 7.80294e+15	9.79e-01	2.13e-02	8.57e-05
 7.81503e+15	9.79e-01	2.09e-02	8.30e-05
 7.82807e+15	9.79e-01	2.06e-02	8.04e-05
 7.83995e+15	9.80e-01	2.03e-02	7.81e-05
 7.85296e+15	9.80e-01	1.99e-02	7.55e-05
 7.86700e+15	9.80e-01	1.96e-02	7.31e-05
 7.87979e+15	9.81e-01	1.93e-02	7.08e-05
 7.89142e+15	9.81e-01	1.90e-02	6.89e-05
 7.90416e+15	9.81e-01	1.87e-02	6.67e-05
 7.91792e+15	9.81e-01	1.84e-02	6.46e-05
 7.93045e+15	9.82e-01	1.82e-02	6.27e-05
 7.94417e+15	9.82e-01	1.79e-02	6.06e-05
 7.95898e+15	9.82e-01	1.76e-02	5.86e-05
 7.97246e+15	9.83e-01	1.73e-02	5.68e-05
 7.98723e+15	9.83e-01	1.70e-02	5.48e-05
 8.00318e+15	9.83e-01	1.67e-02	5.29e-05
 8.01769e+15	9.84e-01	1.64e-02	5.12e-05
 8.03089e+15	9.84e-01	1.62e-02	4.97e-05
 8.04537e+15	9.84e-01	1.59e-02	4.81e-05
 8.06099e+15	9.84e-01	1.56e-02	4.65e-05
 8.07520e+15	9.85e-01	1.54e-02	4.50e-05
 8.09078e+15	9.85e-01	1.51e-02	4.34e-05
 8.10760e+15	9.85e-01	1.48e-02	4.19e-05
 8.12290e+15	9.85e-01	1.46e-02	4.06e-05
 8.13967e+15	9.86e-01	1.43e-02	3.91e-05
 8.15778e+15	9.86e-01	1.40e-02	3.76e-05
 8.17425e+15	9.86e-01	1.38e-02	3.63e-05
 8.19231e+15	9.86e-01	1.35e-02	3.49e-05
 8.21180e+15	9.87e-01	1.32e-02	3.36e-05
 8.22953e+15	9.87e-01	1.30e-02	3.24e-05
 8.24897e+15	9.87e-01	1.27e-02	3.11e-05
 8.26995e+15	9.88e-01	1.25e-02	2.98e-05
 8.28905e+15	9.88e-01	1.22e-02	2.87e-05
 8.30642e+15	9.88e-01	1.20e-02	2.77e-05
 8.32546e+15	9.88e-01	1.18e-02	2.66e-05
 8.34602e+15	9.88e-01	1.15e-02	2.56e-05
 8.36472e+15	9.89e-01	1.13e-02	2.47e-05
 8.38522e+15	9.89e-01	1.11e-02	2.37e-05
 8.40734e+15	9.89e-01	1.09e-02	2.27e-05
 8.42748e+15	9.89e-01	1.07e-02	2.19e-05
 8.44955e+15	9.90e-01	1.04e-02	2.09e-05
 8.47337e+15	9.90e-01	1.02e-02	2.00e-05
 8.49505e+15	9.90e-01	1.00e-02	1.93e-05
 8.51880e+15	9.90e-01	9.77e-03	1.84e-05
 8.54444e+15	9.90e-01	9.54e-03	1.76e-05
 8.56778e+15	9.91e-01	9.34e-03	1.68e-05
 8.59335e+15	9.91e-01	9.12e-03	1.61e-05
 8.62096e+15	9.91e-01	8.89e-03	1.53e-05
 8.64608e+15	9.91e-01	8.70e-03	1.46e-05
 8.67361e+15	9.92e-01	8.48e-03	1.39e-05
 8.70333e+15	9.92e-01	8.27e-03	1.32e-05
 8.73037e+15	9.92e-01	8.08e-03	1.26e-05
 8.76001e+15	9.92e-01	7.87e-03	1.20e-05
 8.79201e+15	9.92e-01	7.65e-03	1.14e-05
 8.82112e+15	9.93e-01	7.47e-03	1.08e-05
 8.85302e+15	9.93e-01	7.27e-03	1.03e-05
 8.88747e+15	9.93e-01	7.06e-03	9.70e-06
 8.91881e+15	9.93e-01	6.89e-03	9.23e-06
 8.95315e+15	9.93e-01	6.69e-03	8.71e-06
 8.99780e+15	9.94e-01	6.44e-03	8.08e-06
 9.04929e+15	9.94e-01	6.18e-03	7.45e-06
 9.10110e+15	9.94e-01	5.93e-03	6.87e-06
 9.15284e+15	9.94e-01	5.69e-03	6.34e-06
 9.20660e+15	9.95e-01	5.46e-03	5.84e-06
 9.26289e+15	9.95e-01	5.23e-03	5.36e-06
 9.32114e+15	9.95e-01	5.00e-03	4.91e-06
 9.38117e+15	9.95e-01	4.78e-03	4.49e-06
 9.44327e+15	9.95e-01	4.57e-03	4.10e-06
 9.50763e+15	9.96e-01	4.36e-03	3.74e-06
 9.57399e+15	9.96e-01	4.16e-03	3.40e-06
 9.64173e+15	9.96e-01	3.96e-03	3.09e-06
 9.71044e+15	9.96e-01	3.78e-03	2.82e-06
 9.77947e+15	9.96e-01	3.60e-03	2.56e-06
 9.84952e+15	9.97e-01	3.43e-03	2.33e-06
 9.92184e+15	9.97e-01	3.27e-03	2.11e-06
 9.99584e+15	9.97e-01	3.11e-03	1.91e-06
 1.00709e+16	9.97e-01	2.96e-03	1.73e-06
 1.01471e+16	9.97e-01	2.81e-03	1.57e-06
 1.02246e+16	9.97e-01	2.67e-03	1.42e-06
 1.03037e+16	9.97e-01	2.54e-03	1.28e-06
 1.03842e+16	9.98e-01	2.41e-03	1.16e-06
 1.04661e+16	9.98e-01	2.29e-03	1.05e-06
 1.05496e+16	9.98e-01	2.17e-03	9.42e-07
 1.06348e+16	9.98e-01	2.06e-03	8.48e-07
 1.07214e+16	9.98e-01	1.95e-03	7.62e-07
 1.08096e+16	9.98e-01	1.85e-03	6.85e-07
 1.08997e+16	9.98e-01	1.75e-03	6.14e-07
 1.09916e+16	9.98e-01	1.66e-03	5.50e-07
 1.10853e+16	9.98e-01	1.57e-03	4.93e-07
 1.11808e+16	9.99e-01	1.48e-03	4.40e-07
 1.12784e+16	9.99e-01	1.40e-03	3.93e-07
 1.13780e+16	9.99e-01	1.32e-03	3.50e-07
 1.14798e+16	9.99e-01	1.24e-03	3.11e-07
 1.15839e+16	9.99e-01	1.17e-03	2.76e-07
 1.16903e+16	9.99e-01	1.10e-03	2.45e-07
 1.17992e+16	9.99e-01	1.04e-03	2.17e-07
 1.19107e+16	9.99e-01	9.72e-04	1.91e-07
 1.20250e+16	9.99e-01	9.12e-04	1.68e-07
 1.21423e+16	9.99e-01	8.54e-04	1.48e-07
 1.22626e+16	9.99e-01	7.99e-04	1.29e-07
 1.23863e+16	9.99e-01	7.47e-04	1.13e-07
 1.25136e+16	9.99e-01	6.96e-04	9.84e-08
 1.26445e+16	9.99e-01	6.49e-04	8.55e-08
 1.27787e+16	9.99e-01	6.04e-04	7.42e-08
 1.29150e+16	9.99e-01	5.61e-04	6.42e-08
 1.30562e+16	9.99e-01	5.21e-04	5.52e-08
 1.32059e+16	1.00e+00	4.81e-04	4.72e-08
 1.33622e+16	1.00e+00	4.43e-04	4.00e-08
 1.35239e+16	1.00e+00	4.07e-04	3.38e-08
 1.36919e+16	1.00e+00	3.73e-04	2.84e-08
 1.38677e+16	1.00e+00	3.40e-04	2.37e-08
 1.40525e+16	1.00e+00	3.09e-04	1.96e-08
 1.42469e+16	1.00e+00	2.80e-04	1.61e-08
 1.44525e+16	1.00e+00	2.52e-04	1.30e-08
 1.46713e+16	1.00e+00	2.26e-04	1.05e-08
 1.49039e+16	1.00e+00	2.01e-04	8.28e-09
 1.51554e+16	1.00e+00	1.77e-04	6.44e-09
 1.54274e+16	1.00e+00	1.55e-04	4.93e-09
 1.57190e+16	1.00e+00	1.34e-04	3.70e-09
 1.60411e+16	1.00e+00	1.14e-04	2.69e-09
 1.64230e+16	1.00e+00	9.48e-05	1.86e-09
 1.68441e+16	1.00e+00	7.77e-05	1.25e-09
 1.73003e+16	1.00e+00	6.26e-05	8.13e-10
 1.78139e+16	1.00e+00	4.94e-05	5.07e-10
 1.83463e+16	1.00e+00	3.89e-05	3.15e-10
 1.88726e+16	1.00e+00	3.09e-05	1.99e-10
 1.93967e+16	1.00e+00	2.46e-05	1.26e-10
 1.99288e+16	1.00e+00	1.96e-05	8.05e-11
 2.04725e+16	1.00e+00	1.56e-05	5.13e-11
 2.10279e+16	1.00e+00	1.25e-05	3.26e-11
 2.15950e+16	1.00e+00	9.94e-06	2.08e-11
 2.21736e+16	1.00e+00	7.93e-06	1.32e-11
 2.27645e+16	1.00e+00	6.32e-06	8.43e-12
 2.33692e+16	1.00e+00	5.04e-06	5.36e-12
 2.39889e+16	1.00e+00	4.01e-06	3.40e-12
 2.46244e+16	1.00e+00	3.19e-06	2.16e-12
 2.52680e+16	1.00e+00	2.54e-06	1.37e-12
 2.59019e+16	1.00e+00	2.04e-06	8.91e-13
 2.65155e+16	1.00e+00	1.66e-06	5.90e-13
 2.71097e+16	1.00e+00	1.36e-06	3.99e-13
 2.76872e+16	1.00e+00	1.13e-06	2.74e-13
 2.82501e+16	1.00e+00	9.44e-07	1.91e-13
 2.87985e+16	1.00e+00	7.94e-07	1.36e-13
 2.93289e+16	1.00e+00	6.73e-07	9.77e-14
 2.98391e+16	1.00e+00	5.75e-07	7.16e-14
 3.03289e+16	1.00e+00	4.96e-07	5.33e-14
 3.07999e+16	1.00e+00	4.31e-07	4.03e-14
 3.12533e+16	1.00e+00	3.77e-07	3.08e-14
 3.16883e+16	1.00e+00	3.32e-07	2.40e-14
 3.21044e+16	1.00e+00	2.94e-07	1.89e-14
 3.25019e+16	1.00e+00	2.62e-07	1.50e-14
 3.28818e+16	1.00e+00	2.35e-07	1.21e-14
 3.32450e+16	1.00e+00	2.13e-07	9.90e-15
 3.35922e+16	1.00e+00	1.93e-07	8.16e-15
 3.39236e+16	1.00e+00	1.76e-07	6.80e-15
 3.42397e+16	1.00e+00	1.61e-07	5.72e-15
 3.45412e+16	1.00e+00	1.48e-07	4.85e-15
 3.48286e+16	1.00e+00	1.37e-07	4.15e-15
 3.51025e+16	1.00e+00	1.27e-07	3.59e-15
 3.53637e+16	1.00e+00	1.19e-07	3.12e-15
 3.56131e+16	1.00e+00	1.11e-07	2.73e-15
 3.58514e+16	1.00e+00	1.04e-07	2.41e-15
 3.60790e+16	1.00e+00	9.82e-08	2.14e-15
 3.62966e+16	1.00e+00	9.27e-08	1.91e-15
 3.65045e+16	1.00e+00	8.78e-08	1.71e-15
 3.67032e+16	1.00e+00	8.34e-08	1.54e-15
 3.68934e+16	1.00e+00	7.93e-08	1.40e-15
 3.70758e+16	1.00e+00	7.56e-08	1.27e-15
 3.72507e+16	1.00e+00	7.23e-08	1.16e-15
 3.74187e+16	1.00e+00	6.92e-08	1.07e-15
 3.75802e+16	1.00e+00	6.64e-08	9.84e-16
 3.77357e+16	1.00e+00	6.38e-08	9.09e-16
 3.78858e+16	1.00e+00	6.14e-08	8.43e-16
 3.80308e+16	1.00e+00	5.92e-08	7.83e-16
 3.81712e+16	1.00e+00	5.71e-08	7.30e-16
 3.83075e+16	1.00e+00	5.52e-08	6.81e-16
 3.84401e+16	1.00e+00	5.33e-08	6.37e-16
 3.85695e+16	1.00e+00	5.16e-08	5.97e-16
 3.86964e+16	1.00e+00	5.00e-08	5.61e-16
 3.88211e+16	1.00e+00	4.85e-08	5.27e-16
 3.89443e+16	1.00e+00	4.70e-08	4.95e-16
 3.90664e+16	1.00e+00	4.56e-08	4.66e-16
 3.91883e+16	1.00e+00	4.42e-08	4.39e-16
 3.93106e+16	1.00e+00	4.29e-08	4.13e-16
 3.94344e+16	1.00e+00	4.15e-08	3.88e-16
 3.95606e+16	1.00e+00	4.03e-08	3.65e-16
 3.96905e+16	1.00e+00	3.90e-08	3.42e-16
 3.98256e+16	1.00e+00	3.77e-08	3.20e-16
 3.99679e+16	1.00e+00	3.64e-08	2.98e-16
 4.01202e+16	1.00e+00	3.50e-08	2.77e-16
 4.02858e+16	1.00e+00	3.36e-08	2.55e-16
 4.04696e+16	1.00e+00	3.21e-08	2.33e-16
 4.06787e+16	1.00e+00	3.05e-08	2.10e-16
 4.09232e+16	1.00e+00	2.87e-08	1.86e-16
 4.12191e+16	1.00e+00	2.67e-08	1.61e-16
 4.15917e+16	1.00e+00	2.43e-08	1.34e-16
 4.20735e+16	1.00e+00	2.16e-08	1.06e-16
 4.26998e+16	1.00e+00	1.85e-08	7.84e-17
 4.35139e+16	1.00e+00	1.52e-08	5.33e-17
 4.45723e+16	1.00e+00	1.19e-08	3.25e-17
 4.59483e+16	1.00e+00	8.66e-09	1.74e-17
 4.75078e+16	1.00e+00	6.16e-09	8.84e-18
 4.90713e+16	1.00e+00	4.41e-09	4.58e-18
 5.06346e+16	1.00e+00	3.19e-09	2.41e-18
 5.21978e+16	1.00e+00	2.32e-09	1.29e-18
 5.37607e+16	1.00e+00	1.71e-09	7.02e-19
 5.53233e+16	1.00e+00	1.26e-09	3.87e-19
 5.71203e+16	1.00e+00	8.93e-10	1.95e-19
 5.92577e+16	1.00e+00	6.02e-10	8.98e-20
 6.15342e+16	1.00e+00	4.02e-10	4.05e-20
 6.38437e+16	1.00e+00	2.71e-10	1.86e-20
 6.62293e+16	1.00e+00	1.82e-10	8.48e-21
 6.86911e+16	1.00e+00	1.22e-10	0.00e+00
 7.11528e+16	1.00e+00	8.32e-11	0.00e+00
 7.37249e+16	1.00e+00	5.62e-11	0.00e+00
 7.64467e+16	1.00e+00	3.76e-11	0.00e+00
 7.92485e+16	1.00e+00	2.52e-11	0.00e+00
 8.20908e+16	1.00e+00	1.70e-11	0.00e+00
 8.47591e+16	1.00e+00	1.19e-11	0.00e+00
 8.68994e+16	1.00e+00	9.11e-12	0.00e+00
 8.83058e+16	1.00e+00	7.69e-12	0.00e+00
 8.91310e+16	1.00e+00	6.98e-12	0.00e+00
 8.96302e+16	1.00e+00	6.57e-12	0.00e+00
 8.99297e+16	1.00e+00	6.34e-12	0.00e+00
 9.01329e+16	1.00e+00	6.19e-12	0.00e+00
 9.03214e+16	1.00e+00	6.04e-12	0.00e+00
 9.05324e+16	1.00e+00	5.88e-12	0.00e+00
 9.07532e+16	1.00e+00	5.72e-12	0.00e+00
 9.09508e+16	1.00e+00	5.58e-12	0.00e+00
 9.11206e+16	1.00e+00	5.47e-12	0.00e+00
 9.12826e+16	1.00e+00	5.36e-12	0.00e+00
 9.14458e+16	1.00e+00	5.25e-12	0.00e+00
 9.16040e+16	1.00e+00	5.15e-12	0.00e+00
 9.17466e+16	1.00e+00	5.06e-12	0.00e+00
 9.18763e+16	1.00e+00	4.98e-12	0.00e+00
 9.19977e+16	1.00e+00	4.90e-12	0.00e+00
 9.21145e+16	1.00e+00	4.83e-12	0.00e+00
 9.22299e+16	1.00e+00	4.76e-12	0.00e+00
 9.23393e+16	1.00e+00	4.70e-12	0.00e+00
 9.24417e+16	1.00e+00	4.64e-12	0.00e+00
 9.25351e+16	1.00e+00	4.59e-12	0.00e+00
 9.26263e+16	1.00e+00	4.54e-12	0.00e+00
 9.27255e+16	1.00e+00	4.48e-12	0.00e+00
 9.28214e+16	1.00e+00	4.43e-12	0.00e+00
 9.29000e+16	1.00e+00	4.39e-12	0.00e+00
 9.29759e+16	1.00e+00	4.35e-12	0.00e+00
 9.30593e+16	1.00e+00	4.30e-12	0.00e+00
 9.31425e+16	1.00e+00	4.25e-12	0.00e+00
 9.32180e+16	1.00e+00	4.21e-12	0.00e+00
 9.32873e+16	1.00e+00	4.18e-12	0.00e+00
 9.33574e+16	1.00e+00	4.14e-12	0.00e+00
 9.34292e+16	1.00e+00	4.10e-12	0.00e+00
 9.35010e+16	1.00e+00	4.07e-12	0.00e+00
 9.35694e+16	1.00e+00	4.03e-12	0.00e+00
 9.36356e+16	1.00e+00	4.00e-12	0.00e+00
 9.37036e+16	1.00e+00	3.96e-12	0.00e+00
 9.37723e+16	1.00e+00	3.93e-12	0.00e+00
 9.38389e+16	1.00e+00	3.89e-12	0.00e+00
 9.39046e+16	1.00e+00	3.86e-12	0.00e+00
 9.39727e+16	1.00e+00	3.83e-12	0.00e+00
 9.40420e+16	1.00e+00	3.79e-12	0.00e+00
 9.41093e+16	1.00e+00	3.76e-12	0.00e+00
 9.41760e+16	1.00e+00	3.73e-12	0.00e+00
 9.42457e+16	1.00e+00	3.69e-12	0.00e+00
 9.43175e+16	1.00e+00	3.66e-12	0.00e+00
 9.43903e+16	1.00e+00	3.62e-12	0.00e+00
 9.44635e+16	1.00e+00	3.59e-12	0.00e+00
 9.45339e+16	1.00e+00	3.56e-12	0.00e+00
 9.46036e+16	1.00e+00	3.52e-12	0.00e+00
 9.46793e+16	1.00e+00	3.49e-12	0.00e+00
 9.47671e+16	1.00e+00	3.45e-12	0.00e+00
 9.48606e+16	1.00e+00	3.40e-12	0.00e+00
 9.49454e+16	1.00e+00	3.37e-12	0.00e+00
 9.50215e+16	1.00e+00	3.33e-12	0.00e+00
 9.50960e+16	1.00e+00	3.30e-12	0.00e+00
 9.51797e+16	1.00e+00	3.26e-12	0.00e+00
 9.52779e+16	1.00e+00	3.22e-12	0.00e+00
 9.53790e+16	1.00e+00	3.17e-12	0.00e+00
 9.54721e+16	1.00e+00	3.13e-12	0.00e+00
 9.55600e+16	1.00e+00	3.10e-12	0.00e+00
 9.56550e+16	1.00e+00	3.06e-12	0.00e+00
 9.57629e+16	1.00e+00	3.01e-12	0.00e+00
 9.58732e+16	1.00e+00	2.97e-12	0.00e+00
 9.59785e+16	1.00e+00	2.93e-12	0.00e+00
 9.60858e+16	1.00e+00	2.88e-12	0.00e+00
 9.62005e+16	1.00e+00	2.84e-12	0.00e+00
 9.63206e+16	1.00e+00	2.79e-12	0.00e+00
 9.64431e+16	1.00e+00	2.75e-12	0.00e+00
 9.65670e+16	1.00e+00	2.70e-12	0.00e+00
 9.66922e+16	1.00e+00	2.65e-12	0.00e+00
 9.68211e+16	1.00e+00	2.61e-12	0.00e+00
 9.69568e+16	1.00e+00	2.56e-12	0.00e+00
 9.70993e+16	1.00e+00	2.51e-12	0.00e+00
 9.72432e+16	1.00e+00	2.46e-12	0.00e+00
 9.73903e+16	1.00e+00	2.41e-12	0.00e+00
 9.75444e+16	1.00e+00	2.36e-12	0.00e+00
 9.77028e+16	1.00e+00	2.31e-12	0.00e+00
 9.78657e+16	1.00e+00	2.26e-12	0.00e+00
 9.80337e+16	1.00e+00	2.21e-12	0.00e+00
 9.82060e+16	1.00e+00	2.15e-12	0.00e+00
 9.83867e+16	1.00e+00	2.10e-12	0.00e+00
 9.85745e+16	1.00e+00	2.05e-12	0.00e+00
 9.87670e+16	1.00e+00	1.99e-12	0.00e+00
 9.89648e+16	1.00e+00	1.94e-12	0.00e+00
 9.91658e+16	1.00e+00	1.89e-12	0.00e+00
 9.93675e+16	1.00e+00	1.84e-12	0.00e+00
 9.95806e+16	1.00e+00	1.78e-12	0.00e+00
 9.98097e+16	1.00e+00	1.73e-12	0.00e+00
 1.00044e+17	1.00e+00	1.67e-12	0.00e+00
 1.00277e+17	1.00e+00	1.62e-12	0.00e+00
 1.00513e+17	1.00e+00	1.57e-12	0.00e+00
 1.00760e+17	1.00e+00	1.51e-12	0.00e+00
 1.01018e+17	1.00e+00	1.46e-12	0.00e+00
 1.01286e+17	1.00e+00	1.40e-12	0.00e+00
 1.01564e+17	1.00e+00	1.35e-12	0.00e+00
 1.01845e+17	1.00e+00	1.30e-12	0.00e+00
 1.02131e+17	1.00e+00	1.25e-12	0.00e+00
 1.02425e+17	1.00e+00	1.20e-12	0.00e+00
 1.02727e+17	1.00e+00	1.15e-12	0.00e+00
 1.03052e+17	1.00e+00	1.10e-12	0.00e+00
 1.03393e+17	1.00e+00	1.05e-12	0.00e+00
 1.03726e+17	1.00e+00	1.00e-12	0.00e+00
 1.04059e+17	1.00e+00	9.58e-13	0.00e+00
 1.04411e+17	1.00e+00	9.13e-13	0.00e+00
 1.04789e+17	1.00e+00	8.69e-13	0.00e+00
 1.05197e+17	1.00e+00	8.21e-13	0.00e+00
 1.05608e+17	1.00e+00	7.78e-13	0.00e+00
 1.06012e+17	1.00e+00	7.37e-13	0.00e+00
 1.06423e+17	1.00e+00	6.99e-13	0.00e+00
 1.06861e+17	1.00e+00	6.58e-13	0.00e+00
 1.07328e+17	1.00e+00	6.21e-13	0.00e+00
 1.07813e+17	1.00e+00	5.83e-13	0.00e+00
 1.08319e+17	1.00e+00	5.48e-13	0.00e+00
 1.08844e+17	1.00e+00	5.13e-13	0.00e+00
 1.09391e+17	1.00e+00	4.80e-13	0.00e+00
 1.09947e+17	1.00e+00	4.49e-13	0.00e+00
 1.10488e+17	1.00e+00	4.22e-13	0.00e+00
 1.10988e+17	1.00e+00	3.98e-13	0.00e+00
 1.11449e+17	1.00e+00	3.77e-13	0.00e+00
 1.11899e+17	1.00e+00	3.58e-13	0.00e+00
 1.12366e+17	1.00e+00	3.39e-13	0.00e+00
 1.12856e+17	1.00e+00	3.20e-13	0.00e+00
 1.13352e+17	1.00e+00	3.01e-13	0.00e+00
 1.13809e+17	1.00e+00	2.85e-13	0.00e+00
 1.14198e+17	1.00e+00	2.72e-13	0.00e+00
 1.14526e+17	1.00e+00	2.61e-13	0.00e+00
 1.14819e+17	1.00e+00	2.53e-13	0.00e+00
 1.15099e+17	1.00e+00	2.44e-13	0.00e+00
 1.15369e+17	1.00e+00	2.36e-13	0.00e+00
 1.15622e+17	1.00e+00	2.29e-13	0.00e+00
 1.15854e+17	1.00e+00	2.22e-13	0.00e+00
 1.16070e+17	1.00e+00	2.16e-13	0.00e+00
 1.16276e+17	1.00e+00	2.11e-13	0.00e+00
 1.16477e+17	1.00e+00	2.06e-13	0.00e+00
 1.16672e+17	1.00e+00	2.01e-13	0.00e+00
 1.16861e+17	1.00e+00	1.96e-13	0.00e+00
 1.17042e+17	1.00e+00	1.92e-13	0.00e+00
 1.17217e+17	1.00e+00	1.88e-13	0.00e+00
 1.17388e+17	1.00e+00	1.84e-13	0.00e+00
 1.17557e+17	1.00e+00	1.80e-13	0.00e+00
 1.17722e+17	1.00e+00	1.77e-13	0.00e+00
 1.17884e+17	1.00e+00	1.73e-13	0.00e+00
 1.18041e+17	1.00e+00	1.70e-13	0.00e+00
 1.18197e+17	1.00e+00	1.67e-13	0.00e+00
 1.18350e+17	1.00e+00	1.64e-13	0.00e+00
 1.18501e+17	1.00e+00	1.61e-13	0.00e+00
 1.18651e+17	1.00e+00	1.58e-13	0.00e+00
 1.18798e+17	1.00e+00	1.55e-13	0.00e+00
 1.18944e+17	1.00e+00	1.53e-13	0.00e+00
 1.19088e+17	1.00e+00	1.50e-13	0.00e+00
 1.19253e+17	1.00e+00	1.47e-13	0.00e+00
 1.19467e+17	1.00e+00	1.43e-13	0.00e+00
 1.19746e+17	1.00e+00	1.39e-13	0.00e+00
 1.20109e+17	1.00e+00	1.33e-13	0.00e+00
 1.20580e+17	1.00e+00	1.26e-13	0.00e+00
 1.21166e+17	1.00e+00	1.17e-13	0.00e+00
 1.21792e+17	1.00e+00	1.09e-13	0.00e+00
 1.22360e+17	1.00e+00	1.03e-13	0.00e+00
 1.22859e+17	1.00e+00	9.72e-14	0.00e+00
 1.23342e+17	1.00e+00	9.22e-14	0.00e+00
 1.23860e+17	1.00e+00	8.70e-14	0.00e+00
 1.24420e+17	1.00e+00	8.18e-14	0.00e+00
 1.24997e+17	1.00e+00	7.69e-14	0.00e+00
 1.25565e+17	1.00e+00	7.23e-14	0.00e+00
 1.26130e+17	1.00e+00	6.80e-14	0.00e+00
 1.26716e+17	1.00e+00	6.39e-14	0.00e+00
 1.27346e+17	1.00e+00	5.97e-14	0.00e+00
 1.28031e+17	1.00e+00	5.55e-14	0.00e+00
 1.28773e+17	1.00e+00	5.13e-14	0.00e+00
 1.29587e+17	1.00e+00	4.71e-14	0.00e+00
 1.30515e+17	1.00e+00	4.26e-14	0.00e+00
 1.31637e+17	1.00e+00	3.79e-14	0.00e+00
 1.33069e+17	1.00e+00	3.26e-14	0.00e+00
 1.34930e+17	1.00e+00	2.69e-14	0.00e+00
 1.37349e+17	1.00e+00	2.09e-14	0.00e+00
 1.40493e+17	1.00e+00	1.52e-14	0.00e+00
 1.44582e+17	1.00e+00	1.01e-14	0.00e+00
 1.49830e+17	1.00e+00	6.08e-15	0.00e+00
 1.55823e+17	1.00e+00	3.47e-15	0.00e+00
 1.61615e+17	1.00e+00	2.04e-15	0.00e+00
 1.66740e+17	1.00e+00	1.28e-15	0.00e+00
 1.72236e+17	1.00e+00	7.70e-16	0.00e+00
 1.77206e+17	1.00e+00	4.89e-16	0.00e+00
 1.80188e+17	1.00e+00	3.69e-16	0.00e+00
 1.81977e+17	1.00e+00	3.09e-16	0.00e+00
 1.83051e+17	1.00e+00	2.76e-16	0.00e+00
 1.83695e+17	1.00e+00	2.57e-16	0.00e+00
 1.84081e+17	1.00e+00	2.46e-16	0.00e+00
 1.84313e+17	1.00e+00	2.39e-16	0.00e+00
 1.84473e+17	1.00e+00	2.35e-16	0.00e+00
 1.84641e+17	1.00e+00	2.30e-16	0.00e+00
 1.84859e+17	1.00e+00	2.25e-16	0.00e+00
 1.85132e+17	1.00e+00	2.18e-16	0.00e+00
 1.85420e+17	1.00e+00	2.10e-16	0.00e+00
 1.85663e+17	1.00e+00	2.04e-16	0.00e+00
 1.85852e+17	1.00e+00	1.99e-16	0.00e+00
 1.86024e+17	1.00e+00	1.95e-16	0.00e+00
 1.86220e+17	1.00e+00	1.90e-16	0.00e+00
 1.86461e+17	1.00e+00	1.84e-16	0.00e+00
 1.86717e+17	1.00e+00	1.78e-16	0.00e+00
 1.86939e+17	1.00e+00	1.73e-16	0.00e+00
 1.87114e+17	1.00e+00	1.69e-16	0.00e+00
 1.87273e+17	1.00e+00	1.65e-16	0.00e+00
 1.87451e+17	1.00e+00	1.61e-16	0.00e+00
 1.87665e+17	1.00e+00	1.56e-16	0.00e+00
 1.87893e+17	1.00e+00	1.51e-16	0.00e+00
 1.88094e+17	1.00e+00	1.46e-16	0.00e+00
 1.88257e+17	1.00e+00	1.42e-16	0.00e+00
 1.88405e+17	1.00e+00	1.39e-16	0.00e+00
 1.88566e+17	1.00e+00	1.36e-16	0.00e+00
 1.88756e+17	1.00e+00	1.32e-16	0.00e+00
 1.88961e+17	1.00e+00	1.27e-16	0.00e+00
 1.89147e+17	1.00e+00	1.23e-16	0.00e+00
 1.89300e+17	1.00e+00	1.20e-16	0.00e+00
 1.89438e+17	1.00e+00	1.17e-16	0.00e+00
 1.89585e+17	1.00e+00	1.14e-16	0.00e+00
 1.89760e+17	1.00e+00	1.10e-16	0.00e+00
 1.89949e+17	1.00e+00	1.06e-16	0.00e+00
 1.90123e+17	1.00e+00	1.02e-16	0.00e+00
 1.90267e+17	1.00e+00	9.91e-17	0.00e+00
 1.90397e+17	1.00e+00	9.65e-17	0.00e+00
 1.90535e+17	1.00e+00	9.38e-17	0.00e+00
 1.90700e+17	1.00e+00	9.06e-17	0.00e+00
 1.90879e+17	1.00e+00	8.71e-17	0.00e+00
 1.91044e+17	1.00e+00	8.38e-17	0.00e+00
 1.91184e+17	1.00e+00	8.10e-17	0.00e+00
 1.91310e+17	1.00e+00	7.86e-17	0.00e+00
 1.91444e+17	1.00e+00	7.62e-17	0.00e+00
 1.91602e+17	1.00e+00	7.35e-17	0.00e+00
 1.91774e+17	1.00e+00	7.04e-17	0.00e+00
 1.91936e+17	1.00e+00	6.75e-17	0.00e+00
 1.92075e+17	1.00e+00	6.50e-17	0.00e+00
 1.92201e+17	1.00e+00	6.29e-17	0.00e+00
 1.92335e+17	1.00e+00	6.08e-17	0.00e+00
 1.92488e+17	1.00e+00	5.85e-17	0.00e+00
 1.92655e+17	1.00e+00	5.59e-17	0.00e+00
 1.92818e+17	1.00e+00	5.34e-17	0.00e+00
 1.92961e+17	1.00e+00	5.13e-17	0.00e+00
 1.93092e+17	1.00e+00	4.94e-17	0.00e+00
 1.93227e+17	1.00e+00	4.76e-17	0.00e+00
 1.93381e+17	1.00e+00	4.57e-17	0.00e+00
 1.93551e+17	1.00e+00	4.35e-17	0.00e+00
 1.93719e+17	1.00e+00	4.14e-17	0.00e+00
 1.93869e+17	1.00e+00	3.96e-17	0.00e+00
 1.94006e+17	1.00e+00	3.80e-17	0.00e+00
 1.94148e+17	1.00e+00	3.65e-17	0.00e+00
 1.94308e+17	1.00e+00	3.49e-17	0.00e+00
 1.94487e+17	1.00e+00	3.32e-17	0.00e+00
 1.94666e+17	1.00e+00	3.15e-17	0.00e+00
 1.94828e+17	1.00e+00	3.00e-17	0.00e+00
 1.94977e+17	1.00e+00	2.87e-17	0.00e+00
 1.95132e+17	1.00e+00	2.74e-17	0.00e+00
 1.95307e+17	1.00e+00	2.61e-17	0.00e+00
 1.95503e+17	1.00e+00	2.48e-17	0.00e+00
 1.95699e+17	1.00e+00	2.34e-17	0.00e+00
 1.95881e+17	1.00e+00	2.22e-17	0.00e+00
 1.96052e+17	1.00e+00	2.11e-17	0.00e+00
 1.96232e+17	1.00e+00	2.02e-17	0.00e+00
 1.96436e+17	1.00e+00	1.91e-17	0.00e+00
 1.96662e+17	1.00e+00	1.80e-17	0.00e+00
