#depth	O	O+	O+2	O+3	O+4	O+5	O+6	O+7	O+8	O[1]	O[2]	O[3]
 1.49634e+10	5.74e-46	1.86e-36	9.64e-28	6.19e-20	5.60e-13	5.75e-07	1.00e+00	0.00e+00	0.00e+00	0.00e+00	0.00e+00	0.00e+00
 4.54887e+10	0.00e+00	2.78e-36	1.34e-27	8.02e-20	6.73e-13	6.33e-07	1.00e+00	1.26e-08	0.00e+00	0.00e+00	0.00e+00	0.00e+00
 7.72350e+10	1.50e-45	4.15e-36	1.87e-27	1.04e-19	8.09e-13	6.97e-07	1.00e+00	0.00e+00	0.00e+00	0.00e+00	0.00e+00	0.00e+00
 1.10251e+11	0.00e+00	6.18e-36	2.59e-27	1.34e-19	9.71e-13	7.68e-07	1.00e+00	0.00e+00	0.00e+00	0.00e+00	0.00e+00	0.00e+00
 1.40544e+11	3.65e-45	8.77e-36	3.46e-27	1.68e-19	1.14e-12	8.37e-07	1.00e+00	0.00e+00	0.00e+00	0.00e+00	0.00e+00	0.00e+00
 1.66498e+11	0.00e+00	1.17e-35	4.39e-27	2.03e-19	1.31e-12	8.99e-07	1.00e+00	0.00e+00	0.00e+00	0.00e+00	0.00e+00	0.00e+00
 1.95232e+11	7.43e-45	1.59e-35	5.66e-27	2.48e-19	1.51e-12	9.71e-07	1.00e+00	0.00e+00	0.00e+00	0.00e+00	0.00e+00	0.00e+00
 2.27662e+11	0.00e+00	2.23e-35	7.47e-27	3.09e-19	1.77e-12	1.06e-06	1.00e+00	0.00e+00	0.00e+00	0.00e+00	0.00e+00	0.00e+00
 2.58651e+11	1.60e-44	3.03e-35	9.64e-27	3.78e-19	2.04e-12	1.14e-06	1.00e+00	0.00e+00	0.00e+00	0.00e+00	0.00e+00	0.00e+00
 2.92690e+11	0.00e+00	4.20e-35	1.26e-26	4.68e-19	2.38e-12	1.24e-06	1.00e+00	0.00e+00	0.00e+00	0.00e+00	0.00e+00	0.00e+00
 3.30444e+11	3.54e-44	5.93e-35	1.68e-26	5.88e-19	2.81e-12	1.36e-06	1.00e+00	0.00e+00	0.00e+00	0.00e+00	0.00e+00	0.00e+00
 3.65702e+11	0.00e+00	8.09e-35	2.18e-26	7.22e-19	3.26e-12	1.47e-06	1.00e+00	0.00e+00	0.00e+00	0.00e+00	0.00e+00	0.00e+00
 4.04213e+11	7.52e-44	1.12e-34	2.86e-26	8.96e-19	3.81e-12	1.60e-06	1.00e+00	0.00e+00	0.00e+00	0.00e+00	0.00e+00	0.00e+00
 4.47572e+11	0.00e+00	1.59e-34	3.84e-26	1.13e-18	4.51e-12	1.75e-06	1.00e+00	0.00e+00	0.00e+00	0.00e+00	0.00e+00	0.00e+00
 4.89049e+11	1.67e-43	2.20e-34	5.02e-26	1.40e-18	5.27e-12	1.90e-06	1.00e+00	0.00e+00	0.00e+00	0.00e+00	0.00e+00	0.00e+00
 5.34077e+11	0.00e+00	3.08e-34	6.65e-26	1.75e-18	6.19e-12	2.08e-06	1.00e+00	0.00e+00	0.00e+00	0.00e+00	0.00e+00	0.00e+00
 5.85367e+11	3.82e-43	4.44e-34	9.04e-26	2.24e-18	7.39e-12	2.29e-06	1.00e+00	0.00e+00	0.00e+00	0.00e+00	0.00e+00	0.00e+00
 6.35457e+11	0.00e+00	6.25e-34	1.20e-25	2.82e-18	8.72e-12	2.50e-06	1.00e+00	0.00e+00	0.00e+00	0.00e+00	0.00e+00	0.00e+00
 6.83210e+11	8.29e-43	8.56e-34	1.57e-25	3.47e-18	1.01e-11	2.72e-06	1.00e+00	0.00e+00	0.00e+00	0.00e+00	0.00e+00	0.00e+00
 7.36125e+11	0.00e+00	1.20e-33	2.07e-25	4.34e-18	1.19e-11	2.97e-06	1.00e+00	0.00e+00	0.00e+00	0.00e+00	0.00e+00	0.00e+00
 7.95497e+11	1.88e-42	1.71e-33	2.80e-25	5.52e-18	1.42e-11	3.26e-06	1.00e+00	0.00e+00	0.00e+00	0.00e+00	0.00e+00	0.00e+00
 8.55187e+11	0.00e+00	2.43e-33	3.75e-25	6.97e-18	1.67e-11	3.57e-06	1.00e+00	0.00e+00	0.00e+00	0.00e+00	0.00e+00	0.00e+00
 9.08713e+11	4.04e-42	3.28e-33	4.82e-25	8.51e-18	1.93e-11	3.85e-06	1.00e+00	0.00e+00	0.00e+00	0.00e+00	0.00e+00	0.00e+00
 9.54260e+11	0.00e+00	4.19e-33	5.92e-25	1.00e-17	2.17e-11	4.11e-06	1.00e+00	0.00e+00	0.00e+00	0.00e+00	0.00e+00	0.00e+00
 1.00358e+12	7.32e-42	5.44e-33	7.37e-25	1.19e-17	2.46e-11	4.40e-06	1.00e+00	0.00e+00	0.00e+00	0.00e+00	0.00e+00	0.00e+00
 1.06705e+12	0.00e+00	7.52e-33	9.66e-25	1.48e-17	2.86e-11	4.78e-06	1.00e+00	0.00e+00	0.00e+00	0.00e+00	0.00e+00	0.00e+00
 1.13292e+12	1.57e-41	1.04e-32	1.27e-24	1.84e-17	3.34e-11	5.20e-06	1.00e+00	0.00e+00	0.00e+00	0.00e+00	0.00e+00	0.00e+00
 1.18940e+12	0.00e+00	1.36e-32	1.58e-24	2.20e-17	3.79e-11	5.57e-06	1.00e+00	0.00e+00	0.00e+00	0.00e+00	0.00e+00	0.00e+00
 1.24967e+12	3.00e-41	1.80e-32	2.00e-24	2.64e-17	4.31e-11	5.97e-06	1.00e+00	0.00e+00	0.00e+00	0.00e+00	0.00e+00	0.00e+00
 1.32437e+12	0.00e+00	2.51e-32	2.64e-24	3.29e-17	5.04e-11	6.51e-06	1.00e+00	0.00e+00	0.00e+00	0.00e+00	0.00e+00	0.00e+00
 1.40088e+12	6.50e-41	3.48e-32	3.48e-24	4.09e-17	5.88e-11	7.08e-06	1.00e+00	0.00e+00	0.00e+00	0.00e+00	0.00e+00	0.00e+00
 1.46978e+12	0.00e+00	4.64e-32	4.41e-24	4.95e-17	6.72e-11	7.60e-06	1.00e+00	0.00e+00	0.00e+00	0.00e+00	0.00e+00	0.00e+00
 1.54572e+12	1.31e-40	6.32e-32	5.71e-24	6.05e-17	7.74e-11	8.20e-06	1.00e+00	0.00e+00	0.00e+00	0.00e+00	0.00e+00	0.00e+00
 1.62887e+12	0.00e+00	8.70e-32	7.46e-24	7.49e-17	8.99e-11	8.90e-06	1.00e+00	0.00e+00	0.00e+00	0.00e+00	0.00e+00	0.00e+00
 1.70448e+12	2.66e-40	1.16e-31	9.45e-24	9.03e-17	1.03e-10	9.56e-06	1.00e+00	0.00e+00	0.00e+00	0.00e+00	0.00e+00	0.00e+00
 1.78586e+12	0.00e+00	1.56e-31	1.21e-23	1.10e-16	1.17e-10	1.03e-05	1.00e+00	0.00e+00	0.00e+00	0.00e+00	0.00e+00	0.00e+00
 1.87733e+12	5.55e-40	2.16e-31	1.59e-23	1.36e-16	1.36e-10	1.11e-05	1.00e+00	0.00e+00	0.00e+00	0.00e+00	0.00e+00	0.00e+00
 1.96421e+12	0.00e+00	2.89e-31	2.03e-23	1.65e-16	1.56e-10	1.20e-05	1.00e+00	0.00e+00	0.00e+00	0.00e+00	0.00e+00	0.00e+00
 2.05948e+12	1.14e-39	3.97e-31	2.63e-23	2.03e-16	1.80e-10	1.29e-05	1.00e+00	0.00e+00	0.00e+00	0.00e+00	0.00e+00	0.00e+00
 2.16471e+12	0.00e+00	5.55e-31	3.48e-23	2.52e-16	2.10e-10	1.41e-05	1.00e+00	0.00e+00	0.00e+00	0.00e+00	0.00e+00	0.00e+00
 2.26228e+12	2.40e-39	7.50e-31	4.47e-23	3.07e-16	2.40e-10	1.51e-05	1.00e+00	0.00e+00	0.00e+00	0.00e+00	0.00e+00	0.00e+00
 2.36851e+12	0.00e+00	1.03e-30	5.83e-23	3.78e-16	2.77e-10	1.63e-05	1.00e+00	0.00e+00	0.00e+00	0.00e+00	0.00e+00	0.00e+00
 2.48766e+12	5.24e-39	1.45e-30	7.74e-23	4.73e-16	3.23e-10	1.77e-05	1.00e+00	0.00e+00	0.00e+00	0.00e+00	0.00e+00	0.00e+00
 2.60069e+12	0.00e+00	2.00e-30	1.01e-22	5.80e-16	3.72e-10	1.91e-05	1.00e+00	0.00e+00	0.00e+00	0.00e+00	0.00e+00	0.00e+00
 2.72267e+12	1.12e-38	2.78e-30	1.32e-22	7.18e-16	4.31e-10	2.07e-05	1.00e+00	0.00e+00	0.00e+00	0.00e+00	0.00e+00	0.00e+00
 2.85836e+12	0.00e+00	3.95e-30	1.77e-22	9.02e-16	5.04e-10	2.25e-05	1.00e+00	0.00e+00	0.00e+00	0.00e+00	0.00e+00	0.00e+00
 2.98926e+12	2.51e-38	5.50e-30	2.33e-22	1.12e-15	5.83e-10	2.43e-05	1.00e+00	0.00e+00	0.00e+00	0.00e+00	0.00e+00	0.00e+00
 3.12855e+12	0.00e+00	7.73e-30	3.08e-22	1.39e-15	6.77e-10	2.63e-05	1.00e+00	0.00e+00	0.00e+00	0.00e+00	0.00e+00	0.00e+00
 3.28361e+12	5.76e-38	1.11e-29	4.16e-22	1.75e-15	7.95e-10	2.87e-05	1.00e+00	0.00e+00	0.00e+00	0.00e+00	0.00e+00	0.00e+00
 3.43935e+12	0.00e+00	1.58e-29	5.56e-22	2.20e-15	9.27e-10	3.11e-05	1.00e+00	0.00e+00	0.00e+00	0.00e+00	0.00e+00	0.00e+00
 3.60132e+12	1.33e-37	2.26e-29	7.45e-22	2.76e-15	1.08e-09	3.37e-05	1.00e+00	0.00e+00	0.00e+00	0.00e+00	0.00e+00	0.00e+00
 3.77530e+12	0.00e+00	3.26e-29	1.01e-21	3.48e-15	1.27e-09	3.67e-05	1.00e+00	0.00e+00	0.00e+00	0.00e+00	0.00e+00	0.00e+00
 3.95624e+12	3.18e-37	4.71e-29	1.36e-21	4.40e-15	1.49e-09	3.99e-05	1.00e+00	0.00e+00	0.00e+00	0.00e+00	0.00e+00	0.00e+00
 4.13432e+12	0.00e+00	6.69e-29	1.82e-21	5.49e-15	1.73e-09	4.32e-05	1.00e+00	0.00e+00	0.00e+00	0.00e+00	0.00e+00	0.00e+00
 4.29998e+12	6.97e-37	9.16e-29	2.35e-21	6.70e-15	1.98e-09	4.64e-05	1.00e+00	0.00e+00	0.00e+00	0.00e+00	0.00e+00	0.00e+00
 4.44950e+12	0.00e+00	1.21e-28	2.95e-21	7.98e-15	2.23e-09	4.93e-05	1.00e+00	0.00e+00	0.00e+00	0.00e+00	0.00e+00	0.00e+00
 4.60982e+12	1.36e-36	1.61e-28	3.73e-21	9.57e-15	2.52e-09	5.26e-05	1.00e+00	0.00e+00	0.00e+00	0.00e+00	0.00e+00	0.00e+00
 4.80941e+12	0.00e+00	2.28e-28	4.96e-21	1.19e-14	2.92e-09	5.68e-05	1.00e+00	0.00e+00	0.00e+00	0.00e+00	0.00e+00	0.00e+00
 5.00953e+12	3.07e-36	3.20e-28	6.52e-21	1.47e-14	3.37e-09	6.12e-05	1.00e+00	0.00e+00	0.00e+00	0.00e+00	0.00e+00	0.00e+00
 5.18162e+12	0.00e+00	4.24e-28	8.21e-21	1.75e-14	3.79e-09	6.50e-05	1.00e+00	0.00e+00	0.00e+00	0.00e+00	0.00e+00	0.00e+00
 5.36777e+12	6.12e-36	5.72e-28	1.05e-20	2.11e-14	4.29e-09	6.94e-05	1.00e+00	0.00e+00	0.00e+00	0.00e+00	0.00e+00	0.00e+00
 5.59740e+12	0.00e+00	8.15e-28	1.39e-20	2.63e-14	4.98e-09	7.49e-05	1.00e+00	0.00e+00	0.00e+00	0.00e+00	0.00e+00	0.00e+00
 5.82692e+12	1.40e-35	1.15e-27	1.84e-20	3.25e-14	5.75e-09	8.07e-05	1.00e+00	0.00e+00	0.00e+00	0.00e+00	0.00e+00	0.00e+00
 6.02509e+12	0.00e+00	1.53e-27	2.33e-20	3.88e-14	6.48e-09	8.57e-05	1.00e+00	0.00e+00	0.00e+00	0.00e+00	0.00e+00	0.00e+00
 6.23917e+12	2.83e-35	2.07e-27	2.97e-20	4.68e-14	7.34e-09	9.14e-05	1.00e+00	0.00e+00	0.00e+00	0.00e+00	0.00e+00	0.00e+00
 6.50233e+12	4.34e-35	2.96e-27	3.97e-20	5.83e-14	8.51e-09	9.87e-05	1.00e+00	0.00e+00	0.00e+00	0.00e+00	0.00e+00	0.00e+00
 6.76799e+12	6.58e-35	4.21e-27	5.27e-20	7.23e-14	9.84e-09	1.06e-04	1.00e+00	0.00e+00	0.00e+00	0.00e+00	0.00e+00	0.00e+00
 7.00338e+12	9.46e-35	5.69e-27	6.73e-20	8.70e-14	1.11e-08	1.13e-04	1.00e+00	0.00e+00	0.00e+00	0.00e+00	0.00e+00	0.00e+00
 7.26073e+12	1.38e-34	7.84e-27	8.71e-20	1.06e-13	1.27e-08	1.21e-04	1.00e+00	0.00e+00	0.00e+00	0.00e+00	0.00e+00	0.00e+00
 7.56927e+12	2.15e-34	1.13e-26	1.17e-19	1.33e-13	1.48e-08	1.31e-04	1.00e+00	0.00e+00	0.00e+00	0.00e+00	0.00e+00	0.00e+00
 7.87680e+12	3.29e-34	1.62e-26	1.56e-19	1.65e-13	1.71e-08	1.41e-04	1.00e+00	0.00e+00	0.00e+00	0.00e+00	0.00e+00	0.00e+00
 8.15702e+12	4.81e-34	2.22e-26	2.02e-19	2.00e-13	1.94e-08	1.50e-04	1.00e+00	0.00e+00	0.00e+00	0.00e+00	0.00e+00	0.00e+00
 8.46933e+12	7.21e-34	3.12e-26	2.65e-19	2.45e-13	2.23e-08	1.61e-04	1.00e+00	0.00e+00	0.00e+00	0.00e+00	0.00e+00	0.00e+00
 8.83374e+12	1.14e-33	4.57e-26	3.60e-19	3.10e-13	2.61e-08	1.74e-04	1.00e+00	0.00e+00	0.00e+00	0.00e+00	0.00e+00	0.00e+00
 9.19288e+12	1.76e-33	6.57e-26	4.83e-19	3.86e-13	3.02e-08	1.88e-04	1.00e+00	0.00e+00	0.00e+00	0.00e+00	0.00e+00	0.00e+00
 9.53296e+12	2.62e-33	9.17e-26	6.31e-19	4.72e-13	3.45e-08	2.01e-04	1.00e+00	0.00e+00	0.00e+00	0.00e+00	0.00e+00	0.00e+00
 9.91078e+12	4.02e-33	1.31e-25	8.40e-19	5.86e-13	3.99e-08	2.16e-04	1.00e+00	0.00e+00	0.00e+00	0.00e+00	0.00e+00	0.00e+00
 1.03371e+13	6.38e-33	1.93e-25	1.15e-18	7.42e-13	4.67e-08	2.34e-04	1.00e+00	0.00e+00	0.00e+00	0.00e+00	0.00e+00	0.00e+00
 1.07657e+13	1.00e-32	2.81e-25	1.55e-18	9.31e-13	5.44e-08	2.52e-04	1.00e+00	0.00e+00	0.00e+00	0.00e+00	0.00e+00	0.00e+00
 1.12114e+13	1.57e-32	4.10e-25	2.10e-18	1.17e-12	6.33e-08	2.73e-04	1.00e+00	0.00e+00	0.00e+00	0.00e+00	0.00e+00	0.00e+00
 1.16898e+13	2.50e-32	6.03e-25	2.87e-18	1.48e-12	7.41e-08	2.95e-04	1.00e+00	0.00e+00	0.00e+00	0.00e+00	0.00e+00	0.00e+00
 1.21531e+13	3.85e-32	8.66e-25	3.83e-18	1.84e-12	8.57e-08	3.18e-04	1.00e+00	0.00e+00	0.00e+00	0.00e+00	0.00e+00	0.00e+00
 1.25891e+13	5.71e-32	1.20e-24	4.99e-18	2.25e-12	9.79e-08	3.40e-04	1.00e+00	0.00e+00	0.00e+00	0.00e+00	0.00e+00	0.00e+00
 1.30767e+13	8.72e-32	1.72e-24	6.64e-18	2.78e-12	1.13e-07	3.65e-04	1.00e+00	0.00e+00	0.00e+00	0.00e+00	0.00e+00	0.00e+00
 1.35681e+13	1.31e-31	2.42e-24	8.75e-18	3.43e-12	1.30e-07	3.92e-04	1.00e+00	0.00e+00	0.00e+00	0.00e+00	0.00e+00	0.00e+00
 1.39764e+13	1.83e-31	3.19e-24	1.09e-17	4.06e-12	1.46e-07	4.15e-04	1.00e+00	0.00e+00	0.00e+00	0.00e+00	0.00e+00	0.00e+00
 1.44089e+13	2.58e-31	4.25e-24	1.38e-17	4.83e-12	1.63e-07	4.40e-04	1.00e+00	0.00e+00	0.00e+00	0.00e+00	0.00e+00	0.00e+00
 1.49614e+13	3.92e-31	6.03e-24	1.83e-17	5.99e-12	1.89e-07	4.74e-04	1.00e+00	0.00e+00	0.00e+00	0.00e+00	0.00e+00	0.00e+00
 1.55408e+13	6.05e-31	8.69e-24	2.46e-17	7.44e-12	2.18e-07	5.10e-04	9.99e-01	0.00e+00	0.00e+00	0.00e+00	0.00e+00	0.00e+00
 1.60539e+13	8.63e-31	1.17e-23	3.11e-17	8.95e-12	2.47e-07	5.43e-04	9.99e-01	0.00e+00	0.00e+00	0.00e+00	0.00e+00	0.00e+00
 1.66099e+13	1.26e-30	1.61e-23	4.03e-17	1.09e-11	2.81e-07	5.80e-04	9.99e-01	0.00e+00	0.00e+00	0.00e+00	0.00e+00	0.00e+00
 1.72777e+13	1.96e-30	2.32e-23	5.42e-17	1.36e-11	3.27e-07	6.27e-04	9.99e-01	0.00e+00	0.00e+00	0.00e+00	0.00e+00	0.00e+00
 1.79537e+13	3.00e-30	3.32e-23	7.25e-17	1.70e-11	3.80e-07	6.76e-04	9.99e-01	0.00e+00	0.00e+00	0.00e+00	0.00e+00	0.00e+00
 1.85876e+13	4.42e-30	4.60e-23	9.42e-17	2.07e-11	4.34e-07	7.24e-04	9.99e-01	0.00e+00	0.00e+00	0.00e+00	0.00e+00	0.00e+00
 1.91992e+13	6.34e-30	6.23e-23	1.20e-16	2.50e-11	4.91e-07	7.72e-04	9.99e-01	0.00e+00	0.00e+00	0.00e+00	0.00e+00	0.00e+00
 1.98897e+13	9.39e-30	8.66e-23	1.57e-16	3.06e-11	5.63e-07	8.28e-04	9.99e-01	0.00e+00	0.00e+00	0.00e+00	0.00e+00	0.00e+00
 2.06515e+13	1.43e-29	1.23e-22	2.09e-16	3.80e-11	6.51e-07	8.92e-04	9.99e-01	0.00e+00	0.00e+00	0.00e+00	0.00e+00	0.00e+00
 2.13545e+13	2.07e-29	1.68e-22	2.70e-16	4.61e-11	7.42e-07	9.53e-04	9.99e-01	0.00e+00	0.00e+00	0.00e+00	0.00e+00	0.00e+00
 2.21168e+13	3.06e-29	2.34e-22	3.52e-16	5.65e-11	8.50e-07	1.02e-03	9.99e-01	0.00e+00	0.00e+00	0.00e+00	0.00e+00	0.00e+00
 2.29678e+13	4.65e-29	3.32e-22	4.68e-16	7.03e-11	9.84e-07	1.10e-03	9.99e-01	0.00e+00	0.00e+00	0.00e+00	0.00e+00	0.00e+00
 2.37674e+13	6.81e-29	4.58e-22	6.08e-16	8.57e-11	1.12e-06	1.18e-03	9.99e-01	0.00e+00	0.00e+00	0.00e+00	0.00e+00	0.00e+00
 2.46404e+13	1.02e-28	6.42e-22	7.99e-16	1.06e-10	1.29e-06	1.27e-03	9.99e-01	0.00e+00	0.00e+00	0.00e+00	0.00e+00	0.00e+00
 2.56103e+13	1.56e-28	9.21e-22	1.07e-15	1.32e-10	1.50e-06	1.37e-03	9.99e-01	0.00e+00	0.00e+00	0.00e+00	0.00e+00	0.00e+00
 2.65171e+13	2.30e-28	1.28e-21	1.40e-15	1.62e-10	1.72e-06	1.47e-03	9.99e-01	0.00e+00	0.00e+00	0.00e+00	0.00e+00	0.00e+00
 2.75013e+13	3.45e-28	1.80e-21	1.84e-15	2.00e-10	1.98e-06	1.58e-03	9.98e-01	0.00e+00	0.00e+00	0.00e+00	0.00e+00	0.00e+00
 2.86003e+13	5.33e-28	2.59e-21	2.49e-15	2.51e-10	2.31e-06	1.71e-03	9.98e-01	0.00e+00	0.00e+00	0.00e+00	0.00e+00	0.00e+00
 2.96461e+13	7.97e-28	3.64e-21	3.27e-15	3.09e-10	2.66e-06	1.84e-03	9.98e-01	0.00e+00	0.00e+00	0.00e+00	0.00e+00	0.00e+00
 3.07646e+13	1.21e-27	5.15e-21	4.34e-15	3.84e-10	3.07e-06	1.98e-03	9.98e-01	0.00e+00	0.00e+00	0.00e+00	0.00e+00	0.00e+00
 3.20251e+13	1.89e-27	7.51e-21	5.90e-15	4.85e-10	3.59e-06	2.15e-03	9.98e-01	0.00e+00	0.00e+00	0.00e+00	0.00e+00	0.00e+00
 3.32685e+13	2.89e-27	1.08e-20	7.90e-15	6.06e-10	4.17e-06	2.32e-03	9.98e-01	0.00e+00	0.00e+00	0.00e+00	0.00e+00	0.00e+00
 3.45617e+13	4.44e-27	1.54e-20	1.06e-14	7.57e-10	4.84e-06	2.51e-03	9.97e-01	0.00e+00	0.00e+00	0.00e+00	0.00e+00	0.00e+00
 3.58872e+13	6.78e-27	2.21e-20	1.41e-14	9.43e-10	5.61e-06	2.71e-03	9.97e-01	0.00e+00	0.00e+00	0.00e+00	0.00e+00	0.00e+00
 3.71161e+13	9.92e-27	3.04e-20	1.83e-14	1.15e-09	6.40e-06	2.90e-03	9.97e-01	0.00e+00	0.00e+00	0.00e+00	0.00e+00	0.00e+00
 3.84811e+13	1.49e-26	4.28e-20	2.42e-14	1.42e-09	7.38e-06	3.12e-03	9.97e-01	0.00e+00	0.00e+00	0.00e+00	0.00e+00	0.00e+00
 3.99797e+13	2.30e-26	6.15e-20	3.25e-14	1.77e-09	8.57e-06	3.36e-03	9.97e-01	0.00e+00	0.00e+00	0.00e+00	0.00e+00	0.00e+00
 4.13668e+13	3.39e-26	8.52e-20	4.23e-14	2.17e-09	9.79e-06	3.60e-03	9.96e-01	0.00e+00	0.00e+00	0.00e+00	0.00e+00	0.00e+00
 4.25851e+13	4.70e-26	1.12e-19	5.29e-14	2.57e-09	1.10e-05	3.82e-03	9.96e-01	0.00e+00	0.00e+00	0.00e+00	0.00e+00	0.00e+00
 4.38750e+13	6.61e-26	1.50e-19	6.66e-14	3.06e-09	1.23e-05	4.05e-03	9.96e-01	0.00e+00	0.00e+00	0.00e+00	0.00e+00	0.00e+00
 4.55110e+13	1.00e-25	2.12e-19	8.84e-14	3.79e-09	1.42e-05	4.36e-03	9.96e-01	0.00e+00	0.00e+00	0.00e+00	0.00e+00	0.00e+00
 4.71687e+13	1.51e-25	2.99e-19	1.17e-13	4.68e-09	1.64e-05	4.69e-03	9.95e-01	0.00e+00	0.00e+00	0.00e+00	0.00e+00	0.00e+00
 4.85707e+13	2.11e-25	3.96e-19	1.47e-13	5.56e-09	1.84e-05	4.97e-03	9.95e-01	0.00e+00	0.00e+00	0.00e+00	0.00e+00	0.00e+00
 5.00686e+13	2.99e-25	5.31e-19	1.86e-13	6.65e-09	2.07e-05	5.28e-03	9.95e-01	0.00e+00	0.00e+00	0.00e+00	0.00e+00	0.00e+00
 5.19485e+13	4.55e-25	7.56e-19	2.47e-13	8.26e-09	2.39e-05	5.69e-03	9.94e-01	0.00e+00	0.00e+00	0.00e+00	0.00e+00	0.00e+00
 5.38886e+13	6.94e-25	1.08e-18	3.29e-13	1.02e-08	2.77e-05	6.12e-03	9.94e-01	0.00e+00	0.00e+00	0.00e+00	0.00e+00	0.00e+00
 5.55986e+13	9.95e-25	1.46e-18	4.19e-13	1.23e-08	3.13e-05	6.51e-03	9.93e-01	0.00e+00	0.00e+00	0.00e+00	0.00e+00	0.00e+00
 5.74460e+13	1.45e-24	1.99e-18	5.40e-13	1.49e-08	3.56e-05	6.95e-03	9.93e-01	0.00e+00	0.00e+00	0.00e+00	0.00e+00	0.00e+00
 5.96749e+13	2.24e-24	2.88e-18	7.27e-13	1.87e-08	4.13e-05	7.50e-03	9.92e-01	0.00e+00	0.00e+00	0.00e+00	0.00e+00	0.00e+00
 6.18850e+13	3.40e-24	4.09e-18	9.64e-13	2.31e-08	4.76e-05	8.07e-03	9.92e-01	0.00e+00	0.00e+00	0.00e+00	0.00e+00	0.00e+00
 6.38498e+13	4.88e-24	5.53e-18	1.23e-12	2.78e-08	5.39e-05	8.58e-03	9.91e-01	0.00e+00	0.00e+00	0.00e+00	0.00e+00	0.00e+00
 6.60107e+13	7.14e-24	7.61e-18	1.59e-12	3.38e-08	6.14e-05	9.18e-03	9.91e-01	0.00e+00	0.00e+00	0.00e+00	0.00e+00	0.00e+00
 6.85917e+13	1.11e-23	1.10e-17	2.15e-12	4.24e-08	7.14e-05	9.91e-03	9.90e-01	0.00e+00	0.00e+00	0.00e+00	0.00e+00	0.00e+00
 7.11554e+13	1.68e-23	1.57e-17	2.86e-12	5.27e-08	8.25e-05	1.07e-02	9.89e-01	0.00e+00	0.00e+00	0.00e+00	0.00e+00	0.00e+00
 7.34908e+13	2.44e-23	2.13e-17	3.67e-12	6.37e-08	9.37e-05	1.14e-02	9.89e-01	0.00e+00	0.00e+00	0.00e+00	0.00e+00	0.00e+00
 7.60928e+13	3.62e-23	2.98e-17	4.81e-12	7.82e-08	1.07e-04	1.22e-02	9.88e-01	0.00e+00	0.00e+00	0.00e+00	0.00e+00	0.00e+00
 7.91298e+13	5.62e-23	4.32e-17	6.51e-12	9.85e-08	1.25e-04	1.32e-02	9.87e-01	0.00e+00	0.00e+00	0.00e+00	0.00e+00	0.00e+00
 8.21167e+13	8.56e-23	6.15e-17	8.67e-12	1.22e-07	1.45e-04	1.42e-02	9.86e-01	0.00e+00	0.00e+00	0.00e+00	0.00e+00	0.00e+00
 8.49275e+13	1.25e-22	8.47e-17	1.12e-11	1.49e-07	1.65e-04	1.52e-02	9.85e-01	0.00e+00	0.00e+00	0.00e+00	0.00e+00	0.00e+00
 8.80589e+13	1.87e-22	1.19e-16	1.49e-11	1.85e-07	1.91e-04	1.64e-02	9.83e-01	0.00e+00	0.00e+00	0.00e+00	0.00e+00	0.00e+00
 9.16112e+13	2.90e-22	1.73e-16	2.01e-11	2.33e-07	2.23e-04	1.78e-02	9.82e-01	0.00e+00	0.00e+00	0.00e+00	0.00e+00	0.00e+00
 9.51610e+13	4.42e-22	2.47e-16	2.70e-11	2.92e-07	2.59e-04	1.92e-02	9.81e-01	0.00e+00	0.00e+00	0.00e+00	0.00e+00	0.00e+00
 9.85913e+13	6.52e-22	3.44e-16	3.54e-11	3.59e-07	2.97e-04	2.07e-02	9.79e-01	0.00e+00	0.00e+00	0.00e+00	0.00e+00	0.00e+00
 1.01567e+14	9.05e-22	4.54e-16	4.44e-11	4.28e-07	3.34e-04	2.20e-02	9.78e-01	0.00e+00	0.00e+00	0.00e+00	0.00e+00	0.00e+00
 1.04051e+14	1.18e-21	5.68e-16	5.34e-11	4.93e-07	3.67e-04	2.31e-02	9.77e-01	0.00e+00	0.00e+00	0.00e+00	0.00e+00	0.00e+00
 1.06812e+14	1.56e-21	7.22e-16	6.51e-11	5.75e-07	4.07e-04	2.44e-02	9.75e-01	0.00e+00	0.00e+00	0.00e+00	0.00e+00	0.00e+00
 1.10401e+14	2.22e-21	9.79e-16	8.37e-11	6.98e-07	4.64e-04	2.61e-02	9.73e-01	0.00e+00	0.00e+00	0.00e+00	0.00e+00	0.00e+00
 1.14187e+14	3.18e-21	1.33e-15	1.08e-10	8.51e-07	5.29e-04	2.81e-02	9.71e-01	0.00e+00	0.00e+00	0.00e+00	0.00e+00	0.00e+00
 1.17455e+14	4.29e-21	1.72e-15	1.34e-10	1.00e-06	5.91e-04	2.98e-02	9.70e-01	0.00e+00	0.00e+00	0.00e+00	0.00e+00	0.00e+00
 1.20934e+14	5.82e-21	2.24e-15	1.67e-10	1.19e-06	6.62e-04	3.16e-02	9.68e-01	0.00e+00	0.00e+00	0.00e+00	0.00e+00	0.00e+00
 1.25373e+14	8.48e-21	3.11e-15	2.19e-10	1.47e-06	7.62e-04	3.41e-02	9.65e-01	0.00e+00	0.00e+00	0.00e+00	0.00e+00	0.00e+00
 1.29937e+14	1.23e-20	4.28e-15	2.86e-10	1.81e-06	8.76e-04	3.68e-02	9.62e-01	0.00e+00	0.00e+00	0.00e+00	0.00e+00	0.00e+00
 1.33851e+14	1.67e-20	5.59e-15	3.57e-10	2.16e-06	9.83e-04	3.92e-02	9.60e-01	0.00e+00	0.00e+00	0.00e+00	0.00e+00	0.00e+00
 1.38042e+14	2.28e-20	7.34e-15	4.49e-10	2.58e-06	1.11e-03	4.18e-02	9.57e-01	0.00e+00	0.00e+00	0.00e+00	0.00e+00	0.00e+00
 1.43235e+14	3.32e-20	1.02e-14	5.92e-10	3.20e-06	1.28e-03	4.52e-02	9.54e-01	0.00e+00	0.00e+00	0.00e+00	0.00e+00	0.00e+00
 1.48553e+14	4.80e-20	1.41e-14	7.77e-10	3.96e-06	1.47e-03	4.88e-02	9.50e-01	0.00e+00	0.00e+00	0.00e+00	0.00e+00	0.00e+00
 1.53291e+14	6.58e-20	1.86e-14	9.82e-10	4.76e-06	1.66e-03	5.22e-02	9.46e-01	0.00e+00	0.00e+00	0.00e+00	0.00e+00	0.00e+00
 1.58450e+14	9.12e-20	2.48e-14	1.26e-09	5.77e-06	1.89e-03	5.60e-02	9.42e-01	0.00e+00	0.00e+00	0.00e+00	0.00e+00	0.00e+00
 1.64609e+14	1.34e-19	3.47e-14	1.67e-09	7.20e-06	2.18e-03	6.07e-02	9.37e-01	0.00e+00	0.00e+00	0.00e+00	0.00e+00	0.00e+00
 1.70683e+14	1.91e-19	4.77e-14	2.18e-09	8.89e-06	2.51e-03	6.56e-02	9.32e-01	0.00e+00	0.00e+00	0.00e+00	0.00e+00	0.00e+00
 1.76151e+14	2.61e-19	6.29e-14	2.76e-09	1.07e-05	2.83e-03	7.01e-02	9.27e-01	0.00e+00	0.00e+00	0.00e+00	0.00e+00	0.00e+00
 1.82216e+14	3.65e-19	8.47e-14	3.55e-09	1.30e-05	3.21e-03	7.52e-02	9.22e-01	0.00e+00	0.00e+00	0.00e+00	0.00e+00	0.00e+00
 1.89372e+14	5.33e-19	1.19e-13	4.73e-09	1.62e-05	3.72e-03	8.15e-02	9.15e-01	0.00e+00	0.00e+00	0.00e+00	0.00e+00	0.00e+00
 1.96440e+14	7.65e-19	1.64e-13	6.21e-09	2.01e-05	4.27e-03	8.79e-02	9.08e-01	0.00e+00	0.00e+00	0.00e+00	0.00e+00	0.00e+00
 2.02980e+14	1.06e-18	2.19e-13	7.92e-09	2.42e-05	4.82e-03	9.41e-02	9.01e-01	0.00e+00	0.00e+00	0.00e+00	0.00e+00	0.00e+00
 2.10319e+14	1.50e-18	3.00e-13	1.03e-08	2.97e-05	5.51e-03	1.01e-01	8.93e-01	0.00e+00	0.00e+00	0.00e+00	0.00e+00	0.00e+00
 2.18761e+14	2.21e-18	4.25e-13	1.39e-08	3.73e-05	6.37e-03	1.10e-01	8.84e-01	0.00e+00	0.00e+00	0.00e+00	0.00e+00	0.00e+00
 2.27036e+14	3.20e-18	5.91e-13	1.83e-08	4.61e-05	7.31e-03	1.18e-01	8.75e-01	0.00e+00	0.00e+00	0.00e+00	0.00e+00	0.00e+00
 2.35641e+14	4.64e-18	8.24e-13	2.42e-08	5.71e-05	8.38e-03	1.27e-01	8.65e-01	0.00e+00	0.00e+00	0.00e+00	0.00e+00	0.00e+00
 2.45097e+14	6.89e-18	1.17e-12	3.24e-08	7.14e-05	9.67e-03	1.37e-01	8.53e-01	0.00e+00	0.00e+00	0.00e+00	0.00e+00	0.00e+00
 2.53102e+14	9.52e-18	1.56e-12	4.13e-08	8.58e-05	1.09e-02	1.46e-01	8.43e-01	0.00e+00	0.00e+00	0.00e+00	0.00e+00	0.00e+00
 2.58965e+14	1.20e-17	1.92e-12	4.90e-08	9.77e-05	1.18e-02	1.53e-01	8.36e-01	0.00e+00	0.00e+00	0.00e+00	0.00e+00	0.00e+00
 2.65122e+14	1.52e-17	2.38e-12	5.84e-08	1.12e-04	1.28e-02	1.59e-01	8.28e-01	0.00e+00	0.00e+00	0.00e+00	0.00e+00	0.00e+00
 2.73127e+14	2.06e-17	3.11e-12	7.30e-08	1.32e-04	1.43e-02	1.69e-01	8.17e-01	0.00e+00	0.00e+00	0.00e+00	0.00e+00	0.00e+00
 2.81955e+14	2.90e-17	4.15e-12	9.27e-08	1.58e-04	1.60e-02	1.79e-01	8.05e-01	0.00e+00	0.00e+00	1.67e-17	8.73e-18	2.93e-18
 2.90120e+14	3.89e-17	5.39e-12	1.15e-07	1.85e-04	1.77e-02	1.88e-01	7.94e-01	0.00e+00	0.00e+00	2.24e-17	1.18e-17	3.93e-18
 2.99003e+14	5.32e-17	7.09e-12	1.44e-07	2.19e-04	1.97e-02	1.98e-01	7.82e-01	0.00e+00	0.00e+00	3.06e-17	1.61e-17	5.35e-18
 3.08992e+14	7.48e-17	9.58e-12	1.84e-07	2.63e-04	2.20e-02	2.10e-01	7.68e-01	0.00e+00	0.00e+00	4.30e-17	2.26e-17	7.49e-18
 3.18508e+14	1.03e-16	1.27e-11	2.31e-07	3.12e-04	2.45e-02	2.21e-01	7.54e-01	0.00e+00	0.00e+00	5.91e-17	3.10e-17	1.02e-17
 3.28971e+14	1.44e-16	1.70e-11	2.94e-07	3.73e-04	2.73e-02	2.34e-01	7.39e-01	0.00e+00	0.00e+00	8.29e-17	4.34e-17	1.43e-17
 3.40673e+14	2.08e-16	2.35e-11	3.82e-07	4.51e-04	3.08e-02	2.47e-01	7.22e-01	0.00e+00	0.00e+00	1.20e-16	6.28e-17	2.06e-17
 3.51790e+14	2.92e-16	3.15e-11	4.85e-07	5.38e-04	3.43e-02	2.60e-01	7.05e-01	0.00e+00	0.00e+00	1.69e-16	8.81e-17	2.89e-17
 3.64049e+14	4.20e-16	4.32e-11	6.25e-07	6.47e-04	3.84e-02	2.74e-01	6.87e-01	0.00e+00	0.00e+00	2.43e-16	1.27e-16	4.14e-17
 3.77781e+14	6.25e-16	6.08e-11	8.22e-07	7.89e-04	4.33e-02	2.89e-01	6.67e-01	0.00e+00	0.00e+00	3.62e-16	1.88e-16	6.14e-17
 3.90732e+14	8.97e-16	8.28e-11	1.05e-06	9.45e-04	4.83e-02	3.04e-01	6.47e-01	0.00e+00	0.00e+00	5.19e-16	2.70e-16	8.81e-17
 4.04833e+14	1.31e-15	1.15e-10	1.37e-06	1.14e-03	5.41e-02	3.19e-01	6.26e-01	0.00e+00	0.00e+00	7.61e-16	3.96e-16	1.29e-16
 4.20512e+14	1.98e-15	1.63e-10	1.80e-06	1.39e-03	6.09e-02	3.35e-01	6.03e-01	0.00e+00	0.00e+00	1.15e-15	5.98e-16	1.94e-16
 4.35231e+14	2.89e-15	2.23e-10	2.31e-06	1.66e-03	6.77e-02	3.49e-01	5.82e-01	0.00e+00	0.00e+00	1.67e-15	8.70e-16	2.81e-16
 4.51082e+14	4.25e-15	3.08e-10	2.99e-06	1.99e-03	7.53e-02	3.64e-01	5.59e-01	0.00e+00	0.00e+00	2.47e-15	1.28e-15	4.14e-16
 4.68792e+14	6.49e-15	4.38e-10	3.94e-06	2.42e-03	8.45e-02	3.80e-01	5.34e-01	0.00e+00	0.00e+00	3.76e-15	1.96e-15	6.31e-16
 4.85832e+14	9.60e-15	6.05e-10	5.08e-06	2.89e-03	9.36e-02	3.94e-01	5.10e-01	0.00e+00	0.00e+00	5.57e-15	2.89e-15	9.31e-16
 5.03916e+14	1.43e-14	8.42e-10	6.57e-06	3.47e-03	1.04e-01	4.07e-01	4.85e-01	0.00e+00	0.00e+00	8.32e-15	4.32e-15	1.39e-15
 5.24103e+14	2.21e-14	1.20e-09	8.65e-06	4.19e-03	1.16e-01	4.21e-01	4.59e-01	0.00e+00	0.00e+00	1.28e-14	6.66e-15	2.14e-15
 5.41090e+14	3.14e-14	1.60e-09	1.08e-05	4.89e-03	1.26e-01	4.32e-01	4.37e-01	0.00e+00	0.00e+00	1.82e-14	9.48e-15	3.04e-15
 5.53320e+14	4.02e-14	1.95e-09	1.26e-05	5.43e-03	1.34e-01	4.39e-01	4.22e-01	0.00e+00	0.00e+00	2.33e-14	1.21e-14	3.88e-15
 5.66048e+14	5.16e-14	2.38e-09	1.47e-05	6.05e-03	1.42e-01	4.46e-01	4.06e-01	0.00e+00	0.00e+00	3.00e-14	1.56e-14	4.99e-15
 5.82594e+14	7.09e-14	3.07e-09	1.79e-05	6.91e-03	1.52e-01	4.54e-01	3.87e-01	0.00e+00	0.00e+00	4.12e-14	2.14e-14	6.85e-15
 6.01055e+14	1.00e-13	4.04e-09	2.21e-05	7.97e-03	1.65e-01	4.61e-01	3.66e-01	0.00e+00	0.00e+00	5.81e-14	3.02e-14	9.65e-15
 6.18356e+14	1.37e-13	5.17e-09	2.67e-05	9.05e-03	1.76e-01	4.67e-01	3.48e-01	0.00e+00	0.00e+00	7.95e-14	4.13e-14	1.32e-14
 6.37197e+14	1.90e-13	6.71e-09	3.25e-05	1.03e-02	1.89e-01	4.73e-01	3.28e-01	0.00e+00	0.00e+00	1.11e-13	5.75e-14	1.84e-14
 6.58277e+14	2.72e-13	8.89e-09	4.02e-05	1.19e-02	2.04e-01	4.77e-01	3.07e-01	0.00e+00	0.00e+00	1.58e-13	8.22e-14	2.62e-14
 6.78170e+14	3.77e-13	1.15e-08	4.88e-05	1.36e-02	2.17e-01	4.80e-01	2.88e-01	0.00e+00	0.00e+00	2.19e-13	1.14e-13	3.64e-14
 6.99931e+14	5.34e-13	1.50e-08	5.98e-05	1.55e-02	2.33e-01	4.83e-01	2.69e-01	0.00e+00	0.00e+00	3.10e-13	1.61e-13	5.14e-14
 7.24330e+14	7.76e-13	2.01e-08	7.44e-05	1.79e-02	2.50e-01	4.84e-01	2.49e-01	0.00e+00	0.00e+00	4.51e-13	2.35e-13	7.48e-14
 7.47493e+14	1.09e-12	2.61e-08	9.06e-05	2.03e-02	2.66e-01	4.83e-01	2.31e-01	0.00e+00	0.00e+00	6.36e-13	3.31e-13	1.05e-13
 7.72940e+14	1.58e-12	3.45e-08	1.12e-04	2.32e-02	2.83e-01	4.81e-01	2.13e-01	0.00e+00	0.00e+00	9.16e-13	4.76e-13	1.52e-13
 8.01306e+14	2.33e-12	4.65e-08	1.39e-04	2.67e-02	3.02e-01	4.77e-01	1.94e-01	0.00e+00	0.00e+00	1.35e-12	7.04e-13	2.24e-13
 8.27649e+14	3.30e-12	6.06e-08	1.70e-04	3.03e-02	3.19e-01	4.73e-01	1.78e-01	0.00e+00	0.00e+00	1.92e-12	9.97e-13	3.18e-13
 8.56078e+14	4.74e-12	7.98e-08	2.08e-04	3.44e-02	3.38e-01	4.66e-01	1.62e-01	0.00e+00	0.00e+00	2.76e-12	1.43e-12	4.57e-13
 8.87971e+14	7.01e-12	1.07e-07	2.58e-04	3.93e-02	3.57e-01	4.58e-01	1.45e-01	0.00e+00	0.00e+00	4.08e-12	2.12e-12	6.76e-13
 9.17922e+14	9.96e-12	1.39e-07	3.13e-04	4.42e-02	3.75e-01	4.49e-01	1.32e-01	0.00e+00	0.00e+00	5.79e-12	3.01e-12	9.60e-13
 9.50411e+14	1.44e-11	1.84e-07	3.83e-04	5.00e-02	3.94e-01	4.38e-01	1.18e-01	0.00e+00	0.00e+00	8.38e-12	4.36e-12	1.39e-12
 9.84835e+14	2.09e-11	2.43e-07	4.69e-04	5.64e-02	4.12e-01	4.26e-01	1.05e-01	0.00e+00	0.00e+00	1.21e-11	6.32e-12	2.01e-12
 1.01476e+15	2.85e-11	3.06e-07	5.55e-04	6.24e-02	4.28e-01	4.14e-01	9.52e-02	0.00e+00	0.00e+00	1.66e-11	8.62e-12	2.75e-12
 1.04041e+15	3.68e-11	3.71e-07	6.39e-04	6.77e-02	4.40e-01	4.04e-01	8.74e-02	0.00e+00	0.00e+00	2.14e-11	1.12e-11	3.56e-12
 1.06750e+15	4.80e-11	4.51e-07	7.36e-04	7.35e-02	4.52e-01	3.94e-01	7.98e-02	0.00e+00	0.00e+00	2.79e-11	1.45e-11	4.64e-12
 1.10272e+15	6.72e-11	5.79e-07	8.80e-04	8.14e-02	4.67e-01	3.79e-01	7.09e-02	0.00e+00	0.00e+00	3.91e-11	2.04e-11	6.49e-12
 1.13824e+15	9.23e-11	7.33e-07	1.04e-03	8.97e-02	4.81e-01	3.65e-01	6.31e-02	0.00e+00	0.00e+00	5.37e-11	2.80e-11	8.92e-12
 1.16691e+15	1.18e-10	8.82e-07	1.19e-03	9.67e-02	4.91e-01	3.53e-01	5.74e-02	0.00e+00	0.00e+00	6.89e-11	3.59e-11	1.15e-11
 1.19694e+15	1.54e-10	1.07e-06	1.37e-03	1.04e-01	5.02e-01	3.41e-01	5.19e-02	0.00e+00	0.00e+00	8.94e-11	4.65e-11	1.48e-11
 1.23598e+15	2.13e-10	1.36e-06	1.62e-03	1.14e-01	5.13e-01	3.25e-01	4.56e-02	0.00e+00	0.00e+00	1.24e-10	6.47e-11	2.06e-11
 1.27652e+15	2.94e-10	1.72e-06	1.91e-03	1.25e-01	5.24e-01	3.09e-01	3.99e-02	0.00e+00	0.00e+00	1.71e-10	8.93e-11	2.85e-11
 1.31103e+15	3.83e-10	2.09e-06	2.19e-03	1.34e-01	5.32e-01	2.96e-01	3.57e-02	0.00e+00	0.00e+00	2.23e-10	1.16e-10	3.71e-11
 1.34789e+15	5.06e-10	2.57e-06	2.53e-03	1.45e-01	5.39e-01	2.82e-01	3.16e-02	0.00e+00	0.00e+00	2.95e-10	1.54e-10	4.91e-11
 1.39581e+15	7.19e-10	3.32e-06	3.02e-03	1.59e-01	5.47e-01	2.64e-01	2.71e-02	0.00e+00	0.00e+00	4.18e-10	2.18e-10	6.97e-11
 1.44481e+15	1.00e-09	4.25e-06	3.59e-03	1.73e-01	5.53e-01	2.47e-01	2.31e-02	0.00e+00	0.00e+00	5.84e-10	3.05e-10	9.74e-11
 1.48468e+15	1.30e-09	5.15e-06	4.10e-03	1.85e-01	5.57e-01	2.34e-01	2.04e-02	0.00e+00	0.00e+00	7.58e-10	3.95e-10	1.26e-10
 1.52597e+15	1.70e-09	6.28e-06	4.69e-03	1.97e-01	5.59e-01	2.21e-01	1.79e-02	0.00e+00	0.00e+00	9.92e-10	5.18e-10	1.66e-10
 1.57965e+15	2.39e-09	8.04e-06	5.56e-03	2.14e-01	5.61e-01	2.04e-01	1.51e-02	0.00e+00	0.00e+00	1.39e-09	7.26e-10	2.33e-10
 1.63518e+15	3.31e-09	1.02e-05	6.55e-03	2.31e-01	5.61e-01	1.89e-01	1.27e-02	0.00e+00	0.00e+00	1.92e-09	1.00e-09	3.22e-10
 1.68191e+15	4.29e-09	1.24e-05	7.48e-03	2.46e-01	5.60e-01	1.76e-01	1.10e-02	0.00e+00	0.00e+00	2.50e-09	1.30e-09	4.18e-10
 1.73143e+15	5.67e-09	1.52e-05	8.59e-03	2.61e-01	5.57e-01	1.64e-01	9.41e-03	0.00e+00	0.00e+00	3.30e-09	1.72e-09	5.53e-10
 1.78498e+15	7.50e-09	1.87e-05	9.89e-03	2.78e-01	5.53e-01	1.51e-01	8.00e-03	0.00e+00	0.00e+00	4.37e-09	2.28e-09	7.33e-10
 1.83304e+15	9.54e-09	2.24e-05	1.12e-02	2.93e-01	5.48e-01	1.40e-01	6.92e-03	0.00e+00	0.00e+00	5.55e-09	2.90e-09	9.33e-10
 1.87560e+15	1.17e-08	2.62e-05	1.24e-02	3.06e-01	5.43e-01	1.32e-01	6.09e-03	0.00e+00	0.00e+00	6.84e-09	3.57e-09	1.15e-09
 1.92173e+15	1.47e-08	3.09e-05	1.39e-02	3.21e-01	5.37e-01	1.23e-01	5.30e-03	0.00e+00	0.00e+00	8.58e-09	4.49e-09	1.45e-09
 1.97272e+15	1.87e-08	3.69e-05	1.56e-02	3.36e-01	5.30e-01	1.13e-01	4.55e-03	0.00e+00	0.00e+00	1.09e-08	5.68e-09	1.83e-09
 2.02229e+15	2.33e-08	4.35e-05	1.75e-02	3.51e-01	5.22e-01	1.05e-01	3.93e-03	0.00e+00	0.00e+00	1.36e-08	7.09e-09	2.29e-09
 2.07049e+15	2.87e-08	5.09e-05	1.94e-02	3.66e-01	5.14e-01	9.75e-02	3.42e-03	0.00e+00	0.00e+00	1.67e-08	8.75e-09	2.82e-09
 2.12462e+15	3.64e-08	6.06e-05	2.18e-02	3.82e-01	5.04e-01	8.95e-02	2.91e-03	0.00e+00	0.00e+00	2.12e-08	1.11e-08	3.59e-09
 2.18526e+15	4.66e-08	7.30e-05	2.47e-02	3.99e-01	4.92e-01	8.14e-02	2.44e-03	0.00e+00	0.00e+00	2.71e-08	1.42e-08	4.59e-09
 2.24286e+15	5.83e-08	8.63e-05	2.77e-02	4.15e-01	4.80e-01	7.44e-02	2.07e-03	0.00e+00	0.00e+00	3.40e-08	1.78e-08	5.75e-09
 2.29573e+15	7.13e-08	1.00e-04	3.07e-02	4.30e-01	4.69e-01	6.84e-02	1.78e-03	0.00e+00	0.00e+00	4.15e-08	2.17e-08	7.04e-09
 2.35397e+15	8.96e-08	1.19e-04	3.43e-02	4.45e-01	4.57e-01	6.22e-02	1.50e-03	0.00e+00	0.00e+00	5.21e-08	2.73e-08	8.85e-09
 2.41722e+15	1.13e-07	1.41e-04	3.85e-02	4.62e-01	4.42e-01	5.62e-02	1.26e-03	0.00e+00	0.00e+00	6.56e-08	3.44e-08	1.12e-08
 2.47700e+15	1.39e-07	1.66e-04	4.28e-02	4.76e-01	4.29e-01	5.10e-02	1.06e-03	0.00e+00	0.00e+00	8.09e-08	4.24e-08	1.38e-08
 2.53539e+15	1.69e-07	1.92e-04	4.74e-02	4.90e-01	4.15e-01	4.64e-02	9.02e-04	0.00e+00	0.00e+00	9.86e-08	5.17e-08	1.68e-08
 2.60195e+15	2.15e-07	2.30e-04	5.33e-02	5.05e-01	4.00e-01	4.15e-02	7.44e-04	0.00e+00	0.00e+00	1.25e-07	6.58e-08	2.14e-08
 2.67513e+15	2.73e-07	2.75e-04	6.01e-02	5.20e-01	3.82e-01	3.68e-02	6.07e-04	0.00e+00	0.00e+00	1.59e-07	8.34e-08	2.71e-08
 2.74319e+15	3.37e-07	3.24e-04	6.70e-02	5.33e-01	3.66e-01	3.29e-02	5.02e-04	0.00e+00	0.00e+00	1.96e-07	1.03e-07	3.36e-08
 2.80595e+15	4.11e-07	3.75e-04	7.41e-02	5.44e-01	3.52e-01	2.96e-02	4.21e-04	0.00e+00	0.00e+00	2.39e-07	1.26e-07	4.09e-08
 2.87556e+15	5.18e-07	4.46e-04	8.29e-02	5.55e-01	3.35e-01	2.62e-02	3.44e-04	0.00e+00	0.00e+00	3.02e-07	1.58e-07	5.16e-08
 2.94872e+15	6.42e-07	5.26e-04	9.26e-02	5.66e-01	3.18e-01	2.31e-02	2.81e-04	0.00e+00	0.00e+00	3.74e-07	1.96e-07	6.41e-08
 3.01324e+15	7.82e-07	6.10e-04	1.02e-01	5.74e-01	3.03e-01	2.06e-02	2.33e-04	0.00e+00	0.00e+00	4.55e-07	2.39e-07	7.81e-08
 3.08390e+15	9.77e-07	7.21e-04	1.14e-01	5.81e-01	2.86e-01	1.81e-02	1.90e-04	0.00e+00	0.00e+00	5.69e-07	2.99e-07	9.77e-08
 3.15944e+15	1.23e-06	8.57e-04	1.27e-01	5.88e-01	2.68e-01	1.57e-02	1.52e-04	0.00e+00	0.00e+00	7.15e-07	3.76e-07	1.23e-07
 3.21822e+15	1.44e-06	9.68e-04	1.38e-01	5.91e-01	2.55e-01	1.41e-02	1.29e-04	0.00e+00	0.00e+00	8.39e-07	4.41e-07	1.44e-07
 3.26318e+15	1.65e-06	1.07e-03	1.48e-01	5.93e-01	2.45e-01	1.30e-02	1.12e-04	0.00e+00	0.00e+00	9.60e-07	5.05e-07	1.65e-07
 3.31329e+15	1.94e-06	1.21e-03	1.60e-01	5.94e-01	2.33e-01	1.17e-02	9.62e-05	0.00e+00	0.00e+00	1.13e-06	5.94e-07	1.95e-07
 3.36902e+15	2.30e-06	1.37e-03	1.73e-01	5.94e-01	2.21e-01	1.05e-02	8.09e-05	0.00e+00	0.00e+00	1.34e-06	7.04e-07	2.31e-07
 3.42143e+15	2.68e-06	1.54e-03	1.87e-01	5.93e-01	2.09e-01	9.41e-03	6.89e-05	0.00e+00	0.00e+00	1.56e-06	8.20e-07	2.69e-07
 3.47893e+15	3.27e-06	1.78e-03	2.04e-01	5.90e-01	1.96e-01	8.28e-03	5.67e-05	0.00e+00	0.00e+00	1.90e-06	1.00e-06	3.28e-07
 3.53723e+15	3.89e-06	2.03e-03	2.21e-01	5.86e-01	1.84e-01	7.31e-03	4.70e-05	0.00e+00	0.00e+00	2.26e-06	1.19e-06	3.91e-07
 3.58578e+15	4.49e-06	2.27e-03	2.37e-01	5.81e-01	1.73e-01	6.55e-03	4.00e-05	0.00e+00	0.00e+00	2.61e-06	1.38e-06	4.52e-07
 3.63815e+15	5.25e-06	2.55e-03	2.56e-01	5.74e-01	1.62e-01	5.79e-03	3.34e-05	0.00e+00	0.00e+00	3.05e-06	1.61e-06	5.28e-07
 3.69711e+15	6.60e-06	3.00e-03	2.80e-01	5.63e-01	1.49e-01	4.98e-03	2.67e-05	0.00e+00	0.00e+00	3.84e-06	2.02e-06	6.65e-07
 3.74709e+15	7.73e-06	3.37e-03	3.00e-01	5.53e-01	1.39e-01	4.39e-03	2.23e-05	0.00e+00	0.00e+00	4.49e-06	2.37e-06	7.79e-07
 3.79448e+15	9.11e-06	3.81e-03	3.22e-01	5.41e-01	1.29e-01	3.86e-03	1.85e-05	0.00e+00	0.00e+00	5.30e-06	2.79e-06	9.19e-07
 3.84751e+15	1.07e-05	4.28e-03	3.47e-01	5.27e-01	1.18e-01	3.33e-03	1.51e-05	0.00e+00	0.00e+00	6.20e-06	3.27e-06	1.08e-06
 3.89972e+15	1.29e-05	4.91e-03	3.75e-01	5.10e-01	1.08e-01	2.85e-03	1.21e-05	0.00e+00	0.00e+00	7.49e-06	3.95e-06	1.30e-06
 3.94811e+15	1.59e-05	5.68e-03	4.03e-01	4.91e-01	9.79e-02	2.43e-03	9.61e-06	0.00e+00	0.00e+00	9.23e-06	4.87e-06	1.60e-06
 3.98879e+15	1.84e-05	6.32e-03	4.26e-01	4.75e-01	9.01e-02	2.12e-03	7.97e-06	0.00e+00	0.00e+00	1.07e-05	5.66e-06	1.86e-06
 4.03079e+15	2.12e-05	7.00e-03	4.52e-01	4.57e-01	8.21e-02	1.83e-03	6.52e-06	0.00e+00	0.00e+00	1.23e-05	6.51e-06	2.15e-06
 4.08539e+15	2.74e-05	8.37e-03	4.90e-01	4.29e-01	7.16e-02	1.47e-03	4.81e-06	0.00e+00	0.00e+00	1.60e-05	8.42e-06	2.78e-06
 4.13646e+15	3.23e-05	9.40e-03	5.23e-01	4.04e-01	6.30e-02	1.21e-03	3.71e-06	0.00e+00	0.00e+00	1.88e-05	9.93e-06	3.28e-06
 4.17599e+15	3.99e-05	1.08e-02	5.53e-01	3.79e-01	5.60e-02	1.01e-03	2.87e-06	0.00e+00	0.00e+00	2.32e-05	1.23e-05	4.05e-06
 4.21165e+15	4.61e-05	1.20e-02	5.78e-01	3.59e-01	5.03e-02	8.55e-04	2.32e-06	0.00e+00	0.00e+00	2.68e-05	1.41e-05	4.68e-06
 4.24923e+15	5.30e-05	1.32e-02	6.05e-01	3.36e-01	4.45e-02	7.14e-04	1.83e-06	0.00e+00	0.00e+00	3.08e-05	1.63e-05	5.39e-06
 4.29809e+15	6.87e-05	1.56e-02	6.43e-01	3.03e-01	3.71e-02	5.42e-04	1.26e-06	0.00e+00	0.00e+00	4.00e-05	2.11e-05	6.99e-06
 4.33745e+15	8.15e-05	1.75e-02	6.71e-01	2.79e-01	3.20e-02	4.38e-04	9.54e-07	0.00e+00	0.00e+00	4.74e-05	2.50e-05	8.30e-06
 4.35712e+15	8.90e-05	1.85e-02	6.85e-01	2.66e-01	2.96e-02	3.90e-04	0.00e+00	0.00e+00	0.00e+00	5.18e-05	2.74e-05	9.07e-06
 4.37537e+15	9.75e-05	1.96e-02	6.99e-01	2.54e-01	2.73e-02	3.47e-04	0.00e+00	0.00e+00	0.00e+00	5.67e-05	2.99e-05	9.93e-06
 4.39910e+15	1.07e-04	2.09e-02	7.15e-01	2.39e-01	2.47e-02	3.00e-04	0.00e+00	0.00e+00	0.00e+00	6.21e-05	3.28e-05	1.09e-05
 4.42994e+15	1.27e-04	2.33e-02	7.37e-01	2.18e-01	2.12e-02	2.41e-04	0.00e+00	0.00e+00	0.00e+00	7.41e-05	3.92e-05	1.30e-05
 4.45921e+15	1.43e-04	2.51e-02	7.55e-01	2.01e-01	1.85e-02	1.99e-04	0.00e+00	0.00e+00	0.00e+00	8.32e-05	4.40e-05	1.46e-05
 4.48645e+15	1.69e-04	2.78e-02	7.73e-01	1.83e-01	1.60e-02	1.60e-04	0.00e+00	0.00e+00	0.00e+00	9.81e-05	5.19e-05	1.72e-05
 4.51334e+15	1.88e-04	2.98e-02	7.87e-01	1.68e-01	1.39e-02	1.33e-04	0.00e+00	0.00e+00	0.00e+00	1.09e-04	5.77e-05	1.92e-05
 4.53978e+15	2.16e-04	3.24e-02	8.02e-01	1.53e-01	1.20e-02	1.07e-04	0.00e+00	0.00e+00	0.00e+00	1.25e-04	6.63e-05	2.20e-05
 4.56813e+15	2.49e-04	3.54e-02	8.16e-01	1.38e-01	1.02e-02	8.44e-05	0.00e+00	0.00e+00	0.00e+00	1.45e-04	7.66e-05	2.55e-05
 4.59299e+15	2.90e-04	3.87e-02	8.28e-01	1.25e-01	8.69e-03	6.74e-05	0.00e+00	0.00e+00	0.00e+00	1.68e-04	8.90e-05	2.96e-05
 4.61396e+15	3.17e-04	4.08e-02	8.36e-01	1.15e-01	7.67e-03	5.67e-05	0.00e+00	0.00e+00	0.00e+00	1.84e-04	9.74e-05	3.24e-05
 4.63587e+15	3.56e-04	4.38e-02	8.44e-01	1.05e-01	6.62e-03	4.61e-05	0.00e+00	0.00e+00	0.00e+00	2.07e-04	1.10e-04	3.65e-05
 4.66434e+15	4.22e-04	4.84e-02	8.54e-01	9.22e-02	5.42e-03	3.46e-05	0.00e+00	0.00e+00	0.00e+00	2.45e-04	1.30e-04	4.32e-05
 4.69212e+15	4.87e-04	5.26e-02	8.61e-01	8.17e-02	4.50e-03	2.66e-05	0.00e+00	0.00e+00	0.00e+00	2.83e-04	1.50e-04	4.99e-05
 4.71392e+15	5.46e-04	5.61e-02	8.65e-01	7.40e-02	3.87e-03	2.15e-05	0.00e+00	0.00e+00	0.00e+00	3.18e-04	1.68e-04	5.60e-05
 4.73721e+15	6.20e-04	6.04e-02	8.70e-01	6.62e-02	3.25e-03	1.68e-05	0.00e+00	0.00e+00	0.00e+00	3.61e-04	1.91e-04	6.36e-05
 4.76747e+15	7.30e-04	6.63e-02	8.73e-01	5.71e-02	2.59e-03	1.22e-05	0.00e+00	0.00e+00	0.00e+00	4.25e-04	2.25e-04	7.50e-05
 4.79757e+15	8.55e-04	7.24e-02	8.75e-01	4.94e-02	2.07e-03	8.88e-06	0.00e+00	0.00e+00	0.00e+00	4.97e-04	2.63e-04	8.78e-05
 4.82102e+15	9.67e-04	7.76e-02	8.76e-01	4.40e-02	1.74e-03	6.92e-06	0.00e+00	0.00e+00	0.00e+00	5.63e-04	2.98e-04	9.94e-05
 4.84507e+15	1.10e-03	8.35e-02	8.75e-01	3.89e-02	1.43e-03	5.26e-06	0.00e+00	0.00e+00	0.00e+00	6.41e-04	3.39e-04	1.13e-04
 4.87225e+15	1.28e-03	9.05e-02	8.73e-01	3.38e-02	1.15e-03	3.87e-06	0.00e+00	0.00e+00	0.00e+00	7.42e-04	3.92e-04	1.31e-04
 4.89811e+15	1.46e-03	9.77e-02	8.70e-01	2.96e-02	9.40e-04	2.89e-06	0.00e+00	0.00e+00	0.00e+00	8.52e-04	4.50e-04	1.51e-04
 4.92210e+15	1.67e-03	1.05e-01	8.67e-01	2.61e-02	7.73e-04	2.19e-06	0.00e+00	0.00e+00	0.00e+00	9.69e-04	5.12e-04	1.71e-04
 4.94905e+15	1.93e-03	1.13e-01	8.61e-01	2.25e-02	6.17e-04	1.59e-06	0.00e+00	0.00e+00	0.00e+00	1.12e-03	5.93e-04	1.98e-04
 4.97833e+15	2.26e-03	1.24e-01	8.54e-01	1.92e-02	4.85e-04	1.13e-06	0.00e+00	0.00e+00	0.00e+00	1.31e-03	6.94e-04	2.32e-04
 5.00457e+15	2.59e-03	1.33e-01	8.47e-01	1.67e-02	3.91e-04	8.29e-07	0.00e+00	0.00e+00	0.00e+00	1.51e-03	7.98e-04	2.67e-04
 5.02894e+15	2.96e-03	1.43e-01	8.39e-01	1.46e-02	3.18e-04	0.00e+00	0.00e+00	0.00e+00	0.00e+00	1.72e-03	9.12e-04	3.06e-04
 5.05690e+15	3.45e-03	1.55e-01	8.29e-01	1.25e-02	2.50e-04	0.00e+00	0.00e+00	0.00e+00	0.00e+00	2.01e-03	1.06e-03	3.55e-04
 5.08763e+15	4.08e-03	1.70e-01	8.15e-01	1.05e-02	1.92e-04	0.00e+00	0.00e+00	0.00e+00	0.00e+00	2.37e-03	1.25e-03	4.21e-04
 5.11570e+15	4.76e-03	1.84e-01	8.02e-01	8.96e-03	1.51e-04	0.00e+00	0.00e+00	0.00e+00	0.00e+00	2.77e-03	1.47e-03	4.92e-04
 5.14178e+15	5.51e-03	1.99e-01	7.88e-01	7.70e-03	1.20e-04	0.00e+00	0.00e+00	0.00e+00	0.00e+00	3.21e-03	1.70e-03	5.69e-04
 5.17155e+15	6.50e-03	2.17e-01	7.70e-01	6.45e-03	9.20e-05	0.00e+00	0.00e+00	0.00e+00	0.00e+00	3.78e-03	2.00e-03	6.71e-04
 5.20471e+15	7.84e-03	2.39e-01	7.48e-01	5.28e-03	6.83e-05	0.00e+00	0.00e+00	0.00e+00	0.00e+00	4.56e-03	2.41e-03	8.10e-04
 5.23570e+15	9.38e-03	2.62e-01	7.24e-01	4.35e-03	5.13e-05	0.00e+00	0.00e+00	0.00e+00	0.00e+00	5.46e-03	2.89e-03	9.69e-04
 5.26491e+15	1.11e-02	2.85e-01	7.01e-01	3.62e-03	3.91e-05	0.00e+00	0.00e+00	0.00e+00	0.00e+00	6.45e-03	3.41e-03	1.15e-03
 5.29840e+15	1.35e-02	3.14e-01	6.70e-01	2.89e-03	2.81e-05	0.00e+00	0.00e+00	0.00e+00	0.00e+00	7.87e-03	4.16e-03	1.40e-03
 5.33454e+15	1.68e-02	3.49e-01	6.32e-01	2.25e-03	1.96e-05	0.00e+00	0.00e+00	0.00e+00	0.00e+00	9.80e-03	5.17e-03	1.74e-03
 5.36584e+15	2.04e-02	3.82e-01	5.96e-01	1.79e-03	1.42e-05	0.00e+00	0.00e+00	0.00e+00	0.00e+00	1.19e-02	6.27e-03	2.11e-03
 5.39315e+15	2.41e-02	4.13e-01	5.62e-01	1.45e-03	1.06e-05	0.00e+00	0.00e+00	0.00e+00	0.00e+00	1.41e-02	7.42e-03	2.50e-03
 5.42354e+15	2.92e-02	4.49e-01	5.21e-01	1.13e-03	7.49e-06	0.00e+00	0.00e+00	0.00e+00	0.00e+00	1.70e-02	8.98e-03	3.02e-03
 5.45700e+15	3.62e-02	4.91e-01	4.72e-01	8.46e-04	5.02e-06	0.00e+00	0.00e+00	0.00e+00	0.00e+00	2.11e-02	1.11e-02	3.75e-03
 5.48691e+15	4.41e-02	5.30e-01	4.25e-01	6.38e-04	3.43e-06	0.00e+00	0.00e+00	0.00e+00	0.00e+00	2.57e-02	1.35e-02	4.57e-03
 5.51078e+15	5.18e-02	5.62e-01	3.86e-01	5.00e-04	2.48e-06	0.00e+00	0.00e+00	0.00e+00	0.00e+00	3.02e-02	1.59e-02	5.37e-03
 5.53028e+15	5.89e-02	5.88e-01	3.53e-01	4.06e-04	1.88e-06	0.00e+00	0.00e+00	0.00e+00	0.00e+00	3.44e-02	1.81e-02	6.11e-03
 5.55156e+15	6.79e-02	6.14e-01	3.18e-01	3.18e-04	1.36e-06	0.00e+00	0.00e+00	0.00e+00	0.00e+00	3.96e-02	2.08e-02	7.04e-03
 5.57502e+15	7.95e-02	6.42e-01	2.78e-01	2.39e-04	9.37e-07	0.00e+00	0.00e+00	0.00e+00	0.00e+00	4.64e-02	2.44e-02	8.25e-03
 5.59569e+15	9.17e-02	6.64e-01	2.44e-01	1.81e-04	0.00e+00	0.00e+00	0.00e+00	0.00e+00	0.00e+00	5.35e-02	2.81e-02	9.52e-03
 5.61289e+15	1.03e-01	6.81e-01	2.16e-01	1.43e-04	0.00e+00	0.00e+00	0.00e+00	0.00e+00	0.00e+00	6.01e-02	3.15e-02	1.07e-02
 5.63121e+15	1.17e-01	6.95e-01	1.88e-01	1.09e-04	0.00e+00	0.00e+00	0.00e+00	0.00e+00	0.00e+00	6.81e-02	3.57e-02	1.21e-02
 5.65099e+15	1.33e-01	7.08e-01	1.59e-01	7.95e-05	0.00e+00	0.00e+00	0.00e+00	0.00e+00	0.00e+00	7.79e-02	4.08e-02	1.39e-02
 5.66817e+15	1.50e-01	7.15e-01	1.35e-01	5.93e-05	0.00e+00	0.00e+00	0.00e+00	0.00e+00	0.00e+00	8.78e-02	4.60e-02	1.56e-02
 5.68280e+15	1.65e-01	7.18e-01	1.17e-01	4.60e-05	0.00e+00	0.00e+00	0.00e+00	0.00e+00	0.00e+00	9.66e-02	5.05e-02	1.72e-02
