#depth	N	N+	N+2	N+3	N+4	N+5	N+6	N+7
 1.49634e+10	0.00e+00	6.83e-31	1.70e-22	7.41e-15	5.09e-08	9.99e-01	7.76e-04	0.00e+00
 4.54887e+10	4.61e-40	9.61e-31	2.22e-22	8.93e-15	5.60e-08	9.99e-01	7.06e-04	2.23e-10
 7.72350e+10	0.00e+00	1.35e-30	2.89e-22	1.07e-14	6.17e-08	9.99e-01	6.41e-04	0.00e+00
 1.10251e+11	1.06e-39	1.89e-30	3.76e-22	1.29e-14	6.81e-08	9.99e-01	5.83e-04	0.00e+00
 1.40544e+11	0.00e+00	2.54e-30	4.74e-22	1.52e-14	7.42e-08	9.99e-01	5.36e-04	0.00e+00
 1.66498e+11	2.06e-39	3.25e-30	5.74e-22	1.75e-14	7.97e-08	1.00e+00	4.99e-04	0.00e+00
 1.95232e+11	0.00e+00	4.23e-30	7.05e-22	2.02e-14	8.61e-08	1.00e+00	4.63e-04	0.00e+00
 2.27662e+11	4.03e-39	5.62e-30	8.82e-22	2.37e-14	9.37e-08	1.00e+00	4.26e-04	0.00e+00
 2.58651e+11	0.00e+00	7.31e-30	1.08e-21	2.75e-14	1.01e-07	1.00e+00	3.94e-04	0.00e+00
 2.92690e+11	7.78e-39	9.66e-30	1.35e-21	3.21e-14	1.10e-07	1.00e+00	3.64e-04	0.00e+00
 3.30444e+11	0.00e+00	1.30e-29	1.70e-21	3.80e-14	1.20e-07	1.00e+00	3.33e-04	0.00e+00
 3.65702e+11	1.54e-38	1.69e-29	2.10e-21	4.42e-14	1.30e-07	1.00e+00	3.08e-04	0.00e+00
 4.04213e+11	0.00e+00	2.24e-29	2.62e-21	5.17e-14	1.42e-07	1.00e+00	2.83e-04	0.00e+00
 4.47572e+11	3.11e-38	3.02e-29	3.32e-21	6.14e-14	1.55e-07	1.00e+00	2.59e-04	0.00e+00
 4.89049e+11	0.00e+00	3.98e-29	4.13e-21	7.19e-14	1.69e-07	1.00e+00	2.38e-04	0.00e+00
 5.34077e+11	6.15e-38	5.30e-29	5.18e-21	8.47e-14	1.85e-07	1.00e+00	2.19e-04	0.00e+00
 5.85367e+11	0.00e+00	7.25e-29	6.64e-21	1.01e-13	2.03e-07	1.00e+00	1.99e-04	0.00e+00
 6.35457e+11	1.28e-37	9.72e-29	8.38e-21	1.20e-13	2.23e-07	1.00e+00	1.82e-04	0.00e+00
 6.83210e+11	0.00e+00	1.27e-28	1.04e-20	1.40e-13	2.42e-07	1.00e+00	1.68e-04	0.00e+00
 7.36125e+11	2.50e-37	1.69e-28	1.30e-20	1.65e-13	2.64e-07	1.00e+00	1.54e-04	0.00e+00
 7.95497e+11	0.00e+00	2.30e-28	1.66e-20	1.96e-13	2.90e-07	1.00e+00	1.40e-04	0.00e+00
 8.55187e+11	5.17e-37	3.08e-28	2.09e-20	2.33e-13	3.18e-07	1.00e+00	1.28e-04	0.00e+00
 9.08713e+11	0.00e+00	3.98e-28	2.56e-20	2.69e-13	3.43e-07	1.00e+00	1.19e-04	0.00e+00
 9.54260e+11	9.07e-37	4.90e-28	3.02e-20	3.03e-13	3.66e-07	1.00e+00	1.12e-04	0.00e+00
 1.00358e+12	0.00e+00	6.11e-28	3.59e-20	3.44e-13	3.92e-07	1.00e+00	1.04e-04	0.00e+00
 1.06705e+12	1.65e-36	8.04e-28	4.46e-20	4.02e-13	4.26e-07	1.00e+00	9.61e-05	0.00e+00
 1.13292e+12	0.00e+00	1.06e-27	5.54e-20	4.70e-13	4.63e-07	1.00e+00	8.85e-05	0.00e+00
 1.18940e+12	3.03e-36	1.32e-27	6.62e-20	5.34e-13	4.96e-07	1.00e+00	8.27e-05	0.00e+00
 1.24967e+12	0.00e+00	1.68e-27	7.97e-20	6.09e-13	5.32e-07	1.00e+00	7.71e-05	0.00e+00
 1.32437e+12	5.65e-36	2.21e-27	9.94e-20	7.14e-13	5.80e-07	1.00e+00	7.09e-05	0.00e+00
 1.40088e+12	0.00e+00	2.92e-27	1.24e-19	8.35e-13	6.31e-07	1.00e+00	6.53e-05	0.00e+00
 1.46978e+12	1.06e-35	3.71e-27	1.49e-19	9.56e-13	6.78e-07	1.00e+00	6.08e-05	0.00e+00
 1.54572e+12	0.00e+00	4.80e-27	1.83e-19	1.10e-12	7.32e-07	1.00e+00	5.64e-05	0.00e+00
 1.62887e+12	2.01e-35	6.28e-27	2.26e-19	1.28e-12	7.94e-07	1.00e+00	5.20e-05	0.00e+00
 1.70448e+12	0.00e+00	7.96e-27	2.72e-19	1.47e-12	8.53e-07	1.00e+00	4.84e-05	0.00e+00
 1.78586e+12	3.62e-35	1.02e-26	3.30e-19	1.69e-12	9.18e-07	1.00e+00	4.50e-05	0.00e+00
 1.87733e+12	0.00e+00	1.34e-26	4.08e-19	1.96e-12	9.94e-07	1.00e+00	4.17e-05	0.00e+00
 1.96421e+12	6.79e-35	1.71e-26	4.95e-19	2.25e-12	1.07e-06	1.00e+00	3.87e-05	0.00e+00
 2.05948e+12	0.00e+00	2.22e-26	6.08e-19	2.60e-12	1.16e-06	1.00e+00	3.59e-05	0.00e+00
 2.16471e+12	1.31e-34	2.93e-26	7.56e-19	3.03e-12	1.25e-06	1.00e+00	3.31e-05	0.00e+00
 2.26228e+12	0.00e+00	3.77e-26	9.19e-19	3.48e-12	1.35e-06	1.00e+00	3.08e-05	0.00e+00
 2.36851e+12	2.46e-34	4.90e-26	1.13e-18	4.02e-12	1.46e-06	1.00e+00	2.85e-05	0.00e+00
 2.48766e+12	3.48e-34	6.51e-26	1.41e-18	4.70e-12	1.58e-06	1.00e+00	2.63e-05	0.00e+00
 2.60069e+12	4.79e-34	8.45e-26	1.73e-18	5.42e-12	1.71e-06	1.00e+00	2.44e-05	0.00e+00
 2.72267e+12	6.68e-34	1.11e-25	2.13e-18	6.29e-12	1.85e-06	1.00e+00	2.25e-05	0.00e+00
 2.85836e+12	9.54e-34	1.48e-25	2.68e-18	7.38e-12	2.01e-06	1.00e+00	2.07e-05	0.00e+00
 2.98926e+12	1.33e-33	1.95e-25	3.30e-18	8.55e-12	2.17e-06	1.00e+00	1.92e-05	0.00e+00
 3.12855e+12	1.87e-33	2.57e-25	4.10e-18	9.94e-12	2.35e-06	1.00e+00	1.77e-05	0.00e+00
 3.28361e+12	2.70e-33	3.47e-25	5.17e-18	1.17e-11	2.56e-06	1.00e+00	1.63e-05	0.00e+00
 3.43935e+12	3.85e-33	4.63e-25	6.47e-18	1.37e-11	2.78e-06	1.00e+00	1.50e-05	0.00e+00
 3.60132e+12	5.51e-33	6.20e-25	8.10e-18	1.60e-11	3.01e-06	1.00e+00	1.39e-05	0.00e+00
 3.77530e+12	7.96e-33	8.36e-25	1.02e-17	1.87e-11	3.28e-06	1.00e+00	1.28e-05	0.00e+00
 3.95624e+12	1.15e-32	1.13e-24	1.29e-17	2.20e-11	3.57e-06	1.00e+00	1.17e-05	0.00e+00
 4.13432e+12	1.64e-32	1.50e-24	1.60e-17	2.56e-11	3.86e-06	1.00e+00	1.08e-05	0.00e+00
 4.29998e+12	2.25e-32	1.94e-24	1.96e-17	2.94e-11	4.15e-06	1.00e+00	1.01e-05	0.00e+00
 4.44950e+12	2.96e-32	2.43e-24	2.32e-17	3.31e-11	4.41e-06	1.00e+00	9.50e-06	0.00e+00
 4.60982e+12	3.96e-32	3.08e-24	2.78e-17	3.74e-11	4.70e-06	1.00e+00	8.92e-06	0.00e+00
 4.80941e+12	5.62e-32	4.08e-24	3.46e-17	4.34e-11	5.08e-06	1.00e+00	8.26e-06	0.00e+00
 5.00953e+12	7.87e-32	5.37e-24	4.26e-17	5.02e-11	5.47e-06	1.00e+00	7.67e-06	0.00e+00
 5.18162e+12	1.04e-31	6.74e-24	5.08e-17	5.65e-11	5.82e-06	1.00e+00	7.21e-06	0.00e+00
 5.36777e+12	1.41e-31	8.58e-24	6.10e-17	6.41e-11	6.20e-06	1.00e+00	6.77e-06	0.00e+00
 5.59740e+12	2.01e-31	1.14e-23	7.60e-17	7.44e-11	6.70e-06	1.00e+00	6.27e-06	0.00e+00
 5.82692e+12	2.83e-31	1.51e-23	9.38e-17	8.59e-11	7.22e-06	1.00e+00	5.82e-06	0.00e+00
 6.02509e+12	3.77e-31	1.90e-23	1.12e-16	9.69e-11	7.67e-06	1.00e+00	5.48e-06	0.00e+00
 6.23917e+12	5.11e-31	2.43e-23	1.35e-16	1.10e-10	8.18e-06	1.00e+00	5.14e-06	0.00e+00
 6.50233e+12	7.31e-31	3.24e-23	1.68e-16	1.28e-10	8.83e-06	1.00e+00	4.76e-06	0.00e+00
 6.76799e+12	1.04e-30	4.30e-23	2.08e-16	1.47e-10	9.51e-06	1.00e+00	4.42e-06	0.00e+00
 7.00338e+12	1.40e-30	5.49e-23	2.50e-16	1.67e-10	1.01e-05	1.00e+00	4.15e-06	0.00e+00
 7.26073e+12	1.93e-30	7.09e-23	3.04e-16	1.90e-10	1.08e-05	1.00e+00	3.89e-06	0.00e+00
 7.56927e+12	2.80e-30	9.55e-23	3.81e-16	2.22e-10	1.17e-05	1.00e+00	3.60e-06	0.00e+00
 7.87680e+12	4.00e-30	1.27e-22	4.73e-16	2.57e-10	1.26e-05	1.00e+00	3.34e-06	0.00e+00
 8.15702e+12	5.48e-30	1.64e-22	5.73e-16	2.92e-10	1.34e-05	1.00e+00	3.13e-06	0.00e+00
 8.46933e+12	7.70e-30	2.15e-22	7.03e-16	3.35e-10	1.44e-05	1.00e+00	2.92e-06	0.00e+00
 8.83374e+12	1.13e-29	2.93e-22	8.87e-16	3.92e-10	1.56e-05	1.00e+00	2.70e-06	0.00e+00
 9.19288e+12	1.62e-29	3.92e-22	1.11e-15	4.54e-10	1.68e-05	1.00e+00	2.51e-06	0.00e+00
 9.53296e+12	2.26e-29	5.12e-22	1.35e-15	5.19e-10	1.80e-05	1.00e+00	2.34e-06	0.00e+00
 9.91078e+12	3.24e-29	6.82e-22	1.68e-15	6.00e-10	1.93e-05	1.00e+00	2.18e-06	0.00e+00
 1.03371e+13	4.77e-29	9.30e-22	2.12e-15	7.03e-10	2.09e-05	1.00e+00	2.01e-06	0.00e+00
 1.07657e+13	6.94e-29	1.26e-21	2.66e-15	8.18e-10	2.26e-05	1.00e+00	1.86e-06	0.00e+00
 1.12114e+13	1.01e-28	1.70e-21	3.34e-15	9.53e-10	2.44e-05	1.00e+00	1.73e-06	0.00e+00
 1.16898e+13	1.49e-28	2.32e-21	4.22e-15	1.12e-09	2.64e-05	1.00e+00	1.59e-06	0.00e+00
 1.21531e+13	2.14e-28	3.10e-21	5.25e-15	1.29e-09	2.85e-05	1.00e+00	1.48e-06	0.00e+00
 1.25891e+13	2.97e-28	4.04e-21	6.41e-15	1.48e-09	3.04e-05	1.00e+00	1.38e-06	0.00e+00
 1.30767e+13	4.24e-28	5.37e-21	7.95e-15	1.70e-09	3.27e-05	1.00e+00	1.29e-06	0.00e+00
 1.35681e+13	5.98e-28	7.07e-21	9.79e-15	1.96e-09	3.51e-05	1.00e+00	1.20e-06	0.00e+00
 1.39764e+13	7.89e-28	8.84e-21	1.16e-14	2.20e-09	3.72e-05	1.00e+00	1.13e-06	0.00e+00
 1.44089e+13	1.05e-27	1.11e-20	1.38e-14	2.47e-09	3.94e-05	1.00e+00	1.07e-06	0.00e+00
 1.49614e+13	1.49e-27	1.47e-20	1.70e-14	2.85e-09	4.24e-05	1.00e+00	9.93e-07	0.00e+00
 1.55408e+13	2.13e-27	1.96e-20	2.12e-14	3.29e-09	4.57e-05	1.00e+00	0.00e+00	0.00e+00
 1.60539e+13	2.88e-27	2.51e-20	2.55e-14	3.73e-09	4.87e-05	1.00e+00	0.00e+00	0.00e+00
 1.66099e+13	3.97e-27	3.24e-20	3.09e-14	4.25e-09	5.20e-05	1.00e+00	0.00e+00	0.00e+00
 1.72777e+13	5.73e-27	4.35e-20	3.87e-14	4.95e-09	5.62e-05	1.00e+00	0.00e+00	0.00e+00
 1.79537e+13	8.21e-27	5.81e-20	4.82e-14	5.75e-09	6.06e-05	1.00e+00	0.00e+00	0.00e+00
 1.85876e+13	1.14e-26	7.55e-20	5.88e-14	6.57e-09	6.49e-05	1.00e+00	0.00e+00	0.00e+00
 1.91992e+13	1.54e-26	9.64e-20	7.08e-14	7.45e-09	6.92e-05	1.00e+00	0.00e+00	0.00e+00
 1.98897e+13	2.14e-26	1.26e-19	8.67e-14	8.55e-09	7.42e-05	1.00e+00	0.00e+00	0.00e+00
 2.06515e+13	3.04e-26	1.67e-19	1.07e-13	9.89e-09	8.00e-05	1.00e+00	0.00e+00	0.00e+00
 2.13545e+13	4.16e-26	2.15e-19	1.30e-13	1.13e-08	8.55e-05	1.00e+00	0.00e+00	0.00e+00
 2.21168e+13	5.77e-26	2.80e-19	1.59e-13	1.29e-08	9.17e-05	1.00e+00	0.00e+00	0.00e+00
 2.29678e+13	8.20e-26	3.72e-19	1.98e-13	1.50e-08	9.90e-05	1.00e+00	0.00e+00	0.00e+00
 2.37674e+13	1.13e-25	4.82e-19	2.41e-13	1.71e-08	1.06e-04	1.00e+00	0.00e+00	0.00e+00
 2.46404e+13	1.58e-25	6.33e-19	2.97e-13	1.97e-08	1.14e-04	1.00e+00	0.00e+00	0.00e+00
 2.56103e+13	2.27e-25	8.47e-19	3.71e-13	2.29e-08	1.23e-04	1.00e+00	0.00e+00	0.00e+00
 2.65171e+13	3.15e-25	1.10e-18	4.53e-13	2.63e-08	1.32e-04	1.00e+00	0.00e+00	0.00e+00
 2.75013e+13	4.42e-25	1.45e-18	5.60e-13	3.03e-08	1.42e-04	1.00e+00	0.00e+00	0.00e+00
 2.86003e+13	6.38e-25	1.95e-18	7.02e-13	3.54e-08	1.54e-04	1.00e+00	0.00e+00	0.00e+00
 2.96461e+13	8.95e-25	2.57e-18	8.64e-13	4.08e-08	1.66e-04	1.00e+00	0.00e+00	0.00e+00
 3.07646e+13	1.27e-24	3.40e-18	1.07e-12	4.71e-08	1.78e-04	1.00e+00	0.00e+00	0.00e+00
 3.20251e+13	1.85e-24	4.61e-18	1.35e-12	5.52e-08	1.94e-04	1.00e+00	0.00e+00	0.00e+00
 3.32685e+13	2.64e-24	6.16e-18	1.69e-12	6.42e-08	2.09e-04	1.00e+00	0.00e+00	0.00e+00
 3.45617e+13	3.79e-24	8.24e-18	2.10e-12	7.46e-08	2.26e-04	1.00e+00	0.00e+00	0.00e+00
 3.58872e+13	5.41e-24	1.10e-17	2.62e-12	8.65e-08	2.44e-04	1.00e+00	0.00e+00	0.00e+00
 3.71161e+13	7.44e-24	1.42e-17	3.19e-12	9.88e-08	2.61e-04	1.00e+00	0.00e+00	0.00e+00
 3.84811e+13	1.05e-23	1.87e-17	3.93e-12	1.14e-07	2.81e-04	1.00e+00	0.00e+00	0.00e+00
 3.99797e+13	1.51e-23	2.51e-17	4.91e-12	1.33e-07	3.03e-04	1.00e+00	0.00e+00	0.00e+00
 4.13668e+13	2.09e-23	3.26e-17	6.00e-12	1.52e-07	3.25e-04	1.00e+00	0.00e+00	0.00e+00
 4.25851e+13	2.75e-23	4.08e-17	7.10e-12	1.70e-07	3.44e-04	1.00e+00	0.00e+00	0.00e+00
 4.38750e+13	3.66e-23	5.13e-17	8.46e-12	1.91e-07	3.66e-04	1.00e+00	0.00e+00	0.00e+00
 4.55110e+13	5.18e-23	6.80e-17	1.05e-11	2.21e-07	3.94e-04	1.00e+00	0.00e+00	0.00e+00
 4.71687e+13	7.31e-23	8.97e-17	1.29e-11	2.55e-07	4.23e-04	1.00e+00	0.00e+00	0.00e+00
 4.85707e+13	9.68e-23	1.12e-16	1.53e-11	2.86e-07	4.49e-04	1.00e+00	0.00e+00	0.00e+00
 5.00686e+13	1.30e-22	1.42e-16	1.83e-11	3.23e-07	4.77e-04	1.00e+00	0.00e+00	0.00e+00
 5.19485e+13	1.85e-22	1.89e-16	2.28e-11	3.73e-07	5.14e-04	9.99e-01	0.00e+00	0.00e+00
 5.38886e+13	2.63e-22	2.51e-16	2.82e-11	4.32e-07	5.53e-04	9.99e-01	0.00e+00	0.00e+00
 5.55986e+13	3.55e-22	3.20e-16	3.39e-11	4.88e-07	5.89e-04	9.99e-01	0.00e+00	0.00e+00
 5.74460e+13	4.86e-22	4.12e-16	4.11e-11	5.56e-07	6.29e-04	9.99e-01	0.00e+00	0.00e+00
 5.96749e+13	7.02e-22	5.54e-16	5.14e-11	6.46e-07	6.79e-04	9.99e-01	0.00e+00	0.00e+00
 6.18850e+13	9.96e-22	7.34e-16	6.37e-11	7.47e-07	7.31e-04	9.99e-01	0.00e+00	0.00e+00
 6.38498e+13	1.35e-21	9.36e-16	7.66e-11	8.45e-07	7.79e-04	9.99e-01	0.00e+00	0.00e+00
 6.60107e+13	1.85e-21	1.21e-15	9.31e-11	9.65e-07	8.33e-04	9.99e-01	0.00e+00	0.00e+00
 6.85917e+13	2.68e-21	1.63e-15	1.17e-10	1.12e-06	9.01e-04	9.99e-01	0.00e+00	0.00e+00
 7.11554e+13	3.81e-21	2.17e-15	1.45e-10	1.30e-06	9.70e-04	9.99e-01	0.00e+00	0.00e+00
 7.34908e+13	5.19e-21	2.78e-15	1.75e-10	1.48e-06	1.04e-03	9.99e-01	0.00e+00	0.00e+00
 7.60928e+13	7.24e-21	3.63e-15	2.15e-10	1.70e-06	1.11e-03	9.99e-01	0.00e+00	0.00e+00
 7.91298e+13	1.05e-20	4.91e-15	2.70e-10	1.98e-06	1.21e-03	9.99e-01	0.00e+00	0.00e+00
 8.21167e+13	1.49e-20	6.53e-15	3.36e-10	2.30e-06	1.30e-03	9.99e-01	0.00e+00	0.00e+00
 8.49275e+13	2.05e-20	8.45e-15	4.09e-10	2.63e-06	1.39e-03	9.99e-01	0.00e+00	0.00e+00
 8.80589e+13	2.88e-20	1.11e-14	5.06e-10	3.04e-06	1.50e-03	9.98e-01	0.00e+00	0.00e+00
 9.16112e+13	4.18e-20	1.51e-14	6.38e-10	3.56e-06	1.63e-03	9.98e-01	0.00e+00	0.00e+00
 9.51610e+13	5.96e-20	2.01e-14	7.97e-10	4.14e-06	1.77e-03	9.98e-01	0.00e+00	0.00e+00
 9.85913e+13	8.28e-20	2.63e-14	9.80e-10	4.77e-06	1.90e-03	9.98e-01	0.00e+00	0.00e+00
 1.01567e+14	1.09e-19	3.29e-14	1.17e-09	5.38e-06	2.02e-03	9.98e-01	0.00e+00	0.00e+00
 1.04051e+14	1.36e-19	3.94e-14	1.34e-09	5.92e-06	2.13e-03	9.98e-01	0.00e+00	0.00e+00
 1.06812e+14	1.73e-19	4.79e-14	1.56e-09	6.58e-06	2.25e-03	9.98e-01	0.00e+00	0.00e+00
 1.10401e+14	2.34e-19	6.14e-14	1.89e-09	7.51e-06	2.42e-03	9.98e-01	0.00e+00	0.00e+00
 1.14187e+14	3.17e-19	7.88e-14	2.30e-09	8.60e-06	2.60e-03	9.97e-01	0.00e+00	0.00e+00
 1.17455e+14	4.09e-19	9.71e-14	2.71e-09	9.63e-06	2.76e-03	9.97e-01	0.00e+00	0.00e+00
 1.20934e+14	5.31e-19	1.20e-13	3.21e-09	1.08e-05	2.94e-03	9.97e-01	0.00e+00	0.00e+00
 1.25373e+14	7.31e-19	1.57e-13	3.96e-09	1.25e-05	3.18e-03	9.97e-01	0.00e+00	0.00e+00
 1.29937e+14	1.00e-18	2.04e-13	4.87e-09	1.45e-05	3.43e-03	9.97e-01	0.00e+00	0.00e+00
 1.33851e+14	1.30e-18	2.53e-13	5.78e-09	1.63e-05	3.66e-03	9.96e-01	0.00e+00	0.00e+00
 1.38042e+14	1.70e-18	3.15e-13	6.90e-09	1.84e-05	3.92e-03	9.96e-01	0.00e+00	0.00e+00
 1.43235e+14	2.34e-18	4.12e-13	8.55e-09	2.14e-05	4.25e-03	9.96e-01	0.00e+00	0.00e+00
 1.48553e+14	3.20e-18	5.35e-13	1.05e-08	2.48e-05	4.61e-03	9.95e-01	0.00e+00	0.00e+00
 1.53291e+14	4.18e-18	6.70e-13	1.26e-08	2.81e-05	4.95e-03	9.95e-01	0.00e+00	0.00e+00
 1.58450e+14	5.53e-18	8.47e-13	1.53e-08	3.21e-05	5.33e-03	9.95e-01	0.00e+00	0.00e+00
 1.64609e+14	7.65e-18	1.11e-12	1.90e-08	3.75e-05	5.80e-03	9.94e-01	0.00e+00	0.00e+00
 1.70683e+14	1.04e-17	1.44e-12	2.35e-08	4.33e-05	6.29e-03	9.94e-01	0.00e+00	0.00e+00
 1.76151e+14	1.35e-17	1.79e-12	2.81e-08	4.92e-05	6.76e-03	9.93e-01	0.00e+00	0.00e+00
 1.82216e+14	1.79e-17	2.28e-12	3.42e-08	5.63e-05	7.29e-03	9.93e-01	0.00e+00	0.00e+00
 1.89372e+14	2.47e-17	2.99e-12	4.27e-08	6.58e-05	7.96e-03	9.92e-01	0.00e+00	0.00e+00
 1.96440e+14	3.35e-17	3.88e-12	5.28e-08	7.62e-05	8.64e-03	9.91e-01	0.00e+00	0.00e+00
 2.02980e+14	4.40e-17	4.89e-12	6.38e-08	8.69e-05	9.31e-03	9.91e-01	0.00e+00	0.00e+00
 2.10319e+14	5.91e-17	6.28e-12	7.84e-08	1.00e-04	1.01e-02	9.90e-01	0.00e+00	0.00e+00
 2.18761e+14	8.19e-17	8.29e-12	9.85e-08	1.17e-04	1.10e-02	9.89e-01	0.00e+00	0.00e+00
 2.27036e+14	1.12e-16	1.08e-11	1.22e-07	1.36e-04	1.20e-02	9.88e-01	0.00e+00	0.00e+00
 2.35641e+14	1.81e-16	1.40e-11	1.52e-07	1.58e-04	1.31e-02	9.87e-01	0.00e+00	0.00e+00
 2.45097e+14	2.54e-16	1.86e-11	1.91e-07	1.85e-04	1.43e-02	9.86e-01	0.00e+00	0.00e+00
 2.53102e+14	3.35e-16	2.33e-11	2.31e-07	2.10e-04	1.53e-02	9.84e-01	0.00e+00	0.00e+00
 2.58965e+14	4.07e-16	2.75e-11	2.64e-07	2.30e-04	1.62e-02	9.84e-01	0.00e+00	0.00e+00
 2.65122e+14	4.98e-16	3.25e-11	3.03e-07	2.53e-04	1.70e-02	9.83e-01	0.00e+00	0.00e+00
 2.73127e+14	6.43e-16	4.02e-11	3.61e-07	2.85e-04	1.82e-02	9.81e-01	0.00e+00	0.00e+00
 2.81955e+14	8.48e-16	5.06e-11	4.36e-07	3.24e-04	1.96e-02	9.80e-01	0.00e+00	0.00e+00
 2.90120e+14	1.09e-15	6.22e-11	5.16e-07	3.63e-04	2.09e-02	9.79e-01	0.00e+00	0.00e+00
 2.99003e+14	1.41e-15	7.73e-11	6.17e-07	4.09e-04	2.23e-02	9.77e-01	0.00e+00	0.00e+00
 3.08992e+14	1.88e-15	9.82e-11	7.51e-07	4.67e-04	2.40e-02	9.75e-01	0.00e+00	0.00e+00
 3.18508e+14	2.45e-15	1.22e-10	8.99e-07	5.27e-04	2.57e-02	9.74e-01	0.00e+00	0.00e+00
 3.28971e+14	3.25e-15	1.55e-10	1.09e-06	6.00e-04	2.77e-02	9.72e-01	0.00e+00	0.00e+00
 3.40673e+14	4.44e-15	2.01e-10	1.34e-06	6.90e-04	2.99e-02	9.69e-01	0.00e+00	0.00e+00
 3.51790e+14	5.90e-15	2.54e-10	1.63e-06	7.85e-04	3.21e-02	9.67e-01	0.00e+00	0.00e+00
 3.64049e+14	8.00e-15	3.27e-10	2.00e-06	9.00e-04	3.46e-02	9.64e-01	0.00e+00	0.00e+00
 3.77781e+14	1.12e-14	4.31e-10	2.50e-06	1.04e-03	3.76e-02	9.61e-01	0.00e+00	0.00e+00
 3.90732e+14	1.48e-14	5.54e-10	3.07e-06	1.19e-03	4.05e-02	9.58e-01	0.00e+00	0.00e+00
 4.04833e+14	2.04e-14	7.23e-10	3.80e-06	1.38e-03	4.38e-02	9.55e-01	0.00e+00	0.00e+00
 4.20512e+14	2.87e-14	9.62e-10	4.78e-06	1.60e-03	4.76e-02	9.51e-01	0.00e+00	0.00e+00
 4.35231e+14	3.93e-14	1.25e-09	5.89e-06	1.84e-03	5.12e-02	9.47e-01	0.00e+00	0.00e+00
 4.51082e+14	5.44e-14	1.63e-09	7.31e-06	2.12e-03	5.54e-02	9.43e-01	0.00e+00	0.00e+00
 4.68792e+14	7.75e-14	2.19e-09	9.25e-06	2.48e-03	6.02e-02	9.37e-01	0.00e+00	0.00e+00
 4.85832e+14	1.07e-13	2.88e-09	1.15e-05	2.85e-03	6.50e-02	9.32e-01	0.00e+00	0.00e+00
 5.03916e+14	1.51e-13	3.81e-09	1.43e-05	3.30e-03	7.03e-02	9.26e-01	0.00e+00	0.00e+00
 5.24103e+14	2.16e-13	5.15e-09	1.82e-05	3.86e-03	7.64e-02	9.20e-01	0.00e+00	0.00e+00
 5.41090e+14	2.91e-13	6.59e-09	2.22e-05	4.39e-03	8.18e-02	9.14e-01	0.00e+00	0.00e+00
 5.53320e+14	3.58e-13	7.83e-09	2.54e-05	4.80e-03	8.57e-02	9.09e-01	0.00e+00	0.00e+00
 5.66048e+14	4.42e-13	9.33e-09	2.91e-05	5.26e-03	8.99e-02	9.05e-01	0.00e+00	0.00e+00
 5.82594e+14	5.78e-13	1.17e-08	3.47e-05	5.89e-03	9.55e-02	8.99e-01	0.00e+00	0.00e+00
 6.01055e+14	7.73e-13	1.48e-08	4.20e-05	6.67e-03	1.02e-01	8.91e-01	0.00e+00	0.00e+00
 6.18356e+14	1.01e-12	1.85e-08	4.99e-05	7.46e-03	1.08e-01	8.85e-01	0.00e+00	0.00e+00
 6.37197e+14	1.34e-12	2.34e-08	5.99e-05	8.41e-03	1.15e-01	8.77e-01	0.00e+00	0.00e+00
 6.58277e+14	1.81e-12	3.01e-08	7.31e-05	9.56e-03	1.23e-01	8.68e-01	0.00e+00	0.00e+00
 6.78170e+14	2.40e-12	3.80e-08	8.76e-05	1.07e-02	1.30e-01	8.59e-01	0.00e+00	0.00e+00
 6.99931e+14	3.23e-12	4.87e-08	1.06e-04	1.22e-02	1.39e-01	8.49e-01	0.00e+00	0.00e+00
 7.24330e+14	4.46e-12	6.36e-08	1.31e-04	1.39e-02	1.49e-01	8.37e-01	0.00e+00	0.00e+00
 7.47493e+14	5.99e-12	8.13e-08	1.58e-04	1.57e-02	1.58e-01	8.26e-01	0.00e+00	0.00e+00
 7.72940e+14	8.21e-12	1.06e-07	1.93e-04	1.79e-02	1.69e-01	8.13e-01	0.00e+00	0.00e+00
 8.01306e+14	1.15e-11	1.40e-07	2.40e-04	2.06e-02	1.80e-01	7.99e-01	0.00e+00	0.00e+00
 8.27649e+14	1.56e-11	1.80e-07	2.92e-04	2.33e-02	1.92e-01	7.85e-01	0.00e+00	0.00e+00
 8.56078e+14	2.14e-11	2.34e-07	3.57e-04	2.65e-02	2.04e-01	7.69e-01	0.00e+00	0.00e+00
 8.87971e+14	3.01e-11	3.11e-07	4.45e-04	3.04e-02	2.18e-01	7.51e-01	0.00e+00	0.00e+00
 9.17922e+14	4.10e-11	4.02e-07	5.41e-04	3.45e-02	2.31e-01	7.34e-01	0.00e+00	0.00e+00
 9.50411e+14	5.67e-11	5.26e-07	6.65e-04	3.92e-02	2.45e-01	7.15e-01	0.00e+00	0.00e+00
 9.84835e+14	7.86e-11	6.91e-07	8.19e-04	4.47e-02	2.60e-01	6.94e-01	0.00e+00	0.00e+00
 1.01476e+15	1.03e-10	8.69e-07	9.75e-04	4.98e-02	2.73e-01	6.76e-01	0.00e+00	0.00e+00
 1.04041e+15	1.30e-10	1.05e-06	1.13e-03	5.45e-02	2.84e-01	6.60e-01	0.00e+00	0.00e+00
 1.06750e+15	1.64e-10	1.28e-06	1.31e-03	5.96e-02	2.95e-01	6.44e-01	0.00e+00	0.00e+00
 1.10272e+15	2.21e-10	1.63e-06	1.58e-03	6.69e-02	3.10e-01	6.22e-01	0.00e+00	0.00e+00
 1.13824e+15	2.93e-10	2.07e-06	1.89e-03	7.45e-02	3.24e-01	6.00e-01	0.00e+00	0.00e+00
 1.16691e+15	3.65e-10	2.49e-06	2.17e-03	8.11e-02	3.35e-01	5.82e-01	0.00e+00	0.00e+00
 1.19694e+15	4.61e-10	3.01e-06	2.50e-03	8.83e-02	3.46e-01	5.63e-01	0.00e+00	0.00e+00
 1.23598e+15	6.17e-10	3.83e-06	2.99e-03	9.82e-02	3.60e-01	5.38e-01	0.00e+00	0.00e+00
 1.27652e+15	8.20e-10	4.86e-06	3.57e-03	1.09e-01	3.74e-01	5.14e-01	0.00e+00	0.00e+00
 1.31103e+15	1.04e-09	5.90e-06	4.12e-03	1.18e-01	3.85e-01	4.93e-01	0.00e+00	0.00e+00
 1.34789e+15	1.33e-09	7.23e-06	4.78e-03	1.29e-01	3.96e-01	4.71e-01	0.00e+00	0.00e+00
 1.39581e+15	1.82e-09	9.34e-06	5.77e-03	1.44e-01	4.08e-01	4.42e-01	0.00e+00	0.00e+00
 1.44481e+15	2.44e-09	1.19e-05	6.90e-03	1.59e-01	4.20e-01	4.14e-01	0.00e+00	0.00e+00
 1.48468e+15	3.08e-09	1.44e-05	7.92e-03	1.71e-01	4.28e-01	3.93e-01	0.00e+00	0.00e+00
 1.52597e+15	3.92e-09	1.75e-05	9.12e-03	1.85e-01	4.35e-01	3.70e-01	0.00e+00	0.00e+00
 1.57965e+15	5.29e-09	2.24e-05	1.09e-02	2.03e-01	4.43e-01	3.43e-01	0.00e+00	0.00e+00
 1.63518e+15	7.05e-09	2.83e-05	1.28e-02	2.22e-01	4.49e-01	3.16e-01	0.00e+00	0.00e+00
 1.68191e+15	8.91e-09	3.42e-05	1.47e-02	2.38e-01	4.53e-01	2.95e-01	0.00e+00	0.00e+00
 1.73143e+15	1.14e-08	4.18e-05	1.69e-02	2.55e-01	4.55e-01	2.73e-01	0.00e+00	0.00e+00
 1.78498e+15	1.46e-08	5.11e-05	1.95e-02	2.73e-01	4.56e-01	2.51e-01	0.00e+00	0.00e+00
 1.83304e+15	1.82e-08	6.08e-05	2.20e-02	2.90e-01	4.56e-01	2.32e-01	0.00e+00	0.00e+00
 1.87560e+15	2.19e-08	7.05e-05	2.43e-02	3.04e-01	4.54e-01	2.17e-01	0.00e+00	0.00e+00
 1.92173e+15	2.68e-08	8.27e-05	2.72e-02	3.20e-01	4.52e-01	2.01e-01	0.00e+00	0.00e+00
 1.97272e+15	3.30e-08	9.78e-05	3.05e-02	3.37e-01	4.48e-01	1.85e-01	0.00e+00	0.00e+00
 2.02229e+15	4.03e-08	1.14e-04	3.39e-02	3.53e-01	4.43e-01	1.70e-01	0.00e+00	0.00e+00
 2.07049e+15	4.85e-08	1.33e-04	3.75e-02	3.68e-01	4.38e-01	1.57e-01	0.00e+00	0.00e+00
 2.12462e+15	5.99e-08	1.56e-04	4.19e-02	3.85e-01	4.30e-01	1.42e-01	0.00e+00	0.00e+00
 2.18526e+15	7.47e-08	1.86e-04	4.70e-02	4.03e-01	4.21e-01	1.28e-01	0.00e+00	0.00e+00
 2.24286e+15	9.14e-08	2.17e-04	5.22e-02	4.20e-01	4.12e-01	1.16e-01	0.00e+00	0.00e+00
 2.29573e+15	1.09e-07	2.50e-04	5.73e-02	4.35e-01	4.02e-01	1.06e-01	0.00e+00	0.00e+00
 2.35397e+15	1.34e-07	2.92e-04	6.35e-02	4.50e-01	3.91e-01	9.49e-02	0.00e+00	0.00e+00
 2.41722e+15	1.64e-07	3.42e-04	7.04e-02	4.66e-01	3.79e-01	8.46e-02	0.00e+00	0.00e+00
 2.47700e+15	1.98e-07	3.95e-04	7.73e-02	4.80e-01	3.66e-01	7.59e-02	0.00e+00	0.00e+00
 2.53539e+15	2.37e-07	4.52e-04	8.45e-02	4.93e-01	3.54e-01	6.82e-02	0.00e+00	0.00e+00
 2.60195e+15	2.93e-07	5.31e-04	9.35e-02	5.07e-01	3.39e-01	5.99e-02	0.00e+00	0.00e+00
 2.67513e+15	3.62e-07	6.23e-04	1.04e-01	5.20e-01	3.23e-01	5.22e-02	0.00e+00	0.00e+00
 2.74319e+15	4.37e-07	7.19e-04	1.14e-01	5.32e-01	3.08e-01	4.59e-02	0.00e+00	0.00e+00
 2.80595e+15	5.20e-07	8.20e-04	1.23e-01	5.41e-01	2.94e-01	4.06e-02	0.00e+00	0.00e+00
 2.87556e+15	6.37e-07	9.55e-04	1.36e-01	5.50e-01	2.78e-01	3.53e-02	0.00e+00	0.00e+00
 2.94872e+15	7.70e-07	1.10e-03	1.48e-01	5.58e-01	2.62e-01	3.05e-02	0.00e+00	0.00e+00
 3.01324e+15	9.14e-07	1.25e-03	1.61e-01	5.63e-01	2.48e-01	2.67e-02	0.00e+00	0.00e+00
 3.08390e+15	1.11e-06	1.44e-03	1.75e-01	5.68e-01	2.33e-01	2.30e-02	0.00e+00	0.00e+00
 3.15944e+15	1.35e-06	1.67e-03	1.91e-01	5.71e-01	2.16e-01	1.95e-02	0.00e+00	0.00e+00
 3.21822e+15	1.55e-06	1.85e-03	2.04e-01	5.72e-01	2.05e-01	1.73e-02	0.00e+00	0.00e+00
 3.26318e+15	1.74e-06	2.02e-03	2.15e-01	5.73e-01	1.95e-01	1.56e-02	0.00e+00	0.00e+00
 3.31329e+15	1.99e-06	2.24e-03	2.27e-01	5.72e-01	1.85e-01	1.39e-02	0.00e+00	0.00e+00
 3.36902e+15	2.30e-06	2.49e-03	2.42e-01	5.70e-01	1.74e-01	1.22e-02	0.00e+00	0.00e+00
 3.42143e+15	2.61e-06	2.74e-03	2.56e-01	5.67e-01	1.63e-01	1.08e-02	0.00e+00	0.00e+00
 3.47893e+15	3.08e-06	3.09e-03	2.73e-01	5.63e-01	1.52e-01	9.29e-03	0.00e+00	0.00e+00
 3.53723e+15	3.56e-06	3.43e-03	2.90e-01	5.57e-01	1.41e-01	8.04e-03	0.00e+00	0.00e+00
 3.58578e+15	4.01e-06	3.75e-03	3.05e-01	5.52e-01	1.32e-01	7.10e-03	0.00e+00	0.00e+00
 3.63815e+15	4.54e-06	4.13e-03	3.22e-01	5.45e-01	1.23e-01	6.17e-03	0.00e+00	0.00e+00
 3.69711e+15	5.48e-06	4.72e-03	3.43e-01	5.34e-01	1.12e-01	5.17e-03	0.00e+00	0.00e+00
 3.74709e+15	6.22e-06	5.19e-03	3.61e-01	5.25e-01	1.04e-01	4.49e-03	0.00e+00	0.00e+00
 3.79448e+15	7.10e-06	5.72e-03	3.79e-01	5.15e-01	9.61e-02	3.88e-03	0.00e+00	0.00e+00
 3.84751e+15	8.05e-06	6.28e-03	3.99e-01	5.04e-01	8.79e-02	3.30e-03	0.00e+00	0.00e+00
 3.89972e+15	9.36e-06	7.02e-03	4.20e-01	4.90e-01	7.98e-02	2.77e-03	0.00e+00	0.00e+00
 3.94811e+15	1.11e-05	7.91e-03	4.41e-01	4.76e-01	7.23e-02	2.32e-03	0.00e+00	0.00e+00
 3.98879e+15	1.25e-05	8.62e-03	4.59e-01	4.64e-01	6.65e-02	2.00e-03	0.00e+00	0.00e+00
 4.03079e+15	1.39e-05	9.36e-03	4.77e-01	4.51e-01	6.08e-02	1.71e-03	0.00e+00	0.00e+00
 4.08539e+15	1.71e-05	1.08e-02	5.04e-01	4.31e-01	5.31e-02	1.35e-03	0.00e+00	0.00e+00
 4.13646e+15	1.94e-05	1.19e-02	5.26e-01	4.14e-01	4.72e-02	1.11e-03	0.00e+00	0.00e+00
 4.17599e+15	2.30e-05	1.34e-02	5.46e-01	3.97e-01	4.21e-02	9.06e-04	0.00e+00	0.00e+00
 4.21165e+15	2.58e-05	1.46e-02	5.63e-01	3.83e-01	3.82e-02	7.69e-04	0.00e+00	0.00e+00
 4.24923e+15	2.89e-05	1.58e-02	5.81e-01	3.69e-01	3.43e-02	6.42e-04	0.00e+00	0.00e+00
 4.29809e+15	3.56e-05	1.83e-02	6.06e-01	3.47e-01	2.91e-02	4.86e-04	0.00e+00	0.00e+00
 4.33745e+15	4.09e-05	2.01e-02	6.24e-01	3.30e-01	2.57e-02	3.93e-04	0.00e+00	0.00e+00
 4.35712e+15	4.39e-05	2.12e-02	6.33e-01	3.22e-01	2.40e-02	3.52e-04	0.00e+00	0.00e+00
 4.37537e+15	4.73e-05	2.23e-02	6.42e-01	3.13e-01	2.24e-02	3.14e-04	0.00e+00	0.00e+00
 4.39910e+15	5.10e-05	2.35e-02	6.52e-01	3.04e-01	2.06e-02	2.74e-04	0.00e+00	0.00e+00
 4.42994e+15	5.90e-05	2.60e-02	6.67e-01	2.89e-01	1.81e-02	2.21e-04	0.00e+00	0.00e+00
 4.45921e+15	6.49e-05	2.78e-02	6.79e-01	2.77e-01	1.63e-02	1.85e-04	0.00e+00	0.00e+00
 4.48645e+15	7.44e-05	3.05e-02	6.91e-01	2.64e-01	1.44e-02	1.50e-04	0.00e+00	0.00e+00
 4.51334e+15	8.14e-05	3.25e-02	7.01e-01	2.53e-01	1.29e-02	1.26e-04	0.00e+00	0.00e+00
 4.53978e+15	9.15e-05	3.52e-02	7.12e-01	2.41e-01	1.14e-02	1.03e-04	0.00e+00	0.00e+00
 4.56813e+15	1.03e-04	3.83e-02	7.22e-01	2.29e-01	1.00e-02	8.32e-05	0.00e+00	0.00e+00
 4.59299e+15	1.17e-04	4.17e-02	7.31e-01	2.18e-01	8.81e-03	6.73e-05	0.00e+00	0.00e+00
 4.61396e+15	1.27e-04	4.40e-02	7.38e-01	2.10e-01	8.00e-03	5.75e-05	0.00e+00	0.00e+00
 4.63587e+15	1.40e-04	4.71e-02	7.45e-01	2.01e-01	7.13e-03	4.76e-05	0.00e+00	0.00e+00
 4.66434e+15	1.63e-04	5.20e-02	7.53e-01	1.89e-01	6.07e-03	3.66e-05	0.00e+00	0.00e+00
 4.69212e+15	1.84e-04	5.65e-02	7.60e-01	1.78e-01	5.23e-03	2.87e-05	0.00e+00	0.00e+00
 4.71392e+15	2.03e-04	6.04e-02	7.65e-01	1.70e-01	4.64e-03	2.36e-05	0.00e+00	0.00e+00
 4.73721e+15	2.27e-04	6.51e-02	7.70e-01	1.61e-01	4.04e-03	1.89e-05	0.00e+00	0.00e+00
 4.76747e+15	2.63e-04	7.17e-02	7.75e-01	1.50e-01	3.37e-03	1.40e-05	0.00e+00	0.00e+00
 4.79757e+15	3.02e-04	7.86e-02	7.79e-01	1.40e-01	2.82e-03	1.05e-05	0.00e+00	0.00e+00
 4.82102e+15	3.37e-04	8.45e-02	7.81e-01	1.32e-01	2.44e-03	8.35e-06	0.00e+00	0.00e+00
 4.84507e+15	3.79e-04	9.12e-02	7.82e-01	1.24e-01	2.09e-03	6.49e-06	0.00e+00	0.00e+00
 4.87225e+15	4.32e-04	9.93e-02	7.83e-01	1.16e-01	1.75e-03	4.89e-06	0.00e+00	0.00e+00
 4.89811e+15	4.89e-04	1.08e-01	7.82e-01	1.08e-01	1.48e-03	3.73e-06	0.00e+00	0.00e+00
 4.92210e+15	5.49e-04	1.16e-01	7.81e-01	1.01e-01	1.26e-03	2.88e-06	0.00e+00	0.00e+00
 4.94905e+15	6.27e-04	1.26e-01	7.78e-01	9.38e-02	1.04e-03	2.13e-06	0.00e+00	0.00e+00
 4.97833e+15	7.23e-04	1.38e-01	7.74e-01	8.62e-02	8.47e-04	1.54e-06	0.00e+00	0.00e+00
 5.00457e+15	8.22e-04	1.50e-01	7.69e-01	7.97e-02	7.03e-04	1.14e-06	0.00e+00	0.00e+00
 5.02894e+15	9.29e-04	1.62e-01	7.63e-01	7.38e-02	5.87e-04	8.61e-07	0.00e+00	0.00e+00
 5.05690e+15	1.07e-03	1.76e-01	7.55e-01	6.74e-02	4.74e-04	0.00e+00	0.00e+00	0.00e+00
 5.08763e+15	1.25e-03	1.94e-01	7.44e-01	6.07e-02	3.75e-04	0.00e+00	0.00e+00	0.00e+00
 5.11570e+15	1.44e-03	2.12e-01	7.32e-01	5.50e-02	3.00e-04	0.00e+00	0.00e+00	0.00e+00
 5.14178e+15	1.64e-03	2.30e-01	7.19e-01	4.99e-02	2.43e-04	0.00e+00	0.00e+00	0.00e+00
 5.17155e+15	1.91e-03	2.51e-01	7.02e-01	4.44e-02	1.88e-04	0.00e+00	0.00e+00	0.00e+00
 5.20471e+15	2.27e-03	2.78e-01	6.81e-01	3.86e-02	1.41e-04	0.00e+00	0.00e+00	0.00e+00
 5.23570e+15	2.68e-03	3.06e-01	6.57e-01	3.36e-02	1.07e-04	0.00e+00	0.00e+00	0.00e+00
 5.26491e+15	3.13e-03	3.34e-01	6.33e-01	2.93e-02	8.14e-05	0.00e+00	0.00e+00	0.00e+00
 5.29840e+15	3.75e-03	3.70e-01	6.02e-01	2.46e-02	5.82e-05	0.00e+00	0.00e+00	0.00e+00
 5.33454e+15	4.57e-03	4.12e-01	5.63e-01	2.01e-02	3.99e-05	0.00e+00	0.00e+00	0.00e+00
 5.36584e+15	5.46e-03	4.52e-01	5.26e-01	1.66e-02	2.82e-05	0.00e+00	0.00e+00	0.00e+00
 5.39315e+15	6.36e-03	4.88e-01	4.92e-01	1.38e-02	2.05e-05	0.00e+00	0.00e+00	0.00e+00
 5.42354e+15	7.54e-03	5.30e-01	4.51e-01	1.10e-02	1.40e-05	0.00e+00	0.00e+00	0.00e+00
 5.45700e+15	9.14e-03	5.79e-01	4.03e-01	8.43e-03	8.96e-06	0.00e+00	0.00e+00	0.00e+00
 5.48691e+15	1.09e-02	6.25e-01	3.58e-01	6.43e-03	5.80e-06	0.00e+00	0.00e+00	0.00e+00
 5.51078e+15	1.26e-02	6.62e-01	3.21e-01	5.07e-03	4.00e-06	0.00e+00	0.00e+00	0.00e+00
 5.53028e+15	1.41e-02	6.91e-01	2.91e-01	4.12e-03	2.90e-06	0.00e+00	0.00e+00	0.00e+00
 5.55156e+15	1.60e-02	7.22e-01	2.59e-01	3.23e-03	2.00e-06	0.00e+00	0.00e+00	0.00e+00
 5.57502e+15	1.85e-02	7.55e-01	2.24e-01	2.41e-03	1.30e-06	0.00e+00	0.00e+00	0.00e+00
 5.59569e+15	2.10e-02	7.83e-01	1.94e-01	1.82e-03	8.58e-07	0.00e+00	0.00e+00	0.00e+00
 5.61289e+15	2.34e-02	8.05e-01	1.71e-01	1.42e-03	0.00e+00	0.00e+00	0.00e+00	0.00e+00
 5.63121e+15	2.63e-02	8.26e-01	1.47e-01	1.07e-03	0.00e+00	0.00e+00	0.00e+00	0.00e+00
 5.65099e+15	2.98e-02	8.46e-01	1.24e-01	7.74e-04	0.00e+00	0.00e+00	0.00e+00	0.00e+00
 5.66817e+15	3.35e-02	8.61e-01	1.05e-01	5.69e-04	0.00e+00	0.00e+00	0.00e+00	0.00e+00
 5.68280e+15	3.69e-02	8.73e-01	9.02e-02	4.35e-04	0.00e+00	0.00e+00	0.00e+00	0.00e+00
 5.69865e+15	4.11e-02	8.83e-01	7.60e-02	3.18e-04	0.00e+00	0.00e+00	0.00e+00	0.00e+00
 5.71601e+15	4.63e-02	8.91e-01	6.21e-02	2.22e-04	0.00e+00	0.00e+00	0.00e+00	0.00e+00
 5.73130e+15	5.17e-02	8.97e-01	5.13e-02	1.58e-04	0.00e+00	0.00e+00	0.00e+00	0.00e+00
 5.74453e+15	5.70e-02	9.00e-01	4.31e-02	1.16e-04	0.00e+00	0.00e+00	0.00e+00	0.00e+00
 5.75910e+15	6.35e-02	9.01e-01	3.54e-02	8.20e-05	0.00e+00	0.00e+00	0.00e+00	0.00e+00
 5.77512e+15	7.17e-02	9.00e-01	2.80e-02	5.46e-05	0.00e+00	0.00e+00	0.00e+00	0.00e+00
 5.78946e+15	8.04e-02	8.97e-01	2.24e-02	3.71e-05	0.00e+00	0.00e+00	0.00e+00	0.00e+00
 5.80205e+15	8.89e-02	8.93e-01	1.83e-02	2.61e-05	0.00e+00	0.00e+00	0.00e+00	0.00e+00
 5.81570e+15	9.93e-02	8.86e-01	1.46e-02	1.75e-05	0.00e+00	0.00e+00	0.00e+00	0.00e+00
 5.83064e+15	1.12e-01	8.77e-01	1.12e-02	1.12e-05	0.00e+00	0.00e+00	0.00e+00	0.00e+00
 5.84315e+15	1.25e-01	8.67e-01	8.90e-03	7.56e-06	0.00e+00	0.00e+00	0.00e+00	0.00e+00
 5.85275e+15	1.35e-01	8.58e-01	7.41e-03	5.53e-06	0.00e+00	0.00e+00	0.00e+00	0.00e+00
 5.86208e+15	1.46e-01	8.48e-01	6.18e-03	4.05e-06	0.00e+00	0.00e+00	0.00e+00	0.00e+00
 5.87226e+15	1.59e-01	8.36e-01	5.05e-03	2.87e-06	0.00e+00	0.00e+00	0.00e+00	0.00e+00
 5.88232e+15	1.72e-01	8.24e-01	4.10e-03	2.02e-06	0.00e+00	0.00e+00	0.00e+00	0.00e+00
 5.89138e+15	1.85e-01	8.11e-01	3.39e-03	1.46e-06	0.00e+00	0.00e+00	0.00e+00	0.00e+00
 5.89804e+15	1.95e-01	8.02e-01	2.95e-03	1.16e-06	0.00e+00	0.00e+00	0.00e+00	0.00e+00
 5.90221e+15	2.02e-01	7.96e-01	2.69e-03	9.95e-07	0.00e+00	0.00e+00	0.00e+00	0.00e+00
 5.90606e+15	2.08e-01	7.90e-01	2.48e-03	0.00e+00	0.00e+00	0.00e+00	0.00e+00	0.00e+00
 5.91073e+15	2.16e-01	7.82e-01	2.23e-03	0.00e+00	0.00e+00	0.00e+00	0.00e+00	0.00e+00
 5.91593e+15	2.24e-01	7.74e-01	1.99e-03	0.00e+00	0.00e+00	0.00e+00	0.00e+00	0.00e+00
 5.92093e+15	2.33e-01	7.65e-01	1.78e-03	0.00e+00	0.00e+00	0.00e+00	0.00e+00	0.00e+00
 5.92559e+15	2.41e-01	7.58e-01	1.60e-03	0.00e+00	0.00e+00	0.00e+00	0.00e+00	0.00e+00
 5.93023e+15	2.49e-01	7.49e-01	1.44e-03	0.00e+00	0.00e+00	0.00e+00	0.00e+00	0.00e+00
 5.93494e+15	2.58e-01	7.41e-01	1.30e-03	0.00e+00	0.00e+00	0.00e+00	0.00e+00	0.00e+00
 5.93969e+15	2.66e-01	7.33e-01	1.16e-03	0.00e+00	0.00e+00	0.00e+00	0.00e+00	0.00e+00
 5.94438e+15	2.75e-01	7.24e-01	1.04e-03	0.00e+00	0.00e+00	0.00e+00	0.00e+00	0.00e+00
 5.94906e+15	2.84e-01	7.15e-01	9.36e-04	0.00e+00	0.00e+00	0.00e+00	0.00e+00	0.00e+00
 5.95380e+15	2.93e-01	7.06e-01	8.38e-04	0.00e+00	0.00e+00	0.00e+00	0.00e+00	0.00e+00
 5.95844e+15	3.02e-01	6.97e-01	7.52e-04	0.00e+00	0.00e+00	0.00e+00	0.00e+00	0.00e+00
 5.96306e+15	3.11e-01	6.88e-01	6.75e-04	0.00e+00	0.00e+00	0.00e+00	0.00e+00	0.00e+00
 5.96778e+15	3.20e-01	6.79e-01	6.04e-04	0.00e+00	0.00e+00	0.00e+00	0.00e+00	0.00e+00
 5.97250e+15	3.29e-01	6.70e-01	5.41e-04	0.00e+00	0.00e+00	0.00e+00	0.00e+00	0.00e+00
 5.97721e+15	3.39e-01	6.61e-01	4.84e-04	0.00e+00	0.00e+00	0.00e+00	0.00e+00	0.00e+00
 5.98195e+15	3.48e-01	6.51e-01	4.33e-04	0.00e+00	0.00e+00	0.00e+00	0.00e+00	0.00e+00
 5.98674e+15	3.58e-01	6.41e-01	3.87e-04	0.00e+00	0.00e+00	0.00e+00	0.00e+00	0.00e+00
 5.99162e+15	3.68e-01	6.32e-01	3.45e-04	0.00e+00	0.00e+00	0.00e+00	0.00e+00	0.00e+00
 5.99645e+15	3.77e-01	6.22e-01	3.08e-04	0.00e+00	0.00e+00	0.00e+00	0.00e+00	0.00e+00
 6.00131e+15	3.87e-01	6.12e-01	2.75e-04	0.00e+00	0.00e+00	0.00e+00	0.00e+00	0.00e+00
 6.00629e+15	3.97e-01	6.03e-01	2.46e-04	0.00e+00	0.00e+00	0.00e+00	0.00e+00	0.00e+00
 6.01139e+15	4.07e-01	5.92e-01	2.19e-04	0.00e+00	0.00e+00	0.00e+00	0.00e+00	0.00e+00
 6.01657e+15	4.18e-01	5.82e-01	1.95e-04	0.00e+00	0.00e+00	0.00e+00	0.00e+00	0.00e+00
 6.02179e+15	4.28e-01	5.71e-01	1.73e-04	0.00e+00	0.00e+00	0.00e+00	0.00e+00	0.00e+00
 6.02704e+15	4.39e-01	5.61e-01	1.54e-04	0.00e+00	0.00e+00	0.00e+00	0.00e+00	0.00e+00
 6.03231e+15	4.49e-01	5.51e-01	1.38e-04	0.00e+00	0.00e+00	0.00e+00	0.00e+00	0.00e+00
 6.03766e+15	4.60e-01	5.40e-01	1.23e-04	0.00e+00	0.00e+00	0.00e+00	0.00e+00	0.00e+00
 6.04312e+15	4.71e-01	5.29e-01	1.10e-04	0.00e+00	0.00e+00	0.00e+00	0.00e+00	0.00e+00
 6.04870e+15	4.82e-01	5.18e-01	9.86e-05	0.00e+00	0.00e+00	0.00e+00	0.00e+00	0.00e+00
 6.05442e+15	4.93e-01	5.07e-01	8.83e-05	0.00e+00	0.00e+00	0.00e+00	0.00e+00	0.00e+00
 6.06030e+15	5.04e-01	4.96e-01	7.91e-05	0.00e+00	0.00e+00	0.00e+00	0.00e+00	0.00e+00
 6.06641e+15	5.16e-01	4.84e-01	7.09e-05	0.00e+00	0.00e+00	0.00e+00	0.00e+00	0.00e+00
 6.07280e+15	5.27e-01	4.73e-01	6.36e-05	0.00e+00	0.00e+00	0.00e+00	0.00e+00	0.00e+00
 6.07954e+15	5.39e-01	4.61e-01	5.70e-05	0.00e+00	0.00e+00	0.00e+00	0.00e+00	0.00e+00
 6.08669e+15	5.52e-01	4.48e-01	5.11e-05	0.00e+00	0.00e+00	0.00e+00	0.00e+00	0.00e+00
 6.09435e+15	5.65e-01	4.35e-01	4.58e-05	0.00e+00	0.00e+00	0.00e+00	0.00e+00	0.00e+00
 6.10256e+15	5.79e-01	4.21e-01	4.11e-05	0.00e+00	0.00e+00	0.00e+00	0.00e+00	0.00e+00
 6.11147e+15	5.92e-01	4.08e-01	3.69e-05	0.00e+00	0.00e+00	0.00e+00	0.00e+00	0.00e+00
 6.12140e+15	6.06e-01	3.94e-01	3.30e-05	0.00e+00	0.00e+00	0.00e+00	0.00e+00	0.00e+00
 6.13257e+15	6.20e-01	3.80e-01	2.96e-05	0.00e+00	0.00e+00	0.00e+00	0.00e+00	0.00e+00
 6.14452e+15	6.36e-01	3.64e-01	2.66e-05	0.00e+00	0.00e+00	0.00e+00	0.00e+00	0.00e+00
 6.15655e+15	6.49e-01	3.51e-01	2.42e-05	0.00e+00	0.00e+00	0.00e+00	0.00e+00	0.00e+00
 6.16847e+15	6.61e-01	3.39e-01	2.22e-05	0.00e+00	0.00e+00	0.00e+00	0.00e+00	0.00e+00
 6.18214e+15	6.74e-01	3.26e-01	2.02e-05	0.00e+00	0.00e+00	0.00e+00	0.00e+00	0.00e+00
 6.19991e+15	6.87e-01	3.13e-01	1.82e-05	0.00e+00	0.00e+00	0.00e+00	0.00e+00	0.00e+00
 6.21933e+15	7.04e-01	2.96e-01	1.62e-05	0.00e+00	0.00e+00	0.00e+00	0.00e+00	0.00e+00
 6.23767e+15	7.19e-01	2.81e-01	1.46e-05	0.00e+00	0.00e+00	0.00e+00	0.00e+00	0.00e+00
 6.25579e+15	7.32e-01	2.68e-01	1.32e-05	0.00e+00	0.00e+00	0.00e+00	0.00e+00	0.00e+00
 6.27445e+15	7.46e-01	2.54e-01	1.20e-05	0.00e+00	0.00e+00	0.00e+00	0.00e+00	0.00e+00
 6.29348e+15	7.59e-01	2.41e-01	1.08e-05	0.00e+00	0.00e+00	0.00e+00	0.00e+00	0.00e+00
 6.31234e+15	7.72e-01	2.28e-01	9.74e-06	0.00e+00	0.00e+00	0.00e+00	0.00e+00	0.00e+00
 6.33079e+15	7.84e-01	2.16e-01	8.81e-06	0.00e+00	0.00e+00	0.00e+00	0.00e+00	0.00e+00
 6.34884e+15	7.96e-01	2.04e-01	7.97e-06	0.00e+00	0.00e+00	0.00e+00	0.00e+00	0.00e+00
 6.36656e+15	8.07e-01	1.93e-01	7.21e-06	0.00e+00	0.00e+00	0.00e+00	0.00e+00	0.00e+00
 6.38398e+15	8.18e-01	1.82e-01	6.53e-06	0.00e+00	0.00e+00	0.00e+00	0.00e+00	0.00e+00
 6.40107e+15	8.28e-01	1.72e-01	5.92e-06	0.00e+00	0.00e+00	0.00e+00	0.00e+00	0.00e+00
 6.41784e+15	8.38e-01	1.62e-01	5.37e-06	0.00e+00	0.00e+00	0.00e+00	0.00e+00	0.00e+00
 6.43429e+15	8.47e-01	1.53e-01	4.87e-06	0.00e+00	0.00e+00	0.00e+00	0.00e+00	0.00e+00
 6.45042e+15	8.56e-01	1.44e-01	4.43e-06	0.00e+00	0.00e+00	0.00e+00	0.00e+00	0.00e+00
 6.46624e+15	8.65e-01	1.35e-01	4.01e-06	0.00e+00	0.00e+00	0.00e+00	0.00e+00	0.00e+00
 6.48216e+15	8.73e-01	1.27e-01	3.65e-06	0.00e+00	0.00e+00	0.00e+00	0.00e+00	0.00e+00
 6.49762e+15	8.80e-01	1.20e-01	3.31e-06	0.00e+00	0.00e+00	0.00e+00	0.00e+00	0.00e+00
 6.51252e+15	8.87e-01	1.13e-01	3.02e-06	0.00e+00	0.00e+00	0.00e+00	0.00e+00	0.00e+00
 6.52746e+15	8.94e-01	1.06e-01	2.75e-06	0.00e+00	0.00e+00	0.00e+00	0.00e+00	0.00e+00
 6.54206e+15	9.00e-01	9.97e-02	2.51e-06	0.00e+00	0.00e+00	0.00e+00	0.00e+00	0.00e+00
 6.55621e+15	9.06e-01	9.40e-02	2.29e-06	0.00e+00	0.00e+00	0.00e+00	0.00e+00	0.00e+00
 6.57004e+15	9.11e-01	8.86e-02	2.10e-06	0.00e+00	0.00e+00	0.00e+00	0.00e+00	0.00e+00
 6.58365e+15	9.17e-01	8.35e-02	1.92e-06	0.00e+00	0.00e+00	0.00e+00	0.00e+00	0.00e+00
 6.59709e+15	9.21e-01	7.86e-02	1.76e-06	0.00e+00	0.00e+00	0.00e+00	0.00e+00	0.00e+00
 6.61043e+15	9.26e-01	7.41e-02	1.61e-06	0.00e+00	0.00e+00	0.00e+00	0.00e+00	0.00e+00
 6.62361e+15	9.30e-01	6.98e-02	1.48e-06	0.00e+00	0.00e+00	0.00e+00	0.00e+00	0.00e+00
 6.63657e+15	9.34e-01	6.58e-02	1.36e-06	0.00e+00	0.00e+00	0.00e+00	0.00e+00	0.00e+00
 6.64923e+15	9.38e-01	6.21e-02	1.25e-06	0.00e+00	0.00e+00	0.00e+00	0.00e+00	0.00e+00
 6.66166e+15	9.41e-01	5.86e-02	1.15e-06	0.00e+00	0.00e+00	0.00e+00	0.00e+00	0.00e+00
 6.67403e+15	9.45e-01	5.54e-02	1.06e-06	0.00e+00	0.00e+00	0.00e+00	0.00e+00	0.00e+00
 6.68634e+15	9.48e-01	5.23e-02	9.75e-07	0.00e+00	0.00e+00	0.00e+00	0.00e+00	0.00e+00
 6.69851e+15	9.51e-01	4.94e-02	8.99e-07	0.00e+00	0.00e+00	0.00e+00	0.00e+00	0.00e+00
 6.71051e+15	9.53e-01	4.67e-02	8.30e-07	0.00e+00	0.00e+00	0.00e+00	0.00e+00	0.00e+00
 6.72237e+15	9.56e-01	4.42e-02	7.67e-07	0.00e+00	0.00e+00	0.00e+00	0.00e+00	0.00e+00
 6.73412e+15	9.58e-01	4.18e-02	7.10e-07	0.00e+00	0.00e+00	0.00e+00	0.00e+00	0.00e+00
 6.74577e+15	9.60e-01	3.96e-02	6.57e-07	0.00e+00	0.00e+00	0.00e+00	0.00e+00	0.00e+00
 6.75732e+15	9.63e-01	3.75e-02	6.09e-07	0.00e+00	0.00e+00	0.00e+00	0.00e+00	0.00e+00
 6.76878e+15	9.64e-01	3.55e-02	5.65e-07	0.00e+00	0.00e+00	0.00e+00	0.00e+00	0.00e+00
 6.78017e+15	9.66e-01	3.37e-02	5.24e-07	0.00e+00	0.00e+00	0.00e+00	0.00e+00	0.00e+00
 6.79151e+15	9.68e-01	3.20e-02	4.87e-07	0.00e+00	0.00e+00	0.00e+00	0.00e+00	0.00e+00
 6.80280e+15	9.70e-01	3.03e-02	4.52e-07	0.00e+00	0.00e+00	0.00e+00	0.00e+00	0.00e+00
 6.81406e+15	9.71e-01	2.88e-02	4.20e-07	0.00e+00	0.00e+00	0.00e+00	0.00e+00	0.00e+00
 6.82532e+15	9.73e-01	2.73e-02	3.91e-07	0.00e+00	0.00e+00	0.00e+00	0.00e+00	0.00e+00
 6.83660e+15	9.74e-01	2.60e-02	3.64e-07	0.00e+00	0.00e+00	0.00e+00	0.00e+00	0.00e+00
 6.84807e+15	9.75e-01	2.47e-02	3.38e-07	0.00e+00	0.00e+00	0.00e+00	0.00e+00	0.00e+00
 6.85983e+15	9.77e-01	2.34e-02	3.14e-07	0.00e+00	0.00e+00	0.00e+00	0.00e+00	0.00e+00
 6.87178e+15	9.78e-01	2.22e-02	2.91e-07	0.00e+00	0.00e+00	0.00e+00	0.00e+00	0.00e+00
 6.88387e+15	9.79e-01	2.10e-02	2.70e-07	0.00e+00	0.00e+00	0.00e+00	0.00e+00	0.00e+00
 6.89617e+15	9.80e-01	1.99e-02	2.51e-07	0.00e+00	0.00e+00	0.00e+00	0.00e+00	0.00e+00
 6.90882e+15	9.81e-01	1.89e-02	2.32e-07	0.00e+00	0.00e+00	0.00e+00	0.00e+00	0.00e+00
 6.92191e+15	9.82e-01	1.79e-02	2.14e-07	0.00e+00	0.00e+00	0.00e+00	0.00e+00	0.00e+00
 6.93558e+15	9.83e-01	1.69e-02	1.98e-07	0.00e+00	0.00e+00	0.00e+00	0.00e+00	0.00e+00
 6.95001e+15	9.84e-01	1.59e-02	1.82e-07	0.00e+00	0.00e+00	0.00e+00	0.00e+00	0.00e+00
 6.96549e+15	9.85e-01	1.49e-02	1.66e-07	0.00e+00	0.00e+00	0.00e+00	0.00e+00	0.00e+00
 6.98243e+15	9.86e-01	1.39e-02	1.51e-07	0.00e+00	0.00e+00	0.00e+00	0.00e+00	0.00e+00
 7.00150e+15	9.87e-01	1.29e-02	1.35e-07	0.00e+00	0.00e+00	0.00e+00	0.00e+00	0.00e+00
 7.02337e+15	9.88e-01	1.19e-02	1.20e-07	0.00e+00	0.00e+00	0.00e+00	0.00e+00	0.00e+00
 7.04572e+15	9.89e-01	1.10e-02	1.07e-07	0.00e+00	0.00e+00	0.00e+00	0.00e+00	0.00e+00
 7.06606e+15	9.90e-01	1.03e-02	9.65e-08	0.00e+00	0.00e+00	0.00e+00	0.00e+00	0.00e+00
 7.08457e+15	9.90e-01	9.68e-03	8.82e-08	0.00e+00	0.00e+00	0.00e+00	0.00e+00	0.00e+00
 7.10142e+15	9.91e-01	9.19e-03	8.15e-08	0.00e+00	0.00e+00	0.00e+00	0.00e+00	0.00e+00
 7.11674e+15	9.91e-01	8.77e-03	7.59e-08	0.00e+00	0.00e+00	0.00e+00	0.00e+00	0.00e+00
 7.13069e+15	9.92e-01	8.42e-03	7.13e-08	0.00e+00	0.00e+00	0.00e+00	0.00e+00	0.00e+00
 7.14338e+15	9.92e-01	8.11e-03	6.73e-08	0.00e+00	0.00e+00	0.00e+00	0.00e+00	0.00e+00
 7.15493e+15	9.92e-01	7.86e-03	6.41e-08	0.00e+00	0.00e+00	0.00e+00	0.00e+00	0.00e+00
 7.16759e+15	9.92e-01	7.59e-03	6.06e-08	0.00e+00	0.00e+00	0.00e+00	0.00e+00	0.00e+00
 7.18404e+15	9.93e-01	7.24e-03	5.63e-08	0.00e+00	0.00e+00	0.00e+00	0.00e+00	0.00e+00
 7.20181e+15	9.93e-01	6.92e-03	5.24e-08	0.00e+00	0.00e+00	0.00e+00	0.00e+00	0.00e+00
 7.21797e+15	9.93e-01	6.65e-03	4.91e-08	0.00e+00	0.00e+00	0.00e+00	0.00e+00	0.00e+00
 7.23268e+15	9.94e-01	6.43e-03	4.65e-08	0.00e+00	0.00e+00	0.00e+00	0.00e+00	0.00e+00
 7.24607e+15	9.94e-01	6.24e-03	4.42e-08	0.00e+00	0.00e+00	0.00e+00	0.00e+00	0.00e+00
 7.25825e+15	9.94e-01	6.08e-03	4.23e-08	0.00e+00	0.00e+00	0.00e+00	0.00e+00	0.00e+00
 7.26933e+15	9.94e-01	5.95e-03	4.07e-08	0.00e+00	0.00e+00	0.00e+00	0.00e+00	0.00e+00
 7.27942e+15	9.94e-01	5.83e-03	3.93e-08	0.00e+00	0.00e+00	0.00e+00	0.00e+00	0.00e+00
 7.29047e+15	9.94e-01	5.71e-03	3.78e-08	0.00e+00	0.00e+00	0.00e+00	0.00e+00	0.00e+00
 7.30240e+15	9.94e-01	5.58e-03	3.63e-08	0.00e+00	0.00e+00	0.00e+00	0.00e+00	0.00e+00
