#depth	O	O+	O+2	O+3	O+4	O+5	O+6	O+7	O+8	O[1]	O[2]	O[3]
 1.49634e+10	0.00e+00	2.16e-45	1.07e-34	4.55e-25	2.35e-16	1.23e-08	1.00e+00	0.00e+00	0.00e+00	0.00e+00	0.00e+00	0.00e+00
 4.54887e+10	0.00e+00	0.00e+00	1.47e-34	5.77e-25	2.76e-16	1.33e-08	1.00e+00	8.16e-09	0.00e+00	0.00e+00	0.00e+00	0.00e+00
 7.72350e+10	0.00e+00	4.74e-45	2.02e-34	7.31e-25	3.23e-16	1.44e-08	1.00e+00	0.00e+00	0.00e+00	0.00e+00	0.00e+00	0.00e+00
 1.10251e+11	0.00e+00	0.00e+00	2.76e-34	9.27e-25	3.78e-16	1.55e-08	1.00e+00	0.00e+00	0.00e+00	0.00e+00	0.00e+00	0.00e+00
 1.44588e+11	0.00e+00	1.04e-44	3.79e-34	1.17e-24	4.43e-16	1.68e-08	1.00e+00	0.00e+00	0.00e+00	0.00e+00	0.00e+00	0.00e+00
 1.80298e+11	0.00e+00	0.00e+00	5.19e-34	1.49e-24	5.19e-16	1.82e-08	1.00e+00	0.00e+00	0.00e+00	0.00e+00	0.00e+00	0.00e+00
 2.17437e+11	0.00e+00	2.30e-44	7.12e-34	1.89e-24	6.09e-16	1.97e-08	1.00e+00	0.00e+00	0.00e+00	0.00e+00	0.00e+00	0.00e+00
 2.56061e+11	0.00e+00	0.00e+00	9.77e-34	2.39e-24	7.13e-16	2.14e-08	1.00e+00	0.00e+00	0.00e+00	0.00e+00	0.00e+00	0.00e+00
 2.96231e+11	0.00e+00	5.06e-44	1.34e-33	3.04e-24	8.36e-16	2.31e-08	1.00e+00	0.00e+00	0.00e+00	0.00e+00	0.00e+00	0.00e+00
 3.38007e+11	0.00e+00	0.00e+00	1.84e-33	3.85e-24	9.80e-16	2.50e-08	1.00e+00	0.00e+00	0.00e+00	0.00e+00	0.00e+00	0.00e+00
 3.79382e+11	0.00e+00	1.10e-43	2.49e-33	4.83e-24	1.14e-15	2.70e-08	1.00e+00	0.00e+00	0.00e+00	0.00e+00	0.00e+00	0.00e+00
 4.22411e+11	0.00e+00	0.00e+00	3.37e-33	6.07e-24	1.33e-15	2.92e-08	1.00e+00	0.00e+00	0.00e+00	0.00e+00	0.00e+00	0.00e+00
 4.69235e+11	0.00e+00	2.38e-43	4.63e-33	7.70e-24	1.56e-15	3.16e-08	1.00e+00	0.00e+00	0.00e+00	0.00e+00	0.00e+00	0.00e+00
 5.16628e+11	0.00e+00	0.00e+00	6.30e-33	9.72e-24	1.82e-15	3.42e-08	1.00e+00	0.00e+00	0.00e+00	0.00e+00	0.00e+00	0.00e+00
 5.65917e+11	0.00e+00	5.15e-43	8.59e-33	1.23e-23	2.13e-15	3.70e-08	1.00e+00	0.00e+00	0.00e+00	0.00e+00	0.00e+00	0.00e+00
 6.18481e+11	0.00e+00	0.00e+00	1.18e-32	1.56e-23	2.50e-15	4.01e-08	1.00e+00	0.00e+00	0.00e+00	0.00e+00	0.00e+00	0.00e+00
 6.73147e+11	0.00e+00	1.14e-42	1.62e-32	1.98e-23	2.94e-15	4.34e-08	1.00e+00	0.00e+00	0.00e+00	0.00e+00	0.00e+00	0.00e+00
 7.29999e+11	0.00e+00	0.00e+00	2.23e-32	2.52e-23	3.45e-15	4.71e-08	1.00e+00	0.00e+00	0.00e+00	0.00e+00	0.00e+00	0.00e+00
 7.89126e+11	0.00e+00	2.53e-42	3.08e-32	3.21e-23	4.05e-15	5.11e-08	1.00e+00	0.00e+00	0.00e+00	0.00e+00	0.00e+00	0.00e+00
 8.50618e+11	0.00e+00	0.00e+00	4.23e-32	4.08e-23	4.77e-15	5.54e-08	1.00e+00	0.00e+00	0.00e+00	0.00e+00	0.00e+00	0.00e+00
 9.14569e+11	0.00e+00	5.63e-42	5.83e-32	5.19e-23	5.60e-15	6.01e-08	1.00e+00	0.00e+00	0.00e+00	0.00e+00	0.00e+00	0.00e+00
 9.81079e+11	0.00e+00	0.00e+00	8.04e-32	6.61e-23	6.59e-15	6.52e-08	1.00e+00	0.00e+00	0.00e+00	0.00e+00	0.00e+00	0.00e+00
 1.05025e+12	0.00e+00	1.25e-41	1.11e-31	8.43e-23	7.76e-15	7.08e-08	1.00e+00	0.00e+00	0.00e+00	0.00e+00	0.00e+00	0.00e+00
 1.12219e+12	0.00e+00	0.00e+00	1.53e-31	1.07e-22	9.14e-15	7.69e-08	1.00e+00	0.00e+00	0.00e+00	0.00e+00	0.00e+00	0.00e+00
 1.19700e+12	0.00e+00	2.80e-41	2.11e-31	1.37e-22	1.08e-14	8.35e-08	1.00e+00	0.00e+00	0.00e+00	0.00e+00	0.00e+00	0.00e+00
 1.27481e+12	0.00e+00	0.00e+00	2.92e-31	1.75e-22	1.27e-14	9.08e-08	1.00e+00	0.00e+00	0.00e+00	0.00e+00	0.00e+00	0.00e+00
 1.35573e+12	0.00e+00	6.27e-41	4.03e-31	2.23e-22	1.50e-14	9.87e-08	1.00e+00	0.00e+00	0.00e+00	0.00e+00	0.00e+00	0.00e+00
 1.43988e+12	0.00e+00	0.00e+00	5.57e-31	2.86e-22	1.77e-14	1.07e-07	1.00e+00	0.00e+00	0.00e+00	0.00e+00	0.00e+00	0.00e+00
 1.52740e+12	0.00e+00	1.41e-40	7.71e-31	3.65e-22	2.09e-14	1.17e-07	1.00e+00	0.00e+00	0.00e+00	0.00e+00	0.00e+00	0.00e+00
 1.61843e+12	0.00e+00	0.00e+00	1.07e-30	4.68e-22	2.47e-14	1.27e-07	1.00e+00	0.00e+00	0.00e+00	0.00e+00	0.00e+00	0.00e+00
 1.71309e+12	0.00e+00	3.17e-40	1.48e-30	5.99e-22	2.92e-14	1.38e-07	1.00e+00	0.00e+00	0.00e+00	0.00e+00	0.00e+00	0.00e+00
 1.81154e+12	0.00e+00	0.00e+00	2.05e-30	7.68e-22	3.46e-14	1.51e-07	1.00e+00	0.00e+00	0.00e+00	0.00e+00	0.00e+00	0.00e+00
 1.90257e+12	0.00e+00	6.83e-40	2.75e-30	9.58e-22	4.02e-14	1.63e-07	1.00e+00	0.00e+00	0.00e+00	0.00e+00	0.00e+00	0.00e+00
 1.98154e+12	0.00e+00	0.00e+00	3.51e-30	1.15e-21	4.56e-14	1.74e-07	1.00e+00	0.00e+00	0.00e+00	0.00e+00	0.00e+00	0.00e+00
 2.06926e+12	0.00e+00	1.29e-39	4.58e-30	1.41e-21	5.24e-14	1.86e-07	1.00e+00	0.00e+00	0.00e+00	0.00e+00	0.00e+00	0.00e+00
 2.17618e+12	0.00e+00	0.00e+00	6.25e-30	1.79e-21	6.17e-14	2.02e-07	1.00e+00	0.00e+00	0.00e+00	0.00e+00	0.00e+00	0.00e+00
 2.28481e+12	0.00e+00	2.78e-39	8.49e-30	2.26e-21	7.24e-14	2.19e-07	1.00e+00	0.00e+00	0.00e+00	0.00e+00	0.00e+00	0.00e+00
 2.38362e+12	0.00e+00	0.00e+00	1.11e-29	2.78e-21	8.34e-14	2.36e-07	1.00e+00	0.00e+00	0.00e+00	0.00e+00	0.00e+00	0.00e+00
 2.49291e+12	0.00e+00	5.55e-39	1.48e-29	3.47e-21	9.70e-14	2.55e-07	1.00e+00	0.00e+00	0.00e+00	0.00e+00	0.00e+00	0.00e+00
 2.62073e+12	0.00e+00	0.00e+00	2.06e-29	4.45e-21	1.15e-13	2.78e-07	1.00e+00	0.00e+00	0.00e+00	0.00e+00	0.00e+00	0.00e+00
 2.74611e+12	0.00e+00	1.22e-38	2.80e-29	5.64e-21	1.36e-13	3.03e-07	1.00e+00	0.00e+00	0.00e+00	0.00e+00	0.00e+00	0.00e+00
 2.86243e+12	0.00e+00	0.00e+00	3.69e-29	6.97e-21	1.57e-13	3.26e-07	1.00e+00	0.00e+00	0.00e+00	0.00e+00	0.00e+00	0.00e+00
 2.99277e+12	0.00e+00	2.48e-38	4.97e-29	8.77e-21	1.84e-13	3.54e-07	1.00e+00	0.00e+00	0.00e+00	0.00e+00	0.00e+00	0.00e+00
 3.14241e+12	0.00e+00	0.00e+00	6.93e-29	1.13e-20	2.19e-13	3.88e-07	1.00e+00	0.00e+00	0.00e+00	0.00e+00	0.00e+00	0.00e+00
 3.28874e+12	0.00e+00	5.48e-38	9.45e-29	1.44e-20	2.59e-13	4.23e-07	1.00e+00	0.00e+00	0.00e+00	0.00e+00	0.00e+00	0.00e+00
 3.42840e+12	0.00e+00	0.00e+00	1.26e-28	1.79e-20	3.02e-13	4.58e-07	1.00e+00	0.00e+00	0.00e+00	0.00e+00	0.00e+00	0.00e+00
 3.58294e+12	0.00e+00	1.14e-37	1.71e-28	2.27e-20	3.57e-13	4.99e-07	1.00e+00	0.00e+00	0.00e+00	0.00e+00	0.00e+00	0.00e+00
 3.75618e+12	0.00e+00	0.00e+00	2.37e-28	2.93e-20	4.26e-13	5.47e-07	1.00e+00	0.00e+00	0.00e+00	0.00e+00	0.00e+00	0.00e+00
 3.92978e+12	0.00e+00	2.51e-37	3.26e-28	3.74e-20	5.06e-13	5.99e-07	1.00e+00	0.00e+00	0.00e+00	0.00e+00	0.00e+00	0.00e+00
 4.11031e+12	0.00e+00	0.00e+00	4.47e-28	4.78e-20	6.01e-13	6.55e-07	1.00e+00	0.00e+00	0.00e+00	0.00e+00	0.00e+00	0.00e+00
 4.30465e+12	0.00e+00	5.54e-37	6.21e-28	6.17e-20	7.19e-13	7.19e-07	1.00e+00	0.00e+00	0.00e+00	0.00e+00	0.00e+00	0.00e+00
 4.50677e+12	0.00e+00	0.00e+00	8.60e-28	7.95e-20	8.60e-13	7.90e-07	1.00e+00	0.00e+00	0.00e+00	0.00e+00	0.00e+00	0.00e+00
 4.71696e+12	0.00e+00	1.23e-36	1.19e-27	1.02e-19	1.03e-12	8.68e-07	1.00e+00	0.00e+00	0.00e+00	0.00e+00	0.00e+00	0.00e+00
 4.93557e+12	3.39e-46	1.83e-36	1.65e-27	1.32e-19	1.23e-12	9.54e-07	1.00e+00	0.00e+00	0.00e+00	0.00e+00	0.00e+00	0.00e+00
 5.16292e+12	0.00e+00	0.00e+00	2.27e-27	1.70e-19	1.47e-12	1.05e-06	1.00e+00	0.00e+00	0.00e+00	0.00e+00	0.00e+00	0.00e+00
 5.37875e+12	0.00e+00	3.87e-36	3.05e-27	2.14e-19	1.73e-12	1.14e-06	1.00e+00	0.00e+00	0.00e+00	0.00e+00	0.00e+00	0.00e+00
 5.57449e+12	1.20e-45	5.29e-36	3.94e-27	2.61e-19	2.00e-12	1.23e-06	1.00e+00	0.00e+00	0.00e+00	0.00e+00	0.00e+00	0.00e+00
 5.79482e+12	0.00e+00	0.00e+00	5.20e-27	3.25e-19	2.34e-12	1.34e-06	1.00e+00	0.00e+00	0.00e+00	0.00e+00	0.00e+00	0.00e+00
 6.04019e+12	0.00e+00	1.07e-35	7.01e-27	4.11e-19	2.77e-12	1.47e-06	1.00e+00	0.00e+00	0.00e+00	0.00e+00	0.00e+00	0.00e+00
 6.27091e+12	4.09e-45	1.48e-35	9.18e-27	5.08e-19	3.22e-12	1.59e-06	1.00e+00	0.00e+00	0.00e+00	0.00e+00	0.00e+00	0.00e+00
 6.52338e+12	0.00e+00	0.00e+00	1.22e-26	6.36e-19	3.78e-12	1.73e-06	1.00e+00	0.00e+00	0.00e+00	0.00e+00	0.00e+00	0.00e+00
 6.80581e+12	0.00e+00	3.01e-35	1.65e-26	8.09e-19	4.50e-12	1.90e-06	1.00e+00	0.00e+00	0.00e+00	0.00e+00	0.00e+00	0.00e+00
 7.07358e+12	1.41e-44	4.20e-35	2.18e-26	1.01e-18	5.27e-12	2.07e-06	1.00e+00	0.00e+00	0.00e+00	0.00e+00	0.00e+00	0.00e+00
 7.36050e+12	0.00e+00	5.92e-35	2.90e-26	1.26e-18	6.20e-12	2.26e-06	1.00e+00	0.00e+00	0.00e+00	0.00e+00	0.00e+00	0.00e+00
 7.68485e+12	3.28e-44	8.57e-35	3.94e-26	1.61e-18	7.40e-12	2.49e-06	1.00e+00	0.00e+00	0.00e+00	0.00e+00	0.00e+00	0.00e+00
 8.00266e+12	0.00e+00	1.21e-34	5.27e-26	2.03e-18	8.75e-12	2.73e-06	1.00e+00	0.00e+00	0.00e+00	0.00e+00	0.00e+00	0.00e+00
 8.28454e+12	7.00e-44	1.63e-34	6.74e-26	2.48e-18	1.01e-11	2.95e-06	1.00e+00	0.00e+00	0.00e+00	0.00e+00	0.00e+00	0.00e+00
 8.58221e+12	0.00e+00	2.20e-34	8.65e-26	3.03e-18	1.17e-11	3.19e-06	1.00e+00	0.00e+00	0.00e+00	0.00e+00	0.00e+00	0.00e+00
 8.91827e+12	1.46e-43	3.03e-34	1.14e-25	3.77e-18	1.37e-11	3.49e-06	1.00e+00	0.00e+00	0.00e+00	0.00e+00	0.00e+00	0.00e+00
 9.23918e+12	0.00e+00	4.08e-34	1.46e-25	4.61e-18	1.58e-11	3.78e-06	1.00e+00	0.00e+00	0.00e+00	0.00e+00	0.00e+00	0.00e+00
 9.59127e+12	2.97e-43	5.57e-34	1.90e-25	5.70e-18	1.85e-11	4.12e-06	1.00e+00	0.00e+00	0.00e+00	0.00e+00	0.00e+00	0.00e+00
 9.97963e+12	0.00e+00	7.73e-34	2.50e-25	7.14e-18	2.18e-11	4.51e-06	1.00e+00	0.00e+00	0.00e+00	0.00e+00	0.00e+00	0.00e+00
 1.03386e+13	6.13e-43	1.03e-33	3.20e-25	8.73e-18	2.52e-11	4.90e-06	1.00e+00	0.00e+00	0.00e+00	0.00e+00	0.00e+00	0.00e+00
 1.07289e+13	0.00e+00	1.40e-33	4.14e-25	1.08e-17	2.94e-11	5.33e-06	1.00e+00	0.00e+00	0.00e+00	0.00e+00	0.00e+00	0.00e+00
 1.11663e+13	1.27e-42	1.94e-33	5.46e-25	1.35e-17	3.47e-11	5.86e-06	1.00e+00	0.00e+00	0.00e+00	0.00e+00	0.00e+00	0.00e+00
 1.15809e+13	0.00e+00	2.60e-33	7.02e-25	1.66e-17	4.03e-11	6.37e-06	1.00e+00	0.00e+00	0.00e+00	0.00e+00	0.00e+00	0.00e+00
 1.20292e+13	2.55e-42	3.52e-33	9.11e-25	2.06e-17	4.72e-11	6.96e-06	1.00e+00	0.00e+00	0.00e+00	0.00e+00	0.00e+00	0.00e+00
 1.25269e+13	0.00e+00	4.86e-33	1.20e-24	2.59e-17	5.57e-11	7.66e-06	1.00e+00	0.00e+00	0.00e+00	0.00e+00	0.00e+00	0.00e+00
 1.30036e+13	5.20e-42	6.54e-33	1.55e-24	3.19e-17	6.49e-11	8.36e-06	1.00e+00	0.00e+00	0.00e+00	0.00e+00	0.00e+00	0.00e+00
 1.35126e+13	0.00e+00	8.86e-33	2.02e-24	3.96e-17	7.59e-11	9.14e-06	1.00e+00	0.00e+00	0.00e+00	0.00e+00	0.00e+00	0.00e+00
 1.40831e+13	1.07e-41	1.23e-32	2.67e-24	5.00e-17	8.99e-11	1.01e-05	1.00e+00	0.00e+00	0.00e+00	0.00e+00	0.00e+00	0.00e+00
 1.46503e+13	0.00e+00	1.67e-32	3.49e-24	6.25e-17	1.05e-10	1.10e-05	1.00e+00	0.00e+00	0.00e+00	0.00e+00	0.00e+00	0.00e+00
 1.52403e+13	2.18e-41	2.28e-32	4.57e-24	7.81e-17	1.24e-10	1.21e-05	1.00e+00	0.00e+00	0.00e+00	0.00e+00	0.00e+00	0.00e+00
 1.58798e+13	0.00e+00	3.15e-32	6.05e-24	9.84e-17	1.46e-10	1.33e-05	1.00e+00	0.00e+00	0.00e+00	0.00e+00	0.00e+00	0.00e+00
 1.65449e+13	4.57e-41	4.35e-32	8.00e-24	1.24e-16	1.72e-10	1.46e-05	1.00e+00	0.00e+00	0.00e+00	0.00e+00	0.00e+00	0.00e+00
 1.72366e+13	0.00e+00	6.00e-32	1.06e-23	1.56e-16	2.03e-10	1.61e-05	1.00e+00	0.00e+00	0.00e+00	0.00e+00	0.00e+00	0.00e+00
 1.79560e+13	9.56e-41	8.30e-32	1.40e-23	1.97e-16	2.39e-10	1.77e-05	1.00e+00	0.00e+00	0.00e+00	0.00e+00	0.00e+00	0.00e+00
 1.86729e+13	0.00e+00	1.13e-31	1.84e-23	2.46e-16	2.79e-10	1.93e-05	1.00e+00	0.00e+00	0.00e+00	0.00e+00	0.00e+00	0.00e+00
 1.93377e+13	1.88e-40	1.50e-31	2.34e-23	3.00e-16	3.20e-10	2.09e-05	1.00e+00	0.00e+00	0.00e+00	0.00e+00	0.00e+00	0.00e+00
 2.00603e+13	0.00e+00	2.02e-31	3.02e-23	3.70e-16	3.70e-10	2.27e-05	1.00e+00	0.00e+00	0.00e+00	0.00e+00	0.00e+00	0.00e+00
 2.08759e+13	3.82e-40	2.79e-31	4.00e-23	4.64e-16	4.33e-10	2.49e-05	1.00e+00	0.00e+00	0.00e+00	0.00e+00	0.00e+00	0.00e+00
 2.15987e+13	0.00e+00	3.69e-31	5.08e-23	5.63e-16	4.96e-10	2.69e-05	1.00e+00	0.00e+00	0.00e+00	0.00e+00	0.00e+00	0.00e+00
 2.22107e+13	6.83e-40	4.64e-31	6.18e-23	6.61e-16	5.53e-10	2.86e-05	1.00e+00	0.00e+00	0.00e+00	0.00e+00	0.00e+00	0.00e+00
 2.28937e+13	0.00e+00	6.01e-31	7.68e-23	7.86e-16	6.23e-10	3.05e-05	1.00e+00	0.00e+00	0.00e+00	0.00e+00	0.00e+00	0.00e+00
 2.37603e+13	1.31e-39	8.18e-31	1.00e-22	9.72e-16	7.21e-10	3.32e-05	1.00e+00	0.00e+00	0.00e+00	0.00e+00	0.00e+00	0.00e+00
 2.46756e+13	0.00e+00	1.12e-30	1.31e-22	1.21e-15	8.36e-10	3.61e-05	1.00e+00	0.00e+00	0.00e+00	0.00e+00	0.00e+00	0.00e+00
 2.55056e+13	2.61e-39	1.49e-30	1.66e-22	1.46e-15	9.52e-10	3.88e-05	1.00e+00	0.00e+00	0.00e+00	0.00e+00	0.00e+00	0.00e+00
 2.62696e+13	0.00e+00	1.92e-30	2.06e-22	1.73e-15	1.07e-09	4.13e-05	1.00e+00	0.00e+00	0.00e+00	0.00e+00	0.00e+00	0.00e+00
 2.71174e+13	4.84e-39	2.54e-30	2.61e-22	2.08e-15	1.21e-09	4.42e-05	1.00e+00	0.00e+00	0.00e+00	0.00e+00	0.00e+00	0.00e+00
 2.81634e+13	0.00e+00	3.51e-30	3.43e-22	2.59e-15	1.40e-09	4.81e-05	1.00e+00	0.00e+00	0.00e+00	0.00e+00	0.00e+00	0.00e+00
 2.91946e+13	1.02e-38	4.83e-30	4.47e-22	3.19e-15	1.62e-09	5.19e-05	1.00e+00	0.00e+00	0.00e+00	0.00e+00	0.00e+00	0.00e+00
 3.00737e+13	0.00e+00	6.27e-30	5.57e-22	3.79e-15	1.81e-09	5.53e-05	1.00e+00	0.00e+00	0.00e+00	0.00e+00	0.00e+00	0.00e+00
 3.10279e+13	1.91e-38	8.30e-30	7.03e-22	4.55e-15	2.05e-09	5.91e-05	1.00e+00	0.00e+00	0.00e+00	0.00e+00	0.00e+00	0.00e+00
 3.22135e+13	0.00e+00	1.17e-29	9.31e-22	5.65e-15	2.37e-09	6.39e-05	1.00e+00	0.00e+00	0.00e+00	0.00e+00	0.00e+00	0.00e+00
 3.34321e+13	4.16e-38	1.62e-29	1.23e-21	7.02e-15	2.75e-09	6.92e-05	1.00e+00	0.00e+00	0.00e+00	0.00e+00	0.00e+00	0.00e+00
 3.45167e+13	0.00e+00	2.17e-29	1.56e-21	8.46e-15	3.11e-09	7.39e-05	1.00e+00	0.00e+00	0.00e+00	0.00e+00	0.00e+00	0.00e+00
 3.56951e+13	8.41e-38	2.96e-29	2.01e-21	1.03e-14	3.55e-09	7.93e-05	1.00e+00	0.00e+00	0.00e+00	0.00e+00	0.00e+00	0.00e+00
 3.71034e+13	0.00e+00	4.24e-29	2.70e-21	1.29e-14	4.13e-09	8.58e-05	1.00e+00	0.00e+00	0.00e+00	0.00e+00	0.00e+00	0.00e+00
 3.85245e+13	1.92e-37	5.99e-29	3.59e-21	1.61e-14	4.79e-09	9.28e-05	1.00e+00	0.00e+00	0.00e+00	0.00e+00	0.00e+00	0.00e+00
 3.98483e+13	0.00e+00	8.22e-29	4.65e-21	1.96e-14	5.46e-09	9.95e-05	1.00e+00	0.00e+00	0.00e+00	0.00e+00	0.00e+00	0.00e+00
 4.13181e+13	4.18e-37	1.16e-28	6.15e-21	2.42e-14	6.30e-09	1.07e-04	1.00e+00	0.00e+00	0.00e+00	0.00e+00	0.00e+00	0.00e+00
 4.30007e+13	0.00e+00	1.69e-28	8.37e-21	3.07e-14	7.37e-09	1.16e-04	1.00e+00	0.00e+00	0.00e+00	0.00e+00	0.00e+00	0.00e+00
 4.46839e+13	1.01e-36	2.43e-28	1.13e-20	3.84e-14	8.57e-09	1.26e-04	1.00e+00	0.00e+00	0.00e+00	0.00e+00	0.00e+00	0.00e+00
 4.64343e+13	0.00e+00	3.51e-28	1.52e-20	4.82e-14	9.97e-09	1.36e-04	1.00e+00	0.00e+00	0.00e+00	0.00e+00	0.00e+00	0.00e+00
 4.83216e+13	2.46e-36	5.15e-28	2.07e-20	6.09e-14	1.17e-08	1.47e-04	1.00e+00	0.00e+00	0.00e+00	0.00e+00	0.00e+00	0.00e+00
 5.02844e+13	0.00e+00	7.58e-28	2.82e-20	7.70e-14	1.36e-08	1.59e-04	1.00e+00	0.00e+00	0.00e+00	0.00e+00	0.00e+00	0.00e+00
 5.23257e+13	6.16e-36	1.11e-27	3.85e-20	9.74e-14	1.59e-08	1.72e-04	1.00e+00	0.00e+00	0.00e+00	0.00e+00	0.00e+00	0.00e+00
 5.43396e+13	0.00e+00	1.60e-27	5.17e-20	1.22e-13	1.85e-08	1.86e-04	1.00e+00	0.00e+00	0.00e+00	0.00e+00	0.00e+00	0.00e+00
 5.64341e+13	1.48e-35	2.31e-27	6.95e-20	1.52e-13	2.15e-08	2.01e-04	1.00e+00	0.00e+00	0.00e+00	0.00e+00	0.00e+00	0.00e+00
 5.87214e+13	0.00e+00	3.42e-27	9.51e-20	1.93e-13	2.51e-08	2.17e-04	1.00e+00	0.00e+00	0.00e+00	0.00e+00	0.00e+00	0.00e+00
 6.10260e+13	3.66e-35	4.95e-27	1.28e-19	2.42e-13	2.92e-08	2.34e-04	1.00e+00	0.00e+00	0.00e+00	0.00e+00	0.00e+00	0.00e+00
 6.34227e+13	5.77e-35	7.24e-27	1.74e-19	3.04e-13	3.40e-08	2.53e-04	1.00e+00	0.00e+00	0.00e+00	0.00e+00	0.00e+00	0.00e+00
 6.57406e+13	8.77e-35	1.03e-26	2.31e-19	3.76e-13	3.92e-08	2.72e-04	1.00e+00	0.00e+00	0.00e+00	0.00e+00	0.00e+00	0.00e+00
 6.77772e+13	1.26e-34	1.39e-26	2.94e-19	4.50e-13	4.42e-08	2.89e-04	1.00e+00	0.00e+00	0.00e+00	0.00e+00	0.00e+00	0.00e+00
 7.00244e+13	1.84e-34	1.91e-26	3.79e-19	5.46e-13	5.03e-08	3.08e-04	1.00e+00	0.00e+00	0.00e+00	0.00e+00	0.00e+00	0.00e+00
 7.27354e+13	2.89e-34	2.78e-26	5.12e-19	6.84e-13	5.85e-08	3.32e-04	1.00e+00	0.00e+00	0.00e+00	0.00e+00	0.00e+00	0.00e+00
 7.55170e+13	4.45e-34	3.99e-26	6.87e-19	8.54e-13	6.78e-08	3.58e-04	1.00e+00	0.00e+00	0.00e+00	0.00e+00	0.00e+00	0.00e+00
 7.81383e+13	6.64e-34	5.58e-26	8.99e-19	1.05e-12	7.76e-08	3.83e-04	1.00e+00	0.00e+00	0.00e+00	0.00e+00	0.00e+00	0.00e+00
 8.10223e+13	1.02e-33	7.98e-26	1.20e-18	1.30e-12	8.95e-08	4.11e-04	1.00e+00	0.00e+00	0.00e+00	0.00e+00	0.00e+00	0.00e+00
 8.42931e+13	1.60e-33	1.17e-25	1.63e-18	1.64e-12	1.05e-07	4.46e-04	1.00e+00	0.00e+00	0.00e+00	0.00e+00	0.00e+00	0.00e+00
 8.75638e+13	2.53e-33	1.70e-25	2.21e-18	2.06e-12	1.22e-07	4.80e-04	1.00e+00	0.00e+00	0.00e+00	0.00e+00	0.00e+00	0.00e+00
 9.09652e+13	3.88e-33	2.45e-25	2.97e-18	2.58e-12	1.41e-07	5.19e-04	9.99e-01	0.00e+00	0.00e+00	0.00e+00	0.00e+00	0.00e+00
 9.46338e+13	6.23e-33	3.63e-25	4.07e-18	3.26e-12	1.65e-07	5.61e-04	9.99e-01	0.00e+00	0.00e+00	0.00e+00	0.00e+00	0.00e+00
 9.84490e+13	9.78e-33	5.31e-25	5.55e-18	4.12e-12	1.93e-07	6.07e-04	9.99e-01	0.00e+00	0.00e+00	0.00e+00	0.00e+00	0.00e+00
 1.01997e+14	1.47e-32	7.49e-25	7.33e-18	5.08e-12	2.23e-07	6.52e-04	9.99e-01	0.00e+00	0.00e+00	0.00e+00	0.00e+00	0.00e+00
 1.05104e+14	2.07e-32	9.98e-25	9.26e-18	6.07e-12	2.51e-07	6.93e-04	9.99e-01	0.00e+00	0.00e+00	0.00e+00	0.00e+00	0.00e+00
 1.08560e+14	3.03e-32	1.37e-24	1.20e-17	7.36e-12	2.85e-07	7.39e-04	9.99e-01	0.00e+00	0.00e+00	0.00e+00	0.00e+00	0.00e+00
 1.12739e+14	4.71e-32	1.99e-24	1.61e-17	9.22e-12	3.31e-07	7.97e-04	9.99e-01	0.00e+00	0.00e+00	0.00e+00	0.00e+00	0.00e+00
 1.16949e+14	7.12e-32	2.82e-24	2.15e-17	1.15e-11	3.83e-07	8.59e-04	9.99e-01	0.00e+00	0.00e+00	0.00e+00	0.00e+00	0.00e+00
 1.20777e+14	1.04e-31	3.86e-24	2.77e-17	1.39e-11	4.35e-07	9.16e-04	9.99e-01	0.00e+00	0.00e+00	0.00e+00	0.00e+00	0.00e+00
 1.25012e+14	1.54e-31	5.38e-24	3.63e-17	1.70e-11	4.98e-07	9.82e-04	9.99e-01	0.00e+00	0.00e+00	0.00e+00	0.00e+00	0.00e+00
 1.29970e+14	2.42e-31	7.87e-24	4.93e-17	2.15e-11	5.81e-07	1.06e-03	9.99e-01	0.00e+00	0.00e+00	0.00e+00	0.00e+00	0.00e+00
 1.34837e+14	3.65e-31	1.12e-23	6.58e-17	2.67e-11	6.73e-07	1.15e-03	9.99e-01	0.00e+00	0.00e+00	0.00e+00	0.00e+00	0.00e+00
 1.39366e+14	5.36e-31	1.54e-23	8.54e-17	3.25e-11	7.67e-07	1.22e-03	9.99e-01	0.00e+00	0.00e+00	0.00e+00	0.00e+00	0.00e+00
 1.44437e+14	8.14e-31	2.19e-23	1.13e-16	4.02e-11	8.83e-07	1.31e-03	9.99e-01	0.00e+00	0.00e+00	0.00e+00	0.00e+00	0.00e+00
 1.50245e+14	1.27e-30	3.18e-23	1.54e-16	5.08e-11	1.03e-06	1.42e-03	9.99e-01	0.00e+00	0.00e+00	0.00e+00	0.00e+00	0.00e+00
 1.55970e+14	1.97e-30	4.60e-23	2.07e-16	6.35e-11	1.20e-06	1.53e-03	9.98e-01	0.00e+00	0.00e+00	0.00e+00	0.00e+00	0.00e+00
 1.61925e+14	3.00e-30	6.57e-23	2.79e-16	7.94e-11	1.39e-06	1.65e-03	9.98e-01	0.00e+00	0.00e+00	0.00e+00	0.00e+00	0.00e+00
 1.68432e+14	4.78e-30	9.69e-23	3.81e-16	1.00e-10	1.62e-06	1.79e-03	9.98e-01	0.00e+00	0.00e+00	0.00e+00	0.00e+00	0.00e+00
 1.75026e+14	7.33e-30	1.39e-22	5.15e-16	1.26e-10	1.89e-06	1.94e-03	9.98e-01	0.00e+00	0.00e+00	0.00e+00	0.00e+00	0.00e+00
 1.81885e+14	1.16e-29	2.04e-22	6.99e-16	1.59e-10	2.20e-06	2.09e-03	9.98e-01	0.00e+00	0.00e+00	0.00e+00	0.00e+00	0.00e+00
 1.88918e+14	1.77e-29	2.92e-22	9.43e-16	1.99e-10	2.56e-06	2.26e-03	9.98e-01	0.00e+00	0.00e+00	0.00e+00	0.00e+00	0.00e+00
 1.95771e+14	2.70e-29	4.16e-22	1.25e-15	2.46e-10	2.95e-06	2.42e-03	9.98e-01	0.00e+00	0.00e+00	0.00e+00	0.00e+00	0.00e+00
 2.02526e+14	3.93e-29	5.72e-22	1.63e-15	3.01e-10	3.38e-06	2.59e-03	9.97e-01	0.00e+00	0.00e+00	0.00e+00	0.00e+00	0.00e+00
 2.10012e+14	5.99e-29	8.16e-22	2.18e-15	3.73e-10	3.90e-06	2.79e-03	9.97e-01	0.00e+00	0.00e+00	0.00e+00	0.00e+00	0.00e+00
 2.18229e+14	9.42e-29	1.19e-21	2.96e-15	4.69e-10	4.54e-06	3.01e-03	9.97e-01	0.00e+00	0.00e+00	0.00e+00	0.00e+00	0.00e+00
 2.26168e+14	1.42e-28	1.68e-21	3.93e-15	5.81e-10	5.23e-06	3.23e-03	9.97e-01	0.00e+00	0.00e+00	0.00e+00	0.00e+00	0.00e+00
 2.34638e+14	2.14e-28	2.38e-21	5.25e-15	7.23e-10	6.05e-06	3.48e-03	9.97e-01	0.00e+00	0.00e+00	0.00e+00	0.00e+00	0.00e+00
 2.43117e+14	3.26e-28	3.39e-21	6.97e-15	8.93e-10	6.97e-06	3.73e-03	9.96e-01	0.00e+00	0.00e+00	0.00e+00	0.00e+00	0.00e+00
 2.50428e+14	4.50e-28	4.46e-21	8.80e-15	1.07e-09	7.84e-06	3.96e-03	9.96e-01	0.00e+00	0.00e+00	0.00e+00	0.00e+00	0.00e+00
 2.58358e+14	6.53e-28	6.08e-21	1.13e-14	1.28e-09	8.88e-06	4.21e-03	9.96e-01	0.00e+00	0.00e+00	0.00e+00	0.00e+00	0.00e+00
 2.68112e+14	9.82e-28	8.61e-21	1.51e-14	1.60e-09	1.03e-05	4.54e-03	9.95e-01	0.00e+00	0.00e+00	0.00e+00	0.00e+00	0.00e+00
 2.78110e+14	1.49e-27	1.22e-20	2.02e-14	1.99e-09	1.19e-05	4.88e-03	9.95e-01	0.00e+00	0.00e+00	0.00e+00	0.00e+00	0.00e+00
 2.87233e+14	2.13e-27	1.66e-20	2.61e-14	2.41e-09	1.35e-05	5.21e-03	9.95e-01	0.00e+00	0.00e+00	0.00e+00	0.00e+00	0.00e+00
 2.97346e+14	3.18e-27	2.32e-20	3.43e-14	2.96e-09	1.55e-05	5.58e-03	9.94e-01	0.00e+00	0.00e+00	0.00e+00	0.00e+00	0.00e+00
 3.08460e+14	4.78e-27	3.29e-20	4.59e-14	3.69e-09	1.79e-05	6.00e-03	9.94e-01	0.00e+00	0.00e+00	0.00e+00	0.00e+00	0.00e+00
 3.18635e+14	7.01e-27	4.53e-20	5.94e-14	4.48e-09	2.04e-05	6.40e-03	9.94e-01	0.00e+00	0.00e+00	0.00e+00	0.00e+00	0.00e+00
 3.29622e+14	1.01e-26	6.17e-20	7.75e-14	5.48e-09	2.33e-05	6.86e-03	9.93e-01	0.00e+00	0.00e+00	0.00e+00	0.00e+00	0.00e+00
 3.41908e+14	1.54e-26	8.82e-20	1.03e-13	6.81e-09	2.70e-05	7.38e-03	9.93e-01	0.00e+00	0.00e+00	0.00e+00	0.00e+00	0.00e+00
 3.53519e+14	2.17e-26	1.19e-19	1.34e-13	8.30e-09	3.08e-05	7.90e-03	9.92e-01	0.00e+00	0.00e+00	0.00e+00	0.00e+00	0.00e+00
 3.66249e+14	3.22e-26	1.66e-19	1.78e-13	1.02e-08	3.54e-05	8.48e-03	9.91e-01	0.00e+00	0.00e+00	0.00e+00	0.00e+00	0.00e+00
 3.80360e+14	4.81e-26	2.35e-19	2.39e-13	1.28e-08	4.11e-05	9.16e-03	9.91e-01	0.00e+00	0.00e+00	0.00e+00	0.00e+00	0.00e+00
 3.93467e+14	7.01e-26	3.24e-19	3.12e-13	1.57e-08	4.70e-05	9.80e-03	9.90e-01	0.00e+00	0.00e+00	0.00e+00	0.00e+00	0.00e+00
 4.07666e+14	1.02e-25	4.48e-19	4.12e-13	1.94e-08	5.41e-05	1.05e-02	9.89e-01	0.00e+00	0.00e+00	0.00e+00	0.00e+00	0.00e+00
 4.23583e+14	1.58e-25	6.48e-19	5.57e-13	2.43e-08	6.29e-05	1.14e-02	9.89e-01	0.00e+00	0.00e+00	0.00e+00	0.00e+00	0.00e+00
 4.38790e+14	2.22e-25	8.76e-19	7.31e-13	3.00e-08	7.23e-05	1.23e-02	9.88e-01	0.00e+00	0.00e+00	0.00e+00	0.00e+00	0.00e+00
 4.55025e+14	3.30e-25	1.23e-18	9.72e-13	3.72e-08	8.35e-05	1.32e-02	9.87e-01	0.00e+00	0.00e+00	0.00e+00	0.00e+00	0.00e+00
 4.73256e+14	4.92e-25	1.75e-18	1.32e-12	4.70e-08	9.75e-05	1.43e-02	9.86e-01	0.00e+00	0.00e+00	0.00e+00	0.00e+00	0.00e+00
 4.91217e+14	7.36e-25	2.47e-18	1.77e-12	5.86e-08	1.13e-04	1.54e-02	9.84e-01	0.00e+00	0.00e+00	0.00e+00	0.00e+00	0.00e+00
 5.09897e+14	1.07e-24	3.43e-18	2.36e-12	7.31e-08	1.31e-04	1.67e-02	9.83e-01	0.00e+00	0.00e+00	0.00e+00	0.00e+00	0.00e+00
 5.30323e+14	1.62e-24	4.92e-18	3.20e-12	9.23e-08	1.53e-04	1.81e-02	9.82e-01	0.00e+00	0.00e+00	0.00e+00	0.00e+00	0.00e+00
 5.50857e+14	2.38e-24	6.90e-18	4.29e-12	1.16e-07	1.77e-04	1.95e-02	9.80e-01	0.00e+00	0.00e+00	0.00e+00	0.00e+00	0.00e+00
 5.72212e+14	3.57e-24	9.79e-18	5.77e-12	1.45e-07	2.06e-04	2.11e-02	9.79e-01	0.00e+00	0.00e+00	0.00e+00	0.00e+00	0.00e+00
 5.95130e+14	5.09e-24	1.36e-17	7.79e-12	1.83e-07	2.40e-04	2.30e-02	9.77e-01	0.00e+00	0.00e+00	0.00e+00	0.00e+00	0.00e+00
 6.16701e+14	7.29e-24	1.86e-17	1.03e-11	2.26e-07	2.76e-04	2.47e-02	9.75e-01	0.00e+00	0.00e+00	0.00e+00	0.00e+00	0.00e+00
 6.34450e+14	9.72e-24	2.40e-17	1.28e-11	2.67e-07	3.08e-04	2.62e-02	9.73e-01	0.00e+00	0.00e+00	0.00e+00	0.00e+00	0.00e+00
 6.52533e+14	1.30e-23	3.09e-17	1.59e-11	3.15e-07	3.44e-04	2.78e-02	9.72e-01	0.00e+00	0.00e+00	0.00e+00	0.00e+00	0.00e+00
 6.76024e+14	1.79e-23	4.16e-17	2.08e-11	3.88e-07	3.95e-04	3.00e-02	9.70e-01	0.00e+00	0.00e+00	0.00e+00	0.00e+00	0.00e+00
 7.00385e+14	2.55e-23	5.69e-17	2.74e-11	4.79e-07	4.53e-04	3.23e-02	9.67e-01	0.00e+00	0.00e+00	0.00e+00	0.00e+00	0.00e+00
 7.20923e+14	3.37e-23	7.32e-17	3.42e-11	5.68e-07	5.07e-04	3.43e-02	9.65e-01	0.00e+00	0.00e+00	0.00e+00	0.00e+00	0.00e+00
 7.42653e+14	4.54e-23	9.54e-17	4.30e-11	6.77e-07	5.69e-04	3.65e-02	9.63e-01	0.00e+00	0.00e+00	0.00e+00	0.00e+00	0.00e+00
 7.70048e+14	6.29e-23	1.29e-16	5.68e-11	8.39e-07	6.56e-04	3.94e-02	9.60e-01	0.00e+00	0.00e+00	0.00e+00	0.00e+00	0.00e+00
 7.98313e+14	8.96e-23	1.78e-16	7.49e-11	1.04e-06	7.54e-04	4.26e-02	9.57e-01	0.00e+00	0.00e+00	0.00e+00	0.00e+00	0.00e+00
 8.22998e+14	1.20e-22	2.32e-16	9.47e-11	1.24e-06	8.48e-04	4.54e-02	9.54e-01	0.00e+00	0.00e+00	0.00e+00	0.00e+00	0.00e+00
 8.49526e+14	1.64e-22	3.07e-16	1.21e-10	1.50e-06	9.59e-04	4.85e-02	9.51e-01	0.00e+00	0.00e+00	0.00e+00	0.00e+00	0.00e+00
 8.81825e+14	2.29e-22	4.20e-16	1.61e-10	1.87e-06	1.11e-03	5.25e-02	9.46e-01	0.00e+00	0.00e+00	0.00e+00	0.00e+00	0.00e+00
 9.13918e+14	3.28e-22	5.79e-16	2.12e-10	2.30e-06	1.27e-03	5.65e-02	9.42e-01	0.00e+00	0.00e+00	0.00e+00	0.00e+00	0.00e+00
 9.42113e+14	4.36e-22	7.55e-16	2.69e-10	2.76e-06	1.43e-03	6.03e-02	9.38e-01	0.00e+00	0.00e+00	0.00e+00	0.00e+00	0.00e+00
 9.72948e+14	5.91e-22	9.99e-16	3.44e-10	3.33e-06	1.62e-03	6.45e-02	9.34e-01	0.00e+00	0.00e+00	0.00e+00	0.00e+00	0.00e+00
 1.01020e+15	8.37e-22	1.38e-15	4.60e-10	4.16e-06	1.87e-03	6.98e-02	9.28e-01	0.00e+00	0.00e+00	0.00e+00	0.00e+00	0.00e+00
 1.04728e+15	1.20e-21	1.91e-15	6.09e-10	5.14e-06	2.14e-03	7.51e-02	9.23e-01	0.00e+00	0.00e+00	0.00e+00	0.00e+00	0.00e+00
 1.08052e+15	1.60e-21	2.50e-15	7.75e-10	6.18e-06	2.41e-03	8.02e-02	9.17e-01	0.00e+00	0.00e+00	0.00e+00	0.00e+00	0.00e+00
 1.11726e+15	2.23e-21	3.39e-15	1.00e-09	7.51e-06	2.74e-03	8.57e-02	9.12e-01	0.00e+00	0.00e+00	0.00e+00	0.00e+00	0.00e+00
 1.16081e+15	3.21e-21	4.75e-15	1.35e-09	9.40e-06	3.17e-03	9.28e-02	9.04e-01	0.00e+00	0.00e+00	0.00e+00	0.00e+00	0.00e+00
 1.20371e+15	4.56e-21	6.57e-15	1.79e-09	1.16e-05	3.63e-03	9.99e-02	8.96e-01	0.00e+00	0.00e+00	0.00e+00	0.00e+00	0.00e+00
 1.24299e+15	6.31e-21	8.81e-15	2.30e-09	1.40e-05	4.10e-03	1.06e-01	8.89e-01	0.00e+00	0.00e+00	0.00e+00	0.00e+00	0.00e+00
 1.28706e+15	8.84e-21	1.20e-14	3.01e-09	1.72e-05	4.67e-03	1.14e-01	8.81e-01	0.00e+00	0.00e+00	0.00e+00	0.00e+00	0.00e+00
 1.33822e+15	1.31e-20	1.72e-14	4.08e-09	2.16e-05	5.40e-03	1.23e-01	8.71e-01	0.00e+00	0.00e+00	0.00e+00	0.00e+00	0.00e+00
 1.38860e+15	1.87e-20	2.39e-14	5.43e-09	2.67e-05	6.19e-03	1.32e-01	8.62e-01	0.00e+00	0.00e+00	0.00e+00	0.00e+00	0.00e+00
 1.44099e+15	2.71e-20	3.36e-14	7.25e-09	3.31e-05	7.10e-03	1.42e-01	8.51e-01	0.00e+00	0.00e+00	0.00e+00	0.00e+00	0.00e+00
 1.49866e+15	4.01e-20	4.79e-14	9.81e-09	4.15e-05	8.19e-03	1.53e-01	8.39e-01	0.00e+00	0.00e+00	0.00e+00	0.00e+00	0.00e+00
 1.55698e+15	5.98e-20	6.88e-14	1.32e-08	5.17e-05	9.42e-03	1.64e-01	8.26e-01	0.00e+00	0.00e+00	0.00e+00	0.00e+00	0.00e+00
 1.61764e+15	8.71e-20	9.68e-14	1.77e-08	6.42e-05	1.08e-02	1.76e-01	8.13e-01	0.00e+00	0.00e+00	0.00e+00	0.00e+00	0.00e+00
 1.67167e+15	1.24e-19	1.32e-13	2.29e-08	7.75e-05	1.22e-02	1.87e-01	8.01e-01	0.00e+00	0.00e+00	0.00e+00	0.00e+00	0.00e+00
 1.71265e+15	1.59e-19	1.66e-13	2.75e-08	8.89e-05	1.33e-02	1.95e-01	7.92e-01	0.00e+00	0.00e+00	0.00e+00	0.00e+00	0.00e+00
 1.75562e+15	2.05e-19	2.09e-13	3.33e-08	1.02e-04	1.45e-02	2.03e-01	7.82e-01	0.00e+00	0.00e+00	0.00e+00	0.00e+00	0.00e+00
 1.81148e+15	2.80e-19	2.77e-13	4.24e-08	1.22e-04	1.62e-02	2.14e-01	7.69e-01	0.00e+00	0.00e+00	0.00e+00	0.00e+00	0.00e+00
 1.87254e+15	4.04e-19	3.82e-13	5.47e-08	1.47e-04	1.82e-02	2.27e-01	7.55e-01	0.00e+00	0.00e+00	0.00e+00	0.00e+00	0.00e+00
 1.92809e+15	5.48e-19	5.00e-13	6.84e-08	1.73e-04	2.01e-02	2.38e-01	7.42e-01	0.00e+00	0.00e+00	0.00e+00	0.00e+00	0.00e+00
 1.98802e+15	7.42e-19	6.58e-13	8.63e-08	2.05e-04	2.24e-02	2.50e-01	7.28e-01	0.00e+00	0.00e+00	0.00e+00	0.00e+00	0.00e+00
 2.06235e+15	1.11e-18	9.41e-13	1.14e-07	2.51e-04	2.54e-02	2.65e-01	7.09e-01	0.00e+00	0.00e+00	0.00e+00	0.00e+00	0.00e+00
 2.13677e+15	1.63e-18	1.31e-12	1.49e-07	3.05e-04	2.86e-02	2.80e-01	6.92e-01	0.00e+00	0.00e+00	0.00e+00	0.00e+00	0.00e+00
 2.20164e+15	2.23e-18	1.73e-12	1.87e-07	3.59e-04	3.16e-02	2.92e-01	6.76e-01	0.00e+00	0.00e+00	0.00e+00	0.00e+00	0.00e+00
 2.27272e+15	3.13e-18	2.32e-12	2.37e-07	4.26e-04	3.51e-02	3.06e-01	6.59e-01	0.00e+00	0.00e+00	0.00e+00	0.00e+00	0.00e+00
 2.35917e+15	4.65e-18	3.28e-12	3.14e-07	5.21e-04	3.96e-02	3.22e-01	6.38e-01	0.00e+00	0.00e+00	0.00e+00	0.00e+00	0.00e+00
 2.44609e+15	6.65e-18	4.51e-12	4.10e-07	6.31e-04	4.45e-02	3.37e-01	6.18e-01	0.00e+00	0.00e+00	0.00e+00	0.00e+00	0.00e+00
 2.52404e+15	9.35e-18	6.05e-12	5.17e-07	7.44e-04	4.91e-02	3.51e-01	5.99e-01	0.00e+00	0.00e+00	0.00e+00	0.00e+00	0.00e+00
 2.60985e+15	1.33e-17	8.22e-12	6.60e-07	8.86e-04	5.45e-02	3.66e-01	5.79e-01	0.00e+00	0.00e+00	0.00e+00	0.00e+00	0.00e+00
 2.71154e+15	2.06e-17	1.19e-11	8.74e-07	1.08e-03	6.13e-02	3.83e-01	5.55e-01	0.00e+00	0.00e+00	0.00e+00	0.00e+00	0.00e+00
 2.81196e+15	3.09e-17	1.66e-11	1.14e-06	1.30e-03	6.83e-02	3.98e-01	5.32e-01	0.00e+00	0.00e+00	1.77e-17	9.42e-18	3.43e-18
 2.90420e+15	4.37e-17	2.23e-11	1.43e-06	1.53e-03	7.51e-02	4.11e-01	5.12e-01	0.00e+00	0.00e+00	2.49e-17	1.34e-17	4.80e-18
 3.00769e+15	6.31e-17	3.05e-11	1.83e-06	1.82e-03	8.32e-02	4.25e-01	4.90e-01	0.00e+00	0.00e+00	3.60e-17	1.93e-17	6.90e-18
 3.12753e+15	9.65e-17	4.36e-11	2.42e-06	2.21e-03	9.29e-02	4.40e-01	4.64e-01	0.00e+00	0.00e+00	5.52e-17	2.95e-17	1.05e-17
 3.24502e+15	1.43e-16	6.06e-11	3.13e-06	2.65e-03	1.03e-01	4.54e-01	4.41e-01	0.00e+00	0.00e+00	8.21e-17	4.37e-17	1.55e-17
 3.35719e+15	2.06e-16	8.21e-11	3.96e-06	3.12e-03	1.13e-01	4.65e-01	4.19e-01	0.00e+00	0.00e+00	1.18e-16	6.28e-17	2.21e-17
 3.48150e+15	3.01e-16	1.13e-10	5.08e-06	3.70e-03	1.24e-01	4.77e-01	3.96e-01	0.00e+00	0.00e+00	1.73e-16	9.16e-17	3.22e-17
 3.62079e+15	4.40e-16	1.56e-10	6.62e-06	4.44e-03	1.37e-01	4.87e-01	3.71e-01	0.00e+00	0.00e+00	2.53e-16	1.34e-16	4.69e-17
 3.76222e+15	6.89e-16	2.23e-10	8.59e-06	5.30e-03	1.51e-01	4.97e-01	3.47e-01	0.00e+00	0.00e+00	3.96e-16	2.10e-16	7.30e-17
 3.90930e+15	1.04e-15	3.12e-10	1.11e-05	6.30e-03	1.66e-01	5.05e-01	3.23e-01	0.00e+00	0.00e+00	5.96e-16	3.15e-16	1.09e-16
 4.03988e+15	1.46e-15	4.13e-10	1.37e-05	7.28e-03	1.79e-01	5.11e-01	3.03e-01	0.00e+00	0.00e+00	8.41e-16	4.44e-16	1.54e-16
 4.13949e+15	1.88e-15	5.08e-10	1.61e-05	8.10e-03	1.89e-01	5.14e-01	2.89e-01	0.00e+00	0.00e+00	1.08e-15	5.73e-16	1.98e-16
 4.24463e+15	2.45e-15	6.29e-10	1.89e-05	9.03e-03	2.00e-01	5.17e-01	2.74e-01	0.00e+00	0.00e+00	1.41e-15	7.45e-16	2.56e-16
 4.38131e+15	3.28e-15	8.04e-10	2.31e-05	1.03e-02	2.14e-01	5.19e-01	2.57e-01	0.00e+00	0.00e+00	1.89e-15	9.97e-16	3.42e-16
 4.53035e+15	4.83e-15	1.09e-09	2.87e-05	1.19e-02	2.30e-01	5.20e-01	2.38e-01	0.00e+00	0.00e+00	2.79e-15	1.47e-15	5.03e-16
 4.66533e+15	6.49e-15	1.38e-09	3.44e-05	1.34e-02	2.44e-01	5.20e-01	2.23e-01	0.00e+00	0.00e+00	3.74e-15	1.97e-15	6.74e-16
 4.81066e+15	8.65e-15	1.75e-09	4.16e-05	1.52e-02	2.59e-01	5.18e-01	2.07e-01	0.00e+00	0.00e+00	4.99e-15	2.63e-15	8.96e-16
 4.99068e+15	1.31e-14	2.42e-09	5.23e-05	1.76e-02	2.78e-01	5.15e-01	1.89e-01	0.00e+00	0.00e+00	7.58e-15	3.99e-15	1.35e-15
 5.17092e+15	1.87e-14	3.21e-09	6.48e-05	2.03e-02	2.97e-01	5.11e-01	1.72e-01	0.00e+00	0.00e+00	1.08e-14	5.68e-15	1.92e-15
 5.32692e+15	2.46e-14	4.03e-09	7.74e-05	2.27e-02	3.12e-01	5.05e-01	1.59e-01	0.00e+00	0.00e+00	1.42e-14	7.49e-15	2.53e-15
 5.49628e+15	3.38e-14	5.17e-09	9.33e-05	2.56e-02	3.29e-01	4.99e-01	1.46e-01	0.00e+00	0.00e+00	1.95e-14	1.03e-14	3.46e-15
 5.70386e+15	5.14e-14	7.11e-09	1.16e-04	2.94e-02	3.50e-01	4.89e-01	1.31e-01	0.00e+00	0.00e+00	2.97e-14	1.56e-14	5.25e-15
 5.91035e+15	7.35e-14	9.41e-09	1.43e-04	3.35e-02	3.69e-01	4.79e-01	1.18e-01	0.00e+00	0.00e+00	4.25e-14	2.23e-14	7.49e-15
 6.09119e+15	9.95e-14	1.19e-08	1.70e-04	3.73e-02	3.86e-01	4.69e-01	1.08e-01	0.00e+00	0.00e+00	5.76e-14	3.03e-14	1.01e-14
 6.28947e+15	1.37e-13	1.53e-08	2.04e-04	4.18e-02	4.04e-01	4.57e-01	9.72e-02	0.00e+00	0.00e+00	7.96e-14	4.18e-14	1.40e-14
 6.52958e+15	1.90e-13	1.99e-08	2.52e-04	4.75e-02	4.24e-01	4.42e-01	8.60e-02	0.00e+00	0.00e+00	1.10e-13	5.77e-14	1.93e-14
 6.76920e+15	2.87e-13	2.70e-08	3.09e-04	5.37e-02	4.43e-01	4.27e-01	7.59e-02	0.00e+00	0.00e+00	1.66e-13	8.73e-14	2.91e-14
 6.98319e+15	3.90e-13	3.42e-08	3.67e-04	5.95e-02	4.59e-01	4.13e-01	6.80e-02	0.00e+00	0.00e+00	2.26e-13	1.19e-13	3.95e-14
 7.21876e+15	5.38e-13	4.37e-08	4.40e-04	6.63e-02	4.76e-01	3.97e-01	6.03e-02	0.00e+00	0.00e+00	3.12e-13	1.64e-13	5.43e-14
 7.49896e+15	7.52e-13	5.70e-08	5.41e-04	7.48e-02	4.94e-01	3.78e-01	5.22e-02	0.00e+00	0.00e+00	4.36e-13	2.29e-13	7.58e-14
 7.77721e+15	1.14e-12	7.74e-08	6.61e-04	8.40e-02	5.11e-01	3.59e-01	4.51e-02	0.00e+00	0.00e+00	6.62e-13	3.48e-13	1.15e-13
 8.01654e+15	1.54e-12	9.68e-08	7.77e-04	9.20e-02	5.24e-01	3.43e-01	3.99e-02	0.00e+00	0.00e+00	8.92e-13	4.68e-13	1.55e-13
 8.26524e+15	2.09e-12	1.22e-07	9.15e-04	1.01e-01	5.36e-01	3.27e-01	3.51e-02	0.00e+00	0.00e+00	1.21e-12	6.35e-13	2.10e-13
 8.57394e+15	2.96e-12	1.59e-07	1.11e-03	1.12e-01	5.50e-01	3.07e-01	3.00e-02	0.00e+00	0.00e+00	1.72e-12	9.02e-13	2.98e-13
 8.88490e+15	4.28e-12	2.09e-07	1.34e-03	1.25e-01	5.61e-01	2.87e-01	2.55e-02	0.00e+00	0.00e+00	2.48e-12	1.30e-12	4.29e-13
 9.15195e+15	5.73e-12	2.59e-07	1.57e-03	1.36e-01	5.70e-01	2.71e-01	2.22e-02	0.00e+00	0.00e+00	3.32e-12	1.74e-12	5.74e-13
 9.38599e+15	7.36e-12	3.13e-07	1.79e-03	1.45e-01	5.76e-01	2.57e-01	1.97e-02	0.00e+00	0.00e+00	4.27e-12	2.24e-12	7.37e-13
 9.63857e+15	9.64e-12	3.82e-07	2.06e-03	1.57e-01	5.81e-01	2.43e-01	1.73e-02	0.00e+00	0.00e+00	5.60e-12	2.94e-12	9.65e-13
 9.92042e+15	1.22e-11	4.61e-07	2.38e-03	1.69e-01	5.86e-01	2.28e-01	1.50e-02	0.00e+00	0.00e+00	7.11e-12	3.73e-12	1.22e-12
 1.02403e+16	1.79e-11	6.02e-07	2.83e-03	1.84e-01	5.90e-01	2.11e-01	1.26e-02	0.00e+00	0.00e+00	1.04e-11	5.44e-12	1.79e-12
 1.05552e+16	2.38e-11	7.47e-07	3.31e-03	1.99e-01	5.91e-01	1.95e-01	1.08e-02	0.00e+00	0.00e+00	1.38e-11	7.24e-12	2.38e-12
 1.08081e+16	2.94e-11	8.80e-07	3.74e-03	2.12e-01	5.92e-01	1.83e-01	9.45e-03	0.00e+00	0.00e+00	1.71e-11	8.97e-12	2.94e-12
 1.10812e+16	3.80e-11	1.06e-06	4.28e-03	2.26e-01	5.91e-01	1.71e-01	8.19e-03	0.00e+00	0.00e+00	2.21e-11	1.16e-11	3.80e-12
 1.14362e+16	5.61e-11	1.40e-06	5.09e-03	2.45e-01	5.88e-01	1.56e-01	6.76e-03	0.00e+00	0.00e+00	3.26e-11	1.71e-11	5.60e-12
 1.17907e+16	7.56e-11	1.75e-06	5.98e-03	2.64e-01	5.83e-01	1.42e-01	5.63e-03	0.00e+00	0.00e+00	4.39e-11	2.31e-11	7.55e-12
 1.20711e+16	9.43e-11	2.07e-06	6.79e-03	2.79e-01	5.78e-01	1.31e-01	4.86e-03	0.00e+00	0.00e+00	5.48e-11	2.87e-11	9.40e-12
 1.23624e+16	1.22e-10	2.51e-06	7.77e-03	2.96e-01	5.71e-01	1.21e-01	4.15e-03	0.00e+00	0.00e+00	7.10e-11	3.73e-11	1.22e-11
 1.27410e+16	1.84e-10	3.34e-06	9.26e-03	3.18e-01	5.61e-01	1.08e-01	3.36e-03	0.00e+00	0.00e+00	1.07e-10	5.60e-11	1.83e-11
 1.31066e+16	2.46e-10	4.16e-06	1.09e-02	3.40e-01	5.49e-01	9.73e-02	2.77e-03	0.00e+00	0.00e+00	1.43e-10	7.49e-11	2.45e-11
 1.33779e+16	3.02e-10	4.87e-06	1.22e-02	3.56e-01	5.40e-01	8.97e-02	2.39e-03	0.00e+00	0.00e+00	1.76e-10	9.22e-11	3.01e-11
 1.36531e+16	3.86e-10	5.83e-06	1.39e-02	3.73e-01	5.28e-01	8.22e-02	2.04e-03	0.00e+00	0.00e+00	2.24e-10	1.18e-10	3.85e-11
 1.40109e+16	5.73e-10	7.67e-06	1.64e-02	3.96e-01	5.13e-01	7.30e-02	1.65e-03	0.00e+00	0.00e+00	3.33e-10	1.75e-10	5.72e-11
 1.43610e+16	7.21e-10	9.24e-06	1.91e-02	4.18e-01	4.96e-01	6.52e-02	1.36e-03	0.00e+00	0.00e+00	4.19e-10	2.20e-10	7.19e-11
 1.46299e+16	9.97e-10	1.15e-05	2.16e-02	4.36e-01	4.82e-01	5.93e-02	1.15e-03	0.00e+00	0.00e+00	5.79e-10	3.04e-10	9.94e-11
 1.48705e+16	1.25e-09	1.36e-05	2.42e-02	4.52e-01	4.69e-01	5.43e-02	9.95e-04	0.00e+00	0.00e+00	7.27e-10	3.82e-10	1.25e-10
 1.51452e+16	1.61e-09	1.64e-05	2.76e-02	4.70e-01	4.53e-01	4.90e-02	8.39e-04	0.00e+00	0.00e+00	9.34e-10	4.90e-10	1.60e-10
 1.54481e+16	2.21e-09	2.07e-05	3.21e-02	4.90e-01	4.34e-01	4.36e-02	6.90e-04	0.00e+00	0.00e+00	1.29e-09	6.76e-10	2.21e-10
 1.57182e+16	2.69e-09	2.43e-05	3.65e-02	5.07e-01	4.16e-01	3.92e-02	5.82e-04	0.00e+00	0.00e+00	1.57e-09	8.22e-10	2.69e-10
 1.59595e+16	3.68e-09	3.02e-05	4.15e-02	5.23e-01	3.99e-01	3.53e-02	4.91e-04	0.00e+00	0.00e+00	2.14e-09	1.12e-09	3.67e-10
 1.61640e+16	4.65e-09	3.57e-05	4.62e-02	5.36e-01	3.85e-01	3.22e-02	4.26e-04	0.00e+00	0.00e+00	2.71e-09	1.42e-09	4.65e-10
 1.63304e+16	5.60e-09	4.10e-05	5.07e-02	5.47e-01	3.72e-01	2.99e-02	3.78e-04	0.00e+00	0.00e+00	3.26e-09	1.71e-09	5.60e-10
 1.65158e+16	6.85e-09	4.76e-05	5.63e-02	5.58e-01	3.58e-01	2.73e-02	3.29e-04	0.00e+00	0.00e+00	3.98e-09	2.09e-09	6.84e-10
 1.67568e+16	9.15e-09	5.90e-05	6.50e-02	5.73e-01	3.38e-01	2.41e-02	2.72e-04	0.00e+00	0.00e+00	5.32e-09	2.80e-09	9.15e-10
 1.70109e+16	1.25e-08	7.45e-05	7.58e-02	5.86e-01	3.16e-01	2.10e-02	2.21e-04	0.00e+00	0.00e+00	7.30e-09	3.84e-09	1.25e-09
 1.72218e+16	1.57e-08	8.87e-05	8.67e-02	5.97e-01	2.97e-01	1.86e-02	1.85e-04	0.00e+00	0.00e+00	9.11e-09	4.79e-09	1.57e-09
 1.74026e+16	2.20e-08	1.12e-04	9.84e-02	6.05e-01	2.80e-01	1.65e-02	1.55e-04	0.00e+00	0.00e+00	1.28e-08	6.74e-09	2.21e-09
 1.75722e+16	2.82e-08	1.35e-04	1.11e-01	6.11e-01	2.63e-01	1.47e-02	1.32e-04	0.00e+00	0.00e+00	1.64e-08	8.64e-09	2.83e-09
 1.77342e+16	3.35e-08	1.55e-04	1.25e-01	6.15e-01	2.47e-01	1.31e-02	1.12e-04	0.00e+00	0.00e+00	1.95e-08	1.02e-08	3.35e-09
 1.79189e+16	4.99e-08	2.05e-04	1.45e-01	6.17e-01	2.26e-01	1.12e-02	8.95e-05	0.00e+00	0.00e+00	2.90e-08	1.53e-08	5.00e-09
 1.81031e+16	6.62e-08	2.55e-04	1.69e-01	6.16e-01	2.05e-01	9.57e-03	7.19e-05	0.00e+00	0.00e+00	3.85e-08	2.03e-08	6.64e-09
 1.82461e+16	8.14e-08	2.99e-04	1.91e-01	6.12e-01	1.88e-01	8.32e-03	5.95e-05	0.00e+00	0.00e+00	4.74e-08	2.49e-08	8.17e-09
 1.83708e+16	1.12e-07	3.74e-04	2.15e-01	6.05e-01	1.72e-01	7.21e-03	4.90e-05	0.00e+00	0.00e+00	6.49e-08	3.42e-08	1.12e-08
 1.84914e+16	1.43e-07	4.48e-04	2.42e-01	5.95e-01	1.56e-01	6.22e-03	4.03e-05	0.00e+00	0.00e+00	8.30e-08	4.37e-08	1.43e-08
 1.86085e+16	1.73e-07	5.21e-04	2.72e-01	5.82e-01	1.41e-01	5.31e-03	3.29e-05	0.00e+00	0.00e+00	1.00e-07	5.29e-08	1.74e-08
 1.87244e+16	2.43e-07	6.61e-04	3.08e-01	5.63e-01	1.24e-01	4.41e-03	2.57e-05	0.00e+00	0.00e+00	1.42e-07	7.45e-08	2.45e-08
 1.88226e+16	3.01e-07	7.76e-04	3.41e-01	5.44e-01	1.10e-01	3.73e-03	2.08e-05	0.00e+00	0.00e+00	1.75e-07	9.23e-08	3.03e-08
 1.88920e+16	3.57e-07	8.77e-04	3.67e-01	5.28e-01	1.01e-01	3.27e-03	1.76e-05	0.00e+00	0.00e+00	2.08e-07	1.09e-07	3.60e-08
 1.89483e+16	4.12e-07	9.73e-04	3.91e-01	5.13e-01	9.24e-02	2.90e-03	1.52e-05	0.00e+00	0.00e+00	2.40e-07	1.26e-07	4.15e-08
 1.90113e+16	4.86e-07	1.10e-03	4.20e-01	4.93e-01	8.31e-02	2.51e-03	1.26e-05	0.00e+00	0.00e+00	2.83e-07	1.49e-07	4.91e-08
 1.90806e+16	5.81e-07	1.25e-03	4.53e-01	4.70e-01	7.34e-02	2.11e-03	1.02e-05	0.00e+00	0.00e+00	3.38e-07	1.78e-07	5.87e-08
 1.91431e+16	6.59e-07	1.37e-03	4.85e-01	4.47e-01	6.48e-02	1.79e-03	8.34e-06	0.00e+00	0.00e+00	3.83e-07	2.02e-07	6.67e-08
 1.92093e+16	8.27e-07	1.60e-03	5.22e-01	4.19e-01	5.56e-02	1.45e-03	6.44e-06	0.00e+00	0.00e+00	4.81e-07	2.54e-07	8.38e-08
 1.92727e+16	9.66e-07	1.79e-03	5.57e-01	3.92e-01	4.78e-02	1.19e-03	5.06e-06	0.00e+00	0.00e+00	5.62e-07	2.97e-07	9.79e-08
 1.93228e+16	1.07e-06	1.93e-03	5.86e-01	3.69e-01	4.18e-02	9.98e-04	4.10e-06	0.00e+00	0.00e+00	6.25e-07	3.30e-07	1.09e-07
 1.93781e+16	1.29e-06	2.18e-03	6.20e-01	3.41e-01	3.54e-02	8.01e-04	3.13e-06	0.00e+00	0.00e+00	7.50e-07	3.96e-07	1.31e-07
 1.94360e+16	1.49e-06	2.40e-03	6.54e-01	3.13e-01	2.95e-02	6.33e-04	2.36e-06	0.00e+00	0.00e+00	8.68e-07	4.59e-07	1.52e-07
 1.94889e+16	1.71e-06	2.63e-03	6.86e-01	2.87e-01	2.46e-02	4.99e-04	1.78e-06	0.00e+00	0.00e+00	9.93e-07	5.25e-07	1.74e-07
 1.95492e+16	1.99e-06	2.91e-03	7.21e-01	2.57e-01	1.96e-02	3.73e-04	1.25e-06	0.00e+00	0.00e+00	1.16e-06	6.12e-07	2.03e-07
 1.96155e+16	2.33e-06	3.21e-03	7.56e-01	2.25e-01	1.51e-02	2.66e-04	8.37e-07	0.00e+00	0.00e+00	1.35e-06	7.16e-07	2.38e-07
 1.96769e+16	2.67e-06	3.50e-03	7.87e-01	1.98e-01	1.17e-02	1.90e-04	0.00e+00	0.00e+00	0.00e+00	1.55e-06	8.22e-07	2.74e-07
 1.97443e+16	3.11e-06	3.84e-03	8.18e-01	1.69e-01	8.58e-03	1.28e-04	0.00e+00	0.00e+00	0.00e+00	1.81e-06	9.57e-07	3.19e-07
 1.98195e+16	3.62e-06	4.19e-03	8.48e-01	1.42e-01	6.04e-03	8.11e-05	0.00e+00	0.00e+00	0.00e+00	2.10e-06	1.11e-06	3.72e-07
 1.98931e+16	4.15e-06	4.53e-03	8.73e-01	1.18e-01	4.24e-03	5.11e-05	0.00e+00	0.00e+00	0.00e+00	2.41e-06	1.28e-06	4.27e-07
 1.99770e+16	4.80e-06	4.91e-03	8.97e-01	9.55e-02	2.78e-03	2.95e-05	0.00e+00	0.00e+00	0.00e+00	2.79e-06	1.48e-06	4.95e-07
 2.00862e+16	5.68e-06	5.36e-03	9.20e-01	7.27e-02	1.62e-03	1.44e-05	0.00e+00	0.00e+00	0.00e+00	3.30e-06	1.75e-06	5.88e-07
 2.02087e+16	6.71e-06	5.82e-03	9.39e-01	5.43e-02	8.99e-04	6.59e-06	0.00e+00	0.00e+00	0.00e+00	3.90e-06	2.07e-06	6.96e-07
 2.03487e+16	7.97e-06	6.31e-03	9.54e-01	3.94e-02	4.68e-04	2.72e-06	0.00e+00	0.00e+00	0.00e+00	4.63e-06	2.46e-06	8.27e-07
 2.05307e+16	9.73e-06	6.91e-03	9.66e-01	2.71e-02	2.14e-04	9.17e-07	0.00e+00	0.00e+00	0.00e+00	5.66e-06	3.00e-06	1.01e-06
 2.07673e+16	1.24e-05	7.66e-03	9.74e-01	1.78e-02	8.61e-05	0.00e+00	0.00e+00	0.00e+00	0.00e+00	7.18e-06	3.81e-06	1.28e-06
 2.10748e+16	1.66e-05	8.68e-03	9.80e-01	1.14e-02	3.13e-05	0.00e+00	0.00e+00	0.00e+00	0.00e+00	9.66e-06	5.13e-06	1.73e-06
 2.13911e+16	2.28e-05	9.92e-03	9.82e-01	8.01e-03	1.32e-05	0.00e+00	0.00e+00	0.00e+00	0.00e+00	1.32e-05	7.03e-06	2.37e-06
