#depth	N	N+	N+2	N+3	N+4	N+5	N+6	N+7
 1.49634e+10	0.00e+00	0.00e+00	3.38e-28	1.70e-18	7.98e-10	9.98e-01	2.16e-03	0.00e+00
 4.54887e+10	0.00e+00	1.90e-38	4.28e-28	2.00e-18	8.64e-10	9.98e-01	2.00e-03	7.88e-10
 7.72350e+10	0.00e+00	0.00e+00	5.43e-28	2.34e-18	9.35e-10	9.98e-01	1.84e-03	0.00e+00
 1.10251e+11	0.00e+00	3.57e-38	6.88e-28	2.74e-18	1.01e-09	9.98e-01	1.69e-03	0.00e+00
 1.44588e+11	0.00e+00	0.00e+00	8.72e-28	3.21e-18	1.10e-09	9.98e-01	1.56e-03	0.00e+00
 1.80298e+11	0.00e+00	6.72e-38	1.11e-27	3.76e-18	1.19e-09	9.99e-01	1.44e-03	0.00e+00
 2.17437e+11	0.00e+00	0.00e+00	1.40e-27	4.41e-18	1.29e-09	9.99e-01	1.33e-03	0.00e+00
 2.56061e+11	0.00e+00	1.27e-37	1.78e-27	5.17e-18	1.39e-09	9.99e-01	1.22e-03	0.00e+00
 2.96231e+11	0.00e+00	0.00e+00	2.26e-27	6.07e-18	1.51e-09	9.99e-01	1.13e-03	0.00e+00
 3.38007e+11	0.00e+00	2.39e-37	2.87e-27	7.11e-18	1.63e-09	9.99e-01	1.04e-03	0.00e+00
 3.79382e+11	0.00e+00	0.00e+00	3.61e-27	8.28e-18	1.76e-09	9.99e-01	9.63e-04	0.00e+00
 4.22411e+11	0.00e+00	4.39e-37	4.53e-27	9.65e-18	1.90e-09	9.99e-01	8.90e-04	0.00e+00
 4.69235e+11	0.00e+00	0.00e+00	5.76e-27	1.13e-17	2.06e-09	9.99e-01	8.20e-04	0.00e+00
 5.16628e+11	0.00e+00	8.24e-37	7.27e-27	1.32e-17	2.23e-09	9.99e-01	7.57e-04	0.00e+00
 5.65917e+11	0.00e+00	0.00e+00	9.19e-27	1.55e-17	2.41e-09	9.99e-01	6.99e-04	0.00e+00
 6.18481e+11	0.00e+00	1.55e-36	1.17e-26	1.82e-17	2.61e-09	9.99e-01	6.43e-04	0.00e+00
 6.73147e+11	3.28e-47	2.13e-36	1.49e-26	2.13e-17	2.83e-09	9.99e-01	5.92e-04	0.00e+00
 7.29999e+11	0.00e+00	0.00e+00	1.89e-26	2.51e-17	3.07e-09	9.99e-01	5.45e-04	0.00e+00
 7.89126e+11	0.00e+00	4.06e-36	2.41e-26	2.95e-17	3.33e-09	9.99e-01	5.02e-04	0.00e+00
 8.50618e+11	1.09e-46	5.60e-36	3.08e-26	3.47e-17	3.61e-09	1.00e+00	4.62e-04	0.00e+00
 9.14569e+11	0.00e+00	0.00e+00	3.92e-26	4.08e-17	3.92e-09	1.00e+00	4.25e-04	0.00e+00
 9.81079e+11	0.00e+00	1.07e-35	5.00e-26	4.80e-17	4.26e-09	1.00e+00	3.91e-04	0.00e+00
 1.05025e+12	3.68e-46	1.48e-35	6.39e-26	5.66e-17	4.62e-09	1.00e+00	3.59e-04	0.00e+00
 1.12219e+12	0.00e+00	0.00e+00	8.16e-26	6.66e-17	5.02e-09	1.00e+00	3.30e-04	0.00e+00
 1.19700e+12	0.00e+00	2.84e-35	1.04e-25	7.86e-17	5.45e-09	1.00e+00	3.04e-04	0.00e+00
 1.27481e+12	1.25e-45	3.94e-35	1.34e-25	9.27e-17	5.92e-09	1.00e+00	2.79e-04	0.00e+00
 1.35573e+12	0.00e+00	0.00e+00	1.71e-25	1.09e-16	6.44e-09	1.00e+00	2.56e-04	0.00e+00
 1.43988e+12	0.00e+00	7.59e-35	2.19e-25	1.29e-16	7.00e-09	1.00e+00	2.35e-04	0.00e+00
 1.52740e+12	4.26e-45	1.06e-34	2.81e-25	1.53e-16	7.62e-09	1.00e+00	2.16e-04	0.00e+00
 1.61843e+12	0.00e+00	0.00e+00	3.61e-25	1.81e-16	8.30e-09	1.00e+00	1.98e-04	0.00e+00
 1.71309e+12	0.00e+00	2.05e-34	4.64e-25	2.14e-16	9.03e-09	1.00e+00	1.82e-04	0.00e+00
 1.81154e+12	1.47e-44	2.86e-34	5.97e-25	2.53e-16	9.84e-09	1.00e+00	1.67e-04	0.00e+00
 1.90257e+12	0.00e+00	3.84e-34	7.47e-25	2.95e-16	1.06e-08	1.00e+00	1.54e-04	0.00e+00
 1.98154e+12	2.91e-44	4.94e-34	9.04e-25	3.35e-16	1.13e-08	1.00e+00	1.44e-04	0.00e+00
 2.06926e+12	0.00e+00	6.47e-34	1.11e-24	3.85e-16	1.22e-08	1.00e+00	1.35e-04	0.00e+00
 2.17618e+12	6.08e-44	8.91e-34	1.41e-24	4.53e-16	1.32e-08	1.00e+00	1.24e-04	0.00e+00
 2.28481e+12	0.00e+00	1.22e-33	1.80e-24	5.33e-16	1.43e-08	1.00e+00	1.14e-04	0.00e+00
 2.38362e+12	1.27e-43	1.61e-33	2.21e-24	6.14e-16	1.54e-08	1.00e+00	1.06e-04	0.00e+00
 2.49291e+12	0.00e+00	2.16e-33	2.77e-24	7.15e-16	1.67e-08	1.00e+00	9.80e-05	0.00e+00
 2.62073e+12	2.77e-43	3.02e-33	3.58e-24	8.50e-16	1.82e-08	1.00e+00	8.97e-05	0.00e+00
 2.74611e+12	0.00e+00	4.15e-33	4.56e-24	1.00e-15	1.98e-08	1.00e+00	8.24e-05	0.00e+00
 2.86243e+12	5.84e-43	5.51e-33	5.66e-24	1.16e-15	2.14e-08	1.00e+00	7.64e-05	0.00e+00
 2.99277e+12	0.00e+00	7.50e-33	7.16e-24	1.36e-15	2.32e-08	1.00e+00	7.04e-05	0.00e+00
 3.14241e+12	1.30e-42	1.05e-32	9.30e-24	1.63e-15	2.54e-08	1.00e+00	6.42e-05	0.00e+00
 3.28874e+12	0.00e+00	1.45e-32	1.19e-23	1.93e-15	2.77e-08	1.00e+00	5.89e-05	0.00e+00
 3.42840e+12	2.80e-42	1.95e-32	1.49e-23	2.25e-15	3.00e-08	1.00e+00	5.44e-05	0.00e+00
 3.58294e+12	0.00e+00	2.68e-32	1.90e-23	2.66e-15	3.27e-08	1.00e+00	4.99e-05	0.00e+00
 3.75618e+12	6.30e-42	3.76e-32	2.47e-23	3.18e-15	3.58e-08	1.00e+00	4.55e-05	0.00e+00
 3.92978e+12	0.00e+00	5.22e-32	3.18e-23	3.78e-15	3.92e-08	1.00e+00	4.16e-05	0.00e+00
 4.11031e+12	1.41e-41	7.25e-32	4.09e-23	4.50e-15	4.29e-08	1.00e+00	3.80e-05	0.00e+00
 4.30465e+12	0.00e+00	1.02e-31	5.32e-23	5.40e-15	4.71e-08	1.00e+00	3.46e-05	0.00e+00
 4.50677e+12	3.25e-41	1.42e-31	6.90e-23	6.46e-15	5.18e-08	1.00e+00	3.15e-05	0.00e+00
 4.71696e+12	0.00e+00	2.00e-31	8.96e-23	7.75e-15	5.69e-08	1.00e+00	2.86e-05	0.00e+00
 4.93557e+12	7.43e-41	2.79e-31	1.16e-22	9.28e-15	6.26e-08	1.00e+00	2.61e-05	0.00e+00
 5.16292e+12	0.00e+00	3.90e-31	1.51e-22	1.11e-14	6.88e-08	1.00e+00	2.37e-05	0.00e+00
 5.37875e+12	1.63e-40	5.29e-31	1.91e-22	1.31e-14	7.50e-08	1.00e+00	2.17e-05	0.00e+00
 5.57449e+12	0.00e+00	6.90e-31	2.35e-22	1.52e-14	8.10e-08	1.00e+00	2.02e-05	0.00e+00
 5.79482e+12	3.20e-40	9.20e-31	2.94e-22	1.78e-14	8.80e-08	1.00e+00	1.86e-05	0.00e+00
 6.04019e+12	0.00e+00	1.25e-30	3.75e-22	2.11e-14	9.63e-08	1.00e+00	1.70e-05	0.00e+00
 6.27091e+12	6.57e-40	1.66e-30	4.66e-22	2.46e-14	1.04e-07	1.00e+00	1.56e-05	0.00e+00
 6.52338e+12	0.00e+00	2.22e-30	5.87e-22	2.89e-14	1.14e-07	1.00e+00	1.44e-05	0.00e+00
 6.80581e+12	1.38e-39	3.05e-30	7.52e-22	3.45e-14	1.25e-07	1.00e+00	1.31e-05	0.00e+00
 7.07358e+12	0.00e+00	4.06e-30	9.43e-22	4.05e-14	1.36e-07	1.00e+00	1.20e-05	0.00e+00
 7.36050e+12	2.79e-39	5.45e-30	1.19e-21	4.78e-14	1.49e-07	1.00e+00	1.10e-05	0.00e+00
 7.68485e+12	0.00e+00	7.49e-30	1.53e-21	5.72e-14	1.64e-07	1.00e+00	1.00e-05	0.00e+00
 8.00266e+12	5.88e-39	1.01e-29	1.94e-21	6.78e-14	1.79e-07	1.00e+00	9.14e-06	0.00e+00
 8.28454e+12	0.00e+00	1.30e-29	2.37e-21	7.84e-14	1.94e-07	1.00e+00	8.45e-06	0.00e+00
 8.58221e+12	1.09e-38	1.69e-29	2.91e-21	9.10e-14	2.10e-07	1.00e+00	7.81e-06	0.00e+00
 8.91827e+12	0.00e+00	2.23e-29	3.65e-21	1.07e-13	2.30e-07	1.00e+00	7.16e-06	0.00e+00
 9.23918e+12	2.08e-38	2.89e-29	4.48e-21	1.24e-13	2.49e-07	1.00e+00	6.60e-06	0.00e+00
 9.59127e+12	0.00e+00	3.78e-29	5.56e-21	1.45e-13	2.71e-07	1.00e+00	6.06e-06	0.00e+00
 9.97963e+12	4.06e-38	5.03e-29	7.00e-21	1.72e-13	2.97e-07	1.00e+00	5.53e-06	0.00e+00
 1.03386e+13	0.00e+00	6.48e-29	8.58e-21	2.00e-13	3.23e-07	1.00e+00	5.10e-06	0.00e+00
 1.07289e+13	7.53e-38	8.44e-29	1.06e-20	2.34e-13	3.52e-07	1.00e+00	4.69e-06	0.00e+00
 1.11663e+13	0.00e+00	1.12e-28	1.34e-20	2.77e-13	3.86e-07	1.00e+00	4.27e-06	0.00e+00
 1.15809e+13	1.43e-37	1.45e-28	1.64e-20	3.23e-13	4.21e-07	1.00e+00	3.92e-06	0.00e+00
 1.20292e+13	0.00e+00	1.89e-28	2.04e-20	3.79e-13	4.60e-07	1.00e+00	3.59e-06	0.00e+00
 1.25269e+13	2.76e-37	2.51e-28	2.57e-20	4.49e-13	5.06e-07	1.00e+00	3.27e-06	0.00e+00
 1.30036e+13	0.00e+00	3.25e-28	3.17e-20	5.25e-13	5.52e-07	1.00e+00	3.00e-06	0.00e+00
 1.35126e+13	5.13e-37	4.23e-28	3.94e-20	6.17e-13	6.04e-07	1.00e+00	2.74e-06	0.00e+00
 1.40831e+13	0.00e+00	5.62e-28	4.97e-20	7.34e-13	6.66e-07	1.00e+00	2.49e-06	0.00e+00
 1.46503e+13	9.90e-37	7.37e-28	6.20e-20	8.65e-13	7.30e-07	1.00e+00	2.27e-06	0.00e+00
 1.52403e+13	0.00e+00	9.64e-28	7.74e-20	1.02e-12	8.00e-07	1.00e+00	2.07e-06	0.00e+00
 1.58798e+13	1.90e-36	1.28e-27	9.73e-20	1.21e-12	8.81e-07	1.00e+00	1.89e-06	0.00e+00
 1.65449e+13	0.00e+00	1.69e-27	1.22e-19	1.43e-12	9.69e-07	1.00e+00	1.72e-06	0.00e+00
 1.72366e+13	3.67e-36	2.23e-27	1.54e-19	1.69e-12	1.07e-06	1.00e+00	1.56e-06	0.00e+00
 1.79560e+13	0.00e+00	2.94e-27	1.93e-19	2.00e-12	1.17e-06	1.00e+00	1.42e-06	0.00e+00
 1.86729e+13	7.00e-36	3.84e-27	2.40e-19	2.35e-12	1.28e-06	1.00e+00	1.30e-06	0.00e+00
 1.93377e+13	0.00e+00	4.87e-27	2.91e-19	2.71e-12	1.39e-06	1.00e+00	1.20e-06	0.00e+00
 2.00603e+13	1.26e-35	6.27e-27	3.57e-19	3.14e-12	1.51e-06	1.00e+00	1.11e-06	0.00e+00
 2.08759e+13	0.00e+00	8.24e-27	4.46e-19	3.69e-12	1.65e-06	1.00e+00	1.01e-06	0.00e+00
 2.15987e+13	2.30e-35	1.04e-26	5.39e-19	4.23e-12	1.78e-06	1.00e+00	9.39e-07	0.00e+00
 2.22107e+13	0.00e+00	1.26e-26	6.30e-19	4.74e-12	1.90e-06	1.00e+00	0.00e+00	0.00e+00
 2.28937e+13	3.74e-35	1.56e-26	7.47e-19	5.35e-12	2.02e-06	1.00e+00	0.00e+00	0.00e+00
 2.37603e+13	0.00e+00	2.02e-26	9.19e-19	6.21e-12	2.20e-06	1.00e+00	0.00e+00	0.00e+00
 2.46756e+13	6.99e-35	2.63e-26	1.14e-18	7.23e-12	2.39e-06	1.00e+00	0.00e+00	0.00e+00
 2.55056e+13	0.00e+00	3.32e-26	1.37e-18	8.25e-12	2.57e-06	1.00e+00	0.00e+00	0.00e+00
 2.62696e+13	1.19e-34	4.10e-26	1.62e-18	9.28e-12	2.74e-06	1.00e+00	0.00e+00	0.00e+00
 2.71174e+13	0.00e+00	5.15e-26	1.94e-18	1.05e-11	2.93e-06	1.00e+00	0.00e+00	0.00e+00
 2.81634e+13	2.16e-34	6.73e-26	2.40e-18	1.22e-11	3.19e-06	1.00e+00	0.00e+00	0.00e+00
 2.91946e+13	2.97e-34	8.73e-26	2.94e-18	1.41e-11	3.44e-06	1.00e+00	0.00e+00	0.00e+00
 3.00737e+13	3.84e-34	1.08e-25	3.49e-18	1.59e-11	3.67e-06	1.00e+00	0.00e+00	0.00e+00
 3.10279e+13	5.07e-34	1.36e-25	4.17e-18	1.80e-11	3.92e-06	1.00e+00	0.00e+00	0.00e+00
 3.22135e+13	7.10e-34	1.79e-25	5.17e-18	2.09e-11	4.24e-06	1.00e+00	0.00e+00	0.00e+00
 3.34321e+13	9.84e-34	2.34e-25	6.39e-18	2.42e-11	4.59e-06	1.00e+00	0.00e+00	0.00e+00
 3.45167e+13	1.31e-33	2.97e-25	7.68e-18	2.74e-11	4.91e-06	1.00e+00	0.00e+00	0.00e+00
 3.56951e+13	1.79e-33	3.81e-25	9.32e-18	3.13e-11	5.26e-06	1.00e+00	0.00e+00	0.00e+00
 3.71034e+13	2.55e-33	5.10e-25	1.17e-17	3.65e-11	5.70e-06	1.00e+00	0.00e+00	0.00e+00
 3.85245e+13	3.59e-33	6.73e-25	1.45e-17	4.24e-11	6.17e-06	1.00e+00	0.00e+00	0.00e+00
 3.98483e+13	4.91e-33	8.69e-25	1.76e-17	4.85e-11	6.61e-06	1.00e+00	0.00e+00	0.00e+00
 4.13181e+13	6.90e-33	1.14e-24	2.18e-17	5.59e-11	7.12e-06	1.00e+00	0.00e+00	0.00e+00
 4.30007e+13	1.01e-32	1.55e-24	2.75e-17	6.55e-11	7.72e-06	1.00e+00	0.00e+00	0.00e+00
 4.46839e+13	1.45e-32	2.08e-24	3.44e-17	7.62e-11	8.35e-06	1.00e+00	0.00e+00	0.00e+00
 4.64343e+13	2.08e-32	2.79e-24	4.31e-17	8.87e-11	9.03e-06	1.00e+00	0.00e+00	0.00e+00
 4.83216e+13	3.04e-32	3.80e-24	5.44e-17	1.04e-10	9.78e-06	1.00e+00	0.00e+00	0.00e+00
 5.02844e+13	4.48e-32	5.18e-24	6.88e-17	1.21e-10	1.06e-05	1.00e+00	0.00e+00	0.00e+00
 5.23257e+13	6.56e-32	7.04e-24	8.69e-17	1.42e-10	1.15e-05	1.00e+00	0.00e+00	0.00e+00
 5.43396e+13	9.43e-32	9.43e-24	1.08e-16	1.65e-10	1.24e-05	1.00e+00	0.00e+00	0.00e+00
 5.64341e+13	1.36e-31	1.27e-23	1.36e-16	1.92e-10	1.33e-05	1.00e+00	0.00e+00	0.00e+00
 5.87214e+13	2.01e-31	1.73e-23	1.71e-16	2.24e-10	1.44e-05	1.00e+00	0.00e+00	0.00e+00
 6.10260e+13	2.91e-31	2.33e-23	2.15e-16	2.61e-10	1.56e-05	1.00e+00	0.00e+00	0.00e+00
 6.34227e+13	4.25e-31	3.16e-23	2.70e-16	3.04e-10	1.68e-05	1.00e+00	0.00e+00	0.00e+00
 6.57406e+13	6.02e-31	4.18e-23	3.34e-16	3.51e-10	1.81e-05	1.00e+00	0.00e+00	0.00e+00
 6.77772e+13	8.15e-31	5.32e-23	4.00e-16	3.95e-10	1.92e-05	1.00e+00	0.00e+00	0.00e+00
 7.00244e+13	1.12e-30	6.86e-23	4.85e-16	4.50e-10	2.05e-05	1.00e+00	0.00e+00	0.00e+00
 7.27354e+13	1.63e-30	9.27e-23	6.08e-16	5.23e-10	2.21e-05	1.00e+00	0.00e+00	0.00e+00
 7.55170e+13	2.34e-30	1.24e-22	7.59e-16	6.07e-10	2.38e-05	1.00e+00	0.00e+00	0.00e+00
 7.81383e+13	3.26e-30	1.62e-22	9.29e-16	6.95e-10	2.55e-05	1.00e+00	0.00e+00	0.00e+00
 8.10223e+13	4.67e-30	2.16e-22	1.15e-15	8.02e-10	2.74e-05	1.00e+00	0.00e+00	0.00e+00
 8.42931e+13	6.82e-30	2.93e-22	1.45e-15	9.39e-10	2.97e-05	1.00e+00	0.00e+00	0.00e+00
 8.75638e+13	9.95e-30	3.97e-22	1.82e-15	1.09e-09	3.20e-05	1.00e+00	0.00e+00	0.00e+00
 9.09652e+13	1.43e-29	5.31e-22	2.28e-15	1.27e-09	3.46e-05	1.00e+00	0.00e+00	0.00e+00
 9.46338e+13	2.12e-29	7.28e-22	2.89e-15	1.49e-09	3.74e-05	1.00e+00	0.00e+00	0.00e+00
 9.84490e+13	3.09e-29	9.87e-22	3.65e-15	1.74e-09	4.05e-05	1.00e+00	0.00e+00	0.00e+00
 1.01997e+14	4.34e-29	1.30e-21	4.50e-15	2.00e-09	4.35e-05	1.00e+00	0.00e+00	0.00e+00
 1.05104e+14	5.77e-29	1.64e-21	5.37e-15	2.26e-09	4.63e-05	1.00e+00	0.00e+00	0.00e+00
 1.08560e+14	7.94e-29	2.11e-21	6.51e-15	2.57e-09	4.94e-05	1.00e+00	0.00e+00	0.00e+00
 1.12739e+14	1.15e-28	2.84e-21	8.15e-15	2.98e-09	5.33e-05	1.00e+00	0.00e+00	0.00e+00
 1.16949e+14	1.62e-28	3.77e-21	1.01e-14	3.45e-09	5.74e-05	1.00e+00	0.00e+00	0.00e+00
 1.20777e+14	2.23e-28	4.85e-21	1.23e-14	3.92e-09	6.12e-05	1.00e+00	0.00e+00	0.00e+00
 1.25012e+14	3.09e-28	6.33e-21	1.50e-14	4.50e-09	6.57e-05	1.00e+00	0.00e+00	0.00e+00
 1.29970e+14	4.51e-28	8.59e-21	1.89e-14	5.25e-09	7.10e-05	1.00e+00	0.00e+00	0.00e+00
 1.34837e+14	6.37e-28	1.14e-20	2.35e-14	6.08e-09	7.66e-05	1.00e+00	0.00e+00	0.00e+00
 1.39366e+14	8.77e-28	1.47e-20	2.86e-14	6.94e-09	8.19e-05	1.00e+00	0.00e+00	0.00e+00
 1.44437e+14	1.24e-27	1.95e-20	3.54e-14	8.00e-09	8.80e-05	1.00e+00	0.00e+00	0.00e+00
 1.50245e+14	1.80e-27	2.63e-20	4.48e-14	9.36e-09	9.53e-05	1.00e+00	0.00e+00	0.00e+00
 1.55970e+14	2.60e-27	3.54e-20	5.59e-14	1.09e-08	1.03e-04	1.00e+00	0.00e+00	0.00e+00
 1.61925e+14	3.70e-27	4.71e-20	6.98e-14	1.26e-08	1.11e-04	1.00e+00	0.00e+00	0.00e+00
 1.68432e+14	5.46e-27	6.43e-20	8.83e-14	1.48e-08	1.20e-04	1.00e+00	0.00e+00	0.00e+00
 1.75026e+14	7.82e-27	8.62e-20	1.11e-13	1.72e-08	1.30e-04	1.00e+00	0.00e+00	0.00e+00
 1.81885e+14	1.14e-26	1.17e-19	1.40e-13	2.01e-08	1.40e-04	1.00e+00	0.00e+00	0.00e+00
 1.88918e+14	1.63e-26	1.56e-19	1.75e-13	2.33e-08	1.51e-04	1.00e+00	0.00e+00	0.00e+00
 1.95771e+14	2.32e-26	2.07e-19	2.16e-13	2.69e-08	1.63e-04	1.00e+00	0.00e+00	0.00e+00
 2.02526e+14	3.17e-26	2.67e-19	2.65e-13	3.08e-08	1.74e-04	1.00e+00	0.00e+00	0.00e+00
 2.10012e+14	4.51e-26	3.55e-19	3.29e-13	3.56e-08	1.87e-04	1.00e+00	0.00e+00	0.00e+00
 2.18229e+14	6.58e-26	4.81e-19	4.13e-13	4.14e-08	2.02e-04	1.00e+00	0.00e+00	0.00e+00
 2.26168e+14	9.26e-26	6.34e-19	5.11e-13	4.78e-08	2.17e-04	1.00e+00	0.00e+00	0.00e+00
 2.34638e+14	1.30e-25	8.38e-19	6.36e-13	5.53e-08	2.34e-04	1.00e+00	0.00e+00	0.00e+00
 2.43117e+14	1.85e-25	1.11e-18	7.86e-13	6.37e-08	2.51e-04	1.00e+00	0.00e+00	0.00e+00
 2.50428e+14	2.42e-25	1.39e-18	9.38e-13	7.17e-08	2.67e-04	1.00e+00	0.00e+00	0.00e+00
 2.58358e+14	3.31e-25	1.78e-18	1.13e-12	8.12e-08	2.83e-04	1.00e+00	0.00e+00	0.00e+00
 2.68112e+14	4.65e-25	2.35e-18	1.41e-12	9.41e-08	3.05e-04	1.00e+00	0.00e+00	0.00e+00
 2.78110e+14	6.58e-25	3.11e-18	1.75e-12	1.09e-07	3.29e-04	1.00e+00	0.00e+00	0.00e+00
 2.87233e+14	8.88e-25	3.97e-18	2.12e-12	1.24e-07	3.51e-04	1.00e+00	0.00e+00	0.00e+00
 2.97346e+14	1.24e-24	5.19e-18	2.61e-12	1.42e-07	3.76e-04	1.00e+00	0.00e+00	0.00e+00
 3.08460e+14	1.74e-24	6.86e-18	3.25e-12	1.65e-07	4.05e-04	1.00e+00	0.00e+00	0.00e+00
 3.18635e+14	2.39e-24	8.87e-18	3.94e-12	1.87e-07	4.32e-04	1.00e+00	0.00e+00	0.00e+00
 3.29622e+14	3.23e-24	1.14e-17	4.82e-12	2.14e-07	4.63e-04	1.00e+00	0.00e+00	0.00e+00
 3.41908e+14	4.61e-24	1.51e-17	5.99e-12	2.48e-07	4.98e-04	1.00e+00	0.00e+00	0.00e+00
 3.53519e+14	6.14e-24	1.92e-17	7.30e-12	2.83e-07	5.34e-04	9.99e-01	0.00e+00	0.00e+00
 3.66249e+14	8.54e-24	2.52e-17	9.01e-12	3.26e-07	5.73e-04	9.99e-01	0.00e+00	0.00e+00
 3.80360e+14	1.19e-23	3.32e-17	1.13e-11	3.79e-07	6.19e-04	9.99e-01	0.00e+00	0.00e+00
 3.93467e+14	1.63e-23	4.29e-17	1.38e-11	4.34e-07	6.63e-04	9.99e-01	0.00e+00	0.00e+00
 4.07666e+14	2.23e-23	5.56e-17	1.70e-11	5.00e-07	7.14e-04	9.99e-01	0.00e+00	0.00e+00
 4.23583e+14	3.22e-23	7.49e-17	2.13e-11	5.83e-07	7.71e-04	9.99e-01	0.00e+00	0.00e+00
 4.38790e+14	4.27e-23	9.53e-17	2.62e-11	6.71e-07	8.31e-04	9.99e-01	0.00e+00	0.00e+00
 4.55025e+14	5.96e-23	1.25e-16	3.25e-11	7.76e-07	8.95e-04	9.99e-01	0.00e+00	0.00e+00
 4.73256e+14	8.31e-23	1.66e-16	4.10e-11	9.08e-07	9.71e-04	9.99e-01	0.00e+00	0.00e+00
 4.91217e+14	1.16e-22	2.18e-16	5.11e-11	1.05e-06	1.05e-03	9.99e-01	0.00e+00	0.00e+00
 5.09897e+14	1.59e-22	2.84e-16	6.36e-11	1.22e-06	1.13e-03	9.99e-01	0.00e+00	0.00e+00
 5.30323e+14	2.25e-22	3.80e-16	8.03e-11	1.43e-06	1.23e-03	9.99e-01	0.00e+00	0.00e+00
 5.50857e+14	3.10e-22	4.98e-16	1.00e-10	1.67e-06	1.33e-03	9.99e-01	0.00e+00	0.00e+00
 5.72212e+14	4.35e-22	6.58e-16	1.26e-10	1.94e-06	1.45e-03	9.99e-01	0.00e+00	0.00e+00
 5.95130e+14	5.84e-22	8.53e-16	1.58e-10	2.27e-06	1.57e-03	9.98e-01	0.00e+00	0.00e+00
 6.16701e+14	7.89e-22	1.10e-15	1.95e-10	2.62e-06	1.70e-03	9.98e-01	0.00e+00	0.00e+00
 6.34450e+14	1.00e-21	1.35e-15	2.30e-10	2.93e-06	1.80e-03	9.98e-01	0.00e+00	0.00e+00
 6.52533e+14	1.28e-21	1.65e-15	2.72e-10	3.28e-06	1.91e-03	9.98e-01	0.00e+00	0.00e+00
 6.76024e+14	1.67e-21	2.09e-15	3.34e-10	3.78e-06	2.07e-03	9.98e-01	0.00e+00	0.00e+00
 7.00385e+14	2.24e-21	2.68e-15	4.11e-10	4.36e-06	2.23e-03	9.98e-01	0.00e+00	0.00e+00
 7.20923e+14	2.82e-21	3.27e-15	4.87e-10	4.89e-06	2.37e-03	9.98e-01	0.00e+00	0.00e+00
 7.42653e+14	3.62e-21	4.03e-15	5.80e-10	5.51e-06	2.53e-03	9.97e-01	0.00e+00	0.00e+00
 7.70048e+14	4.74e-21	5.12e-15	7.17e-10	6.36e-06	2.74e-03	9.97e-01	0.00e+00	0.00e+00
 7.98313e+14	6.35e-21	6.59e-15	8.86e-10	7.35e-06	2.97e-03	9.97e-01	0.00e+00	0.00e+00
 8.22998e+14	8.08e-21	8.11e-15	1.06e-09	8.30e-06	3.17e-03	9.97e-01	0.00e+00	0.00e+00
 8.49526e+14	1.04e-20	1.01e-14	1.28e-09	9.43e-06	3.40e-03	9.97e-01	0.00e+00	0.00e+00
 8.81825e+14	1.38e-20	1.29e-14	1.59e-09	1.09e-05	3.69e-03	9.96e-01	0.00e+00	0.00e+00
 9.13918e+14	1.85e-20	1.67e-14	1.96e-09	1.26e-05	3.99e-03	9.96e-01	0.00e+00	0.00e+00
 9.42113e+14	2.34e-20	2.05e-14	2.35e-09	1.43e-05	4.27e-03	9.96e-01	0.00e+00	0.00e+00
 9.72948e+14	3.00e-20	2.54e-14	2.84e-09	1.62e-05	4.58e-03	9.95e-01	0.00e+00	0.00e+00
 1.01020e+15	3.99e-20	3.27e-14	3.54e-09	1.88e-05	4.98e-03	9.95e-01	0.00e+00	0.00e+00
 1.04728e+15	5.37e-20	4.22e-14	4.38e-09	2.17e-05	5.39e-03	9.95e-01	0.00e+00	0.00e+00
 1.08052e+15	6.78e-20	5.19e-14	5.27e-09	2.46e-05	5.78e-03	9.94e-01	0.00e+00	0.00e+00
 1.11726e+15	8.91e-20	6.57e-14	6.43e-09	2.82e-05	6.21e-03	9.94e-01	0.00e+00	0.00e+00
 1.16081e+15	1.20e-19	8.53e-14	8.07e-09	3.28e-05	6.77e-03	9.93e-01	0.00e+00	0.00e+00
 1.20371e+15	1.59e-19	1.09e-13	1.00e-08	3.79e-05	7.34e-03	9.93e-01	0.00e+00	0.00e+00
 1.24299e+15	2.08e-19	1.38e-13	1.21e-08	4.31e-05	7.87e-03	9.92e-01	0.00e+00	0.00e+00
 1.28706e+15	2.73e-19	1.75e-13	1.49e-08	4.95e-05	8.50e-03	9.91e-01	0.00e+00	0.00e+00
 1.33822e+15	3.75e-19	2.30e-13	1.88e-08	5.79e-05	9.27e-03	9.91e-01	0.00e+00	0.00e+00
 1.38860e+15	5.03e-19	2.97e-13	2.35e-08	6.71e-05	1.00e-02	9.90e-01	0.00e+00	0.00e+00
 1.44099e+15	6.79e-19	3.86e-13	2.94e-08	7.77e-05	1.09e-02	9.89e-01	0.00e+00	0.00e+00
 1.49866e+15	9.36e-19	5.09e-13	3.71e-08	9.09e-05	1.19e-02	9.88e-01	0.00e+00	0.00e+00
 1.55698e+15	1.30e-18	6.72e-13	4.67e-08	1.06e-04	1.29e-02	9.87e-01	0.00e+00	0.00e+00
 1.61764e+15	1.76e-18	8.78e-13	5.88e-08	1.23e-04	1.40e-02	9.86e-01	0.00e+00	0.00e+00
 1.67167e+15	2.34e-18	1.12e-12	7.17e-08	1.40e-04	1.51e-02	9.85e-01	0.00e+00	0.00e+00
 1.71265e+15	2.88e-18	1.34e-12	8.29e-08	1.55e-04	1.59e-02	9.84e-01	0.00e+00	0.00e+00
 1.75562e+15	3.55e-18	1.60e-12	9.63e-08	1.71e-04	1.68e-02	9.83e-01	0.00e+00	0.00e+00
 1.81148e+15	4.58e-18	1.99e-12	1.16e-07	1.93e-04	1.80e-02	9.82e-01	0.00e+00	0.00e+00
 1.87254e+15	6.20e-18	2.57e-12	1.42e-07	2.21e-04	1.93e-02	9.80e-01	0.00e+00	0.00e+00
 1.92809e+15	7.97e-18	3.18e-12	1.70e-07	2.48e-04	2.06e-02	9.79e-01	0.00e+00	0.00e+00
 1.98802e+15	1.02e-17	3.95e-12	2.05e-07	2.80e-04	2.20e-02	9.78e-01	0.00e+00	0.00e+00
 2.06235e+15	1.43e-17	5.24e-12	2.56e-07	3.24e-04	2.38e-02	9.76e-01	0.00e+00	0.00e+00
 2.13677e+15	1.97e-17	6.84e-12	3.17e-07	3.74e-04	2.57e-02	9.74e-01	0.00e+00	0.00e+00
 2.20164e+15	2.56e-17	8.55e-12	3.81e-07	4.21e-04	2.74e-02	9.72e-01	0.00e+00	0.00e+00
 2.27272e+15	3.40e-17	1.09e-11	4.62e-07	4.78e-04	2.93e-02	9.70e-01	0.00e+00	0.00e+00
 2.35917e+15	4.75e-17	1.44e-11	5.80e-07	5.54e-04	3.18e-02	9.68e-01	0.00e+00	0.00e+00
 2.44609e+15	6.42e-17	1.86e-11	7.23e-07	6.40e-04	3.43e-02	9.65e-01	0.00e+00	0.00e+00
 2.52404e+15	8.58e-17	2.37e-11	8.75e-07	7.26e-04	3.67e-02	9.63e-01	0.00e+00	0.00e+00
 2.60985e+15	1.16e-16	3.05e-11	1.07e-06	8.29e-04	3.94e-02	9.60e-01	0.00e+00	0.00e+00
 2.71154e+15	1.79e-16	4.15e-11	1.36e-06	9.66e-04	4.27e-02	9.56e-01	0.00e+00	0.00e+00
 2.81196e+15	2.53e-16	5.50e-11	1.69e-06	1.12e-03	4.61e-02	9.53e-01	0.00e+00	0.00e+00
 2.90420e+15	3.41e-16	7.04e-11	2.06e-06	1.27e-03	4.93e-02	9.49e-01	0.00e+00	0.00e+00
 3.00769e+15	4.71e-16	9.20e-11	2.55e-06	1.46e-03	5.30e-02	9.46e-01	0.00e+00	0.00e+00
 3.12753e+15	6.85e-16	1.25e-10	3.24e-06	1.70e-03	5.75e-02	9.41e-01	0.00e+00	0.00e+00
 3.24502e+15	9.73e-16	1.66e-10	4.05e-06	1.97e-03	6.20e-02	9.36e-01	0.00e+00	0.00e+00
 3.35719e+15	1.34e-15	2.16e-10	4.98e-06	2.25e-03	6.64e-02	9.31e-01	0.00e+00	0.00e+00
 3.48150e+15	1.89e-15	2.86e-10	6.21e-06	2.60e-03	7.15e-02	9.26e-01	0.00e+00	0.00e+00
 3.62079e+15	2.66e-15	3.82e-10	7.87e-06	3.03e-03	7.73e-02	9.20e-01	0.00e+00	0.00e+00
 3.76222e+15	3.99e-15	5.26e-10	9.95e-06	3.53e-03	8.36e-02	9.13e-01	0.00e+00	0.00e+00
 3.90930e+15	5.79e-15	7.11e-10	1.25e-05	4.10e-03	9.02e-02	9.06e-01	0.00e+00	0.00e+00
 4.03988e+15	7.94e-15	9.18e-10	1.53e-05	4.66e-03	9.62e-02	8.99e-01	0.00e+00	0.00e+00
 4.13949e+15	1.00e-14	1.11e-09	1.77e-05	5.13e-03	1.01e-01	8.94e-01	0.00e+00	0.00e+00
 4.24463e+15	1.28e-14	1.35e-09	2.06e-05	5.65e-03	1.06e-01	8.88e-01	0.00e+00	0.00e+00
 4.38131e+15	1.68e-14	1.70e-09	2.49e-05	6.39e-03	1.12e-01	8.81e-01	0.00e+00	0.00e+00
 4.53035e+15	2.41e-14	2.25e-09	3.05e-05	7.28e-03	1.20e-01	8.73e-01	0.00e+00	0.00e+00
 4.66533e+15	3.17e-14	2.82e-09	3.64e-05	8.15e-03	1.27e-01	8.65e-01	0.00e+00	0.00e+00
 4.81066e+15	4.16e-14	3.54e-09	4.37e-05	9.18e-03	1.34e-01	8.56e-01	0.00e+00	0.00e+00
 4.99068e+15	6.16e-14	4.81e-09	5.45e-05	1.06e-02	1.44e-01	8.45e-01	0.00e+00	0.00e+00
 5.17092e+15	8.61e-14	6.32e-09	6.73e-05	1.21e-02	1.54e-01	8.34e-01	0.00e+00	0.00e+00
 5.32692e+15	1.12e-13	7.87e-09	8.03e-05	1.36e-02	1.62e-01	8.24e-01	0.00e+00	0.00e+00
 5.49628e+15	1.52e-13	1.00e-08	9.67e-05	1.53e-02	1.71e-01	8.13e-01	0.00e+00	0.00e+00
 5.70386e+15	2.26e-13	1.37e-08	1.21e-04	1.76e-02	1.83e-01	7.99e-01	0.00e+00	0.00e+00
 5.91035e+15	3.19e-13	1.81e-08	1.49e-04	2.01e-02	1.95e-01	7.85e-01	0.00e+00	0.00e+00
 6.09119e+15	4.27e-13	2.29e-08	1.78e-04	2.25e-02	2.05e-01	7.72e-01	0.00e+00	0.00e+00
 6.28947e+15	5.84e-13	2.94e-08	2.16e-04	2.54e-02	2.17e-01	7.57e-01	0.00e+00	0.00e+00
 6.52958e+15	8.02e-13	3.84e-08	2.68e-04	2.91e-02	2.30e-01	7.40e-01	0.00e+00	0.00e+00
 6.76920e+15	1.19e-12	5.22e-08	3.32e-04	3.33e-02	2.45e-01	7.22e-01	0.00e+00	0.00e+00
 6.98319e+15	1.61e-12	6.65e-08	3.99e-04	3.73e-02	2.57e-01	7.05e-01	0.00e+00	0.00e+00
 7.21876e+15	2.20e-12	8.57e-08	4.84e-04	4.21e-02	2.70e-01	6.87e-01	0.00e+00	0.00e+00
 7.49896e+15	3.07e-12	1.13e-07	6.03e-04	4.83e-02	2.86e-01	6.65e-01	0.00e+00	0.00e+00
 7.77721e+15	4.58e-12	1.54e-07	7.49e-04	5.51e-02	3.02e-01	6.42e-01	0.00e+00	0.00e+00
 8.01654e+15	6.13e-12	1.94e-07	8.91e-04	6.13e-02	3.15e-01	6.23e-01	0.00e+00	0.00e+00
 8.26524e+15	8.26e-12	2.47e-07	1.06e-03	6.83e-02	3.28e-01	6.02e-01	0.00e+00	0.00e+00
 8.57394e+15	1.17e-11	3.26e-07	1.32e-03	7.76e-02	3.44e-01	5.77e-01	0.00e+00	0.00e+00
 8.88490e+15	1.66e-11	4.33e-07	1.62e-03	8.78e-02	3.60e-01	5.51e-01	0.00e+00	0.00e+00
 9.15195e+15	2.21e-11	5.44e-07	1.92e-03	9.71e-02	3.72e-01	5.29e-01	0.00e+00	0.00e+00
 9.38599e+15	2.82e-11	6.61e-07	2.22e-03	1.06e-01	3.82e-01	5.10e-01	0.00e+00	0.00e+00
 9.63857e+15	3.66e-11	8.14e-07	2.59e-03	1.16e-01	3.93e-01	4.89e-01	0.00e+00	0.00e+00
 9.92042e+15	4.65e-11	9.95e-07	3.04e-03	1.27e-01	4.04e-01	4.66e-01	0.00e+00	0.00e+00
 1.02403e+16	6.65e-11	1.31e-06	3.67e-03	1.41e-01	4.16e-01	4.39e-01	0.00e+00	0.00e+00
 1.05552e+16	8.79e-11	1.64e-06	4.35e-03	1.56e-01	4.25e-01	4.15e-01	0.00e+00	0.00e+00
 1.08081e+16	1.08e-10	1.95e-06	4.98e-03	1.68e-01	4.32e-01	3.95e-01	0.00e+00	0.00e+00
 1.10812e+16	1.38e-10	2.37e-06	5.75e-03	1.81e-01	4.39e-01	3.74e-01	0.00e+00	0.00e+00
 1.14362e+16	1.99e-10	3.13e-06	6.94e-03	2.01e-01	4.47e-01	3.46e-01	0.00e+00	0.00e+00
 1.17907e+16	2.65e-10	3.94e-06	8.25e-03	2.20e-01	4.52e-01	3.20e-01	0.00e+00	0.00e+00
 1.20711e+16	3.26e-10	4.69e-06	9.44e-03	2.36e-01	4.54e-01	3.00e-01	0.00e+00	0.00e+00
 1.23624e+16	4.16e-10	5.68e-06	1.09e-02	2.53e-01	4.56e-01	2.80e-01	0.00e+00	0.00e+00
 1.27410e+16	6.03e-10	7.53e-06	1.31e-02	2.77e-01	4.57e-01	2.53e-01	0.00e+00	0.00e+00
 1.31066e+16	7.92e-10	9.38e-06	1.54e-02	3.00e-01	4.54e-01	2.30e-01	0.00e+00	0.00e+00
 1.33779e+16	9.58e-10	1.10e-05	1.73e-02	3.18e-01	4.51e-01	2.13e-01	0.00e+00	0.00e+00
 1.36531e+16	1.20e-09	1.31e-05	1.96e-02	3.37e-01	4.47e-01	1.97e-01	0.00e+00	0.00e+00
 1.40109e+16	1.70e-09	1.70e-05	2.32e-02	3.62e-01	4.40e-01	1.75e-01	0.00e+00	0.00e+00
 1.43610e+16	2.10e-09	2.03e-05	2.68e-02	3.86e-01	4.30e-01	1.57e-01	0.00e+00	0.00e+00
 1.46299e+16	2.77e-09	2.49e-05	3.03e-02	4.05e-01	4.22e-01	1.43e-01	0.00e+00	0.00e+00
 1.48705e+16	3.38e-09	2.90e-05	3.37e-02	4.22e-01	4.13e-01	1.31e-01	0.00e+00	0.00e+00
 1.51452e+16	4.20e-09	3.44e-05	3.80e-02	4.42e-01	4.02e-01	1.18e-01	0.00e+00	0.00e+00
 1.54481e+16	5.52e-09	4.23e-05	4.34e-02	4.64e-01	3.88e-01	1.04e-01	0.00e+00	0.00e+00
 1.57182e+16	6.53e-09	4.87e-05	4.86e-02	4.83e-01	3.75e-01	9.36e-02	0.00e+00	0.00e+00
 1.59595e+16	8.44e-09	5.88e-05	5.43e-02	5.01e-01	3.61e-01	8.36e-02	0.00e+00	0.00e+00
 1.61640e+16	1.02e-08	6.79e-05	5.95e-02	5.15e-01	3.49e-01	7.59e-02	0.00e+00	0.00e+00
 1.63304e+16	1.19e-08	7.62e-05	6.41e-02	5.27e-01	3.39e-01	6.99e-02	0.00e+00	0.00e+00
 1.65158e+16	1.40e-08	8.63e-05	6.97e-02	5.40e-01	3.27e-01	6.35e-02	0.00e+00	0.00e+00
 1.67568e+16	1.76e-08	1.03e-04	7.80e-02	5.57e-01	3.10e-01	5.55e-02	0.00e+00	0.00e+00
 1.70109e+16	2.25e-08	1.24e-04	8.76e-02	5.73e-01	2.91e-01	4.78e-02	0.00e+00	0.00e+00
 1.72218e+16	2.66e-08	1.41e-04	9.65e-02	5.86e-01	2.75e-01	4.19e-02	0.00e+00	0.00e+00
 1.74026e+16	3.45e-08	1.70e-04	1.06e-01	5.97e-01	2.60e-01	3.67e-02	0.00e+00	0.00e+00
 1.75722e+16	4.15e-08	1.94e-04	1.15e-01	6.07e-01	2.46e-01	3.24e-02	0.00e+00	0.00e+00
 1.77342e+16	4.66e-08	2.14e-04	1.24e-01	6.16e-01	2.32e-01	2.86e-02	0.00e+00	0.00e+00
 1.79189e+16	6.24e-08	2.63e-04	1.37e-01	6.25e-01	2.14e-01	2.41e-02	0.00e+00	0.00e+00
 1.81031e+16	7.58e-08	3.05e-04	1.49e-01	6.33e-01	1.97e-01	2.04e-02	0.00e+00	0.00e+00
 1.82461e+16	8.67e-08	3.38e-04	1.60e-01	6.39e-01	1.83e-01	1.76e-02	0.00e+00	0.00e+00
 1.83708e+16	1.08e-07	3.94e-04	1.72e-01	6.43e-01	1.70e-01	1.52e-02	0.00e+00	0.00e+00
 1.84914e+16	1.27e-07	4.44e-04	1.83e-01	6.46e-01	1.57e-01	1.31e-02	0.00e+00	0.00e+00
 1.86085e+16	1.43e-07	4.85e-04	1.94e-01	6.49e-01	1.45e-01	1.12e-02	0.00e+00	0.00e+00
 1.87244e+16	1.80e-07	5.69e-04	2.07e-01	6.51e-01	1.32e-01	9.35e-03	0.00e+00	0.00e+00
 1.88226e+16	2.05e-07	6.27e-04	2.17e-01	6.52e-01	1.21e-01	8.01e-03	0.00e+00	0.00e+00
 1.88920e+16	2.28e-07	6.76e-04	2.25e-01	6.53e-01	1.14e-01	7.10e-03	0.00e+00	0.00e+00
 1.89483e+16	2.50e-07	7.21e-04	2.32e-01	6.53e-01	1.07e-01	6.37e-03	0.00e+00	0.00e+00
 1.90113e+16	2.77e-07	7.76e-04	2.40e-01	6.53e-01	1.00e-01	5.59e-03	0.00e+00	0.00e+00
 1.90806e+16	3.09e-07	8.40e-04	2.49e-01	6.53e-01	9.24e-02	4.82e-03	0.00e+00	0.00e+00
 1.91431e+16	3.32e-07	8.87e-04	2.57e-01	6.53e-01	8.56e-02	4.20e-03	0.00e+00	0.00e+00
 1.92093e+16	3.85e-07	9.81e-04	2.66e-01	6.51e-01	7.79e-02	3.52e-03	0.00e+00	0.00e+00
 1.92727e+16	4.23e-07	1.05e-03	2.74e-01	6.50e-01	7.12e-02	2.99e-03	0.00e+00	0.00e+00
 1.93228e+16	4.50e-07	1.10e-03	2.81e-01	6.50e-01	6.59e-02	2.61e-03	0.00e+00	0.00e+00
 1.93781e+16	5.07e-07	1.19e-03	2.89e-01	6.48e-01	5.99e-02	2.18e-03	0.00e+00	0.00e+00
 1.94360e+16	5.56e-07	1.27e-03	2.96e-01	6.46e-01	5.42e-02	1.82e-03	0.00e+00	0.00e+00
 1.94889e+16	6.06e-07	1.35e-03	3.04e-01	6.44e-01	4.90e-02	1.52e-03	0.00e+00	0.00e+00
 1.95492e+16	6.69e-07	1.45e-03	3.12e-01	6.42e-01	4.33e-02	1.21e-03	0.00e+00	0.00e+00
 1.96155e+16	7.43e-07	1.56e-03	3.21e-01	6.39e-01	3.77e-02	9.41e-04	0.00e+00	0.00e+00
 1.96769e+16	8.14e-07	1.66e-03	3.28e-01	6.37e-01	3.28e-02	7.34e-04	0.00e+00	0.00e+00
 1.97443e+16	9.06e-07	1.79e-03	3.37e-01	6.33e-01	2.79e-02	5.45e-04	0.00e+00	0.00e+00
 1.98195e+16	1.01e-06	1.93e-03	3.46e-01	6.28e-01	2.32e-02	3.90e-04	0.00e+00	0.00e+00
 1.98931e+16	1.12e-06	2.07e-03	3.55e-01	6.24e-01	1.92e-02	2.77e-04	0.00e+00	0.00e+00
 1.99770e+16	1.26e-06	2.23e-03	3.64e-01	6.18e-01	1.54e-02	1.84e-04	0.00e+00	0.00e+00
 2.00862e+16	1.44e-06	2.44e-03	3.75e-01	6.11e-01	1.15e-02	1.08e-04	0.00e+00	0.00e+00
 2.02087e+16	1.66e-06	2.68e-03	3.86e-01	6.03e-01	8.38e-03	6.02e-05	0.00e+00	0.00e+00
 2.03487e+16	1.93e-06	2.95e-03	3.98e-01	5.93e-01	5.86e-03	3.08e-05	0.00e+00	0.00e+00
 2.05307e+16	2.31e-06	3.31e-03	4.13e-01	5.80e-01	3.77e-03	1.34e-05	0.00e+00	0.00e+00
 2.07673e+16	2.89e-06	3.81e-03	4.30e-01	5.64e-01	2.21e-03	4.79e-06	0.00e+00	0.00e+00
 2.10748e+16	3.82e-06	4.55e-03	4.53e-01	5.42e-01	1.18e-03	1.40e-06	0.00e+00	0.00e+00
 2.13911e+16	5.17e-06	5.50e-03	4.77e-01	5.17e-01	6.64e-04	4.44e-07	0.00e+00	0.00e+00
 2.16448e+16	6.69e-06	6.49e-03	4.98e-01	4.96e-01	4.32e-04	0.00e+00	0.00e+00	0.00e+00
 2.18614e+16	8.40e-06	7.51e-03	5.16e-01	4.76e-01	3.02e-04	0.00e+00	0.00e+00	0.00e+00
 2.20291e+16	1.01e-05	8.48e-03	5.32e-01	4.59e-01	2.33e-04	0.00e+00	0.00e+00	0.00e+00
 2.21382e+16	1.15e-05	9.20e-03	5.42e-01	4.48e-01	1.97e-04	0.00e+00	0.00e+00	0.00e+00
 2.22458e+16	1.30e-05	9.99e-03	5.53e-01	4.37e-01	1.65e-04	0.00e+00	0.00e+00	0.00e+00
 2.23857e+16	1.54e-05	1.12e-02	5.67e-01	4.21e-01	1.31e-04	0.00e+00	0.00e+00	0.00e+00
 2.25344e+16	1.86e-05	1.26e-02	5.83e-01	4.04e-01	1.04e-04	0.00e+00	0.00e+00	0.00e+00
 2.26582e+16	2.19e-05	1.41e-02	5.97e-01	3.89e-01	8.58e-05	0.00e+00	0.00e+00	0.00e+00
 2.27623e+16	2.52e-05	1.54e-02	6.08e-01	3.76e-01	7.28e-05	0.00e+00	0.00e+00	0.00e+00
 2.28771e+16	2.96e-05	1.72e-02	6.22e-01	3.61e-01	6.02e-05	0.00e+00	0.00e+00	0.00e+00
 2.30043e+16	3.56e-05	1.94e-02	6.36e-01	3.44e-01	4.89e-05	0.00e+00	0.00e+00	0.00e+00
 2.31081e+16	4.16e-05	2.15e-02	6.48e-01	3.30e-01	4.14e-05	0.00e+00	0.00e+00	0.00e+00
 2.31828e+16	4.67e-05	2.32e-02	6.57e-01	3.19e-01	3.65e-05	0.00e+00	0.00e+00	0.00e+00
 2.32591e+16	5.27e-05	2.52e-02	6.67e-01	3.08e-01	3.19e-05	0.00e+00	0.00e+00	0.00e+00
 2.33582e+16	6.20e-05	2.81e-02	6.79e-01	2.93e-01	2.68e-05	0.00e+00	0.00e+00	0.00e+00
 2.34577e+16	7.32e-05	3.14e-02	6.90e-01	2.78e-01	2.25e-05	0.00e+00	0.00e+00	0.00e+00
 2.35340e+16	8.35e-05	3.43e-02	6.99e-01	2.67e-01	1.96e-05	0.00e+00	0.00e+00	0.00e+00
 2.35980e+16	9.36e-05	3.71e-02	7.06e-01	2.57e-01	1.74e-05	0.00e+00	0.00e+00	0.00e+00
 2.36699e+16	1.07e-04	4.05e-02	7.14e-01	2.45e-01	1.51e-05	0.00e+00	0.00e+00	0.00e+00
 2.37507e+16	1.24e-04	4.48e-02	7.23e-01	2.32e-01	1.29e-05	0.00e+00	0.00e+00	0.00e+00
 2.38245e+16	1.43e-04	4.93e-02	7.30e-01	2.20e-01	1.11e-05	0.00e+00	0.00e+00	0.00e+00
 2.38880e+16	1.62e-04	5.37e-02	7.36e-01	2.10e-01	9.78e-06	0.00e+00	0.00e+00	0.00e+00
 2.39565e+16	1.87e-04	5.90e-02	7.42e-01	1.98e-01	8.43e-06	0.00e+00	0.00e+00	0.00e+00
 2.40312e+16	2.18e-04	6.54e-02	7.48e-01	1.86e-01	7.15e-06	0.00e+00	0.00e+00	0.00e+00
 2.40959e+16	2.51e-04	7.19e-02	7.53e-01	1.75e-01	6.19e-06	0.00e+00	0.00e+00	0.00e+00
 2.41518e+16	2.84e-04	7.81e-02	7.56e-01	1.66e-01	5.43e-06	0.00e+00	0.00e+00	0.00e+00
 2.42137e+16	3.27e-04	8.59e-02	7.58e-01	1.55e-01	4.65e-06	0.00e+00	0.00e+00	0.00e+00
 2.42808e+16	3.83e-04	9.53e-02	7.60e-01	1.44e-01	3.93e-06	0.00e+00	0.00e+00	0.00e+00
 2.43395e+16	4.42e-04	1.05e-01	7.60e-01	1.35e-01	3.37e-06	0.00e+00	0.00e+00	0.00e+00
 2.43907e+16	5.01e-04	1.14e-01	7.59e-01	1.26e-01	2.94e-06	0.00e+00	0.00e+00	0.00e+00
 2.44471e+16	5.79e-04	1.25e-01	7.57e-01	1.17e-01	2.49e-06	0.00e+00	0.00e+00	0.00e+00
 2.45084e+16	6.80e-04	1.39e-01	7.53e-01	1.07e-01	2.08e-06	0.00e+00	0.00e+00	0.00e+00
 2.45623e+16	7.87e-04	1.53e-01	7.48e-01	9.83e-02	1.76e-06	0.00e+00	0.00e+00	0.00e+00
 2.46096e+16	8.95e-04	1.67e-01	7.41e-01	9.08e-02	1.51e-06	0.00e+00	0.00e+00	0.00e+00
 2.46620e+16	1.04e-03	1.84e-01	7.32e-01	8.25e-02	1.26e-06	0.00e+00	0.00e+00	0.00e+00
 2.47192e+16	1.23e-03	2.05e-01	7.20e-01	7.38e-02	1.02e-06	0.00e+00	0.00e+00	0.00e+00
 2.47700e+16	1.43e-03	2.26e-01	7.06e-01	6.63e-02	8.43e-07	0.00e+00	0.00e+00	0.00e+00
 2.48151e+16	1.65e-03	2.47e-01	6.92e-01	5.98e-02	0.00e+00	0.00e+00	0.00e+00	0.00e+00
 2.48656e+16	1.94e-03	2.73e-01	6.72e-01	5.27e-02	0.00e+00	0.00e+00	0.00e+00	0.00e+00
 2.49214e+16	2.33e-03	3.05e-01	6.47e-01	4.52e-02	0.00e+00	0.00e+00	0.00e+00	0.00e+00
 2.49723e+16	2.76e-03	3.39e-01	6.20e-01	3.87e-02	0.00e+00	0.00e+00	0.00e+00	0.00e+00
 2.50190e+16	3.25e-03	3.73e-01	5.91e-01	3.30e-02	0.00e+00	0.00e+00	0.00e+00	0.00e+00
 2.50721e+16	3.91e-03	4.16e-01	5.53e-01	2.70e-02	0.00e+00	0.00e+00	0.00e+00	0.00e+00
 2.51278e+16	4.79e-03	4.66e-01	5.08e-01	2.13e-02	0.00e+00	0.00e+00	0.00e+00	0.00e+00
 2.51734e+16	5.69e-03	5.11e-01	4.66e-01	1.71e-02	0.00e+00	0.00e+00	0.00e+00	0.00e+00
 2.52098e+16	6.51e-03	5.49e-01	4.31e-01	1.40e-02	0.00e+00	0.00e+00	0.00e+00	0.00e+00
 2.52476e+16	7.53e-03	5.90e-01	3.92e-01	1.12e-02	0.00e+00	0.00e+00	0.00e+00	0.00e+00
 2.52884e+16	8.81e-03	6.35e-01	3.47e-01	8.53e-03	0.00e+00	0.00e+00	0.00e+00	0.00e+00
 2.53233e+16	1.01e-02	6.76e-01	3.08e-01	6.57e-03	0.00e+00	0.00e+00	0.00e+00	0.00e+00
 2.53521e+16	1.14e-02	7.08e-01	2.75e-01	5.20e-03	0.00e+00	0.00e+00	0.00e+00	0.00e+00
 2.53828e+16	1.29e-02	7.42e-01	2.41e-01	3.93e-03	0.00e+00	0.00e+00	0.00e+00	0.00e+00
 2.54160e+16	1.48e-02	7.78e-01	2.04e-01	2.83e-03	0.00e+00	0.00e+00	0.00e+00	0.00e+00
 2.54443e+16	1.66e-02	8.07e-01	1.75e-01	2.08e-03	0.00e+00	0.00e+00	0.00e+00	0.00e+00
 2.54681e+16	1.84e-02	8.29e-01	1.51e-01	1.57e-03	0.00e+00	0.00e+00	0.00e+00	0.00e+00
 2.54939e+16	2.06e-02	8.51e-01	1.27e-01	1.13e-03	0.00e+00	0.00e+00	0.00e+00	0.00e+00
 2.55221e+16	2.33e-02	8.72e-01	1.04e-01	7.69e-04	0.00e+00	0.00e+00	0.00e+00	0.00e+00
 2.55467e+16	2.60e-02	8.89e-01	8.50e-02	5.31e-04	0.00e+00	0.00e+00	0.00e+00	0.00e+00
 2.55676e+16	2.86e-02	9.00e-01	7.09e-02	3.79e-04	0.00e+00	0.00e+00	0.00e+00	0.00e+00
 2.55901e+16	3.17e-02	9.11e-01	5.74e-02	2.57e-04	0.00e+00	0.00e+00	0.00e+00	0.00e+00
 2.56145e+16	3.56e-02	9.19e-01	4.49e-02	1.65e-04	0.00e+00	0.00e+00	0.00e+00	0.00e+00
 2.56355e+16	3.94e-02	9.25e-01	3.57e-02	1.08e-04	0.00e+00	0.00e+00	0.00e+00	0.00e+00
 2.56526e+16	4.29e-02	9.28e-01	2.93e-02	7.60e-05	0.00e+00	0.00e+00	0.00e+00	0.00e+00
 2.56706e+16	4.70e-02	9.29e-01	2.35e-02	5.09e-05	0.00e+00	0.00e+00	0.00e+00	0.00e+00
 2.56898e+16	5.18e-02	9.30e-01	1.84e-02	3.28e-05	0.00e+00	0.00e+00	0.00e+00	0.00e+00
 2.57065e+16	5.68e-02	9.28e-01	1.47e-02	2.18e-05	0.00e+00	0.00e+00	0.00e+00	0.00e+00
 2.57211e+16	6.13e-02	9.27e-01	1.20e-02	1.51e-05	0.00e+00	0.00e+00	0.00e+00	0.00e+00
 2.57353e+16	6.61e-02	9.24e-01	9.72e-03	1.04e-05	0.00e+00	0.00e+00	0.00e+00	0.00e+00
 2.57495e+16	7.13e-02	9.21e-01	7.84e-03	7.04e-06	0.00e+00	0.00e+00	0.00e+00	0.00e+00
 2.57624e+16	7.66e-02	9.17e-01	6.40e-03	4.89e-06	0.00e+00	0.00e+00	0.00e+00	0.00e+00
 2.57738e+16	8.15e-02	9.13e-01	5.32e-03	3.50e-06	0.00e+00	0.00e+00	0.00e+00	0.00e+00
 2.57845e+16	8.64e-02	9.09e-01	4.45e-03	2.54e-06	0.00e+00	0.00e+00	0.00e+00	0.00e+00
 2.57947e+16	9.13e-02	9.05e-01	3.75e-03	1.86e-06	0.00e+00	0.00e+00	0.00e+00	0.00e+00
 2.58024e+16	9.52e-02	9.02e-01	3.28e-03	1.47e-06	0.00e+00	0.00e+00	0.00e+00	0.00e+00
 2.58074e+16	9.78e-02	8.99e-01	3.01e-03	1.26e-06	0.00e+00	0.00e+00	0.00e+00	0.00e+00
 2.58120e+16	1.00e-01	8.97e-01	2.77e-03	1.08e-06	0.00e+00	0.00e+00	0.00e+00	0.00e+00
 2.58174e+16	1.04e-01	8.94e-01	2.51e-03	9.05e-07	0.00e+00	0.00e+00	0.00e+00	0.00e+00
 2.58232e+16	1.07e-01	8.91e-01	2.26e-03	0.00e+00	0.00e+00	0.00e+00	0.00e+00	0.00e+00
 2.58288e+16	1.10e-01	8.88e-01	2.03e-03	0.00e+00	0.00e+00	0.00e+00	0.00e+00	0.00e+00
 2.58341e+16	1.14e-01	8.84e-01	1.84e-03	0.00e+00	0.00e+00	0.00e+00	0.00e+00	0.00e+00
 2.58393e+16	1.17e-01	8.81e-01	1.67e-03	0.00e+00	0.00e+00	0.00e+00	0.00e+00	0.00e+00
 2.58445e+16	1.21e-01	8.78e-01	1.51e-03	0.00e+00	0.00e+00	0.00e+00	0.00e+00	0.00e+00
 2.58497e+16	1.24e-01	8.74e-01	1.36e-03	0.00e+00	0.00e+00	0.00e+00	0.00e+00	0.00e+00
 2.58547e+16	1.28e-01	8.71e-01	1.23e-03	0.00e+00	0.00e+00	0.00e+00	0.00e+00	0.00e+00
 2.58597e+16	1.32e-01	8.67e-01	1.11e-03	0.00e+00	0.00e+00	0.00e+00	0.00e+00	0.00e+00
 2.58647e+16	1.36e-01	8.63e-01	1.01e-03	0.00e+00	0.00e+00	0.00e+00	0.00e+00	0.00e+00
 2.58696e+16	1.40e-01	8.59e-01	9.09e-04	0.00e+00	0.00e+00	0.00e+00	0.00e+00	0.00e+00
 2.58745e+16	1.44e-01	8.55e-01	8.22e-04	0.00e+00	0.00e+00	0.00e+00	0.00e+00	0.00e+00
 2.58793e+16	1.49e-01	8.50e-01	7.42e-04	0.00e+00	0.00e+00	0.00e+00	0.00e+00	0.00e+00
 2.58841e+16	1.53e-01	8.46e-01	6.69e-04	0.00e+00	0.00e+00	0.00e+00	0.00e+00	0.00e+00
 2.58887e+16	1.58e-01	8.41e-01	6.04e-04	0.00e+00	0.00e+00	0.00e+00	0.00e+00	0.00e+00
 2.58933e+16	1.63e-01	8.37e-01	5.46e-04	0.00e+00	0.00e+00	0.00e+00	0.00e+00	0.00e+00
 2.58979e+16	1.68e-01	8.32e-01	4.92e-04	0.00e+00	0.00e+00	0.00e+00	0.00e+00	0.00e+00
 2.59024e+16	1.73e-01	8.26e-01	4.44e-04	0.00e+00	0.00e+00	0.00e+00	0.00e+00	0.00e+00
 2.59069e+16	1.79e-01	8.21e-01	4.00e-04	0.00e+00	0.00e+00	0.00e+00	0.00e+00	0.00e+00
 2.59113e+16	1.85e-01	8.15e-01	3.60e-04	0.00e+00	0.00e+00	0.00e+00	0.00e+00	0.00e+00
 2.59156e+16	1.91e-01	8.09e-01	3.25e-04	0.00e+00	0.00e+00	0.00e+00	0.00e+00	0.00e+00
 2.59199e+16	1.97e-01	8.03e-01	2.93e-04	0.00e+00	0.00e+00	0.00e+00	0.00e+00	0.00e+00
 2.59241e+16	2.04e-01	7.96e-01	2.64e-04	0.00e+00	0.00e+00	0.00e+00	0.00e+00	0.00e+00
 2.59283e+16	2.11e-01	7.89e-01	2.37e-04	0.00e+00	0.00e+00	0.00e+00	0.00e+00	0.00e+00
 2.59324e+16	2.18e-01	7.82e-01	2.13e-04	0.00e+00	0.00e+00	0.00e+00	0.00e+00	0.00e+00
 2.59365e+16	2.26e-01	7.73e-01	1.92e-04	0.00e+00	0.00e+00	0.00e+00	0.00e+00	0.00e+00
 2.59404e+16	2.35e-01	7.65e-01	1.73e-04	0.00e+00	0.00e+00	0.00e+00	0.00e+00	0.00e+00
 2.59444e+16	2.44e-01	7.56e-01	1.55e-04	0.00e+00	0.00e+00	0.00e+00	0.00e+00	0.00e+00
 2.59483e+16	2.53e-01	7.47e-01	1.39e-04	0.00e+00	0.00e+00	0.00e+00	0.00e+00	0.00e+00
 2.59521e+16	2.63e-01	7.37e-01	1.25e-04	0.00e+00	0.00e+00	0.00e+00	0.00e+00	0.00e+00
 2.59558e+16	2.74e-01	7.26e-01	1.12e-04	0.00e+00	0.00e+00	0.00e+00	0.00e+00	0.00e+00
 2.59594e+16	2.85e-01	7.15e-01	1.01e-04	0.00e+00	0.00e+00	0.00e+00	0.00e+00	0.00e+00
 2.59628e+16	2.97e-01	7.03e-01	9.05e-05	0.00e+00	0.00e+00	0.00e+00	0.00e+00	0.00e+00
 2.59663e+16	3.09e-01	6.91e-01	8.12e-05	0.00e+00	0.00e+00	0.00e+00	0.00e+00	0.00e+00
 2.59697e+16	3.21e-01	6.79e-01	7.29e-05	0.00e+00	0.00e+00	0.00e+00	0.00e+00	0.00e+00
 2.59730e+16	3.35e-01	6.65e-01	6.53e-05	0.00e+00	0.00e+00	0.00e+00	0.00e+00	0.00e+00
 2.59763e+16	3.49e-01	6.51e-01	5.85e-05	0.00e+00	0.00e+00	0.00e+00	0.00e+00	0.00e+00
 2.59795e+16	3.64e-01	6.36e-01	5.25e-05	0.00e+00	0.00e+00	0.00e+00	0.00e+00	0.00e+00
 2.59826e+16	3.80e-01	6.20e-01	4.69e-05	0.00e+00	0.00e+00	0.00e+00	0.00e+00	0.00e+00
 2.59856e+16	3.97e-01	6.03e-01	4.19e-05	0.00e+00	0.00e+00	0.00e+00	0.00e+00	0.00e+00
 2.59886e+16	4.16e-01	5.84e-01	3.73e-05	0.00e+00	0.00e+00	0.00e+00	0.00e+00	0.00e+00
 2.59916e+16	4.34e-01	5.66e-01	3.33e-05	0.00e+00	0.00e+00	0.00e+00	0.00e+00	0.00e+00
 2.59944e+16	4.53e-01	5.47e-01	2.96e-05	0.00e+00	0.00e+00	0.00e+00	0.00e+00	0.00e+00
 2.59973e+16	4.73e-01	5.27e-01	2.63e-05	0.00e+00	0.00e+00	0.00e+00	0.00e+00	0.00e+00
 2.60001e+16	4.93e-01	5.07e-01	2.33e-05	0.00e+00	0.00e+00	0.00e+00	0.00e+00	0.00e+00
 2.60029e+16	5.14e-01	4.86e-01	2.06e-05	0.00e+00	0.00e+00	0.00e+00	0.00e+00	0.00e+00
 2.60056e+16	5.36e-01	4.64e-01	1.82e-05	0.00e+00	0.00e+00	0.00e+00	0.00e+00	0.00e+00
 2.60082e+16	5.57e-01	4.43e-01	1.60e-05	0.00e+00	0.00e+00	0.00e+00	0.00e+00	0.00e+00
 2.60109e+16	5.80e-01	4.20e-01	1.41e-05	0.00e+00	0.00e+00	0.00e+00	0.00e+00	0.00e+00
 2.60135e+16	6.02e-01	3.98e-01	1.23e-05	0.00e+00	0.00e+00	0.00e+00	0.00e+00	0.00e+00
 2.60160e+16	6.25e-01	3.75e-01	1.08e-05	0.00e+00	0.00e+00	0.00e+00	0.00e+00	0.00e+00
 2.60182e+16	6.44e-01	3.56e-01	9.60e-06	0.00e+00	0.00e+00	0.00e+00	0.00e+00	0.00e+00
 2.60200e+16	6.59e-01	3.41e-01	8.73e-06	0.00e+00	0.00e+00	0.00e+00	0.00e+00	0.00e+00
 2.60216e+16	6.73e-01	3.27e-01	7.97e-06	0.00e+00	0.00e+00	0.00e+00	0.00e+00	0.00e+00
 2.60233e+16	6.89e-01	3.11e-01	7.20e-06	0.00e+00	0.00e+00	0.00e+00	0.00e+00	0.00e+00
 2.60250e+16	7.04e-01	2.96e-01	6.50e-06	0.00e+00	0.00e+00	0.00e+00	0.00e+00	0.00e+00
 2.60267e+16	7.16e-01	2.84e-01	5.94e-06	0.00e+00	0.00e+00	0.00e+00	0.00e+00	0.00e+00
 2.60283e+16	7.32e-01	2.68e-01	5.36e-06	0.00e+00	0.00e+00	0.00e+00	0.00e+00	0.00e+00
 2.60298e+16	7.43e-01	2.57e-01	4.89e-06	0.00e+00	0.00e+00	0.00e+00	0.00e+00	0.00e+00
 2.60313e+16	7.57e-01	2.43e-01	4.43e-06	0.00e+00	0.00e+00	0.00e+00	0.00e+00	0.00e+00
 2.60328e+16	7.67e-01	2.33e-01	4.06e-06	0.00e+00	0.00e+00	0.00e+00	0.00e+00	0.00e+00
 2.60342e+16	7.79e-01	2.21e-01	3.68e-06	0.00e+00	0.00e+00	0.00e+00	0.00e+00	0.00e+00
 2.60356e+16	7.89e-01	2.11e-01	3.38e-06	0.00e+00	0.00e+00	0.00e+00	0.00e+00	0.00e+00
 2.60370e+16	7.99e-01	2.01e-01	3.10e-06	0.00e+00	0.00e+00	0.00e+00	0.00e+00	0.00e+00
 2.60384e+16	8.08e-01	1.92e-01	2.83e-06	0.00e+00	0.00e+00	0.00e+00	0.00e+00	0.00e+00
