#depth	O	O+	O+2	O+3	O+4	O+5	O+6	O+7	O+8	O[1]	O[2]	O[3]
 1.49634e+10	0.00e+00	0.00e+00	1.87e-33	2.78e-24	6.08e-16	1.78e-08	1.00e+00	0.00e+00	0.00e+00	0.00e+00	0.00e+00	0.00e+00
 4.54887e+10	0.00e+00	1.77e-43	2.58e-33	3.54e-24	7.14e-16	1.93e-08	1.00e+00	5.11e-07	0.00e+00	0.00e+00	0.00e+00	0.00e+00
 7.72350e+10	0.00e+00	0.00e+00	3.55e-33	4.50e-24	8.39e-16	2.09e-08	1.00e+00	0.00e+00	0.00e+00	0.00e+00	0.00e+00	0.00e+00
 1.10251e+11	0.00e+00	3.93e-43	4.89e-33	5.73e-24	9.86e-16	2.27e-08	1.00e+00	0.00e+00	0.00e+00	0.00e+00	0.00e+00	0.00e+00
 1.44588e+11	0.00e+00	0.00e+00	6.74e-33	7.30e-24	1.16e-15	2.46e-08	1.00e+00	0.00e+00	0.00e+00	0.00e+00	0.00e+00	0.00e+00
 1.80298e+11	0.00e+00	8.77e-43	9.29e-33	9.29e-24	1.36e-15	2.67e-08	1.00e+00	0.00e+00	0.00e+00	0.00e+00	0.00e+00	0.00e+00
 2.17437e+11	0.00e+00	0.00e+00	1.28e-32	1.18e-23	1.60e-15	2.90e-08	1.00e+00	0.00e+00	0.00e+00	0.00e+00	0.00e+00	0.00e+00
 2.56061e+11	0.00e+00	1.96e-42	1.77e-32	1.51e-23	1.89e-15	3.15e-08	1.00e+00	0.00e+00	0.00e+00	0.00e+00	0.00e+00	0.00e+00
 2.96231e+11	0.00e+00	0.00e+00	2.44e-32	1.92e-23	2.22e-15	3.41e-08	1.00e+00	0.00e+00	0.00e+00	0.00e+00	0.00e+00	0.00e+00
 3.38007e+11	0.00e+00	4.38e-42	3.37e-32	2.45e-23	2.62e-15	3.71e-08	1.00e+00	0.00e+00	0.00e+00	0.00e+00	0.00e+00	0.00e+00
 3.81454e+11	0.00e+00	0.00e+00	4.66e-32	3.13e-23	3.08e-15	4.03e-08	1.00e+00	0.00e+00	0.00e+00	0.00e+00	0.00e+00	0.00e+00
 4.22219e+11	0.00e+00	9.46e-42	6.24e-32	3.91e-23	3.58e-15	4.34e-08	1.00e+00	0.00e+00	0.00e+00	0.00e+00	0.00e+00	0.00e+00
 4.58536e+11	0.00e+00	0.00e+00	8.04e-32	4.73e-23	4.07e-15	4.63e-08	1.00e+00	0.00e+00	0.00e+00	0.00e+00	0.00e+00	0.00e+00
 4.99247e+11	0.00e+00	1.83e-41	1.06e-31	5.82e-23	4.68e-15	4.97e-08	1.00e+00	0.00e+00	0.00e+00	0.00e+00	0.00e+00	0.00e+00
 5.47667e+11	0.00e+00	0.00e+00	1.45e-31	7.39e-23	5.49e-15	5.39e-08	1.00e+00	0.00e+00	0.00e+00	0.00e+00	0.00e+00	0.00e+00
 5.96411e+11	0.00e+00	3.98e-41	1.97e-31	9.33e-23	6.43e-15	5.83e-08	1.00e+00	0.00e+00	0.00e+00	0.00e+00	0.00e+00	0.00e+00
 6.41963e+11	0.00e+00	0.00e+00	2.60e-31	1.15e-22	7.40e-15	6.26e-08	1.00e+00	0.00e+00	0.00e+00	0.00e+00	0.00e+00	0.00e+00
 6.92425e+11	0.00e+00	8.15e-41	3.51e-31	1.44e-22	8.62e-15	6.76e-08	1.00e+00	0.00e+00	0.00e+00	0.00e+00	0.00e+00	0.00e+00
 7.50049e+11	0.00e+00	0.00e+00	4.87e-31	1.85e-22	1.02e-14	7.36e-08	1.00e+00	0.00e+00	0.00e+00	0.00e+00	0.00e+00	0.00e+00
 8.07294e+11	0.00e+00	1.81e-40	6.66e-31	2.34e-22	1.20e-14	7.98e-08	1.00e+00	0.00e+00	0.00e+00	0.00e+00	0.00e+00	0.00e+00
 8.66828e+11	0.00e+00	0.00e+00	9.13e-31	2.97e-22	1.41e-14	8.66e-08	1.00e+00	0.00e+00	0.00e+00	0.00e+00	0.00e+00	0.00e+00
 9.31428e+11	0.00e+00	4.05e-40	1.27e-30	3.82e-22	1.67e-14	9.44e-08	1.00e+00	0.00e+00	0.00e+00	0.00e+00	0.00e+00	0.00e+00
 9.97168e+11	0.00e+00	0.00e+00	1.75e-30	4.88e-22	1.97e-14	1.03e-07	1.00e+00	0.00e+00	0.00e+00	0.00e+00	0.00e+00	0.00e+00
 1.05838e+12	0.00e+00	8.70e-40	2.35e-30	6.09e-22	2.29e-14	1.11e-07	1.00e+00	0.00e+00	0.00e+00	0.00e+00	0.00e+00	0.00e+00
 1.11489e+12	0.00e+00	0.00e+00	3.04e-30	7.42e-22	2.62e-14	1.19e-07	1.00e+00	0.00e+00	0.00e+00	0.00e+00	0.00e+00	0.00e+00
 1.17952e+12	0.00e+00	1.72e-39	4.06e-30	9.25e-22	3.04e-14	1.28e-07	1.00e+00	0.00e+00	0.00e+00	0.00e+00	0.00e+00	0.00e+00
 1.25534e+12	0.00e+00	0.00e+00	5.63e-30	1.19e-21	3.60e-14	1.40e-07	1.00e+00	0.00e+00	0.00e+00	0.00e+00	0.00e+00	0.00e+00
 1.33045e+12	0.00e+00	3.82e-39	7.70e-30	1.50e-21	4.24e-14	1.52e-07	1.00e+00	0.00e+00	0.00e+00	0.00e+00	0.00e+00	0.00e+00
 1.40078e+12	0.00e+00	0.00e+00	1.02e-29	1.87e-21	4.92e-14	1.64e-07	1.00e+00	0.00e+00	0.00e+00	0.00e+00	0.00e+00	0.00e+00
 1.47895e+12	0.00e+00	7.92e-39	1.39e-29	2.36e-21	5.76e-14	1.77e-07	1.00e+00	0.00e+00	0.00e+00	0.00e+00	0.00e+00	0.00e+00
 1.56804e+12	0.00e+00	0.00e+00	1.94e-29	3.04e-21	6.87e-14	1.94e-07	1.00e+00	0.00e+00	0.00e+00	0.00e+00	0.00e+00	0.00e+00
 1.65583e+12	0.00e+00	1.78e-38	2.66e-29	3.88e-21	8.12e-14	2.11e-07	1.00e+00	0.00e+00	0.00e+00	0.00e+00	0.00e+00	0.00e+00
 1.74712e+12	0.00e+00	0.00e+00	3.65e-29	4.95e-21	9.60e-14	2.30e-07	1.00e+00	0.00e+00	0.00e+00	0.00e+00	0.00e+00	0.00e+00
 1.84694e+12	0.00e+00	3.99e-38	5.11e-29	6.40e-21	1.15e-13	2.52e-07	1.00e+00	0.00e+00	0.00e+00	0.00e+00	0.00e+00	0.00e+00
 1.94735e+12	0.00e+00	0.00e+00	7.07e-29	8.21e-21	1.36e-13	2.76e-07	1.00e+00	0.00e+00	0.00e+00	0.00e+00	0.00e+00	0.00e+00
 2.05179e+12	0.00e+00	8.92e-38	9.78e-29	1.05e-20	1.62e-13	3.02e-07	1.00e+00	0.00e+00	0.00e+00	0.00e+00	0.00e+00	0.00e+00
 2.16379e+12	0.00e+00	0.00e+00	1.37e-28	1.37e-20	1.94e-13	3.31e-07	1.00e+00	0.00e+00	0.00e+00	0.00e+00	0.00e+00	0.00e+00
 2.27509e+12	0.00e+00	2.00e-37	1.89e-28	1.75e-20	2.31e-13	3.62e-07	1.00e+00	0.00e+00	0.00e+00	0.00e+00	0.00e+00	0.00e+00
 2.39084e+12	0.00e+00	0.00e+00	2.60e-28	2.24e-20	2.75e-13	3.96e-07	1.00e+00	0.00e+00	0.00e+00	0.00e+00	0.00e+00	0.00e+00
 2.51640e+12	0.00e+00	4.49e-37	3.63e-28	2.91e-20	3.29e-13	4.36e-07	1.00e+00	0.00e+00	0.00e+00	0.00e+00	0.00e+00	0.00e+00
 2.64699e+12	0.00e+00	0.00e+00	5.07e-28	3.77e-20	3.95e-13	4.79e-07	1.00e+00	0.00e+00	0.00e+00	0.00e+00	0.00e+00	0.00e+00
 2.78279e+12	0.00e+00	1.02e-36	7.07e-28	4.88e-20	4.75e-13	5.28e-07	1.00e+00	0.00e+00	0.00e+00	0.00e+00	0.00e+00	0.00e+00
 2.92403e+12	0.00e+00	0.00e+00	9.85e-28	6.32e-20	5.71e-13	5.81e-07	1.00e+00	0.00e+00	0.00e+00	0.00e+00	0.00e+00	0.00e+00
 3.05154e+12	0.00e+00	2.17e-36	1.31e-27	7.92e-20	6.70e-13	6.33e-07	1.00e+00	0.00e+00	0.00e+00	0.00e+00	0.00e+00	0.00e+00
 3.15740e+12	9.10e-46	2.88e-36	1.66e-27	9.49e-20	7.62e-13	6.77e-07	1.00e+00	0.00e+00	0.00e+00	0.00e+00	0.00e+00	0.00e+00
 3.27321e+12	0.00e+00	0.00e+00	2.11e-27	1.15e-19	8.74e-13	7.28e-07	1.00e+00	0.00e+00	0.00e+00	0.00e+00	0.00e+00	0.00e+00
 3.42040e+12	0.00e+00	5.58e-36	2.85e-27	1.46e-19	1.04e-12	7.97e-07	1.00e+00	0.00e+00	0.00e+00	0.00e+00	0.00e+00	0.00e+00
 3.57420e+12	3.10e-45	8.05e-36	3.86e-27	1.85e-19	1.23e-12	8.73e-07	1.00e+00	0.00e+00	0.00e+00	0.00e+00	0.00e+00	0.00e+00
 3.70999e+12	0.00e+00	0.00e+00	4.98e-27	2.26e-19	1.42e-12	9.44e-07	1.00e+00	0.00e+00	0.00e+00	0.00e+00	0.00e+00	0.00e+00
 3.83571e+12	0.00e+00	1.45e-35	6.26e-27	2.71e-19	1.62e-12	1.01e-06	1.00e+00	0.00e+00	0.00e+00	0.00e+00	0.00e+00	0.00e+00
 3.97831e+12	8.92e-45	1.96e-35	8.04e-27	3.30e-19	1.87e-12	1.09e-06	1.00e+00	0.00e+00	0.00e+00	0.00e+00	0.00e+00	0.00e+00
 4.15505e+12	0.00e+00	0.00e+00	1.08e-26	4.19e-19	2.22e-12	1.20e-06	1.00e+00	0.00e+00	0.00e+00	0.00e+00	0.00e+00	0.00e+00
 4.33153e+12	0.00e+00	3.95e-35	1.44e-26	5.26e-19	2.62e-12	1.31e-06	1.00e+00	0.00e+00	0.00e+00	0.00e+00	0.00e+00	0.00e+00
 4.48287e+12	2.87e-44	5.23e-35	1.82e-26	6.35e-19	3.01e-12	1.41e-06	1.00e+00	0.00e+00	0.00e+00	0.00e+00	0.00e+00	0.00e+00
 4.64618e+12	0.00e+00	7.02e-35	2.33e-26	7.72e-19	3.47e-12	1.53e-06	1.00e+00	0.00e+00	0.00e+00	0.00e+00	0.00e+00	0.00e+00
 4.84822e+12	6.12e-44	9.94e-35	3.11e-26	9.75e-19	4.12e-12	1.68e-06	1.00e+00	0.00e+00	0.00e+00	0.00e+00	0.00e+00	0.00e+00
 5.05586e+12	0.00e+00	1.40e-34	4.14e-26	1.23e-18	4.87e-12	1.84e-06	1.00e+00	0.00e+00	0.00e+00	0.00e+00	0.00e+00	0.00e+00
 5.24373e+12	1.30e-43	1.88e-34	5.31e-26	1.50e-18	5.64e-12	2.00e-06	1.00e+00	0.00e+00	0.00e+00	0.00e+00	0.00e+00	0.00e+00
 5.45064e+12	0.00e+00	2.57e-34	6.91e-26	1.85e-18	6.58e-12	2.17e-06	1.00e+00	0.00e+00	0.00e+00	0.00e+00	0.00e+00	0.00e+00
 5.69390e+12	2.83e-43	3.65e-34	9.29e-26	2.35e-18	7.84e-12	2.39e-06	1.00e+00	0.00e+00	0.00e+00	0.00e+00	0.00e+00	0.00e+00
 5.93693e+12	0.00e+00	5.11e-34	1.23e-25	2.96e-18	9.27e-12	2.63e-06	1.00e+00	0.00e+00	0.00e+00	0.00e+00	0.00e+00	0.00e+00
 6.16823e+12	6.02e-43	6.94e-34	1.60e-25	3.65e-18	1.08e-11	2.86e-06	1.00e+00	0.00e+00	0.00e+00	0.00e+00	0.00e+00	0.00e+00
 6.42345e+12	0.00e+00	9.60e-34	2.10e-25	4.56e-18	1.27e-11	3.13e-06	1.00e+00	0.00e+00	0.00e+00	0.00e+00	0.00e+00	0.00e+00
 6.71032e+12	1.32e-42	1.36e-33	2.82e-25	5.79e-18	1.51e-11	3.45e-06	1.00e+00	0.00e+00	0.00e+00	0.00e+00	0.00e+00	0.00e+00
 6.96851e+12	0.00e+00	1.84e-33	3.63e-25	7.12e-18	1.76e-11	3.75e-06	1.00e+00	0.00e+00	0.00e+00	0.00e+00	0.00e+00	0.00e+00
 7.18170e+12	2.49e-42	2.33e-33	4.45e-25	8.40e-18	1.98e-11	4.01e-06	1.00e+00	0.00e+00	0.00e+00	0.00e+00	0.00e+00	0.00e+00
 7.41456e+12	0.00e+00	3.01e-33	5.53e-25	1.00e-17	2.25e-11	4.30e-06	1.00e+00	0.00e+00	0.00e+00	0.00e+00	0.00e+00	0.00e+00
 7.71206e+12	4.82e-42	4.11e-33	7.20e-25	1.24e-17	2.63e-11	4.69e-06	1.00e+00	0.00e+00	0.00e+00	0.00e+00	0.00e+00	0.00e+00
 8.01238e+12	0.00e+00	5.57e-33	9.32e-25	1.53e-17	3.06e-11	5.11e-06	1.00e+00	0.00e+00	0.00e+00	0.00e+00	0.00e+00	0.00e+00
 8.26084e+12	9.08e-42	7.10e-33	1.15e-24	1.81e-17	3.45e-11	5.47e-06	1.00e+00	0.00e+00	0.00e+00	0.00e+00	0.00e+00	0.00e+00
 8.52313e+12	0.00e+00	9.10e-33	1.41e-24	2.15e-17	3.90e-11	5.86e-06	1.00e+00	0.00e+00	0.00e+00	0.00e+00	0.00e+00	0.00e+00
 8.85978e+12	1.73e-41	1.24e-32	1.84e-24	2.66e-17	4.55e-11	6.38e-06	1.00e+00	0.00e+00	0.00e+00	0.00e+00	0.00e+00	0.00e+00
 9.21278e+12	0.00e+00	1.69e-32	2.39e-24	3.30e-17	5.31e-11	6.96e-06	1.00e+00	0.00e+00	0.00e+00	0.00e+00	0.00e+00	0.00e+00
 9.52199e+12	3.37e-41	2.19e-32	2.99e-24	3.96e-17	6.04e-11	7.49e-06	1.00e+00	0.00e+00	0.00e+00	0.00e+00	0.00e+00	0.00e+00
 9.85459e+12	0.00e+00	2.89e-32	3.78e-24	4.78e-17	6.92e-11	8.08e-06	1.00e+00	0.00e+00	0.00e+00	0.00e+00	0.00e+00	0.00e+00
 1.02584e+13	6.71e-41	3.97e-32	4.97e-24	5.97e-17	8.10e-11	8.83e-06	1.00e+00	0.00e+00	0.00e+00	0.00e+00	0.00e+00	0.00e+00
 1.06491e+13	0.00e+00	5.35e-32	6.40e-24	7.34e-17	9.38e-11	9.59e-06	1.00e+00	0.00e+00	0.00e+00	0.00e+00	0.00e+00	0.00e+00
 1.09778e+13	1.25e-40	6.83e-32	7.88e-24	8.69e-17	1.06e-10	1.03e-05	1.00e+00	0.00e+00	0.00e+00	0.00e+00	0.00e+00	0.00e+00
 1.13316e+13	0.00e+00	8.82e-32	9.80e-24	1.04e-16	1.20e-10	1.10e-05	1.00e+00	0.00e+00	0.00e+00	0.00e+00	0.00e+00	0.00e+00
 1.17772e+13	2.41e-40	1.20e-31	1.28e-23	1.28e-16	1.39e-10	1.20e-05	1.00e+00	0.00e+00	0.00e+00	0.00e+00	0.00e+00	0.00e+00
 1.22346e+13	0.00e+00	1.63e-31	1.66e-23	1.59e-16	1.61e-10	1.30e-05	1.00e+00	0.00e+00	0.00e+00	0.00e+00	0.00e+00	0.00e+00
 1.26327e+13	4.62e-40	2.11e-31	2.07e-23	1.90e-16	1.83e-10	1.40e-05	1.00e+00	0.00e+00	0.00e+00	0.00e+00	0.00e+00	0.00e+00
 1.30611e+13	0.00e+00	2.77e-31	2.60e-23	2.29e-16	2.08e-10	1.50e-05	1.00e+00	0.00e+00	0.00e+00	0.00e+00	0.00e+00	0.00e+00
 1.35843e+13	9.13e-40	3.81e-31	3.41e-23	2.85e-16	2.43e-10	1.64e-05	1.00e+00	0.00e+00	0.00e+00	0.00e+00	0.00e+00	0.00e+00
 1.41105e+13	0.00e+00	5.19e-31	4.45e-23	3.53e-16	2.82e-10	1.78e-05	1.00e+00	0.00e+00	0.00e+00	0.00e+00	0.00e+00	0.00e+00
 1.45801e+13	1.78e-39	6.80e-31	5.59e-23	4.24e-16	3.20e-10	1.91e-05	1.00e+00	0.00e+00	0.00e+00	0.00e+00	0.00e+00	0.00e+00
 1.50961e+13	0.00e+00	9.07e-31	7.14e-23	5.16e-16	3.66e-10	2.06e-05	1.00e+00	0.00e+00	0.00e+00	0.00e+00	0.00e+00	0.00e+00
 1.57104e+13	3.63e-39	1.26e-30	9.44e-23	6.46e-16	4.28e-10	2.25e-05	1.00e+00	0.00e+00	0.00e+00	0.00e+00	0.00e+00	0.00e+00
 1.63240e+13	0.00e+00	1.73e-30	1.24e-22	8.03e-16	4.96e-10	2.45e-05	1.00e+00	0.00e+00	0.00e+00	0.00e+00	0.00e+00	0.00e+00
 1.68944e+13	7.30e-39	2.31e-30	1.58e-22	9.75e-16	5.67e-10	2.63e-05	1.00e+00	0.00e+00	0.00e+00	0.00e+00	0.00e+00	0.00e+00
 1.75322e+13	0.00e+00	3.16e-30	2.06e-22	1.20e-15	6.55e-10	2.85e-05	1.00e+00	0.00e+00	0.00e+00	0.00e+00	0.00e+00	0.00e+00
 1.82634e+13	1.56e-38	4.46e-30	2.75e-22	1.52e-15	7.68e-10	3.12e-05	1.00e+00	0.00e+00	0.00e+00	0.00e+00	0.00e+00	0.00e+00
 1.89886e+13	0.00e+00	6.19e-30	3.63e-22	1.90e-15	8.93e-10	3.39e-05	1.00e+00	0.00e+00	0.00e+00	0.00e+00	0.00e+00	0.00e+00
 1.97428e+13	3.41e-38	8.74e-30	4.84e-22	2.37e-15	1.04e-09	3.68e-05	1.00e+00	0.00e+00	0.00e+00	0.00e+00	0.00e+00	0.00e+00
 2.05625e+13	0.00e+00	1.24e-29	6.48e-22	2.99e-15	1.22e-09	4.02e-05	1.00e+00	0.00e+00	0.00e+00	0.00e+00	0.00e+00	0.00e+00
 2.14149e+13	7.71e-38	1.77e-29	8.73e-22	3.78e-15	1.42e-09	4.37e-05	1.00e+00	0.00e+00	0.00e+00	0.00e+00	0.00e+00	0.00e+00
 2.22228e+13	0.00e+00	2.44e-29	1.14e-21	4.67e-15	1.64e-09	4.73e-05	1.00e+00	0.00e+00	0.00e+00	0.00e+00	0.00e+00	0.00e+00
 2.29496e+13	1.56e-37	3.24e-29	1.45e-21	5.63e-15	1.86e-09	5.06e-05	1.00e+00	0.00e+00	0.00e+00	0.00e+00	0.00e+00	0.00e+00
 2.36308e+13	0.00e+00	4.19e-29	1.80e-21	6.66e-15	2.09e-09	5.39e-05	1.00e+00	0.00e+00	0.00e+00	0.00e+00	0.00e+00	0.00e+00
 2.43843e+13	2.92e-37	5.55e-29	2.27e-21	7.98e-15	2.36e-09	5.75e-05	1.00e+00	0.00e+00	0.00e+00	0.00e+00	0.00e+00	0.00e+00
 2.52305e+13	0.00e+00	7.55e-29	2.93e-21	9.73e-15	2.70e-09	6.18e-05	1.00e+00	0.00e+00	0.00e+00	0.00e+00	0.00e+00	0.00e+00
 2.60372e+13	5.81e-37	1.00e-28	3.70e-21	1.17e-14	3.05e-09	6.60e-05	1.00e+00	0.00e+00	0.00e+00	0.00e+00	0.00e+00	0.00e+00
 2.69260e+13	0.00e+00	1.36e-28	4.76e-21	1.42e-14	3.47e-09	7.08e-05	1.00e+00	0.00e+00	0.00e+00	0.00e+00	0.00e+00	0.00e+00
 2.79176e+13	1.22e-36	1.89e-28	6.24e-21	1.75e-14	4.00e-09	7.63e-05	1.00e+00	0.00e+00	0.00e+00	0.00e+00	0.00e+00	0.00e+00
 2.88322e+13	0.00e+00	2.54e-28	7.96e-21	2.11e-14	4.53e-09	8.15e-05	1.00e+00	0.00e+00	0.00e+00	0.00e+00	0.00e+00	0.00e+00
 2.96799e+13	2.36e-36	3.31e-28	9.91e-21	2.50e-14	5.08e-09	8.65e-05	1.00e+00	0.00e+00	0.00e+00	0.00e+00	0.00e+00	0.00e+00
 3.06513e+13	0.00e+00	4.46e-28	1.27e-20	3.01e-14	5.76e-09	9.24e-05	1.00e+00	0.00e+00	0.00e+00	0.00e+00	0.00e+00	0.00e+00
 3.18393e+13	5.12e-36	6.37e-28	1.69e-20	3.76e-14	6.68e-09	9.99e-05	1.00e+00	0.00e+00	0.00e+00	0.00e+00	0.00e+00	0.00e+00
 3.30241e+13	0.00e+00	8.92e-28	2.23e-20	4.66e-14	7.70e-09	1.08e-04	1.00e+00	0.00e+00	0.00e+00	0.00e+00	0.00e+00	0.00e+00
 3.40549e+13	1.07e-35	1.19e-27	2.83e-20	5.57e-14	8.69e-09	1.15e-04	1.00e+00	0.00e+00	0.00e+00	0.00e+00	0.00e+00	0.00e+00
 3.51702e+13	0.00e+00	1.62e-27	3.62e-20	6.73e-14	9.85e-09	1.22e-04	1.00e+00	0.00e+00	0.00e+00	0.00e+00	0.00e+00	0.00e+00
 3.65316e+13	2.37e-35	2.33e-27	4.86e-20	8.41e-14	1.14e-08	1.32e-04	1.00e+00	0.00e+00	0.00e+00	0.00e+00	0.00e+00	0.00e+00
 3.79195e+13	0.00e+00	3.30e-27	6.47e-20	1.05e-13	1.32e-08	1.42e-04	1.00e+00	0.00e+00	0.00e+00	0.00e+00	0.00e+00	0.00e+00
 3.91743e+13	5.19e-35	4.51e-27	8.34e-20	1.27e-13	1.50e-08	1.52e-04	1.00e+00	0.00e+00	0.00e+00	0.00e+00	0.00e+00	0.00e+00
 4.05495e+13	7.73e-35	6.30e-27	1.09e-19	1.55e-13	1.72e-08	1.63e-04	1.00e+00	0.00e+00	0.00e+00	0.00e+00	0.00e+00	0.00e+00
 4.21683e+13	1.22e-34	9.22e-27	1.48e-19	1.95e-13	2.01e-08	1.76e-04	1.00e+00	0.00e+00	0.00e+00	0.00e+00	0.00e+00	0.00e+00
 4.37837e+13	1.86e-34	1.32e-26	1.98e-19	2.44e-13	2.33e-08	1.90e-04	1.00e+00	0.00e+00	0.00e+00	0.00e+00	0.00e+00	0.00e+00
 4.53053e+13	2.78e-34	1.84e-26	2.59e-19	2.98e-13	2.66e-08	2.03e-04	1.00e+00	0.00e+00	0.00e+00	0.00e+00	0.00e+00	0.00e+00
 4.69892e+13	4.29e-34	2.64e-26	3.46e-19	3.70e-13	3.07e-08	2.18e-04	1.00e+00	0.00e+00	0.00e+00	0.00e+00	0.00e+00	0.00e+00
 4.88987e+13	6.76e-34	3.87e-26	4.72e-19	4.68e-13	3.59e-08	2.36e-04	1.00e+00	0.00e+00	0.00e+00	0.00e+00	0.00e+00	0.00e+00
 5.08089e+13	1.07e-33	5.68e-26	6.39e-19	5.87e-13	4.18e-08	2.54e-04	1.00e+00	0.00e+00	0.00e+00	0.00e+00	0.00e+00	0.00e+00
 5.27954e+13	1.67e-33	8.22e-26	8.63e-19	7.36e-13	4.86e-08	2.74e-04	1.00e+00	0.00e+00	0.00e+00	0.00e+00	0.00e+00	0.00e+00
 5.49371e+13	2.67e-33	1.22e-25	1.18e-18	9.31e-13	5.68e-08	2.96e-04	1.00e+00	0.00e+00	0.00e+00	0.00e+00	0.00e+00	0.00e+00
 5.71646e+13	4.30e-33	1.81e-25	1.62e-18	1.18e-12	6.65e-08	3.20e-04	1.00e+00	0.00e+00	0.00e+00	0.00e+00	0.00e+00	0.00e+00
 5.93147e+13	6.65e-33	2.60e-25	2.17e-18	1.47e-12	7.69e-08	3.44e-04	1.00e+00	0.00e+00	0.00e+00	0.00e+00	0.00e+00	0.00e+00
 6.13285e+13	9.88e-33	3.62e-25	2.83e-18	1.79e-12	8.77e-08	3.67e-04	1.00e+00	0.00e+00	0.00e+00	0.00e+00	0.00e+00	0.00e+00
 6.32274e+13	1.41e-32	4.86e-25	3.59e-18	2.14e-12	9.89e-08	3.90e-04	1.00e+00	0.00e+00	0.00e+00	0.00e+00	0.00e+00	0.00e+00
 6.52964e+13	2.07e-32	6.70e-25	4.64e-18	2.59e-12	1.12e-07	4.15e-04	1.00e+00	0.00e+00	0.00e+00	0.00e+00	0.00e+00	0.00e+00
 6.76099e+13	3.14e-32	9.48e-25	6.12e-18	3.18e-12	1.29e-07	4.45e-04	1.00e+00	0.00e+00	0.00e+00	0.00e+00	0.00e+00	0.00e+00
 6.97952e+13	4.58e-32	1.30e-24	7.88e-18	3.84e-12	1.46e-07	4.73e-04	1.00e+00	0.00e+00	0.00e+00	0.00e+00	0.00e+00	0.00e+00
 7.21899e+13	6.77e-32	1.80e-24	1.03e-17	4.69e-12	1.67e-07	5.06e-04	9.99e-01	0.00e+00	0.00e+00	0.00e+00	0.00e+00	0.00e+00
 7.48651e+13	1.04e-31	2.58e-24	1.37e-17	5.82e-12	1.93e-07	5.43e-04	9.99e-01	0.00e+00	0.00e+00	0.00e+00	0.00e+00	0.00e+00
 7.74082e+13	1.56e-31	3.60e-24	1.79e-17	7.10e-12	2.20e-07	5.80e-04	9.99e-01	0.00e+00	0.00e+00	0.00e+00	0.00e+00	0.00e+00
 8.02172e+13	2.37e-31	5.11e-24	2.38e-17	8.78e-12	2.53e-07	6.22e-04	9.99e-01	0.00e+00	0.00e+00	0.00e+00	0.00e+00	0.00e+00
 8.33720e+13	3.69e-31	7.42e-24	3.22e-17	1.10e-11	2.95e-07	6.72e-04	9.99e-01	0.00e+00	0.00e+00	0.00e+00	0.00e+00	0.00e+00
 8.63880e+13	5.67e-31	1.06e-23	4.28e-17	1.36e-11	3.39e-07	7.20e-04	9.99e-01	0.00e+00	0.00e+00	0.00e+00	0.00e+00	0.00e+00
 8.96085e+13	8.58e-31	1.50e-23	5.70e-17	1.69e-11	3.92e-07	7.75e-04	9.99e-01	0.00e+00	0.00e+00	0.00e+00	0.00e+00	0.00e+00
 9.32228e+13	1.38e-30	2.23e-23	7.81e-17	2.14e-11	4.59e-07	8.37e-04	9.99e-01	0.00e+00	0.00e+00	0.00e+00	0.00e+00	0.00e+00
 9.65647e+13	2.05e-30	3.12e-23	1.03e-16	2.64e-11	5.27e-07	8.98e-04	9.99e-01	0.00e+00	0.00e+00	0.00e+00	0.00e+00	0.00e+00
 9.94548e+13	2.91e-30	4.18e-23	1.30e-16	3.15e-11	5.93e-07	9.52e-04	9.99e-01	0.00e+00	0.00e+00	0.00e+00	0.00e+00	0.00e+00
 1.02654e+14	4.16e-30	5.64e-23	1.67e-16	3.80e-11	6.72e-07	1.01e-03	9.99e-01	0.00e+00	0.00e+00	0.00e+00	0.00e+00	0.00e+00
 1.06566e+14	6.39e-30	8.10e-23	2.24e-16	4.74e-11	7.79e-07	1.09e-03	9.99e-01	0.00e+00	0.00e+00	0.00e+00	0.00e+00	0.00e+00
 1.10530e+14	9.72e-30	1.15e-22	2.99e-16	5.89e-11	9.00e-07	1.18e-03	9.99e-01	0.00e+00	0.00e+00	0.00e+00	0.00e+00	0.00e+00
 1.14089e+14	1.42e-29	1.58e-22	3.85e-16	7.11e-11	1.02e-06	1.25e-03	9.99e-01	0.00e+00	0.00e+00	0.00e+00	0.00e+00	0.00e+00
 1.18000e+14	2.06e-29	2.17e-22	5.01e-16	8.68e-11	1.17e-06	1.34e-03	9.99e-01	0.00e+00	0.00e+00	0.00e+00	0.00e+00	0.00e+00
 1.22629e+14	3.18e-29	3.13e-22	6.78e-16	1.09e-10	1.36e-06	1.45e-03	9.99e-01	0.00e+00	0.00e+00	0.00e+00	0.00e+00	0.00e+00
 1.27181e+14	4.90e-29	4.49e-22	9.06e-16	1.36e-10	1.57e-06	1.56e-03	9.98e-01	0.00e+00	0.00e+00	0.00e+00	0.00e+00	0.00e+00
 1.31346e+14	6.91e-29	6.04e-22	1.17e-15	1.64e-10	1.78e-06	1.66e-03	9.98e-01	0.00e+00	0.00e+00	0.00e+00	0.00e+00	0.00e+00
 1.36018e+14	1.05e-28	8.55e-22	1.54e-15	2.02e-10	2.05e-06	1.78e-03	9.98e-01	0.00e+00	0.00e+00	0.00e+00	0.00e+00	0.00e+00
 1.41447e+14	1.61e-28	1.23e-21	2.09e-15	2.55e-10	2.39e-06	1.93e-03	9.98e-01	0.00e+00	0.00e+00	0.00e+00	0.00e+00	0.00e+00
 1.46766e+14	2.43e-28	1.75e-21	2.80e-15	3.18e-10	2.77e-06	2.08e-03	9.98e-01	0.00e+00	0.00e+00	0.00e+00	0.00e+00	0.00e+00
 1.51787e+14	3.55e-28	2.41e-21	3.65e-15	3.88e-10	3.16e-06	2.22e-03	9.98e-01	0.00e+00	0.00e+00	0.00e+00	0.00e+00	0.00e+00
 1.57378e+14	5.44e-28	3.44e-21	4.86e-15	4.82e-10	3.65e-06	2.39e-03	9.98e-01	0.00e+00	0.00e+00	0.00e+00	0.00e+00	0.00e+00
 1.63703e+14	8.27e-28	4.94e-21	6.61e-15	6.08e-10	4.27e-06	2.59e-03	9.97e-01	0.00e+00	0.00e+00	0.00e+00	0.00e+00	0.00e+00
 1.70026e+14	1.27e-27	7.09e-21	8.92e-15	7.62e-10	4.96e-06	2.79e-03	9.97e-01	0.00e+00	0.00e+00	0.00e+00	0.00e+00	0.00e+00
 1.75959e+14	1.89e-27	9.90e-21	1.17e-14	9.35e-10	5.69e-06	2.99e-03	9.97e-01	0.00e+00	0.00e+00	0.00e+00	0.00e+00	0.00e+00
 1.82384e+14	2.81e-27	1.39e-20	1.55e-14	1.16e-09	6.56e-06	3.22e-03	9.97e-01	0.00e+00	0.00e+00	0.00e+00	0.00e+00	0.00e+00
 1.89558e+14	4.23e-27	1.98e-20	2.10e-14	1.46e-09	7.64e-06	3.48e-03	9.97e-01	0.00e+00	0.00e+00	0.00e+00	0.00e+00	0.00e+00
 1.96261e+14	6.36e-27	2.78e-20	2.77e-14	1.79e-09	8.77e-06	3.73e-03	9.96e-01	0.00e+00	0.00e+00	0.00e+00	0.00e+00	0.00e+00
 2.02483e+14	8.76e-27	3.68e-20	3.53e-14	2.16e-09	9.92e-06	3.97e-03	9.96e-01	0.00e+00	0.00e+00	0.00e+00	0.00e+00	0.00e+00
 2.08465e+14	1.22e-26	4.85e-20	4.45e-14	2.56e-09	1.11e-05	4.21e-03	9.96e-01	0.00e+00	0.00e+00	0.00e+00	0.00e+00	0.00e+00
 2.15087e+14	1.74e-26	6.58e-20	5.70e-14	3.09e-09	1.26e-05	4.48e-03	9.96e-01	0.00e+00	0.00e+00	0.00e+00	0.00e+00	0.00e+00
 2.22426e+14	2.48e-26	8.91e-20	7.41e-14	3.77e-09	1.44e-05	4.80e-03	9.95e-01	0.00e+00	0.00e+00	0.00e+00	0.00e+00	0.00e+00
 2.29258e+14	3.52e-26	1.20e-19	9.42e-14	4.52e-09	1.62e-05	5.09e-03	9.95e-01	0.00e+00	0.00e+00	0.00e+00	0.00e+00	0.00e+00
 2.36701e+14	4.88e-26	1.59e-19	1.21e-13	5.46e-09	1.84e-05	5.44e-03	9.95e-01	0.00e+00	0.00e+00	0.00e+00	0.00e+00	0.00e+00
 2.45055e+14	7.21e-26	2.22e-19	1.59e-13	6.71e-09	2.12e-05	5.83e-03	9.94e-01	0.00e+00	0.00e+00	0.00e+00	0.00e+00	0.00e+00
 2.53029e+14	1.04e-25	3.02e-19	2.05e-13	8.12e-09	2.40e-05	6.21e-03	9.94e-01	0.00e+00	0.00e+00	0.00e+00	0.00e+00	0.00e+00
 2.61834e+14	1.48e-25	4.10e-19	2.68e-13	9.95e-09	2.75e-05	6.66e-03	9.93e-01	0.00e+00	0.00e+00	0.00e+00	0.00e+00	0.00e+00
 2.71533e+14	2.24e-25	5.83e-19	3.58e-13	1.24e-08	3.18e-05	7.16e-03	9.93e-01	0.00e+00	0.00e+00	0.00e+00	0.00e+00	0.00e+00
 2.80464e+14	3.11e-25	7.77e-19	4.61e-13	1.50e-08	3.61e-05	7.65e-03	9.92e-01	0.00e+00	0.00e+00	0.00e+00	0.00e+00	0.00e+00
 2.90142e+14	4.60e-25	1.08e-18	6.03e-13	1.83e-08	4.13e-05	8.19e-03	9.92e-01	0.00e+00	0.00e+00	0.00e+00	0.00e+00	0.00e+00
 3.00959e+14	6.66e-25	1.49e-18	8.02e-13	2.28e-08	4.77e-05	8.82e-03	9.91e-01	0.00e+00	0.00e+00	0.00e+00	0.00e+00	0.00e+00
 3.11110e+14	9.55e-25	2.04e-18	1.04e-12	2.78e-08	5.44e-05	9.43e-03	9.91e-01	0.00e+00	0.00e+00	0.00e+00	0.00e+00	0.00e+00
 3.22159e+14	1.41e-24	2.83e-18	1.37e-12	3.42e-08	6.25e-05	1.01e-02	9.90e-01	0.00e+00	0.00e+00	0.00e+00	0.00e+00	0.00e+00
 3.34459e+14	2.05e-24	3.94e-18	1.84e-12	4.27e-08	7.25e-05	1.09e-02	9.89e-01	0.00e+00	0.00e+00	0.00e+00	0.00e+00	0.00e+00
 3.45949e+14	2.99e-24	5.44e-18	2.40e-12	5.22e-08	8.29e-05	1.17e-02	9.88e-01	0.00e+00	0.00e+00	0.00e+00	0.00e+00	0.00e+00
 3.58426e+14	4.24e-24	7.41e-18	3.15e-12	6.44e-08	9.53e-05	1.26e-02	9.87e-01	0.00e+00	0.00e+00	0.00e+00	0.00e+00	0.00e+00
 3.72357e+14	6.50e-24	1.07e-17	4.26e-12	8.07e-08	1.11e-04	1.36e-02	9.86e-01	0.00e+00	0.00e+00	0.00e+00	0.00e+00	0.00e+00
 3.85575e+14	9.14e-24	1.44e-17	5.58e-12	9.93e-08	1.27e-04	1.46e-02	9.85e-01	0.00e+00	0.00e+00	0.00e+00	0.00e+00	0.00e+00
 3.99759e+14	1.34e-23	2.01e-17	7.40e-12	1.23e-07	1.47e-04	1.57e-02	9.84e-01	0.00e+00	0.00e+00	0.00e+00	0.00e+00	0.00e+00
 4.15779e+14	2.00e-23	2.86e-17	1.00e-11	1.55e-07	1.71e-04	1.70e-02	9.83e-01	0.00e+00	0.00e+00	0.00e+00	0.00e+00	0.00e+00
 4.31500e+14	2.96e-23	4.01e-17	1.34e-11	1.94e-07	1.98e-04	1.84e-02	9.81e-01	0.00e+00	0.00e+00	0.00e+00	0.00e+00	0.00e+00
 4.47850e+14	4.24e-23	5.53e-17	1.79e-11	2.41e-07	2.29e-04	1.98e-02	9.80e-01	0.00e+00	0.00e+00	0.00e+00	0.00e+00	0.00e+00
 4.65794e+14	6.30e-23	7.84e-17	2.42e-11	3.04e-07	2.68e-04	2.15e-02	9.78e-01	0.00e+00	0.00e+00	0.00e+00	0.00e+00	0.00e+00
 4.83468e+14	9.13e-23	1.09e-16	3.22e-11	3.79e-07	3.10e-04	2.33e-02	9.76e-01	0.00e+00	0.00e+00	0.00e+00	0.00e+00	0.00e+00
 4.98044e+14	1.23e-22	1.42e-16	4.05e-11	4.52e-07	3.48e-04	2.47e-02	9.75e-01	0.00e+00	0.00e+00	0.00e+00	0.00e+00	0.00e+00
 5.09715e+14	1.55e-22	1.74e-16	4.84e-11	5.18e-07	3.81e-04	2.59e-02	9.74e-01	0.00e+00	0.00e+00	0.00e+00	0.00e+00	0.00e+00
 5.22642e+14	2.00e-22	2.18e-16	5.88e-11	6.01e-07	4.20e-04	2.73e-02	9.72e-01	0.00e+00	0.00e+00	0.00e+00	0.00e+00	0.00e+00
 5.39446e+14	2.71e-22	2.86e-16	7.49e-11	7.25e-07	4.76e-04	2.92e-02	9.70e-01	0.00e+00	0.00e+00	0.00e+00	0.00e+00	0.00e+00
 5.57461e+14	3.72e-22	3.81e-16	9.64e-11	8.80e-07	5.41e-04	3.13e-02	9.68e-01	0.00e+00	0.00e+00	0.00e+00	0.00e+00	0.00e+00
 5.73457e+14	4.95e-22	4.91e-16	1.20e-10	1.04e-06	6.04e-04	3.32e-02	9.66e-01	0.00e+00	0.00e+00	0.00e+00	0.00e+00	0.00e+00
 5.90658e+14	6.51e-22	6.30e-16	1.50e-10	1.24e-06	6.77e-04	3.53e-02	9.64e-01	0.00e+00	0.00e+00	0.00e+00	0.00e+00	0.00e+00
 6.12403e+14	9.24e-22	8.64e-16	1.98e-10	1.53e-06	7.79e-04	3.81e-02	9.61e-01	0.00e+00	0.00e+00	0.00e+00	0.00e+00	0.00e+00
 6.34468e+14	1.31e-21	1.18e-15	2.60e-10	1.89e-06	8.94e-04	4.10e-02	9.58e-01	0.00e+00	0.00e+00	0.00e+00	0.00e+00	0.00e+00
 6.53365e+14	1.73e-21	1.52e-15	3.25e-10	2.24e-06	1.00e-03	4.37e-02	9.55e-01	0.00e+00	0.00e+00	0.00e+00	0.00e+00	0.00e+00
 6.73729e+14	2.32e-21	1.99e-15	4.11e-10	2.69e-06	1.13e-03	4.66e-02	9.52e-01	0.00e+00	0.00e+00	0.00e+00	0.00e+00	0.00e+00
 6.98958e+14	3.27e-21	2.73e-15	5.43e-10	3.34e-06	1.30e-03	5.04e-02	9.48e-01	0.00e+00	0.00e+00	0.00e+00	0.00e+00	0.00e+00
 7.24604e+14	4.69e-21	3.76e-15	7.17e-10	4.13e-06	1.49e-03	5.44e-02	9.44e-01	0.00e+00	0.00e+00	0.00e+00	0.00e+00	0.00e+00
 7.47190e+14	6.23e-21	4.89e-15	9.07e-10	4.94e-06	1.68e-03	5.80e-02	9.40e-01	0.00e+00	0.00e+00	0.00e+00	0.00e+00	0.00e+00
 7.71708e+14	8.48e-21	6.50e-15	1.16e-09	5.97e-06	1.90e-03	6.21e-02	9.36e-01	0.00e+00	0.00e+00	0.00e+00	0.00e+00	0.00e+00
 8.01292e+14	1.22e-20	9.07e-15	1.55e-09	7.45e-06	2.20e-03	6.72e-02	9.31e-01	0.00e+00	0.00e+00	0.00e+00	0.00e+00	0.00e+00
 8.30654e+14	1.73e-20	1.25e-14	2.04e-09	9.21e-06	2.52e-03	7.24e-02	9.25e-01	0.00e+00	0.00e+00	0.00e+00	0.00e+00	0.00e+00
 8.56813e+14	2.32e-20	1.63e-14	2.59e-09	1.10e-05	2.84e-03	7.72e-02	9.20e-01	0.00e+00	0.00e+00	0.00e+00	0.00e+00	0.00e+00
 8.85618e+14	3.22e-20	2.20e-14	3.34e-09	1.34e-05	3.21e-03	8.27e-02	9.14e-01	0.00e+00	0.00e+00	0.00e+00	0.00e+00	0.00e+00
 9.19953e+14	4.67e-20	3.09e-14	4.47e-09	1.67e-05	3.71e-03	8.94e-02	9.07e-01	0.00e+00	0.00e+00	0.00e+00	0.00e+00	0.00e+00
 9.54087e+14	6.67e-20	4.28e-14	5.92e-09	2.07e-05	4.26e-03	9.63e-02	8.99e-01	0.00e+00	0.00e+00	0.00e+00	0.00e+00	0.00e+00
 9.85395e+14	9.11e-20	5.71e-14	7.59e-09	2.50e-05	4.80e-03	1.03e-01	8.92e-01	0.00e+00	0.00e+00	0.00e+00	0.00e+00	0.00e+00
 1.02041e+15	1.27e-19	7.77e-14	9.93e-09	3.06e-05	5.47e-03	1.10e-01	8.84e-01	0.00e+00	0.00e+00	0.00e+00	0.00e+00	0.00e+00
 1.06103e+15	1.91e-19	1.12e-13	1.34e-08	3.84e-05	6.33e-03	1.19e-01	8.74e-01	0.00e+00	0.00e+00	0.00e+00	0.00e+00	0.00e+00
 1.10083e+15	2.76e-19	1.57e-13	1.78e-08	4.75e-05	7.26e-03	1.28e-01	8.65e-01	0.00e+00	0.00e+00	0.00e+00	0.00e+00	0.00e+00
 1.13872e+15	3.81e-19	2.11e-13	2.32e-08	5.78e-05	8.22e-03	1.37e-01	8.55e-01	0.00e+00	0.00e+00	0.00e+00	0.00e+00	0.00e+00
 1.17208e+15	5.21e-19	2.79e-13	2.90e-08	6.83e-05	9.14e-03	1.44e-01	8.46e-01	0.00e+00	0.00e+00	0.00e+00	0.00e+00	0.00e+00
 1.19974e+15	6.62e-19	3.46e-13	3.46e-08	7.80e-05	9.95e-03	1.51e-01	8.39e-01	0.00e+00	0.00e+00	0.00e+00	0.00e+00	0.00e+00
 1.23006e+15	8.53e-19	4.36e-13	4.20e-08	9.00e-05	1.09e-02	1.58e-01	8.31e-01	0.00e+00	0.00e+00	0.00e+00	0.00e+00	0.00e+00
 1.26949e+15	1.18e-18	5.83e-13	5.36e-08	1.08e-04	1.22e-02	1.68e-01	8.20e-01	0.00e+00	0.00e+00	0.00e+00	0.00e+00	0.00e+00
 1.31093e+15	1.61e-18	7.77e-13	6.85e-08	1.29e-04	1.37e-02	1.78e-01	8.09e-01	0.00e+00	0.00e+00	0.00e+00	0.00e+00	0.00e+00
 1.34671e+15	2.14e-18	1.00e-12	8.44e-08	1.51e-04	1.51e-02	1.87e-01	7.98e-01	0.00e+00	0.00e+00	0.00e+00	0.00e+00	0.00e+00
 1.38494e+15	2.93e-18	1.32e-12	1.05e-07	1.77e-04	1.67e-02	1.96e-01	7.87e-01	0.00e+00	0.00e+00	0.00e+00	0.00e+00	0.00e+00
 1.43464e+15	4.24e-18	1.84e-12	1.37e-07	2.16e-04	1.89e-02	2.09e-01	7.72e-01	0.00e+00	0.00e+00	0.00e+00	0.00e+00	0.00e+00
 1.48561e+15	6.10e-18	2.54e-12	1.79e-07	2.63e-04	2.13e-02	2.21e-01	7.57e-01	0.00e+00	0.00e+00	0.00e+00	0.00e+00	0.00e+00
 1.52809e+15	8.06e-18	3.27e-12	2.22e-07	3.07e-04	2.35e-02	2.31e-01	7.45e-01	0.00e+00	0.00e+00	0.00e+00	0.00e+00	0.00e+00
 1.57317e+15	1.10e-17	4.29e-12	2.77e-07	3.61e-04	2.60e-02	2.43e-01	7.31e-01	0.00e+00	0.00e+00	0.00e+00	0.00e+00	0.00e+00
 1.63063e+15	1.66e-17	6.11e-12	3.64e-07	4.40e-04	2.94e-02	2.57e-01	7.13e-01	0.00e+00	0.00e+00	0.00e+00	0.00e+00	0.00e+00
 1.69095e+15	2.47e-17	8.59e-12	4.79e-07	5.37e-04	3.32e-02	2.72e-01	6.95e-01	0.00e+00	0.00e+00	1.42e-17	7.50e-18	2.65e-18
 1.74465e+15	3.46e-17	1.15e-11	6.05e-07	6.36e-04	3.68e-02	2.84e-01	6.78e-01	0.00e+00	0.00e+00	1.98e-17	1.05e-17	3.69e-18
 1.80301e+15	4.89e-17	1.56e-11	7.74e-07	7.60e-04	4.10e-02	2.98e-01	6.60e-01	0.00e+00	0.00e+00	2.80e-17	1.49e-17	5.20e-18
 1.87273e+15	7.41e-17	2.23e-11	1.03e-06	9.32e-04	4.64e-02	3.14e-01	6.38e-01	0.00e+00	0.00e+00	4.25e-17	2.25e-17	7.84e-18
 1.94175e+15	1.09e-16	3.11e-11	1.34e-06	1.13e-03	5.21e-02	3.29e-01	6.17e-01	0.00e+00	0.00e+00	6.24e-17	3.30e-17	1.14e-17
 2.00427e+15	1.53e-16	4.18e-11	1.70e-06	1.33e-03	5.75e-02	3.43e-01	5.98e-01	0.00e+00	0.00e+00	8.81e-17	4.66e-17	1.61e-17
 2.07378e+15	2.15e-16	5.64e-11	2.17e-06	1.59e-03	6.39e-02	3.57e-01	5.77e-01	0.00e+00	0.00e+00	1.24e-16	6.53e-17	2.25e-17
 2.15535e+15	3.36e-16	8.19e-11	2.88e-06	1.94e-03	7.18e-02	3.73e-01	5.53e-01	0.00e+00	0.00e+00	1.94e-16	1.02e-16	3.49e-17
 2.23588e+15	5.01e-16	1.15e-10	3.75e-06	2.34e-03	8.01e-02	3.88e-01	5.29e-01	0.00e+00	0.00e+00	2.89e-16	1.52e-16	5.19e-17
 2.31143e+15	7.19e-16	1.55e-10	4.76e-06	2.76e-03	8.82e-02	4.01e-01	5.08e-01	0.00e+00	0.00e+00	4.15e-16	2.18e-16	7.42e-17
 2.39572e+15	1.02e-15	2.11e-10	6.13e-06	3.30e-03	9.77e-02	4.15e-01	4.84e-01	0.00e+00	0.00e+00	5.91e-16	3.11e-16	1.05e-16
 2.49157e+15	1.64e-15	3.09e-10	8.09e-06	4.00e-03	1.09e-01	4.29e-01	4.58e-01	0.00e+00	0.00e+00	9.46e-16	4.97e-16	1.68e-16
 2.58634e+15	2.46e-15	4.32e-10	1.05e-05	4.78e-03	1.21e-01	4.41e-01	4.33e-01	0.00e+00	0.00e+00	1.42e-15	7.45e-16	2.51e-16
 2.66402e+15	3.38e-15	5.63e-10	1.29e-05	5.51e-03	1.30e-01	4.50e-01	4.14e-01	0.00e+00	0.00e+00	1.95e-15	1.03e-15	3.44e-16
 2.72470e+15	4.31e-15	6.87e-10	1.50e-05	6.12e-03	1.38e-01	4.57e-01	3.99e-01	0.00e+00	0.00e+00	2.49e-15	1.31e-15	4.38e-16
 2.79116e+15	5.59e-15	8.50e-10	1.77e-05	6.84e-03	1.47e-01	4.63e-01	3.83e-01	0.00e+00	0.00e+00	3.23e-15	1.69e-15	5.67e-16
 2.87757e+15	7.45e-15	1.09e-09	2.17e-05	7.87e-03	1.58e-01	4.70e-01	3.63e-01	0.00e+00	0.00e+00	4.31e-15	2.26e-15	7.55e-16
 2.97144e+15	1.10e-14	1.47e-09	2.69e-05	9.11e-03	1.71e-01	4.77e-01	3.42e-01	0.00e+00	0.00e+00	6.35e-15	3.33e-15	1.11e-15
 3.05578e+15	1.46e-14	1.87e-09	3.23e-05	1.03e-02	1.83e-01	4.82e-01	3.25e-01	0.00e+00	0.00e+00	8.47e-15	4.44e-15	1.48e-15
 3.14616e+15	1.94e-14	2.36e-09	3.91e-05	1.17e-02	1.96e-01	4.86e-01	3.07e-01	0.00e+00	0.00e+00	1.12e-14	5.90e-15	1.96e-15
 3.26120e+15	2.97e-14	3.29e-09	4.95e-05	1.37e-02	2.12e-01	4.90e-01	2.85e-01	0.00e+00	0.00e+00	1.72e-14	9.00e-15	2.98e-15
 3.37755e+15	4.25e-14	4.39e-09	6.19e-05	1.59e-02	2.28e-01	4.92e-01	2.64e-01	0.00e+00	0.00e+00	2.46e-14	1.29e-14	4.27e-15
 3.47535e+15	5.60e-14	5.50e-09	7.41e-05	1.79e-02	2.42e-01	4.92e-01	2.48e-01	0.00e+00	0.00e+00	3.24e-14	1.70e-14	5.62e-15
 3.57981e+15	7.63e-14	7.04e-09	8.92e-05	2.02e-02	2.57e-01	4.92e-01	2.31e-01	0.00e+00	0.00e+00	4.42e-14	2.32e-14	7.64e-15
 3.71164e+15	1.17e-13	9.75e-09	1.12e-04	2.34e-02	2.76e-01	4.89e-01	2.11e-01	0.00e+00	0.00e+00	6.77e-14	3.54e-14	1.17e-14
 3.84653e+15	1.69e-13	1.31e-08	1.39e-04	2.70e-02	2.94e-01	4.85e-01	1.93e-01	0.00e+00	0.00e+00	9.82e-14	5.15e-14	1.69e-14
 3.96390e+15	2.32e-13	1.67e-08	1.67e-04	3.03e-02	3.10e-01	4.81e-01	1.78e-01	0.00e+00	0.00e+00	1.35e-13	7.05e-14	2.32e-14
 4.09103e+15	3.19e-13	2.14e-08	2.02e-04	3.42e-02	3.27e-01	4.75e-01	1.64e-01	0.00e+00	0.00e+00	1.85e-13	9.69e-14	3.18e-14
 4.24615e+15	4.77e-13	2.92e-08	2.53e-04	3.93e-02	3.48e-01	4.66e-01	1.47e-01	0.00e+00	0.00e+00	2.77e-13	1.45e-13	4.75e-14
 4.40009e+15	6.87e-13	3.86e-08	3.11e-04	4.47e-02	3.67e-01	4.56e-01	1.32e-01	0.00e+00	0.00e+00	3.99e-13	2.09e-13	6.84e-14
 4.53624e+15	9.30e-13	4.89e-08	3.71e-04	4.99e-02	3.83e-01	4.46e-01	1.20e-01	0.00e+00	0.00e+00	5.40e-13	2.82e-13	9.24e-14
 4.68685e+15	1.26e-12	6.20e-08	4.47e-04	5.59e-02	4.00e-01	4.35e-01	1.09e-01	0.00e+00	0.00e+00	7.29e-13	3.81e-13	1.25e-13
 4.86744e+15	1.95e-12	8.57e-08	5.56e-04	6.37e-02	4.20e-01	4.20e-01	9.56e-02	0.00e+00	0.00e+00	1.13e-12	5.93e-13	1.94e-13
 5.03848e+15	2.73e-12	1.11e-07	6.74e-04	7.15e-02	4.37e-01	4.05e-01	8.50e-02	0.00e+00	0.00e+00	1.58e-12	8.28e-13	2.70e-13
 5.18263e+15	3.53e-12	1.36e-07	7.88e-04	7.83e-02	4.51e-01	3.93e-01	7.69e-02	0.00e+00	0.00e+00	2.05e-12	1.07e-12	3.50e-13
 5.34033e+15	4.77e-12	1.70e-07	9.30e-04	8.63e-02	4.65e-01	3.79e-01	6.89e-02	0.00e+00	0.00e+00	2.77e-12	1.45e-12	4.73e-13
 5.53806e+15	7.31e-12	2.32e-07	1.14e-03	9.69e-02	4.81e-01	3.61e-01	5.98e-02	0.00e+00	0.00e+00	4.25e-12	2.22e-12	7.24e-13
 5.71333e+15	9.95e-12	2.92e-07	1.35e-03	1.07e-01	4.94e-01	3.45e-01	5.29e-02	0.00e+00	0.00e+00	5.78e-12	3.03e-12	9.85e-13
 5.83708e+15	1.23e-11	3.43e-07	1.51e-03	1.14e-01	5.02e-01	3.34e-01	4.85e-02	0.00e+00	0.00e+00	7.16e-12	3.75e-12	1.22e-12
 5.96839e+15	1.55e-11	4.06e-07	1.70e-03	1.21e-01	5.10e-01	3.23e-01	4.42e-02	0.00e+00	0.00e+00	8.99e-12	4.71e-12	1.53e-12
 6.13909e+15	1.97e-11	4.90e-07	1.98e-03	1.32e-01	5.19e-01	3.08e-01	3.93e-02	0.00e+00	0.00e+00	1.14e-11	5.99e-12	1.95e-12
 6.33158e+15	2.83e-11	6.34e-07	2.34e-03	1.44e-01	5.28e-01	2.91e-01	3.42e-02	0.00e+00	0.00e+00	1.65e-11	8.62e-12	2.80e-12
 6.50271e+15	3.64e-11	7.67e-07	2.68e-03	1.55e-01	5.35e-01	2.77e-01	3.04e-02	0.00e+00	0.00e+00	2.12e-11	1.11e-11	3.60e-12
 6.67549e+15	4.61e-11	9.19e-07	3.08e-03	1.67e-01	5.41e-01	2.62e-01	2.69e-02	0.00e+00	0.00e+00	2.68e-11	1.40e-11	4.56e-12
 6.90009e+15	6.84e-11	1.21e-06	3.69e-03	1.83e-01	5.46e-01	2.44e-01	2.28e-02	0.00e+00	0.00e+00	3.98e-11	2.08e-11	6.77e-12
 7.12048e+15	9.19e-11	1.52e-06	4.33e-03	1.98e-01	5.50e-01	2.28e-01	1.96e-02	0.00e+00	0.00e+00	5.34e-11	2.80e-11	9.09e-12
 7.29193e+15	1.14e-10	1.79e-06	4.90e-03	2.11e-01	5.52e-01	2.15e-01	1.74e-02	0.00e+00	0.00e+00	6.63e-11	3.47e-11	1.13e-11
 7.47135e+15	1.46e-10	2.15e-06	5.58e-03	2.24e-01	5.52e-01	2.03e-01	1.53e-02	0.00e+00	0.00e+00	8.50e-11	4.45e-11	1.45e-11
 7.70460e+15	2.13e-10	2.80e-06	6.59e-03	2.43e-01	5.51e-01	1.87e-01	1.28e-02	0.00e+00	0.00e+00	1.24e-10	6.50e-11	2.11e-11
 7.94362e+15	2.87e-10	3.49e-06	7.72e-03	2.61e-01	5.49e-01	1.72e-01	1.08e-02	0.00e+00	0.00e+00	1.67e-10	8.74e-11	2.84e-11
 8.14178e+15	3.60e-10	4.15e-06	8.79e-03	2.77e-01	5.45e-01	1.60e-01	9.42e-03	0.00e+00	0.00e+00	2.09e-10	1.10e-10	3.57e-11
 8.35101e+15	4.71e-10	5.06e-06	1.01e-02	2.94e-01	5.40e-01	1.48e-01	8.08e-03	0.00e+00	0.00e+00	2.74e-10	1.44e-10	4.67e-11
 8.57914e+15	6.75e-10	6.48e-06	1.17e-02	3.13e-01	5.33e-01	1.35e-01	6.80e-03	0.00e+00	0.00e+00	3.92e-10	2.06e-10	6.68e-11
 8.78140e+15	8.52e-10	7.72e-06	1.33e-02	3.30e-01	5.26e-01	1.25e-01	5.87e-03	0.00e+00	0.00e+00	4.96e-10	2.60e-10	8.44e-11
 8.99390e+15	1.08e-09	9.23e-06	1.52e-02	3.48e-01	5.17e-01	1.15e-01	5.01e-03	0.00e+00	0.00e+00	6.25e-10	3.28e-10	1.07e-10
 9.22545e+15	1.54e-09	1.18e-05	1.76e-02	3.68e-01	5.06e-01	1.04e-01	4.18e-03	0.00e+00	0.00e+00	8.98e-10	4.71e-10	1.53e-10
 9.42660e+15	1.97e-09	1.42e-05	1.99e-02	3.85e-01	4.96e-01	9.57e-02	3.59e-03	0.00e+00	0.00e+00	1.15e-09	6.00e-10	1.95e-10
 9.60578e+15	2.48e-09	1.67e-05	2.23e-02	4.00e-01	4.86e-01	8.85e-02	3.12e-03	0.00e+00	0.00e+00	1.44e-09	7.56e-10	2.46e-10
 9.77725e+15	3.08e-09	1.96e-05	2.48e-02	4.15e-01	4.75e-01	8.20e-02	2.73e-03	0.00e+00	0.00e+00	1.79e-09	9.40e-10	3.06e-10
 9.93857e+15	3.73e-09	2.26e-05	2.74e-02	4.29e-01	4.65e-01	7.62e-02	2.40e-03	0.00e+00	0.00e+00	2.17e-09	1.14e-09	3.70e-10
 1.01210e+16	4.84e-09	2.72e-05	3.09e-02	4.45e-01	4.52e-01	6.97e-02	2.06e-03	0.00e+00	0.00e+00	2.81e-09	1.48e-09	4.81e-10
 1.03096e+16	5.80e-09	3.15e-05	3.46e-02	4.61e-01	4.39e-01	6.38e-02	1.78e-03	0.00e+00	0.00e+00	3.37e-09	1.77e-09	5.76e-10
 1.05065e+16	8.11e-09	3.97e-05	3.95e-02	4.78e-01	4.23e-01	5.76e-02	1.49e-03	0.00e+00	0.00e+00	4.72e-09	2.47e-09	8.06e-10
 1.07163e+16	9.98e-09	4.68e-05	4.51e-02	4.95e-01	4.07e-01	5.17e-02	1.25e-03	0.00e+00	0.00e+00	5.80e-09	3.05e-09	9.92e-10
 1.09063e+16	1.41e-08	5.93e-05	5.15e-02	5.11e-01	3.90e-01	4.64e-02	1.05e-03	0.00e+00	0.00e+00	8.19e-09	4.30e-09	1.40e-09
 1.10778e+16	1.80e-08	7.09e-05	5.78e-02	5.24e-01	3.75e-01	4.21e-02	8.93e-04	0.00e+00	0.00e+00	1.05e-08	5.49e-09	1.79e-09
 1.12343e+16	2.27e-08	8.41e-05	6.46e-02	5.36e-01	3.60e-01	3.83e-02	7.68e-04	0.00e+00	0.00e+00	1.32e-08	6.94e-09	2.26e-09
 1.13837e+16	2.85e-08	9.92e-05	7.18e-02	5.47e-01	3.46e-01	3.49e-02	6.63e-04	0.00e+00	0.00e+00	1.66e-08	8.71e-09	2.84e-09
 1.15284e+16	3.50e-08	1.16e-04	7.98e-02	5.57e-01	3.31e-01	3.18e-02	5.74e-04	0.00e+00	0.00e+00	2.04e-08	1.07e-08	3.49e-09
 1.16938e+16	4.34e-08	1.37e-04	9.04e-02	5.67e-01	3.14e-01	2.83e-02	4.83e-04	0.00e+00	0.00e+00	2.53e-08	1.33e-08	4.33e-09
 1.18785e+16	6.27e-08	1.77e-04	1.05e-01	5.77e-01	2.93e-01	2.46e-02	3.90e-04	0.00e+00	0.00e+00	3.65e-08	1.92e-08	6.26e-09
 1.20394e+16	7.87e-08	2.11e-04	1.19e-01	5.84e-01	2.75e-01	2.17e-02	3.24e-04	0.00e+00	0.00e+00	4.58e-08	2.41e-08	7.86e-09
 1.21744e+16	1.08e-07	2.63e-04	1.34e-01	5.88e-01	2.58e-01	1.93e-02	2.71e-04	0.00e+00	0.00e+00	6.29e-08	3.30e-08	1.08e-08
 1.22961e+16	1.30e-07	3.03e-04	1.49e-01	5.90e-01	2.43e-01	1.73e-02	2.32e-04	0.00e+00	0.00e+00	7.56e-08	3.97e-08	1.30e-08
 1.24263e+16	1.67e-07	3.66e-04	1.68e-01	5.90e-01	2.26e-01	1.52e-02	1.92e-04	0.00e+00	0.00e+00	9.74e-08	5.12e-08	1.68e-08
 1.25653e+16	2.23e-07	4.51e-04	1.91e-01	5.88e-01	2.07e-01	1.31e-02	1.55e-04	0.00e+00	0.00e+00	1.30e-07	6.83e-08	2.23e-08
 1.26786e+16	3.18e-07	5.72e-04	2.15e-01	5.82e-01	1.91e-01	1.13e-02	1.27e-04	0.00e+00	0.00e+00	1.85e-07	9.73e-08	3.18e-08
 1.27572e+16	3.79e-07	6.50e-04	2.32e-01	5.77e-01	1.80e-01	1.03e-02	1.10e-04	0.00e+00	0.00e+00	2.20e-07	1.16e-07	3.80e-08
 1.28279e+16	4.26e-07	7.14e-04	2.49e-01	5.71e-01	1.70e-01	9.34e-03	9.71e-05	0.00e+00	0.00e+00	2.48e-07	1.30e-07	4.27e-08
 1.29198e+16	5.61e-07	8.66e-04	2.76e-01	5.60e-01	1.55e-01	8.09e-03	7.97e-05	0.00e+00	0.00e+00	3.27e-07	1.72e-07	5.63e-08
 1.30028e+16	6.58e-07	9.76e-04	3.00e-01	5.49e-01	1.43e-01	7.13e-03	6.74e-05	0.00e+00	0.00e+00	3.83e-07	2.02e-07	6.61e-08
 1.30632e+16	8.28e-07	1.14e-03	3.22e-01	5.37e-01	1.33e-01	6.37e-03	5.76e-05	0.00e+00	0.00e+00	4.82e-07	2.54e-07	8.32e-08
 1.31149e+16	9.07e-07	1.22e-03	3.40e-01	5.28e-01	1.25e-01	5.82e-03	5.14e-05	0.00e+00	0.00e+00	5.27e-07	2.78e-07	9.11e-08
 1.31660e+16	1.05e-06	1.36e-03	3.60e-01	5.17e-01	1.17e-01	5.25e-03	4.48e-05	0.00e+00	0.00e+00	6.09e-07	3.21e-07	1.05e-07
 1.32325e+16	1.32e-06	1.59e-03	3.89e-01	4.99e-01	1.06e-01	4.53e-03	3.68e-05	0.00e+00	0.00e+00	7.67e-07	4.04e-07	1.33e-07
 1.32966e+16	1.52e-06	1.76e-03	4.16e-01	4.82e-01	9.60e-02	3.94e-03	3.07e-05	0.00e+00	0.00e+00	8.82e-07	4.65e-07	1.53e-07
 1.33576e+16	1.83e-06	2.01e-03	4.46e-01	4.62e-01	8.62e-02	3.37e-03	2.51e-05	0.00e+00	0.00e+00	1.06e-06	5.60e-07	1.84e-07
 1.34209e+16	2.32e-06	2.35e-03	4.79e-01	4.39e-01	7.64e-02	2.82e-03	2.00e-05	0.00e+00	0.00e+00	1.35e-06	7.11e-07	2.34e-07
 1.34692e+16	2.68e-06	2.60e-03	5.05e-01	4.21e-01	6.93e-02	2.46e-03	1.68e-05	0.00e+00	0.00e+00	1.56e-06	8.21e-07	2.70e-07
 1.35139e+16	3.10e-06	2.87e-03	5.30e-01	4.02e-01	6.26e-02	2.13e-03	1.40e-05	0.00e+00	0.00e+00	1.80e-06	9.50e-07	3.13e-07
 1.35721e+16	3.78e-06	3.27e-03	5.64e-01	3.76e-01	5.42e-02	1.74e-03	1.08e-05	0.00e+00	0.00e+00	2.20e-06	1.16e-06	3.82e-07
 1.36306e+16	4.53e-06	3.70e-03	5.98e-01	3.50e-01	4.66e-02	1.41e-03	8.30e-06	0.00e+00	0.00e+00	2.63e-06	1.39e-06	4.58e-07
 1.36780e+16	5.04e-06	3.99e-03	6.25e-01	3.29e-01	4.09e-02	1.19e-03	6.70e-06	0.00e+00	0.00e+00	2.93e-06	1.55e-06	5.11e-07
 1.37278e+16	6.15e-06	4.53e-03	6.56e-01	3.04e-01	3.49e-02	9.52e-04	5.07e-06	0.00e+00	0.00e+00	3.58e-06	1.89e-06	6.24e-07
 1.37792e+16	7.21e-06	5.01e-03	6.85e-01	2.80e-01	2.96e-02	7.62e-04	3.84e-06	0.00e+00	0.00e+00	4.19e-06	2.21e-06	7.32e-07
 1.38253e+16	8.37e-06	5.51e-03	7.11e-01	2.57e-01	2.52e-02	6.12e-04	2.92e-06	0.00e+00	0.00e+00	4.87e-06	2.57e-06	8.50e-07
 1.38782e+16	9.85e-06	6.10e-03	7.40e-01	2.32e-01	2.06e-02	4.68e-04	2.10e-06	0.00e+00	0.00e+00	5.73e-06	3.03e-06	1.00e-06
 1.39368e+16	1.17e-05	6.79e-03	7.70e-01	2.06e-01	1.65e-02	3.45e-04	1.44e-06	0.00e+00	0.00e+00	6.82e-06	3.61e-06	1.19e-06
 1.39915e+16	1.38e-05	7.47e-03	7.96e-01	1.83e-01	1.32e-02	2.55e-04	9.95e-07	0.00e+00	0.00e+00	8.00e-06	4.23e-06	1.40e-06
 1.40512e+16	1.64e-05	8.29e-03	8.23e-01	1.59e-01	1.01e-02	1.78e-04	0.00e+00	0.00e+00	0.00e+00	9.53e-06	5.04e-06	1.67e-06
 1.41167e+16	1.96e-05	9.19e-03	8.48e-01	1.36e-01	7.52e-03	1.20e-04	0.00e+00	0.00e+00	0.00e+00	1.14e-05	6.04e-06	2.01e-06
 1.41782e+16	2.31e-05	1.01e-02	8.68e-01	1.16e-01	5.65e-03	8.14e-05	0.00e+00	0.00e+00	0.00e+00	1.34e-05	7.12e-06	2.37e-06
 1.42466e+16	2.75e-05	1.11e-02	8.88e-01	9.71e-02	4.05e-03	5.19e-05	0.00e+00	0.00e+00	0.00e+00	1.60e-05	8.47e-06	2.82e-06
 1.43356e+16	3.41e-05	1.24e-02	9.08e-01	7.67e-02	2.61e-03	2.86e-05	0.00e+00	0.00e+00	0.00e+00	1.98e-05	1.05e-05	3.50e-06
 1.44298e+16	4.21e-05	1.39e-02	9.24e-01	6.00e-02	1.66e-03	1.53e-05	0.00e+00	0.00e+00	0.00e+00	2.45e-05	1.30e-05	4.34e-06
 1.45157e+16	5.08e-05	1.53e-02	9.36e-01	4.79e-02	1.10e-03	8.62e-06	0.00e+00	0.00e+00	0.00e+00	2.96e-05	1.57e-05	5.25e-06
 1.45851e+16	5.87e-05	1.64e-02	9.42e-01	4.04e-02	7.99e-04	5.54e-06	0.00e+00	0.00e+00	0.00e+00	3.41e-05	1.81e-05	6.06e-06
