#depth	He	He+	He+2
 1.49634e+10	1.86e-22	1.04e-11	1.00e+00
 4.54887e+10	2.12e-22	1.13e-11	1.00e+00
 7.72350e+10	2.41e-22	1.22e-11	1.00e+00
 1.10251e+11	2.73e-22	1.33e-11	1.00e+00
 1.44588e+11	3.11e-22	1.44e-11	1.00e+00
 1.80298e+11	3.54e-22	1.56e-11	1.00e+00
 2.17437e+11	4.04e-22	1.70e-11	1.00e+00
 2.56061e+11	4.61e-22	1.85e-11	1.00e+00
 2.96231e+11	5.28e-22	2.01e-11	1.00e+00
 3.38007e+11	6.05e-22	2.18e-11	1.00e+00
 3.81454e+11	6.94e-22	2.37e-11	1.00e+00
 4.22219e+11	7.87e-22	2.56e-11	1.00e+00
 4.58536e+11	8.77e-22	2.73e-11	1.00e+00
 4.99247e+11	9.86e-22	2.94e-11	1.00e+00
 5.47667e+11	1.13e-21	3.19e-11	1.00e+00
 5.96411e+11	1.30e-21	3.46e-11	1.00e+00
 6.41963e+11	1.46e-21	3.72e-11	1.00e+00
 6.92425e+11	1.67e-21	4.03e-11	1.00e+00
 7.50049e+11	1.93e-21	4.39e-11	1.00e+00
 8.07294e+11	2.22e-21	4.77e-11	1.00e+00
 8.66828e+11	2.55e-21	5.19e-11	1.00e+00
 9.31428e+11	2.96e-21	5.67e-11	1.00e+00
 9.97168e+11	3.42e-21	6.19e-11	1.00e+00
 1.05838e+12	3.90e-21	6.69e-11	1.00e+00
 1.11489e+12	4.39e-21	7.18e-11	1.00e+00
 1.17952e+12	4.98e-21	7.77e-11	1.00e+00
 1.25534e+12	5.79e-21	8.49e-11	1.00e+00
 1.33045e+12	6.67e-21	9.25e-11	1.00e+00
 1.40078e+12	7.57e-21	1.00e-10	1.00e+00
 1.47895e+12	8.66e-21	1.09e-10	1.00e+00
 1.56804e+12	1.01e-20	1.19e-10	1.00e+00
 1.65583e+12	1.16e-20	1.31e-10	1.00e+00
 1.74712e+12	1.34e-20	1.43e-10	1.00e+00
 1.84694e+12	1.55e-20	1.57e-10	1.00e+00
 1.94735e+12	1.80e-20	1.72e-10	1.00e+00
 2.05179e+12	2.07e-20	1.89e-10	1.00e+00
 2.16379e+12	2.40e-20	2.08e-10	1.00e+00
 2.27509e+12	2.76e-20	2.29e-10	1.00e+00
 2.39084e+12	3.17e-20	2.51e-10	1.00e+00
 2.51640e+12	3.66e-20	2.78e-10	1.00e+00
 2.64699e+12	4.22e-20	3.07e-10	1.00e+00
 2.78279e+12	4.85e-20	3.39e-10	1.00e+00
 2.92403e+12	5.58e-20	3.75e-10	1.00e+00
 3.05154e+12	6.30e-20	4.10e-10	1.00e+00
 3.15740e+12	6.92e-20	4.40e-10	1.00e+00
 3.27321e+12	7.64e-20	4.75e-10	1.00e+00
 3.42040e+12	8.63e-20	5.22e-10	1.00e+00
 3.57420e+12	9.76e-20	5.74e-10	1.00e+00
 3.70999e+12	1.08e-19	6.23e-10	1.00e+00
 3.83571e+12	1.18e-19	6.70e-10	1.00e+00
 3.97831e+12	1.31e-19	7.27e-10	1.00e+00
 4.15505e+12	1.47e-19	8.01e-10	1.00e+00
 4.33153e+12	1.65e-19	8.80e-10	1.00e+00
 4.48287e+12	1.81e-19	9.51e-10	1.00e+00
 4.64618e+12	2.00e-19	1.03e-09	1.00e+00
 4.84822e+12	2.24e-19	1.14e-09	1.00e+00
 5.05586e+12	2.51e-19	1.25e-09	1.00e+00
 5.24373e+12	2.78e-19	1.36e-09	1.00e+00
 5.45064e+12	3.09e-19	1.49e-09	1.00e+00
 5.69390e+12	3.50e-19	1.64e-09	1.00e+00
 5.93693e+12	3.95e-19	1.81e-09	1.00e+00
 6.16823e+12	4.43e-19	1.98e-09	1.00e+00
 6.42345e+12	5.00e-19	2.17e-09	1.00e+00
 6.71032e+12	5.73e-19	2.40e-09	1.00e+00
 6.96851e+12	6.47e-19	2.62e-09	1.00e+00
 7.18170e+12	7.13e-19	2.80e-09	1.00e+00
 7.41456e+12	7.93e-19	3.02e-09	1.00e+00
 7.71206e+12	9.06e-19	3.30e-09	1.00e+00
 8.01238e+12	1.04e-18	3.60e-09	1.00e+00
 8.26084e+12	1.15e-18	3.86e-09	1.00e+00
 8.52313e+12	1.29e-18	4.15e-09	1.00e+00
 8.85978e+12	1.49e-18	4.53e-09	1.00e+00
 9.21278e+12	1.72e-18	4.95e-09	1.00e+00
 9.52199e+12	1.95e-18	5.34e-09	1.00e+00
 9.85459e+12	2.23e-18	5.77e-09	1.00e+00
 1.02584e+13	2.61e-18	6.32e-09	1.00e+00
 1.06491e+13	3.03e-18	6.87e-09	1.00e+00
 1.09778e+13	3.42e-18	7.36e-09	1.00e+00
 1.13316e+13	3.89e-18	7.91e-09	1.00e+00
 1.17772e+13	4.56e-18	8.62e-09	1.00e+00
 1.22346e+13	5.34e-18	9.40e-09	1.00e+00
 1.26327e+13	6.10e-18	1.01e-08	1.00e+00
 1.30611e+13	7.00e-18	1.09e-08	1.00e+00
 1.35843e+13	8.26e-18	1.19e-08	1.00e+00
 1.41105e+13	9.71e-18	1.29e-08	1.00e+00
 1.45801e+13	1.11e-17	1.39e-08	1.00e+00
 1.50961e+13	1.29e-17	1.50e-08	1.00e+00
 1.57104e+13	1.53e-17	1.64e-08	1.00e+00
 1.63240e+13	1.80e-17	1.79e-08	1.00e+00
 1.68944e+13	2.09e-17	1.93e-08	1.00e+00
 1.75322e+13	2.44e-17	2.09e-08	1.00e+00
 1.82634e+13	2.91e-17	2.28e-08	1.00e+00
 1.89886e+13	3.44e-17	2.49e-08	1.00e+00
 1.97428e+13	4.04e-17	2.70e-08	1.00e+00
 2.05625e+13	4.81e-17	2.95e-08	1.00e+00
 2.14149e+13	5.71e-17	3.22e-08	1.00e+00
 2.22228e+13	6.68e-17	3.49e-08	1.00e+00
 2.29496e+13	7.65e-17	3.73e-08	1.00e+00
 2.36308e+13	8.66e-17	3.98e-08	1.00e+00
 2.43843e+13	9.88e-17	4.25e-08	1.00e+00
 2.52305e+13	1.14e-16	4.56e-08	1.00e+00
 2.60372e+13	1.30e-16	4.88e-08	1.00e+00
 2.69260e+13	1.49e-16	5.23e-08	1.00e+00
 2.79176e+13	1.73e-16	5.64e-08	1.00e+00
 2.88322e+13	1.98e-16	6.03e-08	1.00e+00
 2.96799e+13	2.23e-16	6.41e-08	1.00e+00
 3.06513e+13	2.55e-16	6.85e-08	1.00e+00
 3.18393e+13	2.97e-16	7.40e-08	1.00e+00
 3.30241e+13	3.46e-16	7.99e-08	1.00e+00
 3.40549e+13	3.91e-16	8.50e-08	1.00e+00
 3.51702e+13	4.45e-16	9.07e-08	1.00e+00
 3.65316e+13	5.18e-16	9.79e-08	1.00e+00
 3.79195e+13	6.03e-16	1.06e-07	1.00e+00
 3.91743e+13	6.86e-16	1.13e-07	1.00e+00
 4.05495e+13	7.86e-16	1.21e-07	1.00e+00
 4.21683e+13	9.16e-16	1.31e-07	1.00e+00
 4.37837e+13	1.07e-15	1.41e-07	1.00e+00
 4.53053e+13	1.22e-15	1.51e-07	1.00e+00
 4.69892e+13	1.40e-15	1.62e-07	1.00e+00
 4.88987e+13	1.64e-15	1.75e-07	1.00e+00
 5.08089e+13	1.90e-15	1.89e-07	1.00e+00
 5.27954e+13	2.21e-15	2.04e-07	1.00e+00
 5.49371e+13	2.58e-15	2.20e-07	1.00e+00
 5.71646e+13	3.00e-15	2.38e-07	1.00e+00
 5.93147e+13	3.46e-15	2.56e-07	1.00e+00
 6.13285e+13	3.94e-15	2.73e-07	1.00e+00
 6.32274e+13	4.44e-15	2.90e-07	1.00e+00
 6.52964e+13	5.02e-15	3.09e-07	1.00e+00
 6.76099e+13	5.73e-15	3.30e-07	1.00e+00
 6.97952e+13	6.49e-15	3.52e-07	1.00e+00
 7.21899e+13	7.39e-15	3.76e-07	1.00e+00
 7.48651e+13	8.50e-15	4.04e-07	1.00e+00
 7.74082e+13	9.66e-15	4.31e-07	1.00e+00
 8.02172e+13	1.11e-14	4.62e-07	1.00e+00
 8.33720e+13	1.29e-14	4.99e-07	1.00e+00
 8.63880e+13	1.47e-14	5.35e-07	1.00e+00
 8.96085e+13	1.70e-14	5.76e-07	1.00e+00
 9.32228e+13	1.98e-14	6.22e-07	1.00e+00
 9.65647e+13	2.27e-14	6.68e-07	1.00e+00
 9.94548e+13	2.54e-14	7.08e-07	1.00e+00
 1.02654e+14	2.88e-14	7.55e-07	1.00e+00
 1.06566e+14	3.33e-14	8.14e-07	1.00e+00
 1.10530e+14	3.83e-14	8.76e-07	1.00e+00
 1.14089e+14	4.32e-14	9.33e-07	1.00e+00
 1.18000e+14	4.93e-14	1.00e-06	1.00e+00
 1.22629e+14	5.73e-14	1.08e-06	1.00e+00
 1.27181e+14	6.58e-14	1.16e-06	1.00e+00
 1.31346e+14	7.47e-14	1.24e-06	1.00e+00
 1.36018e+14	8.52e-14	1.33e-06	1.00e+00
 1.41447e+14	9.91e-14	1.44e-06	1.00e+00
 1.46766e+14	1.14e-13	1.56e-06	1.00e+00
 1.51787e+14	1.30e-13	1.67e-06	1.00e+00
 1.57378e+14	1.49e-13	1.79e-06	1.00e+00
 1.63703e+14	1.73e-13	1.94e-06	1.00e+00
 1.70026e+14	1.99e-13	2.10e-06	1.00e+00
 1.75959e+14	2.27e-13	2.25e-06	1.00e+00
 1.82384e+14	2.59e-13	2.42e-06	1.00e+00
 1.89558e+14	2.99e-13	2.62e-06	1.00e+00
 1.96261e+14	3.40e-13	2.81e-06	1.00e+00
 2.02483e+14	3.81e-13	2.99e-06	1.00e+00
 2.08465e+14	4.25e-13	3.17e-06	1.00e+00
 2.15087e+14	4.76e-13	3.38e-06	1.00e+00
 2.22426e+14	5.37e-13	3.62e-06	1.00e+00
 2.29258e+14	6.00e-13	3.85e-06	1.00e+00
 2.36701e+14	6.73e-13	4.11e-06	1.00e+00
 2.45055e+14	7.64e-13	4.41e-06	1.00e+00
 2.53029e+14	8.56e-13	4.70e-06	1.00e+00
 2.61834e+14	9.66e-13	5.04e-06	1.00e+00
 2.71533e+14	1.10e-12	5.43e-06	1.00e+00
 2.80464e+14	1.23e-12	5.80e-06	1.00e+00
 2.90142e+14	1.39e-12	6.21e-06	1.00e+00
 3.00959e+14	1.59e-12	6.70e-06	1.00e+00
 3.11110e+14	1.78e-12	7.17e-06	1.00e+00
 3.22159e+14	2.01e-12	7.69e-06	1.00e+00
 3.34459e+14	2.29e-12	8.32e-06	1.00e+00
 3.45949e+14	2.58e-12	8.91e-06	1.00e+00
 3.58426e+14	2.92e-12	9.59e-06	1.00e+00
 3.72357e+14	3.33e-12	1.04e-05	1.00e+00
 3.85575e+14	3.77e-12	1.12e-05	1.00e+00
 3.99759e+14	4.27e-12	1.20e-05	1.00e+00
 4.15779e+14	4.91e-12	1.31e-05	1.00e+00
 4.31500e+14	5.57e-12	1.41e-05	1.00e+00
 4.47850e+14	6.35e-12	1.53e-05	1.00e+00
 4.65794e+14	7.28e-12	1.66e-05	1.00e+00
 4.83468e+14	8.31e-12	1.80e-05	1.00e+00
 4.98044e+14	9.23e-12	1.92e-05	1.00e+00
 5.09715e+14	1.00e-11	2.01e-05	1.00e+00
 5.22642e+14	1.09e-11	2.12e-05	1.00e+00
 5.39446e+14	1.23e-11	2.28e-05	1.00e+00
 5.57461e+14	1.38e-11	2.45e-05	1.00e+00
 5.73457e+14	1.53e-11	2.60e-05	1.00e+00
 5.90658e+14	1.71e-11	2.78e-05	1.00e+00
 6.12403e+14	1.95e-11	3.01e-05	1.00e+00
 6.34468e+14	2.20e-11	3.25e-05	1.00e+00
 6.53365e+14	2.46e-11	3.47e-05	1.00e+00
 6.73729e+14	2.76e-11	3.71e-05	1.00e+00
 6.98958e+14	3.17e-11	4.04e-05	1.00e+00
 7.24604e+14	3.63e-11	4.37e-05	1.00e+00
 7.47190e+14	4.05e-11	4.69e-05	1.00e+00
 7.71708e+14	4.60e-11	5.05e-05	1.00e+00
 8.01292e+14	5.31e-11	5.50e-05	1.00e+00
 8.30654e+14	6.09e-11	5.96e-05	1.00e+00
 8.56813e+14	6.80e-11	6.39e-05	1.00e+00
 8.85618e+14	7.78e-11	6.89e-05	1.00e+00
 9.19953e+14	9.00e-11	7.51e-05	1.00e+00
 9.54087e+14	1.04e-10	8.16e-05	1.00e+00
 9.85395e+14	1.18e-10	8.79e-05	1.00e+00
 1.02041e+15	1.33e-10	9.50e-05	1.00e+00
 1.06103e+15	1.57e-10	1.04e-04	1.00e+00
 1.10083e+15	1.81e-10	1.13e-04	1.00e+00
 1.13872e+15	2.05e-10	1.22e-04	1.00e+00
 1.17208e+15	2.32e-10	1.30e-04	1.00e+00
 1.19974e+15	2.54e-10	1.37e-04	1.00e+00
 1.23006e+15	2.80e-10	1.45e-04	1.00e+00
 1.26949e+15	3.18e-10	1.56e-04	1.00e+00
 1.31093e+15	3.57e-10	1.68e-04	1.00e+00
 1.34671e+15	3.98e-10	1.78e-04	1.00e+00
 1.38494e+15	4.48e-10	1.90e-04	1.00e+00
 1.43464e+15	5.19e-10	2.06e-04	1.00e+00
 1.48561e+15	5.93e-10	2.23e-04	1.00e+00
 1.52809e+15	6.59e-10	2.37e-04	1.00e+00
 1.57317e+15	7.40e-10	2.53e-04	1.00e+00
 1.63063e+15	8.66e-10	2.75e-04	1.00e+00
 1.69095e+15	1.00e-09	2.98e-04	1.00e+00
 1.74465e+15	1.14e-09	3.19e-04	1.00e+00
 1.80301e+15	1.29e-09	3.44e-04	1.00e+00
 1.87273e+15	1.52e-09	3.74e-04	1.00e+00
 1.94175e+15	1.75e-09	4.05e-04	1.00e+00
 2.00427e+15	1.99e-09	4.35e-04	1.00e+00
 2.07378e+15	2.27e-09	4.69e-04	1.00e+00
 2.15535e+15	2.69e-09	5.11e-04	9.99e-01
 2.23588e+15	3.12e-09	5.54e-04	9.99e-01
 2.31143e+15	3.58e-09	5.97e-04	9.99e-01
 2.39572e+15	4.09e-09	6.45e-04	9.99e-01
 2.49157e+15	4.90e-09	7.05e-04	9.99e-01
 2.58634e+15	5.71e-09	7.64e-04	9.99e-01
 2.66402e+15	6.46e-09	8.16e-04	9.99e-01
 2.72470e+15	7.09e-09	8.57e-04	9.99e-01
 2.79116e+15	7.83e-09	9.03e-04	9.99e-01
 2.87757e+15	8.74e-09	9.65e-04	9.99e-01
 2.97144e+15	1.02e-08	1.04e-03	9.99e-01
 3.05578e+15	1.13e-08	1.10e-03	9.99e-01
 3.14616e+15	1.27e-08	1.17e-03	9.99e-01
 3.26120e+15	1.49e-08	1.27e-03	9.99e-01
 3.37755e+15	1.72e-08	1.37e-03	9.99e-01
 3.47535e+15	1.92e-08	1.46e-03	9.99e-01
 3.57981e+15	2.16e-08	1.55e-03	9.98e-01
 3.71164e+15	2.57e-08	1.69e-03	9.98e-01
 3.84653e+15	2.97e-08	1.82e-03	9.98e-01
 3.96390e+15	3.37e-08	1.94e-03	9.98e-01
 4.09103e+15	3.83e-08	2.08e-03	9.98e-01
 4.24615e+15	4.51e-08	2.26e-03	9.98e-01
 4.40009e+15	5.23e-08	2.45e-03	9.98e-01
 4.53624e+15	5.91e-08	2.62e-03	9.97e-01
 4.68685e+15	6.70e-08	2.81e-03	9.97e-01
 4.86744e+15	8.03e-08	3.06e-03	9.97e-01
 5.03848e+15	9.23e-08	3.31e-03	9.97e-01
 5.18263e+15	1.03e-07	3.52e-03	9.96e-01
 5.34033e+15	1.17e-07	3.77e-03	9.96e-01
 5.53806e+15	1.40e-07	4.11e-03	9.96e-01
 5.71333e+15	1.60e-07	4.41e-03	9.96e-01
 5.83708e+15	1.75e-07	4.63e-03	9.95e-01
 5.96839e+15	1.94e-07	4.88e-03	9.95e-01
 6.13909e+15	2.16e-07	5.22e-03	9.95e-01
 6.33158e+15	2.52e-07	5.62e-03	9.94e-01
 6.50271e+15	2.82e-07	5.99e-03	9.94e-01
 6.67549e+15	3.14e-07	6.39e-03	9.94e-01
 6.90009e+15	3.74e-07	6.95e-03	9.93e-01
 7.12048e+15	4.27e-07	7.51e-03	9.92e-01
 7.29193e+15	4.74e-07	7.99e-03	9.92e-01
 7.47135e+15	5.32e-07	8.52e-03	9.91e-01
 7.70460e+15	6.30e-07	9.28e-03	9.91e-01
 7.94362e+15	7.25e-07	1.01e-02	9.90e-01
 8.14178e+15	8.13e-07	1.08e-02	9.89e-01
 8.35101e+15	9.26e-07	1.16e-02	9.88e-01
 8.57914e+15	1.09e-06	1.26e-02	9.87e-01
 8.78140e+15	1.23e-06	1.36e-02	9.86e-01
 8.99390e+15	1.39e-06	1.47e-02	9.85e-01
 9.22545e+15	1.64e-06	1.60e-02	9.84e-01
 9.42660e+15	1.86e-06	1.73e-02	9.83e-01
 9.60578e+15	2.09e-06	1.85e-02	9.81e-01
 9.77725e+15	2.33e-06	1.98e-02	9.80e-01
 9.93857e+15	2.58e-06	2.11e-02	9.79e-01
 1.01210e+16	2.95e-06	2.28e-02	9.77e-01
 1.03096e+16	3.30e-06	2.47e-02	9.75e-01
 1.05065e+16	3.89e-06	2.70e-02	9.73e-01
 1.07163e+16	4.43e-06	2.97e-02	9.70e-01
 1.09063e+16	5.25e-06	3.26e-02	9.67e-01
 1.10778e+16	6.01e-06	3.55e-02	9.64e-01
 1.12343e+16	6.86e-06	3.86e-02	9.61e-01
 1.13837e+16	7.79e-06	4.19e-02	9.58e-01
 1.15284e+16	8.81e-06	4.55e-02	9.55e-01
 1.16938e+16	1.01e-05	5.04e-02	9.50e-01
 1.18785e+16	1.24e-05	5.67e-02	9.43e-01
 1.20394e+16	1.44e-05	6.34e-02	9.37e-01
 1.21744e+16	1.70e-05	7.00e-02	9.30e-01
 1.22961e+16	1.93e-05	7.69e-02	9.23e-01
 1.24263e+16	2.27e-05	8.58e-02	9.14e-01
 1.25653e+16	2.71e-05	9.69e-02	9.03e-01
 1.26786e+16	3.25e-05	1.08e-01	8.92e-01
 1.27572e+16	3.63e-05	1.16e-01	8.84e-01
 1.28279e+16	4.00e-05	1.25e-01	8.75e-01
 1.29198e+16	4.69e-05	1.39e-01	8.61e-01
 1.30028e+16	5.29e-05	1.52e-01	8.48e-01
 1.30632e+16	5.97e-05	1.63e-01	8.37e-01
 1.31149e+16	6.45e-05	1.74e-01	8.26e-01
 1.31660e+16	7.10e-05	1.85e-01	8.15e-01
 1.32325e+16	8.14e-05	2.02e-01	7.98e-01
 1.32966e+16	9.09e-05	2.20e-01	7.80e-01
 1.33576e+16	1.03e-04	2.39e-01	7.60e-01
 1.34209e+16	1.18e-04	2.62e-01	7.38e-01
 1.34692e+16	1.30e-04	2.80e-01	7.20e-01
 1.35139e+16	1.44e-04	2.99e-01	7.01e-01
 1.35721e+16	1.64e-04	3.26e-01	6.74e-01
 1.36306e+16	1.85e-04	3.55e-01	6.45e-01
 1.36780e+16	2.03e-04	3.80e-01	6.20e-01
 1.37278e+16	2.29e-04	4.09e-01	5.90e-01
 1.37792e+16	2.55e-04	4.40e-01	5.60e-01
 1.38253e+16	2.82e-04	4.69e-01	5.30e-01
 1.38782e+16	3.14e-04	5.04e-01	4.95e-01
 1.39368e+16	3.52e-04	5.43e-01	4.56e-01
 1.39915e+16	3.91e-04	5.80e-01	4.20e-01
 1.40512e+16	4.37e-04	6.21e-01	3.79e-01
 1.41167e+16	4.88e-04	6.63e-01	3.37e-01
 1.41782e+16	5.38e-04	7.01e-01	2.99e-01
 1.42466e+16	5.94e-04	7.40e-01	2.59e-01
 1.43356e+16	6.66e-04	7.85e-01	2.14e-01
 1.44298e+16	7.39e-04	8.25e-01	1.74e-01
 1.45157e+16	8.04e-04	8.55e-01	1.44e-01
 1.45851e+16	8.54e-04	8.75e-01	1.25e-01
 1.46376e+16	8.91e-04	8.88e-01	1.11e-01
 1.46950e+16	9.32e-04	9.01e-01	9.79e-02
 1.47696e+16	9.84e-04	9.16e-01	8.32e-02
 1.48508e+16	1.04e-03	9.29e-01	7.04e-02
 1.49234e+16	1.09e-03	9.38e-01	6.09e-02
 1.50010e+16	1.14e-03	9.47e-01	5.21e-02
 1.50866e+16	1.20e-03	9.55e-01	4.42e-02
 1.51596e+16	1.26e-03	9.60e-01	3.88e-02
 1.52186e+16	1.30e-03	9.64e-01	3.49e-02
 1.52825e+16	1.35e-03	9.68e-01	3.10e-02
 1.53544e+16	1.41e-03	9.71e-01	2.74e-02
 1.54214e+16	1.47e-03	9.74e-01	2.45e-02
 1.54802e+16	1.53e-03	9.76e-01	2.23e-02
 1.55439e+16	1.59e-03	9.78e-01	2.00e-02
 1.56127e+16	1.66e-03	9.80e-01	1.80e-02
 1.56728e+16	1.73e-03	9.82e-01	1.64e-02
 1.57256e+16	1.80e-03	9.83e-01	1.52e-02
 1.57844e+16	1.87e-03	9.84e-01	1.38e-02
 1.58485e+16	1.97e-03	9.85e-01	1.26e-02
 1.59050e+16	2.05e-03	9.86e-01	1.16e-02
 1.59541e+16	2.14e-03	9.87e-01	1.08e-02
 1.60083e+16	2.24e-03	9.88e-01	1.00e-02
 1.60673e+16	2.36e-03	9.88e-01	9.25e-03
 1.61192e+16	2.47e-03	9.89e-01	8.63e-03
 1.61652e+16	2.58e-03	9.89e-01	8.13e-03
 1.62165e+16	2.71e-03	9.90e-01	7.57e-03
 1.62723e+16	2.87e-03	9.90e-01	7.04e-03
 1.63212e+16	3.03e-03	9.90e-01	6.62e-03
 1.63642e+16	3.17e-03	9.91e-01	6.28e-03
 1.64118e+16	3.36e-03	9.91e-01	5.89e-03
 1.64641e+16	3.58e-03	9.91e-01	5.51e-03
 1.65112e+16	3.80e-03	9.91e-01	5.21e-03
 1.65532e+16	4.02e-03	9.91e-01	4.96e-03
 1.65998e+16	4.29e-03	9.91e-01	4.68e-03
 1.66514e+16	4.63e-03	9.91e-01	4.40e-03
 1.66985e+16	4.99e-03	9.91e-01	4.17e-03
 1.67416e+16	5.37e-03	9.91e-01	3.96e-03
 1.67903e+16	5.85e-03	9.90e-01	3.73e-03
 1.68428e+16	6.47e-03	9.90e-01	3.52e-03
 1.68874e+16	7.10e-03	9.90e-01	3.34e-03
 1.69250e+16	7.69e-03	9.89e-01	3.22e-03
 1.69662e+16	8.46e-03	9.88e-01	3.07e-03
 1.70080e+16	9.39e-03	9.88e-01	2.94e-03
 1.70399e+16	1.03e-02	9.87e-01	2.84e-03
 1.70654e+16	1.10e-02	9.86e-01	2.77e-03
 1.70931e+16	1.20e-02	9.85e-01	2.69e-03
 1.71242e+16	1.32e-02	9.84e-01	2.61e-03
 1.71524e+16	1.46e-02	9.83e-01	2.54e-03
 1.71762e+16	1.58e-02	9.82e-01	2.49e-03
 1.72015e+16	1.75e-02	9.80e-01	2.43e-03
 1.72287e+16	1.95e-02	9.78e-01	2.38e-03
 1.72518e+16	2.16e-02	9.76e-01	2.33e-03
 1.72711e+16	2.36e-02	9.74e-01	2.31e-03
 1.72917e+16	2.61e-02	9.72e-01	2.27e-03
 1.73146e+16	2.93e-02	9.68e-01	2.25e-03
 1.73354e+16	3.27e-02	9.65e-01	2.23e-03
 1.73536e+16	3.63e-02	9.61e-01	2.22e-03
 1.73735e+16	4.09e-02	9.57e-01	2.21e-03
 1.73946e+16	4.67e-02	9.51e-01	2.21e-03
 1.74121e+16	5.27e-02	9.45e-01	2.22e-03
 1.74264e+16	5.81e-02	9.40e-01	2.24e-03
 1.74407e+16	6.44e-02	9.33e-01	2.25e-03
 1.74567e+16	7.26e-02	9.25e-01	2.28e-03
 1.74725e+16	8.20e-02	9.16e-01	2.32e-03
 1.74858e+16	9.15e-02	9.06e-01	2.34e-03
 1.74972e+16	1.00e-01	8.97e-01	2.39e-03
 1.75076e+16	1.10e-01	8.88e-01	2.42e-03
 1.75173e+16	1.19e-01	8.78e-01	2.46e-03
 1.75249e+16	1.27e-01	8.70e-01	2.49e-03
 1.75299e+16	1.33e-01	8.65e-01	2.51e-03
 1.75344e+16	1.38e-01	8.59e-01	2.53e-03
 1.75397e+16	1.45e-01	8.52e-01	2.55e-03
 1.75454e+16	1.53e-01	8.44e-01	2.58e-03
 1.75510e+16	1.61e-01	8.37e-01	2.60e-03
 1.75562e+16	1.69e-01	8.29e-01	2.63e-03
 1.75614e+16	1.77e-01	8.20e-01	2.65e-03
 1.75666e+16	1.86e-01	8.12e-01	2.69e-03
 1.75717e+16	1.95e-01	8.03e-01	2.71e-03
 1.75768e+16	2.04e-01	7.93e-01	2.74e-03
 1.75818e+16	2.14e-01	7.83e-01	2.76e-03
 1.75868e+16	2.24e-01	7.73e-01	2.79e-03
 1.75917e+16	2.35e-01	7.62e-01	2.81e-03
 1.75966e+16	2.46e-01	7.51e-01	2.84e-03
 1.76014e+16	2.58e-01	7.39e-01	2.87e-03
 1.76063e+16	2.70e-01	7.27e-01	2.89e-03
 1.76110e+16	2.82e-01	7.15e-01	2.91e-03
 1.76156e+16	2.95e-01	7.02e-01	2.93e-03
 1.76203e+16	3.08e-01	6.89e-01	2.96e-03
 1.76249e+16	3.22e-01	6.75e-01	2.98e-03
 1.76295e+16	3.36e-01	6.61e-01	2.99e-03
 1.76340e+16	3.50e-01	6.47e-01	3.02e-03
 1.76384e+16	3.64e-01	6.33e-01	3.03e-03
 1.76429e+16	3.80e-01	6.17e-01	3.04e-03
 1.76473e+16	3.95e-01	6.02e-01	3.05e-03
 1.76516e+16	4.10e-01	5.87e-01	3.06e-03
 1.76559e+16	4.26e-01	5.71e-01	3.06e-03
 1.76602e+16	4.41e-01	5.55e-01	3.07e-03
 1.76644e+16	4.58e-01	5.39e-01	3.07e-03
 1.76686e+16	4.74e-01	5.23e-01	3.07e-03
 1.76726e+16	4.89e-01	5.07e-01	3.06e-03
 1.76766e+16	5.05e-01	4.91e-01	3.05e-03
 1.76806e+16	5.21e-01	4.76e-01	3.04e-03
 1.76845e+16	5.37e-01	4.60e-01	3.03e-03
 1.76883e+16	5.52e-01	4.45e-01	3.02e-03
 1.76920e+16	5.67e-01	4.30e-01	3.00e-03
 1.76957e+16	5.82e-01	4.15e-01	2.98e-03
 1.76993e+16	5.97e-01	4.00e-01	2.96e-03
 1.77029e+16	6.11e-01	3.86e-01	2.93e-03
 1.77065e+16	6.25e-01	3.72e-01	2.90e-03
 1.77100e+16	6.39e-01	3.58e-01	2.87e-03
 1.77135e+16	6.53e-01	3.44e-01	2.83e-03
 1.77169e+16	6.66e-01	3.31e-01	2.79e-03
 1.77204e+16	6.79e-01	3.18e-01	2.75e-03
 1.77238e+16	6.91e-01	3.06e-01	2.71e-03
 1.77271e+16	7.04e-01	2.94e-01	2.67e-03
 1.77305e+16	7.16e-01	2.82e-01	2.62e-03
 1.77339e+16	7.27e-01	2.70e-01	2.57e-03
 1.77373e+16	7.39e-01	2.59e-01	2.52e-03
 1.77407e+16	7.50e-01	2.48e-01	2.47e-03
 1.77441e+16	7.60e-01	2.37e-01	2.42e-03
 1.77471e+16	7.69e-01	2.28e-01	2.37e-03
 1.77495e+16	7.77e-01	2.21e-01	2.33e-03
 1.77518e+16	7.83e-01	2.14e-01	2.28e-03
 1.77541e+16	7.90e-01	2.08e-01	2.24e-03
 1.77566e+16	7.97e-01	2.01e-01	2.20e-03
 1.77590e+16	8.03e-01	1.95e-01	2.16e-03
 1.77612e+16	8.09e-01	1.89e-01	2.11e-03
 1.77634e+16	8.15e-01	1.83e-01	2.07e-03
 1.77656e+16	8.20e-01	1.78e-01	2.04e-03
 1.77677e+16	8.25e-01	1.73e-01	2.00e-03
 1.77698e+16	8.30e-01	1.69e-01	1.96e-03
 1.77719e+16	8.34e-01	1.64e-01	1.92e-03
 1.77739e+16	8.38e-01	1.60e-01	1.89e-03
 1.77760e+16	8.43e-01	1.56e-01	1.85e-03
 1.77780e+16	8.47e-01	1.52e-01	1.82e-03
 1.77800e+16	8.50e-01	1.48e-01	1.78e-03
 1.77820e+16	8.54e-01	1.44e-01	1.75e-03
 1.77840e+16	8.58e-01	1.41e-01	1.72e-03
 1.77860e+16	8.61e-01	1.37e-01	1.69e-03
 1.77880e+16	8.65e-01	1.34e-01	1.65e-03
 1.77900e+16	8.68e-01	1.31e-01	1.62e-03
 1.77921e+16	8.71e-01	1.28e-01	1.59e-03
 1.77942e+16	8.74e-01	1.25e-01	1.56e-03
 1.77963e+16	8.77e-01	1.22e-01	1.53e-03
 1.77983e+16	8.80e-01	1.19e-01	1.50e-03
 1.78005e+16	8.82e-01	1.16e-01	1.47e-03
 1.78029e+16	8.85e-01	1.13e-01	1.44e-03
 1.78053e+16	8.88e-01	1.11e-01	1.41e-03
 1.78077e+16	8.91e-01	1.08e-01	1.38e-03
 1.78103e+16	8.93e-01	1.05e-01	1.35e-03
 1.78132e+16	8.96e-01	1.02e-01	1.31e-03
 1.78162e+16	8.99e-01	9.98e-02	1.28e-03
 1.78196e+16	9.02e-01	9.69e-02	1.25e-03
 1.78235e+16	9.05e-01	9.40e-02	1.21e-03
 1.78280e+16	9.08e-01	9.09e-02	1.17e-03
 1.78335e+16	9.11e-01	8.76e-02	1.13e-03
 1.78398e+16	9.15e-01	8.43e-02	1.09e-03
 1.78466e+16	9.18e-01	8.13e-02	1.05e-03
 1.78538e+16	9.20e-01	7.86e-02	1.01e-03
 1.78618e+16	9.23e-01	7.60e-02	9.71e-04
 1.78699e+16	9.25e-01	7.39e-02	9.39e-04
 1.78773e+16	9.27e-01	7.23e-02	9.13e-04
 1.78853e+16	9.28e-01	7.07e-02	8.85e-04
 1.78958e+16	9.30e-01	6.90e-02	8.56e-04
 1.79072e+16	9.32e-01	6.76e-02	8.31e-04
 1.79175e+16	9.33e-01	6.65e-02	8.09e-04
 1.79288e+16	9.34e-01	6.53e-02	7.84e-04
 1.79435e+16	9.35e-01	6.41e-02	7.59e-04
 1.79594e+16	9.36e-01	6.30e-02	7.34e-04
 1.79738e+16	9.37e-01	6.20e-02	7.12e-04
 1.79896e+16	9.38e-01	6.10e-02	6.89e-04
 1.80067e+16	9.39e-01	5.99e-02	6.66e-04
 1.80223e+16	9.40e-01	5.90e-02	6.45e-04
 1.80393e+16	9.41e-01	5.79e-02	6.21e-04
 1.80577e+16	9.42e-01	5.70e-02	6.00e-04
 1.80744e+16	9.43e-01	5.60e-02	5.80e-04
 1.80897e+16	9.44e-01	5.52e-02	5.63e-04
 1.81063e+16	9.45e-01	5.43e-02	5.43e-04
 1.81244e+16	9.46e-01	5.33e-02	5.24e-04
 1.81408e+16	9.47e-01	5.25e-02	5.07e-04
 1.81557e+16	9.48e-01	5.17e-02	4.91e-04
 1.81692e+16	9.49e-01	5.10e-02	4.78e-04
 1.81841e+16	9.49e-01	5.02e-02	4.62e-04
 1.82002e+16	9.50e-01	4.94e-02	4.47e-04
 1.82148e+16	9.51e-01	4.87e-02	4.34e-04
 1.82281e+16	9.52e-01	4.80e-02	4.22e-04
 1.82402e+16	9.52e-01	4.74e-02	4.10e-04
 1.82512e+16	9.53e-01	4.69e-02	4.02e-04
 1.82633e+16	9.53e-01	4.63e-02	3.90e-04
 1.82790e+16	9.54e-01	4.55e-02	3.77e-04
 1.82959e+16	9.55e-01	4.47e-02	3.64e-04
 1.83113e+16	9.56e-01	4.40e-02	3.52e-04
 1.83254e+16	9.56e-01	4.33e-02	3.41e-04
 1.83381e+16	9.57e-01	4.27e-02	3.32e-04
 1.83497e+16	9.57e-01	4.22e-02	3.23e-04
 1.83625e+16	9.58e-01	4.16e-02	3.14e-04
 1.83762e+16	9.59e-01	4.10e-02	3.05e-04
 1.83887e+16	9.59e-01	4.05e-02	2.97e-04
 1.84001e+16	9.60e-01	4.00e-02	2.89e-04
 1.84126e+16	9.60e-01	3.94e-02	2.81e-04
 1.84260e+16	9.61e-01	3.88e-02	2.73e-04
 1.84383e+16	9.61e-01	3.83e-02	2.66e-04
 1.84494e+16	9.62e-01	3.79e-02	2.60e-04
 1.84616e+16	9.62e-01	3.73e-02	2.52e-04
 1.84748e+16	9.63e-01	3.68e-02	2.46e-04
 1.84868e+16	9.63e-01	3.64e-02	2.39e-04
 1.85000e+16	9.64e-01	3.58e-02	2.32e-04
 1.85142e+16	9.64e-01	3.53e-02	2.25e-04
 1.85271e+16	9.65e-01	3.48e-02	2.19e-04
 1.85388e+16	9.65e-01	3.44e-02	2.14e-04
 1.85517e+16	9.66e-01	3.39e-02	2.08e-04
 1.85656e+16	9.66e-01	3.34e-02	2.02e-04
 1.85783e+16	9.67e-01	3.30e-02	1.97e-04
 1.85922e+16	9.67e-01	3.25e-02	1.91e-04
 1.86071e+16	9.68e-01	3.20e-02	1.85e-04
 1.86207e+16	9.68e-01	3.16e-02	1.80e-04
 1.86357e+16	9.69e-01	3.11e-02	1.75e-04
 1.86518e+16	9.69e-01	3.06e-02	1.69e-04
 1.86665e+16	9.70e-01	3.01e-02	1.64e-04
 1.86798e+16	9.70e-01	2.97e-02	1.60e-04
 1.86944e+16	9.71e-01	2.93e-02	1.55e-04
 1.87102e+16	9.71e-01	2.88e-02	1.51e-04
 1.87246e+16	9.71e-01	2.84e-02	1.47e-04
 1.87403e+16	9.72e-01	2.80e-02	1.42e-04
 1.87573e+16	9.72e-01	2.75e-02	1.37e-04
 1.87728e+16	9.73e-01	2.71e-02	1.33e-04
 1.87869e+16	9.73e-01	2.68e-02	1.30e-04
 1.88023e+16	9.74e-01	2.63e-02	1.26e-04
 1.88190e+16	9.74e-01	2.59e-02	1.22e-04
 1.88341e+16	9.74e-01	2.56e-02	1.19e-04
 1.88507e+16	9.75e-01	2.52e-02	1.15e-04
 1.88686e+16	9.75e-01	2.47e-02	1.11e-04
 1.88850e+16	9.76e-01	2.44e-02	1.08e-04
 1.89028e+16	9.76e-01	2.40e-02	1.04e-04
 1.89221e+16	9.76e-01	2.35e-02	1.01e-04
 1.89397e+16	9.77e-01	2.32e-02	9.77e-05
 1.89557e+16	9.77e-01	2.28e-02	9.49e-05
 1.89732e+16	9.77e-01	2.25e-02	9.19e-05
 1.89921e+16	9.78e-01	2.21e-02	8.90e-05
 1.90093e+16	9.78e-01	2.18e-02	8.63e-05
 1.90281e+16	9.79e-01	2.14e-02	8.34e-05
 1.90485e+16	9.79e-01	2.10e-02	8.06e-05
 1.90670e+16	9.79e-01	2.07e-02	7.81e-05
 1.90873e+16	9.80e-01	2.03e-02	7.53e-05
 1.91092e+16	9.80e-01	1.99e-02	7.26e-05
 1.91292e+16	9.80e-01	1.96e-02	7.02e-05
 1.91510e+16	9.81e-01	1.92e-02	6.76e-05
 1.91746e+16	9.81e-01	1.89e-02	6.51e-05
 1.91961e+16	9.81e-01	1.85e-02	6.28e-05
 1.92156e+16	9.82e-01	1.82e-02	6.09e-05
 1.92370e+16	9.82e-01	1.79e-02	5.87e-05
 1.92601e+16	9.82e-01	1.76e-02	5.66e-05
 1.92811e+16	9.83e-01	1.73e-02	5.48e-05
 1.93042e+16	9.83e-01	1.70e-02	5.27e-05
 1.93290e+16	9.83e-01	1.66e-02	5.08e-05
 1.93517e+16	9.84e-01	1.63e-02	4.90e-05
 1.93765e+16	9.84e-01	1.60e-02	4.71e-05
 1.94032e+16	9.84e-01	1.57e-02	4.53e-05
 1.94276e+16	9.85e-01	1.54e-02	4.37e-05
 1.94543e+16	9.85e-01	1.51e-02	4.19e-05
 1.94831e+16	9.85e-01	1.48e-02	4.01e-05
 1.95094e+16	9.85e-01	1.45e-02	3.86e-05
 1.95381e+16	9.86e-01	1.42e-02	3.70e-05
 1.95692e+16	9.86e-01	1.38e-02	3.54e-05
 1.95974e+16	9.86e-01	1.36e-02	3.40e-05
 1.96231e+16	9.87e-01	1.33e-02	3.28e-05
 1.96513e+16	9.87e-01	1.30e-02	3.15e-05
 1.96817e+16	9.87e-01	1.28e-02	3.02e-05
 1.97093e+16	9.87e-01	1.25e-02	2.90e-05
 1.97396e+16	9.88e-01	1.22e-02	2.78e-05
 1.97724e+16	9.88e-01	1.20e-02	2.66e-05
 1.98022e+16	9.88e-01	1.17e-02	2.56e-05
 1.98348e+16	9.89e-01	1.15e-02	2.44e-05
 1.98700e+16	9.89e-01	1.12e-02	2.33e-05
 1.99021e+16	9.89e-01	1.10e-02	2.24e-05
 1.99372e+16	9.89e-01	1.07e-02	2.13e-05
 1.99751e+16	9.90e-01	1.04e-02	2.03e-05
 2.00097e+16	9.90e-01	1.02e-02	1.94e-05
 2.00475e+16	9.90e-01	9.96e-03	1.85e-05
 2.00883e+16	9.90e-01	9.70e-03	1.76e-05
 2.01255e+16	9.91e-01	9.48e-03	1.68e-05
 2.01662e+16	9.91e-01	9.23e-03	1.59e-05
 2.02101e+16	9.91e-01	8.99e-03	1.51e-05
 2.02501e+16	9.91e-01	8.77e-03	1.44e-05
 2.02940e+16	9.91e-01	8.53e-03	1.36e-05
 2.03413e+16	9.92e-01	8.29e-03	1.29e-05
 2.03844e+16	9.92e-01	8.09e-03	1.23e-05
 2.04316e+16	9.92e-01	7.85e-03	1.16e-05
 2.04825e+16	9.92e-01	7.62e-03	1.09e-05
 2.05383e+16	9.93e-01	7.37e-03	1.02e-05
 2.06075e+16	9.93e-01	7.07e-03	9.42e-06
 2.06829e+16	9.93e-01	6.77e-03	8.65e-06
 2.07586e+16	9.93e-01	6.49e-03	7.96e-06
 2.08363e+16	9.94e-01	6.22e-03	7.31e-06
 2.09173e+16	9.94e-01	5.95e-03	6.69e-06
 2.10015e+16	9.94e-01	5.68e-03	6.11e-06
 2.10886e+16	9.95e-01	5.42e-03	5.58e-06
 2.11788e+16	9.95e-01	5.17e-03	5.07e-06
 2.12717e+16	9.95e-01	4.93e-03	4.61e-06
 2.13664e+16	9.95e-01	4.69e-03	4.19e-06
 2.14627e+16	9.96e-01	4.47e-03	3.81e-06
 2.15606e+16	9.96e-01	4.26e-03	3.45e-06
 2.16604e+16	9.96e-01	4.05e-03	3.13e-06
 2.17621e+16	9.96e-01	3.85e-03	2.84e-06
 2.18656e+16	9.96e-01	3.67e-03	2.57e-06
 2.19710e+16	9.97e-01	3.49e-03	2.33e-06
 2.20768e+16	9.97e-01	3.32e-03	2.11e-06
 2.21841e+16	9.97e-01	3.16e-03	1.91e-06
 2.22952e+16	9.97e-01	3.00e-03	1.72e-06
 2.24091e+16	9.97e-01	2.84e-03	1.55e-06
 2.25246e+16	9.97e-01	2.70e-03	1.40e-06
 2.26421e+16	9.97e-01	2.56e-03	1.26e-06
 2.27619e+16	9.98e-01	2.43e-03	1.13e-06
 2.28839e+16	9.98e-01	2.30e-03	1.02e-06
 2.30082e+16	9.98e-01	2.18e-03	9.16e-07
 2.31350e+16	9.98e-01	2.06e-03	8.21e-07
 2.32642e+16	9.98e-01	1.95e-03	7.35e-07
 2.33961e+16	9.98e-01	1.84e-03	6.57e-07
 2.35307e+16	9.98e-01	1.74e-03	5.87e-07
 2.36680e+16	9.98e-01	1.64e-03	5.24e-07
 2.38082e+16	9.98e-01	1.55e-03	4.66e-07
 2.39514e+16	9.99e-01	1.46e-03	4.15e-07
 2.40977e+16	9.99e-01	1.38e-03	3.68e-07
 2.42472e+16	9.99e-01	1.30e-03	3.26e-07
 2.44002e+16	9.99e-01	1.22e-03	2.88e-07
 2.45567e+16	9.99e-01	1.14e-03	2.55e-07
 2.47170e+16	9.99e-01	1.07e-03	2.24e-07
 2.48813e+16	9.99e-01	1.01e-03	1.97e-07
 2.50498e+16	9.99e-01	9.41e-04	1.73e-07
 2.52228e+16	9.99e-01	8.80e-04	1.51e-07
 2.54005e+16	9.99e-01	8.21e-04	1.32e-07
 2.55831e+16	9.99e-01	7.66e-04	1.14e-07
 2.57711e+16	9.99e-01	7.13e-04	9.93e-08
 2.59610e+16	9.99e-01	6.64e-04	8.61e-08
 2.61559e+16	9.99e-01	6.17e-04	7.43e-08
 2.63626e+16	9.99e-01	5.71e-04	6.36e-08
 2.65784e+16	9.99e-01	5.26e-04	5.42e-08
 2.68011e+16	1.00e+00	4.85e-04	4.59e-08
 2.70317e+16	1.00e+00	4.45e-04	3.87e-08
 2.72721e+16	1.00e+00	4.08e-04	3.25e-08
 2.75237e+16	1.00e+00	3.72e-04	2.70e-08
 2.77873e+16	1.00e+00	3.38e-04	2.23e-08
 2.80650e+16	1.00e+00	3.06e-04	1.83e-08
 2.83583e+16	1.00e+00	2.75e-04	1.48e-08
 2.86684e+16	1.00e+00	2.46e-04	1.18e-08
 2.90004e+16	1.00e+00	2.19e-04	9.35e-09
 2.93571e+16	1.00e+00	1.93e-04	7.27e-09
 2.97400e+16	1.00e+00	1.69e-04	5.55e-09
 3.01554e+16	1.00e+00	1.46e-04	4.15e-09
 3.06122e+16	1.00e+00	1.25e-04	3.02e-09
 3.11209e+16	1.00e+00	1.05e-04	2.13e-09
 3.16893e+16	1.00e+00	8.62e-05	1.45e-09
 3.23423e+16	1.00e+00	6.90e-05	9.27e-10
 3.30771e+16	1.00e+00	5.41e-05	5.69e-10
 3.38365e+16	1.00e+00	4.23e-05	3.48e-10
 3.45863e+16	1.00e+00	3.33e-05	2.16e-10
 3.53326e+16	1.00e+00	2.63e-05	1.35e-10
 3.60891e+16	1.00e+00	2.07e-05	8.45e-11
 3.68594e+16	1.00e+00	1.64e-05	5.28e-11
 3.76439e+16	1.00e+00	1.29e-05	3.30e-11
 3.84443e+16	1.00e+00	1.02e-05	2.06e-11
 3.92593e+16	1.00e+00	8.03e-06	1.29e-11
 4.00918e+16	1.00e+00	6.32e-06	8.00e-12
 4.09442e+16	1.00e+00	4.98e-06	4.97e-12
 4.18133e+16	1.00e+00	3.92e-06	3.09e-12
 4.27067e+16	1.00e+00	3.08e-06	1.91e-12
 4.36269e+16	1.00e+00	2.41e-06	1.18e-12
 4.45698e+16	1.00e+00	1.89e-06	7.23e-13
 4.55421e+16	1.00e+00	1.47e-06	4.41e-13
 4.65492e+16	1.00e+00	1.14e-06	2.67e-13
 4.75922e+16	1.00e+00	8.85e-07	1.61e-13
 4.86747e+16	1.00e+00	6.83e-07	9.56e-14
 4.98045e+16	1.00e+00	5.23e-07	5.62e-14
 5.09916e+16	1.00e+00	3.98e-07	3.26e-14
 5.22463e+16	1.00e+00	2.99e-07	1.85e-14
 5.35831e+16	1.00e+00	2.23e-07	1.03e-14
 5.50215e+16	1.00e+00	1.63e-07	5.51e-15
 5.65515e+16	1.00e+00	1.18e-07	2.90e-15
 5.81175e+16	1.00e+00	8.59e-08	1.54e-15
 5.96835e+16	1.00e+00	6.30e-08	8.25e-16
 6.12494e+16	1.00e+00	4.65e-08	4.50e-16
 6.28154e+16	1.00e+00	3.46e-08	2.49e-16
 6.43813e+16	1.00e+00	2.59e-08	1.40e-16
 6.61585e+16	1.00e+00	1.86e-08	7.26e-17
 6.82014e+16	1.00e+00	1.30e-08	3.54e-17
 7.03063e+16	1.00e+00	9.09e-09	1.73e-17
 7.24246e+16	1.00e+00	6.40e-09	8.61e-18
 7.45700e+16	1.00e+00	4.54e-09	4.32e-18
 7.67508e+16	1.00e+00	3.23e-09	2.19e-18
 7.89531e+16	1.00e+00	2.31e-09	1.12e-18
 8.11665e+16	1.00e+00	1.66e-09	5.84e-19
 8.33834e+16	1.00e+00	1.21e-09	3.08e-19
 8.55953e+16	1.00e+00	8.86e-10	1.66e-19
 8.77912e+16	1.00e+00	6.56e-10	9.09e-20
 8.99615e+16	1.00e+00	4.90e-10	5.09e-20
 9.20963e+16	1.00e+00	3.71e-10	2.91e-20
 9.41853e+16	1.00e+00	2.83e-10	1.70e-20
 9.62219e+16	1.00e+00	2.19e-10	1.02e-20
 9.81992e+16	1.00e+00	1.72e-10	6.28e-21
 1.00111e+17	1.00e+00	1.36e-10	0.00e+00
 1.01953e+17	1.00e+00	1.10e-10	0.00e+00
 1.03722e+17	1.00e+00	8.90e-11	0.00e+00
 1.05417e+17	1.00e+00	7.32e-11	0.00e+00
 1.07037e+17	1.00e+00	6.09e-11	0.00e+00
 1.08582e+17	1.00e+00	5.13e-11	0.00e+00
 1.10054e+17	1.00e+00	4.36e-11	0.00e+00
 1.11454e+17	1.00e+00	3.74e-11	0.00e+00
 1.12786e+17	1.00e+00	3.24e-11	0.00e+00
 1.14049e+17	1.00e+00	2.83e-11	0.00e+00
 1.15248e+17	1.00e+00	2.50e-11	0.00e+00
 1.16387e+17	1.00e+00	2.22e-11	0.00e+00
 1.17467e+17	1.00e+00	1.99e-11	0.00e+00
 1.18491e+17	1.00e+00	1.79e-11	0.00e+00
 1.19463e+17	1.00e+00	1.63e-11	0.00e+00
 1.20384e+17	1.00e+00	1.48e-11	0.00e+00
 1.21257e+17	1.00e+00	1.36e-11	0.00e+00
 1.22086e+17	1.00e+00	1.26e-11	0.00e+00
 1.22873e+17	1.00e+00	1.16e-11	0.00e+00
 1.23620e+17	1.00e+00	1.08e-11	0.00e+00
 1.24328e+17	1.00e+00	1.01e-11	0.00e+00
 1.25000e+17	1.00e+00	9.51e-12	0.00e+00
 1.25638e+17	1.00e+00	8.97e-12	0.00e+00
 1.26245e+17	1.00e+00	8.48e-12	0.00e+00
 1.26821e+17	1.00e+00	8.04e-12	0.00e+00
 1.27369e+17	1.00e+00	7.65e-12	0.00e+00
 1.27891e+17	1.00e+00	7.30e-12	0.00e+00
 1.28387e+17	1.00e+00	6.98e-12	0.00e+00
 1.28859e+17	1.00e+00	6.70e-12	0.00e+00
 1.29309e+17	1.00e+00	6.44e-12	0.00e+00
 1.29738e+17	1.00e+00	6.20e-12	0.00e+00
 1.30147e+17	1.00e+00	5.98e-12	0.00e+00
 1.30537e+17	1.00e+00	5.79e-12	0.00e+00
 1.30910e+17	1.00e+00	5.60e-12	0.00e+00
 1.31266e+17	1.00e+00	5.44e-12	0.00e+00
 1.31607e+17	1.00e+00	5.29e-12	0.00e+00
 1.31934e+17	1.00e+00	5.14e-12	0.00e+00
 1.32247e+17	1.00e+00	5.01e-12	0.00e+00
 1.32548e+17	1.00e+00	4.89e-12	0.00e+00
 1.32837e+17	1.00e+00	4.77e-12	0.00e+00
 1.33115e+17	1.00e+00	4.66e-12	0.00e+00
 1.33384e+17	1.00e+00	4.56e-12	0.00e+00
 1.33643e+17	1.00e+00	4.46e-12	0.00e+00
 1.33895e+17	1.00e+00	4.38e-12	0.00e+00
 1.34138e+17	1.00e+00	4.29e-12	0.00e+00
 1.34376e+17	1.00e+00	4.21e-12	0.00e+00
 1.34607e+17	1.00e+00	4.13e-12	0.00e+00
 1.34834e+17	1.00e+00	4.06e-12	0.00e+00
 1.35056e+17	1.00e+00	3.98e-12	0.00e+00
 1.35276e+17	1.00e+00	3.92e-12	0.00e+00
 1.35493e+17	1.00e+00	3.85e-12	0.00e+00
 1.35710e+17	1.00e+00	3.78e-12	0.00e+00
 1.35927e+17	1.00e+00	3.72e-12	0.00e+00
 1.36146e+17	1.00e+00	3.66e-12	0.00e+00
 1.36368e+17	1.00e+00	3.60e-12	0.00e+00
 1.36595e+17	1.00e+00	3.53e-12	0.00e+00
 1.36831e+17	1.00e+00	3.47e-12	0.00e+00
 1.37077e+17	1.00e+00	3.40e-12	0.00e+00
 1.37338e+17	1.00e+00	3.34e-12	0.00e+00
 1.37619e+17	1.00e+00	3.26e-12	0.00e+00
 1.37926e+17	1.00e+00	3.19e-12	0.00e+00
 1.38269e+17	1.00e+00	3.11e-12	0.00e+00
 1.38660e+17	1.00e+00	3.02e-12	0.00e+00
 1.39121e+17	1.00e+00	2.91e-12	0.00e+00
 1.39679e+17	1.00e+00	2.79e-12	0.00e+00
 1.40382e+17	1.00e+00	2.65e-12	0.00e+00
 1.41291e+17	1.00e+00	2.48e-12	0.00e+00
 1.42473e+17	1.00e+00	2.27e-12	0.00e+00
 1.44009e+17	1.00e+00	2.04e-12	0.00e+00
 1.46005e+17	1.00e+00	1.78e-12	0.00e+00
 1.48601e+17	1.00e+00	1.50e-12	0.00e+00
 1.51976e+17	1.00e+00	1.21e-12	0.00e+00
 1.56126e+17	1.00e+00	9.50e-13	0.00e+00
 1.60677e+17	1.00e+00	7.47e-13	0.00e+00
 1.65985e+17	1.00e+00	5.98e-13	0.00e+00
 1.72365e+17	1.00e+00	4.56e-13	0.00e+00
 1.79260e+17	1.00e+00	3.58e-13	0.00e+00
 1.86430e+17	1.00e+00	2.99e-13	0.00e+00
 1.93888e+17	1.00e+00	2.58e-13	0.00e+00
 2.01643e+17	1.00e+00	2.25e-13	0.00e+00
 2.09709e+17	1.00e+00	1.98e-13	0.00e+00
 2.18097e+17	1.00e+00	1.75e-13	0.00e+00
 2.26821e+17	1.00e+00	1.53e-13	0.00e+00
 2.35894e+17	1.00e+00	1.33e-13	0.00e+00
 2.45330e+17	1.00e+00	1.15e-13	0.00e+00
 2.54553e+17	1.00e+00	9.78e-14	0.00e+00
 2.62706e+17	1.00e+00	9.26e-14	0.00e+00
 2.69730e+17	1.00e+00	9.38e-14	0.00e+00
 2.76163e+17	1.00e+00	9.28e-14	0.00e+00
 2.82461e+17	1.00e+00	8.68e-14	0.00e+00
 2.88612e+17	1.00e+00	7.79e-14	0.00e+00
 2.94011e+17	1.00e+00	7.00e-14	0.00e+00
 2.97849e+17	1.00e+00	6.73e-14	0.00e+00
 3.00028e+17	1.00e+00	6.87e-14	0.00e+00
 3.01209e+17	1.00e+00	7.02e-14	0.00e+00
 3.01919e+17	1.00e+00	7.10e-14	0.00e+00
 3.02344e+17	1.00e+00	7.15e-14	0.00e+00
 3.02643e+17	1.00e+00	7.18e-14	0.00e+00
 3.02950e+17	1.00e+00	7.19e-14	0.00e+00
 3.03307e+17	1.00e+00	7.21e-14	0.00e+00
 3.03676e+17	1.00e+00	7.21e-14	0.00e+00
 3.03993e+17	1.00e+00	7.21e-14	0.00e+00
 3.04257e+17	1.00e+00	7.20e-14	0.00e+00
 3.04500e+17	1.00e+00	7.20e-14	0.00e+00
 3.04741e+17	1.00e+00	7.19e-14	0.00e+00
 3.04990e+17	1.00e+00	7.17e-14	0.00e+00
 3.05228e+17	1.00e+00	7.16e-14	0.00e+00
 3.05439e+17	1.00e+00	7.14e-14	0.00e+00
 3.05628e+17	1.00e+00	7.13e-14	0.00e+00
 3.05809e+17	1.00e+00	7.11e-14	0.00e+00
 3.05998e+17	1.00e+00	7.10e-14	0.00e+00
 3.06186e+17	1.00e+00	7.07e-14	0.00e+00
 3.06356e+17	1.00e+00	7.05e-14	0.00e+00
 3.06504e+17	1.00e+00	7.04e-14	0.00e+00
 3.06649e+17	1.00e+00	7.02e-14	0.00e+00
 3.06800e+17	1.00e+00	7.00e-14	0.00e+00
 3.06946e+17	1.00e+00	6.98e-14	0.00e+00
 3.07086e+17	1.00e+00	6.96e-14	0.00e+00
 3.07219e+17	1.00e+00	6.94e-14	0.00e+00
 3.07342e+17	1.00e+00	6.92e-14	0.00e+00
 3.07461e+17	1.00e+00	6.91e-14	0.00e+00
 3.07586e+17	1.00e+00	6.89e-14	0.00e+00
 3.07716e+17	1.00e+00	6.86e-14	0.00e+00
 3.07841e+17	1.00e+00	6.84e-14	0.00e+00
 3.07957e+17	1.00e+00	6.82e-14	0.00e+00
 3.08073e+17	1.00e+00	6.80e-14	0.00e+00
 3.08190e+17	1.00e+00	6.78e-14	0.00e+00
 3.08303e+17	1.00e+00	6.75e-14	0.00e+00
 3.08414e+17	1.00e+00	6.73e-14	0.00e+00
 3.08531e+17	1.00e+00	6.71e-14	0.00e+00
 3.08652e+17	1.00e+00	6.68e-14	0.00e+00
 3.08770e+17	1.00e+00	6.66e-14	0.00e+00
 3.08882e+17	1.00e+00	6.64e-14	0.00e+00
 3.08998e+17	1.00e+00	6.61e-14	0.00e+00
 3.09120e+17	1.00e+00	6.58e-14	0.00e+00
 3.09244e+17	1.00e+00	6.55e-14	0.00e+00
 3.09367e+17	1.00e+00	6.52e-14	0.00e+00
 3.09490e+17	1.00e+00	6.49e-14	0.00e+00
 3.09614e+17	1.00e+00	6.46e-14	0.00e+00
 3.09741e+17	1.00e+00	6.43e-14	0.00e+00
 3.09872e+17	1.00e+00	6.40e-14	0.00e+00
 3.10010e+17	1.00e+00	6.37e-14	0.00e+00
 3.10155e+17	1.00e+00	6.33e-14	0.00e+00
 3.10296e+17	1.00e+00	6.29e-14	0.00e+00
 3.10434e+17	1.00e+00	6.25e-14	0.00e+00
 3.10584e+17	1.00e+00	6.21e-14	0.00e+00
 3.10742e+17	1.00e+00	6.17e-14	0.00e+00
 3.10902e+17	1.00e+00	6.13e-14	0.00e+00
 3.11061e+17	1.00e+00	6.08e-14	0.00e+00
 3.11219e+17	1.00e+00	6.04e-14	0.00e+00
 3.11386e+17	1.00e+00	5.99e-14	0.00e+00
 3.11562e+17	1.00e+00	5.94e-14	0.00e+00
 3.11738e+17	1.00e+00	5.89e-14	0.00e+00
 3.11909e+17	1.00e+00	5.84e-14	0.00e+00
 3.12094e+17	1.00e+00	5.79e-14	0.00e+00
 3.12297e+17	1.00e+00	5.73e-14	0.00e+00
 3.12506e+17	1.00e+00	5.67e-14	0.00e+00
 3.12712e+17	1.00e+00	5.60e-14	0.00e+00
 3.12914e+17	1.00e+00	5.54e-14	0.00e+00
 3.13120e+17	1.00e+00	5.48e-14	0.00e+00
 3.13336e+17	1.00e+00	5.42e-14	0.00e+00
 3.13568e+17	1.00e+00	5.35e-14	0.00e+00
 3.13810e+17	1.00e+00	5.27e-14	0.00e+00
 3.14054e+17	1.00e+00	5.19e-14	0.00e+00
 3.14285e+17	1.00e+00	5.12e-14	0.00e+00
 3.14534e+17	1.00e+00	5.05e-14	0.00e+00
 3.14807e+17	1.00e+00	4.97e-14	0.00e+00
 3.15092e+17	1.00e+00	4.88e-14	0.00e+00
 3.15382e+17	1.00e+00	4.79e-14	0.00e+00
 3.15658e+17	1.00e+00	4.70e-14	0.00e+00
 3.15938e+17	1.00e+00	4.62e-14	0.00e+00
 3.16243e+17	1.00e+00	4.53e-14	0.00e+00
 3.16571e+17	1.00e+00	4.43e-14	0.00e+00
 3.16890e+17	1.00e+00	4.33e-14	0.00e+00
 3.17198e+17	1.00e+00	4.24e-14	0.00e+00
 3.17523e+17	1.00e+00	4.14e-14	0.00e+00
 3.17877e+17	1.00e+00	4.04e-14	0.00e+00
 3.18242e+17	1.00e+00	3.93e-14	0.00e+00
 3.18598e+17	1.00e+00	3.82e-14	0.00e+00
 3.18954e+17	1.00e+00	3.72e-14	0.00e+00
 3.19327e+17	1.00e+00	3.61e-14	0.00e+00
 3.19718e+17	1.00e+00	3.50e-14	0.00e+00
 3.20122e+17	1.00e+00	3.39e-14	0.00e+00
 3.20530e+17	1.00e+00	3.28e-14	0.00e+00
 3.20940e+17	1.00e+00	3.17e-14	0.00e+00
 3.21359e+17	1.00e+00	3.05e-14	0.00e+00
 3.21790e+17	1.00e+00	2.94e-14	0.00e+00
 3.22243e+17	1.00e+00	2.83e-14	0.00e+00
 3.22708e+17	1.00e+00	2.71e-14	0.00e+00
 3.23177e+17	1.00e+00	2.60e-14	0.00e+00
 3.23651e+17	1.00e+00	2.48e-14	0.00e+00
 3.24131e+17	1.00e+00	2.37e-14	0.00e+00
 3.24643e+17	1.00e+00	2.25e-14	0.00e+00
 3.25162e+17	1.00e+00	2.14e-14	0.00e+00
 3.25667e+17	1.00e+00	2.03e-14	0.00e+00
 3.26184e+17	1.00e+00	1.93e-14	0.00e+00
 3.26757e+17	1.00e+00	1.82e-14	0.00e+00
 3.27397e+17	1.00e+00	1.70e-14	0.00e+00
 3.28036e+17	1.00e+00	1.58e-14	0.00e+00
 3.28631e+17	1.00e+00	1.47e-14	0.00e+00
 3.29201e+17	1.00e+00	1.38e-14	0.00e+00
 3.29815e+17	1.00e+00	1.29e-14	0.00e+00
 3.30489e+17	1.00e+00	1.19e-14	0.00e+00
 3.31129e+17	1.00e+00	1.10e-14	0.00e+00
 3.31658e+17	1.00e+00	1.02e-14	0.00e+00
 3.32098e+17	1.00e+00	9.64e-15	0.00e+00
 3.32512e+17	1.00e+00	9.15e-15	0.00e+00
 3.32939e+17	1.00e+00	8.67e-15	0.00e+00
 3.33373e+17	1.00e+00	8.19e-15	0.00e+00
 3.33783e+17	1.00e+00	7.74e-15	0.00e+00
 3.34157e+17	1.00e+00	7.34e-15	0.00e+00
 3.34504e+17	1.00e+00	7.00e-15	0.00e+00
 3.34841e+17	1.00e+00	6.68e-15	0.00e+00
 3.35175e+17	1.00e+00	6.37e-15	0.00e+00
 3.35501e+17	1.00e+00	6.07e-15	0.00e+00
 3.35810e+17	1.00e+00	5.79e-15	0.00e+00
 3.36103e+17	1.00e+00	5.54e-15	0.00e+00
 3.36383e+17	1.00e+00	5.31e-15	0.00e+00
 3.36655e+17	1.00e+00	5.08e-15	0.00e+00
 3.36920e+17	1.00e+00	4.86e-15	0.00e+00
 3.37176e+17	1.00e+00	4.67e-15	0.00e+00
 3.37421e+17	1.00e+00	4.48e-15	0.00e+00
 3.37653e+17	1.00e+00	4.32e-15	0.00e+00
 3.37880e+17	1.00e+00	4.15e-15	0.00e+00
 3.38104e+17	1.00e+00	3.99e-15	0.00e+00
 3.38320e+17	1.00e+00	3.84e-15	0.00e+00
 3.38527e+17	1.00e+00	3.70e-15	0.00e+00
 3.38728e+17	1.00e+00	3.57e-15	0.00e+00
 3.38925e+17	1.00e+00	3.45e-15	0.00e+00
 3.39119e+17	1.00e+00	3.33e-15	0.00e+00
 3.39308e+17	1.00e+00	3.22e-15	0.00e+00
 3.39492e+17	1.00e+00	3.11e-15	0.00e+00
 3.39671e+17	1.00e+00	3.01e-15	0.00e+00
 3.39873e+17	1.00e+00	2.91e-15	0.00e+00
 3.40137e+17	1.00e+00	2.79e-15	0.00e+00
 3.40480e+17	1.00e+00	2.63e-15	0.00e+00
 3.40926e+17	1.00e+00	2.45e-15	0.00e+00
 3.41505e+17	1.00e+00	2.22e-15	0.00e+00
 3.42259e+17	1.00e+00	1.95e-15	0.00e+00
 3.43126e+17	1.00e+00	1.65e-15	0.00e+00
 3.43921e+17	1.00e+00	1.38e-15	0.00e+00
 3.44537e+17	1.00e+00	1.20e-15	0.00e+00
 3.45038e+17	1.00e+00	1.08e-15	0.00e+00
 3.45538e+17	1.00e+00	9.78e-16	0.00e+00
 3.46104e+17	1.00e+00	8.78e-16	0.00e+00
 3.46720e+17	1.00e+00	7.75e-16	0.00e+00
 3.47325e+17	1.00e+00	6.82e-16	0.00e+00
 3.47888e+17	1.00e+00	6.05e-16	0.00e+00
 3.48430e+17	1.00e+00	5.41e-16	0.00e+00
 3.48992e+17	1.00e+00	4.84e-16	0.00e+00
 3.49596e+17	1.00e+00	4.29e-16	0.00e+00
 3.50233e+17	1.00e+00	3.77e-16	0.00e+00
 3.50888e+17	1.00e+00	3.30e-16	0.00e+00
 3.51561e+17	1.00e+00	2.88e-16	0.00e+00
 3.52276e+17	1.00e+00	2.50e-16	0.00e+00
 3.53069e+17	1.00e+00	2.14e-16	0.00e+00
 3.53979e+17	1.00e+00	1.80e-16	0.00e+00
 3.55050e+17	1.00e+00	1.47e-16	0.00e+00
 3.56370e+17	1.00e+00	1.16e-16	0.00e+00
 3.58068e+17	1.00e+00	8.56e-17	0.00e+00
 3.60275e+17	1.00e+00	5.78e-17	0.00e+00
 3.63145e+17	1.00e+00	3.50e-17	0.00e+00
 3.66875e+17	1.00e+00	1.84e-17	0.00e+00
 3.71724e+17	1.00e+00	8.16e-18	0.00e+00
 3.78028e+17	1.00e+00	2.96e-18	0.00e+00
 3.86223e+17	1.00e+00	9.02e-19	0.00e+00
 3.96877e+17	1.00e+00	2.56e-19	0.00e+00
 4.10727e+17	1.00e+00	6.93e-20	0.00e+00
 4.26926e+17	1.00e+00	1.70e-20	0.00e+00
 4.43270e+17	1.00e+00	4.61e-21	0.00e+00
