#depth	C	C+	C+2	C+3	C+4	C+5	C+6	C[1]	C[2]	C[3]	C+[1]	C+[2]	CO
 1.49634e+10	0.00e+00	2.81e-32	1.41e-22	2.16e-13	1.12e-03	6.67e-01	3.32e-01	0.00e+00	0.00e+00	0.00e+00	0.00e+00	0.00e+00	4.16e-264
 4.54887e+10	7.06e-43	3.97e-32	1.84e-22	2.61e-13	1.24e-03	6.85e-01	3.14e-01	0.00e+00	0.00e+00	0.00e+00	0.00e+00	0.00e+00	3.71e-137
 7.72350e+10	0.00e+00	5.67e-32	2.41e-22	3.16e-13	1.39e-03	7.02e-01	2.97e-01	0.00e+00	0.00e+00	0.00e+00	0.00e+00	0.00e+00	8.43e-195
 1.10251e+11	1.69e-42	8.08e-32	3.17e-22	3.83e-13	1.55e-03	7.18e-01	2.80e-01	0.00e+00	0.00e+00	0.00e+00	0.00e+00	0.00e+00	3.72e-136
 1.44588e+11	0.00e+00	1.15e-31	4.17e-22	4.64e-13	1.73e-03	7.34e-01	2.64e-01	0.00e+00	0.00e+00	0.00e+00	0.00e+00	0.00e+00	1.34e-182
 1.80298e+11	4.04e-42	1.64e-31	5.48e-22	5.61e-13	1.93e-03	7.49e-01	2.49e-01	0.00e+00	0.00e+00	0.00e+00	0.00e+00	0.00e+00	3.74e-135
 2.17437e+11	0.00e+00	2.34e-31	7.21e-22	6.79e-13	2.15e-03	7.64e-01	2.34e-01	0.00e+00	0.00e+00	0.00e+00	0.00e+00	0.00e+00	6.00e-182
 2.56061e+11	9.67e-42	3.34e-31	9.47e-22	8.22e-13	2.40e-03	7.78e-01	2.19e-01	0.00e+00	0.00e+00	0.00e+00	0.00e+00	0.00e+00	3.79e-134
 2.96231e+11	0.00e+00	4.76e-31	1.24e-21	9.94e-13	2.67e-03	7.92e-01	2.05e-01	0.00e+00	0.00e+00	0.00e+00	0.00e+00	0.00e+00	2.39e-181
 3.38007e+11	2.32e-41	6.79e-31	1.64e-21	1.20e-12	2.98e-03	8.05e-01	1.92e-01	0.00e+00	0.00e+00	0.00e+00	0.00e+00	0.00e+00	3.86e-133
 3.81454e+11	0.00e+00	9.68e-31	2.15e-21	1.45e-12	3.31e-03	8.17e-01	1.80e-01	0.00e+00	0.00e+00	0.00e+00	0.00e+00	0.00e+00	6.79e-181
 4.22219e+11	5.34e-41	1.33e-30	2.75e-21	1.72e-12	3.64e-03	8.27e-01	1.69e-01	0.00e+00	0.00e+00	0.00e+00	0.00e+00	0.00e+00	3.54e-132
 4.58536e+11	0.00e+00	1.76e-30	3.40e-21	2.00e-12	3.96e-03	8.36e-01	1.60e-01	0.00e+00	0.00e+00	0.00e+00	0.00e+00	0.00e+00	0.00e+00
 4.99247e+11	1.09e-40	2.39e-30	4.30e-21	2.35e-12	4.34e-03	8.45e-01	1.51e-01	0.00e+00	0.00e+00	0.00e+00	0.00e+00	0.00e+00	2.37e-131
 5.47667e+11	0.00e+00	3.37e-30	5.61e-21	2.82e-12	4.81e-03	8.55e-01	1.41e-01	0.00e+00	0.00e+00	0.00e+00	0.00e+00	0.00e+00	0.00e+00
 5.96411e+11	2.54e-40	4.72e-30	7.26e-21	3.37e-12	5.31e-03	8.63e-01	1.31e-01	0.00e+00	0.00e+00	0.00e+00	0.00e+00	0.00e+00	2.23e-130
 6.41963e+11	0.00e+00	6.40e-30	9.16e-21	3.96e-12	5.80e-03	8.71e-01	1.23e-01	0.00e+00	0.00e+00	0.00e+00	0.00e+00	0.00e+00	0.00e+00
 6.92425e+11	5.56e-40	8.88e-30	1.18e-20	4.71e-12	6.39e-03	8.79e-01	1.15e-01	0.00e+00	0.00e+00	0.00e+00	0.00e+00	0.00e+00	1.77e-129
 7.50049e+11	0.00e+00	1.27e-29	1.55e-20	5.69e-12	7.09e-03	8.86e-01	1.07e-01	0.00e+00	0.00e+00	0.00e+00	0.00e+00	0.00e+00	0.00e+00
 8.07294e+11	1.33e-39	1.79e-29	2.02e-20	6.82e-12	7.83e-03	8.93e-01	9.91e-02	0.00e+00	0.00e+00	0.00e+00	0.00e+00	0.00e+00	1.78e-128
 8.66828e+11	0.00e+00	2.54e-29	2.63e-20	8.18e-12	8.66e-03	8.99e-01	9.20e-02	0.00e+00	0.00e+00	0.00e+00	0.00e+00	0.00e+00	0.00e+00
 9.31428e+11	3.19e-39	3.65e-29	3.48e-20	9.90e-12	9.60e-03	9.05e-01	8.49e-02	0.00e+00	0.00e+00	0.00e+00	0.00e+00	0.00e+00	1.82e-127
 9.97168e+11	0.00e+00	5.20e-29	4.56e-20	1.19e-11	1.06e-02	9.11e-01	7.85e-02	0.00e+00	0.00e+00	0.00e+00	0.00e+00	0.00e+00	0.00e+00
 1.05838e+12	7.34e-39	7.15e-29	5.82e-20	1.41e-11	1.16e-02	9.15e-01	7.31e-02	0.00e+00	0.00e+00	0.00e+00	0.00e+00	0.00e+00	1.66e-126
 1.11489e+12	0.00e+00	9.52e-29	7.25e-20	1.64e-11	1.26e-02	9.19e-01	6.86e-02	0.00e+00	0.00e+00	0.00e+00	0.00e+00	0.00e+00	0.00e+00
 1.17952e+12	1.55e-38	1.31e-28	9.26e-20	1.93e-11	1.38e-02	9.22e-01	6.38e-02	0.00e+00	0.00e+00	0.00e+00	0.00e+00	0.00e+00	1.20e-125
 1.25534e+12	0.00e+00	1.88e-28	1.22e-19	2.33e-11	1.53e-02	9.26e-01	5.87e-02	0.00e+00	0.00e+00	0.00e+00	0.00e+00	0.00e+00	0.00e+00
 1.33045e+12	3.73e-38	2.65e-28	1.59e-19	2.79e-11	1.68e-02	9.29e-01	5.42e-02	0.00e+00	0.00e+00	0.00e+00	0.00e+00	0.00e+00	1.21e-124
 1.40078e+12	0.00e+00	3.62e-28	2.01e-19	3.28e-11	1.83e-02	9.31e-01	5.04e-02	0.00e+00	0.00e+00	0.00e+00	0.00e+00	0.00e+00	0.00e+00
 1.47895e+12	8.33e-38	5.06e-28	2.61e-19	3.91e-11	2.01e-02	9.33e-01	4.66e-02	0.00e+00	0.00e+00	0.00e+00	0.00e+00	0.00e+00	1.01e-123
 1.56804e+12	0.00e+00	7.32e-28	3.46e-19	4.73e-11	2.23e-02	9.35e-01	4.27e-02	0.00e+00	0.00e+00	0.00e+00	0.00e+00	0.00e+00	0.00e+00
 1.65583e+12	2.04e-37	1.04e-27	4.52e-19	5.68e-11	2.45e-02	9.36e-01	3.92e-02	0.00e+00	0.00e+00	0.00e+00	0.00e+00	0.00e+00	1.07e-122
 1.74712e+12	0.00e+00	1.48e-27	5.93e-19	6.82e-11	2.70e-02	9.37e-01	3.60e-02	0.00e+00	0.00e+00	0.00e+00	0.00e+00	0.00e+00	0.00e+00
 1.84694e+12	5.01e-37	2.15e-27	7.88e-19	8.27e-11	2.99e-02	9.37e-01	3.29e-02	0.00e+00	0.00e+00	0.00e+00	0.00e+00	0.00e+00	1.15e-121
 1.94735e+12	0.00e+00	3.08e-27	1.04e-18	9.96e-11	3.29e-02	9.37e-01	3.01e-02	0.00e+00	0.00e+00	0.00e+00	0.00e+00	0.00e+00	0.00e+00
 2.05179e+12	1.23e-36	4.42e-27	1.37e-18	1.20e-10	3.63e-02	9.36e-01	2.75e-02	0.00e+00	0.00e+00	0.00e+00	0.00e+00	0.00e+00	1.22e-120
 2.16379e+12	0.00e+00	6.43e-27	1.83e-18	1.46e-10	4.01e-02	9.35e-01	2.50e-02	0.00e+00	0.00e+00	0.00e+00	0.00e+00	0.00e+00	0.00e+00
 2.27509e+12	3.06e-36	9.21e-27	2.41e-18	1.76e-10	4.41e-02	9.33e-01	2.28e-02	0.00e+00	0.00e+00	0.00e+00	0.00e+00	0.00e+00	1.33e-119
 2.39084e+12	0.00e+00	1.32e-26	3.17e-18	2.11e-10	4.85e-02	9.31e-01	2.08e-02	0.00e+00	0.00e+00	0.00e+00	0.00e+00	0.00e+00	0.00e+00
 2.51640e+12	7.62e-36	1.92e-26	4.23e-18	2.57e-10	5.36e-02	9.28e-01	1.89e-02	0.00e+00	0.00e+00	0.00e+00	0.00e+00	0.00e+00	1.46e-118
 2.64699e+12	0.00e+00	2.80e-26	5.65e-18	3.12e-10	5.91e-02	9.24e-01	1.71e-02	0.00e+00	0.00e+00	0.00e+00	0.00e+00	0.00e+00	0.00e+00
 2.78279e+12	1.94e-35	4.08e-26	7.55e-18	3.79e-10	6.52e-02	9.19e-01	1.54e-02	0.00e+00	0.00e+00	0.00e+00	0.00e+00	0.00e+00	1.68e-117
 2.92403e+12	0.00e+00	5.94e-26	1.01e-17	4.60e-10	7.19e-02	9.14e-01	1.39e-02	0.00e+00	0.00e+00	0.00e+00	0.00e+00	0.00e+00	0.00e+00
 3.05154e+12	4.64e-35	8.23e-26	1.30e-17	5.45e-10	7.82e-02	9.09e-01	1.27e-02	0.00e+00	0.00e+00	0.00e+00	0.00e+00	0.00e+00	1.65e-116
 3.15740e+12	0.00e+00	1.07e-25	1.59e-17	6.24e-10	8.36e-02	9.05e-01	1.18e-02	0.00e+00	0.00e+00	0.00e+00	0.00e+00	0.00e+00	1.16e-99
 3.27321e+12	9.08e-35	1.41e-25	1.97e-17	7.21e-10	8.98e-02	8.99e-01	1.09e-02	0.00e+00	0.00e+00	0.00e+00	0.00e+00	0.00e+00	0.00e+00
 3.42040e+12	1.39e-34	1.99e-25	2.57e-17	8.61e-10	9.79e-02	8.92e-01	9.93e-03	0.00e+00	0.00e+00	0.00e+00	0.00e+00	0.00e+00	2.91e-115
 3.57420e+12	2.13e-34	2.81e-25	3.36e-17	1.03e-09	1.07e-01	8.84e-01	8.98e-03	0.00e+00	0.00e+00	0.00e+00	0.00e+00	0.00e+00	3.97e-97
 3.70999e+12	3.06e-34	3.77e-25	4.21e-17	1.20e-09	1.15e-01	8.77e-01	8.24e-03	0.00e+00	0.00e+00	0.00e+00	0.00e+00	0.00e+00	0.00e+00
 3.83571e+12	4.23e-34	4.90e-25	5.16e-17	1.37e-09	1.23e-01	8.70e-01	7.62e-03	0.00e+00	0.00e+00	0.00e+00	0.00e+00	0.00e+00	5.39e-114
 3.97831e+12	6.03e-34	6.52e-25	6.45e-17	1.59e-09	1.32e-01	8.61e-01	6.99e-03	0.00e+00	0.00e+00	0.00e+00	0.00e+00	0.00e+00	3.87e-96
 4.15505e+12	9.21e-34	9.19e-25	8.42e-17	1.90e-09	1.43e-01	8.50e-01	6.29e-03	0.00e+00	0.00e+00	0.00e+00	0.00e+00	0.00e+00	0.00e+00
 4.33153e+12	1.38e-33	1.28e-24	1.09e-16	2.26e-09	1.55e-01	8.39e-01	5.67e-03	0.00e+00	0.00e+00	0.00e+00	0.00e+00	0.00e+00	1.21e-112
 4.48287e+12	1.93e-33	1.67e-24	1.34e-16	2.60e-09	1.66e-01	8.29e-01	5.21e-03	0.00e+00	0.00e+00	0.00e+00	0.00e+00	0.00e+00	4.87e-95
 4.64618e+12	2.72e-33	2.21e-24	1.67e-16	3.00e-09	1.77e-01	8.18e-01	4.75e-03	0.00e+00	0.00e+00	0.00e+00	0.00e+00	0.00e+00	7.31e-112
 4.84822e+12	4.10e-33	3.08e-24	2.16e-16	3.57e-09	1.92e-01	8.04e-01	4.26e-03	0.00e+00	0.00e+00	0.00e+00	0.00e+00	0.00e+00	2.54e-94
 5.05586e+12	6.14e-33	4.27e-24	2.79e-16	4.23e-09	2.07e-01	7.89e-01	3.81e-03	0.00e+00	0.00e+00	0.00e+00	0.00e+00	0.00e+00	6.34e-111
 5.24373e+12	8.69e-33	5.66e-24	3.48e-16	4.89e-09	2.21e-01	7.76e-01	3.46e-03	0.00e+00	0.00e+00	0.00e+00	0.00e+00	0.00e+00	1.31e-93
 5.45064e+12	1.25e-32	7.62e-24	4.39e-16	5.71e-09	2.36e-01	7.61e-01	3.11e-03	0.00e+00	0.00e+00	0.00e+00	0.00e+00	0.00e+00	4.30e-110
 5.69390e+12	1.89e-32	1.06e-23	5.70e-16	6.78e-09	2.55e-01	7.42e-01	2.76e-03	0.00e+00	0.00e+00	0.00e+00	0.00e+00	0.00e+00	7.20e-93
 5.93693e+12	2.80e-32	1.46e-23	7.30e-16	7.99e-09	2.73e-01	7.24e-01	2.45e-03	0.00e+00	0.00e+00	0.00e+00	0.00e+00	0.00e+00	3.75e-109
 6.16823e+12	3.98e-32	1.95e-23	9.13e-16	9.26e-09	2.91e-01	7.07e-01	2.20e-03	0.00e+00	0.00e+00	0.00e+00	0.00e+00	0.00e+00	3.72e-92
 6.42345e+12	5.78e-32	2.63e-23	1.16e-15	1.08e-08	3.10e-01	6.88e-01	1.96e-03	0.00e+00	0.00e+00	0.00e+00	0.00e+00	0.00e+00	2.73e-108
 6.71032e+12	8.62e-32	3.64e-23	1.49e-15	1.28e-08	3.32e-01	6.66e-01	1.72e-03	0.00e+00	0.00e+00	0.00e+00	0.00e+00	0.00e+00	2.06e-91
 6.96851e+12	1.21e-31	4.80e-23	1.85e-15	1.47e-08	3.51e-01	6.47e-01	1.54e-03	0.00e+00	0.00e+00	0.00e+00	0.00e+00	0.00e+00	2.09e-107
 7.18170e+12	1.59e-31	5.97e-23	2.19e-15	1.64e-08	3.67e-01	6.32e-01	1.41e-03	0.00e+00	0.00e+00	0.00e+00	0.00e+00	0.00e+00	8.06e-91
 7.41456e+12	2.11e-31	7.51e-23	2.62e-15	1.84e-08	3.84e-01	6.15e-01	1.28e-03	0.00e+00	0.00e+00	0.00e+00	0.00e+00	0.00e+00	9.81e-107
 7.71206e+12	2.99e-31	9.95e-23	3.26e-15	2.12e-08	4.05e-01	5.94e-01	1.13e-03	0.00e+00	0.00e+00	0.00e+00	0.00e+00	0.00e+00	3.35e-90
 8.01238e+12	4.18e-31	1.31e-22	4.03e-15	2.43e-08	4.26e-01	5.73e-01	1.00e-03	0.00e+00	0.00e+00	0.00e+00	0.00e+00	0.00e+00	6.70e-106
 8.26084e+12	5.45e-31	1.62e-22	4.76e-15	2.71e-08	4.43e-01	5.56e-01	9.09e-04	0.00e+00	0.00e+00	0.00e+00	0.00e+00	0.00e+00	1.31e-89
 8.52313e+12	7.14e-31	2.01e-22	5.64e-15	3.01e-08	4.60e-01	5.39e-01	8.22e-04	0.00e+00	0.00e+00	0.00e+00	0.00e+00	0.00e+00	3.08e-105
 8.85978e+12	9.95e-31	2.63e-22	6.94e-15	3.44e-08	4.82e-01	5.18e-01	7.25e-04	0.00e+00	0.00e+00	0.00e+00	0.00e+00	0.00e+00	5.19e-89
 9.21278e+12	1.39e-30	3.44e-22	8.54e-15	3.93e-08	5.04e-01	4.96e-01	6.36e-04	0.00e+00	0.00e+00	0.00e+00	0.00e+00	0.00e+00	2.08e-104
 9.52199e+12	1.83e-30	4.30e-22	1.02e-14	4.38e-08	5.22e-01	4.77e-01	5.70e-04	0.00e+00	0.00e+00	0.00e+00	0.00e+00	0.00e+00	2.12e-88
 9.85459e+12	2.44e-30	5.42e-22	1.21e-14	4.90e-08	5.41e-01	4.58e-01	5.08e-04	0.00e+00	0.00e+00	0.00e+00	0.00e+00	0.00e+00	1.08e-103
 1.02584e+13	3.41e-30	7.09e-22	1.49e-14	5.57e-08	5.63e-01	4.36e-01	4.42e-04	0.00e+00	0.00e+00	0.00e+00	0.00e+00	0.00e+00	9.05e-88
 1.06491e+13	4.64e-30	9.09e-22	1.81e-14	6.28e-08	5.84e-01	4.16e-01	3.88e-04	0.00e+00	0.00e+00	0.00e+00	0.00e+00	0.00e+00	7.12e-103
 1.09778e+13	5.95e-30	1.11e-21	2.10e-14	6.90e-08	6.00e-01	4.00e-01	3.49e-04	0.00e+00	0.00e+00	0.00e+00	0.00e+00	0.00e+00	3.36e-87
 1.13316e+13	7.70e-30	1.36e-21	2.46e-14	7.61e-08	6.17e-01	3.83e-01	3.12e-04	0.00e+00	0.00e+00	0.00e+00	0.00e+00	0.00e+00	3.22e-102
 1.17772e+13	1.05e-29	1.75e-21	2.98e-14	8.56e-08	6.37e-01	3.63e-01	2.72e-04	0.00e+00	0.00e+00	0.00e+00	0.00e+00	0.00e+00	1.30e-86
 1.22346e+13	1.43e-29	2.24e-21	3.60e-14	9.60e-08	6.56e-01	3.44e-01	2.37e-04	0.00e+00	0.00e+00	0.00e+00	0.00e+00	0.00e+00	2.06e-101
 1.26327e+13	1.84e-29	2.74e-21	4.20e-14	1.05e-07	6.72e-01	3.28e-01	2.10e-04	0.00e+00	0.00e+00	0.00e+00	0.00e+00	0.00e+00	5.01e-86
 1.30611e+13	2.40e-29	3.39e-21	4.93e-14	1.16e-07	6.88e-01	3.12e-01	1.86e-04	0.00e+00	0.00e+00	0.00e+00	0.00e+00	0.00e+00	1.00e-100
 1.35843e+13	3.26e-29	4.33e-21	5.94e-14	1.30e-07	7.06e-01	2.94e-01	1.61e-04	0.00e+00	0.00e+00	0.00e+00	0.00e+00	0.00e+00	2.02e-85
 1.41105e+13	4.39e-29	5.49e-21	7.11e-14	1.45e-07	7.23e-01	2.77e-01	1.39e-04	0.00e+00	0.00e+00	0.00e+00	0.00e+00	0.00e+00	6.44e-100
 1.45801e+13	5.66e-29	6.73e-21	8.28e-14	1.59e-07	7.37e-01	2.63e-01	1.23e-04	0.00e+00	0.00e+00	0.00e+00	0.00e+00	0.00e+00	7.82e-85
 1.50961e+13	7.42e-29	8.33e-21	9.73e-14	1.74e-07	7.52e-01	2.48e-01	1.08e-04	0.00e+00	0.00e+00	0.00e+00	0.00e+00	0.00e+00	3.29e-99
 1.57104e+13	1.01e-28	1.06e-20	1.17e-13	1.94e-07	7.68e-01	2.32e-01	9.27e-05	0.00e+00	0.00e+00	0.00e+00	0.00e+00	0.00e+00	3.28e-84
 1.63240e+13	1.35e-28	1.34e-20	1.39e-13	2.15e-07	7.82e-01	2.18e-01	8.00e-05	0.00e+00	0.00e+00	0.00e+00	0.00e+00	0.00e+00	2.17e-98
 1.68944e+13	1.76e-28	1.65e-20	1.62e-13	2.36e-07	7.95e-01	2.05e-01	7.01e-05	0.00e+00	0.00e+00	0.00e+00	0.00e+00	0.00e+00	1.33e-83
 1.75322e+13	2.33e-28	2.07e-20	1.92e-13	2.59e-07	8.07e-01	1.93e-01	6.07e-05	0.00e+00	0.00e+00	0.00e+00	0.00e+00	0.00e+00	1.22e-97
 1.82634e+13	3.18e-28	2.64e-20	2.30e-13	2.88e-07	8.21e-01	1.79e-01	5.17e-05	0.00e+00	0.00e+00	0.00e+00	0.00e+00	0.00e+00	5.97e-83
 1.89886e+13	4.26e-28	3.33e-20	2.73e-13	3.18e-07	8.33e-01	1.67e-01	4.44e-05	0.00e+00	0.00e+00	0.00e+00	0.00e+00	0.00e+00	8.35e-97
 1.97428e+13	5.75e-28	4.20e-20	3.23e-13	3.50e-07	8.44e-01	1.56e-01	3.82e-05	0.00e+00	0.00e+00	0.00e+00	0.00e+00	0.00e+00	2.74e-82
 2.05625e+13	7.80e-28	5.34e-20	3.86e-13	3.87e-07	8.55e-01	1.45e-01	3.25e-05	0.00e+00	0.00e+00	0.00e+00	0.00e+00	0.00e+00	5.80e-96
 2.14149e+13	1.06e-27	6.80e-20	4.59e-13	4.27e-07	8.65e-01	1.35e-01	2.77e-05	0.00e+00	0.00e+00	0.00e+00	0.00e+00	0.00e+00	1.34e-81
 2.22228e+13	1.40e-27	8.45e-20	5.38e-13	4.67e-07	8.74e-01	1.26e-01	2.39e-05	0.00e+00	0.00e+00	0.00e+00	0.00e+00	0.00e+00	3.85e-95
 2.29496e+13	1.79e-27	1.02e-19	6.17e-13	5.04e-07	8.82e-01	1.18e-01	2.11e-05	0.00e+00	0.00e+00	0.00e+00	0.00e+00	0.00e+00	5.25e-81
 2.36308e+13	2.23e-27	1.21e-19	6.99e-13	5.40e-07	8.88e-01	1.12e-01	1.87e-05	0.00e+00	0.00e+00	0.00e+00	0.00e+00	0.00e+00	1.73e-94
 2.43843e+13	2.82e-27	1.46e-19	7.97e-13	5.81e-07	8.94e-01	1.06e-01	1.65e-05	0.00e+00	0.00e+00	0.00e+00	0.00e+00	0.00e+00	1.75e-80
 2.52305e+13	3.66e-27	1.78e-19	9.20e-13	6.28e-07	9.01e-01	9.92e-02	1.45e-05	0.00e+00	0.00e+00	0.00e+00	0.00e+00	0.00e+00	8.65e-94
 2.60372e+13	4.64e-27	2.14e-19	1.05e-12	6.75e-07	9.07e-01	9.34e-02	1.28e-05	0.00e+00	0.00e+00	0.00e+00	0.00e+00	0.00e+00	6.50e-80
 2.69260e+13	5.98e-27	2.61e-19	1.21e-12	7.28e-07	9.12e-01	8.77e-02	1.12e-05	0.00e+00	0.00e+00	0.00e+00	0.00e+00	0.00e+00	4.29e-93
 2.79176e+13	7.87e-27	3.23e-19	1.40e-12	7.90e-07	9.18e-01	8.19e-02	9.68e-06	0.00e+00	0.00e+00	0.00e+00	0.00e+00	0.00e+00	2.66e-79
 2.88322e+13	1.01e-26	3.90e-19	1.60e-12	8.49e-07	9.23e-01	7.70e-02	8.51e-06	0.00e+00	0.00e+00	0.00e+00	0.00e+00	0.00e+00	2.33e-92
 2.96799e+13	1.25e-26	4.62e-19	1.81e-12	9.06e-07	9.27e-01	7.29e-02	7.59e-06	0.00e+00	0.00e+00	0.00e+00	0.00e+00	0.00e+00	9.23e-79
 3.06513e+13	1.60e-26	5.58e-19	2.06e-12	9.72e-07	9.31e-01	6.85e-02	6.68e-06	0.00e+00	0.00e+00	0.00e+00	0.00e+00	0.00e+00	1.07e-91
 3.18393e+13	2.14e-26	6.98e-19	2.41e-12	1.06e-06	9.36e-01	6.37e-02	5.76e-06	0.00e+00	0.00e+00	0.00e+00	0.00e+00	0.00e+00	3.93e-78
 3.30241e+13	2.83e-26	8.63e-19	2.80e-12	1.14e-06	9.41e-01	5.94e-02	4.97e-06	0.00e+00	0.00e+00	0.00e+00	0.00e+00	0.00e+00	6.82e-91
 3.40549e+13	3.58e-26	1.03e-18	3.17e-12	1.22e-06	9.44e-01	5.60e-02	4.41e-06	0.00e+00	0.00e+00	0.00e+00	0.00e+00	0.00e+00	1.57e-77
 3.51702e+13	4.60e-26	1.25e-18	3.61e-12	1.31e-06	9.47e-01	5.27e-02	3.88e-06	0.00e+00	0.00e+00	0.00e+00	0.00e+00	0.00e+00	3.32e-90
 3.65316e+13	6.17e-26	1.57e-18	4.21e-12	1.42e-06	9.51e-01	4.90e-02	3.35e-06	0.00e+00	0.00e+00	0.00e+00	0.00e+00	0.00e+00	6.89e-77
 3.79195e+13	8.20e-26	1.94e-18	4.90e-12	1.53e-06	9.54e-01	4.56e-02	2.88e-06	0.00e+00	0.00e+00	0.00e+00	0.00e+00	0.00e+00	2.20e-89
 3.91743e+13	1.06e-25	2.36e-18	5.59e-12	1.64e-06	9.57e-01	4.28e-02	2.54e-06	0.00e+00	0.00e+00	0.00e+00	0.00e+00	0.00e+00	2.96e-76
 4.05495e+13	1.38e-25	2.89e-18	6.42e-12	1.76e-06	9.60e-01	4.01e-02	2.22e-06	0.00e+00	0.00e+00	0.00e+00	0.00e+00	0.00e+00	6.18e-76
 4.21683e+13	1.88e-25	3.65e-18	7.51e-12	1.91e-06	9.63e-01	3.72e-02	1.91e-06	0.00e+00	0.00e+00	0.00e+00	0.00e+00	0.00e+00	1.43e-75
 4.37837e+13	2.51e-25	4.55e-18	8.73e-12	2.07e-06	9.65e-01	3.46e-02	1.64e-06	0.00e+00	0.00e+00	0.00e+00	0.00e+00	0.00e+00	3.15e-75
 4.53053e+13	3.29e-25	5.57e-18	1.00e-11	2.22e-06	9.68e-01	3.24e-02	1.44e-06	0.00e+00	0.00e+00	0.00e+00	0.00e+00	0.00e+00	6.57e-75
 4.69892e+13	4.39e-25	6.92e-18	1.16e-11	2.39e-06	9.70e-01	3.02e-02	1.25e-06	0.00e+00	0.00e+00	0.00e+00	0.00e+00	0.00e+00	1.45e-74
 4.88987e+13	5.97e-25	8.74e-18	1.36e-11	2.59e-06	9.72e-01	2.80e-02	1.07e-06	0.00e+00	0.00e+00	0.00e+00	0.00e+00	0.00e+00	3.37e-74
 5.08089e+13	8.11e-25	1.10e-17	1.58e-11	2.79e-06	9.74e-01	2.60e-02	9.23e-07	0.00e+00	0.00e+00	0.00e+00	0.00e+00	0.00e+00	7.84e-74
 5.27954e+13	1.09e-24	1.38e-17	1.84e-11	3.02e-06	9.76e-01	2.41e-02	0.00e+00	0.00e+00	0.00e+00	0.00e+00	0.00e+00	0.00e+00	1.77e-73
 5.49371e+13	1.50e-24	1.75e-17	2.16e-11	3.27e-06	9.78e-01	2.24e-02	0.00e+00	0.00e+00	0.00e+00	0.00e+00	0.00e+00	0.00e+00	4.21e-73
 5.71646e+13	2.05e-24	2.21e-17	2.53e-11	3.54e-06	9.79e-01	2.07e-02	0.00e+00	0.00e+00	0.00e+00	0.00e+00	0.00e+00	0.00e+00	1.00e-72
 5.93147e+13	2.74e-24	2.76e-17	2.93e-11	3.81e-06	9.81e-01	1.93e-02	0.00e+00	0.00e+00	0.00e+00	0.00e+00	0.00e+00	0.00e+00	2.23e-72
 6.13285e+13	3.57e-24	3.36e-17	3.34e-11	4.08e-06	9.82e-01	1.81e-02	0.00e+00	0.00e+00	0.00e+00	0.00e+00	0.00e+00	0.00e+00	4.61e-72
 6.32274e+13	4.53e-24	4.02e-17	3.77e-11	4.33e-06	9.83e-01	1.71e-02	0.00e+00	0.00e+00	0.00e+00	0.00e+00	0.00e+00	0.00e+00	8.83e-72
 6.52964e+13	5.85e-24	4.87e-17	4.29e-11	4.62e-06	9.84e-01	1.60e-02	0.00e+00	0.00e+00	0.00e+00	0.00e+00	1.57e-17	3.30e-17	1.79e-71
 6.76099e+13	7.71e-24	5.99e-17	4.92e-11	4.95e-06	9.85e-01	1.50e-02	0.00e+00	0.00e+00	0.00e+00	0.00e+00	1.99e-17	4.00e-17	3.84e-71
 6.97952e+13	9.90e-24	7.24e-17	5.58e-11	5.27e-06	9.86e-01	1.41e-02	0.00e+00	0.00e+00	0.00e+00	0.00e+00	2.40e-17	4.83e-17	7.64e-71
 7.21899e+13	1.29e-23	8.82e-17	6.39e-11	5.64e-06	9.87e-01	1.32e-02	0.00e+00	0.00e+00	0.00e+00	0.00e+00	2.93e-17	5.89e-17	1.57e-70
 7.48651e+13	1.72e-23	1.09e-16	7.38e-11	6.06e-06	9.88e-01	1.23e-02	0.00e+00	0.00e+00	0.00e+00	0.00e+00	3.63e-17	7.31e-17	3.47e-70
 7.74082e+13	2.24e-23	1.34e-16	8.42e-11	6.48e-06	9.88e-01	1.15e-02	0.00e+00	0.00e+00	0.00e+00	0.00e+00	4.43e-17	8.92e-17	7.21e-70
 8.02172e+13	2.96e-23	1.65e-16	9.70e-11	6.95e-06	9.89e-01	1.08e-02	0.00e+00	0.00e+00	0.00e+00	0.00e+00	5.47e-17	1.10e-16	1.56e-69
 8.33720e+13	3.99e-23	2.06e-16	1.13e-10	7.51e-06	9.90e-01	9.96e-03	0.00e+00	0.00e+00	0.00e+00	0.00e+00	6.85e-17	1.38e-16	3.53e-69
 8.63880e+13	5.29e-23	2.55e-16	1.30e-10	8.06e-06	9.91e-01	9.30e-03	0.00e+00	0.00e+00	0.00e+00	0.00e+00	8.47e-17	1.71e-16	7.72e-69
 8.96085e+13	7.01e-23	3.16e-16	1.51e-10	8.68e-06	9.91e-01	8.65e-03	0.00e+00	0.00e+00	0.00e+00	0.00e+00	1.05e-16	2.11e-16	1.66e-68
 9.32228e+13	9.58e-23	4.00e-16	1.76e-10	9.39e-06	9.92e-01	8.00e-03	0.00e+00	0.00e+00	0.00e+00	0.00e+00	1.33e-16	2.67e-16	3.96e-68
 9.65647e+13	1.25e-22	4.90e-16	2.03e-10	1.01e-05	9.93e-01	7.46e-03	0.00e+00	0.00e+00	0.00e+00	0.00e+00	1.63e-16	3.27e-16	8.25e-68
 9.94548e+13	1.58e-22	5.84e-16	2.28e-10	1.07e-05	9.93e-01	7.04e-03	0.00e+00	0.00e+00	0.00e+00	0.00e+00	1.94e-16	3.90e-16	1.57e-67
 1.02654e+14	2.01e-22	7.01e-16	2.59e-10	1.14e-05	9.93e-01	6.61e-03	0.00e+00	0.00e+00	0.00e+00	0.00e+00	2.33e-16	4.68e-16	3.04e-67
 1.06566e+14	2.69e-22	8.72e-16	3.01e-10	1.23e-05	9.94e-01	6.13e-03	0.00e+00	0.00e+00	0.00e+00	0.00e+00	2.89e-16	5.83e-16	6.71e-67
 1.10530e+14	3.56e-22	1.08e-15	3.48e-10	1.32e-05	9.94e-01	5.70e-03	0.00e+00	0.00e+00	0.00e+00	0.00e+00	3.58e-16	7.22e-16	1.45e-66
 1.14089e+14	4.57e-22	1.31e-15	3.95e-10	1.41e-05	9.95e-01	5.36e-03	0.00e+00	0.00e+00	0.00e+00	0.00e+00	4.33e-16	8.72e-16	2.90e-66
 1.18000e+14	5.89e-22	1.58e-15	4.52e-10	1.51e-05	9.95e-01	5.00e-03	0.00e+00	0.00e+00	0.00e+00	0.00e+00	5.25e-16	1.06e-15	5.80e-66
 1.22629e+14	7.89e-22	1.98e-15	5.28e-10	1.63e-05	9.95e-01	4.63e-03	0.00e+00	0.00e+00	0.00e+00	0.00e+00	6.56e-16	1.32e-15	1.30e-65
 1.27181e+14	1.05e-21	2.46e-15	6.10e-10	1.76e-05	9.96e-01	4.31e-03	0.00e+00	0.00e+00	0.00e+00	0.00e+00	8.15e-16	1.64e-15	2.86e-65
 1.31346e+14	1.33e-21	2.95e-15	6.95e-10	1.88e-05	9.96e-01	4.03e-03	0.00e+00	0.00e+00	0.00e+00	0.00e+00	9.77e-16	1.97e-15	5.45e-65
 1.36018e+14	1.75e-21	3.63e-15	7.99e-10	2.01e-05	9.96e-01	3.76e-03	0.00e+00	0.00e+00	0.00e+00	0.00e+00	1.20e-15	2.43e-15	1.17e-64
 1.41447e+14	2.35e-21	4.53e-15	9.35e-10	2.18e-05	9.97e-01	3.47e-03	0.00e+00	0.00e+00	0.00e+00	0.00e+00	1.50e-15	3.03e-15	2.60e-64
 1.46766e+14	3.09e-21	5.61e-15	1.08e-09	2.35e-05	9.97e-01	3.22e-03	0.00e+00	0.00e+00	0.00e+00	0.00e+00	1.86e-15	3.75e-15	5.57e-64
 1.51787e+14	3.99e-21	6.81e-15	1.24e-09	2.52e-05	9.97e-01	3.01e-03	0.00e+00	0.00e+00	0.00e+00	0.00e+00	2.26e-15	4.55e-15	1.12e-63
 1.57378e+14	5.28e-21	8.44e-15	1.43e-09	2.71e-05	9.97e-01	2.80e-03	0.00e+00	0.00e+00	0.00e+00	0.00e+00	2.80e-15	5.64e-15	2.45e-63
 1.63703e+14	7.05e-21	1.05e-14	1.68e-09	2.94e-05	9.97e-01	2.58e-03	0.00e+00	0.00e+00	0.00e+00	0.00e+00	3.48e-15	7.03e-15	5.37e-63
 1.70026e+14	9.38e-21	1.31e-14	1.96e-09	3.17e-05	9.98e-01	2.39e-03	0.00e+00	0.00e+00	0.00e+00	0.00e+00	4.33e-15	8.74e-15	1.18e-62
 1.75959e+14	1.22e-20	1.60e-14	2.24e-09	3.40e-05	9.98e-01	2.23e-03	0.00e+00	0.00e+00	0.00e+00	0.00e+00	5.30e-15	1.07e-14	2.45e-62
 1.82384e+14	1.59e-20	1.96e-14	2.59e-09	3.66e-05	9.98e-01	2.08e-03	0.00e+00	0.00e+00	0.00e+00	0.00e+00	6.50e-15	1.31e-14	5.12e-62
 1.89558e+14	2.10e-20	2.43e-14	3.02e-09	3.96e-05	9.98e-01	1.92e-03	0.00e+00	0.00e+00	0.00e+00	0.00e+00	8.05e-15	1.63e-14	1.10e-61
 1.96261e+14	2.75e-20	2.98e-14	3.47e-09	4.24e-05	9.98e-01	1.79e-03	0.00e+00	0.00e+00	0.00e+00	0.00e+00	9.88e-15	2.00e-14	2.32e-61
 2.02483e+14	3.42e-20	3.53e-14	3.94e-09	4.53e-05	9.98e-01	1.68e-03	0.00e+00	0.00e+00	0.00e+00	0.00e+00	1.17e-14	2.36e-14	4.24e-61
 2.08465e+14	4.26e-20	4.18e-14	4.42e-09	4.80e-05	9.98e-01	1.58e-03	0.00e+00	0.00e+00	0.00e+00	0.00e+00	1.38e-14	2.79e-14	7.78e-61
 2.15087e+14	5.40e-20	5.02e-14	5.01e-09	5.11e-05	9.98e-01	1.49e-03	0.00e+00	0.00e+00	0.00e+00	0.00e+00	1.66e-14	3.36e-14	1.51e-60
 2.22426e+14	6.84e-20	6.02e-14	5.73e-09	5.48e-05	9.99e-01	1.39e-03	0.00e+00	0.00e+00	0.00e+00	0.00e+00	1.99e-14	4.03e-14	2.90e-60
 2.29258e+14	8.63e-20	7.20e-14	6.46e-09	5.82e-05	9.99e-01	1.31e-03	0.00e+00	0.00e+00	0.00e+00	0.00e+00	2.38e-14	4.82e-14	5.54e-60
 2.36701e+14	1.08e-19	8.55e-14	7.35e-09	6.21e-05	9.99e-01	1.22e-03	0.00e+00	0.00e+00	0.00e+00	0.00e+00	2.83e-14	5.72e-14	1.02e-59
 2.45055e+14	1.40e-19	1.04e-13	8.44e-09	6.66e-05	9.99e-01	1.14e-03	0.00e+00	0.00e+00	0.00e+00	0.00e+00	3.45e-14	6.98e-14	2.10e-59
 2.53029e+14	1.77e-19	1.25e-13	9.59e-09	7.11e-05	9.99e-01	1.07e-03	0.00e+00	0.00e+00	0.00e+00	0.00e+00	4.15e-14	8.40e-14	4.10e-59
 2.61834e+14	2.25e-19	1.51e-13	1.10e-08	7.62e-05	9.99e-01	9.98e-04	0.00e+00	0.00e+00	0.00e+00	0.00e+00	4.99e-14	1.01e-13	7.95e-59
 2.71533e+14	2.96e-19	1.87e-13	1.27e-08	8.20e-05	9.99e-01	9.27e-04	0.00e+00	0.00e+00	0.00e+00	0.00e+00	6.17e-14	1.25e-13	1.71e-58
 2.80464e+14	3.70e-19	2.22e-13	1.45e-08	8.77e-05	9.99e-01	8.67e-04	0.00e+00	0.00e+00	0.00e+00	0.00e+00	7.32e-14	1.48e-13	3.17e-58
 2.90142e+14	4.78e-19	2.70e-13	1.66e-08	9.39e-05	9.99e-01	8.10e-04	0.00e+00	0.00e+00	0.00e+00	0.00e+00	8.93e-14	1.81e-13	6.50e-58
 3.00959e+14	6.16e-19	3.29e-13	1.92e-08	1.01e-04	9.99e-01	7.51e-04	0.00e+00	0.00e+00	0.00e+00	0.00e+00	1.09e-13	2.20e-13	1.31e-57
 3.11110e+14	7.83e-19	3.96e-13	2.19e-08	1.08e-04	9.99e-01	7.02e-04	0.00e+00	0.00e+00	0.00e+00	0.00e+00	1.31e-13	2.65e-13	2.56e-57
 3.22159e+14	1.01e-18	4.83e-13	2.52e-08	1.16e-04	9.99e-01	6.54e-04	0.00e+00	0.00e+00	0.00e+00	0.00e+00	1.59e-13	3.24e-13	5.23e-57
 3.34459e+14	1.30e-18	5.89e-13	2.93e-08	1.26e-04	9.99e-01	6.05e-04	0.00e+00	0.00e+00	0.00e+00	0.00e+00	1.94e-13	3.95e-13	1.06e-56
 3.45949e+14	1.67e-18	7.16e-13	3.36e-08	1.35e-04	9.99e-01	5.64e-04	0.00e+00	0.00e+00	0.00e+00	0.00e+00	2.36e-13	4.80e-13	2.14e-56
 3.58426e+14	2.12e-18	8.62e-13	3.87e-08	1.45e-04	9.99e-01	5.24e-04	0.00e+00	0.00e+00	0.00e+00	0.00e+00	2.84e-13	5.78e-13	4.16e-56
 3.72357e+14	2.80e-18	1.07e-12	4.51e-08	1.57e-04	9.99e-01	4.85e-04	0.00e+00	0.00e+00	0.00e+00	0.00e+00	3.54e-13	7.19e-13	9.17e-56
 3.85575e+14	3.54e-18	1.29e-12	5.19e-08	1.69e-04	9.99e-01	4.50e-04	0.00e+00	0.00e+00	0.00e+00	0.00e+00	4.25e-13	8.65e-13	1.76e-55
 3.99759e+14	4.57e-18	1.57e-12	6.00e-08	1.81e-04	9.99e-01	4.18e-04	0.00e+00	0.00e+00	0.00e+00	0.00e+00	5.18e-13	1.05e-12	3.60e-55
 4.15779e+14	5.98e-18	1.95e-12	7.03e-08	1.97e-04	9.99e-01	3.85e-04	0.00e+00	0.00e+00	0.00e+00	0.00e+00	6.41e-13	1.31e-12	7.71e-55
 4.31500e+14	7.73e-18	2.39e-12	8.15e-08	2.13e-04	9.99e-01	3.56e-04	0.00e+00	0.00e+00	0.00e+00	0.00e+00	7.86e-13	1.60e-12	1.60e-54
 4.47850e+14	9.88e-18	2.90e-12	9.48e-08	2.30e-04	9.99e-01	3.29e-04	0.00e+00	0.00e+00	0.00e+00	0.00e+00	9.54e-13	1.95e-12	3.20e-54
 4.65794e+14	1.29e-17	3.58e-12	1.11e-07	2.50e-04	9.99e-01	3.03e-04	0.00e+00	0.00e+00	0.00e+00	0.00e+00	1.18e-12	2.40e-12	6.79e-54
 4.83468e+14	1.65e-17	4.37e-12	1.29e-07	2.71e-04	9.99e-01	2.80e-04	0.00e+00	0.00e+00	0.00e+00	0.00e+00	1.44e-12	2.93e-12	1.38e-53
 4.98044e+14	2.02e-17	5.13e-12	1.45e-07	2.88e-04	9.99e-01	2.62e-04	0.00e+00	0.00e+00	0.00e+00	0.00e+00	1.69e-12	3.44e-12	2.45e-53
 5.09715e+14	2.36e-17	5.80e-12	1.60e-07	3.03e-04	9.99e-01	2.50e-04	0.00e+00	0.00e+00	0.00e+00	0.00e+00	1.91e-12	3.89e-12	3.80e-53
 5.22642e+14	2.79e-17	6.65e-12	1.77e-07	3.20e-04	9.99e-01	2.37e-04	0.00e+00	0.00e+00	0.00e+00	0.00e+00	2.18e-12	4.46e-12	6.19e-53
 5.39446e+14	3.43e-17	7.84e-12	2.01e-07	3.42e-04	9.99e-01	2.21e-04	0.00e+00	0.00e+00	0.00e+00	0.00e+00	2.58e-12	5.27e-12	1.12e-52
 5.57461e+14	4.25e-17	9.32e-12	2.29e-07	3.67e-04	9.99e-01	2.06e-04	0.00e+00	0.00e+00	0.00e+00	0.00e+00	3.06e-12	6.26e-12	2.07e-52
 5.73457e+14	5.12e-17	1.09e-11	2.57e-07	3.90e-04	9.99e-01	1.94e-04	0.00e+00	4.28e-18	1.28e-17	2.15e-17	3.56e-12	7.29e-12	3.58e-52
 5.90658e+14	6.19e-17	1.26e-11	2.90e-07	4.17e-04	9.99e-01	1.81e-04	0.00e+00	5.18e-18	1.55e-17	2.60e-17	4.15e-12	8.49e-12	6.16e-52
 6.12403e+14	7.84e-17	1.53e-11	3.36e-07	4.51e-04	9.99e-01	1.68e-04	0.00e+00	6.55e-18	1.97e-17	3.29e-17	5.02e-12	1.03e-11	1.22e-51
 6.34468e+14	9.81e-17	1.84e-11	3.87e-07	4.87e-04	9.99e-01	1.55e-04	0.00e+00	8.21e-18	2.47e-17	4.12e-17	6.05e-12	1.24e-11	2.39e-51
 6.53365e+14	1.19e-16	2.15e-11	4.36e-07	5.20e-04	9.99e-01	1.45e-04	0.00e+00	9.95e-18	2.99e-17	4.99e-17	7.05e-12	1.44e-11	4.18e-51
 6.73729e+14	1.44e-16	2.52e-11	4.94e-07	5.57e-04	9.99e-01	1.36e-04	0.00e+00	1.21e-17	3.63e-17	6.06e-17	8.27e-12	1.69e-11	7.44e-51
 6.98958e+14	1.82e-16	3.05e-11	5.74e-07	6.05e-04	9.99e-01	1.25e-04	0.00e+00	1.53e-17	4.59e-17	7.66e-17	9.99e-12	2.05e-11	1.48e-50
 7.24604e+14	2.31e-16	3.69e-11	6.64e-07	6.55e-04	9.99e-01	1.16e-04	0.00e+00	1.94e-17	5.83e-17	9.73e-17	1.21e-11	2.48e-11	3.00e-50
 7.47190e+14	2.77e-16	4.31e-11	7.51e-07	7.01e-04	9.99e-01	1.08e-04	0.00e+00	2.33e-17	7.00e-17	1.17e-16	1.41e-11	2.90e-11	5.27e-50
 7.71708e+14	3.42e-16	5.10e-11	8.57e-07	7.54e-04	9.99e-01	1.00e-04	0.00e+00	2.88e-17	8.64e-17	1.44e-16	1.67e-11	3.43e-11	9.82e-50
 8.01292e+14	4.34e-16	6.22e-11	9.99e-07	8.21e-04	9.99e-01	9.24e-05	0.00e+00	3.66e-17	1.10e-16	1.83e-16	2.04e-11	4.18e-11	2.04e-49
 8.30654e+14	5.45e-16	7.49e-11	1.16e-06	8.91e-04	9.99e-01	8.52e-05	0.00e+00	4.60e-17	1.38e-16	2.31e-16	2.46e-11	5.03e-11	4.08e-49
 8.56813e+14	6.55e-16	8.76e-11	1.31e-06	9.54e-04	9.99e-01	7.96e-05	0.00e+00	5.53e-17	1.66e-16	2.77e-16	2.87e-11	5.89e-11	7.30e-49
 8.85618e+14	8.16e-16	1.04e-10	1.50e-06	1.03e-03	9.99e-01	7.39e-05	0.00e+00	6.90e-17	2.07e-16	3.46e-16	3.43e-11	7.02e-11	1.42e-48
 9.19953e+14	1.03e-15	1.27e-10	1.74e-06	1.12e-03	9.99e-01	6.79e-05	0.00e+00	8.75e-17	2.63e-16	4.39e-16	4.18e-11	8.55e-11	2.99e-48
 9.54087e+14	1.30e-15	1.54e-10	2.02e-06	1.22e-03	9.99e-01	6.26e-05	0.00e+00	1.10e-16	3.31e-16	5.53e-16	5.05e-11	1.03e-10	6.15e-48
 9.85395e+14	1.58e-15	1.81e-10	2.30e-06	1.31e-03	9.99e-01	5.81e-05	0.00e+00	1.34e-16	4.04e-16	6.74e-16	5.96e-11	1.22e-10	1.15e-47
 1.02041e+15	1.95e-15	2.16e-10	2.64e-06	1.41e-03	9.99e-01	5.38e-05	0.00e+00	1.65e-16	4.97e-16	8.30e-16	7.10e-11	1.45e-10	2.25e-47
 1.06103e+15	2.54e-15	2.67e-10	3.09e-06	1.55e-03	9.98e-01	4.93e-05	0.00e+00	2.16e-16	6.49e-16	1.08e-15	8.78e-11	1.80e-10	5.17e-47
 1.10083e+15	3.20e-15	3.24e-10	3.58e-06	1.68e-03	9.98e-01	4.54e-05	0.00e+00	2.72e-16	8.18e-16	1.37e-15	1.06e-10	2.17e-10	1.10e-46
 1.13872e+15	3.88e-15	3.83e-10	4.10e-06	1.81e-03	9.98e-01	4.22e-05	0.00e+00	3.31e-16	9.95e-16	1.66e-15	1.26e-10	2.57e-10	2.12e-46
 1.17208e+15	4.77e-15	4.51e-10	4.60e-06	1.93e-03	9.98e-01	3.95e-05	0.00e+00	4.07e-16	1.22e-15	2.04e-15	1.48e-10	3.02e-10	4.05e-46
 1.19974e+15	5.54e-15	5.10e-10	5.05e-06	2.04e-03	9.98e-01	3.75e-05	0.00e+00	4.73e-16	1.42e-15	2.37e-15	1.68e-10	3.42e-10	6.61e-46
 1.23006e+15	6.47e-15	5.81e-10	5.58e-06	2.16e-03	9.98e-01	3.55e-05	0.00e+00	5.53e-16	1.66e-15	2.77e-15	1.91e-10	3.90e-10	1.11e-45
 1.26949e+15	7.87e-15	6.85e-10	6.33e-06	2.32e-03	9.98e-01	3.31e-05	0.00e+00	6.75e-16	2.02e-15	3.38e-15	2.25e-10	4.60e-10	2.15e-45
 1.31093e+15	9.51e-15	8.07e-10	7.20e-06	2.49e-03	9.97e-01	3.09e-05	0.00e+00	8.15e-16	2.45e-15	4.09e-15	2.65e-10	5.41e-10	4.09e-45
 1.34671e+15	1.13e-14	9.32e-10	8.01e-06	2.64e-03	9.97e-01	2.91e-05	0.00e+00	9.72e-16	2.92e-15	4.87e-15	3.07e-10	6.26e-10	7.31e-45
 1.38494e+15	1.38e-14	1.09e-09	8.96e-06	2.81e-03	9.97e-01	2.74e-05	0.00e+00	1.19e-15	3.57e-15	5.96e-15	3.60e-10	7.34e-10	1.38e-44
 1.43464e+15	1.74e-14	1.32e-09	1.03e-05	3.05e-03	9.97e-01	2.53e-05	0.00e+00	1.49e-15	4.49e-15	7.49e-15	4.34e-10	8.85e-10	2.96e-44
 1.48561e+15	2.17e-14	1.59e-09	1.19e-05	3.29e-03	9.97e-01	2.35e-05	0.00e+00	1.87e-15	5.61e-15	9.37e-15	5.24e-10	1.07e-09	6.21e-44
 1.52809e+15	2.57e-14	1.84e-09	1.33e-05	3.51e-03	9.96e-01	2.21e-05	0.00e+00	2.21e-15	6.64e-15	1.11e-14	6.05e-10	1.23e-09	1.10e-43
 1.57317e+15	3.10e-14	2.15e-09	1.49e-05	3.74e-03	9.96e-01	2.07e-05	0.00e+00	2.67e-15	8.02e-15	1.34e-14	7.08e-10	1.44e-09	2.05e-43
 1.63063e+15	4.02e-14	2.65e-09	1.72e-05	4.05e-03	9.96e-01	1.92e-05	0.00e+00	3.48e-15	1.04e-14	1.74e-14	8.72e-10	1.77e-09	4.73e-43
 1.69095e+15	5.10e-14	3.22e-09	1.98e-05	4.40e-03	9.96e-01	1.78e-05	0.00e+00	4.41e-15	1.32e-14	2.21e-14	1.06e-09	2.16e-09	1.05e-42
 1.74465e+15	6.26e-14	3.83e-09	2.25e-05	4.71e-03	9.95e-01	1.66e-05	0.00e+00	5.43e-15	1.63e-14	2.72e-14	1.26e-09	2.57e-09	2.07e-42
 1.80301e+15	7.73e-14	4.57e-09	2.56e-05	5.07e-03	9.95e-01	1.55e-05	0.00e+00	6.71e-15	2.01e-14	3.36e-14	1.51e-09	3.06e-09	4.17e-42
 1.87273e+15	1.00e-13	5.65e-09	2.98e-05	5.52e-03	9.94e-01	1.43e-05	0.00e+00	8.69e-15	2.61e-14	4.35e-14	1.86e-09	3.79e-09	9.70e-42
 1.94175e+15	1.26e-13	6.89e-09	3.44e-05	5.97e-03	9.94e-01	1.33e-05	0.00e+00	1.10e-14	3.30e-14	5.50e-14	2.27e-09	4.61e-09	2.09e-41
 2.00427e+15	1.56e-13	8.22e-09	3.90e-05	6.40e-03	9.94e-01	1.25e-05	0.00e+00	1.36e-14	4.08e-14	6.80e-14	2.71e-09	5.50e-09	4.17e-41
 2.07378e+15	1.92e-13	9.81e-09	4.47e-05	6.90e-03	9.93e-01	1.17e-05	0.00e+00	1.67e-14	5.02e-14	8.37e-14	3.24e-09	6.57e-09	8.27e-41
 2.15535e+15	2.53e-13	1.23e-08	5.21e-05	7.52e-03	9.92e-01	1.08e-05	0.00e+00	2.21e-14	6.62e-14	1.11e-13	4.07e-09	8.25e-09	2.02e-40
 2.23588e+15	3.24e-13	1.52e-08	6.03e-05	8.14e-03	9.92e-01	1.01e-05	0.00e+00	2.83e-14	8.51e-14	1.42e-13	5.01e-09	1.02e-08	4.47e-40
 2.31143e+15	4.06e-13	1.83e-08	6.88e-05	8.76e-03	9.91e-01	9.43e-06	0.00e+00	3.55e-14	1.07e-13	1.78e-13	6.04e-09	1.23e-08	9.19e-40
 2.39572e+15	5.06e-13	2.21e-08	7.94e-05	9.47e-03	9.90e-01	8.81e-06	0.00e+00	4.43e-14	1.33e-13	2.22e-13	7.30e-09	1.48e-08	1.87e-39
 2.49157e+15	6.78e-13	2.81e-08	9.29e-05	1.03e-02	9.90e-01	8.19e-06	0.00e+00	5.95e-14	1.79e-13	2.98e-13	9.30e-09	1.88e-08	4.75e-39
 2.58634e+15	8.75e-13	3.48e-08	1.08e-04	1.12e-02	9.89e-01	7.66e-06	0.00e+00	7.68e-14	2.30e-13	3.84e-13	1.15e-08	2.33e-08	1.04e-38
 2.66402e+15	1.07e-12	4.13e-08	1.21e-04	1.19e-02	9.88e-01	7.27e-06	0.00e+00	9.39e-14	2.82e-13	4.70e-13	1.37e-08	2.76e-08	1.94e-38
 2.72470e+15	1.24e-12	4.70e-08	1.33e-04	1.25e-02	9.87e-01	6.99e-06	0.00e+00	1.09e-13	3.28e-13	5.47e-13	1.55e-08	3.14e-08	3.14e-38
 2.79116e+15	1.46e-12	5.40e-08	1.46e-04	1.32e-02	9.87e-01	6.70e-06	0.00e+00	1.29e-13	3.86e-13	6.44e-13	1.78e-08	3.61e-08	5.25e-38
 2.87757e+15	1.76e-12	6.33e-08	1.65e-04	1.41e-02	9.86e-01	6.36e-06	0.00e+00	1.55e-13	4.65e-13	7.76e-13	2.09e-08	4.23e-08	9.37e-38
 2.97144e+15	2.24e-12	7.75e-08	1.88e-04	1.51e-02	9.85e-01	6.04e-06	0.00e+00	1.98e-13	5.93e-13	9.89e-13	2.57e-08	5.19e-08	2.00e-37
 3.05578e+15	2.69e-12	9.08e-08	2.11e-04	1.61e-02	9.84e-01	5.78e-06	0.00e+00	2.37e-13	7.12e-13	1.19e-12	3.01e-08	6.07e-08	3.53e-37
 3.14616e+15	3.24e-12	1.06e-07	2.37e-04	1.71e-02	9.83e-01	5.52e-06	0.00e+00	2.86e-13	8.59e-13	1.43e-12	3.52e-08	7.11e-08	6.23e-37
 3.26120e+15	4.24e-12	1.33e-07	2.74e-04	1.85e-02	9.81e-01	5.22e-06	0.00e+00	3.74e-13	1.12e-12	1.87e-12	4.41e-08	8.91e-08	1.43e-36
 3.37755e+15	5.35e-12	1.63e-07	3.15e-04	1.99e-02	9.80e-01	4.97e-06	0.00e+00	4.73e-13	1.42e-12	2.37e-12	5.39e-08	1.09e-07	2.89e-36
 3.47535e+15	6.43e-12	1.90e-07	3.54e-04	2.12e-02	9.78e-01	4.77e-06	0.00e+00	5.69e-13	1.71e-12	2.85e-12	6.30e-08	1.27e-07	4.96e-36
 3.57981e+15	7.87e-12	2.26e-07	3.99e-04	2.26e-02	9.77e-01	4.58e-06	0.00e+00	6.97e-13	2.09e-12	3.49e-12	7.49e-08	1.51e-07	9.12e-36
 3.71164e+15	1.03e-11	2.85e-07	4.62e-04	2.45e-02	9.75e-01	4.37e-06	0.00e+00	9.14e-13	2.74e-12	4.57e-12	9.43e-08	1.90e-07	2.08e-35
 3.84653e+15	1.32e-11	3.51e-07	5.34e-04	2.64e-02	9.73e-01	4.18e-06	0.00e+00	1.17e-12	3.51e-12	5.85e-12	1.16e-07	2.35e-07	4.30e-35
 3.96390e+15	1.62e-11	4.20e-07	6.04e-04	2.82e-02	9.71e-01	4.04e-06	0.00e+00	1.44e-12	4.31e-12	7.19e-12	1.39e-07	2.81e-07	7.96e-35
 4.09103e+15	2.01e-11	5.04e-07	6.87e-04	3.01e-02	9.69e-01	3.89e-06	0.00e+00	1.78e-12	5.35e-12	8.92e-12	1.67e-07	3.37e-07	1.49e-34
 4.24615e+15	2.62e-11	6.33e-07	8.00e-04	3.27e-02	9.67e-01	3.74e-06	0.00e+00	2.33e-12	6.98e-12	1.16e-11	2.10e-07	4.23e-07	3.25e-34
 4.40009e+15	3.34e-11	7.82e-07	9.26e-04	3.53e-02	9.64e-01	3.61e-06	0.00e+00	2.97e-12	8.91e-12	1.49e-11	2.59e-07	5.23e-07	6.59e-34
 4.53624e+15	4.10e-11	9.34e-07	1.05e-03	3.76e-02	9.61e-01	3.50e-06	0.00e+00	3.65e-12	1.10e-11	1.83e-11	3.10e-07	6.25e-07	1.19e-33
 4.68685e+15	5.11e-11	1.12e-06	1.20e-03	4.04e-02	9.58e-01	3.39e-06	0.00e+00	4.55e-12	1.36e-11	2.28e-11	3.72e-07	7.49e-07	2.14e-33
 4.86744e+15	6.82e-11	1.44e-06	1.41e-03	4.39e-02	9.55e-01	3.29e-06	0.00e+00	6.08e-12	1.83e-11	3.04e-11	4.77e-07	9.61e-07	5.01e-33
 5.03848e+15	8.57e-11	1.76e-06	1.62e-03	4.73e-02	9.51e-01	3.19e-06	0.00e+00	7.65e-12	2.29e-11	3.83e-11	5.84e-07	1.18e-06	9.46e-33
 5.18263e+15	1.04e-10	2.06e-06	1.83e-03	5.02e-02	9.48e-01	3.13e-06	0.00e+00	9.27e-12	2.78e-11	4.64e-11	6.85e-07	1.38e-06	1.57e-32
 5.34033e+15	1.28e-10	2.47e-06	2.07e-03	5.37e-02	9.44e-01	3.05e-06	0.00e+00	1.15e-11	3.44e-11	5.73e-11	8.21e-07	1.65e-06	2.80e-32
 5.53806e+15	1.70e-10	3.15e-06	2.42e-03	5.83e-02	9.39e-01	2.98e-06	0.00e+00	1.52e-11	4.57e-11	7.62e-11	1.05e-06	2.11e-06	6.20e-32
 5.71333e+15	2.12e-10	3.81e-06	2.76e-03	6.23e-02	9.35e-01	2.93e-06	0.00e+00	1.90e-11	5.69e-11	9.49e-11	1.27e-06	2.55e-06	1.11e-31
 5.83708e+15	2.46e-10	4.35e-06	3.03e-03	6.54e-02	9.32e-01	2.89e-06	0.00e+00	2.21e-11	6.62e-11	1.10e-10	1.44e-06	2.90e-06	1.67e-31
 5.96839e+15	2.90e-10	4.99e-06	3.33e-03	6.87e-02	9.28e-01	2.85e-06	0.00e+00	2.60e-11	7.81e-11	1.30e-10	1.66e-06	3.34e-06	2.57e-31
 6.13909e+15	3.53e-10	5.86e-06	3.76e-03	7.31e-02	9.23e-01	2.80e-06	0.00e+00	3.17e-11	9.51e-11	1.59e-10	1.94e-06	3.91e-06	4.12e-31
 6.33158e+15	4.53e-10	7.25e-06	4.32e-03	7.85e-02	9.17e-01	2.77e-06	0.00e+00	4.07e-11	1.22e-10	2.03e-10	2.41e-06	4.84e-06	8.11e-31
 6.50271e+15	5.45e-10	8.51e-06	4.85e-03	8.33e-02	9.12e-01	2.73e-06	0.00e+00	4.89e-11	1.47e-10	2.45e-10	2.83e-06	5.69e-06	1.30e-30
 6.67549e+15	6.59e-10	9.94e-06	5.44e-03	8.83e-02	9.06e-01	2.69e-06	0.00e+00	5.93e-11	1.78e-10	2.97e-10	3.30e-06	6.64e-06	2.05e-30
 6.90009e+15	8.67e-10	1.26e-05	6.34e-03	9.56e-02	8.98e-01	2.66e-06	0.00e+00	7.80e-11	2.34e-10	3.90e-10	4.17e-06	8.39e-06	4.29e-30
 7.12048e+15	1.09e-09	1.53e-05	7.29e-03	1.03e-01	8.90e-01	2.62e-06	0.00e+00	9.81e-11	2.94e-10	4.91e-10	5.07e-06	1.02e-05	7.35e-30
 7.29193e+15	1.30e-09	1.76e-05	8.12e-03	1.08e-01	8.84e-01	2.59e-06	0.00e+00	1.17e-10	3.52e-10	5.87e-10	5.86e-06	1.18e-05	1.11e-29
 7.47135e+15	1.58e-09	2.07e-05	9.10e-03	1.15e-01	8.76e-01	2.57e-06	0.00e+00	1.42e-10	4.26e-10	7.11e-10	6.87e-06	1.38e-05	1.77e-29
 7.70460e+15	2.06e-09	2.60e-05	1.06e-02	1.24e-01	8.66e-01	2.54e-06	0.00e+00	1.86e-10	5.58e-10	9.31e-10	8.64e-06	1.74e-05	3.55e-29
 7.94362e+15	2.62e-09	3.17e-05	1.22e-02	1.33e-01	8.55e-01	2.51e-06	0.00e+00	2.37e-10	7.12e-10	1.19e-09	1.05e-05	2.12e-05	6.11e-29
 8.14178e+15	3.19e-09	3.71e-05	1.37e-02	1.41e-01	8.45e-01	2.49e-06	0.00e+00	2.89e-10	8.66e-10	1.44e-09	1.23e-05	2.48e-05	9.39e-29
 8.35101e+15	3.95e-09	4.43e-05	1.56e-02	1.50e-01	8.34e-01	2.47e-06	0.00e+00	3.58e-10	1.07e-09	1.79e-09	1.47e-05	2.95e-05	1.54e-28
 8.57914e+15	5.13e-09	5.50e-05	1.79e-02	1.61e-01	8.21e-01	2.46e-06	0.00e+00	4.65e-10	1.39e-09	2.33e-09	1.83e-05	3.67e-05	2.94e-28
 8.78140e+15	6.24e-09	6.46e-05	2.02e-02	1.70e-01	8.09e-01	2.44e-06	0.00e+00	5.66e-10	1.70e-09	2.83e-09	2.15e-05	4.31e-05	4.47e-28
 8.99390e+15	7.70e-09	7.62e-05	2.29e-02	1.81e-01	7.96e-01	2.42e-06	0.00e+00	6.99e-10	2.10e-09	3.49e-09	2.53e-05	5.08e-05	6.94e-28
 9.22545e+15	1.00e-08	9.49e-05	2.63e-02	1.94e-01	7.80e-01	2.42e-06	0.00e+00	9.10e-10	2.73e-09	4.55e-09	3.16e-05	6.33e-05	1.32e-27
 9.42660e+15	1.22e-08	1.12e-04	2.96e-02	2.05e-01	7.65e-01	2.41e-06	0.00e+00	1.11e-09	3.33e-09	5.55e-09	3.72e-05	7.46e-05	2.04e-27
 9.60578e+15	1.47e-08	1.30e-04	3.30e-02	2.15e-01	7.51e-01	2.40e-06	0.00e+00	1.34e-09	4.03e-09	6.71e-09	4.33e-05	8.68e-05	3.09e-27
 9.77725e+15	1.76e-08	1.50e-04	3.65e-02	2.26e-01	7.37e-01	2.40e-06	0.00e+00	1.61e-09	4.82e-09	8.03e-09	5.00e-05	1.00e-04	4.55e-27
 9.93857e+15	2.09e-08	1.71e-04	4.02e-02	2.36e-01	7.24e-01	2.39e-06	0.00e+00	1.90e-09	5.71e-09	9.52e-09	5.70e-05	1.14e-04	6.41e-27
 1.01210e+16	2.56e-08	2.02e-04	4.51e-02	2.48e-01	7.06e-01	2.39e-06	0.00e+00	2.34e-09	7.02e-09	1.17e-08	6.73e-05	1.35e-04	1.03e-26
 1.03096e+16	3.08e-08	2.32e-04	5.03e-02	2.61e-01	6.89e-01	2.37e-06	0.00e+00	2.81e-09	8.44e-09	1.41e-08	7.72e-05	1.55e-04	1.43e-26
 1.05065e+16	3.93e-08	2.83e-04	5.71e-02	2.75e-01	6.67e-01	2.39e-06	0.00e+00	3.59e-09	1.08e-08	1.80e-08	9.44e-05	1.89e-04	2.59e-26
 1.07163e+16	4.84e-08	3.31e-04	6.48e-02	2.90e-01	6.44e-01	2.37e-06	0.00e+00	4.42e-09	1.33e-08	2.21e-08	1.10e-04	2.20e-04	3.77e-26
 1.09063e+16	6.16e-08	4.05e-04	7.34e-02	3.06e-01	6.20e-01	2.39e-06	0.00e+00	5.64e-09	1.69e-08	2.82e-08	1.35e-04	2.70e-04	6.86e-26
 1.10778e+16	7.50e-08	4.73e-04	8.18e-02	3.20e-01	5.98e-01	2.40e-06	0.00e+00	6.88e-09	2.06e-08	3.44e-08	1.58e-04	3.15e-04	1.05e-25
 1.12343e+16	9.06e-08	5.47e-04	9.06e-02	3.33e-01	5.76e-01	2.40e-06	0.00e+00	8.31e-09	2.49e-08	4.15e-08	1.82e-04	3.65e-04	1.59e-25
 1.13837e+16	1.09e-07	6.30e-04	9.99e-02	3.46e-01	5.54e-01	2.41e-06	0.00e+00	9.98e-09	2.99e-08	4.99e-08	2.10e-04	4.20e-04	2.36e-25
 1.15284e+16	1.30e-07	7.19e-04	1.10e-01	3.58e-01	5.32e-01	2.42e-06	0.00e+00	1.19e-08	3.58e-08	5.96e-08	2.40e-04	4.79e-04	3.36e-25
 1.16938e+16	1.57e-07	8.28e-04	1.22e-01	3.72e-01	5.05e-01	2.40e-06	0.00e+00	1.44e-08	4.33e-08	7.22e-08	2.76e-04	5.52e-04	4.93e-25
 1.18785e+16	2.04e-07	1.02e-03	1.39e-01	3.89e-01	4.71e-01	2.42e-06	0.00e+00	1.87e-08	5.62e-08	9.36e-08	3.39e-04	6.79e-04	9.24e-25
 1.20394e+16	2.48e-07	1.17e-03	1.55e-01	4.02e-01	4.42e-01	2.41e-06	9.13e-12	2.29e-08	6.85e-08	1.14e-07	3.90e-04	7.81e-04	1.36e-24
 1.21744e+16	3.07e-07	1.39e-03	1.71e-01	4.14e-01	4.13e-01	2.45e-06	0.00e+00	2.83e-08	8.48e-08	1.41e-07	4.62e-04	9.24e-04	2.32e-24
 1.22961e+16	3.58e-07	1.54e-03	1.86e-01	4.24e-01	3.89e-01	2.45e-06	1.08e-11	3.31e-08	9.91e-08	1.65e-07	5.15e-04	1.03e-03	3.17e-24
 1.24263e+16	4.31e-07	1.77e-03	2.04e-01	4.35e-01	3.60e-01	2.44e-06	0.00e+00	3.98e-08	1.19e-07	1.99e-07	5.91e-04	1.18e-03	4.84e-24
 1.25653e+16	5.29e-07	2.06e-03	2.24e-01	4.45e-01	3.29e-01	2.42e-06	0.00e+00	4.89e-08	1.47e-07	2.44e-07	6.87e-04	1.37e-03	7.79e-24
 1.26786e+16	6.53e-07	2.43e-03	2.44e-01	4.53e-01	3.01e-01	2.46e-06	0.00e+00	6.04e-08	1.81e-07	3.02e-07	8.09e-04	1.62e-03	1.39e-23
 1.27572e+16	7.35e-07	2.64e-03	2.58e-01	4.57e-01	2.82e-01	2.47e-06	1.54e-11	6.80e-08	2.04e-07	3.40e-07	8.81e-04	1.76e-03	1.84e-23
 1.28279e+16	8.13e-07	2.81e-03	2.71e-01	4.61e-01	2.66e-01	2.46e-06	0.00e+00	7.53e-08	2.26e-07	3.76e-07	9.38e-04	1.88e-03	2.22e-23
 1.29198e+16	9.58e-07	3.19e-03	2.89e-01	4.65e-01	2.42e-01	2.42e-06	0.00e+00	8.87e-08	2.66e-07	4.43e-07	1.06e-03	2.12e-03	3.48e-23
 1.30028e+16	1.08e-06	3.44e-03	3.05e-01	4.68e-01	2.23e-01	2.38e-06	0.00e+00	1.00e-07	3.01e-07	5.02e-07	1.15e-03	2.29e-03	4.45e-23
 1.30632e+16	1.23e-06	3.78e-03	3.19e-01	4.70e-01	2.07e-01	2.38e-06	0.00e+00	1.14e-07	3.42e-07	5.71e-07	1.26e-03	2.52e-03	6.43e-23
 1.31149e+16	1.33e-06	3.94e-03	3.30e-01	4.71e-01	1.95e-01	2.36e-06	0.00e+00	1.23e-07	3.69e-07	6.15e-07	1.31e-03	2.63e-03	7.36e-23
