#depth	N	N+	N+2	N+3	N+4	N+5	N+6	N+7
 1.49634e+10	0.00e+00	0.00e+00	5.92e-30	8.64e-20	1.45e-10	7.71e-01	2.29e-01	3.03e-05
 4.54887e+10	0.00e+00	1.33e-40	7.62e-30	1.03e-19	1.60e-10	7.84e-01	2.16e-01	2.63e-05
 7.72350e+10	0.00e+00	0.00e+00	9.81e-30	1.23e-19	1.76e-10	7.98e-01	2.02e-01	2.28e-05
 1.10251e+11	0.00e+00	2.57e-40	1.26e-29	1.46e-19	1.93e-10	8.10e-01	1.90e-01	1.98e-05
 1.41848e+11	0.00e+00	0.00e+00	1.59e-29	1.71e-19	2.11e-10	8.21e-01	1.79e-01	1.73e-05
 1.70988e+11	0.00e+00	4.57e-40	1.96e-29	1.97e-19	2.28e-10	8.31e-01	1.69e-01	1.54e-05
 2.04035e+11	0.00e+00	0.00e+00	2.45e-29	2.30e-19	2.47e-10	8.41e-01	1.59e-01	1.35e-05
 2.42123e+11	0.00e+00	8.53e-40	3.14e-29	2.72e-19	2.71e-10	8.52e-01	1.48e-01	1.16e-05
 2.79507e+11	0.00e+00	0.00e+00	3.97e-29	3.19e-19	2.95e-10	8.61e-01	1.39e-01	1.01e-05
 3.18387e+11	0.00e+00	1.58e-39	5.02e-29	3.75e-19	3.21e-10	8.70e-01	1.30e-01	8.76e-06
 3.61049e+11	0.00e+00	0.00e+00	6.43e-29	4.43e-19	3.51e-10	8.79e-01	1.21e-01	7.54e-06
 4.04139e+11	0.00e+00	3.01e-39	8.17e-29	5.22e-19	3.83e-10	8.87e-01	1.13e-01	6.51e-06
 4.48953e+11	0.00e+00	0.00e+00	1.04e-28	6.14e-19	4.17e-10	8.95e-01	1.05e-01	5.62e-06
 4.96838e+11	0.00e+00	5.71e-39	1.33e-28	7.25e-19	4.55e-10	9.02e-01	9.78e-02	4.82e-06
 5.46638e+11	0.00e+00	0.00e+00	1.70e-28	8.56e-19	4.97e-10	9.09e-01	9.08e-02	4.14e-06
 5.98430e+11	0.00e+00	1.09e-38	2.17e-28	1.01e-18	5.42e-10	9.16e-01	8.42e-02	3.55e-06
 6.52294e+11	0.00e+00	0.00e+00	2.77e-28	1.19e-18	5.90e-10	9.22e-01	7.81e-02	3.04e-06
 7.08313e+11	0.00e+00	2.09e-38	3.54e-28	1.41e-18	6.43e-10	9.28e-01	7.24e-02	2.60e-06
 7.66572e+11	0.00e+00	0.00e+00	4.51e-28	1.66e-18	7.00e-10	9.33e-01	6.70e-02	2.22e-06
 8.27162e+11	0.00e+00	3.98e-38	5.76e-28	1.95e-18	7.62e-10	9.38e-01	6.21e-02	1.90e-06
 8.90175e+11	0.00e+00	0.00e+00	7.35e-28	2.30e-18	8.30e-10	9.43e-01	5.74e-02	1.62e-06
 9.55709e+11	0.00e+00	7.60e-38	9.38e-28	2.71e-18	9.03e-10	9.47e-01	5.29e-02	1.38e-06
 1.02386e+12	0.00e+00	0.00e+00	1.20e-27	3.20e-18	9.82e-10	9.51e-01	4.89e-02	1.17e-06
 1.08990e+12	0.00e+00	1.42e-37	1.50e-27	3.73e-18	1.06e-09	9.55e-01	4.54e-02	1.01e-06
 1.15041e+12	0.00e+00	0.00e+00	1.84e-27	4.26e-18	1.14e-09	9.57e-01	4.25e-02	8.88e-07
 1.21765e+12	0.00e+00	2.47e-37	2.28e-27	4.93e-18	1.23e-09	9.60e-01	3.96e-02	0.00e+00
 1.29573e+12	0.00e+00	0.00e+00	2.90e-27	5.80e-18	1.33e-09	9.63e-01	3.66e-02	0.00e+00
 1.37298e+12	0.00e+00	4.62e-37	3.66e-27	6.77e-18	1.44e-09	9.66e-01	3.39e-02	0.00e+00
 1.45332e+12	0.00e+00	0.00e+00	4.61e-27	7.91e-18	1.56e-09	9.69e-01	3.14e-02	0.00e+00
 1.54138e+12	0.00e+00	8.68e-37	5.88e-27	9.32e-18	1.70e-09	9.71e-01	2.90e-02	0.00e+00
 1.63040e+12	0.00e+00	0.00e+00	7.46e-27	1.09e-17	1.84e-09	9.73e-01	2.68e-02	0.00e+00
 1.72298e+12	0.00e+00	1.63e-36	9.46e-27	1.28e-17	1.99e-09	9.75e-01	2.47e-02	0.00e+00
 1.82183e+12	4.86e-47	2.26e-36	1.21e-26	1.51e-17	2.17e-09	9.77e-01	2.28e-02	0.00e+00
 1.92463e+12	0.00e+00	0.00e+00	1.55e-26	1.78e-17	2.36e-09	9.79e-01	2.10e-02	0.00e+00
 2.03154e+12	0.00e+00	4.34e-36	1.98e-26	2.10e-17	2.56e-09	9.81e-01	1.93e-02	0.00e+00
 2.14273e+12	1.65e-46	6.01e-36	2.53e-26	2.48e-17	2.78e-09	9.82e-01	1.78e-02	0.00e+00
 2.25837e+12	0.00e+00	0.00e+00	3.23e-26	2.92e-17	3.03e-09	9.84e-01	1.64e-02	0.00e+00
 2.37863e+12	0.00e+00	1.16e-35	4.14e-26	3.45e-17	3.29e-09	9.85e-01	1.51e-02	0.00e+00
 2.50370e+12	5.63e-46	1.61e-35	5.30e-26	4.07e-17	3.58e-09	9.86e-01	1.39e-02	0.00e+00
 2.62123e+12	0.00e+00	0.00e+00	6.64e-26	4.73e-17	3.86e-09	9.87e-01	1.28e-02	0.00e+00
 2.72624e+12	0.00e+00	2.80e-35	8.06e-26	5.38e-17	4.12e-09	9.88e-01	1.20e-02	0.00e+00
 2.84407e+12	1.60e-45	3.72e-35	9.97e-26	6.21e-17	4.43e-09	9.89e-01	1.12e-02	0.00e+00
 2.98384e+12	0.00e+00	0.00e+00	1.27e-25	7.31e-17	4.81e-09	9.90e-01	1.03e-02	0.00e+00
 3.12439e+12	0.00e+00	7.02e-35	1.61e-25	8.56e-17	5.21e-09	9.90e-01	9.52e-03	0.00e+00
 3.25613e+12	5.03e-45	9.31e-35	1.99e-25	9.88e-17	5.60e-09	9.91e-01	8.86e-03	0.00e+00
 3.40189e+12	0.00e+00	0.00e+00	2.51e-25	1.15e-16	6.06e-09	9.92e-01	8.19e-03	0.00e+00
 3.56789e+12	0.00e+00	1.76e-34	3.23e-25	1.37e-16	6.60e-09	9.92e-01	7.52e-03	0.00e+00
 3.73336e+12	1.67e-44	2.43e-34	4.12e-25	1.61e-16	7.17e-09	9.93e-01	6.93e-03	0.00e+00
 3.90544e+12	0.00e+00	3.36e-34	5.25e-25	1.89e-16	7.79e-09	9.94e-01	6.38e-03	0.00e+00
 4.09158e+12	3.80e-44	4.71e-34	6.78e-25	2.25e-16	8.49e-09	9.94e-01	5.85e-03	0.00e+00
 4.28518e+12	0.00e+00	6.60e-34	8.75e-25	2.67e-16	9.26e-09	9.95e-01	5.36e-03	0.00e+00
 4.46764e+12	8.48e-44	8.97e-34	1.10e-24	3.12e-16	1.00e-08	9.95e-01	4.95e-03	0.00e+00
 4.63174e+12	0.00e+00	1.17e-33	1.35e-24	3.58e-16	1.07e-08	9.95e-01	4.62e-03	0.00e+00
 4.81648e+12	1.71e-43	1.57e-33	1.69e-24	4.15e-16	1.16e-08	9.96e-01	4.28e-03	0.00e+00
 5.03428e+12	0.00e+00	2.20e-33	2.18e-24	4.93e-16	1.26e-08	9.96e-01	3.93e-03	0.00e+00
 5.25208e+12	3.87e-43	3.03e-33	2.78e-24	5.81e-16	1.38e-08	9.96e-01	3.61e-03	0.00e+00
 5.45704e+12	0.00e+00	4.07e-33	3.47e-24	6.76e-16	1.48e-08	9.97e-01	3.35e-03	0.00e+00
 5.68371e+12	8.24e-43	5.57e-33	4.41e-24	7.94e-16	1.61e-08	9.97e-01	3.08e-03	0.00e+00
 5.94099e+12	0.00e+00	7.86e-33	5.73e-24	9.48e-16	1.76e-08	9.97e-01	2.82e-03	0.00e+00
 6.19523e+12	1.90e-42	1.09e-32	7.36e-24	1.12e-15	1.92e-08	9.97e-01	2.58e-03	0.00e+00
 6.45965e+12	0.00e+00	1.52e-32	9.46e-24	1.33e-15	2.10e-08	9.98e-01	2.37e-03	0.00e+00
 6.74796e+12	4.40e-42	2.15e-32	1.23e-23	1.59e-15	2.30e-08	9.98e-01	2.16e-03	0.00e+00
 7.03881e+12	0.00e+00	3.00e-32	1.59e-23	1.90e-15	2.52e-08	9.98e-01	1.98e-03	0.00e+00
 7.34128e+12	1.01e-41	4.21e-32	2.06e-23	2.26e-15	2.76e-08	9.98e-01	1.80e-03	0.00e+00
 7.65320e+12	0.00e+00	5.89e-32	2.67e-23	2.70e-15	3.02e-08	9.98e-01	1.65e-03	0.00e+00
 7.95906e+12	2.27e-41	8.08e-32	3.40e-23	3.19e-15	3.29e-08	9.98e-01	1.51e-03	0.00e+00
 8.28881e+12	0.00e+00	1.12e-31	4.38e-23	3.79e-15	3.59e-08	9.99e-01	1.38e-03	0.00e+00
 8.65029e+12	5.25e-41	1.59e-31	5.73e-23	4.56e-15	3.95e-08	9.99e-01	1.26e-03	0.00e+00
 9.02623e+12	0.00e+00	2.25e-31	7.49e-23	5.49e-15	4.35e-08	9.99e-01	1.14e-03	0.00e+00
 9.41720e+12	1.23e-40	3.18e-31	9.79e-23	6.60e-15	4.79e-08	9.99e-01	1.04e-03	0.00e+00
 9.82382e+12	0.00e+00	4.49e-31	1.28e-22	7.95e-15	5.28e-08	9.99e-01	9.44e-04	0.00e+00
 1.01914e+13	2.73e-40	6.07e-31	1.62e-22	9.36e-15	5.75e-08	9.99e-01	8.67e-04	0.00e+00
 1.04972e+13	0.00e+00	7.73e-31	1.95e-22	1.07e-14	6.16e-08	9.99e-01	8.10e-04	0.00e+00
 1.08321e+13	5.03e-40	9.98e-31	2.38e-22	1.23e-14	6.63e-08	9.99e-01	7.53e-04	0.00e+00
 1.12567e+13	0.00e+00	1.37e-30	3.04e-22	1.46e-14	7.26e-08	9.99e-01	6.88e-04	0.00e+00
 1.17000e+13	1.08e-39	1.87e-30	3.89e-22	1.73e-14	7.96e-08	9.99e-01	6.28e-04	0.00e+00
 1.20758e+13	0.00e+00	2.41e-30	4.75e-22	2.00e-14	8.58e-08	9.99e-01	5.83e-04	0.00e+00
 1.24620e+13	2.02e-39	3.11e-30	5.80e-22	2.30e-14	9.25e-08	9.99e-01	5.41e-04	0.00e+00
 1.29488e+13	0.00e+00	4.24e-30	7.40e-22	2.74e-14	1.01e-07	1.00e+00	4.94e-04	0.00e+00
 1.34437e+13	4.22e-39	5.72e-30	9.38e-22	3.24e-14	1.11e-07	1.00e+00	4.52e-04	0.00e+00
 1.38674e+13	0.00e+00	7.32e-30	1.14e-21	3.73e-14	1.20e-07	1.00e+00	4.19e-04	0.00e+00
 1.43217e+13	7.75e-39	9.44e-30	1.40e-21	4.31e-14	1.29e-07	1.00e+00	3.88e-04	0.00e+00
 1.48849e+13	0.00e+00	1.28e-29	1.78e-21	5.12e-14	1.42e-07	1.00e+00	3.54e-04	0.00e+00
 1.54629e+13	1.60e-38	1.72e-29	2.25e-21	6.08e-14	1.56e-07	1.00e+00	3.23e-04	0.00e+00
 1.59821e+13	0.00e+00	2.23e-29	2.76e-21	7.04e-14	1.69e-07	1.00e+00	2.98e-04	0.00e+00
 1.65520e+13	3.02e-38	2.92e-29	3.43e-21	8.23e-14	1.83e-07	1.00e+00	2.74e-04	0.00e+00
 1.72266e+13	0.00e+00	3.96e-29	4.38e-21	9.84e-14	2.02e-07	1.00e+00	2.49e-04	0.00e+00
 1.79029e+13	6.20e-38	5.31e-29	5.54e-21	1.17e-13	2.22e-07	1.00e+00	2.27e-04	0.00e+00
 1.85430e+13	0.00e+00	6.93e-29	6.85e-21	1.36e-13	2.41e-07	1.00e+00	2.09e-04	0.00e+00
 1.92515e+13	1.20e-37	9.19e-29	8.59e-21	1.61e-13	2.64e-07	1.00e+00	1.91e-04	0.00e+00
 2.00515e+13	0.00e+00	1.25e-28	1.10e-20	1.92e-13	2.91e-07	1.00e+00	1.74e-04	0.00e+00
 2.08491e+13	2.44e-37	1.66e-28	1.38e-20	2.28e-13	3.20e-07	1.00e+00	1.58e-04	0.00e+00
 2.15529e+13	0.00e+00	2.13e-28	1.69e-20	2.63e-13	3.46e-07	1.00e+00	1.46e-04	0.00e+00
 2.21721e+13	4.21e-37	2.62e-28	1.99e-20	2.98e-13	3.70e-07	1.00e+00	1.37e-04	0.00e+00
 2.28737e+13	0.00e+00	3.30e-28	2.40e-20	3.40e-13	3.98e-07	1.00e+00	1.27e-04	0.00e+00
 2.36559e+13	7.42e-37	4.21e-28	2.92e-20	3.94e-13	4.31e-07	1.00e+00	1.18e-04	0.00e+00
 2.43909e+13	0.00e+00	5.26e-28	3.50e-20	4.49e-13	4.64e-07	1.00e+00	1.09e-04	0.00e+00
 2.51942e+13	1.29e-36	6.66e-28	4.22e-20	5.16e-13	5.00e-07	1.00e+00	1.01e-04	0.00e+00
 2.60919e+13	0.00e+00	8.58e-28	5.18e-20	5.99e-13	5.43e-07	1.00e+00	9.35e-05	0.00e+00
 2.69390e+13	2.29e-36	1.08e-27	6.24e-20	6.86e-13	5.86e-07	1.00e+00	8.68e-05	0.00e+00
 2.78671e+13	0.00e+00	1.38e-27	7.59e-20	7.92e-13	6.34e-07	1.00e+00	8.02e-05	0.00e+00
 2.89057e+13	4.21e-36	1.79e-27	9.38e-20	9.25e-13	6.91e-07	1.00e+00	7.37e-05	0.00e+00
 2.98895e+13	0.00e+00	2.28e-27	1.14e-19	1.07e-12	7.47e-07	1.00e+00	6.82e-05	0.00e+00
 3.07997e+13	7.24e-36	2.82e-27	1.35e-19	1.21e-12	8.01e-07	1.00e+00	6.36e-05	0.00e+00
 3.18130e+13	0.00e+00	3.56e-27	1.63e-19	1.38e-12	8.63e-07	1.00e+00	5.91e-05	0.00e+00
 3.29494e+13	1.29e-35	4.56e-27	1.99e-19	1.60e-12	9.36e-07	1.00e+00	5.45e-05	0.00e+00
 3.40220e+13	0.00e+00	5.73e-27	2.40e-19	1.83e-12	1.01e-06	1.00e+00	5.06e-05	0.00e+00
 3.51925e+13	2.26e-35	7.29e-27	2.91e-19	2.11e-12	1.09e-06	1.00e+00	4.69e-05	0.00e+00
 3.64872e+13	0.00e+00	9.42e-27	3.58e-19	2.45e-12	1.18e-06	1.00e+00	4.32e-05	0.00e+00
 3.76866e+13	4.04e-35	1.19e-26	4.30e-19	2.81e-12	1.27e-06	1.00e+00	4.01e-05	0.00e+00
 3.89889e+13	0.00e+00	1.51e-26	5.22e-19	3.23e-12	1.38e-06	1.00e+00	3.71e-05	0.00e+00
 4.04454e+13	7.37e-35	1.96e-26	6.44e-19	3.76e-12	1.50e-06	1.00e+00	3.42e-05	0.00e+00
 4.18192e+13	0.00e+00	2.48e-26	7.80e-19	4.31e-12	1.62e-06	1.00e+00	3.17e-05	0.00e+00
 4.33220e+13	1.33e-34	3.20e-26	9.54e-19	4.98e-12	1.75e-06	1.00e+00	2.93e-05	0.00e+00
 4.49998e+13	0.00e+00	4.18e-26	1.18e-18	5.82e-12	1.91e-06	1.00e+00	2.69e-05	0.00e+00
 4.65804e+13	2.47e-34	5.36e-26	1.44e-18	6.71e-12	2.06e-06	1.00e+00	2.49e-05	0.00e+00
 4.82944e+13	3.37e-34	6.94e-26	1.78e-18	7.77e-12	2.23e-06	1.00e+00	2.30e-05	0.00e+00
 5.02169e+13	4.71e-34	9.17e-26	2.22e-18	9.12e-12	2.44e-06	1.00e+00	2.11e-05	0.00e+00
 5.20723e+13	6.42e-34	1.19e-25	2.73e-18	1.06e-11	2.65e-06	1.00e+00	1.94e-05	0.00e+00
 5.40410e+13	8.96e-34	1.56e-25	3.38e-18	1.23e-11	2.87e-06	1.00e+00	1.79e-05	0.00e+00
 5.62326e+13	1.26e-33	2.07e-25	4.25e-18	1.44e-11	3.13e-06	1.00e+00	1.64e-05	0.00e+00
 5.84395e+13	1.76e-33	2.73e-25	5.29e-18	1.69e-11	3.41e-06	1.00e+00	1.51e-05	0.00e+00
 6.07346e+13	2.49e-33	3.63e-25	6.61e-18	1.97e-11	3.70e-06	1.00e+00	1.39e-05	0.00e+00
 6.31939e+13	3.52e-33	4.85e-25	8.31e-18	2.31e-11	4.04e-06	1.00e+00	1.27e-05	0.00e+00
 6.55225e+13	4.87e-33	6.33e-25	1.02e-17	2.68e-11	4.37e-06	1.00e+00	1.18e-05	0.00e+00
 6.76307e+13	6.46e-33	7.98e-25	1.23e-17	3.04e-11	4.68e-06	1.00e+00	1.10e-05	0.00e+00
 6.96202e+13	8.38e-33	9.89e-25	1.46e-17	3.42e-11	4.98e-06	1.00e+00	1.03e-05	0.00e+00
 7.18191e+13	1.11e-32	1.25e-24	1.74e-17	3.87e-11	5.32e-06	1.00e+00	9.69e-06	0.00e+00
 7.42879e+13	1.51e-32	1.60e-24	2.12e-17	4.43e-11	5.72e-06	1.00e+00	9.02e-06	0.00e+00
 7.66354e+13	2.01e-32	2.02e-24	2.54e-17	5.02e-11	6.11e-06	1.00e+00	8.44e-06	0.00e+00
 7.92152e+13	2.71e-32	2.59e-24	3.08e-17	5.73e-11	6.55e-06	1.00e+00	7.87e-06	0.00e+00
 8.20390e+13	3.76e-32	3.38e-24	3.79e-17	6.60e-11	7.05e-06	1.00e+00	7.32e-06	0.00e+00
 8.46199e+13	4.99e-32	4.26e-24	4.54e-17	7.47e-11	7.53e-06	1.00e+00	6.85e-06	0.00e+00
 8.74147e+13	6.75e-32	5.45e-24	5.49e-17	8.51e-11	8.06e-06	1.00e+00	6.40e-06	0.00e+00
 9.05412e+13	9.37e-32	7.11e-24	6.74e-17	9.79e-11	8.67e-06	1.00e+00	5.95e-06	0.00e+00
 9.34960e+13	1.27e-31	9.08e-24	8.14e-17	1.11e-10	9.27e-06	1.00e+00	5.57e-06	0.00e+00
 9.67340e+13	1.75e-31	1.18e-23	9.94e-17	1.28e-10	9.95e-06	1.00e+00	5.19e-06	0.00e+00
 1.00329e+14	2.47e-31	1.56e-23	1.23e-16	1.48e-10	1.07e-05	1.00e+00	4.82e-06	0.00e+00
 1.03690e+14	3.37e-31	2.01e-23	1.50e-16	1.68e-10	1.15e-05	1.00e+00	4.50e-06	0.00e+00
 1.07359e+14	4.71e-31	2.63e-23	1.84e-16	1.93e-10	1.23e-05	1.00e+00	4.19e-06	0.00e+00
 1.11460e+14	6.75e-31	3.52e-23	2.29e-16	2.24e-10	1.33e-05	1.00e+00	3.88e-06	0.00e+00
 1.15340e+14	9.39e-31	4.59e-23	2.81e-16	2.57e-10	1.43e-05	1.00e+00	3.62e-06	0.00e+00
 1.19552e+14	1.33e-30	6.08e-23	3.47e-16	2.97e-10	1.53e-05	1.00e+00	3.37e-06	0.00e+00
 1.24249e+14	1.94e-30	8.22e-23	4.37e-16	3.46e-10	1.66e-05	1.00e+00	3.12e-06	0.00e+00
 1.28770e+14	2.75e-30	1.09e-22	5.40e-16	3.99e-10	1.78e-05	1.00e+00	2.90e-06	0.00e+00
 1.33587e+14	3.94e-30	1.45e-22	6.72e-16	4.62e-10	1.91e-05	1.00e+00	2.70e-06	0.00e+00
 1.38960e+14	5.80e-30	1.98e-22	8.49e-16	5.40e-10	2.07e-05	1.00e+00	2.49e-06	0.00e+00
 1.44348e+14	8.44e-30	2.68e-22	1.07e-15	6.28e-10	2.23e-05	1.00e+00	2.31e-06	0.00e+00
 1.49951e+14	1.23e-29	3.62e-22	1.34e-15	7.31e-10	2.41e-05	1.00e+00	2.14e-06	0.00e+00
 1.55979e+14	1.82e-29	4.96e-22	1.69e-15	8.55e-10	2.61e-05	1.00e+00	1.98e-06	0.00e+00
 1.62248e+14	2.69e-29	6.77e-22	2.14e-15	1.00e-09	2.82e-05	1.00e+00	1.83e-06	0.00e+00
 1.68767e+14	3.98e-29	9.26e-22	2.71e-15	1.17e-09	3.05e-05	1.00e+00	1.69e-06	0.00e+00
 1.75102e+14	5.73e-29	1.24e-21	3.37e-15	1.35e-09	3.28e-05	1.00e+00	1.58e-06	0.00e+00
 1.81092e+14	8.00e-29	1.62e-21	4.12e-15	1.55e-09	3.50e-05	1.00e+00	1.47e-06	0.00e+00
 1.86750e+14	1.09e-28	2.07e-21	4.96e-15	1.75e-09	3.72e-05	1.00e+00	1.39e-06	0.00e+00
 1.92910e+14	1.50e-28	2.68e-21	6.02e-15	1.99e-09	3.97e-05	1.00e+00	1.30e-06	0.00e+00
 1.99773e+14	2.12e-28	3.54e-21	7.42e-15	2.29e-09	4.25e-05	1.00e+00	1.21e-06	0.00e+00
 2.06248e+14	2.89e-28	4.54e-21	8.97e-15	2.60e-09	4.53e-05	1.00e+00	1.14e-06	0.00e+00
 2.13366e+14	4.04e-28	5.94e-21	1.10e-14	2.97e-09	4.84e-05	1.00e+00	1.06e-06	0.00e+00
 2.21371e+14	5.85e-28	7.97e-21	1.37e-14	3.44e-09	5.21e-05	1.00e+00	9.89e-07	0.00e+00
 2.29017e+14	8.16e-28	1.04e-20	1.68e-14	3.94e-09	5.57e-05	1.00e+00	0.00e+00	0.00e+00
 2.37352e+14	1.15e-27	1.38e-20	2.08e-14	4.54e-09	5.99e-05	1.00e+00	0.00e+00	0.00e+00
 2.46668e+14	1.69e-27	1.87e-20	2.61e-14	5.30e-09	6.46e-05	1.00e+00	0.00e+00	0.00e+00
 2.55733e+14	2.38e-27	2.47e-20	3.24e-14	6.12e-09	6.96e-05	1.00e+00	0.00e+00	0.00e+00
 2.65368e+14	3.43e-27	3.31e-20	4.04e-14	7.09e-09	7.48e-05	1.00e+00	0.00e+00	0.00e+00
 2.75146e+14	4.86e-27	4.39e-20	5.02e-14	8.19e-09	8.05e-05	1.00e+00	0.00e+00	0.00e+00
 2.83777e+14	6.63e-27	5.62e-20	6.04e-14	9.27e-09	8.55e-05	1.00e+00	0.00e+00	0.00e+00
 2.93142e+14	9.00e-27	7.22e-20	7.33e-14	1.05e-08	9.14e-05	1.00e+00	0.00e+00	0.00e+00
 3.04419e+14	1.31e-26	9.75e-20	9.19e-14	1.23e-08	9.85e-05	1.00e+00	0.00e+00	0.00e+00
 3.15614e+14	1.84e-26	1.28e-19	1.14e-13	1.42e-08	1.06e-04	1.00e+00	0.00e+00	0.00e+00
 3.25620e+14	2.48e-26	1.64e-19	1.37e-13	1.60e-08	1.13e-04	1.00e+00	0.00e+00	0.00e+00
 3.36646e+14	3.42e-26	2.12e-19	1.68e-13	1.83e-08	1.21e-04	1.00e+00	0.00e+00	0.00e+00
 3.49751e+14	5.00e-26	2.88e-19	2.11e-13	2.13e-08	1.30e-04	1.00e+00	0.00e+00	0.00e+00
 3.62732e+14	6.99e-26	3.79e-19	2.62e-13	2.47e-08	1.40e-04	1.00e+00	0.00e+00	0.00e+00
 3.74569e+14	9.61e-26	4.89e-19	3.17e-13	2.81e-08	1.50e-04	1.00e+00	0.00e+00	0.00e+00
 3.87742e+14	1.32e-25	6.35e-19	3.90e-13	3.22e-08	1.60e-04	1.00e+00	0.00e+00	0.00e+00
 4.03107e+14	1.90e-25	8.55e-19	4.91e-13	3.77e-08	1.74e-04	1.00e+00	0.00e+00	0.00e+00
 4.18216e+14	2.74e-25	1.14e-18	6.12e-13	4.36e-08	1.87e-04	1.00e+00	0.00e+00	0.00e+00
 4.32500e+14	3.69e-25	1.47e-18	7.47e-13	4.99e-08	2.00e-04	1.00e+00	0.00e+00	0.00e+00
 4.48402e+14	5.28e-25	1.95e-18	9.28e-13	5.76e-08	2.15e-04	1.00e+00	0.00e+00	0.00e+00
 4.66367e+14	7.52e-25	2.62e-18	1.17e-12	6.74e-08	2.33e-04	1.00e+00	0.00e+00	0.00e+00
 4.84307e+14	1.07e-24	3.49e-18	1.47e-12	7.84e-08	2.52e-04	1.00e+00	0.00e+00	0.00e+00
 5.01086e+14	1.47e-24	4.52e-18	1.80e-12	8.98e-08	2.70e-04	1.00e+00	0.00e+00	0.00e+00
 5.19281e+14	2.05e-24	5.93e-18	2.22e-12	1.04e-07	2.90e-04	1.00e+00	0.00e+00	0.00e+00
 5.40082e+14	3.01e-24	8.08e-18	2.81e-12	1.21e-07	3.14e-04	1.00e+00	0.00e+00	0.00e+00
 5.59734e+14	4.10e-24	1.05e-17	3.47e-12	1.40e-07	3.38e-04	1.00e+00	0.00e+00	0.00e+00
 5.77349e+14	5.57e-24	1.34e-17	4.18e-12	1.58e-07	3.59e-04	1.00e+00	0.00e+00	0.00e+00
 5.93965e+14	7.09e-24	1.64e-17	4.94e-12	1.77e-07	3.81e-04	1.00e+00	0.00e+00	0.00e+00
 6.12478e+14	9.40e-24	2.07e-17	5.93e-12	2.00e-07	4.05e-04	1.00e+00	0.00e+00	0.00e+00
 6.33131e+14	1.27e-23	2.65e-17	7.23e-12	2.29e-07	4.33e-04	1.00e+00	0.00e+00	0.00e+00
 6.52561e+14	1.71e-23	3.36e-17	8.65e-12	2.58e-07	4.60e-04	1.00e+00	0.00e+00	0.00e+00
 6.73819e+14	2.25e-23	4.24e-17	1.05e-11	2.93e-07	4.92e-04	1.00e+00	0.00e+00	0.00e+00
 6.97543e+14	3.14e-23	5.54e-17	1.29e-11	3.37e-07	5.27e-04	9.99e-01	0.00e+00	0.00e+00
 7.20067e+14	4.12e-23	6.96e-17	1.55e-11	3.82e-07	5.63e-04	9.99e-01	0.00e+00	0.00e+00
 7.44944e+14	5.71e-23	9.06e-17	1.90e-11	4.38e-07	6.02e-04	9.99e-01	0.00e+00	0.00e+00
 7.72425e+14	7.76e-23	1.17e-16	2.35e-11	5.06e-07	6.49e-04	9.99e-01	0.00e+00	0.00e+00
 7.97682e+14	1.03e-22	1.49e-16	2.85e-11	5.75e-07	6.93e-04	9.99e-01	0.00e+00	0.00e+00
 8.24904e+14	1.43e-22	1.93e-16	3.48e-11	6.57e-07	7.41e-04	9.99e-01	0.00e+00	0.00e+00
 8.55446e+14	1.93e-22	2.50e-16	4.31e-11	7.60e-07	7.98e-04	9.99e-01	0.00e+00	0.00e+00
 8.84219e+14	2.66e-22	3.23e-16	5.25e-11	8.67e-07	8.53e-04	9.99e-01	0.00e+00	0.00e+00
 9.15540e+14	3.53e-22	4.12e-16	6.45e-11	9.97e-07	9.17e-04	9.99e-01	0.00e+00	0.00e+00
 9.50244e+14	4.98e-22	5.46e-16	8.05e-11	1.16e-06	9.89e-04	9.99e-01	0.00e+00	0.00e+00
 9.82591e+14	6.63e-22	6.95e-16	9.81e-11	1.32e-06	1.06e-03	9.99e-01	0.00e+00	0.00e+00
 1.01788e+15	9.24e-22	9.11e-16	1.21e-10	1.52e-06	1.14e-03	9.99e-01	0.00e+00	0.00e+00
 1.05750e+15	1.26e-21	1.19e-15	1.52e-10	1.77e-06	1.23e-03	9.99e-01	0.00e+00	0.00e+00
 1.09490e+15	1.74e-21	1.55e-15	1.86e-10	2.04e-06	1.32e-03	9.99e-01	0.00e+00	0.00e+00
 1.13491e+15	2.32e-21	1.98e-15	2.30e-10	2.35e-06	1.43e-03	9.99e-01	0.00e+00	0.00e+00
 1.17937e+15	3.28e-21	2.64e-15	2.89e-10	2.74e-06	1.54e-03	9.98e-01	0.00e+00	0.00e+00
 1.22252e+15	4.40e-21	3.39e-15	3.57e-10	3.17e-06	1.66e-03	9.98e-01	0.00e+00	0.00e+00
 1.26838e+15	6.13e-21	4.46e-15	4.44e-10	3.67e-06	1.80e-03	9.98e-01	0.00e+00	0.00e+00
 1.31914e+15	8.39e-21	5.84e-15	5.59e-10	4.29e-06	1.95e-03	9.98e-01	0.00e+00	0.00e+00
 1.36892e+15	1.16e-20	7.66e-15	6.95e-10	4.98e-06	2.11e-03	9.98e-01	0.00e+00	0.00e+00
 1.40993e+15	1.46e-20	9.35e-15	8.27e-10	5.60e-06	2.25e-03	9.98e-01	0.00e+00	0.00e+00
 1.44282e+15	1.77e-20	1.10e-14	9.47e-10	6.14e-06	2.36e-03	9.98e-01	0.00e+00	0.00e+00
 1.47911e+15	2.19e-20	1.32e-14	1.10e-09	6.79e-06	2.49e-03	9.98e-01	0.00e+00	0.00e+00
 1.52629e+15	2.82e-20	1.64e-14	1.32e-09	7.70e-06	2.66e-03	9.97e-01	0.00e+00	0.00e+00
 1.57692e+15	3.67e-20	2.05e-14	1.60e-09	8.78e-06	2.86e-03	9.97e-01	0.00e+00	0.00e+00
 1.62194e+15	4.66e-20	2.51e-14	1.88e-09	9.82e-06	3.03e-03	9.97e-01	0.00e+00	0.00e+00
 1.67037e+15	5.85e-20	3.07e-14	2.23e-09	1.11e-05	3.24e-03	9.97e-01	0.00e+00	0.00e+00
 1.73171e+15	7.81e-20	3.93e-14	2.76e-09	1.28e-05	3.50e-03	9.96e-01	0.00e+00	0.00e+00
 1.79392e+15	1.05e-19	5.05e-14	3.40e-09	1.47e-05	3.77e-03	9.96e-01	0.00e+00	0.00e+00
 1.84695e+15	1.32e-19	6.17e-14	4.03e-09	1.65e-05	4.03e-03	9.96e-01	0.00e+00	0.00e+00
 1.90396e+15	1.68e-19	7.60e-14	4.82e-09	1.87e-05	4.30e-03	9.96e-01	0.00e+00	0.00e+00
 1.97492e+15	2.23e-19	9.74e-14	5.97e-09	2.16e-05	4.67e-03	9.95e-01	0.00e+00	0.00e+00
 2.04732e+15	2.99e-19	1.25e-13	7.37e-09	2.50e-05	5.05e-03	9.95e-01	0.00e+00	0.00e+00
 2.11106e+15	3.80e-19	1.54e-13	8.82e-09	2.82e-05	5.41e-03	9.95e-01	0.00e+00	0.00e+00
 2.18023e+15	4.90e-19	1.93e-13	1.07e-08	3.21e-05	5.80e-03	9.94e-01	0.00e+00	0.00e+00
 2.26372e+15	6.61e-19	2.50e-13	1.33e-08	3.74e-05	6.31e-03	9.94e-01	0.00e+00	0.00e+00
 2.34635e+15	8.77e-19	3.20e-13	1.64e-08	4.31e-05	6.85e-03	9.93e-01	0.00e+00	0.00e+00
 2.41952e+15	1.12e-18	3.96e-13	1.97e-08	4.87e-05	7.32e-03	9.93e-01	0.00e+00	0.00e+00
 2.49989e+15	1.44e-18	4.94e-13	2.39e-08	5.56e-05	7.87e-03	9.92e-01	0.00e+00	0.00e+00
 2.59624e+15	1.97e-18	6.46e-13	2.99e-08	6.46e-05	8.57e-03	9.91e-01	0.00e+00	0.00e+00
 2.69232e+15	2.65e-18	8.34e-13	3.70e-08	7.47e-05	9.29e-03	9.91e-01	0.00e+00	0.00e+00
 2.78003e+15	3.37e-18	1.03e-12	4.48e-08	8.49e-05	9.98e-03	9.90e-01	0.00e+00	0.00e+00
 2.87790e+15	4.50e-18	1.32e-12	5.49e-08	9.75e-05	1.08e-02	9.89e-01	0.00e+00	0.00e+00
 2.99190e+15	6.23e-18	1.75e-12	6.93e-08	1.14e-04	1.18e-02	9.88e-01	0.00e+00	0.00e+00
 3.10426e+15	8.38e-18	2.26e-12	8.63e-08	1.32e-04	1.28e-02	9.87e-01	0.00e+00	0.00e+00
 3.21100e+15	1.11e-17	2.88e-12	1.06e-07	1.51e-04	1.37e-02	9.86e-01	0.00e+00	0.00e+00
 3.32936e+15	1.49e-17	3.73e-12	1.31e-07	1.74e-04	1.49e-02	9.85e-01	0.00e+00	0.00e+00
 3.44086e+15	1.93e-17	4.67e-12	1.60e-07	1.99e-04	1.60e-02	9.84e-01	0.00e+00	0.00e+00
 3.52432e+15	2.37e-17	5.57e-12	1.84e-07	2.19e-04	1.69e-02	9.83e-01	0.00e+00	0.00e+00
 3.61000e+15	2.95e-17	6.67e-12	2.13e-07	2.41e-04	1.78e-02	9.82e-01	0.00e+00	0.00e+00
 3.72138e+15	3.80e-17	8.31e-12	2.56e-07	2.72e-04	1.91e-02	9.81e-01	0.00e+00	0.00e+00
 3.84157e+15	4.88e-17	1.03e-11	3.09e-07	3.08e-04	2.04e-02	9.79e-01	0.00e+00	0.00e+00
 3.94975e+15	6.21e-17	1.27e-11	3.66e-07	3.44e-04	2.17e-02	9.78e-01	0.00e+00	0.00e+00
 4.06692e+15	7.96e-17	1.57e-11	4.36e-07	3.87e-04	2.32e-02	9.76e-01	0.00e+00	0.00e+00
 4.21582e+15	1.11e-16	2.07e-11	5.43e-07	4.47e-04	2.51e-02	9.74e-01	0.00e+00	0.00e+00
 4.36583e+15	2.24e-16	2.64e-11	6.71e-07	5.14e-04	2.70e-02	9.72e-01	0.00e+00	0.00e+00
 4.49197e+15	2.04e-16	3.28e-11	7.97e-07	5.76e-04	2.88e-02	9.71e-01	0.00e+00	0.00e+00
 4.62722e+15	2.65e-16	4.08e-11	9.55e-07	6.48e-04	3.07e-02	9.69e-01	0.00e+00	0.00e+00
 4.79776e+15	3.76e-16	5.43e-11	1.19e-06	7.48e-04	3.32e-02	9.66e-01	0.00e+00	0.00e+00
 4.97623e+15	5.19e-16	7.13e-11	1.49e-06	8.65e-04	3.59e-02	9.63e-01	0.00e+00	0.00e+00
 5.13604e+15	6.74e-16	8.94e-11	1.80e-06	9.82e-04	3.85e-02	9.61e-01	0.00e+00	0.00e+00
 5.30953e+15	9.07e-16	1.15e-10	2.21e-06	1.12e-03	4.13e-02	9.58e-01	0.00e+00	0.00e+00
 5.51575e+15	1.33e-15	1.56e-10	2.79e-06	1.30e-03	4.49e-02	9.54e-01	0.00e+00	0.00e+00
 5.71882e+15	1.84e-15	2.05e-10	3.47e-06	1.51e-03	4.84e-02	9.50e-01	0.00e+00	0.00e+00
 5.90316e+15	2.46e-15	2.61e-10	4.22e-06	1.71e-03	5.18e-02	9.47e-01	0.00e+00	0.00e+00
 6.10882e+15	3.28e-15	3.35e-10	5.20e-06	1.96e-03	5.57e-02	9.42e-01	0.00e+00	0.00e+00
 6.34958e+15	4.87e-15	4.60e-10	6.60e-06	2.29e-03	6.05e-02	9.37e-01	0.00e+00	0.00e+00
 6.58644e+15	6.89e-15	6.11e-10	8.26e-06	2.64e-03	6.52e-02	9.32e-01	0.00e+00	0.00e+00
 6.80898e+15	9.40e-15	7.90e-10	1.01e-05	3.02e-03	6.99e-02	9.27e-01	0.00e+00	0.00e+00
 7.05756e+15	1.30e-14	1.04e-09	1.26e-05	3.48e-03	7.53e-02	9.21e-01	0.00e+00	0.00e+00
 7.33990e+15	1.91e-14	1.42e-09	1.61e-05	4.07e-03	8.17e-02	9.14e-01	0.00e+00	0.00e+00
 7.57619e+15	2.58e-14	1.82e-09	1.95e-05	4.61e-03	8.71e-02	9.08e-01	0.00e+00	0.00e+00
 7.74529e+15	3.18e-14	2.16e-09	2.23e-05	5.03e-03	9.11e-02	9.04e-01	0.00e+00	0.00e+00
 7.92181e+15	3.94e-14	2.58e-09	2.56e-05	5.50e-03	9.54e-02	8.99e-01	0.00e+00	0.00e+00
 8.15128e+15	5.00e-14	3.17e-09	3.05e-05	6.15e-03	1.01e-01	8.93e-01	0.00e+00	0.00e+00
 8.40715e+15	6.97e-14	4.12e-09	3.69e-05	6.96e-03	1.08e-01	8.85e-01	0.00e+00	0.00e+00
 8.64592e+15	9.02e-14	5.11e-09	4.38e-05	7.77e-03	1.14e-01	8.79e-01	0.00e+00	0.00e+00
 8.90489e+15	1.17e-13	6.36e-09	5.25e-05	8.73e-03	1.20e-01	8.71e-01	0.00e+00	0.00e+00
 9.19543e+15	1.65e-13	8.36e-09	6.41e-05	9.92e-03	1.29e-01	8.62e-01	0.00e+00	0.00e+00
 9.46950e+15	2.19e-13	1.06e-08	7.67e-05	1.11e-02	1.36e-01	8.53e-01	0.00e+00	0.00e+00
 9.76824e+15	2.85e-13	1.32e-08	9.28e-05	1.26e-02	1.44e-01	8.43e-01	0.00e+00	0.00e+00
 1.01015e+16	4.11e-13	1.77e-08	1.14e-04	1.44e-02	1.54e-01	8.31e-01	0.00e+00	0.00e+00
 1.04143e+16	5.52e-13	2.25e-08	1.38e-04	1.62e-02	1.63e-01	8.20e-01	0.00e+00	0.00e+00
 1.07556e+16	7.27e-13	2.85e-08	1.68e-04	1.84e-02	1.73e-01	8.08e-01	0.00e+00	0.00e+00
 1.11294e+16	1.06e-12	3.84e-08	2.08e-04	2.10e-02	1.85e-01	7.93e-01	0.00e+00	0.00e+00
 1.14720e+16	1.42e-12	4.90e-08	2.51e-04	2.37e-02	1.96e-01	7.80e-01	0.00e+00	0.00e+00
 1.18439e+16	1.93e-12	6.31e-08	3.06e-04	2.68e-02	2.07e-01	7.65e-01	0.00e+00	0.00e+00
 1.22539e+16	2.62e-12	8.15e-08	3.78e-04	3.06e-02	2.20e-01	7.49e-01	0.00e+00	0.00e+00
 1.26357e+16	3.71e-12	1.07e-07	4.59e-04	3.46e-02	2.33e-01	7.32e-01	0.00e+00	0.00e+00
 1.30541e+16	5.08e-12	1.39e-07	5.62e-04	3.92e-02	2.46e-01	7.14e-01	0.00e+00	0.00e+00
 1.35130e+16	6.92e-12	1.81e-07	6.97e-04	4.48e-02	2.61e-01	6.94e-01	0.00e+00	0.00e+00
 1.39216e+16	9.34e-12	2.31e-07	8.41e-04	5.03e-02	2.74e-01	6.75e-01	0.00e+00	0.00e+00
 1.42883e+16	1.22e-11	2.87e-07	9.92e-04	5.57e-02	2.86e-01	6.57e-01	0.00e+00	0.00e+00
 1.47033e+16	1.68e-11	3.71e-07	1.19e-03	6.24e-02	3.00e-01	6.37e-01	0.00e+00	0.00e+00
 1.51680e+16	2.23e-11	4.71e-07	1.45e-03	7.03e-02	3.14e-01	6.14e-01	0.00e+00	0.00e+00
 1.55804e+16	2.94e-11	5.90e-07	1.72e-03	7.80e-02	3.26e-01	5.94e-01	0.00e+00	0.00e+00
 1.59265e+16	3.81e-11	7.24e-07	1.99e-03	8.50e-02	3.37e-01	5.76e-01	0.00e+00	0.00e+00
 1.63035e+16	4.75e-11	8.71e-07	2.32e-03	9.30e-02	3.48e-01	5.57e-01	0.00e+00	0.00e+00
 1.67936e+16	6.78e-11	1.15e-06	2.83e-03	1.05e-01	3.63e-01	5.30e-01	0.00e+00	0.00e+00
 1.72635e+16	8.92e-11	1.45e-06	3.38e-03	1.16e-01	3.75e-01	5.06e-01	0.00e+00	0.00e+00
 1.76234e+16	1.09e-10	1.71e-06	3.88e-03	1.26e-01	3.84e-01	4.87e-01	0.00e+00	0.00e+00
 1.80077e+16	1.37e-10	2.07e-06	4.49e-03	1.37e-01	3.93e-01	4.66e-01	0.00e+00	0.00e+00
 1.85072e+16	1.95e-10	2.73e-06	5.45e-03	1.52e-01	4.05e-01	4.38e-01	0.00e+00	0.00e+00
 1.89992e+16	2.57e-10	3.43e-06	6.51e-03	1.68e-01	4.14e-01	4.11e-01	0.00e+00	0.00e+00
 1.93788e+16	3.13e-10	4.06e-06	7.46e-03	1.82e-01	4.20e-01	3.91e-01	0.00e+00	0.00e+00
 1.97699e+16	3.95e-10	4.90e-06	8.62e-03	1.96e-01	4.26e-01	3.69e-01	0.00e+00	0.00e+00
 2.02782e+16	5.56e-10	6.41e-06	1.04e-02	2.17e-01	4.32e-01	3.41e-01	0.00e+00	0.00e+00
 2.07804e+16	7.62e-10	8.23e-06	1.25e-02	2.38e-01	4.36e-01	3.13e-01	0.00e+00	0.00e+00
 2.11641e+16	9.57e-10	9.89e-06	1.43e-02	2.55e-01	4.37e-01	2.93e-01	0.00e+00	0.00e+00
 2.14951e+16	1.17e-09	1.16e-05	1.61e-02	2.71e-01	4.38e-01	2.75e-01	0.00e+00	0.00e+00
 2.18679e+16	1.46e-09	1.39e-05	1.85e-02	2.90e-01	4.36e-01	2.56e-01	0.00e+00	0.00e+00
 2.22754e+16	1.88e-09	1.71e-05	2.15e-02	3.11e-01	4.34e-01	2.34e-01	0.00e+00	0.00e+00
 2.26363e+16	2.37e-09	2.05e-05	2.45e-02	3.30e-01	4.30e-01	2.16e-01	0.00e+00	0.00e+00
 2.29521e+16	2.81e-09	2.36e-05	2.74e-02	3.48e-01	4.25e-01	2.00e-01	0.00e+00	0.00e+00
 2.33012e+16	3.77e-09	2.94e-05	3.15e-02	3.69e-01	4.18e-01	1.82e-01	0.00e+00	0.00e+00
 2.36642e+16	4.50e-09	3.43e-05	3.59e-02	3.90e-01	4.09e-01	1.65e-01	0.00e+00	0.00e+00
 2.39736e+16	5.58e-09	4.06e-05	4.04e-02	4.09e-01	4.00e-01	1.50e-01	0.00e+00	0.00e+00
 2.42533e+16	6.85e-09	4.76e-05	4.50e-02	4.27e-01	3.90e-01	1.37e-01	0.00e+00	0.00e+00
 2.45252e+16	8.39e-09	5.57e-05	5.02e-02	4.45e-01	3.80e-01	1.25e-01	0.00e+00	0.00e+00
 2.47951e+16	1.08e-08	6.72e-05	5.61e-02	4.64e-01	3.68e-01	1.13e-01	0.00e+00	0.00e+00
 2.50516e+16	1.27e-08	7.65e-05	6.21e-02	4.81e-01	3.55e-01	1.02e-01	0.00e+00	0.00e+00
 2.52954e+16	1.62e-08	9.17e-05	6.90e-02	4.98e-01	3.42e-01	9.11e-02	0.00e+00	0.00e+00
 2.55277e+16	1.88e-08	1.04e-04	7.58e-02	5.14e-01	3.28e-01	8.19e-02	0.00e+00	0.00e+00
 2.57486e+16	2.40e-08	1.24e-04	8.37e-02	5.30e-01	3.14e-01	7.28e-02	0.00e+00	0.00e+00
 2.59577e+16	2.97e-08	1.44e-04	9.18e-02	5.44e-01	2.99e-01	6.46e-02	0.00e+00	0.00e+00
 2.61483e+16	3.47e-08	1.63e-04	9.97e-02	5.57e-01	2.85e-01	5.78e-02	0.00e+00	0.00e+00
 2.63578e+16	4.28e-08	1.91e-04	1.10e-01	5.72e-01	2.68e-01	5.01e-02	0.00e+00	0.00e+00
 2.65718e+16	5.31e-08	2.24e-04	1.21e-01	5.86e-01	2.50e-01	4.29e-02	0.00e+00	0.00e+00
 2.67392e+16	6.36e-08	2.56e-04	1.31e-01	5.97e-01	2.35e-01	3.75e-02	0.00e+00	0.00e+00
 2.68757e+16	7.54e-08	2.90e-04	1.40e-01	6.06e-01	2.21e-01	3.31e-02	0.00e+00	0.00e+00
 2.70245e+16	8.80e-08	3.26e-04	1.50e-01	6.15e-01	2.06e-01	2.86e-02	0.00e+00	0.00e+00
 2.71842e+16	1.06e-07	3.73e-04	1.61e-01	6.24e-01	1.90e-01	2.41e-02	0.00e+00	0.00e+00
 2.73182e+16	1.19e-07	4.09e-04	1.72e-01	6.32e-01	1.75e-01	2.07e-02	0.00e+00	0.00e+00
 2.74296e+16	1.45e-07	4.67e-04	1.82e-01	6.38e-01	1.63e-01	1.78e-02	0.00e+00	0.00e+00
 2.75267e+16	1.58e-07	4.99e-04	1.90e-01	6.42e-01	1.52e-01	1.55e-02	0.00e+00	0.00e+00
 2.76282e+16	1.90e-07	5.68e-04	2.00e-01	6.47e-01	1.39e-01	1.31e-02	0.00e+00	0.00e+00
 2.77344e+16	2.07e-07	6.07e-04	2.10e-01	6.52e-01	1.27e-01	1.10e-02	0.00e+00	0.00e+00
 2.78223e+16	2.35e-07	6.66e-04	2.19e-01	6.55e-01	1.17e-01	9.37e-03	0.00e+00	0.00e+00
 2.78883e+16	2.68e-07	7.25e-04	2.26e-01	6.57e-01	1.09e-01	8.17e-03	0.00e+00	0.00e+00
 2.79369e+16	2.79e-07	7.50e-04	2.30e-01	6.58e-01	1.03e-01	7.41e-03	0.00e+00	0.00e+00
 2.79862e+16	3.00e-07	7.90e-04	2.36e-01	6.60e-01	9.71e-02	6.61e-03	0.00e+00	0.00e+00
 2.80504e+16	3.28e-07	8.41e-04	2.43e-01	6.61e-01	8.95e-02	5.67e-03	0.00e+00	0.00e+00
 2.81211e+16	3.72e-07	9.17e-04	2.51e-01	6.62e-01	8.14e-02	4.72e-03	0.00e+00	0.00e+00
 2.81808e+16	4.03e-07	9.71e-04	2.57e-01	6.63e-01	7.48e-02	4.03e-03	0.00e+00	0.00e+00
 2.82389e+16	4.39e-07	1.03e-03	2.64e-01	6.63e-01	6.83e-02	3.40e-03	0.00e+00	0.00e+00
 2.83144e+16	4.89e-07	1.11e-03	2.72e-01	6.64e-01	6.04e-02	2.69e-03	0.00e+00	0.00e+00
 2.83902e+16	5.40e-07	1.19e-03	2.80e-01	6.63e-01	5.31e-02	2.12e-03	0.00e+00	0.00e+00
 2.84510e+16	5.88e-07	1.27e-03	2.87e-01	6.63e-01	4.75e-02	1.72e-03	0.00e+00	0.00e+00
 2.85149e+16	6.41e-07	1.34e-03	2.94e-01	6.62e-01	4.20e-02	1.37e-03	0.00e+00	0.00e+00
 2.85980e+16	7.17e-07	1.45e-03	3.03e-01	6.60e-01	3.55e-02	9.96e-04	0.00e+00	0.00e+00
 2.86849e+16	7.99e-07	1.57e-03	3.11e-01	6.57e-01	2.96e-02	7.13e-04	0.00e+00	0.00e+00
 2.87613e+16	8.77e-07	1.67e-03	3.18e-01	6.54e-01	2.52e-02	5.25e-04	0.00e+00	0.00e+00
 2.88451e+16	9.70e-07	1.79e-03	3.26e-01	6.51e-01	2.09e-02	3.69e-04	0.00e+00	0.00e+00
 2.89541e+16	1.10e-06	1.94e-03	3.36e-01	6.45e-01	1.64e-02	2.33e-04	0.00e+00	0.00e+00
 2.90763e+16	1.25e-06	2.12e-03	3.46e-01	6.39e-01	1.25e-02	1.40e-04	0.00e+00	0.00e+00
 2.92156e+16	1.43e-06	2.32e-03	3.56e-01	6.32e-01	9.25e-03	7.80e-05	0.00e+00	0.00e+00
 2.93967e+16	1.70e-06	2.58e-03	3.69e-01	6.22e-01	6.34e-03	3.75e-05	0.00e+00	0.00e+00
 2.96321e+16	2.08e-06	2.94e-03	3.84e-01	6.09e-01	4.00e-03	1.52e-05	0.00e+00	0.00e+00
 2.98945e+16	2.58e-06	3.38e-03	4.01e-01	5.93e-01	2.51e-03	6.01e-06	0.00e+00	0.00e+00
 3.01921e+16	3.29e-06	3.95e-03	4.20e-01	5.75e-01	1.53e-03	2.23e-06	0.00e+00	0.00e+00
 3.05229e+16	4.35e-06	4.72e-03	4.42e-01	5.53e-01	9.33e-04	8.18e-07	0.00e+00	0.00e+00
 3.08236e+16	5.71e-06	5.63e-03	4.63e-01	5.30e-01	6.12e-04	0.00e+00	0.00e+00	0.00e+00
 3.10853e+16	7.33e-06	6.62e-03	4.84e-01	5.09e-01	4.31e-04	0.00e+00	0.00e+00	0.00e+00
 3.13314e+16	9.37e-06	7.79e-03	5.05e-01	4.87e-01	3.11e-04	0.00e+00	0.00e+00	0.00e+00
 3.15233e+16	1.15e-05	8.93e-03	5.22e-01	4.69e-01	2.44e-04	0.00e+00	0.00e+00	0.00e+00
 3.16411e+16	1.31e-05	9.72e-03	5.33e-01	4.57e-01	2.11e-04	0.00e+00	0.00e+00	0.00e+00
 3.17530e+16	1.48e-05	1.06e-02	5.43e-01	4.46e-01	1.81e-04	0.00e+00	0.00e+00	0.00e+00
 3.18984e+16	1.75e-05	1.18e-02	5.58e-01	4.30e-01	1.49e-04	0.00e+00	0.00e+00	0.00e+00
 3.20562e+16	2.12e-05	1.34e-02	5.74e-01	4.13e-01	1.21e-04	0.00e+00	0.00e+00	0.00e+00
 3.21933e+16	2.51e-05	1.51e-02	5.88e-01	3.96e-01	1.01e-04	0.00e+00	0.00e+00	0.00e+00
 3.23098e+16	2.92e-05	1.67e-02	6.01e-01	3.82e-01	8.67e-05	0.00e+00	0.00e+00	0.00e+00
 3.24361e+16	3.45e-05	1.87e-02	6.15e-01	3.66e-01	7.26e-05	0.00e+00	0.00e+00	0.00e+00
 3.25749e+16	4.18e-05	2.13e-02	6.31e-01	3.48e-01	5.98e-05	0.00e+00	0.00e+00	0.00e+00
 3.26863e+16	4.91e-05	2.37e-02	6.44e-01	3.33e-01	5.12e-05	0.00e+00	0.00e+00	0.00e+00
 3.27643e+16	5.52e-05	2.57e-02	6.53e-01	3.22e-01	4.57e-05	0.00e+00	0.00e+00	0.00e+00
 3.28424e+16	6.21e-05	2.79e-02	6.62e-01	3.10e-01	4.06e-05	0.00e+00	0.00e+00	0.00e+00
 3.29439e+16	7.27e-05	3.10e-02	6.73e-01	2.96e-01	3.47e-05	0.00e+00	0.00e+00	0.00e+00
 3.30481e+16	8.58e-05	3.48e-02	6.85e-01	2.80e-01	2.95e-05	0.00e+00	0.00e+00	0.00e+00
 3.31296e+16	9.85e-05	3.82e-02	6.94e-01	2.68e-01	2.59e-05	0.00e+00	0.00e+00	0.00e+00
 3.31969e+16	1.11e-04	4.13e-02	7.01e-01	2.57e-01	2.32e-05	0.00e+00	0.00e+00	0.00e+00
 3.32720e+16	1.26e-04	4.52e-02	7.09e-01	2.45e-01	2.03e-05	0.00e+00	0.00e+00	0.00e+00
 3.33558e+16	1.46e-04	5.01e-02	7.18e-01	2.32e-01	1.75e-05	0.00e+00	0.00e+00	0.00e+00
 3.34320e+16	1.69e-04	5.52e-02	7.25e-01	2.20e-01	1.53e-05	0.00e+00	0.00e+00	0.00e+00
 3.34988e+16	1.92e-04	6.02e-02	7.31e-01	2.09e-01	1.35e-05	0.00e+00	0.00e+00	0.00e+00
 3.35720e+16	2.21e-04	6.63e-02	7.36e-01	1.97e-01	1.17e-05	0.00e+00	0.00e+00	0.00e+00
 3.36503e+16	2.59e-04	7.39e-02	7.42e-01	1.84e-01	9.99e-06	0.00e+00	0.00e+00	0.00e+00
 3.37170e+16	2.98e-04	8.12e-02	7.45e-01	1.73e-01	8.70e-06	0.00e+00	0.00e+00	0.00e+00
 3.37739e+16	3.37e-04	8.83e-02	7.48e-01	1.64e-01	7.68e-06	0.00e+00	0.00e+00	0.00e+00
 3.38367e+16	3.86e-04	9.69e-02	7.49e-01	1.53e-01	6.65e-06	0.00e+00	0.00e+00	0.00e+00
 3.39056e+16	4.52e-04	1.08e-01	7.50e-01	1.42e-01	5.65e-06	0.00e+00	0.00e+00	0.00e+00
 3.39665e+16	5.22e-04	1.19e-01	7.49e-01	1.32e-01	4.87e-06	0.00e+00	0.00e+00	0.00e+00
 3.40194e+16	5.92e-04	1.29e-01	7.47e-01	1.23e-01	4.24e-06	0.00e+00	0.00e+00	0.00e+00
 3.40778e+16	6.83e-04	1.42e-01	7.44e-01	1.13e-01	3.62e-06	0.00e+00	0.00e+00	0.00e+00
 3.41412e+16	8.04e-04	1.58e-01	7.38e-01	1.03e-01	3.02e-06	0.00e+00	0.00e+00	0.00e+00
 3.41968e+16	9.31e-04	1.74e-01	7.30e-01	9.44e-02	2.56e-06	0.00e+00	0.00e+00	0.00e+00
 3.42452e+16	1.06e-03	1.90e-01	7.22e-01	8.67e-02	2.20e-06	0.00e+00	0.00e+00	0.00e+00
 3.42987e+16	1.23e-03	2.09e-01	7.11e-01	7.84e-02	1.83e-06	0.00e+00	0.00e+00	0.00e+00
 3.43576e+16	1.45e-03	2.33e-01	6.96e-01	6.95e-02	1.49e-06	0.00e+00	0.00e+00	0.00e+00
 3.44106e+16	1.70e-03	2.57e-01	6.79e-01	6.18e-02	1.22e-06	0.00e+00	0.00e+00	0.00e+00
 3.44578e+16	1.95e-03	2.81e-01	6.62e-01	5.50e-02	1.00e-06	0.00e+00	0.00e+00	0.00e+00
 3.45104e+16	2.30e-03	3.11e-01	6.39e-01	4.78e-02	7.97e-07	0.00e+00	0.00e+00	0.00e+00
 3.45688e+16	2.77e-03	3.49e-01	6.08e-01	4.02e-02	0.00e+00	0.00e+00	0.00e+00	0.00e+00
 3.46228e+16	3.31e-03	3.88e-01	5.75e-01	3.36e-02	0.00e+00	0.00e+00	0.00e+00	0.00e+00
 3.46712e+16	3.88e-03	4.26e-01	5.42e-01	2.81e-02	0.00e+00	0.00e+00	0.00e+00	0.00e+00
 3.47173e+16	4.55e-03	4.66e-01	5.06e-01	2.32e-02	0.00e+00	0.00e+00	0.00e+00	0.00e+00
 3.47630e+16	5.35e-03	5.09e-01	4.67e-01	1.87e-02	0.00e+00	0.00e+00	0.00e+00	0.00e+00
 3.48062e+16	6.25e-03	5.52e-01	4.26e-01	1.50e-02	0.00e+00	0.00e+00	0.00e+00	0.00e+00
 3.48447e+16	7.14e-03	5.92e-01	3.89e-01	1.20e-02	0.00e+00	0.00e+00	0.00e+00	0.00e+00
 3.48804e+16	8.14e-03	6.31e-01	3.51e-01	9.55e-03	0.00e+00	0.00e+00	0.00e+00	0.00e+00
 3.49149e+16	9.26e-03	6.69e-01	3.14e-01	7.47e-03	0.00e+00	0.00e+00	0.00e+00	0.00e+00
 3.49485e+16	1.05e-02	7.06e-01	2.78e-01	5.75e-03	0.00e+00	0.00e+00	0.00e+00	0.00e+00
 3.49807e+16	1.19e-02	7.40e-01	2.43e-01	4.36e-03	0.00e+00	0.00e+00	0.00e+00	0.00e+00
 3.50112e+16	1.34e-02	7.72e-01	2.11e-01	3.27e-03	0.00e+00	0.00e+00	0.00e+00	0.00e+00
 3.50400e+16	1.49e-02	8.01e-01	1.82e-01	2.43e-03	0.00e+00	0.00e+00	0.00e+00	0.00e+00
 3.50677e+16	1.67e-02	8.27e-01	1.55e-01	1.78e-03	0.00e+00	0.00e+00	0.00e+00	0.00e+00
 3.50944e+16	1.85e-02	8.49e-01	1.31e-01	1.29e-03	0.00e+00	0.00e+00	0.00e+00	0.00e+00
 3.51204e+16	2.06e-02	8.69e-01	1.10e-01	9.15e-04	0.00e+00	0.00e+00	0.00e+00	0.00e+00
 3.51456e+16	2.28e-02	8.86e-01	9.04e-02	6.38e-04	0.00e+00	0.00e+00	0.00e+00	0.00e+00
 3.51696e+16	2.53e-02	9.00e-01	7.42e-02	4.42e-04	0.00e+00	0.00e+00	0.00e+00	0.00e+00
 3.51924e+16	2.79e-02	9.11e-01	6.06e-02	3.04e-04	0.00e+00	0.00e+00	0.00e+00	0.00e+00
 3.52140e+16	3.07e-02	9.20e-01	4.93e-02	2.07e-04	0.00e+00	0.00e+00	0.00e+00	0.00e+00
 3.52344e+16	3.37e-02	9.26e-01	4.00e-02	1.42e-04	0.00e+00	0.00e+00	0.00e+00	0.00e+00
 3.52536e+16	3.68e-02	9.31e-01	3.25e-02	9.69e-05	0.00e+00	0.00e+00	0.00e+00	0.00e+00
 3.52718e+16	4.00e-02	9.34e-01	2.64e-02	6.63e-05	0.00e+00	0.00e+00	0.00e+00	0.00e+00
 3.52892e+16	4.35e-02	9.35e-01	2.14e-02	4.52e-05	0.00e+00	0.00e+00	0.00e+00	0.00e+00
 3.53059e+16	4.71e-02	9.36e-01	1.73e-02	3.08e-05	0.00e+00	0.00e+00	0.00e+00	0.00e+00
 3.53219e+16	5.10e-02	9.35e-01	1.40e-02	2.10e-05	0.00e+00	0.00e+00	0.00e+00	0.00e+00
 3.53372e+16	5.50e-02	9.34e-01	1.13e-02	1.43e-05	0.00e+00	0.00e+00	0.00e+00	0.00e+00
 3.53520e+16	5.92e-02	9.32e-01	9.15e-03	9.70e-06	0.00e+00	0.00e+00	0.00e+00	0.00e+00
 3.53661e+16	6.36e-02	9.29e-01	7.41e-03	6.62e-06	0.00e+00	0.00e+00	0.00e+00	0.00e+00
 3.53791e+16	6.80e-02	9.26e-01	6.07e-03	4.60e-06	0.00e+00	0.00e+00	0.00e+00	0.00e+00
 3.53908e+16	7.21e-02	9.23e-01	5.05e-03	3.29e-06	0.00e+00	0.00e+00	0.00e+00	0.00e+00
 3.54012e+16	7.61e-02	9.20e-01	4.26e-03	2.42e-06	0.00e+00	0.00e+00	0.00e+00	0.00e+00
 3.54108e+16	8.00e-02	9.16e-01	3.62e-03	1.80e-06	0.00e+00	0.00e+00	0.00e+00	0.00e+00
 3.54186e+16	8.32e-02	9.14e-01	3.19e-03	1.43e-06	0.00e+00	0.00e+00	0.00e+00	0.00e+00
 3.54237e+16	8.52e-02	9.12e-01	2.92e-03	1.22e-06	0.00e+00	0.00e+00	0.00e+00	0.00e+00
 3.54285e+16	8.76e-02	9.10e-01	2.69e-03	1.05e-06	0.00e+00	0.00e+00	0.00e+00	0.00e+00
 3.54339e+16	9.03e-02	9.07e-01	2.43e-03	8.76e-07	0.00e+00	0.00e+00	0.00e+00	0.00e+00
 3.54398e+16	9.31e-02	9.05e-01	2.19e-03	0.00e+00	0.00e+00	0.00e+00	0.00e+00	0.00e+00
 3.54455e+16	9.61e-02	9.02e-01	1.97e-03	0.00e+00	0.00e+00	0.00e+00	0.00e+00	0.00e+00
 3.54508e+16	9.89e-02	8.99e-01	1.79e-03	0.00e+00	0.00e+00	0.00e+00	0.00e+00	0.00e+00
 3.54561e+16	1.02e-01	8.97e-01	1.62e-03	0.00e+00	0.00e+00	0.00e+00	0.00e+00	0.00e+00
 3.54614e+16	1.05e-01	8.94e-01	1.47e-03	0.00e+00	0.00e+00	0.00e+00	0.00e+00	0.00e+00
 3.54667e+16	1.08e-01	8.91e-01	1.33e-03	0.00e+00	0.00e+00	0.00e+00	0.00e+00	0.00e+00
 3.54718e+16	1.11e-01	8.88e-01	1.20e-03	0.00e+00	0.00e+00	0.00e+00	0.00e+00	0.00e+00
 3.54769e+16	1.15e-01	8.84e-01	1.08e-03	0.00e+00	0.00e+00	0.00e+00	0.00e+00	0.00e+00
 3.54821e+16	1.18e-01	8.81e-01	9.78e-04	0.00e+00	0.00e+00	0.00e+00	0.00e+00	0.00e+00
 3.54870e+16	1.22e-01	8.77e-01	8.85e-04	0.00e+00	0.00e+00	0.00e+00	0.00e+00	0.00e+00
 3.54918e+16	1.25e-01	8.74e-01	8.02e-04	0.00e+00	0.00e+00	0.00e+00	0.00e+00	0.00e+00
 3.54967e+16	1.29e-01	8.70e-01	7.23e-04	0.00e+00	0.00e+00	0.00e+00	0.00e+00	0.00e+00
 3.55016e+16	1.33e-01	8.66e-01	6.53e-04	0.00e+00	0.00e+00	0.00e+00	0.00e+00	0.00e+00
 3.55063e+16	1.37e-01	8.62e-01	5.90e-04	0.00e+00	0.00e+00	0.00e+00	0.00e+00	0.00e+00
 3.55110e+16	1.41e-01	8.58e-01	5.32e-04	0.00e+00	0.00e+00	0.00e+00	0.00e+00	0.00e+00
 3.55156e+16	1.46e-01	8.54e-01	4.81e-04	0.00e+00	0.00e+00	0.00e+00	0.00e+00	0.00e+00
 3.55202e+16	1.51e-01	8.49e-01	4.34e-04	0.00e+00	0.00e+00	0.00e+00	0.00e+00	0.00e+00
 3.55247e+16	1.55e-01	8.44e-01	3.92e-04	0.00e+00	0.00e+00	0.00e+00	0.00e+00	0.00e+00
 3.55292e+16	1.61e-01	8.39e-01	3.54e-04	0.00e+00	0.00e+00	0.00e+00	0.00e+00	0.00e+00
 3.55336e+16	1.66e-01	8.34e-01	3.19e-04	0.00e+00	0.00e+00	0.00e+00	0.00e+00	0.00e+00
 3.55379e+16	1.72e-01	8.28e-01	2.87e-04	0.00e+00	0.00e+00	0.00e+00	0.00e+00	0.00e+00
 3.55421e+16	1.78e-01	8.22e-01	2.59e-04	0.00e+00	0.00e+00	0.00e+00	0.00e+00	0.00e+00
 3.55464e+16	1.85e-01	8.15e-01	2.33e-04	0.00e+00	0.00e+00	0.00e+00	0.00e+00	0.00e+00
 3.55506e+16	1.91e-01	8.08e-01	2.10e-04	0.00e+00	0.00e+00	0.00e+00	0.00e+00	0.00e+00
 3.55546e+16	1.99e-01	8.01e-01	1.89e-04	0.00e+00	0.00e+00	0.00e+00	0.00e+00	0.00e+00
 3.55587e+16	2.06e-01	7.94e-01	1.70e-04	0.00e+00	0.00e+00	0.00e+00	0.00e+00	0.00e+00
 3.55627e+16	2.14e-01	7.86e-01	1.53e-04	0.00e+00	0.00e+00	0.00e+00	0.00e+00	0.00e+00
 3.55666e+16	2.24e-01	7.76e-01	1.37e-04	0.00e+00	0.00e+00	0.00e+00	0.00e+00	0.00e+00
 3.55704e+16	2.33e-01	7.67e-01	1.24e-04	0.00e+00	0.00e+00	0.00e+00	0.00e+00	0.00e+00
 3.55741e+16	2.43e-01	7.57e-01	1.11e-04	0.00e+00	0.00e+00	0.00e+00	0.00e+00	0.00e+00
 3.55777e+16	2.54e-01	7.46e-01	1.00e-04	0.00e+00	0.00e+00	0.00e+00	0.00e+00	0.00e+00
 3.55813e+16	2.65e-01	7.35e-01	9.00e-05	0.00e+00	0.00e+00	0.00e+00	0.00e+00	0.00e+00
 3.55848e+16	2.76e-01	7.24e-01	8.09e-05	0.00e+00	0.00e+00	0.00e+00	0.00e+00	0.00e+00
 3.55883e+16	2.89e-01	7.11e-01	7.27e-05	0.00e+00	0.00e+00	0.00e+00	0.00e+00	0.00e+00
 3.55916e+16	3.02e-01	6.98e-01	6.53e-05	0.00e+00	0.00e+00	0.00e+00	0.00e+00	0.00e+00
 3.55949e+16	3.16e-01	6.84e-01	5.86e-05	0.00e+00	0.00e+00	0.00e+00	0.00e+00	0.00e+00
 3.55982e+16	3.31e-01	6.69e-01	5.26e-05	0.00e+00	0.00e+00	0.00e+00	0.00e+00	0.00e+00
 3.56013e+16	3.46e-01	6.54e-01	4.71e-05	0.00e+00	0.00e+00	0.00e+00	0.00e+00	0.00e+00
 3.56044e+16	3.63e-01	6.37e-01	4.22e-05	0.00e+00	0.00e+00	0.00e+00	0.00e+00	0.00e+00
 3.56075e+16	3.82e-01	6.18e-01	3.76e-05	0.00e+00	0.00e+00	0.00e+00	0.00e+00	0.00e+00
