#depth	C	C+	C+2	C+3	C+4	C+5	C+6	C[1]	C[2]	C[3]	C+[1]	C+[2]	CO
 1.49634e+10	3.25e-48	1.66e-36	6.89e-26	8.89e-16	3.82e-05	1.94e-01	8.06e-01	0.00e+00	0.00e+00	0.00e+00	0.00e+00	0.00e+00	0.00e+00
 4.54887e+10	0.00e+00	2.39e-36	9.20e-26	1.10e-15	4.36e-05	2.07e-01	7.93e-01	0.00e+00	0.00e+00	0.00e+00	0.00e+00	0.00e+00	0.00e+00
 7.72350e+10	7.99e-48	3.48e-36	1.24e-25	1.37e-15	5.01e-05	2.20e-01	7.80e-01	0.00e+00	0.00e+00	0.00e+00	0.00e+00	0.00e+00	0.00e+00
 1.10251e+11	0.00e+00	5.07e-36	1.67e-25	1.70e-15	5.76e-05	2.34e-01	7.66e-01	0.00e+00	0.00e+00	0.00e+00	0.00e+00	0.00e+00	0.00e+00
 1.41848e+11	1.91e-47	7.14e-36	2.18e-25	2.07e-15	6.53e-05	2.47e-01	7.53e-01	0.00e+00	0.00e+00	0.00e+00	0.00e+00	0.00e+00	0.00e+00
 1.70988e+11	0.00e+00	9.72e-36	2.79e-25	2.47e-15	7.31e-05	2.59e-01	7.40e-01	0.00e+00	0.00e+00	0.00e+00	0.00e+00	0.00e+00	0.00e+00
 2.04035e+11	4.17e-47	1.36e-35	3.64e-25	3.01e-15	8.28e-05	2.73e-01	7.27e-01	0.00e+00	0.00e+00	0.00e+00	0.00e+00	0.00e+00	3.72e-148
 2.42123e+11	0.00e+00	1.97e-35	4.87e-25	3.72e-15	9.46e-05	2.89e-01	7.11e-01	0.00e+00	0.00e+00	0.00e+00	0.00e+00	0.00e+00	3.77e-191
 2.79507e+11	9.98e-47	2.80e-35	6.40e-25	4.54e-15	1.07e-04	3.05e-01	6.95e-01	0.00e+00	0.00e+00	0.00e+00	0.00e+00	0.00e+00	3.47e-147
 3.18387e+11	0.00e+00	0.00e+00	8.45e-25	5.56e-15	1.22e-04	3.21e-01	6.79e-01	0.00e+00	0.00e+00	0.00e+00	0.00e+00	0.00e+00	1.92e-190
 3.61049e+11	0.00e+00	5.75e-35	1.13e-24	6.86e-15	1.39e-04	3.38e-01	6.61e-01	0.00e+00	0.00e+00	0.00e+00	0.00e+00	0.00e+00	7.84e-234
 4.04139e+11	3.69e-46	8.21e-35	1.49e-24	8.40e-15	1.57e-04	3.56e-01	6.44e-01	0.00e+00	0.00e+00	0.00e+00	0.00e+00	0.00e+00	9.93e-146
 4.48953e+11	0.00e+00	1.17e-34	1.98e-24	1.03e-14	1.79e-04	3.74e-01	6.26e-01	0.00e+00	0.00e+00	0.00e+00	0.00e+00	0.00e+00	2.17e-189
 4.96838e+11	8.89e-46	1.69e-34	2.63e-24	1.27e-14	2.03e-04	3.92e-01	6.07e-01	0.00e+00	0.00e+00	0.00e+00	0.00e+00	0.00e+00	3.51e-233
 5.46638e+11	0.00e+00	2.44e-34	3.50e-24	1.55e-14	2.30e-04	4.12e-01	5.88e-01	0.00e+00	0.00e+00	0.00e+00	0.00e+00	0.00e+00	7.41e-166
 5.98430e+11	2.16e-45	3.50e-34	4.65e-24	1.91e-14	2.61e-04	4.31e-01	5.69e-01	0.00e+00	0.00e+00	0.00e+00	0.00e+00	0.00e+00	6.25e-210
 6.52294e+11	0.00e+00	5.04e-34	6.17e-24	2.34e-14	2.96e-04	4.50e-01	5.49e-01	0.00e+00	0.00e+00	0.00e+00	0.00e+00	0.00e+00	1.01e-164
 7.08313e+11	5.22e-45	7.23e-34	8.19e-24	2.87e-14	3.34e-04	4.70e-01	5.29e-01	0.00e+00	0.00e+00	0.00e+00	0.00e+00	0.00e+00	4.52e-209
 7.66572e+11	0.00e+00	1.04e-33	1.08e-23	3.51e-14	3.78e-04	4.90e-01	5.10e-01	0.00e+00	0.00e+00	0.00e+00	0.00e+00	0.00e+00	1.39e-163
 8.27162e+11	1.26e-44	1.49e-33	1.44e-23	4.28e-14	4.27e-04	5.10e-01	4.90e-01	0.00e+00	0.00e+00	0.00e+00	0.00e+00	0.00e+00	3.26e-208
 8.90175e+11	0.00e+00	2.13e-33	1.90e-23	5.23e-14	4.81e-04	5.30e-01	4.70e-01	0.00e+00	0.00e+00	0.00e+00	0.00e+00	0.00e+00	1.90e-162
 9.55709e+11	3.03e-44	3.05e-33	2.51e-23	6.38e-14	5.42e-04	5.50e-01	4.50e-01	0.00e+00	0.00e+00	0.00e+00	0.00e+00	0.00e+00	2.34e-207
 1.02386e+12	0.00e+00	4.36e-33	3.32e-23	7.78e-14	6.09e-04	5.69e-01	4.30e-01	0.00e+00	0.00e+00	0.00e+00	0.00e+00	0.00e+00	2.59e-161
 1.08990e+12	7.06e-44	6.08e-33	4.29e-23	9.33e-14	6.79e-04	5.87e-01	4.12e-01	0.00e+00	0.00e+00	0.00e+00	0.00e+00	0.00e+00	1.66e-206
 1.15041e+12	0.00e+00	8.17e-33	5.39e-23	1.10e-13	7.47e-04	6.03e-01	3.96e-01	0.00e+00	0.00e+00	0.00e+00	0.00e+00	0.00e+00	2.58e-160
 1.21765e+12	1.50e-43	1.12e-32	6.91e-23	1.31e-13	8.30e-04	6.20e-01	3.79e-01	0.00e+00	0.00e+00	0.00e+00	0.00e+00	0.00e+00	9.09e-206
 1.29573e+12	0.00e+00	1.60e-32	9.07e-23	1.59e-13	9.28e-04	6.39e-01	3.60e-01	0.00e+00	0.00e+00	0.00e+00	0.00e+00	0.00e+00	3.03e-159
 1.37298e+12	3.48e-43	2.23e-32	1.18e-22	1.90e-13	1.03e-03	6.56e-01	3.43e-01	0.00e+00	0.00e+00	0.00e+00	0.00e+00	0.00e+00	5.60e-205
 1.45332e+12	0.00e+00	3.13e-32	1.53e-22	2.29e-13	1.15e-03	6.73e-01	3.26e-01	0.00e+00	0.00e+00	0.00e+00	0.00e+00	0.00e+00	3.61e-158
 1.54138e+12	8.14e-43	4.47e-32	2.01e-22	2.78e-13	1.29e-03	6.90e-01	3.08e-01	0.00e+00	0.00e+00	0.00e+00	0.00e+00	0.00e+00	3.74e-204
 1.63040e+12	0.00e+00	6.30e-32	2.62e-22	3.35e-13	1.43e-03	7.07e-01	2.92e-01	0.00e+00	0.00e+00	0.00e+00	0.00e+00	0.00e+00	4.80e-157
 1.72298e+12	1.90e-42	8.91e-32	3.42e-22	4.04e-13	1.60e-03	7.23e-01	2.76e-01	0.00e+00	0.00e+00	0.00e+00	0.00e+00	0.00e+00	2.68e-203
 1.82183e+12	0.00e+00	1.27e-31	4.50e-22	4.89e-13	1.78e-03	7.38e-01	2.60e-01	0.00e+00	0.00e+00	0.00e+00	0.00e+00	0.00e+00	6.40e-156
 1.92463e+12	4.55e-42	1.81e-31	5.91e-22	5.92e-13	1.99e-03	7.54e-01	2.44e-01	0.00e+00	0.00e+00	0.00e+00	0.00e+00	0.00e+00	8.84e-203
 2.03154e+12	0.00e+00	2.58e-31	7.77e-22	7.16e-13	2.22e-03	7.68e-01	2.30e-01	0.00e+00	0.00e+00	0.00e+00	0.00e+00	0.00e+00	8.89e-155
 2.14273e+12	1.09e-41	3.68e-31	1.02e-21	8.66e-13	2.47e-03	7.82e-01	2.15e-01	0.00e+00	0.00e+00	0.00e+00	0.00e+00	0.00e+00	6.77e-202
 2.25837e+12	0.00e+00	5.25e-31	1.34e-21	1.05e-12	2.75e-03	7.95e-01	2.02e-01	0.00e+00	0.00e+00	0.00e+00	0.00e+00	0.00e+00	1.24e-153
 2.37863e+12	2.62e-41	7.48e-31	1.76e-21	1.27e-12	3.07e-03	8.08e-01	1.89e-01	0.00e+00	0.00e+00	0.00e+00	0.00e+00	0.00e+00	0.00e+00
 2.50370e+12	0.00e+00	1.07e-30	2.32e-21	1.53e-12	3.41e-03	8.20e-01	1.76e-01	0.00e+00	0.00e+00	0.00e+00	0.00e+00	0.00e+00	1.75e-152
 2.62123e+12	6.03e-41	1.47e-30	2.97e-21	1.82e-12	3.75e-03	8.31e-01	1.66e-01	0.00e+00	0.00e+00	0.00e+00	0.00e+00	0.00e+00	1.27e-199
 2.72624e+12	0.00e+00	1.95e-30	3.68e-21	2.11e-12	4.08e-03	8.39e-01	1.57e-01	0.00e+00	0.00e+00	0.00e+00	0.00e+00	0.00e+00	1.63e-151
 2.84407e+12	1.24e-40	2.64e-30	4.65e-21	2.48e-12	4.47e-03	8.48e-01	1.48e-01	0.00e+00	0.00e+00	0.00e+00	0.00e+00	0.00e+00	1.58e-198
 2.98384e+12	0.00e+00	3.74e-30	6.07e-21	2.98e-12	4.95e-03	8.57e-01	1.38e-01	0.00e+00	0.00e+00	0.00e+00	0.00e+00	0.00e+00	1.85e-150
 3.12439e+12	2.89e-40	5.24e-30	7.86e-21	3.56e-12	5.47e-03	8.66e-01	1.28e-01	0.00e+00	0.00e+00	0.00e+00	0.00e+00	0.00e+00	0.00e+00
 3.25613e+12	0.00e+00	7.10e-30	9.93e-21	4.18e-12	5.98e-03	8.73e-01	1.21e-01	0.00e+00	0.00e+00	0.00e+00	0.00e+00	0.00e+00	2.02e-149
 3.40189e+12	6.33e-40	9.87e-30	1.28e-20	4.98e-12	6.59e-03	8.81e-01	1.13e-01	0.00e+00	0.00e+00	0.00e+00	0.00e+00	0.00e+00	0.00e+00
 3.56789e+12	0.00e+00	1.41e-29	1.68e-20	6.02e-12	7.31e-03	8.88e-01	1.04e-01	0.00e+00	0.00e+00	0.00e+00	0.00e+00	0.00e+00	2.63e-148
 3.73336e+12	1.51e-39	2.00e-29	2.19e-20	7.22e-12	8.08e-03	8.95e-01	9.68e-02	0.00e+00	0.00e+00	0.00e+00	0.00e+00	0.00e+00	0.00e+00
 3.90544e+12	0.00e+00	2.83e-29	2.86e-20	8.66e-12	8.93e-03	9.01e-01	8.98e-02	0.00e+00	0.00e+00	0.00e+00	0.00e+00	0.00e+00	3.46e-147
 4.09158e+12	3.65e-39	4.06e-29	3.78e-20	1.05e-11	9.91e-03	9.07e-01	8.29e-02	0.00e+00	0.00e+00	0.00e+00	0.00e+00	0.00e+00	0.00e+00
 4.28518e+12	0.00e+00	5.84e-29	4.99e-20	1.27e-11	1.10e-02	9.13e-01	7.65e-02	0.00e+00	0.00e+00	0.00e+00	0.00e+00	0.00e+00	5.13e-146
 4.46764e+12	8.60e-39	8.12e-29	6.42e-20	1.51e-11	1.21e-02	9.17e-01	7.11e-02	0.00e+00	0.00e+00	0.00e+00	0.00e+00	0.00e+00	0.00e+00
 4.63174e+12	0.00e+00	1.08e-28	8.01e-20	1.75e-11	1.31e-02	9.20e-01	6.66e-02	0.00e+00	0.00e+00	0.00e+00	0.00e+00	0.00e+00	5.10e-145
 4.81648e+12	1.82e-38	1.49e-28	1.02e-19	2.06e-11	1.43e-02	9.24e-01	6.20e-02	0.00e+00	0.00e+00	0.00e+00	0.00e+00	0.00e+00	8.21e-193
 5.03428e+12	0.00e+00	2.13e-28	1.34e-19	2.49e-11	1.58e-02	9.27e-01	5.71e-02	0.00e+00	0.00e+00	0.00e+00	0.00e+00	0.00e+00	6.23e-144
 5.25208e+12	4.36e-38	3.00e-28	1.75e-19	2.98e-11	1.74e-02	9.30e-01	5.27e-02	0.00e+00	0.00e+00	0.00e+00	0.00e+00	0.00e+00	0.00e+00
 5.45704e+12	0.00e+00	4.12e-28	2.23e-19	3.51e-11	1.90e-02	9.32e-01	4.89e-02	0.00e+00	0.00e+00	0.00e+00	0.00e+00	0.00e+00	7.24e-143
 5.68371e+12	9.81e-38	5.77e-28	2.88e-19	4.18e-11	2.09e-02	9.34e-01	4.52e-02	0.00e+00	0.00e+00	0.00e+00	0.00e+00	0.00e+00	0.00e+00
 5.94099e+12	0.00e+00	8.35e-28	3.82e-19	5.07e-11	2.31e-02	9.36e-01	4.13e-02	0.00e+00	0.00e+00	0.00e+00	0.00e+00	0.00e+00	9.94e-142
 6.19523e+12	2.40e-37	1.19e-27	5.01e-19	6.08e-11	2.54e-02	9.37e-01	3.80e-02	0.00e+00	0.00e+00	0.00e+00	0.00e+00	0.00e+00	1.75e-201
 6.45965e+12	0.00e+00	1.69e-27	6.57e-19	7.31e-11	2.80e-02	9.37e-01	3.48e-02	0.00e+00	0.00e+00	0.00e+00	0.00e+00	0.00e+00	1.36e-140
 6.74796e+12	5.92e-37	2.46e-27	8.74e-19	8.87e-11	3.10e-02	9.37e-01	3.18e-02	0.00e+00	0.00e+00	0.00e+00	0.00e+00	0.00e+00	0.00e+00
 7.03881e+12	0.00e+00	3.53e-27	1.15e-18	1.07e-10	3.42e-02	9.37e-01	2.91e-02	0.00e+00	0.00e+00	0.00e+00	0.00e+00	0.00e+00	2.04e-139
 7.34128e+12	1.46e-36	5.07e-27	1.52e-18	1.29e-10	3.77e-02	9.36e-01	2.65e-02	0.00e+00	0.00e+00	0.00e+00	0.00e+00	0.00e+00	0.00e+00
 7.65320e+12	0.00e+00	7.28e-27	2.01e-18	1.56e-10	4.15e-02	9.34e-01	2.42e-02	0.00e+00	0.00e+00	0.00e+00	0.00e+00	0.00e+00	2.95e-138
 7.95906e+12	3.49e-36	1.02e-26	2.61e-18	1.86e-10	4.54e-02	9.32e-01	2.22e-02	0.00e+00	0.00e+00	0.00e+00	0.00e+00	0.00e+00	3.63e-225
 8.28881e+12	0.00e+00	1.46e-26	3.43e-18	2.23e-10	4.99e-02	9.30e-01	2.02e-02	0.00e+00	0.00e+00	0.00e+00	0.00e+00	0.00e+00	3.84e-137
 8.65029e+12	8.67e-36	2.13e-26	4.59e-18	2.71e-10	5.51e-02	9.27e-01	1.83e-02	0.00e+00	0.00e+00	0.00e+00	0.00e+00	0.00e+00	1.62e-237
 9.02623e+12	0.00e+00	3.10e-26	6.12e-18	3.29e-10	6.07e-02	9.23e-01	1.66e-02	0.00e+00	0.00e+00	0.00e+00	0.00e+00	0.00e+00	6.08e-136
 9.41720e+12	2.20e-35	4.52e-26	8.18e-18	4.00e-10	6.70e-02	9.18e-01	1.50e-02	0.00e+00	0.00e+00	0.00e+00	0.00e+00	0.00e+00	0.00e+00
 9.82382e+12	0.00e+00	6.58e-26	1.09e-17	4.85e-10	7.38e-02	9.13e-01	1.35e-02	0.00e+00	0.00e+00	0.00e+00	0.00e+00	0.00e+00	9.57e-135
 1.01914e+13	5.28e-35	9.13e-26	1.41e-17	5.75e-10	8.03e-02	9.07e-01	1.24e-02	0.00e+00	0.00e+00	0.00e+00	0.00e+00	0.00e+00	1.86e-98
 1.04972e+13	7.31e-35	1.19e-25	1.72e-17	6.59e-10	8.59e-02	9.03e-01	1.15e-02	0.00e+00	0.00e+00	0.00e+00	0.00e+00	0.00e+00	0.00e+00
 1.08321e+13	1.03e-34	1.57e-25	2.14e-17	7.62e-10	9.22e-02	8.97e-01	1.06e-02	0.00e+00	0.00e+00	0.00e+00	0.00e+00	0.00e+00	1.35e-115
 1.12567e+13	1.58e-34	2.21e-25	2.79e-17	9.10e-10	1.01e-01	8.90e-01	9.63e-03	0.00e+00	0.00e+00	0.00e+00	0.00e+00	0.00e+00	2.08e-97
 1.17000e+13	2.42e-34	3.12e-25	3.64e-17	1.09e-09	1.10e-01	8.82e-01	8.71e-03	0.00e+00	0.00e+00	0.00e+00	0.00e+00	0.00e+00	0.00e+00
 1.20758e+13	3.43e-34	4.13e-25	4.53e-17	1.26e-09	1.18e-01	8.74e-01	8.01e-03	0.00e+00	0.00e+00	0.00e+00	0.00e+00	0.00e+00	3.12e-114
 1.24620e+13	4.84e-34	5.46e-25	5.62e-17	1.45e-09	1.26e-01	8.67e-01	7.37e-03	0.00e+00	0.00e+00	0.00e+00	0.00e+00	0.00e+00	2.40e-96
 1.29488e+13	7.35e-34	7.66e-25	7.31e-17	1.73e-09	1.37e-01	8.56e-01	6.65e-03	0.00e+00	0.00e+00	0.00e+00	0.00e+00	0.00e+00	0.00e+00
 1.34437e+13	1.11e-33	1.07e-24	9.45e-17	2.06e-09	1.49e-01	8.45e-01	6.00e-03	0.00e+00	0.00e+00	0.00e+00	0.00e+00	0.00e+00	6.78e-113
 1.38674e+13	1.55e-33	1.40e-24	1.17e-16	2.37e-09	1.59e-01	8.36e-01	5.51e-03	0.00e+00	0.00e+00	0.00e+00	0.00e+00	0.00e+00	3.03e-95
 1.43217e+13	2.18e-33	1.85e-24	1.45e-16	2.74e-09	1.70e-01	8.25e-01	5.03e-03	0.00e+00	0.00e+00	0.00e+00	0.00e+00	0.00e+00	4.10e-112
 1.48849e+13	3.30e-33	2.58e-24	1.88e-16	3.26e-09	1.84e-01	8.12e-01	4.51e-03	0.00e+00	0.00e+00	0.00e+00	0.00e+00	0.00e+00	1.58e-94
 1.54629e+13	4.93e-33	3.58e-24	2.43e-16	3.86e-09	1.99e-01	7.97e-01	4.04e-03	0.00e+00	0.00e+00	0.00e+00	0.00e+00	0.00e+00	3.56e-111
 1.59821e+13	6.98e-33	4.74e-24	3.03e-16	4.47e-09	2.12e-01	7.84e-01	3.68e-03	0.00e+00	0.00e+00	0.00e+00	0.00e+00	0.00e+00	8.12e-94
 1.65520e+13	1.00e-32	6.36e-24	3.81e-16	5.20e-09	2.27e-01	7.70e-01	3.32e-03	0.00e+00	0.00e+00	0.00e+00	0.00e+00	0.00e+00	2.38e-110
 1.72266e+13	1.51e-32	8.88e-24	4.94e-16	6.18e-09	2.45e-01	7.52e-01	2.95e-03	0.00e+00	0.00e+00	0.00e+00	0.00e+00	0.00e+00	4.44e-93
 1.79029e+13	2.24e-32	1.22e-23	6.34e-16	7.29e-09	2.63e-01	7.35e-01	2.62e-03	0.00e+00	0.00e+00	0.00e+00	0.00e+00	0.00e+00	2.07e-109
 1.85430e+13	3.19e-32	1.63e-23	7.93e-16	8.45e-09	2.80e-01	7.18e-01	2.36e-03	0.00e+00	0.00e+00	0.00e+00	0.00e+00	0.00e+00	2.29e-92
 1.92515e+13	4.64e-32	2.20e-23	1.00e-15	9.87e-09	2.99e-01	6.99e-01	2.10e-03	0.00e+00	0.00e+00	0.00e+00	0.00e+00	0.00e+00	1.50e-108
 2.00515e+13	6.94e-32	3.05e-23	1.30e-15	1.17e-08	3.20e-01	6.78e-01	1.85e-03	0.00e+00	0.00e+00	0.00e+00	0.00e+00	0.00e+00	1.28e-91
 2.08491e+13	1.01e-31	4.15e-23	1.65e-15	1.36e-08	3.41e-01	6.57e-01	1.63e-03	0.00e+00	0.00e+00	0.00e+00	0.00e+00	0.00e+00	1.29e-107
 2.15529e+13	1.40e-31	5.37e-23	2.02e-15	1.56e-08	3.59e-01	6.39e-01	1.47e-03	0.00e+00	0.00e+00	0.00e+00	0.00e+00	0.00e+00	6.08e-91
 2.21721e+13	1.83e-31	6.69e-23	2.39e-15	1.74e-08	3.75e-01	6.23e-01	1.34e-03	0.00e+00	0.00e+00	0.00e+00	0.00e+00	0.00e+00	6.62e-107
 2.28737e+13	2.46e-31	8.49e-23	2.88e-15	1.96e-08	3.93e-01	6.06e-01	1.21e-03	0.00e+00	0.00e+00	0.00e+00	0.00e+00	0.00e+00	2.17e-90
 2.36559e+13	3.37e-31	1.10e-22	3.51e-15	2.23e-08	4.12e-01	5.87e-01	1.08e-03	0.00e+00	0.00e+00	0.00e+00	0.00e+00	0.00e+00	3.66e-106
 2.43909e+13	4.47e-31	1.38e-22	4.20e-15	2.50e-08	4.30e-01	5.69e-01	9.77e-04	0.00e+00	0.00e+00	0.00e+00	0.00e+00	0.00e+00	8.40e-90
 2.51942e+13	6.02e-31	1.75e-22	5.06e-15	2.82e-08	4.49e-01	5.50e-01	8.76e-04	0.00e+00	0.00e+00	0.00e+00	0.00e+00	0.00e+00	1.91e-105
 2.60919e+13	8.29e-31	2.27e-22	6.18e-15	3.20e-08	4.70e-01	5.29e-01	7.76e-04	0.00e+00	0.00e+00	0.00e+00	0.00e+00	0.00e+00	3.43e-89
 2.69390e+13	1.11e-30	2.86e-22	7.40e-15	3.59e-08	4.89e-01	5.11e-01	6.95e-04	0.00e+00	0.00e+00	0.00e+00	0.00e+00	0.00e+00	1.08e-104
 2.78671e+13	1.50e-30	3.65e-22	8.93e-15	4.04e-08	5.09e-01	4.91e-01	6.18e-04	0.00e+00	0.00e+00	0.00e+00	0.00e+00	0.00e+00	1.34e-88
 2.89057e+13	2.07e-30	4.74e-22	1.09e-14	4.59e-08	5.30e-01	4.69e-01	5.42e-04	0.00e+00	0.00e+00	0.00e+00	0.00e+00	0.00e+00	6.66e-104
 2.98895e+13	2.77e-30	6.00e-22	1.31e-14	5.15e-08	5.50e-01	4.50e-01	4.81e-04	0.00e+00	0.00e+00	0.00e+00	0.00e+00	0.00e+00	5.59e-88
 3.07997e+13	3.59e-30	7.40e-22	1.54e-14	5.69e-08	5.67e-01	4.33e-01	4.32e-04	0.00e+00	0.00e+00	0.00e+00	0.00e+00	0.00e+00	3.37e-103
 3.18130e+13	4.75e-30	9.26e-22	1.83e-14	6.34e-08	5.85e-01	4.14e-01	3.84e-04	0.00e+00	0.00e+00	0.00e+00	0.00e+00	0.00e+00	1.98e-87
 3.29494e+13	6.41e-30	1.18e-21	2.20e-14	7.11e-08	6.05e-01	3.95e-01	3.37e-04	0.00e+00	0.00e+00	0.00e+00	0.00e+00	0.00e+00	1.87e-102
 3.40220e+13	8.40e-30	1.46e-21	2.60e-14	7.88e-08	6.23e-01	3.77e-01	2.99e-04	0.00e+00	0.00e+00	0.00e+00	0.00e+00	0.00e+00	7.64e-87
 3.51925e+13	1.12e-29	1.84e-21	3.09e-14	8.76e-08	6.41e-01	3.59e-01	2.64e-04	0.00e+00	0.00e+00	0.00e+00	0.00e+00	0.00e+00	9.86e-102
 3.64872e+13	1.51e-29	2.34e-21	3.72e-14	9.81e-08	6.60e-01	3.40e-01	2.30e-04	0.00e+00	0.00e+00	0.00e+00	0.00e+00	0.00e+00	3.09e-86
 3.76866e+13	1.97e-29	2.89e-21	4.38e-14	1.08e-07	6.76e-01	3.24e-01	2.03e-04	0.00e+00	0.00e+00	0.00e+00	0.00e+00	0.00e+00	5.51e-101
 3.89889e+13	2.60e-29	3.61e-21	5.18e-14	1.20e-07	6.93e-01	3.07e-01	1.79e-04	0.00e+00	0.00e+00	0.00e+00	0.00e+00	0.00e+00	1.16e-85
 4.04454e+13	3.50e-29	4.59e-21	6.21e-14	1.34e-07	7.11e-01	2.89e-01	1.55e-04	0.00e+00	0.00e+00	0.00e+00	0.00e+00	0.00e+00	3.22e-100
 4.18192e+13	4.59e-29	5.69e-21	7.31e-14	1.47e-07	7.26e-01	2.74e-01	1.36e-04	0.00e+00	0.00e+00	0.00e+00	0.00e+00	0.00e+00	4.64e-85
 4.33220e+13	6.09e-29	7.13e-21	8.66e-14	1.63e-07	7.42e-01	2.58e-01	1.19e-04	0.00e+00	0.00e+00	0.00e+00	0.00e+00	0.00e+00	1.79e-99
 4.49998e+13	8.24e-29	9.06e-21	1.04e-13	1.82e-07	7.58e-01	2.42e-01	1.02e-04	0.00e+00	0.00e+00	0.00e+00	0.00e+00	0.00e+00	1.98e-84
 4.65804e+13	1.08e-28	1.13e-20	1.22e-13	2.00e-07	7.72e-01	2.28e-01	8.90e-05	0.00e+00	0.00e+00	0.00e+00	0.00e+00	0.00e+00	1.08e-98
 4.82944e+13	1.44e-28	1.41e-20	1.45e-13	2.20e-07	7.86e-01	2.14e-01	7.72e-05	0.00e+00	0.00e+00	0.00e+00	0.00e+00	0.00e+00	8.04e-84
 5.02169e+13	1.96e-28	1.80e-20	1.73e-13	2.45e-07	8.00e-01	2.00e-01	6.60e-05	0.00e+00	0.00e+00	0.00e+00	0.00e+00	0.00e+00	7.01e-98
 5.20723e+13	2.59e-28	2.25e-20	2.05e-13	2.70e-07	8.13e-01	1.87e-01	5.70e-05	0.00e+00	0.00e+00	0.00e+00	0.00e+00	0.00e+00	3.53e-83
 5.40410e+13	3.48e-28	2.83e-20	2.42e-13	2.97e-07	8.25e-01	1.75e-01	4.93e-05	0.00e+00	0.00e+00	0.00e+00	0.00e+00	0.00e+00	4.36e-97
 5.62326e+13	4.73e-28	3.61e-20	2.90e-13	3.29e-07	8.37e-01	1.63e-01	4.19e-05	0.00e+00	0.00e+00	0.00e+00	0.00e+00	0.00e+00	1.64e-82
 5.84395e+13	6.35e-28	4.55e-20	3.44e-13	3.64e-07	8.48e-01	1.52e-01	3.58e-05	0.00e+00	0.00e+00	0.00e+00	0.00e+00	0.00e+00	3.02e-96
 6.07346e+13	8.58e-28	5.76e-20	4.08e-13	4.00e-07	8.59e-01	1.41e-01	3.07e-05	0.00e+00	0.00e+00	0.00e+00	0.00e+00	0.00e+00	7.69e-82
 6.31939e+13	1.16e-27	7.31e-20	4.85e-13	4.41e-07	8.69e-01	1.31e-01	2.62e-05	0.00e+00	0.00e+00	0.00e+00	0.00e+00	0.00e+00	2.12e-95
 6.55225e+13	1.54e-27	9.09e-20	5.68e-13	4.82e-07	8.78e-01	1.22e-01	2.26e-05	0.00e+00	0.00e+00	0.00e+00	0.00e+00	0.00e+00	3.52e-81
 6.76307e+13	1.96e-27	1.10e-19	6.52e-13	5.20e-07	8.85e-01	1.15e-01	1.99e-05	0.00e+00	0.00e+00	0.00e+00	0.00e+00	0.00e+00	1.15e-94
 6.96202e+13	2.45e-27	1.31e-19	7.39e-13	5.58e-07	8.91e-01	1.09e-01	1.77e-05	0.00e+00	0.00e+00	0.00e+00	0.00e+00	0.00e+00	1.20e-80
 7.18191e+13	3.12e-27	1.58e-19	8.44e-13	6.00e-07	8.97e-01	1.03e-01	1.56e-05	0.00e+00	0.00e+00	0.00e+00	0.00e+00	0.00e+00	5.20e-94
 7.42879e+13	4.05e-27	1.93e-19	9.75e-13	6.49e-07	9.04e-01	9.64e-02	1.36e-05	0.00e+00	0.00e+00	0.00e+00	0.00e+00	0.00e+00	4.53e-80
 7.66354e+13	5.14e-27	2.32e-19	1.11e-12	6.98e-07	9.09e-01	9.07e-02	1.20e-05	0.00e+00	0.00e+00	0.00e+00	0.00e+00	0.00e+00	2.64e-93
 7.92152e+13	6.64e-27	2.83e-19	1.28e-12	7.53e-07	9.15e-01	8.51e-02	1.05e-05	0.00e+00	0.00e+00	0.00e+00	0.00e+00	0.00e+00	1.68e-79
 8.20390e+13	8.70e-27	3.49e-19	1.48e-12	8.16e-07	9.20e-01	7.96e-02	9.12e-06	0.00e+00	0.00e+00	0.00e+00	0.00e+00	0.00e+00	1.47e-92
 8.46199e+13	1.10e-26	4.19e-19	1.69e-12	8.75e-07	9.25e-01	7.49e-02	8.04e-06	0.00e+00	0.00e+00	0.00e+00	0.00e+00	0.00e+00	6.57e-79
 8.74147e+13	1.42e-26	5.09e-19	1.94e-12	9.42e-07	9.30e-01	7.03e-02	7.05e-06	0.00e+00	0.00e+00	0.00e+00	0.00e+00	0.00e+00	7.26e-92
 9.05412e+13	1.86e-26	6.27e-19	2.24e-12	1.02e-06	9.34e-01	6.57e-02	6.12e-06	0.00e+00	0.00e+00	0.00e+00	0.00e+00	0.00e+00	2.68e-78
 9.34960e+13	2.39e-26	7.59e-19	2.56e-12	1.09e-06	9.38e-01	6.17e-02	5.38e-06	0.00e+00	0.00e+00	0.00e+00	0.00e+00	0.00e+00	3.98e-91
 9.67340e+13	3.11e-26	9.30e-19	2.95e-12	1.18e-06	9.42e-01	5.77e-02	4.69e-06	0.00e+00	0.00e+00	0.00e+00	0.00e+00	0.00e+00	1.07e-77
 1.00329e+14	4.14e-26	1.16e-18	3.43e-12	1.27e-06	9.46e-01	5.38e-02	4.06e-06	0.00e+00	0.00e+00	0.00e+00	0.00e+00	0.00e+00	2.39e-90
 1.03690e+14	5.35e-26	1.41e-18	3.93e-12	1.37e-06	9.50e-01	5.04e-02	3.55e-06	0.00e+00	0.00e+00	0.00e+00	0.00e+00	0.00e+00	4.64e-77
 1.07359e+14	7.02e-26	1.73e-18	4.53e-12	1.47e-06	9.53e-01	4.71e-02	3.09e-06	0.00e+00	0.00e+00	0.00e+00	0.00e+00	0.00e+00	1.34e-89
 1.11460e+14	9.41e-26	2.16e-18	5.28e-12	1.60e-06	9.56e-01	4.38e-02	2.67e-06	0.00e+00	0.00e+00	0.00e+00	0.00e+00	0.00e+00	2.16e-76
 1.15340e+14	1.23e-25	2.65e-18	6.07e-12	1.72e-06	9.59e-01	4.10e-02	2.33e-06	0.00e+00	0.00e+00	0.00e+00	0.00e+00	0.00e+00	4.49e-76
 1.19552e+14	1.63e-25	3.28e-18	7.02e-12	1.85e-06	9.62e-01	3.82e-02	2.02e-06	0.00e+00	0.00e+00	0.00e+00	0.00e+00	0.00e+00	9.71e-76
 1.24249e+14	2.21e-25	4.13e-18	8.20e-12	2.01e-06	9.65e-01	3.55e-02	1.73e-06	0.00e+00	0.00e+00	0.00e+00	0.00e+00	0.00e+00	2.23e-75
 1.28770e+14	2.93e-25	5.12e-18	9.48e-12	2.16e-06	9.67e-01	3.31e-02	1.50e-06	0.00e+00	0.00e+00	0.00e+00	0.00e+00	0.00e+00	4.82e-75
 1.33587e+14	3.92e-25	6.37e-18	1.10e-11	2.33e-06	9.69e-01	3.08e-02	1.30e-06	0.00e+00	0.00e+00	0.00e+00	0.00e+00	0.00e+00	1.07e-74
 1.38960e+14	5.36e-25	8.07e-18	1.29e-11	2.53e-06	9.71e-01	2.86e-02	1.11e-06	0.00e+00	0.00e+00	0.00e+00	0.00e+00	0.00e+00	2.51e-74
 1.44348e+14	7.25e-25	1.01e-17	1.50e-11	2.73e-06	9.73e-01	2.65e-02	9.60e-07	0.00e+00	0.00e+00	0.00e+00	0.00e+00	0.00e+00	5.74e-74
 1.49951e+14	9.80e-25	1.27e-17	1.75e-11	2.95e-06	9.75e-01	2.46e-02	0.00e+00	0.00e+00	0.00e+00	0.00e+00	0.00e+00	0.00e+00	1.32e-73
 1.55979e+14	1.34e-24	1.61e-17	2.05e-11	3.19e-06	9.77e-01	2.28e-02	0.00e+00	0.00e+00	0.00e+00	0.00e+00	0.00e+00	0.00e+00	3.12e-73
 1.62248e+14	1.83e-24	2.04e-17	2.40e-11	3.46e-06	9.79e-01	2.11e-02	0.00e+00	0.00e+00	0.00e+00	0.00e+00	0.00e+00	0.00e+00	7.37e-73
 1.68767e+14	2.51e-24	2.58e-17	2.81e-11	3.74e-06	9.80e-01	1.96e-02	0.00e+00	0.00e+00	0.00e+00	0.00e+00	0.00e+00	0.00e+00	1.74e-72
 1.75102e+14	3.36e-24	3.21e-17	3.25e-11	4.03e-06	9.82e-01	1.82e-02	0.00e+00	0.00e+00	0.00e+00	0.00e+00	0.00e+00	0.00e+00	3.90e-72
 1.81092e+14	4.39e-24	3.93e-17	3.72e-11	4.31e-06	9.83e-01	1.71e-02	0.00e+00	0.00e+00	0.00e+00	0.00e+00	0.00e+00	0.00e+00	8.13e-72
 1.86750e+14	5.60e-24	4.72e-17	4.21e-11	4.58e-06	9.84e-01	1.61e-02	0.00e+00	0.00e+00	0.00e+00	0.00e+00	1.52e-17	3.19e-17	1.59e-71
 1.92910e+14	7.24e-24	5.73e-17	4.79e-11	4.89e-06	9.85e-01	1.51e-02	0.00e+00	0.00e+00	0.00e+00	0.00e+00	1.90e-17	3.83e-17	3.24e-71
 1.99773e+14	9.56e-24	7.05e-17	5.51e-11	5.25e-06	9.86e-01	1.41e-02	0.00e+00	0.00e+00	0.00e+00	0.00e+00	2.34e-17	4.71e-17	6.95e-71
 2.06248e+14	1.23e-23	8.51e-17	6.25e-11	5.59e-06	9.87e-01	1.32e-02	0.00e+00	0.00e+00	0.00e+00	0.00e+00	2.82e-17	5.68e-17	1.38e-70
 2.13366e+14	1.61e-23	1.04e-16	7.16e-11	5.98e-06	9.88e-01	1.24e-02	0.00e+00	0.00e+00	0.00e+00	0.00e+00	3.45e-17	6.95e-17	2.89e-70
 2.21371e+14	2.15e-23	1.30e-16	8.29e-11	6.44e-06	9.88e-01	1.15e-02	0.00e+00	0.00e+00	0.00e+00	0.00e+00	4.31e-17	8.67e-17	6.49e-70
 2.29017e+14	2.81e-23	1.59e-16	9.50e-11	6.90e-06	9.89e-01	1.08e-02	0.00e+00	0.00e+00	0.00e+00	0.00e+00	5.27e-17	1.06e-16	1.35e-69
 2.37352e+14	3.71e-23	1.96e-16	1.10e-10	7.42e-06	9.90e-01	1.00e-02	0.00e+00	0.00e+00	0.00e+00	0.00e+00	6.50e-17	1.31e-16	2.90e-69
 2.46668e+14	5.04e-23	2.47e-16	1.28e-10	8.01e-06	9.91e-01	9.30e-03	0.00e+00	0.00e+00	0.00e+00	0.00e+00	8.19e-17	1.65e-16	6.77e-69
 2.55733e+14	6.65e-23	3.04e-16	1.48e-10	8.62e-06	9.91e-01	8.65e-03	0.00e+00	0.00e+00	0.00e+00	0.00e+00	1.01e-16	2.03e-16	1.44e-68
 2.65368e+14	8.91e-23	3.79e-16	1.71e-10	9.28e-06	9.92e-01	8.04e-03	0.00e+00	0.00e+00	0.00e+00	0.00e+00	1.26e-16	2.53e-16	3.22e-68
 2.75146e+14	1.18e-22	4.69e-16	1.98e-10	9.99e-06	9.93e-01	7.48e-03	0.00e+00	0.00e+00	0.00e+00	0.00e+00	1.56e-16	3.13e-16	6.97e-68
 2.83777e+14	1.51e-22	5.64e-16	2.24e-10	1.06e-05	9.93e-01	7.04e-03	0.00e+00	0.00e+00	0.00e+00	0.00e+00	1.87e-16	3.77e-16	1.37e-67
 2.93142e+14	1.93e-22	6.82e-16	2.56e-10	1.14e-05	9.93e-01	6.59e-03	0.00e+00	0.00e+00	0.00e+00	0.00e+00	2.26e-16	4.55e-16	2.71e-67
 3.04419e+14	2.61e-22	8.54e-16	2.97e-10	1.22e-05	9.94e-01	6.12e-03	0.00e+00	0.00e+00	0.00e+00	0.00e+00	2.83e-16	5.71e-16	6.19e-67
 3.15614e+14	3.43e-22	1.05e-15	3.44e-10	1.32e-05	9.94e-01	5.68e-03	0.00e+00	0.00e+00	0.00e+00	0.00e+00	3.49e-16	7.04e-16	1.31e-66
 3.25620e+14	4.37e-22	1.26e-15	3.90e-10	1.40e-05	9.95e-01	5.34e-03	0.00e+00	0.00e+00	0.00e+00	0.00e+00	4.20e-16	8.45e-16	2.55e-66
 3.36646e+14	5.65e-22	1.54e-15	4.46e-10	1.50e-05	9.95e-01	4.99e-03	0.00e+00	0.00e+00	0.00e+00	0.00e+00	5.10e-16	1.03e-15	5.17e-66
 3.49751e+14	7.64e-22	1.93e-15	5.19e-10	1.62e-05	9.95e-01	4.63e-03	0.00e+00	0.00e+00	0.00e+00	0.00e+00	6.41e-16	1.29e-15	1.19e-65
 3.62732e+14	1.01e-21	2.38e-15	6.03e-10	1.75e-05	9.96e-01	4.30e-03	0.00e+00	0.00e+00	0.00e+00	0.00e+00	7.90e-16	1.59e-15	2.52e-65
 3.74569e+14	1.29e-21	2.89e-15	6.85e-10	1.87e-05	9.96e-01	4.03e-03	0.00e+00	0.00e+00	0.00e+00	0.00e+00	9.57e-16	1.93e-15	5.06e-65
 3.87742e+14	1.68e-21	3.52e-15	7.89e-10	2.01e-05	9.96e-01	3.75e-03	0.00e+00	0.00e+00	0.00e+00	0.00e+00	1.17e-15	2.35e-15	1.03e-64
 4.03107e+14	2.25e-21	4.41e-15	9.23e-10	2.17e-05	9.97e-01	3.47e-03	0.00e+00	0.00e+00	0.00e+00	0.00e+00	1.46e-15	2.95e-15	2.31e-64
 4.18216e+14	3.00e-21	5.49e-15	1.07e-09	2.34e-05	9.97e-01	3.22e-03	0.00e+00	0.00e+00	0.00e+00	0.00e+00	1.82e-15	3.67e-15	5.15e-64
 4.32500e+14	3.84e-21	6.62e-15	1.22e-09	2.51e-05	9.97e-01	3.01e-03	0.00e+00	0.00e+00	0.00e+00	0.00e+00	2.20e-15	4.43e-15	1.01e-63
 4.48402e+14	5.10e-21	8.22e-15	1.41e-09	2.69e-05	9.97e-01	2.80e-03	0.00e+00	0.00e+00	0.00e+00	0.00e+00	2.72e-15	5.49e-15	2.21e-63
 4.66367e+14	6.80e-21	1.02e-14	1.66e-09	2.92e-05	9.97e-01	2.58e-03	0.00e+00	0.00e+00	0.00e+00	0.00e+00	3.40e-15	6.85e-15	4.88e-63
 4.84307e+14	9.03e-21	1.27e-14	1.93e-09	3.15e-05	9.98e-01	2.39e-03	0.00e+00	0.00e+00	0.00e+00	0.00e+00	4.22e-15	8.51e-15	1.07e-62
 5.01086e+14	1.17e-20	1.55e-14	2.21e-09	3.38e-05	9.98e-01	2.23e-03	0.00e+00	0.00e+00	0.00e+00	0.00e+00	5.13e-15	1.03e-14	2.15e-62
 5.19281e+14	1.52e-20	1.90e-14	2.55e-09	3.63e-05	9.98e-01	2.08e-03	0.00e+00	0.00e+00	0.00e+00	0.00e+00	6.29e-15	1.27e-14	4.51e-62
 5.40082e+14	2.06e-20	2.40e-14	2.98e-09	3.93e-05	9.98e-01	1.92e-03	0.00e+00	0.00e+00	0.00e+00	0.00e+00	7.93e-15	1.60e-14	1.05e-61
 5.59734e+14	2.66e-20	2.91e-14	3.44e-09	4.23e-05	9.98e-01	1.78e-03	0.00e+00	0.00e+00	0.00e+00	0.00e+00	9.65e-15	1.95e-14	2.11e-61
 5.77349e+14	3.38e-20	3.50e-14	3.90e-09	4.50e-05	9.98e-01	1.67e-03	0.00e+00	0.00e+00	0.00e+00	0.00e+00	1.16e-14	2.34e-14	4.13e-61
 5.93965e+14	4.13e-20	4.09e-14	4.37e-09	4.77e-05	9.98e-01	1.58e-03	0.00e+00	0.00e+00	0.00e+00	0.00e+00	1.35e-14	2.73e-14	7.14e-61
 6.12478e+14	5.18e-20	4.86e-14	4.94e-09	5.08e-05	9.98e-01	1.48e-03	0.00e+00	0.00e+00	0.00e+00	0.00e+00	1.61e-14	3.25e-14	1.34e-60
 6.33131e+14	6.61e-20	5.87e-14	5.64e-09	5.44e-05	9.99e-01	1.39e-03	0.00e+00	0.00e+00	0.00e+00	0.00e+00	1.94e-14	3.93e-14	2.63e-60
 6.52561e+14	8.34e-20	7.01e-14	6.37e-09	5.78e-05	9.99e-01	1.30e-03	0.00e+00	0.00e+00	0.00e+00	0.00e+00	2.32e-14	4.69e-14	5.03e-60
 6.73819e+14	1.05e-19	8.35e-14	7.24e-09	6.17e-05	9.99e-01	1.22e-03	0.00e+00	0.00e+00	0.00e+00	0.00e+00	2.76e-14	5.59e-14	9.39e-60
 6.97543e+14	1.36e-19	1.02e-13	8.31e-09	6.62e-05	9.99e-01	1.14e-03	0.00e+00	0.00e+00	0.00e+00	0.00e+00	3.38e-14	6.84e-14	1.95e-59
 7.20067e+14	1.70e-19	1.21e-13	9.45e-09	7.06e-05	9.99e-01	1.06e-03	0.00e+00	0.00e+00	0.00e+00	0.00e+00	4.01e-14	8.12e-14	3.61e-59
 7.44944e+14	2.19e-19	1.48e-13	1.08e-08	7.56e-05	9.99e-01	9.94e-04	0.00e+00	0.00e+00	0.00e+00	0.00e+00	4.89e-14	9.90e-14	7.39e-59
 7.72425e+14	2.82e-19	1.80e-13	1.25e-08	8.15e-05	9.99e-01	9.21e-04	0.00e+00	0.00e+00	0.00e+00	0.00e+00	5.94e-14	1.20e-13	1.48e-58
 7.97682e+14	3.55e-19	2.15e-13	1.42e-08	8.70e-05	9.99e-01	8.63e-04	0.00e+00	0.00e+00	0.00e+00	0.00e+00	7.10e-14	1.44e-13	2.82e-58
 8.24904e+14	4.57e-19	2.62e-13	1.63e-08	9.31e-05	9.99e-01	8.06e-04	0.00e+00	0.00e+00	0.00e+00	0.00e+00	8.64e-14	1.75e-13	5.74e-58
 8.55446e+14	5.86e-19	3.17e-13	1.88e-08	1.00e-04	9.99e-01	7.47e-04	0.00e+00	0.00e+00	0.00e+00	0.00e+00	1.05e-13	2.13e-13	1.15e-57
 8.84219e+14	7.52e-19	3.85e-13	2.15e-08	1.07e-04	9.99e-01	6.99e-04	0.00e+00	0.00e+00	0.00e+00	0.00e+00	1.27e-13	2.58e-13	2.31e-57
 9.15540e+14	9.52e-19	4.63e-13	2.47e-08	1.15e-04	9.99e-01	6.50e-04	0.00e+00	0.00e+00	0.00e+00	0.00e+00	1.53e-13	3.10e-13	4.43e-57
 9.50244e+14	1.25e-18	5.72e-13	2.87e-08	1.24e-04	9.99e-01	6.02e-04	0.00e+00	0.00e+00	0.00e+00	0.00e+00	1.89e-13	3.83e-13	9.54e-57
 9.82591e+14	1.58e-18	6.85e-13	3.28e-08	1.33e-04	9.99e-01	5.61e-04	0.00e+00	0.00e+00	0.00e+00	0.00e+00	2.26e-13	4.59e-13	1.82e-56
 1.01788e+15	2.05e-18	8.40e-13	3.78e-08	1.43e-04	9.99e-01	5.22e-04	0.00e+00	0.00e+00	0.00e+00	0.00e+00	2.77e-13	5.63e-13	3.80e-56
 1.05750e+15	2.65e-18	1.03e-12	4.41e-08	1.55e-04	9.99e-01	4.82e-04	0.00e+00	0.00e+00	0.00e+00	0.00e+00	3.39e-13	6.89e-13	7.79e-56
 1.09490e+15	3.40e-18	1.25e-12	5.06e-08	1.66e-04	9.99e-01	4.48e-04	0.00e+00	0.00e+00	0.00e+00	0.00e+00	4.13e-13	8.40e-13	1.59e-55
 1.13491e+15	4.31e-18	1.51e-12	5.85e-08	1.79e-04	9.99e-01	4.15e-04	0.00e+00	0.00e+00	0.00e+00	0.00e+00	4.97e-13	1.01e-12	3.08e-55
 1.17937e+15	5.69e-18	1.87e-12	6.83e-08	1.94e-04	9.99e-01	3.83e-04	0.00e+00	0.00e+00	0.00e+00	0.00e+00	6.16e-13	1.26e-12	6.71e-55
 1.22252e+15	7.22e-18	2.26e-12	7.90e-08	2.09e-04	9.99e-01	3.55e-04	0.00e+00	0.00e+00	0.00e+00	0.00e+00	7.45e-13	1.52e-12	1.32e-54
 1.26838e+15	9.37e-18	2.79e-12	9.15e-08	2.26e-04	9.99e-01	3.29e-04	0.00e+00	0.00e+00	0.00e+00	0.00e+00	9.17e-13	1.87e-12	2.78e-54
 1.31914e+15	1.21e-17	3.42e-12	1.07e-07	2.46e-04	9.99e-01	3.02e-04	0.00e+00	0.00e+00	0.00e+00	0.00e+00	1.12e-12	2.29e-12	5.75e-54
 1.36892e+15	1.57e-17	4.20e-12	1.25e-07	2.66e-04	9.99e-01	2.79e-04	0.00e+00	0.00e+00	0.00e+00	0.00e+00	1.38e-12	2.82e-12	1.20e-53
 1.40993e+15	1.89e-17	4.88e-12	1.40e-07	2.83e-04	9.99e-01	2.62e-04	0.00e+00	0.00e+00	0.00e+00	0.00e+00	1.60e-12	3.28e-12	2.04e-53
 1.44282e+15	2.22e-17	5.53e-12	1.54e-07	2.97e-04	9.99e-01	2.49e-04	0.00e+00	0.00e+00	0.00e+00	0.00e+00	1.82e-12	3.71e-12	3.19e-53
 1.47911e+15	2.62e-17	6.33e-12	1.70e-07	3.13e-04	9.99e-01	2.36e-04	0.00e+00	0.00e+00	0.00e+00	0.00e+00	2.08e-12	4.25e-12	5.20e-53
 1.52629e+15	3.22e-17	7.46e-12	1.94e-07	3.36e-04	9.99e-01	2.20e-04	0.00e+00	0.00e+00	0.00e+00	0.00e+00	2.45e-12	5.01e-12	9.33e-53
 1.57692e+15	3.99e-17	8.87e-12	2.21e-07	3.60e-04	9.99e-01	2.05e-04	0.00e+00	0.00e+00	0.00e+00	0.00e+00	2.91e-12	5.95e-12	1.72e-52
 1.62194e+15	4.81e-17	1.03e-11	2.48e-07	3.83e-04	9.99e-01	1.93e-04	0.00e+00	4.01e-18	1.21e-17	2.01e-17	3.39e-12	6.94e-12	2.98e-52
 1.67037e+15	5.81e-17	1.20e-11	2.79e-07	4.08e-04	9.99e-01	1.81e-04	0.00e+00	4.86e-18	1.46e-17	2.44e-17	3.95e-12	8.08e-12	5.13e-52
 1.73171e+15	7.33e-17	1.45e-11	3.23e-07	4.42e-04	9.99e-01	1.67e-04	0.00e+00	6.13e-18	1.84e-17	3.08e-17	4.77e-12	9.76e-12	1.01e-51
 1.79392e+15	9.21e-17	1.75e-11	3.73e-07	4.77e-04	9.99e-01	1.55e-04	0.00e+00	7.71e-18	2.32e-17	3.87e-17	5.76e-12	1.18e-11	1.99e-51
 1.84695e+15	1.11e-16	2.05e-11	4.20e-07	5.09e-04	9.99e-01	1.45e-04	0.00e+00	9.33e-18	2.80e-17	4.68e-17	6.71e-12	1.37e-11	3.47e-51
 1.90396e+15	1.35e-16	2.40e-11	4.75e-07	5.45e-04	9.99e-01	1.35e-04	0.00e+00	1.13e-17	3.40e-17	5.68e-17	7.86e-12	1.61e-11	6.14e-51
 1.97492e+15	1.70e-16	2.89e-11	5.52e-07	5.92e-04	9.99e-01	1.25e-04	0.00e+00	1.43e-17	4.30e-17	7.18e-17	9.50e-12	1.95e-11	1.22e-50
 2.04732e+15	2.14e-16	3.50e-11	6.38e-07	6.40e-04	9.99e-01	1.15e-04	0.00e+00	1.80e-17	5.39e-17	9.01e-17	1.15e-11	2.35e-11	2.42e-50
 2.11106e+15	2.61e-16	4.10e-11	7.23e-07	6.86e-04	9.99e-01	1.07e-04	0.00e+00	2.19e-17	6.58e-17	1.10e-16	1.35e-11	2.76e-11	4.34e-50
 2.18023e+15	3.18e-16	4.85e-11	8.24e-07	7.37e-04	9.99e-01	9.98e-05	0.00e+00	2.67e-17	8.03e-17	1.34e-16	1.59e-11	3.26e-11	7.99e-50
 2.26372e+15	4.05e-16	5.90e-11	9.60e-07	8.03e-04	9.99e-01	9.16e-05	0.00e+00	3.42e-17	1.03e-16	1.71e-16	1.93e-11	3.96e-11	1.65e-49
 2.34635e+15	5.06e-16	7.10e-11	1.11e-06	8.71e-04	9.99e-01	8.44e-05	0.00e+00	4.27e-17	1.28e-16	2.14e-16	2.33e-11	4.77e-11	3.29e-49
 2.41952e+15	6.16e-16	8.34e-11	1.26e-06	9.33e-04	9.99e-01	7.88e-05	0.00e+00	5.20e-17	1.56e-16	2.61e-16	2.74e-11	5.61e-11	6.00e-49
 2.49989e+15	7.45e-16	9.83e-11	1.43e-06	1.00e-03	9.99e-01	7.32e-05	0.00e+00	6.29e-17	1.89e-16	3.16e-16	3.22e-11	6.60e-11	1.10e-48
 2.59624e+15	9.56e-16	1.20e-10	1.67e-06	1.09e-03	9.99e-01	6.71e-05	0.00e+00	8.09e-17	2.43e-16	4.06e-16	3.94e-11	8.07e-11	2.36e-48
 2.69232e+15	1.20e-15	1.45e-10	1.93e-06	1.19e-03	9.99e-01	6.18e-05	0.00e+00	1.02e-16	3.06e-16	5.10e-16	4.77e-11	9.77e-11	4.85e-48
 2.78003e+15	1.44e-15	1.70e-10	2.20e-06	1.28e-03	9.99e-01	5.75e-05	0.00e+00	1.22e-16	3.66e-16	6.12e-16	5.59e-11	1.14e-10	8.80e-48
 2.87790e+15	1.81e-15	2.05e-10	2.53e-06	1.38e-03	9.99e-01	5.31e-05	0.00e+00	1.54e-16	4.61e-16	7.70e-16	6.73e-11	1.38e-10	1.79e-47
 2.99190e+15	2.32e-15	2.52e-10	2.96e-06	1.51e-03	9.98e-01	4.86e-05	0.00e+00	1.97e-16	5.93e-16	9.90e-16	8.28e-11	1.69e-10	3.98e-47
 3.10426e+15	2.91e-15	3.05e-10	3.43e-06	1.64e-03	9.98e-01	4.47e-05	0.00e+00	2.48e-16	7.43e-16	1.24e-15	1.00e-10	2.05e-10	8.38e-47
 3.21100e+15	3.59e-15	3.64e-10	3.93e-06	1.77e-03	9.98e-01	4.14e-05	0.00e+00	3.06e-16	9.20e-16	1.54e-15	1.20e-10	2.45e-10	1.68e-46
 3.32936e+15	4.51e-15	4.41e-10	4.54e-06	1.92e-03	9.98e-01	3.81e-05	0.00e+00	3.86e-16	1.16e-15	1.93e-15	1.45e-10	2.96e-10	3.57e-46
 3.44086e+15	5.45e-15	5.19e-10	5.17e-06	2.06e-03	9.98e-01	3.55e-05	0.00e+00	4.66e-16	1.40e-15	2.33e-15	1.71e-10	3.49e-10	6.76e-46
 3.52432e+15	6.36e-15	5.91e-10	5.70e-06	2.18e-03	9.98e-01	3.36e-05	0.00e+00	5.44e-16	1.63e-15	2.73e-15	1.94e-10	3.97e-10	1.13e-45
 3.61000e+15	7.52e-15	6.77e-10	6.27e-06	2.30e-03	9.98e-01	3.18e-05	0.00e+00	6.44e-16	1.93e-15	3.23e-15	2.22e-10	4.54e-10	1.94e-45
 3.72138e+15	9.09e-15	7.94e-10	7.08e-06	2.47e-03	9.97e-01	2.97e-05	0.00e+00	7.80e-16	2.34e-15	3.91e-15	2.61e-10	5.33e-10	3.68e-45
 3.84157e+15	1.09e-14	9.31e-10	8.04e-06	2.65e-03	9.97e-01	2.77e-05	0.00e+00	9.34e-16	2.80e-15	4.68e-15	3.06e-10	6.25e-10	6.85e-45
 3.94975e+15	1.30e-14	1.08e-09	8.98e-06	2.82e-03	9.97e-01	2.60e-05	0.00e+00	1.12e-15	3.35e-15	5.60e-15	3.56e-10	7.26e-10	1.25e-44
 4.06692e+15	1.56e-14	1.26e-09	1.01e-05	3.01e-03	9.97e-01	2.43e-05	0.00e+00	1.34e-15	4.03e-15	6.73e-15	4.16e-10	8.48e-10	2.32e-44
 4.21582e+15	2.01e-14	1.55e-09	1.17e-05	3.27e-03	9.97e-01	2.25e-05	0.00e+00	1.73e-15	5.19e-15	8.66e-15	5.11e-10	1.04e-09	5.25e-44
 4.36583e+15	2.44e-14	1.85e-09	1.34e-05	3.53e-03	9.96e-01	2.08e-05	0.00e+00	2.10e-15	6.31e-15	1.05e-14	6.09e-10	1.24e-09	1.04e-43
 4.49197e+15	2.93e-14	2.16e-09	1.50e-05	3.76e-03	9.96e-01	1.95e-05	0.00e+00	2.53e-15	7.59e-15	1.27e-14	7.12e-10	1.45e-09	1.94e-43
 4.62722e+15	3.54e-14	2.54e-09	1.69e-05	4.02e-03	9.96e-01	1.83e-05	0.00e+00	3.06e-15	9.18e-15	1.53e-14	8.36e-10	1.70e-09	3.67e-43
 4.79776e+15	4.56e-14	3.13e-09	1.95e-05	4.36e-03	9.96e-01	1.69e-05	0.00e+00	3.95e-15	1.18e-14	1.98e-14	1.03e-09	2.10e-09	8.57e-43
 4.97623e+15	5.72e-14	3.82e-09	2.26e-05	4.73e-03	9.95e-01	1.56e-05	0.00e+00	4.96e-15	1.49e-14	2.48e-14	1.26e-09	2.56e-09	1.85e-42
 5.13604e+15	6.89e-14	4.49e-09	2.56e-05	5.07e-03	9.95e-01	1.46e-05	0.00e+00	5.98e-15	1.79e-14	2.99e-14	1.48e-09	3.01e-09	3.49e-42
 5.30953e+15	8.49e-14	5.39e-09	2.92e-05	5.46e-03	9.94e-01	1.36e-05	0.00e+00	7.38e-15	2.21e-14	3.70e-14	1.78e-09	3.61e-09	7.09e-42
 5.51575e+15	1.11e-13	6.77e-09	3.41e-05	5.95e-03	9.94e-01	1.25e-05	0.00e+00	9.67e-15	2.90e-14	4.84e-14	2.23e-09	4.53e-09	1.73e-41
 5.71882e+15	1.39e-13	8.25e-09	3.94e-05	6.44e-03	9.94e-01	1.16e-05	0.00e+00	1.21e-14	3.63e-14	6.05e-14	2.72e-09	5.52e-09	3.55e-41
 5.90316e+15	1.70e-13	9.85e-09	4.47e-05	6.91e-03	9.93e-01	1.09e-05	0.00e+00	1.49e-14	4.46e-14	7.44e-14	3.25e-09	6.60e-09	6.97e-41
 6.10882e+15	2.09e-13	1.18e-08	5.13e-05	7.45e-03	9.92e-01	1.01e-05	0.00e+00	1.83e-14	5.48e-14	9.14e-14	3.89e-09	7.89e-09	1.38e-40
 6.34958e+15	2.74e-13	1.49e-08	5.99e-05	8.14e-03	9.92e-01	9.38e-06	0.00e+00	2.40e-14	7.19e-14	1.20e-13	4.92e-09	9.96e-09	3.42e-40
 6.58644e+15	3.50e-13	1.84e-08	6.94e-05	8.81e-03	9.91e-01	8.73e-06	0.00e+00	3.06e-14	9.18e-14	1.53e-13	6.06e-09	1.23e-08	7.48e-40
 6.80898e+15	4.33e-13	2.22e-08	7.93e-05	9.48e-03	9.90e-01	8.19e-06	0.00e+00	3.79e-14	1.14e-13	1.90e-13	7.32e-09	1.48e-08	1.52e-39
 7.05756e+15	5.44e-13	2.71e-08	9.16e-05	1.03e-02	9.90e-01	7.64e-06	0.00e+00	4.77e-14	1.43e-13	2.39e-13	8.95e-09	1.81e-08	3.14e-39
 7.33990e+15	7.07e-13	3.41e-08	1.07e-04	1.12e-02	9.89e-01	7.10e-06	0.00e+00	6.21e-14	1.86e-13	3.11e-13	1.13e-08	2.28e-08	7.39e-39
 7.57619e+15	8.69e-13	4.09e-08	1.22e-04	1.20e-02	9.88e-01	6.71e-06	0.00e+00	7.64e-14	2.29e-13	3.82e-13	1.35e-08	2.74e-08	1.44e-38
 7.74529e+15	1.00e-12	4.64e-08	1.33e-04	1.26e-02	9.87e-01	6.45e-06	0.00e+00	8.82e-14	2.65e-13	4.42e-13	1.54e-08	3.11e-08	2.23e-38
 7.92181e+15	1.17e-12	5.29e-08	1.46e-04	1.32e-02	9.87e-01	6.20e-06	0.00e+00	1.03e-13	3.08e-13	5.14e-13	1.75e-08	3.54e-08	3.59e-38
 8.15128e+15	1.39e-12	6.15e-08	1.64e-04	1.41e-02	9.86e-01	5.90e-06	0.00e+00	1.22e-13	3.66e-13	6.11e-13	2.04e-08	4.12e-08	6.05e-38
 8.40715e+15	1.74e-12	7.49e-08	1.86e-04	1.51e-02	9.85e-01	5.60e-06	0.00e+00	1.53e-13	4.59e-13	7.66e-13	2.48e-08	5.01e-08	1.23e-37
 8.64592e+15	2.07e-12	8.78e-08	2.09e-04	1.60e-02	9.84e-01	5.35e-06	0.00e+00	1.83e-13	5.48e-13	9.14e-13	2.91e-08	5.87e-08	2.15e-37
 8.90489e+15	2.50e-12	1.03e-07	2.36e-04	1.71e-02	9.83e-01	5.10e-06	0.00e+00	2.21e-13	6.62e-13	1.10e-12	3.42e-08	6.90e-08	3.80e-37
 9.19543e+15	3.16e-12	1.27e-07	2.69e-04	1.84e-02	9.81e-01	4.86e-06	0.00e+00	2.79e-13	8.37e-13	1.40e-12	4.19e-08	8.47e-08	7.79e-37
 9.46950e+15	3.83e-12	1.51e-07	3.04e-04	1.96e-02	9.80e-01	4.65e-06	0.00e+00	3.39e-13	1.02e-12	1.70e-12	4.99e-08	1.01e-07	1.42e-36
 9.76824e+15	4.68e-12	1.78e-07	3.45e-04	2.10e-02	9.79e-01	4.44e-06	0.00e+00	4.14e-13	1.24e-12	2.07e-12	5.90e-08	1.19e-07	2.49e-36
 1.01015e+16	5.96e-12	2.22e-07	3.97e-04	2.26e-02	9.77e-01	4.25e-06	0.00e+00	5.28e-13	1.59e-12	2.64e-12	7.34e-08	1.48e-07	5.35e-36
 1.04143e+16	7.32e-12	2.66e-07	4.51e-04	2.42e-02	9.75e-01	4.08e-06	0.00e+00	6.49e-13	1.95e-12	3.25e-12	8.81e-08	1.78e-07	9.71e-36
 1.07556e+16	9.06e-12	3.17e-07	5.16e-04	2.60e-02	9.74e-01	3.91e-06	0.00e+00	8.04e-13	2.41e-12	4.02e-12	1.05e-07	2.12e-07	1.74e-35
 1.11294e+16	1.16e-11	3.98e-07	5.97e-04	2.81e-02	9.71e-01	3.76e-06	0.00e+00	1.03e-12	3.10e-12	5.18e-12	1.32e-07	2.66e-07	3.70e-35
 1.14720e+16	1.43e-11	4.78e-07	6.79e-04	3.00e-02	9.69e-01	3.63e-06	0.00e+00	1.27e-12	3.82e-12	6.37e-12	1.58e-07	3.19e-07	6.73e-35
 1.18439e+16	1.79e-11	5.79e-07	7.79e-04	3.23e-02	9.67e-01	3.50e-06	0.00e+00	1.59e-12	4.78e-12	7.98e-12	1.92e-07	3.87e-07	1.24e-34
 1.22539e+16	2.26e-11	7.03e-07	9.01e-04	3.48e-02	9.64e-01	3.38e-06	0.00e+00	2.01e-12	6.04e-12	1.01e-11	2.33e-07	4.70e-07	2.28e-34
 1.26357e+16	2.85e-11	8.68e-07	1.03e-03	3.74e-02	9.62e-01	3.29e-06	0.00e+00	2.54e-12	7.63e-12	1.27e-11	2.88e-07	5.80e-07	4.55e-34
 1.30541e+16	3.60e-11	1.06e-06	1.19e-03	4.04e-02	9.58e-01	3.18e-06	0.00e+00	3.21e-12	9.63e-12	1.61e-11	3.52e-07	7.08e-07	8.37e-34
 1.35130e+16	4.60e-11	1.30e-06	1.39e-03	4.37e-02	9.55e-01	3.08e-06	0.00e+00	4.10e-12	1.23e-11	2.05e-11	4.30e-07	8.66e-07	1.54e-33
 1.39216e+16	5.70e-11	1.57e-06	1.58e-03	4.69e-02	9.52e-01	3.01e-06	0.00e+00	5.09e-12	1.53e-11	2.55e-11	5.20e-07	1.05e-06	2.74e-33
 1.42883e+16	6.92e-11	1.86e-06	1.78e-03	4.99e-02	9.48e-01	2.95e-06	0.00e+00	6.19e-12	1.86e-11	3.10e-11	6.16e-07	1.24e-06	4.59e-33
 1.47033e+16	8.72e-11	2.27e-06	2.04e-03	5.35e-02	9.44e-01	2.90e-06	0.00e+00	7.80e-12	2.34e-11	3.90e-11	7.54e-07	1.52e-06	8.51e-33
 1.51680e+16	1.10e-10	2.74e-06	2.36e-03	5.77e-02	9.40e-01	2.83e-06	0.00e+00	9.85e-12	2.95e-11	4.93e-11	9.11e-07	1.83e-06	1.47e-32
 1.55804e+16	1.35e-10	3.28e-06	2.67e-03	6.17e-02	9.36e-01	2.78e-06	0.00e+00	1.21e-11	3.62e-11	6.05e-11	1.09e-06	2.19e-06	2.47e-32
 1.59265e+16	1.62e-10	3.86e-06	2.98e-03	6.52e-02	9.32e-01	2.76e-06	0.00e+00	1.45e-11	4.35e-11	7.26e-11	1.28e-06	2.58e-06	3.99e-32
 1.63035e+16	1.95e-10	4.48e-06	3.34e-03	6.92e-02	9.27e-01	2.72e-06	0.00e+00	1.75e-11	5.25e-11	8.75e-11	1.49e-06	2.99e-06	6.09e-32
 1.67936e+16	2.52e-10	5.63e-06	3.88e-03	7.50e-02	9.21e-01	2.68e-06	0.00e+00	2.26e-11	6.79e-11	1.13e-10	1.87e-06	3.76e-06	1.20e-31
 1.72635e+16	3.14e-10	6.78e-06	4.46e-03	8.05e-02	9.15e-01	2.65e-06	0.00e+00	2.82e-11	8.47e-11	1.41e-10	2.25e-06	4.52e-06	1.98e-31
 1.76234e+16	3.73e-10	7.77e-06	4.96e-03	8.51e-02	9.10e-01	2.63e-06	0.00e+00	3.36e-11	1.01e-10	1.68e-10	2.58e-06	5.19e-06	2.87e-31
 1.80077e+16	4.50e-10	9.11e-06	5.57e-03	9.04e-02	9.04e-01	2.60e-06	0.00e+00	4.05e-11	1.22e-10	2.03e-10	3.03e-06	6.08e-06	4.46e-31
 1.85072e+16	5.87e-10	1.15e-05	6.50e-03	9.80e-02	8.95e-01	2.58e-06	0.00e+00	5.28e-11	1.58e-10	2.64e-10	3.82e-06	7.66e-06	8.85e-31
 1.89992e+16	7.38e-10	1.39e-05	7.51e-03	1.06e-01	8.87e-01	2.55e-06	0.00e+00	6.65e-11	2.00e-10	3.33e-10	4.63e-06	9.29e-06	1.45e-30
 1.93788e+16	8.90e-10	1.61e-05	8.42e-03	1.12e-01	8.80e-01	2.55e-06	0.00e+00	8.03e-11	2.41e-10	4.01e-10	5.34e-06	1.07e-05	2.12e-30
 1.97699e+16	1.08e-09	1.89e-05	9.50e-03	1.19e-01	8.71e-01	2.54e-06	0.00e+00	9.77e-11	2.93e-10	4.89e-10	6.29e-06	1.26e-05	3.28e-30
 2.02782e+16	1.42e-09	2.39e-05	1.12e-02	1.30e-01	8.59e-01	2.53e-06	0.00e+00	1.28e-10	3.85e-10	6.41e-10	7.96e-06	1.60e-05	6.40e-30
 2.07804e+16	1.85e-09	2.99e-05	1.31e-02	1.40e-01	8.47e-01	2.54e-06	0.00e+00	1.68e-10	5.03e-10	8.38e-10	9.93e-06	1.99e-05	1.17e-29
 2.11641e+16	2.25e-09	3.52e-05	1.48e-02	1.49e-01	8.36e-01	2.55e-06	0.00e+00	2.04e-10	6.12e-10	1.02e-09	1.17e-05	2.35e-05	1.80e-29
 2.14951e+16	2.70e-09	4.08e-05	1.64e-02	1.58e-01	8.26e-01	2.56e-06	0.00e+00	2.45e-10	7.34e-10	1.22e-09	1.36e-05	2.72e-05	2.67e-29
 2.18679e+16	3.34e-09	4.82e-05	1.87e-02	1.68e-01	8.13e-01	2.57e-06	0.00e+00	3.03e-10	9.08e-10	1.51e-09	1.60e-05	3.22e-05	4.14e-29
 2.22754e+16	4.17e-09	5.81e-05	2.14e-02	1.80e-01	7.98e-01	2.58e-06	0.00e+00	3.79e-10	1.14e-09	1.89e-09	1.93e-05	3.88e-05	6.83e-29
 2.26363e+16	5.17e-09	6.90e-05	2.43e-02	1.92e-01	7.84e-01	2.61e-06	0.00e+00	4.70e-10	1.41e-09	2.35e-09	2.30e-05	4.60e-05	1.08e-28
 2.29521e+16	6.18e-09	7.91e-05	2.71e-02	2.03e-01	7.70e-01	2.63e-06	0.00e+00	5.61e-10	1.68e-09	2.81e-09	2.63e-05	5.28e-05	1.53e-28
