#depth	O	O+	O+2	O+3	O+4	O+5	O+6	O+7	O+8	O[1]	O[2]	O[3]
 1.49634e+10	0.00e+00	0.00e+00	3.23e-32	9.67e-23	1.96e-14	1.56e-07	1.00e+00	4.94e-16	0.00e+00	0.00e+00	0.00e+00	0.00e+00
 4.54887e+10	0.00e+00	9.73e-43	4.42e-32	1.23e-22	2.30e-14	1.69e-07	1.00e+00	0.00e+00	0.00e+00	0.00e+00	0.00e+00	0.00e+00
 7.72350e+10	0.00e+00	0.00e+00	6.06e-32	1.55e-22	2.69e-14	1.82e-07	1.00e+00	0.00e+00	0.00e+00	0.00e+00	0.00e+00	0.00e+00
 1.10251e+11	0.00e+00	2.13e-42	8.30e-32	1.97e-22	3.15e-14	1.97e-07	1.00e+00	0.00e+00	0.00e+00	0.00e+00	0.00e+00	0.00e+00
 1.43084e+11	0.00e+00	0.00e+00	1.12e-31	2.46e-22	3.66e-14	2.13e-07	1.00e+00	0.00e+00	0.00e+00	0.00e+00	0.00e+00	0.00e+00
 1.77229e+11	0.00e+00	4.53e-42	1.52e-31	3.09e-22	4.26e-14	2.30e-07	1.00e+00	0.00e+00	0.00e+00	0.00e+00	0.00e+00	0.00e+00
 2.14245e+11	0.00e+00	0.00e+00	2.08e-31	3.92e-22	4.99e-14	2.49e-07	1.00e+00	0.00e+00	0.00e+00	0.00e+00	0.00e+00	0.00e+00
 2.52742e+11	0.00e+00	9.94e-42	2.85e-31	4.96e-22	5.85e-14	2.69e-07	1.00e+00	0.00e+00	0.00e+00	0.00e+00	0.00e+00	0.00e+00
 2.92778e+11	0.00e+00	0.00e+00	3.90e-31	6.29e-22	6.85e-14	2.92e-07	1.00e+00	0.00e+00	0.00e+00	0.00e+00	0.00e+00	0.00e+00
 3.34416e+11	0.00e+00	2.18e-41	5.34e-31	7.97e-22	8.03e-14	3.16e-07	1.00e+00	0.00e+00	0.00e+00	0.00e+00	0.00e+00	0.00e+00
 3.77720e+11	0.00e+00	0.00e+00	7.32e-31	1.01e-21	9.41e-14	3.42e-07	1.00e+00	0.00e+00	0.00e+00	0.00e+00	0.00e+00	0.00e+00
 4.22755e+11	0.00e+00	4.79e-41	1.00e-30	1.28e-21	1.10e-13	3.71e-07	1.00e+00	0.00e+00	0.00e+00	0.00e+00	0.00e+00	0.00e+00
 4.69592e+11	0.00e+00	0.00e+00	1.38e-30	1.62e-21	1.29e-13	4.01e-07	1.00e+00	0.00e+00	0.00e+00	0.00e+00	0.00e+00	0.00e+00
 5.18303e+11	0.00e+00	1.05e-40	1.89e-30	2.06e-21	1.52e-13	4.35e-07	1.00e+00	0.00e+00	0.00e+00	0.00e+00	0.00e+00	0.00e+00
 5.68962e+11	0.00e+00	0.00e+00	2.58e-30	2.61e-21	1.78e-13	4.71e-07	1.00e+00	0.00e+00	0.00e+00	0.00e+00	0.00e+00	0.00e+00
 6.21647e+11	0.00e+00	2.31e-40	3.54e-30	3.31e-21	2.09e-13	5.10e-07	1.00e+00	0.00e+00	0.00e+00	0.00e+00	0.00e+00	0.00e+00
 6.76439e+11	0.00e+00	0.00e+00	4.86e-30	4.20e-21	2.45e-13	5.53e-07	1.00e+00	0.00e+00	0.00e+00	0.00e+00	0.00e+00	0.00e+00
 7.33424e+11	0.00e+00	5.09e-40	6.67e-30	5.33e-21	2.87e-13	6.00e-07	1.00e+00	0.00e+00	0.00e+00	0.00e+00	0.00e+00	0.00e+00
 7.92687e+11	0.00e+00	0.00e+00	9.14e-30	6.76e-21	3.37e-13	6.50e-07	1.00e+00	0.00e+00	0.00e+00	0.00e+00	0.00e+00	0.00e+00
 8.54322e+11	0.00e+00	1.12e-39	1.25e-29	8.59e-21	3.96e-13	7.05e-07	1.00e+00	0.00e+00	0.00e+00	0.00e+00	0.00e+00	0.00e+00
 9.18421e+11	0.00e+00	0.00e+00	1.72e-29	1.09e-20	4.65e-13	7.64e-07	1.00e+00	0.00e+00	0.00e+00	0.00e+00	0.00e+00	0.00e+00
 9.85085e+11	0.00e+00	2.46e-39	2.36e-29	1.38e-20	5.46e-13	8.29e-07	1.00e+00	0.00e+00	0.00e+00	0.00e+00	0.00e+00	0.00e+00
 1.05442e+12	0.00e+00	0.00e+00	3.24e-29	1.76e-20	6.42e-13	8.99e-07	1.00e+00	0.00e+00	0.00e+00	0.00e+00	0.00e+00	0.00e+00
 1.12652e+12	0.00e+00	5.41e-39	4.45e-29	2.23e-20	7.54e-13	9.75e-07	1.00e+00	0.00e+00	0.00e+00	0.00e+00	0.00e+00	0.00e+00
 1.20151e+12	0.00e+00	0.00e+00	6.11e-29	2.84e-20	8.86e-13	1.06e-06	1.00e+00	0.00e+00	0.00e+00	0.00e+00	0.00e+00	0.00e+00
 1.27949e+12	0.00e+00	1.19e-38	8.38e-29	3.61e-20	1.04e-12	1.15e-06	1.00e+00	0.00e+00	0.00e+00	0.00e+00	0.00e+00	0.00e+00
 1.36060e+12	0.00e+00	0.00e+00	1.15e-28	4.58e-20	1.23e-12	1.25e-06	1.00e+00	0.00e+00	0.00e+00	0.00e+00	0.00e+00	0.00e+00
 1.44495e+12	0.00e+00	2.62e-38	1.58e-28	5.83e-20	1.44e-12	1.35e-06	1.00e+00	0.00e+00	0.00e+00	0.00e+00	0.00e+00	0.00e+00
 1.53268e+12	0.00e+00	0.00e+00	2.17e-28	7.41e-20	1.70e-12	1.47e-06	1.00e+00	0.00e+00	0.00e+00	0.00e+00	0.00e+00	0.00e+00
 1.62391e+12	0.00e+00	5.76e-38	2.98e-28	9.43e-20	2.00e-12	1.60e-06	1.00e+00	0.00e+00	0.00e+00	0.00e+00	0.00e+00	0.00e+00
 1.71879e+12	0.00e+00	0.00e+00	4.10e-28	1.20e-19	2.36e-12	1.74e-06	1.00e+00	0.00e+00	0.00e+00	0.00e+00	0.00e+00	0.00e+00
 1.81747e+12	0.00e+00	1.27e-37	5.63e-28	1.53e-19	2.78e-12	1.89e-06	1.00e+00	0.00e+00	0.00e+00	0.00e+00	0.00e+00	0.00e+00
 1.92010e+12	0.00e+00	0.00e+00	7.74e-28	1.95e-19	3.27e-12	2.05e-06	1.00e+00	0.00e+00	0.00e+00	0.00e+00	0.00e+00	0.00e+00
 2.02683e+12	0.00e+00	2.79e-37	1.06e-27	2.48e-19	3.86e-12	2.23e-06	1.00e+00	0.00e+00	0.00e+00	0.00e+00	0.00e+00	0.00e+00
 2.13783e+12	0.00e+00	0.00e+00	1.46e-27	3.16e-19	4.55e-12	2.43e-06	1.00e+00	0.00e+00	0.00e+00	0.00e+00	0.00e+00	0.00e+00
 2.25327e+12	0.00e+00	6.13e-37	2.01e-27	4.02e-19	5.37e-12	2.65e-06	1.00e+00	0.00e+00	0.00e+00	0.00e+00	0.00e+00	0.00e+00
 2.37332e+12	0.00e+00	0.00e+00	2.76e-27	5.13e-19	6.35e-12	2.88e-06	1.00e+00	0.00e+00	0.00e+00	0.00e+00	0.00e+00	0.00e+00
 2.49818e+12	0.00e+00	1.35e-36	3.79e-27	6.54e-19	7.50e-12	3.14e-06	1.00e+00	0.00e+00	0.00e+00	0.00e+00	0.00e+00	0.00e+00
 2.62804e+12	9.17e-47	1.99e-36	5.21e-27	8.34e-19	8.87e-12	3.42e-06	1.00e+00	0.00e+00	0.00e+00	0.00e+00	0.00e+00	0.00e+00
 2.76309e+12	0.00e+00	0.00e+00	7.16e-27	1.06e-18	1.05e-11	3.73e-06	1.00e+00	0.00e+00	0.00e+00	0.00e+00	0.00e+00	0.00e+00
 2.90354e+12	0.00e+00	4.36e-36	9.84e-27	1.36e-18	1.24e-11	4.07e-06	1.00e+00	0.00e+00	0.00e+00	0.00e+00	0.00e+00	0.00e+00
 3.04960e+12	3.73e-46	6.45e-36	1.35e-26	1.73e-18	1.47e-11	4.44e-06	1.00e+00	0.00e+00	0.00e+00	0.00e+00	0.00e+00	0.00e+00
 3.18668e+12	0.00e+00	0.00e+00	1.80e-26	2.16e-18	1.71e-11	4.81e-06	1.00e+00	0.00e+00	0.00e+00	0.00e+00	0.00e+00	0.00e+00
 3.30876e+12	0.00e+00	1.24e-35	2.30e-26	2.62e-18	1.96e-11	5.16e-06	1.00e+00	0.00e+00	0.00e+00	0.00e+00	0.00e+00	0.00e+00
 3.44554e+12	1.21e-45	1.73e-35	3.01e-26	3.22e-18	2.26e-11	5.56e-06	1.00e+00	0.00e+00	0.00e+00	0.00e+00	0.00e+00	0.00e+00
 3.60827e+12	0.00e+00	0.00e+00	4.09e-26	4.08e-18	2.67e-11	6.07e-06	1.00e+00	0.00e+00	0.00e+00	0.00e+00	0.00e+00	0.00e+00
 3.77154e+12	0.00e+00	3.61e-35	5.50e-26	5.14e-18	3.14e-11	6.60e-06	1.00e+00	0.00e+00	0.00e+00	0.00e+00	0.00e+00	0.00e+00
 3.92424e+12	4.29e-45	4.99e-35	7.18e-26	6.32e-18	3.64e-11	7.14e-06	1.00e+00	0.00e+00	0.00e+00	0.00e+00	0.00e+00	0.00e+00
 4.09404e+12	0.00e+00	7.07e-35	9.56e-26	7.91e-18	4.26e-11	7.76e-06	1.00e+00	0.00e+00	0.00e+00	0.00e+00	0.00e+00	0.00e+00
 4.28772e+12	1.02e-44	1.03e-34	1.31e-25	1.01e-17	5.07e-11	8.51e-06	1.00e+00	0.00e+00	0.00e+00	0.00e+00	0.00e+00	0.00e+00
 4.47976e+12	0.00e+00	1.48e-34	1.76e-25	1.28e-17	5.99e-11	9.30e-06	1.00e+00	0.00e+00	0.00e+00	0.00e+00	0.00e+00	0.00e+00
 4.67948e+12	2.39e-44	2.12e-34	2.37e-25	1.61e-17	7.09e-11	1.02e-05	1.00e+00	0.00e+00	0.00e+00	0.00e+00	0.00e+00	0.00e+00
 4.89659e+12	0.00e+00	3.07e-34	3.22e-25	2.06e-17	8.45e-11	1.12e-05	1.00e+00	0.00e+00	0.00e+00	0.00e+00	0.00e+00	0.00e+00
 5.12238e+12	5.71e-44	4.43e-34	4.38e-25	2.63e-17	1.01e-10	1.23e-05	1.00e+00	0.00e+00	0.00e+00	0.00e+00	0.00e+00	0.00e+00
 5.35720e+12	0.00e+00	6.37e-34	5.93e-25	3.36e-17	1.20e-10	1.36e-05	1.00e+00	0.00e+00	0.00e+00	0.00e+00	0.00e+00	0.00e+00
 5.60142e+12	1.33e-43	9.11e-34	8.02e-25	4.29e-17	1.44e-10	1.50e-05	1.00e+00	0.00e+00	0.00e+00	0.00e+00	0.00e+00	0.00e+00
 5.85540e+12	0.00e+00	1.30e-33	1.08e-24	5.46e-17	1.72e-10	1.65e-05	1.00e+00	0.00e+00	0.00e+00	0.00e+00	0.00e+00	0.00e+00
 6.11954e+12	3.01e-43	1.83e-33	1.45e-24	6.96e-17	2.05e-10	1.83e-05	1.00e+00	0.00e+00	0.00e+00	0.00e+00	0.00e+00	0.00e+00
 6.39425e+12	0.00e+00	2.58e-33	1.94e-24	8.84e-17	2.45e-10	2.02e-05	1.00e+00	0.00e+00	0.00e+00	0.00e+00	0.00e+00	0.00e+00
 6.67543e+12	6.56e-43	3.58e-33	2.58e-24	1.12e-16	2.92e-10	2.23e-05	1.00e+00	0.00e+00	0.00e+00	0.00e+00	0.00e+00	0.00e+00
 6.95691e+12	0.00e+00	4.89e-33	3.38e-24	1.40e-16	3.45e-10	2.46e-05	1.00e+00	0.00e+00	0.00e+00	0.00e+00	0.00e+00	0.00e+00
 7.23917e+12	1.32e-42	6.58e-33	4.38e-24	1.74e-16	4.06e-10	2.70e-05	1.00e+00	0.00e+00	0.00e+00	0.00e+00	0.00e+00	0.00e+00
 7.52779e+12	0.00e+00	8.78e-33	5.64e-24	2.16e-16	4.75e-10	2.96e-05	1.00e+00	0.00e+00	0.00e+00	0.00e+00	0.00e+00	0.00e+00
 7.82726e+12	2.54e-42	1.17e-32	7.25e-24	2.66e-16	5.56e-10	3.25e-05	1.00e+00	0.00e+00	0.00e+00	0.00e+00	0.00e+00	0.00e+00
 8.13895e+12	0.00e+00	1.55e-32	9.30e-24	3.29e-16	6.51e-10	3.56e-05	1.00e+00	0.00e+00	0.00e+00	0.00e+00	0.00e+00	0.00e+00
 8.46361e+12	4.81e-42	2.05e-32	1.19e-23	4.08e-16	7.61e-10	3.91e-05	1.00e+00	0.00e+00	0.00e+00	0.00e+00	0.00e+00	0.00e+00
 8.80381e+12	0.00e+00	2.72e-32	1.53e-23	5.05e-16	8.90e-10	4.29e-05	1.00e+00	0.00e+00	0.00e+00	0.00e+00	0.00e+00	0.00e+00
 9.16371e+12	9.14e-42	3.62e-32	1.98e-23	6.28e-16	1.04e-09	4.72e-05	1.00e+00	0.00e+00	0.00e+00	0.00e+00	0.00e+00	0.00e+00
 9.54770e+12	0.00e+00	4.86e-32	2.58e-23	7.85e-16	1.23e-09	5.19e-05	1.00e+00	0.00e+00	0.00e+00	0.00e+00	0.00e+00	0.00e+00
 9.95613e+12	1.78e-41	6.58e-32	3.37e-23	9.86e-16	1.45e-09	5.73e-05	1.00e+00	0.00e+00	0.00e+00	0.00e+00	0.00e+00	0.00e+00
 1.03843e+13	0.00e+00	8.93e-32	4.43e-23	1.24e-15	1.70e-09	6.32e-05	1.00e+00	0.00e+00	0.00e+00	0.00e+00	0.00e+00	0.00e+00
 1.08296e+13	3.55e-41	1.22e-31	5.82e-23	1.56e-15	2.01e-09	6.96e-05	1.00e+00	0.00e+00	0.00e+00	0.00e+00	0.00e+00	0.00e+00
 1.12927e+13	0.00e+00	1.66e-31	7.67e-23	1.97e-15	2.36e-09	7.66e-05	1.00e+00	0.00e+00	0.00e+00	0.00e+00	0.00e+00	0.00e+00
 1.17456e+13	7.03e-41	2.23e-31	9.95e-23	2.45e-15	2.75e-09	8.38e-05	1.00e+00	0.00e+00	0.00e+00	0.00e+00	0.00e+00	0.00e+00
 1.22166e+13	0.00e+00	3.01e-31	1.29e-22	3.04e-15	3.19e-09	9.15e-05	1.00e+00	0.00e+00	0.00e+00	0.00e+00	0.00e+00	0.00e+00
 1.27352e+13	1.42e-40	4.16e-31	1.71e-22	3.83e-15	3.75e-09	1.00e-04	1.00e+00	0.00e+00	0.00e+00	0.00e+00	0.00e+00	0.00e+00
 1.32577e+13	0.00e+00	5.70e-31	2.26e-22	4.79e-15	4.37e-09	1.10e-04	1.00e+00	0.00e+00	0.00e+00	0.00e+00	0.00e+00	0.00e+00
 1.38011e+13	2.91e-40	7.86e-31	2.97e-22	6.00e-15	5.10e-09	1.20e-04	1.00e+00	0.00e+00	0.00e+00	0.00e+00	0.00e+00	0.00e+00
 1.43831e+13	0.00e+00	1.10e-30	3.96e-22	7.57e-15	5.98e-09	1.31e-04	1.00e+00	0.00e+00	0.00e+00	0.00e+00	0.00e+00	0.00e+00
 1.49883e+13	6.26e-40	1.54e-30	5.29e-22	9.55e-15	7.00e-09	1.44e-04	1.00e+00	0.00e+00	0.00e+00	0.00e+00	0.00e+00	0.00e+00
 1.56178e+13	0.00e+00	2.17e-30	7.08e-22	1.20e-14	8.19e-09	1.57e-04	1.00e+00	0.00e+00	0.00e+00	0.00e+00	0.00e+00	0.00e+00
 1.62724e+13	1.38e-39	3.06e-30	9.49e-22	1.52e-14	9.59e-09	1.71e-04	1.00e+00	0.00e+00	0.00e+00	0.00e+00	0.00e+00	0.00e+00
 1.69532e+13	0.00e+00	4.35e-30	1.28e-21	1.92e-14	1.12e-08	1.87e-04	1.00e+00	0.00e+00	0.00e+00	0.00e+00	0.00e+00	0.00e+00
 1.76613e+13	3.08e-39	6.18e-30	1.71e-21	2.42e-14	1.31e-08	2.04e-04	1.00e+00	0.00e+00	0.00e+00	0.00e+00	0.00e+00	0.00e+00
 1.83977e+13	0.00e+00	8.85e-30	2.31e-21	3.06e-14	1.54e-08	2.22e-04	1.00e+00	0.00e+00	0.00e+00	0.00e+00	0.00e+00	0.00e+00
 1.91033e+13	6.84e-39	1.23e-29	3.05e-21	3.80e-14	1.77e-08	2.40e-04	1.00e+00	0.00e+00	0.00e+00	0.00e+00	0.00e+00	0.00e+00
 1.97547e+13	0.00e+00	1.66e-29	3.90e-21	4.60e-14	2.02e-08	2.58e-04	1.00e+00	0.00e+00	0.00e+00	0.00e+00	0.00e+00	0.00e+00
 2.04923e+13	1.42e-38	2.30e-29	5.12e-21	5.68e-14	2.32e-08	2.78e-04	1.00e+00	0.00e+00	0.00e+00	0.00e+00	0.00e+00	0.00e+00
 2.13419e+13	0.00e+00	3.32e-29	6.93e-21	7.18e-14	2.72e-08	3.02e-04	1.00e+00	0.00e+00	0.00e+00	0.00e+00	0.00e+00	0.00e+00
 2.21768e+13	3.27e-38	4.70e-29	9.23e-21	8.96e-14	3.15e-08	3.27e-04	1.00e+00	0.00e+00	0.00e+00	0.00e+00	0.00e+00	0.00e+00
 2.30450e+13	0.00e+00	6.69e-29	1.23e-20	1.12e-13	3.65e-08	3.54e-04	1.00e+00	0.00e+00	0.00e+00	0.00e+00	0.00e+00	0.00e+00
 2.39967e+13	7.64e-38	9.71e-29	1.67e-20	1.41e-13	4.27e-08	3.84e-04	1.00e+00	0.00e+00	0.00e+00	0.00e+00	0.00e+00	0.00e+00
 2.49549e+13	0.00e+00	1.40e-28	2.25e-20	1.77e-13	4.97e-08	4.16e-04	1.00e+00	0.00e+00	0.00e+00	0.00e+00	0.00e+00	0.00e+00
 2.59514e+13	1.80e-37	2.01e-28	3.03e-20	2.23e-13	5.79e-08	4.50e-04	1.00e+00	0.00e+00	0.00e+00	0.00e+00	0.00e+00	0.00e+00
 2.70194e+13	0.00e+00	2.93e-28	4.12e-20	2.82e-13	6.77e-08	4.88e-04	1.00e+00	0.00e+00	0.00e+00	0.00e+00	0.00e+00	0.00e+00
 2.81301e+13	4.40e-37	4.28e-28	5.61e-20	3.56e-13	7.91e-08	5.29e-04	9.99e-01	0.00e+00	0.00e+00	0.00e+00	0.00e+00	0.00e+00
 2.92853e+13	0.00e+00	6.27e-28	7.64e-20	4.50e-13	9.25e-08	5.74e-04	9.99e-01	0.00e+00	0.00e+00	0.00e+00	0.00e+00	0.00e+00
 3.04866e+13	1.09e-36	9.18e-28	1.04e-19	5.69e-13	1.08e-07	6.22e-04	9.99e-01	0.00e+00	0.00e+00	0.00e+00	0.00e+00	0.00e+00
 3.17360e+13	0.00e+00	1.35e-27	1.42e-19	7.20e-13	1.26e-07	6.74e-04	9.99e-01	0.00e+00	0.00e+00	0.00e+00	0.00e+00	0.00e+00
 3.30353e+13	2.70e-36	1.98e-27	1.94e-19	9.10e-13	1.48e-07	7.30e-04	9.99e-01	0.00e+00	0.00e+00	0.00e+00	0.00e+00	0.00e+00
 3.43867e+13	0.00e+00	2.90e-27	2.64e-19	1.15e-12	1.73e-07	7.90e-04	9.99e-01	0.00e+00	0.00e+00	0.00e+00	0.00e+00	0.00e+00
 3.57921e+13	6.76e-36	4.27e-27	3.61e-19	1.46e-12	2.02e-07	8.55e-04	9.99e-01	0.00e+00	0.00e+00	0.00e+00	0.00e+00	0.00e+00
 3.72537e+13	0.00e+00	6.29e-27	4.92e-19	1.84e-12	2.36e-07	9.26e-04	9.99e-01	0.00e+00	0.00e+00	0.00e+00	0.00e+00	0.00e+00
 3.87364e+13	1.68e-35	9.18e-27	6.67e-19	2.32e-12	2.75e-07	1.00e-03	9.99e-01	0.00e+00	0.00e+00	0.00e+00	0.00e+00	0.00e+00
 4.02785e+13	0.00e+00	1.34e-26	9.05e-19	2.91e-12	3.21e-07	1.08e-03	9.99e-01	0.00e+00	0.00e+00	0.00e+00	0.00e+00	0.00e+00
 4.19195e+13	4.22e-35	1.98e-26	1.24e-18	3.68e-12	3.75e-07	1.17e-03	9.99e-01	0.00e+00	0.00e+00	0.00e+00	0.00e+00	0.00e+00
 4.36262e+13	6.72e-35	2.92e-26	1.69e-18	4.66e-12	4.39e-07	1.26e-03	9.99e-01	0.00e+00	0.00e+00	0.00e+00	0.00e+00	0.00e+00
 4.54012e+13	1.07e-34	4.31e-26	2.31e-18	5.89e-12	5.13e-07	1.37e-03	9.99e-01	0.00e+00	0.00e+00	0.00e+00	0.00e+00	0.00e+00
 4.72472e+13	1.71e-34	6.36e-26	3.16e-18	7.45e-12	6.00e-07	1.48e-03	9.99e-01	0.00e+00	0.00e+00	0.00e+00	0.00e+00	0.00e+00
 4.91670e+13	2.72e-34	9.39e-26	4.32e-18	9.42e-12	7.02e-07	1.60e-03	9.98e-01	0.00e+00	0.00e+00	0.00e+00	0.00e+00	0.00e+00
 5.11636e+13	4.35e-34	1.39e-25	5.90e-18	1.19e-11	8.20e-07	1.73e-03	9.98e-01	0.00e+00	0.00e+00	0.00e+00	0.00e+00	0.00e+00
 5.32401e+13	6.94e-34	2.05e-25	8.07e-18	1.51e-11	9.59e-07	1.87e-03	9.98e-01	0.00e+00	0.00e+00	0.00e+00	0.00e+00	0.00e+00
 5.53996e+13	1.11e-33	3.03e-25	1.10e-17	1.91e-11	1.12e-06	2.02e-03	9.98e-01	0.00e+00	0.00e+00	0.00e+00	0.00e+00	0.00e+00
 5.76455e+13	1.77e-33	4.47e-25	1.51e-17	2.41e-11	1.31e-06	2.19e-03	9.98e-01	0.00e+00	0.00e+00	0.00e+00	0.00e+00	0.00e+00
 5.99813e+13	2.82e-33	6.61e-25	2.06e-17	3.05e-11	1.53e-06	2.37e-03	9.98e-01	0.00e+00	0.00e+00	0.00e+00	0.00e+00	0.00e+00
 6.23279e+13	4.42e-33	9.61e-25	2.79e-17	3.82e-11	1.78e-06	2.55e-03	9.97e-01	0.00e+00	0.00e+00	0.00e+00	0.00e+00	0.00e+00
 6.47684e+13	6.97e-33	1.40e-24	3.78e-17	4.80e-11	2.08e-06	2.75e-03	9.97e-01	0.00e+00	0.00e+00	0.00e+00	0.00e+00	0.00e+00
 6.73890e+13	1.10e-32	2.07e-24	5.16e-17	6.07e-11	2.43e-06	2.98e-03	9.97e-01	0.00e+00	0.00e+00	0.00e+00	0.00e+00	0.00e+00
 7.01145e+13	1.76e-32	3.05e-24	7.05e-17	7.67e-11	2.84e-06	3.22e-03	9.97e-01	0.00e+00	0.00e+00	0.00e+00	0.00e+00	0.00e+00
 7.29490e+13	2.80e-32	4.49e-24	9.63e-17	9.70e-11	3.32e-06	3.48e-03	9.97e-01	0.00e+00	0.00e+00	0.00e+00	0.00e+00	0.00e+00
 7.58969e+13	4.47e-32	6.64e-24	1.32e-16	1.23e-10	3.88e-06	3.77e-03	9.96e-01	0.00e+00	0.00e+00	0.00e+00	0.00e+00	0.00e+00
 7.89627e+13	7.06e-32	9.75e-24	1.80e-16	1.55e-10	4.53e-06	4.08e-03	9.96e-01	0.00e+00	0.00e+00	0.00e+00	0.00e+00	0.00e+00
 8.18651e+13	1.08e-31	1.39e-23	2.39e-16	1.92e-10	5.23e-06	4.38e-03	9.96e-01	0.00e+00	0.00e+00	0.00e+00	0.00e+00	0.00e+00
 8.44914e+13	1.55e-31	1.88e-23	3.06e-16	2.32e-10	5.92e-06	4.67e-03	9.95e-01	0.00e+00	0.00e+00	0.00e+00	0.00e+00	0.00e+00
 8.74511e+13	2.33e-31	2.65e-23	4.02e-16	2.84e-10	6.78e-06	4.99e-03	9.95e-01	0.00e+00	0.00e+00	0.00e+00	0.00e+00	0.00e+00
 9.09214e+13	3.62e-31	3.84e-23	5.45e-16	3.58e-10	7.90e-06	5.40e-03	9.95e-01	0.00e+00	0.00e+00	0.00e+00	0.00e+00	0.00e+00
 9.43487e+13	5.55e-31	5.50e-23	7.29e-16	4.45e-10	9.15e-06	5.82e-03	9.94e-01	0.00e+00	0.00e+00	0.00e+00	0.00e+00	0.00e+00
 9.75625e+13	8.14e-31	7.60e-23	9.47e-16	5.43e-10	1.04e-05	6.22e-03	9.94e-01	0.00e+00	0.00e+00	0.00e+00	0.00e+00	0.00e+00
 1.01144e+14	1.24e-30	1.08e-22	1.26e-15	6.72e-10	1.20e-05	6.69e-03	9.93e-01	0.00e+00	0.00e+00	0.00e+00	0.00e+00	0.00e+00
 1.05220e+14	1.92e-30	1.57e-22	1.71e-15	8.50e-10	1.41e-05	7.25e-03	9.93e-01	0.00e+00	0.00e+00	0.00e+00	0.00e+00	0.00e+00
 1.09250e+14	2.97e-30	2.26e-22	2.30e-15	1.06e-09	1.63e-05	7.82e-03	9.92e-01	0.00e+00	0.00e+00	0.00e+00	0.00e+00	0.00e+00
 1.13440e+14	4.50e-30	3.23e-22	3.08e-15	1.33e-09	1.89e-05	8.45e-03	9.92e-01	0.00e+00	0.00e+00	0.00e+00	0.00e+00	0.00e+00
 1.18008e+14	7.07e-30	4.72e-22	4.19e-15	1.68e-09	2.21e-05	9.15e-03	9.91e-01	0.00e+00	0.00e+00	0.00e+00	0.00e+00	0.00e+00
 1.22650e+14	1.08e-29	6.78e-22	5.66e-15	2.11e-09	2.57e-05	9.90e-03	9.90e-01	0.00e+00	0.00e+00	0.00e+00	0.00e+00	0.00e+00
 1.27479e+14	1.66e-29	9.78e-22	7.64e-15	2.65e-09	2.99e-05	1.07e-02	9.89e-01	0.00e+00	0.00e+00	0.00e+00	0.00e+00	0.00e+00
 1.32608e+14	2.56e-29	1.42e-21	1.04e-14	3.34e-09	3.50e-05	1.16e-02	9.88e-01	0.00e+00	0.00e+00	0.00e+00	0.00e+00	0.00e+00
 1.37942e+14	4.00e-29	2.07e-21	1.41e-14	4.22e-09	4.08e-05	1.26e-02	9.87e-01	0.00e+00	0.00e+00	0.00e+00	0.00e+00	0.00e+00
 1.43490e+14	6.10e-29	2.97e-21	1.92e-14	5.33e-09	4.77e-05	1.37e-02	9.86e-01	0.00e+00	0.00e+00	0.00e+00	0.00e+00	0.00e+00
 1.49259e+14	9.36e-29	4.30e-21	2.60e-14	6.73e-09	5.56e-05	1.48e-02	9.85e-01	0.00e+00	0.00e+00	0.00e+00	0.00e+00	0.00e+00
 1.55259e+14	1.43e-28	6.20e-21	3.53e-14	8.50e-09	6.49e-05	1.61e-02	9.84e-01	0.00e+00	0.00e+00	0.00e+00	0.00e+00	0.00e+00
 1.61500e+14	2.21e-28	9.01e-21	4.79e-14	1.07e-08	7.58e-05	1.75e-02	9.82e-01	0.00e+00	0.00e+00	0.00e+00	0.00e+00	0.00e+00
 1.67990e+14	3.33e-28	1.29e-20	6.49e-14	1.36e-08	8.84e-05	1.90e-02	9.81e-01	0.00e+00	0.00e+00	0.00e+00	0.00e+00	0.00e+00
 1.74494e+14	5.05e-28	1.84e-20	8.71e-14	1.70e-08	1.03e-04	2.05e-02	9.79e-01	0.00e+00	0.00e+00	0.00e+00	0.00e+00	0.00e+00
 1.81259e+14	7.44e-28	2.59e-20	1.17e-13	2.13e-08	1.19e-04	2.22e-02	9.78e-01	0.00e+00	0.00e+00	0.00e+00	0.00e+00	0.00e+00
 1.88540e+14	1.14e-27	3.75e-20	1.58e-13	2.68e-08	1.39e-04	2.41e-02	9.76e-01	0.00e+00	0.00e+00	0.00e+00	0.00e+00	0.00e+00
 1.96111e+14	1.70e-27	5.32e-20	2.14e-13	3.39e-08	1.62e-04	2.63e-02	9.74e-01	0.00e+00	0.00e+00	0.00e+00	0.00e+00	0.00e+00
 2.03986e+14	2.58e-27	7.69e-20	2.91e-13	4.28e-08	1.89e-04	2.85e-02	9.71e-01	0.00e+00	0.00e+00	0.00e+00	0.00e+00	0.00e+00
 2.12175e+14	3.80e-27	1.09e-19	3.94e-13	5.40e-08	2.20e-04	3.10e-02	9.69e-01	0.00e+00	0.00e+00	0.00e+00	0.00e+00	0.00e+00
 2.19900e+14	5.55e-27	1.52e-19	5.19e-13	6.67e-08	2.53e-04	3.34e-02	9.66e-01	0.00e+00	0.00e+00	0.00e+00	0.00e+00	0.00e+00
 2.26884e+14	7.59e-27	2.00e-19	6.60e-13	8.02e-08	2.85e-04	3.58e-02	9.64e-01	0.00e+00	0.00e+00	0.00e+00	0.00e+00	0.00e+00
 2.34781e+14	1.07e-26	2.73e-19	8.59e-13	9.82e-08	3.25e-04	3.85e-02	9.61e-01	0.00e+00	0.00e+00	0.00e+00	0.00e+00	0.00e+00
 2.44045e+14	1.54e-26	3.82e-19	1.16e-12	1.23e-07	3.78e-04	4.18e-02	9.58e-01	0.00e+00	0.00e+00	0.00e+00	0.00e+00	0.00e+00
 2.53272e+14	2.22e-26	5.32e-19	1.54e-12	1.54e-07	4.36e-04	4.53e-02	9.54e-01	0.00e+00	0.00e+00	0.00e+00	0.00e+00	0.00e+00
 2.62055e+14	3.11e-26	7.21e-19	2.01e-12	1.88e-07	4.97e-04	4.87e-02	9.51e-01	0.00e+00	0.00e+00	0.00e+00	0.00e+00	0.00e+00
 2.71754e+14	4.43e-26	9.97e-19	2.66e-12	2.33e-07	5.71e-04	5.26e-02	9.47e-01	0.00e+00	0.00e+00	0.00e+00	0.00e+00	0.00e+00
 2.82654e+14	6.50e-26	1.42e-18	3.61e-12	2.94e-07	6.64e-04	5.73e-02	9.42e-01	0.00e+00	0.00e+00	0.00e+00	0.00e+00	0.00e+00
 2.93597e+14	9.39e-26	1.99e-18	4.85e-12	3.68e-07	7.68e-04	6.21e-02	9.37e-01	0.00e+00	0.00e+00	0.00e+00	0.00e+00	0.00e+00
 3.03513e+14	1.29e-25	2.68e-18	6.28e-12	4.48e-07	8.72e-04	6.67e-02	9.32e-01	0.00e+00	0.00e+00	0.00e+00	0.00e+00	0.00e+00
 3.12486e+14	1.72e-25	3.48e-18	7.88e-12	5.32e-07	9.74e-04	7.10e-02	9.28e-01	0.00e+00	0.00e+00	0.00e+00	0.00e+00	0.00e+00
 3.22705e+14	2.35e-25	4.66e-18	1.01e-11	6.44e-07	1.10e-03	7.59e-02	9.23e-01	0.00e+00	0.00e+00	0.00e+00	0.00e+00	0.00e+00
 3.35065e+14	3.40e-25	6.55e-18	1.36e-11	8.05e-07	1.27e-03	8.22e-02	9.17e-01	0.00e+00	0.00e+00	0.00e+00	0.00e+00	0.00e+00
 3.47387e+14	4.84e-25	9.09e-18	1.81e-11	9.96e-07	1.46e-03	8.86e-02	9.10e-01	0.00e+00	0.00e+00	0.00e+00	0.00e+00	0.00e+00
 3.58410e+14	6.59e-25	1.21e-17	2.32e-11	1.20e-06	1.64e-03	9.45e-02	9.04e-01	0.00e+00	0.00e+00	0.00e+00	0.00e+00	0.00e+00
 3.70570e+14	9.23e-25	1.64e-17	3.01e-11	1.46e-06	1.86e-03	1.01e-01	8.97e-01	0.00e+00	0.00e+00	0.00e+00	0.00e+00	0.00e+00
 3.85006e+14	1.35e-24	2.32e-17	4.07e-11	1.82e-06	2.15e-03	1.09e-01	8.89e-01	0.00e+00	0.00e+00	0.00e+00	0.00e+00	0.00e+00
 3.99344e+14	1.94e-24	3.25e-17	5.43e-11	2.26e-06	2.47e-03	1.18e-01	8.80e-01	0.00e+00	0.00e+00	0.00e+00	0.00e+00	0.00e+00
 4.12591e+14	2.78e-24	4.46e-17	7.02e-11	2.73e-06	2.79e-03	1.25e-01	8.72e-01	0.00e+00	0.00e+00	0.00e+00	0.00e+00	0.00e+00
 4.27460e+14	3.85e-24	6.06e-17	9.28e-11	3.36e-06	3.18e-03	1.34e-01	8.63e-01	0.00e+00	0.00e+00	0.00e+00	0.00e+00	0.00e+00
 4.44589e+14	5.74e-24	8.69e-17	1.26e-10	4.23e-06	3.68e-03	1.45e-01	8.52e-01	0.00e+00	0.00e+00	0.00e+00	0.00e+00	0.00e+00
 4.61434e+14	8.38e-24	1.22e-16	1.69e-10	5.24e-06	4.22e-03	1.55e-01	8.41e-01	0.00e+00	0.00e+00	0.00e+00	0.00e+00	0.00e+00
 4.78953e+14	1.26e-23	1.75e-16	2.26e-10	6.50e-06	4.84e-03	1.66e-01	8.29e-01	0.00e+00	0.00e+00	0.00e+00	0.00e+00	0.00e+00
 4.98141e+14	1.82e-23	2.46e-16	3.08e-10	8.15e-06	5.58e-03	1.78e-01	8.16e-01	0.00e+00	0.00e+00	0.00e+00	0.00e+00	0.00e+00
 5.17464e+14	2.78e-23	3.55e-16	4.14e-10	1.01e-05	6.41e-03	1.91e-01	8.03e-01	0.00e+00	0.00e+00	0.00e+00	0.00e+00	0.00e+00
 5.37561e+14	3.97e-23	4.94e-16	5.57e-10	1.26e-05	7.35e-03	2.04e-01	7.89e-01	0.00e+00	0.00e+00	0.00e+00	0.00e+00	0.00e+00
 5.59093e+14	5.99e-23	7.09e-16	7.55e-10	1.57e-05	8.45e-03	2.18e-01	7.73e-01	0.00e+00	0.00e+00	0.00e+00	0.00e+00	0.00e+00
 5.81487e+14	9.15e-23	1.03e-15	1.02e-09	1.96e-05	9.71e-03	2.33e-01	7.58e-01	0.00e+00	0.00e+00	0.00e+00	0.00e+00	0.00e+00
 6.04776e+14	1.36e-22	1.47e-15	1.38e-09	2.44e-05	1.11e-02	2.48e-01	7.41e-01	0.00e+00	0.00e+00	0.00e+00	0.00e+00	0.00e+00
 6.28997e+14	2.04e-22	2.09e-15	1.87e-09	3.04e-05	1.28e-02	2.64e-01	7.23e-01	0.00e+00	0.00e+00	0.00e+00	0.00e+00	0.00e+00
 6.54187e+14	3.04e-22	2.98e-15	2.52e-09	3.78e-05	1.46e-02	2.80e-01	7.05e-01	0.00e+00	0.00e+00	0.00e+00	0.00e+00	0.00e+00
 6.80384e+14	4.43e-22	4.16e-15	3.39e-09	4.68e-05	1.67e-02	2.97e-01	6.86e-01	0.00e+00	0.00e+00	0.00e+00	0.00e+00	0.00e+00
 7.05820e+14	6.52e-22	5.82e-15	4.47e-09	5.71e-05	1.88e-02	3.13e-01	6.68e-01	0.00e+00	0.00e+00	0.00e+00	0.00e+00	0.00e+00
 7.29792e+14	9.17e-22	7.84e-15	5.74e-09	6.84e-05	2.10e-02	3.28e-01	6.51e-01	0.00e+00	0.00e+00	0.00e+00	0.00e+00	0.00e+00
 7.56532e+14	1.34e-21	1.09e-14	7.51e-09	8.29e-05	2.37e-02	3.44e-01	6.32e-01	0.00e+00	0.00e+00	0.00e+00	0.00e+00	0.00e+00
 7.84627e+14	1.94e-21	1.50e-14	9.83e-09	1.01e-04	2.66e-02	3.61e-01	6.12e-01	0.00e+00	0.00e+00	0.00e+00	0.00e+00	0.00e+00
 8.09737e+14	2.67e-21	1.98e-14	1.24e-08	1.19e-04	2.94e-02	3.76e-01	5.95e-01	0.00e+00	0.00e+00	0.00e+00	0.00e+00	0.00e+00
 8.37024e+14	3.70e-21	2.63e-14	1.58e-08	1.41e-04	3.27e-02	3.91e-01	5.76e-01	0.00e+00	0.00e+00	0.00e+00	0.00e+00	0.00e+00
 8.69511e+14	5.51e-21	3.70e-14	2.09e-08	1.72e-04	3.68e-02	4.09e-01	5.55e-01	0.00e+00	0.00e+00	0.00e+00	0.00e+00	0.00e+00
 9.02064e+14	8.03e-21	5.12e-14	2.72e-08	2.08e-04	4.11e-02	4.25e-01	5.33e-01	0.00e+00	0.00e+00	0.00e+00	0.00e+00	0.00e+00
 9.32489e+14	1.13e-20	6.84e-14	3.46e-08	2.46e-04	4.54e-02	4.40e-01	5.14e-01	0.00e+00	0.00e+00	0.00e+00	0.00e+00	0.00e+00
 9.66389e+14	1.62e-20	9.34e-14	4.46e-08	2.94e-04	5.04e-02	4.56e-01	4.93e-01	0.00e+00	0.00e+00	0.00e+00	0.00e+00	0.00e+00
 1.00270e+15	2.36e-20	1.29e-13	5.79e-08	3.54e-04	5.61e-02	4.72e-01	4.71e-01	0.00e+00	0.00e+00	0.00e+00	0.00e+00	0.00e+00
 1.03551e+15	3.25e-20	1.69e-13	7.27e-08	4.14e-04	6.14e-02	4.86e-01	4.52e-01	0.00e+00	0.00e+00	0.00e+00	0.00e+00	0.00e+00
 1.07105e+15	4.61e-20	2.27e-13	9.19e-08	4.88e-04	6.75e-02	4.99e-01	4.33e-01	0.00e+00	0.00e+00	0.00e+00	0.00e+00	0.00e+00
 1.11298e+15	6.76e-20	3.14e-13	1.20e-07	5.87e-04	7.49e-02	5.14e-01	4.10e-01	0.00e+00	0.00e+00	0.00e+00	0.00e+00	0.00e+00
 1.15404e+15	9.74e-20	4.28e-13	1.54e-07	6.97e-04	8.26e-02	5.28e-01	3.89e-01	0.00e+00	0.00e+00	0.00e+00	0.00e+00	0.00e+00
 1.19127e+15	1.34e-19	5.61e-13	1.91e-07	8.09e-04	8.97e-02	5.39e-01	3.71e-01	0.00e+00	0.00e+00	0.00e+00	0.00e+00	0.00e+00
 1.23268e+15	1.91e-19	7.49e-13	2.40e-07	9.47e-04	9.79e-02	5.49e-01	3.52e-01	0.00e+00	0.00e+00	0.00e+00	0.00e+00	0.00e+00
 1.28122e+15	2.78e-19	1.03e-12	3.10e-07	1.13e-03	1.08e-01	5.60e-01	3.31e-01	0.00e+00	0.00e+00	0.00e+00	0.00e+00	0.00e+00
 1.32942e+15	4.04e-19	1.41e-12	3.96e-07	1.34e-03	1.18e-01	5.70e-01	3.10e-01	0.00e+00	0.00e+00	0.00e+00	0.00e+00	0.00e+00
 1.37475e+15	5.67e-19	1.86e-12	4.93e-07	1.55e-03	1.28e-01	5.78e-01	2.93e-01	0.00e+00	0.00e+00	0.00e+00	0.00e+00	0.00e+00
 1.42498e+15	8.14e-19	2.50e-12	6.22e-07	1.81e-03	1.39e-01	5.85e-01	2.75e-01	0.00e+00	0.00e+00	0.00e+00	0.00e+00	0.00e+00
 1.48200e+15	1.18e-18	3.41e-12	7.99e-07	2.15e-03	1.52e-01	5.91e-01	2.55e-01	0.00e+00	0.00e+00	0.00e+00	0.00e+00	0.00e+00
 1.53897e+15	1.73e-18	4.68e-12	1.02e-06	2.53e-03	1.65e-01	5.96e-01	2.37e-01	0.00e+00	0.00e+00	0.00e+00	0.00e+00	0.00e+00
 1.59822e+15	2.53e-18	6.37e-12	1.29e-06	2.96e-03	1.79e-01	5.99e-01	2.20e-01	0.00e+00	0.00e+00	0.00e+00	0.00e+00	0.00e+00
 1.66217e+15	3.73e-18	8.73e-12	1.64e-06	3.48e-03	1.94e-01	6.00e-01	2.03e-01	0.00e+00	0.00e+00	0.00e+00	0.00e+00	0.00e+00
 1.72869e+15	5.35e-18	1.18e-11	2.09e-06	4.08e-03	2.10e-01	6.00e-01	1.86e-01	0.00e+00	0.00e+00	0.00e+00	0.00e+00	0.00e+00
 1.79787e+15	7.97e-18	1.63e-11	2.65e-06	4.77e-03	2.26e-01	5.98e-01	1.71e-01	0.00e+00	0.00e+00	0.00e+00	0.00e+00	0.00e+00
 1.86981e+15	1.17e-17	2.22e-11	3.36e-06	5.57e-03	2.44e-01	5.95e-01	1.56e-01	0.00e+00	0.00e+00	0.00e+00	0.00e+00	0.00e+00
 1.94464e+15	1.71e-17	3.01e-11	4.24e-06	6.48e-03	2.61e-01	5.90e-01	1.42e-01	0.00e+00	0.00e+00	0.00e+00	0.00e+00	0.00e+00
 2.02245e+15	2.51e-17	4.08e-11	5.33e-06	7.52e-03	2.80e-01	5.83e-01	1.29e-01	0.00e+00	0.00e+00	1.42e-17	7.73e-18	3.02e-18
 2.10338e+15	3.66e-17	5.52e-11	6.69e-06	8.70e-03	2.99e-01	5.75e-01	1.17e-01	0.00e+00	0.00e+00	2.06e-17	1.15e-17	4.23e-18
 2.18754e+15	5.32e-17	7.45e-11	8.37e-06	1.00e-02	3.18e-01	5.66e-01	1.06e-01	0.00e+00	0.00e+00	3.00e-17	1.67e-17	6.14e-18
 2.27508e+15	7.73e-17	1.00e-10	1.05e-05	1.16e-02	3.38e-01	5.55e-01	9.54e-02	0.00e+00	0.00e+00	4.37e-17	2.41e-17	8.88e-18
 2.36611e+15	1.12e-16	1.35e-10	1.30e-05	1.33e-02	3.58e-01	5.43e-01	8.57e-02	0.00e+00	0.00e+00	6.34e-17	3.49e-17	1.28e-17
 2.44966e+15	1.55e-16	1.74e-10	1.58e-05	1.50e-02	3.76e-01	5.31e-01	7.78e-02	0.00e+00	0.00e+00	8.80e-17	4.82e-17	1.77e-17
 2.52153e+15	2.03e-16	2.16e-10	1.84e-05	1.65e-02	3.92e-01	5.20e-01	7.16e-02	0.00e+00	0.00e+00	1.15e-16	6.30e-17	2.31e-17
 2.60138e+15	2.71e-16	2.71e-10	2.18e-05	1.83e-02	4.08e-01	5.08e-01	6.55e-02	0.00e+00	0.00e+00	1.54e-16	8.40e-17	3.07e-17
 2.69946e+15	3.71e-16	3.49e-10	2.66e-05	2.07e-02	4.27e-01	4.93e-01	5.87e-02	0.00e+00	0.00e+00	2.11e-16	1.15e-16	4.19e-17
 2.80119e+15	5.37e-16	4.65e-10	3.24e-05	2.34e-02	4.47e-01	4.78e-01	5.23e-02	0.00e+00	0.00e+00	3.07e-16	1.66e-16	6.04e-17
 2.89519e+15	7.32e-16	5.91e-10	3.85e-05	2.59e-02	4.64e-01	4.63e-01	4.72e-02	0.00e+00	0.00e+00	4.18e-16	2.26e-16	8.20e-17
 2.98534e+15	9.70e-16	7.36e-10	4.52e-05	2.86e-02	4.79e-01	4.49e-01	4.28e-02	0.00e+00	0.00e+00	5.54e-16	2.99e-16	1.08e-16
 3.08866e+15	1.32e-15	9.38e-10	5.38e-05	3.17e-02	4.97e-01	4.33e-01	3.83e-02	0.00e+00	0.00e+00	7.58e-16	4.07e-16	1.47e-16
 3.20362e+15	1.84e-15	1.21e-09	6.47e-05	3.54e-02	5.15e-01	4.16e-01	3.40e-02	0.00e+00	0.00e+00	1.05e-15	5.66e-16	2.04e-16
 3.31133e+15	2.41e-15	1.50e-09	7.64e-05	3.91e-02	5.31e-01	4.00e-01	3.04e-02	0.00e+00	0.00e+00	1.38e-15	7.41e-16	2.67e-16
 3.42899e+15	3.40e-15	1.95e-09	9.12e-05	4.33e-02	5.47e-01	3.83e-01	2.69e-02	0.00e+00	0.00e+00	1.95e-15	1.04e-15	3.74e-16
 3.55901e+15	4.76e-15	2.52e-09	1.09e-04	4.82e-02	5.64e-01	3.64e-01	2.36e-02	0.00e+00	0.00e+00	2.73e-15	1.46e-15	5.21e-16
 3.68011e+15	6.24e-15	3.12e-09	1.29e-04	5.29e-02	5.78e-01	3.48e-01	2.09e-02	0.00e+00	0.00e+00	3.58e-15	1.91e-15	6.81e-16
 3.81247e+15	8.57e-15	3.98e-09	1.53e-04	5.84e-02	5.92e-01	3.31e-01	1.83e-02	0.00e+00	0.00e+00	4.92e-15	2.62e-15	9.31e-16
 3.96010e+15	1.23e-14	5.24e-09	1.84e-04	6.48e-02	6.07e-01	3.12e-01	1.59e-02	0.00e+00	0.00e+00	7.10e-15	3.78e-15	1.34e-15
 4.09871e+15	1.68e-14	6.63e-09	2.16e-04	7.10e-02	6.19e-01	2.96e-01	1.39e-02	0.00e+00	0.00e+00	9.69e-15	5.15e-15	1.82e-15
 4.24777e+15	2.30e-14	8.42e-09	2.56e-04	7.79e-02	6.31e-01	2.79e-01	1.21e-02	0.00e+00	0.00e+00	1.32e-14	7.04e-15	2.47e-15
 4.41391e+15	3.23e-14	1.09e-08	3.06e-04	8.60e-02	6.42e-01	2.61e-01	1.03e-02	0.00e+00	0.00e+00	1.86e-14	9.88e-15	3.45e-15
 4.57393e+15	4.41e-14	1.38e-08	3.60e-04	9.40e-02	6.52e-01	2.45e-01	8.94e-03	0.00e+00	0.00e+00	2.54e-14	1.35e-14	4.71e-15
 4.72583e+15	5.70e-14	1.68e-08	4.18e-04	1.02e-01	6.60e-01	2.30e-01	7.80e-03	0.00e+00	0.00e+00	3.28e-14	1.74e-14	6.06e-15
 4.89657e+15	8.03e-14	2.16e-08	4.93e-04	1.11e-01	6.67e-01	2.15e-01	6.68e-03	0.00e+00	0.00e+00	4.63e-14	2.45e-14	8.50e-15
 5.08437e+15	1.12e-13	2.77e-08	5.83e-04	1.22e-01	6.73e-01	1.99e-01	5.68e-03	0.00e+00	0.00e+00	6.47e-14	3.43e-14	1.18e-14
 5.25905e+15	1.50e-13	3.45e-08	6.78e-04	1.31e-01	6.77e-01	1.86e-01	4.88e-03	0.00e+00	0.00e+00	8.66e-14	4.58e-14	1.58e-14
 5.44880e+15	2.05e-13	4.36e-08	7.94e-04	1.43e-01	6.80e-01	1.72e-01	4.15e-03	0.00e+00	0.00e+00	1.19e-13	6.28e-14	2.16e-14
 5.66228e+15	2.85e-13	5.56e-08	9.39e-04	1.55e-01	6.82e-01	1.58e-01	3.48e-03	0.00e+00	0.00e+00	1.65e-13	8.72e-14	2.99e-14
 5.86847e+15	3.90e-13	7.01e-08	1.10e-03	1.68e-01	6.82e-01	1.45e-01	2.93e-03	0.00e+00	0.00e+00	2.25e-13	1.19e-13	4.06e-14
 6.06151e+15	5.17e-13	8.63e-08	1.26e-03	1.80e-01	6.81e-01	1.35e-01	2.51e-03	0.00e+00	0.00e+00	2.99e-13	1.58e-13	5.38e-14
 6.27651e+15	6.76e-13	1.06e-07	1.47e-03	1.94e-01	6.79e-01	1.23e-01	2.11e-03	0.00e+00	0.00e+00	3.91e-13	2.06e-13	7.02e-14
 6.51485e+15	9.72e-13	1.37e-07	1.73e-03	2.10e-01	6.74e-01	1.12e-01	1.74e-03	0.00e+00	0.00e+00	5.62e-13	2.97e-13	1.01e-13
 6.74548e+15	1.33e-12	1.72e-07	2.01e-03	2.26e-01	6.69e-01	1.02e-01	1.46e-03	0.00e+00	0.00e+00	7.67e-13	4.05e-13	1.37e-13
 6.96741e+15	1.76e-12	2.12e-07	2.31e-03	2.41e-01	6.62e-01	9.34e-02	1.23e-03	0.00e+00	0.00e+00	1.02e-12	5.38e-13	1.82e-13
 7.21611e+15	2.40e-12	2.65e-07	2.68e-03	2.58e-01	6.54e-01	8.44e-02	1.01e-03	0.00e+00	0.00e+00	1.39e-12	7.32e-13	2.46e-13
 7.47397e+15	3.25e-12	3.31e-07	3.11e-03	2.76e-01	6.44e-01	7.62e-02	8.36e-04	0.00e+00	0.00e+00	1.88e-12	9.94e-13	3.34e-13
 7.69099e+15	4.20e-12	3.99e-07	3.51e-03	2.91e-01	6.35e-01	6.98e-02	7.10e-04	0.00e+00	0.00e+00	2.43e-12	1.28e-12	4.31e-13
 7.92036e+15	5.50e-12	4.84e-07	3.99e-03	3.08e-01	6.24e-01	6.36e-02	5.98e-04	0.00e+00	0.00e+00	3.19e-12	1.68e-12	5.63e-13
 8.21103e+15	7.57e-12	6.10e-07	4.65e-03	3.29e-01	6.10e-01	5.65e-02	4.82e-04	0.00e+00	0.00e+00	4.39e-12	2.31e-12	7.74e-13
 8.50577e+15	1.05e-11	7.70e-07	5.42e-03	3.50e-01	5.94e-01	5.01e-02	3.88e-04	0.00e+00	0.00e+00	6.06e-12	3.20e-12	1.07e-12
 8.75254e+15	1.36e-11	9.30e-07	6.12e-03	3.68e-01	5.80e-01	4.53e-02	3.25e-04	0.00e+00	0.00e+00	7.91e-12	4.16e-12	1.39e-12
 8.97809e+15	1.73e-11	1.10e-06	6.84e-03	3.85e-01	5.67e-01	4.13e-02	2.76e-04	0.00e+00	0.00e+00	1.00e-11	5.28e-12	1.76e-12
 9.23687e+15	2.26e-11	1.34e-06	7.75e-03	4.04e-01	5.51e-01	3.70e-02	2.28e-04	0.00e+00	0.00e+00	1.31e-11	6.92e-12	2.30e-12
 9.57081e+15	3.15e-11	1.70e-06	9.07e-03	4.28e-01	5.31e-01	3.22e-02	1.79e-04	0.00e+00	0.00e+00	1.83e-11	9.63e-12	3.20e-12
 9.90710e+15	4.42e-11	2.16e-06	1.06e-02	4.53e-01	5.09e-01	2.80e-02	1.41e-04	0.00e+00	0.00e+00	2.57e-11	1.35e-11	4.49e-12
 1.01724e+16	5.68e-11	2.59e-06	1.19e-02	4.72e-01	4.91e-01	2.50e-02	1.17e-04	0.00e+00	0.00e+00	3.30e-11	1.74e-11	5.76e-12
 1.04410e+16	7.12e-11	3.05e-06	1.35e-02	4.91e-01	4.73e-01	2.22e-02	9.59e-05	0.00e+00	0.00e+00	4.13e-11	2.18e-11	7.21e-12
 1.07900e+16	1.05e-10	4.01e-06	1.58e-02	5.16e-01	4.49e-01	1.90e-02	7.40e-05	0.00e+00	0.00e+00	6.10e-11	3.21e-11	1.06e-11
 1.11414e+16	1.48e-10	5.11e-06	1.84e-02	5.41e-01	4.24e-01	1.63e-02	5.74e-05	0.00e+00	0.00e+00	8.59e-11	4.52e-11	1.50e-11
 1.14184e+16	1.82e-10	5.98e-06	2.08e-02	5.60e-01	4.05e-01	1.44e-02	4.70e-05	0.00e+00	0.00e+00	1.06e-10	5.57e-11	1.84e-11
 1.17012e+16	2.42e-10	7.32e-06	2.37e-02	5.79e-01	3.85e-01	1.26e-02	3.79e-05	0.00e+00	0.00e+00	1.40e-10	7.38e-11	2.44e-11
 1.20189e+16	3.49e-10	9.46e-06	2.74e-02	6.00e-01	3.61e-01	1.08e-02	2.97e-05	0.00e+00	0.00e+00	2.03e-10	1.07e-10	3.53e-11
 1.23120e+16	4.68e-10	1.17e-05	3.14e-02	6.19e-01	3.41e-01	9.34e-03	2.38e-05	0.00e+00	0.00e+00	2.72e-10	1.43e-10	4.73e-11
 1.25755e+16	6.14e-10	1.42e-05	3.55e-02	6.35e-01	3.21e-01	8.18e-03	1.93e-05	0.00e+00	0.00e+00	3.57e-10	1.88e-10	6.21e-11
 1.28702e+16	7.76e-10	1.70e-05	4.09e-02	6.52e-01	3.00e-01	7.00e-03	1.53e-05	0.00e+00	0.00e+00	4.51e-10	2.37e-10	7.84e-11
 1.31861e+16	1.18e-09	2.27e-05	4.80e-02	6.69e-01	2.77e-01	5.89e-03	1.17e-05	0.00e+00	0.00e+00	6.85e-10	3.61e-10	1.19e-10
 1.34470e+16	1.56e-09	2.80e-05	5.49e-02	6.82e-01	2.58e-01	5.09e-03	9.44e-06	0.00e+00	0.00e+00	9.09e-10	4.78e-10	1.58e-10
 1.36663e+16	2.02e-09	3.38e-05	6.18e-02	6.92e-01	2.41e-01	4.46e-03	7.79e-06	0.00e+00	0.00e+00	1.18e-09	6.20e-10	2.05e-10
 1.38611e+16	2.55e-09	4.00e-05	6.89e-02	7.00e-01	2.27e-01	3.96e-03	6.54e-06	0.00e+00	0.00e+00	1.48e-09	7.80e-10	2.58e-10
 1.40291e+16	3.13e-09	4.66e-05	7.60e-02	7.06e-01	2.15e-01	3.55e-03	5.59e-06	0.00e+00	0.00e+00	1.82e-09	9.59e-10	3.17e-10
 1.42150e+16	3.72e-09	5.35e-05	8.51e-02	7.11e-01	2.00e-01	3.13e-03	4.67e-06	0.00e+00	0.00e+00	2.16e-09	1.14e-09	3.76e-10
 1.44566e+16	5.50e-09	7.09e-05	9.97e-02	7.16e-01	1.82e-01	2.62e-03	3.63e-06	0.00e+00	0.00e+00	3.20e-09	1.68e-09	5.56e-10
 1.46744e+16	7.40e-09	8.88e-05	1.15e-01	7.17e-01	1.65e-01	2.22e-03	2.89e-06	0.00e+00	0.00e+00	4.30e-09	2.27e-09	7.49e-10
 1.48280e+16	8.88e-09	1.03e-04	1.29e-01	7.16e-01	1.53e-01	1.95e-03	2.42e-06	0.00e+00	0.00e+00	5.17e-09	2.72e-09	9.00e-10
 1.49944e+16	1.16e-08	1.25e-04	1.47e-01	7.12e-01	1.39e-01	1.67e-03	1.96e-06	0.00e+00	0.00e+00	6.72e-09	3.54e-09	1.17e-09
 1.51816e+16	1.70e-08	1.66e-04	1.72e-01	7.03e-01	1.24e-01	1.39e-03	1.52e-06	0.00e+00	0.00e+00	9.87e-09	5.20e-09	1.72e-09
 1.53505e+16	2.34e-08	2.12e-04	2.01e-01	6.89e-01	1.09e-01	1.15e-03	1.19e-06	0.00e+00	0.00e+00	1.36e-08	7.18e-09	2.38e-09
 1.54890e+16	3.06e-08	2.61e-04	2.29e-01	6.72e-01	9.69e-02	9.62e-04	9.47e-07	0.00e+00	0.00e+00	1.78e-08	9.38e-09	3.11e-09
 1.56110e+16	3.90e-08	3.16e-04	2.60e-01	6.53e-01	8.58e-02	8.06e-04	0.00e+00	0.00e+00	0.00e+00	2.27e-08	1.20e-08	3.96e-09
 1.57284e+16	5.10e-08	3.88e-04	2.96e-01	6.28e-01	7.48e-02	6.65e-04	0.00e+00	0.00e+00	0.00e+00	2.96e-08	1.56e-08	5.19e-09
 1.58415e+16	6.58e-08	4.74e-04	3.38e-01	5.97e-01	6.40e-02	5.37e-04	0.00e+00	0.00e+00	0.00e+00	3.83e-08	2.02e-08	6.70e-09
 1.59460e+16	8.52e-08	5.80e-04	3.83e-01	5.62e-01	5.40e-02	4.28e-04	0.00e+00	0.00e+00	0.00e+00	4.96e-08	2.62e-08	8.70e-09
 1.60403e+16	1.02e-07	6.74e-04	4.32e-01	5.22e-01	4.49e-02	3.36e-04	0.00e+00	0.00e+00	0.00e+00	5.94e-08	3.14e-08	1.04e-08
 1.61200e+16	1.28e-07	8.00e-04	4.78e-01	4.83e-01	3.74e-02	2.66e-04	0.00e+00	0.00e+00	0.00e+00	7.42e-08	3.92e-08	1.31e-08
 1.61799e+16	1.55e-07	9.27e-04	5.17e-01	4.50e-01	3.20e-02	2.18e-04	0.00e+00	0.00e+00	0.00e+00	9.03e-08	4.77e-08	1.59e-08
 1.62262e+16	1.75e-07	1.02e-03	5.48e-01	4.23e-01	2.79e-02	1.84e-04	0.00e+00	0.00e+00	0.00e+00	1.02e-07	5.39e-08	1.80e-08
 1.62753e+16	2.01e-07	1.13e-03	5.84e-01	3.91e-01	2.37e-02	1.49e-04	0.00e+00	0.00e+00	0.00e+00	1.17e-07	6.18e-08	2.06e-08
 1.63390e+16	2.38e-07	1.29e-03	6.32e-01	3.47e-01	1.87e-02	1.11e-04	0.00e+00	0.00e+00	0.00e+00	1.39e-07	7.33e-08	2.45e-08
 1.64058e+16	2.82e-07	1.46e-03	6.83e-01	3.01e-01	1.41e-02	7.90e-05	0.00e+00	0.00e+00	0.00e+00	1.64e-07	8.68e-08	2.91e-08
 1.64625e+16	3.24e-07	1.62e-03	7.25e-01	2.62e-01	1.08e-02	5.69e-05	0.00e+00	0.00e+00	0.00e+00	1.88e-07	9.96e-08	3.34e-08
 1.65219e+16	3.73e-07	1.79e-03	7.69e-01	2.22e-01	7.84e-03	3.86e-05	0.00e+00	0.00e+00	0.00e+00	2.17e-07	1.15e-07	3.86e-08
 1.65886e+16	4.30e-07	1.98e-03	8.12e-01	1.81e-01	5.34e-03	2.42e-05	0.00e+00	0.00e+00	0.00e+00	2.50e-07	1.32e-07	4.46e-08
 1.66540e+16	4.87e-07	2.16e-03	8.49e-01	1.45e-01	3.55e-03	1.47e-05	0.00e+00	0.00e+00	0.00e+00	2.83e-07	1.50e-07	5.06e-08
 1.67284e+16	5.54e-07	2.34e-03	8.84e-01	1.12e-01	2.16e-03	8.01e-06	0.00e+00	0.00e+00	0.00e+00	3.22e-07	1.71e-07	5.77e-08
 1.68235e+16	6.34e-07	2.55e-03	9.16e-01	8.00e-02	1.14e-03	3.61e-06	0.00e+00	0.00e+00	0.00e+00	3.69e-07	1.96e-07	6.62e-08
 1.69364e+16	7.21e-07	2.74e-03	9.42e-01	5.48e-02	5.37e-04	1.42e-06	0.00e+00	0.00e+00	0.00e+00	4.19e-07	2.23e-07	7.55e-08
 1.70685e+16	8.14e-07	2.91e-03	9.60e-01	3.69e-02	2.35e-04	4.93e-07	0.00e+00	0.00e+00	0.00e+00	4.73e-07	2.51e-07	8.53e-08
 1.72352e+16	9.20e-07	3.08e-03	9.72e-01	2.44e-02	9.28e-05	0.00e+00	0.00e+00	0.00e+00	0.00e+00	5.35e-07	2.84e-07	9.65e-08
 1.74518e+16	1.05e-06	3.25e-03	9.80e-01	1.65e-02	3.36e-05	0.00e+00	0.00e+00	0.00e+00	0.00e+00	6.10e-07	3.24e-07	1.10e-07
 1.77334e+16	1.23e-06	3.45e-03	9.85e-01	1.18e-02	1.17e-05	0.00e+00	0.00e+00	0.00e+00	0.00e+00	7.15e-07	3.80e-07	1.29e-07
 1.80995e+16	1.49e-06	3.70e-03	9.87e-01	9.18e-03	4.01e-06	0.00e+00	0.00e+00	0.00e+00	0.00e+00	8.69e-07	4.62e-07	1.57e-07
 1.85754e+16	1.93e-06	4.05e-03	9.88e-01	7.66e-03	1.35e-06	0.00e+00	0.00e+00	0.00e+00	0.00e+00	1.12e-06	5.96e-07	2.02e-07
 1.90766e+16	2.54e-06	4.46e-03	9.89e-01	6.78e-03	5.28e-07	0.00e+00	0.00e+00	0.00e+00	0.00e+00	1.48e-06	7.86e-07	2.67e-07
 1.95001e+16	3.26e-06	4.87e-03	9.89e-01	6.22e-03	0.00e+00	0.00e+00	0.00e+00	0.00e+00	0.00e+00	1.89e-06	1.01e-06	3.41e-07
 1.98781e+16	4.11e-06	5.29e-03	9.89e-01	5.77e-03	0.00e+00	0.00e+00	0.00e+00	0.00e+00	0.00e+00	2.39e-06	1.27e-06	4.30e-07
 2.03075e+16	5.42e-06	5.85e-03	9.89e-01	5.31e-03	0.00e+00	0.00e+00	0.00e+00	0.00e+00	0.00e+00	3.15e-06	1.68e-06	5.67e-07
 2.07659e+16	7.43e-06	6.58e-03	9.89e-01	4.83e-03	0.00e+00	0.00e+00	0.00e+00	0.00e+00	0.00e+00	4.32e-06	2.30e-06	7.76e-07
 2.11493e+16	9.88e-06	7.34e-03	9.88e-01	4.41e-03	0.00e+00	0.00e+00	0.00e+00	0.00e+00	0.00e+00	5.74e-06	3.05e-06	1.03e-06
 2.14642e+16	1.26e-05	8.09e-03	9.88e-01	4.10e-03	0.00e+00	0.00e+00	0.00e+00	0.00e+00	0.00e+00	7.34e-06	3.90e-06	1.32e-06
 2.18025e+16	1.67e-05	9.06e-03	9.87e-01	3.74e-03	0.00e+00	0.00e+00	0.00e+00	0.00e+00	0.00e+00	9.72e-06	5.17e-06	1.74e-06
 2.21640e+16	2.30e-05	1.04e-02	9.86e-01	3.37e-03	0.00e+00	0.00e+00	0.00e+00	0.00e+00	0.00e+00	1.34e-05	7.11e-06	2.40e-06
 2.24666e+16	3.08e-05	1.17e-02	9.85e-01	3.05e-03	0.00e+00	0.00e+00	0.00e+00	0.00e+00	0.00e+00	1.79e-05	9.51e-06	3.21e-06
 2.27143e+16	3.97e-05	1.31e-02	9.84e-01	2.78e-03	0.00e+00	0.00e+00	0.00e+00	0.00e+00	0.00e+00	2.31e-05	1.22e-05	4.12e-06
 2.28927e+16	4.79e-05	1.43e-02	9.83e-01	2.60e-03	0.00e+00	0.00e+00	0.00e+00	0.00e+00	0.00e+00	2.79e-05	1.48e-05	4.98e-06
 2.30043e+16	5.42e-05	1.51e-02	9.82e-01	2.48e-03	0.00e+00	0.00e+00	0.00e+00	0.00e+00	0.00e+00	3.15e-05	1.67e-05	5.63e-06
 2.31156e+16	6.16e-05	1.61e-02	9.82e-01	2.36e-03	0.00e+00	0.00e+00	0.00e+00	0.00e+00	0.00e+00	3.58e-05	1.90e-05	6.40e-06
 2.32603e+16	7.31e-05	1.74e-02	9.80e-01	2.20e-03	0.00e+00	0.00e+00	0.00e+00	0.00e+00	0.00e+00	4.25e-05	2.25e-05	7.59e-06
 2.34131e+16	8.79e-05	1.90e-02	9.79e-01	2.04e-03	0.00e+00	0.00e+00	0.00e+00	0.00e+00	0.00e+00	5.11e-05	2.71e-05	9.12e-06
 2.35399e+16	1.03e-04	2.06e-02	9.77e-01	1.91e-03	0.00e+00	0.00e+00	0.00e+00	0.00e+00	0.00e+00	6.01e-05	3.19e-05	1.07e-05
 2.36478e+16	1.19e-04	2.20e-02	9.76e-01	1.80e-03	0.00e+00	0.00e+00	0.00e+00	0.00e+00	0.00e+00	6.93e-05	3.67e-05	1.24e-05
 2.37674e+16	1.40e-04	2.39e-02	9.74e-01	1.68e-03	0.00e+00	0.00e+00	0.00e+00	0.00e+00	0.00e+00	8.16e-05	4.32e-05	1.45e-05
 2.38861e+16	1.66e-04	2.60e-02	9.72e-01	1.56e-03	0.00e+00	0.00e+00	0.00e+00	0.00e+00	0.00e+00	9.64e-05	5.11e-05	1.72e-05
 2.39747e+16	1.88e-04	2.77e-02	9.71e-01	1.47e-03	0.00e+00	0.00e+00	0.00e+00	0.00e+00	0.00e+00	1.10e-04	5.81e-05	1.95e-05
 2.40493e+16	2.11e-04	2.93e-02	9.69e-01	1.41e-03	0.00e+00	0.00e+00	0.00e+00	0.00e+00	0.00e+00	1.22e-04	6.49e-05	2.18e-05
 2.41347e+16	2.41e-04	3.14e-02	9.67e-01	1.32e-03	0.00e+00	0.00e+00	0.00e+00	0.00e+00	0.00e+00	1.40e-04	7.41e-05	2.49e-05
 2.42287e+16	2.79e-04	3.39e-02	9.65e-01	1.23e-03	0.00e+00	0.00e+00	0.00e+00	0.00e+00	0.00e+00	1.62e-04	8.60e-05	2.89e-05
 2.43125e+16	3.20e-04	3.64e-02	9.62e-01	1.15e-03	0.00e+00	0.00e+00	0.00e+00	0.00e+00	0.00e+00	1.86e-04	9.87e-05	3.32e-05
 2.43856e+16	3.62e-04	3.89e-02	9.60e-01	1.09e-03	0.00e+00	0.00e+00	0.00e+00	0.00e+00	0.00e+00	2.11e-04	1.12e-04	3.75e-05
 2.44664e+16	4.18e-04	4.19e-02	9.57e-01	1.01e-03	0.00e+00	0.00e+00	0.00e+00	0.00e+00	0.00e+00	2.43e-04	1.29e-04	4.32e-05
