#depth	He	He+	He+2
 1.49634e+10	3.40e-23	6.86e-12	1.00e+00
 4.54887e+10	3.76e-23	7.41e-12	1.00e+00
 7.72350e+10	4.15e-23	8.03e-12	1.00e+00
 1.10251e+11	4.59e-23	8.69e-12	1.00e+00
 1.43084e+11	5.06e-23	9.37e-12	1.00e+00
 1.77229e+11	5.56e-23	1.01e-11	1.00e+00
 2.14245e+11	6.16e-23	1.10e-11	1.00e+00
 2.52742e+11	6.82e-23	1.19e-11	1.00e+00
 2.92778e+11	7.56e-23	1.28e-11	1.00e+00
 3.34416e+11	8.38e-23	1.39e-11	1.00e+00
 3.77720e+11	9.30e-23	1.51e-11	1.00e+00
 4.22755e+11	1.03e-22	1.63e-11	1.00e+00
 4.69592e+11	1.15e-22	1.77e-11	1.00e+00
 5.18303e+11	1.28e-22	1.92e-11	1.00e+00
 5.68962e+11	1.42e-22	2.08e-11	1.00e+00
 6.21647e+11	1.59e-22	2.25e-11	1.00e+00
 6.76439e+11	1.77e-22	2.44e-11	1.00e+00
 7.33424e+11	1.98e-22	2.65e-11	1.00e+00
 7.92687e+11	2.22e-22	2.87e-11	1.00e+00
 8.54322e+11	2.49e-22	3.12e-11	1.00e+00
 9.18421e+11	2.79e-22	3.38e-11	1.00e+00
 9.85085e+11	3.13e-22	3.67e-11	1.00e+00
 1.05442e+12	3.52e-22	3.99e-11	1.00e+00
 1.12652e+12	3.97e-22	4.33e-11	1.00e+00
 1.20151e+12	4.47e-22	4.70e-11	1.00e+00
 1.27949e+12	5.05e-22	5.11e-11	1.00e+00
 1.36060e+12	5.70e-22	5.55e-11	1.00e+00
 1.44495e+12	6.45e-22	6.04e-11	1.00e+00
 1.53268e+12	7.31e-22	6.57e-11	1.00e+00
 1.62391e+12	8.28e-22	7.14e-11	1.00e+00
 1.71879e+12	9.40e-22	7.77e-11	1.00e+00
 1.81747e+12	1.07e-21	8.46e-11	1.00e+00
 1.92010e+12	1.21e-21	9.22e-11	1.00e+00
 2.02683e+12	1.38e-21	1.00e-10	1.00e+00
 2.13783e+12	1.57e-21	1.09e-10	1.00e+00
 2.25327e+12	1.79e-21	1.19e-10	1.00e+00
 2.37332e+12	2.04e-21	1.30e-10	1.00e+00
 2.49818e+12	2.33e-21	1.42e-10	1.00e+00
 2.62804e+12	2.65e-21	1.55e-10	1.00e+00
 2.76309e+12	3.02e-21	1.70e-10	1.00e+00
 2.90354e+12	3.45e-21	1.86e-10	1.00e+00
 3.04960e+12	3.94e-21	2.03e-10	1.00e+00
 3.18668e+12	4.44e-21	2.20e-10	1.00e+00
 3.30876e+12	4.91e-21	2.37e-10	1.00e+00
 3.44554e+12	5.51e-21	2.56e-10	1.00e+00
 3.60827e+12	6.28e-21	2.80e-10	1.00e+00
 3.77154e+12	7.13e-21	3.06e-10	1.00e+00
 3.92424e+12	7.99e-21	3.31e-10	1.00e+00
 4.09404e+12	9.00e-21	3.61e-10	1.00e+00
 4.28772e+12	1.03e-20	3.97e-10	1.00e+00
 4.47976e+12	1.16e-20	4.36e-10	1.00e+00
 4.67948e+12	1.31e-20	4.79e-10	1.00e+00
 4.89659e+12	1.49e-20	5.29e-10	1.00e+00
 5.12238e+12	1.68e-20	5.85e-10	1.00e+00
 5.35720e+12	1.91e-20	6.47e-10	1.00e+00
 5.60142e+12	2.16e-20	7.17e-10	1.00e+00
 5.85540e+12	2.44e-20	7.95e-10	1.00e+00
 6.11954e+12	2.77e-20	8.83e-10	1.00e+00
 6.39425e+12	3.15e-20	9.80e-10	1.00e+00
 6.67543e+12	3.58e-20	1.09e-09	1.00e+00
 6.95691e+12	4.07e-20	1.20e-09	1.00e+00
 7.23917e+12	4.64e-20	1.33e-09	1.00e+00
 7.52779e+12	5.29e-20	1.46e-09	1.00e+00
 7.82726e+12	6.08e-20	1.61e-09	1.00e+00
 8.13895e+12	7.02e-20	1.77e-09	1.00e+00
 8.46361e+12	8.16e-20	1.95e-09	1.00e+00
 8.80381e+12	9.55e-20	2.15e-09	1.00e+00
 9.16371e+12	1.13e-19	2.38e-09	1.00e+00
 9.54770e+12	1.34e-19	2.63e-09	1.00e+00
 9.95613e+12	1.60e-19	2.91e-09	1.00e+00
 1.03843e+13	1.92e-19	3.22e-09	1.00e+00
 1.08296e+13	2.31e-19	3.56e-09	1.00e+00
 1.12927e+13	2.79e-19	3.93e-09	1.00e+00
 1.17456e+13	3.32e-19	4.31e-09	1.00e+00
 1.22166e+13	3.95e-19	4.72e-09	1.00e+00
 1.27352e+13	4.75e-19	5.19e-09	1.00e+00
 1.32577e+13	5.68e-19	5.69e-09	1.00e+00
 1.38011e+13	6.78e-19	6.23e-09	1.00e+00
 1.43831e+13	8.13e-19	6.84e-09	1.00e+00
 1.49883e+13	9.74e-19	7.49e-09	1.00e+00
 1.56178e+13	1.16e-18	8.20e-09	1.00e+00
 1.62724e+13	1.39e-18	8.97e-09	1.00e+00
 1.69532e+13	1.66e-18	9.80e-09	1.00e+00
 1.76613e+13	1.97e-18	1.07e-08	1.00e+00
 1.83977e+13	2.35e-18	1.17e-08	1.00e+00
 1.91033e+13	2.75e-18	1.27e-08	1.00e+00
 1.97547e+13	3.17e-18	1.36e-08	1.00e+00
 2.04923e+13	3.69e-18	1.47e-08	1.00e+00
 2.13419e+13	4.37e-18	1.60e-08	1.00e+00
 2.21768e+13	5.12e-18	1.73e-08	1.00e+00
 2.30450e+13	6.00e-18	1.87e-08	1.00e+00
 2.39967e+13	7.09e-18	2.04e-08	1.00e+00
 2.49549e+13	8.32e-18	2.21e-08	1.00e+00
 2.59514e+13	9.75e-18	2.39e-08	1.00e+00
 2.70194e+13	1.15e-17	2.59e-08	1.00e+00
 2.81301e+13	1.35e-17	2.82e-08	1.00e+00
 2.92853e+13	1.59e-17	3.05e-08	1.00e+00
 3.04866e+13	1.87e-17	3.31e-08	1.00e+00
 3.17360e+13	2.20e-17	3.59e-08	1.00e+00
 3.30353e+13	2.58e-17	3.89e-08	1.00e+00
 3.43867e+13	3.02e-17	4.22e-08	1.00e+00
 3.57921e+13	3.55e-17	4.57e-08	1.00e+00
 3.72537e+13	4.16e-17	4.95e-08	1.00e+00
 3.87364e+13	4.85e-17	5.35e-08	1.00e+00
 4.02785e+13	5.66e-17	5.78e-08	1.00e+00
 4.19195e+13	6.63e-17	6.25e-08	1.00e+00
 4.36262e+13	7.76e-17	6.77e-08	1.00e+00
 4.54012e+13	9.09e-17	7.32e-08	1.00e+00
 4.72472e+13	1.06e-16	7.93e-08	1.00e+00
 4.91670e+13	1.24e-16	8.57e-08	1.00e+00
 5.11636e+13	1.46e-16	9.28e-08	1.00e+00
 5.32401e+13	1.70e-16	1.00e-07	1.00e+00
 5.53996e+13	1.99e-16	1.09e-07	1.00e+00
 5.76455e+13	2.33e-16	1.17e-07	1.00e+00
 5.99813e+13	2.72e-16	1.27e-07	1.00e+00
 6.23279e+13	3.17e-16	1.37e-07	1.00e+00
 6.47684e+13	3.69e-16	1.48e-07	1.00e+00
 6.73890e+13	4.32e-16	1.60e-07	1.00e+00
 7.01145e+13	5.06e-16	1.73e-07	1.00e+00
 7.29490e+13	5.93e-16	1.88e-07	1.00e+00
 7.58969e+13	6.92e-16	2.03e-07	1.00e+00
 7.89627e+13	8.12e-16	2.20e-07	1.00e+00
 8.18651e+13	9.38e-16	2.36e-07	1.00e+00
 8.44914e+13	1.06e-15	2.52e-07	1.00e+00
 8.74511e+13	1.22e-15	2.70e-07	1.00e+00
 9.09214e+13	1.43e-15	2.92e-07	1.00e+00
 9.43487e+13	1.66e-15	3.15e-07	1.00e+00
 9.75625e+13	1.90e-15	3.37e-07	1.00e+00
 1.01144e+14	2.20e-15	3.63e-07	1.00e+00
 1.05220e+14	2.58e-15	3.94e-07	1.00e+00
 1.09250e+14	3.01e-15	4.25e-07	1.00e+00
 1.13440e+14	3.51e-15	4.60e-07	1.00e+00
 1.18008e+14	4.12e-15	4.98e-07	1.00e+00
 1.22650e+14	4.84e-15	5.40e-07	1.00e+00
 1.27479e+14	5.67e-15	5.85e-07	1.00e+00
 1.32608e+14	6.69e-15	6.36e-07	1.00e+00
 1.37942e+14	7.86e-15	6.90e-07	1.00e+00
 1.43490e+14	9.27e-15	7.50e-07	1.00e+00
 1.49259e+14	1.09e-14	8.15e-07	1.00e+00
 1.55259e+14	1.29e-14	8.87e-07	1.00e+00
 1.61500e+14	1.52e-14	9.63e-07	1.00e+00
 1.67990e+14	1.80e-14	1.05e-06	1.00e+00
 1.74494e+14	2.11e-14	1.14e-06	1.00e+00
 1.81259e+14	2.49e-14	1.24e-06	1.00e+00
 1.88540e+14	2.94e-14	1.34e-06	1.00e+00
 1.96111e+14	3.49e-14	1.47e-06	1.00e+00
 2.03986e+14	4.13e-14	1.60e-06	1.00e+00
 2.12175e+14	4.90e-14	1.74e-06	1.00e+00
 2.19900e+14	5.72e-14	1.89e-06	1.00e+00
 2.26884e+14	6.56e-14	2.02e-06	1.00e+00
 2.34781e+14	7.62e-14	2.18e-06	1.00e+00
 2.44045e+14	9.04e-14	2.38e-06	1.00e+00
 2.53272e+14	1.07e-13	2.59e-06	1.00e+00
 2.62055e+14	1.24e-13	2.80e-06	1.00e+00
 2.71754e+14	1.46e-13	3.04e-06	1.00e+00
 2.82654e+14	1.74e-13	3.33e-06	1.00e+00
 2.93597e+14	2.06e-13	3.63e-06	1.00e+00
 3.03513e+14	2.39e-13	3.92e-06	1.00e+00
 3.12486e+14	2.72e-13	4.19e-06	1.00e+00
 3.22705e+14	3.14e-13	4.51e-06	1.00e+00
 3.35065e+14	3.71e-13	4.92e-06	1.00e+00
 3.47387e+14	4.35e-13	5.34e-06	1.00e+00
 3.58410e+14	4.99e-13	5.73e-06	1.00e+00
 3.70570e+14	5.78e-13	6.18e-06	1.00e+00
 3.85006e+14	6.81e-13	6.74e-06	1.00e+00
 3.99344e+14	7.98e-13	7.33e-06	1.00e+00
 4.12591e+14	9.19e-13	7.88e-06	1.00e+00
 4.27460e+14	1.07e-12	8.54e-06	1.00e+00
 4.44589e+14	1.26e-12	9.31e-06	1.00e+00
 4.61434e+14	1.47e-12	1.01e-05	1.00e+00
 4.78953e+14	1.72e-12	1.10e-05	1.00e+00
 4.98141e+14	2.03e-12	1.20e-05	1.00e+00
 5.17464e+14	2.38e-12	1.30e-05	1.00e+00
 5.37561e+14	2.78e-12	1.42e-05	1.00e+00
 5.59093e+14	3.27e-12	1.55e-05	1.00e+00
 5.81487e+14	3.84e-12	1.68e-05	1.00e+00
 6.04776e+14	4.50e-12	1.84e-05	1.00e+00
 6.28997e+14	5.28e-12	2.00e-05	1.00e+00
 6.54187e+14	6.19e-12	2.18e-05	1.00e+00
 6.80384e+14	7.21e-12	2.37e-05	1.00e+00
 7.05820e+14	8.37e-12	2.57e-05	1.00e+00
 7.29792e+14	9.56e-12	2.76e-05	1.00e+00
 7.56532e+14	1.10e-11	2.99e-05	1.00e+00
 7.84627e+14	1.27e-11	3.23e-05	1.00e+00
 8.09737e+14	1.44e-11	3.46e-05	1.00e+00
 8.37024e+14	1.64e-11	3.72e-05	1.00e+00
 8.69511e+14	1.90e-11	4.03e-05	1.00e+00
 9.02064e+14	2.19e-11	4.36e-05	1.00e+00
 9.32489e+14	2.50e-11	4.69e-05	1.00e+00
 9.66389e+14	2.87e-11	5.07e-05	1.00e+00
 1.00270e+15	3.32e-11	5.49e-05	1.00e+00
 1.03551e+15	3.76e-11	5.88e-05	1.00e+00
 1.07105e+15	4.29e-11	6.32e-05	1.00e+00
 1.11298e+15	4.94e-11	6.86e-05	1.00e+00
 1.15404e+15	5.71e-11	7.42e-05	1.00e+00
 1.19127e+15	6.44e-11	7.94e-05	1.00e+00
 1.23268e+15	7.33e-11	8.53e-05	1.00e+00
 1.28122e+15	8.44e-11	9.26e-05	1.00e+00
 1.32942e+15	9.77e-11	1.00e-04	1.00e+00
 1.37475e+15	1.11e-10	1.08e-04	1.00e+00
 1.42498e+15	1.27e-10	1.16e-04	1.00e+00
 1.48200e+15	1.46e-10	1.26e-04	1.00e+00
 1.53897e+15	1.69e-10	1.37e-04	1.00e+00
 1.59822e+15	1.94e-10	1.48e-04	1.00e+00
 1.66217e+15	2.24e-10	1.60e-04	1.00e+00
 1.72869e+15	2.58e-10	1.74e-04	1.00e+00
 1.79787e+15	3.00e-10	1.89e-04	1.00e+00
 1.86981e+15	3.47e-10	2.05e-04	1.00e+00
 1.94464e+15	4.01e-10	2.23e-04	1.00e+00
 2.02245e+15	4.62e-10	2.42e-04	1.00e+00
 2.10338e+15	5.33e-10	2.62e-04	1.00e+00
 2.18754e+15	6.15e-10	2.85e-04	1.00e+00
 2.27508e+15	7.10e-10	3.09e-04	1.00e+00
 2.36611e+15	8.18e-10	3.35e-04	1.00e+00
 2.44966e+15	9.28e-10	3.60e-04	1.00e+00
 2.52153e+15	1.03e-09	3.82e-04	1.00e+00
 2.60138e+15	1.15e-09	4.07e-04	1.00e+00
 2.69946e+15	1.30e-09	4.39e-04	1.00e+00
 2.80119e+15	1.51e-09	4.75e-04	1.00e+00
 2.89519e+15	1.70e-09	5.08e-04	9.99e-01
 2.98534e+15	1.90e-09	5.42e-04	9.99e-01
 3.08866e+15	2.16e-09	5.81e-04	9.99e-01
 3.20362e+15	2.46e-09	6.26e-04	9.99e-01
 3.31133e+15	2.75e-09	6.70e-04	9.99e-01
 3.42899e+15	3.16e-09	7.21e-04	9.99e-01
 3.55901e+15	3.62e-09	7.78e-04	9.99e-01
 3.68011e+15	4.06e-09	8.34e-04	9.99e-01
 3.81247e+15	4.64e-09	8.97e-04	9.99e-01
 3.96010e+15	5.40e-09	9.73e-04	9.99e-01
 4.09871e+15	6.16e-09	1.04e-03	9.99e-01
 4.24777e+15	7.05e-09	1.13e-03	9.99e-01
 4.41391e+15	8.15e-09	1.22e-03	9.99e-01
 4.57393e+15	9.32e-09	1.31e-03	9.99e-01
 4.72583e+15	1.05e-08	1.41e-03	9.99e-01
 4.89657e+15	1.22e-08	1.52e-03	9.98e-01
 5.08437e+15	1.41e-08	1.64e-03	9.98e-01
 5.25905e+15	1.61e-08	1.77e-03	9.98e-01
 5.44880e+15	1.85e-08	1.91e-03	9.98e-01
 5.66228e+15	2.14e-08	2.07e-03	9.98e-01
 5.86847e+15	2.48e-08	2.24e-03	9.98e-01
 6.06151e+15	2.82e-08	2.40e-03	9.98e-01
 6.27651e+15	3.21e-08	2.59e-03	9.97e-01
 6.51485e+15	3.79e-08	2.81e-03	9.97e-01
 6.74548e+15	4.38e-08	3.04e-03	9.97e-01
 6.96741e+15	5.02e-08	3.27e-03	9.97e-01
 7.21611e+15	5.82e-08	3.55e-03	9.96e-01
 7.47397e+15	6.73e-08	3.84e-03	9.96e-01
 7.69099e+15	7.63e-08	4.11e-03	9.96e-01
 7.92036e+15	8.70e-08	4.42e-03	9.96e-01
 8.21103e+15	1.02e-07	4.82e-03	9.95e-01
 8.50577e+15	1.20e-07	5.27e-03	9.95e-01
 8.75254e+15	1.36e-07	5.66e-03	9.94e-01
 8.97809e+15	1.54e-07	6.05e-03	9.94e-01
 9.23687e+15	1.76e-07	6.53e-03	9.93e-01
 9.57081e+15	2.09e-07	7.19e-03	9.93e-01
 9.90710e+15	2.49e-07	7.94e-03	9.92e-01
 1.01724e+16	2.84e-07	8.57e-03	9.91e-01
 1.04410e+16	3.23e-07	9.29e-03	9.91e-01
 1.07900e+16	3.94e-07	1.04e-02	9.90e-01
 1.11414e+16	4.72e-07	1.15e-02	9.88e-01
 1.14184e+16	5.38e-07	1.26e-02	9.87e-01
 1.17012e+16	6.29e-07	1.38e-02	9.86e-01
 1.20189e+16	7.64e-07	1.54e-02	9.85e-01
 1.23120e+16	9.02e-07	1.71e-02	9.83e-01
 1.25755e+16	1.06e-06	1.88e-02	9.81e-01
 1.28702e+16	1.24e-06	2.11e-02	9.79e-01
 1.31861e+16	1.55e-06	2.41e-02	9.76e-01
 1.34470e+16	1.84e-06	2.69e-02	9.73e-01
 1.36663e+16	2.16e-06	2.99e-02	9.70e-01
 1.38611e+16	2.50e-06	3.29e-02	9.67e-01
 1.40291e+16	2.85e-06	3.59e-02	9.64e-01
 1.42150e+16	3.25e-06	3.99e-02	9.60e-01
 1.44566e+16	4.10e-06	4.63e-02	9.54e-01
 1.46744e+16	5.01e-06	5.33e-02	9.47e-01
 1.48280e+16	5.79e-06	5.96e-02	9.40e-01
 1.49944e+16	6.96e-06	6.81e-02	9.32e-01
 1.51816e+16	8.84e-06	8.01e-02	9.20e-01
 1.53505e+16	1.11e-05	9.42e-02	9.06e-01
 1.54890e+16	1.35e-05	1.09e-01	8.91e-01
 1.56110e+16	1.63e-05	1.26e-01	8.74e-01
 1.57284e+16	1.99e-05	1.47e-01	8.53e-01
 1.58415e+16	2.45e-05	1.73e-01	8.27e-01
 1.59460e+16	3.02e-05	2.04e-01	7.96e-01
 1.60403e+16	3.67e-05	2.39e-01	7.61e-01
 1.61200e+16	4.41e-05	2.76e-01	7.24e-01
 1.61799e+16	5.10e-05	3.09e-01	6.91e-01
 1.62262e+16	5.71e-05	3.38e-01	6.62e-01
 1.62753e+16	6.48e-05	3.74e-01	6.26e-01
 1.63390e+16	7.61e-05	4.25e-01	5.75e-01
 1.64058e+16	8.98e-05	4.85e-01	5.15e-01
 1.64625e+16	1.03e-04	5.41e-01	4.59e-01
 1.65219e+16	1.18e-04	6.03e-01	3.97e-01
 1.65886e+16	1.36e-04	6.71e-01	3.29e-01
 1.66540e+16	1.54e-04	7.34e-01	2.66e-01
 1.67284e+16	1.73e-04	7.96e-01	2.03e-01
 1.68235e+16	1.94e-04	8.59e-01	1.41e-01
 1.69364e+16	2.14e-04	9.10e-01	9.01e-02
 1.70685e+16	2.32e-04	9.46e-01	5.40e-02
 1.72352e+16	2.48e-04	9.70e-01	2.96e-02
 1.74518e+16	2.64e-04	9.85e-01	1.47e-02
 1.77334e+16	2.81e-04	9.93e-01	6.67e-03
 1.80995e+16	3.01e-04	9.97e-01	2.76e-03
 1.85754e+16	3.27e-04	9.99e-01	1.05e-03
 1.90766e+16	3.55e-04	9.99e-01	4.46e-04
 1.95001e+16	3.81e-04	9.99e-01	2.38e-04
 1.98781e+16	4.07e-04	9.99e-01	1.42e-04
 2.03075e+16	4.39e-04	9.99e-01	8.21e-05
 2.07659e+16	4.78e-04	9.99e-01	4.85e-05
 2.11493e+16	5.15e-04	9.99e-01	3.24e-05
 2.14642e+16	5.49e-04	9.99e-01	2.36e-05
 2.18025e+16	5.91e-04	9.99e-01	1.68e-05
 2.21640e+16	6.41e-04	9.99e-01	1.20e-05
 2.24666e+16	6.93e-04	9.99e-01	9.23e-06
 2.27143e+16	7.41e-04	9.99e-01	7.46e-06
 2.28927e+16	7.80e-04	9.99e-01	6.49e-06
 2.30043e+16	8.07e-04	9.99e-01	5.94e-06
 2.31156e+16	8.36e-04	9.99e-01	5.40e-06
 2.32603e+16	8.79e-04	9.99e-01	4.77e-06
 2.34131e+16	9.24e-04	9.99e-01	4.24e-06
 2.35399e+16	9.69e-04	9.99e-01	3.84e-06
 2.36478e+16	1.01e-03	9.99e-01	3.53e-06
 2.37674e+16	1.06e-03	9.99e-01	3.20e-06
 2.38861e+16	1.11e-03	9.99e-01	2.94e-06
 2.39747e+16	1.16e-03	9.99e-01	2.75e-06
 2.40493e+16	1.20e-03	9.99e-01	2.59e-06
 2.41347e+16	1.25e-03	9.99e-01	2.43e-06
 2.42287e+16	1.31e-03	9.99e-01	2.27e-06
 2.43125e+16	1.36e-03	9.99e-01	2.13e-06
 2.43856e+16	1.42e-03	9.99e-01	2.02e-06
 2.44664e+16	1.49e-03	9.99e-01	1.90e-06
 2.45525e+16	1.56e-03	9.98e-01	1.79e-06
 2.46255e+16	1.63e-03	9.98e-01	1.70e-06
 2.46888e+16	1.70e-03	9.98e-01	1.62e-06
 2.47597e+16	1.78e-03	9.98e-01	1.54e-06
 2.48362e+16	1.88e-03	9.98e-01	1.46e-06
 2.49022e+16	1.97e-03	9.98e-01	1.39e-06
 2.49594e+16	2.06e-03	9.98e-01	1.33e-06
 2.50229e+16	2.17e-03	9.98e-01	1.27e-06
 2.50913e+16	2.29e-03	9.98e-01	1.21e-06
 2.51506e+16	2.41e-03	9.98e-01	1.17e-06
 2.52025e+16	2.52e-03	9.97e-01	1.12e-06
 2.52604e+16	2.67e-03	9.97e-01	1.08e-06
 2.53227e+16	2.83e-03	9.97e-01	1.03e-06
 2.53766e+16	2.99e-03	9.97e-01	9.97e-07
 2.54240e+16	3.15e-03	9.97e-01	9.64e-07
 2.54771e+16	3.35e-03	9.97e-01	9.28e-07
 2.55347e+16	3.58e-03	9.96e-01	8.92e-07
 2.55855e+16	3.82e-03	9.96e-01	8.62e-07
 2.56310e+16	4.05e-03	9.96e-01	8.36e-07
 2.56821e+16	4.35e-03	9.96e-01	8.06e-07
 2.57378e+16	4.72e-03	9.95e-01	7.76e-07
 2.57879e+16	5.10e-03	9.95e-01	7.50e-07
 2.58343e+16	5.52e-03	9.94e-01	7.27e-07
 2.58873e+16	6.06e-03	9.94e-01	7.00e-07
 2.59426e+16	6.73e-03	9.93e-01	6.76e-07
 2.59873e+16	7.39e-03	9.93e-01	6.56e-07
 2.60248e+16	8.02e-03	9.92e-01	6.42e-07
 2.60600e+16	8.71e-03	9.91e-01	6.27e-07
 2.60934e+16	9.48e-03	9.91e-01	6.13e-07
 2.61254e+16	1.03e-02	9.90e-01	6.01e-07
 2.61558e+16	1.12e-02	9.89e-01	5.91e-07
 2.61848e+16	1.23e-02	9.88e-01	5.81e-07
 2.62126e+16	1.34e-02	9.87e-01	5.71e-07
 2.62389e+16	1.47e-02	9.85e-01	5.63e-07
 2.62639e+16	1.61e-02	9.84e-01	5.56e-07
 2.62881e+16	1.76e-02	9.82e-01	5.49e-07
 2.63113e+16	1.94e-02	9.81e-01	5.44e-07
 2.63337e+16	2.13e-02	9.79e-01	5.41e-07
 2.63555e+16	2.35e-02	9.77e-01	5.37e-07
 2.63767e+16	2.60e-02	9.74e-01	5.35e-07
 2.63970e+16	2.88e-02	9.71e-01	5.33e-07
 2.64165e+16	3.20e-02	9.68e-01	5.33e-07
 2.64356e+16	3.57e-02	9.64e-01	5.34e-07
 2.64543e+16	3.99e-02	9.60e-01	5.36e-07
 2.64721e+16	4.46e-02	9.55e-01	5.40e-07
 2.64889e+16	4.98e-02	9.50e-01	5.46e-07
 2.65048e+16	5.54e-02	9.45e-01	5.54e-07
 2.65203e+16	6.19e-02	9.38e-01	5.61e-07
 2.65353e+16	6.93e-02	9.31e-01	5.70e-07
 2.65493e+16	7.72e-02	9.23e-01	5.81e-07
 2.65624e+16	8.57e-02	9.14e-01	5.92e-07
 2.65747e+16	9.47e-02	9.05e-01	6.05e-07
 2.65858e+16	1.04e-01	8.96e-01	6.19e-07
 2.65958e+16	1.13e-01	8.87e-01	6.32e-07
 2.66050e+16	1.23e-01	8.77e-01	6.44e-07
 2.66124e+16	1.31e-01	8.69e-01	6.54e-07
 2.66173e+16	1.36e-01	8.64e-01	6.61e-07
 2.66218e+16	1.42e-01	8.58e-01	6.68e-07
 2.66270e+16	1.49e-01	8.51e-01	6.75e-07
 2.66326e+16	1.57e-01	8.43e-01	6.85e-07
 2.66379e+16	1.65e-01	8.35e-01	6.95e-07
 2.66431e+16	1.73e-01	8.27e-01	7.03e-07
 2.66481e+16	1.81e-01	8.19e-01	7.13e-07
 2.66531e+16	1.90e-01	8.10e-01	7.22e-07
 2.66581e+16	2.00e-01	8.00e-01	7.30e-07
 2.66630e+16	2.09e-01	7.91e-01	7.40e-07
 2.66678e+16	2.19e-01	7.81e-01	7.50e-07
 2.66727e+16	2.30e-01	7.70e-01	7.58e-07
 2.66774e+16	2.40e-01	7.60e-01	7.69e-07
 2.66821e+16	2.51e-01	7.49e-01	7.76e-07
 2.66868e+16	2.63e-01	7.37e-01	7.87e-07
 2.66914e+16	2.75e-01	7.25e-01	7.96e-07
 2.66959e+16	2.87e-01	7.13e-01	8.03e-07
 2.67004e+16	3.00e-01	7.00e-01	8.12e-07
 2.67048e+16	3.12e-01	6.88e-01	8.21e-07
 2.67092e+16	3.26e-01	6.74e-01	8.27e-07
 2.67135e+16	3.39e-01	6.61e-01	8.37e-07
 2.67177e+16	3.53e-01	6.47e-01	8.44e-07
 2.67220e+16	3.67e-01	6.33e-01	8.50e-07
 2.67261e+16	3.82e-01	6.18e-01	8.56e-07
 2.67302e+16	3.96e-01	6.04e-01	8.62e-07
 2.67342e+16	4.11e-01	5.89e-01	8.67e-07
 2.67382e+16	4.26e-01	5.74e-01	8.73e-07
 2.67422e+16	4.41e-01	5.59e-01	8.76e-07
 2.67460e+16	4.56e-01	5.44e-01	8.80e-07
 2.67498e+16	4.71e-01	5.29e-01	8.83e-07
 2.67536e+16	4.85e-01	5.15e-01	8.88e-07
 2.67572e+16	5.00e-01	5.00e-01	8.90e-07
 2.67608e+16	5.15e-01	4.85e-01	8.91e-07
 2.67642e+16	5.29e-01	4.71e-01	8.91e-07
 2.67677e+16	5.43e-01	4.57e-01	8.92e-07
 2.67710e+16	5.58e-01	4.42e-01	8.90e-07
 2.67743e+16	5.71e-01	4.29e-01	8.89e-07
 2.67775e+16	5.85e-01	4.15e-01	8.87e-07
 2.67807e+16	5.98e-01	4.02e-01	8.84e-07
 2.67838e+16	6.11e-01	3.89e-01	8.82e-07
 2.67868e+16	6.24e-01	3.76e-01	8.78e-07
 2.67897e+16	6.36e-01	3.64e-01	8.74e-07
 2.67926e+16	6.48e-01	3.52e-01	8.71e-07
 2.67955e+16	6.59e-01	3.41e-01	8.66e-07
 2.67982e+16	6.70e-01	3.30e-01	8.61e-07
 2.68010e+16	6.81e-01	3.19e-01	8.56e-07
 2.68037e+16	6.92e-01	3.08e-01	8.50e-07
 2.68064e+16	7.03e-01	2.97e-01	8.44e-07
 2.68090e+16	7.13e-01	2.87e-01	8.37e-07
 2.68116e+16	7.22e-01	2.78e-01	8.30e-07
 2.68141e+16	7.32e-01	2.68e-01	8.23e-07
 2.68166e+16	7.41e-01	2.59e-01	8.17e-07
 2.68191e+16	7.50e-01	2.50e-01	8.09e-07
 2.68215e+16	7.58e-01	2.42e-01	8.02e-07
 2.68236e+16	7.66e-01	2.34e-01	7.93e-07
 2.68253e+16	7.71e-01	2.29e-01	7.87e-07
 2.68268e+16	7.77e-01	2.23e-01	7.80e-07
 2.68283e+16	7.82e-01	2.18e-01	7.73e-07
 2.68300e+16	7.88e-01	2.12e-01	7.66e-07
 2.68316e+16	7.93e-01	2.07e-01	7.60e-07
 2.68332e+16	7.98e-01	2.02e-01	7.53e-07
 2.68347e+16	8.03e-01	1.97e-01	7.46e-07
 2.68362e+16	8.07e-01	1.93e-01	7.40e-07
 2.68377e+16	8.12e-01	1.88e-01	7.33e-07
 2.68392e+16	8.17e-01	1.83e-01	7.26e-07
 2.68407e+16	8.21e-01	1.79e-01	7.19e-07
 2.68422e+16	8.26e-01	1.74e-01	7.12e-07
 2.68438e+16	8.30e-01	1.70e-01	7.05e-07
 2.68453e+16	8.34e-01	1.66e-01	6.97e-07
 2.68470e+16	8.39e-01	1.61e-01	6.90e-07
 2.68488e+16	8.44e-01	1.56e-01	6.81e-07
 2.68507e+16	8.49e-01	1.51e-01	6.71e-07
 2.68527e+16	8.54e-01	1.46e-01	6.61e-07
 2.68548e+16	8.59e-01	1.41e-01	6.51e-07
 2.68567e+16	8.64e-01	1.36e-01	6.41e-07
 2.68587e+16	8.69e-01	1.31e-01	6.30e-07
 2.68606e+16	8.74e-01	1.26e-01	6.18e-07
 2.68626e+16	8.78e-01	1.22e-01	6.06e-07
 2.68644e+16	8.82e-01	1.18e-01	5.95e-07
 2.68662e+16	8.86e-01	1.14e-01	5.83e-07
 2.68679e+16	8.90e-01	1.10e-01	5.72e-07
 2.68695e+16	8.93e-01	1.07e-01	5.61e-07
 2.68710e+16	8.96e-01	1.04e-01	5.50e-07
 2.68723e+16	8.99e-01	1.01e-01	5.41e-07
 2.68735e+16	9.02e-01	9.83e-02	5.32e-07
 2.68746e+16	9.04e-01	9.61e-02	5.24e-07
 2.68756e+16	9.06e-01	9.41e-02	5.17e-07
 2.68765e+16	9.08e-01	9.23e-02	5.09e-07
 2.68773e+16	9.09e-01	9.06e-02	5.02e-07
 2.68781e+16	9.11e-01	8.92e-02	4.96e-07
 2.68789e+16	9.13e-01	8.75e-02	4.89e-07
 2.68798e+16	9.14e-01	8.59e-02	4.83e-07
 2.68806e+16	9.16e-01	8.43e-02	4.76e-07
 2.68813e+16	9.17e-01	8.29e-02	4.69e-07
 2.68820e+16	9.18e-01	8.16e-02	4.63e-07
 2.68827e+16	9.20e-01	8.03e-02	4.58e-07
 2.68835e+16	9.21e-01	7.88e-02	4.51e-07
 2.68842e+16	9.23e-01	7.75e-02	4.44e-07
 2.68849e+16	9.24e-01	7.63e-02	4.39e-07
 2.68855e+16	9.25e-01	7.52e-02	4.33e-07
 2.68861e+16	9.26e-01	7.40e-02	4.27e-07
 2.68869e+16	9.27e-01	7.27e-02	4.21e-07
 2.68875e+16	9.28e-01	7.16e-02	4.15e-07
 2.68881e+16	9.29e-01	7.06e-02	4.10e-07
 2.68886e+16	9.30e-01	6.96e-02	4.05e-07
 2.68891e+16	9.31e-01	6.88e-02	4.00e-07
 2.68896e+16	9.32e-01	6.77e-02	3.95e-07
 2.68902e+16	9.33e-01	6.67e-02	3.89e-07
 2.68907e+16	9.34e-01	6.58e-02	3.84e-07
 2.68912e+16	9.35e-01	6.50e-02	3.80e-07
 2.68917e+16	9.36e-01	6.40e-02	3.74e-07
 2.68923e+16	9.37e-01	6.31e-02	3.69e-07
 2.68928e+16	9.38e-01	6.22e-02	3.64e-07
 2.68932e+16	9.39e-01	6.14e-02	3.60e-07
 2.68937e+16	9.39e-01	6.07e-02	3.56e-07
 2.68941e+16	9.40e-01	5.99e-02	3.51e-07
 2.68946e+16	9.41e-01	5.91e-02	3.46e-07
 2.68951e+16	9.42e-01	5.83e-02	3.41e-07
 2.68955e+16	9.42e-01	5.76e-02	3.37e-07
 2.68959e+16	9.43e-01	5.70e-02	3.34e-07
 2.68963e+16	9.44e-01	5.63e-02	3.30e-07
 2.68967e+16	9.44e-01	5.56e-02	3.25e-07
 2.68971e+16	9.45e-01	5.49e-02	3.21e-07
 2.68975e+16	9.46e-01	5.44e-02	3.18e-07
 2.68979e+16	9.46e-01	5.37e-02	3.14e-07
 2.68984e+16	9.47e-01	5.30e-02	3.10e-07
 2.68988e+16	9.48e-01	5.23e-02	3.06e-07
 2.68991e+16	9.48e-01	5.18e-02	3.03e-07
 2.68995e+16	9.49e-01	5.12e-02	2.99e-07
 2.69000e+16	9.50e-01	5.03e-02	2.94e-07
 2.69006e+16	9.50e-01	4.95e-02	2.90e-07
 2.69011e+16	9.51e-01	4.88e-02	2.85e-07
 2.69016e+16	9.52e-01	4.82e-02	2.82e-07
 2.69020e+16	9.52e-01	4.76e-02	2.78e-07
 2.69024e+16	9.53e-01	4.70e-02	2.75e-07
 2.69028e+16	9.54e-01	4.65e-02	2.72e-07
 2.69033e+16	9.54e-01	4.57e-02	2.67e-07
 2.69039e+16	9.55e-01	4.49e-02	2.63e-07
 2.69044e+16	9.56e-01	4.42e-02	2.60e-07
 2.69049e+16	9.56e-01	4.36e-02	2.56e-07
 2.69054e+16	9.57e-01	4.30e-02	2.53e-07
 2.69058e+16	9.57e-01	4.25e-02	2.50e-07
 2.69062e+16	9.58e-01	4.20e-02	2.47e-07
 2.69068e+16	9.59e-01	4.13e-02	2.43e-07
 2.69074e+16	9.59e-01	4.05e-02	2.39e-07
 2.69080e+16	9.60e-01	3.99e-02	2.35e-07
 2.69085e+16	9.61e-01	3.93e-02	2.32e-07
 2.69089e+16	9.61e-01	3.87e-02	2.28e-07
 2.69094e+16	9.62e-01	3.83e-02	2.26e-07
 2.69098e+16	9.62e-01	3.77e-02	2.23e-07
 2.69104e+16	9.63e-01	3.71e-02	2.19e-07
 2.69111e+16	9.64e-01	3.64e-02	2.16e-07
 2.69117e+16	9.64e-01	3.58e-02	2.13e-07
 2.69122e+16	9.65e-01	3.52e-02	2.09e-07
 2.69127e+16	9.65e-01	3.47e-02	2.06e-07
 2.69132e+16	9.66e-01	3.43e-02	2.04e-07
 2.69137e+16	9.66e-01	3.38e-02	2.02e-07
 2.69143e+16	9.67e-01	3.32e-02	1.98e-07
 2.69150e+16	9.67e-01	3.25e-02	1.95e-07
 2.69156e+16	9.68e-01	3.20e-02	1.92e-07
 2.69162e+16	9.69e-01	3.15e-02	1.89e-07
 2.69167e+16	9.69e-01	3.10e-02	1.87e-07
 2.69173e+16	9.69e-01	3.05e-02	1.84e-07
 2.69179e+16	9.70e-01	3.00e-02	1.81e-07
 2.69184e+16	9.70e-01	2.95e-02	1.79e-07
 2.69189e+16	9.71e-01	2.91e-02	1.77e-07
 2.69195e+16	9.71e-01	2.87e-02	1.74e-07
 2.69202e+16	9.72e-01	2.81e-02	1.71e-07
 2.69210e+16	9.73e-01	2.75e-02	1.68e-07
 2.69217e+16	9.73e-01	2.70e-02	1.65e-07
 2.69224e+16	9.73e-01	2.65e-02	1.63e-07
 2.69230e+16	9.74e-01	2.61e-02	1.61e-07
 2.69236e+16	9.74e-01	2.56e-02	1.58e-07
 2.69243e+16	9.75e-01	2.52e-02	1.56e-07
 2.69249e+16	9.75e-01	2.47e-02	1.54e-07
 2.69256e+16	9.76e-01	2.42e-02	1.51e-07
 2.69264e+16	9.76e-01	2.38e-02	1.49e-07
 2.69271e+16	9.77e-01	2.34e-02	1.47e-07
 2.69278e+16	9.77e-01	2.29e-02	1.44e-07
 2.69286e+16	9.78e-01	2.24e-02	1.42e-07
 2.69293e+16	9.78e-01	2.20e-02	1.40e-07
 2.69300e+16	9.78e-01	2.16e-02	1.37e-07
 2.69307e+16	9.79e-01	2.12e-02	1.35e-07
 2.69315e+16	9.79e-01	2.08e-02	1.33e-07
 2.69323e+16	9.80e-01	2.04e-02	1.31e-07
 2.69330e+16	9.80e-01	2.00e-02	1.29e-07
 2.69339e+16	9.80e-01	1.95e-02	1.27e-07
 2.69347e+16	9.81e-01	1.92e-02	1.25e-07
 2.69355e+16	9.81e-01	1.87e-02	1.23e-07
 2.69364e+16	9.82e-01	1.83e-02	1.20e-07
 2.69373e+16	9.82e-01	1.79e-02	1.19e-07
 2.69380e+16	9.82e-01	1.76e-02	1.17e-07
 2.69389e+16	9.83e-01	1.72e-02	1.15e-07
 2.69398e+16	9.83e-01	1.69e-02	1.13e-07
 2.69406e+16	9.83e-01	1.65e-02	1.11e-07
 2.69415e+16	9.84e-01	1.61e-02	1.09e-07
 2.69424e+16	9.84e-01	1.58e-02	1.07e-07
 2.69433e+16	9.85e-01	1.54e-02	1.05e-07
 2.69443e+16	9.85e-01	1.51e-02	1.03e-07
 2.69453e+16	9.85e-01	1.47e-02	1.02e-07
 2.69463e+16	9.86e-01	1.44e-02	9.99e-08
 2.69473e+16	9.86e-01	1.40e-02	9.78e-08
 2.69484e+16	9.86e-01	1.36e-02	9.60e-08
 2.69494e+16	9.87e-01	1.33e-02	9.43e-08
 2.69506e+16	9.87e-01	1.29e-02	9.22e-08
 2.69518e+16	9.87e-01	1.26e-02	9.04e-08
 2.69529e+16	9.88e-01	1.23e-02	8.87e-08
 2.69539e+16	9.88e-01	1.20e-02	8.71e-08
 2.69550e+16	9.88e-01	1.17e-02	8.53e-08
 2.69561e+16	9.89e-01	1.14e-02	8.36e-08
 2.69574e+16	9.89e-01	1.10e-02	8.16e-08
 2.69591e+16	9.89e-01	1.06e-02	7.92e-08
 2.69610e+16	9.90e-01	1.02e-02	7.69e-08
 2.69628e+16	9.90e-01	9.75e-03	7.46e-08
 2.69646e+16	9.91e-01	9.37e-03	7.24e-08
 2.69664e+16	9.91e-01	8.99e-03	7.02e-08
 2.69683e+16	9.91e-01	8.61e-03	6.79e-08
 2.69703e+16	9.92e-01	8.24e-03	6.57e-08
 2.69723e+16	9.92e-01	7.89e-03	6.35e-08
 2.69744e+16	9.92e-01	7.54e-03	6.13e-08
 2.69765e+16	9.93e-01	7.20e-03	5.91e-08
 2.69787e+16	9.93e-01	6.87e-03	5.70e-08
 2.69809e+16	9.93e-01	6.55e-03	5.49e-08
 2.69832e+16	9.94e-01	6.23e-03	5.28e-08
 2.69856e+16	9.94e-01	5.93e-03	5.07e-08
 2.69881e+16	9.94e-01	5.64e-03	4.87e-08
 2.69906e+16	9.95e-01	5.36e-03	4.67e-08
 2.69931e+16	9.95e-01	5.09e-03	4.48e-08
 2.69958e+16	9.95e-01	4.82e-03	4.28e-08
 2.69986e+16	9.95e-01	4.57e-03	4.09e-08
 2.70014e+16	9.96e-01	4.32e-03	3.91e-08
 2.70043e+16	9.96e-01	4.09e-03	3.73e-08
 2.70073e+16	9.96e-01	3.86e-03	3.55e-08
 2.70104e+16	9.96e-01	3.64e-03	3.37e-08
 2.70136e+16	9.97e-01	3.42e-03	3.18e-08
 2.70170e+16	9.97e-01	3.21e-03	3.01e-08
 2.70205e+16	9.97e-01	3.00e-03	2.84e-08
 2.70241e+16	9.97e-01	2.79e-03	2.65e-08
 2.70279e+16	9.97e-01	2.58e-03	2.47e-08
 2.70319e+16	9.98e-01	2.37e-03	2.27e-08
 2.70360e+16	9.98e-01	2.14e-03	2.06e-08
 2.70405e+16	9.98e-01	1.92e-03	1.85e-08
 2.70452e+16	9.98e-01	1.69e-03	1.64e-08
 2.70502e+16	9.99e-01	1.47e-03	1.43e-08
 2.70557e+16	9.99e-01	1.26e-03	1.23e-08
 2.70618e+16	9.99e-01	1.07e-03	1.04e-08
 2.70684e+16	9.99e-01	8.89e-04	8.67e-09
 2.70758e+16	9.99e-01	7.27e-04	7.09e-09
 2.70843e+16	9.99e-01	5.83e-04	5.68e-09
 2.70939e+16	1.00e+00	4.62e-04	4.49e-09
 2.71038e+16	1.00e+00	3.70e-04	3.59e-09
 2.71138e+16	1.00e+00	3.02e-04	2.93e-09
 2.71237e+16	1.00e+00	2.53e-04	2.45e-09
 2.71337e+16	1.00e+00	2.17e-04	2.09e-09
 2.71436e+16	1.00e+00	1.90e-04	1.83e-09
 2.71536e+16	1.00e+00	1.71e-04	1.64e-09
 2.71635e+16	1.00e+00	1.56e-04	1.50e-09
 2.71735e+16	1.00e+00	1.46e-04	1.39e-09
 2.71834e+16	1.00e+00	1.38e-04	1.31e-09
 2.71934e+16	1.00e+00	1.32e-04	1.25e-09
 2.72034e+16	1.00e+00	1.27e-04	1.21e-09
 2.72133e+16	1.00e+00	1.24e-04	1.17e-09
 2.72233e+16	1.00e+00	1.21e-04	1.14e-09
 2.72332e+16	1.00e+00	1.19e-04	1.12e-09
 2.72447e+16	1.00e+00	1.17e-04	1.10e-09
 2.72595e+16	1.00e+00	1.15e-04	1.07e-09
 2.72789e+16	1.00e+00	1.13e-04	1.04e-09
 2.73040e+16	1.00e+00	1.11e-04	1.01e-09
 2.73367e+16	1.00e+00	1.08e-04	9.76e-10
 2.73792e+16	1.00e+00	1.05e-04	9.30e-10
 2.74344e+16	1.00e+00	1.02e-04	8.73e-10
 2.75062e+16	1.00e+00	9.69e-05	8.02e-10
 2.75935e+16	1.00e+00	9.16e-05	7.23e-10
 2.76899e+16	1.00e+00	8.60e-05	6.44e-10
 2.77928e+16	1.00e+00	8.04e-05	5.68e-10
 2.79059e+16	1.00e+00	7.45e-05	4.92e-10
 2.80342e+16	1.00e+00	6.83e-05	4.17e-10
 2.81806e+16	1.00e+00	6.18e-05	3.45e-10
 2.83485e+16	1.00e+00	5.51e-05	2.77e-10
 2.85381e+16	1.00e+00	4.85e-05	2.17e-10
 2.87479e+16	1.00e+00	4.21e-05	1.65e-10
 2.89835e+16	1.00e+00	3.59e-05	1.22e-10
 2.92535e+16	1.00e+00	3.00e-05	8.58e-11
 2.95649e+16	1.00e+00	2.45e-05	5.77e-11
 2.99236e+16	1.00e+00	1.95e-05	3.68e-11
 3.03342e+16	1.00e+00	1.50e-05	2.22e-11
 3.08073e+16	1.00e+00	1.12e-05	1.25e-11
 3.13399e+16	1.00e+00	8.19e-06	6.75e-12
 3.18968e+16	1.00e+00	5.96e-06	3.61e-12
 3.24537e+16	1.00e+00	4.37e-06	1.96e-12
 3.30105e+16	1.00e+00	3.24e-06	1.08e-12
 3.36120e+16	1.00e+00	2.35e-06	5.75e-13
 3.42677e+16	1.00e+00	1.68e-06	2.97e-13
 3.49432e+16	1.00e+00	1.20e-06	1.53e-13
 3.56391e+16	1.00e+00	8.57e-07	7.84e-14
 3.63453e+16	1.00e+00	6.18e-07	4.12e-14
 3.70515e+16	1.00e+00	4.49e-07	2.18e-14
 3.77938e+16	1.00e+00	3.22e-07	1.13e-14
 3.85839e+16	1.00e+00	2.29e-07	5.76e-15
 3.93937e+16	1.00e+00	1.64e-07	2.96e-15
 4.02238e+16	1.00e+00	1.17e-07	1.52e-15
 4.10663e+16	1.00e+00	8.36e-08	7.84e-16
 4.19375e+16	1.00e+00	5.96e-08	4.01e-16
 4.28421e+16	1.00e+00	4.24e-08	2.04e-16
 4.37511e+16	1.00e+00	3.04e-08	1.06e-16
 4.46976e+16	1.00e+00	2.16e-08	5.37e-17
 4.56963e+16	1.00e+00	1.52e-08	2.68e-17
 4.67251e+16	1.00e+00	1.07e-08	1.34e-17
 4.77796e+16	1.00e+00	7.48e-09	6.65e-18
 4.88661e+16	1.00e+00	5.24e-09	3.28e-18
 4.99907e+16	1.00e+00	3.65e-09	1.61e-18
 5.11434e+16	1.00e+00	2.53e-09	7.87e-19
 5.23192e+16	1.00e+00	1.75e-09	3.83e-19
 5.35126e+16	1.00e+00	1.22e-09	1.88e-19
 5.47118e+16	1.00e+00	8.49e-10	9.32e-20
 5.59604e+16	1.00e+00	5.84e-10	4.51e-20
 5.72780e+16	1.00e+00	3.97e-10	2.13e-20
 5.86285e+16	1.00e+00	2.67e-10	1.00e-20
 6.00130e+16	1.00e+00	1.81e-10	0.00e+00
 6.14320e+16	1.00e+00	1.22e-10	0.00e+00
 6.28650e+16	1.00e+00	8.20e-11	0.00e+00
 6.42192e+16	1.00e+00	5.79e-11	0.00e+00
 6.56257e+16	1.00e+00	3.96e-11	0.00e+00
 6.71777e+16	1.00e+00	2.67e-11	0.00e+00
 6.87446e+16	1.00e+00	1.81e-11	0.00e+00
 7.03122e+16	1.00e+00	1.22e-11	0.00e+00
 7.18125e+16	1.00e+00	8.54e-12	0.00e+00
 7.33121e+16	1.00e+00	6.01e-12	0.00e+00
 7.48785e+16	1.00e+00	4.20e-12	0.00e+00
 7.64451e+16	1.00e+00	2.96e-12	0.00e+00
 7.80116e+16	1.00e+00	2.09e-12	0.00e+00
 7.95778e+16	1.00e+00	1.49e-12	0.00e+00
 8.11440e+16	1.00e+00	1.07e-12	0.00e+00
 8.27102e+16	1.00e+00	7.75e-13	0.00e+00
 8.42764e+16	1.00e+00	5.64e-13	0.00e+00
 8.58425e+16	1.00e+00	4.13e-13	0.00e+00
 8.76435e+16	1.00e+00	2.88e-13	0.00e+00
 8.99848e+16	1.00e+00	1.82e-13	0.00e+00
 9.30285e+16	1.00e+00	1.03e-13	0.00e+00
 9.66439e+16	1.00e+00	5.40e-14	0.00e+00
 1.00510e+17	1.00e+00	2.80e-14	0.00e+00
 1.04530e+17	1.00e+00	1.47e-14	0.00e+00
 1.08711e+17	1.00e+00	7.76e-15	0.00e+00
 1.13060e+17	1.00e+00	4.18e-15	0.00e+00
 1.17582e+17	1.00e+00	2.32e-15	0.00e+00
 1.22286e+17	1.00e+00	1.35e-15	0.00e+00
 1.26764e+17	1.00e+00	8.84e-16	0.00e+00
 1.30890e+17	1.00e+00	6.57e-16	0.00e+00
 1.35112e+17	1.00e+00	5.24e-16	0.00e+00
 1.39572e+17	1.00e+00	4.38e-16	0.00e+00
 1.44188e+17	1.00e+00	3.84e-16	0.00e+00
 1.48908e+17	1.00e+00	3.51e-16	0.00e+00
 1.53733e+17	1.00e+00	3.30e-16	0.00e+00
 1.58669e+17	1.00e+00	3.16e-16	0.00e+00
 1.63697e+17	1.00e+00	3.05e-16	0.00e+00
 1.68809e+17	1.00e+00	2.98e-16	0.00e+00
 1.73977e+17	1.00e+00	2.91e-16	0.00e+00
 1.79179e+17	1.00e+00	2.86e-16	0.00e+00
 1.84408e+17	1.00e+00	2.82e-16	0.00e+00
 1.89635e+17	1.00e+00	2.79e-16	0.00e+00
 1.94821e+17	1.00e+00	2.76e-16	0.00e+00
 1.99938e+17	1.00e+00	2.75e-16	0.00e+00
 2.04974e+17	1.00e+00	2.73e-16	0.00e+00
 2.09904e+17	1.00e+00	2.73e-16	0.00e+00
 2.14691e+17	1.00e+00	2.73e-16	0.00e+00
 2.19314e+17	1.00e+00	2.75e-16	0.00e+00
 2.23770e+17	1.00e+00	2.76e-16	0.00e+00
 2.28042e+17	1.00e+00	2.78e-16	0.00e+00
 2.32119e+17	1.00e+00	2.81e-16	0.00e+00
 2.35993e+17	1.00e+00	2.84e-16	0.00e+00
 2.39669e+17	1.00e+00	2.87e-16	0.00e+00
 2.43151e+17	1.00e+00	2.90e-16	0.00e+00
 2.46442e+17	1.00e+00	2.93e-16	0.00e+00
 2.49550e+17	1.00e+00	2.95e-16	0.00e+00
 2.52483e+17	1.00e+00	2.98e-16	0.00e+00
 2.55249e+17	1.00e+00	3.01e-16	0.00e+00
 2.57856e+17	1.00e+00	3.04e-16	0.00e+00
 2.60315e+17	1.00e+00	3.06e-16	0.00e+00
 2.62633e+17	1.00e+00	3.08e-16	0.00e+00
 2.64820e+17	1.00e+00	3.11e-16	0.00e+00
 2.66882e+17	1.00e+00	3.13e-16	0.00e+00
 2.68829e+17	1.00e+00	3.14e-16	0.00e+00
 2.70667e+17	1.00e+00	3.16e-16	0.00e+00
 2.72403e+17	1.00e+00	3.18e-16	0.00e+00
 2.74044e+17	1.00e+00	3.19e-16	0.00e+00
 2.75595e+17	1.00e+00	3.21e-16	0.00e+00
 2.77062e+17	1.00e+00	3.22e-16	0.00e+00
 2.78450e+17	1.00e+00	3.23e-16	0.00e+00
 2.79764e+17	1.00e+00	3.24e-16	0.00e+00
 2.81008e+17	1.00e+00	3.25e-16	0.00e+00
 2.82189e+17	1.00e+00	3.26e-16	0.00e+00
 2.83308e+17	1.00e+00	3.27e-16	0.00e+00
 2.84369e+17	1.00e+00	3.28e-16	0.00e+00
 2.85375e+17	1.00e+00	3.28e-16	0.00e+00
 2.86331e+17	1.00e+00	3.29e-16	0.00e+00
 2.87240e+17	1.00e+00	3.30e-16	0.00e+00
 2.88104e+17	1.00e+00	3.30e-16	0.00e+00
 2.88926e+17	1.00e+00	3.31e-16	0.00e+00
 2.89708e+17	1.00e+00	3.31e-16	0.00e+00
 2.90453e+17	1.00e+00	3.32e-16	0.00e+00
 2.91162e+17	1.00e+00	3.32e-16	0.00e+00
 2.91839e+17	1.00e+00	3.32e-16	0.00e+00
 2.92485e+17	1.00e+00	3.33e-16	0.00e+00
 2.93102e+17	1.00e+00	3.33e-16	0.00e+00
 2.93692e+17	1.00e+00	3.33e-16	0.00e+00
 2.94256e+17	1.00e+00	3.34e-16	0.00e+00
 2.94797e+17	1.00e+00	3.34e-16	0.00e+00
 2.95315e+17	1.00e+00	3.34e-16	0.00e+00
 2.95813e+17	1.00e+00	3.34e-16	0.00e+00
 2.96292e+17	1.00e+00	3.34e-16	0.00e+00
 2.96753e+17	1.00e+00	3.35e-16	0.00e+00
 2.97197e+17	1.00e+00	3.35e-16	0.00e+00
 2.97626e+17	1.00e+00	3.35e-16	0.00e+00
 2.98042e+17	1.00e+00	3.35e-16	0.00e+00
 2.98445e+17	1.00e+00	3.35e-16	0.00e+00
 2.98837e+17	1.00e+00	3.35e-16	0.00e+00
 2.99220e+17	1.00e+00	3.35e-16	0.00e+00
 2.99593e+17	1.00e+00	3.35e-16	0.00e+00
 2.99960e+17	1.00e+00	3.35e-16	0.00e+00
 3.00322e+17	1.00e+00	3.35e-16	0.00e+00
 3.00679e+17	1.00e+00	3.35e-16	0.00e+00
 3.01034e+17	1.00e+00	3.35e-16	0.00e+00
 3.01388e+17	1.00e+00	3.35e-16	0.00e+00
 3.01744e+17	1.00e+00	3.35e-16	0.00e+00
 3.02104e+17	1.00e+00	3.35e-16	0.00e+00
 3.02470e+17	1.00e+00	3.35e-16	0.00e+00
 3.02846e+17	1.00e+00	3.35e-16	0.00e+00
 3.03236e+17	1.00e+00	3.34e-16	0.00e+00
 3.03645e+17	1.00e+00	3.34e-16	0.00e+00
 3.04077e+17	1.00e+00	3.34e-16	0.00e+00
 3.04543e+17	1.00e+00	3.33e-16	0.00e+00
 3.05051e+17	1.00e+00	3.32e-16	0.00e+00
 3.05616e+17	1.00e+00	3.32e-16	0.00e+00
 3.06257e+17	1.00e+00	3.30e-16	0.00e+00
 3.07002e+17	1.00e+00	3.29e-16	0.00e+00
 3.07892e+17	1.00e+00	3.27e-16	0.00e+00
 3.08986e+17	1.00e+00	3.23e-16	0.00e+00
 3.10379e+17	1.00e+00	3.18e-16	0.00e+00
 3.12182e+17	1.00e+00	3.10e-16	0.00e+00
 3.14528e+17	1.00e+00	2.98e-16	0.00e+00
 3.17576e+17	1.00e+00	2.80e-16	0.00e+00
 3.21539e+17	1.00e+00	2.57e-16	0.00e+00
 3.26692e+17	1.00e+00	2.27e-16	0.00e+00
 3.33389e+17	1.00e+00	1.91e-16	0.00e+00
 3.42097e+17	1.00e+00	1.51e-16	0.00e+00
 3.53416e+17	1.00e+00	1.09e-16	0.00e+00
 3.67010e+17	1.00e+00	7.04e-17	0.00e+00
 3.81690e+17	1.00e+00	5.14e-17	0.00e+00
 3.96958e+17	1.00e+00	4.36e-17	0.00e+00
 4.12496e+17	1.00e+00	3.69e-17	0.00e+00
 4.27464e+17	1.00e+00	3.36e-17	0.00e+00
 4.41168e+17	1.00e+00	3.49e-17	0.00e+00
 4.53663e+17	1.00e+00	3.78e-17	0.00e+00
 4.65358e+17	1.00e+00	3.87e-17	0.00e+00
 4.76393e+17	1.00e+00	3.77e-17	0.00e+00
 4.86613e+17	1.00e+00	3.65e-17	0.00e+00
 4.95841e+17	1.00e+00	3.61e-17	0.00e+00
 5.04077e+17	1.00e+00	3.59e-17	0.00e+00
 5.11451e+17	1.00e+00	3.53e-17	0.00e+00
 5.18085e+17	1.00e+00	3.41e-17	0.00e+00
 5.23614e+17	1.00e+00	3.24e-17	0.00e+00
 5.27467e+17	1.00e+00	3.24e-17	0.00e+00
 5.29799e+17	1.00e+00	3.37e-17	0.00e+00
 5.31181e+17	1.00e+00	3.48e-17	0.00e+00
 5.32010e+17	1.00e+00	3.54e-17	0.00e+00
 5.32510e+17	1.00e+00	3.58e-17	0.00e+00
 5.32883e+17	1.00e+00	3.60e-17	0.00e+00
 5.33283e+17	1.00e+00	3.62e-17	0.00e+00
 5.33734e+17	1.00e+00	3.63e-17	0.00e+00
 5.34162e+17	1.00e+00	3.63e-17	0.00e+00
 5.34515e+17	1.00e+00	3.63e-17	0.00e+00
 5.34823e+17	1.00e+00	3.64e-17	0.00e+00
 5.35120e+17	1.00e+00	3.63e-17	0.00e+00
 5.35416e+17	1.00e+00	3.63e-17	0.00e+00
 5.35690e+17	1.00e+00	3.62e-17	0.00e+00
 5.35943e+17	1.00e+00	3.62e-17	0.00e+00
 5.36196e+17	1.00e+00	3.61e-17	0.00e+00
 5.36432e+17	1.00e+00	3.60e-17	0.00e+00
 5.36643e+17	1.00e+00	3.59e-17	0.00e+00
 5.36853e+17	1.00e+00	3.59e-17	0.00e+00
 5.37063e+17	1.00e+00	3.58e-17	0.00e+00
 5.37258e+17	1.00e+00	3.57e-17	0.00e+00
 5.37437e+17	1.00e+00	3.56e-17	0.00e+00
 5.37610e+17	1.00e+00	3.56e-17	0.00e+00
 5.37790e+17	1.00e+00	3.55e-17	0.00e+00
 5.37963e+17	1.00e+00	3.53e-17	0.00e+00
 5.38117e+17	1.00e+00	3.56e-17	0.00e+00
 5.38269e+17	1.00e+00	3.56e-17	0.00e+00
 5.38424e+17	1.00e+00	3.55e-17	0.00e+00
 5.38577e+17	1.00e+00	3.52e-17	0.00e+00
 5.38725e+17	1.00e+00	3.54e-17	0.00e+00
 5.38868e+17	1.00e+00	3.56e-17	0.00e+00
 5.39009e+17	1.00e+00	3.59e-17	0.00e+00
 5.39149e+17	1.00e+00	3.56e-17	0.00e+00
 5.39286e+17	1.00e+00	3.61e-17	0.00e+00
 5.39423e+17	1.00e+00	3.60e-17	0.00e+00
 5.39561e+17	1.00e+00	3.59e-17	0.00e+00
 5.39700e+17	1.00e+00	3.52e-17	0.00e+00
 5.39838e+17	1.00e+00	3.55e-17	0.00e+00
 5.39970e+17	1.00e+00	3.54e-17	0.00e+00
 5.40110e+17	1.00e+00	3.72e-17	0.00e+00
 5.40253e+17	1.00e+00	3.38e-17	0.00e+00
 5.40390e+17	1.00e+00	3.52e-17	0.00e+00
 5.40531e+17	1.00e+00	3.46e-17	0.00e+00
 5.40677e+17	1.00e+00	3.39e-17	0.00e+00
 5.40828e+17	1.00e+00	3.32e-17	0.00e+00
 5.40977e+17	1.00e+00	3.30e-17	0.00e+00
 5.41121e+17	1.00e+00	3.29e-17	0.00e+00
 5.41273e+17	1.00e+00	3.35e-17	0.00e+00
 5.41447e+17	1.00e+00	3.21e-17	0.00e+00
 5.41622e+17	1.00e+00	3.17e-17	0.00e+00
 5.41775e+17	1.00e+00	3.16e-17	0.00e+00
 5.41929e+17	1.00e+00	3.24e-17	0.00e+00
 5.42104e+17	1.00e+00	3.12e-17	0.00e+00
 5.42285e+17	1.00e+00	3.09e-17	0.00e+00
 5.42459e+17	1.00e+00	3.07e-17	0.00e+00
 5.42638e+17	1.00e+00	3.05e-17	0.00e+00
 5.42830e+17	1.00e+00	3.01e-17	0.00e+00
 5.43027e+17	1.00e+00	2.98e-17	0.00e+00
 5.43223e+17	1.00e+00	2.96e-17	0.00e+00
 5.43420e+17	1.00e+00	2.93e-17	0.00e+00
 5.43621e+17	1.00e+00	2.90e-17	0.00e+00
 5.43830e+17	1.00e+00	2.87e-17	0.00e+00
 5.44041e+17	1.00e+00	2.84e-17	0.00e+00
 5.44260e+17	1.00e+00	2.81e-17	0.00e+00
 5.44488e+17	1.00e+00	2.78e-17	0.00e+00
 5.44724e+17	1.00e+00	2.74e-17	0.00e+00
 5.44969e+17	1.00e+00	2.71e-17	0.00e+00
 5.45215e+17	1.00e+00	2.67e-17	0.00e+00
 5.45458e+17	1.00e+00	2.64e-17	0.00e+00
 5.45718e+17	1.00e+00	2.60e-17	0.00e+00
 5.45996e+17	1.00e+00	2.56e-17	0.00e+00
 5.46265e+17	1.00e+00	2.51e-17	0.00e+00
 5.46529e+17	1.00e+00	2.48e-17	0.00e+00
 5.46813e+17	1.00e+00	2.43e-17	0.00e+00
 5.47118e+17	1.00e+00	2.39e-17	0.00e+00
 5.47418e+17	1.00e+00	2.34e-17	0.00e+00
 5.47715e+17	1.00e+00	2.30e-17	0.00e+00
 5.48030e+17	1.00e+00	2.25e-17	0.00e+00
 5.48362e+17	1.00e+00	2.20e-17	0.00e+00
 5.48695e+17	1.00e+00	2.15e-17	0.00e+00
 5.49021e+17	1.00e+00	2.11e-17	0.00e+00
 5.49356e+17	1.00e+00	2.06e-17	0.00e+00
 5.49709e+17	1.00e+00	2.01e-17	0.00e+00
 5.50076e+17	1.00e+00	1.95e-17	0.00e+00
 5.50447e+17	1.00e+00	1.90e-17	0.00e+00
 5.50816e+17	1.00e+00	1.85e-17	0.00e+00
 5.51191e+17	1.00e+00	1.80e-17	0.00e+00
 5.51584e+17	1.00e+00	1.74e-17	0.00e+00
 5.51991e+17	1.00e+00	1.68e-17	0.00e+00
 5.52399e+17	1.00e+00	1.63e-17	0.00e+00
 5.52813e+17	1.00e+00	1.57e-17	0.00e+00
 5.53240e+17	1.00e+00	1.52e-17	0.00e+00
 5.53679e+17	1.00e+00	1.46e-17	0.00e+00
 5.54118e+17	1.00e+00	1.40e-17	0.00e+00
 5.54563e+17	1.00e+00	1.35e-17	0.00e+00
 5.55025e+17	1.00e+00	1.29e-17	0.00e+00
 5.55503e+17	1.00e+00	1.24e-17	0.00e+00
 5.55982e+17	1.00e+00	1.18e-17	0.00e+00
 5.56481e+17	1.00e+00	1.13e-17	0.00e+00
 5.56997e+17	1.00e+00	1.07e-17	0.00e+00
 5.57502e+17	1.00e+00	1.02e-17	0.00e+00
 5.58012e+17	1.00e+00	9.64e-18	0.00e+00
 5.58555e+17	1.00e+00	9.11e-18	0.00e+00
 5.59119e+17	1.00e+00	8.59e-18	0.00e+00
 5.59704e+17	1.00e+00	8.07e-18	0.00e+00
 5.60309e+17	1.00e+00	7.53e-18	0.00e+00
 5.60904e+17	1.00e+00	7.02e-18	0.00e+00
 5.61500e+17	1.00e+00	6.55e-18	0.00e+00
 5.62132e+17	1.00e+00	6.10e-18	0.00e+00
 5.62777e+17	1.00e+00	5.63e-18	0.00e+00
 5.63374e+17	1.00e+00	5.21e-18	0.00e+00
 5.63897e+17	1.00e+00	4.86e-18	0.00e+00
 5.64368e+17	1.00e+00	4.57e-18	0.00e+00
 5.64815e+17	1.00e+00	4.31e-18	0.00e+00
 5.65250e+17	1.00e+00	4.07e-18	0.00e+00
 5.65670e+17	1.00e+00	3.85e-18	0.00e+00
 5.66068e+17	1.00e+00	3.64e-18	0.00e+00
 5.66444e+17	1.00e+00	3.46e-18	0.00e+00
 5.66805e+17	1.00e+00	3.29e-18	0.00e+00
 5.67152e+17	1.00e+00	3.09e-18	0.00e+00
 5.67487e+17	1.00e+00	2.94e-18	0.00e+00
 5.67808e+17	1.00e+00	2.80e-18	0.00e+00
 5.68116e+17	1.00e+00	2.67e-18	0.00e+00
 5.68413e+17	1.00e+00	2.56e-18	0.00e+00
 5.68700e+17	1.00e+00	2.45e-18	0.00e+00
 5.68976e+17	1.00e+00	2.34e-18	0.00e+00
 5.69242e+17	1.00e+00	2.24e-18	0.00e+00
 5.69497e+17	1.00e+00	2.15e-18	0.00e+00
 5.69743e+17	1.00e+00	2.06e-18	0.00e+00
 5.69982e+17	1.00e+00	1.98e-18	0.00e+00
 5.70215e+17	1.00e+00	1.91e-18	0.00e+00
 5.70441e+17	1.00e+00	1.83e-18	0.00e+00
 5.70656e+17	1.00e+00	1.76e-18	0.00e+00
 5.70863e+17	1.00e+00	1.70e-18	0.00e+00
 5.71067e+17	1.00e+00	1.64e-18	0.00e+00
 5.71268e+17	1.00e+00	1.58e-18	0.00e+00
 5.71464e+17	1.00e+00	1.53e-18	0.00e+00
 5.71654e+17	1.00e+00	1.47e-18	0.00e+00
 5.71838e+17	1.00e+00	1.42e-18	0.00e+00
 5.72019e+17	1.00e+00	1.38e-18	0.00e+00
 5.72197e+17	1.00e+00	1.33e-18	0.00e+00
 5.72371e+17	1.00e+00	1.29e-18	0.00e+00
 5.72569e+17	1.00e+00	1.25e-18	0.00e+00
 5.72828e+17	1.00e+00	1.19e-18	0.00e+00
 5.73163e+17	1.00e+00	1.13e-18	0.00e+00
 5.73600e+17	1.00e+00	1.05e-18	0.00e+00
 5.74167e+17	1.00e+00	9.50e-19	0.00e+00
 5.74892e+17	1.00e+00	8.34e-19	0.00e+00
 5.75679e+17	1.00e+00	7.11e-19	0.00e+00
 5.76383e+17	1.00e+00	6.10e-19	0.00e+00
 5.76984e+17	1.00e+00	5.35e-19	0.00e+00
 5.77531e+17	1.00e+00	4.78e-19	0.00e+00
