#depth	C	C+	C+2	C+3	C+4	C+5	C+6	C[1]	C[2]	C[3]	C+[1]	C+[2]	CO
 1.49634e+10	0.00e+00	4.25e-30	7.16e-21	2.73e-12	5.48e-03	8.81e-01	1.13e-01	0.00e+00	0.00e+00	0.00e+00	0.00e+00	0.00e+00	0.00e+00
 4.54887e+10	4.93e-40	6.02e-30	9.36e-21	3.29e-12	6.06e-03	8.89e-01	1.05e-01	0.00e+00	0.00e+00	0.00e+00	0.00e+00	0.00e+00	9.11e-130
 7.72350e+10	0.00e+00	8.55e-30	1.22e-20	3.95e-12	6.69e-03	8.96e-01	9.74e-02	0.00e+00	0.00e+00	0.00e+00	0.00e+00	0.00e+00	0.00e+00
 1.10251e+11	1.17e-39	1.21e-29	1.60e-20	4.75e-12	7.40e-03	9.02e-01	9.03e-02	0.00e+00	0.00e+00	0.00e+00	0.00e+00	0.00e+00	9.28e-129
 1.42278e+11	0.00e+00	1.69e-29	2.05e-20	5.64e-12	8.12e-03	9.08e-01	8.40e-02	0.00e+00	0.00e+00	0.00e+00	0.00e+00	0.00e+00	0.00e+00
 1.72531e+11	2.55e-39	2.27e-29	2.58e-20	6.60e-12	8.84e-03	9.13e-01	7.86e-02	0.00e+00	0.00e+00	0.00e+00	0.00e+00	0.00e+00	7.42e-128
 2.06304e+11	0.00e+00	3.15e-29	3.31e-20	7.82e-12	9.69e-03	9.17e-01	7.31e-02	0.00e+00	0.00e+00	0.00e+00	0.00e+00	0.00e+00	0.00e+00
 2.44483e+11	5.90e-39	4.48e-29	4.34e-20	9.41e-12	1.07e-02	9.22e-01	6.75e-02	0.00e+00	0.00e+00	0.00e+00	0.00e+00	0.00e+00	7.01e-127
 2.82959e+11	0.00e+00	6.32e-29	5.63e-20	1.13e-11	1.18e-02	9.26e-01	6.25e-02	0.00e+00	0.00e+00	0.00e+00	0.00e+00	0.00e+00	0.00e+00
 3.22974e+11	1.38e-38	8.92e-29	7.33e-20	1.35e-11	1.30e-02	9.29e-01	5.77e-02	0.00e+00	0.00e+00	0.00e+00	0.00e+00	0.00e+00	6.82e-126
 3.65820e+11	0.00e+00	1.27e-28	9.63e-20	1.62e-11	1.43e-02	9.32e-01	5.32e-02	0.00e+00	0.00e+00	0.00e+00	0.00e+00	0.00e+00	0.00e+00
 4.06178e+11	3.21e-38	1.76e-28	1.23e-19	1.92e-11	1.57e-02	9.35e-01	4.94e-02	0.00e+00	0.00e+00	0.00e+00	0.00e+00	0.00e+00	6.45e-125
 4.42444e+11	0.00e+00	2.33e-28	1.53e-19	2.23e-11	1.70e-02	9.37e-01	4.62e-02	0.00e+00	0.00e+00	0.00e+00	0.00e+00	0.00e+00	0.00e+00
 4.83272e+11	6.66e-38	3.18e-28	1.93e-19	2.62e-11	1.85e-02	9.39e-01	4.30e-02	0.00e+00	0.00e+00	0.00e+00	0.00e+00	0.00e+00	4.53e-124
 5.31439e+11	0.00e+00	4.51e-28	2.52e-19	3.14e-11	2.03e-02	9.40e-01	3.96e-02	0.00e+00	0.00e+00	0.00e+00	0.00e+00	0.00e+00	0.00e+00
 5.79601e+11	1.57e-37	6.35e-28	3.28e-19	3.75e-11	2.24e-02	9.41e-01	3.65e-02	0.00e+00	0.00e+00	0.00e+00	0.00e+00	0.00e+00	4.42e-123
 6.24753e+11	0.00e+00	8.64e-28	4.15e-19	4.40e-11	2.43e-02	9.42e-01	3.39e-02	0.00e+00	0.00e+00	0.00e+00	0.00e+00	0.00e+00	0.00e+00
 6.74734e+11	3.44e-37	1.20e-27	5.32e-19	5.21e-11	2.66e-02	9.42e-01	3.13e-02	0.00e+00	0.00e+00	0.00e+00	0.00e+00	0.00e+00	3.58e-122
 7.31650e+11	0.00e+00	1.73e-27	7.05e-19	6.31e-11	2.94e-02	9.42e-01	2.86e-02	0.00e+00	0.00e+00	0.00e+00	0.00e+00	0.00e+00	0.00e+00
 7.87673e+11	8.30e-37	2.44e-27	9.17e-19	7.55e-11	3.22e-02	9.41e-01	2.63e-02	0.00e+00	0.00e+00	0.00e+00	0.00e+00	0.00e+00	3.70e-121
 8.45937e+11	0.00e+00	3.45e-27	1.19e-18	9.03e-11	3.54e-02	9.40e-01	2.41e-02	0.00e+00	0.00e+00	0.00e+00	0.00e+00	0.00e+00	0.00e+00
 9.09701e+11	2.00e-36	4.97e-27	1.58e-18	1.09e-10	3.90e-02	9.39e-01	2.20e-02	0.00e+00	0.00e+00	0.00e+00	0.00e+00	0.00e+00	3.81e-120
 9.74079e+11	0.00e+00	7.09e-27	2.07e-18	1.31e-10	4.29e-02	9.37e-01	2.01e-02	0.00e+00	0.00e+00	0.00e+00	0.00e+00	0.00e+00	0.00e+00
 1.04103e+12	4.82e-36	1.01e-26	2.72e-18	1.58e-10	4.72e-02	9.34e-01	1.84e-02	0.00e+00	0.00e+00	0.00e+00	0.00e+00	0.00e+00	3.93e-119
 1.10997e+12	0.00e+00	1.44e-26	3.57e-18	1.90e-10	5.18e-02	9.31e-01	1.68e-02	0.00e+00	0.00e+00	0.00e+00	0.00e+00	0.00e+00	0.00e+00
 1.17758e+12	1.13e-35	2.01e-26	4.61e-18	2.26e-10	5.65e-02	9.28e-01	1.54e-02	0.00e+00	0.00e+00	0.00e+00	0.00e+00	0.00e+00	3.74e-118
 1.25052e+12	0.00e+00	2.85e-26	6.02e-18	2.70e-10	6.19e-02	9.24e-01	1.40e-02	0.00e+00	0.00e+00	0.00e+00	0.00e+00	0.00e+00	0.00e+00
 1.33047e+12	2.74e-35	4.12e-26	7.98e-18	3.27e-10	6.81e-02	9.19e-01	1.27e-02	0.00e+00	0.00e+00	0.00e+00	0.00e+00	0.00e+00	3.88e-117
 1.41362e+12	0.00e+00	5.95e-26	1.06e-17	3.95e-10	7.49e-02	9.14e-01	1.15e-02	0.00e+00	0.00e+00	0.00e+00	0.00e+00	0.00e+00	0.00e+00
 1.50009e+12	6.79e-35	8.59e-26	1.40e-17	4.78e-10	8.23e-02	9.07e-01	1.04e-02	0.00e+00	0.00e+00	0.00e+00	0.00e+00	0.00e+00	4.27e-116
 1.59002e+12	1.07e-34	1.24e-25	1.86e-17	5.78e-10	9.04e-02	9.00e-01	9.42e-03	0.00e+00	0.00e+00	0.00e+00	0.00e+00	0.00e+00	2.86e-98
 1.67134e+12	1.59e-34	1.71e-25	2.38e-17	6.82e-10	9.81e-02	8.93e-01	8.61e-03	0.00e+00	0.00e+00	0.00e+00	0.00e+00	0.00e+00	0.00e+00
 1.73908e+12	2.18e-34	2.21e-25	2.89e-17	7.79e-10	1.05e-01	8.87e-01	8.00e-03	0.00e+00	0.00e+00	0.00e+00	0.00e+00	0.00e+00	9.26e-115
 1.81327e+12	3.05e-34	2.90e-25	3.57e-17	8.97e-10	1.12e-01	8.81e-01	7.40e-03	0.00e+00	0.00e+00	0.00e+00	0.00e+00	0.00e+00	2.98e-97
 1.90728e+12	4.60e-34	4.05e-25	4.62e-17	1.07e-09	1.22e-01	8.72e-01	6.71e-03	0.00e+00	0.00e+00	0.00e+00	0.00e+00	0.00e+00	0.00e+00
 2.00532e+12	6.95e-34	5.66e-25	5.98e-17	1.27e-09	1.32e-01	8.62e-01	6.07e-03	0.00e+00	0.00e+00	0.00e+00	0.00e+00	0.00e+00	2.00e-113
 2.09215e+12	9.88e-34	7.52e-25	7.44e-17	1.47e-09	1.42e-01	8.53e-01	5.57e-03	0.00e+00	0.00e+00	0.00e+00	0.00e+00	0.00e+00	4.10e-96
 2.17326e+12	1.36e-33	9.72e-25	9.08e-17	1.68e-09	1.51e-01	8.44e-01	5.15e-03	0.00e+00	0.00e+00	0.00e+00	0.00e+00	0.00e+00	0.00e+00
 2.26590e+12	1.92e-33	1.29e-24	1.13e-16	1.94e-09	1.61e-01	8.34e-01	4.72e-03	0.00e+00	0.00e+00	0.00e+00	0.00e+00	0.00e+00	2.99e-112
 2.37958e+12	2.90e-33	1.80e-24	1.46e-16	2.31e-09	1.75e-01	8.21e-01	4.24e-03	0.00e+00	0.00e+00	0.00e+00	0.00e+00	0.00e+00	4.53e-95
 2.49277e+12	4.30e-33	2.48e-24	1.87e-16	2.72e-09	1.88e-01	8.08e-01	3.83e-03	0.00e+00	0.00e+00	0.00e+00	0.00e+00	0.00e+00	2.55e-111
 2.59127e+12	5.96e-33	3.23e-24	2.30e-16	3.12e-09	2.00e-01	7.96e-01	3.51e-03	0.00e+00	0.00e+00	0.00e+00	0.00e+00	0.00e+00	2.26e-94
 2.69854e+12	8.40e-33	4.27e-24	2.85e-16	3.60e-09	2.14e-01	7.83e-01	3.20e-03	0.00e+00	0.00e+00	0.00e+00	0.00e+00	0.00e+00	1.54e-110
 2.82932e+12	1.25e-32	5.91e-24	3.66e-16	4.25e-09	2.30e-01	7.67e-01	2.86e-03	0.00e+00	0.00e+00	0.00e+00	0.00e+00	0.00e+00	1.19e-93
 2.96281e+12	1.85e-32	8.11e-24	4.67e-16	5.00e-09	2.47e-01	7.50e-01	2.56e-03	0.00e+00	0.00e+00	0.00e+00	0.00e+00	0.00e+00	1.30e-109
 3.08564e+12	2.61e-32	1.07e-23	5.79e-16	5.76e-09	2.63e-01	7.35e-01	2.32e-03	0.00e+00	0.00e+00	0.00e+00	0.00e+00	0.00e+00	6.18e-93
 3.22247e+12	3.76e-32	1.44e-23	7.27e-16	6.69e-09	2.80e-01	7.18e-01	2.08e-03	0.00e+00	0.00e+00	0.00e+00	0.00e+00	0.00e+00	8.97e-109
 3.38077e+12	5.63e-32	2.00e-23	9.36e-16	7.90e-09	3.00e-01	6.98e-01	1.84e-03	0.00e+00	0.00e+00	0.00e+00	0.00e+00	0.00e+00	3.51e-92
 3.53656e+12	8.21e-32	2.71e-23	1.18e-15	9.22e-09	3.20e-01	6.79e-01	1.64e-03	0.00e+00	0.00e+00	0.00e+00	0.00e+00	0.00e+00	7.67e-108
 3.68589e+12	1.16e-31	3.58e-23	1.47e-15	1.06e-08	3.38e-01	6.60e-01	1.47e-03	0.00e+00	0.00e+00	0.00e+00	0.00e+00	0.00e+00	1.82e-91
 3.85057e+12	1.67e-31	4.80e-23	1.84e-15	1.23e-08	3.58e-01	6.40e-01	1.31e-03	0.00e+00	0.00e+00	0.00e+00	0.00e+00	0.00e+00	5.49e-107
 4.03452e+12	2.46e-31	6.56e-23	2.34e-15	1.43e-08	3.81e-01	6.18e-01	1.15e-03	0.00e+00	0.00e+00	0.00e+00	0.00e+00	0.00e+00	1.02e-90
 4.20184e+12	3.43e-31	8.60e-23	2.87e-15	1.64e-08	4.00e-01	5.99e-01	1.03e-03	0.00e+00	0.00e+00	0.00e+00	0.00e+00	0.00e+00	4.16e-106
 4.34282e+12	4.50e-31	1.07e-22	3.39e-15	1.82e-08	4.17e-01	5.82e-01	9.39e-04	0.00e+00	0.00e+00	0.00e+00	0.00e+00	0.00e+00	4.15e-90
 4.49791e+12	6.00e-31	1.35e-22	4.05e-15	2.04e-08	4.34e-01	5.65e-01	8.50e-04	0.00e+00	0.00e+00	0.00e+00	0.00e+00	0.00e+00	2.03e-105
 4.67304e+12	8.20e-31	1.73e-22	4.90e-15	2.30e-08	4.53e-01	5.46e-01	7.61e-04	0.00e+00	0.00e+00	0.00e+00	0.00e+00	0.00e+00	1.68e-89
 4.84084e+12	1.09e-30	2.18e-22	5.83e-15	2.57e-08	4.71e-01	5.28e-01	6.86e-04	0.00e+00	0.00e+00	0.00e+00	0.00e+00	0.00e+00	1.12e-104
 5.02557e+12	1.48e-30	2.78e-22	7.01e-15	2.88e-08	4.90e-01	5.09e-01	6.14e-04	0.00e+00	0.00e+00	0.00e+00	0.00e+00	0.00e+00	6.76e-89
 5.23077e+12	2.04e-30	3.60e-22	8.52e-15	3.26e-08	5.11e-01	4.89e-01	5.44e-04	0.00e+00	0.00e+00	0.00e+00	0.00e+00	0.00e+00	6.87e-104
 5.42308e+12	2.73e-30	4.54e-22	1.02e-14	3.63e-08	5.29e-01	4.70e-01	4.87e-04	0.00e+00	0.00e+00	0.00e+00	0.00e+00	0.00e+00	2.91e-88
 5.63358e+12	3.71e-30	5.79e-22	1.22e-14	4.06e-08	5.48e-01	4.51e-01	4.34e-04	0.00e+00	0.00e+00	0.00e+00	0.00e+00	0.00e+00	3.91e-103
 5.87153e+12	5.16e-30	7.54e-22	1.48e-14	4.60e-08	5.69e-01	4.30e-01	3.80e-04	0.00e+00	0.00e+00	0.00e+00	0.00e+00	0.00e+00	1.34e-87
 6.09850e+12	6.98e-30	9.58e-22	1.78e-14	5.13e-08	5.88e-01	4.11e-01	3.37e-04	0.00e+00	0.00e+00	0.00e+00	0.00e+00	0.00e+00	2.51e-102
 6.30668e+12	9.11e-30	1.18e-21	2.08e-14	5.65e-08	6.05e-01	3.95e-01	3.02e-04	0.00e+00	0.00e+00	0.00e+00	0.00e+00	0.00e+00	5.29e-87
 6.53711e+12	1.21e-29	1.48e-21	2.46e-14	6.25e-08	6.22e-01	3.78e-01	2.69e-04	0.00e+00	0.00e+00	0.00e+00	0.00e+00	0.00e+00	1.29e-101
 6.79644e+12	1.64e-29	1.89e-21	2.94e-14	6.97e-08	6.41e-01	3.59e-01	2.36e-04	0.00e+00	0.00e+00	0.00e+00	0.00e+00	0.00e+00	2.24e-86
 7.04293e+12	2.17e-29	2.36e-21	3.47e-14	7.69e-08	6.57e-01	3.43e-01	2.10e-04	0.00e+00	0.00e+00	0.00e+00	0.00e+00	0.00e+00	7.48e-101
 7.31292e+12	2.92e-29	2.98e-21	4.12e-14	8.52e-08	6.74e-01	3.26e-01	1.85e-04	0.00e+00	0.00e+00	0.00e+00	0.00e+00	0.00e+00	9.25e-86
 7.61095e+12	3.99e-29	3.81e-21	4.94e-14	9.49e-08	6.92e-01	3.08e-01	1.61e-04	0.00e+00	0.00e+00	0.00e+00	0.00e+00	0.00e+00	4.69e-100
 7.88660e+12	5.26e-29	4.73e-21	5.79e-14	1.04e-07	7.07e-01	2.93e-01	1.43e-04	0.00e+00	0.00e+00	0.00e+00	0.00e+00	0.00e+00	4.00e-85
 8.18614e+12	7.03e-29	5.94e-21	6.84e-14	1.15e-07	7.23e-01	2.77e-01	1.26e-04	0.00e+00	0.00e+00	0.00e+00	0.00e+00	0.00e+00	2.64e-99
 8.52156e+12	9.60e-29	7.59e-21	8.18e-14	1.28e-07	7.39e-01	2.61e-01	1.09e-04	0.00e+00	0.00e+00	0.00e+00	0.00e+00	0.00e+00	1.81e-84
 8.83857e+12	1.27e-28	9.47e-21	9.61e-14	1.40e-07	7.53e-01	2.47e-01	9.59e-05	0.00e+00	0.00e+00	0.00e+00	0.00e+00	0.00e+00	1.64e-98
 9.18422e+12	1.71e-28	1.19e-20	1.14e-13	1.54e-07	7.67e-01	2.33e-01	8.37e-05	0.00e+00	0.00e+00	0.00e+00	0.00e+00	0.00e+00	7.83e-84
 9.56929e+12	2.35e-28	1.53e-20	1.36e-13	1.71e-07	7.82e-01	2.18e-01	7.21e-05	0.00e+00	0.00e+00	0.00e+00	0.00e+00	0.00e+00	1.09e-97
 9.93393e+12	3.13e-28	1.91e-20	1.60e-13	1.88e-07	7.94e-01	2.06e-01	6.30e-05	0.00e+00	0.00e+00	0.00e+00	0.00e+00	0.00e+00	3.65e-83
 1.03254e+13	4.22e-28	2.41e-20	1.89e-13	2.06e-07	8.07e-01	1.93e-01	5.48e-05	0.00e+00	0.00e+00	0.00e+00	0.00e+00	0.00e+00	6.77e-97
 1.07683e+13	5.82e-28	3.10e-20	2.26e-13	2.28e-07	8.20e-01	1.80e-01	4.69e-05	0.00e+00	0.00e+00	0.00e+00	0.00e+00	0.00e+00	1.79e-82
 1.12050e+13	7.89e-28	3.92e-20	2.68e-13	2.51e-07	8.31e-01	1.68e-01	4.05e-05	0.00e+00	0.00e+00	0.00e+00	0.00e+00	0.00e+00	4.83e-96
 1.16592e+13	1.07e-27	4.97e-20	3.17e-13	2.76e-07	8.42e-01	1.58e-01	3.50e-05	0.00e+00	0.00e+00	0.00e+00	0.00e+00	0.00e+00	8.67e-82
 1.21555e+13	1.47e-27	6.36e-20	3.78e-13	3.04e-07	8.53e-01	1.47e-01	2.99e-05	0.00e+00	0.00e+00	0.00e+00	0.00e+00	0.00e+00	3.45e-95
 1.26614e+13	2.01e-27	8.09e-20	4.48e-13	3.34e-07	8.63e-01	1.37e-01	2.57e-05	0.00e+00	0.00e+00	0.00e+00	0.00e+00	0.00e+00	4.48e-81
 1.31876e+13	2.75e-27	1.03e-19	5.31e-13	3.67e-07	8.73e-01	1.27e-01	2.20e-05	0.00e+00	0.00e+00	0.00e+00	0.00e+00	0.00e+00	2.49e-94
 1.37176e+13	3.71e-27	1.30e-19	6.26e-13	4.01e-07	8.81e-01	1.19e-01	1.90e-05	0.00e+00	0.00e+00	0.00e+00	0.00e+00	0.00e+00	2.24e-80
 1.42108e+13	4.86e-27	1.60e-19	7.24e-13	4.35e-07	8.89e-01	1.11e-01	1.66e-05	0.00e+00	0.00e+00	0.00e+00	0.00e+00	0.00e+00	1.54e-93
 1.47510e+13	6.47e-27	1.99e-19	8.45e-13	4.72e-07	8.96e-01	1.04e-01	1.44e-05	0.00e+00	0.00e+00	0.00e+00	0.00e+00	0.00e+00	9.68e-80
 1.53045e+13	8.57e-27	2.47e-19	9.83e-13	5.13e-07	9.03e-01	9.74e-02	1.25e-05	0.00e+00	0.00e+00	0.00e+00	0.00e+00	0.00e+00	9.41e-93
 1.57651e+13	1.08e-26	2.94e-19	1.11e-12	5.47e-07	9.08e-01	9.23e-02	1.12e-05	0.00e+00	0.00e+00	0.00e+00	0.00e+00	0.00e+00	3.73e-79
 1.62508e+13	1.36e-26	3.52e-19	1.26e-12	5.85e-07	9.13e-01	8.73e-02	9.96e-06	0.00e+00	0.00e+00	0.00e+00	0.00e+00	0.00e+00	4.11e-92
 1.68707e+13	1.81e-26	4.38e-19	1.46e-12	6.34e-07	9.18e-01	8.15e-02	8.63e-06	0.00e+00	0.00e+00	0.00e+00	0.00e+00	0.00e+00	1.49e-78
 1.75196e+13	2.42e-26	5.47e-19	1.71e-12	6.89e-07	9.24e-01	7.60e-02	7.46e-06	0.00e+00	0.00e+00	0.00e+00	0.00e+00	0.00e+00	2.62e-91
 1.80926e+13	3.10e-26	6.60e-19	1.94e-12	7.37e-07	9.28e-01	7.17e-02	6.60e-06	0.00e+00	0.00e+00	0.00e+00	0.00e+00	0.00e+00	6.27e-78
 1.87126e+13	4.01e-26	8.05e-19	2.23e-12	7.93e-07	9.33e-01	6.73e-02	5.80e-06	0.00e+00	0.00e+00	0.00e+00	0.00e+00	0.00e+00	1.34e-90
 1.94058e+13	5.31e-26	9.96e-19	2.58e-12	8.57e-07	9.37e-01	6.29e-02	5.04e-06	0.00e+00	0.00e+00	0.00e+00	0.00e+00	0.00e+00	2.66e-77
 2.00572e+13	6.85e-26	1.21e-18	2.95e-12	9.18e-07	9.41e-01	5.91e-02	4.44e-06	0.00e+00	0.00e+00	0.00e+00	0.00e+00	0.00e+00	7.49e-90
 2.07669e+13	8.96e-26	1.48e-18	3.39e-12	9.88e-07	9.45e-01	5.54e-02	3.88e-06	0.00e+00	0.00e+00	0.00e+00	0.00e+00	0.00e+00	1.09e-76
 2.15555e+13	1.19e-25	1.84e-18	3.94e-12	1.07e-06	9.48e-01	5.16e-02	3.36e-06	0.00e+00	0.00e+00	0.00e+00	0.00e+00	0.00e+00	2.36e-76
 2.22901e+13	1.55e-25	2.25e-18	4.51e-12	1.15e-06	9.52e-01	4.85e-02	2.95e-06	0.00e+00	0.00e+00	0.00e+00	0.00e+00	0.00e+00	4.77e-76
 2.30885e+13	2.03e-25	2.76e-18	5.19e-12	1.23e-06	9.55e-01	4.54e-02	2.58e-06	0.00e+00	0.00e+00	0.00e+00	0.00e+00	0.00e+00	1.00e-75
 2.39809e+13	2.73e-25	3.45e-18	6.04e-12	1.33e-06	9.58e-01	4.22e-02	2.22e-06	0.00e+00	0.00e+00	0.00e+00	0.00e+00	0.00e+00	2.21e-75
 2.48212e+13	3.57e-25	4.22e-18	6.93e-12	1.43e-06	9.60e-01	3.96e-02	1.95e-06	0.00e+00	0.00e+00	0.00e+00	0.00e+00	0.00e+00	4.58e-75
 2.57391e+13	4.73e-25	5.23e-18	8.00e-12	1.54e-06	9.63e-01	3.69e-02	1.69e-06	0.00e+00	0.00e+00	0.00e+00	0.00e+00	0.00e+00	9.87e-75
 2.67643e+13	6.41e-25	6.58e-18	9.35e-12	1.67e-06	9.66e-01	3.43e-02	1.45e-06	0.00e+00	0.00e+00	0.00e+00	0.00e+00	0.00e+00	2.25e-74
 2.77306e+13	8.45e-25	8.10e-18	1.08e-11	1.79e-06	9.68e-01	3.20e-02	1.27e-06	0.00e+00	0.00e+00	0.00e+00	0.00e+00	0.00e+00	4.78e-74
 2.87692e+13	1.13e-24	1.01e-17	1.25e-11	1.93e-06	9.70e-01	2.99e-02	1.10e-06	0.00e+00	0.00e+00	0.00e+00	0.00e+00	0.00e+00	1.05e-73
 2.99499e+13	1.54e-24	1.27e-17	1.46e-11	2.10e-06	9.72e-01	2.76e-02	9.39e-07	0.00e+00	0.00e+00	0.00e+00	0.00e+00	0.00e+00	2.46e-73
 3.11064e+13	2.07e-24	1.59e-17	1.70e-11	2.27e-06	9.74e-01	2.57e-02	0.00e+00	0.00e+00	0.00e+00	0.00e+00	0.00e+00	0.00e+00	5.51e-73
 3.23093e+13	2.79e-24	1.99e-17	1.98e-11	2.45e-06	9.76e-01	2.39e-02	0.00e+00	0.00e+00	0.00e+00	0.00e+00	0.00e+00	0.00e+00	1.24e-72
 3.36316e+13	3.81e-24	2.52e-17	2.32e-11	2.65e-06	9.78e-01	2.21e-02	0.00e+00	0.00e+00	0.00e+00	0.00e+00	0.00e+00	0.00e+00	2.92e-72
 3.49675e+13	5.17e-24	3.18e-17	2.70e-11	2.87e-06	9.79e-01	2.05e-02	0.00e+00	0.00e+00	0.00e+00	0.00e+00	0.00e+00	0.00e+00	6.70e-72
 3.63569e+13	7.02e-24	4.00e-17	3.16e-11	3.10e-06	9.81e-01	1.90e-02	0.00e+00	0.00e+00	0.00e+00	0.00e+00	0.00e+00	0.00e+00	1.54e-71
 3.77539e+13	9.43e-24	4.99e-17	3.67e-11	3.35e-06	9.82e-01	1.77e-02	0.00e+00	0.00e+00	0.00e+00	0.00e+00	1.60e-17	3.39e-17	3.45e-71
 3.90708e+13	1.23e-23	6.11e-17	4.20e-11	3.59e-06	9.83e-01	1.65e-02	0.00e+00	0.00e+00	0.00e+00	0.00e+00	2.03e-17	4.08e-17	7.19e-71
 4.05274e+13	1.64e-23	7.58e-17	4.86e-11	3.86e-06	9.85e-01	1.54e-02	0.00e+00	0.00e+00	0.00e+00	0.00e+00	2.52e-17	5.07e-17	1.57e-70
 4.19864e+13	2.17e-23	9.34e-17	5.59e-11	4.15e-06	9.86e-01	1.43e-02	0.00e+00	0.00e+00	0.00e+00	0.00e+00	3.10e-17	6.24e-17	3.35e-70
 4.31870e+13	2.70e-23	1.10e-16	6.26e-11	4.39e-06	9.86e-01	1.36e-02	0.00e+00	0.00e+00	0.00e+00	0.00e+00	3.66e-17	7.37e-17	6.13e-70
 4.44538e+13	3.39e-23	1.31e-16	7.02e-11	4.66e-06	9.87e-01	1.28e-02	0.00e+00	0.00e+00	0.00e+00	0.00e+00	4.34e-17	8.74e-17	1.14e-69
 4.60883e+13	4.49e-23	1.62e-16	8.11e-11	5.01e-06	9.88e-01	1.19e-02	0.00e+00	0.00e+00	0.00e+00	0.00e+00	5.37e-17	1.08e-16	2.45e-69
 4.78111e+13	5.98e-23	2.01e-16	9.39e-11	5.40e-06	9.89e-01	1.11e-02	0.00e+00	0.00e+00	0.00e+00	0.00e+00	6.67e-17	1.34e-16	5.36e-69
 4.93230e+13	7.63e-23	2.42e-16	1.06e-10	5.75e-06	9.90e-01	1.04e-02	0.00e+00	0.00e+00	0.00e+00	0.00e+00	8.02e-17	1.61e-16	1.05e-68
 5.09502e+13	9.83e-23	2.93e-16	1.21e-10	6.14e-06	9.90e-01	9.78e-03	0.00e+00	0.00e+00	0.00e+00	0.00e+00	9.71e-17	1.95e-16	2.08e-68
 5.29223e+13	1.32e-22	3.66e-16	1.41e-10	6.64e-06	9.91e-01	9.07e-03	0.00e+00	0.00e+00	0.00e+00	0.00e+00	1.21e-16	2.45e-16	4.67e-68
 5.49272e+13	1.77e-22	4.56e-16	1.63e-10	7.16e-06	9.92e-01	8.42e-03	0.00e+00	0.00e+00	0.00e+00	0.00e+00	1.51e-16	3.05e-16	1.03e-67
 5.67869e+13	2.29e-22	5.55e-16	1.87e-10	7.66e-06	9.92e-01	7.88e-03	0.00e+00	0.00e+00	0.00e+00	0.00e+00	1.84e-16	3.71e-16	2.09e-67
 5.88628e+13	3.03e-22	6.86e-16	2.16e-10	8.25e-06	9.93e-01	7.33e-03	0.00e+00	0.00e+00	0.00e+00	0.00e+00	2.28e-16	4.58e-16	4.47e-67
 6.10873e+13	4.05e-22	8.53e-16	2.50e-10	8.90e-06	9.93e-01	6.80e-03	0.00e+00	0.00e+00	0.00e+00	0.00e+00	2.83e-16	5.70e-16	9.81e-67
 6.30648e+13	5.19e-22	1.03e-15	2.84e-10	9.50e-06	9.94e-01	6.38e-03	0.00e+00	0.00e+00	0.00e+00	0.00e+00	3.42e-16	6.88e-16	1.93e-66
 6.51851e+13	6.71e-22	1.25e-15	3.25e-10	1.02e-05	9.94e-01	5.96e-03	0.00e+00	0.00e+00	0.00e+00	0.00e+00	4.15e-16	8.36e-16	3.88e-66
 6.77262e+13	9.04e-22	1.57e-15	3.79e-10	1.10e-05	9.94e-01	5.52e-03	0.00e+00	0.00e+00	0.00e+00	0.00e+00	5.20e-16	1.05e-15	8.71e-66
 7.02230e+13	1.20e-21	1.94e-15	4.38e-10	1.19e-05	9.95e-01	5.13e-03	0.00e+00	0.00e+00	0.00e+00	0.00e+00	6.44e-16	1.30e-15	1.87e-65
 7.24394e+13	1.53e-21	2.33e-15	4.96e-10	1.26e-05	9.95e-01	4.81e-03	0.00e+00	0.00e+00	0.00e+00	0.00e+00	7.73e-16	1.56e-15	3.62e-65
 7.48825e+13	1.97e-21	2.84e-15	5.67e-10	1.35e-05	9.95e-01	4.50e-03	0.00e+00	0.00e+00	0.00e+00	0.00e+00	9.40e-16	1.89e-15	7.28e-65
 7.78036e+13	2.66e-21	3.55e-15	6.62e-10	1.46e-05	9.96e-01	4.16e-03	0.00e+00	0.00e+00	0.00e+00	0.00e+00	1.18e-15	2.37e-15	1.63e-64
 8.07078e+13	3.53e-21	4.41e-15	7.67e-10	1.58e-05	9.96e-01	3.86e-03	0.00e+00	0.00e+00	0.00e+00	0.00e+00	1.46e-15	2.95e-15	3.54e-64
 8.33531e+13	4.54e-21	5.33e-15	8.74e-10	1.69e-05	9.96e-01	3.61e-03	0.00e+00	0.00e+00	0.00e+00	0.00e+00	1.77e-15	3.57e-15	6.99e-64
 8.63002e+13	5.94e-21	6.54e-15	1.01e-09	1.81e-05	9.97e-01	3.37e-03	0.00e+00	0.00e+00	0.00e+00	0.00e+00	2.17e-15	4.37e-15	1.45e-63
 8.97402e+13	8.05e-21	8.24e-15	1.18e-09	1.97e-05	9.97e-01	3.11e-03	0.00e+00	0.00e+00	0.00e+00	0.00e+00	2.73e-15	5.51e-15	3.31e-63
 9.31224e+13	1.07e-20	1.02e-14	1.37e-09	2.12e-05	9.97e-01	2.88e-03	0.00e+00	0.00e+00	0.00e+00	0.00e+00	3.40e-15	6.85e-15	7.25e-63
 9.63034e+13	1.39e-20	1.25e-14	1.56e-09	2.28e-05	9.97e-01	2.69e-03	0.00e+00	0.00e+00	0.00e+00	0.00e+00	4.14e-15	8.35e-15	1.48e-62
 9.98490e+13	1.84e-20	1.55e-14	1.81e-09	2.45e-05	9.97e-01	2.50e-03	0.00e+00	0.00e+00	0.00e+00	0.00e+00	5.12e-15	1.03e-14	3.16e-62
 1.03873e+14	2.51e-20	1.95e-14	2.12e-09	2.66e-05	9.98e-01	2.30e-03	0.00e+00	0.00e+00	0.00e+00	0.00e+00	6.46e-15	1.30e-14	7.29e-62
 1.07886e+14	3.37e-20	2.44e-14	2.47e-09	2.88e-05	9.98e-01	2.13e-03	0.00e+00	0.00e+00	0.00e+00	0.00e+00	8.08e-15	1.63e-14	1.63e-61
 1.11630e+14	4.39e-20	2.98e-14	2.83e-09	3.09e-05	9.98e-01	1.99e-03	0.00e+00	0.00e+00	0.00e+00	0.00e+00	9.88e-15	2.00e-14	3.36e-61
 1.15697e+14	5.80e-20	3.68e-14	3.27e-09	3.32e-05	9.98e-01	1.85e-03	0.00e+00	0.00e+00	0.00e+00	0.00e+00	1.22e-14	2.46e-14	7.18e-61
 1.20256e+14	7.84e-20	4.63e-14	3.82e-09	3.60e-05	9.98e-01	1.71e-03	0.00e+00	0.00e+00	0.00e+00	0.00e+00	1.53e-14	3.10e-14	1.63e-60
 1.24510e+14	1.03e-19	5.68e-14	4.39e-09	3.86e-05	9.98e-01	1.59e-03	0.00e+00	0.00e+00	0.00e+00	0.00e+00	1.88e-14	3.80e-14	3.43e-60
 1.28445e+14	1.31e-19	6.83e-14	4.98e-09	4.12e-05	9.98e-01	1.49e-03	0.00e+00	0.00e+00	0.00e+00	0.00e+00	2.26e-14	4.57e-14	6.65e-60
 1.32232e+14	1.64e-19	8.11e-14	5.59e-09	4.37e-05	9.99e-01	1.41e-03	0.00e+00	0.00e+00	0.00e+00	0.00e+00	2.68e-14	5.43e-14	1.24e-59
 1.36438e+14	2.10e-19	9.75e-14	6.34e-09	4.66e-05	9.99e-01	1.32e-03	0.00e+00	0.00e+00	0.00e+00	0.00e+00	3.23e-14	6.53e-14	2.41e-59
 1.41091e+14	2.73e-19	1.19e-13	7.26e-09	4.99e-05	9.99e-01	1.23e-03	0.00e+00	0.00e+00	0.00e+00	0.00e+00	3.93e-14	7.96e-14	4.94e-59
 1.45423e+14	3.46e-19	1.42e-13	8.19e-09	5.30e-05	9.99e-01	1.16e-03	0.00e+00	0.00e+00	0.00e+00	0.00e+00	4.70e-14	9.52e-14	9.44e-59
 1.50153e+14	4.44e-19	1.72e-13	9.31e-09	5.66e-05	9.99e-01	1.09e-03	0.00e+00	0.00e+00	0.00e+00	0.00e+00	5.68e-14	1.15e-13	1.88e-58
 1.55473e+14	5.83e-19	2.11e-13	1.07e-08	6.08e-05	9.99e-01	1.01e-03	0.00e+00	0.00e+00	0.00e+00	0.00e+00	6.98e-14	1.41e-13	3.96e-58
 1.60553e+14	7.50e-19	2.55e-13	1.22e-08	6.49e-05	9.99e-01	9.49e-04	0.00e+00	0.00e+00	0.00e+00	0.00e+00	8.44e-14	1.71e-13	7.90e-58
 1.66150e+14	9.81e-19	3.13e-13	1.40e-08	6.96e-05	9.99e-01	8.85e-04	0.00e+00	0.00e+00	0.00e+00	0.00e+00	1.03e-13	2.09e-13	1.65e-57
 1.72316e+14	1.31e-18	3.88e-13	1.62e-08	7.49e-05	9.99e-01	8.22e-04	0.00e+00	0.00e+00	0.00e+00	0.00e+00	1.28e-13	2.60e-13	3.61e-57
 1.77982e+14	1.68e-18	4.70e-13	1.84e-08	8.00e-05	9.99e-01	7.70e-04	0.00e+00	0.00e+00	0.00e+00	0.00e+00	1.55e-13	3.15e-13	7.25e-57
 1.84109e+14	2.19e-18	5.74e-13	2.11e-08	8.57e-05	9.99e-01	7.19e-04	0.00e+00	0.00e+00	0.00e+00	0.00e+00	1.90e-13	3.85e-13	1.50e-56
 1.90965e+14	2.92e-18	7.13e-13	2.44e-08	9.24e-05	9.99e-01	6.67e-04	0.00e+00	0.00e+00	0.00e+00	0.00e+00	2.35e-13	4.78e-13	3.29e-56
 1.97419e+14	3.79e-18	8.68e-13	2.79e-08	9.88e-05	9.99e-01	6.23e-04	0.00e+00	0.00e+00	0.00e+00	0.00e+00	2.86e-13	5.82e-13	6.74e-56
 2.04460e+14	4.98e-18	1.07e-12	3.21e-08	1.06e-04	9.99e-01	5.80e-04	0.00e+00	0.00e+00	0.00e+00	0.00e+00	3.52e-13	7.16e-13	1.43e-55
 2.12278e+14	6.68e-18	1.33e-12	3.73e-08	1.15e-04	9.99e-01	5.38e-04	0.00e+00	0.00e+00	0.00e+00	0.00e+00	4.40e-13	8.94e-13	3.20e-55
 2.19566e+14	8.70e-18	1.63e-12	4.28e-08	1.23e-04	9.99e-01	5.02e-04	0.00e+00	0.00e+00	0.00e+00	0.00e+00	5.36e-13	1.09e-12	6.63e-55
 2.27491e+14	1.15e-17	2.01e-12	4.93e-08	1.32e-04	9.99e-01	4.66e-04	0.00e+00	0.00e+00	0.00e+00	0.00e+00	6.61e-13	1.35e-12	1.41e-54
 2.36362e+14	1.54e-17	2.52e-12	5.75e-08	1.43e-04	9.99e-01	4.31e-04	0.00e+00	0.00e+00	0.00e+00	0.00e+00	8.28e-13	1.69e-12	3.21e-54
 2.44757e+14	2.02e-17	3.09e-12	6.62e-08	1.54e-04	9.99e-01	4.01e-04	0.00e+00	0.00e+00	0.00e+00	0.00e+00	1.02e-12	2.07e-12	6.77e-54
 2.53748e+14	2.67e-17	3.82e-12	7.65e-08	1.66e-04	9.99e-01	3.72e-04	0.00e+00	0.00e+00	0.00e+00	0.00e+00	1.26e-12	2.56e-12	1.46e-53
 2.63928e+14	3.62e-17	4.81e-12	8.97e-08	1.80e-04	9.99e-01	3.43e-04	0.00e+00	0.00e+00	0.00e+00	0.00e+00	1.58e-12	3.23e-12	3.37e-53
 2.73922e+14	4.82e-17	5.99e-12	1.04e-07	1.94e-04	9.99e-01	3.18e-04	0.00e+00	3.97e-18	1.19e-17	1.99e-17	1.97e-12	4.02e-12	7.46e-53
 2.84315e+14	6.41e-17	7.44e-12	1.21e-07	2.10e-04	9.99e-01	2.94e-04	0.00e+00	5.28e-18	1.59e-17	2.65e-17	2.44e-12	5.00e-12	1.64e-52
 2.95718e+14	8.66e-17	9.36e-12	1.42e-07	2.28e-04	1.00e+00	2.70e-04	0.00e+00	7.13e-18	2.14e-17	3.58e-17	3.07e-12	6.29e-12	3.76e-52
 3.06951e+14	1.15e-16	1.16e-11	1.65e-07	2.47e-04	1.00e+00	2.50e-04	0.00e+00	9.47e-18	2.84e-17	4.75e-17	3.82e-12	7.82e-12	8.24e-52
 3.16242e+14	1.44e-16	1.38e-11	1.86e-07	2.63e-04	1.00e+00	2.35e-04	0.00e+00	1.19e-17	3.57e-17	5.97e-17	4.54e-12	9.30e-12	1.55e-51
 3.23721e+14	1.72e-16	1.58e-11	2.05e-07	2.76e-04	1.00e+00	2.23e-04	0.00e+00	1.42e-17	4.26e-17	7.11e-17	5.20e-12	1.06e-11	2.52e-51
 3.32018e+14	2.08e-16	1.83e-11	2.27e-07	2.91e-04	9.99e-01	2.12e-04	0.00e+00	1.71e-17	5.15e-17	8.60e-17	6.01e-12	1.23e-11	4.27e-51
 3.42804e+14	2.64e-16	2.20e-11	2.58e-07	3.12e-04	9.99e-01	1.98e-04	0.00e+00	2.17e-17	6.53e-17	1.09e-16	7.22e-12	1.48e-11	8.27e-51
 3.54372e+14	3.38e-16	2.67e-11	2.96e-07	3.35e-04	9.99e-01	1.84e-04	0.00e+00	2.79e-17	8.37e-17	1.40e-16	8.74e-12	1.79e-11	1.65e-50
 3.64636e+14	4.18e-16	3.15e-11	3.32e-07	3.57e-04	9.99e-01	1.73e-04	0.00e+00	3.45e-17	1.04e-16	1.73e-16	1.03e-11	2.12e-11	2.99e-50
 3.75661e+14	5.18e-16	3.73e-11	3.75e-07	3.81e-04	9.99e-01	1.62e-04	0.00e+00	4.28e-17	1.29e-16	2.15e-16	1.22e-11	2.51e-11	5.47e-50
 3.89544e+14	6.78e-16	4.59e-11	4.35e-07	4.12e-04	9.99e-01	1.50e-04	0.00e+00	5.60e-17	1.68e-16	2.81e-16	1.50e-11	3.09e-11	1.16e-49
 4.03641e+14	8.78e-16	5.62e-11	5.03e-07	4.46e-04	9.99e-01	1.39e-04	0.00e+00	7.27e-17	2.18e-16	3.65e-16	1.84e-11	3.78e-11	2.41e-49
 4.15757e+14	1.09e-15	6.64e-11	5.67e-07	4.76e-04	9.99e-01	1.30e-04	0.00e+00	9.02e-17	2.71e-16	4.52e-16	2.17e-11	4.47e-11	4.42e-49
 4.28802e+14	1.36e-15	7.90e-11	6.44e-07	5.10e-04	9.99e-01	1.21e-04	0.00e+00	1.13e-16	3.38e-16	5.65e-16	2.58e-11	5.32e-11	8.27e-49
 4.44914e+14	1.77e-15	9.73e-11	7.49e-07	5.54e-04	9.99e-01	1.12e-04	0.00e+00	1.47e-16	4.41e-16	7.36e-16	3.18e-11	6.55e-11	1.75e-48
 4.61362e+14	2.29e-15	1.19e-10	8.69e-07	6.01e-04	9.99e-01	1.03e-04	0.00e+00	1.90e-16	5.71e-16	9.54e-16	3.90e-11	8.03e-11	3.67e-48
 4.76019e+14	2.85e-15	1.42e-10	9.88e-07	6.45e-04	9.99e-01	9.64e-05	0.00e+00	2.37e-16	7.12e-16	1.19e-15	4.64e-11	9.56e-11	6.92e-48
 4.91999e+14	3.59e-15	1.71e-10	1.13e-06	6.95e-04	9.99e-01	8.96e-05	0.00e+00	2.99e-16	8.97e-16	1.50e-15	5.58e-11	1.15e-10	1.35e-47
 5.11067e+14	4.68e-15	2.11e-10	1.32e-06	7.57e-04	9.99e-01	8.23e-05	0.00e+00	3.90e-16	1.17e-15	1.96e-15	6.89e-11	1.42e-10	2.91e-47
 5.29876e+14	6.01e-15	2.57e-10	1.53e-06	8.22e-04	9.99e-01	7.59e-05	0.00e+00	5.01e-16	1.51e-15	2.51e-15	8.41e-11	1.73e-10	6.05e-47
 5.46834e+14	7.45e-15	3.06e-10	1.74e-06	8.83e-04	9.99e-01	7.07e-05	0.00e+00	6.22e-16	1.87e-15	3.12e-15	9.99e-11	2.06e-10	1.14e-46
 5.65658e+14	9.40e-15	3.68e-10	2.00e-06	9.54e-04	9.99e-01	6.56e-05	0.00e+00	7.85e-16	2.36e-15	3.94e-15	1.20e-10	2.48e-10	2.27e-46
 5.87838e+14	1.22e-14	4.54e-10	2.33e-06	1.04e-03	9.99e-01	6.02e-05	0.00e+00	1.02e-15	3.06e-15	5.12e-15	1.48e-10	3.05e-10	4.93e-46
 6.09727e+14	1.56e-14	5.54e-10	2.71e-06	1.13e-03	9.99e-01	5.54e-05	0.00e+00	1.31e-15	3.93e-15	6.56e-15	1.81e-10	3.73e-10	1.03e-45
 6.30009e+14	1.94e-14	6.61e-10	3.09e-06	1.22e-03	9.99e-01	5.15e-05	0.00e+00	1.63e-15	4.90e-15	8.18e-15	2.16e-10	4.45e-10	2.01e-45
 6.52757e+14	2.46e-14	8.01e-10	3.57e-06	1.32e-03	9.99e-01	4.76e-05	0.00e+00	2.07e-15	6.21e-15	1.04e-14	2.62e-10	5.39e-10	4.13e-45
 6.78897e+14	3.19e-14	9.90e-10	4.18e-06	1.45e-03	9.99e-01	4.36e-05	0.00e+00	2.69e-15	8.06e-15	1.35e-14	3.24e-10	6.66e-10	9.19e-45
 7.04558e+14	4.08e-14	1.21e-09	4.86e-06	1.58e-03	9.98e-01	4.01e-05	0.00e+00	3.44e-15	1.03e-14	1.72e-14	3.96e-10	8.13e-10	1.96e-44
 7.31245e+14	5.21e-14	1.48e-09	5.64e-06	1.72e-03	9.98e-01	3.69e-05	0.00e+00	4.40e-15	1.32e-14	2.20e-14	4.83e-10	9.93e-10	4.20e-44
 7.55601e+14	6.46e-14	1.76e-09	6.44e-06	1.85e-03	9.98e-01	3.43e-05	0.00e+00	5.46e-15	1.64e-14	2.74e-14	5.77e-10	1.18e-09	8.22e-44
 7.73703e+14	7.54e-14	2.00e-09	7.08e-06	1.95e-03	9.98e-01	3.25e-05	0.00e+00	6.37e-15	1.91e-14	3.20e-14	6.55e-10	1.34e-09	1.34e-43
 7.92331e+14	8.81e-14	2.27e-09	7.79e-06	2.06e-03	9.98e-01	3.09e-05	0.00e+00	7.46e-15	2.24e-14	3.74e-14	7.44e-10	1.53e-09	2.18e-43
 8.16547e+14	1.07e-13	2.67e-09	8.79e-06	2.21e-03	9.98e-01	2.89e-05	0.00e+00	9.08e-15	2.73e-14	4.55e-14	8.75e-10	1.80e-09	4.06e-43
 8.42870e+14	1.32e-13	3.17e-09	9.98e-06	2.38e-03	9.98e-01	2.69e-05	0.00e+00	1.12e-14	3.36e-14	5.61e-14	1.04e-09	2.13e-09	7.97e-43
 8.66680e+14	1.51e-13	3.68e-09	1.12e-05	2.53e-03	9.97e-01	2.53e-05	0.00e+00	1.29e-14	3.86e-14	6.44e-14	1.21e-09	2.47e-09	1.40e-42
 8.92380e+14	1.82e-13	4.30e-09	1.25e-05	2.71e-03	9.97e-01	2.37e-05	0.00e+00	1.55e-14	4.65e-14	7.77e-14	1.41e-09	2.89e-09	2.57e-42
 9.25059e+14	2.30e-13	5.22e-09	1.45e-05	2.94e-03	9.97e-01	2.19e-05	0.00e+00	1.95e-14	5.86e-14	9.79e-14	1.71e-09	3.51e-09	5.54e-42
 9.57968e+14	2.86e-13	6.31e-09	1.67e-05	3.19e-03	9.97e-01	2.03e-05	0.00e+00	2.44e-14	7.32e-14	1.22e-13	2.07e-09	4.24e-09	1.17e-41
 9.85398e+14	3.42e-13	7.34e-09	1.86e-05	3.40e-03	9.97e-01	1.91e-05	0.00e+00	2.92e-14	8.76e-14	1.46e-13	2.41e-09	4.93e-09	2.14e-41
 1.01455e+15	4.11e-13	8.58e-09	2.09e-05	3.63e-03	9.96e-01	1.80e-05	0.00e+00	3.51e-14	1.05e-13	1.76e-13	2.82e-09	5.77e-09	4.00e-41
 1.05166e+15	5.16e-13	1.04e-08	2.42e-05	3.94e-03	9.96e-01	1.67e-05	0.00e+00	4.41e-14	1.33e-13	2.21e-13	3.43e-09	7.01e-09	8.69e-41
 1.09070e+15	6.48e-13	1.27e-08	2.80e-05	4.28e-03	9.96e-01	1.54e-05	0.00e+00	5.55e-14	1.67e-13	2.78e-13	4.18e-09	8.54e-09	1.91e-40
 1.12574e+15	7.90e-13	1.51e-08	3.17e-05	4.60e-03	9.95e-01	1.44e-05	0.00e+00	6.78e-14	2.03e-13	3.40e-13	4.96e-09	1.01e-08	3.77e-40
 1.16403e+15	9.76e-13	1.81e-08	3.62e-05	4.96e-03	9.95e-01	1.35e-05	0.00e+00	8.37e-14	2.51e-13	4.20e-13	5.95e-09	1.21e-08	7.76e-40
 1.20940e+15	1.24e-12	2.23e-08	4.22e-05	5.41e-03	9.95e-01	1.24e-05	0.00e+00	1.07e-13	3.20e-13	5.34e-13	7.34e-09	1.50e-08	1.78e-39
 1.25396e+15	1.55e-12	2.72e-08	4.88e-05	5.87e-03	9.94e-01	1.16e-05	0.00e+00	1.33e-13	4.01e-13	6.69e-13	8.95e-09	1.83e-08	3.90e-39
 1.29451e+15	1.89e-12	3.24e-08	5.53e-05	6.30e-03	9.94e-01	1.09e-05	0.00e+00	1.63e-13	4.90e-13	8.17e-13	1.07e-08	2.17e-08	7.75e-39
 1.33987e+15	2.35e-12	3.91e-08	6.35e-05	6.81e-03	9.93e-01	1.01e-05	0.00e+00	2.02e-13	6.08e-13	1.01e-12	1.29e-08	2.62e-08	1.62e-38
 1.39282e+15	2.99e-12	4.84e-08	7.41e-05	7.44e-03	9.92e-01	9.39e-06	0.00e+00	2.58e-13	7.74e-13	1.29e-12	1.59e-08	3.25e-08	3.76e-38
 1.44503e+15	3.75e-12	5.94e-08	8.58e-05	8.08e-03	9.92e-01	8.76e-06	0.00e+00	3.24e-13	9.74e-13	1.63e-12	1.96e-08	3.98e-08	8.32e-38
 1.49420e+15	4.61e-12	7.16e-08	9.81e-05	8.71e-03	9.91e-01	8.23e-06	0.00e+00	3.99e-13	1.20e-12	2.00e-12	2.36e-08	4.80e-08	1.72e-37
 1.54887e+15	5.77e-12	8.74e-08	1.13e-04	9.44e-03	9.90e-01	7.71e-06	0.00e+00	5.00e-13	1.50e-12	2.51e-12	2.88e-08	5.86e-08	3.74e-37
 1.60092e+15	7.06e-12	1.05e-07	1.29e-04	1.02e-02	9.90e-01	7.27e-06	0.00e+00	6.12e-13	1.84e-12	3.07e-12	3.47e-08	7.05e-08	7.61e-37
 1.63958e+15	8.08e-12	1.20e-07	1.42e-04	1.07e-02	9.89e-01	6.99e-06	0.00e+00	7.02e-13	2.11e-12	3.52e-12	3.96e-08	8.05e-08	1.27e-36
 1.67866e+15	9.36e-12	1.37e-07	1.56e-04	1.13e-02	9.89e-01	6.71e-06	0.00e+00	8.13e-13	2.44e-12	4.07e-12	4.52e-08	9.19e-08	2.11e-36
 1.72946e+15	1.13e-11	1.62e-07	1.76e-04	1.21e-02	9.88e-01	6.37e-06	0.00e+00	9.82e-13	2.95e-12	4.92e-12	5.35e-08	1.09e-07	4.01e-36
 1.78465e+15	1.37e-11	1.93e-07	2.00e-04	1.30e-02	9.87e-01	6.05e-06	0.00e+00	1.19e-12	3.57e-12	5.96e-12	6.38e-08	1.30e-07	7.84e-36
 1.83431e+15	1.62e-11	2.26e-07	2.23e-04	1.38e-02	9.86e-01	5.79e-06	0.00e+00	1.41e-12	4.23e-12	7.05e-12	7.45e-08	1.51e-07	1.40e-35
 1.88763e+15	1.93e-11	2.65e-07	2.51e-04	1.47e-02	9.85e-01	5.54e-06	0.00e+00	1.68e-12	5.04e-12	8.41e-12	8.76e-08	1.78e-07	2.57e-35
 1.95614e+15	2.39e-11	3.25e-07	2.89e-04	1.59e-02	9.84e-01	5.26e-06	0.00e+00	2.09e-12	6.27e-12	1.05e-11	1.07e-07	2.18e-07	5.51e-35
 2.02526e+15	2.95e-11	3.95e-07	3.32e-04	1.72e-02	9.82e-01	4.99e-06	0.00e+00	2.58e-12	7.74e-12	1.29e-11	1.30e-07	2.65e-07	1.14e-34
 2.08202e+15	3.46e-11	4.62e-07	3.72e-04	1.83e-02	9.81e-01	4.82e-06	0.00e+00	3.02e-12	9.07e-12	1.51e-11	1.53e-07	3.10e-07	2.04e-34
 2.14186e+15	4.12e-11	5.44e-07	4.17e-04	1.95e-02	9.80e-01	4.64e-06	0.00e+00	3.61e-12	1.08e-11	1.81e-11	1.80e-07	3.64e-07	3.68e-34
 2.21921e+15	5.14e-11	6.65e-07	4.81e-04	2.11e-02	9.78e-01	4.41e-06	0.00e+00	4.51e-12	1.35e-11	2.26e-11	2.20e-07	4.45e-07	7.75e-34
 2.30116e+15	6.39e-11	8.17e-07	5.57e-04	2.29e-02	9.77e-01	4.22e-06	0.00e+00	5.61e-12	1.68e-11	2.81e-11	2.70e-07	5.47e-07	1.64e-33
 2.37292e+15	7.61e-11	9.74e-07	6.31e-04	2.45e-02	9.75e-01	4.08e-06	0.00e+00	6.68e-12	2.01e-11	3.35e-11	3.22e-07	6.52e-07	3.06e-33
 2.44958e+15	9.31e-11	1.17e-06	7.18e-04	2.63e-02	9.73e-01	3.93e-06	0.00e+00	8.19e-12	2.46e-11	4.10e-11	3.86e-07	7.82e-07	5.90e-33
 2.54279e+15	1.16e-10	1.45e-06	8.36e-04	2.86e-02	9.71e-01	3.78e-06	0.00e+00	1.02e-11	3.07e-11	5.13e-11	4.79e-07	9.68e-07	1.26e-32
 2.63487e+15	1.45e-10	1.77e-06	9.65e-04	3.10e-02	9.68e-01	3.64e-06	0.00e+00	1.27e-11	3.82e-11	6.37e-11	5.86e-07	1.19e-06	2.59e-32
 2.71548e+15	1.74e-10	2.11e-06	1.09e-03	3.32e-02	9.66e-01	3.55e-06	0.00e+00	1.53e-11	4.60e-11	7.68e-11	6.98e-07	1.41e-06	4.75e-32
 2.80383e+15	2.14e-10	2.54e-06	1.24e-03	3.57e-02	9.63e-01	3.44e-06	0.00e+00	1.89e-11	5.66e-11	9.44e-11	8.41e-07	1.70e-06	9.15e-32
 2.91086e+15	2.70e-10	3.16e-06	1.45e-03	3.89e-02	9.60e-01	3.33e-06	0.00e+00	2.39e-11	7.16e-11	1.20e-10	1.05e-06	2.11e-06	1.95e-31
 3.01362e+15	3.34e-10	3.85e-06	1.67e-03	4.20e-02	9.56e-01	3.23e-06	0.00e+00	2.95e-11	8.86e-11	1.48e-10	1.28e-06	2.58e-06	3.87e-31
 3.10007e+15	3.98e-10	4.54e-06	1.88e-03	4.48e-02	9.53e-01	3.17e-06	0.00e+00	3.52e-11	1.06e-10	1.76e-10	1.50e-06	3.03e-06	6.76e-31
 3.17794e+15	4.65e-10	5.24e-06	2.08e-03	4.74e-02	9.51e-01	3.12e-06	0.00e+00	4.12e-11	1.23e-10	2.06e-10	1.73e-06	3.50e-06	1.10e-30
 3.26327e+15	5.53e-10	6.12e-06	2.32e-03	5.03e-02	9.47e-01	3.05e-06	0.00e+00	4.90e-11	1.47e-10	2.45e-10	2.03e-06	4.09e-06	1.86e-30
 3.35789e+15	6.62e-10	7.22e-06	2.61e-03	5.37e-02	9.44e-01	2.99e-06	0.00e+00	5.87e-11	1.76e-10	2.94e-10	2.39e-06	4.83e-06	3.24e-30
 3.44649e+15	7.81e-10	8.40e-06	2.91e-03	5.70e-02	9.40e-01	2.95e-06	0.00e+00	6.94e-11	2.08e-10	3.47e-10	2.78e-06	5.61e-06	5.37e-30
 3.54356e+15	9.36e-10	9.90e-06	3.26e-03	6.08e-02	9.36e-01	2.88e-06	0.00e+00	8.32e-11	2.50e-10	4.16e-10	3.28e-06	6.61e-06	9.25e-30
 3.65026e+15	1.13e-09	1.18e-05	3.69e-03	6.51e-02	9.31e-01	2.83e-06	0.00e+00	1.01e-10	3.02e-10	5.04e-10	3.90e-06	7.86e-06	1.63e-29
 3.74939e+15	1.35e-09	1.37e-05	4.12e-03	6.92e-02	9.27e-01	2.79e-06	0.00e+00	1.20e-10	3.60e-10	6.00e-10	4.56e-06	9.19e-06	2.70e-29
 3.85817e+15	1.62e-09	1.63e-05	4.65e-03	7.40e-02	9.21e-01	2.73e-06	0.00e+00	1.45e-10	4.34e-10	7.25e-10	5.41e-06	1.09e-05	4.71e-29
 3.97831e+15	1.99e-09	1.95e-05	5.29e-03	7.94e-02	9.15e-01	2.68e-06	0.00e+00	1.77e-10	5.32e-10	8.87e-10	6.47e-06	1.30e-05	8.36e-29
 4.09146e+15	2.39e-09	2.30e-05	5.95e-03	8.47e-02	9.09e-01	2.64e-06	0.00e+00	2.14e-10	6.41e-10	1.07e-09	7.63e-06	1.54e-05	1.41e-28
 4.21681e+15	2.97e-09	2.76e-05	6.77e-03	9.09e-02	9.02e-01	2.61e-06	0.00e+00	2.66e-10	7.97e-10	1.33e-09	9.15e-06	1.84e-05	2.50e-28
 4.35226e+15	3.64e-09	3.32e-05	7.74e-03	9.78e-02	8.94e-01	2.55e-06	0.00e+00	3.26e-10	9.77e-10	1.63e-09	1.10e-05	2.21e-05	4.45e-28
 4.47366e+15	4.39e-09	3.90e-05	8.69e-03	1.04e-01	8.87e-01	2.52e-06	0.00e+00	3.94e-10	1.18e-09	1.97e-09	1.29e-05	2.60e-05	7.30e-28
 4.60428e+15	5.44e-09	4.65e-05	9.86e-03	1.12e-01	8.78e-01	2.48e-06	0.00e+00	4.88e-10	1.46e-09	2.44e-09	1.54e-05	3.10e-05	1.26e-27
 4.74883e+15	6.74e-09	5.58e-05	1.13e-02	1.20e-01	8.69e-01	2.44e-06	0.00e+00	6.06e-10	1.82e-09	3.03e-09	1.86e-05	3.73e-05	2.20e-27
 4.88328e+15	8.12e-09	6.59e-05	1.27e-02	1.28e-01	8.59e-01	2.40e-06	0.00e+00	7.31e-10	2.19e-09	3.66e-09	2.19e-05	4.40e-05	3.58e-27
 5.02986e+15	1.02e-08	7.92e-05	1.45e-02	1.37e-01	8.48e-01	2.36e-06	0.00e+00	9.19e-10	2.76e-09	4.59e-09	2.63e-05	5.29e-05	6.26e-27
 5.18906e+15	1.26e-08	9.55e-05	1.66e-02	1.48e-01	8.35e-01	2.31e-06	0.00e+00	1.14e-09	3.41e-09	5.69e-09	3.17e-05	6.37e-05	1.08e-26
 5.32620e+15	1.52e-08	1.12e-04	1.86e-02	1.57e-01	8.24e-01	2.28e-06	0.00e+00	1.37e-09	4.11e-09	6.85e-09	3.71e-05	7.44e-05	1.68e-26
 5.44557e+15	1.81e-08	1.28e-04	2.06e-02	1.66e-01	8.14e-01	2.26e-06	0.00e+00	1.63e-09	4.90e-09	8.17e-09	4.25e-05	8.53e-05	2.44e-26
 5.58027e+15	2.19e-08	1.50e-04	2.31e-02	1.76e-01	8.01e-01	2.23e-06	0.00e+00	1.98e-09	5.94e-09	9.91e-09	4.97e-05	9.98e-05	3.83e-26
 5.72869e+15	2.67e-08	1.76e-04	2.61e-02	1.87e-01	7.87e-01	2.18e-06	0.00e+00	2.42e-09	7.25e-09	1.21e-08	5.86e-05	1.17e-04	6.07e-26
 5.86527e+15	3.17e-08	2.04e-04	2.91e-02	1.97e-01	7.73e-01	2.14e-06	0.00e+00	2.87e-09	8.62e-09	1.44e-08	6.78e-05	1.36e-04	9.07e-26
 5.99104e+15	3.77e-08	2.33e-04	3.21e-02	2.08e-01	7.60e-01	2.12e-06	0.00e+00	3.43e-09	1.03e-08	1.71e-08	7.76e-05	1.56e-04	1.33e-25
 6.13239e+15	4.53e-08	2.72e-04	3.60e-02	2.20e-01	7.44e-01	2.07e-06	0.00e+00	4.12e-09	1.24e-08	2.06e-08	9.07e-05	1.82e-04	2.06e-25
 6.28858e+15	5.63e-08	3.21e-04	4.07e-02	2.33e-01	7.26e-01	2.05e-06	0.00e+00	5.13e-09	1.54e-08	2.56e-08	1.07e-04	2.14e-04	3.25e-25
 6.43198e+15	6.68e-08	3.72e-04	4.55e-02	2.46e-01	7.09e-01	2.00e-06	0.00e+00	6.09e-09	1.83e-08	3.05e-08	1.24e-04	2.48e-04	4.79e-25
 6.56616e+15	7.96e-08	4.27e-04	5.04e-02	2.58e-01	6.91e-01	1.97e-06	0.00e+00	7.27e-09	2.18e-08	3.63e-08	1.42e-04	2.85e-04	7.02e-25
 6.72041e+15	9.96e-08	5.05e-04	5.71e-02	2.73e-01	6.70e-01	1.95e-06	0.00e+00	9.10e-09	2.73e-08	4.55e-08	1.68e-04	3.37e-04	1.12e-24
 6.88393e+15	1.23e-07	5.95e-04	6.46e-02	2.88e-01	6.47e-01	1.90e-06	0.00e+00	1.12e-08	3.37e-08	5.61e-08	1.98e-04	3.97e-04	1.74e-24
 7.02628e+15	1.48e-07	6.87e-04	7.20e-02	3.02e-01	6.25e-01	1.87e-06	0.00e+00	1.35e-08	4.06e-08	6.77e-08	2.29e-04	4.58e-04	2.55e-24
 7.15654e+15	1.76e-07	7.85e-04	7.96e-02	3.15e-01	6.05e-01	1.84e-06	0.00e+00	1.61e-08	4.84e-08	8.06e-08	2.62e-04	5.24e-04	3.67e-24
 7.30434e+15	2.13e-07	9.17e-04	8.94e-02	3.30e-01	5.80e-01	1.79e-06	0.00e+00	1.96e-08	5.87e-08	9.78e-08	3.06e-04	6.12e-04	5.62e-24
 7.46496e+15	2.67e-07	1.08e-03	1.01e-01	3.46e-01	5.52e-01	1.76e-06	0.00e+00	2.45e-08	7.35e-08	1.22e-07	3.61e-04	7.23e-04	8.89e-24
 7.60680e+15	3.23e-07	1.25e-03	1.13e-01	3.60e-01	5.26e-01	1.73e-06	0.00e+00	2.97e-08	8.92e-08	1.49e-07	4.17e-04	8.35e-04	1.31e-23
 7.73442e+15	3.82e-07	1.43e-03	1.25e-01	3.72e-01	5.02e-01	1.70e-06	0.00e+00	3.51e-08	1.05e-07	1.75e-07	4.75e-04	9.50e-04	1.85e-23
 7.87897e+15	4.75e-07	1.68e-03	1.40e-01	3.87e-01	4.71e-01	1.66e-06	0.00e+00	4.38e-08	1.31e-07	2.19e-07	5.58e-04	1.12e-03	2.97e-23
 8.02957e+15	5.79e-07	1.95e-03	1.57e-01	4.00e-01	4.41e-01	1.62e-06	0.00e+00	5.34e-08	1.60e-07	2.67e-07	6.50e-04	1.30e-03	4.45e-23
 8.15717e+15	6.94e-07	2.23e-03	1.74e-01	4.11e-01	4.13e-01	1.58e-06	0.00e+00	6.41e-08	1.92e-07	3.20e-07	7.44e-04	1.49e-03	6.51e-23
 8.26853e+15	8.28e-07	2.52e-03	1.90e-01	4.20e-01	3.87e-01	1.57e-06	0.00e+00	7.65e-08	2.29e-07	3.82e-07	8.42e-04	1.68e-03	9.33e-23
 8.37206e+15	9.63e-07	2.81e-03	2.06e-01	4.28e-01	3.64e-01	1.55e-06	0.00e+00	8.90e-08	2.67e-07	4.45e-07	9.38e-04	1.88e-03	1.27e-22
 8.48905e+15	1.14e-06	3.17e-03	2.25e-01	4.36e-01	3.36e-01	1.50e-06	0.00e+00	1.06e-07	3.17e-07	5.28e-07	1.06e-03	2.11e-03	1.78e-22
 8.62086e+15	1.41e-06	3.72e-03	2.51e-01	4.43e-01	3.03e-01	1.46e-06	0.00e+00	1.31e-07	3.92e-07	6.53e-07	1.24e-03	2.48e-03	2.95e-22
 8.71915e+15	1.60e-06	4.14e-03	2.70e-01	4.46e-01	2.79e-01	1.44e-06	0.00e+00	1.48e-07	4.45e-07	7.41e-07	1.38e-03	2.76e-03	4.07e-22
 8.77686e+15	1.78e-06	4.41e-03	2.83e-01	4.48e-01	2.65e-01	1.43e-06	0.00e+00	1.65e-07	4.95e-07	8.25e-07	1.47e-03	2.94e-03	4.95e-22
 8.83463e+15	1.96e-06	4.73e-03	2.96e-01	4.49e-01	2.50e-01	1.40e-06	0.00e+00	1.82e-07	5.46e-07	9.10e-07	1.58e-03	3.15e-03	6.18e-22
 8.90973e+15	2.21e-06	5.08e-03	3.13e-01	4.50e-01	2.31e-01	1.36e-06	0.00e+00	2.05e-07	6.15e-07	1.02e-06	1.70e-03	3.39e-03	7.67e-22
 9.00737e+15	2.63e-06	5.78e-03	3.39e-01	4.50e-01	2.06e-01	1.31e-06	0.00e+00	2.44e-07	7.31e-07	1.22e-06	1.93e-03	3.85e-03	1.19e-21
 9.09369e+15	3.00e-06	6.26e-03	3.60e-01	4.48e-01	1.86e-01	1.26e-06	0.00e+00	2.79e-07	8.36e-07	1.39e-06	2.09e-03	4.17e-03	1.52e-21
 9.15280e+15	3.36e-06	6.82e-03	3.77e-01	4.45e-01	1.70e-01	1.25e-06	0.00e+00	3.13e-07	9.38e-07	1.56e-06	2.28e-03	4.55e-03	2.09e-21
 9.20363e+15	3.66e-06	7.23e-03	3.92e-01	4.43e-01	1.58e-01	1.22e-06	0.00e+00	3.41e-07	1.02e-06	1.70e-06	2.41e-03	4.82e-03	2.54e-21
 9.25621e+15	3.99e-06	7.61e-03	4.06e-01	4.40e-01	1.46e-01	1.18e-06	0.00e+00	3.72e-07	1.11e-06	1.86e-06	2.54e-03	5.07e-03	2.99e-21
 9.32457e+15	4.52e-06	8.23e-03	4.26e-01	4.35e-01	1.30e-01	1.12e-06	0.00e+00	4.21e-07	1.26e-06	2.11e-06	2.75e-03	5.48e-03	3.96e-21
 9.39539e+15	5.16e-06	8.93e-03	4.47e-01	4.29e-01	1.15e-01	1.05e-06	0.00e+00	4.81e-07	1.44e-06	2.40e-06	2.98e-03	5.95e-03	5.35e-21
 9.45246e+15	5.85e-06	9.66e-03	4.66e-01	4.22e-01	1.02e-01	1.02e-06	0.00e+00	5.46e-07	1.64e-06	2.73e-06	3.23e-03	6.44e-03	7.30e-21
 9.49702e+15	6.31e-06	1.01e-02	4.79e-01	4.17e-01	9.36e-02	9.79e-07	0.00e+00	5.89e-07	1.77e-06	2.94e-06	3.37e-03	6.72e-03	8.50e-21
 9.54232e+15	7.03e-06	1.08e-02	4.94e-01	4.11e-01	8.41e-02	0.00e+00	0.00e+00	6.57e-07	1.97e-06	3.28e-06	3.59e-03	7.16e-03	1.10e-20
 9.59287e+15	7.70e-06	1.13e-02	5.09e-01	4.04e-01	7.52e-02	0.00e+00	0.00e+00	7.20e-07	2.16e-06	3.60e-06	3.77e-03	7.52e-03	1.31e-20
 9.65026e+15	8.83e-06	1.22e-02	5.29e-01	3.95e-01	6.46e-02	0.00e+00	0.00e+00	8.26e-07	2.48e-06	4.13e-06	4.08e-03	8.14e-03	1.83e-20
 9.70683e+15	9.87e-06	1.29e-02	5.45e-01	3.86e-01	5.61e-02	0.00e+00	0.00e+00	9.25e-07	2.77e-06	4.62e-06	4.30e-03	8.58e-03	2.23e-20
 9.76234e+15	1.14e-05	1.39e-02	5.64e-01	3.75e-01	4.73e-02	0.00e+00	0.00e+00	1.07e-06	3.21e-06	5.35e-06	4.65e-03	9.28e-03	3.17e-20
 9.81651e+15	1.28e-05	1.47e-02	5.79e-01	3.65e-01	4.05e-02	0.00e+00	0.00e+00	1.20e-06	3.60e-06	6.00e-06	4.92e-03	9.82e-03	4.00e-20
 9.86120e+15	1.43e-05	1.55e-02	5.93e-01	3.57e-01	3.51e-02	0.00e+00	0.00e+00	1.34e-06	4.02e-06	6.70e-06	5.18e-03	1.03e-02	4.97e-20
