#depth	O	O+	O+2	O+3	O+4	O+5	O+6	O+7	O+8	O[1]	O[2]	O[3]
 1.49634e+10	0.00e+00	0.00e+00	7.74e-32	4.60e-23	3.99e-15	4.58e-08	1.00e+00	0.00e+00	0.00e+00	0.00e+00	0.00e+00	0.00e+00
 4.54887e+10	0.00e+00	2.40e-41	1.07e-31	5.88e-23	4.71e-15	4.98e-08	1.00e+00	1.56e-07	0.00e+00	0.00e+00	0.00e+00	0.00e+00
 7.72350e+10	0.00e+00	0.00e+00	1.48e-31	7.51e-23	5.55e-15	5.42e-08	1.00e+00	0.00e+00	0.00e+00	0.00e+00	0.00e+00	0.00e+00
 1.10251e+11	0.00e+00	5.40e-41	2.06e-31	9.61e-23	6.56e-15	5.89e-08	1.00e+00	0.00e+00	0.00e+00	0.00e+00	0.00e+00	0.00e+00
 1.42278e+11	0.00e+00	0.00e+00	2.79e-31	1.21e-22	7.66e-15	6.37e-08	1.00e+00	0.00e+00	0.00e+00	0.00e+00	0.00e+00	0.00e+00
 1.72531e+11	0.00e+00	1.12e-40	3.68e-31	1.50e-22	8.84e-15	6.85e-08	1.00e+00	0.00e+00	0.00e+00	0.00e+00	0.00e+00	0.00e+00
 2.06304e+11	0.00e+00	0.00e+00	4.98e-31	1.88e-22	1.03e-14	7.40e-08	1.00e+00	0.00e+00	0.00e+00	0.00e+00	0.00e+00	0.00e+00
 2.44483e+11	0.00e+00	2.45e-40	6.92e-31	2.41e-22	1.22e-14	8.06e-08	1.00e+00	0.00e+00	0.00e+00	0.00e+00	0.00e+00	0.00e+00
 2.82959e+11	0.00e+00	0.00e+00	9.52e-31	3.07e-22	1.44e-14	8.76e-08	1.00e+00	0.00e+00	0.00e+00	0.00e+00	0.00e+00	0.00e+00
 3.22974e+11	0.00e+00	5.41e-40	1.31e-30	3.91e-22	1.69e-14	9.52e-08	1.00e+00	0.00e+00	0.00e+00	0.00e+00	0.00e+00	0.00e+00
 3.65820e+11	0.00e+00	0.00e+00	1.82e-30	5.03e-22	2.01e-14	1.04e-07	1.00e+00	0.00e+00	0.00e+00	0.00e+00	0.00e+00	0.00e+00
 4.06178e+11	0.00e+00	1.18e-39	2.46e-30	6.32e-22	2.35e-14	1.12e-07	1.00e+00	0.00e+00	0.00e+00	0.00e+00	0.00e+00	0.00e+00
 4.42444e+11	0.00e+00	0.00e+00	3.20e-30	7.70e-22	2.68e-14	1.20e-07	1.00e+00	0.00e+00	0.00e+00	0.00e+00	0.00e+00	0.00e+00
 4.83272e+11	0.00e+00	2.34e-39	4.26e-30	9.58e-22	3.11e-14	1.30e-07	1.00e+00	0.00e+00	0.00e+00	0.00e+00	0.00e+00	0.00e+00
 5.31439e+11	0.00e+00	0.00e+00	5.88e-30	1.22e-21	3.68e-14	1.41e-07	1.00e+00	0.00e+00	0.00e+00	0.00e+00	0.00e+00	0.00e+00
 5.79601e+11	0.00e+00	5.15e-39	8.06e-30	1.56e-21	4.34e-14	1.53e-07	1.00e+00	0.00e+00	0.00e+00	0.00e+00	0.00e+00	0.00e+00
 6.24753e+11	0.00e+00	0.00e+00	1.07e-29	1.93e-21	5.03e-14	1.66e-07	1.00e+00	0.00e+00	0.00e+00	0.00e+00	0.00e+00	0.00e+00
 6.74734e+11	0.00e+00	1.07e-38	1.45e-29	2.44e-21	5.89e-14	1.79e-07	1.00e+00	0.00e+00	0.00e+00	0.00e+00	0.00e+00	0.00e+00
 7.31650e+11	0.00e+00	0.00e+00	2.03e-29	3.15e-21	7.03e-14	1.96e-07	1.00e+00	0.00e+00	0.00e+00	0.00e+00	0.00e+00	0.00e+00
 7.87673e+11	0.00e+00	2.39e-38	2.78e-29	4.01e-21	8.31e-14	2.14e-07	1.00e+00	0.00e+00	0.00e+00	0.00e+00	0.00e+00	0.00e+00
 8.45937e+11	0.00e+00	0.00e+00	3.82e-29	5.12e-21	9.83e-14	2.33e-07	1.00e+00	0.00e+00	0.00e+00	0.00e+00	0.00e+00	0.00e+00
 9.09701e+11	0.00e+00	5.35e-38	5.34e-29	6.62e-21	1.17e-13	2.55e-07	1.00e+00	0.00e+00	0.00e+00	0.00e+00	0.00e+00	0.00e+00
 9.74079e+11	0.00e+00	0.00e+00	7.40e-29	8.50e-21	1.40e-13	2.79e-07	1.00e+00	0.00e+00	0.00e+00	0.00e+00	0.00e+00	0.00e+00
 1.04103e+12	0.00e+00	1.19e-37	1.02e-28	1.09e-20	1.66e-13	3.05e-07	1.00e+00	0.00e+00	0.00e+00	0.00e+00	0.00e+00	0.00e+00
 1.10997e+12	0.00e+00	0.00e+00	1.42e-28	1.40e-20	1.97e-13	3.34e-07	1.00e+00	0.00e+00	0.00e+00	0.00e+00	0.00e+00	0.00e+00
 1.17758e+12	0.00e+00	2.58e-37	1.92e-28	1.77e-20	2.33e-13	3.63e-07	1.00e+00	0.00e+00	0.00e+00	0.00e+00	0.00e+00	0.00e+00
 1.25052e+12	0.00e+00	0.00e+00	2.64e-28	2.26e-20	2.76e-13	3.97e-07	1.00e+00	0.00e+00	0.00e+00	0.00e+00	0.00e+00	0.00e+00
 1.33047e+12	0.00e+00	5.73e-37	3.68e-28	2.93e-20	3.31e-13	4.37e-07	1.00e+00	0.00e+00	0.00e+00	0.00e+00	0.00e+00	0.00e+00
 1.41362e+12	0.00e+00	0.00e+00	5.14e-28	3.80e-20	3.97e-13	4.80e-07	1.00e+00	0.00e+00	0.00e+00	0.00e+00	0.00e+00	0.00e+00
 1.50009e+12	0.00e+00	1.29e-36	7.16e-28	4.92e-20	4.76e-13	5.28e-07	1.00e+00	0.00e+00	0.00e+00	0.00e+00	0.00e+00	0.00e+00
 1.59002e+12	6.03e-46	1.94e-36	9.98e-28	6.37e-20	5.72e-13	5.81e-07	1.00e+00	0.00e+00	0.00e+00	0.00e+00	0.00e+00	0.00e+00
 1.67134e+12	0.00e+00	0.00e+00	1.33e-27	7.97e-20	6.70e-13	6.32e-07	1.00e+00	0.00e+00	0.00e+00	0.00e+00	0.00e+00	0.00e+00
 1.73908e+12	0.00e+00	3.65e-36	1.68e-27	9.56e-20	7.63e-13	6.76e-07	1.00e+00	0.00e+00	0.00e+00	0.00e+00	0.00e+00	0.00e+00
 1.81327e+12	1.84e-45	4.93e-36	2.15e-27	1.16e-19	8.75e-13	7.27e-07	1.00e+00	0.00e+00	0.00e+00	0.00e+00	0.00e+00	0.00e+00
 1.90728e+12	0.00e+00	0.00e+00	2.90e-27	1.47e-19	1.03e-12	7.95e-07	1.00e+00	0.00e+00	0.00e+00	0.00e+00	0.00e+00	0.00e+00
 2.00532e+12	0.00e+00	1.02e-35	3.92e-27	1.86e-19	1.23e-12	8.70e-07	1.00e+00	0.00e+00	0.00e+00	0.00e+00	0.00e+00	0.00e+00
 2.09215e+12	6.34e-45	1.39e-35	5.07e-27	2.27e-19	1.42e-12	9.39e-07	1.00e+00	0.00e+00	0.00e+00	0.00e+00	0.00e+00	0.00e+00
 2.17326e+12	0.00e+00	0.00e+00	6.39e-27	2.73e-19	1.62e-12	1.01e-06	1.00e+00	0.00e+00	0.00e+00	0.00e+00	0.00e+00	0.00e+00
 2.26590e+12	0.00e+00	2.51e-35	8.25e-27	3.34e-19	1.87e-12	1.09e-06	1.00e+00	0.00e+00	0.00e+00	0.00e+00	0.00e+00	0.00e+00
 2.37958e+12	1.96e-44	3.61e-35	1.12e-26	4.24e-19	2.22e-12	1.19e-06	1.00e+00	0.00e+00	0.00e+00	0.00e+00	0.00e+00	0.00e+00
 2.49277e+12	0.00e+00	5.10e-35	1.49e-26	5.33e-19	2.62e-12	1.30e-06	1.00e+00	0.00e+00	0.00e+00	0.00e+00	0.00e+00	0.00e+00
 2.59127e+12	4.18e-44	6.82e-35	1.89e-26	6.45e-19	3.00e-12	1.41e-06	1.00e+00	0.00e+00	0.00e+00	0.00e+00	0.00e+00	0.00e+00
 2.69854e+12	0.00e+00	9.25e-35	2.44e-26	7.89e-19	3.47e-12	1.52e-06	1.00e+00	0.00e+00	0.00e+00	0.00e+00	0.00e+00	0.00e+00
 2.82932e+12	9.12e-44	1.32e-34	3.28e-26	9.99e-19	4.12e-12	1.67e-06	1.00e+00	0.00e+00	0.00e+00	0.00e+00	0.00e+00	0.00e+00
 2.96281e+12	0.00e+00	1.87e-34	4.39e-26	1.26e-18	4.87e-12	1.82e-06	1.00e+00	0.00e+00	0.00e+00	0.00e+00	0.00e+00	0.00e+00
 3.08564e+12	1.98e-43	2.54e-34	5.67e-26	1.54e-18	5.65e-12	1.98e-06	1.00e+00	0.00e+00	0.00e+00	0.00e+00	0.00e+00	0.00e+00
 3.22247e+12	0.00e+00	3.53e-34	7.46e-26	1.92e-18	6.62e-12	2.15e-06	1.00e+00	0.00e+00	0.00e+00	0.00e+00	0.00e+00	0.00e+00
 3.38077e+12	4.49e-43	5.08e-34	1.01e-25	2.45e-18	7.89e-12	2.37e-06	1.00e+00	0.00e+00	0.00e+00	0.00e+00	0.00e+00	0.00e+00
 3.53656e+12	0.00e+00	7.16e-34	1.35e-25	3.08e-18	9.31e-12	2.59e-06	1.00e+00	0.00e+00	0.00e+00	0.00e+00	0.00e+00	0.00e+00
 3.68589e+12	9.77e-43	9.83e-34	1.76e-25	3.81e-18	1.08e-11	2.82e-06	1.00e+00	0.00e+00	0.00e+00	0.00e+00	0.00e+00	0.00e+00
 3.85057e+12	0.00e+00	1.38e-33	2.33e-25	4.77e-18	1.27e-11	3.08e-06	1.00e+00	0.00e+00	0.00e+00	0.00e+00	0.00e+00	0.00e+00
 4.03452e+12	2.22e-42	1.97e-33	3.15e-25	6.06e-18	1.51e-11	3.38e-06	1.00e+00	0.00e+00	0.00e+00	0.00e+00	0.00e+00	0.00e+00
 4.20184e+12	0.00e+00	2.70e-33	4.10e-25	7.48e-18	1.76e-11	3.67e-06	1.00e+00	0.00e+00	0.00e+00	0.00e+00	0.00e+00	0.00e+00
 4.34282e+12	4.34e-42	3.49e-33	5.08e-25	8.87e-18	1.99e-11	3.92e-06	1.00e+00	0.00e+00	0.00e+00	0.00e+00	0.00e+00	0.00e+00
 4.49791e+12	0.00e+00	4.59e-33	6.39e-25	1.06e-17	2.26e-11	4.21e-06	1.00e+00	0.00e+00	0.00e+00	0.00e+00	0.00e+00	0.00e+00
 4.67304e+12	8.52e-42	6.19e-33	8.20e-25	1.30e-17	2.61e-11	4.55e-06	1.00e+00	0.00e+00	0.00e+00	0.00e+00	0.00e+00	0.00e+00
 4.84084e+12	0.00e+00	8.16e-33	1.03e-24	1.56e-17	2.98e-11	4.88e-06	1.00e+00	0.00e+00	0.00e+00	0.00e+00	0.00e+00	0.00e+00
 5.02557e+12	1.67e-41	1.10e-32	1.32e-24	1.90e-17	3.42e-11	5.27e-06	1.00e+00	0.00e+00	0.00e+00	0.00e+00	0.00e+00	0.00e+00
 5.23077e+12	0.00e+00	1.51e-32	1.73e-24	2.35e-17	3.97e-11	5.71e-06	1.00e+00	0.00e+00	0.00e+00	0.00e+00	0.00e+00	0.00e+00
 5.42308e+12	3.40e-41	2.01e-32	2.19e-24	2.84e-17	4.54e-11	6.15e-06	1.00e+00	0.00e+00	0.00e+00	0.00e+00	0.00e+00	0.00e+00
 5.63358e+12	0.00e+00	2.73e-32	2.83e-24	3.48e-17	5.23e-11	6.63e-06	1.00e+00	0.00e+00	0.00e+00	0.00e+00	0.00e+00	0.00e+00
 5.87153e+12	7.19e-41	3.80e-32	3.73e-24	4.33e-17	6.12e-11	7.22e-06	1.00e+00	0.00e+00	0.00e+00	0.00e+00	0.00e+00	0.00e+00
 6.09850e+12	0.00e+00	5.16e-32	4.82e-24	5.30e-17	7.05e-11	7.80e-06	1.00e+00	0.00e+00	0.00e+00	0.00e+00	0.00e+00	0.00e+00
 6.30668e+12	1.42e-40	6.76e-32	6.04e-24	6.34e-17	8.00e-11	8.36e-06	1.00e+00	0.00e+00	0.00e+00	0.00e+00	0.00e+00	0.00e+00
 6.53711e+12	0.00e+00	9.06e-32	7.71e-24	7.69e-17	9.15e-11	8.99e-06	1.00e+00	0.00e+00	0.00e+00	0.00e+00	0.00e+00	0.00e+00
 6.79644e+12	2.91e-40	1.25e-31	1.01e-23	9.48e-17	1.06e-10	9.73e-06	1.00e+00	0.00e+00	0.00e+00	0.00e+00	0.00e+00	0.00e+00
 7.04293e+12	0.00e+00	1.67e-31	1.28e-23	1.15e-16	1.21e-10	1.05e-05	1.00e+00	0.00e+00	0.00e+00	0.00e+00	0.00e+00	0.00e+00
 7.31292e+12	5.91e-40	2.28e-31	1.66e-23	1.41e-16	1.40e-10	1.13e-05	1.00e+00	0.00e+00	0.00e+00	0.00e+00	0.00e+00	0.00e+00
 7.61095e+12	0.00e+00	3.17e-31	2.19e-23	1.75e-16	1.62e-10	1.22e-05	1.00e+00	0.00e+00	0.00e+00	0.00e+00	0.00e+00	0.00e+00
 7.88660e+12	1.24e-39	4.26e-31	2.80e-23	2.12e-16	1.86e-10	1.32e-05	1.00e+00	0.00e+00	0.00e+00	0.00e+00	0.00e+00	0.00e+00
 8.18614e+12	0.00e+00	5.82e-31	3.62e-23	2.60e-16	2.14e-10	1.42e-05	1.00e+00	0.00e+00	0.00e+00	0.00e+00	0.00e+00	0.00e+00
 8.52156e+12	2.65e-39	8.14e-31	4.79e-23	3.24e-16	2.49e-10	1.54e-05	1.00e+00	0.00e+00	0.00e+00	0.00e+00	0.00e+00	0.00e+00
 8.83857e+12	0.00e+00	1.11e-30	6.19e-23	3.96e-16	2.86e-10	1.66e-05	1.00e+00	0.00e+00	0.00e+00	0.00e+00	0.00e+00	0.00e+00
 9.18422e+12	5.60e-39	1.54e-30	8.10e-23	4.89e-16	3.31e-10	1.80e-05	1.00e+00	0.00e+00	0.00e+00	0.00e+00	0.00e+00	0.00e+00
 9.56929e+12	0.00e+00	2.18e-30	1.08e-22	6.14e-16	3.87e-10	1.95e-05	1.00e+00	0.00e+00	0.00e+00	0.00e+00	0.00e+00	0.00e+00
 9.93393e+12	1.23e-38	3.00e-30	1.41e-22	7.55e-16	4.46e-10	2.11e-05	1.00e+00	0.00e+00	0.00e+00	0.00e+00	0.00e+00	0.00e+00
 1.03254e+13	0.00e+00	4.19e-30	1.86e-22	9.36e-16	5.17e-10	2.28e-05	1.00e+00	0.00e+00	0.00e+00	0.00e+00	0.00e+00	0.00e+00
 1.07683e+13	2.79e-38	6.01e-30	2.50e-22	1.18e-15	6.07e-10	2.48e-05	1.00e+00	0.00e+00	0.00e+00	0.00e+00	0.00e+00	0.00e+00
 1.12050e+13	0.00e+00	8.50e-30	3.33e-22	1.48e-15	7.06e-10	2.69e-05	1.00e+00	0.00e+00	0.00e+00	0.00e+00	0.00e+00	0.00e+00
 1.16592e+13	6.33e-38	1.20e-29	4.43e-22	1.84e-15	8.22e-10	2.92e-05	1.00e+00	0.00e+00	0.00e+00	0.00e+00	0.00e+00	0.00e+00
 1.21555e+13	0.00e+00	1.73e-29	5.99e-22	2.33e-15	9.65e-10	3.17e-05	1.00e+00	0.00e+00	0.00e+00	0.00e+00	0.00e+00	0.00e+00
 1.26614e+13	1.49e-37	2.48e-29	8.05e-22	2.93e-15	1.13e-09	3.45e-05	1.00e+00	0.00e+00	0.00e+00	0.00e+00	0.00e+00	0.00e+00
 1.31876e+13	0.00e+00	3.56e-29	1.08e-21	3.69e-15	1.32e-09	3.74e-05	1.00e+00	0.00e+00	0.00e+00	0.00e+00	0.00e+00	0.00e+00
 1.37176e+13	3.45e-37	5.06e-29	1.44e-21	4.61e-15	1.53e-09	4.05e-05	1.00e+00	0.00e+00	0.00e+00	0.00e+00	0.00e+00	0.00e+00
 1.42108e+13	0.00e+00	6.93e-29	1.87e-21	5.62e-15	1.76e-09	4.35e-05	1.00e+00	0.00e+00	0.00e+00	0.00e+00	0.00e+00	0.00e+00
 1.47510e+13	7.46e-37	9.70e-29	2.46e-21	6.95e-15	2.03e-09	4.69e-05	1.00e+00	0.00e+00	0.00e+00	0.00e+00	0.00e+00	0.00e+00
 1.53045e+13	0.00e+00	1.35e-28	3.23e-21	8.57e-15	2.34e-09	5.06e-05	1.00e+00	0.00e+00	0.00e+00	0.00e+00	0.00e+00	0.00e+00
 1.57651e+13	1.52e-36	1.77e-28	4.02e-21	1.01e-14	2.62e-09	5.37e-05	1.00e+00	0.00e+00	0.00e+00	0.00e+00	0.00e+00	0.00e+00
 1.62508e+13	0.00e+00	2.33e-28	5.04e-21	1.21e-14	2.95e-09	5.70e-05	1.00e+00	0.00e+00	0.00e+00	0.00e+00	0.00e+00	0.00e+00
 1.68707e+13	3.17e-36	3.28e-28	6.66e-21	1.49e-14	3.40e-09	6.15e-05	1.00e+00	0.00e+00	0.00e+00	0.00e+00	0.00e+00	0.00e+00
 1.75196e+13	0.00e+00	4.64e-28	8.83e-21	1.85e-14	3.94e-09	6.63e-05	1.00e+00	0.00e+00	0.00e+00	0.00e+00	0.00e+00	0.00e+00
 1.80926e+13	6.81e-36	6.25e-28	1.12e-20	2.23e-14	4.46e-09	7.07e-05	1.00e+00	0.00e+00	0.00e+00	0.00e+00	0.00e+00	0.00e+00
 1.87126e+13	0.00e+00	8.54e-28	1.45e-20	2.71e-14	5.08e-09	7.56e-05	1.00e+00	0.00e+00	0.00e+00	0.00e+00	0.00e+00	0.00e+00
 1.94058e+13	1.47e-35	1.19e-27	1.90e-20	3.34e-14	5.85e-09	8.14e-05	1.00e+00	0.00e+00	0.00e+00	0.00e+00	0.00e+00	0.00e+00
 2.00572e+13	0.00e+00	1.63e-27	2.45e-20	4.04e-14	6.65e-09	8.69e-05	1.00e+00	0.00e+00	0.00e+00	0.00e+00	0.00e+00	0.00e+00
 2.07669e+13	3.13e-35	2.26e-27	3.18e-20	4.93e-14	7.61e-09	9.31e-05	1.00e+00	0.00e+00	0.00e+00	0.00e+00	0.00e+00	0.00e+00
 2.15555e+13	4.74e-35	3.19e-27	4.22e-20	6.12e-14	8.79e-09	1.00e-04	1.00e+00	0.00e+00	0.00e+00	0.00e+00	0.00e+00	0.00e+00
 2.22901e+13	6.92e-35	4.38e-27	5.45e-20	7.42e-14	1.00e-08	1.07e-04	1.00e+00	0.00e+00	0.00e+00	0.00e+00	0.00e+00	0.00e+00
 2.30885e+13	1.03e-34	6.12e-27	7.14e-20	9.10e-14	1.15e-08	1.15e-04	1.00e+00	0.00e+00	0.00e+00	0.00e+00	0.00e+00	0.00e+00
 2.39809e+13	1.58e-34	8.76e-27	9.53e-20	1.13e-13	1.33e-08	1.24e-04	1.00e+00	0.00e+00	0.00e+00	0.00e+00	0.00e+00	0.00e+00
 2.48212e+13	2.34e-34	1.22e-26	1.24e-19	1.39e-13	1.52e-08	1.33e-04	1.00e+00	0.00e+00	0.00e+00	0.00e+00	0.00e+00	0.00e+00
 2.57391e+13	3.54e-34	1.72e-26	1.64e-19	1.71e-13	1.75e-08	1.42e-04	1.00e+00	0.00e+00	0.00e+00	0.00e+00	0.00e+00	0.00e+00
 2.67643e+13	5.52e-34	2.50e-26	2.22e-19	2.15e-13	2.04e-08	1.54e-04	1.00e+00	0.00e+00	0.00e+00	0.00e+00	0.00e+00	0.00e+00
 2.77306e+13	8.30e-34	3.51e-26	2.92e-19	2.64e-13	2.34e-08	1.65e-04	1.00e+00	0.00e+00	0.00e+00	0.00e+00	0.00e+00	0.00e+00
 2.87692e+13	1.27e-33	5.00e-26	3.88e-19	3.27e-13	2.70e-08	1.77e-04	1.00e+00	0.00e+00	0.00e+00	0.00e+00	0.00e+00	0.00e+00
 2.99499e+13	2.01e-33	7.36e-26	5.29e-19	4.14e-13	3.16e-08	1.92e-04	1.00e+00	0.00e+00	0.00e+00	0.00e+00	0.00e+00	0.00e+00
 3.11064e+13	3.12e-33	1.06e-25	7.10e-19	5.17e-13	3.67e-08	2.07e-04	1.00e+00	0.00e+00	0.00e+00	0.00e+00	0.00e+00	0.00e+00
 3.23093e+13	4.84e-33	1.53e-25	9.53e-19	6.45e-13	4.25e-08	2.23e-04	1.00e+00	0.00e+00	0.00e+00	0.00e+00	0.00e+00	0.00e+00
 3.36316e+13	7.69e-33	2.26e-25	1.30e-18	8.16e-13	4.98e-08	2.41e-04	1.00e+00	0.00e+00	0.00e+00	0.00e+00	0.00e+00	0.00e+00
 3.49675e+13	1.21e-32	3.29e-25	1.76e-18	1.03e-12	5.80e-08	2.61e-04	1.00e+00	0.00e+00	0.00e+00	0.00e+00	0.00e+00	0.00e+00
 3.63569e+13	1.90e-32	4.80e-25	2.39e-18	1.29e-12	6.75e-08	2.82e-04	1.00e+00	0.00e+00	0.00e+00	0.00e+00	0.00e+00	0.00e+00
 3.77539e+13	2.94e-32	6.91e-25	3.20e-18	1.61e-12	7.83e-08	3.03e-04	1.00e+00	0.00e+00	0.00e+00	0.00e+00	0.00e+00	0.00e+00
 3.90708e+13	4.38e-32	9.64e-25	4.18e-18	1.97e-12	8.96e-08	3.25e-04	1.00e+00	0.00e+00	0.00e+00	0.00e+00	0.00e+00	0.00e+00
 4.05274e+13	6.69e-32	1.37e-24	5.56e-18	2.44e-12	1.03e-07	3.49e-04	1.00e+00	0.00e+00	0.00e+00	0.00e+00	0.00e+00	0.00e+00
 4.19864e+13	1.01e-31	1.93e-24	7.32e-18	3.00e-12	1.19e-07	3.75e-04	1.00e+00	0.00e+00	0.00e+00	0.00e+00	0.00e+00	0.00e+00
 4.31870e+13	1.40e-31	2.54e-24	9.12e-18	3.54e-12	1.33e-07	3.96e-04	1.00e+00	0.00e+00	0.00e+00	0.00e+00	0.00e+00	0.00e+00
 4.44538e+13	1.95e-31	3.36e-24	1.14e-17	4.20e-12	1.49e-07	4.20e-04	1.00e+00	0.00e+00	0.00e+00	0.00e+00	0.00e+00	0.00e+00
 4.60883e+13	2.96e-31	4.77e-24	1.51e-17	5.20e-12	1.72e-07	4.51e-04	1.00e+00	0.00e+00	0.00e+00	0.00e+00	0.00e+00	0.00e+00
 4.78111e+13	4.51e-31	6.79e-24	2.01e-17	6.45e-12	1.98e-07	4.86e-04	1.00e+00	0.00e+00	0.00e+00	0.00e+00	0.00e+00	0.00e+00
 4.93230e+13	6.54e-31	9.28e-24	2.59e-17	7.75e-12	2.24e-07	5.17e-04	9.99e-01	0.00e+00	0.00e+00	0.00e+00	0.00e+00	0.00e+00
 5.09502e+13	9.41e-31	1.26e-23	3.31e-17	9.38e-12	2.55e-07	5.52e-04	9.99e-01	0.00e+00	0.00e+00	0.00e+00	0.00e+00	0.00e+00
 5.29223e+13	1.45e-30	1.81e-23	4.44e-17	1.17e-11	2.96e-07	5.96e-04	9.99e-01	0.00e+00	0.00e+00	0.00e+00	0.00e+00	0.00e+00
 5.49272e+13	2.23e-30	2.59e-23	5.93e-17	1.46e-11	3.43e-07	6.42e-04	9.99e-01	0.00e+00	0.00e+00	0.00e+00	0.00e+00	0.00e+00
 5.67869e+13	3.27e-30	3.57e-23	7.68e-17	1.78e-11	3.91e-07	6.86e-04	9.99e-01	0.00e+00	0.00e+00	0.00e+00	0.00e+00	0.00e+00
 5.88628e+13	4.92e-30	5.03e-23	1.02e-16	2.20e-11	4.51e-07	7.38e-04	9.99e-01	0.00e+00	0.00e+00	0.00e+00	0.00e+00	0.00e+00
 6.10873e+13	7.51e-30	7.18e-23	1.35e-16	2.74e-11	5.22e-07	7.96e-04	9.99e-01	0.00e+00	0.00e+00	0.00e+00	0.00e+00	0.00e+00
 6.30648e+13	1.08e-29	9.75e-23	1.73e-16	3.30e-11	5.92e-07	8.49e-04	9.99e-01	0.00e+00	0.00e+00	0.00e+00	0.00e+00	0.00e+00
 6.51851e+13	1.58e-29	1.34e-22	2.24e-16	4.01e-11	6.75e-07	9.08e-04	9.99e-01	0.00e+00	0.00e+00	0.00e+00	0.00e+00	0.00e+00
 6.77262e+13	2.43e-29	1.93e-22	3.01e-16	5.03e-11	7.85e-07	9.82e-04	9.99e-01	0.00e+00	0.00e+00	0.00e+00	0.00e+00	0.00e+00
 7.02230e+13	3.67e-29	2.73e-22	3.99e-16	6.23e-11	9.06e-07	1.06e-03	9.99e-01	0.00e+00	0.00e+00	0.00e+00	0.00e+00	0.00e+00
 7.24394e+13	5.23e-29	3.67e-22	5.08e-16	7.48e-11	1.02e-06	1.13e-03	9.99e-01	0.00e+00	0.00e+00	0.00e+00	0.00e+00	0.00e+00
 7.48825e+13	7.61e-29	5.04e-22	6.57e-16	9.10e-11	1.17e-06	1.20e-03	9.99e-01	0.00e+00	0.00e+00	0.00e+00	0.00e+00	0.00e+00
 7.78036e+13	1.17e-28	7.25e-22	8.84e-16	1.14e-10	1.36e-06	1.30e-03	9.99e-01	0.00e+00	0.00e+00	0.00e+00	0.00e+00	0.00e+00
 8.07078e+13	1.78e-28	1.03e-21	1.17e-15	1.42e-10	1.57e-06	1.40e-03	9.99e-01	0.00e+00	0.00e+00	0.00e+00	0.00e+00	0.00e+00
 8.33531e+13	2.57e-28	1.40e-21	1.51e-15	1.71e-10	1.79e-06	1.50e-03	9.98e-01	0.00e+00	0.00e+00	0.00e+00	0.00e+00	0.00e+00
 8.63002e+13	3.80e-28	1.95e-21	1.98e-15	2.11e-10	2.05e-06	1.61e-03	9.98e-01	0.00e+00	0.00e+00	0.00e+00	0.00e+00	0.00e+00
 8.97402e+13	5.92e-28	2.83e-21	2.67e-15	2.65e-10	2.40e-06	1.75e-03	9.98e-01	0.00e+00	0.00e+00	0.00e+00	0.00e+00	0.00e+00
 9.31224e+13	9.02e-28	4.04e-21	3.57e-15	3.30e-10	2.78e-06	1.88e-03	9.98e-01	0.00e+00	0.00e+00	0.00e+00	0.00e+00	0.00e+00
 9.63034e+13	1.32e-27	5.57e-21	4.63e-15	4.03e-10	3.17e-06	2.02e-03	9.98e-01	0.00e+00	0.00e+00	0.00e+00	0.00e+00	0.00e+00
 9.98490e+13	1.99e-27	7.86e-21	6.13e-15	4.99e-10	3.66e-06	2.17e-03	9.98e-01	0.00e+00	0.00e+00	0.00e+00	0.00e+00	0.00e+00
 1.03873e+14	3.12e-27	1.15e-20	8.33e-15	6.31e-10	4.28e-06	2.35e-03	9.98e-01	0.00e+00	0.00e+00	0.00e+00	0.00e+00	0.00e+00
 1.07886e+14	4.81e-27	1.65e-20	1.12e-14	7.90e-10	4.98e-06	2.54e-03	9.97e-01	0.00e+00	0.00e+00	0.00e+00	0.00e+00	0.00e+00
 1.11630e+14	7.10e-27	2.29e-20	1.46e-14	9.66e-10	5.70e-06	2.73e-03	9.97e-01	0.00e+00	0.00e+00	0.00e+00	0.00e+00	0.00e+00
 1.15697e+14	1.07e-26	3.23e-20	1.93e-14	1.19e-09	6.57e-06	2.93e-03	9.97e-01	0.00e+00	0.00e+00	0.00e+00	0.00e+00	0.00e+00
 1.20256e+14	1.66e-26	4.69e-20	2.61e-14	1.50e-09	7.65e-06	3.17e-03	9.97e-01	0.00e+00	0.00e+00	0.00e+00	0.00e+00	0.00e+00
 1.24510e+14	2.48e-26	6.56e-20	3.42e-14	1.85e-09	8.79e-06	3.40e-03	9.97e-01	0.00e+00	0.00e+00	0.00e+00	0.00e+00	0.00e+00
 1.28445e+14	3.54e-26	8.85e-20	4.37e-14	2.22e-09	9.94e-06	3.63e-03	9.96e-01	0.00e+00	0.00e+00	0.00e+00	0.00e+00	0.00e+00
 1.32232e+14	4.94e-26	1.17e-19	5.48e-14	2.64e-09	1.12e-05	3.85e-03	9.96e-01	0.00e+00	0.00e+00	0.00e+00	0.00e+00	0.00e+00
 1.36438e+14	7.08e-26	1.59e-19	7.00e-14	3.18e-09	1.26e-05	4.10e-03	9.96e-01	0.00e+00	0.00e+00	0.00e+00	0.00e+00	0.00e+00
 1.41091e+14	1.04e-25	2.19e-19	9.10e-14	3.88e-09	1.44e-05	4.39e-03	9.96e-01	0.00e+00	0.00e+00	0.00e+00	0.00e+00	0.00e+00
 1.45423e+14	1.48e-25	2.94e-19	1.15e-13	4.64e-09	1.63e-05	4.66e-03	9.95e-01	0.00e+00	0.00e+00	0.00e+00	0.00e+00	0.00e+00
 1.50153e+14	2.14e-25	4.01e-19	1.48e-13	5.61e-09	1.85e-05	4.97e-03	9.95e-01	0.00e+00	0.00e+00	0.00e+00	0.00e+00	0.00e+00
 1.55473e+14	3.20e-25	5.62e-19	1.95e-13	6.90e-09	2.12e-05	5.34e-03	9.95e-01	0.00e+00	0.00e+00	0.00e+00	0.00e+00	0.00e+00
 1.60553e+14	4.65e-25	7.69e-19	2.51e-13	8.35e-09	2.41e-05	5.70e-03	9.94e-01	0.00e+00	0.00e+00	0.00e+00	0.00e+00	0.00e+00
 1.66150e+14	6.91e-25	1.07e-18	3.28e-13	1.02e-08	2.76e-05	6.10e-03	9.94e-01	0.00e+00	0.00e+00	0.00e+00	0.00e+00	0.00e+00
 1.72316e+14	1.05e-24	1.53e-18	4.37e-13	1.27e-08	3.19e-05	6.57e-03	9.93e-01	0.00e+00	0.00e+00	0.00e+00	0.00e+00	0.00e+00
 1.77982e+14	1.53e-24	2.10e-18	5.63e-13	1.54e-08	3.62e-05	7.01e-03	9.93e-01	0.00e+00	0.00e+00	0.00e+00	0.00e+00	0.00e+00
 1.84109e+14	2.27e-24	2.91e-18	7.34e-13	1.88e-08	4.14e-05	7.51e-03	9.92e-01	0.00e+00	0.00e+00	0.00e+00	0.00e+00	0.00e+00
 1.90965e+14	3.46e-24	4.15e-18	9.78e-13	2.34e-08	4.79e-05	8.08e-03	9.92e-01	0.00e+00	0.00e+00	0.00e+00	0.00e+00	0.00e+00
 1.97419e+14	5.09e-24	5.73e-18	1.27e-12	2.85e-08	5.47e-05	8.64e-03	9.91e-01	0.00e+00	0.00e+00	0.00e+00	0.00e+00	0.00e+00
 2.04460e+14	7.62e-24	8.04e-18	1.67e-12	3.51e-08	6.28e-05	9.28e-03	9.91e-01	0.00e+00	0.00e+00	0.00e+00	0.00e+00	0.00e+00
 2.12278e+14	1.17e-23	1.16e-17	2.24e-12	4.38e-08	7.29e-05	1.00e-02	9.90e-01	0.00e+00	0.00e+00	0.00e+00	0.00e+00	0.00e+00
 2.19566e+14	1.73e-23	1.60e-17	2.92e-12	5.35e-08	8.33e-05	1.07e-02	9.89e-01	0.00e+00	0.00e+00	0.00e+00	0.00e+00	0.00e+00
 2.27491e+14	2.60e-23	2.26e-17	3.85e-12	6.60e-08	9.59e-05	1.15e-02	9.88e-01	0.00e+00	0.00e+00	0.00e+00	0.00e+00	0.00e+00
 2.36362e+14	4.03e-23	3.26e-17	5.19e-12	8.29e-08	1.12e-04	1.24e-02	9.87e-01	0.00e+00	0.00e+00	0.00e+00	0.00e+00	0.00e+00
 2.44757e+14	5.99e-23	4.56e-17	6.81e-12	1.02e-07	1.28e-04	1.34e-02	9.87e-01	0.00e+00	0.00e+00	0.00e+00	0.00e+00	0.00e+00
 2.53748e+14	9.02e-23	6.44e-17	9.01e-12	1.26e-07	1.48e-04	1.44e-02	9.85e-01	0.00e+00	0.00e+00	0.00e+00	0.00e+00	0.00e+00
 2.63928e+14	1.40e-22	9.36e-17	1.22e-11	1.59e-07	1.73e-04	1.56e-02	9.84e-01	0.00e+00	0.00e+00	0.00e+00	0.00e+00	0.00e+00
 2.73922e+14	2.14e-22	1.33e-16	1.63e-11	1.99e-07	2.00e-04	1.68e-02	9.83e-01	0.00e+00	0.00e+00	0.00e+00	0.00e+00	0.00e+00
 2.84315e+14	3.23e-22	1.90e-16	2.17e-11	2.47e-07	2.32e-04	1.82e-02	9.82e-01	0.00e+00	0.00e+00	0.00e+00	0.00e+00	0.00e+00
 2.95718e+14	4.99e-22	2.74e-16	2.94e-11	3.12e-07	2.71e-04	1.97e-02	9.80e-01	0.00e+00	0.00e+00	0.00e+00	0.00e+00	0.00e+00
 3.06951e+14	7.53e-22	3.89e-16	3.92e-11	3.89e-07	3.13e-04	2.13e-02	9.78e-01	0.00e+00	0.00e+00	0.00e+00	0.00e+00	0.00e+00
 3.16242e+14	1.05e-21	5.15e-16	4.93e-11	4.64e-07	3.53e-04	2.26e-02	9.77e-01	0.00e+00	0.00e+00	0.00e+00	0.00e+00	0.00e+00
 3.23721e+14	1.35e-21	6.39e-16	5.89e-11	5.32e-07	3.86e-04	2.38e-02	9.76e-01	0.00e+00	0.00e+00	0.00e+00	0.00e+00	0.00e+00
 3.32018e+14	1.77e-21	8.07e-16	7.14e-11	6.18e-07	4.27e-04	2.50e-02	9.75e-01	0.00e+00	0.00e+00	0.00e+00	0.00e+00	0.00e+00
 3.42804e+14	2.49e-21	1.08e-15	9.10e-11	7.46e-07	4.84e-04	2.68e-02	9.73e-01	0.00e+00	0.00e+00	0.00e+00	0.00e+00	0.00e+00
 3.54372e+14	3.55e-21	1.47e-15	1.17e-10	9.07e-07	5.52e-04	2.87e-02	9.71e-01	0.00e+00	0.00e+00	0.00e+00	0.00e+00	0.00e+00
 3.64636e+14	4.82e-21	1.91e-15	1.46e-10	1.07e-06	6.17e-04	3.05e-02	9.69e-01	0.00e+00	0.00e+00	0.00e+00	0.00e+00	0.00e+00
 3.75661e+14	6.54e-21	2.49e-15	1.82e-10	1.28e-06	6.93e-04	3.25e-02	9.67e-01	0.00e+00	0.00e+00	0.00e+00	0.00e+00	0.00e+00
 3.89544e+14	9.60e-21	3.46e-15	2.40e-10	1.58e-06	7.99e-04	3.51e-02	9.64e-01	0.00e+00	0.00e+00	0.00e+00	0.00e+00	0.00e+00
 4.03641e+14	1.39e-20	4.77e-15	3.13e-10	1.95e-06	9.18e-04	3.78e-02	9.61e-01	0.00e+00	0.00e+00	0.00e+00	0.00e+00	0.00e+00
 4.15757e+14	1.89e-20	6.23e-15	3.91e-10	2.32e-06	1.03e-03	4.02e-02	9.59e-01	0.00e+00	0.00e+00	0.00e+00	0.00e+00	0.00e+00
 4.28802e+14	2.58e-20	8.19e-15	4.93e-10	2.78e-06	1.16e-03	4.30e-02	9.56e-01	0.00e+00	0.00e+00	0.00e+00	0.00e+00	0.00e+00
 4.44914e+14	3.76e-20	1.14e-14	6.50e-10	3.45e-06	1.34e-03	4.65e-02	9.52e-01	0.00e+00	0.00e+00	0.00e+00	0.00e+00	0.00e+00
 4.61362e+14	5.43e-20	1.57e-14	8.54e-10	4.26e-06	1.54e-03	5.02e-02	9.48e-01	0.00e+00	0.00e+00	0.00e+00	0.00e+00	0.00e+00
 4.76019e+14	7.44e-20	2.07e-14	1.08e-09	5.12e-06	1.74e-03	5.37e-02	9.45e-01	0.00e+00	0.00e+00	0.00e+00	0.00e+00	0.00e+00
 4.91999e+14	1.03e-19	2.77e-14	1.38e-09	6.21e-06	1.98e-03	5.76e-02	9.40e-01	0.00e+00	0.00e+00	0.00e+00	0.00e+00	0.00e+00
 5.11067e+14	1.51e-19	3.88e-14	1.83e-09	7.75e-06	2.29e-03	6.24e-02	9.35e-01	0.00e+00	0.00e+00	0.00e+00	0.00e+00	0.00e+00
 5.29876e+14	2.17e-19	5.34e-14	2.40e-09	9.57e-06	2.63e-03	6.74e-02	9.30e-01	0.00e+00	0.00e+00	0.00e+00	0.00e+00	0.00e+00
 5.46834e+14	2.95e-19	7.03e-14	3.04e-09	1.15e-05	2.97e-03	7.20e-02	9.25e-01	0.00e+00	0.00e+00	0.00e+00	0.00e+00	0.00e+00
 5.65658e+14	4.14e-19	9.49e-14	3.91e-09	1.40e-05	3.37e-03	7.73e-02	9.19e-01	0.00e+00	0.00e+00	0.00e+00	0.00e+00	0.00e+00
 5.87838e+14	6.05e-19	1.33e-13	5.21e-09	1.75e-05	3.90e-03	8.38e-02	9.12e-01	0.00e+00	0.00e+00	0.00e+00	0.00e+00	0.00e+00
 6.09727e+14	8.69e-19	1.84e-13	6.85e-09	2.16e-05	4.48e-03	9.04e-02	9.05e-01	0.00e+00	0.00e+00	0.00e+00	0.00e+00	0.00e+00
 6.30009e+14	1.20e-18	2.46e-13	8.75e-09	2.61e-05	5.06e-03	9.67e-02	8.98e-01	0.00e+00	0.00e+00	0.00e+00	0.00e+00	0.00e+00
 6.52757e+14	1.71e-18	3.37e-13	1.14e-08	3.21e-05	5.78e-03	1.04e-01	8.90e-01	0.00e+00	0.00e+00	0.00e+00	0.00e+00	0.00e+00
 6.78897e+14	2.52e-18	4.78e-13	1.53e-08	4.03e-05	6.69e-03	1.13e-01	8.81e-01	0.00e+00	0.00e+00	0.00e+00	0.00e+00	0.00e+00
 7.04558e+14	3.66e-18	6.66e-13	2.02e-08	4.98e-05	7.68e-03	1.21e-01	8.71e-01	0.00e+00	0.00e+00	0.00e+00	0.00e+00	0.00e+00
 7.31245e+14	5.31e-18	9.30e-13	2.68e-08	6.17e-05	8.81e-03	1.31e-01	8.60e-01	0.00e+00	0.00e+00	0.00e+00	0.00e+00	0.00e+00
 7.55601e+14	7.38e-18	1.25e-12	3.42e-08	7.44e-05	9.93e-03	1.39e-01	8.51e-01	0.00e+00	0.00e+00	0.00e+00	0.00e+00	0.00e+00
 7.73703e+14	9.37e-18	1.55e-12	4.09e-08	8.52e-05	1.08e-02	1.46e-01	8.43e-01	0.00e+00	0.00e+00	0.00e+00	0.00e+00	0.00e+00
 7.92331e+14	1.19e-17	1.92e-12	4.89e-08	9.76e-05	1.18e-02	1.53e-01	8.35e-01	0.00e+00	0.00e+00	0.00e+00	0.00e+00	0.00e+00
 8.16547e+14	1.62e-17	2.52e-12	6.14e-08	1.16e-04	1.31e-02	1.62e-01	8.25e-01	0.00e+00	0.00e+00	0.00e+00	0.00e+00	0.00e+00
 8.42870e+14	2.28e-17	3.36e-12	7.80e-08	1.39e-04	1.47e-02	1.72e-01	8.14e-01	0.00e+00	0.00e+00	1.31e-17	6.86e-18	2.31e-18
 8.66680e+14	3.03e-17	4.33e-12	9.62e-08	1.62e-04	1.63e-02	1.81e-01	8.03e-01	0.00e+00	0.00e+00	1.74e-17	9.18e-18	3.09e-18
 8.92380e+14	4.10e-17	5.66e-12	1.20e-07	1.91e-04	1.80e-02	1.90e-01	7.91e-01	0.00e+00	0.00e+00	2.35e-17	1.24e-17	4.16e-18
 9.25059e+14	5.95e-17	7.87e-12	1.57e-07	2.34e-04	2.05e-02	2.03e-01	7.76e-01	0.00e+00	0.00e+00	3.42e-17	1.80e-17	6.02e-18
 9.57968e+14	8.57e-17	1.08e-11	2.04e-07	2.85e-04	2.31e-02	2.16e-01	7.61e-01	0.00e+00	0.00e+00	4.93e-17	2.58e-17	8.62e-18
 9.85398e+14	1.15e-16	1.40e-11	2.52e-07	3.33e-04	2.55e-02	2.26e-01	7.48e-01	0.00e+00	0.00e+00	6.62e-17	3.47e-17	1.15e-17
 1.01455e+15	1.56e-16	1.84e-11	3.14e-07	3.91e-04	2.82e-02	2.37e-01	7.34e-01	0.00e+00	0.00e+00	9.00e-17	4.70e-17	1.56e-17
 1.05166e+15	2.28e-16	2.56e-11	4.11e-07	4.77e-04	3.19e-02	2.52e-01	7.16e-01	0.00e+00	0.00e+00	1.32e-16	6.88e-17	2.28e-17
 1.09070e+15	3.36e-16	3.58e-11	5.40e-07	5.82e-04	3.60e-02	2.66e-01	6.97e-01	0.00e+00	0.00e+00	1.94e-16	1.01e-16	3.34e-17
 1.12574e+15	4.70e-16	4.79e-11	6.82e-07	6.90e-04	3.99e-02	2.80e-01	6.80e-01	0.00e+00	0.00e+00	2.72e-16	1.42e-16	4.66e-17
 1.16403e+15	6.72e-16	6.52e-11	8.74e-07	8.26e-04	4.46e-02	2.94e-01	6.61e-01	0.00e+00	0.00e+00	3.89e-16	2.02e-16	6.65e-17
 1.20940e+15	1.02e-15	9.29e-11	1.16e-06	1.01e-03	5.04e-02	3.10e-01	6.39e-01	0.00e+00	0.00e+00	5.88e-16	3.06e-16	1.00e-16
 1.25396e+15	1.50e-15	1.30e-10	1.51e-06	1.23e-03	5.66e-02	3.25e-01	6.17e-01	0.00e+00	0.00e+00	8.69e-16	4.52e-16	1.48e-16
 1.29451e+15	2.11e-15	1.73e-10	1.91e-06	1.45e-03	6.25e-02	3.39e-01	5.97e-01	0.00e+00	0.00e+00	1.22e-15	6.37e-16	2.08e-16
 1.33987e+15	3.07e-15	2.37e-10	2.45e-06	1.73e-03	6.94e-02	3.53e-01	5.75e-01	0.00e+00	0.00e+00	1.78e-15	9.26e-16	3.02e-16
 1.39282e+15	4.68e-15	3.38e-10	3.24e-06	2.11e-03	7.80e-02	3.70e-01	5.50e-01	0.00e+00	0.00e+00	2.71e-15	1.41e-15	4.59e-16
 1.44503e+15	7.00e-15	4.73e-10	4.22e-06	2.54e-03	8.70e-02	3.85e-01	5.26e-01	0.00e+00	0.00e+00	4.06e-15	2.11e-15	6.85e-16
 1.49420e+15	1.01e-14	6.40e-10	5.36e-06	3.01e-03	9.58e-02	3.98e-01	5.03e-01	0.00e+00	0.00e+00	5.85e-15	3.04e-15	9.87e-16
 1.54887e+15	1.50e-14	8.86e-10	6.91e-06	3.59e-03	1.06e-01	4.11e-01	4.79e-01	0.00e+00	0.00e+00	8.68e-15	4.51e-15	1.46e-15
 1.60092e+15	2.15e-14	1.19e-09	8.71e-06	4.22e-03	1.16e-01	4.23e-01	4.57e-01	0.00e+00	0.00e+00	1.25e-14	6.48e-15	2.10e-15
 1.63958e+15	2.79e-14	1.47e-09	1.03e-05	4.73e-03	1.24e-01	4.31e-01	4.40e-01	0.00e+00	0.00e+00	1.62e-14	8.41e-15	2.72e-15
 1.67866e+15	3.61e-14	1.82e-09	1.21e-05	5.30e-03	1.32e-01	4.39e-01	4.24e-01	0.00e+00	0.00e+00	2.09e-14	1.09e-14	3.52e-15
 1.72946e+15	5.00e-14	2.37e-09	1.49e-05	6.09e-03	1.43e-01	4.48e-01	4.04e-01	0.00e+00	0.00e+00	2.90e-14	1.51e-14	4.88e-15
 1.78465e+15	7.04e-14	3.12e-09	1.84e-05	7.05e-03	1.54e-01	4.56e-01	3.82e-01	0.00e+00	0.00e+00	4.09e-14	2.13e-14	6.87e-15
 1.83431e+15	9.50e-14	3.97e-09	2.22e-05	8.00e-03	1.65e-01	4.63e-01	3.64e-01	0.00e+00	0.00e+00	5.51e-14	2.87e-14	9.26e-15
 1.88763e+15	1.30e-13	5.10e-09	2.69e-05	9.11e-03	1.77e-01	4.69e-01	3.45e-01	0.00e+00	0.00e+00	7.54e-14	3.93e-14	1.27e-14
 1.95614e+15	1.92e-13	6.95e-09	3.41e-05	1.07e-02	1.93e-01	4.75e-01	3.21e-01	0.00e+00	0.00e+00	1.11e-13	5.80e-14	1.87e-14
 2.02526e+15	2.79e-13	9.34e-09	4.28e-05	1.24e-02	2.08e-01	4.80e-01	2.99e-01	0.00e+00	0.00e+00	1.62e-13	8.42e-14	2.72e-14
 2.08202e+15	3.76e-13	1.18e-08	5.13e-05	1.40e-02	2.22e-01	4.83e-01	2.82e-01	0.00e+00	0.00e+00	2.18e-13	1.14e-13	3.66e-14
 2.14186e+15	5.10e-13	1.50e-08	6.16e-05	1.58e-02	2.35e-01	4.85e-01	2.64e-01	0.00e+00	0.00e+00	2.96e-13	1.54e-13	4.97e-14
 2.21921e+15	7.47e-13	2.02e-08	7.73e-05	1.83e-02	2.53e-01	4.85e-01	2.43e-01	0.00e+00	0.00e+00	4.34e-13	2.26e-13	7.28e-14
 2.30116e+15	1.10e-12	2.73e-08	9.72e-05	2.13e-02	2.72e-01	4.84e-01	2.23e-01	0.00e+00	0.00e+00	6.38e-13	3.32e-13	1.07e-13
 2.37292e+15	1.52e-12	3.52e-08	1.18e-04	2.41e-02	2.88e-01	4.82e-01	2.06e-01	0.00e+00	0.00e+00	8.82e-13	4.60e-13	1.48e-13
 2.44958e+15	2.13e-12	4.56e-08	1.43e-04	2.73e-02	3.05e-01	4.78e-01	1.89e-01	0.00e+00	0.00e+00	1.23e-12	6.43e-13	2.07e-13
 2.54279e+15	3.15e-12	6.18e-08	1.80e-04	3.15e-02	3.25e-01	4.72e-01	1.71e-01	0.00e+00	0.00e+00	1.83e-12	9.53e-13	3.07e-13
 2.63487e+15	4.56e-12	8.22e-08	2.23e-04	3.60e-02	3.45e-01	4.65e-01	1.54e-01	0.00e+00	0.00e+00	2.65e-12	1.38e-12	4.45e-13
 2.71548e+15	6.26e-12	1.05e-07	2.68e-04	4.03e-02	3.61e-01	4.57e-01	1.41e-01	0.00e+00	0.00e+00	3.64e-12	1.90e-12	6.10e-13
 2.80383e+15	8.76e-12	1.35e-07	3.23e-04	4.52e-02	3.79e-01	4.48e-01	1.28e-01	0.00e+00	0.00e+00	5.09e-12	2.65e-12	8.53e-13
 2.91086e+15	1.30e-11	1.82e-07	4.03e-04	5.17e-02	3.99e-01	4.36e-01	1.13e-01	0.00e+00	0.00e+00	7.54e-12	3.93e-12	1.26e-12
 3.01362e+15	1.85e-11	2.38e-07	4.93e-04	5.82e-02	4.17e-01	4.23e-01	1.01e-01	0.00e+00	0.00e+00	1.07e-11	5.60e-12	1.80e-12
 3.10007e+15	2.47e-11	2.97e-07	5.79e-04	6.41e-02	4.32e-01	4.12e-01	9.14e-02	0.00e+00	0.00e+00	1.43e-11	7.47e-12	2.40e-12
 3.17794e+15	3.17e-11	3.59e-07	6.67e-04	6.96e-02	4.44e-01	4.02e-01	8.37e-02	0.00e+00	0.00e+00	1.84e-11	9.61e-12	3.09e-12
 3.26327e+15	4.16e-11	4.41e-07	7.74e-04	7.59e-02	4.57e-01	3.90e-01	7.60e-02	0.00e+00	0.00e+00	2.42e-11	1.26e-11	4.06e-12
 3.35789e+15	5.56e-11	5.49e-07	9.09e-04	8.33e-02	4.70e-01	3.77e-01	6.83e-02	0.00e+00	0.00e+00	3.23e-11	1.69e-11	5.42e-12
 3.44649e+15	7.21e-11	6.68e-07	1.05e-03	9.04e-02	4.82e-01	3.65e-01	6.18e-02	0.00e+00	0.00e+00	4.19e-11	2.19e-11	7.03e-12
 3.54356e+15	9.55e-11	8.26e-07	1.22e-03	9.85e-02	4.94e-01	3.51e-01	5.54e-02	0.00e+00	0.00e+00	5.55e-11	2.90e-11	9.32e-12
 3.65026e+15	1.28e-10	1.03e-06	1.44e-03	1.08e-01	5.05e-01	3.36e-01	4.91e-02	0.00e+00	0.00e+00	7.46e-11	3.89e-11	1.25e-11
 3.74939e+15	1.66e-10	1.26e-06	1.66e-03	1.17e-01	5.15e-01	3.23e-01	4.40e-02	0.00e+00	0.00e+00	9.68e-11	5.05e-11	1.63e-11
 3.85817e+15	2.22e-10	1.56e-06	1.94e-03	1.27e-01	5.25e-01	3.08e-01	3.89e-02	0.00e+00	0.00e+00	1.29e-10	6.74e-11	2.17e-11
 3.97831e+15	2.99e-10	1.95e-06	2.29e-03	1.38e-01	5.34e-01	2.92e-01	3.40e-02	0.00e+00	0.00e+00	1.74e-10	9.07e-11	2.92e-11
 4.09146e+15	3.91e-10	2.39e-06	2.65e-03	1.49e-01	5.41e-01	2.77e-01	2.99e-02	0.00e+00	0.00e+00	2.28e-10	1.19e-10	3.82e-11
 4.21681e+15	5.28e-10	2.99e-06	3.11e-03	1.62e-01	5.47e-01	2.61e-01	2.60e-02	0.00e+00	0.00e+00	3.07e-10	1.60e-10	5.16e-11
 4.35226e+15	7.11e-10	3.75e-06	3.67e-03	1.77e-01	5.53e-01	2.45e-01	2.24e-02	0.00e+00	0.00e+00	4.14e-10	2.16e-10	6.96e-11
 4.47366e+15	9.20e-10	4.56e-06	4.23e-03	1.90e-01	5.56e-01	2.31e-01	1.96e-02	0.00e+00	0.00e+00	5.35e-10	2.80e-10	9.01e-11
 4.60428e+15	1.22e-09	5.64e-06	4.92e-03	2.04e-01	5.58e-01	2.16e-01	1.69e-02	0.00e+00	0.00e+00	7.10e-10	3.71e-10	1.20e-10
 4.74883e+15	1.63e-09	7.03e-06	5.77e-03	2.20e-01	5.59e-01	2.00e-01	1.44e-02	0.00e+00	0.00e+00	9.49e-10	4.96e-10	1.60e-10
 4.88328e+15	2.10e-09	8.54e-06	6.65e-03	2.36e-01	5.59e-01	1.87e-01	1.24e-02	0.00e+00	0.00e+00	1.22e-09	6.40e-10	2.07e-10
 5.02986e+15	2.81e-09	1.06e-05	7.76e-03	2.53e-01	5.56e-01	1.73e-01	1.05e-02	0.00e+00	0.00e+00	1.64e-09	8.56e-10	2.76e-10
 5.18906e+15	3.73e-09	1.32e-05	9.09e-03	2.71e-01	5.52e-01	1.58e-01	8.85e-03	0.00e+00	0.00e+00	2.17e-09	1.14e-09	3.67e-10
 5.32620e+15	4.72e-09	1.58e-05	1.04e-02	2.88e-01	5.48e-01	1.47e-01	7.62e-03	0.00e+00	0.00e+00	2.74e-09	1.44e-09	4.64e-10
 5.44557e+15	5.81e-09	1.85e-05	1.16e-02	3.02e-01	5.42e-01	1.37e-01	6.67e-03	0.00e+00	0.00e+00	3.38e-09	1.77e-09	5.73e-10
 5.58027e+15	7.36e-09	2.21e-05	1.32e-02	3.18e-01	5.36e-01	1.27e-01	5.74e-03	0.00e+00	0.00e+00	4.28e-09	2.24e-09	7.25e-10
 5.72869e+15	9.39e-09	2.66e-05	1.51e-02	3.36e-01	5.27e-01	1.16e-01	4.87e-03	0.00e+00	0.00e+00	5.46e-09	2.86e-09	9.26e-10
 5.86527e+15	1.16e-08	3.13e-05	1.71e-02	3.53e-01	5.19e-01	1.08e-01	4.20e-03	0.00e+00	0.00e+00	6.75e-09	3.54e-09	1.14e-09
 5.99104e+15	1.42e-08	3.65e-05	1.91e-02	3.68e-01	5.10e-01	9.97e-02	3.64e-03	0.00e+00	0.00e+00	8.26e-09	4.33e-09	1.40e-09
 6.13239e+15	1.79e-08	4.35e-05	2.16e-02	3.85e-01	4.99e-01	9.13e-02	3.10e-03	0.00e+00	0.00e+00	1.04e-08	5.45e-09	1.77e-09
 6.28858e+15	2.28e-08	5.23e-05	2.47e-02	4.04e-01	4.86e-01	8.28e-02	2.60e-03	0.00e+00	0.00e+00	1.32e-08	6.94e-09	2.25e-09
 6.43198e+15	2.80e-08	6.15e-05	2.78e-02	4.20e-01	4.74e-01	7.56e-02	2.22e-03	0.00e+00	0.00e+00	1.63e-08	8.55e-09	2.78e-09
 6.56616e+15	3.44e-08	7.19e-05	3.12e-02	4.36e-01	4.62e-01	6.93e-02	1.90e-03	0.00e+00	0.00e+00	2.00e-08	1.05e-08	3.41e-09
 6.72041e+15	4.41e-08	8.67e-05	3.56e-02	4.54e-01	4.47e-01	6.23e-02	1.58e-03	0.00e+00	0.00e+00	2.57e-08	1.35e-08	4.38e-09
 6.88393e+15	5.61e-08	1.04e-04	4.07e-02	4.72e-01	4.30e-01	5.58e-02	1.31e-03	0.00e+00	0.00e+00	3.27e-08	1.71e-08	5.57e-09
 7.02628e+15	6.92e-08	1.23e-04	4.58e-02	4.87e-01	4.15e-01	5.05e-02	1.11e-03	0.00e+00	0.00e+00	4.02e-08	2.11e-08	6.87e-09
 7.15654e+15	8.42e-08	1.43e-04	5.11e-02	5.01e-01	4.01e-01	4.60e-02	9.45e-04	0.00e+00	0.00e+00	4.90e-08	2.57e-08	8.37e-09
 7.30434e+15	1.06e-07	1.70e-04	5.79e-02	5.16e-01	3.84e-01	4.11e-02	7.87e-04	0.00e+00	0.00e+00	6.17e-08	3.24e-08	1.06e-08
 7.46496e+15	1.37e-07	2.06e-04	6.64e-02	5.31e-01	3.65e-01	3.63e-02	6.42e-04	0.00e+00	0.00e+00	7.96e-08	4.18e-08	1.36e-08
 7.60680e+15	1.70e-07	2.43e-04	7.48e-02	5.43e-01	3.49e-01	3.24e-02	5.36e-04	0.00e+00	0.00e+00	9.88e-08	5.19e-08	1.69e-08
 7.73442e+15	2.06e-07	2.83e-04	8.35e-02	5.54e-01	3.33e-01	2.92e-02	4.53e-04	0.00e+00	0.00e+00	1.20e-07	6.31e-08	2.06e-08
 7.87897e+15	2.68e-07	3.44e-04	9.52e-02	5.64e-01	3.14e-01	2.56e-02	3.69e-04	0.00e+00	0.00e+00	1.56e-07	8.20e-08	2.68e-08
 8.02957e+15	3.38e-07	4.12e-04	1.09e-01	5.73e-01	2.95e-01	2.24e-02	3.00e-04	0.00e+00	0.00e+00	1.97e-07	1.03e-07	3.38e-08
 8.15717e+15	4.21e-07	4.87e-04	1.22e-01	5.80e-01	2.78e-01	1.98e-02	2.48e-04	0.00e+00	0.00e+00	2.45e-07	1.29e-07	4.21e-08
 8.26853e+15	5.20e-07	5.70e-04	1.36e-01	5.83e-01	2.62e-01	1.76e-02	2.09e-04	0.00e+00	0.00e+00	3.03e-07	1.59e-07	5.20e-08
 8.37206e+15	6.23e-07	6.55e-04	1.50e-01	5.86e-01	2.48e-01	1.58e-02	1.77e-04	0.00e+00	0.00e+00	3.63e-07	1.91e-07	6.24e-08
 8.48905e+15	7.57e-07	7.62e-04	1.68e-01	5.86e-01	2.31e-01	1.38e-02	1.46e-04	0.00e+00	0.00e+00	4.40e-07	2.32e-07	7.57e-08
 8.62086e+15	1.03e-06	9.53e-04	1.93e-01	5.83e-01	2.11e-01	1.17e-02	1.14e-04	0.00e+00	0.00e+00	5.97e-07	3.14e-07	1.03e-07
 8.71915e+15	1.25e-06	1.10e-03	2.13e-01	5.79e-01	1.97e-01	1.03e-02	9.52e-05	0.00e+00	0.00e+00	7.29e-07	3.83e-07	1.26e-07
 8.77686e+15	1.42e-06	1.21e-03	2.27e-01	5.75e-01	1.88e-01	9.52e-03	8.49e-05	0.00e+00	0.00e+00	8.24e-07	4.33e-07	1.42e-07
 8.83463e+15	1.62e-06	1.34e-03	2.42e-01	5.70e-01	1.79e-01	8.72e-03	7.50e-05	0.00e+00	0.00e+00	9.43e-07	4.96e-07	1.63e-07
 8.90973e+15	1.85e-06	1.49e-03	2.62e-01	5.63e-01	1.67e-01	7.79e-03	6.41e-05	0.00e+00	0.00e+00	1.08e-06	5.67e-07	1.86e-07
 9.00737e+15	2.43e-06	1.81e-03	2.93e-01	5.49e-01	1.50e-01	6.56e-03	5.04e-05	0.00e+00	0.00e+00	1.41e-06	7.44e-07	2.44e-07
 9.09369e+15	2.85e-06	2.04e-03	3.21e-01	5.34e-01	1.37e-01	5.66e-03	4.13e-05	0.00e+00	0.00e+00	1.66e-06	8.74e-07	2.87e-07
 9.15280e+15	3.49e-06	2.35e-03	3.45e-01	5.21e-01	1.27e-01	4.99e-03	3.46e-05	0.00e+00	0.00e+00	2.03e-06	1.07e-06	3.51e-07
 9.20363e+15	3.97e-06	2.58e-03	3.66e-01	5.09e-01	1.19e-01	4.49e-03	3.00e-05	0.00e+00	0.00e+00	2.31e-06	1.22e-06	3.99e-07
 9.25621e+15	4.42e-06	2.80e-03	3.88e-01	4.96e-01	1.10e-01	4.00e-03	2.58e-05	0.00e+00	0.00e+00	2.57e-06	1.36e-06	4.45e-07
 9.32457e+15	5.31e-06	3.20e-03	4.20e-01	4.75e-01	9.83e-02	3.39e-03	2.07e-05	0.00e+00	0.00e+00	3.09e-06	1.63e-06	5.35e-07
 9.39539e+15	6.48e-06	3.68e-03	4.55e-01	4.51e-01	8.68e-02	2.82e-03	1.62e-05	0.00e+00	0.00e+00	3.77e-06	1.99e-06	6.53e-07
 9.45246e+15	7.95e-06	4.23e-03	4.87e-01	4.29e-01	7.76e-02	2.38e-03	1.29e-05	0.00e+00	0.00e+00	4.63e-06	2.44e-06	8.02e-07
 9.49702e+15	8.84e-06	4.56e-03	5.11e-01	4.12e-01	7.08e-02	2.08e-03	1.09e-05	0.00e+00	0.00e+00	5.14e-06	2.71e-06	8.92e-07
 9.54232e+15	1.05e-05	5.12e-03	5.39e-01	3.91e-01	6.35e-02	1.78e-03	8.86e-06	0.00e+00	0.00e+00	6.10e-06	3.22e-06	1.06e-06
 9.59287e+15	1.19e-05	5.58e-03	5.68e-01	3.69e-01	5.63e-02	1.50e-03	7.14e-06	0.00e+00	0.00e+00	6.90e-06	3.64e-06	1.20e-06
 9.65026e+15	1.48e-05	6.45e-03	6.05e-01	3.40e-01	4.79e-02	1.19e-03	5.28e-06	0.00e+00	0.00e+00	8.59e-06	4.53e-06	1.49e-06
 9.70683e+15	1.70e-05	7.10e-03	6.38e-01	3.13e-01	4.09e-02	9.54e-04	4.00e-06	0.00e+00	0.00e+00	9.90e-06	5.23e-06	1.72e-06
 9.76234e+15	2.14e-05	8.20e-03	6.74e-01	2.83e-01	3.39e-02	7.29e-04	2.83e-06	0.00e+00	0.00e+00	1.24e-05	6.57e-06	2.17e-06
 9.81651e+15	2.52e-05	9.11e-03	7.06e-01	2.56e-01	2.82e-02	5.67e-04	2.06e-06	0.00e+00	0.00e+00	1.47e-05	7.74e-06	2.56e-06
 9.86120e+15	2.92e-05	1.00e-02	7.32e-01	2.33e-01	2.39e-02	4.49e-04	1.54e-06	0.00e+00	0.00e+00	1.70e-05	8.97e-06	2.96e-06
 9.91156e+15	3.48e-05	1.11e-02	7.61e-01	2.08e-01	1.94e-02	3.38e-04	1.08e-06	0.00e+00	0.00e+00	2.02e-05	1.07e-05	3.53e-06
 9.96729e+15	4.16e-05	1.24e-02	7.90e-01	1.82e-01	1.54e-02	2.45e-04	7.20e-07	0.00e+00	0.00e+00	2.42e-05	1.28e-05	4.24e-06
 1.00198e+16	4.92e-05	1.37e-02	8.14e-01	1.59e-01	1.21e-02	1.77e-04	0.00e+00	0.00e+00	0.00e+00	2.86e-05	1.51e-05	5.01e-06
 1.00621e+16	5.62e-05	1.48e-02	8.32e-01	1.43e-01	1.00e-02	1.36e-04	0.00e+00	0.00e+00	0.00e+00	3.27e-05	1.73e-05	5.73e-06
 1.00939e+16	6.21e-05	1.57e-02	8.45e-01	1.31e-01	8.61e-03	1.11e-04	0.00e+00	0.00e+00	0.00e+00	3.61e-05	1.91e-05	6.33e-06
 1.01281e+16	6.93e-05	1.67e-02	8.58e-01	1.18e-01	7.23e-03	8.72e-05	0.00e+00	0.00e+00	0.00e+00	4.03e-05	2.13e-05	7.08e-06
 1.01726e+16	7.99e-05	1.81e-02	8.72e-01	1.04e-01	5.74e-03	6.34e-05	0.00e+00	0.00e+00	0.00e+00	4.65e-05	2.46e-05	8.17e-06
 1.02190e+16	9.22e-05	1.96e-02	8.85e-01	9.02e-02	4.52e-03	4.56e-05	0.00e+00	0.00e+00	0.00e+00	5.36e-05	2.84e-05	9.43e-06
 1.02585e+16	1.04e-04	2.10e-02	8.95e-01	8.01e-02	3.68e-03	3.43e-05	0.00e+00	0.00e+00	0.00e+00	6.03e-05	3.19e-05	1.06e-05
 1.03005e+16	1.18e-04	2.25e-02	9.04e-01	7.00e-02	2.91e-03	2.49e-05	0.00e+00	0.00e+00	0.00e+00	6.87e-05	3.63e-05	1.21e-05
 1.03478e+16	1.36e-04	2.43e-02	9.13e-01	6.04e-02	2.25e-03	1.74e-05	0.00e+00	0.00e+00	0.00e+00	7.90e-05	4.18e-05	1.39e-05
 1.03927e+16	1.55e-04	2.61e-02	9.20e-01	5.25e-02	1.77e-03	1.24e-05	0.00e+00	0.00e+00	0.00e+00	9.01e-05	4.76e-05	1.59e-05
 1.04349e+16	1.75e-04	2.78e-02	9.25e-01	4.59e-02	1.40e-03	8.98e-06	0.00e+00	0.00e+00	0.00e+00	1.02e-04	5.38e-05	1.80e-05
 1.04829e+16	2.01e-04	3.00e-02	9.29e-01	3.93e-02	1.07e-03	6.14e-06	0.00e+00	0.00e+00	0.00e+00	1.17e-04	6.19e-05	2.07e-05
 1.05350e+16	2.33e-04	3.24e-02	9.33e-01	3.34e-02	8.06e-04	4.14e-06	0.00e+00	0.00e+00	0.00e+00	1.35e-04	7.16e-05	2.39e-05
 1.05814e+16	2.65e-04	3.47e-02	9.35e-01	2.89e-02	6.27e-04	2.90e-06	0.00e+00	0.00e+00	0.00e+00	1.54e-04	8.17e-05	2.73e-05
 1.06240e+16	2.99e-04	3.70e-02	9.37e-01	2.53e-02	4.98e-04	2.09e-06	0.00e+00	0.00e+00	0.00e+00	1.74e-04	9.21e-05	3.08e-05
 1.06727e+16	3.43e-04	3.98e-02	9.38e-01	2.17e-02	3.81e-04	1.43e-06	0.00e+00	0.00e+00	0.00e+00	1.99e-04	1.05e-04	3.53e-05
 1.07260e+16	3.98e-04	4.31e-02	9.38e-01	1.84e-02	2.87e-04	9.48e-07	0.00e+00	0.00e+00	0.00e+00	2.32e-04	1.23e-04	4.10e-05
 1.07736e+16	4.54e-04	4.62e-02	9.37e-01	1.60e-02	2.25e-04	0.00e+00	0.00e+00	0.00e+00	0.00e+00	2.64e-04	1.40e-04	4.68e-05
 1.08166e+16	5.14e-04	4.93e-02	9.36e-01	1.40e-02	1.79e-04	0.00e+00	0.00e+00	0.00e+00	0.00e+00	2.99e-04	1.58e-04	5.30e-05
 1.08650e+16	5.88e-04	5.30e-02	9.34e-01	1.21e-02	1.39e-04	0.00e+00	0.00e+00	0.00e+00	0.00e+00	3.42e-04	1.81e-04	6.07e-05
 1.09181e+16	6.86e-04	5.75e-02	9.31e-01	1.03e-02	1.06e-04	0.00e+00	0.00e+00	0.00e+00	0.00e+00	3.99e-04	2.11e-04	7.07e-05
 1.09653e+16	7.86e-04	6.19e-02	9.28e-01	8.99e-03	8.37e-05	0.00e+00	0.00e+00	0.00e+00	0.00e+00	4.58e-04	2.42e-04	8.11e-05
