#depth	He	He+	He+2
 1.49634e+10	2.05e-21	5.36e-11	1.00e+00
 4.54887e+10	2.40e-21	5.82e-11	1.00e+00
 7.72350e+10	2.77e-21	6.34e-11	1.00e+00
 1.10251e+11	3.20e-21	6.89e-11	1.00e+00
 1.42278e+11	3.68e-21	7.46e-11	1.00e+00
 1.72531e+11	4.16e-21	8.02e-11	1.00e+00
 2.06304e+11	4.76e-21	8.68e-11	1.00e+00
 2.44483e+11	5.53e-21	9.46e-11	1.00e+00
 2.82959e+11	6.39e-21	1.03e-10	1.00e+00
 3.22974e+11	7.38e-21	1.12e-10	1.00e+00
 3.65820e+11	8.58e-21	1.22e-10	1.00e+00
 4.06178e+11	9.85e-21	1.32e-10	1.00e+00
 4.42444e+11	1.11e-20	1.42e-10	1.00e+00
 4.83272e+11	1.26e-20	1.53e-10	1.00e+00
 5.31439e+11	1.46e-20	1.67e-10	1.00e+00
 5.79601e+11	1.69e-20	1.81e-10	1.00e+00
 6.24753e+11	1.92e-20	1.96e-10	1.00e+00
 6.74734e+11	2.19e-20	2.12e-10	1.00e+00
 7.31650e+11	2.56e-20	2.33e-10	1.00e+00
 7.87673e+11	2.95e-20	2.54e-10	1.00e+00
 8.45937e+11	3.40e-20	2.77e-10	1.00e+00
 9.09701e+11	3.95e-20	3.03e-10	1.00e+00
 9.74079e+11	4.57e-20	3.32e-10	1.00e+00
 1.04103e+12	5.27e-20	3.63e-10	1.00e+00
 1.10997e+12	6.09e-20	3.98e-10	1.00e+00
 1.17758e+12	6.96e-20	4.33e-10	1.00e+00
 1.25052e+12	7.98e-20	4.74e-10	1.00e+00
 1.33047e+12	9.23e-20	5.21e-10	1.00e+00
 1.41362e+12	1.07e-19	5.74e-10	1.00e+00
 1.50009e+12	1.23e-19	6.32e-10	1.00e+00
 1.59002e+12	1.41e-19	6.96e-10	1.00e+00
 1.67134e+12	1.60e-19	7.57e-10	1.00e+00
 1.73908e+12	1.76e-19	8.11e-10	1.00e+00
 1.81327e+12	1.95e-19	8.72e-10	1.00e+00
 1.90728e+12	2.21e-19	9.54e-10	1.00e+00
 2.00532e+12	2.51e-19	1.05e-09	1.00e+00
 2.09215e+12	2.79e-19	1.13e-09	1.00e+00
 2.17326e+12	3.07e-19	1.21e-09	1.00e+00
 2.26590e+12	3.41e-19	1.31e-09	1.00e+00
 2.37958e+12	3.87e-19	1.44e-09	1.00e+00
 2.49277e+12	4.38e-19	1.57e-09	1.00e+00
 2.59127e+12	4.85e-19	1.69e-09	1.00e+00
 2.69854e+12	5.39e-19	1.83e-09	1.00e+00
 2.82932e+12	6.11e-19	2.01e-09	1.00e+00
 2.96281e+12	6.92e-19	2.20e-09	1.00e+00
 3.08564e+12	7.73e-19	2.39e-09	1.00e+00
 3.22247e+12	8.70e-19	2.60e-09	1.00e+00
 3.38077e+12	9.95e-19	2.86e-09	1.00e+00
 3.53656e+12	1.13e-18	3.13e-09	1.00e+00
 3.68589e+12	1.28e-18	3.40e-09	1.00e+00
 3.85057e+12	1.45e-18	3.72e-09	1.00e+00
 4.03452e+12	1.67e-18	4.08e-09	1.00e+00
 4.20184e+12	1.89e-18	4.43e-09	1.00e+00
 4.34282e+12	2.10e-18	4.74e-09	1.00e+00
 4.49791e+12	2.34e-18	5.09e-09	1.00e+00
 4.67304e+12	2.65e-18	5.50e-09	1.00e+00
 4.84084e+12	2.97e-18	5.91e-09	1.00e+00
 5.02557e+12	3.37e-18	6.37e-09	1.00e+00
 5.23077e+12	3.85e-18	6.91e-09	1.00e+00
 5.42308e+12	4.35e-18	7.44e-09	1.00e+00
 5.63358e+12	4.97e-18	8.02e-09	1.00e+00
 5.87153e+12	5.74e-18	8.74e-09	1.00e+00
 6.09850e+12	6.56e-18	9.44e-09	1.00e+00
 6.30668e+12	7.39e-18	1.01e-08	1.00e+00
 6.53711e+12	8.41e-18	1.09e-08	1.00e+00
 6.79644e+12	9.69e-18	1.18e-08	1.00e+00
 7.04293e+12	1.10e-17	1.27e-08	1.00e+00
 7.31292e+12	1.27e-17	1.37e-08	1.00e+00
 7.61095e+12	1.47e-17	1.48e-08	1.00e+00
 7.88660e+12	1.68e-17	1.59e-08	1.00e+00
 8.18614e+12	1.93e-17	1.72e-08	1.00e+00
 8.52156e+12	2.25e-17	1.86e-08	1.00e+00
 8.83857e+12	2.59e-17	2.01e-08	1.00e+00
 9.18422e+12	3.00e-17	2.17e-08	1.00e+00
 9.56929e+12	3.51e-17	2.36e-08	1.00e+00
 9.93393e+12	4.06e-17	2.55e-08	1.00e+00
 1.03254e+13	4.71e-17	2.75e-08	1.00e+00
 1.07683e+13	5.55e-17	3.00e-08	1.00e+00
 1.12050e+13	6.48e-17	3.25e-08	1.00e+00
 1.16592e+13	7.57e-17	3.52e-08	1.00e+00
 1.21555e+13	8.91e-17	3.84e-08	1.00e+00
 1.26614e+13	1.05e-16	4.17e-08	1.00e+00
 1.31876e+13	1.23e-16	4.52e-08	1.00e+00
 1.37176e+13	1.43e-16	4.90e-08	1.00e+00
 1.42108e+13	1.65e-16	5.26e-08	1.00e+00
 1.47510e+13	1.91e-16	5.67e-08	1.00e+00
 1.53045e+13	2.21e-16	6.11e-08	1.00e+00
 1.57651e+13	2.48e-16	6.48e-08	1.00e+00
 1.62508e+13	2.80e-16	6.89e-08	1.00e+00
 1.68707e+13	3.24e-16	7.42e-08	1.00e+00
 1.75196e+13	3.76e-16	8.01e-08	1.00e+00
 1.80926e+13	4.27e-16	8.54e-08	1.00e+00
 1.87126e+13	4.87e-16	9.13e-08	1.00e+00
 1.94058e+13	5.63e-16	9.82e-08	1.00e+00
 2.00572e+13	6.41e-16	1.05e-07	1.00e+00
 2.07669e+13	7.34e-16	1.12e-07	1.00e+00
 2.15555e+13	8.51e-16	1.21e-07	1.00e+00
 2.22901e+13	9.70e-16	1.29e-07	1.00e+00
 2.30885e+13	1.11e-15	1.39e-07	1.00e+00
 2.39809e+13	1.29e-15	1.49e-07	1.00e+00
 2.48212e+13	1.48e-15	1.60e-07	1.00e+00
 2.57391e+13	1.71e-15	1.72e-07	1.00e+00
 2.67643e+13	1.99e-15	1.86e-07	1.00e+00
 2.77306e+13	2.28e-15	1.99e-07	1.00e+00
 2.87692e+13	2.64e-15	2.14e-07	1.00e+00
 2.99499e+13	3.09e-15	2.32e-07	1.00e+00
 3.11064e+13	3.58e-15	2.50e-07	1.00e+00
 3.23093e+13	4.15e-15	2.69e-07	1.00e+00
 3.36316e+13	4.86e-15	2.91e-07	1.00e+00
 3.49675e+13	5.66e-15	3.15e-07	1.00e+00
 3.63569e+13	6.60e-15	3.40e-07	1.00e+00
 3.77539e+13	7.65e-15	3.66e-07	1.00e+00
 3.90708e+13	8.75e-15	3.92e-07	1.00e+00
 4.05274e+13	1.01e-14	4.21e-07	1.00e+00
 4.19864e+13	1.16e-14	4.52e-07	1.00e+00
 4.31870e+13	1.30e-14	4.78e-07	1.00e+00
 4.44538e+13	1.45e-14	5.07e-07	1.00e+00
 4.60883e+13	1.68e-14	5.45e-07	1.00e+00
 4.78111e+13	1.94e-14	5.86e-07	1.00e+00
 4.93230e+13	2.19e-14	6.24e-07	1.00e+00
 5.09502e+13	2.49e-14	6.66e-07	1.00e+00
 5.29223e+13	2.89e-14	7.19e-07	1.00e+00
 5.49272e+13	3.35e-14	7.75e-07	1.00e+00
 5.67869e+13	3.82e-14	8.29e-07	1.00e+00
 5.88628e+13	4.41e-14	8.91e-07	1.00e+00
 6.10873e+13	5.11e-14	9.61e-07	1.00e+00
 6.30648e+13	5.80e-14	1.03e-06	1.00e+00
 6.51851e+13	6.62e-14	1.10e-06	1.00e+00
 6.77262e+13	7.71e-14	1.19e-06	1.00e+00
 7.02230e+13	8.90e-14	1.28e-06	1.00e+00
 7.24394e+13	1.01e-13	1.36e-06	1.00e+00
 7.48825e+13	1.15e-13	1.46e-06	1.00e+00
 7.78036e+13	1.34e-13	1.58e-06	1.00e+00
 8.07078e+13	1.55e-13	1.70e-06	1.00e+00
 8.33531e+13	1.76e-13	1.82e-06	1.00e+00
 8.63002e+13	2.02e-13	1.95e-06	1.00e+00
 8.97402e+13	2.36e-13	2.12e-06	1.00e+00
 9.31224e+13	2.73e-13	2.28e-06	1.00e+00
 9.63034e+13	3.12e-13	2.45e-06	1.00e+00
 9.98490e+13	3.60e-13	2.63e-06	1.00e+00
 1.03873e+14	4.20e-13	2.86e-06	1.00e+00
 1.07886e+14	4.87e-13	3.09e-06	1.00e+00
 1.11630e+14	5.56e-13	3.31e-06	1.00e+00
 1.15697e+14	6.39e-13	3.56e-06	1.00e+00
 1.20256e+14	7.43e-13	3.86e-06	1.00e+00
 1.24510e+14	8.49e-13	4.14e-06	1.00e+00
 1.28445e+14	9.57e-13	4.41e-06	1.00e+00
 1.32232e+14	1.07e-12	4.68e-06	1.00e+00
 1.36438e+14	1.21e-12	4.99e-06	1.00e+00
 1.41091e+14	1.37e-12	5.34e-06	1.00e+00
 1.45423e+14	1.54e-12	5.68e-06	1.00e+00
 1.50153e+14	1.74e-12	6.06e-06	1.00e+00
 1.55473e+14	1.98e-12	6.51e-06	1.00e+00
 1.60553e+14	2.23e-12	6.95e-06	1.00e+00
 1.66150e+14	2.54e-12	7.45e-06	1.00e+00
 1.72316e+14	2.91e-12	8.02e-06	1.00e+00
 1.77982e+14	3.28e-12	8.56e-06	1.00e+00
 1.84109e+14	3.73e-12	9.18e-06	1.00e+00
 1.90965e+14	4.27e-12	9.88e-06	1.00e+00
 1.97419e+14	4.83e-12	1.06e-05	1.00e+00
 2.04460e+14	5.50e-12	1.14e-05	1.00e+00
 2.12278e+14	6.32e-12	1.23e-05	1.00e+00
 2.19566e+14	7.16e-12	1.31e-05	1.00e+00
 2.27491e+14	8.17e-12	1.41e-05	1.00e+00
 2.36362e+14	9.41e-12	1.53e-05	1.00e+00
 2.44757e+14	1.07e-11	1.64e-05	1.00e+00
 2.53748e+14	1.22e-11	1.77e-05	1.00e+00
 2.63928e+14	1.42e-11	1.92e-05	1.00e+00
 2.73922e+14	1.63e-11	2.07e-05	1.00e+00
 2.84315e+14	1.87e-11	2.24e-05	1.00e+00
 2.95718e+14	2.17e-11	2.43e-05	1.00e+00
 3.06951e+14	2.51e-11	2.63e-05	1.00e+00
 3.16242e+14	2.80e-11	2.80e-05	1.00e+00
 3.23721e+14	3.07e-11	2.94e-05	1.00e+00
 3.32018e+14	3.38e-11	3.11e-05	1.00e+00
 3.42804e+14	3.83e-11	3.33e-05	1.00e+00
 3.54372e+14	4.36e-11	3.57e-05	1.00e+00
 3.64636e+14	4.87e-11	3.80e-05	1.00e+00
 3.75661e+14	5.48e-11	4.06e-05	1.00e+00
 3.89544e+14	6.32e-11	4.39e-05	1.00e+00
 4.03641e+14	7.28e-11	4.74e-05	1.00e+00
 4.15757e+14	8.20e-11	5.06e-05	1.00e+00
 4.28802e+14	9.30e-11	5.42e-05	1.00e+00
 4.44914e+14	1.08e-10	5.88e-05	1.00e+00
 4.61362e+14	1.25e-10	6.37e-05	1.00e+00
 4.76019e+14	1.43e-10	6.83e-05	1.00e+00
 4.91999e+14	1.64e-10	7.36e-05	1.00e+00
 5.11067e+14	1.92e-10	8.01e-05	1.00e+00
 5.29876e+14	2.23e-10	8.69e-05	1.00e+00
 5.46834e+14	2.55e-10	9.33e-05	1.00e+00
 5.65658e+14	2.94e-10	1.01e-04	1.00e+00
 5.87838e+14	3.46e-10	1.10e-04	1.00e+00
 6.09727e+14	4.05e-10	1.19e-04	1.00e+00
 6.30009e+14	4.66e-10	1.28e-04	1.00e+00
 6.52757e+14	5.42e-10	1.39e-04	1.00e+00
 6.78897e+14	6.42e-10	1.52e-04	1.00e+00
 7.04558e+14	7.54e-10	1.65e-04	1.00e+00
 7.31245e+14	8.85e-10	1.80e-04	1.00e+00
 7.55601e+14	1.02e-09	1.94e-04	1.00e+00
 7.73703e+14	1.13e-09	2.04e-04	1.00e+00
 7.92331e+14	1.25e-09	2.16e-04	1.00e+00
 8.16547e+14	1.43e-09	2.31e-04	1.00e+00
 8.42870e+14	1.64e-09	2.48e-04	1.00e+00
 8.66680e+14	1.85e-09	2.64e-04	1.00e+00
 8.92380e+14	2.10e-09	2.82e-04	1.00e+00
 9.25059e+14	2.45e-09	3.05e-04	1.00e+00
 9.57968e+14	2.85e-09	3.30e-04	1.00e+00
 9.85398e+14	3.22e-09	3.52e-04	1.00e+00
 1.01455e+15	3.66e-09	3.75e-04	1.00e+00
 1.05166e+15	4.28e-09	4.07e-04	1.00e+00
 1.09070e+15	5.01e-09	4.41e-04	1.00e+00
 1.12574e+15	5.75e-09	4.73e-04	1.00e+00
 1.16403e+15	6.64e-09	5.09e-04	9.99e-01
 1.20940e+15	7.84e-09	5.54e-04	9.99e-01
 1.25396e+15	9.16e-09	6.00e-04	9.99e-01
 1.29451e+15	1.05e-08	6.44e-04	9.99e-01
 1.33987e+15	1.22e-08	6.94e-04	9.99e-01
 1.39282e+15	1.44e-08	7.56e-04	9.99e-01
 1.44503e+15	1.69e-08	8.19e-04	9.99e-01
 1.49420e+15	1.95e-08	8.80e-04	9.99e-01
 1.54887e+15	2.27e-08	9.52e-04	9.99e-01
 1.60092e+15	2.61e-08	1.02e-03	9.99e-01
 1.63958e+15	2.89e-08	1.08e-03	9.99e-01
 1.67866e+15	3.20e-08	1.13e-03	9.99e-01
 1.72946e+15	3.63e-08	1.21e-03	9.99e-01
 1.78465e+15	4.15e-08	1.29e-03	9.99e-01
 1.83431e+15	4.65e-08	1.37e-03	9.99e-01
 1.88763e+15	5.26e-08	1.46e-03	9.99e-01
 1.95614e+15	6.11e-08	1.57e-03	9.98e-01
 2.02526e+15	7.07e-08	1.69e-03	9.98e-01
 2.08202e+15	7.93e-08	1.79e-03	9.98e-01
 2.14186e+15	8.93e-08	1.90e-03	9.98e-01
 2.21921e+15	1.04e-07	2.05e-03	9.98e-01
 2.30116e+15	1.20e-07	2.21e-03	9.98e-01
 2.37292e+15	1.36e-07	2.36e-03	9.98e-01
 2.44958e+15	1.56e-07	2.52e-03	9.97e-01
 2.54279e+15	1.82e-07	2.73e-03	9.97e-01
 2.63487e+15	2.10e-07	2.94e-03	9.97e-01
 2.71548e+15	2.38e-07	3.13e-03	9.97e-01
 2.80383e+15	2.72e-07	3.35e-03	9.97e-01
 2.91086e+15	3.18e-07	3.62e-03	9.96e-01
 3.01362e+15	3.67e-07	3.89e-03	9.96e-01
 3.10007e+15	4.12e-07	4.13e-03	9.96e-01
 3.17794e+15	4.56e-07	4.34e-03	9.96e-01
 3.26327e+15	5.09e-07	4.59e-03	9.95e-01
 3.35789e+15	5.72e-07	4.87e-03	9.95e-01
 3.44649e+15	6.37e-07	5.14e-03	9.95e-01
 3.54356e+15	7.15e-07	5.45e-03	9.95e-01
 3.65026e+15	8.08e-07	5.80e-03	9.94e-01
 3.74939e+15	9.00e-07	6.13e-03	9.94e-01
 3.85817e+15	1.02e-06	6.52e-03	9.93e-01
 3.97831e+15	1.15e-06	6.96e-03	9.93e-01
 4.09146e+15	1.29e-06	7.38e-03	9.93e-01
 4.21681e+15	1.47e-06	7.88e-03	9.92e-01
 4.35226e+15	1.67e-06	8.42e-03	9.92e-01
 4.47366e+15	1.86e-06	8.93e-03	9.91e-01
 4.60428e+15	2.11e-06	9.53e-03	9.90e-01
 4.74883e+15	2.40e-06	1.02e-02	9.90e-01
 4.88328e+15	2.69e-06	1.08e-02	9.89e-01
 5.02986e+15	3.06e-06	1.16e-02	9.88e-01
 5.18906e+15	3.48e-06	1.25e-02	9.88e-01
 5.32620e+15	3.87e-06	1.32e-02	9.87e-01
 5.44557e+15	4.26e-06	1.40e-02	9.86e-01
 5.58027e+15	4.75e-06	1.48e-02	9.85e-01
 5.72869e+15	5.33e-06	1.58e-02	9.84e-01
 5.86527e+15	5.90e-06	1.68e-02	9.83e-01
 5.99104e+15	6.49e-06	1.78e-02	9.82e-01
 6.13239e+15	7.25e-06	1.90e-02	9.81e-01
 6.28858e+15	8.16e-06	2.03e-02	9.80e-01
 6.43198e+15	9.06e-06	2.17e-02	9.78e-01
 6.56616e+15	1.00e-05	2.31e-02	9.77e-01
 6.72041e+15	1.13e-05	2.49e-02	9.75e-01
 6.88393e+15	1.28e-05	2.70e-02	9.73e-01
 7.02628e+15	1.43e-05	2.90e-02	9.71e-01
 7.15654e+15	1.59e-05	3.10e-02	9.69e-01
 7.30434e+15	1.80e-05	3.37e-02	9.66e-01
 7.46496e+15	2.06e-05	3.68e-02	9.63e-01
 7.60680e+15	2.32e-05	4.00e-02	9.60e-01
 7.73442e+15	2.59e-05	4.32e-02	9.57e-01
 7.87897e+15	2.99e-05	4.75e-02	9.52e-01
 8.02957e+15	3.44e-05	5.26e-02	9.47e-01
 8.15717e+15	3.91e-05	5.76e-02	9.42e-01
 8.26853e+15	4.40e-05	6.27e-02	9.37e-01
 8.37206e+15	4.93e-05	6.81e-02	9.32e-01
 8.48905e+15	5.61e-05	7.52e-02	9.25e-01
 8.62086e+15	6.67e-05	8.47e-02	9.15e-01
 8.71915e+15	7.52e-05	9.28e-02	9.07e-01
 8.77686e+15	8.13e-05	9.83e-02	9.02e-01
 8.83463e+15	8.84e-05	1.04e-01	8.96e-01
 8.90973e+15	9.78e-05	1.13e-01	8.87e-01
 9.00737e+15	1.15e-04	1.26e-01	8.73e-01
 9.09369e+15	1.30e-04	1.40e-01	8.60e-01
 9.15280e+15	1.45e-04	1.51e-01	8.49e-01
 9.20363e+15	1.58e-04	1.61e-01	8.39e-01
 9.25621e+15	1.73e-04	1.73e-01	8.27e-01
 9.32457e+15	1.96e-04	1.90e-01	8.10e-01
 9.39539e+15	2.25e-04	2.10e-01	7.90e-01
 9.45246e+15	2.53e-04	2.28e-01	7.72e-01
 9.49702e+15	2.75e-04	2.44e-01	7.56e-01
 9.54232e+15	3.05e-04	2.62e-01	7.38e-01
 9.59287e+15	3.37e-04	2.83e-01	7.17e-01
 9.65026e+15	3.85e-04	3.10e-01	6.90e-01
 9.70683e+15	4.32e-04	3.39e-01	6.61e-01
 9.76234e+15	4.93e-04	3.71e-01	6.29e-01
 9.81651e+15	5.53e-04	4.03e-01	5.97e-01
 9.86120e+15	6.10e-04	4.32e-01	5.68e-01
 9.91156e+15	6.82e-04	4.66e-01	5.33e-01
 9.96729e+15	7.66e-04	5.05e-01	4.94e-01
 1.00198e+16	8.53e-04	5.43e-01	4.57e-01
 1.00621e+16	9.24e-04	5.72e-01	4.27e-01
 1.00939e+16	9.81e-04	5.94e-01	4.05e-01
 1.01281e+16	1.05e-03	6.19e-01	3.80e-01
 1.01726e+16	1.13e-03	6.50e-01	3.49e-01
 1.02190e+16	1.23e-03	6.80e-01	3.18e-01
 1.02585e+16	1.31e-03	7.05e-01	2.94e-01
 1.03005e+16	1.40e-03	7.31e-01	2.68e-01
 1.03478e+16	1.50e-03	7.57e-01	2.42e-01
 1.03927e+16	1.59e-03	7.80e-01	2.19e-01
 1.04349e+16	1.68e-03	7.99e-01	1.99e-01
 1.04829e+16	1.79e-03	8.21e-01	1.77e-01
 1.05350e+16	1.91e-03	8.40e-01	1.58e-01
 1.05814e+16	2.01e-03	8.56e-01	1.42e-01
 1.06240e+16	2.11e-03	8.69e-01	1.29e-01
 1.06727e+16	2.22e-03	8.83e-01	1.15e-01
 1.07260e+16	2.35e-03	8.96e-01	1.02e-01
 1.07736e+16	2.47e-03	9.06e-01	9.17e-02
 1.08166e+16	2.58e-03	9.14e-01	8.33e-02
 1.08650e+16	2.71e-03	9.23e-01	7.47e-02
 1.09181e+16	2.86e-03	9.31e-01	6.66e-02
 1.09653e+16	3.00e-03	9.37e-01	6.04e-02
 1.10071e+16	3.13e-03	9.42e-01	5.53e-02
 1.10538e+16	3.29e-03	9.47e-01	5.01e-02
 1.11046e+16	3.47e-03	9.51e-01	4.52e-02
 1.11496e+16	3.64e-03	9.55e-01	4.14e-02
 1.11897e+16	3.80e-03	9.58e-01	3.83e-02
 1.12346e+16	4.00e-03	9.61e-01	3.50e-02
 1.12833e+16	4.23e-03	9.64e-01	3.19e-02
 1.13264e+16	4.46e-03	9.66e-01	2.95e-02
 1.13649e+16	4.67e-03	9.68e-01	2.75e-02
 1.14082e+16	4.93e-03	9.70e-01	2.53e-02
 1.14556e+16	5.25e-03	9.72e-01	2.32e-02
 1.14977e+16	5.57e-03	9.73e-01	2.16e-02
 1.15348e+16	5.88e-03	9.74e-01	2.02e-02
 1.15762e+16	6.25e-03	9.75e-01	1.88e-02
 1.16224e+16	6.71e-03	9.76e-01	1.73e-02
 1.16649e+16	7.20e-03	9.77e-01	1.61e-02
 1.17033e+16	7.69e-03	9.77e-01	1.51e-02
 1.17463e+16	8.31e-03	9.78e-01	1.41e-02
 1.17943e+16	9.11e-03	9.78e-01	1.30e-02
 1.18373e+16	9.97e-03	9.78e-01	1.21e-02
 1.18737e+16	1.08e-02	9.78e-01	1.14e-02
 1.19127e+16	1.18e-02	9.77e-01	1.07e-02
 1.19555e+16	1.31e-02	9.77e-01	1.00e-02
 1.19929e+16	1.46e-02	9.76e-01	9.47e-03
 1.20218e+16	1.58e-02	9.75e-01	9.08e-03
 1.20454e+16	1.70e-02	9.74e-01	8.75e-03
 1.20715e+16	1.85e-02	9.73e-01	8.40e-03
 1.21004e+16	2.04e-02	9.72e-01	8.03e-03
 1.21262e+16	2.24e-02	9.70e-01	7.73e-03
 1.21476e+16	2.44e-02	9.68e-01	7.49e-03
 1.21672e+16	2.64e-02	9.66e-01	7.29e-03
 1.21895e+16	2.90e-02	9.64e-01	7.05e-03
 1.22137e+16	3.23e-02	9.61e-01	6.81e-03
 1.22342e+16	3.58e-02	9.58e-01	6.64e-03
 1.22512e+16	3.90e-02	9.54e-01	6.50e-03
 1.22694e+16	4.29e-02	9.51e-01	6.34e-03
 1.22897e+16	4.81e-02	9.46e-01	6.20e-03
 1.23077e+16	5.36e-02	9.40e-01	6.08e-03
 1.23228e+16	5.89e-02	9.35e-01	6.00e-03
 1.23392e+16	6.56e-02	9.29e-01	5.90e-03
 1.23570e+16	7.38e-02	9.20e-01	5.83e-03
 1.23730e+16	8.29e-02	9.11e-01	5.78e-03
 1.23867e+16	9.17e-02	9.03e-01	5.76e-03
 1.23998e+16	1.02e-01	8.93e-01	5.73e-03
 1.24124e+16	1.12e-01	8.82e-01	5.73e-03
 1.24236e+16	1.23e-01	8.71e-01	5.72e-03
 1.24343e+16	1.34e-01	8.60e-01	5.75e-03
 1.24447e+16	1.46e-01	8.48e-01	5.76e-03
 1.24540e+16	1.58e-01	8.36e-01	5.79e-03
 1.24626e+16	1.71e-01	8.24e-01	5.82e-03
 1.24692e+16	1.81e-01	8.14e-01	5.84e-03
 1.24736e+16	1.88e-01	8.06e-01	5.86e-03
 1.24776e+16	1.95e-01	7.99e-01	5.87e-03
 1.24824e+16	2.03e-01	7.91e-01	5.88e-03
 1.24876e+16	2.13e-01	7.81e-01	5.91e-03
 1.24927e+16	2.23e-01	7.71e-01	5.92e-03
 1.24974e+16	2.32e-01	7.62e-01	5.95e-03
 1.25020e+16	2.42e-01	7.52e-01	5.97e-03
 1.25067e+16	2.52e-01	7.42e-01	5.99e-03
 1.25114e+16	2.63e-01	7.31e-01	6.00e-03
 1.25160e+16	2.74e-01	7.20e-01	6.03e-03
 1.25206e+16	2.85e-01	7.09e-01	6.05e-03
 1.25251e+16	2.97e-01	6.97e-01	6.06e-03
 1.25296e+16	3.09e-01	6.84e-01	6.08e-03
 1.25341e+16	3.22e-01	6.72e-01	6.10e-03
 1.25385e+16	3.35e-01	6.59e-01	6.10e-03
 1.25430e+16	3.48e-01	6.46e-01	6.12e-03
 1.25474e+16	3.61e-01	6.32e-01	6.11e-03
 1.25518e+16	3.75e-01	6.19e-01	6.13e-03
 1.25561e+16	3.89e-01	6.05e-01	6.13e-03
 1.25605e+16	4.04e-01	5.90e-01	6.12e-03
 1.25648e+16	4.18e-01	5.75e-01	6.11e-03
 1.25691e+16	4.33e-01	5.61e-01	6.10e-03
 1.25734e+16	4.48e-01	5.45e-01	6.08e-03
 1.25778e+16	4.64e-01	5.30e-01	6.06e-03
 1.25821e+16	4.80e-01	5.14e-01	6.03e-03
 1.25863e+16	4.96e-01	4.98e-01	6.00e-03
 1.25906e+16	5.11e-01	4.83e-01	5.96e-03
 1.25948e+16	5.27e-01	4.67e-01	5.92e-03
 1.25990e+16	5.43e-01	4.51e-01	5.86e-03
 1.26032e+16	5.59e-01	4.35e-01	5.81e-03
 1.26073e+16	5.74e-01	4.20e-01	5.75e-03
 1.26114e+16	5.90e-01	4.05e-01	5.68e-03
 1.26154e+16	6.05e-01	3.89e-01	5.60e-03
 1.26195e+16	6.20e-01	3.74e-01	5.52e-03
 1.26236e+16	6.35e-01	3.60e-01	5.43e-03
 1.26277e+16	6.49e-01	3.45e-01	5.35e-03
 1.26318e+16	6.64e-01	3.31e-01	5.24e-03
 1.26358e+16	6.78e-01	3.17e-01	5.14e-03
 1.26400e+16	6.92e-01	3.03e-01	5.02e-03
 1.26442e+16	7.06e-01	2.89e-01	4.90e-03
 1.26485e+16	7.19e-01	2.76e-01	4.78e-03
 1.26528e+16	7.32e-01	2.63e-01	4.65e-03
 1.26572e+16	7.45e-01	2.50e-01	4.51e-03
 1.26618e+16	7.58e-01	2.38e-01	4.37e-03
 1.26664e+16	7.70e-01	2.26e-01	4.23e-03
 1.26712e+16	7.81e-01	2.15e-01	4.08e-03
 1.26762e+16	7.93e-01	2.03e-01	3.93e-03
 1.26815e+16	8.04e-01	1.92e-01	3.78e-03
 1.26870e+16	8.15e-01	1.82e-01	3.62e-03
 1.26928e+16	8.25e-01	1.72e-01	3.47e-03
 1.26982e+16	8.33e-01	1.64e-01	3.33e-03
 1.27026e+16	8.39e-01	1.58e-01	3.23e-03
 1.27070e+16	8.45e-01	1.52e-01	3.12e-03
 1.27118e+16	8.51e-01	1.46e-01	3.02e-03
 1.27170e+16	8.57e-01	1.41e-01	2.91e-03
 1.27223e+16	8.62e-01	1.36e-01	2.82e-03
 1.27278e+16	8.66e-01	1.31e-01	2.73e-03
 1.27335e+16	8.71e-01	1.27e-01	2.64e-03
 1.27395e+16	8.75e-01	1.23e-01	2.56e-03
 1.27460e+16	8.78e-01	1.19e-01	2.48e-03
 1.27529e+16	8.82e-01	1.16e-01	2.41e-03
 1.27605e+16	8.85e-01	1.13e-01	2.33e-03
 1.27687e+16	8.88e-01	1.10e-01	2.26e-03
 1.27774e+16	8.90e-01	1.07e-01	2.19e-03
 1.27872e+16	8.93e-01	1.05e-01	2.12e-03
 1.27977e+16	8.95e-01	1.03e-01	2.06e-03
 1.28091e+16	8.97e-01	1.01e-01	1.99e-03
 1.28218e+16	8.99e-01	9.86e-02	1.93e-03
 1.28354e+16	9.01e-01	9.68e-02	1.87e-03
 1.28495e+16	9.03e-01	9.51e-02	1.81e-03
 1.28642e+16	9.05e-01	9.34e-02	1.75e-03
 1.28794e+16	9.06e-01	9.19e-02	1.69e-03
 1.28949e+16	9.08e-01	9.04e-02	1.63e-03
 1.29106e+16	9.10e-01	8.89e-02	1.58e-03
 1.29262e+16	9.11e-01	8.75e-02	1.53e-03
 1.29418e+16	9.12e-01	8.61e-02	1.48e-03
 1.29574e+16	9.14e-01	8.48e-02	1.43e-03
 1.29732e+16	9.15e-01	8.35e-02	1.39e-03
 1.29891e+16	9.16e-01	8.22e-02	1.34e-03
 1.30049e+16	9.18e-01	8.09e-02	1.30e-03
 1.30207e+16	9.19e-01	7.97e-02	1.26e-03
 1.30366e+16	9.20e-01	7.85e-02	1.22e-03
 1.30527e+16	9.22e-01	7.73e-02	1.18e-03
 1.30691e+16	9.23e-01	7.60e-02	1.14e-03
 1.30857e+16	9.24e-01	7.48e-02	1.10e-03
 1.31030e+16	9.25e-01	7.36e-02	1.06e-03
 1.31212e+16	9.27e-01	7.23e-02	1.02e-03
 1.31402e+16	9.28e-01	7.10e-02	9.86e-04
 1.31602e+16	9.29e-01	6.97e-02	9.46e-04
 1.31815e+16	9.31e-01	6.82e-02	9.06e-04
 1.32047e+16	9.32e-01	6.67e-02	8.65e-04
 1.32310e+16	9.34e-01	6.51e-02	8.19e-04
 1.32610e+16	9.36e-01	6.32e-02	7.71e-04
 1.32925e+16	9.38e-01	6.13e-02	7.24e-04
 1.33222e+16	9.40e-01	5.97e-02	6.83e-04
 1.33492e+16	9.41e-01	5.82e-02	6.47e-04
 1.33738e+16	9.43e-01	5.69e-02	6.17e-04
 1.33961e+16	9.44e-01	5.57e-02	5.90e-04
 1.34165e+16	9.45e-01	5.46e-02	5.67e-04
 1.34350e+16	9.46e-01	5.37e-02	5.47e-04
 1.34518e+16	9.47e-01	5.28e-02	5.28e-04
 1.34671e+16	9.47e-01	5.20e-02	5.12e-04
 1.34839e+16	9.48e-01	5.12e-02	4.95e-04
 1.35058e+16	9.49e-01	5.01e-02	4.73e-04
 1.35293e+16	9.51e-01	4.90e-02	4.51e-04
 1.35508e+16	9.52e-01	4.80e-02	4.32e-04
 1.35703e+16	9.53e-01	4.71e-02	4.15e-04
 1.35881e+16	9.53e-01	4.63e-02	4.00e-04
 1.36042e+16	9.54e-01	4.55e-02	3.87e-04
 1.36189e+16	9.55e-01	4.49e-02	3.75e-04
 1.36323e+16	9.55e-01	4.43e-02	3.65e-04
 1.36470e+16	9.56e-01	4.36e-02	3.53e-04
 1.36628e+16	9.57e-01	4.30e-02	3.42e-04
 1.36772e+16	9.57e-01	4.23e-02	3.31e-04
 1.36903e+16	9.58e-01	4.17e-02	3.22e-04
 1.37047e+16	9.59e-01	4.11e-02	3.12e-04
 1.37202e+16	9.59e-01	4.04e-02	3.02e-04
 1.37343e+16	9.60e-01	3.98e-02	2.93e-04
 1.37472e+16	9.60e-01	3.93e-02	2.85e-04
 1.37588e+16	9.61e-01	3.88e-02	2.77e-04
 1.37717e+16	9.61e-01	3.82e-02	2.69e-04
 1.37855e+16	9.62e-01	3.77e-02	2.61e-04
 1.37981e+16	9.63e-01	3.72e-02	2.54e-04
 1.38095e+16	9.63e-01	3.67e-02	2.48e-04
 1.38221e+16	9.64e-01	3.62e-02	2.40e-04
 1.38356e+16	9.64e-01	3.57e-02	2.33e-04
 1.38479e+16	9.65e-01	3.52e-02	2.27e-04
 1.38592e+16	9.65e-01	3.48e-02	2.21e-04
 1.38714e+16	9.66e-01	3.43e-02	2.15e-04
 1.38847e+16	9.66e-01	3.38e-02	2.09e-04
 1.38968e+16	9.66e-01	3.34e-02	2.03e-04
 1.39078e+16	9.67e-01	3.30e-02	1.98e-04
 1.39198e+16	9.67e-01	3.25e-02	1.92e-04
 1.39328e+16	9.68e-01	3.20e-02	1.87e-04
 1.39446e+16	9.68e-01	3.16e-02	1.82e-04
 1.39554e+16	9.69e-01	3.13e-02	1.78e-04
 1.39672e+16	9.69e-01	3.08e-02	1.73e-04
 1.39799e+16	9.69e-01	3.04e-02	1.68e-04
 1.39915e+16	9.70e-01	3.00e-02	1.64e-04
 1.40021e+16	9.70e-01	2.97e-02	1.60e-04
 1.40136e+16	9.71e-01	2.93e-02	1.56e-04
 1.40261e+16	9.71e-01	2.89e-02	1.52e-04
 1.40375e+16	9.71e-01	2.85e-02	1.48e-04
 1.40499e+16	9.72e-01	2.81e-02	1.44e-04
 1.40633e+16	9.72e-01	2.78e-02	1.40e-04
 1.40756e+16	9.72e-01	2.74e-02	1.36e-04
 1.40890e+16	9.73e-01	2.70e-02	1.32e-04
 1.41034e+16	9.73e-01	2.66e-02	1.29e-04
 1.41166e+16	9.74e-01	2.62e-02	1.25e-04
 1.41285e+16	9.74e-01	2.59e-02	1.22e-04
 1.41417e+16	9.74e-01	2.55e-02	1.18e-04
 1.41558e+16	9.75e-01	2.52e-02	1.15e-04
 1.41687e+16	9.75e-01	2.49e-02	1.12e-04
 1.41828e+16	9.75e-01	2.45e-02	1.09e-04
 1.41981e+16	9.76e-01	2.41e-02	1.06e-04
 1.42120e+16	9.76e-01	2.38e-02	1.03e-04
 1.42246e+16	9.76e-01	2.35e-02	1.00e-04
 1.42384e+16	9.77e-01	2.31e-02	9.72e-05
 1.42534e+16	9.77e-01	2.28e-02	9.45e-05
 1.42670e+16	9.77e-01	2.25e-02	9.19e-05
 1.42819e+16	9.78e-01	2.22e-02	8.91e-05
 1.42979e+16	9.78e-01	2.18e-02	8.64e-05
 1.43126e+16	9.78e-01	2.15e-02	8.40e-05
 1.43286e+16	9.79e-01	2.12e-02	8.13e-05
 1.43459e+16	9.79e-01	2.08e-02	7.87e-05
 1.43617e+16	9.79e-01	2.05e-02	7.64e-05
 1.43760e+16	9.80e-01	2.02e-02	7.43e-05
 1.43917e+16	9.80e-01	1.99e-02	7.20e-05
 1.44087e+16	9.80e-01	1.96e-02	6.99e-05
 1.44241e+16	9.81e-01	1.93e-02	6.79e-05
 1.44410e+16	9.81e-01	1.90e-02	6.57e-05
 1.44593e+16	9.81e-01	1.87e-02	6.36e-05
 1.44759e+16	9.82e-01	1.84e-02	6.17e-05
 1.44941e+16	9.82e-01	1.81e-02	5.96e-05
 1.45137e+16	9.82e-01	1.78e-02	5.75e-05
 1.45316e+16	9.82e-01	1.75e-02	5.57e-05
 1.45479e+16	9.83e-01	1.72e-02	5.41e-05
 1.45657e+16	9.83e-01	1.69e-02	5.24e-05
 1.45850e+16	9.83e-01	1.67e-02	5.07e-05
 1.46025e+16	9.84e-01	1.64e-02	4.92e-05
 1.46217e+16	9.84e-01	1.61e-02	4.75e-05
 1.46424e+16	9.84e-01	1.58e-02	4.58e-05
 1.46613e+16	9.84e-01	1.56e-02	4.44e-05
 1.46820e+16	9.85e-01	1.53e-02	4.28e-05
 1.47043e+16	9.85e-01	1.50e-02	4.12e-05
 1.47246e+16	9.85e-01	1.48e-02	3.99e-05
 1.47468e+16	9.85e-01	1.45e-02	3.84e-05
 1.47709e+16	9.86e-01	1.42e-02	3.69e-05
 1.47927e+16	9.86e-01	1.39e-02	3.56e-05
 1.48167e+16	9.86e-01	1.37e-02	3.42e-05
 1.48425e+16	9.87e-01	1.34e-02	3.28e-05
 1.48661e+16	9.87e-01	1.31e-02	3.16e-05
 1.48875e+16	9.87e-01	1.29e-02	3.06e-05
 1.49110e+16	9.87e-01	1.27e-02	2.94e-05
 1.49363e+16	9.88e-01	1.24e-02	2.83e-05
 1.49593e+16	9.88e-01	1.22e-02	2.73e-05
 1.49846e+16	9.88e-01	1.20e-02	2.63e-05
 1.50119e+16	9.88e-01	1.17e-02	2.52e-05
 1.50367e+16	9.88e-01	1.15e-02	2.43e-05
 1.50639e+16	9.89e-01	1.12e-02	2.33e-05
 1.50933e+16	9.89e-01	1.10e-02	2.23e-05
 1.51200e+16	9.89e-01	1.08e-02	2.14e-05
 1.51492e+16	9.89e-01	1.05e-02	2.05e-05
 1.51809e+16	9.90e-01	1.03e-02	1.96e-05
 1.52096e+16	9.90e-01	1.01e-02	1.88e-05
 1.52411e+16	9.90e-01	9.86e-03	1.80e-05
 1.52752e+16	9.90e-01	9.62e-03	1.71e-05
 1.53061e+16	9.91e-01	9.42e-03	1.64e-05
 1.53400e+16	9.91e-01	9.19e-03	1.56e-05
 1.53767e+16	9.91e-01	8.96e-03	1.49e-05
 1.54100e+16	9.91e-01	8.76e-03	1.42e-05
 1.54465e+16	9.91e-01	8.53e-03	1.35e-05
 1.54860e+16	9.92e-01	8.31e-03	1.28e-05
 1.55219e+16	9.92e-01	8.12e-03	1.22e-05
 1.55612e+16	9.92e-01	7.90e-03	1.16e-05
 1.56036e+16	9.92e-01	7.68e-03	1.10e-05
 1.56423e+16	9.92e-01	7.50e-03	1.05e-05
 1.56846e+16	9.93e-01	7.29e-03	9.88e-06
 1.57303e+16	9.93e-01	7.08e-03	9.33e-06
 1.57719e+16	9.93e-01	6.89e-03	8.86e-06
 1.58174e+16	9.93e-01	6.69e-03	8.36e-06
 1.58767e+16	9.94e-01	6.44e-03	7.74e-06
 1.59442e+16	9.94e-01	6.17e-03	7.13e-06
 1.60117e+16	9.94e-01	5.93e-03	6.57e-06
 1.60797e+16	9.94e-01	5.69e-03	6.06e-06
 1.61508e+16	9.95e-01	5.45e-03	5.57e-06
 1.62249e+16	9.95e-01	5.22e-03	5.11e-06
 1.63015e+16	9.95e-01	4.99e-03	4.68e-06
 1.63807e+16	9.95e-01	4.77e-03	4.28e-06
 1.64628e+16	9.95e-01	4.55e-03	3.90e-06
 1.65477e+16	9.96e-01	4.34e-03	3.55e-06
 1.66348e+16	9.96e-01	4.14e-03	3.23e-06
 1.67233e+16	9.96e-01	3.94e-03	2.94e-06
 1.68132e+16	9.96e-01	3.75e-03	2.67e-06
 1.69047e+16	9.96e-01	3.58e-03	2.42e-06
 1.69979e+16	9.97e-01	3.40e-03	2.20e-06
 1.70928e+16	9.97e-01	3.24e-03	1.99e-06
 1.71880e+16	9.97e-01	3.09e-03	1.81e-06
 1.72846e+16	9.97e-01	2.94e-03	1.64e-06
 1.73846e+16	9.97e-01	2.79e-03	1.48e-06
 1.74870e+16	9.97e-01	2.65e-03	1.34e-06
 1.75909e+16	9.97e-01	2.52e-03	1.21e-06
 1.76963e+16	9.98e-01	2.39e-03	1.09e-06
 1.78039e+16	9.98e-01	2.27e-03	9.85e-07
 1.79137e+16	9.98e-01	2.15e-03	8.87e-07
 1.80254e+16	9.98e-01	2.04e-03	7.98e-07
 1.81390e+16	9.98e-01	1.93e-03	7.17e-07
 1.82549e+16	9.98e-01	1.83e-03	6.44e-07
 1.83732e+16	9.98e-01	1.73e-03	5.77e-07
 1.84938e+16	9.98e-01	1.64e-03	5.17e-07
 1.86169e+16	9.98e-01	1.55e-03	4.62e-07
 1.87425e+16	9.99e-01	1.46e-03	4.13e-07
 1.88706e+16	9.99e-01	1.38e-03	3.68e-07
 1.90015e+16	9.99e-01	1.30e-03	3.27e-07
 1.91353e+16	9.99e-01	1.23e-03	2.91e-07
 1.92720e+16	9.99e-01	1.16e-03	2.58e-07
 1.94118e+16	9.99e-01	1.09e-03	2.28e-07
 1.95549e+16	9.99e-01	1.02e-03	2.02e-07
 1.97014e+16	9.99e-01	9.58e-04	1.78e-07
 1.98516e+16	9.99e-01	8.98e-04	1.56e-07
 2.00056e+16	9.99e-01	8.41e-04	1.37e-07
 2.01638e+16	9.99e-01	7.86e-04	1.20e-07
 2.03263e+16	9.99e-01	7.34e-04	1.05e-07
 2.04934e+16	9.99e-01	6.84e-04	9.11e-08
 2.06654e+16	9.99e-01	6.37e-04	7.92e-08
 2.08389e+16	9.99e-01	5.93e-04	6.87e-08
 2.10170e+16	9.99e-01	5.51e-04	5.93e-08
 2.12062e+16	9.99e-01	5.10e-04	5.08e-08
 2.14039e+16	1.00e+00	4.70e-04	4.33e-08
 2.16080e+16	1.00e+00	4.33e-04	3.67e-08
 2.18193e+16	1.00e+00	3.97e-04	3.10e-08
 2.20398e+16	1.00e+00	3.64e-04	2.60e-08
 2.22707e+16	1.00e+00	3.32e-04	2.16e-08
 2.25128e+16	1.00e+00	3.01e-04	1.78e-08
 2.27677e+16	1.00e+00	2.72e-04	1.46e-08
 2.30374e+16	1.00e+00	2.45e-04	1.18e-08
 2.33265e+16	1.00e+00	2.19e-04	9.41e-09
 2.36310e+16	1.00e+00	1.94e-04	7.44e-09
 2.39564e+16	1.00e+00	1.71e-04	5.78e-09
 2.43134e+16	1.00e+00	1.49e-04	4.39e-09
 2.47018e+16	1.00e+00	1.29e-04	3.27e-09
 2.51278e+16	1.00e+00	1.09e-04	2.37e-09
 2.56026e+16	1.00e+00	9.15e-05	1.66e-09
 2.61341e+16	1.00e+00	7.51e-05	1.12e-09
 2.67476e+16	1.00e+00	5.98e-05	7.08e-10
 2.74290e+16	1.00e+00	4.68e-05	4.34e-10
 2.81169e+16	1.00e+00	3.68e-05	2.68e-10
 2.87919e+16	1.00e+00	2.91e-05	1.69e-10
 2.94669e+16	1.00e+00	2.31e-05	1.06e-10
 3.01526e+16	1.00e+00	1.83e-05	6.72e-11
 3.08519e+16	1.00e+00	1.46e-05	4.24e-11
 3.15648e+16	1.00e+00	1.15e-05	2.67e-11
 3.22882e+16	1.00e+00	9.18e-06	1.69e-11
 3.30239e+16	1.00e+00	7.29e-06	1.07e-11
 3.37754e+16	1.00e+00	5.79e-06	6.74e-12
 3.45406e+16	1.00e+00	4.60e-06	4.27e-12
 3.53235e+16	1.00e+00	3.65e-06	2.69e-12
 3.61282e+16	1.00e+00	2.89e-06	1.69e-12
 3.69496e+16	1.00e+00	2.29e-06	1.06e-12
 3.77873e+16	1.00e+00	1.81e-06	6.66e-13
 3.86484e+16	1.00e+00	1.43e-06	4.16e-13
 3.95372e+16	1.00e+00	1.13e-06	2.58e-13
 4.04531e+16	1.00e+00	8.86e-07	1.60e-13
 4.13994e+16	1.00e+00	6.93e-07	9.79e-14
 4.23826e+16	1.00e+00	5.40e-07	5.95e-14
 4.34102e+16	1.00e+00	4.18e-07	3.57e-14
 4.44921e+16	1.00e+00	3.21e-07	2.11e-14
 4.56413e+16	1.00e+00	2.44e-07	1.22e-14
 4.68771e+16	1.00e+00	1.82e-07	6.81e-15
 4.82281e+16	1.00e+00	1.34e-07	3.67e-15
 4.96951e+16	1.00e+00	9.65e-08	1.91e-15
 5.12238e+16	1.00e+00	6.93e-08	9.86e-16
 5.27618e+16	1.00e+00	5.02e-08	5.17e-16
 5.43015e+16	1.00e+00	3.66e-08	2.75e-16
 5.58527e+16	1.00e+00	2.68e-08	1.48e-16
 5.74149e+16	1.00e+00	1.98e-08	8.05e-17
 5.89778e+16	1.00e+00	1.47e-08	4.44e-17
 6.05340e+16	1.00e+00	1.10e-08	2.50e-17
 6.20756e+16	1.00e+00	8.31e-09	1.43e-17
 6.35979e+16	1.00e+00	6.34e-09	8.34e-18
 6.50937e+16	1.00e+00	4.89e-09	4.97e-18
 6.65554e+16	1.00e+00	3.82e-09	3.03e-18
 6.79812e+16	1.00e+00	3.01e-09	1.89e-18
 6.93668e+16	1.00e+00	2.40e-09	1.20e-18
 7.07059e+16	1.00e+00	1.94e-09	7.84e-19
 7.19951e+16	1.00e+00	1.58e-09	5.23e-19
 7.32353e+16	1.00e+00	1.31e-09	3.56e-19
 7.44258e+16	1.00e+00	1.09e-09	2.48e-19
 7.55651e+16	1.00e+00	9.19e-10	1.76e-19
 7.66527e+16	1.00e+00	7.82e-10	1.28e-19
 7.76904e+16	1.00e+00	6.72e-10	9.45e-20
 7.86794e+16	1.00e+00	5.82e-10	7.10e-20
 7.96212e+16	1.00e+00	5.09e-10	5.43e-20
 8.05171e+16	1.00e+00	4.48e-10	4.21e-20
 8.13690e+16	1.00e+00	3.97e-10	3.32e-20
 8.21785e+16	1.00e+00	3.55e-10	2.65e-20
 8.29477e+16	1.00e+00	3.19e-10	2.15e-20
 8.36783e+16	1.00e+00	2.89e-10	1.76e-20
 8.43724e+16	1.00e+00	2.63e-10	1.46e-20
 8.50316e+16	1.00e+00	2.41e-10	1.22e-20
 8.56575e+16	1.00e+00	2.21e-10	1.03e-20
 8.62520e+16	1.00e+00	2.04e-10	8.83e-21
 8.68170e+16	1.00e+00	1.90e-10	0.00e+00
 8.73540e+16	1.00e+00	1.77e-10	0.00e+00
 8.78642e+16	1.00e+00	1.65e-10	0.00e+00
 8.83488e+16	1.00e+00	1.55e-10	0.00e+00
 8.88094e+16	1.00e+00	1.46e-10	0.00e+00
 8.92475e+16	1.00e+00	1.38e-10	0.00e+00
 8.96645e+16	1.00e+00	1.31e-10	0.00e+00
 9.00618e+16	1.00e+00	1.24e-10	0.00e+00
 9.04403e+16	1.00e+00	1.18e-10	0.00e+00
 9.08008e+16	1.00e+00	1.13e-10	0.00e+00
 9.11442e+16	1.00e+00	1.08e-10	0.00e+00
 9.14717e+16	1.00e+00	1.04e-10	0.00e+00
 9.17845e+16	1.00e+00	1.00e-10	0.00e+00
 9.20836e+16	1.00e+00	9.62e-11	0.00e+00
 9.23696e+16	1.00e+00	9.28e-11	0.00e+00
 9.26433e+16	1.00e+00	8.97e-11	0.00e+00
 9.29055e+16	1.00e+00	8.69e-11	0.00e+00
 9.31568e+16	1.00e+00	8.41e-11	0.00e+00
 9.33982e+16	1.00e+00	8.16e-11	0.00e+00
 9.36305e+16	1.00e+00	7.93e-11	0.00e+00
 9.38544e+16	1.00e+00	7.71e-11	0.00e+00
 9.40704e+16	1.00e+00	7.51e-11	0.00e+00
 9.42792e+16	1.00e+00	7.32e-11	0.00e+00
 9.44814e+16	1.00e+00	7.14e-11	0.00e+00
 9.46778e+16	1.00e+00	6.97e-11	0.00e+00
 9.48691e+16	1.00e+00	6.81e-11	0.00e+00
 9.50561e+16	1.00e+00	6.66e-11	0.00e+00
 9.52394e+16	1.00e+00	6.50e-11	0.00e+00
 9.54196e+16	1.00e+00	6.36e-11	0.00e+00
 9.55977e+16	1.00e+00	6.22e-11	0.00e+00
 9.57745e+16	1.00e+00	6.09e-11	0.00e+00
 9.59511e+16	1.00e+00	5.96e-11	0.00e+00
 9.61285e+16	1.00e+00	5.84e-11	0.00e+00
 9.63080e+16	1.00e+00	5.71e-11	0.00e+00
 9.64910e+16	1.00e+00	5.58e-11	0.00e+00
 9.66794e+16	1.00e+00	5.45e-11	0.00e+00
 9.68755e+16	1.00e+00	5.33e-11	0.00e+00
 9.70819e+16	1.00e+00	5.19e-11	0.00e+00
 9.73024e+16	1.00e+00	5.05e-11	0.00e+00
 9.75420e+16	1.00e+00	4.91e-11	0.00e+00
 9.78073e+16	1.00e+00	4.76e-11	0.00e+00
 9.81078e+16	1.00e+00	4.58e-11	0.00e+00
 9.84574e+16	1.00e+00	4.39e-11	0.00e+00
 9.88772e+16	1.00e+00	4.17e-11	0.00e+00
 9.94005e+16	1.00e+00	3.91e-11	0.00e+00
 1.00073e+17	1.00e+00	3.60e-11	0.00e+00
 1.00948e+17	1.00e+00	3.24e-11	0.00e+00
 1.02086e+17	1.00e+00	2.83e-11	0.00e+00
 1.03564e+17	1.00e+00	2.37e-11	0.00e+00
 1.05486e+17	1.00e+00	1.90e-11	0.00e+00
 1.07985e+17	1.00e+00	1.43e-11	0.00e+00
 1.10962e+17	1.00e+00	1.03e-11	0.00e+00
 1.14092e+17	1.00e+00	7.41e-12	0.00e+00
 1.17222e+17	1.00e+00	5.38e-12	0.00e+00
 1.20351e+17	1.00e+00	3.95e-12	0.00e+00
 1.23481e+17	1.00e+00	2.93e-12	0.00e+00
 1.26611e+17	1.00e+00	2.20e-12	0.00e+00
 1.29741e+17	1.00e+00	1.67e-12	0.00e+00
 1.33270e+17	1.00e+00	1.24e-12	0.00e+00
 1.37273e+17	1.00e+00	9.00e-13	0.00e+00
 1.41431e+17	1.00e+00	6.61e-13	0.00e+00
 1.45729e+17	1.00e+00	4.93e-13	0.00e+00
 1.50742e+17	1.00e+00	3.63e-13	0.00e+00
 1.56647e+17	1.00e+00	2.55e-13	0.00e+00
 1.62913e+17	1.00e+00	1.85e-13	0.00e+00
 1.69430e+17	1.00e+00	1.40e-13	0.00e+00
 1.76207e+17	1.00e+00	1.08e-13	0.00e+00
 1.82832e+17	1.00e+00	8.64e-14	0.00e+00
 1.88703e+17	1.00e+00	7.46e-14	0.00e+00
 1.93789e+17	1.00e+00	6.85e-14	0.00e+00
 1.98456e+17	1.00e+00	6.33e-14	0.00e+00
 2.02979e+17	1.00e+00	5.73e-14	0.00e+00
 2.06909e+17	1.00e+00	5.11e-14	0.00e+00
 2.09575e+17	1.00e+00	4.84e-14	0.00e+00
 2.11082e+17	1.00e+00	4.79e-14	0.00e+00
 2.11932e+17	1.00e+00	4.78e-14	0.00e+00
 2.12443e+17	1.00e+00	4.77e-14	0.00e+00
 2.12768e+17	1.00e+00	4.77e-14	0.00e+00
 2.13021e+17	1.00e+00	4.76e-14	0.00e+00
 2.13282e+17	1.00e+00	4.75e-14	0.00e+00
 2.13586e+17	1.00e+00	4.74e-14	0.00e+00
 2.13896e+17	1.00e+00	4.73e-14	0.00e+00
 2.14148e+17	1.00e+00	4.71e-14	0.00e+00
 2.14363e+17	1.00e+00	4.70e-14	0.00e+00
 2.14584e+17	1.00e+00	4.68e-14	0.00e+00
 2.14811e+17	1.00e+00	4.66e-14	0.00e+00
 2.15028e+17	1.00e+00	4.65e-14	0.00e+00
 2.15213e+17	1.00e+00	4.63e-14	0.00e+00
 2.15377e+17	1.00e+00	4.61e-14	0.00e+00
 2.15542e+17	1.00e+00	4.60e-14	0.00e+00
 2.15709e+17	1.00e+00	4.58e-14	0.00e+00
 2.15865e+17	1.00e+00	4.57e-14	0.00e+00
 2.16011e+17	1.00e+00	4.55e-14	0.00e+00
 2.16148e+17	1.00e+00	4.54e-14	0.00e+00
 2.16281e+17	1.00e+00	4.52e-14	0.00e+00
 2.16408e+17	1.00e+00	4.51e-14	0.00e+00
 2.16533e+17	1.00e+00	4.49e-14	0.00e+00
 2.16656e+17	1.00e+00	4.48e-14	0.00e+00
 2.16775e+17	1.00e+00	4.46e-14	0.00e+00
 2.16888e+17	1.00e+00	4.45e-14	0.00e+00
 2.16996e+17	1.00e+00	4.44e-14	0.00e+00
 2.17103e+17	1.00e+00	4.42e-14	0.00e+00
 2.17209e+17	1.00e+00	4.41e-14	0.00e+00
 2.17312e+17	1.00e+00	4.39e-14	0.00e+00
 2.17414e+17	1.00e+00	4.38e-14	0.00e+00
 2.17516e+17	1.00e+00	4.36e-14	0.00e+00
 2.17613e+17	1.00e+00	4.35e-14	0.00e+00
 2.17707e+17	1.00e+00	4.34e-14	0.00e+00
 2.17806e+17	1.00e+00	4.32e-14	0.00e+00
 2.17909e+17	1.00e+00	4.30e-14	0.00e+00
 2.18010e+17	1.00e+00	4.29e-14	0.00e+00
 2.18106e+17	1.00e+00	4.27e-14	0.00e+00
 2.18204e+17	1.00e+00	4.26e-14	0.00e+00
 2.18305e+17	1.00e+00	4.24e-14	0.00e+00
 2.18405e+17	1.00e+00	4.22e-14	0.00e+00
 2.18503e+17	1.00e+00	4.21e-14	0.00e+00
 2.18606e+17	1.00e+00	4.19e-14	0.00e+00
 2.18715e+17	1.00e+00	4.17e-14	0.00e+00
 2.18822e+17	1.00e+00	4.15e-14	0.00e+00
 2.18925e+17	1.00e+00	4.13e-14	0.00e+00
 2.19034e+17	1.00e+00	4.11e-14	0.00e+00
 2.19157e+17	1.00e+00	4.09e-14	0.00e+00
 2.19288e+17	1.00e+00	4.06e-14	0.00e+00
 2.19410e+17	1.00e+00	4.04e-14	0.00e+00
 2.19514e+17	1.00e+00	4.02e-14	0.00e+00
 2.19620e+17	1.00e+00	4.00e-14	0.00e+00
 2.19752e+17	1.00e+00	3.97e-14	0.00e+00
 2.19895e+17	1.00e+00	3.94e-14	0.00e+00
 2.20027e+17	1.00e+00	3.92e-14	0.00e+00
 2.20156e+17	1.00e+00	3.89e-14	0.00e+00
 2.20293e+17	1.00e+00	3.87e-14	0.00e+00
 2.20439e+17	1.00e+00	3.84e-14	0.00e+00
 2.20595e+17	1.00e+00	3.80e-14	0.00e+00
 2.20752e+17	1.00e+00	3.77e-14	0.00e+00
 2.20906e+17	1.00e+00	3.74e-14	0.00e+00
 2.21058e+17	1.00e+00	3.71e-14	0.00e+00
 2.21216e+17	1.00e+00	3.67e-14	0.00e+00
 2.21383e+17	1.00e+00	3.64e-14	0.00e+00
 2.21560e+17	1.00e+00	3.60e-14	0.00e+00
 2.21743e+17	1.00e+00	3.56e-14	0.00e+00
 2.21924e+17	1.00e+00	3.53e-14	0.00e+00
 2.22107e+17	1.00e+00	3.49e-14	0.00e+00
 2.22302e+17	1.00e+00	3.44e-14	0.00e+00
 2.22505e+17	1.00e+00	3.40e-14	0.00e+00
 2.22714e+17	1.00e+00	3.36e-14	0.00e+00
 2.22925e+17	1.00e+00	3.31e-14	0.00e+00
 2.23140e+17	1.00e+00	3.26e-14	0.00e+00
 2.23360e+17	1.00e+00	3.22e-14	0.00e+00
 2.23591e+17	1.00e+00	3.17e-14	0.00e+00
 2.23832e+17	1.00e+00	3.12e-14	0.00e+00
 2.24078e+17	1.00e+00	3.06e-14	0.00e+00
 2.24322e+17	1.00e+00	3.01e-14	0.00e+00
 2.24581e+17	1.00e+00	2.96e-14	0.00e+00
 2.24859e+17	1.00e+00	2.90e-14	0.00e+00
 2.25142e+17	1.00e+00	2.84e-14	0.00e+00
 2.25419e+17	1.00e+00	2.78e-14	0.00e+00
 2.25696e+17	1.00e+00	2.72e-14	0.00e+00
 2.25990e+17	1.00e+00	2.66e-14	0.00e+00
 2.26303e+17	1.00e+00	2.60e-14	0.00e+00
 2.26624e+17	1.00e+00	2.53e-14	0.00e+00
 2.26941e+17	1.00e+00	2.46e-14	0.00e+00
 2.27259e+17	1.00e+00	2.40e-14	0.00e+00
 2.27595e+17	1.00e+00	2.34e-14	0.00e+00
 2.27950e+17	1.00e+00	2.27e-14	0.00e+00
 2.28307e+17	1.00e+00	2.19e-14	0.00e+00
 2.28665e+17	1.00e+00	2.13e-14	0.00e+00
 2.29030e+17	1.00e+00	2.06e-14	0.00e+00
 2.29416e+17	1.00e+00	1.99e-14	0.00e+00
 2.29826e+17	1.00e+00	1.91e-14	0.00e+00
 2.30235e+17	1.00e+00	1.84e-14	0.00e+00
 2.30634e+17	1.00e+00	1.77e-14	0.00e+00
 2.31043e+17	1.00e+00	1.70e-14	0.00e+00
 2.31480e+17	1.00e+00	1.63e-14	0.00e+00
 2.31952e+17	1.00e+00	1.55e-14	0.00e+00
 2.32415e+17	1.00e+00	1.48e-14	0.00e+00
 2.32877e+17	1.00e+00	1.41e-14	0.00e+00
 2.33364e+17	1.00e+00	1.34e-14	0.00e+00
 2.33868e+17	1.00e+00	1.27e-14	0.00e+00
 2.34389e+17	1.00e+00	1.20e-14	0.00e+00
 2.34934e+17	1.00e+00	1.13e-14	0.00e+00
 2.35480e+17	1.00e+00	1.06e-14	0.00e+00
 2.36038e+17	1.00e+00	9.93e-15	0.00e+00
 2.36636e+17	1.00e+00	9.27e-15	0.00e+00
 2.37266e+17	1.00e+00	8.60e-15	0.00e+00
 2.37903e+17	1.00e+00	7.95e-15	0.00e+00
 2.38486e+17	1.00e+00	7.35e-15	0.00e+00
 2.38990e+17	1.00e+00	6.86e-15	0.00e+00
 2.39440e+17	1.00e+00	6.46e-15	0.00e+00
 2.39873e+17	1.00e+00	6.11e-15	0.00e+00
 2.40307e+17	1.00e+00	5.76e-15	0.00e+00
 2.40731e+17	1.00e+00	5.44e-15	0.00e+00
 2.41131e+17	1.00e+00	5.13e-15	0.00e+00
 2.41501e+17	1.00e+00	4.86e-15	0.00e+00
 2.41850e+17	1.00e+00	4.62e-15	0.00e+00
 2.42189e+17	1.00e+00	4.39e-15	0.00e+00
 2.42517e+17	1.00e+00	4.18e-15	0.00e+00
 2.42833e+17	1.00e+00	3.98e-15	0.00e+00
 2.43131e+17	1.00e+00	3.80e-15	0.00e+00
 2.43414e+17	1.00e+00	3.63e-15	0.00e+00
 2.43683e+17	1.00e+00	3.46e-15	0.00e+00
 2.43941e+17	1.00e+00	3.32e-15	0.00e+00
 2.44190e+17	1.00e+00	3.18e-15	0.00e+00
 2.44431e+17	1.00e+00	3.05e-15	0.00e+00
 2.44662e+17	1.00e+00	2.93e-15	0.00e+00
 2.44883e+17	1.00e+00	2.82e-15	0.00e+00
 2.45096e+17	1.00e+00	2.72e-15	0.00e+00
 2.45304e+17	1.00e+00	2.62e-15	0.00e+00
 2.45506e+17	1.00e+00	2.52e-15	0.00e+00
 2.45702e+17	1.00e+00	2.44e-15	0.00e+00
 2.45892e+17	1.00e+00	2.35e-15	0.00e+00
 2.46077e+17	1.00e+00	2.27e-15	0.00e+00
 2.46257e+17	1.00e+00	2.20e-15	0.00e+00
 2.46435e+17	1.00e+00	2.13e-15	0.00e+00
 2.46608e+17	1.00e+00	2.06e-15	0.00e+00
 2.46778e+17	1.00e+00	2.00e-15	0.00e+00
 2.46945e+17	1.00e+00	1.93e-15	0.00e+00
 2.47134e+17	1.00e+00	1.87e-15	0.00e+00
 2.47381e+17	1.00e+00	1.80e-15	0.00e+00
 2.47702e+17	1.00e+00	1.70e-15	0.00e+00
 2.48119e+17	1.00e+00	1.59e-15	0.00e+00
 2.48661e+17	1.00e+00	1.45e-15	0.00e+00
 2.49364e+17	1.00e+00	1.29e-15	0.00e+00
 2.50146e+17	1.00e+00	1.11e-15	0.00e+00
 2.50840e+17	1.00e+00	9.55e-16	0.00e+00
 2.51400e+17	1.00e+00	8.49e-16	0.00e+00
 2.51895e+17	1.00e+00	7.71e-16	0.00e+00
 2.52412e+17	1.00e+00	7.02e-16	0.00e+00
 2.52988e+17	1.00e+00	6.32e-16	0.00e+00
 2.53595e+17	1.00e+00	5.63e-16	0.00e+00
 2.54184e+17	1.00e+00	5.02e-16	0.00e+00
 2.54743e+17	1.00e+00	4.51e-16	0.00e+00
 2.55298e+17	1.00e+00	4.07e-16	0.00e+00
 2.55884e+17	1.00e+00	3.66e-16	0.00e+00
 2.56510e+17	1.00e+00	3.28e-16	0.00e+00
 2.57168e+17	1.00e+00	2.91e-16	0.00e+00
 2.57853e+17	1.00e+00	2.58e-16	0.00e+00
 2.58574e+17	1.00e+00	2.28e-16	0.00e+00
 2.59366e+17	1.00e+00	2.00e-16	0.00e+00
 2.60272e+17	1.00e+00	1.72e-16	0.00e+00
 2.61350e+17	1.00e+00	1.46e-16	0.00e+00
 2.62696e+17	1.00e+00	1.20e-16	0.00e+00
 2.64433e+17	1.00e+00	9.36e-17	0.00e+00
 2.66691e+17	1.00e+00	6.90e-17	0.00e+00
 2.69626e+17	1.00e+00	4.76e-17	0.00e+00
 2.73443e+17	1.00e+00	3.07e-17	0.00e+00
 2.78404e+17	1.00e+00	1.86e-17	0.00e+00
 2.84853e+17	1.00e+00	1.06e-17	0.00e+00
 2.93237e+17	1.00e+00	5.47e-18	0.00e+00
 3.03935e+17	1.00e+00	2.61e-18	0.00e+00
 3.16093e+17	1.00e+00	1.14e-18	0.00e+00
 3.27773e+17	1.00e+00	5.43e-19	0.00e+00
 3.37828e+17	1.00e+00	2.91e-19	0.00e+00
 3.46491e+17	1.00e+00	1.70e-19	0.00e+00
 3.55897e+17	1.00e+00	9.42e-20	0.00e+00
 3.66172e+17	1.00e+00	5.01e-20	0.00e+00
 3.74836e+17	1.00e+00	2.96e-20	0.00e+00
 3.81493e+17	1.00e+00	1.98e-20	0.00e+00
 3.88277e+17	1.00e+00	1.29e-20	0.00e+00
 3.96337e+17	1.00e+00	7.80e-21	0.00e+00
 4.04086e+17	1.00e+00	4.83e-21	0.00e+00
 4.10584e+17	1.00e+00	3.20e-21	0.00e+00
 4.17424e+17	1.00e+00	2.05e-21	0.00e+00
 4.26316e+17	1.00e+00	1.13e-21	0.00e+00
 4.37875e+17	1.00e+00	5.19e-22	0.00e+00
 4.49347e+17	1.00e+00	2.27e-22	0.00e+00
 4.56623e+17	1.00e+00	1.27e-22	0.00e+00
 4.60113e+17	1.00e+00	9.30e-23	0.00e+00
 4.61840e+17	1.00e+00	7.91e-23	0.00e+00
 4.62762e+17	1.00e+00	7.29e-23	0.00e+00
 4.63314e+17	1.00e+00	7.31e-23	0.00e+00
 4.63646e+17	1.00e+00	8.06e-23	0.00e+00
 4.63880e+17	1.00e+00	9.01e-23	0.00e+00
 4.64131e+17	1.00e+00	9.29e-23	0.00e+00
 4.64459e+17	1.00e+00	8.63e-23	0.00e+00
 4.64866e+17	1.00e+00	7.66e-23	0.00e+00
 4.65294e+17	1.00e+00	6.88e-23	0.00e+00
