#depth	O	O+	O+2	O+3	O+4	O+5	O+6	O+7	O+8	O[1]	O[2]	O[3]
 1.49634e+10	0.00e+00	4.10e-46	2.00e-35	9.13e-26	6.17e-17	5.65e-09	1.00e+00	1.90e-06	0.00e+00	0.00e+00	0.00e+00	0.00e+00
 4.54887e+10	0.00e+00	0.00e+00	2.74e-35	1.16e-25	7.23e-17	6.12e-09	1.00e+00	1.76e-06	5.85e-16	0.00e+00	0.00e+00	0.00e+00
 7.72350e+10	0.00e+00	9.04e-46	3.76e-35	1.47e-25	8.47e-17	6.63e-09	1.00e+00	1.62e-06	0.00e+00	0.00e+00	0.00e+00	0.00e+00
 1.10251e+11	0.00e+00	0.00e+00	5.16e-35	1.86e-25	9.92e-17	7.17e-09	1.00e+00	1.49e-06	0.00e+00	0.00e+00	0.00e+00	0.00e+00
 1.44588e+11	0.00e+00	1.99e-45	7.07e-35	2.36e-25	1.16e-16	7.76e-09	1.00e+00	1.38e-06	0.00e+00	0.00e+00	0.00e+00	0.00e+00
 1.80298e+11	0.00e+00	0.00e+00	9.71e-35	2.99e-25	1.36e-16	8.41e-09	1.00e+00	1.27e-06	0.00e+00	0.00e+00	0.00e+00	0.00e+00
 2.17437e+11	0.00e+00	4.39e-45	1.33e-34	3.80e-25	1.60e-16	9.11e-09	1.00e+00	1.17e-06	0.00e+00	0.00e+00	0.00e+00	0.00e+00
 2.56061e+11	0.00e+00	0.00e+00	1.83e-34	4.82e-25	1.87e-16	9.86e-09	1.00e+00	1.08e-06	0.00e+00	0.00e+00	0.00e+00	0.00e+00
 2.96231e+11	0.00e+00	9.71e-45	2.51e-34	6.12e-25	2.20e-16	1.07e-08	1.00e+00	9.98e-07	0.00e+00	0.00e+00	0.00e+00	0.00e+00
 3.38007e+11	0.00e+00	0.00e+00	3.45e-34	7.76e-25	2.58e-16	1.16e-08	1.00e+00	0.00e+00	0.00e+00	0.00e+00	0.00e+00	0.00e+00
 3.78344e+11	0.00e+00	2.09e-44	4.64e-34	9.69e-25	2.99e-16	1.25e-08	1.00e+00	0.00e+00	0.00e+00	0.00e+00	0.00e+00	0.00e+00
 4.16037e+11	0.00e+00	0.00e+00	6.06e-34	1.18e-24	3.42e-16	1.33e-08	1.00e+00	0.00e+00	0.00e+00	0.00e+00	0.00e+00	0.00e+00
 4.58345e+11	0.00e+00	4.18e-44	8.09e-34	1.47e-24	3.95e-16	1.43e-08	1.00e+00	0.00e+00	0.00e+00	0.00e+00	0.00e+00	0.00e+00
 5.05365e+11	0.00e+00	0.00e+00	1.10e-33	1.86e-24	4.62e-16	1.55e-08	1.00e+00	0.00e+00	0.00e+00	0.00e+00	0.00e+00	0.00e+00
 5.50554e+11	0.00e+00	8.84e-44	1.47e-33	2.31e-24	5.34e-16	1.67e-08	1.00e+00	0.00e+00	0.00e+00	0.00e+00	0.00e+00	0.00e+00
 5.98793e+11	0.00e+00	0.00e+00	1.98e-33	2.89e-24	6.20e-16	1.80e-08	1.00e+00	0.00e+00	0.00e+00	0.00e+00	0.00e+00	0.00e+00
 6.52671e+11	0.00e+00	1.91e-43	2.73e-33	3.67e-24	7.29e-16	1.95e-08	1.00e+00	0.00e+00	0.00e+00	0.00e+00	0.00e+00	0.00e+00
 7.06766e+11	0.00e+00	0.00e+00	3.71e-33	4.63e-24	8.51e-16	2.11e-08	1.00e+00	0.00e+00	0.00e+00	0.00e+00	0.00e+00	0.00e+00
 7.63024e+11	0.00e+00	4.13e-43	5.06e-33	5.85e-24	9.95e-16	2.28e-08	1.00e+00	0.00e+00	0.00e+00	0.00e+00	0.00e+00	0.00e+00
 8.23472e+11	0.00e+00	0.00e+00	6.98e-33	7.45e-24	1.17e-15	2.47e-08	1.00e+00	0.00e+00	0.00e+00	0.00e+00	0.00e+00	0.00e+00
 8.86338e+11	0.00e+00	9.22e-43	9.62e-33	9.49e-24	1.38e-15	2.68e-08	1.00e+00	0.00e+00	0.00e+00	0.00e+00	0.00e+00	0.00e+00
 9.51718e+11	0.00e+00	0.00e+00	1.33e-32	1.21e-23	1.62e-15	2.91e-08	1.00e+00	0.00e+00	0.00e+00	0.00e+00	0.00e+00	0.00e+00
 1.01971e+12	0.00e+00	2.06e-42	1.83e-32	1.54e-23	1.91e-15	3.16e-08	1.00e+00	0.00e+00	0.00e+00	0.00e+00	0.00e+00	0.00e+00
 1.09043e+12	0.00e+00	0.00e+00	2.53e-32	1.97e-23	2.24e-15	3.43e-08	1.00e+00	0.00e+00	0.00e+00	0.00e+00	0.00e+00	0.00e+00
 1.16397e+12	0.00e+00	4.61e-42	3.49e-32	2.51e-23	2.64e-15	3.72e-08	1.00e+00	0.00e+00	0.00e+00	0.00e+00	0.00e+00	0.00e+00
 1.24046e+12	0.00e+00	0.00e+00	4.83e-32	3.20e-23	3.11e-15	4.04e-08	1.00e+00	0.00e+00	0.00e+00	0.00e+00	0.00e+00	0.00e+00
 1.32000e+12	0.00e+00	1.04e-41	6.67e-32	4.09e-23	3.67e-15	4.39e-08	1.00e+00	0.00e+00	0.00e+00	0.00e+00	0.00e+00	0.00e+00
 1.39494e+12	0.00e+00	0.00e+00	8.96e-32	5.11e-23	4.26e-15	4.73e-08	1.00e+00	0.00e+00	0.00e+00	0.00e+00	0.00e+00	0.00e+00
 1.46218e+12	0.00e+00	2.06e-41	1.16e-31	6.20e-23	4.86e-15	5.05e-08	1.00e+00	0.00e+00	0.00e+00	0.00e+00	0.00e+00	0.00e+00
 1.53776e+12	0.00e+00	0.00e+00	1.53e-31	7.65e-23	5.60e-15	5.43e-08	1.00e+00	0.00e+00	0.00e+00	0.00e+00	0.00e+00	0.00e+00
 1.62705e+12	0.00e+00	4.34e-41	2.10e-31	9.74e-23	6.59e-15	5.89e-08	1.00e+00	0.00e+00	0.00e+00	0.00e+00	0.00e+00	0.00e+00
 1.71667e+12	0.00e+00	0.00e+00	2.87e-31	1.23e-22	7.72e-15	6.38e-08	1.00e+00	0.00e+00	0.00e+00	0.00e+00	0.00e+00	0.00e+00
 1.80112e+12	0.00e+00	9.06e-41	3.80e-31	1.52e-22	8.90e-15	6.86e-08	1.00e+00	0.00e+00	0.00e+00	0.00e+00	0.00e+00	0.00e+00
 1.89433e+12	0.00e+00	0.00e+00	5.13e-31	1.91e-22	1.04e-14	7.42e-08	1.00e+00	0.00e+00	0.00e+00	0.00e+00	0.00e+00	0.00e+00
 2.00003e+12	0.00e+00	1.99e-40	7.13e-31	2.45e-22	1.23e-14	8.08e-08	1.00e+00	0.00e+00	0.00e+00	0.00e+00	0.00e+00	0.00e+00
 2.10599e+12	0.00e+00	0.00e+00	9.79e-31	3.12e-22	1.45e-14	8.77e-08	1.00e+00	0.00e+00	0.00e+00	0.00e+00	0.00e+00	0.00e+00
 2.21618e+12	0.00e+00	4.39e-40	1.35e-30	3.97e-22	1.71e-14	9.53e-08	1.00e+00	0.00e+00	0.00e+00	0.00e+00	0.00e+00	0.00e+00
 2.33475e+12	0.00e+00	0.00e+00	1.87e-30	5.11e-22	2.02e-14	1.04e-07	1.00e+00	0.00e+00	0.00e+00	0.00e+00	0.00e+00	0.00e+00
 2.44596e+12	0.00e+00	9.60e-40	2.53e-30	6.41e-22	2.36e-14	1.12e-07	1.00e+00	0.00e+00	0.00e+00	0.00e+00	0.00e+00	0.00e+00
 2.54526e+12	0.00e+00	0.00e+00	3.27e-30	7.80e-22	2.70e-14	1.20e-07	1.00e+00	0.00e+00	0.00e+00	0.00e+00	0.00e+00	0.00e+00
 2.65691e+12	0.00e+00	1.88e-39	4.34e-30	9.67e-22	3.12e-14	1.30e-07	1.00e+00	0.00e+00	0.00e+00	0.00e+00	0.00e+00	0.00e+00
 2.78939e+12	0.00e+00	0.00e+00	6.00e-30	1.24e-21	3.70e-14	1.41e-07	1.00e+00	0.00e+00	0.00e+00	0.00e+00	0.00e+00	0.00e+00
 2.92244e+12	0.00e+00	4.16e-39	8.21e-30	1.57e-21	4.35e-14	1.53e-07	1.00e+00	0.00e+00	0.00e+00	0.00e+00	0.00e+00	0.00e+00
 3.04699e+12	0.00e+00	0.00e+00	1.09e-29	1.95e-21	5.05e-14	1.66e-07	1.00e+00	0.00e+00	0.00e+00	0.00e+00	0.00e+00	0.00e+00
 3.18498e+12	0.00e+00	8.64e-39	1.48e-29	2.46e-21	5.92e-14	1.80e-07	1.00e+00	0.00e+00	0.00e+00	0.00e+00	0.00e+00	0.00e+00
 3.34230e+12	0.00e+00	0.00e+00	2.06e-29	3.18e-21	7.05e-14	1.96e-07	1.00e+00	0.00e+00	0.00e+00	0.00e+00	0.00e+00	0.00e+00
 3.49707e+12	0.00e+00	1.94e-38	2.83e-29	4.05e-21	8.34e-14	2.14e-07	1.00e+00	0.00e+00	0.00e+00	0.00e+00	0.00e+00	0.00e+00
 3.64618e+12	0.00e+00	0.00e+00	3.81e-29	5.08e-21	9.74e-14	2.32e-07	1.00e+00	0.00e+00	0.00e+00	0.00e+00	0.00e+00	0.00e+00
 3.81011e+12	0.00e+00	4.11e-38	5.21e-29	6.46e-21	1.15e-13	2.52e-07	1.00e+00	0.00e+00	0.00e+00	0.00e+00	0.00e+00	0.00e+00
 3.99244e+12	0.00e+00	0.00e+00	7.28e-29	8.36e-21	1.37e-13	2.77e-07	1.00e+00	0.00e+00	0.00e+00	0.00e+00	0.00e+00	0.00e+00
 4.17663e+12	0.00e+00	9.32e-38	1.01e-28	1.07e-20	1.64e-13	3.03e-07	1.00e+00	0.00e+00	0.00e+00	0.00e+00	0.00e+00	0.00e+00
 4.36818e+12	0.00e+00	0.00e+00	1.40e-28	1.38e-20	1.95e-13	3.31e-07	1.00e+00	0.00e+00	0.00e+00	0.00e+00	0.00e+00	0.00e+00
 4.56605e+12	0.00e+00	2.08e-37	1.93e-28	1.77e-20	2.32e-13	3.63e-07	1.00e+00	0.00e+00	0.00e+00	0.00e+00	0.00e+00	0.00e+00
 4.76108e+12	0.00e+00	0.00e+00	2.63e-28	2.25e-20	2.74e-13	3.96e-07	1.00e+00	0.00e+00	0.00e+00	0.00e+00	0.00e+00	0.00e+00
 4.97069e+12	0.00e+00	4.49e-37	3.61e-28	2.88e-20	3.26e-13	4.33e-07	1.00e+00	0.00e+00	0.00e+00	0.00e+00	0.00e+00	0.00e+00
 5.19944e+12	0.00e+00	0.00e+00	5.05e-28	3.73e-20	3.92e-13	4.76e-07	1.00e+00	0.00e+00	0.00e+00	0.00e+00	0.00e+00	0.00e+00
 5.43735e+12	0.00e+00	1.02e-36	7.04e-28	4.84e-20	4.70e-13	5.24e-07	1.00e+00	0.00e+00	0.00e+00	0.00e+00	0.00e+00	0.00e+00
 5.68477e+12	0.00e+00	0.00e+00	9.81e-28	6.27e-20	5.65e-13	5.77e-07	1.00e+00	0.00e+00	0.00e+00	0.00e+00	0.00e+00	0.00e+00
 5.94208e+12	0.00e+00	2.29e-36	1.37e-27	8.12e-20	6.79e-13	6.36e-07	1.00e+00	0.00e+00	0.00e+00	0.00e+00	0.00e+00	0.00e+00
 6.17505e+12	1.06e-45	3.25e-36	1.82e-27	1.02e-19	7.98e-13	6.93e-07	1.00e+00	0.00e+00	0.00e+00	0.00e+00	0.00e+00	0.00e+00
 6.36955e+12	0.00e+00	0.00e+00	2.30e-27	1.22e-19	9.09e-13	7.42e-07	1.00e+00	0.00e+00	0.00e+00	0.00e+00	0.00e+00	0.00e+00
 6.58278e+12	0.00e+00	5.82e-36	2.94e-27	1.48e-19	1.04e-12	7.99e-07	1.00e+00	0.00e+00	0.00e+00	0.00e+00	0.00e+00	0.00e+00
 6.85234e+12	3.28e-45	8.38e-36	3.96e-27	1.88e-19	1.24e-12	8.75e-07	1.00e+00	0.00e+00	0.00e+00	0.00e+00	0.00e+00	0.00e+00
 7.13336e+12	0.00e+00	0.00e+00	5.35e-27	2.38e-19	1.47e-12	9.59e-07	1.00e+00	0.00e+00	0.00e+00	0.00e+00	0.00e+00	0.00e+00
 7.37224e+12	0.00e+00	1.62e-35	6.83e-27	2.89e-19	1.69e-12	1.03e-06	1.00e+00	0.00e+00	0.00e+00	0.00e+00	0.00e+00	0.00e+00
 7.61808e+12	1.02e-44	2.17e-35	8.72e-27	3.51e-19	1.94e-12	1.12e-06	1.00e+00	0.00e+00	0.00e+00	0.00e+00	0.00e+00	0.00e+00
 7.92714e+12	0.00e+00	0.00e+00	1.17e-26	4.43e-19	2.31e-12	1.22e-06	1.00e+00	0.00e+00	0.00e+00	0.00e+00	0.00e+00	0.00e+00
 8.24108e+12	0.00e+00	4.37e-35	1.56e-26	5.57e-19	2.72e-12	1.34e-06	1.00e+00	0.00e+00	0.00e+00	0.00e+00	0.00e+00	0.00e+00
 8.51109e+12	3.26e-44	5.80e-35	1.97e-26	6.73e-19	3.13e-12	1.44e-06	1.00e+00	0.00e+00	0.00e+00	0.00e+00	0.00e+00	0.00e+00
 8.80130e+12	0.00e+00	7.78e-35	2.52e-26	8.19e-19	3.61e-12	1.56e-06	1.00e+00	0.00e+00	0.00e+00	0.00e+00	0.00e+00	0.00e+00
 9.15961e+12	6.96e-44	1.10e-34	3.37e-26	1.03e-18	4.28e-12	1.71e-06	1.00e+00	0.00e+00	0.00e+00	0.00e+00	0.00e+00	0.00e+00
 9.52674e+12	0.00e+00	1.55e-34	4.48e-26	1.30e-18	5.06e-12	1.88e-06	1.00e+00	0.00e+00	0.00e+00	0.00e+00	0.00e+00	0.00e+00
 9.85861e+12	1.47e-43	2.08e-34	5.74e-26	1.59e-18	5.86e-12	2.03e-06	1.00e+00	0.00e+00	0.00e+00	0.00e+00	0.00e+00	0.00e+00
 1.02243e+13	0.00e+00	2.84e-34	7.47e-26	1.96e-18	6.84e-12	2.22e-06	1.00e+00	0.00e+00	0.00e+00	0.00e+00	0.00e+00	0.00e+00
 1.06546e+13	3.21e-43	4.03e-34	1.00e-25	2.49e-18	8.14e-12	2.44e-06	1.00e+00	0.00e+00	0.00e+00	0.00e+00	0.00e+00	0.00e+00
 1.10850e+13	0.00e+00	5.64e-34	1.33e-25	3.13e-18	9.63e-12	2.68e-06	1.00e+00	0.00e+00	0.00e+00	0.00e+00	0.00e+00	0.00e+00
 1.14944e+13	6.80e-43	7.66e-34	1.72e-25	3.86e-18	1.12e-11	2.91e-06	1.00e+00	0.00e+00	0.00e+00	0.00e+00	0.00e+00	0.00e+00
 1.19460e+13	0.00e+00	1.06e-33	2.26e-25	4.82e-18	1.32e-11	3.19e-06	1.00e+00	0.00e+00	0.00e+00	0.00e+00	0.00e+00	0.00e+00
 1.24537e+13	1.49e-42	1.50e-33	3.04e-25	6.12e-18	1.57e-11	3.51e-06	1.00e+00	0.00e+00	0.00e+00	0.00e+00	0.00e+00	0.00e+00
 1.29106e+13	0.00e+00	2.02e-33	3.92e-25	7.53e-18	1.82e-11	3.82e-06	1.00e+00	0.00e+00	0.00e+00	0.00e+00	0.00e+00	0.00e+00
 1.32876e+13	2.80e-42	2.57e-33	4.80e-25	8.88e-18	2.05e-11	4.08e-06	1.00e+00	0.00e+00	0.00e+00	0.00e+00	0.00e+00	0.00e+00
 1.36994e+13	0.00e+00	3.31e-33	5.95e-25	1.06e-17	2.33e-11	4.38e-06	1.00e+00	0.00e+00	0.00e+00	0.00e+00	0.00e+00	0.00e+00
 1.42257e+13	5.42e-42	4.53e-33	7.76e-25	1.31e-17	2.72e-11	4.78e-06	1.00e+00	0.00e+00	0.00e+00	0.00e+00	0.00e+00	0.00e+00
 1.47571e+13	0.00e+00	6.12e-33	1.00e-24	1.62e-17	3.17e-11	5.20e-06	1.00e+00	0.00e+00	0.00e+00	0.00e+00	0.00e+00	0.00e+00
 1.51966e+13	1.02e-41	7.80e-33	1.23e-24	1.91e-17	3.57e-11	5.57e-06	1.00e+00	0.00e+00	0.00e+00	0.00e+00	0.00e+00	0.00e+00
 1.56603e+13	0.00e+00	1.00e-32	1.52e-24	2.27e-17	4.04e-11	5.96e-06	1.00e+00	0.00e+00	0.00e+00	0.00e+00	0.00e+00	0.00e+00
 1.62559e+13	1.95e-41	1.36e-32	1.98e-24	2.81e-17	4.71e-11	6.50e-06	1.00e+00	0.00e+00	0.00e+00	0.00e+00	0.00e+00	0.00e+00
 1.68805e+13	0.00e+00	1.85e-32	2.58e-24	3.48e-17	5.49e-11	7.09e-06	1.00e+00	0.00e+00	0.00e+00	0.00e+00	0.00e+00	0.00e+00
 1.74274e+13	3.79e-41	2.41e-32	3.22e-24	4.17e-17	6.25e-11	7.62e-06	1.00e+00	0.00e+00	0.00e+00	0.00e+00	0.00e+00	0.00e+00
 1.80155e+13	0.00e+00	3.17e-32	4.07e-24	5.05e-17	7.15e-11	8.22e-06	1.00e+00	0.00e+00	0.00e+00	0.00e+00	0.00e+00	0.00e+00
 1.87298e+13	7.53e-41	4.36e-32	5.34e-24	6.30e-17	8.38e-11	8.98e-06	1.00e+00	0.00e+00	0.00e+00	0.00e+00	0.00e+00	0.00e+00
 1.94213e+13	0.00e+00	5.88e-32	6.89e-24	7.75e-17	9.70e-11	9.76e-06	1.00e+00	0.00e+00	0.00e+00	0.00e+00	0.00e+00	0.00e+00
 2.00030e+13	1.41e-40	7.50e-32	8.48e-24	9.17e-17	1.09e-10	1.04e-05	1.00e+00	0.00e+00	0.00e+00	0.00e+00	0.00e+00	0.00e+00
 2.06290e+13	0.00e+00	9.68e-32	1.05e-23	1.09e-16	1.24e-10	1.12e-05	1.00e+00	0.00e+00	0.00e+00	0.00e+00	0.00e+00	0.00e+00
 2.14175e+13	2.70e-40	1.32e-31	1.37e-23	1.35e-16	1.44e-10	1.22e-05	1.00e+00	0.00e+00	0.00e+00	0.00e+00	0.00e+00	0.00e+00
 2.22269e+13	0.00e+00	1.79e-31	1.78e-23	1.68e-16	1.67e-10	1.32e-05	1.00e+00	0.00e+00	0.00e+00	0.00e+00	0.00e+00	0.00e+00
 2.29313e+13	5.19e-40	2.32e-31	2.22e-23	2.00e-16	1.89e-10	1.42e-05	1.00e+00	0.00e+00	0.00e+00	0.00e+00	0.00e+00	0.00e+00
 2.36893e+13	0.00e+00	3.04e-31	2.80e-23	2.41e-16	2.15e-10	1.53e-05	1.00e+00	0.00e+00	0.00e+00	0.00e+00	0.00e+00	0.00e+00
 2.46151e+13	1.03e-39	4.18e-31	3.67e-23	3.01e-16	2.51e-10	1.67e-05	1.00e+00	0.00e+00	0.00e+00	0.00e+00	0.00e+00	0.00e+00
 2.55464e+13	0.00e+00	5.70e-31	4.78e-23	3.72e-16	2.91e-10	1.81e-05	1.00e+00	0.00e+00	0.00e+00	0.00e+00	0.00e+00	0.00e+00
 2.63773e+13	2.00e-39	7.46e-31	6.01e-23	4.47e-16	3.30e-10	1.94e-05	1.00e+00	0.00e+00	0.00e+00	0.00e+00	0.00e+00	0.00e+00
 2.72904e+13	0.00e+00	9.96e-31	7.68e-23	5.44e-16	3.78e-10	2.10e-05	1.00e+00	0.00e+00	0.00e+00	0.00e+00	0.00e+00	0.00e+00
 2.83775e+13	4.07e-39	1.38e-30	1.02e-22	6.82e-16	4.42e-10	2.29e-05	1.00e+00	0.00e+00	0.00e+00	0.00e+00	0.00e+00	0.00e+00
 2.94635e+13	0.00e+00	1.90e-30	1.33e-22	8.47e-16	5.13e-10	2.49e-05	1.00e+00	0.00e+00	0.00e+00	0.00e+00	0.00e+00	0.00e+00
 3.04728e+13	8.20e-39	2.54e-30	1.70e-22	1.03e-15	5.86e-10	2.68e-05	1.00e+00	0.00e+00	0.00e+00	0.00e+00	0.00e+00	0.00e+00
 3.16016e+13	0.00e+00	3.46e-30	2.21e-22	1.27e-15	6.76e-10	2.90e-05	1.00e+00	0.00e+00	0.00e+00	0.00e+00	0.00e+00	0.00e+00
 3.28956e+13	1.76e-38	4.91e-30	2.96e-22	1.60e-15	7.93e-10	3.17e-05	1.00e+00	0.00e+00	0.00e+00	0.00e+00	0.00e+00	0.00e+00
 3.41829e+13	0.00e+00	6.85e-30	3.92e-22	2.00e-15	9.23e-10	3.44e-05	1.00e+00	0.00e+00	0.00e+00	0.00e+00	0.00e+00	0.00e+00
 3.55217e+13	3.81e-38	9.57e-30	5.20e-22	2.50e-15	1.07e-09	3.74e-05	1.00e+00	0.00e+00	0.00e+00	0.00e+00	0.00e+00	0.00e+00
 3.69725e+13	0.00e+00	1.37e-29	7.00e-22	3.16e-15	1.26e-09	4.08e-05	1.00e+00	0.00e+00	0.00e+00	0.00e+00	0.00e+00	0.00e+00
 3.84813e+13	8.63e-38	1.94e-29	9.39e-22	3.99e-15	1.47e-09	4.45e-05	1.00e+00	0.00e+00	0.00e+00	0.00e+00	0.00e+00	0.00e+00
 3.99032e+13	0.00e+00	2.68e-29	1.23e-21	4.93e-15	1.70e-09	4.81e-05	1.00e+00	0.00e+00	0.00e+00	0.00e+00	0.00e+00	0.00e+00
 4.11837e+13	1.75e-37	3.56e-29	1.56e-21	5.93e-15	1.92e-09	5.15e-05	1.00e+00	0.00e+00	0.00e+00	0.00e+00	0.00e+00	0.00e+00
 4.23940e+13	0.00e+00	4.61e-29	1.94e-21	7.02e-15	2.16e-09	5.47e-05	1.00e+00	0.00e+00	0.00e+00	0.00e+00	0.00e+00	0.00e+00
 4.37337e+13	3.30e-37	6.12e-29	2.45e-21	8.42e-15	2.44e-09	5.84e-05	1.00e+00	0.00e+00	0.00e+00	0.00e+00	0.00e+00	0.00e+00
 4.52366e+13	0.00e+00	8.34e-29	3.16e-21	1.03e-14	2.79e-09	6.28e-05	1.00e+00	0.00e+00	0.00e+00	0.00e+00	0.00e+00	0.00e+00
 4.66639e+13	6.57e-37	1.11e-28	3.99e-21	1.23e-14	3.15e-09	6.70e-05	1.00e+00	0.00e+00	0.00e+00	0.00e+00	0.00e+00	0.00e+00
 4.82317e+13	0.00e+00	1.50e-28	5.13e-21	1.50e-14	3.59e-09	7.19e-05	1.00e+00	0.00e+00	0.00e+00	0.00e+00	0.00e+00	0.00e+00
 4.99862e+13	1.39e-36	2.09e-28	6.74e-21	1.85e-14	4.13e-09	7.74e-05	1.00e+00	0.00e+00	0.00e+00	0.00e+00	0.00e+00	0.00e+00
 5.16141e+13	0.00e+00	2.80e-28	8.60e-21	2.23e-14	4.68e-09	8.28e-05	1.00e+00	0.00e+00	0.00e+00	0.00e+00	0.00e+00	0.00e+00
 5.31207e+13	2.68e-36	3.67e-28	1.07e-20	2.64e-14	5.25e-09	8.79e-05	1.00e+00	0.00e+00	0.00e+00	0.00e+00	0.00e+00	0.00e+00
 5.48393e+13	0.00e+00	4.94e-28	1.37e-20	3.18e-14	5.95e-09	9.39e-05	1.00e+00	0.00e+00	0.00e+00	0.00e+00	0.00e+00	0.00e+00
 5.69418e+13	5.80e-36	7.05e-28	1.83e-20	3.97e-14	6.90e-09	1.01e-04	1.00e+00	0.00e+00	0.00e+00	0.00e+00	0.00e+00	0.00e+00
 5.90392e+13	0.00e+00	9.87e-28	2.41e-20	4.92e-14	7.96e-09	1.09e-04	1.00e+00	0.00e+00	0.00e+00	0.00e+00	0.00e+00	0.00e+00
 6.08667e+13	1.21e-35	1.32e-27	3.06e-20	5.89e-14	8.98e-09	1.16e-04	1.00e+00	0.00e+00	0.00e+00	0.00e+00	0.00e+00	0.00e+00
 6.28477e+13	0.00e+00	1.79e-27	3.92e-20	7.12e-14	1.02e-08	1.24e-04	1.00e+00	0.00e+00	0.00e+00	0.00e+00	0.00e+00	0.00e+00
 6.52617e+13	2.69e-35	2.58e-27	5.26e-20	8.89e-14	1.18e-08	1.34e-04	1.00e+00	0.00e+00	0.00e+00	0.00e+00	0.00e+00	0.00e+00
 6.77181e+13	4.06e-35	3.66e-27	7.00e-20	1.11e-13	1.37e-08	1.45e-04	1.00e+00	0.00e+00	0.00e+00	0.00e+00	0.00e+00	0.00e+00
 6.99426e+13	5.90e-35	5.00e-27	9.02e-20	1.34e-13	1.55e-08	1.54e-04	1.00e+00	0.00e+00	0.00e+00	0.00e+00	0.00e+00	0.00e+00
 7.23860e+13	8.79e-35	6.99e-27	1.18e-19	1.64e-13	1.78e-08	1.65e-04	1.00e+00	0.00e+00	0.00e+00	0.00e+00	0.00e+00	0.00e+00
 7.52574e+13	1.39e-34	1.02e-26	1.60e-19	2.07e-13	2.08e-08	1.79e-04	1.00e+00	0.00e+00	0.00e+00	0.00e+00	0.00e+00	0.00e+00
 7.81171e+13	2.12e-34	1.46e-26	2.15e-19	2.58e-13	2.41e-08	1.93e-04	1.00e+00	0.00e+00	0.00e+00	0.00e+00	0.00e+00	0.00e+00
 8.08105e+13	3.16e-34	2.04e-26	2.81e-19	3.15e-13	2.75e-08	2.06e-04	1.00e+00	0.00e+00	0.00e+00	0.00e+00	0.00e+00	0.00e+00
 8.37921e+13	4.84e-34	2.92e-26	3.74e-19	3.91e-13	3.18e-08	2.21e-04	1.00e+00	0.00e+00	0.00e+00	0.00e+00	0.00e+00	0.00e+00
 8.71737e+13	7.76e-34	4.32e-26	5.12e-19	4.95e-13	3.71e-08	2.39e-04	1.00e+00	0.00e+00	0.00e+00	0.00e+00	0.00e+00	0.00e+00
 9.05807e+13	1.21e-33	6.27e-26	6.92e-19	6.21e-13	4.32e-08	2.58e-04	1.00e+00	0.00e+00	0.00e+00	0.00e+00	0.00e+00	0.00e+00
 9.41239e+13	1.91e-33	9.18e-26	9.39e-19	7.80e-13	5.03e-08	2.79e-04	1.00e+00	0.00e+00	0.00e+00	0.00e+00	0.00e+00	0.00e+00
 9.79188e+13	3.08e-33	1.36e-25	1.29e-18	9.87e-13	5.89e-08	3.01e-04	1.00e+00	0.00e+00	0.00e+00	0.00e+00	0.00e+00	0.00e+00
 1.01865e+14	4.92e-33	2.01e-25	1.76e-18	1.25e-12	6.88e-08	3.25e-04	1.00e+00	0.00e+00	0.00e+00	0.00e+00	0.00e+00	0.00e+00
 1.05679e+14	7.54e-33	2.88e-25	2.35e-18	1.55e-12	7.96e-08	3.50e-04	1.00e+00	0.00e+00	0.00e+00	0.00e+00	0.00e+00	0.00e+00
 1.09258e+14	1.13e-32	4.02e-25	3.07e-18	1.89e-12	9.08e-08	3.74e-04	1.00e+00	0.00e+00	0.00e+00	0.00e+00	0.00e+00	0.00e+00
 1.12643e+14	1.63e-32	5.46e-25	3.92e-18	2.27e-12	1.03e-07	3.97e-04	1.00e+00	0.00e+00	0.00e+00	0.00e+00	0.00e+00	0.00e+00
 1.16344e+14	2.39e-32	7.52e-25	5.07e-18	2.75e-12	1.17e-07	4.23e-04	1.00e+00	0.00e+00	0.00e+00	0.00e+00	0.00e+00	0.00e+00
 1.20450e+14	3.58e-32	1.05e-24	6.67e-18	3.39e-12	1.34e-07	4.53e-04	1.00e+00	0.00e+00	0.00e+00	0.00e+00	0.00e+00	0.00e+00
 1.24284e+14	5.21e-32	1.44e-24	8.57e-18	4.08e-12	1.51e-07	4.81e-04	1.00e+00	0.00e+00	0.00e+00	0.00e+00	0.00e+00	0.00e+00
 1.28466e+14	7.79e-32	2.01e-24	1.12e-17	4.97e-12	1.73e-07	5.14e-04	9.99e-01	0.00e+00	0.00e+00	0.00e+00	0.00e+00	0.00e+00
 1.33462e+14	1.22e-31	2.93e-24	1.51e-17	6.24e-12	2.01e-07	5.54e-04	9.99e-01	0.00e+00	0.00e+00	0.00e+00	0.00e+00	0.00e+00
 1.38390e+14	1.85e-31	4.15e-24	2.01e-17	7.74e-12	2.32e-07	5.95e-04	9.99e-01	0.00e+00	0.00e+00	0.00e+00	0.00e+00	0.00e+00
 1.42833e+14	2.70e-31	5.69e-24	2.59e-17	9.34e-12	2.63e-07	6.33e-04	9.99e-01	0.00e+00	0.00e+00	0.00e+00	0.00e+00	0.00e+00
 1.47772e+14	4.07e-31	8.00e-24	3.40e-17	1.14e-11	3.01e-07	6.77e-04	9.99e-01	0.00e+00	0.00e+00	0.00e+00	0.00e+00	0.00e+00
 1.53590e+14	6.33e-31	1.16e-23	4.61e-17	1.44e-11	3.51e-07	7.31e-04	9.99e-01	0.00e+00	0.00e+00	0.00e+00	0.00e+00	0.00e+00
 1.59469e+14	9.97e-31	1.69e-23	6.23e-17	1.80e-11	4.07e-07	7.87e-04	9.99e-01	0.00e+00	0.00e+00	0.00e+00	0.00e+00	0.00e+00
 1.65584e+14	1.52e-30	2.42e-23	8.37e-17	2.25e-11	4.73e-07	8.50e-04	9.99e-01	0.00e+00	0.00e+00	0.00e+00	0.00e+00	0.00e+00
 1.71636e+14	2.35e-30	3.47e-23	1.12e-16	2.79e-11	5.45e-07	9.11e-04	9.99e-01	0.00e+00	0.00e+00	0.00e+00	0.00e+00	0.00e+00
 1.76963e+14	3.30e-30	4.63e-23	1.42e-16	3.35e-11	6.15e-07	9.70e-04	9.99e-01	0.00e+00	0.00e+00	0.00e+00	0.00e+00	0.00e+00
 1.82797e+14	4.87e-30	6.40e-23	1.84e-16	4.06e-11	7.00e-07	1.03e-03	9.99e-01	0.00e+00	0.00e+00	0.00e+00	0.00e+00	0.00e+00
 1.89831e+14	7.44e-30	9.17e-23	2.47e-16	5.09e-11	8.13e-07	1.12e-03	9.99e-01	0.00e+00	0.00e+00	0.00e+00	0.00e+00	0.00e+00
 1.96833e+14	1.13e-29	1.30e-22	3.30e-16	6.31e-11	9.39e-07	1.20e-03	9.99e-01	0.00e+00	0.00e+00	0.00e+00	0.00e+00	0.00e+00
 2.03105e+14	1.62e-29	1.76e-22	4.23e-16	7.61e-11	1.06e-06	1.28e-03	9.99e-01	0.00e+00	0.00e+00	0.00e+00	0.00e+00	0.00e+00
 2.10022e+14	2.41e-29	2.46e-22	5.52e-16	9.29e-11	1.21e-06	1.36e-03	9.99e-01	0.00e+00	0.00e+00	0.00e+00	0.00e+00	0.00e+00
 2.18226e+14	3.68e-29	3.53e-22	7.46e-16	1.17e-10	1.41e-06	1.48e-03	9.99e-01	0.00e+00	0.00e+00	0.00e+00	0.00e+00	0.00e+00
 2.26315e+14	5.66e-29	5.06e-22	9.96e-16	1.45e-10	1.63e-06	1.59e-03	9.98e-01	0.00e+00	0.00e+00	0.00e+00	0.00e+00	0.00e+00
 2.33723e+14	8.05e-29	6.83e-22	1.28e-15	1.76e-10	1.86e-06	1.69e-03	9.98e-01	0.00e+00	0.00e+00	0.00e+00	0.00e+00	0.00e+00
 2.42035e+14	1.22e-28	9.64e-22	1.69e-15	2.16e-10	2.13e-06	1.82e-03	9.98e-01	0.00e+00	0.00e+00	0.00e+00	0.00e+00	0.00e+00
 2.51682e+14	1.86e-28	1.39e-21	2.30e-15	2.73e-10	2.49e-06	1.97e-03	9.98e-01	0.00e+00	0.00e+00	0.00e+00	0.00e+00	0.00e+00
 2.61123e+14	2.83e-28	1.98e-21	3.09e-15	3.40e-10	2.89e-06	2.12e-03	9.98e-01	0.00e+00	0.00e+00	0.00e+00	0.00e+00	0.00e+00
 2.70052e+14	4.19e-28	2.75e-21	4.03e-15	4.16e-10	3.30e-06	2.27e-03	9.98e-01	0.00e+00	0.00e+00	0.00e+00	0.00e+00	0.00e+00
 2.79995e+14	6.29e-28	3.88e-21	5.36e-15	5.16e-10	3.81e-06	2.44e-03	9.98e-01	0.00e+00	0.00e+00	0.00e+00	0.00e+00	0.00e+00
 2.91224e+14	9.60e-28	5.58e-21	7.30e-15	6.52e-10	4.45e-06	2.64e-03	9.97e-01	0.00e+00	0.00e+00	0.00e+00	0.00e+00	0.00e+00
 3.02473e+14	1.50e-27	8.11e-21	9.86e-15	8.18e-10	5.18e-06	2.85e-03	9.97e-01	0.00e+00	0.00e+00	0.00e+00	0.00e+00	0.00e+00
 3.13058e+14	2.16e-27	1.11e-20	1.29e-14	1.00e-09	5.93e-06	3.05e-03	9.97e-01	0.00e+00	0.00e+00	0.00e+00	0.00e+00	0.00e+00
 3.24497e+14	3.29e-27	1.58e-20	1.72e-14	1.24e-09	6.84e-06	3.28e-03	9.97e-01	0.00e+00	0.00e+00	0.00e+00	0.00e+00	0.00e+00
 3.37507e+14	4.98e-27	2.26e-20	2.34e-14	1.57e-09	8.00e-06	3.55e-03	9.96e-01	0.00e+00	0.00e+00	0.00e+00	0.00e+00	0.00e+00
 3.49781e+14	7.43e-27	3.17e-20	3.10e-14	1.94e-09	9.22e-06	3.82e-03	9.96e-01	0.00e+00	0.00e+00	0.00e+00	0.00e+00	0.00e+00
 3.60850e+14	1.06e-26	4.29e-20	3.97e-14	2.34e-09	1.04e-05	4.06e-03	9.96e-01	0.00e+00	0.00e+00	0.00e+00	0.00e+00	0.00e+00
 3.71361e+14	1.46e-26	5.62e-20	4.98e-14	2.78e-09	1.17e-05	4.30e-03	9.96e-01	0.00e+00	0.00e+00	0.00e+00	0.00e+00	0.00e+00
 3.83054e+14	2.02e-26	7.45e-20	6.35e-14	3.34e-09	1.32e-05	4.58e-03	9.95e-01	0.00e+00	0.00e+00	0.00e+00	0.00e+00	0.00e+00
 3.96059e+14	2.98e-26	1.03e-19	8.28e-14	4.07e-09	1.51e-05	4.90e-03	9.95e-01	0.00e+00	0.00e+00	0.00e+00	0.00e+00	0.00e+00
 4.08302e+14	4.06e-26	1.35e-19	1.05e-13	4.89e-09	1.70e-05	5.22e-03	9.95e-01	0.00e+00	0.00e+00	0.00e+00	0.00e+00	0.00e+00
 4.21753e+14	5.84e-26	1.84e-19	1.36e-13	5.93e-09	1.94e-05	5.57e-03	9.94e-01	0.00e+00	0.00e+00	0.00e+00	0.00e+00	0.00e+00
 4.36812e+14	8.71e-26	2.58e-19	1.79e-13	7.30e-09	2.23e-05	5.97e-03	9.94e-01	0.00e+00	0.00e+00	0.00e+00	0.00e+00	0.00e+00
 4.51067e+14	1.21e-25	3.44e-19	2.31e-13	8.84e-09	2.53e-05	6.38e-03	9.94e-01	0.00e+00	0.00e+00	0.00e+00	0.00e+00	0.00e+00
 4.66704e+14	1.79e-25	4.80e-19	3.02e-13	1.08e-08	2.90e-05	6.82e-03	9.93e-01	0.00e+00	0.00e+00	0.00e+00	0.00e+00	0.00e+00
 4.83974e+14	2.58e-25	6.61e-19	4.01e-13	1.34e-08	3.35e-05	7.35e-03	9.93e-01	0.00e+00	0.00e+00	0.00e+00	0.00e+00	0.00e+00
 4.99864e+14	3.70e-25	8.98e-19	5.18e-13	1.63e-08	3.80e-05	7.84e-03	9.92e-01	0.00e+00	0.00e+00	0.00e+00	0.00e+00	0.00e+00
 5.17018e+14	5.41e-25	1.24e-18	6.76e-13	1.99e-08	4.35e-05	8.39e-03	9.92e-01	0.00e+00	0.00e+00	0.00e+00	0.00e+00	0.00e+00
 5.36239e+14	7.82e-25	1.71e-18	9.00e-13	2.48e-08	5.02e-05	9.04e-03	9.91e-01	0.00e+00	0.00e+00	0.00e+00	0.00e+00	0.00e+00
 5.54345e+14	1.14e-24	2.36e-18	1.17e-12	3.02e-08	5.73e-05	9.66e-03	9.90e-01	0.00e+00	0.00e+00	0.00e+00	0.00e+00	0.00e+00
 5.74078e+14	1.62e-24	3.21e-18	1.54e-12	3.71e-08	6.58e-05	1.04e-02	9.90e-01	0.00e+00	0.00e+00	0.00e+00	0.00e+00	0.00e+00
 5.95961e+14	2.48e-24	4.60e-18	2.06e-12	4.64e-08	7.63e-05	1.12e-02	9.89e-01	0.00e+00	0.00e+00	0.00e+00	0.00e+00	0.00e+00
 6.16424e+14	3.47e-24	6.19e-18	2.68e-12	5.67e-08	8.72e-05	1.20e-02	9.88e-01	0.00e+00	0.00e+00	0.00e+00	0.00e+00	0.00e+00
 6.38696e+14	5.13e-24	8.65e-18	3.55e-12	7.00e-08	1.00e-04	1.29e-02	9.87e-01	0.00e+00	0.00e+00	0.00e+00	0.00e+00	0.00e+00
 6.63593e+14	7.49e-24	1.21e-17	4.78e-12	8.78e-08	1.17e-04	1.39e-02	9.86e-01	0.00e+00	0.00e+00	0.00e+00	0.00e+00	0.00e+00
 6.87168e+14	1.10e-23	1.68e-17	6.28e-12	1.08e-07	1.34e-04	1.50e-02	9.85e-01	0.00e+00	0.00e+00	0.00e+00	0.00e+00	0.00e+00
 7.12366e+14	1.57e-23	2.30e-17	8.30e-12	1.34e-07	1.54e-04	1.61e-02	9.84e-01	0.00e+00	0.00e+00	0.00e+00	0.00e+00	0.00e+00
 7.40890e+14	2.40e-23	3.31e-17	1.13e-11	1.69e-07	1.80e-04	1.75e-02	9.82e-01	0.00e+00	0.00e+00	0.00e+00	0.00e+00	0.00e+00
 7.69050e+14	3.46e-23	4.59e-17	1.51e-11	2.11e-07	2.09e-04	1.89e-02	9.81e-01	0.00e+00	0.00e+00	0.00e+00	0.00e+00	0.00e+00
 7.96234e+14	4.98e-23	6.30e-17	1.97e-11	2.59e-07	2.39e-04	2.02e-02	9.80e-01	0.00e+00	0.00e+00	0.00e+00	0.00e+00	0.00e+00
 8.26010e+14	7.08e-23	8.64e-17	2.62e-11	3.22e-07	2.77e-04	2.19e-02	9.78e-01	0.00e+00	0.00e+00	0.00e+00	0.00e+00	0.00e+00
 8.59081e+14	1.05e-22	1.22e-16	3.55e-11	4.06e-07	3.23e-04	2.37e-02	9.76e-01	0.00e+00	0.00e+00	0.00e+00	0.00e+00	0.00e+00
 8.87249e+14	1.47e-22	1.64e-16	4.55e-11	4.91e-07	3.66e-04	2.53e-02	9.74e-01	0.00e+00	0.00e+00	0.00e+00	0.00e+00	0.00e+00
 9.08226e+14	1.84e-22	2.01e-16	5.45e-11	5.64e-07	4.01e-04	2.66e-02	9.73e-01	0.00e+00	0.00e+00	0.00e+00	0.00e+00	0.00e+00
 9.30462e+14	2.33e-22	2.48e-16	6.56e-11	6.51e-07	4.41e-04	2.80e-02	9.72e-01	0.00e+00	0.00e+00	0.00e+00	0.00e+00	0.00e+00
 9.59369e+14	3.13e-22	3.24e-16	8.29e-11	7.80e-07	4.97e-04	2.99e-02	9.70e-01	0.00e+00	0.00e+00	0.00e+00	0.00e+00	0.00e+00
 9.91004e+14	4.30e-22	4.30e-16	1.06e-10	9.45e-07	5.64e-04	3.20e-02	9.67e-01	0.00e+00	0.00e+00	0.00e+00	0.00e+00	0.00e+00
 1.01994e+15	5.72e-22	5.55e-16	1.33e-10	1.12e-06	6.31e-04	3.40e-02	9.65e-01	0.00e+00	0.00e+00	0.00e+00	0.00e+00	0.00e+00
 1.05130e+15	7.67e-22	7.23e-16	1.67e-10	1.34e-06	7.11e-04	3.62e-02	9.63e-01	0.00e+00	0.00e+00	0.00e+00	0.00e+00	0.00e+00
 1.09042e+15	1.08e-21	9.88e-16	2.21e-10	1.66e-06	8.19e-04	3.91e-02	9.60e-01	0.00e+00	0.00e+00	0.00e+00	0.00e+00	0.00e+00
 1.12949e+15	1.53e-21	1.35e-15	2.90e-10	2.04e-06	9.39e-04	4.21e-02	9.57e-01	0.00e+00	0.00e+00	0.00e+00	0.00e+00	0.00e+00
 1.16296e+15	2.03e-21	1.74e-15	3.63e-10	2.43e-06	1.05e-03	4.48e-02	9.54e-01	0.00e+00	0.00e+00	0.00e+00	0.00e+00	0.00e+00
 1.19926e+15	2.71e-21	2.27e-15	4.59e-10	2.91e-06	1.18e-03	4.78e-02	9.51e-01	0.00e+00	0.00e+00	0.00e+00	0.00e+00	0.00e+00
 1.24419e+15	3.84e-21	3.12e-15	6.08e-10	3.62e-06	1.37e-03	5.17e-02	9.47e-01	0.00e+00	0.00e+00	0.00e+00	0.00e+00	0.00e+00
 1.28980e+15	5.44e-21	4.29e-15	8.02e-10	4.47e-06	1.57e-03	5.57e-02	9.43e-01	0.00e+00	0.00e+00	0.00e+00	0.00e+00	0.00e+00
 1.33004e+15	7.32e-21	5.62e-15	1.02e-09	5.36e-06	1.77e-03	5.95e-02	9.39e-01	0.00e+00	0.00e+00	0.00e+00	0.00e+00	0.00e+00
 1.37380e+15	9.96e-21	7.46e-15	1.30e-09	6.48e-06	2.00e-03	6.37e-02	9.34e-01	0.00e+00	0.00e+00	0.00e+00	0.00e+00	0.00e+00
 1.42652e+15	1.44e-20	1.04e-14	1.74e-09	8.09e-06	2.31e-03	6.90e-02	9.29e-01	0.00e+00	0.00e+00	0.00e+00	0.00e+00	0.00e+00
 1.47877e+15	2.04e-20	1.43e-14	2.29e-09	1.00e-05	2.65e-03	7.44e-02	9.23e-01	0.00e+00	0.00e+00	0.00e+00	0.00e+00	0.00e+00
 1.52536e+15	2.72e-20	1.88e-14	2.91e-09	1.20e-05	2.98e-03	7.92e-02	9.18e-01	0.00e+00	0.00e+00	0.00e+00	0.00e+00	0.00e+00
 1.57672e+15	3.79e-20	2.53e-14	3.75e-09	1.46e-05	3.38e-03	8.49e-02	9.12e-01	0.00e+00	0.00e+00	0.00e+00	0.00e+00	0.00e+00
 1.63788e+15	5.50e-20	3.56e-14	5.03e-09	1.82e-05	3.91e-03	9.18e-02	9.04e-01	0.00e+00	0.00e+00	0.00e+00	0.00e+00	0.00e+00
 1.69868e+15	7.86e-20	4.94e-14	6.66e-09	2.25e-05	4.48e-03	9.89e-02	8.97e-01	0.00e+00	0.00e+00	0.00e+00	0.00e+00	0.00e+00
 1.75449e+15	1.07e-19	6.56e-14	8.55e-09	2.72e-05	5.06e-03	1.05e-01	8.89e-01	0.00e+00	0.00e+00	0.00e+00	0.00e+00	0.00e+00
 1.81693e+15	1.54e-19	9.11e-14	1.12e-08	3.33e-05	5.76e-03	1.13e-01	8.81e-01	0.00e+00	0.00e+00	0.00e+00	0.00e+00	0.00e+00
 1.88928e+15	2.26e-19	1.30e-13	1.51e-08	4.18e-05	6.67e-03	1.22e-01	8.71e-01	0.00e+00	0.00e+00	0.00e+00	0.00e+00	0.00e+00
 1.96044e+15	3.29e-19	1.82e-13	2.02e-08	5.18e-05	7.65e-03	1.31e-01	8.61e-01	0.00e+00	0.00e+00	0.00e+00	0.00e+00	0.00e+00
 2.02864e+15	4.65e-19	2.50e-13	2.62e-08	6.32e-05	8.68e-03	1.40e-01	8.51e-01	0.00e+00	0.00e+00	0.00e+00	0.00e+00	0.00e+00
 2.08845e+15	6.25e-19	3.26e-13	3.28e-08	7.47e-05	9.65e-03	1.48e-01	8.42e-01	0.00e+00	0.00e+00	0.00e+00	0.00e+00	0.00e+00
 2.13777e+15	7.95e-19	4.06e-13	3.93e-08	8.54e-05	1.05e-02	1.55e-01	8.34e-01	0.00e+00	0.00e+00	0.00e+00	0.00e+00	0.00e+00
 2.19206e+15	1.03e-18	5.12e-13	4.77e-08	9.86e-05	1.15e-02	1.63e-01	8.26e-01	0.00e+00	0.00e+00	0.00e+00	0.00e+00	0.00e+00
 2.26263e+15	1.42e-18	6.86e-13	6.10e-08	1.18e-04	1.29e-02	1.72e-01	8.15e-01	0.00e+00	0.00e+00	0.00e+00	0.00e+00	0.00e+00
 2.33698e+15	2.00e-18	9.31e-13	7.82e-08	1.42e-04	1.45e-02	1.83e-01	8.03e-01	0.00e+00	0.00e+00	0.00e+00	0.00e+00	0.00e+00
 2.40111e+15	2.65e-18	1.20e-12	9.63e-08	1.66e-04	1.60e-02	1.92e-01	7.92e-01	0.00e+00	0.00e+00	0.00e+00	0.00e+00	0.00e+00
 2.46936e+15	3.54e-18	1.55e-12	1.19e-07	1.94e-04	1.76e-02	2.02e-01	7.81e-01	0.00e+00	0.00e+00	0.00e+00	0.00e+00	0.00e+00
 2.55809e+15	5.17e-18	2.17e-12	1.57e-07	2.37e-04	2.00e-02	2.14e-01	7.66e-01	0.00e+00	0.00e+00	0.00e+00	0.00e+00	0.00e+00
 2.64963e+15	7.43e-18	3.01e-12	2.05e-07	2.89e-04	2.26e-02	2.27e-01	7.50e-01	0.00e+00	0.00e+00	0.00e+00	0.00e+00	0.00e+00
 2.72623e+15	1.02e-17	3.95e-12	2.55e-07	3.38e-04	2.49e-02	2.38e-01	7.37e-01	0.00e+00	0.00e+00	0.00e+00	0.00e+00	0.00e+00
 2.80719e+15	1.38e-17	5.18e-12	3.18e-07	3.98e-04	2.76e-02	2.50e-01	7.22e-01	0.00e+00	0.00e+00	0.00e+00	0.00e+00	0.00e+00
 2.91003e+15	2.02e-17	7.27e-12	4.19e-07	4.86e-04	3.12e-02	2.64e-01	7.04e-01	0.00e+00	0.00e+00	0.00e+00	0.00e+00	0.00e+00
 3.01808e+15	3.05e-17	1.03e-11	5.52e-07	5.93e-04	3.52e-02	2.79e-01	6.85e-01	0.00e+00	0.00e+00	1.75e-17	9.27e-18	3.28e-18
 3.11460e+15	4.29e-17	1.38e-11	6.99e-07	7.03e-04	3.91e-02	2.92e-01	6.68e-01	0.00e+00	0.00e+00	2.45e-17	1.30e-17	4.58e-18
 3.21933e+15	6.07e-17	1.88e-11	8.95e-07	8.41e-04	4.36e-02	3.06e-01	6.49e-01	0.00e+00	0.00e+00	3.48e-17	1.85e-17	6.46e-18
 3.34411e+15	9.24e-17	2.69e-11	1.19e-06	1.03e-03	4.93e-02	3.23e-01	6.27e-01	0.00e+00	0.00e+00	5.30e-17	2.81e-17	9.78e-18
 3.46729e+15	1.35e-16	3.75e-11	1.55e-06	1.25e-03	5.53e-02	3.38e-01	6.05e-01	0.00e+00	0.00e+00	7.78e-17	4.11e-17	1.43e-17
 3.57902e+15	1.91e-16	5.04e-11	1.96e-06	1.47e-03	6.11e-02	3.52e-01	5.86e-01	0.00e+00	0.00e+00	1.10e-16	5.81e-17	2.01e-17
 3.70352e+15	2.69e-16	6.81e-11	2.52e-06	1.76e-03	6.79e-02	3.66e-01	5.65e-01	0.00e+00	0.00e+00	1.55e-16	8.16e-17	2.81e-17
 3.84939e+15	4.21e-16	9.90e-11	3.34e-06	2.15e-03	7.63e-02	3.82e-01	5.39e-01	0.00e+00	0.00e+00	2.43e-16	1.28e-16	4.39e-17
 3.99333e+15	6.29e-16	1.39e-10	4.35e-06	2.59e-03	8.51e-02	3.97e-01	5.15e-01	0.00e+00	0.00e+00	3.62e-16	1.91e-16	6.53e-17
 4.12876e+15	9.04e-16	1.88e-10	5.52e-06	3.06e-03	9.37e-02	4.10e-01	4.93e-01	0.00e+00	0.00e+00	5.21e-16	2.74e-16	9.36e-17
 4.27966e+15	1.29e-15	2.56e-10	7.12e-06	3.65e-03	1.04e-01	4.23e-01	4.69e-01	0.00e+00	0.00e+00	7.44e-16	3.92e-16	1.33e-16
 4.45088e+15	2.07e-15	3.75e-10	9.41e-06	4.43e-03	1.16e-01	4.37e-01	4.43e-01	0.00e+00	0.00e+00	1.19e-15	6.28e-16	2.13e-16
 4.59409e+15	2.92e-15	4.99e-10	1.17e-05	5.15e-03	1.26e-01	4.47e-01	4.21e-01	0.00e+00	0.00e+00	1.68e-15	8.85e-16	2.99e-16
 4.69646e+15	3.70e-15	6.07e-10	1.36e-05	5.72e-03	1.34e-01	4.54e-01	4.07e-01	0.00e+00	0.00e+00	2.14e-15	1.12e-15	3.79e-16
 4.80329e+15	4.72e-15	7.42e-10	1.59e-05	6.37e-03	1.42e-01	4.60e-01	3.91e-01	0.00e+00	0.00e+00	2.73e-15	1.43e-15	4.83e-16
 4.94218e+15	6.19e-15	9.36e-10	1.93e-05	7.27e-03	1.52e-01	4.68e-01	3.73e-01	0.00e+00	0.00e+00	3.57e-15	1.88e-15	6.31e-16
 5.09731e+15	8.99e-15	1.26e-09	2.39e-05	8.39e-03	1.65e-01	4.75e-01	3.52e-01	0.00e+00	0.00e+00	5.19e-15	2.73e-15	9.15e-16
 5.24236e+15	1.17e-14	1.57e-09	2.88e-05	9.52e-03	1.76e-01	4.80e-01	3.34e-01	0.00e+00	0.00e+00	6.76e-15	3.55e-15	1.19e-15
 5.39972e+15	1.67e-14	2.08e-09	3.52e-05	1.09e-02	1.89e-01	4.86e-01	3.14e-01	0.00e+00	0.00e+00	9.66e-15	5.07e-15	1.70e-15
 5.57536e+15	2.35e-14	2.75e-09	4.34e-05	1.25e-02	2.04e-01	4.90e-01	2.94e-01	0.00e+00	0.00e+00	1.36e-14	7.14e-15	2.39e-15
 5.74127e+15	3.10e-14	3.46e-09	5.25e-05	1.42e-02	2.17e-01	4.92e-01	2.76e-01	0.00e+00	0.00e+00	1.79e-14	9.40e-15	3.13e-15
 5.92348e+15	4.30e-14	4.51e-09	6.43e-05	1.63e-02	2.33e-01	4.94e-01	2.58e-01	0.00e+00	0.00e+00	2.49e-14	1.31e-14	4.35e-15
 6.12737e+15	6.46e-14	6.17e-09	8.01e-05	1.88e-02	2.50e-01	4.94e-01	2.37e-01	0.00e+00	0.00e+00	3.74e-14	1.96e-14	6.52e-15
 6.31958e+15	8.96e-14	7.99e-09	9.74e-05	2.14e-02	2.66e-01	4.93e-01	2.20e-01	0.00e+00	0.00e+00	5.19e-14	2.72e-14	9.02e-15
 6.52957e+15	1.25e-13	1.05e-08	1.20e-04	2.44e-02	2.83e-01	4.90e-01	2.02e-01	0.00e+00	0.00e+00	7.25e-14	3.80e-14	1.26e-14
 6.76051e+15	1.74e-13	1.37e-08	1.48e-04	2.80e-02	3.02e-01	4.85e-01	1.85e-01	0.00e+00	0.00e+00	1.01e-13	5.29e-14	1.75e-14
 6.97417e+15	2.54e-13	1.82e-08	1.80e-04	3.17e-02	3.20e-01	4.80e-01	1.69e-01	0.00e+00	0.00e+00	1.47e-13	7.73e-14	2.55e-14
 7.20744e+15	3.55e-13	2.37e-08	2.20e-04	3.60e-02	3.38e-01	4.72e-01	1.53e-01	0.00e+00	0.00e+00	2.06e-13	1.08e-13	3.56e-14
 7.46425e+15	4.93e-13	3.08e-08	2.72e-04	4.11e-02	3.58e-01	4.63e-01	1.38e-01	0.00e+00	0.00e+00	2.86e-13	1.50e-13	4.93e-14
 7.70347e+15	6.87e-13	3.99e-08	3.29e-04	4.62e-02	3.75e-01	4.53e-01	1.25e-01	0.00e+00	0.00e+00	3.98e-13	2.09e-13	6.87e-14
 7.96627e+15	1.03e-12	5.38e-08	4.03e-04	5.24e-02	3.94e-01	4.41e-01	1.12e-01	0.00e+00	0.00e+00	5.97e-13	3.13e-13	1.03e-13
 8.25335e+15	1.46e-12	7.07e-08	4.96e-04	5.94e-02	4.14e-01	4.27e-01	9.88e-02	0.00e+00	0.00e+00	8.47e-13	4.44e-13	1.46e-13
 8.50946e+15	1.94e-12	8.87e-08	5.92e-04	6.61e-02	4.30e-01	4.14e-01	8.87e-02	0.00e+00	0.00e+00	1.13e-12	5.90e-13	1.94e-13
 8.77992e+15	2.68e-12	1.14e-07	7.11e-04	7.36e-02	4.47e-01	4.00e-01	7.89e-02	0.00e+00	0.00e+00	1.56e-12	8.15e-13	2.67e-13
 9.07942e+15	4.02e-12	1.53e-07	8.65e-04	8.26e-02	4.64e-01	3.84e-01	6.91e-02	0.00e+00	0.00e+00	2.33e-12	1.22e-12	4.00e-13
 9.35422e+15	5.45e-12	1.93e-07	1.03e-03	9.11e-02	4.78e-01	3.68e-01	6.13e-02	0.00e+00	0.00e+00	3.16e-12	1.66e-12	5.42e-13
 9.64899e+15	7.45e-12	2.45e-07	1.23e-03	1.01e-01	4.92e-01	3.52e-01	5.39e-02	0.00e+00	0.00e+00	4.32e-12	2.26e-12	7.41e-13
 9.94514e+15	9.82e-12	3.04e-07	1.45e-03	1.11e-01	5.05e-01	3.35e-01	4.74e-02	0.00e+00	0.00e+00	5.70e-12	2.99e-12	9.76e-13
 1.01905e+16	1.27e-11	3.70e-07	1.67e-03	1.20e-01	5.15e-01	3.21e-01	4.25e-02	0.00e+00	0.00e+00	7.38e-12	3.87e-12	1.26e-12
 1.04569e+16	1.67e-11	4.53e-07	1.94e-03	1.30e-01	5.24e-01	3.06e-01	3.76e-02	0.00e+00	0.00e+00	9.67e-12	5.07e-12	1.66e-12
 1.07513e+16	2.35e-11	5.80e-07	2.27e-03	1.42e-01	5.33e-01	2.90e-01	3.29e-02	0.00e+00	0.00e+00	1.36e-11	7.15e-12	2.33e-12
 1.10146e+16	3.02e-11	7.01e-07	2.61e-03	1.52e-01	5.40e-01	2.76e-01	2.92e-02	0.00e+00	0.00e+00	1.75e-11	9.18e-12	3.00e-12
 1.12894e+16	3.89e-11	8.50e-07	3.00e-03	1.64e-01	5.46e-01	2.61e-01	2.57e-02	0.00e+00	0.00e+00	2.26e-11	1.18e-11	3.86e-12
 1.16466e+16	5.57e-11	1.11e-06	3.61e-03	1.80e-01	5.52e-01	2.43e-01	2.18e-02	0.00e+00	0.00e+00	3.24e-11	1.70e-11	5.53e-12
 1.20026e+16	7.20e-11	1.36e-06	4.26e-03	1.96e-01	5.56e-01	2.26e-01	1.86e-02	0.00e+00	0.00e+00	4.18e-11	2.19e-11	7.14e-12
 1.22861e+16	9.85e-11	1.70e-06	4.90e-03	2.10e-01	5.57e-01	2.12e-01	1.62e-02	0.00e+00	0.00e+00	5.73e-11	3.00e-11	9.78e-12
 1.25838e+16	1.29e-10	2.08e-06	5.66e-03	2.25e-01	5.58e-01	1.98e-01	1.40e-02	0.00e+00	0.00e+00	7.52e-11	3.94e-11	1.28e-11
 1.29149e+16	1.64e-10	2.51e-06	6.58e-03	2.41e-01	5.57e-01	1.83e-01	1.20e-02	0.00e+00	0.00e+00	9.51e-11	4.98e-11	1.62e-11
 1.32250e+16	2.29e-10	3.18e-06	7.62e-03	2.58e-01	5.54e-01	1.70e-01	1.03e-02	0.00e+00	0.00e+00	1.33e-10	6.97e-11	2.27e-11
 1.35122e+16	2.88e-10	3.80e-06	8.68e-03	2.73e-01	5.51e-01	1.58e-01	8.95e-03	0.00e+00	0.00e+00	1.68e-10	8.78e-11	2.86e-11
 1.38341e+16	3.94e-10	4.76e-06	1.01e-02	2.91e-01	5.45e-01	1.46e-01	7.58e-03	0.00e+00	0.00e+00	2.29e-10	1.20e-10	3.91e-11
 1.41697e+16	5.14e-10	5.85e-06	1.18e-02	3.11e-01	5.38e-01	1.33e-01	6.42e-03	0.00e+00	0.00e+00	2.99e-10	1.57e-10	5.10e-11
 1.44537e+16	6.36e-10	6.91e-06	1.34e-02	3.27e-01	5.31e-01	1.23e-01	5.56e-03	0.00e+00	0.00e+00	3.70e-10	1.94e-10	6.31e-11
 1.47535e+16	8.27e-10	8.42e-06	1.54e-02	3.46e-01	5.21e-01	1.13e-01	4.74e-03	0.00e+00	0.00e+00	4.81e-10	2.52e-10	8.20e-11
 1.50771e+16	1.20e-09	1.09e-05	1.80e-02	3.66e-01	5.10e-01	1.03e-01	3.96e-03	0.00e+00	0.00e+00	6.96e-10	3.65e-10	1.19e-10
 1.53526e+16	1.50e-09	1.29e-05	2.04e-02	3.83e-01	4.99e-01	9.43e-02	3.41e-03	0.00e+00	0.00e+00	8.70e-10	4.56e-10	1.49e-10
 1.55946e+16	1.81e-09	1.50e-05	2.29e-02	3.99e-01	4.88e-01	8.73e-02	2.98e-03	0.00e+00	0.00e+00	1.05e-09	5.52e-10	1.80e-10
 1.58721e+16	2.56e-09	1.91e-05	2.64e-02	4.17e-01	4.75e-01	7.92e-02	2.52e-03	0.00e+00	0.00e+00	1.49e-09	7.81e-10	2.54e-10
 1.61631e+16	3.28e-09	2.32e-05	3.04e-02	4.36e-01	4.60e-01	7.16e-02	2.13e-03	0.00e+00	0.00e+00	1.91e-09	1.00e-09	3.26e-10
 1.64145e+16	4.05e-09	2.74e-05	3.46e-02	4.53e-01	4.45e-01	6.54e-02	1.83e-03	0.00e+00	0.00e+00	2.36e-09	1.24e-09	4.03e-10
 1.66489e+16	5.17e-09	3.28e-05	3.91e-02	4.69e-01	4.31e-01	5.97e-02	1.57e-03	0.00e+00	0.00e+00	3.01e-09	1.58e-09	5.14e-10
 1.68687e+16	6.57e-09	3.92e-05	4.41e-02	4.83e-01	4.16e-01	5.46e-02	1.36e-03	0.00e+00	0.00e+00	3.82e-09	2.01e-09	6.54e-10
 1.70649e+16	8.23e-09	4.62e-05	4.93e-02	4.97e-01	4.03e-01	5.02e-02	1.19e-03	0.00e+00	0.00e+00	4.79e-09	2.51e-09	8.19e-10
 1.72506e+16	1.02e-08	5.43e-05	5.49e-02	5.09e-01	3.89e-01	4.62e-02	1.04e-03	0.00e+00	0.00e+00	5.96e-09	3.13e-09	1.02e-09
 1.74632e+16	1.32e-08	6.55e-05	6.25e-02	5.23e-01	3.72e-01	4.17e-02	8.87e-04	0.00e+00	0.00e+00	7.65e-09	4.02e-09	1.31e-09
 1.76984e+16	1.75e-08	8.11e-05	7.23e-02	5.37e-01	3.53e-01	3.70e-02	7.39e-04	0.00e+00	0.00e+00	1.02e-08	5.35e-09	1.74e-09
 1.79092e+16	2.33e-08	1.00e-04	8.30e-02	5.49e-01	3.34e-01	3.30e-02	6.21e-04	0.00e+00	0.00e+00	1.35e-08	7.10e-09	2.32e-09
 1.80894e+16	3.22e-08	1.25e-04	9.42e-02	5.59e-01	3.17e-01	2.96e-02	5.26e-04	0.00e+00	0.00e+00	1.87e-08	9.84e-09	3.21e-09
 1.82521e+16	4.10e-08	1.50e-04	1.06e-01	5.66e-01	3.00e-01	2.67e-02	4.51e-04	0.00e+00	0.00e+00	2.38e-08	1.25e-08	4.09e-09
 1.84322e+16	5.09e-08	1.78e-04	1.21e-01	5.74e-01	2.81e-01	2.36e-02	3.78e-04	0.00e+00	0.00e+00	2.96e-08	1.55e-08	5.08e-09
 1.86269e+16	6.87e-08	2.23e-04	1.41e-01	5.79e-01	2.59e-01	2.04e-02	3.07e-04	0.00e+00	0.00e+00	3.99e-08	2.10e-08	6.86e-09
 1.87916e+16	9.25e-08	2.77e-04	1.61e-01	5.81e-01	2.40e-01	1.78e-02	2.52e-04	0.00e+00	0.00e+00	5.38e-08	2.83e-08	9.24e-09
 1.89240e+16	1.28e-07	3.45e-04	1.82e-01	5.80e-01	2.23e-01	1.56e-02	2.11e-04	0.00e+00	0.00e+00	7.42e-08	3.90e-08	1.27e-08
 1.90411e+16	1.52e-07	3.95e-04	2.01e-01	5.77e-01	2.07e-01	1.39e-02	1.80e-04	0.00e+00	0.00e+00	8.83e-08	4.64e-08	1.52e-08
 1.91712e+16	1.95e-07	4.77e-04	2.27e-01	5.71e-01	1.89e-01	1.20e-02	1.47e-04	0.00e+00	0.00e+00	1.13e-07	5.96e-08	1.95e-08
 1.93086e+16	2.80e-07	6.14e-04	2.61e-01	5.60e-01	1.69e-01	1.00e-02	1.15e-04	0.00e+00	0.00e+00	1.63e-07	8.56e-08	2.80e-08
 1.94124e+16	3.58e-07	7.29e-04	2.89e-01	5.48e-01	1.54e-01	8.67e-03	9.51e-05	0.00e+00	0.00e+00	2.08e-07	1.09e-07	3.59e-08
 1.94901e+16	4.29e-07	8.32e-04	3.13e-01	5.37e-01	1.42e-01	7.67e-03	8.10e-05	0.00e+00	0.00e+00	2.50e-07	1.31e-07	4.31e-08
 1.95609e+16	5.07e-07	9.38e-04	3.36e-01	5.25e-01	1.31e-01	6.81e-03	6.94e-05	0.00e+00	0.00e+00	2.95e-07	1.55e-07	5.09e-08
 1.96252e+16	5.62e-07	1.02e-03	3.59e-01	5.13e-01	1.21e-01	6.09e-03	6.03e-05	0.00e+00	0.00e+00	3.27e-07	1.72e-07	5.64e-08
 1.96972e+16	7.12e-07	1.20e-03	3.88e-01	4.96e-01	1.09e-01	5.24e-03	4.95e-05	0.00e+00	0.00e+00	4.14e-07	2.18e-07	7.16e-08
 1.97659e+16	7.97e-07	1.31e-03	4.15e-01	4.80e-01	9.89e-02	4.57e-03	4.17e-05	0.00e+00	0.00e+00	4.64e-07	2.44e-07	8.01e-08
 1.98300e+16	9.46e-07	1.47e-03	4.45e-01	4.61e-01	8.87e-02	3.92e-03	3.43e-05	0.00e+00	0.00e+00	5.50e-07	2.90e-07	9.52e-08
 1.98982e+16	1.13e-06	1.67e-03	4.77e-01	4.40e-01	7.85e-02	3.30e-03	2.77e-05	0.00e+00	0.00e+00	6.56e-07	3.46e-07	1.14e-07
 1.99569e+16	1.33e-06	1.86e-03	5.06e-01	4.19e-01	6.99e-02	2.81e-03	2.26e-05	0.00e+00	0.00e+00	7.71e-07	4.06e-07	1.34e-07
 2.00087e+16	1.58e-06	2.09e-03	5.34e-01	3.99e-01	6.25e-02	2.41e-03	1.86e-05	0.00e+00	0.00e+00	9.19e-07	4.84e-07	1.59e-07
 2.00563e+16	1.73e-06	2.23e-03	5.58e-01	3.82e-01	5.62e-02	2.08e-03	1.56e-05	0.00e+00	0.00e+00	1.01e-06	5.31e-07	1.75e-07
 2.01082e+16	2.06e-06	2.50e-03	5.87e-01	3.59e-01	4.92e-02	1.74e-03	1.24e-05	0.00e+00	0.00e+00	1.20e-06	6.32e-07	2.08e-07
 2.01638e+16	2.39e-06	2.76e-03	6.17e-01	3.36e-01	4.25e-02	1.43e-03	9.72e-06	0.00e+00	0.00e+00	1.39e-06	7.34e-07	2.42e-07
 2.02157e+16	2.74e-06	3.02e-03	6.45e-01	3.14e-01	3.67e-02	1.17e-03	7.62e-06	0.00e+00	0.00e+00	1.59e-06	8.41e-07	2.77e-07
 2.02747e+16	3.20e-06	3.34e-03	6.77e-01	2.88e-01	3.06e-02	9.16e-04	5.65e-06	0.00e+00	0.00e+00	1.86e-06	9.83e-07	3.24e-07
 2.03389e+16	3.75e-06	3.69e-03	7.10e-01	2.60e-01	2.49e-02	6.95e-04	4.04e-06	0.00e+00	0.00e+00	2.18e-06	1.15e-06	3.81e-07
