#depth	C	C+	C+2	C+3	C+4	C+5	C+6	C[1]	C[2]	C[3]	C+[1]	C+[2]	CO
 1.49634e+10	8.22e-46	1.56e-34	2.43e-24	1.17e-14	1.89e-04	3.79e-01	6.20e-01	0.00e+00	0.00e+00	0.00e+00	0.00e+00	0.00e+00	8.58e-145
 4.54887e+10	0.00e+00	2.23e-34	3.21e-24	1.43e-14	2.13e-04	3.98e-01	6.02e-01	0.00e+00	0.00e+00	0.00e+00	0.00e+00	0.00e+00	9.90e-189
 7.72350e+10	1.98e-45	3.21e-34	4.27e-24	1.76e-14	2.42e-04	4.17e-01	5.82e-01	0.00e+00	0.00e+00	0.00e+00	0.00e+00	0.00e+00	8.46e-144
 1.10251e+11	0.00e+00	4.62e-34	5.67e-24	2.16e-14	2.74e-04	4.37e-01	5.63e-01	0.00e+00	0.00e+00	0.00e+00	0.00e+00	0.00e+00	5.15e-188
 1.44588e+11	4.79e-45	6.64e-34	7.52e-24	2.64e-14	3.11e-04	4.56e-01	5.43e-01	0.00e+00	0.00e+00	0.00e+00	0.00e+00	0.00e+00	8.41e-143
 1.80298e+11	0.00e+00	9.53e-34	9.98e-24	3.24e-14	3.51e-04	4.76e-01	5.23e-01	0.00e+00	0.00e+00	0.00e+00	0.00e+00	0.00e+00	2.69e-187
 2.17437e+11	1.16e-44	1.37e-33	1.32e-23	3.96e-14	3.97e-04	4.96e-01	5.04e-01	0.00e+00	0.00e+00	0.00e+00	0.00e+00	0.00e+00	8.38e-142
 2.56061e+11	0.00e+00	1.96e-33	1.75e-23	4.85e-14	4.48e-04	5.16e-01	4.84e-01	0.00e+00	0.00e+00	0.00e+00	0.00e+00	0.00e+00	1.41e-186
 2.96231e+11	2.79e-44	2.81e-33	2.32e-23	5.92e-14	5.05e-04	5.36e-01	4.64e-01	0.00e+00	0.00e+00	0.00e+00	0.00e+00	0.00e+00	8.34e-141
 3.38007e+11	0.00e+00	4.02e-33	3.06e-23	7.22e-14	5.69e-04	5.56e-01	4.44e-01	0.00e+00	0.00e+00	0.00e+00	0.00e+00	0.00e+00	7.29e-186
 3.78344e+11	6.50e-44	5.61e-33	3.96e-23	8.67e-14	6.34e-04	5.74e-01	4.25e-01	0.00e+00	0.00e+00	0.00e+00	0.00e+00	0.00e+00	7.66e-140
 4.16037e+11	0.00e+00	7.58e-33	5.01e-23	1.02e-13	7.00e-04	5.90e-01	4.09e-01	0.00e+00	0.00e+00	0.00e+00	0.00e+00	0.00e+00	3.64e-185
 4.58345e+11	1.40e-43	1.05e-32	6.46e-23	1.23e-13	7.79e-04	6.08e-01	3.92e-01	0.00e+00	0.00e+00	0.00e+00	0.00e+00	0.00e+00	5.75e-139
 5.05365e+11	0.00e+00	1.49e-32	8.44e-23	1.48e-13	8.71e-04	6.26e-01	3.73e-01	0.00e+00	0.00e+00	0.00e+00	0.00e+00	0.00e+00	1.48e-184
 5.50554e+11	3.18e-43	2.05e-32	1.08e-22	1.77e-13	9.65e-04	6.43e-01	3.56e-01	0.00e+00	0.00e+00	0.00e+00	0.00e+00	0.00e+00	4.98e-138
 5.98793e+11	0.00e+00	2.86e-32	1.40e-22	2.12e-13	1.07e-03	6.60e-01	3.39e-01	0.00e+00	0.00e+00	0.00e+00	0.00e+00	0.00e+00	6.79e-184
 6.52671e+11	7.40e-43	4.08e-32	1.84e-22	2.57e-13	1.20e-03	6.78e-01	3.21e-01	0.00e+00	0.00e+00	0.00e+00	0.00e+00	0.00e+00	4.61e-137
 7.06766e+11	0.00e+00	5.75e-32	2.40e-22	3.10e-13	1.34e-03	6.94e-01	3.04e-01	0.00e+00	0.00e+00	0.00e+00	0.00e+00	0.00e+00	3.14e-183
 7.63024e+11	1.72e-42	8.11e-32	3.14e-22	3.74e-13	1.49e-03	7.11e-01	2.88e-01	0.00e+00	0.00e+00	0.00e+00	0.00e+00	0.00e+00	4.29e-136
 8.23472e+11	0.00e+00	1.16e-31	4.13e-22	4.53e-13	1.67e-03	7.27e-01	2.72e-01	0.00e+00	0.00e+00	0.00e+00	0.00e+00	0.00e+00	1.41e-182
 8.86338e+11	4.13e-42	1.65e-31	5.43e-22	5.48e-13	1.86e-03	7.42e-01	2.56e-01	0.00e+00	0.00e+00	0.00e+00	0.00e+00	0.00e+00	4.33e-135
 9.51718e+11	0.00e+00	2.36e-31	7.14e-22	6.64e-13	2.08e-03	7.57e-01	2.40e-01	0.00e+00	0.00e+00	0.00e+00	0.00e+00	0.00e+00	6.28e-182
 1.01971e+12	9.91e-42	3.36e-31	9.39e-22	8.04e-13	2.32e-03	7.72e-01	2.26e-01	0.00e+00	0.00e+00	0.00e+00	0.00e+00	0.00e+00	4.40e-134
 1.09043e+12	0.00e+00	4.80e-31	1.23e-21	9.73e-13	2.59e-03	7.86e-01	2.12e-01	0.00e+00	0.00e+00	0.00e+00	0.00e+00	0.00e+00	2.45e-181
 1.16397e+12	2.38e-41	6.85e-31	1.62e-21	1.18e-12	2.88e-03	7.99e-01	1.98e-01	0.00e+00	0.00e+00	0.00e+00	0.00e+00	0.00e+00	4.50e-133
 1.24046e+12	0.00e+00	9.78e-31	2.14e-21	1.42e-12	3.21e-03	8.11e-01	1.85e-01	0.00e+00	0.00e+00	0.00e+00	0.00e+00	0.00e+00	6.44e-181
 1.32000e+12	5.74e-41	1.40e-30	2.81e-21	1.72e-12	3.57e-03	8.23e-01	1.73e-01	0.00e+00	0.00e+00	0.00e+00	0.00e+00	0.00e+00	4.63e-132
 1.39494e+12	0.00e+00	1.93e-30	3.60e-21	2.05e-12	3.93e-03	8.34e-01	1.63e-01	0.00e+00	0.00e+00	0.00e+00	0.00e+00	0.00e+00	0.00e+00
 1.46218e+12	1.21e-40	2.56e-30	4.47e-21	2.38e-12	4.28e-03	8.42e-01	1.54e-01	0.00e+00	0.00e+00	0.00e+00	0.00e+00	0.00e+00	3.36e-131
 1.53776e+12	0.00e+00	3.48e-30	5.67e-21	2.80e-12	4.69e-03	8.51e-01	1.45e-01	0.00e+00	0.00e+00	0.00e+00	0.00e+00	0.00e+00	0.00e+00
 1.62705e+12	2.73e-40	4.94e-30	7.41e-21	3.37e-12	5.20e-03	8.60e-01	1.35e-01	0.00e+00	0.00e+00	0.00e+00	0.00e+00	0.00e+00	2.90e-130
 1.71667e+12	0.00e+00	6.93e-30	9.62e-21	4.03e-12	5.74e-03	8.69e-01	1.26e-01	0.00e+00	0.00e+00	0.00e+00	0.00e+00	0.00e+00	0.00e+00
 1.80112e+12	6.08e-40	9.43e-30	1.22e-20	4.74e-12	6.29e-03	8.76e-01	1.18e-01	0.00e+00	0.00e+00	0.00e+00	0.00e+00	0.00e+00	2.42e-129
 1.89433e+12	0.00e+00	1.31e-29	1.57e-20	5.65e-12	6.93e-03	8.83e-01	1.10e-01	0.00e+00	0.00e+00	0.00e+00	0.00e+00	0.00e+00	0.00e+00
 2.00003e+12	1.43e-39	1.89e-29	2.07e-20	6.84e-12	7.69e-03	8.91e-01	1.02e-01	0.00e+00	0.00e+00	0.00e+00	0.00e+00	0.00e+00	2.34e-128
 2.10599e+12	0.00e+00	2.67e-29	2.71e-20	8.21e-12	8.51e-03	8.97e-01	9.44e-02	0.00e+00	0.00e+00	0.00e+00	0.00e+00	0.00e+00	0.00e+00
 2.21618e+12	3.40e-39	3.79e-29	3.54e-20	9.87e-12	9.41e-03	9.03e-01	8.74e-02	0.00e+00	0.00e+00	0.00e+00	0.00e+00	0.00e+00	2.31e-127
 2.33475e+12	0.00e+00	5.46e-29	4.68e-20	1.20e-11	1.04e-02	9.09e-01	8.07e-02	0.00e+00	0.00e+00	0.00e+00	0.00e+00	0.00e+00	0.00e+00
 2.44596e+12	8.00e-39	7.57e-29	6.01e-20	1.42e-11	1.15e-02	9.14e-01	7.50e-02	0.00e+00	0.00e+00	0.00e+00	0.00e+00	0.00e+00	2.23e-126
 2.54526e+12	0.00e+00	1.01e-28	7.48e-20	1.65e-11	1.24e-02	9.17e-01	7.04e-02	0.00e+00	0.00e+00	0.00e+00	0.00e+00	0.00e+00	0.00e+00
 2.65691e+12	1.68e-38	1.38e-28	9.50e-20	1.94e-11	1.36e-02	9.21e-01	6.56e-02	0.00e+00	0.00e+00	0.00e+00	0.00e+00	0.00e+00	1.58e-125
 2.78939e+12	0.00e+00	1.97e-28	1.25e-19	2.33e-11	1.50e-02	9.25e-01	6.04e-02	0.00e+00	0.00e+00	0.00e+00	0.00e+00	0.00e+00	0.00e+00
 2.92244e+12	4.01e-38	2.78e-28	1.63e-19	2.80e-11	1.65e-02	9.28e-01	5.58e-02	0.00e+00	0.00e+00	0.00e+00	0.00e+00	0.00e+00	1.58e-124
 3.04699e+12	0.00e+00	3.80e-28	2.07e-19	3.29e-11	1.80e-02	9.30e-01	5.19e-02	0.00e+00	0.00e+00	0.00e+00	0.00e+00	0.00e+00	0.00e+00
 3.18498e+12	8.99e-38	5.32e-28	2.68e-19	3.92e-11	1.98e-02	9.32e-01	4.79e-02	0.00e+00	0.00e+00	0.00e+00	0.00e+00	0.00e+00	1.32e-123
 3.34230e+12	0.00e+00	7.70e-28	3.55e-19	4.75e-11	2.19e-02	9.34e-01	4.39e-02	0.00e+00	0.00e+00	0.00e+00	0.00e+00	0.00e+00	0.00e+00
 3.49707e+12	2.20e-37	1.09e-27	4.65e-19	5.70e-11	2.41e-02	9.36e-01	4.03e-02	0.00e+00	0.00e+00	0.00e+00	0.00e+00	0.00e+00	1.40e-122
 3.64618e+12	0.00e+00	1.52e-27	5.97e-19	6.76e-11	2.64e-02	9.36e-01	3.73e-02	0.00e+00	0.00e+00	0.00e+00	0.00e+00	0.00e+00	0.00e+00
 3.81011e+12	5.09e-37	2.15e-27	7.79e-19	8.09e-11	2.90e-02	9.37e-01	3.42e-02	0.00e+00	0.00e+00	0.00e+00	0.00e+00	0.00e+00	1.27e-121
 3.99244e+12	0.00e+00	3.12e-27	1.04e-18	9.81e-11	3.21e-02	9.37e-01	3.12e-02	0.00e+00	0.00e+00	0.00e+00	0.00e+00	0.00e+00	0.00e+00
 4.17663e+12	1.27e-36	4.49e-27	1.37e-18	1.18e-10	3.54e-02	9.36e-01	2.85e-02	0.00e+00	0.00e+00	0.00e+00	0.00e+00	0.00e+00	1.41e-120
 4.36818e+12	0.00e+00	6.46e-27	1.81e-18	1.43e-10	3.90e-02	9.35e-01	2.60e-02	0.00e+00	0.00e+00	0.00e+00	0.00e+00	0.00e+00	0.00e+00
 4.56605e+12	3.13e-36	9.29e-27	2.39e-18	1.73e-10	4.30e-02	9.33e-01	2.37e-02	0.00e+00	0.00e+00	0.00e+00	0.00e+00	0.00e+00	1.51e-119
 4.76108e+12	0.00e+00	1.31e-26	3.12e-18	2.06e-10	4.71e-02	9.31e-01	2.17e-02	0.00e+00	0.00e+00	0.00e+00	0.00e+00	0.00e+00	0.00e+00
 4.97069e+12	7.50e-36	1.88e-26	4.11e-18	2.48e-10	5.17e-02	9.28e-01	1.98e-02	0.00e+00	0.00e+00	0.00e+00	0.00e+00	0.00e+00	1.49e-118
 5.19944e+12	0.00e+00	2.73e-26	5.49e-18	3.02e-10	5.71e-02	9.25e-01	1.79e-02	0.00e+00	0.00e+00	0.00e+00	0.00e+00	0.00e+00	0.00e+00
 5.43735e+12	1.91e-35	3.98e-26	7.33e-18	3.66e-10	6.30e-02	9.21e-01	1.62e-02	0.00e+00	0.00e+00	0.00e+00	0.00e+00	0.00e+00	1.72e-117
 5.68477e+12	0.00e+00	5.80e-26	9.80e-18	4.45e-10	6.94e-02	9.16e-01	1.47e-02	0.00e+00	0.00e+00	0.00e+00	0.00e+00	0.00e+00	0.00e+00
 5.94208e+12	4.85e-35	8.45e-26	1.31e-17	5.41e-10	7.65e-02	9.10e-01	1.32e-02	0.00e+00	0.00e+00	0.00e+00	0.00e+00	0.00e+00	1.98e-116
 6.17505e+12	7.29e-35	1.17e-25	1.69e-17	6.41e-10	8.32e-02	9.05e-01	1.21e-02	0.00e+00	0.00e+00	0.00e+00	0.00e+00	0.00e+00	3.93e-98
 6.36955e+12	1.01e-34	1.53e-25	2.07e-17	7.35e-10	8.90e-02	9.00e-01	1.12e-02	0.00e+00	0.00e+00	0.00e+00	0.00e+00	0.00e+00	0.00e+00
 6.58278e+12	1.43e-34	2.02e-25	2.57e-17	8.50e-10	9.56e-02	8.94e-01	1.03e-02	0.00e+00	0.00e+00	0.00e+00	0.00e+00	0.00e+00	3.36e-115
 6.85234e+12	2.19e-34	2.85e-25	3.35e-17	1.02e-09	1.04e-01	8.86e-01	9.36e-03	0.00e+00	0.00e+00	0.00e+00	0.00e+00	0.00e+00	4.40e-97
 7.13336e+12	3.36e-34	4.02e-25	4.38e-17	1.21e-09	1.14e-01	8.78e-01	8.46e-03	0.00e+00	0.00e+00	0.00e+00	0.00e+00	0.00e+00	0.00e+00
 7.37224e+12	4.75e-34	5.33e-25	5.45e-17	1.41e-09	1.22e-01	8.70e-01	7.78e-03	0.00e+00	0.00e+00	0.00e+00	0.00e+00	0.00e+00	7.78e-114
 7.61808e+12	6.71e-34	7.04e-25	6.77e-17	1.63e-09	1.31e-01	8.62e-01	7.15e-03	0.00e+00	0.00e+00	0.00e+00	0.00e+00	0.00e+00	5.07e-96
 7.92714e+12	1.02e-33	9.87e-25	8.81e-17	1.94e-09	1.42e-01	8.52e-01	6.44e-03	0.00e+00	0.00e+00	0.00e+00	0.00e+00	0.00e+00	0.00e+00
 8.24108e+12	1.53e-33	1.37e-24	1.14e-16	2.30e-09	1.54e-01	8.40e-01	5.81e-03	0.00e+00	0.00e+00	0.00e+00	0.00e+00	0.00e+00	1.69e-112
 8.51109e+12	2.14e-33	1.80e-24	1.41e-16	2.65e-09	1.64e-01	8.30e-01	5.33e-03	0.00e+00	0.00e+00	0.00e+00	0.00e+00	0.00e+00	6.35e-95
 8.80130e+12	3.03e-33	2.38e-24	1.75e-16	3.07e-09	1.76e-01	8.19e-01	4.86e-03	0.00e+00	0.00e+00	0.00e+00	0.00e+00	0.00e+00	1.03e-111
 9.15961e+12	4.57e-33	3.33e-24	2.27e-16	3.65e-09	1.90e-01	8.05e-01	4.36e-03	0.00e+00	0.00e+00	0.00e+00	0.00e+00	0.00e+00	3.31e-94
 9.52674e+12	6.82e-33	4.61e-24	2.93e-16	4.32e-09	2.05e-01	7.91e-01	3.90e-03	0.00e+00	0.00e+00	0.00e+00	0.00e+00	0.00e+00	8.89e-111
 9.85861e+12	9.65e-33	6.10e-24	3.65e-16	5.00e-09	2.19e-01	7.77e-01	3.54e-03	0.00e+00	0.00e+00	0.00e+00	0.00e+00	0.00e+00	1.70e-93
 1.02243e+13	1.39e-32	8.21e-24	4.60e-16	5.83e-09	2.35e-01	7.62e-01	3.19e-03	0.00e+00	0.00e+00	0.00e+00	0.00e+00	0.00e+00	5.99e-110
 1.06546e+13	2.10e-32	1.15e-23	5.97e-16	6.92e-09	2.53e-01	7.44e-01	2.83e-03	0.00e+00	0.00e+00	0.00e+00	0.00e+00	0.00e+00	9.31e-93
 1.10850e+13	3.10e-32	1.57e-23	7.65e-16	8.15e-09	2.71e-01	7.26e-01	2.52e-03	0.00e+00	0.00e+00	0.00e+00	0.00e+00	0.00e+00	5.21e-109
 1.14944e+13	4.41e-32	2.09e-23	9.58e-16	9.45e-09	2.89e-01	7.09e-01	2.26e-03	0.00e+00	0.00e+00	0.00e+00	0.00e+00	0.00e+00	4.79e-92
 1.19460e+13	6.40e-32	2.83e-23	1.21e-15	1.10e-08	3.08e-01	6.90e-01	2.01e-03	0.00e+00	0.00e+00	0.00e+00	0.00e+00	0.00e+00	3.77e-108
 1.24537e+13	9.53e-32	3.91e-23	1.56e-15	1.30e-08	3.30e-01	6.69e-01	1.77e-03	0.00e+00	0.00e+00	0.00e+00	0.00e+00	0.00e+00	2.65e-91
 1.29106e+13	1.34e-31	5.16e-23	1.94e-15	1.50e-08	3.49e-01	6.50e-01	1.58e-03	0.00e+00	0.00e+00	0.00e+00	0.00e+00	0.00e+00	2.89e-107
 1.32876e+13	1.76e-31	6.41e-23	2.29e-15	1.67e-08	3.64e-01	6.34e-01	1.44e-03	0.00e+00	0.00e+00	0.00e+00	0.00e+00	0.00e+00	1.04e-90
 1.36994e+13	2.33e-31	8.07e-23	2.74e-15	1.88e-08	3.81e-01	6.18e-01	1.31e-03	0.00e+00	0.00e+00	0.00e+00	0.00e+00	0.00e+00	1.35e-106
 1.42257e+13	3.30e-31	1.07e-22	3.42e-15	2.17e-08	4.02e-01	5.97e-01	1.16e-03	0.00e+00	0.00e+00	0.00e+00	0.00e+00	0.00e+00	4.29e-90
 1.47571e+13	4.61e-31	1.40e-22	4.22e-15	2.48e-08	4.23e-01	5.76e-01	1.03e-03	0.00e+00	0.00e+00	0.00e+00	0.00e+00	0.00e+00	9.22e-106
 1.51966e+13	6.01e-31	1.74e-22	4.98e-15	2.76e-08	4.40e-01	5.59e-01	9.35e-04	0.00e+00	0.00e+00	0.00e+00	0.00e+00	0.00e+00	1.67e-89
 1.56603e+13	7.87e-31	2.16e-22	5.90e-15	3.08e-08	4.57e-01	5.42e-01	8.46e-04	0.00e+00	0.00e+00	0.00e+00	0.00e+00	0.00e+00	4.22e-105
 1.62559e+13	1.10e-30	2.82e-22	7.26e-15	3.51e-08	4.79e-01	5.21e-01	7.46e-04	0.00e+00	0.00e+00	0.00e+00	0.00e+00	0.00e+00	6.63e-89
 1.68805e+13	1.53e-30	3.69e-22	8.93e-15	4.01e-08	5.01e-01	4.99e-01	6.55e-04	0.00e+00	0.00e+00	0.00e+00	0.00e+00	0.00e+00	2.85e-104
 1.74274e+13	2.02e-30	4.61e-22	1.06e-14	4.47e-08	5.19e-01	4.80e-01	5.87e-04	0.00e+00	0.00e+00	0.00e+00	0.00e+00	0.00e+00	2.71e-88
 1.80155e+13	2.69e-30	5.81e-22	1.27e-14	5.00e-08	5.38e-01	4.61e-01	5.23e-04	0.00e+00	0.00e+00	0.00e+00	0.00e+00	0.00e+00	1.47e-103
 1.87298e+13	3.75e-30	7.60e-22	1.56e-14	5.69e-08	5.60e-01	4.39e-01	4.56e-04	0.00e+00	0.00e+00	0.00e+00	0.00e+00	0.00e+00	1.15e-87
 1.94213e+13	5.10e-30	9.74e-22	1.89e-14	6.41e-08	5.81e-01	4.19e-01	4.00e-04	0.00e+00	0.00e+00	0.00e+00	0.00e+00	0.00e+00	9.72e-103
 2.00030e+13	6.55e-30	1.19e-21	2.20e-14	7.04e-08	5.97e-01	4.03e-01	3.60e-04	0.00e+00	0.00e+00	0.00e+00	0.00e+00	0.00e+00	4.28e-87
 2.06290e+13	8.47e-30	1.46e-21	2.58e-14	7.77e-08	6.14e-01	3.86e-01	3.22e-04	0.00e+00	0.00e+00	0.00e+00	0.00e+00	0.00e+00	4.40e-102
 2.14175e+13	1.16e-29	1.88e-21	3.12e-14	8.74e-08	6.34e-01	3.66e-01	2.80e-04	0.00e+00	0.00e+00	0.00e+00	0.00e+00	0.00e+00	1.66e-86
 2.22269e+13	1.57e-29	2.40e-21	3.76e-14	9.80e-08	6.53e-01	3.47e-01	2.44e-04	0.00e+00	0.00e+00	0.00e+00	0.00e+00	0.00e+00	2.81e-101
 2.29313e+13	2.02e-29	2.94e-21	4.39e-14	1.08e-07	6.69e-01	3.31e-01	2.17e-04	0.00e+00	0.00e+00	0.00e+00	0.00e+00	0.00e+00	6.38e-86
 2.36893e+13	2.64e-29	3.63e-21	5.16e-14	1.19e-07	6.85e-01	3.15e-01	1.92e-04	0.00e+00	0.00e+00	0.00e+00	0.00e+00	0.00e+00	1.36e-100
 2.46151e+13	3.59e-29	4.64e-21	6.22e-14	1.33e-07	7.03e-01	2.96e-01	1.66e-04	0.00e+00	0.00e+00	0.00e+00	0.00e+00	0.00e+00	2.57e-85
 2.55464e+13	4.83e-29	5.89e-21	7.44e-14	1.48e-07	7.21e-01	2.79e-01	1.44e-04	0.00e+00	0.00e+00	0.00e+00	0.00e+00	0.00e+00	8.79e-100
 2.63773e+13	6.23e-29	7.21e-21	8.67e-14	1.62e-07	7.35e-01	2.65e-01	1.28e-04	0.00e+00	0.00e+00	0.00e+00	0.00e+00	0.00e+00	9.97e-85
 2.72904e+13	8.16e-29	8.93e-21	1.02e-13	1.78e-07	7.49e-01	2.51e-01	1.12e-04	0.00e+00	0.00e+00	0.00e+00	0.00e+00	0.00e+00	4.49e-99
 2.83775e+13	1.11e-28	1.14e-20	1.22e-13	1.99e-07	7.65e-01	2.35e-01	9.60e-05	0.00e+00	0.00e+00	0.00e+00	0.00e+00	0.00e+00	4.18e-84
 2.94635e+13	1.49e-28	1.44e-20	1.46e-13	2.20e-07	7.80e-01	2.20e-01	8.29e-05	0.00e+00	0.00e+00	0.00e+00	0.00e+00	0.00e+00	2.96e-98
 3.04728e+13	1.93e-28	1.77e-20	1.70e-13	2.41e-07	7.92e-01	2.08e-01	7.26e-05	0.00e+00	0.00e+00	0.00e+00	0.00e+00	0.00e+00	1.69e-83
 3.16016e+13	2.56e-28	2.21e-20	2.01e-13	2.65e-07	8.05e-01	1.95e-01	6.28e-05	0.00e+00	0.00e+00	0.00e+00	0.00e+00	0.00e+00	1.65e-97
 3.28956e+13	3.50e-28	2.83e-20	2.41e-13	2.94e-07	8.19e-01	1.81e-01	5.36e-05	0.00e+00	0.00e+00	0.00e+00	0.00e+00	0.00e+00	7.63e-83
 3.41829e+13	4.71e-28	3.57e-20	2.86e-13	3.25e-07	8.31e-01	1.69e-01	4.60e-05	0.00e+00	0.00e+00	0.00e+00	0.00e+00	0.00e+00	1.15e-96
 3.55217e+13	6.32e-28	4.51e-20	3.39e-13	3.58e-07	8.42e-01	1.58e-01	3.95e-05	0.00e+00	0.00e+00	0.00e+00	0.00e+00	0.00e+00	3.48e-82
 3.69725e+13	8.61e-28	5.74e-20	4.04e-13	3.96e-07	8.53e-01	1.47e-01	3.37e-05	0.00e+00	0.00e+00	0.00e+00	0.00e+00	0.00e+00	8.00e-96
 3.84813e+13	1.17e-27	7.29e-20	4.82e-13	4.37e-07	8.64e-01	1.36e-01	2.87e-05	0.00e+00	0.00e+00	0.00e+00	0.00e+00	0.00e+00	1.71e-81
 3.99032e+13	1.54e-27	9.07e-20	5.63e-13	4.77e-07	8.73e-01	1.27e-01	2.48e-05	0.00e+00	0.00e+00	0.00e+00	0.00e+00	0.00e+00	5.26e-95
 4.11837e+13	1.97e-27	1.09e-19	6.46e-13	5.15e-07	8.80e-01	1.20e-01	2.18e-05	0.00e+00	0.00e+00	0.00e+00	0.00e+00	0.00e+00	6.66e-81
 4.23940e+13	2.45e-27	1.30e-19	7.31e-13	5.52e-07	8.87e-01	1.13e-01	1.94e-05	0.00e+00	0.00e+00	0.00e+00	0.00e+00	0.00e+00	2.36e-94
 4.37337e+13	3.12e-27	1.57e-19	8.35e-13	5.94e-07	8.93e-01	1.07e-01	1.72e-05	0.00e+00	0.00e+00	0.00e+00	0.00e+00	0.00e+00	2.25e-80
 4.52366e+13	4.04e-27	1.92e-19	9.64e-13	6.42e-07	9.00e-01	1.00e-01	1.50e-05	0.00e+00	0.00e+00	0.00e+00	0.00e+00	0.00e+00	1.19e-93
 4.66639e+13	5.12e-27	2.30e-19	1.10e-12	6.91e-07	9.05e-01	9.46e-02	1.32e-05	0.00e+00	0.00e+00	0.00e+00	0.00e+00	0.00e+00	8.37e-80
 4.82317e+13	6.60e-27	2.80e-19	1.26e-12	7.45e-07	9.11e-01	8.88e-02	1.16e-05	0.00e+00	0.00e+00	0.00e+00	0.00e+00	0.00e+00	5.89e-93
 4.99862e+13	8.69e-27	3.47e-19	1.47e-12	8.08e-07	9.17e-01	8.29e-02	1.01e-05	0.00e+00	0.00e+00	0.00e+00	0.00e+00	0.00e+00	3.44e-79
 5.16141e+13	1.11e-26	4.19e-19	1.68e-12	8.69e-07	9.22e-01	7.79e-02	8.84e-06	0.00e+00	0.00e+00	0.00e+00	0.00e+00	0.00e+00	3.22e-92
 5.31207e+13	1.39e-26	4.97e-19	1.89e-12	9.27e-07	9.26e-01	7.38e-02	7.88e-06	0.00e+00	0.00e+00	0.00e+00	0.00e+00	0.00e+00	1.20e-78
 5.48393e+13	1.77e-26	6.00e-19	2.16e-12	9.95e-07	9.31e-01	6.94e-02	6.93e-06	0.00e+00	0.00e+00	0.00e+00	0.00e+00	0.00e+00	1.47e-91
 5.69418e+13	2.37e-26	7.51e-19	2.53e-12	1.08e-06	9.35e-01	6.45e-02	5.97e-06	0.00e+00	0.00e+00	0.00e+00	0.00e+00	0.00e+00	5.09e-78
 5.90392e+13	3.13e-26	9.28e-19	2.93e-12	1.17e-06	9.40e-01	6.01e-02	5.16e-06	0.00e+00	0.00e+00	0.00e+00	0.00e+00	0.00e+00	9.44e-91
 6.08667e+13	3.96e-26	1.11e-18	3.33e-12	1.25e-06	9.43e-01	5.67e-02	4.57e-06	0.00e+00	0.00e+00	0.00e+00	0.00e+00	0.00e+00	2.03e-77
 6.28477e+13	5.09e-26	1.35e-18	3.79e-12	1.34e-06	9.47e-01	5.33e-02	4.03e-06	0.00e+00	0.00e+00	0.00e+00	0.00e+00	0.00e+00	4.60e-90
 6.52617e+13	6.84e-26	1.69e-18	4.42e-12	1.45e-06	9.50e-01	4.96e-02	3.47e-06	0.00e+00	0.00e+00	0.00e+00	0.00e+00	0.00e+00	8.94e-77
 6.77181e+13	9.08e-26	2.09e-18	5.14e-12	1.57e-06	9.54e-01	4.61e-02	2.99e-06	0.00e+00	0.00e+00	0.00e+00	0.00e+00	0.00e+00	1.93e-76
 6.99426e+13	1.17e-25	2.54e-18	5.86e-12	1.68e-06	9.57e-01	4.33e-02	2.63e-06	0.00e+00	0.00e+00	0.00e+00	0.00e+00	0.00e+00	3.85e-76
 7.23860e+13	1.53e-25	3.12e-18	6.74e-12	1.81e-06	9.59e-01	4.06e-02	2.30e-06	0.00e+00	0.00e+00	0.00e+00	0.00e+00	0.00e+00	8.04e-76
 7.52574e+13	2.08e-25	3.93e-18	7.89e-12	1.96e-06	9.62e-01	3.76e-02	1.98e-06	0.00e+00	0.00e+00	0.00e+00	0.00e+00	0.00e+00	1.86e-75
 7.81171e+13	2.78e-25	4.90e-18	9.17e-12	2.12e-06	9.65e-01	3.50e-02	1.70e-06	0.00e+00	0.00e+00	0.00e+00	0.00e+00	0.00e+00	4.09e-75
 8.08105e+13	3.64e-25	6.00e-18	1.05e-11	2.27e-06	9.67e-01	3.28e-02	1.49e-06	0.00e+00	0.00e+00	0.00e+00	0.00e+00	0.00e+00	8.53e-75
 8.37921e+13	4.85e-25	7.45e-18	1.22e-11	2.44e-06	9.69e-01	3.06e-02	1.29e-06	0.00e+00	0.00e+00	0.00e+00	0.00e+00	0.00e+00	1.87e-74
 8.71737e+13	6.64e-25	9.44e-18	1.43e-11	2.65e-06	9.72e-01	2.83e-02	1.11e-06	0.00e+00	0.00e+00	0.00e+00	0.00e+00	0.00e+00	4.45e-74
 9.05807e+13	8.97e-25	1.18e-17	1.66e-11	2.87e-06	9.74e-01	2.63e-02	9.53e-07	0.00e+00	0.00e+00	0.00e+00	0.00e+00	0.00e+00	1.01e-73
 9.41239e+13	1.22e-24	1.49e-17	1.94e-11	3.10e-06	9.76e-01	2.44e-02	0.00e+00	0.00e+00	0.00e+00	0.00e+00	0.00e+00	0.00e+00	2.34e-73
 9.79188e+13	1.67e-24	1.89e-17	2.27e-11	3.35e-06	9.77e-01	2.26e-02	0.00e+00	0.00e+00	0.00e+00	0.00e+00	0.00e+00	0.00e+00	5.57e-73
 1.01865e+14	2.28e-24	2.39e-17	2.66e-11	3.63e-06	9.79e-01	2.10e-02	0.00e+00	0.00e+00	0.00e+00	0.00e+00	0.00e+00	0.00e+00	1.32e-72
 1.05679e+14	3.04e-24	2.97e-17	3.08e-11	3.91e-06	9.80e-01	1.95e-02	0.00e+00	0.00e+00	0.00e+00	0.00e+00	0.00e+00	0.00e+00	2.90e-72
 1.09258e+14	3.97e-24	3.62e-17	3.52e-11	4.18e-06	9.82e-01	1.83e-02	0.00e+00	0.00e+00	0.00e+00	0.00e+00	0.00e+00	0.00e+00	6.03e-72
 1.12643e+14	5.06e-24	4.36e-17	3.97e-11	4.44e-06	9.83e-01	1.73e-02	0.00e+00	0.00e+00	0.00e+00	0.00e+00	0.00e+00	0.00e+00	1.18e-71
 1.16344e+14	6.54e-24	5.28e-17	4.52e-11	4.74e-06	9.84e-01	1.62e-02	0.00e+00	0.00e+00	0.00e+00	0.00e+00	1.70e-17	3.58e-17	2.39e-71
 1.20450e+14	8.57e-24	6.48e-17	5.19e-11	5.08e-06	9.85e-01	1.51e-02	0.00e+00	0.00e+00	0.00e+00	0.00e+00	2.15e-17	4.33e-17	5.03e-71
 1.24284e+14	1.10e-23	7.81e-17	5.88e-11	5.41e-06	9.86e-01	1.42e-02	0.00e+00	0.00e+00	0.00e+00	0.00e+00	2.59e-17	5.22e-17	1.00e-70
 1.28466e+14	1.43e-23	9.53e-17	6.70e-11	5.77e-06	9.87e-01	1.34e-02	0.00e+00	0.00e+00	0.00e+00	0.00e+00	3.16e-17	6.36e-17	2.08e-70
 1.33462e+14	1.94e-23	1.19e-16	7.80e-11	6.23e-06	9.88e-01	1.24e-02	0.00e+00	0.00e+00	0.00e+00	0.00e+00	3.97e-17	7.98e-17	4.76e-70
 1.38390e+14	2.56e-23	1.48e-16	9.02e-11	6.71e-06	9.88e-01	1.15e-02	0.00e+00	0.00e+00	0.00e+00	0.00e+00	4.90e-17	9.86e-17	1.02e-69
 1.42833e+14	3.29e-23	1.78e-16	1.02e-10	7.14e-06	9.89e-01	1.08e-02	0.00e+00	0.00e+00	0.00e+00	0.00e+00	5.91e-17	1.19e-16	2.05e-69
 1.47772e+14	4.31e-23	2.18e-16	1.17e-10	7.64e-06	9.90e-01	1.01e-02	0.00e+00	0.00e+00	0.00e+00	0.00e+00	7.25e-17	1.46e-16	4.32e-69
 1.53590e+14	5.82e-23	2.74e-16	1.37e-10	8.26e-06	9.91e-01	9.40e-03	0.00e+00	0.00e+00	0.00e+00	0.00e+00	9.08e-17	1.83e-16	9.79e-69
 1.59469e+14	7.84e-23	3.43e-16	1.59e-10	8.90e-06	9.91e-01	8.73e-03	0.00e+00	0.00e+00	0.00e+00	0.00e+00	1.14e-16	2.29e-16	2.24e-68
 1.65584e+14	1.04e-22	4.26e-16	1.85e-10	9.61e-06	9.92e-01	8.09e-03	0.00e+00	0.00e+00	0.00e+00	0.00e+00	1.41e-16	2.85e-16	4.90e-68
 1.71636e+14	1.39e-22	5.29e-16	2.13e-10	1.03e-05	9.92e-01	7.54e-03	0.00e+00	0.00e+00	0.00e+00	0.00e+00	1.75e-16	3.53e-16	1.08e-67
 1.76963e+14	1.76e-22	6.30e-16	2.41e-10	1.10e-05	9.93e-01	7.09e-03	0.00e+00	0.00e+00	0.00e+00	0.00e+00	2.09e-16	4.21e-16	2.04e-67
 1.82797e+14	2.27e-22	7.66e-16	2.74e-10	1.17e-05	9.93e-01	6.65e-03	0.00e+00	0.00e+00	0.00e+00	0.00e+00	2.54e-16	5.12e-16	4.16e-67
 1.89831e+14	3.03e-22	9.53e-16	3.19e-10	1.27e-05	9.94e-01	6.16e-03	0.00e+00	0.00e+00	0.00e+00	0.00e+00	3.16e-16	6.37e-16	9.14e-67
 1.96833e+14	4.00e-22	1.18e-15	3.69e-10	1.36e-05	9.94e-01	5.73e-03	0.00e+00	0.00e+00	0.00e+00	0.00e+00	3.91e-16	7.87e-16	1.97e-66
 2.03105e+14	5.10e-22	1.42e-15	4.19e-10	1.45e-05	9.95e-01	5.38e-03	0.00e+00	0.00e+00	0.00e+00	0.00e+00	4.70e-16	9.46e-16	3.84e-66
 2.10022e+14	6.63e-22	1.73e-15	4.79e-10	1.55e-05	9.95e-01	5.04e-03	0.00e+00	0.00e+00	0.00e+00	0.00e+00	5.74e-16	1.16e-15	7.94e-66
 2.18226e+14	8.86e-22	2.15e-15	5.59e-10	1.68e-05	9.95e-01	4.66e-03	0.00e+00	0.00e+00	0.00e+00	0.00e+00	7.14e-16	1.44e-15	1.75e-65
 2.26315e+14	1.18e-21	2.68e-15	6.47e-10	1.81e-05	9.96e-01	4.33e-03	0.00e+00	0.00e+00	0.00e+00	0.00e+00	8.87e-16	1.79e-15	3.85e-65
 2.33723e+14	1.50e-21	3.22e-15	7.37e-10	1.93e-05	9.96e-01	4.06e-03	0.00e+00	0.00e+00	0.00e+00	0.00e+00	1.07e-15	2.15e-15	7.42e-65
 2.42035e+14	1.97e-21	3.96e-15	8.47e-10	2.07e-05	9.96e-01	3.78e-03	0.00e+00	0.00e+00	0.00e+00	0.00e+00	1.31e-15	2.65e-15	1.58e-64
 2.51682e+14	2.63e-21	4.94e-15	9.93e-10	2.25e-05	9.96e-01	3.49e-03	0.00e+00	0.00e+00	0.00e+00	0.00e+00	1.64e-15	3.30e-15	3.49e-64
 2.61123e+14	3.49e-21	6.12e-15	1.15e-09	2.42e-05	9.97e-01	3.24e-03	0.00e+00	0.00e+00	0.00e+00	0.00e+00	2.03e-15	4.09e-15	7.58e-64
 2.70052e+14	4.51e-21	7.46e-15	1.32e-09	2.59e-05	9.97e-01	3.03e-03	0.00e+00	0.00e+00	0.00e+00	0.00e+00	2.47e-15	4.99e-15	1.55e-63
 2.79995e+14	5.93e-21	9.19e-15	1.52e-09	2.79e-05	9.97e-01	2.82e-03	0.00e+00	0.00e+00	0.00e+00	0.00e+00	3.05e-15	6.15e-15	3.30e-63
 2.91224e+14	7.91e-21	1.15e-14	1.78e-09	3.03e-05	9.97e-01	2.60e-03	0.00e+00	0.00e+00	0.00e+00	0.00e+00	3.80e-15	7.66e-15	7.26e-63
 3.02473e+14	1.06e-20	1.44e-14	2.07e-09	3.27e-05	9.98e-01	2.41e-03	0.00e+00	0.00e+00	0.00e+00	0.00e+00	4.76e-15	9.60e-15	1.65e-62
 3.13058e+14	1.36e-20	1.74e-14	2.38e-09	3.51e-05	9.98e-01	2.24e-03	0.00e+00	0.00e+00	0.00e+00	0.00e+00	5.75e-15	1.16e-14	3.26e-62
 3.24497e+14	1.79e-20	2.15e-14	2.75e-09	3.77e-05	9.98e-01	2.09e-03	0.00e+00	0.00e+00	0.00e+00	0.00e+00	7.11e-15	1.44e-14	7.02e-62
 3.37507e+14	2.39e-20	2.67e-14	3.22e-09	4.09e-05	9.98e-01	1.93e-03	0.00e+00	0.00e+00	0.00e+00	0.00e+00	8.84e-15	1.79e-14	1.53e-61
 3.49781e+14	3.11e-20	3.27e-14	3.72e-09	4.39e-05	9.98e-01	1.79e-03	0.00e+00	0.00e+00	0.00e+00	0.00e+00	1.08e-14	2.19e-14	3.20e-61
 3.60850e+14	3.94e-20	3.93e-14	4.21e-09	4.68e-05	9.98e-01	1.68e-03	0.00e+00	0.00e+00	0.00e+00	0.00e+00	1.30e-14	2.63e-14	6.19e-61
 3.71361e+14	4.87e-20	4.62e-14	4.72e-09	4.96e-05	9.98e-01	1.59e-03	0.00e+00	0.00e+00	0.00e+00	0.00e+00	1.53e-14	3.09e-14	1.11e-60
 3.83054e+14	6.07e-20	5.47e-14	5.35e-09	5.28e-05	9.98e-01	1.49e-03	0.00e+00	0.00e+00	0.00e+00	0.00e+00	1.81e-14	3.66e-14	2.04e-60
 3.96059e+14	7.84e-20	6.66e-14	6.11e-09	5.65e-05	9.99e-01	1.39e-03	0.00e+00	0.00e+00	0.00e+00	0.00e+00	2.21e-14	4.46e-14	4.17e-60
 4.08302e+14	9.68e-20	7.85e-14	6.91e-09	6.01e-05	9.99e-01	1.31e-03	0.00e+00	0.00e+00	0.00e+00	0.00e+00	2.60e-14	5.25e-14	7.45e-60
 4.21753e+14	1.23e-19	9.45e-14	7.86e-09	6.42e-05	9.99e-01	1.23e-03	0.00e+00	0.00e+00	0.00e+00	0.00e+00	3.12e-14	6.32e-14	1.46e-59
 4.36812e+14	1.60e-19	1.16e-13	9.04e-09	6.89e-05	9.99e-01	1.14e-03	0.00e+00	0.00e+00	0.00e+00	0.00e+00	3.83e-14	7.75e-14	3.05e-59
 4.51067e+14	2.00e-19	1.38e-13	1.03e-08	7.36e-05	9.99e-01	1.07e-03	0.00e+00	0.00e+00	0.00e+00	0.00e+00	4.55e-14	9.21e-14	5.64e-59
 4.66704e+14	2.60e-19	1.68e-13	1.18e-08	7.89e-05	9.99e-01	9.97e-04	0.00e+00	0.00e+00	0.00e+00	0.00e+00	5.55e-14	1.12e-13	1.16e-58
 4.83974e+14	3.33e-19	2.04e-13	1.36e-08	8.50e-05	9.99e-01	9.24e-04	0.00e+00	0.00e+00	0.00e+00	0.00e+00	6.73e-14	1.36e-13	2.31e-58
 4.99864e+14	4.23e-19	2.45e-13	1.55e-08	9.07e-05	9.99e-01	8.66e-04	0.00e+00	0.00e+00	0.00e+00	0.00e+00	8.09e-14	1.64e-13	4.52e-58
 5.17018e+14	5.42e-19	2.97e-13	1.78e-08	9.72e-05	9.99e-01	8.08e-04	0.00e+00	0.00e+00	0.00e+00	0.00e+00	9.82e-14	1.99e-13	9.07e-58
 5.36239e+14	6.96e-19	3.61e-13	2.06e-08	1.05e-04	9.99e-01	7.49e-04	0.00e+00	0.00e+00	0.00e+00	0.00e+00	1.19e-13	2.42e-13	1.82e-57
 5.54345e+14	8.93e-19	4.38e-13	2.35e-08	1.12e-04	9.99e-01	7.00e-04	0.00e+00	0.00e+00	0.00e+00	0.00e+00	1.45e-13	2.94e-13	3.65e-57
 5.74078e+14	1.13e-18	5.27e-13	2.70e-08	1.20e-04	9.99e-01	6.51e-04	0.00e+00	0.00e+00	0.00e+00	0.00e+00	1.74e-13	3.53e-13	7.07e-57
 5.95961e+14	1.49e-18	6.55e-13	3.14e-08	1.30e-04	9.99e-01	6.03e-04	0.00e+00	0.00e+00	0.00e+00	0.00e+00	2.16e-13	4.39e-13	1.55e-56
 6.16424e+14	1.88e-18	7.84e-13	3.60e-08	1.39e-04	9.99e-01	5.62e-04	0.00e+00	0.00e+00	0.00e+00	0.00e+00	2.58e-13	5.25e-13	2.94e-56
 6.38696e+14	2.43e-18	9.58e-13	4.15e-08	1.50e-04	9.99e-01	5.23e-04	0.00e+00	0.00e+00	0.00e+00	0.00e+00	3.16e-13	6.42e-13	6.06e-56
 6.63593e+14	3.15e-18	1.17e-12	4.84e-08	1.62e-04	9.99e-01	4.82e-04	0.00e+00	0.00e+00	0.00e+00	0.00e+00	3.86e-13	7.86e-13	1.24e-55
 6.87168e+14	4.05e-18	1.43e-12	5.56e-08	1.74e-04	9.99e-01	4.49e-04	0.00e+00	0.00e+00	0.00e+00	0.00e+00	4.71e-13	9.59e-13	2.54e-55
 7.12366e+14	5.17e-18	1.73e-12	6.43e-08	1.88e-04	9.99e-01	4.16e-04	0.00e+00	0.00e+00	0.00e+00	0.00e+00	5.70e-13	1.16e-12	5.03e-55
 7.40890e+14	6.80e-18	2.15e-12	7.52e-08	2.04e-04	9.99e-01	3.83e-04	0.00e+00	0.00e+00	0.00e+00	0.00e+00	7.09e-13	1.44e-12	1.10e-54
 7.69050e+14	8.76e-18	2.62e-12	8.75e-08	2.21e-04	9.99e-01	3.54e-04	0.00e+00	0.00e+00	0.00e+00	0.00e+00	8.63e-13	1.76e-12	2.23e-54
 7.96234e+14	1.11e-17	3.18e-12	1.01e-07	2.37e-04	9.99e-01	3.29e-04	0.00e+00	0.00e+00	0.00e+00	0.00e+00	1.04e-12	2.13e-12	4.41e-54
 8.26010e+14	1.41e-17	3.85e-12	1.17e-07	2.56e-04	9.99e-01	3.04e-04	0.00e+00	0.00e+00	0.00e+00	0.00e+00	1.26e-12	2.58e-12	8.71e-54
 8.59081e+14	1.84e-17	4.74e-12	1.37e-07	2.79e-04	9.99e-01	2.80e-04	0.00e+00	0.00e+00	0.00e+00	0.00e+00	1.56e-12	3.19e-12	1.84e-53
 8.87249e+14	2.29e-17	5.67e-12	1.56e-07	2.98e-04	9.99e-01	2.61e-04	0.00e+00	0.00e+00	0.00e+00	0.00e+00	1.86e-12	3.81e-12	3.49e-53
 9.08226e+14	2.68e-17	6.41e-12	1.71e-07	3.14e-04	9.99e-01	2.48e-04	0.00e+00	0.00e+00	0.00e+00	0.00e+00	2.11e-12	4.30e-12	5.41e-53
 9.30462e+14	3.14e-17	7.29e-12	1.89e-07	3.31e-04	9.99e-01	2.35e-04	0.00e+00	0.00e+00	0.00e+00	0.00e+00	2.39e-12	4.89e-12	8.55e-53
 9.59369e+14	3.84e-17	8.55e-12	2.14e-07	3.53e-04	9.99e-01	2.20e-04	0.00e+00	0.00e+00	0.00e+00	0.00e+00	2.81e-12	5.74e-12	1.51e-52
 9.91004e+14	4.76e-17	1.02e-11	2.44e-07	3.79e-04	9.99e-01	2.05e-04	0.00e+00	3.97e-18	1.19e-17	1.99e-17	3.34e-12	6.83e-12	2.81e-52
 1.01994e+15	5.75e-17	1.18e-11	2.74e-07	4.03e-04	9.99e-01	1.93e-04	0.00e+00	4.81e-18	1.44e-17	2.41e-17	3.89e-12	7.96e-12	4.87e-52
 1.05130e+15	6.97e-17	1.39e-11	3.10e-07	4.31e-04	9.99e-01	1.80e-04	0.00e+00	5.82e-18	1.75e-17	2.92e-17	4.56e-12	9.33e-12	8.60e-52
 1.09042e+15	8.81e-17	1.68e-11	3.59e-07	4.67e-04	9.99e-01	1.66e-04	0.00e+00	7.37e-18	2.21e-17	3.70e-17	5.51e-12	1.13e-11	1.69e-51
 1.12949e+15	1.11e-16	2.02e-11	4.14e-07	5.04e-04	9.99e-01	1.54e-04	0.00e+00	9.25e-18	2.78e-17	4.64e-17	6.64e-12	1.36e-11	3.33e-51
 1.16296e+15	1.34e-16	2.36e-11	4.66e-07	5.38e-04	9.99e-01	1.44e-04	0.00e+00	1.12e-17	3.36e-17	5.61e-17	7.73e-12	1.58e-11	5.80e-51
 1.19926e+15	1.62e-16	2.76e-11	5.29e-07	5.76e-04	9.99e-01	1.35e-04	0.00e+00	1.36e-17	4.08e-17	6.82e-17	9.07e-12	1.86e-11	1.03e-50
 1.24419e+15	2.05e-16	3.35e-11	6.14e-07	6.26e-04	9.99e-01	1.24e-04	0.00e+00	1.72e-17	5.17e-17	8.64e-17	1.10e-11	2.25e-11	2.07e-50
 1.28980e+15	2.57e-16	4.04e-11	7.10e-07	6.78e-04	9.99e-01	1.15e-04	0.00e+00	2.16e-17	6.48e-17	1.08e-16	1.32e-11	2.71e-11	4.10e-50
 1.33004e+15	3.13e-16	4.74e-11	8.05e-07	7.26e-04	9.99e-01	1.07e-04	0.00e+00	2.63e-17	7.89e-17	1.32e-16	1.56e-11	3.19e-11	7.40e-50
 1.37380e+15	3.85e-16	5.61e-11	9.18e-07	7.82e-04	9.99e-01	9.95e-05	0.00e+00	3.24e-17	9.74e-17	1.63e-16	1.84e-11	3.77e-11	1.38e-49
 1.42652e+15	4.90e-16	6.84e-11	1.07e-06	8.51e-04	9.99e-01	9.14e-05	0.00e+00	4.13e-17	1.24e-16	2.07e-16	2.24e-11	4.60e-11	2.87e-49
 1.47877e+15	6.14e-16	8.24e-11	1.24e-06	9.23e-04	9.99e-01	8.43e-05	0.00e+00	5.19e-17	1.56e-16	2.60e-16	2.70e-11	5.54e-11	5.76e-49
 1.52536e+15	7.35e-16	9.62e-11	1.40e-06	9.89e-04	9.99e-01	7.87e-05	0.00e+00	6.21e-17	1.87e-16	3.12e-16	3.16e-11	6.47e-11	1.03e-48
 1.57672e+15	9.15e-16	1.15e-10	1.60e-06	1.07e-03	9.99e-01	7.30e-05	0.00e+00	7.74e-17	2.32e-16	3.88e-16	3.77e-11	7.72e-11	2.00e-48
 1.63788e+15	1.16e-15	1.40e-10	1.87e-06	1.16e-03	9.99e-01	6.70e-05	0.00e+00	9.84e-17	2.95e-16	4.94e-16	4.59e-11	9.41e-11	4.23e-48
 1.69868e+15	1.46e-15	1.69e-10	2.16e-06	1.26e-03	9.99e-01	6.17e-05	0.00e+00	1.24e-16	3.72e-16	6.21e-16	5.55e-11	1.14e-10	8.68e-48
 1.75449e+15	1.76e-15	1.99e-10	2.46e-06	1.36e-03	9.99e-01	5.74e-05	0.00e+00	1.50e-16	4.49e-16	7.50e-16	6.52e-11	1.34e-10	1.60e-47
 1.81693e+15	2.24e-15	2.40e-10	2.84e-06	1.47e-03	9.98e-01	5.30e-05	0.00e+00	1.90e-16	5.70e-16	9.53e-16	7.90e-11	1.62e-10	3.34e-47
 1.88928e+15	2.84e-15	2.95e-10	3.32e-06	1.60e-03	9.98e-01	4.86e-05	0.00e+00	2.42e-16	7.26e-16	1.21e-15	9.67e-11	1.98e-10	7.37e-47
 1.96044e+15	3.58e-15	3.58e-10	3.85e-06	1.74e-03	9.98e-01	4.47e-05	0.00e+00	3.05e-16	9.17e-16	1.53e-15	1.17e-10	2.40e-10	1.58e-46
 2.02864e+15	4.44e-15	4.28e-10	4.41e-06	1.88e-03	9.98e-01	4.14e-05	0.00e+00	3.79e-16	1.14e-15	1.90e-15	1.41e-10	2.87e-10	3.20e-46
 2.08845e+15	5.34e-15	4.99e-10	4.95e-06	2.01e-03	9.98e-01	3.88e-05	0.00e+00	4.56e-16	1.37e-15	2.29e-15	1.64e-10	3.35e-10	5.86e-46
 2.13777e+15	6.21e-15	5.64e-10	5.44e-06	2.12e-03	9.98e-01	3.68e-05	0.00e+00	5.31e-16	1.59e-15	2.66e-15	1.85e-10	3.79e-10	9.59e-46
 2.19206e+15	7.28e-15	6.45e-10	6.01e-06	2.24e-03	9.98e-01	3.48e-05	0.00e+00	6.23e-16	1.87e-15	3.12e-15	2.12e-10	4.33e-10	1.63e-45
 2.26263e+15	8.84e-15	7.61e-10	6.82e-06	2.41e-03	9.98e-01	3.24e-05	0.00e+00	7.57e-16	2.27e-15	3.80e-15	2.50e-10	5.11e-10	3.15e-45
 2.33698e+15	1.09e-14	9.07e-10	7.76e-06	2.59e-03	9.97e-01	3.02e-05	0.00e+00	9.39e-16	2.82e-15	4.71e-15	2.98e-10	6.08e-10	6.33e-45
 2.40111e+15	1.30e-14	1.05e-09	8.65e-06	2.75e-03	9.97e-01	2.84e-05	0.00e+00	1.12e-15	3.35e-15	5.60e-15	3.45e-10	7.03e-10	1.13e-44
 2.46936e+15	1.55e-14	1.21e-09	9.67e-06	2.93e-03	9.97e-01	2.67e-05	0.00e+00	1.33e-15	4.00e-15	6.67e-15	4.00e-10	8.15e-10	2.03e-44
 2.55809e+15	1.96e-14	1.47e-09	1.11e-05	3.17e-03	9.97e-01	2.47e-05	0.00e+00	1.68e-15	5.05e-15	8.44e-15	4.85e-10	9.88e-10	4.38e-44
 2.64963e+15	2.42e-14	1.77e-09	1.28e-05	3.44e-03	9.97e-01	2.29e-05	0.00e+00	2.09e-15	6.26e-15	1.05e-14	5.83e-10	1.19e-09	9.15e-44
 2.72623e+15	2.94e-14	2.08e-09	1.43e-05	3.66e-03	9.96e-01	2.15e-05	0.00e+00	2.54e-15	7.62e-15	1.27e-14	6.84e-10	1.39e-09	1.72e-43
 2.80719e+15	3.53e-14	2.43e-09	1.61e-05	3.91e-03	9.96e-01	2.02e-05	0.00e+00	3.05e-15	9.15e-15	1.53e-14	7.99e-10	1.63e-09	3.19e-43
 2.91003e+15	4.44e-14	2.95e-09	1.86e-05	4.23e-03	9.96e-01	1.87e-05	0.00e+00	3.84e-15	1.15e-14	1.93e-14	9.72e-10	1.98e-09	6.92e-43
 3.01808e+15	5.67e-14	3.61e-09	2.15e-05	4.59e-03	9.95e-01	1.73e-05	0.00e+00	4.91e-15	1.47e-14	2.46e-14	1.19e-09	2.42e-09	1.57e-42
 3.11460e+15	6.97e-14	4.30e-09	2.44e-05	4.92e-03	9.95e-01	1.61e-05	0.00e+00	6.04e-15	1.81e-14	3.03e-14	1.42e-09	2.88e-09	3.10e-42
 3.21933e+15	8.58e-14	5.14e-09	2.78e-05	5.30e-03	9.95e-01	1.51e-05	0.00e+00	7.45e-15	2.24e-14	3.73e-14	1.69e-09	3.44e-09	6.24e-42
 3.34411e+15	1.11e-13	6.36e-09	3.24e-05	5.77e-03	9.94e-01	1.39e-05	0.00e+00	9.61e-15	2.88e-14	4.81e-14	2.10e-09	4.26e-09	1.45e-41
 3.46729e+15	1.39e-13	7.75e-09	3.74e-05	6.24e-03	9.94e-01	1.29e-05	0.00e+00	1.21e-14	3.63e-14	6.06e-14	2.56e-09	5.19e-09	3.10e-41
 3.57902e+15	1.71e-13	9.25e-09	4.24e-05	6.70e-03	9.93e-01	1.21e-05	0.00e+00	1.49e-14	4.47e-14	7.47e-14	3.05e-09	6.20e-09	6.17e-41
 3.70352e+15	2.10e-13	1.11e-08	4.86e-05	7.22e-03	9.93e-01	1.13e-05	0.00e+00	1.83e-14	5.50e-14	9.18e-14	3.65e-09	7.41e-09	1.22e-40
 3.84939e+15	2.75e-13	1.39e-08	5.68e-05	7.87e-03	9.92e-01	1.04e-05	0.00e+00	2.40e-14	7.21e-14	1.20e-13	4.59e-09	9.31e-09	2.88e-40
 3.99333e+15	3.51e-13	1.71e-08	6.57e-05	8.53e-03	9.91e-01	9.70e-06	0.00e+00	3.07e-14	9.20e-14	1.54e-13	5.66e-09	1.15e-08	6.36e-40
 4.12876e+15	4.37e-13	2.07e-08	7.51e-05	9.18e-03	9.91e-01	9.09e-06	0.00e+00	3.82e-14	1.15e-13	1.91e-13	6.84e-09	1.39e-08	1.29e-39
 4.27966e+15	5.44e-13	2.50e-08	8.67e-05	9.92e-03	9.90e-01	8.49e-06	0.00e+00	4.77e-14	1.43e-13	2.39e-13	8.27e-09	1.67e-08	2.64e-39
 4.45088e+15	7.24e-13	3.19e-08	1.02e-04	1.08e-02	9.89e-01	7.88e-06	0.00e+00	6.36e-14	1.91e-13	3.18e-13	1.05e-08	2.13e-08	6.64e-39
 4.59409e+15	8.94e-13	3.82e-08	1.15e-04	1.16e-02	9.88e-01	7.45e-06	0.00e+00	7.85e-14	2.35e-13	3.93e-13	1.26e-08	2.56e-08	1.30e-38
 4.69646e+15	1.03e-12	4.34e-08	1.26e-04	1.22e-02	9.88e-01	7.16e-06	0.00e+00	9.08e-14	2.72e-13	4.55e-13	1.43e-08	2.90e-08	2.07e-38
 4.80329e+15	1.20e-12	4.94e-08	1.38e-04	1.28e-02	9.87e-01	6.88e-06	0.00e+00	1.06e-13	3.17e-13	5.29e-13	1.63e-08	3.31e-08	3.35e-38
 4.94218e+15	1.43e-12	5.73e-08	1.55e-04	1.36e-02	9.86e-01	6.54e-06	0.00e+00	1.26e-13	3.77e-13	6.28e-13	1.90e-08	3.84e-08	5.73e-38
 5.09731e+15	1.79e-12	6.97e-08	1.75e-04	1.46e-02	9.85e-01	6.21e-06	0.00e+00	1.58e-13	4.74e-13	7.91e-13	2.31e-08	4.66e-08	1.18e-37
 5.24236e+15	2.12e-12	8.08e-08	1.96e-04	1.55e-02	9.84e-01	5.93e-06	0.00e+00	1.87e-13	5.62e-13	9.37e-13	2.67e-08	5.40e-08	1.98e-37
 5.39972e+15	2.63e-12	9.73e-08	2.21e-04	1.65e-02	9.83e-01	5.65e-06	0.00e+00	2.32e-13	6.95e-13	1.16e-12	3.22e-08	6.51e-08	3.90e-37
 5.57536e+15	3.26e-12	1.17e-07	2.52e-04	1.77e-02	9.82e-01	5.37e-06	0.00e+00	2.88e-13	8.64e-13	1.44e-12	3.89e-08	7.86e-08	7.51e-37
 5.74127e+15	3.91e-12	1.37e-07	2.84e-04	1.88e-02	9.81e-01	5.14e-06	0.00e+00	3.45e-13	1.04e-12	1.73e-12	4.55e-08	9.18e-08	1.29e-36
 5.92348e+15	4.81e-12	1.65e-07	3.22e-04	2.02e-02	9.80e-01	4.90e-06	0.00e+00	4.26e-13	1.28e-12	2.13e-12	5.45e-08	1.10e-07	2.44e-36
 6.12737e+15	6.19e-12	2.05e-07	3.70e-04	2.17e-02	9.78e-01	4.68e-06	0.00e+00	5.48e-13	1.64e-12	2.74e-12	6.78e-08	1.37e-07	5.32e-36
 6.31958e+15	7.62e-12	2.46e-07	4.20e-04	2.32e-02	9.76e-01	4.48e-06	0.00e+00	6.75e-13	2.03e-12	3.38e-12	8.14e-08	1.64e-07	9.68e-36
 6.52957e+15	9.51e-12	2.97e-07	4.81e-04	2.49e-02	9.75e-01	4.29e-06	0.00e+00	8.43e-13	2.53e-12	4.22e-12	9.84e-08	1.99e-07	1.86e-35
 6.76051e+15	1.19e-11	3.60e-07	5.55e-04	2.69e-02	9.73e-01	4.10e-06	0.00e+00	1.06e-12	3.17e-12	5.29e-12	1.19e-07	2.41e-07	3.53e-35
 6.97417e+15	1.50e-11	4.42e-07	6.32e-04	2.88e-02	9.71e-01	3.96e-06	0.00e+00	1.33e-12	4.00e-12	6.68e-12	1.47e-07	2.96e-07	7.15e-35
 7.20744e+15	1.88e-11	5.36e-07	7.24e-04	3.10e-02	9.68e-01	3.81e-06	0.00e+00	1.67e-12	5.01e-12	8.36e-12	1.78e-07	3.59e-07	1.36e-34
 7.46425e+15	2.37e-11	6.52e-07	8.38e-04	3.34e-02	9.66e-01	3.66e-06	0.00e+00	2.11e-12	6.32e-12	1.05e-11	2.16e-07	4.36e-07	2.58e-34
 7.70347e+15	2.95e-11	7.90e-07	9.56e-04	3.58e-02	9.63e-01	3.54e-06	0.00e+00	2.62e-12	7.86e-12	1.31e-11	2.62e-07	5.28e-07	4.80e-34
 7.96627e+15	3.82e-11	9.89e-07	1.10e-03	3.87e-02	9.60e-01	3.44e-06	0.00e+00	3.40e-12	1.02e-11	1.70e-11	3.28e-07	6.61e-07	1.02e-33
 8.25335e+15	4.86e-11	1.22e-06	1.28e-03	4.18e-02	9.57e-01	3.32e-06	0.00e+00	4.33e-12	1.30e-11	2.17e-11	4.05e-07	8.16e-07	1.97e-33
 8.50946e+15	5.99e-11	1.45e-06	1.46e-03	4.47e-02	9.54e-01	3.23e-06	0.00e+00	5.35e-12	1.60e-11	2.68e-11	4.83e-07	9.72e-07	3.42e-33
 8.77992e+15	7.49e-11	1.76e-06	1.67e-03	4.80e-02	9.50e-01	3.15e-06	0.00e+00	6.69e-12	2.01e-11	3.35e-11	5.85e-07	1.18e-06	6.24e-33
 9.07942e+15	9.74e-11	2.22e-06	1.94e-03	5.19e-02	9.46e-01	3.08e-06	0.00e+00	8.70e-12	2.61e-11	4.35e-11	7.36e-07	1.48e-06	1.32e-32
 9.35422e+15	1.20e-10	2.67e-06	2.21e-03	5.56e-02	9.42e-01	3.01e-06	0.00e+00	1.08e-11	3.23e-11	5.38e-11	8.87e-07	1.78e-06	2.32e-32
 9.64899e+15	1.52e-10	3.24e-06	2.54e-03	5.97e-02	9.38e-01	2.94e-06	0.00e+00	1.36e-11	4.07e-11	6.78e-11	1.08e-06	2.16e-06	4.14e-32
 9.94514e+15	1.88e-10	3.87e-06	2.90e-03	6.39e-02	9.33e-01	2.89e-06	0.00e+00	1.68e-11	5.05e-11	8.42e-11	1.28e-06	2.58e-06	6.97e-32
 1.01905e+16	2.25e-10	4.53e-06	3.24e-03	6.77e-02	9.29e-01	2.84e-06	0.00e+00	2.02e-11	6.05e-11	1.01e-10	1.50e-06	3.03e-06	1.12e-31
 1.04569e+16	2.75e-10	5.36e-06	3.65e-03	7.21e-02	9.24e-01	2.80e-06	0.00e+00	2.46e-11	7.39e-11	1.23e-10	1.78e-06	3.58e-06	1.85e-31
 1.07513e+16	3.46e-10	6.56e-06	4.15e-03	7.72e-02	9.19e-01	2.77e-06	0.00e+00	3.11e-11	9.33e-11	1.56e-10	2.18e-06	4.38e-06	3.42e-31
 1.10146e+16	4.15e-10	7.68e-06	4.65e-03	8.18e-02	9.14e-01	2.74e-06	0.00e+00	3.73e-11	1.12e-10	1.87e-10	2.55e-06	5.13e-06	5.38e-31
 1.12894e+16	5.07e-10	9.04e-06	5.23e-03	8.69e-02	9.08e-01	2.70e-06	0.00e+00	4.56e-11	1.37e-10	2.28e-10	3.00e-06	6.04e-06	8.62e-31
 1.16466e+16	6.61e-10	1.13e-05	6.10e-03	9.41e-02	9.00e-01	2.67e-06	0.00e+00	5.95e-11	1.78e-10	2.98e-10	3.75e-06	7.54e-06	1.68e-30
 1.20026e+16	8.33e-10	1.36e-05	7.06e-03	1.01e-01	8.92e-01	2.63e-06	0.00e+00	7.50e-11	2.25e-10	3.75e-10	4.50e-06	9.05e-06	2.67e-30
 1.22861e+16	1.02e-09	1.63e-05	7.95e-03	1.08e-01	8.84e-01	2.61e-06	0.00e+00	9.19e-11	2.76e-10	4.60e-10	5.42e-06	1.09e-05	4.64e-30
 1.25838e+16	1.26e-09	1.95e-05	9.01e-03	1.15e-01	8.76e-01	2.60e-06	0.00e+00	1.14e-10	3.41e-10	5.69e-10	6.47e-06	1.30e-05	7.62e-30
 1.29149e+16	1.57e-09	2.30e-05	1.03e-02	1.23e-01	8.67e-01	2.57e-06	0.00e+00	1.42e-10	4.26e-10	7.10e-10	7.65e-06	1.54e-05	1.18e-29
 1.32250e+16	1.97e-09	2.82e-05	1.17e-02	1.31e-01	8.57e-01	2.56e-06	0.00e+00	1.78e-10	5.35e-10	8.92e-10	9.36e-06	1.88e-05	2.13e-29
 1.35122e+16	2.40e-09	3.30e-05	1.32e-02	1.39e-01	8.47e-01	2.55e-06	0.00e+00	2.17e-10	6.50e-10	1.08e-09	1.10e-05	2.20e-05	3.19e-29
 1.38341e+16	3.05e-09	4.02e-05	1.52e-02	1.49e-01	8.35e-01	2.55e-06	0.00e+00	2.76e-10	8.28e-10	1.38e-09	1.34e-05	2.68e-05	5.63e-29
 1.41697e+16	3.81e-09	4.83e-05	1.74e-02	1.60e-01	8.23e-01	2.53e-06	0.00e+00	3.45e-10	1.04e-09	1.73e-09	1.61e-05	3.22e-05	9.01e-29
 1.44537e+16	4.62e-09	5.61e-05	1.96e-02	1.70e-01	8.11e-01	2.52e-06	0.00e+00	4.19e-10	1.26e-09	2.09e-09	1.87e-05	3.75e-05	1.33e-28
 1.47535e+16	5.72e-09	6.69e-05	2.23e-02	1.81e-01	7.97e-01	2.51e-06	0.00e+00	5.19e-10	1.56e-09	2.60e-09	2.23e-05	4.47e-05	2.12e-28
 1.50771e+16	7.48e-09	8.37e-05	2.58e-02	1.94e-01	7.80e-01	2.55e-06	0.00e+00	6.80e-10	2.04e-09	3.40e-09	2.79e-05	5.59e-05	4.08e-28
 1.53526e+16	9.09e-09	9.79e-05	2.90e-02	2.05e-01	7.66e-01	2.55e-06	5.26e-12	8.27e-10	2.48e-09	4.13e-09	3.26e-05	6.53e-05	6.01e-28
 1.55946e+16	1.08e-08	1.12e-04	3.23e-02	2.16e-01	7.52e-01	2.55e-06	0.00e+00	9.86e-10	2.96e-09	4.93e-09	3.73e-05	7.48e-05	8.54e-28
 1.58721e+16	1.39e-08	1.38e-04	3.69e-02	2.30e-01	7.33e-01	2.58e-06	0.00e+00	1.26e-09	3.79e-09	6.32e-09	4.59e-05	9.19e-05	1.57e-27
 1.61631e+16	1.73e-08	1.64e-04	4.21e-02	2.44e-01	7.13e-01	2.59e-06	6.01e-12	1.58e-09	4.72e-09	7.88e-09	5.46e-05	1.09e-04	2.43e-27
 1.64145e+16	2.09e-08	1.90e-04	4.73e-02	2.58e-01	6.94e-01	2.60e-06	0.00e+00	1.91e-09	5.73e-09	9.55e-09	6.33e-05	1.27e-04	3.55e-27
 1.66489e+16	2.55e-08	2.22e-04	5.31e-02	2.72e-01	6.75e-01	2.62e-06	0.00e+00	2.32e-09	6.97e-09	1.16e-08	7.41e-05	1.48e-04	5.43e-27
 1.68687e+16	3.09e-08	2.59e-04	5.92e-02	2.85e-01	6.55e-01	2.65e-06	0.00e+00	2.82e-09	8.46e-09	1.41e-08	8.63e-05	1.73e-04	8.28e-27
 1.70649e+16	3.69e-08	2.98e-04	6.54e-02	2.98e-01	6.36e-01	2.68e-06	7.40e-12	3.37e-09	1.01e-08	1.69e-08	9.94e-05	1.99e-04	1.23e-26
 1.72506e+16	4.38e-08	3.42e-04	7.20e-02	3.11e-01	6.17e-01	2.71e-06	0.00e+00	4.01e-09	1.20e-08	2.00e-08	1.14e-04	2.28e-04	1.80e-26
 1.74632e+16	5.35e-08	4.00e-04	8.06e-02	3.26e-01	5.92e-01	2.74e-06	8.40e-12	4.90e-09	1.47e-08	2.45e-08	1.33e-04	2.67e-04	2.78e-26
 1.76984e+16	6.72e-08	4.76e-04	9.15e-02	3.44e-01	5.64e-01	2.78e-06	0.00e+00	6.16e-09	1.85e-08	3.08e-08	1.59e-04	3.18e-04	4.57e-26
 1.79092e+16	8.33e-08	5.64e-04	1.03e-01	3.61e-01	5.36e-01	2.84e-06	1.01e-11	7.64e-09	2.29e-08	3.82e-08	1.88e-04	3.76e-04	7.43e-26
 1.80894e+16	1.03e-07	6.71e-04	1.14e-01	3.76e-01	5.09e-01	2.94e-06	0.00e+00	9.48e-09	2.84e-08	4.74e-08	2.24e-04	4.48e-04	1.29e-25
