#depth	He	He+	He+2
 1.49634e+10	3.70e-23	3.31e-12	1.00e+00
 4.54887e+10	4.13e-23	3.58e-12	1.00e+00
 7.72350e+10	4.60e-23	3.88e-12	1.00e+00
 1.10251e+11	5.12e-23	4.20e-12	1.00e+00
 1.44588e+11	5.71e-23	4.54e-12	1.00e+00
 1.80298e+11	6.37e-23	4.92e-12	1.00e+00
 2.17437e+11	7.12e-23	5.33e-12	1.00e+00
 2.56061e+11	7.97e-23	5.78e-12	1.00e+00
 2.96231e+11	8.93e-23	6.26e-12	1.00e+00
 3.38007e+11	1.00e-22	6.78e-12	1.00e+00
 3.78344e+11	1.12e-22	7.31e-12	1.00e+00
 4.16037e+11	1.23e-22	7.82e-12	1.00e+00
 4.58345e+11	1.37e-22	8.42e-12	1.00e+00
 5.05365e+11	1.55e-22	9.11e-12	1.00e+00
 5.50554e+11	1.73e-22	9.80e-12	1.00e+00
 5.98793e+11	1.93e-22	1.06e-11	1.00e+00
 6.52671e+11	2.19e-22	1.15e-11	1.00e+00
 7.06766e+11	2.48e-22	1.24e-11	1.00e+00
 7.63024e+11	2.80e-22	1.34e-11	1.00e+00
 8.23472e+11	3.19e-22	1.46e-11	1.00e+00
 8.86338e+11	3.63e-22	1.58e-11	1.00e+00
 9.51718e+11	4.15e-22	1.72e-11	1.00e+00
 1.01971e+12	4.74e-22	1.87e-11	1.00e+00
 1.09043e+12	5.42e-22	2.03e-11	1.00e+00
 1.16397e+12	6.22e-22	2.21e-11	1.00e+00
 1.24046e+12	7.13e-22	2.40e-11	1.00e+00
 1.32000e+12	8.19e-22	2.62e-11	1.00e+00
 1.39494e+12	9.32e-22	2.82e-11	1.00e+00
 1.46218e+12	1.04e-21	3.02e-11	1.00e+00
 1.53776e+12	1.17e-21	3.25e-11	1.00e+00
 1.62705e+12	1.35e-21	3.53e-11	1.00e+00
 1.71667e+12	1.55e-21	3.83e-11	1.00e+00
 1.80112e+12	1.75e-21	4.13e-11	1.00e+00
 1.89433e+12	2.00e-21	4.47e-11	1.00e+00
 2.00003e+12	2.32e-21	4.88e-11	1.00e+00
 2.10599e+12	2.67e-21	5.31e-11	1.00e+00
 2.21618e+12	3.08e-21	5.79e-11	1.00e+00
 2.33475e+12	3.57e-21	6.33e-11	1.00e+00
 2.44596e+12	4.09e-21	6.86e-11	1.00e+00
 2.54526e+12	4.60e-21	7.35e-11	1.00e+00
 2.65691e+12	5.21e-21	7.94e-11	1.00e+00
 2.78939e+12	6.04e-21	8.68e-11	1.00e+00
 2.92244e+12	6.96e-21	9.46e-11	1.00e+00
 3.04699e+12	7.91e-21	1.02e-10	1.00e+00
 3.18498e+12	9.05e-21	1.11e-10	1.00e+00
 3.34230e+12	1.05e-20	1.22e-10	1.00e+00
 3.49707e+12	1.21e-20	1.34e-10	1.00e+00
 3.64618e+12	1.38e-20	1.45e-10	1.00e+00
 3.81011e+12	1.59e-20	1.59e-10	1.00e+00
 3.99244e+12	1.85e-20	1.75e-10	1.00e+00
 4.17663e+12	2.13e-20	1.92e-10	1.00e+00
 4.36818e+12	2.46e-20	2.11e-10	1.00e+00
 4.56605e+12	2.83e-20	2.31e-10	1.00e+00
 4.76108e+12	3.24e-20	2.53e-10	1.00e+00
 4.97069e+12	3.71e-20	2.78e-10	1.00e+00
 5.19944e+12	4.28e-20	3.08e-10	1.00e+00
 5.43735e+12	4.92e-20	3.40e-10	1.00e+00
 5.68477e+12	5.66e-20	3.76e-10	1.00e+00
 5.94208e+12	6.49e-20	4.16e-10	1.00e+00
 6.17505e+12	7.32e-20	4.55e-10	1.00e+00
 6.36955e+12	8.04e-20	4.89e-10	1.00e+00
 6.58278e+12	8.87e-20	5.29e-10	1.00e+00
 6.85234e+12	1.00e-19	5.81e-10	1.00e+00
 7.13336e+12	1.13e-19	6.40e-10	1.00e+00
 7.37224e+12	1.25e-19	6.92e-10	1.00e+00
 7.61808e+12	1.37e-19	7.49e-10	1.00e+00
 7.92714e+12	1.54e-19	8.24e-10	1.00e+00
 8.24108e+12	1.73e-19	9.06e-10	1.00e+00
 8.51109e+12	1.90e-19	9.80e-10	1.00e+00
 8.80130e+12	2.09e-19	1.06e-09	1.00e+00
 9.15961e+12	2.35e-19	1.17e-09	1.00e+00
 9.52674e+12	2.64e-19	1.29e-09	1.00e+00
 9.85861e+12	2.92e-19	1.40e-09	1.00e+00
 1.02243e+13	3.25e-19	1.53e-09	1.00e+00
 1.06546e+13	3.68e-19	1.69e-09	1.00e+00
 1.10850e+13	4.15e-19	1.86e-09	1.00e+00
 1.14944e+13	4.65e-19	2.04e-09	1.00e+00
 1.19460e+13	5.26e-19	2.23e-09	1.00e+00
 1.24537e+13	6.03e-19	2.47e-09	1.00e+00
 1.29106e+13	6.80e-19	2.69e-09	1.00e+00
 1.32876e+13	7.51e-19	2.88e-09	1.00e+00
 1.36994e+13	8.35e-19	3.10e-09	1.00e+00
 1.42257e+13	9.54e-19	3.39e-09	1.00e+00
 1.47571e+13	1.09e-18	3.70e-09	1.00e+00
 1.51966e+13	1.22e-18	3.97e-09	1.00e+00
 1.56603e+13	1.36e-18	4.26e-09	1.00e+00
 1.62559e+13	1.57e-18	4.65e-09	1.00e+00
 1.68805e+13	1.82e-18	5.09e-09	1.00e+00
 1.74274e+13	2.06e-18	5.48e-09	1.00e+00
 1.80155e+13	2.35e-18	5.92e-09	1.00e+00
 1.87298e+13	2.76e-18	6.49e-09	1.00e+00
 1.94213e+13	3.20e-18	7.06e-09	1.00e+00
 2.00030e+13	3.62e-18	7.56e-09	1.00e+00
 2.06290e+13	4.11e-18	8.12e-09	1.00e+00
 2.14175e+13	4.82e-18	8.86e-09	1.00e+00
 2.22269e+13	5.64e-18	9.65e-09	1.00e+00
 2.29313e+13	6.44e-18	1.04e-08	1.00e+00
 2.36893e+13	7.40e-18	1.12e-08	1.00e+00
 2.46151e+13	8.73e-18	1.22e-08	1.00e+00
 2.55464e+13	1.03e-17	1.33e-08	1.00e+00
 2.63773e+13	1.18e-17	1.43e-08	1.00e+00
 2.72904e+13	1.37e-17	1.54e-08	1.00e+00
 2.83775e+13	1.62e-17	1.68e-08	1.00e+00
 2.94635e+13	1.90e-17	1.83e-08	1.00e+00
 3.04728e+13	2.20e-17	1.98e-08	1.00e+00
 3.16016e+13	2.58e-17	2.14e-08	1.00e+00
 3.28956e+13	3.07e-17	2.34e-08	1.00e+00
 3.41829e+13	3.63e-17	2.55e-08	1.00e+00
 3.55217e+13	4.28e-17	2.78e-08	1.00e+00
 3.69725e+13	5.08e-17	3.03e-08	1.00e+00
 3.84813e+13	6.05e-17	3.31e-08	1.00e+00
 3.99032e+13	7.06e-17	3.58e-08	1.00e+00
 4.11837e+13	8.09e-17	3.83e-08	1.00e+00
 4.23940e+13	9.15e-17	4.08e-08	1.00e+00
 4.37337e+13	1.04e-16	4.36e-08	1.00e+00
 4.52366e+13	1.20e-16	4.68e-08	1.00e+00
 4.66639e+13	1.37e-16	5.00e-08	1.00e+00
 4.82317e+13	1.58e-16	5.37e-08	1.00e+00
 4.99862e+13	1.83e-16	5.78e-08	1.00e+00
 5.16141e+13	2.09e-16	6.19e-08	1.00e+00
 5.31207e+13	2.36e-16	6.57e-08	1.00e+00
 5.48393e+13	2.69e-16	7.02e-08	1.00e+00
 5.69418e+13	3.14e-16	7.59e-08	1.00e+00
 5.90392e+13	3.65e-16	8.19e-08	1.00e+00
 6.08667e+13	4.13e-16	8.72e-08	1.00e+00
 6.28477e+13	4.71e-16	9.31e-08	1.00e+00
 6.52617e+13	5.47e-16	1.00e-07	1.00e+00
 6.77181e+13	6.37e-16	1.08e-07	1.00e+00
 6.99426e+13	7.25e-16	1.16e-07	1.00e+00
 7.23860e+13	8.31e-16	1.24e-07	1.00e+00
 7.52574e+13	9.69e-16	1.34e-07	1.00e+00
 7.81171e+13	1.13e-15	1.45e-07	1.00e+00
 8.08105e+13	1.29e-15	1.55e-07	1.00e+00
 8.37921e+13	1.48e-15	1.66e-07	1.00e+00
 8.71737e+13	1.73e-15	1.80e-07	1.00e+00
 9.05807e+13	2.02e-15	1.94e-07	1.00e+00
 9.41239e+13	2.34e-15	2.09e-07	1.00e+00
 9.79188e+13	2.73e-15	2.26e-07	1.00e+00
 1.01865e+14	3.18e-15	2.44e-07	1.00e+00
 1.05679e+14	3.67e-15	2.63e-07	1.00e+00
 1.09258e+14	4.17e-15	2.80e-07	1.00e+00
 1.12643e+14	4.69e-15	2.98e-07	1.00e+00
 1.16344e+14	5.32e-15	3.17e-07	1.00e+00
 1.20450e+14	6.10e-15	3.40e-07	1.00e+00
 1.24284e+14	6.87e-15	3.61e-07	1.00e+00
 1.28466e+14	7.80e-15	3.85e-07	1.00e+00
 1.33462e+14	9.04e-15	4.16e-07	1.00e+00
 1.38390e+14	1.04e-14	4.47e-07	1.00e+00
 1.42833e+14	1.18e-14	4.75e-07	1.00e+00
 1.47772e+14	1.34e-14	5.08e-07	1.00e+00
 1.53590e+14	1.56e-14	5.49e-07	1.00e+00
 1.59469e+14	1.80e-14	5.91e-07	1.00e+00
 1.65584e+14	2.09e-14	6.38e-07	1.00e+00
 1.71636e+14	2.39e-14	6.85e-07	1.00e+00
 1.76963e+14	2.70e-14	7.29e-07	1.00e+00
 1.82797e+14	3.06e-14	7.77e-07	1.00e+00
 1.89831e+14	3.55e-14	8.40e-07	1.00e+00
 1.96833e+14	4.08e-14	9.04e-07	1.00e+00
 2.03105e+14	4.61e-14	9.63e-07	1.00e+00
 2.10022e+14	5.24e-14	1.03e-06	1.00e+00
 2.18226e+14	6.09e-14	1.11e-06	1.00e+00
 2.26315e+14	7.00e-14	1.20e-06	1.00e+00
 2.33723e+14	7.94e-14	1.28e-06	1.00e+00
 2.42035e+14	9.06e-14	1.37e-06	1.00e+00
 2.51682e+14	1.06e-13	1.49e-06	1.00e+00
 2.61123e+14	1.21e-13	1.60e-06	1.00e+00
 2.70052e+14	1.38e-13	1.72e-06	1.00e+00
 2.79995e+14	1.58e-13	1.85e-06	1.00e+00
 2.91224e+14	1.84e-13	2.00e-06	1.00e+00
 3.02473e+14	2.12e-13	2.16e-06	1.00e+00
 3.13058e+14	2.41e-13	2.32e-06	1.00e+00
 3.24497e+14	2.75e-13	2.50e-06	1.00e+00
 3.37507e+14	3.19e-13	2.71e-06	1.00e+00
 3.49781e+14	3.64e-13	2.91e-06	1.00e+00
 3.60850e+14	4.08e-13	3.10e-06	1.00e+00
 3.71361e+14	4.53e-13	3.28e-06	1.00e+00
 3.83054e+14	5.07e-13	3.50e-06	1.00e+00
 3.96059e+14	5.73e-13	3.74e-06	1.00e+00
 4.08302e+14	6.40e-13	3.98e-06	1.00e+00
 4.21753e+14	7.20e-13	4.25e-06	1.00e+00
 4.36812e+14	8.17e-13	4.57e-06	1.00e+00
 4.51067e+14	9.15e-13	4.88e-06	1.00e+00
 4.66704e+14	1.03e-12	5.23e-06	1.00e+00
 4.83974e+14	1.18e-12	5.64e-06	1.00e+00
 4.99864e+14	1.32e-12	6.01e-06	1.00e+00
 5.17018e+14	1.49e-12	6.44e-06	1.00e+00
 5.36239e+14	1.69e-12	6.95e-06	1.00e+00
 5.54345e+14	1.90e-12	7.43e-06	1.00e+00
 5.74078e+14	2.15e-12	7.99e-06	1.00e+00
 5.95961e+14	2.45e-12	8.62e-06	1.00e+00
 6.16424e+14	2.76e-12	9.25e-06	1.00e+00
 6.38696e+14	3.11e-12	9.94e-06	1.00e+00
 6.63593e+14	3.56e-12	1.08e-05	1.00e+00
 6.87168e+14	4.01e-12	1.16e-05	1.00e+00
 7.12366e+14	4.56e-12	1.25e-05	1.00e+00
 7.40890e+14	5.21e-12	1.35e-05	1.00e+00
 7.69050e+14	5.96e-12	1.47e-05	1.00e+00
 7.96234e+14	6.70e-12	1.58e-05	1.00e+00
 8.26010e+14	7.64e-12	1.71e-05	1.00e+00
 8.59081e+14	8.77e-12	1.86e-05	1.00e+00
 8.87249e+14	9.82e-12	1.99e-05	1.00e+00
 9.08226e+14	1.07e-11	2.09e-05	1.00e+00
 9.30462e+14	1.16e-11	2.20e-05	1.00e+00
 9.59369e+14	1.30e-11	2.35e-05	1.00e+00
 9.91004e+14	1.47e-11	2.53e-05	1.00e+00
 1.01994e+15	1.62e-11	2.69e-05	1.00e+00
 1.05130e+15	1.81e-11	2.88e-05	1.00e+00
 1.09042e+15	2.07e-11	3.12e-05	1.00e+00
 1.12949e+15	2.35e-11	3.37e-05	1.00e+00
 1.16296e+15	2.62e-11	3.60e-05	1.00e+00
 1.19926e+15	2.93e-11	3.86e-05	1.00e+00
 1.24419e+15	3.38e-11	4.19e-05	1.00e+00
 1.28980e+15	3.84e-11	4.54e-05	1.00e+00
 1.33004e+15	4.32e-11	4.87e-05	1.00e+00
 1.37380e+15	4.90e-11	5.24e-05	1.00e+00
 1.42652e+15	5.66e-11	5.71e-05	1.00e+00
 1.47877e+15	6.49e-11	6.19e-05	1.00e+00
 1.52536e+15	7.25e-11	6.64e-05	1.00e+00
 1.57672e+15	8.30e-11	7.17e-05	1.00e+00
 1.63788e+15	9.60e-11	7.81e-05	1.00e+00
 1.69868e+15	1.11e-10	8.49e-05	1.00e+00
 1.75449e+15	1.24e-10	9.13e-05	1.00e+00
 1.81693e+15	1.44e-10	9.89e-05	1.00e+00
 1.88928e+15	1.67e-10	1.08e-04	1.00e+00
 1.96044e+15	1.93e-10	1.18e-04	1.00e+00
 2.02864e+15	2.21e-10	1.27e-04	1.00e+00
 2.08845e+15	2.48e-10	1.36e-04	1.00e+00
 2.13777e+15	2.72e-10	1.43e-04	1.00e+00
 2.19206e+15	3.01e-10	1.52e-04	1.00e+00
 2.26263e+15	3.41e-10	1.63e-04	1.00e+00
 2.33698e+15	3.88e-10	1.75e-04	1.00e+00
 2.40111e+15	4.32e-10	1.86e-04	1.00e+00
 2.46936e+15	4.82e-10	1.98e-04	1.00e+00
 2.55809e+15	5.57e-10	2.15e-04	1.00e+00
 2.64963e+15	6.40e-10	2.33e-04	1.00e+00
 2.72623e+15	7.19e-10	2.48e-04	1.00e+00
 2.80719e+15	8.06e-10	2.65e-04	1.00e+00
 2.91003e+15	9.33e-10	2.87e-04	1.00e+00
 3.01808e+15	1.09e-09	3.12e-04	1.00e+00
 3.11460e+15	1.23e-09	3.35e-04	1.00e+00
 3.21933e+15	1.40e-09	3.60e-04	1.00e+00
 3.34411e+15	1.65e-09	3.93e-04	1.00e+00
 3.46729e+15	1.90e-09	4.25e-04	1.00e+00
 3.57902e+15	2.16e-09	4.57e-04	1.00e+00
 3.70352e+15	2.46e-09	4.93e-04	1.00e+00
 3.84939e+15	2.92e-09	5.37e-04	9.99e-01
 3.99333e+15	3.39e-09	5.82e-04	9.99e-01
 4.12876e+15	3.89e-09	6.27e-04	9.99e-01
 4.27966e+15	4.46e-09	6.79e-04	9.99e-01
 4.45088e+15	5.34e-09	7.42e-04	9.99e-01
 4.59409e+15	6.09e-09	7.95e-04	9.99e-01
 4.69646e+15	6.67e-09	8.35e-04	9.99e-01
 4.80329e+15	7.32e-09	8.77e-04	9.99e-01
 4.94218e+15	8.12e-09	9.34e-04	9.99e-01
 5.09731e+15	9.38e-09	1.00e-03	9.99e-01
 5.24236e+15	1.04e-08	1.06e-03	9.99e-01
 5.39972e+15	1.19e-08	1.14e-03	9.99e-01
 5.57536e+15	1.36e-08	1.22e-03	9.99e-01
 5.74127e+15	1.51e-08	1.30e-03	9.99e-01
 5.92348e+15	1.72e-08	1.39e-03	9.99e-01
 6.12737e+15	2.03e-08	1.50e-03	9.98e-01
 6.31958e+15	2.30e-08	1.61e-03	9.98e-01
 6.52957e+15	2.63e-08	1.73e-03	9.98e-01
 6.76051e+15	3.00e-08	1.87e-03	9.98e-01
 6.97417e+15	3.49e-08	2.01e-03	9.98e-01
 7.20744e+15	3.99e-08	2.16e-03	9.98e-01
 7.46425e+15	4.57e-08	2.34e-03	9.98e-01
 7.70347e+15	5.23e-08	2.51e-03	9.97e-01
 7.96627e+15	6.17e-08	2.72e-03	9.97e-01
 8.25335e+15	7.13e-08	2.94e-03	9.97e-01
 8.50946e+15	8.05e-08	3.16e-03	9.97e-01
 8.77992e+15	9.22e-08	3.40e-03	9.97e-01
 9.07942e+15	1.09e-07	3.69e-03	9.96e-01
 9.35422e+15	1.24e-07	3.96e-03	9.96e-01
 9.64899e+15	1.42e-07	4.27e-03	9.96e-01
 9.94514e+15	1.60e-07	4.59e-03	9.95e-01
 1.01905e+16	1.80e-07	4.88e-03	9.95e-01
 1.04569e+16	2.02e-07	5.22e-03	9.95e-01
 1.07513e+16	2.34e-07	5.61e-03	9.94e-01
 1.10146e+16	2.62e-07	5.98e-03	9.94e-01
 1.12894e+16	2.94e-07	6.39e-03	9.94e-01
 1.16466e+16	3.45e-07	6.97e-03	9.93e-01
 1.20026e+16	3.91e-07	7.57e-03	9.92e-01
 1.22861e+16	4.49e-07	8.11e-03	9.92e-01
 1.25838e+16	5.10e-07	8.73e-03	9.91e-01
 1.29149e+16	5.74e-07	9.45e-03	9.91e-01
 1.32250e+16	6.67e-07	1.02e-02	9.90e-01
 1.35122e+16	7.47e-07	1.10e-02	9.89e-01
 1.38341e+16	8.68e-07	1.19e-02	9.88e-01
 1.41697e+16	9.92e-07	1.30e-02	9.87e-01
 1.44537e+16	1.11e-06	1.40e-02	9.86e-01
 1.47535e+16	1.27e-06	1.53e-02	9.85e-01
 1.50771e+16	1.51e-06	1.67e-02	9.83e-01
 1.53526e+16	1.71e-06	1.81e-02	9.82e-01
 1.55946e+16	1.90e-06	1.95e-02	9.80e-01
 1.58721e+16	2.25e-06	2.14e-02	9.79e-01
 1.61631e+16	2.59e-06	2.36e-02	9.76e-01
 1.64145e+16	2.94e-06	2.58e-02	9.74e-01
 1.66489e+16	3.36e-06	2.82e-02	9.72e-01
 1.68687e+16	3.84e-06	3.07e-02	9.69e-01
 1.70649e+16	4.35e-06	3.33e-02	9.67e-01
 1.72506e+16	4.91e-06	3.61e-02	9.64e-01
 1.74632e+16	5.69e-06	3.99e-02	9.60e-01
 1.76984e+16	6.73e-06	4.47e-02	9.55e-01
 1.79092e+16	7.94e-06	4.99e-02	9.50e-01
 1.80894e+16	9.41e-06	5.53e-02	9.45e-01
 1.82521e+16	1.09e-05	6.10e-02	9.39e-01
 1.84322e+16	1.26e-05	6.85e-02	9.31e-01
 1.86269e+16	1.53e-05	7.84e-02	9.22e-01
 1.87916e+16	1.83e-05	8.87e-02	9.11e-01
 1.89240e+16	2.18e-05	9.87e-02	9.01e-01
 1.90411e+16	2.48e-05	1.09e-01	8.91e-01
 1.91712e+16	2.93e-05	1.23e-01	8.77e-01
 1.93086e+16	3.61e-05	1.41e-01	8.59e-01
 1.94124e+16	4.20e-05	1.57e-01	8.43e-01
 1.94901e+16	4.74e-05	1.71e-01	8.29e-01
 1.95609e+16	5.29e-05	1.85e-01	8.15e-01
 1.96252e+16	5.80e-05	1.99e-01	8.01e-01
 1.96972e+16	6.66e-05	2.18e-01	7.82e-01
 1.97659e+16	7.39e-05	2.37e-01	7.63e-01
 1.98300e+16	8.31e-05	2.57e-01	7.43e-01
 1.98982e+16	9.41e-05	2.81e-01	7.19e-01
 1.99569e+16	1.05e-04	3.04e-01	6.96e-01
 2.00087e+16	1.17e-04	3.25e-01	6.75e-01
 2.00563e+16	1.27e-04	3.47e-01	6.53e-01
 2.01082e+16	1.41e-04	3.72e-01	6.28e-01
 2.01638e+16	1.57e-04	4.01e-01	5.99e-01
 2.02157e+16	1.73e-04	4.29e-01	5.71e-01
 2.02747e+16	1.94e-04	4.63e-01	5.36e-01
 2.03389e+16	2.17e-04	5.01e-01	4.98e-01
 2.03978e+16	2.41e-04	5.38e-01	4.62e-01
 2.04620e+16	2.69e-04	5.78e-01	4.21e-01
 2.05324e+16	3.01e-04	6.22e-01	3.78e-01
 2.05982e+16	3.31e-04	6.61e-01	3.39e-01
 2.06710e+16	3.67e-04	7.03e-01	2.97e-01
 2.07532e+16	4.06e-04	7.46e-01	2.54e-01
 2.08348e+16	4.44e-04	7.84e-01	2.16e-01
 2.09284e+16	4.87e-04	8.22e-01	1.78e-01
 2.10500e+16	5.39e-04	8.62e-01	1.37e-01
 2.11840e+16	5.90e-04	8.95e-01	1.04e-01
 2.13342e+16	6.43e-04	9.23e-01	7.67e-02
 2.15294e+16	7.05e-04	9.47e-01	5.24e-02
 2.17435e+16	7.69e-04	9.63e-01	3.58e-02
 2.19402e+16	8.29e-04	9.73e-01	2.59e-02
 2.20811e+16	8.72e-04	9.78e-01	2.11e-02
 2.21646e+16	9.00e-04	9.80e-01	1.87e-02
 2.22462e+16	9.28e-04	9.83e-01	1.66e-02
 2.23522e+16	9.67e-04	9.85e-01	1.42e-02
 2.24901e+16	1.02e-03	9.87e-01	1.17e-02
 2.26279e+16	1.08e-03	9.89e-01	9.80e-03
 2.27307e+16	1.13e-03	9.90e-01	8.65e-03
 2.28078e+16	1.17e-03	9.91e-01	7.89e-03
 2.28862e+16	1.21e-03	9.92e-01	7.15e-03
 2.29881e+16	1.27e-03	9.92e-01	6.31e-03
 2.30894e+16	1.33e-03	9.93e-01	5.64e-03
 2.31645e+16	1.39e-03	9.93e-01	5.20e-03
 2.32266e+16	1.43e-03	9.94e-01	4.85e-03
 2.32971e+16	1.49e-03	9.94e-01	4.48e-03
 2.33887e+16	1.57e-03	9.94e-01	4.04e-03
 2.34788e+16	1.66e-03	9.95e-01	3.69e-03
 2.35444e+16	1.73e-03	9.95e-01	3.46e-03
 2.35983e+16	1.79e-03	9.95e-01	3.27e-03
 2.36599e+16	1.87e-03	9.95e-01	3.07e-03
 2.37400e+16	1.98e-03	9.95e-01	2.82e-03
 2.38190e+16	2.10e-03	9.95e-01	2.62e-03
 2.38771e+16	2.19e-03	9.95e-01	2.48e-03
 2.39251e+16	2.28e-03	9.95e-01	2.37e-03
 2.39793e+16	2.38e-03	9.95e-01	2.24e-03
 2.40499e+16	2.53e-03	9.95e-01	2.09e-03
 2.41197e+16	2.70e-03	9.95e-01	1.96e-03
 2.41716e+16	2.84e-03	9.95e-01	1.88e-03
 2.42148e+16	2.96e-03	9.95e-01	1.80e-03
 2.42638e+16	3.12e-03	9.95e-01	1.72e-03
 2.43276e+16	3.34e-03	9.95e-01	1.62e-03
 2.43910e+16	3.60e-03	9.95e-01	1.53e-03
 2.44388e+16	3.80e-03	9.95e-01	1.48e-03
 2.44793e+16	4.01e-03	9.95e-01	1.42e-03
 2.45258e+16	4.26e-03	9.94e-01	1.36e-03
 2.45862e+16	4.63e-03	9.94e-01	1.29e-03
 2.46474e+16	5.07e-03	9.94e-01	1.23e-03
 2.46954e+16	5.49e-03	9.93e-01	1.18e-03
 2.47438e+16	5.94e-03	9.93e-01	1.13e-03
 2.47980e+16	6.56e-03	9.92e-01	1.08e-03
 2.48470e+16	7.22e-03	9.92e-01	1.04e-03
 2.48882e+16	7.88e-03	9.91e-01	1.00e-03
 2.49246e+16	8.53e-03	9.90e-01	9.77e-04
 2.49586e+16	9.25e-03	9.90e-01	9.50e-04
 2.49923e+16	1.01e-02	9.89e-01	9.25e-04
 2.50251e+16	1.10e-02	9.88e-01	9.02e-04
 2.50563e+16	1.20e-02	9.87e-01	8.81e-04
 2.50855e+16	1.32e-02	9.86e-01	8.63e-04
 2.51133e+16	1.44e-02	9.85e-01	8.46e-04
 2.51403e+16	1.58e-02	9.83e-01	8.31e-04
 2.51663e+16	1.74e-02	9.82e-01	8.18e-04
 2.51912e+16	1.91e-02	9.80e-01	8.09e-04
 2.52153e+16	2.11e-02	9.78e-01	7.97e-04
 2.52385e+16	2.33e-02	9.76e-01	7.91e-04
 2.52608e+16	2.58e-02	9.73e-01	7.84e-04
 2.52827e+16	2.88e-02	9.70e-01	7.80e-04
 2.53040e+16	3.21e-02	9.67e-01	7.77e-04
 2.53243e+16	3.59e-02	9.63e-01	7.76e-04
 2.53433e+16	4.00e-02	9.59e-01	7.78e-04
 2.53612e+16	4.45e-02	9.55e-01	7.84e-04
 2.53786e+16	4.98e-02	9.49e-01	7.87e-04
 2.53952e+16	5.55e-02	9.44e-01	7.98e-04
 2.54109e+16	6.19e-02	9.37e-01	8.06e-04
 2.54261e+16	6.91e-02	9.30e-01	8.16e-04
 2.54405e+16	7.69e-02	9.22e-01	8.30e-04
 2.54541e+16	8.54e-02	9.14e-01	8.45e-04
 2.54668e+16	9.45e-02	9.05e-01	8.61e-04
 2.54784e+16	1.04e-01	8.96e-01	8.80e-04
 2.54887e+16	1.13e-01	8.86e-01	8.96e-04
 2.54982e+16	1.22e-01	8.77e-01	9.12e-04
 2.55057e+16	1.30e-01	8.69e-01	9.25e-04
 2.55108e+16	1.36e-01	8.63e-01	9.34e-04
 2.55154e+16	1.42e-01	8.57e-01	9.43e-04
 2.55208e+16	1.49e-01	8.50e-01	9.53e-04
 2.55266e+16	1.57e-01	8.42e-01	9.65e-04
 2.55322e+16	1.65e-01	8.34e-01	9.77e-04
 2.55375e+16	1.73e-01	8.26e-01	9.90e-04
 2.55427e+16	1.81e-01	8.18e-01	1.00e-03
 2.55479e+16	1.90e-01	8.09e-01	1.01e-03
 2.55531e+16	2.00e-01	7.99e-01	1.02e-03
 2.55582e+16	2.09e-01	7.90e-01	1.04e-03
 2.55633e+16	2.19e-01	7.80e-01	1.05e-03
 2.55683e+16	2.30e-01	7.69e-01	1.06e-03
 2.55732e+16	2.41e-01	7.58e-01	1.07e-03
 2.55780e+16	2.51e-01	7.47e-01	1.09e-03
 2.55829e+16	2.64e-01	7.35e-01	1.09e-03
 2.55877e+16	2.75e-01	7.24e-01	1.11e-03
 2.55924e+16	2.88e-01	7.11e-01	1.12e-03
 2.55970e+16	3.00e-01	6.99e-01	1.13e-03
 2.56016e+16	3.14e-01	6.85e-01	1.14e-03
 2.56063e+16	3.27e-01	6.71e-01	1.15e-03
 2.56107e+16	3.41e-01	6.58e-01	1.16e-03
 2.56151e+16	3.55e-01	6.44e-01	1.17e-03
 2.56195e+16	3.69e-01	6.29e-01	1.17e-03
 2.56239e+16	3.84e-01	6.15e-01	1.18e-03
 2.56282e+16	3.99e-01	6.00e-01	1.19e-03
 2.56324e+16	4.14e-01	5.85e-01	1.19e-03
 2.56365e+16	4.29e-01	5.70e-01	1.20e-03
 2.56407e+16	4.45e-01	5.54e-01	1.20e-03
 2.56447e+16	4.60e-01	5.39e-01	1.20e-03
 2.56487e+16	4.75e-01	5.23e-01	1.21e-03
 2.56527e+16	4.91e-01	5.08e-01	1.21e-03
 2.56565e+16	5.06e-01	4.93e-01	1.21e-03
 2.56603e+16	5.21e-01	4.78e-01	1.21e-03
 2.56640e+16	5.36e-01	4.63e-01	1.21e-03
 2.56676e+16	5.50e-01	4.49e-01	1.21e-03
 2.56711e+16	5.65e-01	4.34e-01	1.20e-03
 2.56746e+16	5.79e-01	4.20e-01	1.20e-03
 2.56781e+16	5.93e-01	4.06e-01	1.19e-03
 2.56814e+16	6.07e-01	3.92e-01	1.18e-03
 2.56847e+16	6.20e-01	3.79e-01	1.18e-03
 2.56880e+16	6.33e-01	3.66e-01	1.17e-03
 2.56912e+16	6.46e-01	3.53e-01	1.16e-03
 2.56943e+16	6.58e-01	3.41e-01	1.15e-03
 2.56974e+16	6.70e-01	3.29e-01	1.14e-03
 2.57004e+16	6.82e-01	3.17e-01	1.13e-03
 2.57035e+16	6.93e-01	3.05e-01	1.12e-03
 2.57065e+16	7.05e-01	2.94e-01	1.11e-03
 2.57094e+16	7.15e-01	2.83e-01	1.09e-03
 2.57124e+16	7.26e-01	2.73e-01	1.08e-03
 2.57153e+16	7.36e-01	2.63e-01	1.06e-03
 2.57182e+16	7.46e-01	2.53e-01	1.05e-03
 2.57210e+16	7.56e-01	2.43e-01	1.03e-03
 2.57235e+16	7.64e-01	2.35e-01	1.02e-03
 2.57254e+16	7.70e-01	2.29e-01	1.01e-03
 2.57272e+16	7.76e-01	2.23e-01	9.94e-04
 2.57291e+16	7.82e-01	2.17e-01	9.82e-04
 2.57310e+16	7.88e-01	2.11e-01	9.68e-04
 2.57329e+16	7.94e-01	2.05e-01	9.57e-04
 2.57346e+16	7.99e-01	2.00e-01	9.44e-04
 2.57363e+16	8.04e-01	1.95e-01	9.33e-04
 2.57380e+16	8.09e-01	1.90e-01	9.20e-04
 2.57397e+16	8.14e-01	1.85e-01	9.08e-04
 2.57413e+16	8.18e-01	1.81e-01	8.97e-04
 2.57428e+16	8.22e-01	1.77e-01	8.85e-04
 2.57444e+16	8.26e-01	1.73e-01	8.74e-04
 2.57459e+16	8.30e-01	1.69e-01	8.62e-04
 2.57473e+16	8.34e-01	1.65e-01	8.51e-04
 2.57488e+16	8.38e-01	1.61e-01	8.40e-04
 2.57503e+16	8.42e-01	1.58e-01	8.28e-04
 2.57517e+16	8.45e-01	1.54e-01	8.17e-04
 2.57532e+16	8.48e-01	1.51e-01	8.06e-04
 2.57546e+16	8.52e-01	1.47e-01	7.95e-04
 2.57561e+16	8.55e-01	1.44e-01	7.83e-04
 2.57575e+16	8.58e-01	1.41e-01	7.72e-04
 2.57590e+16	8.62e-01	1.38e-01	7.60e-04
 2.57605e+16	8.65e-01	1.34e-01	7.48e-04
 2.57621e+16	8.68e-01	1.31e-01	7.35e-04
 2.57637e+16	8.72e-01	1.28e-01	7.22e-04
 2.57655e+16	8.75e-01	1.24e-01	7.10e-04
 2.57674e+16	8.79e-01	1.21e-01	6.94e-04
 2.57695e+16	8.83e-01	1.17e-01	6.78e-04
 2.57719e+16	8.87e-01	1.12e-01	6.60e-04
 2.57746e+16	8.91e-01	1.08e-01	6.41e-04
 2.57771e+16	8.96e-01	1.04e-01	6.22e-04
 2.57795e+16	8.99e-01	1.00e-01	6.04e-04
 2.57819e+16	9.03e-01	9.65e-02	5.86e-04
 2.57842e+16	9.06e-01	9.31e-02	5.68e-04
 2.57865e+16	9.09e-01	9.01e-02	5.52e-04
 2.57885e+16	9.12e-01	8.74e-02	5.37e-04
 2.57904e+16	9.14e-01	8.50e-02	5.23e-04
 2.57921e+16	9.17e-01	8.29e-02	5.11e-04
 2.57936e+16	9.18e-01	8.10e-02	5.00e-04
 2.57950e+16	9.20e-01	7.94e-02	4.90e-04
 2.57965e+16	9.22e-01	7.76e-02	4.79e-04
 2.57982e+16	9.24e-01	7.58e-02	4.69e-04
 2.57997e+16	9.25e-01	7.42e-02	4.59e-04
 2.58010e+16	9.27e-01	7.28e-02	4.51e-04
 2.58025e+16	9.28e-01	7.12e-02	4.41e-04
 2.58042e+16	9.30e-01	6.97e-02	4.31e-04
 2.58056e+16	9.31e-01	6.83e-02	4.22e-04
 2.58070e+16	9.32e-01	6.71e-02	4.15e-04
 2.58084e+16	9.34e-01	6.57e-02	4.05e-04
 2.58100e+16	9.35e-01	6.44e-02	3.97e-04
 2.58115e+16	9.36e-01	6.32e-02	3.89e-04
 2.58128e+16	9.37e-01	6.22e-02	3.82e-04
 2.58142e+16	9.39e-01	6.10e-02	3.74e-04
 2.58158e+16	9.40e-01	5.98e-02	3.66e-04
 2.58172e+16	9.41e-01	5.88e-02	3.59e-04
 2.58188e+16	9.42e-01	5.76e-02	3.51e-04
 2.58204e+16	9.43e-01	5.65e-02	3.44e-04
 2.58219e+16	9.44e-01	5.55e-02	3.37e-04
 2.58233e+16	9.45e-01	5.46e-02	3.31e-04
 2.58249e+16	9.46e-01	5.36e-02	3.23e-04
 2.58265e+16	9.47e-01	5.27e-02	3.17e-04
 2.58280e+16	9.48e-01	5.18e-02	3.11e-04
 2.58293e+16	9.49e-01	5.11e-02	3.05e-04
 2.58308e+16	9.49e-01	5.02e-02	2.99e-04
 2.58324e+16	9.50e-01	4.94e-02	2.94e-04
 2.58339e+16	9.51e-01	4.87e-02	2.89e-04
 2.58355e+16	9.52e-01	4.79e-02	2.83e-04
 2.58372e+16	9.53e-01	4.71e-02	2.77e-04
 2.58388e+16	9.53e-01	4.65e-02	2.73e-04
 2.58405e+16	9.54e-01	4.57e-02	2.67e-04
 2.58424e+16	9.55e-01	4.50e-02	2.62e-04
 2.58441e+16	9.55e-01	4.44e-02	2.57e-04
 2.58459e+16	9.56e-01	4.36e-02	2.52e-04
 2.58479e+16	9.57e-01	4.30e-02	2.48e-04
 2.58498e+16	9.57e-01	4.24e-02	2.43e-04
 2.58518e+16	9.58e-01	4.17e-02	2.39e-04
 2.58544e+16	9.59e-01	4.10e-02	2.33e-04
 2.58572e+16	9.60e-01	4.03e-02	2.28e-04
 2.58597e+16	9.60e-01	3.96e-02	2.24e-04
 2.58620e+16	9.61e-01	3.91e-02	2.20e-04
 2.58646e+16	9.61e-01	3.85e-02	2.15e-04
 2.58679e+16	9.62e-01	3.78e-02	2.10e-04
 2.58714e+16	9.63e-01	3.72e-02	2.06e-04
 2.58747e+16	9.63e-01	3.67e-02	2.02e-04
 2.58783e+16	9.64e-01	3.61e-02	1.98e-04
 2.58829e+16	9.64e-01	3.54e-02	1.93e-04
 2.58879e+16	9.65e-01	3.49e-02	1.89e-04
 2.58924e+16	9.65e-01	3.44e-02	1.86e-04
 2.58974e+16	9.66e-01	3.39e-02	1.82e-04
 2.59039e+16	9.66e-01	3.33e-02	1.78e-04
 2.59109e+16	9.67e-01	3.29e-02	1.74e-04
 2.59172e+16	9.67e-01	3.24e-02	1.71e-04
 2.59242e+16	9.68e-01	3.20e-02	1.67e-04
 2.59333e+16	9.68e-01	3.15e-02	1.63e-04
 2.59431e+16	9.69e-01	3.11e-02	1.60e-04
 2.59520e+16	9.69e-01	3.08e-02	1.57e-04
 2.59617e+16	9.69e-01	3.04e-02	1.53e-04
 2.59744e+16	9.70e-01	2.99e-02	1.49e-04
 2.59881e+16	9.70e-01	2.95e-02	1.45e-04
 2.60006e+16	9.71e-01	2.91e-02	1.42e-04
 2.60142e+16	9.71e-01	2.87e-02	1.38e-04
 2.60320e+16	9.72e-01	2.82e-02	1.34e-04
 2.60512e+16	9.72e-01	2.77e-02	1.29e-04
 2.60686e+16	9.73e-01	2.73e-02	1.25e-04
 2.60845e+16	9.73e-01	2.69e-02	1.22e-04
 2.61019e+16	9.73e-01	2.65e-02	1.18e-04
 2.61207e+16	9.74e-01	2.60e-02	1.14e-04
 2.61377e+16	9.74e-01	2.56e-02	1.11e-04
 2.61565e+16	9.75e-01	2.52e-02	1.07e-04
 2.61767e+16	9.75e-01	2.48e-02	1.04e-04
 2.61951e+16	9.76e-01	2.44e-02	1.01e-04
 2.62152e+16	9.76e-01	2.40e-02	9.73e-05
 2.62370e+16	9.76e-01	2.35e-02	9.39e-05
 2.62568e+16	9.77e-01	2.31e-02	9.10e-05
 2.62785e+16	9.77e-01	2.27e-02	8.77e-05
 2.63019e+16	9.78e-01	2.23e-02	8.45e-05
 2.63232e+16	9.78e-01	2.19e-02	8.17e-05
 2.63426e+16	9.78e-01	2.16e-02	7.93e-05
 2.63639e+16	9.79e-01	2.12e-02	7.65e-05
 2.63869e+16	9.79e-01	2.08e-02	7.39e-05
 2.64077e+16	9.79e-01	2.05e-02	7.16e-05
 2.64306e+16	9.80e-01	2.01e-02	6.90e-05
 2.64553e+16	9.80e-01	1.97e-02	6.65e-05
 2.64778e+16	9.81e-01	1.94e-02	6.43e-05
 2.65025e+16	9.81e-01	1.90e-02	6.18e-05
 2.65290e+16	9.81e-01	1.86e-02	5.95e-05
 2.65533e+16	9.82e-01	1.83e-02	5.74e-05
 2.65798e+16	9.82e-01	1.79e-02	5.51e-05
 2.66084e+16	9.82e-01	1.75e-02	5.29e-05
 2.66345e+16	9.83e-01	1.72e-02	5.10e-05
 2.66582e+16	9.83e-01	1.69e-02	4.94e-05
 2.66842e+16	9.83e-01	1.66e-02	4.75e-05
 2.67122e+16	9.84e-01	1.63e-02	4.57e-05
 2.67377e+16	9.84e-01	1.60e-02	4.42e-05
 2.67657e+16	9.84e-01	1.56e-02	4.24e-05
 2.67959e+16	9.85e-01	1.53e-02	4.07e-05
 2.68234e+16	9.85e-01	1.50e-02	3.93e-05
 2.68535e+16	9.85e-01	1.47e-02	3.76e-05
 2.68860e+16	9.86e-01	1.44e-02	3.61e-05
 2.69156e+16	9.86e-01	1.41e-02	3.47e-05
 2.69480e+16	9.86e-01	1.38e-02	3.32e-05
 2.69830e+16	9.86e-01	1.35e-02	3.18e-05
 2.70148e+16	9.87e-01	1.32e-02	3.05e-05
 2.70497e+16	9.87e-01	1.29e-02	2.91e-05
 2.70874e+16	9.87e-01	1.26e-02	2.78e-05
 2.71217e+16	9.88e-01	1.23e-02	2.67e-05
 2.71593e+16	9.88e-01	1.20e-02	2.54e-05
 2.71998e+16	9.88e-01	1.17e-02	2.42e-05
 2.72367e+16	9.88e-01	1.15e-02	2.32e-05
 2.72772e+16	9.89e-01	1.12e-02	2.20e-05
 2.73208e+16	9.89e-01	1.09e-02	2.09e-05
 2.73606e+16	9.89e-01	1.07e-02	2.00e-05
 2.74041e+16	9.90e-01	1.04e-02	1.90e-05
 2.74511e+16	9.90e-01	1.01e-02	1.80e-05
 2.74939e+16	9.90e-01	9.85e-03	1.71e-05
 2.75407e+16	9.90e-01	9.58e-03	1.62e-05
 2.75913e+16	9.91e-01	9.31e-03	1.53e-05
 2.76374e+16	9.91e-01	9.08e-03	1.46e-05
 2.76878e+16	9.91e-01	8.82e-03	1.38e-05
 2.77423e+16	9.91e-01	8.56e-03	1.30e-05
 2.77919e+16	9.92e-01	8.34e-03	1.23e-05
 2.78462e+16	9.92e-01	8.09e-03	1.16e-05
 2.79048e+16	9.92e-01	7.84e-03	1.09e-05
 2.79691e+16	9.92e-01	7.57e-03	1.02e-05
 2.80472e+16	9.93e-01	7.26e-03	9.39e-06
 2.81309e+16	9.93e-01	6.95e-03	8.62e-06
 2.82155e+16	9.93e-01	6.66e-03	7.92e-06
 2.83028e+16	9.94e-01	6.37e-03	7.26e-06
 2.83939e+16	9.94e-01	6.09e-03	6.64e-06
 2.84884e+16	9.94e-01	5.81e-03	6.06e-06
 2.85863e+16	9.94e-01	5.55e-03	5.52e-06
 2.86874e+16	9.95e-01	5.29e-03	5.02e-06
 2.87909e+16	9.95e-01	5.04e-03	4.56e-06
 2.88960e+16	9.95e-01	4.80e-03	4.15e-06
 2.90030e+16	9.95e-01	4.57e-03	3.77e-06
 2.91121e+16	9.96e-01	4.35e-03	3.42e-06
 2.92234e+16	9.96e-01	4.14e-03	3.10e-06
 2.93367e+16	9.96e-01	3.94e-03	2.81e-06
 2.94520e+16	9.96e-01	3.75e-03	2.54e-06
 2.95696e+16	9.96e-01	3.56e-03	2.30e-06
 2.96875e+16	9.97e-01	3.39e-03	2.09e-06
 2.98072e+16	9.97e-01	3.22e-03	1.89e-06
 2.99314e+16	9.97e-01	3.06e-03	1.70e-06
 3.00586e+16	9.97e-01	2.90e-03	1.53e-06
 3.01879e+16	9.97e-01	2.76e-03	1.38e-06
 3.03193e+16	9.97e-01	2.61e-03	1.24e-06
 3.04531e+16	9.98e-01	2.48e-03	1.12e-06
 3.05896e+16	9.98e-01	2.35e-03	1.01e-06
 3.07288e+16	9.98e-01	2.22e-03	9.03e-07
 3.08708e+16	9.98e-01	2.10e-03	8.09e-07
 3.10156e+16	9.98e-01	1.99e-03	7.24e-07
 3.11634e+16	9.98e-01	1.88e-03	6.48e-07
 3.13143e+16	9.98e-01	1.78e-03	5.78e-07
 3.14684e+16	9.98e-01	1.68e-03	5.16e-07
 3.16258e+16	9.98e-01	1.58e-03	4.59e-07
 3.17865e+16	9.99e-01	1.49e-03	4.08e-07
 3.19509e+16	9.99e-01	1.41e-03	3.62e-07
 3.21190e+16	9.99e-01	1.32e-03	3.21e-07
 3.22911e+16	9.99e-01	1.24e-03	2.83e-07
 3.24672e+16	9.99e-01	1.17e-03	2.50e-07
 3.26477e+16	9.99e-01	1.10e-03	2.20e-07
 3.28327e+16	9.99e-01	1.03e-03	1.93e-07
 3.30226e+16	9.99e-01	9.62e-04	1.69e-07
 3.32175e+16	9.99e-01	9.00e-04	1.48e-07
 3.34178e+16	9.99e-01	8.40e-04	1.29e-07
 3.36240e+16	9.99e-01	7.84e-04	1.12e-07
 3.38366e+16	9.99e-01	7.31e-04	9.73e-08
 3.40513e+16	9.99e-01	6.81e-04	8.43e-08
 3.42718e+16	9.99e-01	6.32e-04	7.27e-08
 3.45057e+16	9.99e-01	5.85e-04	6.22e-08
 3.47500e+16	9.99e-01	5.40e-04	5.29e-08
 3.50022e+16	1.00e+00	4.98e-04	4.49e-08
 3.52636e+16	1.00e+00	4.58e-04	3.78e-08
 3.55364e+16	1.00e+00	4.20e-04	3.17e-08
 3.58220e+16	1.00e+00	3.83e-04	2.63e-08
 3.61222e+16	1.00e+00	3.48e-04	2.17e-08
 3.64384e+16	1.00e+00	3.15e-04	1.78e-08
 3.67714e+16	1.00e+00	2.84e-04	1.44e-08
 3.71264e+16	1.00e+00	2.55e-04	1.15e-08
 3.75060e+16	1.00e+00	2.26e-04	9.04e-09
 3.79112e+16	1.00e+00	2.00e-04	7.02e-09
 3.83477e+16	1.00e+00	1.75e-04	5.35e-09
 3.88236e+16	1.00e+00	1.51e-04	3.99e-09
 3.93480e+16	1.00e+00	1.29e-04	2.89e-09
 3.99235e+16	1.00e+00	1.09e-04	2.03e-09
 4.05848e+16	1.00e+00	8.91e-05	1.36e-09
 4.13466e+16	1.00e+00	7.11e-05	8.60e-10
 4.21801e+16	1.00e+00	5.56e-05	5.25e-10
 4.30504e+16	1.00e+00	4.31e-05	3.16e-10
 4.39218e+16	1.00e+00	3.35e-05	1.92e-10
 4.47932e+16	1.00e+00	2.61e-05	1.17e-10
 4.56784e+16	1.00e+00	2.03e-05	7.11e-11
 4.65885e+16	1.00e+00	1.57e-05	4.29e-11
 4.75232e+16	1.00e+00	1.21e-05	2.58e-11
 4.84830e+16	1.00e+00	9.34e-06	1.54e-11
 4.94733e+16	1.00e+00	7.17e-06	9.17e-12
 5.04990e+16	1.00e+00	5.47e-06	5.40e-12
 5.15648e+16	1.00e+00	4.16e-06	3.14e-12
 5.26698e+16	1.00e+00	3.15e-06	1.82e-12
 5.38225e+16	1.00e+00	2.37e-06	1.04e-12
 5.50343e+16	1.00e+00	1.76e-06	5.84e-13
 5.63114e+16	1.00e+00	1.31e-06	3.22e-13
 5.76638e+16	1.00e+00	9.56e-07	1.74e-13
 5.91011e+16	1.00e+00	6.92e-07	9.20e-14
 6.06252e+16	1.00e+00	4.96e-07	4.76e-14
 6.21913e+16	1.00e+00	3.56e-07	2.47e-14
 6.37573e+16	1.00e+00	2.58e-07	1.31e-14
 6.53234e+16	1.00e+00	1.88e-07	7.00e-15
 6.68894e+16	1.00e+00	1.39e-07	3.81e-15
 6.84555e+16	1.00e+00	1.03e-07	2.11e-15
 7.00215e+16	1.00e+00	7.69e-08	1.18e-15
 7.15875e+16	1.00e+00	5.79e-08	6.71e-16
 7.33885e+16	1.00e+00	4.17e-08	3.49e-16
 7.54550e+16	1.00e+00	2.92e-08	1.72e-16
 7.76806e+16	1.00e+00	2.00e-08	8.13e-17
 8.00692e+16	1.00e+00	1.36e-08	3.76e-17
 8.25158e+16	1.00e+00	9.27e-09	1.75e-17
 8.49861e+16	1.00e+00	6.37e-09	8.28e-18
 8.74563e+16	1.00e+00	4.43e-09	4.01e-18
 9.00455e+16	1.00e+00	3.05e-09	1.90e-18
 9.27935e+16	1.00e+00	2.08e-09	8.86e-19
 9.56084e+16	1.00e+00	1.42e-09	4.15e-19
 9.84504e+16	1.00e+00	9.79e-10	1.97e-19
 1.01292e+17	1.00e+00	6.82e-10	9.58e-20
 1.04134e+17	1.00e+00	4.79e-10	4.75e-20
 1.06976e+17	1.00e+00	3.40e-10	2.39e-20
 1.09818e+17	1.00e+00	2.43e-10	1.23e-20
 1.12660e+17	1.00e+00	1.76e-10	6.38e-21
 1.15502e+17	1.00e+00	1.28e-10	0.00e+00
 1.18488e+17	1.00e+00	9.17e-11	0.00e+00
 1.21618e+17	1.00e+00	6.57e-11	0.00e+00
 1.24748e+17	1.00e+00	4.75e-11	0.00e+00
 1.27878e+17	1.00e+00	3.46e-11	0.00e+00
 1.31008e+17	1.00e+00	2.55e-11	0.00e+00
 1.34138e+17	1.00e+00	1.90e-11	0.00e+00
 1.37268e+17	1.00e+00	1.42e-11	0.00e+00
 1.40464e+17	1.00e+00	1.07e-11	0.00e+00
 1.43720e+17	1.00e+00	8.16e-12	0.00e+00
 1.46908e+17	1.00e+00	6.33e-12	0.00e+00
 1.49963e+17	1.00e+00	5.03e-12	0.00e+00
 1.52888e+17	1.00e+00	4.10e-12	0.00e+00
 1.55707e+17	1.00e+00	3.42e-12	0.00e+00
 1.58421e+17	1.00e+00	2.91e-12	0.00e+00
 1.61027e+17	1.00e+00	2.52e-12	0.00e+00
 1.63513e+17	1.00e+00	2.23e-12	0.00e+00
 1.65873e+17	1.00e+00	2.01e-12	0.00e+00
 1.68113e+17	1.00e+00	1.84e-12	0.00e+00
 1.70241e+17	1.00e+00	1.70e-12	0.00e+00
 1.72260e+17	1.00e+00	1.60e-12	0.00e+00
 1.74175e+17	1.00e+00	1.51e-12	0.00e+00
 1.75988e+17	1.00e+00	1.44e-12	0.00e+00
 1.77703e+17	1.00e+00	1.39e-12	0.00e+00
 1.79325e+17	1.00e+00	1.35e-12	0.00e+00
 1.80862e+17	1.00e+00	1.31e-12	0.00e+00
 1.82317e+17	1.00e+00	1.28e-12	0.00e+00
 1.83695e+17	1.00e+00	1.25e-12	0.00e+00
 1.84999e+17	1.00e+00	1.23e-12	0.00e+00
 1.86234e+17	1.00e+00	1.22e-12	0.00e+00
 1.87403e+17	1.00e+00	1.20e-12	0.00e+00
 1.88511e+17	1.00e+00	1.19e-12	0.00e+00
 1.89562e+17	1.00e+00	1.18e-12	0.00e+00
 1.90558e+17	1.00e+00	1.17e-12	0.00e+00
 1.91502e+17	1.00e+00	1.16e-12	0.00e+00
 1.92399e+17	1.00e+00	1.15e-12	0.00e+00
 1.93249e+17	1.00e+00	1.14e-12	0.00e+00
 1.94057e+17	1.00e+00	1.14e-12	0.00e+00
 1.94824e+17	1.00e+00	1.13e-12	0.00e+00
 1.95553e+17	1.00e+00	1.13e-12	0.00e+00
 1.96247e+17	1.00e+00	1.13e-12	0.00e+00
 1.96907e+17	1.00e+00	1.12e-12	0.00e+00
 1.97535e+17	1.00e+00	1.12e-12	0.00e+00
 1.98133e+17	1.00e+00	1.12e-12	0.00e+00
 1.98703e+17	1.00e+00	1.12e-12	0.00e+00
 1.99246e+17	1.00e+00	1.11e-12	0.00e+00
 1.99765e+17	1.00e+00	1.11e-12	0.00e+00
 2.00261e+17	1.00e+00	1.11e-12	0.00e+00
 2.00734e+17	1.00e+00	1.11e-12	0.00e+00
 2.01188e+17	1.00e+00	1.11e-12	0.00e+00
 2.01622e+17	1.00e+00	1.10e-12	0.00e+00
 2.02038e+17	1.00e+00	1.10e-12	0.00e+00
 2.02437e+17	1.00e+00	1.10e-12	0.00e+00
 2.02821e+17	1.00e+00	1.10e-12	0.00e+00
 2.03191e+17	1.00e+00	1.10e-12	0.00e+00
 2.03548e+17	1.00e+00	1.10e-12	0.00e+00
 2.03892e+17	1.00e+00	1.10e-12	0.00e+00
 2.04225e+17	1.00e+00	1.10e-12	0.00e+00
 2.04549e+17	1.00e+00	1.10e-12	0.00e+00
 2.04863e+17	1.00e+00	1.09e-12	0.00e+00
 2.05170e+17	1.00e+00	1.09e-12	0.00e+00
 2.05470e+17	1.00e+00	1.09e-12	0.00e+00
 2.05764e+17	1.00e+00	1.09e-12	0.00e+00
 2.06054e+17	1.00e+00	1.09e-12	0.00e+00
 2.06341e+17	1.00e+00	1.09e-12	0.00e+00
 2.06626e+17	1.00e+00	1.09e-12	0.00e+00
 2.06911e+17	1.00e+00	1.09e-12	0.00e+00
 2.07198e+17	1.00e+00	1.09e-12	0.00e+00
 2.07488e+17	1.00e+00	1.09e-12	0.00e+00
 2.07784e+17	1.00e+00	1.09e-12	0.00e+00
 2.08089e+17	1.00e+00	1.08e-12	0.00e+00
 2.08406e+17	1.00e+00	1.08e-12	0.00e+00
 2.08740e+17	1.00e+00	1.08e-12	0.00e+00
 2.09095e+17	1.00e+00	1.08e-12	0.00e+00
 2.09480e+17	1.00e+00	1.08e-12	0.00e+00
 2.09905e+17	1.00e+00	1.08e-12	0.00e+00
 2.10382e+17	1.00e+00	1.07e-12	0.00e+00
 2.10933e+17	1.00e+00	1.07e-12	0.00e+00
 2.11584e+17	1.00e+00	1.06e-12	0.00e+00
 2.12379e+17	1.00e+00	1.06e-12	0.00e+00
 2.13387e+17	1.00e+00	1.04e-12	0.00e+00
 2.14692e+17	1.00e+00	1.03e-12	0.00e+00
 2.16389e+17	1.00e+00	1.00e-12	0.00e+00
 2.18594e+17	1.00e+00	9.62e-13	0.00e+00
 2.21461e+17	1.00e+00	9.08e-13	0.00e+00
 2.25188e+17	1.00e+00	8.37e-13	0.00e+00
 2.30033e+17	1.00e+00	7.46e-13	0.00e+00
 2.36331e+17	1.00e+00	6.36e-13	0.00e+00
 2.44520e+17	1.00e+00	5.13e-13	0.00e+00
 2.54131e+17	1.00e+00	3.83e-13	0.00e+00
 2.64296e+17	1.00e+00	3.26e-13	0.00e+00
 2.74868e+17	1.00e+00	2.93e-13	0.00e+00
 2.85862e+17	1.00e+00	2.66e-13	0.00e+00
 2.97297e+17	1.00e+00	2.39e-13	0.00e+00
 3.09189e+17	1.00e+00	2.14e-13	0.00e+00
 3.21556e+17	1.00e+00	1.90e-13	0.00e+00
 3.34419e+17	1.00e+00	1.66e-13	0.00e+00
 3.47795e+17	1.00e+00	1.44e-13	0.00e+00
 3.61707e+17	1.00e+00	1.24e-13	0.00e+00
 3.75481e+17	1.00e+00	1.04e-13	0.00e+00
 3.87950e+17	1.00e+00	1.03e-13	0.00e+00
 3.98829e+17	1.00e+00	1.14e-13	0.00e+00
 4.08711e+17	1.00e+00	1.22e-13	0.00e+00
 4.18223e+17	1.00e+00	1.19e-13	0.00e+00
 4.27456e+17	1.00e+00	1.09e-13	0.00e+00
 4.35987e+17	1.00e+00	1.01e-13	0.00e+00
 4.43406e+17	1.00e+00	9.80e-14	0.00e+00
 4.49509e+17	1.00e+00	9.77e-14	0.00e+00
 4.53952e+17	1.00e+00	9.91e-14	0.00e+00
 4.56687e+17	1.00e+00	1.04e-13	0.00e+00
 4.58277e+17	1.00e+00	1.08e-13	0.00e+00
 4.59231e+17	1.00e+00	1.11e-13	0.00e+00
 4.59803e+17	1.00e+00	1.12e-13	0.00e+00
 4.60168e+17	1.00e+00	1.13e-13	0.00e+00
 4.60511e+17	1.00e+00	1.14e-13	0.00e+00
 4.60953e+17	1.00e+00	1.14e-13	0.00e+00
 4.61440e+17	1.00e+00	1.15e-13	0.00e+00
 4.61859e+17	1.00e+00	1.15e-13	0.00e+00
 4.62191e+17	1.00e+00	1.15e-13	0.00e+00
 4.62482e+17	1.00e+00	1.15e-13	0.00e+00
 4.62765e+17	1.00e+00	1.15e-13	0.00e+00
 4.63047e+17	1.00e+00	1.15e-13	0.00e+00
 4.63327e+17	1.00e+00	1.14e-13	0.00e+00
 4.63591e+17	1.00e+00	1.14e-13	0.00e+00
 4.63827e+17	1.00e+00	1.14e-13	0.00e+00
 4.64040e+17	1.00e+00	1.14e-13	0.00e+00
 4.64258e+17	1.00e+00	1.14e-13	0.00e+00
 4.64485e+17	1.00e+00	1.13e-13	0.00e+00
 4.64696e+17	1.00e+00	1.13e-13	0.00e+00
 4.64888e+17	1.00e+00	1.13e-13	0.00e+00
 4.65066e+17	1.00e+00	1.12e-13	0.00e+00
 4.65236e+17	1.00e+00	1.12e-13	0.00e+00
 4.65403e+17	1.00e+00	1.12e-13	0.00e+00
 4.65571e+17	1.00e+00	1.12e-13	0.00e+00
 4.65739e+17	1.00e+00	1.11e-13	0.00e+00
 4.65897e+17	1.00e+00	1.11e-13	0.00e+00
 4.66045e+17	1.00e+00	1.11e-13	0.00e+00
 4.66194e+17	1.00e+00	1.10e-13	0.00e+00
 4.66346e+17	1.00e+00	1.10e-13	0.00e+00
 4.66492e+17	1.00e+00	1.10e-13	0.00e+00
 4.66631e+17	1.00e+00	1.09e-13	0.00e+00
 4.66773e+17	1.00e+00	1.09e-13	0.00e+00
 4.66918e+17	1.00e+00	1.09e-13	0.00e+00
 4.67058e+17	1.00e+00	1.08e-13	0.00e+00
 4.67193e+17	1.00e+00	1.08e-13	0.00e+00
 4.67332e+17	1.00e+00	1.07e-13	0.00e+00
 4.67476e+17	1.00e+00	1.07e-13	0.00e+00
 4.67617e+17	1.00e+00	1.07e-13	0.00e+00
 4.67754e+17	1.00e+00	1.06e-13	0.00e+00
 4.67896e+17	1.00e+00	1.06e-13	0.00e+00
 4.68045e+17	1.00e+00	1.05e-13	0.00e+00
 4.68196e+17	1.00e+00	1.05e-13	0.00e+00
 4.68346e+17	1.00e+00	1.04e-13	0.00e+00
 4.68490e+17	1.00e+00	1.04e-13	0.00e+00
 4.68634e+17	1.00e+00	1.03e-13	0.00e+00
 4.68793e+17	1.00e+00	1.03e-13	0.00e+00
 4.68975e+17	1.00e+00	1.02e-13	0.00e+00
 4.69156e+17	1.00e+00	1.01e-13	0.00e+00
 4.69318e+17	1.00e+00	1.01e-13	0.00e+00
 4.69474e+17	1.00e+00	1.00e-13	0.00e+00
 4.69642e+17	1.00e+00	9.96e-14	0.00e+00
 4.69826e+17	1.00e+00	9.89e-14	0.00e+00
 4.70014e+17	1.00e+00	9.81e-14	0.00e+00
 4.70208e+17	1.00e+00	9.74e-14	0.00e+00
 4.70402e+17	1.00e+00	9.66e-14	0.00e+00
 4.70598e+17	1.00e+00	9.58e-14	0.00e+00
 4.70805e+17	1.00e+00	9.50e-14	0.00e+00
 4.71019e+17	1.00e+00	9.41e-14	0.00e+00
 4.71236e+17	1.00e+00	9.32e-14	0.00e+00
 4.71444e+17	1.00e+00	9.23e-14	0.00e+00
 4.71657e+17	1.00e+00	9.15e-14	0.00e+00
 4.71900e+17	1.00e+00	9.05e-14	0.00e+00
 4.72161e+17	1.00e+00	8.93e-14	0.00e+00
 4.72410e+17	1.00e+00	8.82e-14	0.00e+00
 4.72649e+17	1.00e+00	8.72e-14	0.00e+00
 4.72908e+17	1.00e+00	8.62e-14	0.00e+00
 4.73184e+17	1.00e+00	8.49e-14	0.00e+00
 4.73464e+17	1.00e+00	8.37e-14	0.00e+00
 4.73744e+17	1.00e+00	8.25e-14	0.00e+00
 4.74036e+17	1.00e+00	8.13e-14	0.00e+00
 4.74337e+17	1.00e+00	7.99e-14	0.00e+00
 4.74640e+17	1.00e+00	7.86e-14	0.00e+00
 4.74962e+17	1.00e+00	7.72e-14	0.00e+00
 4.75301e+17	1.00e+00	7.57e-14	0.00e+00
 4.75632e+17	1.00e+00	7.42e-14	0.00e+00
 4.75956e+17	1.00e+00	7.29e-14	0.00e+00
 4.76303e+17	1.00e+00	7.14e-14	0.00e+00
 4.76683e+17	1.00e+00	6.98e-14	0.00e+00
 4.77072e+17	1.00e+00	6.81e-14	0.00e+00
 4.77446e+17	1.00e+00	6.64e-14	0.00e+00
 4.77810e+17	1.00e+00	6.49e-14	0.00e+00
 4.78203e+17	1.00e+00	6.33e-14	0.00e+00
 4.78627e+17	1.00e+00	6.15e-14	0.00e+00
 4.79056e+17	1.00e+00	5.98e-14	0.00e+00
 4.79480e+17	1.00e+00	5.80e-14	0.00e+00
 4.79902e+17	1.00e+00	5.63e-14	0.00e+00
 4.80333e+17	1.00e+00	5.46e-14	0.00e+00
 4.80791e+17	1.00e+00	5.28e-14	0.00e+00
 4.81275e+17	1.00e+00	5.09e-14	0.00e+00
 4.81763e+17	1.00e+00	4.91e-14	0.00e+00
 4.82245e+17	1.00e+00	4.72e-14	0.00e+00
 4.82729e+17	1.00e+00	4.54e-14	0.00e+00
 4.83231e+17	1.00e+00	4.36e-14	0.00e+00
 4.83753e+17	1.00e+00	4.18e-14	0.00e+00
 4.84282e+17	1.00e+00	4.00e-14	0.00e+00
 4.84823e+17	1.00e+00	3.82e-14	0.00e+00
 4.85388e+17	1.00e+00	3.63e-14	0.00e+00
 4.85953e+17	1.00e+00	3.44e-14	0.00e+00
 4.86513e+17	1.00e+00	3.27e-14	0.00e+00
 4.87087e+17	1.00e+00	3.11e-14	0.00e+00
 4.87715e+17	1.00e+00	2.93e-14	0.00e+00
 4.88367e+17	1.00e+00	2.75e-14	0.00e+00
 4.89008e+17	1.00e+00	2.57e-14	0.00e+00
 4.89645e+17	1.00e+00	2.41e-14	0.00e+00
 4.90308e+17	1.00e+00	2.26e-14	0.00e+00
 4.91034e+17	1.00e+00	2.09e-14	0.00e+00
 4.91769e+17	1.00e+00	1.93e-14	0.00e+00
 4.92447e+17	1.00e+00	1.78e-14	0.00e+00
 4.93027e+17	1.00e+00	1.66e-14	0.00e+00
 4.93530e+17	1.00e+00	1.56e-14	0.00e+00
 4.94000e+17	1.00e+00	1.47e-14	0.00e+00
 4.94464e+17	1.00e+00	1.40e-14	0.00e+00
 4.94921e+17	1.00e+00	1.32e-14	0.00e+00
 4.95353e+17	1.00e+00	1.25e-14	0.00e+00
 4.95753e+17	1.00e+00	1.19e-14	0.00e+00
 4.96127e+17	1.00e+00	1.13e-14	0.00e+00
 4.96489e+17	1.00e+00	1.08e-14	0.00e+00
 4.96844e+17	1.00e+00	1.03e-14	0.00e+00
 4.97189e+17	1.00e+00	9.87e-15	0.00e+00
 4.97518e+17	1.00e+00	9.44e-15	0.00e+00
 4.97832e+17	1.00e+00	9.04e-15	0.00e+00
 4.98134e+17	1.00e+00	8.68e-15	0.00e+00
 4.98427e+17	1.00e+00	8.33e-15	0.00e+00
 4.98712e+17	1.00e+00	8.00e-15	0.00e+00
 4.98987e+17	1.00e+00	7.68e-15	0.00e+00
 4.99253e+17	1.00e+00	7.39e-15	0.00e+00
 4.99509e+17	1.00e+00	7.10e-15	0.00e+00
 4.99757e+17	1.00e+00	6.84e-15	0.00e+00
 4.99997e+17	1.00e+00	6.59e-15	0.00e+00
 5.00231e+17	1.00e+00	6.35e-15	0.00e+00
 5.00460e+17	1.00e+00	6.13e-15	0.00e+00
 5.00682e+17	1.00e+00	5.91e-15	0.00e+00
 5.00897e+17	1.00e+00	5.71e-15	0.00e+00
 5.01107e+17	1.00e+00	5.51e-15	0.00e+00
 5.01311e+17	1.00e+00	5.32e-15	0.00e+00
 5.01507e+17	1.00e+00	5.15e-15	0.00e+00
 5.01700e+17	1.00e+00	4.99e-15	0.00e+00
 5.01921e+17	1.00e+00	4.83e-15	0.00e+00
 5.02208e+17	1.00e+00	4.61e-15	0.00e+00
 5.02581e+17	1.00e+00	4.37e-15	0.00e+00
 5.03065e+17	1.00e+00	4.05e-15	0.00e+00
 5.03696e+17	1.00e+00	3.66e-15	0.00e+00
 5.04515e+17	1.00e+00	3.20e-15	0.00e+00
 5.05492e+17	1.00e+00	2.68e-15	0.00e+00
 5.06419e+17	1.00e+00	2.20e-15	0.00e+00
 5.07122e+17	1.00e+00	1.86e-15	0.00e+00
 5.07646e+17	1.00e+00	1.66e-15	0.00e+00
 5.08129e+17	1.00e+00	1.51e-15	0.00e+00
 5.08674e+17	1.00e+00	1.37e-15	0.00e+00
 5.09291e+17	1.00e+00	1.21e-15	0.00e+00
 5.09919e+17	1.00e+00	1.06e-15	0.00e+00
 5.10499e+17	1.00e+00	9.40e-16	0.00e+00
 5.11031e+17	1.00e+00	8.40e-16	0.00e+00
 5.11563e+17	1.00e+00	7.56e-16	0.00e+00
