#depth	N	N+	N+2	N+3	N+4	N+5	N+6	N+7
 1.49634e+10	0.00e+00	0.00e+00	8.88e-33	3.25e-23	3.78e-14	2.00e-04	2.35e-01	7.65e-01
 4.54887e+10	0.00e+00	9.64e-43	1.30e-32	4.41e-23	4.73e-14	2.32e-04	2.50e-01	7.50e-01
 7.72350e+10	0.00e+00	0.00e+00	1.90e-32	5.96e-23	5.91e-14	2.68e-04	2.65e-01	7.35e-01
 1.10251e+11	0.00e+00	2.41e-42	2.78e-32	8.05e-23	7.39e-14	3.09e-04	2.80e-01	7.20e-01
 1.42798e+11	0.00e+00	0.00e+00	3.99e-32	1.07e-22	9.11e-14	3.54e-04	2.95e-01	7.04e-01
 1.76647e+11	0.00e+00	5.74e-42	5.71e-32	1.42e-22	1.12e-13	4.04e-04	3.11e-01	6.88e-01
 2.09108e+11	0.00e+00	0.00e+00	7.95e-32	1.85e-22	1.36e-13	4.58e-04	3.26e-01	6.73e-01
 2.36065e+11	0.00e+00	1.18e-41	1.04e-31	2.28e-22	1.59e-13	5.05e-04	3.39e-01	6.61e-01
 2.65111e+11	0.00e+00	0.00e+00	1.37e-31	2.84e-22	1.87e-13	5.59e-04	3.52e-01	6.48e-01
 3.02123e+11	0.00e+00	2.50e-41	1.93e-31	3.72e-22	2.27e-13	6.34e-04	3.68e-01	6.31e-01
 3.41183e+11	0.00e+00	0.00e+00	2.73e-31	4.89e-22	2.78e-13	7.20e-04	3.86e-01	6.14e-01
 3.76306e+11	0.00e+00	5.49e-41	3.68e-31	6.19e-22	3.30e-13	8.03e-04	4.01e-01	5.99e-01
 4.14617e+11	0.00e+00	0.00e+00	5.05e-31	7.94e-22	3.96e-13	9.00e-04	4.17e-01	5.82e-01
 4.59960e+11	0.00e+00	1.25e-40	7.24e-31	1.05e-21	4.87e-13	1.02e-03	4.36e-01	5.63e-01
 5.05365e+11	0.00e+00	0.00e+00	1.02e-30	1.38e-21	5.93e-13	1.16e-03	4.54e-01	5.45e-01
 5.48052e+11	0.00e+00	2.77e-40	1.40e-30	1.77e-21	7.09e-13	1.29e-03	4.71e-01	5.28e-01
 5.88944e+11	0.00e+00	0.00e+00	1.87e-30	2.22e-21	8.35e-13	1.43e-03	4.86e-01	5.12e-01
 6.34766e+11	0.00e+00	5.77e-40	2.55e-30	2.83e-21	9.96e-13	1.60e-03	5.03e-01	4.95e-01
 6.85326e+11	0.00e+00	0.00e+00	3.56e-30	3.67e-21	1.20e-12	1.79e-03	5.21e-01	4.77e-01
 7.32008e+11	0.00e+00	1.24e-39	4.78e-30	4.63e-21	1.42e-12	1.98e-03	5.37e-01	4.61e-01
 7.82660e+11	0.00e+00	0.00e+00	6.51e-30	5.89e-21	1.69e-12	2.20e-03	5.54e-01	4.44e-01
 8.39102e+11	0.00e+00	2.71e-39	9.08e-30	7.62e-21	2.03e-12	2.46e-03	5.71e-01	4.26e-01
 8.92031e+11	0.00e+00	0.00e+00	1.22e-29	9.62e-21	2.40e-12	2.72e-03	5.87e-01	4.10e-01
 9.49799e+11	0.00e+00	5.73e-39	1.68e-29	1.23e-20	2.85e-12	3.02e-03	6.04e-01	3.93e-01
 1.01396e+12	0.00e+00	0.00e+00	2.35e-29	1.59e-20	3.43e-12	3.37e-03	6.21e-01	3.75e-01
 1.07395e+12	0.00e+00	1.25e-38	3.17e-29	2.01e-20	4.05e-12	3.72e-03	6.37e-01	3.59e-01
 1.13944e+12	0.00e+00	0.00e+00	4.36e-29	2.58e-20	4.82e-12	4.12e-03	6.53e-01	3.43e-01
 1.21256e+12	0.00e+00	2.81e-38	6.13e-29	3.35e-20	5.81e-12	4.60e-03	6.70e-01	3.26e-01
 1.28162e+12	0.00e+00	0.00e+00	8.35e-29	4.26e-20	6.88e-12	5.07e-03	6.85e-01	3.10e-01
 1.35582e+12	0.00e+00	6.08e-38	1.15e-28	5.45e-20	8.18e-12	5.60e-03	7.00e-01	2.95e-01
 1.43998e+12	0.00e+00	0.00e+00	1.63e-28	7.13e-20	9.87e-12	6.24e-03	7.15e-01	2.78e-01
 1.52258e+12	0.00e+00	1.40e-37	2.26e-28	9.18e-20	1.18e-11	6.90e-03	7.30e-01	2.63e-01
 1.59808e+12	0.00e+00	0.00e+00	3.02e-28	1.15e-19	1.38e-11	7.54e-03	7.42e-01	2.50e-01
 1.68045e+12	0.00e+00	2.90e-37	4.10e-28	1.45e-19	1.62e-11	8.26e-03	7.55e-01	2.37e-01
 1.77651e+12	0.00e+00	0.00e+00	5.77e-28	1.88e-19	1.94e-11	9.15e-03	7.68e-01	2.23e-01
 1.87047e+12	0.00e+00	6.59e-37	7.96e-28	2.41e-19	2.30e-11	1.01e-02	7.80e-01	2.10e-01
 1.95833e+12	0.00e+00	0.00e+00	1.06e-27	3.01e-19	2.68e-11	1.10e-02	7.90e-01	1.99e-01
 2.03842e+12	0.00e+00	1.29e-36	1.37e-27	3.66e-19	3.07e-11	1.18e-02	7.99e-01	1.89e-01
 2.11124e+12	2.08e-46	1.71e-36	1.72e-27	4.35e-19	3.46e-11	1.26e-02	8.06e-01	1.81e-01
 2.19436e+12	0.00e+00	0.00e+00	2.22e-27	5.27e-19	3.95e-11	1.35e-02	8.14e-01	1.72e-01
 2.30113e+12	0.00e+00	3.45e-36	3.04e-27	6.70e-19	4.66e-11	1.48e-02	8.24e-01	1.62e-01
 2.41044e+12	7.60e-46	5.07e-36	4.15e-27	8.49e-19	5.47e-11	1.62e-02	8.32e-01	1.52e-01
 2.50258e+12	0.00e+00	0.00e+00	5.34e-27	1.03e-18	6.24e-11	1.73e-02	8.39e-01	1.44e-01
 2.60057e+12	0.00e+00	9.61e-36	6.94e-27	1.26e-18	7.15e-11	1.86e-02	8.45e-01	1.36e-01
 2.72405e+12	2.62e-45	1.43e-35	9.57e-27	1.60e-18	8.44e-11	2.04e-02	8.52e-01	1.27e-01
 2.85254e+12	0.00e+00	0.00e+00	1.32e-26	2.05e-18	9.98e-11	2.23e-02	8.59e-01	1.19e-01
 2.96762e+12	0.00e+00	3.03e-35	1.75e-26	2.54e-18	1.15e-10	2.40e-02	8.64e-01	1.12e-01
 3.09335e+12	1.00e-44	4.39e-35	2.36e-26	3.18e-18	1.34e-10	2.60e-02	8.70e-01	1.04e-01
 3.24267e+12	0.00e+00	0.00e+00	3.33e-26	4.13e-18	1.60e-10	2.85e-02	8.75e-01	9.67e-02
 3.38150e+12	0.00e+00	9.88e-35	4.54e-26	5.22e-18	1.88e-10	3.10e-02	8.79e-01	9.01e-02
 3.49492e+12	3.82e-44	1.34e-34	5.81e-26	6.29e-18	2.13e-10	3.30e-02	8.82e-01	8.52e-02
 3.61645e+12	0.00e+00	0.00e+00	7.55e-26	7.67e-18	2.43e-10	3.54e-02	8.84e-01	8.02e-02
 3.77380e+12	0.00e+00	2.79e-34	1.05e-25	9.83e-18	2.87e-10	3.85e-02	8.87e-01	7.43e-02
 3.93705e+12	1.50e-43	4.22e-34	1.46e-25	1.26e-17	3.40e-10	4.19e-02	8.89e-01	6.86e-02
 4.07428e+12	0.00e+00	5.92e-34	1.92e-25	1.55e-17	3.90e-10	4.50e-02	8.91e-01	6.43e-02
 4.21837e+12	3.43e-43	8.39e-34	2.54e-25	1.92e-17	4.49e-10	4.83e-02	8.92e-01	6.01e-02
 4.40078e+12	0.00e+00	1.29e-33	3.59e-25	2.50e-17	5.36e-10	5.27e-02	8.92e-01	5.52e-02
 4.58578e+12	9.59e-43	1.98e-33	5.07e-25	3.24e-17	6.37e-10	5.75e-02	8.92e-01	5.07e-02
 4.74193e+12	0.00e+00	2.81e-33	6.73e-25	4.02e-17	7.35e-10	6.17e-02	8.91e-01	4.72e-02
 4.90777e+12	2.27e-42	4.06e-33	9.04e-25	5.02e-17	8.53e-10	6.64e-02	8.90e-01	4.38e-02
 5.11650e+12	0.00e+00	6.36e-33	1.30e-24	6.61e-17	1.02e-09	7.26e-02	8.87e-01	3.99e-02
 5.32157e+12	6.50e-42	9.77e-33	1.84e-24	8.59e-17	1.22e-09	7.91e-02	8.84e-01	3.65e-02
 5.48683e+12	0.00e+00	1.37e-32	2.41e-24	1.06e-16	1.40e-09	8.45e-02	8.82e-01	3.40e-02
 5.65978e+12	1.47e-41	1.93e-32	3.18e-24	1.30e-16	1.61e-09	9.04e-02	8.78e-01	3.15e-02
 5.88461e+12	0.00e+00	2.97e-32	4.51e-24	1.70e-16	1.92e-09	9.84e-02	8.73e-01	2.87e-02
 6.12020e+12	4.18e-41	4.61e-32	6.44e-24	2.23e-16	2.30e-09	1.07e-01	8.67e-01	2.60e-02
 6.32159e+12	0.00e+00	6.61e-32	8.63e-24	2.79e-16	2.66e-09	1.15e-01	8.61e-01	2.40e-02
 6.52192e+12	9.78e-41	9.36e-32	1.14e-23	3.46e-16	3.07e-09	1.23e-01	8.55e-01	2.21e-02
 6.75743e+12	0.00e+00	1.39e-31	1.57e-23	4.42e-16	3.61e-09	1.33e-01	8.47e-01	2.02e-02
 7.01898e+12	2.59e-40	2.11e-31	2.21e-23	5.73e-16	4.29e-09	1.44e-01	8.38e-01	1.83e-02
 7.25104e+12	0.00e+00	3.01e-31	2.95e-23	7.14e-16	4.96e-09	1.54e-01	8.30e-01	1.67e-02
 7.43799e+12	5.51e-40	3.97e-31	3.70e-23	8.48e-16	5.56e-09	1.62e-01	8.23e-01	1.56e-02
 7.64129e+12	0.00e+00	5.31e-31	4.68e-23	1.02e-15	6.27e-09	1.71e-01	8.15e-01	1.45e-02
 7.90559e+12	1.21e-39	7.63e-31	6.29e-23	1.27e-15	7.28e-09	1.83e-01	8.04e-01	1.33e-02
 8.18998e+12	0.00e+00	1.11e-30	8.53e-23	1.61e-15	8.48e-09	1.96e-01	7.92e-01	1.20e-02
 8.43701e+12	2.74e-39	1.52e-30	1.10e-22	1.95e-15	9.64e-09	2.07e-01	7.82e-01	1.11e-02
 8.69467e+12	0.00e+00	2.07e-30	1.42e-22	2.37e-15	1.09e-08	2.19e-01	7.71e-01	1.02e-02
 9.02963e+12	6.32e-39	3.05e-30	1.94e-22	3.02e-15	1.28e-08	2.34e-01	7.56e-01	9.18e-03
 9.36834e+12	0.00e+00	4.44e-30	2.63e-22	3.80e-15	1.49e-08	2.50e-01	7.42e-01	8.27e-03
 9.64023e+12	1.39e-38	5.92e-30	3.33e-22	4.54e-15	1.68e-08	2.63e-01	7.30e-01	7.63e-03
 9.92199e+12	0.00e+00	7.90e-30	4.20e-22	5.43e-15	1.88e-08	2.76e-01	7.17e-01	7.03e-03
 1.02883e+13	3.02e-38	1.13e-29	5.62e-22	6.77e-15	2.17e-08	2.93e-01	7.01e-01	6.33e-03
 1.06735e+13	0.00e+00	1.62e-29	7.52e-22	8.44e-15	2.50e-08	3.10e-01	6.84e-01	5.69e-03
 1.10043e+13	6.63e-38	2.18e-29	9.56e-22	1.01e-14	2.81e-08	3.25e-01	6.69e-01	5.20e-03
 1.13555e+13	0.00e+00	2.95e-29	1.22e-21	1.22e-14	3.17e-08	3.41e-01	6.54e-01	4.74e-03
 1.18000e+13	1.48e-37	4.26e-29	1.64e-21	1.52e-14	3.65e-08	3.61e-01	6.35e-01	4.23e-03
 1.22552e+13	0.00e+00	6.09e-29	2.19e-21	1.89e-14	4.20e-08	3.81e-01	6.16e-01	3.77e-03
 1.26479e+13	3.24e-37	8.19e-29	2.78e-21	2.27e-14	4.70e-08	3.97e-01	5.99e-01	3.43e-03
 1.30700e+13	0.00e+00	1.11e-28	3.56e-21	2.73e-14	5.29e-08	4.15e-01	5.82e-01	3.10e-03
 1.35898e+13	7.23e-37	1.60e-28	4.76e-21	3.39e-14	6.06e-08	4.36e-01	5.61e-01	2.74e-03
 1.41139e+13	0.00e+00	2.26e-28	6.30e-21	4.17e-14	6.91e-08	4.57e-01	5.41e-01	2.43e-03
 1.45777e+13	1.57e-36	3.04e-28	7.97e-21	4.97e-14	7.70e-08	4.74e-01	5.24e-01	2.20e-03
 1.49979e+13	0.00e+00	3.93e-28	9.81e-21	5.81e-14	8.48e-08	4.90e-01	5.08e-01	2.00e-03
 1.54565e+13	2.96e-36	5.16e-28	1.22e-20	6.82e-14	9.36e-08	5.06e-01	4.92e-01	1.82e-03
 1.59416e+13	0.00e+00	6.82e-28	1.52e-20	8.06e-14	1.04e-07	5.23e-01	4.75e-01	1.64e-03
 1.63580e+13	5.47e-36	8.59e-28	1.83e-20	9.24e-14	1.13e-07	5.37e-01	4.61e-01	1.50e-03
 1.67963e+13	0.00e+00	1.09e-27	2.21e-20	1.06e-13	1.23e-07	5.52e-01	4.47e-01	1.38e-03
 1.73660e+13	1.04e-35	1.46e-27	2.79e-20	1.26e-13	1.36e-07	5.70e-01	4.29e-01	1.23e-03
 1.79555e+13	0.00e+00	1.96e-27	3.54e-20	1.50e-13	1.52e-07	5.88e-01	4.11e-01	1.09e-03
 1.84434e+13	1.97e-35	2.48e-27	4.27e-20	1.73e-13	1.65e-07	6.02e-01	3.97e-01	9.96e-04
 1.89507e+13	0.00e+00	3.15e-27	5.16e-20	1.98e-13	1.79e-07	6.16e-01	3.83e-01	9.06e-04
 1.96102e+13	3.75e-35	4.24e-27	6.54e-20	2.36e-13	1.99e-07	6.34e-01	3.65e-01	8.02e-04
 2.03046e+13	0.00e+00	5.73e-27	8.31e-20	2.82e-13	2.21e-07	6.52e-01	3.48e-01	7.07e-04
 2.09041e+13	7.29e-35	7.36e-27	1.01e-19	3.26e-13	2.41e-07	6.66e-01	3.33e-01	6.36e-04
 2.15433e+13	0.00e+00	9.52e-27	1.24e-19	3.79e-13	2.64e-07	6.81e-01	3.19e-01	5.70e-04
 2.23577e+13	1.46e-34	1.31e-26	1.60e-19	4.56e-13	2.94e-07	6.98e-01	3.01e-01	4.95e-04
 2.32004e+13	2.13e-34	1.79e-26	2.06e-19	5.48e-13	3.28e-07	7.16e-01	2.84e-01	4.31e-04
 2.39374e+13	2.93e-34	2.33e-26	2.53e-19	6.38e-13	3.58e-07	7.29e-01	2.70e-01	3.83e-04
 2.47364e+13	4.08e-34	3.07e-26	3.16e-19	7.51e-13	3.94e-07	7.44e-01	2.56e-01	3.37e-04
 2.57067e+13	6.00e-34	4.22e-26	4.07e-19	9.05e-13	4.39e-07	7.60e-01	2.40e-01	2.89e-04
 2.66590e+13	8.63e-34	5.71e-26	5.18e-19	1.08e-12	4.87e-07	7.75e-01	2.25e-01	2.51e-04
 2.74800e+13	1.17e-33	7.33e-26	6.32e-19	1.25e-12	5.29e-07	7.86e-01	2.14e-01	2.22e-04
 2.83710e+13	1.60e-33	9.52e-26	7.78e-19	1.45e-12	5.78e-07	7.98e-01	2.02e-01	1.95e-04
 2.92857e+13	2.18e-33	1.23e-25	9.56e-19	1.69e-12	6.31e-07	8.09e-01	1.90e-01	1.72e-04
 3.00361e+13	2.80e-33	1.51e-25	1.13e-18	1.91e-12	6.75e-07	8.18e-01	1.82e-01	1.55e-04
 3.08163e+13	3.59e-33	1.86e-25	1.33e-18	2.15e-12	7.23e-07	8.26e-01	1.73e-01	1.39e-04
 3.18306e+13	4.91e-33	2.41e-25	1.63e-18	2.50e-12	7.89e-07	8.37e-01	1.63e-01	1.22e-04
 3.28908e+13	6.74e-33	3.14e-25	2.01e-18	2.92e-12	8.60e-07	8.47e-01	1.53e-01	1.06e-04
 3.37906e+13	8.73e-33	3.89e-25	2.39e-18	3.31e-12	9.23e-07	8.54e-01	1.46e-01	9.52e-05
 3.47405e+13	1.14e-32	4.85e-25	2.84e-18	3.75e-12	9.92e-07	8.62e-01	1.38e-01	8.48e-05
 3.59752e+13	1.59e-32	6.39e-25	3.54e-18	4.40e-12	1.09e-06	8.71e-01	1.29e-01	7.34e-05
 3.72650e+13	2.22e-32	8.42e-25	4.41e-18	5.17e-12	1.19e-06	8.80e-01	1.20e-01	6.33e-05
 3.83618e+13	2.93e-32	1.06e-24	5.28e-18	5.89e-12	1.28e-06	8.86e-01	1.14e-01	5.60e-05
 3.95234e+13	3.89e-32	1.34e-24	6.34e-18	6.72e-12	1.37e-06	8.93e-01	1.07e-01	4.95e-05
 4.09985e+13	5.52e-32	1.78e-24	7.95e-18	7.90e-12	1.50e-06	9.00e-01	9.99e-02	4.26e-05
 4.25555e+13	7.84e-32	2.38e-24	9.99e-18	9.32e-12	1.65e-06	9.07e-01	9.27e-02	3.64e-05
 4.39489e+13	1.06e-31	3.06e-24	1.22e-17	1.07e-11	1.78e-06	9.13e-01	8.70e-02	3.18e-05
 4.54552e+13	1.47e-31	3.98e-24	1.49e-17	1.24e-11	1.93e-06	9.19e-01	8.14e-02	2.77e-05
 4.72478e+13	2.12e-31	5.37e-24	1.89e-17	1.47e-11	2.11e-06	9.25e-01	7.53e-02	2.36e-05
 4.88543e+13	2.91e-31	6.97e-24	2.31e-17	1.69e-11	2.28e-06	9.29e-01	7.05e-02	2.06e-05
 5.00879e+13	3.70e-31	8.47e-24	2.69e-17	1.88e-11	2.41e-06	9.33e-01	6.71e-02	1.86e-05
 5.13948e+13	4.74e-31	1.04e-23	3.15e-17	2.10e-11	2.56e-06	9.36e-01	6.38e-02	1.68e-05
 5.30938e+13	6.48e-31	1.34e-23	3.83e-17	2.41e-11	2.75e-06	9.40e-01	5.99e-02	1.47e-05
 5.49482e+13	9.00e-31	1.75e-23	4.71e-17	2.78e-11	2.97e-06	9.44e-01	5.59e-02	1.28e-05
 5.65736e+13	1.19e-30	2.20e-23	5.61e-17	3.14e-11	3.16e-06	9.47e-01	5.28e-02	1.13e-05
 5.82556e+13	1.59e-30	2.76e-23	6.69e-17	3.54e-11	3.37e-06	9.50e-01	4.99e-02	1.01e-05
 6.04054e+13	2.25e-30	3.67e-23	8.32e-17	4.12e-11	3.65e-06	9.54e-01	4.65e-02	8.72e-06
 6.26075e+13	3.19e-30	4.86e-23	1.03e-16	4.77e-11	3.94e-06	9.57e-01	4.33e-02	7.55e-06
 6.44767e+13	4.25e-30	6.13e-23	1.23e-16	5.39e-11	4.20e-06	9.59e-01	4.09e-02	6.72e-06
 6.64689e+13	5.72e-30	7.79e-23	1.48e-16	6.10e-11	4.48e-06	9.61e-01	3.85e-02	5.95e-06
 6.89618e+13	8.21e-30	1.04e-22	1.84e-16	7.09e-11	4.84e-06	9.64e-01	3.59e-02	5.14e-06
 7.15593e+13	1.18e-29	1.39e-22	2.30e-16	8.24e-11	5.23e-06	9.67e-01	3.34e-02	4.43e-06
 7.38999e+13	1.62e-29	1.80e-22	2.79e-16	9.39e-11	5.59e-06	9.69e-01	3.13e-02	3.90e-06
 7.64525e+13	2.26e-29	2.35e-22	3.42e-16	1.08e-10	6.00e-06	9.71e-01	2.93e-02	3.41e-06
 7.94682e+13	3.30e-29	3.19e-22	4.31e-16	1.26e-10	6.51e-06	9.73e-01	2.72e-02	2.92e-06
 8.24346e+13	4.73e-29	4.27e-22	5.36e-16	1.46e-10	7.02e-06	9.75e-01	2.53e-02	2.53e-06
 8.50328e+13	6.42e-29	5.45e-22	6.46e-16	1.66e-10	7.49e-06	9.76e-01	2.38e-02	2.23e-06
 8.78037e+13	8.80e-29	7.03e-22	7.82e-16	1.89e-10	8.00e-06	9.78e-01	2.23e-02	1.97e-06
 9.09232e+13	1.24e-28	9.25e-22	9.64e-16	2.18e-10	8.60e-06	9.79e-01	2.08e-02	1.71e-06
 9.38924e+13	1.70e-28	1.19e-21	1.17e-15	2.48e-10	9.19e-06	9.80e-01	1.96e-02	1.50e-06
 9.65813e+13	2.24e-28	1.49e-21	1.38e-15	2.78e-10	9.74e-06	9.81e-01	1.85e-02	1.34e-06
 9.90373e+13	2.87e-28	1.82e-21	1.61e-15	3.07e-10	1.03e-05	9.82e-01	1.76e-02	1.22e-06
 1.01758e+14	3.74e-28	2.25e-21	1.89e-15	3.43e-10	1.08e-05	9.83e-01	1.67e-02	1.09e-06
 1.04818e+14	5.01e-28	2.84e-21	2.25e-15	3.87e-10	1.15e-05	9.84e-01	1.57e-02	9.67e-07
 1.07723e+14	6.54e-28	3.53e-21	2.65e-15	4.32e-10	1.22e-05	9.85e-01	1.49e-02	0.00e+00
 1.10901e+14	8.70e-28	4.44e-21	3.16e-15	4.86e-10	1.30e-05	9.86e-01	1.40e-02	0.00e+00
 1.14407e+14	1.18e-27	5.67e-21	3.80e-15	5.51e-10	1.38e-05	9.87e-01	1.32e-02	0.00e+00
 1.17642e+14	1.55e-27	7.06e-21	4.49e-15	6.17e-10	1.46e-05	9.88e-01	1.25e-02	0.00e+00
 1.21150e+14	2.06e-27	8.89e-21	5.35e-15	6.95e-10	1.56e-05	9.88e-01	1.18e-02	0.00e+00
 1.25079e+14	2.82e-27	1.14e-20	6.47e-15	7.91e-10	1.66e-05	9.89e-01	1.10e-02	0.00e+00
 1.28791e+14	3.75e-27	1.44e-20	7.71e-15	8.91e-10	1.77e-05	9.90e-01	1.04e-02	0.00e+00
 1.32852e+14	5.07e-27	1.83e-20	9.27e-15	1.01e-09	1.88e-05	9.90e-01	9.76e-03	0.00e+00
 1.37379e+14	7.02e-27	2.38e-20	1.13e-14	1.16e-09	2.02e-05	9.91e-01	9.11e-03	0.00e+00
 1.41644e+14	9.45e-27	3.03e-20	1.36e-14	1.31e-09	2.15e-05	9.91e-01	8.56e-03	0.00e+00
 1.46318e+14	1.30e-26	3.91e-20	1.65e-14	1.49e-09	2.30e-05	9.92e-01	8.01e-03	0.00e+00
 1.51569e+14	1.82e-26	5.15e-20	2.03e-14	1.72e-09	2.48e-05	9.93e-01	7.46e-03	0.00e+00
 1.56565e+14	2.50e-26	6.64e-20	2.47e-14	1.97e-09	2.65e-05	9.93e-01	6.98e-03	0.00e+00
 1.62057e+14	3.49e-26	8.69e-20	3.03e-14	2.26e-09	2.85e-05	9.93e-01	6.50e-03	0.00e+00
 1.68136e+14	4.99e-26	1.16e-19	3.77e-14	2.63e-09	3.08e-05	9.94e-01	6.03e-03	0.00e+00
 1.73768e+14	6.87e-26	1.50e-19	4.59e-14	3.00e-09	3.30e-05	9.94e-01	5.64e-03	0.00e+00
 1.79878e+14	9.60e-26	1.97e-19	5.64e-14	3.45e-09	3.54e-05	9.95e-01	5.25e-03	0.00e+00
 1.86728e+14	1.38e-25	2.63e-19	7.04e-14	4.02e-09	3.83e-05	9.95e-01	4.86e-03	0.00e+00
 1.93202e+14	1.92e-25	3.44e-19	8.63e-14	4.61e-09	4.11e-05	9.95e-01	4.54e-03	0.00e+00
 2.00221e+14	2.72e-25	4.55e-19	1.07e-13	5.33e-09	4.42e-05	9.96e-01	4.22e-03	0.00e+00
 2.08046e+14	3.95e-25	6.15e-19	1.34e-13	6.23e-09	4.79e-05	9.96e-01	3.90e-03	0.00e+00
 2.14787e+14	5.40e-25	7.90e-19	1.62e-13	7.08e-09	5.11e-05	9.96e-01	3.65e-03	0.00e+00
 2.19911e+14	6.79e-25	9.51e-19	1.87e-13	7.79e-09	5.37e-05	9.96e-01	3.48e-03	0.00e+00
 2.25122e+14	8.53e-25	1.14e-18	2.15e-13	8.57e-09	5.63e-05	9.97e-01	3.32e-03	0.00e+00
 2.31898e+14	1.14e-24	1.44e-18	2.56e-13	9.66e-09	5.99e-05	9.97e-01	3.12e-03	0.00e+00
 2.39121e+14	1.54e-24	1.84e-18	3.08e-13	1.09e-08	6.38e-05	9.97e-01	2.93e-03	0.00e+00
 2.45449e+14	1.99e-24	2.26e-18	3.60e-13	1.21e-08	6.73e-05	9.97e-01	2.78e-03	0.00e+00
 2.52198e+14	2.59e-24	2.79e-18	4.23e-13	1.35e-08	7.11e-05	9.97e-01	2.63e-03	0.00e+00
 2.60973e+14	3.63e-24	3.66e-18	5.19e-13	1.55e-08	7.63e-05	9.97e-01	2.45e-03	0.00e+00
 2.69917e+14	5.05e-24	4.78e-18	6.34e-13	1.78e-08	8.17e-05	9.98e-01	2.29e-03	0.00e+00
 2.77212e+14	6.57e-24	5.90e-18	7.44e-13	1.98e-08	8.63e-05	9.98e-01	2.17e-03	0.00e+00
 2.84826e+14	8.58e-24	7.31e-18	8.75e-13	2.21e-08	9.12e-05	9.98e-01	2.06e-03	0.00e+00
 2.94725e+14	1.20e-23	9.58e-18	1.07e-12	2.53e-08	9.78e-05	9.98e-01	1.92e-03	0.00e+00
 3.05187e+14	1.70e-23	1.26e-17	1.32e-12	2.92e-08	1.05e-04	9.98e-01	1.79e-03	0.00e+00
 3.14294e+14	2.27e-23	1.60e-17	1.58e-12	3.28e-08	1.11e-04	9.98e-01	1.69e-03	0.00e+00
 3.24046e+14	3.07e-23	2.03e-17	1.89e-12	3.71e-08	1.18e-04	9.98e-01	1.57e-03	0.00e+00
 3.36163e+14	4.41e-23	2.72e-17	2.35e-12	4.30e-08	1.28e-04	9.98e-01	1.46e-03	0.00e+00
 3.48631e+14	6.33e-23	3.63e-17	2.93e-12	4.97e-08	1.37e-04	9.99e-01	1.36e-03	0.00e+00
 3.59776e+14	8.64e-23	4.67e-17	3.53e-12	5.64e-08	1.46e-04	9.99e-01	1.27e-03	0.00e+00
 3.71930e+14	1.20e-22	6.07e-17	4.31e-12	6.44e-08	1.57e-04	9.99e-01	1.19e-03	0.00e+00
 3.86390e+14	1.75e-22	8.22e-17	5.41e-12	7.51e-08	1.69e-04	9.99e-01	1.10e-03	0.00e+00
 4.00723e+14	2.51e-22	1.10e-16	6.73e-12	8.69e-08	1.82e-04	9.99e-01	1.03e-03	0.00e+00
 4.13853e+14	3.46e-22	1.42e-16	8.16e-12	9.89e-08	1.94e-04	9.99e-01	9.61e-04	0.00e+00
 4.28548e+14	4.88e-22	1.87e-16	1.01e-11	1.14e-07	2.08e-04	9.99e-01	8.95e-04	0.00e+00
 4.42805e+14	6.75e-22	2.43e-16	1.22e-11	1.30e-07	2.23e-04	9.99e-01	8.38e-04	0.00e+00
 4.53336e+14	8.51e-22	2.92e-16	1.41e-11	1.43e-07	2.34e-04	9.99e-01	7.99e-04	0.00e+00
 4.63870e+14	1.07e-21	3.50e-16	1.61e-11	1.56e-07	2.45e-04	9.99e-01	7.62e-04	0.00e+00
 4.77563e+14	1.42e-21	4.41e-16	1.92e-11	1.76e-07	2.60e-04	9.99e-01	7.19e-04	0.00e+00
 4.92368e+14	1.92e-21	5.62e-16	2.31e-11	1.99e-07	2.76e-04	9.99e-01	6.75e-04	0.00e+00
 5.05605e+14	2.49e-21	6.93e-16	2.70e-11	2.21e-07	2.92e-04	9.99e-01	6.40e-04	0.00e+00
 5.19803e+14	3.27e-21	8.62e-16	3.19e-11	2.47e-07	3.09e-04	9.99e-01	6.05e-04	0.00e+00
 5.38260e+14	4.59e-21	1.13e-15	3.92e-11	2.85e-07	3.32e-04	9.99e-01	5.63e-04	0.00e+00
 5.56964e+14	6.42e-21	1.48e-15	4.81e-11	3.27e-07	3.56e-04	9.99e-01	5.25e-04	0.00e+00
 5.72068e+14	8.34e-21	1.83e-15	5.64e-11	3.64e-07	3.76e-04	9.99e-01	4.97e-04	0.00e+00
 5.87783e+14	1.09e-20	2.27e-15	6.63e-11	4.06e-07	3.97e-04	9.99e-01	4.70e-04	0.00e+00
 6.08214e+14	1.51e-20	2.96e-15	8.13e-11	4.66e-07	4.27e-04	9.99e-01	4.37e-04	0.00e+00
 6.29923e+14	2.12e-20	3.89e-15	1.00e-10	5.38e-07	4.59e-04	9.99e-01	4.07e-04	0.00e+00
 6.49019e+14	2.83e-20	4.92e-15	1.20e-10	6.07e-07	4.88e-04	9.99e-01	3.82e-04	0.00e+00
 6.69565e+14	3.82e-20	6.26e-15	1.44e-10	6.89e-07	5.21e-04	9.99e-01	3.58e-04	0.00e+00
 6.94817e+14	5.45e-20	8.35e-15	1.79e-10	8.01e-07	5.64e-04	9.99e-01	3.31e-04	0.00e+00
 7.20168e+14	7.69e-20	1.10e-14	2.22e-10	9.27e-07	6.08e-04	9.99e-01	3.07e-04	0.00e+00
 7.42306e+14	1.03e-19	1.39e-14	2.66e-10	1.05e-06	6.48e-04	9.99e-01	2.88e-04	0.00e+00
 7.66284e+14	1.39e-19	1.78e-14	3.21e-10	1.19e-06	6.93e-04	9.99e-01	2.70e-04	0.00e+00
 7.95449e+14	1.98e-19	2.38e-14	4.00e-10	1.39e-06	7.50e-04	9.99e-01	2.49e-04	0.00e+00
 8.24464e+14	2.77e-19	3.12e-14	4.95e-10	1.61e-06	8.10e-04	9.99e-01	2.31e-04	0.00e+00
 8.49984e+14	3.70e-19	3.95e-14	5.93e-10	1.82e-06	8.64e-04	9.99e-01	2.16e-04	0.00e+00
 8.77853e+14	5.00e-19	5.05e-14	7.17e-10	2.08e-06	9.27e-04	9.99e-01	2.02e-04	0.00e+00
 9.07610e+14	6.83e-19	6.51e-14	8.73e-10	2.39e-06	9.96e-04	9.99e-01	1.88e-04	0.00e+00
 9.33936e+14	8.92e-19	8.10e-14	1.03e-09	2.68e-06	1.06e-03	9.99e-01	1.76e-04	0.00e+00
 9.57019e+14	1.12e-18	9.75e-14	1.19e-09	2.97e-06	1.12e-03	9.99e-01	1.67e-04	0.00e+00
 9.81769e+14	1.42e-18	1.18e-13	1.39e-09	3.30e-06	1.18e-03	9.99e-01	1.58e-04	0.00e+00
 1.01394e+15	1.91e-18	1.51e-13	1.68e-09	3.76e-06	1.27e-03	9.99e-01	1.48e-04	0.00e+00
 1.04639e+15	2.55e-18	1.91e-13	2.02e-09	4.28e-06	1.36e-03	9.99e-01	1.38e-04	0.00e+00
 1.07214e+15	3.19e-18	2.30e-13	2.33e-09	4.73e-06	1.43e-03	9.98e-01	1.31e-04	0.00e+00
 1.09857e+15	3.99e-18	2.76e-13	2.69e-09	5.23e-06	1.51e-03	9.98e-01	1.24e-04	0.00e+00
 1.13294e+15	5.29e-18	3.48e-13	3.22e-09	5.94e-06	1.62e-03	9.98e-01	1.16e-04	0.00e+00
 1.16907e+15	7.05e-18	4.40e-13	3.87e-09	6.76e-06	1.73e-03	9.98e-01	1.08e-04	0.00e+00
 1.20008e+15	8.94e-18	5.36e-13	4.51e-09	7.52e-06	1.83e-03	9.98e-01	1.02e-04	0.00e+00
 1.23299e+15	1.14e-17	6.56e-13	5.29e-09	8.41e-06	1.95e-03	9.98e-01	9.63e-05	0.00e+00
 1.27579e+15	1.56e-17	8.46e-13	6.46e-09	9.68e-06	2.10e-03	9.98e-01	8.93e-05	0.00e+00
 1.31988e+15	2.12e-17	1.09e-12	7.88e-09	1.11e-05	2.26e-03	9.98e-01	8.29e-05	0.00e+00
 1.35667e+15	2.72e-17	1.34e-12	9.26e-09	1.25e-05	2.40e-03	9.98e-01	7.80e-05	0.00e+00
 1.39552e+15	3.50e-17	1.65e-12	1.09e-08	1.40e-05	2.56e-03	9.97e-01	7.32e-05	0.00e+00
 1.44584e+15	4.82e-17	2.15e-12	1.34e-08	1.62e-05	2.77e-03	9.97e-01	6.77e-05	0.00e+00
 1.49890e+15	6.66e-17	2.80e-12	1.66e-08	1.88e-05	3.00e-03	9.97e-01	6.25e-05	0.00e+00
 1.54536e+15	8.75e-17	3.51e-12	1.98e-08	2.13e-05	3.21e-03	9.97e-01	5.84e-05	0.00e+00
 1.59544e+15	1.16e-16	4.44e-12	2.39e-08	2.43e-05	3.45e-03	9.96e-01	5.44e-05	0.00e+00
 1.65623e+15	1.89e-16	5.86e-12	2.97e-08	2.83e-05	3.75e-03	9.96e-01	5.00e-05	0.00e+00
 1.71722e+15	2.61e-16	7.63e-12	3.67e-08	3.29e-05	4.07e-03	9.96e-01	4.61e-05	0.00e+00
 1.76404e+15	3.25e-16	9.30e-12	4.29e-08	3.67e-05	4.32e-03	9.96e-01	4.34e-05	0.00e+00
 1.79900e+15	3.86e-16	1.07e-11	4.81e-08	3.98e-05	4.51e-03	9.95e-01	4.15e-05	0.00e+00
 1.83723e+15	4.65e-16	1.25e-11	5.44e-08	4.34e-05	4.73e-03	9.95e-01	3.96e-05	0.00e+00
 1.88694e+15	5.88e-16	1.52e-11	6.36e-08	4.84e-05	5.03e-03	9.95e-01	3.72e-05	0.00e+00
 1.94142e+15	7.52e-16	1.87e-11	7.51e-08	5.45e-05	5.36e-03	9.95e-01	3.49e-05	0.00e+00
 1.99080e+15	9.33e-16	2.24e-11	8.68e-08	6.04e-05	5.68e-03	9.94e-01	3.30e-05	0.00e+00
 2.04367e+15	1.17e-15	2.71e-11	1.01e-07	6.73e-05	6.03e-03	9.94e-01	3.10e-05	0.00e+00
 2.10340e+15	1.50e-15	3.34e-11	1.20e-07	7.58e-05	6.44e-03	9.93e-01	2.90e-05	0.00e+00
 2.15982e+15	1.88e-15	4.05e-11	1.40e-07	8.45e-05	6.84e-03	9.93e-01	2.73e-05	0.00e+00
 2.21276e+15	2.31e-15	4.82e-11	1.61e-07	9.34e-05	7.24e-03	9.93e-01	2.58e-05	0.00e+00
 2.27340e+15	2.90e-15	5.84e-11	1.88e-07	1.04e-04	7.71e-03	9.92e-01	2.43e-05	0.00e+00
 2.35224e+15	3.88e-15	7.47e-11	2.30e-07	1.20e-04	8.35e-03	9.92e-01	2.24e-05	0.00e+00
 2.43166e+15	5.10e-15	9.47e-11	2.79e-07	1.38e-04	9.02e-03	9.91e-01	2.07e-05	0.00e+00
 2.49482e+15	6.30e-15	1.14e-10	3.24e-07	1.54e-04	9.58e-03	9.90e-01	1.95e-05	0.00e+00
 2.55994e+15	7.80e-15	1.36e-10	3.77e-07	1.71e-04	1.02e-02	9.90e-01	1.83e-05	0.00e+00
 2.64459e+15	1.02e-14	1.72e-10	4.56e-07	1.96e-04	1.10e-02	9.89e-01	1.70e-05	0.00e+00
 2.73532e+15	1.35e-14	2.18e-10	5.55e-07	2.25e-04	1.19e-02	9.88e-01	1.58e-05	0.00e+00
 2.81571e+15	1.70e-14	2.67e-10	6.58e-07	2.54e-04	1.28e-02	9.87e-01	1.48e-05	0.00e+00
 2.90201e+15	2.18e-14	3.31e-10	7.85e-07	2.88e-04	1.37e-02	9.86e-01	1.39e-05	0.00e+00
 3.00982e+15	2.92e-14	4.28e-10	9.73e-07	3.35e-04	1.50e-02	9.85e-01	1.28e-05	0.00e+00
 3.12030e+15	3.89e-14	5.50e-10	1.20e-06	3.89e-04	1.64e-02	9.83e-01	1.18e-05	0.00e+00
 3.21674e+15	4.94e-14	6.80e-10	1.44e-06	4.41e-04	1.76e-02	9.82e-01	1.11e-05	0.00e+00
 3.29698e+15	5.96e-14	8.06e-10	1.66e-06	4.88e-04	1.87e-02	9.81e-01	1.05e-05	0.00e+00
 3.36735e+15	7.07e-14	9.37e-10	1.89e-06	5.33e-04	1.97e-02	9.80e-01	1.00e-05	0.00e+00
 3.44809e+15	8.50e-14	1.10e-09	2.17e-06	5.88e-04	2.08e-02	9.79e-01	9.50e-06	0.00e+00
 3.55306e+15	1.08e-13	1.37e-09	2.60e-06	6.66e-04	2.24e-02	9.77e-01	8.92e-06	0.00e+00
 3.65961e+15	1.36e-13	1.68e-09	3.10e-06	7.53e-04	2.41e-02	9.75e-01	8.39e-06	0.00e+00
 3.74486e+15	1.62e-13	1.97e-09	3.55e-06	8.28e-04	2.55e-02	9.74e-01	7.99e-06	0.00e+00
 3.83230e+15	1.95e-13	2.32e-09	4.08e-06	9.12e-04	2.69e-02	9.72e-01	7.62e-06	0.00e+00
 3.94597e+15	2.46e-13	2.85e-09	4.87e-06	1.03e-03	2.90e-02	9.70e-01	7.19e-06	0.00e+00
 4.06435e+15	3.09e-13	3.51e-09	5.82e-06	1.17e-03	3.11e-02	9.68e-01	6.79e-06	0.00e+00
 4.16380e+15	3.72e-13	4.15e-09	6.73e-06	1.29e-03	3.30e-02	9.66e-01	6.47e-06	0.00e+00
 4.26803e+15	4.53e-13	4.96e-09	7.83e-06	1.43e-03	3.50e-02	9.64e-01	6.17e-06	0.00e+00
 4.40353e+15	5.83e-13	6.20e-09	9.48e-06	1.63e-03	3.78e-02	9.61e-01	5.83e-06	0.00e+00
 4.54317e+15	7.42e-13	7.73e-09	1.15e-05	1.85e-03	4.08e-02	9.57e-01	5.52e-06	0.00e+00
 4.65922e+15	9.03e-13	9.24e-09	1.34e-05	2.05e-03	4.34e-02	9.55e-01	5.28e-06	0.00e+00
 4.78111e+15	1.11e-12	1.11e-08	1.57e-05	2.29e-03	4.62e-02	9.52e-01	5.05e-06	0.00e+00
 4.93958e+15	1.44e-12	1.41e-08	1.92e-05	2.62e-03	4.99e-02	9.47e-01	4.79e-06	0.00e+00
 5.10594e+15	1.87e-12	1.78e-08	2.35e-05	3.01e-03	5.41e-02	9.43e-01	4.55e-06	0.00e+00
 5.24939e+15	2.33e-12	2.17e-08	2.79e-05	3.37e-03	5.77e-02	9.39e-01	4.36e-06	0.00e+00
 5.40268e+15	2.94e-12	2.68e-08	3.34e-05	3.80e-03	6.18e-02	9.34e-01	4.18e-06	0.00e+00
 5.59912e+15	3.95e-12	3.48e-08	4.17e-05	4.41e-03	6.73e-02	9.28e-01	3.99e-06	0.00e+00
 5.80010e+15	5.25e-12	4.50e-08	5.20e-05	5.11e-03	7.32e-02	9.22e-01	3.81e-06	0.00e+00
 5.94791e+15	6.41e-12	5.39e-08	6.06e-05	5.66e-03	7.75e-02	9.17e-01	3.69e-06	0.00e+00
 6.05790e+15	7.47e-12	6.18e-08	6.80e-05	6.11e-03	8.09e-02	9.13e-01	3.62e-06	0.00e+00
 6.18064e+15	8.86e-12	7.18e-08	7.72e-05	6.64e-03	8.48e-02	9.08e-01	3.54e-06	0.00e+00
 6.34021e+15	1.10e-11	8.72e-08	9.08e-05	7.39e-03	9.01e-02	9.02e-01	3.44e-06	0.00e+00
 6.51449e+15	1.39e-11	1.07e-07	1.08e-04	8.27e-03	9.59e-02	8.96e-01	3.34e-06	0.00e+00
 6.67087e+15	1.69e-11	1.27e-07	1.25e-04	9.12e-03	1.01e-01	8.90e-01	3.26e-06	0.00e+00
 6.83713e+15	2.09e-11	1.53e-07	1.46e-04	1.01e-02	1.07e-01	8.83e-01	3.18e-06	0.00e+00
 7.05327e+15	2.75e-11	1.95e-07	1.78e-04	1.15e-02	1.15e-01	8.73e-01	3.10e-06	0.00e+00
 7.26888e+15	3.54e-11	2.44e-07	2.15e-04	1.30e-02	1.23e-01	8.64e-01	3.02e-06	0.00e+00
 7.43591e+15	4.28e-11	2.88e-07	2.48e-04	1.43e-02	1.29e-01	8.56e-01	2.97e-06	0.00e+00
 7.60512e+15	5.23e-11	3.43e-07	2.87e-04	1.57e-02	1.36e-01	8.48e-01	2.93e-06	0.00e+00
 7.82510e+15	6.75e-11	4.28e-07	3.44e-04	1.77e-02	1.45e-01	8.37e-01	2.85e-06	0.00e+00
 8.05796e+15	8.69e-11	5.35e-07	4.14e-04	2.00e-02	1.54e-01	8.25e-01	2.80e-06	0.00e+00
 8.25957e+15	1.07e-10	6.44e-07	4.84e-04	2.21e-02	1.62e-01	8.15e-01	2.76e-06	0.00e+00
 8.47368e+15	1.36e-10	7.87e-07	5.70e-04	2.46e-02	1.71e-01	8.03e-01	2.70e-06	0.00e+00
 8.75202e+15	1.82e-10	1.02e-06	7.04e-04	2.81e-02	1.84e-01	7.87e-01	2.65e-06	0.00e+00
 9.03095e+15	2.37e-10	1.28e-06	8.56e-04	3.19e-02	1.96e-01	7.72e-01	2.58e-06	0.00e+00
 9.25601e+15	2.94e-10	1.55e-06	1.00e-03	3.52e-02	2.05e-01	7.58e-01	2.56e-06	0.00e+00
 9.49394e+15	3.72e-10	1.90e-06	1.18e-03	3.91e-02	2.16e-01	7.43e-01	2.51e-06	0.00e+00
 9.80326e+15	5.00e-10	2.45e-06	1.46e-03	4.47e-02	2.30e-01	7.24e-01	2.44e-06	0.00e+00
 1.00815e+16	6.28e-10	2.99e-06	1.73e-03	4.98e-02	2.42e-01	7.06e-01	2.39e-06	0.00e+00
 1.02686e+16	7.36e-10	3.44e-06	1.94e-03	5.36e-02	2.50e-01	6.94e-01	2.37e-06	0.00e+00
 1.04612e+16	8.77e-10	4.00e-06	2.20e-03	5.79e-02	2.59e-01	6.81e-01	2.34e-06	0.00e+00
 1.07115e+16	1.10e-09	4.85e-06	2.57e-03	6.38e-02	2.71e-01	6.63e-01	2.29e-06	0.00e+00
 1.09678e+16	1.35e-09	5.80e-06	2.98e-03	7.00e-02	2.82e-01	6.45e-01	2.24e-06	0.00e+00
 1.11973e+16	1.63e-09	6.83e-06	3.41e-03	7.61e-02	2.92e-01	6.29e-01	2.20e-06	0.00e+00
 1.14611e+16	2.03e-09	8.26e-06	3.99e-03	8.36e-02	3.03e-01	6.09e-01	2.14e-06	0.00e+00
 1.17364e+16	2.51e-09	9.94e-06	4.65e-03	9.19e-02	3.15e-01	5.89e-01	2.10e-06	0.00e+00
 1.19870e+16	3.05e-09	1.17e-05	5.34e-03	9.98e-02	3.24e-01	5.70e-01	2.05e-06	0.00e+00
 1.22734e+16	3.86e-09	1.44e-05	6.29e-03	1.10e-01	3.36e-01	5.47e-01	1.99e-06	0.00e+00
 1.25695e+16	4.78e-09	1.73e-05	7.35e-03	1.21e-01	3.47e-01	5.25e-01	1.94e-06	0.00e+00
 1.28296e+16	5.79e-09	2.04e-05	8.42e-03	1.30e-01	3.56e-01	5.05e-01	1.88e-06	0.00e+00
 1.31191e+16	7.30e-09	2.48e-05	9.87e-03	1.43e-01	3.66e-01	4.81e-01	1.83e-06	0.00e+00
 1.34284e+16	9.06e-09	2.99e-05	1.15e-02	1.56e-01	3.75e-01	4.58e-01	1.76e-06	0.00e+00
 1.37052e+16	1.10e-08	3.55e-05	1.33e-02	1.69e-01	3.82e-01	4.36e-01	1.70e-06	0.00e+00
 1.40070e+16	1.39e-08	4.32e-05	1.56e-02	1.84e-01	3.90e-01	4.11e-01	1.63e-06	0.00e+00
 1.43297e+16	1.77e-08	5.29e-05	1.83e-02	2.01e-01	3.97e-01	3.84e-01	1.58e-06	0.00e+00
 1.46113e+16	2.16e-08	6.27e-05	2.11e-02	2.16e-01	4.01e-01	3.62e-01	1.52e-06	0.00e+00
 1.48695e+16	2.61e-08	7.36e-05	2.40e-02	2.31e-01	4.04e-01	3.41e-01	1.47e-06	0.00e+00
 1.51200e+16	3.12e-08	8.55e-05	2.71e-02	2.45e-01	4.06e-01	3.22e-01	1.41e-06	0.00e+00
 1.53630e+16	3.73e-08	9.96e-05	3.07e-02	2.60e-01	4.06e-01	3.03e-01	1.36e-06	0.00e+00
 1.56048e+16	4.49e-08	1.16e-04	3.47e-02	2.76e-01	4.06e-01	2.83e-01	1.31e-06	0.00e+00
 1.58443e+16	5.39e-08	1.35e-04	3.91e-02	2.92e-01	4.05e-01	2.64e-01	1.26e-06	0.00e+00
 1.60799e+16	6.55e-08	1.59e-04	4.42e-02	3.08e-01	4.02e-01	2.45e-01	1.22e-06	0.00e+00
 1.63006e+16	7.71e-08	1.82e-04	4.94e-02	3.23e-01	3.98e-01	2.29e-01	1.17e-06	0.00e+00
 1.65400e+16	9.43e-08	2.14e-04	5.60e-02	3.40e-01	3.93e-01	2.10e-01	1.12e-06	0.00e+00
 1.67894e+16	1.18e-07	2.57e-04	6.41e-02	3.59e-01	3.86e-01	1.91e-01	1.08e-06	0.00e+00
 1.69911e+16	1.39e-07	2.93e-04	7.11e-02	3.73e-01	3.79e-01	1.76e-01	1.04e-06	0.00e+00
 1.71930e+16	1.66e-07	3.40e-04	7.93e-02	3.88e-01	3.70e-01	1.61e-01	9.93e-07	0.00e+00
 1.74135e+16	1.93e-07	3.86e-04	8.86e-02	4.04e-01	3.60e-01	1.47e-01	0.00e+00	0.00e+00
 1.76178e+16	2.40e-07	4.58e-04	9.94e-02	4.19e-01	3.49e-01	1.32e-01	0.00e+00	0.00e+00
 1.77976e+16	2.90e-07	5.31e-04	1.10e-01	4.32e-01	3.38e-01	1.19e-01	0.00e+00	0.00e+00
 1.79550e+16	3.38e-07	6.00e-04	1.20e-01	4.43e-01	3.27e-01	1.09e-01	0.00e+00	0.00e+00
 1.81284e+16	3.85e-07	6.69e-04	1.32e-01	4.54e-01	3.14e-01	9.86e-02	0.00e+00	0.00e+00
 1.83539e+16	4.77e-07	7.94e-04	1.49e-01	4.69e-01	2.96e-01	8.51e-02	0.00e+00	0.00e+00
 1.85689e+16	5.96e-07	9.46e-04	1.68e-01	4.80e-01	2.77e-01	7.27e-02	0.00e+00	0.00e+00
 1.87158e+16	7.45e-07	1.12e-03	1.85e-01	4.88e-01	2.62e-01	6.34e-02	0.00e+00	0.00e+00
 1.88182e+16	8.44e-07	1.23e-03	1.97e-01	4.92e-01	2.52e-01	5.77e-02	0.00e+00	0.00e+00
 1.89176e+16	9.56e-07	1.35e-03	2.09e-01	4.96e-01	2.41e-01	5.24e-02	0.00e+00	0.00e+00
 1.90467e+16	1.15e-06	1.56e-03	2.27e-01	5.00e-01	2.26e-01	4.53e-02	0.00e+00	0.00e+00
 1.91806e+16	1.28e-06	1.70e-03	2.43e-01	5.04e-01	2.12e-01	4.00e-02	0.00e+00	0.00e+00
 1.93207e+16	1.52e-06	1.93e-03	2.63e-01	5.05e-01	1.96e-01	3.40e-02	0.00e+00	0.00e+00
 1.94654e+16	2.00e-06	2.37e-03	2.89e-01	5.04e-01	1.77e-01	2.72e-02	0.00e+00	0.00e+00
 1.95550e+16	2.22e-06	2.57e-03	3.04e-01	5.03e-01	1.67e-01	2.42e-02	0.00e+00	0.00e+00
 1.96019e+16	2.39e-06	2.71e-03	3.12e-01	5.02e-01	1.61e-01	2.25e-02	0.00e+00	0.00e+00
 1.96543e+16	2.57e-06	2.86e-03	3.22e-01	5.01e-01	1.54e-01	2.08e-02	0.00e+00	0.00e+00
 1.97224e+16	2.84e-06	3.08e-03	3.34e-01	4.98e-01	1.46e-01	1.86e-02	0.00e+00	0.00e+00
 1.98110e+16	3.25e-06	3.40e-03	3.52e-01	4.95e-01	1.34e-01	1.59e-02	0.00e+00	0.00e+00
 1.98977e+16	3.71e-06	3.75e-03	3.69e-01	4.90e-01	1.24e-01	1.36e-02	0.00e+00	0.00e+00
 1.99618e+16	4.12e-06	4.05e-03	3.82e-01	4.86e-01	1.16e-01	1.20e-02	0.00e+00	0.00e+00
 2.00159e+16	4.51e-06	4.33e-03	3.94e-01	4.81e-01	1.10e-01	1.07e-02	0.00e+00	0.00e+00
 2.00776e+16	5.07e-06	4.71e-03	4.08e-01	4.76e-01	1.02e-01	9.31e-03	0.00e+00	0.00e+00
 2.01435e+16	5.46e-06	4.98e-03	4.21e-01	4.71e-01	9.50e-02	8.19e-03	0.00e+00	0.00e+00
 2.02151e+16	6.35e-06	5.55e-03	4.38e-01	4.63e-01	8.63e-02	6.81e-03	0.00e+00	0.00e+00
 2.02837e+16	6.97e-06	5.94e-03	4.52e-01	4.57e-01	7.95e-02	5.85e-03	0.00e+00	0.00e+00
 2.03482e+16	8.06e-06	6.59e-03	4.69e-01	4.48e-01	7.21e-02	4.85e-03	0.00e+00	0.00e+00
 2.04117e+16	8.83e-06	7.04e-03	4.82e-01	4.41e-01	6.62e-02	4.15e-03	0.00e+00	0.00e+00
 2.04738e+16	1.02e-05	7.80e-03	4.98e-01	4.31e-01	5.97e-02	3.41e-03	0.00e+00	0.00e+00
 2.05363e+16	1.15e-05	8.48e-03	5.13e-01	4.22e-01	5.41e-02	2.84e-03	0.00e+00	0.00e+00
 2.05897e+16	1.25e-05	9.00e-03	5.24e-01	4.15e-01	4.98e-02	2.44e-03	0.00e+00	0.00e+00
 2.06496e+16	1.40e-05	9.76e-03	5.38e-01	4.05e-01	4.49e-02	2.01e-03	0.00e+00	0.00e+00
 2.07275e+16	1.70e-05	1.12e-02	5.59e-01	3.90e-01	3.85e-02	1.50e-03	0.00e+00	0.00e+00
 2.07995e+16	1.96e-05	1.24e-02	5.75e-01	3.78e-01	3.37e-02	1.18e-03	0.00e+00	0.00e+00
 2.08524e+16	2.13e-05	1.31e-02	5.85e-01	3.70e-01	3.06e-02	9.92e-04	0.00e+00	0.00e+00
 2.09094e+16	2.39e-05	1.42e-02	5.98e-01	3.59e-01	2.73e-02	8.01e-04	0.00e+00	0.00e+00
 2.09661e+16	2.70e-05	1.55e-02	6.11e-01	3.49e-01	2.43e-02	6.46e-04	0.00e+00	0.00e+00
 2.10093e+16	3.02e-05	1.67e-02	6.21e-01	3.39e-01	2.20e-02	5.38e-04	0.00e+00	0.00e+00
 2.10441e+16	3.26e-05	1.76e-02	6.29e-01	3.33e-01	2.04e-02	4.69e-04	0.00e+00	0.00e+00
 2.10812e+16	3.48e-05	1.85e-02	6.36e-01	3.26e-01	1.89e-02	4.07e-04	0.00e+00	0.00e+00
 2.11294e+16	3.92e-05	2.01e-02	6.47e-01	3.16e-01	1.68e-02	3.28e-04	0.00e+00	0.00e+00
 2.11794e+16	4.30e-05	2.14e-02	6.56e-01	3.07e-01	1.51e-02	2.72e-04	0.00e+00	0.00e+00
 2.12318e+16	4.89e-05	2.34e-02	6.67e-01	2.96e-01	1.33e-02	2.14e-04	0.00e+00	0.00e+00
 2.12854e+16	5.52e-05	2.54e-02	6.78e-01	2.85e-01	1.17e-02	1.70e-04	0.00e+00	0.00e+00
 2.13307e+16	6.02e-05	2.70e-02	6.85e-01	2.77e-01	1.06e-02	1.42e-04	0.00e+00	0.00e+00
 2.13799e+16	6.78e-05	2.93e-02	6.95e-01	2.67e-01	9.32e-03	1.12e-04	0.00e+00	0.00e+00
 2.14332e+16	7.67e-05	3.18e-02	7.04e-01	2.56e-01	8.16e-03	8.86e-05	0.00e+00	0.00e+00
 2.14821e+16	8.46e-05	3.41e-02	7.11e-01	2.47e-01	7.27e-03	7.19e-05	0.00e+00	0.00e+00
 2.15355e+16	9.64e-05	3.72e-02	7.20e-01	2.36e-01	6.30e-03	5.56e-05	0.00e+00	0.00e+00
 2.15915e+16	1.10e-04	4.07e-02	7.28e-01	2.26e-01	5.46e-03	4.31e-05	0.00e+00	0.00e+00
 2.16400e+16	1.22e-04	4.37e-02	7.34e-01	2.17e-01	4.83e-03	3.47e-05	0.00e+00	0.00e+00
 2.16926e+16	1.39e-04	4.77e-02	7.42e-01	2.06e-01	4.17e-03	2.68e-05	0.00e+00	0.00e+00
 2.17486e+16	1.57e-04	5.19e-02	7.48e-01	1.97e-01	3.61e-03	2.08e-05	0.00e+00	0.00e+00
 2.18002e+16	1.79e-04	5.67e-02	7.54e-01	1.86e-01	3.12e-03	1.60e-05	0.00e+00	0.00e+00
 2.18480e+16	2.00e-04	6.10e-02	7.58e-01	1.78e-01	2.74e-03	1.28e-05	0.00e+00	0.00e+00
 2.18997e+16	2.28e-04	6.66e-02	7.63e-01	1.68e-01	2.35e-03	9.87e-06	0.00e+00	0.00e+00
 2.19556e+16	2.61e-04	7.31e-02	7.66e-01	1.58e-01	2.00e-03	7.49e-06	0.00e+00	0.00e+00
 2.20056e+16	2.97e-04	7.96e-02	7.69e-01	1.49e-01	1.73e-03	5.83e-06	0.00e+00	0.00e+00
 2.20514e+16	3.33e-04	8.59e-02	7.71e-01	1.42e-01	1.51e-03	4.64e-06	0.00e+00	0.00e+00
 2.21033e+16	3.81e-04	9.40e-02	7.72e-01	1.32e-01	1.28e-03	3.52e-06	0.00e+00	0.00e+00
 2.21590e+16	4.42e-04	1.04e-01	7.72e-01	1.23e-01	1.08e-03	2.63e-06	0.00e+00	0.00e+00
 2.22075e+16	5.05e-04	1.13e-01	7.71e-01	1.15e-01	9.19e-04	2.03e-06	0.00e+00	0.00e+00
 2.22507e+16	5.69e-04	1.22e-01	7.68e-01	1.08e-01	7.98e-04	1.61e-06	0.00e+00	0.00e+00
 2.22991e+16	6.51e-04	1.34e-01	7.65e-01	9.99e-02	6.74e-04	1.23e-06	0.00e+00	0.00e+00
 2.23523e+16	7.60e-04	1.48e-01	7.59e-01	9.14e-02	5.57e-04	9.03e-07	0.00e+00	0.00e+00
 2.24000e+16	8.75e-04	1.62e-01	7.53e-01	8.41e-02	4.69e-04	0.00e+00	0.00e+00	0.00e+00
 2.24428e+16	9.98e-04	1.76e-01	7.45e-01	7.73e-02	3.96e-04	0.00e+00	0.00e+00	0.00e+00
 2.24912e+16	1.15e-03	1.93e-01	7.35e-01	7.04e-02	3.28e-04	0.00e+00	0.00e+00	0.00e+00
 2.25454e+16	1.37e-03	2.16e-01	7.20e-01	6.25e-02	2.61e-04	0.00e+00	0.00e+00	0.00e+00
 2.25936e+16	1.61e-03	2.39e-01	7.04e-01	5.57e-02	2.11e-04	0.00e+00	0.00e+00	0.00e+00
 2.26340e+16	1.84e-03	2.60e-01	6.88e-01	5.02e-02	1.74e-04	0.00e+00	0.00e+00	0.00e+00
 2.26780e+16	2.13e-03	2.84e-01	6.69e-01	4.45e-02	1.41e-04	0.00e+00	0.00e+00	0.00e+00
 2.27352e+16	2.58e-03	3.19e-01	6.40e-01	3.76e-02	1.05e-04	0.00e+00	0.00e+00	0.00e+00
 2.27941e+16	3.21e-03	3.63e-01	6.03e-01	3.07e-02	7.50e-05	0.00e+00	0.00e+00	0.00e+00
 2.28403e+16	3.83e-03	4.02e-01	5.68e-01	2.56e-02	5.60e-05	0.00e+00	0.00e+00	0.00e+00
 2.28778e+16	4.43e-03	4.36e-01	5.37e-01	2.18e-02	4.35e-05	0.00e+00	0.00e+00	0.00e+00
 2.29188e+16	5.17e-03	4.75e-01	5.02e-01	1.81e-02	3.25e-05	0.00e+00	0.00e+00	0.00e+00
 2.29722e+16	6.33e-03	5.28e-01	4.52e-01	1.38e-02	2.15e-05	0.00e+00	0.00e+00	0.00e+00
 2.30238e+16	7.85e-03	5.87e-01	3.95e-01	1.00e-02	1.35e-05	0.00e+00	0.00e+00	0.00e+00
 2.30585e+16	9.16e-03	6.31e-01	3.52e-01	7.79e-03	9.39e-06	0.00e+00	0.00e+00	0.00e+00
 2.30831e+16	1.02e-02	6.61e-01	3.22e-01	6.45e-03	7.20e-06	0.00e+00	0.00e+00	0.00e+00
 2.31090e+16	1.14e-02	6.91e-01	2.92e-01	5.23e-03	5.37e-06	0.00e+00	0.00e+00	0.00e+00
 2.31428e+16	1.30e-02	7.29e-01	2.54e-01	3.90e-03	3.59e-06	0.00e+00	0.00e+00	0.00e+00
 2.31789e+16	1.53e-02	7.70e-01	2.12e-01	2.71e-03	2.19e-06	0.00e+00	0.00e+00	0.00e+00
 2.32082e+16	1.76e-02	8.03e-01	1.77e-01	1.93e-03	1.39e-06	0.00e+00	0.00e+00	0.00e+00
 2.32305e+16	1.95e-02	8.26e-01	1.53e-01	1.46e-03	9.65e-07	0.00e+00	0.00e+00	0.00e+00
 2.32535e+16	2.16e-02	8.46e-01	1.31e-01	1.08e-03	0.00e+00	0.00e+00	0.00e+00	0.00e+00
 2.32835e+16	2.47e-02	8.69e-01	1.05e-01	7.16e-04	0.00e+00	0.00e+00	0.00e+00	0.00e+00
 2.33139e+16	2.87e-02	8.90e-01	8.08e-02	4.40e-04	0.00e+00	0.00e+00	0.00e+00	0.00e+00
 2.33367e+16	3.23e-02	9.03e-01	6.42e-02	2.91e-04	0.00e+00	0.00e+00	0.00e+00	0.00e+00
 2.33536e+16	3.54e-02	9.11e-01	5.38e-02	2.12e-04	0.00e+00	0.00e+00	0.00e+00	0.00e+00
 2.33713e+16	3.87e-02	9.16e-01	4.47e-02	1.52e-04	0.00e+00	0.00e+00	0.00e+00	0.00e+00
 2.33942e+16	4.35e-02	9.22e-01	3.47e-02	9.58e-05	0.00e+00	0.00e+00	0.00e+00	0.00e+00
 2.34173e+16	4.93e-02	9.25e-01	2.58e-02	5.72e-05	0.00e+00	0.00e+00	0.00e+00	0.00e+00
 2.34344e+16	5.43e-02	9.25e-01	2.04e-02	3.78e-05	0.00e+00	0.00e+00	0.00e+00	0.00e+00
 2.34473e+16	5.85e-02	9.24e-01	1.70e-02	2.75e-05	0.00e+00	0.00e+00	0.00e+00	0.00e+00
 2.34609e+16	6.30e-02	9.23e-01	1.40e-02	1.97e-05	0.00e+00	0.00e+00	0.00e+00	0.00e+00
 2.34779e+16	6.91e-02	9.20e-01	1.09e-02	1.27e-05	0.00e+00	0.00e+00	0.00e+00	0.00e+00
 2.34954e+16	7.61e-02	9.16e-01	8.32e-03	7.96e-06	0.00e+00	0.00e+00	0.00e+00	0.00e+00
 2.35094e+16	8.23e-02	9.11e-01	6.60e-03	5.39e-06	0.00e+00	0.00e+00	0.00e+00	0.00e+00
 2.35201e+16	8.73e-02	9.07e-01	5.52e-03	3.99e-06	0.00e+00	0.00e+00	0.00e+00	0.00e+00
 2.35298e+16	9.18e-02	9.04e-01	4.69e-03	3.04e-06	0.00e+00	0.00e+00	0.00e+00	0.00e+00
 2.35400e+16	9.68e-02	8.99e-01	3.96e-03	2.29e-06	0.00e+00	0.00e+00	0.00e+00	0.00e+00
 2.35503e+16	1.02e-01	8.95e-01	3.31e-03	1.72e-06	0.00e+00	0.00e+00	0.00e+00	0.00e+00
 2.35583e+16	1.06e-01	8.91e-01	2.88e-03	1.38e-06	0.00e+00	0.00e+00	0.00e+00	0.00e+00
 2.35633e+16	1.09e-01	8.89e-01	2.65e-03	1.21e-06	0.00e+00	0.00e+00	0.00e+00	0.00e+00
 2.35679e+16	1.11e-01	8.86e-01	2.44e-03	1.07e-06	0.00e+00	0.00e+00	0.00e+00	0.00e+00
 2.35736e+16	1.14e-01	8.84e-01	2.22e-03	9.19e-07	0.00e+00	0.00e+00	0.00e+00	0.00e+00
 2.35800e+16	1.18e-01	8.80e-01	1.98e-03	0.00e+00	0.00e+00	0.00e+00	0.00e+00	0.00e+00
 2.35862e+16	1.21e-01	8.77e-01	1.78e-03	0.00e+00	0.00e+00	0.00e+00	0.00e+00	0.00e+00
 2.35920e+16	1.24e-01	8.74e-01	1.62e-03	0.00e+00	0.00e+00	0.00e+00	0.00e+00	0.00e+00
 2.35978e+16	1.27e-01	8.71e-01	1.46e-03	0.00e+00	0.00e+00	0.00e+00	0.00e+00	0.00e+00
 2.36038e+16	1.30e-01	8.68e-01	1.32e-03	0.00e+00	0.00e+00	0.00e+00	0.00e+00	0.00e+00
 2.36100e+16	1.34e-01	8.65e-01	1.19e-03	0.00e+00	0.00e+00	0.00e+00	0.00e+00	0.00e+00
 2.36162e+16	1.37e-01	8.62e-01	1.08e-03	0.00e+00	0.00e+00	0.00e+00	0.00e+00	0.00e+00
 2.36224e+16	1.40e-01	8.59e-01	9.71e-04	0.00e+00	0.00e+00	0.00e+00	0.00e+00	0.00e+00
 2.36289e+16	1.44e-01	8.56e-01	8.77e-04	0.00e+00	0.00e+00	0.00e+00	0.00e+00	0.00e+00
 2.36355e+16	1.47e-01	8.52e-01	7.90e-04	0.00e+00	0.00e+00	0.00e+00	0.00e+00	0.00e+00
 2.36423e+16	1.50e-01	8.49e-01	7.13e-04	0.00e+00	0.00e+00	0.00e+00	0.00e+00	0.00e+00
 2.36493e+16	1.54e-01	8.46e-01	6.43e-04	0.00e+00	0.00e+00	0.00e+00	0.00e+00	0.00e+00
 2.36565e+16	1.57e-01	8.42e-01	5.80e-04	0.00e+00	0.00e+00	0.00e+00	0.00e+00	0.00e+00
 2.36642e+16	1.61e-01	8.39e-01	5.22e-04	0.00e+00	0.00e+00	0.00e+00	0.00e+00	0.00e+00
 2.36723e+16	1.64e-01	8.35e-01	4.71e-04	0.00e+00	0.00e+00	0.00e+00	0.00e+00	0.00e+00
 2.36807e+16	1.68e-01	8.31e-01	4.24e-04	0.00e+00	0.00e+00	0.00e+00	0.00e+00	0.00e+00
 2.36899e+16	1.72e-01	8.28e-01	3.83e-04	0.00e+00	0.00e+00	0.00e+00	0.00e+00	0.00e+00
 2.36997e+16	1.75e-01	8.24e-01	3.46e-04	0.00e+00	0.00e+00	0.00e+00	0.00e+00	0.00e+00
 2.37102e+16	1.79e-01	8.21e-01	3.14e-04	0.00e+00	0.00e+00	0.00e+00	0.00e+00	0.00e+00
 2.37216e+16	1.82e-01	8.18e-01	2.87e-04	0.00e+00	0.00e+00	0.00e+00	0.00e+00	0.00e+00
 2.37344e+16	1.86e-01	8.14e-01	2.62e-04	0.00e+00	0.00e+00	0.00e+00	0.00e+00	0.00e+00
 2.37485e+16	1.89e-01	8.11e-01	2.42e-04	0.00e+00	0.00e+00	0.00e+00	0.00e+00	0.00e+00
 2.37630e+16	1.93e-01	8.07e-01	2.26e-04	0.00e+00	0.00e+00	0.00e+00	0.00e+00	0.00e+00
 2.37773e+16	1.95e-01	8.05e-01	2.14e-04	0.00e+00	0.00e+00	0.00e+00	0.00e+00	0.00e+00
 2.37914e+16	1.97e-01	8.03e-01	2.05e-04	0.00e+00	0.00e+00	0.00e+00	0.00e+00	0.00e+00
 2.38052e+16	1.99e-01	8.00e-01	1.97e-04	0.00e+00	0.00e+00	0.00e+00	0.00e+00	0.00e+00
 2.38211e+16	2.01e-01	7.98e-01	1.90e-04	0.00e+00	0.00e+00	0.00e+00	0.00e+00	0.00e+00
