#depth	O	O+	O+2	O+3	O+4	O+5	O+6	O+7	O+8	O[1]	O[2]	O[3]
 1.49634e+10	0.00e+00	0.00e+00	0.00e+00	1.87e-27	2.16e-18	6.76e-10	6.53e-01	3.47e-01	3.39e-04	0.00e+00	0.00e+00	0.00e+00
 4.54887e+10	0.00e+00	0.00e+00	5.44e-37	2.43e-27	2.60e-18	7.52e-10	6.71e-01	3.28e-01	2.97e-04	0.00e+00	0.00e+00	0.00e+00
 7.72350e+10	0.00e+00	0.00e+00	0.00e+00	3.16e-27	3.13e-18	8.35e-10	6.89e-01	3.10e-01	2.60e-04	0.00e+00	0.00e+00	0.00e+00
 1.10251e+11	0.00e+00	0.00e+00	1.07e-36	4.11e-27	3.75e-18	9.26e-10	7.06e-01	2.93e-01	2.27e-04	0.00e+00	0.00e+00	0.00e+00
 1.42798e+11	0.00e+00	0.00e+00	0.00e+00	5.25e-27	4.45e-18	1.02e-09	7.22e-01	2.78e-01	1.99e-04	0.00e+00	0.00e+00	0.00e+00
 1.76647e+11	0.00e+00	0.00e+00	2.04e-36	6.71e-27	5.28e-18	1.12e-09	7.37e-01	2.62e-01	1.75e-04	0.00e+00	0.00e+00	0.00e+00
 2.09108e+11	0.00e+00	1.44e-46	2.73e-36	8.41e-27	6.18e-18	1.22e-09	7.51e-01	2.49e-01	1.55e-04	0.00e+00	0.00e+00	0.00e+00
 2.36065e+11	0.00e+00	0.00e+00	3.47e-36	1.01e-26	7.00e-18	1.31e-09	7.62e-01	2.38e-01	1.40e-04	0.00e+00	0.00e+00	0.00e+00
 2.65111e+11	0.00e+00	2.63e-46	4.44e-36	1.22e-26	7.98e-18	1.41e-09	7.72e-01	2.28e-01	1.26e-04	0.00e+00	0.00e+00	0.00e+00
 3.02123e+11	0.00e+00	0.00e+00	0.00e+00	1.54e-26	9.37e-18	1.54e-09	7.85e-01	2.15e-01	1.11e-04	0.00e+00	0.00e+00	0.00e+00
 3.41183e+11	0.00e+00	0.00e+00	8.20e-36	1.95e-26	1.10e-17	1.69e-09	7.98e-01	2.02e-01	9.70e-05	0.00e+00	0.00e+00	0.00e+00
 3.76306e+11	0.00e+00	7.82e-46	1.07e-35	2.39e-26	1.27e-17	1.82e-09	8.08e-01	1.92e-01	8.63e-05	0.00e+00	0.00e+00	0.00e+00
 4.14617e+11	0.00e+00	0.00e+00	0.00e+00	2.96e-26	1.47e-17	1.97e-09	8.18e-01	1.82e-01	7.63e-05	0.00e+00	0.00e+00	0.00e+00
 4.59960e+11	0.00e+00	0.00e+00	1.96e-35	3.78e-26	1.74e-17	2.16e-09	8.30e-01	1.70e-01	6.62e-05	0.00e+00	0.00e+00	0.00e+00
 5.05365e+11	0.00e+00	2.42e-45	2.67e-35	4.78e-26	2.04e-17	2.36e-09	8.40e-01	1.60e-01	5.77e-05	0.00e+00	0.00e+00	0.00e+00
 5.48052e+11	0.00e+00	0.00e+00	3.53e-35	5.92e-26	2.36e-17	2.55e-09	8.49e-01	1.51e-01	5.09e-05	0.00e+00	0.00e+00	0.00e+00
 5.88944e+11	0.00e+00	4.73e-45	4.58e-35	7.20e-26	2.70e-17	2.74e-09	8.57e-01	1.43e-01	4.53e-05	0.00e+00	0.00e+00	0.00e+00
 6.34766e+11	0.00e+00	0.00e+00	6.07e-35	8.92e-26	3.13e-17	2.96e-09	8.65e-01	1.34e-01	3.99e-05	0.00e+00	0.00e+00	0.00e+00
 6.85326e+11	0.00e+00	9.73e-45	8.18e-35	1.12e-25	3.65e-17	3.21e-09	8.74e-01	1.26e-01	3.48e-05	0.00e+00	0.00e+00	0.00e+00
 7.32008e+11	0.00e+00	0.00e+00	1.07e-34	1.37e-25	4.19e-17	3.45e-09	8.81e-01	1.19e-01	3.08e-05	0.00e+00	0.00e+00	0.00e+00
 7.82660e+11	0.00e+00	1.92e-44	1.41e-34	1.69e-25	4.83e-17	3.72e-09	8.88e-01	1.12e-01	2.71e-05	0.00e+00	0.00e+00	0.00e+00
 8.39102e+11	0.00e+00	0.00e+00	1.91e-34	2.12e-25	5.64e-17	4.04e-09	8.95e-01	1.05e-01	2.36e-05	0.00e+00	0.00e+00	0.00e+00
 8.92031e+11	0.00e+00	3.91e-44	2.50e-34	2.61e-25	6.49e-17	4.35e-09	9.01e-01	9.87e-02	2.08e-05	0.00e+00	0.00e+00	0.00e+00
 9.49799e+11	0.00e+00	0.00e+00	3.34e-34	3.24e-25	7.51e-17	4.69e-09	9.07e-01	9.26e-02	1.82e-05	0.00e+00	0.00e+00	0.00e+00
 1.01396e+12	0.00e+00	8.18e-44	4.53e-34	4.09e-25	8.79e-17	5.09e-09	9.14e-01	8.64e-02	1.57e-05	0.00e+00	0.00e+00	0.00e+00
 1.07395e+12	0.00e+00	0.00e+00	5.98e-34	5.04e-25	1.01e-16	5.48e-09	9.19e-01	8.11e-02	1.38e-05	0.00e+00	0.00e+00	0.00e+00
 1.13944e+12	0.00e+00	1.66e-43	8.01e-34	6.29e-25	1.18e-16	5.93e-09	9.24e-01	7.59e-02	1.20e-05	0.00e+00	0.00e+00	0.00e+00
 1.21256e+12	0.00e+00	0.00e+00	1.10e-33	7.97e-25	1.38e-16	6.44e-09	9.29e-01	7.06e-02	1.03e-05	0.00e+00	0.00e+00	0.00e+00
 1.28162e+12	0.00e+00	3.51e-43	1.46e-33	9.89e-25	1.60e-16	6.94e-09	9.34e-01	6.61e-02	9.02e-06	0.00e+00	0.00e+00	0.00e+00
 1.35582e+12	0.00e+00	0.00e+00	1.97e-33	1.24e-24	1.86e-16	7.50e-09	9.38e-01	6.17e-02	7.83e-06	0.00e+00	0.00e+00	0.00e+00
 1.43998e+12	0.00e+00	7.61e-43	2.72e-33	1.58e-24	2.19e-16	8.17e-09	9.43e-01	5.72e-02	6.70e-06	0.00e+00	0.00e+00	0.00e+00
 1.52258e+12	0.00e+00	0.00e+00	3.70e-33	1.99e-24	2.56e-16	8.85e-09	9.47e-01	5.32e-02	5.78e-06	0.00e+00	0.00e+00	0.00e+00
 1.59808e+12	0.00e+00	1.56e-42	4.84e-33	2.45e-24	2.94e-16	9.50e-09	9.50e-01	4.99e-02	5.07e-06	0.00e+00	0.00e+00	0.00e+00
 1.68045e+12	0.00e+00	0.00e+00	6.45e-33	3.04e-24	3.40e-16	1.02e-08	9.53e-01	4.66e-02	4.42e-06	0.00e+00	0.00e+00	0.00e+00
 1.77651e+12	0.00e+00	3.34e-42	8.91e-33	3.87e-24	4.00e-16	1.11e-08	9.57e-01	4.32e-02	3.78e-06	0.00e+00	0.00e+00	0.00e+00
 1.87047e+12	0.00e+00	0.00e+00	1.21e-32	4.87e-24	4.67e-16	1.20e-08	9.60e-01	4.02e-02	3.26e-06	0.00e+00	0.00e+00	0.00e+00
 1.95833e+12	0.00e+00	6.87e-42	1.59e-32	5.99e-24	5.36e-16	1.29e-08	9.62e-01	3.76e-02	2.85e-06	0.00e+00	0.00e+00	0.00e+00
 2.03842e+12	0.00e+00	0.00e+00	2.03e-32	7.20e-24	6.07e-16	1.38e-08	9.65e-01	3.55e-02	2.53e-06	0.00e+00	0.00e+00	0.00e+00
 2.11124e+12	0.00e+00	1.22e-41	2.52e-32	8.47e-24	6.77e-16	1.45e-08	9.66e-01	3.37e-02	2.28e-06	0.00e+00	0.00e+00	0.00e+00
 2.19436e+12	0.00e+00	0.00e+00	3.20e-32	1.02e-23	7.65e-16	1.55e-08	9.68e-01	3.18e-02	2.03e-06	0.00e+00	0.00e+00	0.00e+00
 2.30113e+12	0.00e+00	2.39e-41	4.32e-32	1.27e-23	8.91e-16	1.67e-08	9.70e-01	2.96e-02	1.75e-06	0.00e+00	0.00e+00	0.00e+00
 2.41044e+12	0.00e+00	0.00e+00	5.82e-32	1.59e-23	1.04e-15	1.80e-08	9.72e-01	2.75e-02	1.51e-06	0.00e+00	0.00e+00	0.00e+00
 2.50258e+12	0.00e+00	4.69e-41	7.41e-32	1.91e-23	1.17e-15	1.92e-08	9.74e-01	2.59e-02	1.34e-06	0.00e+00	0.00e+00	0.00e+00
 2.60057e+12	0.00e+00	0.00e+00	9.55e-32	2.32e-23	1.33e-15	2.05e-08	9.76e-01	2.44e-02	1.18e-06	0.00e+00	0.00e+00	0.00e+00
 2.72405e+12	0.00e+00	9.45e-41	1.30e-31	2.92e-23	1.56e-15	2.22e-08	9.77e-01	2.26e-02	1.02e-06	0.00e+00	0.00e+00	0.00e+00
 2.85254e+12	0.00e+00	0.00e+00	1.78e-31	3.70e-23	1.82e-15	2.40e-08	9.79e-01	2.10e-02	8.72e-07	0.00e+00	0.00e+00	0.00e+00
 2.96762e+12	0.00e+00	1.96e-40	2.33e-31	4.55e-23	2.09e-15	2.58e-08	9.80e-01	1.96e-02	0.00e+00	0.00e+00	0.00e+00	0.00e+00
 3.09335e+12	0.00e+00	0.00e+00	3.11e-31	5.66e-23	2.42e-15	2.77e-08	9.82e-01	1.83e-02	0.00e+00	0.00e+00	0.00e+00	0.00e+00
 3.24267e+12	0.00e+00	4.25e-40	4.34e-31	7.27e-23	2.87e-15	3.02e-08	9.83e-01	1.68e-02	0.00e+00	0.00e+00	0.00e+00	0.00e+00
 3.38150e+12	0.00e+00	0.00e+00	5.86e-31	9.14e-23	3.34e-15	3.26e-08	9.84e-01	1.56e-02	0.00e+00	0.00e+00	0.00e+00	0.00e+00
 3.49492e+12	0.00e+00	8.33e-40	7.45e-31	1.10e-22	3.78e-15	3.47e-08	9.85e-01	1.47e-02	0.00e+00	0.00e+00	0.00e+00	0.00e+00
 3.61645e+12	0.00e+00	0.00e+00	9.60e-31	1.33e-22	4.30e-15	3.71e-08	9.86e-01	1.38e-02	0.00e+00	0.00e+00	0.00e+00	0.00e+00
 3.77380e+12	0.00e+00	1.70e-39	1.32e-30	1.69e-22	5.06e-15	4.02e-08	9.87e-01	1.28e-02	0.00e+00	0.00e+00	0.00e+00	0.00e+00
 3.93705e+12	0.00e+00	0.00e+00	1.82e-30	2.16e-22	5.97e-15	4.38e-08	9.88e-01	1.18e-02	0.00e+00	0.00e+00	0.00e+00	0.00e+00
 4.07428e+12	0.00e+00	3.53e-39	2.37e-30	2.64e-22	6.84e-15	4.69e-08	9.89e-01	1.10e-02	0.00e+00	0.00e+00	0.00e+00	0.00e+00
 4.21837e+12	0.00e+00	0.00e+00	3.12e-30	3.25e-22	7.87e-15	5.03e-08	9.90e-01	1.03e-02	0.00e+00	0.00e+00	0.00e+00	0.00e+00
 4.40078e+12	0.00e+00	7.52e-39	4.37e-30	4.20e-22	9.36e-15	5.49e-08	9.91e-01	9.45e-03	0.00e+00	0.00e+00	0.00e+00	0.00e+00
 4.58578e+12	0.00e+00	0.00e+00	6.09e-30	5.41e-22	1.11e-14	6.00e-08	9.91e-01	8.69e-03	0.00e+00	0.00e+00	0.00e+00	0.00e+00
 4.74193e+12	0.00e+00	1.60e-38	8.02e-30	6.68e-22	1.28e-14	6.45e-08	9.92e-01	8.10e-03	0.00e+00	0.00e+00	0.00e+00	0.00e+00
 4.90777e+12	0.00e+00	0.00e+00	1.07e-29	8.31e-22	1.49e-14	6.96e-08	9.92e-01	7.53e-03	0.00e+00	0.00e+00	0.00e+00	0.00e+00
 5.11650e+12	0.00e+00	3.52e-38	1.51e-29	1.09e-21	1.79e-14	7.64e-08	9.93e-01	6.88e-03	0.00e+00	0.00e+00	0.00e+00	0.00e+00
 5.32157e+12	0.00e+00	0.00e+00	2.11e-29	1.40e-21	2.13e-14	8.35e-08	9.94e-01	6.31e-03	0.00e+00	0.00e+00	0.00e+00	0.00e+00
 5.48683e+12	0.00e+00	7.35e-38	2.74e-29	1.72e-21	2.45e-14	8.97e-08	9.94e-01	5.89e-03	0.00e+00	0.00e+00	0.00e+00	0.00e+00
 5.65978e+12	0.00e+00	0.00e+00	3.59e-29	2.11e-21	2.82e-14	9.64e-08	9.95e-01	5.49e-03	0.00e+00	0.00e+00	0.00e+00	0.00e+00
 5.88461e+12	0.00e+00	1.55e-37	5.02e-29	2.74e-21	3.38e-14	1.06e-07	9.95e-01	5.02e-03	0.00e+00	0.00e+00	0.00e+00	0.00e+00
 6.12020e+12	0.00e+00	0.00e+00	7.06e-29	3.56e-21	4.06e-14	1.16e-07	9.95e-01	4.58e-03	0.00e+00	0.00e+00	0.00e+00	0.00e+00
 6.32159e+12	0.00e+00	3.33e-37	9.34e-29	4.42e-21	4.72e-14	1.26e-07	9.96e-01	4.25e-03	0.00e+00	0.00e+00	0.00e+00	0.00e+00
 6.52192e+12	0.00e+00	0.00e+00	1.22e-28	5.45e-21	5.46e-14	1.36e-07	9.96e-01	3.95e-03	0.00e+00	0.00e+00	0.00e+00	0.00e+00
 6.75743e+12	0.00e+00	6.76e-37	1.66e-28	6.92e-21	6.45e-14	1.48e-07	9.96e-01	3.63e-03	0.00e+00	0.00e+00	0.00e+00	0.00e+00
 7.01898e+12	0.00e+00	0.00e+00	2.30e-28	8.91e-21	7.70e-14	1.62e-07	9.97e-01	3.32e-03	0.00e+00	0.00e+00	0.00e+00	0.00e+00
 7.25104e+12	0.00e+00	1.42e-36	3.04e-28	1.11e-20	8.96e-14	1.75e-07	9.97e-01	3.08e-03	0.00e+00	0.00e+00	0.00e+00	0.00e+00
 7.43799e+12	1.68e-45	1.85e-36	3.77e-28	1.31e-20	1.01e-13	1.86e-07	9.97e-01	2.90e-03	0.00e+00	0.00e+00	0.00e+00	0.00e+00
 7.64129e+12	0.00e+00	0.00e+00	4.74e-28	1.56e-20	1.14e-13	1.99e-07	9.97e-01	2.72e-03	0.00e+00	0.00e+00	0.00e+00	0.00e+00
 7.90559e+12	0.00e+00	3.46e-36	6.30e-28	1.95e-20	1.34e-13	2.16e-07	9.97e-01	2.51e-03	0.00e+00	0.00e+00	0.00e+00	0.00e+00
 8.18998e+12	5.50e-45	4.97e-36	8.46e-28	2.46e-20	1.57e-13	2.35e-07	9.98e-01	2.31e-03	0.00e+00	0.00e+00	0.00e+00	0.00e+00
 8.43701e+12	0.00e+00	0.00e+00	1.08e-27	2.98e-20	1.80e-13	2.52e-07	9.98e-01	2.16e-03	0.00e+00	0.00e+00	0.00e+00	0.00e+00
 8.69467e+12	0.00e+00	9.09e-36	1.39e-27	3.61e-20	2.06e-13	2.71e-07	9.98e-01	2.01e-03	0.00e+00	0.00e+00	0.00e+00	0.00e+00
 9.02963e+12	1.78e-44	1.33e-35	1.89e-27	4.59e-20	2.45e-13	2.96e-07	9.98e-01	1.85e-03	0.00e+00	0.00e+00	0.00e+00	0.00e+00
 9.36834e+12	0.00e+00	0.00e+00	2.55e-27	5.80e-20	2.89e-13	3.23e-07	9.98e-01	1.70e-03	0.00e+00	0.00e+00	0.00e+00	0.00e+00
 9.64023e+12	0.00e+00	2.54e-35	3.21e-27	6.94e-20	3.28e-13	3.45e-07	9.98e-01	1.59e-03	0.00e+00	0.00e+00	0.00e+00	0.00e+00
 9.92199e+12	5.45e-44	3.37e-35	4.05e-27	8.32e-20	3.72e-13	3.69e-07	9.99e-01	1.49e-03	0.00e+00	0.00e+00	0.00e+00	0.00e+00
 1.02883e+13	0.00e+00	4.80e-35	5.42e-27	1.04e-19	4.37e-13	4.01e-07	9.99e-01	1.37e-03	0.00e+00	0.00e+00	0.00e+00	0.00e+00
 1.06735e+13	1.28e-43	6.87e-35	7.26e-27	1.31e-19	5.13e-13	4.37e-07	9.99e-01	1.26e-03	0.00e+00	0.00e+00	0.00e+00	0.00e+00
 1.10043e+13	0.00e+00	9.24e-35	9.25e-27	1.58e-19	5.86e-13	4.68e-07	9.99e-01	1.18e-03	0.00e+00	0.00e+00	0.00e+00	0.00e+00
 1.13555e+13	2.62e-43	1.25e-34	1.19e-26	1.92e-19	6.72e-13	5.03e-07	9.99e-01	1.10e-03	0.00e+00	0.00e+00	0.00e+00	0.00e+00
 1.18000e+13	0.00e+00	1.81e-34	1.61e-26	2.43e-19	7.93e-13	5.48e-07	9.99e-01	1.01e-03	0.00e+00	0.00e+00	0.00e+00	0.00e+00
 1.22552e+13	6.31e-43	2.61e-34	2.17e-26	3.06e-19	9.34e-13	5.97e-07	9.99e-01	9.30e-04	0.00e+00	0.00e+00	0.00e+00	0.00e+00
 1.26479e+13	0.00e+00	3.53e-34	2.77e-26	3.71e-19	1.07e-12	6.41e-07	9.99e-01	8.67e-04	0.00e+00	0.00e+00	0.00e+00	0.00e+00
 1.30700e+13	1.32e-42	4.84e-34	3.59e-26	4.53e-19	1.23e-12	6.89e-07	9.99e-01	8.07e-04	0.00e+00	0.00e+00	0.00e+00	0.00e+00
 1.35898e+13	0.00e+00	7.03e-34	4.87e-26	5.74e-19	1.45e-12	7.52e-07	9.99e-01	7.41e-04	0.00e+00	0.00e+00	0.00e+00	0.00e+00
 1.41139e+13	3.17e-42	1.01e-33	6.54e-26	7.22e-19	1.71e-12	8.18e-07	9.99e-01	6.82e-04	0.00e+00	0.00e+00	0.00e+00	0.00e+00
 1.45777e+13	0.00e+00	1.37e-33	8.42e-26	8.77e-19	1.96e-12	8.78e-07	9.99e-01	6.36e-04	0.00e+00	0.00e+00	0.00e+00	0.00e+00
 1.49979e+13	6.33e-42	1.80e-33	1.05e-25	1.04e-18	2.21e-12	9.36e-07	9.99e-01	5.97e-04	0.00e+00	0.00e+00	0.00e+00	0.00e+00
 1.54565e+13	0.00e+00	2.40e-33	1.33e-25	1.25e-18	2.50e-12	1.00e-06	9.99e-01	5.59e-04	0.00e+00	0.00e+00	0.00e+00	0.00e+00
 1.59416e+13	1.26e-41	3.22e-33	1.69e-25	1.51e-18	2.86e-12	1.07e-06	9.99e-01	5.23e-04	0.00e+00	0.00e+00	0.00e+00	0.00e+00
 1.63580e+13	0.00e+00	4.11e-33	2.06e-25	1.76e-18	3.19e-12	1.13e-06	1.00e+00	4.94e-04	0.00e+00	0.00e+00	0.00e+00	0.00e+00
 1.67963e+13	2.28e-41	5.28e-33	2.53e-25	2.06e-18	3.56e-12	1.20e-06	1.00e+00	4.66e-04	0.00e+00	0.00e+00	0.00e+00	0.00e+00
 1.73660e+13	0.00e+00	7.25e-33	3.28e-25	2.52e-18	4.10e-12	1.29e-06	1.00e+00	4.34e-04	0.00e+00	0.00e+00	0.00e+00	0.00e+00
 1.79555e+13	4.85e-41	9.94e-33	4.25e-25	3.08e-18	4.73e-12	1.39e-06	1.00e+00	4.03e-04	0.00e+00	0.00e+00	0.00e+00	0.00e+00
 1.84434e+13	0.00e+00	1.28e-32	5.24e-25	3.63e-18	5.30e-12	1.48e-06	1.00e+00	3.80e-04	0.00e+00	0.00e+00	0.00e+00	0.00e+00
 1.89507e+13	8.91e-41	1.65e-32	6.46e-25	4.27e-18	5.94e-12	1.57e-06	1.00e+00	3.58e-04	0.00e+00	0.00e+00	0.00e+00	0.00e+00
 1.96102e+13	0.00e+00	2.28e-32	8.42e-25	5.24e-18	6.86e-12	1.70e-06	1.00e+00	3.32e-04	0.00e+00	0.00e+00	0.00e+00	0.00e+00
 2.03046e+13	1.93e-40	3.17e-32	1.10e-24	6.47e-18	7.95e-12	1.83e-06	1.00e+00	3.08e-04	0.00e+00	0.00e+00	0.00e+00	0.00e+00
 2.09041e+13	0.00e+00	4.17e-32	1.38e-24	7.70e-18	9.00e-12	1.96e-06	1.00e+00	2.89e-04	0.00e+00	0.00e+00	0.00e+00	0.00e+00
 2.15433e+13	3.75e-40	5.53e-32	1.74e-24	9.23e-18	1.02e-11	2.09e-06	1.00e+00	2.70e-04	0.00e+00	0.00e+00	0.00e+00	0.00e+00
 2.23577e+13	0.00e+00	7.83e-32	2.32e-24	1.15e-17	1.20e-11	2.27e-06	1.00e+00	2.49e-04	0.00e+00	0.00e+00	0.00e+00	0.00e+00
 2.32004e+13	8.53e-40	1.11e-31	3.08e-24	1.44e-17	1.40e-11	2.47e-06	1.00e+00	2.29e-04	0.00e+00	0.00e+00	0.00e+00	0.00e+00
 2.39374e+13	0.00e+00	1.48e-31	3.92e-24	1.74e-17	1.60e-11	2.65e-06	1.00e+00	2.14e-04	0.00e+00	0.00e+00	0.00e+00	0.00e+00
 2.47364e+13	1.73e-39	2.01e-31	5.04e-24	2.12e-17	1.84e-11	2.86e-06	1.00e+00	1.99e-04	0.00e+00	0.00e+00	0.00e+00	0.00e+00
 2.57067e+13	0.00e+00	2.87e-31	6.76e-24	2.67e-17	2.17e-11	3.12e-06	1.00e+00	1.82e-04	0.00e+00	0.00e+00	0.00e+00	0.00e+00
 2.66590e+13	3.93e-39	4.01e-31	8.92e-24	3.32e-17	2.53e-11	3.39e-06	1.00e+00	1.68e-04	0.00e+00	0.00e+00	0.00e+00	0.00e+00
 2.74800e+13	0.00e+00	5.30e-31	1.12e-23	3.99e-17	2.88e-11	3.63e-06	1.00e+00	1.57e-04	0.00e+00	0.00e+00	0.00e+00	0.00e+00
 2.83710e+13	7.75e-39	7.11e-31	1.43e-23	4.83e-17	3.30e-11	3.90e-06	1.00e+00	1.46e-04	0.00e+00	0.00e+00	0.00e+00	0.00e+00
 2.92857e+13	0.00e+00	9.49e-31	1.82e-23	5.84e-17	3.78e-11	4.20e-06	1.00e+00	1.36e-04	0.00e+00	0.00e+00	0.00e+00	0.00e+00
 3.00361e+13	1.43e-38	1.20e-30	2.21e-23	6.79e-17	4.21e-11	4.45e-06	1.00e+00	1.28e-04	0.00e+00	0.00e+00	0.00e+00	0.00e+00
 3.08163e+13	0.00e+00	1.51e-30	2.68e-23	7.91e-17	4.69e-11	4.72e-06	1.00e+00	1.21e-04	0.00e+00	0.00e+00	0.00e+00	0.00e+00
 3.18306e+13	2.68e-38	2.03e-30	3.43e-23	9.60e-17	5.38e-11	5.08e-06	1.00e+00	1.13e-04	0.00e+00	0.00e+00	0.00e+00	0.00e+00
 3.28908e+13	0.00e+00	2.73e-30	4.39e-23	1.17e-16	6.18e-11	5.47e-06	1.00e+00	1.05e-04	0.00e+00	0.00e+00	0.00e+00	0.00e+00
 3.37906e+13	5.07e-38	3.48e-30	5.38e-23	1.37e-16	6.93e-11	5.82e-06	1.00e+00	9.85e-05	0.00e+00	0.00e+00	0.00e+00	0.00e+00
 3.47405e+13	0.00e+00	4.48e-30	6.62e-23	1.62e-16	7.79e-11	6.20e-06	1.00e+00	9.26e-05	0.00e+00	0.00e+00	0.00e+00	0.00e+00
 3.59752e+13	9.92e-38	6.15e-30	8.62e-23	1.99e-16	9.02e-11	6.71e-06	1.00e+00	8.56e-05	0.00e+00	0.00e+00	0.00e+00	0.00e+00
 3.72650e+13	0.00e+00	8.45e-30	1.12e-22	2.45e-16	1.05e-10	7.27e-06	1.00e+00	7.91e-05	0.00e+00	0.00e+00	0.00e+00	0.00e+00
 3.83618e+13	1.97e-37	1.10e-29	1.40e-22	2.91e-16	1.18e-10	7.76e-06	1.00e+00	7.42e-05	0.00e+00	0.00e+00	0.00e+00	0.00e+00
 3.95234e+13	0.00e+00	1.44e-29	1.75e-22	3.48e-16	1.34e-10	8.29e-06	1.00e+00	6.95e-05	0.00e+00	0.00e+00	0.00e+00	0.00e+00
 4.09985e+13	4.04e-37	2.02e-29	2.31e-22	4.32e-16	1.55e-10	8.98e-06	1.00e+00	6.42e-05	0.00e+00	0.00e+00	0.00e+00	0.00e+00
 4.25555e+13	0.00e+00	2.83e-29	3.05e-22	5.39e-16	1.82e-10	9.77e-06	1.00e+00	5.91e-05	0.00e+00	0.00e+00	0.00e+00	0.00e+00
 4.39489e+13	8.51e-37	3.80e-29	3.90e-22	6.52e-16	2.07e-10	1.05e-05	1.00e+00	5.51e-05	0.00e+00	0.00e+00	0.00e+00	0.00e+00
 4.54552e+13	0.00e+00	5.18e-29	5.03e-22	7.95e-16	2.38e-10	1.13e-05	1.00e+00	5.13e-05	0.00e+00	0.00e+00	0.00e+00	0.00e+00
 4.72478e+13	1.87e-36	7.39e-29	6.74e-22	1.00e-15	2.79e-10	1.23e-05	1.00e+00	4.71e-05	0.00e+00	0.00e+00	0.00e+00	0.00e+00
 4.88543e+13	0.00e+00	1.01e-28	8.70e-22	1.22e-15	3.20e-10	1.32e-05	1.00e+00	4.39e-05	0.00e+00	0.00e+00	0.00e+00	0.00e+00
 5.00879e+13	3.57e-36	1.27e-28	1.05e-21	1.41e-15	3.54e-10	1.39e-05	1.00e+00	4.16e-05	0.00e+00	0.00e+00	0.00e+00	0.00e+00
 5.13948e+13	0.00e+00	1.62e-28	1.28e-21	1.64e-15	3.93e-10	1.47e-05	1.00e+00	3.95e-05	0.00e+00	0.00e+00	0.00e+00	0.00e+00
 5.30938e+13	6.84e-36	2.20e-28	1.65e-21	1.99e-15	4.48e-10	1.57e-05	1.00e+00	3.68e-05	0.00e+00	0.00e+00	0.00e+00	0.00e+00
 5.49482e+13	0.00e+00	3.04e-28	2.14e-21	2.44e-15	5.15e-10	1.69e-05	1.00e+00	3.43e-05	0.00e+00	0.00e+00	0.00e+00	0.00e+00
 5.65736e+13	1.40e-35	4.01e-28	2.68e-21	2.90e-15	5.79e-10	1.80e-05	1.00e+00	3.23e-05	0.00e+00	0.00e+00	0.00e+00	0.00e+00
 5.82556e+13	0.00e+00	5.30e-28	3.37e-21	3.45e-15	6.51e-10	1.91e-05	1.00e+00	3.04e-05	0.00e+00	0.00e+00	0.00e+00	0.00e+00
 6.04054e+13	2.94e-35	7.49e-28	4.46e-21	4.27e-15	7.53e-10	2.06e-05	1.00e+00	2.82e-05	0.00e+00	0.00e+00	0.00e+00	0.00e+00
 6.26075e+13	4.42e-35	1.05e-27	5.89e-21	5.28e-15	8.70e-10	2.22e-05	1.00e+00	2.62e-05	0.00e+00	0.00e+00	0.00e+00	0.00e+00
 6.44767e+13	6.21e-35	1.40e-27	7.40e-21	6.29e-15	9.79e-10	2.35e-05	1.00e+00	2.47e-05	0.00e+00	0.00e+00	0.00e+00	0.00e+00
 6.64689e+13	8.82e-35	1.88e-27	9.39e-21	7.53e-15	1.11e-09	2.50e-05	1.00e+00	2.32e-05	0.00e+00	0.00e+00	0.00e+00	0.00e+00
 6.89618e+13	1.35e-34	2.69e-27	1.25e-20	9.37e-15	1.28e-09	2.70e-05	1.00e+00	2.15e-05	0.00e+00	0.00e+00	0.00e+00	0.00e+00
 7.15593e+13	2.07e-34	3.84e-27	1.67e-20	1.17e-14	1.48e-09	2.91e-05	1.00e+00	2.00e-05	0.00e+00	0.00e+00	0.00e+00	0.00e+00
 7.38999e+13	3.02e-34	5.26e-27	2.15e-20	1.41e-14	1.69e-09	3.10e-05	1.00e+00	1.87e-05	0.00e+00	0.00e+00	0.00e+00	0.00e+00
 7.64525e+13	4.48e-34	7.32e-27	2.81e-20	1.73e-14	1.93e-09	3.32e-05	1.00e+00	1.75e-05	0.00e+00	0.00e+00	0.00e+00	0.00e+00
 7.94682e+13	7.03e-34	1.07e-26	3.81e-20	2.17e-14	2.25e-09	3.59e-05	1.00e+00	1.62e-05	0.00e+00	0.00e+00	0.00e+00	0.00e+00
 8.24346e+13	1.08e-33	1.53e-26	5.08e-20	2.70e-14	2.61e-09	3.87e-05	1.00e+00	1.50e-05	0.00e+00	0.00e+00	0.00e+00	0.00e+00
 8.50328e+13	1.55e-33	2.07e-26	6.48e-20	3.25e-14	2.95e-09	4.12e-05	1.00e+00	1.41e-05	0.00e+00	0.00e+00	0.00e+00	0.00e+00
 8.78037e+13	2.26e-33	2.83e-26	8.34e-20	3.93e-14	3.35e-09	4.39e-05	1.00e+00	1.32e-05	0.00e+00	0.00e+00	0.00e+00	0.00e+00
 9.09232e+13	3.39e-33	3.97e-26	1.10e-19	4.84e-14	3.86e-09	4.72e-05	1.00e+00	1.23e-05	0.00e+00	0.00e+00	0.00e+00	0.00e+00
 9.38924e+13	4.94e-33	5.44e-26	1.41e-19	5.86e-14	4.38e-09	5.03e-05	1.00e+00	1.15e-05	0.00e+00	0.00e+00	0.00e+00	0.00e+00
 9.65813e+13	6.87e-33	7.17e-26	1.76e-19	6.93e-14	4.91e-09	5.33e-05	1.00e+00	1.09e-05	0.00e+00	0.00e+00	0.00e+00	0.00e+00
 9.90373e+13	9.21e-33	9.16e-26	2.15e-19	8.04e-14	5.42e-09	5.61e-05	1.00e+00	1.04e-05	0.00e+00	0.00e+00	0.00e+00	0.00e+00
 1.01758e+14	1.26e-32	1.19e-25	2.66e-19	9.45e-14	6.05e-09	5.92e-05	1.00e+00	9.81e-06	0.00e+00	0.00e+00	0.00e+00	0.00e+00
 1.04818e+14	1.78e-32	1.59e-25	3.36e-19	1.13e-13	6.81e-09	6.29e-05	1.00e+00	9.24e-06	0.00e+00	0.00e+00	0.00e+00	0.00e+00
 1.07723e+14	2.45e-32	2.08e-25	4.16e-19	1.33e-13	7.59e-09	6.65e-05	1.00e+00	8.74e-06	0.00e+00	0.00e+00	0.00e+00	0.00e+00
 1.10901e+14	3.44e-32	2.76e-25	5.23e-19	1.58e-13	8.53e-09	7.06e-05	1.00e+00	8.24e-06	0.00e+00	0.00e+00	0.00e+00	0.00e+00
 1.14407e+14	4.94e-32	3.73e-25	6.67e-19	1.90e-13	9.66e-09	7.52e-05	1.00e+00	7.73e-06	0.00e+00	0.00e+00	0.00e+00	0.00e+00
 1.17642e+14	6.83e-32	4.89e-25	8.31e-19	2.24e-13	1.08e-08	7.96e-05	1.00e+00	7.30e-06	0.00e+00	0.00e+00	0.00e+00	0.00e+00
 1.21150e+14	9.60e-32	6.51e-25	1.05e-18	2.67e-13	1.22e-08	8.45e-05	1.00e+00	6.88e-06	0.00e+00	0.00e+00	0.00e+00	0.00e+00
 1.25079e+14	1.39e-31	8.87e-25	1.34e-18	3.23e-13	1.38e-08	9.02e-05	1.00e+00	6.44e-06	0.00e+00	0.00e+00	0.00e+00	0.00e+00
 1.28791e+14	1.95e-31	1.18e-24	1.69e-18	3.84e-13	1.55e-08	9.58e-05	1.00e+00	6.07e-06	0.00e+00	0.00e+00	0.00e+00	0.00e+00
 1.32852e+14	2.79e-31	1.59e-24	2.15e-18	4.62e-13	1.76e-08	1.02e-04	1.00e+00	5.69e-06	0.00e+00	0.00e+00	0.00e+00	0.00e+00
 1.37379e+14	4.11e-31	2.20e-24	2.80e-18	5.64e-13	2.01e-08	1.09e-04	1.00e+00	5.32e-06	0.00e+00	0.00e+00	0.00e+00	0.00e+00
 1.41644e+14	5.84e-31	2.96e-24	3.55e-18	6.76e-13	2.28e-08	1.16e-04	1.00e+00	4.99e-06	0.00e+00	0.00e+00	0.00e+00	0.00e+00
 1.46318e+14	8.50e-31	4.05e-24	4.58e-18	8.20e-13	2.59e-08	1.25e-04	1.00e+00	4.67e-06	0.00e+00	0.00e+00	0.00e+00	0.00e+00
 1.51569e+14	1.27e-30	5.69e-24	6.03e-18	1.01e-12	2.99e-08	1.34e-04	1.00e+00	4.34e-06	0.00e+00	0.00e+00	0.00e+00	0.00e+00
 1.56565e+14	1.85e-30	7.78e-24	7.78e-18	1.23e-12	3.41e-08	1.43e-04	1.00e+00	4.06e-06	0.00e+00	0.00e+00	0.00e+00	0.00e+00
 1.62057e+14	2.75e-30	1.08e-23	1.02e-17	1.51e-12	3.91e-08	1.54e-04	1.00e+00	3.78e-06	0.00e+00	0.00e+00	0.00e+00	0.00e+00
 1.68136e+14	4.20e-30	1.55e-23	1.36e-17	1.88e-12	4.54e-08	1.66e-04	1.00e+00	3.51e-06	0.00e+00	0.00e+00	0.00e+00	0.00e+00
 1.73768e+14	6.14e-30	2.13e-23	1.76e-17	2.28e-12	5.18e-08	1.78e-04	1.00e+00	3.28e-06	0.00e+00	0.00e+00	0.00e+00	0.00e+00
 1.79878e+14	9.28e-30	3.01e-23	2.33e-17	2.80e-12	5.95e-08	1.91e-04	1.00e+00	3.05e-06	0.00e+00	0.00e+00	0.00e+00	0.00e+00
 1.86728e+14	1.41e-29	4.27e-23	3.09e-17	3.50e-12	6.92e-08	2.06e-04	1.00e+00	2.82e-06	0.00e+00	0.00e+00	0.00e+00	0.00e+00
 1.93202e+14	2.09e-29	5.94e-23	4.04e-17	4.29e-12	7.93e-08	2.21e-04	1.00e+00	2.63e-06	0.00e+00	0.00e+00	0.00e+00	0.00e+00
 2.00221e+14	3.16e-29	8.39e-23	5.34e-17	5.31e-12	9.15e-08	2.38e-04	1.00e+00	2.45e-06	0.00e+00	0.00e+00	0.00e+00	0.00e+00
 2.08046e+14	4.91e-29	1.22e-22	7.20e-17	6.67e-12	1.07e-07	2.57e-04	1.00e+00	2.26e-06	0.00e+00	0.00e+00	0.00e+00	0.00e+00
 2.14787e+14	7.12e-29	1.66e-22	9.25e-17	8.07e-12	1.21e-07	2.75e-04	1.00e+00	2.12e-06	0.00e+00	0.00e+00	0.00e+00	0.00e+00
 2.19911e+14	9.36e-29	2.09e-22	1.11e-16	9.28e-12	1.33e-07	2.88e-04	1.00e+00	2.02e-06	0.00e+00	0.00e+00	0.00e+00	0.00e+00
 2.25122e+14	1.23e-28	2.62e-22	1.34e-16	1.07e-11	1.47e-07	3.02e-04	1.00e+00	1.92e-06	0.00e+00	0.00e+00	0.00e+00	0.00e+00
 2.31898e+14	1.73e-28	3.49e-22	1.69e-16	1.27e-11	1.65e-07	3.21e-04	1.00e+00	1.81e-06	0.00e+00	0.00e+00	0.00e+00	0.00e+00
 2.39121e+14	2.47e-28	4.71e-22	2.15e-16	1.53e-11	1.87e-07	3.42e-04	1.00e+00	1.70e-06	0.00e+00	0.00e+00	0.00e+00	0.00e+00
 2.45449e+14	3.35e-28	6.08e-22	2.64e-16	1.79e-11	2.07e-07	3.61e-04	1.00e+00	1.61e-06	0.00e+00	0.00e+00	0.00e+00	0.00e+00
 2.52198e+14	4.60e-28	7.92e-22	3.27e-16	2.10e-11	2.31e-07	3.81e-04	1.00e+00	1.52e-06	0.00e+00	0.00e+00	0.00e+00	0.00e+00
 2.60973e+14	6.86e-28	1.11e-21	4.28e-16	2.57e-11	2.65e-07	4.09e-04	1.00e+00	1.42e-06	0.00e+00	0.00e+00	0.00e+00	0.00e+00
 2.69917e+14	1.02e-27	1.54e-21	5.58e-16	3.15e-11	3.03e-07	4.38e-04	1.00e+00	1.33e-06	0.00e+00	0.00e+00	0.00e+00	0.00e+00
 2.77212e+14	1.39e-27	2.00e-21	6.88e-16	3.69e-11	3.37e-07	4.62e-04	1.00e+00	1.26e-06	0.00e+00	0.00e+00	0.00e+00	0.00e+00
 2.84826e+14	1.92e-27	2.61e-21	8.53e-16	4.34e-11	3.76e-07	4.88e-04	1.00e+00	1.19e-06	0.00e+00	0.00e+00	0.00e+00	0.00e+00
 2.94725e+14	2.86e-27	3.65e-21	1.12e-15	5.31e-11	4.31e-07	5.23e-04	9.99e-01	1.11e-06	0.00e+00	0.00e+00	0.00e+00	0.00e+00
 3.05187e+14	4.32e-27	5.14e-21	1.47e-15	6.54e-11	4.95e-07	5.61e-04	9.99e-01	1.03e-06	0.00e+00	0.00e+00	0.00e+00	0.00e+00
 3.14294e+14	6.11e-27	6.87e-21	1.86e-15	7.80e-11	5.57e-07	5.95e-04	9.99e-01	9.75e-07	0.00e+00	0.00e+00	0.00e+00	0.00e+00
 3.24046e+14	8.76e-27	9.29e-21	2.37e-15	9.36e-11	6.29e-07	6.33e-04	9.99e-01	0.00e+00	0.00e+00	0.00e+00	0.00e+00	0.00e+00
 3.36163e+14	1.35e-26	1.33e-20	3.17e-15	1.16e-10	7.28e-07	6.82e-04	9.99e-01	0.00e+00	0.00e+00	0.00e+00	0.00e+00	0.00e+00
 3.48631e+14	2.08e-26	1.91e-20	4.23e-15	1.45e-10	8.42e-07	7.33e-04	9.99e-01	0.00e+00	0.00e+00	0.00e+00	0.00e+00	0.00e+00
 3.59776e+14	3.02e-26	2.61e-20	5.42e-15	1.75e-10	9.54e-07	7.81e-04	9.99e-01	0.00e+00	0.00e+00	0.00e+00	0.00e+00	0.00e+00
 3.71930e+14	4.48e-26	3.63e-20	7.06e-15	2.13e-10	1.09e-06	8.35e-04	9.99e-01	0.00e+00	0.00e+00	0.00e+00	0.00e+00	0.00e+00
 3.86390e+14	7.03e-26	5.29e-20	9.55e-15	2.67e-10	1.27e-06	9.02e-04	9.99e-01	0.00e+00	0.00e+00	0.00e+00	0.00e+00	0.00e+00
 4.00723e+14	1.08e-25	7.58e-20	1.27e-14	3.32e-10	1.47e-06	9.70e-04	9.99e-01	0.00e+00	0.00e+00	0.00e+00	0.00e+00	0.00e+00
 4.13853e+14	1.58e-25	1.04e-19	1.65e-14	4.03e-10	1.67e-06	1.03e-03	9.99e-01	0.00e+00	0.00e+00	0.00e+00	0.00e+00	0.00e+00
 4.28548e+14	2.39e-25	1.47e-19	2.17e-14	4.96e-10	1.92e-06	1.11e-03	9.99e-01	0.00e+00	0.00e+00	0.00e+00	0.00e+00	0.00e+00
 4.42805e+14	3.52e-25	2.03e-19	2.81e-14	6.03e-10	2.18e-06	1.19e-03	9.99e-01	0.00e+00	0.00e+00	0.00e+00	0.00e+00	0.00e+00
 4.53336e+14	4.65e-25	2.56e-19	3.39e-14	6.93e-10	2.40e-06	1.24e-03	9.99e-01	0.00e+00	0.00e+00	0.00e+00	0.00e+00	0.00e+00
 4.63870e+14	6.08e-25	3.21e-19	4.06e-14	7.95e-10	2.63e-06	1.30e-03	9.99e-01	0.00e+00	0.00e+00	0.00e+00	0.00e+00	0.00e+00
 4.77563e+14	8.56e-25	4.27e-19	5.11e-14	9.46e-10	2.95e-06	1.38e-03	9.99e-01	0.00e+00	0.00e+00	0.00e+00	0.00e+00	0.00e+00
 4.92368e+14	1.23e-24	5.76e-19	6.51e-14	1.13e-09	3.34e-06	1.47e-03	9.99e-01	0.00e+00	0.00e+00	0.00e+00	0.00e+00	0.00e+00
 5.05605e+14	1.67e-24	7.47e-19	8.02e-14	1.33e-09	3.71e-06	1.55e-03	9.98e-01	0.00e+00	0.00e+00	0.00e+00	0.00e+00	0.00e+00
 5.19803e+14	2.31e-24	9.80e-19	9.98e-14	1.57e-09	4.14e-06	1.64e-03	9.98e-01	0.00e+00	0.00e+00	0.00e+00	0.00e+00	0.00e+00
 5.38260e+14	3.47e-24	1.38e-18	1.31e-13	1.93e-09	4.76e-06	1.76e-03	9.98e-01	0.00e+00	0.00e+00	0.00e+00	0.00e+00	0.00e+00
 5.56964e+14	5.17e-24	1.92e-18	1.72e-13	2.37e-09	5.46e-06	1.89e-03	9.98e-01	0.00e+00	0.00e+00	0.00e+00	0.00e+00	0.00e+00
 5.72068e+14	7.06e-24	2.49e-18	2.12e-13	2.78e-09	6.08e-06	1.99e-03	9.98e-01	0.00e+00	0.00e+00	0.00e+00	0.00e+00	0.00e+00
 5.87783e+14	9.65e-24	3.24e-18	2.62e-13	3.26e-09	6.78e-06	2.11e-03	9.98e-01	0.00e+00	0.00e+00	0.00e+00	0.00e+00	0.00e+00
 6.08214e+14	1.43e-23	4.51e-18	3.43e-13	4.00e-09	7.78e-06	2.26e-03	9.98e-01	0.00e+00	0.00e+00	0.00e+00	0.00e+00	0.00e+00
 6.29923e+14	2.14e-23	6.33e-18	4.51e-13	4.93e-09	8.96e-06	2.43e-03	9.98e-01	0.00e+00	0.00e+00	0.00e+00	0.00e+00	0.00e+00
 6.49019e+14	3.01e-23	8.44e-18	5.70e-13	5.89e-09	1.01e-05	2.59e-03	9.97e-01	0.00e+00	0.00e+00	0.00e+00	0.00e+00	0.00e+00
 6.69565e+14	4.29e-23	1.14e-17	7.26e-13	7.09e-09	1.14e-05	2.76e-03	9.97e-01	0.00e+00	0.00e+00	0.00e+00	0.00e+00	0.00e+00
 6.94817e+14	6.54e-23	1.62e-17	9.69e-13	8.85e-09	1.33e-05	2.98e-03	9.97e-01	0.00e+00	0.00e+00	0.00e+00	0.00e+00	0.00e+00
 7.20168e+14	9.82e-23	2.28e-17	1.28e-12	1.10e-08	1.54e-05	3.22e-03	9.97e-01	0.00e+00	0.00e+00	0.00e+00	0.00e+00	0.00e+00
 7.42306e+14	1.38e-22	3.05e-17	1.62e-12	1.31e-08	1.73e-05	3.43e-03	9.97e-01	0.00e+00	0.00e+00	0.00e+00	0.00e+00	0.00e+00
 7.66284e+14	1.97e-22	4.11e-17	2.07e-12	1.58e-08	1.97e-05	3.66e-03	9.96e-01	0.00e+00	0.00e+00	0.00e+00	0.00e+00	0.00e+00
 7.95449e+14	2.99e-22	5.85e-17	2.76e-12	1.98e-08	2.29e-05	3.96e-03	9.96e-01	0.00e+00	0.00e+00	0.00e+00	0.00e+00	0.00e+00
 8.24464e+14	4.45e-22	8.18e-17	3.64e-12	2.45e-08	2.65e-05	4.28e-03	9.96e-01	0.00e+00	0.00e+00	0.00e+00	0.00e+00	0.00e+00
 8.49984e+14	6.26e-22	1.09e-16	4.61e-12	2.94e-08	3.00e-05	4.56e-03	9.95e-01	0.00e+00	0.00e+00	0.00e+00	0.00e+00	0.00e+00
 8.77853e+14	8.90e-22	1.47e-16	5.90e-12	3.56e-08	3.42e-05	4.89e-03	9.95e-01	0.00e+00	0.00e+00	0.00e+00	0.00e+00	0.00e+00
 9.07610e+14	1.28e-21	2.01e-16	7.62e-12	4.34e-08	3.91e-05	5.26e-03	9.95e-01	0.00e+00	0.00e+00	0.00e+00	0.00e+00	0.00e+00
 9.33936e+14	1.76e-21	2.63e-16	9.50e-12	5.15e-08	4.39e-05	5.59e-03	9.94e-01	0.00e+00	0.00e+00	0.00e+00	0.00e+00	0.00e+00
 9.57019e+14	2.30e-21	3.29e-16	1.14e-11	5.95e-08	4.85e-05	5.89e-03	9.94e-01	0.00e+00	0.00e+00	0.00e+00	0.00e+00	0.00e+00
 9.81769e+14	3.03e-21	4.16e-16	1.39e-11	6.93e-08	5.38e-05	6.23e-03	9.94e-01	0.00e+00	0.00e+00	0.00e+00	0.00e+00	0.00e+00
 1.01394e+15	4.29e-21	5.61e-16	1.78e-11	8.40e-08	6.13e-05	6.68e-03	9.93e-01	0.00e+00	0.00e+00	0.00e+00	0.00e+00	0.00e+00
 1.04639e+15	6.02e-21	7.49e-16	2.26e-11	1.01e-07	6.96e-05	7.15e-03	9.93e-01	0.00e+00	0.00e+00	0.00e+00	0.00e+00	0.00e+00
 1.07214e+15	7.84e-21	9.37e-16	2.72e-11	1.17e-07	7.68e-05	7.54e-03	9.92e-01	0.00e+00	0.00e+00	0.00e+00	0.00e+00	0.00e+00
 1.09857e+15	1.02e-20	1.17e-15	3.27e-11	1.35e-07	8.47e-05	7.94e-03	9.92e-01	0.00e+00	0.00e+00	0.00e+00	0.00e+00	0.00e+00
 1.13294e+15	1.42e-20	1.55e-15	4.14e-11	1.62e-07	9.60e-05	8.50e-03	9.91e-01	0.00e+00	0.00e+00	0.00e+00	0.00e+00	0.00e+00
 1.16907e+15	1.98e-20	2.07e-15	5.26e-11	1.96e-07	1.09e-04	9.10e-03	9.91e-01	0.00e+00	0.00e+00	0.00e+00	0.00e+00	0.00e+00
 1.20008e+15	2.62e-20	2.62e-15	6.40e-11	2.28e-07	1.21e-04	9.63e-03	9.90e-01	0.00e+00	0.00e+00	0.00e+00	0.00e+00	0.00e+00
 1.23299e+15	3.49e-20	3.36e-15	7.86e-11	2.68e-07	1.35e-04	1.02e-02	9.90e-01	0.00e+00	0.00e+00	0.00e+00	0.00e+00	0.00e+00
 1.27579e+15	5.02e-20	4.59e-15	1.02e-10	3.29e-07	1.55e-04	1.10e-02	9.89e-01	0.00e+00	0.00e+00	0.00e+00	0.00e+00	0.00e+00
 1.31988e+15	7.20e-20	6.24e-15	1.32e-10	4.02e-07	1.78e-04	1.19e-02	9.88e-01	0.00e+00	0.00e+00	0.00e+00	0.00e+00	0.00e+00
 1.35667e+15	9.62e-20	8.01e-15	1.62e-10	4.73e-07	1.99e-04	1.26e-02	9.87e-01	0.00e+00	0.00e+00	0.00e+00	0.00e+00	0.00e+00
 1.39552e+15	1.29e-19	1.03e-14	2.01e-10	5.59e-07	2.23e-04	1.34e-02	9.86e-01	0.00e+00	0.00e+00	0.00e+00	0.00e+00	0.00e+00
 1.44584e+15	1.88e-19	1.42e-14	2.62e-10	6.91e-07	2.57e-04	1.45e-02	9.85e-01	0.00e+00	0.00e+00	0.00e+00	0.00e+00	0.00e+00
 1.49890e+15	2.74e-19	1.97e-14	3.45e-10	8.55e-07	2.97e-04	1.57e-02	9.84e-01	0.00e+00	0.00e+00	0.00e+00	0.00e+00	0.00e+00
 1.54536e+15	3.77e-19	2.59e-14	4.33e-10	1.02e-06	3.36e-04	1.68e-02	9.83e-01	0.00e+00	0.00e+00	0.00e+00	0.00e+00	0.00e+00
 1.59544e+15	5.25e-19	3.45e-14	5.51e-10	1.24e-06	3.81e-04	1.80e-02	9.82e-01	0.00e+00	0.00e+00	0.00e+00	0.00e+00	0.00e+00
 1.65623e+15	7.76e-19	4.84e-14	7.31e-10	1.55e-06	4.44e-04	1.95e-02	9.80e-01	0.00e+00	0.00e+00	0.00e+00	0.00e+00	0.00e+00
 1.71722e+15	1.13e-18	6.67e-14	9.59e-10	1.92e-06	5.13e-04	2.12e-02	9.78e-01	0.00e+00	0.00e+00	0.00e+00	0.00e+00	0.00e+00
 1.76404e+15	1.49e-18	8.49e-14	1.17e-09	2.25e-06	5.71e-04	2.24e-02	9.77e-01	0.00e+00	0.00e+00	0.00e+00	0.00e+00	0.00e+00
 1.79900e+15	1.82e-18	1.01e-13	1.36e-09	2.52e-06	6.18e-04	2.34e-02	9.76e-01	0.00e+00	0.00e+00	0.00e+00	0.00e+00	0.00e+00
 1.83723e+15	2.26e-18	1.22e-13	1.59e-09	2.86e-06	6.72e-04	2.45e-02	9.75e-01	0.00e+00	0.00e+00	0.00e+00	0.00e+00	0.00e+00
 1.88694e+15	2.97e-18	1.55e-13	1.95e-09	3.35e-06	7.48e-04	2.60e-02	9.73e-01	0.00e+00	0.00e+00	0.00e+00	0.00e+00	0.00e+00
 1.94142e+15	3.97e-18	1.99e-13	2.41e-09	3.96e-06	8.38e-04	2.77e-02	9.71e-01	0.00e+00	0.00e+00	0.00e+00	0.00e+00	0.00e+00
 1.99080e+15	5.11e-18	2.48e-13	2.91e-09	4.59e-06	9.26e-04	2.93e-02	9.70e-01	0.00e+00	0.00e+00	0.00e+00	0.00e+00	0.00e+00
 2.04367e+15	6.68e-18	3.13e-13	3.54e-09	5.37e-06	1.03e-03	3.11e-02	9.68e-01	0.00e+00	0.00e+00	0.00e+00	0.00e+00	0.00e+00
 2.10340e+15	8.91e-18	4.03e-13	4.39e-09	6.36e-06	1.15e-03	3.31e-02	9.66e-01	0.00e+00	0.00e+00	0.00e+00	0.00e+00	0.00e+00
 2.15982e+15	1.17e-17	5.10e-13	5.36e-09	7.45e-06	1.28e-03	3.51e-02	9.64e-01	0.00e+00	0.00e+00	0.00e+00	0.00e+00	0.00e+00
 2.21276e+15	1.49e-17	6.31e-13	6.42e-09	8.60e-06	1.41e-03	3.71e-02	9.62e-01	0.00e+00	0.00e+00	0.00e+00	0.00e+00	0.00e+00
 2.27340e+15	1.95e-17	7.99e-13	7.86e-09	1.01e-05	1.57e-03	3.94e-02	9.59e-01	0.00e+00	0.00e+00	0.00e+00	0.00e+00	0.00e+00
 2.35224e+15	2.80e-17	1.08e-12	1.02e-08	1.24e-05	1.80e-03	4.25e-02	9.56e-01	0.00e+00	0.00e+00	1.61e-17	8.31e-18	2.73e-18
 2.43166e+15	3.89e-17	1.44e-12	1.30e-08	1.51e-05	2.06e-03	4.58e-02	9.52e-01	0.00e+00	0.00e+00	2.24e-17	1.16e-17	3.80e-18
 2.49482e+15	5.00e-17	1.80e-12	1.58e-08	1.75e-05	2.27e-03	4.85e-02	9.49e-01	0.00e+00	0.00e+00	2.89e-17	1.49e-17	4.88e-18
 2.55994e+15	6.45e-17	2.26e-12	1.91e-08	2.04e-05	2.52e-03	5.14e-02	9.46e-01	0.00e+00	0.00e+00	3.72e-17	1.92e-17	6.28e-18
 2.64459e+15	8.91e-17	3.01e-12	2.44e-08	2.48e-05	2.86e-03	5.53e-02	9.42e-01	0.00e+00	0.00e+00	5.15e-17	2.65e-17	8.66e-18
 2.73532e+15	1.24e-16	4.03e-12	3.15e-08	3.03e-05	3.27e-03	5.96e-02	9.37e-01	0.00e+00	0.00e+00	7.18e-17	3.70e-17	1.21e-17
 2.81571e+15	1.65e-16	5.19e-12	3.91e-08	3.59e-05	3.67e-03	6.36e-02	9.33e-01	0.00e+00	0.00e+00	9.54e-17	4.91e-17	1.60e-17
 2.90201e+15	2.23e-16	6.77e-12	4.91e-08	4.30e-05	4.13e-03	6.81e-02	9.28e-01	0.00e+00	0.00e+00	1.29e-16	6.63e-17	2.15e-17
 3.00982e+15	3.19e-16	9.31e-12	6.47e-08	5.34e-05	4.76e-03	7.39e-02	9.21e-01	0.00e+00	0.00e+00	1.84e-16	9.49e-17	3.08e-17
 3.12030e+15	4.54e-16	1.28e-11	8.49e-08	6.61e-05	5.48e-03	8.01e-02	9.14e-01	0.00e+00	0.00e+00	2.63e-16	1.35e-16	4.39e-17
 3.21674e+15	6.13e-16	1.67e-11	1.07e-07	7.92e-05	6.17e-03	8.57e-02	9.08e-01	0.00e+00	0.00e+00	3.55e-16	1.83e-16	5.92e-17
 3.29698e+15	7.79e-16	2.07e-11	1.29e-07	9.15e-05	6.79e-03	9.05e-02	9.03e-01	0.00e+00	0.00e+00	4.50e-16	2.32e-16	7.52e-17
 3.36735e+15	9.65e-16	2.50e-11	1.51e-07	1.04e-04	7.37e-03	9.47e-02	8.98e-01	0.00e+00	0.00e+00	5.58e-16	2.88e-16	9.31e-17
 3.44809e+15	1.22e-15	3.07e-11	1.81e-07	1.19e-04	8.07e-03	9.99e-02	8.92e-01	0.00e+00	0.00e+00	7.05e-16	3.64e-16	1.18e-16
 3.55306e+15	1.66e-15	4.03e-11	2.28e-07	1.43e-04	9.07e-03	1.07e-01	8.84e-01	0.00e+00	0.00e+00	9.58e-16	4.94e-16	1.60e-16
 3.65961e+15	2.23e-15	5.25e-11	2.86e-07	1.70e-04	1.02e-02	1.14e-01	8.76e-01	0.00e+00	0.00e+00	1.29e-15	6.66e-16	2.15e-16
 3.74486e+15	2.80e-15	6.44e-11	3.41e-07	1.95e-04	1.11e-02	1.19e-01	8.69e-01	0.00e+00	0.00e+00	1.62e-15	8.38e-16	2.70e-16
 3.83230e+15	3.55e-15	7.93e-11	4.08e-07	2.23e-04	1.21e-02	1.26e-01	8.62e-01	0.00e+00	0.00e+00	2.06e-15	1.06e-15	3.43e-16
 3.94597e+15	4.82e-15	1.04e-10	5.12e-07	2.65e-04	1.36e-02	1.34e-01	8.53e-01	0.00e+00	0.00e+00	2.79e-15	1.44e-15	4.65e-16
 4.06435e+15	6.53e-15	1.36e-10	6.44e-07	3.16e-04	1.52e-02	1.42e-01	8.42e-01	0.00e+00	0.00e+00	3.78e-15	1.96e-15	6.30e-16
 4.16380e+15	8.37e-15	1.69e-10	7.77e-07	3.64e-04	1.66e-02	1.49e-01	8.34e-01	0.00e+00	0.00e+00	4.85e-15	2.51e-15	8.07e-16
 4.26803e+15	1.09e-14	2.12e-10	9.42e-07	4.21e-04	1.82e-02	1.57e-01	8.24e-01	0.00e+00	0.00e+00	6.30e-15	3.26e-15	1.05e-15
 4.40353e+15	1.52e-14	2.84e-10	1.20e-06	5.06e-04	2.05e-02	1.68e-01	8.11e-01	0.00e+00	0.00e+00	8.80e-15	4.56e-15	1.47e-15
 4.54317e+15	2.11e-14	3.78e-10	1.54e-06	6.07e-04	2.30e-02	1.78e-01	7.98e-01	0.00e+00	0.00e+00	1.22e-14	6.33e-15	2.04e-15
 4.65922e+15	2.76e-14	4.77e-10	1.87e-06	7.03e-04	2.53e-02	1.87e-01	7.87e-01	0.00e+00	0.00e+00	1.60e-14	8.27e-15	2.66e-15
 4.78111e+15	3.65e-14	6.08e-10	2.29e-06	8.17e-04	2.78e-02	1.97e-01	7.75e-01	0.00e+00	0.00e+00	2.12e-14	1.10e-14	3.52e-15
 4.93958e+15	5.21e-14	8.26e-10	2.97e-06	9.88e-04	3.13e-02	2.09e-01	7.58e-01	0.00e+00	0.00e+00	3.02e-14	1.57e-14	5.03e-15
 5.10594e+15	7.44e-14	1.12e-09	3.85e-06	1.20e-03	3.53e-02	2.23e-01	7.41e-01	0.00e+00	0.00e+00	4.31e-14	2.24e-14	7.19e-15
 5.24939e+15	1.00e-13	1.45e-09	4.78e-06	1.40e-03	3.90e-02	2.34e-01	7.26e-01	0.00e+00	0.00e+00	5.81e-14	3.01e-14	9.69e-15
 5.40268e+15	1.38e-13	1.91e-09	6.00e-06	1.65e-03	4.32e-02	2.46e-01	7.09e-01	0.00e+00	0.00e+00	8.00e-14	4.15e-14	1.33e-14
 5.59912e+15	2.07e-13	2.69e-09	7.95e-06	2.03e-03	4.90e-02	2.61e-01	6.88e-01	0.00e+00	0.00e+00	1.20e-13	6.21e-14	2.00e-14
 5.80010e+15	3.06e-13	3.76e-09	1.05e-05	2.47e-03	5.54e-02	2.77e-01	6.65e-01	0.00e+00	0.00e+00	1.78e-13	9.22e-14	2.96e-14
 5.94791e+15	4.03e-13	4.76e-09	1.27e-05	2.84e-03	6.03e-02	2.88e-01	6.49e-01	0.00e+00	0.00e+00	2.34e-13	1.21e-13	3.90e-14
 6.05790e+15	4.97e-13	5.67e-09	1.47e-05	3.15e-03	6.42e-02	2.96e-01	6.37e-01	0.00e+00	0.00e+00	2.88e-13	1.50e-13	4.81e-14
 6.18064e+15	6.27e-13	6.89e-09	1.72e-05	3.52e-03	6.88e-02	3.05e-01	6.23e-01	0.00e+00	0.00e+00	3.63e-13	1.89e-13	6.07e-14
 6.34021e+15	8.43e-13	8.82e-09	2.11e-05	4.06e-03	7.49e-02	3.16e-01	6.05e-01	0.00e+00	0.00e+00	4.89e-13	2.54e-13	8.17e-14
 6.51449e+15	1.15e-12	1.14e-08	2.60e-05	4.71e-03	8.19e-02	3.28e-01	5.85e-01	0.00e+00	0.00e+00	6.66e-13	3.46e-13	1.11e-13
 6.67087e+15	1.50e-12	1.43e-08	3.12e-05	5.36e-03	8.84e-02	3.38e-01	5.68e-01	0.00e+00	0.00e+00	8.69e-13	4.52e-13	1.45e-13
 6.83713e+15	2.00e-12	1.81e-08	3.79e-05	6.13e-03	9.58e-02	3.49e-01	5.49e-01	0.00e+00	0.00e+00	1.16e-12	6.03e-13	1.94e-13
 7.05327e+15	2.88e-12	2.46e-08	4.83e-05	7.26e-03	1.06e-01	3.62e-01	5.25e-01	0.00e+00	0.00e+00	1.67e-12	8.69e-13	2.80e-13
 7.26888e+15	4.03e-12	3.26e-08	6.08e-05	8.51e-03	1.16e-01	3.74e-01	5.01e-01	0.00e+00	0.00e+00	2.34e-12	1.22e-12	3.91e-13
 7.43591e+15	5.19e-12	4.03e-08	7.23e-05	9.58e-03	1.24e-01	3.83e-01	4.83e-01	0.00e+00	0.00e+00	3.01e-12	1.57e-12	5.04e-13
 7.60512e+15	6.75e-12	5.00e-08	8.60e-05	1.08e-02	1.33e-01	3.91e-01	4.65e-01	0.00e+00	0.00e+00	3.92e-12	2.04e-12	6.56e-13
 7.82510e+15	9.41e-12	6.57e-08	1.07e-04	1.25e-02	1.45e-01	4.01e-01	4.42e-01	0.00e+00	0.00e+00	5.46e-12	2.84e-12	9.14e-13
 8.05796e+15	1.31e-11	8.65e-08	1.34e-04	1.45e-02	1.57e-01	4.10e-01	4.18e-01	0.00e+00	0.00e+00	7.60e-12	3.95e-12	1.27e-12
 8.25957e+15	1.72e-11	1.09e-07	1.61e-04	1.64e-02	1.69e-01	4.17e-01	3.98e-01	0.00e+00	0.00e+00	9.99e-12	5.20e-12	1.67e-12
 8.47368e+15	2.31e-11	1.39e-07	1.95e-04	1.87e-02	1.81e-01	4.23e-01	3.77e-01	0.00e+00	0.00e+00	1.34e-11	6.99e-12	2.25e-12
 8.75202e+15	3.37e-11	1.89e-07	2.49e-04	2.20e-02	1.97e-01	4.30e-01	3.50e-01	0.00e+00	0.00e+00	1.96e-11	1.02e-11	3.28e-12
 9.03095e+15	4.71e-11	2.50e-07	3.13e-04	2.56e-02	2.14e-01	4.35e-01	3.26e-01	0.00e+00	0.00e+00	2.74e-11	1.43e-11	4.58e-12
 9.25601e+15	6.17e-11	3.13e-07	3.76e-04	2.88e-02	2.27e-01	4.38e-01	3.06e-01	0.00e+00	0.00e+00	3.59e-11	1.87e-11	6.01e-12
 9.49394e+15	8.27e-11	3.98e-07	4.54e-04	3.25e-02	2.42e-01	4.39e-01	2.86e-01	0.00e+00	0.00e+00	4.81e-11	2.50e-11	8.05e-12
 9.80326e+15	1.19e-10	5.36e-07	5.76e-04	3.78e-02	2.60e-01	4.40e-01	2.62e-01	0.00e+00	0.00e+00	6.91e-11	3.60e-11	1.16e-11
 1.00815e+16	1.57e-10	6.81e-07	7.02e-04	4.28e-02	2.77e-01	4.38e-01	2.42e-01	0.00e+00	0.00e+00	9.15e-11	4.77e-11	1.53e-11
 1.02686e+16	1.92e-10	8.03e-07	8.02e-04	4.65e-02	2.88e-01	4.36e-01	2.29e-01	0.00e+00	0.00e+00	1.12e-10	5.81e-11	1.87e-11
 1.04612e+16	2.37e-10	9.55e-07	9.19e-04	5.06e-02	2.99e-01	4.34e-01	2.15e-01	0.00e+00	0.00e+00	1.38e-10	7.19e-11	2.31e-11
 1.07115e+16	3.11e-10	1.19e-06	1.09e-03	5.64e-02	3.14e-01	4.30e-01	1.99e-01	0.00e+00	0.00e+00	1.81e-10	9.42e-11	3.03e-11
 1.09678e+16	3.97e-10	1.46e-06	1.30e-03	6.25e-02	3.28e-01	4.24e-01	1.84e-01	0.00e+00	0.00e+00	2.31e-10	1.20e-10	3.87e-11
 1.11973e+16	4.97e-10	1.76e-06	1.50e-03	6.83e-02	3.41e-01	4.18e-01	1.71e-01	0.00e+00	0.00e+00	2.89e-10	1.51e-10	4.85e-11
 1.14611e+16	6.46e-10	2.19e-06	1.78e-03	7.56e-02	3.56e-01	4.11e-01	1.56e-01	0.00e+00	0.00e+00	3.75e-10	1.96e-10	6.30e-11
 1.17364e+16	8.32e-10	2.70e-06	2.12e-03	8.36e-02	3.70e-01	4.02e-01	1.42e-01	0.00e+00	0.00e+00	4.84e-10	2.52e-10	8.11e-11
 1.19870e+16	1.04e-09	3.26e-06	2.46e-03	9.12e-02	3.82e-01	3.93e-01	1.31e-01	0.00e+00	0.00e+00	6.05e-10	3.16e-10	1.01e-10
 1.22734e+16	1.38e-09	4.09e-06	2.94e-03	1.01e-01	3.96e-01	3.82e-01	1.18e-01	0.00e+00	0.00e+00	8.01e-10	4.18e-10	1.34e-10
 1.25695e+16	1.77e-09	5.04e-06	3.49e-03	1.11e-01	4.09e-01	3.70e-01	1.06e-01	0.00e+00	0.00e+00	1.03e-09	5.36e-10	1.72e-10
 1.28296e+16	2.19e-09	6.04e-06	4.04e-03	1.21e-01	4.20e-01	3.59e-01	9.66e-02	0.00e+00	0.00e+00	1.27e-09	6.64e-10	2.14e-10
 1.31191e+16	2.88e-09	7.53e-06	4.80e-03	1.32e-01	4.31e-01	3.46e-01	8.63e-02	0.00e+00	0.00e+00	1.67e-09	8.73e-10	2.81e-10
 1.34284e+16	3.67e-09	9.26e-06	5.68e-03	1.45e-01	4.42e-01	3.31e-01	7.69e-02	0.00e+00	0.00e+00	2.13e-09	1.11e-09	3.58e-10
 1.37052e+16	4.61e-09	1.12e-05	6.62e-03	1.57e-01	4.50e-01	3.18e-01	6.90e-02	0.00e+00	0.00e+00	2.68e-09	1.40e-09	4.50e-10
 1.40070e+16	6.01e-09	1.39e-05	7.85e-03	1.71e-01	4.58e-01	3.03e-01	6.09e-02	0.00e+00	0.00e+00	3.50e-09	1.83e-09	5.88e-10
 1.43297e+16	7.92e-09	1.74e-05	9.38e-03	1.87e-01	4.65e-01	2.86e-01	5.32e-02	0.00e+00	0.00e+00	4.61e-09	2.41e-09	7.74e-10
 1.46113e+16	9.90e-09	2.11e-05	1.09e-02	2.01e-01	4.69e-01	2.72e-01	4.73e-02	0.00e+00	0.00e+00	5.76e-09	3.01e-09	9.69e-10
 1.48695e+16	1.23e-08	2.52e-05	1.26e-02	2.15e-01	4.72e-01	2.58e-01	4.22e-02	0.00e+00	0.00e+00	7.16e-09	3.74e-09	1.20e-09
 1.51200e+16	1.50e-08	2.98e-05	1.44e-02	2.28e-01	4.74e-01	2.45e-01	3.78e-02	0.00e+00	0.00e+00	8.72e-09	4.56e-09	1.47e-09
 1.53630e+16	1.84e-08	3.53e-05	1.65e-02	2.42e-01	4.75e-01	2.33e-01	3.38e-02	0.00e+00	0.00e+00	1.07e-08	5.60e-09	1.81e-09
 1.56048e+16	2.27e-08	4.19e-05	1.88e-02	2.57e-01	4.74e-01	2.20e-01	3.01e-02	0.00e+00	0.00e+00	1.32e-08	6.91e-09	2.23e-09
 1.58443e+16	2.80e-08	4.98e-05	2.15e-02	2.72e-01	4.73e-01	2.07e-01	2.67e-02	0.00e+00	0.00e+00	1.63e-08	8.53e-09	2.75e-09
 1.60799e+16	3.52e-08	5.97e-05	2.47e-02	2.87e-01	4.70e-01	1.95e-01	2.36e-02	0.00e+00	0.00e+00	2.05e-08	1.07e-08	3.45e-09
