#depth	C	C+	C+2	C+3	C+4	C+5	C+6	C[1]	C[2]	C[3]	C+[1]	C+[2]	CO
 1.49634e+10	0.00e+00	0.00e+00	3.30e-30	1.18e-20	2.82e-10	2.69e-04	1.00e+00	0.00e+00	0.00e+00	0.00e+00	0.00e+00	0.00e+00	0.00e+00
 4.54887e+10	0.00e+00	4.76e-40	4.54e-30	1.50e-20	3.30e-10	2.91e-04	1.00e+00	0.00e+00	0.00e+00	0.00e+00	0.00e+00	0.00e+00	0.00e+00
 7.72350e+10	0.00e+00	0.00e+00	6.23e-30	1.91e-20	3.87e-10	3.15e-04	1.00e+00	0.00e+00	0.00e+00	0.00e+00	0.00e+00	0.00e+00	0.00e+00
 1.10251e+11	0.00e+00	1.05e-39	8.55e-30	2.42e-20	4.55e-10	3.41e-04	1.00e+00	0.00e+00	0.00e+00	0.00e+00	0.00e+00	0.00e+00	0.00e+00
 1.42798e+11	0.00e+00	0.00e+00	1.16e-29	3.04e-20	5.29e-10	3.67e-04	1.00e+00	0.00e+00	0.00e+00	0.00e+00	0.00e+00	0.00e+00	0.00e+00
 1.76647e+11	0.00e+00	2.23e-39	1.56e-29	3.81e-20	6.16e-10	3.96e-04	1.00e+00	0.00e+00	0.00e+00	0.00e+00	0.00e+00	0.00e+00	0.00e+00
 2.09108e+11	0.00e+00	0.00e+00	2.07e-29	4.70e-20	7.10e-10	4.24e-04	1.00e+00	0.00e+00	0.00e+00	0.00e+00	0.00e+00	0.00e+00	5.28e-221
 2.36065e+11	0.00e+00	4.19e-39	2.59e-29	5.57e-20	7.95e-10	4.49e-04	1.00e+00	0.00e+00	0.00e+00	0.00e+00	0.00e+00	0.00e+00	0.00e+00
 2.65111e+11	0.00e+00	0.00e+00	3.28e-29	6.66e-20	8.96e-10	4.76e-04	1.00e+00	0.00e+00	0.00e+00	0.00e+00	0.00e+00	0.00e+00	2.39e-290
 3.02123e+11	0.00e+00	8.09e-39	4.39e-29	8.29e-20	1.04e-09	5.11e-04	9.99e-01	0.00e+00	0.00e+00	0.00e+00	0.00e+00	0.00e+00	1.21e-225
 3.41183e+11	0.00e+00	0.00e+00	5.91e-29	1.04e-19	1.21e-09	5.50e-04	9.99e-01	0.00e+00	0.00e+00	0.00e+00	0.00e+00	0.00e+00	1.15e-295
 3.76306e+11	0.00e+00	1.62e-38	7.66e-29	1.26e-19	1.38e-09	5.86e-04	9.99e-01	0.00e+00	0.00e+00	0.00e+00	0.00e+00	0.00e+00	2.97e-164
 4.14617e+11	0.00e+00	0.00e+00	1.01e-28	1.55e-19	1.58e-09	6.27e-04	9.99e-01	0.00e+00	0.00e+00	0.00e+00	0.00e+00	0.00e+00	1.06e-223
 4.59960e+11	0.00e+00	3.35e-38	1.37e-28	1.96e-19	1.85e-09	6.77e-04	9.99e-01	0.00e+00	0.00e+00	0.00e+00	0.00e+00	0.00e+00	0.00e+00
 5.05365e+11	0.00e+00	0.00e+00	1.86e-28	2.46e-19	2.16e-09	7.30e-04	9.99e-01	0.00e+00	0.00e+00	0.00e+00	0.00e+00	0.00e+00	0.00e+00
 5.48052e+11	0.00e+00	6.87e-38	2.44e-28	3.02e-19	2.48e-09	7.80e-04	9.99e-01	0.00e+00	0.00e+00	0.00e+00	0.00e+00	0.00e+00	0.00e+00
 5.88944e+11	0.00e+00	0.00e+00	3.15e-28	3.66e-19	2.82e-09	8.31e-04	9.99e-01	0.00e+00	0.00e+00	0.00e+00	0.00e+00	0.00e+00	0.00e+00
 6.34766e+11	0.00e+00	1.33e-37	4.16e-28	4.51e-19	3.25e-09	8.89e-04	9.99e-01	0.00e+00	0.00e+00	0.00e+00	0.00e+00	0.00e+00	0.00e+00
 6.85326e+11	0.00e+00	0.00e+00	5.58e-28	5.63e-19	3.77e-09	9.56e-04	9.99e-01	0.00e+00	0.00e+00	0.00e+00	0.00e+00	0.00e+00	0.00e+00
 7.32008e+11	0.00e+00	2.67e-37	7.27e-28	6.87e-19	4.31e-09	1.02e-03	9.99e-01	0.00e+00	0.00e+00	0.00e+00	0.00e+00	0.00e+00	1.12e-219
 7.82660e+11	0.00e+00	0.00e+00	9.59e-28	8.46e-19	4.97e-09	1.09e-03	9.99e-01	0.00e+00	0.00e+00	0.00e+00	0.00e+00	0.00e+00	0.00e+00
 8.39102e+11	0.00e+00	5.47e-37	1.29e-27	1.06e-18	5.78e-09	1.17e-03	9.99e-01	0.00e+00	0.00e+00	0.00e+00	0.00e+00	0.00e+00	0.00e+00
 8.92031e+11	0.00e+00	0.00e+00	1.70e-27	1.30e-18	6.64e-09	1.25e-03	9.99e-01	0.00e+00	0.00e+00	0.00e+00	0.00e+00	0.00e+00	0.00e+00
 9.49799e+11	0.00e+00	1.10e-36	2.26e-27	1.62e-18	7.69e-09	1.35e-03	9.99e-01	0.00e+00	0.00e+00	0.00e+00	0.00e+00	0.00e+00	8.09e-218
 1.01396e+12	0.00e+00	0.00e+00	3.07e-27	2.04e-18	9.00e-09	1.45e-03	9.99e-01	0.00e+00	0.00e+00	0.00e+00	0.00e+00	0.00e+00	5.51e-238
 1.07395e+12	0.00e+00	2.27e-36	4.06e-27	2.52e-18	1.04e-08	1.55e-03	9.98e-01	0.00e+00	0.00e+00	0.00e+00	0.00e+00	0.00e+00	0.00e+00
 1.13944e+12	3.05e-46	3.28e-36	5.45e-27	3.14e-18	1.21e-08	1.67e-03	9.98e-01	0.00e+00	0.00e+00	0.00e+00	0.00e+00	0.00e+00	3.24e-137
 1.21256e+12	0.00e+00	0.00e+00	7.49e-27	3.99e-18	1.42e-08	1.80e-03	9.98e-01	0.00e+00	0.00e+00	0.00e+00	0.00e+00	0.00e+00	0.00e+00
 1.28162e+12	0.00e+00	6.98e-36	1.00e-26	4.97e-18	1.65e-08	1.93e-03	9.98e-01	0.00e+00	0.00e+00	0.00e+00	0.00e+00	0.00e+00	2.18e-155
 1.35582e+12	1.18e-45	1.01e-35	1.35e-26	6.24e-18	1.92e-08	2.08e-03	9.98e-01	0.00e+00	0.00e+00	0.00e+00	0.00e+00	0.00e+00	7.79e-215
 1.43998e+12	0.00e+00	0.00e+00	1.88e-26	8.01e-18	2.28e-08	2.25e-03	9.98e-01	0.00e+00	0.00e+00	0.00e+00	0.00e+00	0.00e+00	0.00e+00
 1.52258e+12	0.00e+00	2.26e-35	2.57e-26	1.02e-17	2.67e-08	2.43e-03	9.98e-01	0.00e+00	0.00e+00	0.00e+00	0.00e+00	0.00e+00	5.23e-201
 1.59808e+12	4.63e-45	3.18e-35	3.39e-26	1.25e-17	3.08e-08	2.59e-03	9.97e-01	0.00e+00	0.00e+00	0.00e+00	0.00e+00	0.00e+00	2.64e-134
 1.68045e+12	0.00e+00	0.00e+00	4.54e-26	1.56e-17	3.58e-08	2.78e-03	9.97e-01	0.00e+00	0.00e+00	0.00e+00	0.00e+00	0.00e+00	0.00e+00
 1.77651e+12	0.00e+00	6.91e-35	6.32e-26	2.00e-17	4.24e-08	3.01e-03	9.97e-01	0.00e+00	0.00e+00	0.00e+00	0.00e+00	0.00e+00	4.26e-152
 1.87047e+12	1.86e-44	1.02e-34	8.64e-26	2.54e-17	4.98e-08	3.25e-03	9.97e-01	0.00e+00	0.00e+00	0.00e+00	0.00e+00	0.00e+00	4.63e-199
 1.95833e+12	0.00e+00	1.45e-34	1.15e-25	3.14e-17	5.76e-08	3.48e-03	9.97e-01	0.00e+00	0.00e+00	0.00e+00	0.00e+00	0.00e+00	4.81e-151
 2.03842e+12	4.11e-44	1.98e-34	1.47e-25	3.80e-17	6.55e-08	3.69e-03	9.96e-01	0.00e+00	0.00e+00	0.00e+00	0.00e+00	0.00e+00	7.94e-198
 2.11124e+12	0.00e+00	2.60e-34	1.84e-25	4.50e-17	7.35e-08	3.89e-03	9.96e-01	0.00e+00	0.00e+00	0.00e+00	0.00e+00	0.00e+00	3.29e-150
 2.19436e+12	8.27e-44	3.55e-34	2.36e-25	5.42e-17	8.35e-08	4.13e-03	9.96e-01	0.00e+00	0.00e+00	0.00e+00	0.00e+00	0.00e+00	2.38e-197
 2.30113e+12	0.00e+00	5.22e-34	3.22e-25	6.86e-17	9.79e-08	4.45e-03	9.96e-01	0.00e+00	0.00e+00	0.00e+00	0.00e+00	0.00e+00	3.17e-149
 2.41044e+12	2.07e-43	7.65e-34	4.37e-25	8.66e-17	1.15e-07	4.79e-03	9.95e-01	0.00e+00	0.00e+00	0.00e+00	0.00e+00	0.00e+00	4.66e-196
 2.50258e+12	0.00e+00	1.04e-33	5.62e-25	1.05e-16	1.31e-07	5.08e-03	9.95e-01	0.00e+00	0.00e+00	0.00e+00	0.00e+00	0.00e+00	3.02e-148
 2.60057e+12	4.44e-43	1.45e-33	7.31e-25	1.28e-16	1.49e-07	5.41e-03	9.95e-01	0.00e+00	0.00e+00	0.00e+00	0.00e+00	0.00e+00	0.00e+00
 2.72405e+12	0.00e+00	2.16e-33	1.01e-24	1.62e-16	1.76e-07	5.84e-03	9.94e-01	0.00e+00	0.00e+00	0.00e+00	0.00e+00	0.00e+00	3.15e-147
 2.85254e+12	1.16e-42	3.23e-33	1.39e-24	2.08e-16	2.08e-07	6.31e-03	9.94e-01	0.00e+00	0.00e+00	0.00e+00	0.00e+00	0.00e+00	1.89e-208
 2.96762e+12	0.00e+00	4.59e-33	1.85e-24	2.57e-16	2.40e-07	6.75e-03	9.93e-01	0.00e+00	0.00e+00	0.00e+00	0.00e+00	0.00e+00	3.58e-146
 3.09335e+12	2.76e-42	6.67e-33	2.50e-24	3.22e-16	2.80e-07	7.25e-03	9.93e-01	0.00e+00	0.00e+00	0.00e+00	0.00e+00	0.00e+00	0.00e+00
 3.24267e+12	0.00e+00	1.03e-32	3.53e-24	4.19e-16	3.35e-07	7.88e-03	9.92e-01	0.00e+00	0.00e+00	0.00e+00	0.00e+00	0.00e+00	4.74e-145
 3.38150e+12	7.41e-42	1.52e-32	4.85e-24	5.31e-16	3.93e-07	8.49e-03	9.92e-01	0.00e+00	0.00e+00	0.00e+00	0.00e+00	0.00e+00	0.00e+00
 3.49492e+12	0.00e+00	2.08e-32	6.23e-24	6.41e-16	4.47e-07	9.01e-03	9.91e-01	0.00e+00	0.00e+00	0.00e+00	0.00e+00	0.00e+00	4.45e-144
 3.61645e+12	1.60e-41	2.89e-32	8.12e-24	7.83e-16	5.11e-07	9.59e-03	9.90e-01	0.00e+00	0.00e+00	0.00e+00	0.00e+00	0.00e+00	0.00e+00
 3.77380e+12	0.00e+00	4.39e-32	1.13e-23	1.01e-15	6.06e-07	1.04e-02	9.90e-01	0.00e+00	0.00e+00	0.00e+00	0.00e+00	0.00e+00	4.74e-143
 3.93705e+12	4.37e-41	6.71e-32	1.59e-23	1.30e-15	7.21e-07	1.13e-02	9.89e-01	0.00e+00	0.00e+00	0.00e+00	0.00e+00	0.00e+00	5.05e-217
 4.07428e+12	0.00e+00	9.50e-32	2.11e-23	1.60e-15	8.30e-07	1.20e-02	9.88e-01	0.00e+00	0.00e+00	0.00e+00	0.00e+00	0.00e+00	5.34e-142
 4.21837e+12	1.02e-40	1.36e-31	2.81e-23	1.99e-15	9.60e-07	1.29e-02	9.87e-01	0.00e+00	0.00e+00	0.00e+00	0.00e+00	0.00e+00	0.00e+00
 4.40078e+12	0.00e+00	2.12e-31	4.02e-23	2.60e-15	1.15e-06	1.40e-02	9.86e-01	0.00e+00	0.00e+00	0.00e+00	0.00e+00	0.00e+00	6.57e-141
 4.58578e+12	2.95e-40	3.31e-31	5.74e-23	3.40e-15	1.38e-06	1.52e-02	9.85e-01	0.00e+00	0.00e+00	0.00e+00	0.00e+00	0.00e+00	0.00e+00
 4.74193e+12	0.00e+00	4.77e-31	7.70e-23	4.23e-15	1.59e-06	1.63e-02	9.84e-01	0.00e+00	0.00e+00	0.00e+00	0.00e+00	0.00e+00	7.99e-140
 4.90777e+12	7.23e-40	6.98e-31	1.05e-22	5.32e-15	1.86e-06	1.75e-02	9.82e-01	0.00e+00	0.00e+00	0.00e+00	0.00e+00	0.00e+00	2.60e-241
 5.11650e+12	0.00e+00	1.12e-30	1.52e-22	7.06e-15	2.24e-06	1.92e-02	9.81e-01	0.00e+00	0.00e+00	0.00e+00	0.00e+00	0.00e+00	1.09e-138
 5.32157e+12	2.18e-39	1.75e-30	2.19e-22	9.26e-15	2.69e-06	2.09e-02	9.79e-01	0.00e+00	0.00e+00	0.00e+00	0.00e+00	0.00e+00	0.00e+00
 5.48683e+12	0.00e+00	2.50e-30	2.92e-22	1.15e-14	3.10e-06	2.23e-02	9.78e-01	0.00e+00	0.00e+00	0.00e+00	0.00e+00	0.00e+00	1.27e-137
 5.65978e+12	5.14e-39	3.59e-30	3.91e-22	1.43e-14	3.59e-06	2.39e-02	9.76e-01	0.00e+00	0.00e+00	0.00e+00	0.00e+00	0.00e+00	0.00e+00
 5.88461e+12	0.00e+00	5.70e-30	5.66e-22	1.88e-14	4.32e-06	2.61e-02	9.74e-01	0.00e+00	0.00e+00	0.00e+00	0.00e+00	0.00e+00	1.54e-136
 6.12020e+12	1.56e-38	9.10e-30	8.26e-22	2.50e-14	5.21e-06	2.85e-02	9.71e-01	0.00e+00	0.00e+00	0.00e+00	0.00e+00	0.00e+00	0.00e+00
 6.32159e+12	0.00e+00	1.34e-29	1.13e-21	3.15e-14	6.09e-06	3.07e-02	9.69e-01	0.00e+00	0.00e+00	0.00e+00	0.00e+00	0.00e+00	2.01e-135
 6.52192e+12	3.87e-38	1.95e-29	1.52e-21	3.95e-14	7.07e-06	3.29e-02	9.67e-01	0.00e+00	0.00e+00	0.00e+00	0.00e+00	0.00e+00	0.00e+00
 6.75743e+12	0.00e+00	2.98e-29	2.15e-21	5.11e-14	8.39e-06	3.57e-02	9.64e-01	0.00e+00	0.00e+00	0.00e+00	0.00e+00	0.00e+00	2.22e-134
 7.01898e+12	1.10e-37	4.68e-29	3.10e-21	6.73e-14	1.01e-05	3.89e-02	9.61e-01	0.00e+00	0.00e+00	0.00e+00	0.00e+00	0.00e+00	3.54e-265
 7.25104e+12	0.00e+00	6.90e-29	4.25e-21	8.52e-14	1.18e-05	4.18e-02	9.58e-01	0.00e+00	0.00e+00	0.00e+00	0.00e+00	0.00e+00	2.76e-133
 7.43799e+12	2.51e-37	9.33e-29	5.42e-21	1.02e-13	1.33e-05	4.43e-02	9.56e-01	0.00e+00	0.00e+00	0.00e+00	0.00e+00	0.00e+00	8.70e-100
 7.64129e+12	0.00e+00	1.28e-28	7.01e-21	1.24e-13	1.51e-05	4.71e-02	9.53e-01	0.00e+00	0.00e+00	0.00e+00	0.00e+00	0.00e+00	0.00e+00
 7.90559e+12	5.89e-37	1.91e-28	9.69e-21	1.58e-13	1.77e-05	5.08e-02	9.49e-01	0.00e+00	0.00e+00	0.00e+00	0.00e+00	0.00e+00	5.03e-115
 8.18998e+12	0.00e+00	2.88e-28	1.35e-20	2.04e-13	2.09e-05	5.49e-02	9.45e-01	0.00e+00	0.00e+00	0.00e+00	0.00e+00	0.00e+00	7.88e-100
 8.43701e+12	1.45e-36	4.06e-28	1.79e-20	2.51e-13	2.40e-05	5.86e-02	9.41e-01	0.00e+00	0.00e+00	0.00e+00	0.00e+00	0.00e+00	0.00e+00
 8.69467e+12	0.00e+00	5.73e-28	2.37e-20	3.10e-13	2.76e-05	6.25e-02	9.37e-01	0.00e+00	0.00e+00	0.00e+00	0.00e+00	0.00e+00	1.62e-130
 9.02963e+12	3.64e-36	8.82e-28	3.36e-20	4.03e-13	3.29e-05	6.78e-02	9.32e-01	0.00e+00	0.00e+00	0.00e+00	0.00e+00	0.00e+00	1.91e-97
 9.36834e+12	0.00e+00	1.34e-27	4.71e-20	5.20e-13	3.89e-05	7.33e-02	9.27e-01	0.00e+00	0.00e+00	0.00e+00	0.00e+00	0.00e+00	0.00e+00
 9.64023e+12	8.75e-36	1.84e-27	6.11e-20	6.33e-13	4.42e-05	7.79e-02	9.22e-01	0.00e+00	0.00e+00	0.00e+00	0.00e+00	0.00e+00	2.77e-112
 9.92199e+12	0.00e+00	2.54e-27	7.92e-20	7.69e-13	5.03e-05	8.27e-02	9.17e-01	0.00e+00	0.00e+00	0.00e+00	0.00e+00	0.00e+00	1.46e-97
 1.02883e+13	2.06e-35	3.78e-27	1.10e-19	9.83e-13	5.90e-05	8.91e-02	9.11e-01	0.00e+00	0.00e+00	0.00e+00	0.00e+00	0.00e+00	2.09e-111
 1.06735e+13	0.00e+00	5.66e-27	1.52e-19	1.26e-12	6.94e-05	9.60e-02	9.04e-01	0.00e+00	0.00e+00	0.00e+00	0.00e+00	0.00e+00	1.02e-96
 1.10043e+13	4.94e-35	7.89e-27	1.99e-19	1.54e-12	7.92e-05	1.02e-01	8.98e-01	0.00e+00	0.00e+00	0.00e+00	0.00e+00	0.00e+00	1.67e-110
 1.13555e+13	7.40e-35	1.11e-26	2.62e-19	1.89e-12	9.07e-05	1.09e-01	8.91e-01	0.00e+00	0.00e+00	0.00e+00	0.00e+00	0.00e+00	8.74e-95
 1.18000e+13	1.21e-34	1.67e-26	3.67e-19	2.44e-12	1.07e-04	1.17e-01	8.83e-01	0.00e+00	0.00e+00	0.00e+00	0.00e+00	0.00e+00	1.41e-109
 1.22552e+13	1.96e-34	2.51e-26	5.09e-19	3.12e-12	1.26e-04	1.26e-01	8.74e-01	0.00e+00	0.00e+00	0.00e+00	0.00e+00	0.00e+00	6.42e-94
 1.26479e+13	2.91e-34	3.50e-26	6.68e-19	3.82e-12	1.43e-04	1.34e-01	8.66e-01	0.00e+00	0.00e+00	0.00e+00	0.00e+00	0.00e+00	1.16e-108
 1.30700e+13	4.40e-34	4.95e-26	8.84e-19	4.71e-12	1.64e-04	1.42e-01	8.57e-01	0.00e+00	0.00e+00	0.00e+00	0.00e+00	0.00e+00	3.41e-93
 1.35898e+13	7.16e-34	7.45e-26	1.23e-18	6.04e-12	1.93e-04	1.53e-01	8.47e-01	0.00e+00	0.00e+00	0.00e+00	0.00e+00	0.00e+00	1.01e-107
 1.41139e+13	1.15e-33	1.11e-25	1.70e-18	7.68e-12	2.26e-04	1.64e-01	8.35e-01	0.00e+00	0.00e+00	0.00e+00	0.00e+00	0.00e+00	2.47e-92
 1.45777e+13	1.71e-33	1.54e-25	2.22e-18	9.40e-12	2.57e-04	1.74e-01	8.26e-01	0.00e+00	0.00e+00	0.00e+00	0.00e+00	0.00e+00	8.32e-107
 1.49979e+13	2.43e-33	2.08e-25	2.83e-18	1.13e-11	2.89e-04	1.83e-01	8.16e-01	0.00e+00	0.00e+00	0.00e+00	0.00e+00	0.00e+00	1.18e-91
 1.54565e+13	3.51e-33	2.83e-25	3.63e-18	1.35e-11	3.25e-04	1.93e-01	8.06e-01	0.00e+00	0.00e+00	0.00e+00	0.00e+00	0.00e+00	4.80e-106
 1.59416e+13	5.15e-33	3.90e-25	4.70e-18	1.65e-11	3.68e-04	2.04e-01	7.96e-01	0.00e+00	0.00e+00	0.00e+00	0.00e+00	0.00e+00	5.59e-91
 1.63580e+13	7.06e-33	5.08e-25	5.83e-18	1.93e-11	4.08e-04	2.13e-01	7.86e-01	0.00e+00	0.00e+00	0.00e+00	0.00e+00	0.00e+00	2.62e-105
 1.67963e+13	9.75e-33	6.65e-25	7.25e-18	2.27e-11	4.53e-04	2.23e-01	7.76e-01	0.00e+00	0.00e+00	0.00e+00	0.00e+00	0.00e+00	2.11e-90
 1.73660e+13	1.46e-32	9.30e-25	9.50e-18	2.78e-11	5.15e-04	2.36e-01	7.64e-01	0.00e+00	0.00e+00	0.00e+00	0.00e+00	0.00e+00	1.55e-104
 1.79555e+13	2.20e-32	1.31e-24	1.26e-17	3.42e-11	5.88e-04	2.49e-01	7.50e-01	0.00e+00	0.00e+00	0.00e+00	0.00e+00	0.00e+00	1.15e-89
 1.84434e+13	3.04e-32	1.72e-24	1.57e-17	4.03e-11	6.52e-04	2.61e-01	7.39e-01	0.00e+00	0.00e+00	0.00e+00	0.00e+00	0.00e+00	9.34e-104
 1.89507e+13	4.21e-32	2.26e-24	1.95e-17	4.74e-11	7.23e-04	2.72e-01	7.27e-01	0.00e+00	0.00e+00	0.00e+00	0.00e+00	0.00e+00	4.49e-89
 1.96102e+13	6.36e-32	3.20e-24	2.58e-17	5.83e-11	8.24e-04	2.87e-01	7.12e-01	0.00e+00	0.00e+00	0.00e+00	0.00e+00	0.00e+00	5.76e-103
 2.03046e+13	9.68e-32	4.54e-24	3.43e-17	7.20e-11	9.40e-04	3.03e-01	6.96e-01	0.00e+00	0.00e+00	0.00e+00	0.00e+00	0.00e+00	2.56e-88
 2.09041e+13	1.37e-31	6.08e-24	4.34e-17	8.57e-11	1.05e-03	3.17e-01	6.82e-01	0.00e+00	0.00e+00	0.00e+00	0.00e+00	0.00e+00	3.82e-102
 2.15433e+13	1.96e-31	8.20e-24	5.52e-17	1.02e-10	1.17e-03	3.31e-01	6.68e-01	0.00e+00	0.00e+00	0.00e+00	0.00e+00	0.00e+00	1.13e-87
 2.23577e+13	3.06e-31	1.19e-23	7.45e-17	1.28e-10	1.35e-03	3.49e-01	6.49e-01	0.00e+00	0.00e+00	0.00e+00	0.00e+00	0.00e+00	2.78e-101
 2.32004e+13	4.75e-31	1.72e-23	1.00e-16	1.60e-10	1.54e-03	3.68e-01	6.30e-01	0.00e+00	0.00e+00	0.00e+00	0.00e+00	0.00e+00	7.19e-87
 2.39374e+13	6.86e-31	2.34e-23	1.29e-16	1.91e-10	1.72e-03	3.84e-01	6.14e-01	0.00e+00	0.00e+00	0.00e+00	0.00e+00	0.00e+00	2.07e-100
 2.47364e+13	1.01e-30	3.24e-23	1.68e-16	2.32e-10	1.94e-03	4.02e-01	5.96e-01	0.00e+00	0.00e+00	0.00e+00	0.00e+00	0.00e+00	3.53e-86
 2.57067e+13	1.59e-30	4.74e-23	2.28e-16	2.91e-10	2.23e-03	4.23e-01	5.75e-01	0.00e+00	0.00e+00	0.00e+00	0.00e+00	0.00e+00	1.69e-99
 2.66590e+13	2.44e-30	6.77e-23	3.04e-16	3.60e-10	2.54e-03	4.42e-01	5.55e-01	0.00e+00	0.00e+00	0.00e+00	0.00e+00	0.00e+00	2.23e-85
 2.74800e+13	3.48e-30	9.10e-23	3.86e-16	4.29e-10	2.82e-03	4.59e-01	5.38e-01	0.00e+00	0.00e+00	0.00e+00	0.00e+00	0.00e+00	1.19e-98
 2.83710e+13	5.04e-30	1.24e-22	4.95e-16	5.15e-10	3.15e-03	4.77e-01	5.20e-01	0.00e+00	0.00e+00	0.00e+00	0.00e+00	0.00e+00	1.02e-84
 2.92857e+13	7.28e-30	1.69e-22	6.35e-16	6.18e-10	3.51e-03	4.94e-01	5.02e-01	0.00e+00	0.00e+00	0.00e+00	0.00e+00	0.00e+00	7.55e-98
 3.00361e+13	9.74e-30	2.15e-22	7.73e-16	7.14e-10	3.82e-03	5.08e-01	4.88e-01	0.00e+00	0.00e+00	0.00e+00	0.00e+00	0.00e+00	4.10e-84
 3.08163e+13	1.31e-29	2.75e-22	9.41e-16	8.24e-10	4.16e-03	5.22e-01	4.73e-01	0.00e+00	0.00e+00	0.00e+00	0.00e+00	0.00e+00	3.30e-97
 3.18306e+13	1.89e-29	3.74e-22	1.21e-15	9.87e-10	4.63e-03	5.40e-01	4.55e-01	0.00e+00	0.00e+00	0.00e+00	0.00e+00	0.00e+00	1.66e-83
 3.28908e+13	2.74e-29	5.10e-22	1.55e-15	1.19e-09	5.16e-03	5.58e-01	4.37e-01	0.00e+00	0.00e+00	0.00e+00	0.00e+00	0.00e+00	2.16e-96
 3.37906e+13	3.71e-29	6.58e-22	1.90e-15	1.38e-09	5.62e-03	5.73e-01	4.22e-01	0.00e+00	0.00e+00	0.00e+00	0.00e+00	0.00e+00	6.98e-83
 3.47405e+13	5.07e-29	8.52e-22	2.35e-15	1.60e-09	6.14e-03	5.87e-01	4.07e-01	0.00e+00	0.00e+00	0.00e+00	0.00e+00	0.00e+00	1.03e-95
 3.59752e+13	7.47e-29	1.18e-21	3.04e-15	1.93e-09	6.85e-03	6.05e-01	3.88e-01	0.00e+00	0.00e+00	0.00e+00	0.00e+00	0.00e+00	3.10e-82
 3.72650e+13	1.10e-28	1.63e-21	3.95e-15	2.33e-09	7.63e-03	6.23e-01	3.69e-01	0.00e+00	0.00e+00	0.00e+00	0.00e+00	0.00e+00	7.63e-95
 3.83618e+13	1.52e-28	2.13e-21	4.89e-15	2.72e-09	8.34e-03	6.38e-01	3.54e-01	0.00e+00	0.00e+00	0.00e+00	0.00e+00	0.00e+00	1.42e-81
 3.95234e+13	2.10e-28	2.78e-21	6.06e-15	3.17e-09	9.10e-03	6.52e-01	3.39e-01	0.00e+00	0.00e+00	0.00e+00	0.00e+00	0.00e+00	4.04e-94
 4.09985e+13	3.12e-28	3.86e-21	7.87e-15	3.82e-09	1.01e-02	6.69e-01	3.21e-01	0.00e+00	0.00e+00	0.00e+00	0.00e+00	0.00e+00	6.84e-81
 4.25555e+13	4.68e-28	5.40e-21	1.03e-14	4.63e-09	1.13e-02	6.86e-01	3.03e-01	0.00e+00	0.00e+00	0.00e+00	0.00e+00	0.00e+00	3.25e-93
 4.39489e+13	6.60e-28	7.18e-21	1.29e-14	5.44e-09	1.23e-02	6.99e-01	2.88e-01	0.00e+00	0.00e+00	0.00e+00	0.00e+00	0.00e+00	3.50e-80
 4.54552e+13	9.44e-28	9.65e-21	1.63e-14	6.42e-09	1.35e-02	7.13e-01	2.74e-01	0.00e+00	0.00e+00	0.00e+00	0.00e+00	0.00e+00	2.07e-92
 4.72478e+13	1.42e-27	1.35e-20	2.13e-14	7.76e-09	1.50e-02	7.28e-01	2.57e-01	0.00e+00	0.00e+00	0.00e+00	0.00e+00	0.00e+00	1.92e-79
 4.88543e+13	2.02e-27	1.81e-20	2.67e-14	9.11e-09	1.64e-02	7.40e-01	2.43e-01	0.00e+00	0.00e+00	0.00e+00	0.00e+00	0.00e+00	1.57e-91
 5.00879e+13	2.62e-27	2.24e-20	3.16e-14	1.02e-08	1.75e-02	7.49e-01	2.34e-01	0.00e+00	0.00e+00	0.00e+00	0.00e+00	0.00e+00	7.56e-79
 5.13948e+13	3.43e-27	2.79e-20	3.75e-14	1.16e-08	1.87e-02	7.57e-01	2.24e-01	0.00e+00	0.00e+00	0.00e+00	0.00e+00	0.00e+00	6.46e-91
 5.30938e+13	4.81e-27	3.68e-20	4.65e-14	1.34e-08	2.03e-02	7.68e-01	2.12e-01	0.00e+00	0.00e+00	0.00e+00	0.00e+00	0.00e+00	2.98e-78
 5.49482e+13	6.87e-27	4.92e-20	5.84e-14	1.58e-08	2.21e-02	7.78e-01	2.00e-01	0.00e+00	0.00e+00	0.00e+00	0.00e+00	0.00e+00	4.19e-90
 5.65736e+13	9.27e-27	6.28e-20	7.06e-14	1.80e-08	2.37e-02	7.86e-01	1.90e-01	0.00e+00	0.00e+00	0.00e+00	0.00e+00	0.00e+00	1.33e-77
 5.82556e+13	1.25e-26	8.02e-20	8.53e-14	2.05e-08	2.54e-02	7.94e-01	1.81e-01	0.00e+00	0.00e+00	0.00e+00	0.00e+00	0.00e+00	2.14e-89
 6.04054e+13	1.81e-26	1.08e-19	1.08e-13	2.40e-08	2.77e-02	8.03e-01	1.70e-01	0.00e+00	0.00e+00	0.00e+00	0.00e+00	0.00e+00	6.25e-77
 6.26075e+13	2.62e-26	1.46e-19	1.35e-13	2.82e-08	3.02e-02	8.11e-01	1.59e-01	0.00e+00	0.00e+00	0.00e+00	0.00e+00	0.00e+00	1.45e-76
 6.44767e+13	3.53e-26	1.86e-19	1.63e-13	3.20e-08	3.23e-02	8.17e-01	1.51e-01	0.00e+00	0.00e+00	0.00e+00	0.00e+00	0.00e+00	2.92e-76
 6.64689e+13	4.80e-26	2.39e-19	1.97e-13	3.65e-08	3.46e-02	8.22e-01	1.43e-01	0.00e+00	0.00e+00	0.00e+00	0.00e+00	0.00e+00	6.00e-76
 6.89618e+13	6.97e-26	3.23e-19	2.49e-13	4.27e-08	3.75e-02	8.29e-01	1.34e-01	0.00e+00	0.00e+00	0.00e+00	0.00e+00	0.00e+00	1.43e-75
 7.15593e+13	1.01e-25	4.37e-19	3.13e-13	5.00e-08	4.07e-02	8.34e-01	1.25e-01	0.00e+00	0.00e+00	0.00e+00	0.00e+00	0.00e+00	3.44e-75
 7.38999e+13	1.40e-25	5.67e-19	3.82e-13	5.72e-08	4.37e-02	8.39e-01	1.18e-01	0.00e+00	0.00e+00	0.00e+00	0.00e+00	0.00e+00	7.38e-75
 7.64525e+13	1.97e-25	7.47e-19	4.71e-13	6.59e-08	4.70e-02	8.43e-01	1.10e-01	0.00e+00	0.00e+00	0.00e+00	0.00e+00	0.00e+00	1.65e-74
 7.94682e+13	2.90e-25	1.02e-18	5.97e-13	7.74e-08	5.11e-02	8.46e-01	1.03e-01	0.00e+00	0.00e+00	0.00e+00	0.00e+00	0.00e+00	4.12e-74
 8.24346e+13	4.19e-25	1.37e-18	7.47e-13	9.00e-08	5.52e-02	8.49e-01	9.56e-02	0.00e+00	0.00e+00	0.00e+00	0.00e+00	0.00e+00	9.81e-74
 8.50328e+13	5.71e-25	1.76e-18	9.02e-13	1.02e-07	5.89e-02	8.51e-01	9.00e-02	0.00e+00	0.00e+00	0.00e+00	0.00e+00	0.00e+00	2.04e-73
 8.78037e+13	7.87e-25	2.28e-18	1.10e-12	1.17e-07	6.29e-02	8.53e-01	8.45e-02	0.00e+00	0.00e+00	0.00e+00	0.00e+00	0.00e+00	4.37e-73
 9.09232e+13	1.11e-24	3.01e-18	1.35e-12	1.35e-07	6.76e-02	8.54e-01	7.88e-02	0.00e+00	0.00e+00	0.00e+00	0.00e+00	0.00e+00	9.95e-73
 9.38924e+13	1.53e-24	3.89e-18	1.64e-12	1.53e-07	7.22e-02	8.54e-01	7.39e-02	0.00e+00	0.00e+00	0.00e+00	0.00e+00	0.00e+00	2.13e-72
 9.65813e+13	2.03e-24	4.87e-18	1.95e-12	1.72e-07	7.64e-02	8.54e-01	6.98e-02	0.00e+00	0.00e+00	0.00e+00	0.00e+00	0.00e+00	4.14e-72
 9.90373e+13	2.60e-24	5.95e-18	2.27e-12	1.90e-07	8.03e-02	8.53e-01	6.63e-02	0.00e+00	0.00e+00	0.00e+00	0.00e+00	0.00e+00	7.48e-72
 1.01758e+14	3.40e-24	7.38e-18	2.67e-12	2.12e-07	8.48e-02	8.53e-01	6.27e-02	0.00e+00	0.00e+00	0.00e+00	0.00e+00	0.00e+00	1.42e-71
 1.04818e+14	4.56e-24	9.34e-18	3.19e-12	2.39e-07	8.99e-02	8.51e-01	5.90e-02	0.00e+00	0.00e+00	0.00e+00	0.00e+00	0.00e+00	2.84e-71
 1.07723e+14	5.97e-24	1.16e-17	3.76e-12	2.66e-07	9.49e-02	8.49e-01	5.57e-02	0.00e+00	0.00e+00	0.00e+00	0.00e+00	0.00e+00	5.41e-71
 1.10901e+14	7.95e-24	1.46e-17	4.47e-12	2.99e-07	1.00e-01	8.47e-01	5.23e-02	0.00e+00	0.00e+00	0.00e+00	0.00e+00	0.00e+00	1.07e-70
 1.14407e+14	1.08e-23	1.87e-17	5.38e-12	3.38e-07	1.07e-01	8.44e-01	4.90e-02	0.00e+00	0.00e+00	0.00e+00	0.00e+00	0.00e+00	2.22e-70
 1.17642e+14	1.42e-23	2.33e-17	6.35e-12	3.78e-07	1.12e-01	8.41e-01	4.61e-02	0.00e+00	0.00e+00	0.00e+00	0.00e+00	0.00e+00	4.27e-70
 1.21150e+14	1.90e-23	2.93e-17	7.56e-12	4.24e-07	1.19e-01	8.38e-01	4.32e-02	0.00e+00	0.00e+00	0.00e+00	0.00e+00	0.00e+00	8.50e-70
 1.25079e+14	2.59e-23	3.77e-17	9.14e-12	4.81e-07	1.26e-01	8.33e-01	4.03e-02	0.00e+00	0.00e+00	0.00e+00	0.00e+00	0.00e+00	1.79e-69
 1.28791e+14	3.45e-23	4.74e-17	1.09e-11	5.39e-07	1.33e-01	8.29e-01	3.77e-02	0.00e+00	0.00e+00	0.00e+00	1.51e-17	3.23e-17	3.55e-69
 1.32852e+14	4.67e-23	6.04e-17	1.30e-11	6.09e-07	1.41e-01	8.24e-01	3.52e-02	0.00e+00	0.00e+00	0.00e+00	2.00e-17	4.04e-17	7.32e-69
 1.37379e+14	6.47e-23	7.85e-17	1.59e-11	6.94e-07	1.50e-01	8.17e-01	3.26e-02	0.00e+00	0.00e+00	0.00e+00	2.60e-17	5.25e-17	1.60e-68
 1.41644e+14	8.71e-23	9.95e-17	1.90e-11	7.81e-07	1.59e-01	8.11e-01	3.04e-02	0.00e+00	0.00e+00	0.00e+00	3.30e-17	6.65e-17	3.25e-68
 1.46318e+14	1.19e-22	1.28e-16	2.29e-11	8.84e-07	1.68e-01	8.04e-01	2.82e-02	0.00e+00	0.00e+00	0.00e+00	4.24e-17	8.56e-17	6.90e-68
 1.51569e+14	1.68e-22	1.68e-16	2.82e-11	1.01e-06	1.79e-01	7.95e-01	2.59e-02	0.00e+00	0.00e+00	0.00e+00	5.57e-17	1.12e-16	1.56e-67
 1.56565e+14	2.29e-22	2.16e-16	3.40e-11	1.14e-06	1.89e-01	7.87e-01	2.40e-02	0.00e+00	0.00e+00	0.00e+00	7.15e-17	1.44e-16	3.31e-67
 1.62057e+14	3.19e-22	2.81e-16	4.15e-11	1.30e-06	2.01e-01	7.77e-01	2.21e-02	0.00e+00	0.00e+00	0.00e+00	9.32e-17	1.88e-16	7.34e-67
 1.68136e+14	4.54e-22	3.73e-16	5.12e-11	1.50e-06	2.13e-01	7.66e-01	2.02e-02	0.00e+00	0.00e+00	0.00e+00	1.24e-16	2.50e-16	1.72e-66
 1.73768e+14	6.22e-22	4.79e-16	6.18e-11	1.69e-06	2.25e-01	7.56e-01	1.86e-02	0.00e+00	0.00e+00	0.00e+00	1.59e-16	3.21e-16	3.67e-66
 1.79878e+14	8.64e-22	6.23e-16	7.52e-11	1.92e-06	2.38e-01	7.45e-01	1.71e-02	0.00e+00	0.00e+00	0.00e+00	2.06e-16	4.17e-16	8.26e-66
 1.86728e+14	1.23e-21	8.28e-16	9.30e-11	2.20e-06	2.53e-01	7.32e-01	1.55e-02	0.00e+00	0.00e+00	0.00e+00	2.74e-16	5.54e-16	1.93e-65
 1.93202e+14	1.70e-21	1.07e-15	1.13e-10	2.49e-06	2.67e-01	7.19e-01	1.42e-02	0.00e+00	0.00e+00	0.00e+00	3.54e-16	7.16e-16	4.24e-65
 2.00221e+14	2.38e-21	1.40e-15	1.37e-10	2.83e-06	2.82e-01	7.05e-01	1.30e-02	0.00e+00	0.00e+00	0.00e+00	4.63e-16	9.36e-16	9.63e-65
 2.08046e+14	3.42e-21	1.86e-15	1.70e-10	3.25e-06	2.98e-01	6.90e-01	1.17e-02	0.00e+00	0.00e+00	0.00e+00	6.17e-16	1.25e-15	2.32e-64
 2.14787e+14	4.61e-21	2.36e-15	2.03e-10	3.63e-06	3.12e-01	6.77e-01	1.08e-02	0.00e+00	0.00e+00	0.00e+00	7.81e-16	1.58e-15	4.84e-64
 2.19911e+14	5.74e-21	2.81e-15	2.31e-10	3.94e-06	3.23e-01	6.67e-01	1.01e-02	0.00e+00	0.00e+00	0.00e+00	9.30e-16	1.88e-15	8.31e-64
 2.25122e+14	7.14e-21	3.34e-15	2.62e-10	4.27e-06	3.34e-01	6.57e-01	9.49e-03	0.00e+00	0.00e+00	0.00e+00	1.10e-15	2.24e-15	1.42e-63
 2.31898e+14	9.40e-21	4.16e-15	3.08e-10	4.73e-06	3.48e-01	6.44e-01	8.75e-03	0.00e+00	0.00e+00	0.00e+00	1.37e-15	2.78e-15	2.80e-63
 2.39121e+14	1.25e-20	5.21e-15	3.63e-10	5.25e-06	3.62e-01	6.30e-01	8.04e-03	0.00e+00	0.00e+00	0.00e+00	1.72e-15	3.49e-15	5.66e-63
 2.45449e+14	1.59e-20	6.30e-15	4.17e-10	5.73e-06	3.75e-01	6.18e-01	7.48e-03	0.00e+00	0.00e+00	0.00e+00	2.08e-15	4.22e-15	1.03e-62
 2.52198e+14	2.04e-20	7.67e-15	4.82e-10	6.27e-06	3.88e-01	6.05e-01	6.93e-03	0.00e+00	0.00e+00	0.00e+00	2.53e-15	5.14e-15	1.92e-62
 2.60973e+14	2.79e-20	9.83e-15	5.78e-10	7.01e-06	4.05e-01	5.89e-01	6.29e-03	0.00e+00	0.00e+00	0.00e+00	3.24e-15	6.58e-15	4.20e-62
 2.69917e+14	3.80e-20	1.25e-14	6.90e-10	7.82e-06	4.22e-01	5.73e-01	5.71e-03	0.00e+00	0.00e+00	0.00e+00	4.13e-15	8.40e-15	9.09e-62
 2.77212e+14	4.85e-20	1.52e-14	7.93e-10	8.52e-06	4.35e-01	5.60e-01	5.29e-03	0.00e+00	0.00e+00	0.00e+00	5.00e-15	1.02e-14	1.67e-61
 2.84826e+14	6.20e-20	1.84e-14	9.12e-10	9.28e-06	4.49e-01	5.46e-01	4.89e-03	0.00e+00	0.00e+00	0.00e+00	6.07e-15	1.23e-14	3.11e-61
 2.94725e+14	8.44e-20	2.35e-14	1.09e-09	1.03e-05	4.66e-01	5.30e-01	4.42e-03	0.00e+00	0.00e+00	0.00e+00	7.74e-15	1.57e-14	6.79e-61
 3.05187e+14	1.16e-19	3.00e-14	1.30e-09	1.15e-05	4.84e-01	5.12e-01	3.98e-03	0.00e+00	0.00e+00	0.00e+00	9.89e-15	2.01e-14	1.51e-60
 3.14294e+14	1.51e-19	3.69e-14	1.51e-09	1.26e-05	4.99e-01	4.98e-01	3.64e-03	0.00e+00	0.00e+00	0.00e+00	1.22e-14	2.48e-14	2.95e-60
 3.24046e+14	1.98e-19	4.57e-14	1.76e-09	1.38e-05	5.14e-01	4.82e-01	3.32e-03	0.00e+00	0.00e+00	0.00e+00	1.51e-14	3.07e-14	5.94e-60
 3.36163e+14	2.74e-19	5.90e-14	2.11e-09	1.54e-05	5.33e-01	4.64e-01	2.96e-03	0.00e+00	0.00e+00	0.00e+00	1.94e-14	3.96e-14	1.37e-59
 3.48631e+14	3.79e-19	7.60e-14	2.53e-09	1.72e-05	5.51e-01	4.46e-01	2.65e-03	0.00e+00	0.00e+00	0.00e+00	2.50e-14	5.10e-14	3.15e-59
 3.59776e+14	5.00e-19	9.44e-14	2.95e-09	1.88e-05	5.67e-01	4.31e-01	2.40e-03	0.00e+00	0.00e+00	0.00e+00	3.10e-14	6.33e-14	6.45e-59
 3.71930e+14	6.69e-19	1.18e-13	3.47e-09	2.07e-05	5.84e-01	4.14e-01	2.16e-03	0.00e+00	0.00e+00	0.00e+00	3.89e-14	7.95e-14	1.37e-58
 3.86390e+14	9.33e-19	1.54e-13	4.17e-09	2.31e-05	6.02e-01	3.96e-01	1.91e-03	0.00e+00	0.00e+00	0.00e+00	5.05e-14	1.03e-13	3.26e-58
 4.00723e+14	1.28e-18	1.97e-13	4.97e-09	2.56e-05	6.20e-01	3.79e-01	1.70e-03	0.00e+00	0.00e+00	0.00e+00	6.46e-14	1.32e-13	7.46e-58
 4.13853e+14	1.69e-18	2.45e-13	5.80e-09	2.80e-05	6.35e-01	3.63e-01	1.53e-03	0.00e+00	0.00e+00	0.00e+00	8.02e-14	1.64e-13	1.55e-57
 4.28548e+14	2.29e-18	3.09e-13	6.84e-09	3.08e-05	6.51e-01	3.47e-01	1.36e-03	0.00e+00	0.00e+00	0.00e+00	1.01e-13	2.08e-13	3.41e-57
 4.42805e+14	3.03e-18	3.85e-13	7.99e-09	3.37e-05	6.66e-01	3.32e-01	1.22e-03	0.00e+00	0.00e+00	0.00e+00	1.26e-13	2.59e-13	7.13e-57
 4.53336e+14	3.70e-18	4.50e-13	8.92e-09	3.58e-05	6.77e-01	3.22e-01	1.12e-03	0.00e+00	0.00e+00	0.00e+00	1.47e-13	3.03e-13	1.21e-56
 4.63870e+14	4.50e-18	5.24e-13	9.93e-09	3.81e-05	6.87e-01	3.12e-01	1.04e-03	0.00e+00	0.00e+00	0.00e+00	1.72e-13	3.52e-13	2.03e-56
 4.77563e+14	5.75e-18	6.35e-13	1.14e-08	4.12e-05	7.00e-01	2.99e-01	9.40e-04	0.00e+00	0.00e+00	0.00e+00	2.08e-13	4.27e-13	3.91e-56
 4.92368e+14	7.44e-18	7.77e-13	1.31e-08	4.46e-05	7.13e-01	2.87e-01	8.45e-04	0.00e+00	0.00e+00	0.00e+00	2.54e-13	5.23e-13	7.75e-56
 5.05605e+14	9.30e-18	9.24e-13	1.48e-08	4.78e-05	7.23e-01	2.76e-01	7.70e-04	0.00e+00	0.00e+00	0.00e+00	3.02e-13	6.22e-13	1.40e-55
 5.19803e+14	1.17e-17	1.11e-12	1.68e-08	5.14e-05	7.35e-01	2.65e-01	6.99e-04	0.00e+00	0.00e+00	0.00e+00	3.62e-13	7.46e-13	2.61e-55
 5.38260e+14	1.57e-17	1.39e-12	1.97e-08	5.63e-05	7.48e-01	2.51e-01	6.17e-04	0.00e+00	0.00e+00	0.00e+00	4.54e-13	9.36e-13	5.68e-55
 5.56964e+14	2.08e-17	1.74e-12	2.30e-08	6.14e-05	7.61e-01	2.38e-01	5.45e-04	0.00e+00	0.00e+00	0.00e+00	5.66e-13	1.17e-12	1.22e-54
 5.72068e+14	2.60e-17	2.06e-12	2.60e-08	6.57e-05	7.71e-01	2.28e-01	4.95e-04	0.00e+00	0.00e+00	0.00e+00	6.73e-13	1.39e-12	2.21e-54
 5.87783e+14	3.25e-17	2.46e-12	2.94e-08	7.04e-05	7.81e-01	2.18e-01	4.48e-04	0.00e+00	0.00e+00	0.00e+00	8.01e-13	1.66e-12	4.02e-54
 6.08214e+14	4.29e-17	3.06e-12	3.43e-08	7.67e-05	7.93e-01	2.07e-01	3.95e-04	0.00e+00	0.00e+00	0.00e+00	9.97e-13	2.06e-12	8.56e-54
 6.29923e+14	5.71e-17	3.83e-12	4.02e-08	8.37e-05	8.05e-01	1.95e-01	3.46e-04	4.62e-18	1.39e-17	2.32e-17	1.25e-12	2.58e-12	1.86e-53
 6.49019e+14	7.27e-17	4.64e-12	4.59e-08	9.02e-05	8.14e-01	1.85e-01	3.09e-04	5.88e-18	1.77e-17	2.96e-17	1.51e-12	3.13e-12	3.59e-53
 6.69565e+14	9.35e-17	5.65e-12	5.28e-08	9.74e-05	8.24e-01	1.76e-01	2.75e-04	7.57e-18	2.27e-17	3.80e-17	1.84e-12	3.81e-12	7.12e-53
 6.94817e+14	1.26e-16	7.14e-12	6.22e-08	1.07e-04	8.35e-01	1.65e-01	2.38e-04	1.02e-17	3.06e-17	5.12e-17	2.32e-12	4.82e-12	1.60e-52
 7.20168e+14	1.67e-16	8.96e-12	7.29e-08	1.16e-04	8.45e-01	1.55e-01	2.08e-04	1.36e-17	4.07e-17	6.81e-17	2.91e-12	6.05e-12	3.52e-52
 7.42306e+14	2.13e-16	1.08e-11	8.34e-08	1.25e-04	8.53e-01	1.46e-01	1.85e-04	1.72e-17	5.17e-17	8.65e-17	3.52e-12	7.32e-12	6.82e-52
 7.66284e+14	2.73e-16	1.32e-11	9.59e-08	1.35e-04	8.61e-01	1.38e-01	1.63e-04	2.22e-17	6.65e-17	1.11e-16	4.29e-12	8.93e-12	1.36e-51
 7.95449e+14	3.67e-16	1.67e-11	1.13e-07	1.48e-04	8.71e-01	1.29e-01	1.40e-04	2.97e-17	8.93e-17	1.49e-16	5.41e-12	1.13e-11	3.07e-51
 8.24464e+14	4.84e-16	2.09e-11	1.32e-07	1.62e-04	8.79e-01	1.21e-01	1.22e-04	3.92e-17	1.18e-16	1.97e-16	6.76e-12	1.41e-11	6.65e-51
 8.49984e+14	6.13e-16	2.52e-11	1.51e-07	1.74e-04	8.86e-01	1.14e-01	1.08e-04	4.97e-17	1.49e-16	2.50e-16	8.17e-12	1.70e-11	1.29e-50
 8.77853e+14	7.86e-16	3.08e-11	1.74e-07	1.88e-04	8.93e-01	1.07e-01	9.44e-05	6.38e-17	1.92e-16	3.21e-16	9.96e-12	2.08e-11	2.58e-50
 9.07610e+14	1.01e-15	3.78e-11	2.01e-07	2.03e-04	8.99e-01	1.00e-01	8.24e-05	8.24e-17	2.47e-16	4.14e-16	1.22e-11	2.56e-11	5.30e-50
 9.33936e+14	1.26e-15	4.51e-11	2.28e-07	2.17e-04	9.05e-01	9.50e-02	7.33e-05	1.02e-16	3.08e-16	5.14e-16	1.46e-11	3.05e-11	9.81e-50
 9.57019e+14	1.52e-15	5.23e-11	2.54e-07	2.30e-04	9.09e-01	9.06e-02	6.63e-05	1.23e-16	3.70e-16	6.19e-16	1.69e-11	3.54e-11	1.66e-49
 9.81769e+14	1.84e-15	6.12e-11	2.83e-07	2.45e-04	9.14e-01	8.61e-02	5.96e-05	1.50e-16	4.50e-16	7.52e-16	1.98e-11	4.14e-11	2.86e-49
 1.01394e+15	2.35e-15	7.45e-11	3.26e-07	2.64e-04	9.19e-01	8.08e-02	5.21e-05	1.91e-16	5.74e-16	9.60e-16	2.41e-11	5.04e-11	5.71e-49
 1.04639e+15	2.97e-15	9.02e-11	3.73e-07	2.85e-04	9.24e-01	7.58e-02	4.57e-05	2.42e-16	7.26e-16	1.21e-15	2.91e-11	6.11e-11	1.12e-48
 1.07214e+15	3.56e-15	1.05e-10	4.15e-07	3.01e-04	9.27e-01	7.22e-02	4.13e-05	2.90e-16	8.70e-16	1.45e-15	3.38e-11	7.08e-11	1.88e-48
 1.09857e+15	4.27e-15	1.21e-10	4.60e-07	3.19e-04	9.31e-01	6.87e-02	3.73e-05	3.48e-16	1.04e-15	1.75e-15	3.91e-11	8.20e-11	3.16e-48
 1.13294e+15	5.37e-15	1.46e-10	5.26e-07	3.43e-04	9.35e-01	6.45e-02	3.27e-05	4.37e-16	1.31e-15	2.20e-15	4.71e-11	9.88e-11	6.09e-48
 1.16907e+15	6.76e-15	1.76e-10	6.02e-07	3.69e-04	9.39e-01	6.05e-02	2.86e-05	5.51e-16	1.65e-15	2.77e-15	5.69e-11	1.19e-10	1.19e-47
 1.20008e+15	8.18e-15	2.06e-10	6.73e-07	3.92e-04	9.42e-01	5.73e-02	2.56e-05	6.67e-16	2.00e-15	3.35e-15	6.66e-11	1.40e-10	2.06e-47
 1.23299e+15	9.99e-15	2.43e-10	7.55e-07	4.17e-04	9.45e-01	5.41e-02	2.28e-05	8.14e-16	2.45e-15	4.09e-15	7.83e-11	1.64e-10	3.66e-47
 1.27579e+15	1.28e-14	2.98e-10	8.74e-07	4.52e-04	9.49e-01	5.04e-02	1.97e-05	1.05e-15	3.15e-15	5.26e-15	9.61e-11	2.02e-10	7.58e-47
 1.31988e+15	1.64e-14	3.65e-10	1.01e-06	4.89e-04	9.53e-01	4.69e-02	1.70e-05	1.34e-15	4.02e-15	6.72e-15	1.18e-10	2.47e-10	1.55e-46
 1.35667e+15	2.00e-14	4.29e-10	1.14e-06	5.21e-04	9.55e-01	4.43e-02	1.51e-05	1.63e-15	4.90e-15	8.19e-15	1.39e-10	2.91e-10	2.77e-46
 1.39552e+15	2.45e-14	5.08e-10	1.28e-06	5.56e-04	9.58e-01	4.17e-02	1.34e-05	2.00e-15	6.01e-15	1.00e-14	1.64e-10	3.44e-10	5.02e-46
 1.44584e+15	3.17e-14	6.27e-10	1.49e-06	6.04e-04	9.61e-01	3.87e-02	1.15e-05	2.59e-15	7.78e-15	1.30e-14	2.02e-10	4.24e-10	1.06e-45
 1.49890e+15	4.08e-14	7.76e-10	1.74e-06	6.56e-04	9.64e-01	3.58e-02	9.81e-06	3.34e-15	1.00e-14	1.68e-14	2.50e-10	5.25e-10	2.27e-45
 1.54536e+15	5.06e-14	9.28e-10	1.97e-06	7.04e-04	9.66e-01	3.35e-02	8.58e-06	4.15e-15	1.25e-14	2.08e-14	2.99e-10	6.28e-10	4.29e-45
 1.59544e+15	6.36e-14	1.12e-09	2.26e-06	7.57e-04	9.68e-01	3.13e-02	7.46e-06	5.21e-15	1.56e-14	2.62e-14	3.61e-10	7.58e-10	8.36e-45
 1.65623e+15	8.29e-14	1.39e-09	2.65e-06	8.26e-04	9.70e-01	2.88e-02	6.33e-06	6.79e-15	2.04e-14	3.41e-14	4.50e-10	9.44e-10	1.83e-44
 1.71722e+15	1.06e-13	1.72e-09	3.09e-06	8.98e-04	9.72e-01	2.66e-02	5.39e-06	8.72e-15	2.62e-14	4.38e-14	5.56e-10	1.17e-09	3.87e-44
 1.76404e+15	1.21e-13	2.01e-09	3.46e-06	9.56e-04	9.74e-01	2.51e-02	4.78e-06	9.90e-15	2.97e-14	4.97e-14	6.50e-10	1.36e-09	6.64e-44
 1.79900e+15	1.37e-13	2.25e-09	3.75e-06	1.00e-03	9.75e-01	2.40e-02	4.38e-06	1.13e-14	3.39e-14	5.67e-14	7.28e-10	1.53e-09	9.94e-44
 1.83723e+15	1.59e-13	2.55e-09	4.10e-06	1.05e-03	9.76e-01	2.29e-02	3.99e-06	1.30e-14	3.92e-14	6.55e-14	8.23e-10	1.72e-09	1.54e-43
 1.88694e+15	1.90e-13	2.97e-09	4.59e-06	1.12e-03	9.77e-01	2.16e-02	3.54e-06	1.57e-14	4.70e-14	7.86e-14	9.61e-10	2.01e-09	2.67e-43
 1.94142e+15	2.30e-13	3.50e-09	5.17e-06	1.19e-03	9.79e-01	2.03e-02	3.11e-06	1.89e-14	5.67e-14	9.48e-14	1.13e-09	2.37e-09	4.80e-43
 1.99080e+15	2.70e-13	4.05e-09	5.75e-06	1.26e-03	9.80e-01	1.92e-02	2.78e-06	2.22e-14	6.68e-14	1.12e-13	1.31e-09	2.74e-09	8.00e-43
 2.04367e+15	3.22e-13	4.70e-09	6.41e-06	1.34e-03	9.81e-01	1.81e-02	2.47e-06	2.65e-14	7.96e-14	1.33e-13	1.52e-09	3.18e-09	1.37e-42
 2.10340e+15	3.87e-13	5.54e-09	7.24e-06	1.44e-03	9.82e-01	1.69e-02	2.17e-06	3.19e-14	9.59e-14	1.60e-13	1.79e-09	3.75e-09	2.46e-42
 2.15982e+15	4.59e-13	6.45e-09	8.09e-06	1.53e-03	9.83e-01	1.59e-02	1.92e-06	3.79e-14	1.14e-13	1.90e-13	2.09e-09	4.36e-09	4.23e-42
 2.21276e+15	5.36e-13	7.40e-09	8.96e-06	1.62e-03	9.83e-01	1.51e-02	1.72e-06	4.42e-14	1.33e-13	2.22e-13	2.39e-09	5.01e-09	6.91e-42
 2.27340e+15	6.37e-13	8.62e-09	1.00e-05	1.72e-03	9.84e-01	1.42e-02	1.52e-06	5.26e-14	1.58e-13	2.64e-13	2.79e-09	5.83e-09	1.18e-41
 2.35224e+15	7.93e-13	1.05e-08	1.16e-05	1.87e-03	9.85e-01	1.31e-02	1.30e-06	6.56e-14	1.97e-13	3.29e-13	3.39e-09	7.07e-09	2.42e-41
 2.43166e+15	9.68e-13	1.26e-08	1.33e-05	2.02e-03	9.86e-01	1.21e-02	1.11e-06	8.01e-14	2.41e-13	4.02e-13	4.08e-09	8.52e-09	4.68e-41
 2.49482e+15	1.13e-12	1.45e-08	1.48e-05	2.15e-03	9.86e-01	1.14e-02	9.85e-07	9.35e-14	2.81e-13	4.69e-13	4.71e-09	9.83e-09	7.80e-41
 2.55994e+15	1.32e-12	1.68e-08	1.65e-05	2.28e-03	9.87e-01	1.07e-02	0.00e+00	1.10e-13	3.30e-13	5.51e-13	5.44e-09	1.13e-08	1.31e-40
 2.64459e+15	1.62e-12	2.01e-08	1.89e-05	2.46e-03	9.88e-01	9.95e-03	0.00e+00	1.35e-13	4.04e-13	6.76e-13	6.52e-09	1.36e-08	2.52e-40
 2.73532e+15	1.97e-12	2.42e-08	2.18e-05	2.67e-03	9.88e-01	9.18e-03	0.00e+00	1.64e-13	4.93e-13	8.23e-13	7.86e-09	1.64e-08	4.91e-40
 2.81571e+15	2.33e-12	2.84e-08	2.46e-05	2.86e-03	9.89e-01	8.57e-03	0.00e+00	1.94e-13	5.83e-13	9.74e-13	9.22e-09	1.92e-08	8.71e-40
 2.90201e+15	2.79e-12	3.35e-08	2.79e-05	3.08e-03	9.89e-01	7.97e-03	0.00e+00	2.33e-13	6.99e-13	1.17e-12	1.09e-08	2.26e-08	1.59e-39
 3.00982e+15	3.45e-12	4.09e-08	3.25e-05	3.36e-03	9.89e-01	7.29e-03	0.00e+00	2.88e-13	8.65e-13	1.44e-12	1.33e-08	2.76e-08	3.26e-39
 3.12030e+15	4.21e-12	4.96e-08	3.78e-05	3.67e-03	9.90e-01	6.68e-03	0.00e+00	3.51e-13	1.06e-12	1.76e-12	1.61e-08	3.35e-08	6.61e-39
 3.21674e+15	4.96e-12	5.85e-08	4.28e-05	3.95e-03	9.90e-01	6.20e-03	0.00e+00	4.15e-13	1.25e-12	2.08e-12	1.90e-08	3.94e-08	1.20e-38
 3.29698e+15	5.65e-12	6.66e-08	4.74e-05	4.19e-03	9.90e-01	5.83e-03	0.00e+00	4.73e-13	1.42e-12	2.37e-12	2.17e-08	4.49e-08	1.92e-38
 3.36735e+15	6.35e-12	7.46e-08	5.18e-05	4.41e-03	9.90e-01	5.54e-03	0.00e+00	5.32e-13	1.60e-12	2.67e-12	2.43e-08	5.03e-08	2.90e-38
 3.44809e+15	7.22e-12	8.45e-08	5.71e-05	4.67e-03	9.90e-01	5.22e-03	0.00e+00	6.06e-13	1.82e-12	3.04e-12	2.75e-08	5.70e-08	4.60e-38
 3.55306e+15	8.53e-12	9.93e-08	6.47e-05	5.03e-03	9.90e-01	4.85e-03	0.00e+00	7.17e-13	2.15e-12	3.60e-12	3.24e-08	6.69e-08	8.37e-38
 3.65961e+15	9.91e-12	1.16e-07	7.31e-05	5.40e-03	9.90e-01	4.50e-03	0.00e+00	8.33e-13	2.50e-12	4.18e-12	3.78e-08	7.82e-08	1.49e-37
 3.74486e+15	1.12e-11	1.31e-07	8.03e-05	5.71e-03	9.90e-01	4.25e-03	0.00e+00	9.39e-13	2.82e-12	4.71e-12	4.26e-08	8.81e-08	2.33e-37
 3.83230e+15	1.26e-11	1.48e-07	8.83e-05	6.04e-03	9.90e-01	4.01e-03	0.00e+00	1.07e-12	3.20e-12	5.34e-12	4.82e-08	9.95e-08	3.68e-37
 3.94597e+15	1.48e-11	1.72e-07	9.97e-05	6.49e-03	9.90e-01	3.73e-03	0.00e+00	1.25e-12	3.74e-12	6.25e-12	5.63e-08	1.16e-07	6.58e-37
 4.06435e+15	1.71e-11	2.01e-07	1.13e-04	6.98e-03	9.89e-01	3.46e-03	0.00e+00	1.44e-12	4.33e-12	7.24e-12	6.57e-08	1.35e-07	1.17e-36
 4.16380e+15	1.93e-11	2.28e-07	1.24e-04	7.41e-03	9.89e-01	3.25e-03	0.00e+00	1.63e-12	4.90e-12	8.19e-12	7.44e-08	1.53e-07	1.86e-36
 4.26803e+15	2.20e-11	2.59e-07	1.38e-04	7.87e-03	9.89e-01	3.05e-03	0.00e+00	1.86e-12	5.59e-12	9.34e-12	8.47e-08	1.74e-07	3.03e-36
 4.40353e+15	2.59e-11	3.05e-07	1.57e-04	8.49e-03	9.89e-01	2.82e-03	0.00e+00	2.20e-12	6.59e-12	1.10e-11	9.99e-08	2.06e-07	5.64e-36
 4.54317e+15	3.01e-11	3.59e-07	1.78e-04	9.17e-03	9.88e-01	2.60e-03	0.00e+00	2.56e-12	7.67e-12	1.28e-11	1.17e-07	2.41e-07	1.03e-35
 4.65922e+15	3.39e-11	4.08e-07	1.97e-04	9.75e-03	9.88e-01	2.44e-03	0.00e+00	2.89e-12	8.67e-12	1.45e-11	1.34e-07	2.75e-07	1.71e-35
 4.78111e+15	3.89e-11	4.67e-07	2.19e-04	1.04e-02	9.87e-01	2.29e-03	0.00e+00	3.31e-12	9.94e-12	1.66e-11	1.53e-07	3.14e-07	2.89e-35
 4.93958e+15	4.61e-11	5.54e-07	2.51e-04	1.13e-02	9.86e-01	2.10e-03	0.00e+00	3.93e-12	1.18e-11	1.97e-11	1.81e-07	3.72e-07	5.64e-35
 5.10594e+15	5.39e-11	6.56e-07	2.87e-04	1.22e-02	9.86e-01	1.93e-03	0.00e+00	4.61e-12	1.38e-11	2.31e-11	2.15e-07	4.41e-07	1.09e-34
 5.24939e+15	6.15e-11	7.55e-07	3.21e-04	1.30e-02	9.85e-01	1.80e-03	0.00e+00	5.26e-12	1.58e-11	2.64e-11	2.48e-07	5.07e-07	1.88e-34
 5.40268e+15	7.14e-11	8.77e-07	3.61e-04	1.40e-02	9.84e-01	1.67e-03	0.00e+00	6.12e-12	1.84e-11	3.07e-11	2.88e-07	5.89e-07	3.35e-34
 5.59912e+15	8.60e-11	1.06e-06	4.18e-04	1.53e-02	9.83e-01	1.52e-03	0.00e+00	7.39e-12	2.22e-11	3.70e-11	3.48e-07	7.11e-07	6.97e-34
 5.80010e+15	1.02e-10	1.27e-06	4.83e-04	1.67e-02	9.81e-01	1.39e-03	0.00e+00	8.75e-12	2.63e-11	4.38e-11	4.18e-07	8.53e-07	1.40e-33
 5.94791e+15	1.15e-10	1.44e-06	5.34e-04	1.77e-02	9.80e-01	1.30e-03	0.00e+00	9.94e-12	2.98e-11	4.98e-11	4.75e-07	9.70e-07	2.27e-33
 6.05790e+15	1.24e-10	1.59e-06	5.76e-04	1.85e-02	9.80e-01	1.24e-03	0.00e+00	1.07e-11	3.21e-11	5.36e-11	5.23e-07	1.07e-06	3.27e-33
 6.18064e+15	1.38e-10	1.77e-06	6.26e-04	1.95e-02	9.79e-01	1.17e-03	0.00e+00	1.19e-11	3.58e-11	5.97e-11	5.83e-07	1.19e-06	4.93e-33
 6.34021e+15	1.58e-10	2.03e-06	6.95e-04	2.07e-02	9.77e-01	1.10e-03	0.00e+00	1.37e-11	4.10e-11	6.85e-11	6.68e-07	1.36e-06	8.29e-33
 6.51449e+15	1.81e-10	2.34e-06	7.77e-04	2.21e-02	9.76e-01	1.02e-03	0.00e+00	1.56e-11	4.69e-11	7.82e-11	7.71e-07	1.57e-06	1.40e-32
 6.67087e+15	2.06e-10	2.65e-06	8.56e-04	2.34e-02	9.75e-01	9.59e-04	0.00e+00	1.78e-11	5.34e-11	8.92e-11	8.74e-07	1.78e-06	2.21e-32
 6.83713e+15	2.33e-10	3.03e-06	9.48e-04	2.49e-02	9.73e-01	8.98e-04	0.00e+00	2.02e-11	6.07e-11	1.01e-10	9.99e-07	2.03e-06	3.63e-32
 7.05327e+15	2.77e-10	3.59e-06	1.08e-03	2.69e-02	9.71e-01	8.25e-04	0.00e+00	2.40e-11	7.22e-11	1.20e-10	1.18e-06	2.41e-06	6.82e-32
 7.26888e+15	3.23e-10	4.20e-06	1.22e-03	2.89e-02	9.69e-01	7.62e-04	0.00e+00	2.81e-11	8.43e-11	1.41e-10	1.39e-06	2.82e-06	1.20e-31
 7.43591e+15	3.64e-10	4.74e-06	1.34e-03	3.06e-02	9.67e-01	7.17e-04	0.00e+00	3.17e-11	9.50e-11	1.59e-10	1.56e-06	3.17e-06	1.84e-31
 7.60512e+15	4.14e-10	5.36e-06	1.47e-03	3.23e-02	9.66e-01	6.75e-04	0.00e+00	3.60e-11	1.08e-10	1.80e-10	1.77e-06	3.59e-06	2.88e-31
 7.82510e+15	4.89e-10	6.27e-06	1.66e-03	3.47e-02	9.63e-01	6.24e-04	0.00e+00	4.26e-11	1.28e-10	2.14e-10	2.07e-06	4.20e-06	5.06e-31
 8.05796e+15	5.71e-10	7.34e-06	1.88e-03	3.73e-02	9.60e-01	5.76e-04	0.00e+00	4.99e-11	1.50e-10	2.50e-10	2.42e-06	4.92e-06	8.78e-31
 8.25957e+15	6.52e-10	8.38e-06	2.08e-03	3.96e-02	9.58e-01	5.39e-04	0.00e+00	5.70e-11	1.71e-10	2.85e-10	2.77e-06	5.61e-06	1.38e-30
 8.47368e+15	7.60e-10	9.68e-06	2.32e-03	4.22e-02	9.55e-01	5.02e-04	0.00e+00	6.66e-11	2.00e-10	3.33e-10	3.20e-06	6.48e-06	2.28e-30
 8.75202e+15	9.23e-10	1.16e-05	2.67e-03	4.58e-02	9.51e-01	4.59e-04	0.00e+00	8.09e-11	2.43e-10	4.05e-10	3.84e-06	7.78e-06	4.29e-30
 9.03095e+15	1.10e-09	1.37e-05	3.04e-03	4.95e-02	9.47e-01	4.21e-04	0.00e+00	9.63e-11	2.89e-10	4.82e-10	4.53e-06	9.18e-06	7.41e-30
 9.25601e+15	1.27e-09	1.57e-05	3.38e-03	5.26e-02	9.44e-01	3.93e-04	0.00e+00	1.11e-10	3.34e-10	5.57e-10	5.19e-06	1.05e-05	1.15e-29
 9.49394e+15	1.49e-09	1.82e-05	3.78e-03	5.61e-02	9.40e-01	3.66e-04	0.00e+00	1.32e-10	3.95e-10	6.58e-10	6.01e-06	1.22e-05	1.88e-29
 9.80326e+15	1.81e-09	2.19e-05	4.36e-03	6.08e-02	9.34e-01	3.34e-04	0.00e+00	1.60e-10	4.80e-10	8.00e-10	7.24e-06	1.46e-05	3.46e-29
