#depth	He	He+	He+2
 1.49634e+10	1.25e-23	1.43e-12	1.00e+00
 4.54887e+10	1.38e-23	1.54e-12	1.00e+00
 7.72350e+10	1.53e-23	1.67e-12	1.00e+00
 1.10251e+11	1.69e-23	1.80e-12	1.00e+00
 1.42222e+11	1.86e-23	1.94e-12	1.00e+00
 1.72314e+11	2.02e-23	2.08e-12	1.00e+00
 2.05977e+11	2.22e-23	2.23e-12	1.00e+00
 2.44143e+11	2.46e-23	2.41e-12	1.00e+00
 2.82242e+11	2.71e-23	2.61e-12	1.00e+00
 3.21865e+11	2.99e-23	2.81e-12	1.00e+00
 3.64666e+11	3.32e-23	3.04e-12	1.00e+00
 4.09180e+11	3.69e-23	3.29e-12	1.00e+00
 4.55474e+11	4.10e-23	3.57e-12	1.00e+00
 5.03620e+11	4.56e-23	3.86e-12	1.00e+00
 5.53691e+11	5.08e-23	4.18e-12	1.00e+00
 6.05766e+11	5.66e-23	4.53e-12	1.00e+00
 6.59923e+11	6.32e-23	4.91e-12	1.00e+00
 7.16247e+11	7.07e-23	5.31e-12	1.00e+00
 7.74823e+11	7.91e-23	5.76e-12	1.00e+00
 8.35743e+11	8.86e-23	6.24e-12	1.00e+00
 8.99100e+11	9.94e-23	6.76e-12	1.00e+00
 9.60446e+11	1.11e-22	7.29e-12	1.00e+00
 1.01659e+12	1.22e-22	7.79e-12	1.00e+00
 1.07891e+12	1.35e-22	8.37e-12	1.00e+00
 1.15138e+12	1.53e-22	9.06e-12	1.00e+00
 1.22314e+12	1.72e-22	9.78e-12	1.00e+00
 1.29214e+12	1.91e-22	1.05e-11	1.00e+00
 1.36812e+12	2.14e-22	1.13e-11	1.00e+00
 1.45277e+12	2.43e-22	1.23e-11	1.00e+00
 1.53883e+12	2.76e-22	1.33e-11	1.00e+00
 1.62834e+12	3.12e-22	1.44e-11	1.00e+00
 1.72340e+12	3.56e-22	1.57e-11	1.00e+00
 1.82226e+12	4.06e-22	1.70e-11	1.00e+00
 1.92508e+12	4.64e-22	1.85e-11	1.00e+00
 2.03201e+12	5.31e-22	2.01e-11	1.00e+00
 2.14321e+12	6.08e-22	2.19e-11	1.00e+00
 2.25887e+12	6.98e-22	2.38e-11	1.00e+00
 2.36741e+12	7.92e-22	2.57e-11	1.00e+00
 2.46415e+12	8.82e-22	2.74e-11	1.00e+00
 2.57261e+12	9.92e-22	2.95e-11	1.00e+00
 2.70156e+12	1.14e-21	3.20e-11	1.00e+00
 2.83135e+12	1.30e-21	3.47e-11	1.00e+00
 2.95269e+12	1.47e-21	3.73e-11	1.00e+00
 3.08709e+12	1.68e-21	4.04e-11	1.00e+00
 3.24050e+12	1.94e-21	4.41e-11	1.00e+00
 3.39298e+12	2.23e-21	4.79e-11	1.00e+00
 3.55156e+12	2.57e-21	5.21e-11	1.00e+00
 3.72355e+12	2.98e-21	5.69e-11	1.00e+00
 3.89863e+12	3.44e-21	6.21e-11	1.00e+00
 4.06173e+12	3.93e-21	6.72e-11	1.00e+00
 4.21231e+12	4.41e-21	7.21e-11	1.00e+00
 4.38453e+12	5.02e-21	7.80e-11	1.00e+00
 4.58647e+12	5.83e-21	8.53e-11	1.00e+00
 4.78651e+12	6.71e-21	9.29e-11	1.00e+00
 4.97392e+12	7.62e-21	1.00e-10	1.00e+00
 5.18217e+12	8.73e-21	1.09e-10	1.00e+00
 5.41938e+12	1.02e-20	1.20e-10	1.00e+00
 5.65323e+12	1.17e-20	1.31e-10	1.00e+00
 5.89642e+12	1.35e-20	1.43e-10	1.00e+00
 6.16221e+12	1.57e-20	1.58e-10	1.00e+00
 6.42971e+12	1.81e-20	1.73e-10	1.00e+00
 6.70791e+12	2.09e-20	1.90e-10	1.00e+00
 7.00615e+12	2.42e-20	2.09e-10	1.00e+00
 7.30272e+12	2.78e-20	2.30e-10	1.00e+00
 7.61114e+12	3.19e-20	2.53e-10	1.00e+00
 7.94551e+12	3.68e-20	2.79e-10	1.00e+00
 8.29326e+12	4.25e-20	3.08e-10	1.00e+00
 8.65492e+12	4.89e-20	3.41e-10	1.00e+00
 9.03104e+12	5.61e-20	3.77e-10	1.00e+00
 9.37070e+12	6.34e-20	4.12e-10	1.00e+00
 9.65280e+12	6.96e-20	4.42e-10	1.00e+00
 9.96146e+12	7.69e-20	4.77e-10	1.00e+00
 1.03536e+13	8.69e-20	5.24e-10	1.00e+00
 1.07633e+13	9.82e-20	5.77e-10	1.00e+00
 1.11252e+13	1.09e-19	6.26e-10	1.00e+00
 1.14605e+13	1.19e-19	6.73e-10	1.00e+00
 1.18409e+13	1.32e-19	7.30e-10	1.00e+00
 1.23119e+13	1.48e-19	8.05e-10	1.00e+00
 1.27822e+13	1.66e-19	8.84e-10	1.00e+00
 1.31859e+13	1.83e-19	9.56e-10	1.00e+00
 1.36218e+13	2.01e-19	1.04e-09	1.00e+00
 1.41606e+13	2.26e-19	1.14e-09	1.00e+00
 1.47140e+13	2.53e-19	1.26e-09	1.00e+00
 1.52154e+13	2.80e-19	1.37e-09	1.00e+00
 1.57682e+13	3.12e-19	1.49e-09	1.00e+00
 1.64172e+13	3.53e-19	1.65e-09	1.00e+00
 1.70651e+13	3.99e-19	1.82e-09	1.00e+00
 1.76822e+13	4.47e-19	1.99e-09	1.00e+00
 1.83628e+13	5.05e-19	2.18e-09	1.00e+00
 1.91273e+13	5.78e-19	2.41e-09	1.00e+00
 1.98157e+13	6.53e-19	2.63e-09	1.00e+00
 2.03847e+13	7.20e-19	2.82e-09	1.00e+00
 2.10064e+13	8.00e-19	3.03e-09	1.00e+00
 2.17999e+13	9.15e-19	3.31e-09	1.00e+00
 2.26007e+13	1.05e-18	3.62e-09	1.00e+00
 2.32639e+13	1.16e-18	3.88e-09	1.00e+00
 2.39646e+13	1.30e-18	4.17e-09	1.00e+00
 2.48629e+13	1.50e-18	4.55e-09	1.00e+00
 2.58040e+13	1.74e-18	4.98e-09	1.00e+00
 2.66292e+13	1.97e-18	5.36e-09	1.00e+00
 2.75173e+13	2.25e-18	5.80e-09	1.00e+00
 2.85020e+13	2.61e-18	6.30e-09	1.00e+00
 2.94153e+13	2.97e-18	6.79e-09	1.00e+00
 3.04055e+13	3.41e-18	7.34e-09	1.00e+00
 3.15062e+13	3.96e-18	7.98e-09	1.00e+00
 3.25318e+13	4.54e-18	8.61e-09	1.00e+00
 3.36465e+13	5.25e-18	9.31e-09	1.00e+00
 3.48871e+13	6.14e-18	1.01e-08	1.00e+00
 3.60470e+13	7.07e-18	1.09e-08	1.00e+00
 3.73105e+13	8.22e-18	1.18e-08	1.00e+00
 3.87198e+13	9.67e-18	1.29e-08	1.00e+00
 4.00447e+13	1.12e-17	1.39e-08	1.00e+00
 4.14932e+13	1.31e-17	1.51e-08	1.00e+00
 4.31148e+13	1.55e-17	1.65e-08	1.00e+00
 4.46498e+13	1.80e-17	1.79e-08	1.00e+00
 4.63045e+13	2.11e-17	1.94e-08	1.00e+00
 4.81866e+13	2.52e-17	2.12e-08	1.00e+00
 5.00350e+13	2.97e-17	2.31e-08	1.00e+00
 5.19573e+13	3.51e-17	2.51e-08	1.00e+00
 5.40656e+13	4.16e-17	2.74e-08	1.00e+00
 5.62581e+13	4.95e-17	2.99e-08	1.00e+00
 5.85384e+13	5.86e-17	3.26e-08	1.00e+00
 6.07089e+13	6.87e-17	3.53e-08	1.00e+00
 6.26694e+13	7.88e-17	3.79e-08	1.00e+00
 6.44993e+13	8.92e-17	4.03e-08	1.00e+00
 6.65173e+13	1.02e-16	4.31e-08	1.00e+00
 6.87885e+13	1.17e-16	4.63e-08	1.00e+00
 7.09597e+13	1.34e-16	4.95e-08	1.00e+00
 7.33531e+13	1.54e-16	5.31e-08	1.00e+00
 7.60205e+13	1.79e-16	5.73e-08	1.00e+00
 7.84746e+13	2.05e-16	6.13e-08	1.00e+00
 8.07434e+13	2.31e-16	6.51e-08	1.00e+00
 8.33409e+13	2.63e-16	6.96e-08	1.00e+00
 8.65202e+13	3.07e-16	7.52e-08	1.00e+00
 8.96970e+13	3.57e-16	8.11e-08	1.00e+00
 9.24665e+13	4.04e-16	8.64e-08	1.00e+00
 9.54654e+13	4.60e-16	9.22e-08	1.00e+00
 9.91186e+13	5.35e-16	9.95e-08	1.00e+00
 1.02838e+14	6.23e-16	1.07e-07	1.00e+00
 1.06208e+14	7.09e-16	1.15e-07	1.00e+00
 1.09910e+14	8.13e-16	1.23e-07	1.00e+00
 1.14258e+14	9.48e-16	1.33e-07	1.00e+00
 1.18590e+14	1.10e-15	1.43e-07	1.00e+00
 1.22683e+14	1.26e-15	1.53e-07	1.00e+00
 1.27208e+14	1.45e-15	1.65e-07	1.00e+00
 1.32326e+14	1.70e-15	1.78e-07	1.00e+00
 1.37466e+14	1.97e-15	1.92e-07	1.00e+00
 1.42812e+14	2.29e-15	2.07e-07	1.00e+00
 1.48554e+14	2.67e-15	2.24e-07	1.00e+00
 1.54526e+14	3.11e-15	2.42e-07	1.00e+00
 1.60298e+14	3.58e-15	2.60e-07	1.00e+00
 1.65719e+14	4.08e-15	2.78e-07	1.00e+00
 1.70825e+14	4.59e-15	2.95e-07	1.00e+00
 1.76371e+14	5.19e-15	3.14e-07	1.00e+00
 1.82575e+14	5.94e-15	3.36e-07	1.00e+00
 1.88446e+14	6.72e-15	3.58e-07	1.00e+00
 1.94890e+14	7.65e-15	3.82e-07	1.00e+00
 2.02134e+14	8.81e-15	4.11e-07	1.00e+00
 2.09042e+14	1.00e-14	4.39e-07	1.00e+00
 2.16610e+14	1.15e-14	4.71e-07	1.00e+00
 2.25076e+14	1.34e-14	5.08e-07	1.00e+00
 2.33236e+14	1.54e-14	5.46e-07	1.00e+00
 2.41950e+14	1.77e-14	5.87e-07	1.00e+00
 2.51658e+14	2.06e-14	6.35e-07	1.00e+00
 2.60626e+14	2.36e-14	6.81e-07	1.00e+00
 2.68388e+14	2.65e-14	7.23e-07	1.00e+00
 2.77000e+14	3.00e-14	7.70e-07	1.00e+00
 2.87520e+14	3.47e-14	8.32e-07	1.00e+00
 2.98173e+14	3.99e-14	8.94e-07	1.00e+00
 3.07767e+14	4.52e-14	9.54e-07	1.00e+00
 3.18332e+14	5.15e-14	1.02e-06	1.00e+00
 3.30805e+14	5.99e-14	1.11e-06	1.00e+00
 3.43033e+14	6.88e-14	1.19e-06	1.00e+00
 3.54219e+14	7.78e-14	1.27e-06	1.00e+00
 3.66777e+14	8.90e-14	1.36e-06	1.00e+00
 3.81367e+14	1.03e-13	1.47e-06	1.00e+00
 3.95709e+14	1.19e-13	1.59e-06	1.00e+00
 4.09274e+14	1.35e-13	1.70e-06	1.00e+00
 4.24323e+14	1.55e-13	1.84e-06	1.00e+00
 4.41326e+14	1.80e-13	1.99e-06	1.00e+00
 4.58401e+14	2.08e-13	2.15e-06	1.00e+00
 4.74422e+14	2.36e-13	2.30e-06	1.00e+00
 4.91690e+14	2.70e-13	2.47e-06	1.00e+00
 5.11388e+14	3.13e-13	2.68e-06	1.00e+00
 5.29976e+14	3.57e-13	2.88e-06	1.00e+00
 5.46779e+14	4.00e-13	3.07e-06	1.00e+00
 5.62715e+14	4.45e-13	3.26e-06	1.00e+00
 5.80377e+14	4.99e-13	3.47e-06	1.00e+00
 6.00034e+14	5.63e-13	3.71e-06	1.00e+00
 6.18595e+14	6.30e-13	3.95e-06	1.00e+00
 6.39037e+14	7.08e-13	4.22e-06	1.00e+00
 6.61897e+14	8.02e-13	4.53e-06	1.00e+00
 6.83429e+14	9.01e-13	4.84e-06	1.00e+00
 7.06951e+14	1.02e-12	5.19e-06	1.00e+00
 7.32931e+14	1.16e-12	5.58e-06	1.00e+00
 7.57018e+14	1.30e-12	5.97e-06	1.00e+00
 7.83243e+14	1.46e-12	6.39e-06	1.00e+00
 8.12467e+14	1.66e-12	6.89e-06	1.00e+00
 8.39776e+14	1.87e-12	7.36e-06	1.00e+00
 8.69465e+14	2.11e-12	7.91e-06	1.00e+00
 9.02480e+14	2.40e-12	8.54e-06	1.00e+00
 9.33503e+14	2.71e-12	9.16e-06	1.00e+00
 9.67273e+14	3.06e-12	9.85e-06	1.00e+00
 1.00487e+15	3.50e-12	1.07e-05	1.00e+00
 1.04049e+15	3.95e-12	1.15e-05	1.00e+00
 1.07865e+15	4.48e-12	1.24e-05	1.00e+00
 1.12183e+15	5.12e-12	1.34e-05	1.00e+00
 1.16447e+15	5.84e-12	1.45e-05	1.00e+00
 1.20566e+15	6.59e-12	1.56e-05	1.00e+00
 1.25076e+15	7.53e-12	1.69e-05	1.00e+00
 1.30082e+15	8.61e-12	1.84e-05	1.00e+00
 1.34360e+15	9.69e-12	1.97e-05	1.00e+00
 1.37534e+15	1.05e-11	2.07e-05	1.00e+00
 1.40866e+15	1.15e-11	2.18e-05	1.00e+00
 1.45197e+15	1.28e-11	2.33e-05	1.00e+00
 1.49960e+15	1.43e-11	2.50e-05	1.00e+00
 1.54361e+15	1.59e-11	2.66e-05	1.00e+00
 1.59158e+15	1.78e-11	2.85e-05	1.00e+00
 1.64536e+15	2.00e-11	3.07e-05	1.00e+00
 1.69684e+15	2.25e-11	3.29e-05	1.00e+00
 1.75389e+15	2.53e-11	3.53e-05	1.00e+00
 1.81755e+15	2.90e-11	3.83e-05	1.00e+00
 1.87693e+15	3.27e-11	4.12e-05	1.00e+00
 1.94127e+15	3.71e-11	4.44e-05	1.00e+00
 2.01276e+15	4.26e-11	4.82e-05	1.00e+00
 2.07918e+15	4.81e-11	5.19e-05	1.00e+00
 2.15114e+15	5.48e-11	5.61e-05	1.00e+00
 2.23136e+15	6.31e-11	6.10e-05	1.00e+00
 2.30643e+15	7.09e-11	6.56e-05	1.00e+00
 2.38814e+15	8.17e-11	7.11e-05	1.00e+00
 2.47926e+15	9.46e-11	7.75e-05	1.00e+00
 2.56479e+15	1.07e-10	8.35e-05	1.00e+00
 2.65750e+15	1.23e-10	9.07e-05	1.00e+00
 2.76114e+15	1.43e-10	9.89e-05	1.00e+00
 2.86024e+15	1.64e-10	1.07e-04	1.00e+00
 2.96599e+15	1.89e-10	1.16e-04	1.00e+00
 3.08466e+15	2.21e-10	1.27e-04	1.00e+00
 3.18404e+15	2.48e-10	1.37e-04	1.00e+00
 3.25548e+15	2.72e-10	1.44e-04	1.00e+00
 3.33036e+15	2.99e-10	1.52e-04	1.00e+00
 3.42770e+15	3.36e-10	1.62e-04	1.00e+00
 3.53547e+15	3.80e-10	1.74e-04	1.00e+00
 3.63582e+15	4.23e-10	1.85e-04	1.00e+00
 3.74529e+15	4.72e-10	1.98e-04	1.00e+00
 3.86804e+15	5.44e-10	2.13e-04	1.00e+00
 3.98417e+15	6.09e-10	2.27e-04	1.00e+00
 4.11127e+15	6.85e-10	2.44e-04	1.00e+00
 4.25403e+15	7.98e-10	2.64e-04	1.00e+00
 4.38984e+15	9.03e-10	2.83e-04	1.00e+00
 4.53906e+15	1.02e-09	3.05e-04	1.00e+00
 4.70755e+15	1.20e-09	3.32e-04	1.00e+00
 4.86740e+15	1.37e-09	3.57e-04	1.00e+00
 5.04148e+15	1.56e-09	3.86e-04	1.00e+00
 5.23488e+15	1.85e-09	4.21e-04	1.00e+00
 5.41456e+15	2.12e-09	4.54e-04	1.00e+00
 5.60925e+15	2.44e-09	4.91e-04	1.00e+00
 5.82795e+15	2.82e-09	5.34e-04	9.99e-01
 6.03601e+15	3.26e-09	5.78e-04	9.99e-01
 6.25809e+15	3.79e-09	6.26e-04	9.99e-01
 6.50332e+15	4.44e-09	6.83e-04	9.99e-01
 6.74194e+15	5.23e-09	7.40e-04	9.99e-01
 6.93981e+15	5.91e-09	7.89e-04	9.99e-01
 7.09644e+15	6.49e-09	8.30e-04	9.99e-01
 7.26866e+15	7.17e-09	8.75e-04	9.99e-01
 7.49254e+15	8.01e-09	9.36e-04	9.99e-01
 7.73350e+15	9.30e-09	1.01e-03	9.99e-01
 7.94663e+15	1.04e-08	1.07e-03	9.99e-01
 8.17370e+15	1.15e-08	1.14e-03	9.99e-01
 8.46810e+15	1.36e-08	1.23e-03	9.99e-01
 8.76765e+15	1.56e-08	1.33e-03	9.99e-01
 9.01411e+15	1.74e-08	1.42e-03	9.99e-01
 9.27393e+15	1.96e-08	1.51e-03	9.98e-01
 9.60921e+15	2.33e-08	1.64e-03	9.98e-01
 9.95370e+15	2.69e-08	1.78e-03	9.98e-01
 1.02471e+16	3.05e-08	1.90e-03	9.98e-01
 1.05629e+16	3.48e-08	2.04e-03	9.98e-01
 1.09562e+16	3.99e-08	2.21e-03	9.98e-01
 1.13489e+16	4.75e-08	2.41e-03	9.98e-01
 1.16813e+16	5.37e-08	2.57e-03	9.97e-01
 1.20368e+16	6.09e-08	2.76e-03	9.97e-01
 1.24825e+16	7.04e-08	3.02e-03	9.97e-01
 1.29216e+16	8.39e-08	3.28e-03	9.97e-01
 1.32742e+16	9.44e-08	3.51e-03	9.96e-01
 1.36384e+16	1.07e-07	3.76e-03	9.96e-01
 1.41119e+16	1.23e-07	4.10e-03	9.96e-01
 1.46047e+16	1.47e-07	4.49e-03	9.96e-01
 1.49692e+16	1.64e-07	4.78e-03	9.95e-01
 1.52895e+16	1.82e-07	5.07e-03	9.95e-01
 1.57059e+16	2.07e-07	5.47e-03	9.95e-01
 1.61458e+16	2.38e-07	5.92e-03	9.94e-01
 1.65245e+16	2.66e-07	6.33e-03	9.94e-01
 1.69249e+16	2.99e-07	6.81e-03	9.93e-01
 1.73702e+16	3.49e-07	7.40e-03	9.93e-01
 1.77694e+16	3.92e-07	7.95e-03	9.92e-01
 1.81238e+16	4.34e-07	8.49e-03	9.92e-01
 1.85244e+16	4.92e-07	9.19e-03	9.91e-01
 1.89650e+16	5.79e-07	1.00e-02	9.90e-01
 1.93611e+16	6.53e-07	1.08e-02	9.89e-01
 1.97229e+16	7.30e-07	1.17e-02	9.88e-01
 2.00817e+16	8.25e-07	1.26e-02	9.87e-01
 2.04363e+16	9.56e-07	1.37e-02	9.86e-01
 2.07781e+16	1.07e-06	1.48e-02	9.85e-01
 2.11603e+16	1.26e-06	1.62e-02	9.84e-01
 2.15536e+16	1.45e-06	1.79e-02	9.82e-01
 2.18765e+16	1.63e-06	1.95e-02	9.81e-01
 2.21674e+16	1.85e-06	2.11e-02	9.79e-01
 2.25012e+16	2.15e-06	2.34e-02	9.77e-01
 2.28514e+16	2.53e-06	2.61e-02	9.74e-01
 2.31417e+16	2.94e-06	2.88e-02	9.71e-01
 2.33896e+16	3.36e-06	3.15e-02	9.69e-01
 2.36183e+16	3.88e-06	3.43e-02	9.66e-01
 2.38211e+16	4.38e-06	3.73e-02	9.63e-01
 2.40354e+16	4.95e-06	4.09e-02	9.59e-01
 2.43141e+16	6.13e-06	4.66e-02	9.53e-01
 2.45825e+16	7.39e-06	5.32e-02	9.47e-01
 2.47767e+16	8.52e-06	5.91e-02	9.41e-01
 2.49680e+16	9.87e-06	6.62e-02	9.34e-01
 2.51787e+16	1.18e-05	7.55e-02	9.24e-01
 2.53624e+16	1.42e-05	8.56e-02	9.14e-01
 2.55118e+16	1.69e-05	9.57e-02	9.04e-01
 2.56408e+16	1.94e-05	1.06e-01	8.94e-01
 2.57807e+16	2.29e-05	1.19e-01	8.81e-01
 2.59314e+16	2.75e-05	1.37e-01	8.63e-01
 2.60601e+16	3.22e-05	1.55e-01	8.45e-01
 2.61696e+16	3.82e-05	1.73e-01	8.27e-01
 2.62654e+16	4.34e-05	1.92e-01	8.08e-01
 2.63650e+16	5.07e-05	2.15e-01	7.85e-01
 2.64665e+16	5.95e-05	2.42e-01	7.58e-01
 2.65405e+16	6.80e-05	2.65e-01	7.35e-01
 2.65887e+16	7.36e-05	2.81e-01	7.19e-01
 2.66338e+16	7.96e-05	2.97e-01	7.03e-01
 2.66924e+16	8.83e-05	3.21e-01	6.79e-01
 2.67686e+16	1.01e-04	3.53e-01	6.47e-01
 2.68435e+16	1.15e-04	3.88e-01	6.12e-01
 2.69006e+16	1.27e-04	4.17e-01	5.83e-01
 2.69589e+16	1.41e-04	4.49e-01	5.51e-01
 2.70246e+16	1.57e-04	4.86e-01	5.14e-01
 2.70871e+16	1.74e-04	5.22e-01	4.78e-01
 2.71556e+16	1.95e-04	5.63e-01	4.37e-01
 2.72300e+16	2.18e-04	6.07e-01	3.93e-01
 2.72992e+16	2.40e-04	6.47e-01	3.53e-01
 2.73759e+16	2.66e-04	6.91e-01	3.09e-01
 2.74622e+16	2.94e-04	7.35e-01	2.65e-01
 2.75479e+16	3.22e-04	7.75e-01	2.25e-01
 2.76461e+16	3.53e-04	8.15e-01	1.85e-01
 2.77737e+16	3.89e-04	8.58e-01	1.42e-01
 2.79160e+16	4.25e-04	8.93e-01	1.07e-01
 2.80776e+16	4.61e-04	9.22e-01	7.71e-02
 2.82875e+16	5.01e-04	9.48e-01	5.16e-02
 2.85605e+16	5.47e-04	9.68e-01	3.19e-02
 2.88593e+16	5.93e-04	9.79e-01	2.00e-02
 2.91340e+16	6.36e-04	9.86e-01	1.35e-02
 2.93909e+16	6.80e-04	9.90e-01	9.70e-03
 2.96821e+16	7.35e-04	9.92e-01	6.78e-03
 2.99241e+16	7.87e-04	9.94e-01	5.28e-03
 3.00418e+16	8.16e-04	9.94e-01	4.71e-03
 3.01348e+16	8.40e-04	9.95e-01	4.26e-03
 3.02557e+16	8.73e-04	9.95e-01	3.75e-03
 3.04129e+16	9.21e-04	9.96e-01	3.19e-03
 3.05747e+16	9.74e-04	9.96e-01	2.74e-03
 3.07016e+16	1.02e-03	9.97e-01	2.45e-03
 3.08059e+16	1.07e-03	9.97e-01	2.23e-03
 3.09215e+16	1.12e-03	9.97e-01	2.00e-03
 3.10390e+16	1.17e-03	9.97e-01	1.81e-03
 3.11301e+16	1.22e-03	9.97e-01	1.68e-03
 3.12060e+16	1.27e-03	9.97e-01	1.58e-03
 3.12912e+16	1.32e-03	9.97e-01	1.47e-03
 3.13860e+16	1.38e-03	9.97e-01	1.35e-03
 3.14720e+16	1.45e-03	9.97e-01	1.26e-03
 3.15473e+16	1.51e-03	9.97e-01	1.19e-03
 3.16300e+16	1.58e-03	9.97e-01	1.11e-03
 3.17185e+16	1.66e-03	9.97e-01	1.04e-03
 3.17939e+16	1.74e-03	9.97e-01	9.82e-04
 3.18582e+16	1.81e-03	9.97e-01	9.35e-04
 3.19284e+16	1.90e-03	9.97e-01	8.83e-04
 3.20060e+16	2.01e-03	9.97e-01	8.33e-04
 3.20749e+16	2.11e-03	9.97e-01	7.93e-04
 3.21335e+16	2.20e-03	9.97e-01	7.59e-04
 3.21970e+16	2.32e-03	9.97e-01	7.23e-04
 3.22669e+16	2.45e-03	9.97e-01	6.87e-04
 3.23287e+16	2.58e-03	9.97e-01	6.58e-04
 3.23815e+16	2.71e-03	9.97e-01	6.33e-04
 3.24390e+16	2.85e-03	9.97e-01	6.06e-04
 3.25021e+16	3.03e-03	9.96e-01	5.80e-04
 3.25582e+16	3.21e-03	9.96e-01	5.57e-04
 3.26073e+16	3.38e-03	9.96e-01	5.39e-04
 3.26617e+16	3.59e-03	9.96e-01	5.18e-04
 3.27211e+16	3.85e-03	9.96e-01	4.96e-04
 3.27738e+16	4.11e-03	9.95e-01	4.79e-04
 3.28205e+16	4.36e-03	9.95e-01	4.65e-04
 3.28725e+16	4.68e-03	9.95e-01	4.47e-04
 3.29302e+16	5.09e-03	9.94e-01	4.30e-04
 3.29834e+16	5.52e-03	9.94e-01	4.15e-04
 3.30318e+16	5.97e-03	9.94e-01	4.03e-04
 3.30862e+16	6.56e-03	9.93e-01	3.88e-04
 3.31435e+16	7.31e-03	9.92e-01	3.74e-04
 3.31887e+16	8.03e-03	9.92e-01	3.63e-04
 3.32231e+16	8.66e-03	9.91e-01	3.56e-04
 3.32593e+16	9.41e-03	9.90e-01	3.47e-04
 3.33002e+16	1.04e-02	9.89e-01	3.38e-04
 3.33372e+16	1.15e-02	9.88e-01	3.31e-04
 3.33679e+16	1.25e-02	9.87e-01	3.27e-04
 3.34003e+16	1.38e-02	9.86e-01	3.21e-04
 3.34354e+16	1.55e-02	9.84e-01	3.16e-04
 3.34654e+16	1.72e-02	9.82e-01	3.11e-04
 3.34899e+16	1.89e-02	9.81e-01	3.08e-04
 3.35159e+16	2.10e-02	9.79e-01	3.05e-04
 3.35446e+16	2.36e-02	9.76e-01	3.03e-04
 3.35701e+16	2.66e-02	9.73e-01	3.02e-04
 3.35918e+16	2.95e-02	9.70e-01	3.02e-04
 3.36119e+16	3.27e-02	9.67e-01	3.01e-04
 3.36317e+16	3.64e-02	9.63e-01	3.03e-04
 3.36512e+16	4.06e-02	9.59e-01	3.04e-04
 3.36699e+16	4.55e-02	9.54e-01	3.06e-04
 3.36870e+16	5.05e-02	9.49e-01	3.11e-04
 3.37033e+16	5.63e-02	9.43e-01	3.13e-04
 3.37191e+16	6.26e-02	9.37e-01	3.19e-04
 3.37345e+16	6.98e-02	9.30e-01	3.24e-04
 3.37493e+16	7.80e-02	9.22e-01	3.30e-04
 3.37631e+16	8.66e-02	9.13e-01	3.37e-04
 3.37757e+16	9.53e-02	9.04e-01	3.46e-04
 3.37869e+16	1.04e-01	8.95e-01	3.53e-04
 3.37971e+16	1.14e-01	8.86e-01	3.59e-04
 3.38073e+16	1.23e-01	8.76e-01	3.67e-04
 3.38154e+16	1.32e-01	8.68e-01	3.73e-04
 3.38206e+16	1.38e-01	8.62e-01	3.78e-04
 3.38252e+16	1.44e-01	8.56e-01	3.82e-04
 3.38306e+16	1.51e-01	8.49e-01	3.87e-04
 3.38365e+16	1.59e-01	8.41e-01	3.92e-04
 3.38422e+16	1.67e-01	8.32e-01	3.97e-04
 3.38475e+16	1.75e-01	8.25e-01	4.03e-04
 3.38527e+16	1.84e-01	8.16e-01	4.07e-04
 3.38579e+16	1.92e-01	8.07e-01	4.13e-04
 3.38631e+16	2.02e-01	7.98e-01	4.18e-04
 3.38684e+16	2.12e-01	7.88e-01	4.23e-04
 3.38734e+16	2.22e-01	7.78e-01	4.29e-04
 3.38783e+16	2.32e-01	7.68e-01	4.35e-04
 3.38833e+16	2.43e-01	7.56e-01	4.39e-04
 3.38882e+16	2.54e-01	7.45e-01	4.46e-04
 3.38931e+16	2.66e-01	7.33e-01	4.50e-04
 3.38978e+16	2.78e-01	7.22e-01	4.56e-04
 3.39026e+16	2.90e-01	7.09e-01	4.60e-04
 3.39073e+16	3.03e-01	6.96e-01	4.65e-04
 3.39119e+16	3.16e-01	6.83e-01	4.69e-04
 3.39164e+16	3.30e-01	6.70e-01	4.74e-04
 3.39208e+16	3.43e-01	6.56e-01	4.78e-04
 3.39253e+16	3.57e-01	6.42e-01	4.83e-04
 3.39297e+16	3.72e-01	6.28e-01	4.86e-04
 3.39340e+16	3.86e-01	6.13e-01	4.90e-04
 3.39382e+16	4.01e-01	5.99e-01	4.93e-04
 3.39425e+16	4.16e-01	5.83e-01	4.95e-04
 3.39466e+16	4.31e-01	5.69e-01	4.98e-04
 3.39507e+16	4.46e-01	5.54e-01	5.01e-04
 3.39547e+16	4.61e-01	5.39e-01	5.03e-04
 3.39586e+16	4.76e-01	5.23e-01	5.05e-04
 3.39625e+16	4.91e-01	5.08e-01	5.06e-04
 3.39663e+16	5.06e-01	4.93e-01	5.07e-04
 3.39700e+16	5.21e-01	4.79e-01	5.08e-04
 3.39737e+16	5.35e-01	4.64e-01	5.08e-04
 3.39772e+16	5.50e-01	4.50e-01	5.08e-04
 3.39807e+16	5.64e-01	4.36e-01	5.06e-04
 3.39841e+16	5.78e-01	4.22e-01	5.05e-04
 3.39875e+16	5.91e-01	4.08e-01	5.04e-04
 3.39908e+16	6.05e-01	3.95e-01	5.02e-04
 3.39940e+16	6.18e-01	3.82e-01	5.00e-04
 3.39971e+16	6.30e-01	3.69e-01	4.98e-04
 3.40002e+16	6.43e-01	3.57e-01	4.95e-04
 3.40033e+16	6.54e-01	3.45e-01	4.92e-04
 3.40062e+16	6.66e-01	3.33e-01	4.89e-04
 3.40092e+16	6.77e-01	3.22e-01	4.85e-04
 3.40121e+16	6.89e-01	3.11e-01	4.82e-04
 3.40150e+16	6.99e-01	3.00e-01	4.78e-04
 3.40178e+16	7.10e-01	2.90e-01	4.74e-04
 3.40206e+16	7.20e-01	2.80e-01	4.69e-04
 3.40233e+16	7.30e-01	2.70e-01	4.64e-04
 3.40260e+16	7.39e-01	2.60e-01	4.60e-04
 3.40287e+16	7.49e-01	2.51e-01	4.55e-04
 3.40313e+16	7.58e-01	2.42e-01	4.49e-04
 3.40336e+16	7.65e-01	2.34e-01	4.44e-04
 3.40353e+16	7.71e-01	2.29e-01	4.40e-04
 3.40369e+16	7.76e-01	2.23e-01	4.36e-04
 3.40386e+16	7.82e-01	2.18e-01	4.31e-04
 3.40403e+16	7.87e-01	2.12e-01	4.27e-04
 3.40420e+16	7.92e-01	2.07e-01	4.23e-04
 3.40436e+16	7.97e-01	2.02e-01	4.18e-04
 3.40451e+16	8.02e-01	1.98e-01	4.14e-04
 3.40466e+16	8.06e-01	1.93e-01	4.10e-04
 3.40481e+16	8.11e-01	1.89e-01	4.06e-04
 3.40496e+16	8.15e-01	1.85e-01	4.02e-04
 3.40510e+16	8.19e-01	1.81e-01	3.98e-04
 3.40524e+16	8.23e-01	1.77e-01	3.94e-04
 3.40538e+16	8.27e-01	1.73e-01	3.89e-04
 3.40552e+16	8.31e-01	1.69e-01	3.85e-04
 3.40565e+16	8.34e-01	1.65e-01	3.81e-04
 3.40579e+16	8.38e-01	1.62e-01	3.77e-04
 3.40593e+16	8.42e-01	1.58e-01	3.72e-04
 3.40607e+16	8.45e-01	1.55e-01	3.68e-04
 3.40621e+16	8.49e-01	1.51e-01	3.63e-04
 3.40636e+16	8.52e-01	1.47e-01	3.59e-04
 3.40651e+16	8.56e-01	1.44e-01	3.54e-04
 3.40667e+16	8.60e-01	1.40e-01	3.49e-04
 3.40684e+16	8.64e-01	1.36e-01	3.43e-04
 3.40704e+16	8.68e-01	1.31e-01	3.37e-04
 3.40726e+16	8.73e-01	1.27e-01	3.29e-04
 3.40749e+16	8.78e-01	1.22e-01	3.22e-04
 3.40770e+16	8.82e-01	1.17e-01	3.14e-04
 3.40791e+16	8.86e-01	1.13e-01	3.07e-04
 3.40810e+16	8.90e-01	1.10e-01	3.00e-04
 3.40829e+16	8.94e-01	1.06e-01	2.92e-04
 3.40847e+16	8.97e-01	1.02e-01	2.86e-04
 3.40864e+16	9.00e-01	9.95e-02	2.79e-04
 3.40879e+16	9.03e-01	9.68e-02	2.73e-04
 3.40893e+16	9.05e-01	9.43e-02	2.68e-04
 3.40905e+16	9.08e-01	9.22e-02	2.63e-04
 3.40916e+16	9.10e-01	9.02e-02	2.58e-04
 3.40927e+16	9.11e-01	8.84e-02	2.53e-04
 3.40938e+16	9.13e-01	8.65e-02	2.49e-04
 3.40950e+16	9.15e-01	8.46e-02	2.44e-04
 3.40961e+16	9.17e-01	8.28e-02	2.40e-04
 3.40971e+16	9.19e-01	8.12e-02	2.35e-04
 3.40981e+16	9.20e-01	7.98e-02	2.31e-04
 3.40991e+16	9.22e-01	7.82e-02	2.27e-04
 3.41002e+16	9.23e-01	7.66e-02	2.23e-04
 3.41011e+16	9.25e-01	7.51e-02	2.19e-04
 3.41020e+16	9.26e-01	7.38e-02	2.15e-04
 3.41029e+16	9.27e-01	7.25e-02	2.12e-04
 3.41038e+16	9.29e-01	7.12e-02	2.08e-04
 3.41047e+16	9.30e-01	6.99e-02	2.04e-04
 3.41056e+16	9.31e-01	6.86e-02	2.01e-04
 3.41064e+16	9.32e-01	6.75e-02	1.97e-04
 3.41071e+16	9.33e-01	6.65e-02	1.94e-04
 3.41079e+16	9.34e-01	6.54e-02	1.91e-04
 3.41088e+16	9.36e-01	6.42e-02	1.87e-04
 3.41096e+16	9.37e-01	6.32e-02	1.84e-04
 3.41103e+16	9.38e-01	6.22e-02	1.81e-04
 3.41110e+16	9.38e-01	6.14e-02	1.78e-04
 3.41117e+16	9.39e-01	6.05e-02	1.76e-04
 3.41124e+16	9.40e-01	5.95e-02	1.73e-04
 3.41131e+16	9.41e-01	5.86e-02	1.70e-04
 3.41138e+16	9.42e-01	5.78e-02	1.67e-04
 3.41145e+16	9.43e-01	5.69e-02	1.65e-04
 3.41152e+16	9.44e-01	5.60e-02	1.62e-04
 3.41159e+16	9.45e-01	5.52e-02	1.59e-04
 3.41166e+16	9.45e-01	5.45e-02	1.57e-04
 3.41172e+16	9.46e-01	5.37e-02	1.54e-04
 3.41180e+16	9.47e-01	5.28e-02	1.52e-04
 3.41186e+16	9.48e-01	5.21e-02	1.49e-04
 3.41193e+16	9.48e-01	5.14e-02	1.47e-04
 3.41199e+16	9.49e-01	5.06e-02	1.45e-04
 3.41207e+16	9.50e-01	4.99e-02	1.42e-04
 3.41213e+16	9.51e-01	4.92e-02	1.40e-04
 3.41220e+16	9.51e-01	4.84e-02	1.37e-04
 3.41228e+16	9.52e-01	4.76e-02	1.35e-04
 3.41235e+16	9.53e-01	4.69e-02	1.33e-04
 3.41242e+16	9.54e-01	4.63e-02	1.31e-04
 3.41249e+16	9.54e-01	4.56e-02	1.28e-04
 3.41256e+16	9.55e-01	4.49e-02	1.26e-04
 3.41263e+16	9.56e-01	4.42e-02	1.24e-04
 3.41271e+16	9.56e-01	4.35e-02	1.22e-04
 3.41279e+16	9.57e-01	4.28e-02	1.20e-04
 3.41287e+16	9.58e-01	4.22e-02	1.18e-04
 3.41295e+16	9.58e-01	4.15e-02	1.16e-04
 3.41304e+16	9.59e-01	4.08e-02	1.14e-04
 3.41312e+16	9.60e-01	4.02e-02	1.12e-04
 3.41321e+16	9.60e-01	3.95e-02	1.10e-04
 3.41330e+16	9.61e-01	3.88e-02	1.07e-04
 3.41339e+16	9.62e-01	3.82e-02	1.06e-04
 3.41348e+16	9.62e-01	3.75e-02	1.03e-04
 3.41359e+16	9.63e-01	3.68e-02	1.01e-04
 3.41368e+16	9.64e-01	3.62e-02	9.96e-05
 3.41376e+16	9.64e-01	3.57e-02	9.80e-05
 3.41386e+16	9.65e-01	3.51e-02	9.61e-05
 3.41396e+16	9.65e-01	3.45e-02	9.43e-05
 3.41405e+16	9.66e-01	3.40e-02	9.28e-05
 3.41415e+16	9.67e-01	3.34e-02	9.09e-05
 3.41426e+16	9.67e-01	3.28e-02	8.92e-05
 3.41436e+16	9.68e-01	3.23e-02	8.77e-05
 3.41446e+16	9.68e-01	3.17e-02	8.59e-05
 3.41458e+16	9.69e-01	3.11e-02	8.43e-05
 3.41469e+16	9.69e-01	3.07e-02	8.29e-05
 3.41480e+16	9.70e-01	3.01e-02	8.11e-05
 3.41493e+16	9.70e-01	2.96e-02	7.96e-05
 3.41504e+16	9.71e-01	2.91e-02	7.82e-05
 3.41517e+16	9.71e-01	2.85e-02	7.66e-05
 3.41530e+16	9.72e-01	2.80e-02	7.51e-05
 3.41543e+16	9.72e-01	2.76e-02	7.38e-05
 3.41556e+16	9.73e-01	2.71e-02	7.23e-05
 3.41574e+16	9.73e-01	2.64e-02	7.05e-05
 3.41592e+16	9.74e-01	2.59e-02	6.88e-05
 3.41610e+16	9.75e-01	2.53e-02	6.73e-05
 3.41625e+16	9.75e-01	2.49e-02	6.60e-05
 3.41642e+16	9.76e-01	2.44e-02	6.45e-05
 3.41661e+16	9.76e-01	2.39e-02	6.32e-05
 3.41678e+16	9.76e-01	2.35e-02	6.20e-05
 3.41696e+16	9.77e-01	2.31e-02	6.07e-05
 3.41720e+16	9.77e-01	2.25e-02	5.91e-05
 3.41746e+16	9.78e-01	2.21e-02	5.78e-05
 3.41770e+16	9.78e-01	2.16e-02	5.65e-05
 3.41795e+16	9.79e-01	2.12e-02	5.51e-05
 3.41823e+16	9.79e-01	2.07e-02	5.39e-05
 3.41849e+16	9.80e-01	2.04e-02	5.29e-05
 3.41877e+16	9.80e-01	2.00e-02	5.17e-05
 3.41913e+16	9.80e-01	1.95e-02	5.04e-05
 3.41952e+16	9.81e-01	1.91e-02	4.93e-05
 3.41987e+16	9.81e-01	1.88e-02	4.83e-05
 3.42026e+16	9.82e-01	1.84e-02	4.72e-05
 3.42077e+16	9.82e-01	1.80e-02	4.60e-05
 3.42131e+16	9.82e-01	1.77e-02	4.50e-05
 3.42181e+16	9.83e-01	1.74e-02	4.41e-05
 3.42236e+16	9.83e-01	1.71e-02	4.32e-05
 3.42306e+16	9.83e-01	1.68e-02	4.23e-05
 3.42398e+16	9.83e-01	1.65e-02	4.12e-05
 3.42498e+16	9.84e-01	1.62e-02	4.03e-05
 3.42607e+16	9.84e-01	1.59e-02	3.94e-05
 3.42748e+16	9.84e-01	1.56e-02	3.83e-05
 3.42932e+16	9.85e-01	1.54e-02	3.72e-05
 3.43171e+16	9.85e-01	1.50e-02	3.59e-05
 3.43430e+16	9.85e-01	1.47e-02	3.47e-05
 3.43713e+16	9.86e-01	1.44e-02	3.34e-05
 3.44080e+16	9.86e-01	1.41e-02	3.18e-05
 3.44478e+16	9.86e-01	1.37e-02	3.03e-05
 3.44839e+16	9.87e-01	1.34e-02	2.90e-05
 3.45235e+16	9.87e-01	1.31e-02	2.76e-05
 3.45663e+16	9.87e-01	1.27e-02	2.62e-05
 3.46052e+16	9.88e-01	1.24e-02	2.51e-05
 3.46478e+16	9.88e-01	1.21e-02	2.38e-05
 3.46938e+16	9.88e-01	1.18e-02	2.26e-05
 3.47357e+16	9.89e-01	1.15e-02	2.16e-05
 3.47816e+16	9.89e-01	1.12e-02	2.04e-05
 3.48312e+16	9.89e-01	1.08e-02	1.93e-05
 3.48762e+16	9.89e-01	1.06e-02	1.84e-05
 3.49257e+16	9.90e-01	1.03e-02	1.74e-05
 3.49790e+16	9.90e-01	9.97e-03	1.65e-05
 3.50275e+16	9.90e-01	9.71e-03	1.56e-05
 3.50807e+16	9.91e-01	9.43e-03	1.48e-05
 3.51382e+16	9.91e-01	9.14e-03	1.39e-05
 3.51904e+16	9.91e-01	8.90e-03	1.32e-05
 3.52477e+16	9.91e-01	8.63e-03	1.24e-05
 3.53095e+16	9.92e-01	8.36e-03	1.17e-05
 3.53772e+16	9.92e-01	8.06e-03	1.09e-05
 3.54593e+16	9.92e-01	7.72e-03	1.00e-05
 3.55473e+16	9.93e-01	7.39e-03	9.19e-06
 3.56365e+16	9.93e-01	7.08e-03	8.43e-06
 3.57288e+16	9.93e-01	6.77e-03	7.73e-06
 3.58250e+16	9.94e-01	6.47e-03	7.06e-06
 3.59249e+16	9.94e-01	6.17e-03	6.44e-06
 3.60286e+16	9.94e-01	5.88e-03	5.86e-06
 3.61351e+16	9.94e-01	5.61e-03	5.33e-06
 3.62436e+16	9.95e-01	5.34e-03	4.85e-06
 3.63538e+16	9.95e-01	5.09e-03	4.41e-06
 3.64662e+16	9.95e-01	4.85e-03	4.00e-06
 3.65811e+16	9.95e-01	4.62e-03	3.63e-06
 3.66982e+16	9.96e-01	4.40e-03	3.29e-06
 3.68175e+16	9.96e-01	4.18e-03	2.99e-06
 3.69390e+16	9.96e-01	3.98e-03	2.70e-06
 3.70630e+16	9.96e-01	3.78e-03	2.45e-06
 3.71893e+16	9.96e-01	3.60e-03	2.22e-06
 3.73161e+16	9.97e-01	3.42e-03	2.01e-06
 3.74449e+16	9.97e-01	3.26e-03	1.81e-06
 3.75785e+16	9.97e-01	3.09e-03	1.64e-06
 3.77155e+16	9.97e-01	2.93e-03	1.47e-06
 3.78548e+16	9.97e-01	2.78e-03	1.33e-06
 3.79966e+16	9.97e-01	2.64e-03	1.19e-06
 3.81410e+16	9.97e-01	2.50e-03	1.07e-06
 3.82883e+16	9.98e-01	2.37e-03	9.64e-07
 3.84387e+16	9.98e-01	2.25e-03	8.65e-07
 3.85922e+16	9.98e-01	2.13e-03	7.74e-07
 3.87489e+16	9.98e-01	2.01e-03	6.93e-07
 3.89090e+16	9.98e-01	1.90e-03	6.19e-07
 3.90725e+16	9.98e-01	1.80e-03	5.52e-07
 3.92396e+16	9.98e-01	1.70e-03	4.92e-07
 3.94104e+16	9.98e-01	1.60e-03	4.38e-07
 3.95851e+16	9.98e-01	1.51e-03	3.89e-07
 3.97638e+16	9.99e-01	1.42e-03	3.45e-07
 3.99468e+16	9.99e-01	1.34e-03	3.05e-07
 4.01341e+16	9.99e-01	1.26e-03	2.69e-07
 4.03262e+16	9.99e-01	1.18e-03	2.37e-07
 4.05233e+16	9.99e-01	1.11e-03	2.09e-07
 4.07257e+16	9.99e-01	1.04e-03	1.83e-07
 4.09336e+16	9.99e-01	9.74e-04	1.60e-07
 4.11474e+16	9.99e-01	9.11e-04	1.40e-07
 4.13674e+16	9.99e-01	8.51e-04	1.22e-07
 4.15941e+16	9.99e-01	7.95e-04	1.06e-07
 4.18234e+16	9.99e-01	7.42e-04	9.18e-08
 4.20591e+16	9.99e-01	6.91e-04	7.93e-08
 4.23089e+16	9.99e-01	6.41e-04	6.80e-08
 4.25699e+16	9.99e-01	5.94e-04	5.80e-08
 4.28395e+16	9.99e-01	5.49e-04	4.93e-08
 4.31189e+16	9.99e-01	5.06e-04	4.17e-08
 4.34105e+16	1.00e+00	4.66e-04	3.50e-08
 4.37165e+16	1.00e+00	4.27e-04	2.92e-08
 4.40376e+16	1.00e+00	3.90e-04	2.42e-08
 4.43744e+16	1.00e+00	3.55e-04	1.99e-08
 4.47316e+16	1.00e+00	3.21e-04	1.62e-08
 4.51090e+16	1.00e+00	2.90e-04	1.30e-08
 4.55107e+16	1.00e+00	2.59e-04	1.03e-08
 4.59439e+16	1.00e+00	2.31e-04	8.05e-09
 4.64095e+16	1.00e+00	2.03e-04	6.19e-09
 4.69140e+16	1.00e+00	1.78e-04	4.65e-09
 4.74672e+16	1.00e+00	1.53e-04	3.41e-09
 4.80814e+16	1.00e+00	1.30e-04	2.42e-09
 4.87727e+16	1.00e+00	1.08e-04	1.64e-09
 4.95676e+16	1.00e+00	8.69e-05	1.06e-09
 5.04812e+16	1.00e+00	6.78e-05	6.38e-10
 5.14830e+16	1.00e+00	5.17e-05	3.70e-10
 5.25158e+16	1.00e+00	3.92e-05	2.13e-10
 5.35572e+16	1.00e+00	2.96e-05	1.22e-10
 5.46213e+16	1.00e+00	2.23e-05	6.97e-11
 5.57283e+16	1.00e+00	1.66e-05	3.91e-11
 5.68888e+16	1.00e+00	1.22e-05	2.16e-11
 5.81012e+16	1.00e+00	8.94e-06	1.17e-11
 5.93763e+16	1.00e+00	6.47e-06	6.24e-12
 6.07308e+16	1.00e+00	4.61e-06	3.24e-12
 6.21759e+16	1.00e+00	3.24e-06	1.64e-12
 6.37053e+16	1.00e+00	2.26e-06	8.10e-13
 6.52714e+16	1.00e+00	1.58e-06	4.02e-13
 6.68375e+16	1.00e+00	1.11e-06	2.03e-13
 6.84036e+16	1.00e+00	7.90e-07	1.05e-13
 6.99696e+16	1.00e+00	5.67e-07	5.49e-14
 7.15357e+16	1.00e+00	4.10e-07	2.93e-14
 7.31018e+16	1.00e+00	3.00e-07	1.58e-14
 7.46679e+16	1.00e+00	2.21e-07	8.69e-15
 7.62339e+16	1.00e+00	1.64e-07	4.84e-15
 7.78000e+16	1.00e+00	1.23e-07	2.73e-15
 7.96010e+16	1.00e+00	8.77e-08	1.42e-15
 8.16676e+16	1.00e+00	6.09e-08	6.91e-16
 8.37648e+16	1.00e+00	4.27e-08	3.42e-16
 8.60135e+16	1.00e+00	2.93e-08	1.63e-16
 8.84488e+16	1.00e+00	1.98e-08	7.53e-17
 9.09194e+16	1.00e+00	1.36e-08	3.54e-17
 9.33899e+16	1.00e+00	9.36e-09	1.70e-17
 9.59793e+16	1.00e+00	6.41e-09	8.01e-18
 9.87273e+16	1.00e+00	4.35e-09	3.71e-18
 1.01542e+17	1.00e+00	2.96e-09	1.73e-18
 1.04384e+17	1.00e+00	2.03e-09	8.18e-19
 1.07226e+17	1.00e+00	1.41e-09	3.95e-19
 1.10068e+17	1.00e+00	9.88e-10	1.95e-19
 1.12909e+17	1.00e+00	6.99e-10	9.78e-20
 1.15752e+17	1.00e+00	4.99e-10	4.99e-20
 1.18594e+17	1.00e+00	3.59e-10	2.59e-20
 1.21437e+17	1.00e+00	2.60e-10	1.37e-20
 1.24279e+17	1.00e+00	1.90e-10	7.31e-21
 1.27121e+17	1.00e+00	1.40e-10	0.00e+00
 1.29964e+17	1.00e+00	1.04e-10	0.00e+00
 1.32950e+17	1.00e+00	7.61e-11	0.00e+00
 1.36080e+17	1.00e+00	5.57e-11	0.00e+00
 1.39210e+17	1.00e+00	4.11e-11	0.00e+00
 1.42340e+17	1.00e+00	3.06e-11	0.00e+00
 1.45470e+17	1.00e+00	2.30e-11	0.00e+00
 1.48999e+17	1.00e+00	1.67e-11	0.00e+00
 1.53004e+17	1.00e+00	1.19e-11	0.00e+00
 1.57183e+17	1.00e+00	8.48e-12	0.00e+00
 1.61502e+17	1.00e+00	6.14e-12	0.00e+00
 1.65924e+17	1.00e+00	4.53e-12	0.00e+00
 1.70454e+17	1.00e+00	3.42e-12	0.00e+00
 1.75070e+17	1.00e+00	2.66e-12	0.00e+00
 1.79730e+17	1.00e+00	2.14e-12	0.00e+00
 1.84391e+17	1.00e+00	1.79e-12	0.00e+00
 1.89028e+17	1.00e+00	1.55e-12	0.00e+00
 1.93602e+17	1.00e+00	1.39e-12	0.00e+00
 1.98080e+17	1.00e+00	1.28e-12	0.00e+00
 2.02448e+17	1.00e+00	1.21e-12	0.00e+00
 2.06688e+17	1.00e+00	1.16e-12	0.00e+00
 2.10778e+17	1.00e+00	1.14e-12	0.00e+00
 2.14717e+17	1.00e+00	1.12e-12	0.00e+00
 2.18498e+17	1.00e+00	1.11e-12	0.00e+00
 2.22112e+17	1.00e+00	1.11e-12	0.00e+00
 2.25552e+17	1.00e+00	1.11e-12	0.00e+00
 2.28823e+17	1.00e+00	1.11e-12	0.00e+00
 2.31929e+17	1.00e+00	1.12e-12	0.00e+00
 2.34871e+17	1.00e+00	1.13e-12	0.00e+00
 2.37656e+17	1.00e+00	1.14e-12	0.00e+00
 2.40290e+17	1.00e+00	1.15e-12	0.00e+00
 2.42779e+17	1.00e+00	1.16e-12	0.00e+00
 2.45132e+17	1.00e+00	1.17e-12	0.00e+00
 2.47354e+17	1.00e+00	1.18e-12	0.00e+00
 2.49454e+17	1.00e+00	1.19e-12	0.00e+00
 2.51439e+17	1.00e+00	1.20e-12	0.00e+00
 2.53316e+17	1.00e+00	1.21e-12	0.00e+00
 2.55091e+17	1.00e+00	1.21e-12	0.00e+00
 2.56768e+17	1.00e+00	1.22e-12	0.00e+00
 2.58356e+17	1.00e+00	1.23e-12	0.00e+00
 2.59858e+17	1.00e+00	1.24e-12	0.00e+00
 2.61280e+17	1.00e+00	1.24e-12	0.00e+00
 2.62627e+17	1.00e+00	1.25e-12	0.00e+00
 2.63903e+17	1.00e+00	1.26e-12	0.00e+00
 2.65112e+17	1.00e+00	1.26e-12	0.00e+00
 2.66259e+17	1.00e+00	1.27e-12	0.00e+00
 2.67348e+17	1.00e+00	1.27e-12	0.00e+00
 2.68381e+17	1.00e+00	1.28e-12	0.00e+00
 2.69362e+17	1.00e+00	1.28e-12	0.00e+00
 2.70294e+17	1.00e+00	1.28e-12	0.00e+00
 2.71180e+17	1.00e+00	1.29e-12	0.00e+00
 2.72022e+17	1.00e+00	1.29e-12	0.00e+00
 2.72824e+17	1.00e+00	1.30e-12	0.00e+00
 2.73588e+17	1.00e+00	1.30e-12	0.00e+00
 2.74315e+17	1.00e+00	1.30e-12	0.00e+00
 2.75009e+17	1.00e+00	1.30e-12	0.00e+00
 2.75671e+17	1.00e+00	1.31e-12	0.00e+00
 2.76302e+17	1.00e+00	1.31e-12	0.00e+00
 2.76906e+17	1.00e+00	1.31e-12	0.00e+00
 2.77484e+17	1.00e+00	1.31e-12	0.00e+00
 2.78037e+17	1.00e+00	1.32e-12	0.00e+00
 2.78567e+17	1.00e+00	1.32e-12	0.00e+00
 2.79075e+17	1.00e+00	1.32e-12	0.00e+00
 2.79564e+17	1.00e+00	1.32e-12	0.00e+00
 2.80034e+17	1.00e+00	1.32e-12	0.00e+00
 2.80487e+17	1.00e+00	1.32e-12	0.00e+00
 2.80924e+17	1.00e+00	1.33e-12	0.00e+00
 2.81347e+17	1.00e+00	1.33e-12	0.00e+00
 2.81757e+17	1.00e+00	1.33e-12	0.00e+00
 2.82156e+17	1.00e+00	1.33e-12	0.00e+00
 2.82543e+17	1.00e+00	1.33e-12	0.00e+00
 2.82922e+17	1.00e+00	1.33e-12	0.00e+00
 2.83293e+17	1.00e+00	1.33e-12	0.00e+00
 2.83658e+17	1.00e+00	1.33e-12	0.00e+00
 2.84018e+17	1.00e+00	1.33e-12	0.00e+00
 2.84375e+17	1.00e+00	1.34e-12	0.00e+00
 2.84731e+17	1.00e+00	1.34e-12	0.00e+00
 2.85087e+17	1.00e+00	1.34e-12	0.00e+00
 2.85447e+17	1.00e+00	1.34e-12	0.00e+00
 2.85812e+17	1.00e+00	1.34e-12	0.00e+00
 2.86185e+17	1.00e+00	1.34e-12	0.00e+00
 2.86571e+17	1.00e+00	1.34e-12	0.00e+00
 2.86973e+17	1.00e+00	1.34e-12	0.00e+00
 2.87398e+17	1.00e+00	1.34e-12	0.00e+00
 2.87853e+17	1.00e+00	1.34e-12	0.00e+00
 2.88347e+17	1.00e+00	1.33e-12	0.00e+00
 2.88893e+17	1.00e+00	1.33e-12	0.00e+00
 2.89509e+17	1.00e+00	1.33e-12	0.00e+00
 2.90221e+17	1.00e+00	1.32e-12	0.00e+00
 2.91066e+17	1.00e+00	1.32e-12	0.00e+00
 2.92098e+17	1.00e+00	1.31e-12	0.00e+00
 2.93403e+17	1.00e+00	1.29e-12	0.00e+00
 2.95090e+17	1.00e+00	1.27e-12	0.00e+00
 2.97283e+17	1.00e+00	1.23e-12	0.00e+00
 3.00133e+17	1.00e+00	1.16e-12	0.00e+00
 3.03839e+17	1.00e+00	1.08e-12	0.00e+00
 3.08657e+17	1.00e+00	9.72e-13	0.00e+00
 3.14920e+17	1.00e+00	8.38e-13	0.00e+00
 3.23062e+17	1.00e+00	6.83e-13	0.00e+00
 3.33646e+17	1.00e+00	5.18e-13	0.00e+00
 3.46421e+17	1.00e+00	3.55e-13	0.00e+00
 3.60278e+17	1.00e+00	2.72e-13	0.00e+00
 3.74689e+17	1.00e+00	2.41e-13	0.00e+00
 3.89677e+17	1.00e+00	2.15e-13	0.00e+00
 4.05264e+17	1.00e+00	1.90e-13	0.00e+00
 4.21474e+17	1.00e+00	1.67e-13	0.00e+00
 4.38333e+17	1.00e+00	1.45e-13	0.00e+00
 4.55867e+17	1.00e+00	1.25e-13	0.00e+00
 4.74102e+17	1.00e+00	1.06e-13	0.00e+00
 4.93066e+17	1.00e+00	8.88e-14	0.00e+00
 5.11633e+17	1.00e+00	7.31e-14	0.00e+00
 5.28105e+17	1.00e+00	8.14e-14	0.00e+00
 5.42339e+17	1.00e+00	1.05e-13	0.00e+00
 5.55370e+17	1.00e+00	1.21e-13	0.00e+00
 5.68087e+17	1.00e+00	1.19e-13	0.00e+00
 5.80483e+17	1.00e+00	1.08e-13	0.00e+00
 5.91818e+17	1.00e+00	1.03e-13	0.00e+00
 6.01541e+17	1.00e+00	1.08e-13	0.00e+00
 6.09795e+17	1.00e+00	1.16e-13	0.00e+00
 6.16780e+17	1.00e+00	1.19e-13	0.00e+00
 6.22110e+17	1.00e+00	1.21e-13	0.00e+00
 6.25523e+17	1.00e+00	1.30e-13	0.00e+00
 6.27525e+17	1.00e+00	1.38e-13	0.00e+00
 6.28726e+17	1.00e+00	1.43e-13	0.00e+00
 6.29447e+17	1.00e+00	1.46e-13	0.00e+00
 6.29911e+17	1.00e+00	1.48e-13	0.00e+00
 6.30298e+17	1.00e+00	1.49e-13	0.00e+00
 6.30731e+17	1.00e+00	1.50e-13	0.00e+00
 6.31245e+17	1.00e+00	1.51e-13	0.00e+00
 6.31745e+17	1.00e+00	1.51e-13	0.00e+00
 6.32141e+17	1.00e+00	1.52e-13	0.00e+00
 6.32454e+17	1.00e+00	1.52e-13	0.00e+00
 6.32758e+17	1.00e+00	1.52e-13	0.00e+00
 6.33094e+17	1.00e+00	1.52e-13	0.00e+00
 6.33445e+17	1.00e+00	1.52e-13	0.00e+00
 6.33760e+17	1.00e+00	1.52e-13	0.00e+00
 6.34015e+17	1.00e+00	1.51e-13	0.00e+00
 6.34241e+17	1.00e+00	1.51e-13	0.00e+00
 6.34473e+17	1.00e+00	1.51e-13	0.00e+00
 6.34733e+17	1.00e+00	1.51e-13	0.00e+00
 6.34994e+17	1.00e+00	1.50e-13	0.00e+00
 6.35216e+17	1.00e+00	1.50e-13	0.00e+00
 6.35404e+17	1.00e+00	1.50e-13	0.00e+00
 6.35589e+17	1.00e+00	1.49e-13	0.00e+00
 6.35793e+17	1.00e+00	1.49e-13	0.00e+00
 6.36007e+17	1.00e+00	1.48e-13	0.00e+00
 6.36198e+17	1.00e+00	1.48e-13	0.00e+00
 6.36368e+17	1.00e+00	1.48e-13	0.00e+00
 6.36535e+17	1.00e+00	1.47e-13	0.00e+00
 6.36706e+17	1.00e+00	1.47e-13	0.00e+00
 6.36879e+17	1.00e+00	1.46e-13	0.00e+00
 6.37053e+17	1.00e+00	1.46e-13	0.00e+00
 6.37226e+17	1.00e+00	1.45e-13	0.00e+00
 6.37387e+17	1.00e+00	1.45e-13	0.00e+00
 6.37540e+17	1.00e+00	1.44e-13	0.00e+00
 6.37700e+17	1.00e+00	1.44e-13	0.00e+00
 6.37869e+17	1.00e+00	1.43e-13	0.00e+00
 6.38044e+17	1.00e+00	1.43e-13	0.00e+00
 6.38208e+17	1.00e+00	1.42e-13	0.00e+00
 6.38361e+17	1.00e+00	1.42e-13	0.00e+00
 6.38526e+17	1.00e+00	1.41e-13	0.00e+00
 6.38709e+17	1.00e+00	1.40e-13	0.00e+00
 6.38885e+17	1.00e+00	1.40e-13	0.00e+00
 6.39047e+17	1.00e+00	1.39e-13	0.00e+00
 6.39219e+17	1.00e+00	1.38e-13	0.00e+00
 6.39408e+17	1.00e+00	1.37e-13	0.00e+00
 6.39596e+17	1.00e+00	1.37e-13	0.00e+00
 6.39793e+17	1.00e+00	1.36e-13	0.00e+00
 6.39996e+17	1.00e+00	1.35e-13	0.00e+00
 6.40187e+17	1.00e+00	1.34e-13	0.00e+00
 6.40371e+17	1.00e+00	1.33e-13	0.00e+00
 6.40561e+17	1.00e+00	1.32e-13	0.00e+00
 6.40774e+17	1.00e+00	1.31e-13	0.00e+00
 6.41014e+17	1.00e+00	1.30e-13	0.00e+00
 6.41249e+17	1.00e+00	1.29e-13	0.00e+00
 6.41448e+17	1.00e+00	1.28e-13	0.00e+00
 6.41652e+17	1.00e+00	1.27e-13	0.00e+00
 6.41902e+17	1.00e+00	1.26e-13	0.00e+00
 6.42176e+17	1.00e+00	1.25e-13	0.00e+00
 6.42433e+17	1.00e+00	1.23e-13	0.00e+00
 6.42673e+17	1.00e+00	1.22e-13	0.00e+00
 6.42921e+17	1.00e+00	1.21e-13	0.00e+00
 6.43194e+17	1.00e+00	1.20e-13	0.00e+00
 6.43494e+17	1.00e+00	1.18e-13	0.00e+00
 6.43797e+17	1.00e+00	1.16e-13	0.00e+00
 6.44093e+17	1.00e+00	1.15e-13	0.00e+00
 6.44383e+17	1.00e+00	1.13e-13	0.00e+00
 6.44683e+17	1.00e+00	1.12e-13	0.00e+00
 6.45001e+17	1.00e+00	1.10e-13	0.00e+00
 6.45331e+17	1.00e+00	1.08e-13	0.00e+00
 6.45673e+17	1.00e+00	1.07e-13	0.00e+00
 6.46028e+17	1.00e+00	1.05e-13	0.00e+00
 6.46388e+17	1.00e+00	1.03e-13	0.00e+00
 6.46743e+17	1.00e+00	1.01e-13	0.00e+00
 6.47119e+17	1.00e+00	9.91e-14	0.00e+00
 6.47515e+17	1.00e+00	9.71e-14	0.00e+00
 6.47921e+17	1.00e+00	9.49e-14	0.00e+00
 6.48330e+17	1.00e+00	9.27e-14	0.00e+00
 6.48733e+17	1.00e+00	9.07e-14	0.00e+00
 6.49153e+17	1.00e+00	8.86e-14	0.00e+00
 6.49598e+17	1.00e+00	8.63e-14	0.00e+00
 6.50053e+17	1.00e+00	8.39e-14	0.00e+00
 6.50495e+17	1.00e+00	8.17e-14	0.00e+00
 6.50948e+17	1.00e+00	7.95e-14	0.00e+00
 6.51442e+17	1.00e+00	7.71e-14	0.00e+00
 6.51939e+17	1.00e+00	7.46e-14	0.00e+00
 6.52427e+17	1.00e+00	7.22e-14	0.00e+00
 6.52920e+17	1.00e+00	6.99e-14	0.00e+00
 6.53431e+17	1.00e+00	6.75e-14	0.00e+00
 6.53964e+17	1.00e+00	6.51e-14	0.00e+00
 6.54507e+17	1.00e+00	6.26e-14	0.00e+00
 6.55054e+17	1.00e+00	6.01e-14	0.00e+00
 6.55602e+17	1.00e+00	5.78e-14	0.00e+00
 6.56166e+17	1.00e+00	5.54e-14	0.00e+00
 6.56753e+17	1.00e+00	5.29e-14	0.00e+00
 6.57359e+17	1.00e+00	5.05e-14	0.00e+00
 6.57964e+17	1.00e+00	4.80e-14	0.00e+00
 6.58572e+17	1.00e+00	4.57e-14	0.00e+00
 6.59199e+17	1.00e+00	4.33e-14	0.00e+00
 6.59837e+17	1.00e+00	4.10e-14	0.00e+00
 6.60486e+17	1.00e+00	3.87e-14	0.00e+00
 6.61153e+17	1.00e+00	3.65e-14	0.00e+00
 6.61838e+17	1.00e+00	3.43e-14	0.00e+00
 6.62554e+17	1.00e+00	3.21e-14	0.00e+00
 6.63295e+17	1.00e+00	2.98e-14	0.00e+00
 6.64041e+17	1.00e+00	2.77e-14	0.00e+00
 6.64799e+17	1.00e+00	2.57e-14	0.00e+00
 6.65546e+17	1.00e+00	2.37e-14	0.00e+00
 6.66222e+17	1.00e+00	2.19e-14	0.00e+00
 6.66802e+17	1.00e+00	2.05e-14	0.00e+00
 6.67313e+17	1.00e+00	1.94e-14	0.00e+00
 6.67798e+17	1.00e+00	1.83e-14	0.00e+00
 6.68277e+17	1.00e+00	1.74e-14	0.00e+00
 6.68743e+17	1.00e+00	1.65e-14	0.00e+00
 6.69182e+17	1.00e+00	1.56e-14	0.00e+00
 6.69589e+17	1.00e+00	1.49e-14	0.00e+00
 6.69971e+17	1.00e+00	1.42e-14	0.00e+00
 6.70341e+17	1.00e+00	1.36e-14	0.00e+00
 6.70701e+17	1.00e+00	1.30e-14	0.00e+00
 6.71050e+17	1.00e+00	1.24e-14	0.00e+00
 6.71384e+17	1.00e+00	1.19e-14	0.00e+00
 6.71703e+17	1.00e+00	1.14e-14	0.00e+00
 6.72010e+17	1.00e+00	1.10e-14	0.00e+00
 6.72309e+17	1.00e+00	1.06e-14	0.00e+00
 6.72598e+17	1.00e+00	1.02e-14	0.00e+00
 6.72878e+17	1.00e+00	9.77e-15	0.00e+00
 6.73150e+17	1.00e+00	9.41e-15	0.00e+00
 6.73413e+17	1.00e+00	9.07e-15	0.00e+00
 6.73668e+17	1.00e+00	8.75e-15	0.00e+00
 6.73916e+17	1.00e+00	8.43e-15	0.00e+00
 6.74156e+17	1.00e+00	8.14e-15	0.00e+00
 6.74388e+17	1.00e+00	7.86e-15	0.00e+00
 6.74615e+17	1.00e+00	7.60e-15	0.00e+00
 6.74838e+17	1.00e+00	7.35e-15	0.00e+00
 6.75055e+17	1.00e+00	7.10e-15	0.00e+00
 6.75266e+17	1.00e+00	6.87e-15	0.00e+00
 6.75473e+17	1.00e+00	6.64e-15	0.00e+00
