#depth	C	C+	C+2	C+3	C+4	C+5	C+6	C[1]	C[2]	C[3]	C+[1]	C+[2]	CO
 1.49634e+10	7.26e-48	3.22e-36	1.16e-25	1.31e-15	4.89e-05	2.17e-01	7.83e-01	0.00e+00	0.00e+00	0.00e+00	0.00e+00	0.00e+00	0.00e+00
 4.54887e+10	0.00e+00	4.64e-36	1.55e-25	1.61e-15	5.57e-05	2.31e-01	7.69e-01	0.00e+00	0.00e+00	0.00e+00	0.00e+00	0.00e+00	0.00e+00
 7.72350e+10	1.78e-47	6.74e-36	2.09e-25	2.00e-15	6.40e-05	2.45e-01	7.55e-01	0.00e+00	0.00e+00	0.00e+00	0.00e+00	0.00e+00	0.00e+00
 1.10251e+11	0.00e+00	9.80e-36	2.80e-25	2.49e-15	7.34e-05	2.60e-01	7.40e-01	0.00e+00	0.00e+00	0.00e+00	0.00e+00	0.00e+00	0.00e+00
 1.42222e+11	4.25e-47	1.38e-35	3.68e-25	3.03e-15	8.31e-05	2.74e-01	7.26e-01	0.00e+00	0.00e+00	0.00e+00	0.00e+00	0.00e+00	3.93e-148
 1.72314e+11	0.00e+00	1.90e-35	4.72e-25	3.64e-15	9.33e-05	2.88e-01	7.12e-01	0.00e+00	0.00e+00	0.00e+00	0.00e+00	0.00e+00	4.01e-191
 2.05977e+11	9.43e-47	2.67e-35	6.18e-25	4.43e-15	1.06e-04	3.03e-01	6.97e-01	0.00e+00	0.00e+00	0.00e+00	0.00e+00	0.00e+00	2.99e-147
 2.44143e+11	0.00e+00	3.86e-35	8.25e-25	5.46e-15	1.20e-04	3.20e-01	6.80e-01	0.00e+00	0.00e+00	0.00e+00	0.00e+00	0.00e+00	1.71e-190
 2.82242e+11	2.27e-46	5.50e-35	1.09e-24	6.68e-15	1.37e-04	3.36e-01	6.63e-01	0.00e+00	0.00e+00	0.00e+00	0.00e+00	0.00e+00	2.84e-146
 3.21865e+11	0.00e+00	7.85e-35	1.44e-24	8.19e-15	1.55e-04	3.54e-01	6.46e-01	0.00e+00	0.00e+00	0.00e+00	0.00e+00	0.00e+00	8.77e-190
 3.64666e+11	5.45e-46	1.13e-34	1.92e-24	1.01e-14	1.76e-04	3.72e-01	6.28e-01	0.00e+00	0.00e+00	0.00e+00	0.00e+00	0.00e+00	2.01e-233
 4.09180e+11	0.00e+00	1.63e-34	2.55e-24	1.24e-14	2.00e-04	3.91e-01	6.09e-01	0.00e+00	0.00e+00	0.00e+00	0.00e+00	0.00e+00	1.76e-166
 4.55474e+11	1.33e-45	2.35e-34	3.40e-24	1.52e-14	2.27e-04	4.10e-01	5.90e-01	0.00e+00	0.00e+00	0.00e+00	0.00e+00	0.00e+00	2.11e-210
 5.03620e+11	0.00e+00	3.38e-34	4.52e-24	1.87e-14	2.58e-04	4.29e-01	5.71e-01	0.00e+00	0.00e+00	0.00e+00	0.00e+00	0.00e+00	1.87e-254
 5.53691e+11	3.21e-45	4.86e-34	6.00e-24	2.29e-14	2.92e-04	4.48e-01	5.51e-01	0.00e+00	0.00e+00	0.00e+00	0.00e+00	0.00e+00	2.68e-143
 6.05766e+11	0.00e+00	6.98e-34	7.96e-24	2.81e-14	3.30e-04	4.68e-01	5.31e-01	0.00e+00	0.00e+00	0.00e+00	0.00e+00	0.00e+00	1.23e-187
 6.59923e+11	7.76e-45	1.00e-33	1.05e-23	3.44e-14	3.73e-04	4.88e-01	5.12e-01	0.00e+00	0.00e+00	0.00e+00	0.00e+00	0.00e+00	2.66e-142
 7.16247e+11	0.00e+00	1.43e-33	1.40e-23	4.20e-14	4.21e-04	5.08e-01	4.92e-01	0.00e+00	0.00e+00	0.00e+00	0.00e+00	0.00e+00	6.43e-187
 7.74823e+11	1.87e-44	2.06e-33	1.85e-23	5.13e-14	4.75e-04	5.28e-01	4.72e-01	0.00e+00	0.00e+00	0.00e+00	0.00e+00	0.00e+00	2.64e-141
 8.35743e+11	0.00e+00	2.94e-33	2.44e-23	6.26e-14	5.35e-04	5.48e-01	4.52e-01	0.00e+00	0.00e+00	0.00e+00	0.00e+00	0.00e+00	3.34e-186
 8.99100e+11	4.50e-44	4.21e-33	3.22e-23	7.62e-14	6.02e-04	5.67e-01	4.32e-01	0.00e+00	0.00e+00	0.00e+00	0.00e+00	0.00e+00	2.63e-140
 9.60446e+11	0.00e+00	5.87e-33	4.17e-23	9.15e-14	6.71e-04	5.85e-01	4.14e-01	0.00e+00	0.00e+00	0.00e+00	0.00e+00	0.00e+00	1.74e-185
 1.01659e+12	9.69e-44	7.88e-33	5.24e-23	1.08e-13	7.39e-04	6.01e-01	3.98e-01	0.00e+00	0.00e+00	0.00e+00	0.00e+00	0.00e+00	1.98e-139
 1.07891e+12	0.00e+00	1.08e-32	6.71e-23	1.28e-13	8.20e-04	6.18e-01	3.81e-01	0.00e+00	0.00e+00	0.00e+00	0.00e+00	0.00e+00	7.36e-185
 1.15138e+12	2.20e-43	1.54e-32	8.81e-23	1.55e-13	9.17e-04	6.37e-01	3.62e-01	0.00e+00	0.00e+00	0.00e+00	0.00e+00	0.00e+00	1.71e-138
 1.22314e+12	0.00e+00	2.15e-32	1.14e-22	1.87e-13	1.02e-03	6.54e-01	3.45e-01	0.00e+00	0.00e+00	0.00e+00	0.00e+00	0.00e+00	3.34e-184
 1.29214e+12	4.87e-43	2.94e-32	1.45e-22	2.21e-13	1.13e-03	6.70e-01	3.29e-01	0.00e+00	0.00e+00	0.00e+00	0.00e+00	0.00e+00	1.39e-137
 1.36812e+12	0.00e+00	4.10e-32	1.88e-22	2.65e-13	1.25e-03	6.86e-01	3.13e-01	0.00e+00	0.00e+00	0.00e+00	0.00e+00	0.00e+00	1.44e-183
 1.45277e+12	1.13e-42	5.84e-32	2.47e-22	3.21e-13	1.40e-03	7.03e-01	2.96e-01	0.00e+00	0.00e+00	0.00e+00	0.00e+00	0.00e+00	1.29e-136
 1.53883e+12	0.00e+00	8.25e-32	3.23e-22	3.87e-13	1.56e-03	7.19e-01	2.79e-01	0.00e+00	0.00e+00	0.00e+00	0.00e+00	0.00e+00	6.59e-183
 1.62834e+12	2.66e-42	1.17e-31	4.22e-22	4.67e-13	1.74e-03	7.35e-01	2.64e-01	0.00e+00	0.00e+00	0.00e+00	0.00e+00	0.00e+00	1.23e-135
 1.72340e+12	0.00e+00	1.67e-31	5.55e-22	5.66e-13	1.94e-03	7.50e-01	2.48e-01	0.00e+00	0.00e+00	0.00e+00	0.00e+00	0.00e+00	2.95e-182
 1.82226e+12	6.36e-42	2.37e-31	7.29e-22	6.85e-13	2.16e-03	7.65e-01	2.33e-01	0.00e+00	0.00e+00	0.00e+00	0.00e+00	0.00e+00	1.25e-134
 1.92508e+12	0.00e+00	3.38e-31	9.58e-22	8.28e-13	2.41e-03	7.79e-01	2.19e-01	0.00e+00	0.00e+00	0.00e+00	0.00e+00	0.00e+00	1.26e-181
 2.03201e+12	1.52e-41	4.83e-31	1.26e-21	1.00e-12	2.69e-03	7.92e-01	2.05e-01	0.00e+00	0.00e+00	0.00e+00	0.00e+00	0.00e+00	1.27e-133
 2.14321e+12	0.00e+00	6.89e-31	1.65e-21	1.21e-12	2.99e-03	8.05e-01	1.92e-01	0.00e+00	0.00e+00	0.00e+00	0.00e+00	0.00e+00	4.43e-181
 2.25887e+12	3.66e-41	9.83e-31	2.17e-21	1.46e-12	3.33e-03	8.17e-01	1.79e-01	0.00e+00	0.00e+00	0.00e+00	0.00e+00	0.00e+00	1.30e-132
 2.36741e+12	0.00e+00	1.35e-30	2.78e-21	1.74e-12	3.66e-03	8.28e-01	1.68e-01	0.00e+00	0.00e+00	0.00e+00	0.00e+00	0.00e+00	7.74e-181
 2.46415e+12	7.67e-41	1.79e-30	3.44e-21	2.01e-12	3.98e-03	8.36e-01	1.60e-01	0.00e+00	0.00e+00	0.00e+00	0.00e+00	0.00e+00	9.24e-132
 2.57261e+12	0.00e+00	2.42e-30	4.35e-21	2.37e-12	4.36e-03	8.45e-01	1.50e-01	0.00e+00	0.00e+00	0.00e+00	0.00e+00	0.00e+00	0.00e+00
 2.70156e+12	1.71e-40	3.42e-30	5.67e-21	2.84e-12	4.83e-03	8.55e-01	1.40e-01	0.00e+00	0.00e+00	0.00e+00	0.00e+00	0.00e+00	7.78e-131
 2.83135e+12	0.00e+00	4.80e-30	7.35e-21	3.40e-12	5.33e-03	8.64e-01	1.31e-01	0.00e+00	0.00e+00	0.00e+00	0.00e+00	0.00e+00	0.00e+00
 2.95269e+12	3.78e-40	6.50e-30	9.27e-21	3.99e-12	5.83e-03	8.71e-01	1.23e-01	0.00e+00	0.00e+00	0.00e+00	0.00e+00	0.00e+00	6.35e-130
 3.08709e+12	0.00e+00	9.02e-30	1.19e-20	4.75e-12	6.42e-03	8.79e-01	1.15e-01	0.00e+00	0.00e+00	0.00e+00	0.00e+00	0.00e+00	0.00e+00
 3.24050e+12	8.83e-40	1.29e-29	1.57e-20	5.74e-12	7.12e-03	8.87e-01	1.06e-01	0.00e+00	0.00e+00	0.00e+00	0.00e+00	0.00e+00	6.05e-129
 3.39298e+12	0.00e+00	1.82e-29	2.05e-20	6.88e-12	7.87e-03	8.93e-01	9.87e-02	0.00e+00	0.00e+00	0.00e+00	0.00e+00	0.00e+00	0.00e+00
 3.55156e+12	2.08e-39	2.58e-29	2.67e-20	8.25e-12	8.70e-03	9.00e-01	9.16e-02	0.00e+00	0.00e+00	0.00e+00	0.00e+00	0.00e+00	5.83e-128
 3.72355e+12	0.00e+00	3.70e-29	3.52e-20	9.98e-12	9.65e-03	9.06e-01	8.46e-02	0.00e+00	0.00e+00	0.00e+00	0.00e+00	0.00e+00	0.00e+00
 3.89863e+12	5.05e-39	5.28e-29	4.62e-20	1.20e-11	1.07e-02	9.11e-01	7.82e-02	0.00e+00	0.00e+00	0.00e+00	0.00e+00	0.00e+00	6.14e-127
 4.06173e+12	0.00e+00	7.26e-29	5.90e-20	1.42e-11	1.17e-02	9.15e-01	7.29e-02	0.00e+00	0.00e+00	0.00e+00	0.00e+00	0.00e+00	0.00e+00
 4.21231e+12	1.07e-38	9.68e-29	7.34e-20	1.65e-11	1.27e-02	9.19e-01	6.83e-02	0.00e+00	0.00e+00	0.00e+00	0.00e+00	0.00e+00	4.48e-126
 4.38453e+12	0.00e+00	1.33e-28	9.38e-20	1.95e-11	1.39e-02	9.23e-01	6.35e-02	0.00e+00	0.00e+00	0.00e+00	0.00e+00	0.00e+00	0.00e+00
 4.58647e+12	2.48e-38	1.91e-28	1.24e-19	2.35e-11	1.53e-02	9.26e-01	5.85e-02	0.00e+00	0.00e+00	0.00e+00	0.00e+00	0.00e+00	4.15e-125
 4.78651e+12	0.00e+00	2.69e-28	1.61e-19	2.81e-11	1.69e-02	9.29e-01	5.40e-02	0.00e+00	0.00e+00	0.00e+00	0.00e+00	0.00e+00	0.00e+00
 4.97392e+12	5.61e-38	3.68e-28	2.04e-19	3.31e-11	1.84e-02	9.31e-01	5.02e-02	0.00e+00	0.00e+00	0.00e+00	0.00e+00	0.00e+00	3.57e-124
 5.18217e+12	0.00e+00	5.15e-28	2.64e-19	3.94e-11	2.02e-02	9.33e-01	4.64e-02	0.00e+00	0.00e+00	0.00e+00	0.00e+00	0.00e+00	0.00e+00
 5.41938e+12	1.35e-37	7.45e-28	3.51e-19	4.78e-11	2.24e-02	9.35e-01	4.25e-02	0.00e+00	0.00e+00	0.00e+00	0.00e+00	0.00e+00	3.60e-123
 5.65323e+12	0.00e+00	1.06e-27	4.59e-19	5.73e-11	2.47e-02	9.36e-01	3.91e-02	0.00e+00	0.00e+00	0.00e+00	0.00e+00	0.00e+00	0.00e+00
 5.89642e+12	3.23e-37	1.51e-27	6.01e-19	6.88e-11	2.72e-02	9.37e-01	3.59e-02	0.00e+00	0.00e+00	0.00e+00	0.00e+00	0.00e+00	3.60e-122
 6.16221e+12	0.00e+00	2.19e-27	7.99e-19	8.35e-11	3.00e-02	9.37e-01	3.27e-02	0.00e+00	0.00e+00	0.00e+00	0.00e+00	0.00e+00	0.00e+00
 6.42971e+12	8.03e-37	3.14e-27	1.05e-18	1.01e-10	3.31e-02	9.37e-01	2.99e-02	0.00e+00	0.00e+00	0.00e+00	0.00e+00	0.00e+00	3.96e-121
 6.70791e+12	0.00e+00	4.51e-27	1.39e-18	1.21e-10	3.65e-02	9.36e-01	2.73e-02	0.00e+00	0.00e+00	0.00e+00	0.00e+00	0.00e+00	0.00e+00
 7.00615e+12	2.00e-36	6.55e-27	1.85e-18	1.47e-10	4.03e-02	9.35e-01	2.49e-02	0.00e+00	0.00e+00	0.00e+00	0.00e+00	0.00e+00	4.38e-120
 7.30272e+12	0.00e+00	9.38e-27	2.44e-18	1.77e-10	4.44e-02	9.33e-01	2.27e-02	0.00e+00	0.00e+00	0.00e+00	0.00e+00	0.00e+00	0.00e+00
 7.61114e+12	4.89e-36	1.34e-26	3.22e-18	2.13e-10	4.88e-02	9.31e-01	2.07e-02	0.00e+00	0.00e+00	0.00e+00	0.00e+00	0.00e+00	4.55e-119
 7.94551e+12	0.00e+00	1.96e-26	4.30e-18	2.59e-10	5.39e-02	9.27e-01	1.88e-02	0.00e+00	0.00e+00	0.00e+00	0.00e+00	0.00e+00	0.00e+00
 8.29326e+12	1.24e-35	2.85e-26	5.74e-18	3.15e-10	5.94e-02	9.24e-01	1.70e-02	0.00e+00	0.00e+00	0.00e+00	0.00e+00	0.00e+00	5.26e-118
 8.65492e+12	0.00e+00	4.15e-26	7.66e-18	3.82e-10	6.55e-02	9.19e-01	1.54e-02	0.00e+00	0.00e+00	0.00e+00	0.00e+00	0.00e+00	0.00e+00
 9.03104e+12	3.16e-35	6.04e-26	1.02e-17	4.64e-10	7.22e-02	9.14e-01	1.39e-02	0.00e+00	0.00e+00	0.00e+00	0.00e+00	0.00e+00	6.06e-117
 9.37070e+12	0.00e+00	8.38e-26	1.32e-17	5.50e-10	7.86e-02	9.09e-01	1.27e-02	0.00e+00	0.00e+00	0.00e+00	0.00e+00	0.00e+00	5.95e-100
 9.65280e+12	6.58e-35	1.09e-25	1.61e-17	6.30e-10	8.40e-02	9.04e-01	1.18e-02	0.00e+00	0.00e+00	0.00e+00	0.00e+00	0.00e+00	0.00e+00
 9.96146e+12	9.29e-35	1.44e-25	2.00e-17	7.28e-10	9.02e-02	8.99e-01	1.09e-02	0.00e+00	0.00e+00	0.00e+00	0.00e+00	0.00e+00	1.02e-115
 1.03536e+13	1.42e-34	2.03e-25	2.61e-17	8.70e-10	9.84e-02	8.92e-01	9.87e-03	0.00e+00	0.00e+00	0.00e+00	0.00e+00	0.00e+00	1.64e-97
 1.07633e+13	2.18e-34	2.86e-25	3.41e-17	1.04e-09	1.07e-01	8.84e-01	8.93e-03	0.00e+00	0.00e+00	0.00e+00	0.00e+00	0.00e+00	0.00e+00
 1.11252e+13	3.13e-34	3.84e-25	4.27e-17	1.21e-09	1.15e-01	8.76e-01	8.20e-03	0.00e+00	0.00e+00	0.00e+00	0.00e+00	0.00e+00	2.45e-114
 1.14605e+13	4.32e-34	4.99e-25	5.24e-17	1.39e-09	1.23e-01	8.69e-01	7.58e-03	0.00e+00	0.00e+00	0.00e+00	0.00e+00	0.00e+00	1.87e-96
 1.18409e+13	6.17e-34	6.64e-25	6.54e-17	1.61e-09	1.32e-01	8.61e-01	6.95e-03	0.00e+00	0.00e+00	0.00e+00	0.00e+00	0.00e+00	0.00e+00
 1.23119e+13	9.42e-34	9.35e-25	8.54e-17	1.92e-09	1.44e-01	8.50e-01	6.25e-03	0.00e+00	0.00e+00	0.00e+00	0.00e+00	0.00e+00	4.44e-113
 1.27822e+13	1.41e-33	1.30e-24	1.10e-16	2.28e-09	1.56e-01	8.38e-01	5.64e-03	0.00e+00	0.00e+00	0.00e+00	0.00e+00	0.00e+00	2.48e-95
 1.31859e+13	1.97e-33	1.70e-24	1.36e-16	2.62e-09	1.66e-01	8.28e-01	5.17e-03	0.00e+00	0.00e+00	0.00e+00	0.00e+00	0.00e+00	3.11e-112
 1.36218e+13	2.78e-33	2.25e-24	1.69e-16	3.03e-09	1.78e-01	8.17e-01	4.72e-03	0.00e+00	0.00e+00	0.00e+00	0.00e+00	0.00e+00	1.09e-94
 1.41606e+13	4.20e-33	3.14e-24	2.19e-16	3.61e-09	1.93e-01	8.03e-01	4.23e-03	0.00e+00	0.00e+00	0.00e+00	0.00e+00	0.00e+00	2.31e-111
 1.47140e+13	6.27e-33	4.35e-24	2.83e-16	4.27e-09	2.08e-01	7.88e-01	3.79e-03	0.00e+00	0.00e+00	0.00e+00	0.00e+00	0.00e+00	6.43e-94
 1.52154e+13	8.89e-33	5.76e-24	3.53e-16	4.94e-09	2.22e-01	7.75e-01	3.43e-03	0.00e+00	0.00e+00	0.00e+00	0.00e+00	0.00e+00	1.71e-110
 1.57682e+13	1.28e-32	7.76e-24	4.45e-16	5.77e-09	2.37e-01	7.59e-01	3.09e-03	0.00e+00	0.00e+00	0.00e+00	0.00e+00	0.00e+00	3.08e-93
 1.64172e+13	1.94e-32	1.08e-23	5.78e-16	6.85e-09	2.56e-01	7.41e-01	2.74e-03	0.00e+00	0.00e+00	0.00e+00	0.00e+00	0.00e+00	1.39e-109
 1.70651e+13	2.86e-32	1.49e-23	7.40e-16	8.07e-09	2.74e-01	7.23e-01	2.44e-03	0.00e+00	0.00e+00	0.00e+00	0.00e+00	0.00e+00	1.80e-92
 1.76822e+13	4.08e-32	1.98e-23	9.26e-16	9.35e-09	2.92e-01	7.06e-01	2.19e-03	0.00e+00	0.00e+00	0.00e+00	0.00e+00	0.00e+00	1.05e-108
 1.83628e+13	5.92e-32	2.68e-23	1.17e-15	1.09e-08	3.11e-01	6.87e-01	1.94e-03	0.00e+00	0.00e+00	0.00e+00	0.00e+00	0.00e+00	8.98e-92
 1.91273e+13	8.81e-32	3.70e-23	1.51e-15	1.29e-08	3.33e-01	6.65e-01	1.71e-03	0.00e+00	0.00e+00	0.00e+00	0.00e+00	0.00e+00	8.72e-108
 1.98157e+13	1.24e-31	4.88e-23	1.87e-15	1.48e-08	3.52e-01	6.46e-01	1.53e-03	0.00e+00	0.00e+00	0.00e+00	0.00e+00	0.00e+00	4.66e-91
 2.03847e+13	1.62e-31	6.07e-23	2.22e-15	1.66e-08	3.68e-01	6.30e-01	1.39e-03	0.00e+00	0.00e+00	0.00e+00	0.00e+00	0.00e+00	4.75e-107
 2.10064e+13	2.16e-31	7.65e-23	2.65e-15	1.86e-08	3.85e-01	6.14e-01	1.27e-03	0.00e+00	0.00e+00	0.00e+00	0.00e+00	0.00e+00	1.62e-90
 2.17999e+13	3.06e-31	1.01e-22	3.31e-15	2.14e-08	4.06e-01	5.93e-01	1.12e-03	0.00e+00	0.00e+00	0.00e+00	0.00e+00	0.00e+00	2.79e-106
 2.26007e+13	4.28e-31	1.33e-22	4.08e-15	2.45e-08	4.27e-01	5.72e-01	9.93e-04	0.00e+00	0.00e+00	0.00e+00	0.00e+00	0.00e+00	7.57e-90
 2.32639e+13	5.58e-31	1.65e-22	4.82e-15	2.73e-08	4.44e-01	5.55e-01	9.01e-04	0.00e+00	0.00e+00	0.00e+00	0.00e+00	0.00e+00	1.53e-105
 2.39646e+13	7.31e-31	2.05e-22	5.71e-15	3.04e-08	4.62e-01	5.38e-01	8.15e-04	0.00e+00	0.00e+00	0.00e+00	0.00e+00	0.00e+00	2.57e-89
 2.48629e+13	1.02e-30	2.68e-22	7.03e-15	3.47e-08	4.83e-01	5.16e-01	7.18e-04	0.00e+00	0.00e+00	0.00e+00	0.00e+00	0.00e+00	8.58e-105
 2.58040e+13	1.42e-30	3.50e-22	8.65e-15	3.96e-08	5.05e-01	4.94e-01	6.30e-04	0.00e+00	0.00e+00	0.00e+00	0.00e+00	0.00e+00	1.18e-88
 2.66292e+13	1.88e-30	4.38e-22	1.03e-14	4.42e-08	5.24e-01	4.76e-01	5.64e-04	0.00e+00	0.00e+00	0.00e+00	0.00e+00	0.00e+00	5.01e-104
 2.75173e+13	2.50e-30	5.52e-22	1.23e-14	4.94e-08	5.43e-01	4.57e-01	5.02e-04	0.00e+00	0.00e+00	0.00e+00	0.00e+00	0.00e+00	4.41e-88
 2.85020e+13	3.39e-30	7.07e-22	1.49e-14	5.57e-08	5.63e-01	4.36e-01	4.42e-04	0.00e+00	0.00e+00	0.00e+00	0.00e+00	0.00e+00	2.84e-103
 2.94153e+13	4.45e-30	8.79e-22	1.76e-14	6.18e-08	5.81e-01	4.18e-01	3.95e-04	0.00e+00	0.00e+00	0.00e+00	0.00e+00	0.00e+00	1.70e-87
 3.04055e+13	5.91e-30	1.10e-21	2.09e-14	6.88e-08	6.00e-01	4.00e-01	3.50e-04	0.00e+00	0.00e+00	0.00e+00	0.00e+00	0.00e+00	1.47e-102
 3.15062e+13	7.98e-30	1.40e-21	2.52e-14	7.72e-08	6.19e-01	3.80e-01	3.06e-04	0.00e+00	0.00e+00	0.00e+00	0.00e+00	0.00e+00	6.76e-87
 3.25318e+13	1.04e-29	1.74e-21	2.97e-14	8.55e-08	6.37e-01	3.63e-01	2.72e-04	0.00e+00	0.00e+00	0.00e+00	0.00e+00	0.00e+00	8.06e-102
 3.36465e+13	1.38e-29	2.18e-21	3.53e-14	9.49e-08	6.54e-01	3.45e-01	2.40e-04	0.00e+00	0.00e+00	0.00e+00	0.00e+00	0.00e+00	2.52e-86
 3.48871e+13	1.86e-29	2.77e-21	4.23e-14	1.06e-07	6.73e-01	3.27e-01	2.09e-04	0.00e+00	0.00e+00	0.00e+00	0.00e+00	0.00e+00	4.66e-101
 3.60470e+13	2.44e-29	3.43e-21	4.98e-14	1.17e-07	6.89e-01	3.11e-01	1.84e-04	0.00e+00	0.00e+00	0.00e+00	0.00e+00	0.00e+00	9.90e-86
 3.73105e+13	3.22e-29	4.29e-21	5.90e-14	1.30e-07	7.06e-01	2.94e-01	1.61e-04	0.00e+00	0.00e+00	0.00e+00	0.00e+00	0.00e+00	2.50e-100
 3.87198e+13	4.35e-29	5.45e-21	7.08e-14	1.45e-07	7.23e-01	2.77e-01	1.40e-04	0.00e+00	0.00e+00	0.00e+00	0.00e+00	0.00e+00	4.07e-85
 4.00447e+13	5.70e-29	6.76e-21	8.32e-14	1.59e-07	7.38e-01	2.62e-01	1.22e-04	0.00e+00	0.00e+00	0.00e+00	0.00e+00	0.00e+00	1.45e-99
 4.14932e+13	7.57e-29	8.47e-21	9.86e-14	1.76e-07	7.53e-01	2.47e-01	1.07e-04	0.00e+00	0.00e+00	0.00e+00	0.00e+00	0.00e+00	1.61e-84
 4.31148e+13	1.02e-28	1.08e-20	1.18e-13	1.96e-07	7.69e-01	2.31e-01	9.16e-05	0.00e+00	0.00e+00	0.00e+00	0.00e+00	0.00e+00	9.10e-99
 4.46498e+13	1.35e-28	1.34e-20	1.39e-13	2.16e-07	7.82e-01	2.17e-01	7.97e-05	0.00e+00	0.00e+00	0.00e+00	0.00e+00	0.00e+00	6.82e-84
 4.63045e+13	1.80e-28	1.68e-20	1.65e-13	2.38e-07	7.96e-01	2.04e-01	6.90e-05	0.00e+00	0.00e+00	0.00e+00	0.00e+00	0.00e+00	5.36e-98
 4.81866e+13	2.45e-28	2.15e-20	1.98e-13	2.65e-07	8.10e-01	1.90e-01	5.88e-05	0.00e+00	0.00e+00	0.00e+00	0.00e+00	0.00e+00	3.08e-83
 5.00350e+13	3.29e-28	2.71e-20	2.35e-13	2.92e-07	8.22e-01	1.77e-01	5.06e-05	0.00e+00	0.00e+00	0.00e+00	0.00e+00	0.00e+00	3.66e-97
 5.19573e+13	4.40e-28	3.41e-20	2.78e-13	3.22e-07	8.34e-01	1.66e-01	4.34e-05	0.00e+00	0.00e+00	0.00e+00	0.00e+00	0.00e+00	1.36e-82
 5.40656e+13	6.00e-28	4.35e-20	3.32e-13	3.56e-07	8.46e-01	1.54e-01	3.71e-05	0.00e+00	0.00e+00	0.00e+00	0.00e+00	0.00e+00	2.51e-96
 5.62581e+13	8.14e-28	5.53e-20	3.96e-13	3.94e-07	8.57e-01	1.43e-01	3.15e-05	0.00e+00	0.00e+00	0.00e+00	0.00e+00	0.00e+00	6.69e-82
 5.85384e+13	1.11e-27	7.04e-20	4.71e-13	4.34e-07	8.67e-01	1.33e-01	2.69e-05	0.00e+00	0.00e+00	0.00e+00	0.00e+00	0.00e+00	1.82e-95
 6.07089e+13	1.47e-27	8.76e-20	5.53e-13	4.74e-07	8.76e-01	1.24e-01	2.32e-05	0.00e+00	0.00e+00	0.00e+00	0.00e+00	0.00e+00	3.12e-81
 6.26694e+13	1.87e-27	1.06e-19	6.34e-13	5.12e-07	8.83e-01	1.17e-01	2.04e-05	0.00e+00	0.00e+00	0.00e+00	0.00e+00	0.00e+00	9.90e-95
 6.44993e+13	2.33e-27	1.26e-19	7.19e-13	5.49e-07	8.90e-01	1.10e-01	1.82e-05	0.00e+00	0.00e+00	0.00e+00	0.00e+00	0.00e+00	1.05e-80
 6.65173e+13	2.96e-27	1.51e-19	8.20e-13	5.90e-07	8.96e-01	1.04e-01	1.60e-05	0.00e+00	0.00e+00	0.00e+00	0.00e+00	0.00e+00	4.38e-94
 6.87885e+13	3.84e-27	1.85e-19	9.46e-13	6.38e-07	9.02e-01	9.77e-02	1.40e-05	0.00e+00	0.00e+00	0.00e+00	0.00e+00	0.00e+00	3.93e-80
 7.09597e+13	4.87e-27	2.23e-19	1.08e-12	6.87e-07	9.08e-01	9.20e-02	1.24e-05	0.00e+00	0.00e+00	0.00e+00	0.00e+00	0.00e+00	2.21e-93
 7.33531e+13	6.29e-27	2.71e-19	1.24e-12	7.41e-07	9.14e-01	8.63e-02	1.08e-05	0.00e+00	0.00e+00	0.00e+00	0.00e+00	0.00e+00	1.46e-79
 7.60205e+13	8.28e-27	3.36e-19	1.45e-12	8.04e-07	9.19e-01	8.05e-02	9.35e-06	0.00e+00	0.00e+00	0.00e+00	0.00e+00	0.00e+00	1.25e-92
 7.84746e+13	1.06e-26	4.05e-19	1.65e-12	8.64e-07	9.24e-01	7.57e-02	8.22e-06	0.00e+00	0.00e+00	0.00e+00	0.00e+00	0.00e+00	5.85e-79
 8.07434e+13	1.32e-26	4.80e-19	1.86e-12	9.22e-07	9.28e-01	7.16e-02	7.33e-06	0.00e+00	0.00e+00	0.00e+00	0.00e+00	0.00e+00	5.69e-92
 8.33409e+13	1.68e-26	5.80e-19	2.12e-12	9.89e-07	9.33e-01	6.74e-02	6.46e-06	0.00e+00	0.00e+00	0.00e+00	0.00e+00	0.00e+00	2.04e-78
 8.65202e+13	2.25e-26	7.25e-19	2.48e-12	1.07e-06	9.37e-01	6.27e-02	5.56e-06	0.00e+00	0.00e+00	0.00e+00	0.00e+00	0.00e+00	3.28e-91
 8.96970e+13	2.97e-26	8.97e-19	2.88e-12	1.16e-06	9.42e-01	5.84e-02	4.80e-06	0.00e+00	0.00e+00	0.00e+00	0.00e+00	0.00e+00	9.43e-78
 9.24665e+13	3.77e-26	1.08e-18	3.26e-12	1.24e-06	9.45e-01	5.50e-02	4.25e-06	0.00e+00	0.00e+00	0.00e+00	0.00e+00	0.00e+00	1.76e-90
 9.54654e+13	4.83e-26	1.30e-18	3.72e-12	1.33e-06	9.48e-01	5.17e-02	3.75e-06	0.00e+00	0.00e+00	0.00e+00	0.00e+00	0.00e+00	3.53e-77
 9.91186e+13	6.50e-26	1.63e-18	4.34e-12	1.44e-06	9.52e-01	4.81e-02	3.23e-06	0.00e+00	0.00e+00	0.00e+00	0.00e+00	0.00e+00	1.04e-89
 1.02838e+14	8.63e-26	2.02e-18	5.05e-12	1.56e-06	9.55e-01	4.47e-02	2.78e-06	0.00e+00	0.00e+00	0.00e+00	0.00e+00	0.00e+00	1.70e-76
 1.06208e+14	1.11e-25	2.45e-18	5.76e-12	1.67e-06	9.58e-01	4.20e-02	2.45e-06	0.00e+00	0.00e+00	0.00e+00	0.00e+00	0.00e+00	3.40e-76
 1.09910e+14	1.46e-25	3.01e-18	6.61e-12	1.79e-06	9.61e-01	3.94e-02	2.14e-06	0.00e+00	0.00e+00	0.00e+00	0.00e+00	0.00e+00	7.11e-76
 1.14258e+14	1.98e-25	3.80e-18	7.74e-12	1.95e-06	9.63e-01	3.65e-02	1.84e-06	0.00e+00	0.00e+00	0.00e+00	0.00e+00	0.00e+00	1.65e-75
 1.18590e+14	2.65e-25	4.74e-18	9.00e-12	2.10e-06	9.66e-01	3.39e-02	1.58e-06	0.00e+00	0.00e+00	0.00e+00	0.00e+00	0.00e+00	3.63e-75
 1.22683e+14	3.47e-25	5.80e-18	1.03e-11	2.26e-06	9.68e-01	3.18e-02	1.39e-06	0.00e+00	0.00e+00	0.00e+00	0.00e+00	0.00e+00	7.60e-75
 1.27208e+14	4.63e-25	7.22e-18	1.19e-11	2.43e-06	9.70e-01	2.96e-02	1.20e-06	0.00e+00	0.00e+00	0.00e+00	0.00e+00	0.00e+00	1.68e-74
 1.32326e+14	6.30e-25	9.11e-18	1.40e-11	2.63e-06	9.73e-01	2.74e-02	1.03e-06	0.00e+00	0.00e+00	0.00e+00	0.00e+00	0.00e+00	3.91e-74
 1.37466e+14	8.56e-25	1.15e-17	1.63e-11	2.84e-06	9.74e-01	2.55e-02	8.87e-07	0.00e+00	0.00e+00	0.00e+00	0.00e+00	0.00e+00	9.10e-74
 1.42812e+14	1.15e-24	1.44e-17	1.90e-11	3.08e-06	9.76e-01	2.37e-02	0.00e+00	0.00e+00	0.00e+00	0.00e+00	0.00e+00	0.00e+00	2.06e-73
 1.48554e+14	1.58e-24	1.82e-17	2.23e-11	3.33e-06	9.78e-01	2.19e-02	0.00e+00	0.00e+00	0.00e+00	0.00e+00	0.00e+00	0.00e+00	4.89e-73
 1.54526e+14	2.17e-24	2.31e-17	2.61e-11	3.60e-06	9.80e-01	2.03e-02	0.00e+00	0.00e+00	0.00e+00	0.00e+00	0.00e+00	0.00e+00	1.17e-72
 1.60298e+14	2.90e-24	2.87e-17	3.02e-11	3.88e-06	9.81e-01	1.89e-02	0.00e+00	0.00e+00	0.00e+00	0.00e+00	0.00e+00	0.00e+00	2.59e-72
 1.65719e+14	3.76e-24	3.49e-17	3.45e-11	4.15e-06	9.82e-01	1.77e-02	0.00e+00	0.00e+00	0.00e+00	0.00e+00	0.00e+00	0.00e+00	5.29e-72
 1.70825e+14	4.79e-24	4.19e-17	3.89e-11	4.41e-06	9.83e-01	1.67e-02	0.00e+00	0.00e+00	0.00e+00	0.00e+00	0.00e+00	0.00e+00	1.03e-71
 1.76371e+14	6.19e-24	5.08e-17	4.42e-11	4.70e-06	9.84e-01	1.57e-02	0.00e+00	0.00e+00	0.00e+00	0.00e+00	1.64e-17	3.44e-17	2.10e-71
 1.82575e+14	8.13e-24	6.24e-17	5.07e-11	5.03e-06	9.85e-01	1.47e-02	0.00e+00	0.00e+00	0.00e+00	0.00e+00	2.07e-17	4.17e-17	4.45e-71
 1.88446e+14	1.04e-23	7.52e-17	5.76e-11	5.37e-06	9.86e-01	1.38e-02	0.00e+00	0.00e+00	0.00e+00	0.00e+00	2.50e-17	5.02e-17	8.75e-71
 1.94890e+14	1.36e-23	9.19e-17	6.58e-11	5.74e-06	9.87e-01	1.29e-02	0.00e+00	0.00e+00	0.00e+00	0.00e+00	3.05e-17	6.14e-17	1.83e-70
 2.02134e+14	1.82e-23	1.14e-16	7.61e-11	6.17e-06	9.88e-01	1.20e-02	0.00e+00	0.00e+00	0.00e+00	0.00e+00	3.80e-17	7.64e-17	4.09e-70
 2.09042e+14	2.37e-23	1.40e-16	8.71e-11	6.60e-06	9.89e-01	1.13e-02	0.00e+00	0.00e+00	0.00e+00	0.00e+00	4.63e-17	9.32e-17	8.46e-70
 2.16610e+14	3.12e-23	1.72e-16	1.00e-10	7.09e-06	9.90e-01	1.05e-02	0.00e+00	0.00e+00	0.00e+00	0.00e+00	5.70e-17	1.15e-16	1.80e-69
 2.25076e+14	4.24e-23	2.16e-16	1.17e-10	7.65e-06	9.90e-01	9.73e-03	0.00e+00	0.00e+00	0.00e+00	0.00e+00	7.18e-17	1.45e-16	4.21e-69
 2.33236e+14	5.57e-23	2.66e-16	1.35e-10	8.24e-06	9.91e-01	9.05e-03	0.00e+00	0.00e+00	0.00e+00	0.00e+00	8.83e-17	1.78e-16	8.85e-69
 2.41950e+14	7.46e-23	3.31e-16	1.56e-10	8.86e-06	9.92e-01	8.43e-03	0.00e+00	0.00e+00	0.00e+00	0.00e+00	1.10e-16	2.21e-16	1.97e-68
 2.51658e+14	1.01e-22	4.17e-16	1.83e-10	9.59e-06	9.92e-01	7.79e-03	0.00e+00	0.00e+00	0.00e+00	0.00e+00	1.38e-16	2.79e-16	4.57e-68
 2.60626e+14	1.33e-22	5.14e-16	2.10e-10	1.03e-05	9.93e-01	7.27e-03	0.00e+00	0.00e+00	0.00e+00	0.00e+00	1.71e-16	3.44e-16	9.83e-68
 2.68388e+14	1.67e-22	6.10e-16	2.37e-10	1.09e-05	9.93e-01	6.85e-03	0.00e+00	0.00e+00	0.00e+00	0.00e+00	2.03e-16	4.08e-16	1.82e-67
 2.77000e+14	2.15e-22	7.38e-16	2.69e-10	1.16e-05	9.94e-01	6.43e-03	0.00e+00	0.00e+00	0.00e+00	0.00e+00	2.45e-16	4.93e-16	3.63e-67
 2.87520e+14	2.85e-22	9.15e-16	3.13e-10	1.26e-05	9.94e-01	5.97e-03	0.00e+00	0.00e+00	0.00e+00	0.00e+00	3.04e-16	6.12e-16	7.87e-67
 2.98173e+14	3.81e-22	1.14e-15	3.61e-10	1.35e-05	9.94e-01	5.55e-03	0.00e+00	0.00e+00	0.00e+00	0.00e+00	3.78e-16	7.61e-16	1.75e-66
 3.07767e+14	4.84e-22	1.37e-15	4.11e-10	1.44e-05	9.95e-01	5.21e-03	0.00e+00	0.00e+00	0.00e+00	0.00e+00	4.53e-16	9.13e-16	3.37e-66
 3.18332e+14	6.28e-22	1.67e-15	4.71e-10	1.54e-05	9.95e-01	4.86e-03	0.00e+00	0.00e+00	0.00e+00	0.00e+00	5.52e-16	1.11e-15	6.90e-66
 3.30805e+14	8.44e-22	2.09e-15	5.50e-10	1.67e-05	9.95e-01	4.50e-03	0.00e+00	0.00e+00	0.00e+00	0.00e+00	6.92e-16	1.39e-15	1.55e-65
 3.43033e+14	1.12e-21	2.58e-15	6.36e-10	1.80e-05	9.96e-01	4.18e-03	0.00e+00	0.00e+00	0.00e+00	0.00e+00	8.56e-16	1.73e-15	3.37e-65
 3.54219e+14	1.43e-21	3.12e-15	7.24e-10	1.92e-05	9.96e-01	3.92e-03	0.00e+00	0.00e+00	0.00e+00	0.00e+00	1.04e-15	2.09e-15	6.72e-65
 3.66777e+14	1.86e-21	3.81e-15	8.33e-10	2.06e-05	9.96e-01	3.65e-03	0.00e+00	0.00e+00	0.00e+00	0.00e+00	1.26e-15	2.55e-15	1.37e-64
 3.81367e+14	2.52e-21	4.81e-15	9.74e-10	2.23e-05	9.97e-01	3.38e-03	0.00e+00	0.00e+00	0.00e+00	0.00e+00	1.59e-15	3.21e-15	3.19e-64
 3.95709e+14	3.32e-21	5.92e-15	1.13e-09	2.41e-05	9.97e-01	3.13e-03	0.00e+00	0.00e+00	0.00e+00	0.00e+00	1.96e-15	3.96e-15	6.75e-64
 4.09274e+14	4.32e-21	7.24e-15	1.29e-09	2.58e-05	9.97e-01	2.93e-03	0.00e+00	0.00e+00	0.00e+00	0.00e+00	2.40e-15	4.84e-15	1.40e-63
 4.24323e+14	5.64e-21	8.87e-15	1.50e-09	2.77e-05	9.97e-01	2.72e-03	0.00e+00	0.00e+00	0.00e+00	0.00e+00	2.94e-15	5.93e-15	2.90e-63
 4.41326e+14	7.64e-21	1.12e-14	1.75e-09	3.00e-05	9.97e-01	2.51e-03	0.00e+00	0.00e+00	0.00e+00	0.00e+00	3.71e-15	7.48e-15	6.75e-63
 4.58401e+14	1.01e-20	1.38e-14	2.04e-09	3.25e-05	9.98e-01	2.32e-03	0.00e+00	0.00e+00	0.00e+00	0.00e+00	4.58e-15	9.25e-15	1.44e-62
 4.74422e+14	1.30e-20	1.69e-14	2.34e-09	3.48e-05	9.98e-01	2.17e-03	0.00e+00	0.00e+00	0.00e+00	0.00e+00	5.58e-15	1.13e-14	2.94e-62
 4.91690e+14	1.71e-20	2.08e-14	2.70e-09	3.74e-05	9.98e-01	2.02e-03	0.00e+00	0.00e+00	0.00e+00	0.00e+00	6.89e-15	1.39e-14	6.30e-62
 5.11388e+14	2.28e-20	2.59e-14	3.17e-09	4.05e-05	9.98e-01	1.86e-03	0.00e+00	0.00e+00	0.00e+00	0.00e+00	8.56e-15	1.73e-14	1.37e-61
 5.29976e+14	3.00e-20	3.19e-14	3.65e-09	4.36e-05	9.98e-01	1.73e-03	0.00e+00	0.00e+00	0.00e+00	0.00e+00	1.06e-14	2.14e-14	2.96e-61
 5.46779e+14	3.74e-20	3.78e-14	4.14e-09	4.65e-05	9.98e-01	1.62e-03	0.00e+00	0.00e+00	0.00e+00	0.00e+00	1.25e-14	2.53e-14	5.41e-61
 5.62715e+14	4.67e-20	4.49e-14	4.64e-09	4.92e-05	9.98e-01	1.53e-03	0.00e+00	0.00e+00	0.00e+00	0.00e+00	1.48e-14	3.00e-14	1.01e-60
 5.80377e+14	5.82e-20	5.31e-14	5.26e-09	5.24e-05	9.99e-01	1.44e-03	0.00e+00	0.00e+00	0.00e+00	0.00e+00	1.76e-14	3.55e-14	1.84e-60
 6.00034e+14	7.49e-20	6.46e-14	6.00e-09	5.61e-05	9.99e-01	1.34e-03	0.00e+00	0.00e+00	0.00e+00	0.00e+00	2.14e-14	4.32e-14	3.74e-60
 6.18595e+14	9.29e-20	7.62e-14	6.79e-09	5.97e-05	9.99e-01	1.26e-03	0.00e+00	0.00e+00	0.00e+00	0.00e+00	2.52e-14	5.10e-14	6.75e-60
 6.39037e+14	1.18e-19	9.16e-14	7.73e-09	6.38e-05	9.99e-01	1.18e-03	0.00e+00	0.00e+00	0.00e+00	0.00e+00	3.03e-14	6.13e-14	1.32e-59
 6.61897e+14	1.52e-19	1.11e-13	8.90e-09	6.85e-05	9.99e-01	1.10e-03	0.00e+00	0.00e+00	0.00e+00	0.00e+00	3.69e-14	7.46e-14	2.66e-59
 6.83429e+14	1.94e-19	1.35e-13	1.01e-08	7.31e-05	9.99e-01	1.03e-03	0.00e+00	0.00e+00	0.00e+00	0.00e+00	4.45e-14	9.00e-14	5.25e-59
 7.06951e+14	2.46e-19	1.62e-13	1.16e-08	7.84e-05	9.99e-01	9.60e-04	0.00e+00	0.00e+00	0.00e+00	0.00e+00	5.34e-14	1.08e-13	1.01e-58
 7.32931e+14	3.22e-19	1.99e-13	1.34e-08	8.42e-05	9.99e-01	8.93e-04	0.00e+00	0.00e+00	0.00e+00	0.00e+00	6.58e-14	1.33e-13	2.16e-58
 7.57018e+14	4.03e-19	2.37e-13	1.52e-08	9.01e-05	9.99e-01	8.34e-04	0.00e+00	0.00e+00	0.00e+00	0.00e+00	7.82e-14	1.59e-13	4.00e-58
 7.83243e+14	5.16e-19	2.87e-13	1.75e-08	9.65e-05	9.99e-01	7.78e-04	0.00e+00	0.00e+00	0.00e+00	0.00e+00	9.47e-14	1.92e-13	7.98e-58
 8.12467e+14	6.67e-19	3.51e-13	2.02e-08	1.04e-04	9.99e-01	7.22e-04	0.00e+00	0.00e+00	0.00e+00	0.00e+00	1.16e-13	2.35e-13	1.64e-57
 8.39776e+14	8.55e-19	4.25e-13	2.31e-08	1.11e-04	9.99e-01	6.75e-04	0.00e+00	0.00e+00	0.00e+00	0.00e+00	1.40e-13	2.85e-13	3.30e-57
 8.69465e+14	1.08e-18	5.11e-13	2.65e-08	1.19e-04	9.99e-01	6.28e-04	0.00e+00	0.00e+00	0.00e+00	0.00e+00	1.69e-13	3.42e-13	6.35e-57
 9.02480e+14	1.43e-18	6.34e-13	3.08e-08	1.29e-04	9.99e-01	5.81e-04	0.00e+00	0.00e+00	0.00e+00	0.00e+00	2.09e-13	4.25e-13	1.38e-56
 9.33503e+14	1.79e-18	7.56e-13	3.53e-08	1.38e-04	9.99e-01	5.41e-04	0.00e+00	0.00e+00	0.00e+00	0.00e+00	2.49e-13	5.07e-13	2.59e-56
 9.67273e+14	2.32e-18	9.24e-13	4.07e-08	1.49e-04	9.99e-01	5.03e-04	0.00e+00	0.00e+00	0.00e+00	0.00e+00	3.05e-13	6.20e-13	5.35e-56
 1.00487e+15	3.00e-18	1.13e-12	4.74e-08	1.61e-04	9.99e-01	4.64e-04	0.00e+00	0.00e+00	0.00e+00	0.00e+00	3.74e-13	7.61e-13	1.11e-55
 1.04049e+15	3.86e-18	1.38e-12	5.45e-08	1.73e-04	9.99e-01	4.32e-04	0.00e+00	0.00e+00	0.00e+00	0.00e+00	4.54e-13	9.25e-13	2.25e-55
 1.07865e+15	4.91e-18	1.67e-12	6.30e-08	1.86e-04	9.99e-01	4.00e-04	0.00e+00	0.00e+00	0.00e+00	0.00e+00	5.50e-13	1.12e-12	4.43e-55
 1.12183e+15	6.50e-18	2.09e-12	7.38e-08	2.02e-04	9.99e-01	3.69e-04	0.00e+00	0.00e+00	0.00e+00	0.00e+00	6.87e-13	1.40e-12	9.88e-55
 1.16447e+15	8.33e-18	2.53e-12	8.58e-08	2.19e-04	9.99e-01	3.41e-04	0.00e+00	0.00e+00	0.00e+00	0.00e+00	8.34e-13	1.70e-12	1.97e-54
 1.20566e+15	1.06e-17	3.08e-12	9.87e-08	2.35e-04	9.99e-01	3.17e-04	0.00e+00	0.00e+00	0.00e+00	0.00e+00	1.01e-12	2.06e-12	3.96e-54
 1.25076e+15	1.36e-17	3.74e-12	1.14e-07	2.54e-04	9.99e-01	2.92e-04	0.00e+00	0.00e+00	0.00e+00	0.00e+00	1.23e-12	2.51e-12	7.91e-54
 1.30082e+15	1.77e-17	4.63e-12	1.34e-07	2.76e-04	9.99e-01	2.69e-04	0.00e+00	0.00e+00	0.00e+00	0.00e+00	1.52e-12	3.11e-12	1.70e-53
 1.34360e+15	2.19e-17	5.47e-12	1.53e-07	2.96e-04	9.99e-01	2.51e-04	0.00e+00	0.00e+00	0.00e+00	0.00e+00	1.80e-12	3.67e-12	3.07e-53
 1.37534e+15	2.55e-17	6.20e-12	1.68e-07	3.11e-04	9.99e-01	2.38e-04	0.00e+00	0.00e+00	0.00e+00	0.00e+00	2.04e-12	4.16e-12	4.80e-53
 1.40866e+15	3.01e-17	7.05e-12	1.85e-07	3.28e-04	9.99e-01	2.26e-04	0.00e+00	0.00e+00	0.00e+00	0.00e+00	2.32e-12	4.74e-12	7.64e-53
 1.45197e+15	3.65e-17	8.26e-12	2.09e-07	3.50e-04	9.99e-01	2.12e-04	0.00e+00	0.00e+00	0.00e+00	0.00e+00	2.71e-12	5.55e-12	1.34e-52
 1.49960e+15	4.51e-17	9.80e-12	2.39e-07	3.75e-04	9.99e-01	1.97e-04	0.00e+00	3.77e-18	1.13e-17	1.89e-17	3.22e-12	6.58e-12	2.47e-52
 1.54361e+15	5.46e-17	1.15e-11	2.68e-07	3.99e-04	9.99e-01	1.85e-04	0.00e+00	4.56e-18	1.37e-17	2.29e-17	3.76e-12	7.70e-12	4.33e-52
 1.59158e+15	6.65e-17	1.34e-11	3.04e-07	4.28e-04	9.99e-01	1.73e-04	0.00e+00	5.56e-18	1.67e-17	2.79e-17	4.41e-12	9.02e-12	7.60e-52
 1.64536e+15	8.25e-17	1.60e-11	3.47e-07	4.59e-04	9.99e-01	1.61e-04	0.00e+00	6.91e-18	2.07e-17	3.46e-17	5.26e-12	1.08e-11	1.44e-51
 1.69684e+15	1.01e-16	1.89e-11	3.94e-07	4.92e-04	9.99e-01	1.50e-04	0.00e+00	8.47e-18	2.54e-17	4.25e-17	6.19e-12	1.27e-11	2.59e-51
 1.75389e+15	1.24e-16	2.24e-11	4.50e-07	5.29e-04	9.99e-01	1.40e-04	0.00e+00	1.04e-17	3.13e-17	5.23e-17	7.35e-12	1.50e-11	4.81e-51
 1.81755e+15	1.57e-16	2.70e-11	5.22e-07	5.73e-04	9.99e-01	1.29e-04	0.00e+00	1.32e-17	3.96e-17	6.61e-17	8.86e-12	1.81e-11	9.48e-51
 1.87693e+15	1.93e-16	3.20e-11	5.94e-07	6.16e-04	9.99e-01	1.20e-04	0.00e+00	1.62e-17	4.87e-17	8.13e-17	1.05e-11	2.15e-11	1.76e-50
 1.94127e+15	2.39e-16	3.81e-11	6.81e-07	6.64e-04	9.99e-01	1.11e-04	0.00e+00	2.00e-17	6.02e-17	1.01e-16	1.25e-11	2.56e-11	3.31e-50
 2.01276e+15	2.99e-16	4.59e-11	7.89e-07	7.21e-04	9.99e-01	1.02e-04	0.00e+00	2.51e-17	7.54e-17	1.26e-16	1.50e-11	3.08e-11	6.53e-50
 2.07918e+15	3.68e-16	5.45e-11	9.00e-07	7.75e-04	9.99e-01	9.53e-05	0.00e+00	3.10e-17	9.31e-17	1.56e-16	1.79e-11	3.66e-11	1.23e-49
 2.15114e+15	4.55e-16	6.48e-11	1.03e-06	8.37e-04	9.99e-01	8.82e-05	0.00e+00	3.83e-17	1.15e-16	1.92e-16	2.13e-11	4.36e-11	2.35e-49
 2.23136e+15	5.71e-16	7.83e-11	1.20e-06	9.09e-04	9.99e-01	8.11e-05	0.00e+00	4.82e-17	1.45e-16	2.42e-16	2.57e-11	5.26e-11	4.75e-49
 2.30643e+15	6.95e-16	9.27e-11	1.37e-06	9.78e-04	9.99e-01	7.54e-05	0.00e+00	5.87e-17	1.76e-16	2.95e-16	3.04e-11	6.23e-11	8.88e-49
 2.38814e+15	8.77e-16	1.12e-10	1.58e-06	1.06e-03	9.99e-01	6.96e-05	0.00e+00	7.42e-17	2.23e-16	3.72e-16	3.67e-11	7.50e-11	1.80e-48
 2.47926e+15	1.10e-15	1.35e-10	1.83e-06	1.15e-03	9.99e-01	6.39e-05	0.00e+00	9.33e-17	2.80e-16	4.68e-16	4.44e-11	9.08e-11	3.69e-48
 2.56479e+15	1.34e-15	1.61e-10	2.10e-06	1.24e-03	9.99e-01	5.93e-05	0.00e+00	1.14e-16	3.42e-16	5.71e-16	5.27e-11	1.08e-10	7.05e-48
 2.65750e+15	1.70e-15	1.95e-10	2.42e-06	1.35e-03	9.99e-01	5.46e-05	0.00e+00	1.45e-16	4.35e-16	7.26e-16	6.38e-11	1.31e-10	1.47e-47
 2.76114e+15	2.16e-15	2.37e-10	2.83e-06	1.47e-03	9.98e-01	5.01e-05	0.00e+00	1.83e-16	5.51e-16	9.20e-16	7.80e-11	1.59e-10	3.16e-47
 2.86024e+15	2.69e-15	2.86e-10	3.26e-06	1.59e-03	9.98e-01	4.62e-05	0.00e+00	2.29e-16	6.89e-16	1.15e-15	9.38e-11	1.92e-10	6.50e-47
 2.96599e+15	3.38e-15	3.45e-10	3.77e-06	1.73e-03	9.98e-01	4.26e-05	0.00e+00	2.88e-16	8.65e-16	1.44e-15	1.13e-10	2.32e-10	1.37e-46
 3.08466e+15	4.34e-15	4.25e-10	4.41e-06	1.89e-03	9.98e-01	3.89e-05	0.00e+00	3.70e-16	1.11e-15	1.86e-15	1.40e-10	2.85e-10	3.10e-46
 3.18404e+15	5.18e-15	4.97e-10	5.00e-06	2.03e-03	9.98e-01	3.63e-05	0.00e+00	4.43e-16	1.33e-15	2.22e-15	1.63e-10	3.34e-10	5.71e-46
 3.25548e+15	5.98e-15	5.60e-10	5.47e-06	2.13e-03	9.98e-01	3.45e-05	0.00e+00	5.12e-16	1.54e-15	2.57e-15	1.84e-10	3.76e-10	9.20e-46
 3.33036e+15	7.02e-15	6.37e-10	5.99e-06	2.24e-03	9.98e-01	3.28e-05	0.00e+00	6.01e-16	1.80e-15	3.01e-15	2.09e-10	4.27e-10	1.53e-45
 3.42770e+15	8.41e-15	7.41e-10	6.72e-06	2.39e-03	9.98e-01	3.07e-05	0.00e+00	7.21e-16	2.16e-15	3.61e-15	2.44e-10	4.98e-10	2.81e-45
 3.53547e+15	1.02e-14	8.75e-10	7.61e-06	2.57e-03	9.97e-01	2.87e-05	0.00e+00	8.78e-16	2.64e-15	4.40e-15	2.88e-10	5.87e-10	5.43e-45
 3.63582e+15	1.22e-14	1.01e-09	8.51e-06	2.73e-03	9.97e-01	2.69e-05	0.00e+00	1.04e-15	3.14e-15	5.24e-15	3.34e-10	6.81e-10	9.74e-45
 3.74529e+15	1.44e-14	1.18e-09	9.57e-06	2.92e-03	9.97e-01	2.52e-05	0.00e+00	1.24e-15	3.73e-15	6.22e-15	3.88e-10	7.90e-10	1.76e-44
 3.86804e+15	1.81e-14	1.42e-09	1.09e-05	3.14e-03	9.97e-01	2.34e-05	0.00e+00	1.56e-15	4.68e-15	7.81e-15	4.66e-10	9.51e-10	3.69e-44
 3.98417e+15	2.17e-14	1.66e-09	1.23e-05	3.36e-03	9.97e-01	2.20e-05	0.00e+00	1.87e-15	5.62e-15	9.38e-15	5.46e-10	1.11e-09	6.86e-44
 4.11127e+15	2.61e-14	1.94e-09	1.39e-05	3.60e-03	9.96e-01	2.05e-05	0.00e+00	2.25e-15	6.75e-15	1.13e-14	6.41e-10	1.30e-09	1.29e-43
 4.25403e+15	3.31e-14	2.37e-09	1.59e-05	3.89e-03	9.96e-01	1.90e-05	0.00e+00	2.86e-15	8.59e-15	1.43e-14	7.81e-10	1.59e-09	2.84e-43
 4.38984e+15	4.05e-14	2.82e-09	1.80e-05	4.17e-03	9.96e-01	1.78e-05	0.00e+00	3.51e-15	1.05e-14	1.76e-14	9.28e-10	1.89e-09	5.58e-43
 4.53906e+15	4.90e-14	3.33e-09	2.06e-05	4.49e-03	9.95e-01	1.65e-05	0.00e+00	4.24e-15	1.27e-14	2.13e-14	1.10e-09	2.23e-09	1.09e-42
 4.70755e+15	6.32e-14	4.13e-09	2.38e-05	4.88e-03	9.95e-01	1.52e-05	0.00e+00	5.48e-15	1.65e-14	2.75e-14	1.36e-09	2.77e-09	2.55e-42
 4.86740e+15	7.84e-14	4.97e-09	2.72e-05	5.25e-03	9.95e-01	1.42e-05	0.00e+00	6.81e-15	2.04e-14	3.41e-14	1.64e-09	3.33e-09	5.23e-42
 5.04148e+15	9.59e-14	5.93e-09	3.13e-05	5.67e-03	9.94e-01	1.32e-05	0.00e+00	8.33e-15	2.50e-14	4.17e-14	1.96e-09	3.97e-09	1.04e-41
 5.23488e+15	1.25e-13	7.43e-09	3.64e-05	6.18e-03	9.94e-01	1.22e-05	0.00e+00	1.09e-14	3.26e-14	5.45e-14	2.45e-09	4.98e-09	2.51e-41
 5.41456e+15	1.55e-13	8.98e-09	4.17e-05	6.65e-03	9.93e-01	1.14e-05	0.00e+00	1.35e-14	4.06e-14	6.77e-14	2.96e-09	6.01e-09	5.02e-41
 5.60925e+15	1.94e-13	1.09e-08	4.80e-05	7.19e-03	9.93e-01	1.06e-05	0.00e+00	1.69e-14	5.07e-14	8.46e-14	3.60e-09	7.30e-09	1.04e-40
 5.82795e+15	2.43e-13	1.33e-08	5.59e-05	7.82e-03	9.92e-01	9.78e-06	0.00e+00	2.13e-14	6.38e-14	1.06e-13	4.40e-09	8.92e-09	2.23e-40
 6.03601e+15	3.06e-13	1.62e-08	6.44e-05	8.45e-03	9.91e-01	9.12e-06	0.00e+00	2.67e-14	8.02e-14	1.34e-13	5.37e-09	1.09e-08	4.76e-40
 6.25809e+15	3.87e-13	1.99e-08	7.45e-05	9.16e-03	9.91e-01	8.49e-06	0.00e+00	3.39e-14	1.02e-13	1.70e-13	6.59e-09	1.33e-08	1.03e-39
 6.50332e+15	4.97e-13	2.48e-08	8.69e-05	9.96e-03	9.90e-01	7.88e-06	0.00e+00	4.36e-14	1.31e-13	2.18e-13	8.19e-09	1.66e-08	2.33e-39
 6.74194e+15	6.42e-13	3.10e-08	1.01e-04	1.08e-02	9.89e-01	7.37e-06	0.00e+00	5.63e-14	1.69e-13	2.82e-13	1.02e-08	2.07e-08	5.36e-39
 6.93981e+15	7.80e-13	3.67e-08	1.13e-04	1.15e-02	9.88e-01	7.00e-06	0.00e+00	6.85e-14	2.06e-13	3.43e-13	1.21e-08	2.46e-08	9.87e-39
 7.09644e+15	9.02e-13	4.17e-08	1.24e-04	1.21e-02	9.88e-01	6.72e-06	0.00e+00	7.93e-14	2.38e-13	3.97e-13	1.38e-08	2.79e-08	1.58e-38
 7.26866e+15	1.06e-12	4.80e-08	1.36e-04	1.27e-02	9.87e-01	6.44e-06	0.00e+00	9.32e-14	2.80e-13	4.67e-13	1.59e-08	3.21e-08	2.63e-38
 7.49254e+15	1.27e-12	5.62e-08	1.54e-04	1.36e-02	9.86e-01	6.10e-06	0.00e+00	1.12e-13	3.36e-13	5.60e-13	1.86e-08	3.76e-08	4.56e-38
 7.73350e+15	1.60e-12	6.88e-08	1.75e-04	1.46e-02	9.85e-01	5.79e-06	0.00e+00	1.41e-13	4.23e-13	7.05e-13	2.28e-08	4.60e-08	9.39e-38
 7.94663e+15	1.90e-12	8.02e-08	1.96e-04	1.55e-02	9.84e-01	5.53e-06	0.00e+00	1.68e-13	5.03e-13	8.39e-13	2.66e-08	5.37e-08	1.61e-37
 8.17370e+15	2.27e-12	9.36e-08	2.20e-04	1.65e-02	9.83e-01	5.28e-06	0.00e+00	2.01e-13	6.02e-13	1.00e-12	3.10e-08	6.26e-08	2.77e-37
 8.46810e+15	2.93e-12	1.17e-07	2.54e-04	1.78e-02	9.82e-01	5.00e-06	0.00e+00	2.59e-13	7.78e-13	1.30e-12	3.87e-08	7.82e-08	6.22e-37
 8.76765e+15	3.68e-12	1.43e-07	2.93e-04	1.92e-02	9.80e-01	4.74e-06	0.00e+00	3.25e-13	9.76e-13	1.63e-12	4.73e-08	9.56e-08	1.21e-36
 9.01411e+15	4.40e-12	1.67e-07	3.28e-04	2.04e-02	9.79e-01	4.56e-06	0.00e+00	3.89e-13	1.17e-12	1.95e-12	5.52e-08	1.11e-07	2.06e-36
 9.27393e+15	5.32e-12	1.97e-07	3.69e-04	2.17e-02	9.78e-01	4.38e-06	0.00e+00	4.71e-13	1.41e-12	2.36e-12	6.53e-08	1.32e-07	3.66e-36
 9.60921e+15	6.90e-12	2.48e-07	4.29e-04	2.36e-02	9.76e-01	4.17e-06	0.00e+00	6.12e-13	1.84e-12	3.06e-12	8.21e-08	1.66e-07	8.18e-36
 9.95370e+15	8.78e-12	3.06e-07	4.96e-04	2.54e-02	9.74e-01	3.99e-06	0.00e+00	7.79e-13	2.34e-12	3.90e-12	1.01e-07	2.05e-07	1.63e-35
 1.02471e+16	1.07e-11	3.64e-07	5.61e-04	2.71e-02	9.72e-01	3.85e-06	0.00e+00	9.51e-13	2.85e-12	4.76e-12	1.21e-07	2.44e-07	2.92e-35
 1.05629e+16	1.33e-11	4.39e-07	6.38e-04	2.91e-02	9.70e-01	3.72e-06	0.00e+00	1.18e-12	3.54e-12	5.90e-12	1.45e-07	2.93e-07	5.35e-35
 1.09562e+16	1.69e-11	5.37e-07	7.45e-04	3.15e-02	9.68e-01	3.56e-06	0.00e+00	1.50e-12	4.51e-12	7.53e-12	1.78e-07	3.59e-07	1.02e-34
 1.13489e+16	2.20e-11	6.81e-07	8.67e-04	3.42e-02	9.65e-01	3.44e-06	0.00e+00	1.96e-12	5.87e-12	9.79e-12	2.26e-07	4.55e-07	2.22e-34
 1.16813e+16	2.70e-11	8.13e-07	9.81e-04	3.65e-02	9.63e-01	3.34e-06	0.00e+00	2.40e-12	7.21e-12	1.20e-11	2.70e-07	5.43e-07	3.91e-34
 1.20368e+16	3.33e-11	9.75e-07	1.12e-03	3.90e-02	9.60e-01	3.25e-06	0.00e+00	2.97e-12	8.92e-12	1.49e-11	3.24e-07	6.52e-07	6.86e-34
 1.24825e+16	4.31e-11	1.20e-06	1.31e-03	4.24e-02	9.56e-01	3.14e-06	0.00e+00	3.84e-12	1.15e-11	1.92e-11	4.00e-07	8.05e-07	1.32e-33
 1.29216e+16	5.61e-11	1.53e-06	1.53e-03	4.61e-02	9.52e-01	3.06e-06	0.00e+00	5.01e-12	1.50e-11	2.51e-11	5.09e-07	1.02e-06	2.84e-33
 1.32742e+16	6.81e-11	1.82e-06	1.73e-03	4.91e-02	9.49e-01	2.99e-06	0.00e+00	6.08e-12	1.82e-11	3.04e-11	6.02e-07	1.21e-06	4.67e-33
 1.36384e+16	8.38e-11	2.17e-06	1.96e-03	5.24e-02	9.46e-01	2.94e-06	0.00e+00	7.50e-12	2.25e-11	3.75e-11	7.19e-07	1.45e-06	8.06e-33
 1.41119e+16	1.08e-10	2.65e-06	2.29e-03	5.68e-02	9.41e-01	2.86e-06	0.00e+00	9.67e-12	2.90e-11	4.84e-11	8.80e-07	1.77e-06	1.44e-32
 1.46047e+16	1.43e-10	3.40e-06	2.69e-03	6.19e-02	9.35e-01	2.81e-06	0.00e+00	1.28e-11	3.85e-11	6.42e-11	1.13e-06	2.27e-06	3.11e-32
 1.49692e+16	1.71e-10	3.99e-06	3.02e-03	6.57e-02	9.31e-01	2.77e-06	0.00e+00	1.53e-11	4.59e-11	7.65e-11	1.32e-06	2.66e-06	4.82e-32
 1.52895e+16	2.03e-10	4.62e-06	3.35e-03	6.94e-02	9.27e-01	2.74e-06	0.00e+00	1.82e-11	5.47e-11	9.12e-11	1.53e-06	3.08e-06	7.45e-32
 1.57059e+16	2.53e-10	5.54e-06	3.83e-03	7.44e-02	9.22e-01	2.70e-06	0.00e+00	2.27e-11	6.82e-11	1.14e-10	1.84e-06	3.70e-06	1.25e-31
 1.61458e+16	3.18e-10	6.75e-06	4.40e-03	8.00e-02	9.16e-01	2.66e-06	0.00e+00	2.86e-11	8.57e-11	1.43e-10	2.24e-06	4.51e-06	2.20e-31
 1.65245e+16	3.85e-10	7.91e-06	4.95e-03	8.50e-02	9.10e-01	2.64e-06	0.00e+00	3.46e-11	1.04e-10	1.73e-10	2.63e-06	5.28e-06	3.38e-31
 1.69249e+16	4.72e-10	9.30e-06	5.62e-03	9.07e-02	9.04e-01	2.61e-06	0.00e+00	4.25e-11	1.27e-10	2.13e-10	3.09e-06	6.21e-06	5.26e-31
 1.73702e+16	6.04e-10	1.15e-05	6.47e-03	9.77e-02	8.96e-01	2.60e-06	0.00e+00	5.44e-11	1.63e-10	2.72e-10	3.84e-06	7.71e-06	9.92e-31
 1.77694e+16	7.34e-10	1.36e-05	7.32e-03	1.04e-01	8.89e-01	2.57e-06	0.00e+00	6.62e-11	1.99e-10	3.31e-10	4.52e-06	9.07e-06	1.51e-30
 1.81238e+16	8.78e-10	1.56e-05	8.18e-03	1.10e-01	8.82e-01	2.56e-06	0.00e+00	7.92e-11	2.38e-10	3.96e-10	5.20e-06	1.04e-05	2.20e-30
 1.85244e+16	1.08e-09	1.86e-05	9.31e-03	1.18e-01	8.73e-01	2.54e-06	0.00e+00	9.75e-11	2.92e-10	4.87e-10	6.18e-06	1.24e-05	3.50e-30
 1.89650e+16	1.39e-09	2.32e-05	1.07e-02	1.27e-01	8.62e-01	2.55e-06	0.00e+00	1.26e-10	3.78e-10	6.30e-10	7.71e-06	1.55e-05	6.66e-30
 1.93611e+16	1.71e-09	2.74e-05	1.22e-02	1.35e-01	8.53e-01	2.54e-06	0.00e+00	1.54e-10	4.63e-10	7.71e-10	9.10e-06	1.83e-05	1.00e-29
 1.97229e+16	2.06e-09	3.17e-05	1.37e-02	1.44e-01	8.43e-01	2.53e-06	0.00e+00	1.86e-10	5.59e-10	9.32e-10	1.05e-05	2.12e-05	1.47e-29
 2.00817e+16	2.50e-09	3.73e-05	1.55e-02	1.52e-01	8.32e-01	2.53e-06	0.00e+00	2.26e-10	6.79e-10	1.13e-09	1.24e-05	2.49e-05	2.26e-29
 2.04363e+16	3.13e-09	4.52e-05	1.75e-02	1.62e-01	8.20e-01	2.56e-06	0.00e+00	2.84e-10	8.52e-10	1.42e-09	1.50e-05	3.01e-05	3.96e-29
 2.07781e+16	3.78e-09	5.26e-05	1.97e-02	1.72e-01	8.08e-01	2.57e-06	4.94e-12	3.43e-10	1.03e-09	1.71e-09	1.75e-05	3.51e-05	5.79e-29
 2.11603e+16	4.79e-09	6.41e-05	2.26e-02	1.85e-01	7.93e-01	2.59e-06	0.00e+00	4.35e-10	1.30e-09	2.17e-09	2.13e-05	4.27e-05	1.02e-28
 2.15536e+16	6.04e-09	7.69e-05	2.60e-02	1.98e-01	7.76e-01	2.61e-06	0.00e+00	5.48e-10	1.64e-09	2.74e-09	2.56e-05	5.13e-05	1.60e-28
 2.18765e+16	7.28e-09	8.90e-05	2.93e-02	2.09e-01	7.61e-01	2.62e-06	0.00e+00	6.62e-10	1.99e-09	3.31e-09	2.96e-05	5.93e-05	2.34e-28
 2.21674e+16	8.76e-09	1.04e-04	3.27e-02	2.21e-01	7.46e-01	2.65e-06	0.00e+00	7.97e-10	2.39e-09	3.98e-09	3.45e-05	6.91e-05	3.49e-28
