#depth	N	N+	N+2	N+3	N+4	N+5	N+6	N+7
 1.49634e+10	0.00e+00	0.00e+00	9.25e-30	1.18e-19	1.72e-10	7.95e-01	2.05e-01	2.36e-05
 4.54887e+10	0.00e+00	2.38e-40	1.19e-29	1.40e-19	1.89e-10	8.07e-01	1.93e-01	2.05e-05
 7.72350e+10	0.00e+00	0.00e+00	1.53e-29	1.66e-19	2.08e-10	8.20e-01	1.80e-01	1.77e-05
 1.10251e+11	0.00e+00	4.60e-40	1.96e-29	1.97e-19	2.28e-10	8.31e-01	1.69e-01	1.53e-05
 1.42222e+11	0.00e+00	0.00e+00	2.48e-29	2.31e-19	2.48e-10	8.41e-01	1.58e-01	1.34e-05
 1.72314e+11	0.00e+00	8.25e-40	3.06e-29	2.67e-19	2.68e-10	8.50e-01	1.50e-01	1.18e-05
 2.05977e+11	0.00e+00	0.00e+00	3.85e-29	3.12e-19	2.92e-10	8.60e-01	1.40e-01	1.03e-05
 2.44143e+11	0.00e+00	1.54e-39	4.93e-29	3.70e-19	3.19e-10	8.69e-01	1.31e-01	8.87e-06
 2.82242e+11	0.00e+00	0.00e+00	6.25e-29	4.35e-19	3.48e-10	8.78e-01	1.22e-01	7.68e-06
 3.21865e+11	0.00e+00	2.89e-39	7.92e-29	5.11e-19	3.79e-10	8.86e-01	1.14e-01	6.64e-06
 3.64666e+11	0.00e+00	0.00e+00	1.01e-28	6.04e-19	4.14e-10	8.94e-01	1.06e-01	5.70e-06
 4.09180e+11	0.00e+00	5.53e-39	1.30e-28	7.13e-19	4.51e-10	9.02e-01	9.85e-02	4.90e-06
 4.55474e+11	0.00e+00	0.00e+00	1.66e-28	8.42e-19	4.92e-10	9.09e-01	9.15e-02	4.20e-06
 5.03620e+11	0.00e+00	1.06e-38	2.12e-28	9.94e-19	5.37e-10	9.15e-01	8.49e-02	3.60e-06
 5.53691e+11	0.00e+00	0.00e+00	2.70e-28	1.17e-18	5.85e-10	9.21e-01	7.87e-02	3.08e-06
 6.05766e+11	0.00e+00	2.02e-38	3.45e-28	1.38e-18	6.38e-10	9.27e-01	7.29e-02	2.64e-06
 6.59923e+11	0.00e+00	0.00e+00	4.40e-28	1.63e-18	6.94e-10	9.32e-01	6.76e-02	2.26e-06
 7.16247e+11	0.00e+00	3.85e-38	5.62e-28	1.92e-18	7.56e-10	9.37e-01	6.25e-02	1.93e-06
 7.74823e+11	0.00e+00	0.00e+00	7.17e-28	2.27e-18	8.23e-10	9.42e-01	5.79e-02	1.65e-06
 8.35743e+11	0.00e+00	7.35e-38	9.15e-28	2.67e-18	8.95e-10	9.46e-01	5.35e-02	1.41e-06
 8.99100e+11	0.00e+00	0.00e+00	1.17e-27	3.15e-18	9.74e-10	9.51e-01	4.92e-02	1.19e-06
 9.60446e+11	0.00e+00	1.37e-37	1.46e-27	3.66e-18	1.05e-09	9.54e-01	4.58e-02	1.03e-06
 1.01659e+12	0.00e+00	0.00e+00	1.79e-27	4.19e-18	1.13e-09	9.57e-01	4.29e-02	9.02e-07
 1.07891e+12	0.00e+00	2.39e-37	2.22e-27	4.85e-18	1.22e-09	9.60e-01	3.99e-02	0.00e+00
 1.15138e+12	0.00e+00	0.00e+00	2.83e-27	5.70e-18	1.32e-09	9.63e-01	3.69e-02	0.00e+00
 1.22314e+12	0.00e+00	4.46e-37	3.56e-27	6.66e-18	1.43e-09	9.66e-01	3.42e-02	0.00e+00
 1.29214e+12	0.00e+00	0.00e+00	4.41e-27	7.68e-18	1.54e-09	9.68e-01	3.19e-02	0.00e+00
 1.36812e+12	0.00e+00	8.02e-37	5.54e-27	8.95e-18	1.66e-09	9.70e-01	2.95e-02	0.00e+00
 1.45277e+12	0.00e+00	0.00e+00	7.07e-27	1.05e-17	1.81e-09	9.73e-01	2.72e-02	0.00e+00
 1.53883e+12	0.00e+00	1.52e-36	8.98e-27	1.24e-17	1.96e-09	9.75e-01	2.52e-02	0.00e+00
 1.62834e+12	4.42e-47	2.09e-36	1.14e-26	1.45e-17	2.13e-09	9.77e-01	2.32e-02	0.00e+00
 1.72340e+12	0.00e+00	0.00e+00	1.46e-26	1.71e-17	2.31e-09	9.79e-01	2.14e-02	0.00e+00
 1.82226e+12	0.00e+00	4.02e-36	1.86e-26	2.02e-17	2.51e-09	9.80e-01	1.97e-02	0.00e+00
 1.92508e+12	1.50e-46	5.57e-36	2.38e-26	2.38e-17	2.73e-09	9.82e-01	1.81e-02	0.00e+00
 2.03201e+12	0.00e+00	0.00e+00	3.05e-26	2.81e-17	2.97e-09	9.83e-01	1.67e-02	0.00e+00
 2.14321e+12	0.00e+00	1.07e-35	3.91e-26	3.31e-17	3.23e-09	9.85e-01	1.54e-02	0.00e+00
 2.25887e+12	5.11e-46	1.49e-35	5.00e-26	3.91e-17	3.51e-09	9.86e-01	1.41e-02	0.00e+00
 2.36741e+12	0.00e+00	0.00e+00	6.26e-26	4.55e-17	3.79e-09	9.87e-01	1.31e-02	0.00e+00
 2.46415e+12	0.00e+00	2.59e-35	7.60e-26	5.18e-17	4.04e-09	9.88e-01	1.23e-02	0.00e+00
 2.57261e+12	1.45e-45	3.43e-35	9.38e-26	5.96e-17	4.34e-09	9.89e-01	1.14e-02	0.00e+00
 2.70156e+12	0.00e+00	0.00e+00	1.20e-25	7.01e-17	4.71e-09	9.89e-01	1.05e-02	0.00e+00
 2.83135e+12	0.00e+00	6.47e-35	1.51e-25	8.22e-17	5.11e-09	9.90e-01	9.72e-03	0.00e+00
 2.95269e+12	4.54e-45	8.57e-35	1.87e-25	9.47e-17	5.49e-09	9.91e-01	9.05e-03	0.00e+00
 3.08709e+12	0.00e+00	0.00e+00	2.35e-25	1.10e-16	5.93e-09	9.92e-01	8.37e-03	0.00e+00
 3.24050e+12	0.00e+00	1.62e-34	3.03e-25	1.31e-16	6.46e-09	9.92e-01	7.68e-03	0.00e+00
 3.39298e+12	1.50e-44	2.23e-34	3.86e-25	1.54e-16	7.01e-09	9.93e-01	7.08e-03	0.00e+00
 3.55156e+12	0.00e+00	3.08e-34	4.92e-25	1.81e-16	7.62e-09	9.93e-01	6.52e-03	0.00e+00
 3.72355e+12	3.41e-44	4.32e-34	6.35e-25	2.15e-16	8.31e-09	9.94e-01	5.98e-03	0.00e+00
 3.89863e+12	0.00e+00	6.01e-34	8.15e-25	2.54e-16	9.04e-09	9.95e-01	5.49e-03	0.00e+00
 4.06173e+12	7.46e-44	8.09e-34	1.02e-24	2.96e-16	9.76e-09	9.95e-01	5.09e-03	0.00e+00
 4.21231e+12	0.00e+00	1.06e-33	1.25e-24	3.39e-16	1.05e-08	9.95e-01	4.75e-03	0.00e+00
 4.38453e+12	1.51e-43	1.42e-33	1.56e-24	3.94e-16	1.13e-08	9.96e-01	4.40e-03	0.00e+00
 4.58647e+12	0.00e+00	1.99e-33	2.02e-24	4.68e-16	1.23e-08	9.96e-01	4.03e-03	0.00e+00
 4.78651e+12	3.41e-43	2.74e-33	2.57e-24	5.52e-16	1.34e-08	9.96e-01	3.71e-03	0.00e+00
 4.97392e+12	0.00e+00	3.66e-33	3.21e-24	6.40e-16	1.44e-08	9.97e-01	3.44e-03	0.00e+00
 5.18217e+12	7.23e-43	5.01e-33	4.07e-24	7.52e-16	1.57e-08	9.97e-01	3.17e-03	0.00e+00
 5.41938e+12	0.00e+00	7.07e-33	5.29e-24	8.97e-16	1.72e-08	9.97e-01	2.90e-03	0.00e+00
 5.65323e+12	1.67e-42	9.81e-33	6.78e-24	1.06e-15	1.87e-08	9.97e-01	2.66e-03	0.00e+00
 5.89642e+12	0.00e+00	1.36e-32	8.71e-24	1.26e-15	2.04e-08	9.98e-01	2.44e-03	0.00e+00
 6.16221e+12	3.85e-42	1.93e-32	1.13e-23	1.51e-15	2.24e-08	9.98e-01	2.22e-03	0.00e+00
 6.42971e+12	0.00e+00	2.69e-32	1.47e-23	1.79e-15	2.44e-08	9.98e-01	2.03e-03	0.00e+00
 6.70791e+12	8.85e-42	3.77e-32	1.90e-23	2.14e-15	2.67e-08	9.98e-01	1.86e-03	0.00e+00
 7.00615e+12	0.00e+00	5.34e-32	2.47e-23	2.56e-15	2.94e-08	9.98e-01	1.69e-03	0.00e+00
 7.30272e+12	2.05e-41	7.44e-32	3.19e-23	3.05e-15	3.21e-08	9.98e-01	1.55e-03	0.00e+00
 7.61114e+12	0.00e+00	1.04e-31	4.13e-23	3.64e-15	3.52e-08	9.99e-01	1.41e-03	0.00e+00
 7.94551e+12	4.77e-41	1.47e-31	5.39e-23	4.37e-15	3.87e-08	9.99e-01	1.29e-03	0.00e+00
 8.29326e+12	0.00e+00	2.08e-31	7.05e-23	5.26e-15	4.26e-08	9.99e-01	1.17e-03	0.00e+00
 8.65492e+12	1.12e-40	2.94e-31	9.21e-23	6.33e-15	4.69e-08	9.99e-01	1.06e-03	0.00e+00
 9.03104e+12	0.00e+00	4.16e-31	1.20e-22	7.63e-15	5.17e-08	9.99e-01	9.65e-04	0.00e+00
 9.37070e+12	2.48e-40	5.61e-31	1.52e-22	8.97e-15	5.63e-08	9.99e-01	8.87e-04	0.00e+00
 9.65280e+12	0.00e+00	7.14e-31	1.83e-22	1.02e-14	6.02e-08	9.99e-01	8.28e-04	0.00e+00
 9.96146e+12	4.57e-40	9.22e-31	2.24e-22	1.18e-14	6.48e-08	9.99e-01	7.70e-04	0.00e+00
 1.03536e+13	0.00e+00	1.26e-30	2.86e-22	1.40e-14	7.09e-08	9.99e-01	7.04e-04	0.00e+00
 1.07633e+13	9.85e-40	1.73e-30	3.66e-22	1.66e-14	7.78e-08	9.99e-01	6.43e-04	0.00e+00
 1.11252e+13	0.00e+00	2.26e-30	4.51e-22	1.92e-14	8.41e-08	9.99e-01	5.95e-04	0.00e+00
 1.14605e+13	1.82e-39	2.86e-30	5.44e-22	2.20e-14	9.02e-08	9.99e-01	5.55e-04	0.00e+00
 1.18409e+13	0.00e+00	3.72e-30	6.68e-22	2.54e-14	9.75e-08	9.99e-01	5.13e-04	0.00e+00
 1.23119e+13	3.66e-39	5.08e-30	8.54e-22	3.03e-14	1.07e-07	1.00e+00	4.68e-04	0.00e+00
 1.27822e+13	0.00e+00	6.84e-30	1.08e-21	3.59e-14	1.17e-07	1.00e+00	4.28e-04	0.00e+00
 1.31859e+13	7.07e-39	8.75e-30	1.31e-21	4.12e-14	1.26e-07	1.00e+00	3.97e-04	0.00e+00
 1.36218e+13	0.00e+00	1.13e-29	1.61e-21	4.77e-14	1.37e-07	1.00e+00	3.68e-04	0.00e+00
 1.41606e+13	1.39e-38	1.53e-29	2.05e-21	5.67e-14	1.50e-07	1.00e+00	3.35e-04	0.00e+00
 1.47140e+13	0.00e+00	2.06e-29	2.59e-21	6.73e-14	1.65e-07	1.00e+00	3.06e-04	0.00e+00
 1.52154e+13	2.71e-38	2.66e-29	3.19e-21	7.81e-14	1.78e-07	1.00e+00	2.82e-04	0.00e+00
 1.57682e+13	0.00e+00	3.50e-29	3.97e-21	9.15e-14	1.94e-07	1.00e+00	2.59e-04	0.00e+00
 1.64172e+13	5.44e-38	4.76e-29	5.07e-21	1.09e-13	2.14e-07	1.00e+00	2.35e-04	0.00e+00
 1.70651e+13	0.00e+00	6.38e-29	6.41e-21	1.30e-13	2.35e-07	1.00e+00	2.15e-04	0.00e+00
 1.76822e+13	1.06e-37	8.33e-29	7.94e-21	1.52e-13	2.56e-07	1.00e+00	1.97e-04	0.00e+00
 1.83628e+13	0.00e+00	1.10e-28	9.95e-21	1.79e-13	2.80e-07	1.00e+00	1.80e-04	0.00e+00
 1.91273e+13	2.15e-37	1.50e-28	1.27e-20	2.14e-13	3.09e-07	1.00e+00	1.64e-04	0.00e+00
 1.98157e+13	0.00e+00	1.94e-28	1.57e-20	2.49e-13	3.36e-07	1.00e+00	1.51e-04	0.00e+00
 2.03847e+13	3.77e-37	2.39e-28	1.85e-20	2.82e-13	3.59e-07	1.00e+00	1.41e-04	0.00e+00
 2.10064e+13	0.00e+00	2.98e-28	2.21e-20	3.21e-13	3.86e-07	1.00e+00	1.31e-04	0.00e+00
 2.17999e+13	6.79e-37	3.91e-28	2.75e-20	3.76e-13	4.21e-07	1.00e+00	1.20e-04	0.00e+00
 2.26007e+13	0.00e+00	5.08e-28	3.40e-20	4.39e-13	4.58e-07	1.00e+00	1.11e-04	0.00e+00
 2.32639e+13	1.19e-36	6.26e-28	4.02e-20	4.97e-13	4.91e-07	1.00e+00	1.03e-04	0.00e+00
 2.39646e+13	0.00e+00	7.76e-28	4.78e-20	5.64e-13	5.26e-07	1.00e+00	9.66e-05	0.00e+00
 2.48629e+13	2.12e-36	1.01e-27	5.92e-20	6.60e-13	5.73e-07	1.00e+00	8.86e-05	0.00e+00
 2.58040e+13	0.00e+00	1.32e-27	7.34e-20	7.73e-13	6.25e-07	1.00e+00	8.13e-05	0.00e+00
 2.66292e+13	3.83e-36	1.66e-27	8.80e-20	8.83e-13	6.73e-07	1.00e+00	7.56e-05	0.00e+00
 2.75173e+13	0.00e+00	2.09e-27	1.06e-19	1.01e-12	7.26e-07	1.00e+00	7.01e-05	0.00e+00
 2.85020e+13	6.84e-36	2.69e-27	1.30e-19	1.17e-12	7.88e-07	1.00e+00	6.46e-05	0.00e+00
 2.94153e+13	0.00e+00	3.37e-27	1.56e-19	1.34e-12	8.48e-07	1.00e+00	6.01e-05	0.00e+00
 3.04055e+13	1.19e-35	4.27e-27	1.89e-19	1.54e-12	9.15e-07	1.00e+00	5.57e-05	0.00e+00
 3.15062e+13	0.00e+00	5.49e-27	2.31e-19	1.79e-12	9.94e-07	1.00e+00	5.14e-05	0.00e+00
 3.25318e+13	2.11e-35	6.89e-27	2.78e-19	2.04e-12	1.07e-06	1.00e+00	4.77e-05	0.00e+00
 3.36465e+13	0.00e+00	8.76e-27	3.37e-19	2.35e-12	1.16e-06	1.00e+00	4.42e-05	0.00e+00
 3.48871e+13	3.82e-35	1.13e-26	4.14e-19	2.73e-12	1.26e-06	1.00e+00	4.07e-05	0.00e+00
 3.60470e+13	0.00e+00	1.43e-26	4.99e-19	3.12e-12	1.35e-06	1.00e+00	3.78e-05	0.00e+00
 3.73105e+13	6.77e-35	1.82e-26	6.08e-19	3.60e-12	1.46e-06	1.00e+00	3.50e-05	0.00e+00
 3.87198e+13	0.00e+00	2.37e-26	7.51e-19	4.19e-12	1.59e-06	1.00e+00	3.22e-05	0.00e+00
 4.00447e+13	1.24e-34	3.01e-26	9.10e-19	4.82e-12	1.72e-06	1.00e+00	2.98e-05	0.00e+00
 4.14932e+13	0.00e+00	3.88e-26	1.11e-18	5.57e-12	1.86e-06	1.00e+00	2.76e-05	0.00e+00
 4.31148e+13	2.32e-34	5.09e-26	1.39e-18	6.52e-12	2.03e-06	1.00e+00	2.53e-05	0.00e+00
 4.46498e+13	3.14e-34	6.54e-26	1.69e-18	7.52e-12	2.19e-06	1.00e+00	2.34e-05	0.00e+00
 4.63045e+13	4.30e-34	8.49e-26	2.09e-18	8.72e-12	2.38e-06	1.00e+00	2.16e-05	0.00e+00
 4.81866e+13	6.05e-34	1.13e-25	2.62e-18	1.03e-11	2.60e-06	1.00e+00	1.98e-05	0.00e+00
 5.00350e+13	8.39e-34	1.48e-25	3.25e-18	1.19e-11	2.83e-06	1.00e+00	1.82e-05	0.00e+00
 5.19573e+13	1.16e-33	1.94e-25	4.03e-18	1.39e-11	3.07e-06	1.00e+00	1.67e-05	0.00e+00
 5.40656e+13	1.66e-33	2.60e-25	5.07e-18	1.63e-11	3.35e-06	1.00e+00	1.54e-05	0.00e+00
 5.62581e+13	2.34e-33	3.46e-25	6.36e-18	1.92e-11	3.65e-06	1.00e+00	1.41e-05	0.00e+00
 5.85384e+13	3.35e-33	4.64e-25	8.01e-18	2.25e-11	3.98e-06	1.00e+00	1.29e-05	0.00e+00
 6.07089e+13	4.62e-33	6.05e-25	9.88e-18	2.61e-11	4.31e-06	1.00e+00	1.20e-05	0.00e+00
 6.26694e+13	6.12e-33	7.64e-25	1.19e-17	2.96e-11	4.61e-06	1.00e+00	1.12e-05	0.00e+00
 6.44993e+13	7.91e-33	9.43e-25	1.40e-17	3.33e-11	4.91e-06	1.00e+00	1.05e-05	0.00e+00
 6.65173e+13	1.05e-32	1.19e-24	1.68e-17	3.77e-11	5.24e-06	1.00e+00	9.83e-06	0.00e+00
 6.87885e+13	1.42e-32	1.52e-24	2.04e-17	4.31e-11	5.63e-06	1.00e+00	9.16e-06	0.00e+00
 7.09597e+13	1.88e-32	1.92e-24	2.44e-17	4.88e-11	6.02e-06	1.00e+00	8.57e-06	0.00e+00
 7.33531e+13	2.55e-32	2.46e-24	2.96e-17	5.57e-11	6.45e-06	1.00e+00	7.99e-06	0.00e+00
 7.60205e+13	3.54e-32	3.22e-24	3.65e-17	6.43e-11	6.96e-06	1.00e+00	7.41e-06	0.00e+00
 7.84746e+13	4.73e-32	4.08e-24	4.39e-17	7.30e-11	7.44e-06	1.00e+00	6.94e-06	0.00e+00
 8.07434e+13	6.16e-32	5.06e-24	5.18e-17	8.18e-11	7.90e-06	1.00e+00	6.53e-06	0.00e+00
 8.33409e+13	8.29e-32	6.44e-24	6.24e-17	9.29e-11	8.44e-06	1.00e+00	6.12e-06	0.00e+00
 8.65202e+13	1.18e-31	8.58e-24	7.78e-17	1.08e-10	9.12e-06	1.00e+00	5.66e-06	0.00e+00
 8.96970e+13	1.65e-31	1.12e-23	9.60e-17	1.25e-10	9.83e-06	1.00e+00	5.25e-06	0.00e+00
 9.24665e+13	2.20e-31	1.42e-23	1.15e-16	1.41e-10	1.05e-05	1.00e+00	4.93e-06	0.00e+00
 9.54654e+13	2.98e-31	1.82e-23	1.39e-16	1.60e-10	1.12e-05	1.00e+00	4.62e-06	0.00e+00
 9.91186e+13	4.29e-31	2.44e-23	1.73e-16	1.85e-10	1.21e-05	1.00e+00	4.28e-06	0.00e+00
 1.02838e+14	6.05e-31	3.23e-23	2.15e-16	2.15e-10	1.30e-05	1.00e+00	3.97e-06	0.00e+00
 1.06208e+14	8.27e-31	4.15e-23	2.60e-16	2.44e-10	1.39e-05	1.00e+00	3.72e-06	0.00e+00
 1.09910e+14	1.16e-30	5.43e-23	3.19e-16	2.80e-10	1.49e-05	1.00e+00	3.47e-06	0.00e+00
 1.14258e+14	1.69e-30	7.37e-23	4.01e-16	3.27e-10	1.61e-05	1.00e+00	3.21e-06	0.00e+00
 1.18590e+14	2.41e-30	9.82e-23	5.00e-16	3.79e-10	1.73e-05	1.00e+00	2.98e-06	0.00e+00
 1.22683e+14	3.37e-30	1.28e-22	6.12e-16	4.34e-10	1.86e-05	1.00e+00	2.78e-06	0.00e+00
 1.27208e+14	4.84e-30	1.71e-22	7.60e-16	5.01e-10	1.99e-05	1.00e+00	2.59e-06	0.00e+00
 1.32326e+14	7.08e-30	2.33e-22	9.60e-16	5.86e-10	2.16e-05	1.00e+00	2.39e-06	0.00e+00
 1.37466e+14	1.04e-29	3.17e-22	1.21e-15	6.82e-10	2.33e-05	1.00e+00	2.22e-06	0.00e+00
 1.42812e+14	1.50e-29	4.26e-22	1.51e-15	7.94e-10	2.51e-05	1.00e+00	2.06e-06	0.00e+00
 1.48554e+14	2.23e-29	5.83e-22	1.91e-15	9.28e-10	2.71e-05	1.00e+00	1.90e-06	0.00e+00
 1.54526e+14	3.31e-29	8.00e-22	2.42e-15	1.09e-09	2.93e-05	1.00e+00	1.76e-06	0.00e+00
 1.60298e+14	4.76e-29	1.07e-21	3.02e-15	1.26e-09	3.15e-05	1.00e+00	1.64e-06	0.00e+00
 1.65719e+14	6.57e-29	1.39e-21	3.67e-15	1.43e-09	3.37e-05	1.00e+00	1.53e-06	0.00e+00
 1.70825e+14	8.91e-29	1.77e-21	4.41e-15	1.62e-09	3.58e-05	1.00e+00	1.44e-06	0.00e+00
 1.76371e+14	1.23e-28	2.29e-21	5.34e-15	1.84e-09	3.81e-05	1.00e+00	1.35e-06	0.00e+00
 1.82575e+14	1.73e-28	3.01e-21	6.56e-15	2.11e-09	4.08e-05	1.00e+00	1.26e-06	0.00e+00
 1.88446e+14	2.35e-28	3.85e-21	7.92e-15	2.39e-09	4.35e-05	1.00e+00	1.19e-06	0.00e+00
 1.94890e+14	3.29e-28	5.03e-21	9.69e-15	2.73e-09	4.64e-05	1.00e+00	1.11e-06	0.00e+00
 2.02134e+14	4.74e-28	6.74e-21	1.21e-14	3.16e-09	4.99e-05	1.00e+00	1.03e-06	0.00e+00
 2.09042e+14	6.59e-28	8.78e-21	1.47e-14	3.61e-09	5.33e-05	1.00e+00	9.66e-07	0.00e+00
 2.16610e+14	9.28e-28	1.16e-20	1.82e-14	4.16e-09	5.73e-05	1.00e+00	0.00e+00	0.00e+00
 2.25076e+14	1.37e-27	1.58e-20	2.29e-14	4.85e-09	6.18e-05	1.00e+00	0.00e+00	0.00e+00
 2.33236e+14	1.91e-27	2.07e-20	2.83e-14	5.59e-09	6.64e-05	1.00e+00	0.00e+00	0.00e+00
 2.41950e+14	2.75e-27	2.77e-20	3.53e-14	6.47e-09	7.14e-05	1.00e+00	0.00e+00	0.00e+00
 2.51658e+14	4.02e-27	3.76e-20	4.46e-14	7.57e-09	7.73e-05	1.00e+00	0.00e+00	0.00e+00
 2.60626e+14	5.70e-27	4.97e-20	5.49e-14	8.70e-09	8.29e-05	1.00e+00	0.00e+00	0.00e+00
 2.68388e+14	7.51e-27	6.23e-20	6.55e-14	9.78e-09	8.79e-05	1.00e+00	0.00e+00	0.00e+00
 2.77000e+14	1.03e-26	8.02e-20	7.91e-14	1.11e-08	9.36e-05	1.00e+00	0.00e+00	0.00e+00
 2.87520e+14	1.46e-26	1.07e-19	9.88e-14	1.29e-08	1.01e-04	1.00e+00	0.00e+00	0.00e+00
 2.98173e+14	2.10e-26	1.43e-19	1.23e-13	1.49e-08	1.09e-04	1.00e+00	0.00e+00	0.00e+00
 3.07767e+14	2.82e-26	1.81e-19	1.48e-13	1.69e-08	1.16e-04	1.00e+00	0.00e+00	0.00e+00
 3.18332e+14	3.90e-26	2.36e-19	1.82e-13	1.93e-08	1.24e-04	1.00e+00	0.00e+00	0.00e+00
 3.30805e+14	5.62e-26	3.17e-19	2.28e-13	2.25e-08	1.34e-04	1.00e+00	0.00e+00	0.00e+00
 3.43033e+14	7.97e-26	4.21e-19	2.84e-13	2.61e-08	1.44e-04	1.00e+00	0.00e+00	0.00e+00
 3.54219e+14	1.09e-25	5.43e-19	3.44e-13	2.96e-08	1.54e-04	1.00e+00	0.00e+00	0.00e+00
 3.66777e+14	1.50e-25	7.06e-19	4.23e-13	3.40e-08	1.65e-04	1.00e+00	0.00e+00	0.00e+00
 3.81367e+14	2.21e-25	9.60e-19	5.34e-13	3.98e-08	1.78e-04	1.00e+00	0.00e+00	0.00e+00
 3.95709e+14	3.08e-25	1.27e-18	6.65e-13	4.61e-08	1.92e-04	1.00e+00	0.00e+00	0.00e+00
 4.09274e+14	4.30e-25	1.65e-18	8.14e-13	5.27e-08	2.06e-04	1.00e+00	0.00e+00	0.00e+00
 4.24323e+14	5.95e-25	2.16e-18	1.01e-12	6.09e-08	2.22e-04	1.00e+00	0.00e+00	0.00e+00
 4.41326e+14	8.75e-25	2.94e-18	1.27e-12	7.13e-08	2.40e-04	1.00e+00	0.00e+00	0.00e+00
 4.58401e+14	1.23e-24	3.90e-18	1.60e-12	8.30e-08	2.59e-04	1.00e+00	0.00e+00	0.00e+00
 4.74422e+14	1.69e-24	5.06e-18	1.96e-12	9.52e-08	2.78e-04	1.00e+00	0.00e+00	0.00e+00
 4.91690e+14	2.39e-24	6.70e-18	2.43e-12	1.10e-07	2.98e-04	1.00e+00	0.00e+00	0.00e+00
 5.11388e+14	3.38e-24	8.93e-18	3.06e-12	1.28e-07	3.23e-04	1.00e+00	0.00e+00	0.00e+00
 5.29976e+14	4.79e-24	1.18e-17	3.79e-12	1.48e-07	3.47e-04	1.00e+00	0.00e+00	0.00e+00
 5.46779e+14	6.26e-24	1.48e-17	4.56e-12	1.68e-07	3.70e-04	1.00e+00	0.00e+00	0.00e+00
 5.62715e+14	8.31e-24	1.86e-17	5.41e-12	1.88e-07	3.92e-04	1.00e+00	0.00e+00	0.00e+00
 5.80377e+14	1.09e-23	2.32e-17	6.50e-12	2.13e-07	4.18e-04	1.00e+00	0.00e+00	0.00e+00
 6.00034e+14	1.50e-23	3.01e-17	7.93e-12	2.43e-07	4.47e-04	1.00e+00	0.00e+00	0.00e+00
 6.18595e+14	1.94e-23	3.75e-17	9.50e-12	2.75e-07	4.76e-04	1.00e+00	0.00e+00	0.00e+00
 6.39037e+14	2.62e-23	4.79e-17	1.15e-11	3.13e-07	5.08e-04	9.99e-01	0.00e+00	0.00e+00
 6.61897e+14	3.59e-23	6.22e-17	1.42e-11	3.60e-07	5.46e-04	9.99e-01	0.00e+00	0.00e+00
 6.83429e+14	4.90e-23	7.99e-17	1.72e-11	4.09e-07	5.82e-04	9.99e-01	0.00e+00	0.00e+00
 7.06951e+14	6.53e-23	1.02e-16	2.10e-11	4.68e-07	6.24e-04	9.99e-01	0.00e+00	0.00e+00
 7.32931e+14	9.21e-23	1.35e-16	2.60e-11	5.41e-07	6.71e-04	9.99e-01	0.00e+00	0.00e+00
 7.57018e+14	1.21e-22	1.69e-16	3.15e-11	6.15e-07	7.17e-04	9.99e-01	0.00e+00	0.00e+00
 7.83243e+14	1.65e-22	2.18e-16	3.86e-11	7.05e-07	7.68e-04	9.99e-01	0.00e+00	0.00e+00
 8.12467e+14	2.27e-22	2.85e-16	4.79e-11	8.16e-07	8.28e-04	9.99e-01	0.00e+00	0.00e+00
 8.39776e+14	3.11e-22	3.69e-16	5.84e-11	9.31e-07	8.84e-04	9.99e-01	0.00e+00	0.00e+00
 8.69465e+14	4.15e-22	4.71e-16	7.17e-11	1.07e-06	9.50e-04	9.99e-01	0.00e+00	0.00e+00
 9.02480e+14	5.90e-22	6.26e-16	8.94e-11	1.24e-06	1.02e-03	9.99e-01	0.00e+00	0.00e+00
 9.33503e+14	7.75e-22	7.92e-16	1.09e-10	1.42e-06	1.10e-03	9.99e-01	0.00e+00	0.00e+00
 9.67273e+14	1.07e-21	1.03e-15	1.35e-10	1.64e-06	1.18e-03	9.99e-01	0.00e+00	0.00e+00
 1.00487e+15	1.48e-21	1.36e-15	1.69e-10	1.91e-06	1.28e-03	9.99e-01	0.00e+00	0.00e+00
 1.04049e+15	2.02e-21	1.76e-15	2.07e-10	2.19e-06	1.37e-03	9.99e-01	0.00e+00	0.00e+00
 1.07865e+15	2.72e-21	2.26e-15	2.56e-10	2.53e-06	1.48e-03	9.99e-01	0.00e+00	0.00e+00
 1.12183e+15	3.90e-21	3.04e-15	3.24e-10	2.96e-06	1.61e-03	9.98e-01	0.00e+00	0.00e+00
 1.16447e+15	5.25e-21	3.93e-15	4.03e-10	3.44e-06	1.74e-03	9.98e-01	0.00e+00	0.00e+00
 1.20566e+15	7.16e-21	5.09e-15	4.95e-10	3.95e-06	1.87e-03	9.98e-01	0.00e+00	0.00e+00
 1.25076e+15	9.66e-21	6.57e-15	6.14e-10	4.58e-06	2.02e-03	9.98e-01	0.00e+00	0.00e+00
 1.30082e+15	1.35e-20	8.71e-15	7.74e-10	5.35e-06	2.19e-03	9.98e-01	0.00e+00	0.00e+00
 1.34360e+15	1.74e-20	1.09e-14	9.35e-10	6.10e-06	2.35e-03	9.98e-01	0.00e+00	0.00e+00
 1.37534e+15	2.11e-20	1.28e-14	1.07e-09	6.69e-06	2.47e-03	9.98e-01	0.00e+00	0.00e+00
 1.40866e+15	2.59e-20	1.52e-14	1.23e-09	7.37e-06	2.60e-03	9.97e-01	0.00e+00	0.00e+00
 1.45197e+15	3.29e-20	1.87e-14	1.47e-09	8.32e-06	2.78e-03	9.97e-01	0.00e+00	0.00e+00
 1.49960e+15	4.28e-20	2.34e-14	1.78e-09	9.47e-06	2.97e-03	9.97e-01	0.00e+00	0.00e+00
 1.54361e+15	5.46e-20	2.88e-14	2.11e-09	1.06e-05	3.16e-03	9.97e-01	0.00e+00	0.00e+00
 1.59158e+15	6.92e-20	3.54e-14	2.53e-09	1.20e-05	3.39e-03	9.97e-01	0.00e+00	0.00e+00
 1.64536e+15	9.12e-20	4.48e-14	3.07e-09	1.37e-05	3.63e-03	9.96e-01	0.00e+00	0.00e+00
 1.69684e+15	1.17e-19	5.54e-14	3.68e-09	1.55e-05	3.89e-03	9.96e-01	0.00e+00	0.00e+00
 1.75389e+15	1.52e-19	6.96e-14	4.47e-09	1.77e-05	4.18e-03	9.96e-01	0.00e+00	0.00e+00
 1.81755e+15	2.01e-19	8.89e-14	5.51e-09	2.05e-05	4.53e-03	9.95e-01	0.00e+00	0.00e+00
 1.87693e+15	2.61e-19	1.11e-13	6.65e-09	2.33e-05	4.86e-03	9.95e-01	0.00e+00	0.00e+00
 1.94127e+15	3.39e-19	1.40e-13	8.10e-09	2.66e-05	5.23e-03	9.95e-01	0.00e+00	0.00e+00
 2.01276e+15	4.50e-19	1.79e-13	1.00e-08	3.08e-05	5.67e-03	9.94e-01	0.00e+00	0.00e+00
 2.07918e+15	5.87e-19	2.25e-13	1.21e-08	3.50e-05	6.09e-03	9.94e-01	0.00e+00	0.00e+00
 2.15114e+15	7.64e-19	2.83e-13	1.48e-08	4.02e-05	6.58e-03	9.93e-01	0.00e+00	0.00e+00
 2.23136e+15	1.02e-18	3.64e-13	1.84e-08	4.65e-05	7.14e-03	9.93e-01	0.00e+00	0.00e+00
 2.30643e+15	1.32e-18	4.57e-13	2.23e-08	5.31e-05	7.67e-03	9.92e-01	0.00e+00	0.00e+00
 2.38814e+15	1.76e-18	5.85e-13	2.74e-08	6.10e-05	8.30e-03	9.92e-01	0.00e+00	0.00e+00
 2.47926e+15	2.36e-18	7.56e-13	3.42e-08	7.09e-05	9.03e-03	9.91e-01	0.00e+00	0.00e+00
 2.56479e+15	3.08e-18	9.55e-13	4.18e-08	8.12e-05	9.72e-03	9.90e-01	0.00e+00	0.00e+00
 2.65750e+15	4.15e-18	1.23e-12	5.16e-08	9.35e-05	1.05e-02	9.89e-01	0.00e+00	0.00e+00
 2.76114e+15	5.67e-18	1.61e-12	6.48e-08	1.09e-04	1.15e-02	9.88e-01	0.00e+00	0.00e+00
 2.86024e+15	7.57e-18	2.07e-12	8.00e-08	1.25e-04	1.24e-02	9.87e-01	0.00e+00	0.00e+00
 2.96599e+15	1.02e-17	2.68e-12	9.93e-08	1.45e-04	1.34e-02	9.86e-01	0.00e+00	0.00e+00
 3.08466e+15	1.41e-17	3.55e-12	1.26e-07	1.69e-04	1.47e-02	9.85e-01	0.00e+00	0.00e+00
 3.18404e+15	1.80e-17	4.40e-12	1.52e-07	1.92e-04	1.57e-02	9.84e-01	0.00e+00	0.00e+00
 3.25548e+15	2.18e-17	5.17e-12	1.73e-07	2.10e-04	1.65e-02	9.83e-01	0.00e+00	0.00e+00
 3.33036e+15	2.68e-17	6.14e-12	1.99e-07	2.30e-04	1.74e-02	9.82e-01	0.00e+00	0.00e+00
 3.42770e+15	3.41e-17	7.56e-12	2.36e-07	2.58e-04	1.85e-02	9.81e-01	0.00e+00	0.00e+00
 3.53547e+15	4.44e-17	9.48e-12	2.85e-07	2.92e-04	1.98e-02	9.80e-01	0.00e+00	0.00e+00
 3.63582e+15	5.62e-17	1.16e-11	3.37e-07	3.26e-04	2.11e-02	9.79e-01	0.00e+00	0.00e+00
 3.74529e+15	7.11e-17	1.43e-11	4.03e-07	3.67e-04	2.25e-02	9.77e-01	0.00e+00	0.00e+00
 3.86804e+15	9.62e-17	1.83e-11	4.90e-07	4.18e-04	2.42e-02	9.75e-01	0.00e+00	0.00e+00
 3.98417e+15	1.24e-16	2.27e-11	5.86e-07	4.70e-04	2.58e-02	9.74e-01	0.00e+00	0.00e+00
 4.11127e+15	2.43e-16	2.83e-11	7.08e-07	5.33e-04	2.76e-02	9.72e-01	0.00e+00	0.00e+00
 4.25403e+15	2.39e-16	3.71e-11	8.72e-07	6.10e-04	2.97e-02	9.70e-01	0.00e+00	0.00e+00
 4.38984e+15	3.16e-16	4.69e-11	1.06e-06	6.92e-04	3.18e-02	9.67e-01	0.00e+00	0.00e+00
 4.53906e+15	4.13e-16	5.93e-11	1.29e-06	7.90e-04	3.42e-02	9.65e-01	0.00e+00	0.00e+00
 4.70755e+15	5.91e-16	7.93e-11	1.62e-06	9.14e-04	3.70e-02	9.62e-01	0.00e+00	0.00e+00
 4.86740e+15	8.02e-16	1.02e-10	1.98e-06	1.04e-03	3.98e-02	9.59e-01	0.00e+00	0.00e+00
 5.04148e+15	1.06e-15	1.31e-10	2.45e-06	1.20e-03	4.29e-02	9.56e-01	0.00e+00	0.00e+00
 5.23488e+15	1.56e-15	1.78e-10	3.09e-06	1.40e-03	4.65e-02	9.52e-01	0.00e+00	0.00e+00
 5.41456e+15	2.12e-15	2.30e-10	3.79e-06	1.60e-03	4.99e-02	9.48e-01	0.00e+00	0.00e+00
 5.60925e+15	2.92e-15	3.00e-10	4.71e-06	1.84e-03	5.38e-02	9.44e-01	0.00e+00	0.00e+00
 5.82795e+15	4.02e-15	3.96e-10	5.95e-06	2.14e-03	5.83e-02	9.40e-01	0.00e+00	0.00e+00
 6.03601e+15	5.59e-15	5.19e-10	7.37e-06	2.46e-03	6.27e-02	9.35e-01	0.00e+00	0.00e+00
 6.25809e+15	7.82e-15	6.87e-10	9.20e-06	2.84e-03	6.77e-02	9.29e-01	0.00e+00	0.00e+00
 6.50332e+15	1.12e-14	9.24e-10	1.16e-05	3.31e-03	7.33e-02	9.23e-01	0.00e+00	0.00e+00
 6.74194e+15	1.63e-14	1.25e-09	1.45e-05	3.82e-03	7.90e-02	9.17e-01	0.00e+00	0.00e+00
 6.93981e+15	2.17e-14	1.57e-09	1.73e-05	4.28e-03	8.38e-02	9.12e-01	0.00e+00	0.00e+00
 7.09644e+15	2.68e-14	1.87e-09	1.99e-05	4.67e-03	8.77e-02	9.08e-01	0.00e+00	0.00e+00
 7.26866e+15	3.36e-14	2.25e-09	2.30e-05	5.14e-03	9.21e-02	9.03e-01	0.00e+00	0.00e+00
 7.49254e+15	4.33e-14	2.80e-09	2.77e-05	5.79e-03	9.78e-02	8.96e-01	0.00e+00	0.00e+00
 7.73350e+15	6.09e-14	3.67e-09	3.37e-05	6.57e-03	1.04e-01	8.89e-01	0.00e+00	0.00e+00
 7.94663e+15	7.81e-14	4.52e-09	3.98e-05	7.30e-03	1.10e-01	8.83e-01	0.00e+00	0.00e+00
 8.17370e+15	9.99e-14	5.57e-09	4.73e-05	8.16e-03	1.16e-01	8.75e-01	0.00e+00	0.00e+00
 8.46810e+15	1.45e-13	7.52e-09	5.89e-05	9.40e-03	1.25e-01	8.65e-01	0.00e+00	0.00e+00
 8.76765e+15	2.01e-13	9.83e-09	7.28e-05	1.08e-02	1.34e-01	8.55e-01	0.00e+00	0.00e+00
 9.01411e+15	2.57e-13	1.21e-08	8.62e-05	1.20e-02	1.41e-01	8.47e-01	0.00e+00	0.00e+00
 9.27393e+15	3.37e-13	1.51e-08	1.03e-04	1.34e-02	1.49e-01	8.38e-01	0.00e+00	0.00e+00
 9.60921e+15	4.95e-13	2.05e-08	1.28e-04	1.54e-02	1.60e-01	8.25e-01	0.00e+00	0.00e+00
 9.95370e+15	6.97e-13	2.71e-08	1.59e-04	1.77e-02	1.71e-01	8.12e-01	0.00e+00	0.00e+00
 1.02471e+16	9.24e-13	3.42e-08	1.90e-04	1.98e-02	1.80e-01	8.00e-01	0.00e+00	0.00e+00
 1.05629e+16	1.25e-12	4.37e-08	2.29e-04	2.24e-02	1.91e-01	7.87e-01	0.00e+00	0.00e+00
 1.09562e+16	1.70e-12	5.71e-08	2.87e-04	2.57e-02	2.03e-01	7.71e-01	0.00e+00	0.00e+00
 1.13489e+16	2.53e-12	7.80e-08	3.58e-04	2.96e-02	2.17e-01	7.53e-01	0.00e+00	0.00e+00
 1.16813e+16	3.36e-12	9.83e-08	4.28e-04	3.31e-02	2.28e-01	7.38e-01	0.00e+00	0.00e+00
 1.20368e+16	4.47e-12	1.25e-07	5.15e-04	3.72e-02	2.40e-01	7.22e-01	0.00e+00	0.00e+00
 1.24825e+16	6.18e-12	1.64e-07	6.45e-04	4.27e-02	2.55e-01	7.01e-01	0.00e+00	0.00e+00
 1.29216e+16	9.18e-12	2.24e-07	8.03e-04	4.89e-02	2.71e-01	6.79e-01	0.00e+00	0.00e+00
 1.32742e+16	1.19e-11	2.78e-07	9.50e-04	5.43e-02	2.83e-01	6.62e-01	0.00e+00	0.00e+00
 1.36384e+16	1.58e-11	3.48e-07	1.13e-03	6.03e-02	2.95e-01	6.43e-01	0.00e+00	0.00e+00
 1.41119e+16	2.13e-11	4.50e-07	1.40e-03	6.86e-02	3.11e-01	6.19e-01	0.00e+00	0.00e+00
 1.46047e+16	3.18e-11	6.17e-07	1.74e-03	7.85e-02	3.27e-01	5.93e-01	0.00e+00	0.00e+00
 1.49692e+16	4.04e-11	7.52e-07	2.03e-03	8.61e-02	3.39e-01	5.73e-01	0.00e+00	0.00e+00
 1.52895e+16	5.06e-11	9.03e-07	2.34e-03	9.34e-02	3.49e-01	5.56e-01	0.00e+00	0.00e+00
 1.57059e+16	6.64e-11	1.13e-06	2.78e-03	1.04e-01	3.61e-01	5.33e-01	0.00e+00	0.00e+00
 1.61458e+16	8.96e-11	1.44e-06	3.33e-03	1.15e-01	3.73e-01	5.08e-01	0.00e+00	0.00e+00
 1.65245e+16	1.13e-10	1.75e-06	3.87e-03	1.26e-01	3.83e-01	4.87e-01	0.00e+00	0.00e+00
 1.69249e+16	1.42e-10	2.12e-06	4.54e-03	1.38e-01	3.93e-01	4.65e-01	0.00e+00	0.00e+00
 1.73702e+16	1.98e-10	2.74e-06	5.42e-03	1.52e-01	4.04e-01	4.39e-01	0.00e+00	0.00e+00
 1.77694e+16	2.50e-10	3.33e-06	6.31e-03	1.65e-01	4.12e-01	4.16e-01	0.00e+00	0.00e+00
 1.81238e+16	3.04e-10	3.92e-06	7.21e-03	1.78e-01	4.18e-01	3.96e-01	0.00e+00	0.00e+00
 1.85244e+16	3.88e-10	4.79e-06	8.41e-03	1.94e-01	4.25e-01	3.73e-01	0.00e+00	0.00e+00
 1.89650e+16	5.40e-10	6.18e-06	9.97e-03	2.12e-01	4.31e-01	3.48e-01	0.00e+00	0.00e+00
 1.93611e+16	6.77e-10	7.45e-06	1.15e-02	2.29e-01	4.34e-01	3.26e-01	0.00e+00	0.00e+00
 1.97229e+16	8.23e-10	8.78e-06	1.32e-02	2.45e-01	4.36e-01	3.06e-01	0.00e+00	0.00e+00
 2.00817e+16	1.03e-09	1.05e-05	1.51e-02	2.62e-01	4.37e-01	2.86e-01	0.00e+00	0.00e+00
 2.04363e+16	1.36e-09	1.30e-05	1.73e-02	2.80e-01	4.37e-01	2.65e-01	0.00e+00	0.00e+00
 2.07781e+16	1.66e-09	1.53e-05	1.96e-02	2.98e-01	4.36e-01	2.47e-01	0.00e+00	0.00e+00
 2.11603e+16	2.19e-09	1.90e-05	2.28e-02	3.19e-01	4.32e-01	2.26e-01	0.00e+00	0.00e+00
 2.15536e+16	2.77e-09	2.30e-05	2.63e-02	3.41e-01	4.27e-01	2.06e-01	0.00e+00	0.00e+00
 2.18765e+16	3.32e-09	2.67e-05	2.97e-02	3.59e-01	4.21e-01	1.90e-01	0.00e+00	0.00e+00
 2.21674e+16	4.05e-09	3.13e-05	3.32e-02	3.77e-01	4.15e-01	1.75e-01	0.00e+00	0.00e+00
 2.25012e+16	5.10e-09	3.75e-05	3.79e-02	3.98e-01	4.05e-01	1.59e-01	0.00e+00	0.00e+00
 2.28514e+16	6.52e-09	4.56e-05	4.34e-02	4.20e-01	3.94e-01	1.42e-01	0.00e+00	0.00e+00
 2.31417e+16	8.16e-09	5.42e-05	4.88e-02	4.39e-01	3.83e-01	1.29e-01	0.00e+00	0.00e+00
 2.33896e+16	9.95e-09	6.31e-05	5.40e-02	4.56e-01	3.73e-01	1.17e-01	0.00e+00	0.00e+00
 2.36183e+16	1.25e-08	7.45e-05	5.95e-02	4.72e-01	3.62e-01	1.07e-01	0.00e+00	0.00e+00
 2.38211e+16	1.48e-08	8.46e-05	6.48e-02	4.86e-01	3.51e-01	9.79e-02	0.00e+00	0.00e+00
 2.40354e+16	1.70e-08	9.50e-05	7.08e-02	5.01e-01	3.39e-01	8.90e-02	0.00e+00	0.00e+00
 2.43141e+16	2.34e-08	1.20e-04	8.04e-02	5.21e-01	3.22e-01	7.69e-02	0.00e+00	0.00e+00
 2.45825e+16	2.95e-08	1.43e-04	9.03e-02	5.39e-01	3.04e-01	6.67e-02	0.00e+00	0.00e+00
 2.47767e+16	3.47e-08	1.62e-04	9.84e-02	5.52e-01	2.90e-01	5.96e-02	0.00e+00	0.00e+00
 2.49680e+16	4.00e-08	1.82e-04	1.07e-01	5.65e-01	2.74e-01	5.27e-02	0.00e+00	0.00e+00
 2.51787e+16	4.89e-08	2.12e-04	1.18e-01	5.79e-01	2.57e-01	4.55e-02	0.00e+00	0.00e+00
 2.53624e+16	5.98e-08	2.46e-04	1.29e-01	5.91e-01	2.41e-01	3.95e-02	0.00e+00	0.00e+00
 2.55118e+16	7.64e-08	2.91e-04	1.39e-01	6.01e-01	2.26e-01	3.43e-02	0.00e+00	0.00e+00
 2.56408e+16	8.68e-08	3.20e-04	1.47e-01	6.08e-01	2.13e-01	3.06e-02	0.00e+00	0.00e+00
 2.57807e+16	1.03e-07	3.63e-04	1.58e-01	6.17e-01	1.99e-01	2.64e-02	0.00e+00	0.00e+00
 2.59314e+16	1.23e-07	4.14e-04	1.70e-01	6.25e-01	1.83e-01	2.23e-02	0.00e+00	0.00e+00
 2.60601e+16	1.39e-07	4.53e-04	1.80e-01	6.31e-01	1.69e-01	1.91e-02	0.00e+00	0.00e+00
 2.61696e+16	1.68e-07	5.18e-04	1.91e-01	6.36e-01	1.56e-01	1.63e-02	0.00e+00	0.00e+00
 2.62654e+16	1.84e-07	5.55e-04	2.00e-01	6.40e-01	1.45e-01	1.42e-02	0.00e+00	0.00e+00
 2.63650e+16	2.10e-07	6.12e-04	2.10e-01	6.44e-01	1.33e-01	1.21e-02	0.00e+00	0.00e+00
 2.64665e+16	2.42e-07	6.76e-04	2.20e-01	6.48e-01	1.22e-01	1.01e-02	0.00e+00	0.00e+00
 2.65405e+16	2.81e-07	7.49e-04	2.28e-01	6.50e-01	1.13e-01	8.68e-03	0.00e+00	0.00e+00
 2.65887e+16	3.00e-07	7.84e-04	2.33e-01	6.51e-01	1.07e-01	7.88e-03	0.00e+00	0.00e+00
 2.66338e+16	3.20e-07	8.21e-04	2.38e-01	6.52e-01	1.02e-01	7.14e-03	0.00e+00	0.00e+00
 2.66924e+16	3.49e-07	8.73e-04	2.45e-01	6.53e-01	9.45e-02	6.23e-03	0.00e+00	0.00e+00
 2.67686e+16	3.92e-07	9.47e-04	2.54e-01	6.54e-01	8.56e-02	5.16e-03	0.00e+00	0.00e+00
 2.68435e+16	4.35e-07	1.02e-03	2.62e-01	6.55e-01	7.73e-02	4.26e-03	0.00e+00	0.00e+00
 2.69006e+16	4.71e-07	1.08e-03	2.69e-01	6.55e-01	7.10e-02	3.64e-03	0.00e+00	0.00e+00
 2.69589e+16	5.15e-07	1.15e-03	2.76e-01	6.55e-01	6.46e-02	3.05e-03	0.00e+00	0.00e+00
 2.70246e+16	5.67e-07	1.23e-03	2.84e-01	6.55e-01	5.80e-02	2.49e-03	0.00e+00	0.00e+00
 2.70871e+16	6.19e-07	1.31e-03	2.91e-01	6.54e-01	5.19e-02	2.03e-03	0.00e+00	0.00e+00
 2.71556e+16	6.82e-07	1.40e-03	2.99e-01	6.53e-01	4.57e-02	1.59e-03	0.00e+00	0.00e+00
 2.72300e+16	7.54e-07	1.50e-03	3.07e-01	6.51e-01	3.96e-02	1.22e-03	0.00e+00	0.00e+00
 2.72992e+16	8.26e-07	1.60e-03	3.14e-01	6.49e-01	3.44e-02	9.39e-04	0.00e+00	0.00e+00
 2.73759e+16	9.17e-07	1.72e-03	3.22e-01	6.46e-01	2.92e-02	6.89e-04	0.00e+00	0.00e+00
 2.74622e+16	1.02e-06	1.85e-03	3.31e-01	6.42e-01	2.42e-02	4.85e-04	0.00e+00	0.00e+00
 2.75479e+16	1.14e-06	1.99e-03	3.39e-01	6.38e-01	2.00e-02	3.40e-04	0.00e+00	0.00e+00
 2.76461e+16	1.27e-06	2.15e-03	3.49e-01	6.33e-01	1.60e-02	2.23e-04	0.00e+00	0.00e+00
 2.77737e+16	1.47e-06	2.36e-03	3.60e-01	6.26e-01	1.21e-02	1.29e-04	0.00e+00	0.00e+00
 2.79160e+16	1.70e-06	2.59e-03	3.71e-01	6.18e-01	8.87e-03	7.18e-05	0.00e+00	0.00e+00
 2.80776e+16	1.98e-06	2.87e-03	3.83e-01	6.08e-01	6.30e-03	3.70e-05	0.00e+00	0.00e+00
 2.82875e+16	2.40e-06	3.24e-03	3.98e-01	5.95e-01	4.15e-03	1.63e-05	0.00e+00	0.00e+00
 2.85605e+16	3.04e-06	3.77e-03	4.16e-01	5.78e-01	2.51e-03	6.01e-06	0.00e+00	0.00e+00
 2.88593e+16	3.95e-06	4.46e-03	4.36e-01	5.58e-01	1.53e-03	2.22e-06	0.00e+00	0.00e+00
 2.91340e+16	5.06e-06	5.23e-03	4.56e-01	5.38e-01	9.98e-04	9.42e-07	0.00e+00	0.00e+00
 2.93909e+16	6.45e-06	6.12e-03	4.76e-01	5.17e-01	6.83e-04	0.00e+00	0.00e+00	0.00e+00
 2.96821e+16	8.56e-06	7.37e-03	5.00e-01	4.92e-01	4.49e-04	0.00e+00	0.00e+00	0.00e+00
 2.99241e+16	1.11e-05	8.75e-03	5.21e-01	4.70e-01	3.27e-04	0.00e+00	0.00e+00	0.00e+00
 3.00418e+16	1.27e-05	9.56e-03	5.32e-01	4.58e-01	2.81e-04	0.00e+00	0.00e+00	0.00e+00
 3.01348e+16	1.41e-05	1.02e-02	5.41e-01	4.48e-01	2.46e-04	0.00e+00	0.00e+00	0.00e+00
 3.02557e+16	1.62e-05	1.12e-02	5.53e-01	4.35e-01	2.08e-04	0.00e+00	0.00e+00	0.00e+00
 3.04129e+16	1.95e-05	1.27e-02	5.69e-01	4.18e-01	1.67e-04	0.00e+00	0.00e+00	0.00e+00
 3.05747e+16	2.38e-05	1.46e-02	5.87e-01	3.99e-01	1.34e-04	0.00e+00	0.00e+00	0.00e+00
 3.07016e+16	2.82e-05	1.63e-02	6.00e-01	3.83e-01	1.12e-04	0.00e+00	0.00e+00	0.00e+00
 3.08059e+16	3.24e-05	1.79e-02	6.12e-01	3.70e-01	9.71e-05	0.00e+00	0.00e+00	0.00e+00
 3.09215e+16	3.79e-05	1.99e-02	6.25e-01	3.55e-01	8.19e-05	0.00e+00	0.00e+00	0.00e+00
 3.10390e+16	4.49e-05	2.23e-02	6.39e-01	3.39e-01	6.91e-05	0.00e+00	0.00e+00	0.00e+00
 3.11301e+16	5.14e-05	2.45e-02	6.49e-01	3.26e-01	6.04e-05	0.00e+00	0.00e+00	0.00e+00
 3.12060e+16	5.76e-05	2.65e-02	6.58e-01	3.16e-01	5.39e-05	0.00e+00	0.00e+00	0.00e+00
 3.12912e+16	6.57e-05	2.89e-02	6.68e-01	3.03e-01	4.70e-05	0.00e+00	0.00e+00	0.00e+00
 3.13860e+16	7.64e-05	3.21e-02	6.79e-01	2.89e-01	4.04e-05	0.00e+00	0.00e+00	0.00e+00
 3.14720e+16	8.80e-05	3.53e-02	6.88e-01	2.76e-01	3.52e-05	0.00e+00	0.00e+00	0.00e+00
 3.15473e+16	9.99e-05	3.85e-02	6.97e-01	2.65e-01	3.11e-05	0.00e+00	0.00e+00	0.00e+00
 3.16300e+16	1.15e-04	4.25e-02	7.06e-01	2.51e-01	2.69e-05	0.00e+00	0.00e+00	0.00e+00
 3.17185e+16	1.35e-04	4.73e-02	7.15e-01	2.38e-01	2.30e-05	0.00e+00	0.00e+00	0.00e+00
 3.17939e+16	1.55e-04	5.20e-02	7.22e-01	2.26e-01	2.01e-05	0.00e+00	0.00e+00	0.00e+00
 3.18582e+16	1.76e-04	5.66e-02	7.28e-01	2.15e-01	1.78e-05	0.00e+00	0.00e+00	0.00e+00
 3.19284e+16	2.01e-04	6.20e-02	7.34e-01	2.04e-01	1.55e-05	0.00e+00	0.00e+00	0.00e+00
 3.20060e+16	2.35e-04	6.89e-02	7.40e-01	1.91e-01	1.33e-05	0.00e+00	0.00e+00	0.00e+00
 3.20749e+16	2.71e-04	7.59e-02	7.44e-01	1.79e-01	1.15e-05	0.00e+00	0.00e+00	0.00e+00
 3.21335e+16	3.07e-04	8.27e-02	7.47e-01	1.70e-01	1.01e-05	0.00e+00	0.00e+00	0.00e+00
 3.21970e+16	3.53e-04	9.08e-02	7.50e-01	1.59e-01	8.76e-06	0.00e+00	0.00e+00	0.00e+00
 3.22669e+16	4.13e-04	1.01e-01	7.51e-01	1.48e-01	7.44e-06	0.00e+00	0.00e+00	0.00e+00
 3.23287e+16	4.75e-04	1.11e-01	7.51e-01	1.37e-01	6.40e-06	0.00e+00	0.00e+00	0.00e+00
 3.23815e+16	5.40e-04	1.21e-01	7.50e-01	1.28e-01	5.59e-06	0.00e+00	0.00e+00	0.00e+00
 3.24390e+16	6.21e-04	1.33e-01	7.48e-01	1.19e-01	4.79e-06	0.00e+00	0.00e+00	0.00e+00
 3.25021e+16	7.28e-04	1.48e-01	7.43e-01	1.09e-01	4.02e-06	0.00e+00	0.00e+00	0.00e+00
 3.25582e+16	8.44e-04	1.63e-01	7.37e-01	9.98e-02	3.41e-06	0.00e+00	0.00e+00	0.00e+00
 3.26073e+16	9.60e-04	1.77e-01	7.30e-01	9.19e-02	2.93e-06	0.00e+00	0.00e+00	0.00e+00
 3.26617e+16	1.11e-03	1.95e-01	7.20e-01	8.33e-02	2.45e-06	0.00e+00	0.00e+00	0.00e+00
 3.27211e+16	1.32e-03	2.18e-01	7.07e-01	7.43e-02	2.00e-06	0.00e+00	0.00e+00	0.00e+00
 3.27738e+16	1.54e-03	2.40e-01	6.92e-01	6.64e-02	1.64e-06	0.00e+00	0.00e+00	0.00e+00
 3.28205e+16	1.76e-03	2.62e-01	6.76e-01	5.96e-02	1.37e-06	0.00e+00	0.00e+00	0.00e+00
 3.28725e+16	2.07e-03	2.90e-01	6.56e-01	5.23e-02	1.10e-06	0.00e+00	0.00e+00	0.00e+00
 3.29302e+16	2.48e-03	3.24e-01	6.29e-01	4.45e-02	8.46e-07	0.00e+00	0.00e+00	0.00e+00
 3.29834e+16	2.96e-03	3.60e-01	5.99e-01	3.78e-02	0.00e+00	0.00e+00	0.00e+00	0.00e+00
 3.30318e+16	3.46e-03	3.96e-01	5.69e-01	3.20e-02	0.00e+00	0.00e+00	0.00e+00	0.00e+00
 3.30862e+16	4.16e-03	4.40e-01	5.30e-01	2.59e-02	0.00e+00	0.00e+00	0.00e+00	0.00e+00
 3.31435e+16	5.08e-03	4.92e-01	4.83e-01	2.02e-02	0.00e+00	0.00e+00	0.00e+00	0.00e+00
 3.31887e+16	5.98e-03	5.37e-01	4.41e-01	1.61e-02	0.00e+00	0.00e+00	0.00e+00	0.00e+00
 3.32231e+16	6.79e-03	5.73e-01	4.07e-01	1.33e-02	0.00e+00	0.00e+00	0.00e+00	0.00e+00
 3.32593e+16	7.75e-03	6.12e-01	3.70e-01	1.06e-02	0.00e+00	0.00e+00	0.00e+00	0.00e+00
 3.33002e+16	9.00e-03	6.56e-01	3.27e-01	8.04e-03	0.00e+00	0.00e+00	0.00e+00	0.00e+00
 3.33372e+16	1.04e-02	6.97e-01	2.86e-01	6.06e-03	0.00e+00	0.00e+00	0.00e+00	0.00e+00
 3.33679e+16	1.17e-02	7.30e-01	2.53e-01	4.69e-03	0.00e+00	0.00e+00	0.00e+00	0.00e+00
 3.34003e+16	1.32e-02	7.64e-01	2.19e-01	3.49e-03	0.00e+00	0.00e+00	0.00e+00	0.00e+00
 3.34354e+16	1.51e-02	7.99e-01	1.83e-01	2.44e-03	0.00e+00	0.00e+00	0.00e+00	0.00e+00
 3.34654e+16	1.71e-02	8.27e-01	1.54e-01	1.74e-03	0.00e+00	0.00e+00	0.00e+00	0.00e+00
 3.34899e+16	1.89e-02	8.48e-01	1.32e-01	1.29e-03	0.00e+00	0.00e+00	0.00e+00	0.00e+00
 3.35159e+16	2.11e-02	8.68e-01	1.10e-01	9.11e-04	0.00e+00	0.00e+00	0.00e+00	0.00e+00
 3.35446e+16	2.37e-02	8.87e-01	8.84e-02	6.06e-04	0.00e+00	0.00e+00	0.00e+00	0.00e+00
 3.35701e+16	2.65e-02	9.02e-01	7.13e-02	4.06e-04	0.00e+00	0.00e+00	0.00e+00	0.00e+00
 3.35918e+16	2.91e-02	9.12e-01	5.86e-02	2.83e-04	0.00e+00	0.00e+00	0.00e+00	0.00e+00
 3.36119e+16	3.18e-02	9.20e-01	4.81e-02	1.97e-04	0.00e+00	0.00e+00	0.00e+00	0.00e+00
 3.36317e+16	3.48e-02	9.26e-01	3.93e-02	1.36e-04	0.00e+00	0.00e+00	0.00e+00	0.00e+00
 3.36512e+16	3.82e-02	9.30e-01	3.17e-02	9.22e-05	0.00e+00	0.00e+00	0.00e+00	0.00e+00
 3.36699e+16	4.16e-02	9.33e-01	2.55e-02	6.21e-05	0.00e+00	0.00e+00	0.00e+00	0.00e+00
 3.36870e+16	4.52e-02	9.34e-01	2.08e-02	4.26e-05	0.00e+00	0.00e+00	0.00e+00	0.00e+00
 3.37033e+16	4.89e-02	9.34e-01	1.68e-02	2.91e-05	0.00e+00	0.00e+00	0.00e+00	0.00e+00
 3.37191e+16	5.29e-02	9.33e-01	1.36e-02	1.99e-05	0.00e+00	0.00e+00	0.00e+00	0.00e+00
 3.37345e+16	5.73e-02	9.32e-01	1.10e-02	1.35e-05	0.00e+00	0.00e+00	0.00e+00	0.00e+00
 3.37493e+16	6.17e-02	9.29e-01	8.86e-03	9.10e-06	0.00e+00	0.00e+00	0.00e+00	0.00e+00
 3.37631e+16	6.62e-02	9.27e-01	7.20e-03	6.25e-06	0.00e+00	0.00e+00	0.00e+00	0.00e+00
 3.37757e+16	7.06e-02	9.23e-01	5.92e-03	4.39e-06	0.00e+00	0.00e+00	0.00e+00	0.00e+00
 3.37869e+16	7.48e-02	9.20e-01	4.95e-03	3.17e-06	0.00e+00	0.00e+00	0.00e+00	0.00e+00
 3.37971e+16	7.90e-02	9.17e-01	4.18e-03	2.34e-06	0.00e+00	0.00e+00	0.00e+00	0.00e+00
 3.38073e+16	8.33e-02	9.13e-01	3.53e-03	1.71e-06	0.00e+00	0.00e+00	0.00e+00	0.00e+00
 3.38154e+16	8.70e-02	9.10e-01	3.08e-03	1.34e-06	0.00e+00	0.00e+00	0.00e+00	0.00e+00
 3.38206e+16	8.92e-02	9.08e-01	2.82e-03	1.14e-06	0.00e+00	0.00e+00	0.00e+00	0.00e+00
 3.38252e+16	9.14e-02	9.06e-01	2.59e-03	9.82e-07	0.00e+00	0.00e+00	0.00e+00	0.00e+00
 3.38306e+16	9.42e-02	9.03e-01	2.35e-03	0.00e+00	0.00e+00	0.00e+00	0.00e+00	0.00e+00
 3.38365e+16	9.76e-02	9.00e-01	2.11e-03	0.00e+00	0.00e+00	0.00e+00	0.00e+00	0.00e+00
 3.38422e+16	1.00e-01	8.98e-01	1.90e-03	0.00e+00	0.00e+00	0.00e+00	0.00e+00	0.00e+00
 3.38475e+16	1.03e-01	8.95e-01	1.73e-03	0.00e+00	0.00e+00	0.00e+00	0.00e+00	0.00e+00
 3.38527e+16	1.06e-01	8.92e-01	1.57e-03	0.00e+00	0.00e+00	0.00e+00	0.00e+00	0.00e+00
 3.38579e+16	1.09e-01	8.89e-01	1.42e-03	0.00e+00	0.00e+00	0.00e+00	0.00e+00	0.00e+00
 3.38631e+16	1.13e-01	8.86e-01	1.28e-03	0.00e+00	0.00e+00	0.00e+00	0.00e+00	0.00e+00
 3.38684e+16	1.16e-01	8.83e-01	1.16e-03	0.00e+00	0.00e+00	0.00e+00	0.00e+00	0.00e+00
 3.38734e+16	1.20e-01	8.79e-01	1.05e-03	0.00e+00	0.00e+00	0.00e+00	0.00e+00	0.00e+00
 3.38783e+16	1.23e-01	8.76e-01	9.46e-04	0.00e+00	0.00e+00	0.00e+00	0.00e+00	0.00e+00
 3.38833e+16	1.27e-01	8.72e-01	8.54e-04	0.00e+00	0.00e+00	0.00e+00	0.00e+00	0.00e+00
 3.38882e+16	1.31e-01	8.69e-01	7.72e-04	0.00e+00	0.00e+00	0.00e+00	0.00e+00	0.00e+00
 3.38931e+16	1.34e-01	8.65e-01	6.97e-04	0.00e+00	0.00e+00	0.00e+00	0.00e+00	0.00e+00
 3.38978e+16	1.39e-01	8.61e-01	6.30e-04	0.00e+00	0.00e+00	0.00e+00	0.00e+00	0.00e+00
 3.39026e+16	1.43e-01	8.56e-01	5.69e-04	0.00e+00	0.00e+00	0.00e+00	0.00e+00	0.00e+00
 3.39073e+16	1.48e-01	8.52e-01	5.13e-04	0.00e+00	0.00e+00	0.00e+00	0.00e+00	0.00e+00
 3.39119e+16	1.52e-01	8.47e-01	4.63e-04	0.00e+00	0.00e+00	0.00e+00	0.00e+00	0.00e+00
 3.39164e+16	1.57e-01	8.42e-01	4.18e-04	0.00e+00	0.00e+00	0.00e+00	0.00e+00	0.00e+00
 3.39208e+16	1.62e-01	8.37e-01	3.78e-04	0.00e+00	0.00e+00	0.00e+00	0.00e+00	0.00e+00
 3.39253e+16	1.68e-01	8.32e-01	3.40e-04	0.00e+00	0.00e+00	0.00e+00	0.00e+00	0.00e+00
 3.39297e+16	1.73e-01	8.26e-01	3.07e-04	0.00e+00	0.00e+00	0.00e+00	0.00e+00	0.00e+00
 3.39340e+16	1.80e-01	8.20e-01	2.77e-04	0.00e+00	0.00e+00	0.00e+00	0.00e+00	0.00e+00
 3.39382e+16	1.86e-01	8.13e-01	2.49e-04	0.00e+00	0.00e+00	0.00e+00	0.00e+00	0.00e+00
 3.39425e+16	1.93e-01	8.07e-01	2.24e-04	0.00e+00	0.00e+00	0.00e+00	0.00e+00	0.00e+00
 3.39466e+16	2.00e-01	8.00e-01	2.02e-04	0.00e+00	0.00e+00	0.00e+00	0.00e+00	0.00e+00
 3.39507e+16	2.07e-01	7.92e-01	1.82e-04	0.00e+00	0.00e+00	0.00e+00	0.00e+00	0.00e+00
 3.39547e+16	2.16e-01	7.83e-01	1.63e-04	0.00e+00	0.00e+00	0.00e+00	0.00e+00	0.00e+00
 3.39586e+16	2.24e-01	7.75e-01	1.47e-04	0.00e+00	0.00e+00	0.00e+00	0.00e+00	0.00e+00
 3.39625e+16	2.34e-01	7.66e-01	1.32e-04	0.00e+00	0.00e+00	0.00e+00	0.00e+00	0.00e+00
 3.39663e+16	2.43e-01	7.56e-01	1.19e-04	0.00e+00	0.00e+00	0.00e+00	0.00e+00	0.00e+00
 3.39700e+16	2.54e-01	7.46e-01	1.07e-04	0.00e+00	0.00e+00	0.00e+00	0.00e+00	0.00e+00
 3.39737e+16	2.65e-01	7.35e-01	9.58e-05	0.00e+00	0.00e+00	0.00e+00	0.00e+00	0.00e+00
 3.39772e+16	2.76e-01	7.23e-01	8.61e-05	0.00e+00	0.00e+00	0.00e+00	0.00e+00	0.00e+00
 3.39807e+16	2.88e-01	7.12e-01	7.74e-05	0.00e+00	0.00e+00	0.00e+00	0.00e+00	0.00e+00
 3.39841e+16	3.01e-01	6.99e-01	6.95e-05	0.00e+00	0.00e+00	0.00e+00	0.00e+00	0.00e+00
 3.39875e+16	3.14e-01	6.86e-01	6.23e-05	0.00e+00	0.00e+00	0.00e+00	0.00e+00	0.00e+00
 3.39908e+16	3.29e-01	6.71e-01	5.59e-05	0.00e+00	0.00e+00	0.00e+00	0.00e+00	0.00e+00
 3.39940e+16	3.44e-01	6.56e-01	5.01e-05	0.00e+00	0.00e+00	0.00e+00	0.00e+00	0.00e+00
 3.39971e+16	3.60e-01	6.40e-01	4.49e-05	0.00e+00	0.00e+00	0.00e+00	0.00e+00	0.00e+00
 3.40002e+16	3.79e-01	6.21e-01	4.00e-05	0.00e+00	0.00e+00	0.00e+00	0.00e+00	0.00e+00
 3.40033e+16	3.97e-01	6.03e-01	3.57e-05	0.00e+00	0.00e+00	0.00e+00	0.00e+00	0.00e+00
 3.40062e+16	4.15e-01	5.85e-01	3.19e-05	0.00e+00	0.00e+00	0.00e+00	0.00e+00	0.00e+00
 3.40092e+16	4.35e-01	5.65e-01	2.84e-05	0.00e+00	0.00e+00	0.00e+00	0.00e+00	0.00e+00
