#depth	O	O+	O+2	O+3	O+4	O+5	O+6	O+7	O+8	O[1]	O[2]	O[3]
 1.49634e+10	1.28e-32	4.15e-20	2.96e-10	1.58e-03	9.93e-01	5.87e-03	0.00e+00	0.00e+00	0.00e+00	0.00e+00	0.00e+00	0.00e+00
 4.54887e+10	1.75e-32	5.25e-20	3.47e-10	1.71e-03	9.93e-01	5.44e-03	2.61e-08	0.00e+00	0.00e+00	0.00e+00	0.00e+00	0.00e+00
 7.72350e+10	2.36e-32	6.59e-20	4.05e-10	1.85e-03	9.93e-01	5.04e-03	0.00e+00	0.00e+00	0.00e+00	0.00e+00	0.00e+00	0.00e+00
 1.10251e+11	3.19e-32	8.30e-20	4.74e-10	2.00e-03	9.93e-01	4.67e-03	0.00e+00	0.00e+00	0.00e+00	0.00e+00	0.00e+00	0.00e+00
 1.44588e+11	4.31e-32	1.05e-19	5.54e-10	2.17e-03	9.94e-01	4.33e-03	0.00e+00	0.00e+00	0.00e+00	0.00e+00	0.00e+00	0.00e+00
 1.80298e+11	5.83e-32	1.31e-19	6.47e-10	2.34e-03	9.94e-01	4.01e-03	0.00e+00	0.00e+00	0.00e+00	0.00e+00	0.00e+00	0.00e+00
 2.17437e+11	7.86e-32	1.65e-19	7.55e-10	2.54e-03	9.94e-01	3.72e-03	0.00e+00	0.00e+00	0.00e+00	0.00e+00	0.00e+00	0.00e+00
 2.56061e+11	1.06e-31	2.08e-19	8.82e-10	2.74e-03	9.94e-01	3.45e-03	0.00e+00	0.00e+00	0.00e+00	0.00e+00	0.00e+00	0.00e+00
 2.96231e+11	1.42e-31	2.61e-19	1.03e-09	2.97e-03	9.94e-01	3.20e-03	0.00e+00	0.00e+00	0.00e+00	0.00e+00	0.00e+00	0.00e+00
 3.38007e+11	1.92e-31	3.27e-19	1.20e-09	3.21e-03	9.94e-01	2.96e-03	0.00e+00	0.00e+00	0.00e+00	0.00e+00	0.00e+00	0.00e+00
 3.81454e+11	2.57e-31	4.11e-19	1.40e-09	3.48e-03	9.94e-01	2.75e-03	0.00e+00	0.00e+00	0.00e+00	0.00e+00	0.00e+00	0.00e+00
 4.26639e+11	3.45e-31	5.15e-19	1.64e-09	3.76e-03	9.94e-01	2.55e-03	0.00e+00	0.00e+00	0.00e+00	0.00e+00	0.00e+00	0.00e+00
 4.73631e+11	4.62e-31	6.45e-19	1.91e-09	4.07e-03	9.94e-01	2.37e-03	0.00e+00	0.00e+00	0.00e+00	0.00e+00	0.00e+00	0.00e+00
 5.22503e+11	6.18e-31	8.08e-19	2.23e-09	4.41e-03	9.93e-01	2.20e-03	0.00e+00	0.00e+00	0.00e+00	0.00e+00	0.00e+00	0.00e+00
 5.73330e+11	8.25e-31	1.01e-18	2.60e-09	4.77e-03	9.93e-01	2.04e-03	0.00e+00	0.00e+00	0.00e+00	0.00e+00	0.00e+00	0.00e+00
 6.26190e+11	1.10e-30	1.27e-18	3.03e-09	5.16e-03	9.93e-01	1.89e-03	0.00e+00	0.00e+00	0.00e+00	0.00e+00	0.00e+00	0.00e+00
 6.81164e+11	1.47e-30	1.59e-18	3.54e-09	5.59e-03	9.93e-01	1.76e-03	0.00e+00	0.00e+00	0.00e+00	0.00e+00	0.00e+00	0.00e+00
 7.38337e+11	1.95e-30	1.98e-18	4.12e-09	6.05e-03	9.92e-01	1.63e-03	0.00e+00	0.00e+00	0.00e+00	0.00e+00	0.00e+00	0.00e+00
 7.97798e+11	2.59e-30	2.48e-18	4.81e-09	6.55e-03	9.92e-01	1.52e-03	0.00e+00	0.00e+00	0.00e+00	0.00e+00	0.00e+00	0.00e+00
 8.59636e+11	3.44e-30	3.10e-18	5.61e-09	7.09e-03	9.92e-01	1.41e-03	0.00e+00	0.00e+00	0.00e+00	0.00e+00	0.00e+00	0.00e+00
 9.23949e+11	4.57e-30	3.88e-18	6.55e-09	7.67e-03	9.91e-01	1.31e-03	0.00e+00	0.00e+00	0.00e+00	0.00e+00	0.00e+00	0.00e+00
 9.90833e+11	6.05e-30	4.85e-18	7.64e-09	8.31e-03	9.90e-01	1.22e-03	0.00e+00	0.00e+00	0.00e+00	0.00e+00	0.00e+00	0.00e+00
 1.06039e+12	8.00e-30	6.06e-18	8.92e-09	9.00e-03	9.90e-01	1.13e-03	0.00e+00	0.00e+00	0.00e+00	0.00e+00	0.00e+00	0.00e+00
 1.13274e+12	1.06e-29	7.57e-18	1.04e-08	9.74e-03	9.89e-01	1.05e-03	0.00e+00	0.00e+00	0.00e+00	0.00e+00	0.00e+00	0.00e+00
 1.20797e+12	1.40e-29	9.46e-18	1.22e-08	1.06e-02	9.88e-01	9.79e-04	0.00e+00	0.00e+00	0.00e+00	0.00e+00	0.00e+00	0.00e+00
 1.28622e+12	1.84e-29	1.18e-17	1.42e-08	1.14e-02	9.88e-01	9.11e-04	0.00e+00	0.00e+00	0.00e+00	0.00e+00	0.00e+00	0.00e+00
 1.36759e+12	2.43e-29	1.48e-17	1.66e-08	1.24e-02	9.87e-01	8.47e-04	0.00e+00	0.00e+00	0.00e+00	0.00e+00	0.00e+00	0.00e+00
 1.45222e+12	3.20e-29	1.85e-17	1.94e-08	1.34e-02	9.86e-01	7.88e-04	0.00e+00	0.00e+00	0.00e+00	0.00e+00	0.00e+00	0.00e+00
 1.54024e+12	4.22e-29	2.32e-17	2.26e-08	1.45e-02	9.85e-01	7.34e-04	0.00e+00	0.00e+00	0.00e+00	0.00e+00	0.00e+00	0.00e+00
 1.63178e+12	5.56e-29	2.90e-17	2.65e-08	1.57e-02	9.84e-01	6.83e-04	0.00e+00	0.00e+00	0.00e+00	0.00e+00	0.00e+00	0.00e+00
 1.72697e+12	7.32e-29	3.64e-17	3.10e-08	1.71e-02	9.82e-01	6.36e-04	0.00e+00	0.00e+00	0.00e+00	0.00e+00	0.00e+00	0.00e+00
 1.82598e+12	9.65e-29	4.56e-17	3.63e-08	1.85e-02	9.81e-01	5.92e-04	0.00e+00	0.00e+00	0.00e+00	0.00e+00	0.00e+00	0.00e+00
 1.92895e+12	1.27e-28	5.73e-17	4.25e-08	2.00e-02	9.79e-01	5.51e-04	0.00e+00	0.00e+00	0.00e+00	0.00e+00	0.00e+00	0.00e+00
 2.03603e+12	1.67e-28	7.19e-17	4.97e-08	2.17e-02	9.78e-01	5.12e-04	0.00e+00	0.00e+00	0.00e+00	0.00e+00	0.00e+00	0.00e+00
 2.14740e+12	2.21e-28	9.05e-17	5.83e-08	2.35e-02	9.76e-01	4.77e-04	0.00e+00	0.00e+00	0.00e+00	0.00e+00	0.00e+00	0.00e+00
 2.26322e+12	2.91e-28	1.14e-16	6.83e-08	2.55e-02	9.74e-01	4.44e-04	0.00e+00	0.00e+00	0.00e+00	0.00e+00	0.00e+00	0.00e+00
 2.38368e+12	3.85e-28	1.43e-16	8.01e-08	2.76e-02	9.72e-01	4.13e-04	0.00e+00	0.00e+00	0.00e+00	0.00e+00	0.00e+00	0.00e+00
 2.50895e+12	5.09e-28	1.81e-16	9.40e-08	2.99e-02	9.70e-01	3.84e-04	0.00e+00	0.00e+00	0.00e+00	0.00e+00	0.00e+00	0.00e+00
 2.63924e+12	6.76e-28	2.29e-16	1.10e-07	3.24e-02	9.67e-01	3.57e-04	0.00e+00	0.00e+00	0.00e+00	0.00e+00	0.00e+00	0.00e+00
 2.77473e+12	8.93e-28	2.89e-16	1.30e-07	3.52e-02	9.64e-01	3.32e-04	0.00e+00	0.00e+00	0.00e+00	0.00e+00	0.00e+00	0.00e+00
 2.91565e+12	1.19e-27	3.66e-16	1.53e-07	3.81e-02	9.62e-01	3.08e-04	0.00e+00	0.00e+00	0.00e+00	0.00e+00	0.00e+00	0.00e+00
 3.06220e+12	1.58e-27	4.64e-16	1.80e-07	4.13e-02	9.58e-01	2.86e-04	0.00e+00	0.00e+00	0.00e+00	0.00e+00	0.00e+00	0.00e+00
 3.21461e+12	2.10e-27	5.89e-16	2.11e-07	4.48e-02	9.55e-01	2.66e-04	0.00e+00	0.00e+00	0.00e+00	0.00e+00	0.00e+00	0.00e+00
 3.37313e+12	2.80e-27	7.49e-16	2.49e-07	4.85e-02	9.51e-01	2.47e-04	0.00e+00	0.00e+00	0.00e+00	0.00e+00	0.00e+00	0.00e+00
 3.53798e+12	3.74e-27	9.53e-16	2.93e-07	5.25e-02	9.47e-01	2.29e-04	0.00e+00	0.00e+00	0.00e+00	0.00e+00	0.00e+00	0.00e+00
 3.70942e+12	5.01e-27	1.21e-15	3.46e-07	5.69e-02	9.43e-01	2.12e-04	0.00e+00	0.00e+00	0.00e+00	0.00e+00	0.00e+00	0.00e+00
 3.88773e+12	6.73e-27	1.55e-15	4.08e-07	6.16e-02	9.38e-01	1.96e-04	0.00e+00	0.00e+00	0.00e+00	0.00e+00	0.00e+00	0.00e+00
 4.07316e+12	9.04e-27	1.98e-15	4.80e-07	6.67e-02	9.33e-01	1.82e-04	0.00e+00	0.00e+00	0.00e+00	0.00e+00	0.00e+00	0.00e+00
 4.26602e+12	1.22e-26	2.52e-15	5.67e-07	7.22e-02	9.28e-01	1.68e-04	0.00e+00	0.00e+00	0.00e+00	0.00e+00	0.00e+00	0.00e+00
 4.46658e+12	1.64e-26	3.23e-15	6.68e-07	7.81e-02	9.22e-01	1.56e-04	0.00e+00	0.00e+00	0.00e+00	0.00e+00	0.00e+00	0.00e+00
 4.67517e+12	2.22e-26	4.12e-15	7.88e-07	8.44e-02	9.15e-01	1.44e-04	0.00e+00	0.00e+00	0.00e+00	0.00e+00	0.00e+00	0.00e+00
 4.89211e+12	3.01e-26	5.28e-15	9.29e-07	9.12e-02	9.09e-01	1.33e-04	0.00e+00	0.00e+00	0.00e+00	0.00e+00	0.00e+00	0.00e+00
 5.11772e+12	4.09e-26	6.76e-15	1.10e-06	9.86e-02	9.01e-01	1.22e-04	0.00e+00	0.00e+00	0.00e+00	0.00e+00	0.00e+00	0.00e+00
 5.35235e+12	5.57e-26	8.65e-15	1.29e-06	1.06e-01	8.93e-01	1.12e-04	0.00e+00	0.00e+00	0.00e+00	0.00e+00	0.00e+00	0.00e+00
 5.59638e+12	7.59e-26	1.11e-14	1.52e-06	1.15e-01	8.85e-01	1.03e-04	0.00e+00	0.00e+00	0.00e+00	0.00e+00	0.00e+00	0.00e+00
 5.85016e+12	1.04e-25	1.42e-14	1.79e-06	1.24e-01	8.76e-01	9.51e-05	0.00e+00	0.00e+00	0.00e+00	0.00e+00	0.00e+00	0.00e+00
 6.11409e+12	1.42e-25	1.82e-14	2.11e-06	1.33e-01	8.66e-01	8.73e-05	0.00e+00	0.00e+00	0.00e+00	0.00e+00	0.00e+00	0.00e+00
 6.38858e+12	1.94e-25	2.33e-14	2.48e-06	1.44e-01	8.56e-01	8.00e-05	0.00e+00	0.00e+00	0.00e+00	0.00e+00	0.00e+00	0.00e+00
 6.67405e+12	2.66e-25	2.98e-14	2.92e-06	1.55e-01	8.45e-01	7.32e-05	0.00e+00	0.00e+00	0.00e+00	0.00e+00	0.00e+00	0.00e+00
 6.97094e+12	3.65e-25	3.81e-14	3.43e-06	1.66e-01	8.34e-01	6.70e-05	0.00e+00	0.00e+00	0.00e+00	0.00e+00	0.00e+00	0.00e+00
 7.27970e+12	5.02e-25	4.88e-14	4.03e-06	1.79e-01	8.21e-01	6.12e-05	0.00e+00	0.00e+00	0.00e+00	0.00e+00	0.00e+00	0.00e+00
 7.60082e+12	6.90e-25	6.24e-14	4.73e-06	1.92e-01	8.08e-01	5.58e-05	0.00e+00	0.00e+00	0.00e+00	0.00e+00	0.00e+00	0.00e+00
 7.93478e+12	9.50e-25	7.97e-14	5.55e-06	2.05e-01	7.95e-01	5.08e-05	0.00e+00	0.00e+00	0.00e+00	0.00e+00	0.00e+00	0.00e+00
 8.28210e+12	1.31e-24	1.02e-13	6.50e-06	2.20e-01	7.80e-01	4.62e-05	0.00e+00	0.00e+00	0.00e+00	0.00e+00	0.00e+00	0.00e+00
 8.64331e+12	1.80e-24	1.30e-13	7.60e-06	2.35e-01	7.65e-01	4.19e-05	0.00e+00	0.00e+00	0.00e+00	0.00e+00	0.00e+00	0.00e+00
 9.01897e+12	2.48e-24	1.65e-13	8.88e-06	2.51e-01	7.49e-01	3.80e-05	0.00e+00	0.00e+00	0.00e+00	0.00e+00	0.00e+00	0.00e+00
 9.40965e+12	3.41e-24	2.10e-13	1.04e-05	2.68e-01	7.32e-01	3.44e-05	0.00e+00	0.00e+00	0.00e+00	0.00e+00	0.00e+00	0.00e+00
 9.81596e+12	4.69e-24	2.66e-13	1.21e-05	2.85e-01	7.15e-01	3.10e-05	0.00e+00	0.00e+00	0.00e+00	0.00e+00	0.00e+00	0.00e+00
 1.02385e+13	6.45e-24	3.38e-13	1.40e-05	3.03e-01	6.97e-01	2.80e-05	0.00e+00	0.00e+00	0.00e+00	0.00e+00	0.00e+00	0.00e+00
 1.06780e+13	8.86e-24	4.27e-13	1.63e-05	3.21e-01	6.79e-01	2.52e-05	0.00e+00	0.00e+00	0.00e+00	0.00e+00	0.00e+00	0.00e+00
 1.11350e+13	1.21e-23	5.39e-13	1.89e-05	3.40e-01	6.60e-01	2.26e-05	0.00e+00	0.00e+00	0.00e+00	0.00e+00	0.00e+00	0.00e+00
 1.16104e+13	1.66e-23	6.79e-13	2.18e-05	3.60e-01	6.40e-01	2.03e-05	0.00e+00	0.00e+00	0.00e+00	0.00e+00	0.00e+00	0.00e+00
 1.21047e+13	2.27e-23	8.54e-13	2.52e-05	3.80e-01	6.20e-01	1.82e-05	0.00e+00	0.00e+00	0.00e+00	0.00e+00	0.00e+00	0.00e+00
 1.26188e+13	3.10e-23	1.07e-12	2.91e-05	4.00e-01	6.00e-01	1.62e-05	0.00e+00	0.00e+00	0.00e+00	0.00e+00	0.00e+00	0.00e+00
 1.31535e+13	4.23e-23	1.34e-12	3.34e-05	4.21e-01	5.79e-01	1.45e-05	0.00e+00	0.00e+00	0.00e+00	0.00e+00	0.00e+00	0.00e+00
 1.37096e+13	5.75e-23	1.68e-12	3.84e-05	4.42e-01	5.58e-01	1.29e-05	0.00e+00	0.00e+00	0.00e+00	0.00e+00	0.00e+00	0.00e+00
 1.42879e+13	7.80e-23	2.09e-12	4.40e-05	4.63e-01	5.36e-01	1.15e-05	0.00e+00	0.00e+00	0.00e+00	0.00e+00	0.00e+00	0.00e+00
 1.48893e+13	1.06e-22	2.60e-12	5.03e-05	4.85e-01	5.15e-01	1.02e-05	0.00e+00	0.00e+00	0.00e+00	0.00e+00	0.00e+00	0.00e+00
 1.55148e+13	1.43e-22	3.23e-12	5.74e-05	5.06e-01	4.94e-01	9.02e-06	0.00e+00	0.00e+00	0.00e+00	0.00e+00	0.00e+00	0.00e+00
 1.61653e+13	1.93e-22	4.01e-12	6.53e-05	5.27e-01	4.73e-01	7.97e-06	0.00e+00	0.00e+00	0.00e+00	0.00e+00	0.00e+00	0.00e+00
 1.68419e+13	2.60e-22	4.96e-12	7.42e-05	5.49e-01	4.51e-01	7.04e-06	0.00e+00	0.00e+00	0.00e+00	0.00e+00	0.00e+00	0.00e+00
 1.75455e+13	3.49e-22	6.11e-12	8.42e-05	5.69e-01	4.30e-01	6.20e-06	0.00e+00	0.00e+00	0.00e+00	0.00e+00	0.00e+00	0.00e+00
 1.82772e+13	4.67e-22	7.53e-12	9.53e-05	5.90e-01	4.10e-01	5.45e-06	0.00e+00	0.00e+00	0.00e+00	0.00e+00	0.00e+00	0.00e+00
 1.90383e+13	6.27e-22	9.27e-12	1.08e-04	6.10e-01	3.89e-01	4.79e-06	0.00e+00	0.00e+00	0.00e+00	0.00e+00	0.00e+00	0.00e+00
 1.98297e+13	8.37e-22	1.14e-11	1.21e-04	6.30e-01	3.70e-01	4.20e-06	0.00e+00	0.00e+00	0.00e+00	0.00e+00	0.00e+00	0.00e+00
 2.06528e+13	1.12e-21	1.39e-11	1.37e-04	6.50e-01	3.50e-01	3.67e-06	0.00e+00	0.00e+00	0.00e+00	0.00e+00	0.00e+00	0.00e+00
 2.15089e+13	1.49e-21	1.70e-11	1.54e-04	6.69e-01	3.31e-01	3.21e-06	0.00e+00	0.00e+00	0.00e+00	0.00e+00	0.00e+00	0.00e+00
 2.23991e+13	1.98e-21	2.08e-11	1.73e-04	6.87e-01	3.12e-01	2.80e-06	0.00e+00	0.00e+00	0.00e+00	0.00e+00	0.00e+00	0.00e+00
 2.33250e+13	2.62e-21	2.53e-11	1.93e-04	7.05e-01	2.95e-01	2.44e-06	0.00e+00	0.00e+00	0.00e+00	0.00e+00	0.00e+00	0.00e+00
 2.42880e+13	3.47e-21	3.08e-11	2.16e-04	7.22e-01	2.77e-01	2.12e-06	0.00e+00	0.00e+00	0.00e+00	0.00e+00	0.00e+00	0.00e+00
 2.52894e+13	4.58e-21	3.73e-11	2.41e-04	7.39e-01	2.61e-01	1.84e-06	0.00e+00	0.00e+00	0.00e+00	0.00e+00	0.00e+00	0.00e+00
 2.63309e+13	6.04e-21	4.52e-11	2.68e-04	7.55e-01	2.45e-01	1.60e-06	0.00e+00	0.00e+00	0.00e+00	0.00e+00	0.00e+00	0.00e+00
 2.74141e+13	7.93e-21	5.46e-11	2.98e-04	7.70e-01	2.30e-01	1.39e-06	0.00e+00	0.00e+00	0.00e+00	0.00e+00	0.00e+00	0.00e+00
 2.85406e+13	1.04e-20	6.58e-11	3.31e-04	7.84e-01	2.16e-01	1.20e-06	0.00e+00	0.00e+00	0.00e+00	0.00e+00	0.00e+00	0.00e+00
 2.97121e+13	1.36e-20	7.92e-11	3.67e-04	7.98e-01	2.02e-01	1.04e-06	0.00e+00	0.00e+00	0.00e+00	0.00e+00	0.00e+00	0.00e+00
 3.09305e+13	1.77e-20	9.49e-11	4.06e-04	8.11e-01	1.89e-01	8.99e-07	0.00e+00	0.00e+00	0.00e+00	0.00e+00	0.00e+00	0.00e+00
 3.21977e+13	2.30e-20	1.14e-10	4.48e-04	8.23e-01	1.77e-01	0.00e+00	0.00e+00	0.00e+00	0.00e+00	0.00e+00	0.00e+00	0.00e+00
 3.35155e+13	2.98e-20	1.36e-10	4.94e-04	8.34e-01	1.65e-01	0.00e+00	0.00e+00	0.00e+00	0.00e+00	0.00e+00	0.00e+00	0.00e+00
 3.48861e+13	3.85e-20	1.62e-10	5.44e-04	8.45e-01	1.55e-01	0.00e+00	0.00e+00	0.00e+00	0.00e+00	0.00e+00	0.00e+00	0.00e+00
 3.63114e+13	4.96e-20	1.93e-10	5.98e-04	8.55e-01	1.44e-01	0.00e+00	0.00e+00	0.00e+00	0.00e+00	0.00e+00	0.00e+00	0.00e+00
 3.77938e+13	6.39e-20	2.29e-10	6.56e-04	8.64e-01	1.35e-01	0.00e+00	0.00e+00	0.00e+00	0.00e+00	0.00e+00	0.00e+00	0.00e+00
 3.93355e+13	8.20e-20	2.72e-10	7.20e-04	8.73e-01	1.26e-01	0.00e+00	0.00e+00	0.00e+00	0.00e+00	0.00e+00	0.00e+00	0.00e+00
 4.09388e+13	1.05e-19	3.22e-10	7.88e-04	8.82e-01	1.17e-01	0.00e+00	0.00e+00	0.00e+00	0.00e+00	0.00e+00	0.00e+00	0.00e+00
 4.26063e+13	1.35e-19	3.81e-10	8.63e-04	8.90e-01	1.09e-01	0.00e+00	0.00e+00	0.00e+00	0.00e+00	0.00e+00	0.00e+00	0.00e+00
 4.43405e+13	1.72e-19	4.50e-10	9.43e-04	8.97e-01	1.02e-01	0.00e+00	0.00e+00	0.00e+00	0.00e+00	0.00e+00	0.00e+00	0.00e+00
 4.61441e+13	2.20e-19	5.32e-10	1.03e-03	9.04e-01	9.50e-02	0.00e+00	0.00e+00	0.00e+00	0.00e+00	0.00e+00	0.00e+00	0.00e+00
 4.80197e+13	2.81e-19	6.27e-10	1.13e-03	9.10e-01	8.85e-02	0.00e+00	0.00e+00	0.00e+00	0.00e+00	0.00e+00	0.00e+00	0.00e+00
 4.99705e+13	3.58e-19	7.40e-10	1.23e-03	9.16e-01	8.23e-02	0.00e+00	0.00e+00	0.00e+00	0.00e+00	0.00e+00	0.00e+00	0.00e+00
 5.19992e+13	4.56e-19	8.72e-10	1.34e-03	9.22e-01	7.66e-02	0.00e+00	0.00e+00	0.00e+00	0.00e+00	0.00e+00	0.00e+00	0.00e+00
 5.41091e+13	5.80e-19	1.03e-09	1.46e-03	9.27e-01	7.12e-02	0.00e+00	0.00e+00	0.00e+00	0.00e+00	0.00e+00	0.00e+00	0.00e+00
 5.63034e+13	7.39e-19	1.21e-09	1.59e-03	9.32e-01	6.62e-02	0.00e+00	0.00e+00	0.00e+00	0.00e+00	0.00e+00	0.00e+00	0.00e+00
 5.85854e+13	9.40e-19	1.42e-09	1.73e-03	9.37e-01	6.15e-02	0.00e+00	0.00e+00	0.00e+00	0.00e+00	0.00e+00	0.00e+00	0.00e+00
 6.08550e+13	1.18e-18	1.66e-09	1.88e-03	9.41e-01	5.73e-02	0.00e+00	0.00e+00	0.00e+00	0.00e+00	0.00e+00	0.00e+00	0.00e+00
 6.30579e+13	1.46e-18	1.92e-09	2.02e-03	9.44e-01	5.36e-02	0.00e+00	0.00e+00	0.00e+00	0.00e+00	0.00e+00	0.00e+00	0.00e+00
 6.54527e+13	1.83e-18	2.23e-09	2.19e-03	9.48e-01	5.00e-02	0.00e+00	0.00e+00	0.00e+00	0.00e+00	0.00e+00	0.00e+00	0.00e+00
 6.81007e+13	2.33e-18	2.62e-09	2.38e-03	9.51e-01	4.64e-02	0.00e+00	0.00e+00	0.00e+00	0.00e+00	0.00e+00	0.00e+00	0.00e+00
 7.07590e+13	2.93e-18	3.06e-09	2.57e-03	9.54e-01	4.31e-02	0.00e+00	0.00e+00	0.00e+00	0.00e+00	0.00e+00	0.00e+00	0.00e+00
 7.35235e+13	3.70e-18	3.58e-09	2.79e-03	9.57e-01	4.01e-02	0.00e+00	0.00e+00	0.00e+00	0.00e+00	0.00e+00	0.00e+00	0.00e+00
 7.64944e+13	4.69e-18	4.20e-09	3.03e-03	9.60e-01	3.72e-02	0.00e+00	0.00e+00	0.00e+00	0.00e+00	0.00e+00	0.00e+00	0.00e+00
 7.94791e+13	5.91e-18	4.90e-09	3.28e-03	9.62e-01	3.45e-02	0.00e+00	0.00e+00	0.00e+00	0.00e+00	0.00e+00	0.00e+00	0.00e+00
 8.25833e+13	7.43e-18	5.72e-09	3.55e-03	9.64e-01	3.21e-02	0.00e+00	0.00e+00	0.00e+00	0.00e+00	0.00e+00	0.00e+00	0.00e+00
 8.59165e+13	9.42e-18	6.70e-09	3.85e-03	9.66e-01	2.97e-02	0.00e+00	0.00e+00	0.00e+00	0.00e+00	0.00e+00	0.00e+00	0.00e+00
 8.93831e+13	1.19e-17	7.85e-09	4.17e-03	9.68e-01	2.75e-02	0.00e+00	0.00e+00	0.00e+00	0.00e+00	0.00e+00	0.00e+00	0.00e+00
 9.29884e+13	1.51e-17	9.21e-09	4.53e-03	9.70e-01	2.55e-02	0.00e+00	0.00e+00	0.00e+00	0.00e+00	0.00e+00	0.00e+00	0.00e+00
 9.67378e+13	1.92e-17	1.08e-08	4.91e-03	9.72e-01	2.36e-02	0.00e+00	0.00e+00	0.00e+00	0.00e+00	0.00e+00	0.00e+00	0.00e+00
 1.00637e+14	2.43e-17	1.27e-08	5.32e-03	9.73e-01	2.18e-02	0.00e+00	0.00e+00	0.00e+00	0.00e+00	1.38e-17	7.53e-18	2.90e-18
 1.04693e+14	3.08e-17	1.48e-08	5.77e-03	9.74e-01	2.02e-02	0.00e+00	0.00e+00	0.00e+00	0.00e+00	1.72e-17	1.02e-17	3.40e-18
 1.08910e+14	3.91e-17	1.74e-08	6.25e-03	9.75e-01	1.87e-02	0.00e+00	0.00e+00	0.00e+00	0.00e+00	2.18e-17	1.30e-17	4.31e-18
 1.13297e+14	4.96e-17	2.04e-08	6.77e-03	9.76e-01	1.73e-02	0.00e+00	0.00e+00	0.00e+00	0.00e+00	2.76e-17	1.64e-17	5.47e-18
 1.17858e+14	6.28e-17	2.39e-08	7.34e-03	9.77e-01	1.60e-02	0.00e+00	0.00e+00	0.00e+00	0.00e+00	3.51e-17	2.09e-17	6.94e-18
 1.22603e+14	7.98e-17	2.80e-08	7.95e-03	9.77e-01	1.47e-02	0.00e+00	0.00e+00	0.00e+00	0.00e+00	4.45e-17	2.65e-17	8.81e-18
 1.27537e+14	1.01e-16	3.28e-08	8.61e-03	9.78e-01	1.36e-02	0.00e+00	0.00e+00	0.00e+00	0.00e+00	5.64e-17	3.36e-17	1.12e-17
 1.32668e+14	1.28e-16	3.85e-08	9.33e-03	9.78e-01	1.26e-02	0.00e+00	0.00e+00	0.00e+00	0.00e+00	7.16e-17	4.26e-17	1.42e-17
 1.38005e+14	1.63e-16	4.52e-08	1.01e-02	9.78e-01	1.16e-02	0.00e+00	0.00e+00	0.00e+00	0.00e+00	9.09e-17	5.41e-17	1.80e-17
 1.43555e+14	2.07e-16	5.30e-08	1.09e-02	9.78e-01	1.07e-02	0.00e+00	0.00e+00	0.00e+00	0.00e+00	1.15e-16	6.86e-17	2.28e-17
 1.49327e+14	2.62e-16	6.21e-08	1.19e-02	9.78e-01	9.90e-03	0.00e+00	0.00e+00	0.00e+00	0.00e+00	1.46e-16	8.71e-17	2.90e-17
 1.55330e+14	3.34e-16	7.29e-08	1.29e-02	9.78e-01	9.12e-03	0.00e+00	0.00e+00	0.00e+00	0.00e+00	1.86e-16	1.11e-16	3.68e-17
 1.61573e+14	4.23e-16	8.54e-08	1.39e-02	9.78e-01	8.42e-03	0.00e+00	0.00e+00	0.00e+00	0.00e+00	2.36e-16	1.40e-16	4.67e-17
 1.68066e+14	5.38e-16	1.00e-07	1.51e-02	9.77e-01	7.76e-03	0.00e+00	0.00e+00	0.00e+00	0.00e+00	3.00e-16	1.79e-16	5.94e-17
 1.74819e+14	6.83e-16	1.18e-07	1.63e-02	9.77e-01	7.16e-03	0.00e+00	0.00e+00	0.00e+00	0.00e+00	3.81e-16	2.27e-16	7.54e-17
 1.81841e+14	8.68e-16	1.38e-07	1.77e-02	9.76e-01	6.60e-03	0.00e+00	0.00e+00	0.00e+00	0.00e+00	4.84e-16	2.88e-16	9.58e-17
 1.89145e+14	1.10e-15	1.62e-07	1.91e-02	9.75e-01	6.08e-03	0.00e+00	0.00e+00	0.00e+00	0.00e+00	6.15e-16	3.66e-16	1.22e-16
 1.96741e+14	1.40e-15	1.90e-07	2.07e-02	9.74e-01	5.60e-03	0.00e+00	0.00e+00	0.00e+00	0.00e+00	7.81e-16	4.65e-16	1.55e-16
 2.04640e+14	1.78e-15	2.23e-07	2.24e-02	9.72e-01	5.16e-03	0.00e+00	0.00e+00	0.00e+00	0.00e+00	9.92e-16	5.90e-16	1.96e-16
 2.12856e+14	2.26e-15	2.61e-07	2.43e-02	9.71e-01	4.75e-03	0.00e+00	0.00e+00	0.00e+00	0.00e+00	1.26e-15	7.49e-16	2.49e-16
 2.21400e+14	2.87e-15	3.06e-07	2.63e-02	9.69e-01	4.37e-03	0.00e+00	0.00e+00	0.00e+00	0.00e+00	1.60e-15	9.52e-16	3.17e-16
 2.30286e+14	3.65e-15	3.59e-07	2.84e-02	9.68e-01	4.02e-03	0.00e+00	0.00e+00	0.00e+00	0.00e+00	2.03e-15	1.21e-15	4.02e-16
 2.39527e+14	4.63e-15	4.21e-07	3.08e-02	9.66e-01	3.70e-03	0.00e+00	0.00e+00	0.00e+00	0.00e+00	2.58e-15	1.54e-15	5.11e-16
 2.49138e+14	5.88e-15	4.93e-07	3.33e-02	9.63e-01	3.40e-03	0.00e+00	0.00e+00	0.00e+00	0.00e+00	3.28e-15	1.95e-15	6.49e-16
 2.59134e+14	7.47e-15	5.79e-07	3.61e-02	9.61e-01	3.12e-03	0.00e+00	0.00e+00	0.00e+00	0.00e+00	4.17e-15	2.48e-15	8.24e-16
 2.69529e+14	9.49e-15	6.79e-07	3.90e-02	9.58e-01	2.87e-03	0.00e+00	0.00e+00	0.00e+00	0.00e+00	5.30e-15	3.15e-15	1.05e-15
 2.80340e+14	1.21e-14	7.97e-07	4.22e-02	9.55e-01	2.63e-03	0.00e+00	0.00e+00	0.00e+00	0.00e+00	6.73e-15	4.00e-15	1.33e-15
 2.91583e+14	1.53e-14	9.33e-07	4.57e-02	9.52e-01	2.42e-03	0.00e+00	0.00e+00	0.00e+00	0.00e+00	8.54e-15	5.08e-15	1.69e-15
 3.03277e+14	1.95e-14	1.10e-06	4.95e-02	9.48e-01	2.22e-03	0.00e+00	0.00e+00	0.00e+00	0.00e+00	1.09e-14	6.46e-15	2.15e-15
 3.15438e+14	2.47e-14	1.29e-06	5.35e-02	9.44e-01	2.03e-03	0.00e+00	0.00e+00	0.00e+00	0.00e+00	1.38e-14	8.21e-15	2.73e-15
 3.28085e+14	3.14e-14	1.51e-06	5.79e-02	9.40e-01	1.86e-03	0.00e+00	0.00e+00	0.00e+00	0.00e+00	1.75e-14	1.04e-14	3.47e-15
 3.41238e+14	4.00e-14	1.77e-06	6.27e-02	9.36e-01	1.70e-03	0.00e+00	0.00e+00	0.00e+00	0.00e+00	2.23e-14	1.33e-14	4.42e-15
 3.54918e+14	5.09e-14	2.08e-06	6.78e-02	9.31e-01	1.56e-03	0.00e+00	0.00e+00	0.00e+00	0.00e+00	2.84e-14	1.69e-14	5.62e-15
 3.69144e+14	6.48e-14	2.44e-06	7.34e-02	9.25e-01	1.42e-03	0.00e+00	0.00e+00	0.00e+00	0.00e+00	3.62e-14	2.15e-14	7.15e-15
 3.83940e+14	8.25e-14	2.87e-06	7.95e-02	9.19e-01	1.30e-03	0.00e+00	0.00e+00	0.00e+00	0.00e+00	4.60e-14	2.74e-14	9.11e-15
 3.99328e+14	1.05e-13	3.38e-06	8.61e-02	9.13e-01	1.18e-03	0.00e+00	0.00e+00	0.00e+00	0.00e+00	5.87e-14	3.49e-14	1.16e-14
 4.15331e+14	1.34e-13	3.97e-06	9.32e-02	9.06e-01	1.08e-03	0.00e+00	0.00e+00	0.00e+00	0.00e+00	7.47e-14	4.44e-14	1.48e-14
 4.31974e+14	1.71e-13	4.67e-06	1.01e-01	8.98e-01	9.80e-04	0.00e+00	0.00e+00	0.00e+00	0.00e+00	9.53e-14	5.67e-14	1.89e-14
 4.49283e+14	2.17e-13	5.48e-06	1.09e-01	8.90e-01	8.90e-04	0.00e+00	0.00e+00	0.00e+00	0.00e+00	1.21e-13	7.21e-14	2.40e-14
 4.67284e+14	2.78e-13	6.47e-06	1.19e-01	8.81e-01	8.06e-04	0.00e+00	0.00e+00	0.00e+00	0.00e+00	1.55e-13	9.23e-14	3.07e-14
 4.86005e+14	3.55e-13	7.61e-06	1.29e-01	8.71e-01	7.29e-04	0.00e+00	0.00e+00	0.00e+00	0.00e+00	1.98e-13	1.18e-13	3.92e-14
 5.05475e+14	4.54e-13	8.98e-06	1.40e-01	8.60e-01	6.58e-04	0.00e+00	0.00e+00	0.00e+00	0.00e+00	2.54e-13	1.51e-13	5.02e-14
 5.25724e+14	5.82e-13	1.06e-05	1.52e-01	8.48e-01	5.92e-04	0.00e+00	0.00e+00	0.00e+00	0.00e+00	3.25e-13	1.93e-13	6.43e-14
 5.46783e+14	7.45e-13	1.25e-05	1.65e-01	8.35e-01	5.32e-04	0.00e+00	0.00e+00	0.00e+00	0.00e+00	4.16e-13	2.47e-13	8.22e-14
 5.68685e+14	9.56e-13	1.48e-05	1.79e-01	8.20e-01	4.76e-04	0.00e+00	0.00e+00	0.00e+00	0.00e+00	5.34e-13	3.17e-13	1.06e-13
 5.91462e+14	1.23e-12	1.75e-05	1.95e-01	8.05e-01	4.25e-04	0.00e+00	0.00e+00	0.00e+00	0.00e+00	6.84e-13	4.07e-13	1.35e-13
 6.15150e+14	1.58e-12	2.08e-05	2.12e-01	7.87e-01	3.77e-04	0.00e+00	0.00e+00	0.00e+00	0.00e+00	8.83e-13	5.25e-13	1.75e-13
 6.39786e+14	2.04e-12	2.47e-05	2.32e-01	7.68e-01	3.33e-04	0.00e+00	0.00e+00	0.00e+00	0.00e+00	1.14e-12	6.76e-13	2.25e-13
 6.65408e+14	2.63e-12	2.94e-05	2.53e-01	7.47e-01	2.93e-04	0.00e+00	0.00e+00	0.00e+00	0.00e+00	1.47e-12	8.73e-13	2.91e-13
 6.92054e+14	3.41e-12	3.51e-05	2.77e-01	7.23e-01	2.56e-04	0.00e+00	0.00e+00	0.00e+00	0.00e+00	1.90e-12	1.13e-12	3.76e-13
 7.19766e+14	4.42e-12	4.20e-05	3.04e-01	6.96e-01	2.21e-04	0.00e+00	0.00e+00	0.00e+00	0.00e+00	2.47e-12	1.46e-12	4.87e-13
 7.48586e+14	5.72e-12	5.02e-05	3.33e-01	6.66e-01	1.90e-04	0.00e+00	0.00e+00	0.00e+00	0.00e+00	3.20e-12	1.90e-12	6.32e-13
 7.78560e+14	7.44e-12	6.03e-05	3.67e-01	6.33e-01	1.61e-04	0.00e+00	0.00e+00	0.00e+00	0.00e+00	4.16e-12	2.47e-12	8.21e-13
 8.09732e+14	9.71e-12	7.26e-05	4.04e-01	5.95e-01	1.34e-04	0.00e+00	0.00e+00	0.00e+00	0.00e+00	5.42e-12	3.22e-12	1.07e-12
 8.42151e+14	1.27e-11	8.77e-05	4.47e-01	5.53e-01	1.10e-04	0.00e+00	0.00e+00	0.00e+00	0.00e+00	7.09e-12	4.21e-12	1.40e-12
 8.74550e+14	1.65e-11	1.05e-04	4.93e-01	5.07e-01	8.86e-05	0.00e+00	0.00e+00	0.00e+00	0.00e+00	9.19e-12	5.45e-12	1.82e-12
 9.05395e+14	2.09e-11	1.25e-04	5.39e-01	4.60e-01	7.09e-05	0.00e+00	0.00e+00	0.00e+00	0.00e+00	1.17e-11	6.92e-12	2.30e-12
 9.34943e+14	2.60e-11	1.46e-04	5.87e-01	4.13e-01	5.61e-05	0.00e+00	0.00e+00	0.00e+00	0.00e+00	1.45e-11	8.62e-12	2.87e-12
 9.68462e+14	3.32e-11	1.74e-04	6.44e-01	3.55e-01	4.16e-05	0.00e+00	0.00e+00	0.00e+00	0.00e+00	1.85e-11	1.10e-11	3.66e-12
 1.00361e+15	4.20e-11	2.06e-04	7.05e-01	2.95e-01	2.94e-05	0.00e+00	0.00e+00	0.00e+00	0.00e+00	2.35e-11	1.39e-11	4.64e-12
 1.03341e+15	5.08e-11	2.36e-04	7.56e-01	2.44e-01	2.10e-05	0.00e+00	0.00e+00	0.00e+00	0.00e+00	2.84e-11	1.68e-11	5.60e-12
 1.06470e+15	6.13e-11	2.70e-04	8.07e-01	1.92e-01	1.39e-05	0.00e+00	0.00e+00	0.00e+00	0.00e+00	3.43e-11	2.03e-11	6.76e-12
 1.10405e+15	7.60e-11	3.13e-04	8.64e-01	1.35e-01	7.82e-06	0.00e+00	0.00e+00	0.00e+00	0.00e+00	4.25e-11	2.51e-11	8.38e-12
 1.14601e+15	9.33e-11	3.59e-04	9.12e-01	8.74e-02	3.90e-06	0.00e+00	0.00e+00	0.00e+00	0.00e+00	5.21e-11	3.08e-11	1.03e-11
 1.18965e+15	1.13e-10	4.04e-04	9.47e-01	5.21e-02	1.74e-06	0.00e+00	0.00e+00	0.00e+00	0.00e+00	6.30e-11	3.72e-11	1.24e-11
 1.23727e+15	1.35e-10	4.50e-04	9.71e-01	2.87e-02	6.90e-07	0.00e+00	0.00e+00	0.00e+00	0.00e+00	7.57e-11	4.47e-11	1.49e-11
 1.28679e+15	1.61e-10	4.94e-04	9.84e-01	1.54e-02	0.00e+00	0.00e+00	0.00e+00	0.00e+00	0.00e+00	9.00e-11	5.31e-11	1.77e-11
 1.33829e+15	1.90e-10	5.39e-04	9.91e-01	8.32e-03	0.00e+00	0.00e+00	0.00e+00	0.00e+00	0.00e+00	1.06e-10	6.27e-11	2.09e-11
 1.39185e+15	2.23e-10	5.86e-04	9.95e-01	4.69e-03	0.00e+00	0.00e+00	0.00e+00	0.00e+00	0.00e+00	1.25e-10	7.36e-11	2.46e-11
 1.44756e+15	2.62e-10	6.36e-04	9.97e-01	2.85e-03	0.00e+00	0.00e+00	0.00e+00	0.00e+00	0.00e+00	1.47e-10	8.64e-11	2.88e-11
 1.50549e+15	3.07e-10	6.89e-04	9.97e-01	1.91e-03	0.00e+00	0.00e+00	0.00e+00	0.00e+00	0.00e+00	1.72e-10	1.01e-10	3.38e-11
 1.56574e+15	3.60e-10	7.45e-04	9.98e-01	1.42e-03	0.00e+00	0.00e+00	0.00e+00	0.00e+00	0.00e+00	2.02e-10	1.19e-10	3.96e-11
 1.62840e+15	4.22e-10	8.06e-04	9.98e-01	1.14e-03	0.00e+00	0.00e+00	0.00e+00	0.00e+00	0.00e+00	2.36e-10	1.39e-10	4.64e-11
 1.69356e+15	4.93e-10	8.72e-04	9.98e-01	9.73e-04	0.00e+00	0.00e+00	0.00e+00	0.00e+00	0.00e+00	2.77e-10	1.62e-10	5.42e-11
 1.76134e+15	5.76e-10	9.42e-04	9.98e-01	8.62e-04	0.00e+00	0.00e+00	0.00e+00	0.00e+00	0.00e+00	3.24e-10	1.89e-10	6.33e-11
 1.83182e+15	6.73e-10	1.02e-03	9.98e-01	7.75e-04	0.00e+00	0.00e+00	0.00e+00	0.00e+00	0.00e+00	3.79e-10	2.21e-10	7.40e-11
 1.90512e+15	7.88e-10	1.10e-03	9.98e-01	7.03e-04	0.00e+00	0.00e+00	0.00e+00	0.00e+00	0.00e+00	4.43e-10	2.58e-10	8.65e-11
 1.98136e+15	9.24e-10	1.19e-03	9.98e-01	6.39e-04	0.00e+00	0.00e+00	0.00e+00	0.00e+00	0.00e+00	5.20e-10	3.02e-10	1.01e-10
 2.06064e+15	1.08e-09	1.29e-03	9.98e-01	5.89e-04	0.00e+00	0.00e+00	0.00e+00	0.00e+00	0.00e+00	6.08e-10	3.53e-10	1.18e-10
 2.14310e+15	1.26e-09	1.39e-03	9.98e-01	5.39e-04	0.00e+00	0.00e+00	0.00e+00	0.00e+00	0.00e+00	7.12e-10	4.12e-10	1.38e-10
 2.22885e+15	1.48e-09	1.51e-03	9.98e-01	4.91e-04	0.00e+00	0.00e+00	0.00e+00	0.00e+00	0.00e+00	8.36e-10	4.83e-10	1.62e-10
 2.31803e+15	1.73e-09	1.63e-03	9.98e-01	4.52e-04	0.00e+00	0.00e+00	0.00e+00	0.00e+00	0.00e+00	9.78e-10	5.63e-10	1.89e-10
 2.41078e+15	2.02e-09	1.76e-03	9.98e-01	4.16e-04	0.00e+00	0.00e+00	0.00e+00	0.00e+00	0.00e+00	1.14e-09	6.57e-10	2.21e-10
 2.50725e+15	2.37e-09	1.90e-03	9.98e-01	3.82e-04	0.00e+00	0.00e+00	0.00e+00	0.00e+00	0.00e+00	1.34e-09	7.66e-10	2.58e-10
 2.60757e+15	2.78e-09	2.06e-03	9.98e-01	3.49e-04	0.00e+00	0.00e+00	0.00e+00	0.00e+00	0.00e+00	1.57e-09	8.98e-10	3.03e-10
 2.71190e+15	3.24e-09	2.23e-03	9.97e-01	3.22e-04	0.00e+00	0.00e+00	0.00e+00	0.00e+00	0.00e+00	1.84e-09	1.05e-09	3.53e-10
 2.82040e+15	3.79e-09	2.41e-03	9.97e-01	2.94e-04	0.00e+00	0.00e+00	0.00e+00	0.00e+00	0.00e+00	2.16e-09	1.22e-09	4.13e-10
 2.93325e+15	4.45e-09	2.61e-03	9.97e-01	2.69e-04	0.00e+00	0.00e+00	0.00e+00	0.00e+00	0.00e+00	2.54e-09	1.43e-09	4.84e-10
 3.05061e+15	5.20e-09	2.82e-03	9.97e-01	2.48e-04	0.00e+00	0.00e+00	0.00e+00	0.00e+00	0.00e+00	2.97e-09	1.67e-09	5.65e-10
 3.17266e+15	6.09e-09	3.05e-03	9.97e-01	2.26e-04	0.00e+00	0.00e+00	0.00e+00	0.00e+00	0.00e+00	3.48e-09	1.95e-09	6.61e-10
 3.29960e+15	7.16e-09	3.30e-03	9.96e-01	2.06e-04	0.00e+00	0.00e+00	0.00e+00	0.00e+00	0.00e+00	4.10e-09	2.28e-09	7.76e-10
 3.43161e+15	8.36e-09	3.56e-03	9.96e-01	1.88e-04	0.00e+00	0.00e+00	0.00e+00	0.00e+00	0.00e+00	4.79e-09	2.66e-09	9.05e-10
 3.56891e+15	9.84e-09	3.86e-03	9.96e-01	1.72e-04	0.00e+00	0.00e+00	0.00e+00	0.00e+00	0.00e+00	5.65e-09	3.12e-09	1.06e-09
 3.71170e+15	1.15e-08	4.18e-03	9.96e-01	1.56e-04	0.00e+00	0.00e+00	0.00e+00	0.00e+00	0.00e+00	6.59e-09	3.62e-09	1.24e-09
 3.86019e+15	1.34e-08	4.53e-03	9.95e-01	1.43e-04	0.00e+00	0.00e+00	0.00e+00	0.00e+00	0.00e+00	7.73e-09	4.24e-09	1.45e-09
 4.01463e+15	1.57e-08	4.90e-03	9.95e-01	1.30e-04	0.00e+00	0.00e+00	0.00e+00	0.00e+00	0.00e+00	9.08e-09	4.96e-09	1.70e-09
 4.17525e+15	1.85e-08	5.31e-03	9.95e-01	1.18e-04	0.00e+00	0.00e+00	0.00e+00	0.00e+00	0.00e+00	1.07e-08	5.82e-09	1.99e-09
 4.34229e+15	2.17e-08	5.74e-03	9.94e-01	1.08e-04	0.00e+00	0.00e+00	0.00e+00	0.00e+00	0.00e+00	1.25e-08	6.80e-09	2.33e-09
 4.51601e+15	2.54e-08	6.22e-03	9.94e-01	9.83e-05	0.00e+00	0.00e+00	0.00e+00	0.00e+00	0.00e+00	1.47e-08	7.97e-09	2.74e-09
 4.69668e+15	2.99e-08	6.73e-03	9.93e-01	8.94e-05	0.00e+00	0.00e+00	0.00e+00	0.00e+00	0.00e+00	1.73e-08	9.35e-09	3.21e-09
 4.88457e+15	3.50e-08	7.29e-03	9.93e-01	8.13e-05	0.00e+00	0.00e+00	0.00e+00	0.00e+00	0.00e+00	2.03e-08	1.10e-08	3.77e-09
 5.07999e+15	4.12e-08	7.89e-03	9.92e-01	7.39e-05	0.00e+00	0.00e+00	0.00e+00	0.00e+00	0.00e+00	2.38e-08	1.29e-08	4.43e-09
 5.28322e+15	4.84e-08	8.55e-03	9.91e-01	6.71e-05	0.00e+00	0.00e+00	0.00e+00	0.00e+00	0.00e+00	2.80e-08	1.51e-08	5.20e-09
 5.49458e+15	5.67e-08	9.25e-03	9.91e-01	6.10e-05	0.00e+00	0.00e+00	0.00e+00	0.00e+00	0.00e+00	3.29e-08	1.77e-08	6.10e-09
 5.71439e+15	6.67e-08	1.00e-02	9.90e-01	5.54e-05	0.00e+00	0.00e+00	0.00e+00	0.00e+00	0.00e+00	3.87e-08	2.08e-08	7.16e-09
 5.94299e+15	7.84e-08	1.09e-02	9.89e-01	5.02e-05	0.00e+00	0.00e+00	0.00e+00	0.00e+00	0.00e+00	4.55e-08	2.44e-08	8.42e-09
 6.18074e+15	9.20e-08	1.17e-02	9.88e-01	4.57e-05	0.00e+00	0.00e+00	0.00e+00	0.00e+00	0.00e+00	5.34e-08	2.87e-08	9.88e-09
 6.42800e+15	1.12e-07	1.27e-02	9.87e-01	4.15e-05	0.00e+00	0.00e+00	0.00e+00	0.00e+00	0.00e+00	6.51e-08	3.50e-08	1.21e-08
 6.62520e+15	1.27e-07	1.35e-02	9.86e-01	3.86e-05	0.00e+00	0.00e+00	0.00e+00	0.00e+00	0.00e+00	7.37e-08	3.95e-08	1.36e-08
 6.78882e+15	1.35e-07	1.42e-02	9.86e-01	3.63e-05	0.00e+00	0.00e+00	0.00e+00	0.00e+00	0.00e+00	7.84e-08	4.21e-08	1.45e-08
 7.00152e+15	1.55e-07	1.52e-02	9.85e-01	3.30e-05	0.00e+00	0.00e+00	0.00e+00	0.00e+00	0.00e+00	8.98e-08	4.82e-08	1.66e-08
 7.26420e+15	1.81e-07	1.64e-02	9.84e-01	3.00e-05	0.00e+00	0.00e+00	0.00e+00	0.00e+00	0.00e+00	1.05e-07	5.63e-08	1.94e-08
 7.55480e+15	2.14e-07	1.78e-02	9.82e-01	2.68e-05	0.00e+00	0.00e+00	0.00e+00	0.00e+00	0.00e+00	1.24e-07	6.67e-08	2.30e-08
 7.85702e+15	2.61e-07	1.92e-02	9.81e-01	2.46e-05	0.00e+00	0.00e+00	0.00e+00	0.00e+00	0.00e+00	1.51e-07	8.14e-08	2.81e-08
 8.10035e+15	2.84e-07	2.04e-02	9.80e-01	2.29e-05	0.00e+00	0.00e+00	0.00e+00	0.00e+00	0.00e+00	1.65e-07	8.87e-08	3.06e-08
 8.30564e+15	3.19e-07	2.16e-02	9.78e-01	2.09e-05	0.00e+00	0.00e+00	0.00e+00	0.00e+00	0.00e+00	1.85e-07	9.95e-08	3.43e-08
 8.57251e+15	3.67e-07	2.31e-02	9.77e-01	1.90e-05	0.00e+00	0.00e+00	0.00e+00	0.00e+00	0.00e+00	2.12e-07	1.15e-07	3.95e-08
 8.89784e+15	4.31e-07	2.50e-02	9.75e-01	1.71e-05	0.00e+00	0.00e+00	0.00e+00	0.00e+00	0.00e+00	2.49e-07	1.35e-07	4.64e-08
 9.25378e+15	5.07e-07	2.71e-02	9.73e-01	1.56e-05	0.00e+00	0.00e+00	0.00e+00	0.00e+00	0.00e+00	2.93e-07	1.59e-07	5.46e-08
 9.62396e+15	6.06e-07	2.95e-02	9.70e-01	1.36e-05	0.00e+00	0.00e+00	0.00e+00	0.00e+00	0.00e+00	3.50e-07	1.90e-07	6.52e-08
 1.00090e+16	7.21e-07	3.21e-02	9.68e-01	1.22e-05	0.00e+00	0.00e+00	0.00e+00	0.00e+00	0.00e+00	4.16e-07	2.26e-07	7.76e-08
 1.04093e+16	8.59e-07	3.50e-02	9.65e-01	1.09e-05	0.00e+00	0.00e+00	0.00e+00	0.00e+00	0.00e+00	4.95e-07	2.71e-07	9.25e-08
 1.08257e+16	1.06e-06	3.81e-02	9.62e-01	9.69e-06	0.00e+00	0.00e+00	0.00e+00	0.00e+00	0.00e+00	6.13e-07	3.36e-07	1.15e-07
 1.11612e+16	1.22e-06	4.07e-02	9.59e-01	8.85e-06	0.00e+00	0.00e+00	0.00e+00	0.00e+00	0.00e+00	7.02e-07	3.85e-07	1.31e-07
 1.14446e+16	1.37e-06	4.30e-02	9.57e-01	8.18e-06	0.00e+00	0.00e+00	0.00e+00	0.00e+00	0.00e+00	7.85e-07	4.32e-07	1.47e-07
 1.18130e+16	1.58e-06	4.61e-02	9.54e-01	7.39e-06	0.00e+00	0.00e+00	0.00e+00	0.00e+00	0.00e+00	9.07e-07	5.01e-07	1.70e-07
 1.22617e+16	1.88e-06	5.02e-02	9.50e-01	6.54e-06	0.00e+00	0.00e+00	0.00e+00	0.00e+00	0.00e+00	1.08e-06	5.96e-07	2.02e-07
 1.27522e+16	2.20e-06	5.48e-02	9.45e-01	5.73e-06	0.00e+00	0.00e+00	0.00e+00	0.00e+00	0.00e+00	1.26e-06	6.99e-07	2.37e-07
 1.30886e+16	2.50e-06	5.82e-02	9.42e-01	5.26e-06	0.00e+00	0.00e+00	0.00e+00	0.00e+00	0.00e+00	1.43e-06	7.98e-07	2.69e-07
 1.32874e+16	2.70e-06	6.03e-02	9.40e-01	4.95e-06	0.00e+00	0.00e+00	0.00e+00	0.00e+00	0.00e+00	1.54e-06	8.61e-07	2.91e-07
 1.35458e+16	2.98e-06	6.31e-02	9.37e-01	4.62e-06	0.00e+00	0.00e+00	0.00e+00	0.00e+00	0.00e+00	1.70e-06	9.50e-07	3.21e-07
 1.38817e+16	3.42e-06	6.70e-02	9.33e-01	4.22e-06	0.00e+00	0.00e+00	0.00e+00	0.00e+00	0.00e+00	1.95e-06	1.09e-06	3.68e-07
 1.43184e+16	3.96e-06	7.22e-02	9.28e-01	3.75e-06	0.00e+00	0.00e+00	0.00e+00	0.00e+00	0.00e+00	2.26e-06	1.27e-06	4.26e-07
 1.48565e+16	4.82e-06	7.92e-02	9.21e-01	3.24e-06	0.00e+00	0.00e+00	0.00e+00	0.00e+00	0.00e+00	2.75e-06	1.54e-06	5.19e-07
 1.54508e+16	5.95e-06	8.76e-02	9.12e-01	2.77e-06	0.00e+00	0.00e+00	0.00e+00	0.00e+00	0.00e+00	3.40e-06	1.90e-06	6.41e-07
 1.60689e+16	7.41e-06	9.72e-02	9.03e-01	2.36e-06	0.00e+00	0.00e+00	0.00e+00	0.00e+00	0.00e+00	4.23e-06	2.37e-06	7.99e-07
 1.67116e+16	9.31e-06	1.08e-01	8.92e-01	1.98e-06	0.00e+00	0.00e+00	0.00e+00	0.00e+00	0.00e+00	5.31e-06	2.97e-06	1.00e-06
 1.73607e+16	1.17e-05	1.21e-01	8.79e-01	1.66e-06	0.00e+00	0.00e+00	0.00e+00	0.00e+00	0.00e+00	6.69e-06	3.74e-06	1.27e-06
 1.80013e+16	1.47e-05	1.35e-01	8.65e-01	1.38e-06	0.00e+00	0.00e+00	0.00e+00	0.00e+00	0.00e+00	8.41e-06	4.69e-06	1.59e-06
 1.86869e+16	1.90e-05	1.52e-01	8.48e-01	1.14e-06	0.00e+00	0.00e+00	0.00e+00	0.00e+00	0.00e+00	1.08e-05	6.04e-06	2.06e-06
 1.93712e+16	2.45e-05	1.72e-01	8.28e-01	9.27e-07	0.00e+00	0.00e+00	0.00e+00	0.00e+00	0.00e+00	1.40e-05	7.80e-06	2.67e-06
 1.99488e+16	3.06e-05	1.91e-01	8.09e-01	0.00e+00	0.00e+00	0.00e+00	0.00e+00	0.00e+00	0.00e+00	1.75e-05	9.72e-06	3.34e-06
 2.04630e+16	3.76e-05	2.11e-01	7.89e-01	0.00e+00	0.00e+00	0.00e+00	0.00e+00	0.00e+00	0.00e+00	2.15e-05	1.19e-05	4.11e-06
 2.10487e+16	4.80e-05	2.36e-01	7.63e-01	0.00e+00	0.00e+00	0.00e+00	0.00e+00	0.00e+00	0.00e+00	2.75e-05	1.52e-05	5.25e-06
 2.16416e+16	6.19e-05	2.67e-01	7.33e-01	0.00e+00	0.00e+00	0.00e+00	0.00e+00	0.00e+00	0.00e+00	3.54e-05	1.96e-05	6.78e-06
 2.21034e+16	7.61e-05	2.95e-01	7.05e-01	0.00e+00	0.00e+00	0.00e+00	0.00e+00	0.00e+00	0.00e+00	4.36e-05	2.40e-05	8.35e-06
 2.24994e+16	9.14e-05	3.22e-01	6.78e-01	0.00e+00	0.00e+00	0.00e+00	0.00e+00	0.00e+00	0.00e+00	5.24e-05	2.88e-05	1.00e-05
 2.29499e+16	1.14e-04	3.57e-01	6.43e-01	0.00e+00	0.00e+00	0.00e+00	0.00e+00	0.00e+00	0.00e+00	6.53e-05	3.58e-05	1.25e-05
 2.34401e+16	1.46e-04	4.01e-01	5.99e-01	0.00e+00	0.00e+00	0.00e+00	0.00e+00	0.00e+00	0.00e+00	8.37e-05	4.58e-05	1.60e-05
 2.38460e+16	1.81e-04	4.43e-01	5.57e-01	0.00e+00	0.00e+00	0.00e+00	0.00e+00	0.00e+00	0.00e+00	1.04e-04	5.66e-05	1.98e-05
 2.41599e+16	2.14e-04	4.80e-01	5.20e-01	0.00e+00	0.00e+00	0.00e+00	0.00e+00	0.00e+00	0.00e+00	1.23e-04	6.71e-05	2.35e-05
 2.44901e+16	2.58e-04	5.21e-01	4.79e-01	0.00e+00	0.00e+00	0.00e+00	0.00e+00	0.00e+00	0.00e+00	1.49e-04	8.08e-05	2.83e-05
 2.48507e+16	3.19e-04	5.70e-01	4.29e-01	0.00e+00	0.00e+00	0.00e+00	0.00e+00	0.00e+00	0.00e+00	1.84e-04	9.96e-05	3.49e-05
 2.51647e+16	3.86e-04	6.18e-01	3.81e-01	0.00e+00	0.00e+00	0.00e+00	0.00e+00	0.00e+00	0.00e+00	2.22e-04	1.20e-04	4.22e-05
 2.54287e+16	4.55e-04	6.61e-01	3.38e-01	0.00e+00	0.00e+00	0.00e+00	0.00e+00	0.00e+00	0.00e+00	2.62e-04	1.42e-04	4.97e-05
 2.56646e+16	5.28e-04	7.01e-01	2.99e-01	0.00e+00	0.00e+00	0.00e+00	0.00e+00	0.00e+00	0.00e+00	3.05e-04	1.64e-04	5.76e-05
 2.58831e+16	6.10e-04	7.38e-01	2.61e-01	0.00e+00	0.00e+00	0.00e+00	0.00e+00	0.00e+00	0.00e+00	3.52e-04	1.90e-04	6.65e-05
 2.60786e+16	6.95e-04	7.73e-01	2.26e-01	0.00e+00	0.00e+00	0.00e+00	0.00e+00	0.00e+00	0.00e+00	4.02e-04	2.16e-04	7.56e-05
 2.62495e+16	7.81e-04	8.03e-01	1.96e-01	0.00e+00	0.00e+00	0.00e+00	0.00e+00	0.00e+00	0.00e+00	4.52e-04	2.42e-04	8.48e-05
 2.64103e+16	8.75e-04	8.31e-01	1.68e-01	0.00e+00	0.00e+00	0.00e+00	0.00e+00	0.00e+00	0.00e+00	5.06e-04	2.71e-04	9.48e-05
 2.65627e+16	9.77e-04	8.58e-01	1.41e-01	0.00e+00	0.00e+00	0.00e+00	0.00e+00	0.00e+00	0.00e+00	5.66e-04	3.03e-04	1.06e-04
 2.67016e+16	1.08e-03	8.82e-01	1.17e-01	0.00e+00	0.00e+00	0.00e+00	0.00e+00	0.00e+00	0.00e+00	6.27e-04	3.35e-04	1.17e-04
 2.68097e+16	1.17e-03	9.01e-01	9.77e-02	0.00e+00	0.00e+00	0.00e+00	0.00e+00	0.00e+00	0.00e+00	6.81e-04	3.64e-04	1.27e-04
 2.68830e+16	1.24e-03	9.14e-01	8.49e-02	0.00e+00	0.00e+00	0.00e+00	0.00e+00	0.00e+00	0.00e+00	7.20e-04	3.84e-04	1.34e-04
 2.69417e+16	1.30e-03	9.24e-01	7.48e-02	0.00e+00	0.00e+00	0.00e+00	0.00e+00	0.00e+00	0.00e+00	7.55e-04	4.03e-04	1.40e-04
 2.70064e+16	1.37e-03	9.35e-01	6.39e-02	0.00e+00	0.00e+00	0.00e+00	0.00e+00	0.00e+00	0.00e+00	7.97e-04	4.25e-04	1.48e-04
 2.70719e+16	1.45e-03	9.46e-01	5.28e-02	0.00e+00	0.00e+00	0.00e+00	0.00e+00	0.00e+00	0.00e+00	8.40e-04	4.48e-04	1.55e-04
 2.71205e+16	1.51e-03	9.54e-01	4.44e-02	0.00e+00	0.00e+00	0.00e+00	0.00e+00	0.00e+00	0.00e+00	8.75e-04	4.66e-04	1.62e-04
 2.71553e+16	1.55e-03	9.60e-01	3.84e-02	0.00e+00	0.00e+00	0.00e+00	0.00e+00	0.00e+00	0.00e+00	9.01e-04	4.80e-04	1.66e-04
 2.71849e+16	1.59e-03	9.65e-01	3.34e-02	0.00e+00	0.00e+00	0.00e+00	0.00e+00	0.00e+00	0.00e+00	9.24e-04	4.92e-04	1.71e-04
 2.72138e+16	1.63e-03	9.70e-01	2.84e-02	0.00e+00	0.00e+00	0.00e+00	0.00e+00	0.00e+00	0.00e+00	9.47e-04	5.04e-04	1.75e-04
 2.72412e+16	1.67e-03	9.75e-01	2.38e-02	0.00e+00	0.00e+00	0.00e+00	0.00e+00	0.00e+00	0.00e+00	9.70e-04	5.16e-04	1.79e-04
 2.72651e+16	1.70e-03	9.78e-01	1.98e-02	0.00e+00	0.00e+00	0.00e+00	0.00e+00	0.00e+00	0.00e+00	9.90e-04	5.27e-04	1.83e-04
 2.72852e+16	1.73e-03	9.82e-01	1.65e-02	0.00e+00	0.00e+00	0.00e+00	0.00e+00	0.00e+00	0.00e+00	1.01e-03	5.36e-04	1.86e-04
 2.73026e+16	1.76e-03	9.85e-01	1.37e-02	0.00e+00	0.00e+00	0.00e+00	0.00e+00	0.00e+00	0.00e+00	1.02e-03	5.43e-04	1.88e-04
 2.73184e+16	1.78e-03	9.87e-01	1.13e-02	0.00e+00	0.00e+00	0.00e+00	0.00e+00	0.00e+00	0.00e+00	1.03e-03	5.50e-04	1.91e-04
 2.73330e+16	1.80e-03	9.89e-01	9.12e-03	0.00e+00	0.00e+00	0.00e+00	0.00e+00	0.00e+00	0.00e+00	1.05e-03	5.57e-04	1.93e-04
 2.73463e+16	1.82e-03	9.91e-01	7.30e-03	0.00e+00	0.00e+00	0.00e+00	0.00e+00	0.00e+00	0.00e+00	1.06e-03	5.62e-04	1.95e-04
 2.73584e+16	1.83e-03	9.92e-01	5.78e-03	0.00e+00	0.00e+00	0.00e+00	0.00e+00	0.00e+00	0.00e+00	1.07e-03	5.67e-04	1.96e-04
 2.73696e+16	1.84e-03	9.94e-01	4.53e-03	0.00e+00	0.00e+00	0.00e+00	0.00e+00	0.00e+00	0.00e+00	1.07e-03	5.70e-04	1.97e-04
 2.73803e+16	1.86e-03	9.95e-01	3.49e-03	0.00e+00	0.00e+00	0.00e+00	0.00e+00	0.00e+00	0.00e+00	1.08e-03	5.74e-04	1.99e-04
 2.73908e+16	1.87e-03	9.96e-01	2.63e-03	0.00e+00	0.00e+00	0.00e+00	0.00e+00	0.00e+00	0.00e+00	1.08e-03	5.77e-04	2.00e-04
 2.74027e+16	1.88e-03	9.96e-01	1.85e-03	0.00e+00	0.00e+00	0.00e+00	0.00e+00	0.00e+00	0.00e+00	1.09e-03	5.81e-04	2.01e-04
 2.74157e+16	1.89e-03	9.97e-01	1.22e-03	0.00e+00	0.00e+00	0.00e+00	0.00e+00	0.00e+00	0.00e+00	1.10e-03	5.85e-04	2.02e-04
 2.74301e+16	1.91e-03	9.97e-01	7.59e-04	0.00e+00	0.00e+00	0.00e+00	0.00e+00	0.00e+00	0.00e+00	1.11e-03	5.89e-04	2.04e-04
 2.74488e+16	1.92e-03	9.98e-01	4.06e-04	0.00e+00	0.00e+00	0.00e+00	0.00e+00	0.00e+00	0.00e+00	1.12e-03	5.95e-04	2.06e-04
 2.74732e+16	1.95e-03	9.98e-01	1.81e-04	0.00e+00	0.00e+00	0.00e+00	0.00e+00	0.00e+00	0.00e+00	1.14e-03	6.04e-04	2.09e-04
 2.75048e+16	2.00e-03	9.98e-01	6.54e-05	0.00e+00	0.00e+00	0.00e+00	0.00e+00	0.00e+00	0.00e+00	1.16e-03	6.17e-04	2.13e-04
 2.75460e+16	2.06e-03	9.98e-01	1.83e-05	0.00e+00	0.00e+00	0.00e+00	0.00e+00	0.00e+00	0.00e+00	1.20e-03	6.36e-04	2.20e-04
 2.75995e+16	2.15e-03	9.98e-01	3.80e-06	0.00e+00	0.00e+00	0.00e+00	0.00e+00	0.00e+00	0.00e+00	1.25e-03	6.64e-04	2.29e-04
 2.76690e+16	2.27e-03	9.98e-01	5.65e-07	0.00e+00	0.00e+00	0.00e+00	0.00e+00	0.00e+00	0.00e+00	1.32e-03	7.03e-04	2.43e-04
 2.77595e+16	2.45e-03	9.98e-01	5.81e-08	0.00e+00	0.00e+00	0.00e+00	0.00e+00	0.00e+00	0.00e+00	1.43e-03	7.59e-04	2.62e-04
 2.78770e+16	2.73e-03	9.97e-01	3.95e-09	0.00e+00	0.00e+00	0.00e+00	0.00e+00	0.00e+00	0.00e+00	1.59e-03	8.43e-04	2.90e-04
 2.80298e+16	3.16e-03	9.97e-01	1.63e-10	0.00e+00	0.00e+00	0.00e+00	0.00e+00	0.00e+00	0.00e+00	1.84e-03	9.77e-04	3.36e-04
 2.81894e+16	3.74e-03	9.96e-01	5.33e-12	0.00e+00	0.00e+00	0.00e+00	0.00e+00	0.00e+00	0.00e+00	2.17e-03	1.15e-03	3.96e-04
 2.83158e+16	4.34e-03	9.96e-01	3.85e-13	0.00e+00	0.00e+00	0.00e+00	0.00e+00	0.00e+00	0.00e+00	2.52e-03	1.34e-03	4.59e-04
 2.84125e+16	4.92e-03	9.95e-01	5.66e-14	0.00e+00	0.00e+00	0.00e+00	0.00e+00	0.00e+00	0.00e+00	2.87e-03	1.52e-03	5.21e-04
 2.84983e+16	5.58e-03	9.94e-01	1.09e-14	0.00e+00	0.00e+00	0.00e+00	0.00e+00	0.00e+00	0.00e+00	3.24e-03	1.72e-03	5.90e-04
 2.85827e+16	6.38e-03	9.94e-01	2.31e-15	0.00e+00	0.00e+00	0.00e+00	0.00e+00	0.00e+00	0.00e+00	3.71e-03	1.97e-03	6.74e-04
 2.86634e+16	7.34e-03	9.93e-01	6.75e-16	0.00e+00	0.00e+00	0.00e+00	0.00e+00	0.00e+00	0.00e+00	4.27e-03	2.27e-03	7.75e-04
 2.87358e+16	8.44e-03	9.92e-01	3.60e-16	0.00e+00	0.00e+00	0.00e+00	0.00e+00	0.00e+00	0.00e+00	4.91e-03	2.61e-03	8.92e-04
 2.87996e+16	9.69e-03	9.90e-01	2.94e-16	0.00e+00	0.00e+00	0.00e+00	0.00e+00	0.00e+00	0.00e+00	5.64e-03	2.99e-03	1.02e-03
 2.88576e+16	1.11e-02	9.89e-01	2.78e-16	0.00e+00	0.00e+00	0.00e+00	0.00e+00	0.00e+00	0.00e+00	6.48e-03	3.44e-03	1.17e-03
 2.89118e+16	1.29e-02	9.87e-01	2.69e-16	0.00e+00	0.00e+00	0.00e+00	0.00e+00	0.00e+00	0.00e+00	7.49e-03	3.97e-03	1.36e-03
 2.89627e+16	1.50e-02	9.85e-01	2.55e-16	0.00e+00	0.00e+00	0.00e+00	0.00e+00	0.00e+00	0.00e+00	8.72e-03	4.63e-03	1.58e-03
