#depth	He	He+	He+2
 1.49634e+10	7.23e-23	8.30e-12	1.00e+00
 4.54887e+10	8.08e-23	8.99e-12	1.00e+00
 7.72350e+10	8.98e-23	9.73e-12	1.00e+00
 1.10251e+11	9.98e-23	1.05e-11	1.00e+00
 1.44588e+11	1.11e-22	1.14e-11	1.00e+00
 1.80298e+11	1.24e-22	1.23e-11	1.00e+00
 2.17437e+11	1.38e-22	1.34e-11	1.00e+00
 2.56061e+11	1.54e-22	1.45e-11	1.00e+00
 2.96231e+11	1.72e-22	1.57e-11	1.00e+00
 3.38007e+11	1.93e-22	1.70e-11	1.00e+00
 3.81454e+11	2.16e-22	1.84e-11	1.00e+00
 4.26639e+11	2.42e-22	2.00e-11	1.00e+00
 4.73631e+11	2.72e-22	2.16e-11	1.00e+00
 5.18126e+11	3.03e-22	2.33e-11	1.00e+00
 5.58379e+11	3.33e-22	2.48e-11	1.00e+00
 6.03723e+11	3.69e-22	2.67e-11	1.00e+00
 6.56903e+11	4.16e-22	2.89e-11	1.00e+00
 7.09664e+11	4.67e-22	3.12e-11	1.00e+00
 7.59524e+11	5.18e-22	3.34e-11	1.00e+00
 8.14820e+11	5.80e-22	3.60e-11	1.00e+00
 8.77340e+11	6.59e-22	3.91e-11	1.00e+00
 9.39808e+11	7.44e-22	4.24e-11	1.00e+00
 1.00041e+12	8.35e-22	4.56e-11	1.00e+00
 1.06598e+12	9.41e-22	4.93e-11	1.00e+00
 1.13855e+12	1.07e-21	5.36e-11	1.00e+00
 1.21155e+12	1.22e-21	5.81e-11	1.00e+00
 1.28747e+12	1.39e-21	6.31e-11	1.00e+00
 1.36889e+12	1.58e-21	6.86e-11	1.00e+00
 1.45357e+12	1.81e-21	7.47e-11	1.00e+00
 1.54164e+12	2.08e-21	8.13e-11	1.00e+00
 1.63324e+12	2.38e-21	8.85e-11	1.00e+00
 1.72849e+12	2.73e-21	9.65e-11	1.00e+00
 1.82756e+12	3.13e-21	1.05e-10	1.00e+00
 1.93059e+12	3.60e-21	1.15e-10	1.00e+00
 2.03774e+12	4.14e-21	1.25e-10	1.00e+00
 2.14917e+12	4.76e-21	1.36e-10	1.00e+00
 2.26507e+12	5.47e-21	1.49e-10	1.00e+00
 2.37779e+12	6.25e-21	1.62e-10	1.00e+00
 2.48438e+12	7.05e-21	1.74e-10	1.00e+00
 2.60304e+12	8.01e-21	1.89e-10	1.00e+00
 2.73708e+12	9.24e-21	2.07e-10	1.00e+00
 2.86954e+12	1.06e-20	2.25e-10	1.00e+00
 3.00730e+12	1.21e-20	2.45e-10	1.00e+00
 3.15752e+12	1.39e-20	2.68e-10	1.00e+00
 3.30928e+12	1.60e-20	2.93e-10	1.00e+00
 3.46711e+12	1.83e-20	3.20e-10	1.00e+00
 3.63572e+12	2.11e-20	3.51e-10	1.00e+00
 3.81108e+12	2.43e-20	3.84e-10	1.00e+00
 3.99345e+12	2.80e-20	4.21e-10	1.00e+00
 4.18311e+12	3.22e-20	4.62e-10	1.00e+00
 4.35845e+12	3.65e-20	5.02e-10	1.00e+00
 4.51060e+12	4.05e-20	5.38e-10	1.00e+00
 4.67963e+12	4.52e-20	5.80e-10	1.00e+00
 4.88563e+12	5.16e-20	6.33e-10	1.00e+00
 5.09551e+12	5.88e-20	6.91e-10	1.00e+00
 5.28751e+12	6.60e-20	7.47e-10	1.00e+00
 5.50048e+12	7.46e-20	8.12e-10	1.00e+00
 5.74823e+12	8.59e-20	8.91e-10	1.00e+00
 5.99183e+12	9.80e-20	9.74e-10	1.00e+00
 6.22281e+12	1.10e-19	1.06e-09	1.00e+00
 6.47929e+12	1.25e-19	1.15e-09	1.00e+00
 6.76839e+12	1.44e-19	1.27e-09	1.00e+00
 7.05991e+12	1.65e-19	1.39e-09	1.00e+00
 7.36309e+12	1.88e-19	1.52e-09	1.00e+00
 7.68754e+12	2.16e-19	1.68e-09	1.00e+00
 8.02497e+12	2.48e-19	1.84e-09	1.00e+00
 8.37590e+12	2.85e-19	2.03e-09	1.00e+00
 8.74086e+12	3.28e-19	2.23e-09	1.00e+00
 9.12042e+12	3.78e-19	2.45e-09	1.00e+00
 9.51516e+12	4.36e-19	2.70e-09	1.00e+00
 9.91490e+12	5.03e-19	2.96e-09	1.00e+00
 1.03306e+13	5.80e-19	3.25e-09	1.00e+00
 1.07509e+13	6.68e-19	3.55e-09	1.00e+00
 1.11526e+13	7.62e-19	3.86e-09	1.00e+00
 1.15932e+13	8.77e-19	4.21e-09	1.00e+00
 1.20739e+13	1.02e-18	4.61e-09	1.00e+00
 1.25391e+13	1.18e-18	5.02e-09	1.00e+00
 1.29812e+13	1.34e-18	5.42e-09	1.00e+00
 1.34756e+13	1.55e-18	5.89e-09	1.00e+00
 1.40314e+13	1.81e-18	6.45e-09	1.00e+00
 1.45643e+13	2.10e-18	7.01e-09	1.00e+00
 1.51317e+13	2.44e-18	7.63e-09	1.00e+00
 1.57669e+13	2.87e-18	8.36e-09	1.00e+00
 1.64000e+13	3.37e-18	9.12e-09	1.00e+00
 1.69592e+13	3.86e-18	9.82e-09	1.00e+00
 1.74519e+13	4.33e-18	1.05e-08	1.00e+00
 1.80105e+13	4.93e-18	1.12e-08	1.00e+00
 1.87077e+13	5.75e-18	1.22e-08	1.00e+00
 1.94215e+13	6.71e-18	1.32e-08	1.00e+00
 2.00503e+13	7.65e-18	1.41e-08	1.00e+00
 2.07324e+13	8.78e-18	1.52e-08	1.00e+00
 2.15552e+13	1.03e-17	1.65e-08	1.00e+00
 2.23820e+13	1.20e-17	1.79e-08	1.00e+00
 2.31369e+13	1.38e-17	1.92e-08	1.00e+00
 2.39775e+13	1.60e-17	2.07e-08	1.00e+00
 2.49567e+13	1.89e-17	2.26e-08	1.00e+00
 2.59286e+13	2.21e-17	2.45e-08	1.00e+00
 2.69394e+13	2.58e-17	2.65e-08	1.00e+00
 2.80469e+13	3.05e-17	2.89e-08	1.00e+00
 2.91707e+13	3.58e-17	3.13e-08	1.00e+00
 3.03394e+13	4.20e-17	3.40e-08	1.00e+00
 3.15829e+13	4.95e-17	3.70e-08	1.00e+00
 3.28279e+13	5.80e-17	4.01e-08	1.00e+00
 3.41228e+13	6.79e-17	4.34e-08	1.00e+00
 3.55176e+13	8.00e-17	4.71e-08	1.00e+00
 3.69682e+13	9.41e-17	5.12e-08	1.00e+00
 3.84769e+13	1.11e-16	5.56e-08	1.00e+00
 4.00459e+13	1.30e-16	6.03e-08	1.00e+00
 4.16777e+13	1.53e-16	6.55e-08	1.00e+00
 4.32022e+13	1.77e-16	7.05e-08	1.00e+00
 4.45590e+13	2.01e-16	7.51e-08	1.00e+00
 4.60865e+13	2.31e-16	8.05e-08	1.00e+00
 4.79038e+13	2.70e-16	8.72e-08	1.00e+00
 4.97521e+13	3.15e-16	9.42e-08	1.00e+00
 5.15273e+13	3.63e-16	1.01e-07	1.00e+00
 5.34714e+13	4.23e-16	1.09e-07	1.00e+00
 5.56402e+13	4.97e-16	1.18e-07	1.00e+00
 5.78457e+13	5.82e-16	1.28e-07	1.00e+00
 6.01395e+13	6.82e-16	1.39e-07	1.00e+00
 6.25750e+13	8.02e-16	1.51e-07	1.00e+00
 6.51080e+13	9.42e-16	1.63e-07	1.00e+00
 6.74713e+13	1.09e-15	1.76e-07	1.00e+00
 6.95526e+13	1.23e-15	1.87e-07	1.00e+00
 7.18739e+13	1.41e-15	2.00e-07	1.00e+00
 7.46647e+13	1.65e-15	2.16e-07	1.00e+00
 7.74681e+13	1.91e-15	2.33e-07	1.00e+00
 8.00373e+13	2.18e-15	2.49e-07	1.00e+00
 8.28997e+13	2.52e-15	2.68e-07	1.00e+00
 8.62229e+13	2.95e-15	2.90e-07	1.00e+00
 8.94701e+13	3.43e-15	3.13e-07	1.00e+00
 9.25256e+13	3.93e-15	3.35e-07	1.00e+00
 9.59349e+13	4.55e-15	3.60e-07	1.00e+00
 9.98023e+13	5.34e-15	3.91e-07	1.00e+00
 1.03653e+14	6.22e-15	4.22e-07	1.00e+00
 1.07659e+14	7.25e-15	4.55e-07	1.00e+00
 1.11995e+14	8.49e-15	4.93e-07	1.00e+00
 1.16504e+14	9.95e-15	5.34e-07	1.00e+00
 1.21195e+14	1.17e-14	5.79e-07	1.00e+00
 1.26072e+14	1.37e-14	6.27e-07	1.00e+00
 1.31026e+14	1.59e-14	6.77e-07	1.00e+00
 1.35788e+14	1.84e-14	7.28e-07	1.00e+00
 1.40859e+14	2.12e-14	7.83e-07	1.00e+00
 1.46523e+14	2.49e-14	8.48e-07	1.00e+00
 1.52137e+14	2.89e-14	9.14e-07	1.00e+00
 1.57975e+14	3.35e-14	9.86e-07	1.00e+00
 1.64324e+14	3.91e-14	1.07e-06	1.00e+00
 1.70705e+14	4.55e-14	1.15e-06	1.00e+00
 1.76571e+14	5.20e-14	1.23e-06	1.00e+00
 1.82834e+14	5.96e-14	1.32e-06	1.00e+00
 1.89900e+14	6.93e-14	1.42e-06	1.00e+00
 1.96687e+14	7.95e-14	1.53e-06	1.00e+00
 2.03962e+14	9.17e-14	1.64e-06	1.00e+00
 2.12150e+14	1.07e-13	1.78e-06	1.00e+00
 2.19743e+14	1.23e-13	1.91e-06	1.00e+00
 2.26354e+14	1.38e-13	2.02e-06	1.00e+00
 2.33697e+14	1.56e-13	2.15e-06	1.00e+00
 2.42619e+14	1.81e-13	2.32e-06	1.00e+00
 2.51630e+14	2.09e-13	2.50e-06	1.00e+00
 2.59778e+14	2.37e-13	2.66e-06	1.00e+00
 2.68768e+14	2.71e-13	2.85e-06	1.00e+00
 2.79342e+14	3.15e-13	3.08e-06	1.00e+00
 2.89738e+14	3.64e-13	3.32e-06	1.00e+00
 2.99354e+14	4.14e-13	3.55e-06	1.00e+00
 3.10162e+14	4.77e-13	3.82e-06	1.00e+00
 3.22598e+14	5.57e-13	4.13e-06	1.00e+00
 3.34789e+14	6.46e-13	4.46e-06	1.00e+00
 3.47466e+14	7.49e-13	4.82e-06	1.00e+00
 3.61395e+14	8.76e-13	5.23e-06	1.00e+00
 3.75424e+14	1.02e-12	5.66e-06	1.00e+00
 3.90014e+14	1.19e-12	6.13e-06	1.00e+00
 4.05645e+14	1.39e-12	6.65e-06	1.00e+00
 4.21901e+14	1.64e-12	7.23e-06	1.00e+00
 4.38807e+14	1.92e-12	7.86e-06	1.00e+00
 4.55061e+14	2.23e-12	8.49e-06	1.00e+00
 4.70149e+14	2.54e-12	9.10e-06	1.00e+00
 4.84445e+14	2.87e-12	9.71e-06	1.00e+00
 5.00188e+14	3.27e-12	1.04e-05	1.00e+00
 5.17721e+14	3.77e-12	1.12e-05	1.00e+00
 5.34188e+14	4.29e-12	1.20e-05	1.00e+00
 5.52198e+14	4.93e-12	1.29e-05	1.00e+00
 5.72387e+14	5.72e-12	1.39e-05	1.00e+00
 5.91588e+14	6.56e-12	1.50e-05	1.00e+00
 6.09804e+14	7.44e-12	1.60e-05	1.00e+00
 6.30561e+14	8.56e-12	1.73e-05	1.00e+00
 6.53728e+14	9.94e-12	1.87e-05	1.00e+00
 6.75449e+14	1.14e-11	2.01e-05	1.00e+00
 6.99104e+14	1.32e-11	2.17e-05	1.00e+00
 7.25315e+14	1.53e-11	2.35e-05	1.00e+00
 7.49641e+14	1.76e-11	2.53e-05	1.00e+00
 7.76059e+14	2.04e-11	2.74e-05	1.00e+00
 8.05524e+14	2.38e-11	2.97e-05	1.00e+00
 8.33179e+14	2.74e-11	3.21e-05	1.00e+00
 8.63241e+14	3.17e-11	3.47e-05	1.00e+00
 8.96701e+14	3.72e-11	3.78e-05	1.00e+00
 9.28218e+14	4.30e-11	4.08e-05	1.00e+00
 9.62097e+14	4.99e-11	4.42e-05	1.00e+00
 9.99789e+14	5.87e-11	4.82e-05	1.00e+00
 1.03616e+15	6.81e-11	5.23e-05	1.00e+00
 1.07481e+15	7.94e-11	5.67e-05	1.00e+00
 1.11784e+15	9.35e-11	6.20e-05	1.00e+00
 1.16089e+15	1.09e-10	6.74e-05	1.00e+00
 1.20568e+15	1.28e-10	7.34e-05	1.00e+00
 1.25393e+15	1.51e-10	8.01e-05	1.00e+00
 1.30412e+15	1.77e-10	8.74e-05	1.00e+00
 1.35512e+15	2.08e-10	9.52e-05	1.00e+00
 1.39903e+15	2.37e-10	1.02e-04	1.00e+00
 1.43438e+15	2.63e-10	1.08e-04	1.00e+00
 1.47316e+15	2.94e-10	1.15e-04	1.00e+00
 1.52358e+15	3.38e-10	1.24e-04	1.00e+00
 1.57757e+15	3.89e-10	1.33e-04	1.00e+00
 1.62573e+15	4.41e-10	1.42e-04	1.00e+00
 1.67788e+15	5.02e-10	1.53e-04	1.00e+00
 1.74151e+15	5.85e-10	1.66e-04	1.00e+00
 1.80545e+15	6.79e-10	1.79e-04	1.00e+00
 1.86226e+15	7.71e-10	1.92e-04	1.00e+00
 1.92443e+15	8.82e-10	2.06e-04	1.00e+00
 1.99878e+15	1.03e-09	2.24e-04	1.00e+00
 2.07236e+15	1.20e-09	2.42e-04	1.00e+00
 2.13879e+15	1.36e-09	2.59e-04	1.00e+00
 2.21251e+15	1.56e-09	2.79e-04	1.00e+00
 2.29927e+15	1.83e-09	3.03e-04	1.00e+00
 2.38485e+15	2.12e-09	3.28e-04	1.00e+00
 2.46433e+15	2.43e-09	3.52e-04	1.00e+00
 2.55341e+15	2.81e-09	3.80e-04	1.00e+00
 2.65558e+15	3.30e-09	4.13e-04	1.00e+00
 2.75601e+15	3.83e-09	4.47e-04	1.00e+00
 2.86046e+15	4.46e-09	4.84e-04	1.00e+00
 2.97491e+15	5.23e-09	5.26e-04	9.99e-01
 3.09086e+15	6.11e-09	5.70e-04	9.99e-01
 3.21144e+15	7.14e-09	6.18e-04	9.99e-01
 3.33993e+15	8.37e-09	6.71e-04	9.99e-01
 3.45136e+15	9.56e-09	7.18e-04	9.99e-01
 3.53675e+15	1.06e-08	7.56e-04	9.99e-01
 3.62755e+15	1.17e-08	7.97e-04	9.99e-01
 3.74558e+15	1.33e-08	8.52e-04	9.99e-01
 3.87472e+15	1.53e-08	9.14e-04	9.99e-01
 3.99263e+15	1.72e-08	9.73e-04	9.99e-01
 4.12024e+15	1.95e-08	1.04e-03	9.99e-01
 4.27622e+15	2.27e-08	1.12e-03	9.99e-01
 4.43140e+15	2.62e-08	1.21e-03	9.99e-01
 4.56669e+15	2.95e-08	1.28e-03	9.99e-01
 4.71384e+15	3.35e-08	1.37e-03	9.99e-01
 4.89297e+15	3.90e-08	1.48e-03	9.99e-01
 5.07159e+15	4.50e-08	1.59e-03	9.98e-01
 5.22963e+15	5.09e-08	1.70e-03	9.98e-01
 5.40300e+15	5.81e-08	1.81e-03	9.98e-01
 5.61102e+15	6.78e-08	1.96e-03	9.98e-01
 5.81645e+15	7.83e-08	2.11e-03	9.98e-01
 6.00270e+15	8.88e-08	2.25e-03	9.98e-01
 6.21165e+15	1.02e-07	2.42e-03	9.98e-01
 6.44743e+15	1.19e-07	2.61e-03	9.97e-01
 6.67478e+15	1.37e-07	2.80e-03	9.97e-01
 6.89216e+15	1.56e-07	2.99e-03	9.97e-01
 7.10748e+15	1.76e-07	3.19e-03	9.97e-01
 7.35497e+15	2.03e-07	3.43e-03	9.97e-01
 7.62496e+15	2.35e-07	3.69e-03	9.96e-01
 7.84948e+15	2.64e-07	3.92e-03	9.96e-01
 8.03538e+15	2.90e-07	4.12e-03	9.96e-01
 8.24583e+15	3.23e-07	4.35e-03	9.96e-01
 8.51942e+15	3.71e-07	4.68e-03	9.95e-01
 8.80212e+15	4.23e-07	5.02e-03	9.95e-01
 9.04272e+15	4.73e-07	5.32e-03	9.95e-01
 9.30155e+15	5.33e-07	5.67e-03	9.94e-01
 9.63682e+15	6.22e-07	6.16e-03	9.94e-01
 9.96601e+15	7.14e-07	6.64e-03	9.93e-01
 1.02187e+16	7.93e-07	7.03e-03	9.93e-01
 1.04773e+16	8.86e-07	7.49e-03	9.93e-01
 1.08135e+16	1.02e-06	8.12e-03	9.92e-01
 1.11576e+16	1.17e-06	8.78e-03	9.91e-01
 1.14397e+16	1.31e-06	9.37e-03	9.91e-01
 1.16904e+16	1.45e-06	9.95e-03	9.90e-01
 1.19721e+16	1.63e-06	1.07e-02	9.89e-01
 1.22839e+16	1.85e-06	1.15e-02	9.88e-01
 1.25688e+16	2.07e-06	1.24e-02	9.88e-01
 1.28301e+16	2.30e-06	1.32e-02	9.87e-01
 1.31269e+16	2.62e-06	1.44e-02	9.86e-01
 1.34444e+16	2.99e-06	1.57e-02	9.84e-01
 1.37207e+16	3.37e-06	1.69e-02	9.83e-01
 1.39712e+16	3.76e-06	1.83e-02	9.82e-01
 1.42137e+16	4.20e-06	1.97e-02	9.80e-01
 1.44470e+16	4.69e-06	2.13e-02	9.79e-01
 1.46760e+16	5.25e-06	2.30e-02	9.77e-01
 1.49039e+16	5.90e-06	2.50e-02	9.75e-01
 1.51295e+16	6.65e-06	2.73e-02	9.73e-01
 1.53511e+16	7.52e-06	2.98e-02	9.70e-01
 1.55679e+16	8.53e-06	3.28e-02	9.67e-01
 1.57803e+16	9.73e-06	3.61e-02	9.64e-01
 1.59884e+16	1.11e-05	4.00e-02	9.60e-01
 1.61920e+16	1.28e-05	4.46e-02	9.55e-01
 1.63913e+16	1.49e-05	5.00e-02	9.50e-01
 1.65837e+16	1.74e-05	5.63e-02	9.44e-01
 1.67642e+16	2.00e-05	6.36e-02	9.36e-01
 1.69356e+16	2.38e-05	7.21e-02	9.28e-01
 1.70965e+16	2.76e-05	8.20e-02	9.18e-01
 1.72467e+16	3.25e-05	9.35e-02	9.06e-01
 1.73901e+16	3.85e-05	1.07e-01	8.93e-01
 1.75230e+16	4.55e-05	1.23e-01	8.77e-01
 1.76454e+16	5.43e-05	1.41e-01	8.59e-01
 1.77561e+16	6.33e-05	1.61e-01	8.39e-01
 1.78531e+16	7.44e-05	1.83e-01	8.17e-01
 1.79280e+16	8.39e-05	2.02e-01	7.98e-01
 1.79967e+16	9.45e-05	2.24e-01	7.76e-01
 1.80859e+16	1.12e-04	2.56e-01	7.44e-01
 1.81695e+16	1.30e-04	2.91e-01	7.09e-01
 1.82290e+16	1.46e-04	3.20e-01	6.79e-01
 1.82895e+16	1.65e-04	3.54e-01	6.45e-01
 1.83576e+16	1.89e-04	3.96e-01	6.04e-01
 1.84220e+16	2.14e-04	4.39e-01	5.61e-01
 1.84814e+16	2.41e-04	4.83e-01	5.17e-01
 1.85481e+16	2.73e-04	5.35e-01	4.65e-01
 1.86205e+16	3.11e-04	5.91e-01	4.08e-01
 1.86866e+16	3.46e-04	6.43e-01	3.56e-01
 1.87588e+16	3.87e-04	6.98e-01	3.02e-01
 1.88526e+16	4.37e-04	7.62e-01	2.38e-01
 1.89528e+16	4.86e-04	8.17e-01	1.82e-01
 1.90611e+16	5.33e-04	8.65e-01	1.34e-01
 1.92019e+16	5.85e-04	9.09e-01	9.06e-02
 1.93849e+16	6.40e-04	9.44e-01	5.53e-02
 1.96228e+16	6.98e-04	9.69e-01	3.06e-02
 1.99321e+16	7.62e-04	9.84e-01	1.54e-02
 2.02641e+16	8.30e-04	9.91e-01	8.17e-03
 2.05505e+16	8.93e-04	9.94e-01	5.04e-03
 2.07998e+16	9.54e-04	9.96e-01	3.43e-03
 2.10756e+16	1.03e-03	9.97e-01	2.28e-03
 2.13693e+16	1.12e-03	9.97e-01	1.55e-03
 2.16143e+16	1.22e-03	9.98e-01	1.15e-03
 2.17742e+16	1.29e-03	9.98e-01	9.69e-04
 2.18671e+16	1.33e-03	9.98e-01	8.73e-04
 2.19595e+16	1.38e-03	9.98e-01	7.83e-04
 2.20795e+16	1.44e-03	9.98e-01	6.81e-04
 2.22141e+16	1.52e-03	9.98e-01	5.88e-04
 2.23374e+16	1.60e-03	9.98e-01	5.18e-04
 2.24439e+16	1.68e-03	9.98e-01	4.64e-04
 2.25588e+16	1.77e-03	9.98e-01	4.11e-04
 2.26709e+16	1.87e-03	9.98e-01	3.69e-04
 2.27516e+16	1.94e-03	9.98e-01	3.42e-04
 2.28180e+16	2.01e-03	9.98e-01	3.20e-04
 2.28936e+16	2.10e-03	9.98e-01	2.97e-04
 2.29788e+16	2.20e-03	9.98e-01	2.73e-04
 2.30579e+16	2.30e-03	9.97e-01	2.54e-04
 2.31271e+16	2.40e-03	9.97e-01	2.38e-04
 2.32019e+16	2.51e-03	9.97e-01	2.22e-04
 2.32817e+16	2.65e-03	9.97e-01	2.06e-04
 2.33498e+16	2.77e-03	9.97e-01	1.94e-04
 2.34087e+16	2.89e-03	9.97e-01	1.84e-04
 2.34735e+16	3.03e-03	9.97e-01	1.73e-04
 2.35439e+16	3.19e-03	9.97e-01	1.63e-04
 2.36055e+16	3.35e-03	9.96e-01	1.54e-04
 2.36593e+16	3.50e-03	9.96e-01	1.47e-04
 2.37190e+16	3.69e-03	9.96e-01	1.40e-04
 2.37834e+16	3.90e-03	9.96e-01	1.32e-04
 2.38390e+16	4.11e-03	9.96e-01	1.26e-04
 2.38872e+16	4.30e-03	9.96e-01	1.21e-04
 2.39404e+16	4.54e-03	9.95e-01	1.15e-04
 2.39989e+16	4.83e-03	9.95e-01	1.10e-04
 2.40508e+16	5.11e-03	9.95e-01	1.05e-04
 2.40958e+16	5.38e-03	9.95e-01	1.01e-04
 2.41454e+16	5.71e-03	9.94e-01	9.68e-05
 2.41999e+16	6.12e-03	9.94e-01	9.24e-05
 2.42488e+16	6.54e-03	9.93e-01	8.88e-05
 2.42925e+16	6.94e-03	9.93e-01	8.56e-05
 2.43411e+16	7.46e-03	9.92e-01	8.20e-05
 2.43949e+16	8.11e-03	9.92e-01	7.84e-05
 2.44444e+16	8.82e-03	9.91e-01	7.53e-05
 2.44889e+16	9.53e-03	9.90e-01	7.26e-05
 2.45384e+16	1.05e-02	9.89e-01	6.96e-05
 2.45905e+16	1.16e-02	9.88e-01	6.67e-05
 2.46332e+16	1.28e-02	9.87e-01	6.45e-05
 2.46666e+16	1.39e-02	9.86e-01	6.28e-05
 2.47010e+16	1.51e-02	9.85e-01	6.09e-05
 2.47384e+16	1.67e-02	9.83e-01	5.91e-05
 2.47706e+16	1.84e-02	9.82e-01	5.76e-05
 2.47972e+16	2.00e-02	9.80e-01	5.64e-05
 2.48204e+16	2.15e-02	9.78e-01	5.55e-05
 2.48454e+16	2.35e-02	9.76e-01	5.43e-05
 2.48779e+16	2.64e-02	9.74e-01	5.29e-05
 2.49097e+16	3.00e-02	9.70e-01	5.18e-05
 2.49322e+16	3.31e-02	9.67e-01	5.11e-05
 2.49499e+16	3.59e-02	9.64e-01	5.05e-05
 2.49695e+16	3.94e-02	9.61e-01	4.99e-05
 2.49949e+16	4.47e-02	9.55e-01	4.92e-05
 2.50203e+16	5.13e-02	9.49e-01	4.87e-05
 2.50391e+16	5.74e-02	9.43e-01	4.84e-05
 2.50537e+16	6.27e-02	9.37e-01	4.84e-05
 2.50694e+16	6.92e-02	9.31e-01	4.83e-05
 2.50872e+16	7.77e-02	9.22e-01	4.83e-05
 2.51035e+16	8.70e-02	9.13e-01	4.85e-05
 2.51174e+16	9.64e-02	9.04e-01	4.87e-05
 2.51301e+16	1.06e-01	8.94e-01	4.92e-05
 2.51425e+16	1.16e-01	8.84e-01	4.95e-05
 2.51548e+16	1.28e-01	8.72e-01	5.02e-05
 2.51660e+16	1.40e-01	8.60e-01	5.07e-05
 2.51758e+16	1.52e-01	8.48e-01	5.13e-05
 2.51848e+16	1.63e-01	8.37e-01	5.19e-05
 2.51917e+16	1.73e-01	8.27e-01	5.24e-05
 2.51963e+16	1.80e-01	8.20e-01	5.28e-05
 2.52006e+16	1.87e-01	8.13e-01	5.31e-05
 2.52055e+16	1.95e-01	8.05e-01	5.34e-05
 2.52108e+16	2.04e-01	7.96e-01	5.38e-05
 2.52159e+16	2.13e-01	7.87e-01	5.42e-05
 2.52207e+16	2.22e-01	7.78e-01	5.48e-05
 2.52255e+16	2.32e-01	7.68e-01	5.51e-05
 2.52303e+16	2.41e-01	7.59e-01	5.56e-05
 2.52350e+16	2.52e-01	7.48e-01	5.60e-05
 2.52396e+16	2.62e-01	7.38e-01	5.65e-05
 2.52442e+16	2.73e-01	7.27e-01	5.69e-05
 2.52487e+16	2.84e-01	7.16e-01	5.74e-05
 2.52533e+16	2.95e-01	7.05e-01	5.78e-05
 2.52578e+16	3.07e-01	6.93e-01	5.82e-05
 2.52621e+16	3.19e-01	6.81e-01	5.86e-05
 2.52664e+16	3.31e-01	6.69e-01	5.91e-05
 2.52707e+16	3.44e-01	6.56e-01	5.94e-05
 2.52750e+16	3.57e-01	6.43e-01	5.98e-05
 2.52792e+16	3.70e-01	6.30e-01	6.01e-05
 2.52833e+16	3.83e-01	6.17e-01	6.06e-05
 2.52874e+16	3.96e-01	6.04e-01	6.09e-05
 2.52915e+16	4.10e-01	5.90e-01	6.11e-05
 2.52955e+16	4.24e-01	5.76e-01	6.14e-05
 2.52994e+16	4.38e-01	5.62e-01	6.16e-05
 2.53033e+16	4.52e-01	5.48e-01	6.18e-05
 2.53072e+16	4.66e-01	5.34e-01	6.20e-05
 2.53111e+16	4.80e-01	5.20e-01	6.21e-05
 2.53148e+16	4.94e-01	5.06e-01	6.23e-05
 2.53185e+16	5.08e-01	4.91e-01	6.24e-05
 2.53222e+16	5.23e-01	4.77e-01	6.25e-05
 2.53258e+16	5.37e-01	4.63e-01	6.24e-05
 2.53293e+16	5.50e-01	4.49e-01	6.24e-05
 2.53328e+16	5.64e-01	4.36e-01	6.24e-05
 2.53362e+16	5.77e-01	4.23e-01	6.24e-05
 2.53394e+16	5.90e-01	4.10e-01	6.23e-05
 2.53426e+16	6.03e-01	3.97e-01	6.22e-05
 2.53458e+16	6.15e-01	3.85e-01	6.20e-05
 2.53489e+16	6.27e-01	3.73e-01	6.18e-05
 2.53520e+16	6.39e-01	3.60e-01	6.14e-05
 2.53550e+16	6.51e-01	3.49e-01	6.12e-05
 2.53580e+16	6.63e-01	3.37e-01	6.09e-05
 2.53609e+16	6.74e-01	3.26e-01	6.05e-05
 2.53638e+16	6.85e-01	3.15e-01	6.02e-05
 2.53666e+16	6.95e-01	3.05e-01	5.98e-05
 2.53693e+16	7.05e-01	2.95e-01	5.94e-05
 2.53720e+16	7.15e-01	2.85e-01	5.90e-05
 2.53747e+16	7.25e-01	2.75e-01	5.86e-05
 2.53773e+16	7.34e-01	2.66e-01	5.81e-05
 2.53799e+16	7.43e-01	2.57e-01	5.76e-05
 2.53825e+16	7.52e-01	2.48e-01	5.71e-05
 2.53851e+16	7.61e-01	2.39e-01	5.66e-05
 2.53875e+16	7.69e-01	2.31e-01	5.62e-05
 2.53900e+16	7.77e-01	2.23e-01	5.56e-05
 2.53924e+16	7.85e-01	2.15e-01	5.51e-05
 2.53948e+16	7.92e-01	2.08e-01	5.45e-05
 2.53969e+16	7.98e-01	2.02e-01	5.40e-05
 2.53986e+16	8.03e-01	1.96e-01	5.35e-05
 2.54001e+16	8.08e-01	1.92e-01	5.31e-05
 2.54018e+16	8.13e-01	1.87e-01	5.25e-05
 2.54034e+16	8.18e-01	1.82e-01	5.21e-05
 2.54050e+16	8.22e-01	1.78e-01	5.16e-05
 2.54065e+16	8.26e-01	1.74e-01	5.12e-05
 2.54080e+16	8.31e-01	1.69e-01	5.07e-05
 2.54094e+16	8.34e-01	1.66e-01	5.03e-05
 2.54108e+16	8.38e-01	1.62e-01	4.98e-05
 2.54122e+16	8.42e-01	1.58e-01	4.94e-05
 2.54135e+16	8.45e-01	1.55e-01	4.90e-05
 2.54149e+16	8.49e-01	1.51e-01	4.85e-05
 2.54162e+16	8.52e-01	1.48e-01	4.81e-05
 2.54175e+16	8.55e-01	1.45e-01	4.77e-05
 2.54189e+16	8.59e-01	1.41e-01	4.72e-05
 2.54202e+16	8.62e-01	1.38e-01	4.68e-05
 2.54215e+16	8.65e-01	1.35e-01	4.63e-05
 2.54229e+16	8.68e-01	1.32e-01	4.58e-05
 2.54243e+16	8.71e-01	1.29e-01	4.53e-05
 2.54257e+16	8.74e-01	1.26e-01	4.49e-05
 2.54273e+16	8.78e-01	1.22e-01	4.43e-05
 2.54290e+16	8.82e-01	1.18e-01	4.37e-05
 2.54307e+16	8.85e-01	1.15e-01	4.31e-05
 2.54327e+16	8.89e-01	1.11e-01	4.24e-05
 2.54347e+16	8.93e-01	1.07e-01	4.16e-05
 2.54367e+16	8.97e-01	1.03e-01	4.09e-05
 2.54385e+16	9.01e-01	9.94e-02	4.01e-05
 2.54403e+16	9.04e-01	9.62e-02	3.94e-05
 2.54420e+16	9.07e-01	9.30e-02	3.86e-05
 2.54436e+16	9.10e-01	9.01e-02	3.79e-05
 2.54452e+16	9.13e-01	8.74e-02	3.72e-05
 2.54466e+16	9.15e-01	8.49e-02	3.65e-05
 2.54479e+16	9.17e-01	8.28e-02	3.59e-05
 2.54490e+16	9.19e-01	8.08e-02	3.53e-05
 2.54501e+16	9.21e-01	7.91e-02	3.48e-05
 2.54511e+16	9.23e-01	7.75e-02	3.43e-05
 2.54519e+16	9.24e-01	7.60e-02	3.38e-05
 2.54527e+16	9.25e-01	7.47e-02	3.34e-05
 2.54536e+16	9.27e-01	7.33e-02	3.29e-05
 2.54546e+16	9.28e-01	7.18e-02	3.24e-05
 2.54554e+16	9.29e-01	7.05e-02	3.19e-05
 2.54562e+16	9.31e-01	6.93e-02	3.15e-05
 2.54569e+16	9.32e-01	6.81e-02	3.10e-05
 2.54576e+16	9.33e-01	6.71e-02	3.07e-05
 2.54583e+16	9.34e-01	6.60e-02	3.03e-05
 2.54591e+16	9.35e-01	6.49e-02	2.99e-05
 2.54598e+16	9.36e-01	6.39e-02	2.95e-05
 2.54604e+16	9.37e-01	6.29e-02	2.91e-05
 2.54610e+16	9.38e-01	6.20e-02	2.87e-05
 2.54616e+16	9.39e-01	6.10e-02	2.83e-05
 2.54623e+16	9.40e-01	6.01e-02	2.80e-05
 2.54629e+16	9.41e-01	5.92e-02	2.76e-05
 2.54635e+16	9.42e-01	5.84e-02	2.72e-05
 2.54640e+16	9.42e-01	5.76e-02	2.69e-05
 2.54646e+16	9.43e-01	5.68e-02	2.65e-05
 2.54652e+16	9.44e-01	5.59e-02	2.62e-05
 2.54657e+16	9.45e-01	5.52e-02	2.59e-05
 2.54662e+16	9.46e-01	5.44e-02	2.55e-05
 2.54667e+16	9.46e-01	5.38e-02	2.52e-05
 2.54672e+16	9.47e-01	5.30e-02	2.49e-05
 2.54678e+16	9.48e-01	5.23e-02	2.46e-05
 2.54683e+16	9.48e-01	5.17e-02	2.43e-05
 2.54687e+16	9.49e-01	5.10e-02	2.39e-05
 2.54691e+16	9.50e-01	5.04e-02	2.37e-05
 2.54696e+16	9.50e-01	4.98e-02	2.34e-05
 2.54701e+16	9.51e-01	4.90e-02	2.30e-05
 2.54708e+16	9.52e-01	4.82e-02	2.26e-05
 2.54714e+16	9.53e-01	4.75e-02	2.23e-05
 2.54719e+16	9.53e-01	4.68e-02	2.20e-05
 2.54724e+16	9.54e-01	4.62e-02	2.17e-05
 2.54728e+16	9.54e-01	4.56e-02	2.14e-05
 2.54732e+16	9.55e-01	4.51e-02	2.12e-05
 2.54736e+16	9.55e-01	4.45e-02	2.09e-05
 2.54742e+16	9.56e-01	4.38e-02	2.06e-05
 2.54748e+16	9.57e-01	4.31e-02	2.02e-05
 2.54753e+16	9.58e-01	4.24e-02	2.00e-05
 2.54758e+16	9.58e-01	4.18e-02	1.97e-05
 2.54763e+16	9.59e-01	4.13e-02	1.94e-05
 2.54767e+16	9.59e-01	4.08e-02	1.91e-05
 2.54771e+16	9.60e-01	4.04e-02	1.89e-05
 2.54775e+16	9.60e-01	3.99e-02	1.87e-05
 2.54780e+16	9.61e-01	3.93e-02	1.84e-05
 2.54786e+16	9.61e-01	3.87e-02	1.82e-05
 2.54791e+16	9.62e-01	3.81e-02	1.79e-05
 2.54796e+16	9.62e-01	3.76e-02	1.77e-05
 2.54801e+16	9.63e-01	3.71e-02	1.75e-05
 2.54805e+16	9.63e-01	3.66e-02	1.72e-05
 2.54812e+16	9.64e-01	3.60e-02	1.69e-05
 2.54818e+16	9.65e-01	3.53e-02	1.66e-05
 2.54825e+16	9.65e-01	3.48e-02	1.64e-05
 2.54830e+16	9.66e-01	3.42e-02	1.61e-05
 2.54835e+16	9.66e-01	3.37e-02	1.59e-05
 2.54840e+16	9.67e-01	3.33e-02	1.57e-05
 2.54845e+16	9.67e-01	3.28e-02	1.55e-05
 2.54852e+16	9.68e-01	3.22e-02	1.52e-05
 2.54859e+16	9.68e-01	3.16e-02	1.50e-05
 2.54865e+16	9.69e-01	3.11e-02	1.47e-05
 2.54871e+16	9.69e-01	3.06e-02	1.45e-05
 2.54876e+16	9.70e-01	3.01e-02	1.43e-05
 2.54881e+16	9.70e-01	2.97e-02	1.41e-05
 2.54887e+16	9.71e-01	2.93e-02	1.39e-05
 2.54894e+16	9.71e-01	2.87e-02	1.36e-05
 2.54901e+16	9.72e-01	2.82e-02	1.34e-05
 2.54908e+16	9.72e-01	2.77e-02	1.32e-05
 2.54914e+16	9.73e-01	2.72e-02	1.30e-05
 2.54920e+16	9.73e-01	2.68e-02	1.28e-05
 2.54926e+16	9.74e-01	2.64e-02	1.26e-05
 2.54933e+16	9.74e-01	2.59e-02	1.24e-05
 2.54939e+16	9.74e-01	2.55e-02	1.22e-05
 2.54944e+16	9.75e-01	2.51e-02	1.20e-05
 2.54950e+16	9.75e-01	2.47e-02	1.18e-05
 2.54958e+16	9.76e-01	2.42e-02	1.16e-05
 2.54967e+16	9.76e-01	2.37e-02	1.14e-05
 2.54974e+16	9.77e-01	2.32e-02	1.12e-05
 2.54981e+16	9.77e-01	2.28e-02	1.10e-05
 2.54988e+16	9.78e-01	2.24e-02	1.08e-05
 2.54995e+16	9.78e-01	2.20e-02	1.07e-05
 2.55002e+16	9.78e-01	2.16e-02	1.05e-05
 2.55009e+16	9.79e-01	2.12e-02	1.03e-05
 2.55017e+16	9.79e-01	2.08e-02	1.01e-05
 2.55025e+16	9.80e-01	2.04e-02	9.95e-06
 2.55033e+16	9.80e-01	2.01e-02	9.78e-06
 2.55039e+16	9.80e-01	1.97e-02	9.64e-06
 2.55047e+16	9.81e-01	1.94e-02	9.47e-06
 2.55055e+16	9.81e-01	1.90e-02	9.31e-06
 2.55062e+16	9.81e-01	1.87e-02	9.17e-06
 2.55070e+16	9.82e-01	1.83e-02	9.00e-06
 2.55079e+16	9.82e-01	1.79e-02	8.84e-06
 2.55086e+16	9.82e-01	1.76e-02	8.70e-06
 2.55095e+16	9.83e-01	1.72e-02	8.53e-06
 2.55104e+16	9.83e-01	1.69e-02	8.37e-06
 2.55113e+16	9.83e-01	1.65e-02	8.23e-06
 2.55122e+16	9.84e-01	1.62e-02	8.06e-06
 2.55132e+16	9.84e-01	1.58e-02	7.91e-06
 2.55141e+16	9.84e-01	1.55e-02	7.77e-06
 2.55151e+16	9.85e-01	1.51e-02	7.60e-06
 2.55162e+16	9.85e-01	1.48e-02	7.44e-06
 2.55172e+16	9.86e-01	1.45e-02	7.31e-06
 2.55182e+16	9.86e-01	1.41e-02	7.14e-06
 2.55194e+16	9.86e-01	1.38e-02	6.99e-06
 2.55204e+16	9.87e-01	1.35e-02	6.85e-06
 2.55214e+16	9.87e-01	1.32e-02	6.73e-06
 2.55224e+16	9.87e-01	1.29e-02	6.58e-06
 2.55236e+16	9.87e-01	1.26e-02	6.45e-06
 2.55246e+16	9.88e-01	1.23e-02	6.32e-06
 2.55257e+16	9.88e-01	1.20e-02	6.18e-06
 2.55270e+16	9.88e-01	1.17e-02	6.05e-06
 2.55281e+16	9.89e-01	1.15e-02	5.93e-06
 2.55293e+16	9.89e-01	1.12e-02	5.80e-06
 2.55306e+16	9.89e-01	1.09e-02	5.67e-06
 2.55318e+16	9.89e-01	1.06e-02	5.55e-06
 2.55331e+16	9.90e-01	1.03e-02	5.42e-06
 2.55345e+16	9.90e-01	1.01e-02	5.29e-06
 2.55358e+16	9.90e-01	9.84e-03	5.18e-06
 2.55372e+16	9.90e-01	9.57e-03	5.05e-06
 2.55387e+16	9.91e-01	9.31e-03	4.93e-06
 2.55401e+16	9.91e-01	9.08e-03	4.82e-06
 2.55416e+16	9.91e-01	8.83e-03	4.69e-06
 2.55436e+16	9.91e-01	8.52e-03	4.54e-06
 2.55461e+16	9.92e-01	8.17e-03	4.38e-06
 2.55487e+16	9.92e-01	7.83e-03	4.22e-06
 2.55513e+16	9.92e-01	7.51e-03	4.06e-06
 2.55540e+16	9.93e-01	7.20e-03	3.91e-06
 2.55569e+16	9.93e-01	6.89e-03	3.75e-06
 2.55601e+16	9.93e-01	6.59e-03	3.60e-06
 2.55634e+16	9.94e-01	6.30e-03	3.45e-06
 2.55669e+16	9.94e-01	6.02e-03	3.30e-06
 2.55706e+16	9.94e-01	5.76e-03	3.16e-06
 2.55747e+16	9.95e-01	5.50e-03	3.03e-06
 2.55792e+16	9.95e-01	5.25e-03	2.89e-06
 2.55841e+16	9.95e-01	5.01e-03	2.76e-06
 2.55895e+16	9.95e-01	4.78e-03	2.64e-06
 2.55955e+16	9.95e-01	4.56e-03	2.52e-06
 2.56024e+16	9.96e-01	4.36e-03	2.40e-06
 2.56104e+16	9.96e-01	4.16e-03	2.29e-06
 2.56197e+16	9.96e-01	3.99e-03	2.18e-06
 2.56297e+16	9.96e-01	3.84e-03	2.10e-06
 2.56397e+16	9.96e-01	3.73e-03	2.03e-06
 2.56497e+16	9.96e-01	3.64e-03	1.97e-06
 2.56611e+16	9.96e-01	3.56e-03	1.91e-06
 2.56761e+16	9.97e-01	3.48e-03	1.85e-06
 2.56955e+16	9.97e-01	3.39e-03	1.79e-06
 2.57207e+16	9.97e-01	3.31e-03	1.72e-06
 2.57534e+16	9.97e-01	3.22e-03	1.64e-06
 2.57960e+16	9.97e-01	3.12e-03	1.55e-06
 2.58514e+16	9.97e-01	3.00e-03	1.44e-06
 2.59225e+16	9.97e-01	2.86e-03	1.31e-06
 2.60035e+16	9.97e-01	2.71e-03	1.18e-06
 2.60848e+16	9.97e-01	2.58e-03	1.07e-06
 2.61655e+16	9.98e-01	2.46e-03	9.73e-07
 2.62490e+16	9.98e-01	2.34e-03	8.80e-07
 2.63359e+16	9.98e-01	2.22e-03	7.93e-07
 2.64253e+16	9.98e-01	2.11e-03	7.14e-07
 2.65165e+16	9.98e-01	2.00e-03	6.42e-07
 2.66097e+16	9.98e-01	1.89e-03	5.76e-07
 2.67052e+16	9.98e-01	1.79e-03	5.17e-07
 2.68034e+16	9.98e-01	1.70e-03	4.62e-07
 2.69041e+16	9.98e-01	1.61e-03	4.12e-07
 2.70073e+16	9.98e-01	1.52e-03	3.67e-07
 2.71132e+16	9.99e-01	1.43e-03	3.27e-07
 2.72220e+16	9.99e-01	1.35e-03	2.90e-07
 2.73336e+16	9.99e-01	1.27e-03	2.57e-07
 2.74482e+16	9.99e-01	1.20e-03	2.27e-07
 2.75660e+16	9.99e-01	1.13e-03	2.00e-07
 2.76872e+16	9.99e-01	1.06e-03	1.76e-07
 2.78120e+16	9.99e-01	9.98e-04	1.55e-07
 2.79404e+16	9.99e-01	9.36e-04	1.35e-07
 2.80730e+16	9.99e-01	8.77e-04	1.18e-07
 2.82098e+16	9.99e-01	8.21e-04	1.03e-07
 2.83491e+16	9.99e-01	7.68e-04	8.95e-08
 2.84927e+16	9.99e-01	7.18e-04	7.74e-08
 2.86442e+16	9.99e-01	6.68e-04	6.66e-08
 2.88029e+16	9.99e-01	6.21e-04	5.70e-08
 2.89675e+16	9.99e-01	5.76e-04	4.85e-08
 2.91390e+16	9.99e-01	5.33e-04	4.11e-08
 2.93183e+16	1.00e+00	4.91e-04	3.46e-08
 2.95059e+16	1.00e+00	4.52e-04	2.89e-08
 2.97030e+16	1.00e+00	4.14e-04	2.40e-08
 2.99128e+16	1.00e+00	3.78e-04	1.97e-08
 3.01339e+16	1.00e+00	3.43e-04	1.60e-08
 3.03685e+16	1.00e+00	3.10e-04	1.29e-08
 3.06211e+16	1.00e+00	2.78e-04	1.02e-08
 3.08917e+16	1.00e+00	2.47e-04	7.94e-09
 3.11836e+16	1.00e+00	2.18e-04	6.07e-09
 3.15022e+16	1.00e+00	1.90e-04	4.54e-09
 3.18485e+16	1.00e+00	1.63e-04	3.31e-09
 3.22332e+16	1.00e+00	1.37e-04	2.32e-09
 3.26807e+16	1.00e+00	1.12e-04	1.54e-09
 3.31907e+16	1.00e+00	8.92e-05	9.70e-10
 3.37693e+16	1.00e+00	6.87e-05	5.76e-10
 3.44333e+16	1.00e+00	5.12e-05	3.20e-10
 3.51833e+16	1.00e+00	3.69e-05	1.67e-10
 3.59892e+16	1.00e+00	2.62e-05	8.53e-11
 3.68194e+16	1.00e+00	1.86e-05	4.34e-11
 3.76818e+16	1.00e+00	1.31e-05	2.19e-11
 3.85776e+16	1.00e+00	9.21e-06	1.10e-11
 3.94866e+16	1.00e+00	6.49e-06	5.54e-12
 4.04330e+16	1.00e+00	4.55e-06	2.76e-12
 4.14368e+16	1.00e+00	3.15e-06	1.35e-12
 4.24811e+16	1.00e+00	2.17e-06	6.54e-13
 4.35461e+16	1.00e+00	1.50e-06	3.19e-13
 4.46436e+16	1.00e+00	1.02e-06	1.54e-13
 4.57965e+16	1.00e+00	7.00e-07	7.37e-14
 4.69781e+16	1.00e+00	4.81e-07	3.55e-14
 4.81714e+16	1.00e+00	3.29e-07	1.71e-14
 4.93706e+16	1.00e+00	2.30e-07	8.50e-15
 5.06388e+16	1.00e+00	1.58e-07	4.08e-15
 5.19960e+16	1.00e+00	1.07e-07	1.91e-15
 5.33941e+16	1.00e+00	7.24e-08	8.94e-16
 5.48200e+16	1.00e+00	4.92e-08	4.21e-16
 5.62893e+16	1.00e+00	3.34e-08	1.97e-16
 5.78177e+16	1.00e+00	2.26e-08	9.15e-17
 5.93762e+16	1.00e+00	1.54e-08	4.27e-17
 6.09423e+16	1.00e+00	1.05e-08	2.03e-17
 6.25083e+16	1.00e+00	7.29e-09	9.80e-18
 6.40744e+16	1.00e+00	5.09e-09	4.82e-18
 6.56405e+16	1.00e+00	3.59e-09	2.41e-18
 6.72067e+16	1.00e+00	2.55e-09	1.23e-18
 6.87732e+16	1.00e+00	1.82e-09	6.31e-19
 7.03397e+16	1.00e+00	1.31e-09	3.30e-19
 7.19061e+16	1.00e+00	9.55e-10	1.75e-19
 7.34724e+16	1.00e+00	6.98e-10	9.38e-20
 7.50388e+16	1.00e+00	5.14e-10	5.10e-20
 7.66051e+16	1.00e+00	3.81e-10	2.81e-20
 7.81713e+16	1.00e+00	2.84e-10	1.57e-20
 7.97376e+16	1.00e+00	2.13e-10	8.85e-21
 8.13038e+16	1.00e+00	1.61e-10	0.00e+00
 8.31050e+16	1.00e+00	1.16e-10	0.00e+00
 8.51718e+16	1.00e+00	8.12e-11	0.00e+00
 8.72691e+16	1.00e+00	5.72e-11	0.00e+00
 8.93664e+16	1.00e+00	4.06e-11	0.00e+00
 9.16151e+16	1.00e+00	2.82e-11	0.00e+00
 9.40502e+16	1.00e+00	1.93e-11	0.00e+00
 9.65206e+16	1.00e+00	1.33e-11	0.00e+00
 9.89909e+16	1.00e+00	9.28e-12	0.00e+00
 1.01461e+17	1.00e+00	6.52e-12	0.00e+00
 1.04037e+17	1.00e+00	4.54e-12	0.00e+00
 1.06759e+17	1.00e+00	3.14e-12	0.00e+00
 1.09547e+17	1.00e+00	2.17e-12	0.00e+00
 1.12376e+17	1.00e+00	1.51e-12	0.00e+00
 1.15218e+17	1.00e+00	1.07e-12	0.00e+00
 1.18060e+17	1.00e+00	7.60e-13	0.00e+00
 1.20902e+17	1.00e+00	5.50e-13	0.00e+00
 1.23744e+17	1.00e+00	4.03e-13	0.00e+00
 1.27012e+17	1.00e+00	2.86e-13	0.00e+00
 1.30993e+17	1.00e+00	1.94e-13	0.00e+00
 1.35249e+17	1.00e+00	1.34e-13	0.00e+00
 1.39445e+17	1.00e+00	9.78e-14	0.00e+00
 1.43592e+17	1.00e+00	7.60e-14	0.00e+00
 1.47776e+17	1.00e+00	6.20e-14	0.00e+00
 1.52006e+17	1.00e+00	5.28e-14	0.00e+00
 1.56235e+17	1.00e+00	4.69e-14	0.00e+00
 1.60427e+17	1.00e+00	4.30e-14	0.00e+00
 1.64568e+17	1.00e+00	4.05e-14	0.00e+00
 1.68640e+17	1.00e+00	3.89e-14	0.00e+00
 1.72623e+17	1.00e+00	3.78e-14	0.00e+00
 1.76498e+17	1.00e+00	3.71e-14	0.00e+00
 1.80251e+17	1.00e+00	3.68e-14	0.00e+00
 1.83868e+17	1.00e+00	3.66e-14	0.00e+00
 1.87336e+17	1.00e+00	3.65e-14	0.00e+00
 1.90657e+17	1.00e+00	3.66e-14	0.00e+00
 1.93826e+17	1.00e+00	3.67e-14	0.00e+00
 1.96837e+17	1.00e+00	3.68e-14	0.00e+00
 1.99691e+17	1.00e+00	3.70e-14	0.00e+00
 2.02395e+17	1.00e+00	3.73e-14	0.00e+00
 2.04959e+17	1.00e+00	3.75e-14	0.00e+00
 2.07385e+17	1.00e+00	3.77e-14	0.00e+00
 2.09677e+17	1.00e+00	3.79e-14	0.00e+00
 2.11842e+17	1.00e+00	3.82e-14	0.00e+00
 2.13887e+17	1.00e+00	3.84e-14	0.00e+00
 2.15819e+17	1.00e+00	3.86e-14	0.00e+00
 2.17645e+17	1.00e+00	3.88e-14	0.00e+00
 2.19371e+17	1.00e+00	3.89e-14	0.00e+00
 2.21002e+17	1.00e+00	3.91e-14	0.00e+00
 2.22543e+17	1.00e+00	3.93e-14	0.00e+00
 2.24001e+17	1.00e+00	3.94e-14	0.00e+00
 2.25381e+17	1.00e+00	3.96e-14	0.00e+00
 2.26687e+17	1.00e+00	3.97e-14	0.00e+00
 2.27923e+17	1.00e+00	3.98e-14	0.00e+00
 2.29094e+17	1.00e+00	3.99e-14	0.00e+00
 2.30204e+17	1.00e+00	4.00e-14	0.00e+00
 2.31256e+17	1.00e+00	4.01e-14	0.00e+00
 2.32253e+17	1.00e+00	4.02e-14	0.00e+00
 2.33200e+17	1.00e+00	4.03e-14	0.00e+00
 2.34098e+17	1.00e+00	4.03e-14	0.00e+00
 2.34952e+17	1.00e+00	4.04e-14	0.00e+00
 2.35763e+17	1.00e+00	4.05e-14	0.00e+00
 2.36534e+17	1.00e+00	4.05e-14	0.00e+00
 2.37268e+17	1.00e+00	4.06e-14	0.00e+00
 2.37966e+17	1.00e+00	4.06e-14	0.00e+00
 2.38630e+17	1.00e+00	4.07e-14	0.00e+00
 2.39264e+17	1.00e+00	4.07e-14	0.00e+00
 2.39868e+17	1.00e+00	4.08e-14	0.00e+00
 2.40445e+17	1.00e+00	4.08e-14	0.00e+00
 2.40995e+17	1.00e+00	4.08e-14	0.00e+00
 2.41522e+17	1.00e+00	4.09e-14	0.00e+00
 2.42026e+17	1.00e+00	4.09e-14	0.00e+00
 2.42508e+17	1.00e+00	4.09e-14	0.00e+00
 2.42971e+17	1.00e+00	4.09e-14	0.00e+00
 2.43415e+17	1.00e+00	4.10e-14	0.00e+00
 2.43842e+17	1.00e+00	4.10e-14	0.00e+00
 2.44253e+17	1.00e+00	4.10e-14	0.00e+00
 2.44649e+17	1.00e+00	4.10e-14	0.00e+00
 2.45032e+17	1.00e+00	4.10e-14	0.00e+00
 2.45402e+17	1.00e+00	4.10e-14	0.00e+00
 2.45762e+17	1.00e+00	4.11e-14	0.00e+00
 2.46111e+17	1.00e+00	4.11e-14	0.00e+00
 2.46452e+17	1.00e+00	4.11e-14	0.00e+00
 2.46786e+17	1.00e+00	4.11e-14	0.00e+00
 2.47113e+17	1.00e+00	4.11e-14	0.00e+00
 2.47435e+17	1.00e+00	4.11e-14	0.00e+00
 2.47753e+17	1.00e+00	4.11e-14	0.00e+00
 2.48070e+17	1.00e+00	4.11e-14	0.00e+00
 2.48386e+17	1.00e+00	4.11e-14	0.00e+00
 2.48704e+17	1.00e+00	4.11e-14	0.00e+00
 2.49025e+17	1.00e+00	4.11e-14	0.00e+00
 2.49352e+17	1.00e+00	4.10e-14	0.00e+00
 2.49689e+17	1.00e+00	4.10e-14	0.00e+00
 2.50038e+17	1.00e+00	4.10e-14	0.00e+00
 2.50405e+17	1.00e+00	4.10e-14	0.00e+00
 2.50794e+17	1.00e+00	4.09e-14	0.00e+00
 2.51214e+17	1.00e+00	4.09e-14	0.00e+00
 2.51675e+17	1.00e+00	4.08e-14	0.00e+00
 2.52189e+17	1.00e+00	4.07e-14	0.00e+00
 2.52777e+17	1.00e+00	4.06e-14	0.00e+00
 2.53466e+17	1.00e+00	4.04e-14	0.00e+00
 2.54297e+17	1.00e+00	4.02e-14	0.00e+00
 2.55332e+17	1.00e+00	3.98e-14	0.00e+00
 2.56662e+17	1.00e+00	3.92e-14	0.00e+00
 2.58392e+17	1.00e+00	3.83e-14	0.00e+00
 2.60640e+17	1.00e+00	3.68e-14	0.00e+00
 2.63563e+17	1.00e+00	3.48e-14	0.00e+00
 2.67363e+17	1.00e+00	3.20e-14	0.00e+00
 2.72302e+17	1.00e+00	2.85e-14	0.00e+00
 2.78723e+17	1.00e+00	2.42e-14	0.00e+00
 2.87071e+17	1.00e+00	1.93e-14	0.00e+00
 2.97625e+17	1.00e+00	1.43e-14	0.00e+00
 3.09531e+17	1.00e+00	1.01e-14	0.00e+00
 3.21912e+17	1.00e+00	8.76e-15	0.00e+00
 3.34788e+17	1.00e+00	7.71e-15	0.00e+00
 3.48180e+17	1.00e+00	6.74e-15	0.00e+00
 3.62107e+17	1.00e+00	5.82e-15	0.00e+00
 3.76267e+17	1.00e+00	4.96e-15	0.00e+00
 3.89947e+17	1.00e+00	4.52e-15	0.00e+00
 4.02503e+17	1.00e+00	4.54e-15	0.00e+00
 4.13847e+17	1.00e+00	4.82e-15	0.00e+00
 4.24319e+17	1.00e+00	4.94e-15	0.00e+00
 4.34189e+17	1.00e+00	4.84e-15	0.00e+00
 4.43450e+17	1.00e+00	4.60e-15	0.00e+00
 4.51895e+17	1.00e+00	4.41e-15	0.00e+00
 4.59383e+17	1.00e+00	4.30e-15	0.00e+00
 4.66014e+17	1.00e+00	4.21e-15	0.00e+00
 4.71661e+17	1.00e+00	4.04e-15	0.00e+00
 4.75773e+17	1.00e+00	4.00e-15	0.00e+00
 4.78298e+17	1.00e+00	4.15e-15	0.00e+00
 4.79784e+17	1.00e+00	4.27e-15	0.00e+00
 4.80675e+17	1.00e+00	4.35e-15	0.00e+00
 4.81210e+17	1.00e+00	4.39e-15	0.00e+00
 4.81575e+17	1.00e+00	4.42e-15	0.00e+00
 4.81931e+17	1.00e+00	4.44e-15	0.00e+00
 4.82341e+17	1.00e+00	4.45e-15	0.00e+00
 4.82757e+17	1.00e+00	4.46e-15	0.00e+00
 4.83114e+17	1.00e+00	4.46e-15	0.00e+00
 4.83424e+17	1.00e+00	4.46e-15	0.00e+00
 4.83721e+17	1.00e+00	4.46e-15	0.00e+00
 4.84006e+17	1.00e+00	4.46e-15	0.00e+00
 4.84278e+17	1.00e+00	4.45e-15	0.00e+00
 4.84539e+17	1.00e+00	4.44e-15	0.00e+00
 4.84778e+17	1.00e+00	4.43e-15	0.00e+00
 4.85000e+17	1.00e+00	4.42e-15	0.00e+00
 4.85215e+17	1.00e+00	4.41e-15	0.00e+00
 4.85426e+17	1.00e+00	4.40e-15	0.00e+00
 4.85631e+17	1.00e+00	4.39e-15	0.00e+00
 4.85815e+17	1.00e+00	4.38e-15	0.00e+00
 4.85988e+17	1.00e+00	4.37e-15	0.00e+00
 4.86166e+17	1.00e+00	4.36e-15	0.00e+00
 4.86343e+17	1.00e+00	4.34e-15	0.00e+00
 4.86505e+17	1.00e+00	4.33e-15	0.00e+00
 4.86656e+17	1.00e+00	4.32e-15	0.00e+00
 4.86803e+17	1.00e+00	4.31e-15	0.00e+00
 4.86949e+17	1.00e+00	4.30e-15	0.00e+00
 4.87094e+17	1.00e+00	4.28e-15	0.00e+00
 4.87238e+17	1.00e+00	4.27e-15	0.00e+00
 4.87381e+17	1.00e+00	4.26e-15	0.00e+00
 4.87514e+17	1.00e+00	4.24e-15	0.00e+00
 4.87642e+17	1.00e+00	4.23e-15	0.00e+00
 4.87776e+17	1.00e+00	4.22e-15	0.00e+00
 4.87915e+17	1.00e+00	4.20e-15	0.00e+00
 4.88050e+17	1.00e+00	4.18e-15	0.00e+00
 4.88179e+17	1.00e+00	4.17e-15	0.00e+00
 4.88306e+17	1.00e+00	4.16e-15	0.00e+00
 4.88436e+17	1.00e+00	4.14e-15	0.00e+00
 4.88574e+17	1.00e+00	4.12e-15	0.00e+00
 4.88712e+17	1.00e+00	4.10e-15	0.00e+00
 4.88845e+17	1.00e+00	4.09e-15	0.00e+00
 4.88975e+17	1.00e+00	4.07e-15	0.00e+00
 4.89113e+17	1.00e+00	4.05e-15	0.00e+00
 4.89256e+17	1.00e+00	4.03e-15	0.00e+00
 4.89398e+17	1.00e+00	4.01e-15	0.00e+00
 4.89540e+17	1.00e+00	3.99e-15	0.00e+00
 4.89688e+17	1.00e+00	3.97e-15	0.00e+00
 4.89849e+17	1.00e+00	3.95e-15	0.00e+00
 4.90018e+17	1.00e+00	3.92e-15	0.00e+00
 4.90176e+17	1.00e+00	3.90e-15	0.00e+00
 4.90326e+17	1.00e+00	3.88e-15	0.00e+00
 4.90483e+17	1.00e+00	3.85e-15	0.00e+00
 4.90652e+17	1.00e+00	3.83e-15	0.00e+00
 4.90830e+17	1.00e+00	3.80e-15	0.00e+00
 4.91011e+17	1.00e+00	3.77e-15	0.00e+00
 4.91190e+17	1.00e+00	3.74e-15	0.00e+00
 4.91370e+17	1.00e+00	3.71e-15	0.00e+00
 4.91555e+17	1.00e+00	3.68e-15	0.00e+00
 4.91750e+17	1.00e+00	3.65e-15	0.00e+00
 4.91953e+17	1.00e+00	3.61e-15	0.00e+00
 4.92165e+17	1.00e+00	3.58e-15	0.00e+00
 4.92379e+17	1.00e+00	3.54e-15	0.00e+00
 4.92592e+17	1.00e+00	3.50e-15	0.00e+00
 4.92809e+17	1.00e+00	3.46e-15	0.00e+00
 4.93034e+17	1.00e+00	3.43e-15	0.00e+00
 4.93268e+17	1.00e+00	3.38e-15	0.00e+00
 4.93501e+17	1.00e+00	3.34e-15	0.00e+00
 4.93743e+17	1.00e+00	3.30e-15	0.00e+00
 4.94007e+17	1.00e+00	3.26e-15	0.00e+00
 4.94278e+17	1.00e+00	3.20e-15	0.00e+00
 4.94537e+17	1.00e+00	3.16e-15	0.00e+00
 4.94807e+17	1.00e+00	3.11e-15	0.00e+00
 4.95100e+17	1.00e+00	3.06e-15	0.00e+00
 4.95392e+17	1.00e+00	3.00e-15	0.00e+00
 4.95675e+17	1.00e+00	2.95e-15	0.00e+00
 4.95976e+17	1.00e+00	2.90e-15	0.00e+00
 4.96299e+17	1.00e+00	2.84e-15	0.00e+00
 4.96630e+17	1.00e+00	2.78e-15	0.00e+00
 4.96955e+17	1.00e+00	2.72e-15	0.00e+00
 4.97277e+17	1.00e+00	2.67e-15	0.00e+00
 4.97612e+17	1.00e+00	2.61e-15	0.00e+00
 4.97968e+17	1.00e+00	2.55e-15	0.00e+00
 4.98341e+17	1.00e+00	2.48e-15	0.00e+00
 4.98710e+17	1.00e+00	2.41e-15	0.00e+00
 4.99073e+17	1.00e+00	2.35e-15	0.00e+00
 4.99451e+17	1.00e+00	2.29e-15	0.00e+00
 4.99853e+17	1.00e+00	2.22e-15	0.00e+00
 5.00259e+17	1.00e+00	2.15e-15	0.00e+00
 5.00664e+17	1.00e+00	2.08e-15	0.00e+00
 5.01077e+17	1.00e+00	2.02e-15	0.00e+00
 5.01508e+17	1.00e+00	1.95e-15	0.00e+00
 5.01952e+17	1.00e+00	1.88e-15	0.00e+00
 5.02406e+17	1.00e+00	1.81e-15	0.00e+00
 5.02859e+17	1.00e+00	1.74e-15	0.00e+00
 5.03321e+17	1.00e+00	1.67e-15	0.00e+00
 5.03800e+17	1.00e+00	1.60e-15	0.00e+00
 5.04285e+17	1.00e+00	1.53e-15	0.00e+00
 5.04770e+17	1.00e+00	1.46e-15	0.00e+00
 5.05286e+17	1.00e+00	1.39e-15	0.00e+00
 5.05827e+17	1.00e+00	1.32e-15	0.00e+00
 5.06353e+17	1.00e+00	1.25e-15	0.00e+00
 5.06880e+17	1.00e+00	1.19e-15	0.00e+00
 5.07438e+17	1.00e+00	1.12e-15	0.00e+00
 5.08023e+17	1.00e+00	1.06e-15	0.00e+00
 5.08636e+17	1.00e+00	9.90e-16	0.00e+00
 5.09263e+17	1.00e+00	9.23e-16	0.00e+00
 5.09879e+17	1.00e+00	8.61e-16	0.00e+00
 5.10508e+17	1.00e+00	8.02e-16	0.00e+00
 5.11153e+17	1.00e+00	7.44e-16	0.00e+00
 5.11759e+17	1.00e+00	6.90e-16	0.00e+00
 5.12286e+17	1.00e+00	6.44e-16	0.00e+00
 5.12750e+17	1.00e+00	6.07e-16	0.00e+00
 5.13189e+17	1.00e+00	5.74e-16	0.00e+00
 5.13621e+17	1.00e+00	5.44e-16	0.00e+00
 5.14039e+17	1.00e+00	5.15e-16	0.00e+00
 5.14434e+17	1.00e+00	4.89e-16	0.00e+00
 5.14805e+17	1.00e+00	4.65e-16	0.00e+00
 5.15160e+17	1.00e+00	4.43e-16	0.00e+00
 5.15502e+17	1.00e+00	4.23e-16	0.00e+00
 5.15833e+17	1.00e+00	4.04e-16	0.00e+00
 5.16152e+17	1.00e+00	3.86e-16	0.00e+00
 5.16458e+17	1.00e+00	3.69e-16	0.00e+00
 5.16752e+17	1.00e+00	3.54e-16	0.00e+00
 5.17036e+17	1.00e+00	3.39e-16	0.00e+00
 5.17311e+17	1.00e+00	3.25e-16	0.00e+00
 5.17576e+17	1.00e+00	3.12e-16	0.00e+00
 5.17830e+17	1.00e+00	3.00e-16	0.00e+00
 5.18076e+17	1.00e+00	2.88e-16	0.00e+00
 5.18315e+17	1.00e+00	2.77e-16	0.00e+00
 5.18548e+17	1.00e+00	2.67e-16	0.00e+00
 5.18775e+17	1.00e+00	2.57e-16	0.00e+00
 5.18994e+17	1.00e+00	2.48e-16	0.00e+00
 5.19206e+17	1.00e+00	2.39e-16	0.00e+00
 5.19412e+17	1.00e+00	2.31e-16	0.00e+00
 5.19613e+17	1.00e+00	2.23e-16	0.00e+00
 5.19809e+17	1.00e+00	2.15e-16	0.00e+00
 5.20000e+17	1.00e+00	2.08e-16	0.00e+00
 5.20187e+17	1.00e+00	2.01e-16	0.00e+00
 5.20371e+17	1.00e+00	1.95e-16	0.00e+00
 5.20550e+17	1.00e+00	1.88e-16	0.00e+00
 5.20755e+17	1.00e+00	1.82e-16	0.00e+00
 5.21022e+17	1.00e+00	1.75e-16	0.00e+00
 5.21368e+17	1.00e+00	1.65e-16	0.00e+00
 5.21818e+17	1.00e+00	1.54e-16	0.00e+00
 5.22404e+17	1.00e+00	1.39e-16	0.00e+00
 5.23165e+17	1.00e+00	1.22e-16	0.00e+00
 5.24028e+17	1.00e+00	1.03e-16	0.00e+00
 5.24813e+17	1.00e+00	8.70e-17	0.00e+00
 5.25443e+17	1.00e+00	7.55e-17	0.00e+00
 5.25975e+17	1.00e+00	6.76e-17	0.00e+00
 5.26501e+17	1.00e+00	6.09e-17	0.00e+00
 5.27070e+17	1.00e+00	5.45e-17	0.00e+00
 5.27664e+17	1.00e+00	4.82e-17	0.00e+00
 5.28248e+17	1.00e+00	4.27e-17	0.00e+00
