#depth	O	O+	O+2	O+3	O+4	O+5	O+6	O+7	O+8	O[1]	O[2]	O[3]
 1.49634e+10	0.00e+00	1.03e-44	4.20e-34	1.66e-24	6.87e-16	2.27e-08	1.00e+00	0.00e+00	0.00e+00	0.00e+00	0.00e+00	0.00e+00
 4.54887e+10	0.00e+00	0.00e+00	5.75e-34	2.10e-24	8.06e-16	2.46e-08	1.00e+00	1.01e-10	0.00e+00	0.00e+00	0.00e+00	0.00e+00
 7.72350e+10	0.00e+00	2.28e-44	7.89e-34	2.66e-24	9.44e-16	2.66e-08	1.00e+00	0.00e+00	0.00e+00	0.00e+00	0.00e+00	0.00e+00
 1.10251e+11	0.00e+00	0.00e+00	1.08e-33	3.38e-24	1.11e-15	2.88e-08	1.00e+00	0.00e+00	0.00e+00	0.00e+00	0.00e+00	0.00e+00
 1.44588e+11	0.00e+00	5.00e-44	1.48e-33	4.28e-24	1.29e-15	3.12e-08	1.00e+00	0.00e+00	0.00e+00	0.00e+00	0.00e+00	0.00e+00
 1.80298e+11	0.00e+00	0.00e+00	2.03e-33	5.42e-24	1.52e-15	3.38e-08	1.00e+00	0.00e+00	0.00e+00	0.00e+00	0.00e+00	0.00e+00
 2.17437e+11	0.00e+00	1.10e-43	2.79e-33	6.88e-24	1.78e-15	3.66e-08	1.00e+00	0.00e+00	0.00e+00	0.00e+00	0.00e+00	0.00e+00
 2.56061e+11	0.00e+00	0.00e+00	3.82e-33	8.72e-24	2.09e-15	3.96e-08	1.00e+00	0.00e+00	0.00e+00	0.00e+00	0.00e+00	0.00e+00
 2.96231e+11	0.00e+00	2.42e-43	5.25e-33	1.11e-23	2.45e-15	4.29e-08	1.00e+00	0.00e+00	0.00e+00	0.00e+00	0.00e+00	0.00e+00
 3.38007e+11	0.00e+00	0.00e+00	7.20e-33	1.40e-23	2.87e-15	4.65e-08	1.00e+00	0.00e+00	0.00e+00	0.00e+00	0.00e+00	0.00e+00
 3.81454e+11	0.00e+00	5.35e-43	9.89e-33	1.78e-23	3.36e-15	5.04e-08	1.00e+00	0.00e+00	0.00e+00	0.00e+00	0.00e+00	0.00e+00
 4.26639e+11	0.00e+00	0.00e+00	1.36e-32	2.26e-23	3.95e-15	5.46e-08	1.00e+00	0.00e+00	0.00e+00	0.00e+00	0.00e+00	0.00e+00
 4.73631e+11	0.00e+00	1.18e-42	1.86e-32	2.87e-23	4.63e-15	5.92e-08	1.00e+00	0.00e+00	0.00e+00	0.00e+00	0.00e+00	0.00e+00
 5.18126e+11	0.00e+00	0.00e+00	2.49e-32	3.57e-23	5.36e-15	6.37e-08	1.00e+00	0.00e+00	0.00e+00	0.00e+00	0.00e+00	0.00e+00
 5.58379e+11	0.00e+00	2.32e-42	3.21e-32	4.32e-23	6.10e-15	6.79e-08	1.00e+00	0.00e+00	0.00e+00	0.00e+00	0.00e+00	0.00e+00
 6.03723e+11	0.00e+00	0.00e+00	4.23e-32	5.33e-23	7.01e-15	7.29e-08	1.00e+00	0.00e+00	0.00e+00	0.00e+00	0.00e+00	0.00e+00
 6.56903e+11	0.00e+00	4.85e-42	5.79e-32	6.74e-23	8.22e-15	7.89e-08	1.00e+00	0.00e+00	0.00e+00	0.00e+00	0.00e+00	0.00e+00
 7.09664e+11	0.00e+00	0.00e+00	7.82e-32	8.45e-23	9.57e-15	8.52e-08	1.00e+00	0.00e+00	0.00e+00	0.00e+00	0.00e+00	0.00e+00
 7.59524e+11	0.00e+00	9.91e-42	1.03e-31	1.04e-22	1.10e-14	9.14e-08	1.00e+00	0.00e+00	0.00e+00	0.00e+00	0.00e+00	0.00e+00
 8.14820e+11	0.00e+00	0.00e+00	1.38e-31	1.30e-22	1.28e-14	9.85e-08	1.00e+00	0.00e+00	0.00e+00	0.00e+00	0.00e+00	0.00e+00
 8.77340e+11	0.00e+00	2.13e-41	1.90e-31	1.65e-22	1.50e-14	1.07e-07	1.00e+00	0.00e+00	0.00e+00	0.00e+00	0.00e+00	0.00e+00
 9.39808e+11	0.00e+00	0.00e+00	2.58e-31	2.08e-22	1.75e-14	1.16e-07	1.00e+00	0.00e+00	0.00e+00	0.00e+00	0.00e+00	0.00e+00
 1.00041e+12	0.00e+00	4.47e-41	3.44e-31	2.59e-22	2.03e-14	1.25e-07	1.00e+00	0.00e+00	0.00e+00	0.00e+00	0.00e+00	0.00e+00
 1.06598e+12	0.00e+00	0.00e+00	4.65e-31	3.25e-22	2.37e-14	1.35e-07	1.00e+00	0.00e+00	0.00e+00	0.00e+00	0.00e+00	0.00e+00
 1.13855e+12	0.00e+00	9.70e-41	6.42e-31	4.15e-22	2.79e-14	1.46e-07	1.00e+00	0.00e+00	0.00e+00	0.00e+00	0.00e+00	0.00e+00
 1.21155e+12	0.00e+00	0.00e+00	8.76e-31	5.25e-22	3.27e-14	1.58e-07	1.00e+00	0.00e+00	0.00e+00	0.00e+00	0.00e+00	0.00e+00
 1.28747e+12	0.00e+00	2.11e-40	1.20e-30	6.64e-22	3.84e-14	1.72e-07	1.00e+00	0.00e+00	0.00e+00	0.00e+00	0.00e+00	0.00e+00
 1.36889e+12	0.00e+00	0.00e+00	1.65e-30	8.48e-22	4.53e-14	1.87e-07	1.00e+00	0.00e+00	0.00e+00	0.00e+00	0.00e+00	0.00e+00
 1.45357e+12	0.00e+00	4.69e-40	2.28e-30	1.08e-21	5.35e-14	2.03e-07	1.00e+00	0.00e+00	0.00e+00	0.00e+00	0.00e+00	0.00e+00
 1.54164e+12	0.00e+00	0.00e+00	3.15e-30	1.38e-21	6.32e-14	2.21e-07	1.00e+00	0.00e+00	0.00e+00	0.00e+00	0.00e+00	0.00e+00
 1.63324e+12	0.00e+00	1.05e-39	4.36e-30	1.77e-21	7.47e-14	2.41e-07	1.00e+00	0.00e+00	0.00e+00	0.00e+00	0.00e+00	0.00e+00
 1.72849e+12	0.00e+00	0.00e+00	6.02e-30	2.26e-21	8.83e-14	2.62e-07	1.00e+00	0.00e+00	0.00e+00	0.00e+00	0.00e+00	0.00e+00
 1.82756e+12	0.00e+00	2.34e-39	8.33e-30	2.90e-21	1.04e-13	2.85e-07	1.00e+00	0.00e+00	0.00e+00	0.00e+00	0.00e+00	0.00e+00
 1.93059e+12	0.00e+00	0.00e+00	1.15e-29	3.71e-21	1.24e-13	3.11e-07	1.00e+00	0.00e+00	0.00e+00	0.00e+00	0.00e+00	0.00e+00
 2.03774e+12	0.00e+00	5.23e-39	1.59e-29	4.75e-21	1.46e-13	3.39e-07	1.00e+00	0.00e+00	0.00e+00	0.00e+00	0.00e+00	0.00e+00
 2.14917e+12	0.00e+00	0.00e+00	2.21e-29	6.08e-21	1.73e-13	3.70e-07	1.00e+00	0.00e+00	0.00e+00	0.00e+00	0.00e+00	0.00e+00
 2.26507e+12	0.00e+00	1.17e-38	3.05e-29	7.79e-21	2.05e-13	4.03e-07	1.00e+00	0.00e+00	0.00e+00	0.00e+00	0.00e+00	0.00e+00
 2.37779e+12	0.00e+00	0.00e+00	4.14e-29	9.83e-21	2.41e-13	4.37e-07	1.00e+00	0.00e+00	0.00e+00	0.00e+00	0.00e+00	0.00e+00
 2.48438e+12	0.00e+00	2.40e-38	5.46e-29	1.22e-20	2.79e-13	4.71e-07	1.00e+00	0.00e+00	0.00e+00	0.00e+00	0.00e+00	0.00e+00
 2.60304e+12	0.00e+00	0.00e+00	7.37e-29	1.53e-20	3.26e-13	5.11e-07	1.00e+00	0.00e+00	0.00e+00	0.00e+00	0.00e+00	0.00e+00
 2.73708e+12	0.00e+00	5.19e-38	1.02e-28	1.96e-20	3.87e-13	5.58e-07	1.00e+00	0.00e+00	0.00e+00	0.00e+00	0.00e+00	0.00e+00
 2.86954e+12	0.00e+00	0.00e+00	1.39e-28	2.48e-20	4.56e-13	6.07e-07	1.00e+00	0.00e+00	0.00e+00	0.00e+00	0.00e+00	0.00e+00
 3.00730e+12	0.00e+00	1.11e-37	1.89e-28	3.15e-20	5.38e-13	6.60e-07	1.00e+00	0.00e+00	0.00e+00	0.00e+00	0.00e+00	0.00e+00
 3.15752e+12	0.00e+00	0.00e+00	2.62e-28	4.04e-20	6.39e-13	7.22e-07	1.00e+00	0.00e+00	0.00e+00	0.00e+00	0.00e+00	0.00e+00
 3.30928e+12	0.00e+00	2.44e-37	3.59e-28	5.15e-20	7.56e-13	7.88e-07	1.00e+00	0.00e+00	0.00e+00	0.00e+00	0.00e+00	0.00e+00
 3.46711e+12	0.00e+00	0.00e+00	4.92e-28	6.57e-20	8.95e-13	8.59e-07	1.00e+00	0.00e+00	0.00e+00	0.00e+00	0.00e+00	0.00e+00
 3.63572e+12	0.00e+00	5.36e-37	6.80e-28	8.43e-20	1.06e-12	9.40e-07	1.00e+00	0.00e+00	0.00e+00	0.00e+00	0.00e+00	0.00e+00
 3.81108e+12	0.00e+00	0.00e+00	9.40e-28	1.08e-19	1.27e-12	1.03e-06	1.00e+00	0.00e+00	0.00e+00	0.00e+00	0.00e+00	0.00e+00
 3.99345e+12	0.00e+00	1.18e-36	1.30e-27	1.39e-19	1.51e-12	1.13e-06	1.00e+00	0.00e+00	0.00e+00	0.00e+00	0.00e+00	0.00e+00
 4.18311e+12	2.37e-46	1.76e-36	1.79e-27	1.78e-19	1.80e-12	1.23e-06	1.00e+00	0.00e+00	0.00e+00	0.00e+00	0.00e+00	0.00e+00
 4.35845e+12	0.00e+00	0.00e+00	2.39e-27	2.23e-19	2.10e-12	1.34e-06	1.00e+00	0.00e+00	0.00e+00	0.00e+00	0.00e+00	0.00e+00
 4.51060e+12	0.00e+00	3.35e-36	3.03e-27	2.68e-19	2.39e-12	1.43e-06	1.00e+00	0.00e+00	0.00e+00	0.00e+00	0.00e+00	0.00e+00
 4.67963e+12	7.46e-46	4.59e-36	3.93e-27	3.28e-19	2.76e-12	1.55e-06	1.00e+00	0.00e+00	0.00e+00	0.00e+00	0.00e+00	0.00e+00
 4.88563e+12	0.00e+00	0.00e+00	5.32e-27	4.15e-19	3.26e-12	1.69e-06	1.00e+00	0.00e+00	0.00e+00	0.00e+00	0.00e+00	0.00e+00
 5.09551e+12	0.00e+00	9.54e-36	7.17e-27	5.23e-19	3.84e-12	1.84e-06	1.00e+00	0.00e+00	0.00e+00	0.00e+00	0.00e+00	0.00e+00
 5.28751e+12	2.61e-45	1.31e-35	9.31e-27	6.42e-19	4.44e-12	1.98e-06	1.00e+00	0.00e+00	0.00e+00	0.00e+00	0.00e+00	0.00e+00
 5.50048e+12	0.00e+00	0.00e+00	1.23e-26	8.00e-19	5.18e-12	2.15e-06	1.00e+00	0.00e+00	0.00e+00	0.00e+00	0.00e+00	0.00e+00
 5.74823e+12	0.00e+00	2.70e-35	1.69e-26	1.02e-18	6.17e-12	2.36e-06	1.00e+00	0.00e+00	0.00e+00	0.00e+00	0.00e+00	0.00e+00
 5.99183e+12	9.40e-45	3.86e-35	2.27e-26	1.29e-18	7.27e-12	2.58e-06	1.00e+00	0.00e+00	0.00e+00	0.00e+00	0.00e+00	0.00e+00
 6.22281e+12	0.00e+00	5.34e-35	2.97e-26	1.59e-18	8.45e-12	2.79e-06	1.00e+00	0.00e+00	0.00e+00	0.00e+00	0.00e+00	0.00e+00
 6.47929e+12	2.09e-44	7.56e-35	3.96e-26	2.00e-18	9.93e-12	3.05e-06	1.00e+00	0.00e+00	0.00e+00	0.00e+00	0.00e+00	0.00e+00
 6.76839e+12	0.00e+00	1.10e-34	5.40e-26	2.55e-18	1.18e-11	3.35e-06	1.00e+00	0.00e+00	0.00e+00	0.00e+00	0.00e+00	0.00e+00
 7.05991e+12	5.01e-44	1.58e-34	7.29e-26	3.24e-18	1.40e-11	3.67e-06	1.00e+00	0.00e+00	0.00e+00	0.00e+00	0.00e+00	0.00e+00
 7.36309e+12	0.00e+00	2.27e-34	9.84e-26	4.10e-18	1.66e-11	4.02e-06	1.00e+00	0.00e+00	0.00e+00	0.00e+00	0.00e+00	0.00e+00
 7.68754e+12	1.19e-43	3.27e-34	1.34e-25	5.23e-18	1.98e-11	4.41e-06	1.00e+00	0.00e+00	0.00e+00	0.00e+00	0.00e+00	0.00e+00
 8.02497e+12	0.00e+00	4.72e-34	1.81e-25	6.67e-18	2.36e-11	4.85e-06	1.00e+00	0.00e+00	0.00e+00	0.00e+00	0.00e+00	0.00e+00
 8.37590e+12	2.80e-43	6.79e-34	2.46e-25	8.49e-18	2.80e-11	5.33e-06	1.00e+00	0.00e+00	0.00e+00	0.00e+00	0.00e+00	0.00e+00
 8.74086e+12	0.00e+00	9.74e-34	3.33e-25	1.08e-17	3.34e-11	5.86e-06	1.00e+00	0.00e+00	0.00e+00	0.00e+00	0.00e+00	0.00e+00
 9.12042e+12	6.55e-43	1.40e-33	4.49e-25	1.37e-17	3.97e-11	6.44e-06	1.00e+00	0.00e+00	0.00e+00	0.00e+00	0.00e+00	0.00e+00
 9.51516e+12	0.00e+00	1.99e-33	6.06e-25	1.75e-17	4.71e-11	7.08e-06	1.00e+00	0.00e+00	0.00e+00	0.00e+00	0.00e+00	0.00e+00
 9.91490e+12	1.49e-42	2.82e-33	8.10e-25	2.20e-17	5.57e-11	7.76e-06	1.00e+00	0.00e+00	0.00e+00	0.00e+00	0.00e+00	0.00e+00
 1.03306e+13	0.00e+00	3.97e-33	1.08e-24	2.78e-17	6.58e-11	8.50e-06	1.00e+00	0.00e+00	0.00e+00	0.00e+00	0.00e+00	0.00e+00
 1.07509e+13	3.30e-42	5.54e-33	1.43e-24	3.48e-17	7.74e-11	9.29e-06	1.00e+00	0.00e+00	0.00e+00	0.00e+00	0.00e+00	0.00e+00
 1.11526e+13	0.00e+00	7.52e-33	1.86e-24	4.29e-17	8.98e-11	1.01e-05	1.00e+00	0.00e+00	0.00e+00	0.00e+00	0.00e+00	0.00e+00
 1.15932e+13	6.91e-42	1.04e-32	2.44e-24	5.34e-17	1.05e-10	1.10e-05	1.00e+00	0.00e+00	0.00e+00	0.00e+00	0.00e+00	0.00e+00
 1.20739e+13	0.00e+00	1.46e-32	3.24e-24	6.72e-17	1.24e-10	1.20e-05	1.00e+00	0.00e+00	0.00e+00	0.00e+00	0.00e+00	0.00e+00
 1.25391e+13	1.48e-41	2.00e-32	4.23e-24	8.32e-17	1.44e-10	1.31e-05	1.00e+00	0.00e+00	0.00e+00	0.00e+00	0.00e+00	0.00e+00
 1.29812e+13	0.00e+00	2.66e-32	5.40e-24	1.01e-16	1.66e-10	1.42e-05	1.00e+00	0.00e+00	0.00e+00	0.00e+00	0.00e+00	0.00e+00
 1.34756e+13	2.99e-41	3.64e-32	7.03e-24	1.25e-16	1.93e-10	1.54e-05	1.00e+00	0.00e+00	0.00e+00	0.00e+00	0.00e+00	0.00e+00
 1.40314e+13	0.00e+00	5.09e-32	9.34e-24	1.57e-16	2.27e-10	1.68e-05	1.00e+00	0.00e+00	0.00e+00	0.00e+00	0.00e+00	0.00e+00
 1.45643e+13	6.35e-41	6.95e-32	1.21e-23	1.94e-16	2.63e-10	1.83e-05	1.00e+00	0.00e+00	0.00e+00	0.00e+00	0.00e+00	0.00e+00
 1.51317e+13	0.00e+00	9.58e-32	1.59e-23	2.41e-16	3.07e-10	1.99e-05	1.00e+00	0.00e+00	0.00e+00	0.00e+00	0.00e+00	0.00e+00
 1.57669e+13	1.38e-40	1.35e-31	2.13e-23	3.05e-16	3.62e-10	2.18e-05	1.00e+00	0.00e+00	0.00e+00	0.00e+00	0.00e+00	0.00e+00
 1.64000e+13	0.00e+00	1.88e-31	2.82e-23	3.81e-16	4.23e-10	2.38e-05	1.00e+00	0.00e+00	0.00e+00	0.00e+00	0.00e+00	0.00e+00
 1.69592e+13	2.82e-40	2.50e-31	3.57e-23	4.61e-16	4.84e-10	2.56e-05	1.00e+00	0.00e+00	0.00e+00	0.00e+00	0.00e+00	0.00e+00
 1.74519e+13	0.00e+00	3.19e-31	4.39e-23	5.43e-16	5.42e-10	2.72e-05	1.00e+00	0.00e+00	0.00e+00	0.00e+00	0.00e+00	0.00e+00
 1.80105e+13	5.13e-40	4.17e-31	5.49e-23	6.50e-16	6.14e-10	2.92e-05	1.00e+00	0.00e+00	0.00e+00	0.00e+00	0.00e+00	0.00e+00
 1.87077e+13	0.00e+00	5.77e-31	7.22e-23	8.07e-16	7.14e-10	3.17e-05	1.00e+00	0.00e+00	0.00e+00	0.00e+00	0.00e+00	0.00e+00
 1.94215e+13	1.09e-39	7.94e-31	9.44e-23	1.00e-15	8.29e-10	3.44e-05	1.00e+00	0.00e+00	0.00e+00	0.00e+00	0.00e+00	0.00e+00
 2.00503e+13	0.00e+00	1.05e-30	1.19e-22	1.20e-15	9.40e-10	3.68e-05	1.00e+00	0.00e+00	0.00e+00	0.00e+00	0.00e+00	0.00e+00
 2.07324e+13	2.11e-39	1.40e-30	1.52e-22	1.45e-15	1.07e-09	3.96e-05	1.00e+00	0.00e+00	0.00e+00	0.00e+00	0.00e+00	0.00e+00
 2.15552e+13	0.00e+00	1.96e-30	2.01e-22	1.82e-15	1.25e-09	4.30e-05	1.00e+00	0.00e+00	0.00e+00	0.00e+00	0.00e+00	0.00e+00
 2.23820e+13	4.59e-39	2.72e-30	2.64e-22	2.26e-15	1.45e-09	4.67e-05	1.00e+00	0.00e+00	0.00e+00	0.00e+00	0.00e+00	0.00e+00
 2.31369e+13	0.00e+00	3.64e-30	3.37e-22	2.73e-15	1.66e-09	5.01e-05	1.00e+00	0.00e+00	0.00e+00	0.00e+00	0.00e+00	0.00e+00
 2.39775e+13	9.38e-39	5.00e-30	4.38e-22	3.35e-15	1.91e-09	5.40e-05	1.00e+00	0.00e+00	0.00e+00	0.00e+00	0.00e+00	0.00e+00
 2.49567e+13	0.00e+00	7.12e-30	5.88e-22	4.23e-15	2.23e-09	5.88e-05	1.00e+00	0.00e+00	0.00e+00	0.00e+00	0.00e+00	0.00e+00
 2.59286e+13	2.12e-38	1.00e-29	7.81e-22	5.27e-15	2.59e-09	6.37e-05	1.00e+00	0.00e+00	0.00e+00	0.00e+00	0.00e+00	0.00e+00
 2.69394e+13	0.00e+00	1.42e-29	1.04e-21	6.58e-15	3.01e-09	6.90e-05	1.00e+00	0.00e+00	0.00e+00	0.00e+00	0.00e+00	0.00e+00
 2.80469e+13	4.88e-38	2.03e-29	1.40e-21	8.31e-15	3.53e-09	7.51e-05	1.00e+00	0.00e+00	0.00e+00	0.00e+00	0.00e+00	0.00e+00
 2.91707e+13	0.00e+00	2.91e-29	1.88e-21	1.04e-14	4.12e-09	8.15e-05	1.00e+00	0.00e+00	0.00e+00	0.00e+00	0.00e+00	0.00e+00
 3.03394e+13	1.13e-37	4.16e-29	2.52e-21	1.31e-14	4.81e-09	8.85e-05	1.00e+00	0.00e+00	0.00e+00	0.00e+00	0.00e+00	0.00e+00
 3.15829e+13	0.00e+00	6.00e-29	3.41e-21	1.66e-14	5.64e-09	9.62e-05	1.00e+00	0.00e+00	0.00e+00	0.00e+00	0.00e+00	0.00e+00
 3.28279e+13	2.66e-37	8.57e-29	4.57e-21	2.07e-14	6.57e-09	1.04e-04	1.00e+00	0.00e+00	0.00e+00	0.00e+00	0.00e+00	0.00e+00
 3.41228e+13	0.00e+00	1.23e-28	6.13e-21	2.60e-14	7.65e-09	1.13e-04	1.00e+00	0.00e+00	0.00e+00	0.00e+00	0.00e+00	0.00e+00
 3.55176e+13	6.29e-37	1.77e-28	8.30e-21	3.29e-14	8.95e-09	1.23e-04	1.00e+00	0.00e+00	0.00e+00	0.00e+00	0.00e+00	0.00e+00
 3.69682e+13	0.00e+00	2.58e-28	1.12e-20	4.15e-14	1.05e-08	1.33e-04	1.00e+00	0.00e+00	0.00e+00	0.00e+00	0.00e+00	0.00e+00
 3.84769e+13	1.52e-36	3.74e-28	1.53e-20	5.25e-14	1.23e-08	1.45e-04	1.00e+00	0.00e+00	0.00e+00	0.00e+00	0.00e+00	0.00e+00
 4.00459e+13	0.00e+00	5.43e-28	2.07e-20	6.63e-14	1.44e-08	1.57e-04	1.00e+00	0.00e+00	0.00e+00	0.00e+00	0.00e+00	0.00e+00
 4.16777e+13	3.68e-36	7.90e-28	2.81e-20	8.38e-14	1.68e-08	1.70e-04	1.00e+00	0.00e+00	0.00e+00	0.00e+00	0.00e+00	0.00e+00
 4.32022e+13	0.00e+00	1.11e-27	3.70e-20	1.03e-13	1.94e-08	1.83e-04	1.00e+00	0.00e+00	0.00e+00	0.00e+00	0.00e+00	0.00e+00
 4.45590e+13	7.77e-36	1.48e-27	4.69e-20	1.24e-13	2.19e-08	1.95e-04	1.00e+00	0.00e+00	0.00e+00	0.00e+00	0.00e+00	0.00e+00
 4.60865e+13	0.00e+00	2.03e-27	6.07e-20	1.51e-13	2.50e-08	2.09e-04	1.00e+00	0.00e+00	0.00e+00	0.00e+00	0.00e+00	0.00e+00
 4.79038e+13	1.74e-35	2.92e-27	8.16e-20	1.90e-13	2.91e-08	2.27e-04	1.00e+00	0.00e+00	0.00e+00	0.00e+00	0.00e+00	0.00e+00
 4.97521e+13	0.00e+00	4.18e-27	1.09e-19	2.37e-13	3.38e-08	2.45e-04	1.00e+00	0.00e+00	0.00e+00	0.00e+00	0.00e+00	0.00e+00
 5.15273e+13	3.94e-35	5.83e-27	1.43e-19	2.91e-13	3.88e-08	2.63e-04	1.00e+00	0.00e+00	0.00e+00	0.00e+00	0.00e+00	0.00e+00
 5.34714e+13	5.96e-35	8.26e-27	1.90e-19	3.62e-13	4.49e-08	2.84e-04	1.00e+00	0.00e+00	0.00e+00	0.00e+00	0.00e+00	0.00e+00
 5.56402e+13	9.30e-35	1.20e-26	2.58e-19	4.58e-13	5.26e-08	3.08e-04	1.00e+00	0.00e+00	0.00e+00	0.00e+00	0.00e+00	0.00e+00
 5.78457e+13	1.44e-34	1.74e-26	3.49e-19	5.75e-13	6.13e-08	3.33e-04	1.00e+00	0.00e+00	0.00e+00	0.00e+00	0.00e+00	0.00e+00
 6.01395e+13	2.23e-34	2.51e-26	4.70e-19	7.24e-13	7.15e-08	3.61e-04	1.00e+00	0.00e+00	0.00e+00	0.00e+00	0.00e+00	0.00e+00
 6.25750e+13	3.48e-34	3.66e-26	6.39e-19	9.15e-13	8.37e-08	3.92e-04	1.00e+00	0.00e+00	0.00e+00	0.00e+00	0.00e+00	0.00e+00
 6.51080e+13	5.45e-34	5.34e-26	8.68e-19	1.16e-12	9.79e-08	4.25e-04	1.00e+00	0.00e+00	0.00e+00	0.00e+00	0.00e+00	0.00e+00
 6.74713e+13	8.15e-34	7.50e-26	1.14e-18	1.43e-12	1.13e-07	4.57e-04	1.00e+00	0.00e+00	0.00e+00	0.00e+00	0.00e+00	0.00e+00
 6.95526e+13	1.15e-33	1.00e-25	1.45e-18	1.71e-12	1.27e-07	4.86e-04	1.00e+00	0.00e+00	0.00e+00	0.00e+00	0.00e+00	0.00e+00
 7.18739e+13	1.66e-33	1.37e-25	1.87e-18	2.07e-12	1.45e-07	5.20e-04	9.99e-01	0.00e+00	0.00e+00	0.00e+00	0.00e+00	0.00e+00
 7.46647e+13	2.55e-33	1.96e-25	2.50e-18	2.60e-12	1.68e-07	5.62e-04	9.99e-01	0.00e+00	0.00e+00	0.00e+00	0.00e+00	0.00e+00
 7.74681e+13	3.88e-33	2.80e-25	3.33e-18	3.23e-12	1.95e-07	6.06e-04	9.99e-01	0.00e+00	0.00e+00	0.00e+00	0.00e+00	0.00e+00
 8.00373e+13	5.63e-33	3.82e-25	4.30e-18	3.91e-12	2.22e-07	6.47e-04	9.99e-01	0.00e+00	0.00e+00	0.00e+00	0.00e+00	0.00e+00
 8.28997e+13	8.39e-33	5.35e-25	5.65e-18	4.82e-12	2.55e-07	6.95e-04	9.99e-01	0.00e+00	0.00e+00	0.00e+00	0.00e+00	0.00e+00
 8.62229e+13	1.31e-32	7.79e-25	7.66e-18	6.08e-12	2.97e-07	7.54e-04	9.99e-01	0.00e+00	0.00e+00	0.00e+00	0.00e+00	0.00e+00
 8.94701e+13	2.00e-32	1.11e-24	1.02e-17	7.57e-12	3.44e-07	8.12e-04	9.99e-01	0.00e+00	0.00e+00	0.00e+00	0.00e+00	0.00e+00
 9.25256e+13	2.94e-32	1.54e-24	1.33e-17	9.24e-12	3.93e-07	8.69e-04	9.99e-01	0.00e+00	0.00e+00	0.00e+00	0.00e+00	0.00e+00
 9.59349e+13	4.46e-32	2.18e-24	1.76e-17	1.14e-11	4.54e-07	9.36e-04	9.99e-01	0.00e+00	0.00e+00	0.00e+00	0.00e+00	0.00e+00
 9.98023e+13	7.07e-32	3.22e-24	2.42e-17	1.45e-11	5.31e-07	1.01e-03	9.99e-01	0.00e+00	0.00e+00	0.00e+00	0.00e+00	0.00e+00
 1.03653e+14	1.09e-31	4.61e-24	3.23e-17	1.81e-11	6.17e-07	1.09e-03	9.99e-01	0.00e+00	0.00e+00	0.00e+00	0.00e+00	0.00e+00
 1.07659e+14	1.69e-31	6.66e-24	4.35e-17	2.27e-11	7.17e-07	1.18e-03	9.99e-01	0.00e+00	0.00e+00	0.00e+00	0.00e+00	0.00e+00
 1.11995e+14	2.67e-31	9.78e-24	5.93e-17	2.87e-11	8.38e-07	1.28e-03	9.99e-01	0.00e+00	0.00e+00	0.00e+00	0.00e+00	0.00e+00
 1.16504e+14	4.22e-31	1.44e-23	8.08e-17	3.62e-11	9.80e-07	1.38e-03	9.99e-01	0.00e+00	0.00e+00	0.00e+00	0.00e+00	0.00e+00
 1.21195e+14	6.69e-31	2.11e-23	1.10e-16	4.58e-11	1.15e-06	1.50e-03	9.99e-01	0.00e+00	0.00e+00	0.00e+00	0.00e+00	0.00e+00
 1.26072e+14	1.06e-30	3.11e-23	1.51e-16	5.79e-11	1.34e-06	1.62e-03	9.98e-01	0.00e+00	0.00e+00	0.00e+00	0.00e+00	0.00e+00
 1.31026e+14	1.67e-30	4.55e-23	2.04e-16	7.28e-11	1.56e-06	1.75e-03	9.98e-01	0.00e+00	0.00e+00	0.00e+00	0.00e+00	0.00e+00
 1.35788e+14	2.54e-30	6.46e-23	2.71e-16	9.00e-11	1.80e-06	1.88e-03	9.98e-01	0.00e+00	0.00e+00	0.00e+00	0.00e+00	0.00e+00
 1.40859e+14	3.92e-30	9.27e-23	3.62e-16	1.12e-10	2.08e-06	2.02e-03	9.98e-01	0.00e+00	0.00e+00	0.00e+00	0.00e+00	0.00e+00
 1.46523e+14	6.25e-30	1.37e-22	4.94e-16	1.42e-10	2.43e-06	2.19e-03	9.98e-01	0.00e+00	0.00e+00	0.00e+00	0.00e+00	0.00e+00
 1.52137e+14	9.75e-30	1.98e-22	6.66e-16	1.77e-10	2.82e-06	2.36e-03	9.98e-01	0.00e+00	0.00e+00	0.00e+00	0.00e+00	0.00e+00
 1.57975e+14	1.53e-29	2.88e-22	8.98e-16	2.22e-10	3.28e-06	2.54e-03	9.97e-01	0.00e+00	0.00e+00	0.00e+00	0.00e+00	0.00e+00
 1.64324e+14	2.44e-29	4.26e-22	1.23e-15	2.80e-10	3.83e-06	2.75e-03	9.97e-01	0.00e+00	0.00e+00	0.00e+00	0.00e+00	0.00e+00
 1.70705e+14	3.83e-29	6.22e-22	1.66e-15	3.52e-10	4.46e-06	2.97e-03	9.97e-01	0.00e+00	0.00e+00	0.00e+00	0.00e+00	0.00e+00
 1.76571e+14	5.73e-29	8.69e-22	2.18e-15	4.30e-10	5.10e-06	3.17e-03	9.97e-01	0.00e+00	0.00e+00	0.00e+00	0.00e+00	0.00e+00
 1.82834e+14	8.69e-29	1.23e-21	2.87e-15	5.29e-10	5.85e-06	3.40e-03	9.97e-01	0.00e+00	0.00e+00	0.00e+00	0.00e+00	0.00e+00
 1.89900e+14	1.36e-28	1.79e-21	3.88e-15	6.63e-10	6.80e-06	3.66e-03	9.96e-01	0.00e+00	0.00e+00	0.00e+00	0.00e+00	0.00e+00
 1.96687e+14	2.08e-28	2.54e-21	5.13e-15	8.18e-10	7.82e-06	3.92e-03	9.96e-01	0.00e+00	0.00e+00	0.00e+00	0.00e+00	0.00e+00
 2.03962e+14	3.20e-28	3.64e-21	6.84e-15	1.02e-09	9.03e-06	4.22e-03	9.96e-01	0.00e+00	0.00e+00	0.00e+00	0.00e+00	0.00e+00
 2.12150e+14	5.10e-28	5.38e-21	9.36e-15	1.28e-09	1.06e-05	4.56e-03	9.95e-01	0.00e+00	0.00e+00	0.00e+00	0.00e+00	0.00e+00
 2.19743e+14	7.74e-28	7.62e-21	1.24e-14	1.58e-09	1.21e-05	4.89e-03	9.95e-01	0.00e+00	0.00e+00	0.00e+00	0.00e+00	0.00e+00
 2.26354e+14	1.10e-27	1.02e-20	1.57e-14	1.89e-09	1.37e-05	5.18e-03	9.95e-01	0.00e+00	0.00e+00	0.00e+00	0.00e+00	0.00e+00
 2.33697e+14	1.61e-27	1.40e-20	2.02e-14	2.28e-09	1.55e-05	5.52e-03	9.94e-01	0.00e+00	0.00e+00	0.00e+00	0.00e+00	0.00e+00
 2.42619e+14	2.50e-27	2.03e-20	2.71e-14	2.85e-09	1.80e-05	5.95e-03	9.94e-01	0.00e+00	0.00e+00	0.00e+00	0.00e+00	0.00e+00
 2.51630e+14	3.84e-27	2.90e-20	3.62e-14	3.54e-09	2.08e-05	6.40e-03	9.94e-01	0.00e+00	0.00e+00	0.00e+00	0.00e+00	0.00e+00
 2.59778e+14	5.60e-27	3.97e-20	4.66e-14	4.28e-09	2.36e-05	6.82e-03	9.93e-01	0.00e+00	0.00e+00	0.00e+00	0.00e+00	0.00e+00
 2.68768e+14	8.33e-27	5.54e-20	6.09e-14	5.24e-09	2.70e-05	7.30e-03	9.93e-01	0.00e+00	0.00e+00	0.00e+00	0.00e+00	0.00e+00
 2.79342e+14	1.30e-26	8.07e-20	8.25e-14	6.60e-09	3.14e-05	7.89e-03	9.92e-01	0.00e+00	0.00e+00	0.00e+00	0.00e+00	0.00e+00
 2.89738e+14	2.00e-26	1.15e-19	1.10e-13	8.20e-09	3.63e-05	8.49e-03	9.91e-01	0.00e+00	0.00e+00	0.00e+00	0.00e+00	0.00e+00
 2.99354e+14	2.91e-26	1.58e-19	1.42e-13	9.95e-09	4.13e-05	9.07e-03	9.91e-01	0.00e+00	0.00e+00	0.00e+00	0.00e+00	0.00e+00
 3.10162e+14	4.37e-26	2.23e-19	1.88e-13	1.23e-08	4.76e-05	9.74e-03	9.90e-01	0.00e+00	0.00e+00	0.00e+00	0.00e+00	0.00e+00
 3.22598e+14	6.86e-26	3.26e-19	2.55e-13	1.55e-08	5.56e-05	1.05e-02	9.89e-01	0.00e+00	0.00e+00	0.00e+00	0.00e+00	0.00e+00
 3.34789e+14	1.04e-25	4.65e-19	3.41e-13	1.93e-08	6.44e-05	1.14e-02	9.89e-01	0.00e+00	0.00e+00	0.00e+00	0.00e+00	0.00e+00
 3.47466e+14	1.59e-25	6.63e-19	4.55e-13	2.41e-08	7.46e-05	1.23e-02	9.88e-01	0.00e+00	0.00e+00	0.00e+00	0.00e+00	0.00e+00
 3.61395e+14	2.48e-25	9.65e-19	6.18e-13	3.04e-08	8.71e-05	1.33e-02	9.87e-01	0.00e+00	0.00e+00	0.00e+00	0.00e+00	0.00e+00
 3.75424e+14	3.78e-25	1.38e-18	8.29e-13	3.81e-08	1.01e-04	1.44e-02	9.86e-01	0.00e+00	0.00e+00	0.00e+00	0.00e+00	0.00e+00
 3.90014e+14	5.79e-25	1.98e-18	1.11e-12	4.78e-08	1.18e-04	1.56e-02	9.84e-01	0.00e+00	0.00e+00	0.00e+00	0.00e+00	0.00e+00
 4.05645e+14	8.95e-25	2.87e-18	1.51e-12	6.03e-08	1.38e-04	1.69e-02	9.83e-01	0.00e+00	0.00e+00	0.00e+00	0.00e+00	0.00e+00
 4.21901e+14	1.37e-24	4.14e-18	2.04e-12	7.60e-08	1.61e-04	1.83e-02	9.82e-01	0.00e+00	0.00e+00	0.00e+00	0.00e+00	0.00e+00
 4.38807e+14	2.11e-24	5.97e-18	2.75e-12	9.58e-08	1.87e-04	1.99e-02	9.80e-01	0.00e+00	0.00e+00	0.00e+00	0.00e+00	0.00e+00
 4.55061e+14	3.12e-24	8.35e-18	3.63e-12	1.19e-07	2.16e-04	2.15e-02	9.78e-01	0.00e+00	0.00e+00	0.00e+00	0.00e+00	0.00e+00
 4.70149e+14	4.45e-24	1.13e-17	4.66e-12	1.44e-07	2.46e-04	2.30e-02	9.77e-01	0.00e+00	0.00e+00	0.00e+00	0.00e+00	0.00e+00
 4.84445e+14	6.09e-24	1.48e-17	5.85e-12	1.72e-07	2.76e-04	2.45e-02	9.75e-01	0.00e+00	0.00e+00	0.00e+00	0.00e+00	0.00e+00
 5.00188e+14	8.59e-24	2.00e-17	7.46e-12	2.07e-07	3.13e-04	2.62e-02	9.74e-01	0.00e+00	0.00e+00	0.00e+00	0.00e+00	0.00e+00
 5.17721e+14	1.23e-23	2.73e-17	9.69e-12	2.54e-07	3.59e-04	2.81e-02	9.71e-01	0.00e+00	0.00e+00	0.00e+00	0.00e+00	0.00e+00
 5.34188e+14	1.72e-23	3.63e-17	1.23e-11	3.05e-07	4.05e-04	3.01e-02	9.70e-01	0.00e+00	0.00e+00	0.00e+00	0.00e+00	0.00e+00
 5.52198e+14	2.42e-23	4.90e-17	1.58e-11	3.71e-07	4.61e-04	3.23e-02	9.67e-01	0.00e+00	0.00e+00	0.00e+00	0.00e+00	0.00e+00
 5.72387e+14	3.52e-23	6.79e-17	2.07e-11	4.58e-07	5.31e-04	3.48e-02	9.65e-01	0.00e+00	0.00e+00	0.00e+00	0.00e+00	0.00e+00
 5.91588e+14	4.95e-23	9.15e-17	2.66e-11	5.56e-07	6.04e-04	3.74e-02	9.62e-01	0.00e+00	0.00e+00	0.00e+00	0.00e+00	0.00e+00
 6.09804e+14	6.77e-23	1.20e-16	3.34e-11	6.65e-07	6.79e-04	3.99e-02	9.59e-01	0.00e+00	0.00e+00	0.00e+00	0.00e+00	0.00e+00
 6.30561e+14	9.52e-23	1.62e-16	4.30e-11	8.09e-07	7.74e-04	4.28e-02	9.56e-01	0.00e+00	0.00e+00	0.00e+00	0.00e+00	0.00e+00
 6.53728e+14	1.38e-22	2.25e-16	5.65e-11	1.00e-06	8.90e-04	4.62e-02	9.53e-01	0.00e+00	0.00e+00	0.00e+00	0.00e+00	0.00e+00
 6.75449e+14	1.93e-22	3.02e-16	7.23e-11	1.21e-06	1.01e-03	4.95e-02	9.49e-01	0.00e+00	0.00e+00	0.00e+00	0.00e+00	0.00e+00
 6.99104e+14	2.73e-22	4.10e-16	9.36e-11	1.48e-06	1.15e-03	5.33e-02	9.46e-01	0.00e+00	0.00e+00	0.00e+00	0.00e+00	0.00e+00
 7.25315e+14	3.97e-22	5.71e-16	1.24e-10	1.84e-06	1.33e-03	5.76e-02	9.41e-01	0.00e+00	0.00e+00	0.00e+00	0.00e+00	0.00e+00
 7.49641e+14	5.52e-22	7.67e-16	1.59e-10	2.23e-06	1.51e-03	6.18e-02	9.37e-01	0.00e+00	0.00e+00	0.00e+00	0.00e+00	0.00e+00
 7.76059e+14	7.83e-22	1.05e-15	2.06e-10	2.73e-06	1.72e-03	6.65e-02	9.32e-01	0.00e+00	0.00e+00	0.00e+00	0.00e+00	0.00e+00
 8.05524e+14	1.15e-21	1.47e-15	2.73e-10	3.40e-06	1.98e-03	7.19e-02	9.26e-01	0.00e+00	0.00e+00	0.00e+00	0.00e+00	0.00e+00
 8.33179e+14	1.61e-21	1.98e-15	3.52e-10	4.13e-06	2.26e-03	7.71e-02	9.21e-01	0.00e+00	0.00e+00	0.00e+00	0.00e+00	0.00e+00
 8.63241e+14	2.30e-21	2.73e-15	4.60e-10	5.08e-06	2.58e-03	8.29e-02	9.14e-01	0.00e+00	0.00e+00	0.00e+00	0.00e+00	0.00e+00
 8.96701e+14	3.39e-21	3.85e-15	6.14e-10	6.34e-06	2.98e-03	8.97e-02	9.07e-01	0.00e+00	0.00e+00	0.00e+00	0.00e+00	0.00e+00
 9.28218e+14	4.80e-21	5.26e-15	7.98e-10	7.75e-06	3.39e-03	9.63e-02	9.00e-01	0.00e+00	0.00e+00	0.00e+00	0.00e+00	0.00e+00
 9.62097e+14	6.91e-21	7.29e-15	1.05e-09	9.54e-06	3.88e-03	1.04e-01	8.93e-01	0.00e+00	0.00e+00	0.00e+00	0.00e+00	0.00e+00
 9.99789e+14	1.02e-20	1.03e-14	1.40e-09	1.19e-05	4.48e-03	1.12e-01	8.84e-01	0.00e+00	0.00e+00	0.00e+00	0.00e+00	0.00e+00
 1.03616e+15	1.47e-20	1.43e-14	1.84e-09	1.47e-05	5.11e-03	1.20e-01	8.75e-01	0.00e+00	0.00e+00	0.00e+00	0.00e+00	0.00e+00
 1.07481e+15	2.14e-20	2.01e-14	2.43e-09	1.81e-05	5.85e-03	1.29e-01	8.65e-01	0.00e+00	0.00e+00	0.00e+00	0.00e+00	0.00e+00
 1.11784e+15	3.20e-20	2.88e-14	3.28e-09	2.27e-05	6.76e-03	1.39e-01	8.54e-01	0.00e+00	0.00e+00	0.00e+00	0.00e+00	0.00e+00
 1.16089e+15	4.72e-20	4.07e-14	4.37e-09	2.81e-05	7.76e-03	1.50e-01	8.42e-01	0.00e+00	0.00e+00	0.00e+00	0.00e+00	0.00e+00
 1.20568e+15	6.98e-20	5.77e-14	5.82e-09	3.49e-05	8.89e-03	1.61e-01	8.30e-01	0.00e+00	0.00e+00	0.00e+00	0.00e+00	0.00e+00
 1.25393e+15	1.05e-19	8.30e-14	7.84e-09	4.37e-05	1.02e-02	1.73e-01	8.17e-01	0.00e+00	0.00e+00	0.00e+00	0.00e+00	0.00e+00
 1.30412e+15	1.58e-19	1.19e-13	1.06e-08	5.45e-05	1.18e-02	1.86e-01	8.02e-01	0.00e+00	0.00e+00	0.00e+00	0.00e+00	0.00e+00
 1.35512e+15	2.35e-19	1.70e-13	1.41e-08	6.76e-05	1.35e-02	1.99e-01	7.88e-01	0.00e+00	0.00e+00	0.00e+00	0.00e+00	0.00e+00
 1.39903e+15	3.29e-19	2.29e-13	1.80e-08	8.09e-05	1.51e-02	2.10e-01	7.75e-01	0.00e+00	0.00e+00	0.00e+00	0.00e+00	0.00e+00
 1.43438e+15	4.29e-19	2.89e-13	2.17e-08	9.29e-05	1.65e-02	2.19e-01	7.64e-01	0.00e+00	0.00e+00	0.00e+00	0.00e+00	0.00e+00
 1.47316e+15	5.65e-19	3.70e-13	2.65e-08	1.08e-04	1.81e-02	2.29e-01	7.53e-01	0.00e+00	0.00e+00	0.00e+00	0.00e+00	0.00e+00
 1.52358e+15	8.02e-19	5.06e-13	3.42e-08	1.30e-04	2.03e-02	2.43e-01	7.37e-01	0.00e+00	0.00e+00	0.00e+00	0.00e+00	0.00e+00
 1.57757e+15	1.16e-18	7.01e-13	4.44e-08	1.57e-04	2.28e-02	2.56e-01	7.21e-01	0.00e+00	0.00e+00	0.00e+00	0.00e+00	0.00e+00
 1.62573e+15	1.60e-18	9.26e-13	5.56e-08	1.85e-04	2.53e-02	2.69e-01	7.06e-01	0.00e+00	0.00e+00	0.00e+00	0.00e+00	0.00e+00
 1.67788e+15	2.23e-18	1.24e-12	7.03e-08	2.20e-04	2.81e-02	2.82e-01	6.90e-01	0.00e+00	0.00e+00	0.00e+00	0.00e+00	0.00e+00
 1.74151e+15	3.31e-18	1.75e-12	9.28e-08	2.69e-04	3.18e-02	2.98e-01	6.70e-01	0.00e+00	0.00e+00	0.00e+00	0.00e+00	0.00e+00
 1.80545e+15	4.86e-18	2.45e-12	1.21e-07	3.26e-04	3.57e-02	3.13e-01	6.51e-01	0.00e+00	0.00e+00	0.00e+00	0.00e+00	0.00e+00
 1.86226e+15	6.76e-18	3.26e-12	1.52e-07	3.85e-04	3.94e-02	3.27e-01	6.33e-01	0.00e+00	0.00e+00	0.00e+00	0.00e+00	0.00e+00
 1.92443e+15	9.59e-18	4.41e-12	1.93e-07	4.57e-04	4.38e-02	3.41e-01	6.14e-01	0.00e+00	0.00e+00	0.00e+00	0.00e+00	0.00e+00
 1.99878e+15	1.44e-17	6.25e-12	2.55e-07	5.57e-04	4.93e-02	3.58e-01	5.92e-01	0.00e+00	0.00e+00	0.00e+00	0.00e+00	0.00e+00
 2.07236e+15	2.11e-17	8.70e-12	3.31e-07	6.72e-04	5.50e-02	3.74e-01	5.70e-01	0.00e+00	0.00e+00	0.00e+00	0.00e+00	0.00e+00
 2.13879e+15	3.00e-17	1.16e-11	4.15e-07	7.89e-04	6.05e-02	3.87e-01	5.51e-01	0.00e+00	0.00e+00	1.71e-17	9.10e-18	3.28e-18
 2.21251e+15	4.29e-17	1.58e-11	5.29e-07	9.37e-04	6.69e-02	4.02e-01	5.30e-01	0.00e+00	0.00e+00	2.44e-17	1.32e-17	4.65e-18
 2.29927e+15	6.45e-17	2.24e-11	6.96e-07	1.14e-03	7.48e-02	4.18e-01	5.06e-01	0.00e+00	0.00e+00	3.68e-17	1.97e-17	6.96e-18
 2.38485e+15	9.53e-17	3.11e-11	8.99e-07	1.36e-03	8.31e-02	4.33e-01	4.83e-01	0.00e+00	0.00e+00	5.45e-17	2.91e-17	1.02e-17
 2.46433e+15	1.35e-16	4.16e-11	1.13e-06	1.60e-03	9.10e-02	4.46e-01	4.62e-01	0.00e+00	0.00e+00	7.72e-17	4.10e-17	1.44e-17
 2.55341e+15	1.97e-16	5.71e-11	1.45e-06	1.90e-03	1.00e-01	4.59e-01	4.39e-01	0.00e+00	0.00e+00	1.13e-16	5.98e-17	2.09e-17
 2.65558e+15	2.98e-16	8.09e-11	1.89e-06	2.29e-03	1.11e-01	4.73e-01	4.14e-01	0.00e+00	0.00e+00	1.71e-16	9.04e-17	3.15e-17
 2.75601e+15	4.41e-16	1.12e-10	2.44e-06	2.72e-03	1.23e-01	4.84e-01	3.90e-01	0.00e+00	0.00e+00	2.53e-16	1.34e-16	4.64e-17
 2.86046e+15	6.52e-16	1.55e-10	3.13e-06	3.23e-03	1.35e-01	4.95e-01	3.67e-01	0.00e+00	0.00e+00	3.75e-16	1.98e-16	6.84e-17
 2.97491e+15	9.84e-16	2.17e-10	4.06e-06	3.86e-03	1.48e-01	5.05e-01	3.43e-01	0.00e+00	0.00e+00	5.66e-16	2.99e-16	1.03e-16
 3.09086e+15	1.47e-15	3.02e-10	5.23e-06	4.58e-03	1.63e-01	5.13e-01	3.20e-01	0.00e+00	0.00e+00	8.45e-16	4.45e-16	1.53e-16
 3.21144e+15	2.19e-15	4.18e-10	6.71e-06	5.42e-03	1.78e-01	5.20e-01	2.97e-01	0.00e+00	0.00e+00	1.26e-15	6.63e-16	2.27e-16
 3.33993e+15	3.28e-15	5.81e-10	8.63e-06	6.42e-03	1.94e-01	5.25e-01	2.75e-01	0.00e+00	0.00e+00	1.89e-15	9.94e-16	3.39e-16
 3.45136e+15	4.61e-15	7.65e-10	1.06e-05	7.39e-03	2.08e-01	5.28e-01	2.56e-01	0.00e+00	0.00e+00	2.66e-15	1.40e-15	4.75e-16
 3.53675e+15	5.92e-15	9.36e-10	1.24e-05	8.19e-03	2.19e-01	5.29e-01	2.43e-01	0.00e+00	0.00e+00	3.41e-15	1.80e-15	6.09e-16
 3.62755e+15	7.68e-15	1.15e-09	1.46e-05	9.10e-03	2.31e-01	5.30e-01	2.30e-01	0.00e+00	0.00e+00	4.43e-15	2.33e-15	7.90e-16
 3.74558e+15	1.07e-14	1.50e-09	1.78e-05	1.04e-02	2.46e-01	5.30e-01	2.14e-01	0.00e+00	0.00e+00	6.15e-15	3.23e-15	1.09e-15
 3.87472e+15	1.50e-14	1.98e-09	2.19e-05	1.19e-02	2.63e-01	5.28e-01	1.97e-01	0.00e+00	0.00e+00	8.69e-15	4.56e-15	1.54e-15
 3.99263e+15	2.04e-14	2.51e-09	2.63e-05	1.34e-02	2.78e-01	5.25e-01	1.83e-01	0.00e+00	0.00e+00	1.18e-14	6.18e-15	2.08e-15
 4.12024e+15	2.80e-14	3.24e-09	3.18e-05	1.51e-02	2.95e-01	5.21e-01	1.69e-01	0.00e+00	0.00e+00	1.62e-14	8.51e-15	2.86e-15
 4.27622e+15	4.07e-14	4.35e-09	3.97e-05	1.74e-02	3.14e-01	5.15e-01	1.53e-01	0.00e+00	0.00e+00	2.36e-14	1.24e-14	4.14e-15
 4.43140e+15	5.81e-14	5.74e-09	4.90e-05	1.99e-02	3.33e-01	5.08e-01	1.39e-01	0.00e+00	0.00e+00	3.36e-14	1.76e-14	5.90e-15
 4.56669e+15	7.83e-14	7.25e-09	5.84e-05	2.23e-02	3.50e-01	5.00e-01	1.28e-01	0.00e+00	0.00e+00	4.53e-14	2.37e-14	7.93e-15
 4.71384e+15	1.07e-13	9.27e-09	7.03e-05	2.50e-02	3.67e-01	4.92e-01	1.16e-01	0.00e+00	0.00e+00	6.21e-14	3.25e-14	1.08e-14
 4.89297e+15	1.55e-13	1.24e-08	8.71e-05	2.86e-02	3.88e-01	4.80e-01	1.04e-01	0.00e+00	0.00e+00	9.00e-14	4.72e-14	1.57e-14
 5.07159e+15	2.21e-13	1.63e-08	1.07e-04	3.24e-02	4.07e-01	4.67e-01	9.29e-02	0.00e+00	0.00e+00	1.28e-13	6.72e-14	2.23e-14
 5.22963e+15	3.00e-13	2.05e-08	1.27e-04	3.60e-02	4.24e-01	4.56e-01	8.41e-02	0.00e+00	0.00e+00	1.73e-13	9.09e-14	3.02e-14
 5.40300e+15	4.14e-13	2.63e-08	1.52e-04	4.02e-02	4.42e-01	4.42e-01	7.55e-02	0.00e+00	0.00e+00	2.40e-13	1.26e-13	4.16e-14
 5.61102e+15	6.01e-13	3.50e-08	1.88e-04	4.57e-02	4.62e-01	4.26e-01	6.63e-02	0.00e+00	0.00e+00	3.48e-13	1.82e-13	6.03e-14
 5.81645e+15	8.51e-13	4.56e-08	2.29e-04	5.13e-02	4.80e-01	4.10e-01	5.83e-02	0.00e+00	0.00e+00	4.93e-13	2.58e-13	8.53e-14
 6.00270e+15	1.16e-12	5.75e-08	2.71e-04	5.67e-02	4.96e-01	3.95e-01	5.20e-02	0.00e+00	0.00e+00	6.70e-13	3.51e-13	1.16e-13
 6.21165e+15	1.61e-12	7.42e-08	3.27e-04	6.32e-02	5.13e-01	3.78e-01	4.57e-02	0.00e+00	0.00e+00	9.36e-13	4.90e-13	1.62e-13
 6.44743e+15	2.31e-12	9.74e-08	3.99e-04	7.09e-02	5.30e-01	3.59e-01	3.95e-02	0.00e+00	0.00e+00	1.34e-12	7.03e-13	2.31e-13
 6.67478e+15	3.23e-12	1.25e-07	4.79e-04	7.87e-02	5.45e-01	3.41e-01	3.44e-02	0.00e+00	0.00e+00	1.87e-12	9.80e-13	3.22e-13
 6.89216e+15	4.39e-12	1.58e-07	5.68e-04	8.66e-02	5.58e-01	3.25e-01	3.01e-02	0.00e+00	0.00e+00	2.54e-12	1.33e-12	4.38e-13
 7.10748e+15	5.89e-12	1.97e-07	6.67e-04	9.47e-02	5.69e-01	3.09e-01	2.64e-02	0.00e+00	0.00e+00	3.41e-12	1.79e-12	5.87e-13
 7.35497e+15	8.19e-12	2.52e-07	7.98e-04	1.05e-01	5.81e-01	2.91e-01	2.27e-02	0.00e+00	0.00e+00	4.75e-12	2.49e-12	8.16e-13
 7.62496e+15	1.15e-11	3.26e-07	9.64e-04	1.16e-01	5.92e-01	2.72e-01	1.93e-02	0.00e+00	0.00e+00	6.70e-12	3.51e-12	1.15e-12
 7.84948e+15	1.51e-11	3.99e-07	1.12e-03	1.25e-01	6.00e-01	2.57e-01	1.69e-02	0.00e+00	0.00e+00	8.75e-12	4.58e-12	1.50e-12
 8.03538e+15	1.88e-11	4.71e-07	1.26e-03	1.34e-01	6.05e-01	2.45e-01	1.51e-02	0.00e+00	0.00e+00	1.09e-11	5.72e-12	1.87e-12
 8.24583e+15	2.41e-11	5.66e-07	1.44e-03	1.43e-01	6.10e-01	2.32e-01	1.33e-02	0.00e+00	0.00e+00	1.40e-11	7.32e-12	2.40e-12
 8.51942e+15	3.30e-11	7.15e-07	1.71e-03	1.56e-01	6.15e-01	2.15e-01	1.13e-02	0.00e+00	0.00e+00	1.91e-11	1.00e-11	3.28e-12
 8.80212e+15	4.46e-11	8.96e-07	2.02e-03	1.70e-01	6.19e-01	2.00e-01	9.55e-03	0.00e+00	0.00e+00	2.59e-11	1.36e-11	4.43e-12
 9.04272e+15	5.71e-11	1.08e-06	2.32e-03	1.82e-01	6.20e-01	1.87e-01	8.28e-03	0.00e+00	0.00e+00	3.32e-11	1.74e-11	5.68e-12
 9.30155e+15	7.49e-11	1.32e-06	2.68e-03	1.96e-01	6.21e-01	1.74e-01	7.10e-03	0.00e+00	0.00e+00	4.35e-11	2.28e-11	7.45e-12
 9.63682e+15	1.05e-10	1.70e-06	3.22e-03	2.14e-01	6.19e-01	1.58e-01	5.81e-03	0.00e+00	0.00e+00	6.12e-11	3.21e-11	1.05e-11
 9.96601e+15	1.43e-10	2.14e-06	3.83e-03	2.32e-01	6.16e-01	1.43e-01	4.79e-03	0.00e+00	0.00e+00	8.30e-11	4.35e-11	1.42e-11
 1.02187e+16	1.80e-10	2.55e-06	4.36e-03	2.47e-01	6.12e-01	1.33e-01	4.13e-03	0.00e+00	0.00e+00	1.04e-10	5.47e-11	1.79e-11
 1.04773e+16	2.29e-10	3.05e-06	4.97e-03	2.62e-01	6.06e-01	1.23e-01	3.54e-03	0.00e+00	0.00e+00	1.33e-10	6.97e-11	2.27e-11
 1.08135e+16	3.12e-10	3.84e-06	5.89e-03	2.82e-01	5.98e-01	1.11e-01	2.89e-03	0.00e+00	0.00e+00	1.81e-10	9.50e-11	3.10e-11
 1.11576e+16	4.15e-10	4.77e-06	6.94e-03	3.03e-01	5.88e-01	9.97e-02	2.36e-03	0.00e+00	0.00e+00	2.41e-10	1.26e-10	4.13e-11
 1.14397e+16	5.25e-10	5.71e-06	7.93e-03	3.21e-01	5.78e-01	9.12e-02	1.99e-03	0.00e+00	0.00e+00	3.05e-10	1.60e-10	5.22e-11
 1.16904e+16	6.46e-10	6.68e-06	8.93e-03	3.37e-01	5.69e-01	8.41e-02	1.72e-03	0.00e+00	0.00e+00	3.75e-10	1.97e-10	6.43e-11
 1.19721e+16	8.20e-10	7.99e-06	1.02e-02	3.55e-01	5.57e-01	7.65e-02	1.44e-03	0.00e+00	0.00e+00	4.77e-10	2.50e-10	8.17e-11
 1.22839e+16	1.06e-09	9.70e-06	1.18e-02	3.75e-01	5.43e-01	6.88e-02	1.19e-03	0.00e+00	0.00e+00	6.16e-10	3.23e-10	1.06e-10
 1.25688e+16	1.32e-09	1.15e-05	1.34e-02	3.94e-01	5.29e-01	6.24e-02	1.00e-03	0.00e+00	0.00e+00	7.68e-10	4.03e-10	1.32e-10
 1.28301e+16	1.63e-09	1.35e-05	1.52e-02	4.11e-01	5.16e-01	5.69e-02	8.54e-04	0.00e+00	0.00e+00	9.49e-10	4.98e-10	1.63e-10
 1.31269e+16	2.09e-09	1.63e-05	1.74e-02	4.32e-01	4.99e-01	5.10e-02	7.06e-04	0.00e+00	0.00e+00	1.22e-09	6.39e-10	2.09e-10
 1.34444e+16	2.71e-09	1.98e-05	2.02e-02	4.53e-01	4.81e-01	4.53e-02	5.77e-04	0.00e+00	0.00e+00	1.57e-09	8.26e-10	2.70e-10
 1.37207e+16	3.37e-09	2.34e-05	2.30e-02	4.72e-01	4.64e-01	4.07e-02	4.83e-04	0.00e+00	0.00e+00	1.96e-09	1.03e-09	3.36e-10
 1.39712e+16	4.11e-09	2.74e-05	2.59e-02	4.88e-01	4.48e-01	3.69e-02	4.10e-04	0.00e+00	0.00e+00	2.39e-09	1.26e-09	4.10e-10
 1.42137e+16	5.02e-09	3.19e-05	2.91e-02	5.05e-01	4.32e-01	3.34e-02	3.49e-04	0.00e+00	0.00e+00	2.92e-09	1.53e-09	5.01e-10
 1.44470e+16	6.11e-09	3.71e-05	3.27e-02	5.20e-01	4.16e-01	3.03e-02	2.97e-04	0.00e+00	0.00e+00	3.55e-09	1.87e-09	6.11e-10
 1.46760e+16	7.44e-09	4.32e-05	3.67e-02	5.36e-01	4.00e-01	2.74e-02	2.53e-04	0.00e+00	0.00e+00	4.33e-09	2.27e-09	7.44e-10
 1.49039e+16	9.10e-09	5.05e-05	4.12e-02	5.50e-01	3.83e-01	2.47e-02	2.15e-04	0.00e+00	0.00e+00	5.29e-09	2.78e-09	9.10e-10
 1.51295e+16	1.12e-08	5.90e-05	4.65e-02	5.65e-01	3.66e-01	2.22e-02	1.82e-04	0.00e+00	0.00e+00	6.49e-09	3.41e-09	1.12e-09
 1.53511e+16	1.37e-08	6.92e-05	5.24e-02	5.78e-01	3.49e-01	1.99e-02	1.54e-04	0.00e+00	0.00e+00	7.97e-09	4.19e-09	1.37e-09
 1.55679e+16	1.69e-08	8.13e-05	5.92e-02	5.91e-01	3.32e-01	1.78e-02	1.30e-04	0.00e+00	0.00e+00	9.81e-09	5.16e-09	1.69e-09
 1.57803e+16	2.08e-08	9.58e-05	6.70e-02	6.03e-01	3.14e-01	1.59e-02	1.09e-04	0.00e+00	0.00e+00	1.21e-08	6.37e-09	2.09e-09
 1.59884e+16	2.59e-08	1.13e-04	7.61e-02	6.13e-01	2.96e-01	1.41e-02	9.13e-05	0.00e+00	0.00e+00	1.50e-08	7.91e-09	2.59e-09
 1.61920e+16	3.22e-08	1.34e-04	8.66e-02	6.23e-01	2.78e-01	1.24e-02	7.61e-05	0.00e+00	0.00e+00	1.88e-08	9.86e-09	3.23e-09
 1.63913e+16	4.05e-08	1.60e-04	9.88e-02	6.30e-01	2.60e-01	1.09e-02	6.31e-05	0.00e+00	0.00e+00	2.35e-08	1.24e-08	4.06e-09
 1.65837e+16	5.14e-08	1.93e-04	1.13e-01	6.36e-01	2.41e-01	9.55e-03	5.20e-05	0.00e+00	0.00e+00	2.99e-08	1.57e-08	5.16e-09
 1.67642e+16	6.13e-08	2.23e-04	1.29e-01	6.39e-01	2.23e-01	8.35e-03	4.31e-05	0.00e+00	0.00e+00	3.57e-08	1.88e-08	6.16e-09
 1.69356e+16	8.13e-08	2.75e-04	1.48e-01	6.39e-01	2.06e-01	7.22e-03	3.52e-05	0.00e+00	0.00e+00	4.73e-08	2.49e-08	8.16e-09
 1.70965e+16	9.67e-08	3.19e-04	1.68e-01	6.37e-01	1.88e-01	6.26e-03	2.90e-05	0.00e+00	0.00e+00	5.63e-08	2.96e-08	9.72e-09
 1.72467e+16	1.22e-07	3.81e-04	1.92e-01	6.31e-01	1.71e-01	5.38e-03	2.37e-05	0.00e+00	0.00e+00	7.08e-08	3.72e-08	1.22e-08
 1.73901e+16	1.53e-07	4.55e-04	2.19e-01	6.21e-01	1.55e-01	4.58e-03	1.91e-05	0.00e+00	0.00e+00	8.89e-08	4.68e-08	1.54e-08
 1.75230e+16	1.91e-07	5.41e-04	2.49e-01	6.08e-01	1.38e-01	3.87e-03	1.54e-05	0.00e+00	0.00e+00	1.11e-07	5.86e-08	1.93e-08
 1.76454e+16	2.51e-07	6.59e-04	2.82e-01	5.91e-01	1.23e-01	3.24e-03	1.22e-05	0.00e+00	0.00e+00	1.46e-07	7.68e-08	2.53e-08
 1.77561e+16	2.94e-07	7.53e-04	3.17e-01	5.71e-01	1.09e-01	2.72e-03	9.78e-06	0.00e+00	0.00e+00	1.71e-07	9.02e-08	2.97e-08
 1.78531e+16	3.74e-07	8.95e-04	3.53e-01	5.48e-01	9.59e-02	2.28e-03	7.80e-06	0.00e+00	0.00e+00	2.18e-07	1.15e-07	3.78e-08
 1.79280e+16	4.31e-07	9.98e-04	3.83e-01	5.28e-01	8.62e-02	1.96e-03	6.50e-06	0.00e+00	0.00e+00	2.51e-07	1.32e-07	4.35e-08
 1.79967e+16	4.89e-07	1.10e-03	4.14e-01	5.07e-01	7.68e-02	1.68e-03	5.35e-06	0.00e+00	0.00e+00	2.84e-07	1.50e-07	4.94e-08
 1.80859e+16	6.14e-07	1.30e-03	4.59e-01	4.74e-01	6.49e-02	1.33e-03	4.04e-06	0.00e+00	0.00e+00	3.57e-07	1.88e-07	6.21e-08
 1.81695e+16	7.34e-07	1.48e-03	5.03e-01	4.40e-01	5.45e-02	1.06e-03	3.05e-06	0.00e+00	0.00e+00	4.27e-07	2.25e-07	7.44e-08
 1.82290e+16	8.40e-07	1.63e-03	5.37e-01	4.13e-01	4.72e-02	8.78e-04	2.43e-06	0.00e+00	0.00e+00	4.88e-07	2.58e-07	8.51e-08
 1.82895e+16	9.71e-07	1.81e-03	5.75e-01	3.83e-01	4.00e-02	7.06e-04	1.87e-06	0.00e+00	0.00e+00	5.65e-07	2.98e-07	9.85e-08
 1.83576e+16	1.14e-06	2.01e-03	6.17e-01	3.48e-01	3.27e-02	5.44e-04	1.37e-06	0.00e+00	0.00e+00	6.60e-07	3.49e-07	1.15e-07
 1.84220e+16	1.31e-06	2.22e-03	6.57e-01	3.14e-01	2.65e-02	4.14e-04	9.93e-07	0.00e+00	0.00e+00	7.62e-07	4.03e-07	1.33e-07
 1.84814e+16	1.50e-06	2.43e-03	6.94e-01	2.82e-01	2.13e-02	3.13e-04	0.00e+00	0.00e+00	0.00e+00	8.72e-07	4.61e-07	1.53e-07
 1.85481e+16	1.74e-06	2.68e-03	7.34e-01	2.46e-01	1.63e-02	2.22e-04	0.00e+00	0.00e+00	0.00e+00	1.01e-06	5.34e-07	1.77e-07
 1.86205e+16	2.02e-06	2.94e-03	7.75e-01	2.10e-01	1.19e-02	1.49e-04	0.00e+00	0.00e+00	0.00e+00	1.17e-06	6.20e-07	2.06e-07
 1.86866e+16	2.30e-06	3.19e-03	8.08e-01	1.80e-01	8.76e-03	1.01e-04	0.00e+00	0.00e+00	0.00e+00	1.34e-06	7.07e-07	2.36e-07
 1.87588e+16	2.64e-06	3.46e-03	8.41e-01	1.49e-01	6.10e-03	6.36e-05	0.00e+00	0.00e+00	0.00e+00	1.53e-06	8.12e-07	2.71e-07
 1.88526e+16	3.10e-06	3.79e-03	8.76e-01	1.16e-01	3.74e-03	3.39e-05	0.00e+00	0.00e+00	0.00e+00	1.80e-06	9.55e-07	3.19e-07
 1.89528e+16	3.60e-06	4.11e-03	9.05e-01	8.89e-02	2.21e-03	1.73e-05	0.00e+00	0.00e+00	0.00e+00	2.09e-06	1.11e-06	3.71e-07
 1.90611e+16	4.17e-06	4.43e-03	9.28e-01	6.65e-02	1.24e-03	8.09e-06	0.00e+00	0.00e+00	0.00e+00	2.42e-06	1.29e-06	4.31e-07
 1.92019e+16	4.92e-06	4.81e-03	9.48e-01	4.67e-02	6.00e-04	3.10e-06	0.00e+00	0.00e+00	0.00e+00	2.86e-06	1.52e-06	5.10e-07
 1.93849e+16	5.94e-06	5.24e-03	9.64e-01	3.09e-02	2.51e-04	9.51e-07	0.00e+00	0.00e+00	0.00e+00	3.45e-06	1.83e-06	6.16e-07
 1.96228e+16	7.41e-06	5.77e-03	9.74e-01	1.97e-02	9.21e-05	0.00e+00	0.00e+00	0.00e+00	0.00e+00	4.30e-06	2.29e-06	7.69e-07
 1.99321e+16	9.65e-06	6.45e-03	9.81e-01	1.27e-02	3.12e-05	0.00e+00	0.00e+00	0.00e+00	0.00e+00	5.61e-06	2.98e-06	1.00e-06
 2.02641e+16	1.29e-05	7.30e-03	9.84e-01	9.00e-03	1.22e-05	0.00e+00	0.00e+00	0.00e+00	0.00e+00	7.50e-06	3.98e-06	1.34e-06
 2.05505e+16	1.68e-05	8.17e-03	9.85e-01	7.19e-03	6.16e-06	0.00e+00	0.00e+00	0.00e+00	0.00e+00	9.76e-06	5.18e-06	1.74e-06
 2.07998e+16	2.13e-05	9.06e-03	9.85e-01	6.08e-03	3.62e-06	0.00e+00	0.00e+00	0.00e+00	0.00e+00	1.24e-05	6.57e-06	2.21e-06
 2.10756e+16	2.80e-05	1.02e-02	9.85e-01	5.13e-03	2.07e-06	0.00e+00	0.00e+00	0.00e+00	0.00e+00	1.63e-05	8.63e-06	2.90e-06
 2.13693e+16	3.81e-05	1.18e-02	9.84e-01	4.39e-03	1.23e-06	0.00e+00	0.00e+00	0.00e+00	0.00e+00	2.21e-05	1.17e-05	3.94e-06
 2.16143e+16	5.03e-05	1.34e-02	9.83e-01	3.81e-03	8.02e-07	0.00e+00	0.00e+00	0.00e+00	0.00e+00	2.92e-05	1.55e-05	5.21e-06
 2.17742e+16	6.09e-05	1.47e-02	9.82e-01	3.51e-03	0.00e+00	0.00e+00	0.00e+00	0.00e+00	0.00e+00	3.54e-05	1.88e-05	6.30e-06
 2.18671e+16	6.82e-05	1.56e-02	9.81e-01	3.33e-03	0.00e+00	0.00e+00	0.00e+00	0.00e+00	0.00e+00	3.97e-05	2.10e-05	7.06e-06
 2.19595e+16	7.65e-05	1.65e-02	9.80e-01	3.16e-03	0.00e+00	0.00e+00	0.00e+00	0.00e+00	0.00e+00	4.45e-05	2.36e-05	7.91e-06
 2.20795e+16	8.91e-05	1.77e-02	9.79e-01	2.93e-03	0.00e+00	0.00e+00	0.00e+00	0.00e+00	0.00e+00	5.18e-05	2.75e-05	9.21e-06
