#depth	He	He+	He+2
 1.49634e+10	2.54e-20	2.33e-10	1.00e+00
 4.54887e+10	2.98e-20	2.55e-10	1.00e+00
 7.72350e+10	3.47e-20	2.80e-10	1.00e+00
 1.10251e+11	4.03e-20	3.07e-10	1.00e+00
 1.43621e+11	4.66e-20	3.36e-10	1.00e+00
 1.78325e+11	5.38e-20	3.68e-10	1.00e+00
 2.14057e+11	6.21e-20	4.03e-10	1.00e+00
 2.49170e+11	7.09e-20	4.39e-10	1.00e+00
 2.87014e+11	8.14e-20	4.80e-10	1.00e+00
 3.28421e+11	9.41e-20	5.28e-10	1.00e+00
 3.71485e+11	1.09e-19	5.81e-10	1.00e+00
 4.16271e+11	1.25e-19	6.40e-10	1.00e+00
 4.62849e+11	1.44e-19	7.05e-10	1.00e+00
 5.04991e+11	1.63e-19	7.67e-10	1.00e+00
 5.40132e+11	1.79e-19	8.22e-10	1.00e+00
 5.78642e+11	1.99e-19	8.84e-10	1.00e+00
 6.27380e+11	2.25e-19	9.67e-10	1.00e+00
 6.78190e+11	2.56e-19	1.06e-09	1.00e+00
 7.21566e+11	2.83e-19	1.14e-09	1.00e+00
 7.66505e+11	3.13e-19	1.23e-09	1.00e+00
 8.22706e+11	3.55e-19	1.35e-09	1.00e+00
 8.79715e+11	4.01e-19	1.48e-09	1.00e+00
 9.29113e+11	4.44e-19	1.59e-09	1.00e+00
 9.82453e+11	4.94e-19	1.72e-09	1.00e+00
 1.04782e+12	5.60e-19	1.89e-09	1.00e+00
 1.11451e+12	6.34e-19	2.06e-09	1.00e+00
 1.17524e+12	7.06e-19	2.24e-09	1.00e+00
 1.24251e+12	7.93e-19	2.43e-09	1.00e+00
 1.32111e+12	9.05e-19	2.68e-09	1.00e+00
 1.39918e+12	1.03e-18	2.93e-09	1.00e+00
 1.47360e+12	1.16e-18	3.18e-09	1.00e+00
 1.55570e+12	1.31e-18	3.48e-09	1.00e+00
 1.64785e+12	1.51e-18	3.82e-09	1.00e+00
 1.74026e+12	1.73e-18	4.18e-09	1.00e+00
 1.82286e+12	1.95e-18	4.52e-09	1.00e+00
 1.89622e+12	2.16e-18	4.84e-09	1.00e+00
 1.97944e+12	2.42e-18	5.20e-09	1.00e+00
 2.07200e+12	2.75e-18	5.63e-09	1.00e+00
 2.15880e+12	3.08e-18	6.04e-09	1.00e+00
 2.25372e+12	3.49e-18	6.51e-09	1.00e+00
 2.36013e+12	3.99e-18	7.06e-09	1.00e+00
 2.46118e+12	4.52e-18	7.59e-09	1.00e+00
 2.57226e+12	5.16e-18	8.22e-09	1.00e+00
 2.69601e+12	5.97e-18	8.94e-09	1.00e+00
 2.81315e+12	6.82e-18	9.65e-09	1.00e+00
 2.92202e+12	7.69e-18	1.03e-08	1.00e+00
 3.04318e+12	8.76e-18	1.11e-08	1.00e+00
 3.17890e+12	1.01e-17	1.20e-08	1.00e+00
 3.30704e+12	1.15e-17	1.30e-08	1.00e+00
 3.44712e+12	1.32e-17	1.40e-08	1.00e+00
 3.60220e+12	1.54e-17	1.52e-08	1.00e+00
 3.74628e+12	1.76e-17	1.63e-08	1.00e+00
 3.90308e+12	2.02e-17	1.76e-08	1.00e+00
 4.07842e+12	2.36e-17	1.91e-08	1.00e+00
 4.24386e+12	2.71e-17	2.06e-08	1.00e+00
 4.42399e+12	3.14e-17	2.22e-08	1.00e+00
 4.62487e+12	3.68e-17	2.42e-08	1.00e+00
 4.81568e+12	4.25e-17	2.61e-08	1.00e+00
 5.02013e+12	4.94e-17	2.82e-08	1.00e+00
 5.25086e+12	5.82e-17	3.08e-08	1.00e+00
 5.47901e+12	6.79e-17	3.33e-08	1.00e+00
 5.71628e+12	7.94e-17	3.61e-08	1.00e+00
 5.97486e+12	9.35e-17	3.93e-08	1.00e+00
 6.24378e+12	1.10e-16	4.28e-08	1.00e+00
 6.52346e+12	1.30e-16	4.65e-08	1.00e+00
 6.79786e+12	1.51e-16	5.03e-08	1.00e+00
 7.05305e+12	1.73e-16	5.40e-08	1.00e+00
 7.33492e+12	2.01e-16	5.82e-08	1.00e+00
 7.62438e+12	2.32e-16	6.27e-08	1.00e+00
 7.86665e+12	2.62e-16	6.66e-08	1.00e+00
 8.12261e+12	2.95e-16	7.08e-08	1.00e+00
 8.44759e+12	3.42e-16	7.63e-08	1.00e+00
 8.78684e+12	3.97e-16	8.24e-08	1.00e+00
 9.08797e+12	4.51e-16	8.78e-08	1.00e+00
 9.41503e+12	5.16e-16	9.40e-08	1.00e+00
 9.77919e+12	5.96e-16	1.01e-07	1.00e+00
 1.01194e+13	6.78e-16	1.08e-07	1.00e+00
 1.04894e+13	7.77e-16	1.16e-07	1.00e+00
 1.09016e+13	9.00e-16	1.25e-07	1.00e+00
 1.12871e+13	1.03e-15	1.33e-07	1.00e+00
 1.17068e+13	1.18e-15	1.43e-07	1.00e+00
 1.21753e+13	1.37e-15	1.54e-07	1.00e+00
 1.26158e+13	1.57e-15	1.65e-07	1.00e+00
 1.30964e+13	1.81e-15	1.77e-07	1.00e+00
 1.36337e+13	2.11e-15	1.91e-07	1.00e+00
 1.41417e+13	2.43e-15	2.05e-07	1.00e+00
 1.46865e+13	2.80e-15	2.21e-07	1.00e+00
 1.53038e+13	3.28e-15	2.39e-07	1.00e+00
 1.59108e+13	3.81e-15	2.58e-07	1.00e+00
 1.65421e+13	4.42e-15	2.78e-07	1.00e+00
 1.72337e+13	5.17e-15	3.01e-07	1.00e+00
 1.79358e+13	6.03e-15	3.25e-07	1.00e+00
 1.86659e+13	7.03e-15	3.51e-07	1.00e+00
 1.93971e+13	8.15e-15	3.78e-07	1.00e+00
 2.00885e+13	9.32e-15	4.05e-07	1.00e+00
 2.08529e+13	1.08e-14	4.35e-07	1.00e+00
 2.16184e+13	1.24e-14	4.67e-07	1.00e+00
 2.22520e+13	1.38e-14	4.94e-07	1.00e+00
 2.29229e+13	1.55e-14	5.24e-07	1.00e+00
 2.37832e+13	1.79e-14	5.64e-07	1.00e+00
 2.46876e+13	2.07e-14	6.07e-07	1.00e+00
 2.54865e+13	2.35e-14	6.46e-07	1.00e+00
 2.63503e+13	2.67e-14	6.90e-07	1.00e+00
 2.73903e+13	3.11e-14	7.46e-07	1.00e+00
 2.84443e+13	3.60e-14	8.04e-07	1.00e+00
 2.94295e+13	4.12e-14	8.61e-07	1.00e+00
 3.05258e+13	4.75e-14	9.26e-07	1.00e+00
 3.16899e+13	5.51e-14	9.99e-07	1.00e+00
 3.27245e+13	6.24e-14	1.07e-06	1.00e+00
 3.38373e+13	7.12e-14	1.14e-06	1.00e+00
 3.51705e+13	8.30e-14	1.23e-06	1.00e+00
 3.64822e+13	9.58e-14	1.33e-06	1.00e+00
 3.76501e+13	1.08e-13	1.42e-06	1.00e+00
 3.89388e+13	1.24e-13	1.52e-06	1.00e+00
 4.04756e+13	1.44e-13	1.64e-06	1.00e+00
 4.20020e+13	1.67e-13	1.77e-06	1.00e+00
 4.33978e+13	1.90e-13	1.89e-06	1.00e+00
 4.49566e+13	2.18e-13	2.03e-06	1.00e+00
 4.67694e+13	2.55e-13	2.20e-06	1.00e+00
 4.85489e+13	2.95e-13	2.38e-06	1.00e+00
 5.02314e+13	3.37e-13	2.55e-06	1.00e+00
 5.21024e+13	3.89e-13	2.74e-06	1.00e+00
 5.42164e+13	4.54e-13	2.98e-06	1.00e+00
 5.62219e+13	5.23e-13	3.20e-06	1.00e+00
 5.80468e+13	5.91e-13	3.42e-06	1.00e+00
 6.01100e+13	6.77e-13	3.67e-06	1.00e+00
 6.25167e+13	7.87e-13	3.98e-06	1.00e+00
 6.48294e+13	9.05e-13	4.28e-06	1.00e+00
 6.69247e+13	1.02e-12	4.57e-06	1.00e+00
 6.88944e+13	1.14e-12	4.84e-06	1.00e+00
 7.10717e+13	1.28e-12	5.16e-06	1.00e+00
 7.35073e+13	1.46e-12	5.52e-06	1.00e+00
 7.58123e+13	1.64e-12	5.88e-06	1.00e+00
 7.83420e+13	1.86e-12	6.28e-06	1.00e+00
 8.11710e+13	2.12e-12	6.75e-06	1.00e+00
 8.38403e+13	2.39e-12	7.21e-06	1.00e+00
 8.67614e+13	2.72e-12	7.73e-06	1.00e+00
 8.99920e+13	3.12e-12	8.32e-06	1.00e+00
 9.29800e+13	3.52e-12	8.89e-06	1.00e+00
 9.62193e+13	3.99e-12	9.53e-06	1.00e+00
 9.98358e+13	4.58e-12	1.03e-05	1.00e+00
 1.03231e+14	5.18e-12	1.10e-05	1.00e+00
 1.06933e+14	5.90e-12	1.18e-05	1.00e+00
 1.11051e+14	6.79e-12	1.28e-05	1.00e+00
 1.14903e+14	7.69e-12	1.37e-05	1.00e+00
 1.19079e+14	8.77e-12	1.47e-05	1.00e+00
 1.23744e+14	1.01e-11	1.59e-05	1.00e+00
 1.28185e+14	1.15e-11	1.71e-05	1.00e+00
 1.32930e+14	1.32e-11	1.84e-05	1.00e+00
 1.38277e+14	1.53e-11	2.00e-05	1.00e+00
 1.43558e+14	1.76e-11	2.16e-05	1.00e+00
 1.49049e+14	2.02e-11	2.34e-05	1.00e+00
 1.55041e+14	2.35e-11	2.54e-05	1.00e+00
 1.60969e+14	2.71e-11	2.75e-05	1.00e+00
 1.65910e+14	3.04e-11	2.93e-05	1.00e+00
 1.69898e+14	3.32e-11	3.08e-05	1.00e+00
 1.74316e+14	3.67e-11	3.25e-05	1.00e+00
 1.80061e+14	4.16e-11	3.49e-05	1.00e+00
 1.86222e+14	4.75e-11	3.75e-05	1.00e+00
 1.91693e+14	5.32e-11	3.99e-05	1.00e+00
 1.97571e+14	5.99e-11	4.26e-05	1.00e+00
 2.04927e+14	6.93e-11	4.62e-05	1.00e+00
 2.12384e+14	8.00e-11	4.99e-05	1.00e+00
 2.18857e+14	9.02e-11	5.33e-05	1.00e+00
 2.25868e+14	1.03e-10	5.72e-05	1.00e+00
 2.34443e+14	1.19e-10	6.21e-05	1.00e+00
 2.43102e+14	1.39e-10	6.73e-05	1.00e+00
 2.50824e+14	1.58e-10	7.22e-05	1.00e+00
 2.59276e+14	1.81e-10	7.77e-05	1.00e+00
 2.69350e+14	2.12e-10	8.46e-05	1.00e+00
 2.79305e+14	2.47e-10	9.18e-05	1.00e+00
 2.88329e+14	2.83e-10	9.87e-05	1.00e+00
 2.98369e+14	3.27e-10	1.07e-04	1.00e+00
 3.10140e+14	3.86e-10	1.16e-04	1.00e+00
 3.21726e+14	4.51e-10	1.26e-04	1.00e+00
 3.32536e+14	5.20e-10	1.36e-04	1.00e+00
 3.44627e+14	6.06e-10	1.48e-04	1.00e+00
 3.58442e+14	7.18e-10	1.61e-04	1.00e+00
 3.72101e+14	8.44e-10	1.76e-04	1.00e+00
 3.86307e+14	9.92e-10	1.91e-04	1.00e+00
 3.99207e+14	1.14e-09	2.06e-04	1.00e+00
 4.08866e+14	1.27e-09	2.17e-04	1.00e+00
 4.18868e+14	1.41e-09	2.29e-04	1.00e+00
 4.31870e+14	1.61e-09	2.46e-04	1.00e+00
 4.46002e+14	1.85e-09	2.64e-04	1.00e+00
 4.58793e+14	2.09e-09	2.81e-04	1.00e+00
 4.72615e+14	2.38e-09	3.01e-04	1.00e+00
 4.90051e+14	2.78e-09	3.26e-04	1.00e+00
 5.07610e+14	3.24e-09	3.53e-04	1.00e+00
 5.22468e+14	3.68e-09	3.76e-04	1.00e+00
 5.38390e+14	4.19e-09	4.02e-04	1.00e+00
 5.58353e+14	4.90e-09	4.36e-04	1.00e+00
 5.79271e+14	5.75e-09	4.73e-04	1.00e+00
 5.98221e+14	6.61e-09	5.08e-04	9.99e-01
 6.18907e+14	7.66e-09	5.48e-04	9.99e-01
 6.43226e+14	9.05e-09	5.96e-04	9.99e-01
 6.67009e+14	1.06e-08	6.46e-04	9.99e-01
 6.88879e+14	1.21e-08	6.93e-04	9.99e-01
 7.13518e+14	1.41e-08	7.48e-04	9.99e-01
 7.42009e+14	1.67e-08	8.15e-04	9.99e-01
 7.69879e+14	1.96e-08	8.83e-04	9.99e-01
 7.96347e+14	2.27e-08	9.50e-04	9.99e-01
 8.19550e+14	2.56e-08	1.01e-03	9.99e-01
 8.38799e+14	2.83e-08	1.06e-03	9.99e-01
 8.59978e+14	3.15e-08	1.12e-03	9.99e-01
 8.87511e+14	3.61e-08	1.20e-03	9.99e-01
 9.16564e+14	4.13e-08	1.29e-03	9.99e-01
 9.41537e+14	4.63e-08	1.36e-03	9.99e-01
 9.67944e+14	5.21e-08	1.45e-03	9.99e-01
 1.00227e+15	6.04e-08	1.56e-03	9.98e-01
 1.03763e+15	7.00e-08	1.68e-03	9.98e-01
 1.06707e+15	7.87e-08	1.78e-03	9.98e-01
 1.09811e+15	8.88e-08	1.89e-03	9.98e-01
 1.13798e+15	1.03e-07	2.04e-03	9.98e-01
 1.17990e+15	1.20e-07	2.20e-03	9.98e-01
 1.21650e+15	1.37e-07	2.35e-03	9.98e-01
 1.25563e+15	1.56e-07	2.51e-03	9.97e-01
 1.30331e+15	1.82e-07	2.72e-03	9.97e-01
 1.35072e+15	2.11e-07	2.93e-03	9.97e-01
 1.39260e+15	2.40e-07	3.12e-03	9.97e-01
 1.43868e+15	2.74e-07	3.34e-03	9.97e-01
 1.49404e+15	3.21e-07	3.62e-03	9.96e-01
 1.54669e+15	3.70e-07	3.89e-03	9.96e-01
 1.59095e+15	4.15e-07	4.12e-03	9.96e-01
 1.63099e+15	4.59e-07	4.34e-03	9.96e-01
 1.67498e+15	5.13e-07	4.59e-03	9.95e-01
 1.72392e+15	5.79e-07	4.87e-03	9.95e-01
 1.76973e+15	6.44e-07	5.14e-03	9.95e-01
 1.81975e+15	7.24e-07	5.45e-03	9.95e-01
 1.87492e+15	8.19e-07	5.80e-03	9.94e-01
 1.92616e+15	9.16e-07	6.14e-03	9.94e-01
 1.98213e+15	1.03e-06	6.52e-03	9.93e-01
 2.04422e+15	1.17e-06	6.95e-03	9.93e-01
 2.10269e+15	1.32e-06	7.37e-03	9.93e-01
 2.16714e+15	1.49e-06	7.85e-03	9.92e-01
 2.23803e+15	1.71e-06	8.40e-03	9.92e-01
 2.30260e+15	1.92e-06	8.90e-03	9.91e-01
 2.37188e+15	2.17e-06	9.49e-03	9.91e-01
 2.44863e+15	2.48e-06	1.01e-02	9.90e-01
 2.52059e+15	2.79e-06	1.08e-02	9.89e-01
 2.59961e+15	3.18e-06	1.15e-02	9.88e-01
 2.68608e+15	3.64e-06	1.24e-02	9.88e-01
 2.76121e+15	4.07e-06	1.31e-02	9.87e-01
 2.82697e+15	4.48e-06	1.38e-02	9.86e-01
 2.90157e+15	5.01e-06	1.46e-02	9.85e-01
 2.98067e+15	5.61e-06	1.55e-02	9.85e-01
 3.05234e+15	6.19e-06	1.63e-02	9.84e-01
 3.12160e+15	6.79e-06	1.72e-02	9.83e-01
 3.20100e+15	7.58e-06	1.82e-02	9.82e-01
 3.28982e+15	8.52e-06	1.94e-02	9.81e-01
 3.37364e+15	9.48e-06	2.06e-02	9.79e-01
 3.45338e+15	1.05e-05	2.18e-02	9.78e-01
 3.53275e+15	1.16e-05	2.30e-02	9.77e-01
 3.62361e+15	1.30e-05	2.46e-02	9.75e-01
 3.72254e+15	1.46e-05	2.63e-02	9.74e-01
 3.81341e+15	1.63e-05	2.80e-02	9.72e-01
 3.89986e+15	1.81e-05	2.98e-02	9.70e-01
 3.99914e+15	2.05e-05	3.21e-02	9.68e-01
 4.10561e+15	2.32e-05	3.46e-02	9.65e-01
 4.20068e+15	2.60e-05	3.72e-02	9.63e-01
 4.28891e+15	2.89e-05	3.97e-02	9.60e-01
 4.37541e+15	3.21e-05	4.25e-02	9.57e-01
 4.47427e+15	3.66e-05	4.61e-02	9.54e-01
 4.57513e+15	4.13e-05	4.99e-02	9.50e-01
 4.66066e+15	4.61e-05	5.37e-02	9.46e-01
 4.75389e+15	5.24e-05	5.84e-02	9.42e-01
 4.85185e+15	5.98e-05	6.38e-02	9.36e-01
 4.92578e+15	6.60e-05	6.84e-02	9.32e-01
 4.98076e+15	7.14e-05	7.22e-02	9.28e-01
 5.04130e+15	7.77e-05	7.69e-02	9.23e-01
 5.12001e+15	8.87e-05	8.36e-02	9.16e-01
 5.19384e+15	9.93e-05	9.06e-02	9.09e-01
 5.24693e+15	1.08e-04	9.62e-02	9.04e-01
 5.30153e+15	1.19e-04	1.03e-01	8.97e-01
 5.37252e+15	1.35e-04	1.12e-01	8.88e-01
 5.44236e+15	1.52e-04	1.23e-01	8.77e-01
 5.49925e+15	1.70e-04	1.32e-01	8.67e-01
 5.54731e+15	1.87e-04	1.41e-01	8.58e-01
 5.59536e+15	2.05e-04	1.52e-01	8.48e-01
 5.65784e+15	2.37e-04	1.67e-01	8.33e-01
 5.71577e+15	2.67e-04	1.82e-01	8.18e-01
 5.75839e+15	2.94e-04	1.95e-01	8.05e-01
 5.80441e+15	3.25e-04	2.10e-01	7.89e-01
 5.86424e+15	3.80e-04	2.33e-01	7.67e-01
 5.91884e+15	4.29e-04	2.56e-01	7.44e-01
 5.96664e+15	4.90e-04	2.79e-01	7.20e-01
 6.01379e+15	5.52e-04	3.03e-01	6.96e-01
 6.05272e+15	6.11e-04	3.26e-01	6.74e-01
 6.09596e+15	6.83e-04	3.53e-01	6.47e-01
 6.13898e+15	7.65e-04	3.81e-01	6.18e-01
 6.16952e+15	8.31e-04	4.02e-01	5.98e-01
 6.19065e+15	8.77e-04	4.17e-01	5.83e-01
 6.21172e+15	9.26e-04	4.33e-01	5.66e-01
 6.23911e+15	1.00e-03	4.54e-01	5.45e-01
 6.26850e+15	1.08e-03	4.77e-01	5.22e-01
 6.30050e+15	1.18e-03	5.03e-01	4.96e-01
 6.33237e+15	1.27e-03	5.28e-01	4.70e-01
 6.35901e+15	1.36e-03	5.50e-01	4.49e-01
 6.38857e+15	1.46e-03	5.75e-01	4.23e-01
 6.42153e+15	1.58e-03	6.02e-01	3.97e-01
 6.45204e+15	1.69e-03	6.26e-01	3.73e-01
 6.48011e+15	1.80e-03	6.48e-01	3.51e-01
 6.51188e+15	1.94e-03	6.72e-01	3.26e-01
 6.54612e+15	2.08e-03	6.97e-01	3.01e-01
 6.57663e+15	2.21e-03	7.18e-01	2.80e-01
 6.60492e+15	2.34e-03	7.37e-01	2.61e-01
 6.63725e+15	2.49e-03	7.57e-01	2.40e-01
 6.67236e+15	2.66e-03	7.78e-01	2.20e-01
 6.70388e+15	2.81e-03	7.94e-01	2.03e-01
 6.73298e+15	2.96e-03	8.09e-01	1.88e-01
 6.76611e+15	3.14e-03	8.25e-01	1.72e-01
 6.80233e+15	3.33e-03	8.40e-01	1.57e-01
 6.83490e+15	3.51e-03	8.53e-01	1.44e-01
 6.86466e+15	3.69e-03	8.63e-01	1.33e-01
 6.89842e+15	3.90e-03	8.75e-01	1.21e-01
 6.93547e+15	4.14e-03	8.85e-01	1.10e-01
 6.96880e+15	4.37e-03	8.94e-01	1.01e-01
 6.99941e+15	4.59e-03	9.02e-01	9.38e-02
 7.03450e+15	4.87e-03	9.10e-01	8.55e-02
 7.07262e+15	5.19e-03	9.17e-01	7.77e-02
 7.10678e+15	5.50e-03	9.23e-01	7.16e-02
 7.13751e+15	5.81e-03	9.28e-01	6.63e-02
 7.17170e+15	6.18e-03	9.33e-01	6.08e-02
 7.21615e+15	6.70e-03	9.39e-01	5.45e-02
 7.26041e+15	7.31e-03	9.44e-01	4.92e-02
 7.29430e+15	7.82e-03	9.47e-01	4.56e-02
 7.32818e+15	8.41e-03	9.50e-01	4.20e-02
 7.37223e+15	9.26e-03	9.53e-01	3.79e-02
 7.41654e+15	1.03e-02	9.55e-01	3.44e-02
 7.45010e+15	1.12e-02	9.57e-01	3.20e-02
 7.47788e+15	1.21e-02	9.58e-01	3.01e-02
 7.50922e+15	1.32e-02	9.59e-01	2.80e-02
 7.54997e+15	1.49e-02	9.60e-01	2.56e-02
 7.58710e+15	1.68e-02	9.59e-01	2.37e-02
 7.60964e+15	1.83e-02	9.59e-01	2.27e-02
 7.62614e+15	1.94e-02	9.59e-01	2.19e-02
 7.64464e+15	2.08e-02	9.58e-01	2.11e-02
 7.66869e+15	2.28e-02	9.57e-01	2.00e-02
 7.69378e+15	2.54e-02	9.56e-01	1.90e-02
 7.71383e+15	2.80e-02	9.54e-01	1.83e-02
 7.72974e+15	3.01e-02	9.52e-01	1.77e-02
 7.74669e+15	3.28e-02	9.50e-01	1.71e-02
 7.76581e+15	3.62e-02	9.47e-01	1.65e-02
 7.78361e+15	3.98e-02	9.44e-01	1.60e-02
 7.79936e+15	4.37e-02	9.41e-01	1.56e-02
 7.81417e+15	4.76e-02	9.37e-01	1.52e-02
 7.82840e+15	5.22e-02	9.33e-01	1.48e-02
 7.84424e+15	5.78e-02	9.28e-01	1.44e-02
 7.86159e+15	6.48e-02	9.21e-01	1.41e-02
 7.87710e+15	7.25e-02	9.14e-01	1.38e-02
 7.89065e+15	8.01e-02	9.06e-01	1.36e-02
 7.90486e+15	8.93e-02	8.97e-01	1.34e-02
 7.91997e+15	1.00e-01	8.86e-01	1.33e-02
 7.93265e+15	1.12e-01	8.75e-01	1.31e-02
 7.94245e+15	1.21e-01	8.66e-01	1.31e-02
 7.95155e+15	1.31e-01	8.56e-01	1.31e-02
 7.96132e+15	1.43e-01	8.44e-01	1.30e-02
 7.97159e+15	1.56e-01	8.31e-01	1.30e-02
 7.98091e+15	1.69e-01	8.18e-01	1.29e-02
 7.98736e+15	1.79e-01	8.08e-01	1.30e-02
 7.99138e+15	1.86e-01	8.01e-01	1.30e-02
 7.99534e+15	1.93e-01	7.94e-01	1.30e-02
 8.00017e+15	2.01e-01	7.86e-01	1.29e-02
 8.00541e+15	2.11e-01	7.76e-01	1.29e-02
 8.01037e+15	2.21e-01	7.66e-01	1.30e-02
 8.01504e+15	2.30e-01	7.57e-01	1.30e-02
 8.01970e+15	2.40e-01	7.47e-01	1.30e-02
 8.02441e+15	2.51e-01	7.36e-01	1.30e-02
 8.02911e+15	2.62e-01	7.25e-01	1.29e-02
 8.03377e+15	2.73e-01	7.14e-01	1.30e-02
 8.03840e+15	2.84e-01	7.03e-01	1.30e-02
 8.04307e+15	2.97e-01	6.90e-01	1.29e-02
 8.04764e+15	3.09e-01	6.78e-01	1.29e-02
 8.05217e+15	3.21e-01	6.66e-01	1.29e-02
 8.05677e+15	3.35e-01	6.52e-01	1.29e-02
 8.06137e+15	3.48e-01	6.39e-01	1.28e-02
 8.06595e+15	3.63e-01	6.25e-01	1.28e-02
 8.07051e+15	3.77e-01	6.11e-01	1.28e-02
 8.07509e+15	3.92e-01	5.96e-01	1.27e-02
 8.07968e+15	4.06e-01	5.81e-01	1.26e-02
 8.08431e+15	4.22e-01	5.66e-01	1.25e-02
 8.08902e+15	4.38e-01	5.49e-01	1.24e-02
 8.09364e+15	4.54e-01	5.33e-01	1.23e-02
 8.09827e+15	4.70e-01	5.17e-01	1.22e-02
 8.10303e+15	4.88e-01	5.00e-01	1.21e-02
 8.10783e+15	5.05e-01	4.84e-01	1.19e-02
 8.11258e+15	5.21e-01	4.67e-01	1.18e-02
 8.11731e+15	5.38e-01	4.50e-01	1.16e-02
 8.12209e+15	5.55e-01	4.33e-01	1.14e-02
 8.12691e+15	5.72e-01	4.16e-01	1.12e-02
 8.13175e+15	5.89e-01	4.00e-01	1.10e-02
 8.13663e+15	6.06e-01	3.83e-01	1.08e-02
 8.14158e+15	6.22e-01	3.67e-01	1.05e-02
 8.14662e+15	6.39e-01	3.51e-01	1.02e-02
 8.15178e+15	6.55e-01	3.35e-01	9.96e-03
 8.15708e+15	6.71e-01	3.19e-01	9.67e-03
 8.16255e+15	6.86e-01	3.04e-01	9.37e-03
 8.16820e+15	7.01e-01	2.89e-01	9.06e-03
 8.17405e+15	7.16e-01	2.75e-01	8.73e-03
 8.18024e+15	7.31e-01	2.61e-01	8.40e-03
 8.18683e+15	7.45e-01	2.47e-01	8.03e-03
 8.19394e+15	7.59e-01	2.34e-01	7.68e-03
 8.20164e+15	7.72e-01	2.21e-01	7.32e-03
 8.20996e+15	7.84e-01	2.09e-01	6.96e-03
 8.21916e+15	7.96e-01	1.97e-01	6.59e-03
 8.22958e+15	8.07e-01	1.87e-01	6.24e-03
 8.24098e+15	8.17e-01	1.77e-01	5.90e-03
 8.25261e+15	8.25e-01	1.70e-01	5.60e-03
 8.26417e+15	8.31e-01	1.64e-01	5.35e-03
 8.27650e+15	8.37e-01	1.58e-01	5.10e-03
 8.29061e+15	8.42e-01	1.53e-01	4.86e-03
 8.30638e+15	8.47e-01	1.48e-01	4.62e-03
 8.32322e+15	8.52e-01	1.44e-01	4.39e-03
 8.34079e+15	8.56e-01	1.40e-01	4.18e-03
 8.35896e+15	8.59e-01	1.37e-01	3.97e-03
 8.37754e+15	8.63e-01	1.33e-01	3.78e-03
 8.39625e+15	8.66e-01	1.30e-01	3.60e-03
 8.41487e+15	8.69e-01	1.27e-01	3.43e-03
 8.43325e+15	8.72e-01	1.24e-01	3.27e-03
 8.45136e+15	8.75e-01	1.22e-01	3.12e-03
 8.46916e+15	8.78e-01	1.19e-01	2.99e-03
 8.48664e+15	8.81e-01	1.17e-01	2.86e-03
 8.50380e+15	8.83e-01	1.14e-01	2.74e-03
 8.52064e+15	8.85e-01	1.12e-01	2.63e-03
 8.53757e+15	8.88e-01	1.10e-01	2.52e-03
 8.55401e+15	8.90e-01	1.08e-01	2.42e-03
 8.56984e+15	8.92e-01	1.06e-01	2.33e-03
 8.58575e+15	8.94e-01	1.04e-01	2.24e-03
 8.60135e+15	8.96e-01	1.02e-01	2.15e-03
 8.61649e+15	8.98e-01	1.00e-01	2.08e-03
 8.63130e+15	9.00e-01	9.83e-02	2.00e-03
 8.64571e+15	9.01e-01	9.67e-02	1.93e-03
 8.65988e+15	9.03e-01	9.51e-02	1.87e-03
 8.67409e+15	9.05e-01	9.36e-02	1.80e-03
 8.68827e+15	9.06e-01	9.20e-02	1.74e-03
 8.70225e+15	9.08e-01	9.06e-02	1.68e-03
 8.71602e+15	9.09e-01	8.92e-02	1.63e-03
 8.72961e+15	9.11e-01	8.78e-02	1.58e-03
 8.74309e+15	9.12e-01	8.64e-02	1.53e-03
 8.75646e+15	9.13e-01	8.51e-02	1.48e-03
 8.76972e+15	9.15e-01	8.39e-02	1.43e-03
 8.78289e+15	9.16e-01	8.26e-02	1.39e-03
 8.79599e+15	9.17e-01	8.14e-02	1.35e-03
 8.80905e+15	9.18e-01	8.02e-02	1.31e-03
 8.82208e+15	9.20e-01	7.91e-02	1.27e-03
 8.83511e+15	9.21e-01	7.79e-02	1.23e-03
 8.84817e+15	9.22e-01	7.68e-02	1.19e-03
 8.86129e+15	9.23e-01	7.57e-02	1.16e-03
 8.87463e+15	9.24e-01	7.45e-02	1.12e-03
 8.88836e+15	9.25e-01	7.34e-02	1.08e-03
 8.90247e+15	9.27e-01	7.23e-02	1.05e-03
 8.91690e+15	9.28e-01	7.11e-02	1.02e-03
 8.93170e+15	9.29e-01	7.00e-02	9.81e-04
 8.94708e+15	9.30e-01	6.88e-02	9.47e-04
 8.96324e+15	9.31e-01	6.76e-02	9.12e-04
 8.98045e+15	9.33e-01	6.63e-02	8.76e-04
 8.99909e+15	9.34e-01	6.50e-02	8.39e-04
 9.01975e+15	9.36e-01	6.35e-02	7.99e-04
 9.04354e+15	9.37e-01	6.18e-02	7.56e-04
 9.06998e+15	9.39e-01	6.00e-02	7.11e-04
 9.09592e+15	9.41e-01	5.84e-02	6.70e-04
 9.11953e+15	9.42e-01	5.69e-02	6.35e-04
 9.14101e+15	9.44e-01	5.56e-02	6.05e-04
 9.16055e+15	9.45e-01	5.44e-02	5.79e-04
 9.17834e+15	9.46e-01	5.34e-02	5.56e-04
 9.19453e+15	9.47e-01	5.24e-02	5.35e-04
 9.20926e+15	9.48e-01	5.16e-02	5.16e-04
 9.22266e+15	9.49e-01	5.08e-02	5.01e-04
 9.23735e+15	9.50e-01	5.00e-02	4.84e-04
 9.25321e+15	9.50e-01	4.91e-02	4.67e-04
 9.26764e+15	9.51e-01	4.84e-02	4.52e-04
 9.28077e+15	9.52e-01	4.76e-02	4.37e-04
 9.29272e+15	9.53e-01	4.70e-02	4.25e-04
 9.30581e+15	9.53e-01	4.63e-02	4.12e-04
 9.31995e+15	9.54e-01	4.55e-02	3.98e-04
 9.33281e+15	9.55e-01	4.48e-02	3.85e-04
 9.34452e+15	9.55e-01	4.42e-02	3.75e-04
 9.35734e+15	9.56e-01	4.36e-02	3.64e-04
 9.37119e+15	9.57e-01	4.29e-02	3.51e-04
 9.38379e+15	9.57e-01	4.22e-02	3.41e-04
 9.39526e+15	9.58e-01	4.17e-02	3.31e-04
 9.40570e+15	9.59e-01	4.11e-02	3.22e-04
 9.41713e+15	9.59e-01	4.05e-02	3.13e-04
 9.42948e+15	9.60e-01	4.00e-02	3.04e-04
 9.44071e+15	9.60e-01	3.94e-02	2.95e-04
 9.45094e+15	9.61e-01	3.89e-02	2.87e-04
 9.46214e+15	9.61e-01	3.84e-02	2.79e-04
 9.47423e+15	9.62e-01	3.78e-02	2.71e-04
 9.48524e+15	9.62e-01	3.73e-02	2.63e-04
 9.49525e+15	9.63e-01	3.68e-02	2.56e-04
 9.50623e+15	9.63e-01	3.63e-02	2.49e-04
 9.51808e+15	9.64e-01	3.58e-02	2.42e-04
 9.52886e+15	9.64e-01	3.53e-02	2.35e-04
 9.53867e+15	9.65e-01	3.49e-02	2.29e-04
 9.54942e+15	9.65e-01	3.43e-02	2.22e-04
 9.56103e+15	9.66e-01	3.39e-02	2.16e-04
 9.57159e+15	9.66e-01	3.34e-02	2.10e-04
 9.58120e+15	9.67e-01	3.30e-02	2.05e-04
 9.59173e+15	9.67e-01	3.25e-02	1.99e-04
 9.60310e+15	9.68e-01	3.21e-02	1.93e-04
 9.61345e+15	9.68e-01	3.17e-02	1.88e-04
 9.62287e+15	9.69e-01	3.13e-02	1.83e-04
 9.63319e+15	9.69e-01	3.08e-02	1.78e-04
 9.64432e+15	9.69e-01	3.04e-02	1.74e-04
 9.65446e+15	9.70e-01	3.00e-02	1.69e-04
 9.66368e+15	9.70e-01	2.97e-02	1.65e-04
 9.67379e+15	9.71e-01	2.93e-02	1.60e-04
 9.68471e+15	9.71e-01	2.89e-02	1.56e-04
 9.69464e+15	9.71e-01	2.85e-02	1.52e-04
 9.70552e+15	9.72e-01	2.81e-02	1.48e-04
 9.71726e+15	9.72e-01	2.77e-02	1.44e-04
 9.72795e+15	9.72e-01	2.74e-02	1.40e-04
 9.73967e+15	9.73e-01	2.70e-02	1.36e-04
 9.75231e+15	9.73e-01	2.66e-02	1.32e-04
 9.76382e+15	9.74e-01	2.62e-02	1.28e-04
 9.77430e+15	9.74e-01	2.59e-02	1.25e-04
 9.78577e+15	9.74e-01	2.55e-02	1.21e-04
 9.79816e+15	9.75e-01	2.51e-02	1.18e-04
 9.80943e+15	9.75e-01	2.48e-02	1.15e-04
 9.82179e+15	9.75e-01	2.44e-02	1.11e-04
 9.83512e+15	9.76e-01	2.40e-02	1.08e-04
 9.84726e+15	9.76e-01	2.37e-02	1.05e-04
 9.85831e+15	9.76e-01	2.34e-02	1.02e-04
 9.87041e+15	9.77e-01	2.31e-02	9.93e-05
 9.88347e+15	9.77e-01	2.27e-02	9.65e-05
 9.89536e+15	9.77e-01	2.24e-02	9.39e-05
 9.90839e+15	9.78e-01	2.21e-02	9.10e-05
 9.92246e+15	9.78e-01	2.17e-02	8.82e-05
 9.93526e+15	9.79e-01	2.14e-02	8.57e-05
 9.94928e+15	9.79e-01	2.11e-02	8.29e-05
 9.96442e+15	9.79e-01	2.07e-02	8.03e-05
 9.97820e+15	9.80e-01	2.04e-02	7.79e-05
 9.99074e+15	9.80e-01	2.01e-02	7.57e-05
 1.00045e+16	9.80e-01	1.98e-02	7.33e-05
 1.00193e+16	9.80e-01	1.95e-02	7.11e-05
 1.00328e+16	9.81e-01	1.92e-02	6.91e-05
 1.00476e+16	9.81e-01	1.89e-02	6.68e-05
 1.00636e+16	9.81e-01	1.86e-02	6.46e-05
 1.00781e+16	9.82e-01	1.83e-02	6.27e-05
 1.00940e+16	9.82e-01	1.80e-02	6.05e-05
 1.01112e+16	9.82e-01	1.76e-02	5.84e-05
 1.01269e+16	9.83e-01	1.74e-02	5.66e-05
 1.01411e+16	9.83e-01	1.71e-02	5.49e-05
 1.01567e+16	9.83e-01	1.68e-02	5.31e-05
 1.01735e+16	9.83e-01	1.65e-02	5.14e-05
 1.01889e+16	9.84e-01	1.63e-02	4.98e-05
 1.02057e+16	9.84e-01	1.60e-02	4.81e-05
 1.02238e+16	9.84e-01	1.57e-02	4.64e-05
 1.02403e+16	9.85e-01	1.55e-02	4.49e-05
 1.02584e+16	9.85e-01	1.52e-02	4.33e-05
 1.02779e+16	9.85e-01	1.49e-02	4.17e-05
 1.02956e+16	9.85e-01	1.46e-02	4.03e-05
 1.03118e+16	9.86e-01	1.44e-02	3.91e-05
 1.03295e+16	9.86e-01	1.41e-02	3.77e-05
 1.03486e+16	9.86e-01	1.39e-02	3.64e-05
 1.03660e+16	9.86e-01	1.37e-02	3.52e-05
 1.03851e+16	9.87e-01	1.34e-02	3.39e-05
 1.04057e+16	9.87e-01	1.32e-02	3.27e-05
 1.04244e+16	9.87e-01	1.29e-02	3.16e-05
 1.04449e+16	9.87e-01	1.27e-02	3.04e-05
 1.04671e+16	9.88e-01	1.24e-02	2.92e-05
 1.04873e+16	9.88e-01	1.22e-02	2.82e-05
 1.05094e+16	9.88e-01	1.20e-02	2.71e-05
 1.05332e+16	9.88e-01	1.17e-02	2.59e-05
 1.05549e+16	9.88e-01	1.15e-02	2.50e-05
 1.05787e+16	9.89e-01	1.12e-02	2.39e-05
 1.06044e+16	9.89e-01	1.10e-02	2.29e-05
 1.06278e+16	9.89e-01	1.08e-02	2.20e-05
 1.06534e+16	9.89e-01	1.05e-02	2.10e-05
 1.06810e+16	9.90e-01	1.03e-02	2.01e-05
 1.07062e+16	9.90e-01	1.01e-02	1.93e-05
 1.07337e+16	9.90e-01	9.84e-03	1.84e-05
 1.07635e+16	9.90e-01	9.60e-03	1.75e-05
 1.07906e+16	9.91e-01	9.39e-03	1.68e-05
 1.08152e+16	9.91e-01	9.21e-03	1.61e-05
 1.08422e+16	9.91e-01	9.00e-03	1.54e-05
 1.08714e+16	9.91e-01	8.79e-03	1.47e-05
 1.08979e+16	9.91e-01	8.61e-03	1.41e-05
 1.09270e+16	9.92e-01	8.41e-03	1.35e-05
 1.09584e+16	9.92e-01	8.21e-03	1.29e-05
 1.09869e+16	9.92e-01	8.03e-03	1.23e-05
 1.10182e+16	9.92e-01	7.83e-03	1.17e-05
 1.10520e+16	9.92e-01	7.63e-03	1.11e-05
 1.10828e+16	9.93e-01	7.46e-03	1.07e-05
 1.11165e+16	9.93e-01	7.27e-03	1.01e-05
 1.11528e+16	9.93e-01	7.07e-03	9.59e-06
 1.11859e+16	9.93e-01	6.91e-03	9.15e-06
 1.12222e+16	9.93e-01	6.72e-03	8.66e-06
 1.12694e+16	9.94e-01	6.48e-03	8.07e-06
 1.13251e+16	9.94e-01	6.22e-03	7.45e-06
 1.13831e+16	9.94e-01	5.97e-03	6.87e-06
 1.14411e+16	9.94e-01	5.73e-03	6.34e-06
 1.15010e+16	9.94e-01	5.50e-03	5.83e-06
 1.15636e+16	9.95e-01	5.27e-03	5.36e-06
 1.16285e+16	9.95e-01	5.04e-03	4.91e-06
 1.16955e+16	9.95e-01	4.82e-03	4.49e-06
 1.17648e+16	9.95e-01	4.60e-03	4.10e-06
 1.18366e+16	9.96e-01	4.39e-03	3.74e-06
 1.19106e+16	9.96e-01	4.19e-03	3.40e-06
 1.19863e+16	9.96e-01	3.99e-03	3.09e-06
 1.20631e+16	9.96e-01	3.80e-03	2.81e-06
 1.21411e+16	9.96e-01	3.62e-03	2.55e-06
 1.22205e+16	9.97e-01	3.45e-03	2.32e-06
 1.23004e+16	9.97e-01	3.29e-03	2.11e-06
 1.23814e+16	9.97e-01	3.13e-03	1.91e-06
 1.24651e+16	9.97e-01	2.98e-03	1.73e-06
 1.25508e+16	9.97e-01	2.83e-03	1.57e-06
 1.26377e+16	9.97e-01	2.69e-03	1.42e-06
 1.27259e+16	9.97e-01	2.56e-03	1.28e-06
 1.28157e+16	9.98e-01	2.43e-03	1.16e-06
 1.29073e+16	9.98e-01	2.31e-03	1.04e-06
 1.30007e+16	9.98e-01	2.19e-03	9.41e-07
 1.30959e+16	9.98e-01	2.07e-03	8.47e-07
 1.31927e+16	9.98e-01	1.97e-03	7.62e-07
 1.32913e+16	9.98e-01	1.86e-03	6.84e-07
 1.33919e+16	9.98e-01	1.76e-03	6.14e-07
 1.34946e+16	9.98e-01	1.67e-03	5.50e-07
 1.35993e+16	9.98e-01	1.58e-03	4.92e-07
 1.37060e+16	9.99e-01	1.49e-03	4.40e-07
 1.38150e+16	9.99e-01	1.41e-03	3.92e-07
 1.39263e+16	9.99e-01	1.33e-03	3.49e-07
 1.40400e+16	9.99e-01	1.25e-03	3.11e-07
 1.41561e+16	9.99e-01	1.18e-03	2.76e-07
 1.42749e+16	9.99e-01	1.11e-03	2.45e-07
 1.43965e+16	9.99e-01	1.04e-03	2.16e-07
 1.45210e+16	9.99e-01	9.79e-04	1.91e-07
 1.46486e+16	9.99e-01	9.18e-04	1.68e-07
 1.47794e+16	9.99e-01	8.60e-04	1.48e-07
 1.49136e+16	9.99e-01	8.05e-04	1.29e-07
 1.50516e+16	9.99e-01	7.51e-04	1.13e-07
 1.51933e+16	9.99e-01	7.01e-04	9.84e-08
 1.53392e+16	9.99e-01	6.53e-04	8.55e-08
 1.54889e+16	9.99e-01	6.08e-04	7.42e-08
 1.56406e+16	9.99e-01	5.66e-04	6.42e-08
 1.57978e+16	9.99e-01	5.25e-04	5.53e-08
 1.59642e+16	1.00e+00	4.84e-04	4.72e-08
 1.61379e+16	1.00e+00	4.46e-04	4.01e-08
 1.63175e+16	1.00e+00	4.10e-04	3.39e-08
 1.65040e+16	1.00e+00	3.76e-04	2.85e-08
 1.66990e+16	1.00e+00	3.43e-04	2.38e-08
 1.69037e+16	1.00e+00	3.12e-04	1.97e-08
 1.71190e+16	1.00e+00	2.83e-04	1.62e-08
 1.73462e+16	1.00e+00	2.55e-04	1.31e-08
 1.75878e+16	1.00e+00	2.28e-04	1.05e-08
 1.78477e+16	1.00e+00	2.03e-04	8.35e-09
 1.81227e+16	1.00e+00	1.79e-04	6.53e-09
 1.84180e+16	1.00e+00	1.57e-04	5.01e-09
 1.87444e+16	1.00e+00	1.36e-04	3.75e-09
 1.91023e+16	1.00e+00	1.16e-04	2.74e-09
 1.94984e+16	1.00e+00	9.76e-05	1.94e-09
 1.99450e+16	1.00e+00	8.05e-05	1.32e-09
 2.04557e+16	1.00e+00	6.47e-05	8.55e-10
 2.10236e+16	1.00e+00	5.11e-05	5.33e-10
 2.16132e+16	1.00e+00	4.02e-05	3.31e-10
 2.21988e+16	1.00e+00	3.18e-05	2.08e-10
 2.27820e+16	1.00e+00	2.53e-05	1.32e-10
 2.33728e+16	1.00e+00	2.02e-05	8.35e-11
 2.39754e+16	1.00e+00	1.60e-05	5.30e-11
 2.45901e+16	1.00e+00	1.28e-05	3.36e-11
 2.52156e+16	1.00e+00	1.02e-05	2.13e-11
 2.58511e+16	1.00e+00	8.11e-06	1.36e-11
 2.65003e+16	1.00e+00	6.46e-06	8.62e-12
 2.71645e+16	1.00e+00	5.14e-06	5.48e-12
 2.78439e+16	1.00e+00	4.09e-06	3.47e-12
 2.85396e+16	1.00e+00	3.26e-06	2.20e-12
 2.92522e+16	1.00e+00	2.59e-06	1.39e-12
 2.99821e+16	1.00e+00	2.05e-06	8.77e-13
 3.07329e+16	1.00e+00	1.63e-06	5.51e-13
 3.15091e+16	1.00e+00	1.28e-06	3.43e-13
 3.23115e+16	1.00e+00	1.01e-06	2.13e-13
 3.31445e+16	1.00e+00	7.91e-07	1.31e-13
 3.40151e+16	1.00e+00	6.16e-07	7.95e-14
 3.49311e+16	1.00e+00	4.76e-07	4.76e-14
 3.58675e+16	1.00e+00	3.68e-07	2.85e-14
 3.67891e+16	1.00e+00	2.88e-07	1.75e-14
 3.76881e+16	1.00e+00	2.27e-07	1.09e-14
 3.85684e+16	1.00e+00	1.81e-07	6.92e-15
 3.94344e+16	1.00e+00	1.45e-07	4.47e-15
 4.02835e+16	1.00e+00	1.18e-07	2.93e-15
 4.11096e+16	1.00e+00	9.60e-08	1.96e-15
 4.19092e+16	1.00e+00	7.92e-08	1.33e-15
 4.26825e+16	1.00e+00	6.59e-08	9.24e-16
 4.34291e+16	1.00e+00	5.53e-08	6.52e-16
 4.41476e+16	1.00e+00	4.68e-08	4.68e-16
 4.48375e+16	1.00e+00	4.00e-08	3.42e-16
 4.54989e+16	1.00e+00	3.45e-08	2.54e-16
 4.61319e+16	1.00e+00	2.99e-08	1.92e-16
 4.67369e+16	1.00e+00	2.62e-08	1.47e-16
 4.73147e+16	1.00e+00	2.31e-08	1.14e-16
 4.78661e+16	1.00e+00	2.05e-08	9.03e-17
 4.83919e+16	1.00e+00	1.83e-08	7.21e-17
 4.88931e+16	1.00e+00	1.64e-08	5.83e-17
 4.93705e+16	1.00e+00	1.49e-08	4.78e-17
 4.98252e+16	1.00e+00	1.35e-08	3.95e-17
 5.02580e+16	1.00e+00	1.24e-08	3.31e-17
 5.06699e+16	1.00e+00	1.14e-08	2.79e-17
 5.10620e+16	1.00e+00	1.05e-08	2.38e-17
 5.14351e+16	1.00e+00	9.71e-09	2.05e-17
 5.17900e+16	1.00e+00	9.04e-09	1.77e-17
 5.21280e+16	1.00e+00	8.44e-09	1.55e-17
 5.24502e+16	1.00e+00	7.91e-09	1.36e-17
 5.27571e+16	1.00e+00	7.44e-09	1.21e-17
 5.30494e+16	1.00e+00	7.02e-09	1.07e-17
 5.33279e+16	1.00e+00	6.65e-09	9.64e-18
 5.35935e+16	1.00e+00	6.31e-09	8.68e-18
 5.38471e+16	1.00e+00	6.00e-09	7.87e-18
 5.40894e+16	1.00e+00	5.73e-09	7.16e-18
 5.43209e+16	1.00e+00	5.47e-09	6.55e-18
 5.45423e+16	1.00e+00	5.24e-09	6.01e-18
 5.47542e+16	1.00e+00	5.03e-09	5.54e-18
 5.49571e+16	1.00e+00	4.84e-09	5.13e-18
 5.51518e+16	1.00e+00	4.66e-09	4.76e-18
 5.53389e+16	1.00e+00	4.50e-09	4.43e-18
 5.55188e+16	1.00e+00	4.35e-09	4.14e-18
 5.56921e+16	1.00e+00	4.21e-09	3.88e-18
 5.58593e+16	1.00e+00	4.07e-09	3.64e-18
 5.60210e+16	1.00e+00	3.95e-09	3.43e-18
 5.61776e+16	1.00e+00	3.84e-09	3.23e-18
 5.63297e+16	1.00e+00	3.73e-09	3.05e-18
 5.64779e+16	1.00e+00	3.62e-09	2.89e-18
 5.66227e+16	1.00e+00	3.53e-09	2.73e-18
 5.67647e+16	1.00e+00	3.43e-09	2.59e-18
 5.69044e+16	1.00e+00	3.35e-09	2.46e-18
 5.70425e+16	1.00e+00	3.26e-09	2.34e-18
 5.71796e+16	1.00e+00	3.18e-09	2.22e-18
 5.73167e+16	1.00e+00	3.10e-09	2.11e-18
 5.74546e+16	1.00e+00	3.02e-09	2.01e-18
 5.75942e+16	1.00e+00	2.94e-09	1.91e-18
 5.77369e+16	1.00e+00	2.86e-09	1.81e-18
 5.78840e+16	1.00e+00	2.79e-09	1.71e-18
 5.80374e+16	1.00e+00	2.71e-09	1.62e-18
 5.81996e+16	1.00e+00	2.63e-09	1.52e-18
 5.83735e+16	1.00e+00	2.54e-09	1.43e-18
 5.85635e+16	1.00e+00	2.45e-09	1.33e-18
 5.87752e+16	1.00e+00	2.36e-09	1.23e-18
 5.90170e+16	1.00e+00	2.26e-09	1.13e-18
 5.93013e+16	1.00e+00	2.14e-09	1.01e-18
 5.96476e+16	1.00e+00	2.01e-09	8.92e-19
 6.00869e+16	1.00e+00	1.85e-09	7.58e-19
 6.06566e+16	1.00e+00	1.67e-09	6.16e-19
 6.13973e+16	1.00e+00	1.45e-09	4.71e-19
 6.23601e+16	1.00e+00	1.22e-09	3.34e-19
 6.36118e+16	1.00e+00	9.80e-10	2.15e-19
 6.52391e+16	1.00e+00	7.40e-10	1.23e-19
 6.73544e+16	1.00e+00	5.18e-10	6.06e-20
 6.97821e+16	1.00e+00	3.51e-10	2.81e-20
 7.22460e+16	1.00e+00	2.40e-10	1.32e-20
 7.48063e+16	1.00e+00	1.63e-10	6.13e-21
 7.75020e+16	1.00e+00	1.10e-10	0.00e+00
 8.02768e+16	1.00e+00	7.41e-11	0.00e+00
 8.31053e+16	1.00e+00	5.02e-11	0.00e+00
 8.59474e+16	1.00e+00	3.43e-11	0.00e+00
 8.87896e+16	1.00e+00	2.37e-11	0.00e+00
 9.17756e+16	1.00e+00	1.62e-11	0.00e+00
 9.49057e+16	1.00e+00	1.10e-11	0.00e+00
 9.80357e+16	1.00e+00	7.54e-12	0.00e+00
 1.01166e+17	1.00e+00	5.23e-12	0.00e+00
 1.04296e+17	1.00e+00	3.66e-12	0.00e+00
 1.07426e+17	1.00e+00	2.59e-12	0.00e+00
 1.10556e+17	1.00e+00	1.84e-12	0.00e+00
 1.13686e+17	1.00e+00	1.33e-12	0.00e+00
 1.16816e+17	1.00e+00	9.62e-13	0.00e+00
 1.19946e+17	1.00e+00	7.04e-13	0.00e+00
 1.22822e+17	1.00e+00	5.34e-13	0.00e+00
 1.24963e+17	1.00e+00	4.40e-13	0.00e+00
 1.26281e+17	1.00e+00	3.93e-13	0.00e+00
 1.27060e+17	1.00e+00	3.67e-13	0.00e+00
 1.27528e+17	1.00e+00	3.52e-13	0.00e+00
 1.27820e+17	1.00e+00	3.44e-13	0.00e+00
 1.28039e+17	1.00e+00	3.37e-13	0.00e+00
 1.28249e+17	1.00e+00	3.31e-13	0.00e+00
 1.28492e+17	1.00e+00	3.23e-13	0.00e+00
 1.28753e+17	1.00e+00	3.16e-13	0.00e+00
 1.28990e+17	1.00e+00	3.09e-13	0.00e+00
 1.29187e+17	1.00e+00	3.04e-13	0.00e+00
 1.29357e+17	1.00e+00	2.99e-13	0.00e+00
 1.29528e+17	1.00e+00	2.95e-13	0.00e+00
 1.29706e+17	1.00e+00	2.90e-13	0.00e+00
 1.29875e+17	1.00e+00	2.85e-13	0.00e+00
 1.30020e+17	1.00e+00	2.82e-13	0.00e+00
 1.30151e+17	1.00e+00	2.78e-13	0.00e+00
 1.30284e+17	1.00e+00	2.75e-13	0.00e+00
 1.30418e+17	1.00e+00	2.72e-13	0.00e+00
 1.30539e+17	1.00e+00	2.69e-13	0.00e+00
 1.30651e+17	1.00e+00	2.66e-13	0.00e+00
 1.30767e+17	1.00e+00	2.63e-13	0.00e+00
 1.30881e+17	1.00e+00	2.61e-13	0.00e+00
 1.30982e+17	1.00e+00	2.58e-13	0.00e+00
 1.31073e+17	1.00e+00	2.56e-13	0.00e+00
 1.31170e+17	1.00e+00	2.54e-13	0.00e+00
 1.31271e+17	1.00e+00	2.52e-13	0.00e+00
 1.31360e+17	1.00e+00	2.50e-13	0.00e+00
 1.31439e+17	1.00e+00	2.48e-13	0.00e+00
 1.31525e+17	1.00e+00	2.46e-13	0.00e+00
 1.31620e+17	1.00e+00	2.43e-13	0.00e+00
 1.31707e+17	1.00e+00	2.42e-13	0.00e+00
 1.31781e+17	1.00e+00	2.40e-13	0.00e+00
 1.31861e+17	1.00e+00	2.38e-13	0.00e+00
 1.31948e+17	1.00e+00	2.36e-13	0.00e+00
 1.32028e+17	1.00e+00	2.34e-13	0.00e+00
 1.32099e+17	1.00e+00	2.33e-13	0.00e+00
 1.32178e+17	1.00e+00	2.31e-13	0.00e+00
 1.32266e+17	1.00e+00	2.29e-13	0.00e+00
 1.32347e+17	1.00e+00	2.27e-13	0.00e+00
 1.32418e+17	1.00e+00	2.26e-13	0.00e+00
 1.32497e+17	1.00e+00	2.24e-13	0.00e+00
 1.32585e+17	1.00e+00	2.22e-13	0.00e+00
 1.32669e+17	1.00e+00	2.20e-13	0.00e+00
 1.32746e+17	1.00e+00	2.19e-13	0.00e+00
 1.32828e+17	1.00e+00	2.17e-13	0.00e+00
 1.32918e+17	1.00e+00	2.15e-13	0.00e+00
 1.33007e+17	1.00e+00	2.13e-13	0.00e+00
 1.33093e+17	1.00e+00	2.11e-13	0.00e+00
 1.33176e+17	1.00e+00	2.09e-13	0.00e+00
 1.33272e+17	1.00e+00	2.07e-13	0.00e+00
 1.33378e+17	1.00e+00	2.05e-13	0.00e+00
 1.33480e+17	1.00e+00	2.03e-13	0.00e+00
 1.33575e+17	1.00e+00	2.01e-13	0.00e+00
 1.33669e+17	1.00e+00	1.99e-13	0.00e+00
 1.33771e+17	1.00e+00	1.97e-13	0.00e+00
 1.33882e+17	1.00e+00	1.95e-13	0.00e+00
 1.33991e+17	1.00e+00	1.93e-13	0.00e+00
 1.34095e+17	1.00e+00	1.91e-13	0.00e+00
 1.34205e+17	1.00e+00	1.89e-13	0.00e+00
 1.34326e+17	1.00e+00	1.86e-13	0.00e+00
 1.34453e+17	1.00e+00	1.84e-13	0.00e+00
 1.34580e+17	1.00e+00	1.81e-13	0.00e+00
 1.34701e+17	1.00e+00	1.79e-13	0.00e+00
 1.34821e+17	1.00e+00	1.77e-13	0.00e+00
 1.34954e+17	1.00e+00	1.74e-13	0.00e+00
 1.35100e+17	1.00e+00	1.72e-13	0.00e+00
 1.35251e+17	1.00e+00	1.69e-13	0.00e+00
 1.35396e+17	1.00e+00	1.67e-13	0.00e+00
 1.35538e+17	1.00e+00	1.64e-13	0.00e+00
 1.35690e+17	1.00e+00	1.61e-13	0.00e+00
 1.35852e+17	1.00e+00	1.59e-13	0.00e+00
 1.36021e+17	1.00e+00	1.56e-13	0.00e+00
 1.36193e+17	1.00e+00	1.53e-13	0.00e+00
 1.36365e+17	1.00e+00	1.50e-13	0.00e+00
 1.36540e+17	1.00e+00	1.47e-13	0.00e+00
 1.36723e+17	1.00e+00	1.45e-13	0.00e+00
 1.36918e+17	1.00e+00	1.42e-13	0.00e+00
 1.37118e+17	1.00e+00	1.38e-13	0.00e+00
 1.37315e+17	1.00e+00	1.36e-13	0.00e+00
 1.37523e+17	1.00e+00	1.33e-13	0.00e+00
 1.37745e+17	1.00e+00	1.29e-13	0.00e+00
 1.37971e+17	1.00e+00	1.26e-13	0.00e+00
 1.38204e+17	1.00e+00	1.23e-13	0.00e+00
 1.38437e+17	1.00e+00	1.20e-13	0.00e+00
 1.38674e+17	1.00e+00	1.17e-13	0.00e+00
 1.38921e+17	1.00e+00	1.14e-13	0.00e+00
 1.39180e+17	1.00e+00	1.11e-13	0.00e+00
 1.39445e+17	1.00e+00	1.07e-13	0.00e+00
 1.39712e+17	1.00e+00	1.04e-13	0.00e+00
 1.39988e+17	1.00e+00	1.01e-13	0.00e+00
 1.40277e+17	1.00e+00	9.80e-14	0.00e+00
 1.40573e+17	1.00e+00	9.48e-14	0.00e+00
 1.40873e+17	1.00e+00	9.17e-14	0.00e+00
 1.41179e+17	1.00e+00	8.87e-14	0.00e+00
 1.41504e+17	1.00e+00	8.55e-14	0.00e+00
 1.41842e+17	1.00e+00	8.23e-14	0.00e+00
 1.42182e+17	1.00e+00	7.92e-14	0.00e+00
 1.42522e+17	1.00e+00	7.63e-14	0.00e+00
 1.42878e+17	1.00e+00	7.33e-14	0.00e+00
 1.43251e+17	1.00e+00	7.02e-14	0.00e+00
 1.43627e+17	1.00e+00	6.73e-14	0.00e+00
 1.44015e+17	1.00e+00	6.44e-14	0.00e+00
 1.44419e+17	1.00e+00	6.16e-14	0.00e+00
 1.44837e+17	1.00e+00	5.89e-14	0.00e+00
 1.45283e+17	1.00e+00	5.61e-14	0.00e+00
 1.45753e+17	1.00e+00	5.31e-14	0.00e+00
 1.46214e+17	1.00e+00	5.05e-14	0.00e+00
 1.46656e+17	1.00e+00	4.82e-14	0.00e+00
 1.47134e+17	1.00e+00	4.56e-14	0.00e+00
 1.47662e+17	1.00e+00	4.32e-14	0.00e+00
 1.48220e+17	1.00e+00	4.06e-14	0.00e+00
 1.48789e+17	1.00e+00	3.83e-14	0.00e+00
 1.49357e+17	1.00e+00	3.61e-14	0.00e+00
 1.49954e+17	1.00e+00	3.40e-14	0.00e+00
 1.50558e+17	1.00e+00	3.20e-14	0.00e+00
 1.51115e+17	1.00e+00	3.02e-14	0.00e+00
 1.51607e+17	1.00e+00	2.88e-14	0.00e+00
 1.52057e+17	1.00e+00	2.75e-14	0.00e+00
 1.52496e+17	1.00e+00	2.64e-14	0.00e+00
 1.52928e+17	1.00e+00	2.52e-14	0.00e+00
 1.53340e+17	1.00e+00	2.42e-14	0.00e+00
 1.53718e+17	1.00e+00	2.33e-14	0.00e+00
 1.54064e+17	1.00e+00	2.24e-14	0.00e+00
 1.54385e+17	1.00e+00	2.17e-14	0.00e+00
 1.54688e+17	1.00e+00	2.10e-14	0.00e+00
 1.54977e+17	1.00e+00	2.04e-14	0.00e+00
 1.55248e+17	1.00e+00	1.98e-14	0.00e+00
 1.55499e+17	1.00e+00	1.93e-14	0.00e+00
 1.55738e+17	1.00e+00	1.88e-14	0.00e+00
 1.55968e+17	1.00e+00	1.84e-14	0.00e+00
 1.56190e+17	1.00e+00	1.79e-14	0.00e+00
 1.56401e+17	1.00e+00	1.75e-14	0.00e+00
 1.56603e+17	1.00e+00	1.71e-14	0.00e+00
 1.56797e+17	1.00e+00	1.68e-14	0.00e+00
 1.56987e+17	1.00e+00	1.64e-14	0.00e+00
 1.57172e+17	1.00e+00	1.61e-14	0.00e+00
 1.57352e+17	1.00e+00	1.58e-14	0.00e+00
 1.57527e+17	1.00e+00	1.55e-14	0.00e+00
 1.57698e+17	1.00e+00	1.52e-14	0.00e+00
 1.57866e+17	1.00e+00	1.50e-14	0.00e+00
 1.58030e+17	1.00e+00	1.47e-14	0.00e+00
 1.58192e+17	1.00e+00	1.45e-14	0.00e+00
 1.58351e+17	1.00e+00	1.42e-14	0.00e+00
 1.58507e+17	1.00e+00	1.40e-14	0.00e+00
 1.58661e+17	1.00e+00	1.38e-14	0.00e+00
 1.58837e+17	1.00e+00	1.35e-14	0.00e+00
 1.59066e+17	1.00e+00	1.32e-14	0.00e+00
 1.59363e+17	1.00e+00	1.28e-14	0.00e+00
 1.59750e+17	1.00e+00	1.23e-14	0.00e+00
 1.60253e+17	1.00e+00	1.17e-14	0.00e+00
 1.60887e+17	1.00e+00	1.09e-14	0.00e+00
 1.61576e+17	1.00e+00	1.02e-14	0.00e+00
 1.62194e+17	1.00e+00	9.63e-15	0.00e+00
 1.62715e+17	1.00e+00	9.17e-15	0.00e+00
 1.63202e+17	1.00e+00	8.75e-15	0.00e+00
 1.63720e+17	1.00e+00	8.33e-15	0.00e+00
 1.64289e+17	1.00e+00	7.89e-15	0.00e+00
 1.64878e+17	1.00e+00	7.47e-15	0.00e+00
 1.65453e+17	1.00e+00	7.09e-15	0.00e+00
 1.66013e+17	1.00e+00	6.74e-15	0.00e+00
 1.66584e+17	1.00e+00	6.39e-15	0.00e+00
 1.67191e+17	1.00e+00	6.05e-15	0.00e+00
 1.67843e+17	1.00e+00	5.71e-15	0.00e+00
 1.68536e+17	1.00e+00	5.37e-15	0.00e+00
 1.69274e+17	1.00e+00	5.02e-15	0.00e+00
 1.70083e+17	1.00e+00	4.68e-15	0.00e+00
 1.71009e+17	1.00e+00	4.31e-15	0.00e+00
 1.72128e+17	1.00e+00	3.91e-15	0.00e+00
 1.73551e+17	1.00e+00	3.45e-15	0.00e+00
 1.75401e+17	1.00e+00	2.93e-15	0.00e+00
 1.77805e+17	1.00e+00	2.39e-15	0.00e+00
 1.80930e+17	1.00e+00	1.83e-15	0.00e+00
 1.84994e+17	1.00e+00	1.31e-15	0.00e+00
 1.90276e+17	1.00e+00	8.48e-16	0.00e+00
 1.97127e+17	1.00e+00	4.90e-16	0.00e+00
 2.05012e+17	1.00e+00	2.66e-16	0.00e+00
 2.12543e+17	1.00e+00	1.51e-16	0.00e+00
 2.19034e+17	1.00e+00	9.27e-17	0.00e+00
 2.24799e+17	1.00e+00	6.04e-17	0.00e+00
 2.31205e+17	1.00e+00	3.71e-17	0.00e+00
 2.38423e+17	1.00e+00	2.17e-17	0.00e+00
 2.45043e+17	1.00e+00	1.33e-17	0.00e+00
 2.50753e+17	1.00e+00	8.60e-18	0.00e+00
 2.56419e+17	1.00e+00	5.42e-18	0.00e+00
 2.61182e+17	1.00e+00	3.72e-18	0.00e+00
 2.64039e+17	1.00e+00	2.93e-18	0.00e+00
 2.65754e+17	1.00e+00	2.52e-18	0.00e+00
 2.66783e+17	1.00e+00	2.25e-18	0.00e+00
 2.67400e+17	1.00e+00	2.13e-18	0.00e+00
 2.67770e+17	1.00e+00	2.05e-18	0.00e+00
 2.68004e+17	1.00e+00	2.01e-18	0.00e+00
 2.68208e+17	1.00e+00	1.97e-18	0.00e+00
 2.68456e+17	1.00e+00	1.92e-18	0.00e+00
 2.68780e+17	1.00e+00	1.86e-18	0.00e+00
 2.69154e+17	1.00e+00	1.79e-18	0.00e+00
 2.69500e+17	1.00e+00	1.73e-18	0.00e+00
 2.69770e+17	1.00e+00	1.68e-18	0.00e+00
 2.69992e+17	1.00e+00	1.64e-18	0.00e+00
 2.70224e+17	1.00e+00	1.60e-18	0.00e+00
 2.70507e+17	1.00e+00	1.56e-18	0.00e+00
 2.70837e+17	1.00e+00	1.50e-18	0.00e+00
 2.71153e+17	1.00e+00	1.45e-18	0.00e+00
 2.71408e+17	1.00e+00	1.41e-18	0.00e+00
 2.71615e+17	1.00e+00	1.38e-18	0.00e+00
 2.71824e+17	1.00e+00	1.34e-18	0.00e+00
 2.72075e+17	1.00e+00	1.31e-18	0.00e+00
 2.72369e+17	1.00e+00	1.26e-18	0.00e+00
 2.72656e+17	1.00e+00	1.22e-18	0.00e+00
 2.72891e+17	1.00e+00	1.18e-18	0.00e+00
 2.73084e+17	1.00e+00	1.15e-18	0.00e+00
 2.73276e+17	1.00e+00	1.12e-18	0.00e+00
 2.73503e+17	1.00e+00	1.09e-18	0.00e+00
 2.73769e+17	1.00e+00	1.06e-18	0.00e+00
 2.74031e+17	1.00e+00	1.02e-18	0.00e+00
 2.74251e+17	1.00e+00	9.87e-19	0.00e+00
 2.74432e+17	1.00e+00	9.61e-19	0.00e+00
 2.74610e+17	1.00e+00	9.38e-19	0.00e+00
 2.74819e+17	1.00e+00	9.10e-19	0.00e+00
 2.75063e+17	1.00e+00	8.79e-19	0.00e+00
 2.75306e+17	1.00e+00	8.46e-19	0.00e+00
 2.75513e+17	1.00e+00	8.18e-19	0.00e+00
 2.75687e+17	1.00e+00	7.95e-19	0.00e+00
 2.75857e+17	1.00e+00	7.74e-19	0.00e+00
 2.76056e+17	1.00e+00	7.50e-19	0.00e+00
 2.76286e+17	1.00e+00	7.22e-19	0.00e+00
 2.76513e+17	1.00e+00	6.94e-19	0.00e+00
 2.76710e+17	1.00e+00	6.70e-19	0.00e+00
 2.76880e+17	1.00e+00	6.49e-19	0.00e+00
 2.77048e+17	1.00e+00	6.30e-19	0.00e+00
 2.77242e+17	1.00e+00	6.09e-19	0.00e+00
 2.77463e+17	1.00e+00	5.85e-19	0.00e+00
 2.77680e+17	1.00e+00	5.61e-19	0.00e+00
 2.77870e+17	1.00e+00	5.40e-19	0.00e+00
 2.78040e+17	1.00e+00	5.22e-19	0.00e+00
