#depth	N	N+	N+2	N+3	N+4	N+5	N+6	N+7
 1.49634e+10	0.00e+00	1.32e-32	8.23e-24	9.15e-16	1.73e-08	9.98e-01	2.25e-03	0.00e+00
 4.54887e+10	3.48e-42	1.86e-32	1.07e-23	1.09e-15	1.90e-08	9.98e-01	2.06e-03	1.87e-09
 7.72350e+10	0.00e+00	2.61e-32	1.39e-23	1.31e-15	2.08e-08	9.98e-01	1.88e-03	0.00e+00
 1.10251e+11	8.15e-42	3.68e-32	1.80e-23	1.56e-15	2.28e-08	9.98e-01	1.72e-03	0.00e+00
 1.43621e+11	0.00e+00	5.13e-32	2.32e-23	1.86e-15	2.49e-08	9.98e-01	1.57e-03	0.00e+00
 1.78325e+11	1.86e-41	7.16e-32	3.00e-23	2.22e-15	2.73e-08	9.99e-01	1.44e-03	0.00e+00
 2.14057e+11	0.00e+00	9.97e-32	3.86e-23	2.64e-15	2.98e-08	9.99e-01	1.31e-03	0.00e+00
 2.49170e+11	4.14e-41	1.36e-31	4.92e-23	3.12e-15	3.25e-08	9.99e-01	1.21e-03	0.00e+00
 2.87014e+11	0.00e+00	1.89e-31	6.31e-23	3.71e-15	3.55e-08	9.99e-01	1.11e-03	0.00e+00
 3.28421e+11	9.47e-41	2.66e-31	8.22e-23	4.46e-15	3.91e-08	9.99e-01	1.01e-03	0.00e+00
 3.71485e+11	0.00e+00	3.75e-31	1.07e-22	5.36e-15	4.30e-08	9.99e-01	9.17e-04	0.00e+00
 4.16271e+11	2.20e-40	5.27e-31	1.39e-22	6.44e-15	4.73e-08	9.99e-01	8.34e-04	0.00e+00
 4.62849e+11	0.00e+00	7.42e-31	1.82e-22	7.75e-15	5.21e-08	9.99e-01	7.59e-04	0.00e+00
 5.04991e+11	4.83e-40	9.98e-31	2.29e-22	9.11e-15	5.66e-08	9.99e-01	6.98e-04	0.00e+00
 5.40132e+11	0.00e+00	1.27e-30	2.75e-22	1.04e-14	6.06e-08	9.99e-01	6.53e-04	0.00e+00
 5.78642e+11	8.85e-40	1.63e-30	3.35e-22	1.19e-14	6.52e-08	9.99e-01	6.08e-04	0.00e+00
 6.27380e+11	0.00e+00	2.22e-30	4.27e-22	1.42e-14	7.13e-08	9.99e-01	5.57e-04	0.00e+00
 6.78190e+11	1.89e-39	3.03e-30	5.44e-22	1.68e-14	7.81e-08	9.99e-01	5.09e-04	0.00e+00
 7.21566e+11	0.00e+00	3.91e-30	6.64e-22	1.94e-14	8.42e-08	1.00e+00	4.73e-04	0.00e+00
 7.66505e+11	3.53e-39	5.05e-30	8.10e-22	2.23e-14	9.07e-08	1.00e+00	4.40e-04	0.00e+00
 8.22706e+11	0.00e+00	6.86e-30	1.03e-21	2.65e-14	9.94e-08	1.00e+00	4.02e-04	0.00e+00
 8.79715e+11	7.38e-39	9.24e-30	1.30e-21	3.14e-14	1.09e-07	1.00e+00	3.68e-04	0.00e+00
 9.29113e+11	0.00e+00	1.19e-29	1.59e-21	3.61e-14	1.17e-07	1.00e+00	3.42e-04	0.00e+00
 9.82453e+11	1.37e-38	1.53e-29	1.94e-21	4.18e-14	1.27e-07	1.00e+00	3.17e-04	0.00e+00
 1.04782e+12	0.00e+00	2.08e-29	2.47e-21	4.97e-14	1.39e-07	1.00e+00	2.90e-04	0.00e+00
 1.11451e+12	2.84e-38	2.80e-29	3.13e-21	5.89e-14	1.52e-07	1.00e+00	2.65e-04	0.00e+00
 1.17524e+12	0.00e+00	3.63e-29	3.84e-21	6.83e-14	1.65e-07	1.00e+00	2.45e-04	0.00e+00
 1.24251e+12	5.44e-38	4.79e-29	4.78e-21	8.00e-14	1.79e-07	1.00e+00	2.25e-04	0.00e+00
 1.32111e+12	0.00e+00	6.53e-29	6.12e-21	9.55e-14	1.97e-07	1.00e+00	2.05e-04	0.00e+00
 1.39918e+12	1.13e-37	8.77e-29	7.72e-21	1.13e-13	2.16e-07	1.00e+00	1.88e-04	0.00e+00
 1.47360e+12	0.00e+00	1.15e-28	9.56e-21	1.32e-13	2.34e-07	1.00e+00	1.73e-04	0.00e+00
 1.55570e+12	2.21e-37	1.53e-28	1.20e-20	1.55e-13	2.56e-07	1.00e+00	1.59e-04	0.00e+00
 1.64785e+12	0.00e+00	2.08e-28	1.53e-20	1.85e-13	2.81e-07	1.00e+00	1.45e-04	0.00e+00
 1.74026e+12	4.58e-37	2.79e-28	1.93e-20	2.20e-13	3.08e-07	1.00e+00	1.32e-04	0.00e+00
 1.82286e+12	0.00e+00	3.59e-28	2.36e-20	2.54e-13	3.33e-07	1.00e+00	1.23e-04	0.00e+00
 1.89622e+12	8.11e-37	4.47e-28	2.81e-20	2.87e-13	3.56e-07	1.00e+00	1.15e-04	0.00e+00
 1.97944e+12	0.00e+00	5.67e-28	3.39e-20	3.29e-13	3.83e-07	1.00e+00	1.07e-04	0.00e+00
 2.07200e+12	1.48e-36	7.33e-28	4.15e-20	3.81e-13	4.14e-07	1.00e+00	9.88e-05	0.00e+00
 2.15880e+12	0.00e+00	9.26e-28	4.99e-20	4.36e-13	4.45e-07	1.00e+00	9.21e-05	0.00e+00
 2.25372e+12	2.64e-36	1.18e-27	6.06e-20	5.01e-13	4.80e-07	1.00e+00	8.55e-05	0.00e+00
 2.36013e+12	0.00e+00	1.55e-27	7.48e-20	5.83e-13	5.20e-07	1.00e+00	7.89e-05	0.00e+00
 2.46118e+12	4.92e-36	1.98e-27	9.07e-20	6.68e-13	5.59e-07	1.00e+00	7.35e-05	0.00e+00
 2.57226e+12	0.00e+00	2.56e-27	1.11e-19	7.75e-13	6.06e-07	1.00e+00	6.79e-05	0.00e+00
 2.69601e+12	9.44e-36	3.38e-27	1.39e-19	9.06e-13	6.59e-07	1.00e+00	6.25e-05	0.00e+00
 2.81315e+12	0.00e+00	4.36e-27	1.69e-19	1.05e-12	7.12e-07	1.00e+00	5.79e-05	0.00e+00
 2.92202e+12	1.70e-35	5.47e-27	2.03e-19	1.19e-12	7.62e-07	1.00e+00	5.41e-05	0.00e+00
 3.04318e+12	0.00e+00	7.00e-27	2.46e-19	1.37e-12	8.21e-07	1.00e+00	5.03e-05	0.00e+00
 3.17890e+12	3.17e-35	9.15e-27	3.03e-19	1.59e-12	8.88e-07	1.00e+00	4.65e-05	0.00e+00
 3.30704e+12	0.00e+00	1.17e-26	3.67e-19	1.82e-12	9.56e-07	1.00e+00	4.33e-05	0.00e+00
 3.44712e+12	5.84e-35	1.51e-26	4.49e-19	2.10e-12	1.03e-06	1.00e+00	4.02e-05	0.00e+00
 3.60220e+12	0.00e+00	1.99e-26	5.57e-19	2.44e-12	1.12e-06	1.00e+00	3.70e-05	0.00e+00
 3.74628e+12	1.10e-34	2.54e-26	6.76e-19	2.80e-12	1.20e-06	1.00e+00	3.45e-05	0.00e+00
 3.90308e+12	0.00e+00	3.30e-26	8.28e-19	3.23e-12	1.30e-06	1.00e+00	3.20e-05	0.00e+00
 4.07842e+12	2.13e-34	4.37e-26	1.03e-18	3.78e-12	1.41e-06	1.00e+00	2.95e-05	0.00e+00
 4.24386e+12	2.92e-34	5.64e-26	1.26e-18	4.34e-12	1.52e-06	1.00e+00	2.74e-05	0.00e+00
 4.42399e+12	4.06e-34	7.38e-26	1.55e-18	5.04e-12	1.64e-06	1.00e+00	2.53e-05	0.00e+00
 4.62487e+12	5.78e-34	9.85e-26	1.95e-18	5.90e-12	1.79e-06	1.00e+00	2.33e-05	0.00e+00
 4.81568e+12	8.00e-34	1.29e-25	2.39e-18	6.82e-12	1.93e-06	1.00e+00	2.16e-05	0.00e+00
 5.02013e+12	1.12e-33	1.69e-25	2.96e-18	7.92e-12	2.09e-06	1.00e+00	2.00e-05	0.00e+00
 5.25086e+12	1.61e-33	2.28e-25	3.73e-18	9.31e-12	2.27e-06	1.00e+00	1.84e-05	0.00e+00
 5.47901e+12	2.29e-33	3.03e-25	4.65e-18	1.09e-11	2.46e-06	1.00e+00	1.69e-05	0.00e+00
 5.71628e+12	3.25e-33	4.03e-25	5.81e-18	1.27e-11	2.67e-06	1.00e+00	1.56e-05	0.00e+00
 5.97486e+12	4.69e-33	5.44e-25	7.32e-18	1.49e-11	2.91e-06	1.00e+00	1.44e-05	0.00e+00
 6.24378e+12	6.78e-33	7.34e-25	9.23e-18	1.75e-11	3.16e-06	1.00e+00	1.32e-05	0.00e+00
 6.52346e+12	9.82e-33	9.92e-25	1.16e-17	2.05e-11	3.44e-06	1.00e+00	1.22e-05	0.00e+00
 6.79786e+12	1.39e-32	1.32e-24	1.45e-17	2.39e-11	3.72e-06	1.00e+00	1.12e-05	0.00e+00
 7.05305e+12	1.91e-32	1.70e-24	1.77e-17	2.74e-11	4.00e-06	1.00e+00	1.05e-05	0.00e+00
 7.33492e+12	2.67e-32	2.24e-24	2.18e-17	3.16e-11	4.31e-06	1.00e+00	9.73e-06	0.00e+00
 7.62438e+12	3.73e-32	2.93e-24	2.68e-17	3.65e-11	4.64e-06	1.00e+00	9.03e-06	0.00e+00
 7.86665e+12	4.90e-32	3.66e-24	3.18e-17	4.10e-11	4.93e-06	1.00e+00	8.51e-06	0.00e+00
 8.12261e+12	6.49e-32	4.59e-24	3.78e-17	4.62e-11	5.24e-06	1.00e+00	8.00e-06	0.00e+00
 8.44759e+12	9.16e-32	6.06e-24	4.68e-17	5.35e-11	5.65e-06	1.00e+00	7.42e-06	0.00e+00
 8.78684e+12	1.29e-31	8.03e-24	5.80e-17	6.19e-11	6.10e-06	1.00e+00	6.88e-06	0.00e+00
 9.08797e+12	1.75e-31	1.02e-23	6.98e-17	7.02e-11	6.50e-06	1.00e+00	6.46e-06	0.00e+00
 9.41503e+12	2.40e-31	1.32e-23	8.48e-17	8.02e-11	6.96e-06	1.00e+00	6.03e-06	0.00e+00
 9.77919e+12	3.37e-31	1.74e-23	1.05e-16	9.25e-11	7.49e-06	1.00e+00	5.61e-06	0.00e+00
 1.01194e+13	4.59e-31	2.23e-23	1.26e-16	1.05e-10	8.00e-06	1.00e+00	5.25e-06	0.00e+00
 1.04894e+13	6.36e-31	2.90e-23	1.54e-16	1.20e-10	8.57e-06	1.00e+00	4.90e-06	0.00e+00
 1.09016e+13	9.02e-31	3.84e-23	1.91e-16	1.39e-10	9.23e-06	1.00e+00	4.55e-06	0.00e+00
 1.12871e+13	1.24e-30	4.96e-23	2.32e-16	1.59e-10	9.87e-06	1.00e+00	4.26e-06	0.00e+00
 1.17068e+13	1.74e-30	6.51e-23	2.85e-16	1.82e-10	1.06e-05	1.00e+00	3.97e-06	0.00e+00
 1.21753e+13	2.49e-30	8.70e-23	3.55e-16	2.11e-10	1.14e-05	1.00e+00	3.68e-06	0.00e+00
 1.26158e+13	3.46e-30	1.13e-22	4.33e-16	2.42e-10	1.22e-05	1.00e+00	3.44e-06	0.00e+00
 1.30964e+13	4.91e-30	1.50e-22	5.35e-16	2.79e-10	1.31e-05	1.00e+00	3.20e-06	0.00e+00
 1.36337e+13	7.13e-30	2.02e-22	6.72e-16	3.25e-10	1.42e-05	1.00e+00	2.96e-06	0.00e+00
 1.41417e+13	1.00e-29	2.67e-22	8.27e-16	3.74e-10	1.52e-05	1.00e+00	2.76e-06	0.00e+00
 1.46865e+13	1.43e-29	3.55e-22	1.02e-15	4.31e-10	1.64e-05	1.00e+00	2.57e-06	0.00e+00
 1.53038e+13	2.11e-29	4.84e-22	1.30e-15	5.05e-10	1.77e-05	1.00e+00	2.37e-06	0.00e+00
 1.59108e+13	3.05e-29	6.49e-22	1.62e-15	5.86e-10	1.91e-05	1.00e+00	2.20e-06	0.00e+00
 1.65421e+13	4.41e-29	8.73e-22	2.02e-15	6.80e-10	2.06e-05	1.00e+00	2.04e-06	0.00e+00
 1.72337e+13	6.49e-29	1.19e-21	2.56e-15	7.96e-10	2.23e-05	1.00e+00	1.89e-06	0.00e+00
 1.79358e+13	9.48e-29	1.61e-21	3.21e-15	9.29e-10	2.41e-05	1.00e+00	1.75e-06	0.00e+00
 1.86659e+13	1.39e-28	2.19e-21	4.04e-15	1.08e-09	2.60e-05	1.00e+00	1.62e-06	0.00e+00
 1.93971e+13	2.00e-28	2.93e-21	5.04e-15	1.26e-09	2.81e-05	1.00e+00	1.50e-06	0.00e+00
 2.00885e+13	2.79e-28	3.84e-21	6.17e-15	1.44e-09	3.00e-05	1.00e+00	1.40e-06	0.00e+00
 2.08529e+13	3.98e-28	5.10e-21	7.65e-15	1.66e-09	3.23e-05	1.00e+00	1.30e-06	0.00e+00
 2.16184e+13	5.61e-28	6.72e-21	9.42e-15	1.91e-09	3.47e-05	1.00e+00	1.21e-06	0.00e+00
 2.22520e+13	7.39e-28	8.39e-21	1.11e-14	2.14e-09	3.67e-05	1.00e+00	1.15e-06	0.00e+00
 2.29229e+13	9.81e-28	1.05e-20	1.32e-14	2.40e-09	3.89e-05	1.00e+00	1.08e-06	0.00e+00
 2.37832e+13	1.39e-27	1.40e-20	1.64e-14	2.77e-09	4.18e-05	1.00e+00	1.01e-06	0.00e+00
 2.46876e+13	1.99e-27	1.86e-20	2.03e-14	3.21e-09	4.51e-05	1.00e+00	9.35e-07	0.00e+00
 2.54865e+13	2.69e-27	2.37e-20	2.44e-14	3.63e-09	4.80e-05	1.00e+00	0.00e+00	0.00e+00
 2.63503e+13	3.69e-27	3.06e-20	2.96e-14	4.14e-09	5.13e-05	1.00e+00	0.00e+00	0.00e+00
 2.73903e+13	5.33e-27	4.11e-20	3.71e-14	4.81e-09	5.54e-05	1.00e+00	0.00e+00	0.00e+00
 2.84443e+13	7.63e-27	5.49e-20	4.62e-14	5.58e-09	5.97e-05	1.00e+00	0.00e+00	0.00e+00
 2.94295e+13	1.06e-26	7.12e-20	5.62e-14	6.38e-09	6.39e-05	1.00e+00	0.00e+00	0.00e+00
 3.05258e+13	1.49e-26	9.42e-20	6.96e-14	7.37e-09	6.88e-05	1.00e+00	0.00e+00	0.00e+00
 3.16899e+13	2.13e-26	1.25e-19	8.64e-14	8.54e-09	7.42e-05	1.00e+00	0.00e+00	0.00e+00
 3.27245e+13	2.89e-26	1.60e-19	1.04e-13	9.69e-09	7.91e-05	1.00e+00	0.00e+00	0.00e+00
 3.38373e+13	3.96e-26	2.07e-19	1.27e-13	1.11e-08	8.47e-05	1.00e+00	0.00e+00	0.00e+00
 3.51705e+13	5.70e-26	2.78e-19	1.58e-13	1.29e-08	9.16e-05	1.00e+00	0.00e+00	0.00e+00
 3.64822e+13	8.07e-26	3.67e-19	1.96e-13	1.49e-08	9.86e-05	1.00e+00	0.00e+00	0.00e+00
 3.76501e+13	1.09e-25	4.68e-19	2.36e-13	1.69e-08	1.05e-04	1.00e+00	0.00e+00	0.00e+00
 3.89388e+13	1.49e-25	6.04e-19	2.87e-13	1.93e-08	1.13e-04	1.00e+00	0.00e+00	0.00e+00
 4.04756e+13	2.15e-25	8.12e-19	3.59e-13	2.24e-08	1.22e-04	1.00e+00	0.00e+00	0.00e+00
 4.20020e+13	3.06e-25	1.08e-18	4.46e-13	2.60e-08	1.31e-04	1.00e+00	0.00e+00	0.00e+00
 4.33978e+13	4.17e-25	1.38e-18	5.39e-13	2.96e-08	1.40e-04	1.00e+00	0.00e+00	0.00e+00
 4.49566e+13	5.81e-25	1.81e-18	6.63e-13	3.40e-08	1.51e-04	1.00e+00	0.00e+00	0.00e+00
 4.67694e+13	8.45e-25	2.45e-18	8.35e-13	3.98e-08	1.64e-04	1.00e+00	0.00e+00	0.00e+00
 4.85489e+13	1.20e-24	3.26e-18	1.04e-12	4.62e-08	1.77e-04	1.00e+00	0.00e+00	0.00e+00
 5.02314e+13	1.66e-24	4.24e-18	1.27e-12	5.29e-08	1.89e-04	1.00e+00	0.00e+00	0.00e+00
 5.21024e+13	2.35e-24	5.61e-18	1.57e-12	6.12e-08	2.04e-04	1.00e+00	0.00e+00	0.00e+00
 5.42164e+13	3.43e-24	7.61e-18	1.98e-12	7.16e-08	2.21e-04	1.00e+00	0.00e+00	0.00e+00
 5.62219e+13	4.86e-24	1.01e-17	2.45e-12	8.27e-08	2.38e-04	1.00e+00	0.00e+00	0.00e+00
 5.80468e+13	6.59e-24	1.29e-17	2.96e-12	9.39e-08	2.54e-04	1.00e+00	0.00e+00	0.00e+00
 6.01100e+13	9.19e-24	1.68e-17	3.63e-12	1.08e-07	2.73e-04	1.00e+00	0.00e+00	0.00e+00
 6.25167e+13	1.34e-23	2.28e-17	4.57e-12	1.26e-07	2.96e-04	1.00e+00	0.00e+00	0.00e+00
 6.48294e+13	1.89e-23	3.02e-17	5.66e-12	1.46e-07	3.18e-04	1.00e+00	0.00e+00	0.00e+00
 6.69247e+13	2.57e-23	3.86e-17	6.82e-12	1.65e-07	3.39e-04	1.00e+00	0.00e+00	0.00e+00
 6.88944e+13	3.40e-23	4.83e-17	8.09e-12	1.86e-07	3.60e-04	1.00e+00	0.00e+00	0.00e+00
 7.10717e+13	4.58e-23	6.15e-17	9.71e-12	2.10e-07	3.84e-04	1.00e+00	0.00e+00	0.00e+00
 7.35073e+13	6.33e-23	7.99e-17	1.18e-11	2.40e-07	4.11e-04	1.00e+00	0.00e+00	0.00e+00
 7.58123e+13	8.53e-23	1.02e-16	1.42e-11	2.72e-07	4.37e-04	1.00e+00	0.00e+00	0.00e+00
 7.83420e+13	1.17e-22	1.31e-16	1.72e-11	3.10e-07	4.67e-04	1.00e+00	0.00e+00	0.00e+00
 8.11710e+13	1.65e-22	1.73e-16	2.13e-11	3.56e-07	5.02e-04	9.99e-01	0.00e+00	0.00e+00
 8.38403e+13	2.25e-22	2.22e-16	2.57e-11	4.05e-07	5.36e-04	9.99e-01	0.00e+00	0.00e+00
 8.67614e+13	3.14e-22	2.90e-16	3.15e-11	4.65e-07	5.74e-04	9.99e-01	0.00e+00	0.00e+00
 8.99920e+13	4.47e-22	3.85e-16	3.91e-11	5.37e-07	6.19e-04	9.99e-01	0.00e+00	0.00e+00
 9.29800e+13	6.13e-22	4.97e-16	4.74e-11	6.12e-07	6.61e-04	9.99e-01	0.00e+00	0.00e+00
 9.62193e+13	8.54e-22	6.49e-16	5.80e-11	7.01e-07	7.08e-04	9.99e-01	0.00e+00	0.00e+00
 9.98358e+13	1.22e-21	8.65e-16	7.22e-11	8.12e-07	7.63e-04	9.99e-01	0.00e+00	0.00e+00
 1.03231e+14	1.68e-21	1.12e-15	8.79e-11	9.28e-07	8.17e-04	9.99e-01	0.00e+00	0.00e+00
 1.06933e+14	2.37e-21	1.48e-15	1.08e-10	1.07e-06	8.77e-04	9.99e-01	0.00e+00	0.00e+00
 1.11051e+14	3.40e-21	1.98e-15	1.35e-10	1.24e-06	9.48e-04	9.99e-01	0.00e+00	0.00e+00
 1.14903e+14	4.73e-21	2.58e-15	1.66e-10	1.42e-06	1.02e-03	9.99e-01	0.00e+00	0.00e+00
 1.19079e+14	6.66e-21	3.40e-15	2.04e-10	1.64e-06	1.09e-03	9.99e-01	0.00e+00	0.00e+00
 1.23744e+14	9.62e-21	4.57e-15	2.56e-10	1.91e-06	1.18e-03	9.99e-01	0.00e+00	0.00e+00
 1.28185e+14	1.35e-20	6.00e-15	3.15e-10	2.20e-06	1.27e-03	9.99e-01	0.00e+00	0.00e+00
 1.32930e+14	1.90e-20	7.94e-15	3.91e-10	2.55e-06	1.37e-03	9.99e-01	0.00e+00	0.00e+00
 1.38277e+14	2.76e-20	1.07e-14	4.93e-10	2.98e-06	1.49e-03	9.99e-01	0.00e+00	0.00e+00
 1.43558e+14	3.92e-20	1.43e-14	6.14e-10	3.47e-06	1.61e-03	9.98e-01	0.00e+00	0.00e+00
 1.49049e+14	5.58e-20	1.90e-14	7.65e-10	4.03e-06	1.74e-03	9.98e-01	0.00e+00	0.00e+00
 1.55041e+14	8.04e-20	2.56e-14	9.63e-10	4.72e-06	1.89e-03	9.98e-01	0.00e+00	0.00e+00
 1.60969e+14	1.14e-19	3.41e-14	1.20e-09	5.49e-06	2.05e-03	9.98e-01	0.00e+00	0.00e+00
 1.65910e+14	1.51e-19	4.28e-14	1.43e-09	6.19e-06	2.18e-03	9.98e-01	0.00e+00	0.00e+00
 1.69898e+14	1.87e-19	5.12e-14	1.64e-09	6.81e-06	2.29e-03	9.98e-01	0.00e+00	0.00e+00
 1.74316e+14	2.36e-19	6.19e-14	1.91e-09	7.56e-06	2.42e-03	9.98e-01	0.00e+00	0.00e+00
 1.80061e+14	3.17e-19	7.88e-14	2.31e-09	8.61e-06	2.60e-03	9.97e-01	0.00e+00	0.00e+00
 1.86222e+14	4.29e-19	1.01e-13	2.80e-09	9.86e-06	2.79e-03	9.97e-01	0.00e+00	0.00e+00
 1.91693e+14	5.56e-19	1.25e-13	3.32e-09	1.11e-05	2.97e-03	9.97e-01	0.00e+00	0.00e+00
 1.97571e+14	7.28e-19	1.56e-13	3.95e-09	1.25e-05	3.17e-03	9.97e-01	0.00e+00	0.00e+00
 2.04927e+14	1.01e-18	2.04e-13	4.89e-09	1.45e-05	3.44e-03	9.97e-01	0.00e+00	0.00e+00
 2.12384e+14	1.38e-18	2.65e-13	6.01e-09	1.67e-05	3.72e-03	9.96e-01	0.00e+00	0.00e+00
 2.18857e+14	1.79e-18	3.29e-13	7.15e-09	1.89e-05	3.97e-03	9.96e-01	0.00e+00	0.00e+00
 2.25868e+14	2.34e-18	4.13e-13	8.57e-09	2.15e-05	4.26e-03	9.96e-01	0.00e+00	0.00e+00
 2.34443e+14	3.23e-18	5.40e-13	1.06e-08	2.49e-05	4.63e-03	9.95e-01	0.00e+00	0.00e+00
 2.43102e+14	4.41e-18	7.00e-13	1.31e-08	2.89e-05	5.02e-03	9.95e-01	0.00e+00	0.00e+00
 2.50824e+14	5.75e-18	8.75e-13	1.57e-08	3.27e-05	5.38e-03	9.95e-01	0.00e+00	0.00e+00
 2.59276e+14	7.61e-18	1.11e-12	1.90e-08	3.74e-05	5.80e-03	9.94e-01	0.00e+00	0.00e+00
 2.69350e+14	1.05e-17	1.45e-12	2.37e-08	4.36e-05	6.32e-03	9.94e-01	0.00e+00	0.00e+00
 2.79305e+14	1.42e-17	1.88e-12	2.92e-08	5.05e-05	6.86e-03	9.93e-01	0.00e+00	0.00e+00
 2.88329e+14	1.86e-17	2.35e-12	3.51e-08	5.73e-05	7.37e-03	9.93e-01	0.00e+00	0.00e+00
 2.98369e+14	2.47e-17	3.00e-12	4.28e-08	6.58e-05	7.96e-03	9.92e-01	0.00e+00	0.00e+00
 3.10140e+14	3.41e-17	3.94e-12	5.35e-08	7.69e-05	8.69e-03	9.91e-01	0.00e+00	0.00e+00
 3.21726e+14	4.63e-17	5.10e-12	6.62e-08	8.91e-05	9.44e-03	9.90e-01	0.00e+00	0.00e+00
 3.32536e+14	6.09e-17	6.45e-12	8.01e-08	1.02e-04	1.02e-02	9.90e-01	0.00e+00	0.00e+00
 3.44627e+14	8.20e-17	8.30e-12	9.87e-08	1.17e-04	1.10e-02	9.89e-01	0.00e+00	0.00e+00
 3.58442e+14	1.14e-16	1.10e-11	1.24e-07	1.37e-04	1.21e-02	9.88e-01	0.00e+00	0.00e+00
 3.72101e+14	1.85e-16	1.43e-11	1.54e-07	1.60e-04	1.31e-02	9.87e-01	0.00e+00	0.00e+00
 3.86307e+14	2.56e-16	1.87e-11	1.92e-07	1.85e-04	1.43e-02	9.86e-01	0.00e+00	0.00e+00
 3.99207e+14	3.39e-16	2.36e-11	2.33e-07	2.12e-04	1.54e-02	9.84e-01	0.00e+00	0.00e+00
 4.08866e+14	4.16e-16	2.80e-11	2.68e-07	2.33e-04	1.63e-02	9.84e-01	0.00e+00	0.00e+00
 4.18868e+14	5.12e-16	3.33e-11	3.09e-07	2.56e-04	1.72e-02	9.83e-01	0.00e+00	0.00e+00
 4.31870e+14	6.66e-16	4.14e-11	3.70e-07	2.90e-04	1.84e-02	9.81e-01	0.00e+00	0.00e+00
 4.46002e+14	8.80e-16	5.23e-11	4.48e-07	3.30e-04	1.98e-02	9.80e-01	0.00e+00	0.00e+00
 4.58793e+14	1.13e-15	6.42e-11	5.30e-07	3.69e-04	2.11e-02	9.79e-01	0.00e+00	0.00e+00
 4.72615e+14	1.46e-15	7.95e-11	6.32e-07	4.16e-04	2.25e-02	9.77e-01	0.00e+00	0.00e+00
 4.90051e+14	2.00e-15	1.04e-10	7.84e-07	4.81e-04	2.44e-02	9.75e-01	0.00e+00	0.00e+00
 5.07610e+14	2.72e-15	1.34e-10	9.68e-07	5.54e-04	2.64e-02	9.73e-01	0.00e+00	0.00e+00
 5.22468e+14	3.51e-15	1.65e-10	1.15e-06	6.22e-04	2.82e-02	9.71e-01	0.00e+00	0.00e+00
 5.38390e+14	4.49e-15	2.06e-10	1.38e-06	7.01e-04	3.02e-02	9.69e-01	0.00e+00	0.00e+00
 5.58353e+14	6.20e-15	2.70e-10	1.71e-06	8.11e-04	3.27e-02	9.66e-01	0.00e+00	0.00e+00
 5.79271e+14	8.59e-15	3.54e-10	2.14e-06	9.40e-04	3.55e-02	9.64e-01	0.00e+00	0.00e+00
 5.98221e+14	1.14e-14	4.50e-10	2.59e-06	1.07e-03	3.81e-02	9.61e-01	0.00e+00	0.00e+00
 6.18907e+14	1.55e-14	5.80e-10	3.19e-06	1.23e-03	4.11e-02	9.58e-01	0.00e+00	0.00e+00
 6.43226e+14	2.19e-14	7.75e-10	4.02e-06	1.43e-03	4.47e-02	9.54e-01	0.00e+00	0.00e+00
 6.67009e+14	3.03e-14	1.02e-09	5.01e-06	1.65e-03	4.84e-02	9.50e-01	0.00e+00	0.00e+00
 6.88879e+14	4.07e-14	1.30e-09	6.09e-06	1.88e-03	5.19e-02	9.46e-01	0.00e+00	0.00e+00
 7.13518e+14	5.59e-14	1.69e-09	7.54e-06	2.17e-03	5.60e-02	9.42e-01	0.00e+00	0.00e+00
 7.42009e+14	7.99e-14	2.28e-09	9.57e-06	2.53e-03	6.10e-02	9.36e-01	0.00e+00	0.00e+00
 7.69879e+14	1.12e-13	3.02e-09	1.20e-05	2.94e-03	6.60e-02	9.31e-01	0.00e+00	0.00e+00
 7.96347e+14	1.53e-13	3.92e-09	1.47e-05	3.36e-03	7.09e-02	9.26e-01	0.00e+00	0.00e+00
 8.19550e+14	1.99e-13	4.89e-09	1.75e-05	3.77e-03	7.55e-02	9.21e-01	0.00e+00	0.00e+00
 8.38799e+14	2.46e-13	5.84e-09	2.02e-05	4.14e-03	7.93e-02	9.17e-01	0.00e+00	0.00e+00
 8.59978e+14	3.10e-13	7.08e-09	2.35e-05	4.57e-03	8.36e-02	9.12e-01	0.00e+00	0.00e+00
 8.87511e+14	4.15e-13	9.02e-09	2.85e-05	5.18e-03	8.93e-02	9.05e-01	0.00e+00	0.00e+00
 9.16564e+14	5.59e-13	1.16e-08	3.47e-05	5.89e-03	9.55e-02	8.99e-01	0.00e+00	0.00e+00
 9.41537e+14	7.18e-13	1.43e-08	4.09e-05	6.56e-03	1.01e-01	8.92e-01	0.00e+00	0.00e+00
 9.67944e+14	9.30e-13	1.77e-08	4.84e-05	7.32e-03	1.07e-01	8.86e-01	0.00e+00	0.00e+00
 1.00227e+15	1.29e-12	2.32e-08	5.99e-05	8.41e-03	1.15e-01	8.77e-01	0.00e+00	0.00e+00
 1.03763e+15	1.77e-12	3.03e-08	7.38e-05	9.63e-03	1.23e-01	8.67e-01	0.00e+00	0.00e+00
 1.06707e+15	2.30e-12	3.77e-08	8.76e-05	1.08e-02	1.30e-01	8.59e-01	0.00e+00	0.00e+00
 1.09811e+15	3.01e-12	4.71e-08	1.04e-04	1.20e-02	1.38e-01	8.50e-01	0.00e+00	0.00e+00
 1.13798e+15	4.20e-12	6.22e-08	1.29e-04	1.38e-02	1.48e-01	8.38e-01	0.00e+00	0.00e+00
 1.17990e+15	5.88e-12	8.23e-08	1.61e-04	1.59e-02	1.59e-01	8.25e-01	0.00e+00	0.00e+00
 1.21650e+15	7.82e-12	1.04e-07	1.94e-04	1.80e-02	1.69e-01	8.13e-01	0.00e+00	0.00e+00
 1.25563e+15	1.05e-11	1.34e-07	2.34e-04	2.03e-02	1.79e-01	8.00e-01	0.00e+00	0.00e+00
 1.30331e+15	1.49e-11	1.79e-07	2.93e-04	2.34e-02	1.92e-01	7.84e-01	0.00e+00	0.00e+00
 1.35072e+15	2.06e-11	2.35e-07	3.63e-04	2.68e-02	2.05e-01	7.68e-01	0.00e+00	0.00e+00
 1.39260e+15	2.74e-11	2.97e-07	4.35e-04	3.01e-02	2.17e-01	7.53e-01	0.00e+00	0.00e+00
 1.43868e+15	3.70e-11	3.82e-07	5.28e-04	3.40e-02	2.30e-01	7.36e-01	0.00e+00	0.00e+00
 1.49404e+15	5.24e-11	5.11e-07	6.61e-04	3.91e-02	2.45e-01	7.15e-01	0.00e+00	0.00e+00
 1.54669e+15	7.14e-11	6.63e-07	8.08e-04	4.44e-02	2.59e-01	6.95e-01	0.00e+00	0.00e+00
 1.59095e+15	9.22e-11	8.20e-07	9.53e-04	4.92e-02	2.72e-01	6.78e-01	0.00e+00	0.00e+00
 1.63099e+15	1.15e-10	9.91e-07	1.10e-03	5.38e-02	2.82e-01	6.63e-01	0.00e+00	0.00e+00
 1.67498e+15	1.48e-10	1.21e-06	1.28e-03	5.91e-02	2.94e-01	6.45e-01	0.00e+00	0.00e+00
 1.72392e+15	1.91e-10	1.51e-06	1.51e-03	6.54e-02	3.07e-01	6.26e-01	0.00e+00	0.00e+00
 1.76973e+15	2.43e-10	1.84e-06	1.76e-03	7.17e-02	3.19e-01	6.08e-01	0.00e+00	0.00e+00
 1.81975e+15	3.13e-10	2.27e-06	2.06e-03	7.89e-02	3.31e-01	5.88e-01	0.00e+00	0.00e+00
 1.87492e+15	4.09e-10	2.83e-06	2.43e-03	8.72e-02	3.44e-01	5.66e-01	0.00e+00	0.00e+00
 1.92616e+15	5.19e-10	3.45e-06	2.83e-03	9.54e-02	3.56e-01	5.46e-01	0.00e+00	0.00e+00
 1.98213e+15	6.73e-10	4.27e-06	3.31e-03	1.05e-01	3.68e-01	5.23e-01	0.00e+00	0.00e+00
 2.04422e+15	8.83e-10	5.35e-06	3.92e-03	1.16e-01	3.81e-01	4.99e-01	0.00e+00	0.00e+00
 2.10269e+15	1.13e-09	6.56e-06	4.56e-03	1.26e-01	3.92e-01	4.77e-01	0.00e+00	0.00e+00
 2.16714e+15	1.48e-09	8.18e-06	5.36e-03	1.39e-01	4.03e-01	4.53e-01	0.00e+00	0.00e+00
 2.23803e+15	1.95e-09	1.03e-05	6.35e-03	1.53e-01	4.15e-01	4.27e-01	0.00e+00	0.00e+00
 2.30260e+15	2.49e-09	1.26e-05	7.36e-03	1.66e-01	4.23e-01	4.04e-01	0.00e+00	0.00e+00
 2.37188e+15	3.22e-09	1.55e-05	8.59e-03	1.80e-01	4.32e-01	3.79e-01	0.00e+00	0.00e+00
 2.44863e+15	4.22e-09	1.93e-05	1.01e-02	1.97e-01	4.39e-01	3.54e-01	0.00e+00	0.00e+00
 2.52059e+15	5.38e-09	2.36e-05	1.16e-02	2.12e-01	4.45e-01	3.31e-01	0.00e+00	0.00e+00
 2.59961e+15	7.02e-09	2.92e-05	1.36e-02	2.30e-01	4.50e-01	3.06e-01	0.00e+00	0.00e+00
 2.68608e+15	9.19e-09	3.64e-05	1.59e-02	2.49e-01	4.53e-01	2.82e-01	0.00e+00	0.00e+00
 2.76121e+15	1.15e-08	4.35e-05	1.81e-02	2.66e-01	4.54e-01	2.61e-01	0.00e+00	0.00e+00
 2.82697e+15	1.39e-08	5.09e-05	2.02e-02	2.81e-01	4.54e-01	2.44e-01	0.00e+00	0.00e+00
 2.90157e+15	1.73e-08	6.06e-05	2.29e-02	2.98e-01	4.53e-01	2.26e-01	0.00e+00	0.00e+00
 2.98067e+15	2.15e-08	7.20e-05	2.59e-02	3.16e-01	4.51e-01	2.08e-01	0.00e+00	0.00e+00
 3.05234e+15	2.60e-08	8.38e-05	2.88e-02	3.32e-01	4.47e-01	1.92e-01	0.00e+00	0.00e+00
 3.12160e+15	3.12e-08	9.67e-05	3.18e-02	3.47e-01	4.43e-01	1.78e-01	0.00e+00	0.00e+00
 3.20100e+15	3.84e-08	1.14e-04	3.56e-02	3.64e-01	4.37e-01	1.63e-01	0.00e+00	0.00e+00
 3.28982e+15	4.78e-08	1.35e-04	4.02e-02	3.83e-01	4.29e-01	1.47e-01	0.00e+00	0.00e+00
 3.37364e+15	5.83e-08	1.58e-04	4.48e-02	4.00e-01	4.21e-01	1.34e-01	0.00e+00	0.00e+00
 3.45338e+15	7.03e-08	1.83e-04	4.95e-02	4.16e-01	4.12e-01	1.22e-01	0.00e+00	0.00e+00
 3.53275e+15	8.41e-08	2.11e-04	5.45e-02	4.31e-01	4.03e-01	1.11e-01	0.00e+00	0.00e+00
 3.62361e+15	1.04e-07	2.49e-04	6.09e-02	4.49e-01	3.91e-01	9.91e-02	0.00e+00	0.00e+00
 3.72254e+15	1.28e-07	2.92e-04	6.80e-02	4.66e-01	3.78e-01	8.80e-02	0.00e+00	0.00e+00
 3.81341e+15	1.56e-07	3.39e-04	7.52e-02	4.81e-01	3.65e-01	7.85e-02	0.00e+00	0.00e+00
 3.89986e+15	1.87e-07	3.90e-04	8.26e-02	4.95e-01	3.52e-01	7.03e-02	0.00e+00	0.00e+00
 3.99914e+15	2.31e-07	4.59e-04	9.20e-02	5.09e-01	3.37e-01	6.15e-02	0.00e+00	0.00e+00
 4.10561e+15	2.85e-07	5.38e-04	1.02e-01	5.24e-01	3.20e-01	5.35e-02	0.00e+00	0.00e+00
 4.20068e+15	3.43e-07	6.20e-04	1.12e-01	5.35e-01	3.05e-01	4.70e-02	0.00e+00	0.00e+00
 4.28891e+15	4.09e-07	7.09e-04	1.23e-01	5.45e-01	2.91e-01	4.15e-02	0.00e+00	0.00e+00
 4.37541e+15	4.83e-07	8.05e-04	1.33e-01	5.53e-01	2.76e-01	3.67e-02	0.00e+00	0.00e+00
 4.47427e+15	5.96e-07	9.42e-04	1.47e-01	5.61e-01	2.60e-01	3.15e-02	0.00e+00	0.00e+00
 4.57513e+15	7.15e-07	1.08e-03	1.61e-01	5.67e-01	2.43e-01	2.72e-02	0.00e+00	0.00e+00
 4.66066e+15	8.45e-07	1.23e-03	1.74e-01	5.71e-01	2.29e-01	2.38e-02	0.00e+00	0.00e+00
 4.75389e+15	1.03e-06	1.42e-03	1.90e-01	5.74e-01	2.14e-01	2.03e-02	0.00e+00	0.00e+00
 4.85185e+15	1.25e-06	1.64e-03	2.08e-01	5.75e-01	1.98e-01	1.72e-02	0.00e+00	0.00e+00
 4.92578e+15	1.43e-06	1.82e-03	2.22e-01	5.75e-01	1.86e-01	1.52e-02	0.00e+00	0.00e+00
 4.98076e+15	1.59e-06	1.98e-03	2.33e-01	5.74e-01	1.77e-01	1.37e-02	0.00e+00	0.00e+00
 5.04130e+15	1.77e-06	2.14e-03	2.46e-01	5.72e-01	1.68e-01	1.23e-02	0.00e+00	0.00e+00
 5.12001e+15	2.15e-06	2.47e-03	2.65e-01	5.67e-01	1.55e-01	1.04e-02	0.00e+00	0.00e+00
 5.19384e+15	2.50e-06	2.76e-03	2.83e-01	5.62e-01	1.44e-01	8.99e-03	0.00e+00	0.00e+00
 5.24693e+15	2.79e-06	3.00e-03	2.96e-01	5.57e-01	1.35e-01	8.04e-03	0.00e+00	0.00e+00
 5.30153e+15	3.15e-06	3.28e-03	3.11e-01	5.51e-01	1.27e-01	7.12e-03	0.00e+00	0.00e+00
 5.37252e+15	3.71e-06	3.70e-03	3.32e-01	5.42e-01	1.16e-01	6.01e-03	0.00e+00	0.00e+00
 5.44236e+15	4.21e-06	4.08e-03	3.52e-01	5.33e-01	1.06e-01	5.12e-03	0.00e+00	0.00e+00
 5.49925e+15	4.99e-06	4.60e-03	3.71e-01	5.22e-01	9.78e-02	4.36e-03	0.00e+00	0.00e+00
 5.54731e+15	5.57e-06	4.99e-03	3.87e-01	5.13e-01	9.11e-02	3.84e-03	0.00e+00	0.00e+00
 5.59536e+15	6.11e-06	5.35e-03	4.02e-01	5.04e-01	8.47e-02	3.37e-03	0.00e+00	0.00e+00
 5.65784e+15	7.47e-06	6.17e-03	4.26e-01	4.89e-01	7.56e-02	2.74e-03	0.00e+00	0.00e+00
 5.71577e+15	8.58e-06	6.83e-03	4.47e-01	4.76e-01	6.84e-02	2.30e-03	0.00e+00	0.00e+00
 5.75839e+15	9.61e-06	7.41e-03	4.63e-01	4.64e-01	6.30e-02	1.99e-03	0.00e+00	0.00e+00
 5.80441e+15	1.06e-05	7.97e-03	4.80e-01	4.53e-01	5.76e-02	1.71e-03	0.00e+00	0.00e+00
 5.86424e+15	1.31e-05	9.26e-03	5.06e-01	4.33e-01	5.01e-02	1.33e-03	0.00e+00	0.00e+00
 5.91884e+15	1.46e-05	1.00e-02	5.26e-01	4.18e-01	4.47e-02	1.10e-03	0.00e+00	0.00e+00
 5.96664e+15	1.76e-05	1.14e-02	5.47e-01	4.01e-01	3.93e-02	8.76e-04	0.00e+00	0.00e+00
 6.01379e+15	2.02e-05	1.26e-02	5.66e-01	3.86e-01	3.48e-02	7.11e-04	0.00e+00	0.00e+00
 6.05272e+15	2.28e-05	1.37e-02	5.82e-01	3.72e-01	3.12e-02	5.90e-04	0.00e+00	0.00e+00
 6.09596e+15	2.57e-05	1.49e-02	5.99e-01	3.58e-01	2.75e-02	4.78e-04	0.00e+00	0.00e+00
 6.13898e+15	2.96e-05	1.65e-02	6.16e-01	3.43e-01	2.41e-02	3.82e-04	0.00e+00	0.00e+00
 6.16952e+15	3.36e-05	1.80e-02	6.29e-01	3.31e-01	2.17e-02	3.18e-04	0.00e+00	0.00e+00
 6.19065e+15	3.60e-05	1.89e-02	6.37e-01	3.23e-01	2.02e-02	2.83e-04	0.00e+00	0.00e+00
 6.21172e+15	3.82e-05	1.97e-02	6.45e-01	3.16e-01	1.89e-02	2.52e-04	0.00e+00	0.00e+00
 6.23911e+15	4.27e-05	2.13e-02	6.56e-01	3.05e-01	1.70e-02	2.10e-04	0.00e+00	0.00e+00
 6.26850e+15	4.66e-05	2.26e-02	6.66e-01	2.96e-01	1.53e-02	1.77e-04	0.00e+00	0.00e+00
 6.30050e+15	5.34e-05	2.48e-02	6.78e-01	2.83e-01	1.34e-02	1.42e-04	0.00e+00	0.00e+00
 6.33237e+15	5.96e-05	2.68e-02	6.89e-01	2.72e-01	1.19e-02	1.15e-04	0.00e+00	0.00e+00
 6.35901e+15	6.56e-05	2.86e-02	6.98e-01	2.63e-01	1.07e-02	9.59e-05	0.00e+00	0.00e+00
 6.38857e+15	7.34e-05	3.08e-02	7.07e-01	2.52e-01	9.41e-03	7.74e-05	0.00e+00	0.00e+00
 6.42153e+15	8.29e-05	3.35e-02	7.17e-01	2.41e-01	8.17e-03	6.09e-05	0.00e+00	0.00e+00
 6.45204e+15	9.27e-05	3.62e-02	7.26e-01	2.31e-01	7.15e-03	4.87e-05	0.00e+00	0.00e+00
 6.48011e+15	1.03e-04	3.88e-02	7.33e-01	2.22e-01	6.30e-03	3.93e-05	0.00e+00	0.00e+00
 6.51188e+15	1.16e-04	4.21e-02	7.41e-01	2.11e-01	5.42e-03	3.05e-05	0.00e+00	0.00e+00
 6.54612e+15	1.32e-04	4.59e-02	7.49e-01	2.00e-01	4.61e-03	2.33e-05	0.00e+00	0.00e+00
 6.57663e+15	1.48e-04	4.95e-02	7.55e-01	1.91e-01	3.99e-03	1.83e-05	0.00e+00	0.00e+00
 6.60492e+15	1.65e-04	5.32e-02	7.60e-01	1.83e-01	3.47e-03	1.45e-05	0.00e+00	0.00e+00
 6.63725e+15	1.87e-04	5.78e-02	7.66e-01	1.73e-01	2.94e-03	1.10e-05	0.00e+00	0.00e+00
 6.67236e+15	2.14e-04	6.32e-02	7.71e-01	1.63e-01	2.46e-03	8.16e-06	0.00e+00	0.00e+00
 6.70388e+15	2.41e-04	6.84e-02	7.75e-01	1.54e-01	2.10e-03	6.24e-06	0.00e+00	0.00e+00
 6.73298e+15	2.69e-04	7.36e-02	7.78e-01	1.47e-01	1.80e-03	4.85e-06	0.00e+00	0.00e+00
 6.76611e+15	3.06e-04	8.00e-02	7.80e-01	1.38e-01	1.50e-03	3.59e-06	0.00e+00	0.00e+00
 6.80233e+15	3.52e-04	8.76e-02	7.82e-01	1.29e-01	1.24e-03	2.61e-06	0.00e+00	0.00e+00
 6.83490e+15	4.00e-04	9.52e-02	7.83e-01	1.21e-01	1.04e-03	1.95e-06	0.00e+00	0.00e+00
 6.86466e+15	4.49e-04	1.03e-01	7.82e-01	1.14e-01	8.79e-04	1.48e-06	0.00e+00	0.00e+00
 6.89842e+15	5.14e-04	1.12e-01	7.81e-01	1.06e-01	7.23e-04	1.08e-06	0.00e+00	0.00e+00
 6.93547e+15	5.96e-04	1.23e-01	7.78e-01	9.77e-02	5.85e-04	7.62e-07	0.00e+00	0.00e+00
 6.96880e+15	6.82e-04	1.34e-01	7.74e-01	9.06e-02	4.82e-04	0.00e+00	0.00e+00	0.00e+00
 6.99941e+15	7.74e-04	1.45e-01	7.70e-01	8.41e-02	4.00e-04	0.00e+00	0.00e+00	0.00e+00
 7.03450e+15	8.95e-04	1.59e-01	7.63e-01	7.70e-02	3.22e-04	0.00e+00	0.00e+00	0.00e+00
 7.07262e+15	1.05e-03	1.75e-01	7.54e-01	6.97e-02	2.54e-04	0.00e+00	0.00e+00	0.00e+00
 7.10678e+15	1.22e-03	1.92e-01	7.43e-01	6.33e-02	2.03e-04	0.00e+00	0.00e+00	0.00e+00
 7.13751e+15	1.39e-03	2.09e-01	7.32e-01	5.77e-02	1.66e-04	0.00e+00	0.00e+00	0.00e+00
 7.17170e+15	1.61e-03	2.28e-01	7.18e-01	5.19e-02	1.31e-04	0.00e+00	0.00e+00	0.00e+00
 7.21615e+15	1.97e-03	2.57e-01	6.96e-01	4.48e-02	9.52e-05	0.00e+00	0.00e+00	0.00e+00
 7.26041e+15	2.42e-03	2.90e-01	6.70e-01	3.80e-02	6.84e-05	0.00e+00	0.00e+00	0.00e+00
 7.29430e+15	2.83e-03	3.18e-01	6.46e-01	3.31e-02	5.23e-05	0.00e+00	0.00e+00	0.00e+00
 7.32818e+15	3.33e-03	3.49e-01	6.19e-01	2.86e-02	3.94e-05	0.00e+00	0.00e+00	0.00e+00
 7.37223e+15	4.11e-03	3.92e-01	5.80e-01	2.32e-02	2.67e-05	0.00e+00	0.00e+00	0.00e+00
 7.41654e+15	5.14e-03	4.42e-01	5.35e-01	1.83e-02	1.76e-05	0.00e+00	0.00e+00	0.00e+00
 7.45010e+15	6.11e-03	4.83e-01	4.96e-01	1.50e-02	1.25e-05	0.00e+00	0.00e+00	0.00e+00
 7.47788e+15	7.03e-03	5.18e-01	4.62e-01	1.25e-02	9.23e-06	0.00e+00	0.00e+00	0.00e+00
 7.50922e+15	8.28e-03	5.60e-01	4.22e-01	9.99e-03	6.40e-06	0.00e+00	0.00e+00	0.00e+00
 7.54997e+15	1.02e-02	6.15e-01	3.68e-01	7.26e-03	3.85e-06	0.00e+00	0.00e+00	0.00e+00
 7.58710e+15	1.25e-02	6.68e-01	3.14e-01	5.17e-03	2.29e-06	0.00e+00	0.00e+00	0.00e+00
 7.60964e+15	1.42e-02	7.01e-01	2.81e-01	4.09e-03	1.62e-06	0.00e+00	0.00e+00	0.00e+00
 7.62614e+15	1.56e-02	7.24e-01	2.57e-01	3.42e-03	1.24e-06	0.00e+00	0.00e+00	0.00e+00
 7.64464e+15	1.73e-02	7.48e-01	2.32e-01	2.76e-03	9.07e-07	0.00e+00	0.00e+00	0.00e+00
 7.66869e+15	1.97e-02	7.78e-01	2.00e-01	2.06e-03	0.00e+00	0.00e+00	0.00e+00	0.00e+00
 7.69378e+15	2.28e-02	8.08e-01	1.68e-01	1.47e-03	0.00e+00	0.00e+00	0.00e+00	0.00e+00
 7.71383e+15	2.57e-02	8.30e-01	1.43e-01	1.09e-03	0.00e+00	0.00e+00	0.00e+00	0.00e+00
 7.72974e+15	2.83e-02	8.46e-01	1.25e-01	8.48e-04	0.00e+00	0.00e+00	0.00e+00	0.00e+00
 7.74669e+15	3.13e-02	8.61e-01	1.07e-01	6.37e-04	0.00e+00	0.00e+00	0.00e+00	0.00e+00
 7.76581e+15	3.52e-02	8.75e-01	8.95e-02	4.55e-04	0.00e+00	0.00e+00	0.00e+00	0.00e+00
 7.78361e+15	3.95e-02	8.86e-01	7.43e-02	3.26e-04	0.00e+00	0.00e+00	0.00e+00	0.00e+00
 7.79936e+15	4.37e-02	8.94e-01	6.23e-02	2.37e-04	0.00e+00	0.00e+00	0.00e+00	0.00e+00
 7.81417e+15	4.83e-02	8.99e-01	5.24e-02	1.74e-04	0.00e+00	0.00e+00	0.00e+00	0.00e+00
 7.82840e+15	5.32e-02	9.03e-01	4.38e-02	1.26e-04	0.00e+00	0.00e+00	0.00e+00	0.00e+00
 7.84424e+15	5.93e-02	9.05e-01	3.56e-02	8.73e-05	0.00e+00	0.00e+00	0.00e+00	0.00e+00
 7.86159e+15	6.69e-02	9.05e-01	2.80e-02	5.72e-05	0.00e+00	0.00e+00	0.00e+00	0.00e+00
 7.87710e+15	7.53e-02	9.02e-01	2.22e-02	3.82e-05	0.00e+00	0.00e+00	0.00e+00	0.00e+00
 7.89065e+15	8.33e-02	8.99e-01	1.80e-02	2.64e-05	0.00e+00	0.00e+00	0.00e+00	0.00e+00
 7.90486e+15	9.28e-02	8.93e-01	1.43e-02	1.76e-05	0.00e+00	0.00e+00	0.00e+00	0.00e+00
 7.91997e+15	1.04e-01	8.85e-01	1.10e-02	1.13e-05	0.00e+00	0.00e+00	0.00e+00	0.00e+00
 7.93265e+15	1.15e-01	8.76e-01	8.77e-03	7.59e-06	0.00e+00	0.00e+00	0.00e+00	0.00e+00
 7.94245e+15	1.24e-01	8.69e-01	7.32e-03	5.56e-06	0.00e+00	0.00e+00	0.00e+00	0.00e+00
 7.95155e+15	1.33e-01	8.61e-01	6.16e-03	4.12e-06	0.00e+00	0.00e+00	0.00e+00	0.00e+00
 7.96132e+15	1.44e-01	8.51e-01	5.09e-03	2.97e-06	0.00e+00	0.00e+00	0.00e+00	0.00e+00
 7.97159e+15	1.55e-01	8.40e-01	4.15e-03	2.09e-06	0.00e+00	0.00e+00	0.00e+00	0.00e+00
 7.98091e+15	1.67e-01	8.30e-01	3.43e-03	1.50e-06	0.00e+00	0.00e+00	0.00e+00	0.00e+00
 7.98736e+15	1.75e-01	8.22e-01	3.00e-03	1.20e-06	0.00e+00	0.00e+00	0.00e+00	0.00e+00
 7.99138e+15	1.80e-01	8.17e-01	2.76e-03	1.04e-06	0.00e+00	0.00e+00	0.00e+00	0.00e+00
 7.99534e+15	1.86e-01	8.12e-01	2.54e-03	8.97e-07	0.00e+00	0.00e+00	0.00e+00	0.00e+00
 8.00017e+15	1.92e-01	8.05e-01	2.29e-03	0.00e+00	0.00e+00	0.00e+00	0.00e+00	0.00e+00
 8.00541e+15	2.00e-01	7.98e-01	2.04e-03	0.00e+00	0.00e+00	0.00e+00	0.00e+00	0.00e+00
 8.01037e+15	2.07e-01	7.91e-01	1.83e-03	0.00e+00	0.00e+00	0.00e+00	0.00e+00	0.00e+00
 8.01504e+15	2.14e-01	7.84e-01	1.65e-03	0.00e+00	0.00e+00	0.00e+00	0.00e+00	0.00e+00
 8.01970e+15	2.21e-01	7.77e-01	1.49e-03	0.00e+00	0.00e+00	0.00e+00	0.00e+00	0.00e+00
 8.02441e+15	2.28e-01	7.70e-01	1.34e-03	0.00e+00	0.00e+00	0.00e+00	0.00e+00	0.00e+00
 8.02911e+15	2.36e-01	7.63e-01	1.20e-03	0.00e+00	0.00e+00	0.00e+00	0.00e+00	0.00e+00
 8.03377e+15	2.43e-01	7.56e-01	1.08e-03	0.00e+00	0.00e+00	0.00e+00	0.00e+00	0.00e+00
 8.03840e+15	2.51e-01	7.48e-01	9.73e-04	0.00e+00	0.00e+00	0.00e+00	0.00e+00	0.00e+00
 8.04307e+15	2.59e-01	7.40e-01	8.73e-04	0.00e+00	0.00e+00	0.00e+00	0.00e+00	0.00e+00
 8.04764e+15	2.67e-01	7.33e-01	7.85e-04	0.00e+00	0.00e+00	0.00e+00	0.00e+00	0.00e+00
 8.05217e+15	2.74e-01	7.25e-01	7.06e-04	0.00e+00	0.00e+00	0.00e+00	0.00e+00	0.00e+00
 8.05677e+15	2.82e-01	7.17e-01	6.34e-04	0.00e+00	0.00e+00	0.00e+00	0.00e+00	0.00e+00
 8.06137e+15	2.90e-01	7.09e-01	5.69e-04	0.00e+00	0.00e+00	0.00e+00	0.00e+00	0.00e+00
 8.06595e+15	2.99e-01	7.01e-01	5.10e-04	0.00e+00	0.00e+00	0.00e+00	0.00e+00	0.00e+00
 8.07051e+15	3.07e-01	6.93e-01	4.57e-04	0.00e+00	0.00e+00	0.00e+00	0.00e+00	0.00e+00
 8.07509e+15	3.15e-01	6.84e-01	4.10e-04	0.00e+00	0.00e+00	0.00e+00	0.00e+00	0.00e+00
 8.07968e+15	3.24e-01	6.76e-01	3.67e-04	0.00e+00	0.00e+00	0.00e+00	0.00e+00	0.00e+00
 8.08431e+15	3.33e-01	6.67e-01	3.29e-04	0.00e+00	0.00e+00	0.00e+00	0.00e+00	0.00e+00
 8.08902e+15	3.42e-01	6.58e-01	2.93e-04	0.00e+00	0.00e+00	0.00e+00	0.00e+00	0.00e+00
 8.09364e+15	3.51e-01	6.49e-01	2.63e-04	0.00e+00	0.00e+00	0.00e+00	0.00e+00	0.00e+00
 8.09827e+15	3.60e-01	6.40e-01	2.35e-04	0.00e+00	0.00e+00	0.00e+00	0.00e+00	0.00e+00
 8.10303e+15	3.69e-01	6.31e-01	2.10e-04	0.00e+00	0.00e+00	0.00e+00	0.00e+00	0.00e+00
 8.10783e+15	3.79e-01	6.20e-01	1.87e-04	0.00e+00	0.00e+00	0.00e+00	0.00e+00	0.00e+00
 8.11258e+15	3.89e-01	6.11e-01	1.67e-04	0.00e+00	0.00e+00	0.00e+00	0.00e+00	0.00e+00
 8.11731e+15	3.99e-01	6.01e-01	1.50e-04	0.00e+00	0.00e+00	0.00e+00	0.00e+00	0.00e+00
 8.12209e+15	4.09e-01	5.91e-01	1.34e-04	0.00e+00	0.00e+00	0.00e+00	0.00e+00	0.00e+00
 8.12691e+15	4.20e-01	5.80e-01	1.20e-04	0.00e+00	0.00e+00	0.00e+00	0.00e+00	0.00e+00
 8.13175e+15	4.31e-01	5.69e-01	1.07e-04	0.00e+00	0.00e+00	0.00e+00	0.00e+00	0.00e+00
 8.13663e+15	4.42e-01	5.58e-01	9.59e-05	0.00e+00	0.00e+00	0.00e+00	0.00e+00	0.00e+00
 8.14158e+15	4.53e-01	5.47e-01	8.59e-05	0.00e+00	0.00e+00	0.00e+00	0.00e+00	0.00e+00
 8.14662e+15	4.64e-01	5.35e-01	7.70e-05	0.00e+00	0.00e+00	0.00e+00	0.00e+00	0.00e+00
 8.15178e+15	4.77e-01	5.23e-01	6.89e-05	0.00e+00	0.00e+00	0.00e+00	0.00e+00	0.00e+00
 8.15708e+15	4.89e-01	5.11e-01	6.18e-05	0.00e+00	0.00e+00	0.00e+00	0.00e+00	0.00e+00
 8.16255e+15	5.02e-01	4.98e-01	5.53e-05	0.00e+00	0.00e+00	0.00e+00	0.00e+00	0.00e+00
 8.16820e+15	5.16e-01	4.84e-01	4.95e-05	0.00e+00	0.00e+00	0.00e+00	0.00e+00	0.00e+00
 8.17405e+15	5.30e-01	4.70e-01	4.43e-05	0.00e+00	0.00e+00	0.00e+00	0.00e+00	0.00e+00
 8.18024e+15	5.45e-01	4.55e-01	3.96e-05	0.00e+00	0.00e+00	0.00e+00	0.00e+00	0.00e+00
 8.18683e+15	5.58e-01	4.42e-01	3.55e-05	0.00e+00	0.00e+00	0.00e+00	0.00e+00	0.00e+00
 8.19394e+15	5.74e-01	4.26e-01	3.17e-05	0.00e+00	0.00e+00	0.00e+00	0.00e+00	0.00e+00
 8.20164e+15	5.91e-01	4.09e-01	2.82e-05	0.00e+00	0.00e+00	0.00e+00	0.00e+00	0.00e+00
 8.20996e+15	6.07e-01	3.93e-01	2.52e-05	0.00e+00	0.00e+00	0.00e+00	0.00e+00	0.00e+00
 8.21916e+15	6.24e-01	3.76e-01	2.24e-05	0.00e+00	0.00e+00	0.00e+00	0.00e+00	0.00e+00
 8.22958e+15	6.44e-01	3.56e-01	1.98e-05	0.00e+00	0.00e+00	0.00e+00	0.00e+00	0.00e+00
 8.24098e+15	6.60e-01	3.40e-01	1.78e-05	0.00e+00	0.00e+00	0.00e+00	0.00e+00	0.00e+00
 8.25261e+15	6.76e-01	3.24e-01	1.60e-05	0.00e+00	0.00e+00	0.00e+00	0.00e+00	0.00e+00
 8.26417e+15	6.91e-01	3.09e-01	1.46e-05	0.00e+00	0.00e+00	0.00e+00	0.00e+00	0.00e+00
 8.27650e+15	7.04e-01	2.96e-01	1.33e-05	0.00e+00	0.00e+00	0.00e+00	0.00e+00	0.00e+00
 8.29061e+15	7.18e-01	2.82e-01	1.21e-05	0.00e+00	0.00e+00	0.00e+00	0.00e+00	0.00e+00
 8.30638e+15	7.32e-01	2.68e-01	1.10e-05	0.00e+00	0.00e+00	0.00e+00	0.00e+00	0.00e+00
 8.32322e+15	7.46e-01	2.54e-01	9.98e-06	0.00e+00	0.00e+00	0.00e+00	0.00e+00	0.00e+00
 8.34079e+15	7.60e-01	2.40e-01	9.06e-06	0.00e+00	0.00e+00	0.00e+00	0.00e+00	0.00e+00
 8.35896e+15	7.73e-01	2.27e-01	8.21e-06	0.00e+00	0.00e+00	0.00e+00	0.00e+00	0.00e+00
 8.37754e+15	7.85e-01	2.15e-01	7.44e-06	0.00e+00	0.00e+00	0.00e+00	0.00e+00	0.00e+00
 8.39625e+15	7.98e-01	2.02e-01	6.73e-06	0.00e+00	0.00e+00	0.00e+00	0.00e+00	0.00e+00
 8.41487e+15	8.09e-01	1.91e-01	6.10e-06	0.00e+00	0.00e+00	0.00e+00	0.00e+00	0.00e+00
 8.43325e+15	8.21e-01	1.79e-01	5.52e-06	0.00e+00	0.00e+00	0.00e+00	0.00e+00	0.00e+00
 8.45136e+15	8.31e-01	1.69e-01	5.00e-06	0.00e+00	0.00e+00	0.00e+00	0.00e+00	0.00e+00
 8.46916e+15	8.41e-01	1.59e-01	4.54e-06	0.00e+00	0.00e+00	0.00e+00	0.00e+00	0.00e+00
 8.48664e+15	8.51e-01	1.49e-01	4.12e-06	0.00e+00	0.00e+00	0.00e+00	0.00e+00	0.00e+00
 8.50380e+15	8.60e-01	1.40e-01	3.74e-06	0.00e+00	0.00e+00	0.00e+00	0.00e+00	0.00e+00
 8.52064e+15	8.69e-01	1.31e-01	3.38e-06	0.00e+00	0.00e+00	0.00e+00	0.00e+00	0.00e+00
 8.53757e+15	8.77e-01	1.23e-01	3.08e-06	0.00e+00	0.00e+00	0.00e+00	0.00e+00	0.00e+00
 8.55401e+15	8.85e-01	1.15e-01	2.79e-06	0.00e+00	0.00e+00	0.00e+00	0.00e+00	0.00e+00
 8.56984e+15	8.92e-01	1.08e-01	2.54e-06	0.00e+00	0.00e+00	0.00e+00	0.00e+00	0.00e+00
 8.58575e+15	8.99e-01	1.01e-01	2.31e-06	0.00e+00	0.00e+00	0.00e+00	0.00e+00	0.00e+00
 8.60135e+15	9.05e-01	9.50e-02	2.10e-06	0.00e+00	0.00e+00	0.00e+00	0.00e+00	0.00e+00
 8.61649e+15	9.11e-01	8.92e-02	1.92e-06	0.00e+00	0.00e+00	0.00e+00	0.00e+00	0.00e+00
 8.63130e+15	9.16e-01	8.37e-02	1.75e-06	0.00e+00	0.00e+00	0.00e+00	0.00e+00	0.00e+00
 8.64571e+15	9.21e-01	7.88e-02	1.60e-06	0.00e+00	0.00e+00	0.00e+00	0.00e+00	0.00e+00
 8.65988e+15	9.26e-01	7.41e-02	1.47e-06	0.00e+00	0.00e+00	0.00e+00	0.00e+00	0.00e+00
 8.67409e+15	9.30e-01	6.96e-02	1.35e-06	0.00e+00	0.00e+00	0.00e+00	0.00e+00	0.00e+00
 8.68827e+15	9.35e-01	6.53e-02	1.23e-06	0.00e+00	0.00e+00	0.00e+00	0.00e+00	0.00e+00
 8.70225e+15	9.39e-01	6.14e-02	1.13e-06	0.00e+00	0.00e+00	0.00e+00	0.00e+00	0.00e+00
 8.71602e+15	9.42e-01	5.77e-02	1.04e-06	0.00e+00	0.00e+00	0.00e+00	0.00e+00	0.00e+00
 8.72961e+15	9.46e-01	5.43e-02	9.52e-07	0.00e+00	0.00e+00	0.00e+00	0.00e+00	0.00e+00
 8.74309e+15	9.49e-01	5.11e-02	8.75e-07	0.00e+00	0.00e+00	0.00e+00	0.00e+00	0.00e+00
 8.75646e+15	9.52e-01	4.81e-02	8.05e-07	0.00e+00	0.00e+00	0.00e+00	0.00e+00	0.00e+00
 8.76972e+15	9.55e-01	4.53e-02	7.41e-07	0.00e+00	0.00e+00	0.00e+00	0.00e+00	0.00e+00
 8.78289e+15	9.57e-01	4.27e-02	6.82e-07	0.00e+00	0.00e+00	0.00e+00	0.00e+00	0.00e+00
 8.79599e+15	9.60e-01	4.02e-02	6.29e-07	0.00e+00	0.00e+00	0.00e+00	0.00e+00	0.00e+00
 8.80905e+15	9.62e-01	3.79e-02	5.80e-07	0.00e+00	0.00e+00	0.00e+00	0.00e+00	0.00e+00
 8.82208e+15	9.64e-01	3.58e-02	5.35e-07	0.00e+00	0.00e+00	0.00e+00	0.00e+00	0.00e+00
 8.83511e+15	9.66e-01	3.38e-02	4.94e-07	0.00e+00	0.00e+00	0.00e+00	0.00e+00	0.00e+00
 8.84817e+15	9.68e-01	3.19e-02	4.56e-07	0.00e+00	0.00e+00	0.00e+00	0.00e+00	0.00e+00
 8.86129e+15	9.70e-01	3.01e-02	4.21e-07	0.00e+00	0.00e+00	0.00e+00	0.00e+00	0.00e+00
 8.87463e+15	9.72e-01	2.83e-02	3.88e-07	0.00e+00	0.00e+00	0.00e+00	0.00e+00	0.00e+00
 8.88836e+15	9.73e-01	2.67e-02	3.58e-07	0.00e+00	0.00e+00	0.00e+00	0.00e+00	0.00e+00
 8.90247e+15	9.75e-01	2.51e-02	3.29e-07	0.00e+00	0.00e+00	0.00e+00	0.00e+00	0.00e+00
 8.91690e+15	9.76e-01	2.36e-02	3.02e-07	0.00e+00	0.00e+00	0.00e+00	0.00e+00	0.00e+00
 8.93170e+15	9.78e-01	2.22e-02	2.77e-07	0.00e+00	0.00e+00	0.00e+00	0.00e+00	0.00e+00
 8.94708e+15	9.79e-01	2.08e-02	2.54e-07	0.00e+00	0.00e+00	0.00e+00	0.00e+00	0.00e+00
 8.96324e+15	9.81e-01	1.95e-02	2.31e-07	0.00e+00	0.00e+00	0.00e+00	0.00e+00	0.00e+00
 8.98045e+15	9.82e-01	1.82e-02	2.10e-07	0.00e+00	0.00e+00	0.00e+00	0.00e+00	0.00e+00
 8.99909e+15	9.83e-01	1.69e-02	1.90e-07	0.00e+00	0.00e+00	0.00e+00	0.00e+00	0.00e+00
 9.01975e+15	9.84e-01	1.56e-02	1.70e-07	0.00e+00	0.00e+00	0.00e+00	0.00e+00	0.00e+00
 9.04354e+15	9.86e-01	1.43e-02	1.50e-07	0.00e+00	0.00e+00	0.00e+00	0.00e+00	0.00e+00
 9.06998e+15	9.87e-01	1.30e-02	1.31e-07	0.00e+00	0.00e+00	0.00e+00	0.00e+00	0.00e+00
 9.09592e+15	9.88e-01	1.20e-02	1.16e-07	0.00e+00	0.00e+00	0.00e+00	0.00e+00	0.00e+00
 9.11953e+15	9.89e-01	1.12e-02	1.04e-07	0.00e+00	0.00e+00	0.00e+00	0.00e+00	0.00e+00
 9.14101e+15	9.90e-01	1.05e-02	9.50e-08	0.00e+00	0.00e+00	0.00e+00	0.00e+00	0.00e+00
 9.16055e+15	9.90e-01	9.93e-03	8.75e-08	0.00e+00	0.00e+00	0.00e+00	0.00e+00	0.00e+00
 9.17834e+15	9.91e-01	9.47e-03	8.14e-08	0.00e+00	0.00e+00	0.00e+00	0.00e+00	0.00e+00
 9.19453e+15	9.91e-01	9.09e-03	7.63e-08	0.00e+00	0.00e+00	0.00e+00	0.00e+00	0.00e+00
 9.20926e+15	9.91e-01	8.75e-03	7.20e-08	0.00e+00	0.00e+00	0.00e+00	0.00e+00	0.00e+00
 9.22266e+15	9.92e-01	8.48e-03	6.85e-08	0.00e+00	0.00e+00	0.00e+00	0.00e+00	0.00e+00
 9.23735e+15	9.92e-01	8.20e-03	6.48e-08	0.00e+00	0.00e+00	0.00e+00	0.00e+00	0.00e+00
 9.25321e+15	9.92e-01	7.90e-03	6.12e-08	0.00e+00	0.00e+00	0.00e+00	0.00e+00	0.00e+00
