#depth	C	C+	C+2	C+3	C+4	C+5	C+6	C[1]	C[2]	C[3]	C+[1]	C+[2]	CO
 1.49634e+10	0.00e+00	0.00e+00	3.58e-28	2.01e-18	4.22e-08	4.30e-03	9.96e-01	0.00e+00	0.00e+00	0.00e+00	0.00e+00	0.00e+00	1.02e-289
 4.54887e+10	0.00e+00	3.70e-38	4.90e-28	2.54e-18	4.93e-08	4.67e-03	9.95e-01	0.00e+00	0.00e+00	0.00e+00	0.00e+00	0.00e+00	0.00e+00
 7.72350e+10	0.00e+00	0.00e+00	6.75e-28	3.23e-18	5.80e-08	5.06e-03	9.95e-01	0.00e+00	0.00e+00	0.00e+00	0.00e+00	0.00e+00	1.03e-211
 1.10251e+11	0.00e+00	8.22e-38	9.30e-28	4.11e-18	6.83e-08	5.49e-03	9.95e-01	0.00e+00	0.00e+00	0.00e+00	0.00e+00	0.00e+00	0.00e+00
 1.43901e+11	0.00e+00	0.00e+00	1.27e-27	5.21e-18	8.00e-08	5.94e-03	9.94e-01	0.00e+00	0.00e+00	0.00e+00	0.00e+00	0.00e+00	8.84e-285
 1.78897e+11	0.00e+00	1.80e-37	1.75e-27	6.61e-18	9.39e-08	6.43e-03	9.94e-01	0.00e+00	0.00e+00	0.00e+00	0.00e+00	0.00e+00	5.63e-227
 2.15979e+11	0.00e+00	0.00e+00	2.40e-27	8.41e-18	1.11e-07	6.96e-03	9.93e-01	0.00e+00	0.00e+00	0.00e+00	0.00e+00	0.00e+00	8.77e-213
 2.54545e+11	0.00e+00	4.02e-37	3.32e-27	1.07e-17	1.30e-07	7.55e-03	9.92e-01	0.00e+00	0.00e+00	0.00e+00	0.00e+00	0.00e+00	2.63e-214
 2.89809e+11	0.00e+00	0.00e+00	4.40e-27	1.33e-17	1.50e-07	8.10e-03	9.92e-01	0.00e+00	0.00e+00	0.00e+00	0.00e+00	0.00e+00	4.07e-282
 3.19721e+11	0.00e+00	7.65e-37	5.57e-27	1.58e-17	1.69e-07	8.59e-03	9.91e-01	0.00e+00	0.00e+00	0.00e+00	0.00e+00	0.00e+00	1.66e-236
 3.52631e+11	0.00e+00	0.00e+00	7.17e-27	1.91e-17	1.92e-07	9.14e-03	9.91e-01	0.00e+00	0.00e+00	0.00e+00	0.00e+00	0.00e+00	1.91e-209
 3.93620e+11	0.00e+00	1.53e-36	9.69e-27	2.40e-17	2.24e-07	9.85e-03	9.90e-01	0.00e+00	0.00e+00	0.00e+00	0.00e+00	0.00e+00	2.51e-223
 4.35785e+11	3.51e-47	2.21e-36	1.31e-26	3.01e-17	2.61e-07	1.06e-02	9.89e-01	0.00e+00	0.00e+00	0.00e+00	0.00e+00	0.00e+00	6.31e-143
 4.73104e+11	0.00e+00	0.00e+00	1.69e-26	3.65e-17	2.97e-07	1.13e-02	9.89e-01	0.00e+00	0.00e+00	0.00e+00	0.00e+00	0.00e+00	2.66e-189
 5.13452e+11	0.00e+00	4.29e-36	2.22e-26	4.49e-17	3.42e-07	1.21e-02	9.88e-01	0.00e+00	0.00e+00	0.00e+00	0.00e+00	0.00e+00	1.92e-162
 5.61946e+11	1.24e-46	6.34e-36	3.04e-26	5.68e-17	4.00e-07	1.31e-02	9.87e-01	0.00e+00	0.00e+00	0.00e+00	0.00e+00	0.00e+00	9.27e-221
 6.10319e+11	0.00e+00	0.00e+00	4.11e-26	7.13e-17	4.67e-07	1.41e-02	9.86e-01	0.00e+00	0.00e+00	0.00e+00	0.00e+00	0.00e+00	8.07e-228
 6.54203e+11	0.00e+00	1.29e-35	5.36e-26	8.71e-17	5.35e-07	1.50e-02	9.85e-01	0.00e+00	0.00e+00	0.00e+00	0.00e+00	0.00e+00	1.95e-208
 7.02962e+11	4.44e-46	1.85e-35	7.17e-26	1.08e-16	6.20e-07	1.61e-02	9.84e-01	0.00e+00	0.00e+00	0.00e+00	0.00e+00	0.00e+00	3.26e-140
 7.60096e+11	0.00e+00	0.00e+00	9.94e-26	1.39e-16	7.32e-07	1.74e-02	9.83e-01	0.00e+00	0.00e+00	0.00e+00	0.00e+00	0.00e+00	1.63e-187
 8.15838e+11	0.00e+00	4.06e-35	1.35e-25	1.75e-16	8.55e-07	1.88e-02	9.81e-01	0.00e+00	0.00e+00	0.00e+00	0.00e+00	0.00e+00	3.43e-159
 8.67130e+11	1.72e-45	5.72e-35	1.78e-25	2.15e-16	9.83e-07	2.01e-02	9.80e-01	0.00e+00	0.00e+00	0.00e+00	0.00e+00	0.00e+00	0.00e+00
 9.24916e+11	0.00e+00	8.36e-35	2.41e-25	2.70e-16	1.15e-06	2.16e-02	9.78e-01	0.00e+00	0.00e+00	0.00e+00	0.00e+00	0.00e+00	3.72e-158
 9.90190e+11	4.41e-45	1.26e-34	3.34e-25	3.45e-16	1.36e-06	2.34e-02	9.77e-01	0.00e+00	0.00e+00	0.00e+00	0.00e+00	0.00e+00	0.00e+00
 1.05244e+12	0.00e+00	1.84e-34	4.54e-25	4.34e-16	1.58e-06	2.51e-02	9.75e-01	0.00e+00	0.00e+00	0.00e+00	0.00e+00	0.00e+00	5.01e-157
 1.11869e+12	1.12e-44	2.72e-34	6.22e-25	5.51e-16	1.86e-06	2.71e-02	9.73e-01	0.00e+00	0.00e+00	0.00e+00	0.00e+00	0.00e+00	0.00e+00
 1.19336e+12	0.00e+00	4.16e-34	8.76e-25	7.12e-16	2.21e-06	2.94e-02	9.71e-01	0.00e+00	0.00e+00	0.00e+00	0.00e+00	0.00e+00	7.39e-156
 1.26662e+12	3.02e-44	6.25e-34	1.21e-24	9.10e-16	2.61e-06	3.17e-02	9.68e-01	0.00e+00	0.00e+00	0.00e+00	0.00e+00	0.00e+00	0.00e+00
 1.34282e+12	0.00e+00	9.42e-34	1.69e-24	1.17e-15	3.09e-06	3.43e-02	9.66e-01	0.00e+00	0.00e+00	0.00e+00	0.00e+00	0.00e+00	1.07e-154
 1.42645e+12	8.32e-44	1.45e-33	2.39e-24	1.51e-15	3.68e-06	3.72e-02	9.63e-01	0.00e+00	0.00e+00	0.00e+00	0.00e+00	0.00e+00	0.00e+00
 1.51079e+12	0.00e+00	2.22e-33	3.37e-24	1.96e-15	4.38e-06	4.03e-02	9.60e-01	0.00e+00	0.00e+00	0.00e+00	0.00e+00	0.00e+00	1.77e-153
 1.59849e+12	2.31e-43	3.41e-33	4.75e-24	2.53e-15	5.22e-06	4.37e-02	9.56e-01	0.00e+00	0.00e+00	0.00e+00	0.00e+00	0.00e+00	0.00e+00
 1.68202e+12	0.00e+00	5.05e-33	6.51e-24	3.21e-15	6.12e-06	4.70e-02	9.53e-01	0.00e+00	0.00e+00	0.00e+00	0.00e+00	0.00e+00	2.57e-152
 1.75394e+12	5.51e-43	7.02e-33	8.48e-24	3.91e-15	7.00e-06	5.00e-02	9.50e-01	0.00e+00	0.00e+00	0.00e+00	0.00e+00	0.00e+00	0.00e+00
 1.83307e+12	0.00e+00	1.00e-32	1.13e-23	4.85e-15	8.10e-06	5.34e-02	9.47e-01	0.00e+00	0.00e+00	0.00e+00	0.00e+00	0.00e+00	2.37e-151
 1.93031e+12	1.40e-42	1.53e-32	1.59e-23	6.26e-15	9.61e-06	5.78e-02	9.42e-01	0.00e+00	0.00e+00	0.00e+00	0.00e+00	0.00e+00	9.22e-225
 2.03235e+12	0.00e+00	2.35e-32	2.24e-23	8.10e-15	1.14e-05	6.25e-02	9.37e-01	0.00e+00	0.00e+00	0.00e+00	0.00e+00	0.00e+00	3.74e-150
 2.12773e+12	3.74e-42	3.47e-32	3.06e-23	1.02e-14	1.34e-05	6.72e-02	9.33e-01	0.00e+00	0.00e+00	0.00e+00	0.00e+00	0.00e+00	1.03e-197
 2.21347e+12	0.00e+00	4.86e-32	4.01e-23	1.25e-14	1.53e-05	7.14e-02	9.29e-01	0.00e+00	0.00e+00	0.00e+00	0.00e+00	0.00e+00	3.91e-149
 2.30524e+12	8.60e-42	6.94e-32	5.34e-23	1.55e-14	1.77e-05	7.62e-02	9.24e-01	0.00e+00	0.00e+00	0.00e+00	0.00e+00	0.00e+00	4.67e-196
 2.40837e+12	0.00e+00	1.02e-31	7.28e-23	1.96e-14	2.07e-05	8.17e-02	9.18e-01	0.00e+00	0.00e+00	0.00e+00	0.00e+00	0.00e+00	4.26e-148
 2.50662e+12	2.10e-41	1.46e-31	9.71e-23	2.42e-14	2.39e-05	8.71e-02	9.13e-01	0.00e+00	0.00e+00	0.00e+00	0.00e+00	0.00e+00	3.36e-195
 2.59980e+12	0.00e+00	2.03e-31	1.26e-22	2.95e-14	2.73e-05	9.24e-02	9.08e-01	0.00e+00	0.00e+00	0.00e+00	0.00e+00	0.00e+00	3.88e-147
 2.70606e+12	4.84e-41	2.92e-31	1.69e-22	3.67e-14	3.16e-05	9.86e-02	9.01e-01	0.00e+00	0.00e+00	0.00e+00	0.00e+00	0.00e+00	4.09e-220
 2.82562e+12	0.00e+00	4.34e-31	2.33e-22	4.66e-14	3.70e-05	1.06e-01	8.94e-01	0.00e+00	0.00e+00	0.00e+00	0.00e+00	0.00e+00	4.50e-146
 2.93912e+12	1.21e-40	6.26e-31	3.13e-22	5.80e-14	4.29e-05	1.13e-01	8.87e-01	0.00e+00	0.00e+00	0.00e+00	0.00e+00	0.00e+00	0.00e+00
 3.06331e+12	0.00e+00	9.22e-31	4.27e-22	7.31e-14	5.00e-05	1.21e-01	8.79e-01	0.00e+00	0.00e+00	0.00e+00	0.00e+00	0.00e+00	5.06e-145
 3.20066e+12	3.17e-40	1.39e-30	5.95e-22	9.36e-14	5.90e-05	1.30e-01	8.70e-01	0.00e+00	0.00e+00	0.00e+00	0.00e+00	0.00e+00	0.00e+00
 3.32821e+12	0.00e+00	2.02e-30	8.02e-22	1.17e-13	6.83e-05	1.39e-01	8.61e-01	0.00e+00	0.00e+00	0.00e+00	0.00e+00	0.00e+00	6.34e-144
 3.46715e+12	7.95e-40	2.99e-30	1.10e-21	1.48e-13	7.98e-05	1.48e-01	8.52e-01	0.00e+00	0.00e+00	0.00e+00	0.00e+00	0.00e+00	0.00e+00
 3.62303e+12	0.00e+00	4.57e-30	1.54e-21	1.90e-13	9.43e-05	1.59e-01	8.41e-01	0.00e+00	0.00e+00	0.00e+00	0.00e+00	0.00e+00	8.71e-143
 3.77129e+12	2.11e-39	6.74e-30	2.11e-21	2.39e-13	1.10e-04	1.70e-01	8.30e-01	0.00e+00	0.00e+00	0.00e+00	0.00e+00	0.00e+00	0.00e+00
 3.93402e+12	0.00e+00	1.02e-29	2.93e-21	3.06e-13	1.29e-04	1.82e-01	8.18e-01	0.00e+00	0.00e+00	0.00e+00	0.00e+00	0.00e+00	1.14e-141
 4.11616e+12	5.91e-39	1.58e-29	4.18e-21	3.98e-13	1.53e-04	1.96e-01	8.04e-01	0.00e+00	0.00e+00	0.00e+00	0.00e+00	0.00e+00	5.14e-242
 4.29010e+12	0.00e+00	2.38e-29	5.79e-21	5.06e-13	1.80e-04	2.09e-01	7.91e-01	0.00e+00	0.00e+00	0.00e+00	0.00e+00	0.00e+00	1.76e-140
 4.44708e+12	1.48e-38	3.39e-29	7.69e-21	6.24e-13	2.06e-04	2.21e-01	7.78e-01	0.00e+00	0.00e+00	0.00e+00	0.00e+00	0.00e+00	3.52e-214
 4.61584e+12	0.00e+00	4.90e-29	1.03e-20	7.76e-13	2.37e-04	2.35e-01	7.65e-01	0.00e+00	0.00e+00	0.00e+00	0.00e+00	0.00e+00	1.81e-139
 4.80520e+12	3.73e-38	7.29e-29	1.42e-20	9.81e-13	2.76e-04	2.50e-01	7.50e-01	0.00e+00	0.00e+00	0.00e+00	0.00e+00	0.00e+00	4.57e-227
 4.98086e+12	0.00e+00	1.04e-28	1.89e-20	1.21e-12	3.16e-04	2.64e-01	7.36e-01	0.00e+00	0.00e+00	0.00e+00	0.00e+00	0.00e+00	2.07e-138
 5.13272e+12	8.21e-38	1.40e-28	2.40e-20	1.44e-12	3.54e-04	2.76e-01	7.23e-01	0.00e+00	0.00e+00	0.00e+00	0.00e+00	0.00e+00	0.00e+00
 5.29414e+12	0.00e+00	1.91e-28	3.07e-20	1.73e-12	3.98e-04	2.89e-01	7.10e-01	0.00e+00	0.00e+00	0.00e+00	0.00e+00	0.00e+00	1.47e-137
 5.50397e+12	1.90e-37	2.81e-28	4.18e-20	2.17e-12	4.60e-04	3.06e-01	6.93e-01	0.00e+00	0.00e+00	0.00e+00	0.00e+00	0.00e+00	2.72e-225
 5.72026e+12	0.00e+00	4.12e-28	5.68e-20	2.72e-12	5.31e-04	3.24e-01	6.76e-01	0.00e+00	0.00e+00	0.00e+00	0.00e+00	0.00e+00	1.79e-136
 5.90045e+12	4.38e-37	5.61e-28	7.26e-20	3.25e-12	5.96e-04	3.38e-01	6.61e-01	0.00e+00	0.00e+00	0.00e+00	0.00e+00	0.00e+00	3.06e-197
 6.09021e+12	0.00e+00	7.68e-28	9.34e-20	3.91e-12	6.69e-04	3.53e-01	6.46e-01	0.00e+00	0.00e+00	0.00e+00	0.00e+00	0.00e+00	1.35e-135
 6.33639e+12	1.03e-36	1.14e-27	1.28e-19	4.92e-12	7.74e-04	3.73e-01	6.27e-01	0.00e+00	0.00e+00	0.00e+00	0.00e+00	0.00e+00	0.00e+00
 6.59574e+12	0.00e+00	1.70e-27	1.76e-19	6.20e-12	8.95e-04	3.93e-01	6.06e-01	0.00e+00	0.00e+00	0.00e+00	0.00e+00	0.00e+00	1.80e-134
 6.82119e+12	2.50e-36	2.37e-27	2.29e-19	7.53e-12	1.01e-03	4.10e-01	5.89e-01	0.00e+00	0.00e+00	0.00e+00	0.00e+00	0.00e+00	3.11e-210
 7.06270e+12	0.00e+00	3.34e-27	3.02e-19	9.19e-12	1.14e-03	4.29e-01	5.70e-01	0.00e+00	0.00e+00	0.00e+00	0.00e+00	0.00e+00	1.65e-133
 7.35816e+12	6.22e-36	5.02e-27	4.17e-19	1.16e-11	1.32e-03	4.50e-01	5.48e-01	0.00e+00	0.00e+00	0.00e+00	0.00e+00	0.00e+00	1.46e-98
 7.66134e+12	0.00e+00	7.49e-27	5.74e-19	1.46e-11	1.52e-03	4.72e-01	5.26e-01	0.00e+00	0.00e+00	0.00e+00	0.00e+00	0.00e+00	0.00e+00
 7.94148e+12	1.55e-35	1.07e-26	7.61e-19	1.79e-11	1.72e-03	4.92e-01	5.06e-01	0.00e+00	0.00e+00	0.00e+00	0.00e+00	0.00e+00	1.00e-114
 8.25390e+12	0.00e+00	1.56e-26	1.03e-18	2.23e-11	1.97e-03	5.13e-01	4.85e-01	0.00e+00	0.00e+00	0.00e+00	0.00e+00	0.00e+00	1.06e-98
 8.61399e+12	4.09e-35	2.38e-26	1.44e-18	2.84e-11	2.27e-03	5.37e-01	4.61e-01	0.00e+00	0.00e+00	0.00e+00	0.00e+00	0.00e+00	0.00e+00
 8.96853e+12	0.00e+00	3.53e-26	1.97e-18	3.56e-11	2.60e-03	5.59e-01	4.39e-01	0.00e+00	0.00e+00	0.00e+00	0.00e+00	0.00e+00	3.89e-130
 9.29021e+12	1.01e-34	4.99e-26	2.60e-18	4.34e-11	2.93e-03	5.78e-01	4.19e-01	0.00e+00	0.00e+00	0.00e+00	0.00e+00	0.00e+00	5.12e-96
 9.63683e+12	1.55e-34	7.13e-26	3.45e-18	5.31e-11	3.30e-03	5.98e-01	3.99e-01	0.00e+00	0.00e+00	0.00e+00	0.00e+00	0.00e+00	3.01e-112
 1.00280e+13	2.49e-34	1.05e-25	4.70e-18	6.63e-11	3.76e-03	6.19e-01	3.77e-01	0.00e+00	0.00e+00	0.00e+00	0.00e+00	0.00e+00	3.45e-95
 1.04020e+13	3.83e-34	1.50e-25	6.24e-18	8.12e-11	4.23e-03	6.38e-01	3.58e-01	0.00e+00	0.00e+00	0.00e+00	0.00e+00	0.00e+00	2.87e-111
 1.08074e+13	6.01e-34	2.17e-25	8.38e-18	1.00e-10	4.77e-03	6.58e-01	3.38e-01	0.00e+00	0.00e+00	0.00e+00	0.00e+00	0.00e+00	2.21e-94
 1.12491e+13	9.63e-34	3.21e-25	1.14e-17	1.25e-10	5.42e-03	6.78e-01	3.17e-01	0.00e+00	0.00e+00	0.00e+00	0.00e+00	0.00e+00	2.87e-110
 1.16119e+13	1.40e-33	4.36e-25	1.46e-17	1.49e-10	5.98e-03	6.93e-01	3.01e-01	0.00e+00	0.00e+00	0.00e+00	0.00e+00	0.00e+00	1.30e-93
 1.18924e+13	1.85e-33	5.49e-25	1.75e-17	1.69e-10	6.44e-03	7.04e-01	2.89e-01	0.00e+00	0.00e+00	0.00e+00	0.00e+00	0.00e+00	1.47e-109
 1.21978e+13	2.48e-33	6.99e-25	2.13e-17	1.94e-10	6.95e-03	7.16e-01	2.77e-01	0.00e+00	0.00e+00	0.00e+00	0.00e+00	0.00e+00	4.33e-93
 1.25948e+13	3.60e-33	9.51e-25	2.72e-17	2.31e-10	7.67e-03	7.30e-01	2.62e-01	0.00e+00	0.00e+00	0.00e+00	0.00e+00	0.00e+00	7.84e-109
 1.30247e+13	5.31e-33	1.31e-24	3.52e-17	2.77e-10	8.49e-03	7.45e-01	2.47e-01	0.00e+00	0.00e+00	0.00e+00	0.00e+00	0.00e+00	2.14e-92
 1.34097e+13	7.43e-33	1.73e-24	4.40e-17	3.24e-10	9.26e-03	7.57e-01	2.34e-01	0.00e+00	0.00e+00	0.00e+00	0.00e+00	0.00e+00	4.89e-108
 1.38223e+13	1.05e-32	2.31e-24	5.53e-17	3.81e-10	1.01e-02	7.69e-01	2.21e-01	0.00e+00	0.00e+00	0.00e+00	0.00e+00	0.00e+00	8.93e-92
 1.43516e+13	1.61e-32	3.29e-24	7.35e-17	4.66e-10	1.13e-02	7.83e-01	2.06e-01	0.00e+00	0.00e+00	0.00e+00	0.00e+00	0.00e+00	3.49e-107
 1.48859e+13	2.45e-32	4.65e-24	9.71e-17	5.68e-10	1.26e-02	7.96e-01	1.91e-01	0.00e+00	0.00e+00	0.00e+00	0.00e+00	0.00e+00	5.21e-91
 1.53228e+13	3.40e-32	6.09e-24	1.21e-16	6.62e-10	1.37e-02	8.06e-01	1.81e-01	0.00e+00	0.00e+00	0.00e+00	0.00e+00	0.00e+00	2.30e-106
 1.57802e+13	4.71e-32	7.99e-24	1.50e-16	7.72e-10	1.49e-02	8.15e-01	1.70e-01	0.00e+00	0.00e+00	0.00e+00	0.00e+00	0.00e+00	2.05e-90
 1.63744e+13	7.12e-32	1.12e-23	1.98e-16	9.37e-10	1.65e-02	8.25e-01	1.58e-01	0.00e+00	0.00e+00	0.00e+00	0.00e+00	0.00e+00	1.52e-105
 1.70052e+13	1.08e-31	1.59e-23	2.62e-16	1.14e-09	1.83e-02	8.36e-01	1.46e-01	0.00e+00	0.00e+00	0.00e+00	0.00e+00	0.00e+00	1.15e-89
 1.75566e+13	1.53e-31	2.13e-23	3.31e-16	1.35e-09	2.00e-02	8.44e-01	1.36e-01	0.00e+00	0.00e+00	0.00e+00	0.00e+00	0.00e+00	1.09e-104
 1.81460e+13	2.19e-31	2.86e-23	4.20e-16	1.59e-09	2.19e-02	8.51e-01	1.27e-01	0.00e+00	0.00e+00	0.00e+00	0.00e+00	0.00e+00	5.07e-89
 1.88638e+13	3.33e-31	4.05e-23	5.56e-16	1.94e-09	2.43e-02	8.59e-01	1.17e-01	0.00e+00	0.00e+00	0.00e+00	0.00e+00	0.00e+00	8.07e-104
 1.95416e+13	4.86e-31	5.55e-23	7.17e-16	2.33e-09	2.66e-02	8.65e-01	1.08e-01	0.00e+00	0.00e+00	0.00e+00	0.00e+00	0.00e+00	2.68e-88
 2.00866e+13	6.49e-31	7.05e-23	8.71e-16	2.66e-09	2.86e-02	8.69e-01	1.02e-01	0.00e+00	0.00e+00	0.00e+00	0.00e+00	0.00e+00	4.58e-103
 2.06655e+13	8.73e-31	9.02e-23	1.06e-15	3.06e-09	3.07e-02	8.73e-01	9.59e-02	0.00e+00	0.00e+00	0.00e+00	0.00e+00	0.00e+00	9.35e-88
 2.14181e+13	1.27e-30	1.23e-22	1.36e-15	3.64e-09	3.36e-02	8.78e-01	8.86e-02	0.00e+00	0.00e+00	0.00e+00	0.00e+00	0.00e+00	2.66e-102
 2.22247e+13	1.86e-30	1.69e-22	1.76e-15	4.36e-09	3.68e-02	8.82e-01	8.16e-02	0.00e+00	0.00e+00	0.00e+00	0.00e+00	0.00e+00	4.67e-87
 2.29259e+13	2.55e-30	2.20e-22	2.17e-15	5.05e-09	3.97e-02	8.84e-01	7.62e-02	0.00e+00	0.00e+00	0.00e+00	0.00e+00	0.00e+00	1.70e-101
 2.35363e+13	3.33e-30	2.74e-22	2.59e-15	5.71e-09	4.23e-02	8.86e-01	7.19e-02	0.00e+00	0.00e+00	0.00e+00	0.00e+00	0.00e+00	1.66e-86
 2.42042e+13	4.42e-30	3.46e-22	3.12e-15	6.50e-09	4.51e-02	8.87e-01	6.76e-02	0.00e+00	0.00e+00	0.00e+00	0.00e+00	0.00e+00	7.39e-101
 2.50724e+13	6.30e-30	4.63e-22	3.94e-15	7.65e-09	4.90e-02	8.88e-01	6.25e-02	0.00e+00	0.00e+00	0.00e+00	0.00e+00	0.00e+00	6.67e-86
 2.59777e+13	8.99e-30	6.22e-22	4.99e-15	9.01e-09	5.32e-02	8.89e-01	5.77e-02	0.00e+00	0.00e+00	0.00e+00	0.00e+00	0.00e+00	4.98e-100
 2.67465e+13	1.20e-29	7.90e-22	6.04e-15	1.03e-08	5.68e-02	8.89e-01	5.41e-02	0.00e+00	0.00e+00	0.00e+00	0.00e+00	0.00e+00	2.75e-85
 2.75615e+13	1.62e-29	1.01e-21	7.30e-15	1.17e-08	6.07e-02	8.89e-01	5.06e-02	0.00e+00	0.00e+00	0.00e+00	0.00e+00	0.00e+00	2.45e-99
 2.85976e+13	2.33e-29	1.36e-21	9.26e-15	1.38e-08	6.58e-02	8.88e-01	4.66e-02	0.00e+00	0.00e+00	0.00e+00	0.00e+00	0.00e+00	1.21e-84
 2.96846e+13	3.36e-29	1.84e-21	1.17e-14	1.63e-08	7.13e-02	8.86e-01	4.28e-02	0.00e+00	0.00e+00	0.00e+00	0.00e+00	0.00e+00	1.80e-98
 3.06576e+13	4.60e-29	2.38e-21	1.44e-14	1.86e-08	7.63e-02	8.84e-01	3.99e-02	0.00e+00	0.00e+00	0.00e+00	0.00e+00	0.00e+00	5.63e-84
 3.17186e+13	6.41e-29	3.12e-21	1.78e-14	2.16e-08	8.20e-02	8.81e-01	3.69e-02	0.00e+00	0.00e+00	0.00e+00	0.00e+00	0.00e+00	1.07e-97
 3.29796e+13	9.37e-29	4.25e-21	2.27e-14	2.55e-08	8.89e-02	8.77e-01	3.37e-02	0.00e+00	0.00e+00	0.00e+00	0.00e+00	0.00e+00	2.82e-83
 3.42355e+13	1.34e-28	5.72e-21	2.85e-14	2.98e-08	9.59e-02	8.73e-01	3.10e-02	0.00e+00	0.00e+00	0.00e+00	0.00e+00	0.00e+00	8.32e-97
 3.53466e+13	1.83e-28	7.36e-21	3.48e-14	3.41e-08	1.02e-01	8.69e-01	2.88e-02	0.00e+00	0.00e+00	0.00e+00	0.00e+00	0.00e+00	1.31e-82
 3.65345e+13	2.52e-28	9.53e-21	4.25e-14	3.90e-08	1.09e-01	8.64e-01	2.67e-02	0.00e+00	0.00e+00	0.00e+00	0.00e+00	0.00e+00	4.75e-96
 3.79650e+13	3.64e-28	1.29e-20	5.36e-14	4.56e-08	1.18e-01	8.58e-01	2.44e-02	0.00e+00	0.00e+00	0.00e+00	0.00e+00	0.00e+00	6.45e-82
 3.93857e+13	5.17e-28	1.71e-20	6.71e-14	5.31e-08	1.26e-01	8.51e-01	2.24e-02	0.00e+00	0.00e+00	0.00e+00	0.00e+00	0.00e+00	3.56e-95
 4.06591e+13	7.01e-28	2.19e-20	8.11e-14	6.04e-08	1.34e-01	8.45e-01	2.08e-02	0.00e+00	0.00e+00	0.00e+00	0.00e+00	0.00e+00	2.94e-81
 4.20661e+13	9.70e-28	2.85e-20	9.93e-14	6.91e-08	1.43e-01	8.38e-01	1.92e-02	0.00e+00	0.00e+00	0.00e+00	0.00e+00	0.00e+00	2.08e-94
 4.35743e+13	1.35e-27	3.74e-20	1.22e-13	7.95e-08	1.53e-01	8.30e-01	1.76e-02	0.00e+00	0.00e+00	0.00e+00	0.00e+00	0.00e+00	1.37e-80
 4.48301e+13	1.77e-27	4.66e-20	1.45e-13	8.90e-08	1.61e-01	8.23e-01	1.64e-02	0.00e+00	0.00e+00	0.00e+00	0.00e+00	0.00e+00	1.14e-93
 4.59027e+13	2.22e-27	5.58e-20	1.67e-13	9.77e-08	1.68e-01	8.16e-01	1.55e-02	0.00e+00	0.00e+00	0.00e+00	0.00e+00	0.00e+00	4.34e-80
 4.71206e+13	2.84e-27	6.81e-20	1.94e-13	1.08e-07	1.76e-01	8.09e-01	1.46e-02	0.00e+00	0.00e+00	0.00e+00	0.00e+00	0.00e+00	4.33e-93
 4.87039e+13	3.87e-27	8.77e-20	2.36e-13	1.23e-07	1.87e-01	8.00e-01	1.34e-02	0.00e+00	0.00e+00	0.00e+00	0.00e+00	0.00e+00	1.61e-79
 5.03671e+13	5.30e-27	1.13e-19	2.87e-13	1.40e-07	1.98e-01	7.90e-01	1.23e-02	0.00e+00	0.00e+00	0.00e+00	0.00e+00	0.00e+00	2.56e-92
 5.17943e+13	6.89e-27	1.40e-19	3.38e-13	1.56e-07	2.08e-01	7.81e-01	1.15e-02	0.00e+00	0.00e+00	0.00e+00	0.00e+00	0.00e+00	6.28e-79
 5.33094e+13	9.01e-27	1.74e-19	3.98e-13	1.74e-07	2.18e-01	7.71e-01	1.07e-02	0.00e+00	0.00e+00	0.00e+00	0.00e+00	0.00e+00	1.17e-91
 5.52640e+13	1.26e-26	2.28e-19	4.90e-13	2.00e-07	2.32e-01	7.59e-01	9.73e-03	0.00e+00	0.00e+00	0.00e+00	0.00e+00	0.00e+00	2.63e-78
 5.72816e+13	1.75e-26	2.98e-19	6.03e-13	2.29e-07	2.46e-01	7.45e-01	8.85e-03	0.00e+00	0.00e+00	0.00e+00	0.00e+00	0.00e+00	7.87e-91
 5.89851e+13	2.30e-26	3.70e-19	7.12e-13	2.55e-07	2.58e-01	7.34e-01	8.20e-03	0.00e+00	0.00e+00	0.00e+00	0.00e+00	0.00e+00	1.10e-77
 6.07886e+13	3.03e-26	4.63e-19	8.44e-13	2.85e-07	2.70e-01	7.22e-01	7.57e-03	0.00e+00	0.00e+00	0.00e+00	0.00e+00	0.00e+00	3.82e-90
 6.30591e+13	4.24e-26	6.07e-19	1.04e-12	3.27e-07	2.86e-01	7.07e-01	6.85e-03	0.00e+00	0.00e+00	0.00e+00	0.00e+00	0.00e+00	4.75e-77
 6.53837e+13	5.89e-26	7.92e-19	1.27e-12	3.73e-07	3.02e-01	6.92e-01	6.21e-03	0.00e+00	0.00e+00	0.00e+00	0.00e+00	0.00e+00	2.62e-89
 6.73967e+13	7.76e-26	9.88e-19	1.51e-12	4.17e-07	3.16e-01	6.78e-01	5.71e-03	0.00e+00	0.00e+00	0.00e+00	0.00e+00	0.00e+00	2.02e-76
 6.95578e+13	1.03e-25	1.24e-18	1.79e-12	4.66e-07	3.31e-01	6.64e-01	5.23e-03	0.00e+00	0.00e+00	0.00e+00	0.00e+00	0.00e+00	4.04e-76
 7.22099e+13	1.44e-25	1.63e-18	2.21e-12	5.33e-07	3.49e-01	6.46e-01	4.69e-03	0.00e+00	0.00e+00	0.00e+00	0.00e+00	0.00e+00	9.01e-76
 7.48687e+13	2.00e-25	2.12e-18	2.68e-12	6.04e-07	3.67e-01	6.29e-01	4.24e-03	0.00e+00	0.00e+00	0.00e+00	0.00e+00	0.00e+00	2.00e-75
 7.72193e+13	2.63e-25	2.64e-18	3.17e-12	6.73e-07	3.82e-01	6.14e-01	3.87e-03	0.00e+00	0.00e+00	0.00e+00	0.00e+00	0.00e+00	3.88e-75
 7.98004e+13	3.51e-25	3.33e-18	3.79e-12	7.54e-07	3.99e-01	5.97e-01	3.51e-03	0.00e+00	0.00e+00	0.00e+00	0.00e+00	0.00e+00	7.87e-75
 8.28995e+13	4.91e-25	4.36e-18	4.65e-12	8.59e-07	4.19e-01	5.78e-01	3.13e-03	0.00e+00	0.00e+00	0.00e+00	0.00e+00	0.00e+00	1.78e-74
 8.59789e+13	6.77e-25	5.63e-18	5.64e-12	9.70e-07	4.38e-01	5.59e-01	2.80e-03	0.00e+00	0.00e+00	0.00e+00	0.00e+00	0.00e+00	3.92e-74
 8.87710e+13	8.95e-25	7.05e-18	6.67e-12	1.08e-06	4.55e-01	5.43e-01	2.54e-03	0.00e+00	0.00e+00	0.00e+00	0.00e+00	0.00e+00	7.82e-74
 9.18824e+13	1.21e-24	8.96e-18	7.98e-12	1.21e-06	4.73e-01	5.25e-01	2.29e-03	0.00e+00	0.00e+00	0.00e+00	0.00e+00	0.00e+00	1.64e-73
 9.55288e+13	1.69e-24	1.17e-17	9.77e-12	1.37e-06	4.94e-01	5.04e-01	2.02e-03	0.00e+00	0.00e+00	0.00e+00	0.00e+00	0.00e+00	3.73e-73
 9.91292e+13	2.32e-24	1.51e-17	1.18e-11	1.54e-06	5.13e-01	4.85e-01	1.80e-03	0.00e+00	0.00e+00	0.00e+00	0.00e+00	0.00e+00	8.30e-73
 1.02539e+14	3.10e-24	1.90e-17	1.40e-11	1.71e-06	5.31e-01	4.67e-01	1.61e-03	0.00e+00	0.00e+00	0.00e+00	0.00e+00	0.00e+00	1.71e-72
 1.05795e+14	4.05e-24	2.34e-17	1.64e-11	1.88e-06	5.48e-01	4.51e-01	1.46e-03	0.00e+00	0.00e+00	0.00e+00	0.00e+00	0.00e+00	3.34e-72
 1.09380e+14	5.38e-24	2.94e-17	1.93e-11	2.08e-06	5.65e-01	4.34e-01	1.31e-03	0.00e+00	0.00e+00	0.00e+00	0.00e+00	0.00e+00	6.91e-72
 1.13020e+14	7.09e-24	3.66e-17	2.27e-11	2.29e-06	5.82e-01	4.17e-01	1.18e-03	0.00e+00	0.00e+00	0.00e+00	0.00e+00	0.00e+00	1.39e-71
 1.15956e+14	8.79e-24	4.33e-17	2.58e-11	2.48e-06	5.95e-01	4.04e-01	1.08e-03	0.00e+00	0.00e+00	0.00e+00	0.00e+00	0.00e+00	2.39e-71
 1.18998e+14	1.09e-23	5.14e-17	2.92e-11	2.67e-06	6.08e-01	3.91e-01	9.92e-04	0.00e+00	0.00e+00	0.00e+00	1.65e-17	3.49e-17	4.19e-71
 1.22953e+14	1.44e-23	6.40e-17	3.42e-11	2.93e-06	6.23e-01	3.76e-01	8.90e-04	0.00e+00	0.00e+00	0.00e+00	2.12e-17	4.27e-17	8.57e-71
 1.27127e+14	1.90e-23	7.94e-17	4.01e-11	3.22e-06	6.40e-01	3.59e-01	7.94e-04	0.00e+00	0.00e+00	0.00e+00	2.64e-17	5.31e-17	1.73e-70
 1.30719e+14	2.40e-23	9.54e-17	4.58e-11	3.48e-06	6.53e-01	3.46e-01	7.23e-04	0.00e+00	0.00e+00	0.00e+00	3.16e-17	6.37e-17	3.17e-70
 1.34524e+14	3.05e-23	1.15e-16	5.24e-11	3.77e-06	6.66e-01	3.33e-01	6.56e-04	0.00e+00	0.00e+00	0.00e+00	3.81e-17	7.68e-17	5.89e-70
 1.39423e+14	4.12e-23	1.45e-16	6.19e-11	4.15e-06	6.82e-01	3.17e-01	5.81e-04	0.00e+00	0.00e+00	0.00e+00	4.82e-17	9.72e-17	1.29e-69
 1.44516e+14	5.53e-23	1.83e-16	7.33e-11	4.57e-06	6.98e-01	3.02e-01	5.12e-04	0.00e+00	0.00e+00	0.00e+00	6.07e-17	1.22e-16	2.76e-69
 1.48882e+14	7.08e-23	2.22e-16	8.40e-11	4.94e-06	7.11e-01	2.89e-01	4.62e-04	0.00e+00	0.00e+00	0.00e+00	7.35e-17	1.48e-16	5.28e-69
 1.53532e+14	9.14e-23	2.70e-16	9.66e-11	5.35e-06	7.23e-01	2.76e-01	4.16e-04	0.00e+00	0.00e+00	0.00e+00	8.95e-17	1.80e-16	1.03e-68
 1.59299e+14	1.24e-22	3.43e-16	1.14e-10	5.87e-06	7.38e-01	2.62e-01	3.66e-04	0.00e+00	0.00e+00	0.00e+00	1.14e-16	2.29e-16	2.34e-68
 1.65231e+14	1.67e-22	4.31e-16	1.35e-10	6.45e-06	7.52e-01	2.48e-01	3.21e-04	0.00e+00	0.00e+00	0.00e+00	1.43e-16	2.88e-16	5.09e-68
 1.70515e+14	2.17e-22	5.26e-16	1.55e-10	6.97e-06	7.63e-01	2.36e-01	2.88e-04	0.00e+00	0.00e+00	0.00e+00	1.75e-16	3.52e-16	1.02e-67
 1.76243e+14	2.85e-22	6.51e-16	1.79e-10	7.55e-06	7.75e-01	2.25e-01	2.56e-04	0.00e+00	0.00e+00	0.00e+00	2.16e-16	4.35e-16	2.13e-67
 1.83086e+14	3.90e-22	8.27e-16	2.12e-10	8.29e-06	7.88e-01	2.12e-01	2.24e-04	0.00e+00	0.00e+00	0.00e+00	2.74e-16	5.53e-16	4.89e-67
 1.89926e+14	5.25e-22	1.04e-15	2.49e-10	9.05e-06	8.00e-01	2.00e-01	1.96e-04	0.00e+00	0.00e+00	0.00e+00	3.45e-16	6.96e-16	1.09e-66
 1.96228e+14	6.85e-22	1.28e-15	2.87e-10	9.77e-06	8.10e-01	1.90e-01	1.75e-04	0.00e+00	0.00e+00	0.00e+00	4.23e-16	8.53e-16	2.22e-66
 2.03280e+14	9.11e-22	1.59e-15	3.35e-10	1.06e-05	8.21e-01	1.79e-01	1.54e-04	0.00e+00	0.00e+00	0.00e+00	5.27e-16	1.06e-15	4.79e-66
 2.11427e+14	1.25e-21	2.02e-15	3.96e-10	1.16e-05	8.32e-01	1.68e-01	1.33e-04	0.00e+00	0.00e+00	0.00e+00	6.70e-16	1.35e-15	1.11e-65
 2.19436e+14	1.69e-21	2.55e-15	4.65e-10	1.27e-05	8.42e-01	1.58e-01	1.17e-04	0.00e+00	0.00e+00	0.00e+00	8.44e-16	1.70e-15	2.53e-65
 2.27765e+14	2.29e-21	3.22e-15	5.45e-10	1.38e-05	8.51e-01	1.48e-01	1.02e-04	0.00e+00	0.00e+00	0.00e+00	1.07e-15	2.15e-15	5.81e-65
 2.36905e+14	3.14e-21	4.10e-15	6.44e-10	1.50e-05	8.61e-01	1.39e-01	8.83e-05	0.00e+00	0.00e+00	0.00e+00	1.36e-15	2.74e-15	1.37e-64
 2.46148e+14	4.27e-21	5.18e-15	7.57e-10	1.64e-05	8.70e-01	1.30e-01	7.67e-05	0.00e+00	0.00e+00	0.00e+00	1.72e-15	3.47e-15	3.16e-64
 2.53940e+14	5.44e-21	6.24e-15	8.65e-10	1.76e-05	8.77e-01	1.23e-01	6.83e-05	0.00e+00	0.00e+00	0.00e+00	2.07e-15	4.18e-15	6.08e-64
 2.60000e+14	6.61e-21	7.23e-15	9.55e-10	1.85e-05	8.81e-01	1.18e-01	6.27e-05	0.00e+00	0.00e+00	0.00e+00	2.39e-15	4.84e-15	1.04e-63
 2.66556e+14	8.02e-21	8.39e-15	1.06e-09	1.95e-05	8.87e-01	1.13e-01	5.71e-05	0.00e+00	0.00e+00	0.00e+00	2.78e-15	5.61e-15	1.75e-63
 2.75078e+14	1.03e-20	1.02e-14	1.21e-09	2.09e-05	8.93e-01	1.07e-01	5.08e-05	0.00e+00	0.00e+00	0.00e+00	3.36e-15	6.79e-15	3.48e-63
 2.84370e+14	1.34e-20	1.25e-14	1.39e-09	2.25e-05	8.99e-01	1.01e-01	4.49e-05	0.00e+00	0.00e+00	0.00e+00	4.12e-15	8.34e-15	7.26e-63
 2.92820e+14	1.68e-20	1.48e-14	1.57e-09	2.39e-05	9.04e-01	9.61e-02	4.02e-05	0.00e+00	0.00e+00	0.00e+00	4.89e-15	9.89e-15	1.33e-62
 3.01961e+14	2.15e-20	1.79e-14	1.78e-09	2.56e-05	9.09e-01	9.10e-02	3.59e-05	0.00e+00	0.00e+00	0.00e+00	5.91e-15	1.20e-14	2.65e-62
 3.13284e+14	2.84e-20	2.21e-14	2.08e-09	2.77e-05	9.15e-01	8.51e-02	3.12e-05	0.00e+00	0.00e+00	0.00e+00	7.32e-15	1.48e-14	5.67e-62
 3.24594e+14	3.78e-20	2.75e-14	2.41e-09	2.98e-05	9.20e-01	7.98e-02	2.73e-05	0.00e+00	0.00e+00	0.00e+00	9.10e-15	1.84e-14	1.25e-61
 3.34407e+14	4.72e-20	3.27e-14	2.73e-09	3.18e-05	9.24e-01	7.55e-02	2.43e-05	0.00e+00	0.00e+00	0.00e+00	1.08e-14	2.19e-14	2.28e-61
 3.45130e+14	6.01e-20	3.93e-14	3.10e-09	3.40e-05	9.29e-01	7.13e-02	2.16e-05	0.00e+00	0.00e+00	0.00e+00	1.30e-14	2.63e-14	4.46e-61
 3.58229e+14	8.07e-20	4.93e-14	3.61e-09	3.68e-05	9.33e-01	6.66e-02	1.87e-05	0.00e+00	0.00e+00	0.00e+00	1.63e-14	3.30e-14	1.01e-60
 3.71265e+14	1.05e-19	6.04e-14	4.19e-09	3.97e-05	9.38e-01	6.22e-02	1.63e-05	0.00e+00	0.00e+00	0.00e+00	1.99e-14	4.05e-14	2.08e-60
 3.82604e+14	1.33e-19	7.24e-14	4.74e-09	4.23e-05	9.41e-01	5.88e-02	1.45e-05	0.00e+00	0.00e+00	0.00e+00	2.39e-14	4.85e-14	4.02e-60
 3.94891e+14	1.67e-19	8.65e-14	5.40e-09	4.53e-05	9.45e-01	5.54e-02	1.28e-05	0.00e+00	0.00e+00	0.00e+00	2.85e-14	5.79e-14	7.51e-60
 4.09887e+14	2.23e-19	1.08e-13	6.29e-09	4.89e-05	9.48e-01	5.16e-02	1.11e-05	0.00e+00	0.00e+00	0.00e+00	3.57e-14	7.25e-14	1.70e-59
 4.24948e+14	2.91e-19	1.33e-13	7.30e-09	5.29e-05	9.52e-01	4.81e-02	9.59e-06	0.00e+00	0.00e+00	0.00e+00	4.37e-14	8.89e-14	3.48e-59
 4.38285e+14	3.67e-19	1.59e-13	8.27e-09	5.64e-05	9.55e-01	4.54e-02	8.50e-06	0.00e+00	0.00e+00	0.00e+00	5.24e-14	1.07e-13	6.71e-59
 4.52841e+14	4.62e-19	1.91e-13	9.47e-09	6.05e-05	9.57e-01	4.25e-02	7.45e-06	0.00e+00	0.00e+00	0.00e+00	6.28e-14	1.28e-13	1.27e-58
 4.70304e+14	6.18e-19	2.39e-13	1.10e-08	6.54e-05	9.60e-01	3.96e-02	6.42e-06	0.00e+00	0.00e+00	0.00e+00	7.86e-14	1.60e-13	2.87e-58
 4.87693e+14	7.98e-19	2.91e-13	1.28e-08	7.06e-05	9.63e-01	3.68e-02	5.55e-06	0.00e+00	0.00e+00	0.00e+00	9.59e-14	1.95e-13	5.81e-58
 5.03394e+14	1.01e-18	3.49e-13	1.46e-08	7.55e-05	9.65e-01	3.46e-02	4.89e-06	0.00e+00	0.00e+00	0.00e+00	1.15e-13	2.34e-13	1.11e-57
 5.20757e+14	1.29e-18	4.23e-13	1.68e-08	8.11e-05	9.68e-01	3.23e-02	4.26e-06	0.00e+00	0.00e+00	0.00e+00	1.39e-13	2.84e-13	2.20e-57
 5.41198e+14	1.71e-18	5.30e-13	1.96e-08	8.79e-05	9.70e-01	3.00e-02	3.65e-06	0.00e+00	0.00e+00	0.00e+00	1.74e-13	3.55e-13	4.93e-57
 5.61419e+14	2.21e-18	6.46e-13	2.28e-08	9.51e-05	9.72e-01	2.78e-02	3.14e-06	0.00e+00	0.00e+00	0.00e+00	2.12e-13	4.34e-13	9.93e-57
 5.80113e+14	2.82e-18	7.79e-13	2.60e-08	1.02e-04	9.74e-01	2.61e-02	2.75e-06	0.00e+00	0.00e+00	0.00e+00	2.56e-13	5.23e-13	1.96e-56
 5.97850e+14	3.49e-18	9.25e-13	2.94e-08	1.08e-04	9.75e-01	2.45e-02	2.44e-06	0.00e+00	0.00e+00	0.00e+00	3.04e-13	6.21e-13	3.60e-56
 6.17714e+14	4.37e-18	1.10e-12	3.36e-08	1.16e-04	9.77e-01	2.30e-02	2.13e-06	0.00e+00	0.00e+00	0.00e+00	3.62e-13	7.42e-13	6.75e-56
 6.39801e+14	5.65e-18	1.35e-12	3.88e-08	1.25e-04	9.78e-01	2.14e-02	1.85e-06	0.00e+00	0.00e+00	0.00e+00	4.43e-13	9.08e-13	1.40e-55
 6.58662e+14	6.89e-18	1.58e-12	4.37e-08	1.33e-04	9.80e-01	2.01e-02	1.64e-06	0.00e+00	0.00e+00	0.00e+00	5.18e-13	1.06e-12	2.43e-55
 6.73967e+14	8.15e-18	1.80e-12	4.80e-08	1.40e-04	9.81e-01	1.92e-02	1.49e-06	0.00e+00	0.00e+00	0.00e+00	5.90e-13	1.21e-12	3.88e-55
 6.90764e+14	9.68e-18	2.07e-12	5.30e-08	1.47e-04	9.82e-01	1.83e-02	1.35e-06	0.00e+00	0.00e+00	0.00e+00	6.77e-13	1.39e-12	6.36e-55
 7.12601e+14	1.21e-17	2.45e-12	6.02e-08	1.57e-04	9.83e-01	1.72e-02	1.18e-06	0.00e+00	0.00e+00	0.00e+00	8.04e-13	1.65e-12	1.18e-54
 7.35831e+14	1.51e-17	2.92e-12	6.86e-08	1.68e-04	9.84e-01	1.61e-02	1.04e-06	0.00e+00	0.00e+00	0.00e+00	9.57e-13	1.97e-12	2.20e-54
 7.56142e+14	1.83e-17	3.41e-12	7.66e-08	1.78e-04	9.85e-01	1.52e-02	9.26e-07	0.00e+00	0.00e+00	0.00e+00	1.12e-12	2.29e-12	3.84e-54
 7.77815e+14	2.23e-17	3.99e-12	8.59e-08	1.89e-04	9.85e-01	1.43e-02	0.00e+00	0.00e+00	0.00e+00	0.00e+00	1.30e-12	2.68e-12	6.73e-54
 8.05882e+14	2.87e-17	4.85e-12	9.93e-08	2.04e-04	9.86e-01	1.33e-02	0.00e+00	0.00e+00	0.00e+00	0.00e+00	1.59e-12	3.26e-12	1.36e-53
 8.34621e+14	3.64e-17	5.88e-12	1.14e-07	2.19e-04	9.87e-01	1.24e-02	0.00e+00	0.00e+00	0.00e+00	0.00e+00	1.92e-12	3.96e-12	2.73e-53
 8.58576e+14	4.44e-17	6.88e-12	1.28e-07	2.33e-04	9.88e-01	1.17e-02	0.00e+00	0.00e+00	0.00e+00	0.00e+00	2.25e-12	4.63e-12	4.80e-53
 8.83950e+14	5.43e-17	8.07e-12	1.44e-07	2.47e-04	9.89e-01	1.10e-02	0.00e+00	4.48e-18	1.35e-17	2.25e-17	2.64e-12	5.43e-12	8.54e-53
 9.16273e+14	6.98e-17	9.82e-12	1.67e-07	2.67e-04	9.90e-01	1.02e-02	0.00e+00	5.76e-18	1.73e-17	2.89e-17	3.21e-12	6.61e-12	1.73e-52
 9.50123e+14	8.96e-17	1.20e-11	1.94e-07	2.88e-04	9.90e-01	9.46e-03	0.00e+00	7.40e-18	2.22e-17	3.71e-17	3.92e-12	8.09e-12	3.60e-52
 9.80089e+14	1.12e-16	1.42e-11	2.20e-07	3.08e-04	9.91e-01	8.86e-03	0.00e+00	9.21e-18	2.77e-17	4.62e-17	4.64e-12	9.59e-12	6.65e-52
 1.01251e+15	1.39e-16	1.70e-11	2.51e-07	3.29e-04	9.91e-01	8.29e-03	0.00e+00	1.15e-17	3.46e-17	5.78e-17	5.56e-12	1.15e-11	1.28e-51
 1.05147e+15	1.83e-16	2.10e-11	2.92e-07	3.57e-04	9.92e-01	7.65e-03	0.00e+00	1.51e-17	4.53e-17	7.58e-17	6.85e-12	1.42e-11	2.74e-51
 1.09002e+15	2.32e-16	2.55e-11	3.38e-07	3.85e-04	9.93e-01	7.10e-03	0.00e+00	1.92e-17	5.75e-17	9.62e-17	8.32e-12	1.72e-11	5.57e-51
 1.12459e+15	2.90e-16	3.04e-11	3.84e-07	4.12e-04	9.93e-01	6.64e-03	0.00e+00	2.40e-17	7.21e-17	1.20e-16	9.90e-12	2.05e-11	1.05e-50
 1.16288e+15	3.67e-16	3.66e-11	4.40e-07	4.42e-04	9.93e-01	6.19e-03	0.00e+00	3.04e-17	9.12e-17	1.52e-16	1.19e-11	2.47e-11	2.07e-50
 1.20823e+15	4.77e-16	4.51e-11	5.15e-07	4.80e-04	9.94e-01	5.70e-03	0.00e+00	3.95e-17	1.19e-16	1.98e-16	1.47e-11	3.04e-11	4.44e-50
 1.25318e+15	6.08e-16	5.49e-11	5.97e-07	5.18e-04	9.94e-01	5.28e-03	0.00e+00	5.03e-17	1.51e-16	2.52e-16	1.79e-11	3.70e-11	9.09e-50
 1.29490e+15	7.69e-16	6.60e-11	6.83e-07	5.56e-04	9.95e-01	4.91e-03	0.00e+00	6.37e-17	1.91e-16	3.20e-16	2.15e-11	4.45e-11	1.77e-49
 1.33080e+15	9.30e-16	7.67e-11	7.63e-07	5.90e-04	9.95e-01	4.64e-03	0.00e+00	7.71e-17	2.31e-16	3.87e-16	2.50e-11	5.17e-11	3.07e-49
 1.36068e+15	1.08e-15	8.66e-11	8.35e-07	6.18e-04	9.95e-01	4.42e-03	0.00e+00	8.97e-17	2.69e-16	4.50e-16	2.82e-11	5.84e-11	4.80e-49
 1.39391e+15	1.26e-15	9.84e-11	9.21e-07	6.51e-04	9.95e-01	4.20e-03	0.00e+00	1.05e-16	3.15e-16	5.26e-16	3.20e-11	6.64e-11	7.65e-49
 1.43710e+15	1.57e-15	1.17e-10	1.04e-06	6.96e-04	9.95e-01	3.93e-03	0.00e+00	1.31e-16	3.92e-16	6.56e-16	3.80e-11	7.88e-11	1.43e-48
 1.48229e+15	1.95e-15	1.39e-10	1.19e-06	7.44e-04	9.96e-01	3.67e-03	0.00e+00	1.62e-16	4.86e-16	8.12e-16	4.51e-11	9.34e-11	2.67e-48
 1.52064e+15	2.28e-15	1.58e-10	1.31e-06	7.86e-04	9.96e-01	3.47e-03	0.00e+00	1.89e-16	5.69e-16	9.51e-16	5.15e-11	1.07e-10	4.33e-48
 1.56103e+15	2.76e-15	1.84e-10	1.46e-06	8.33e-04	9.96e-01	3.28e-03	0.00e+00	2.30e-16	6.90e-16	1.15e-15	5.97e-11	1.24e-10	7.49e-48
 1.61355e+15	3.45e-15	2.19e-10	1.68e-06	8.97e-04	9.96e-01	3.05e-03	0.00e+00	2.87e-16	8.61e-16	1.44e-15	7.14e-11	1.48e-10	1.44e-47
 1.66763e+15	4.22e-15	2.60e-10	1.92e-06	9.63e-04	9.96e-01	2.83e-03	0.00e+00	3.51e-16	1.05e-15	1.76e-15	8.47e-11	1.76e-10	2.68e-47
 1.71263e+15	5.06e-15	3.01e-10	2.14e-06	1.02e-03	9.96e-01	2.67e-03	0.00e+00	4.21e-16	1.27e-15	2.11e-15	9.81e-11	2.03e-10	4.59e-47
 1.76001e+15	6.06e-15	3.49e-10	2.39e-06	1.09e-03	9.96e-01	2.51e-03	0.00e+00	5.05e-16	1.52e-15	2.53e-15	1.14e-10	2.35e-10	7.87e-47
 1.82160e+15	7.72e-15	4.23e-10	2.75e-06	1.17e-03	9.97e-01	2.32e-03	0.00e+00	6.45e-16	1.94e-15	3.23e-15	1.38e-10	2.85e-10	1.60e-46
 1.88582e+15	9.49e-15	5.05e-10	3.16e-06	1.26e-03	9.97e-01	2.15e-03	0.00e+00	7.92e-16	2.38e-15	3.97e-15	1.64e-10	3.40e-10	3.05e-46
 1.94074e+15	1.17e-14	5.95e-10	3.56e-06	1.35e-03	9.97e-01	2.02e-03	0.00e+00	9.81e-16	2.95e-15	4.92e-15	1.94e-10	4.01e-10	5.63e-46
 1.99941e+15	1.42e-14	6.97e-10	4.02e-06	1.44e-03	9.97e-01	1.88e-03	0.00e+00	1.19e-15	3.56e-15	5.95e-15	2.27e-10	4.70e-10	1.01e-45
 2.07324e+15	1.81e-14	8.49e-10	4.66e-06	1.57e-03	9.97e-01	1.73e-03	0.00e+00	1.51e-15	4.55e-15	7.60e-15	2.77e-10	5.72e-10	2.08e-45
 2.14975e+15	2.28e-14	1.03e-09	5.41e-06	1.70e-03	9.97e-01	1.59e-03	0.00e+00	1.91e-15	5.74e-15	9.59e-15	3.36e-10	6.94e-10	4.25e-45
 2.21711e+15	2.71e-14	1.20e-09	6.13e-06	1.82e-03	9.97e-01	1.49e-03	0.00e+00	2.28e-15	6.84e-15	1.14e-14	3.91e-10	8.09e-10	7.47e-45
 2.28963e+15	3.42e-14	1.44e-09	6.99e-06	1.96e-03	9.97e-01	1.38e-03	0.00e+00	2.87e-15	8.63e-15	1.44e-14	4.71e-10	9.72e-10	1.49e-44
 2.37724e+15	4.30e-14	1.75e-09	8.15e-06	2.14e-03	9.97e-01	1.27e-03	0.00e+00	3.61e-15	1.09e-14	1.81e-14	5.72e-10	1.18e-09	3.06e-44
 2.46449e+15	5.44e-14	2.13e-09	9.43e-06	2.32e-03	9.97e-01	1.16e-03	0.00e+00	4.59e-15	1.38e-14	2.30e-14	6.96e-10	1.44e-09	6.36e-44
 2.54238e+15	6.53e-14	2.50e-09	1.07e-05	2.50e-03	9.96e-01	1.08e-03	0.00e+00	5.51e-15	1.65e-14	2.76e-14	8.17e-10	1.68e-09	1.15e-43
 2.62811e+15	8.06e-14	2.99e-09	1.22e-05	2.69e-03	9.96e-01	1.00e-03	0.00e+00	6.81e-15	2.04e-14	3.41e-14	9.76e-10	2.01e-09	2.24e-43
 2.73011e+15	1.03e-13	3.67e-09	1.43e-05	2.94e-03	9.96e-01	9.16e-04	0.00e+00	8.75e-15	2.63e-14	4.39e-14	1.20e-09	2.47e-09	4.88e-43
 2.81700e+15	1.25e-13	4.34e-09	1.62e-05	3.16e-03	9.96e-01	8.51e-04	0.00e+00	1.06e-14	3.19e-14	5.33e-14	1.42e-09	2.92e-09	9.13e-43
 2.87638e+15	1.43e-13	4.85e-09	1.76e-05	3.31e-03	9.96e-01	8.11e-04	0.00e+00	1.21e-14	3.64e-14	6.08e-14	1.59e-09	3.26e-09	1.39e-42
 2.93625e+15	1.63e-13	5.41e-09	1.92e-05	3.47e-03	9.96e-01	7.72e-04	0.00e+00	1.38e-14	4.14e-14	6.91e-14	1.77e-09	3.64e-09	2.10e-42
 3.01408e+15	1.86e-13	6.14e-09	2.13e-05	3.68e-03	9.96e-01	7.27e-04	0.00e+00	1.58e-14	4.75e-14	7.93e-14	2.01e-09	4.13e-09	3.36e-42
 3.10156e+15	2.28e-13	7.25e-09	2.39e-05	3.94e-03	9.95e-01	6.79e-04	0.00e+00	1.94e-14	5.82e-14	9.72e-14	2.37e-09	4.87e-09	6.47e-42
 3.18391e+15	2.61e-13	8.22e-09	2.66e-05	4.18e-03	9.95e-01	6.39e-04	0.00e+00	2.22e-14	6.67e-14	1.11e-13	2.69e-09	5.53e-09	1.05e-41
 3.27330e+15	3.15e-13	9.64e-09	2.97e-05	4.46e-03	9.95e-01	5.98e-04	0.00e+00	2.69e-14	8.06e-14	1.35e-13	3.16e-09	6.48e-09	1.97e-41
 3.37241e+15	3.70e-13	1.12e-08	3.35e-05	4.77e-03	9.95e-01	5.58e-04	0.00e+00	3.15e-14	9.46e-14	1.58e-13	3.66e-09	7.50e-09	3.44e-41
 3.46492e+15	4.47e-13	1.31e-08	3.73e-05	5.08e-03	9.94e-01	5.23e-04	0.00e+00	3.82e-14	1.15e-13	1.91e-13	4.29e-09	8.80e-09	6.50e-41
 3.56594e+15	5.19e-13	1.50e-08	4.19e-05	5.42e-03	9.94e-01	4.89e-04	0.00e+00	4.44e-14	1.33e-13	2.22e-13	4.93e-09	1.01e-08	1.11e-40
 3.67916e+15	6.32e-13	1.79e-08	4.75e-05	5.82e-03	9.94e-01	4.53e-04	0.00e+00	5.41e-14	1.62e-13	2.71e-13	5.89e-09	1.20e-08	2.22e-40
 3.78559e+15	7.44e-13	2.07e-08	5.33e-05	6.21e-03	9.93e-01	4.24e-04	0.00e+00	6.38e-14	1.91e-13	3.20e-13	6.81e-09	1.39e-08	3.82e-40
 3.90130e+15	8.97e-13	2.46e-08	6.01e-05	6.66e-03	9.93e-01	3.94e-04	0.00e+00	7.70e-14	2.31e-13	3.86e-13	8.07e-09	1.65e-08	7.49e-40
 4.03104e+15	1.08e-12	2.90e-08	6.85e-05	7.17e-03	9.92e-01	3.65e-04	0.00e+00	9.27e-14	2.78e-13	4.65e-13	9.53e-09	1.95e-08	1.41e-39
 4.15530e+15	1.33e-12	3.49e-08	7.75e-05	7.69e-03	9.92e-01	3.40e-04	0.00e+00	1.14e-13	3.43e-13	5.73e-13	1.15e-08	2.34e-08	2.90e-39
 4.29313e+15	1.61e-12	4.15e-08	8.83e-05	8.28e-03	9.91e-01	3.14e-04	0.00e+00	1.38e-13	4.16e-13	6.94e-13	1.37e-08	2.79e-08	5.74e-39
 4.44753e+15	1.99e-12	5.04e-08	1.02e-04	8.98e-03	9.91e-01	2.89e-04	0.00e+00	1.71e-13	5.14e-13	8.58e-13	1.66e-08	3.38e-08	1.22e-38
 4.59389e+15	2.36e-12	5.92e-08	1.16e-04	9.65e-03	9.90e-01	2.68e-04	0.00e+00	2.04e-13	6.11e-13	1.02e-12	1.95e-08	3.97e-08	2.22e-38
 4.75454e+15	2.94e-12	7.26e-08	1.33e-04	1.04e-02	9.89e-01	2.46e-04	0.00e+00	2.54e-13	7.64e-13	1.27e-12	2.39e-08	4.87e-08	4.94e-38
 4.93255e+15	3.65e-12	8.90e-08	1.54e-04	1.14e-02	9.88e-01	2.25e-04	0.00e+00	3.16e-13	9.50e-13	1.59e-12	2.93e-08	5.97e-08	1.08e-37
 5.09806e+15	4.38e-12	1.06e-07	1.76e-04	1.22e-02	9.87e-01	2.09e-04	0.00e+00	3.80e-13	1.14e-12	1.90e-12	3.50e-08	7.12e-08	2.08e-37
 5.27816e+15	5.41e-12	1.29e-07	2.03e-04	1.33e-02	9.86e-01	1.92e-04	0.00e+00	4.70e-13	1.41e-12	2.36e-12	4.26e-08	8.67e-08	4.39e-37
 5.45112e+15	6.47e-12	1.54e-07	2.31e-04	1.42e-02	9.85e-01	1.78e-04	0.00e+00	5.62e-13	1.69e-12	2.82e-12	5.08e-08	1.03e-07	8.31e-37
 5.57479e+15	7.43e-12	1.76e-07	2.53e-04	1.50e-02	9.85e-01	1.68e-04	0.00e+00	6.47e-13	1.94e-12	3.24e-12	5.80e-08	1.18e-07	1.37e-36
 5.69553e+15	8.47e-12	1.98e-07	2.76e-04	1.57e-02	9.84e-01	1.60e-04	0.00e+00	7.37e-13	2.21e-12	3.69e-12	6.55e-08	1.33e-07	2.14e-36
 5.85250e+15	9.86e-12	2.28e-07	3.08e-04	1.67e-02	9.83e-01	1.50e-04	0.00e+00	8.60e-13	2.58e-12	4.31e-12	7.51e-08	1.52e-07	3.52e-36
 6.02475e+15	1.19e-11	2.72e-07	3.47e-04	1.79e-02	9.82e-01	1.39e-04	0.00e+00	1.04e-12	3.11e-12	5.20e-12	8.99e-08	1.82e-07	6.94e-36
 6.18020e+15	1.39e-11	3.15e-07	3.85e-04	1.89e-02	9.81e-01	1.31e-04	0.00e+00	1.21e-12	3.64e-12	6.07e-12	1.04e-07	2.11e-07	1.16e-35
 6.34560e+15	1.62e-11	3.64e-07	4.29e-04	2.01e-02	9.79e-01	1.23e-04	0.00e+00	1.42e-12	4.25e-12	7.09e-12	1.20e-07	2.44e-07	1.96e-35
 6.56063e+15	2.00e-11	4.42e-07	4.92e-04	2.17e-02	9.78e-01	1.13e-04	0.00e+00	1.75e-12	5.25e-12	8.76e-12	1.46e-07	2.96e-07	3.99e-35
 6.77679e+15	2.42e-11	5.30e-07	5.62e-04	2.33e-02	9.76e-01	1.05e-04	0.00e+00	2.12e-12	6.35e-12	1.06e-11	1.75e-07	3.55e-07	7.31e-35
 6.94813e+15	2.82e-11	6.12e-07	6.23e-04	2.47e-02	9.75e-01	9.87e-05	0.00e+00	2.47e-12	7.41e-12	1.24e-11	2.02e-07	4.10e-07	1.23e-34
 7.12459e+15	3.31e-11	7.11e-07	6.91e-04	2.61e-02	9.73e-01	9.27e-05	0.00e+00	2.91e-12	8.73e-12	1.46e-11	2.35e-07	4.76e-07	2.10e-34
 7.35398e+15	4.03e-11	8.40e-07	7.88e-04	2.80e-02	9.71e-01	8.60e-05	0.00e+00	3.54e-12	1.06e-11	1.77e-11	2.78e-07	5.62e-07	3.67e-34
 7.59862e+15	4.98e-11	1.04e-06	9.04e-04	3.03e-02	9.69e-01	7.92e-05	0.00e+00	4.39e-12	1.32e-11	2.20e-11	3.42e-07	6.93e-07	7.75e-34
 7.81105e+15	5.97e-11	1.22e-06	1.01e-03	3.22e-02	9.67e-01	7.41e-05	0.00e+00	5.26e-12	1.58e-11	2.63e-11	4.03e-07	8.15e-07	1.33e-33
 8.03517e+15	7.14e-11	1.43e-06	1.14e-03	3.43e-02	9.64e-01	6.91e-05	0.00e+00	6.29e-12	1.89e-11	3.15e-11	4.74e-07	9.57e-07	2.29e-33
 8.32510e+15	9.12e-11	1.78e-06	1.33e-03	3.73e-02	9.61e-01	6.33e-05	0.00e+00	8.05e-12	2.42e-11	4.03e-11	5.90e-07	1.19e-06	4.84e-33
 8.61382e+15	1.12e-10	2.16e-06	1.54e-03	4.02e-02	9.58e-01	5.83e-05	0.00e+00	9.92e-12	2.98e-11	4.97e-11	7.16e-07	1.45e-06	8.93e-33
 8.85008e+15	1.35e-10	2.52e-06	1.72e-03	4.28e-02	9.55e-01	5.46e-05	0.00e+00	1.19e-11	3.57e-11	5.96e-11	8.33e-07	1.68e-06	1.46e-32
 9.10488e+15	1.63e-10	2.98e-06	1.95e-03	4.57e-02	9.52e-01	5.09e-05	0.00e+00	1.44e-11	4.32e-11	7.21e-11	9.87e-07	1.99e-06	2.50e-32
 9.43389e+15	2.12e-10	3.79e-06	2.29e-03	4.97e-02	9.48e-01	4.64e-05	0.00e+00	1.88e-11	5.63e-11	9.39e-11	1.26e-06	2.54e-06	5.60e-32
 9.75987e+15	2.63e-10	4.62e-06	2.65e-03	5.38e-02	9.44e-01	4.28e-05	0.00e+00	2.33e-11	6.99e-11	1.17e-10	1.53e-06	3.09e-06	1.01e-31
 1.00152e+16	3.15e-10	5.36e-06	2.97e-03	5.71e-02	9.40e-01	4.01e-05	0.00e+00	2.80e-11	8.39e-11	1.40e-10	1.78e-06	3.58e-06	1.59e-31
 1.02782e+16	3.78e-10	6.29e-06	3.34e-03	6.08e-02	9.36e-01	3.76e-05	0.00e+00	3.36e-11	1.01e-10	1.68e-10	2.09e-06	4.21e-06	2.60e-31
 1.05515e+16	4.55e-10	7.41e-06	3.76e-03	6.47e-02	9.32e-01	3.53e-05	0.00e+00	4.05e-11	1.21e-10	2.02e-10	2.46e-06	4.96e-06	4.26e-31
 1.07879e+16	5.33e-10	8.55e-06	4.16e-03	6.82e-02	9.28e-01	3.33e-05	0.00e+00	4.74e-11	1.42e-10	2.37e-10	2.83e-06	5.71e-06	6.54e-31
 1.10452e+16	6.35e-10	9.94e-06	4.65e-03	7.23e-02	9.23e-01	3.14e-05	0.00e+00	5.65e-11	1.70e-10	2.83e-10	3.30e-06	6.65e-06	1.03e-30
 1.13244e+16	7.64e-10	1.17e-05	5.22e-03	7.69e-02	9.18e-01	2.95e-05	0.00e+00	6.81e-11	2.04e-10	3.41e-10	3.87e-06	7.80e-06	1.65e-30
 1.15839e+16	9.05e-10	1.35e-05	5.82e-03	8.13e-02	9.13e-01	2.79e-05	0.00e+00	8.07e-11	2.42e-10	4.04e-10	4.50e-06	9.05e-06	2.55e-30
 1.18729e+16	1.10e-09	1.60e-05	6.56e-03	8.66e-02	9.07e-01	2.62e-05	0.00e+00	9.77e-11	2.93e-10	4.89e-10	5.30e-06	1.07e-05	4.09e-30
 1.21813e+16	1.35e-09	1.94e-05	7.46e-03	9.26e-02	9.00e-01	2.45e-05	0.00e+00	1.21e-10	3.63e-10	6.05e-10	6.44e-06	1.30e-05	7.48e-30
 1.24470e+16	1.59e-09	2.24e-05	8.30e-03	9.79e-02	8.94e-01	2.32e-05	0.00e+00	1.42e-10	4.25e-10	7.10e-10	7.43e-06	1.50e-05	1.10e-29
 1.27246e+16	1.91e-09	2.60e-05	9.30e-03	1.04e-01	8.87e-01	2.19e-05	0.00e+00	1.71e-10	5.12e-10	8.55e-10	8.65e-06	1.74e-05	1.68e-29
 1.30855e+16	2.43e-09	3.22e-05	1.08e-02	1.12e-01	8.77e-01	2.04e-05	0.00e+00	2.18e-10	6.54e-10	1.09e-09	1.07e-05	2.15e-05	3.16e-29
 1.34411e+16	3.02e-09	3.85e-05	1.24e-02	1.20e-01	8.67e-01	1.91e-05	0.00e+00	2.71e-10	8.12e-10	1.35e-09	1.28e-05	2.57e-05	4.99e-29
 1.37157e+16	3.60e-09	4.42e-05	1.38e-02	1.27e-01	8.59e-01	1.82e-05	0.00e+00	3.23e-10	9.68e-10	1.61e-09	1.47e-05	2.95e-05	7.17e-29
