#depth	He	He+	He+2
 1.49634e+10	4.44e-23	2.86e-12	1.00e+00
 4.54887e+10	4.97e-23	3.09e-12	1.00e+00
 7.72350e+10	5.56e-23	3.35e-12	1.00e+00
 1.10251e+11	6.22e-23	3.62e-12	1.00e+00
 1.43901e+11	6.95e-23	3.91e-12	1.00e+00
 1.78897e+11	7.78e-23	4.23e-12	1.00e+00
 2.15979e+11	8.73e-23	4.58e-12	1.00e+00
 2.54545e+11	9.82e-23	4.96e-12	1.00e+00
 2.89809e+11	1.09e-22	5.32e-12	1.00e+00
 3.19721e+11	1.19e-22	5.63e-12	1.00e+00
 3.52631e+11	1.31e-22	5.99e-12	1.00e+00
 3.93620e+11	1.46e-22	6.46e-12	1.00e+00
 4.35785e+11	1.64e-22	6.95e-12	1.00e+00
 4.73104e+11	1.81e-22	7.41e-12	1.00e+00
 5.13452e+11	2.01e-22	7.92e-12	1.00e+00
 5.61946e+11	2.28e-22	8.56e-12	1.00e+00
 6.10319e+11	2.57e-22	9.22e-12	1.00e+00
 6.54203e+11	2.86e-22	9.85e-12	1.00e+00
 7.02962e+11	3.20e-22	1.06e-11	1.00e+00
 7.60096e+11	3.65e-22	1.15e-11	1.00e+00
 8.15838e+11	4.14e-22	1.24e-11	1.00e+00
 8.67130e+11	4.63e-22	1.32e-11	1.00e+00
 9.24916e+11	5.23e-22	1.43e-11	1.00e+00
 9.90190e+11	6.00e-22	1.55e-11	1.00e+00
 1.05244e+12	6.81e-22	1.67e-11	1.00e+00
 1.11869e+12	7.75e-22	1.80e-11	1.00e+00
 1.19336e+12	8.94e-22	1.96e-11	1.00e+00
 1.26662e+12	1.03e-21	2.13e-11	1.00e+00
 1.34282e+12	1.18e-21	2.31e-11	1.00e+00
 1.42645e+12	1.36e-21	2.52e-11	1.00e+00
 1.51079e+12	1.57e-21	2.74e-11	1.00e+00
 1.59849e+12	1.82e-21	2.98e-11	1.00e+00
 1.68202e+12	2.08e-21	3.23e-11	1.00e+00
 1.75394e+12	2.33e-21	3.45e-11	1.00e+00
 1.83307e+12	2.62e-21	3.71e-11	1.00e+00
 1.93031e+12	3.03e-21	4.03e-11	1.00e+00
 2.03235e+12	3.52e-21	4.40e-11	1.00e+00
 2.12773e+12	4.01e-21	4.76e-11	1.00e+00
 2.21347e+12	4.50e-21	5.09e-11	1.00e+00
 2.30524e+12	5.08e-21	5.48e-11	1.00e+00
 2.40837e+12	5.83e-21	5.92e-11	1.00e+00
 2.50662e+12	6.61e-21	6.37e-11	1.00e+00
 2.59980e+12	7.42e-21	6.81e-11	1.00e+00
 2.70606e+12	8.41e-21	7.34e-11	1.00e+00
 2.82562e+12	9.69e-21	7.96e-11	1.00e+00
 2.93912e+12	1.10e-20	8.58e-11	1.00e+00
 3.06331e+12	1.26e-20	9.29e-11	1.00e+00
 3.20066e+12	1.46e-20	1.01e-10	1.00e+00
 3.32821e+12	1.66e-20	1.09e-10	1.00e+00
 3.46715e+12	1.90e-20	1.19e-10	1.00e+00
 3.62303e+12	2.21e-20	1.30e-10	1.00e+00
 3.77129e+12	2.53e-20	1.41e-10	1.00e+00
 3.93402e+12	2.91e-20	1.53e-10	1.00e+00
 4.11616e+12	3.40e-20	1.68e-10	1.00e+00
 4.29010e+12	3.91e-20	1.83e-10	1.00e+00
 4.44708e+12	4.43e-20	1.98e-10	1.00e+00
 4.61584e+12	5.01e-20	2.14e-10	1.00e+00
 4.80520e+12	5.76e-20	2.33e-10	1.00e+00
 4.98086e+12	6.52e-20	2.51e-10	1.00e+00
 5.13272e+12	7.23e-20	2.68e-10	1.00e+00
 5.29414e+12	8.02e-20	2.87e-10	1.00e+00
 5.50397e+12	9.16e-20	3.12e-10	1.00e+00
 5.72026e+12	1.05e-19	3.39e-10	1.00e+00
 5.90045e+12	1.16e-19	3.63e-10	1.00e+00
 6.09021e+12	1.29e-19	3.89e-10	1.00e+00
 6.33639e+12	1.48e-19	4.25e-10	1.00e+00
 6.59574e+12	1.70e-19	4.65e-10	1.00e+00
 6.82119e+12	1.91e-19	5.01e-10	1.00e+00
 7.06270e+12	2.14e-19	5.42e-10	1.00e+00
 7.35816e+12	2.46e-19	5.94e-10	1.00e+00
 7.66134e+12	2.82e-19	6.52e-10	1.00e+00
 7.94148e+12	3.18e-19	7.07e-10	1.00e+00
 8.25390e+12	3.61e-19	7.73e-10	1.00e+00
 8.61399e+12	4.16e-19	8.53e-10	1.00e+00
 8.96853e+12	4.75e-19	9.37e-10	1.00e+00
 9.29021e+12	5.33e-19	1.02e-09	1.00e+00
 9.63683e+12	5.99e-19	1.11e-09	1.00e+00
 1.00280e+13	6.81e-19	1.22e-09	1.00e+00
 1.04020e+13	7.66e-19	1.33e-09	1.00e+00
 1.08074e+13	8.64e-19	1.46e-09	1.00e+00
 1.12491e+13	9.80e-19	1.61e-09	1.00e+00
 1.16119e+13	1.08e-18	1.73e-09	1.00e+00
 1.18924e+13	1.16e-18	1.84e-09	1.00e+00
 1.21978e+13	1.26e-18	1.95e-09	1.00e+00
 1.25948e+13	1.38e-18	2.11e-09	1.00e+00
 1.30247e+13	1.53e-18	2.30e-09	1.00e+00
 1.34097e+13	1.67e-18	2.47e-09	1.00e+00
 1.38223e+13	1.83e-18	2.66e-09	1.00e+00
 1.43516e+13	2.04e-18	2.92e-09	1.00e+00
 1.48859e+13	2.27e-18	3.21e-09	1.00e+00
 1.53228e+13	2.48e-18	3.45e-09	1.00e+00
 1.57802e+13	2.71e-18	3.71e-09	1.00e+00
 1.63744e+13	3.03e-18	4.07e-09	1.00e+00
 1.70052e+13	3.40e-18	4.47e-09	1.00e+00
 1.75566e+13	3.76e-18	4.85e-09	1.00e+00
 1.81460e+13	4.19e-18	5.26e-09	1.00e+00
 1.88638e+13	4.77e-18	5.79e-09	1.00e+00
 1.95416e+13	5.37e-18	6.32e-09	1.00e+00
 2.00866e+13	5.92e-18	6.76e-09	1.00e+00
 2.06655e+13	6.55e-18	7.24e-09	1.00e+00
 2.14181e+13	7.45e-18	7.89e-09	1.00e+00
 2.22247e+13	8.55e-18	8.63e-09	1.00e+00
 2.29259e+13	9.61e-18	9.29e-09	1.00e+00
 2.35363e+13	1.06e-17	9.87e-09	1.00e+00
 2.42042e+13	1.18e-17	1.05e-08	1.00e+00
 2.50724e+13	1.36e-17	1.14e-08	1.00e+00
 2.59777e+13	1.56e-17	1.24e-08	1.00e+00
 2.67465e+13	1.76e-17	1.33e-08	1.00e+00
 2.75615e+13	1.98e-17	1.42e-08	1.00e+00
 2.85976e+13	2.30e-17	1.54e-08	1.00e+00
 2.96846e+13	2.68e-17	1.68e-08	1.00e+00
 3.06576e+13	3.05e-17	1.80e-08	1.00e+00
 3.17186e+13	3.50e-17	1.94e-08	1.00e+00
 3.29796e+13	4.11e-17	2.12e-08	1.00e+00
 3.42355e+13	4.78e-17	2.29e-08	1.00e+00
 3.53466e+13	5.45e-17	2.46e-08	1.00e+00
 3.65345e+13	6.24e-17	2.64e-08	1.00e+00
 3.79650e+13	7.30e-17	2.87e-08	1.00e+00
 3.93857e+13	8.51e-17	3.11e-08	1.00e+00
 4.06591e+13	9.70e-17	3.33e-08	1.00e+00
 4.20661e+13	1.11e-16	3.58e-08	1.00e+00
 4.35743e+13	1.29e-16	3.86e-08	1.00e+00
 4.48301e+13	1.45e-16	4.10e-08	1.00e+00
 4.59027e+13	1.60e-16	4.32e-08	1.00e+00
 4.71206e+13	1.78e-16	4.56e-08	1.00e+00
 4.87039e+13	2.04e-16	4.90e-08	1.00e+00
 5.03671e+13	2.35e-16	5.27e-08	1.00e+00
 5.17943e+13	2.64e-16	5.59e-08	1.00e+00
 5.33094e+13	2.97e-16	5.95e-08	1.00e+00
 5.52640e+13	3.45e-16	6.43e-08	1.00e+00
 5.72816e+13	4.01e-16	6.95e-08	1.00e+00
 5.89851e+13	4.53e-16	7.39e-08	1.00e+00
 6.07886e+13	5.13e-16	7.88e-08	1.00e+00
 6.30591e+13	5.98e-16	8.53e-08	1.00e+00
 6.53837e+13	6.96e-16	9.22e-08	1.00e+00
 6.73967e+13	7.89e-16	9.84e-08	1.00e+00
 6.95578e+13	8.99e-16	1.05e-07	1.00e+00
 7.22099e+13	1.05e-15	1.14e-07	1.00e+00
 7.48687e+13	1.22e-15	1.23e-07	1.00e+00
 7.72193e+13	1.39e-15	1.32e-07	1.00e+00
 7.98004e+13	1.60e-15	1.41e-07	1.00e+00
 8.28995e+13	1.88e-15	1.54e-07	1.00e+00
 8.59789e+13	2.19e-15	1.66e-07	1.00e+00
 8.87710e+13	2.50e-15	1.78e-07	1.00e+00
 9.18824e+13	2.88e-15	1.91e-07	1.00e+00
 9.55288e+13	3.40e-15	2.08e-07	1.00e+00
 9.91292e+13	3.96e-15	2.25e-07	1.00e+00
 1.02539e+14	4.55e-15	2.42e-07	1.00e+00
 1.05795e+14	5.18e-15	2.58e-07	1.00e+00
 1.09380e+14	5.93e-15	2.77e-07	1.00e+00
 1.13020e+14	6.78e-15	2.97e-07	1.00e+00
 1.15956e+14	7.54e-15	3.13e-07	1.00e+00
 1.18998e+14	8.37e-15	3.31e-07	1.00e+00
 1.22953e+14	9.54e-15	3.54e-07	1.00e+00
 1.27127e+14	1.09e-14	3.79e-07	1.00e+00
 1.30719e+14	1.22e-14	4.02e-07	1.00e+00
 1.34524e+14	1.37e-14	4.26e-07	1.00e+00
 1.39423e+14	1.58e-14	4.58e-07	1.00e+00
 1.44516e+14	1.82e-14	4.94e-07	1.00e+00
 1.48882e+14	2.04e-14	5.24e-07	1.00e+00
 1.53532e+14	2.30e-14	5.58e-07	1.00e+00
 1.59299e+14	2.65e-14	6.00e-07	1.00e+00
 1.65231e+14	3.06e-14	6.47e-07	1.00e+00
 1.70515e+14	3.45e-14	6.88e-07	1.00e+00
 1.76243e+14	3.90e-14	7.35e-07	1.00e+00
 1.83086e+14	4.51e-14	7.92e-07	1.00e+00
 1.89926e+14	5.17e-14	8.52e-07	1.00e+00
 1.96228e+14	5.84e-14	9.09e-07	1.00e+00
 2.03280e+14	6.66e-14	9.75e-07	1.00e+00
 2.11427e+14	7.69e-14	1.05e-06	1.00e+00
 2.19436e+14	8.81e-14	1.13e-06	1.00e+00
 2.27765e+14	1.01e-13	1.22e-06	1.00e+00
 2.36905e+14	1.16e-13	1.31e-06	1.00e+00
 2.46148e+14	1.34e-13	1.42e-06	1.00e+00
 2.53940e+14	1.50e-13	1.51e-06	1.00e+00
 2.60000e+14	1.63e-13	1.58e-06	1.00e+00
 2.66556e+14	1.78e-13	1.66e-06	1.00e+00
 2.75078e+14	1.99e-13	1.76e-06	1.00e+00
 2.84370e+14	2.24e-13	1.88e-06	1.00e+00
 2.92820e+14	2.48e-13	2.00e-06	1.00e+00
 3.01961e+14	2.76e-13	2.12e-06	1.00e+00
 3.13284e+14	3.14e-13	2.28e-06	1.00e+00
 3.24594e+14	3.56e-13	2.44e-06	1.00e+00
 3.34407e+14	3.96e-13	2.60e-06	1.00e+00
 3.45130e+14	4.41e-13	2.76e-06	1.00e+00
 3.58229e+14	5.02e-13	2.97e-06	1.00e+00
 3.71265e+14	5.67e-13	3.19e-06	1.00e+00
 3.82604e+14	6.30e-13	3.39e-06	1.00e+00
 3.94891e+14	7.02e-13	3.62e-06	1.00e+00
 4.09887e+14	7.98e-13	3.89e-06	1.00e+00
 4.24948e+14	9.05e-13	4.19e-06	1.00e+00
 4.38285e+14	1.00e-12	4.46e-06	1.00e+00
 4.52841e+14	1.12e-12	4.77e-06	1.00e+00
 4.70304e+14	1.28e-12	5.14e-06	1.00e+00
 4.87693e+14	1.44e-12	5.54e-06	1.00e+00
 5.03394e+14	1.61e-12	5.91e-06	1.00e+00
 5.20757e+14	1.80e-12	6.33e-06	1.00e+00
 5.41198e+14	2.05e-12	6.85e-06	1.00e+00
 5.61419e+14	2.32e-12	7.40e-06	1.00e+00
 5.80113e+14	2.59e-12	7.91e-06	1.00e+00
 5.97850e+14	2.86e-12	8.41e-06	1.00e+00
 6.17714e+14	3.20e-12	9.00e-06	1.00e+00
 6.39801e+14	3.59e-12	9.68e-06	1.00e+00
 6.58662e+14	3.96e-12	1.03e-05	1.00e+00
 6.73967e+14	4.28e-12	1.08e-05	1.00e+00
 6.90764e+14	4.63e-12	1.13e-05	1.00e+00
 7.12601e+14	5.15e-12	1.21e-05	1.00e+00
 7.35831e+14	5.73e-12	1.30e-05	1.00e+00
 7.56142e+14	6.26e-12	1.37e-05	1.00e+00
 7.77815e+14	6.86e-12	1.45e-05	1.00e+00
 8.05882e+14	7.74e-12	1.57e-05	1.00e+00
 8.34621e+14	8.66e-12	1.68e-05	1.00e+00
 8.58576e+14	9.52e-12	1.79e-05	1.00e+00
 8.83950e+14	1.05e-11	1.90e-05	1.00e+00
 9.16273e+14	1.18e-11	2.05e-05	1.00e+00
 9.50123e+14	1.33e-11	2.21e-05	1.00e+00
 9.80089e+14	1.47e-11	2.36e-05	1.00e+00
 1.01251e+15	1.64e-11	2.52e-05	1.00e+00
 1.05147e+15	1.86e-11	2.73e-05	1.00e+00
 1.09002e+15	2.09e-11	2.95e-05	1.00e+00
 1.12459e+15	2.33e-11	3.15e-05	1.00e+00
 1.16288e+15	2.60e-11	3.38e-05	1.00e+00
 1.20823e+15	2.97e-11	3.67e-05	1.00e+00
 1.25318e+15	3.34e-11	3.96e-05	1.00e+00
 1.29490e+15	3.76e-11	4.26e-05	1.00e+00
 1.33080e+15	4.13e-11	4.51e-05	1.00e+00
 1.36068e+15	4.45e-11	4.73e-05	1.00e+00
 1.39391e+15	4.82e-11	4.98e-05	1.00e+00
 1.43710e+15	5.40e-11	5.33e-05	1.00e+00
 1.48229e+15	6.02e-11	5.70e-05	1.00e+00
 1.52064e+15	6.56e-11	6.02e-05	1.00e+00
 1.56103e+15	7.25e-11	6.38e-05	1.00e+00
 1.61355e+15	8.19e-11	6.87e-05	1.00e+00
 1.66763e+15	9.15e-11	7.38e-05	1.00e+00
 1.71263e+15	1.01e-10	7.83e-05	1.00e+00
 1.76001e+15	1.12e-10	8.32e-05	1.00e+00
 1.82160e+15	1.29e-10	9.00e-05	1.00e+00
 1.88582e+15	1.45e-10	9.71e-05	1.00e+00
 1.94074e+15	1.64e-10	1.04e-04	1.00e+00
 1.99941e+15	1.83e-10	1.11e-04	1.00e+00
 2.07324e+15	2.12e-10	1.20e-04	1.00e+00
 2.14975e+15	2.46e-10	1.31e-04	1.00e+00
 2.21711e+15	2.74e-10	1.40e-04	1.00e+00
 2.28963e+15	3.16e-10	1.51e-04	1.00e+00
 2.37724e+15	3.68e-10	1.65e-04	1.00e+00
 2.46449e+15	4.29e-10	1.79e-04	1.00e+00
 2.54238e+15	4.87e-10	1.93e-04	1.00e+00
 2.62811e+15	5.59e-10	2.08e-04	1.00e+00
 2.73011e+15	6.58e-10	2.27e-04	1.00e+00
 2.81700e+15	7.54e-10	2.44e-04	1.00e+00
 2.87638e+15	8.22e-10	2.56e-04	1.00e+00
 2.93625e+15	8.98e-10	2.68e-04	1.00e+00
 3.01408e+15	9.91e-10	2.85e-04	1.00e+00
 3.10156e+15	1.14e-09	3.05e-04	1.00e+00
 3.18391e+15	1.26e-09	3.23e-04	1.00e+00
 3.27330e+15	1.44e-09	3.45e-04	1.00e+00
 3.37241e+15	1.61e-09	3.69e-04	1.00e+00
 3.46492e+15	1.84e-09	3.93e-04	1.00e+00
 3.56594e+15	2.05e-09	4.20e-04	1.00e+00
 3.67916e+15	2.37e-09	4.52e-04	1.00e+00
 3.78559e+15	2.66e-09	4.82e-04	1.00e+00
 3.90130e+15	3.07e-09	5.17e-04	9.99e-01
 4.03104e+15	3.50e-09	5.57e-04	9.99e-01
 4.15530e+15	4.08e-09	5.98e-04	9.99e-01
 4.29313e+15	4.70e-09	6.45e-04	9.99e-01
 4.44753e+15	5.50e-09	6.99e-04	9.99e-01
 4.59389e+15	6.21e-09	7.52e-04	9.99e-01
 4.75454e+15	7.36e-09	8.15e-04	9.99e-01
 4.93255e+15	8.68e-09	8.87e-04	9.99e-01
 5.09806e+15	9.94e-09	9.55e-04	9.99e-01
 5.27816e+15	1.17e-08	1.04e-03	9.99e-01
 5.45112e+15	1.34e-08	1.11e-03	9.99e-01
 5.57479e+15	1.49e-08	1.17e-03	9.99e-01
 5.69553e+15	1.63e-08	1.23e-03	9.99e-01
 5.85250e+15	1.81e-08	1.31e-03	9.99e-01
 6.02475e+15	2.10e-08	1.40e-03	9.99e-01
 6.18020e+15	2.34e-08	1.49e-03	9.99e-01
 6.34560e+15	2.62e-08	1.58e-03	9.98e-01
 6.56063e+15	3.05e-08	1.71e-03	9.98e-01
 6.77679e+15	3.49e-08	1.84e-03	9.98e-01
 6.94813e+15	3.90e-08	1.95e-03	9.98e-01
 7.12459e+15	4.38e-08	2.06e-03	9.98e-01
 7.35398e+15	4.95e-08	2.22e-03	9.98e-01
 7.59862e+15	5.85e-08	2.40e-03	9.98e-01
 7.81105e+15	6.59e-08	2.56e-03	9.97e-01
 8.03517e+15	7.42e-08	2.73e-03	9.97e-01
 8.32510e+15	8.77e-08	2.97e-03	9.97e-01
 8.61382e+15	1.01e-07	3.22e-03	9.97e-01
 8.85008e+15	1.13e-07	3.43e-03	9.97e-01
 9.10488e+15	1.28e-07	3.68e-03	9.96e-01
 9.43389e+15	1.53e-07	4.02e-03	9.96e-01
 9.75987e+15	1.76e-07	4.36e-03	9.96e-01
 1.00152e+16	1.97e-07	4.65e-03	9.95e-01
 1.02782e+16	2.21e-07	4.97e-03	9.95e-01
 1.05515e+16	2.49e-07	5.31e-03	9.95e-01
 1.07879e+16	2.77e-07	5.62e-03	9.94e-01
 1.10452e+16	3.09e-07	5.98e-03	9.94e-01
 1.13244e+16	3.47e-07	6.39e-03	9.94e-01
 1.15839e+16	3.87e-07	6.80e-03	9.93e-01
 1.18729e+16	4.36e-07	7.28e-03	9.93e-01
 1.21813e+16	5.05e-07	7.83e-03	9.92e-01
 1.24470e+16	5.59e-07	8.33e-03	9.92e-01
 1.27246e+16	6.24e-07	8.90e-03	9.91e-01
 1.30855e+16	7.32e-07	9.72e-03	9.90e-01
 1.34411e+16	8.31e-07	1.05e-02	9.89e-01
 1.37157e+16	9.20e-07	1.13e-02	9.89e-01
 1.39985e+16	1.03e-06	1.21e-02	9.88e-01
 1.43661e+16	1.23e-06	1.33e-02	9.87e-01
 1.47286e+16	1.40e-06	1.45e-02	9.85e-01
 1.50115e+16	1.57e-06	1.56e-02	9.84e-01
 1.52633e+16	1.77e-06	1.67e-02	9.83e-01
 1.55472e+16	2.00e-06	1.81e-02	9.82e-01
 1.58575e+16	2.36e-06	1.98e-02	9.80e-01
 1.61260e+16	2.66e-06	2.15e-02	9.79e-01
 1.63610e+16	2.99e-06	2.31e-02	9.77e-01
 1.65891e+16	3.35e-06	2.48e-02	9.75e-01
 1.68105e+16	3.74e-06	2.67e-02	9.73e-01
 1.70623e+16	4.24e-06	2.92e-02	9.71e-01
 1.73353e+16	4.92e-06	3.23e-02	9.68e-01
 1.75714e+16	5.66e-06	3.54e-02	9.65e-01
 1.77716e+16	6.44e-06	3.84e-02	9.62e-01
 1.79566e+16	7.28e-06	4.16e-02	9.58e-01
 1.81645e+16	8.41e-06	4.59e-02	9.54e-01
 1.83882e+16	9.86e-06	5.10e-02	9.49e-01
 1.85808e+16	1.17e-05	5.64e-02	9.44e-01
 1.87393e+16	1.35e-05	6.15e-02	9.39e-01
 1.88821e+16	1.49e-05	6.67e-02	9.33e-01
 1.90446e+16	1.75e-05	7.37e-02	9.26e-01
 1.92175e+16	2.02e-05	8.23e-02	9.18e-01
 1.93703e+16	2.40e-05	9.14e-02	9.09e-01
 1.95017e+16	2.72e-05	1.00e-01	9.00e-01
 1.96387e+16	3.17e-05	1.12e-01	8.88e-01
 1.97813e+16	3.86e-05	1.25e-01	8.75e-01
 1.98826e+16	4.35e-05	1.36e-01	8.64e-01
 1.99662e+16	4.84e-05	1.47e-01	8.53e-01
 2.00748e+16	5.62e-05	1.62e-01	8.38e-01
 2.01910e+16	6.51e-05	1.81e-01	8.19e-01
 2.02826e+16	7.56e-05	1.98e-01	8.02e-01
 2.03384e+16	8.21e-05	2.09e-01	7.90e-01
 2.03819e+16	8.78e-05	2.19e-01	7.81e-01
 2.04385e+16	9.49e-05	2.33e-01	7.67e-01
 2.05120e+16	1.08e-04	2.52e-01	7.48e-01
 2.05815e+16	1.20e-04	2.71e-01	7.29e-01
 2.06324e+16	1.30e-04	2.86e-01	7.14e-01
 2.06853e+16	1.41e-04	3.04e-01	6.96e-01
 2.07540e+16	1.60e-04	3.28e-01	6.72e-01
 2.08190e+16	1.77e-04	3.51e-01	6.48e-01
 2.08791e+16	1.97e-04	3.75e-01	6.24e-01
 2.09381e+16	2.15e-04	3.99e-01	6.00e-01
 2.09958e+16	2.39e-04	4.25e-01	5.75e-01
 2.10534e+16	2.62e-04	4.51e-01	5.49e-01
 2.11110e+16	2.88e-04	4.78e-01	5.22e-01
 2.11749e+16	3.18e-04	5.08e-01	4.91e-01
 2.12348e+16	3.49e-04	5.37e-01	4.63e-01
 2.13006e+16	3.85e-04	5.69e-01	4.30e-01
 2.13723e+16	4.26e-04	6.04e-01	3.96e-01
 2.14383e+16	4.64e-04	6.34e-01	3.65e-01
 2.15104e+16	5.10e-04	6.68e-01	3.32e-01
 2.15912e+16	5.62e-04	7.02e-01	2.97e-01
 2.16689e+16	6.13e-04	7.33e-01	2.66e-01
 2.17556e+16	6.72e-04	7.65e-01	2.34e-01
 2.18345e+16	7.22e-04	7.90e-01	2.09e-01
 2.18864e+16	7.57e-04	8.06e-01	1.94e-01
 2.19371e+16	7.92e-04	8.20e-01	1.79e-01
 2.20030e+16	8.37e-04	8.38e-01	1.61e-01
 2.20769e+16	8.87e-04	8.55e-01	1.44e-01
 2.21465e+16	9.36e-04	8.69e-01	1.30e-01
 2.22118e+16	9.80e-04	8.81e-01	1.18e-01
 2.22865e+16	1.03e-03	8.94e-01	1.05e-01
 2.23696e+16	1.09e-03	9.05e-01	9.35e-02
 2.24431e+16	1.15e-03	9.15e-01	8.42e-02
 2.25050e+16	1.19e-03	9.21e-01	7.73e-02
 2.25724e+16	1.25e-03	9.29e-01	7.01e-02
 2.26600e+16	1.32e-03	9.37e-01	6.21e-02
 2.27455e+16	1.39e-03	9.43e-01	5.56e-02
 2.28073e+16	1.45e-03	9.47e-01	5.15e-02
 2.28671e+16	1.51e-03	9.51e-01	4.75e-02
 2.29448e+16	1.60e-03	9.55e-01	4.29e-02
 2.30244e+16	1.68e-03	9.59e-01	3.90e-02
 2.30857e+16	1.76e-03	9.62e-01	3.63e-02
 2.31357e+16	1.83e-03	9.64e-01	3.42e-02
 2.31917e+16	1.91e-03	9.66e-01	3.20e-02
 2.32644e+16	2.02e-03	9.69e-01	2.93e-02
 2.33373e+16	2.14e-03	9.71e-01	2.70e-02
 2.33922e+16	2.24e-03	9.72e-01	2.55e-02
 2.34371e+16	2.33e-03	9.73e-01	2.43e-02
 2.34872e+16	2.44e-03	9.75e-01	2.29e-02
 2.35524e+16	2.59e-03	9.76e-01	2.13e-02
 2.36182e+16	2.76e-03	9.77e-01	1.99e-02
 2.36682e+16	2.91e-03	9.78e-01	1.89e-02
 2.37095e+16	3.04e-03	9.79e-01	1.81e-02
 2.37563e+16	3.20e-03	9.80e-01	1.72e-02
 2.38170e+16	3.43e-03	9.80e-01	1.62e-02
 2.38783e+16	3.69e-03	9.81e-01	1.52e-02
 2.39251e+16	3.93e-03	9.82e-01	1.45e-02
 2.39647e+16	4.14e-03	9.82e-01	1.40e-02
 2.40101e+16	4.40e-03	9.82e-01	1.34e-02
 2.40692e+16	4.80e-03	9.83e-01	1.26e-02
 2.41296e+16	5.28e-03	9.83e-01	1.19e-02
 2.41779e+16	5.74e-03	9.83e-01	1.14e-02
 2.42193e+16	6.17e-03	9.83e-01	1.10e-02
 2.42658e+16	6.74e-03	9.83e-01	1.05e-02
 2.43173e+16	7.48e-03	9.82e-01	1.00e-02
 2.43627e+16	8.27e-03	9.82e-01	9.64e-03
 2.43983e+16	9.03e-03	9.82e-01	9.34e-03
 2.44278e+16	9.71e-03	9.81e-01	9.13e-03
 2.44604e+16	1.06e-02	9.81e-01	8.85e-03
 2.44965e+16	1.17e-02	9.80e-01	8.58e-03
 2.45282e+16	1.29e-02	9.79e-01	8.38e-03
 2.45544e+16	1.40e-02	9.78e-01	8.24e-03
 2.45821e+16	1.54e-02	9.77e-01	8.06e-03
 2.46126e+16	1.72e-02	9.75e-01	7.91e-03
 2.46395e+16	1.92e-02	9.73e-01	7.78e-03
 2.46618e+16	2.11e-02	9.71e-01	7.66e-03
 2.46822e+16	2.30e-02	9.69e-01	7.61e-03
 2.47056e+16	2.56e-02	9.67e-01	7.52e-03
 2.47314e+16	2.90e-02	9.63e-01	7.46e-03
 2.47540e+16	3.28e-02	9.60e-01	7.43e-03
 2.47729e+16	3.64e-02	9.56e-01	7.42e-03
 2.47903e+16	4.04e-02	9.52e-01	7.42e-03
 2.48103e+16	4.55e-02	9.47e-01	7.45e-03
 2.48314e+16	5.21e-02	9.40e-01	7.51e-03
 2.48486e+16	5.87e-02	9.34e-01	7.59e-03
 2.48626e+16	6.48e-02	9.28e-01	7.68e-03
 2.48767e+16	7.18e-02	9.20e-01	7.77e-03
 2.48921e+16	8.06e-02	9.11e-01	7.91e-03
 2.49069e+16	9.05e-02	9.01e-01	8.06e-03
 2.49193e+16	1.00e-01	8.92e-01	8.21e-03
 2.49300e+16	1.09e-01	8.82e-01	8.35e-03
 2.49400e+16	1.19e-01	8.73e-01	8.49e-03
 2.49479e+16	1.27e-01	8.64e-01	8.61e-03
 2.49531e+16	1.33e-01	8.59e-01	8.69e-03
 2.49578e+16	1.38e-01	8.53e-01	8.76e-03
 2.49633e+16	1.45e-01	8.46e-01	8.85e-03
 2.49694e+16	1.53e-01	8.38e-01	8.95e-03
 2.49752e+16	1.61e-01	8.30e-01	9.05e-03
 2.49807e+16	1.69e-01	8.22e-01	9.17e-03
 2.49861e+16	1.78e-01	8.13e-01	9.24e-03
 2.49916e+16	1.87e-01	8.04e-01	9.36e-03
 2.49971e+16	1.96e-01	7.94e-01	9.46e-03
 2.50025e+16	2.06e-01	7.84e-01	9.55e-03
 2.50079e+16	2.17e-01	7.74e-01	9.65e-03
 2.50131e+16	2.27e-01	7.63e-01	9.76e-03
 2.50184e+16	2.39e-01	7.51e-01	9.83e-03
 2.50237e+16	2.50e-01	7.40e-01	9.94e-03
 2.50290e+16	2.63e-01	7.27e-01	1.00e-02
 2.50342e+16	2.75e-01	7.15e-01	1.01e-02
 2.50394e+16	2.89e-01	7.01e-01	1.02e-02
 2.50446e+16	3.03e-01	6.87e-01	1.03e-02
 2.50497e+16	3.17e-01	6.73e-01	1.03e-02
 2.50548e+16	3.31e-01	6.58e-01	1.04e-02
 2.50599e+16	3.47e-01	6.43e-01	1.04e-02
 2.50651e+16	3.62e-01	6.27e-01	1.05e-02
 2.50702e+16	3.79e-01	6.10e-01	1.05e-02
 2.50753e+16	3.95e-01	5.94e-01	1.05e-02
 2.50804e+16	4.13e-01	5.77e-01	1.05e-02
 2.50856e+16	4.31e-01	5.59e-01	1.05e-02
 2.50908e+16	4.49e-01	5.41e-01	1.05e-02
 2.50960e+16	4.67e-01	5.23e-01	1.04e-02
 2.51011e+16	4.85e-01	5.04e-01	1.04e-02
 2.51062e+16	5.04e-01	4.86e-01	1.03e-02
 2.51113e+16	5.22e-01	4.68e-01	1.02e-02
 2.51163e+16	5.41e-01	4.49e-01	1.01e-02
 2.51214e+16	5.59e-01	4.31e-01	1.00e-02
 2.51265e+16	5.77e-01	4.13e-01	9.86e-03
 2.51317e+16	5.95e-01	3.95e-01	9.71e-03
 2.51369e+16	6.13e-01	3.78e-01	9.53e-03
 2.51421e+16	6.30e-01	3.61e-01	9.35e-03
 2.51476e+16	6.47e-01	3.43e-01	9.13e-03
 2.51532e+16	6.65e-01	3.27e-01	8.92e-03
 2.51590e+16	6.81e-01	3.10e-01	8.66e-03
 2.51649e+16	6.98e-01	2.94e-01	8.41e-03
 2.51712e+16	7.14e-01	2.78e-01	8.14e-03
 2.51779e+16	7.29e-01	2.63e-01	7.85e-03
 2.51851e+16	7.44e-01	2.48e-01	7.56e-03
 2.51929e+16	7.59e-01	2.34e-01	7.26e-03
 2.52014e+16	7.73e-01	2.20e-01	6.95e-03
 2.52109e+16	7.86e-01	2.08e-01	6.65e-03
 2.52218e+16	7.98e-01	1.96e-01	6.34e-03
 2.52336e+16	8.08e-01	1.86e-01	6.07e-03
 2.52453e+16	8.15e-01	1.79e-01	5.84e-03
 2.52569e+16	8.21e-01	1.73e-01	5.65e-03
 2.52684e+16	8.26e-01	1.68e-01	5.50e-03
 2.52817e+16	8.31e-01	1.64e-01	5.33e-03
 2.52989e+16	8.35e-01	1.60e-01	5.16e-03
 2.53212e+16	8.39e-01	1.56e-01	4.98e-03
 2.53503e+16	8.43e-01	1.52e-01	4.76e-03
 2.53881e+16	8.47e-01	1.48e-01	4.52e-03
 2.54373e+16	8.52e-01	1.44e-01	4.25e-03
 2.54879e+16	8.57e-01	1.39e-01	3.99e-03
 2.55291e+16	8.60e-01	1.36e-01	3.79e-03
 2.55650e+16	8.63e-01	1.33e-01	3.63e-03
 2.56002e+16	8.66e-01	1.31e-01	3.48e-03
 2.56373e+16	8.69e-01	1.28e-01	3.33e-03
 2.56755e+16	8.72e-01	1.25e-01	3.18e-03
 2.57119e+16	8.74e-01	1.23e-01	3.05e-03
 2.57465e+16	8.77e-01	1.20e-01	2.92e-03
 2.57805e+16	8.79e-01	1.18e-01	2.81e-03
 2.58142e+16	8.82e-01	1.16e-01	2.70e-03
 2.58476e+16	8.84e-01	1.14e-01	2.60e-03
 2.58806e+16	8.86e-01	1.12e-01	2.50e-03
 2.59130e+16	8.88e-01	1.10e-01	2.41e-03
 2.59448e+16	8.90e-01	1.08e-01	2.32e-03
 2.59761e+16	8.92e-01	1.06e-01	2.24e-03
 2.60069e+16	8.94e-01	1.04e-01	2.16e-03
 2.60375e+16	8.95e-01	1.02e-01	2.08e-03
 2.60678e+16	8.97e-01	1.01e-01	2.01e-03
 2.60977e+16	8.99e-01	9.92e-02	1.95e-03
 2.61273e+16	9.01e-01	9.76e-02	1.88e-03
 2.61568e+16	9.02e-01	9.61e-02	1.82e-03
 2.61861e+16	9.04e-01	9.46e-02	1.76e-03
 2.62152e+16	9.05e-01	9.31e-02	1.70e-03
 2.62444e+16	9.07e-01	9.17e-02	1.65e-03
 2.62735e+16	9.08e-01	9.03e-02	1.59e-03
 2.63028e+16	9.10e-01	8.89e-02	1.54e-03
 2.63322e+16	9.11e-01	8.75e-02	1.49e-03
 2.63619e+16	9.12e-01	8.62e-02	1.44e-03
 2.63921e+16	9.14e-01	8.48e-02	1.40e-03
 2.64232e+16	9.15e-01	8.34e-02	1.35e-03
 2.64556e+16	9.17e-01	8.20e-02	1.30e-03
 2.64893e+16	9.18e-01	8.06e-02	1.25e-03
 2.65244e+16	9.20e-01	7.91e-02	1.20e-03
 2.65615e+16	9.21e-01	7.76e-02	1.16e-03
 2.66014e+16	9.23e-01	7.60e-02	1.11e-03
 2.66451e+16	9.25e-01	7.43e-02	1.05e-03
 2.66944e+16	9.27e-01	7.23e-02	9.95e-04
 2.67492e+16	9.29e-01	7.03e-02	9.36e-04
 2.68059e+16	9.31e-01	6.83e-02	8.80e-04
 2.68614e+16	9.33e-01	6.63e-02	8.28e-04
 2.69131e+16	9.35e-01	6.46e-02	7.83e-04
 2.69602e+16	9.36e-01	6.31e-02	7.44e-04
 2.70030e+16	9.38e-01	6.17e-02	7.10e-04
 2.70420e+16	9.39e-01	6.05e-02	6.81e-04
 2.70775e+16	9.40e-01	5.94e-02	6.55e-04
 2.71097e+16	9.41e-01	5.85e-02	6.33e-04
 2.71451e+16	9.42e-01	5.74e-02	6.08e-04
 2.71833e+16	9.43e-01	5.63e-02	5.83e-04
 2.72181e+16	9.44e-01	5.52e-02	5.61e-04
 2.72497e+16	9.45e-01	5.43e-02	5.41e-04
 2.72785e+16	9.46e-01	5.35e-02	5.24e-04
 2.73100e+16	9.47e-01	5.26e-02	5.06e-04
 2.73440e+16	9.48e-01	5.16e-02	4.87e-04
 2.73750e+16	9.49e-01	5.07e-02	4.69e-04
 2.74032e+16	9.50e-01	5.00e-02	4.54e-04
 2.74289e+16	9.50e-01	4.93e-02	4.41e-04
 2.74570e+16	9.51e-01	4.85e-02	4.26e-04
 2.74873e+16	9.52e-01	4.77e-02	4.12e-04
 2.75149e+16	9.53e-01	4.70e-02	3.99e-04
 2.75401e+16	9.53e-01	4.63e-02	3.87e-04
 2.75629e+16	9.54e-01	4.57e-02	3.77e-04
 2.75880e+16	9.55e-01	4.51e-02	3.65e-04
 2.76151e+16	9.55e-01	4.44e-02	3.54e-04
 2.76397e+16	9.56e-01	4.37e-02	3.43e-04
 2.76621e+16	9.57e-01	4.32e-02	3.34e-04
 2.76825e+16	9.57e-01	4.27e-02	3.26e-04
 2.77048e+16	9.58e-01	4.21e-02	3.17e-04
 2.77289e+16	9.58e-01	4.15e-02	3.08e-04
 2.77509e+16	9.59e-01	4.10e-02	3.00e-04
 2.77749e+16	9.59e-01	4.04e-02	2.91e-04
 2.78009e+16	9.60e-01	3.98e-02	2.82e-04
 2.78245e+16	9.61e-01	3.92e-02	2.74e-04
 2.78460e+16	9.61e-01	3.87e-02	2.67e-04
 2.78696e+16	9.62e-01	3.81e-02	2.58e-04
 2.78950e+16	9.62e-01	3.76e-02	2.51e-04
 2.79182e+16	9.63e-01	3.70e-02	2.44e-04
 2.79392e+16	9.63e-01	3.66e-02	2.37e-04
 2.79623e+16	9.64e-01	3.61e-02	2.30e-04
 2.79872e+16	9.64e-01	3.55e-02	2.24e-04
 2.80099e+16	9.65e-01	3.50e-02	2.17e-04
 2.80306e+16	9.65e-01	3.46e-02	2.12e-04
 2.80532e+16	9.66e-01	3.41e-02	2.06e-04
 2.80776e+16	9.66e-01	3.36e-02	2.00e-04
 2.80998e+16	9.67e-01	3.32e-02	1.95e-04
 2.81241e+16	9.67e-01	3.27e-02	1.89e-04
 2.81504e+16	9.68e-01	3.22e-02	1.83e-04
 2.81743e+16	9.68e-01	3.17e-02	1.78e-04
 2.81961e+16	9.68e-01	3.13e-02	1.73e-04
 2.82199e+16	9.69e-01	3.09e-02	1.68e-04
 2.82457e+16	9.69e-01	3.04e-02	1.63e-04
 2.82691e+16	9.70e-01	3.00e-02	1.59e-04
 2.82948e+16	9.70e-01	2.95e-02	1.54e-04
 2.83225e+16	9.71e-01	2.91e-02	1.49e-04
 2.83477e+16	9.71e-01	2.87e-02	1.45e-04
 2.83754e+16	9.72e-01	2.82e-02	1.40e-04
 2.84052e+16	9.72e-01	2.77e-02	1.36e-04
 2.84323e+16	9.73e-01	2.73e-02	1.32e-04
 2.84570e+16	9.73e-01	2.70e-02	1.28e-04
 2.84841e+16	9.73e-01	2.65e-02	1.24e-04
 2.85133e+16	9.74e-01	2.61e-02	1.20e-04
 2.85399e+16	9.74e-01	2.57e-02	1.17e-04
 2.85691e+16	9.75e-01	2.53e-02	1.13e-04
 2.86006e+16	9.75e-01	2.49e-02	1.09e-04
 2.86292e+16	9.75e-01	2.45e-02	1.06e-04
 2.86552e+16	9.76e-01	2.42e-02	1.03e-04
 2.86838e+16	9.76e-01	2.38e-02	9.96e-05
 2.87146e+16	9.77e-01	2.34e-02	9.65e-05
 2.87427e+16	9.77e-01	2.30e-02	9.37e-05
 2.87734e+16	9.77e-01	2.26e-02	9.06e-05
 2.88066e+16	9.78e-01	2.23e-02	8.75e-05
 2.88368e+16	9.78e-01	2.19e-02	8.49e-05
 2.88699e+16	9.78e-01	2.15e-02	8.19e-05
 2.89056e+16	9.79e-01	2.11e-02	7.89e-05
 2.89381e+16	9.79e-01	2.08e-02	7.64e-05
 2.89677e+16	9.79e-01	2.05e-02	7.42e-05
 2.90001e+16	9.80e-01	2.01e-02	7.17e-05
 2.90351e+16	9.80e-01	1.98e-02	6.93e-05
 2.90670e+16	9.80e-01	1.95e-02	6.72e-05
 2.91019e+16	9.81e-01	1.91e-02	6.48e-05
 2.91395e+16	9.81e-01	1.88e-02	6.25e-05
 2.91738e+16	9.81e-01	1.85e-02	6.05e-05
 2.92114e+16	9.82e-01	1.81e-02	5.82e-05
 2.92519e+16	9.82e-01	1.78e-02	5.60e-05
 2.92889e+16	9.82e-01	1.75e-02	5.41e-05
 2.93293e+16	9.83e-01	1.71e-02	5.20e-05
 2.93730e+16	9.83e-01	1.68e-02	4.99e-05
 2.94127e+16	9.83e-01	1.65e-02	4.82e-05
 2.94488e+16	9.84e-01	1.62e-02	4.66e-05
 2.94885e+16	9.84e-01	1.59e-02	4.49e-05
 2.95312e+16	9.84e-01	1.56e-02	4.32e-05
 2.95702e+16	9.85e-01	1.53e-02	4.17e-05
 2.96128e+16	9.85e-01	1.50e-02	4.01e-05
 2.96589e+16	9.85e-01	1.47e-02	3.85e-05
 2.97008e+16	9.86e-01	1.44e-02	3.71e-05
 2.97467e+16	9.86e-01	1.41e-02	3.56e-05
 2.97962e+16	9.86e-01	1.38e-02	3.41e-05
 2.98414e+16	9.86e-01	1.36e-02	3.29e-05
 2.98908e+16	9.87e-01	1.33e-02	3.14e-05
 2.99442e+16	9.87e-01	1.30e-02	3.01e-05
 2.99927e+16	9.87e-01	1.27e-02	2.89e-05
 3.00459e+16	9.88e-01	1.24e-02	2.76e-05
 3.01034e+16	9.88e-01	1.21e-02	2.63e-05
 3.01556e+16	9.88e-01	1.19e-02	2.53e-05
 3.02129e+16	9.88e-01	1.16e-02	2.41e-05
 3.02748e+16	9.89e-01	1.13e-02	2.29e-05
 3.03311e+16	9.89e-01	1.10e-02	2.20e-05
 3.03927e+16	9.89e-01	1.08e-02	2.09e-05
 3.04593e+16	9.89e-01	1.05e-02	1.98e-05
 3.05199e+16	9.90e-01	1.03e-02	1.89e-05
 3.05863e+16	9.90e-01	9.98e-03	1.80e-05
 3.06580e+16	9.90e-01	9.71e-03	1.70e-05
 3.07232e+16	9.91e-01	9.48e-03	1.62e-05
 3.07946e+16	9.91e-01	9.21e-03	1.54e-05
 3.08718e+16	9.91e-01	8.96e-03	1.45e-05
 3.09420e+16	9.91e-01	8.73e-03	1.38e-05
 3.10190e+16	9.92e-01	8.48e-03	1.30e-05
 3.11020e+16	9.92e-01	8.23e-03	1.23e-05
 3.11776e+16	9.92e-01	8.02e-03	1.17e-05
 3.12604e+16	9.92e-01	7.78e-03	1.10e-05
 3.13498e+16	9.92e-01	7.54e-03	1.03e-05
 3.14312e+16	9.93e-01	7.33e-03	9.80e-06
 3.15204e+16	9.93e-01	7.10e-03	9.19e-06
 3.16166e+16	9.93e-01	6.87e-03	8.63e-06
 3.17042e+16	9.93e-01	6.68e-03	8.15e-06
 3.18002e+16	9.94e-01	6.46e-03	7.63e-06
 3.19185e+16	9.94e-01	6.20e-03	7.04e-06
 3.20486e+16	9.94e-01	5.94e-03	6.47e-06
 3.21842e+16	9.94e-01	5.69e-03	5.93e-06
 3.23260e+16	9.95e-01	5.43e-03	5.42e-06
 3.24733e+16	9.95e-01	5.19e-03	4.95e-06
 3.26261e+16	9.95e-01	4.94e-03	4.50e-06
 3.27836e+16	9.95e-01	4.71e-03	4.09e-06
 3.29441e+16	9.96e-01	4.49e-03	3.72e-06
 3.31071e+16	9.96e-01	4.27e-03	3.38e-06
 3.32727e+16	9.96e-01	4.07e-03	3.07e-06
 3.34414e+16	9.96e-01	3.87e-03	2.78e-06
 3.36134e+16	9.96e-01	3.68e-03	2.52e-06
 3.37885e+16	9.96e-01	3.50e-03	2.28e-06
 3.39666e+16	9.97e-01	3.33e-03	2.07e-06
 3.41478e+16	9.97e-01	3.17e-03	1.87e-06
 3.43322e+16	9.97e-01	3.01e-03	1.69e-06
 3.45199e+16	9.97e-01	2.86e-03	1.53e-06
 3.47076e+16	9.97e-01	2.72e-03	1.38e-06
 3.48981e+16	9.97e-01	2.58e-03	1.25e-06
 3.50961e+16	9.98e-01	2.45e-03	1.12e-06
 3.52984e+16	9.98e-01	2.32e-03	1.01e-06
 3.55034e+16	9.98e-01	2.20e-03	9.07e-07
 3.57117e+16	9.98e-01	2.08e-03	8.14e-07
 3.59240e+16	9.98e-01	1.97e-03	7.30e-07
 3.61403e+16	9.98e-01	1.86e-03	6.54e-07
 3.63606e+16	9.98e-01	1.76e-03	5.85e-07
 3.65851e+16	9.98e-01	1.66e-03	5.23e-07
 3.68138e+16	9.98e-01	1.57e-03	4.66e-07
 3.70471e+16	9.99e-01	1.48e-03	4.15e-07
 3.72851e+16	9.99e-01	1.40e-03	3.69e-07
 3.75278e+16	9.99e-01	1.31e-03	3.28e-07
 3.77756e+16	9.99e-01	1.24e-03	2.91e-07
 3.80286e+16	9.99e-01	1.16e-03	2.57e-07
 3.82870e+16	9.99e-01	1.09e-03	2.27e-07
 3.85512e+16	9.99e-01	1.02e-03	2.00e-07
 3.88214e+16	9.99e-01	9.60e-04	1.76e-07
 3.90980e+16	9.99e-01	8.99e-04	1.54e-07
 3.93813e+16	9.99e-01	8.40e-04	1.35e-07
 3.96714e+16	9.99e-01	7.85e-04	1.18e-07
 3.99691e+16	9.99e-01	7.32e-04	1.02e-07
 4.02752e+16	9.99e-01	6.82e-04	8.90e-08
 4.05852e+16	9.99e-01	6.34e-04	7.72e-08
 4.09032e+16	9.99e-01	5.89e-04	6.66e-08
 4.12350e+16	9.99e-01	5.46e-04	5.72e-08
 4.15790e+16	9.99e-01	5.04e-04	4.88e-08
 4.19360e+16	1.00e+00	4.65e-04	4.15e-08
 4.23061e+16	1.00e+00	4.27e-04	3.51e-08
 4.26900e+16	1.00e+00	3.91e-04	2.94e-08
 4.30896e+16	1.00e+00	3.57e-04	2.46e-08
 4.35069e+16	1.00e+00	3.25e-04	2.04e-08
 4.39439e+16	1.00e+00	2.95e-04	1.67e-08
 4.44045e+16	1.00e+00	2.66e-04	1.36e-08
 4.48911e+16	1.00e+00	2.38e-04	1.09e-08
 4.54054e+16	1.00e+00	2.13e-04	8.71e-09
 4.59565e+16	1.00e+00	1.88e-04	6.81e-09
 4.65498e+16	1.00e+00	1.65e-04	5.24e-09
 4.71877e+16	1.00e+00	1.43e-04	3.96e-09
 4.78816e+16	1.00e+00	1.23e-04	2.92e-09
 4.86476e+16	1.00e+00	1.04e-04	2.09e-09
 4.95052e+16	1.00e+00	8.64e-05	1.44e-09
 5.05065e+16	1.00e+00	6.94e-05	9.29e-10
 5.16533e+16	1.00e+00	5.45e-05	5.72e-10
 5.28542e+16	1.00e+00	4.24e-05	3.48e-10
 5.40377e+16	1.00e+00	3.33e-05	2.15e-10
 5.51997e+16	1.00e+00	2.63e-05	1.34e-10
 5.63722e+16	1.00e+00	2.08e-05	8.42e-11
 5.75684e+16	1.00e+00	1.64e-05	5.27e-11
 5.87879e+16	1.00e+00	1.30e-05	3.29e-11
 6.00272e+16	1.00e+00	1.03e-05	2.07e-11
 6.12888e+16	1.00e+00	8.11e-06	1.30e-11
 6.25809e+16	1.00e+00	6.39e-06	8.07e-12
 6.38938e+16	1.00e+00	5.05e-06	5.05e-12
 6.52274e+16	1.00e+00	4.00e-06	3.18e-12
 6.66048e+16	1.00e+00	3.15e-06	1.98e-12
 6.80281e+16	1.00e+00	2.48e-06	1.23e-12
 6.94848e+16	1.00e+00	1.96e-06	7.67e-13
 7.09843e+16	1.00e+00	1.54e-06	4.74e-13
 7.25321e+16	1.00e+00	1.20e-06	2.92e-13
 7.41311e+16	1.00e+00	9.42e-07	1.79e-13
 7.57883e+16	1.00e+00	7.34e-07	1.09e-13
 7.75103e+16	1.00e+00	5.70e-07	6.59e-14
 7.93068e+16	1.00e+00	4.41e-07	3.95e-14
 8.11898e+16	1.00e+00	3.39e-07	2.33e-14
 8.31746e+16	1.00e+00	2.58e-07	1.36e-14
 8.52814e+16	1.00e+00	1.95e-07	7.74e-15
 8.75384e+16	1.00e+00	1.45e-07	4.30e-15
 8.99853e+16	1.00e+00	1.06e-07	2.31e-15
 9.25859e+16	1.00e+00	7.71e-08	1.22e-15
 9.52255e+16	1.00e+00	5.63e-08	6.51e-16
 9.78552e+16	1.00e+00	4.15e-08	3.54e-16
 1.00495e+17	1.00e+00	3.07e-08	1.94e-16
 1.03151e+17	1.00e+00	2.29e-08	1.08e-16
 1.05809e+17	1.00e+00	1.72e-08	6.09e-17
 1.08457e+17	1.00e+00	1.30e-08	3.48e-17
 1.11088e+17	1.00e+00	9.89e-09	2.02e-17
 1.13689e+17	1.00e+00	7.60e-09	1.19e-17
 1.16249e+17	1.00e+00	5.89e-09	7.19e-18
 1.18759e+17	1.00e+00	4.61e-09	4.41e-18
 1.21211e+17	1.00e+00	3.65e-09	2.76e-18
 1.23593e+17	1.00e+00	2.92e-09	1.77e-18
 1.25897e+17	1.00e+00	2.36e-09	1.16e-18
 1.28122e+17	1.00e+00	1.93e-09	7.72e-19
 1.30263e+17	1.00e+00	1.59e-09	5.26e-19
 1.32316e+17	1.00e+00	1.33e-09	3.66e-19
 1.34281e+17	1.00e+00	1.12e-09	2.60e-19
 1.36157e+17	1.00e+00	9.50e-10	1.88e-19
 1.37945e+17	1.00e+00	8.16e-10	1.39e-19
 1.39648e+17	1.00e+00	7.06e-10	1.04e-19
 1.41268e+17	1.00e+00	6.17e-10	7.95e-20
 1.42808e+17	1.00e+00	5.43e-10	6.17e-20
 1.44270e+17	1.00e+00	4.82e-10	4.85e-20
 1.45658e+17	1.00e+00	4.30e-10	3.87e-20
 1.46975e+17	1.00e+00	3.87e-10	3.13e-20
 1.48225e+17	1.00e+00	3.50e-10	2.57e-20
 1.49411e+17	1.00e+00	3.19e-10	2.13e-20
 1.50536e+17	1.00e+00	2.92e-10	1.78e-20
 1.51603e+17	1.00e+00	2.68e-10	1.51e-20
 1.52614e+17	1.00e+00	2.48e-10	1.29e-20
 1.53574e+17	1.00e+00	2.30e-10	1.11e-20
 1.54485e+17	1.00e+00	2.14e-10	9.65e-21
 1.55350e+17	1.00e+00	2.01e-10	0.00e+00
 1.56171e+17	1.00e+00	1.89e-10	0.00e+00
 1.56951e+17	1.00e+00	1.78e-10	0.00e+00
 1.57692e+17	1.00e+00	1.68e-10	0.00e+00
 1.58396e+17	1.00e+00	1.59e-10	0.00e+00
 1.59066e+17	1.00e+00	1.52e-10	0.00e+00
 1.59703e+17	1.00e+00	1.45e-10	0.00e+00
 1.60309e+17	1.00e+00	1.38e-10	0.00e+00
 1.60886e+17	1.00e+00	1.32e-10	0.00e+00
 1.61436e+17	1.00e+00	1.27e-10	0.00e+00
 1.61960e+17	1.00e+00	1.22e-10	0.00e+00
 1.62459e+17	1.00e+00	1.18e-10	0.00e+00
 1.62936e+17	1.00e+00	1.14e-10	0.00e+00
 1.63392e+17	1.00e+00	1.10e-10	0.00e+00
 1.63828e+17	1.00e+00	1.07e-10	0.00e+00
 1.64244e+17	1.00e+00	1.04e-10	0.00e+00
 1.64643e+17	1.00e+00	1.01e-10	0.00e+00
 1.65026e+17	1.00e+00	9.78e-11	0.00e+00
 1.65393e+17	1.00e+00	9.53e-11	0.00e+00
 1.65747e+17	1.00e+00	9.29e-11	0.00e+00
 1.66087e+17	1.00e+00	9.08e-11	0.00e+00
 1.66415e+17	1.00e+00	8.86e-11	0.00e+00
 1.66731e+17	1.00e+00	8.66e-11	0.00e+00
 1.67038e+17	1.00e+00	8.47e-11	0.00e+00
 1.67335e+17	1.00e+00	8.30e-11	0.00e+00
 1.67625e+17	1.00e+00	8.14e-11	0.00e+00
 1.67907e+17	1.00e+00	7.97e-11	0.00e+00
 1.68183e+17	1.00e+00	7.82e-11	0.00e+00
 1.68454e+17	1.00e+00	7.67e-11	0.00e+00
 1.68721e+17	1.00e+00	7.52e-11	0.00e+00
 1.68985e+17	1.00e+00	7.39e-11	0.00e+00
 1.69248e+17	1.00e+00	7.25e-11	0.00e+00
 1.69511e+17	1.00e+00	7.12e-11	0.00e+00
 1.69776e+17	1.00e+00	6.99e-11	0.00e+00
 1.70044e+17	1.00e+00	6.86e-11	0.00e+00
 1.70318e+17	1.00e+00	6.73e-11	0.00e+00
 1.70601e+17	1.00e+00	6.60e-11	0.00e+00
 1.70896e+17	1.00e+00	6.47e-11	0.00e+00
 1.71207e+17	1.00e+00	6.32e-11	0.00e+00
 1.71540e+17	1.00e+00	6.18e-11	0.00e+00
 1.71902e+17	1.00e+00	6.02e-11	0.00e+00
 1.72304e+17	1.00e+00	5.86e-11	0.00e+00
 1.72758e+17	1.00e+00	5.67e-11	0.00e+00
 1.73286e+17	1.00e+00	5.47e-11	0.00e+00
 1.73917e+17	1.00e+00	5.23e-11	0.00e+00
 1.74700e+17	1.00e+00	4.95e-11	0.00e+00
 1.75702e+17	1.00e+00	4.62e-11	0.00e+00
 1.77005e+17	1.00e+00	4.22e-11	0.00e+00
 1.78699e+17	1.00e+00	3.76e-11	0.00e+00
 1.80902e+17	1.00e+00	3.24e-11	0.00e+00
 1.83765e+17	1.00e+00	2.68e-11	0.00e+00
 1.87487e+17	1.00e+00	2.10e-11	0.00e+00
 1.92325e+17	1.00e+00	1.55e-11	0.00e+00
 1.98192e+17	1.00e+00	1.09e-11	0.00e+00
 2.04547e+17	1.00e+00	7.70e-12	0.00e+00
 2.11056e+17	1.00e+00	5.65e-12	0.00e+00
 2.17659e+17	1.00e+00	4.32e-12	0.00e+00
 2.24293e+17	1.00e+00	3.47e-12	0.00e+00
 2.30928e+17	1.00e+00	2.91e-12	0.00e+00
 2.37562e+17	1.00e+00	2.53e-12	0.00e+00
 2.44197e+17	1.00e+00	2.27e-12	0.00e+00
 2.50831e+17	1.00e+00	2.09e-12	0.00e+00
 2.57466e+17	1.00e+00	1.95e-12	0.00e+00
 2.64100e+17	1.00e+00	1.84e-12	0.00e+00
 2.70734e+17	1.00e+00	1.76e-12	0.00e+00
 2.77369e+17	1.00e+00	1.68e-12	0.00e+00
 2.84998e+17	1.00e+00	1.62e-12	0.00e+00
 2.94917e+17	1.00e+00	1.30e-12	0.00e+00
 3.06533e+17	1.00e+00	9.07e-13	0.00e+00
 3.18795e+17	1.00e+00	7.47e-13	0.00e+00
 3.31546e+17	1.00e+00	6.52e-13	0.00e+00
 3.44808e+17	1.00e+00	5.67e-13	0.00e+00
 3.58601e+17	1.00e+00	4.89e-13	0.00e+00
 3.72411e+17	1.00e+00	4.15e-13	0.00e+00
 3.85203e+17	1.00e+00	3.95e-13	0.00e+00
 3.96429e+17	1.00e+00	4.24e-13	0.00e+00
 4.06417e+17	1.00e+00	4.60e-13	0.00e+00
 4.15863e+17	1.00e+00	4.64e-13	0.00e+00
 4.25120e+17	1.00e+00	4.32e-13	0.00e+00
 4.33903e+17	1.00e+00	3.92e-13	0.00e+00
 4.41415e+17	1.00e+00	3.72e-13	0.00e+00
 4.46751e+17	1.00e+00	3.86e-13	0.00e+00
 4.49813e+17	1.00e+00	4.25e-13	0.00e+00
 4.51447e+17	1.00e+00	4.54e-13	0.00e+00
 4.52392e+17	1.00e+00	4.71e-13	0.00e+00
 4.52959e+17	1.00e+00	4.80e-13	0.00e+00
 4.53352e+17	1.00e+00	4.86e-13	0.00e+00
 4.53748e+17	1.00e+00	4.90e-13	0.00e+00
 4.54227e+17	1.00e+00	4.93e-13	0.00e+00
 4.54764e+17	1.00e+00	4.96e-13	0.00e+00
 4.55231e+17	1.00e+00	4.98e-13	0.00e+00
 4.55587e+17	1.00e+00	5.00e-13	0.00e+00
 4.55889e+17	1.00e+00	5.01e-13	0.00e+00
 4.56203e+17	1.00e+00	5.01e-13	0.00e+00
 4.56554e+17	1.00e+00	5.01e-13	0.00e+00
 4.56896e+17	1.00e+00	5.01e-13	0.00e+00
 4.57178e+17	1.00e+00	5.01e-13	0.00e+00
 4.57402e+17	1.00e+00	5.00e-13	0.00e+00
 4.57623e+17	1.00e+00	5.00e-13	0.00e+00
 4.57872e+17	1.00e+00	4.99e-13	0.00e+00
 4.58133e+17	1.00e+00	4.98e-13	0.00e+00
 4.58376e+17	1.00e+00	4.97e-13	0.00e+00
 4.58581e+17	1.00e+00	4.96e-13	0.00e+00
 4.58761e+17	1.00e+00	4.96e-13	0.00e+00
 4.58949e+17	1.00e+00	4.95e-13	0.00e+00
 4.59151e+17	1.00e+00	4.93e-13	0.00e+00
 4.59350e+17	1.00e+00	4.92e-13	0.00e+00
 4.59529e+17	1.00e+00	4.91e-13	0.00e+00
 4.59692e+17	1.00e+00	4.90e-13	0.00e+00
 4.59854e+17	1.00e+00	4.89e-13	0.00e+00
 4.60021e+17	1.00e+00	4.87e-13	0.00e+00
 4.60191e+17	1.00e+00	4.86e-13	0.00e+00
 4.60360e+17	1.00e+00	4.84e-13	0.00e+00
 4.60519e+17	1.00e+00	4.83e-13	0.00e+00
 4.60669e+17	1.00e+00	4.82e-13	0.00e+00
 4.60821e+17	1.00e+00	4.80e-13	0.00e+00
 4.60978e+17	1.00e+00	4.79e-13	0.00e+00
 4.61141e+17	1.00e+00	4.77e-13	0.00e+00
 4.61298e+17	1.00e+00	4.75e-13	0.00e+00
 4.61450e+17	1.00e+00	4.73e-13	0.00e+00
 4.61601e+17	1.00e+00	4.72e-13	0.00e+00
 4.61755e+17	1.00e+00	4.70e-13	0.00e+00
 4.61922e+17	1.00e+00	4.68e-13	0.00e+00
 4.62095e+17	1.00e+00	4.66e-13	0.00e+00
 4.62257e+17	1.00e+00	4.64e-13	0.00e+00
 4.62412e+17	1.00e+00	4.62e-13	0.00e+00
 4.62579e+17	1.00e+00	4.60e-13	0.00e+00
 4.62758e+17	1.00e+00	4.57e-13	0.00e+00
 4.62958e+17	1.00e+00	4.55e-13	0.00e+00
 4.63160e+17	1.00e+00	4.52e-13	0.00e+00
 4.63335e+17	1.00e+00	4.49e-13	0.00e+00
 4.63502e+17	1.00e+00	4.47e-13	0.00e+00
 4.63690e+17	1.00e+00	4.44e-13	0.00e+00
 4.63911e+17	1.00e+00	4.41e-13	0.00e+00
 4.64138e+17	1.00e+00	4.37e-13	0.00e+00
 4.64347e+17	1.00e+00	4.34e-13	0.00e+00
 4.64540e+17	1.00e+00	4.31e-13	0.00e+00
 4.64743e+17	1.00e+00	4.28e-13	0.00e+00
 4.64977e+17	1.00e+00	4.25e-13	0.00e+00
 4.65237e+17	1.00e+00	4.21e-13	0.00e+00
 4.65492e+17	1.00e+00	4.16e-13	0.00e+00
 4.65710e+17	1.00e+00	4.12e-13	0.00e+00
 4.65935e+17	1.00e+00	4.09e-13	0.00e+00
 4.66204e+17	1.00e+00	4.05e-13	0.00e+00
 4.66501e+17	1.00e+00	4.00e-13	0.00e+00
 4.66800e+17	1.00e+00	3.95e-13	0.00e+00
 4.67083e+17	1.00e+00	3.90e-13	0.00e+00
 4.67356e+17	1.00e+00	3.85e-13	0.00e+00
 4.67640e+17	1.00e+00	3.81e-13	0.00e+00
 4.67951e+17	1.00e+00	3.76e-13	0.00e+00
 4.68289e+17	1.00e+00	3.70e-13	0.00e+00
 4.68641e+17	1.00e+00	3.64e-13	0.00e+00
 4.68986e+17	1.00e+00	3.58e-13	0.00e+00
 4.69320e+17	1.00e+00	3.52e-13	0.00e+00
 4.69661e+17	1.00e+00	3.46e-13	0.00e+00
 4.70025e+17	1.00e+00	3.40e-13	0.00e+00
 4.70415e+17	1.00e+00	3.34e-13	0.00e+00
 4.70812e+17	1.00e+00	3.27e-13	0.00e+00
 4.71220e+17	1.00e+00	3.20e-13	0.00e+00
 4.71634e+17	1.00e+00	3.13e-13	0.00e+00
 4.72052e+17	1.00e+00	3.06e-13	0.00e+00
 4.72492e+17	1.00e+00	2.99e-13	0.00e+00
 4.72943e+17	1.00e+00	2.91e-13	0.00e+00
 4.73391e+17	1.00e+00	2.84e-13	0.00e+00
 4.73845e+17	1.00e+00	2.76e-13	0.00e+00
 4.74325e+17	1.00e+00	2.69e-13	0.00e+00
 4.74823e+17	1.00e+00	2.61e-13	0.00e+00
 4.75323e+17	1.00e+00	2.53e-13	0.00e+00
 4.75829e+17	1.00e+00	2.45e-13	0.00e+00
 4.76352e+17	1.00e+00	2.37e-13	0.00e+00
 4.76888e+17	1.00e+00	2.28e-13	0.00e+00
 4.77434e+17	1.00e+00	2.20e-13	0.00e+00
 4.77992e+17	1.00e+00	2.12e-13	0.00e+00
 4.78566e+17	1.00e+00	2.04e-13	0.00e+00
 4.79154e+17	1.00e+00	1.96e-13	0.00e+00
 4.79753e+17	1.00e+00	1.87e-13	0.00e+00
 4.80364e+17	1.00e+00	1.79e-13	0.00e+00
 4.80980e+17	1.00e+00	1.71e-13	0.00e+00
 4.81609e+17	1.00e+00	1.63e-13	0.00e+00
 4.82258e+17	1.00e+00	1.55e-13	0.00e+00
 4.82923e+17	1.00e+00	1.47e-13	0.00e+00
 4.83613e+17	1.00e+00	1.39e-13	0.00e+00
 4.84301e+17	1.00e+00	1.30e-13	0.00e+00
 4.84983e+17	1.00e+00	1.23e-13	0.00e+00
 4.85685e+17	1.00e+00	1.16e-13	0.00e+00
 4.86458e+17	1.00e+00	1.09e-13	0.00e+00
 4.87306e+17	1.00e+00	1.00e-13	0.00e+00
 4.88136e+17	1.00e+00	9.23e-14	0.00e+00
 4.88913e+17	1.00e+00	8.54e-14	0.00e+00
 4.89649e+17	1.00e+00	7.91e-14	0.00e+00
 4.90323e+17	1.00e+00	7.36e-14	0.00e+00
 4.90925e+17	1.00e+00	6.89e-14	0.00e+00
 4.91467e+17	1.00e+00	6.49e-14	0.00e+00
 4.91973e+17	1.00e+00	6.14e-14	0.00e+00
 4.92462e+17	1.00e+00	5.82e-14	0.00e+00
 4.92937e+17	1.00e+00	5.52e-14	0.00e+00
 4.93393e+17	1.00e+00	5.24e-14	0.00e+00
 4.93821e+17	1.00e+00	4.98e-14	0.00e+00
 4.94222e+17	1.00e+00	4.75e-14	0.00e+00
 4.94604e+17	1.00e+00	4.54e-14	0.00e+00
 4.94975e+17	1.00e+00	4.34e-14	0.00e+00
 4.95338e+17	1.00e+00	4.16e-14	0.00e+00
 4.95689e+17	1.00e+00	3.98e-14	0.00e+00
 4.96025e+17	1.00e+00	3.81e-14	0.00e+00
 4.96346e+17	1.00e+00	3.66e-14	0.00e+00
 4.96656e+17	1.00e+00	3.52e-14	0.00e+00
 4.96957e+17	1.00e+00	3.38e-14	0.00e+00
 4.97251e+17	1.00e+00	3.25e-14	0.00e+00
 4.97535e+17	1.00e+00	3.13e-14	0.00e+00
 4.97810e+17	1.00e+00	3.02e-14	0.00e+00
 4.98074e+17	1.00e+00	2.91e-14	0.00e+00
 4.98331e+17	1.00e+00	2.80e-14	0.00e+00
 4.98581e+17	1.00e+00	2.70e-14	0.00e+00
 4.98823e+17	1.00e+00	2.61e-14	0.00e+00
 4.99057e+17	1.00e+00	2.52e-14	0.00e+00
 4.99285e+17	1.00e+00	2.43e-14	0.00e+00
 4.99509e+17	1.00e+00	2.35e-14	0.00e+00
 4.99727e+17	1.00e+00	2.28e-14	0.00e+00
 4.99940e+17	1.00e+00	2.20e-14	0.00e+00
 5.00182e+17	1.00e+00	2.13e-14	0.00e+00
 5.00498e+17	1.00e+00	2.04e-14	0.00e+00
 5.00908e+17	1.00e+00	1.92e-14	0.00e+00
 5.01442e+17	1.00e+00	1.78e-14	0.00e+00
 5.02135e+17	1.00e+00	1.61e-14	0.00e+00
 5.03028e+17	1.00e+00	1.40e-14	0.00e+00
