#depth	He	He+	He+2
 1.49634e+10	1.04e-22	5.96e-12	1.00e+00
 4.54887e+10	1.18e-22	6.45e-12	1.00e+00
 7.72350e+10	1.33e-22	6.98e-12	1.00e+00
 1.10251e+11	1.49e-22	7.55e-12	1.00e+00
 1.42947e+11	1.67e-22	8.14e-12	1.00e+00
 1.76950e+11	1.87e-22	8.78e-12	1.00e+00
 2.13955e+11	2.11e-22	9.50e-12	1.00e+00
 2.52440e+11	2.39e-22	1.03e-11	1.00e+00
 2.92464e+11	2.70e-22	1.11e-11	1.00e+00
 3.34090e+11	3.07e-22	1.21e-11	1.00e+00
 3.72590e+11	3.44e-22	1.29e-11	1.00e+00
 4.05971e+11	3.78e-22	1.37e-11	1.00e+00
 4.43002e+11	4.19e-22	1.46e-11	1.00e+00
 4.88175e+11	4.74e-22	1.58e-11	1.00e+00
 5.33930e+11	5.37e-22	1.70e-11	1.00e+00
 5.74489e+11	5.97e-22	1.81e-11	1.00e+00
 6.18292e+11	6.65e-22	1.94e-11	1.00e+00
 6.70875e+11	7.59e-22	2.09e-11	1.00e+00
 7.23158e+11	8.63e-22	2.26e-11	1.00e+00
 7.70469e+11	9.64e-22	2.41e-11	1.00e+00
 8.23029e+11	1.08e-21	2.58e-11	1.00e+00
 8.84755e+11	1.25e-21	2.80e-11	1.00e+00
 9.45411e+11	1.42e-21	3.02e-11	1.00e+00
 1.00161e+12	1.60e-21	3.24e-11	1.00e+00
 1.06471e+12	1.82e-21	3.49e-11	1.00e+00
 1.13493e+12	2.10e-21	3.78e-11	1.00e+00
 1.20136e+12	2.39e-21	4.07e-11	1.00e+00
 1.27274e+12	2.72e-21	4.40e-11	1.00e+00
 1.35358e+12	3.16e-21	4.78e-11	1.00e+00
 1.43287e+12	3.65e-21	5.19e-11	1.00e+00
 1.50895e+12	4.15e-21	5.59e-11	1.00e+00
 1.59286e+12	4.77e-21	6.06e-11	1.00e+00
 1.68650e+12	5.56e-21	6.60e-11	1.00e+00
 1.78111e+12	6.44e-21	7.19e-11	1.00e+00
 1.86545e+12	7.34e-21	7.74e-11	1.00e+00
 1.93905e+12	8.16e-21	8.24e-11	1.00e+00
 2.02218e+12	9.17e-21	8.82e-11	1.00e+00
 2.12552e+12	1.06e-20	9.59e-11	1.00e+00
 2.23285e+12	1.23e-20	1.04e-10	1.00e+00
 2.33100e+12	1.39e-20	1.12e-10	1.00e+00
 2.42098e+12	1.57e-20	1.20e-10	1.00e+00
 2.51945e+12	1.77e-20	1.29e-10	1.00e+00
 2.62939e+12	2.03e-20	1.39e-10	1.00e+00
 2.73241e+12	2.30e-20	1.49e-10	1.00e+00
 2.84452e+12	2.61e-20	1.61e-10	1.00e+00
 2.96830e+12	3.01e-20	1.74e-10	1.00e+00
 3.08268e+12	3.42e-20	1.87e-10	1.00e+00
 3.20681e+12	3.88e-20	2.01e-10	1.00e+00
 3.34523e+12	4.48e-20	2.18e-10	1.00e+00
 3.47531e+12	5.09e-20	2.35e-10	1.00e+00
 3.61748e+12	5.80e-20	2.54e-10	1.00e+00
 3.77580e+12	6.73e-20	2.76e-10	1.00e+00
 3.92470e+12	7.67e-20	2.98e-10	1.00e+00
 4.06425e+12	8.63e-20	3.20e-10	1.00e+00
 4.22208e+12	9.80e-20	3.45e-10	1.00e+00
 4.39951e+12	1.13e-19	3.75e-10	1.00e+00
 4.57587e+12	1.29e-19	4.07e-10	1.00e+00
 4.74848e+12	1.47e-19	4.39e-10	1.00e+00
 4.94276e+12	1.68e-19	4.76e-10	1.00e+00
 5.15679e+12	1.95e-19	5.20e-10	1.00e+00
 5.34611e+12	2.20e-19	5.61e-10	1.00e+00
 5.51485e+12	2.45e-19	5.98e-10	1.00e+00
 5.70726e+12	2.75e-19	6.43e-10	1.00e+00
 5.91451e+12	3.11e-19	6.93e-10	1.00e+00
 6.10068e+12	3.46e-19	7.41e-10	1.00e+00
 6.30230e+12	3.85e-19	7.93e-10	1.00e+00
 6.55955e+12	4.42e-19	8.64e-10	1.00e+00
 6.82138e+12	5.06e-19	9.40e-10	1.00e+00
 7.04260e+12	5.64e-19	1.01e-09	1.00e+00
 7.27873e+12	6.29e-19	1.08e-09	1.00e+00
 7.57540e+12	7.21e-19	1.18e-09	1.00e+00
 7.88562e+12	8.27e-19	1.29e-09	1.00e+00
 8.16745e+12	9.31e-19	1.39e-09	1.00e+00
 8.47752e+12	1.05e-18	1.51e-09	1.00e+00
 8.84080e+12	1.21e-18	1.65e-09	1.00e+00
 9.20410e+12	1.39e-18	1.81e-09	1.00e+00
 9.55365e+12	1.57e-18	1.97e-09	1.00e+00
 9.89437e+12	1.76e-18	2.13e-09	1.00e+00
 1.02770e+13	2.00e-18	2.31e-09	1.00e+00
 1.06983e+13	2.28e-18	2.53e-09	1.00e+00
 1.10877e+13	2.57e-18	2.75e-09	1.00e+00
 1.15114e+13	2.90e-18	2.99e-09	1.00e+00
 1.19874e+13	3.31e-18	3.28e-09	1.00e+00
 1.23870e+13	3.69e-18	3.54e-09	1.00e+00
 1.26941e+13	4.00e-18	3.73e-09	1.00e+00
 1.30254e+13	4.34e-18	3.96e-09	1.00e+00
 1.34561e+13	4.82e-18	4.27e-09	1.00e+00
 1.39238e+13	5.39e-18	4.62e-09	1.00e+00
 1.43455e+13	5.93e-18	4.95e-09	1.00e+00
 1.47995e+13	6.56e-18	5.32e-09	1.00e+00
 1.53721e+13	7.41e-18	5.81e-09	1.00e+00
 1.59480e+13	8.35e-18	6.33e-09	1.00e+00
 1.64318e+13	9.19e-18	6.78e-09	1.00e+00
 1.69471e+13	1.02e-17	7.28e-09	1.00e+00
 1.75980e+13	1.15e-17	7.95e-09	1.00e+00
 1.82800e+13	1.30e-17	8.68e-09	1.00e+00
 1.88939e+13	1.46e-17	9.37e-09	1.00e+00
 1.95644e+13	1.64e-17	1.01e-08	1.00e+00
 2.03573e+13	1.88e-17	1.11e-08	1.00e+00
 2.10872e+13	2.12e-17	1.20e-08	1.00e+00
 2.16843e+13	2.34e-17	1.28e-08	1.00e+00
 2.23307e+13	2.60e-17	1.37e-08	1.00e+00
 2.31649e+13	2.96e-17	1.49e-08	1.00e+00
 2.40549e+13	3.40e-17	1.62e-08	1.00e+00
 2.48271e+13	3.82e-17	1.74e-08	1.00e+00
 2.56346e+13	4.30e-17	1.87e-08	1.00e+00
 2.65154e+13	4.88e-17	2.01e-08	1.00e+00
 2.73170e+13	5.46e-17	2.15e-08	1.00e+00
 2.81848e+13	6.14e-17	2.30e-08	1.00e+00
 2.92638e+13	7.09e-17	2.49e-08	1.00e+00
 3.03497e+13	8.15e-17	2.70e-08	1.00e+00
 3.12915e+13	9.18e-17	2.88e-08	1.00e+00
 3.23132e+13	1.04e-16	3.08e-08	1.00e+00
 3.35634e+13	1.20e-16	3.34e-08	1.00e+00
 3.48474e+13	1.39e-16	3.62e-08	1.00e+00
 3.60284e+13	1.59e-16	3.89e-08	1.00e+00
 3.73391e+13	1.83e-16	4.19e-08	1.00e+00
 3.87621e+13	2.12e-16	4.53e-08	1.00e+00
 4.00474e+13	2.41e-16	4.85e-08	1.00e+00
 4.14347e+13	2.75e-16	5.21e-08	1.00e+00
 4.30781e+13	3.21e-16	5.65e-08	1.00e+00
 4.46913e+13	3.72e-16	6.10e-08	1.00e+00
 4.60643e+13	4.19e-16	6.50e-08	1.00e+00
 4.72416e+13	4.63e-16	6.85e-08	1.00e+00
 4.85253e+13	5.15e-16	7.23e-08	1.00e+00
 5.01942e+13	5.89e-16	7.76e-08	1.00e+00
 5.19176e+13	6.74e-16	8.33e-08	1.00e+00
 5.33531e+13	7.51e-16	8.82e-08	1.00e+00
 5.48603e+13	8.39e-16	9.34e-08	1.00e+00
 5.68196e+13	9.66e-16	1.00e-07	1.00e+00
 5.88669e+13	1.11e-15	1.08e-07	1.00e+00
 6.06116e+13	1.25e-15	1.15e-07	1.00e+00
 6.24628e+13	1.41e-15	1.22e-07	1.00e+00
 6.47943e+13	1.63e-15	1.32e-07	1.00e+00
 6.71926e+13	1.89e-15	1.42e-07	1.00e+00
 6.92857e+13	2.13e-15	1.52e-07	1.00e+00
 7.15392e+13	2.43e-15	1.62e-07	1.00e+00
 7.42842e+13	2.82e-15	1.75e-07	1.00e+00
 7.70216e+13	3.26e-15	1.89e-07	1.00e+00
 7.94386e+13	3.69e-15	2.01e-07	1.00e+00
 8.20854e+13	4.21e-15	2.15e-07	1.00e+00
 8.52680e+13	4.91e-15	2.33e-07	1.00e+00
 8.84400e+13	5.69e-15	2.52e-07	1.00e+00
 9.13112e+13	6.46e-15	2.69e-07	1.00e+00
 9.44982e+13	7.42e-15	2.89e-07	1.00e+00
 9.82406e+13	8.67e-15	3.13e-07	1.00e+00
 1.01937e+14	1.01e-14	3.37e-07	1.00e+00
 1.05402e+14	1.15e-14	3.61e-07	1.00e+00
 1.09269e+14	1.33e-14	3.89e-07	1.00e+00
 1.13504e+14	1.54e-14	4.21e-07	1.00e+00
 1.17297e+14	1.76e-14	4.50e-07	1.00e+00
 1.20401e+14	1.95e-14	4.75e-07	1.00e+00
 1.23596e+14	2.17e-14	5.01e-07	1.00e+00
 1.27749e+14	2.47e-14	5.36e-07	1.00e+00
 1.32061e+14	2.82e-14	5.74e-07	1.00e+00
 1.35693e+14	3.13e-14	6.06e-07	1.00e+00
 1.39528e+14	3.50e-14	6.41e-07	1.00e+00
 1.44513e+14	4.02e-14	6.89e-07	1.00e+00
 1.49704e+14	4.61e-14	7.40e-07	1.00e+00
 1.54109e+14	5.16e-14	7.84e-07	1.00e+00
 1.58782e+14	5.80e-14	8.33e-07	1.00e+00
 1.64667e+14	6.68e-14	8.96e-07	1.00e+00
 1.70786e+14	7.70e-14	9.64e-07	1.00e+00
 1.76211e+14	8.68e-14	1.03e-06	1.00e+00
 1.82075e+14	9.85e-14	1.09e-06	1.00e+00
 1.89113e+14	1.14e-13	1.18e-06	1.00e+00
 1.96101e+14	1.31e-13	1.27e-06	1.00e+00
 2.02395e+14	1.48e-13	1.35e-06	1.00e+00
 2.09362e+14	1.68e-13	1.45e-06	1.00e+00
 2.17581e+14	1.94e-13	1.56e-06	1.00e+00
 2.25733e+14	2.24e-13	1.68e-06	1.00e+00
 2.33342e+14	2.53e-13	1.79e-06	1.00e+00
 2.41837e+14	2.90e-13	1.93e-06	1.00e+00
 2.51540e+14	3.37e-13	2.09e-06	1.00e+00
 2.61150e+14	3.87e-13	2.25e-06	1.00e+00
 2.69044e+14	4.33e-13	2.39e-06	1.00e+00
 2.75207e+14	4.71e-13	2.50e-06	1.00e+00
 2.81955e+14	5.16e-13	2.62e-06	1.00e+00
 2.90726e+14	5.78e-13	2.79e-06	1.00e+00
 3.00233e+14	6.52e-13	2.98e-06	1.00e+00
 3.08779e+14	7.24e-13	3.15e-06	1.00e+00
 3.17970e+14	8.07e-13	3.34e-06	1.00e+00
 3.29644e+14	9.22e-13	3.59e-06	1.00e+00
 3.41427e+14	1.05e-12	3.86e-06	1.00e+00
 3.51303e+14	1.17e-12	4.09e-06	1.00e+00
 3.61816e+14	1.30e-12	4.34e-06	1.00e+00
 3.75128e+14	1.49e-12	4.68e-06	1.00e+00
 3.88942e+14	1.70e-12	5.04e-06	1.00e+00
 4.01016e+14	1.90e-12	5.36e-06	1.00e+00
 4.13966e+14	2.14e-12	5.73e-06	1.00e+00
 4.29726e+14	2.45e-12	6.18e-06	1.00e+00
 4.45428e+14	2.80e-12	6.66e-06	1.00e+00
 4.59252e+14	3.13e-12	7.10e-06	1.00e+00
 4.74348e+14	3.52e-12	7.59e-06	1.00e+00
 4.92554e+14	4.05e-12	8.21e-06	1.00e+00
 5.10686e+14	4.62e-12	8.86e-06	1.00e+00
 5.26950e+14	5.19e-12	9.45e-06	1.00e+00
 5.44900e+14	5.87e-12	1.01e-05	1.00e+00
 5.66162e+14	6.76e-12	1.10e-05	1.00e+00
 5.87137e+14	7.73e-12	1.19e-05	1.00e+00
 6.06378e+14	8.71e-12	1.27e-05	1.00e+00
 6.24707e+14	9.72e-12	1.35e-05	1.00e+00
 6.45284e+14	1.10e-11	1.45e-05	1.00e+00
 6.68188e+14	1.25e-11	1.56e-05	1.00e+00
 6.87762e+14	1.39e-11	1.66e-05	1.00e+00
 7.03738e+14	1.51e-11	1.74e-05	1.00e+00
 7.21394e+14	1.66e-11	1.83e-05	1.00e+00
 7.44347e+14	1.86e-11	1.96e-05	1.00e+00
 7.68692e+14	2.10e-11	2.09e-05	1.00e+00
 7.89888e+14	2.32e-11	2.22e-05	1.00e+00
 8.12484e+14	2.58e-11	2.35e-05	1.00e+00
 8.41776e+14	2.95e-11	2.54e-05	1.00e+00
 8.71859e+14	3.36e-11	2.73e-05	1.00e+00
 8.96931e+14	3.74e-11	2.90e-05	1.00e+00
 9.23403e+14	4.18e-11	3.09e-05	1.00e+00
 9.57149e+14	4.78e-11	3.33e-05	1.00e+00
 9.92631e+14	5.49e-11	3.60e-05	1.00e+00
 1.02407e+15	6.18e-11	3.84e-05	1.00e+00
 1.05796e+15	7.00e-11	4.11e-05	1.00e+00
 1.09868e+15	8.10e-11	4.46e-05	1.00e+00
 1.13908e+15	9.31e-11	4.81e-05	1.00e+00
 1.17535e+15	1.05e-10	5.14e-05	1.00e+00
 1.21544e+15	1.20e-10	5.53e-05	1.00e+00
 1.26287e+15	1.39e-10	6.00e-05	1.00e+00
 1.30999e+15	1.61e-10	6.48e-05	1.00e+00
 1.35409e+15	1.83e-10	6.96e-05	1.00e+00
 1.39228e+15	2.05e-10	7.39e-05	1.00e+00
 1.42389e+15	2.24e-10	7.76e-05	1.00e+00
 1.45879e+15	2.47e-10	8.17e-05	1.00e+00
 1.50416e+15	2.80e-10	8.73e-05	1.00e+00
 1.55167e+15	3.17e-10	9.35e-05	1.00e+00
 1.59217e+15	3.53e-10	9.88e-05	1.00e+00
 1.63499e+15	3.94e-10	1.05e-04	1.00e+00
 1.69067e+15	4.53e-10	1.13e-04	1.00e+00
 1.74794e+15	5.20e-10	1.21e-04	1.00e+00
 1.79544e+15	5.81e-10	1.29e-04	1.00e+00
 1.84533e+15	6.53e-10	1.37e-04	1.00e+00
 1.91019e+15	7.57e-10	1.48e-04	1.00e+00
 1.97841e+15	8.80e-10	1.60e-04	1.00e+00
 2.03725e+15	9.98e-10	1.71e-04	1.00e+00
 2.09998e+15	1.14e-09	1.83e-04	1.00e+00
 2.17815e+15	1.34e-09	1.98e-04	1.00e+00
 2.25880e+15	1.57e-09	2.15e-04	1.00e+00
 2.33055e+15	1.80e-09	2.31e-04	1.00e+00
 2.40835e+15	2.08e-09	2.49e-04	1.00e+00
 2.50139e+15	2.46e-09	2.72e-04	1.00e+00
 2.59346e+15	2.89e-09	2.95e-04	1.00e+00
 2.67659e+15	3.33e-09	3.17e-04	1.00e+00
 2.76888e+15	3.88e-09	3.43e-04	1.00e+00
 2.85911e+15	4.48e-09	3.69e-04	1.00e+00
 2.92636e+15	4.98e-09	3.89e-04	1.00e+00
 2.99349e+15	5.51e-09	4.09e-04	1.00e+00
 3.08075e+15	6.27e-09	4.37e-04	1.00e+00
 3.17421e+15	7.18e-09	4.68e-04	1.00e+00
 3.25643e+15	8.06e-09	4.96e-04	1.00e+00
 3.34399e+15	9.08e-09	5.27e-04	9.99e-01
 3.45782e+15	1.06e-08	5.69e-04	9.99e-01
 3.57305e+15	1.22e-08	6.13e-04	9.99e-01
 3.66595e+15	1.37e-08	6.50e-04	9.99e-01
 3.76256e+15	1.54e-08	6.89e-04	9.99e-01
 3.88816e+15	1.78e-08	7.42e-04	9.99e-01
 4.02101e+15	2.07e-08	8.01e-04	9.99e-01
 4.13706e+15	2.35e-08	8.53e-04	9.99e-01
 4.26167e+15	2.68e-08	9.12e-04	9.99e-01
 4.41876e+15	3.15e-08	9.90e-04	9.99e-01
 4.58029e+15	3.69e-08	1.07e-03	9.99e-01
 4.72148e+15	4.20e-08	1.15e-03	9.99e-01
 4.87401e+15	4.83e-08	1.23e-03	9.99e-01
 5.05943e+15	5.68e-08	1.34e-03	9.99e-01
 5.24595e+15	6.63e-08	1.45e-03	9.99e-01
 5.38979e+15	7.42e-08	1.53e-03	9.98e-01
 5.49818e+15	8.07e-08	1.60e-03	9.98e-01
 5.61741e+15	8.86e-08	1.68e-03	9.98e-01
 5.77240e+15	9.98e-08	1.78e-03	9.98e-01
 5.94121e+15	1.13e-07	1.90e-03	9.98e-01
 6.09243e+15	1.25e-07	2.00e-03	9.98e-01
 6.25342e+15	1.40e-07	2.12e-03	9.98e-01
 6.46272e+15	1.62e-07	2.28e-03	9.98e-01
 6.67234e+15	1.85e-07	2.44e-03	9.98e-01
 6.83782e+15	2.05e-07	2.57e-03	9.97e-01
 7.00839e+15	2.27e-07	2.72e-03	9.97e-01
 7.23012e+15	2.60e-07	2.91e-03	9.97e-01
 7.46463e+15	2.96e-07	3.11e-03	9.97e-01
 7.66787e+15	3.30e-07	3.29e-03	9.97e-01
 7.88422e+15	3.72e-07	3.50e-03	9.96e-01
 8.16548e+15	4.31e-07	3.78e-03	9.96e-01
 8.44721e+15	4.94e-07	4.06e-03	9.96e-01
 8.67465e+15	5.50e-07	4.30e-03	9.96e-01
 8.91542e+15	6.17e-07	4.57e-03	9.95e-01
 9.22843e+15	7.13e-07	4.93e-03	9.95e-01
 9.51088e+15	7.99e-07	5.25e-03	9.95e-01
 9.70376e+15	8.65e-07	5.48e-03	9.95e-01
 9.90467e+15	9.43e-07	5.75e-03	9.94e-01
 1.01659e+16	1.05e-06	6.10e-03	9.94e-01
 1.04337e+16	1.17e-06	6.46e-03	9.94e-01
 1.06704e+16	1.28e-06	6.80e-03	9.93e-01
 1.09383e+16	1.42e-06	7.22e-03	9.93e-01
 1.12237e+16	1.58e-06	7.67e-03	9.92e-01
 1.14868e+16	1.73e-06	8.10e-03	9.92e-01
 1.17833e+16	1.94e-06	8.65e-03	9.91e-01
 1.20981e+16	2.16e-06	9.24e-03	9.91e-01
 1.23756e+16	2.38e-06	9.78e-03	9.90e-01
 1.26753e+16	2.66e-06	1.05e-02	9.90e-01
 1.29974e+16	2.97e-06	1.12e-02	9.89e-01
 1.32856e+16	3.28e-06	1.19e-02	9.88e-01
 1.35567e+16	3.61e-06	1.27e-02	9.87e-01
 1.38684e+16	4.05e-06	1.36e-02	9.86e-01
 1.42034e+16	4.56e-06	1.47e-02	9.85e-01
 1.45004e+16	5.06e-06	1.58e-02	9.84e-01
 1.47603e+16	5.56e-06	1.69e-02	9.83e-01
 1.50032e+16	6.10e-06	1.79e-02	9.82e-01
 1.52817e+16	6.86e-06	1.94e-02	9.81e-01
 1.55750e+16	7.67e-06	2.10e-02	9.79e-01
 1.58281e+16	8.51e-06	2.26e-02	9.77e-01
 1.60543e+16	9.42e-06	2.42e-02	9.76e-01
 1.62718e+16	1.03e-05	2.59e-02	9.74e-01
 1.65212e+16	1.18e-05	2.82e-02	9.72e-01
 1.67791e+16	1.33e-05	3.08e-02	9.69e-01
 1.69938e+16	1.47e-05	3.34e-02	9.67e-01
 1.72189e+16	1.65e-05	3.65e-02	9.64e-01
 1.74624e+16	1.89e-05	4.03e-02	9.60e-01
 1.76727e+16	2.18e-05	4.43e-02	9.56e-01
 1.78430e+16	2.41e-05	4.79e-02	9.52e-01
 1.80187e+16	2.73e-05	5.23e-02	9.48e-01
 1.82141e+16	3.09e-05	5.79e-02	9.42e-01
 1.83969e+16	3.58e-05	6.42e-02	9.36e-01
 1.85548e+16	4.08e-05	7.04e-02	9.30e-01
 1.86919e+16	4.51e-05	7.67e-02	9.23e-01
 1.88435e+16	5.15e-05	8.48e-02	9.15e-01
 1.90078e+16	6.13e-05	9.52e-02	9.05e-01
 1.91346e+16	6.90e-05	1.04e-01	8.95e-01
 1.92451e+16	7.66e-05	1.14e-01	8.86e-01
 1.93887e+16	8.93e-05	1.28e-01	8.72e-01
 1.95356e+16	1.06e-04	1.45e-01	8.54e-01
 1.96351e+16	1.21e-04	1.59e-01	8.41e-01
 1.96885e+16	1.29e-04	1.67e-01	8.33e-01
 1.97335e+16	1.36e-04	1.75e-01	8.25e-01
 1.97922e+16	1.47e-04	1.85e-01	8.15e-01
 1.98683e+16	1.63e-04	2.00e-01	8.00e-01
 1.99502e+16	1.82e-04	2.17e-01	7.83e-01
 2.00200e+16	2.03e-04	2.33e-01	7.67e-01
 2.00727e+16	2.18e-04	2.46e-01	7.54e-01
 2.01225e+16	2.34e-04	2.59e-01	7.40e-01
 2.01874e+16	2.59e-04	2.78e-01	7.21e-01
 2.02548e+16	2.84e-04	2.99e-01	7.01e-01
 2.03256e+16	3.16e-04	3.23e-01	6.77e-01
 2.03985e+16	3.53e-04	3.49e-01	6.51e-01
 2.04577e+16	3.88e-04	3.71e-01	6.28e-01
 2.05059e+16	4.17e-04	3.90e-01	6.09e-01
 2.05564e+16	4.49e-04	4.12e-01	5.88e-01
 2.06222e+16	4.99e-04	4.41e-01	5.59e-01
 2.06886e+16	5.49e-04	4.70e-01	5.30e-01
 2.07465e+16	5.97e-04	4.96e-01	5.03e-01
 2.08125e+16	6.57e-04	5.28e-01	4.72e-01
 2.08849e+16	7.25e-04	5.61e-01	4.38e-01
 2.09526e+16	7.92e-04	5.93e-01	4.07e-01
 2.10277e+16	8.74e-04	6.27e-01	3.72e-01
 2.11108e+16	9.66e-04	6.64e-01	3.35e-01
 2.11752e+16	1.04e-03	6.89e-01	3.10e-01
 2.12182e+16	1.09e-03	7.06e-01	2.93e-01
 2.12628e+16	1.14e-03	7.24e-01	2.75e-01
 2.13209e+16	1.21e-03	7.45e-01	2.53e-01
 2.13853e+16	1.29e-03	7.67e-01	2.31e-01
 2.14458e+16	1.37e-03	7.86e-01	2.13e-01
 2.15126e+16	1.46e-03	8.06e-01	1.92e-01
 2.15853e+16	1.56e-03	8.25e-01	1.73e-01
 2.16493e+16	1.64e-03	8.40e-01	1.58e-01
 2.17061e+16	1.73e-03	8.53e-01	1.45e-01
 2.17696e+16	1.82e-03	8.66e-01	1.32e-01
 2.18390e+16	1.92e-03	8.78e-01	1.20e-01
 2.19017e+16	2.02e-03	8.88e-01	1.10e-01
 2.19595e+16	2.12e-03	8.97e-01	1.01e-01
 2.20249e+16	2.23e-03	9.06e-01	9.19e-02
 2.20952e+16	2.36e-03	9.14e-01	8.34e-02
 2.21563e+16	2.48e-03	9.21e-01	7.69e-02
 2.22106e+16	2.59e-03	9.26e-01	7.14e-02
 2.22715e+16	2.72e-03	9.32e-01	6.57e-02
 2.23381e+16	2.87e-03	9.37e-01	6.02e-02
 2.23970e+16	3.02e-03	9.41e-01	5.58e-02
 2.24492e+16	3.16e-03	9.45e-01	5.23e-02
 2.25076e+16	3.33e-03	9.48e-01	4.84e-02
 2.25713e+16	3.53e-03	9.52e-01	4.47e-02
 2.26273e+16	3.72e-03	9.54e-01	4.18e-02
 2.26750e+16	3.90e-03	9.57e-01	3.95e-02
 2.27263e+16	4.10e-03	9.59e-01	3.71e-02
 2.27837e+16	4.35e-03	9.61e-01	3.46e-02
 2.28359e+16	4.61e-03	9.63e-01	3.26e-02
 2.28817e+16	4.85e-03	9.64e-01	3.09e-02
 2.29322e+16	5.14e-03	9.66e-01	2.91e-02
 2.29878e+16	5.50e-03	9.67e-01	2.73e-02
 2.30374e+16	5.86e-03	9.68e-01	2.59e-02
 2.30803e+16	6.20e-03	9.69e-01	2.47e-02
 2.31273e+16	6.61e-03	9.70e-01	2.34e-02
 2.31884e+16	7.21e-03	9.71e-01	2.18e-02
 2.32492e+16	7.94e-03	9.72e-01	2.05e-02
 2.32949e+16	8.59e-03	9.72e-01	1.95e-02
 2.33334e+16	9.20e-03	9.72e-01	1.87e-02
 2.33774e+16	9.97e-03	9.72e-01	1.78e-02
 2.34347e+16	1.11e-02	9.72e-01	1.68e-02
 2.34907e+16	1.26e-02	9.72e-01	1.58e-02
 2.35285e+16	1.39e-02	9.71e-01	1.53e-02
 2.35546e+16	1.48e-02	9.70e-01	1.49e-02
 2.35822e+16	1.59e-02	9.70e-01	1.45e-02
 2.36181e+16	1.76e-02	9.69e-01	1.39e-02
 2.36557e+16	1.97e-02	9.67e-01	1.34e-02
 2.36857e+16	2.18e-02	9.65e-01	1.30e-02
 2.37086e+16	2.37e-02	9.64e-01	1.27e-02
 2.37327e+16	2.59e-02	9.62e-01	1.24e-02
 2.37639e+16	2.91e-02	9.59e-01	1.21e-02
 2.37952e+16	3.33e-02	9.55e-01	1.18e-02
 2.38180e+16	3.72e-02	9.51e-01	1.16e-02
 2.38351e+16	4.05e-02	9.48e-01	1.14e-02
 2.38531e+16	4.43e-02	9.44e-01	1.13e-02
 2.38766e+16	5.01e-02	9.39e-01	1.11e-02
 2.39005e+16	5.76e-02	9.31e-01	1.10e-02
 2.39187e+16	6.47e-02	9.24e-01	1.09e-02
 2.39326e+16	7.07e-02	9.18e-01	1.09e-02
 2.39471e+16	7.78e-02	9.11e-01	1.08e-02
 2.39661e+16	8.83e-02	9.01e-01	1.08e-02
 2.39850e+16	1.01e-01	8.88e-01	1.09e-02
 2.39991e+16	1.13e-01	8.76e-01	1.09e-02
 2.40101e+16	1.23e-01	8.66e-01	1.10e-02
 2.40205e+16	1.34e-01	8.55e-01	1.11e-02
 2.40309e+16	1.46e-01	8.43e-01	1.12e-02
 2.40412e+16	1.58e-01	8.30e-01	1.13e-02
 2.40508e+16	1.71e-01	8.17e-01	1.14e-02
 2.40579e+16	1.82e-01	8.06e-01	1.15e-02
 2.40624e+16	1.89e-01	7.99e-01	1.16e-02
 2.40666e+16	1.96e-01	7.92e-01	1.16e-02
 2.40717e+16	2.05e-01	7.84e-01	1.17e-02
 2.40774e+16	2.15e-01	7.73e-01	1.17e-02
 2.40828e+16	2.25e-01	7.63e-01	1.18e-02
 2.40879e+16	2.35e-01	7.53e-01	1.19e-02
 2.40928e+16	2.45e-01	7.43e-01	1.19e-02
 2.40978e+16	2.56e-01	7.32e-01	1.20e-02
 2.41029e+16	2.67e-01	7.21e-01	1.21e-02
 2.41079e+16	2.79e-01	7.09e-01	1.21e-02
 2.41130e+16	2.91e-01	6.97e-01	1.22e-02
 2.41180e+16	3.04e-01	6.84e-01	1.22e-02
 2.41229e+16	3.17e-01	6.71e-01	1.23e-02
 2.41278e+16	3.30e-01	6.58e-01	1.23e-02
 2.41328e+16	3.44e-01	6.44e-01	1.23e-02
 2.41378e+16	3.58e-01	6.30e-01	1.24e-02
 2.41428e+16	3.73e-01	6.15e-01	1.24e-02
 2.41478e+16	3.88e-01	5.99e-01	1.24e-02
 2.41528e+16	4.04e-01	5.84e-01	1.24e-02
 2.41578e+16	4.20e-01	5.68e-01	1.23e-02
 2.41629e+16	4.36e-01	5.51e-01	1.23e-02
 2.41680e+16	4.53e-01	5.34e-01	1.23e-02
 2.41733e+16	4.71e-01	5.17e-01	1.22e-02
 2.41785e+16	4.89e-01	4.99e-01	1.21e-02
 2.41837e+16	5.07e-01	4.81e-01	1.20e-02
 2.41890e+16	5.25e-01	4.63e-01	1.18e-02
 2.41944e+16	5.44e-01	4.45e-01	1.17e-02
 2.41998e+16	5.62e-01	4.27e-01	1.15e-02
 2.42053e+16	5.80e-01	4.08e-01	1.13e-02
 2.42108e+16	5.98e-01	3.91e-01	1.11e-02
 2.42165e+16	6.17e-01	3.73e-01	1.09e-02
 2.42223e+16	6.35e-01	3.55e-01	1.06e-02
 2.42284e+16	6.52e-01	3.37e-01	1.03e-02
 2.42346e+16	6.70e-01	3.20e-01	1.00e-02
 2.42412e+16	6.88e-01	3.03e-01	9.69e-03
 2.42482e+16	7.05e-01	2.86e-01	9.35e-03
 2.42557e+16	7.22e-01	2.69e-01	8.98e-03
 2.42639e+16	7.38e-01	2.53e-01	8.61e-03
 2.42728e+16	7.53e-01	2.38e-01	8.23e-03
 2.42828e+16	7.68e-01	2.24e-01	7.85e-03
 2.42942e+16	7.82e-01	2.11e-01	7.46e-03
 2.43063e+16	7.93e-01	2.00e-01	7.11e-03
 2.43182e+16	8.02e-01	1.91e-01	6.82e-03
 2.43301e+16	8.09e-01	1.85e-01	6.59e-03
 2.43419e+16	8.14e-01	1.80e-01	6.39e-03
 2.43554e+16	8.19e-01	1.75e-01	6.18e-03
 2.43729e+16	8.24e-01	1.70e-01	5.97e-03
 2.43957e+16	8.28e-01	1.66e-01	5.73e-03
 2.44254e+16	8.33e-01	1.61e-01	5.48e-03
 2.44640e+16	8.38e-01	1.57e-01	5.19e-03
 2.45141e+16	8.43e-01	1.52e-01	4.84e-03
 2.45793e+16	8.50e-01	1.46e-01	4.44e-03
 2.46533e+16	8.56e-01	1.40e-01	4.05e-03
 2.47259e+16	8.62e-01	1.34e-01	3.70e-03
 2.47962e+16	8.68e-01	1.29e-01	3.40e-03
 2.48667e+16	8.73e-01	1.24e-01	3.12e-03
 2.49385e+16	8.78e-01	1.19e-01	2.86e-03
 2.50110e+16	8.83e-01	1.14e-01	2.63e-03
 2.50695e+16	8.86e-01	1.11e-01	2.47e-03
 2.51086e+16	8.89e-01	1.09e-01	2.36e-03
 2.51440e+16	8.91e-01	1.07e-01	2.27e-03
 2.51824e+16	8.93e-01	1.05e-01	2.17e-03
 2.52226e+16	8.96e-01	1.02e-01	2.07e-03
 2.52617e+16	8.98e-01	1.00e-01	1.98e-03
 2.52987e+16	9.00e-01	9.84e-02	1.90e-03
 2.53346e+16	9.02e-01	9.65e-02	1.83e-03
 2.53700e+16	9.03e-01	9.48e-02	1.76e-03
 2.54050e+16	9.05e-01	9.30e-02	1.69e-03
 2.54397e+16	9.07e-01	9.14e-02	1.63e-03
 2.54738e+16	9.09e-01	8.98e-02	1.57e-03
 2.55074e+16	9.10e-01	8.82e-02	1.51e-03
 2.55404e+16	9.12e-01	8.67e-02	1.46e-03
 2.55729e+16	9.13e-01	8.53e-02	1.40e-03
 2.56050e+16	9.15e-01	8.39e-02	1.36e-03
 2.56367e+16	9.16e-01	8.26e-02	1.31e-03
 2.56680e+16	9.17e-01	8.13e-02	1.27e-03
 2.56990e+16	9.19e-01	8.00e-02	1.23e-03
 2.57297e+16	9.20e-01	7.88e-02	1.19e-03
 2.57603e+16	9.21e-01	7.76e-02	1.15e-03
 2.57908e+16	9.22e-01	7.64e-02	1.11e-03
 2.58211e+16	9.24e-01	7.52e-02	1.07e-03
 2.58514e+16	9.25e-01	7.41e-02	1.04e-03
 2.58817e+16	9.26e-01	7.30e-02	1.01e-03
 2.59122e+16	9.27e-01	7.19e-02	9.76e-04
 2.59429e+16	9.28e-01	7.08e-02	9.44e-04
 2.59740e+16	9.29e-01	6.97e-02	9.14e-04
 2.60057e+16	9.30e-01	6.86e-02	8.84e-04
 2.60384e+16	9.32e-01	6.75e-02	8.53e-04
 2.60727e+16	9.33e-01	6.64e-02	8.23e-04
 2.61085e+16	9.34e-01	6.52e-02	7.92e-04
 2.61461e+16	9.35e-01	6.40e-02	7.62e-04
 2.61862e+16	9.37e-01	6.27e-02	7.30e-04
 2.62297e+16	9.38e-01	6.14e-02	6.97e-04
 2.62783e+16	9.39e-01	5.99e-02	6.62e-04
 2.63342e+16	9.41e-01	5.83e-02	6.24e-04
 2.63934e+16	9.43e-01	5.66e-02	5.87e-04
 2.64501e+16	9.44e-01	5.51e-02	5.53e-04
 2.65028e+16	9.46e-01	5.37e-02	5.24e-04
 2.65508e+16	9.47e-01	5.25e-02	4.99e-04
 2.65945e+16	9.48e-01	5.14e-02	4.78e-04
 2.66343e+16	9.49e-01	5.04e-02	4.59e-04
 2.66705e+16	9.50e-01	4.95e-02	4.42e-04
 2.67034e+16	9.51e-01	4.88e-02	4.28e-04
 2.67395e+16	9.52e-01	4.79e-02	4.11e-04
 2.67785e+16	9.53e-01	4.70e-02	3.95e-04
 2.68139e+16	9.53e-01	4.61e-02	3.80e-04
 2.68462e+16	9.54e-01	4.54e-02	3.68e-04
 2.68755e+16	9.55e-01	4.47e-02	3.56e-04
 2.69023e+16	9.55e-01	4.42e-02	3.47e-04
 2.69315e+16	9.56e-01	4.35e-02	3.36e-04
 2.69631e+16	9.57e-01	4.28e-02	3.25e-04
 2.69919e+16	9.57e-01	4.22e-02	3.16e-04
 2.70181e+16	9.58e-01	4.16e-02	3.06e-04
 2.70467e+16	9.59e-01	4.11e-02	2.97e-04
 2.70777e+16	9.59e-01	4.04e-02	2.87e-04
 2.71059e+16	9.60e-01	3.98e-02	2.78e-04
 2.71315e+16	9.60e-01	3.93e-02	2.71e-04
 2.71596e+16	9.61e-01	3.87e-02	2.62e-04
 2.71899e+16	9.62e-01	3.80e-02	2.54e-04
 2.72175e+16	9.62e-01	3.75e-02	2.46e-04
 2.72427e+16	9.63e-01	3.70e-02	2.39e-04
 2.72655e+16	9.63e-01	3.66e-02	2.33e-04
 2.72906e+16	9.64e-01	3.60e-02	2.26e-04
 2.73176e+16	9.64e-01	3.55e-02	2.20e-04
 2.73422e+16	9.65e-01	3.50e-02	2.14e-04
 2.73646e+16	9.65e-01	3.46e-02	2.08e-04
 2.73891e+16	9.66e-01	3.41e-02	2.02e-04
 2.74156e+16	9.66e-01	3.36e-02	1.96e-04
 2.74397e+16	9.67e-01	3.32e-02	1.91e-04
 2.74617e+16	9.67e-01	3.28e-02	1.86e-04
 2.74857e+16	9.67e-01	3.23e-02	1.81e-04
 2.75116e+16	9.68e-01	3.19e-02	1.76e-04
 2.75353e+16	9.68e-01	3.15e-02	1.71e-04
 2.75567e+16	9.69e-01	3.11e-02	1.67e-04
 2.75803e+16	9.69e-01	3.07e-02	1.62e-04
 2.76057e+16	9.70e-01	3.02e-02	1.58e-04
 2.76288e+16	9.70e-01	2.98e-02	1.54e-04
 2.76499e+16	9.70e-01	2.95e-02	1.50e-04
 2.76730e+16	9.71e-01	2.91e-02	1.46e-04
 2.76979e+16	9.71e-01	2.87e-02	1.42e-04
 2.77205e+16	9.72e-01	2.84e-02	1.38e-04
 2.77454e+16	9.72e-01	2.79e-02	1.34e-04
 2.77722e+16	9.72e-01	2.75e-02	1.30e-04
 2.77966e+16	9.73e-01	2.72e-02	1.27e-04
 2.78188e+16	9.73e-01	2.68e-02	1.24e-04
 2.78431e+16	9.73e-01	2.65e-02	1.20e-04
 2.78694e+16	9.74e-01	2.61e-02	1.17e-04
 2.78933e+16	9.74e-01	2.57e-02	1.14e-04
 2.79194e+16	9.75e-01	2.54e-02	1.10e-04
 2.79477e+16	9.75e-01	2.50e-02	1.07e-04
 2.79735e+16	9.75e-01	2.46e-02	1.04e-04
 2.80016e+16	9.76e-01	2.43e-02	1.01e-04
 2.80321e+16	9.76e-01	2.39e-02	9.79e-05
 2.80598e+16	9.76e-01	2.35e-02	9.51e-05
 2.80850e+16	9.77e-01	2.32e-02	9.27e-05
 2.81126e+16	9.77e-01	2.29e-02	8.98e-05
 2.81424e+16	9.77e-01	2.25e-02	8.71e-05
 2.81696e+16	9.78e-01	2.22e-02	8.48e-05
 2.81993e+16	9.78e-01	2.19e-02	8.21e-05
 2.82314e+16	9.78e-01	2.15e-02	7.94e-05
 2.82606e+16	9.79e-01	2.12e-02	7.72e-05
 2.82872e+16	9.79e-01	2.09e-02	7.51e-05
 2.83163e+16	9.79e-01	2.06e-02	7.28e-05
 2.83478e+16	9.80e-01	2.03e-02	7.06e-05
 2.83764e+16	9.80e-01	2.00e-02	6.86e-05
 2.84077e+16	9.80e-01	1.97e-02	6.64e-05
 2.84416e+16	9.81e-01	1.93e-02	6.42e-05
 2.84724e+16	9.81e-01	1.90e-02	6.24e-05
 2.85061e+16	9.81e-01	1.87e-02	6.02e-05
 2.85426e+16	9.82e-01	1.84e-02	5.81e-05
 2.85757e+16	9.82e-01	1.81e-02	5.64e-05
 2.86059e+16	9.82e-01	1.78e-02	5.48e-05
 2.86390e+16	9.82e-01	1.75e-02	5.30e-05
 2.86747e+16	9.83e-01	1.73e-02	5.12e-05
 2.87072e+16	9.83e-01	1.70e-02	4.97e-05
 2.87428e+16	9.83e-01	1.67e-02	4.80e-05
 2.87812e+16	9.84e-01	1.64e-02	4.64e-05
 2.88162e+16	9.84e-01	1.61e-02	4.49e-05
 2.88545e+16	9.84e-01	1.58e-02	4.33e-05
 2.88959e+16	9.84e-01	1.55e-02	4.17e-05
 2.89335e+16	9.85e-01	1.53e-02	4.03e-05
 2.89748e+16	9.85e-01	1.50e-02	3.88e-05
 2.90193e+16	9.85e-01	1.47e-02	3.73e-05
 2.90599e+16	9.86e-01	1.44e-02	3.60e-05
 2.90968e+16	9.86e-01	1.42e-02	3.49e-05
 2.91372e+16	9.86e-01	1.39e-02	3.36e-05
 2.91808e+16	9.86e-01	1.37e-02	3.24e-05
 2.92205e+16	9.87e-01	1.35e-02	3.13e-05
 2.92640e+16	9.87e-01	1.32e-02	3.01e-05
 2.93110e+16	9.87e-01	1.29e-02	2.90e-05
 2.93537e+16	9.87e-01	1.27e-02	2.80e-05
 2.94006e+16	9.88e-01	1.24e-02	2.68e-05
 2.94512e+16	9.88e-01	1.22e-02	2.57e-05
 2.94972e+16	9.88e-01	1.20e-02	2.48e-05
 2.95476e+16	9.88e-01	1.17e-02	2.38e-05
 2.96020e+16	9.89e-01	1.14e-02	2.28e-05
 2.96516e+16	9.89e-01	1.12e-02	2.19e-05
 2.97059e+16	9.89e-01	1.10e-02	2.09e-05
 2.97645e+16	9.89e-01	1.07e-02	2.00e-05
 2.98178e+16	9.89e-01	1.05e-02	1.92e-05
 2.98762e+16	9.90e-01	1.02e-02	1.83e-05
 2.99393e+16	9.90e-01	1.00e-02	1.75e-05
 2.99967e+16	9.90e-01	9.79e-03	1.67e-05
 3.00597e+16	9.90e-01	9.54e-03	1.59e-05
 3.01276e+16	9.91e-01	9.30e-03	1.51e-05
 3.01894e+16	9.91e-01	9.10e-03	1.45e-05
 3.02571e+16	9.91e-01	8.86e-03	1.37e-05
 3.03302e+16	9.91e-01	8.63e-03	1.30e-05
 3.03968e+16	9.92e-01	8.43e-03	1.24e-05
 3.04573e+16	9.92e-01	8.25e-03	1.19e-05
 3.05236e+16	9.92e-01	8.05e-03	1.14e-05
 3.05953e+16	9.92e-01	7.84e-03	1.08e-05
 3.06605e+16	9.92e-01	7.67e-03	1.03e-05
 3.07319e+16	9.93e-01	7.47e-03	9.82e-06
 3.08090e+16	9.93e-01	7.28e-03	9.33e-06
 3.08792e+16	9.93e-01	7.11e-03	8.91e-06
 3.09561e+16	9.93e-01	6.92e-03	8.44e-06
 3.10391e+16	9.93e-01	6.73e-03	7.99e-06
 3.11146e+16	9.93e-01	6.57e-03	7.61e-06
 3.11974e+16	9.94e-01	6.38e-03	7.19e-06
 3.12867e+16	9.94e-01	6.20e-03	6.79e-06
 3.13681e+16	9.94e-01	6.04e-03	6.45e-06
 3.14572e+16	9.94e-01	5.86e-03	6.08e-06
 3.15534e+16	9.94e-01	5.68e-03	5.73e-06
 3.16588e+16	9.95e-01	5.49e-03	5.34e-06
 3.17855e+16	9.95e-01	5.27e-03	4.93e-06
 3.19224e+16	9.95e-01	5.05e-03	4.53e-06
 3.20654e+16	9.95e-01	4.83e-03	4.15e-06
 3.22147e+16	9.95e-01	4.62e-03	3.80e-06
 3.23696e+16	9.96e-01	4.41e-03	3.47e-06
 3.25302e+16	9.96e-01	4.20e-03	3.15e-06
 3.26950e+16	9.96e-01	4.00e-03	2.87e-06
 3.28622e+16	9.96e-01	3.81e-03	2.61e-06
 3.30320e+16	9.96e-01	3.63e-03	2.37e-06
 3.32047e+16	9.97e-01	3.46e-03	2.15e-06
 3.33809e+16	9.97e-01	3.30e-03	1.95e-06
 3.35603e+16	9.97e-01	3.14e-03	1.77e-06
 3.37427e+16	9.97e-01	2.98e-03	1.61e-06
 3.39283e+16	9.97e-01	2.84e-03	1.45e-06
 3.41171e+16	9.97e-01	2.70e-03	1.32e-06
 3.43093e+16	9.97e-01	2.56e-03	1.19e-06
 3.45014e+16	9.98e-01	2.44e-03	1.08e-06
 3.46963e+16	9.98e-01	2.32e-03	9.75e-07
 3.48989e+16	9.98e-01	2.20e-03	8.79e-07
 3.51060e+16	9.98e-01	2.08e-03	7.91e-07
 3.53158e+16	9.98e-01	1.98e-03	7.12e-07
 3.55289e+16	9.98e-01	1.87e-03	6.40e-07
 3.57460e+16	9.98e-01	1.77e-03	5.75e-07
 3.59672e+16	9.98e-01	1.68e-03	5.15e-07
 3.61925e+16	9.98e-01	1.59e-03	4.62e-07
 3.64220e+16	9.98e-01	1.50e-03	4.13e-07
 3.66559e+16	9.99e-01	1.42e-03	3.69e-07
 3.68943e+16	9.99e-01	1.34e-03	3.29e-07
 3.71374e+16	9.99e-01	1.26e-03	2.93e-07
 3.73855e+16	9.99e-01	1.19e-03	2.61e-07
 3.76386e+16	9.99e-01	1.12e-03	2.31e-07
 3.78971e+16	9.99e-01	1.05e-03	2.05e-07
 3.81611e+16	9.99e-01	9.90e-04	1.81e-07
 3.84309e+16	9.99e-01	9.30e-04	1.60e-07
 3.87068e+16	9.99e-01	8.72e-04	1.41e-07
 3.89891e+16	9.99e-01	8.17e-04	1.24e-07
 3.92782e+16	9.99e-01	7.64e-04	1.08e-07
 3.95744e+16	9.99e-01	7.14e-04	9.47e-08
 3.98782e+16	9.99e-01	6.66e-04	8.25e-08
 4.01903e+16	9.99e-01	6.21e-04	7.18e-08
 4.05065e+16	9.99e-01	5.78e-04	6.23e-08
 4.08308e+16	9.99e-01	5.37e-04	5.39e-08
 4.11689e+16	1.00e+00	4.98e-04	4.63e-08
 4.15195e+16	1.00e+00	4.60e-04	3.96e-08
 4.18835e+16	1.00e+00	4.25e-04	3.37e-08
 4.22606e+16	1.00e+00	3.90e-04	2.85e-08
 4.26517e+16	1.00e+00	3.58e-04	2.40e-08
 4.30587e+16	1.00e+00	3.27e-04	2.01e-08
 4.34837e+16	1.00e+00	2.98e-04	1.67e-08
 4.39287e+16	1.00e+00	2.70e-04	1.37e-08
 4.43966e+16	1.00e+00	2.44e-04	1.12e-08
 4.48914e+16	1.00e+00	2.19e-04	9.01e-09
 4.54160e+16	1.00e+00	1.95e-04	7.17e-09
 4.59770e+16	1.00e+00	1.73e-04	5.62e-09
 4.65799e+16	1.00e+00	1.52e-04	4.33e-09
 4.72280e+16	1.00e+00	1.32e-04	3.28e-09
 4.79331e+16	1.00e+00	1.13e-04	2.42e-09
 4.87113e+16	1.00e+00	9.60e-05	1.74e-09
 4.95822e+16	1.00e+00	7.97e-05	1.20e-09
 5.05983e+16	1.00e+00	6.42e-05	7.78e-10
 5.17638e+16	1.00e+00	5.04e-05	4.81e-10
 5.29869e+16	1.00e+00	3.93e-05	2.93e-10
 5.41921e+16	1.00e+00	3.09e-05	1.81e-10
 5.53758e+16	1.00e+00	2.44e-05	1.14e-10
 5.65703e+16	1.00e+00	1.93e-05	7.13e-11
 5.77887e+16	1.00e+00	1.53e-05	4.47e-11
 5.90306e+16	1.00e+00	1.21e-05	2.80e-11
 6.02928e+16	1.00e+00	9.56e-06	1.76e-11
 6.15777e+16	1.00e+00	7.57e-06	1.11e-11
 6.28936e+16	1.00e+00	5.98e-06	6.92e-12
 6.42359e+16	1.00e+00	4.72e-06	4.32e-12
 6.55952e+16	1.00e+00	3.74e-06	2.72e-12
 6.69843e+16	1.00e+00	2.97e-06	1.71e-12
 6.84265e+16	1.00e+00	2.34e-06	1.07e-12
 6.99184e+16	1.00e+00	1.84e-06	6.65e-13
 7.14487e+16	1.00e+00	1.45e-06	4.12e-13
 7.30176e+16	1.00e+00	1.14e-06	2.55e-13
 7.46343e+16	1.00e+00	8.94e-07	1.57e-13
 7.63120e+16	1.00e+00	6.99e-07	9.63e-14
 7.80585e+16	1.00e+00	5.44e-07	5.84e-14
 7.98773e+16	1.00e+00	4.22e-07	3.51e-14
 8.17781e+16	1.00e+00	3.25e-07	2.09e-14
 8.37789e+16	1.00e+00	2.49e-07	1.22e-14
 8.59010e+16	1.00e+00	1.88e-07	7.04e-15
 8.81705e+16	1.00e+00	1.41e-07	3.95e-15
 9.06262e+16	1.00e+00	1.04e-07	2.14e-15
 9.32244e+16	1.00e+00	7.59e-08	1.15e-15
 9.58542e+16	1.00e+00	5.58e-08	6.19e-16
 9.84745e+16	1.00e+00	4.13e-08	3.41e-16
 1.01098e+17	1.00e+00	3.08e-08	1.90e-16
 1.03731e+17	1.00e+00	2.32e-08	1.07e-16
 1.06362e+17	1.00e+00	1.75e-08	6.12e-17
 1.08978e+17	1.00e+00	1.33e-08	3.55e-17
 1.11564e+17	1.00e+00	1.02e-08	2.10e-17
 1.14109e+17	1.00e+00	7.94e-09	1.26e-17
 1.16604e+17	1.00e+00	6.21e-09	7.75e-18
 1.19040e+17	1.00e+00	4.92e-09	4.85e-18
 1.21409e+17	1.00e+00	3.93e-09	3.10e-18
 1.23700e+17	1.00e+00	3.18e-09	2.03e-18
 1.25908e+17	1.00e+00	2.59e-09	1.35e-18
 1.28032e+17	1.00e+00	2.14e-09	9.23e-19
 1.30071e+17	1.00e+00	1.79e-09	6.43e-19
 1.32024e+17	1.00e+00	1.50e-09	4.56e-19
 1.33890e+17	1.00e+00	1.28e-09	3.30e-19
 1.35669e+17	1.00e+00	1.10e-09	2.43e-19
 1.37363e+17	1.00e+00	9.51e-10	1.83e-19
 1.38974e+17	1.00e+00	8.31e-10	1.39e-19
 1.40505e+17	1.00e+00	7.31e-10	1.08e-19
 1.41959e+17	1.00e+00	6.48e-10	8.50e-20
 1.43341e+17	1.00e+00	5.79e-10	6.78e-20
 1.44651e+17	1.00e+00	5.20e-10	5.48e-20
 1.45895e+17	1.00e+00	4.71e-10	4.48e-20
 1.47076e+17	1.00e+00	4.28e-10	3.71e-20
 1.48195e+17	1.00e+00	3.92e-10	3.11e-20
 1.49256e+17	1.00e+00	3.60e-10	2.63e-20
 1.50262e+17	1.00e+00	3.33e-10	2.24e-20
 1.51217e+17	1.00e+00	3.09e-10	1.93e-20
 1.52124e+17	1.00e+00	2.88e-10	1.68e-20
 1.52985e+17	1.00e+00	2.69e-10	1.47e-20
 1.53802e+17	1.00e+00	2.53e-10	1.29e-20
 1.54578e+17	1.00e+00	2.38e-10	1.15e-20
 1.55315e+17	1.00e+00	2.25e-10	1.03e-20
 1.56016e+17	1.00e+00	2.13e-10	9.23e-21
 1.56682e+17	1.00e+00	2.03e-10	0.00e+00
 1.57316e+17	1.00e+00	1.93e-10	0.00e+00
 1.57920e+17	1.00e+00	1.85e-10	0.00e+00
 1.58493e+17	1.00e+00	1.77e-10	0.00e+00
 1.59040e+17	1.00e+00	1.70e-10	0.00e+00
 1.59561e+17	1.00e+00	1.63e-10	0.00e+00
 1.60058e+17	1.00e+00	1.58e-10	0.00e+00
 1.60533e+17	1.00e+00	1.52e-10	0.00e+00
 1.60986e+17	1.00e+00	1.47e-10	0.00e+00
 1.61419e+17	1.00e+00	1.42e-10	0.00e+00
 1.61834e+17	1.00e+00	1.38e-10	0.00e+00
 1.62231e+17	1.00e+00	1.34e-10	0.00e+00
 1.62611e+17	1.00e+00	1.30e-10	0.00e+00
 1.62976e+17	1.00e+00	1.27e-10	0.00e+00
 1.63328e+17	1.00e+00	1.24e-10	0.00e+00
 1.63666e+17	1.00e+00	1.21e-10	0.00e+00
 1.63992e+17	1.00e+00	1.18e-10	0.00e+00
 1.64306e+17	1.00e+00	1.15e-10	0.00e+00
 1.64611e+17	1.00e+00	1.13e-10	0.00e+00
 1.64906e+17	1.00e+00	1.10e-10	0.00e+00
 1.65194e+17	1.00e+00	1.08e-10	0.00e+00
 1.65474e+17	1.00e+00	1.06e-10	0.00e+00
 1.65748e+17	1.00e+00	1.04e-10	0.00e+00
 1.66017e+17	1.00e+00	1.02e-10	0.00e+00
 1.66282e+17	1.00e+00	9.98e-11	0.00e+00
 1.66544e+17	1.00e+00	9.79e-11	0.00e+00
 1.66805e+17	1.00e+00	9.61e-11	0.00e+00
 1.67066e+17	1.00e+00	9.43e-11	0.00e+00
 1.67328e+17	1.00e+00	9.26e-11	0.00e+00
 1.67594e+17	1.00e+00	9.08e-11	0.00e+00
 1.67865e+17	1.00e+00	8.92e-11	0.00e+00
 1.68145e+17	1.00e+00	8.73e-11	0.00e+00
 1.68436e+17	1.00e+00	8.56e-11	0.00e+00
 1.68744e+17	1.00e+00	8.36e-11	0.00e+00
 1.69072e+17	1.00e+00	8.18e-11	0.00e+00
 1.69429e+17	1.00e+00	7.96e-11	0.00e+00
 1.69824e+17	1.00e+00	7.75e-11	0.00e+00
 1.70270e+17	1.00e+00	7.50e-11	0.00e+00
 1.70788e+17	1.00e+00	7.23e-11	0.00e+00
 1.71407e+17	1.00e+00	6.91e-11	0.00e+00
 1.72170e+17	1.00e+00	6.55e-11	0.00e+00
 1.73148e+17	1.00e+00	6.10e-11	0.00e+00
 1.74418e+17	1.00e+00	5.56e-11	0.00e+00
 1.76070e+17	1.00e+00	4.95e-11	0.00e+00
 1.78218e+17	1.00e+00	4.26e-11	0.00e+00
 1.81009e+17	1.00e+00	3.51e-11	0.00e+00
 1.84638e+17	1.00e+00	2.75e-11	0.00e+00
 1.89356e+17	1.00e+00	2.01e-11	0.00e+00
 1.95154e+17	1.00e+00	1.40e-11	0.00e+00
 2.01479e+17	1.00e+00	9.60e-12	0.00e+00
 2.07957e+17	1.00e+00	6.81e-12	0.00e+00
 2.14560e+17	1.00e+00	4.99e-12	0.00e+00
 2.21194e+17	1.00e+00	3.81e-12	0.00e+00
 2.27829e+17	1.00e+00	3.05e-12	0.00e+00
 2.34463e+17	1.00e+00	2.55e-12	0.00e+00
 2.41098e+17	1.00e+00	2.21e-12	0.00e+00
 2.47732e+17	1.00e+00	1.97e-12	0.00e+00
 2.54366e+17	1.00e+00	1.80e-12	0.00e+00
 2.61001e+17	1.00e+00	1.68e-12	0.00e+00
 2.67635e+17	1.00e+00	1.58e-12	0.00e+00
 2.74269e+17	1.00e+00	1.51e-12	0.00e+00
 2.80904e+17	1.00e+00	1.44e-12	0.00e+00
 2.88533e+17	1.00e+00	1.38e-12	0.00e+00
 2.98452e+17	1.00e+00	1.11e-12	0.00e+00
 3.10139e+17	1.00e+00	7.72e-13	0.00e+00
 3.22545e+17	1.00e+00	6.24e-13	0.00e+00
 3.35446e+17	1.00e+00	5.41e-13	0.00e+00
 3.48864e+17	1.00e+00	4.69e-13	0.00e+00
 3.62819e+17	1.00e+00	4.02e-13	0.00e+00
 3.76460e+17	1.00e+00	3.39e-13	0.00e+00
 3.88497e+17	1.00e+00	3.47e-13	0.00e+00
 3.98758e+17	1.00e+00	3.93e-13	0.00e+00
 4.08031e+17	1.00e+00	4.24e-13	0.00e+00
 4.18431e+17	1.00e+00	4.11e-13	0.00e+00
 4.29883e+17	1.00e+00	2.76e-13	0.00e+00
 4.39166e+17	1.00e+00	2.43e-13	0.00e+00
 4.44617e+17	1.00e+00	2.94e-13	0.00e+00
 4.47081e+17	1.00e+00	3.53e-13	0.00e+00
 4.48218e+17	1.00e+00	3.81e-13	0.00e+00
 4.48880e+17	1.00e+00	3.96e-13	0.00e+00
 4.49298e+17	1.00e+00	4.05e-13	0.00e+00
 4.49640e+17	1.00e+00	4.10e-13	0.00e+00
 4.50040e+17	1.00e+00	4.15e-13	0.00e+00
 4.50543e+17	1.00e+00	4.20e-13	0.00e+00
 4.51064e+17	1.00e+00	4.24e-13	0.00e+00
 4.51479e+17	1.00e+00	4.27e-13	0.00e+00
 4.51792e+17	1.00e+00	4.29e-13	0.00e+00
 4.52070e+17	1.00e+00	4.31e-13	0.00e+00
 4.52356e+17	1.00e+00	4.32e-13	0.00e+00
 4.52666e+17	1.00e+00	4.33e-13	0.00e+00
 4.52990e+17	1.00e+00	4.33e-13	0.00e+00
 4.53284e+17	1.00e+00	4.34e-13	0.00e+00
 4.53526e+17	1.00e+00	4.34e-13	0.00e+00
 4.53734e+17	1.00e+00	4.34e-13	0.00e+00
 4.53936e+17	1.00e+00	4.34e-13	0.00e+00
 4.54160e+17	1.00e+00	4.34e-13	0.00e+00
 4.54412e+17	1.00e+00	4.33e-13	0.00e+00
 4.54641e+17	1.00e+00	4.33e-13	0.00e+00
 4.54818e+17	1.00e+00	4.32e-13	0.00e+00
 4.54973e+17	1.00e+00	4.32e-13	0.00e+00
 4.55144e+17	1.00e+00	4.32e-13	0.00e+00
 4.55346e+17	1.00e+00	4.31e-13	0.00e+00
 4.55548e+17	1.00e+00	4.30e-13	0.00e+00
 4.55720e+17	1.00e+00	4.29e-13	0.00e+00
 4.55867e+17	1.00e+00	4.28e-13	0.00e+00
 4.56018e+17	1.00e+00	4.28e-13	0.00e+00
 4.56182e+17	1.00e+00	4.26e-13	0.00e+00
 4.56350e+17	1.00e+00	4.25e-13	0.00e+00
 4.56516e+17	1.00e+00	4.24e-13	0.00e+00
 4.56675e+17	1.00e+00	4.23e-13	0.00e+00
 4.56833e+17	1.00e+00	4.22e-13	0.00e+00
 4.56991e+17	1.00e+00	4.21e-13	0.00e+00
 4.57143e+17	1.00e+00	4.19e-13	0.00e+00
 4.57292e+17	1.00e+00	4.18e-13	0.00e+00
 4.57451e+17	1.00e+00	4.17e-13	0.00e+00
 4.57619e+17	1.00e+00	4.15e-13	0.00e+00
 4.57785e+17	1.00e+00	4.14e-13	0.00e+00
 4.57946e+17	1.00e+00	4.12e-13	0.00e+00
 4.58111e+17	1.00e+00	4.11e-13	0.00e+00
 4.58281e+17	1.00e+00	4.09e-13	0.00e+00
 4.58456e+17	1.00e+00	4.07e-13	0.00e+00
 4.58632e+17	1.00e+00	4.05e-13	0.00e+00
 4.58808e+17	1.00e+00	4.03e-13	0.00e+00
 4.58998e+17	1.00e+00	4.01e-13	0.00e+00
 4.59203e+17	1.00e+00	3.99e-13	0.00e+00
 4.59402e+17	1.00e+00	3.96e-13	0.00e+00
 4.59584e+17	1.00e+00	3.94e-13	0.00e+00
 4.59771e+17	1.00e+00	3.92e-13	0.00e+00
 4.59978e+17	1.00e+00	3.90e-13	0.00e+00
 4.60197e+17	1.00e+00	3.87e-13	0.00e+00
 4.60429e+17	1.00e+00	3.84e-13	0.00e+00
 4.60661e+17	1.00e+00	3.81e-13	0.00e+00
 4.60880e+17	1.00e+00	3.78e-13	0.00e+00
 4.61106e+17	1.00e+00	3.75e-13	0.00e+00
 4.61354e+17	1.00e+00	3.72e-13	0.00e+00
 4.61620e+17	1.00e+00	3.68e-13	0.00e+00
 4.61876e+17	1.00e+00	3.64e-13	0.00e+00
 4.62126e+17	1.00e+00	3.61e-13	0.00e+00
 4.62392e+17	1.00e+00	3.57e-13	0.00e+00
 4.62680e+17	1.00e+00	3.53e-13	0.00e+00
 4.62990e+17	1.00e+00	3.49e-13	0.00e+00
 4.63302e+17	1.00e+00	3.44e-13	0.00e+00
 4.63605e+17	1.00e+00	3.40e-13	0.00e+00
 4.63905e+17	1.00e+00	3.36e-13	0.00e+00
 4.64217e+17	1.00e+00	3.31e-13	0.00e+00
 4.64552e+17	1.00e+00	3.26e-13	0.00e+00
 4.64900e+17	1.00e+00	3.21e-13	0.00e+00
 4.65258e+17	1.00e+00	3.16e-13	0.00e+00
 4.65623e+17	1.00e+00	3.11e-13	0.00e+00
 4.65994e+17	1.00e+00	3.05e-13	0.00e+00
 4.66381e+17	1.00e+00	2.99e-13	0.00e+00
 4.66777e+17	1.00e+00	2.93e-13	0.00e+00
 4.67183e+17	1.00e+00	2.88e-13	0.00e+00
 4.67609e+17	1.00e+00	2.81e-13	0.00e+00
 4.68045e+17	1.00e+00	2.75e-13	0.00e+00
 4.68462e+17	1.00e+00	2.69e-13	0.00e+00
 4.68899e+17	1.00e+00	2.63e-13	0.00e+00
 4.69393e+17	1.00e+00	2.56e-13	0.00e+00
 4.69886e+17	1.00e+00	2.48e-13	0.00e+00
 4.70361e+17	1.00e+00	2.42e-13	0.00e+00
 4.70838e+17	1.00e+00	2.35e-13	0.00e+00
 4.71340e+17	1.00e+00	2.28e-13	0.00e+00
 4.71877e+17	1.00e+00	2.21e-13	0.00e+00
 4.72426e+17	1.00e+00	2.13e-13	0.00e+00
 4.72969e+17	1.00e+00	2.06e-13	0.00e+00
 4.73505e+17	1.00e+00	1.99e-13	0.00e+00
 4.74056e+17	1.00e+00	1.92e-13	0.00e+00
 4.74645e+17	1.00e+00	1.84e-13	0.00e+00
 4.75261e+17	1.00e+00	1.77e-13	0.00e+00
 4.75872e+17	1.00e+00	1.69e-13	0.00e+00
 4.76473e+17	1.00e+00	1.62e-13	0.00e+00
 4.77083e+17	1.00e+00	1.55e-13	0.00e+00
 4.77735e+17	1.00e+00	1.48e-13	0.00e+00
 4.78424e+17	1.00e+00	1.40e-13	0.00e+00
 4.79101e+17	1.00e+00	1.32e-13	0.00e+00
 4.79763e+17	1.00e+00	1.25e-13	0.00e+00
 4.80443e+17	1.00e+00	1.19e-13	0.00e+00
 4.81167e+17	1.00e+00	1.12e-13	0.00e+00
 4.81932e+17	1.00e+00	1.05e-13	0.00e+00
 4.82705e+17	1.00e+00	9.75e-14	0.00e+00
 4.83479e+17	1.00e+00	9.08e-14	0.00e+00
 4.84268e+17	1.00e+00	8.44e-14	0.00e+00
 4.85078e+17	1.00e+00	7.81e-14	0.00e+00
 4.85870e+17	1.00e+00	7.20e-14	0.00e+00
 4.86560e+17	1.00e+00	6.67e-14	0.00e+00
 4.87133e+17	1.00e+00	6.26e-14	0.00e+00
 4.87637e+17	1.00e+00	5.92e-14	0.00e+00
 4.88132e+17	1.00e+00	5.64e-14	0.00e+00
 4.88636e+17	1.00e+00	5.34e-14	0.00e+00
 4.89130e+17	1.00e+00	5.06e-14	0.00e+00
 4.89586e+17	1.00e+00	4.79e-14	0.00e+00
 4.89999e+17	1.00e+00	4.57e-14	0.00e+00
 4.90388e+17	1.00e+00	4.37e-14	0.00e+00
 4.90770e+17	1.00e+00	4.18e-14	0.00e+00
 4.91149e+17	1.00e+00	4.00e-14	0.00e+00
 4.91518e+17	1.00e+00	3.82e-14	0.00e+00
 4.91867e+17	1.00e+00	3.66e-14	0.00e+00
 4.92198e+17	1.00e+00	3.52e-14	0.00e+00
 4.92515e+17	1.00e+00	3.38e-14	0.00e+00
 4.92826e+17	1.00e+00	3.25e-14	0.00e+00
 4.93131e+17	1.00e+00	3.12e-14	0.00e+00
 4.93426e+17	1.00e+00	3.00e-14	0.00e+00
 4.93709e+17	1.00e+00	2.89e-14	0.00e+00
 4.93981e+17	1.00e+00	2.79e-14	0.00e+00
 4.94245e+17	1.00e+00	2.69e-14	0.00e+00
 4.94503e+17	1.00e+00	2.59e-14	0.00e+00
 4.94754e+17	1.00e+00	2.50e-14	0.00e+00
 4.94996e+17	1.00e+00	2.41e-14	0.00e+00
 4.95229e+17	1.00e+00	2.33e-14	0.00e+00
 4.95457e+17	1.00e+00	2.25e-14	0.00e+00
 4.95680e+17	1.00e+00	2.18e-14	0.00e+00
 4.95898e+17	1.00e+00	2.11e-14	0.00e+00
 4.96111e+17	1.00e+00	2.03e-14	0.00e+00
 4.96353e+17	1.00e+00	1.97e-14	0.00e+00
 4.96667e+17	1.00e+00	1.89e-14	0.00e+00
 4.97076e+17	1.00e+00	1.78e-14	0.00e+00
 4.97607e+17	1.00e+00	1.65e-14	0.00e+00
 4.98298e+17	1.00e+00	1.49e-14	0.00e+00
 4.99192e+17	1.00e+00	1.30e-14	0.00e+00
 5.00303e+17	1.00e+00	1.08e-14	0.00e+00
 5.01402e+17	1.00e+00	8.62e-15	0.00e+00
 5.02198e+17	1.00e+00	7.15e-15	0.00e+00
 5.02711e+17	1.00e+00	6.36e-15	0.00e+00
 5.03131e+17	1.00e+00	5.87e-15	0.00e+00
