#depth	C	C+	C+2	C+3	C+4	C+5	C+6	C[1]	C[2]	C[3]	C+[1]	C+[2]	CO
 1.49634e+10	0.00e+00	0.00e+00	8.26e-28	2.86e-18	6.07e-08	5.46e-03	9.95e-01	0.00e+00	0.00e+00	0.00e+00	0.00e+00	0.00e+00	0.00e+00
 4.54887e+10	0.00e+00	1.06e-37	1.13e-27	3.63e-18	7.12e-08	5.91e-03	9.94e-01	0.00e+00	0.00e+00	0.00e+00	0.00e+00	0.00e+00	1.23e-238
 7.72350e+10	0.00e+00	0.00e+00	1.56e-27	4.60e-18	8.35e-08	6.39e-03	9.94e-01	0.00e+00	0.00e+00	0.00e+00	0.00e+00	0.00e+00	1.55e-231
 1.10251e+11	0.00e+00	2.33e-37	2.14e-27	5.84e-18	9.80e-08	6.91e-03	9.93e-01	0.00e+00	0.00e+00	0.00e+00	0.00e+00	0.00e+00	0.00e+00
 1.42947e+11	0.00e+00	0.00e+00	2.89e-27	7.33e-18	1.14e-07	7.45e-03	9.93e-01	0.00e+00	0.00e+00	0.00e+00	0.00e+00	0.00e+00	1.28e-259
 1.76950e+11	0.00e+00	4.97e-37	3.92e-27	9.22e-18	1.33e-07	8.03e-03	9.92e-01	0.00e+00	0.00e+00	0.00e+00	0.00e+00	0.00e+00	0.00e+00
 2.13955e+11	0.00e+00	0.00e+00	5.39e-27	1.17e-17	1.56e-07	8.68e-03	9.91e-01	0.00e+00	0.00e+00	0.00e+00	0.00e+00	0.00e+00	1.54e-229
 2.52440e+11	0.00e+00	1.10e-36	7.42e-27	1.49e-17	1.83e-07	9.39e-03	9.91e-01	0.00e+00	0.00e+00	0.00e+00	0.00e+00	0.00e+00	0.00e+00
 2.92464e+11	0.00e+00	0.00e+00	1.02e-26	1.89e-17	2.15e-07	1.02e-02	9.90e-01	0.00e+00	0.00e+00	0.00e+00	0.00e+00	0.00e+00	9.88e-229
 3.34090e+11	0.00e+00	2.45e-36	1.41e-26	2.41e-17	2.53e-07	1.10e-02	9.89e-01	0.00e+00	0.00e+00	0.00e+00	0.00e+00	0.00e+00	0.00e+00
 3.72590e+11	9.37e-47	3.49e-36	1.87e-26	2.98e-17	2.92e-07	1.18e-02	9.88e-01	0.00e+00	0.00e+00	0.00e+00	0.00e+00	0.00e+00	0.00e+00
 4.05971e+11	0.00e+00	0.00e+00	2.38e-26	3.57e-17	3.30e-07	1.25e-02	9.88e-01	0.00e+00	0.00e+00	0.00e+00	0.00e+00	0.00e+00	0.00e+00
 4.43002e+11	0.00e+00	6.52e-36	3.08e-26	4.34e-17	3.76e-07	1.33e-02	9.87e-01	0.00e+00	0.00e+00	0.00e+00	0.00e+00	0.00e+00	0.00e+00
 4.88175e+11	3.12e-46	9.55e-36	4.19e-26	5.47e-17	4.39e-07	1.43e-02	9.86e-01	0.00e+00	0.00e+00	0.00e+00	0.00e+00	0.00e+00	1.24e-140
 5.33930e+11	0.00e+00	0.00e+00	5.65e-26	6.85e-17	5.11e-07	1.54e-02	9.85e-01	0.00e+00	0.00e+00	0.00e+00	0.00e+00	0.00e+00	6.14e-211
 5.74489e+11	0.00e+00	1.91e-35	7.30e-26	8.31e-17	5.81e-07	1.64e-02	9.84e-01	0.00e+00	0.00e+00	0.00e+00	0.00e+00	0.00e+00	5.88e-160
 6.18292e+11	1.07e-45	2.67e-35	9.57e-26	1.02e-16	6.66e-07	1.75e-02	9.82e-01	0.00e+00	0.00e+00	0.00e+00	0.00e+00	0.00e+00	1.04e-230
 6.70875e+11	0.00e+00	0.00e+00	1.31e-25	1.29e-16	7.81e-07	1.89e-02	9.81e-01	0.00e+00	0.00e+00	0.00e+00	0.00e+00	0.00e+00	0.00e+00
 7.23158e+11	0.00e+00	5.76e-35	1.77e-25	1.62e-16	9.09e-07	2.03e-02	9.80e-01	0.00e+00	0.00e+00	0.00e+00	0.00e+00	0.00e+00	6.17e-230
 7.70469e+11	3.99e-45	8.00e-35	2.30e-25	1.97e-16	1.04e-06	2.17e-02	9.78e-01	0.00e+00	0.00e+00	0.00e+00	0.00e+00	0.00e+00	6.72e-138
 8.23029e+11	0.00e+00	1.14e-34	3.07e-25	2.45e-16	1.20e-06	2.32e-02	9.77e-01	0.00e+00	0.00e+00	0.00e+00	0.00e+00	0.00e+00	0.00e+00
 8.84755e+11	9.93e-45	1.71e-34	4.24e-25	3.12e-16	1.42e-06	2.51e-02	9.75e-01	0.00e+00	0.00e+00	0.00e+00	0.00e+00	0.00e+00	6.34e-137
 9.45411e+11	0.00e+00	2.52e-34	5.78e-25	3.94e-16	1.65e-06	2.70e-02	9.73e-01	0.00e+00	0.00e+00	0.00e+00	0.00e+00	0.00e+00	0.00e+00
 1.00161e+12	2.38e-44	3.55e-34	7.62e-25	4.85e-16	1.90e-06	2.88e-02	9.71e-01	0.00e+00	0.00e+00	0.00e+00	0.00e+00	0.00e+00	5.43e-136
 1.06471e+12	0.00e+00	5.18e-34	1.03e-24	6.09e-16	2.22e-06	3.10e-02	9.69e-01	0.00e+00	0.00e+00	0.00e+00	0.00e+00	0.00e+00	0.00e+00
 1.13493e+12	6.09e-44	7.78e-34	1.43e-24	7.78e-16	2.62e-06	3.35e-02	9.67e-01	0.00e+00	0.00e+00	0.00e+00	0.00e+00	0.00e+00	5.43e-135
 1.20136e+12	0.00e+00	1.13e-33	1.93e-24	9.74e-16	3.04e-06	3.59e-02	9.64e-01	0.00e+00	0.00e+00	0.00e+00	0.00e+00	0.00e+00	0.00e+00
 1.27274e+12	1.51e-43	1.67e-33	2.63e-24	1.23e-15	3.56e-06	3.86e-02	9.61e-01	0.00e+00	0.00e+00	0.00e+00	0.00e+00	0.00e+00	5.05e-134
 1.35358e+12	0.00e+00	2.55e-33	3.70e-24	1.59e-15	4.23e-06	4.18e-02	9.58e-01	0.00e+00	0.00e+00	0.00e+00	0.00e+00	0.00e+00	0.00e+00
 1.43287e+12	4.09e-43	3.82e-33	5.12e-24	2.03e-15	4.99e-06	4.51e-02	9.55e-01	0.00e+00	0.00e+00	0.00e+00	0.00e+00	0.00e+00	5.71e-133
 1.50895e+12	0.00e+00	5.57e-33	6.94e-24	2.55e-15	5.81e-06	4.84e-02	9.52e-01	0.00e+00	0.00e+00	0.00e+00	0.00e+00	0.00e+00	0.00e+00
 1.59286e+12	1.04e-42	8.35e-33	9.59e-24	3.26e-15	6.84e-06	5.22e-02	9.48e-01	0.00e+00	0.00e+00	0.00e+00	0.00e+00	0.00e+00	5.56e-132
 1.68650e+12	0.00e+00	1.29e-32	1.36e-23	4.23e-15	8.16e-06	5.66e-02	9.43e-01	0.00e+00	0.00e+00	0.00e+00	0.00e+00	0.00e+00	0.00e+00
 1.78111e+12	2.93e-42	1.98e-32	1.92e-23	5.47e-15	9.70e-06	6.12e-02	9.39e-01	0.00e+00	0.00e+00	0.00e+00	0.00e+00	0.00e+00	6.79e-131
 1.86545e+12	0.00e+00	2.86e-32	2.57e-23	6.83e-15	1.13e-05	6.55e-02	9.35e-01	0.00e+00	0.00e+00	0.00e+00	0.00e+00	0.00e+00	0.00e+00
 1.93905e+12	6.63e-42	3.91e-32	3.31e-23	8.25e-15	1.28e-05	6.93e-02	9.31e-01	0.00e+00	0.00e+00	0.00e+00	0.00e+00	0.00e+00	4.90e-130
 2.02218e+12	0.00e+00	5.51e-32	4.36e-23	1.02e-14	1.47e-05	7.38e-02	9.26e-01	0.00e+00	0.00e+00	0.00e+00	0.00e+00	0.00e+00	0.00e+00
 2.12552e+12	1.65e-41	8.36e-32	6.09e-23	1.30e-14	1.73e-05	7.96e-02	9.20e-01	0.00e+00	0.00e+00	0.00e+00	0.00e+00	0.00e+00	4.43e-129
 2.23285e+12	0.00e+00	1.27e-31	8.53e-23	1.68e-14	2.05e-05	8.58e-02	9.14e-01	0.00e+00	0.00e+00	0.00e+00	0.00e+00	0.00e+00	0.00e+00
 2.33100e+12	4.24e-41	1.84e-31	1.15e-22	2.10e-14	2.38e-05	9.17e-02	9.08e-01	0.00e+00	0.00e+00	0.00e+00	0.00e+00	0.00e+00	4.32e-128
 2.42098e+12	0.00e+00	2.56e-31	1.50e-22	2.56e-14	2.72e-05	9.72e-02	9.03e-01	0.00e+00	0.00e+00	0.00e+00	0.00e+00	0.00e+00	0.00e+00
 2.51945e+12	9.60e-41	3.64e-31	1.98e-22	3.16e-14	3.13e-05	1.03e-01	8.96e-01	0.00e+00	0.00e+00	0.00e+00	0.00e+00	0.00e+00	3.09e-127
 2.62939e+12	0.00e+00	5.33e-31	2.69e-22	3.97e-14	3.65e-05	1.11e-01	8.89e-01	0.00e+00	0.00e+00	0.00e+00	0.00e+00	0.00e+00	0.00e+00
 2.73241e+12	2.30e-40	7.53e-31	3.56e-22	4.89e-14	4.19e-05	1.18e-01	8.82e-01	0.00e+00	0.00e+00	0.00e+00	0.00e+00	0.00e+00	2.52e-126
 2.84452e+12	0.00e+00	1.08e-30	4.77e-22	6.08e-14	4.84e-05	1.25e-01	8.75e-01	0.00e+00	0.00e+00	0.00e+00	0.00e+00	0.00e+00	0.00e+00
 2.96830e+12	5.68e-40	1.60e-30	6.53e-22	7.69e-14	5.66e-05	1.34e-01	8.66e-01	0.00e+00	0.00e+00	0.00e+00	0.00e+00	0.00e+00	2.23e-125
 3.08268e+12	0.00e+00	2.28e-30	8.64e-22	9.49e-14	6.50e-05	1.42e-01	8.58e-01	0.00e+00	0.00e+00	0.00e+00	0.00e+00	0.00e+00	0.00e+00
 3.20681e+12	1.34e-39	3.29e-30	1.16e-21	1.18e-13	7.51e-05	1.51e-01	8.48e-01	0.00e+00	0.00e+00	0.00e+00	0.00e+00	0.00e+00	1.76e-124
 3.34523e+12	0.00e+00	4.89e-30	1.59e-21	1.50e-13	8.78e-05	1.62e-01	8.38e-01	0.00e+00	0.00e+00	0.00e+00	0.00e+00	0.00e+00	0.00e+00
 3.47531e+12	3.33e-39	7.01e-30	2.13e-21	1.86e-13	1.01e-04	1.72e-01	8.28e-01	0.00e+00	0.00e+00	0.00e+00	0.00e+00	0.00e+00	1.57e-123
 3.61748e+12	0.00e+00	1.02e-29	2.88e-21	2.33e-13	1.17e-04	1.83e-01	8.17e-01	0.00e+00	0.00e+00	0.00e+00	0.00e+00	0.00e+00	0.00e+00
 3.77580e+12	8.58e-39	1.54e-29	4.00e-21	2.98e-13	1.38e-04	1.96e-01	8.04e-01	0.00e+00	0.00e+00	0.00e+00	0.00e+00	0.00e+00	1.53e-122
 3.92470e+12	0.00e+00	2.23e-29	5.39e-21	3.71e-13	1.59e-04	2.08e-01	7.92e-01	0.00e+00	0.00e+00	0.00e+00	0.00e+00	0.00e+00	0.00e+00
 4.06425e+12	2.00e-38	3.12e-29	7.05e-21	4.53e-13	1.81e-04	2.19e-01	7.81e-01	0.00e+00	0.00e+00	0.00e+00	0.00e+00	0.00e+00	1.19e-121
 4.22208e+12	0.00e+00	4.51e-29	9.45e-21	5.63e-13	2.09e-04	2.32e-01	7.68e-01	0.00e+00	0.00e+00	0.00e+00	0.00e+00	0.00e+00	0.00e+00
 4.39951e+12	5.02e-38	6.72e-29	1.30e-20	7.13e-13	2.43e-04	2.47e-01	7.53e-01	0.00e+00	0.00e+00	0.00e+00	0.00e+00	0.00e+00	1.09e-120
 4.57587e+12	0.00e+00	9.83e-29	1.76e-20	8.94e-13	2.81e-04	2.62e-01	7.38e-01	0.00e+00	0.00e+00	0.00e+00	0.00e+00	0.00e+00	0.00e+00
 4.74848e+12	1.22e-37	1.41e-28	2.35e-20	1.11e-12	3.23e-04	2.76e-01	7.23e-01	0.00e+00	0.00e+00	0.00e+00	0.00e+00	0.00e+00	9.43e-120
 4.94276e+12	0.00e+00	2.08e-28	3.20e-20	1.39e-12	3.74e-04	2.93e-01	7.07e-01	0.00e+00	0.00e+00	0.00e+00	0.00e+00	0.00e+00	0.00e+00
 5.15679e+12	3.20e-37	3.14e-28	4.46e-20	1.77e-12	4.36e-04	3.11e-01	6.89e-01	0.00e+00	0.00e+00	0.00e+00	0.00e+00	0.00e+00	9.83e-119
 5.34611e+12	0.00e+00	4.45e-28	5.90e-20	2.18e-12	4.97e-04	3.27e-01	6.73e-01	0.00e+00	0.00e+00	0.00e+00	0.00e+00	0.00e+00	0.00e+00
 5.51485e+12	6.98e-37	5.99e-28	7.47e-20	2.59e-12	5.55e-04	3.41e-01	6.59e-01	0.00e+00	0.00e+00	0.00e+00	0.00e+00	0.00e+00	6.61e-118
 5.70726e+12	0.00e+00	8.40e-28	9.78e-20	3.16e-12	6.29e-04	3.57e-01	6.43e-01	0.00e+00	0.00e+00	0.00e+00	0.00e+00	0.00e+00	0.00e+00
 5.91451e+12	1.59e-36	1.19e-27	1.29e-19	3.87e-12	7.14e-04	3.74e-01	6.25e-01	0.00e+00	0.00e+00	0.00e+00	0.00e+00	0.00e+00	4.95e-117
 6.10068e+12	0.00e+00	1.60e-27	1.64e-19	4.61e-12	7.97e-04	3.89e-01	6.10e-01	0.00e+00	0.00e+00	0.00e+00	0.00e+00	0.00e+00	0.00e+00
 6.30230e+12	3.34e-36	2.20e-27	2.10e-19	5.54e-12	8.93e-04	4.05e-01	5.94e-01	0.00e+00	0.00e+00	0.00e+00	0.00e+00	0.00e+00	3.06e-116
 6.55955e+12	0.00e+00	3.24e-27	2.86e-19	6.93e-12	1.03e-03	4.25e-01	5.74e-01	0.00e+00	0.00e+00	0.00e+00	0.00e+00	0.00e+00	0.00e+00
 6.82138e+12	8.42e-36	4.73e-27	3.87e-19	8.63e-12	1.18e-03	4.45e-01	5.53e-01	0.00e+00	0.00e+00	0.00e+00	0.00e+00	0.00e+00	2.99e-115
 7.04260e+12	0.00e+00	6.43e-27	4.94e-19	1.03e-11	1.31e-03	4.62e-01	5.37e-01	0.00e+00	0.00e+00	0.00e+00	0.00e+00	0.00e+00	1.38e-99
 7.27873e+12	1.79e-35	8.83e-27	6.36e-19	1.24e-11	1.47e-03	4.79e-01	5.19e-01	0.00e+00	0.00e+00	0.00e+00	0.00e+00	0.00e+00	0.00e+00
 7.57540e+12	0.00e+00	1.30e-26	8.62e-19	1.54e-11	1.68e-03	5.00e-01	4.98e-01	0.00e+00	0.00e+00	0.00e+00	0.00e+00	0.00e+00	3.84e-131
 7.88562e+12	4.54e-35	1.91e-26	1.17e-18	1.93e-11	1.92e-03	5.22e-01	4.76e-01	0.00e+00	0.00e+00	0.00e+00	0.00e+00	0.00e+00	3.88e-97
 8.16745e+12	0.00e+00	2.67e-26	1.53e-18	2.33e-11	2.15e-03	5.40e-01	4.58e-01	0.00e+00	0.00e+00	0.00e+00	0.00e+00	0.00e+00	0.00e+00
 8.47752e+12	1.05e-34	3.80e-26	2.02e-18	2.86e-11	2.42e-03	5.60e-01	4.38e-01	0.00e+00	0.00e+00	0.00e+00	0.00e+00	0.00e+00	1.57e-112
 8.84080e+12	1.70e-34	5.67e-26	2.78e-18	3.59e-11	2.77e-03	5.82e-01	4.16e-01	0.00e+00	0.00e+00	0.00e+00	0.00e+00	0.00e+00	6.53e-96
 9.20410e+12	2.70e-34	8.32e-26	3.76e-18	4.46e-11	3.15e-03	6.03e-01	3.94e-01	0.00e+00	0.00e+00	0.00e+00	0.00e+00	0.00e+00	0.00e+00
 9.55365e+12	4.14e-34	1.18e-25	4.97e-18	5.45e-11	3.54e-03	6.21e-01	3.75e-01	0.00e+00	0.00e+00	0.00e+00	0.00e+00	0.00e+00	4.96e-111
 9.89437e+12	6.18e-34	1.65e-25	6.46e-18	6.57e-11	3.95e-03	6.39e-01	3.57e-01	0.00e+00	0.00e+00	0.00e+00	0.00e+00	0.00e+00	1.04e-94
 1.02770e+13	9.51e-34	2.35e-25	8.55e-18	8.02e-11	4.43e-03	6.57e-01	3.38e-01	0.00e+00	0.00e+00	0.00e+00	0.00e+00	0.00e+00	4.06e-110
 1.06983e+13	1.50e-33	3.43e-25	1.15e-17	9.93e-11	5.01e-03	6.77e-01	3.18e-01	0.00e+00	0.00e+00	0.00e+00	0.00e+00	0.00e+00	7.07e-94
 1.10877e+13	2.26e-33	4.79e-25	1.50e-17	1.20e-10	5.57e-03	6.93e-01	3.01e-01	0.00e+00	0.00e+00	0.00e+00	0.00e+00	0.00e+00	3.62e-109
 1.15114e+13	3.44e-33	6.79e-25	1.98e-17	1.46e-10	6.22e-03	7.10e-01	2.84e-01	0.00e+00	0.00e+00	0.00e+00	0.00e+00	0.00e+00	4.21e-93
 1.19874e+13	5.44e-33	9.91e-25	2.67e-17	1.80e-10	7.00e-03	7.27e-01	2.66e-01	0.00e+00	0.00e+00	0.00e+00	0.00e+00	0.00e+00	3.40e-108
 1.23870e+13	7.88e-33	1.34e-24	3.40e-17	2.14e-10	7.70e-03	7.41e-01	2.52e-01	0.00e+00	0.00e+00	0.00e+00	0.00e+00	0.00e+00	2.49e-92
 1.26941e+13	1.03e-32	1.68e-24	4.05e-17	2.42e-10	8.25e-03	7.50e-01	2.41e-01	0.00e+00	0.00e+00	0.00e+00	0.00e+00	0.00e+00	1.75e-107
 1.30254e+13	1.38e-32	2.13e-24	4.89e-17	2.76e-10	8.88e-03	7.60e-01	2.31e-01	0.00e+00	0.00e+00	0.00e+00	0.00e+00	0.00e+00	8.36e-92
 1.34561e+13	1.98e-32	2.87e-24	6.19e-17	3.26e-10	9.73e-03	7.72e-01	2.18e-01	0.00e+00	0.00e+00	0.00e+00	0.00e+00	0.00e+00	9.28e-107
 1.39238e+13	2.90e-32	3.93e-24	7.94e-17	3.89e-10	1.07e-02	7.85e-01	2.05e-01	0.00e+00	0.00e+00	0.00e+00	0.00e+00	0.00e+00	4.14e-91
 1.43455e+13	4.03e-32	5.16e-24	9.85e-17	4.53e-10	1.16e-02	7.95e-01	1.94e-01	0.00e+00	0.00e+00	0.00e+00	0.00e+00	0.00e+00	5.75e-106
 1.47995e+13	5.67e-32	6.84e-24	1.23e-16	5.29e-10	1.27e-02	8.04e-01	1.83e-01	0.00e+00	0.00e+00	0.00e+00	0.00e+00	0.00e+00	1.77e-90
 1.53721e+13	8.60e-32	9.65e-24	1.62e-16	6.41e-10	1.40e-02	8.16e-01	1.70e-01	0.00e+00	0.00e+00	0.00e+00	0.00e+00	0.00e+00	4.08e-105
 1.59480e+13	1.29e-31	1.35e-23	2.10e-16	7.72e-10	1.55e-02	8.26e-01	1.58e-01	0.00e+00	0.00e+00	0.00e+00	0.00e+00	0.00e+00	1.03e-89
 1.64318e+13	1.78e-31	1.76e-23	2.60e-16	8.95e-10	1.68e-02	8.34e-01	1.49e-01	0.00e+00	0.00e+00	0.00e+00	0.00e+00	0.00e+00	2.67e-104
 1.69471e+13	2.48e-31	2.31e-23	3.23e-16	1.04e-09	1.82e-02	8.41e-01	1.41e-01	0.00e+00	0.00e+00	0.00e+00	0.00e+00	0.00e+00	4.29e-89
 1.75980e+13	3.72e-31	3.23e-23	4.21e-16	1.25e-09	2.00e-02	8.50e-01	1.30e-01	0.00e+00	0.00e+00	0.00e+00	0.00e+00	0.00e+00	1.83e-103
 1.82800e+13	5.59e-31	4.52e-23	5.49e-16	1.51e-09	2.21e-02	8.57e-01	1.21e-01	0.00e+00	0.00e+00	0.00e+00	0.00e+00	0.00e+00	2.49e-88
 1.88939e+13	7.94e-31	6.03e-23	6.91e-16	1.77e-09	2.40e-02	8.63e-01	1.13e-01	0.00e+00	0.00e+00	0.00e+00	0.00e+00	0.00e+00	1.32e-102
 1.95644e+13	1.15e-30	8.16e-23	8.77e-16	2.09e-09	2.61e-02	8.69e-01	1.05e-01	0.00e+00	0.00e+00	0.00e+00	0.00e+00	0.00e+00	1.19e-87
 2.03573e+13	1.74e-30	1.15e-22	1.15e-15	2.53e-09	2.88e-02	8.75e-01	9.65e-02	0.00e+00	0.00e+00	0.00e+00	0.00e+00	0.00e+00	1.05e-101
 2.10872e+13	2.51e-30	1.56e-22	1.46e-15	2.99e-09	3.14e-02	8.79e-01	8.96e-02	0.00e+00	0.00e+00	0.00e+00	0.00e+00	0.00e+00	6.61e-87
 2.16843e+13	3.35e-30	1.98e-22	1.77e-15	3.41e-09	3.36e-02	8.82e-01	8.44e-02	0.00e+00	0.00e+00	0.00e+00	0.00e+00	0.00e+00	5.95e-101
 2.23307e+13	4.54e-30	2.54e-22	2.15e-15	3.91e-09	3.60e-02	8.85e-01	7.94e-02	0.00e+00	0.00e+00	0.00e+00	0.00e+00	0.00e+00	2.44e-86
 2.31649e+13	6.61e-30	3.45e-22	2.74e-15	4.62e-09	3.92e-02	8.87e-01	7.34e-02	0.00e+00	0.00e+00	0.00e+00	0.00e+00	0.00e+00	3.64e-100
 2.40549e+13	9.72e-30	4.74e-22	3.52e-15	5.50e-09	4.28e-02	8.90e-01	6.76e-02	0.00e+00	0.00e+00	0.00e+00	0.00e+00	0.00e+00	1.32e-85
 2.48271e+13	1.34e-29	6.17e-22	4.33e-15	6.34e-09	4.60e-02	8.91e-01	6.32e-02	0.00e+00	0.00e+00	0.00e+00	0.00e+00	0.00e+00	2.42e-99
 2.56346e+13	1.85e-29	8.04e-22	5.32e-15	7.31e-09	4.94e-02	8.92e-01	5.90e-02	0.00e+00	0.00e+00	0.00e+00	0.00e+00	0.00e+00	5.56e-85
 2.65154e+13	2.60e-29	1.06e-21	6.63e-15	8.50e-09	5.33e-02	8.92e-01	5.48e-02	0.00e+00	0.00e+00	0.00e+00	0.00e+00	0.00e+00	1.45e-98
 2.73170e+13	3.50e-29	1.36e-21	8.02e-15	9.69e-09	5.69e-02	8.92e-01	5.14e-02	0.00e+00	0.00e+00	0.00e+00	0.00e+00	0.00e+00	2.34e-84
 2.81848e+13	4.79e-29	1.75e-21	9.77e-15	1.11e-08	6.08e-02	8.91e-01	4.80e-02	0.00e+00	0.00e+00	0.00e+00	0.00e+00	0.00e+00	7.63e-98
 2.92638e+13	6.96e-29	2.37e-21	1.24e-14	1.31e-08	6.59e-02	8.90e-01	4.42e-02	0.00e+00	0.00e+00	0.00e+00	0.00e+00	0.00e+00	1.11e-83
 3.03497e+13	9.99e-29	3.19e-21	1.56e-14	1.53e-08	7.12e-02	8.88e-01	4.08e-02	0.00e+00	0.00e+00	0.00e+00	0.00e+00	0.00e+00	5.69e-97
 3.12915e+13	1.35e-28	4.08e-21	1.89e-14	1.74e-08	7.59e-02	8.86e-01	3.81e-02	0.00e+00	0.00e+00	0.00e+00	0.00e+00	0.00e+00	5.05e-83
 3.23132e+13	1.85e-28	5.27e-21	2.30e-14	1.99e-08	8.10e-02	8.83e-01	3.55e-02	0.00e+00	0.00e+00	0.00e+00	0.00e+00	0.00e+00	3.12e-96
 3.35634e+13	2.69e-28	7.14e-21	2.91e-14	2.33e-08	8.75e-02	8.80e-01	3.26e-02	0.00e+00	0.00e+00	0.00e+00	0.00e+00	0.00e+00	2.47e-82
 3.48474e+13	3.89e-28	9.62e-21	3.66e-14	2.72e-08	9.44e-02	8.76e-01	3.00e-02	0.00e+00	0.00e+00	0.00e+00	0.00e+00	0.00e+00	2.41e-95
 3.60284e+13	5.38e-28	1.25e-20	4.48e-14	3.12e-08	1.01e-01	8.71e-01	2.78e-02	0.00e+00	0.00e+00	0.00e+00	0.00e+00	0.00e+00	1.23e-81
 3.73391e+13	7.61e-28	1.66e-20	5.55e-14	3.60e-08	1.08e-01	8.66e-01	2.57e-02	0.00e+00	0.00e+00	0.00e+00	0.00e+00	0.00e+00	1.57e-94
 3.87621e+13	1.10e-27	2.22e-20	6.96e-14	4.19e-08	1.16e-01	8.60e-01	2.36e-02	0.00e+00	0.00e+00	0.00e+00	0.00e+00	0.00e+00	6.49e-81
 4.00474e+13	1.50e-27	2.87e-20	8.46e-14	4.78e-08	1.23e-01	8.55e-01	2.19e-02	0.00e+00	0.00e+00	0.00e+00	0.00e+00	0.00e+00	1.04e-93
 4.14347e+13	2.09e-27	3.74e-20	1.03e-13	5.46e-08	1.32e-01	8.48e-01	2.02e-02	0.00e+00	0.00e+00	0.00e+00	0.00e+00	0.00e+00	2.96e-80
 4.30781e+13	3.04e-27	5.06e-20	1.30e-13	6.37e-08	1.41e-01	8.40e-01	1.85e-02	0.00e+00	0.00e+00	0.00e+00	0.00e+00	0.00e+00	7.52e-93
 4.46913e+13	4.32e-27	6.73e-20	1.62e-13	7.36e-08	1.51e-01	8.32e-01	1.70e-02	0.00e+00	0.00e+00	0.00e+00	0.00e+00	0.00e+00	1.65e-79
 4.60643e+13	5.78e-27	8.50e-20	1.93e-13	8.27e-08	1.60e-01	8.25e-01	1.58e-02	0.00e+00	0.00e+00	0.00e+00	0.00e+00	0.00e+00	4.61e-92
 4.72416e+13	7.36e-27	1.03e-19	2.24e-13	9.12e-08	1.67e-01	8.18e-01	1.49e-02	0.00e+00	0.00e+00	0.00e+00	0.00e+00	0.00e+00	5.82e-79
 4.85253e+13	9.51e-27	1.27e-19	2.61e-13	1.01e-07	1.75e-01	8.11e-01	1.40e-02	0.00e+00	0.00e+00	0.00e+00	0.00e+00	0.00e+00	1.89e-91
 5.01942e+13	1.31e-26	1.64e-19	3.18e-13	1.15e-07	1.85e-01	8.02e-01	1.29e-02	0.00e+00	0.00e+00	0.00e+00	0.00e+00	0.00e+00	2.31e-78
 5.19176e+13	1.81e-26	2.13e-19	3.87e-13	1.31e-07	1.96e-01	7.92e-01	1.18e-02	0.00e+00	0.00e+00	0.00e+00	0.00e+00	0.00e+00	1.17e-90
 5.33531e+13	2.35e-26	2.62e-19	4.52e-13	1.45e-07	2.06e-01	7.83e-01	1.11e-02	0.00e+00	0.00e+00	0.00e+00	0.00e+00	0.00e+00	9.22e-78
 5.48603e+13	3.05e-26	3.23e-19	5.30e-13	1.61e-07	2.15e-01	7.74e-01	1.03e-02	0.00e+00	0.00e+00	0.00e+00	0.00e+00	0.00e+00	5.20e-90
 5.68196e+13	4.25e-26	4.22e-19	6.48e-13	1.83e-07	2.28e-01	7.62e-01	9.46e-03	0.00e+00	0.00e+00	0.00e+00	0.00e+00	0.00e+00	3.85e-77
 5.88669e+13	5.94e-26	5.51e-19	7.92e-13	2.09e-07	2.42e-01	7.50e-01	8.64e-03	0.00e+00	0.00e+00	0.00e+00	0.00e+00	0.00e+00	3.48e-89
 6.06116e+13	7.81e-26	6.85e-19	9.33e-13	2.32e-07	2.53e-01	7.39e-01	8.03e-03	0.00e+00	0.00e+00	0.00e+00	0.00e+00	0.00e+00	1.66e-76
 6.24628e+13	1.04e-25	8.58e-19	1.10e-12	2.59e-07	2.65e-01	7.28e-01	7.43e-03	0.00e+00	0.00e+00	0.00e+00	0.00e+00	0.00e+00	3.28e-76
 6.47943e+13	1.46e-25	1.13e-18	1.36e-12	2.96e-07	2.80e-01	7.13e-01	6.74e-03	0.00e+00	0.00e+00	0.00e+00	0.00e+00	0.00e+00	7.49e-76
 6.71926e+13	2.04e-25	1.48e-18	1.66e-12	3.37e-07	2.96e-01	6.98e-01	6.12e-03	0.00e+00	0.00e+00	0.00e+00	0.00e+00	0.00e+00	1.70e-75
 6.92857e+13	2.72e-25	1.85e-18	1.96e-12	3.75e-07	3.09e-01	6.85e-01	5.64e-03	0.00e+00	0.00e+00	0.00e+00	0.00e+00	0.00e+00	3.40e-75
 7.15392e+13	3.65e-25	2.34e-18	2.34e-12	4.20e-07	3.24e-01	6.71e-01	5.17e-03	0.00e+00	0.00e+00	0.00e+00	0.00e+00	0.00e+00	6.99e-75
 7.42842e+13	5.16e-25	3.09e-18	2.88e-12	4.79e-07	3.41e-01	6.54e-01	4.66e-03	0.00e+00	0.00e+00	0.00e+00	0.00e+00	0.00e+00	1.62e-74
 7.70216e+13	7.20e-25	4.02e-18	3.50e-12	5.42e-07	3.58e-01	6.37e-01	4.22e-03	0.00e+00	0.00e+00	0.00e+00	0.00e+00	0.00e+00	3.66e-74
 7.94386e+13	9.55e-25	5.03e-18	4.13e-12	6.02e-07	3.73e-01	6.23e-01	3.87e-03	0.00e+00	0.00e+00	0.00e+00	0.00e+00	0.00e+00	7.34e-74
 8.20854e+13	1.29e-24	6.38e-18	4.92e-12	6.72e-07	3.89e-01	6.07e-01	3.52e-03	0.00e+00	0.00e+00	0.00e+00	0.00e+00	0.00e+00	1.53e-73
 8.52680e+13	1.82e-24	8.38e-18	6.03e-12	7.63e-07	4.09e-01	5.88e-01	3.15e-03	0.00e+00	0.00e+00	0.00e+00	0.00e+00	0.00e+00	3.58e-73
 8.84400e+13	2.53e-24	1.09e-17	7.30e-12	8.60e-07	4.27e-01	5.70e-01	2.83e-03	0.00e+00	0.00e+00	0.00e+00	0.00e+00	0.00e+00	8.11e-73
 9.13112e+13	3.37e-24	1.37e-17	8.62e-12	9.54e-07	4.43e-01	5.54e-01	2.58e-03	0.00e+00	0.00e+00	0.00e+00	0.00e+00	0.00e+00	1.66e-72
 9.44982e+13	4.59e-24	1.74e-17	1.03e-11	1.07e-06	4.61e-01	5.37e-01	2.33e-03	0.00e+00	0.00e+00	0.00e+00	0.00e+00	0.00e+00	3.56e-72
 9.82406e+13	6.49e-24	2.29e-17	1.26e-11	1.21e-06	4.81e-01	5.17e-01	2.07e-03	0.00e+00	0.00e+00	0.00e+00	0.00e+00	0.00e+00	8.44e-72
 1.01937e+14	9.01e-24	2.96e-17	1.52e-11	1.35e-06	5.00e-01	4.98e-01	1.85e-03	0.00e+00	0.00e+00	0.00e+00	0.00e+00	0.00e+00	1.92e-71
 1.05402e+14	1.21e-23	3.73e-17	1.80e-11	1.50e-06	5.17e-01	4.81e-01	1.67e-03	0.00e+00	0.00e+00	0.00e+00	0.00e+00	0.00e+00	4.05e-71
 1.09269e+14	1.66e-23	4.79e-17	2.16e-11	1.67e-06	5.36e-01	4.63e-01	1.49e-03	0.00e+00	0.00e+00	0.00e+00	1.53e-17	3.26e-17	9.01e-71
 1.13504e+14	2.32e-23	6.22e-17	2.60e-11	1.87e-06	5.55e-01	4.43e-01	1.32e-03	0.00e+00	0.00e+00	0.00e+00	2.06e-17	4.16e-17	2.09e-70
 1.17297e+14	3.10e-23	7.78e-17	3.06e-11	2.06e-06	5.72e-01	4.27e-01	1.19e-03	0.00e+00	0.00e+00	0.00e+00	2.58e-17	5.20e-17	4.35e-70
 1.20401e+14	3.89e-23	9.29e-17	3.48e-11	2.23e-06	5.85e-01	4.14e-01	1.09e-03	0.00e+00	0.00e+00	0.00e+00	3.08e-17	6.21e-17	7.79e-70
 1.23596e+14	4.88e-23	1.11e-16	3.95e-11	2.40e-06	5.98e-01	4.01e-01	1.00e-03	0.00e+00	0.00e+00	0.00e+00	3.68e-17	7.42e-17	1.39e-69
 1.27749e+14	6.50e-23	1.39e-16	4.63e-11	2.64e-06	6.14e-01	3.85e-01	8.99e-04	0.00e+00	0.00e+00	0.00e+00	4.60e-17	9.27e-17	2.90e-69
 1.32061e+14	8.66e-23	1.73e-16	5.43e-11	2.90e-06	6.30e-01	3.69e-01	8.06e-04	0.00e+00	0.00e+00	0.00e+00	5.75e-17	1.16e-16	6.06e-69
 1.35693e+14	1.09e-22	2.08e-16	6.18e-11	3.12e-06	6.43e-01	3.56e-01	7.37e-04	0.00e+00	0.00e+00	0.00e+00	6.89e-17	1.39e-16	1.11e-68
 1.39528e+14	1.39e-22	2.50e-16	7.05e-11	3.37e-06	6.56e-01	3.44e-01	6.71e-04	0.00e+00	0.00e+00	0.00e+00	8.30e-17	1.67e-16	2.06e-68
 1.44513e+14	1.88e-22	3.16e-16	8.32e-11	3.71e-06	6.72e-01	3.28e-01	5.96e-04	0.00e+00	0.00e+00	0.00e+00	1.05e-16	2.11e-16	4.50e-68
 1.49704e+14	2.54e-22	3.99e-16	9.81e-11	4.08e-06	6.87e-01	3.12e-01	5.29e-04	0.00e+00	0.00e+00	0.00e+00	1.32e-16	2.67e-16	9.86e-68
 1.54109e+14	3.26e-22	4.83e-16	1.12e-10	4.40e-06	7.00e-01	3.00e-01	4.79e-04	0.00e+00	0.00e+00	0.00e+00	1.60e-16	3.23e-16	1.89e-67
 1.58782e+14	4.20e-22	5.87e-16	1.29e-10	4.76e-06	7.12e-01	2.87e-01	4.32e-04	0.00e+00	0.00e+00	0.00e+00	1.95e-16	3.92e-16	3.66e-67
 1.64667e+14	5.72e-22	7.44e-16	1.52e-10	5.22e-06	7.27e-01	2.73e-01	3.81e-04	0.00e+00	0.00e+00	0.00e+00	2.47e-16	4.97e-16	8.23e-67
 1.70786e+14	7.79e-22	9.43e-16	1.79e-10	5.73e-06	7.41e-01	2.58e-01	3.36e-04	0.00e+00	0.00e+00	0.00e+00	3.13e-16	6.31e-16	1.88e-66
 1.76211e+14	1.01e-21	1.15e-15	2.06e-10	6.20e-06	7.53e-01	2.47e-01	3.01e-04	0.00e+00	0.00e+00	0.00e+00	3.83e-16	7.72e-16	3.74e-66
 1.82075e+14	1.34e-21	1.43e-15	2.39e-10	6.72e-06	7.65e-01	2.35e-01	2.68e-04	0.00e+00	0.00e+00	0.00e+00	4.72e-16	9.53e-16	7.74e-66
 1.89113e+14	1.84e-21	1.82e-15	2.82e-10	7.38e-06	7.79e-01	2.21e-01	2.34e-04	0.00e+00	0.00e+00	0.00e+00	6.03e-16	1.22e-15	1.80e-65
 1.96101e+14	2.49e-21	2.29e-15	3.31e-10	8.06e-06	7.91e-01	2.09e-01	2.06e-04	0.00e+00	0.00e+00	0.00e+00	7.60e-16	1.53e-15	4.04e-65
 2.02395e+14	3.25e-21	2.81e-15	3.81e-10	8.69e-06	8.01e-01	1.99e-01	1.84e-04	0.00e+00	0.00e+00	0.00e+00	9.30e-16	1.88e-15	8.19e-65
 2.09362e+14	4.31e-21	3.48e-15	4.42e-10	9.42e-06	8.12e-01	1.88e-01	1.63e-04	0.00e+00	0.00e+00	0.00e+00	1.15e-15	2.33e-15	1.74e-64
 2.17581e+14	5.94e-21	4.45e-15	5.23e-10	1.03e-05	8.23e-01	1.77e-01	1.42e-04	0.00e+00	0.00e+00	0.00e+00	1.47e-15	2.98e-15	4.11e-64
 2.25733e+14	8.07e-21	5.62e-15	6.13e-10	1.12e-05	8.34e-01	1.66e-01	1.24e-04	0.00e+00	0.00e+00	0.00e+00	1.86e-15	3.76e-15	9.34e-64
 2.33342e+14	1.06e-20	6.93e-15	7.08e-10	1.21e-05	8.43e-01	1.57e-01	1.10e-04	0.00e+00	0.00e+00	0.00e+00	2.29e-15	4.64e-15	1.96e-63
 2.41837e+14	1.43e-20	8.68e-15	8.25e-10	1.32e-05	8.52e-01	1.48e-01	9.61e-05	0.00e+00	0.00e+00	0.00e+00	2.87e-15	5.81e-15	4.34e-63
 2.51540e+14	1.98e-20	1.11e-14	9.77e-10	1.44e-05	8.61e-01	1.38e-01	8.30e-05	0.00e+00	0.00e+00	0.00e+00	3.68e-15	7.44e-15	1.04e-62
 2.61150e+14	2.70e-20	1.41e-14	1.15e-09	1.57e-05	8.70e-01	1.30e-01	7.22e-05	0.00e+00	0.00e+00	0.00e+00	4.65e-15	9.41e-15	2.40e-62
 2.69044e+14	3.45e-20	1.69e-14	1.30e-09	1.68e-05	8.77e-01	1.23e-01	6.46e-05	0.00e+00	0.00e+00	0.00e+00	5.60e-15	1.13e-14	4.64e-62
 2.75207e+14	4.16e-20	1.95e-14	1.43e-09	1.77e-05	8.82e-01	1.18e-01	5.93e-05	0.00e+00	0.00e+00	0.00e+00	6.45e-15	1.31e-14	7.66e-62
 2.81955e+14	5.07e-20	2.27e-14	1.59e-09	1.86e-05	8.86e-01	1.13e-01	5.41e-05	0.00e+00	0.00e+00	0.00e+00	7.49e-15	1.52e-14	1.31e-61
 2.90726e+14	6.51e-20	2.74e-14	1.81e-09	2.00e-05	8.93e-01	1.07e-01	4.82e-05	0.00e+00	0.00e+00	0.00e+00	9.06e-15	1.84e-14	2.58e-61
 3.00233e+14	8.47e-20	3.35e-14	2.07e-09	2.14e-05	8.99e-01	1.01e-01	4.26e-05	0.00e+00	0.00e+00	0.00e+00	1.11e-14	2.24e-14	5.24e-61
 3.08779e+14	1.07e-19	3.98e-14	2.33e-09	2.28e-05	9.04e-01	9.63e-02	3.83e-05	0.00e+00	0.00e+00	0.00e+00	1.32e-14	2.67e-14	9.74e-61
 3.17970e+14	1.35e-19	4.77e-14	2.63e-09	2.43e-05	9.09e-01	9.13e-02	3.42e-05	0.00e+00	0.00e+00	0.00e+00	1.58e-14	3.20e-14	1.86e-60
 3.29644e+14	1.81e-19	5.96e-14	3.07e-09	2.63e-05	9.15e-01	8.54e-02	2.97e-05	0.00e+00	0.00e+00	0.00e+00	1.97e-14	3.99e-14	4.10e-60
 3.41427e+14	2.41e-19	7.40e-14	3.55e-09	2.85e-05	9.20e-01	8.00e-02	2.59e-05	0.00e+00	0.00e+00	0.00e+00	2.44e-14	4.96e-14	8.86e-60
 3.51303e+14	3.04e-19	8.81e-14	4.00e-09	3.03e-05	9.24e-01	7.59e-02	2.32e-05	0.00e+00	0.00e+00	0.00e+00	2.91e-14	5.91e-14	1.65e-59
 3.61816e+14	3.85e-19	1.06e-13	4.53e-09	3.23e-05	9.28e-01	7.18e-02	2.07e-05	0.00e+00	0.00e+00	0.00e+00	3.48e-14	7.08e-14	3.15e-59
 3.75128e+14	5.15e-19	1.32e-13	5.26e-09	3.50e-05	9.33e-01	6.70e-02	1.79e-05	0.00e+00	0.00e+00	0.00e+00	4.34e-14	8.83e-14	6.91e-59
 3.88942e+14	6.89e-19	1.64e-13	6.12e-09	3.78e-05	9.37e-01	6.25e-02	1.55e-05	0.00e+00	0.00e+00	0.00e+00	5.41e-14	1.10e-13	1.52e-58
 4.01016e+14	8.81e-19	1.98e-13	6.95e-09	4.04e-05	9.41e-01	5.89e-02	1.38e-05	0.00e+00	0.00e+00	0.00e+00	6.52e-14	1.33e-13	2.95e-58
 4.13966e+14	1.14e-18	2.40e-13	7.94e-09	4.33e-05	9.45e-01	5.54e-02	1.21e-05	0.00e+00	0.00e+00	0.00e+00	7.91e-14	1.61e-13	5.86e-58
 4.29726e+14	1.53e-18	3.01e-13	9.28e-09	4.70e-05	9.48e-01	5.15e-02	1.04e-05	0.00e+00	0.00e+00	0.00e+00	9.92e-14	2.02e-13	1.32e-57
 4.45428e+14	2.04e-18	3.75e-13	1.08e-08	5.08e-05	9.52e-01	4.80e-02	9.02e-06	0.00e+00	0.00e+00	0.00e+00	1.23e-13	2.51e-13	2.86e-57
 4.59252e+14	2.60e-18	4.51e-13	1.22e-08	5.43e-05	9.55e-01	4.52e-02	7.98e-06	0.00e+00	0.00e+00	0.00e+00	1.48e-13	3.03e-13	5.53e-57
 4.74348e+14	3.36e-18	5.48e-13	1.40e-08	5.83e-05	9.58e-01	4.24e-02	6.99e-06	0.00e+00	0.00e+00	0.00e+00	1.80e-13	3.68e-13	1.11e-56
 4.92554e+14	4.52e-18	6.88e-13	1.64e-08	6.32e-05	9.61e-01	3.93e-02	5.99e-06	0.00e+00	0.00e+00	0.00e+00	2.26e-13	4.62e-13	2.48e-56
 5.10686e+14	6.02e-18	8.56e-13	1.90e-08	6.84e-05	9.63e-01	3.65e-02	5.17e-06	0.00e+00	0.00e+00	0.00e+00	2.81e-13	5.75e-13	5.40e-56
 5.26950e+14	7.71e-18	1.03e-12	2.17e-08	7.32e-05	9.66e-01	3.43e-02	4.55e-06	0.00e+00	0.00e+00	0.00e+00	3.39e-13	6.94e-13	1.06e-55
 5.44900e+14	1.00e-17	1.26e-12	2.49e-08	7.87e-05	9.68e-01	3.20e-02	3.96e-06	0.00e+00	0.00e+00	0.00e+00	4.15e-13	8.49e-13	2.16e-55
 5.66162e+14	1.35e-17	1.59e-12	2.92e-08	8.56e-05	9.70e-01	2.96e-02	3.38e-06	0.00e+00	0.00e+00	0.00e+00	5.21e-13	1.07e-12	4.88e-55
 5.87137e+14	1.80e-17	1.98e-12	3.39e-08	9.26e-05	9.72e-01	2.75e-02	2.91e-06	0.00e+00	0.00e+00	0.00e+00	6.48e-13	1.33e-12	1.06e-54
 6.06378e+14	2.32e-17	2.40e-12	3.88e-08	9.92e-05	9.74e-01	2.58e-02	2.54e-06	0.00e+00	0.00e+00	0.00e+00	7.85e-13	1.61e-12	2.12e-54
 6.24707e+14	2.92e-17	2.86e-12	4.38e-08	1.06e-04	9.76e-01	2.42e-02	2.25e-06	0.00e+00	0.00e+00	0.00e+00	9.38e-13	1.93e-12	3.99e-54
 6.45284e+14	3.76e-17	3.48e-12	5.01e-08	1.14e-04	9.77e-01	2.27e-02	1.96e-06	0.00e+00	0.00e+00	0.00e+00	1.14e-12	2.34e-12	7.95e-54
 6.68188e+14	4.93e-17	4.28e-12	5.79e-08	1.22e-04	9.79e-01	2.11e-02	1.69e-06	4.02e-18	1.21e-17	2.02e-17	1.40e-12	2.88e-12	1.67e-53
 6.87762e+14	6.18e-17	5.08e-12	6.52e-08	1.30e-04	9.80e-01	1.99e-02	1.50e-06	5.03e-18	1.51e-17	2.53e-17	1.66e-12	3.42e-12	3.11e-53
 7.03738e+14	7.38e-17	5.83e-12	7.17e-08	1.37e-04	9.81e-01	1.89e-02	1.36e-06	6.01e-18	1.81e-17	3.02e-17	1.90e-12	3.92e-12	5.06e-53
 7.21394e+14	8.94e-17	6.75e-12	7.95e-08	1.44e-04	9.82e-01	1.80e-02	1.23e-06	7.29e-18	2.19e-17	3.66e-17	2.20e-12	4.55e-12	8.57e-53
 7.44347e+14	1.14e-16	8.13e-12	9.05e-08	1.55e-04	9.83e-01	1.68e-02	1.08e-06	9.29e-18	2.79e-17	4.66e-17	2.65e-12	5.48e-12	1.67e-52
 7.68692e+14	1.46e-16	9.85e-12	1.03e-07	1.66e-04	9.84e-01	1.58e-02	9.42e-07	1.19e-17	3.58e-17	5.99e-17	3.21e-12	6.63e-12	3.32e-52
 7.89888e+14	1.80e-16	1.16e-11	1.15e-07	1.76e-04	9.85e-01	1.49e-02	0.00e+00	1.47e-17	4.42e-17	7.39e-17	3.77e-12	7.80e-12	5.96e-52
 8.12484e+14	2.24e-16	1.37e-11	1.30e-07	1.87e-04	9.86e-01	1.40e-02	0.00e+00	1.83e-17	5.49e-17	9.19e-17	4.46e-12	9.21e-12	1.08e-51
 8.41776e+14	2.94e-16	1.69e-11	1.50e-07	2.02e-04	9.87e-01	1.30e-02	0.00e+00	2.40e-17	7.22e-17	1.21e-16	5.50e-12	1.14e-11	2.31e-51
 8.71859e+14	3.86e-16	2.08e-11	1.73e-07	2.17e-04	9.88e-01	1.21e-02	0.00e+00	3.15e-17	9.47e-17	1.58e-16	6.77e-12	1.40e-11	4.91e-51
 8.96931e+14	4.81e-16	2.46e-11	1.95e-07	2.31e-04	9.88e-01	1.14e-02	0.00e+00	3.93e-17	1.18e-16	1.97e-16	8.00e-12	1.66e-11	9.07e-51
 9.23403e+14	6.00e-16	2.92e-11	2.20e-07	2.46e-04	9.89e-01	1.07e-02	0.00e+00	4.90e-17	1.47e-16	2.46e-16	9.49e-12	1.97e-11	1.68e-50
 9.57149e+14	7.90e-16	3.61e-11	2.55e-07	2.66e-04	9.90e-01	9.94e-03	0.00e+00	6.47e-17	1.94e-16	3.25e-16	1.17e-11	2.43e-11	3.63e-50
 9.92631e+14	1.04e-15	4.47e-11	2.96e-07	2.87e-04	9.91e-01	9.21e-03	0.00e+00	8.55e-17	2.57e-16	4.29e-16	1.45e-11	3.02e-11	7.93e-50
 1.02407e+15	1.33e-15	5.38e-11	3.36e-07	3.07e-04	9.91e-01	8.62e-03	0.00e+00	1.09e-16	3.26e-16	5.45e-16	1.75e-11	3.63e-11	1.55e-49
 1.05796e+15	1.70e-15	6.52e-11	3.84e-07	3.29e-04	9.92e-01	8.05e-03	0.00e+00	1.39e-16	4.18e-16	7.00e-16	2.12e-11	4.40e-11	3.12e-49
 1.09868e+15	2.27e-15	8.14e-11	4.49e-07	3.57e-04	9.92e-01	7.43e-03	0.00e+00	1.86e-16	5.58e-16	9.33e-16	2.64e-11	5.49e-11	7.03e-49
 1.13908e+15	2.98e-15	1.01e-10	5.20e-07	3.86e-04	9.93e-01	6.88e-03	0.00e+00	2.45e-16	7.34e-16	1.23e-15	3.27e-11	6.80e-11	1.52e-48
 1.17535e+15	3.79e-15	1.21e-10	5.91e-07	4.13e-04	9.93e-01	6.44e-03	0.00e+00	3.10e-16	9.32e-16	1.56e-15	3.93e-11	8.17e-11	2.99e-48
 1.21544e+15	4.87e-15	1.47e-10	6.79e-07	4.44e-04	9.94e-01	5.99e-03	0.00e+00	3.99e-16	1.20e-15	2.01e-15	4.78e-11	9.95e-11	6.12e-48
 1.26287e+15	6.50e-15	1.84e-10	7.95e-07	4.83e-04	9.94e-01	5.52e-03	0.00e+00	5.33e-16	1.60e-15	2.68e-15	5.98e-11	1.25e-10	1.39e-47
 1.30999e+15	8.54e-15	2.28e-10	9.23e-07	5.22e-04	9.94e-01	5.10e-03	0.00e+00	7.02e-16	2.11e-15	3.52e-15	7.40e-11	1.54e-10	3.02e-47
 1.35409e+15	1.10e-14	2.77e-10	1.06e-06	5.61e-04	9.95e-01	4.75e-03	0.00e+00	9.00e-16	2.70e-15	4.52e-15	8.98e-11	1.87e-10	6.14e-47
 1.39228e+15	1.35e-14	3.26e-10	1.19e-06	5.97e-04	9.95e-01	4.47e-03	0.00e+00	1.11e-15	3.32e-15	5.55e-15	1.06e-10	2.20e-10	1.11e-46
 1.42389e+15	1.59e-14	3.71e-10	1.30e-06	6.27e-04	9.95e-01	4.26e-03	0.00e+00	1.31e-15	3.92e-15	6.56e-15	1.20e-10	2.51e-10	1.79e-46
 1.45879e+15	1.90e-14	4.27e-10	1.44e-06	6.61e-04	9.95e-01	4.04e-03	0.00e+00	1.56e-15	4.69e-15	7.85e-15	1.38e-10	2.88e-10	2.98e-46
 1.50416e+15	2.38e-14	5.10e-10	1.63e-06	7.07e-04	9.96e-01	3.78e-03	0.00e+00	1.96e-15	5.89e-15	9.84e-15	1.65e-10	3.45e-10	5.71e-46
 1.55167e+15	2.99e-14	6.10e-10	1.85e-06	7.58e-04	9.96e-01	3.53e-03	0.00e+00	2.46e-15	7.39e-15	1.24e-14	1.98e-10	4.13e-10	1.10e-45
 1.59217e+15	3.60e-14	7.07e-10	2.06e-06	8.02e-04	9.96e-01	3.33e-03	0.00e+00	2.97e-15	8.91e-15	1.49e-14	2.29e-10	4.78e-10	1.88e-45
 1.63499e+15	4.36e-14	8.24e-10	2.30e-06	8.50e-04	9.96e-01	3.14e-03	0.00e+00	3.60e-15	1.08e-14	1.80e-14	2.67e-10	5.57e-10	3.27e-45
 1.69067e+15	5.55e-14	9.99e-10	2.64e-06	9.17e-04	9.96e-01	2.92e-03	0.00e+00	4.58e-15	1.38e-14	2.30e-14	3.24e-10	6.75e-10	6.60e-45
 1.74794e+15	7.04e-14	1.21e-09	3.03e-06	9.88e-04	9.96e-01	2.71e-03	0.00e+00	5.81e-15	1.74e-14	2.91e-14	3.92e-10	8.16e-10	1.32e-44
 1.79544e+15	8.03e-14	1.41e-09	3.38e-06	1.05e-03	9.96e-01	2.55e-03	0.00e+00	6.63e-15	1.99e-14	3.33e-14	4.56e-10	9.51e-10	2.24e-44
 1.84533e+15	9.68e-14	1.64e-09	3.79e-06	1.12e-03	9.96e-01	2.39e-03	0.00e+00	8.00e-15	2.40e-14	4.01e-14	5.33e-10	1.11e-09	3.93e-44
 1.91019e+15	1.22e-13	2.00e-09	4.37e-06	1.21e-03	9.97e-01	2.21e-03	0.00e+00	1.01e-14	3.04e-14	5.08e-14	6.48e-10	1.35e-09	7.98e-44
 1.97841e+15	1.54e-13	2.43e-09	5.05e-06	1.31e-03	9.97e-01	2.04e-03	0.00e+00	1.28e-14	3.84e-14	6.42e-14	7.89e-10	1.64e-09	1.63e-43
 2.03725e+15	1.87e-13	2.87e-09	5.70e-06	1.40e-03	9.97e-01	1.91e-03	0.00e+00	1.55e-14	4.66e-14	7.78e-14	9.30e-10	1.94e-09	2.95e-43
 2.09998e+15	2.28e-13	3.39e-09	6.46e-06	1.50e-03	9.97e-01	1.78e-03	0.00e+00	1.89e-14	5.68e-14	9.49e-14	1.10e-09	2.29e-09	5.43e-43
 2.17815e+15	2.89e-13	4.16e-09	7.52e-06	1.63e-03	9.97e-01	1.64e-03	0.00e+00	2.40e-14	7.20e-14	1.20e-13	1.35e-09	2.81e-09	1.14e-42
 2.25880e+15	3.63e-13	5.08e-09	8.74e-06	1.78e-03	9.97e-01	1.50e-03	0.00e+00	3.02e-14	9.06e-14	1.51e-13	1.65e-09	3.43e-09	2.36e-42
 2.33055e+15	4.40e-13	6.03e-09	9.94e-06	1.91e-03	9.97e-01	1.40e-03	0.00e+00	3.66e-14	1.10e-13	1.84e-13	1.96e-09	4.07e-09	4.41e-42
 2.40835e+15	5.41e-13	7.23e-09	1.14e-05	2.06e-03	9.97e-01	1.30e-03	0.00e+00	4.51e-14	1.35e-13	2.26e-13	2.35e-09	4.88e-09	8.78e-42
 2.50139e+15	6.77e-13	8.87e-09	1.33e-05	2.26e-03	9.97e-01	1.18e-03	0.00e+00	5.65e-14	1.70e-13	2.84e-13	2.88e-09	5.99e-09	1.84e-41
 2.59346e+15	8.36e-13	1.08e-08	1.54e-05	2.46e-03	9.96e-01	1.08e-03	0.00e+00	6.98e-14	2.10e-13	3.50e-13	3.51e-09	7.28e-09	3.76e-41
 2.67659e+15	1.01e-12	1.28e-08	1.76e-05	2.64e-03	9.96e-01	1.01e-03	0.00e+00	8.42e-14	2.53e-13	4.23e-13	4.17e-09	8.64e-09	7.06e-41
 2.76888e+15	1.22e-12	1.53e-08	2.02e-05	2.87e-03	9.96e-01	9.28e-04	0.00e+00	1.02e-13	3.07e-13	5.12e-13	5.00e-09	1.03e-08	1.37e-40
 2.85911e+15	1.45e-12	1.82e-08	2.30e-05	3.09e-03	9.96e-01	8.59e-04	0.00e+00	1.22e-13	3.66e-13	6.11e-13	5.93e-09	1.23e-08	2.59e-40
 2.92636e+15	1.65e-12	2.06e-08	2.53e-05	3.27e-03	9.96e-01	8.13e-04	0.00e+00	1.38e-13	4.15e-13	6.94e-13	6.71e-09	1.39e-08	4.08e-40
 2.99349e+15	1.87e-12	2.32e-08	2.77e-05	3.45e-03	9.96e-01	7.69e-04	0.00e+00	1.57e-13	4.71e-13	7.87e-13	7.58e-09	1.57e-08	6.44e-40
 3.08075e+15	2.19e-12	2.71e-08	3.12e-05	3.69e-03	9.96e-01	7.18e-04	0.00e+00	1.84e-13	5.52e-13	9.23e-13	8.83e-09	1.82e-08	1.14e-39
 3.17421e+15	2.56e-12	3.17e-08	3.53e-05	3.96e-03	9.95e-01	6.68e-04	0.00e+00	2.16e-13	6.47e-13	1.08e-12	1.04e-08	2.14e-08	2.06e-39
 3.25643e+15	2.92e-12	3.62e-08	3.91e-05	4.21e-03	9.95e-01	6.27e-04	0.00e+00	2.47e-13	7.41e-13	1.24e-12	1.18e-08	2.44e-08	3.40e-39
 3.34399e+15	3.37e-12	4.17e-08	4.36e-05	4.49e-03	9.95e-01	5.88e-04	0.00e+00	2.85e-13	8.55e-13	1.43e-12	1.36e-08	2.81e-08	5.78e-39
 3.45782e+15	4.02e-12	4.99e-08	4.99e-05	4.86e-03	9.95e-01	5.42e-04	0.00e+00	3.40e-13	1.02e-12	1.71e-12	1.63e-08	3.36e-08	1.13e-38
 3.57305e+15	4.73e-12	5.92e-08	5.70e-05	5.25e-03	9.94e-01	5.00e-04	0.00e+00	4.01e-13	1.20e-12	2.01e-12	1.94e-08	3.98e-08	2.16e-38
 3.66595e+15	5.38e-12	6.76e-08	6.32e-05	5.58e-03	9.94e-01	4.70e-04	0.00e+00	4.57e-13	1.37e-12	2.29e-12	2.21e-08	4.55e-08	3.56e-38
 3.76256e+15	6.16e-12	7.76e-08	7.03e-05	5.94e-03	9.94e-01	4.41e-04	0.00e+00	5.23e-13	1.57e-12	2.62e-12	2.54e-08	5.22e-08	6.00e-38
 3.88816e+15	7.28e-12	9.24e-08	8.03e-05	6.42e-03	9.93e-01	4.07e-04	0.00e+00	6.19e-13	1.86e-12	3.10e-12	3.02e-08	6.21e-08	1.18e-37
 4.02101e+15	8.57e-12	1.10e-07	9.20e-05	6.96e-03	9.93e-01	3.74e-04	0.00e+00	7.30e-13	2.19e-12	3.66e-12	3.61e-08	7.40e-08	2.35e-37
 4.13706e+15	9.82e-12	1.28e-07	1.03e-04	7.44e-03	9.92e-01	3.49e-04	0.00e+00	8.38e-13	2.52e-12	4.20e-12	4.19e-08	8.59e-08	4.21e-37
 4.26167e+15	1.14e-11	1.49e-07	1.16e-04	7.99e-03	9.92e-01	3.24e-04	0.00e+00	9.77e-13	2.93e-12	4.90e-12	4.90e-08	1.00e-07	7.78e-37
 4.41876e+15	1.37e-11	1.81e-07	1.35e-04	8.71e-03	9.91e-01	2.97e-04	0.00e+00	1.18e-12	3.53e-12	5.89e-12	5.94e-08	1.22e-07	1.65e-36
 4.58029e+15	1.62e-11	2.18e-07	1.56e-04	9.49e-03	9.90e-01	2.71e-04	0.00e+00	1.39e-12	4.17e-12	6.97e-12	7.15e-08	1.46e-07	3.44e-36
 4.72148e+15	1.90e-11	2.55e-07	1.76e-04	1.02e-02	9.89e-01	2.52e-04	0.00e+00	1.63e-12	4.89e-12	8.17e-12	8.39e-08	1.72e-07	6.37e-36
 4.87401e+15	2.21e-11	3.03e-07	2.00e-04	1.10e-02	9.89e-01	2.33e-04	0.00e+00	1.90e-12	5.70e-12	9.52e-12	9.95e-08	2.03e-07	1.23e-35
 5.05943e+15	2.66e-11	3.69e-07	2.33e-04	1.20e-02	9.88e-01	2.12e-04	0.00e+00	2.29e-12	6.88e-12	1.15e-11	1.21e-07	2.47e-07	2.66e-35
 5.24595e+15	3.16e-11	4.46e-07	2.69e-04	1.31e-02	9.86e-01	1.94e-04	0.00e+00	2.72e-12	8.17e-12	1.36e-11	1.47e-07	2.99e-07	5.51e-35
 5.38979e+15	3.61e-11	5.12e-07	3.00e-04	1.40e-02	9.86e-01	1.81e-04	0.00e+00	3.11e-12	9.34e-12	1.56e-11	1.68e-07	3.43e-07	9.29e-35
 5.49818e+15	3.90e-11	5.69e-07	3.25e-04	1.46e-02	9.85e-01	1.72e-04	0.00e+00	3.37e-12	1.01e-11	1.69e-11	1.87e-07	3.82e-07	1.39e-34
 5.61741e+15	4.37e-11	6.39e-07	3.55e-04	1.54e-02	9.84e-01	1.63e-04	0.00e+00	3.77e-12	1.13e-11	1.89e-11	2.10e-07	4.29e-07	2.18e-34
 5.77240e+15	5.07e-11	7.40e-07	3.96e-04	1.64e-02	9.83e-01	1.52e-04	0.00e+00	4.39e-12	1.32e-11	2.20e-11	2.44e-07	4.96e-07	3.82e-34
 5.94121e+15	5.83e-11	8.65e-07	4.46e-04	1.76e-02	9.82e-01	1.42e-04	0.00e+00	5.05e-12	1.52e-11	2.53e-11	2.85e-07	5.80e-07	6.85e-34
 6.09243e+15	6.68e-11	9.89e-07	4.93e-04	1.87e-02	9.81e-01	1.33e-04	0.00e+00	5.79e-12	1.74e-11	2.90e-11	3.26e-07	6.63e-07	1.13e-33
 6.25342e+15	7.70e-11	1.14e-06	5.49e-04	1.99e-02	9.79e-01	1.25e-04	0.00e+00	6.68e-12	2.01e-11	3.35e-11	3.76e-07	7.65e-07	1.93e-33
 6.46272e+15	9.23e-11	1.37e-06	6.28e-04	2.15e-02	9.78e-01	1.15e-04	0.00e+00	8.03e-12	2.41e-11	4.02e-11	4.51e-07	9.16e-07	3.81e-33
 6.67234e+15	1.09e-10	1.62e-06	7.15e-04	2.32e-02	9.76e-01	1.06e-04	0.00e+00	9.48e-12	2.84e-11	4.75e-11	5.35e-07	1.09e-06	7.11e-33
 6.83782e+15	1.24e-10	1.85e-06	7.89e-04	2.46e-02	9.75e-01	9.96e-05	0.00e+00	1.08e-11	3.24e-11	5.41e-11	6.11e-07	1.24e-06	1.15e-32
 7.00839e+15	1.42e-10	2.12e-06	8.74e-04	2.61e-02	9.73e-01	9.35e-05	0.00e+00	1.24e-11	3.73e-11	6.23e-11	7.01e-07	1.42e-06	1.86e-32
 7.23012e+15	1.71e-10	2.52e-06	9.95e-04	2.81e-02	9.71e-01	8.63e-05	0.00e+00	1.49e-11	4.48e-11	7.47e-11	8.34e-07	1.69e-06	3.48e-32
 7.46463e+15	2.03e-10	3.01e-06	1.13e-03	3.04e-02	9.68e-01	7.96e-05	0.00e+00	1.77e-11	5.32e-11	8.89e-11	9.94e-07	2.01e-06	6.44e-32
 7.66787e+15	2.36e-10	3.48e-06	1.27e-03	3.24e-02	9.66e-01	7.44e-05	0.00e+00	2.07e-11	6.21e-11	1.04e-10	1.15e-06	2.33e-06	1.07e-31
 7.88422e+15	2.78e-10	4.08e-06	1.42e-03	3.46e-02	9.64e-01	6.93e-05	0.00e+00	2.44e-11	7.32e-11	1.22e-10	1.35e-06	2.73e-06	1.87e-31
 8.16548e+15	3.46e-10	4.98e-06	1.65e-03	3.77e-02	9.61e-01	6.33e-05	0.00e+00	3.04e-11	9.13e-11	1.52e-10	1.65e-06	3.33e-06	3.75e-31
 8.44721e+15	4.20e-10	6.00e-06	1.90e-03	4.09e-02	9.57e-01	5.81e-05	0.00e+00	3.70e-11	1.11e-10	1.85e-10	1.98e-06	4.01e-06	6.96e-31
 8.67465e+15	4.92e-10	6.95e-06	2.12e-03	4.37e-02	9.54e-01	5.43e-05	0.00e+00	4.33e-11	1.30e-10	2.17e-10	2.30e-06	4.65e-06	1.13e-30
 8.91542e+15	5.86e-10	8.14e-06	2.39e-03	4.67e-02	9.51e-01	5.06e-05	0.00e+00	5.17e-11	1.55e-10	2.59e-10	2.69e-06	5.45e-06	1.93e-30
 9.22843e+15	7.24e-10	9.94e-06	2.78e-03	5.09e-02	9.46e-01	4.62e-05	0.00e+00	6.39e-11	1.92e-10	3.20e-10	3.29e-06	6.65e-06	3.76e-30
 9.51088e+15	8.62e-10	1.17e-05	3.15e-03	5.47e-02	9.42e-01	4.29e-05	0.00e+00	7.62e-11	2.29e-10	3.82e-10	3.87e-06	7.82e-06	6.21e-30
 9.70376e+15	9.84e-10	1.31e-05	3.43e-03	5.75e-02	9.39e-01	4.08e-05	0.00e+00	8.70e-11	2.61e-10	4.36e-10	4.34e-06	8.76e-06	8.89e-30
 9.90467e+15	1.12e-09	1.48e-05	3.76e-03	6.06e-02	9.36e-01	3.86e-05	0.00e+00	9.90e-11	2.97e-10	4.96e-10	4.90e-06	9.89e-06	1.31e-29
 1.01659e+16	1.33e-09	1.73e-05	4.23e-03	6.48e-02	9.31e-01	3.61e-05	0.00e+00	1.18e-10	3.55e-10	5.92e-10	5.73e-06	1.16e-05	2.16e-29
 1.04337e+16	1.56e-09	2.00e-05	4.73e-03	6.91e-02	9.26e-01	3.37e-05	0.00e+00	1.38e-10	4.14e-10	6.91e-10	6.64e-06	1.34e-05	3.37e-29
 1.06704e+16	1.82e-09	2.29e-05	5.24e-03	7.32e-02	9.22e-01	3.18e-05	0.00e+00	1.61e-10	4.84e-10	8.08e-10	7.58e-06	1.53e-05	5.05e-29
 1.09383e+16	2.14e-09	2.66e-05	5.88e-03	7.80e-02	9.16e-01	2.98e-05	0.00e+00	1.90e-10	5.71e-10	9.53e-10	8.83e-06	1.78e-05	8.07e-29
 1.12237e+16	2.55e-09	3.10e-05	6.62e-03	8.35e-02	9.10e-01	2.79e-05	0.00e+00	2.27e-10	6.81e-10	1.14e-09	1.03e-05	2.07e-05	1.27e-28
 1.14868e+16	3.00e-09	3.56e-05	7.37e-03	8.86e-02	9.04e-01	2.62e-05	0.00e+00	2.67e-10	8.02e-10	1.34e-09	1.18e-05	2.38e-05	1.91e-28
 1.17833e+16	3.58e-09	4.19e-05	8.35e-03	9.49e-02	8.97e-01	2.45e-05	0.00e+00	3.19e-10	9.57e-10	1.60e-09	1.39e-05	2.80e-05	3.10e-28
 1.20981e+16	4.34e-09	4.93e-05	9.47e-03	1.02e-01	8.89e-01	2.29e-05	0.00e+00	3.87e-10	1.16e-09	1.94e-09	1.63e-05	3.29e-05	4.94e-28
 1.23756e+16	5.06e-09	5.67e-05	1.06e-02	1.08e-01	8.81e-01	2.15e-05	0.00e+00	4.52e-10	1.36e-09	2.26e-09	1.88e-05	3.78e-05	7.28e-28
 1.26753e+16	6.14e-09	6.66e-05	1.20e-02	1.16e-01	8.72e-01	2.02e-05	0.00e+00	5.49e-10	1.65e-09	2.75e-09	2.21e-05	4.45e-05	1.17e-27
 1.29974e+16	7.35e-09	7.82e-05	1.36e-02	1.24e-01	8.62e-01	1.89e-05	0.00e+00	6.59e-10	1.98e-09	3.30e-09	2.60e-05	5.22e-05	1.82e-27
 1.32856e+16	8.78e-09	9.05e-05	1.53e-02	1.32e-01	8.52e-01	1.78e-05	0.00e+00	7.87e-10	2.36e-09	3.94e-09	3.01e-05	6.05e-05	2.73e-27
 1.35567e+16	1.04e-08	1.04e-04	1.70e-02	1.40e-01	8.43e-01	1.68e-05	0.00e+00	9.31e-10	2.79e-09	4.65e-09	3.45e-05	6.94e-05	3.99e-27
