#depth	N	N+	N+2	N+3	N+4	N+5	N+6	N+7
 1.49634e+10	0.00e+00	0.00e+00	7.64e-30	2.79e-20	2.46e-11	8.33e-02	9.06e-01	1.04e-02
 4.54887e+10	0.00e+00	6.62e-40	1.05e-29	3.54e-20	2.88e-11	9.01e-02	9.00e-01	9.52e-03
 7.72350e+10	0.00e+00	0.00e+00	1.43e-29	4.47e-20	3.37e-11	9.73e-02	8.94e-01	8.73e-03
 1.10251e+11	0.00e+00	1.45e-39	1.96e-29	5.66e-20	3.94e-11	1.05e-01	8.87e-01	8.00e-03
 1.41245e+11	0.00e+00	0.00e+00	2.61e-29	7.00e-20	4.53e-11	1.13e-01	8.80e-01	7.39e-03
 1.68902e+11	0.00e+00	2.81e-39	3.33e-29	8.40e-20	5.11e-11	1.19e-01	8.74e-01	6.90e-03
 1.99941e+11	0.00e+00	0.00e+00	4.34e-29	1.02e-19	5.83e-11	1.27e-01	8.66e-01	6.40e-03
 2.36797e+11	0.00e+00	5.75e-39	5.89e-29	1.29e-19	6.77e-11	1.37e-01	8.57e-01	5.86e-03
 2.73753e+11	0.00e+00	0.00e+00	7.90e-29	1.60e-19	7.82e-11	1.47e-01	8.48e-01	5.38e-03
 3.08398e+11	0.00e+00	1.16e-38	1.03e-28	1.95e-19	8.91e-11	1.56e-01	8.39e-01	4.97e-03
 3.46872e+11	0.00e+00	0.00e+00	1.37e-28	2.41e-19	1.02e-10	1.67e-01	8.29e-01	4.57e-03
 3.89796e+11	0.00e+00	2.43e-38	1.86e-28	3.02e-19	1.19e-10	1.79e-01	8.17e-01	4.16e-03
 4.31302e+11	0.00e+00	0.00e+00	2.47e-28	3.73e-19	1.36e-10	1.91e-01	8.05e-01	3.82e-03
 4.75344e+11	0.00e+00	4.99e-38	3.29e-28	4.63e-19	1.57e-10	2.04e-01	7.93e-01	3.49e-03
 5.22642e+11	0.00e+00	0.00e+00	4.45e-28	5.78e-19	1.81e-10	2.18e-01	7.79e-01	3.17e-03
 5.68074e+11	0.00e+00	1.03e-37	5.86e-28	7.10e-19	2.07e-10	2.31e-01	7.66e-01	2.90e-03
 6.16966e+11	0.00e+00	0.00e+00	7.81e-28	8.78e-19	2.37e-10	2.46e-01	7.52e-01	2.64e-03
 6.71571e+11	0.00e+00	2.19e-37	1.06e-27	1.10e-18	2.74e-10	2.62e-01	7.35e-01	2.38e-03
 7.25996e+11	0.00e+00	0.00e+00	1.43e-27	1.37e-18	3.15e-10	2.79e-01	7.19e-01	2.15e-03
 7.82598e+11	0.00e+00	4.60e-37	1.92e-27	1.70e-18	3.62e-10	2.96e-01	7.02e-01	1.95e-03
 8.43828e+11	0.00e+00	0.00e+00	2.60e-27	2.13e-18	4.18e-10	3.14e-01	6.84e-01	1.75e-03
 9.07508e+11	0.00e+00	9.97e-37	3.53e-27	2.66e-18	4.81e-10	3.33e-01	6.65e-01	1.56e-03
 9.73736e+11	0.00e+00	0.00e+00	4.79e-27	3.33e-18	5.54e-10	3.53e-01	6.45e-01	1.40e-03
 1.03551e+12	0.00e+00	2.07e-36	6.29e-27	4.06e-18	6.27e-10	3.71e-01	6.27e-01	1.26e-03
 1.09029e+12	1.11e-46	2.79e-36	7.94e-27	4.81e-18	6.97e-10	3.87e-01	6.12e-01	1.16e-03
 1.15186e+12	0.00e+00	0.00e+00	1.02e-26	5.79e-18	7.82e-10	4.05e-01	5.94e-01	1.05e-03
 1.22535e+12	0.00e+00	5.58e-36	1.37e-26	7.16e-18	8.92e-10	4.26e-01	5.73e-01	9.32e-04
 1.30019e+12	4.02e-46	8.03e-36	1.82e-26	8.81e-18	1.01e-09	4.46e-01	5.53e-01	8.30e-04
 1.37150e+12	0.00e+00	0.00e+00	2.36e-26	1.06e-17	1.14e-09	4.65e-01	5.34e-01	7.46e-04
 1.43813e+12	0.00e+00	1.51e-35	2.99e-26	1.26e-17	1.26e-09	4.83e-01	5.17e-01	6.75e-04
 1.50104e+12	1.22e-45	1.99e-35	3.71e-26	1.47e-17	1.38e-09	4.99e-01	5.01e-01	6.16e-04
 1.57337e+12	0.00e+00	0.00e+00	4.72e-26	1.75e-17	1.54e-09	5.16e-01	4.83e-01	5.55e-04
 1.65429e+12	0.00e+00	3.77e-35	6.12e-26	2.11e-17	1.72e-09	5.36e-01	4.64e-01	4.95e-04
 1.73061e+12	3.84e-45	5.10e-35	7.73e-26	2.49e-17	1.90e-09	5.53e-01	4.46e-01	4.45e-04
 1.81408e+12	0.00e+00	0.00e+00	9.92e-26	2.98e-17	2.11e-09	5.72e-01	4.28e-01	3.97e-04
 1.90616e+12	0.00e+00	9.85e-35	1.29e-25	3.60e-17	2.36e-09	5.91e-01	4.08e-01	3.51e-04
 1.99126e+12	1.24e-44	1.33e-34	1.63e-25	4.25e-17	2.61e-09	6.08e-01	3.91e-01	3.14e-04
 2.08371e+12	0.00e+00	0.00e+00	2.09e-25	5.07e-17	2.89e-09	6.26e-01	3.74e-01	2.78e-04
 2.18693e+12	0.00e+00	2.58e-34	2.73e-25	6.13e-17	3.22e-09	6.45e-01	3.55e-01	2.44e-04
 2.28424e+12	4.10e-44	3.52e-34	3.47e-25	7.26e-17	3.56e-09	6.62e-01	3.38e-01	2.17e-04
 2.39082e+12	0.00e+00	4.89e-34	4.48e-25	8.70e-17	3.94e-09	6.79e-01	3.20e-01	1.90e-04
 2.50955e+12	9.46e-44	6.95e-34	5.88e-25	1.05e-16	4.40e-09	6.98e-01	3.02e-01	1.65e-04
 2.62158e+12	0.00e+00	9.58e-34	7.54e-25	1.26e-16	4.87e-09	7.14e-01	2.86e-01	1.45e-04
 2.72736e+12	2.01e-43	1.28e-33	9.44e-25	1.47e-16	5.32e-09	7.28e-01	2.72e-01	1.29e-04
 2.84750e+12	0.00e+00	1.76e-33	1.21e-24	1.75e-16	5.87e-09	7.43e-01	2.57e-01	1.13e-04
 2.98255e+12	4.57e-43	2.49e-33	1.58e-24	2.11e-16	6.52e-09	7.59e-01	2.41e-01	9.73e-05
 3.11673e+12	0.00e+00	3.47e-33	2.04e-24	2.53e-16	7.21e-09	7.74e-01	2.26e-01	8.44e-05
 3.24802e+12	1.01e-42	4.75e-33	2.59e-24	2.99e-16	7.91e-09	7.87e-01	2.13e-01	7.37e-05
 3.39348e+12	0.00e+00	6.62e-33	3.35e-24	3.58e-16	8.74e-09	8.00e-01	2.00e-01	6.37e-05
 3.55310e+12	2.36e-42	9.42e-33	4.40e-24	4.33e-16	9.70e-09	8.14e-01	1.86e-01	5.45e-05
 3.69656e+12	0.00e+00	1.28e-32	5.56e-24	5.10e-16	1.06e-08	8.25e-01	1.75e-01	4.75e-05
 3.81657e+12	4.66e-42	1.63e-32	6.72e-24	5.83e-16	1.14e-08	8.34e-01	1.66e-01	4.24e-05
 3.94295e+12	0.00e+00	2.10e-32	8.16e-24	6.67e-16	1.23e-08	8.43e-01	1.57e-01	3.78e-05
 4.10726e+12	9.41e-42	2.88e-32	1.04e-23	7.91e-16	1.35e-08	8.53e-01	1.47e-01	3.27e-05
 4.27920e+12	0.00e+00	3.97e-32	1.33e-23	9.39e-16	1.48e-08	8.63e-01	1.37e-01	2.81e-05
 4.42629e+12	1.94e-41	5.17e-32	1.63e-23	1.08e-15	1.60e-08	8.71e-01	1.29e-01	2.49e-05
 4.58274e+12	0.00e+00	6.79e-32	2.01e-23	1.25e-15	1.73e-08	8.78e-01	1.22e-01	2.18e-05
 4.77956e+12	4.08e-41	9.45e-32	2.59e-23	1.49e-15	1.90e-08	8.87e-01	1.13e-01	1.86e-05
 4.98344e+12	0.00e+00	1.31e-31	3.34e-23	1.78e-15	2.09e-08	8.95e-01	1.05e-01	1.59e-05
 5.16544e+12	8.70e-41	1.74e-31	4.16e-23	2.07e-15	2.26e-08	9.02e-01	9.81e-02	1.39e-05
 5.36438e+12	0.00e+00	2.35e-31	5.23e-23	2.43e-15	2.46e-08	9.08e-01	9.15e-02	1.20e-05
 5.60132e+12	1.92e-40	3.31e-31	6.81e-23	2.92e-15	2.72e-08	9.16e-01	8.43e-02	1.01e-05
 5.84093e+12	0.00e+00	4.62e-31	8.80e-23	3.50e-15	2.99e-08	9.22e-01	7.79e-02	8.56e-06
 6.06787e+12	4.22e-40	6.25e-31	1.11e-22	4.11e-15	3.26e-08	9.28e-01	7.23e-02	7.35e-06
 6.31826e+12	0.00e+00	8.62e-31	1.42e-22	4.89e-15	3.57e-08	9.33e-01	6.68e-02	6.24e-06
 6.60092e+12	9.65e-40	1.22e-30	1.86e-22	5.90e-15	3.94e-08	9.39e-01	6.13e-02	5.22e-06
 6.88550e+12	0.00e+00	1.71e-30	2.42e-22	7.07e-15	4.34e-08	9.44e-01	5.63e-02	4.39e-06
 7.14801e+12	2.12e-39	2.31e-30	3.05e-22	8.31e-15	4.73e-08	9.48e-01	5.22e-02	3.76e-06
 7.39199e+12	0.00e+00	3.02e-30	3.75e-22	9.61e-15	5.11e-08	9.51e-01	4.88e-02	3.27e-06
 7.67247e+12	4.25e-39	4.06e-30	4.71e-22	1.13e-14	5.56e-08	9.55e-01	4.52e-02	2.80e-06
 8.00259e+12	0.00e+00	5.69e-30	6.12e-22	1.35e-14	6.12e-08	9.59e-01	4.14e-02	2.34e-06
 8.32876e+12	9.53e-39	7.82e-30	7.84e-22	1.61e-14	6.71e-08	9.62e-01	3.81e-02	1.98e-06
 8.63284e+12	0.00e+00	1.04e-29	9.79e-22	1.88e-14	7.29e-08	9.65e-01	3.53e-02	1.70e-06
 8.97295e+12	1.98e-38	1.42e-29	1.24e-21	2.23e-14	7.96e-08	9.67e-01	3.25e-02	1.44e-06
 9.31170e+12	0.00e+00	1.91e-29	1.56e-21	2.62e-14	8.68e-08	9.70e-01	3.01e-02	1.22e-06
 9.58095e+12	3.76e-38	2.39e-29	1.87e-21	2.97e-14	9.27e-08	9.72e-01	2.83e-02	1.08e-06
 9.85950e+12	0.00e+00	3.00e-29	2.23e-21	3.36e-14	9.90e-08	9.73e-01	2.66e-02	9.55e-07
 1.02216e+13	7.07e-38	4.00e-29	2.79e-21	3.94e-14	1.08e-07	9.75e-01	2.46e-02	0.00e+00
 1.06044e+13	0.00e+00	5.35e-29	3.50e-21	4.63e-14	1.17e-07	9.77e-01	2.27e-02	0.00e+00
 1.09353e+13	1.36e-37	6.81e-29	4.23e-21	5.29e-14	1.26e-07	9.79e-01	2.12e-02	0.00e+00
 1.12868e+13	0.00e+00	8.75e-29	5.14e-21	6.09e-14	1.36e-07	9.80e-01	1.98e-02	0.00e+00
 1.17302e+13	2.67e-37	1.19e-28	6.53e-21	7.21e-14	1.49e-07	9.82e-01	1.81e-02	0.00e+00
 1.21827e+13	0.00e+00	1.60e-28	8.24e-21	8.53e-14	1.62e-07	9.83e-01	1.67e-02	0.00e+00
 1.25727e+13	5.18e-37	2.04e-28	1.00e-20	9.79e-14	1.75e-07	9.84e-01	1.55e-02	0.00e+00
 1.29917e+13	0.00e+00	2.64e-28	1.22e-20	1.13e-13	1.89e-07	9.86e-01	1.44e-02	0.00e+00
 1.35081e+13	1.02e-36	3.57e-28	1.55e-20	1.34e-13	2.07e-07	9.87e-01	1.32e-02	0.00e+00
 1.40382e+13	0.00e+00	4.81e-28	1.96e-20	1.59e-13	2.27e-07	9.88e-01	1.21e-02	0.00e+00
 1.45207e+13	2.01e-36	6.24e-28	2.41e-20	1.84e-13	2.45e-07	9.89e-01	1.12e-02	0.00e+00
 1.50541e+13	0.00e+00	8.22e-28	3.00e-20	2.16e-13	2.67e-07	9.90e-01	1.04e-02	0.00e+00
 1.56263e+13	3.97e-36	1.09e-27	3.76e-20	2.54e-13	2.91e-07	9.90e-01	9.52e-03	0.00e+00
 1.61343e+13	0.00e+00	1.40e-27	4.56e-20	2.92e-13	3.14e-07	9.91e-01	8.83e-03	0.00e+00
 1.66799e+13	7.25e-36	1.80e-27	5.57e-20	3.37e-13	3.39e-07	9.92e-01	8.19e-03	0.00e+00
 1.73429e+13	0.00e+00	2.41e-27	7.04e-20	3.99e-13	3.72e-07	9.92e-01	7.50e-03	0.00e+00
 1.80082e+13	1.46e-35	3.20e-27	8.81e-20	4.70e-13	4.06e-07	9.93e-01	6.89e-03	0.00e+00
 1.86059e+13	0.00e+00	4.10e-27	1.07e-19	5.40e-13	4.37e-07	9.94e-01	6.41e-03	0.00e+00
 1.91775e+13	2.59e-35	5.14e-27	1.28e-19	6.15e-13	4.69e-07	9.94e-01	5.99e-03	0.00e+00
 1.98315e+13	0.00e+00	6.61e-27	1.56e-19	7.09e-13	5.06e-07	9.94e-01	5.56e-03	0.00e+00
 2.05276e+13	4.80e-35	8.55e-27	1.91e-19	8.22e-13	5.48e-07	9.95e-01	5.15e-03	0.00e+00
 2.11358e+13	0.00e+00	1.06e-26	2.27e-19	9.30e-13	5.85e-07	9.95e-01	4.82e-03	0.00e+00
 2.17843e+13	8.25e-35	1.33e-26	2.71e-19	1.06e-12	6.26e-07	9.95e-01	4.51e-03	0.00e+00
 2.26088e+13	0.00e+00	1.76e-26	3.38e-19	1.24e-12	6.81e-07	9.96e-01	4.16e-03	0.00e+00
 2.34550e+13	1.61e-34	2.31e-26	4.19e-19	1.44e-12	7.39e-07	9.96e-01	3.84e-03	0.00e+00
 2.41891e+13	2.13e-34	2.91e-26	5.02e-19	1.64e-12	7.92e-07	9.96e-01	3.59e-03	0.00e+00
 2.49849e+13	2.87e-34	3.71e-26	6.06e-19	1.87e-12	8.50e-07	9.97e-01	3.35e-03	0.00e+00
 2.59583e+13	4.06e-34	4.94e-26	7.58e-19	2.19e-12	9.25e-07	9.97e-01	3.08e-03	0.00e+00
 2.69602e+13	5.74e-34	6.56e-26	9.46e-19	2.57e-12	1.00e-06	9.97e-01	2.84e-03	0.00e+00
 2.78864e+13	7.82e-34	8.44e-26	1.15e-18	2.95e-12	1.08e-06	9.97e-01	2.64e-03	0.00e+00
 2.87792e+13	1.05e-33	1.07e-25	1.38e-18	3.36e-12	1.16e-06	9.98e-01	2.47e-03	0.00e+00
 2.98022e+13	1.44e-33	1.39e-25	1.70e-18	3.87e-12	1.25e-06	9.98e-01	2.29e-03	0.00e+00
 3.09459e+13	2.04e-33	1.85e-25	2.11e-18	4.52e-12	1.35e-06	9.98e-01	2.12e-03	0.00e+00
 3.20250e+13	2.80e-33	2.39e-25	2.58e-18	5.20e-12	1.46e-06	9.98e-01	1.97e-03	0.00e+00
 3.32043e+13	3.92e-33	3.14e-25	3.19e-18	6.03e-12	1.57e-06	9.98e-01	1.82e-03	0.00e+00
 3.45192e+13	5.61e-33	4.20e-25	4.00e-18	7.06e-12	1.71e-06	9.98e-01	1.68e-03	0.00e+00
 3.57600e+13	7.79e-33	5.49e-25	4.92e-18	8.15e-12	1.84e-06	9.98e-01	1.56e-03	0.00e+00
 3.68721e+13	1.04e-32	6.92e-25	5.88e-18	9.23e-12	1.97e-06	9.99e-01	1.46e-03	0.00e+00
 3.78687e+13	1.33e-32	8.47e-25	6.87e-18	1.03e-11	2.08e-06	9.99e-01	1.38e-03	0.00e+00
 3.89640e+13	1.74e-32	1.05e-24	8.12e-18	1.15e-11	2.21e-06	9.99e-01	1.30e-03	0.00e+00
 4.03878e+13	2.42e-32	1.38e-24	1.00e-17	1.34e-11	2.38e-06	9.99e-01	1.21e-03	0.00e+00
 4.18369e+13	3.37e-32	1.80e-24	1.23e-17	1.54e-11	2.57e-06	9.99e-01	1.12e-03	0.00e+00
 4.30172e+13	4.37e-32	2.23e-24	1.45e-17	1.72e-11	2.72e-06	9.99e-01	1.06e-03	0.00e+00
 4.42501e+13	5.70e-32	2.77e-24	1.71e-17	1.93e-11	2.89e-06	9.99e-01	9.99e-04	0.00e+00
 4.58529e+13	7.96e-32	3.63e-24	2.11e-17	2.23e-11	3.12e-06	9.99e-01	9.27e-04	0.00e+00
 4.75472e+13	1.12e-31	4.78e-24	2.60e-17	2.59e-11	3.36e-06	9.99e-01	8.60e-04	0.00e+00
 4.90204e+13	1.49e-31	6.04e-24	3.11e-17	2.93e-11	3.58e-06	9.99e-01	8.07e-04	0.00e+00
 5.05953e+13	2.01e-31	7.69e-24	3.75e-17	3.32e-11	3.83e-06	9.99e-01	7.56e-04	0.00e+00
 5.25302e+13	2.86e-31	1.02e-23	4.67e-17	3.87e-11	4.14e-06	9.99e-01	6.99e-04	0.00e+00
 5.44626e+13	4.02e-31	1.35e-23	5.77e-17	4.48e-11	4.47e-06	9.99e-01	6.48e-04	0.00e+00
 5.61414e+13	5.36e-31	1.70e-23	6.90e-17	5.06e-11	4.76e-06	9.99e-01	6.09e-04	0.00e+00
 5.79610e+13	7.25e-31	2.17e-23	8.32e-17	5.75e-11	5.09e-06	9.99e-01	5.70e-04	0.00e+00
 6.01843e+13	1.03e-30	2.90e-23	1.04e-16	6.70e-11	5.51e-06	9.99e-01	5.27e-04	0.00e+00
 6.24189e+13	1.46e-30	3.83e-23	1.29e-16	7.76e-11	5.94e-06	1.00e+00	4.88e-04	0.00e+00
 6.44051e+13	1.96e-30	4.87e-23	1.54e-16	8.81e-11	6.34e-06	1.00e+00	4.58e-04	0.00e+00
 6.65817e+13	2.69e-30	6.28e-23	1.88e-16	1.01e-10	6.80e-06	1.00e+00	4.27e-04	0.00e+00
 6.91832e+13	3.86e-30	8.42e-23	2.35e-16	1.18e-10	7.37e-06	1.00e+00	3.94e-04	0.00e+00
 7.17663e+13	5.47e-30	1.12e-22	2.92e-16	1.36e-10	7.95e-06	1.00e+00	3.66e-04	0.00e+00
 7.41210e+13	7.44e-30	1.43e-22	3.53e-16	1.55e-10	8.50e-06	1.00e+00	3.42e-04	0.00e+00
 7.67495e+13	1.04e-29	1.87e-22	4.33e-16	1.79e-10	9.14e-06	1.00e+00	3.18e-04	0.00e+00
 7.98149e+13	1.50e-29	2.53e-22	5.45e-16	2.09e-10	9.92e-06	1.00e+00	2.93e-04	0.00e+00
 8.28331e+13	2.14e-29	3.37e-22	6.79e-16	2.43e-10	1.07e-05	1.00e+00	2.72e-04	0.00e+00
 8.56957e+13	2.97e-29	4.38e-22	8.29e-16	2.79e-10	1.15e-05	1.00e+00	2.53e-04	0.00e+00
 8.88771e+13	4.20e-29	5.80e-22	1.03e-15	3.23e-10	1.24e-05	1.00e+00	2.35e-04	0.00e+00
 9.23798e+13	6.08e-29	7.82e-22	1.29e-15	3.77e-10	1.34e-05	1.00e+00	2.17e-04	0.00e+00
 9.55749e+13	8.43e-29	1.02e-21	1.58e-15	4.32e-10	1.44e-05	1.00e+00	2.03e-04	0.00e+00
 9.84550e+13	1.12e-28	1.28e-21	1.88e-15	4.87e-10	1.53e-05	1.00e+00	1.91e-04	0.00e+00
 1.01226e+14	1.47e-28	1.59e-21	2.22e-15	5.44e-10	1.62e-05	1.00e+00	1.80e-04	0.00e+00
 1.04310e+14	1.96e-28	2.01e-21	2.65e-15	6.14e-10	1.72e-05	1.00e+00	1.69e-04	0.00e+00
 1.07716e+14	2.67e-28	2.58e-21	3.20e-15	6.98e-10	1.84e-05	1.00e+00	1.59e-04	0.00e+00
 1.10870e+14	3.54e-28	3.23e-21	3.80e-15	7.84e-10	1.95e-05	1.00e+00	1.50e-04	0.00e+00
 1.14302e+14	4.76e-28	4.10e-21	4.55e-15	8.86e-10	2.07e-05	1.00e+00	1.41e-04	0.00e+00
 1.18163e+14	6.56e-28	5.31e-21	5.53e-15	1.01e-09	2.22e-05	1.00e+00	1.31e-04	0.00e+00
 1.21844e+14	8.86e-28	6.76e-21	6.64e-15	1.14e-09	2.36e-05	1.00e+00	1.24e-04	0.00e+00
 1.25891e+14	1.22e-27	8.75e-21	8.06e-15	1.30e-09	2.52e-05	1.00e+00	1.16e-04	0.00e+00
 1.30416e+14	1.72e-27	1.15e-20	9.95e-15	1.50e-09	2.71e-05	1.00e+00	1.08e-04	0.00e+00
 1.34686e+14	2.37e-27	1.49e-20	1.20e-14	1.71e-09	2.89e-05	1.00e+00	1.01e-04	0.00e+00
 1.39358e+14	3.31e-27	1.95e-20	1.48e-14	1.96e-09	3.10e-05	1.00e+00	9.42e-05	0.00e+00
 1.44545e+14	4.75e-27	2.60e-20	1.83e-14	2.26e-09	3.33e-05	1.00e+00	8.76e-05	0.00e+00
 1.49371e+14	6.57e-27	3.37e-20	2.23e-14	2.58e-09	3.56e-05	1.00e+00	8.20e-05	0.00e+00
 1.54614e+14	9.24e-27	4.43e-20	2.74e-14	2.96e-09	3.81e-05	1.00e+00	7.65e-05	0.00e+00
 1.60480e+14	1.34e-26	5.96e-20	3.42e-14	3.43e-09	4.11e-05	1.00e+00	7.10e-05	0.00e+00
 1.66009e+14	1.87e-26	7.80e-20	4.18e-14	3.93e-09	4.40e-05	1.00e+00	6.64e-05	0.00e+00
 1.72024e+14	2.66e-26	1.03e-19	5.17e-14	4.52e-09	4.72e-05	1.00e+00	6.18e-05	0.00e+00
 1.78735e+14	3.89e-26	1.40e-19	6.50e-14	5.27e-09	5.09e-05	1.00e+00	5.73e-05	0.00e+00
 1.85093e+14	5.52e-26	1.85e-19	8.02e-14	6.06e-09	5.46e-05	1.00e+00	5.34e-05	0.00e+00
 1.91904e+14	7.91e-26	2.47e-19	9.95e-14	6.99e-09	5.87e-05	1.00e+00	4.97e-05	0.00e+00
 1.99610e+14	1.17e-25	3.38e-19	1.26e-13	8.18e-09	6.34e-05	1.00e+00	4.60e-05	0.00e+00
 2.07195e+14	1.70e-25	4.56e-19	1.57e-13	9.49e-09	6.83e-05	1.00e+00	4.27e-05	0.00e+00
 2.15083e+14	2.46e-25	6.14e-19	1.97e-13	1.10e-08	7.36e-05	1.00e+00	3.96e-05	0.00e+00
 2.23717e+14	3.65e-25	8.40e-19	2.49e-13	1.29e-08	7.96e-05	1.00e+00	3.66e-05	0.00e+00
 2.31072e+14	5.03e-25	1.09e-18	3.02e-13	1.47e-08	8.50e-05	1.00e+00	3.43e-05	0.00e+00
 2.36525e+14	6.35e-25	1.31e-18	3.48e-13	1.61e-08	8.90e-05	1.00e+00	3.28e-05	0.00e+00
 2.42275e+14	8.05e-25	1.58e-18	4.01e-13	1.77e-08	9.34e-05	1.00e+00	3.12e-05	0.00e+00
 2.49749e+14	1.09e-24	2.02e-18	4.81e-13	2.00e-08	9.92e-05	1.00e+00	2.94e-05	0.00e+00
 2.57982e+14	1.50e-24	2.61e-18	5.84e-13	2.28e-08	1.06e-04	1.00e+00	2.75e-05	0.00e+00
 2.65579e+14	2.00e-24	3.29e-18	6.95e-13	2.56e-08	1.12e-04	1.00e+00	2.59e-05	0.00e+00
 2.73834e+14	2.71e-24	4.19e-18	8.34e-13	2.89e-08	1.19e-04	1.00e+00	2.44e-05	0.00e+00
 2.83134e+14	3.76e-24	5.45e-18	1.02e-12	3.30e-08	1.28e-04	1.00e+00	2.28e-05	0.00e+00
 2.92033e+14	5.10e-24	6.97e-18	1.22e-12	3.74e-08	1.36e-04	1.00e+00	2.14e-05	0.00e+00
 3.01843e+14	7.06e-24	9.04e-18	1.49e-12	4.27e-08	1.45e-04	1.00e+00	2.00e-05	0.00e+00
 3.12752e+14	1.00e-23	1.20e-17	1.84e-12	4.92e-08	1.56e-04	1.00e+00	1.86e-05	0.00e+00
 3.22884e+14	1.37e-23	1.54e-17	2.23e-12	5.60e-08	1.67e-04	1.00e+00	1.75e-05	0.00e+00
 3.33850e+14	1.89e-23	2.00e-17	2.72e-12	6.40e-08	1.79e-04	1.00e+00	1.63e-05	0.00e+00
 3.46049e+14	2.68e-23	2.65e-17	3.36e-12	7.39e-08	1.92e-04	1.00e+00	1.51e-05	0.00e+00
 3.57402e+14	3.67e-23	3.41e-17	4.07e-12	8.42e-08	2.06e-04	1.00e+00	1.42e-05	0.00e+00
 3.69709e+14	5.09e-23	4.44e-17	4.98e-12	9.65e-08	2.20e-04	1.00e+00	1.32e-05	0.00e+00
 3.83419e+14	7.24e-23	5.90e-17	6.18e-12	1.12e-07	2.38e-04	1.00e+00	1.23e-05	0.00e+00
 3.96214e+14	9.95e-23	7.62e-17	7.51e-12	1.28e-07	2.54e-04	1.00e+00	1.15e-05	0.00e+00
 4.10112e+14	1.38e-22	9.95e-17	9.22e-12	1.47e-07	2.73e-04	1.00e+00	1.07e-05	0.00e+00
 4.25610e+14	1.98e-22	1.33e-16	1.15e-11	1.70e-07	2.95e-04	1.00e+00	9.87e-06	0.00e+00
 4.40118e+14	2.73e-22	1.72e-16	1.40e-11	1.95e-07	3.17e-04	1.00e+00	9.21e-06	0.00e+00
 4.55909e+14	3.82e-22	2.26e-16	1.73e-11	2.25e-07	3.41e-04	1.00e+00	8.55e-06	0.00e+00
 4.73491e+14	5.48e-22	3.03e-16	2.16e-11	2.62e-07	3.69e-04	1.00e+00	7.90e-06	0.00e+00
 4.89984e+14	7.60e-22	3.95e-16	2.64e-11	3.01e-07	3.96e-04	1.00e+00	7.36e-06	0.00e+00
 5.07792e+14	1.07e-21	5.19e-16	3.26e-11	3.48e-07	4.27e-04	1.00e+00	6.83e-06	0.00e+00
 5.27620e+14	1.54e-21	6.98e-16	4.09e-11	4.07e-07	4.63e-04	1.00e+00	6.30e-06	0.00e+00
 5.46605e+14	2.15e-21	9.16e-16	5.04e-11	4.69e-07	4.98e-04	9.99e-01	5.85e-06	0.00e+00
 5.63879e+14	2.89e-21	1.17e-15	6.06e-11	5.32e-07	5.32e-04	9.99e-01	5.48e-06	0.00e+00
 5.82614e+14	3.93e-21	1.50e-15	7.35e-11	6.07e-07	5.70e-04	9.99e-01	5.12e-06	0.00e+00
 6.01739e+14	5.34e-21	1.92e-15	8.89e-11	6.92e-07	6.10e-04	9.99e-01	4.78e-06	0.00e+00
 6.17310e+14	6.80e-21	2.33e-15	1.03e-10	7.67e-07	6.43e-04	9.99e-01	4.53e-06	0.00e+00
 6.33490e+14	8.69e-21	2.85e-15	1.20e-10	8.52e-07	6.79e-04	9.99e-01	4.29e-06	0.00e+00
 6.54524e+14	1.18e-20	3.65e-15	1.46e-10	9.72e-07	7.28e-04	9.99e-01	4.01e-06	0.00e+00
 6.76515e+14	1.62e-20	4.71e-15	1.77e-10	1.11e-06	7.80e-04	9.99e-01	3.74e-06	0.00e+00
 6.95241e+14	2.10e-20	5.82e-15	2.08e-10	1.24e-06	8.26e-04	9.99e-01	3.53e-06	0.00e+00
 7.15075e+14	2.73e-20	7.21e-15	2.46e-10	1.39e-06	8.77e-04	9.99e-01	3.33e-06	0.00e+00
 7.40826e+14	3.80e-20	9.44e-15	3.03e-10	1.60e-06	9.45e-04	9.99e-01	3.09e-06	0.00e+00
 7.67525e+14	5.35e-20	1.24e-14	3.74e-10	1.85e-06	1.02e-03	9.99e-01	2.87e-06	0.00e+00
 7.90110e+14	7.02e-20	1.55e-14	4.43e-10	2.08e-06	1.08e-03	9.99e-01	2.70e-06	0.00e+00
 8.14092e+14	9.32e-20	1.95e-14	5.29e-10	2.35e-06	1.15e-03	9.99e-01	2.53e-06	0.00e+00
 8.44215e+14	1.31e-19	2.58e-14	6.55e-10	2.72e-06	1.24e-03	9.99e-01	2.35e-06	0.00e+00
 8.75475e+14	1.85e-19	3.41e-14	8.12e-10	3.15e-06	1.34e-03	9.99e-01	2.17e-06	0.00e+00
 9.03201e+14	2.49e-19	4.34e-14	9.76e-10	3.57e-06	1.43e-03	9.99e-01	2.04e-06	0.00e+00
 9.33180e+14	3.38e-19	5.56e-14	1.18e-09	4.07e-06	1.53e-03	9.98e-01	1.90e-06	0.00e+00
 9.69142e+14	4.83e-19	7.43e-14	1.48e-09	4.74e-06	1.66e-03	9.98e-01	1.75e-06	0.00e+00
 1.00479e+15	6.78e-19	9.80e-14	1.83e-09	5.49e-06	1.79e-03	9.98e-01	1.62e-06	0.00e+00
 1.03684e+15	9.14e-19	1.25e-13	2.20e-09	6.23e-06	1.91e-03	9.98e-01	1.52e-06	0.00e+00
 1.07230e+15	1.25e-18	1.61e-13	2.68e-09	7.14e-06	2.05e-03	9.98e-01	1.42e-06	0.00e+00
 1.11420e+15	1.78e-18	2.15e-13	3.36e-09	8.33e-06	2.23e-03	9.98e-01	1.30e-06	0.00e+00
 1.15578e+15	2.51e-18	2.85e-13	4.17e-09	9.67e-06	2.41e-03	9.98e-01	1.21e-06	0.00e+00
 1.19447e+15	3.42e-18	3.66e-13	5.06e-09	1.10e-05	2.58e-03	9.97e-01	1.12e-06	0.00e+00
 1.23774e+15	4.73e-18	4.78e-13	6.23e-09	1.28e-05	2.79e-03	9.97e-01	1.04e-06	0.00e+00
 1.27923e+15	6.42e-18	6.13e-13	7.56e-09	1.46e-05	2.99e-03	9.97e-01	9.70e-07	0.00e+00
 1.30975e+15	7.95e-18	7.31e-13	8.68e-09	1.60e-05	3.15e-03	9.97e-01	0.00e+00	0.00e+00
 1.34039e+15	9.82e-18	8.69e-13	9.94e-09	1.76e-05	3.31e-03	9.97e-01	0.00e+00	0.00e+00
 1.38022e+15	1.28e-17	1.08e-12	1.18e-08	1.98e-05	3.53e-03	9.96e-01	0.00e+00	0.00e+00
 1.42345e+15	1.69e-17	1.36e-12	1.41e-08	2.25e-05	3.77e-03	9.96e-01	0.00e+00	0.00e+00
 1.46235e+15	2.16e-17	1.66e-12	1.65e-08	2.51e-05	4.00e-03	9.96e-01	0.00e+00	0.00e+00
 1.50419e+15	2.77e-17	2.05e-12	1.95e-08	2.81e-05	4.26e-03	9.96e-01	0.00e+00	0.00e+00
 1.55841e+15	3.80e-17	2.66e-12	2.40e-08	3.25e-05	4.60e-03	9.95e-01	0.00e+00	0.00e+00
 1.61325e+15	5.15e-17	3.42e-12	2.93e-08	3.74e-05	4.97e-03	9.95e-01	0.00e+00	0.00e+00
 1.65759e+15	6.55e-17	4.17e-12	3.43e-08	4.18e-05	5.28e-03	9.95e-01	0.00e+00	0.00e+00
 1.70378e+15	8.30e-17	5.09e-12	4.02e-08	4.67e-05	5.61e-03	9.94e-01	0.00e+00	0.00e+00
 1.76383e+15	1.12e-16	6.53e-12	4.92e-08	5.38e-05	6.07e-03	9.94e-01	0.00e+00	0.00e+00
 1.82774e+15	1.85e-16	8.44e-12	6.05e-08	6.22e-05	6.58e-03	9.93e-01	0.00e+00	0.00e+00
 1.88400e+15	2.41e-16	1.05e-11	7.21e-08	7.04e-05	7.05e-03	9.93e-01	0.00e+00	0.00e+00
 1.94444e+15	3.15e-16	1.31e-11	8.65e-08	8.01e-05	7.57e-03	9.92e-01	0.00e+00	0.00e+00
 2.01819e+15	4.34e-16	1.71e-11	1.07e-07	9.32e-05	8.25e-03	9.92e-01	0.00e+00	0.00e+00
 2.09245e+15	5.88e-16	2.21e-11	1.32e-07	1.08e-04	8.96e-03	9.91e-01	0.00e+00	0.00e+00
 2.15861e+15	7.66e-16	2.76e-11	1.59e-07	1.23e-04	9.62e-03	9.90e-01	0.00e+00	0.00e+00
 2.23104e+15	1.01e-15	3.47e-11	1.92e-07	1.40e-04	1.04e-02	9.89e-01	0.00e+00	0.00e+00
 2.31744e+15	1.38e-15	4.54e-11	2.39e-07	1.64e-04	1.13e-02	9.88e-01	0.00e+00	0.00e+00
 2.40307e+15	1.86e-15	5.86e-11	2.96e-07	1.90e-04	1.24e-02	9.87e-01	0.00e+00	0.00e+00
 2.48104e+15	2.43e-15	7.35e-11	3.56e-07	2.16e-04	1.33e-02	9.86e-01	0.00e+00	0.00e+00
 2.56799e+15	3.20e-15	9.33e-11	4.35e-07	2.49e-04	1.44e-02	9.85e-01	0.00e+00	0.00e+00
 2.65260e+15	4.15e-15	1.17e-10	5.26e-07	2.84e-04	1.56e-02	9.84e-01	0.00e+00	0.00e+00
 2.71525e+15	5.00e-15	1.38e-10	6.03e-07	3.12e-04	1.64e-02	9.83e-01	0.00e+00	0.00e+00
 2.77776e+15	6.03e-15	1.62e-10	6.89e-07	3.42e-04	1.73e-02	9.82e-01	0.00e+00	0.00e+00
 2.85902e+15	7.62e-15	1.98e-10	8.17e-07	3.85e-04	1.85e-02	9.81e-01	0.00e+00	0.00e+00
 2.94616e+15	9.70e-15	2.45e-10	9.76e-07	4.35e-04	1.99e-02	9.80e-01	0.00e+00	0.00e+00
 3.02318e+15	1.19e-14	2.93e-10	1.14e-06	4.83e-04	2.11e-02	9.78e-01	0.00e+00	0.00e+00
 3.10556e+15	1.48e-14	3.55e-10	1.33e-06	5.39e-04	2.25e-02	9.77e-01	0.00e+00	0.00e+00
 3.21265e+15	1.96e-14	4.52e-10	1.63e-06	6.19e-04	2.44e-02	9.75e-01	0.00e+00	0.00e+00
 3.32097e+15	2.55e-14	5.72e-10	1.99e-06	7.08e-04	2.64e-02	9.73e-01	0.00e+00	0.00e+00
 3.40824e+15	3.14e-14	6.86e-10	2.32e-06	7.87e-04	2.80e-02	9.71e-01	0.00e+00	0.00e+00
 3.49904e+15	3.89e-14	8.29e-10	2.71e-06	8.75e-04	2.98e-02	9.69e-01	0.00e+00	0.00e+00
 3.61709e+15	5.12e-14	1.05e-09	3.32e-06	1.00e-03	3.22e-02	9.67e-01	0.00e+00	0.00e+00
 3.74202e+15	6.71e-14	1.34e-09	4.07e-06	1.15e-03	3.48e-02	9.64e-01	0.00e+00	0.00e+00
 3.85109e+15	8.49e-14	1.65e-09	4.83e-06	1.29e-03	3.72e-02	9.61e-01	0.00e+00	0.00e+00
 3.96807e+15	1.09e-13	2.05e-09	5.80e-06	1.46e-03	3.99e-02	9.59e-01	0.00e+00	0.00e+00
 4.11489e+15	1.47e-13	2.68e-09	7.24e-06	1.70e-03	4.34e-02	9.55e-01	0.00e+00	0.00e+00
 4.26617e+15	1.98e-13	3.48e-09	9.02e-06	1.96e-03	4.72e-02	9.51e-01	0.00e+00	0.00e+00
 4.40004e+15	2.55e-13	4.35e-09	1.09e-05	2.23e-03	5.07e-02	9.47e-01	0.00e+00	0.00e+00
 4.54557e+15	3.35e-13	5.53e-09	1.33e-05	2.54e-03	5.46e-02	9.43e-01	0.00e+00	0.00e+00
 4.72041e+15	4.59e-13	7.31e-09	1.68e-05	2.97e-03	5.95e-02	9.37e-01	0.00e+00	0.00e+00
 4.89408e+15	6.19e-13	9.53e-09	2.09e-05	3.44e-03	6.46e-02	9.32e-01	0.00e+00	0.00e+00
 5.05063e+15	8.05e-13	1.20e-08	2.54e-05	3.91e-03	6.94e-02	9.27e-01	0.00e+00	0.00e+00
 5.18521e+15	9.99e-13	1.45e-08	2.98e-05	4.35e-03	7.36e-02	9.22e-01	0.00e+00	0.00e+00
 5.30119e+15	1.20e-12	1.71e-08	3.42e-05	4.76e-03	7.73e-02	9.18e-01	0.00e+00	0.00e+00
 5.43195e+15	1.48e-12	2.06e-08	3.98e-05	5.26e-03	8.17e-02	9.13e-01	0.00e+00	0.00e+00
 5.60193e+15	1.94e-12	2.60e-08	4.82e-05	5.97e-03	8.75e-02	9.06e-01	0.00e+00	0.00e+00
 5.77684e+15	2.52e-12	3.27e-08	5.83e-05	6.76e-03	9.37e-02	8.99e-01	0.00e+00	0.00e+00
 5.92060e+15	3.11e-12	3.93e-08	6.78e-05	7.47e-03	9.89e-02	8.94e-01	0.00e+00	0.00e+00
 6.06995e+15	3.88e-12	4.76e-08	7.93e-05	8.27e-03	1.04e-01	8.87e-01	0.00e+00	0.00e+00
 6.26409e+15	5.13e-12	6.05e-08	9.65e-05	9.40e-03	1.12e-01	8.79e-01	0.00e+00	0.00e+00
 6.46632e+15	6.75e-12	7.69e-08	1.17e-04	1.07e-02	1.20e-01	8.69e-01	0.00e+00	0.00e+00
 6.63652e+15	8.47e-12	9.38e-08	1.38e-04	1.19e-02	1.27e-01	8.61e-01	0.00e+00	0.00e+00
 6.81525e+15	1.08e-11	1.15e-07	1.63e-04	1.33e-02	1.34e-01	8.52e-01	0.00e+00	0.00e+00
 7.04758e+15	1.45e-11	1.49e-07	2.01e-04	1.52e-02	1.44e-01	8.41e-01	0.00e+00	0.00e+00
 7.28788e+15	1.95e-11	1.92e-07	2.48e-04	1.74e-02	1.54e-01	8.28e-01	0.00e+00	0.00e+00
 7.48902e+15	2.48e-11	2.37e-07	2.93e-04	1.94e-02	1.63e-01	8.17e-01	0.00e+00	0.00e+00
 7.70103e+15	3.20e-11	2.95e-07	3.50e-04	2.17e-02	1.73e-01	8.05e-01	0.00e+00	0.00e+00
 7.97663e+15	4.41e-11	3.88e-07	4.36e-04	2.51e-02	1.86e-01	7.89e-01	0.00e+00	0.00e+00
 8.25655e+15	5.96e-11	5.03e-07	5.40e-04	2.87e-02	1.99e-01	7.72e-01	0.00e+00	0.00e+00
 8.48731e+15	7.62e-11	6.22e-07	6.41e-04	3.21e-02	2.10e-01	7.58e-01	0.00e+00	0.00e+00
 8.73254e+15	9.91e-11	7.78e-07	7.67e-04	3.60e-02	2.21e-01	7.42e-01	0.00e+00	0.00e+00
 9.04858e+15	1.38e-10	1.03e-06	9.59e-04	4.15e-02	2.37e-01	7.21e-01	0.00e+00	0.00e+00
 9.33154e+15	1.79e-10	1.29e-06	1.16e-03	4.67e-02	2.50e-01	7.02e-01	0.00e+00	0.00e+00
 9.52670e+15	2.14e-10	1.51e-06	1.31e-03	5.07e-02	2.59e-01	6.89e-01	0.00e+00	0.00e+00
 9.73285e+15	2.62e-10	1.79e-06	1.51e-03	5.52e-02	2.69e-01	6.74e-01	0.00e+00	0.00e+00
 1.00009e+16	3.38e-10	2.22e-06	1.79e-03	6.15e-02	2.82e-01	6.54e-01	0.00e+00	0.00e+00
 1.02741e+16	4.27e-10	2.71e-06	2.11e-03	6.81e-02	2.95e-01	6.35e-01	0.00e+00	0.00e+00
 1.05117e+16	5.25e-10	3.24e-06	2.44e-03	7.44e-02	3.06e-01	6.17e-01	0.00e+00	0.00e+00
 1.07782e+16	6.65e-10	3.96e-06	2.86e-03	8.21e-02	3.18e-01	5.97e-01	0.00e+00	0.00e+00
 1.10655e+16	8.42e-10	4.84e-06	3.37e-03	9.08e-02	3.31e-01	5.75e-01	0.00e+00	0.00e+00
 1.13327e+16	1.05e-09	5.82e-06	3.91e-03	9.94e-02	3.42e-01	5.55e-01	0.00e+00	0.00e+00
 1.16329e+16	1.34e-09	7.19e-06	4.63e-03	1.10e-01	3.54e-01	5.31e-01	0.00e+00	0.00e+00
 1.19529e+16	1.72e-09	8.88e-06	5.50e-03	1.22e-01	3.66e-01	5.06e-01	0.00e+00	0.00e+00
 1.22338e+16	2.12e-09	1.06e-05	6.37e-03	1.33e-01	3.76e-01	4.85e-01	0.00e+00	0.00e+00
 1.25341e+16	2.69e-09	1.30e-05	7.46e-03	1.45e-01	3.86e-01	4.61e-01	0.00e+00	0.00e+00
 1.28597e+16	3.43e-09	1.59e-05	8.81e-03	1.60e-01	3.96e-01	4.35e-01	0.00e+00	0.00e+00
 1.31516e+16	4.21e-09	1.90e-05	1.02e-02	1.73e-01	4.04e-01	4.13e-01	0.00e+00	0.00e+00
 1.34643e+16	5.38e-09	2.33e-05	1.20e-02	1.89e-01	4.11e-01	3.87e-01	0.00e+00	0.00e+00
 1.37997e+16	6.84e-09	2.84e-05	1.41e-02	2.07e-01	4.18e-01	3.61e-01	0.00e+00	0.00e+00
 1.40979e+16	8.39e-09	3.38e-05	1.62e-02	2.23e-01	4.22e-01	3.39e-01	0.00e+00	0.00e+00
 1.43679e+16	1.02e-08	3.97e-05	1.84e-02	2.39e-01	4.24e-01	3.19e-01	0.00e+00	0.00e+00
 1.46246e+16	1.22e-08	4.63e-05	2.08e-02	2.54e-01	4.26e-01	2.99e-01	0.00e+00	0.00e+00
 1.49149e+16	1.54e-08	5.59e-05	2.41e-02	2.72e-01	4.27e-01	2.77e-01	0.00e+00	0.00e+00
 1.52179e+16	1.89e-08	6.64e-05	2.77e-02	2.92e-01	4.25e-01	2.56e-01	0.00e+00	0.00e+00
 1.54756e+16	2.28e-08	7.74e-05	3.13e-02	3.09e-01	4.23e-01	2.37e-01	0.00e+00	0.00e+00
 1.57066e+16	2.72e-08	8.95e-05	3.50e-02	3.24e-01	4.20e-01	2.21e-01	0.00e+00	0.00e+00
 1.59650e+16	3.36e-08	1.06e-04	3.98e-02	3.43e-01	4.15e-01	2.02e-01	0.00e+00	0.00e+00
 1.62371e+16	4.06e-08	1.24e-04	4.52e-02	3.62e-01	4.08e-01	1.85e-01	0.00e+00	0.00e+00
 1.64728e+16	4.87e-08	1.44e-04	5.06e-02	3.79e-01	4.00e-01	1.70e-01	0.00e+00	0.00e+00
 1.66873e+16	5.87e-08	1.67e-04	5.64e-02	3.95e-01	3.93e-01	1.56e-01	0.00e+00	0.00e+00
 1.68959e+16	6.86e-08	1.90e-04	6.24e-02	4.10e-01	3.84e-01	1.43e-01	0.00e+00	0.00e+00
 1.71344e+16	8.44e-08	2.24e-04	7.05e-02	4.28e-01	3.72e-01	1.29e-01	0.00e+00	0.00e+00
 1.73816e+16	1.06e-07	2.67e-04	8.01e-02	4.47e-01	3.59e-01	1.14e-01	0.00e+00	0.00e+00
 1.75805e+16	1.25e-07	3.05e-04	8.84e-02	4.61e-01	3.47e-01	1.03e-01	0.00e+00	0.00e+00
 1.77790e+16	1.44e-07	3.44e-04	9.77e-02	4.75e-01	3.34e-01	9.29e-02	0.00e+00	0.00e+00
 1.80004e+16	1.76e-07	4.02e-04	1.10e-01	4.91e-01	3.18e-01	8.17e-02	0.00e+00	0.00e+00
 1.81970e+16	2.26e-07	4.85e-04	1.23e-01	5.04e-01	3.02e-01	7.10e-02	0.00e+00	0.00e+00
 1.83507e+16	2.62e-07	5.44e-04	1.33e-01	5.14e-01	2.89e-01	6.40e-02	0.00e+00	0.00e+00
 1.85031e+16	2.95e-07	6.00e-04	1.44e-01	5.23e-01	2.75e-01	5.73e-02	0.00e+00	0.00e+00
 1.87013e+16	3.60e-07	7.01e-04	1.61e-01	5.34e-01	2.56e-01	4.89e-02	0.00e+00	0.00e+00
 1.88955e+16	4.44e-07	8.24e-04	1.79e-01	5.42e-01	2.37e-01	4.11e-02	0.00e+00	0.00e+00
 1.90340e+16	5.51e-07	9.64e-04	1.95e-01	5.48e-01	2.21e-01	3.54e-02	0.00e+00	0.00e+00
 1.91322e+16	6.28e-07	1.06e-03	2.06e-01	5.51e-01	2.10e-01	3.17e-02	0.00e+00	0.00e+00
 1.92281e+16	6.83e-07	1.14e-03	2.17e-01	5.54e-01	1.99e-01	2.86e-02	0.00e+00	0.00e+00
 1.93528e+16	8.44e-07	1.33e-03	2.35e-01	5.56e-01	1.84e-01	2.40e-02	0.00e+00	0.00e+00
 1.94752e+16	9.32e-07	1.44e-03	2.50e-01	5.57e-01	1.70e-01	2.08e-02	0.00e+00	0.00e+00
 1.95715e+16	1.11e-06	1.63e-03	2.65e-01	5.57e-01	1.58e-01	1.79e-02	0.00e+00	0.00e+00
 1.96439e+16	1.22e-06	1.75e-03	2.76e-01	5.56e-01	1.49e-01	1.60e-02	0.00e+00	0.00e+00
 1.97081e+16	1.31e-06	1.85e-03	2.86e-01	5.56e-01	1.42e-01	1.44e-02	0.00e+00	0.00e+00
 1.97915e+16	1.48e-06	2.01e-03	3.00e-01	5.54e-01	1.31e-01	1.25e-02	0.00e+00	0.00e+00
 1.98780e+16	1.68e-06	2.21e-03	3.15e-01	5.52e-01	1.21e-01	1.06e-02	0.00e+00	0.00e+00
 1.99470e+16	1.93e-06	2.44e-03	3.28e-01	5.48e-01	1.12e-01	9.16e-03	0.00e+00	0.00e+00
 1.99994e+16	2.09e-06	2.59e-03	3.38e-01	5.46e-01	1.06e-01	8.20e-03	0.00e+00	0.00e+00
 2.00514e+16	2.23e-06	2.72e-03	3.47e-01	5.43e-01	9.97e-02	7.34e-03	0.00e+00	0.00e+00
 2.01190e+16	2.48e-06	2.93e-03	3.60e-01	5.39e-01	9.18e-02	6.28e-03	0.00e+00	0.00e+00
 2.01923e+16	2.88e-06	3.26e-03	3.75e-01	5.33e-01	8.31e-02	5.18e-03	0.00e+00	0.00e+00
 2.02516e+16	3.20e-06	3.51e-03	3.87e-01	5.29e-01	7.66e-02	4.43e-03	0.00e+00	0.00e+00
 2.02995e+16	3.45e-06	3.71e-03	3.96e-01	5.25e-01	7.15e-02	3.90e-03	0.00e+00	0.00e+00
 2.03540e+16	3.80e-06	3.98e-03	4.08e-01	5.19e-01	6.57e-02	3.32e-03	0.00e+00	0.00e+00
 2.04248e+16	4.36e-06	4.38e-03	4.23e-01	5.12e-01	5.84e-02	2.66e-03	0.00e+00	0.00e+00
 2.04960e+16	4.93e-06	4.78e-03	4.37e-01	5.04e-01	5.19e-02	2.13e-03	0.00e+00	0.00e+00
 2.05543e+16	5.44e-06	5.13e-03	4.49e-01	4.98e-01	4.69e-02	1.76e-03	0.00e+00	0.00e+00
 2.06163e+16	6.12e-06	5.58e-03	4.62e-01	4.90e-01	4.16e-02	1.41e-03	0.00e+00	0.00e+00
 2.06856e+16	6.96e-06	6.10e-03	4.76e-01	4.80e-01	3.64e-02	1.10e-03	0.00e+00	0.00e+00
 2.07512e+16	7.85e-06	6.64e-03	4.89e-01	4.71e-01	3.19e-02	8.56e-04	0.00e+00	0.00e+00
 2.08234e+16	9.00e-06	7.31e-03	5.04e-01	4.61e-01	2.73e-02	6.41e-04	0.00e+00	0.00e+00
 2.09022e+16	1.04e-05	8.10e-03	5.19e-01	4.49e-01	2.31e-02	4.66e-04	0.00e+00	0.00e+00
 2.09746e+16	1.19e-05	8.89e-03	5.33e-01	4.38e-01	1.97e-02	3.46e-04	0.00e+00	0.00e+00
 2.10540e+16	1.38e-05	9.85e-03	5.48e-01	4.26e-01	1.64e-02	2.45e-04	0.00e+00	0.00e+00
 2.11274e+16	1.58e-05	1.08e-02	5.61e-01	4.14e-01	1.39e-02	1.80e-04	0.00e+00	0.00e+00
 2.11774e+16	1.73e-05	1.15e-02	5.70e-01	4.06e-01	1.24e-02	1.45e-04	0.00e+00	0.00e+00
 2.12266e+16	1.89e-05	1.22e-02	5.78e-01	3.98e-01	1.10e-02	1.16e-04	0.00e+00	0.00e+00
 2.12907e+16	2.13e-05	1.33e-02	5.90e-01	3.87e-01	9.44e-03	8.71e-05	0.00e+00	0.00e+00
 2.13612e+16	2.42e-05	1.45e-02	6.02e-01	3.76e-01	7.99e-03	6.36e-05	0.00e+00	0.00e+00
 2.14264e+16	2.73e-05	1.58e-02	6.12e-01	3.65e-01	6.86e-03	4.78e-05	0.00e+00	0.00e+00
 2.14974e+16	3.10e-05	1.72e-02	6.24e-01	3.53e-01	5.77e-03	3.45e-05	0.00e+00	0.00e+00
 2.15758e+16	3.58e-05	1.90e-02	6.36e-01	3.40e-01	4.79e-03	2.44e-05	0.00e+00	0.00e+00
 2.16480e+16	4.09e-05	2.08e-02	6.47e-01	3.28e-01	4.04e-03	1.77e-05	0.00e+00	0.00e+00
 2.17130e+16	4.61e-05	2.25e-02	6.57e-01	3.17e-01	3.47e-03	1.33e-05	0.00e+00	0.00e+00
 2.17842e+16	5.26e-05	2.47e-02	6.67e-01	3.05e-01	2.92e-03	9.64e-06	0.00e+00	0.00e+00
 2.18619e+16	6.08e-05	2.72e-02	6.78e-01	2.92e-01	2.43e-03	6.85e-06	0.00e+00	0.00e+00
 2.19308e+16	6.92e-05	2.97e-02	6.88e-01	2.80e-01	2.06e-03	5.08e-06	0.00e+00	0.00e+00
 2.19926e+16	7.81e-05	3.23e-02	6.96e-01	2.70e-01	1.78e-03	3.86e-06	0.00e+00	0.00e+00
 2.20627e+16	8.94e-05	3.54e-02	7.05e-01	2.58e-01	1.49e-03	2.81e-06	0.00e+00	0.00e+00
 2.21388e+16	1.04e-04	3.91e-02	7.15e-01	2.44e-01	1.24e-03	2.01e-06	0.00e+00	0.00e+00
 2.22052e+16	1.19e-04	4.30e-02	7.23e-01	2.33e-01	1.06e-03	1.50e-06	0.00e+00	0.00e+00
 2.22626e+16	1.34e-04	4.65e-02	7.30e-01	2.23e-01	9.16e-04	1.16e-06	0.00e+00	0.00e+00
 2.23260e+16	1.53e-04	5.09e-02	7.36e-01	2.12e-01	7.79e-04	8.68e-07	0.00e+00	0.00e+00
 2.23963e+16	1.78e-04	5.62e-02	7.43e-01	2.00e-01	6.51e-04	0.00e+00	0.00e+00	0.00e+00
 2.24599e+16	2.05e-04	6.19e-02	7.49e-01	1.88e-01	5.51e-04	0.00e+00	0.00e+00	0.00e+00
 2.25146e+16	2.32e-04	6.73e-02	7.53e-01	1.79e-01	4.77e-04	0.00e+00	0.00e+00	0.00e+00
 2.25733e+16	2.65e-04	7.35e-02	7.57e-01	1.69e-01	4.05e-04	0.00e+00	0.00e+00	0.00e+00
 2.26379e+16	3.09e-04	8.14e-02	7.60e-01	1.57e-01	3.39e-04	0.00e+00	0.00e+00	0.00e+00
 2.26955e+16	3.56e-04	8.94e-02	7.62e-01	1.47e-01	2.87e-04	0.00e+00	0.00e+00	0.00e+00
 2.27454e+16	4.03e-04	9.73e-02	7.63e-01	1.39e-01	2.48e-04	0.00e+00	0.00e+00	0.00e+00
 2.28001e+16	4.63e-04	1.06e-01	7.63e-01	1.30e-01	2.10e-04	0.00e+00	0.00e+00	0.00e+00
 2.28610e+16	5.43e-04	1.18e-01	7.62e-01	1.19e-01	1.73e-04	0.00e+00	0.00e+00	0.00e+00
 2.29153e+16	6.28e-04	1.30e-01	7.59e-01	1.10e-01	1.45e-04	0.00e+00	0.00e+00	0.00e+00
 2.29611e+16	7.15e-04	1.42e-01	7.55e-01	1.02e-01	1.24e-04	0.00e+00	0.00e+00	0.00e+00
 2.30103e+16	8.20e-04	1.55e-01	7.50e-01	9.44e-02	1.05e-04	0.00e+00	0.00e+00	0.00e+00
 2.30744e+16	9.84e-04	1.74e-01	7.40e-01	8.43e-02	8.29e-05	0.00e+00	0.00e+00	0.00e+00
 2.31372e+16	1.20e-03	1.97e-01	7.27e-01	7.44e-02	6.50e-05	0.00e+00	0.00e+00	0.00e+00
 2.31827e+16	1.38e-03	2.17e-01	7.15e-01	6.74e-02	5.38e-05	0.00e+00	0.00e+00	0.00e+00
 2.32197e+16	1.56e-03	2.34e-01	7.03e-01	6.19e-02	4.59e-05	0.00e+00	0.00e+00	0.00e+00
 2.32618e+16	1.78e-03	2.54e-01	6.88e-01	5.58e-02	3.80e-05	0.00e+00	0.00e+00	0.00e+00
 2.33165e+16	2.12e-03	2.83e-01	6.66e-01	4.83e-02	2.93e-05	0.00e+00	0.00e+00	0.00e+00
 2.33741e+16	2.59e-03	3.20e-01	6.36e-01	4.06e-02	2.18e-05	0.00e+00	0.00e+00	0.00e+00
 2.34221e+16	3.09e-03	3.56e-01	6.07e-01	3.45e-02	1.66e-05	0.00e+00	0.00e+00	0.00e+00
 2.34634e+16	3.60e-03	3.89e-01	5.78e-01	2.96e-02	1.30e-05	0.00e+00	0.00e+00	0.00e+00
 2.35095e+16	4.26e-03	4.28e-01	5.43e-01	2.46e-02	9.63e-06	0.00e+00	0.00e+00	0.00e+00
 2.35606e+16	5.19e-03	4.76e-01	4.99e-01	1.94e-02	6.69e-06	0.00e+00	0.00e+00	0.00e+00
 2.36059e+16	6.24e-03	5.24e-01	4.54e-01	1.53e-02	4.67e-06	0.00e+00	0.00e+00	0.00e+00
 2.36418e+16	7.20e-03	5.65e-01	4.16e-01	1.24e-02	3.41e-06	0.00e+00	0.00e+00	0.00e+00
 2.36726e+16	8.18e-03	6.00e-01	3.81e-01	1.01e-02	2.55e-06	0.00e+00	0.00e+00	0.00e+00
 2.37070e+16	9.39e-03	6.40e-01	3.43e-01	7.93e-03	1.80e-06	0.00e+00	0.00e+00	0.00e+00
 2.37447e+16	1.10e-02	6.84e-01	2.99e-01	5.89e-03	1.18e-06	0.00e+00	0.00e+00	0.00e+00
 2.37773e+16	1.27e-02	7.24e-01	2.59e-01	4.38e-03	7.83e-07	0.00e+00	0.00e+00	0.00e+00
 2.38036e+16	1.43e-02	7.55e-01	2.28e-01	3.38e-03	0.00e+00	0.00e+00	0.00e+00	0.00e+00
 2.38308e+16	1.61e-02	7.84e-01	1.98e-01	2.54e-03	0.00e+00	0.00e+00	0.00e+00	0.00e+00
 2.38614e+16	1.84e-02	8.15e-01	1.65e-01	1.78e-03	0.00e+00	0.00e+00	0.00e+00	0.00e+00
 2.38886e+16	2.09e-02	8.41e-01	1.37e-01	1.24e-03	0.00e+00	0.00e+00	0.00e+00	0.00e+00
 2.39108e+16	2.32e-02	8.61e-01	1.15e-01	9.01e-04	0.00e+00	0.00e+00	0.00e+00	0.00e+00
 2.39305e+16	2.55e-02	8.76e-01	9.83e-02	6.70e-04	0.00e+00	0.00e+00	0.00e+00	0.00e+00
 2.39527e+16	2.84e-02	8.90e-01	8.13e-02	4.69e-04	0.00e+00	0.00e+00	0.00e+00	0.00e+00
 2.39775e+16	3.21e-02	9.03e-01	6.43e-02	3.05e-04	0.00e+00	0.00e+00	0.00e+00	0.00e+00
 2.39996e+16	3.60e-02	9.13e-01	5.10e-02	2.00e-04	0.00e+00	0.00e+00	0.00e+00	0.00e+00
 2.40177e+16	3.96e-02	9.19e-01	4.15e-02	1.38e-04	0.00e+00	0.00e+00	0.00e+00	0.00e+00
 2.40340e+16	4.32e-02	9.22e-01	3.42e-02	9.73e-05	0.00e+00	0.00e+00	0.00e+00	0.00e+00
 2.40525e+16	4.78e-02	9.25e-01	2.73e-02	6.44e-05	0.00e+00	0.00e+00	0.00e+00	0.00e+00
 2.40721e+16	5.32e-02	9.26e-01	2.10e-02	4.03e-05	0.00e+00	0.00e+00	0.00e+00	0.00e+00
 2.40884e+16	5.86e-02	9.25e-01	1.66e-02	2.65e-05	0.00e+00	0.00e+00	0.00e+00	0.00e+00
 2.41017e+16	6.31e-02	9.23e-01	1.36e-02	1.86e-05	0.00e+00	0.00e+00	0.00e+00	0.00e+00
 2.41149e+16	6.82e-02	9.21e-01	1.11e-02	1.29e-05	0.00e+00	0.00e+00	0.00e+00	0.00e+00
 2.41294e+16	7.42e-02	9.17e-01	8.81e-03	8.54e-06	0.00e+00	0.00e+00	0.00e+00	0.00e+00
 2.41433e+16	8.03e-02	9.13e-01	6.98e-03	5.64e-06	0.00e+00	0.00e+00	0.00e+00	0.00e+00
 2.41549e+16	8.63e-02	9.08e-01	5.70e-03	3.94e-06	0.00e+00	0.00e+00	0.00e+00	0.00e+00
 2.41647e+16	9.15e-02	9.04e-01	4.79e-03	2.89e-06	0.00e+00	0.00e+00	0.00e+00	0.00e+00
 2.41738e+16	9.63e-02	9.00e-01	4.06e-03	2.15e-06	0.00e+00	0.00e+00	0.00e+00	0.00e+00
 2.41827e+16	1.02e-01	8.95e-01	3.43e-03	1.60e-06	0.00e+00	0.00e+00	0.00e+00	0.00e+00
 2.41898e+16	1.06e-01	8.91e-01	3.01e-03	1.26e-06	0.00e+00	0.00e+00	0.00e+00	0.00e+00
 2.41944e+16	1.08e-01	8.89e-01	2.75e-03	1.08e-06	0.00e+00	0.00e+00	0.00e+00	0.00e+00
 2.41986e+16	1.11e-01	8.86e-01	2.54e-03	9.34e-07	0.00e+00	0.00e+00	0.00e+00	0.00e+00
 2.42036e+16	1.15e-01	8.83e-01	2.30e-03	0.00e+00	0.00e+00	0.00e+00	0.00e+00	0.00e+00
 2.42091e+16	1.18e-01	8.80e-01	2.07e-03	0.00e+00	0.00e+00	0.00e+00	0.00e+00	0.00e+00
 2.42144e+16	1.22e-01	8.76e-01	1.86e-03	0.00e+00	0.00e+00	0.00e+00	0.00e+00	0.00e+00
 2.42194e+16	1.25e-01	8.73e-01	1.68e-03	0.00e+00	0.00e+00	0.00e+00	0.00e+00	0.00e+00
 2.42242e+16	1.29e-01	8.70e-01	1.52e-03	0.00e+00	0.00e+00	0.00e+00	0.00e+00	0.00e+00
 2.42291e+16	1.32e-01	8.66e-01	1.38e-03	0.00e+00	0.00e+00	0.00e+00	0.00e+00	0.00e+00
 2.42340e+16	1.36e-01	8.62e-01	1.24e-03	0.00e+00	0.00e+00	0.00e+00	0.00e+00	0.00e+00
 2.42390e+16	1.40e-01	8.59e-01	1.12e-03	0.00e+00	0.00e+00	0.00e+00	0.00e+00	0.00e+00
 2.42438e+16	1.44e-01	8.55e-01	1.01e-03	0.00e+00	0.00e+00	0.00e+00	0.00e+00	0.00e+00
 2.42485e+16	1.48e-01	8.51e-01	9.18e-04	0.00e+00	0.00e+00	0.00e+00	0.00e+00	0.00e+00
 2.42533e+16	1.52e-01	8.47e-01	8.28e-04	0.00e+00	0.00e+00	0.00e+00	0.00e+00	0.00e+00
 2.42581e+16	1.56e-01	8.43e-01	7.48e-04	0.00e+00	0.00e+00	0.00e+00	0.00e+00	0.00e+00
 2.42628e+16	1.60e-01	8.39e-01	6.75e-04	0.00e+00	0.00e+00	0.00e+00	0.00e+00	0.00e+00
 2.42675e+16	1.65e-01	8.35e-01	6.09e-04	0.00e+00	0.00e+00	0.00e+00	0.00e+00	0.00e+00
 2.42722e+16	1.69e-01	8.31e-01	5.49e-04	0.00e+00	0.00e+00	0.00e+00	0.00e+00	0.00e+00
 2.42769e+16	1.74e-01	8.26e-01	4.96e-04	0.00e+00	0.00e+00	0.00e+00	0.00e+00	0.00e+00
 2.42816e+16	1.79e-01	8.21e-01	4.46e-04	0.00e+00	0.00e+00	0.00e+00	0.00e+00	0.00e+00
 2.42864e+16	1.83e-01	8.16e-01	4.01e-04	0.00e+00	0.00e+00	0.00e+00	0.00e+00	0.00e+00
 2.42911e+16	1.89e-01	8.11e-01	3.62e-04	0.00e+00	0.00e+00	0.00e+00	0.00e+00	0.00e+00
 2.42957e+16	1.94e-01	8.06e-01	3.26e-04	0.00e+00	0.00e+00	0.00e+00	0.00e+00	0.00e+00
 2.43005e+16	1.99e-01	8.01e-01	2.93e-04	0.00e+00	0.00e+00	0.00e+00	0.00e+00	0.00e+00
 2.43052e+16	2.05e-01	7.94e-01	2.63e-04	0.00e+00	0.00e+00	0.00e+00	0.00e+00	0.00e+00
 2.43099e+16	2.11e-01	7.88e-01	2.37e-04	0.00e+00	0.00e+00	0.00e+00	0.00e+00	0.00e+00
 2.43147e+16	2.18e-01	7.82e-01	2.13e-04	0.00e+00	0.00e+00	0.00e+00	0.00e+00	0.00e+00
 2.43194e+16	2.24e-01	7.76e-01	1.92e-04	0.00e+00	0.00e+00	0.00e+00	0.00e+00	0.00e+00
 2.43242e+16	2.31e-01	7.68e-01	1.73e-04	0.00e+00	0.00e+00	0.00e+00	0.00e+00	0.00e+00
 2.43289e+16	2.39e-01	7.61e-01	1.55e-04	0.00e+00	0.00e+00	0.00e+00	0.00e+00	0.00e+00
 2.43336e+16	2.46e-01	7.54e-01	1.40e-04	0.00e+00	0.00e+00	0.00e+00	0.00e+00	0.00e+00
 2.43383e+16	2.54e-01	7.46e-01	1.27e-04	0.00e+00	0.00e+00	0.00e+00	0.00e+00	0.00e+00
 2.43431e+16	2.63e-01	7.37e-01	1.14e-04	0.00e+00	0.00e+00	0.00e+00	0.00e+00	0.00e+00
 2.43479e+16	2.71e-01	7.28e-01	1.03e-04	0.00e+00	0.00e+00	0.00e+00	0.00e+00	0.00e+00
 2.43528e+16	2.81e-01	7.19e-01	9.30e-05	0.00e+00	0.00e+00	0.00e+00	0.00e+00	0.00e+00
 2.43577e+16	2.91e-01	7.09e-01	8.41e-05	0.00e+00	0.00e+00	0.00e+00	0.00e+00	0.00e+00
 2.43628e+16	3.02e-01	6.98e-01	7.59e-05	0.00e+00	0.00e+00	0.00e+00	0.00e+00	0.00e+00
 2.43680e+16	3.13e-01	6.87e-01	6.86e-05	0.00e+00	0.00e+00	0.00e+00	0.00e+00	0.00e+00
 2.43733e+16	3.24e-01	6.76e-01	6.21e-05	0.00e+00	0.00e+00	0.00e+00	0.00e+00	0.00e+00
 2.43790e+16	3.39e-01	6.61e-01	5.59e-05	0.00e+00	0.00e+00	0.00e+00	0.00e+00	0.00e+00
 2.43848e+16	3.51e-01	6.49e-01	5.06e-05	0.00e+00	0.00e+00	0.00e+00	0.00e+00	0.00e+00
 2.43910e+16	3.66e-01	6.34e-01	4.56e-05	0.00e+00	0.00e+00	0.00e+00	0.00e+00	0.00e+00
 2.43977e+16	3.81e-01	6.19e-01	4.12e-05	0.00e+00	0.00e+00	0.00e+00	0.00e+00	0.00e+00
 2.44048e+16	3.98e-01	6.02e-01	3.71e-05	0.00e+00	0.00e+00	0.00e+00	0.00e+00	0.00e+00
 2.44126e+16	4.17e-01	5.83e-01	3.34e-05	0.00e+00	0.00e+00	0.00e+00	0.00e+00	0.00e+00
 2.44211e+16	4.36e-01	5.64e-01	3.01e-05	0.00e+00	0.00e+00	0.00e+00	0.00e+00	0.00e+00
 2.44308e+16	4.55e-01	5.45e-01	2.72e-05	0.00e+00	0.00e+00	0.00e+00	0.00e+00	0.00e+00
 2.44418e+16	4.75e-01	5.25e-01	2.46e-05	0.00e+00	0.00e+00	0.00e+00	0.00e+00	0.00e+00
