#depth	O	O+	O+2	O+3	O+4	O+5	O+6	O+7	O+8	O[1]	O[2]	O[3]
 1.49634e+10	0.00e+00	0.00e+00	1.21e-28	1.24e-20	1.81e-13	3.20e-07	1.00e+00	0.00e+00	0.00e+00	0.00e+00	0.00e+00	0.00e+00
 4.54887e+10	0.00e+00	2.21e-37	1.69e-28	1.61e-20	2.17e-13	3.51e-07	1.00e+00	2.25e-08	0.00e+00	0.00e+00	0.00e+00	0.00e+00
 7.72350e+10	0.00e+00	0.00e+00	2.36e-28	2.08e-20	2.60e-13	3.85e-07	1.00e+00	0.00e+00	0.00e+00	0.00e+00	0.00e+00	0.00e+00
 1.10251e+11	0.00e+00	5.02e-37	3.30e-28	2.69e-20	3.12e-13	4.23e-07	1.00e+00	0.00e+00	0.00e+00	0.00e+00	0.00e+00	0.00e+00
 1.44588e+11	0.00e+00	0.00e+00	4.61e-28	3.49e-20	3.74e-13	4.65e-07	1.00e+00	0.00e+00	0.00e+00	0.00e+00	0.00e+00	0.00e+00
 1.80298e+11	0.00e+00	1.13e-36	6.43e-28	4.52e-20	4.49e-13	5.12e-07	1.00e+00	0.00e+00	0.00e+00	0.00e+00	0.00e+00	0.00e+00
 2.17437e+11	0.00e+00	0.00e+00	8.96e-28	5.85e-20	5.38e-13	5.63e-07	1.00e+00	0.00e+00	0.00e+00	0.00e+00	0.00e+00	0.00e+00
 2.56061e+11	0.00e+00	2.54e-36	1.25e-27	7.57e-20	6.46e-13	6.20e-07	1.00e+00	0.00e+00	0.00e+00	0.00e+00	0.00e+00	0.00e+00
 2.91091e+11	1.27e-45	3.61e-36	1.66e-27	9.49e-20	7.59e-13	6.74e-07	1.00e+00	0.00e+00	0.00e+00	0.00e+00	0.00e+00	0.00e+00
 3.20439e+11	0.00e+00	0.00e+00	2.10e-27	1.14e-19	8.64e-13	7.22e-07	1.00e+00	0.00e+00	0.00e+00	0.00e+00	0.00e+00	0.00e+00
 3.52657e+11	0.00e+00	6.48e-36	2.69e-27	1.38e-19	9.92e-13	7.77e-07	1.00e+00	0.00e+00	0.00e+00	0.00e+00	0.00e+00	0.00e+00
 3.93249e+11	3.93e-45	9.34e-36	3.64e-27	1.75e-19	1.18e-12	8.50e-07	1.00e+00	0.00e+00	0.00e+00	0.00e+00	0.00e+00	0.00e+00
 4.35484e+11	0.00e+00	0.00e+00	4.91e-27	2.22e-19	1.39e-12	9.31e-07	1.00e+00	0.00e+00	0.00e+00	0.00e+00	0.00e+00	0.00e+00
 4.71721e+11	0.00e+00	1.81e-35	6.30e-27	2.70e-19	1.60e-12	1.00e-06	1.00e+00	0.00e+00	0.00e+00	0.00e+00	0.00e+00	0.00e+00
 5.09401e+11	1.24e-44	2.45e-35	8.08e-27	3.29e-19	1.85e-12	1.08e-06	1.00e+00	0.00e+00	0.00e+00	0.00e+00	0.00e+00	0.00e+00
 5.56277e+11	0.00e+00	3.51e-35	1.09e-26	4.16e-19	2.19e-12	1.19e-06	1.00e+00	0.00e+00	0.00e+00	0.00e+00	0.00e+00	0.00e+00
 6.03735e+11	2.87e-44	4.97e-35	1.45e-26	5.23e-19	2.58e-12	1.30e-06	1.00e+00	0.00e+00	0.00e+00	0.00e+00	0.00e+00	0.00e+00
 6.45148e+11	0.00e+00	6.65e-35	1.85e-26	6.35e-19	2.97e-12	1.40e-06	1.00e+00	0.00e+00	0.00e+00	0.00e+00	0.00e+00	0.00e+00
 6.90071e+11	5.82e-44	9.03e-35	2.39e-26	7.77e-19	3.44e-12	1.51e-06	1.00e+00	0.00e+00	0.00e+00	0.00e+00	0.00e+00	0.00e+00
 7.44735e+11	0.00e+00	1.29e-34	3.22e-26	9.84e-19	4.08e-12	1.66e-06	1.00e+00	0.00e+00	0.00e+00	0.00e+00	0.00e+00	0.00e+00
 8.00350e+11	1.34e-43	1.83e-34	4.30e-26	1.24e-18	4.82e-12	1.81e-06	1.00e+00	0.00e+00	0.00e+00	0.00e+00	0.00e+00	0.00e+00
 8.51433e+11	0.00e+00	2.48e-34	5.56e-26	1.52e-18	5.58e-12	1.96e-06	1.00e+00	0.00e+00	0.00e+00	0.00e+00	0.00e+00	0.00e+00
 9.08338e+11	2.83e-43	3.44e-34	7.31e-26	1.89e-18	6.54e-12	2.14e-06	1.00e+00	0.00e+00	0.00e+00	0.00e+00	0.00e+00	0.00e+00
 9.74274e+11	0.00e+00	4.95e-34	9.91e-26	2.41e-18	7.79e-12	2.36e-06	1.00e+00	0.00e+00	0.00e+00	0.00e+00	0.00e+00	0.00e+00
 1.03928e+12	6.53e-43	6.98e-34	1.32e-25	3.03e-18	9.20e-12	2.58e-06	1.00e+00	0.00e+00	0.00e+00	0.00e+00	0.00e+00	0.00e+00
 1.10156e+12	0.00e+00	9.59e-34	1.72e-25	3.75e-18	1.07e-11	2.80e-06	1.00e+00	0.00e+00	0.00e+00	0.00e+00	0.00e+00	0.00e+00
 1.17023e+12	1.41e-42	1.34e-33	2.28e-25	4.69e-18	1.26e-11	3.06e-06	1.00e+00	0.00e+00	0.00e+00	0.00e+00	0.00e+00	0.00e+00
 1.24696e+12	0.00e+00	1.92e-33	3.08e-25	5.96e-18	1.50e-11	3.36e-06	1.00e+00	0.00e+00	0.00e+00	0.00e+00	0.00e+00	0.00e+00
 1.31673e+12	3.11e-42	2.63e-33	4.01e-25	7.35e-18	1.74e-11	3.65e-06	1.00e+00	0.00e+00	0.00e+00	0.00e+00	0.00e+00	0.00e+00
 1.37546e+12	0.00e+00	3.41e-33	4.97e-25	8.72e-18	1.96e-11	3.89e-06	1.00e+00	0.00e+00	0.00e+00	0.00e+00	0.00e+00	0.00e+00
 1.44005e+12	5.83e-42	4.48e-33	6.26e-25	1.05e-17	2.23e-11	4.18e-06	1.00e+00	0.00e+00	0.00e+00	0.00e+00	0.00e+00	0.00e+00
 1.51307e+12	0.00e+00	6.03e-33	8.02e-25	1.28e-17	2.58e-11	4.52e-06	1.00e+00	0.00e+00	0.00e+00	0.00e+00	0.00e+00	0.00e+00
 1.58281e+12	1.14e-41	7.94e-33	1.01e-24	1.54e-17	2.94e-11	4.85e-06	1.00e+00	0.00e+00	0.00e+00	0.00e+00	0.00e+00	0.00e+00
 1.65928e+12	0.00e+00	1.07e-32	1.29e-24	1.87e-17	3.37e-11	5.23e-06	1.00e+00	0.00e+00	0.00e+00	0.00e+00	0.00e+00	0.00e+00
 1.74448e+12	2.34e-41	1.46e-32	1.68e-24	2.30e-17	3.92e-11	5.67e-06	1.00e+00	0.00e+00	0.00e+00	0.00e+00	0.00e+00	0.00e+00
 1.82466e+12	0.00e+00	1.95e-32	2.14e-24	2.78e-17	4.48e-11	6.10e-06	1.00e+00	0.00e+00	0.00e+00	0.00e+00	0.00e+00	0.00e+00
 1.91255e+12	4.70e-41	2.64e-32	2.76e-24	3.41e-17	5.17e-11	6.59e-06	1.00e+00	0.00e+00	0.00e+00	0.00e+00	0.00e+00	0.00e+00
 2.01076e+12	0.00e+00	3.67e-32	3.63e-24	4.24e-17	6.03e-11	7.17e-06	1.00e+00	0.00e+00	0.00e+00	0.00e+00	0.00e+00	0.00e+00
 2.10414e+12	9.86e-41	4.96e-32	4.67e-24	5.17e-17	6.93e-11	7.73e-06	1.00e+00	0.00e+00	0.00e+00	0.00e+00	0.00e+00	0.00e+00
 2.19114e+12	0.00e+00	6.51e-32	5.86e-24	6.19e-17	7.87e-11	8.29e-06	1.00e+00	0.00e+00	0.00e+00	0.00e+00	0.00e+00	0.00e+00
 2.28810e+12	1.92e-40	8.75e-32	7.50e-24	7.52e-17	9.02e-11	8.92e-06	1.00e+00	0.00e+00	0.00e+00	0.00e+00	0.00e+00	0.00e+00
 2.39659e+12	0.00e+00	1.21e-31	9.78e-24	9.28e-17	1.04e-10	9.65e-06	1.00e+00	0.00e+00	0.00e+00	0.00e+00	0.00e+00	0.00e+00
 2.49886e+12	3.93e-40	1.61e-31	1.25e-23	1.12e-16	1.19e-10	1.04e-05	1.00e+00	0.00e+00	0.00e+00	0.00e+00	0.00e+00	0.00e+00
 2.61059e+12	0.00e+00	2.19e-31	1.61e-23	1.38e-16	1.37e-10	1.12e-05	1.00e+00	0.00e+00	0.00e+00	0.00e+00	0.00e+00	0.00e+00
 2.73431e+12	8.34e-40	3.05e-31	2.12e-23	1.71e-16	1.60e-10	1.21e-05	1.00e+00	0.00e+00	0.00e+00	0.00e+00	0.00e+00	0.00e+00
 2.84927e+12	0.00e+00	4.10e-31	2.71e-23	2.07e-16	1.83e-10	1.31e-05	1.00e+00	0.00e+00	0.00e+00	0.00e+00	0.00e+00	0.00e+00
 2.97437e+12	1.71e-39	5.61e-31	3.52e-23	2.54e-16	2.11e-10	1.41e-05	1.00e+00	0.00e+00	0.00e+00	0.00e+00	0.00e+00	0.00e+00
 3.11417e+12	0.00e+00	7.85e-31	4.65e-23	3.17e-16	2.45e-10	1.53e-05	1.00e+00	0.00e+00	0.00e+00	0.00e+00	0.00e+00	0.00e+00
 3.24592e+12	3.65e-39	1.07e-30	6.00e-23	3.87e-16	2.81e-10	1.65e-05	1.00e+00	0.00e+00	0.00e+00	0.00e+00	0.00e+00	0.00e+00
 3.38970e+12	0.00e+00	1.48e-30	7.86e-23	4.78e-16	3.26e-10	1.78e-05	1.00e+00	0.00e+00	0.00e+00	0.00e+00	0.00e+00	0.00e+00
 3.55012e+12	8.07e-39	2.10e-30	1.05e-22	5.99e-16	3.81e-10	1.94e-05	1.00e+00	0.00e+00	0.00e+00	0.00e+00	0.00e+00	0.00e+00
 3.70189e+12	0.00e+00	2.89e-30	1.37e-22	7.37e-16	4.39e-10	2.09e-05	1.00e+00	0.00e+00	0.00e+00	0.00e+00	0.00e+00	0.00e+00
 3.86482e+12	1.74e-38	4.03e-30	1.80e-22	9.13e-16	5.08e-10	2.26e-05	1.00e+00	0.00e+00	0.00e+00	0.00e+00	0.00e+00	0.00e+00
 4.04934e+12	0.00e+00	5.79e-30	2.43e-22	1.15e-15	5.97e-10	2.46e-05	1.00e+00	0.00e+00	0.00e+00	0.00e+00	0.00e+00	0.00e+00
 4.23106e+12	4.01e-38	8.18e-30	3.23e-22	1.44e-15	6.95e-10	2.67e-05	1.00e+00	0.00e+00	0.00e+00	0.00e+00	0.00e+00	0.00e+00
 4.42005e+12	0.00e+00	1.16e-29	4.30e-22	1.80e-15	8.08e-10	2.89e-05	1.00e+00	0.00e+00	0.00e+00	0.00e+00	0.00e+00	0.00e+00
 4.62678e+12	9.30e-38	1.67e-29	5.80e-22	2.27e-15	9.49e-10	3.15e-05	1.00e+00	0.00e+00	0.00e+00	0.00e+00	0.00e+00	0.00e+00
 4.83724e+12	0.00e+00	2.39e-29	7.80e-22	2.86e-15	1.11e-09	3.42e-05	1.00e+00	0.00e+00	0.00e+00	0.00e+00	0.00e+00	0.00e+00
 5.05612e+12	2.18e-37	3.43e-29	1.05e-21	3.59e-15	1.30e-09	3.71e-05	1.00e+00	0.00e+00	0.00e+00	0.00e+00	0.00e+00	0.00e+00
 5.27685e+12	0.00e+00	4.86e-29	1.40e-21	4.49e-15	1.51e-09	4.02e-05	1.00e+00	0.00e+00	0.00e+00	0.00e+00	0.00e+00	0.00e+00
 5.48193e+12	4.78e-37	6.66e-29	1.81e-21	5.48e-15	1.73e-09	4.32e-05	1.00e+00	0.00e+00	0.00e+00	0.00e+00	0.00e+00	0.00e+00
 5.70666e+12	0.00e+00	9.32e-29	2.38e-21	6.77e-15	1.99e-09	4.65e-05	1.00e+00	0.00e+00	0.00e+00	0.00e+00	0.00e+00	0.00e+00
 5.93699e+12	1.05e-36	1.30e-28	3.12e-21	8.35e-15	2.30e-09	5.01e-05	1.00e+00	0.00e+00	0.00e+00	0.00e+00	0.00e+00	0.00e+00
 6.12838e+12	0.00e+00	1.70e-28	3.89e-21	9.88e-15	2.57e-09	5.32e-05	1.00e+00	0.00e+00	0.00e+00	0.00e+00	0.00e+00	0.00e+00
 6.32992e+12	2.01e-36	2.24e-28	4.87e-21	1.17e-14	2.89e-09	5.65e-05	1.00e+00	0.00e+00	0.00e+00	0.00e+00	0.00e+00	0.00e+00
 6.58768e+12	0.00e+00	3.15e-28	6.43e-21	1.45e-14	3.34e-09	6.09e-05	1.00e+00	0.00e+00	0.00e+00	0.00e+00	0.00e+00	0.00e+00
 6.85767e+12	4.53e-36	4.44e-28	8.52e-21	1.80e-14	3.87e-09	6.57e-05	1.00e+00	0.00e+00	0.00e+00	0.00e+00	0.00e+00	0.00e+00
 7.09560e+12	0.00e+00	5.97e-28	1.08e-20	2.17e-14	4.38e-09	7.01e-05	1.00e+00	0.00e+00	0.00e+00	0.00e+00	0.00e+00	0.00e+00
 7.35269e+12	9.34e-36	8.16e-28	1.40e-20	2.63e-14	4.98e-09	7.49e-05	1.00e+00	0.00e+00	0.00e+00	0.00e+00	0.00e+00	0.00e+00
 7.64082e+12	0.00e+00	1.14e-27	1.84e-20	3.24e-14	5.74e-09	8.06e-05	1.00e+00	0.00e+00	0.00e+00	0.00e+00	0.00e+00	0.00e+00
 7.91255e+12	2.01e-35	1.56e-27	2.36e-20	3.92e-14	6.52e-09	8.60e-05	1.00e+00	0.00e+00	0.00e+00	0.00e+00	0.00e+00	0.00e+00
 8.20905e+12	0.00e+00	2.16e-27	3.07e-20	4.80e-14	7.47e-09	9.22e-05	1.00e+00	0.00e+00	0.00e+00	0.00e+00	0.00e+00	0.00e+00
 8.53764e+12	4.50e-35	3.06e-27	4.08e-20	5.95e-14	8.63e-09	9.93e-05	1.00e+00	0.00e+00	0.00e+00	0.00e+00	0.00e+00	0.00e+00
 8.84254e+12	6.57e-35	4.19e-27	5.26e-20	7.22e-14	9.82e-09	1.06e-04	1.00e+00	0.00e+00	0.00e+00	0.00e+00	0.00e+00	0.00e+00
 9.17348e+12	9.76e-35	5.85e-27	6.88e-20	8.84e-14	1.13e-08	1.14e-04	1.00e+00	0.00e+00	0.00e+00	0.00e+00	0.00e+00	0.00e+00
 9.54379e+12	1.49e-34	8.36e-27	9.18e-20	1.10e-13	1.30e-08	1.23e-04	1.00e+00	0.00e+00	0.00e+00	0.00e+00	0.00e+00	0.00e+00
 9.89311e+12	2.21e-34	1.16e-26	1.20e-19	1.34e-13	1.49e-08	1.31e-04	1.00e+00	0.00e+00	0.00e+00	0.00e+00	0.00e+00	0.00e+00
 1.02751e+13	3.35e-34	1.64e-26	1.58e-19	1.66e-13	1.72e-08	1.41e-04	1.00e+00	0.00e+00	0.00e+00	0.00e+00	0.00e+00	0.00e+00
 1.07013e+13	5.22e-34	2.38e-26	2.13e-19	2.08e-13	2.00e-08	1.52e-04	1.00e+00	0.00e+00	0.00e+00	0.00e+00	0.00e+00	0.00e+00
 1.11023e+13	7.84e-34	3.34e-26	2.80e-19	2.56e-13	2.30e-08	1.63e-04	1.00e+00	0.00e+00	0.00e+00	0.00e+00	0.00e+00	0.00e+00
 1.15339e+13	1.20e-33	4.76e-26	3.73e-19	3.17e-13	2.65e-08	1.76e-04	1.00e+00	0.00e+00	0.00e+00	0.00e+00	0.00e+00	0.00e+00
 1.20251e+13	1.90e-33	7.01e-26	5.09e-19	4.02e-13	3.10e-08	1.90e-04	1.00e+00	0.00e+00	0.00e+00	0.00e+00	0.00e+00	0.00e+00
 1.25058e+13	2.94e-33	1.01e-25	6.82e-19	5.01e-13	3.59e-08	2.05e-04	1.00e+00	0.00e+00	0.00e+00	0.00e+00	0.00e+00	0.00e+00
 1.30057e+13	4.57e-33	1.46e-25	9.16e-19	6.25e-13	4.17e-08	2.21e-04	1.00e+00	0.00e+00	0.00e+00	0.00e+00	0.00e+00	0.00e+00
 1.35558e+13	7.26e-33	2.15e-25	1.25e-18	7.91e-13	4.88e-08	2.39e-04	1.00e+00	0.00e+00	0.00e+00	0.00e+00	0.00e+00	0.00e+00
 1.41107e+13	1.14e-32	3.13e-25	1.69e-18	9.94e-13	5.68e-08	2.58e-04	1.00e+00	0.00e+00	0.00e+00	0.00e+00	0.00e+00	0.00e+00
 1.46878e+13	1.79e-32	4.57e-25	2.29e-18	1.25e-12	6.61e-08	2.79e-04	1.00e+00	0.00e+00	0.00e+00	0.00e+00	0.00e+00	0.00e+00
 1.52687e+13	2.77e-32	6.58e-25	3.07e-18	1.56e-12	7.67e-08	3.00e-04	1.00e+00	0.00e+00	0.00e+00	0.00e+00	0.00e+00	0.00e+00
 1.58155e+13	4.12e-32	9.17e-25	4.01e-18	1.91e-12	8.77e-08	3.21e-04	1.00e+00	0.00e+00	0.00e+00	0.00e+00	0.00e+00	0.00e+00
 1.64206e+13	6.30e-32	1.31e-24	5.33e-18	2.36e-12	1.01e-07	3.46e-04	1.00e+00	0.00e+00	0.00e+00	0.00e+00	0.00e+00	0.00e+00
 1.70270e+13	9.48e-32	1.84e-24	7.02e-18	2.91e-12	1.16e-07	3.71e-04	1.00e+00	0.00e+00	0.00e+00	0.00e+00	0.00e+00	0.00e+00
 1.75247e+13	1.31e-31	2.42e-24	8.75e-18	3.43e-12	1.30e-07	3.92e-04	1.00e+00	0.00e+00	0.00e+00	0.00e+00	0.00e+00	0.00e+00
 1.80492e+13	1.83e-31	3.19e-24	1.09e-17	4.06e-12	1.46e-07	4.15e-04	1.00e+00	0.00e+00	0.00e+00	0.00e+00	0.00e+00	0.00e+00
 1.87275e+13	2.78e-31	4.53e-24	1.45e-17	5.02e-12	1.68e-07	4.46e-04	1.00e+00	0.00e+00	0.00e+00	0.00e+00	0.00e+00	0.00e+00
 1.94433e+13	4.24e-31	6.45e-24	1.93e-17	6.24e-12	1.94e-07	4.80e-04	1.00e+00	0.00e+00	0.00e+00	0.00e+00	0.00e+00	0.00e+00
 2.00699e+13	6.14e-31	8.80e-24	2.48e-17	7.49e-12	2.19e-07	5.11e-04	9.99e-01	0.00e+00	0.00e+00	0.00e+00	0.00e+00	0.00e+00
 2.07433e+13	8.83e-31	1.19e-23	3.16e-17	9.06e-12	2.49e-07	5.45e-04	9.99e-01	0.00e+00	0.00e+00	0.00e+00	0.00e+00	0.00e+00
 2.15613e+13	1.36e-30	1.71e-23	4.25e-17	1.13e-11	2.89e-07	5.89e-04	9.99e-01	0.00e+00	0.00e+00	0.00e+00	0.00e+00	0.00e+00
 2.23938e+13	2.09e-30	2.45e-23	5.67e-17	1.41e-11	3.35e-07	6.34e-04	9.99e-01	0.00e+00	0.00e+00	0.00e+00	0.00e+00	0.00e+00
 2.31638e+13	3.06e-30	3.38e-23	7.34e-17	1.72e-11	3.82e-07	6.78e-04	9.99e-01	0.00e+00	0.00e+00	0.00e+00	0.00e+00	0.00e+00
 2.40245e+13	4.61e-30	4.76e-23	9.69e-17	2.12e-11	4.40e-07	7.29e-04	9.99e-01	0.00e+00	0.00e+00	0.00e+00	0.00e+00	0.00e+00
 2.49493e+13	7.03e-30	6.79e-23	1.29e-16	2.64e-11	5.10e-07	7.87e-04	9.99e-01	0.00e+00	0.00e+00	0.00e+00	0.00e+00	0.00e+00
 2.57713e+13	1.01e-29	9.23e-23	1.66e-16	3.18e-11	5.78e-07	8.39e-04	9.99e-01	0.00e+00	0.00e+00	0.00e+00	0.00e+00	0.00e+00
 2.66518e+13	1.48e-29	1.27e-22	2.14e-16	3.87e-11	6.59e-07	8.97e-04	9.99e-01	0.00e+00	0.00e+00	0.00e+00	0.00e+00	0.00e+00
 2.77074e+13	2.28e-29	1.82e-22	2.88e-16	4.85e-11	7.67e-07	9.70e-04	9.99e-01	0.00e+00	0.00e+00	0.00e+00	0.00e+00	0.00e+00
 2.87444e+13	3.44e-29	2.58e-22	3.81e-16	6.01e-11	8.85e-07	1.04e-03	9.99e-01	0.00e+00	0.00e+00	0.00e+00	0.00e+00	0.00e+00
 2.96639e+13	4.90e-29	3.47e-22	4.85e-16	7.22e-11	1.00e-06	1.11e-03	9.99e-01	0.00e+00	0.00e+00	0.00e+00	0.00e+00	0.00e+00
 3.06768e+13	7.13e-29	4.76e-22	6.27e-16	8.78e-11	1.14e-06	1.19e-03	9.99e-01	0.00e+00	0.00e+00	0.00e+00	0.00e+00	0.00e+00
 3.18892e+13	1.10e-28	6.86e-22	8.43e-16	1.10e-10	1.33e-06	1.29e-03	9.99e-01	0.00e+00	0.00e+00	0.00e+00	0.00e+00	0.00e+00
 3.30958e+13	1.67e-28	9.73e-22	1.12e-15	1.37e-10	1.54e-06	1.39e-03	9.99e-01	0.00e+00	0.00e+00	0.00e+00	0.00e+00	0.00e+00
 3.41938e+13	2.40e-28	1.33e-21	1.44e-15	1.65e-10	1.75e-06	1.48e-03	9.99e-01	0.00e+00	0.00e+00	0.00e+00	0.00e+00	0.00e+00
 3.54161e+13	3.56e-28	1.84e-21	1.88e-15	2.03e-10	2.00e-06	1.59e-03	9.98e-01	0.00e+00	0.00e+00	0.00e+00	0.00e+00	0.00e+00
 3.68441e+13	5.54e-28	2.68e-21	2.55e-15	2.56e-10	2.34e-06	1.73e-03	9.98e-01	0.00e+00	0.00e+00	0.00e+00	0.00e+00	0.00e+00
 3.82484e+13	8.43e-28	3.81e-21	3.40e-15	3.19e-10	2.71e-06	1.86e-03	9.98e-01	0.00e+00	0.00e+00	0.00e+00	0.00e+00	0.00e+00
 3.95668e+13	1.23e-27	5.26e-21	4.41e-15	3.88e-10	3.10e-06	1.99e-03	9.98e-01	0.00e+00	0.00e+00	0.00e+00	0.00e+00	0.00e+00
 4.10374e+13	1.86e-27	7.42e-21	5.84e-15	4.81e-10	3.57e-06	2.15e-03	9.98e-01	0.00e+00	0.00e+00	0.00e+00	0.00e+00	0.00e+00
 4.27088e+13	2.91e-27	1.08e-20	7.94e-15	6.08e-10	4.18e-06	2.33e-03	9.98e-01	0.00e+00	0.00e+00	0.00e+00	0.00e+00	0.00e+00
 4.43728e+13	4.49e-27	1.56e-20	1.07e-14	7.61e-10	4.86e-06	2.51e-03	9.97e-01	0.00e+00	0.00e+00	0.00e+00	0.00e+00	0.00e+00
 4.59223e+13	6.61e-27	2.16e-20	1.39e-14	9.31e-10	5.56e-06	2.69e-03	9.97e-01	0.00e+00	0.00e+00	0.00e+00	0.00e+00	0.00e+00
 4.76081e+13	9.95e-27	3.04e-20	1.84e-14	1.15e-09	6.41e-06	2.90e-03	9.97e-01	0.00e+00	0.00e+00	0.00e+00	0.00e+00	0.00e+00
 4.95005e+13	1.55e-26	4.41e-20	2.48e-14	1.45e-09	7.47e-06	3.14e-03	9.97e-01	0.00e+00	0.00e+00	0.00e+00	0.00e+00	0.00e+00
 5.12638e+13	2.31e-26	6.17e-20	3.26e-14	1.78e-09	8.57e-06	3.36e-03	9.97e-01	0.00e+00	0.00e+00	0.00e+00	0.00e+00	0.00e+00
 5.28937e+13	3.29e-26	8.32e-20	4.15e-14	2.14e-09	9.70e-06	3.58e-03	9.96e-01	0.00e+00	0.00e+00	0.00e+00	0.00e+00	0.00e+00
 5.44610e+13	4.59e-26	1.10e-19	5.20e-14	2.54e-09	1.09e-05	3.80e-03	9.96e-01	0.00e+00	0.00e+00	0.00e+00	0.00e+00	0.00e+00
 5.62009e+13	6.57e-26	1.49e-19	6.64e-14	3.05e-09	1.23e-05	4.05e-03	9.96e-01	0.00e+00	0.00e+00	0.00e+00	0.00e+00	0.00e+00
 5.81259e+13	9.66e-26	2.06e-19	8.63e-14	3.72e-09	1.41e-05	4.33e-03	9.96e-01	0.00e+00	0.00e+00	0.00e+00	0.00e+00	0.00e+00
 5.99182e+13	1.37e-25	2.76e-19	1.09e-13	4.45e-09	1.58e-05	4.60e-03	9.95e-01	0.00e+00	0.00e+00	0.00e+00	0.00e+00	0.00e+00
 6.18747e+13	1.98e-25	3.75e-19	1.40e-13	5.38e-09	1.80e-05	4.91e-03	9.95e-01	0.00e+00	0.00e+00	0.00e+00	0.00e+00	0.00e+00
 6.40738e+13	2.96e-25	5.26e-19	1.84e-13	6.61e-09	2.06e-05	5.27e-03	9.95e-01	0.00e+00	0.00e+00	0.00e+00	0.00e+00	0.00e+00
 6.61735e+13	4.28e-25	7.18e-19	2.37e-13	8.00e-09	2.34e-05	5.62e-03	9.94e-01	0.00e+00	0.00e+00	0.00e+00	0.00e+00	0.00e+00
 6.84882e+13	6.36e-25	1.00e-18	3.10e-13	9.79e-09	2.68e-05	6.02e-03	9.94e-01	0.00e+00	0.00e+00	0.00e+00	0.00e+00	0.00e+00
 7.10405e+13	9.70e-25	1.42e-18	4.12e-13	1.22e-08	3.10e-05	6.48e-03	9.93e-01	0.00e+00	0.00e+00	0.00e+00	0.00e+00	0.00e+00
 7.33905e+13	1.41e-24	1.95e-18	5.31e-13	1.47e-08	3.52e-05	6.92e-03	9.93e-01	0.00e+00	0.00e+00	0.00e+00	0.00e+00	0.00e+00
 7.59339e+13	2.09e-24	2.71e-18	6.93e-13	1.80e-08	4.03e-05	7.41e-03	9.93e-01	0.00e+00	0.00e+00	0.00e+00	0.00e+00	0.00e+00
 7.87768e+13	3.19e-24	3.87e-18	9.23e-13	2.24e-08	4.66e-05	7.97e-03	9.92e-01	0.00e+00	0.00e+00	0.00e+00	0.00e+00	0.00e+00
 8.14494e+13	4.69e-24	5.34e-18	1.20e-12	2.73e-08	5.31e-05	8.52e-03	9.91e-01	0.00e+00	0.00e+00	0.00e+00	0.00e+00	0.00e+00
 8.43643e+13	7.02e-24	7.50e-18	1.58e-12	3.35e-08	6.10e-05	9.15e-03	9.91e-01	0.00e+00	0.00e+00	0.00e+00	0.00e+00	0.00e+00
 8.76026e+13	1.08e-23	1.08e-17	2.11e-12	4.19e-08	7.08e-05	9.87e-03	9.90e-01	0.00e+00	0.00e+00	0.00e+00	0.00e+00	0.00e+00
 9.06245e+13	1.60e-23	1.50e-17	2.75e-12	5.12e-08	8.09e-05	1.06e-02	9.89e-01	0.00e+00	0.00e+00	0.00e+00	0.00e+00	0.00e+00
 9.39118e+13	2.39e-23	2.10e-17	3.63e-12	6.32e-08	9.31e-05	1.13e-02	9.89e-01	0.00e+00	0.00e+00	0.00e+00	0.00e+00	0.00e+00
 9.75888e+13	3.71e-23	3.04e-17	4.90e-12	7.93e-08	1.08e-04	1.23e-02	9.88e-01	0.00e+00	0.00e+00	0.00e+00	0.00e+00	0.00e+00
 1.01068e+14	5.52e-23	4.25e-17	6.43e-12	9.75e-08	1.24e-04	1.32e-02	9.87e-01	0.00e+00	0.00e+00	0.00e+00	0.00e+00	0.00e+00
 1.04795e+14	8.32e-23	6.01e-17	8.51e-12	1.21e-07	1.44e-04	1.42e-02	9.86e-01	0.00e+00	0.00e+00	0.00e+00	0.00e+00	0.00e+00
 1.09017e+14	1.29e-22	8.73e-17	1.15e-11	1.52e-07	1.68e-04	1.54e-02	9.84e-01	0.00e+00	0.00e+00	0.00e+00	0.00e+00	0.00e+00
 1.13159e+14	1.97e-22	1.25e-16	1.54e-11	1.90e-07	1.94e-04	1.66e-02	9.83e-01	0.00e+00	0.00e+00	0.00e+00	0.00e+00	0.00e+00
 1.17467e+14	2.98e-22	1.77e-16	2.05e-11	2.37e-07	2.25e-04	1.79e-02	9.82e-01	0.00e+00	0.00e+00	0.00e+00	0.00e+00	0.00e+00
 1.22196e+14	4.62e-22	2.57e-16	2.78e-11	2.99e-07	2.63e-04	1.94e-02	9.80e-01	0.00e+00	0.00e+00	0.00e+00	0.00e+00	0.00e+00
 1.26854e+14	6.95e-22	3.63e-16	3.70e-11	3.72e-07	3.05e-04	2.10e-02	9.79e-01	0.00e+00	0.00e+00	0.00e+00	0.00e+00	0.00e+00
 1.30703e+14	9.66e-22	4.81e-16	4.66e-11	4.44e-07	3.43e-04	2.23e-02	9.77e-01	0.00e+00	0.00e+00	0.00e+00	0.00e+00	0.00e+00
 1.33795e+14	1.24e-21	5.97e-16	5.56e-11	5.09e-07	3.75e-04	2.34e-02	9.76e-01	0.00e+00	0.00e+00	0.00e+00	0.00e+00	0.00e+00
 1.37222e+14	1.64e-21	7.54e-16	6.75e-11	5.91e-07	4.15e-04	2.46e-02	9.75e-01	0.00e+00	0.00e+00	0.00e+00	0.00e+00	0.00e+00
 1.41677e+14	2.31e-21	1.01e-15	8.60e-11	7.13e-07	4.70e-04	2.63e-02	9.73e-01	0.00e+00	0.00e+00	0.00e+00	0.00e+00	0.00e+00
 1.46458e+14	3.28e-21	1.37e-15	1.11e-10	8.66e-07	5.35e-04	2.82e-02	9.71e-01	0.00e+00	0.00e+00	0.00e+00	0.00e+00	0.00e+00
 1.50704e+14	4.44e-21	1.78e-15	1.37e-10	1.02e-06	5.99e-04	3.00e-02	9.69e-01	0.00e+00	0.00e+00	0.00e+00	0.00e+00	0.00e+00
 1.55263e+14	6.08e-21	2.33e-15	1.72e-10	1.22e-06	6.72e-04	3.19e-02	9.67e-01	0.00e+00	0.00e+00	0.00e+00	0.00e+00	0.00e+00
 1.61012e+14	8.88e-21	3.23e-15	2.26e-10	1.51e-06	7.75e-04	3.44e-02	9.65e-01	0.00e+00	0.00e+00	0.00e+00	0.00e+00	0.00e+00
 1.66843e+14	1.28e-20	4.45e-15	2.95e-10	1.86e-06	8.90e-04	3.71e-02	9.62e-01	0.00e+00	0.00e+00	0.00e+00	0.00e+00	0.00e+00
 1.71835e+14	1.74e-20	5.80e-15	3.68e-10	2.21e-06	9.99e-04	3.95e-02	9.59e-01	0.00e+00	0.00e+00	0.00e+00	0.00e+00	0.00e+00
 1.77201e+14	2.38e-20	7.61e-15	4.63e-10	2.64e-06	1.13e-03	4.22e-02	9.57e-01	0.00e+00	0.00e+00	0.00e+00	0.00e+00	0.00e+00
 1.83853e+14	3.46e-20	1.06e-14	6.11e-10	3.28e-06	1.30e-03	4.56e-02	9.53e-01	0.00e+00	0.00e+00	0.00e+00	0.00e+00	0.00e+00
 1.90676e+14	5.00e-20	1.46e-14	8.01e-10	4.06e-06	1.49e-03	4.93e-02	9.49e-01	0.00e+00	0.00e+00	0.00e+00	0.00e+00	0.00e+00
 1.96758e+14	6.85e-20	1.93e-14	1.01e-09	4.87e-06	1.69e-03	5.27e-02	9.46e-01	0.00e+00	0.00e+00	0.00e+00	0.00e+00	0.00e+00
 2.03380e+14	9.53e-20	2.58e-14	1.30e-09	5.91e-06	1.92e-03	5.65e-02	9.42e-01	0.00e+00	0.00e+00	0.00e+00	0.00e+00	0.00e+00
 2.11280e+14	1.39e-19	3.60e-14	1.72e-09	7.38e-06	2.22e-03	6.13e-02	9.36e-01	0.00e+00	0.00e+00	0.00e+00	0.00e+00	0.00e+00
 2.19070e+14	1.99e-19	4.95e-14	2.25e-09	9.11e-06	2.55e-03	6.62e-02	9.31e-01	0.00e+00	0.00e+00	0.00e+00	0.00e+00	0.00e+00
 2.26088e+14	2.72e-19	6.53e-14	2.85e-09	1.09e-05	2.87e-03	7.07e-02	9.26e-01	0.00e+00	0.00e+00	0.00e+00	0.00e+00	0.00e+00
 2.33875e+14	3.80e-19	8.80e-14	3.67e-09	1.33e-05	3.27e-03	7.59e-02	9.21e-01	0.00e+00	0.00e+00	0.00e+00	0.00e+00	0.00e+00
 2.43057e+14	5.56e-19	1.23e-13	4.88e-09	1.66e-05	3.78e-03	8.23e-02	9.14e-01	0.00e+00	0.00e+00	0.00e+00	0.00e+00	0.00e+00
 2.52124e+14	7.98e-19	1.70e-13	6.41e-09	2.06e-05	4.34e-03	8.87e-02	9.07e-01	0.00e+00	0.00e+00	0.00e+00	0.00e+00	0.00e+00
 2.60520e+14	1.10e-18	2.28e-13	8.19e-09	2.48e-05	4.90e-03	9.49e-02	9.00e-01	0.00e+00	0.00e+00	0.00e+00	0.00e+00	0.00e+00
 2.69937e+14	1.57e-18	3.12e-13	1.07e-08	3.05e-05	5.60e-03	1.02e-01	8.92e-01	0.00e+00	0.00e+00	0.00e+00	0.00e+00	0.00e+00
 2.80765e+14	2.31e-18	4.42e-13	1.43e-08	3.82e-05	6.48e-03	1.11e-01	8.83e-01	0.00e+00	0.00e+00	0.00e+00	0.00e+00	0.00e+00
 2.91384e+14	3.35e-18	6.15e-13	1.89e-08	4.73e-05	7.43e-03	1.19e-01	8.73e-01	0.00e+00	0.00e+00	0.00e+00	0.00e+00	0.00e+00
 3.02429e+14	4.86e-18	8.58e-13	2.50e-08	5.86e-05	8.52e-03	1.28e-01	8.63e-01	0.00e+00	0.00e+00	0.00e+00	0.00e+00	0.00e+00
 3.12514e+14	6.75e-18	1.15e-12	3.20e-08	7.06e-05	9.60e-03	1.37e-01	8.54e-01	0.00e+00	0.00e+00	0.00e+00	0.00e+00	0.00e+00
 3.20000e+14	8.56e-18	1.42e-12	3.82e-08	8.08e-05	1.05e-02	1.43e-01	8.46e-01	0.00e+00	0.00e+00	0.00e+00	0.00e+00	0.00e+00
 3.27696e+14	1.09e-17	1.76e-12	4.56e-08	9.25e-05	1.14e-02	1.50e-01	8.39e-01	0.00e+00	0.00e+00	0.00e+00	0.00e+00	0.00e+00
 3.37702e+14	1.47e-17	2.31e-12	5.71e-08	1.10e-04	1.27e-02	1.59e-01	8.29e-01	0.00e+00	0.00e+00	0.00e+00	0.00e+00	0.00e+00
 3.48579e+14	2.04e-17	3.09e-12	7.25e-08	1.31e-04	1.42e-02	1.68e-01	8.17e-01	0.00e+00	0.00e+00	0.00e+00	0.00e+00	0.00e+00
 3.58418e+14	2.77e-17	3.97e-12	8.94e-08	1.54e-04	1.57e-02	1.77e-01	8.07e-01	0.00e+00	0.00e+00	1.60e-17	8.34e-18	2.80e-18
 3.69038e+14	3.72e-17	5.18e-12	1.11e-07	1.81e-04	1.74e-02	1.87e-01	7.96e-01	0.00e+00	0.00e+00	2.14e-17	1.13e-17	3.76e-18
 3.82556e+14	5.41e-17	7.20e-12	1.46e-07	2.21e-04	1.98e-02	1.99e-01	7.81e-01	0.00e+00	0.00e+00	3.11e-17	1.63e-17	5.44e-18
 3.96168e+14	7.77e-17	9.92e-12	1.90e-07	2.69e-04	2.23e-02	2.12e-01	7.66e-01	0.00e+00	0.00e+00	4.47e-17	2.35e-17	7.79e-18
 4.07474e+14	1.04e-16	1.28e-11	2.34e-07	3.14e-04	2.46e-02	2.22e-01	7.53e-01	0.00e+00	0.00e+00	6.01e-17	3.15e-17	1.04e-17
 4.19460e+14	1.41e-16	1.68e-11	2.91e-07	3.69e-04	2.72e-02	2.33e-01	7.39e-01	0.00e+00	0.00e+00	8.14e-17	4.26e-17	1.41e-17
 4.34774e+14	2.06e-16	2.33e-11	3.80e-07	4.49e-04	3.07e-02	2.47e-01	7.22e-01	0.00e+00	0.00e+00	1.19e-16	6.21e-17	2.04e-17
 4.50926e+14	3.03e-16	3.26e-11	4.98e-07	5.48e-04	3.47e-02	2.62e-01	7.03e-01	0.00e+00	0.00e+00	1.75e-16	9.15e-17	3.00e-17
 4.65415e+14	4.25e-16	4.36e-11	6.30e-07	6.51e-04	3.85e-02	2.74e-01	6.86e-01	0.00e+00	0.00e+00	2.45e-16	1.28e-16	4.19e-17
 4.81230e+14	6.06e-16	5.93e-11	8.07e-07	7.79e-04	4.30e-02	2.88e-01	6.68e-01	0.00e+00	0.00e+00	3.50e-16	1.83e-16	5.97e-17
 4.99988e+14	9.15e-16	8.43e-11	1.07e-06	9.55e-04	4.86e-02	3.04e-01	6.46e-01	0.00e+00	0.00e+00	5.30e-16	2.76e-16	8.99e-17
 5.18461e+14	1.35e-15	1.18e-10	1.40e-06	1.16e-03	5.46e-02	3.20e-01	6.24e-01	0.00e+00	0.00e+00	7.83e-16	4.07e-16	1.33e-16
 5.35277e+14	1.91e-15	1.58e-10	1.76e-06	1.37e-03	6.03e-02	3.33e-01	6.05e-01	0.00e+00	0.00e+00	1.11e-15	5.76e-16	1.87e-16
 5.54047e+14	2.78e-15	2.16e-10	2.26e-06	1.63e-03	6.70e-02	3.48e-01	5.83e-01	0.00e+00	0.00e+00	1.61e-15	8.37e-16	2.71e-16
 5.75964e+14	4.24e-15	3.08e-10	2.99e-06	1.99e-03	7.54e-02	3.64e-01	5.58e-01	0.00e+00	0.00e+00	2.46e-15	1.28e-15	4.13e-16
 5.97497e+14	6.34e-15	4.31e-10	3.89e-06	2.40e-03	8.40e-02	3.79e-01	5.35e-01	0.00e+00	0.00e+00	3.68e-15	1.91e-15	6.17e-16
 6.17736e+14	9.15e-15	5.83e-10	4.93e-06	2.84e-03	9.26e-02	3.92e-01	5.13e-01	0.00e+00	0.00e+00	5.31e-15	2.76e-15	8.89e-16
 6.40320e+14	1.35e-14	8.05e-10	6.36e-06	3.39e-03	1.02e-01	4.06e-01	4.88e-01	0.00e+00	0.00e+00	7.86e-15	4.08e-15	1.31e-15
 6.65963e+14	2.09e-14	1.15e-09	8.37e-06	4.10e-03	1.14e-01	4.20e-01	4.62e-01	0.00e+00	0.00e+00	1.21e-14	6.29e-15	2.02e-15
 6.87517e+14	2.96e-14	1.53e-09	1.04e-05	4.78e-03	1.25e-01	4.31e-01	4.40e-01	0.00e+00	0.00e+00	1.72e-14	8.94e-15	2.87e-15
 7.02997e+14	3.78e-14	1.86e-09	1.22e-05	5.31e-03	1.32e-01	4.38e-01	4.25e-01	0.00e+00	0.00e+00	2.20e-14	1.14e-14	3.66e-15
 7.19097e+14	4.86e-14	2.27e-09	1.42e-05	5.91e-03	1.40e-01	4.44e-01	4.10e-01	0.00e+00	0.00e+00	2.82e-14	1.47e-14	4.70e-15
 7.40026e+14	6.66e-14	2.93e-09	1.73e-05	6.75e-03	1.51e-01	4.52e-01	3.90e-01	0.00e+00	0.00e+00	3.87e-14	2.01e-14	6.44e-15
 7.63396e+14	9.38e-14	3.85e-09	2.13e-05	7.79e-03	1.63e-01	4.60e-01	3.69e-01	0.00e+00	0.00e+00	5.45e-14	2.83e-14	9.06e-15
 7.85320e+14	1.28e-13	4.93e-09	2.58e-05	8.85e-03	1.74e-01	4.66e-01	3.51e-01	0.00e+00	0.00e+00	7.44e-14	3.87e-14	1.24e-14
 8.09197e+14	1.78e-13	6.40e-09	3.14e-05	1.01e-02	1.87e-01	4.72e-01	3.31e-01	0.00e+00	0.00e+00	1.03e-13	5.38e-14	1.72e-14
 8.35892e+14	2.54e-13	8.46e-09	3.89e-05	1.17e-02	2.01e-01	4.77e-01	3.10e-01	0.00e+00	0.00e+00	1.48e-13	7.68e-14	2.46e-14
 8.61050e+14	3.52e-13	1.09e-08	4.72e-05	1.33e-02	2.15e-01	4.80e-01	2.91e-01	0.00e+00	0.00e+00	2.05e-13	1.06e-13	3.40e-14
 8.88559e+14	4.97e-13	1.43e-08	5.78e-05	1.51e-02	2.30e-01	4.83e-01	2.72e-01	0.00e+00	0.00e+00	2.89e-13	1.50e-13	4.79e-14
 9.19406e+14	7.20e-13	1.90e-08	7.18e-05	1.75e-02	2.47e-01	4.84e-01	2.52e-01	0.00e+00	0.00e+00	4.19e-13	2.18e-13	6.95e-14
 9.48693e+14	1.01e-12	2.48e-08	8.75e-05	1.99e-02	2.63e-01	4.83e-01	2.34e-01	0.00e+00	0.00e+00	5.89e-13	3.06e-13	9.77e-14
 9.80864e+14	1.46e-12	3.27e-08	1.08e-04	2.27e-02	2.80e-01	4.82e-01	2.15e-01	0.00e+00	0.00e+00	8.46e-13	4.40e-13	1.40e-13
 1.01673e+15	2.14e-12	4.40e-08	1.35e-04	2.62e-02	2.99e-01	4.78e-01	1.96e-01	0.00e+00	0.00e+00	1.25e-12	6.48e-13	2.07e-13
 1.05007e+15	3.03e-12	5.73e-08	1.64e-04	2.96e-02	3.16e-01	4.74e-01	1.80e-01	0.00e+00	0.00e+00	1.76e-12	9.16e-13	2.92e-13
 1.08610e+15	4.35e-12	7.54e-08	2.01e-04	3.36e-02	3.35e-01	4.68e-01	1.64e-01	0.00e+00	0.00e+00	2.53e-12	1.32e-12	4.20e-13
 1.12645e+15	6.41e-12	1.01e-07	2.49e-04	3.85e-02	3.54e-01	4.59e-01	1.48e-01	0.00e+00	0.00e+00	3.73e-12	1.94e-12	6.19e-13
 1.16428e+15	9.08e-12	1.31e-07	3.03e-04	4.33e-02	3.72e-01	4.50e-01	1.34e-01	0.00e+00	0.00e+00	5.28e-12	2.75e-12	8.76e-13
 1.20534e+15	1.31e-11	1.73e-07	3.70e-04	4.90e-02	3.91e-01	4.40e-01	1.20e-01	0.00e+00	0.00e+00	7.61e-12	3.96e-12	1.26e-12
 1.24890e+15	1.89e-11	2.28e-07	4.54e-04	5.53e-02	4.09e-01	4.28e-01	1.07e-01	0.00e+00	0.00e+00	1.10e-11	5.73e-12	1.83e-12
 1.28689e+15	2.57e-11	2.87e-07	5.37e-04	6.12e-02	4.25e-01	4.17e-01	9.70e-02	0.00e+00	0.00e+00	1.50e-11	7.79e-12	2.49e-12
 1.31949e+15	3.32e-11	3.48e-07	6.18e-04	6.65e-02	4.37e-01	4.07e-01	8.90e-02	0.00e+00	0.00e+00	1.93e-11	1.01e-11	3.21e-12
 1.35394e+15	4.33e-11	4.24e-07	7.13e-04	7.22e-02	4.50e-01	3.96e-01	8.13e-02	0.00e+00	0.00e+00	2.52e-11	1.31e-11	4.18e-12
 1.39873e+15	6.05e-11	5.44e-07	8.54e-04	8.01e-02	4.65e-01	3.82e-01	7.23e-02	0.00e+00	0.00e+00	3.52e-11	1.83e-11	5.86e-12
 1.44374e+15	8.34e-11	6.91e-07	1.01e-03	8.83e-02	4.79e-01	3.68e-01	6.43e-02	0.00e+00	0.00e+00	4.85e-11	2.53e-11	8.08e-12
 1.47984e+15	1.07e-10	8.32e-07	1.16e-03	9.52e-02	4.89e-01	3.56e-01	5.85e-02	0.00e+00	0.00e+00	6.23e-11	3.25e-11	1.04e-11
 1.51755e+15	1.39e-10	1.01e-06	1.33e-03	1.03e-01	4.99e-01	3.44e-01	5.30e-02	0.00e+00	0.00e+00	8.06e-11	4.20e-11	1.34e-11
 1.56659e+15	1.92e-10	1.28e-06	1.57e-03	1.12e-01	5.11e-01	3.28e-01	4.66e-02	0.00e+00	0.00e+00	1.11e-10	5.81e-11	1.86e-11
 1.61770e+15	2.63e-10	1.62e-06	1.86e-03	1.23e-01	5.22e-01	3.12e-01	4.09e-02	0.00e+00	0.00e+00	1.53e-10	7.99e-11	2.55e-11
 1.66146e+15	3.42e-10	1.97e-06	2.13e-03	1.33e-01	5.30e-01	2.99e-01	3.66e-02	0.00e+00	0.00e+00	1.99e-10	1.04e-10	3.32e-11
 1.70834e+15	4.53e-10	2.42e-06	2.46e-03	1.43e-01	5.37e-01	2.85e-01	3.24e-02	0.00e+00	0.00e+00	2.64e-10	1.37e-10	4.40e-11
 1.76927e+15	6.43e-10	3.12e-06	2.94e-03	1.57e-01	5.46e-01	2.67e-01	2.77e-02	0.00e+00	0.00e+00	3.74e-10	1.95e-10	6.24e-11
 1.83139e+15	8.95e-10	4.00e-06	3.50e-03	1.71e-01	5.52e-01	2.50e-01	2.37e-02	0.00e+00	0.00e+00	5.21e-10	2.72e-10	8.70e-11
 1.88169e+15	1.16e-09	4.84e-06	4.00e-03	1.83e-01	5.55e-01	2.37e-01	2.09e-02	0.00e+00	0.00e+00	6.75e-10	3.52e-10	1.13e-10
 1.93371e+15	1.51e-09	5.89e-06	4.58e-03	1.96e-01	5.58e-01	2.23e-01	1.83e-02	0.00e+00	0.00e+00	8.81e-10	4.60e-10	1.47e-10
 2.00134e+15	2.11e-09	7.54e-06	5.43e-03	2.12e-01	5.60e-01	2.07e-01	1.55e-02	0.00e+00	0.00e+00	1.23e-09	6.43e-10	2.06e-10
 2.07142e+15	2.91e-09	9.57e-06	6.41e-03	2.29e-01	5.60e-01	1.91e-01	1.30e-02	0.00e+00	0.00e+00	1.70e-09	8.86e-10	2.84e-10
 2.13039e+15	3.77e-09	1.16e-05	7.32e-03	2.44e-01	5.59e-01	1.78e-01	1.13e-02	0.00e+00	0.00e+00	2.20e-09	1.15e-09	3.68e-10
 2.19274e+15	4.97e-09	1.42e-05	8.41e-03	2.60e-01	5.57e-01	1.66e-01	9.67e-03	0.00e+00	0.00e+00	2.89e-09	1.51e-09	4.86e-10
 2.26006e+15	6.55e-09	1.75e-05	9.70e-03	2.77e-01	5.53e-01	1.53e-01	8.22e-03	0.00e+00	0.00e+00	3.82e-09	1.99e-09	6.41e-10
 2.32034e+15	8.31e-09	2.09e-05	1.10e-02	2.92e-01	5.48e-01	1.42e-01	7.12e-03	0.00e+00	0.00e+00	4.84e-09	2.53e-09	8.14e-10
 2.37392e+15	1.02e-08	2.44e-05	1.22e-02	3.05e-01	5.43e-01	1.33e-01	6.27e-03	0.00e+00	0.00e+00	5.94e-09	3.11e-09	1.00e-09
 2.43227e+15	1.28e-08	2.88e-05	1.37e-02	3.20e-01	5.37e-01	1.24e-01	5.44e-03	0.00e+00	0.00e+00	7.46e-09	3.90e-09	1.26e-09
 2.49657e+15	1.62e-08	3.43e-05	1.54e-02	3.36e-01	5.30e-01	1.15e-01	4.68e-03	0.00e+00	0.00e+00	9.42e-09	4.93e-09	1.59e-09
 2.55870e+15	2.02e-08	4.05e-05	1.72e-02	3.51e-01	5.22e-01	1.06e-01	4.04e-03	0.00e+00	0.00e+00	1.17e-08	6.14e-09	1.98e-09
 2.61905e+15	2.48e-08	4.73e-05	1.92e-02	3.65e-01	5.13e-01	9.86e-02	3.51e-03	0.00e+00	0.00e+00	1.44e-08	7.55e-09	2.44e-09
 2.68699e+15	3.15e-08	5.64e-05	2.16e-02	3.82e-01	5.03e-01	9.04e-02	2.99e-03	0.00e+00	0.00e+00	1.83e-08	9.59e-09	3.10e-09
 2.76270e+15	4.01e-08	6.77e-05	2.45e-02	3.99e-01	4.91e-01	8.22e-02	2.51e-03	0.00e+00	0.00e+00	2.34e-08	1.22e-08	3.96e-09
 2.83415e+15	5.01e-08	8.01e-05	2.75e-02	4.16e-01	4.80e-01	7.51e-02	2.13e-03	0.00e+00	0.00e+00	2.91e-08	1.53e-08	4.94e-09
 2.89990e+15	6.11e-08	9.31e-05	3.05e-02	4.30e-01	4.68e-01	6.91e-02	1.83e-03	0.00e+00	0.00e+00	3.56e-08	1.86e-08	6.04e-09
 2.97260e+15	7.68e-08	1.10e-04	3.42e-02	4.46e-01	4.55e-01	6.28e-02	1.54e-03	0.00e+00	0.00e+00	4.47e-08	2.34e-08	7.60e-09
 3.05451e+15	9.79e-08	1.33e-04	3.87e-02	4.63e-01	4.40e-01	5.64e-02	1.28e-03	0.00e+00	0.00e+00	5.70e-08	2.99e-08	9.70e-09
 3.13239e+15	1.22e-07	1.56e-04	4.33e-02	4.79e-01	4.26e-01	5.09e-02	1.07e-03	0.00e+00	0.00e+00	7.08e-08	3.71e-08	1.21e-08
 3.20417e+15	1.48e-07	1.81e-04	4.80e-02	4.93e-01	4.12e-01	4.63e-02	9.11e-04	0.00e+00	0.00e+00	8.60e-08	4.51e-08	1.47e-08
 3.28398e+15	1.87e-07	2.16e-04	5.39e-02	5.07e-01	3.96e-01	4.15e-02	7.54e-04	0.00e+00	0.00e+00	1.09e-07	5.71e-08	1.86e-08
 3.37230e+15	2.37e-07	2.59e-04	6.10e-02	5.23e-01	3.79e-01	3.68e-02	6.16e-04	0.00e+00	0.00e+00	1.38e-07	7.24e-08	2.36e-08
 3.45471e+15	2.93e-07	3.04e-04	6.81e-02	5.36e-01	3.63e-01	3.28e-02	5.10e-04	0.00e+00	0.00e+00	1.71e-07	8.97e-08	2.92e-08
 3.53172e+15	3.59e-07	3.54e-04	7.56e-02	5.47e-01	3.47e-01	2.94e-02	4.26e-04	0.00e+00	0.00e+00	2.09e-07	1.10e-07	3.58e-08
 3.60716e+15	4.35e-07	4.10e-04	8.36e-02	5.57e-01	3.32e-01	2.64e-02	3.58e-04	0.00e+00	0.00e+00	2.53e-07	1.33e-07	4.34e-08
 3.69371e+15	5.55e-07	4.92e-04	9.40e-02	5.67e-01	3.15e-01	2.32e-02	2.90e-04	0.00e+00	0.00e+00	3.23e-07	1.70e-07	5.54e-08
 3.78249e+15	6.87e-07	5.80e-04	1.05e-01	5.76e-01	2.97e-01	2.04e-02	2.35e-04	0.00e+00	0.00e+00	4.00e-07	2.10e-07	6.87e-08
 3.85834e+15	8.40e-07	6.74e-04	1.16e-01	5.83e-01	2.82e-01	1.81e-02	1.96e-04	0.00e+00	0.00e+00	4.89e-07	2.57e-07	8.40e-08
 3.93035e+15	1.01e-06	7.77e-04	1.28e-01	5.88e-01	2.67e-01	1.62e-02	1.64e-04	0.00e+00	0.00e+00	5.91e-07	3.11e-07	1.02e-07
 3.99533e+15	1.19e-06	8.80e-04	1.39e-01	5.91e-01	2.55e-01	1.46e-02	1.39e-04	0.00e+00	0.00e+00	6.95e-07	3.66e-07	1.20e-07
 4.05145e+15	1.38e-06	9.83e-04	1.50e-01	5.93e-01	2.43e-01	1.33e-02	1.21e-04	0.00e+00	0.00e+00	8.06e-07	4.24e-07	1.39e-07
 4.11387e+15	1.64e-06	1.12e-03	1.63e-01	5.93e-01	2.31e-01	1.19e-02	1.02e-04	0.00e+00	0.00e+00	9.56e-07	5.03e-07	1.65e-07
 4.18109e+15	1.98e-06	1.28e-03	1.78e-01	5.93e-01	2.18e-01	1.06e-02	8.53e-05	0.00e+00	0.00e+00	1.15e-06	6.06e-07	1.99e-07
 4.23955e+15	2.31e-06	1.44e-03	1.92e-01	5.91e-01	2.06e-01	9.53e-03	7.29e-05	0.00e+00	0.00e+00	1.34e-06	7.08e-07	2.32e-07
 4.30055e+15	2.68e-06	1.62e-03	2.08e-01	5.88e-01	1.94e-01	8.51e-03	6.17e-05	0.00e+00	0.00e+00	1.56e-06	8.21e-07	2.69e-07
 4.37986e+15	3.52e-06	1.97e-03	2.32e-01	5.81e-01	1.78e-01	7.21e-03	4.80e-05	0.00e+00	0.00e+00	2.05e-06	1.08e-06	3.54e-07
 4.45014e+15	4.20e-06	2.25e-03	2.54e-01	5.73e-01	1.65e-01	6.28e-03	3.94e-05	0.00e+00	0.00e+00	2.44e-06	1.29e-06	4.22e-07
 4.49744e+15	4.83e-06	2.50e-03	2.70e-01	5.66e-01	1.56e-01	5.67e-03	3.39e-05	0.00e+00	0.00e+00	2.81e-06	1.48e-06	4.87e-07
 4.54768e+15	5.54e-06	2.77e-03	2.89e-01	5.57e-01	1.46e-01	5.06e-03	2.89e-05	0.00e+00	0.00e+00	3.22e-06	1.70e-06	5.58e-07
 4.61299e+15	7.07e-06	3.29e-03	3.17e-01	5.42e-01	1.32e-01	4.29e-03	2.27e-05	0.00e+00	0.00e+00	4.11e-06	2.17e-06	7.12e-07
 4.67426e+15	8.49e-06	3.77e-03	3.44e-01	5.27e-01	1.21e-01	3.69e-03	1.84e-05	0.00e+00	0.00e+00	4.94e-06	2.60e-06	8.56e-07
 4.71951e+15	9.86e-06	4.20e-03	3.66e-01	5.14e-01	1.13e-01	3.26e-03	1.55e-05	0.00e+00	0.00e+00	5.73e-06	3.02e-06	9.95e-07
 4.76759e+15	1.17e-05	4.75e-03	3.91e-01	4.98e-01	1.03e-01	2.84e-03	1.27e-05	0.00e+00	0.00e+00	6.80e-06	3.59e-06	1.18e-06
 4.82091e+15	1.41e-05	5.42e-03	4.21e-01	4.78e-01	9.33e-02	2.41e-03	1.01e-05	0.00e+00	0.00e+00	8.20e-06	4.32e-06	1.42e-06
 4.87015e+15	1.68e-05	6.13e-03	4.49e-01	4.58e-01	8.44e-02	2.06e-03	8.17e-06	0.00e+00	0.00e+00	9.76e-06	5.15e-06	1.70e-06
 4.91499e+15	1.98e-05	6.89e-03	4.77e-01	4.38e-01	7.65e-02	1.76e-03	6.62e-06	0.00e+00	0.00e+00	1.15e-05	6.07e-06	2.00e-06
 4.96505e+15	2.42e-05	7.91e-03	5.10e-01	4.13e-01	6.75e-02	1.45e-03	5.10e-06	0.00e+00	0.00e+00	1.41e-05	7.42e-06	2.45e-06
 5.01698e+15	2.94e-05	9.06e-03	5.44e-01	3.86e-01	5.90e-02	1.19e-03	3.89e-06	0.00e+00	0.00e+00	1.71e-05	9.02e-06	2.98e-06
 5.06033e+15	3.48e-05	1.02e-02	5.74e-01	3.63e-01	5.22e-02	9.87e-04	3.04e-06	0.00e+00	0.00e+00	2.03e-05	1.07e-05	3.53e-06
 5.09947e+15	3.97e-05	1.11e-02	6.01e-01	3.41e-01	4.64e-02	8.31e-04	2.43e-06	0.00e+00	0.00e+00	2.31e-05	1.22e-05	4.03e-06
 5.14413e+15	4.98e-05	1.29e-02	6.34e-01	3.12e-01	3.96e-02	6.57e-04	1.78e-06	0.00e+00	0.00e+00	2.89e-05	1.53e-05	5.06e-06
 5.18909e+15	5.98e-05	1.46e-02	6.66e-01	2.85e-01	3.38e-02	5.21e-04	1.31e-06	0.00e+00	0.00e+00	3.48e-05	1.84e-05	6.08e-06
 5.22085e+15	6.86e-05	1.59e-02	6.88e-01	2.66e-01	2.99e-02	4.37e-04	1.05e-06	0.00e+00	0.00e+00	3.99e-05	2.11e-05	6.98e-06
 5.24329e+15	7.56e-05	1.70e-02	7.03e-01	2.52e-01	2.74e-02	3.84e-04	8.84e-07	0.00e+00	0.00e+00	4.40e-05	2.32e-05	7.69e-06
 5.26723e+15	8.23e-05	1.79e-02	7.19e-01	2.38e-01	2.48e-02	3.34e-04	0.00e+00	0.00e+00	0.00e+00	4.79e-05	2.53e-05	8.38e-06
 5.29835e+15	9.71e-05	1.99e-02	7.40e-01	2.18e-01	2.14e-02	2.71e-04	0.00e+00	0.00e+00	0.00e+00	5.65e-05	2.98e-05	9.89e-06
 5.32870e+15	1.08e-04	2.13e-02	7.58e-01	2.02e-01	1.87e-02	2.24e-04	0.00e+00	0.00e+00	0.00e+00	6.30e-05	3.33e-05	1.10e-05
 5.35803e+15	1.24e-04	2.33e-02	7.76e-01	1.84e-01	1.61e-02	1.82e-04	0.00e+00	0.00e+00	0.00e+00	7.23e-05	3.82e-05	1.27e-05
 5.38923e+15	1.43e-04	2.54e-02	7.93e-01	1.67e-01	1.38e-02	1.45e-04	0.00e+00	0.00e+00	0.00e+00	8.34e-05	4.41e-05	1.46e-05
 5.41635e+15	1.66e-04	2.77e-02	8.08e-01	1.52e-01	1.19e-02	1.17e-04	0.00e+00	0.00e+00	0.00e+00	9.66e-05	5.11e-05	1.70e-05
 5.43952e+15	1.84e-04	2.95e-02	8.19e-01	1.41e-01	1.05e-02	9.83e-05	0.00e+00	0.00e+00	0.00e+00	1.07e-04	5.67e-05	1.88e-05
 5.46404e+15	2.08e-04	3.17e-02	8.31e-01	1.28e-01	9.05e-03	8.01e-05	0.00e+00	0.00e+00	0.00e+00	1.21e-04	6.39e-05	2.12e-05
 5.49591e+15	2.42e-04	3.48e-02	8.44e-01	1.14e-01	7.45e-03	6.09e-05	0.00e+00	0.00e+00	0.00e+00	1.41e-04	7.45e-05	2.48e-05
 5.52834e+15	2.82e-04	3.80e-02	8.55e-01	1.00e-01	6.12e-03	4.62e-05	0.00e+00	0.00e+00	0.00e+00	1.64e-04	8.66e-05	2.88e-05
 5.55451e+15	3.18e-04	4.08e-02	8.63e-01	9.06e-02	5.20e-03	3.68e-05	0.00e+00	0.00e+00	0.00e+00	1.85e-04	9.79e-05	3.26e-05
 5.58156e+15	3.62e-04	4.39e-02	8.70e-01	8.09e-02	4.34e-03	2.85e-05	0.00e+00	0.00e+00	0.00e+00	2.11e-04	1.11e-04	3.71e-05
 5.61179e+15	4.18e-04	4.76e-02	8.77e-01	7.13e-02	3.55e-03	2.15e-05	0.00e+00	0.00e+00	0.00e+00	2.43e-04	1.28e-04	4.28e-05
 5.63978e+15	4.77e-04	5.13e-02	8.82e-01	6.32e-02	2.94e-03	1.65e-05	0.00e+00	0.00e+00	0.00e+00	2.77e-04	1.47e-04	4.89e-05
 5.66549e+15	5.38e-04	5.50e-02	8.86e-01	5.65e-02	2.46e-03	1.29e-05	0.00e+00	0.00e+00	0.00e+00	3.13e-04	1.65e-04	5.52e-05
 5.69456e+15	6.19e-04	5.95e-02	8.88e-01	4.95e-02	1.99e-03	9.56e-06	0.00e+00	0.00e+00	0.00e+00	3.60e-04	1.90e-04	6.35e-05
 5.72599e+15	7.17e-04	6.46e-02	8.90e-01	4.30e-02	1.60e-03	6.98e-06	0.00e+00	0.00e+00	0.00e+00	4.17e-04	2.21e-04	7.37e-05
 5.75380e+15	8.17e-04	6.94e-02	8.91e-01	3.79e-02	1.31e-03	5.27e-06	0.00e+00	0.00e+00	0.00e+00	4.75e-04	2.51e-04	8.40e-05
 5.78328e+15	9.40e-04	7.50e-02	8.90e-01	3.30e-02	1.05e-03	3.86e-06	0.00e+00	0.00e+00	0.00e+00	5.47e-04	2.89e-04	9.67e-05
 5.81523e+15	1.09e-03	8.14e-02	8.88e-01	2.84e-02	8.31e-04	2.77e-06	0.00e+00	0.00e+00	0.00e+00	6.36e-04	3.36e-04	1.12e-04
 5.84386e+15	1.25e-03	8.75e-02	8.86e-01	2.49e-02	6.75e-04	2.06e-06	0.00e+00	0.00e+00	0.00e+00	7.26e-04	3.84e-04	1.29e-04
 5.87034e+15	1.42e-03	9.37e-02	8.82e-01	2.20e-02	5.53e-04	1.55e-06	0.00e+00	0.00e+00	0.00e+00	8.24e-04	4.36e-04	1.46e-04
 5.90057e+15	1.63e-03	1.01e-01	8.78e-01	1.90e-02	4.39e-04	1.11e-06	0.00e+00	0.00e+00	0.00e+00	9.51e-04	5.03e-04	1.68e-04
 5.93357e+15	1.91e-03	1.10e-01	8.71e-01	1.62e-02	3.42e-04	7.79e-07	0.00e+00	0.00e+00	0.00e+00	1.11e-03	5.88e-04	1.97e-04
 5.96330e+15	2.20e-03	1.19e-01	8.64e-01	1.40e-02	2.74e-04	0.00e+00	0.00e+00	0.00e+00	0.00e+00	1.28e-03	6.77e-04	2.27e-04
 5.99053e+15	2.50e-03	1.27e-01	8.58e-01	1.23e-02	2.23e-04	0.00e+00	0.00e+00	0.00e+00	0.00e+00	1.45e-03	7.68e-04	2.58e-04
 6.02140e+15	2.91e-03	1.38e-01	8.48e-01	1.06e-02	1.75e-04	0.00e+00	0.00e+00	0.00e+00	0.00e+00	1.69e-03	8.95e-04	3.00e-04
 6.05490e+15	3.42e-03	1.51e-01	8.37e-01	8.94e-03	1.35e-04	0.00e+00	0.00e+00	0.00e+00	0.00e+00	1.99e-03	1.05e-03	3.53e-04
 6.08514e+15	3.96e-03	1.63e-01	8.25e-01	7.71e-03	1.07e-04	0.00e+00	0.00e+00	0.00e+00	0.00e+00	2.30e-03	1.22e-03	4.09e-04
 6.11779e+15	4.66e-03	1.78e-01	8.11e-01	6.51e-03	8.28e-05	0.00e+00	0.00e+00	0.00e+00	0.00e+00	2.72e-03	1.44e-03	4.82e-04
 6.15305e+15	5.58e-03	1.95e-01	7.94e-01	5.42e-03	6.26e-05	0.00e+00	0.00e+00	0.00e+00	0.00e+00	3.25e-03	1.72e-03	5.76e-04
 6.18454e+15	6.55e-03	2.12e-01	7.76e-01	4.60e-03	4.89e-05	0.00e+00	0.00e+00	0.00e+00	0.00e+00	3.81e-03	2.01e-03	6.76e-04
 6.21831e+15	7.80e-03	2.33e-01	7.56e-01	3.82e-03	3.69e-05	0.00e+00	0.00e+00	0.00e+00	0.00e+00	4.54e-03	2.40e-03	8.06e-04
 6.25579e+15	9.51e-03	2.57e-01	7.30e-01	3.10e-03	2.70e-05	0.00e+00	0.00e+00	0.00e+00	0.00e+00	5.54e-03	2.93e-03	9.83e-04
 6.29046e+15	1.14e-02	2.83e-01	7.03e-01	2.55e-03	2.02e-05	0.00e+00	0.00e+00	0.00e+00	0.00e+00	6.66e-03	3.52e-03	1.18e-03
 6.32286e+15	1.37e-02	3.09e-01	6.75e-01	2.10e-03	1.52e-05	0.00e+00	0.00e+00	0.00e+00	0.00e+00	7.97e-03	4.21e-03	1.42e-03
 6.35992e+15	1.68e-02	3.42e-01	6.39e-01	1.66e-03	1.08e-05	0.00e+00	0.00e+00	0.00e+00	0.00e+00	9.80e-03	5.17e-03	1.74e-03
 6.39915e+15	2.11e-02	3.81e-01	5.97e-01	1.28e-03	7.47e-06	0.00e+00	0.00e+00	0.00e+00	0.00e+00	1.23e-02	6.48e-03	2.18e-03
 6.43188e+15	2.56e-02	4.16e-01	5.57e-01	1.01e-03	5.39e-06	0.00e+00	0.00e+00	0.00e+00	0.00e+00	1.49e-02	7.88e-03	2.65e-03
 6.45974e+15	3.02e-02	4.48e-01	5.21e-01	8.20e-04	4.04e-06	0.00e+00	0.00e+00	0.00e+00	0.00e+00	1.76e-02	9.29e-03	3.13e-03
 6.49058e+15	3.64e-02	4.85e-01	4.78e-01	6.38e-04	2.86e-06	0.00e+00	0.00e+00	0.00e+00	0.00e+00	2.12e-02	1.12e-02	3.77e-03
 6.52503e+15	4.51e-02	5.28e-01	4.27e-01	4.72e-04	1.91e-06	0.00e+00	0.00e+00	0.00e+00	0.00e+00	2.63e-02	1.38e-02	4.67e-03
 6.55366e+15	5.42e-02	5.65e-01	3.81e-01	3.58e-04	1.32e-06	0.00e+00	0.00e+00	0.00e+00	0.00e+00	3.16e-02	1.66e-02	5.62e-03
 6.57413e+15	6.19e-02	5.91e-01	3.47e-01	2.90e-04	1.00e-06	0.00e+00	0.00e+00	0.00e+00	0.00e+00	3.61e-02	1.90e-02	6.42e-03
