#depth	He	He+	He+2
 1.49634e+10	5.62e-20	3.80e-10	1.00e+00
 4.54887e+10	6.58e-20	4.18e-10	1.00e+00
 7.72350e+10	7.62e-20	4.60e-10	1.00e+00
 1.10251e+11	8.80e-20	5.05e-10	1.00e+00
 1.44588e+11	1.02e-19	5.56e-10	1.00e+00
 1.80298e+11	1.17e-19	6.12e-10	1.00e+00
 2.17437e+11	1.35e-19	6.74e-10	1.00e+00
 2.56061e+11	1.55e-19	7.43e-10	1.00e+00
 2.91091e+11	1.76e-19	8.09e-10	1.00e+00
 3.20439e+11	1.93e-19	8.67e-10	1.00e+00
 3.52657e+11	2.14e-19	9.33e-10	1.00e+00
 3.93249e+11	2.43e-19	1.02e-09	1.00e+00
 4.35484e+11	2.76e-19	1.12e-09	1.00e+00
 4.71721e+11	3.06e-19	1.21e-09	1.00e+00
 5.09401e+11	3.38e-19	1.30e-09	1.00e+00
 5.56277e+11	3.83e-19	1.43e-09	1.00e+00
 6.03735e+11	4.34e-19	1.56e-09	1.00e+00
 6.45148e+11	4.80e-19	1.68e-09	1.00e+00
 6.90071e+11	5.34e-19	1.82e-09	1.00e+00
 7.44735e+11	6.06e-19	2.00e-09	1.00e+00
 8.00350e+11	6.86e-19	2.19e-09	1.00e+00
 8.51433e+11	7.66e-19	2.37e-09	1.00e+00
 9.08338e+11	8.62e-19	2.59e-09	1.00e+00
 9.74274e+11	9.86e-19	2.85e-09	1.00e+00
 1.03928e+12	1.12e-18	3.11e-09	1.00e+00
 1.10156e+12	1.26e-18	3.38e-09	1.00e+00
 1.17023e+12	1.44e-18	3.70e-09	1.00e+00
 1.24696e+12	1.65e-18	4.06e-09	1.00e+00
 1.31673e+12	1.87e-18	4.41e-09	1.00e+00
 1.37546e+12	2.08e-18	4.71e-09	1.00e+00
 1.44005e+12	2.32e-18	5.05e-09	1.00e+00
 1.51307e+12	2.62e-18	5.47e-09	1.00e+00
 1.58281e+12	2.94e-18	5.87e-09	1.00e+00
 1.65928e+12	3.33e-18	6.33e-09	1.00e+00
 1.74448e+12	3.80e-18	6.86e-09	1.00e+00
 1.82466e+12	4.30e-18	7.38e-09	1.00e+00
 1.91255e+12	4.90e-18	7.98e-09	1.00e+00
 2.01076e+12	5.66e-18	8.67e-09	1.00e+00
 2.10414e+12	6.46e-18	9.36e-09	1.00e+00
 2.19114e+12	7.28e-18	1.00e-08	1.00e+00
 2.28810e+12	8.29e-18	1.08e-08	1.00e+00
 2.39659e+12	9.56e-18	1.17e-08	1.00e+00
 2.49886e+12	1.09e-17	1.26e-08	1.00e+00
 2.61059e+12	1.25e-17	1.35e-08	1.00e+00
 2.73431e+12	1.45e-17	1.47e-08	1.00e+00
 2.84927e+12	1.66e-17	1.58e-08	1.00e+00
 2.97437e+12	1.91e-17	1.70e-08	1.00e+00
 3.11417e+12	2.22e-17	1.85e-08	1.00e+00
 3.24592e+12	2.55e-17	1.99e-08	1.00e+00
 3.38970e+12	2.95e-17	2.15e-08	1.00e+00
 3.55012e+12	3.46e-17	2.34e-08	1.00e+00
 3.70189e+12	3.99e-17	2.53e-08	1.00e+00
 3.86482e+12	4.64e-17	2.73e-08	1.00e+00
 4.04934e+12	5.46e-17	2.98e-08	1.00e+00
 4.23106e+12	6.38e-17	3.23e-08	1.00e+00
 4.42005e+12	7.44e-17	3.50e-08	1.00e+00
 4.62678e+12	8.77e-17	3.80e-08	1.00e+00
 4.83724e+12	1.03e-16	4.13e-08	1.00e+00
 5.05612e+12	1.21e-16	4.48e-08	1.00e+00
 5.27685e+12	1.41e-16	4.86e-08	1.00e+00
 5.48193e+12	1.62e-16	5.22e-08	1.00e+00
 5.70666e+12	1.88e-16	5.62e-08	1.00e+00
 5.93699e+12	2.17e-16	6.06e-08	1.00e+00
 6.12838e+12	2.44e-16	6.43e-08	1.00e+00
 6.32992e+12	2.75e-16	6.83e-08	1.00e+00
 6.58768e+12	3.18e-16	7.36e-08	1.00e+00
 6.85767e+12	3.70e-16	7.94e-08	1.00e+00
 7.09560e+12	4.19e-16	8.47e-08	1.00e+00
 7.35269e+12	4.78e-16	9.05e-08	1.00e+00
 7.64082e+12	5.52e-16	9.73e-08	1.00e+00
 7.91255e+12	6.29e-16	1.04e-07	1.00e+00
 8.20905e+12	7.21e-16	1.11e-07	1.00e+00
 8.53764e+12	8.36e-16	1.20e-07	1.00e+00
 8.84254e+12	9.53e-16	1.28e-07	1.00e+00
 9.17348e+12	1.09e-15	1.37e-07	1.00e+00
 9.54379e+12	1.27e-15	1.48e-07	1.00e+00
 9.89311e+12	1.45e-15	1.59e-07	1.00e+00
 1.02751e+13	1.67e-15	1.70e-07	1.00e+00
 1.07013e+13	1.95e-15	1.84e-07	1.00e+00
 1.11023e+13	2.24e-15	1.97e-07	1.00e+00
 1.15339e+13	2.59e-15	2.12e-07	1.00e+00
 1.20251e+13	3.03e-15	2.30e-07	1.00e+00
 1.25058e+13	3.51e-15	2.47e-07	1.00e+00
 1.30057e+13	4.07e-15	2.67e-07	1.00e+00
 1.35558e+13	4.77e-15	2.89e-07	1.00e+00
 1.41107e+13	5.55e-15	3.12e-07	1.00e+00
 1.46878e+13	6.46e-15	3.37e-07	1.00e+00
 1.52687e+13	7.49e-15	3.63e-07	1.00e+00
 1.58155e+13	8.57e-15	3.88e-07	1.00e+00
 1.64206e+13	9.89e-15	4.17e-07	1.00e+00
 1.70270e+13	1.14e-14	4.48e-07	1.00e+00
 1.75247e+13	1.27e-14	4.73e-07	1.00e+00
 1.80492e+13	1.42e-14	5.01e-07	1.00e+00
 1.87275e+13	1.64e-14	5.39e-07	1.00e+00
 1.94433e+13	1.89e-14	5.80e-07	1.00e+00
 2.00699e+13	2.14e-14	6.17e-07	1.00e+00
 2.07433e+13	2.43e-14	6.58e-07	1.00e+00
 2.15613e+13	2.83e-14	7.11e-07	1.00e+00
 2.23938e+13	3.27e-14	7.66e-07	1.00e+00
 2.31638e+13	3.73e-14	8.19e-07	1.00e+00
 2.40245e+13	4.30e-14	8.81e-07	1.00e+00
 2.49493e+13	4.99e-14	9.50e-07	1.00e+00
 2.57713e+13	5.66e-14	1.01e-06	1.00e+00
 2.66518e+13	6.46e-14	1.08e-06	1.00e+00
 2.77074e+13	7.52e-14	1.17e-06	1.00e+00
 2.87444e+13	8.68e-14	1.26e-06	1.00e+00
 2.96639e+13	9.82e-14	1.34e-06	1.00e+00
 3.06768e+13	1.12e-13	1.44e-06	1.00e+00
 3.18892e+13	1.31e-13	1.56e-06	1.00e+00
 3.30958e+13	1.51e-13	1.68e-06	1.00e+00
 3.41938e+13	1.72e-13	1.79e-06	1.00e+00
 3.54161e+13	1.97e-13	1.93e-06	1.00e+00
 3.68441e+13	2.30e-13	2.09e-06	1.00e+00
 3.82484e+13	2.66e-13	2.25e-06	1.00e+00
 3.95668e+13	3.04e-13	2.41e-06	1.00e+00
 4.10374e+13	3.50e-13	2.60e-06	1.00e+00
 4.27088e+13	4.09e-13	2.82e-06	1.00e+00
 4.43728e+13	4.74e-13	3.05e-06	1.00e+00
 4.59223e+13	5.41e-13	3.26e-06	1.00e+00
 4.76081e+13	6.22e-13	3.51e-06	1.00e+00
 4.95005e+13	7.23e-13	3.80e-06	1.00e+00
 5.12638e+13	8.27e-13	4.08e-06	1.00e+00
 5.28937e+13	9.32e-13	4.35e-06	1.00e+00
 5.44610e+13	1.04e-12	4.61e-06	1.00e+00
 5.62009e+13	1.17e-12	4.92e-06	1.00e+00
 5.81259e+13	1.33e-12	5.26e-06	1.00e+00
 5.99182e+13	1.50e-12	5.60e-06	1.00e+00
 6.18747e+13	1.69e-12	5.97e-06	1.00e+00
 6.40738e+13	1.92e-12	6.41e-06	1.00e+00
 6.61735e+13	2.17e-12	6.84e-06	1.00e+00
 6.84882e+13	2.47e-12	7.33e-06	1.00e+00
 7.10405e+13	2.83e-12	7.89e-06	1.00e+00
 7.33905e+13	3.19e-12	8.43e-06	1.00e+00
 7.59339e+13	3.62e-12	9.03e-06	1.00e+00
 7.87768e+13	4.15e-12	9.73e-06	1.00e+00
 8.14494e+13	4.69e-12	1.04e-05	1.00e+00
 8.43643e+13	5.34e-12	1.12e-05	1.00e+00
 8.76026e+13	6.14e-12	1.21e-05	1.00e+00
 9.06245e+13	6.95e-12	1.29e-05	1.00e+00
 9.39118e+13	7.93e-12	1.39e-05	1.00e+00
 9.75888e+13	9.13e-12	1.50e-05	1.00e+00
 1.01068e+14	1.04e-11	1.61e-05	1.00e+00
 1.04795e+14	1.19e-11	1.74e-05	1.00e+00
 1.09017e+14	1.38e-11	1.89e-05	1.00e+00
 1.13159e+14	1.58e-11	2.04e-05	1.00e+00
 1.17467e+14	1.82e-11	2.20e-05	1.00e+00
 1.22196e+14	2.11e-11	2.39e-05	1.00e+00
 1.26854e+14	2.43e-11	2.59e-05	1.00e+00
 1.30703e+14	2.72e-11	2.76e-05	1.00e+00
 1.33795e+14	2.97e-11	2.90e-05	1.00e+00
 1.37222e+14	3.27e-11	3.05e-05	1.00e+00
 1.41677e+14	3.70e-11	3.27e-05	1.00e+00
 1.46458e+14	4.21e-11	3.51e-05	1.00e+00
 1.50704e+14	4.71e-11	3.73e-05	1.00e+00
 1.55263e+14	5.29e-11	3.98e-05	1.00e+00
 1.61012e+14	6.11e-11	4.31e-05	1.00e+00
 1.66843e+14	7.03e-11	4.65e-05	1.00e+00
 1.71835e+14	7.91e-11	4.96e-05	1.00e+00
 1.77201e+14	8.96e-11	5.31e-05	1.00e+00
 1.83853e+14	1.04e-10	5.76e-05	1.00e+00
 1.90676e+14	1.21e-10	6.24e-05	1.00e+00
 1.96758e+14	1.37e-10	6.69e-05	1.00e+00
 2.03380e+14	1.57e-10	7.21e-05	1.00e+00
 2.11280e+14	1.85e-10	7.85e-05	1.00e+00
 2.19070e+14	2.15e-10	8.51e-05	1.00e+00
 2.26088e+14	2.45e-10	9.14e-05	1.00e+00
 2.33875e+14	2.83e-10	9.86e-05	1.00e+00
 2.43057e+14	3.33e-10	1.08e-04	1.00e+00
 2.52124e+14	3.89e-10	1.17e-04	1.00e+00
 2.60520e+14	4.47e-10	1.26e-04	1.00e+00
 2.69937e+14	5.21e-10	1.36e-04	1.00e+00
 2.80765e+14	6.17e-10	1.49e-04	1.00e+00
 2.91384e+14	7.24e-10	1.62e-04	1.00e+00
 3.02429e+14	8.50e-10	1.76e-04	1.00e+00
 3.12514e+14	9.79e-10	1.90e-04	1.00e+00
 3.20000e+14	1.08e-09	2.00e-04	1.00e+00
 3.27696e+14	1.20e-09	2.11e-04	1.00e+00
 3.37702e+14	1.37e-09	2.26e-04	1.00e+00
 3.48579e+14	1.57e-09	2.43e-04	1.00e+00
 3.58418e+14	1.77e-09	2.58e-04	1.00e+00
 3.69038e+14	2.01e-09	2.76e-04	1.00e+00
 3.82556e+14	2.35e-09	2.99e-04	1.00e+00
 3.96168e+14	2.74e-09	3.23e-04	1.00e+00
 4.07474e+14	3.09e-09	3.44e-04	1.00e+00
 4.19460e+14	3.51e-09	3.67e-04	1.00e+00
 4.34774e+14	4.10e-09	3.98e-04	1.00e+00
 4.50926e+14	4.80e-09	4.31e-04	1.00e+00
 4.65415e+14	5.51e-09	4.63e-04	1.00e+00
 4.81230e+14	6.37e-09	4.98e-04	1.00e+00
 4.99988e+14	7.51e-09	5.42e-04	9.99e-01
 5.18461e+14	8.79e-09	5.88e-04	9.99e-01
 5.35277e+14	1.01e-08	6.30e-04	9.99e-01
 5.54047e+14	1.17e-08	6.80e-04	9.99e-01
 5.75964e+14	1.38e-08	7.40e-04	9.99e-01
 5.97497e+14	1.62e-08	8.01e-04	9.99e-01
 6.17736e+14	1.87e-08	8.61e-04	9.99e-01
 6.40320e+14	2.18e-08	9.32e-04	9.99e-01
 6.65963e+14	2.58e-08	1.01e-03	9.99e-01
 6.87517e+14	2.96e-08	1.09e-03	9.99e-01
 7.02997e+14	3.25e-08	1.14e-03	9.99e-01
 7.19097e+14	3.58e-08	1.20e-03	9.99e-01
 7.40026e+14	4.05e-08	1.27e-03	9.99e-01
 7.63396e+14	4.62e-08	1.36e-03	9.99e-01
 7.85320e+14	5.21e-08	1.45e-03	9.99e-01
 8.09197e+14	5.92e-08	1.54e-03	9.98e-01
 8.35892e+14	6.79e-08	1.65e-03	9.98e-01
 8.61050e+14	7.70e-08	1.76e-03	9.98e-01
 8.88559e+14	8.79e-08	1.88e-03	9.98e-01
 9.19406e+14	1.02e-07	2.02e-03	9.98e-01
 9.48693e+14	1.16e-07	2.16e-03	9.98e-01
 9.80864e+14	1.33e-07	2.32e-03	9.98e-01
 1.01673e+15	1.55e-07	2.50e-03	9.97e-01
 1.05007e+15	1.77e-07	2.68e-03	9.97e-01
 1.08610e+15	2.04e-07	2.88e-03	9.97e-01
 1.12645e+15	2.38e-07	3.10e-03	9.97e-01
 1.16428e+15	2.72e-07	3.33e-03	9.97e-01
 1.20534e+15	3.15e-07	3.58e-03	9.96e-01
 1.24890e+15	3.64e-07	3.85e-03	9.96e-01
 1.28689e+15	4.12e-07	4.10e-03	9.96e-01
 1.31949e+15	4.57e-07	4.32e-03	9.96e-01
 1.35394e+15	5.08e-07	4.56e-03	9.95e-01
 1.39873e+15	5.81e-07	4.88e-03	9.95e-01
 1.44374e+15	6.63e-07	5.21e-03	9.95e-01
 1.47984e+15	7.34e-07	5.48e-03	9.95e-01
 1.51755e+15	8.15e-07	5.78e-03	9.94e-01
 1.56659e+15	9.31e-07	6.18e-03	9.94e-01
 1.61770e+15	1.06e-06	6.60e-03	9.93e-01
 1.66146e+15	1.19e-06	6.98e-03	9.93e-01
 1.70834e+15	1.33e-06	7.40e-03	9.93e-01
 1.76927e+15	1.54e-06	7.97e-03	9.92e-01
 1.83139e+15	1.78e-06	8.55e-03	9.91e-01
 1.88169e+15	1.99e-06	9.04e-03	9.91e-01
 1.93371e+15	2.23e-06	9.58e-03	9.90e-01
 2.00134e+15	2.58e-06	1.03e-02	9.90e-01
 2.07142e+15	2.97e-06	1.11e-02	9.89e-01
 2.13039e+15	3.32e-06	1.17e-02	9.88e-01
 2.19274e+15	3.76e-06	1.25e-02	9.88e-01
 2.26006e+15	4.26e-06	1.33e-02	9.87e-01
 2.32034e+15	4.74e-06	1.41e-02	9.86e-01
 2.37392e+15	5.21e-06	1.48e-02	9.85e-01
 2.43227e+15	5.78e-06	1.56e-02	9.84e-01
 2.49657e+15	6.44e-06	1.65e-02	9.83e-01
 2.55870e+15	7.13e-06	1.74e-02	9.83e-01
 2.61905e+15	7.86e-06	1.83e-02	9.82e-01
 2.68699e+15	8.79e-06	1.95e-02	9.81e-01
 2.76270e+15	9.88e-06	2.07e-02	9.79e-01
 2.83415e+15	1.10e-05	2.20e-02	9.78e-01
 2.89990e+15	1.21e-05	2.32e-02	9.77e-01
 2.97260e+15	1.35e-05	2.46e-02	9.75e-01
 3.05451e+15	1.53e-05	2.63e-02	9.74e-01
 3.13239e+15	1.70e-05	2.80e-02	9.72e-01
 3.20417e+15	1.88e-05	2.97e-02	9.70e-01
 3.28398e+15	2.11e-05	3.17e-02	9.68e-01
 3.37230e+15	2.39e-05	3.41e-02	9.66e-01
 3.45471e+15	2.67e-05	3.65e-02	9.63e-01
 3.53172e+15	2.97e-05	3.89e-02	9.61e-01
 3.60716e+15	3.29e-05	4.15e-02	9.58e-01
 3.69371e+15	3.74e-05	4.48e-02	9.55e-01
 3.78249e+15	4.21e-05	4.84e-02	9.52e-01
 3.85834e+15	4.69e-05	5.18e-02	9.48e-01
 3.93035e+15	5.21e-05	5.54e-02	9.45e-01
 3.99533e+15	5.72e-05	5.89e-02	9.41e-01
 4.05145e+15	6.21e-05	6.23e-02	9.38e-01
 4.11387e+15	6.85e-05	6.64e-02	9.34e-01
 4.18109e+15	7.61e-05	7.12e-02	9.29e-01
 4.23955e+15	8.34e-05	7.57e-02	9.24e-01
 4.30055e+15	9.18e-05	8.12e-02	9.19e-01
 4.37986e+15	1.06e-04	8.91e-02	9.11e-01
 4.45014e+15	1.19e-04	9.66e-02	9.03e-01
 4.49744e+15	1.30e-04	1.02e-01	8.97e-01
 4.54768e+15	1.42e-04	1.10e-01	8.90e-01
 4.61299e+15	1.63e-04	1.20e-01	8.80e-01
 4.67426e+15	1.83e-04	1.30e-01	8.70e-01
 4.71951e+15	2.01e-04	1.39e-01	8.61e-01
 4.76759e+15	2.24e-04	1.49e-01	8.50e-01
 4.82091e+15	2.52e-04	1.62e-01	8.37e-01
 4.87015e+15	2.82e-04	1.76e-01	8.24e-01
 4.91499e+15	3.13e-04	1.89e-01	8.11e-01
 4.96505e+15	3.56e-04	2.06e-01	7.93e-01
 5.01698e+15	4.04e-04	2.26e-01	7.74e-01
 5.06033e+15	4.52e-04	2.44e-01	7.56e-01
 5.09947e+15	4.99e-04	2.62e-01	7.37e-01
 5.14413e+15	5.69e-04	2.85e-01	7.14e-01
 5.18909e+15	6.42e-04	3.10e-01	6.89e-01
 5.22085e+15	6.99e-04	3.29e-01	6.70e-01
 5.24329e+15	7.44e-04	3.43e-01	6.56e-01
 5.26723e+15	7.94e-04	3.59e-01	6.40e-01
 5.29835e+15	8.74e-04	3.82e-01	6.18e-01
 5.32870e+15	9.47e-04	4.04e-01	5.96e-01
 5.35803e+15	1.03e-03	4.26e-01	5.73e-01
 5.38923e+15	1.13e-03	4.51e-01	5.48e-01
 5.41635e+15	1.22e-03	4.73e-01	5.26e-01
 5.43952e+15	1.29e-03	4.92e-01	5.07e-01
 5.46404e+15	1.39e-03	5.13e-01	4.85e-01
 5.49591e+15	1.52e-03	5.41e-01	4.57e-01
 5.52834e+15	1.65e-03	5.68e-01	4.30e-01
 5.55451e+15	1.76e-03	5.90e-01	4.08e-01
 5.58156e+15	1.89e-03	6.14e-01	3.84e-01
 5.61179e+15	2.03e-03	6.38e-01	3.60e-01
 5.63978e+15	2.17e-03	6.61e-01	3.37e-01
 5.66549e+15	2.31e-03	6.81e-01	3.17e-01
 5.69456e+15	2.47e-03	7.03e-01	2.94e-01
 5.72599e+15	2.64e-03	7.25e-01	2.72e-01
 5.75380e+15	2.81e-03	7.44e-01	2.53e-01
 5.78328e+15	2.99e-03	7.63e-01	2.34e-01
 5.81523e+15	3.19e-03	7.82e-01	2.15e-01
 5.84386e+15	3.37e-03	7.98e-01	1.99e-01
 5.87034e+15	3.55e-03	8.11e-01	1.85e-01
 5.90057e+15	3.76e-03	8.26e-01	1.70e-01
 5.93357e+15	4.01e-03	8.41e-01	1.55e-01
 5.96330e+15	4.24e-03	8.53e-01	1.43e-01
 5.99053e+15	4.46e-03	8.63e-01	1.33e-01
 6.02140e+15	4.72e-03	8.73e-01	1.22e-01
 6.05490e+15	5.03e-03	8.84e-01	1.11e-01
 6.08514e+15	5.33e-03	8.92e-01	1.02e-01
 6.11779e+15	5.67e-03	9.01e-01	9.36e-02
 6.15305e+15	6.07e-03	9.09e-01	8.52e-02
 6.18454e+15	6.46e-03	9.15e-01	7.86e-02
 6.21831e+15	6.93e-03	9.21e-01	7.17e-02
 6.25579e+15	7.50e-03	9.27e-01	6.50e-02
 6.29046e+15	8.10e-03	9.32e-01	5.96e-02
 6.32286e+15	8.71e-03	9.36e-01	5.49e-02
 6.35992e+15	9.52e-03	9.41e-01	4.99e-02
 6.39915e+15	1.05e-02	9.44e-01	4.53e-02
 6.43188e+15	1.15e-02	9.47e-01	4.19e-02
 6.45974e+15	1.24e-02	9.48e-01	3.92e-02
 6.49058e+15	1.36e-02	9.50e-01	3.63e-02
 6.52503e+15	1.52e-02	9.51e-01	3.35e-02
 6.55366e+15	1.68e-02	9.52e-01	3.14e-02
 6.57413e+15	1.81e-02	9.52e-01	2.99e-02
 6.59452e+15	1.96e-02	9.52e-01	2.85e-02
 6.62103e+15	2.17e-02	9.52e-01	2.68e-02
 6.64724e+15	2.43e-02	9.50e-01	2.53e-02
 6.66625e+15	2.66e-02	9.49e-01	2.43e-02
 6.68104e+15	2.84e-02	9.48e-01	2.35e-02
 6.69716e+15	3.09e-02	9.47e-01	2.26e-02
 6.71811e+15	3.42e-02	9.44e-01	2.17e-02
 6.73933e+15	3.85e-02	9.41e-01	2.07e-02
 6.75545e+15	4.24e-02	9.38e-01	2.01e-02
 6.76834e+15	4.58e-02	9.35e-01	1.96e-02
 6.78245e+15	4.99e-02	9.31e-01	1.91e-02
 6.80080e+15	5.61e-02	9.25e-01	1.84e-02
 6.81932e+15	6.38e-02	9.18e-01	1.79e-02
 6.83348e+15	7.07e-02	9.12e-01	1.76e-02
 6.84532e+15	7.73e-02	9.05e-01	1.73e-02
 6.85871e+15	8.57e-02	8.97e-01	1.69e-02
 6.87543e+15	9.75e-02	8.86e-01	1.66e-02
 6.89039e+15	1.10e-01	8.73e-01	1.64e-02
 6.90036e+15	1.20e-01	8.63e-01	1.63e-02
 6.90897e+15	1.29e-01	8.54e-01	1.62e-02
 6.91861e+15	1.41e-01	8.43e-01	1.61e-02
 6.92892e+15	1.54e-01	8.30e-01	1.61e-02
 6.93833e+15	1.68e-01	8.16e-01	1.60e-02
 6.94489e+15	1.78e-01	8.06e-01	1.60e-02
 6.94888e+15	1.84e-01	8.00e-01	1.60e-02
 6.95280e+15	1.91e-01	7.93e-01	1.60e-02
 6.95765e+15	2.00e-01	7.84e-01	1.59e-02
 6.96292e+15	2.10e-01	7.74e-01	1.59e-02
 6.96788e+15	2.19e-01	7.65e-01	1.59e-02
 6.97253e+15	2.29e-01	7.56e-01	1.59e-02
 6.97719e+15	2.39e-01	7.45e-01	1.59e-02
 6.98191e+15	2.49e-01	7.35e-01	1.59e-02
 6.98664e+15	2.60e-01	7.24e-01	1.58e-02
 6.99131e+15	2.71e-01	7.13e-01	1.58e-02
 6.99593e+15	2.83e-01	7.01e-01	1.58e-02
 7.00057e+15	2.95e-01	6.90e-01	1.58e-02
 7.00524e+15	3.07e-01	6.77e-01	1.57e-02
 7.00988e+15	3.20e-01	6.64e-01	1.57e-02
 7.01447e+15	3.33e-01	6.51e-01	1.56e-02
 7.01910e+15	3.47e-01	6.38e-01	1.55e-02
 7.02378e+15	3.61e-01	6.23e-01	1.54e-02
 7.02843e+15	3.75e-01	6.09e-01	1.54e-02
 7.03310e+15	3.90e-01	5.94e-01	1.53e-02
 7.03786e+15	4.06e-01	5.79e-01	1.52e-02
 7.04254e+15	4.22e-01	5.63e-01	1.51e-02
 7.04722e+15	4.37e-01	5.48e-01	1.49e-02
 7.05204e+15	4.54e-01	5.31e-01	1.48e-02
 7.05691e+15	4.71e-01	5.14e-01	1.46e-02
 7.06179e+15	4.88e-01	4.98e-01	1.44e-02
 7.06675e+15	5.05e-01	4.80e-01	1.42e-02
 7.07177e+15	5.23e-01	4.63e-01	1.40e-02
 7.07678e+15	5.40e-01	4.46e-01	1.37e-02
 7.08179e+15	5.58e-01	4.29e-01	1.35e-02
 7.08684e+15	5.75e-01	4.12e-01	1.32e-02
 7.09197e+15	5.92e-01	3.95e-01	1.29e-02
 7.09721e+15	6.09e-01	3.78e-01	1.26e-02
 7.10255e+15	6.26e-01	3.62e-01	1.22e-02
 7.10801e+15	6.43e-01	3.45e-01	1.19e-02
 7.11365e+15	6.59e-01	3.29e-01	1.15e-02
 7.11951e+15	6.75e-01	3.14e-01	1.11e-02
 7.12561e+15	6.91e-01	2.98e-01	1.07e-02
 7.13202e+15	7.06e-01	2.83e-01	1.03e-02
 7.13875e+15	7.21e-01	2.69e-01	9.91e-03
 7.14591e+15	7.35e-01	2.55e-01	9.49e-03
 7.15369e+15	7.49e-01	2.42e-01	9.05e-03
 7.16221e+15	7.63e-01	2.29e-01	8.59e-03
 7.17171e+15	7.76e-01	2.16e-01	8.14e-03
 7.18236e+15	7.87e-01	2.05e-01	7.70e-03
 7.19391e+15	7.98e-01	1.95e-01	7.28e-03
 7.20575e+15	8.07e-01	1.86e-01	6.90e-03
 7.21749e+15	8.14e-01	1.80e-01	6.59e-03
 7.23095e+15	8.21e-01	1.73e-01	6.24e-03
 7.24677e+15	8.27e-01	1.67e-01	5.90e-03
 7.26354e+15	8.33e-01	1.61e-01	5.58e-03
 7.28105e+15	8.38e-01	1.57e-01	5.29e-03
 7.29931e+15	8.43e-01	1.52e-01	5.01e-03
 7.31814e+15	8.47e-01	1.48e-01	4.74e-03
 7.33719e+15	8.51e-01	1.44e-01	4.49e-03
 7.35615e+15	8.55e-01	1.41e-01	4.26e-03
 7.37490e+15	8.59e-01	1.37e-01	4.05e-03
 7.39338e+15	8.62e-01	1.34e-01	3.85e-03
 7.41156e+15	8.66e-01	1.31e-01	3.66e-03
 7.42943e+15	8.69e-01	1.28e-01	3.49e-03
 7.44697e+15	8.72e-01	1.25e-01	3.33e-03
 7.46417e+15	8.74e-01	1.22e-01	3.18e-03
 7.48103e+15	8.77e-01	1.20e-01	3.04e-03
 7.49757e+15	8.80e-01	1.17e-01	2.91e-03
 7.51380e+15	8.82e-01	1.15e-01	2.80e-03
 7.53011e+15	8.85e-01	1.13e-01	2.67e-03
 7.54594e+15	8.87e-01	1.11e-01	2.57e-03
 7.56121e+15	8.89e-01	1.08e-01	2.47e-03
 7.57650e+15	8.91e-01	1.06e-01	2.38e-03
 7.59148e+15	8.93e-01	1.04e-01	2.28e-03
 7.60605e+15	8.95e-01	1.03e-01	2.20e-03
 7.62031e+15	8.97e-01	1.01e-01	2.12e-03
 7.63437e+15	8.99e-01	9.91e-02	2.04e-03
 7.64811e+15	9.01e-01	9.74e-02	1.97e-03
 7.66157e+15	9.02e-01	9.58e-02	1.91e-03
 7.67503e+15	9.04e-01	9.43e-02	1.84e-03
 7.68844e+15	9.05e-01	9.27e-02	1.78e-03
 7.70169e+15	9.07e-01	9.13e-02	1.72e-03
 7.71472e+15	9.08e-01	8.98e-02	1.67e-03
 7.72759e+15	9.10e-01	8.85e-02	1.61e-03
 7.74034e+15	9.11e-01	8.71e-02	1.56e-03
 7.75297e+15	9.13e-01	8.58e-02	1.51e-03
 7.76550e+15	9.14e-01	8.45e-02	1.47e-03
 7.77792e+15	9.15e-01	8.33e-02	1.42e-03
 7.79025e+15	9.17e-01	8.21e-02	1.38e-03
 7.80253e+15	9.18e-01	8.09e-02	1.34e-03
 7.81476e+15	9.19e-01	7.97e-02	1.30e-03
 7.82696e+15	9.20e-01	7.86e-02	1.26e-03
 7.83916e+15	9.21e-01	7.75e-02	1.22e-03
 7.85137e+15	9.22e-01	7.64e-02	1.19e-03
 7.86366e+15	9.24e-01	7.53e-02	1.15e-03
 7.87621e+15	9.25e-01	7.42e-02	1.12e-03
 7.88912e+15	9.26e-01	7.31e-02	1.08e-03
 7.90228e+15	9.27e-01	7.20e-02	1.05e-03
 7.91566e+15	9.28e-01	7.08e-02	1.01e-03
 7.92938e+15	9.29e-01	6.97e-02	9.80e-04
 7.94361e+15	9.30e-01	6.86e-02	9.47e-04
 7.95851e+15	9.32e-01	6.74e-02	9.13e-04
 7.97427e+15	9.33e-01	6.62e-02	8.78e-04
 7.99124e+15	9.34e-01	6.49e-02	8.43e-04
 8.00988e+15	9.36e-01	6.35e-02	8.05e-04
 8.03102e+15	9.37e-01	6.20e-02	7.64e-04
 8.05522e+15	9.39e-01	6.02e-02	7.20e-04
 8.07984e+15	9.41e-01	5.86e-02	6.79e-04
 8.10225e+15	9.42e-01	5.71e-02	6.44e-04
 8.12263e+15	9.44e-01	5.58e-02	6.13e-04
 8.14119e+15	9.45e-01	5.46e-02	5.87e-04
 8.15807e+15	9.46e-01	5.36e-02	5.63e-04
 8.17344e+15	9.47e-01	5.26e-02	5.43e-04
 8.18742e+15	9.48e-01	5.17e-02	5.24e-04
 8.20014e+15	9.49e-01	5.10e-02	5.08e-04
 8.21408e+15	9.49e-01	5.01e-02	4.91e-04
 8.23221e+15	9.50e-01	4.91e-02	4.69e-04
 8.25178e+15	9.52e-01	4.80e-02	4.47e-04
 8.26958e+15	9.53e-01	4.70e-02	4.28e-04
 8.28578e+15	9.54e-01	4.61e-02	4.11e-04
 8.30053e+15	9.54e-01	4.52e-02	3.96e-04
 8.31395e+15	9.55e-01	4.45e-02	3.82e-04
 8.32616e+15	9.56e-01	4.38e-02	3.71e-04
 8.33727e+15	9.56e-01	4.32e-02	3.60e-04
 8.34945e+15	9.57e-01	4.26e-02	3.49e-04
 8.36259e+15	9.58e-01	4.19e-02	3.37e-04
 8.37455e+15	9.58e-01	4.13e-02	3.27e-04
 8.38544e+15	9.59e-01	4.07e-02	3.17e-04
 8.39534e+15	9.60e-01	4.02e-02	3.09e-04
 8.40620e+15	9.60e-01	3.96e-02	3.00e-04
 8.41792e+15	9.61e-01	3.90e-02	2.91e-04
 8.42858e+15	9.61e-01	3.85e-02	2.83e-04
 8.43828e+15	9.62e-01	3.80e-02	2.75e-04
 8.44892e+15	9.62e-01	3.74e-02	2.67e-04
 8.46040e+15	9.63e-01	3.69e-02	2.59e-04
 8.47084e+15	9.63e-01	3.64e-02	2.52e-04
 8.48035e+15	9.64e-01	3.59e-02	2.46e-04
 8.49077e+15	9.64e-01	3.54e-02	2.39e-04
 8.50201e+15	9.65e-01	3.49e-02	2.31e-04
 8.51225e+15	9.65e-01	3.44e-02	2.25e-04
 8.52156e+15	9.66e-01	3.40e-02	2.19e-04
 8.53177e+15	9.66e-01	3.35e-02	2.13e-04
 8.54278e+15	9.67e-01	3.30e-02	2.07e-04
 8.55281e+15	9.67e-01	3.26e-02	2.01e-04
 8.56193e+15	9.68e-01	3.22e-02	1.96e-04
 8.57193e+15	9.68e-01	3.17e-02	1.90e-04
 8.58272e+15	9.69e-01	3.13e-02	1.85e-04
 8.59254e+15	9.69e-01	3.09e-02	1.80e-04
 8.60148e+15	9.69e-01	3.05e-02	1.76e-04
 8.61128e+15	9.70e-01	3.01e-02	1.71e-04
 8.62185e+15	9.70e-01	2.97e-02	1.66e-04
 8.63147e+15	9.71e-01	2.93e-02	1.62e-04
 8.64023e+15	9.71e-01	2.90e-02	1.58e-04
 8.64982e+15	9.71e-01	2.86e-02	1.54e-04
 8.66018e+15	9.72e-01	2.82e-02	1.50e-04
 8.66960e+15	9.72e-01	2.79e-02	1.46e-04
 8.67993e+15	9.72e-01	2.75e-02	1.42e-04
 8.69108e+15	9.73e-01	2.70e-02	1.38e-04
 8.70123e+15	9.73e-01	2.67e-02	1.35e-04
 8.71235e+15	9.74e-01	2.63e-02	1.31e-04
 8.72435e+15	9.74e-01	2.60e-02	1.27e-04
 8.73528e+15	9.74e-01	2.56e-02	1.23e-04
 8.74522e+15	9.75e-01	2.53e-02	1.20e-04
 8.75611e+15	9.75e-01	2.49e-02	1.17e-04
 8.76787e+15	9.75e-01	2.46e-02	1.14e-04
 8.77857e+15	9.76e-01	2.42e-02	1.11e-04
 8.79030e+15	9.76e-01	2.39e-02	1.07e-04
 8.80296e+15	9.76e-01	2.35e-02	1.04e-04
 8.81448e+15	9.77e-01	2.32e-02	1.01e-04
 8.82496e+15	9.77e-01	2.29e-02	9.86e-05
 8.83645e+15	9.77e-01	2.26e-02	9.58e-05
 8.84885e+15	9.78e-01	2.22e-02	9.30e-05
 8.86014e+15	9.78e-01	2.19e-02	9.06e-05
 8.87250e+15	9.78e-01	2.16e-02	8.78e-05
 8.88585e+15	9.79e-01	2.13e-02	8.52e-05
 8.89800e+15	9.79e-01	2.10e-02	8.28e-05
 8.91132e+15	9.79e-01	2.06e-02	8.01e-05
 8.92569e+15	9.80e-01	2.03e-02	7.75e-05
 8.93877e+15	9.80e-01	2.00e-02	7.52e-05
 8.95067e+15	9.80e-01	1.97e-02	7.32e-05
 8.96371e+15	9.81e-01	1.94e-02	7.09e-05
 8.97779e+15	9.81e-01	1.91e-02	6.88e-05
 8.99061e+15	9.81e-01	1.88e-02	6.68e-05
 9.00465e+15	9.81e-01	1.85e-02	6.46e-05
 9.01980e+15	9.82e-01	1.82e-02	6.26e-05
 9.03360e+15	9.82e-01	1.79e-02	6.07e-05
 9.04871e+15	9.82e-01	1.76e-02	5.86e-05
 9.06503e+15	9.83e-01	1.73e-02	5.66e-05
 9.07988e+15	9.83e-01	1.70e-02	5.48e-05
 9.09339e+15	9.83e-01	1.68e-02	5.33e-05
 9.10820e+15	9.83e-01	1.65e-02	5.15e-05
 9.12418e+15	9.84e-01	1.62e-02	4.98e-05
 9.13873e+15	9.84e-01	1.60e-02	4.83e-05
 9.15467e+15	9.84e-01	1.57e-02	4.67e-05
 9.17188e+15	9.85e-01	1.54e-02	4.51e-05
 9.18754e+15	9.85e-01	1.52e-02	4.36e-05
 9.20470e+15	9.85e-01	1.49e-02	4.20e-05
 9.22323e+15	9.85e-01	1.46e-02	4.05e-05
 9.24009e+15	9.86e-01	1.44e-02	3.92e-05
 9.25856e+15	9.86e-01	1.41e-02	3.77e-05
 9.27850e+15	9.86e-01	1.38e-02	3.63e-05
 9.29665e+15	9.86e-01	1.36e-02	3.50e-05
 9.31654e+15	9.87e-01	1.33e-02	3.36e-05
 9.33801e+15	9.87e-01	1.30e-02	3.22e-05
 9.35755e+15	9.87e-01	1.28e-02	3.11e-05
 9.37533e+15	9.87e-01	1.26e-02	3.00e-05
 9.39481e+15	9.88e-01	1.23e-02	2.89e-05
 9.41584e+15	9.88e-01	1.21e-02	2.78e-05
 9.43498e+15	9.88e-01	1.19e-02	2.68e-05
 9.45595e+15	9.88e-01	1.16e-02	2.58e-05
 9.47860e+15	9.89e-01	1.14e-02	2.47e-05
 9.49920e+15	9.89e-01	1.12e-02	2.38e-05
 9.52178e+15	9.89e-01	1.09e-02	2.28e-05
 9.54616e+15	9.89e-01	1.07e-02	2.19e-05
 9.56834e+15	9.89e-01	1.05e-02	2.10e-05
 9.59264e+15	9.90e-01	1.03e-02	2.01e-05
 9.61888e+15	9.90e-01	1.00e-02	1.92e-05
 9.64276e+15	9.90e-01	9.81e-03	1.84e-05
 9.66893e+15	9.90e-01	9.58e-03	1.76e-05
 9.69718e+15	9.91e-01	9.35e-03	1.68e-05
 9.72289e+15	9.91e-01	9.15e-03	1.61e-05
 9.75106e+15	9.91e-01	8.93e-03	1.53e-05
 9.78147e+15	9.91e-01	8.70e-03	1.46e-05
 9.80914e+15	9.91e-01	8.51e-03	1.39e-05
 9.83947e+15	9.92e-01	8.29e-03	1.32e-05
 9.87220e+15	9.92e-01	8.07e-03	1.25e-05
 9.90200e+15	9.92e-01	7.88e-03	1.20e-05
 9.93464e+15	9.92e-01	7.67e-03	1.13e-05
 9.96988e+15	9.93e-01	7.46e-03	1.07e-05
 1.00020e+16	9.93e-01	7.28e-03	1.02e-05
 1.00371e+16	9.93e-01	7.07e-03	9.66e-06
 1.00750e+16	9.93e-01	6.87e-03	9.11e-06
 1.01096e+16	9.93e-01	6.69e-03	8.66e-06
 1.01474e+16	9.93e-01	6.50e-03	8.16e-06
 1.01966e+16	9.94e-01	6.25e-03	7.56e-06
 1.02530e+16	9.94e-01	5.99e-03	6.95e-06
 1.03093e+16	9.94e-01	5.74e-03	6.40e-06
 1.03658e+16	9.94e-01	5.51e-03	5.90e-06
 1.04246e+16	9.95e-01	5.28e-03	5.43e-06
 1.04861e+16	9.95e-01	5.05e-03	4.97e-06
 1.05497e+16	9.95e-01	4.83e-03	4.55e-06
 1.06153e+16	9.95e-01	4.62e-03	4.16e-06
 1.06832e+16	9.96e-01	4.41e-03	3.79e-06
 1.07534e+16	9.96e-01	4.20e-03	3.45e-06
 1.08252e+16	9.96e-01	4.00e-03	3.14e-06
 1.08981e+16	9.96e-01	3.82e-03	2.85e-06
 1.09721e+16	9.96e-01	3.64e-03	2.59e-06
 1.10465e+16	9.97e-01	3.47e-03	2.36e-06
 1.11221e+16	9.97e-01	3.30e-03	2.14e-06
 1.12001e+16	9.97e-01	3.14e-03	1.94e-06
 1.12800e+16	9.97e-01	2.99e-03	1.76e-06
 1.13609e+16	9.97e-01	2.84e-03	1.59e-06
 1.14431e+16	9.97e-01	2.70e-03	1.44e-06
 1.15268e+16	9.97e-01	2.57e-03	1.30e-06
 1.16121e+16	9.98e-01	2.44e-03	1.18e-06
 1.16990e+16	9.98e-01	2.32e-03	1.06e-06
 1.17876e+16	9.98e-01	2.20e-03	9.55e-07
 1.18778e+16	9.98e-01	2.08e-03	8.60e-07
 1.19696e+16	9.98e-01	1.98e-03	7.74e-07
 1.20631e+16	9.98e-01	1.87e-03	6.95e-07
 1.21585e+16	9.98e-01	1.77e-03	6.24e-07
 1.22559e+16	9.98e-01	1.68e-03	5.59e-07
 1.23552e+16	9.98e-01	1.58e-03	5.00e-07
 1.24564e+16	9.99e-01	1.50e-03	4.47e-07
 1.25598e+16	9.99e-01	1.41e-03	3.99e-07
 1.26653e+16	9.99e-01	1.33e-03	3.55e-07
 1.27731e+16	9.99e-01	1.26e-03	3.16e-07
 1.28832e+16	9.99e-01	1.18e-03	2.81e-07
 1.29959e+16	9.99e-01	1.11e-03	2.49e-07
 1.31112e+16	9.99e-01	1.05e-03	2.20e-07
 1.32292e+16	9.99e-01	9.84e-04	1.94e-07
 1.33502e+16	9.99e-01	9.23e-04	1.71e-07
 1.34742e+16	9.99e-01	8.65e-04	1.50e-07
 1.36015e+16	9.99e-01	8.10e-04	1.32e-07
 1.37322e+16	9.99e-01	7.57e-04	1.15e-07
 1.38667e+16	9.99e-01	7.06e-04	1.00e-07
 1.40051e+16	9.99e-01	6.58e-04	8.72e-08
 1.41469e+16	9.99e-01	6.12e-04	7.57e-08
 1.42907e+16	9.99e-01	5.70e-04	6.56e-08
 1.44397e+16	9.99e-01	5.28e-04	5.65e-08
 1.45975e+16	1.00e+00	4.88e-04	4.82e-08
 1.47622e+16	1.00e+00	4.50e-04	4.10e-08
 1.49325e+16	1.00e+00	4.13e-04	3.47e-08
 1.51093e+16	1.00e+00	3.79e-04	2.92e-08
 1.52942e+16	1.00e+00	3.46e-04	2.44e-08
 1.54883e+16	1.00e+00	3.15e-04	2.02e-08
 1.56923e+16	1.00e+00	2.85e-04	1.66e-08
 1.59078e+16	1.00e+00	2.57e-04	1.35e-08
 1.61367e+16	1.00e+00	2.31e-04	1.08e-08
 1.63831e+16	1.00e+00	2.05e-04	8.58e-09
 1.66436e+16	1.00e+00	1.81e-04	6.72e-09
 1.69235e+16	1.00e+00	1.59e-04	5.17e-09
 1.72327e+16	1.00e+00	1.38e-04	3.88e-09
 1.75717e+16	1.00e+00	1.18e-04	2.84e-09
 1.79467e+16	1.00e+00	9.91e-05	2.01e-09
 1.83633e+16	1.00e+00	8.21e-05	1.38e-09
 1.88506e+16	1.00e+00	6.58e-05	8.90e-10
 1.94046e+16	1.00e+00	5.17e-05	5.50e-10
 1.99715e+16	1.00e+00	4.06e-05	3.41e-10
 2.05285e+16	1.00e+00	3.22e-05	2.14e-10
 2.10820e+16	1.00e+00	2.57e-05	1.36e-10
 2.16441e+16	1.00e+00	2.04e-05	8.65e-11
 2.22190e+16	1.00e+00	1.63e-05	5.50e-11
 2.28054e+16	1.00e+00	1.30e-05	3.48e-11
 2.34008e+16	1.00e+00	1.03e-05	2.22e-11
 2.40073e+16	1.00e+00	8.25e-06	1.42e-11
 2.46295e+16	1.00e+00	6.56e-06	8.98e-12
 2.52653e+16	1.00e+00	5.23e-06	5.71e-12
 2.59145e+16	1.00e+00	4.17e-06	3.63e-12
 2.65802e+16	1.00e+00	3.31e-06	2.30e-12
 2.72622e+16	1.00e+00	2.63e-06	1.45e-12
 2.79630e+16	1.00e+00	2.09e-06	9.16e-13
 2.86858e+16	1.00e+00	1.65e-06	5.75e-13
 2.94319e+16	1.00e+00	1.30e-06	3.59e-13
 3.02032e+16	1.00e+00	1.03e-06	2.23e-13
 3.09857e+16	1.00e+00	8.10e-07	1.39e-13
 3.17557e+16	1.00e+00	6.44e-07	8.80e-14
 3.25043e+16	1.00e+00	5.18e-07	5.70e-14
 3.32327e+16	1.00e+00	4.20e-07	3.76e-14
 3.39450e+16	1.00e+00	3.44e-07	2.52e-14
 3.46414e+16	1.00e+00	2.84e-07	1.72e-14
 3.53175e+16	1.00e+00	2.36e-07	1.19e-14
 3.59710e+16	1.00e+00	1.98e-07	8.39e-15
 3.66012e+16	1.00e+00	1.67e-07	6.01e-15
 3.72084e+16	1.00e+00	1.43e-07	4.38e-15
 3.77924e+16	1.00e+00	1.23e-07	3.25e-15
 3.83528e+16	1.00e+00	1.06e-07	2.44e-15
 3.88901e+16	1.00e+00	9.29e-08	1.86e-15
 3.94041e+16	1.00e+00	8.17e-08	1.44e-15
 3.98952e+16	1.00e+00	7.23e-08	1.13e-15
 4.03643e+16	1.00e+00	6.45e-08	9.01e-16
 4.08122e+16	1.00e+00	5.78e-08	7.25e-16
 4.12394e+16	1.00e+00	5.21e-08	5.91e-16
 4.16469e+16	1.00e+00	4.73e-08	4.87e-16
 4.20352e+16	1.00e+00	4.31e-08	4.05e-16
 4.24051e+16	1.00e+00	3.95e-08	3.41e-16
 4.27574e+16	1.00e+00	3.64e-08	2.89e-16
 4.30927e+16	1.00e+00	3.36e-08	2.47e-16
 4.34120e+16	1.00e+00	3.12e-08	2.14e-16
 4.37163e+16	1.00e+00	2.91e-08	1.86e-16
 4.40066e+16	1.00e+00	2.72e-08	1.63e-16
 4.42836e+16	1.00e+00	2.56e-08	1.44e-16
 4.45477e+16	1.00e+00	2.41e-08	1.27e-16
 4.47994e+16	1.00e+00	2.28e-08	1.14e-16
 4.50395e+16	1.00e+00	2.16e-08	1.02e-16
 4.52688e+16	1.00e+00	2.05e-08	9.23e-17
 4.54882e+16	1.00e+00	1.95e-08	8.37e-17
 4.56981e+16	1.00e+00	1.86e-08	7.63e-17
 4.58990e+16	1.00e+00	1.78e-08	6.99e-17
 4.60912e+16	1.00e+00	1.71e-08	6.42e-17
 4.62755e+16	1.00e+00	1.64e-08	5.92e-17
 4.64525e+16	1.00e+00	1.57e-08	5.48e-17
 4.66229e+16	1.00e+00	1.52e-08	5.09e-17
 4.67870e+16	1.00e+00	1.46e-08	4.74e-17
 4.69453e+16	1.00e+00	1.41e-08	4.43e-17
 4.70981e+16	1.00e+00	1.37e-08	4.14e-17
 4.72461e+16	1.00e+00	1.32e-08	3.89e-17
 4.73899e+16	1.00e+00	1.28e-08	3.65e-17
 4.75299e+16	1.00e+00	1.25e-08	3.44e-17
 4.76666e+16	1.00e+00	1.21e-08	3.25e-17
 4.78005e+16	1.00e+00	1.17e-08	3.06e-17
 4.79321e+16	1.00e+00	1.14e-08	2.90e-17
 4.80621e+16	1.00e+00	1.11e-08	2.74e-17
 4.81911e+16	1.00e+00	1.08e-08	2.59e-17
 4.83200e+16	1.00e+00	1.05e-08	2.46e-17
 4.84495e+16	1.00e+00	1.02e-08	2.33e-17
 4.85804e+16	1.00e+00	9.94e-09	2.20e-17
 4.87139e+16	1.00e+00	9.66e-09	2.08e-17
 4.88513e+16	1.00e+00	9.38e-09	1.96e-17
 4.89945e+16	1.00e+00	9.10e-09	1.85e-17
 4.91455e+16	1.00e+00	8.81e-09	1.73e-17
 4.93070e+16	1.00e+00	8.51e-09	1.62e-17
 4.94829e+16	1.00e+00	8.20e-09	1.50e-17
 4.96783e+16	1.00e+00	7.87e-09	1.38e-17
 4.99007e+16	1.00e+00	7.50e-09	1.26e-17
 5.01611e+16	1.00e+00	7.10e-09	1.13e-17
 5.04767e+16	1.00e+00	6.64e-09	9.86e-18
 5.08749e+16	1.00e+00	6.10e-09	8.34e-18
 5.13902e+16	1.00e+00	5.47e-09	6.72e-18
 5.20601e+16	1.00e+00	4.76e-09	5.09e-18
 5.29310e+16	1.00e+00	3.97e-09	3.57e-18
 5.40632e+16	1.00e+00	3.16e-09	2.26e-18
 5.54852e+16	1.00e+00	2.39e-09	1.30e-18
 5.70492e+16	1.00e+00	1.78e-09	7.25e-19
 5.88477e+16	1.00e+00	1.27e-09	3.70e-19
 6.10079e+16	1.00e+00	8.58e-10	1.71e-19
 6.33062e+16	1.00e+00	5.77e-10	7.79e-20
 6.56690e+16	1.00e+00	3.88e-10	3.55e-20
 6.81086e+16	1.00e+00	2.61e-10	1.62e-20
 7.05714e+16	1.00e+00	1.77e-10	7.52e-21
 7.31184e+16	1.00e+00	1.19e-10	0.00e+00
 7.57883e+16	1.00e+00	8.03e-11	0.00e+00
 7.85365e+16	1.00e+00	5.40e-11	0.00e+00
 8.13515e+16	1.00e+00	3.64e-11	0.00e+00
 8.41937e+16	1.00e+00	2.47e-11	0.00e+00
 8.70359e+16	1.00e+00	1.70e-11	0.00e+00
 9.00221e+16	1.00e+00	1.15e-11	0.00e+00
 9.31522e+16	1.00e+00	7.79e-12	0.00e+00
 9.62823e+16	1.00e+00	5.32e-12	0.00e+00
 9.94124e+16	1.00e+00	3.67e-12	0.00e+00
 1.02437e+17	1.00e+00	2.60e-12	0.00e+00
 1.04991e+17	1.00e+00	1.96e-12	0.00e+00
 1.06721e+17	1.00e+00	1.64e-12	0.00e+00
 1.07725e+17	1.00e+00	1.49e-12	0.00e+00
 1.08315e+17	1.00e+00	1.40e-12	0.00e+00
 1.08669e+17	1.00e+00	1.35e-12	0.00e+00
 1.08905e+17	1.00e+00	1.31e-12	0.00e+00
 1.09111e+17	1.00e+00	1.29e-12	0.00e+00
 1.09334e+17	1.00e+00	1.25e-12	0.00e+00
 1.09568e+17	1.00e+00	1.22e-12	0.00e+00
 1.09784e+17	1.00e+00	1.20e-12	0.00e+00
 1.09978e+17	1.00e+00	1.17e-12	0.00e+00
 1.10163e+17	1.00e+00	1.15e-12	0.00e+00
 1.10339e+17	1.00e+00	1.13e-12	0.00e+00
 1.10506e+17	1.00e+00	1.11e-12	0.00e+00
 1.10664e+17	1.00e+00	1.09e-12	0.00e+00
 1.10808e+17	1.00e+00	1.07e-12	0.00e+00
 1.10938e+17	1.00e+00	1.06e-12	0.00e+00
 1.11065e+17	1.00e+00	1.04e-12	0.00e+00
 1.11198e+17	1.00e+00	1.03e-12	0.00e+00
 1.11326e+17	1.00e+00	1.01e-12	0.00e+00
 1.11437e+17	1.00e+00	1.00e-12	0.00e+00
 1.11536e+17	1.00e+00	9.93e-13	0.00e+00
 1.11636e+17	1.00e+00	9.82e-13	0.00e+00
 1.11740e+17	1.00e+00	9.71e-13	0.00e+00
 1.11839e+17	1.00e+00	9.61e-13	0.00e+00
 1.11931e+17	1.00e+00	9.52e-13	0.00e+00
 1.12017e+17	1.00e+00	9.43e-13	0.00e+00
 1.12102e+17	1.00e+00	9.34e-13	0.00e+00
 1.12185e+17	1.00e+00	9.26e-13	0.00e+00
 1.12268e+17	1.00e+00	9.18e-13	0.00e+00
 1.12349e+17	1.00e+00	9.10e-13	0.00e+00
 1.12429e+17	1.00e+00	9.02e-13	0.00e+00
 1.12504e+17	1.00e+00	8.94e-13	0.00e+00
 1.12576e+17	1.00e+00	8.88e-13	0.00e+00
 1.12651e+17	1.00e+00	8.80e-13	0.00e+00
 1.12729e+17	1.00e+00	8.72e-13	0.00e+00
 1.12804e+17	1.00e+00	8.65e-13	0.00e+00
 1.12876e+17	1.00e+00	8.58e-13	0.00e+00
 1.12949e+17	1.00e+00	8.52e-13	0.00e+00
 1.13023e+17	1.00e+00	8.44e-13	0.00e+00
 1.13096e+17	1.00e+00	8.37e-13	0.00e+00
 1.13167e+17	1.00e+00	8.31e-13	0.00e+00
 1.13241e+17	1.00e+00	8.24e-13	0.00e+00
 1.13319e+17	1.00e+00	8.16e-13	0.00e+00
 1.13395e+17	1.00e+00	8.09e-13	0.00e+00
 1.13468e+17	1.00e+00	8.03e-13	0.00e+00
 1.13545e+17	1.00e+00	7.96e-13	0.00e+00
 1.13626e+17	1.00e+00	7.88e-13	0.00e+00
 1.13708e+17	1.00e+00	7.81e-13	0.00e+00
 1.13790e+17	1.00e+00	7.74e-13	0.00e+00
 1.13871e+17	1.00e+00	7.67e-13	0.00e+00
 1.13959e+17	1.00e+00	7.58e-13	0.00e+00
 1.14054e+17	1.00e+00	7.50e-13	0.00e+00
 1.14144e+17	1.00e+00	7.42e-13	0.00e+00
 1.14230e+17	1.00e+00	7.35e-13	0.00e+00
 1.14316e+17	1.00e+00	7.28e-13	0.00e+00
 1.14410e+17	1.00e+00	7.20e-13	0.00e+00
 1.14515e+17	1.00e+00	7.10e-13	0.00e+00
 1.14622e+17	1.00e+00	7.02e-13	0.00e+00
 1.14720e+17	1.00e+00	6.94e-13	0.00e+00
 1.14816e+17	1.00e+00	6.86e-13	0.00e+00
 1.14921e+17	1.00e+00	6.77e-13	0.00e+00
 1.15041e+17	1.00e+00	6.68e-13	0.00e+00
 1.15166e+17	1.00e+00	6.58e-13	0.00e+00
 1.15286e+17	1.00e+00	6.49e-13	0.00e+00
 1.15397e+17	1.00e+00	6.40e-13	0.00e+00
 1.15509e+17	1.00e+00	6.32e-13	0.00e+00
 1.15635e+17	1.00e+00	6.22e-13	0.00e+00
 1.15777e+17	1.00e+00	6.11e-13	0.00e+00
 1.15922e+17	1.00e+00	6.01e-13	0.00e+00
 1.16060e+17	1.00e+00	5.91e-13	0.00e+00
 1.16195e+17	1.00e+00	5.81e-13	0.00e+00
 1.16338e+17	1.00e+00	5.71e-13	0.00e+00
 1.16492e+17	1.00e+00	5.61e-13	0.00e+00
 1.16654e+17	1.00e+00	5.50e-13	0.00e+00
 1.16819e+17	1.00e+00	5.39e-13	0.00e+00
 1.16983e+17	1.00e+00	5.28e-13	0.00e+00
 1.17149e+17	1.00e+00	5.18e-13	0.00e+00
 1.17324e+17	1.00e+00	5.07e-13	0.00e+00
 1.17515e+17	1.00e+00	4.95e-13	0.00e+00
 1.17712e+17	1.00e+00	4.83e-13	0.00e+00
 1.17900e+17	1.00e+00	4.72e-13	0.00e+00
 1.18086e+17	1.00e+00	4.62e-13	0.00e+00
 1.18292e+17	1.00e+00	4.50e-13	0.00e+00
 1.18522e+17	1.00e+00	4.38e-13	0.00e+00
 1.18753e+17	1.00e+00	4.25e-13	0.00e+00
 1.18971e+17	1.00e+00	4.15e-13	0.00e+00
 1.19184e+17	1.00e+00	4.04e-13	0.00e+00
 1.19418e+17	1.00e+00	3.92e-13	0.00e+00
 1.19680e+17	1.00e+00	3.80e-13	0.00e+00
 1.19949e+17	1.00e+00	3.67e-13	0.00e+00
 1.20207e+17	1.00e+00	3.56e-13	0.00e+00
 1.20461e+17	1.00e+00	3.45e-13	0.00e+00
 1.20730e+17	1.00e+00	3.33e-13	0.00e+00
 1.21020e+17	1.00e+00	3.22e-13	0.00e+00
 1.21319e+17	1.00e+00	3.10e-13	0.00e+00
 1.21620e+17	1.00e+00	2.99e-13	0.00e+00
 1.21922e+17	1.00e+00	2.88e-13	0.00e+00
 1.22243e+17	1.00e+00	2.77e-13	0.00e+00
 1.22583e+17	1.00e+00	2.65e-13	0.00e+00
 1.22921e+17	1.00e+00	2.54e-13	0.00e+00
 1.23254e+17	1.00e+00	2.44e-13	0.00e+00
 1.23611e+17	1.00e+00	2.34e-13	0.00e+00
 1.23998e+17	1.00e+00	2.23e-13	0.00e+00
 1.24383e+17	1.00e+00	2.13e-13	0.00e+00
 1.24763e+17	1.00e+00	2.03e-13	0.00e+00
 1.25160e+17	1.00e+00	1.93e-13	0.00e+00
 1.25586e+17	1.00e+00	1.84e-13	0.00e+00
 1.26042e+17	1.00e+00	1.74e-13	0.00e+00
 1.26503e+17	1.00e+00	1.65e-13	0.00e+00
 1.26967e+17	1.00e+00	1.56e-13	0.00e+00
 1.27453e+17	1.00e+00	1.48e-13	0.00e+00
 1.27955e+17	1.00e+00	1.39e-13	0.00e+00
 1.28474e+17	1.00e+00	1.31e-13	0.00e+00
 1.29024e+17	1.00e+00	1.24e-13	0.00e+00
 1.29610e+17	1.00e+00	1.16e-13	0.00e+00
 1.30209e+17	1.00e+00	1.09e-13	0.00e+00
 1.30773e+17	1.00e+00	1.02e-13	0.00e+00
 1.31275e+17	1.00e+00	9.73e-14	0.00e+00
 1.31734e+17	1.00e+00	9.27e-14	0.00e+00
 1.32194e+17	1.00e+00	8.84e-14	0.00e+00
 1.32674e+17	1.00e+00	8.40e-14	0.00e+00
 1.33147e+17	1.00e+00	7.99e-14	0.00e+00
 1.33574e+17	1.00e+00	7.64e-14	0.00e+00
 1.33944e+17	1.00e+00	7.33e-14	0.00e+00
 1.34276e+17	1.00e+00	7.08e-14	0.00e+00
 1.34589e+17	1.00e+00	6.84e-14	0.00e+00
 1.34887e+17	1.00e+00	6.61e-14	0.00e+00
 1.35168e+17	1.00e+00	6.41e-14	0.00e+00
 1.35427e+17	1.00e+00	6.23e-14	0.00e+00
 1.35669e+17	1.00e+00	6.07e-14	0.00e+00
 1.35898e+17	1.00e+00	5.92e-14	0.00e+00
 1.36118e+17	1.00e+00	5.77e-14	0.00e+00
 1.36329e+17	1.00e+00	5.64e-14	0.00e+00
 1.36532e+17	1.00e+00	5.51e-14	0.00e+00
 1.36727e+17	1.00e+00	5.39e-14	0.00e+00
 1.36915e+17	1.00e+00	5.27e-14	0.00e+00
 1.37098e+17	1.00e+00	5.17e-14	0.00e+00
 1.37276e+17	1.00e+00	5.07e-14	0.00e+00
 1.37450e+17	1.00e+00	4.97e-14	0.00e+00
 1.37620e+17	1.00e+00	4.88e-14	0.00e+00
 1.37787e+17	1.00e+00	4.79e-14	0.00e+00
 1.37950e+17	1.00e+00	4.70e-14	0.00e+00
 1.38109e+17	1.00e+00	4.62e-14	0.00e+00
 1.38267e+17	1.00e+00	4.54e-14	0.00e+00
 1.38422e+17	1.00e+00	4.47e-14	0.00e+00
 1.38575e+17	1.00e+00	4.39e-14	0.00e+00
 1.38726e+17	1.00e+00	4.32e-14	0.00e+00
 1.38875e+17	1.00e+00	4.25e-14	0.00e+00
 1.39045e+17	1.00e+00	4.17e-14	0.00e+00
 1.39266e+17	1.00e+00	4.07e-14	0.00e+00
 1.39553e+17	1.00e+00	3.95e-14	0.00e+00
 1.39927e+17	1.00e+00	3.79e-14	0.00e+00
 1.40413e+17	1.00e+00	3.60e-14	0.00e+00
 1.41022e+17	1.00e+00	3.37e-14	0.00e+00
 1.41679e+17	1.00e+00	3.16e-14	0.00e+00
 1.42272e+17	1.00e+00	2.98e-14	0.00e+00
 1.42785e+17	1.00e+00	2.83e-14	0.00e+00
 1.43271e+17	1.00e+00	2.69e-14	0.00e+00
 1.43788e+17	1.00e+00	2.56e-14	0.00e+00
 1.44351e+17	1.00e+00	2.42e-14	0.00e+00
 1.44933e+17	1.00e+00	2.28e-14	0.00e+00
 1.45506e+17	1.00e+00	2.16e-14	0.00e+00
 1.46070e+17	1.00e+00	2.05e-14	0.00e+00
 1.46649e+17	1.00e+00	1.94e-14	0.00e+00
 1.47267e+17	1.00e+00	1.82e-14	0.00e+00
 1.47934e+17	1.00e+00	1.71e-14	0.00e+00
 1.48648e+17	1.00e+00	1.60e-14	0.00e+00
 1.49419e+17	1.00e+00	1.48e-14	0.00e+00
 1.50281e+17	1.00e+00	1.37e-14	0.00e+00
 1.51293e+17	1.00e+00	1.24e-14	0.00e+00
 1.52552e+17	1.00e+00	1.10e-14	0.00e+00
 1.54177e+17	1.00e+00	9.46e-15	0.00e+00
 1.56291e+17	1.00e+00	7.76e-15	0.00e+00
 1.59038e+17	1.00e+00	6.02e-15	0.00e+00
 1.62610e+17	1.00e+00	4.36e-15	0.00e+00
 1.67253e+17	1.00e+00	2.88e-15	0.00e+00
 1.73274e+17	1.00e+00	1.71e-15	0.00e+00
 1.80205e+17	1.00e+00	9.51e-16	0.00e+00
 1.86819e+17	1.00e+00	5.54e-16	0.00e+00
 1.92554e+17	1.00e+00	3.48e-16	0.00e+00
 1.97746e+17	1.00e+00	2.28e-16	0.00e+00
 2.03583e+17	1.00e+00	1.41e-16	0.00e+00
 2.11008e+17	1.00e+00	7.70e-17	0.00e+00
 2.18448e+17	1.00e+00	4.17e-17	0.00e+00
 2.23751e+17	1.00e+00	2.64e-17	0.00e+00
 2.26933e+17	1.00e+00	1.96e-17	0.00e+00
 2.28842e+17	1.00e+00	1.61e-17	0.00e+00
 2.29987e+17	1.00e+00	1.41e-17	0.00e+00
 2.30675e+17	1.00e+00	1.30e-17	0.00e+00
 2.31087e+17	1.00e+00	1.23e-17	0.00e+00
 2.31335e+17	1.00e+00	1.19e-17	0.00e+00
 2.31491e+17	1.00e+00	1.16e-17	0.00e+00
 2.31624e+17	1.00e+00	1.14e-17	0.00e+00
 2.31785e+17	1.00e+00	1.12e-17	0.00e+00
 2.31993e+17	1.00e+00	1.09e-17	0.00e+00
 2.32242e+17	1.00e+00	1.05e-17	0.00e+00
 2.32481e+17	1.00e+00	1.01e-17	0.00e+00
 2.32670e+17	1.00e+00	9.82e-18	0.00e+00
 2.32821e+17	1.00e+00	9.59e-18	0.00e+00
 2.32973e+17	1.00e+00	9.38e-18	0.00e+00
 2.33161e+17	1.00e+00	9.11e-18	0.00e+00
 2.33384e+17	1.00e+00	8.80e-18	0.00e+00
 2.33603e+17	1.00e+00	8.47e-18	0.00e+00
 2.33779e+17	1.00e+00	8.21e-18	0.00e+00
 2.33923e+17	1.00e+00	8.00e-18	0.00e+00
 2.34068e+17	1.00e+00	7.80e-18	0.00e+00
 2.34245e+17	1.00e+00	7.57e-18	0.00e+00
 2.34452e+17	1.00e+00	7.29e-18	0.00e+00
 2.34654e+17	1.00e+00	7.01e-18	0.00e+00
 2.34822e+17	1.00e+00	6.77e-18	0.00e+00
 2.34963e+17	1.00e+00	6.58e-18	0.00e+00
 2.35106e+17	1.00e+00	6.40e-18	0.00e+00
 2.35276e+17	1.00e+00	6.19e-18	0.00e+00
 2.35472e+17	1.00e+00	5.95e-18	0.00e+00
 2.35665e+17	1.00e+00	5.70e-18	0.00e+00
 2.35828e+17	1.00e+00	5.50e-18	0.00e+00
 2.35969e+17	1.00e+00	5.33e-18	0.00e+00
 2.36111e+17	1.00e+00	5.17e-18	0.00e+00
 2.36279e+17	1.00e+00	4.98e-18	0.00e+00
 2.36471e+17	1.00e+00	4.78e-18	0.00e+00
 2.36662e+17	1.00e+00	4.48e-18	0.00e+00
 2.36826e+17	1.00e+00	4.31e-18	0.00e+00
 2.36969e+17	1.00e+00	4.16e-18	0.00e+00
 2.37112e+17	1.00e+00	4.02e-18	0.00e+00
 2.37279e+17	1.00e+00	3.87e-18	0.00e+00
 2.37472e+17	1.00e+00	3.70e-18	0.00e+00
 2.37668e+17	1.00e+00	3.52e-18	0.00e+00
 2.37838e+17	1.00e+00	3.37e-18	0.00e+00
 2.37987e+17	1.00e+00	3.24e-18	0.00e+00
 2.38135e+17	1.00e+00	3.13e-18	0.00e+00
 2.38307e+17	1.00e+00	3.00e-18	0.00e+00
 2.38506e+17	1.00e+00	2.86e-18	0.00e+00
 2.38710e+17	1.00e+00	2.71e-18	0.00e+00
 2.38891e+17	1.00e+00	2.58e-18	0.00e+00
 2.39051e+17	1.00e+00	2.48e-18	0.00e+00
 2.39211e+17	1.00e+00	2.38e-18	0.00e+00
 2.39396e+17	1.00e+00	2.28e-18	0.00e+00
 2.39609e+17	1.00e+00	2.16e-18	0.00e+00
 2.39828e+17	1.00e+00	2.04e-18	0.00e+00
 2.40027e+17	1.00e+00	1.94e-18	0.00e+00
 2.40207e+17	1.00e+00	1.85e-18	0.00e+00
 2.40390e+17	1.00e+00	1.77e-18	0.00e+00
 2.40599e+17	1.00e+00	1.69e-18	0.00e+00
 2.40838e+17	1.00e+00	1.60e-18	0.00e+00
 2.41084e+17	1.00e+00	1.50e-18	0.00e+00
 2.41314e+17	1.00e+00	1.42e-18	0.00e+00
 2.41529e+17	1.00e+00	1.35e-18	0.00e+00
 2.41753e+17	1.00e+00	1.29e-18	0.00e+00
