#depth	He	He+	He+2
 1.49634e+10	3.47e-23	1.74e-11	1.00e+00
 4.54887e+10	3.84e-23	1.88e-11	1.00e+00
 7.72350e+10	4.23e-23	2.04e-11	1.00e+00
 1.10251e+11	4.67e-23	2.21e-11	1.00e+00
 1.44588e+11	5.14e-23	2.40e-11	1.00e+00
 1.80298e+11	5.67e-23	2.60e-11	1.00e+00
 2.17437e+11	6.25e-23	2.82e-11	1.00e+00
 2.56061e+11	6.89e-23	3.06e-11	1.00e+00
 2.96231e+11	7.61e-23	3.32e-11	1.00e+00
 3.38007e+11	8.39e-23	3.60e-11	1.00e+00
 3.81454e+11	9.26e-23	3.91e-11	1.00e+00
 4.26639e+11	1.02e-22	4.24e-11	1.00e+00
 4.73631e+11	1.13e-22	4.61e-11	1.00e+00
 5.22503e+11	1.25e-22	5.01e-11	1.00e+00
 5.73330e+11	1.38e-22	5.44e-11	1.00e+00
 6.26190e+11	1.53e-22	5.91e-11	1.00e+00
 6.81164e+11	1.69e-22	6.43e-11	1.00e+00
 7.38337e+11	1.87e-22	7.00e-11	1.00e+00
 7.97798e+11	2.07e-22	7.61e-11	1.00e+00
 8.59636e+11	2.30e-22	8.29e-11	1.00e+00
 9.23949e+11	2.55e-22	9.03e-11	1.00e+00
 9.90833e+11	2.83e-22	9.83e-11	1.00e+00
 1.06039e+12	3.15e-22	1.07e-10	1.00e+00
 1.13274e+12	3.50e-22	1.17e-10	1.00e+00
 1.20797e+12	3.90e-22	1.27e-10	1.00e+00
 1.28622e+12	4.34e-22	1.39e-10	1.00e+00
 1.36759e+12	4.85e-22	1.52e-10	1.00e+00
 1.45222e+12	5.42e-22	1.65e-10	1.00e+00
 1.54024e+12	6.06e-22	1.81e-10	1.00e+00
 1.63178e+12	6.80e-22	1.97e-10	1.00e+00
 1.72697e+12	7.63e-22	2.15e-10	1.00e+00
 1.82598e+12	8.57e-22	2.35e-10	1.00e+00
 1.92895e+12	9.65e-22	2.57e-10	1.00e+00
 2.03603e+12	1.09e-21	2.81e-10	1.00e+00
 2.14740e+12	1.23e-21	3.07e-10	1.00e+00
 2.26322e+12	1.39e-21	3.36e-10	1.00e+00
 2.38368e+12	1.58e-21	3.67e-10	1.00e+00
 2.50895e+12	1.80e-21	4.01e-10	1.00e+00
 2.63924e+12	2.05e-21	4.39e-10	1.00e+00
 2.77473e+12	2.34e-21	4.80e-10	1.00e+00
 2.91565e+12	2.68e-21	5.26e-10	1.00e+00
 3.06220e+12	3.07e-21	5.75e-10	1.00e+00
 3.21461e+12	3.53e-21	6.29e-10	1.00e+00
 3.37313e+12	4.06e-21	6.89e-10	1.00e+00
 3.53798e+12	4.69e-21	7.54e-10	1.00e+00
 3.70942e+12	5.43e-21	8.25e-10	1.00e+00
 3.88773e+12	6.29e-21	9.04e-10	1.00e+00
 4.07316e+12	7.31e-21	9.89e-10	1.00e+00
 4.26602e+12	8.51e-21	1.08e-09	1.00e+00
 4.46658e+12	9.93e-21	1.19e-09	1.00e+00
 4.67517e+12	1.16e-20	1.30e-09	1.00e+00
 4.89211e+12	1.36e-20	1.42e-09	1.00e+00
 5.11772e+12	1.59e-20	1.56e-09	1.00e+00
 5.35235e+12	1.87e-20	1.70e-09	1.00e+00
 5.59638e+12	2.21e-20	1.87e-09	1.00e+00
 5.85016e+12	2.60e-20	2.04e-09	1.00e+00
 6.11409e+12	3.07e-20	2.24e-09	1.00e+00
 6.38858e+12	3.63e-20	2.45e-09	1.00e+00
 6.67405e+12	4.29e-20	2.68e-09	1.00e+00
 6.97094e+12	5.09e-20	2.94e-09	1.00e+00
 7.27970e+12	6.03e-20	3.22e-09	1.00e+00
 7.60082e+12	7.16e-20	3.52e-09	1.00e+00
 7.93478e+12	8.51e-20	3.86e-09	1.00e+00
 8.28210e+12	1.01e-19	4.22e-09	1.00e+00
 8.64331e+12	1.20e-19	4.62e-09	1.00e+00
 9.01897e+12	1.43e-19	5.06e-09	1.00e+00
 9.40965e+12	1.71e-19	5.53e-09	1.00e+00
 9.81596e+12	2.03e-19	6.05e-09	1.00e+00
 1.02385e+13	2.42e-19	6.62e-09	1.00e+00
 1.06780e+13	2.89e-19	7.25e-09	1.00e+00
 1.11350e+13	3.44e-19	7.92e-09	1.00e+00
 1.16104e+13	4.10e-19	8.67e-09	1.00e+00
 1.21047e+13	4.89e-19	9.47e-09	1.00e+00
 1.26188e+13	5.83e-19	1.04e-08	1.00e+00
 1.31535e+13	6.95e-19	1.13e-08	1.00e+00
 1.37096e+13	8.28e-19	1.24e-08	1.00e+00
 1.42639e+13	9.80e-19	1.35e-08	1.00e+00
 1.48405e+13	1.16e-18	1.47e-08	1.00e+00
 1.54640e+13	1.38e-18	1.60e-08	1.00e+00
 1.61125e+13	1.65e-18	1.75e-08	1.00e+00
 1.67870e+13	1.96e-18	1.91e-08	1.00e+00
 1.74884e+13	2.34e-18	2.09e-08	1.00e+00
 1.82178e+13	2.78e-18	2.28e-08	1.00e+00
 1.89765e+13	3.31e-18	2.48e-08	1.00e+00
 1.97654e+13	3.94e-18	2.71e-08	1.00e+00
 2.05860e+13	4.69e-18	2.96e-08	1.00e+00
 2.14394e+13	5.59e-18	3.23e-08	1.00e+00
 2.23269e+13	6.64e-18	3.52e-08	1.00e+00
 2.32499e+13	7.91e-18	3.85e-08	1.00e+00
 2.42098e+13	9.41e-18	4.20e-08	1.00e+00
 2.52081e+13	1.12e-17	4.58e-08	1.00e+00
 2.62463e+13	1.33e-17	4.99e-08	1.00e+00
 2.73261e+13	1.59e-17	5.45e-08	1.00e+00
 2.84491e+13	1.89e-17	5.94e-08	1.00e+00
 2.96170e+13	2.25e-17	6.49e-08	1.00e+00
 3.08316e+13	2.67e-17	7.07e-08	1.00e+00
 3.20948e+13	3.18e-17	7.72e-08	1.00e+00
 3.34085e+13	3.78e-17	8.42e-08	1.00e+00
 3.47748e+13	4.50e-17	9.19e-08	1.00e+00
 3.61957e+13	5.35e-17	1.00e-07	1.00e+00
 3.76734e+13	6.38e-17	1.09e-07	1.00e+00
 3.92103e+13	7.58e-17	1.19e-07	1.00e+00
 4.08087e+13	9.03e-17	1.30e-07	1.00e+00
 4.24709e+13	1.07e-16	1.42e-07	1.00e+00
 4.41997e+13	1.28e-16	1.55e-07	1.00e+00
 4.59976e+13	1.52e-16	1.69e-07	1.00e+00
 4.78674e+13	1.81e-16	1.84e-07	1.00e+00
 4.98121e+13	2.15e-16	2.01e-07	1.00e+00
 5.18345e+13	2.56e-16	2.19e-07	1.00e+00
 5.39378e+13	3.05e-16	2.39e-07	1.00e+00
 5.61252e+13	3.63e-16	2.61e-07	1.00e+00
 5.84001e+13	4.31e-16	2.84e-07	1.00e+00
 6.07661e+13	5.14e-16	3.11e-07	1.00e+00
 6.32266e+13	6.12e-16	3.39e-07	1.00e+00
 6.57856e+13	7.29e-16	3.70e-07	1.00e+00
 6.84470e+13	8.69e-16	4.03e-07	1.00e+00
 7.12148e+13	1.04e-15	4.40e-07	1.00e+00
 7.40933e+13	1.23e-15	4.81e-07	1.00e+00
 7.70870e+13	1.47e-15	5.25e-07	1.00e+00
 8.02004e+13	1.75e-15	5.73e-07	1.00e+00
 8.31872e+13	2.06e-15	6.21e-07	1.00e+00
 8.59482e+13	2.38e-15	6.68e-07	1.00e+00
 8.90708e+13	2.79e-15	7.23e-07	1.00e+00
 9.26635e+13	3.33e-15	7.89e-07	1.00e+00
 9.61909e+13	3.93e-15	8.58e-07	1.00e+00
 9.95792e+13	4.58e-15	9.26e-07	1.00e+00
 1.03312e+14	5.41e-15	1.01e-06	1.00e+00
 1.07475e+14	6.44e-15	1.10e-06	1.00e+00
 1.11689e+14	7.64e-15	1.20e-06	1.00e+00
 1.16072e+14	9.07e-15	1.30e-06	1.00e+00
 1.20745e+14	1.08e-14	1.42e-06	1.00e+00
 1.25604e+14	1.29e-14	1.55e-06	1.00e+00
 1.30658e+14	1.54e-14	1.70e-06	1.00e+00
 1.35915e+14	1.83e-14	1.86e-06	1.00e+00
 1.41381e+14	2.19e-14	2.03e-06	1.00e+00
 1.47066e+14	2.61e-14	2.21e-06	1.00e+00
 1.52979e+14	3.11e-14	2.42e-06	1.00e+00
 1.59128e+14	3.71e-14	2.64e-06	1.00e+00
 1.65523e+14	4.41e-14	2.88e-06	1.00e+00
 1.72174e+14	5.26e-14	3.15e-06	1.00e+00
 1.79091e+14	6.26e-14	3.44e-06	1.00e+00
 1.86284e+14	7.44e-14	3.75e-06	1.00e+00
 1.93766e+14	8.85e-14	4.09e-06	1.00e+00
 2.01546e+14	1.05e-13	4.47e-06	1.00e+00
 2.09638e+14	1.25e-13	4.87e-06	1.00e+00
 2.18054e+14	1.48e-13	5.30e-06	1.00e+00
 2.26806e+14	1.75e-13	5.78e-06	1.00e+00
 2.35908e+14	2.08e-13	6.30e-06	1.00e+00
 2.45374e+14	2.46e-13	6.86e-06	1.00e+00
 2.55219e+14	2.90e-13	7.46e-06	1.00e+00
 2.65458e+14	3.42e-13	8.12e-06	1.00e+00
 2.76106e+14	4.04e-13	8.83e-06	1.00e+00
 2.87180e+14	4.76e-13	9.60e-06	1.00e+00
 2.98353e+14	5.58e-13	1.04e-05	1.00e+00
 3.09973e+14	6.54e-13	1.13e-05	1.00e+00
 3.22402e+14	7.70e-13	1.23e-05	1.00e+00
 3.35328e+14	9.05e-13	1.33e-05	1.00e+00
 3.48771e+14	1.06e-12	1.45e-05	1.00e+00
 3.62752e+14	1.25e-12	1.57e-05	1.00e+00
 3.77292e+14	1.47e-12	1.71e-05	1.00e+00
 3.92413e+14	1.73e-12	1.86e-05	1.00e+00
 4.07057e+14	2.00e-12	2.01e-05	1.00e+00
 4.20880e+14	2.29e-12	2.15e-05	1.00e+00
 4.36338e+14	2.65e-12	2.32e-05	1.00e+00
 4.53821e+14	3.11e-12	2.52e-05	1.00e+00
 4.71260e+14	3.62e-12	2.73e-05	1.00e+00
 4.89395e+14	4.22e-12	2.95e-05	1.00e+00
 5.09001e+14	4.93e-12	3.20e-05	1.00e+00
 5.28979e+14	5.76e-12	3.47e-05	1.00e+00
 5.49757e+14	6.72e-12	3.76e-05	1.00e+00
 5.71777e+14	7.83e-12	4.07e-05	1.00e+00
 5.94678e+14	9.14e-12	4.41e-05	1.00e+00
 6.18495e+14	1.07e-11	4.79e-05	1.00e+00
 6.43265e+14	1.25e-11	5.19e-05	1.00e+00
 6.69025e+14	1.46e-11	5.62e-05	1.00e+00
 6.95816e+14	1.70e-11	6.09e-05	1.00e+00
 7.23679e+14	1.98e-11	6.60e-05	1.00e+00
 7.52656e+14	2.30e-11	7.14e-05	1.00e+00
 7.82792e+14	2.68e-11	7.74e-05	1.00e+00
 8.14133e+14	3.12e-11	8.38e-05	1.00e+00
 8.46729e+14	3.63e-11	9.08e-05	1.00e+00
 8.80628e+14	4.23e-11	9.83e-05	1.00e+00
 9.15883e+14	4.92e-11	1.06e-04	1.00e+00
 9.52548e+14	5.72e-11	1.15e-04	1.00e+00
 9.90680e+14	6.63e-11	1.24e-04	1.00e+00
 1.03034e+15	7.73e-11	1.35e-04	1.00e+00
 1.07158e+15	8.98e-11	1.46e-04	1.00e+00
 1.11447e+15	1.04e-10	1.58e-04	1.00e+00
 1.15908e+15	1.21e-10	1.71e-04	1.00e+00
 1.20548e+15	1.41e-10	1.85e-04	1.00e+00
 1.25372e+15	1.63e-10	2.00e-04	1.00e+00
 1.30221e+15	1.89e-10	2.16e-04	1.00e+00
 1.35264e+15	2.18e-10	2.33e-04	1.00e+00
 1.40678e+15	2.52e-10	2.52e-04	1.00e+00
 1.46308e+15	2.93e-10	2.73e-04	1.00e+00
 1.52163e+15	3.40e-10	2.96e-04	1.00e+00
 1.58252e+15	3.92e-10	3.20e-04	1.00e+00
 1.64585e+15	4.58e-10	3.47e-04	1.00e+00
 1.70613e+15	5.23e-10	3.72e-04	1.00e+00
 1.76168e+15	5.87e-10	3.97e-04	1.00e+00
 1.82504e+15	6.75e-10	4.27e-04	1.00e+00
 1.89807e+15	7.80e-10	4.62e-04	1.00e+00
 1.96959e+15	8.91e-10	4.97e-04	1.00e+00
 2.03795e+15	1.02e-09	5.34e-04	9.99e-01
 2.11350e+15	1.17e-09	5.74e-04	9.99e-01
 2.19807e+15	1.34e-09	6.21e-04	9.99e-01
 2.28294e+15	1.56e-09	6.72e-04	9.99e-01
 2.37122e+15	1.79e-09	7.24e-04	9.99e-01
 2.46610e+15	2.06e-09	7.84e-04	9.99e-01
 2.56477e+15	2.41e-09	8.50e-04	9.99e-01
 2.65906e+15	2.75e-09	9.14e-04	9.99e-01
 2.74575e+15	3.11e-09	9.77e-04	9.99e-01
 2.84399e+15	3.54e-09	1.05e-03	9.99e-01
 2.95501e+15	4.06e-09	1.13e-03	9.99e-01
 3.06097e+15	4.68e-09	1.22e-03	9.99e-01
 3.16066e+15	5.27e-09	1.30e-03	9.99e-01
 3.27387e+15	5.99e-09	1.40e-03	9.99e-01
 3.40139e+15	6.97e-09	1.52e-03	9.98e-01
 3.52172e+15	7.95e-09	1.63e-03	9.98e-01
 3.65010e+15	9.14e-09	1.76e-03	9.98e-01
 3.79030e+15	1.05e-08	1.90e-03	9.98e-01
 3.92207e+15	1.21e-08	2.04e-03	9.98e-01
 4.06494e+15	1.38e-08	2.20e-03	9.98e-01
 4.22189e+15	1.61e-08	2.38e-03	9.98e-01
 4.36851e+15	1.83e-08	2.56e-03	9.97e-01
 4.52666e+15	2.12e-08	2.77e-03	9.97e-01
 4.70014e+15	2.45e-08	3.00e-03	9.97e-01
 4.86180e+15	2.82e-08	3.24e-03	9.97e-01
 5.03754e+15	3.25e-08	3.50e-03	9.97e-01
 5.23081e+15	3.81e-08	3.81e-03	9.96e-01
 5.41201e+15	4.35e-08	4.11e-03	9.96e-01
 5.58531e+15	5.01e-08	4.43e-03	9.96e-01
 5.78447e+15	5.84e-08	4.81e-03	9.95e-01
 6.00254e+15	6.84e-08	5.25e-03	9.95e-01
 6.21059e+15	7.97e-08	5.71e-03	9.94e-01
 6.41117e+15	9.17e-08	6.17e-03	9.94e-01
 6.63660e+15	1.08e-07	6.76e-03	9.93e-01
 6.87732e+15	1.27e-07	7.41e-03	9.93e-01
 7.08737e+15	1.46e-07	8.03e-03	9.92e-01
 7.30989e+15	1.71e-07	8.78e-03	9.91e-01
 7.55325e+15	2.02e-07	9.64e-03	9.90e-01
 7.77912e+15	2.36e-07	1.05e-02	9.89e-01
 7.99378e+15	2.73e-07	1.15e-02	9.89e-01
 8.23844e+15	3.22e-07	1.27e-02	9.87e-01
 8.51071e+15	3.89e-07	1.42e-02	9.86e-01
 8.76148e+15	4.63e-07	1.58e-02	9.84e-01
 8.98922e+15	5.39e-07	1.74e-02	9.83e-01
 9.24441e+15	6.59e-07	1.96e-02	9.80e-01
 9.51126e+15	8.03e-07	2.23e-02	9.78e-01
 9.74659e+15	9.53e-07	2.50e-02	9.75e-01
 1.00058e+16	1.20e-06	2.89e-02	9.71e-01
 1.02622e+16	1.49e-06	3.34e-02	9.67e-01
 1.04675e+16	1.77e-06	3.80e-02	9.62e-01
 1.06868e+16	2.23e-06	4.42e-02	9.56e-01
 1.09053e+16	2.75e-06	5.19e-02	9.48e-01
 1.10809e+16	3.39e-06	6.01e-02	9.40e-01
 1.12251e+16	4.03e-06	6.84e-02	9.32e-01
 1.13705e+16	4.87e-06	7.92e-02	9.21e-01
 1.15309e+16	6.14e-06	9.45e-02	9.05e-01
 1.16700e+16	7.62e-06	1.12e-01	8.88e-01
 1.17861e+16	9.29e-06	1.32e-01	8.68e-01
 1.18897e+16	1.14e-05	1.55e-01	8.45e-01
 1.19798e+16	1.35e-05	1.81e-01	8.19e-01
 1.20593e+16	1.61e-05	2.10e-01	7.90e-01
 1.21323e+16	1.91e-05	2.43e-01	7.57e-01
 1.21992e+16	2.26e-05	2.81e-01	7.19e-01
 1.22596e+16	2.60e-05	3.23e-01	6.77e-01
 1.23159e+16	3.07e-05	3.71e-01	6.29e-01
 1.23797e+16	3.66e-05	4.35e-01	5.65e-01
 1.24464e+16	4.38e-05	5.11e-01	4.89e-01
 1.25026e+16	5.06e-05	5.84e-01	4.16e-01
 1.25617e+16	5.84e-05	6.64e-01	3.36e-01
 1.26359e+16	6.79e-05	7.57e-01	2.43e-01
 1.27163e+16	7.67e-05	8.39e-01	1.61e-01
 1.27944e+16	8.37e-05	8.96e-01	1.04e-01
 1.28800e+16	8.98e-05	9.36e-01	6.37e-02
 1.29881e+16	9.61e-05	9.65e-01	3.49e-02
 1.31286e+16	1.02e-04	9.83e-01	1.70e-02
 1.33113e+16	1.07e-04	9.92e-01	7.40e-03
 1.35488e+16	1.13e-04	9.97e-01	2.91e-03
 1.38576e+16	1.21e-04	9.99e-01	1.04e-03
 1.42590e+16	1.32e-04	1.00e+00	3.34e-04
 1.47756e+16	1.46e-04	1.00e+00	9.88e-05
 1.53038e+16	1.63e-04	1.00e+00	3.43e-05
 1.57408e+16	1.77e-04	1.00e+00	1.60e-05
 1.61976e+16	1.93e-04	1.00e+00	7.71e-06
 1.67849e+16	2.15e-04	1.00e+00	3.30e-06
 1.73673e+16	2.38e-04	1.00e+00	1.57e-06
 1.78242e+16	2.58e-04	1.00e+00	9.26e-07
 1.82924e+16	2.79e-04	1.00e+00	5.52e-07
 1.89012e+16	3.09e-04	1.00e+00	2.99e-07
 1.95144e+16	3.42e-04	1.00e+00	1.74e-07
 1.99926e+16	3.68e-04	1.00e+00	1.19e-07
 2.04733e+16	4.02e-04	1.00e+00	8.43e-08
 2.09881e+16	4.37e-04	1.00e+00	6.01e-08
 2.14459e+16	4.76e-04	1.00e+00	4.62e-08
 2.18604e+16	5.14e-04	9.99e-01	3.72e-08
 2.22534e+16	5.54e-04	9.99e-01	3.08e-08
 2.26336e+16	5.99e-04	9.99e-01	2.60e-08
 2.29932e+16	6.49e-04	9.99e-01	2.23e-08
 2.33234e+16	7.02e-04	9.99e-01	1.96e-08
 2.36278e+16	7.59e-04	9.99e-01	1.75e-08
 2.39149e+16	8.22e-04	9.99e-01	1.57e-08
 2.41183e+16	8.70e-04	9.99e-01	1.45e-08
 2.42218e+16	8.99e-04	9.99e-01	1.41e-08
 2.43143e+16	9.27e-04	9.99e-01	1.38e-08
 2.44347e+16	9.66e-04	9.99e-01	1.32e-08
 2.45699e+16	1.01e-03	9.99e-01	1.25e-08
 2.46947e+16	1.06e-03	9.99e-01	1.20e-08
 2.47962e+16	1.11e-03	9.99e-01	1.15e-08
 2.48816e+16	1.15e-03	9.99e-01	1.12e-08
 2.49767e+16	1.19e-03	9.99e-01	1.09e-08
 2.50786e+16	1.25e-03	9.99e-01	1.05e-08
 2.51659e+16	1.30e-03	9.99e-01	1.01e-08
 2.52419e+16	1.35e-03	9.99e-01	9.85e-09
 2.53266e+16	1.41e-03	9.99e-01	9.57e-09
 2.54165e+16	1.48e-03	9.99e-01	9.21e-09
 2.54924e+16	1.55e-03	9.98e-01	8.94e-09
 2.55585e+16	1.61e-03	9.98e-01	8.73e-09
 2.56325e+16	1.69e-03	9.98e-01	8.49e-09
 2.57113e+16	1.77e-03	9.98e-01	8.20e-09
 2.57783e+16	1.86e-03	9.98e-01	7.96e-09
 2.58368e+16	1.94e-03	9.98e-01	7.78e-09
 2.59024e+16	2.04e-03	9.98e-01	7.58e-09
 2.59726e+16	2.15e-03	9.98e-01	7.31e-09
 2.60326e+16	2.26e-03	9.98e-01	7.10e-09
 2.60848e+16	2.37e-03	9.98e-01	6.94e-09
 2.61432e+16	2.50e-03	9.98e-01	6.76e-09
 2.62058e+16	2.65e-03	9.97e-01	6.52e-09
 2.62599e+16	2.80e-03	9.97e-01	6.33e-09
 2.63077e+16	2.94e-03	9.97e-01	6.18e-09
 2.63613e+16	3.13e-03	9.97e-01	6.02e-09
 2.64186e+16	3.35e-03	9.97e-01	5.79e-09
 2.64684e+16	3.56e-03	9.96e-01	5.60e-09
 2.65134e+16	3.78e-03	9.96e-01	5.45e-09
 2.65645e+16	4.07e-03	9.96e-01	5.29e-09
 2.66196e+16	4.42e-03	9.96e-01	5.05e-09
 2.66682e+16	4.77e-03	9.95e-01	4.86e-09
 2.67124e+16	5.14e-03	9.95e-01	4.70e-09
 2.67626e+16	5.64e-03	9.94e-01	4.52e-09
 2.68148e+16	6.25e-03	9.94e-01	4.27e-09
 2.68576e+16	6.85e-03	9.93e-01	4.09e-09
 2.68938e+16	7.42e-03	9.93e-01	3.95e-09
 2.69340e+16	8.20e-03	9.92e-01	3.80e-09
 2.69772e+16	9.18e-03	9.91e-01	3.57e-09
 2.70147e+16	1.02e-02	9.90e-01	3.39e-09
 2.70437e+16	1.12e-02	9.89e-01	3.24e-09
 2.70664e+16	1.20e-02	9.88e-01	3.14e-09
 2.70868e+16	1.29e-02	9.87e-01	3.04e-09
 2.71092e+16	1.40e-02	9.86e-01	2.94e-09
 2.71344e+16	1.55e-02	9.85e-01	2.79e-09
 2.71576e+16	1.70e-02	9.83e-01	2.65e-09
 2.71776e+16	1.86e-02	9.81e-01	2.54e-09
 2.71960e+16	2.02e-02	9.80e-01	2.45e-09
 2.72168e+16	2.23e-02	9.78e-01	2.34e-09
 2.72386e+16	2.49e-02	9.75e-01	2.19e-09
 2.72567e+16	2.75e-02	9.72e-01	2.08e-09
 2.72721e+16	3.01e-02	9.70e-01	2.00e-09
 2.72890e+16	3.33e-02	9.67e-01	1.91e-09
 2.73075e+16	3.74e-02	9.63e-01	1.78e-09
 2.73241e+16	4.18e-02	9.58e-01	1.68e-09
 2.73386e+16	4.62e-02	9.54e-01	1.60e-09
 2.73545e+16	5.20e-02	9.48e-01	1.52e-09
 2.73718e+16	5.92e-02	9.41e-01	1.41e-09
 2.73868e+16	6.67e-02	9.33e-01	1.32e-09
 2.73995e+16	7.43e-02	9.26e-01	1.26e-09
 2.74118e+16	8.25e-02	9.17e-01	1.20e-09
 2.74239e+16	9.16e-02	9.08e-01	1.15e-09
 2.74347e+16	1.01e-01	8.99e-01	1.10e-09
 2.74443e+16	1.10e-01	8.90e-01	1.06e-09
 2.74531e+16	1.20e-01	8.80e-01	1.03e-09
 2.74598e+16	1.27e-01	8.73e-01	1.00e-09
 2.74643e+16	1.33e-01	8.67e-01	9.92e-10
 2.74685e+16	1.39e-01	8.61e-01	9.82e-10
 2.74733e+16	1.46e-01	8.54e-01	9.67e-10
 2.74785e+16	1.53e-01	8.47e-01	9.51e-10
 2.74835e+16	1.61e-01	8.39e-01	9.38e-10
 2.74882e+16	1.68e-01	8.32e-01	9.29e-10
 2.74929e+16	1.77e-01	8.23e-01	9.18e-10
 2.74976e+16	1.85e-01	8.15e-01	9.09e-10
 2.75022e+16	1.94e-01	8.06e-01	9.00e-10
 2.75068e+16	2.03e-01	7.97e-01	8.94e-10
 2.75114e+16	2.13e-01	7.87e-01	8.87e-10
 2.75159e+16	2.23e-01	7.77e-01	8.80e-10
 2.75204e+16	2.33e-01	7.67e-01	8.75e-10
 2.75247e+16	2.44e-01	7.56e-01	8.72e-10
 2.75291e+16	2.55e-01	7.45e-01	8.66e-10
 2.75334e+16	2.66e-01	7.34e-01	8.65e-10
 2.75377e+16	2.79e-01	7.21e-01	8.61e-10
 2.75419e+16	2.90e-01	7.10e-01	8.60e-10
 2.75461e+16	3.03e-01	6.97e-01	8.58e-10
 2.75503e+16	3.16e-01	6.84e-01	8.56e-10
 2.75543e+16	3.29e-01	6.71e-01	8.55e-10
 2.75583e+16	3.43e-01	6.57e-01	8.55e-10
 2.75623e+16	3.57e-01	6.43e-01	8.54e-10
 2.75663e+16	3.71e-01	6.29e-01	8.55e-10
 2.75702e+16	3.85e-01	6.15e-01	8.53e-10
 2.75740e+16	3.99e-01	6.01e-01	8.54e-10
 2.75778e+16	4.14e-01	5.86e-01	8.54e-10
 2.75816e+16	4.29e-01	5.71e-01	8.54e-10
 2.75853e+16	4.44e-01	5.56e-01	8.54e-10
 2.75890e+16	4.59e-01	5.41e-01	8.53e-10
 2.75926e+16	4.73e-01	5.27e-01	8.53e-10
 2.75962e+16	4.88e-01	5.12e-01	8.53e-10
 2.75996e+16	5.03e-01	4.97e-01	8.51e-10
 2.76030e+16	5.18e-01	4.82e-01	8.50e-10
 2.76063e+16	5.32e-01	4.68e-01	8.48e-10
 2.76096e+16	5.46e-01	4.54e-01	8.46e-10
 2.76128e+16	5.60e-01	4.40e-01	8.44e-10
 2.76159e+16	5.74e-01	4.26e-01	8.40e-10
 2.76190e+16	5.87e-01	4.13e-01	8.37e-10
 2.76220e+16	6.00e-01	4.00e-01	8.33e-10
 2.76249e+16	6.13e-01	3.87e-01	8.29e-10
 2.76278e+16	6.25e-01	3.75e-01	8.25e-10
 2.76306e+16	6.38e-01	3.62e-01	8.21e-10
 2.76334e+16	6.49e-01	3.51e-01	8.16e-10
 2.76362e+16	6.61e-01	3.39e-01	8.11e-10
 2.76388e+16	6.72e-01	3.28e-01	8.05e-10
 2.76415e+16	6.83e-01	3.17e-01	8.00e-10
 2.76441e+16	6.93e-01	3.07e-01	7.94e-10
 2.76466e+16	7.04e-01	2.96e-01	7.88e-10
 2.76492e+16	7.14e-01	2.86e-01	7.81e-10
 2.76517e+16	7.24e-01	2.76e-01	7.74e-10
 2.76541e+16	7.33e-01	2.67e-01	7.66e-10
 2.76566e+16	7.42e-01	2.58e-01	7.59e-10
 2.76589e+16	7.51e-01	2.49e-01	7.53e-10
 2.76613e+16	7.60e-01	2.40e-01	7.45e-10
 2.76633e+16	7.67e-01	2.33e-01	7.36e-10
 2.76650e+16	7.73e-01	2.27e-01	7.30e-10
 2.76666e+16	7.78e-01	2.22e-01	7.23e-10
 2.76683e+16	7.84e-01	2.16e-01	7.15e-10
 2.76700e+16	7.90e-01	2.10e-01	7.08e-10
 2.76717e+16	7.96e-01	2.04e-01	7.01e-10
 2.76734e+16	8.02e-01	1.98e-01	6.94e-10
 2.76751e+16	8.07e-01	1.93e-01	6.86e-10
 2.76769e+16	8.13e-01	1.87e-01	6.80e-10
 2.76788e+16	8.18e-01	1.82e-01	6.71e-10
 2.76807e+16	8.24e-01	1.76e-01	6.63e-10
 2.76827e+16	8.30e-01	1.70e-01	6.54e-10
 2.76848e+16	8.37e-01	1.63e-01	6.43e-10
 2.76869e+16	8.42e-01	1.58e-01	6.32e-10
 2.76890e+16	8.48e-01	1.52e-01	6.23e-10
 2.76910e+16	8.53e-01	1.47e-01	6.12e-10
 2.76930e+16	8.59e-01	1.41e-01	6.01e-10
 2.76950e+16	8.64e-01	1.36e-01	5.90e-10
 2.76970e+16	8.69e-01	1.31e-01	5.78e-10
 2.76990e+16	8.74e-01	1.26e-01	5.67e-10
 2.77009e+16	8.78e-01	1.22e-01	5.55e-10
 2.77027e+16	8.83e-01	1.17e-01	5.44e-10
 2.77044e+16	8.86e-01	1.14e-01	5.33e-10
 2.77061e+16	8.90e-01	1.10e-01	5.22e-10
 2.77077e+16	8.94e-01	1.06e-01	5.11e-10
 2.77091e+16	8.97e-01	1.03e-01	5.01e-10
 2.77104e+16	9.00e-01	1.00e-01	4.92e-10
 2.77116e+16	9.02e-01	9.80e-02	4.84e-10
 2.77126e+16	9.04e-01	9.57e-02	4.76e-10
 2.77136e+16	9.06e-01	9.37e-02	4.68e-10
 2.77145e+16	9.08e-01	9.19e-02	4.62e-10
 2.77153e+16	9.10e-01	9.02e-02	4.54e-10
 2.77161e+16	9.11e-01	8.87e-02	4.48e-10
 2.77169e+16	9.13e-01	8.70e-02	4.42e-10
 2.77177e+16	9.15e-01	8.54e-02	4.36e-10
 2.77185e+16	9.16e-01	8.38e-02	4.29e-10
 2.77192e+16	9.18e-01	8.25e-02	4.24e-10
 2.77200e+16	9.19e-01	8.08e-02	4.17e-10
 2.77209e+16	9.21e-01	7.93e-02	4.10e-10
 2.77217e+16	9.22e-01	7.78e-02	4.03e-10
 2.77224e+16	9.24e-01	7.65e-02	3.98e-10
 2.77230e+16	9.25e-01	7.53e-02	3.93e-10
 2.77236e+16	9.26e-01	7.42e-02	3.87e-10
 2.77243e+16	9.27e-01	7.29e-02	3.81e-10
 2.77249e+16	9.28e-01	7.16e-02	3.75e-10
 2.77256e+16	9.30e-01	7.05e-02	3.70e-10
 2.77262e+16	9.30e-01	6.95e-02	3.65e-10
 2.77267e+16	9.31e-01	6.85e-02	3.60e-10
 2.77271e+16	9.32e-01	6.77e-02	3.55e-10
 2.77276e+16	9.33e-01	6.69e-02	3.52e-10
 2.77281e+16	9.34e-01	6.60e-02	3.47e-10
 2.77287e+16	9.35e-01	6.48e-02	3.41e-10
 2.77293e+16	9.36e-01	6.37e-02	3.35e-10
 2.77299e+16	9.37e-01	6.26e-02	3.29e-10
 2.77305e+16	9.38e-01	6.17e-02	3.24e-10
 2.77310e+16	9.39e-01	6.08e-02	3.20e-10
 2.77315e+16	9.40e-01	6.00e-02	3.16e-10
 2.77319e+16	9.41e-01	5.93e-02	3.12e-10
 2.77323e+16	9.42e-01	5.85e-02	3.07e-10
 2.77328e+16	9.42e-01	5.77e-02	3.03e-10
 2.77333e+16	9.43e-01	5.69e-02	2.99e-10
 2.77337e+16	9.44e-01	5.62e-02	2.95e-10
 2.77340e+16	9.44e-01	5.56e-02	2.92e-10
 2.77344e+16	9.45e-01	5.49e-02	2.88e-10
 2.77350e+16	9.46e-01	5.40e-02	2.83e-10
 2.77355e+16	9.47e-01	5.31e-02	2.78e-10
 2.77361e+16	9.48e-01	5.23e-02	2.74e-10
 2.77365e+16	9.48e-01	5.16e-02	2.70e-10
 2.77370e+16	9.49e-01	5.09e-02	2.67e-10
 2.77373e+16	9.50e-01	5.03e-02	2.63e-10
 2.77377e+16	9.50e-01	4.98e-02	2.60e-10
 2.77381e+16	9.51e-01	4.92e-02	2.57e-10
 2.77386e+16	9.52e-01	4.84e-02	2.53e-10
 2.77391e+16	9.52e-01	4.76e-02	2.49e-10
 2.77396e+16	9.53e-01	4.69e-02	2.45e-10
 2.77401e+16	9.54e-01	4.64e-02	2.42e-10
 2.77406e+16	9.54e-01	4.56e-02	2.38e-10
 2.77411e+16	9.55e-01	4.49e-02	2.35e-10
 2.77416e+16	9.56e-01	4.43e-02	2.32e-10
 2.77421e+16	9.56e-01	4.37e-02	2.29e-10
 2.77425e+16	9.57e-01	4.31e-02	2.26e-10
 2.77431e+16	9.58e-01	4.24e-02	2.22e-10
 2.77435e+16	9.58e-01	4.18e-02	2.19e-10
 2.77440e+16	9.59e-01	4.13e-02	2.16e-10
 2.77444e+16	9.59e-01	4.08e-02	2.13e-10
 2.77448e+16	9.60e-01	4.03e-02	2.11e-10
 2.77454e+16	9.60e-01	3.96e-02	2.07e-10
 2.77460e+16	9.61e-01	3.89e-02	2.04e-10
 2.77465e+16	9.62e-01	3.83e-02	2.01e-10
 2.77470e+16	9.62e-01	3.78e-02	1.98e-10
 2.77475e+16	9.63e-01	3.72e-02	1.95e-10
 2.77479e+16	9.63e-01	3.68e-02	1.93e-10
 2.77484e+16	9.64e-01	3.63e-02	1.91e-10
 2.77490e+16	9.64e-01	3.56e-02	1.88e-10
 2.77496e+16	9.65e-01	3.50e-02	1.84e-10
 2.77502e+16	9.66e-01	3.45e-02	1.82e-10
 2.77507e+16	9.66e-01	3.40e-02	1.79e-10
 2.77512e+16	9.67e-01	3.35e-02	1.77e-10
 2.77517e+16	9.67e-01	3.30e-02	1.75e-10
 2.77524e+16	9.68e-01	3.23e-02	1.71e-10
 2.77532e+16	9.68e-01	3.17e-02	1.68e-10
 2.77538e+16	9.69e-01	3.11e-02	1.65e-10
 2.77544e+16	9.69e-01	3.06e-02	1.63e-10
 2.77550e+16	9.70e-01	3.01e-02	1.60e-10
 2.77556e+16	9.70e-01	2.96e-02	1.58e-10
 2.77563e+16	9.71e-01	2.91e-02	1.55e-10
 2.77569e+16	9.71e-01	2.86e-02	1.53e-10
 2.77574e+16	9.72e-01	2.82e-02	1.51e-10
 2.77580e+16	9.72e-01	2.77e-02	1.49e-10
 2.77588e+16	9.73e-01	2.71e-02	1.46e-10
 2.77597e+16	9.73e-01	2.65e-02	1.43e-10
 2.77604e+16	9.74e-01	2.60e-02	1.41e-10
 2.77611e+16	9.74e-01	2.55e-02	1.38e-10
 2.77618e+16	9.75e-01	2.51e-02	1.36e-10
 2.77624e+16	9.75e-01	2.46e-02	1.34e-10
 2.77632e+16	9.76e-01	2.42e-02	1.32e-10
 2.77639e+16	9.76e-01	2.37e-02	1.30e-10
 2.77645e+16	9.77e-01	2.34e-02	1.28e-10
 2.77652e+16	9.77e-01	2.29e-02	1.26e-10
 2.77659e+16	9.77e-01	2.25e-02	1.24e-10
 2.77666e+16	9.78e-01	2.21e-02	1.22e-10
 2.77673e+16	9.78e-01	2.17e-02	1.21e-10
 2.77681e+16	9.79e-01	2.13e-02	1.19e-10
 2.77688e+16	9.79e-01	2.09e-02	1.17e-10
 2.77696e+16	9.79e-01	2.05e-02	1.15e-10
 2.77705e+16	9.80e-01	2.01e-02	1.13e-10
 2.77713e+16	9.80e-01	1.97e-02	1.11e-10
 2.77721e+16	9.81e-01	1.93e-02	1.09e-10
 2.77730e+16	9.81e-01	1.89e-02	1.07e-10
 2.77739e+16	9.81e-01	1.85e-02	1.06e-10
 2.77746e+16	9.82e-01	1.82e-02	1.04e-10
 2.77755e+16	9.82e-01	1.78e-02	1.02e-10
 2.77764e+16	9.83e-01	1.74e-02	1.00e-10
 2.77772e+16	9.83e-01	1.71e-02	9.89e-11
 2.77781e+16	9.83e-01	1.67e-02	9.71e-11
 2.77790e+16	9.84e-01	1.64e-02	9.54e-11
 2.77799e+16	9.84e-01	1.61e-02	9.39e-11
 2.77809e+16	9.84e-01	1.57e-02	9.21e-11
 2.77819e+16	9.85e-01	1.53e-02	9.04e-11
 2.77829e+16	9.85e-01	1.50e-02	8.89e-11
 2.77839e+16	9.85e-01	1.46e-02	8.72e-11
 2.77851e+16	9.86e-01	1.43e-02	8.55e-11
 2.77861e+16	9.86e-01	1.40e-02	8.40e-11
 2.77872e+16	9.86e-01	1.36e-02	8.23e-11
 2.77884e+16	9.87e-01	1.33e-02	8.06e-11
 2.77895e+16	9.87e-01	1.30e-02	7.92e-11
 2.77905e+16	9.87e-01	1.27e-02	7.78e-11
 2.77916e+16	9.88e-01	1.24e-02	7.63e-11
 2.77928e+16	9.88e-01	1.21e-02	7.48e-11
 2.77941e+16	9.88e-01	1.17e-02	7.31e-11
 2.77958e+16	9.89e-01	1.13e-02	7.10e-11
 2.77977e+16	9.89e-01	1.09e-02	6.89e-11
 2.77995e+16	9.89e-01	1.05e-02	6.69e-11
 2.78013e+16	9.90e-01	1.01e-02	6.50e-11
 2.78032e+16	9.90e-01	9.76e-03	6.31e-11
 2.78052e+16	9.91e-01	9.39e-03	6.12e-11
 2.78072e+16	9.91e-01	9.03e-03	5.92e-11
 2.78093e+16	9.91e-01	8.68e-03	5.74e-11
 2.78114e+16	9.92e-01	8.34e-03	5.55e-11
 2.78136e+16	9.92e-01	8.00e-03	5.36e-11
 2.78159e+16	9.92e-01	7.67e-03	5.18e-11
 2.78183e+16	9.93e-01	7.34e-03	5.00e-11
 2.78207e+16	9.93e-01	7.03e-03	4.81e-11
 2.78232e+16	9.93e-01	6.71e-03	4.63e-11
 2.78258e+16	9.94e-01	6.40e-03	4.45e-11
 2.78285e+16	9.94e-01	6.09e-03	4.26e-11
 2.78313e+16	9.94e-01	5.78e-03	4.07e-11
 2.78341e+16	9.95e-01	5.46e-03	3.87e-11
 2.78371e+16	9.95e-01	5.13e-03	3.65e-11
 2.78402e+16	9.95e-01	4.77e-03	3.42e-11
 2.78434e+16	9.96e-01	4.41e-03	3.17e-11
 2.78468e+16	9.96e-01	4.03e-03	2.92e-11
 2.78503e+16	9.96e-01	3.64e-03	2.64e-11
 2.78540e+16	9.97e-01	3.26e-03	2.38e-11
 2.78580e+16	9.97e-01	2.90e-03	2.12e-11
 2.78622e+16	9.97e-01	2.55e-03	1.87e-11
 2.78666e+16	9.98e-01	2.21e-03	1.63e-11
 2.78714e+16	9.98e-01	1.90e-03	1.40e-11
 2.78766e+16	9.98e-01	1.61e-03	1.19e-11
 2.78823e+16	9.99e-01	1.35e-03	9.95e-12
 2.78886e+16	9.99e-01	1.10e-03	8.14e-12
 2.78956e+16	9.99e-01	8.76e-04	6.48e-12
 2.79036e+16	9.99e-01	6.76e-04	5.00e-12
 2.79129e+16	9.99e-01	5.00e-04	3.70e-12
 2.79228e+16	1.00e+00	3.64e-04	2.70e-12
 2.79328e+16	1.00e+00	2.66e-04	1.96e-12
 2.79427e+16	1.00e+00	1.94e-04	1.43e-12
 2.79527e+16	1.00e+00	1.41e-04	1.04e-12
 2.79626e+16	1.00e+00	1.03e-04	7.52e-13
 2.79726e+16	1.00e+00	7.50e-05	5.48e-13
 2.79825e+16	1.00e+00	5.49e-05	4.02e-13
 2.79925e+16	1.00e+00	4.01e-05	2.94e-13
 2.80024e+16	1.00e+00	2.94e-05	2.14e-13
 2.80124e+16	1.00e+00	2.15e-05	1.57e-13
 2.80223e+16	1.00e+00	1.57e-05	1.14e-13
 2.80323e+16	1.00e+00	1.15e-05	8.37e-14
 2.80423e+16	1.00e+00	8.46e-06	6.12e-14
 2.80522e+16	1.00e+00	6.22e-06	4.49e-14
 2.80622e+16	1.00e+00	4.57e-06	3.28e-14
 2.80721e+16	1.00e+00	3.38e-06	2.42e-14
 2.80821e+16	1.00e+00	2.50e-06	1.79e-14
 2.80920e+16	1.00e+00	1.85e-06	1.31e-14
 2.81020e+16	1.00e+00	1.38e-06	9.77e-15
 2.81119e+16	1.00e+00	1.04e-06	7.35e-15
 2.81219e+16	1.00e+00	7.84e-07	5.54e-15
 2.81318e+16	1.00e+00	5.98e-07	4.22e-15
 2.81418e+16	1.00e+00	4.62e-07	3.24e-15
 2.81517e+16	1.00e+00	3.64e-07	2.55e-15
 2.81617e+16	1.00e+00	2.91e-07	2.03e-15
 2.81716e+16	1.00e+00	2.37e-07	1.64e-15
 2.81816e+16	1.00e+00	1.98e-07	1.36e-15
 2.81915e+16	1.00e+00	1.69e-07	1.17e-15
 2.82015e+16	1.00e+00	1.48e-07	1.02e-15
 2.82114e+16	1.00e+00	1.32e-07	9.00e-16
 2.82214e+16	1.00e+00	1.20e-07	8.18e-16
 2.82313e+16	1.00e+00	1.12e-07	7.59e-16
 2.82413e+16	1.00e+00	1.05e-07	7.12e-16
 2.82513e+16	1.00e+00	1.00e-07	6.74e-16
 2.82612e+16	1.00e+00	9.66e-08	6.46e-16
 2.82712e+16	1.00e+00	9.39e-08	6.27e-16
 2.82811e+16	1.00e+00	9.17e-08	6.09e-16
 2.82911e+16	1.00e+00	8.98e-08	5.93e-16
 2.83025e+16	1.00e+00	8.83e-08	5.81e-16
 2.83174e+16	1.00e+00	8.66e-08	5.66e-16
 2.83367e+16	1.00e+00	8.49e-08	5.50e-16
 2.83619e+16	1.00e+00	8.31e-08	5.32e-16
 2.83946e+16	1.00e+00	8.13e-08	5.12e-16
 2.84370e+16	1.00e+00	7.90e-08	4.87e-16
 2.84923e+16	1.00e+00	7.62e-08	4.56e-16
 2.85641e+16	1.00e+00	7.28e-08	4.19e-16
 2.86575e+16	1.00e+00	6.85e-08	3.75e-16
 2.87719e+16	1.00e+00	6.37e-08	3.27e-16
 2.88975e+16	1.00e+00	5.88e-08	2.82e-16
 2.90306e+16	1.00e+00	5.40e-08	2.39e-16
 2.91770e+16	1.00e+00	4.91e-08	2.00e-16
 2.93414e+16	1.00e+00	4.40e-08	1.62e-16
 2.95260e+16	1.00e+00	3.90e-08	1.29e-16
 2.97330e+16	1.00e+00	3.40e-08	9.90e-17
 2.99616e+16	1.00e+00	2.93e-08	7.43e-17
 3.02107e+16	1.00e+00	2.49e-08	5.43e-17
 3.04857e+16	1.00e+00	2.09e-08	3.85e-17
 3.07896e+16	1.00e+00	1.72e-08	2.64e-17
 3.11279e+16	1.00e+00	1.39e-08	1.74e-17
 3.15137e+16	1.00e+00	1.09e-08	1.08e-17
 3.19474e+16	1.00e+00	8.34e-09	6.43e-18
 3.24202e+16	1.00e+00	6.27e-09	3.68e-18
 3.29442e+16	1.00e+00	4.59e-09	1.99e-18
 3.35011e+16	1.00e+00	3.34e-09	1.07e-18
 3.40580e+16	1.00e+00	2.44e-09	5.77e-19
 3.46149e+16	1.00e+00	1.80e-09	3.16e-19
 3.51718e+16	1.00e+00	1.33e-09	1.75e-19
 3.57669e+16	1.00e+00	9.70e-10	9.37e-20
 3.64066e+16	1.00e+00	6.98e-10	4.89e-20
 3.70623e+16	1.00e+00	5.02e-10	2.55e-20
 3.77345e+16	1.00e+00	3.60e-10	1.32e-20
 3.84235e+16	1.00e+00	2.59e-10	6.88e-21
 3.91262e+16	1.00e+00	1.86e-10	0.00e+00
 3.98324e+16	1.00e+00	1.35e-10	0.00e+00
 4.05386e+16	1.00e+00	9.81e-11	0.00e+00
 4.12627e+16	1.00e+00	7.12e-11	0.00e+00
 4.20268e+16	1.00e+00	5.11e-11	0.00e+00
 4.28208e+16	1.00e+00	3.66e-11	0.00e+00
 4.36307e+16	1.00e+00	2.62e-11	0.00e+00
 4.44609e+16	1.00e+00	1.88e-11	0.00e+00
 4.53034e+16	1.00e+00	1.35e-11	0.00e+00
 4.61459e+16	1.00e+00	9.73e-12	0.00e+00
 4.70083e+16	1.00e+00	7.00e-12	0.00e+00
 4.79041e+16	1.00e+00	5.02e-12	0.00e+00
 4.88131e+16	1.00e+00	3.61e-12	0.00e+00
 4.97452e+16	1.00e+00	2.58e-12	0.00e+00
 5.07148e+16	1.00e+00	1.84e-12	0.00e+00
 5.17085e+16	1.00e+00	1.31e-12	0.00e+00
 5.28626e+16	1.00e+00	8.78e-13	0.00e+00
 5.43629e+16	1.00e+00	5.30e-13	0.00e+00
 5.63134e+16	1.00e+00	2.81e-13	0.00e+00
 5.85641e+16	1.00e+00	1.40e-13	0.00e+00
 6.09067e+16	1.00e+00	6.97e-14	0.00e+00
 6.33430e+16	1.00e+00	3.44e-14	0.00e+00
 6.58768e+16	1.00e+00	1.69e-14	0.00e+00
 6.85119e+16	1.00e+00	8.19e-15	0.00e+00
 7.12524e+16	1.00e+00	3.94e-15	0.00e+00
 7.40440e+16	1.00e+00	1.87e-15	0.00e+00
 7.64697e+16	1.00e+00	1.03e-15	0.00e+00
 7.88416e+16	1.00e+00	5.56e-16	0.00e+00
 8.16012e+16	1.00e+00	2.83e-16	0.00e+00
 8.46806e+16	1.00e+00	1.34e-16	0.00e+00
 8.80678e+16	1.00e+00	5.82e-17	0.00e+00
 9.05201e+16	1.00e+00	3.42e-17	0.00e+00
 9.18632e+16	1.00e+00	2.45e-17	0.00e+00
 9.29173e+16	1.00e+00	1.94e-17	0.00e+00
 9.39209e+16	1.00e+00	1.54e-17	0.00e+00
 9.52257e+16	1.00e+00	1.15e-17	0.00e+00
 9.69220e+16	1.00e+00	7.90e-18	0.00e+00
 9.91271e+16	1.00e+00	4.89e-18	0.00e+00
 1.01994e+17	1.00e+00	2.67e-18	0.00e+00
 1.05686e+17	1.00e+00	1.28e-18	0.00e+00
 1.09914e+17	1.00e+00	5.78e-19	0.00e+00
 1.14124e+17	1.00e+00	2.79e-19	0.00e+00
 1.18502e+17	1.00e+00	1.42e-19	0.00e+00
 1.23243e+17	1.00e+00	7.49e-20	0.00e+00
 1.27960e+17	1.00e+00	4.55e-20	0.00e+00
 1.32867e+17	1.00e+00	3.04e-20	0.00e+00
 1.38182e+17	1.00e+00	2.27e-20	0.00e+00
 1.43709e+17	1.00e+00	1.89e-20	0.00e+00
 1.49457e+17	1.00e+00	1.66e-20	0.00e+00
 1.55436e+17	1.00e+00	1.51e-20	0.00e+00
 1.61653e+17	1.00e+00	1.40e-20	0.00e+00
 1.68119e+17	1.00e+00	1.31e-20	0.00e+00
 1.74346e+17	1.00e+00	1.23e-20	0.00e+00
 1.80158e+17	1.00e+00	1.24e-20	0.00e+00
 1.86091e+17	1.00e+00	1.22e-20	0.00e+00
 1.92334e+17	1.00e+00	1.17e-20	0.00e+00
 1.98763e+17	1.00e+00	1.12e-20	0.00e+00
 2.05296e+17	1.00e+00	1.08e-20	0.00e+00
 2.11938e+17	1.00e+00	1.04e-20	0.00e+00
 2.18688e+17	1.00e+00	1.01e-20	0.00e+00
 2.25504e+17	1.00e+00	9.74e-21	0.00e+00
 2.32359e+17	1.00e+00	9.50e-21	0.00e+00
 2.39215e+17	1.00e+00	9.26e-21	0.00e+00
 2.46033e+17	1.00e+00	9.11e-21	0.00e+00
 2.52800e+17	1.00e+00	8.96e-21	0.00e+00
 2.59461e+17	1.00e+00	8.86e-21	0.00e+00
 2.65972e+17	1.00e+00	8.80e-21	0.00e+00
 2.72305e+17	1.00e+00	8.79e-21	0.00e+00
 2.78432e+17	1.00e+00	8.81e-21	0.00e+00
 2.84318e+17	1.00e+00	8.85e-21	0.00e+00
 2.89946e+17	1.00e+00	8.94e-21	0.00e+00
 2.95314e+17	1.00e+00	9.03e-21	0.00e+00
 3.00409e+17	1.00e+00	9.14e-21	0.00e+00
 3.05225e+17	1.00e+00	9.27e-21	0.00e+00
 3.09769e+17	1.00e+00	9.41e-21	0.00e+00
 3.14053e+17	1.00e+00	9.54e-21	0.00e+00
 3.18083e+17	1.00e+00	9.67e-21	0.00e+00
 3.21864e+17	1.00e+00	9.81e-21	0.00e+00
 3.25412e+17	1.00e+00	9.94e-21	0.00e+00
 3.28747e+17	1.00e+00	1.01e-20	0.00e+00
 3.31888e+17	1.00e+00	1.02e-20	0.00e+00
 3.34848e+17	1.00e+00	1.03e-20	0.00e+00
 3.37632e+17	1.00e+00	1.04e-20	0.00e+00
 3.40249e+17	1.00e+00	1.05e-20	0.00e+00
 3.42712e+17	1.00e+00	1.06e-20	0.00e+00
 3.45034e+17	1.00e+00	1.06e-20	0.00e+00
 3.47225e+17	1.00e+00	1.07e-20	0.00e+00
 3.49293e+17	1.00e+00	1.08e-20	0.00e+00
 3.51245e+17	1.00e+00	1.09e-20	0.00e+00
 3.53086e+17	1.00e+00	1.09e-20	0.00e+00
 3.54824e+17	1.00e+00	1.10e-20	0.00e+00
 3.56469e+17	1.00e+00	1.10e-20	0.00e+00
 3.58026e+17	1.00e+00	1.11e-20	0.00e+00
 3.59502e+17	1.00e+00	1.11e-20	0.00e+00
 3.60898e+17	1.00e+00	1.12e-20	0.00e+00
 3.62221e+17	1.00e+00	1.12e-20	0.00e+00
 3.63474e+17	1.00e+00	1.12e-20	0.00e+00
 3.64664e+17	1.00e+00	1.13e-20	0.00e+00
 3.65793e+17	1.00e+00	1.13e-20	0.00e+00
 3.66867e+17	1.00e+00	1.14e-20	0.00e+00
 3.67887e+17	1.00e+00	1.14e-20	0.00e+00
 3.68856e+17	1.00e+00	1.14e-20	0.00e+00
 3.69778e+17	1.00e+00	1.15e-20	0.00e+00
 3.70656e+17	1.00e+00	1.15e-20	0.00e+00
 3.71493e+17	1.00e+00	1.16e-20	0.00e+00
 3.72291e+17	1.00e+00	1.16e-20	0.00e+00
 3.73052e+17	1.00e+00	1.17e-20	0.00e+00
 3.73779e+17	1.00e+00	1.17e-20	0.00e+00
 3.74474e+17	1.00e+00	1.18e-20	0.00e+00
 3.75138e+17	1.00e+00	1.18e-20	0.00e+00
 3.75774e+17	1.00e+00	1.19e-20	0.00e+00
 3.76384e+17	1.00e+00	1.19e-20	0.00e+00
 3.76970e+17	1.00e+00	1.20e-20	0.00e+00
 3.77533e+17	1.00e+00	1.20e-20	0.00e+00
 3.78075e+17	1.00e+00	1.21e-20	0.00e+00
 3.78596e+17	1.00e+00	1.22e-20	0.00e+00
 3.79100e+17	1.00e+00	1.22e-20	0.00e+00
 3.79588e+17	1.00e+00	1.23e-20	0.00e+00
 3.80061e+17	1.00e+00	1.23e-20	0.00e+00
 3.80520e+17	1.00e+00	1.24e-20	0.00e+00
 3.80968e+17	1.00e+00	1.24e-20	0.00e+00
 3.81405e+17	1.00e+00	1.25e-20	0.00e+00
 3.81833e+17	1.00e+00	1.25e-20	0.00e+00
 3.82254e+17	1.00e+00	1.25e-20	0.00e+00
 3.82670e+17	1.00e+00	1.26e-20	0.00e+00
 3.83082e+17	1.00e+00	1.26e-20	0.00e+00
 3.83492e+17	1.00e+00	1.26e-20	0.00e+00
 3.83903e+17	1.00e+00	1.26e-20	0.00e+00
 3.84317e+17	1.00e+00	1.26e-20	0.00e+00
 3.84736e+17	1.00e+00	1.26e-20	0.00e+00
 3.85165e+17	1.00e+00	1.25e-20	0.00e+00
 3.85607e+17	1.00e+00	1.25e-20	0.00e+00
 3.86067e+17	1.00e+00	1.24e-20	0.00e+00
 3.86551e+17	1.00e+00	1.23e-20	0.00e+00
 3.87066e+17	1.00e+00	1.22e-20	0.00e+00
 3.87623e+17	1.00e+00	1.21e-20	0.00e+00
 3.88233e+17	1.00e+00	1.20e-20	0.00e+00
 3.88915e+17	1.00e+00	1.18e-20	0.00e+00
 3.89693e+17	1.00e+00	1.16e-20	0.00e+00
 3.90601e+17	1.00e+00	1.14e-20	0.00e+00
 3.91688e+17	1.00e+00	1.13e-20	0.00e+00
 3.93028e+17	1.00e+00	1.11e-20	0.00e+00
 3.94731e+17	1.00e+00	1.08e-20	0.00e+00
 3.96936e+17	1.00e+00	1.04e-20	0.00e+00
 3.99802e+17	1.00e+00	9.90e-21	0.00e+00
 4.03527e+17	1.00e+00	9.17e-21	0.00e+00
 4.08371e+17	1.00e+00	8.21e-21	0.00e+00
 4.14667e+17	1.00e+00	7.04e-21	0.00e+00
 4.22852e+17	1.00e+00	5.72e-21	0.00e+00
 4.33493e+17	1.00e+00	4.26e-21	0.00e+00
 4.47325e+17	1.00e+00	2.92e-21	0.00e+00
 4.64247e+17	1.00e+00	1.77e-21	0.00e+00
 4.82817e+17	1.00e+00	1.19e-21	0.00e+00
 5.01151e+17	1.00e+00	9.89e-22	0.00e+00
 5.18343e+17	1.00e+00	1.03e-21	0.00e+00
 5.34711e+17	1.00e+00	1.05e-21	0.00e+00
 5.50576e+17	1.00e+00	1.01e-21	0.00e+00
 5.65729e+17	1.00e+00	9.52e-22	0.00e+00
 5.79721e+17	1.00e+00	9.37e-22	0.00e+00
 5.92236e+17	1.00e+00	9.52e-22	0.00e+00
 6.03233e+17	1.00e+00	9.87e-22	0.00e+00
 6.12949e+17	1.00e+00	9.96e-22	0.00e+00
 6.20729e+17	1.00e+00	9.70e-22	0.00e+00
 6.25678e+17	1.00e+00	1.06e-21	0.00e+00
 6.28379e+17	1.00e+00	1.19e-21	0.00e+00
 6.29913e+17	1.00e+00	1.26e-21	0.00e+00
 6.30834e+17	1.00e+00	1.34e-21	0.00e+00
 6.31402e+17	1.00e+00	1.62e-21	0.00e+00
 6.31847e+17	1.00e+00	2.15e-21	0.00e+00
 6.32297e+17	1.00e+00	2.20e-21	0.00e+00
 6.32765e+17	1.00e+00	2.18e-21	0.00e+00
 6.33201e+17	1.00e+00	2.10e-21	0.00e+00
 6.33606e+17	1.00e+00	2.39e-21	0.00e+00
 6.33992e+17	1.00e+00	2.33e-21	0.00e+00
 6.34340e+17	1.00e+00	2.56e-21	0.00e+00
 6.34671e+17	1.00e+00	2.64e-21	0.00e+00
 6.34983e+17	1.00e+00	2.73e-21	0.00e+00
 6.35277e+17	1.00e+00	2.82e-21	0.00e+00
 6.35540e+17	1.00e+00	2.93e-21	0.00e+00
 6.35783e+17	1.00e+00	3.14e-21	0.00e+00
 6.36030e+17	1.00e+00	3.18e-21	0.00e+00
 6.36263e+17	1.00e+00	3.15e-21	0.00e+00
 6.36486e+17	1.00e+00	3.33e-21	0.00e+00
 6.36705e+17	1.00e+00	3.27e-21	0.00e+00
 6.36904e+17	1.00e+00	3.41e-21	0.00e+00
 6.37093e+17	1.00e+00	3.54e-21	0.00e+00
 6.37289e+17	1.00e+00	3.64e-21	0.00e+00
 6.37475e+17	1.00e+00	3.49e-21	0.00e+00
 6.37643e+17	1.00e+00	4.05e-21	0.00e+00
 6.37810e+17	1.00e+00	4.17e-21	0.00e+00
 6.37980e+17	1.00e+00	4.13e-21	0.00e+00
 6.38147e+17	1.00e+00	3.97e-21	0.00e+00
 6.38306e+17	1.00e+00	4.43e-21	0.00e+00
 6.38459e+17	1.00e+00	4.93e-21	0.00e+00
 6.38612e+17	1.00e+00	5.46e-21	0.00e+00
 6.38763e+17	1.00e+00	5.18e-21	0.00e+00
 6.38910e+17	1.00e+00	5.99e-21	0.00e+00
 6.39058e+17	1.00e+00	6.08e-21	0.00e+00
 6.39206e+17	1.00e+00	6.13e-21	0.00e+00
 6.39355e+17	1.00e+00	5.56e-21	0.00e+00
 6.39501e+17	1.00e+00	6.16e-21	0.00e+00
 6.39643e+17	1.00e+00	6.19e-21	0.00e+00
 6.39792e+17	1.00e+00	9.06e-21	0.00e+00
 6.39945e+17	1.00e+00	4.34e-21	0.00e+00
 6.40090e+17	1.00e+00	6.85e-21	0.00e+00
 6.40239e+17	1.00e+00	6.03e-21	0.00e+00
 6.40393e+17	1.00e+00	5.26e-21	0.00e+00
 6.40551e+17	1.00e+00	4.49e-21	0.00e+00
 6.40708e+17	1.00e+00	4.62e-21	0.00e+00
 6.40861e+17	1.00e+00	4.53e-21	0.00e+00
 6.41025e+17	1.00e+00	5.36e-21	0.00e+00
 6.41199e+17	1.00e+00	3.68e-21	0.00e+00
 6.41365e+17	1.00e+00	3.84e-21	0.00e+00
 6.41530e+17	1.00e+00	4.02e-21	0.00e+00
 6.41707e+17	1.00e+00	3.95e-21	0.00e+00
 6.41892e+17	1.00e+00	3.44e-21	0.00e+00
 6.42082e+17	1.00e+00	3.49e-21	0.00e+00
 6.42275e+17	1.00e+00	3.30e-21	0.00e+00
 6.42468e+17	1.00e+00	3.35e-21	0.00e+00
 6.42666e+17	1.00e+00	3.26e-21	0.00e+00
 6.42867e+17	1.00e+00	3.21e-21	0.00e+00
 6.43064e+17	1.00e+00	3.18e-21	0.00e+00
 6.43266e+17	1.00e+00	3.23e-21	0.00e+00
 6.43486e+17	1.00e+00	3.08e-21	0.00e+00
 6.43713e+17	1.00e+00	2.97e-21	0.00e+00
 6.43935e+17	1.00e+00	2.92e-21	0.00e+00
 6.44159e+17	1.00e+00	2.96e-21	0.00e+00
 6.44398e+17	1.00e+00	2.86e-21	0.00e+00
 6.44645e+17	1.00e+00	2.77e-21	0.00e+00
 6.44889e+17	1.00e+00	2.71e-21	0.00e+00
 6.45138e+17	1.00e+00	2.73e-21	0.00e+00
 6.45402e+17	1.00e+00	2.63e-21	0.00e+00
 6.45673e+17	1.00e+00	2.54e-21	0.00e+00
 6.45941e+17	1.00e+00	2.49e-21	0.00e+00
 6.46225e+17	1.00e+00	2.50e-21	0.00e+00
 6.46518e+17	1.00e+00	2.32e-21	0.00e+00
 6.46816e+17	1.00e+00	2.34e-21	0.00e+00
 6.47113e+17	1.00e+00	2.22e-21	0.00e+00
 6.47411e+17	1.00e+00	2.28e-21	0.00e+00
 6.47732e+17	1.00e+00	2.17e-21	0.00e+00
 6.48064e+17	1.00e+00	2.05e-21	0.00e+00
 6.48388e+17	1.00e+00	2.00e-21	0.00e+00
 6.48717e+17	1.00e+00	2.05e-21	0.00e+00
 6.49061e+17	1.00e+00	1.91e-21	0.00e+00
 6.49407e+17	1.00e+00	1.89e-21	0.00e+00
 6.49765e+17	1.00e+00	1.82e-21	0.00e+00
 6.50139e+17	1.00e+00	1.75e-21	0.00e+00
 6.50519e+17	1.00e+00	1.65e-21	0.00e+00
 6.50900e+17	1.00e+00	1.64e-21	0.00e+00
 6.51286e+17	1.00e+00	1.59e-21	0.00e+00
 6.51685e+17	1.00e+00	1.55e-21	0.00e+00
 6.52097e+17	1.00e+00	1.45e-21	0.00e+00
 6.52512e+17	1.00e+00	1.41e-21	0.00e+00
 6.52933e+17	1.00e+00	1.37e-21	0.00e+00
 6.53363e+17	1.00e+00	1.32e-21	0.00e+00
 6.53802e+17	1.00e+00	1.26e-21	0.00e+00
 6.54245e+17	1.00e+00	1.20e-21	0.00e+00
 6.54688e+17	1.00e+00	1.19e-21	0.00e+00
 6.55140e+17	1.00e+00	1.15e-21	0.00e+00
 6.55619e+17	1.00e+00	1.09e-21	0.00e+00
 6.56109e+17	1.00e+00	9.72e-22	0.00e+00
 6.56597e+17	1.00e+00	9.79e-22	0.00e+00
 6.57108e+17	1.00e+00	9.16e-22	0.00e+00
 6.57610e+17	1.00e+00	8.44e-22	0.00e+00
 6.58119e+17	1.00e+00	8.90e-22	0.00e+00
 6.58657e+17	1.00e+00	7.73e-22	0.00e+00
 6.59205e+17	1.00e+00	7.35e-22	0.00e+00
 6.59759e+17	1.00e+00	6.91e-22	0.00e+00
 6.60344e+17	1.00e+00	6.66e-22	0.00e+00
 6.60954e+17	1.00e+00	5.67e-22	0.00e+00
 6.61562e+17	1.00e+00	5.51e-22	0.00e+00
 6.62179e+17	1.00e+00	5.26e-22	0.00e+00
 6.62815e+17	1.00e+00	4.91e-22	0.00e+00
 6.63448e+17	1.00e+00	4.46e-22	0.00e+00
 6.64027e+17	1.00e+00	4.58e-22	0.00e+00
 6.64543e+17	1.00e+00	5.28e-22	0.00e+00
 6.65019e+17	1.00e+00	5.92e-22	0.00e+00
 6.65476e+17	1.00e+00	6.24e-22	0.00e+00
 6.65916e+17	1.00e+00	6.41e-22	0.00e+00
 6.66337e+17	1.00e+00	6.64e-22	0.00e+00
 6.66738e+17	1.00e+00	6.95e-22	0.00e+00
 6.67120e+17	1.00e+00	7.28e-22	0.00e+00
 6.67488e+17	1.00e+00	7.58e-22	0.00e+00
 6.67841e+17	1.00e+00	7.84e-22	0.00e+00
 6.68180e+17	1.00e+00	8.11e-22	0.00e+00
 6.68507e+17	1.00e+00	8.39e-22	0.00e+00
 6.68820e+17	1.00e+00	8.68e-22	0.00e+00
 6.69120e+17	1.00e+00	8.99e-22	0.00e+00
 6.69408e+17	1.00e+00	9.29e-22	0.00e+00
 6.69686e+17	1.00e+00	9.54e-22	0.00e+00
 6.69953e+17	1.00e+00	9.79e-22	0.00e+00
 6.70209e+17	1.00e+00	1.01e-21	0.00e+00
 6.70456e+17	1.00e+00	1.04e-21	0.00e+00
 6.70696e+17	1.00e+00	1.06e-21	0.00e+00
 6.70928e+17	1.00e+00	1.08e-21	0.00e+00
 6.71148e+17	1.00e+00	1.11e-21	0.00e+00
 6.71361e+17	1.00e+00	1.14e-21	0.00e+00
 6.71570e+17	1.00e+00	1.16e-21	0.00e+00
 6.71774e+17	1.00e+00	1.17e-21	0.00e+00
 6.71971e+17	1.00e+00	1.18e-21	0.00e+00
 6.72164e+17	1.00e+00	1.20e-21	0.00e+00
 6.72351e+17	1.00e+00	1.22e-21	0.00e+00
 6.72534e+17	1.00e+00	1.23e-21	0.00e+00
 6.72712e+17	1.00e+00	1.24e-21	0.00e+00
 6.72888e+17	1.00e+00	1.26e-21	0.00e+00
 6.73060e+17	1.00e+00	1.26e-21	0.00e+00
 6.73256e+17	1.00e+00	1.27e-21	0.00e+00
 6.73511e+17	1.00e+00	1.12e-21	0.00e+00
 6.73843e+17	1.00e+00	8.90e-22	0.00e+00
 6.74274e+17	1.00e+00	6.45e-22	0.00e+00
 6.74834e+17	1.00e+00	4.20e-22	0.00e+00
 6.75525e+17	1.00e+00	2.48e-22	0.00e+00
 6.76252e+17	1.00e+00	1.69e-22	0.00e+00
 6.76909e+17	1.00e+00	1.86e-22	0.00e+00
 6.77489e+17	1.00e+00	2.46e-22	0.00e+00
 6.78035e+17	1.00e+00	3.01e-22	0.00e+00
