#depth	O	O+	O+2	O+3	O+4	O+5	O+6	O+7	O+8	O[1]	O[2]	O[3]
 1.49634e+10	0.00e+00	0.00e+00	7.78e-29	1.29e-19	6.93e-12	4.48e-06	1.00e+00	0.00e+00	0.00e+00	0.00e+00	0.00e+00	0.00e+00
 4.54887e+10	0.00e+00	2.59e-39	1.06e-28	1.63e-19	8.12e-12	4.85e-06	1.00e+00	3.57e-25	0.00e+00	0.00e+00	0.00e+00	0.00e+00
 7.72350e+10	0.00e+00	0.00e+00	1.46e-28	2.07e-19	9.52e-12	5.26e-06	1.00e+00	0.00e+00	0.00e+00	0.00e+00	0.00e+00	0.00e+00
 1.10251e+11	0.00e+00	5.65e-39	1.99e-28	2.62e-19	1.12e-11	5.70e-06	1.00e+00	0.00e+00	0.00e+00	0.00e+00	0.00e+00	0.00e+00
 1.44588e+11	0.00e+00	0.00e+00	2.73e-28	3.32e-19	1.31e-11	6.17e-06	1.00e+00	0.00e+00	0.00e+00	0.00e+00	0.00e+00	0.00e+00
 1.80298e+11	0.00e+00	1.23e-38	3.73e-28	4.20e-19	1.53e-11	6.69e-06	1.00e+00	0.00e+00	0.00e+00	0.00e+00	0.00e+00	0.00e+00
 2.17437e+11	0.00e+00	0.00e+00	5.10e-28	5.33e-19	1.80e-11	7.25e-06	1.00e+00	0.00e+00	0.00e+00	0.00e+00	0.00e+00	0.00e+00
 2.56061e+11	0.00e+00	2.69e-38	6.98e-28	6.75e-19	2.11e-11	7.86e-06	1.00e+00	0.00e+00	0.00e+00	0.00e+00	0.00e+00	0.00e+00
 2.96231e+11	0.00e+00	0.00e+00	9.55e-28	8.56e-19	2.48e-11	8.53e-06	1.00e+00	0.00e+00	0.00e+00	0.00e+00	0.00e+00	0.00e+00
 3.38007e+11	0.00e+00	5.86e-38	1.31e-27	1.08e-18	2.91e-11	9.25e-06	1.00e+00	0.00e+00	0.00e+00	0.00e+00	0.00e+00	0.00e+00
 3.81454e+11	0.00e+00	0.00e+00	1.79e-27	1.38e-18	3.41e-11	1.00e-05	1.00e+00	0.00e+00	0.00e+00	0.00e+00	0.00e+00	0.00e+00
 4.26639e+11	0.00e+00	1.28e-37	2.44e-27	1.74e-18	4.01e-11	1.09e-05	1.00e+00	0.00e+00	0.00e+00	0.00e+00	0.00e+00	0.00e+00
 4.73631e+11	0.00e+00	0.00e+00	3.34e-27	2.21e-18	4.71e-11	1.18e-05	1.00e+00	0.00e+00	0.00e+00	0.00e+00	0.00e+00	0.00e+00
 5.22503e+11	0.00e+00	2.77e-37	4.57e-27	2.80e-18	5.53e-11	1.28e-05	1.00e+00	0.00e+00	0.00e+00	0.00e+00	0.00e+00	0.00e+00
 5.73330e+11	0.00e+00	0.00e+00	6.25e-27	3.56e-18	6.50e-11	1.39e-05	1.00e+00	0.00e+00	0.00e+00	0.00e+00	0.00e+00	0.00e+00
 6.26190e+11	0.00e+00	6.01e-37	8.54e-27	4.51e-18	7.65e-11	1.51e-05	1.00e+00	0.00e+00	0.00e+00	0.00e+00	0.00e+00	0.00e+00
 6.81164e+11	0.00e+00	0.00e+00	1.17e-26	5.72e-18	8.99e-11	1.64e-05	1.00e+00	0.00e+00	0.00e+00	0.00e+00	0.00e+00	0.00e+00
 7.38337e+11	0.00e+00	1.30e-36	1.59e-26	7.26e-18	1.06e-10	1.79e-05	1.00e+00	0.00e+00	0.00e+00	0.00e+00	0.00e+00	0.00e+00
 7.97798e+11	1.34e-47	1.91e-36	2.18e-26	9.21e-18	1.24e-10	1.94e-05	1.00e+00	0.00e+00	0.00e+00	0.00e+00	0.00e+00	0.00e+00
 8.59636e+11	0.00e+00	0.00e+00	2.97e-26	1.17e-17	1.46e-10	2.11e-05	1.00e+00	0.00e+00	0.00e+00	0.00e+00	0.00e+00	0.00e+00
 9.23949e+11	0.00e+00	4.12e-36	4.06e-26	1.48e-17	1.72e-10	2.30e-05	1.00e+00	0.00e+00	0.00e+00	0.00e+00	0.00e+00	0.00e+00
 9.90833e+11	5.30e-47	6.05e-36	5.54e-26	1.88e-17	2.03e-10	2.50e-05	1.00e+00	0.00e+00	0.00e+00	0.00e+00	0.00e+00	0.00e+00
 1.06039e+12	0.00e+00	0.00e+00	7.56e-26	2.39e-17	2.39e-10	2.72e-05	1.00e+00	0.00e+00	0.00e+00	0.00e+00	0.00e+00	0.00e+00
 1.13274e+12	0.00e+00	1.30e-35	1.03e-25	3.03e-17	2.82e-10	2.96e-05	1.00e+00	0.00e+00	0.00e+00	0.00e+00	0.00e+00	0.00e+00
 1.20797e+12	2.07e-46	1.90e-35	1.41e-25	3.85e-17	3.32e-10	3.22e-05	1.00e+00	0.00e+00	0.00e+00	0.00e+00	0.00e+00	0.00e+00
 1.28622e+12	0.00e+00	0.00e+00	1.92e-25	4.88e-17	3.91e-10	3.51e-05	1.00e+00	0.00e+00	0.00e+00	0.00e+00	0.00e+00	0.00e+00
 1.36759e+12	0.00e+00	4.06e-35	2.61e-25	6.19e-17	4.61e-10	3.83e-05	1.00e+00	0.00e+00	0.00e+00	0.00e+00	0.00e+00	0.00e+00
 1.45222e+12	8.03e-46	5.92e-35	3.55e-25	7.86e-17	5.44e-10	4.17e-05	1.00e+00	0.00e+00	0.00e+00	0.00e+00	0.00e+00	0.00e+00
 1.54024e+12	0.00e+00	8.64e-35	4.83e-25	9.97e-17	6.41e-10	4.54e-05	1.00e+00	0.00e+00	0.00e+00	0.00e+00	0.00e+00	0.00e+00
 1.63178e+12	1.97e-45	1.26e-34	6.57e-25	1.26e-16	7.56e-10	4.95e-05	1.00e+00	0.00e+00	0.00e+00	0.00e+00	0.00e+00	0.00e+00
 1.72697e+12	0.00e+00	1.83e-34	8.93e-25	1.60e-16	8.92e-10	5.40e-05	1.00e+00	0.00e+00	0.00e+00	0.00e+00	0.00e+00	0.00e+00
 1.82598e+12	4.79e-45	2.66e-34	1.21e-24	2.03e-16	1.05e-09	5.89e-05	1.00e+00	0.00e+00	0.00e+00	0.00e+00	0.00e+00	0.00e+00
 1.92895e+12	0.00e+00	3.86e-34	1.65e-24	2.58e-16	1.24e-09	6.43e-05	1.00e+00	0.00e+00	0.00e+00	0.00e+00	0.00e+00	0.00e+00
 2.03603e+12	1.16e-44	5.60e-34	2.23e-24	3.27e-16	1.46e-09	7.01e-05	1.00e+00	0.00e+00	0.00e+00	0.00e+00	0.00e+00	0.00e+00
 2.14740e+12	0.00e+00	8.12e-34	3.03e-24	4.15e-16	1.73e-09	7.65e-05	1.00e+00	0.00e+00	0.00e+00	0.00e+00	0.00e+00	0.00e+00
 2.26322e+12	2.79e-44	1.18e-33	4.11e-24	5.25e-16	2.04e-09	8.35e-05	1.00e+00	0.00e+00	0.00e+00	0.00e+00	0.00e+00	0.00e+00
 2.38368e+12	0.00e+00	1.70e-33	5.56e-24	6.66e-16	2.40e-09	9.11e-05	1.00e+00	0.00e+00	0.00e+00	0.00e+00	0.00e+00	0.00e+00
 2.50895e+12	6.67e-44	2.45e-33	7.53e-24	8.43e-16	2.83e-09	9.95e-05	1.00e+00	0.00e+00	0.00e+00	0.00e+00	0.00e+00	0.00e+00
 2.63924e+12	0.00e+00	3.54e-33	1.02e-23	1.07e-15	3.34e-09	1.09e-04	1.00e+00	0.00e+00	0.00e+00	0.00e+00	0.00e+00	0.00e+00
 2.77473e+12	1.58e-43	5.10e-33	1.38e-23	1.35e-15	3.94e-09	1.19e-04	1.00e+00	0.00e+00	0.00e+00	0.00e+00	0.00e+00	0.00e+00
 2.91565e+12	0.00e+00	7.34e-33	1.86e-23	1.71e-15	4.64e-09	1.30e-04	1.00e+00	0.00e+00	0.00e+00	0.00e+00	0.00e+00	0.00e+00
 3.06220e+12	3.74e-43	1.05e-32	2.51e-23	2.17e-15	5.47e-09	1.41e-04	1.00e+00	0.00e+00	0.00e+00	0.00e+00	0.00e+00	0.00e+00
 3.21461e+12	0.00e+00	1.51e-32	3.39e-23	2.74e-15	6.45e-09	1.54e-04	1.00e+00	0.00e+00	0.00e+00	0.00e+00	0.00e+00	0.00e+00
 3.37313e+12	8.77e-43	2.17e-32	4.57e-23	3.47e-15	7.60e-09	1.69e-04	1.00e+00	0.00e+00	0.00e+00	0.00e+00	0.00e+00	0.00e+00
 3.53798e+12	0.00e+00	3.11e-32	6.16e-23	4.39e-15	8.96e-09	1.84e-04	1.00e+00	0.00e+00	0.00e+00	0.00e+00	0.00e+00	0.00e+00
 3.70942e+12	2.04e-42	4.45e-32	8.29e-23	5.55e-15	1.06e-08	2.01e-04	1.00e+00	0.00e+00	0.00e+00	0.00e+00	0.00e+00	0.00e+00
 3.88773e+12	0.00e+00	6.37e-32	1.12e-22	7.02e-15	1.24e-08	2.20e-04	1.00e+00	0.00e+00	0.00e+00	0.00e+00	0.00e+00	0.00e+00
 4.07316e+12	4.72e-42	9.09e-32	1.50e-22	8.87e-15	1.46e-08	2.40e-04	1.00e+00	0.00e+00	0.00e+00	0.00e+00	0.00e+00	0.00e+00
 4.26602e+12	0.00e+00	1.30e-31	2.02e-22	1.12e-14	1.72e-08	2.63e-04	1.00e+00	0.00e+00	0.00e+00	0.00e+00	0.00e+00	0.00e+00
 4.46658e+12	1.09e-41	1.85e-31	2.71e-22	1.42e-14	2.03e-08	2.87e-04	1.00e+00	0.00e+00	0.00e+00	0.00e+00	0.00e+00	0.00e+00
 4.67517e+12	0.00e+00	2.63e-31	3.64e-22	1.79e-14	2.39e-08	3.13e-04	1.00e+00	0.00e+00	0.00e+00	0.00e+00	0.00e+00	0.00e+00
 4.89211e+12	2.48e-41	3.74e-31	4.89e-22	2.26e-14	2.81e-08	3.43e-04	1.00e+00	0.00e+00	0.00e+00	0.00e+00	0.00e+00	0.00e+00
 5.11772e+12	0.00e+00	5.32e-31	6.57e-22	2.85e-14	3.31e-08	3.74e-04	1.00e+00	0.00e+00	0.00e+00	0.00e+00	0.00e+00	0.00e+00
 5.35235e+12	5.65e-41	7.55e-31	8.81e-22	3.60e-14	3.89e-08	4.09e-04	1.00e+00	0.00e+00	0.00e+00	0.00e+00	0.00e+00	0.00e+00
 5.59638e+12	0.00e+00	1.07e-30	1.18e-21	4.55e-14	4.57e-08	4.47e-04	1.00e+00	0.00e+00	0.00e+00	0.00e+00	0.00e+00	0.00e+00
 5.85016e+12	1.28e-40	1.52e-30	1.58e-21	5.74e-14	5.37e-08	4.88e-04	1.00e+00	0.00e+00	0.00e+00	0.00e+00	0.00e+00	0.00e+00
 6.11409e+12	0.00e+00	2.15e-30	2.12e-21	7.25e-14	6.32e-08	5.34e-04	9.99e-01	0.00e+00	0.00e+00	0.00e+00	0.00e+00	0.00e+00
 6.38858e+12	2.87e-40	3.05e-30	2.84e-21	9.15e-14	7.42e-08	5.83e-04	9.99e-01	0.00e+00	0.00e+00	0.00e+00	0.00e+00	0.00e+00
 6.67405e+12	0.00e+00	4.31e-30	3.80e-21	1.15e-13	8.72e-08	6.37e-04	9.99e-01	0.00e+00	0.00e+00	0.00e+00	0.00e+00	0.00e+00
 6.97094e+12	6.44e-40	6.09e-30	5.09e-21	1.46e-13	1.02e-07	6.96e-04	9.99e-01	0.00e+00	0.00e+00	0.00e+00	0.00e+00	0.00e+00
 7.27970e+12	0.00e+00	8.62e-30	6.82e-21	1.84e-13	1.20e-07	7.60e-04	9.99e-01	0.00e+00	0.00e+00	0.00e+00	0.00e+00	0.00e+00
 7.60082e+12	1.44e-39	1.22e-29	9.12e-21	2.32e-13	1.41e-07	8.31e-04	9.99e-01	0.00e+00	0.00e+00	0.00e+00	0.00e+00	0.00e+00
 7.93478e+12	0.00e+00	1.72e-29	1.22e-20	2.92e-13	1.66e-07	9.07e-04	9.99e-01	0.00e+00	0.00e+00	0.00e+00	0.00e+00	0.00e+00
 8.28210e+12	3.21e-39	2.43e-29	1.63e-20	3.69e-13	1.94e-07	9.91e-04	9.99e-01	0.00e+00	0.00e+00	0.00e+00	0.00e+00	0.00e+00
 8.64331e+12	0.00e+00	3.43e-29	2.19e-20	4.65e-13	2.28e-07	1.08e-03	9.99e-01	0.00e+00	0.00e+00	0.00e+00	0.00e+00	0.00e+00
 9.01897e+12	7.14e-39	4.85e-29	2.93e-20	5.87e-13	2.67e-07	1.18e-03	9.99e-01	0.00e+00	0.00e+00	0.00e+00	0.00e+00	0.00e+00
 9.40965e+12	0.00e+00	6.85e-29	3.92e-20	7.41e-13	3.13e-07	1.29e-03	9.99e-01	0.00e+00	0.00e+00	0.00e+00	0.00e+00	0.00e+00
 9.81596e+12	1.59e-38	9.69e-29	5.25e-20	9.35e-13	3.67e-07	1.41e-03	9.99e-01	0.00e+00	0.00e+00	0.00e+00	0.00e+00	0.00e+00
 1.02385e+13	0.00e+00	1.37e-28	7.03e-20	1.18e-12	4.30e-07	1.54e-03	9.98e-01	0.00e+00	0.00e+00	0.00e+00	0.00e+00	0.00e+00
 1.06780e+13	3.54e-38	1.94e-28	9.43e-20	1.49e-12	5.03e-07	1.68e-03	9.98e-01	0.00e+00	0.00e+00	0.00e+00	0.00e+00	0.00e+00
 1.11350e+13	0.00e+00	2.74e-28	1.26e-19	1.88e-12	5.90e-07	1.83e-03	9.98e-01	0.00e+00	0.00e+00	0.00e+00	0.00e+00	0.00e+00
 1.16104e+13	7.89e-38	3.88e-28	1.69e-19	2.37e-12	6.90e-07	2.00e-03	9.98e-01	0.00e+00	0.00e+00	0.00e+00	0.00e+00	0.00e+00
 1.21047e+13	0.00e+00	5.50e-28	2.27e-19	2.99e-12	8.08e-07	2.18e-03	9.98e-01	0.00e+00	0.00e+00	0.00e+00	0.00e+00	0.00e+00
 1.26188e+13	1.76e-37	7.80e-28	3.05e-19	3.77e-12	9.46e-07	2.38e-03	9.98e-01	0.00e+00	0.00e+00	0.00e+00	0.00e+00	0.00e+00
 1.31535e+13	0.00e+00	1.11e-27	4.09e-19	4.76e-12	1.11e-06	2.60e-03	9.97e-01	0.00e+00	0.00e+00	0.00e+00	0.00e+00	0.00e+00
 1.37096e+13	3.95e-37	1.57e-27	5.50e-19	6.01e-12	1.30e-06	2.83e-03	9.97e-01	0.00e+00	0.00e+00	0.00e+00	0.00e+00	0.00e+00
 1.42639e+13	0.00e+00	2.20e-27	7.30e-19	7.51e-12	1.51e-06	3.08e-03	9.97e-01	0.00e+00	0.00e+00	0.00e+00	0.00e+00	0.00e+00
 1.48405e+13	8.61e-37	3.08e-27	9.70e-19	9.40e-12	1.75e-06	3.34e-03	9.97e-01	0.00e+00	0.00e+00	0.00e+00	0.00e+00	0.00e+00
 1.54640e+13	0.00e+00	4.38e-27	1.30e-18	1.19e-11	2.05e-06	3.65e-03	9.96e-01	0.00e+00	0.00e+00	0.00e+00	0.00e+00	0.00e+00
 1.61125e+13	1.94e-36	6.25e-27	1.76e-18	1.50e-11	2.39e-06	3.97e-03	9.96e-01	0.00e+00	0.00e+00	0.00e+00	0.00e+00	0.00e+00
 1.67870e+13	0.00e+00	8.91e-27	2.36e-18	1.89e-11	2.80e-06	4.33e-03	9.96e-01	0.00e+00	0.00e+00	0.00e+00	0.00e+00	0.00e+00
 1.74884e+13	4.39e-36	1.27e-26	3.18e-18	2.39e-11	3.27e-06	4.72e-03	9.95e-01	0.00e+00	0.00e+00	0.00e+00	0.00e+00	0.00e+00
 1.82178e+13	0.00e+00	1.81e-26	4.29e-18	3.01e-11	3.82e-06	5.14e-03	9.95e-01	0.00e+00	0.00e+00	0.00e+00	0.00e+00	0.00e+00
 1.89765e+13	9.98e-36	2.59e-26	5.78e-18	3.81e-11	4.47e-06	5.60e-03	9.94e-01	0.00e+00	0.00e+00	0.00e+00	0.00e+00	0.00e+00
 1.97654e+13	0.00e+00	3.70e-26	7.79e-18	4.81e-11	5.22e-06	6.10e-03	9.94e-01	0.00e+00	0.00e+00	0.00e+00	0.00e+00	0.00e+00
 2.05860e+13	2.27e-35	5.30e-26	1.05e-17	6.07e-11	6.10e-06	6.64e-03	9.93e-01	0.00e+00	0.00e+00	0.00e+00	0.00e+00	0.00e+00
 2.14394e+13	0.00e+00	7.57e-26	1.42e-17	7.67e-11	7.13e-06	7.23e-03	9.93e-01	0.00e+00	0.00e+00	0.00e+00	0.00e+00	0.00e+00
 2.23269e+13	5.18e-35	1.09e-25	1.92e-17	9.68e-11	8.33e-06	7.87e-03	9.92e-01	0.00e+00	0.00e+00	0.00e+00	0.00e+00	0.00e+00
 2.32499e+13	7.81e-35	1.55e-25	2.59e-17	1.22e-10	9.73e-06	8.57e-03	9.91e-01	0.00e+00	0.00e+00	0.00e+00	0.00e+00	0.00e+00
 2.42098e+13	1.18e-34	2.23e-25	3.49e-17	1.54e-10	1.14e-05	9.33e-03	9.91e-01	0.00e+00	0.00e+00	0.00e+00	0.00e+00	0.00e+00
 2.52081e+13	1.79e-34	3.19e-25	4.72e-17	1.95e-10	1.33e-05	1.02e-02	9.90e-01	0.00e+00	0.00e+00	0.00e+00	0.00e+00	0.00e+00
 2.62463e+13	2.71e-34	4.59e-25	6.38e-17	2.46e-10	1.55e-05	1.11e-02	9.89e-01	0.00e+00	0.00e+00	0.00e+00	0.00e+00	0.00e+00
 2.73261e+13	4.09e-34	6.58e-25	8.62e-17	3.11e-10	1.81e-05	1.20e-02	9.88e-01	0.00e+00	0.00e+00	0.00e+00	0.00e+00	0.00e+00
 2.84491e+13	6.20e-34	9.47e-25	1.17e-16	3.93e-10	2.11e-05	1.31e-02	9.87e-01	0.00e+00	0.00e+00	0.00e+00	0.00e+00	0.00e+00
 2.96170e+13	9.35e-34	1.36e-24	1.58e-16	4.97e-10	2.46e-05	1.42e-02	9.86e-01	0.00e+00	0.00e+00	0.00e+00	0.00e+00	0.00e+00
 3.08316e+13	1.42e-33	1.96e-24	2.14e-16	6.27e-10	2.88e-05	1.55e-02	9.84e-01	0.00e+00	0.00e+00	0.00e+00	0.00e+00	0.00e+00
 3.20948e+13	2.15e-33	2.81e-24	2.89e-16	7.92e-10	3.36e-05	1.69e-02	9.83e-01	0.00e+00	0.00e+00	0.00e+00	0.00e+00	0.00e+00
 3.34085e+13	3.26e-33	4.05e-24	3.92e-16	1.00e-09	3.92e-05	1.83e-02	9.82e-01	0.00e+00	0.00e+00	0.00e+00	0.00e+00	0.00e+00
 3.47748e+13	4.93e-33	5.83e-24	5.30e-16	1.26e-09	4.57e-05	2.00e-02	9.80e-01	0.00e+00	0.00e+00	0.00e+00	0.00e+00	0.00e+00
 3.61957e+13	7.49e-33	8.41e-24	7.19e-16	1.60e-09	5.33e-05	2.17e-02	9.78e-01	0.00e+00	0.00e+00	0.00e+00	0.00e+00	0.00e+00
 3.76734e+13	1.13e-32	1.21e-23	9.74e-16	2.02e-09	6.21e-05	2.36e-02	9.76e-01	0.00e+00	0.00e+00	0.00e+00	0.00e+00	0.00e+00
 3.92103e+13	1.72e-32	1.75e-23	1.32e-15	2.55e-09	7.24e-05	2.56e-02	9.74e-01	0.00e+00	0.00e+00	0.00e+00	0.00e+00	0.00e+00
 4.08087e+13	2.61e-32	2.52e-23	1.79e-15	3.21e-09	8.44e-05	2.79e-02	9.72e-01	0.00e+00	0.00e+00	0.00e+00	0.00e+00	0.00e+00
 4.24709e+13	3.98e-32	3.65e-23	2.43e-15	4.06e-09	9.84e-05	3.03e-02	9.70e-01	0.00e+00	0.00e+00	0.00e+00	0.00e+00	0.00e+00
 4.41997e+13	6.03e-32	5.27e-23	3.30e-15	5.13e-09	1.15e-04	3.29e-02	9.67e-01	0.00e+00	0.00e+00	0.00e+00	0.00e+00	0.00e+00
 4.59976e+13	9.20e-32	7.65e-23	4.48e-15	6.47e-09	1.33e-04	3.58e-02	9.64e-01	0.00e+00	0.00e+00	0.00e+00	0.00e+00	0.00e+00
 4.78674e+13	1.40e-31	1.11e-22	6.09e-15	8.17e-09	1.55e-04	3.88e-02	9.61e-01	0.00e+00	0.00e+00	0.00e+00	0.00e+00	0.00e+00
 4.98121e+13	2.14e-31	1.60e-22	8.27e-15	1.03e-08	1.81e-04	4.22e-02	9.58e-01	0.00e+00	0.00e+00	0.00e+00	0.00e+00	0.00e+00
 5.18345e+13	3.24e-31	2.32e-22	1.12e-14	1.30e-08	2.11e-04	4.58e-02	9.54e-01	0.00e+00	0.00e+00	0.00e+00	0.00e+00	0.00e+00
 5.39378e+13	4.96e-31	3.38e-22	1.53e-14	1.64e-08	2.45e-04	4.97e-02	9.50e-01	0.00e+00	0.00e+00	0.00e+00	0.00e+00	0.00e+00
 5.61252e+13	7.52e-31	4.89e-22	2.08e-14	2.07e-08	2.85e-04	5.39e-02	9.46e-01	0.00e+00	0.00e+00	0.00e+00	0.00e+00	0.00e+00
 5.84001e+13	1.15e-30	7.12e-22	2.82e-14	2.61e-08	3.32e-04	5.84e-02	9.41e-01	0.00e+00	0.00e+00	0.00e+00	0.00e+00	0.00e+00
 6.07661e+13	1.75e-30	1.03e-21	3.84e-14	3.30e-08	3.86e-04	6.34e-02	9.36e-01	0.00e+00	0.00e+00	0.00e+00	0.00e+00	0.00e+00
 6.32266e+13	2.68e-30	1.50e-21	5.22e-14	4.16e-08	4.49e-04	6.87e-02	9.31e-01	0.00e+00	0.00e+00	0.00e+00	0.00e+00	0.00e+00
 6.57856e+13	4.07e-30	2.18e-21	7.11e-14	5.24e-08	5.21e-04	7.45e-02	9.25e-01	0.00e+00	0.00e+00	0.00e+00	0.00e+00	0.00e+00
 6.84470e+13	6.23e-30	3.18e-21	9.68e-14	6.60e-08	6.05e-04	8.06e-02	9.19e-01	0.00e+00	0.00e+00	0.00e+00	0.00e+00	0.00e+00
 7.12148e+13	9.50e-30	4.64e-21	1.32e-13	8.32e-08	7.03e-04	8.73e-02	9.12e-01	0.00e+00	0.00e+00	0.00e+00	0.00e+00	0.00e+00
 7.40933e+13	1.45e-29	6.76e-21	1.79e-13	1.05e-07	8.15e-04	9.45e-02	9.05e-01	0.00e+00	0.00e+00	0.00e+00	0.00e+00	0.00e+00
 7.70870e+13	2.22e-29	9.83e-21	2.44e-13	1.32e-07	9.46e-04	1.02e-01	8.97e-01	0.00e+00	0.00e+00	0.00e+00	0.00e+00	0.00e+00
 8.02004e+13	3.39e-29	1.43e-20	3.32e-13	1.66e-07	1.10e-03	1.10e-01	8.88e-01	0.00e+00	0.00e+00	0.00e+00	0.00e+00	0.00e+00
 8.31872e+13	5.03e-29	2.04e-20	4.42e-13	2.05e-07	1.26e-03	1.19e-01	8.80e-01	0.00e+00	0.00e+00	0.00e+00	0.00e+00	0.00e+00
 8.59482e+13	7.16e-29	2.79e-20	5.70e-13	2.48e-07	1.42e-03	1.26e-01	8.72e-01	0.00e+00	0.00e+00	0.00e+00	0.00e+00	0.00e+00
 8.90708e+13	1.05e-28	3.92e-20	7.53e-13	3.05e-07	1.62e-03	1.35e-01	8.63e-01	0.00e+00	0.00e+00	0.00e+00	0.00e+00	0.00e+00
 9.26635e+13	1.60e-28	5.71e-20	1.02e-12	3.83e-07	1.87e-03	1.46e-01	8.52e-01	0.00e+00	0.00e+00	0.00e+00	0.00e+00	0.00e+00
 9.61909e+13	2.41e-28	8.19e-20	1.37e-12	4.75e-07	2.14e-03	1.56e-01	8.42e-01	0.00e+00	0.00e+00	0.00e+00	0.00e+00	0.00e+00
 9.95792e+13	3.51e-28	1.14e-19	1.79e-12	5.79e-07	2.43e-03	1.67e-01	8.31e-01	0.00e+00	0.00e+00	0.00e+00	0.00e+00	0.00e+00
 1.03312e+14	5.19e-28	1.62e-19	2.39e-12	7.15e-07	2.78e-03	1.78e-01	8.19e-01	0.00e+00	0.00e+00	0.00e+00	0.00e+00	0.00e+00
 1.07475e+14	8.02e-28	2.37e-19	3.25e-12	8.95e-07	3.20e-03	1.91e-01	8.06e-01	0.00e+00	0.00e+00	0.00e+00	0.00e+00	0.00e+00
 1.11689e+14	1.21e-27	3.42e-19	4.37e-12	1.11e-06	3.67e-03	2.05e-01	7.92e-01	0.00e+00	0.00e+00	0.00e+00	0.00e+00	0.00e+00
 1.16072e+14	1.84e-27	4.94e-19	5.89e-12	1.38e-06	4.21e-03	2.19e-01	7.77e-01	0.00e+00	0.00e+00	0.00e+00	0.00e+00	0.00e+00
 1.20745e+14	2.82e-27	7.20e-19	8.00e-12	1.73e-06	4.84e-03	2.34e-01	7.61e-01	0.00e+00	0.00e+00	0.00e+00	0.00e+00	0.00e+00
 1.25604e+14	4.34e-27	1.05e-18	1.08e-11	2.16e-06	5.55e-03	2.50e-01	7.45e-01	0.00e+00	0.00e+00	0.00e+00	0.00e+00	0.00e+00
 1.30658e+14	6.65e-27	1.53e-18	1.47e-11	2.69e-06	6.36e-03	2.67e-01	7.27e-01	0.00e+00	0.00e+00	0.00e+00	0.00e+00	0.00e+00
 1.35915e+14	1.02e-26	2.22e-18	1.99e-11	3.35e-06	7.28e-03	2.84e-01	7.09e-01	0.00e+00	0.00e+00	0.00e+00	0.00e+00	0.00e+00
 1.41381e+14	1.57e-26	3.23e-18	2.69e-11	4.16e-06	8.32e-03	3.02e-01	6.90e-01	0.00e+00	0.00e+00	0.00e+00	0.00e+00	0.00e+00
 1.47066e+14	2.40e-26	4.70e-18	3.63e-11	5.17e-06	9.50e-03	3.20e-01	6.70e-01	0.00e+00	0.00e+00	0.00e+00	0.00e+00	0.00e+00
 1.52979e+14	3.68e-26	6.81e-18	4.89e-11	6.40e-06	1.08e-02	3.39e-01	6.50e-01	0.00e+00	0.00e+00	0.00e+00	0.00e+00	0.00e+00
 1.59128e+14	5.65e-26	9.86e-18	6.59e-11	7.92e-06	1.23e-02	3.58e-01	6.29e-01	0.00e+00	0.00e+00	0.00e+00	0.00e+00	0.00e+00
 1.65523e+14	8.65e-26	1.42e-17	8.86e-11	9.79e-06	1.40e-02	3.78e-01	6.08e-01	0.00e+00	0.00e+00	0.00e+00	0.00e+00	0.00e+00
 1.72174e+14	1.32e-25	2.05e-17	1.19e-10	1.21e-05	1.59e-02	3.98e-01	5.86e-01	0.00e+00	0.00e+00	0.00e+00	0.00e+00	0.00e+00
 1.79091e+14	2.03e-25	2.95e-17	1.59e-10	1.49e-05	1.79e-02	4.18e-01	5.64e-01	0.00e+00	0.00e+00	0.00e+00	0.00e+00	0.00e+00
 1.86284e+14	3.09e-25	4.24e-17	2.13e-10	1.82e-05	2.03e-02	4.38e-01	5.42e-01	0.00e+00	0.00e+00	0.00e+00	0.00e+00	0.00e+00
 1.93766e+14	4.72e-25	6.07e-17	2.84e-10	2.24e-05	2.28e-02	4.58e-01	5.19e-01	0.00e+00	0.00e+00	0.00e+00	0.00e+00	0.00e+00
 2.01546e+14	7.19e-25	8.68e-17	3.79e-10	2.74e-05	2.57e-02	4.78e-01	4.97e-01	0.00e+00	0.00e+00	0.00e+00	0.00e+00	0.00e+00
 2.09638e+14	1.11e-24	1.25e-16	5.02e-10	3.34e-05	2.88e-02	4.97e-01	4.74e-01	0.00e+00	0.00e+00	0.00e+00	0.00e+00	0.00e+00
 2.18054e+14	1.65e-24	1.75e-16	6.65e-10	4.07e-05	3.23e-02	5.16e-01	4.52e-01	0.00e+00	0.00e+00	0.00e+00	0.00e+00	0.00e+00
 2.26806e+14	2.55e-24	2.50e-16	8.78e-10	4.94e-05	3.61e-02	5.34e-01	4.29e-01	0.00e+00	0.00e+00	0.00e+00	0.00e+00	0.00e+00
 2.35908e+14	3.84e-24	3.53e-16	1.16e-09	5.99e-05	4.03e-02	5.52e-01	4.07e-01	0.00e+00	0.00e+00	0.00e+00	0.00e+00	0.00e+00
 2.45374e+14	5.78e-24	4.96e-16	1.52e-09	7.24e-05	4.49e-02	5.69e-01	3.86e-01	0.00e+00	0.00e+00	0.00e+00	0.00e+00	0.00e+00
 2.55219e+14	8.66e-24	6.94e-16	2.00e-09	8.74e-05	4.99e-02	5.86e-01	3.64e-01	0.00e+00	0.00e+00	0.00e+00	0.00e+00	0.00e+00
 2.65458e+14	1.30e-23	9.68e-16	2.61e-09	1.05e-04	5.53e-02	6.01e-01	3.44e-01	0.00e+00	0.00e+00	0.00e+00	0.00e+00	0.00e+00
 2.76106e+14	1.93e-23	1.35e-15	3.40e-09	1.26e-04	6.12e-02	6.15e-01	3.24e-01	0.00e+00	0.00e+00	0.00e+00	0.00e+00	0.00e+00
 2.87180e+14	2.87e-23	1.87e-15	4.43e-09	1.51e-04	6.76e-02	6.28e-01	3.04e-01	0.00e+00	0.00e+00	0.00e+00	0.00e+00	0.00e+00
 2.98353e+14	4.21e-23	2.56e-15	5.71e-09	1.80e-04	7.43e-02	6.40e-01	2.85e-01	0.00e+00	0.00e+00	0.00e+00	0.00e+00	0.00e+00
 3.09973e+14	6.15e-23	3.49e-15	7.35e-09	2.14e-04	8.15e-02	6.51e-01	2.67e-01	0.00e+00	0.00e+00	0.00e+00	0.00e+00	0.00e+00
 3.22402e+14	9.07e-23	4.80e-15	9.49e-09	2.55e-04	8.94e-02	6.61e-01	2.50e-01	0.00e+00	0.00e+00	0.00e+00	0.00e+00	0.00e+00
 3.35328e+14	1.33e-22	6.58e-15	1.22e-08	3.02e-04	9.79e-02	6.69e-01	2.33e-01	0.00e+00	0.00e+00	0.00e+00	0.00e+00	0.00e+00
 3.48771e+14	1.96e-22	9.00e-15	1.58e-08	3.59e-04	1.07e-01	6.76e-01	2.16e-01	0.00e+00	0.00e+00	0.00e+00	0.00e+00	0.00e+00
 3.62752e+14	2.87e-22	1.23e-14	2.02e-08	4.24e-04	1.17e-01	6.82e-01	2.01e-01	0.00e+00	0.00e+00	0.00e+00	0.00e+00	0.00e+00
 3.77292e+14	4.18e-22	1.67e-14	2.59e-08	5.01e-04	1.27e-01	6.87e-01	1.86e-01	0.00e+00	0.00e+00	0.00e+00	0.00e+00	0.00e+00
 3.92413e+14	6.09e-22	2.27e-14	3.32e-08	5.91e-04	1.38e-01	6.90e-01	1.72e-01	0.00e+00	0.00e+00	0.00e+00	0.00e+00	0.00e+00
 4.07057e+14	8.38e-22	2.94e-14	4.16e-08	6.86e-04	1.49e-01	6.91e-01	1.59e-01	0.00e+00	0.00e+00	0.00e+00	0.00e+00	0.00e+00
 4.20880e+14	1.18e-21	3.87e-14	5.10e-08	7.86e-04	1.59e-01	6.91e-01	1.49e-01	0.00e+00	0.00e+00	0.00e+00	0.00e+00	0.00e+00
 4.36338e+14	1.61e-21	5.01e-14	6.37e-08	9.10e-04	1.71e-01	6.91e-01	1.38e-01	0.00e+00	0.00e+00	0.00e+00	0.00e+00	0.00e+00
 4.53821e+14	2.34e-21	6.75e-14	8.07e-08	1.06e-03	1.84e-01	6.88e-01	1.26e-01	0.00e+00	0.00e+00	0.00e+00	0.00e+00	0.00e+00
 4.71260e+14	3.38e-21	9.08e-14	1.01e-07	1.23e-03	1.98e-01	6.85e-01	1.16e-01	0.00e+00	0.00e+00	0.00e+00	0.00e+00	0.00e+00
 4.89395e+14	4.78e-21	1.20e-13	1.27e-07	1.43e-03	2.12e-01	6.80e-01	1.07e-01	0.00e+00	0.00e+00	0.00e+00	0.00e+00	0.00e+00
 5.09001e+14	6.86e-21	1.61e-13	1.59e-07	1.66e-03	2.27e-01	6.74e-01	9.73e-02	0.00e+00	0.00e+00	0.00e+00	0.00e+00	0.00e+00
 5.28979e+14	9.74e-21	2.13e-13	2.00e-07	1.92e-03	2.43e-01	6.67e-01	8.88e-02	0.00e+00	0.00e+00	0.00e+00	0.00e+00	0.00e+00
 5.49757e+14	1.38e-20	2.82e-13	2.49e-07	2.21e-03	2.59e-01	6.58e-01	8.09e-02	0.00e+00	0.00e+00	0.00e+00	0.00e+00	0.00e+00
 5.71777e+14	1.93e-20	3.69e-13	3.12e-07	2.55e-03	2.76e-01	6.48e-01	7.34e-02	0.00e+00	0.00e+00	0.00e+00	0.00e+00	0.00e+00
 5.94678e+14	2.80e-20	4.96e-13	3.89e-07	2.94e-03	2.93e-01	6.37e-01	6.66e-02	0.00e+00	0.00e+00	0.00e+00	0.00e+00	0.00e+00
 6.18495e+14	3.90e-20	6.48e-13	4.86e-07	3.38e-03	3.11e-01	6.25e-01	6.01e-02	0.00e+00	0.00e+00	0.00e+00	0.00e+00	0.00e+00
 6.43265e+14	5.53e-20	8.55e-13	6.04e-07	3.88e-03	3.30e-01	6.12e-01	5.43e-02	0.00e+00	0.00e+00	0.00e+00	0.00e+00	0.00e+00
 6.69025e+14	7.87e-20	1.13e-12	7.48e-07	4.44e-03	3.49e-01	5.98e-01	4.89e-02	0.00e+00	0.00e+00	0.00e+00	0.00e+00	0.00e+00
 6.95816e+14	1.12e-19	1.50e-12	9.25e-07	5.07e-03	3.68e-01	5.83e-01	4.40e-02	0.00e+00	0.00e+00	0.00e+00	0.00e+00	0.00e+00
 7.23679e+14	1.58e-19	1.97e-12	1.14e-06	5.78e-03	3.88e-01	5.67e-01	3.95e-02	0.00e+00	0.00e+00	0.00e+00	0.00e+00	0.00e+00
 7.52656e+14	2.22e-19	2.58e-12	1.41e-06	6.58e-03	4.07e-01	5.51e-01	3.53e-02	0.00e+00	0.00e+00	0.00e+00	0.00e+00	0.00e+00
 7.82792e+14	3.13e-19	3.37e-12	1.73e-06	7.47e-03	4.27e-01	5.34e-01	3.16e-02	0.00e+00	0.00e+00	0.00e+00	0.00e+00	0.00e+00
 8.14133e+14	4.39e-19	4.40e-12	2.12e-06	8.46e-03	4.47e-01	5.16e-01	2.82e-02	0.00e+00	0.00e+00	0.00e+00	0.00e+00	0.00e+00
 8.46729e+14	6.15e-19	5.75e-12	2.60e-06	9.57e-03	4.67e-01	4.98e-01	2.51e-02	0.00e+00	0.00e+00	0.00e+00	0.00e+00	0.00e+00
 8.80628e+14	8.62e-19	7.49e-12	3.17e-06	1.08e-02	4.87e-01	4.80e-01	2.23e-02	0.00e+00	0.00e+00	0.00e+00	0.00e+00	0.00e+00
 9.15883e+14	1.19e-18	9.68e-12	3.87e-06	1.22e-02	5.07e-01	4.61e-01	1.97e-02	0.00e+00	0.00e+00	0.00e+00	0.00e+00	0.00e+00
 9.52548e+14	1.68e-18	1.26e-11	4.70e-06	1.37e-02	5.27e-01	4.42e-01	1.75e-02	0.00e+00	0.00e+00	0.00e+00	0.00e+00	0.00e+00
 9.90680e+14	2.34e-18	1.63e-11	5.70e-06	1.53e-02	5.46e-01	4.23e-01	1.54e-02	0.00e+00	0.00e+00	0.00e+00	0.00e+00	0.00e+00
 1.03034e+15	3.25e-18	2.11e-11	6.92e-06	1.72e-02	5.65e-01	4.04e-01	1.36e-02	0.00e+00	0.00e+00	0.00e+00	0.00e+00	0.00e+00
 1.07158e+15	4.55e-18	2.75e-11	8.35e-06	1.92e-02	5.83e-01	3.86e-01	1.19e-02	0.00e+00	0.00e+00	0.00e+00	0.00e+00	0.00e+00
 1.11447e+15	6.29e-18	3.53e-11	1.01e-05	2.14e-02	6.01e-01	3.67e-01	1.05e-02	0.00e+00	0.00e+00	0.00e+00	0.00e+00	0.00e+00
 1.15908e+15	8.78e-18	4.57e-11	1.22e-05	2.38e-02	6.19e-01	3.48e-01	9.16e-03	0.00e+00	0.00e+00	0.00e+00	0.00e+00	0.00e+00
 1.20548e+15	1.22e-17	5.90e-11	1.46e-05	2.64e-02	6.35e-01	3.30e-01	8.01e-03	0.00e+00	0.00e+00	0.00e+00	0.00e+00	0.00e+00
 1.25372e+15	1.68e-17	7.54e-11	1.75e-05	2.93e-02	6.51e-01	3.13e-01	6.99e-03	0.00e+00	0.00e+00	0.00e+00	0.00e+00	0.00e+00
 1.30221e+15	2.32e-17	9.67e-11	2.09e-05	3.24e-02	6.66e-01	2.96e-01	6.10e-03	0.00e+00	0.00e+00	1.31e-17	7.19e-18	2.89e-18
 1.35264e+15	3.20e-17	1.23e-10	2.48e-05	3.57e-02	6.80e-01	2.79e-01	5.33e-03	0.00e+00	0.00e+00	1.79e-17	1.04e-17	3.64e-18
 1.40678e+15	4.36e-17	1.57e-10	2.96e-05	3.93e-02	6.93e-01	2.63e-01	4.62e-03	0.00e+00	0.00e+00	2.44e-17	1.42e-17	4.97e-18
 1.46308e+15	6.08e-17	2.02e-10	3.54e-05	4.34e-02	7.06e-01	2.47e-01	3.99e-03	0.00e+00	0.00e+00	3.41e-17	1.97e-17	6.93e-18
 1.52163e+15	8.44e-17	2.60e-10	4.21e-05	4.77e-02	7.18e-01	2.31e-01	3.45e-03	0.00e+00	0.00e+00	4.73e-17	2.73e-17	9.62e-18
 1.58252e+15	1.15e-16	3.29e-10	5.00e-05	5.24e-02	7.28e-01	2.16e-01	2.98e-03	0.00e+00	0.00e+00	6.44e-17	3.69e-17	1.31e-17
 1.64585e+15	1.60e-16	4.24e-10	5.96e-05	5.76e-02	7.38e-01	2.02e-01	2.55e-03	0.00e+00	0.00e+00	9.00e-17	5.15e-17	1.83e-17
 1.70613e+15	2.16e-16	5.30e-10	6.95e-05	6.25e-02	7.46e-01	1.90e-01	2.22e-03	0.00e+00	0.00e+00	1.21e-16	6.91e-17	2.46e-17
 1.76168e+15	2.76e-16	6.40e-10	7.97e-05	6.72e-02	7.52e-01	1.79e-01	1.96e-03	0.00e+00	0.00e+00	1.55e-16	8.82e-17	3.14e-17
 1.82504e+15	3.72e-16	8.02e-10	9.29e-05	7.29e-02	7.58e-01	1.67e-01	1.70e-03	0.00e+00	0.00e+00	2.09e-16	1.19e-16	4.23e-17
 1.89807e+15	5.13e-16	1.02e-09	1.09e-04	7.94e-02	7.64e-01	1.55e-01	1.45e-03	0.00e+00	0.00e+00	2.90e-16	1.63e-16	5.84e-17
 1.96959e+15	6.79e-16	1.27e-09	1.28e-04	8.61e-02	7.68e-01	1.45e-01	1.25e-03	0.00e+00	0.00e+00	3.83e-16	2.16e-16	7.73e-17
 2.03795e+15	9.07e-16	1.57e-09	1.48e-04	9.27e-02	7.71e-01	1.35e-01	1.09e-03	0.00e+00	0.00e+00	5.13e-16	2.88e-16	1.03e-16
 2.11350e+15	1.22e-15	1.97e-09	1.71e-04	1.00e-01	7.73e-01	1.25e-01	9.34e-04	0.00e+00	0.00e+00	6.92e-16	3.86e-16	1.39e-16
 2.19807e+15	1.64e-15	2.46e-09	2.01e-04	1.09e-01	7.75e-01	1.16e-01	7.92e-04	0.00e+00	0.00e+00	9.29e-16	5.17e-16	1.86e-16
 2.28294e+15	2.26e-15	3.13e-09	2.36e-04	1.18e-01	7.75e-01	1.07e-01	6.73e-04	0.00e+00	0.00e+00	1.28e-15	7.11e-16	2.56e-16
 2.37122e+15	3.08e-15	3.93e-09	2.74e-04	1.27e-01	7.74e-01	9.83e-02	5.72e-04	0.00e+00	0.00e+00	1.75e-15	9.65e-16	3.48e-16
 2.46610e+15	4.11e-15	4.89e-09	3.20e-04	1.37e-01	7.72e-01	9.02e-02	4.82e-04	0.00e+00	0.00e+00	2.34e-15	1.29e-15	4.65e-16
 2.56477e+15	5.72e-15	6.26e-09	3.76e-04	1.48e-01	7.69e-01	8.25e-02	4.04e-04	0.00e+00	0.00e+00	3.26e-15	1.79e-15	6.45e-16
 2.65906e+15	7.66e-15	7.77e-09	4.33e-04	1.59e-01	7.65e-01	7.59e-02	3.44e-04	0.00e+00	0.00e+00	4.37e-15	2.38e-15	8.62e-16
 2.74575e+15	9.84e-15	9.37e-09	4.92e-04	1.69e-01	7.60e-01	7.04e-02	2.97e-04	0.00e+00	0.00e+00	5.62e-15	3.06e-15	1.11e-15
 2.84399e+15	1.30e-14	1.15e-08	5.63e-04	1.80e-01	7.55e-01	6.47e-02	2.53e-04	0.00e+00	0.00e+00	7.46e-15	4.05e-15	1.46e-15
 2.95501e+15	1.72e-14	1.42e-08	6.52e-04	1.93e-01	7.47e-01	5.90e-02	2.12e-04	0.00e+00	0.00e+00	9.86e-15	5.34e-15	1.93e-15
 3.06097e+15	2.32e-14	1.77e-08	7.50e-04	2.06e-01	7.39e-01	5.40e-02	1.79e-04	0.00e+00	0.00e+00	1.33e-14	7.19e-15	2.59e-15
 3.16066e+15	3.00e-14	2.14e-08	8.46e-04	2.18e-01	7.32e-01	4.97e-02	1.54e-04	0.00e+00	0.00e+00	1.72e-14	9.27e-15	3.34e-15
 3.27387e+15	3.87e-14	2.58e-08	9.66e-04	2.31e-01	7.22e-01	4.54e-02	1.30e-04	0.00e+00	0.00e+00	2.22e-14	1.19e-14	4.29e-15
 3.40139e+15	5.32e-14	3.26e-08	1.12e-03	2.47e-01	7.11e-01	4.10e-02	1.08e-04	0.00e+00	0.00e+00	3.05e-14	1.64e-14	5.90e-15
 3.52172e+15	7.02e-14	3.99e-08	1.27e-03	2.62e-01	7.00e-01	3.73e-02	9.06e-05	0.00e+00	0.00e+00	4.03e-14	2.16e-14	7.75e-15
 3.65010e+15	9.26e-14	4.90e-08	1.46e-03	2.78e-01	6.87e-01	3.38e-02	7.55e-05	0.00e+00	0.00e+00	5.32e-14	2.85e-14	1.02e-14
 3.79030e+15	1.25e-13	6.09e-08	1.67e-03	2.95e-01	6.73e-01	3.04e-02	6.24e-05	0.00e+00	0.00e+00	7.18e-14	3.84e-14	1.37e-14
 3.92207e+15	1.62e-13	7.38e-08	1.90e-03	3.12e-01	6.59e-01	2.75e-02	5.21e-05	0.00e+00	0.00e+00	9.34e-14	5.00e-14	1.78e-14
 4.06494e+15	2.16e-13	9.07e-08	2.16e-03	3.29e-01	6.44e-01	2.47e-02	4.32e-05	0.00e+00	0.00e+00	1.24e-13	6.63e-14	2.36e-14
 4.22189e+15	2.89e-13	1.12e-07	2.48e-03	3.48e-01	6.27e-01	2.20e-02	3.52e-05	0.00e+00	0.00e+00	1.66e-13	8.87e-14	3.14e-14
 4.36851e+15	3.78e-13	1.36e-07	2.80e-03	3.66e-01	6.11e-01	1.98e-02	2.93e-05	0.00e+00	0.00e+00	2.18e-13	1.16e-13	4.11e-14
 4.52666e+15	4.98e-13	1.67e-07	3.19e-03	3.85e-01	5.94e-01	1.77e-02	2.40e-05	0.00e+00	0.00e+00	2.87e-13	1.53e-13	5.39e-14
 4.70014e+15	6.69e-13	2.06e-07	3.64e-03	4.06e-01	5.75e-01	1.56e-02	1.94e-05	0.00e+00	0.00e+00	3.86e-13	2.05e-13	7.22e-14
 4.86180e+15	8.72e-13	2.49e-07	4.12e-03	4.25e-01	5.57e-01	1.39e-02	1.60e-05	0.00e+00	0.00e+00	5.03e-13	2.68e-13	9.38e-14
 5.03754e+15	1.15e-12	3.04e-07	4.66e-03	4.46e-01	5.37e-01	1.23e-02	1.30e-05	0.00e+00	0.00e+00	6.63e-13	3.53e-13	1.23e-13
 5.23081e+15	1.55e-12	3.78e-07	5.33e-03	4.68e-01	5.16e-01	1.08e-02	1.03e-05	0.00e+00	0.00e+00	8.97e-13	4.77e-13	1.66e-13
 5.41201e+15	1.98e-12	4.51e-07	6.00e-03	4.88e-01	4.97e-01	9.54e-03	8.42e-06	0.00e+00	0.00e+00	1.15e-12	6.09e-13	2.12e-13
 5.58531e+15	2.61e-12	5.48e-07	6.72e-03	5.07e-01	4.78e-01	8.47e-03	6.90e-06	0.00e+00	0.00e+00	1.51e-12	8.00e-13	2.78e-13
 5.78447e+15	3.47e-12	6.71e-07	7.61e-03	5.28e-01	4.57e-01	7.39e-03	5.51e-06	0.00e+00	0.00e+00	2.00e-12	1.06e-12	3.68e-13
 6.00254e+15	4.66e-12	8.28e-07	8.66e-03	5.51e-01	4.34e-01	6.39e-03	4.34e-06	0.00e+00	0.00e+00	2.70e-12	1.43e-12	4.93e-13
 6.21059e+15	6.17e-12	1.01e-06	9.77e-03	5.71e-01	4.13e-01	5.56e-03	3.46e-06	0.00e+00	0.00e+00	3.57e-12	1.89e-12	6.51e-13
 6.41117e+15	8.00e-12	1.22e-06	1.09e-02	5.90e-01	3.94e-01	4.86e-03	2.79e-06	0.00e+00	0.00e+00	4.63e-12	2.45e-12	8.42e-13
 6.63660e+15	1.06e-11	1.49e-06	1.24e-02	6.12e-01	3.72e-01	4.18e-03	2.18e-06	0.00e+00	0.00e+00	6.16e-12	3.26e-12	1.12e-12
 6.87732e+15	1.44e-11	1.84e-06	1.41e-02	6.33e-01	3.50e-01	3.57e-03	1.70e-06	0.00e+00	0.00e+00	8.31e-12	4.40e-12	1.51e-12
 7.08737e+15	1.79e-11	2.16e-06	1.56e-02	6.50e-01	3.31e-01	3.11e-03	1.37e-06	0.00e+00	0.00e+00	1.04e-11	5.49e-12	1.87e-12
 7.30989e+15	2.42e-11	2.67e-06	1.76e-02	6.69e-01	3.11e-01	2.67e-03	1.08e-06	0.00e+00	0.00e+00	1.40e-11	7.41e-12	2.53e-12
 7.55325e+15	3.23e-11	3.27e-06	1.98e-02	6.87e-01	2.91e-01	2.28e-03	8.40e-07	0.00e+00	0.00e+00	1.87e-11	9.88e-12	3.36e-12
 7.77912e+15	4.19e-11	3.94e-06	2.22e-02	7.03e-01	2.73e-01	1.96e-03	0.00e+00	0.00e+00	0.00e+00	2.43e-11	1.28e-11	4.36e-12
 7.99378e+15	5.40e-11	4.71e-06	2.47e-02	7.18e-01	2.56e-01	1.69e-03	0.00e+00	0.00e+00	0.00e+00	3.13e-11	1.65e-11	5.61e-12
 8.23844e+15	7.15e-11	5.76e-06	2.79e-02	7.33e-01	2.38e-01	1.43e-03	0.00e+00	0.00e+00	0.00e+00	4.15e-11	2.19e-11	7.42e-12
 8.51071e+15	9.78e-11	7.21e-06	3.19e-02	7.49e-01	2.18e-01	1.19e-03	0.00e+00	0.00e+00	0.00e+00	5.67e-11	3.00e-11	1.01e-11
 8.76148e+15	1.31e-10	8.88e-06	3.60e-02	7.62e-01	2.01e-01	1.00e-03	0.00e+00	0.00e+00	0.00e+00	7.59e-11	4.01e-11	1.35e-11
 8.98922e+15	1.62e-10	1.04e-05	4.03e-02	7.72e-01	1.86e-01	8.57e-04	0.00e+00	0.00e+00	0.00e+00	9.41e-11	4.97e-11	1.68e-11
 9.24441e+15	2.30e-10	1.34e-05	4.61e-02	7.83e-01	1.70e-01	7.12e-04	0.00e+00	0.00e+00	0.00e+00	1.34e-10	7.06e-11	2.38e-11
 9.51126e+15	3.17e-10	1.69e-05	5.29e-02	7.92e-01	1.54e-01	5.87e-04	0.00e+00	0.00e+00	0.00e+00	1.84e-10	9.72e-11	3.27e-11
 9.74659e+15	3.97e-10	2.00e-05	6.00e-02	7.98e-01	1.41e-01	4.93e-04	0.00e+00	0.00e+00	0.00e+00	2.31e-10	1.22e-10	4.10e-11
 1.00058e+16	5.87e-10	2.66e-05	6.97e-02	8.04e-01	1.26e-01	4.02e-04	0.00e+00	0.00e+00	0.00e+00	3.41e-10	1.80e-10	6.06e-11
 1.02622e+16	8.18e-10	3.40e-05	8.09e-02	8.06e-01	1.13e-01	3.28e-04	0.00e+00	0.00e+00	0.00e+00	4.75e-10	2.51e-10	8.43e-11
 1.04675e+16	1.01e-09	4.01e-05	9.20e-02	8.05e-01	1.02e-01	2.76e-04	0.00e+00	0.00e+00	0.00e+00	5.87e-10	3.10e-10	1.04e-10
 1.06868e+16	1.48e-09	5.33e-05	1.07e-01	8.02e-01	9.12e-02	2.26e-04	0.00e+00	0.00e+00	0.00e+00	8.58e-10	4.54e-10	1.52e-10
 1.09053e+16	1.89e-09	6.48e-05	1.25e-01	7.94e-01	8.07e-02	1.84e-04	0.00e+00	0.00e+00	0.00e+00	1.10e-09	5.81e-10	1.95e-10
 1.10809e+16	2.71e-09	8.51e-05	1.43e-01	7.85e-01	7.21e-02	1.54e-04	0.00e+00	0.00e+00	0.00e+00	1.57e-09	8.31e-10	2.79e-10
 1.12251e+16	3.42e-09	1.02e-04	1.61e-01	7.74e-01	6.51e-02	1.31e-04	0.00e+00	0.00e+00	0.00e+00	1.99e-09	1.05e-09	3.53e-10
 1.13705e+16	4.19e-09	1.21e-04	1.84e-01	7.58e-01	5.79e-02	1.10e-04	0.00e+00	0.00e+00	0.00e+00	2.43e-09	1.29e-09	4.32e-10
 1.15309e+16	6.03e-09	1.61e-04	2.14e-01	7.35e-01	5.01e-02	8.84e-05	0.00e+00	0.00e+00	0.00e+00	3.50e-09	1.85e-09	6.22e-10
 1.16700e+16	7.45e-09	1.92e-04	2.48e-01	7.09e-01	4.33e-02	7.17e-05	0.00e+00	0.00e+00	0.00e+00	4.33e-09	2.29e-09	7.69e-10
 1.17861e+16	1.02e-08	2.47e-04	2.83e-01	6.79e-01	3.74e-02	5.85e-05	0.00e+00	0.00e+00	0.00e+00	5.93e-09	3.13e-09	1.05e-09
 1.18897e+16	1.23e-08	2.89e-04	3.21e-01	6.46e-01	3.22e-02	4.77e-05	0.00e+00	0.00e+00	0.00e+00	7.13e-09	3.77e-09	1.27e-09
 1.19798e+16	1.60e-08	3.59e-04	3.61e-01	6.11e-01	2.76e-02	3.88e-05	0.00e+00	0.00e+00	0.00e+00	9.28e-09	4.91e-09	1.65e-09
 1.20593e+16	1.95e-08	4.23e-04	4.03e-01	5.73e-01	2.35e-02	3.15e-05	0.00e+00	0.00e+00	0.00e+00	1.13e-08	5.99e-09	2.02e-09
 1.21323e+16	2.35e-08	4.96e-04	4.47e-01	5.33e-01	1.97e-02	2.53e-05	0.00e+00	0.00e+00	0.00e+00	1.37e-08	7.24e-09	2.44e-09
 1.21992e+16	2.81e-08	5.76e-04	4.94e-01	4.89e-01	1.64e-02	2.00e-05	0.00e+00	0.00e+00	0.00e+00	1.63e-08	8.64e-09	2.92e-09
 1.22596e+16	3.30e-08	6.60e-04	5.40e-01	4.46e-01	1.34e-02	1.57e-05	0.00e+00	0.00e+00	0.00e+00	1.92e-08	1.01e-08	3.43e-09
 1.23159e+16	3.83e-08	7.49e-04	5.88e-01	4.01e-01	1.09e-02	1.21e-05	0.00e+00	0.00e+00	0.00e+00	2.23e-08	1.18e-08	3.99e-09
 1.23797e+16	4.55e-08	8.66e-04	6.46e-01	3.45e-01	8.14e-03	8.56e-06	0.00e+00	0.00e+00	0.00e+00	2.65e-08	1.40e-08	4.75e-09
 1.24464e+16	5.38e-08	9.96e-04	7.07e-01	2.86e-01	5.74e-03	5.66e-06	0.00e+00	0.00e+00	0.00e+00	3.13e-08	1.66e-08	5.62e-09
 1.25026e+16	6.15e-08	1.11e-03	7.59e-01	2.36e-01	4.06e-03	3.75e-06	0.00e+00	0.00e+00	0.00e+00	3.57e-08	1.90e-08	6.43e-09
 1.25617e+16	7.01e-08	1.24e-03	8.10e-01	1.86e-01	2.66e-03	2.28e-06	0.00e+00	0.00e+00	0.00e+00	4.08e-08	2.16e-08	7.35e-09
 1.26359e+16	8.08e-08	1.38e-03	8.63e-01	1.34e-01	1.48e-03	1.14e-06	0.00e+00	0.00e+00	0.00e+00	4.70e-08	2.49e-08	8.50e-09
 1.27163e+16	9.15e-08	1.51e-03	9.07e-01	9.12e-02	7.48e-04	5.08e-07	0.00e+00	0.00e+00	0.00e+00	5.32e-08	2.82e-08	9.64e-09
 1.27944e+16	1.01e-07	1.61e-03	9.35e-01	6.25e-02	3.77e-04	0.00e+00	0.00e+00	0.00e+00	0.00e+00	5.86e-08	3.11e-08	1.06e-08
 1.28800e+16	1.10e-07	1.70e-03	9.56e-01	4.26e-02	1.81e-04	0.00e+00	0.00e+00	0.00e+00	0.00e+00	6.38e-08	3.39e-08	1.16e-08
 1.29881e+16	1.19e-07	1.78e-03	9.70e-01	2.82e-02	7.76e-05	0.00e+00	0.00e+00	0.00e+00	0.00e+00	6.93e-08	3.68e-08	1.26e-08
 1.31286e+16	1.30e-07	1.86e-03	9.79e-01	1.88e-02	2.99e-05	0.00e+00	0.00e+00	0.00e+00	0.00e+00	7.54e-08	4.00e-08	1.37e-08
 1.33113e+16	1.42e-07	1.94e-03	9.85e-01	1.35e-02	1.10e-05	0.00e+00	0.00e+00	0.00e+00	0.00e+00	8.26e-08	4.39e-08	1.50e-08
 1.35488e+16	1.58e-07	2.03e-03	9.87e-01	1.06e-02	3.87e-06	0.00e+00	0.00e+00	0.00e+00	0.00e+00	9.19e-08	4.88e-08	1.67e-08
 1.38576e+16	1.80e-07	2.13e-03	9.89e-01	8.96e-03	1.30e-06	0.00e+00	0.00e+00	0.00e+00	0.00e+00	1.05e-07	5.57e-08	1.91e-08
 1.42590e+16	2.13e-07	2.28e-03	9.90e-01	8.07e-03	4.08e-07	0.00e+00	0.00e+00	0.00e+00	0.00e+00	1.24e-07	6.57e-08	2.25e-08
 1.47756e+16	2.63e-07	2.47e-03	9.90e-01	7.29e-03	0.00e+00	0.00e+00	0.00e+00	0.00e+00	0.00e+00	1.53e-07	8.13e-08	2.78e-08
 1.53038e+16	3.26e-07	2.68e-03	9.91e-01	6.67e-03	0.00e+00	0.00e+00	0.00e+00	0.00e+00	0.00e+00	1.90e-07	1.01e-07	3.45e-08
 1.57408e+16	3.90e-07	2.86e-03	9.91e-01	6.22e-03	0.00e+00	0.00e+00	0.00e+00	0.00e+00	0.00e+00	2.27e-07	1.21e-07	4.12e-08
 1.61976e+16	4.72e-07	3.07e-03	9.91e-01	5.81e-03	0.00e+00	0.00e+00	0.00e+00	0.00e+00	0.00e+00	2.74e-07	1.46e-07	4.98e-08
 1.67849e+16	6.07e-07	3.36e-03	9.91e-01	5.31e-03	0.00e+00	0.00e+00	0.00e+00	0.00e+00	0.00e+00	3.53e-07	1.88e-07	6.40e-08
 1.73673e+16	7.79e-07	3.68e-03	9.91e-01	4.87e-03	0.00e+00	0.00e+00	0.00e+00	0.00e+00	0.00e+00	4.53e-07	2.41e-07	8.22e-08
 1.78242e+16	9.52e-07	3.95e-03	9.91e-01	4.55e-03	0.00e+00	0.00e+00	0.00e+00	0.00e+00	0.00e+00	5.53e-07	2.94e-07	1.00e-07
 1.82924e+16	1.18e-06	4.25e-03	9.91e-01	4.25e-03	0.00e+00	0.00e+00	0.00e+00	0.00e+00	0.00e+00	6.85e-07	3.65e-07	1.24e-07
 1.89012e+16	1.57e-06	4.69e-03	9.91e-01	3.89e-03	0.00e+00	0.00e+00	0.00e+00	0.00e+00	0.00e+00	9.11e-07	4.85e-07	1.65e-07
 1.95144e+16	2.11e-06	5.20e-03	9.91e-01	3.54e-03	0.00e+00	0.00e+00	0.00e+00	0.00e+00	0.00e+00	1.23e-06	6.54e-07	2.23e-07
 1.99926e+16	2.70e-06	5.66e-03	9.91e-01	3.29e-03	0.00e+00	0.00e+00	0.00e+00	0.00e+00	0.00e+00	1.57e-06	8.36e-07	2.84e-07
 2.04733e+16	3.52e-06	6.20e-03	9.91e-01	3.04e-03	0.00e+00	0.00e+00	0.00e+00	0.00e+00	0.00e+00	2.05e-06	1.09e-06	3.70e-07
 2.09881e+16	4.73e-06	6.87e-03	9.90e-01	2.78e-03	0.00e+00	0.00e+00	0.00e+00	0.00e+00	0.00e+00	2.75e-06	1.46e-06	4.97e-07
 2.14459e+16	6.28e-06	7.60e-03	9.90e-01	2.56e-03	0.00e+00	0.00e+00	0.00e+00	0.00e+00	0.00e+00	3.65e-06	1.94e-06	6.59e-07
 2.18604e+16	8.28e-06	8.39e-03	9.89e-01	2.36e-03	0.00e+00	0.00e+00	0.00e+00	0.00e+00	0.00e+00	4.81e-06	2.56e-06	8.67e-07
 2.22534e+16	1.09e-05	9.29e-03	9.89e-01	2.17e-03	0.00e+00	0.00e+00	0.00e+00	0.00e+00	0.00e+00	6.34e-06	3.37e-06	1.14e-06
 2.26336e+16	1.46e-05	1.04e-02	9.88e-01	1.99e-03	0.00e+00	0.00e+00	0.00e+00	0.00e+00	0.00e+00	8.47e-06	4.51e-06	1.53e-06
 2.29932e+16	1.96e-05	1.16e-02	9.87e-01	1.81e-03	0.00e+00	0.00e+00	0.00e+00	0.00e+00	0.00e+00	1.14e-05	6.06e-06	2.05e-06
 2.33234e+16	2.63e-05	1.31e-02	9.85e-01	1.65e-03	0.00e+00	0.00e+00	0.00e+00	0.00e+00	0.00e+00	1.53e-05	8.12e-06	2.75e-06
 2.36278e+16	3.50e-05	1.47e-02	9.84e-01	1.50e-03	0.00e+00	0.00e+00	0.00e+00	0.00e+00	0.00e+00	2.04e-05	1.08e-05	3.66e-06
 2.39149e+16	4.71e-05	1.67e-02	9.82e-01	1.35e-03	0.00e+00	0.00e+00	0.00e+00	0.00e+00	0.00e+00	2.74e-05	1.45e-05	4.92e-06
 2.41183e+16	5.88e-05	1.84e-02	9.80e-01	1.25e-03	0.00e+00	0.00e+00	0.00e+00	0.00e+00	0.00e+00	3.42e-05	1.81e-05	6.13e-06
 2.42218e+16	6.61e-05	1.94e-02	9.79e-01	1.20e-03	0.00e+00	0.00e+00	0.00e+00	0.00e+00	0.00e+00	3.84e-05	2.04e-05	6.89e-06
 2.43143e+16	7.40e-05	2.04e-02	9.78e-01	1.15e-03	0.00e+00	0.00e+00	0.00e+00	0.00e+00	0.00e+00	4.30e-05	2.28e-05	7.71e-06
 2.44347e+16	8.60e-05	2.19e-02	9.77e-01	1.08e-03	0.00e+00	0.00e+00	0.00e+00	0.00e+00	0.00e+00	5.00e-05	2.65e-05	8.96e-06
 2.45699e+16	1.02e-04	2.37e-02	9.75e-01	1.01e-03	0.00e+00	0.00e+00	0.00e+00	0.00e+00	0.00e+00	5.94e-05	3.15e-05	1.06e-05
 2.46947e+16	1.21e-04	2.56e-02	9.73e-01	9.44e-04	0.00e+00	0.00e+00	0.00e+00	0.00e+00	0.00e+00	7.01e-05	3.72e-05	1.26e-05
 2.47962e+16	1.39e-04	2.73e-02	9.72e-01	8.96e-04	0.00e+00	0.00e+00	0.00e+00	0.00e+00	0.00e+00	8.05e-05	4.27e-05	1.44e-05
 2.48816e+16	1.57e-04	2.89e-02	9.70e-01	8.52e-04	0.00e+00	0.00e+00	0.00e+00	0.00e+00	0.00e+00	9.10e-05	4.83e-05	1.63e-05
 2.49767e+16	1.81e-04	3.10e-02	9.68e-01	8.01e-04	0.00e+00	0.00e+00	0.00e+00	0.00e+00	0.00e+00	1.05e-04	5.58e-05	1.88e-05
 2.50786e+16	2.11e-04	3.35e-02	9.66e-01	7.50e-04	0.00e+00	0.00e+00	0.00e+00	0.00e+00	0.00e+00	1.23e-04	6.52e-05	2.20e-05
 2.51659e+16	2.43e-04	3.59e-02	9.63e-01	7.03e-04	0.00e+00	0.00e+00	0.00e+00	0.00e+00	0.00e+00	1.41e-04	7.50e-05	2.53e-05
 2.52419e+16	2.75e-04	3.82e-02	9.61e-01	6.68e-04	0.00e+00	0.00e+00	0.00e+00	0.00e+00	0.00e+00	1.60e-04	8.49e-05	2.86e-05
 2.53266e+16	3.19e-04	4.11e-02	9.58e-01	6.24e-04	0.00e+00	0.00e+00	0.00e+00	0.00e+00	0.00e+00	1.86e-04	9.85e-05	3.32e-05
 2.54165e+16	3.74e-04	4.45e-02	9.55e-01	5.81e-04	0.00e+00	0.00e+00	0.00e+00	0.00e+00	0.00e+00	2.18e-04	1.15e-04	3.89e-05
 2.54924e+16	4.30e-04	4.78e-02	9.51e-01	5.43e-04	0.00e+00	0.00e+00	0.00e+00	0.00e+00	0.00e+00	2.50e-04	1.33e-04	4.47e-05
 2.55585e+16	4.88e-04	5.10e-02	9.48e-01	5.14e-04	0.00e+00	0.00e+00	0.00e+00	0.00e+00	0.00e+00	2.84e-04	1.50e-04	5.07e-05
 2.56325e+16	5.66e-04	5.51e-02	9.44e-01	4.77e-04	0.00e+00	0.00e+00	0.00e+00	0.00e+00	0.00e+00	3.29e-04	1.75e-04	5.88e-05
 2.57113e+16	6.65e-04	5.99e-02	9.39e-01	4.42e-04	0.00e+00	0.00e+00	0.00e+00	0.00e+00	0.00e+00	3.86e-04	2.05e-04	6.90e-05
 2.57783e+16	7.66e-04	6.45e-02	9.34e-01	4.11e-04	0.00e+00	0.00e+00	0.00e+00	0.00e+00	0.00e+00	4.46e-04	2.36e-04	7.95e-05
 2.58368e+16	8.72e-04	6.90e-02	9.30e-01	3.84e-04	0.00e+00	0.00e+00	0.00e+00	0.00e+00	0.00e+00	5.07e-04	2.69e-04	9.05e-05
 2.59024e+16	1.01e-03	7.47e-02	9.24e-01	3.56e-04	0.00e+00	0.00e+00	0.00e+00	0.00e+00	0.00e+00	5.90e-04	3.12e-04	1.05e-04
 2.59726e+16	1.20e-03	8.16e-02	9.17e-01	3.26e-04	0.00e+00	0.00e+00	0.00e+00	0.00e+00	0.00e+00	6.96e-04	3.68e-04	1.24e-04
 2.60326e+16	1.38e-03	8.83e-02	9.10e-01	3.00e-04	0.00e+00	0.00e+00	0.00e+00	0.00e+00	0.00e+00	8.05e-04	4.27e-04	1.44e-04
 2.60848e+16	1.58e-03	9.47e-02	9.03e-01	2.80e-04	0.00e+00	0.00e+00	0.00e+00	0.00e+00	0.00e+00	9.19e-04	4.86e-04	1.64e-04
 2.61432e+16	1.85e-03	1.03e-01	8.95e-01	2.56e-04	0.00e+00	0.00e+00	0.00e+00	0.00e+00	0.00e+00	1.07e-03	5.69e-04	1.92e-04
 2.62058e+16	2.19e-03	1.13e-01	8.85e-01	2.32e-04	0.00e+00	0.00e+00	0.00e+00	0.00e+00	0.00e+00	1.27e-03	6.74e-04	2.27e-04
 2.62599e+16	2.55e-03	1.23e-01	8.75e-01	2.12e-04	0.00e+00	0.00e+00	0.00e+00	0.00e+00	0.00e+00	1.48e-03	7.85e-04	2.64e-04
