#depth	N	N+	N+2	N+3	N+4	N+5	N+6	N+7
 1.49634e+10	0.00e+00	0.00e+00	1.09e-31	5.22e-21	2.88e-11	5.02e-01	4.98e-01	2.16e-04
 4.54887e+10	0.00e+00	7.59e-43	1.43e-31	6.35e-21	3.23e-11	5.21e-01	4.79e-01	1.92e-04
 7.72350e+10	0.00e+00	0.00e+00	1.88e-31	7.71e-21	3.63e-11	5.41e-01	4.59e-01	1.70e-04
 1.10251e+11	0.00e+00	1.53e-42	2.47e-31	9.35e-21	4.07e-11	5.60e-01	4.40e-01	1.51e-04
 1.44588e+11	0.00e+00	0.00e+00	3.23e-31	1.13e-20	4.56e-11	5.80e-01	4.20e-01	1.33e-04
 1.80298e+11	0.00e+00	3.07e-42	4.22e-31	1.37e-20	5.09e-11	5.99e-01	4.01e-01	1.17e-04
 2.17437e+11	0.00e+00	0.00e+00	5.52e-31	1.65e-20	5.69e-11	6.18e-01	3.82e-01	1.03e-04
 2.56061e+11	0.00e+00	6.12e-42	7.19e-31	1.99e-20	6.34e-11	6.37e-01	3.63e-01	9.09e-05
 2.96231e+11	0.00e+00	0.00e+00	9.37e-31	2.40e-20	7.05e-11	6.55e-01	3.45e-01	7.98e-05
 3.38007e+11	0.00e+00	1.21e-41	1.22e-30	2.88e-20	7.83e-11	6.73e-01	3.27e-01	6.99e-05
 3.81454e+11	0.00e+00	0.00e+00	1.58e-30	3.46e-20	8.69e-11	6.90e-01	3.10e-01	6.12e-05
 4.26639e+11	0.00e+00	2.39e-41	2.05e-30	4.15e-20	9.63e-11	7.07e-01	2.93e-01	5.35e-05
 4.73631e+11	0.00e+00	0.00e+00	2.66e-30	4.97e-20	1.07e-10	7.23e-01	2.77e-01	4.67e-05
 5.22503e+11	0.00e+00	4.68e-41	3.44e-30	5.94e-20	1.18e-10	7.39e-01	2.61e-01	4.07e-05
 5.68112e+11	0.00e+00	0.00e+00	4.33e-30	6.97e-20	1.29e-10	7.53e-01	2.47e-01	3.60e-05
 6.08309e+11	0.00e+00	8.18e-41	5.27e-30	7.98e-20	1.39e-10	7.64e-01	2.36e-01	3.23e-05
 6.53164e+11	0.00e+00	0.00e+00	6.51e-30	9.23e-20	1.51e-10	7.76e-01	2.24e-01	2.87e-05
 7.07051e+11	0.00e+00	1.49e-40	8.31e-30	1.09e-19	1.65e-10	7.89e-01	2.11e-01	2.51e-05
 7.61116e+11	0.00e+00	0.00e+00	1.05e-29	1.28e-19	1.81e-10	8.01e-01	1.99e-01	2.20e-05
 8.10678e+11	0.00e+00	2.65e-40	1.29e-29	1.48e-19	1.95e-10	8.12e-01	1.88e-01	1.95e-05
 8.65947e+11	0.00e+00	0.00e+00	1.62e-29	1.73e-19	2.12e-10	8.22e-01	1.78e-01	1.71e-05
 9.30093e+11	0.00e+00	4.93e-40	2.07e-29	2.05e-19	2.33e-10	8.34e-01	1.66e-01	1.48e-05
 9.92503e+11	0.00e+00	0.00e+00	2.62e-29	2.40e-19	2.53e-10	8.44e-01	1.56e-01	1.29e-05
 1.05127e+12	0.00e+00	8.84e-40	3.23e-29	2.77e-19	2.74e-10	8.53e-01	1.47e-01	1.14e-05
 1.11712e+12	0.00e+00	0.00e+00	4.06e-29	3.24e-19	2.97e-10	8.62e-01	1.38e-01	9.96e-06
 1.19173e+12	0.00e+00	1.65e-39	5.19e-29	3.83e-19	3.25e-10	8.71e-01	1.29e-01	8.58e-06
 1.26637e+12	0.00e+00	0.00e+00	6.59e-29	4.51e-19	3.54e-10	8.80e-01	1.20e-01	7.43e-06
 1.34400e+12	0.00e+00	3.10e-39	8.36e-29	5.30e-19	3.86e-10	8.88e-01	1.12e-01	6.42e-06
 1.42769e+12	0.00e+00	0.00e+00	1.07e-28	6.26e-19	4.22e-10	8.96e-01	1.04e-01	5.51e-06
 1.51473e+12	0.00e+00	5.93e-39	1.37e-28	7.40e-19	4.60e-10	9.03e-01	9.68e-02	4.73e-06
 1.60524e+12	0.00e+00	0.00e+00	1.75e-28	8.73e-19	5.02e-10	9.10e-01	8.99e-02	4.06e-06
 1.69938e+12	0.00e+00	1.13e-38	2.23e-28	1.03e-18	5.47e-10	9.17e-01	8.34e-02	3.48e-06
 1.79728e+12	0.00e+00	0.00e+00	2.85e-28	1.22e-18	5.96e-10	9.23e-01	7.73e-02	2.98e-06
 1.89910e+12	0.00e+00	2.17e-38	3.64e-28	1.43e-18	6.50e-10	9.28e-01	7.17e-02	2.55e-06
 2.00499e+12	0.00e+00	0.00e+00	4.64e-28	1.69e-18	7.07e-10	9.34e-01	6.64e-02	2.18e-06
 2.11512e+12	0.00e+00	4.13e-38	5.93e-28	1.99e-18	7.70e-10	9.39e-01	6.15e-02	1.86e-06
 2.22965e+12	0.00e+00	0.00e+00	7.56e-28	2.35e-18	8.38e-10	9.43e-01	5.69e-02	1.59e-06
 2.34876e+12	0.00e+00	7.89e-38	9.65e-28	2.77e-18	9.12e-10	9.48e-01	5.23e-02	1.35e-06
 2.47264e+12	0.00e+00	0.00e+00	1.23e-27	3.26e-18	9.92e-10	9.52e-01	4.84e-02	1.15e-06
 2.59273e+12	0.00e+00	1.47e-37	1.54e-27	3.80e-18	1.07e-09	9.55e-01	4.49e-02	9.93e-07
 2.70300e+12	0.00e+00	0.00e+00	1.89e-27	4.35e-18	1.15e-09	9.58e-01	4.21e-02	0.00e+00
 2.82563e+12	0.00e+00	2.57e-37	2.35e-27	5.03e-18	1.24e-09	9.61e-01	3.92e-02	0.00e+00
 2.96781e+12	0.00e+00	0.00e+00	2.99e-27	5.92e-18	1.35e-09	9.64e-01	3.62e-02	0.00e+00
 3.10833e+12	0.00e+00	4.81e-37	3.77e-27	6.91e-18	1.46e-09	9.66e-01	3.35e-02	0.00e+00
 3.25447e+12	0.00e+00	0.00e+00	4.75e-27	8.07e-18	1.58e-09	9.69e-01	3.11e-02	0.00e+00
 3.41458e+12	0.00e+00	9.04e-37	6.06e-27	9.51e-18	1.71e-09	9.71e-01	2.87e-02	0.00e+00
 3.57659e+12	0.00e+00	0.00e+00	7.69e-27	1.12e-17	1.86e-09	9.74e-01	2.65e-02	0.00e+00
 3.74508e+12	0.00e+00	1.70e-36	9.76e-27	1.31e-17	2.02e-09	9.76e-01	2.45e-02	0.00e+00
 3.92481e+12	5.12e-47	2.36e-36	1.25e-26	1.54e-17	2.19e-09	9.77e-01	2.25e-02	0.00e+00
 4.11172e+12	0.00e+00	0.00e+00	1.59e-26	1.82e-17	2.38e-09	9.79e-01	2.08e-02	0.00e+00
 4.30612e+12	0.00e+00	4.52e-36	2.04e-26	2.14e-17	2.59e-09	9.81e-01	1.91e-02	0.00e+00
 4.50829e+12	1.74e-46	6.27e-36	2.61e-26	2.53e-17	2.81e-09	9.82e-01	1.76e-02	0.00e+00
 4.71855e+12	0.00e+00	0.00e+00	3.34e-26	2.98e-17	3.06e-09	9.84e-01	1.62e-02	0.00e+00
 4.93722e+12	0.00e+00	1.21e-35	4.27e-26	3.52e-17	3.33e-09	9.85e-01	1.49e-02	0.00e+00
 5.16463e+12	5.92e-46	1.68e-35	5.47e-26	4.15e-17	3.62e-09	9.86e-01	1.37e-02	0.00e+00
 5.37850e+12	0.00e+00	0.00e+00	6.85e-26	4.83e-17	3.90e-09	9.87e-01	1.27e-02	0.00e+00
 5.56982e+12	0.00e+00	2.93e-35	8.32e-26	5.50e-17	4.17e-09	9.88e-01	1.19e-02	0.00e+00
 5.78461e+12	1.69e-45	3.88e-35	1.03e-25	6.35e-17	4.48e-09	9.89e-01	1.11e-02	0.00e+00
 6.03910e+12	0.00e+00	0.00e+00	1.31e-25	7.47e-17	4.87e-09	9.90e-01	1.02e-02	0.00e+00
 6.29484e+12	0.00e+00	7.33e-35	1.66e-25	8.76e-17	5.27e-09	9.91e-01	9.41e-03	0.00e+00
 6.53493e+12	5.32e-45	9.73e-35	2.06e-25	1.01e-16	5.67e-09	9.91e-01	8.76e-03	0.00e+00
 6.80038e+12	0.00e+00	0.00e+00	2.59e-25	1.18e-16	6.13e-09	9.92e-01	8.10e-03	0.00e+00
 7.10232e+12	0.00e+00	1.85e-34	3.34e-25	1.40e-16	6.68e-09	9.93e-01	7.43e-03	0.00e+00
 7.40376e+12	1.76e-44	2.55e-34	4.26e-25	1.65e-16	7.25e-09	9.93e-01	6.84e-03	0.00e+00
 7.71726e+12	0.00e+00	3.52e-34	5.44e-25	1.94e-16	7.88e-09	9.94e-01	6.30e-03	0.00e+00
 8.05588e+12	4.02e-44	4.93e-34	7.02e-25	2.30e-16	8.60e-09	9.94e-01	5.77e-03	0.00e+00
 8.37299e+12	0.00e+00	6.68e-34	8.84e-25	2.69e-16	9.30e-09	9.95e-01	5.34e-03	0.00e+00
 8.65543e+12	8.16e-44	8.70e-34	1.08e-24	3.07e-16	9.95e-09	9.95e-01	4.99e-03	0.00e+00
 8.97273e+12	0.00e+00	1.16e-33	1.34e-24	3.56e-16	1.07e-08	9.95e-01	4.63e-03	0.00e+00
 9.35009e+12	1.76e-43	1.61e-33	1.72e-24	4.21e-16	1.17e-08	9.96e-01	4.25e-03	0.00e+00
 9.72976e+12	0.00e+00	2.23e-33	2.20e-24	4.96e-16	1.27e-08	9.96e-01	3.91e-03	0.00e+00
 1.00845e+13	3.78e-43	2.98e-33	2.74e-24	5.76e-16	1.37e-08	9.96e-01	3.63e-03	0.00e+00
 1.04778e+13	0.00e+00	4.06e-33	3.47e-24	6.75e-16	1.48e-08	9.97e-01	3.35e-03	0.00e+00
 1.09268e+13	8.54e-43	5.73e-33	4.51e-24	8.06e-16	1.62e-08	9.97e-01	3.06e-03	0.00e+00
 1.13676e+13	0.00e+00	7.94e-33	5.77e-24	9.53e-16	1.77e-08	9.97e-01	2.81e-03	0.00e+00
 1.17912e+13	1.86e-42	1.07e-32	7.27e-24	1.11e-15	1.92e-08	9.97e-01	2.59e-03	0.00e+00
 1.22580e+13	0.00e+00	1.48e-32	9.29e-24	1.32e-15	2.09e-08	9.98e-01	2.38e-03	0.00e+00
 1.27783e+13	4.27e-42	2.09e-32	1.21e-23	1.57e-15	2.29e-08	9.98e-01	2.17e-03	0.00e+00
 1.33028e+13	0.00e+00	2.93e-32	1.56e-23	1.88e-15	2.50e-08	9.98e-01	1.99e-03	0.00e+00
 1.38483e+13	9.84e-42	4.11e-32	2.02e-23	2.24e-15	2.74e-08	9.98e-01	1.82e-03	0.00e+00
 1.44108e+13	0.00e+00	5.74e-32	2.62e-23	2.67e-15	3.00e-08	9.98e-01	1.66e-03	0.00e+00
 1.49619e+13	2.20e-41	7.87e-32	3.34e-23	3.15e-15	3.26e-08	9.98e-01	1.52e-03	0.00e+00
 1.55564e+13	0.00e+00	1.09e-31	4.30e-23	3.74e-15	3.57e-08	9.99e-01	1.39e-03	0.00e+00
 1.62086e+13	5.08e-41	1.55e-31	5.61e-23	4.50e-15	3.93e-08	9.99e-01	1.27e-03	0.00e+00
 1.68868e+13	0.00e+00	2.19e-31	7.34e-23	5.41e-15	4.32e-08	9.99e-01	1.15e-03	0.00e+00
 1.75922e+13	1.20e-40	3.10e-31	9.59e-23	6.52e-15	4.76e-08	9.99e-01	1.05e-03	0.00e+00
 1.83258e+13	0.00e+00	4.38e-31	1.25e-22	7.85e-15	5.25e-08	9.99e-01	9.51e-04	0.00e+00
 1.89888e+13	2.65e-40	5.91e-31	1.58e-22	9.23e-15	5.71e-08	9.99e-01	8.73e-04	0.00e+00
 1.95401e+13	0.00e+00	7.52e-31	1.91e-22	1.05e-14	6.12e-08	9.99e-01	8.16e-04	0.00e+00
 2.01437e+13	4.87e-40	9.72e-31	2.33e-22	1.21e-14	6.58e-08	9.99e-01	7.58e-04	0.00e+00
 2.09095e+13	0.00e+00	1.33e-30	2.98e-22	1.44e-14	7.21e-08	9.99e-01	6.93e-04	0.00e+00
 2.17091e+13	1.05e-39	1.82e-30	3.81e-22	1.71e-14	7.90e-08	9.99e-01	6.33e-04	0.00e+00
 2.23867e+13	0.00e+00	2.35e-30	4.66e-22	1.97e-14	8.52e-08	9.99e-01	5.87e-04	0.00e+00
 2.30828e+13	1.95e-39	3.03e-30	5.68e-22	2.27e-14	9.18e-08	9.99e-01	5.45e-04	0.00e+00
 2.39607e+13	0.00e+00	4.12e-30	7.24e-22	2.70e-14	1.01e-07	1.00e+00	4.98e-04	0.00e+00
 2.48532e+13	4.09e-39	5.56e-30	9.18e-22	3.19e-14	1.10e-07	1.00e+00	4.55e-04	0.00e+00
 2.56172e+13	0.00e+00	7.12e-30	1.12e-21	3.67e-14	1.19e-07	1.00e+00	4.22e-04	0.00e+00
 2.64358e+13	7.50e-39	9.18e-30	1.37e-21	4.24e-14	1.28e-07	1.00e+00	3.91e-04	0.00e+00
 2.74515e+13	0.00e+00	1.24e-29	1.74e-21	5.05e-14	1.41e-07	1.00e+00	3.57e-04	0.00e+00
 2.84937e+13	1.55e-38	1.68e-29	2.20e-21	5.99e-14	1.54e-07	1.00e+00	3.25e-04	0.00e+00
 2.94293e+13	0.00e+00	2.17e-29	2.70e-21	6.94e-14	1.67e-07	1.00e+00	3.01e-04	0.00e+00
 3.04558e+13	2.92e-38	2.84e-29	3.35e-21	8.11e-14	1.82e-07	1.00e+00	2.77e-04	0.00e+00
 3.16717e+13	0.00e+00	3.86e-29	4.28e-21	9.69e-14	2.00e-07	1.00e+00	2.51e-04	0.00e+00
 3.28907e+13	6.00e-38	5.17e-29	5.42e-21	1.15e-13	2.20e-07	1.00e+00	2.29e-04	0.00e+00
 3.40436e+13	0.00e+00	6.74e-29	6.70e-21	1.34e-13	2.39e-07	1.00e+00	2.11e-04	0.00e+00
 3.53204e+13	1.16e-37	8.94e-29	8.40e-21	1.58e-13	2.62e-07	1.00e+00	1.93e-04	0.00e+00
 3.67631e+13	0.00e+00	1.21e-28	1.07e-20	1.89e-13	2.89e-07	1.00e+00	1.75e-04	0.00e+00
 3.82003e+13	2.36e-37	1.62e-28	1.35e-20	2.24e-13	3.17e-07	1.00e+00	1.60e-04	0.00e+00
 3.94674e+13	0.00e+00	2.07e-28	1.65e-20	2.59e-13	3.43e-07	1.00e+00	1.47e-04	0.00e+00
 4.05824e+13	4.06e-37	2.55e-28	1.95e-20	2.93e-13	3.67e-07	1.00e+00	1.38e-04	0.00e+00
 4.18461e+13	0.00e+00	3.20e-28	2.34e-20	3.35e-13	3.95e-07	1.00e+00	1.28e-04	0.00e+00
 4.32544e+13	7.16e-37	4.09e-28	2.86e-20	3.88e-13	4.28e-07	1.00e+00	1.18e-04	0.00e+00
 4.45764e+13	0.00e+00	5.11e-28	3.42e-20	4.42e-13	4.60e-07	1.00e+00	1.10e-04	0.00e+00
 4.60209e+13	1.24e-36	6.46e-28	4.13e-20	5.08e-13	4.96e-07	1.00e+00	1.02e-04	0.00e+00
 4.76353e+13	0.00e+00	8.31e-28	5.06e-20	5.89e-13	5.39e-07	1.00e+00	9.42e-05	0.00e+00
 4.91589e+13	2.20e-36	1.05e-27	6.09e-20	6.75e-13	5.81e-07	1.00e+00	8.74e-05	0.00e+00
 5.08279e+13	0.00e+00	1.33e-27	7.41e-20	7.79e-13	6.29e-07	1.00e+00	8.09e-05	0.00e+00
 5.26956e+13	4.03e-36	1.73e-27	9.15e-20	9.10e-13	6.85e-07	1.00e+00	7.43e-05	0.00e+00
 5.44637e+13	0.00e+00	2.20e-27	1.11e-19	1.05e-12	7.40e-07	1.00e+00	6.87e-05	0.00e+00
 5.61007e+13	6.93e-36	2.72e-27	1.32e-19	1.19e-12	7.94e-07	1.00e+00	6.42e-05	0.00e+00
 5.79252e+13	0.00e+00	3.43e-27	1.59e-19	1.36e-12	8.56e-07	1.00e+00	5.96e-05	0.00e+00
 5.99710e+13	1.23e-35	4.40e-27	1.94e-19	1.58e-12	9.28e-07	1.00e+00	5.49e-05	0.00e+00
 6.19013e+13	0.00e+00	5.52e-27	2.33e-19	1.80e-12	1.00e-06	1.00e+00	5.10e-05	0.00e+00
 6.40074e+13	2.16e-35	7.03e-27	2.83e-19	2.08e-12	1.08e-06	1.00e+00	4.73e-05	0.00e+00
 6.63377e+13	0.00e+00	9.07e-27	3.48e-19	2.41e-12	1.17e-06	1.00e+00	4.35e-05	0.00e+00
 6.84967e+13	3.86e-35	1.14e-26	4.19e-19	2.76e-12	1.26e-06	1.00e+00	4.04e-05	0.00e+00
 7.08408e+13	0.00e+00	1.45e-26	5.08e-19	3.17e-12	1.37e-06	1.00e+00	3.74e-05	0.00e+00
 7.34624e+13	7.02e-35	1.88e-26	6.26e-19	3.69e-12	1.49e-06	1.00e+00	3.45e-05	0.00e+00
 7.59345e+13	0.00e+00	2.39e-26	7.58e-19	4.23e-12	1.60e-06	1.00e+00	3.20e-05	0.00e+00
 7.86380e+13	1.26e-34	3.07e-26	9.27e-19	4.89e-12	1.73e-06	1.00e+00	2.95e-05	0.00e+00
 8.16561e+13	0.00e+00	4.02e-26	1.15e-18	5.72e-12	1.89e-06	1.00e+00	2.71e-05	0.00e+00
 8.44992e+13	2.35e-34	5.14e-26	1.40e-18	6.59e-12	2.04e-06	1.00e+00	2.51e-05	0.00e+00
 8.75843e+13	3.20e-34	6.66e-26	1.72e-18	7.63e-12	2.21e-06	1.00e+00	2.32e-05	0.00e+00
 9.10449e+13	4.47e-34	8.80e-26	2.15e-18	8.95e-12	2.42e-06	1.00e+00	2.12e-05	0.00e+00
 9.43798e+13	6.12e-34	1.14e-25	2.65e-18	1.04e-11	2.62e-06	1.00e+00	1.96e-05	0.00e+00
 9.79209e+13	8.45e-34	1.49e-25	3.28e-18	1.21e-11	2.84e-06	1.00e+00	1.81e-05	0.00e+00
 1.01868e+14	1.19e-33	1.98e-25	4.11e-18	1.42e-11	3.10e-06	1.00e+00	1.66e-05	0.00e+00
 1.05841e+14	1.67e-33	2.62e-25	5.13e-18	1.65e-11	3.38e-06	1.00e+00	1.52e-05	0.00e+00
 1.09973e+14	2.36e-33	3.48e-25	6.41e-18	1.93e-11	3.67e-06	1.00e+00	1.40e-05	0.00e+00
 1.14402e+14	3.32e-33	4.63e-25	8.05e-18	2.27e-11	4.01e-06	1.00e+00	1.28e-05	0.00e+00
 1.18579e+14	4.58e-33	6.04e-25	9.92e-18	2.62e-11	4.33e-06	1.00e+00	1.19e-05	0.00e+00
 1.22351e+14	6.07e-33	7.61e-25	1.19e-17	2.98e-11	4.64e-06	1.00e+00	1.11e-05	0.00e+00
 1.25930e+14	7.87e-33	9.42e-25	1.41e-17	3.35e-11	4.93e-06	1.00e+00	1.04e-05	0.00e+00
 1.29899e+14	1.04e-32	1.19e-24	1.69e-17	3.79e-11	5.27e-06	1.00e+00	9.77e-06	0.00e+00
 1.34340e+14	1.42e-32	1.53e-24	2.05e-17	4.34e-11	5.67e-06	1.00e+00	9.09e-06	0.00e+00
 1.38539e+14	1.88e-32	1.92e-24	2.45e-17	4.92e-11	6.06e-06	1.00e+00	8.51e-06	0.00e+00
 1.43144e+14	2.53e-32	2.45e-24	2.97e-17	5.61e-11	6.49e-06	1.00e+00	7.94e-06	0.00e+00
 1.48313e+14	3.52e-32	3.21e-24	3.66e-17	6.47e-11	7.00e-06	1.00e+00	7.37e-06	0.00e+00
 1.53121e+14	4.72e-32	4.08e-24	4.41e-17	7.36e-11	7.49e-06	1.00e+00	6.89e-06	0.00e+00
 1.57556e+14	6.15e-32	5.07e-24	5.22e-17	8.25e-11	7.95e-06	1.00e+00	6.49e-06	0.00e+00
 1.62601e+14	8.26e-32	6.44e-24	6.28e-17	9.36e-11	8.49e-06	1.00e+00	6.07e-06	0.00e+00
 1.68777e+14	1.18e-31	8.58e-24	7.82e-17	1.09e-10	9.18e-06	1.00e+00	5.62e-06	0.00e+00
 1.74945e+14	1.64e-31	1.13e-23	9.66e-17	1.26e-10	9.90e-06	1.00e+00	5.21e-06	0.00e+00
 1.80330e+14	2.19e-31	1.42e-23	1.16e-16	1.42e-10	1.05e-05	1.00e+00	4.90e-06	0.00e+00
 1.86170e+14	2.97e-31	1.82e-23	1.40e-16	1.61e-10	1.12e-05	1.00e+00	4.59e-06	0.00e+00
 1.93276e+14	4.27e-31	2.44e-23	1.74e-16	1.87e-10	1.21e-05	1.00e+00	4.25e-06	0.00e+00
 2.00502e+14	6.04e-31	3.23e-23	2.16e-16	2.17e-10	1.31e-05	1.00e+00	3.94e-06	0.00e+00
 2.07063e+14	8.26e-31	4.16e-23	2.62e-16	2.46e-10	1.40e-05	1.00e+00	3.69e-06	0.00e+00
 2.14287e+14	1.15e-30	5.44e-23	3.21e-16	2.83e-10	1.50e-05	1.00e+00	3.44e-06	0.00e+00
 2.22752e+14	1.69e-30	7.39e-23	4.05e-16	3.30e-10	1.62e-05	1.00e+00	3.19e-06	0.00e+00
 2.31168e+14	2.43e-30	9.89e-23	5.05e-16	3.83e-10	1.75e-05	1.00e+00	2.96e-06	0.00e+00
 2.39158e+14	3.39e-30	1.29e-22	6.18e-16	4.38e-10	1.87e-05	1.00e+00	2.76e-06	0.00e+00
 2.47991e+14	4.83e-30	1.72e-22	7.67e-16	5.06e-10	2.01e-05	1.00e+00	2.57e-06	0.00e+00
 2.57940e+14	7.13e-30	2.35e-22	9.70e-16	5.92e-10	2.17e-05	1.00e+00	2.37e-06	0.00e+00
 2.67984e+14	1.04e-29	3.18e-22	1.22e-15	6.90e-10	2.34e-05	1.00e+00	2.20e-06	0.00e+00
 2.78429e+14	1.52e-29	4.31e-22	1.53e-15	8.03e-10	2.53e-05	1.00e+00	2.04e-06	0.00e+00
 2.89596e+14	2.25e-29	5.89e-22	1.94e-15	9.39e-10	2.74e-05	1.00e+00	1.88e-06	0.00e+00
 3.01210e+14	3.32e-29	8.05e-22	2.45e-15	1.10e-09	2.96e-05	1.00e+00	1.74e-06	0.00e+00
 3.12449e+14	4.78e-29	1.08e-21	3.05e-15	1.27e-09	3.18e-05	1.00e+00	1.62e-06	0.00e+00
 3.23019e+14	6.64e-29	1.40e-21	3.72e-15	1.45e-09	3.40e-05	1.00e+00	1.52e-06	0.00e+00
 3.32978e+14	8.97e-29	1.78e-21	4.46e-15	1.64e-09	3.61e-05	1.00e+00	1.43e-06	0.00e+00
 3.43808e+14	1.23e-28	2.30e-21	5.40e-15	1.86e-09	3.85e-05	1.00e+00	1.34e-06	0.00e+00
 3.55882e+14	1.74e-28	3.03e-21	6.64e-15	2.14e-09	4.12e-05	1.00e+00	1.25e-06	0.00e+00
 3.67284e+14	2.37e-28	3.89e-21	8.02e-15	2.42e-09	4.39e-05	1.00e+00	1.17e-06	0.00e+00
 3.79817e+14	3.31e-28	5.07e-21	9.80e-15	2.77e-09	4.69e-05	1.00e+00	1.10e-06	0.00e+00
 3.93862e+14	4.73e-28	6.76e-21	1.22e-14	3.20e-09	5.04e-05	1.00e+00	1.02e-06	0.00e+00
 4.07255e+14	6.53e-28	8.77e-21	1.49e-14	3.66e-09	5.39e-05	1.00e+00	9.55e-07	0.00e+00
 4.21978e+14	9.36e-28	1.17e-20	1.84e-14	4.21e-09	5.78e-05	1.00e+00	0.00e+00	0.00e+00
 4.38541e+14	1.35e-27	1.57e-20	2.31e-14	4.91e-09	6.25e-05	1.00e+00	0.00e+00	0.00e+00
 4.54431e+14	1.92e-27	2.09e-20	2.87e-14	5.66e-09	6.70e-05	1.00e+00	0.00e+00	0.00e+00
 4.71303e+14	2.76e-27	2.79e-20	3.56e-14	6.55e-09	7.21e-05	1.00e+00	0.00e+00	0.00e+00
 4.90185e+14	4.03e-27	3.79e-20	4.51e-14	7.66e-09	7.80e-05	1.00e+00	0.00e+00	0.00e+00
 5.07663e+14	5.72e-27	5.01e-20	5.57e-14	8.81e-09	8.36e-05	1.00e+00	0.00e+00	0.00e+00
 5.22821e+14	7.57e-27	6.29e-20	6.64e-14	9.91e-09	8.87e-05	1.00e+00	0.00e+00	0.00e+00
 5.39623e+14	1.04e-26	8.11e-20	8.03e-14	1.12e-08	9.45e-05	1.00e+00	0.00e+00	0.00e+00
 5.60118e+14	1.48e-26	1.08e-19	1.00e-13	1.31e-08	1.02e-04	1.00e+00	0.00e+00	0.00e+00
 5.80850e+14	2.13e-26	1.44e-19	1.25e-13	1.51e-08	1.09e-04	1.00e+00	0.00e+00	0.00e+00
 5.99527e+14	2.86e-26	1.84e-19	1.51e-13	1.71e-08	1.17e-04	1.00e+00	0.00e+00	0.00e+00
 6.20096e+14	4.00e-26	2.41e-19	1.85e-13	1.96e-08	1.25e-04	1.00e+00	0.00e+00	0.00e+00
 6.44371e+14	5.72e-26	3.23e-19	2.32e-13	2.28e-08	1.35e-04	1.00e+00	0.00e+00	0.00e+00
 6.68151e+14	8.11e-26	4.28e-19	2.89e-13	2.64e-08	1.45e-04	1.00e+00	0.00e+00	0.00e+00
 6.89875e+14	1.10e-25	5.49e-19	3.50e-13	3.00e-08	1.55e-04	1.00e+00	0.00e+00	0.00e+00
 7.14242e+14	1.55e-25	7.23e-19	4.30e-13	3.45e-08	1.66e-04	1.00e+00	0.00e+00	0.00e+00
 7.42589e+14	2.22e-25	9.69e-19	5.43e-13	4.03e-08	1.80e-04	1.00e+00	0.00e+00	0.00e+00
 7.70412e+14	3.19e-25	1.30e-18	6.76e-13	4.66e-08	1.93e-04	1.00e+00	0.00e+00	0.00e+00
 7.96787e+14	4.30e-25	1.66e-18	8.26e-13	5.34e-08	2.07e-04	1.00e+00	0.00e+00	0.00e+00
 8.26127e+14	6.08e-25	2.20e-18	1.02e-12	6.17e-08	2.23e-04	1.00e+00	0.00e+00	0.00e+00
 8.59202e+14	8.76e-25	2.96e-18	1.29e-12	7.22e-08	2.41e-04	1.00e+00	0.00e+00	0.00e+00
 8.90593e+14	1.25e-24	3.94e-18	1.60e-12	8.33e-08	2.60e-04	1.00e+00	0.00e+00	0.00e+00
 9.19255e+14	1.64e-24	4.96e-18	1.94e-12	9.45e-08	2.77e-04	1.00e+00	0.00e+00	0.00e+00
 9.51759e+14	2.31e-24	6.52e-18	2.38e-12	1.09e-07	2.97e-04	1.00e+00	0.00e+00	0.00e+00
 9.89548e+14	3.25e-24	8.67e-18	3.00e-12	1.27e-07	3.22e-04	1.00e+00	0.00e+00	0.00e+00
 1.02549e+15	4.54e-24	1.14e-17	3.71e-12	1.46e-07	3.46e-04	1.00e+00	0.00e+00	0.00e+00
 1.05785e+15	6.11e-24	1.45e-17	4.46e-12	1.66e-07	3.68e-04	1.00e+00	0.00e+00	0.00e+00
 1.08851e+15	7.92e-24	1.79e-17	5.29e-12	1.86e-07	3.90e-04	1.00e+00	0.00e+00	0.00e+00
 1.12264e+15	1.04e-23	2.24e-17	6.35e-12	2.10e-07	4.15e-04	1.00e+00	0.00e+00	0.00e+00
 1.16058e+15	1.43e-23	2.91e-17	7.74e-12	2.40e-07	4.44e-04	1.00e+00	0.00e+00	0.00e+00
 1.19632e+15	1.85e-23	3.61e-17	9.27e-12	2.71e-07	4.73e-04	1.00e+00	0.00e+00	0.00e+00
 1.23562e+15	2.54e-23	4.66e-17	1.12e-11	3.08e-07	5.04e-04	9.99e-01	0.00e+00	0.00e+00
 1.27965e+15	3.43e-23	6.00e-17	1.38e-11	3.54e-07	5.42e-04	9.99e-01	0.00e+00	0.00e+00
 1.32115e+15	4.66e-23	7.68e-17	1.67e-11	4.02e-07	5.78e-04	9.99e-01	0.00e+00	0.00e+00
 1.36643e+15	6.22e-23	9.79e-17	2.04e-11	4.60e-07	6.19e-04	9.99e-01	0.00e+00	0.00e+00
 1.41646e+15	8.77e-23	1.29e-16	2.53e-11	5.31e-07	6.65e-04	9.99e-01	0.00e+00	0.00e+00
 1.46289e+15	1.15e-22	1.63e-16	3.06e-11	6.04e-07	7.11e-04	9.99e-01	0.00e+00	0.00e+00
 1.51348e+15	1.57e-22	2.10e-16	3.75e-11	6.92e-07	7.61e-04	9.99e-01	0.00e+00	0.00e+00
 1.56984e+15	2.16e-22	2.74e-16	4.65e-11	8.01e-07	8.20e-04	9.99e-01	0.00e+00	0.00e+00
 1.62246e+15	2.97e-22	3.54e-16	5.66e-11	9.13e-07	8.76e-04	9.99e-01	0.00e+00	0.00e+00
 1.67965e+15	3.95e-22	4.53e-16	6.95e-11	1.05e-06	9.41e-04	9.99e-01	0.00e+00	0.00e+00
 1.74328e+15	5.62e-22	6.02e-16	8.67e-11	1.22e-06	1.01e-03	9.99e-01	0.00e+00	0.00e+00
 1.80309e+15	7.38e-22	7.61e-16	1.06e-10	1.39e-06	1.09e-03	9.99e-01	0.00e+00	0.00e+00
 1.86825e+15	1.02e-21	9.94e-16	1.31e-10	1.60e-06	1.17e-03	9.99e-01	0.00e+00	0.00e+00
 1.94080e+15	1.41e-21	1.30e-15	1.64e-10	1.87e-06	1.27e-03	9.99e-01	0.00e+00	0.00e+00
 2.00943e+15	1.93e-21	1.69e-15	2.01e-10	2.15e-06	1.36e-03	9.99e-01	0.00e+00	0.00e+00
 2.08303e+15	2.60e-21	2.18e-15	2.49e-10	2.48e-06	1.47e-03	9.99e-01	0.00e+00	0.00e+00
 2.16638e+15	3.72e-21	2.93e-15	3.14e-10	2.90e-06	1.59e-03	9.98e-01	0.00e+00	0.00e+00
 2.24857e+15	5.01e-21	3.78e-15	3.91e-10	3.37e-06	1.72e-03	9.98e-01	0.00e+00	0.00e+00
 2.32781e+15	6.83e-21	4.89e-15	4.79e-10	3.87e-06	1.85e-03	9.98e-01	0.00e+00	0.00e+00
 2.41471e+15	9.15e-21	6.29e-15	5.95e-10	4.48e-06	2.00e-03	9.98e-01	0.00e+00	0.00e+00
 2.50942e+15	1.28e-20	8.33e-15	7.46e-10	5.22e-06	2.16e-03	9.98e-01	0.00e+00	0.00e+00
 2.58935e+15	1.64e-20	1.03e-14	8.97e-10	5.92e-06	2.31e-03	9.98e-01	0.00e+00	0.00e+00
 2.65019e+15	1.99e-20	1.22e-14	1.03e-09	6.50e-06	2.43e-03	9.98e-01	0.00e+00	0.00e+00
 2.71517e+15	2.44e-20	1.45e-14	1.19e-09	7.16e-06	2.56e-03	9.97e-01	0.00e+00	0.00e+00
 2.79964e+15	3.10e-20	1.78e-14	1.42e-09	8.10e-06	2.74e-03	9.97e-01	0.00e+00	0.00e+00
 2.89168e+15	4.10e-20	2.25e-14	1.72e-09	9.22e-06	2.93e-03	9.97e-01	0.00e+00	0.00e+00
 2.97590e+15	5.09e-20	2.73e-14	2.03e-09	1.03e-05	3.12e-03	9.97e-01	0.00e+00	0.00e+00
 3.06775e+15	6.55e-20	3.38e-14	2.43e-09	1.17e-05	3.33e-03	9.97e-01	0.00e+00	0.00e+00
 3.17154e+15	8.61e-20	4.27e-14	2.95e-09	1.34e-05	3.58e-03	9.96e-01	0.00e+00	0.00e+00
 3.27076e+15	1.10e-19	5.29e-14	3.53e-09	1.51e-05	3.83e-03	9.96e-01	0.00e+00	0.00e+00
 3.37967e+15	1.43e-19	6.61e-14	4.28e-09	1.72e-05	4.12e-03	9.96e-01	0.00e+00	0.00e+00
 3.50086e+15	1.89e-19	8.42e-14	5.27e-09	1.98e-05	4.45e-03	9.96e-01	0.00e+00	0.00e+00
 3.61412e+15	2.45e-19	1.05e-13	6.35e-09	2.25e-05	4.77e-03	9.95e-01	0.00e+00	0.00e+00
 3.73747e+15	3.17e-19	1.32e-13	7.73e-09	2.58e-05	5.14e-03	9.95e-01	0.00e+00	0.00e+00
 3.87462e+15	4.21e-19	1.69e-13	9.55e-09	2.98e-05	5.57e-03	9.94e-01	0.00e+00	0.00e+00
 4.00197e+15	5.48e-19	2.12e-13	1.16e-08	3.39e-05	5.98e-03	9.94e-01	0.00e+00	0.00e+00
 4.13978e+15	7.13e-19	2.67e-13	1.41e-08	3.88e-05	6.46e-03	9.94e-01	0.00e+00	0.00e+00
 4.29343e+15	9.51e-19	3.44e-13	1.75e-08	4.50e-05	7.00e-03	9.93e-01	0.00e+00	0.00e+00
 4.43724e+15	1.23e-18	4.30e-13	2.12e-08	5.13e-05	7.53e-03	9.92e-01	0.00e+00	0.00e+00
 4.59375e+15	1.64e-18	5.50e-13	2.60e-08	5.89e-05	8.14e-03	9.92e-01	0.00e+00	0.00e+00
 4.76821e+15	2.19e-18	7.09e-13	3.25e-08	6.84e-05	8.85e-03	9.91e-01	0.00e+00	0.00e+00
 4.93188e+15	2.85e-18	8.94e-13	3.97e-08	7.82e-05	9.53e-03	9.90e-01	0.00e+00	0.00e+00
 5.10975e+15	3.84e-18	1.15e-12	4.89e-08	9.01e-05	1.03e-02	9.90e-01	0.00e+00	0.00e+00
 5.30867e+15	5.23e-18	1.51e-12	6.14e-08	1.05e-04	1.12e-02	9.89e-01	0.00e+00	0.00e+00
 5.49801e+15	6.92e-18	1.92e-12	7.56e-08	1.21e-04	1.22e-02	9.88e-01	0.00e+00	0.00e+00
 5.70042e+15	9.36e-18	2.49e-12	9.38e-08	1.39e-04	1.32e-02	9.87e-01	0.00e+00	0.00e+00
 5.92847e+15	1.29e-17	3.29e-12	1.19e-07	1.63e-04	1.44e-02	9.85e-01	0.00e+00	0.00e+00
 6.11893e+15	1.68e-17	4.13e-12	1.43e-07	1.85e-04	1.54e-02	9.84e-01	0.00e+00	0.00e+00
 6.25525e+15	2.02e-17	4.84e-12	1.63e-07	2.02e-04	1.62e-02	9.84e-01	0.00e+00	0.00e+00
 6.39814e+15	2.44e-17	5.70e-12	1.87e-07	2.21e-04	1.70e-02	9.83e-01	0.00e+00	0.00e+00
 6.58389e+15	3.11e-17	7.00e-12	2.22e-07	2.47e-04	1.81e-02	9.82e-01	0.00e+00	0.00e+00
 6.78913e+15	3.94e-17	8.65e-12	2.67e-07	2.80e-04	1.94e-02	9.80e-01	0.00e+00	0.00e+00
 6.98058e+15	5.11e-17	1.07e-11	3.16e-07	3.12e-04	2.06e-02	9.79e-01	0.00e+00	0.00e+00
 7.19031e+15	6.57e-17	1.33e-11	3.78e-07	3.51e-04	2.20e-02	9.78e-01	0.00e+00	0.00e+00
 7.42472e+15	8.67e-17	1.68e-11	4.60e-07	4.00e-04	2.36e-02	9.76e-01	0.00e+00	0.00e+00
 7.64521e+15	1.12e-16	2.09e-11	5.49e-07	4.49e-04	2.52e-02	9.74e-01	0.00e+00	0.00e+00
 7.88585e+15	2.16e-16	2.60e-11	6.62e-07	5.08e-04	2.69e-02	9.73e-01	0.00e+00	0.00e+00
 8.15682e+15	2.11e-16	3.38e-11	8.14e-07	5.82e-04	2.90e-02	9.70e-01	0.00e+00	0.00e+00
 8.41475e+15	2.80e-16	4.27e-11	9.84e-07	6.59e-04	3.10e-02	9.68e-01	0.00e+00	0.00e+00
 8.69760e+15	3.63e-16	5.39e-11	1.20e-06	7.52e-04	3.33e-02	9.66e-01	0.00e+00	0.00e+00
 9.03463e+15	5.28e-16	7.30e-11	1.52e-06	8.76e-04	3.62e-02	9.63e-01	0.00e+00	0.00e+00
 9.36287e+15	7.03e-16	9.38e-11	1.89e-06	1.01e-03	3.91e-02	9.60e-01	0.00e+00	0.00e+00
 9.65316e+15	9.28e-16	1.18e-10	2.28e-06	1.14e-03	4.18e-02	9.57e-01	0.00e+00	0.00e+00
 9.97337e+15	1.25e-15	1.52e-10	2.78e-06	1.30e-03	4.48e-02	9.54e-01	0.00e+00	0.00e+00
 1.03575e+16	1.83e-15	2.06e-10	3.52e-06	1.51e-03	4.87e-02	9.50e-01	0.00e+00	0.00e+00
 1.07405e+16	2.53e-15	2.72e-10	4.39e-06	1.75e-03	5.25e-02	9.46e-01	0.00e+00	0.00e+00
 1.10901e+16	3.40e-15	3.48e-10	5.35e-06	1.99e-03	5.63e-02	9.42e-01	0.00e+00	0.00e+00
 1.14801e+16	4.56e-15	4.48e-10	6.62e-06	2.28e-03	6.05e-02	9.37e-01	0.00e+00	0.00e+00
 1.19346e+16	6.83e-15	6.19e-10	8.43e-06	2.67e-03	6.58e-02	9.32e-01	0.00e+00	0.00e+00
 1.23785e+16	9.49e-15	8.17e-10	1.06e-05	3.09e-03	7.10e-02	9.26e-01	0.00e+00	0.00e+00
 1.27942e+16	1.30e-14	1.06e-09	1.30e-05	3.52e-03	7.61e-02	9.20e-01	0.00e+00	0.00e+00
 1.31574e+16	1.70e-14	1.33e-09	1.54e-05	3.94e-03	8.07e-02	9.15e-01	0.00e+00	0.00e+00
 1.34606e+16	2.11e-14	1.59e-09	1.77e-05	4.32e-03	8.46e-02	9.11e-01	0.00e+00	0.00e+00
 1.37958e+16	2.68e-14	1.93e-09	2.07e-05	4.77e-03	8.91e-02	9.06e-01	0.00e+00	0.00e+00
 1.42317e+16	3.48e-14	2.42e-09	2.51e-05	5.40e-03	9.49e-02	9.00e-01	0.00e+00	0.00e+00
 1.46882e+16	4.89e-14	3.17e-09	3.06e-05	6.14e-03	1.01e-01	8.92e-01	0.00e+00	0.00e+00
 1.50744e+16	6.28e-14	3.90e-09	3.60e-05	6.81e-03	1.07e-01	8.86e-01	0.00e+00	0.00e+00
 1.54797e+16	8.06e-14	4.81e-09	4.25e-05	7.58e-03	1.13e-01	8.79e-01	0.00e+00	0.00e+00
 1.60065e+16	1.08e-13	6.19e-09	5.25e-05	8.68e-03	1.21e-01	8.70e-01	0.00e+00	0.00e+00
 1.65514e+16	1.56e-13	8.29e-09	6.50e-05	9.95e-03	1.30e-01	8.60e-01	0.00e+00	0.00e+00
 1.70045e+16	2.04e-13	1.03e-08	7.70e-05	1.11e-02	1.37e-01	8.52e-01	0.00e+00	0.00e+00
 1.74784e+16	2.67e-13	1.29e-08	9.18e-05	1.24e-02	1.45e-01	8.43e-01	0.00e+00	0.00e+00
 1.80945e+16	3.61e-13	1.68e-08	1.14e-04	1.43e-02	1.55e-01	8.31e-01	0.00e+00	0.00e+00
 1.87288e+16	5.34e-13	2.28e-08	1.43e-04	1.65e-02	1.66e-01	8.17e-01	0.00e+00	0.00e+00
 1.92605e+16	7.03e-13	2.87e-08	1.71e-04	1.85e-02	1.76e-01	8.06e-01	0.00e+00	0.00e+00
 1.98251e+16	9.36e-13	3.64e-08	2.06e-04	2.08e-02	1.86e-01	7.93e-01	0.00e+00	0.00e+00
 2.05471e+16	1.30e-12	4.81e-08	2.60e-04	2.41e-02	1.99e-01	7.76e-01	0.00e+00	0.00e+00
 2.12672e+16	1.94e-12	6.62e-08	3.28e-04	2.79e-02	2.13e-01	7.58e-01	0.00e+00	0.00e+00
 2.18440e+16	2.54e-12	8.28e-08	3.91e-04	3.11e-02	2.25e-01	7.44e-01	0.00e+00	0.00e+00
 2.24410e+16	3.39e-12	1.05e-07	4.69e-04	3.49e-02	2.36e-01	7.28e-01	0.00e+00	0.00e+00
 2.32170e+16	4.80e-12	1.40e-07	5.90e-04	4.03e-02	2.52e-01	7.07e-01	0.00e+00	0.00e+00
 2.40134e+16	6.96e-12	1.90e-07	7.43e-04	4.66e-02	2.68e-01	6.84e-01	0.00e+00	0.00e+00
 2.46467e+16	9.13e-12	2.38e-07	8.88e-04	5.20e-02	2.81e-01	6.66e-01	0.00e+00	0.00e+00
 2.52804e+16	1.21e-11	3.00e-07	1.06e-03	5.81e-02	2.94e-01	6.46e-01	0.00e+00	0.00e+00
 2.61042e+16	1.72e-11	4.00e-07	1.34e-03	6.69e-02	3.11e-01	6.21e-01	0.00e+00	0.00e+00
 2.69317e+16	2.47e-11	5.39e-07	1.68e-03	7.67e-02	3.28e-01	5.94e-01	0.00e+00	0.00e+00
 2.75300e+16	3.14e-11	6.58e-07	1.96e-03	8.44e-02	3.40e-01	5.74e-01	0.00e+00	0.00e+00
 2.80741e+16	3.97e-11	7.98e-07	2.28e-03	9.23e-02	3.51e-01	5.55e-01	0.00e+00	0.00e+00
 2.87814e+16	5.29e-11	1.01e-06	2.76e-03	1.03e-01	3.64e-01	5.30e-01	0.00e+00	0.00e+00
 2.95040e+16	7.25e-11	1.31e-06	3.34e-03	1.16e-01	3.78e-01	5.03e-01	0.00e+00	0.00e+00
 3.00856e+16	9.06e-11	1.58e-06	3.89e-03	1.27e-01	3.88e-01	4.82e-01	0.00e+00	0.00e+00
 3.06809e+16	1.13e-10	1.91e-06	4.56e-03	1.39e-01	3.97e-01	4.59e-01	0.00e+00	0.00e+00
 3.13383e+16	1.57e-10	2.47e-06	5.46e-03	1.54e-01	4.08e-01	4.33e-01	0.00e+00	0.00e+00
 3.19208e+16	1.97e-10	2.98e-06	6.35e-03	1.68e-01	4.16e-01	4.10e-01	0.00e+00	0.00e+00
 3.24320e+16	2.37e-10	3.51e-06	7.28e-03	1.81e-01	4.22e-01	3.90e-01	0.00e+00	0.00e+00
 3.30058e+16	3.24e-10	4.46e-06	8.57e-03	1.98e-01	4.28e-01	3.66e-01	0.00e+00	0.00e+00
 3.36192e+16	3.97e-10	5.35e-06	1.01e-02	2.16e-01	4.33e-01	3.41e-01	0.00e+00	0.00e+00
 3.41610e+16	5.41e-10	6.78e-06	1.18e-02	2.34e-01	4.36e-01	3.18e-01	0.00e+00	0.00e+00
 3.46249e+16	6.66e-10	8.03e-06	1.34e-02	2.51e-01	4.38e-01	2.98e-01	0.00e+00	0.00e+00
 3.50457e+16	8.14e-10	9.43e-06	1.51e-02	2.67e-01	4.38e-01	2.81e-01	0.00e+00	0.00e+00
 3.55282e+16	9.73e-10	1.10e-05	1.73e-02	2.86e-01	4.36e-01	2.60e-01	0.00e+00	0.00e+00
 3.60421e+16	1.31e-09	1.39e-05	2.02e-02	3.08e-01	4.33e-01	2.38e-01	0.00e+00	0.00e+00
 3.64715e+16	1.57e-09	1.61e-05	2.29e-02	3.28e-01	4.29e-01	2.20e-01	0.00e+00	0.00e+00
 3.68354e+16	2.02e-09	1.95e-05	2.57e-02	3.46e-01	4.25e-01	2.04e-01	0.00e+00	0.00e+00
 3.72396e+16	2.37e-09	2.24e-05	2.91e-02	3.66e-01	4.18e-01	1.87e-01	0.00e+00	0.00e+00
 3.76714e+16	3.26e-09	2.84e-05	3.36e-02	3.90e-01	4.08e-01	1.68e-01	0.00e+00	0.00e+00
 3.80272e+16	3.98e-09	3.32e-05	3.76e-02	4.10e-01	3.99e-01	1.53e-01	0.00e+00	0.00e+00
 3.83202e+16	4.68e-09	3.79e-05	4.15e-02	4.28e-01	3.90e-01	1.41e-01	0.00e+00	0.00e+00
 3.86436e+16	5.48e-09	4.32e-05	4.62e-02	4.48e-01	3.78e-01	1.28e-01	0.00e+00	0.00e+00
 3.89911e+16	6.79e-09	5.12e-05	5.20e-02	4.70e-01	3.64e-01	1.14e-01	0.00e+00	0.00e+00
 3.92850e+16	8.37e-09	6.00e-05	5.78e-02	4.90e-01	3.50e-01	1.02e-01	0.00e+00	0.00e+00
 3.95259e+16	1.07e-08	7.16e-05	6.33e-02	5.07e-01	3.38e-01	9.16e-02	0.00e+00	0.00e+00
 3.97424e+16	1.19e-08	7.80e-05	6.84e-02	5.23e-01	3.25e-01	8.33e-02	0.00e+00	0.00e+00
 3.99834e+16	1.41e-08	8.93e-05	7.49e-02	5.41e-01	3.10e-01	7.39e-02	0.00e+00	0.00e+00
 4.02384e+16	1.72e-08	1.04e-04	8.25e-02	5.60e-01	2.93e-01	6.44e-02	0.00e+00	0.00e+00
 4.04484e+16	2.06e-08	1.19e-04	8.96e-02	5.77e-01	2.77e-01	5.67e-02	0.00e+00	0.00e+00
 4.06182e+16	2.56e-08	1.38e-04	9.61e-02	5.90e-01	2.63e-01	5.02e-02	0.00e+00	0.00e+00
 4.07709e+16	2.77e-08	1.48e-04	1.02e-01	6.03e-01	2.50e-01	4.51e-02	0.00e+00	0.00e+00
 4.09412e+16	3.22e-08	1.65e-04	1.09e-01	6.17e-01	2.34e-01	3.92e-02	0.00e+00	0.00e+00
 4.11214e+16	3.80e-08	1.87e-04	1.17e-01	6.32e-01	2.17e-01	3.34e-02	0.00e+00	0.00e+00
 4.12696e+16	4.44e-08	2.09e-04	1.25e-01	6.44e-01	2.02e-01	2.88e-02	0.00e+00	0.00e+00
 4.13894e+16	5.31e-08	2.36e-04	1.31e-01	6.54e-01	1.89e-01	2.50e-02	0.00e+00	0.00e+00
 4.14978e+16	5.66e-08	2.49e-04	1.37e-01	6.63e-01	1.77e-01	2.20e-02	0.00e+00	0.00e+00
 4.16194e+16	6.42e-08	2.73e-04	1.44e-01	6.74e-01	1.63e-01	1.87e-02	0.00e+00	0.00e+00
 4.17485e+16	7.66e-08	3.09e-04	1.52e-01	6.84e-01	1.48e-01	1.54e-02	0.00e+00	0.00e+00
 4.18544e+16	8.31e-08	3.29e-04	1.59e-01	6.93e-01	1.35e-01	1.29e-02	0.00e+00	0.00e+00
 4.19427e+16	9.54e-08	3.61e-04	1.65e-01	7.00e-01	1.24e-01	1.10e-02	0.00e+00	0.00e+00
 4.20205e+16	1.04e-07	3.84e-04	1.70e-01	7.05e-01	1.15e-01	9.42e-03	0.00e+00	0.00e+00
 4.20869e+16	1.11e-07	4.04e-04	1.75e-01	7.10e-01	1.07e-01	8.19e-03	0.00e+00	0.00e+00
 4.21591e+16	1.21e-07	4.29e-04	1.80e-01	7.15e-01	9.76e-02	6.93e-03	0.00e+00	0.00e+00
 4.22361e+16	1.32e-07	4.56e-04	1.85e-01	7.20e-01	8.85e-02	5.76e-03	0.00e+00	0.00e+00
 4.23031e+16	1.42e-07	4.81e-04	1.90e-01	7.24e-01	8.07e-02	4.84e-03	0.00e+00	0.00e+00
 4.23644e+16	1.51e-07	5.05e-04	1.94e-01	7.27e-01	7.37e-02	4.08e-03	0.00e+00	0.00e+00
 4.24343e+16	1.64e-07	5.33e-04	1.99e-01	7.31e-01	6.61e-02	3.32e-03	0.00e+00	0.00e+00
 4.25108e+16	1.78e-07	5.65e-04	2.05e-01	7.34e-01	5.82e-02	2.62e-03	0.00e+00	0.00e+00
 4.25809e+16	1.91e-07	5.95e-04	2.10e-01	7.36e-01	5.15e-02	2.08e-03	0.00e+00	0.00e+00
 4.26572e+16	2.07e-07	6.30e-04	2.15e-01	7.38e-01	4.47e-02	1.59e-03	0.00e+00	0.00e+00
 4.27422e+16	2.26e-07	6.69e-04	2.20e-01	7.40e-01	3.79e-02	1.17e-03	0.00e+00	0.00e+00
 4.28244e+16	2.44e-07	7.07e-04	2.26e-01	7.41e-01	3.22e-02	8.59e-04	0.00e+00	0.00e+00
 4.29173e+16	2.67e-07	7.51e-04	2.31e-01	7.41e-01	2.65e-02	5.95e-04	0.00e+00	0.00e+00
 4.30381e+16	2.97e-07	8.08e-04	2.38e-01	7.40e-01	2.05e-02	3.66e-04	0.00e+00	0.00e+00
 4.31682e+16	3.29e-07	8.66e-04	2.45e-01	7.38e-01	1.56e-02	2.18e-04	0.00e+00	0.00e+00
 4.33106e+16	3.66e-07	9.29e-04	2.52e-01	7.36e-01	1.16e-02	1.23e-04	0.00e+00	0.00e+00
 4.34957e+16	4.15e-07	1.01e-03	2.59e-01	7.32e-01	8.00e-03	6.00e-05	0.00e+00	0.00e+00
 4.37364e+16	4.79e-07	1.10e-03	2.68e-01	7.26e-01	5.10e-03	2.48e-05	0.00e+00	0.00e+00
 4.40492e+16	5.67e-07	1.23e-03	2.78e-01	7.17e-01	3.00e-03	8.67e-06	0.00e+00	0.00e+00
 4.44558e+16	6.96e-07	1.39e-03	2.91e-01	7.06e-01	1.63e-03	2.56e-06	0.00e+00	0.00e+00
 4.49134e+16	8.75e-07	1.60e-03	3.05e-01	6.92e-01	9.06e-04	7.73e-07	0.00e+00	0.00e+00
 4.53568e+16	1.11e-06	1.86e-03	3.20e-01	6.77e-01	5.46e-04	0.00e+00	0.00e+00	0.00e+00
 4.57831e+16	1.40e-06	2.16e-03	3.36e-01	6.62e-01	3.50e-04	0.00e+00	0.00e+00	0.00e+00
 4.62673e+16	1.87e-06	2.59e-03	3.56e-01	6.42e-01	2.17e-04	0.00e+00	0.00e+00	0.00e+00
 4.67732e+16	2.58e-06	3.20e-03	3.79e-01	6.18e-01	1.38e-04	0.00e+00	0.00e+00	0.00e+00
 4.71769e+16	3.44e-06	3.86e-03	4.01e-01	5.95e-01	9.74e-05	0.00e+00	0.00e+00	0.00e+00
 4.74958e+16	4.37e-06	4.52e-03	4.19e-01	5.76e-01	7.41e-05	0.00e+00	0.00e+00	0.00e+00
 4.78346e+16	5.69e-06	5.40e-03	4.41e-01	5.53e-01	5.50e-05	0.00e+00	0.00e+00	0.00e+00
 4.82040e+16	7.77e-06	6.66e-03	4.67e-01	5.26e-01	4.00e-05	0.00e+00	0.00e+00	0.00e+00
 4.84630e+16	9.88e-06	7.85e-03	4.87e-01	5.05e-01	3.23e-05	0.00e+00	0.00e+00	0.00e+00
 4.85938e+16	1.12e-05	8.55e-03	4.98e-01	4.93e-01	2.89e-05	0.00e+00	0.00e+00	0.00e+00
 4.87085e+16	1.25e-05	9.23e-03	5.08e-01	4.83e-01	2.60e-05	0.00e+00	0.00e+00	0.00e+00
 4.88576e+16	1.45e-05	1.02e-02	5.21e-01	4.69e-01	2.26e-05	0.00e+00	0.00e+00	0.00e+00
 4.90514e+16	1.77e-05	1.17e-02	5.39e-01	4.49e-01	1.88e-05	0.00e+00	0.00e+00	0.00e+00
 4.92481e+16	2.19e-05	1.36e-02	5.58e-01	4.29e-01	1.56e-05	0.00e+00	0.00e+00	0.00e+00
 4.93981e+16	2.61e-05	1.53e-02	5.72e-01	4.12e-01	1.35e-05	0.00e+00	0.00e+00	0.00e+00
 4.95193e+16	3.01e-05	1.69e-02	5.85e-01	3.98e-01	1.20e-05	0.00e+00	0.00e+00	0.00e+00
 4.96535e+16	3.54e-05	1.90e-02	5.99e-01	3.82e-01	1.04e-05	0.00e+00	0.00e+00	0.00e+00
 4.97891e+16	4.20e-05	2.14e-02	6.13e-01	3.65e-01	9.00e-06	0.00e+00	0.00e+00	0.00e+00
 4.98933e+16	4.81e-05	2.35e-02	6.25e-01	3.52e-01	8.03e-06	0.00e+00	0.00e+00	0.00e+00
 4.99796e+16	5.40e-05	2.55e-02	6.34e-01	3.40e-01	7.28e-06	0.00e+00	0.00e+00	0.00e+00
 5.00761e+16	6.17e-05	2.80e-02	6.45e-01	3.27e-01	6.48e-06	0.00e+00	0.00e+00	0.00e+00
 5.01834e+16	7.19e-05	3.12e-02	6.57e-01	3.12e-01	5.70e-06	0.00e+00	0.00e+00	0.00e+00
 5.02803e+16	8.30e-05	3.45e-02	6.67e-01	2.98e-01	5.05e-06	0.00e+00	0.00e+00	0.00e+00
 5.03646e+16	9.41e-05	3.77e-02	6.76e-01	2.86e-01	4.53e-06	0.00e+00	0.00e+00	0.00e+00
 5.04448e+16	1.07e-04	4.12e-02	6.85e-01	2.74e-01	4.06e-06	0.00e+00	0.00e+00	0.00e+00
 5.05370e+16	1.24e-04	4.56e-02	6.94e-01	2.60e-01	3.57e-06	0.00e+00	0.00e+00	0.00e+00
 5.06345e+16	1.45e-04	5.11e-02	7.04e-01	2.45e-01	3.10e-06	0.00e+00	0.00e+00	0.00e+00
 5.07153e+16	1.67e-04	5.63e-02	7.11e-01	2.32e-01	2.75e-06	0.00e+00	0.00e+00	0.00e+00
 5.07826e+16	1.88e-04	6.12e-02	7.17e-01	2.22e-01	2.47e-06	0.00e+00	0.00e+00	0.00e+00
 5.08562e+16	2.15e-04	6.71e-02	7.23e-01	2.10e-01	2.19e-06	0.00e+00	0.00e+00	0.00e+00
 5.09382e+16	2.50e-04	7.47e-02	7.29e-01	1.96e-01	1.90e-06	0.00e+00	0.00e+00	0.00e+00
 5.10118e+16	2.88e-04	8.24e-02	7.33e-01	1.84e-01	1.67e-06	0.00e+00	0.00e+00	0.00e+00
 5.10744e+16	3.26e-04	8.99e-02	7.36e-01	1.74e-01	1.49e-06	0.00e+00	0.00e+00	0.00e+00
 5.11419e+16	3.74e-04	9.89e-02	7.38e-01	1.63e-01	1.30e-06	0.00e+00	0.00e+00	0.00e+00
 5.12154e+16	4.37e-04	1.10e-01	7.39e-01	1.51e-01	1.12e-06	0.00e+00	0.00e+00	0.00e+00
 5.12798e+16	5.03e-04	1.21e-01	7.38e-01	1.40e-01	9.74e-07	0.00e+00	0.00e+00	0.00e+00
 5.13354e+16	5.68e-04	1.32e-01	7.37e-01	1.31e-01	0.00e+00	0.00e+00	0.00e+00	0.00e+00
 5.13967e+16	6.55e-04	1.45e-01	7.34e-01	1.21e-01	0.00e+00	0.00e+00	0.00e+00	0.00e+00
 5.14634e+16	7.68e-04	1.61e-01	7.28e-01	1.10e-01	0.00e+00	0.00e+00	0.00e+00	0.00e+00
 5.15218e+16	8.83e-04	1.78e-01	7.21e-01	1.00e-01	0.00e+00	0.00e+00	0.00e+00	0.00e+00
 5.15724e+16	1.01e-03	1.94e-01	7.13e-01	9.24e-02	0.00e+00	0.00e+00	0.00e+00	0.00e+00
 5.16281e+16	1.16e-03	2.13e-01	7.03e-01	8.35e-02	0.00e+00	0.00e+00	0.00e+00	0.00e+00
 5.16893e+16	1.36e-03	2.37e-01	6.88e-01	7.41e-02	0.00e+00	0.00e+00	0.00e+00	0.00e+00
 5.17442e+16	1.59e-03	2.61e-01	6.71e-01	6.59e-02	0.00e+00	0.00e+00	0.00e+00	0.00e+00
 5.17932e+16	1.81e-03	2.85e-01	6.54e-01	5.88e-02	0.00e+00	0.00e+00	0.00e+00	0.00e+00
 5.18481e+16	2.12e-03	3.16e-01	6.31e-01	5.10e-02	0.00e+00	0.00e+00	0.00e+00	0.00e+00
 5.19088e+16	2.54e-03	3.53e-01	6.01e-01	4.29e-02	0.00e+00	0.00e+00	0.00e+00	0.00e+00
 5.19645e+16	3.02e-03	3.92e-01	5.69e-01	3.59e-02	0.00e+00	0.00e+00	0.00e+00	0.00e+00
 5.20147e+16	3.51e-03	4.30e-01	5.36e-01	3.00e-02	0.00e+00	0.00e+00	0.00e+00	0.00e+00
 5.20704e+16	4.19e-03	4.77e-01	4.95e-01	2.40e-02	0.00e+00	0.00e+00	0.00e+00	0.00e+00
 5.21281e+16	5.04e-03	5.30e-01	4.47e-01	1.84e-02	0.00e+00	0.00e+00	0.00e+00	0.00e+00
 5.21734e+16	5.88e-03	5.75e-01	4.05e-01	1.45e-02	0.00e+00	0.00e+00	0.00e+00	0.00e+00
 5.22095e+16	6.63e-03	6.11e-01	3.70e-01	1.17e-02	0.00e+00	0.00e+00	0.00e+00	0.00e+00
 5.22484e+16	7.54e-03	6.52e-01	3.31e-01	9.12e-03	0.00e+00	0.00e+00	0.00e+00	0.00e+00
 5.22915e+16	8.74e-03	6.97e-01	2.87e-01	6.68e-03	0.00e+00	0.00e+00	0.00e+00	0.00e+00
 5.23294e+16	9.98e-03	7.37e-01	2.48e-01	4.91e-03	0.00e+00	0.00e+00	0.00e+00	0.00e+00
 5.23607e+16	1.11e-02	7.69e-01	2.17e-01	3.72e-03	0.00e+00	0.00e+00	0.00e+00	0.00e+00
 5.23940e+16	1.25e-02	8.00e-01	1.84e-01	2.69e-03	0.00e+00	0.00e+00	0.00e+00	0.00e+00
 5.24302e+16	1.42e-02	8.33e-01	1.51e-01	1.82e-03	0.00e+00	0.00e+00	0.00e+00	0.00e+00
 5.24614e+16	1.60e-02	8.58e-01	1.24e-01	1.25e-03	0.00e+00	0.00e+00	0.00e+00	0.00e+00
 5.24870e+16	1.75e-02	8.77e-01	1.04e-01	8.94e-04	0.00e+00	0.00e+00	0.00e+00	0.00e+00
 5.25141e+16	1.93e-02	8.95e-01	8.52e-02	6.07e-04	0.00e+00	0.00e+00	0.00e+00	0.00e+00
 5.25428e+16	2.17e-02	9.11e-01	6.74e-02	3.92e-04	0.00e+00	0.00e+00	0.00e+00	0.00e+00
 5.25668e+16	2.37e-02	9.22e-01	5.43e-02	2.63e-04	0.00e+00	0.00e+00	0.00e+00	0.00e+00
 5.25868e+16	2.57e-02	9.29e-01	4.50e-02	1.85e-04	0.00e+00	0.00e+00	0.00e+00	0.00e+00
 5.26081e+16	2.80e-02	9.36e-01	3.62e-02	1.24e-04	0.00e+00	0.00e+00	0.00e+00	0.00e+00
 5.26307e+16	3.07e-02	9.41e-01	2.84e-02	7.95e-05	0.00e+00	0.00e+00	0.00e+00	0.00e+00
 5.26497e+16	3.33e-02	9.44e-01	2.28e-02	5.31e-05	0.00e+00	0.00e+00	0.00e+00	0.00e+00
 5.26658e+16	3.57e-02	9.45e-01	1.88e-02	3.73e-05	0.00e+00	0.00e+00	0.00e+00	0.00e+00
 5.26823e+16	3.84e-02	9.46e-01	1.52e-02	2.53e-05	0.00e+00	0.00e+00	0.00e+00	0.00e+00
 5.26996e+16	4.15e-02	9.46e-01	1.21e-02	1.67e-05	0.00e+00	0.00e+00	0.00e+00	0.00e+00
 5.27152e+16	4.45e-02	9.46e-01	9.76e-03	1.13e-05	0.00e+00	0.00e+00	0.00e+00	0.00e+00
 5.27292e+16	4.74e-02	9.45e-01	8.00e-03	7.83e-06	0.00e+00	0.00e+00	0.00e+00	0.00e+00
 5.27418e+16	5.03e-02	9.43e-01	6.64e-03	5.56e-06	0.00e+00	0.00e+00	0.00e+00	0.00e+00
 5.27539e+16	5.32e-02	9.41e-01	5.51e-03	3.96e-06	0.00e+00	0.00e+00	0.00e+00	0.00e+00
 5.27656e+16	5.62e-02	9.39e-01	4.59e-03	2.83e-06	0.00e+00	0.00e+00	0.00e+00	0.00e+00
 5.27764e+16	5.92e-02	9.37e-01	3.86e-03	2.06e-06	0.00e+00	0.00e+00	0.00e+00	0.00e+00
 5.27847e+16	6.15e-02	9.35e-01	3.38e-03	1.62e-06	0.00e+00	0.00e+00	0.00e+00	0.00e+00
 5.27899e+16	6.31e-02	9.34e-01	3.10e-03	1.38e-06	0.00e+00	0.00e+00	0.00e+00	0.00e+00
 5.27947e+16	6.45e-02	9.33e-01	2.86e-03	1.19e-06	0.00e+00	0.00e+00	0.00e+00	0.00e+00
 5.28003e+16	6.65e-02	9.31e-01	2.59e-03	9.92e-07	0.00e+00	0.00e+00	0.00e+00	0.00e+00
 5.28064e+16	6.85e-02	9.29e-01	2.33e-03	0.00e+00	0.00e+00	0.00e+00	0.00e+00	0.00e+00
 5.28122e+16	7.06e-02	9.27e-01	2.10e-03	0.00e+00	0.00e+00	0.00e+00	0.00e+00	0.00e+00
 5.28177e+16	7.27e-02	9.25e-01	1.91e-03	0.00e+00	0.00e+00	0.00e+00	0.00e+00	0.00e+00
 5.28231e+16	7.47e-02	9.24e-01	1.73e-03	0.00e+00	0.00e+00	0.00e+00	0.00e+00	0.00e+00
 5.28285e+16	7.69e-02	9.22e-01	1.57e-03	0.00e+00	0.00e+00	0.00e+00	0.00e+00	0.00e+00
 5.28338e+16	7.91e-02	9.19e-01	1.42e-03	0.00e+00	0.00e+00	0.00e+00	0.00e+00	0.00e+00
 5.28391e+16	8.15e-02	9.17e-01	1.28e-03	0.00e+00	0.00e+00	0.00e+00	0.00e+00	0.00e+00
 5.28443e+16	8.38e-02	9.15e-01	1.16e-03	0.00e+00	0.00e+00	0.00e+00	0.00e+00	0.00e+00
 5.28495e+16	8.64e-02	9.13e-01	1.05e-03	0.00e+00	0.00e+00	0.00e+00	0.00e+00	0.00e+00
 5.28546e+16	8.90e-02	9.10e-01	9.52e-04	0.00e+00	0.00e+00	0.00e+00	0.00e+00	0.00e+00
 5.28597e+16	9.17e-02	9.07e-01	8.60e-04	0.00e+00	0.00e+00	0.00e+00	0.00e+00	0.00e+00
 5.28646e+16	9.46e-02	9.05e-01	7.79e-04	0.00e+00	0.00e+00	0.00e+00	0.00e+00	0.00e+00
 5.28694e+16	9.74e-02	9.02e-01	7.06e-04	0.00e+00	0.00e+00	0.00e+00	0.00e+00	0.00e+00
 5.28743e+16	1.00e-01	8.99e-01	6.38e-04	0.00e+00	0.00e+00	0.00e+00	0.00e+00	0.00e+00
 5.28791e+16	1.04e-01	8.96e-01	5.76e-04	0.00e+00	0.00e+00	0.00e+00	0.00e+00	0.00e+00
 5.28837e+16	1.07e-01	8.92e-01	5.22e-04	0.00e+00	0.00e+00	0.00e+00	0.00e+00	0.00e+00
 5.28884e+16	1.11e-01	8.89e-01	4.71e-04	0.00e+00	0.00e+00	0.00e+00	0.00e+00	0.00e+00
 5.28930e+16	1.14e-01	8.85e-01	4.26e-04	0.00e+00	0.00e+00	0.00e+00	0.00e+00	0.00e+00
 5.28975e+16	1.18e-01	8.81e-01	3.85e-04	0.00e+00	0.00e+00	0.00e+00	0.00e+00	0.00e+00
 5.29020e+16	1.23e-01	8.77e-01	3.48e-04	0.00e+00	0.00e+00	0.00e+00	0.00e+00	0.00e+00
 5.29064e+16	1.27e-01	8.73e-01	3.14e-04	0.00e+00	0.00e+00	0.00e+00	0.00e+00	0.00e+00
 5.29107e+16	1.32e-01	8.68e-01	2.84e-04	0.00e+00	0.00e+00	0.00e+00	0.00e+00	0.00e+00
 5.29150e+16	1.37e-01	8.63e-01	2.56e-04	0.00e+00	0.00e+00	0.00e+00	0.00e+00	0.00e+00
