#depth	He	He+	He+2
 1.49634e+10	2.18e-24	3.82e-13	1.00e+00
 4.54887e+10	2.46e-24	4.12e-13	1.00e+00
 7.72350e+10	2.74e-24	4.45e-13	1.00e+00
 1.10251e+11	3.05e-24	4.81e-13	1.00e+00
 1.44588e+11	3.39e-24	5.20e-13	1.00e+00
 1.80298e+11	3.76e-24	5.62e-13	1.00e+00
 2.17437e+11	4.17e-24	6.08e-13	1.00e+00
 2.56061e+11	4.63e-24	6.57e-13	1.00e+00
 2.96231e+11	5.13e-24	7.10e-13	1.00e+00
 3.38007e+11	5.68e-24	7.68e-13	1.00e+00
 3.81454e+11	6.29e-24	8.31e-13	1.00e+00
 4.26639e+11	6.95e-24	8.98e-13	1.00e+00
 4.73631e+11	7.69e-24	9.71e-13	1.00e+00
 5.22503e+11	8.50e-24	1.05e-12	1.00e+00
 5.68112e+11	9.31e-24	1.13e-12	1.00e+00
 6.08309e+11	1.00e-23	1.20e-12	1.00e+00
 6.53164e+11	1.09e-23	1.28e-12	1.00e+00
 7.07051e+11	1.20e-23	1.38e-12	1.00e+00
 7.61116e+11	1.32e-23	1.48e-12	1.00e+00
 8.10678e+11	1.43e-23	1.58e-12	1.00e+00
 8.65947e+11	1.56e-23	1.70e-12	1.00e+00
 9.30093e+11	1.73e-23	1.83e-12	1.00e+00
 9.92503e+11	1.90e-23	1.97e-12	1.00e+00
 1.05127e+12	2.07e-23	2.11e-12	1.00e+00
 1.11712e+12	2.27e-23	2.27e-12	1.00e+00
 1.19173e+12	2.51e-23	2.46e-12	1.00e+00
 1.26637e+12	2.77e-23	2.65e-12	1.00e+00
 1.34400e+12	3.06e-23	2.86e-12	1.00e+00
 1.42769e+12	3.40e-23	3.10e-12	1.00e+00
 1.51473e+12	3.78e-23	3.35e-12	1.00e+00
 1.60524e+12	4.20e-23	3.63e-12	1.00e+00
 1.69938e+12	4.67e-23	3.93e-12	1.00e+00
 1.79728e+12	5.20e-23	4.26e-12	1.00e+00
 1.89910e+12	5.80e-23	4.61e-12	1.00e+00
 2.00499e+12	6.48e-23	4.99e-12	1.00e+00
 2.11512e+12	7.24e-23	5.41e-12	1.00e+00
 2.22965e+12	8.10e-23	5.86e-12	1.00e+00
 2.34876e+12	9.08e-23	6.35e-12	1.00e+00
 2.47264e+12	1.02e-22	6.88e-12	1.00e+00
 2.59273e+12	1.14e-22	7.41e-12	1.00e+00
 2.70300e+12	1.25e-22	7.93e-12	1.00e+00
 2.82563e+12	1.39e-22	8.52e-12	1.00e+00
 2.96781e+12	1.57e-22	9.23e-12	1.00e+00
 3.10833e+12	1.76e-22	9.97e-12	1.00e+00
 3.25447e+12	1.98e-22	1.08e-11	1.00e+00
 3.41458e+12	2.25e-22	1.17e-11	1.00e+00
 3.57659e+12	2.54e-22	1.27e-11	1.00e+00
 3.74508e+12	2.88e-22	1.37e-11	1.00e+00
 3.92481e+12	3.28e-22	1.49e-11	1.00e+00
 4.11172e+12	3.73e-22	1.62e-11	1.00e+00
 4.30612e+12	4.26e-22	1.76e-11	1.00e+00
 4.50829e+12	4.87e-22	1.91e-11	1.00e+00
 4.71855e+12	5.57e-22	2.07e-11	1.00e+00
 4.93722e+12	6.39e-22	2.26e-11	1.00e+00
 5.16463e+12	7.33e-22	2.45e-11	1.00e+00
 5.37850e+12	8.33e-22	2.65e-11	1.00e+00
 5.56982e+12	9.29e-22	2.83e-11	1.00e+00
 5.78461e+12	1.05e-21	3.04e-11	1.00e+00
 6.03910e+12	1.20e-21	3.31e-11	1.00e+00
 6.29484e+12	1.38e-21	3.59e-11	1.00e+00
 6.53493e+12	1.56e-21	3.86e-11	1.00e+00
 6.80038e+12	1.77e-21	4.18e-11	1.00e+00
 7.10232e+12	2.05e-21	4.56e-11	1.00e+00
 7.40376e+12	2.36e-21	4.96e-11	1.00e+00
 7.71726e+12	2.72e-21	5.40e-11	1.00e+00
 8.05588e+12	3.16e-21	5.90e-11	1.00e+00
 8.37299e+12	3.61e-21	6.39e-11	1.00e+00
 8.65543e+12	4.05e-21	6.85e-11	1.00e+00
 8.97273e+12	4.59e-21	7.39e-11	1.00e+00
 9.35009e+12	5.32e-21	8.07e-11	1.00e+00
 9.72976e+12	6.13e-21	8.79e-11	1.00e+00
 1.00845e+13	6.96e-21	9.50e-11	1.00e+00
 1.04778e+13	7.96e-21	1.03e-10	1.00e+00
 1.09268e+13	9.26e-21	1.13e-10	1.00e+00
 1.13676e+13	1.07e-20	1.24e-10	1.00e+00
 1.17912e+13	1.22e-20	1.34e-10	1.00e+00
 1.22580e+13	1.40e-20	1.47e-10	1.00e+00
 1.27783e+13	1.62e-20	1.61e-10	1.00e+00
 1.33028e+13	1.87e-20	1.77e-10	1.00e+00
 1.38483e+13	2.16e-20	1.95e-10	1.00e+00
 1.44108e+13	2.49e-20	2.14e-10	1.00e+00
 1.49619e+13	2.85e-20	2.34e-10	1.00e+00
 1.55564e+13	3.26e-20	2.56e-10	1.00e+00
 1.62086e+13	3.76e-20	2.83e-10	1.00e+00
 1.68868e+13	4.34e-20	3.13e-10	1.00e+00
 1.75922e+13	4.99e-20	3.46e-10	1.00e+00
 1.83258e+13	5.73e-20	3.83e-10	1.00e+00
 1.89888e+13	6.47e-20	4.18e-10	1.00e+00
 1.95401e+13	7.11e-20	4.49e-10	1.00e+00
 2.01437e+13	7.85e-20	4.85e-10	1.00e+00
 2.09095e+13	8.86e-20	5.32e-10	1.00e+00
 2.17091e+13	1.00e-19	5.86e-10	1.00e+00
 2.23867e+13	1.11e-19	6.33e-10	1.00e+00
 2.30828e+13	1.22e-19	6.85e-10	1.00e+00
 2.39607e+13	1.37e-19	7.54e-10	1.00e+00
 2.48532e+13	1.54e-19	8.28e-10	1.00e+00
 2.56172e+13	1.69e-19	8.95e-10	1.00e+00
 2.64358e+13	1.86e-19	9.70e-10	1.00e+00
 2.74515e+13	2.09e-19	1.07e-09	1.00e+00
 2.84937e+13	2.34e-19	1.18e-09	1.00e+00
 2.94293e+13	2.59e-19	1.28e-09	1.00e+00
 3.04558e+13	2.87e-19	1.39e-09	1.00e+00
 3.16717e+13	3.25e-19	1.54e-09	1.00e+00
 3.28907e+13	3.66e-19	1.70e-09	1.00e+00
 3.40436e+13	4.08e-19	1.85e-09	1.00e+00
 3.53204e+13	4.61e-19	2.03e-09	1.00e+00
 3.67631e+13	5.26e-19	2.25e-09	1.00e+00
 3.82003e+13	6.00e-19	2.47e-09	1.00e+00
 3.94674e+13	6.72e-19	2.68e-09	1.00e+00
 4.05824e+13	7.42e-19	2.87e-09	1.00e+00
 4.18461e+13	8.29e-19	3.10e-09	1.00e+00
 4.32544e+13	9.37e-19	3.37e-09	1.00e+00
 4.45764e+13	1.05e-18	3.63e-09	1.00e+00
 4.60209e+13	1.18e-18	3.92e-09	1.00e+00
 4.76353e+13	1.35e-18	4.27e-09	1.00e+00
 4.91589e+13	1.53e-18	4.61e-09	1.00e+00
 5.08279e+13	1.75e-18	4.99e-09	1.00e+00
 5.26956e+13	2.03e-18	5.45e-09	1.00e+00
 5.44637e+13	2.32e-18	5.90e-09	1.00e+00
 5.61007e+13	2.63e-18	6.34e-09	1.00e+00
 5.79252e+13	3.01e-18	6.84e-09	1.00e+00
 5.99710e+13	3.49e-18	7.44e-09	1.00e+00
 6.19013e+13	3.99e-18	8.02e-09	1.00e+00
 6.40074e+13	4.61e-18	8.68e-09	1.00e+00
 6.63377e+13	5.39e-18	9.45e-09	1.00e+00
 6.84967e+13	6.20e-18	1.02e-08	1.00e+00
 7.08408e+13	7.18e-18	1.10e-08	1.00e+00
 7.34624e+13	8.43e-18	1.20e-08	1.00e+00
 7.59345e+13	9.76e-18	1.30e-08	1.00e+00
 7.86380e+13	1.14e-17	1.40e-08	1.00e+00
 8.16561e+13	1.35e-17	1.53e-08	1.00e+00
 8.44992e+13	1.57e-17	1.66e-08	1.00e+00
 8.75843e+13	1.83e-17	1.80e-08	1.00e+00
 9.10449e+13	2.18e-17	1.97e-08	1.00e+00
 9.43798e+13	2.55e-17	2.13e-08	1.00e+00
 9.79209e+13	3.00e-17	2.32e-08	1.00e+00
 1.01868e+14	3.57e-17	2.53e-08	1.00e+00
 1.05841e+14	4.22e-17	2.76e-08	1.00e+00
 1.09973e+14	4.98e-17	3.00e-08	1.00e+00
 1.14402e+14	5.94e-17	3.28e-08	1.00e+00
 1.18579e+14	6.93e-17	3.55e-08	1.00e+00
 1.22351e+14	7.94e-17	3.80e-08	1.00e+00
 1.25930e+14	8.99e-17	4.05e-08	1.00e+00
 1.29899e+14	1.03e-16	4.33e-08	1.00e+00
 1.34340e+14	1.19e-16	4.65e-08	1.00e+00
 1.38539e+14	1.35e-16	4.97e-08	1.00e+00
 1.43144e+14	1.56e-16	5.33e-08	1.00e+00
 1.48313e+14	1.80e-16	5.75e-08	1.00e+00
 1.53121e+14	2.07e-16	6.16e-08	1.00e+00
 1.57556e+14	2.33e-16	6.54e-08	1.00e+00
 1.62601e+14	2.66e-16	6.99e-08	1.00e+00
 1.68777e+14	3.10e-16	7.55e-08	1.00e+00
 1.74945e+14	3.61e-16	8.15e-08	1.00e+00
 1.80330e+14	4.09e-16	8.68e-08	1.00e+00
 1.86170e+14	4.65e-16	9.27e-08	1.00e+00
 1.93276e+14	5.41e-16	1.00e-07	1.00e+00
 2.00502e+14	6.30e-16	1.08e-07	1.00e+00
 2.07063e+14	7.17e-16	1.15e-07	1.00e+00
 2.14287e+14	8.22e-16	1.23e-07	1.00e+00
 2.22752e+14	9.59e-16	1.33e-07	1.00e+00
 2.31168e+14	1.11e-15	1.44e-07	1.00e+00
 2.39158e+14	1.27e-15	1.54e-07	1.00e+00
 2.47991e+14	1.47e-15	1.65e-07	1.00e+00
 2.57940e+14	1.72e-15	1.79e-07	1.00e+00
 2.67984e+14	1.99e-15	1.93e-07	1.00e+00
 2.78429e+14	2.31e-15	2.08e-07	1.00e+00
 2.89596e+14	2.70e-15	2.25e-07	1.00e+00
 3.01210e+14	3.15e-15	2.43e-07	1.00e+00
 3.12449e+14	3.63e-15	2.61e-07	1.00e+00
 3.23019e+14	4.13e-15	2.79e-07	1.00e+00
 3.32978e+14	4.65e-15	2.96e-07	1.00e+00
 3.43808e+14	5.27e-15	3.16e-07	1.00e+00
 3.55882e+14	6.03e-15	3.38e-07	1.00e+00
 3.67284e+14	6.81e-15	3.60e-07	1.00e+00
 3.79817e+14	7.76e-15	3.84e-07	1.00e+00
 3.93862e+14	8.94e-15	4.13e-07	1.00e+00
 4.07255e+14	1.02e-14	4.41e-07	1.00e+00
 4.21978e+14	1.17e-14	4.73e-07	1.00e+00
 4.38541e+14	1.36e-14	5.11e-07	1.00e+00
 4.54431e+14	1.56e-14	5.48e-07	1.00e+00
 4.71303e+14	1.79e-14	5.90e-07	1.00e+00
 4.90185e+14	2.09e-14	6.39e-07	1.00e+00
 5.07663e+14	2.40e-14	6.84e-07	1.00e+00
 5.22821e+14	2.69e-14	7.28e-07	1.00e+00
 5.39623e+14	3.04e-14	7.75e-07	1.00e+00
 5.60118e+14	3.52e-14	8.37e-07	1.00e+00
 5.80850e+14	4.04e-14	8.99e-07	1.00e+00
 5.99527e+14	4.58e-14	9.60e-07	1.00e+00
 6.20096e+14	5.21e-14	1.03e-06	1.00e+00
 6.44371e+14	6.06e-14	1.11e-06	1.00e+00
 6.68151e+14	6.97e-14	1.20e-06	1.00e+00
 6.89875e+14	7.89e-14	1.28e-06	1.00e+00
 7.14242e+14	9.00e-14	1.37e-06	1.00e+00
 7.42589e+14	1.05e-13	1.49e-06	1.00e+00
 7.70412e+14	1.20e-13	1.60e-06	1.00e+00
 7.96787e+14	1.37e-13	1.72e-06	1.00e+00
 8.26127e+14	1.57e-13	1.85e-06	1.00e+00
 8.59202e+14	1.82e-13	2.00e-06	1.00e+00
 8.90593e+14	2.09e-13	2.15e-06	1.00e+00
 9.19255e+14	2.35e-13	2.30e-06	1.00e+00
 9.51759e+14	2.68e-13	2.46e-06	1.00e+00
 9.89548e+14	3.10e-13	2.67e-06	1.00e+00
 1.02549e+15	3.54e-13	2.87e-06	1.00e+00
 1.05785e+15	3.97e-13	3.05e-06	1.00e+00
 1.08851e+15	4.41e-13	3.24e-06	1.00e+00
 1.12264e+15	4.93e-13	3.45e-06	1.00e+00
 1.16058e+15	5.58e-13	3.69e-06	1.00e+00
 1.19632e+15	6.22e-13	3.93e-06	1.00e+00
 1.23562e+15	7.00e-13	4.19e-06	1.00e+00
 1.27965e+15	7.95e-13	4.50e-06	1.00e+00
 1.32115e+15	8.90e-13	4.80e-06	1.00e+00
 1.36643e+15	1.01e-12	5.14e-06	1.00e+00
 1.41646e+15	1.14e-12	5.53e-06	1.00e+00
 1.46289e+15	1.28e-12	5.91e-06	1.00e+00
 1.51348e+15	1.44e-12	6.33e-06	1.00e+00
 1.56984e+15	1.64e-12	6.83e-06	1.00e+00
 1.62246e+15	1.84e-12	7.29e-06	1.00e+00
 1.67965e+15	2.08e-12	7.84e-06	1.00e+00
 1.74328e+15	2.37e-12	8.45e-06	1.00e+00
 1.80309e+15	2.66e-12	9.07e-06	1.00e+00
 1.86825e+15	3.01e-12	9.76e-06	1.00e+00
 1.94080e+15	3.44e-12	1.06e-05	1.00e+00
 2.00943e+15	3.88e-12	1.13e-05	1.00e+00
 2.08303e+15	4.40e-12	1.22e-05	1.00e+00
 2.16638e+15	5.04e-12	1.33e-05	1.00e+00
 2.24857e+15	5.74e-12	1.44e-05	1.00e+00
 2.32781e+15	6.48e-12	1.55e-05	1.00e+00
 2.41471e+15	7.37e-12	1.67e-05	1.00e+00
 2.50942e+15	8.43e-12	1.81e-05	1.00e+00
 2.58935e+15	9.43e-12	1.94e-05	1.00e+00
 2.65019e+15	1.02e-11	2.04e-05	1.00e+00
 2.71517e+15	1.12e-11	2.15e-05	1.00e+00
 2.79964e+15	1.25e-11	2.30e-05	1.00e+00
 2.89168e+15	1.40e-11	2.47e-05	1.00e+00
 2.97590e+15	1.56e-11	2.63e-05	1.00e+00
 3.06775e+15	1.73e-11	2.81e-05	1.00e+00
 3.17154e+15	1.96e-11	3.03e-05	1.00e+00
 3.27076e+15	2.19e-11	3.24e-05	1.00e+00
 3.37967e+15	2.48e-11	3.49e-05	1.00e+00
 3.50086e+15	2.82e-11	3.77e-05	1.00e+00
 3.61412e+15	3.17e-11	4.05e-05	1.00e+00
 3.73747e+15	3.58e-11	4.37e-05	1.00e+00
 3.87462e+15	4.12e-11	4.74e-05	1.00e+00
 4.00197e+15	4.65e-11	5.10e-05	1.00e+00
 4.13978e+15	5.30e-11	5.51e-05	1.00e+00
 4.29343e+15	6.09e-11	5.99e-05	1.00e+00
 4.43724e+15	6.84e-11	6.44e-05	1.00e+00
 4.59375e+15	7.88e-11	6.98e-05	1.00e+00
 4.76821e+15	9.11e-11	7.61e-05	1.00e+00
 4.93188e+15	1.03e-10	8.20e-05	1.00e+00
 5.10975e+15	1.19e-10	8.90e-05	1.00e+00
 5.30867e+15	1.38e-10	9.71e-05	1.00e+00
 5.49801e+15	1.58e-10	1.05e-04	1.00e+00
 5.70042e+15	1.82e-10	1.14e-04	1.00e+00
 5.92847e+15	2.13e-10	1.25e-04	1.00e+00
 6.11893e+15	2.39e-10	1.34e-04	1.00e+00
 6.25525e+15	2.62e-10	1.41e-04	1.00e+00
 6.39814e+15	2.86e-10	1.49e-04	1.00e+00
 6.58389e+15	3.21e-10	1.59e-04	1.00e+00
 6.78913e+15	3.58e-10	1.70e-04	1.00e+00
 6.98058e+15	4.05e-10	1.81e-04	1.00e+00
 7.19031e+15	4.54e-10	1.94e-04	1.00e+00
 7.42472e+15	5.18e-10	2.09e-04	1.00e+00
 7.64521e+15	5.82e-10	2.23e-04	1.00e+00
 7.88585e+15	6.51e-10	2.39e-04	1.00e+00
 8.15682e+15	7.57e-10	2.59e-04	1.00e+00
 8.41475e+15	8.56e-10	2.77e-04	1.00e+00
 8.69760e+15	9.64e-10	2.98e-04	1.00e+00
 9.03463e+15	1.14e-09	3.26e-04	1.00e+00
 9.36287e+15	1.30e-09	3.53e-04	1.00e+00
 9.65316e+15	1.48e-09	3.78e-04	1.00e+00
 9.97337e+15	1.69e-09	4.07e-04	1.00e+00
 1.03575e+16	2.00e-09	4.44e-04	1.00e+00
 1.07405e+16	2.31e-09	4.82e-04	1.00e+00
 1.10901e+16	2.64e-09	5.18e-04	9.99e-01
 1.14801e+16	3.01e-09	5.60e-04	9.99e-01
 1.19346e+16	3.60e-09	6.12e-04	9.99e-01
 1.23785e+16	4.16e-09	6.65e-04	9.99e-01
 1.27942e+16	4.78e-09	7.17e-04	9.99e-01
 1.31574e+16	5.40e-09	7.64e-04	9.99e-01
 1.34606e+16	5.93e-09	8.05e-04	9.99e-01
 1.37958e+16	6.58e-09	8.51e-04	9.99e-01
 1.42317e+16	7.39e-09	9.13e-04	9.99e-01
 1.46882e+16	8.60e-09	9.83e-04	9.99e-01
 1.50744e+16	9.58e-09	1.04e-03	9.99e-01
 1.54797e+16	1.07e-08	1.11e-03	9.99e-01
 1.60065e+16	1.22e-08	1.20e-03	9.99e-01
 1.65514e+16	1.43e-08	1.30e-03	9.99e-01
 1.70045e+16	1.60e-08	1.38e-03	9.99e-01
 1.74784e+16	1.81e-08	1.47e-03	9.99e-01
 1.80945e+16	2.06e-08	1.60e-03	9.98e-01
 1.87288e+16	2.44e-08	1.74e-03	9.98e-01
 1.92605e+16	2.76e-08	1.86e-03	9.98e-01
 1.98251e+16	3.12e-08	2.00e-03	9.98e-01
 2.05471e+16	3.61e-08	2.18e-03	9.98e-01
 2.12672e+16	4.29e-08	2.38e-03	9.98e-01
 2.18440e+16	4.83e-08	2.55e-03	9.97e-01
 2.24410e+16	5.48e-08	2.73e-03	9.97e-01
 2.32170e+16	6.39e-08	2.99e-03	9.97e-01
 2.40134e+16	7.54e-08	3.28e-03	9.97e-01
 2.46467e+16	8.51e-08	3.52e-03	9.96e-01
 2.52804e+16	9.66e-08	3.79e-03	9.96e-01
 2.61042e+16	1.13e-07	4.17e-03	9.96e-01
 2.69317e+16	1.33e-07	4.58e-03	9.95e-01
 2.75300e+16	1.49e-07	4.90e-03	9.95e-01
 2.80741e+16	1.66e-07	5.23e-03	9.95e-01
 2.87814e+16	1.90e-07	5.70e-03	9.94e-01
 2.95040e+16	2.21e-07	6.22e-03	9.94e-01
 3.00856e+16	2.46e-07	6.67e-03	9.93e-01
 3.06809e+16	2.76e-07	7.21e-03	9.93e-01
 3.13383e+16	3.23e-07	7.88e-03	9.92e-01
 3.19208e+16	3.62e-07	8.51e-03	9.91e-01
 3.24320e+16	4.03e-07	9.15e-03	9.91e-01
 3.30058e+16	4.70e-07	9.99e-03	9.90e-01
 3.36192e+16	5.32e-07	1.10e-02	9.89e-01
 3.41610e+16	6.23e-07	1.20e-02	9.88e-01
 3.46249e+16	7.01e-07	1.30e-02	9.87e-01
 3.50457e+16	7.86e-07	1.40e-02	9.86e-01
 3.55282e+16	8.88e-07	1.54e-02	9.85e-01
 3.60421e+16	1.05e-06	1.71e-02	9.83e-01
 3.64715e+16	1.19e-06	1.87e-02	9.81e-01
 3.68354e+16	1.37e-06	2.04e-02	9.80e-01
 3.72396e+16	1.56e-06	2.25e-02	9.77e-01
 3.76714e+16	1.89e-06	2.53e-02	9.75e-01
 3.80272e+16	2.18e-06	2.80e-02	9.72e-01
 3.83202e+16	2.47e-06	3.07e-02	9.69e-01
 3.86436e+16	2.84e-06	3.42e-02	9.66e-01
 3.89911e+16	3.36e-06	3.87e-02	9.61e-01
 3.92850e+16	3.96e-06	4.34e-02	9.57e-01
 3.95259e+16	4.68e-06	4.82e-02	9.52e-01
 3.97424e+16	5.27e-06	5.32e-02	9.47e-01
 3.99834e+16	6.19e-06	5.99e-02	9.40e-01
 4.02384e+16	7.44e-06	6.86e-02	9.31e-01
 4.04484e+16	8.81e-06	7.76e-02	9.22e-01
 4.06182e+16	1.04e-05	8.64e-02	9.14e-01
 4.07709e+16	1.18e-05	9.58e-02	9.04e-01
 4.09412e+16	1.39e-05	1.09e-01	8.91e-01
 4.11214e+16	1.67e-05	1.25e-01	8.75e-01
 4.12696e+16	1.98e-05	1.42e-01	8.58e-01
 4.13894e+16	2.32e-05	1.58e-01	8.42e-01
 4.14978e+16	2.62e-05	1.75e-01	8.25e-01
 4.16194e+16	3.08e-05	1.98e-01	8.02e-01
 4.17485e+16	3.72e-05	2.27e-01	7.73e-01
 4.18544e+16	4.30e-05	2.55e-01	7.45e-01
 4.19427e+16	4.96e-05	2.82e-01	7.18e-01
 4.20205e+16	5.57e-05	3.08e-01	6.92e-01
 4.20869e+16	6.18e-05	3.33e-01	6.67e-01
 4.21591e+16	6.94e-05	3.64e-01	6.36e-01
 4.22361e+16	7.83e-05	3.98e-01	6.02e-01
 4.23031e+16	8.69e-05	4.31e-01	5.69e-01
 4.23644e+16	9.56e-05	4.62e-01	5.38e-01
 4.24343e+16	1.07e-04	5.00e-01	5.00e-01
 4.25108e+16	1.19e-04	5.42e-01	4.58e-01
 4.25809e+16	1.32e-04	5.82e-01	4.18e-01
 4.26572e+16	1.46e-04	6.26e-01	3.74e-01
 4.27422e+16	1.63e-04	6.72e-01	3.28e-01
 4.28244e+16	1.78e-04	7.15e-01	2.85e-01
 4.29173e+16	1.96e-04	7.59e-01	2.40e-01
 4.30381e+16	2.18e-04	8.09e-01	1.90e-01
 4.31682e+16	2.39e-04	8.53e-01	1.47e-01
 4.33106e+16	2.59e-04	8.90e-01	1.10e-01
 4.34957e+16	2.81e-04	9.24e-01	7.61e-02
 4.37364e+16	3.04e-04	9.52e-01	4.82e-02
 4.40492e+16	3.27e-04	9.72e-01	2.79e-02
 4.44558e+16	3.51e-04	9.85e-01	1.50e-02
 4.49134e+16	3.75e-04	9.91e-01	8.20e-03
 4.53568e+16	4.01e-04	9.95e-01	4.94e-03
 4.57831e+16	4.26e-04	9.96e-01	3.21e-03
 4.62673e+16	4.60e-04	9.97e-01	2.05e-03
 4.67732e+16	5.01e-04	9.98e-01	1.36e-03
 4.71769e+16	5.41e-04	9.98e-01	1.01e-03
 4.74958e+16	5.77e-04	9.99e-01	8.06e-04
 4.78346e+16	6.21e-04	9.99e-01	6.35e-04
 4.82040e+16	6.78e-04	9.99e-01	4.99e-04
 4.84630e+16	7.26e-04	9.99e-01	4.31e-04
 4.85938e+16	7.53e-04	9.99e-01	4.00e-04
 4.87085e+16	7.78e-04	9.99e-01	3.73e-04
 4.88576e+16	8.13e-04	9.99e-01	3.40e-04
 4.90514e+16	8.65e-04	9.99e-01	3.01e-04
 4.92481e+16	9.21e-04	9.99e-01	2.70e-04
 4.93981e+16	9.72e-04	9.99e-01	2.49e-04
 4.95193e+16	1.02e-03	9.99e-01	2.33e-04
 4.96535e+16	1.07e-03	9.99e-01	2.16e-04
 4.97891e+16	1.13e-03	9.99e-01	2.00e-04
 4.98933e+16	1.18e-03	9.99e-01	1.90e-04
 4.99796e+16	1.22e-03	9.99e-01	1.81e-04
 5.00761e+16	1.28e-03	9.99e-01	1.72e-04
 5.01834e+16	1.34e-03	9.98e-01	1.63e-04
 5.02803e+16	1.41e-03	9.98e-01	1.54e-04
 5.03646e+16	1.47e-03	9.98e-01	1.48e-04
 5.04448e+16	1.53e-03	9.98e-01	1.42e-04
 5.05370e+16	1.61e-03	9.98e-01	1.35e-04
 5.06345e+16	1.71e-03	9.98e-01	1.28e-04
 5.07153e+16	1.79e-03	9.98e-01	1.24e-04
 5.07826e+16	1.87e-03	9.98e-01	1.19e-04
 5.08562e+16	1.96e-03	9.98e-01	1.15e-04
 5.09382e+16	2.07e-03	9.98e-01	1.10e-04
 5.10118e+16	2.18e-03	9.98e-01	1.06e-04
 5.10744e+16	2.28e-03	9.98e-01	1.03e-04
 5.11419e+16	2.40e-03	9.98e-01	9.95e-05
 5.12154e+16	2.54e-03	9.97e-01	9.59e-05
 5.12798e+16	2.68e-03	9.97e-01	9.30e-05
 5.13354e+16	2.81e-03	9.97e-01	9.06e-05
 5.13967e+16	2.97e-03	9.97e-01	8.77e-05
 5.14634e+16	3.17e-03	9.97e-01	8.48e-05
 5.15218e+16	3.35e-03	9.97e-01	8.26e-05
 5.15724e+16	3.54e-03	9.96e-01	8.06e-05
 5.16281e+16	3.75e-03	9.96e-01	7.84e-05
 5.16893e+16	4.02e-03	9.96e-01	7.61e-05
 5.17442e+16	4.30e-03	9.96e-01	7.41e-05
 5.17932e+16	4.57e-03	9.95e-01	7.25e-05
 5.18481e+16	4.92e-03	9.95e-01	7.05e-05
 5.19088e+16	5.37e-03	9.95e-01	6.85e-05
 5.19645e+16	5.85e-03	9.94e-01	6.67e-05
 5.20147e+16	6.34e-03	9.94e-01	6.54e-05
 5.20704e+16	6.99e-03	9.93e-01	6.37e-05
 5.21281e+16	7.79e-03	9.92e-01	6.20e-05
 5.21734e+16	8.57e-03	9.91e-01	6.09e-05
 5.22095e+16	9.27e-03	9.91e-01	6.00e-05
 5.22484e+16	1.02e-02	9.90e-01	5.89e-05
 5.22915e+16	1.13e-02	9.89e-01	5.79e-05
 5.23294e+16	1.26e-02	9.87e-01	5.71e-05
 5.23607e+16	1.38e-02	9.86e-01	5.67e-05
 5.23940e+16	1.53e-02	9.85e-01	5.61e-05
 5.24302e+16	1.72e-02	9.83e-01	5.57e-05
 5.24614e+16	1.93e-02	9.81e-01	5.53e-05
 5.24870e+16	2.13e-02	9.79e-01	5.52e-05
 5.25141e+16	2.39e-02	9.76e-01	5.49e-05
 5.25428e+16	2.71e-02	9.73e-01	5.51e-05
 5.25668e+16	3.04e-02	9.69e-01	5.52e-05
 5.25868e+16	3.36e-02	9.66e-01	5.57e-05
 5.26081e+16	3.77e-02	9.62e-01	5.60e-05
 5.26307e+16	4.27e-02	9.57e-01	5.68e-05
 5.26497e+16	4.79e-02	9.52e-01	5.75e-05
 5.26658e+16	5.28e-02	9.47e-01	5.85e-05
 5.26823e+16	5.90e-02	9.41e-01	5.93e-05
 5.26996e+16	6.61e-02	9.34e-01	6.08e-05
 5.27152e+16	7.39e-02	9.26e-01	6.20e-05
 5.27292e+16	8.16e-02	9.18e-01	6.36e-05
 5.27418e+16	8.99e-02	9.10e-01	6.49e-05
 5.27539e+16	9.86e-02	9.01e-01	6.67e-05
 5.27656e+16	1.08e-01	8.92e-01	6.81e-05
 5.27764e+16	1.18e-01	8.82e-01	7.00e-05
 5.27847e+16	1.26e-01	8.74e-01	7.13e-05
 5.27899e+16	1.32e-01	8.68e-01	7.22e-05
 5.27947e+16	1.37e-01	8.63e-01	7.30e-05
 5.28003e+16	1.44e-01	8.56e-01	7.40e-05
 5.28064e+16	1.52e-01	8.48e-01	7.52e-05
 5.28122e+16	1.60e-01	8.40e-01	7.63e-05
 5.28177e+16	1.67e-01	8.33e-01	7.75e-05
 5.28231e+16	1.75e-01	8.24e-01	7.86e-05
 5.28285e+16	1.84e-01	8.16e-01	7.99e-05
 5.28338e+16	1.93e-01	8.07e-01	8.09e-05
 5.28391e+16	2.02e-01	7.98e-01	8.22e-05
 5.28443e+16	2.12e-01	7.88e-01	8.32e-05
 5.28495e+16	2.22e-01	7.78e-01	8.47e-05
 5.28546e+16	2.32e-01	7.67e-01	8.58e-05
 5.28597e+16	2.44e-01	7.56e-01	8.69e-05
 5.28646e+16	2.55e-01	7.45e-01	8.81e-05
 5.28694e+16	2.66e-01	7.34e-01	8.94e-05
 5.28743e+16	2.78e-01	7.22e-01	9.04e-05
 5.28791e+16	2.90e-01	7.09e-01	9.16e-05
 5.28837e+16	3.03e-01	6.97e-01	9.27e-05
 5.28884e+16	3.16e-01	6.84e-01	9.38e-05
 5.28930e+16	3.29e-01	6.71e-01	9.48e-05
 5.28975e+16	3.43e-01	6.57e-01	9.58e-05
 5.29020e+16	3.57e-01	6.43e-01	9.68e-05
 5.29064e+16	3.71e-01	6.29e-01	9.77e-05
 5.29107e+16	3.85e-01	6.15e-01	9.86e-05
 5.29150e+16	4.00e-01	6.00e-01	9.93e-05
 5.29192e+16	4.14e-01	5.86e-01	1.00e-04
 5.29233e+16	4.29e-01	5.71e-01	1.01e-04
 5.29275e+16	4.44e-01	5.56e-01	1.01e-04
 5.29315e+16	4.59e-01	5.41e-01	1.02e-04
 5.29354e+16	4.74e-01	5.26e-01	1.02e-04
 5.29393e+16	4.89e-01	5.11e-01	1.03e-04
 5.29432e+16	5.03e-01	4.97e-01	1.03e-04
 5.29468e+16	5.17e-01	4.83e-01	1.04e-04
 5.29504e+16	5.31e-01	4.68e-01	1.04e-04
 5.29539e+16	5.45e-01	4.54e-01	1.04e-04
 5.29574e+16	5.60e-01	4.40e-01	1.04e-04
 5.29609e+16	5.73e-01	4.27e-01	1.04e-04
 5.29642e+16	5.86e-01	4.13e-01	1.04e-04
 5.29675e+16	5.99e-01	4.00e-01	1.04e-04
 5.29706e+16	6.12e-01	3.88e-01	1.04e-04
 5.29738e+16	6.24e-01	3.75e-01	1.03e-04
 5.29769e+16	6.37e-01	3.63e-01	1.03e-04
 5.29799e+16	6.48e-01	3.52e-01	1.03e-04
 5.29828e+16	6.60e-01	3.40e-01	1.02e-04
 5.29857e+16	6.71e-01	3.29e-01	1.02e-04
 5.29886e+16	6.81e-01	3.18e-01	1.01e-04
 5.29914e+16	6.92e-01	3.08e-01	1.00e-04
 5.29942e+16	7.02e-01	2.98e-01	9.98e-05
 5.29969e+16	7.12e-01	2.88e-01	9.91e-05
 5.29996e+16	7.22e-01	2.78e-01	9.84e-05
 5.30022e+16	7.31e-01	2.68e-01	9.77e-05
 5.30049e+16	7.41e-01	2.59e-01	9.68e-05
 5.30074e+16	7.49e-01	2.50e-01	9.60e-05
 5.30100e+16	7.58e-01	2.42e-01	9.51e-05
 5.30125e+16	7.66e-01	2.34e-01	9.41e-05
 5.30146e+16	7.73e-01	2.27e-01	9.33e-05
 5.30161e+16	7.78e-01	2.22e-01	9.26e-05
 5.30175e+16	7.83e-01	2.17e-01	9.18e-05
 5.30191e+16	7.87e-01	2.12e-01	9.10e-05
 5.30206e+16	7.92e-01	2.07e-01	9.02e-05
 5.30222e+16	7.97e-01	2.03e-01	8.95e-05
 5.30237e+16	8.02e-01	1.98e-01	8.87e-05
 5.30252e+16	8.06e-01	1.94e-01	8.80e-05
 5.30266e+16	8.10e-01	1.89e-01	8.72e-05
 5.30281e+16	8.15e-01	1.85e-01	8.65e-05
 5.30295e+16	8.19e-01	1.81e-01	8.57e-05
 5.30310e+16	8.23e-01	1.77e-01	8.49e-05
 5.30324e+16	8.27e-01	1.73e-01	8.41e-05
 5.30339e+16	8.31e-01	1.69e-01	8.33e-05
 5.30355e+16	8.35e-01	1.65e-01	8.25e-05
 5.30372e+16	8.40e-01	1.60e-01	8.15e-05
 5.30389e+16	8.44e-01	1.56e-01	8.05e-05
 5.30408e+16	8.49e-01	1.51e-01	7.93e-05
 5.30429e+16	8.55e-01	1.45e-01	7.81e-05
 5.30452e+16	8.60e-01	1.40e-01	7.67e-05
 5.30473e+16	8.65e-01	1.35e-01	7.54e-05
 5.30493e+16	8.70e-01	1.30e-01	7.40e-05
 5.30512e+16	8.74e-01	1.26e-01	7.26e-05
 5.30531e+16	8.78e-01	1.22e-01	7.11e-05
 5.30549e+16	8.82e-01	1.18e-01	6.97e-05
 5.30566e+16	8.86e-01	1.14e-01	6.84e-05
 5.30582e+16	8.89e-01	1.11e-01	6.71e-05
 5.30596e+16	8.92e-01	1.08e-01	6.60e-05
 5.30609e+16	8.95e-01	1.05e-01	6.49e-05
 5.30621e+16	8.97e-01	1.03e-01	6.38e-05
 5.30631e+16	8.99e-01	1.01e-01	6.29e-05
 5.30641e+16	9.01e-01	9.88e-02	6.20e-05
 5.30650e+16	9.03e-01	9.70e-02	6.11e-05
 5.30659e+16	9.05e-01	9.50e-02	6.02e-05
 5.30670e+16	9.07e-01	9.30e-02	5.93e-05
 5.30679e+16	9.09e-01	9.12e-02	5.84e-05
 5.30688e+16	9.10e-01	8.96e-02	5.76e-05
 5.30696e+16	9.12e-01	8.80e-02	5.67e-05
 5.30703e+16	9.13e-01	8.67e-02	5.60e-05
 5.30711e+16	9.15e-01	8.52e-02	5.53e-05
 5.30719e+16	9.16e-01	8.37e-02	5.44e-05
 5.30727e+16	9.18e-01	8.23e-02	5.37e-05
 5.30734e+16	9.19e-01	8.10e-02	5.29e-05
 5.30740e+16	9.20e-01	7.98e-02	5.22e-05
 5.30747e+16	9.21e-01	7.85e-02	5.15e-05
 5.30755e+16	9.23e-01	7.72e-02	5.08e-05
 5.30762e+16	9.24e-01	7.60e-02	5.00e-05
 5.30768e+16	9.25e-01	7.49e-02	4.93e-05
 5.30774e+16	9.26e-01	7.38e-02	4.86e-05
 5.30779e+16	9.27e-01	7.28e-02	4.80e-05
 5.30785e+16	9.28e-01	7.17e-02	4.74e-05
 5.30792e+16	9.29e-01	7.06e-02	4.67e-05
 5.30798e+16	9.30e-01	6.96e-02	4.60e-05
 5.30803e+16	9.31e-01	6.86e-02	4.54e-05
 5.30808e+16	9.32e-01	6.77e-02	4.48e-05
 5.30814e+16	9.33e-01	6.68e-02	4.42e-05
 5.30819e+16	9.34e-01	6.59e-02	4.36e-05
 5.30824e+16	9.35e-01	6.50e-02	4.30e-05
 5.30830e+16	9.36e-01	6.41e-02	4.24e-05
 5.30835e+16	9.37e-01	6.32e-02	4.18e-05
 5.30840e+16	9.38e-01	6.23e-02	4.12e-05
 5.30846e+16	9.39e-01	6.14e-02	4.07e-05
 5.30851e+16	9.39e-01	6.06e-02	4.01e-05
 5.30856e+16	9.40e-01	5.97e-02	3.95e-05
 5.30862e+16	9.41e-01	5.88e-02	3.89e-05
 5.30867e+16	9.42e-01	5.80e-02	3.83e-05
 5.30872e+16	9.43e-01	5.71e-02	3.78e-05
 5.30878e+16	9.44e-01	5.63e-02	3.72e-05
 5.30883e+16	9.44e-01	5.55e-02	3.66e-05
 5.30888e+16	9.45e-01	5.47e-02	3.61e-05
 5.30893e+16	9.46e-01	5.39e-02	3.55e-05
 5.30899e+16	9.47e-01	5.31e-02	3.50e-05
 5.30904e+16	9.48e-01	5.23e-02	3.45e-05
 5.30909e+16	9.48e-01	5.15e-02	3.39e-05
 5.30915e+16	9.49e-01	5.08e-02	3.34e-05
 5.30920e+16	9.50e-01	5.00e-02	3.29e-05
 5.30925e+16	9.51e-01	4.93e-02	3.25e-05
 5.30931e+16	9.51e-01	4.86e-02	3.20e-05
 5.30936e+16	9.52e-01	4.79e-02	3.15e-05
 5.30941e+16	9.53e-01	4.72e-02	3.11e-05
 5.30947e+16	9.53e-01	4.65e-02	3.07e-05
 5.30952e+16	9.54e-01	4.59e-02	3.02e-05
 5.30957e+16	9.55e-01	4.52e-02	2.98e-05
 5.30962e+16	9.55e-01	4.46e-02	2.94e-05
 5.30968e+16	9.56e-01	4.39e-02	2.89e-05
 5.30973e+16	9.57e-01	4.33e-02	2.85e-05
 5.30979e+16	9.57e-01	4.26e-02	2.81e-05
 5.30986e+16	9.58e-01	4.18e-02	2.76e-05
 5.30992e+16	9.59e-01	4.12e-02	2.71e-05
 5.30997e+16	9.59e-01	4.06e-02	2.68e-05
 5.31003e+16	9.60e-01	4.00e-02	2.63e-05
 5.31008e+16	9.61e-01	3.94e-02	2.60e-05
 5.31014e+16	9.61e-01	3.88e-02	2.56e-05
 5.31021e+16	9.62e-01	3.81e-02	2.52e-05
 5.31027e+16	9.62e-01	3.75e-02	2.48e-05
 5.31032e+16	9.63e-01	3.69e-02	2.44e-05
 5.31038e+16	9.64e-01	3.64e-02	2.41e-05
 5.31045e+16	9.64e-01	3.57e-02	2.37e-05
 5.31051e+16	9.65e-01	3.52e-02	2.33e-05
 5.31056e+16	9.65e-01	3.47e-02	2.30e-05
 5.31062e+16	9.66e-01	3.41e-02	2.26e-05
 5.31070e+16	9.67e-01	3.34e-02	2.22e-05
 5.31079e+16	9.67e-01	3.27e-02	2.17e-05
 5.31087e+16	9.68e-01	3.21e-02	2.14e-05
 5.31094e+16	9.68e-01	3.15e-02	2.10e-05
 5.31100e+16	9.69e-01	3.10e-02	2.07e-05
 5.31107e+16	9.70e-01	3.04e-02	2.03e-05
 5.31115e+16	9.70e-01	2.99e-02	2.00e-05
 5.31122e+16	9.71e-01	2.93e-02	1.96e-05
 5.31130e+16	9.71e-01	2.88e-02	1.93e-05
 5.31138e+16	9.72e-01	2.82e-02	1.89e-05
 5.31145e+16	9.72e-01	2.77e-02	1.86e-05
 5.31152e+16	9.73e-01	2.73e-02	1.83e-05
 5.31160e+16	9.73e-01	2.68e-02	1.80e-05
 5.31168e+16	9.74e-01	2.62e-02	1.77e-05
 5.31175e+16	9.74e-01	2.58e-02	1.74e-05
 5.31183e+16	9.75e-01	2.53e-02	1.71e-05
 5.31192e+16	9.75e-01	2.48e-02	1.68e-05
 5.31200e+16	9.76e-01	2.43e-02	1.65e-05
 5.31208e+16	9.76e-01	2.38e-02	1.62e-05
 5.31218e+16	9.77e-01	2.33e-02	1.59e-05
 5.31226e+16	9.77e-01	2.29e-02	1.56e-05
 5.31235e+16	9.78e-01	2.24e-02	1.53e-05
 5.31245e+16	9.78e-01	2.19e-02	1.50e-05
 5.31255e+16	9.79e-01	2.15e-02	1.47e-05
 5.31265e+16	9.79e-01	2.10e-02	1.44e-05
 5.31275e+16	9.79e-01	2.05e-02	1.41e-05
 5.31285e+16	9.80e-01	2.01e-02	1.39e-05
 5.31296e+16	9.80e-01	1.96e-02	1.36e-05
 5.31308e+16	9.81e-01	1.91e-02	1.33e-05
 5.31318e+16	9.81e-01	1.87e-02	1.30e-05
 5.31330e+16	9.82e-01	1.82e-02	1.27e-05
 5.31342e+16	9.82e-01	1.78e-02	1.24e-05
 5.31354e+16	9.83e-01	1.74e-02	1.22e-05
 5.31366e+16	9.83e-01	1.69e-02	1.19e-05
 5.31380e+16	9.83e-01	1.65e-02	1.16e-05
 5.31392e+16	9.84e-01	1.61e-02	1.14e-05
 5.31406e+16	9.84e-01	1.57e-02	1.11e-05
 5.31420e+16	9.85e-01	1.53e-02	1.08e-05
 5.31433e+16	9.85e-01	1.49e-02	1.06e-05
 5.31448e+16	9.86e-01	1.45e-02	1.03e-05
 5.31464e+16	9.86e-01	1.41e-02	1.01e-05
 5.31478e+16	9.86e-01	1.37e-02	9.85e-06
 5.31493e+16	9.87e-01	1.34e-02	9.59e-06
 5.31510e+16	9.87e-01	1.30e-02	9.35e-06
 5.31526e+16	9.87e-01	1.27e-02	9.14e-06
 5.31542e+16	9.88e-01	1.23e-02	8.90e-06
 5.31561e+16	9.88e-01	1.20e-02	8.68e-06
 5.31577e+16	9.88e-01	1.17e-02	8.48e-06
 5.31595e+16	9.89e-01	1.13e-02	8.26e-06
 5.31619e+16	9.89e-01	1.09e-02	7.99e-06
 5.31644e+16	9.89e-01	1.06e-02	7.75e-06
 5.31667e+16	9.90e-01	1.02e-02	7.53e-06
 5.31692e+16	9.90e-01	9.89e-03	7.29e-06
 5.31725e+16	9.91e-01	9.49e-03	7.02e-06
 5.31764e+16	9.91e-01	9.06e-03	6.73e-06
 5.31804e+16	9.91e-01	8.68e-03	6.47e-06
 5.31847e+16	9.92e-01	8.32e-03	6.21e-06
 5.31894e+16	9.92e-01	7.96e-03	5.96e-06
 5.31948e+16	9.92e-01	7.61e-03	5.71e-06
 5.32008e+16	9.93e-01	7.28e-03	5.47e-06
 5.32077e+16	9.93e-01	6.97e-03	5.24e-06
 5.32158e+16	9.93e-01	6.67e-03	5.02e-06
 5.32252e+16	9.94e-01	6.41e-03	4.82e-06
 5.32352e+16	9.94e-01	6.20e-03	4.66e-06
 5.32451e+16	9.94e-01	6.04e-03	4.53e-06
 5.32551e+16	9.94e-01	5.89e-03	4.40e-06
 5.32651e+16	9.94e-01	5.81e-03	4.34e-06
 5.32766e+16	9.94e-01	5.70e-03	4.25e-06
 5.32916e+16	9.94e-01	5.61e-03	4.17e-06
 5.33110e+16	9.94e-01	5.51e-03	4.06e-06
 5.33362e+16	9.95e-01	5.42e-03	3.97e-06
 5.33690e+16	9.95e-01	5.31e-03	3.85e-06
 5.34117e+16	9.95e-01	5.20e-03	3.71e-06
 5.34672e+16	9.95e-01	5.06e-03	3.54e-06
 5.35393e+16	9.95e-01	4.89e-03	3.34e-06
 5.36330e+16	9.95e-01	4.69e-03	3.09e-06
 5.37487e+16	9.96e-01	4.46e-03	2.83e-06
 5.38746e+16	9.96e-01	4.24e-03	2.57e-06
 5.40012e+16	9.96e-01	4.04e-03	2.35e-06
 5.41280e+16	9.96e-01	3.85e-03	2.14e-06
 5.42593e+16	9.96e-01	3.67e-03	1.95e-06
 5.43975e+16	9.97e-01	3.49e-03	1.77e-06
 5.45403e+16	9.97e-01	3.32e-03	1.60e-06
 5.46863e+16	9.97e-01	3.15e-03	1.45e-06
 5.48358e+16	9.97e-01	3.00e-03	1.31e-06
 5.49892e+16	9.97e-01	2.84e-03	1.18e-06
 5.51468e+16	9.97e-01	2.70e-03	1.06e-06
 5.53083e+16	9.97e-01	2.56e-03	9.54e-07
 5.54737e+16	9.98e-01	2.43e-03	8.56e-07
 5.56432e+16	9.98e-01	2.30e-03	7.68e-07
 5.58171e+16	9.98e-01	2.18e-03	6.87e-07
 5.59951e+16	9.98e-01	2.06e-03	6.15e-07
 5.61771e+16	9.98e-01	1.95e-03	5.48e-07
 5.63637e+16	9.98e-01	1.85e-03	4.89e-07
 5.65550e+16	9.98e-01	1.75e-03	4.36e-07
 5.67511e+16	9.98e-01	1.65e-03	3.87e-07
 5.69524e+16	9.98e-01	1.56e-03	3.43e-07
 5.71593e+16	9.99e-01	1.47e-03	3.04e-07
 5.73717e+16	9.99e-01	1.39e-03	2.68e-07
 5.75899e+16	9.99e-01	1.31e-03	2.37e-07
 5.78144e+16	9.99e-01	1.23e-03	2.08e-07
 5.80456e+16	9.99e-01	1.15e-03	1.83e-07
 5.82839e+16	9.99e-01	1.08e-03	1.60e-07
 5.85302e+16	9.99e-01	1.02e-03	1.39e-07
 5.87847e+16	9.99e-01	9.54e-04	1.21e-07
 5.90442e+16	9.99e-01	8.94e-04	1.05e-07
 5.93127e+16	9.99e-01	8.36e-04	9.10e-08
 5.95957e+16	9.99e-01	7.79e-04	7.81e-08
 5.98912e+16	9.99e-01	7.25e-04	6.68e-08
 6.01981e+16	9.99e-01	6.74e-04	5.68e-08
 6.05174e+16	9.99e-01	6.24e-04	4.81e-08
 6.08511e+16	9.99e-01	5.77e-04	4.04e-08
 6.12034e+16	9.99e-01	5.31e-04	3.37e-08
 6.15722e+16	1.00e+00	4.87e-04	2.78e-08
 6.19608e+16	1.00e+00	4.44e-04	2.28e-08
 6.23748e+16	1.00e+00	4.02e-04	1.84e-08
 6.28134e+16	1.00e+00	3.61e-04	1.47e-08
 6.32796e+16	1.00e+00	3.22e-04	1.15e-08
 6.37805e+16	1.00e+00	2.84e-04	8.85e-09
 6.43255e+16	1.00e+00	2.48e-04	6.65e-09
 6.49136e+16	1.00e+00	2.12e-04	4.87e-09
 6.55714e+16	1.00e+00	1.78e-04	3.41e-09
 6.63566e+16	1.00e+00	1.44e-04	2.24e-09
 6.72565e+16	1.00e+00	1.14e-04	1.40e-09
 6.81956e+16	1.00e+00	8.93e-05	8.68e-10
 6.92413e+16	1.00e+00	6.79e-05	5.05e-10
 7.05261e+16	1.00e+00	4.88e-05	2.62e-10
 7.19521e+16	1.00e+00	3.43e-05	1.31e-10
 7.34215e+16	1.00e+00	2.40e-05	6.49e-11
 7.49574e+16	1.00e+00	1.67e-05	3.17e-11
 7.65236e+16	1.00e+00	1.17e-05	1.56e-11
 7.80897e+16	1.00e+00	8.23e-06	7.81e-12
 7.96558e+16	1.00e+00	5.84e-06	3.96e-12
 8.12219e+16	1.00e+00	4.18e-06	2.05e-12
 8.27881e+16	1.00e+00	3.01e-06	1.08e-12
 8.43542e+16	1.00e+00	2.19e-06	5.72e-13
 8.59203e+16	1.00e+00	1.60e-06	3.08e-13
 8.74864e+16	1.00e+00	1.18e-06	1.68e-13
 8.90525e+16	1.00e+00	8.67e-07	9.30e-14
 9.06186e+16	1.00e+00	6.47e-07	5.22e-14
 9.21847e+16	1.00e+00	4.84e-07	2.95e-14
 9.39858e+16	1.00e+00	3.45e-07	1.52e-14
 9.60523e+16	1.00e+00	2.39e-07	7.42e-15
 9.81496e+16	1.00e+00	1.66e-07	3.65e-15
 1.00247e+17	1.00e+00	1.17e-07	1.84e-15
 1.02344e+17	1.00e+00	8.24e-08	9.32e-16
 1.04628e+17	1.00e+00	5.67e-08	4.50e-16
 1.07099e+17	1.00e+00	3.86e-08	2.13e-16
 1.09663e+17	1.00e+00	2.60e-08	9.89e-17
 1.12358e+17	1.00e+00	1.75e-08	4.57e-17
 1.15133e+17	1.00e+00	1.18e-08	2.10e-17
 1.17961e+17	1.00e+00	7.89e-09	9.69e-18
 1.20803e+17	1.00e+00	5.36e-09	4.58e-18
 1.23645e+17	1.00e+00	3.70e-09	2.22e-18
 1.26487e+17	1.00e+00	2.57e-09	1.09e-18
 1.29329e+17	1.00e+00	1.81e-09	5.47e-19
 1.32170e+17	1.00e+00	1.28e-09	2.79e-19
 1.35012e+17	1.00e+00	9.17e-10	1.45e-19
 1.37854e+17	1.00e+00	6.61e-10	7.62e-20
 1.40696e+17	1.00e+00	4.80e-10	4.07e-20
 1.43538e+17	1.00e+00	3.53e-10	2.22e-20
 1.46381e+17	1.00e+00	2.61e-10	1.22e-20
 1.49225e+17	1.00e+00	1.94e-10	6.83e-21
 1.52068e+17	1.00e+00	1.45e-10	0.00e+00
 1.54912e+17	1.00e+00	1.10e-10	0.00e+00
 1.57755e+17	1.00e+00	8.35e-11	0.00e+00
 1.61025e+17	1.00e+00	6.09e-11	0.00e+00
 1.64838e+17	1.00e+00	4.29e-11	0.00e+00
 1.68921e+17	1.00e+00	3.00e-11	0.00e+00
 1.73199e+17	1.00e+00	2.09e-11	0.00e+00
 1.77581e+17	1.00e+00	1.47e-11	0.00e+00
 1.82047e+17	1.00e+00	1.06e-11	0.00e+00
 1.86622e+17	1.00e+00	7.68e-12	0.00e+00
 1.91283e+17	1.00e+00	5.72e-12	0.00e+00
 1.95944e+17	1.00e+00	4.40e-12	0.00e+00
 2.00605e+17	1.00e+00	3.50e-12	0.00e+00
 2.05474e+17	1.00e+00	2.86e-12	0.00e+00
 2.10624e+17	1.00e+00	2.37e-12	0.00e+00
 2.15874e+17	1.00e+00	2.03e-12	0.00e+00
 2.21225e+17	1.00e+00	1.81e-12	0.00e+00
 2.26705e+17	1.00e+00	1.64e-12	0.00e+00
 2.32238e+17	1.00e+00	1.53e-12	0.00e+00
 2.38495e+17	1.00e+00	1.45e-12	0.00e+00
 2.45843e+17	1.00e+00	1.24e-12	0.00e+00
 2.53501e+17	1.00e+00	1.10e-12	0.00e+00
 2.61009e+17	1.00e+00	1.07e-12	0.00e+00
 2.68474e+17	1.00e+00	1.07e-12	0.00e+00
 2.76095e+17	1.00e+00	1.05e-12	0.00e+00
 2.83872e+17	1.00e+00	1.02e-12	0.00e+00
 2.91693e+17	1.00e+00	1.01e-12	0.00e+00
 2.99507e+17	1.00e+00	9.99e-13	0.00e+00
 3.07301e+17	1.00e+00	9.96e-13	0.00e+00
 3.15041e+17	1.00e+00	9.95e-13	0.00e+00
 3.22689e+17	1.00e+00	1.00e-12	0.00e+00
 3.30199e+17	1.00e+00	1.01e-12	0.00e+00
 3.37533e+17	1.00e+00	1.02e-12	0.00e+00
 3.44664e+17	1.00e+00	1.04e-12	0.00e+00
 3.51560e+17	1.00e+00	1.06e-12	0.00e+00
 3.58192e+17	1.00e+00	1.09e-12	0.00e+00
 3.64538e+17	1.00e+00	1.12e-12	0.00e+00
 3.70591e+17	1.00e+00	1.15e-12	0.00e+00
 3.76342e+17	1.00e+00	1.18e-12	0.00e+00
 3.81778e+17	1.00e+00	1.22e-12	0.00e+00
 3.86903e+17	1.00e+00	1.25e-12	0.00e+00
 3.91742e+17	1.00e+00	1.29e-12	0.00e+00
 3.96318e+17	1.00e+00	1.33e-12	0.00e+00
 4.00639e+17	1.00e+00	1.36e-12	0.00e+00
 4.04711e+17	1.00e+00	1.39e-12	0.00e+00
 4.08544e+17	1.00e+00	1.42e-12	0.00e+00
 4.12153e+17	1.00e+00	1.45e-12	0.00e+00
 4.15552e+17	1.00e+00	1.48e-12	0.00e+00
 4.18758e+17	1.00e+00	1.51e-12	0.00e+00
 4.21782e+17	1.00e+00	1.54e-12	0.00e+00
 4.24634e+17	1.00e+00	1.56e-12	0.00e+00
 4.27325e+17	1.00e+00	1.59e-12	0.00e+00
 4.29864e+17	1.00e+00	1.61e-12	0.00e+00
 4.32262e+17	1.00e+00	1.63e-12	0.00e+00
 4.34528e+17	1.00e+00	1.65e-12	0.00e+00
 4.36671e+17	1.00e+00	1.67e-12	0.00e+00
 4.38698e+17	1.00e+00	1.69e-12	0.00e+00
 4.40617e+17	1.00e+00	1.70e-12	0.00e+00
 4.42434e+17	1.00e+00	1.72e-12	0.00e+00
 4.44155e+17	1.00e+00	1.73e-12	0.00e+00
 4.45787e+17	1.00e+00	1.75e-12	0.00e+00
 4.47335e+17	1.00e+00	1.76e-12	0.00e+00
 4.48803e+17	1.00e+00	1.77e-12	0.00e+00
 4.50198e+17	1.00e+00	1.78e-12	0.00e+00
 4.51523e+17	1.00e+00	1.80e-12	0.00e+00
 4.52782e+17	1.00e+00	1.81e-12	0.00e+00
 4.53980e+17	1.00e+00	1.82e-12	0.00e+00
 4.55119e+17	1.00e+00	1.82e-12	0.00e+00
 4.56205e+17	1.00e+00	1.83e-12	0.00e+00
 4.57240e+17	1.00e+00	1.84e-12	0.00e+00
 4.58226e+17	1.00e+00	1.85e-12	0.00e+00
 4.59168e+17	1.00e+00	1.86e-12	0.00e+00
 4.60067e+17	1.00e+00	1.86e-12	0.00e+00
 4.60927e+17	1.00e+00	1.87e-12	0.00e+00
 4.61749e+17	1.00e+00	1.88e-12	0.00e+00
 4.62537e+17	1.00e+00	1.88e-12	0.00e+00
 4.63293e+17	1.00e+00	1.89e-12	0.00e+00
 4.64018e+17	1.00e+00	1.89e-12	0.00e+00
 4.64716e+17	1.00e+00	1.90e-12	0.00e+00
 4.65387e+17	1.00e+00	1.90e-12	0.00e+00
 4.66034e+17	1.00e+00	1.91e-12	0.00e+00
 4.66660e+17	1.00e+00	1.91e-12	0.00e+00
 4.67265e+17	1.00e+00	1.91e-12	0.00e+00
 4.67851e+17	1.00e+00	1.92e-12	0.00e+00
 4.68422e+17	1.00e+00	1.92e-12	0.00e+00
 4.68977e+17	1.00e+00	1.92e-12	0.00e+00
 4.69520e+17	1.00e+00	1.93e-12	0.00e+00
 4.70053e+17	1.00e+00	1.93e-12	0.00e+00
 4.70576e+17	1.00e+00	1.93e-12	0.00e+00
 4.71093e+17	1.00e+00	1.93e-12	0.00e+00
 4.71606e+17	1.00e+00	1.94e-12	0.00e+00
 4.72116e+17	1.00e+00	1.94e-12	0.00e+00
 4.72628e+17	1.00e+00	1.94e-12	0.00e+00
 4.73143e+17	1.00e+00	1.94e-12	0.00e+00
 4.73666e+17	1.00e+00	1.94e-12	0.00e+00
 4.74201e+17	1.00e+00	1.94e-12	0.00e+00
 4.74751e+17	1.00e+00	1.94e-12	0.00e+00
 4.75325e+17	1.00e+00	1.94e-12	0.00e+00
 4.75928e+17	1.00e+00	1.94e-12	0.00e+00
 4.76570e+17	1.00e+00	1.94e-12	0.00e+00
 4.77264e+17	1.00e+00	1.94e-12	0.00e+00
 4.78024e+17	1.00e+00	1.93e-12	0.00e+00
 4.78873e+17	1.00e+00	1.93e-12	0.00e+00
 4.79840e+17	1.00e+00	1.92e-12	0.00e+00
 4.80967e+17	1.00e+00	1.91e-12	0.00e+00
 4.82312e+17	1.00e+00	1.89e-12	0.00e+00
 4.83964e+17	1.00e+00	1.86e-12	0.00e+00
 4.86054e+17	1.00e+00	1.81e-12	0.00e+00
 4.88753e+17	1.00e+00	1.74e-12	0.00e+00
 4.92263e+17	1.00e+00	1.63e-12	0.00e+00
 4.96825e+17	1.00e+00	1.49e-12	0.00e+00
 5.02756e+17	1.00e+00	1.30e-12	0.00e+00
 5.10467e+17	1.00e+00	1.08e-12	0.00e+00
 5.20490e+17	1.00e+00	8.41e-13	0.00e+00
 5.33521e+17	1.00e+00	5.97e-13	0.00e+00
 5.50460e+17	1.00e+00	3.74e-13	0.00e+00
 5.71235e+17	1.00e+00	1.97e-13	0.00e+00
 5.94085e+17	1.00e+00	1.19e-13	0.00e+00
 6.17848e+17	1.00e+00	1.01e-13	0.00e+00
 6.42562e+17	1.00e+00	8.55e-14	0.00e+00
 6.68265e+17	1.00e+00	7.16e-14	0.00e+00
 6.94995e+17	1.00e+00	5.95e-14	0.00e+00
 7.22795e+17	1.00e+00	4.88e-14	0.00e+00
 7.51707e+17	1.00e+00	3.95e-14	0.00e+00
 7.81775e+17	1.00e+00	3.15e-14	0.00e+00
 8.11755e+17	1.00e+00	2.48e-14	0.00e+00
 8.39362e+17	1.00e+00	2.83e-14	0.00e+00
 8.63754e+17	1.00e+00	4.36e-14	0.00e+00
 8.85848e+17	1.00e+00	6.32e-14	0.00e+00
 9.06854e+17	1.00e+00	7.32e-14	0.00e+00
 9.27122e+17	1.00e+00	7.35e-14	0.00e+00
 9.46017e+17	1.00e+00	7.52e-14	0.00e+00
 9.62710e+17	1.00e+00	8.77e-14	0.00e+00
 9.77056e+17	1.00e+00	1.10e-13	0.00e+00
 9.89614e+17	1.00e+00	1.30e-13	0.00e+00
 1.00108e+18	1.00e+00	1.40e-13	0.00e+00
 1.01161e+18	1.00e+00	1.38e-13	0.00e+00
 1.01990e+18	1.00e+00	1.38e-13	0.00e+00
 1.02489e+18	1.00e+00	1.69e-13	0.00e+00
 1.02748e+18	1.00e+00	1.99e-13	0.00e+00
 1.02893e+18	1.00e+00	2.16e-13	0.00e+00
 1.02979e+18	1.00e+00	2.26e-13	0.00e+00
 1.03035e+18	1.00e+00	2.31e-13	0.00e+00
 1.03083e+18	1.00e+00	2.35e-13	0.00e+00
 1.03141e+18	1.00e+00	2.38e-13	0.00e+00
 1.03204e+18	1.00e+00	2.41e-13	0.00e+00
 1.03262e+18	1.00e+00	2.44e-13	0.00e+00
 1.03310e+18	1.00e+00	2.45e-13	0.00e+00
 1.03350e+18	1.00e+00	2.46e-13	0.00e+00
 1.03388e+18	1.00e+00	2.47e-13	0.00e+00
 1.03430e+18	1.00e+00	2.48e-13	0.00e+00
 1.03475e+18	1.00e+00	2.48e-13	0.00e+00
 1.03514e+18	1.00e+00	2.48e-13	0.00e+00
 1.03545e+18	1.00e+00	2.48e-13	0.00e+00
 1.03573e+18	1.00e+00	2.48e-13	0.00e+00
 1.03604e+18	1.00e+00	2.48e-13	0.00e+00
 1.03635e+18	1.00e+00	2.47e-13	0.00e+00
 1.03663e+18	1.00e+00	2.47e-13	0.00e+00
 1.03690e+18	1.00e+00	2.47e-13	0.00e+00
 1.03715e+18	1.00e+00	2.46e-13	0.00e+00
 1.03740e+18	1.00e+00	2.46e-13	0.00e+00
 1.03765e+18	1.00e+00	2.45e-13	0.00e+00
 1.03790e+18	1.00e+00	2.45e-13	0.00e+00
 1.03815e+18	1.00e+00	2.44e-13	0.00e+00
 1.03838e+18	1.00e+00	2.43e-13	0.00e+00
 1.03860e+18	1.00e+00	2.43e-13	0.00e+00
 1.03880e+18	1.00e+00	2.42e-13	0.00e+00
 1.03902e+18	1.00e+00	2.41e-13	0.00e+00
 1.03925e+18	1.00e+00	2.40e-13	0.00e+00
 1.03947e+18	1.00e+00	2.39e-13	0.00e+00
 1.03969e+18	1.00e+00	2.39e-13	0.00e+00
 1.03990e+18	1.00e+00	2.38e-13	0.00e+00
 1.04010e+18	1.00e+00	2.37e-13	0.00e+00
 1.04030e+18	1.00e+00	2.36e-13	0.00e+00
 1.04052e+18	1.00e+00	2.35e-13	0.00e+00
 1.04076e+18	1.00e+00	2.34e-13	0.00e+00
 1.04098e+18	1.00e+00	2.33e-13	0.00e+00
 1.04120e+18	1.00e+00	2.31e-13	0.00e+00
 1.04141e+18	1.00e+00	2.30e-13	0.00e+00
 1.04163e+18	1.00e+00	2.29e-13	0.00e+00
 1.04186e+18	1.00e+00	2.28e-13	0.00e+00
 1.04209e+18	1.00e+00	2.27e-13	0.00e+00
 1.04235e+18	1.00e+00	2.25e-13	0.00e+00
 1.04262e+18	1.00e+00	2.23e-13	0.00e+00
 1.04287e+18	1.00e+00	2.22e-13	0.00e+00
 1.04310e+18	1.00e+00	2.20e-13	0.00e+00
 1.04333e+18	1.00e+00	2.19e-13	0.00e+00
 1.04362e+18	1.00e+00	2.17e-13	0.00e+00
 1.04393e+18	1.00e+00	2.15e-13	0.00e+00
 1.04421e+18	1.00e+00	2.13e-13	0.00e+00
 1.04447e+18	1.00e+00	2.11e-13	0.00e+00
 1.04474e+18	1.00e+00	2.10e-13	0.00e+00
 1.04505e+18	1.00e+00	2.08e-13	0.00e+00
 1.04540e+18	1.00e+00	2.05e-13	0.00e+00
 1.04574e+18	1.00e+00	2.03e-13	0.00e+00
 1.04605e+18	1.00e+00	2.00e-13	0.00e+00
 1.04637e+18	1.00e+00	1.98e-13	0.00e+00
 1.04671e+18	1.00e+00	1.96e-13	0.00e+00
 1.04706e+18	1.00e+00	1.93e-13	0.00e+00
 1.04743e+18	1.00e+00	1.91e-13	0.00e+00
 1.04780e+18	1.00e+00	1.88e-13	0.00e+00
 1.04819e+18	1.00e+00	1.85e-13	0.00e+00
 1.04859e+18	1.00e+00	1.82e-13	0.00e+00
 1.04898e+18	1.00e+00	1.79e-13	0.00e+00
 1.04938e+18	1.00e+00	1.76e-13	0.00e+00
 1.04982e+18	1.00e+00	1.73e-13	0.00e+00
 1.05027e+18	1.00e+00	1.70e-13	0.00e+00
 1.05071e+18	1.00e+00	1.66e-13	0.00e+00
 1.05116e+18	1.00e+00	1.63e-13	0.00e+00
 1.05163e+18	1.00e+00	1.60e-13	0.00e+00
 1.05213e+18	1.00e+00	1.56e-13	0.00e+00
 1.05265e+18	1.00e+00	1.52e-13	0.00e+00
 1.05315e+18	1.00e+00	1.49e-13	0.00e+00
 1.05365e+18	1.00e+00	1.45e-13	0.00e+00
 1.05419e+18	1.00e+00	1.41e-13	0.00e+00
 1.05475e+18	1.00e+00	1.37e-13	0.00e+00
 1.05531e+18	1.00e+00	1.33e-13	0.00e+00
 1.05586e+18	1.00e+00	1.30e-13	0.00e+00
 1.05642e+18	1.00e+00	1.26e-13	0.00e+00
 1.05703e+18	1.00e+00	1.22e-13	0.00e+00
 1.05766e+18	1.00e+00	1.18e-13	0.00e+00
 1.05827e+18	1.00e+00	1.14e-13	0.00e+00
 1.05888e+18	1.00e+00	1.10e-13	0.00e+00
 1.05951e+18	1.00e+00	1.06e-13	0.00e+00
 1.06018e+18	1.00e+00	1.02e-13	0.00e+00
 1.06086e+18	1.00e+00	9.75e-14	0.00e+00
 1.06153e+18	1.00e+00	9.35e-14	0.00e+00
 1.06221e+18	1.00e+00	8.97e-14	0.00e+00
 1.06291e+18	1.00e+00	8.57e-14	0.00e+00
 1.06363e+18	1.00e+00	8.17e-14	0.00e+00
 1.06436e+18	1.00e+00	7.77e-14	0.00e+00
 1.06511e+18	1.00e+00	7.39e-14	0.00e+00
 1.06587e+18	1.00e+00	6.99e-14	0.00e+00
 1.06663e+18	1.00e+00	6.61e-14	0.00e+00
 1.06740e+18	1.00e+00	6.24e-14	0.00e+00
