#depth	C	C+	C+2	C+3	C+4	C+5	C+6	C[1]	C[2]	C[3]	C+[1]	C+[2]	CO
 1.49634e+10	0.00e+00	0.00e+00	6.85e-28	2.90e-17	4.10e-06	6.82e-02	9.32e-01	0.00e+00	0.00e+00	0.00e+00	0.00e+00	0.00e+00	0.00e+00
 4.54887e+10	0.00e+00	7.32e-39	9.25e-28	3.63e-17	4.73e-06	7.34e-02	9.27e-01	0.00e+00	0.00e+00	0.00e+00	0.00e+00	0.00e+00	0.00e+00
 7.72350e+10	0.00e+00	0.00e+00	1.26e-27	4.56e-17	5.50e-06	7.90e-02	9.21e-01	0.00e+00	0.00e+00	0.00e+00	0.00e+00	0.00e+00	0.00e+00
 1.10251e+11	0.00e+00	1.59e-38	1.71e-27	5.74e-17	6.40e-06	8.49e-02	9.15e-01	0.00e+00	0.00e+00	0.00e+00	0.00e+00	0.00e+00	0.00e+00
 1.44588e+11	0.00e+00	0.00e+00	2.33e-27	7.22e-17	7.44e-06	9.12e-02	9.09e-01	0.00e+00	0.00e+00	0.00e+00	0.00e+00	0.00e+00	0.00e+00
 1.80298e+11	0.00e+00	3.44e-38	3.17e-27	9.08e-17	8.64e-06	9.80e-02	9.02e-01	0.00e+00	0.00e+00	0.00e+00	0.00e+00	0.00e+00	0.00e+00
 2.17437e+11	0.00e+00	0.00e+00	4.31e-27	1.14e-16	1.00e-05	1.05e-01	8.95e-01	0.00e+00	0.00e+00	0.00e+00	0.00e+00	0.00e+00	0.00e+00
 2.56061e+11	0.00e+00	7.42e-38	5.85e-27	1.43e-16	1.16e-05	1.13e-01	8.87e-01	0.00e+00	0.00e+00	0.00e+00	0.00e+00	0.00e+00	0.00e+00
 2.96231e+11	0.00e+00	0.00e+00	7.94e-27	1.80e-16	1.35e-05	1.21e-01	8.79e-01	0.00e+00	0.00e+00	0.00e+00	0.00e+00	0.00e+00	0.00e+00
 3.38007e+11	0.00e+00	1.60e-37	1.08e-26	2.25e-16	1.56e-05	1.30e-01	8.70e-01	0.00e+00	0.00e+00	0.00e+00	0.00e+00	0.00e+00	0.00e+00
 3.81454e+11	0.00e+00	0.00e+00	1.46e-26	2.82e-16	1.81e-05	1.39e-01	8.61e-01	0.00e+00	0.00e+00	0.00e+00	0.00e+00	0.00e+00	0.00e+00
 4.26639e+11	0.00e+00	3.43e-37	1.98e-26	3.53e-16	2.10e-05	1.48e-01	8.52e-01	0.00e+00	0.00e+00	0.00e+00	0.00e+00	0.00e+00	0.00e+00
 4.73631e+11	0.00e+00	0.00e+00	2.67e-26	4.41e-16	2.42e-05	1.59e-01	8.41e-01	0.00e+00	0.00e+00	0.00e+00	0.00e+00	0.00e+00	0.00e+00
 5.22503e+11	0.00e+00	7.35e-37	3.61e-26	5.51e-16	2.80e-05	1.69e-01	8.31e-01	0.00e+00	0.00e+00	0.00e+00	0.00e+00	0.00e+00	0.00e+00
 5.68112e+11	0.00e+00	0.00e+00	4.73e-26	6.72e-16	3.18e-05	1.80e-01	8.20e-01	0.00e+00	0.00e+00	0.00e+00	0.00e+00	0.00e+00	0.00e+00
 6.08309e+11	0.00e+00	1.38e-36	5.96e-26	7.97e-16	3.55e-05	1.89e-01	8.11e-01	0.00e+00	0.00e+00	0.00e+00	0.00e+00	0.00e+00	0.00e+00
 6.53164e+11	3.83e-48	1.89e-36	7.65e-26	9.59e-16	4.00e-05	1.99e-01	8.01e-01	0.00e+00	0.00e+00	0.00e+00	0.00e+00	0.00e+00	0.00e+00
 7.07051e+11	0.00e+00	0.00e+00	1.02e-25	1.18e-15	4.58e-05	2.11e-01	7.89e-01	0.00e+00	0.00e+00	0.00e+00	0.00e+00	0.00e+00	0.00e+00
 7.61116e+11	0.00e+00	3.85e-36	1.34e-25	1.45e-15	5.20e-05	2.24e-01	7.76e-01	0.00e+00	0.00e+00	0.00e+00	0.00e+00	0.00e+00	0.00e+00
 8.10678e+11	1.31e-47	5.25e-36	1.71e-25	1.73e-15	5.83e-05	2.35e-01	7.65e-01	0.00e+00	0.00e+00	0.00e+00	0.00e+00	0.00e+00	0.00e+00
 8.65947e+11	0.00e+00	0.00e+00	2.23e-25	2.11e-15	6.61e-05	2.48e-01	7.52e-01	0.00e+00	0.00e+00	0.00e+00	0.00e+00	0.00e+00	0.00e+00
 9.30093e+11	0.00e+00	1.06e-35	2.99e-25	2.60e-15	7.56e-05	2.63e-01	7.37e-01	0.00e+00	0.00e+00	0.00e+00	0.00e+00	0.00e+00	0.00e+00
 9.92503e+11	4.68e-47	1.50e-35	3.92e-25	3.17e-15	8.56e-05	2.78e-01	7.22e-01	0.00e+00	0.00e+00	0.00e+00	0.00e+00	0.00e+00	5.02e-148
 1.05127e+12	0.00e+00	0.00e+00	5.02e-25	3.81e-15	9.60e-05	2.91e-01	7.09e-01	0.00e+00	0.00e+00	0.00e+00	0.00e+00	0.00e+00	4.79e-191
 1.11712e+12	0.00e+00	2.89e-35	6.58e-25	4.63e-15	1.09e-04	3.06e-01	6.94e-01	0.00e+00	0.00e+00	0.00e+00	0.00e+00	0.00e+00	3.49e-234
 1.19173e+12	1.62e-46	4.18e-35	8.78e-25	5.72e-15	1.24e-04	3.23e-01	6.77e-01	0.00e+00	0.00e+00	0.00e+00	0.00e+00	0.00e+00	1.20e-146
 1.26637e+12	0.00e+00	0.00e+00	1.16e-24	6.99e-15	1.41e-04	3.40e-01	6.60e-01	0.00e+00	0.00e+00	0.00e+00	0.00e+00	0.00e+00	4.71e-190
 1.34400e+12	0.00e+00	8.50e-35	1.53e-24	8.57e-15	1.60e-04	3.58e-01	6.42e-01	0.00e+00	0.00e+00	0.00e+00	0.00e+00	0.00e+00	1.37e-233
 1.42769e+12	6.00e-46	1.23e-34	2.04e-24	1.05e-14	1.81e-04	3.76e-01	6.24e-01	0.00e+00	0.00e+00	0.00e+00	0.00e+00	0.00e+00	3.48e-145
 1.51473e+12	0.00e+00	1.77e-34	2.72e-24	1.30e-14	2.06e-04	3.95e-01	6.05e-01	0.00e+00	0.00e+00	0.00e+00	0.00e+00	0.00e+00	5.34e-189
 1.60524e+12	1.46e-45	2.54e-34	3.62e-24	1.59e-14	2.34e-04	4.14e-01	5.86e-01	0.00e+00	0.00e+00	0.00e+00	0.00e+00	0.00e+00	6.08e-233
 1.69938e+12	0.00e+00	3.66e-34	4.81e-24	1.96e-14	2.65e-04	4.33e-01	5.67e-01	0.00e+00	0.00e+00	0.00e+00	0.00e+00	0.00e+00	3.20e-165
 1.79728e+12	3.54e-45	5.26e-34	6.38e-24	2.40e-14	3.00e-04	4.53e-01	5.47e-01	0.00e+00	0.00e+00	0.00e+00	0.00e+00	0.00e+00	1.88e-209
 1.89910e+12	0.00e+00	7.55e-34	8.46e-24	2.93e-14	3.39e-04	4.72e-01	5.27e-01	0.00e+00	0.00e+00	0.00e+00	0.00e+00	0.00e+00	4.37e-164
 2.00499e+12	8.54e-45	1.08e-33	1.12e-23	3.59e-14	3.83e-04	4.92e-01	5.07e-01	0.00e+00	0.00e+00	0.00e+00	0.00e+00	0.00e+00	1.35e-208
 2.11512e+12	0.00e+00	1.55e-33	1.48e-23	4.39e-14	4.33e-04	5.12e-01	4.87e-01	0.00e+00	0.00e+00	0.00e+00	0.00e+00	0.00e+00	5.98e-163
 2.22965e+12	2.06e-44	2.22e-33	1.96e-23	5.36e-14	4.88e-04	5.32e-01	4.67e-01	0.00e+00	0.00e+00	0.00e+00	0.00e+00	0.00e+00	9.83e-208
 2.34876e+12	0.00e+00	3.18e-33	2.59e-23	6.53e-14	5.49e-04	5.52e-01	4.48e-01	0.00e+00	0.00e+00	0.00e+00	0.00e+00	0.00e+00	8.16e-162
 2.47264e+12	4.95e-44	4.55e-33	3.43e-23	7.96e-14	6.18e-04	5.72e-01	4.28e-01	0.00e+00	0.00e+00	0.00e+00	0.00e+00	0.00e+00	6.96e-207
 2.59273e+12	0.00e+00	6.34e-33	4.43e-23	9.56e-14	6.88e-04	5.90e-01	4.10e-01	0.00e+00	0.00e+00	0.00e+00	0.00e+00	0.00e+00	1.02e-160
 2.70300e+12	1.07e-43	8.53e-33	5.58e-23	1.12e-13	7.58e-04	6.06e-01	3.94e-01	0.00e+00	0.00e+00	0.00e+00	0.00e+00	0.00e+00	4.66e-206
 2.82563e+12	0.00e+00	1.17e-32	7.15e-23	1.34e-13	8.42e-04	6.22e-01	3.77e-01	0.00e+00	0.00e+00	0.00e+00	0.00e+00	0.00e+00	9.68e-160
 2.96781e+12	2.43e-43	1.67e-32	9.39e-23	1.63e-13	9.42e-04	6.41e-01	3.58e-01	0.00e+00	0.00e+00	0.00e+00	0.00e+00	0.00e+00	2.55e-205
 3.10833e+12	0.00e+00	2.34e-32	1.22e-22	1.95e-13	1.05e-03	6.58e-01	3.41e-01	0.00e+00	0.00e+00	0.00e+00	0.00e+00	0.00e+00	1.23e-158
 3.25447e+12	5.57e-43	3.28e-32	1.58e-22	2.35e-13	1.17e-03	6.75e-01	3.24e-01	0.00e+00	0.00e+00	0.00e+00	0.00e+00	0.00e+00	1.70e-204
 3.41458e+12	0.00e+00	4.67e-32	2.08e-22	2.85e-13	1.31e-03	6.92e-01	3.06e-01	0.00e+00	0.00e+00	0.00e+00	0.00e+00	0.00e+00	1.58e-157
 3.57659e+12	1.31e-42	6.59e-32	2.71e-22	3.43e-13	1.45e-03	7.09e-01	2.90e-01	0.00e+00	0.00e+00	0.00e+00	0.00e+00	0.00e+00	1.31e-203
 3.74508e+12	0.00e+00	9.32e-32	3.55e-22	4.14e-13	1.62e-03	7.25e-01	2.74e-01	0.00e+00	0.00e+00	0.00e+00	0.00e+00	0.00e+00	2.03e-156
 3.92481e+12	3.11e-42	1.33e-31	4.66e-22	5.01e-13	1.81e-03	7.40e-01	2.58e-01	0.00e+00	0.00e+00	0.00e+00	0.00e+00	0.00e+00	5.39e-203
 4.11172e+12	0.00e+00	1.89e-31	6.12e-22	6.06e-13	2.02e-03	7.55e-01	2.42e-01	0.00e+00	0.00e+00	0.00e+00	0.00e+00	0.00e+00	2.82e-155
 4.30612e+12	7.45e-42	2.70e-31	8.05e-22	7.34e-13	2.25e-03	7.70e-01	2.28e-01	0.00e+00	0.00e+00	0.00e+00	0.00e+00	0.00e+00	0.00e+00
 4.50829e+12	0.00e+00	3.85e-31	1.06e-21	8.88e-13	2.51e-03	7.84e-01	2.14e-01	0.00e+00	0.00e+00	0.00e+00	0.00e+00	0.00e+00	3.92e-154
 4.71855e+12	1.79e-41	5.49e-31	1.39e-21	1.07e-12	2.79e-03	7.97e-01	2.00e-01	0.00e+00	0.00e+00	0.00e+00	0.00e+00	0.00e+00	1.10e-200
 4.93722e+12	0.00e+00	7.83e-31	1.83e-21	1.30e-12	3.11e-03	8.10e-01	1.87e-01	0.00e+00	0.00e+00	0.00e+00	0.00e+00	0.00e+00	5.50e-153
 5.16463e+12	4.29e-41	1.12e-30	2.40e-21	1.57e-12	3.46e-03	8.22e-01	1.75e-01	0.00e+00	0.00e+00	0.00e+00	0.00e+00	0.00e+00	0.00e+00
 5.37850e+12	0.00e+00	1.54e-30	3.07e-21	1.86e-12	3.81e-03	8.32e-01	1.64e-01	0.00e+00	0.00e+00	0.00e+00	0.00e+00	0.00e+00	6.86e-152
 5.56982e+12	9.02e-41	2.04e-30	3.81e-21	2.16e-12	4.14e-03	8.40e-01	1.55e-01	0.00e+00	0.00e+00	0.00e+00	0.00e+00	0.00e+00	6.03e-199
 5.78461e+12	0.00e+00	2.77e-30	4.82e-21	2.54e-12	4.54e-03	8.49e-01	1.46e-01	0.00e+00	0.00e+00	0.00e+00	0.00e+00	0.00e+00	6.03e-151
 6.03910e+12	2.02e-40	3.92e-30	6.29e-21	3.06e-12	5.03e-03	8.59e-01	1.36e-01	0.00e+00	0.00e+00	0.00e+00	0.00e+00	0.00e+00	0.00e+00
 6.29484e+12	0.00e+00	5.49e-30	8.15e-21	3.65e-12	5.55e-03	8.67e-01	1.27e-01	0.00e+00	0.00e+00	0.00e+00	0.00e+00	0.00e+00	7.77e-150
 6.53493e+12	4.47e-40	7.45e-30	1.03e-20	4.29e-12	6.07e-03	8.75e-01	1.19e-01	0.00e+00	0.00e+00	0.00e+00	0.00e+00	0.00e+00	0.00e+00
 6.80038e+12	0.00e+00	1.04e-29	1.33e-20	5.11e-12	6.69e-03	8.82e-01	1.11e-01	0.00e+00	0.00e+00	0.00e+00	0.00e+00	0.00e+00	8.22e-149
 7.10232e+12	1.05e-39	1.49e-29	1.75e-20	6.18e-12	7.42e-03	8.89e-01	1.03e-01	0.00e+00	0.00e+00	0.00e+00	0.00e+00	0.00e+00	0.00e+00
 7.40376e+12	0.00e+00	2.10e-29	2.28e-20	7.41e-12	8.20e-03	8.96e-01	9.58e-02	0.00e+00	0.00e+00	0.00e+00	0.00e+00	0.00e+00	1.14e-147
 7.71726e+12	2.48e-39	2.97e-29	2.98e-20	8.90e-12	9.06e-03	9.02e-01	8.88e-02	0.00e+00	0.00e+00	0.00e+00	0.00e+00	0.00e+00	1.88e-194
 8.05588e+12	0.00e+00	4.27e-29	3.93e-20	1.08e-11	1.01e-02	9.08e-01	8.20e-02	0.00e+00	0.00e+00	0.00e+00	0.00e+00	0.00e+00	1.60e-146
 8.37299e+12	5.81e-39	5.92e-29	5.04e-20	1.28e-11	1.10e-02	9.13e-01	7.63e-02	0.00e+00	0.00e+00	0.00e+00	0.00e+00	0.00e+00	1.27e-193
 8.65543e+12	0.00e+00	7.86e-29	6.26e-20	1.48e-11	1.20e-02	9.16e-01	7.16e-02	0.00e+00	0.00e+00	0.00e+00	0.00e+00	0.00e+00	1.55e-145
 8.97273e+12	1.21e-38	1.07e-28	7.94e-20	1.74e-11	1.31e-02	9.20e-01	6.68e-02	0.00e+00	0.00e+00	0.00e+00	0.00e+00	0.00e+00	0.00e+00
 9.35009e+12	0.00e+00	1.53e-28	1.04e-19	2.09e-11	1.44e-02	9.24e-01	6.16e-02	0.00e+00	0.00e+00	0.00e+00	0.00e+00	0.00e+00	1.82e-144
 9.72976e+12	2.89e-38	2.15e-28	1.36e-19	2.51e-11	1.59e-02	9.27e-01	5.69e-02	0.00e+00	0.00e+00	0.00e+00	0.00e+00	0.00e+00	0.00e+00
 1.00845e+13	0.00e+00	2.94e-28	1.72e-19	2.95e-11	1.73e-02	9.30e-01	5.29e-02	0.00e+00	0.00e+00	0.00e+00	0.00e+00	0.00e+00	2.09e-143
 1.04778e+13	6.44e-38	4.11e-28	2.22e-19	3.51e-11	1.90e-02	9.32e-01	4.89e-02	0.00e+00	0.00e+00	0.00e+00	0.00e+00	0.00e+00	0.00e+00
 1.09268e+13	0.00e+00	5.95e-28	2.95e-19	4.25e-11	2.11e-02	9.34e-01	4.48e-02	0.00e+00	0.00e+00	0.00e+00	0.00e+00	0.00e+00	2.83e-142
 1.13676e+13	1.57e-37	8.44e-28	3.86e-19	5.10e-11	2.32e-02	9.36e-01	4.12e-02	0.00e+00	0.00e+00	0.00e+00	0.00e+00	0.00e+00	2.14e-202
 1.17912e+13	0.00e+00	1.17e-27	4.94e-19	6.03e-11	2.53e-02	9.37e-01	3.81e-02	0.00e+00	0.00e+00	0.00e+00	0.00e+00	0.00e+00	3.43e-141
 1.22580e+13	3.61e-37	1.65e-27	6.44e-19	7.22e-11	2.78e-02	9.37e-01	3.51e-02	0.00e+00	0.00e+00	0.00e+00	0.00e+00	0.00e+00	1.06e-214
 1.27783e+13	0.00e+00	2.39e-27	8.57e-19	8.75e-11	3.08e-02	9.37e-01	3.20e-02	0.00e+00	0.00e+00	0.00e+00	0.00e+00	0.00e+00	4.88e-140
 1.33028e+13	8.99e-37	3.44e-27	1.13e-18	1.06e-10	3.39e-02	9.37e-01	2.93e-02	0.00e+00	0.00e+00	0.00e+00	0.00e+00	0.00e+00	0.00e+00
 1.38483e+13	0.00e+00	4.94e-27	1.49e-18	1.27e-10	3.74e-02	9.36e-01	2.67e-02	0.00e+00	0.00e+00	0.00e+00	0.00e+00	0.00e+00	7.07e-139
 1.44108e+13	2.21e-36	7.09e-27	1.97e-18	1.53e-10	4.12e-02	9.34e-01	2.44e-02	0.00e+00	0.00e+00	0.00e+00	0.00e+00	0.00e+00	0.00e+00
 1.49619e+13	0.00e+00	9.97e-27	2.56e-18	1.83e-10	4.51e-02	9.33e-01	2.23e-02	0.00e+00	0.00e+00	0.00e+00	0.00e+00	0.00e+00	9.40e-138
 1.55564e+13	5.25e-36	1.42e-26	3.36e-18	2.20e-10	4.95e-02	9.30e-01	2.04e-02	0.00e+00	0.00e+00	0.00e+00	0.00e+00	0.00e+00	1.74e-224
 1.62086e+13	0.00e+00	2.07e-26	4.49e-18	2.67e-10	5.47e-02	9.27e-01	1.85e-02	0.00e+00	0.00e+00	0.00e+00	0.00e+00	0.00e+00	1.38e-136
 1.68868e+13	1.34e-35	3.02e-26	5.99e-18	3.24e-10	6.03e-02	9.23e-01	1.67e-02	0.00e+00	0.00e+00	0.00e+00	0.00e+00	0.00e+00	0.00e+00
 1.75922e+13	0.00e+00	4.39e-26	8.00e-18	3.94e-10	6.65e-02	9.18e-01	1.51e-02	0.00e+00	0.00e+00	0.00e+00	0.00e+00	0.00e+00	2.18e-135
 1.83258e+13	3.39e-35	6.40e-26	1.07e-17	4.79e-10	7.33e-02	9.13e-01	1.36e-02	0.00e+00	0.00e+00	0.00e+00	0.00e+00	0.00e+00	0.00e+00
 1.89888e+13	0.00e+00	8.87e-26	1.38e-17	5.67e-10	7.97e-02	9.08e-01	1.25e-02	0.00e+00	0.00e+00	0.00e+00	0.00e+00	0.00e+00	2.87e-134
 1.95401e+13	7.06e-35	1.15e-25	1.69e-17	6.50e-10	8.53e-02	9.03e-01	1.16e-02	0.00e+00	0.00e+00	0.00e+00	0.00e+00	0.00e+00	3.53e-98
 2.01437e+13	9.97e-35	1.53e-25	2.09e-17	7.51e-10	9.16e-02	8.98e-01	1.07e-02	0.00e+00	0.00e+00	0.00e+00	0.00e+00	0.00e+00	0.00e+00
 2.09095e+13	1.52e-34	2.15e-25	2.73e-17	8.97e-10	9.99e-02	8.90e-01	9.71e-03	0.00e+00	0.00e+00	0.00e+00	0.00e+00	0.00e+00	3.73e-115
 2.17091e+13	2.33e-34	3.03e-25	3.56e-17	1.07e-09	1.09e-01	8.82e-01	8.78e-03	0.00e+00	0.00e+00	0.00e+00	0.00e+00	0.00e+00	4.88e-97
 2.23867e+13	3.30e-34	4.01e-25	4.42e-17	1.24e-09	1.17e-01	8.75e-01	8.08e-03	0.00e+00	0.00e+00	0.00e+00	0.00e+00	0.00e+00	0.00e+00
 2.30828e+13	4.66e-34	5.30e-25	5.49e-17	1.43e-09	1.25e-01	8.67e-01	7.43e-03	0.00e+00	0.00e+00	0.00e+00	0.00e+00	0.00e+00	7.01e-114
 2.39607e+13	7.08e-34	7.43e-25	7.14e-17	1.71e-09	1.36e-01	8.57e-01	6.71e-03	0.00e+00	0.00e+00	0.00e+00	0.00e+00	0.00e+00	5.52e-96
 2.48532e+13	1.07e-33	1.03e-24	9.23e-17	2.03e-09	1.48e-01	8.46e-01	6.05e-03	0.00e+00	0.00e+00	0.00e+00	0.00e+00	0.00e+00	0.00e+00
 2.56172e+13	1.49e-33	1.35e-24	1.14e-16	2.33e-09	1.58e-01	8.37e-01	5.56e-03	0.00e+00	0.00e+00	0.00e+00	0.00e+00	0.00e+00	1.49e-112
 2.64358e+13	2.10e-33	1.79e-24	1.42e-16	2.70e-09	1.69e-01	8.26e-01	5.08e-03	0.00e+00	0.00e+00	0.00e+00	0.00e+00	0.00e+00	5.94e-95
 2.74515e+13	3.17e-33	2.50e-24	1.84e-16	3.21e-09	1.83e-01	8.13e-01	4.56e-03	0.00e+00	0.00e+00	0.00e+00	0.00e+00	0.00e+00	1.11e-111
 2.84937e+13	4.75e-33	3.47e-24	2.37e-16	3.80e-09	1.97e-01	7.99e-01	4.08e-03	0.00e+00	0.00e+00	0.00e+00	0.00e+00	0.00e+00	3.51e-94
 2.94293e+13	6.72e-33	4.59e-24	2.95e-16	4.40e-09	2.11e-01	7.86e-01	3.71e-03	0.00e+00	0.00e+00	0.00e+00	0.00e+00	0.00e+00	8.15e-111
 3.04558e+13	9.66e-33	6.16e-24	3.72e-16	5.12e-09	2.25e-01	7.71e-01	3.35e-03	0.00e+00	0.00e+00	0.00e+00	0.00e+00	0.00e+00	1.66e-93
 3.16717e+13	1.46e-32	8.61e-24	4.83e-16	6.09e-09	2.43e-01	7.54e-01	2.98e-03	0.00e+00	0.00e+00	0.00e+00	0.00e+00	0.00e+00	6.52e-110
 3.28907e+13	2.16e-32	1.18e-23	6.19e-16	7.18e-09	2.61e-01	7.36e-01	2.65e-03	0.00e+00	0.00e+00	0.00e+00	0.00e+00	0.00e+00	9.70e-93
 3.40436e+13	3.08e-32	1.58e-23	7.74e-16	8.32e-09	2.78e-01	7.19e-01	2.38e-03	0.00e+00	0.00e+00	0.00e+00	0.00e+00	0.00e+00	4.91e-109
 3.53204e+13	4.47e-32	2.13e-23	9.81e-16	9.72e-09	2.97e-01	7.01e-01	2.12e-03	0.00e+00	0.00e+00	0.00e+00	0.00e+00	0.00e+00	4.84e-92
 3.67631e+13	6.68e-32	2.96e-23	1.27e-15	1.15e-08	3.18e-01	6.80e-01	1.87e-03	0.00e+00	0.00e+00	0.00e+00	0.00e+00	0.00e+00	4.09e-108
 3.82003e+13	9.78e-32	4.02e-23	1.61e-15	1.34e-08	3.39e-01	6.59e-01	1.65e-03	0.00e+00	0.00e+00	0.00e+00	0.00e+00	0.00e+00	2.75e-91
 3.94674e+13	1.35e-31	5.21e-23	1.97e-15	1.53e-08	3.57e-01	6.41e-01	1.48e-03	0.00e+00	0.00e+00	0.00e+00	0.00e+00	0.00e+00	2.83e-107
 4.05824e+13	1.76e-31	6.49e-23	2.34e-15	1.71e-08	3.73e-01	6.25e-01	1.35e-03	0.00e+00	0.00e+00	0.00e+00	0.00e+00	0.00e+00	1.03e-90
 4.18461e+13	2.37e-31	8.24e-23	2.81e-15	1.93e-08	3.91e-01	6.08e-01	1.22e-03	0.00e+00	0.00e+00	0.00e+00	0.00e+00	0.00e+00	1.37e-106
 4.32544e+13	3.25e-31	1.06e-22	3.43e-15	2.20e-08	4.10e-01	5.89e-01	1.09e-03	0.00e+00	0.00e+00	0.00e+00	0.00e+00	0.00e+00	4.06e-90
 4.45764e+13	4.31e-31	1.34e-22	4.11e-15	2.47e-08	4.28e-01	5.71e-01	9.88e-04	0.00e+00	0.00e+00	0.00e+00	0.00e+00	0.00e+00	7.38e-106
 4.60209e+13	5.80e-31	1.70e-22	4.95e-15	2.78e-08	4.47e-01	5.52e-01	8.86e-04	0.00e+00	0.00e+00	0.00e+00	0.00e+00	0.00e+00	1.52e-89
 4.76353e+13	7.98e-31	2.20e-22	6.04e-15	3.16e-08	4.68e-01	5.31e-01	7.86e-04	0.00e+00	0.00e+00	0.00e+00	0.00e+00	0.00e+00	4.26e-105
 4.91589e+13	1.06e-30	2.78e-22	7.24e-15	3.54e-08	4.87e-01	5.13e-01	7.03e-04	0.00e+00	0.00e+00	0.00e+00	0.00e+00	0.00e+00	6.07e-89
 5.08279e+13	1.44e-30	3.54e-22	8.74e-15	3.99e-08	5.07e-01	4.93e-01	6.25e-04	0.00e+00	0.00e+00	0.00e+00	0.00e+00	0.00e+00	2.33e-104
 5.26956e+13	1.99e-30	4.60e-22	1.07e-14	4.53e-08	5.28e-01	4.71e-01	5.49e-04	0.00e+00	0.00e+00	0.00e+00	0.00e+00	0.00e+00	2.57e-88
 5.44637e+13	2.66e-30	5.82e-22	1.28e-14	5.08e-08	5.48e-01	4.52e-01	4.87e-04	0.00e+00	0.00e+00	0.00e+00	0.00e+00	0.00e+00	1.40e-103
 5.61007e+13	3.45e-30	7.17e-22	1.51e-14	5.62e-08	5.65e-01	4.35e-01	4.37e-04	0.00e+00	0.00e+00	0.00e+00	0.00e+00	0.00e+00	9.31e-88
 5.79252e+13	4.56e-30	8.97e-22	1.79e-14	6.26e-08	5.83e-01	4.16e-01	3.89e-04	0.00e+00	0.00e+00	0.00e+00	0.00e+00	0.00e+00	6.83e-103
 5.99710e+13	6.15e-30	1.14e-21	2.15e-14	7.02e-08	6.03e-01	3.97e-01	3.42e-04	0.00e+00	0.00e+00	0.00e+00	0.00e+00	0.00e+00	3.63e-87
 6.19013e+13	8.07e-30	1.42e-21	2.54e-14	7.78e-08	6.21e-01	3.79e-01	3.03e-04	0.00e+00	0.00e+00	0.00e+00	0.00e+00	0.00e+00	3.73e-102
 6.40074e+13	1.07e-29	1.78e-21	3.03e-14	8.66e-08	6.39e-01	3.61e-01	2.67e-04	0.00e+00	0.00e+00	0.00e+00	0.00e+00	0.00e+00	1.36e-86
 6.63377e+13	1.45e-29	2.26e-21	3.64e-14	9.69e-08	6.58e-01	3.42e-01	2.33e-04	0.00e+00	0.00e+00	0.00e+00	0.00e+00	0.00e+00	2.16e-101
 6.84967e+13	1.89e-29	2.80e-21	4.28e-14	1.07e-07	6.74e-01	3.25e-01	2.06e-04	0.00e+00	0.00e+00	0.00e+00	0.00e+00	0.00e+00	5.30e-86
 7.08408e+13	2.49e-29	3.50e-21	5.07e-14	1.18e-07	6.91e-01	3.09e-01	1.81e-04	0.00e+00	0.00e+00	0.00e+00	0.00e+00	0.00e+00	1.14e-100
 7.34624e+13	3.36e-29	4.44e-21	6.07e-14	1.32e-07	7.09e-01	2.91e-01	1.57e-04	0.00e+00	0.00e+00	0.00e+00	0.00e+00	0.00e+00	2.15e-85
 7.59345e+13	4.40e-29	5.51e-21	7.14e-14	1.46e-07	7.24e-01	2.76e-01	1.38e-04	0.00e+00	0.00e+00	0.00e+00	0.00e+00	0.00e+00	6.54e-100
 7.86380e+13	5.84e-29	6.90e-21	8.47e-14	1.61e-07	7.40e-01	2.60e-01	1.20e-04	0.00e+00	0.00e+00	0.00e+00	0.00e+00	0.00e+00	8.39e-85
 8.16561e+13	7.90e-29	8.77e-21	1.01e-13	1.79e-07	7.56e-01	2.44e-01	1.04e-04	0.00e+00	0.00e+00	0.00e+00	0.00e+00	0.00e+00	4.04e-99
 8.44992e+13	1.04e-28	1.09e-20	1.19e-13	1.97e-07	7.70e-01	2.30e-01	9.04e-05	0.00e+00	0.00e+00	0.00e+00	0.00e+00	0.00e+00	3.50e-84
 8.75843e+13	1.38e-28	1.37e-20	1.41e-13	2.18e-07	7.84e-01	2.16e-01	7.84e-05	0.00e+00	0.00e+00	0.00e+00	0.00e+00	0.00e+00	2.34e-98
 9.10449e+13	1.87e-28	1.74e-20	1.69e-13	2.42e-07	7.99e-01	2.01e-01	6.70e-05	0.00e+00	0.00e+00	0.00e+00	0.00e+00	0.00e+00	1.55e-83
 9.43798e+13	2.49e-28	2.18e-20	2.00e-13	2.67e-07	8.11e-01	1.89e-01	5.80e-05	0.00e+00	0.00e+00	0.00e+00	0.00e+00	0.00e+00	1.51e-97
 9.79209e+13	3.32e-28	2.73e-20	2.37e-13	2.94e-07	8.23e-01	1.77e-01	5.00e-05	0.00e+00	0.00e+00	0.00e+00	0.00e+00	0.00e+00	6.64e-83
 1.01868e+14	4.52e-28	3.48e-20	2.83e-13	3.26e-07	8.36e-01	1.64e-01	4.26e-05	0.00e+00	0.00e+00	0.00e+00	0.00e+00	0.00e+00	1.02e-96
 1.05841e+14	6.08e-28	4.40e-20	3.36e-13	3.59e-07	8.47e-01	1.53e-01	3.65e-05	0.00e+00	0.00e+00	0.00e+00	0.00e+00	0.00e+00	3.14e-82
 1.09973e+14	8.20e-28	5.56e-20	3.98e-13	3.95e-07	8.58e-01	1.42e-01	3.13e-05	0.00e+00	0.00e+00	0.00e+00	0.00e+00	0.00e+00	6.92e-96
 1.14402e+14	1.11e-27	7.06e-20	4.75e-13	4.37e-07	8.68e-01	1.32e-01	2.65e-05	0.00e+00	0.00e+00	0.00e+00	0.00e+00	0.00e+00	1.49e-81
 1.18579e+14	1.47e-27	8.77e-20	5.56e-13	4.77e-07	8.77e-01	1.23e-01	2.30e-05	0.00e+00	0.00e+00	0.00e+00	0.00e+00	0.00e+00	4.54e-95
 1.22351e+14	1.87e-27	1.06e-19	6.37e-13	5.15e-07	8.84e-01	1.16e-01	2.02e-05	0.00e+00	0.00e+00	0.00e+00	0.00e+00	0.00e+00	5.84e-81
 1.25930e+14	2.33e-27	1.26e-19	7.22e-13	5.52e-07	8.90e-01	1.10e-01	1.80e-05	0.00e+00	0.00e+00	0.00e+00	0.00e+00	0.00e+00	2.05e-94
 1.29899e+14	2.97e-27	1.52e-19	8.25e-13	5.94e-07	8.96e-01	1.04e-01	1.58e-05	0.00e+00	0.00e+00	0.00e+00	0.00e+00	0.00e+00	1.98e-80
 1.34340e+14	3.85e-27	1.86e-19	9.53e-13	6.43e-07	9.03e-01	9.70e-02	1.38e-05	0.00e+00	0.00e+00	0.00e+00	0.00e+00	0.00e+00	1.04e-93
 1.38539e+14	4.88e-27	2.23e-19	1.09e-12	6.91e-07	9.09e-01	9.14e-02	1.22e-05	0.00e+00	0.00e+00	0.00e+00	0.00e+00	0.00e+00	7.38e-80
 1.43144e+14	6.28e-27	2.72e-19	1.25e-12	7.45e-07	9.14e-01	8.58e-02	1.07e-05	0.00e+00	0.00e+00	0.00e+00	0.00e+00	0.00e+00	5.15e-93
 1.48313e+14	8.27e-27	3.36e-19	1.45e-12	8.08e-07	9.20e-01	8.01e-02	9.24e-06	0.00e+00	0.00e+00	0.00e+00	0.00e+00	0.00e+00	3.03e-79
 1.53121e+14	1.06e-26	4.07e-19	1.66e-12	8.69e-07	9.25e-01	7.52e-02	8.11e-06	0.00e+00	0.00e+00	0.00e+00	0.00e+00	0.00e+00	2.83e-92
 1.57556e+14	1.32e-26	4.82e-19	1.87e-12	9.27e-07	9.29e-01	7.12e-02	7.23e-06	0.00e+00	0.00e+00	0.00e+00	0.00e+00	0.00e+00	1.06e-78
 1.62601e+14	1.69e-26	5.82e-19	2.14e-12	9.95e-07	9.33e-01	6.69e-02	6.36e-06	0.00e+00	0.00e+00	0.00e+00	0.00e+00	0.00e+00	1.29e-91
 1.68777e+14	2.25e-26	7.27e-19	2.50e-12	1.08e-06	9.38e-01	6.22e-02	5.48e-06	0.00e+00	0.00e+00	0.00e+00	0.00e+00	0.00e+00	4.47e-78
 1.74945e+14	2.97e-26	8.99e-19	2.90e-12	1.17e-06	9.42e-01	5.79e-02	4.73e-06	0.00e+00	0.00e+00	0.00e+00	0.00e+00	0.00e+00	8.26e-91
 1.80330e+14	3.77e-26	1.08e-18	3.28e-12	1.25e-06	9.45e-01	5.46e-02	4.19e-06	0.00e+00	0.00e+00	0.00e+00	0.00e+00	0.00e+00	1.79e-77
 1.86170e+14	4.83e-26	1.30e-18	3.75e-12	1.34e-06	9.49e-01	5.13e-02	3.69e-06	0.00e+00	0.00e+00	0.00e+00	0.00e+00	0.00e+00	4.04e-90
 1.93276e+14	6.50e-26	1.63e-18	4.37e-12	1.45e-06	9.52e-01	4.77e-02	3.18e-06	0.00e+00	0.00e+00	0.00e+00	0.00e+00	0.00e+00	7.88e-77
 2.00502e+14	8.64e-26	2.03e-18	5.08e-12	1.57e-06	9.56e-01	4.44e-02	2.74e-06	0.00e+00	0.00e+00	0.00e+00	0.00e+00	0.00e+00	1.70e-76
 2.07063e+14	1.11e-25	2.46e-18	5.79e-12	1.68e-06	9.58e-01	4.17e-02	2.41e-06	0.00e+00	0.00e+00	0.00e+00	0.00e+00	0.00e+00	3.40e-76
 2.14287e+14	1.46e-25	3.02e-18	6.66e-12	1.81e-06	9.61e-01	3.90e-02	2.10e-06	0.00e+00	0.00e+00	0.00e+00	0.00e+00	0.00e+00	7.13e-76
 2.22752e+14	1.99e-25	3.81e-18	7.79e-12	1.96e-06	9.64e-01	3.62e-02	1.81e-06	0.00e+00	0.00e+00	0.00e+00	0.00e+00	0.00e+00	1.66e-75
 2.31168e+14	2.66e-25	4.76e-18	9.06e-12	2.11e-06	9.66e-01	3.37e-02	1.56e-06	0.00e+00	0.00e+00	0.00e+00	0.00e+00	0.00e+00	3.69e-75
 2.39158e+14	3.48e-25	5.83e-18	1.04e-11	2.27e-06	9.68e-01	3.15e-02	1.36e-06	0.00e+00	0.00e+00	0.00e+00	0.00e+00	0.00e+00	7.68e-75
 2.47991e+14	4.64e-25	7.24e-18	1.20e-11	2.44e-06	9.71e-01	2.94e-02	1.18e-06	0.00e+00	0.00e+00	0.00e+00	0.00e+00	0.00e+00	1.68e-74
 2.57940e+14	6.34e-25	9.16e-18	1.41e-11	2.65e-06	9.73e-01	2.72e-02	1.01e-06	0.00e+00	0.00e+00	0.00e+00	0.00e+00	0.00e+00	3.97e-74
 2.67984e+14	8.60e-25	1.15e-17	1.64e-11	2.86e-06	9.75e-01	2.53e-02	8.70e-07	0.00e+00	0.00e+00	0.00e+00	0.00e+00	0.00e+00	9.20e-74
 2.78429e+14	1.16e-24	1.45e-17	1.92e-11	3.09e-06	9.77e-01	2.34e-02	0.00e+00	0.00e+00	0.00e+00	0.00e+00	0.00e+00	0.00e+00	2.12e-73
 2.89596e+14	1.59e-24	1.83e-17	2.24e-11	3.35e-06	9.78e-01	2.17e-02	0.00e+00	0.00e+00	0.00e+00	0.00e+00	0.00e+00	0.00e+00	5.00e-73
 3.01210e+14	2.17e-24	2.32e-17	2.62e-11	3.63e-06	9.80e-01	2.01e-02	0.00e+00	0.00e+00	0.00e+00	0.00e+00	0.00e+00	0.00e+00	1.18e-72
 3.12449e+14	2.91e-24	2.89e-17	3.04e-11	3.90e-06	9.81e-01	1.87e-02	0.00e+00	0.00e+00	0.00e+00	0.00e+00	0.00e+00	0.00e+00	2.62e-72
 3.23019e+14	3.78e-24	3.52e-17	3.47e-11	4.17e-06	9.82e-01	1.75e-02	0.00e+00	0.00e+00	0.00e+00	0.00e+00	0.00e+00	0.00e+00	5.42e-72
 3.32978e+14	4.81e-24	4.22e-17	3.92e-11	4.44e-06	9.83e-01	1.65e-02	0.00e+00	0.00e+00	0.00e+00	0.00e+00	0.00e+00	0.00e+00	1.05e-71
 3.43808e+14	6.21e-24	5.11e-17	4.46e-11	4.73e-06	9.84e-01	1.55e-02	0.00e+00	0.00e+00	0.00e+00	0.00e+00	1.65e-17	3.46e-17	2.11e-71
 3.55882e+14	8.16e-24	6.27e-17	5.11e-11	5.07e-06	9.85e-01	1.45e-02	0.00e+00	0.00e+00	0.00e+00	0.00e+00	2.08e-17	4.19e-17	4.49e-71
 3.67284e+14	1.05e-23	7.57e-17	5.80e-11	5.40e-06	9.86e-01	1.36e-02	0.00e+00	0.00e+00	0.00e+00	0.00e+00	2.51e-17	5.05e-17	8.93e-71
 3.79817e+14	1.37e-23	9.24e-17	6.63e-11	5.78e-06	9.87e-01	1.28e-02	0.00e+00	0.00e+00	0.00e+00	0.00e+00	3.07e-17	6.17e-17	1.86e-70
 3.93862e+14	1.82e-23	1.15e-16	7.67e-11	6.21e-06	9.88e-01	1.19e-02	0.00e+00	0.00e+00	0.00e+00	0.00e+00	3.81e-17	7.66e-17	4.10e-70
 4.07255e+14	2.36e-23	1.40e-16	8.77e-11	6.65e-06	9.89e-01	1.11e-02	0.00e+00	0.00e+00	0.00e+00	0.00e+00	4.63e-17	9.32e-17	8.36e-70
 4.21978e+14	3.14e-23	1.73e-16	1.01e-10	7.14e-06	9.90e-01	1.04e-02	0.00e+00	0.00e+00	0.00e+00	0.00e+00	5.74e-17	1.16e-16	1.84e-69
 4.38541e+14	4.23e-23	2.16e-16	1.18e-10	7.72e-06	9.90e-01	9.59e-03	0.00e+00	0.00e+00	0.00e+00	0.00e+00	7.18e-17	1.45e-16	4.14e-69
 4.54431e+14	5.61e-23	2.68e-16	1.36e-10	8.29e-06	9.91e-01	8.94e-03	0.00e+00	0.00e+00	0.00e+00	0.00e+00	8.88e-17	1.79e-16	9.01e-69
 4.71303e+14	7.48e-23	3.33e-16	1.57e-10	8.91e-06	9.92e-01	8.32e-03	0.00e+00	0.00e+00	0.00e+00	0.00e+00	1.10e-16	2.22e-16	2.00e-68
 4.90185e+14	1.02e-22	4.19e-16	1.84e-10	9.66e-06	9.92e-01	7.69e-03	0.00e+00	0.00e+00	0.00e+00	0.00e+00	1.39e-16	2.80e-16	4.62e-68
 5.07663e+14	1.34e-22	5.18e-16	2.12e-10	1.04e-05	9.93e-01	7.17e-03	0.00e+00	0.00e+00	0.00e+00	0.00e+00	1.72e-16	3.46e-16	9.97e-68
 5.22821e+14	1.68e-22	6.15e-16	2.39e-10	1.10e-05	9.93e-01	6.76e-03	0.00e+00	0.00e+00	0.00e+00	0.00e+00	2.04e-16	4.11e-16	1.85e-67
 5.39623e+14	2.17e-22	7.43e-16	2.71e-10	1.17e-05	9.94e-01	6.35e-03	0.00e+00	0.00e+00	0.00e+00	0.00e+00	2.47e-16	4.97e-16	3.71e-67
 5.60118e+14	2.88e-22	9.23e-16	3.16e-10	1.26e-05	9.94e-01	5.89e-03	0.00e+00	0.00e+00	0.00e+00	0.00e+00	3.06e-16	6.17e-16	8.09e-67
 5.80850e+14	3.84e-22	1.15e-15	3.65e-10	1.36e-05	9.95e-01	5.48e-03	0.00e+00	0.00e+00	0.00e+00	0.00e+00	3.81e-16	7.67e-16	1.80e-66
 5.99527e+14	4.90e-22	1.38e-15	4.16e-10	1.45e-05	9.95e-01	5.14e-03	0.00e+00	0.00e+00	0.00e+00	0.00e+00	4.58e-16	9.23e-16	3.49e-66
 6.20096e+14	6.39e-22	1.69e-15	4.76e-10	1.55e-05	9.95e-01	4.80e-03	0.00e+00	0.00e+00	0.00e+00	0.00e+00	5.60e-16	1.13e-15	7.28e-66
 6.44371e+14	8.57e-22	2.11e-15	5.56e-10	1.68e-05	9.96e-01	4.44e-03	0.00e+00	0.00e+00	0.00e+00	0.00e+00	7.01e-16	1.41e-15	1.62e-65
 6.68151e+14	1.13e-21	2.61e-15	6.44e-10	1.81e-05	9.96e-01	4.13e-03	0.00e+00	0.00e+00	0.00e+00	0.00e+00	8.67e-16	1.75e-15	3.50e-65
 6.89875e+14	1.45e-21	3.15e-15	7.33e-10	1.93e-05	9.96e-01	3.87e-03	0.00e+00	0.00e+00	0.00e+00	0.00e+00	1.05e-15	2.11e-15	6.90e-65
 7.14242e+14	1.90e-21	3.88e-15	8.42e-10	2.07e-05	9.96e-01	3.61e-03	0.00e+00	0.00e+00	0.00e+00	0.00e+00	1.29e-15	2.59e-15	1.46e-64
 7.42589e+14	2.55e-21	4.84e-15	9.86e-10	2.25e-05	9.97e-01	3.33e-03	0.00e+00	0.00e+00	0.00e+00	0.00e+00	1.61e-15	3.24e-15	3.25e-64
 7.70412e+14	3.39e-21	6.02e-15	1.14e-09	2.42e-05	9.97e-01	3.09e-03	0.00e+00	0.00e+00	0.00e+00	0.00e+00	2.00e-15	4.03e-15	7.20e-64
 7.96787e+14	4.34e-21	7.27e-15	1.31e-09	2.59e-05	9.97e-01	2.89e-03	0.00e+00	0.00e+00	0.00e+00	0.00e+00	2.41e-15	4.86e-15	1.41e-63
 8.26127e+14	5.73e-21	8.98e-15	1.51e-09	2.79e-05	9.97e-01	2.68e-03	0.00e+00	0.00e+00	0.00e+00	0.00e+00	2.98e-15	6.00e-15	3.03e-63
 8.59202e+14	7.68e-21	1.13e-14	1.77e-09	3.02e-05	9.97e-01	2.48e-03	0.00e+00	0.00e+00	0.00e+00	0.00e+00	3.73e-15	7.52e-15	6.83e-63
 8.90593e+14	1.02e-20	1.39e-14	2.04e-09	3.25e-05	9.98e-01	2.30e-03	0.00e+00	0.00e+00	0.00e+00	0.00e+00	4.61e-15	9.31e-15	1.48e-62
 9.19255e+14	1.28e-20	1.66e-14	2.32e-09	3.47e-05	9.98e-01	2.16e-03	0.00e+00	0.00e+00	0.00e+00	0.00e+00	5.50e-15	1.11e-14	2.77e-62
 9.51759e+14	1.67e-20	2.04e-14	2.67e-09	3.72e-05	9.98e-01	2.01e-03	0.00e+00	0.00e+00	0.00e+00	0.00e+00	6.75e-15	1.36e-14	5.85e-62
 9.89548e+14	2.21e-20	2.53e-14	3.12e-09	4.03e-05	9.98e-01	1.85e-03	0.00e+00	0.00e+00	0.00e+00	0.00e+00	8.37e-15	1.69e-14	1.26e-61
 1.02549e+15	2.89e-20	3.10e-14	3.60e-09	4.33e-05	9.98e-01	1.72e-03	0.00e+00	0.00e+00	0.00e+00	0.00e+00	1.03e-14	2.07e-14	2.64e-61
 1.05785e+15	3.65e-20	3.72e-14	4.08e-09	4.61e-05	9.98e-01	1.62e-03	0.00e+00	0.00e+00	0.00e+00	0.00e+00	1.23e-14	2.49e-14	5.09e-61
 1.08851e+15	4.50e-20	4.37e-14	4.57e-09	4.89e-05	9.98e-01	1.53e-03	0.00e+00	0.00e+00	0.00e+00	0.00e+00	1.45e-14	2.92e-14	9.09e-61
 1.12264e+15	5.61e-20	5.17e-14	5.17e-09	5.21e-05	9.99e-01	1.43e-03	0.00e+00	0.00e+00	0.00e+00	0.00e+00	1.71e-14	3.46e-14	1.67e-60
 1.16058e+15	7.23e-20	6.29e-14	5.91e-09	5.57e-05	9.99e-01	1.34e-03	0.00e+00	0.00e+00	0.00e+00	0.00e+00	2.08e-14	4.21e-14	3.39e-60
 1.19632e+15	8.93e-20	7.41e-14	6.67e-09	5.93e-05	9.99e-01	1.26e-03	0.00e+00	0.00e+00	0.00e+00	0.00e+00	2.45e-14	4.96e-14	6.07e-60
 1.23562e+15	1.14e-19	8.96e-14	7.59e-09	6.32e-05	9.99e-01	1.18e-03	0.00e+00	0.00e+00	0.00e+00	0.00e+00	2.96e-14	6.00e-14	1.21e-59
 1.27965e+15	1.47e-19	1.08e-13	8.74e-09	6.79e-05	9.99e-01	1.09e-03	0.00e+00	0.00e+00	0.00e+00	0.00e+00	3.59e-14	7.26e-14	2.41e-59
 1.32115e+15	1.86e-19	1.31e-13	9.92e-09	7.24e-05	9.99e-01	1.02e-03	0.00e+00	0.00e+00	0.00e+00	0.00e+00	4.32e-14	8.74e-14	4.71e-59
 1.36643e+15	2.36e-19	1.57e-13	1.14e-08	7.76e-05	9.99e-01	9.55e-04	0.00e+00	0.00e+00	0.00e+00	0.00e+00	5.18e-14	1.05e-13	9.08e-59
 1.41646e+15	3.09e-19	1.93e-13	1.31e-08	8.34e-05	9.99e-01	8.88e-04	0.00e+00	0.00e+00	0.00e+00	0.00e+00	6.38e-14	1.29e-13	1.93e-58
 1.46289e+15	3.87e-19	2.30e-13	1.49e-08	8.92e-05	9.99e-01	8.30e-04	0.00e+00	0.00e+00	0.00e+00	0.00e+00	7.59e-14	1.54e-13	3.60e-58
 1.51348e+15	4.96e-19	2.78e-13	1.71e-08	9.55e-05	9.99e-01	7.74e-04	0.00e+00	0.00e+00	0.00e+00	0.00e+00	9.19e-14	1.86e-13	7.18e-58
 1.56984e+15	6.41e-19	3.40e-13	1.98e-08	1.03e-04	9.99e-01	7.17e-04	0.00e+00	0.00e+00	0.00e+00	0.00e+00	1.12e-13	2.28e-13	1.47e-57
 1.62246e+15	8.22e-19	4.12e-13	2.26e-08	1.10e-04	9.99e-01	6.70e-04	0.00e+00	0.00e+00	0.00e+00	0.00e+00	1.36e-13	2.76e-13	2.96e-57
 1.67965e+15	1.04e-18	4.96e-13	2.60e-08	1.18e-04	9.99e-01	6.23e-04	0.00e+00	0.00e+00	0.00e+00	0.00e+00	1.64e-13	3.32e-13	5.71e-57
 1.74328e+15	1.37e-18	6.15e-13	3.01e-08	1.27e-04	9.99e-01	5.77e-04	0.00e+00	0.00e+00	0.00e+00	0.00e+00	2.03e-13	4.12e-13	1.24e-56
 1.80309e+15	1.72e-18	7.34e-13	3.45e-08	1.37e-04	9.99e-01	5.37e-04	0.00e+00	0.00e+00	0.00e+00	0.00e+00	2.42e-13	4.92e-13	2.33e-56
 1.86825e+15	2.23e-18	8.97e-13	3.98e-08	1.47e-04	9.99e-01	4.99e-04	0.00e+00	0.00e+00	0.00e+00	0.00e+00	2.96e-13	6.01e-13	4.80e-56
 1.94080e+15	2.89e-18	1.10e-12	4.64e-08	1.59e-04	9.99e-01	4.60e-04	0.00e+00	0.00e+00	0.00e+00	0.00e+00	3.63e-13	7.38e-13	9.97e-56
 2.00943e+15	3.71e-18	1.34e-12	5.34e-08	1.71e-04	9.99e-01	4.28e-04	0.00e+00	0.00e+00	0.00e+00	0.00e+00	4.41e-13	8.97e-13	2.01e-55
 2.08303e+15	4.72e-18	1.62e-12	6.17e-08	1.84e-04	9.99e-01	3.96e-04	0.00e+00	0.00e+00	0.00e+00	0.00e+00	5.34e-13	1.09e-12	3.98e-55
 2.16638e+15	6.25e-18	2.02e-12	7.22e-08	2.00e-04	9.99e-01	3.65e-04	0.00e+00	0.00e+00	0.00e+00	0.00e+00	6.67e-13	1.36e-12	8.87e-55
 2.24857e+15	8.01e-18	2.46e-12	8.39e-08	2.16e-04	9.99e-01	3.37e-04	0.00e+00	0.00e+00	0.00e+00	0.00e+00	8.09e-13	1.65e-12	1.77e-54
 2.32781e+15	1.02e-17	2.98e-12	9.65e-08	2.32e-04	9.99e-01	3.13e-04	0.00e+00	0.00e+00	0.00e+00	0.00e+00	9.82e-13	2.00e-12	3.54e-54
 2.41471e+15	1.30e-17	3.61e-12	1.12e-07	2.51e-04	9.99e-01	2.89e-04	0.00e+00	0.00e+00	0.00e+00	0.00e+00	1.19e-12	2.43e-12	6.99e-54
 2.50942e+15	1.69e-17	4.47e-12	1.31e-07	2.72e-04	9.99e-01	2.66e-04	0.00e+00	0.00e+00	0.00e+00	0.00e+00	1.47e-12	3.00e-12	1.50e-53
 2.58935e+15	2.08e-17	5.26e-12	1.48e-07	2.91e-04	9.99e-01	2.48e-04	0.00e+00	0.00e+00	0.00e+00	0.00e+00	1.73e-12	3.53e-12	2.65e-53
 2.65019e+15	2.43e-17	5.95e-12	1.63e-07	3.06e-04	9.99e-01	2.36e-04	0.00e+00	0.00e+00	0.00e+00	0.00e+00	1.96e-12	4.00e-12	4.15e-53
 2.71517e+15	2.86e-17	6.79e-12	1.80e-07	3.22e-04	9.99e-01	2.24e-04	0.00e+00	0.00e+00	0.00e+00	0.00e+00	2.23e-12	4.56e-12	6.64e-53
 2.79964e+15	3.48e-17	7.96e-12	2.04e-07	3.45e-04	9.99e-01	2.09e-04	0.00e+00	0.00e+00	0.00e+00	0.00e+00	2.62e-12	5.35e-12	1.17e-52
 2.89168e+15	4.32e-17	9.49e-12	2.32e-07	3.69e-04	9.99e-01	1.95e-04	0.00e+00	0.00e+00	0.00e+00	0.00e+00	3.12e-12	6.38e-12	2.20e-52
 2.97590e+15	5.19e-17	1.10e-11	2.61e-07	3.94e-04	9.99e-01	1.82e-04	0.00e+00	4.33e-18	1.30e-17	2.17e-17	3.61e-12	7.39e-12	3.70e-52
 3.06775e+15	6.35e-17	1.29e-11	2.95e-07	4.21e-04	9.99e-01	1.71e-04	0.00e+00	5.30e-18	1.59e-17	2.66e-17	4.25e-12	8.69e-12	6.63e-52
 3.17154e+15	7.91e-17	1.55e-11	3.38e-07	4.53e-04	9.99e-01	1.58e-04	0.00e+00	6.62e-18	1.99e-17	3.32e-17	5.08e-12	1.04e-11	1.26e-51
 3.27076e+15	9.66e-17	1.82e-11	3.83e-07	4.84e-04	9.99e-01	1.48e-04	0.00e+00	8.09e-18	2.43e-17	4.06e-17	5.97e-12	1.22e-11	2.26e-51
 3.37967e+15	1.19e-16	2.16e-11	4.38e-07	5.21e-04	9.99e-01	1.37e-04	0.00e+00	9.96e-18	2.99e-17	4.99e-17	7.08e-12	1.45e-11	4.16e-51
 3.50086e+15	1.49e-16	2.59e-11	5.06e-07	5.64e-04	9.99e-01	1.27e-04	0.00e+00	1.25e-17	3.74e-17	6.25e-17	8.50e-12	1.74e-11	8.06e-51
 3.61412e+15	1.83e-16	3.07e-11	5.76e-07	6.05e-04	9.99e-01	1.18e-04	0.00e+00	1.53e-17	4.60e-17	7.68e-17	1.01e-11	2.06e-11	1.49e-50
 3.73747e+15	2.23e-16	3.64e-11	6.59e-07	6.52e-04	9.99e-01	1.09e-04	0.00e+00	1.88e-17	5.63e-17	9.41e-17	1.19e-11	2.45e-11	2.77e-50
 3.87462e+15	2.82e-16	4.39e-11	7.64e-07	7.08e-04	9.99e-01	1.01e-04	0.00e+00	2.37e-17	7.11e-17	1.19e-16	1.44e-11	2.95e-11	5.50e-50
 4.00197e+15	3.46e-16	5.22e-11	8.71e-07	7.60e-04	9.99e-01	9.34e-05	0.00e+00	2.92e-17	8.75e-17	1.46e-16	1.71e-11	3.51e-11	1.03e-49
 4.13978e+15	4.27e-16	6.21e-11	9.99e-07	8.21e-04	9.99e-01	8.64e-05	0.00e+00	3.60e-17	1.08e-16	1.80e-16	2.04e-11	4.17e-11	1.96e-49
 4.29343e+15	5.35e-16	7.50e-11	1.16e-06	8.92e-04	9.99e-01	7.94e-05	0.00e+00	4.52e-17	1.36e-16	2.26e-16	2.46e-11	5.04e-11	3.94e-49
 4.43724e+15	6.50e-16	8.86e-11	1.32e-06	9.59e-04	9.99e-01	7.37e-05	0.00e+00	5.49e-17	1.65e-16	2.75e-16	2.91e-11	5.95e-11	7.31e-49
 4.59375e+15	8.17e-16	1.07e-10	1.52e-06	1.04e-03	9.99e-01	6.79e-05	0.00e+00	6.91e-17	2.08e-16	3.47e-16	3.50e-11	7.16e-11	1.47e-48
 4.76821e+15	1.02e-15	1.29e-10	1.77e-06	1.13e-03	9.99e-01	6.23e-05	0.00e+00	8.67e-17	2.60e-16	4.35e-16	4.23e-11	8.66e-11	2.99e-48
 4.93188e+15	1.25e-15	1.53e-10	2.03e-06	1.22e-03	9.99e-01	5.77e-05	0.00e+00	1.06e-16	3.18e-16	5.30e-16	5.02e-11	1.03e-10	5.69e-48
 5.10975e+15	1.58e-15	1.85e-10	2.34e-06	1.32e-03	9.99e-01	5.31e-05	0.00e+00	1.34e-16	4.02e-16	6.72e-16	6.08e-11	1.24e-10	1.18e-47
 5.30867e+15	2.00e-15	2.26e-10	2.73e-06	1.44e-03	9.99e-01	4.86e-05	0.00e+00	1.70e-16	5.10e-16	8.52e-16	7.42e-11	1.52e-10	2.52e-47
 5.49801e+15	2.46e-15	2.71e-10	3.14e-06	1.56e-03	9.98e-01	4.48e-05	0.00e+00	2.09e-16	6.29e-16	1.05e-15	8.89e-11	1.82e-10	5.07e-47
 5.70042e+15	3.10e-15	3.28e-10	3.63e-06	1.69e-03	9.98e-01	4.12e-05	0.00e+00	2.64e-16	7.93e-16	1.32e-15	1.08e-10	2.20e-10	1.07e-46
 5.92847e+15	3.94e-15	4.03e-10	4.25e-06	1.85e-03	9.98e-01	3.76e-05	0.00e+00	3.37e-16	1.01e-15	1.69e-15	1.32e-10	2.70e-10	2.39e-46
 6.11893e+15	4.79e-15	4.76e-10	4.82e-06	1.99e-03	9.98e-01	3.50e-05	0.00e+00	4.09e-16	1.23e-15	2.05e-15	1.56e-10	3.19e-10	4.56e-46
 6.25525e+15	5.51e-15	5.35e-10	5.27e-06	2.09e-03	9.98e-01	3.32e-05	0.00e+00	4.71e-16	1.41e-15	2.36e-15	1.76e-10	3.59e-10	7.23e-46
 6.39814e+15	6.34e-15	6.03e-10	5.77e-06	2.20e-03	9.98e-01	3.15e-05	0.00e+00	5.42e-16	1.63e-15	2.72e-15	1.98e-10	4.05e-10	1.16e-45
 6.58389e+15	7.55e-15	7.01e-10	6.47e-06	2.35e-03	9.98e-01	2.95e-05	0.00e+00	6.47e-16	1.94e-15	3.24e-15	2.31e-10	4.71e-10	2.11e-45
 6.78913e+15	8.96e-15	8.17e-10	7.31e-06	2.51e-03	9.97e-01	2.75e-05	0.00e+00	7.69e-16	2.31e-15	3.85e-15	2.69e-10	5.49e-10	3.83e-45
 6.98058e+15	1.09e-14	9.59e-10	8.17e-06	2.68e-03	9.97e-01	2.58e-05	0.00e+00	9.33e-16	2.80e-15	4.67e-15	3.15e-10	6.43e-10	7.24e-45
 7.19031e+15	1.30e-14	1.12e-09	9.20e-06	2.86e-03	9.97e-01	2.41e-05	0.00e+00	1.12e-15	3.35e-15	5.60e-15	3.69e-10	7.53e-10	1.34e-44
 7.42472e+15	1.59e-14	1.33e-09	1.05e-05	3.08e-03	9.97e-01	2.24e-05	0.00e+00	1.37e-15	4.10e-15	6.84e-15	4.39e-10	8.95e-10	2.67e-44
 7.64521e+15	1.91e-14	1.56e-09	1.18e-05	3.28e-03	9.97e-01	2.09e-05	0.00e+00	1.64e-15	4.93e-15	8.23e-15	5.15e-10	1.05e-09	4.98e-44
 7.88585e+15	2.27e-14	1.83e-09	1.33e-05	3.52e-03	9.96e-01	1.95e-05	0.00e+00	1.95e-15	5.87e-15	9.79e-15	6.01e-10	1.22e-09	9.12e-44
 8.15682e+15	2.83e-14	2.22e-09	1.52e-05	3.80e-03	9.96e-01	1.81e-05	0.00e+00	2.45e-15	7.35e-15	1.23e-14	7.30e-10	1.49e-09	1.98e-43
 8.41475e+15	3.45e-14	2.63e-09	1.73e-05	4.07e-03	9.96e-01	1.68e-05	0.00e+00	2.99e-15	8.96e-15	1.50e-14	8.68e-10	1.77e-09	3.80e-43
 8.69760e+15	4.15e-14	3.11e-09	1.97e-05	4.38e-03	9.96e-01	1.56e-05	0.00e+00	3.59e-15	1.08e-14	1.80e-14	1.02e-09	2.08e-09	7.22e-43
 9.03463e+15	5.39e-14	3.89e-09	2.30e-05	4.78e-03	9.95e-01	1.44e-05	0.00e+00	4.67e-15	1.40e-14	2.34e-14	1.28e-09	2.61e-09	1.69e-42
 9.36287e+15	6.57e-14	4.66e-09	2.65e-05	5.17e-03	9.95e-01	1.33e-05	0.00e+00	5.70e-15	1.71e-14	2.85e-14	1.54e-09	3.12e-09	3.32e-42
 9.65316e+15	7.94e-14	5.52e-09	2.99e-05	5.54e-03	9.94e-01	1.24e-05	0.00e+00	6.90e-15	2.07e-14	3.46e-14	1.82e-09	3.70e-09	6.42e-42
 9.97337e+15	9.74e-14	6.61e-09	3.41e-05	5.96e-03	9.94e-01	1.16e-05	0.00e+00	8.47e-15	2.54e-14	4.24e-14	2.18e-09	4.43e-09	1.29e-41
 1.03575e+16	1.26e-13	8.30e-09	3.97e-05	6.49e-03	9.93e-01	1.06e-05	0.00e+00	1.10e-14	3.31e-14	5.52e-14	2.74e-09	5.56e-09	3.09e-41
 1.07405e+16	1.58e-13	1.01e-08	4.60e-05	7.03e-03	9.93e-01	9.86e-06	0.00e+00	1.37e-14	4.12e-14	6.88e-14	3.35e-09	6.79e-09	6.54e-41
 1.10901e+16	1.93e-13	1.21e-08	5.23e-05	7.55e-03	9.92e-01	9.22e-06	0.00e+00	1.69e-14	5.06e-14	8.44e-14	4.01e-09	8.13e-09	1.30e-40
 1.14801e+16	2.37e-13	1.46e-08	6.02e-05	8.16e-03	9.92e-01	8.58e-06	0.00e+00	2.07e-14	6.22e-14	1.04e-13	4.81e-09	9.76e-09	2.56e-40
 1.19346e+16	3.12e-13	1.85e-08	7.05e-05	8.90e-03	9.91e-01	7.93e-06	0.00e+00	2.73e-14	8.20e-14	1.37e-13	6.12e-09	1.24e-08	6.30e-40
 1.23785e+16	3.89e-13	2.27e-08	8.17e-05	9.65e-03	9.90e-01	7.37e-06	0.00e+00	3.41e-14	1.02e-13	1.71e-13	7.50e-09	1.52e-08	1.28e-39
 1.27942e+16	4.82e-13	2.75e-08	9.35e-05	1.04e-02	9.90e-01	6.91e-06	0.00e+00	4.23e-14	1.27e-13	2.12e-13	9.08e-09	1.84e-08	2.55e-39
 1.31574e+16	5.79e-13	3.24e-08	1.05e-04	1.11e-02	9.89e-01	6.55e-06	0.00e+00	5.08e-14	1.53e-13	2.54e-13	1.07e-08	2.17e-08	4.62e-39
 1.34606e+16	6.70e-13	3.69e-08	1.15e-04	1.16e-02	9.88e-01	6.28e-06	0.00e+00	5.89e-14	1.77e-13	2.95e-13	1.22e-08	2.47e-08	7.43e-39
 1.37958e+16	7.87e-13	4.26e-08	1.27e-04	1.23e-02	9.88e-01	5.99e-06	0.00e+00	6.93e-14	2.08e-13	3.47e-13	1.41e-08	2.85e-08	1.25e-38
 1.42317e+16	9.52e-13	5.03e-08	1.45e-04	1.32e-02	9.87e-01	5.66e-06	0.00e+00	8.38e-14	2.51e-13	4.20e-13	1.66e-08	3.36e-08	2.23e-38
 1.46882e+16	1.19e-12	6.15e-08	1.65e-04	1.42e-02	9.86e-01	5.36e-06	0.00e+00	1.05e-13	3.14e-13	5.24e-13	2.04e-08	4.12e-08	4.52e-38
 1.50744e+16	1.41e-12	7.17e-08	1.84e-04	1.50e-02	9.85e-01	5.13e-06	0.00e+00	1.24e-13	3.73e-13	6.23e-13	2.37e-08	4.80e-08	7.69e-38
 1.54797e+16	1.68e-12	8.36e-08	2.05e-04	1.59e-02	9.84e-01	4.90e-06	0.00e+00	1.48e-13	4.44e-13	7.41e-13	2.77e-08	5.59e-08	1.30e-37
 1.60065e+16	2.08e-12	1.01e-07	2.36e-04	1.71e-02	9.83e-01	4.64e-06	0.00e+00	1.84e-13	5.51e-13	9.20e-13	3.33e-08	6.73e-08	2.45e-37
 1.65514e+16	2.64e-12	1.25e-07	2.72e-04	1.85e-02	9.81e-01	4.41e-06	0.00e+00	2.33e-13	7.00e-13	1.17e-12	4.15e-08	8.37e-08	5.16e-37
 1.70045e+16	3.17e-12	1.47e-07	3.05e-04	1.97e-02	9.80e-01	4.23e-06	0.00e+00	2.81e-13	8.42e-13	1.40e-12	4.88e-08	9.85e-08	8.89e-37
 1.74784e+16	3.83e-12	1.74e-07	3.43e-04	2.10e-02	9.79e-01	4.07e-06	0.00e+00	3.39e-13	1.02e-12	1.70e-12	5.77e-08	1.16e-07	1.55e-36
 1.80945e+16	4.83e-12	2.11e-07	3.98e-04	2.27e-02	9.77e-01	3.87e-06	0.00e+00	4.28e-13	1.28e-12	2.14e-12	6.99e-08	1.41e-07	2.86e-36
 1.87288e+16	6.23e-12	2.66e-07	4.62e-04	2.46e-02	9.75e-01	3.70e-06	0.00e+00	5.53e-13	1.66e-12	2.77e-12	8.83e-08	1.78e-07	6.19e-36
 1.92605e+16	7.51e-12	3.16e-07	5.22e-04	2.62e-02	9.73e-01	3.57e-06	0.00e+00	6.67e-13	2.00e-12	3.34e-12	1.05e-07	2.11e-07	1.05e-35
 1.98251e+16	9.25e-12	3.78e-07	5.94e-04	2.81e-02	9.71e-01	3.45e-06	0.00e+00	8.22e-13	2.47e-12	4.11e-12	1.25e-07	2.52e-07	1.86e-35
 2.05471e+16	1.19e-11	4.66e-07	6.97e-04	3.05e-02	9.69e-01	3.30e-06	0.00e+00	1.06e-12	3.18e-12	5.30e-12	1.54e-07	3.11e-07	3.54e-35
 2.12672e+16	1.55e-11	5.93e-07	8.15e-04	3.32e-02	9.66e-01	3.19e-06	0.00e+00	1.38e-12	4.13e-12	6.89e-12	1.97e-07	3.96e-07	7.68e-35
 2.18440e+16	1.87e-11	7.03e-07	9.21e-04	3.54e-02	9.64e-01	3.11e-06	0.00e+00	1.67e-12	5.00e-12	8.34e-12	2.33e-07	4.70e-07	1.27e-34
 2.24410e+16	2.30e-11	8.41e-07	1.05e-03	3.79e-02	9.61e-01	3.03e-06	0.00e+00	2.06e-12	6.17e-12	1.03e-11	2.79e-07	5.62e-07	2.21e-34
 2.32170e+16	3.00e-11	1.05e-06	1.23e-03	4.12e-02	9.58e-01	2.94e-06	0.00e+00	2.67e-12	8.02e-12	1.34e-11	3.48e-07	7.02e-07	4.23e-34
 2.40134e+16	3.91e-11	1.33e-06	1.45e-03	4.50e-02	9.54e-01	2.86e-06	0.00e+00	3.50e-12	1.05e-11	1.75e-11	4.40e-07	8.86e-07	8.53e-34
 2.46467e+16	4.75e-11	1.58e-06	1.64e-03	4.81e-02	9.50e-01	2.80e-06	0.00e+00	4.24e-12	1.27e-11	2.12e-11	5.24e-07	1.05e-06	1.39e-33
 2.52804e+16	5.88e-11	1.89e-06	1.87e-03	5.15e-02	9.47e-01	2.75e-06	0.00e+00	5.26e-12	1.58e-11	2.63e-11	6.28e-07	1.26e-06	2.38e-33
 2.61042e+16	7.71e-11	2.37e-06	2.21e-03	5.63e-02	9.42e-01	2.69e-06	0.00e+00	6.90e-12	2.07e-11	3.45e-11	7.87e-07	1.58e-06	4.48e-33
 2.69317e+16	1.01e-10	2.99e-06	2.61e-03	6.14e-02	9.36e-01	2.65e-06	0.00e+00	9.05e-12	2.71e-11	4.53e-11	9.95e-07	2.00e-06	8.80e-33
 2.75300e+16	1.20e-10	3.51e-06	2.94e-03	6.54e-02	9.32e-01	2.62e-06	0.00e+00	1.08e-11	3.24e-11	5.40e-11	1.16e-06	2.34e-06	1.34e-32
 2.80741e+16	1.45e-10	4.09e-06	3.29e-03	6.94e-02	9.27e-01	2.59e-06	0.00e+00	1.30e-11	3.90e-11	6.50e-11	1.36e-06	2.73e-06	2.06e-32
