#depth	N	N+	N+2	N+3	N+4	N+5	N+6	N+7
 1.49634e+10	0.00e+00	0.00e+00	4.62e-28	1.52e-18	7.45e-10	9.97e-01	2.99e-03	0.00e+00
 4.54887e+10	0.00e+00	3.08e-38	5.86e-28	1.79e-18	8.07e-10	9.97e-01	2.75e-03	1.45e-09
 7.72350e+10	0.00e+00	0.00e+00	7.43e-28	2.09e-18	8.74e-10	9.97e-01	2.54e-03	0.00e+00
 1.10251e+11	0.00e+00	5.79e-38	9.42e-28	2.45e-18	9.46e-10	9.98e-01	2.34e-03	0.00e+00
 1.42586e+11	0.00e+00	0.00e+00	1.18e-27	2.85e-18	1.02e-09	9.98e-01	2.17e-03	0.00e+00
 1.73589e+11	0.00e+00	1.03e-37	1.45e-27	3.27e-18	1.09e-09	9.98e-01	2.02e-03	0.00e+00
 2.07836e+11	0.00e+00	0.00e+00	1.81e-27	3.79e-18	1.18e-09	9.98e-01	1.87e-03	0.00e+00
 2.46076e+11	0.00e+00	1.89e-37	2.29e-27	4.45e-18	1.27e-09	9.98e-01	1.72e-03	0.00e+00
 2.84913e+11	0.00e+00	0.00e+00	2.90e-27	5.20e-18	1.38e-09	9.98e-01	1.59e-03	0.00e+00
 3.25302e+11	0.00e+00	3.52e-37	3.66e-27	6.07e-18	1.49e-09	9.99e-01	1.47e-03	0.00e+00
 3.68241e+11	0.00e+00	0.00e+00	4.64e-27	7.12e-18	1.61e-09	9.99e-01	1.35e-03	0.00e+00
 4.12898e+11	0.00e+00	6.65e-37	5.89e-27	8.36e-18	1.75e-09	9.99e-01	1.24e-03	0.00e+00
 4.59340e+11	0.00e+00	0.00e+00	7.49e-27	9.80e-18	1.89e-09	9.99e-01	1.15e-03	0.00e+00
 5.07641e+11	0.00e+00	1.26e-36	9.51e-27	1.15e-17	2.05e-09	9.99e-01	1.05e-03	0.00e+00
 5.55221e+11	2.41e-47	1.70e-36	1.19e-26	1.34e-17	2.22e-09	9.99e-01	9.75e-04	0.00e+00
 6.04704e+11	0.00e+00	0.00e+00	1.50e-26	1.56e-17	2.39e-09	9.99e-01	9.01e-04	0.00e+00
 6.58819e+11	0.00e+00	3.17e-36	1.91e-26	1.83e-17	2.59e-09	9.99e-01	8.29e-04	0.00e+00
 7.13261e+11	7.72e-47	4.33e-36	2.41e-26	2.14e-17	2.80e-09	9.99e-01	7.65e-04	0.00e+00
 7.69881e+11	0.00e+00	0.00e+00	3.04e-26	2.51e-17	3.03e-09	9.99e-01	7.05e-04	0.00e+00
 8.30603e+11	0.00e+00	8.14e-36	3.88e-26	2.95e-17	3.29e-09	9.99e-01	6.49e-04	0.00e+00
 8.93754e+11	2.54e-46	1.12e-35	4.94e-26	3.47e-17	3.57e-09	9.99e-01	5.97e-04	0.00e+00
 9.59431e+11	0.00e+00	0.00e+00	6.29e-26	4.08e-17	3.87e-09	9.99e-01	5.49e-04	0.00e+00
 1.02774e+12	0.00e+00	2.14e-35	8.03e-26	4.80e-17	4.21e-09	9.99e-01	5.04e-04	0.00e+00
 1.09877e+12	8.53e-46	2.96e-35	1.02e-25	5.66e-17	4.57e-09	1.00e+00	4.64e-04	0.00e+00
 1.17265e+12	0.00e+00	0.00e+00	1.31e-25	6.67e-17	4.96e-09	1.00e+00	4.26e-04	0.00e+00
 1.24948e+12	0.00e+00	5.67e-35	1.67e-25	7.86e-17	5.39e-09	1.00e+00	3.92e-04	0.00e+00
 1.32939e+12	2.88e-45	7.85e-35	2.14e-25	9.28e-17	5.86e-09	1.00e+00	3.60e-04	0.00e+00
 1.41249e+12	0.00e+00	0.00e+00	2.74e-25	1.10e-16	6.37e-09	1.00e+00	3.30e-04	0.00e+00
 1.49721e+12	0.00e+00	1.50e-34	3.49e-25	1.29e-16	6.91e-09	1.00e+00	3.04e-04	0.00e+00
 1.58533e+12	9.68e-45	2.07e-34	4.45e-25	1.52e-16	7.51e-09	1.00e+00	2.79e-04	0.00e+00
 1.67867e+12	0.00e+00	2.88e-34	5.71e-25	1.80e-16	8.18e-09	1.00e+00	2.56e-04	0.00e+00
 1.77574e+12	2.20e-44	4.01e-34	7.33e-25	2.13e-16	8.91e-09	1.00e+00	2.35e-04	0.00e+00
 1.87670e+12	0.00e+00	5.59e-34	9.42e-25	2.52e-16	9.70e-09	1.00e+00	2.15e-04	0.00e+00
 1.98169e+12	5.04e-44	7.79e-34	1.21e-24	2.99e-16	1.06e-08	1.00e+00	1.97e-04	0.00e+00
 2.09088e+12	0.00e+00	1.09e-33	1.56e-24	3.55e-16	1.15e-08	1.00e+00	1.81e-04	0.00e+00
 2.20445e+12	1.16e-43	1.52e-33	2.01e-24	4.22e-16	1.26e-08	1.00e+00	1.66e-04	0.00e+00
 2.30912e+12	0.00e+00	2.04e-33	2.52e-24	4.92e-16	1.36e-08	1.00e+00	1.53e-04	0.00e+00
 2.39943e+12	2.28e-43	2.62e-33	3.04e-24	5.59e-16	1.45e-08	1.00e+00	1.44e-04	0.00e+00
 2.49955e+12	0.00e+00	3.43e-33	3.73e-24	6.43e-16	1.56e-08	1.00e+00	1.34e-04	0.00e+00
 2.62222e+12	4.74e-43	4.71e-33	4.76e-24	7.59e-16	1.70e-08	1.00e+00	1.23e-04	0.00e+00
 2.74739e+12	0.00e+00	6.45e-33	6.04e-24	8.94e-16	1.84e-08	1.00e+00	1.13e-04	0.00e+00
 2.86094e+12	9.85e-43	8.50e-33	7.45e-24	1.03e-15	1.99e-08	1.00e+00	1.05e-04	0.00e+00
 2.98620e+12	0.00e+00	1.14e-32	9.33e-24	1.20e-15	2.15e-08	1.00e+00	9.71e-05	0.00e+00
 3.13310e+12	2.15e-42	1.59e-32	1.20e-23	1.43e-15	2.35e-08	1.00e+00	8.88e-05	0.00e+00
 3.27694e+12	0.00e+00	2.18e-32	1.53e-23	1.69e-15	2.56e-08	1.00e+00	8.16e-05	0.00e+00
 3.40971e+12	4.48e-42	2.88e-32	1.90e-23	1.96e-15	2.76e-08	1.00e+00	7.56e-05	0.00e+00
 3.55921e+12	0.00e+00	3.91e-32	2.40e-23	2.31e-15	3.00e-08	1.00e+00	6.96e-05	0.00e+00
 3.73151e+12	9.94e-42	5.48e-32	3.11e-23	2.76e-15	3.29e-08	1.00e+00	6.35e-05	0.00e+00
 3.89972e+12	0.00e+00	7.53e-32	3.97e-23	3.27e-15	3.59e-08	1.00e+00	5.82e-05	0.00e+00
 4.05989e+12	2.11e-41	1.01e-31	4.97e-23	3.83e-15	3.90e-08	1.00e+00	5.37e-05	0.00e+00
 4.23743e+12	0.00e+00	1.38e-31	6.32e-23	4.52e-15	4.25e-08	1.00e+00	4.93e-05	0.00e+00
 4.43686e+12	4.69e-41	1.92e-31	8.20e-23	5.42e-15	4.67e-08	1.00e+00	4.49e-05	0.00e+00
 4.63667e+12	0.00e+00	2.66e-31	1.05e-22	6.45e-15	5.11e-08	1.00e+00	4.11e-05	0.00e+00
 4.84447e+12	1.04e-40	3.67e-31	1.35e-22	7.68e-15	5.60e-08	1.00e+00	3.76e-05	0.00e+00
 5.06817e+12	0.00e+00	5.12e-31	1.75e-22	9.21e-15	6.15e-08	1.00e+00	3.42e-05	0.00e+00
 5.30083e+12	2.35e-40	7.12e-31	2.26e-22	1.10e-14	6.76e-08	1.00e+00	3.12e-05	0.00e+00
 5.54279e+12	0.00e+00	9.91e-31	2.92e-22	1.32e-14	7.43e-08	1.00e+00	2.84e-05	0.00e+00
 5.79443e+12	5.26e-40	1.38e-30	3.77e-22	1.58e-14	8.17e-08	1.00e+00	2.58e-05	0.00e+00
 6.03206e+12	0.00e+00	1.85e-30	4.76e-22	1.87e-14	8.91e-08	1.00e+00	2.37e-05	0.00e+00
 6.24565e+12	1.04e-39	2.40e-30	5.82e-22	2.15e-14	9.60e-08	1.00e+00	2.20e-05	0.00e+00
 6.48540e+12	0.00e+00	3.17e-30	7.24e-22	2.51e-14	1.04e-07	1.00e+00	2.03e-05	0.00e+00
 6.75203e+12	2.10e-39	4.26e-30	9.14e-22	2.97e-14	1.14e-07	1.00e+00	1.87e-05	0.00e+00
 7.00229e+12	0.00e+00	5.58e-30	1.13e-21	3.44e-14	1.23e-07	1.00e+00	1.73e-05	0.00e+00
 7.27634e+12	4.11e-39	7.41e-30	1.41e-21	4.04e-14	1.34e-07	1.00e+00	1.59e-05	0.00e+00
 7.58336e+12	0.00e+00	1.00e-29	1.79e-21	4.79e-14	1.47e-07	1.00e+00	1.45e-05	0.00e+00
 7.87473e+12	8.36e-39	1.33e-29	2.23e-21	5.60e-14	1.59e-07	1.00e+00	1.34e-05	0.00e+00
 8.18922e+12	0.00e+00	1.77e-29	2.79e-21	6.59e-14	1.74e-07	1.00e+00	1.23e-05	0.00e+00
 8.53886e+12	1.72e-38	2.40e-29	3.56e-21	7.84e-14	1.90e-07	1.00e+00	1.12e-05	0.00e+00
 8.87646e+12	0.00e+00	3.19e-29	4.45e-21	9.21e-14	2.08e-07	1.00e+00	1.03e-05	0.00e+00
 9.23542e+12	3.45e-38	4.27e-29	5.59e-21	1.09e-13	2.27e-07	1.00e+00	9.46e-06	0.00e+00
 9.60061e+12	0.00e+00	5.66e-29	7.00e-21	1.28e-13	2.47e-07	1.00e+00	8.68e-06	0.00e+00
 9.92096e+12	6.49e-38	7.19e-29	8.45e-21	1.46e-13	2.66e-07	1.00e+00	8.08e-06	0.00e+00
 1.02680e+13	0.00e+00	9.23e-29	1.03e-20	1.69e-13	2.87e-07	1.00e+00	7.49e-06	0.00e+00
 1.06885e+13	1.25e-37	1.23e-28	1.30e-20	1.99e-13	3.14e-07	1.00e+00	6.86e-06	0.00e+00
 1.11084e+13	0.00e+00	1.63e-28	1.62e-20	2.34e-13	3.43e-07	1.00e+00	6.30e-06	0.00e+00
 1.14842e+13	2.34e-37	2.07e-28	1.96e-20	2.69e-13	3.69e-07	1.00e+00	5.85e-06	0.00e+00
 1.18982e+13	0.00e+00	2.68e-28	2.40e-20	3.12e-13	4.00e-07	1.00e+00	5.41e-06	0.00e+00
 1.23898e+13	4.53e-37	3.58e-28	3.03e-20	3.69e-13	4.38e-07	1.00e+00	4.95e-06	0.00e+00
 1.28778e+13	0.00e+00	4.73e-28	3.77e-20	4.33e-13	4.77e-07	1.00e+00	4.54e-06	0.00e+00
 1.33279e+13	8.53e-37	6.05e-28	4.59e-20	4.99e-13	5.16e-07	1.00e+00	4.21e-06	0.00e+00
 1.38332e+13	0.00e+00	7.90e-28	5.67e-20	5.82e-13	5.60e-07	1.00e+00	3.88e-06	0.00e+00
 1.44160e+13	1.68e-36	1.06e-27	7.17e-20	6.90e-13	6.15e-07	1.00e+00	3.54e-06	0.00e+00
 1.49876e+13	0.00e+00	1.40e-27	8.95e-20	8.10e-13	6.70e-07	1.00e+00	3.25e-06	0.00e+00
 1.55820e+13	3.30e-36	1.85e-27	1.12e-19	9.50e-13	7.31e-07	1.00e+00	2.99e-06	0.00e+00
 1.62352e+13	0.00e+00	2.48e-27	1.41e-19	1.12e-12	8.01e-07	1.00e+00	2.73e-06	0.00e+00
 1.68944e+13	6.64e-36	3.30e-27	1.77e-19	1.32e-12	8.74e-07	1.00e+00	2.50e-06	0.00e+00
 1.75799e+13	0.00e+00	4.39e-27	2.21e-19	1.56e-12	9.54e-07	1.00e+00	2.30e-06	0.00e+00
 1.83130e+13	1.34e-35	5.88e-27	2.79e-19	1.84e-12	1.04e-06	1.00e+00	2.10e-06	0.00e+00
 1.90754e+13	0.00e+00	7.89e-27	3.52e-19	2.17e-12	1.14e-06	1.00e+00	1.92e-06	0.00e+00
 1.98684e+13	2.72e-35	1.06e-26	4.43e-19	2.56e-12	1.25e-06	1.00e+00	1.76e-06	0.00e+00
 2.06585e+13	0.00e+00	1.40e-26	5.53e-19	3.00e-12	1.36e-06	1.00e+00	1.62e-06	0.00e+00
 2.14802e+13	5.41e-35	1.86e-26	6.91e-19	3.51e-12	1.48e-06	1.00e+00	1.49e-06	0.00e+00
 2.23210e+13	0.00e+00	2.45e-26	8.60e-19	4.10e-12	1.61e-06	1.00e+00	1.37e-06	0.00e+00
 2.31157e+13	1.04e-34	3.17e-26	1.05e-18	4.72e-12	1.73e-06	1.00e+00	1.27e-06	0.00e+00
 2.38614e+13	0.00e+00	3.99e-26	1.26e-18	5.36e-12	1.85e-06	1.00e+00	1.19e-06	0.00e+00
 2.46801e+13	1.86e-34	5.11e-26	1.53e-18	6.14e-12	1.99e-06	1.00e+00	1.11e-06	0.00e+00
 2.55996e+13	2.58e-34	6.68e-26	1.88e-18	7.11e-12	2.15e-06	1.00e+00	1.03e-06	0.00e+00
 2.64760e+13	3.49e-34	8.56e-26	2.28e-18	8.14e-12	2.31e-06	1.00e+00	9.57e-07	0.00e+00
 2.74411e+13	4.83e-34	1.12e-25	2.80e-18	9.40e-12	2.49e-06	1.00e+00	0.00e+00	0.00e+00
 2.85229e+13	6.85e-34	1.48e-25	3.50e-18	1.10e-11	2.70e-06	1.00e+00	0.00e+00	0.00e+00
 2.95533e+13	9.48e-34	1.93e-25	4.29e-18	1.26e-11	2.91e-06	1.00e+00	0.00e+00	0.00e+00
 3.04929e+13	1.26e-33	2.44e-25	5.13e-18	1.43e-11	3.11e-06	1.00e+00	0.00e+00	0.00e+00
 3.15173e+13	1.71e-33	3.12e-25	6.21e-18	1.63e-11	3.33e-06	1.00e+00	0.00e+00	0.00e+00
 3.26689e+13	2.38e-33	4.08e-25	7.64e-18	1.89e-11	3.59e-06	1.00e+00	0.00e+00	0.00e+00
 3.37611e+13	3.23e-33	5.23e-25	9.24e-18	2.15e-11	3.84e-06	1.00e+00	0.00e+00	0.00e+00
 3.49560e+13	4.46e-33	6.80e-25	1.13e-17	2.47e-11	4.13e-06	1.00e+00	0.00e+00	0.00e+00
 3.62801e+13	6.30e-33	9.00e-25	1.40e-17	2.86e-11	4.46e-06	1.00e+00	0.00e+00	0.00e+00
 3.75121e+13	8.62e-33	1.16e-24	1.70e-17	3.27e-11	4.78e-06	1.00e+00	0.00e+00	0.00e+00
 3.88535e+13	1.20e-32	1.51e-24	2.09e-17	3.76e-11	5.13e-06	1.00e+00	0.00e+00	0.00e+00
 4.03583e+13	1.71e-32	2.02e-24	2.61e-17	4.37e-11	5.55e-06	1.00e+00	0.00e+00	0.00e+00
 4.17859e+13	2.38e-32	2.64e-24	3.19e-17	5.02e-11	5.96e-06	1.00e+00	0.00e+00	0.00e+00
 4.33311e+13	3.36e-32	3.48e-24	3.95e-17	5.80e-11	6.42e-06	1.00e+00	0.00e+00	0.00e+00
 4.50539e+13	4.85e-32	4.69e-24	4.95e-17	6.78e-11	6.95e-06	1.00e+00	0.00e+00	0.00e+00
 4.67118e+13	6.85e-32	6.20e-24	6.12e-17	7.82e-11	7.48e-06	1.00e+00	0.00e+00	0.00e+00
 4.84763e+13	9.77e-32	8.25e-24	7.61e-17	9.06e-11	8.06e-06	1.00e+00	0.00e+00	0.00e+00
 5.04453e+13	1.43e-31	1.12e-23	9.60e-17	1.06e-10	8.75e-06	1.00e+00	0.00e+00	0.00e+00
 5.24202e+13	2.07e-31	1.51e-23	1.20e-16	1.24e-10	9.45e-06	1.00e+00	0.00e+00	0.00e+00
 5.44741e+13	2.99e-31	2.03e-23	1.51e-16	1.44e-10	1.02e-05	1.00e+00	0.00e+00	0.00e+00
 5.66830e+13	4.38e-31	2.76e-23	1.90e-16	1.69e-10	1.11e-05	1.00e+00	0.00e+00	0.00e+00
 5.89802e+13	6.42e-31	3.76e-23	2.41e-16	1.98e-10	1.20e-05	1.00e+00	0.00e+00	0.00e+00
 6.12472e+13	9.24e-31	5.04e-23	3.00e-16	2.29e-10	1.29e-05	1.00e+00	0.00e+00	0.00e+00
 6.36048e+13	1.33e-30	6.76e-23	3.75e-16	2.67e-10	1.40e-05	1.00e+00	0.00e+00	0.00e+00
 6.61789e+13	1.95e-30	9.19e-23	4.74e-16	3.12e-10	1.51e-05	1.00e+00	0.00e+00	0.00e+00
 6.87711e+13	2.83e-30	1.24e-22	5.94e-16	3.64e-10	1.64e-05	1.00e+00	0.00e+00	0.00e+00
 7.14670e+13	4.10e-30	1.67e-22	7.45e-16	4.24e-10	1.77e-05	1.00e+00	0.00e+00	0.00e+00
 7.40368e+13	5.76e-30	2.20e-22	9.18e-16	4.88e-10	1.90e-05	1.00e+00	0.00e+00	0.00e+00
 7.62457e+13	7.66e-30	2.76e-22	1.09e-15	5.49e-10	2.02e-05	1.00e+00	0.00e+00	0.00e+00
 7.86726e+13	1.04e-29	3.52e-22	1.31e-15	6.22e-10	2.15e-05	1.00e+00	0.00e+00	0.00e+00
 8.16601e+13	1.48e-29	4.70e-22	1.64e-15	7.21e-10	2.32e-05	1.00e+00	0.00e+00	0.00e+00
 8.47539e+13	2.12e-29	6.27e-22	2.04e-15	8.37e-10	2.50e-05	1.00e+00	0.00e+00	0.00e+00
 8.76212e+13	2.92e-29	8.12e-22	2.48e-15	9.56e-10	2.68e-05	1.00e+00	0.00e+00	0.00e+00
 9.08059e+13	4.11e-29	1.07e-21	3.06e-15	1.10e-09	2.88e-05	1.00e+00	0.00e+00	0.00e+00
 9.44681e+13	6.00e-29	1.45e-21	3.86e-15	1.29e-09	3.13e-05	1.00e+00	0.00e+00	0.00e+00
 9.80913e+13	8.61e-29	1.95e-21	4.82e-15	1.50e-09	3.38e-05	1.00e+00	0.00e+00	0.00e+00
 1.01860e+14	1.24e-28	2.60e-21	6.02e-15	1.75e-09	3.65e-05	1.00e+00	0.00e+00	0.00e+00
 1.05964e+14	1.80e-28	3.53e-21	7.59e-15	2.04e-09	3.96e-05	1.00e+00	0.00e+00	0.00e+00
 1.09766e+14	2.53e-28	4.64e-21	9.35e-15	2.35e-09	4.25e-05	1.00e+00	0.00e+00	0.00e+00
 1.13069e+14	3.36e-28	5.84e-21	1.11e-14	2.65e-09	4.52e-05	1.00e+00	0.00e+00	0.00e+00
 1.16734e+14	4.55e-28	7.46e-21	1.34e-14	3.01e-09	4.83e-05	1.00e+00	0.00e+00	0.00e+00
 1.21197e+14	6.51e-28	9.97e-21	1.68e-14	3.50e-09	5.21e-05	1.00e+00	0.00e+00	0.00e+00
 1.25709e+14	9.24e-28	1.32e-20	2.08e-14	4.05e-09	5.62e-05	1.00e+00	0.00e+00	0.00e+00
 1.29785e+14	1.25e-27	1.69e-20	2.51e-14	4.61e-09	6.00e-05	1.00e+00	0.00e+00	0.00e+00
 1.34280e+14	1.74e-27	2.20e-20	3.07e-14	5.28e-09	6.44e-05	1.00e+00	0.00e+00	0.00e+00
 1.39572e+14	2.51e-27	2.97e-20	3.86e-14	6.17e-09	6.98e-05	1.00e+00	0.00e+00	0.00e+00
 1.44778e+14	3.57e-27	3.95e-20	4.79e-14	7.14e-09	7.52e-05	1.00e+00	0.00e+00	0.00e+00
 1.49589e+14	4.89e-27	5.08e-20	5.81e-14	8.14e-09	8.04e-05	1.00e+00	0.00e+00	0.00e+00
 1.54999e+14	6.87e-27	6.70e-20	7.17e-14	9.38e-09	8.65e-05	1.00e+00	0.00e+00	0.00e+00
 1.61229e+14	1.00e-26	9.09e-20	9.05e-14	1.10e-08	9.38e-05	1.00e+00	0.00e+00	0.00e+00
 1.67330e+14	1.44e-26	1.21e-19	1.13e-13	1.27e-08	1.01e-04	1.00e+00	0.00e+00	0.00e+00
 1.73675e+14	2.06e-26	1.62e-19	1.41e-13	1.48e-08	1.09e-04	1.00e+00	0.00e+00	0.00e+00
 1.80652e+14	3.01e-26	2.20e-19	1.78e-13	1.73e-08	1.18e-04	1.00e+00	0.00e+00	0.00e+00
 1.87668e+14	4.35e-26	2.97e-19	2.23e-13	2.02e-08	1.28e-04	1.00e+00	0.00e+00	0.00e+00
 1.94964e+14	6.31e-26	4.00e-19	2.79e-13	2.35e-08	1.38e-04	1.00e+00	0.00e+00	0.00e+00
 2.02462e+14	9.10e-26	5.37e-19	3.49e-13	2.73e-08	1.49e-04	1.00e+00	0.00e+00	0.00e+00
 2.09704e+14	1.28e-25	7.08e-19	4.30e-13	3.14e-08	1.60e-04	1.00e+00	0.00e+00	0.00e+00
 2.17566e+14	1.84e-25	9.45e-19	5.35e-13	3.64e-08	1.73e-04	1.00e+00	0.00e+00	0.00e+00
 2.25913e+14	2.65e-25	1.27e-18	6.70e-13	4.23e-08	1.86e-04	1.00e+00	0.00e+00	0.00e+00
 2.33793e+14	3.71e-25	1.66e-18	8.21e-13	4.86e-08	2.00e-04	1.00e+00	0.00e+00	0.00e+00
 2.42374e+14	5.28e-25	2.21e-18	1.02e-12	5.61e-08	2.15e-04	1.00e+00	0.00e+00	0.00e+00
 2.52099e+14	7.77e-25	3.01e-18	1.29e-12	6.56e-08	2.33e-04	1.00e+00	0.00e+00	0.00e+00
 2.60876e+14	1.09e-24	3.95e-18	1.58e-12	7.52e-08	2.49e-04	1.00e+00	0.00e+00	0.00e+00
 2.68206e+14	1.43e-24	4.91e-18	1.86e-12	8.40e-08	2.63e-04	1.00e+00	0.00e+00	0.00e+00
 2.76281e+14	1.91e-24	6.21e-18	2.22e-12	9.45e-08	2.80e-04	1.00e+00	0.00e+00	0.00e+00
 2.86477e+14	2.73e-24	8.26e-18	2.75e-12	1.09e-07	3.01e-04	1.00e+00	0.00e+00	0.00e+00
 2.97248e+14	3.93e-24	1.11e-17	3.43e-12	1.27e-07	3.24e-04	1.00e+00	0.00e+00	0.00e+00
 3.07094e+14	5.41e-24	1.43e-17	4.17e-12	1.44e-07	3.46e-04	1.00e+00	0.00e+00	0.00e+00
 3.16496e+14	7.28e-24	1.81e-17	4.99e-12	1.63e-07	3.67e-04	1.00e+00	0.00e+00	0.00e+00
 3.27292e+14	1.01e-23	2.36e-17	6.09e-12	1.86e-07	3.93e-04	1.00e+00	0.00e+00	0.00e+00
 3.39351e+14	1.45e-23	3.14e-17	7.55e-12	2.15e-07	4.23e-04	1.00e+00	0.00e+00	0.00e+00
 3.50675e+14	1.99e-23	4.07e-17	9.18e-12	2.45e-07	4.52e-04	1.00e+00	0.00e+00	0.00e+00
 3.63019e+14	2.80e-23	5.35e-17	1.13e-11	2.81e-07	4.84e-04	1.00e+00	0.00e+00	0.00e+00
 3.76714e+14	4.00e-23	7.13e-17	1.40e-11	3.26e-07	5.22e-04	9.99e-01	0.00e+00	0.00e+00
 3.89456e+14	5.57e-23	9.29e-17	1.71e-11	3.72e-07	5.58e-04	9.99e-01	0.00e+00	0.00e+00
 4.03310e+14	7.80e-23	1.22e-16	2.11e-11	4.28e-07	5.99e-04	9.99e-01	0.00e+00	0.00e+00
 4.18791e+14	1.12e-22	1.64e-16	2.63e-11	4.97e-07	6.47e-04	9.99e-01	0.00e+00	0.00e+00
 4.33370e+14	1.57e-22	2.14e-16	3.23e-11	5.70e-07	6.93e-04	9.99e-01	0.00e+00	0.00e+00
 4.49119e+14	2.21e-22	2.83e-16	3.99e-11	6.57e-07	7.46e-04	9.99e-01	0.00e+00	0.00e+00
 4.66657e+14	3.21e-22	3.81e-16	5.00e-11	7.66e-07	8.07e-04	9.99e-01	0.00e+00	0.00e+00
 4.83431e+14	4.50e-22	5.01e-16	6.16e-11	8.83e-07	8.67e-04	9.99e-01	0.00e+00	0.00e+00
 5.01333e+14	6.37e-22	6.63e-16	7.64e-11	1.02e-06	9.35e-04	9.99e-01	0.00e+00	0.00e+00
 5.21416e+14	9.27e-22	8.99e-16	9.63e-11	1.20e-06	1.01e-03	9.99e-01	0.00e+00	0.00e+00
 5.41344e+14	1.32e-21	1.20e-15	1.20e-10	1.39e-06	1.10e-03	9.99e-01	0.00e+00	0.00e+00
 5.62068e+14	1.89e-21	1.60e-15	1.50e-10	1.62e-06	1.19e-03	9.99e-01	0.00e+00	0.00e+00
 5.84581e+14	2.73e-21	2.16e-15	1.89e-10	1.89e-06	1.29e-03	9.99e-01	0.00e+00	0.00e+00
 6.07270e+14	3.89e-21	2.88e-15	2.36e-10	2.20e-06	1.39e-03	9.99e-01	0.00e+00	0.00e+00
 6.30867e+14	5.55e-21	3.85e-15	2.95e-10	2.57e-06	1.51e-03	9.98e-01	0.00e+00	0.00e+00
 6.54397e+14	7.77e-21	5.07e-15	3.66e-10	2.98e-06	1.63e-03	9.98e-01	0.00e+00	0.00e+00
 6.74127e+14	1.02e-20	6.34e-15	4.35e-10	3.35e-06	1.74e-03	9.98e-01	0.00e+00	0.00e+00
 6.91208e+14	1.28e-20	7.65e-15	5.04e-10	3.71e-06	1.84e-03	9.98e-01	0.00e+00	0.00e+00
 7.10748e+14	1.65e-20	9.41e-15	5.92e-10	4.15e-06	1.95e-03	9.98e-01	0.00e+00	0.00e+00
 7.36149e+14	2.27e-20	1.22e-14	7.27e-10	4.78e-06	2.10e-03	9.98e-01	0.00e+00	0.00e+00
 7.62894e+14	3.12e-20	1.59e-14	8.95e-10	5.52e-06	2.27e-03	9.98e-01	0.00e+00	0.00e+00
 7.85986e+14	4.07e-20	1.98e-14	1.06e-09	6.22e-06	2.42e-03	9.98e-01	0.00e+00	0.00e+00
 8.10609e+14	5.34e-20	2.48e-14	1.27e-09	7.05e-06	2.59e-03	9.97e-01	0.00e+00	0.00e+00
 8.41032e+14	7.39e-20	3.25e-14	1.58e-09	8.18e-06	2.81e-03	9.97e-01	0.00e+00	0.00e+00
 8.71899e+14	1.01e-19	4.22e-14	1.94e-09	9.45e-06	3.04e-03	9.97e-01	0.00e+00	0.00e+00
 8.99120e+14	1.33e-19	5.28e-14	2.32e-09	1.07e-05	3.26e-03	9.97e-01	0.00e+00	0.00e+00
 9.28697e+14	1.74e-19	6.65e-14	2.80e-09	1.22e-05	3.50e-03	9.96e-01	0.00e+00	0.00e+00
 9.64338e+14	2.42e-19	8.73e-14	3.48e-09	1.42e-05	3.81e-03	9.96e-01	0.00e+00	0.00e+00
 9.99647e+14	3.30e-19	1.13e-13	4.29e-09	1.64e-05	4.12e-03	9.96e-01	0.00e+00	0.00e+00
 1.03107e+15	4.30e-19	1.41e-13	5.13e-09	1.86e-05	4.42e-03	9.96e-01	0.00e+00	0.00e+00
 1.06566e+15	5.65e-19	1.78e-13	6.20e-09	2.12e-05	4.76e-03	9.95e-01	0.00e+00	0.00e+00
 1.10693e+15	7.85e-19	2.35e-13	7.74e-09	2.47e-05	5.18e-03	9.95e-01	0.00e+00	0.00e+00
 1.14781e+15	1.07e-18	3.04e-13	9.55e-09	2.86e-05	5.62e-03	9.94e-01	0.00e+00	0.00e+00
 1.18497e+15	1.39e-18	3.81e-13	1.15e-08	3.25e-05	6.04e-03	9.94e-01	0.00e+00	0.00e+00
 1.22634e+15	1.86e-18	4.87e-13	1.40e-08	3.73e-05	6.52e-03	9.93e-01	0.00e+00	0.00e+00
 1.27473e+15	2.58e-18	6.41e-13	1.76e-08	4.35e-05	7.12e-03	9.93e-01	0.00e+00	0.00e+00
 1.32227e+15	3.51e-18	8.33e-13	2.17e-08	5.04e-05	7.73e-03	9.92e-01	0.00e+00	0.00e+00
 1.36671e+15	4.63e-18	1.05e-12	2.64e-08	5.76e-05	8.32e-03	9.92e-01	0.00e+00	0.00e+00
 1.41639e+15	6.25e-18	1.36e-12	3.25e-08	6.64e-05	9.02e-03	9.91e-01	0.00e+00	0.00e+00
 1.47308e+15	8.70e-18	1.80e-12	4.09e-08	7.77e-05	9.85e-03	9.90e-01	0.00e+00	0.00e+00
 1.52926e+15	1.19e-17	2.35e-12	5.09e-08	9.03e-05	1.07e-02	9.89e-01	0.00e+00	0.00e+00
 1.58768e+15	1.64e-17	3.08e-12	6.35e-08	1.05e-04	1.17e-02	9.88e-01	0.00e+00	0.00e+00
 1.65122e+15	2.28e-17	4.08e-12	8.00e-08	1.23e-04	1.27e-02	9.87e-01	0.00e+00	0.00e+00
 1.71730e+15	3.19e-17	5.42e-12	1.01e-07	1.43e-04	1.39e-02	9.86e-01	0.00e+00	0.00e+00
 1.77407e+15	4.20e-17	6.85e-12	1.22e-07	1.63e-04	1.49e-02	9.85e-01	0.00e+00	0.00e+00
 1.81700e+15	5.16e-17	8.15e-12	1.41e-07	1.80e-04	1.58e-02	9.84e-01	0.00e+00	0.00e+00
 1.86264e+15	6.38e-17	9.76e-12	1.63e-07	1.98e-04	1.67e-02	9.83e-01	0.00e+00	0.00e+00
 1.92197e+15	8.35e-17	1.23e-11	1.96e-07	2.25e-04	1.79e-02	9.82e-01	0.00e+00	0.00e+00
 1.98684e+15	1.11e-16	1.56e-11	2.39e-07	2.57e-04	1.92e-02	9.81e-01	0.00e+00	0.00e+00
 2.04626e+15	2.35e-16	1.94e-11	2.85e-07	2.89e-04	2.05e-02	9.79e-01	0.00e+00	0.00e+00
 2.11088e+15	2.13e-16	2.44e-11	3.44e-07	3.27e-04	2.20e-02	9.78e-01	0.00e+00	0.00e+00
 2.19037e+15	2.96e-16	3.20e-11	4.29e-07	3.79e-04	2.39e-02	9.76e-01	0.00e+00	0.00e+00
 2.26983e+15	4.06e-16	4.17e-11	5.31e-07	4.37e-04	2.58e-02	9.74e-01	0.00e+00	0.00e+00
 2.33951e+15	5.31e-16	5.21e-11	6.36e-07	4.93e-04	2.75e-02	9.72e-01	0.00e+00	0.00e+00
 2.41581e+15	7.05e-16	6.61e-11	7.71e-07	5.60e-04	2.96e-02	9.70e-01	0.00e+00	0.00e+00
 2.50814e+15	9.85e-16	8.75e-11	9.68e-07	6.51e-04	3.21e-02	9.67e-01	0.00e+00	0.00e+00
 2.60068e+15	1.37e-15	1.15e-10	1.20e-06	7.52e-04	3.47e-02	9.65e-01	0.00e+00	0.00e+00
 2.68417e+15	1.82e-15	1.46e-10	1.45e-06	8.53e-04	3.72e-02	9.62e-01	0.00e+00	0.00e+00
 2.77648e+15	2.47e-15	1.88e-10	1.78e-06	9.76e-04	4.00e-02	9.59e-01	0.00e+00	0.00e+00
 2.88525e+15	3.50e-15	2.51e-10	2.25e-06	1.14e-03	4.35e-02	9.55e-01	0.00e+00	0.00e+00
 2.99216e+15	4.88e-15	3.31e-10	2.81e-06	1.32e-03	4.70e-02	9.52e-01	0.00e+00	0.00e+00
 3.09097e+15	6.56e-15	4.23e-10	3.42e-06	1.50e-03	5.04e-02	9.48e-01	0.00e+00	0.00e+00
 3.20225e+15	9.06e-15	5.54e-10	4.23e-06	1.72e-03	5.43e-02	9.44e-01	0.00e+00	0.00e+00
 3.33037e+15	1.30e-14	7.45e-10	5.37e-06	2.02e-03	5.91e-02	9.39e-01	0.00e+00	0.00e+00
 3.45618e+15	1.83e-14	9.91e-10	6.72e-06	2.34e-03	6.38e-02	9.34e-01	0.00e+00	0.00e+00
 3.58702e+15	2.57e-14	1.32e-09	8.42e-06	2.71e-03	6.90e-02	9.28e-01	0.00e+00	0.00e+00
 3.73053e+15	3.69e-14	1.78e-09	1.07e-05	3.17e-03	7.49e-02	9.22e-01	0.00e+00	0.00e+00
 3.87583e+15	5.25e-14	2.38e-09	1.35e-05	3.69e-03	8.11e-02	9.15e-01	0.00e+00	0.00e+00
 3.99777e+15	6.98e-14	3.02e-09	1.63e-05	4.17e-03	8.65e-02	9.09e-01	0.00e+00	0.00e+00
 4.09154e+15	8.64e-14	3.61e-09	1.87e-05	4.57e-03	9.07e-02	9.05e-01	0.00e+00	0.00e+00
 4.19265e+15	1.08e-13	4.35e-09	2.17e-05	5.04e-03	9.54e-02	9.00e-01	0.00e+00	0.00e+00
 4.32408e+15	1.44e-13	5.51e-09	2.61e-05	5.68e-03	1.01e-01	8.93e-01	0.00e+00	0.00e+00
 4.46765e+15	1.95e-13	7.07e-09	3.18e-05	6.47e-03	1.08e-01	8.85e-01	0.00e+00	0.00e+00
 4.59823e+15	2.54e-13	8.82e-09	3.78e-05	7.24e-03	1.15e-01	8.78e-01	0.00e+00	0.00e+00
 4.73923e+15	3.36e-13	1.11e-08	4.54e-05	8.16e-03	1.22e-01	8.70e-01	0.00e+00	0.00e+00
 4.91533e+15	4.73e-13	1.47e-08	5.67e-05	9.43e-03	1.31e-01	8.59e-01	0.00e+00	0.00e+00
 5.09119e+15	6.50e-13	1.92e-08	6.99e-05	1.08e-02	1.40e-01	8.49e-01	0.00e+00	0.00e+00
 5.24129e+15	8.53e-13	2.41e-08	8.34e-05	1.21e-02	1.49e-01	8.39e-01	0.00e+00	0.00e+00
 5.40373e+15	1.13e-12	3.05e-08	1.00e-04	1.36e-02	1.58e-01	8.29e-01	0.00e+00	0.00e+00
 5.60547e+15	1.60e-12	4.05e-08	1.25e-04	1.57e-02	1.69e-01	8.15e-01	0.00e+00	0.00e+00
 5.80884e+15	2.22e-12	5.31e-08	1.54e-04	1.80e-02	1.81e-01	8.01e-01	0.00e+00	0.00e+00
 5.98774e+15	2.94e-12	6.71e-08	1.85e-04	2.03e-02	1.91e-01	7.88e-01	0.00e+00	0.00e+00
 6.18427e+15	3.97e-12	8.60e-08	2.25e-04	2.30e-02	2.03e-01	7.74e-01	0.00e+00	0.00e+00
 6.42128e+15	5.64e-12	1.15e-07	2.82e-04	2.66e-02	2.17e-01	7.56e-01	0.00e+00	0.00e+00
 6.65423e+15	7.80e-12	1.51e-07	3.47e-04	3.04e-02	2.31e-01	7.38e-01	0.00e+00	0.00e+00
 6.86256e+15	1.04e-11	1.91e-07	4.17e-04	3.42e-02	2.44e-01	7.22e-01	0.00e+00	0.00e+00
 7.09552e+15	1.42e-11	2.46e-07	5.08e-04	3.87e-02	2.58e-01	7.03e-01	0.00e+00	0.00e+00
 7.37176e+15	2.02e-11	3.30e-07	6.38e-04	4.47e-02	2.74e-01	6.80e-01	0.00e+00	0.00e+00
 7.62946e+15	2.74e-11	4.26e-07	7.79e-04	5.07e-02	2.90e-01	6.59e-01	0.00e+00	0.00e+00
 7.84516e+15	3.53e-11	5.26e-07	9.18e-04	5.62e-02	3.02e-01	6.41e-01	0.00e+00	0.00e+00
 8.08103e+15	4.65e-11	6.59e-07	1.09e-03	6.26e-02	3.16e-01	6.20e-01	0.00e+00	0.00e+00
 8.32720e+15	6.08e-11	8.24e-07	1.30e-03	6.98e-02	3.30e-01	5.99e-01	0.00e+00	0.00e+00
 8.53954e+15	7.62e-11	9.92e-07	1.50e-03	7.63e-02	3.41e-01	5.81e-01	0.00e+00	0.00e+00
 8.76837e+15	9.73e-11	1.21e-06	1.75e-03	8.39e-02	3.54e-01	5.61e-01	0.00e+00	0.00e+00
 9.02549e+15	1.26e-10	1.50e-06	2.07e-03	9.29e-02	3.67e-01	5.38e-01	0.00e+00	0.00e+00
 9.27251e+15	1.61e-10	1.84e-06	2.42e-03	1.02e-01	3.79e-01	5.17e-01	0.00e+00	0.00e+00
 9.54677e+15	2.10e-10	2.29e-06	2.87e-03	1.13e-01	3.92e-01	4.93e-01	0.00e+00	0.00e+00
 9.84324e+15	2.76e-10	2.86e-06	3.42e-03	1.25e-01	4.04e-01	4.67e-01	0.00e+00	0.00e+00
 1.01152e+16	3.51e-10	3.49e-06	3.99e-03	1.37e-01	4.15e-01	4.44e-01	0.00e+00	0.00e+00
 1.04153e+16	4.61e-10	4.36e-06	4.74e-03	1.52e-01	4.26e-01	4.18e-01	0.00e+00	0.00e+00
 1.07330e+16	6.00e-10	5.41e-06	5.62e-03	1.67e-01	4.35e-01	3.92e-01	0.00e+00	0.00e+00
 1.10084e+16	7.50e-10	6.50e-06	6.48e-03	1.81e-01	4.43e-01	3.70e-01	0.00e+00	0.00e+00
 1.13014e+16	9.57e-10	7.92e-06	7.54e-03	1.97e-01	4.49e-01	3.46e-01	0.00e+00	0.00e+00
 1.16254e+16	1.23e-09	9.77e-06	8.88e-03	2.16e-01	4.55e-01	3.21e-01	0.00e+00	0.00e+00
 1.19229e+16	1.54e-09	1.17e-05	1.02e-02	2.33e-01	4.58e-01	2.99e-01	0.00e+00	0.00e+00
 1.22000e+16	1.90e-09	1.39e-05	1.17e-02	2.50e-01	4.60e-01	2.79e-01	0.00e+00	0.00e+00
 1.25177e+16	2.44e-09	1.70e-05	1.36e-02	2.70e-01	4.61e-01	2.56e-01	0.00e+00	0.00e+00
 1.28450e+16	3.07e-09	2.05e-05	1.58e-02	2.91e-01	4.59e-01	2.34e-01	0.00e+00	0.00e+00
 1.31154e+16	3.72e-09	2.39e-05	1.78e-02	3.09e-01	4.57e-01	2.16e-01	0.00e+00	0.00e+00
 1.33974e+16	4.60e-09	2.84e-05	2.03e-02	3.28e-01	4.53e-01	1.98e-01	0.00e+00	0.00e+00
 1.37054e+16	5.69e-09	3.37e-05	2.32e-02	3.50e-01	4.47e-01	1.80e-01	0.00e+00	0.00e+00
 1.39841e+16	6.93e-09	3.95e-05	2.62e-02	3.69e-01	4.40e-01	1.64e-01	0.00e+00	0.00e+00
 1.42388e+16	8.31e-09	4.57e-05	2.93e-02	3.88e-01	4.32e-01	1.51e-01	0.00e+00	0.00e+00
 1.44840e+16	9.84e-09	5.24e-05	3.25e-02	4.05e-01	4.24e-01	1.38e-01	0.00e+00	0.00e+00
 1.47615e+16	1.22e-08	6.20e-05	3.69e-02	4.26e-01	4.13e-01	1.24e-01	0.00e+00	0.00e+00
 1.50582e+16	1.50e-08	7.29e-05	4.18e-02	4.47e-01	4.00e-01	1.11e-01	0.00e+00	0.00e+00
 1.53181e+16	1.81e-08	8.50e-05	4.69e-02	4.66e-01	3.88e-01	9.91e-02	0.00e+00	0.00e+00
 1.55513e+16	2.16e-08	9.74e-05	5.19e-02	4.83e-01	3.75e-01	8.95e-02	0.00e+00	0.00e+00
 1.57756e+16	2.53e-08	1.11e-04	5.72e-02	4.99e-01	3.63e-01	8.07e-02	0.00e+00	0.00e+00
 1.60307e+16	3.14e-08	1.31e-04	6.44e-02	5.18e-01	3.47e-01	7.09e-02	0.00e+00	0.00e+00
 1.62975e+16	3.81e-08	1.52e-04	7.24e-02	5.36e-01	3.29e-01	6.19e-02	0.00e+00	0.00e+00
 1.65218e+16	4.60e-08	1.76e-04	8.02e-02	5.52e-01	3.13e-01	5.46e-02	0.00e+00	0.00e+00
 1.67173e+16	5.41e-08	2.00e-04	8.78e-02	5.65e-01	2.99e-01	4.86e-02	0.00e+00	0.00e+00
 1.69332e+16	6.26e-08	2.25e-04	9.70e-02	5.78e-01	2.82e-01	4.24e-02	0.00e+00	0.00e+00
 1.71656e+16	7.63e-08	2.63e-04	1.08e-01	5.92e-01	2.63e-01	3.63e-02	0.00e+00	0.00e+00
 1.73619e+16	9.56e-08	3.10e-04	1.19e-01	6.03e-01	2.46e-01	3.12e-02	0.00e+00	0.00e+00
 1.75190e+16	1.11e-07	3.46e-04	1.29e-01	6.11e-01	2.32e-01	2.75e-02	0.00e+00	0.00e+00
 1.76823e+16	1.25e-07	3.82e-04	1.40e-01	6.19e-01	2.17e-01	2.39e-02	0.00e+00	0.00e+00
 1.78641e+16	1.49e-07	4.37e-04	1.53e-01	6.27e-01	1.99e-01	2.02e-02	0.00e+00	0.00e+00
 1.80243e+16	1.76e-07	4.97e-04	1.66e-01	6.33e-01	1.83e-01	1.71e-02	0.00e+00	0.00e+00
 1.81541e+16	2.13e-07	5.68e-04	1.78e-01	6.37e-01	1.70e-01	1.46e-02	0.00e+00	0.00e+00
 1.82623e+16	2.31e-07	6.07e-04	1.88e-01	6.40e-01	1.59e-01	1.29e-02	0.00e+00	0.00e+00
 1.83751e+16	2.64e-07	6.71e-04	2.00e-01	6.42e-01	1.46e-01	1.10e-02	0.00e+00	0.00e+00
 1.84847e+16	3.01e-07	7.38e-04	2.11e-01	6.44e-01	1.34e-01	9.39e-03	0.00e+00	0.00e+00
 1.85637e+16	3.44e-07	8.11e-04	2.21e-01	6.44e-01	1.26e-01	8.23e-03	0.00e+00	0.00e+00
 1.86233e+16	3.70e-07	8.55e-04	2.28e-01	6.45e-01	1.19e-01	7.45e-03	0.00e+00	0.00e+00
 1.86836e+16	3.91e-07	8.94e-04	2.35e-01	6.45e-01	1.12e-01	6.69e-03	0.00e+00	0.00e+00
 1.87621e+16	4.45e-07	9.79e-04	2.45e-01	6.45e-01	1.03e-01	5.70e-03	0.00e+00	0.00e+00
 1.88401e+16	4.92e-07	1.05e-03	2.55e-01	6.44e-01	9.46e-02	4.86e-03	0.00e+00	0.00e+00
 1.89026e+16	5.26e-07	1.11e-03	2.63e-01	6.44e-01	8.77e-02	4.24e-03	0.00e+00	0.00e+00
 1.89693e+16	5.79e-07	1.19e-03	2.73e-01	6.42e-01	8.02e-02	3.59e-03	0.00e+00	0.00e+00
 1.90416e+16	6.58e-07	1.30e-03	2.83e-01	6.40e-01	7.23e-02	2.95e-03	0.00e+00	0.00e+00
 1.91017e+16	7.12e-07	1.37e-03	2.91e-01	6.39e-01	6.61e-02	2.51e-03	0.00e+00	0.00e+00
 1.91605e+16	7.80e-07	1.47e-03	3.00e-01	6.37e-01	5.98e-02	2.09e-03	0.00e+00	0.00e+00
 1.92369e+16	8.75e-07	1.59e-03	3.11e-01	6.34e-01	5.21e-02	1.62e-03	0.00e+00	0.00e+00
 1.93132e+16	9.72e-07	1.71e-03	3.21e-01	6.31e-01	4.52e-02	1.25e-03	0.00e+00	0.00e+00
 1.93735e+16	1.06e-06	1.83e-03	3.30e-01	6.28e-01	3.99e-02	9.99e-04	0.00e+00	0.00e+00
 1.94359e+16	1.17e-06	1.95e-03	3.39e-01	6.24e-01	3.47e-02	7.74e-04	0.00e+00	0.00e+00
 1.95171e+16	1.32e-06	2.12e-03	3.49e-01	6.19e-01	2.88e-02	5.49e-04	0.00e+00	0.00e+00
 1.96019e+16	1.48e-06	2.30e-03	3.60e-01	6.14e-01	2.35e-02	3.80e-04	0.00e+00	0.00e+00
 1.96759e+16	1.64e-06	2.46e-03	3.69e-01	6.08e-01	1.95e-02	2.71e-04	0.00e+00	0.00e+00
 1.97570e+16	1.83e-06	2.66e-03	3.79e-01	6.02e-01	1.58e-02	1.84e-04	0.00e+00	0.00e+00
 1.98623e+16	2.09e-06	2.91e-03	3.91e-01	5.94e-01	1.20e-02	1.10e-04	0.00e+00	0.00e+00
 1.99993e+16	2.47e-06	3.26e-03	4.05e-01	5.83e-01	8.40e-03	5.68e-05	0.00e+00	0.00e+00
 2.01497e+16	2.93e-06	3.65e-03	4.20e-01	5.71e-01	5.77e-03	2.81e-05	0.00e+00	0.00e+00
 2.03175e+16	3.52e-06	4.12e-03	4.35e-01	5.57e-01	3.83e-03	1.29e-05	0.00e+00	0.00e+00
 2.05357e+16	4.44e-06	4.80e-03	4.55e-01	5.38e-01	2.33e-03	4.96e-06	0.00e+00	0.00e+00
 2.08193e+16	5.99e-06	5.85e-03	4.81e-01	5.12e-01	1.28e-03	1.54e-06	0.00e+00	0.00e+00
 2.11030e+16	8.21e-06	7.20e-03	5.07e-01	4.85e-01	7.44e-04	5.28e-07	0.00e+00	0.00e+00
 2.13079e+16	1.05e-05	8.45e-03	5.28e-01	4.63e-01	5.15e-04	0.00e+00	0.00e+00	0.00e+00
 2.14357e+16	1.23e-05	9.39e-03	5.42e-01	4.49e-01	4.13e-04	0.00e+00	0.00e+00	0.00e+00
 2.15249e+16	1.37e-05	1.01e-02	5.51e-01	4.38e-01	3.53e-04	0.00e+00	0.00e+00	0.00e+00
 2.16239e+16	1.55e-05	1.10e-02	5.62e-01	4.27e-01	2.95e-04	0.00e+00	0.00e+00	0.00e+00
 2.17525e+16	1.84e-05	1.23e-02	5.77e-01	4.11e-01	2.34e-04	0.00e+00	0.00e+00	0.00e+00
 2.18917e+16	2.21e-05	1.39e-02	5.93e-01	3.93e-01	1.83e-04	0.00e+00	0.00e+00	0.00e+00
 2.20111e+16	2.62e-05	1.56e-02	6.07e-01	3.77e-01	1.49e-04	0.00e+00	0.00e+00	0.00e+00
 2.21119e+16	3.04e-05	1.72e-02	6.19e-01	3.63e-01	1.25e-04	0.00e+00	0.00e+00	0.00e+00
 2.22221e+16	3.58e-05	1.92e-02	6.33e-01	3.48e-01	1.02e-04	0.00e+00	0.00e+00	0.00e+00
 2.23319e+16	4.24e-05	2.16e-02	6.47e-01	3.32e-01	8.42e-05	0.00e+00	0.00e+00	0.00e+00
 2.24139e+16	4.84e-05	2.36e-02	6.57e-01	3.19e-01	7.27e-05	0.00e+00	0.00e+00	0.00e+00
 2.24819e+16	5.41e-05	2.54e-02	6.65e-01	3.09e-01	6.41e-05	0.00e+00	0.00e+00	0.00e+00
 2.25590e+16	6.15e-05	2.78e-02	6.75e-01	2.97e-01	5.53e-05	0.00e+00	0.00e+00	0.00e+00
 2.26592e+16	7.30e-05	3.12e-02	6.88e-01	2.81e-01	4.55e-05	0.00e+00	0.00e+00	0.00e+00
 2.27566e+16	8.70e-05	3.51e-02	6.99e-01	2.65e-01	3.77e-05	0.00e+00	0.00e+00	0.00e+00
 2.28264e+16	9.91e-05	3.83e-02	7.08e-01	2.54e-01	3.29e-05	0.00e+00	0.00e+00	0.00e+00
 2.28932e+16	1.12e-04	4.17e-02	7.15e-01	2.43e-01	2.86e-05	0.00e+00	0.00e+00	0.00e+00
 2.29800e+16	1.33e-04	4.68e-02	7.25e-01	2.28e-01	2.38e-05	0.00e+00	0.00e+00	0.00e+00
 2.30657e+16	1.58e-04	5.26e-02	7.34e-01	2.14e-01	1.98e-05	0.00e+00	0.00e+00	0.00e+00
 2.31288e+16	1.80e-04	5.75e-02	7.40e-01	2.03e-01	1.73e-05	0.00e+00	0.00e+00	0.00e+00
 2.31809e+16	2.02e-04	6.20e-02	7.44e-01	1.94e-01	1.53e-05	0.00e+00	0.00e+00	0.00e+00
 2.32398e+16	2.29e-04	6.76e-02	7.49e-01	1.83e-01	1.33e-05	0.00e+00	0.00e+00	0.00e+00
 2.33164e+16	2.72e-04	7.58e-02	7.54e-01	1.70e-01	1.10e-05	0.00e+00	0.00e+00	0.00e+00
 2.33920e+16	3.25e-04	8.54e-02	7.57e-01	1.57e-01	9.12e-06	0.00e+00	0.00e+00	0.00e+00
 2.34471e+16	3.70e-04	9.34e-02	7.59e-01	1.47e-01	7.90e-06	0.00e+00	0.00e+00	0.00e+00
 2.34922e+16	4.14e-04	1.01e-01	7.59e-01	1.39e-01	6.98e-06	0.00e+00	0.00e+00	0.00e+00
 2.35431e+16	4.71e-04	1.10e-01	7.59e-01	1.31e-01	6.04e-06	0.00e+00	0.00e+00	0.00e+00
 2.36092e+16	5.59e-04	1.23e-01	7.57e-01	1.19e-01	4.97e-06	0.00e+00	0.00e+00	0.00e+00
 2.36750e+16	6.68e-04	1.38e-01	7.53e-01	1.08e-01	4.06e-06	0.00e+00	0.00e+00	0.00e+00
 2.37242e+16	7.63e-04	1.51e-01	7.48e-01	9.99e-02	3.47e-06	0.00e+00	0.00e+00	0.00e+00
 2.37653e+16	8.59e-04	1.63e-01	7.43e-01	9.31e-02	3.02e-06	0.00e+00	0.00e+00	0.00e+00
 2.38119e+16	9.83e-04	1.78e-01	7.35e-01	8.55e-02	2.56e-06	0.00e+00	0.00e+00	0.00e+00
 2.38725e+16	1.17e-03	2.00e-01	7.23e-01	7.59e-02	2.04e-06	0.00e+00	0.00e+00	0.00e+00
 2.39330e+16	1.42e-03	2.26e-01	7.07e-01	6.65e-02	1.61e-06	0.00e+00	0.00e+00	0.00e+00
 2.39789e+16	1.65e-03	2.48e-01	6.91e-01	5.95e-02	1.32e-06	0.00e+00	0.00e+00	0.00e+00
 2.40182e+16	1.88e-03	2.69e-01	6.75e-01	5.38e-02	1.11e-06	0.00e+00	0.00e+00	0.00e+00
 2.40632e+16	2.17e-03	2.95e-01	6.55e-01	4.74e-02	8.95e-07	0.00e+00	0.00e+00	0.00e+00
 2.41218e+16	2.66e-03	3.33e-01	6.24e-01	3.96e-02	0.00e+00	0.00e+00	0.00e+00	0.00e+00
 2.41817e+16	3.29e-03	3.79e-01	5.86e-01	3.21e-02	0.00e+00	0.00e+00	0.00e+00	0.00e+00
 2.42285e+16	3.93e-03	4.19e-01	5.50e-01	2.66e-02	0.00e+00	0.00e+00	0.00e+00	0.00e+00
 2.42669e+16	4.54e-03	4.55e-01	5.18e-01	2.24e-02	0.00e+00	0.00e+00	0.00e+00	0.00e+00
 2.43092e+16	5.32e-03	4.97e-01	4.80e-01	1.82e-02	0.00e+00	0.00e+00	0.00e+00	0.00e+00
 2.43546e+16	6.36e-03	5.45e-01	4.34e-01	1.42e-02	0.00e+00	0.00e+00	0.00e+00	0.00e+00
 2.43927e+16	7.42e-03	5.89e-01	3.92e-01	1.12e-02	0.00e+00	0.00e+00	0.00e+00	0.00e+00
 2.44236e+16	8.40e-03	6.25e-01	3.57e-01	9.05e-03	0.00e+00	0.00e+00	0.00e+00	0.00e+00
 2.44565e+16	9.61e-03	6.64e-01	3.19e-01	7.05e-03	0.00e+00	0.00e+00	0.00e+00	0.00e+00
 2.44926e+16	1.12e-02	7.07e-01	2.77e-01	5.21e-03	0.00e+00	0.00e+00	0.00e+00	0.00e+00
 2.45238e+16	1.28e-02	7.44e-01	2.40e-01	3.87e-03	0.00e+00	0.00e+00	0.00e+00	0.00e+00
 2.45494e+16	1.42e-02	7.73e-01	2.10e-01	2.97e-03	0.00e+00	0.00e+00	0.00e+00	0.00e+00
 2.45765e+16	1.60e-02	8.01e-01	1.80e-01	2.19e-03	0.00e+00	0.00e+00	0.00e+00	0.00e+00
 2.46060e+16	1.82e-02	8.31e-01	1.50e-01	1.52e-03	0.00e+00	0.00e+00	0.00e+00	0.00e+00
 2.46315e+16	2.05e-02	8.54e-01	1.24e-01	1.07e-03	0.00e+00	0.00e+00	0.00e+00	0.00e+00
 2.46526e+16	2.26e-02	8.71e-01	1.06e-01	7.86e-04	0.00e+00	0.00e+00	0.00e+00	0.00e+00
 2.46751e+16	2.51e-02	8.87e-01	8.75e-02	5.53e-04	0.00e+00	0.00e+00	0.00e+00	0.00e+00
 2.46999e+16	2.82e-02	9.02e-01	6.98e-02	3.63e-04	0.00e+00	0.00e+00	0.00e+00	0.00e+00
 2.47218e+16	3.15e-02	9.12e-01	5.59e-02	2.42e-04	0.00e+00	0.00e+00	0.00e+00	0.00e+00
 2.47400e+16	3.45e-02	9.19e-01	4.59e-02	1.69e-04	0.00e+00	0.00e+00	0.00e+00	0.00e+00
 2.47595e+16	3.80e-02	9.25e-01	3.67e-02	1.12e-04	0.00e+00	0.00e+00	0.00e+00	0.00e+00
 2.47800e+16	4.22e-02	9.29e-01	2.86e-02	7.12e-05	0.00e+00	0.00e+00	0.00e+00	0.00e+00
 2.47971e+16	4.65e-02	9.31e-01	2.27e-02	4.72e-05	0.00e+00	0.00e+00	0.00e+00	0.00e+00
 2.48115e+16	5.02e-02	9.31e-01	1.87e-02	3.31e-05	0.00e+00	0.00e+00	0.00e+00	0.00e+00
 2.48260e+16	5.45e-02	9.30e-01	1.51e-02	2.26e-05	0.00e+00	0.00e+00	0.00e+00	0.00e+00
 2.48414e+16	5.94e-02	9.29e-01	1.20e-02	1.49e-05	0.00e+00	0.00e+00	0.00e+00	0.00e+00
 2.48556e+16	6.43e-02	9.26e-01	9.57e-03	9.92e-06	0.00e+00	0.00e+00	0.00e+00	0.00e+00
 2.48684e+16	6.93e-02	9.23e-01	7.74e-03	6.78e-06	0.00e+00	0.00e+00	0.00e+00	0.00e+00
 2.48801e+16	7.42e-02	9.19e-01	6.34e-03	4.72e-06	0.00e+00	0.00e+00	0.00e+00	0.00e+00
 2.48908e+16	7.89e-02	9.16e-01	5.25e-03	3.37e-06	0.00e+00	0.00e+00	0.00e+00	0.00e+00
 2.49003e+16	8.32e-02	9.12e-01	4.42e-03	2.47e-06	0.00e+00	0.00e+00	0.00e+00	0.00e+00
 2.49093e+16	8.79e-02	9.08e-01	3.74e-03	1.83e-06	0.00e+00	0.00e+00	0.00e+00	0.00e+00
 2.49162e+16	9.12e-02	9.05e-01	3.30e-03	1.46e-06	0.00e+00	0.00e+00	0.00e+00	0.00e+00
 2.49207e+16	9.36e-02	9.03e-01	3.02e-03	1.25e-06	0.00e+00	0.00e+00	0.00e+00	0.00e+00
 2.49249e+16	9.62e-02	9.01e-01	2.78e-03	1.07e-06	0.00e+00	0.00e+00	0.00e+00	0.00e+00
 2.49299e+16	9.91e-02	8.98e-01	2.52e-03	8.98e-07	0.00e+00	0.00e+00	0.00e+00	0.00e+00
 2.49352e+16	1.02e-01	8.95e-01	2.27e-03	0.00e+00	0.00e+00	0.00e+00	0.00e+00	0.00e+00
 2.49403e+16	1.05e-01	8.92e-01	2.05e-03	0.00e+00	0.00e+00	0.00e+00	0.00e+00	0.00e+00
 2.49451e+16	1.09e-01	8.90e-01	1.86e-03	0.00e+00	0.00e+00	0.00e+00	0.00e+00	0.00e+00
 2.49499e+16	1.12e-01	8.87e-01	1.68e-03	0.00e+00	0.00e+00	0.00e+00	0.00e+00	0.00e+00
 2.49546e+16	1.15e-01	8.83e-01	1.52e-03	0.00e+00	0.00e+00	0.00e+00	0.00e+00	0.00e+00
 2.49593e+16	1.19e-01	8.80e-01	1.38e-03	0.00e+00	0.00e+00	0.00e+00	0.00e+00	0.00e+00
 2.49640e+16	1.22e-01	8.77e-01	1.24e-03	0.00e+00	0.00e+00	0.00e+00	0.00e+00	0.00e+00
 2.49686e+16	1.25e-01	8.74e-01	1.12e-03	0.00e+00	0.00e+00	0.00e+00	0.00e+00	0.00e+00
 2.49731e+16	1.29e-01	8.70e-01	1.02e-03	0.00e+00	0.00e+00	0.00e+00	0.00e+00	0.00e+00
 2.49776e+16	1.33e-01	8.67e-01	9.21e-04	0.00e+00	0.00e+00	0.00e+00	0.00e+00	0.00e+00
 2.49821e+16	1.37e-01	8.63e-01	8.33e-04	0.00e+00	0.00e+00	0.00e+00	0.00e+00	0.00e+00
 2.49865e+16	1.40e-01	8.59e-01	7.53e-04	0.00e+00	0.00e+00	0.00e+00	0.00e+00	0.00e+00
 2.49908e+16	1.45e-01	8.55e-01	6.81e-04	0.00e+00	0.00e+00	0.00e+00	0.00e+00	0.00e+00
 2.49951e+16	1.49e-01	8.51e-01	6.15e-04	0.00e+00	0.00e+00	0.00e+00	0.00e+00	0.00e+00
 2.49993e+16	1.53e-01	8.46e-01	5.56e-04	0.00e+00	0.00e+00	0.00e+00	0.00e+00	0.00e+00
 2.50035e+16	1.58e-01	8.42e-01	5.02e-04	0.00e+00	0.00e+00	0.00e+00	0.00e+00	0.00e+00
 2.50078e+16	1.62e-01	8.37e-01	4.53e-04	0.00e+00	0.00e+00	0.00e+00	0.00e+00	0.00e+00
 2.50118e+16	1.68e-01	8.32e-01	4.09e-04	0.00e+00	0.00e+00	0.00e+00	0.00e+00	0.00e+00
 2.50158e+16	1.73e-01	8.27e-01	3.70e-04	0.00e+00	0.00e+00	0.00e+00	0.00e+00	0.00e+00
 2.50199e+16	1.78e-01	8.22e-01	3.34e-04	0.00e+00	0.00e+00	0.00e+00	0.00e+00	0.00e+00
 2.50239e+16	1.84e-01	8.16e-01	3.01e-04	0.00e+00	0.00e+00	0.00e+00	0.00e+00	0.00e+00
 2.50278e+16	1.90e-01	8.10e-01	2.72e-04	0.00e+00	0.00e+00	0.00e+00	0.00e+00	0.00e+00
 2.50317e+16	1.96e-01	8.04e-01	2.45e-04	0.00e+00	0.00e+00	0.00e+00	0.00e+00	0.00e+00
 2.50355e+16	2.03e-01	7.97e-01	2.21e-04	0.00e+00	0.00e+00	0.00e+00	0.00e+00	0.00e+00
 2.50393e+16	2.10e-01	7.90e-01	1.99e-04	0.00e+00	0.00e+00	0.00e+00	0.00e+00	0.00e+00
 2.50430e+16	2.17e-01	7.82e-01	1.79e-04	0.00e+00	0.00e+00	0.00e+00	0.00e+00	0.00e+00
 2.50467e+16	2.25e-01	7.75e-01	1.62e-04	0.00e+00	0.00e+00	0.00e+00	0.00e+00	0.00e+00
 2.50503e+16	2.33e-01	7.66e-01	1.46e-04	0.00e+00	0.00e+00	0.00e+00	0.00e+00	0.00e+00
 2.50538e+16	2.42e-01	7.58e-01	1.31e-04	0.00e+00	0.00e+00	0.00e+00	0.00e+00	0.00e+00
 2.50572e+16	2.51e-01	7.49e-01	1.18e-04	0.00e+00	0.00e+00	0.00e+00	0.00e+00	0.00e+00
 2.50606e+16	2.61e-01	7.39e-01	1.07e-04	0.00e+00	0.00e+00	0.00e+00	0.00e+00	0.00e+00
 2.50639e+16	2.72e-01	7.28e-01	9.62e-05	0.00e+00	0.00e+00	0.00e+00	0.00e+00	0.00e+00
 2.50672e+16	2.83e-01	7.17e-01	8.69e-05	0.00e+00	0.00e+00	0.00e+00	0.00e+00	0.00e+00
 2.50703e+16	2.94e-01	7.06e-01	7.84e-05	0.00e+00	0.00e+00	0.00e+00	0.00e+00	0.00e+00
 2.50734e+16	3.06e-01	6.94e-01	7.07e-05	0.00e+00	0.00e+00	0.00e+00	0.00e+00	0.00e+00
 2.50766e+16	3.19e-01	6.81e-01	6.36e-05	0.00e+00	0.00e+00	0.00e+00	0.00e+00	0.00e+00
 2.50796e+16	3.32e-01	6.68e-01	5.72e-05	0.00e+00	0.00e+00	0.00e+00	0.00e+00	0.00e+00
 2.50826e+16	3.46e-01	6.53e-01	5.15e-05	0.00e+00	0.00e+00	0.00e+00	0.00e+00	0.00e+00
 2.50855e+16	3.61e-01	6.39e-01	4.63e-05	0.00e+00	0.00e+00	0.00e+00	0.00e+00	0.00e+00
 2.50884e+16	3.77e-01	6.23e-01	4.15e-05	0.00e+00	0.00e+00	0.00e+00	0.00e+00	0.00e+00
 2.50913e+16	3.96e-01	6.04e-01	3.70e-05	0.00e+00	0.00e+00	0.00e+00	0.00e+00	0.00e+00
 2.50941e+16	4.14e-01	5.86e-01	3.32e-05	0.00e+00	0.00e+00	0.00e+00	0.00e+00	0.00e+00
 2.50968e+16	4.32e-01	5.68e-01	2.97e-05	0.00e+00	0.00e+00	0.00e+00	0.00e+00	0.00e+00
 2.50996e+16	4.51e-01	5.49e-01	2.64e-05	0.00e+00	0.00e+00	0.00e+00	0.00e+00	0.00e+00
 2.51023e+16	4.71e-01	5.29e-01	2.35e-05	0.00e+00	0.00e+00	0.00e+00	0.00e+00	0.00e+00
 2.51049e+16	4.92e-01	5.08e-01	2.09e-05	0.00e+00	0.00e+00	0.00e+00	0.00e+00	0.00e+00
 2.51076e+16	5.14e-01	4.86e-01	1.85e-05	0.00e+00	0.00e+00	0.00e+00	0.00e+00	0.00e+00
 2.51102e+16	5.37e-01	4.63e-01	1.63e-05	0.00e+00	0.00e+00	0.00e+00	0.00e+00	0.00e+00
 2.51127e+16	5.58e-01	4.42e-01	1.44e-05	0.00e+00	0.00e+00	0.00e+00	0.00e+00	0.00e+00
 2.51153e+16	5.80e-01	4.20e-01	1.27e-05	0.00e+00	0.00e+00	0.00e+00	0.00e+00	0.00e+00
 2.51178e+16	6.03e-01	3.97e-01	1.11e-05	0.00e+00	0.00e+00	0.00e+00	0.00e+00	0.00e+00
 2.51200e+16	6.24e-01	3.76e-01	9.90e-06	0.00e+00	0.00e+00	0.00e+00	0.00e+00	0.00e+00
 2.51217e+16	6.39e-01	3.61e-01	9.02e-06	0.00e+00	0.00e+00	0.00e+00	0.00e+00	0.00e+00
 2.51233e+16	6.54e-01	3.46e-01	8.25e-06	0.00e+00	0.00e+00	0.00e+00	0.00e+00	0.00e+00
 2.51250e+16	6.69e-01	3.31e-01	7.52e-06	0.00e+00	0.00e+00	0.00e+00	0.00e+00	0.00e+00
 2.51267e+16	6.86e-01	3.14e-01	6.77e-06	0.00e+00	0.00e+00	0.00e+00	0.00e+00	0.00e+00
 2.51284e+16	7.01e-01	2.99e-01	6.13e-06	0.00e+00	0.00e+00	0.00e+00	0.00e+00	0.00e+00
 2.51299e+16	7.14e-01	2.86e-01	5.61e-06	0.00e+00	0.00e+00	0.00e+00	0.00e+00	0.00e+00
 2.51314e+16	7.27e-01	2.73e-01	5.13e-06	0.00e+00	0.00e+00	0.00e+00	0.00e+00	0.00e+00
 2.51328e+16	7.40e-01	2.60e-01	4.68e-06	0.00e+00	0.00e+00	0.00e+00	0.00e+00	0.00e+00
 2.51343e+16	7.52e-01	2.48e-01	4.28e-06	0.00e+00	0.00e+00	0.00e+00	0.00e+00	0.00e+00
 2.51357e+16	7.64e-01	2.36e-01	3.91e-06	0.00e+00	0.00e+00	0.00e+00	0.00e+00	0.00e+00
 2.51371e+16	7.73e-01	2.27e-01	3.60e-06	0.00e+00	0.00e+00	0.00e+00	0.00e+00	0.00e+00
 2.51385e+16	7.85e-01	2.15e-01	3.28e-06	0.00e+00	0.00e+00	0.00e+00	0.00e+00	0.00e+00
 2.51399e+16	7.94e-01	2.06e-01	3.03e-06	0.00e+00	0.00e+00	0.00e+00	0.00e+00	0.00e+00
 2.51412e+16	8.04e-01	1.96e-01	2.77e-06	0.00e+00	0.00e+00	0.00e+00	0.00e+00	0.00e+00
 2.51425e+16	8.12e-01	1.88e-01	2.56e-06	0.00e+00	0.00e+00	0.00e+00	0.00e+00	0.00e+00
