#depth	He	He+	He+2
 1.49634e+10	1.00e-19	5.89e-10	1.00e+00
 4.54887e+10	1.15e-19	6.54e-10	1.00e+00
 7.72350e+10	1.31e-19	7.26e-10	1.00e+00
 1.10251e+11	1.48e-19	8.05e-10	1.00e+00
 1.40153e+11	1.66e-19	8.82e-10	1.00e+00
 1.65204e+11	1.81e-19	9.49e-10	1.00e+00
 1.92760e+11	1.98e-19	1.03e-09	1.00e+00
 2.27464e+11	2.22e-19	1.13e-09	1.00e+00
 2.63924e+11	2.50e-19	1.24e-09	1.00e+00
 2.97020e+11	2.76e-19	1.35e-09	1.00e+00
 3.33282e+11	3.08e-19	1.48e-09	1.00e+00
 3.75817e+11	3.48e-19	1.64e-09	1.00e+00
 4.18133e+11	3.93e-19	1.80e-09	1.00e+00
 4.58349e+11	4.40e-19	1.97e-09	1.00e+00
 5.02817e+11	4.97e-19	2.16e-09	1.00e+00
 5.52856e+11	5.69e-19	2.39e-09	1.00e+00
 5.97875e+11	6.42e-19	2.61e-09	1.00e+00
 6.35013e+11	7.08e-19	2.79e-09	1.00e+00
 6.75562e+11	7.87e-19	3.01e-09	1.00e+00
 7.27414e+11	8.99e-19	3.29e-09	1.00e+00
 7.79773e+11	1.03e-18	3.59e-09	1.00e+00
 8.23043e+11	1.14e-18	3.85e-09	1.00e+00
 8.68685e+11	1.28e-18	4.13e-09	1.00e+00
 9.27336e+11	1.48e-18	4.51e-09	1.00e+00
 9.88878e+11	1.71e-18	4.93e-09	1.00e+00
 1.04273e+12	1.94e-18	5.32e-09	1.00e+00
 1.10062e+12	2.21e-18	5.75e-09	1.00e+00
 1.17097e+12	2.59e-18	6.29e-09	1.00e+00
 1.23910e+12	3.01e-18	6.85e-09	1.00e+00
 1.29643e+12	3.40e-18	7.34e-09	1.00e+00
 1.35811e+12	3.86e-18	7.88e-09	1.00e+00
 1.43580e+12	4.52e-18	8.60e-09	1.00e+00
 1.51554e+12	5.30e-18	9.37e-09	1.00e+00
 1.58491e+12	6.05e-18	1.01e-08	1.00e+00
 1.65956e+12	6.95e-18	1.08e-08	1.00e+00
 1.75074e+12	8.20e-18	1.18e-08	1.00e+00
 1.84248e+12	9.63e-18	1.29e-08	1.00e+00
 1.92431e+12	1.11e-17	1.39e-08	1.00e+00
 2.01420e+12	1.28e-17	1.50e-08	1.00e+00
 2.12127e+12	1.52e-17	1.63e-08	1.00e+00
 2.22822e+12	1.79e-17	1.78e-08	1.00e+00
 2.32755e+12	2.07e-17	1.92e-08	1.00e+00
 2.43868e+12	2.42e-17	2.08e-08	1.00e+00
 2.56615e+12	2.88e-17	2.27e-08	1.00e+00
 2.69286e+12	3.40e-17	2.48e-08	1.00e+00
 2.82464e+12	4.02e-17	2.70e-08	1.00e+00
 2.96755e+12	4.77e-17	2.94e-08	1.00e+00
 3.11618e+12	5.68e-17	3.21e-08	1.00e+00
 3.25592e+12	6.63e-17	3.47e-08	1.00e+00
 3.38143e+12	7.58e-17	3.72e-08	1.00e+00
 3.50035e+12	8.58e-17	3.96e-08	1.00e+00
 3.63231e+12	9.78e-17	4.23e-08	1.00e+00
 3.78009e+12	1.13e-16	4.55e-08	1.00e+00
 3.92019e+12	1.29e-16	4.86e-08	1.00e+00
 4.07404e+12	1.48e-16	5.21e-08	1.00e+00
 4.24612e+12	1.71e-16	5.61e-08	1.00e+00
 4.40596e+12	1.96e-16	6.01e-08	1.00e+00
 4.55422e+12	2.21e-16	6.38e-08	1.00e+00
 4.72339e+12	2.52e-16	6.82e-08	1.00e+00
 4.93035e+12	2.94e-16	7.37e-08	1.00e+00
 5.13667e+12	3.42e-16	7.95e-08	1.00e+00
 5.31596e+12	3.87e-16	8.46e-08	1.00e+00
 5.50988e+12	4.41e-16	9.03e-08	1.00e+00
 5.74684e+12	5.12e-16	9.75e-08	1.00e+00
 5.98864e+12	5.97e-16	1.05e-07	1.00e+00
 6.20708e+12	6.79e-16	1.12e-07	1.00e+00
 6.44623e+12	7.77e-16	1.20e-07	1.00e+00
 6.72800e+12	9.06e-16	1.30e-07	1.00e+00
 7.00935e+12	1.05e-15	1.40e-07	1.00e+00
 7.27412e+12	1.20e-15	1.50e-07	1.00e+00
 7.56718e+12	1.39e-15	1.61e-07	1.00e+00
 7.89979e+12	1.62e-15	1.74e-07	1.00e+00
 8.23227e+12	1.88e-15	1.88e-07	1.00e+00
 8.57805e+12	2.19e-15	2.03e-07	1.00e+00
 8.95109e+12	2.55e-15	2.19e-07	1.00e+00
 9.33907e+12	2.97e-15	2.37e-07	1.00e+00
 9.71351e+12	3.43e-15	2.55e-07	1.00e+00
 1.00637e+13	3.90e-15	2.72e-07	1.00e+00
 1.03922e+13	4.38e-15	2.89e-07	1.00e+00
 1.07486e+13	4.95e-15	3.07e-07	1.00e+00
 1.11484e+13	5.65e-15	3.28e-07	1.00e+00
 1.15274e+13	6.40e-15	3.50e-07	1.00e+00
 1.19430e+13	7.28e-15	3.73e-07	1.00e+00
 1.24097e+13	8.37e-15	4.01e-07	1.00e+00
 1.28546e+13	9.53e-15	4.29e-07	1.00e+00
 1.33439e+13	1.10e-14	4.60e-07	1.00e+00
 1.38902e+13	1.27e-14	4.96e-07	1.00e+00
 1.44124e+13	1.45e-14	5.32e-07	1.00e+00
 1.49729e+13	1.67e-14	5.72e-07	1.00e+00
 1.56017e+13	1.95e-14	6.19e-07	1.00e+00
 1.61821e+13	2.23e-14	6.63e-07	1.00e+00
 1.66841e+13	2.51e-14	7.04e-07	1.00e+00
 1.72412e+13	2.83e-14	7.49e-07	1.00e+00
 1.79222e+13	3.27e-14	8.08e-07	1.00e+00
 1.86110e+13	3.77e-14	8.70e-07	1.00e+00
 1.92284e+13	4.25e-14	9.26e-07	1.00e+00
 1.99064e+13	4.84e-14	9.92e-07	1.00e+00
 2.07103e+13	5.63e-14	1.07e-06	1.00e+00
 2.15025e+13	6.47e-14	1.15e-06	1.00e+00
 2.22269e+13	7.33e-14	1.23e-06	1.00e+00
 2.30388e+13	8.37e-14	1.32e-06	1.00e+00
 2.39826e+13	9.72e-14	1.43e-06	1.00e+00
 2.49073e+13	1.12e-13	1.54e-06	1.00e+00
 2.57794e+13	1.27e-13	1.65e-06	1.00e+00
 2.67508e+13	1.46e-13	1.78e-06	1.00e+00
 2.78508e+13	1.70e-13	1.93e-06	1.00e+00
 2.89489e+13	1.96e-13	2.08e-06	1.00e+00
 2.99775e+13	2.22e-13	2.23e-06	1.00e+00
 3.10932e+13	2.54e-13	2.40e-06	1.00e+00
 3.23404e+13	2.93e-13	2.59e-06	1.00e+00
 3.35055e+13	3.34e-13	2.78e-06	1.00e+00
 3.45861e+13	3.75e-13	2.96e-06	1.00e+00
 3.56231e+13	4.17e-13	3.14e-06	1.00e+00
 3.67700e+13	4.67e-13	3.35e-06	1.00e+00
 3.80420e+13	5.28e-13	3.58e-06	1.00e+00
 3.92285e+13	5.89e-13	3.81e-06	1.00e+00
 4.05229e+13	6.62e-13	4.07e-06	1.00e+00
 4.19758e+13	7.50e-13	4.36e-06	1.00e+00
 4.33626e+13	8.41e-13	4.66e-06	1.00e+00
 4.48932e+13	9.51e-13	4.99e-06	1.00e+00
 4.65807e+13	1.08e-12	5.37e-06	1.00e+00
 4.81339e+13	1.21e-12	5.74e-06	1.00e+00
 4.98150e+13	1.37e-12	6.15e-06	1.00e+00
 5.16940e+13	1.56e-12	6.64e-06	1.00e+00
 5.34599e+13	1.75e-12	7.10e-06	1.00e+00
 5.53850e+13	1.98e-12	7.62e-06	1.00e+00
 5.75253e+13	2.25e-12	8.24e-06	1.00e+00
 5.95250e+13	2.54e-12	8.82e-06	1.00e+00
 6.16969e+13	2.87e-12	9.51e-06	1.00e+00
 6.41217e+13	3.28e-12	1.03e-05	1.00e+00
 6.64218e+13	3.70e-12	1.11e-05	1.00e+00
 6.88869e+13	4.19e-12	1.19e-05	1.00e+00
 7.16723e+13	4.81e-12	1.29e-05	1.00e+00
 7.44089e+13	5.48e-12	1.40e-05	1.00e+00
 7.72550e+13	6.25e-12	1.51e-05	1.00e+00
 8.03751e+13	7.16e-12	1.64e-05	1.00e+00
 8.34560e+13	8.18e-12	1.78e-05	1.00e+00
 8.59986e+13	9.10e-12	1.90e-05	1.00e+00
 8.80260e+13	9.87e-12	2.00e-05	1.00e+00
 9.02688e+13	1.08e-11	2.11e-05	1.00e+00
 9.31845e+13	1.21e-11	2.26e-05	1.00e+00
 9.63163e+13	1.36e-11	2.42e-05	1.00e+00
 9.91029e+13	1.50e-11	2.58e-05	1.00e+00
 1.02099e+14	1.68e-11	2.75e-05	1.00e+00
 1.05884e+14	1.92e-11	2.98e-05	1.00e+00
 1.09715e+14	2.17e-11	3.22e-05	1.00e+00
 1.12992e+14	2.42e-11	3.44e-05	1.00e+00
 1.16524e+14	2.71e-11	3.68e-05	1.00e+00
 1.20906e+14	3.12e-11	4.00e-05	1.00e+00
 1.25372e+14	3.55e-11	4.33e-05	1.00e+00
 1.29313e+14	3.99e-11	4.64e-05	1.00e+00
 1.33594e+14	4.53e-11	5.00e-05	1.00e+00
 1.38749e+14	5.23e-11	5.44e-05	1.00e+00
 1.43859e+14	6.01e-11	5.91e-05	1.00e+00
 1.48411e+14	6.74e-11	6.34e-05	1.00e+00
 1.53421e+14	7.67e-11	6.83e-05	1.00e+00
 1.59392e+14	8.87e-11	7.45e-05	1.00e+00
 1.65337e+14	1.02e-10	8.09e-05	1.00e+00
 1.70797e+14	1.16e-10	8.72e-05	1.00e+00
 1.76902e+14	1.32e-10	9.42e-05	1.00e+00
 1.83975e+14	1.55e-10	1.03e-04	1.00e+00
 1.90908e+14	1.79e-10	1.12e-04	1.00e+00
 1.97526e+14	2.04e-10	1.21e-04	1.00e+00
 2.03338e+14	2.29e-10	1.29e-04	1.00e+00
 2.08141e+14	2.51e-10	1.36e-04	1.00e+00
 2.13425e+14	2.77e-10	1.44e-04	1.00e+00
 2.20295e+14	3.14e-10	1.55e-04	1.00e+00
 2.27526e+14	3.57e-10	1.67e-04	1.00e+00
 2.33751e+14	3.98e-10	1.77e-04	1.00e+00
 2.40364e+14	4.43e-10	1.88e-04	1.00e+00
 2.48962e+14	5.11e-10	2.04e-04	1.00e+00
 2.57835e+14	5.88e-10	2.21e-04	1.00e+00
 2.65241e+14	6.59e-10	2.35e-04	1.00e+00
 2.73042e+14	7.40e-10	2.51e-04	1.00e+00
 2.83015e+14	8.55e-10	2.72e-04	1.00e+00
 2.93523e+14	9.90e-10	2.95e-04	1.00e+00
 3.02897e+14	1.12e-09	3.16e-04	1.00e+00
 3.13087e+14	1.27e-09	3.40e-04	1.00e+00
 3.25238e+14	1.50e-09	3.70e-04	1.00e+00
 3.37256e+14	1.71e-09	4.01e-04	1.00e+00
 3.48165e+14	1.95e-09	4.30e-04	1.00e+00
 3.60317e+14	2.24e-09	4.64e-04	1.00e+00
 3.74543e+14	2.68e-09	5.06e-04	9.99e-01
 3.88559e+14	3.10e-09	5.48e-04	9.99e-01
 4.01725e+14	3.56e-09	5.90e-04	9.99e-01
 4.16413e+14	4.10e-09	6.37e-04	9.99e-01
 4.33099e+14	4.85e-09	6.95e-04	9.99e-01
 4.49670e+14	5.62e-09	7.54e-04	9.99e-01
 4.63321e+14	6.40e-09	8.05e-04	9.99e-01
 4.73939e+14	7.02e-09	8.46e-04	9.99e-01
 4.85509e+14	7.75e-09	8.91e-04	9.99e-01
 5.00549e+14	8.65e-09	9.51e-04	9.99e-01
 5.16945e+14	1.01e-08	1.02e-03	9.99e-01
 5.31722e+14	1.13e-08	1.08e-03	9.99e-01
 5.47553e+14	1.27e-08	1.15e-03	9.99e-01
 5.67646e+14	1.48e-08	1.25e-03	9.99e-01
 5.87994e+14	1.68e-08	1.34e-03	9.99e-01
 6.05232e+14	1.90e-08	1.43e-03	9.99e-01
 6.23711e+14	2.15e-08	1.53e-03	9.98e-01
 6.46854e+14	2.54e-08	1.65e-03	9.98e-01
 6.70700e+14	2.93e-08	1.78e-03	9.98e-01
 6.91757e+14	3.30e-08	1.90e-03	9.98e-01
 7.14549e+14	3.77e-08	2.04e-03	9.98e-01
 7.41995e+14	4.50e-08	2.22e-03	9.98e-01
 7.69165e+14	5.21e-08	2.39e-03	9.98e-01
 7.93504e+14	5.94e-08	2.55e-03	9.97e-01
 8.20488e+14	6.78e-08	2.74e-03	9.97e-01
 8.52470e+14	8.01e-08	2.98e-03	9.97e-01
 8.82904e+14	9.21e-08	3.20e-03	9.97e-01
 9.09278e+14	1.03e-07	3.41e-03	9.97e-01
 9.38417e+14	1.17e-07	3.65e-03	9.96e-01
 9.74000e+14	1.40e-07	3.96e-03	9.96e-01
 1.00952e+15	1.62e-07	4.27e-03	9.96e-01
 1.03812e+15	1.80e-07	4.53e-03	9.95e-01
 1.06616e+15	2.01e-07	4.80e-03	9.95e-01
 1.10261e+15	2.37e-07	5.17e-03	9.95e-01
 1.13864e+15	2.69e-07	5.53e-03	9.94e-01
 1.16787e+15	2.97e-07	5.84e-03	9.94e-01
 1.19959e+15	3.33e-07	6.19e-03	9.94e-01
 1.24082e+15	3.91e-07	6.67e-03	9.93e-01
 1.28266e+15	4.48e-07	7.17e-03	9.93e-01
 1.31748e+15	4.98e-07	7.60e-03	9.92e-01
 1.35491e+15	5.61e-07	8.08e-03	9.92e-01
 1.40358e+15	6.68e-07	8.76e-03	9.91e-01
 1.45364e+15	7.70e-07	9.45e-03	9.91e-01
 1.49549e+15	8.62e-07	1.01e-02	9.90e-01
 1.53989e+15	9.80e-07	1.08e-02	9.89e-01
 1.58980e+15	1.15e-06	1.16e-02	9.88e-01
 1.63623e+15	1.31e-06	1.24e-02	9.88e-01
 1.68594e+15	1.49e-06	1.32e-02	9.87e-01
 1.74160e+15	1.69e-06	1.43e-02	9.86e-01
 1.79298e+15	1.97e-06	1.53e-02	9.85e-01
 1.83293e+15	2.18e-06	1.61e-02	9.84e-01
 1.87001e+15	2.39e-06	1.69e-02	9.83e-01
 1.91823e+15	2.68e-06	1.80e-02	9.82e-01
 1.97018e+15	3.05e-06	1.92e-02	9.81e-01
 2.01488e+15	3.38e-06	2.03e-02	9.80e-01
 2.06090e+15	3.75e-06	2.15e-02	9.79e-01
 2.12072e+15	4.34e-06	2.31e-02	9.77e-01
 2.18467e+15	4.90e-06	2.49e-02	9.75e-01
 2.24269e+15	5.71e-06	2.67e-02	9.73e-01
 2.29542e+15	6.40e-06	2.85e-02	9.72e-01
 2.34392e+15	7.11e-06	3.01e-02	9.70e-01
 2.39832e+15	8.02e-06	3.22e-02	9.68e-01
 2.45777e+15	8.94e-06	3.44e-02	9.66e-01
 2.52379e+15	1.05e-05	3.73e-02	9.63e-01
 2.59385e+15	1.22e-05	4.05e-02	9.59e-01
 2.65622e+15	1.37e-05	4.36e-02	9.56e-01
 2.72436e+15	1.58e-05	4.74e-02	9.53e-01
 2.79684e+15	1.90e-05	5.18e-02	9.48e-01
 2.85122e+15	2.13e-05	5.53e-02	9.45e-01
 2.89821e+15	2.37e-05	5.87e-02	9.41e-01
 2.95929e+15	2.70e-05	6.35e-02	9.36e-01
 3.02478e+15	3.15e-05	6.92e-02	9.31e-01
 3.07854e+15	3.53e-05	7.41e-02	9.26e-01
 3.12099e+15	3.86e-05	7.85e-02	9.21e-01
 3.16619e+15	4.29e-05	8.36e-02	9.16e-01
 3.21530e+15	4.92e-05	8.97e-02	9.10e-01
 3.25427e+15	5.40e-05	9.47e-02	9.05e-01
 3.28973e+15	5.92e-05	9.99e-02	9.00e-01
 3.33583e+15	6.63e-05	1.07e-01	8.93e-01
 3.38484e+15	7.55e-05	1.16e-01	8.84e-01
 3.42556e+15	8.39e-05	1.23e-01	8.77e-01
 3.45990e+15	9.13e-05	1.30e-01	8.70e-01
 3.49804e+15	1.04e-04	1.39e-01	8.61e-01
 3.53563e+15	1.14e-04	1.48e-01	8.52e-01
 3.57253e+15	1.29e-04	1.58e-01	8.42e-01
 3.61109e+15	1.43e-04	1.69e-01	8.31e-01
 3.65180e+15	1.63e-04	1.82e-01	8.18e-01
 3.69342e+15	1.85e-04	1.96e-01	8.04e-01
 3.72726e+15	2.04e-04	2.09e-01	7.91e-01
 3.76232e+15	2.30e-04	2.24e-01	7.75e-01
 3.80079e+15	2.66e-04	2.42e-01	7.58e-01
 3.83180e+15	2.95e-04	2.57e-01	7.42e-01
 3.86021e+15	3.27e-04	2.73e-01	7.27e-01
 3.89715e+15	3.67e-04	2.95e-01	7.05e-01
 3.94516e+15	4.47e-04	3.26e-01	6.73e-01
 3.98572e+15	5.11e-04	3.54e-01	6.46e-01
 4.00619e+15	5.50e-04	3.69e-01	6.31e-01
 4.01998e+15	5.78e-04	3.79e-01	6.20e-01
 4.03545e+15	6.12e-04	3.92e-01	6.07e-01
 4.05557e+15	6.61e-04	4.09e-01	5.90e-01
 4.07796e+15	7.11e-04	4.28e-01	5.72e-01
 4.10329e+15	7.87e-04	4.50e-01	5.49e-01
 4.12652e+15	8.52e-04	4.70e-01	5.29e-01
 4.14347e+15	9.03e-04	4.86e-01	5.13e-01
 4.16196e+15	9.60e-04	5.03e-01	4.96e-01
 4.18598e+15	1.05e-03	5.26e-01	4.72e-01
 4.20902e+15	1.13e-03	5.48e-01	4.51e-01
 4.22719e+15	1.20e-03	5.65e-01	4.34e-01
 4.24725e+15	1.29e-03	5.84e-01	4.15e-01
 4.26975e+15	1.38e-03	6.05e-01	3.93e-01
 4.29124e+15	1.48e-03	6.25e-01	3.74e-01
 4.31124e+15	1.57e-03	6.43e-01	3.55e-01
 4.33348e+15	1.68e-03	6.63e-01	3.35e-01
 4.35742e+15	1.80e-03	6.84e-01	3.14e-01
 4.37896e+15	1.90e-03	7.02e-01	2.96e-01
 4.39916e+15	2.01e-03	7.18e-01	2.80e-01
 4.42224e+15	2.14e-03	7.36e-01	2.62e-01
 4.44739e+15	2.28e-03	7.54e-01	2.43e-01
 4.47020e+15	2.41e-03	7.70e-01	2.28e-01
 4.49136e+15	2.54e-03	7.84e-01	2.14e-01
 4.51541e+15	2.69e-03	7.99e-01	1.98e-01
 4.54177e+15	2.86e-03	8.14e-01	1.83e-01
 4.56588e+15	3.02e-03	8.26e-01	1.70e-01
 4.58837e+15	3.17e-03	8.38e-01	1.59e-01
 4.61401e+15	3.36e-03	8.50e-01	1.47e-01
 4.64220e+15	3.58e-03	8.62e-01	1.35e-01
 4.66804e+15	3.78e-03	8.71e-01	1.25e-01
 4.69223e+15	3.99e-03	8.80e-01	1.16e-01
 4.71990e+15	4.25e-03	8.89e-01	1.06e-01
 4.75072e+15	4.55e-03	8.98e-01	9.71e-02
 4.77944e+15	4.86e-03	9.06e-01	8.93e-02
 4.81058e+15	5.23e-03	9.13e-01	8.14e-02
 4.84497e+15	5.69e-03	9.21e-01	7.37e-02
 4.87587e+15	6.16e-03	9.26e-01	6.76e-02
 4.90308e+15	6.63e-03	9.31e-01	6.26e-02
 4.93323e+15	7.20e-03	9.35e-01	5.75e-02
 4.96608e+15	7.93e-03	9.39e-01	5.26e-02
 4.99514e+15	8.70e-03	9.43e-01	4.87e-02
 5.02086e+15	9.47e-03	9.45e-01	4.55e-02
 5.04951e+15	1.05e-02	9.47e-01	4.21e-02
 5.08110e+15	1.18e-02	9.49e-01	3.89e-02
 5.10629e+15	1.31e-02	9.50e-01	3.66e-02
 5.12342e+15	1.40e-02	9.51e-01	3.52e-02
 5.14024e+15	1.51e-02	9.51e-01	3.38e-02
 5.16211e+15	1.67e-02	9.51e-01	3.20e-02
 5.18417e+15	1.86e-02	9.51e-01	3.05e-02
 5.20094e+15	2.04e-02	9.50e-01	2.93e-02
 5.21445e+15	2.19e-02	9.50e-01	2.85e-02
 5.22924e+15	2.39e-02	9.49e-01	2.75e-02
 5.24588e+15	2.63e-02	9.47e-01	2.66e-02
 5.26149e+15	2.90e-02	9.45e-01	2.59e-02
 5.27551e+15	3.16e-02	9.43e-01	2.53e-02
 5.28863e+15	3.46e-02	9.41e-01	2.47e-02
 5.30341e+15	3.83e-02	9.38e-01	2.40e-02
 5.31951e+15	4.29e-02	9.34e-01	2.35e-02
 5.33385e+15	4.78e-02	9.29e-01	2.31e-02
 5.34661e+15	5.27e-02	9.25e-01	2.28e-02
 5.36066e+15	5.89e-02	9.19e-01	2.25e-02
 5.37630e+15	6.69e-02	9.11e-01	2.22e-02
 5.39092e+15	7.58e-02	9.02e-01	2.20e-02
 5.40371e+15	8.49e-02	8.93e-01	2.19e-02
 5.41515e+15	9.38e-02	8.84e-01	2.19e-02
 5.42550e+15	1.03e-01	8.75e-01	2.18e-02
 5.43501e+15	1.13e-01	8.66e-01	2.18e-02
 5.44428e+15	1.23e-01	8.55e-01	2.18e-02
 5.45151e+15	1.31e-01	8.47e-01	2.18e-02
 5.45609e+15	1.37e-01	8.41e-01	2.19e-02
 5.46037e+15	1.43e-01	8.35e-01	2.19e-02
 5.46544e+15	1.50e-01	8.28e-01	2.19e-02
 5.47095e+15	1.58e-01	8.20e-01	2.19e-02
 5.47626e+15	1.67e-01	8.12e-01	2.19e-02
 5.48131e+15	1.75e-01	8.03e-01	2.20e-02
 5.48638e+15	1.84e-01	7.94e-01	2.19e-02
 5.49148e+15	1.93e-01	7.85e-01	2.20e-02
 5.49656e+15	2.03e-01	7.75e-01	2.19e-02
 5.50162e+15	2.13e-01	7.65e-01	2.20e-02
 5.50671e+15	2.24e-01	7.54e-01	2.20e-02
 5.51183e+15	2.35e-01	7.43e-01	2.20e-02
 5.51684e+15	2.47e-01	7.31e-01	2.19e-02
 5.52181e+15	2.59e-01	7.19e-01	2.19e-02
 5.52689e+15	2.72e-01	7.06e-01	2.19e-02
 5.53198e+15	2.85e-01	6.93e-01	2.18e-02
 5.53704e+15	2.99e-01	6.79e-01	2.17e-02
 5.54211e+15	3.13e-01	6.65e-01	2.17e-02
 5.54721e+15	3.28e-01	6.50e-01	2.16e-02
 5.55240e+15	3.44e-01	6.35e-01	2.14e-02
 5.55752e+15	3.60e-01	6.19e-01	2.13e-02
 5.56265e+15	3.76e-01	6.03e-01	2.12e-02
 5.56790e+15	3.93e-01	5.86e-01	2.09e-02
 5.57319e+15	4.11e-01	5.69e-01	2.08e-02
 5.57849e+15	4.29e-01	5.51e-01	2.05e-02
 5.58385e+15	4.47e-01	5.33e-01	2.02e-02
 5.58922e+15	4.65e-01	5.15e-01	1.99e-02
 5.59466e+15	4.84e-01	4.96e-01	1.96e-02
 5.60022e+15	5.03e-01	4.78e-01	1.92e-02
 5.60584e+15	5.22e-01	4.59e-01	1.88e-02
 5.61143e+15	5.41e-01	4.41e-01	1.84e-02
 5.61707e+15	5.59e-01	4.23e-01	1.80e-02
 5.62284e+15	5.77e-01	4.05e-01	1.75e-02
 5.62878e+15	5.96e-01	3.87e-01	1.70e-02
 5.63489e+15	6.13e-01	3.70e-01	1.65e-02
 5.64119e+15	6.31e-01	3.53e-01	1.60e-02
 5.64775e+15	6.48e-01	3.37e-01	1.55e-02
 5.65458e+15	6.64e-01	3.21e-01	1.49e-02
 5.66179e+15	6.80e-01	3.06e-01	1.43e-02
 5.66952e+15	6.95e-01	2.91e-01	1.37e-02
 5.67786e+15	7.10e-01	2.77e-01	1.31e-02
 5.68690e+15	7.24e-01	2.63e-01	1.25e-02
 5.69684e+15	7.38e-01	2.50e-01	1.19e-02
 5.70803e+15	7.51e-01	2.38e-01	1.13e-02
 5.72010e+15	7.62e-01	2.27e-01	1.07e-02
 5.73211e+15	7.71e-01	2.19e-01	1.01e-02
 5.74420e+15	7.79e-01	2.11e-01	9.68e-03
 5.75734e+15	7.87e-01	2.04e-01	9.19e-03
 5.77142e+15	7.93e-01	1.98e-01	8.73e-03
 5.78595e+15	7.99e-01	1.92e-01	8.32e-03
 5.80130e+15	8.05e-01	1.87e-01	7.89e-03
 5.81702e+15	8.11e-01	1.82e-01	7.50e-03
 5.83258e+15	8.15e-01	1.77e-01	7.15e-03
 5.84853e+15	8.20e-01	1.73e-01	6.79e-03
 5.86449e+15	8.25e-01	1.69e-01	6.46e-03
 5.87999e+15	8.29e-01	1.65e-01	6.17e-03
 5.89560e+15	8.33e-01	1.61e-01	5.87e-03
 5.91106e+15	8.37e-01	1.58e-01	5.62e-03
 5.92635e+15	8.41e-01	1.54e-01	5.35e-03
 5.94130e+15	8.44e-01	1.51e-01	5.13e-03
 5.95578e+15	8.47e-01	1.48e-01	4.91e-03
 5.97030e+15	8.51e-01	1.45e-01	4.70e-03
 5.98473e+15	8.54e-01	1.42e-01	4.50e-03
 5.99887e+15	8.57e-01	1.39e-01	4.32e-03
 6.01257e+15	8.60e-01	1.36e-01	4.15e-03
 6.02587e+15	8.62e-01	1.34e-01	3.99e-03
 6.03898e+15	8.65e-01	1.31e-01	3.84e-03
 6.05205e+15	8.67e-01	1.29e-01	3.69e-03
 6.06504e+15	8.70e-01	1.26e-01	3.56e-03
 6.07781e+15	8.72e-01	1.24e-01	3.43e-03
 6.09037e+15	8.75e-01	1.22e-01	3.30e-03
 6.10273e+15	8.77e-01	1.20e-01	3.19e-03
 6.11493e+15	8.79e-01	1.18e-01	3.08e-03
 6.12698e+15	8.81e-01	1.16e-01	2.97e-03
 6.13887e+15	8.83e-01	1.14e-01	2.87e-03
 6.15061e+15	8.85e-01	1.12e-01	2.77e-03
 6.16221e+15	8.87e-01	1.10e-01	2.68e-03
 6.17364e+15	8.89e-01	1.09e-01	2.60e-03
 6.18491e+15	8.90e-01	1.07e-01	2.51e-03
 6.19610e+15	8.92e-01	1.05e-01	2.44e-03
 6.20721e+15	8.94e-01	1.04e-01	2.36e-03
 6.21823e+15	8.95e-01	1.02e-01	2.29e-03
 6.22914e+15	8.97e-01	1.01e-01	2.22e-03
 6.23996e+15	8.99e-01	9.93e-02	2.15e-03
 6.25071e+15	9.00e-01	9.78e-02	2.09e-03
 6.26139e+15	9.02e-01	9.64e-02	2.02e-03
 6.27202e+15	9.03e-01	9.51e-02	1.97e-03
 6.28261e+15	9.04e-01	9.37e-02	1.91e-03
 6.29317e+15	9.06e-01	9.24e-02	1.85e-03
 6.30372e+15	9.07e-01	9.11e-02	1.80e-03
 6.31441e+15	9.08e-01	8.98e-02	1.75e-03
 6.32531e+15	9.10e-01	8.85e-02	1.69e-03
 6.33645e+15	9.11e-01	8.72e-02	1.64e-03
 6.34766e+15	9.12e-01	8.59e-02	1.59e-03
 6.35885e+15	9.14e-01	8.47e-02	1.54e-03
 6.37025e+15	9.15e-01	8.34e-02	1.49e-03
 6.38198e+15	9.16e-01	8.21e-02	1.45e-03
 6.39414e+15	9.18e-01	8.08e-02	1.40e-03
 6.40690e+15	9.19e-01	7.95e-02	1.35e-03
 6.42037e+15	9.21e-01	7.81e-02	1.30e-03
 6.43458e+15	9.22e-01	7.67e-02	1.25e-03
 6.44994e+15	9.24e-01	7.51e-02	1.20e-03
 6.46665e+15	9.25e-01	7.35e-02	1.15e-03
 6.48557e+15	9.27e-01	7.17e-02	1.09e-03
 6.50515e+15	9.29e-01	6.99e-02	1.03e-03
 6.52296e+15	9.31e-01	6.83e-02	9.81e-04
 6.53918e+15	9.32e-01	6.68e-02	9.38e-04
 6.55393e+15	9.34e-01	6.56e-02	9.01e-04
 6.56735e+15	9.35e-01	6.44e-02	8.69e-04
 6.58206e+15	9.36e-01	6.32e-02	8.33e-04
 6.59794e+15	9.37e-01	6.18e-02	7.97e-04
 6.61239e+15	9.39e-01	6.07e-02	7.66e-04
 6.62555e+15	9.40e-01	5.96e-02	7.36e-04
 6.63751e+15	9.41e-01	5.86e-02	7.13e-04
 6.65063e+15	9.42e-01	5.76e-02	6.86e-04
 6.66478e+15	9.43e-01	5.65e-02	6.59e-04
 6.67767e+15	9.44e-01	5.55e-02	6.35e-04
 6.68939e+15	9.45e-01	5.46e-02	6.14e-04
 6.70006e+15	9.46e-01	5.38e-02	5.95e-04
 6.71175e+15	9.47e-01	5.29e-02	5.74e-04
 6.72437e+15	9.47e-01	5.20e-02	5.54e-04
 6.73586e+15	9.48e-01	5.12e-02	5.35e-04
 6.74631e+15	9.49e-01	5.04e-02	5.19e-04
 6.75582e+15	9.50e-01	4.97e-02	5.04e-04
 6.76624e+15	9.51e-01	4.89e-02	4.88e-04
 6.77749e+15	9.51e-01	4.82e-02	4.72e-04
 6.78773e+15	9.52e-01	4.74e-02	4.57e-04
 6.79705e+15	9.53e-01	4.68e-02	4.44e-04
 6.80553e+15	9.53e-01	4.62e-02	4.33e-04
 6.81482e+15	9.54e-01	4.55e-02	4.19e-04
 6.82485e+15	9.55e-01	4.49e-02	4.07e-04
 6.83398e+15	9.55e-01	4.42e-02	3.95e-04
 6.84228e+15	9.56e-01	4.37e-02	3.85e-04
 6.85138e+15	9.57e-01	4.30e-02	3.74e-04
 6.86121e+15	9.57e-01	4.24e-02	3.63e-04
 6.87015e+15	9.58e-01	4.18e-02	3.53e-04
 6.87829e+15	9.58e-01	4.13e-02	3.43e-04
 6.88721e+15	9.59e-01	4.07e-02	3.33e-04
 6.89683e+15	9.60e-01	4.01e-02	3.24e-04
 6.90559e+15	9.60e-01	3.96e-02	3.15e-04
 6.91356e+15	9.61e-01	3.91e-02	3.07e-04
 6.92230e+15	9.61e-01	3.85e-02	2.98e-04
 6.93173e+15	9.62e-01	3.80e-02	2.89e-04
 6.94031e+15	9.62e-01	3.75e-02	2.81e-04
 6.94812e+15	9.63e-01	3.70e-02	2.74e-04
 6.95667e+15	9.63e-01	3.65e-02	2.66e-04
 6.96591e+15	9.64e-01	3.60e-02	2.59e-04
 6.97432e+15	9.64e-01	3.55e-02	2.52e-04
 6.98197e+15	9.65e-01	3.51e-02	2.46e-04
 6.99035e+15	9.65e-01	3.46e-02	2.39e-04
 6.99940e+15	9.66e-01	3.42e-02	2.33e-04
 7.00764e+15	9.66e-01	3.37e-02	2.27e-04
 7.01666e+15	9.67e-01	3.32e-02	2.20e-04
 7.02641e+15	9.67e-01	3.28e-02	2.14e-04
 7.03527e+15	9.67e-01	3.23e-02	2.08e-04
 7.04499e+15	9.68e-01	3.18e-02	2.02e-04
 7.05547e+15	9.68e-01	3.14e-02	1.96e-04
 7.06502e+15	9.69e-01	3.09e-02	1.91e-04
 7.07370e+15	9.69e-01	3.05e-02	1.86e-04
 7.08322e+15	9.70e-01	3.01e-02	1.80e-04
 7.09350e+15	9.70e-01	2.97e-02	1.75e-04
 7.10285e+15	9.71e-01	2.92e-02	1.70e-04
 7.11309e+15	9.71e-01	2.88e-02	1.65e-04
 7.12415e+15	9.71e-01	2.84e-02	1.60e-04
 7.13422e+15	9.72e-01	2.79e-02	1.56e-04
 7.14338e+15	9.72e-01	2.76e-02	1.51e-04
 7.15342e+15	9.73e-01	2.72e-02	1.47e-04
 7.16425e+15	9.73e-01	2.68e-02	1.43e-04
 7.17411e+15	9.73e-01	2.64e-02	1.39e-04
 7.18492e+15	9.74e-01	2.60e-02	1.34e-04
 7.19658e+15	9.74e-01	2.56e-02	1.30e-04
 7.20720e+15	9.75e-01	2.52e-02	1.26e-04
 7.21883e+15	9.75e-01	2.48e-02	1.22e-04
 7.23139e+15	9.76e-01	2.44e-02	1.18e-04
 7.24282e+15	9.76e-01	2.40e-02	1.15e-04
 7.25321e+15	9.76e-01	2.36e-02	1.11e-04
 7.26461e+15	9.77e-01	2.33e-02	1.08e-04
 7.27691e+15	9.77e-01	2.29e-02	1.05e-04
 7.28811e+15	9.77e-01	2.26e-02	1.02e-04
 7.30037e+15	9.78e-01	2.22e-02	9.81e-05
 7.31362e+15	9.78e-01	2.18e-02	9.52e-05
 7.32567e+15	9.78e-01	2.15e-02	9.20e-05
 7.33888e+15	9.79e-01	2.11e-02	8.88e-05
 7.35313e+15	9.79e-01	2.07e-02	8.57e-05
 7.36611e+15	9.80e-01	2.04e-02	8.30e-05
 7.37791e+15	9.80e-01	2.01e-02	8.05e-05
 7.39085e+15	9.80e-01	1.97e-02	7.78e-05
 7.40482e+15	9.81e-01	1.94e-02	7.54e-05
 7.41753e+15	9.81e-01	1.91e-02	7.29e-05
 7.43146e+15	9.81e-01	1.87e-02	7.04e-05
 7.44649e+15	9.82e-01	1.84e-02	6.79e-05
 7.46017e+15	9.82e-01	1.81e-02	6.57e-05
 7.47517e+15	9.82e-01	1.78e-02	6.33e-05
 7.49136e+15	9.83e-01	1.74e-02	6.10e-05
 7.50608e+15	9.83e-01	1.71e-02	5.89e-05
 7.51949e+15	9.83e-01	1.69e-02	5.70e-05
 7.53418e+15	9.83e-01	1.66e-02	5.50e-05
 7.55003e+15	9.84e-01	1.63e-02	5.31e-05
 7.56446e+15	9.84e-01	1.60e-02	5.14e-05
 7.58028e+15	9.84e-01	1.57e-02	4.95e-05
 7.59735e+15	9.85e-01	1.54e-02	4.77e-05
 7.61288e+15	9.85e-01	1.51e-02	4.61e-05
 7.62990e+15	9.85e-01	1.48e-02	4.43e-05
 7.64828e+15	9.85e-01	1.45e-02	4.26e-05
 7.66500e+15	9.86e-01	1.43e-02	4.11e-05
 7.68333e+15	9.86e-01	1.40e-02	3.94e-05
 7.70311e+15	9.86e-01	1.37e-02	3.78e-05
 7.72112e+15	9.87e-01	1.34e-02	3.64e-05
 7.74084e+15	9.87e-01	1.31e-02	3.48e-05
 7.76214e+15	9.87e-01	1.28e-02	3.33e-05
 7.78152e+15	9.87e-01	1.26e-02	3.20e-05
 7.80276e+15	9.88e-01	1.23e-02	3.06e-05
 7.82569e+15	9.88e-01	1.20e-02	2.92e-05
 7.84655e+15	9.88e-01	1.18e-02	2.80e-05
 7.86554e+15	9.88e-01	1.15e-02	2.70e-05
 7.88634e+15	9.89e-01	1.13e-02	2.59e-05
 7.90880e+15	9.89e-01	1.10e-02	2.48e-05
 7.92924e+15	9.89e-01	1.08e-02	2.38e-05
 7.95164e+15	9.89e-01	1.06e-02	2.27e-05
 7.97582e+15	9.90e-01	1.03e-02	2.17e-05
 7.99782e+15	9.90e-01	1.01e-02	2.08e-05
 8.02193e+15	9.90e-01	9.89e-03	1.99e-05
 8.04796e+15	9.90e-01	9.65e-03	1.89e-05
 8.07165e+15	9.91e-01	9.44e-03	1.81e-05
 8.09761e+15	9.91e-01	9.20e-03	1.73e-05
 8.12563e+15	9.91e-01	8.97e-03	1.64e-05
 8.15113e+15	9.91e-01	8.77e-03	1.57e-05
 8.17907e+15	9.91e-01	8.54e-03	1.49e-05
 8.20924e+15	9.92e-01	8.31e-03	1.41e-05
 8.23669e+15	9.92e-01	8.11e-03	1.34e-05
 8.26677e+15	9.92e-01	7.89e-03	1.27e-05
 8.29925e+15	9.92e-01	7.67e-03	1.20e-05
 8.33483e+15	9.93e-01	7.43e-03	1.13e-05
 8.37979e+15	9.93e-01	7.14e-03	1.04e-05
 8.42964e+15	9.93e-01	6.84e-03	9.60e-06
 8.47909e+15	9.93e-01	6.56e-03	8.85e-06
 8.52882e+15	9.94e-01	6.30e-03	8.15e-06
 8.58075e+15	9.94e-01	6.03e-03	7.49e-06
 8.63506e+15	9.94e-01	5.77e-03	6.86e-06
 8.69115e+15	9.94e-01	5.52e-03	6.28e-06
 8.74897e+15	9.95e-01	5.27e-03	5.74e-06
 8.80882e+15	9.95e-01	5.03e-03	5.23e-06
 8.87083e+15	9.95e-01	4.80e-03	4.76e-06
 8.93451e+15	9.95e-01	4.57e-03	4.32e-06
 8.99849e+15	9.96e-01	4.36e-03	3.93e-06
 9.06315e+15	9.96e-01	4.15e-03	3.58e-06
 9.12976e+15	9.96e-01	3.95e-03	3.24e-06
 9.19799e+15	9.96e-01	3.76e-03	2.94e-06
 9.26725e+15	9.96e-01	3.58e-03	2.67e-06
 9.33753e+15	9.97e-01	3.40e-03	2.41e-06
 9.40907e+15	9.97e-01	3.24e-03	2.18e-06
 9.48195e+15	9.97e-01	3.08e-03	1.98e-06
 9.55616e+15	9.97e-01	2.92e-03	1.78e-06
 9.63169e+15	9.97e-01	2.78e-03	1.61e-06
 9.70856e+15	9.97e-01	2.64e-03	1.45e-06
 9.78684e+15	9.97e-01	2.50e-03	1.31e-06
 9.86669e+15	9.98e-01	2.37e-03	1.18e-06
 9.94806e+15	9.98e-01	2.25e-03	1.06e-06
 1.00308e+16	9.98e-01	2.13e-03	9.52e-07
 1.01152e+16	9.98e-01	2.02e-03	8.54e-07
 1.02013e+16	9.98e-01	1.91e-03	7.65e-07
 1.02892e+16	9.98e-01	1.80e-03	6.85e-07
 1.03787e+16	9.98e-01	1.70e-03	6.12e-07
 1.04701e+16	9.98e-01	1.61e-03	5.46e-07
 1.05634e+16	9.98e-01	1.52e-03	4.87e-07
 1.06587e+16	9.99e-01	1.43e-03	4.33e-07
 1.07560e+16	9.99e-01	1.35e-03	3.85e-07
 1.08555e+16	9.99e-01	1.27e-03	3.41e-07
 1.09573e+16	9.99e-01	1.19e-03	3.02e-07
 1.10614e+16	9.99e-01	1.12e-03	2.67e-07
 1.11681e+16	9.99e-01	1.05e-03	2.35e-07
 1.12775e+16	9.99e-01	9.87e-04	2.07e-07
 1.13897e+16	9.99e-01	9.24e-04	1.81e-07
 1.15049e+16	9.99e-01	8.64e-04	1.59e-07
 1.16233e+16	9.99e-01	8.06e-04	1.38e-07
 1.17450e+16	9.99e-01	7.52e-04	1.20e-07
 1.18696e+16	9.99e-01	7.01e-04	1.05e-07
 1.19960e+16	9.99e-01	6.52e-04	9.07e-08
 1.21268e+16	9.99e-01	6.06e-04	7.83e-08
 1.22651e+16	9.99e-01	5.61e-04	6.70e-08
 1.24094e+16	9.99e-01	5.17e-04	5.71e-08
 1.25583e+16	1.00e+00	4.76e-04	4.84e-08
 1.27128e+16	1.00e+00	4.37e-04	4.09e-08
 1.28741e+16	1.00e+00	4.00e-04	3.43e-08
 1.30430e+16	1.00e+00	3.65e-04	2.85e-08
 1.32204e+16	1.00e+00	3.32e-04	2.35e-08
 1.34071e+16	1.00e+00	3.00e-04	1.93e-08
 1.36046e+16	1.00e+00	2.70e-04	1.56e-08
 1.38150e+16	1.00e+00	2.41e-04	1.25e-08
 1.40388e+16	1.00e+00	2.14e-04	9.86e-09
 1.42810e+16	1.00e+00	1.89e-04	7.65e-09
 1.45432e+16	1.00e+00	1.65e-04	5.83e-09
 1.48245e+16	1.00e+00	1.42e-04	4.36e-09
 1.51356e+16	1.00e+00	1.21e-04	3.17e-09
 1.55055e+16	1.00e+00	1.00e-04	2.17e-09
 1.59141e+16	1.00e+00	8.21e-05	1.46e-09
 1.63542e+16	1.00e+00	6.60e-05	9.43e-10
 1.68462e+16	1.00e+00	5.21e-05	5.89e-10
 1.73554e+16	1.00e+00	4.11e-05	3.66e-10
 1.78600e+16	1.00e+00	3.26e-05	2.31e-10
 1.83636e+16	1.00e+00	2.59e-05	1.47e-10
 1.88744e+16	1.00e+00	2.07e-05	9.37e-11
 1.93970e+16	1.00e+00	1.65e-05	5.97e-11
 1.99323e+16	1.00e+00	1.31e-05	3.79e-11
 2.04769e+16	1.00e+00	1.05e-05	2.42e-11
 2.10325e+16	1.00e+00	8.37e-06	1.54e-11
 2.15978e+16	1.00e+00	6.68e-06	9.86e-12
 2.21534e+16	1.00e+00	5.38e-06	6.42e-12
 2.26818e+16	1.00e+00	4.41e-06	4.31e-12
 2.31892e+16	1.00e+00	3.65e-06	2.96e-12
 2.36822e+16	1.00e+00	3.04e-06	2.06e-12
 2.41585e+16	1.00e+00	2.56e-06	1.47e-12
 2.46206e+16	1.00e+00	2.17e-06	1.06e-12
 2.50683e+16	1.00e+00	1.86e-06	7.75e-13
 2.54974e+16	1.00e+00	1.60e-06	5.77e-13
 2.59080e+16	1.00e+00	1.39e-06	4.37e-13
 2.63031e+16	1.00e+00	1.22e-06	3.36e-13
 2.66827e+16	1.00e+00	1.07e-06	2.61e-13
 2.70470e+16	1.00e+00	9.53e-07	2.06e-13
 2.73960e+16	1.00e+00	8.51e-07	1.64e-13
 2.77296e+16	1.00e+00	7.64e-07	1.32e-13
 2.80487e+16	1.00e+00	6.89e-07	1.08e-13
 2.83539e+16	1.00e+00	6.26e-07	8.92e-14
 2.86455e+16	1.00e+00	5.71e-07	7.44e-14
 2.89239e+16	1.00e+00	5.23e-07	6.26e-14
 2.91897e+16	1.00e+00	4.82e-07	5.32e-14
 2.94437e+16	1.00e+00	4.45e-07	4.55e-14
 2.96866e+16	1.00e+00	4.14e-07	3.93e-14
 2.99187e+16	1.00e+00	3.85e-07	3.41e-14
 3.01403e+16	1.00e+00	3.60e-07	2.99e-14
 3.03522e+16	1.00e+00	3.38e-07	2.63e-14
 3.05549e+16	1.00e+00	3.18e-07	2.33e-14
 3.07492e+16	1.00e+00	3.00e-07	2.08e-14
 3.09354e+16	1.00e+00	2.84e-07	1.86e-14
 3.11138e+16	1.00e+00	2.69e-07	1.68e-14
 3.12849e+16	1.00e+00	2.56e-07	1.52e-14
 3.14493e+16	1.00e+00	2.44e-07	1.38e-14
 3.16074e+16	1.00e+00	2.33e-07	1.26e-14
 3.17597e+16	1.00e+00	2.23e-07	1.15e-14
 3.19069e+16	1.00e+00	2.14e-07	1.06e-14
 3.20493e+16	1.00e+00	2.05e-07	9.77e-15
 3.21872e+16	1.00e+00	1.97e-07	9.03e-15
 3.23212e+16	1.00e+00	1.90e-07	8.37e-15
 3.24517e+16	1.00e+00	1.83e-07	7.77e-15
 3.25793e+16	1.00e+00	1.76e-07	7.23e-15
 3.27045e+16	1.00e+00	1.70e-07	6.73e-15
 3.28277e+16	1.00e+00	1.64e-07	6.28e-15
 3.29495e+16	1.00e+00	1.58e-07	5.86e-15
 3.30706e+16	1.00e+00	1.53e-07	5.48e-15
 3.31917e+16	1.00e+00	1.48e-07	5.12e-15
 3.33135e+16	1.00e+00	1.43e-07	4.78e-15
 3.34370e+16	1.00e+00	1.38e-07	4.46e-15
 3.35633e+16	1.00e+00	1.33e-07	4.16e-15
 3.36938e+16	1.00e+00	1.28e-07	3.86e-15
 3.38301e+16	1.00e+00	1.23e-07	3.58e-15
 3.39743e+16	1.00e+00	1.19e-07	3.31e-15
 3.41293e+16	1.00e+00	1.14e-07	3.03e-15
 3.42991e+16	1.00e+00	1.08e-07	2.76e-15
 3.44890e+16	1.00e+00	1.03e-07	2.48e-15
 3.47067e+16	1.00e+00	9.65e-08	2.20e-15
 3.49639e+16	1.00e+00	8.98e-08	1.91e-15
 3.52788e+16	1.00e+00	8.23e-08	1.60e-15
 3.56804e+16	1.00e+00	7.36e-08	1.29e-15
 3.62024e+16	1.00e+00	6.37e-08	9.67e-16
 3.68811e+16	1.00e+00	5.30e-08	6.72e-16
 3.77633e+16	1.00e+00	4.19e-08	4.22e-16
 3.89101e+16	1.00e+00	3.10e-08	2.33e-16
 4.03402e+16	1.00e+00	2.16e-08	1.14e-16
 4.19037e+16	1.00e+00	1.48e-08	5.41e-17
 4.34670e+16	1.00e+00	1.03e-08	2.63e-17
 4.50301e+16	1.00e+00	7.19e-09	1.30e-17
 4.65929e+16	1.00e+00	5.08e-09	6.54e-18
 4.81555e+16	1.00e+00	3.62e-09	3.36e-18
 4.97179e+16	1.00e+00	2.60e-09	1.75e-18
 5.12799e+16	1.00e+00	1.89e-09	9.31e-19
 5.28416e+16	1.00e+00	1.38e-09	5.02e-19
 5.44029e+16	1.00e+00	1.01e-09	2.75e-19
 5.59639e+16	1.00e+00	7.52e-10	1.53e-19
 5.77588e+16	1.00e+00	5.33e-10	7.76e-20
 5.99170e+16	1.00e+00	3.59e-10	3.57e-20
 6.22153e+16	1.00e+00	2.39e-10	1.61e-20
 6.45247e+16	1.00e+00	1.62e-10	7.46e-21
 6.69100e+16	1.00e+00	1.09e-10	0.00e+00
 6.93711e+16	1.00e+00	7.34e-11	0.00e+00
 7.19174e+16	1.00e+00	4.94e-11	0.00e+00
 7.44567e+16	1.00e+00	3.38e-11	0.00e+00
 7.65505e+16	1.00e+00	2.52e-11	0.00e+00
 7.79116e+16	1.00e+00	2.10e-11	0.00e+00
 7.86952e+16	1.00e+00	1.90e-11	0.00e+00
 7.91634e+16	1.00e+00	1.78e-11	0.00e+00
 7.94444e+16	1.00e+00	1.72e-11	0.00e+00
 7.96353e+16	1.00e+00	1.67e-11	0.00e+00
 7.98138e+16	1.00e+00	1.63e-11	0.00e+00
 8.00148e+16	1.00e+00	1.58e-11	0.00e+00
 8.02254e+16	1.00e+00	1.54e-11	0.00e+00
 8.04135e+16	1.00e+00	1.50e-11	0.00e+00
 8.05750e+16	1.00e+00	1.47e-11	0.00e+00
 8.07294e+16	1.00e+00	1.44e-11	0.00e+00
 8.08854e+16	1.00e+00	1.41e-11	0.00e+00
 8.10329e+16	1.00e+00	1.38e-11	0.00e+00
 8.11620e+16	1.00e+00	1.35e-11	0.00e+00
 8.12857e+16	1.00e+00	1.33e-11	0.00e+00
 8.14153e+16	1.00e+00	1.31e-11	0.00e+00
 8.15339e+16	1.00e+00	1.29e-11	0.00e+00
 8.16372e+16	1.00e+00	1.27e-11	0.00e+00
 8.17300e+16	1.00e+00	1.25e-11	0.00e+00
 8.18224e+16	1.00e+00	1.24e-11	0.00e+00
 8.19283e+16	1.00e+00	1.22e-11	0.00e+00
 8.20367e+16	1.00e+00	1.20e-11	0.00e+00
 8.21254e+16	1.00e+00	1.19e-11	0.00e+00
 8.21988e+16	1.00e+00	1.18e-11	0.00e+00
 8.22716e+16	1.00e+00	1.16e-11	0.00e+00
 8.23482e+16	1.00e+00	1.15e-11	0.00e+00
 8.24294e+16	1.00e+00	1.14e-11	0.00e+00
 8.25103e+16	1.00e+00	1.13e-11	0.00e+00
 8.25829e+16	1.00e+00	1.11e-11	0.00e+00
 8.26479e+16	1.00e+00	1.10e-11	0.00e+00
 8.27127e+16	1.00e+00	1.09e-11	0.00e+00
 8.27805e+16	1.00e+00	1.08e-11	0.00e+00
 8.28503e+16	1.00e+00	1.07e-11	0.00e+00
 8.29166e+16	1.00e+00	1.06e-11	0.00e+00
 8.29797e+16	1.00e+00	1.05e-11	0.00e+00
 8.30444e+16	1.00e+00	1.04e-11	0.00e+00
 8.31077e+16	1.00e+00	1.04e-11	0.00e+00
 8.31701e+16	1.00e+00	1.03e-11	0.00e+00
 8.32354e+16	1.00e+00	1.02e-11	0.00e+00
 8.33031e+16	1.00e+00	1.01e-11	0.00e+00
 8.33680e+16	1.00e+00	9.98e-12	0.00e+00
 8.34299e+16	1.00e+00	9.89e-12	0.00e+00
 8.34939e+16	1.00e+00	9.80e-12	0.00e+00
 8.35615e+16	1.00e+00	9.70e-12	0.00e+00
 8.36284e+16	1.00e+00	9.61e-12	0.00e+00
 8.36943e+16	1.00e+00	9.52e-12	0.00e+00
 8.37633e+16	1.00e+00	9.42e-12	0.00e+00
 8.38356e+16	1.00e+00	9.32e-12	0.00e+00
 8.39064e+16	1.00e+00	9.23e-12	0.00e+00
 8.39758e+16	1.00e+00	9.14e-12	0.00e+00
 8.40541e+16	1.00e+00	9.03e-12	0.00e+00
 8.41399e+16	1.00e+00	8.91e-12	0.00e+00
 8.42220e+16	1.00e+00	8.81e-12	0.00e+00
 8.42976e+16	1.00e+00	8.71e-12	0.00e+00
 8.43738e+16	1.00e+00	8.62e-12	0.00e+00
 8.44542e+16	1.00e+00	8.51e-12	0.00e+00
 8.45400e+16	1.00e+00	8.41e-12	0.00e+00
 8.46328e+16	1.00e+00	8.29e-12	0.00e+00
 8.47247e+16	1.00e+00	8.18e-12	0.00e+00
 8.48109e+16	1.00e+00	8.07e-12	0.00e+00
 8.48972e+16	1.00e+00	7.97e-12	0.00e+00
 8.49944e+16	1.00e+00	7.86e-12	0.00e+00
 8.51042e+16	1.00e+00	7.73e-12	0.00e+00
 8.52128e+16	1.00e+00	7.60e-12	0.00e+00
 8.53132e+16	1.00e+00	7.49e-12	0.00e+00
 8.54149e+16	1.00e+00	7.38e-12	0.00e+00
 8.55265e+16	1.00e+00	7.25e-12	0.00e+00
 8.56466e+16	1.00e+00	7.12e-12	0.00e+00
 8.57620e+16	1.00e+00	7.00e-12	0.00e+00
 8.58779e+16	1.00e+00	6.88e-12	0.00e+00
 8.60064e+16	1.00e+00	6.75e-12	0.00e+00
 8.61440e+16	1.00e+00	6.61e-12	0.00e+00
 8.62841e+16	1.00e+00	6.47e-12	0.00e+00
 8.64197e+16	1.00e+00	6.34e-12	0.00e+00
 8.65549e+16	1.00e+00	6.22e-12	0.00e+00
 8.66975e+16	1.00e+00	6.08e-12	0.00e+00
 8.68501e+16	1.00e+00	5.94e-12	0.00e+00
 8.70096e+16	1.00e+00	5.80e-12	0.00e+00
 8.71723e+16	1.00e+00	5.66e-12	0.00e+00
 8.73370e+16	1.00e+00	5.52e-12	0.00e+00
 8.75040e+16	1.00e+00	5.39e-12	0.00e+00
 8.76807e+16	1.00e+00	5.24e-12	0.00e+00
 8.78718e+16	1.00e+00	5.09e-12	0.00e+00
 8.80643e+16	1.00e+00	4.94e-12	0.00e+00
 8.82532e+16	1.00e+00	4.81e-12	0.00e+00
 8.84487e+16	1.00e+00	4.67e-12	0.00e+00
 8.86545e+16	1.00e+00	4.52e-12	0.00e+00
 8.88700e+16	1.00e+00	4.38e-12	0.00e+00
 8.90928e+16	1.00e+00	4.23e-12	0.00e+00
 8.93205e+16	1.00e+00	4.09e-12	0.00e+00
 8.95527e+16	1.00e+00	3.95e-12	0.00e+00
 8.97887e+16	1.00e+00	3.81e-12	0.00e+00
 9.00328e+16	1.00e+00	3.67e-12	0.00e+00
 9.02882e+16	1.00e+00	3.53e-12	0.00e+00
 9.05571e+16	1.00e+00	3.39e-12	0.00e+00
 9.08325e+16	1.00e+00	3.25e-12	0.00e+00
 9.11096e+16	1.00e+00	3.12e-12	0.00e+00
 9.13922e+16	1.00e+00	2.99e-12	0.00e+00
 9.16878e+16	1.00e+00	2.86e-12	0.00e+00
 9.19972e+16	1.00e+00	2.73e-12	0.00e+00
 9.23132e+16	1.00e+00	2.60e-12	0.00e+00
 9.26402e+16	1.00e+00	2.48e-12	0.00e+00
 9.29852e+16	1.00e+00	2.35e-12	0.00e+00
 9.33393e+16	1.00e+00	2.23e-12	0.00e+00
 9.36928e+16	1.00e+00	2.12e-12	0.00e+00
 9.40546e+16	1.00e+00	2.01e-12	0.00e+00
 9.44519e+16	1.00e+00	1.90e-12	0.00e+00
 9.48720e+16	1.00e+00	1.79e-12	0.00e+00
 9.52931e+16	1.00e+00	1.68e-12	0.00e+00
 9.57120e+16	1.00e+00	1.59e-12	0.00e+00
 9.61495e+16	1.00e+00	1.49e-12	0.00e+00
 9.66185e+16	1.00e+00	1.40e-12	0.00e+00
 9.71163e+16	1.00e+00	1.30e-12	0.00e+00
 9.76467e+16	1.00e+00	1.21e-12	0.00e+00
 9.81763e+16	1.00e+00	1.13e-12	0.00e+00
 9.86967e+16	1.00e+00	1.06e-12	0.00e+00
 9.92171e+16	1.00e+00	9.88e-13	0.00e+00
 9.97240e+16	1.00e+00	9.26e-13	0.00e+00
 1.00200e+17	1.00e+00	8.72e-13	0.00e+00
 1.00650e+17	1.00e+00	8.24e-13	0.00e+00
 1.01099e+17	1.00e+00	7.79e-13	0.00e+00
 1.01567e+17	1.00e+00	7.33e-13	0.00e+00
 1.02058e+17	1.00e+00	6.88e-13	0.00e+00
 1.02562e+17	1.00e+00	6.45e-13	0.00e+00
 1.03031e+17	1.00e+00	6.07e-13	0.00e+00
 1.03423e+17	1.00e+00	5.76e-13	0.00e+00
 1.03741e+17	1.00e+00	5.53e-13	0.00e+00
 1.04018e+17	1.00e+00	5.33e-13	0.00e+00
 1.04282e+17	1.00e+00	5.15e-13	0.00e+00
 1.04541e+17	1.00e+00	4.97e-13	0.00e+00
 1.04787e+17	1.00e+00	4.81e-13	0.00e+00
 1.05012e+17	1.00e+00	4.67e-13	0.00e+00
 1.05219e+17	1.00e+00	4.54e-13	0.00e+00
 1.05418e+17	1.00e+00	4.42e-13	0.00e+00
 1.05612e+17	1.00e+00	4.31e-13	0.00e+00
 1.05803e+17	1.00e+00	4.20e-13	0.00e+00
 1.05988e+17	1.00e+00	4.10e-13	0.00e+00
 1.06164e+17	1.00e+00	4.01e-13	0.00e+00
 1.06334e+17	1.00e+00	3.92e-13	0.00e+00
 1.06501e+17	1.00e+00	3.83e-13	0.00e+00
 1.06666e+17	1.00e+00	3.75e-13	0.00e+00
 1.06828e+17	1.00e+00	3.67e-13	0.00e+00
 1.06987e+17	1.00e+00	3.60e-13	0.00e+00
 1.07141e+17	1.00e+00	3.53e-13	0.00e+00
 1.07294e+17	1.00e+00	3.46e-13	0.00e+00
 1.07445e+17	1.00e+00	3.39e-13	0.00e+00
 1.07594e+17	1.00e+00	3.33e-13	0.00e+00
 1.07741e+17	1.00e+00	3.27e-13	0.00e+00
 1.07887e+17	1.00e+00	3.21e-13	0.00e+00
 1.08030e+17	1.00e+00	3.15e-13	0.00e+00
 1.08172e+17	1.00e+00	3.09e-13	0.00e+00
 1.08335e+17	1.00e+00	3.03e-13	0.00e+00
 1.08547e+17	1.00e+00	2.95e-13	0.00e+00
 1.08823e+17	1.00e+00	2.85e-13	0.00e+00
 1.09181e+17	1.00e+00	2.72e-13	0.00e+00
 1.09647e+17	1.00e+00	2.56e-13	0.00e+00
 1.10223e+17	1.00e+00	2.39e-13	0.00e+00
 1.10837e+17	1.00e+00	2.22e-13	0.00e+00
 1.11395e+17	1.00e+00	2.08e-13	0.00e+00
 1.11886e+17	1.00e+00	1.96e-13	0.00e+00
 1.12361e+17	1.00e+00	1.85e-13	0.00e+00
 1.12871e+17	1.00e+00	1.74e-13	0.00e+00
 1.13427e+17	1.00e+00	1.63e-13	0.00e+00
 1.14002e+17	1.00e+00	1.53e-13	0.00e+00
 1.14568e+17	1.00e+00	1.43e-13	0.00e+00
 1.15131e+17	1.00e+00	1.34e-13	0.00e+00
 1.15718e+17	1.00e+00	1.25e-13	0.00e+00
 1.16351e+17	1.00e+00	1.16e-13	0.00e+00
 1.17043e+17	1.00e+00	1.08e-13	0.00e+00
 1.17794e+17	1.00e+00	9.87e-14	0.00e+00
 1.18623e+17	1.00e+00	8.98e-14	0.00e+00
 1.19577e+17	1.00e+00	8.06e-14	0.00e+00
 1.20743e+17	1.00e+00	7.06e-14	0.00e+00
 1.22239e+17	1.00e+00	5.96e-14	0.00e+00
 1.24183e+17	1.00e+00	4.80e-14	0.00e+00
 1.26710e+17	1.00e+00	3.64e-14	0.00e+00
 1.29996e+17	1.00e+00	2.55e-14	0.00e+00
 1.33852e+17	1.00e+00	1.70e-14	0.00e+00
 1.38449e+17	1.00e+00	1.06e-14	0.00e+00
 1.43869e+17	1.00e+00	6.11e-15	0.00e+00
 1.49325e+17	1.00e+00	3.55e-15	0.00e+00
 1.54333e+17	1.00e+00	2.16e-15	0.00e+00
 1.58129e+17	1.00e+00	1.48e-15	0.00e+00
 1.60407e+17	1.00e+00	1.16e-15	0.00e+00
 1.61773e+17	1.00e+00	9.93e-16	0.00e+00
 1.62593e+17	1.00e+00	9.00e-16	0.00e+00
 1.63085e+17	1.00e+00	8.45e-16	0.00e+00
 1.63380e+17	1.00e+00	8.13e-16	0.00e+00
 1.63557e+17	1.00e+00	7.94e-16	0.00e+00
 1.63685e+17	1.00e+00	7.81e-16	0.00e+00
 1.63826e+17	1.00e+00	7.67e-16	0.00e+00
 1.64008e+17	1.00e+00	7.48e-16	0.00e+00
 1.64238e+17	1.00e+00	7.25e-16	0.00e+00
 1.64484e+17	1.00e+00	7.01e-16	0.00e+00
 1.64696e+17	1.00e+00	6.80e-16	0.00e+00
 1.64861e+17	1.00e+00	6.63e-16	0.00e+00
 1.65007e+17	1.00e+00	6.49e-16	0.00e+00
 1.65172e+17	1.00e+00	6.34e-16	0.00e+00
 1.65374e+17	1.00e+00	6.15e-16	0.00e+00
 1.65594e+17	1.00e+00	5.94e-16	0.00e+00
 1.65787e+17	1.00e+00	5.75e-16	0.00e+00
 1.65940e+17	1.00e+00	5.61e-16	0.00e+00
 1.66075e+17	1.00e+00	5.48e-16	0.00e+00
 1.66222e+17	1.00e+00	5.35e-16	0.00e+00
 1.66400e+17	1.00e+00	5.19e-16	0.00e+00
 1.66597e+17	1.00e+00	5.01e-16	0.00e+00
 1.66775e+17	1.00e+00	4.85e-16	0.00e+00
 1.66921e+17	1.00e+00	4.71e-16	0.00e+00
 1.67047e+17	1.00e+00	4.60e-16	0.00e+00
 1.67181e+17	1.00e+00	4.48e-16	0.00e+00
 1.67341e+17	1.00e+00	4.35e-16	0.00e+00
 1.67519e+17	1.00e+00	4.19e-16	0.00e+00
 1.67684e+17	1.00e+00	4.04e-16	0.00e+00
 1.67821e+17	1.00e+00	3.92e-16	0.00e+00
 1.67941e+17	1.00e+00	3.81e-16	0.00e+00
 1.68067e+17	1.00e+00	3.71e-16	0.00e+00
 1.68216e+17	1.00e+00	3.59e-16	0.00e+00
 1.68380e+17	1.00e+00	3.45e-16	0.00e+00
 1.68535e+17	1.00e+00	3.32e-16	0.00e+00
 1.68666e+17	1.00e+00	3.21e-16	0.00e+00
 1.68782e+17	1.00e+00	3.12e-16	0.00e+00
 1.68904e+17	1.00e+00	3.02e-16	0.00e+00
 1.69047e+17	1.00e+00	2.92e-16	0.00e+00
 1.69204e+17	1.00e+00	2.80e-16	0.00e+00
 1.69354e+17	1.00e+00	2.68e-16	0.00e+00
 1.69482e+17	1.00e+00	2.58e-16	0.00e+00
 1.69597e+17	1.00e+00	2.50e-16	0.00e+00
 1.69718e+17	1.00e+00	2.42e-16	0.00e+00
 1.69857e+17	1.00e+00	2.33e-16	0.00e+00
 1.70010e+17	1.00e+00	2.23e-16	0.00e+00
 1.70158e+17	1.00e+00	2.13e-16	0.00e+00
 1.70289e+17	1.00e+00	2.04e-16	0.00e+00
 1.70408e+17	1.00e+00	1.97e-16	0.00e+00
 1.70529e+17	1.00e+00	1.90e-16	0.00e+00
 1.70668e+17	1.00e+00	1.82e-16	0.00e+00
 1.70823e+17	1.00e+00	1.74e-16	0.00e+00
 1.70976e+17	1.00e+00	1.65e-16	0.00e+00
 1.71112e+17	1.00e+00	1.58e-16	0.00e+00
 1.71235e+17	1.00e+00	1.52e-16	0.00e+00
 1.71362e+17	1.00e+00	1.46e-16	0.00e+00
 1.71504e+17	1.00e+00	1.40e-16	0.00e+00
 1.71662e+17	1.00e+00	1.33e-16	0.00e+00
 1.71821e+17	1.00e+00	1.26e-16	0.00e+00
 1.71969e+17	1.00e+00	1.20e-16	0.00e+00
 1.72106e+17	1.00e+00	1.15e-16	0.00e+00
 1.72244e+17	1.00e+00	1.10e-16	0.00e+00
 1.72397e+17	1.00e+00	1.05e-16	0.00e+00
 1.72566e+17	1.00e+00	9.97e-17	0.00e+00
 1.72739e+17	1.00e+00	9.43e-17	0.00e+00
 1.72902e+17	1.00e+00	8.95e-17	0.00e+00
 1.73057e+17	1.00e+00	8.53e-17	0.00e+00
 1.73215e+17	1.00e+00	8.13e-17	0.00e+00
 1.73391e+17	1.00e+00	7.73e-17	0.00e+00
 1.73584e+17	1.00e+00	7.30e-17	0.00e+00
 1.73783e+17	1.00e+00	6.89e-17	0.00e+00
 1.73975e+17	1.00e+00	6.51e-17	0.00e+00
 1.74161e+17	1.00e+00	6.18e-17	0.00e+00
 1.74355e+17	1.00e+00	5.86e-17	0.00e+00
 1.74572e+17	1.00e+00	5.54e-17	0.00e+00
 1.74812e+17	1.00e+00	5.21e-17	0.00e+00
 1.75060e+17	1.00e+00	4.89e-17	0.00e+00
 1.75305e+17	1.00e+00	4.60e-17	0.00e+00
 1.75551e+17	1.00e+00	4.33e-17	0.00e+00
 1.75816e+17	1.00e+00	4.08e-17	0.00e+00
