#depth	O	O+	O+2	O+3	O+4	O+5	O+6	O+7	O+8	O[1]	O[2]	O[3]
 1.49634e+10	0.00e+00	4.20e-46	2.05e-35	9.35e-26	6.29e-17	5.72e-09	1.00e+00	1.76e-06	0.00e+00	0.00e+00	0.00e+00	0.00e+00
 4.54887e+10	0.00e+00	0.00e+00	2.81e-35	1.19e-25	7.37e-17	6.19e-09	1.00e+00	1.62e-06	4.89e-16	0.00e+00	0.00e+00	0.00e+00
 7.72350e+10	0.00e+00	9.26e-46	3.86e-35	1.50e-25	8.64e-17	6.70e-09	1.00e+00	1.49e-06	0.00e+00	0.00e+00	0.00e+00	0.00e+00
 1.10251e+11	0.00e+00	0.00e+00	5.29e-35	1.91e-25	1.01e-16	7.26e-09	1.00e+00	1.38e-06	0.00e+00	0.00e+00	0.00e+00	0.00e+00
 1.44588e+11	0.00e+00	2.04e-45	7.25e-35	2.42e-25	1.19e-16	7.86e-09	1.00e+00	1.27e-06	0.00e+00	0.00e+00	0.00e+00	0.00e+00
 1.80298e+11	0.00e+00	0.00e+00	9.96e-35	3.07e-25	1.39e-16	8.51e-09	1.00e+00	1.17e-06	0.00e+00	0.00e+00	0.00e+00	0.00e+00
 2.17437e+11	0.00e+00	4.50e-45	1.37e-34	3.89e-25	1.63e-16	9.21e-09	1.00e+00	1.08e-06	0.00e+00	0.00e+00	0.00e+00	0.00e+00
 2.56061e+11	0.00e+00	0.00e+00	1.88e-34	4.94e-25	1.91e-16	9.98e-09	1.00e+00	9.97e-07	0.00e+00	0.00e+00	0.00e+00	0.00e+00
 2.96231e+11	0.00e+00	9.94e-45	2.58e-34	6.26e-25	2.24e-16	1.08e-08	1.00e+00	0.00e+00	0.00e+00	0.00e+00	0.00e+00	0.00e+00
 3.38007e+11	0.00e+00	0.00e+00	3.54e-34	7.95e-25	2.63e-16	1.17e-08	1.00e+00	0.00e+00	0.00e+00	0.00e+00	0.00e+00	0.00e+00
 3.78468e+11	0.00e+00	2.14e-44	4.76e-34	9.93e-25	3.05e-16	1.26e-08	1.00e+00	0.00e+00	0.00e+00	0.00e+00	0.00e+00	0.00e+00
 4.15533e+11	0.00e+00	0.00e+00	6.19e-34	1.21e-24	3.48e-16	1.35e-08	1.00e+00	0.00e+00	0.00e+00	0.00e+00	0.00e+00	0.00e+00
 4.56708e+11	0.00e+00	4.23e-44	8.20e-34	1.50e-24	4.01e-16	1.45e-08	1.00e+00	0.00e+00	0.00e+00	0.00e+00	0.00e+00	0.00e+00
 5.04544e+11	0.00e+00	0.00e+00	1.13e-33	1.90e-24	4.70e-16	1.57e-08	1.00e+00	0.00e+00	0.00e+00	0.00e+00	0.00e+00	0.00e+00
 5.51880e+11	0.00e+00	9.15e-44	1.52e-33	2.38e-24	5.47e-16	1.69e-08	1.00e+00	0.00e+00	0.00e+00	0.00e+00	0.00e+00	0.00e+00
 6.01109e+11	0.00e+00	0.00e+00	2.06e-33	2.99e-24	6.37e-16	1.82e-08	1.00e+00	0.00e+00	0.00e+00	0.00e+00	0.00e+00	0.00e+00
 6.55080e+11	0.00e+00	1.99e-43	2.83e-33	3.80e-24	7.49e-16	1.98e-08	1.00e+00	0.00e+00	0.00e+00	0.00e+00	0.00e+00	0.00e+00
 7.09622e+11	0.00e+00	0.00e+00	3.87e-33	4.80e-24	8.76e-16	2.14e-08	1.00e+00	0.00e+00	0.00e+00	0.00e+00	0.00e+00	0.00e+00
 7.66345e+11	0.00e+00	4.33e-43	5.28e-33	6.07e-24	1.02e-15	2.32e-08	1.00e+00	0.00e+00	0.00e+00	0.00e+00	0.00e+00	0.00e+00
 8.26925e+11	0.00e+00	0.00e+00	7.28e-33	7.73e-24	1.20e-15	2.51e-08	1.00e+00	0.00e+00	0.00e+00	0.00e+00	0.00e+00	0.00e+00
 8.89929e+11	0.00e+00	9.65e-43	1.00e-32	9.85e-24	1.42e-15	2.72e-08	1.00e+00	0.00e+00	0.00e+00	0.00e+00	0.00e+00	0.00e+00
 9.55453e+11	0.00e+00	0.00e+00	1.38e-32	1.25e-23	1.67e-15	2.96e-08	1.00e+00	0.00e+00	0.00e+00	0.00e+00	0.00e+00	0.00e+00
 1.02360e+12	0.00e+00	2.16e-42	1.91e-32	1.60e-23	1.96e-15	3.21e-08	1.00e+00	0.00e+00	0.00e+00	0.00e+00	0.00e+00	0.00e+00
 1.09447e+12	0.00e+00	0.00e+00	2.64e-32	2.04e-23	2.31e-15	3.48e-08	1.00e+00	0.00e+00	0.00e+00	0.00e+00	0.00e+00	0.00e+00
 1.16817e+12	0.00e+00	4.83e-42	3.64e-32	2.60e-23	2.72e-15	3.78e-08	1.00e+00	0.00e+00	0.00e+00	0.00e+00	0.00e+00	0.00e+00
 1.24483e+12	0.00e+00	0.00e+00	5.03e-32	3.32e-23	3.21e-15	4.11e-08	1.00e+00	0.00e+00	0.00e+00	0.00e+00	0.00e+00	0.00e+00
 1.31685e+12	0.00e+00	1.04e-41	6.75e-32	4.14e-23	3.72e-15	4.43e-08	1.00e+00	0.00e+00	0.00e+00	0.00e+00	0.00e+00	0.00e+00
 1.38116e+12	0.00e+00	0.00e+00	8.70e-32	5.02e-23	4.23e-15	4.72e-08	1.00e+00	0.00e+00	0.00e+00	0.00e+00	0.00e+00	0.00e+00
 1.45332e+12	0.00e+00	2.02e-41	1.15e-31	6.19e-23	4.87e-15	5.07e-08	1.00e+00	0.00e+00	0.00e+00	0.00e+00	0.00e+00	0.00e+00
 1.53896e+12	0.00e+00	0.00e+00	1.57e-31	7.86e-23	5.72e-15	5.50e-08	1.00e+00	0.00e+00	0.00e+00	0.00e+00	0.00e+00	0.00e+00
 1.62507e+12	0.00e+00	4.41e-41	2.14e-31	9.92e-23	6.70e-15	5.95e-08	1.00e+00	0.00e+00	0.00e+00	0.00e+00	0.00e+00	0.00e+00
 1.70577e+12	0.00e+00	0.00e+00	2.83e-31	1.22e-22	7.72e-15	6.39e-08	1.00e+00	0.00e+00	0.00e+00	0.00e+00	0.00e+00	0.00e+00
 1.79506e+12	0.00e+00	9.05e-41	3.81e-31	1.53e-22	8.99e-15	6.91e-08	1.00e+00	0.00e+00	0.00e+00	0.00e+00	0.00e+00	0.00e+00
 1.89679e+12	0.00e+00	0.00e+00	5.30e-31	1.97e-22	1.06e-14	7.52e-08	1.00e+00	0.00e+00	0.00e+00	0.00e+00	0.00e+00	0.00e+00
 1.99814e+12	0.00e+00	2.02e-40	7.25e-31	2.50e-22	1.25e-14	8.16e-08	1.00e+00	0.00e+00	0.00e+00	0.00e+00	0.00e+00	0.00e+00
 2.10355e+12	0.00e+00	0.00e+00	9.95e-31	3.17e-22	1.47e-14	8.86e-08	1.00e+00	0.00e+00	0.00e+00	0.00e+00	0.00e+00	0.00e+00
 2.21762e+12	0.00e+00	4.51e-40	1.38e-30	4.08e-22	1.74e-14	9.65e-08	1.00e+00	0.00e+00	0.00e+00	0.00e+00	0.00e+00	0.00e+00
 2.33391e+12	0.00e+00	0.00e+00	1.91e-30	5.22e-22	2.06e-14	1.05e-07	1.00e+00	0.00e+00	0.00e+00	0.00e+00	0.00e+00	0.00e+00
 2.44247e+12	0.00e+00	9.71e-40	2.56e-30	6.51e-22	2.39e-14	1.13e-07	1.00e+00	0.00e+00	0.00e+00	0.00e+00	0.00e+00	0.00e+00
 2.54271e+12	0.00e+00	0.00e+00	3.33e-30	7.94e-22	2.74e-14	1.21e-07	1.00e+00	0.00e+00	0.00e+00	0.00e+00	0.00e+00	0.00e+00
 2.65732e+12	0.00e+00	1.93e-39	4.45e-30	9.91e-22	3.19e-14	1.31e-07	1.00e+00	0.00e+00	0.00e+00	0.00e+00	0.00e+00	0.00e+00
 2.79150e+12	0.00e+00	0.00e+00	6.17e-30	1.27e-21	3.78e-14	1.43e-07	1.00e+00	0.00e+00	0.00e+00	0.00e+00	0.00e+00	0.00e+00
 2.92433e+12	0.00e+00	4.28e-39	8.44e-30	1.61e-21	4.45e-14	1.55e-07	1.00e+00	0.00e+00	0.00e+00	0.00e+00	0.00e+00	0.00e+00
 3.04900e+12	0.00e+00	0.00e+00	1.12e-29	2.00e-21	5.16e-14	1.68e-07	1.00e+00	0.00e+00	0.00e+00	0.00e+00	0.00e+00	0.00e+00
 3.18743e+12	0.00e+00	8.89e-39	1.52e-29	2.53e-21	6.05e-14	1.82e-07	1.00e+00	0.00e+00	0.00e+00	0.00e+00	0.00e+00	0.00e+00
 3.34485e+12	0.00e+00	0.00e+00	2.12e-29	3.27e-21	7.22e-14	1.99e-07	1.00e+00	0.00e+00	0.00e+00	0.00e+00	0.00e+00	0.00e+00
 3.50034e+12	0.00e+00	2.00e-38	2.92e-29	4.17e-21	8.53e-14	2.17e-07	1.00e+00	0.00e+00	0.00e+00	0.00e+00	0.00e+00	0.00e+00
 3.66204e+12	0.00e+00	0.00e+00	4.02e-29	5.32e-21	1.01e-13	2.36e-07	1.00e+00	0.00e+00	0.00e+00	0.00e+00	0.00e+00	0.00e+00
 3.83845e+12	0.00e+00	4.49e-38	5.62e-29	6.89e-21	1.21e-13	2.59e-07	1.00e+00	0.00e+00	0.00e+00	0.00e+00	0.00e+00	0.00e+00
 4.01630e+12	0.00e+00	0.00e+00	7.78e-29	8.84e-21	1.44e-13	2.83e-07	1.00e+00	0.00e+00	0.00e+00	0.00e+00	0.00e+00	0.00e+00
 4.20126e+12	0.00e+00	1.00e-37	1.08e-28	1.14e-20	1.71e-13	3.10e-07	1.00e+00	0.00e+00	0.00e+00	0.00e+00	0.00e+00	0.00e+00
 4.39198e+12	0.00e+00	0.00e+00	1.49e-28	1.46e-20	2.03e-13	3.39e-07	1.00e+00	0.00e+00	0.00e+00	0.00e+00	0.00e+00	0.00e+00
 4.57877e+12	0.00e+00	2.18e-37	2.02e-28	1.85e-20	2.40e-13	3.69e-07	1.00e+00	0.00e+00	0.00e+00	0.00e+00	0.00e+00	0.00e+00
 4.78028e+12	0.00e+00	0.00e+00	2.77e-28	2.36e-20	2.84e-13	4.04e-07	1.00e+00	0.00e+00	0.00e+00	0.00e+00	0.00e+00	0.00e+00
 5.00142e+12	0.00e+00	4.86e-37	3.87e-28	3.06e-20	3.41e-13	4.44e-07	1.00e+00	0.00e+00	0.00e+00	0.00e+00	0.00e+00	0.00e+00
 5.23140e+12	0.00e+00	0.00e+00	5.41e-28	3.96e-20	4.10e-13	4.88e-07	1.00e+00	0.00e+00	0.00e+00	0.00e+00	0.00e+00	0.00e+00
 5.47059e+12	0.00e+00	1.10e-36	7.54e-28	5.13e-20	4.92e-13	5.38e-07	1.00e+00	0.00e+00	0.00e+00	0.00e+00	0.00e+00	0.00e+00
 5.71934e+12	0.00e+00	0.00e+00	1.05e-27	6.65e-20	5.91e-13	5.92e-07	1.00e+00	0.00e+00	0.00e+00	0.00e+00	0.00e+00	0.00e+00
 5.94410e+12	0.00e+00	2.35e-36	1.40e-27	8.33e-20	6.94e-13	6.45e-07	1.00e+00	0.00e+00	0.00e+00	0.00e+00	0.00e+00	0.00e+00
 6.13099e+12	9.99e-46	3.11e-36	1.77e-27	9.99e-20	7.90e-13	6.90e-07	1.00e+00	0.00e+00	0.00e+00	0.00e+00	0.00e+00	0.00e+00
 6.33558e+12	0.00e+00	0.00e+00	2.26e-27	1.21e-19	9.07e-13	7.43e-07	1.00e+00	0.00e+00	0.00e+00	0.00e+00	0.00e+00	0.00e+00
 6.59520e+12	0.00e+00	6.04e-36	3.05e-27	1.53e-19	1.07e-12	8.13e-07	1.00e+00	0.00e+00	0.00e+00	0.00e+00	0.00e+00	0.00e+00
 6.86629e+12	3.40e-45	8.70e-36	4.11e-27	1.94e-19	1.27e-12	8.90e-07	1.00e+00	0.00e+00	0.00e+00	0.00e+00	0.00e+00	0.00e+00
 7.09592e+12	0.00e+00	0.00e+00	5.26e-27	2.36e-19	1.47e-12	9.60e-07	1.00e+00	0.00e+00	0.00e+00	0.00e+00	0.00e+00	0.00e+00
 7.33171e+12	0.00e+00	1.57e-35	6.70e-27	2.86e-19	1.69e-12	1.03e-06	1.00e+00	0.00e+00	0.00e+00	0.00e+00	0.00e+00	0.00e+00
 7.62925e+12	1.05e-44	2.24e-35	9.00e-27	3.62e-19	2.00e-12	1.13e-06	1.00e+00	0.00e+00	0.00e+00	0.00e+00	0.00e+00	0.00e+00
 7.93178e+12	0.00e+00	0.00e+00	1.20e-26	4.55e-19	2.36e-12	1.24e-06	1.00e+00	0.00e+00	0.00e+00	0.00e+00	0.00e+00	0.00e+00
 8.19052e+12	0.00e+00	4.21e-35	1.52e-26	5.49e-19	2.71e-12	1.34e-06	1.00e+00	0.00e+00	0.00e+00	0.00e+00	0.00e+00	0.00e+00
 8.46762e+12	3.13e-44	5.64e-35	1.94e-26	6.68e-19	3.12e-12	1.44e-06	1.00e+00	0.00e+00	0.00e+00	0.00e+00	0.00e+00	0.00e+00
 8.81168e+12	0.00e+00	8.00e-35	2.60e-26	8.43e-19	3.70e-12	1.58e-06	1.00e+00	0.00e+00	0.00e+00	0.00e+00	0.00e+00	0.00e+00
 9.16492e+12	7.08e-44	1.13e-34	3.46e-26	1.06e-18	4.38e-12	1.74e-06	1.00e+00	0.00e+00	0.00e+00	0.00e+00	0.00e+00	0.00e+00
 9.48175e+12	0.00e+00	1.51e-34	4.42e-26	1.29e-18	5.06e-12	1.88e-06	1.00e+00	0.00e+00	0.00e+00	0.00e+00	0.00e+00	0.00e+00
 9.82913e+12	1.44e-43	2.06e-34	5.73e-26	1.59e-18	5.90e-12	2.04e-06	1.00e+00	0.00e+00	0.00e+00	0.00e+00	0.00e+00	0.00e+00
 1.02410e+13	0.00e+00	2.92e-34	7.70e-26	2.02e-18	7.02e-12	2.25e-06	1.00e+00	0.00e+00	0.00e+00	0.00e+00	0.00e+00	0.00e+00
 1.06541e+13	3.24e-43	4.09e-34	1.02e-25	2.54e-18	8.30e-12	2.47e-06	1.00e+00	0.00e+00	0.00e+00	0.00e+00	0.00e+00	0.00e+00
 1.10448e+13	0.00e+00	5.55e-34	1.32e-25	3.13e-18	9.66e-12	2.69e-06	1.00e+00	0.00e+00	0.00e+00	0.00e+00	0.00e+00	0.00e+00
 1.14775e+13	6.78e-43	7.68e-34	1.74e-25	3.91e-18	1.14e-11	2.94e-06	1.00e+00	0.00e+00	0.00e+00	0.00e+00	0.00e+00	0.00e+00
 1.19666e+13	0.00e+00	1.09e-33	2.34e-25	4.97e-18	1.35e-11	3.24e-06	1.00e+00	0.00e+00	0.00e+00	0.00e+00	0.00e+00	0.00e+00
 1.24537e+13	1.51e-42	1.52e-33	3.10e-25	6.25e-18	1.60e-11	3.55e-06	1.00e+00	0.00e+00	0.00e+00	0.00e+00	0.00e+00	0.00e+00
 1.28831e+13	0.00e+00	2.02e-33	3.93e-25	7.59e-18	1.84e-11	3.85e-06	1.00e+00	0.00e+00	0.00e+00	0.00e+00	0.00e+00	0.00e+00
 1.32610e+13	2.78e-42	2.57e-33	4.82e-25	8.96e-18	2.08e-11	4.11e-06	1.00e+00	0.00e+00	0.00e+00	0.00e+00	0.00e+00	0.00e+00
 1.36892e+13	0.00e+00	3.34e-33	6.03e-25	1.07e-17	2.37e-11	4.42e-06	1.00e+00	0.00e+00	0.00e+00	0.00e+00	0.00e+00	0.00e+00
 1.41664e+13	5.26e-42	4.44e-33	7.68e-25	1.31e-17	2.73e-11	4.79e-06	1.00e+00	0.00e+00	0.00e+00	0.00e+00	0.00e+00	0.00e+00
 1.46146e+13	0.00e+00	5.74e-33	9.55e-25	1.56e-17	3.10e-11	5.15e-06	1.00e+00	0.00e+00	0.00e+00	0.00e+00	0.00e+00	0.00e+00
 1.51043e+13	9.74e-42	7.53e-33	1.20e-24	1.88e-17	3.55e-11	5.55e-06	1.00e+00	0.00e+00	0.00e+00	0.00e+00	0.00e+00	0.00e+00
 1.56516e+13	0.00e+00	1.01e-32	1.54e-24	2.31e-17	4.11e-11	6.03e-06	1.00e+00	0.00e+00	0.00e+00	0.00e+00	0.00e+00	0.00e+00
 1.61682e+13	1.87e-41	1.32e-32	1.94e-24	2.78e-17	4.69e-11	6.49e-06	1.00e+00	0.00e+00	0.00e+00	0.00e+00	0.00e+00	0.00e+00
 1.67342e+13	0.00e+00	1.75e-32	2.47e-24	3.38e-17	5.40e-11	7.03e-06	1.00e+00	0.00e+00	0.00e+00	0.00e+00	0.00e+00	0.00e+00
 1.73674e+13	3.70e-41	2.38e-32	3.20e-24	4.18e-17	6.28e-11	7.65e-06	1.00e+00	0.00e+00	0.00e+00	0.00e+00	0.00e+00	0.00e+00
 1.79671e+13	0.00e+00	3.14e-32	4.06e-24	5.07e-17	7.21e-11	8.27e-06	1.00e+00	0.00e+00	0.00e+00	0.00e+00	0.00e+00	0.00e+00
 1.85224e+13	6.82e-41	4.03e-32	5.03e-24	6.03e-17	8.15e-11	8.86e-06	1.00e+00	0.00e+00	0.00e+00	0.00e+00	0.00e+00	0.00e+00
 1.91413e+13	0.00e+00	5.29e-32	6.33e-24	7.27e-17	9.31e-11	9.55e-06	1.00e+00	0.00e+00	0.00e+00	0.00e+00	0.00e+00	0.00e+00
 1.98352e+13	1.31e-40	7.08e-32	8.13e-24	8.91e-17	1.08e-10	1.04e-05	1.00e+00	0.00e+00	0.00e+00	0.00e+00	0.00e+00	0.00e+00
 2.04898e+13	0.00e+00	9.25e-32	1.02e-23	1.07e-16	1.23e-10	1.11e-05	1.00e+00	0.00e+00	0.00e+00	0.00e+00	0.00e+00	0.00e+00
 2.12042e+13	2.47e-40	1.23e-31	1.30e-23	1.31e-16	1.41e-10	1.20e-05	1.00e+00	0.00e+00	0.00e+00	0.00e+00	0.00e+00	0.00e+00
 2.19943e+13	0.00e+00	1.66e-31	1.68e-23	1.61e-16	1.63e-10	1.31e-05	1.00e+00	0.00e+00	0.00e+00	0.00e+00	0.00e+00	0.00e+00
 2.27261e+13	4.79e-40	2.18e-31	2.12e-23	1.94e-16	1.86e-10	1.41e-05	1.00e+00	0.00e+00	0.00e+00	0.00e+00	0.00e+00	0.00e+00
 2.35207e+13	0.00e+00	2.90e-31	2.71e-23	2.36e-16	2.13e-10	1.52e-05	1.00e+00	0.00e+00	0.00e+00	0.00e+00	0.00e+00	0.00e+00
 2.44091e+13	9.49e-40	3.94e-31	3.52e-23	2.92e-16	2.47e-10	1.65e-05	1.00e+00	0.00e+00	0.00e+00	0.00e+00	0.00e+00	0.00e+00
 2.52469e+13	0.00e+00	5.23e-31	4.47e-23	3.55e-16	2.83e-10	1.78e-05	1.00e+00	0.00e+00	0.00e+00	0.00e+00	0.00e+00	0.00e+00
 2.61632e+13	1.86e-39	7.06e-31	5.77e-23	4.36e-16	3.26e-10	1.93e-05	1.00e+00	0.00e+00	0.00e+00	0.00e+00	0.00e+00	0.00e+00
 2.71859e+13	0.00e+00	9.73e-31	7.59e-23	5.43e-16	3.79e-10	2.10e-05	1.00e+00	0.00e+00	0.00e+00	0.00e+00	0.00e+00	0.00e+00
 2.81490e+13	3.78e-39	1.31e-30	9.75e-23	6.64e-16	4.35e-10	2.27e-05	1.00e+00	0.00e+00	0.00e+00	0.00e+00	0.00e+00	0.00e+00
 2.91944e+13	0.00e+00	1.78e-30	1.27e-22	8.19e-16	5.03e-10	2.46e-05	1.00e+00	0.00e+00	0.00e+00	0.00e+00	0.00e+00	0.00e+00
 3.03671e+13	7.96e-39	2.49e-30	1.68e-22	1.03e-15	5.88e-10	2.69e-05	1.00e+00	0.00e+00	0.00e+00	0.00e+00	0.00e+00	0.00e+00
 3.14966e+13	0.00e+00	3.41e-30	2.20e-22	1.27e-15	6.79e-10	2.91e-05	1.00e+00	0.00e+00	0.00e+00	0.00e+00	0.00e+00	0.00e+00
 3.26962e+13	1.66e-38	4.71e-30	2.88e-22	1.58e-15	7.88e-10	3.16e-05	1.00e+00	0.00e+00	0.00e+00	0.00e+00	0.00e+00	0.00e+00
 3.40340e+13	0.00e+00	6.66e-30	3.86e-22	1.99e-15	9.23e-10	3.45e-05	1.00e+00	0.00e+00	0.00e+00	0.00e+00	0.00e+00	0.00e+00
 3.53812e+13	3.67e-38	9.35e-30	5.14e-22	2.49e-15	1.08e-09	3.76e-05	1.00e+00	0.00e+00	0.00e+00	0.00e+00	0.00e+00	0.00e+00
 3.67822e+13	0.00e+00	1.32e-29	6.86e-22	3.13e-15	1.25e-09	4.08e-05	1.00e+00	0.00e+00	0.00e+00	0.00e+00	0.00e+00	0.00e+00
 3.82835e+13	8.19e-38	1.87e-29	9.19e-22	3.95e-15	1.47e-09	4.45e-05	1.00e+00	0.00e+00	0.00e+00	0.00e+00	0.00e+00	0.00e+00
 3.96969e+13	0.00e+00	2.59e-29	1.21e-21	4.88e-15	1.69e-09	4.81e-05	1.00e+00	0.00e+00	0.00e+00	0.00e+00	0.00e+00	0.00e+00
 4.09725e+13	1.67e-37	3.44e-29	1.53e-21	5.87e-15	1.92e-09	5.15e-05	1.00e+00	0.00e+00	0.00e+00	0.00e+00	0.00e+00	0.00e+00
 4.21855e+13	0.00e+00	4.47e-29	1.90e-21	6.96e-15	2.15e-09	5.48e-05	1.00e+00	0.00e+00	0.00e+00	0.00e+00	0.00e+00	0.00e+00
 4.35324e+13	3.16e-37	5.95e-29	2.41e-21	8.36e-15	2.44e-09	5.85e-05	1.00e+00	0.00e+00	0.00e+00	0.00e+00	0.00e+00	0.00e+00
 4.50387e+13	0.00e+00	8.12e-29	3.11e-21	1.02e-14	2.78e-09	6.29e-05	1.00e+00	0.00e+00	0.00e+00	0.00e+00	0.00e+00	0.00e+00
 4.64629e+13	6.32e-37	1.08e-28	3.93e-21	1.23e-14	3.15e-09	6.72e-05	1.00e+00	0.00e+00	0.00e+00	0.00e+00	0.00e+00	0.00e+00
 4.80251e+13	0.00e+00	1.46e-28	5.06e-21	1.49e-14	3.59e-09	7.20e-05	1.00e+00	0.00e+00	0.00e+00	0.00e+00	0.00e+00	0.00e+00
 4.97414e+13	1.33e-36	2.02e-28	6.61e-21	1.83e-14	4.12e-09	7.75e-05	1.00e+00	0.00e+00	0.00e+00	0.00e+00	0.00e+00	0.00e+00
 5.13187e+13	0.00e+00	2.70e-28	8.38e-21	2.20e-14	4.66e-09	8.27e-05	1.00e+00	0.00e+00	0.00e+00	0.00e+00	0.00e+00	0.00e+00
 5.30300e+13	2.66e-36	3.66e-28	1.08e-20	2.67e-14	5.30e-09	8.85e-05	1.00e+00	0.00e+00	0.00e+00	0.00e+00	0.00e+00	0.00e+00
 5.49391e+13	0.00e+00	5.10e-28	1.41e-20	3.28e-14	6.10e-09	9.53e-05	1.00e+00	0.00e+00	0.00e+00	0.00e+00	0.00e+00	0.00e+00
 5.67349e+13	5.60e-36	6.90e-28	1.81e-20	3.97e-14	6.92e-09	1.02e-04	1.00e+00	0.00e+00	0.00e+00	0.00e+00	0.00e+00	0.00e+00
 5.86990e+13	0.00e+00	9.53e-28	2.36e-20	4.85e-14	7.92e-09	1.09e-04	1.00e+00	0.00e+00	0.00e+00	0.00e+00	0.00e+00	0.00e+00
 6.08840e+13	1.24e-35	1.35e-27	3.13e-20	6.02e-14	9.14e-09	1.18e-04	1.00e+00	0.00e+00	0.00e+00	0.00e+00	0.00e+00	0.00e+00
 6.29322e+13	0.00e+00	1.85e-27	4.04e-20	7.32e-14	1.04e-08	1.26e-04	1.00e+00	0.00e+00	0.00e+00	0.00e+00	0.00e+00	0.00e+00
 6.51707e+13	2.67e-35	2.58e-27	5.30e-20	9.00e-14	1.20e-08	1.35e-04	1.00e+00	0.00e+00	0.00e+00	0.00e+00	0.00e+00	0.00e+00
 6.76685e+13	4.11e-35	3.71e-27	7.11e-20	1.12e-13	1.39e-08	1.46e-04	1.00e+00	0.00e+00	0.00e+00	0.00e+00	0.00e+00	0.00e+00
 7.00249e+13	6.08e-35	5.16e-27	9.29e-20	1.38e-13	1.59e-08	1.56e-04	1.00e+00	0.00e+00	0.00e+00	0.00e+00	0.00e+00	0.00e+00
 7.25867e+13	9.22e-35	7.31e-27	1.23e-19	1.70e-13	1.83e-08	1.68e-04	1.00e+00	0.00e+00	0.00e+00	0.00e+00	0.00e+00	0.00e+00
 7.54475e+13	1.44e-34	1.07e-26	1.67e-19	2.14e-13	2.13e-08	1.81e-04	1.00e+00	0.00e+00	0.00e+00	0.00e+00	0.00e+00	0.00e+00
 7.81943e+13	2.19e-34	1.51e-26	2.21e-19	2.65e-13	2.46e-08	1.95e-04	1.00e+00	0.00e+00	0.00e+00	0.00e+00	0.00e+00	0.00e+00
 8.11236e+13	3.37e-34	2.17e-26	2.96e-19	3.29e-13	2.84e-08	2.10e-04	1.00e+00	0.00e+00	0.00e+00	0.00e+00	0.00e+00	0.00e+00
 8.43985e+13	5.37e-34	3.20e-26	4.04e-19	4.17e-13	3.32e-08	2.27e-04	1.00e+00	0.00e+00	0.00e+00	0.00e+00	0.00e+00	0.00e+00
 8.76740e+13	8.41e-34	4.65e-26	5.46e-19	5.22e-13	3.87e-08	2.45e-04	1.00e+00	0.00e+00	0.00e+00	0.00e+00	0.00e+00	0.00e+00
 9.10804e+13	1.32e-33	6.77e-26	7.39e-19	6.55e-13	4.50e-08	2.64e-04	1.00e+00	0.00e+00	0.00e+00	0.00e+00	0.00e+00	0.00e+00
 9.47536e+13	2.11e-33	1.00e-25	1.01e-18	8.29e-13	5.26e-08	2.85e-04	1.00e+00	0.00e+00	0.00e+00	0.00e+00	0.00e+00	0.00e+00
 9.85737e+13	3.37e-33	1.48e-25	1.38e-18	1.05e-12	6.15e-08	3.08e-04	1.00e+00	0.00e+00	0.00e+00	0.00e+00	0.00e+00	0.00e+00
 1.02547e+14	5.40e-33	2.19e-25	1.89e-18	1.33e-12	7.19e-08	3.33e-04	1.00e+00	0.00e+00	0.00e+00	0.00e+00	0.00e+00	0.00e+00
 1.06401e+14	8.37e-33	3.16e-25	2.54e-18	1.65e-12	8.32e-08	3.58e-04	1.00e+00	0.00e+00	0.00e+00	0.00e+00	0.00e+00	0.00e+00
 1.10037e+14	1.25e-32	4.40e-25	3.32e-18	2.02e-12	9.51e-08	3.83e-04	1.00e+00	0.00e+00	0.00e+00	0.00e+00	0.00e+00	0.00e+00
 1.13470e+14	1.80e-32	5.97e-25	4.24e-18	2.42e-12	1.07e-07	4.07e-04	1.00e+00	0.00e+00	0.00e+00	0.00e+00	0.00e+00	0.00e+00
 1.17207e+14	2.65e-32	8.24e-25	5.49e-18	2.94e-12	1.22e-07	4.33e-04	1.00e+00	0.00e+00	0.00e+00	0.00e+00	0.00e+00	0.00e+00
 1.21371e+14	4.02e-32	1.17e-24	7.25e-18	3.62e-12	1.40e-07	4.64e-04	1.00e+00	0.00e+00	0.00e+00	0.00e+00	0.00e+00	0.00e+00
 1.25299e+14	5.81e-32	1.59e-24	9.33e-18	4.37e-12	1.59e-07	4.94e-04	1.00e+00	0.00e+00	0.00e+00	0.00e+00	0.00e+00	0.00e+00
 1.29615e+14	8.72e-32	2.23e-24	1.22e-17	5.35e-12	1.82e-07	5.28e-04	9.99e-01	0.00e+00	0.00e+00	0.00e+00	0.00e+00	0.00e+00
 1.34473e+14	1.36e-31	3.22e-24	1.64e-17	6.66e-12	2.11e-07	5.68e-04	9.99e-01	0.00e+00	0.00e+00	0.00e+00	0.00e+00	0.00e+00
 1.39118e+14	2.03e-31	4.49e-24	2.15e-17	8.15e-12	2.41e-07	6.07e-04	9.99e-01	0.00e+00	0.00e+00	0.00e+00	0.00e+00	0.00e+00
 1.44186e+14	3.06e-31	6.35e-24	2.85e-17	1.01e-11	2.78e-07	6.52e-04	9.99e-01	0.00e+00	0.00e+00	0.00e+00	0.00e+00	0.00e+00
 1.49845e+14	4.87e-31	9.35e-24	3.88e-17	1.27e-11	3.23e-07	7.03e-04	9.99e-01	0.00e+00	0.00e+00	0.00e+00	0.00e+00	0.00e+00
 1.55335e+14	7.29e-31	1.32e-23	5.14e-17	1.57e-11	3.73e-07	7.56e-04	9.99e-01	0.00e+00	0.00e+00	0.00e+00	0.00e+00	0.00e+00
 1.61183e+14	1.13e-30	1.90e-23	6.91e-17	1.96e-11	4.32e-07	8.13e-04	9.99e-01	0.00e+00	0.00e+00	0.00e+00	0.00e+00	0.00e+00
 1.67139e+14	1.72e-30	2.70e-23	9.20e-17	2.43e-11	4.99e-07	8.74e-04	9.99e-01	0.00e+00	0.00e+00	0.00e+00	0.00e+00	0.00e+00
 1.72396e+14	2.50e-30	3.68e-23	1.18e-16	2.92e-11	5.64e-07	9.29e-04	9.99e-01	0.00e+00	0.00e+00	0.00e+00	0.00e+00	0.00e+00
 1.78093e+14	3.61e-30	5.02e-23	1.52e-16	3.55e-11	6.42e-07	9.92e-04	9.99e-01	0.00e+00	0.00e+00	0.00e+00	0.00e+00	0.00e+00
 1.84954e+14	5.58e-30	7.24e-23	2.05e-16	4.45e-11	7.46e-07	1.07e-03	9.99e-01	0.00e+00	0.00e+00	0.00e+00	0.00e+00	0.00e+00
 1.91759e+14	8.43e-30	1.03e-22	2.73e-16	5.51e-11	8.61e-07	1.15e-03	9.99e-01	0.00e+00	0.00e+00	0.00e+00	0.00e+00	0.00e+00
 1.97829e+14	1.21e-29	1.39e-22	3.50e-16	6.64e-11	9.74e-07	1.22e-03	9.99e-01	0.00e+00	0.00e+00	0.00e+00	0.00e+00	0.00e+00
 2.04516e+14	1.80e-29	1.93e-22	4.56e-16	8.09e-11	1.11e-06	1.31e-03	9.99e-01	0.00e+00	0.00e+00	0.00e+00	0.00e+00	0.00e+00
 2.12476e+14	2.75e-29	2.77e-22	6.16e-16	1.02e-10	1.29e-06	1.41e-03	9.99e-01	0.00e+00	0.00e+00	0.00e+00	0.00e+00	0.00e+00
 2.20353e+14	4.22e-29	3.97e-22	8.22e-16	1.26e-10	1.50e-06	1.52e-03	9.98e-01	0.00e+00	0.00e+00	0.00e+00	0.00e+00	0.00e+00
 2.27545e+14	5.99e-29	5.36e-22	1.06e-15	1.53e-10	1.70e-06	1.62e-03	9.98e-01	0.00e+00	0.00e+00	0.00e+00	0.00e+00	0.00e+00
 2.35587e+14	8.93e-29	7.50e-22	1.39e-15	1.88e-10	1.95e-06	1.74e-03	9.98e-01	0.00e+00	0.00e+00	0.00e+00	0.00e+00	0.00e+00
 2.44950e+14	1.38e-28	1.09e-21	1.90e-15	2.37e-10	2.28e-06	1.88e-03	9.98e-01	0.00e+00	0.00e+00	0.00e+00	0.00e+00	0.00e+00
 2.54126e+14	2.14e-28	1.57e-21	2.54e-15	2.95e-10	2.64e-06	2.02e-03	9.98e-01	0.00e+00	0.00e+00	0.00e+00	0.00e+00	0.00e+00
 2.62773e+14	3.06e-28	2.13e-21	3.30e-15	3.60e-10	3.01e-06	2.17e-03	9.98e-01	0.00e+00	0.00e+00	0.00e+00	0.00e+00	0.00e+00
 2.72417e+14	4.61e-28	3.01e-21	4.39e-15	4.47e-10	3.47e-06	2.33e-03	9.98e-01	0.00e+00	0.00e+00	0.00e+00	0.00e+00	0.00e+00
 2.83344e+14	7.29e-28	4.42e-21	6.00e-15	5.65e-10	4.06e-06	2.52e-03	9.97e-01	0.00e+00	0.00e+00	0.00e+00	0.00e+00	0.00e+00
 2.94248e+14	1.09e-27	6.26e-21	8.08e-15	7.08e-10	4.72e-06	2.72e-03	9.97e-01	0.00e+00	0.00e+00	0.00e+00	0.00e+00	0.00e+00
 3.04413e+14	1.63e-27	8.74e-21	1.06e-14	8.66e-10	5.40e-06	2.91e-03	9.97e-01	0.00e+00	0.00e+00	0.00e+00	0.00e+00	0.00e+00
 3.15444e+14	2.37e-27	1.21e-20	1.40e-14	1.07e-09	6.22e-06	3.13e-03	9.97e-01	0.00e+00	0.00e+00	0.00e+00	0.00e+00	0.00e+00
 3.27815e+14	3.73e-27	1.77e-20	1.90e-14	1.35e-09	7.25e-06	3.38e-03	9.97e-01	0.00e+00	0.00e+00	0.00e+00	0.00e+00	0.00e+00
 3.39365e+14	5.32e-27	2.41e-20	2.49e-14	1.66e-09	8.31e-06	3.63e-03	9.96e-01	0.00e+00	0.00e+00	0.00e+00	0.00e+00	0.00e+00
 3.50021e+14	7.56e-27	3.24e-20	3.18e-14	1.99e-09	9.40e-06	3.86e-03	9.96e-01	0.00e+00	0.00e+00	0.00e+00	0.00e+00	0.00e+00
 3.60240e+14	1.06e-26	4.29e-20	3.99e-14	2.36e-09	1.05e-05	4.09e-03	9.96e-01	0.00e+00	0.00e+00	0.00e+00	0.00e+00	0.00e+00
 3.71605e+14	1.49e-26	5.75e-20	5.10e-14	2.84e-09	1.19e-05	4.36e-03	9.96e-01	0.00e+00	0.00e+00	0.00e+00	0.00e+00	0.00e+00
 3.84173e+14	2.11e-26	7.78e-20	6.63e-14	3.47e-09	1.36e-05	4.66e-03	9.95e-01	0.00e+00	0.00e+00	0.00e+00	0.00e+00	0.00e+00
 3.95835e+14	2.99e-26	1.04e-19	8.41e-14	4.14e-09	1.53e-05	4.95e-03	9.95e-01	0.00e+00	0.00e+00	0.00e+00	0.00e+00	0.00e+00
 4.08530e+14	4.16e-26	1.39e-19	1.08e-13	5.00e-09	1.74e-05	5.28e-03	9.95e-01	0.00e+00	0.00e+00	0.00e+00	0.00e+00	0.00e+00
 4.22793e+14	6.18e-26	1.94e-19	1.41e-13	6.14e-09	1.99e-05	5.65e-03	9.94e-01	0.00e+00	0.00e+00	0.00e+00	0.00e+00	0.00e+00
 4.36456e+14	8.58e-26	2.58e-19	1.81e-13	7.42e-09	2.26e-05	6.03e-03	9.94e-01	0.00e+00	0.00e+00	0.00e+00	0.00e+00	0.00e+00
 4.51578e+14	1.27e-25	3.59e-19	2.38e-13	9.09e-09	2.59e-05	6.45e-03	9.94e-01	0.00e+00	0.00e+00	0.00e+00	0.00e+00	0.00e+00
 4.68252e+14	1.84e-25	4.97e-19	3.16e-13	1.13e-08	2.99e-05	6.95e-03	9.93e-01	0.00e+00	0.00e+00	0.00e+00	0.00e+00	0.00e+00
 4.83559e+14	2.62e-25	6.71e-19	4.07e-13	1.37e-08	3.39e-05	7.41e-03	9.93e-01	0.00e+00	0.00e+00	0.00e+00	0.00e+00	0.00e+00
 5.00072e+14	3.82e-25	9.25e-19	5.31e-13	1.67e-08	3.88e-05	7.93e-03	9.92e-01	0.00e+00	0.00e+00	0.00e+00	0.00e+00	0.00e+00
 5.18577e+14	5.52e-25	1.28e-18	7.05e-13	2.07e-08	4.47e-05	8.54e-03	9.91e-01	0.00e+00	0.00e+00	0.00e+00	0.00e+00	0.00e+00
 5.35997e+14	8.08e-25	1.76e-18	9.16e-13	2.52e-08	5.10e-05	9.12e-03	9.91e-01	0.00e+00	0.00e+00	0.00e+00	0.00e+00	0.00e+00
 5.54972e+14	1.15e-24	2.40e-18	1.20e-12	3.10e-08	5.85e-05	9.80e-03	9.90e-01	0.00e+00	0.00e+00	0.00e+00	0.00e+00	0.00e+00
 5.76007e+14	1.74e-24	3.42e-18	1.61e-12	3.87e-08	6.78e-05	1.06e-02	9.89e-01	0.00e+00	0.00e+00	0.00e+00	0.00e+00	0.00e+00
 5.95659e+14	2.44e-24	4.59e-18	2.09e-12	4.72e-08	7.75e-05	1.13e-02	9.89e-01	0.00e+00	0.00e+00	0.00e+00	0.00e+00	0.00e+00
 6.17115e+14	3.57e-24	6.37e-18	2.76e-12	5.82e-08	8.91e-05	1.21e-02	9.88e-01	0.00e+00	0.00e+00	0.00e+00	0.00e+00	0.00e+00
 6.41068e+14	5.25e-24	8.95e-18	3.72e-12	7.30e-08	1.04e-04	1.31e-02	9.87e-01	0.00e+00	0.00e+00	0.00e+00	0.00e+00	0.00e+00
 6.63619e+14	7.65e-24	1.23e-17	4.87e-12	8.96e-08	1.19e-04	1.41e-02	9.86e-01	0.00e+00	0.00e+00	0.00e+00	0.00e+00	0.00e+00
 6.87833e+14	1.10e-23	1.70e-17	6.44e-12	1.11e-07	1.37e-04	1.52e-02	9.85e-01	0.00e+00	0.00e+00	0.00e+00	0.00e+00	0.00e+00
 7.15376e+14	1.69e-23	2.45e-17	8.76e-12	1.40e-07	1.60e-04	1.64e-02	9.83e-01	0.00e+00	0.00e+00	0.00e+00	0.00e+00	0.00e+00
 7.42388e+14	2.41e-23	3.38e-17	1.17e-11	1.74e-07	1.85e-04	1.77e-02	9.82e-01	0.00e+00	0.00e+00	0.00e+00	0.00e+00	0.00e+00
 7.68178e+14	3.49e-23	4.64e-17	1.52e-11	2.14e-07	2.11e-04	1.90e-02	9.81e-01	0.00e+00	0.00e+00	0.00e+00	0.00e+00	0.00e+00
 7.96632e+14	4.98e-23	6.37e-17	2.01e-11	2.65e-07	2.44e-04	2.05e-02	9.79e-01	0.00e+00	0.00e+00	0.00e+00	0.00e+00	0.00e+00
 8.28527e+14	7.49e-23	9.10e-17	2.73e-11	3.34e-07	2.85e-04	2.22e-02	9.77e-01	0.00e+00	0.00e+00	0.00e+00	0.00e+00	0.00e+00
 8.55630e+14	1.02e-22	1.20e-16	3.50e-11	4.04e-07	3.23e-04	2.38e-02	9.76e-01	0.00e+00	0.00e+00	0.00e+00	0.00e+00	0.00e+00
 8.75503e+14	1.28e-22	1.47e-16	4.18e-11	4.63e-07	3.53e-04	2.49e-02	9.75e-01	0.00e+00	0.00e+00	0.00e+00	0.00e+00	0.00e+00
 8.96276e+14	1.62e-22	1.81e-16	5.01e-11	5.32e-07	3.87e-04	2.62e-02	9.73e-01	0.00e+00	0.00e+00	0.00e+00	0.00e+00	0.00e+00
 9.23280e+14	2.15e-22	2.34e-16	6.29e-11	6.34e-07	4.35e-04	2.79e-02	9.72e-01	0.00e+00	0.00e+00	0.00e+00	0.00e+00	0.00e+00
 9.53068e+14	2.95e-22	3.10e-16	8.03e-11	7.65e-07	4.93e-04	2.98e-02	9.70e-01	0.00e+00	0.00e+00	0.00e+00	0.00e+00	0.00e+00
 9.80682e+14	3.93e-22	3.99e-16	1.00e-10	9.06e-07	5.51e-04	3.16e-02	9.68e-01	0.00e+00	0.00e+00	0.00e+00	0.00e+00	0.00e+00
 1.01079e+15	5.20e-22	5.16e-16	1.26e-10	1.08e-06	6.20e-04	3.37e-02	9.66e-01	0.00e+00	0.00e+00	0.00e+00	0.00e+00	0.00e+00
 1.04444e+15	7.26e-22	6.92e-16	1.62e-10	1.31e-06	7.04e-04	3.61e-02	9.63e-01	0.00e+00	0.00e+00	0.00e+00	0.00e+00	0.00e+00
 1.07648e+15	9.68e-22	8.99e-16	2.04e-10	1.57e-06	7.92e-04	3.85e-02	9.61e-01	0.00e+00	0.00e+00	0.00e+00	0.00e+00	0.00e+00
 1.11190e+15	1.32e-21	1.19e-15	2.62e-10	1.90e-06	8.98e-04	4.12e-02	9.58e-01	0.00e+00	0.00e+00	0.00e+00	0.00e+00	0.00e+00
 1.15142e+15	1.85e-21	1.62e-15	3.42e-10	2.34e-06	1.03e-03	4.44e-02	9.55e-01	0.00e+00	0.00e+00	0.00e+00	0.00e+00	0.00e+00
 1.18856e+15	2.51e-21	2.13e-15	4.37e-10	2.82e-06	1.16e-03	4.74e-02	9.51e-01	0.00e+00	0.00e+00	0.00e+00	0.00e+00	0.00e+00
 1.22914e+15	3.45e-21	2.86e-15	5.65e-10	3.43e-06	1.32e-03	5.09e-02	9.48e-01	0.00e+00	0.00e+00	0.00e+00	0.00e+00	0.00e+00
 1.27421e+15	4.86e-21	3.90e-15	7.44e-10	4.24e-06	1.52e-03	5.49e-02	9.44e-01	0.00e+00	0.00e+00	0.00e+00	0.00e+00	0.00e+00
 1.31616e+15	6.64e-21	5.19e-15	9.54e-10	5.14e-06	1.72e-03	5.89e-02	9.39e-01	0.00e+00	0.00e+00	0.00e+00	0.00e+00	0.00e+00
 1.36175e+15	9.18e-21	6.99e-15	1.24e-09	6.28e-06	1.96e-03	6.32e-02	9.35e-01	0.00e+00	0.00e+00	0.00e+00	0.00e+00	0.00e+00
 1.41253e+15	1.31e-20	9.67e-15	1.64e-09	7.79e-06	2.26e-03	6.83e-02	9.29e-01	0.00e+00	0.00e+00	0.00e+00	0.00e+00	0.00e+00
 1.45980e+15	1.79e-20	1.29e-14	2.11e-09	9.45e-06	2.56e-03	7.31e-02	9.24e-01	0.00e+00	0.00e+00	0.00e+00	0.00e+00	0.00e+00
 1.51099e+15	2.51e-20	1.76e-14	2.75e-09	1.16e-05	2.92e-03	7.87e-02	9.18e-01	0.00e+00	0.00e+00	0.00e+00	0.00e+00	0.00e+00
 1.56809e+15	3.60e-20	2.44e-14	3.66e-09	1.44e-05	3.37e-03	8.49e-02	9.12e-01	0.00e+00	0.00e+00	0.00e+00	0.00e+00	0.00e+00
 1.62178e+15	5.01e-20	3.30e-14	4.75e-09	1.75e-05	3.82e-03	9.09e-02	9.05e-01	0.00e+00	0.00e+00	0.00e+00	0.00e+00	0.00e+00
 1.68027e+15	7.07e-20	4.54e-14	6.24e-09	2.15e-05	4.37e-03	9.78e-02	8.98e-01	0.00e+00	0.00e+00	0.00e+00	0.00e+00	0.00e+00
 1.74553e+15	1.04e-19	6.43e-14	8.38e-09	2.69e-05	5.04e-03	1.06e-01	8.89e-01	0.00e+00	0.00e+00	0.00e+00	0.00e+00	0.00e+00
 1.80739e+15	1.46e-19	8.80e-14	1.10e-08	3.30e-05	5.74e-03	1.13e-01	8.81e-01	0.00e+00	0.00e+00	0.00e+00	0.00e+00	0.00e+00
 1.87371e+15	2.09e-19	1.22e-13	1.45e-08	4.06e-05	6.57e-03	1.22e-01	8.72e-01	0.00e+00	0.00e+00	0.00e+00	0.00e+00	0.00e+00
 1.94869e+15	3.12e-19	1.75e-13	1.96e-08	5.10e-05	7.60e-03	1.31e-01	8.61e-01	0.00e+00	0.00e+00	0.00e+00	0.00e+00	0.00e+00
 2.02264e+15	4.55e-19	2.47e-13	2.62e-08	6.33e-05	8.72e-03	1.41e-01	8.50e-01	0.00e+00	0.00e+00	0.00e+00	0.00e+00	0.00e+00
 2.08281e+15	6.03e-19	3.20e-13	3.28e-08	7.49e-05	9.70e-03	1.49e-01	8.41e-01	0.00e+00	0.00e+00	0.00e+00	0.00e+00	0.00e+00
 2.12954e+15	7.69e-19	3.97e-13	3.89e-08	8.51e-05	1.05e-02	1.56e-01	8.34e-01	0.00e+00	0.00e+00	0.00e+00	0.00e+00	0.00e+00
 2.18080e+15	9.84e-19	4.96e-13	4.67e-08	9.76e-05	1.15e-02	1.63e-01	8.26e-01	0.00e+00	0.00e+00	0.00e+00	0.00e+00	0.00e+00
 2.24744e+15	1.34e-18	6.57e-13	5.90e-08	1.16e-04	1.28e-02	1.72e-01	8.15e-01	0.00e+00	0.00e+00	0.00e+00	0.00e+00	0.00e+00
 2.31948e+15	1.82e-18	8.68e-13	7.52e-08	1.39e-04	1.43e-02	1.82e-01	8.04e-01	0.00e+00	0.00e+00	0.00e+00	0.00e+00	0.00e+00
 2.38446e+15	2.43e-18	1.13e-12	9.30e-08	1.62e-04	1.58e-02	1.91e-01	7.93e-01	0.00e+00	0.00e+00	0.00e+00	0.00e+00	0.00e+00
 2.45482e+15	3.29e-18	1.48e-12	1.16e-07	1.91e-04	1.75e-02	2.01e-01	7.81e-01	0.00e+00	0.00e+00	0.00e+00	0.00e+00	0.00e+00
 2.54449e+15	4.92e-18	2.10e-12	1.53e-07	2.34e-04	1.99e-02	2.14e-01	7.66e-01	0.00e+00	0.00e+00	0.00e+00	0.00e+00	0.00e+00
 2.63475e+15	6.89e-18	2.86e-12	2.00e-07	2.85e-04	2.25e-02	2.27e-01	7.50e-01	0.00e+00	0.00e+00	0.00e+00	0.00e+00	0.00e+00
 2.71010e+15	9.36e-18	3.74e-12	2.48e-07	3.33e-04	2.48e-02	2.38e-01	7.37e-01	0.00e+00	0.00e+00	0.00e+00	0.00e+00	0.00e+00
 2.79062e+15	1.28e-17	4.92e-12	3.10e-07	3.92e-04	2.74e-02	2.49e-01	7.23e-01	0.00e+00	0.00e+00	0.00e+00	0.00e+00	0.00e+00
 2.89287e+15	1.92e-17	6.99e-12	4.08e-07	4.79e-04	3.10e-02	2.64e-01	7.05e-01	0.00e+00	0.00e+00	0.00e+00	0.00e+00	0.00e+00
 3.00024e+15	2.80e-17	9.67e-12	5.37e-07	5.84e-04	3.50e-02	2.78e-01	6.86e-01	0.00e+00	0.00e+00	1.61e-17	8.51e-18	3.02e-18
 3.09617e+15	3.92e-17	1.30e-11	6.80e-07	6.93e-04	3.89e-02	2.92e-01	6.69e-01	0.00e+00	0.00e+00	2.25e-17	1.19e-17	4.20e-18
 3.20036e+15	5.59e-17	1.78e-11	8.72e-07	8.28e-04	4.33e-02	3.06e-01	6.50e-01	0.00e+00	0.00e+00	3.20e-17	1.70e-17	5.97e-18
 3.32446e+15	8.75e-17	2.59e-11	1.16e-06	1.02e-03	4.90e-02	3.22e-01	6.28e-01	0.00e+00	0.00e+00	5.02e-17	2.66e-17	9.27e-18
 3.44689e+15	1.28e-16	3.61e-11	1.51e-06	1.23e-03	5.50e-02	3.38e-01	6.06e-01	0.00e+00	0.00e+00	7.37e-17	3.90e-17	1.35e-17
 3.55789e+15	1.81e-16	4.85e-11	1.91e-06	1.45e-03	6.07e-02	3.51e-01	5.87e-01	0.00e+00	0.00e+00	1.04e-16	5.50e-17	1.90e-17
 3.68159e+15	2.55e-16	6.54e-11	2.45e-06	1.73e-03	6.75e-02	3.66e-01	5.65e-01	0.00e+00	0.00e+00	1.46e-16	7.73e-17	2.67e-17
 3.82655e+15	3.99e-16	9.52e-11	3.26e-06	2.12e-03	7.59e-02	3.82e-01	5.40e-01	0.00e+00	0.00e+00	2.30e-16	1.21e-16	4.16e-17
 3.96959e+15	5.95e-16	1.33e-10	4.24e-06	2.55e-03	8.46e-02	3.97e-01	5.16e-01	0.00e+00	0.00e+00	3.43e-16	1.81e-16	6.18e-17
 4.10413e+15	8.55e-16	1.81e-10	5.38e-06	3.01e-03	9.32e-02	4.10e-01	4.94e-01	0.00e+00	0.00e+00	4.93e-16	2.60e-16	8.86e-17
 4.25410e+15	1.22e-15	2.46e-10	6.94e-06	3.60e-03	1.03e-01	4.23e-01	4.70e-01	0.00e+00	0.00e+00	7.04e-16	3.71e-16	1.26e-16
 4.42430e+15	1.96e-15	3.61e-10	9.17e-06	4.37e-03	1.15e-01	4.37e-01	4.43e-01	0.00e+00	0.00e+00	1.13e-15	5.94e-16	2.01e-16
 4.56657e+15	2.76e-15	4.79e-10	1.14e-05	5.08e-03	1.25e-01	4.47e-01	4.22e-01	0.00e+00	0.00e+00	1.59e-15	8.37e-16	2.83e-16
 4.66820e+15	3.50e-15	5.83e-10	1.33e-05	5.64e-03	1.33e-01	4.54e-01	4.08e-01	0.00e+00	0.00e+00	2.02e-15	1.06e-15	3.58e-16
 4.77428e+15	4.46e-15	7.13e-10	1.55e-05	6.27e-03	1.41e-01	4.60e-01	3.92e-01	0.00e+00	0.00e+00	2.58e-15	1.35e-15	4.56e-16
 4.91219e+15	5.84e-15	8.99e-10	1.88e-05	7.16e-03	1.52e-01	4.68e-01	3.74e-01	0.00e+00	0.00e+00	3.37e-15	1.77e-15	5.97e-16
 5.06623e+15	8.47e-15	1.21e-09	2.33e-05	8.27e-03	1.64e-01	4.75e-01	3.53e-01	0.00e+00	0.00e+00	4.89e-15	2.57e-15	8.63e-16
 5.21020e+15	1.13e-14	1.53e-09	2.81e-05	9.39e-03	1.75e-01	4.80e-01	3.35e-01	0.00e+00	0.00e+00	6.55e-15	3.44e-15	1.15e-15
 5.36633e+15	1.51e-14	1.95e-09	3.41e-05	1.07e-02	1.88e-01	4.85e-01	3.16e-01	0.00e+00	0.00e+00	8.75e-15	4.59e-15	1.54e-15
 5.54159e+15	2.22e-14	2.64e-09	4.23e-05	1.24e-02	2.03e-01	4.90e-01	2.95e-01	0.00e+00	0.00e+00	1.29e-14	6.75e-15	2.25e-15
 5.70694e+15	3.01e-14	3.38e-09	5.12e-05	1.40e-02	2.16e-01	4.92e-01	2.77e-01	0.00e+00	0.00e+00	1.74e-14	9.14e-15	3.05e-15
 5.88715e+15	4.07e-14	4.33e-09	6.26e-05	1.61e-02	2.31e-01	4.94e-01	2.59e-01	0.00e+00	0.00e+00	2.35e-14	1.24e-14	4.11e-15
 6.08945e+15	6.09e-14	5.92e-09	7.80e-05	1.85e-02	2.49e-01	4.94e-01	2.39e-01	0.00e+00	0.00e+00	3.53e-14	1.85e-14	6.15e-15
 6.28090e+15	8.35e-14	7.62e-09	9.48e-05	2.11e-02	2.65e-01	4.93e-01	2.21e-01	0.00e+00	0.00e+00	4.83e-14	2.54e-14	8.42e-15
 6.49021e+15	1.14e-13	9.86e-09	1.16e-04	2.41e-02	2.82e-01	4.90e-01	2.03e-01	0.00e+00	0.00e+00	6.62e-14	3.47e-14	1.15e-14
 6.72038e+15	1.73e-13	1.35e-08	1.45e-04	2.77e-02	3.01e-01	4.86e-01	1.85e-01	0.00e+00	0.00e+00	1.00e-13	5.26e-14	1.74e-14
 6.93179e+15	2.40e-13	1.74e-08	1.76e-04	3.13e-02	3.18e-01	4.80e-01	1.70e-01	0.00e+00	0.00e+00	1.39e-13	7.28e-14	2.41e-14
 7.16072e+15	3.33e-13	2.26e-08	2.14e-04	3.55e-02	3.37e-01	4.73e-01	1.55e-01	0.00e+00	0.00e+00	1.93e-13	1.01e-13	3.34e-14
 7.41453e+15	4.62e-13	2.95e-08	2.64e-04	4.05e-02	3.56e-01	4.64e-01	1.39e-01	0.00e+00	0.00e+00	2.68e-13	1.40e-13	4.63e-14
 7.65313e+15	6.79e-13	3.92e-08	3.20e-04	4.56e-02	3.74e-01	4.54e-01	1.26e-01	0.00e+00	0.00e+00	3.93e-13	2.06e-13	6.79e-14
 7.91578e+15	9.51e-13	5.11e-08	3.91e-04	5.16e-02	3.93e-01	4.43e-01	1.13e-01	0.00e+00	0.00e+00	5.52e-13	2.89e-13	9.51e-14
 8.20347e+15	1.32e-12	6.65e-08	4.82e-04	5.86e-02	4.13e-01	4.29e-01	9.97e-02	0.00e+00	0.00e+00	7.68e-13	4.03e-13	1.32e-13
 8.46988e+15	1.85e-12	8.60e-08	5.81e-04	6.55e-02	4.30e-01	4.15e-01	8.89e-02	0.00e+00	0.00e+00	1.07e-12	5.62e-13	1.85e-13
 8.71666e+15	2.51e-12	1.08e-07	6.87e-04	7.24e-02	4.45e-01	4.02e-01	7.99e-02	0.00e+00	0.00e+00	1.45e-12	7.62e-13	2.50e-13
 8.99173e+15	3.45e-12	1.38e-07	8.23e-04	8.05e-02	4.61e-01	3.87e-01	7.09e-02	0.00e+00	0.00e+00	2.00e-12	1.05e-12	3.44e-13
 9.29735e+15	4.86e-12	1.80e-07	9.97e-04	8.99e-02	4.77e-01	3.70e-01	6.20e-02	0.00e+00	0.00e+00	2.82e-12	1.48e-12	4.84e-13
 9.58247e+15	6.68e-12	2.29e-07	1.19e-03	9.92e-02	4.91e-01	3.54e-01	5.47e-02	0.00e+00	0.00e+00	3.88e-12	2.03e-12	6.65e-13
 9.82713e+15	9.15e-12	2.86e-07	1.37e-03	1.08e-01	5.02e-01	3.40e-01	4.90e-02	0.00e+00	0.00e+00	5.31e-12	2.78e-12	9.10e-13
 1.00377e+16	1.14e-11	3.37e-07	1.55e-03	1.15e-01	5.10e-01	3.28e-01	4.46e-02	0.00e+00	0.00e+00	6.60e-12	3.46e-12	1.13e-12
 1.02698e+16	1.43e-11	4.03e-07	1.76e-03	1.24e-01	5.19e-01	3.15e-01	4.02e-02	0.00e+00	0.00e+00	8.31e-12	4.36e-12	1.42e-12
 1.05715e+16	1.98e-11	5.12e-07	2.08e-03	1.35e-01	5.29e-01	2.98e-01	3.50e-02	0.00e+00	0.00e+00	1.15e-11	6.03e-12	1.97e-12
 1.08805e+16	2.62e-11	6.35e-07	2.45e-03	1.48e-01	5.38e-01	2.82e-01	3.05e-02	0.00e+00	0.00e+00	1.52e-11	7.97e-12	2.60e-12
 1.11476e+16	3.29e-11	7.58e-07	2.81e-03	1.59e-01	5.44e-01	2.68e-01	2.71e-02	0.00e+00	0.00e+00	1.91e-11	1.00e-11	3.26e-12
 1.14436e+16	4.59e-11	9.62e-07	3.27e-03	1.72e-01	5.50e-01	2.52e-01	2.35e-02	0.00e+00	0.00e+00	2.67e-11	1.40e-11	4.56e-12
 1.17562e+16	6.00e-11	1.18e-06	3.81e-03	1.86e-01	5.54e-01	2.36e-01	2.04e-02	0.00e+00	0.00e+00	3.49e-11	1.83e-11	5.96e-12
 1.20384e+16	7.52e-11	1.41e-06	4.37e-03	1.99e-01	5.57e-01	2.22e-01	1.79e-02	0.00e+00	0.00e+00	4.37e-11	2.29e-11	7.46e-12
 1.23535e+16	1.06e-10	1.80e-06	5.11e-03	2.14e-01	5.58e-01	2.07e-01	1.53e-02	0.00e+00	0.00e+00	6.16e-11	3.23e-11	1.05e-11
 1.26894e+16	1.40e-10	2.22e-06	5.97e-03	2.31e-01	5.58e-01	1.92e-01	1.31e-02	0.00e+00	0.00e+00	8.11e-11	4.25e-11	1.38e-11
 1.29855e+16	1.75e-10	2.65e-06	6.84e-03	2.46e-01	5.57e-01	1.79e-01	1.14e-02	0.00e+00	0.00e+00	1.02e-10	5.33e-11	1.74e-11
 1.33038e+16	2.30e-10	3.26e-06	7.94e-03	2.63e-01	5.54e-01	1.66e-01	9.74e-03	0.00e+00	0.00e+00	1.34e-10	7.01e-11	2.28e-11
 1.36513e+16	3.35e-10	4.23e-06	9.34e-03	2.82e-01	5.49e-01	1.51e-01	8.16e-03	0.00e+00	0.00e+00	1.95e-10	1.02e-10	3.32e-11
 1.39499e+16	4.23e-10	5.08e-06	1.07e-02	2.99e-01	5.43e-01	1.40e-01	7.05e-03	0.00e+00	0.00e+00	2.46e-10	1.29e-10	4.20e-11
 1.42078e+16	5.14e-10	5.91e-06	1.20e-02	3.14e-01	5.37e-01	1.31e-01	6.19e-03	0.00e+00	0.00e+00	2.99e-10	1.57e-10	5.10e-11
 1.44999e+16	6.61e-10	7.15e-06	1.37e-02	3.31e-01	5.29e-01	1.21e-01	5.31e-03	0.00e+00	0.00e+00	3.84e-10	2.02e-10	6.56e-11
 1.48213e+16	9.49e-10	9.19e-06	1.60e-02	3.51e-01	5.19e-01	1.10e-01	4.45e-03	0.00e+00	0.00e+00	5.52e-10	2.89e-10	9.43e-11
 1.51030e+16	1.19e-09	1.09e-05	1.82e-02	3.69e-01	5.08e-01	1.01e-01	3.84e-03	0.00e+00	0.00e+00	6.92e-10	3.63e-10	1.18e-10
 1.53518e+16	1.44e-09	1.27e-05	2.05e-02	3.84e-01	4.98e-01	9.35e-02	3.35e-03	0.00e+00	0.00e+00	8.40e-10	4.40e-10	1.43e-10
 1.56353e+16	2.03e-09	1.62e-05	2.36e-02	4.03e-01	4.86e-01	8.49e-02	2.83e-03	0.00e+00	0.00e+00	1.18e-09	6.21e-10	2.02e-10
 1.59325e+16	2.49e-09	1.91e-05	2.72e-02	4.22e-01	4.71e-01	7.71e-02	2.40e-03	0.00e+00	0.00e+00	1.45e-09	7.59e-10	2.47e-10
 1.61929e+16	3.50e-09	2.42e-05	3.11e-02	4.40e-01	4.57e-01	7.00e-02	2.03e-03	0.00e+00	0.00e+00	2.04e-09	1.07e-09	3.48e-10
 1.63992e+16	4.27e-09	2.81e-05	3.45e-02	4.53e-01	4.45e-01	6.50e-02	1.80e-03	0.00e+00	0.00e+00	2.48e-09	1.30e-09	4.24e-10
 1.65898e+16	5.26e-09	3.27e-05	3.83e-02	4.66e-01	4.33e-01	6.03e-02	1.59e-03	0.00e+00	0.00e+00	3.06e-09	1.60e-09	5.23e-10
 1.68375e+16	6.39e-09	3.84e-05	4.37e-02	4.83e-01	4.17e-01	5.46e-02	1.35e-03	0.00e+00	0.00e+00	3.72e-09	1.95e-09	6.36e-10
 1.71114e+16	9.14e-09	4.97e-05	5.11e-02	5.01e-01	3.98e-01	4.85e-02	1.12e-03	0.00e+00	0.00e+00	5.32e-09	2.79e-09	9.10e-10
 1.73480e+16	1.15e-08	5.93e-05	5.85e-02	5.17e-01	3.80e-01	4.36e-02	9.46e-04	0.00e+00	0.00e+00	6.67e-09	3.50e-09	1.14e-09
 1.75458e+16	1.46e-08	7.11e-05	6.60e-02	5.29e-01	3.64e-01	3.96e-02	8.14e-04	0.00e+00	0.00e+00	8.51e-09	4.47e-09	1.46e-09
 1.77287e+16	1.86e-08	8.48e-05	7.41e-02	5.40e-01	3.49e-01	3.60e-02	7.04e-04	0.00e+00	0.00e+00	1.08e-08	5.68e-09	1.85e-09
 1.79021e+16	2.49e-08	1.04e-04	8.34e-02	5.50e-01	3.33e-01	3.26e-02	6.05e-04	0.00e+00	0.00e+00	1.45e-08	7.60e-09	2.48e-09
 1.80611e+16	2.96e-08	1.19e-04	9.27e-02	5.59e-01	3.18e-01	2.98e-02	5.29e-04	0.00e+00	0.00e+00	1.72e-08	9.05e-09	2.95e-09
 1.82300e+16	3.76e-08	1.43e-04	1.05e-01	5.67e-01	3.01e-01	2.67e-02	4.51e-04	0.00e+00	0.00e+00	2.19e-08	1.15e-08	3.75e-09
 1.84497e+16	5.84e-08	1.94e-04	1.24e-01	5.75e-01	2.77e-01	2.28e-02	3.56e-04	0.00e+00	0.00e+00	3.40e-08	1.78e-08	5.83e-09
 1.86546e+16	8.13e-08	2.47e-04	1.46e-01	5.80e-01	2.54e-01	1.95e-02	2.85e-04	0.00e+00	0.00e+00	4.73e-08	2.48e-08	8.12e-09
 1.87935e+16	1.04e-07	2.95e-04	1.64e-01	5.81e-01	2.38e-01	1.73e-02	2.41e-04	0.00e+00	0.00e+00	6.02e-08	3.17e-08	1.03e-08
 1.89270e+16	1.34e-07	3.56e-04	1.84e-01	5.80e-01	2.20e-01	1.52e-02	2.02e-04	0.00e+00	0.00e+00	7.79e-08	4.09e-08	1.34e-08
 1.90750e+16	1.79e-07	4.41e-04	2.11e-01	5.75e-01	2.00e-01	1.30e-02	1.63e-04	0.00e+00	0.00e+00	1.04e-07	5.47e-08	1.79e-08
 1.92074e+16	2.28e-07	5.29e-04	2.38e-01	5.68e-01	1.82e-01	1.12e-02	1.33e-04	0.00e+00	0.00e+00	1.33e-07	6.97e-08	2.28e-08
 1.93206e+16	2.75e-07	6.12e-04	2.66e-01	5.58e-01	1.66e-01	9.70e-03	1.10e-04	0.00e+00	0.00e+00	1.60e-07	8.42e-08	2.76e-08
 1.94432e+16	3.60e-07	7.46e-04	3.01e-01	5.44e-01	1.47e-01	8.08e-03	8.66e-05	0.00e+00	0.00e+00	2.09e-07	1.10e-07	3.61e-08
 1.95697e+16	5.20e-07	9.62e-04	3.43e-01	5.22e-01	1.27e-01	6.52e-03	6.52e-05	0.00e+00	0.00e+00	3.03e-07	1.59e-07	5.22e-08
 1.96505e+16	6.39e-07	1.11e-03	3.73e-01	5.05e-01	1.15e-01	5.63e-03	5.39e-05	0.00e+00	0.00e+00	3.72e-07	1.96e-07	6.42e-08
 1.96922e+16	7.08e-07	1.19e-03	3.89e-01	4.96e-01	1.09e-01	5.18e-03	4.84e-05	0.00e+00	0.00e+00	4.12e-07	2.17e-07	7.12e-08
 1.97335e+16	7.88e-07	1.29e-03	4.07e-01	4.85e-01	1.02e-01	4.73e-03	4.31e-05	0.00e+00	0.00e+00	4.59e-07	2.41e-07	7.93e-08
 1.97872e+16	8.69e-07	1.39e-03	4.30e-01	4.71e-01	9.35e-02	4.20e-03	3.72e-05	0.00e+00	0.00e+00	5.06e-07	2.66e-07	8.74e-08
 1.98570e+16	1.08e-06	1.61e-03	4.64e-01	4.49e-01	8.26e-02	3.52e-03	2.97e-05	0.00e+00	0.00e+00	6.30e-07	3.32e-07	1.09e-07
 1.99243e+16	1.28e-06	1.82e-03	4.96e-01	4.27e-01	7.29e-02	2.96e-03	2.39e-05	0.00e+00	0.00e+00	7.47e-07	3.94e-07	1.29e-07
 1.99758e+16	1.47e-06	2.00e-03	5.22e-01	4.08e-01	6.55e-02	2.55e-03	1.99e-05	0.00e+00	0.00e+00	8.57e-07	4.52e-07	1.49e-07
 2.00307e+16	1.65e-06	2.17e-03	5.51e-01	3.87e-01	5.78e-02	2.16e-03	1.62e-05	0.00e+00	0.00e+00	9.62e-07	5.07e-07	1.67e-07
 2.01020e+16	2.09e-06	2.53e-03	5.90e-01	3.57e-01	4.83e-02	1.68e-03	1.18e-05	0.00e+00	0.00e+00	1.22e-06	6.42e-07	2.12e-07
 2.01678e+16	2.46e-06	2.82e-03	6.25e-01	3.30e-01	4.07e-02	1.34e-03	8.93e-06	0.00e+00	0.00e+00	1.43e-06	7.54e-07	2.49e-07
 2.02157e+16	2.79e-06	3.06e-03	6.51e-01	3.09e-01	3.55e-02	1.11e-03	7.13e-06	0.00e+00	0.00e+00	1.62e-06	8.55e-07	2.82e-07
 2.02672e+16	3.20e-06	3.34e-03	6.79e-01	2.86e-01	3.02e-02	8.96e-04	5.47e-06	0.00e+00	0.00e+00	1.86e-06	9.81e-07	3.24e-07
 2.03342e+16	3.80e-06	3.73e-03	7.14e-01	2.57e-01	2.42e-02	6.65e-04	3.80e-06	0.00e+00	0.00e+00	2.21e-06	1.17e-06	3.86e-07
