#depth	N	N+	N+2	N+3	N+4	N+5	N+6	N+7
 1.49634e+10	0.00e+00	0.00e+00	1.32e-28	7.21e-19	4.54e-10	9.02e-01	9.79e-02	4.84e-06
 4.54887e+10	0.00e+00	7.82e-39	1.68e-28	8.52e-19	4.95e-10	9.09e-01	9.10e-02	4.16e-06
 7.72350e+10	0.00e+00	0.00e+00	2.15e-28	1.01e-18	5.40e-10	9.16e-01	8.44e-02	3.56e-06
 1.10251e+11	0.00e+00	1.49e-38	2.75e-28	1.19e-18	5.89e-10	9.22e-01	7.83e-02	3.05e-06
 1.44588e+11	0.00e+00	0.00e+00	3.51e-28	1.40e-18	6.41e-10	9.27e-01	7.26e-02	2.61e-06
 1.80298e+11	0.00e+00	2.85e-38	4.48e-28	1.65e-18	6.98e-10	9.33e-01	6.72e-02	2.23e-06
 2.17437e+11	0.00e+00	0.00e+00	5.71e-28	1.94e-18	7.60e-10	9.38e-01	6.22e-02	1.91e-06
 2.56061e+11	0.00e+00	5.44e-38	7.29e-28	2.29e-18	8.28e-10	9.42e-01	5.76e-02	1.63e-06
 2.96231e+11	0.00e+00	0.00e+00	9.30e-28	2.70e-18	9.01e-10	9.47e-01	5.30e-02	1.38e-06
 3.38007e+11	0.00e+00	1.04e-37	1.19e-27	3.18e-18	9.80e-10	9.51e-01	4.90e-02	1.18e-06
 3.78468e+11	0.00e+00	0.00e+00	1.49e-27	3.71e-18	1.06e-09	9.54e-01	4.55e-02	1.02e-06
 4.15533e+11	0.00e+00	1.83e-37	1.82e-27	4.24e-18	1.14e-09	9.57e-01	4.26e-02	8.93e-07
 4.56708e+11	0.00e+00	0.00e+00	2.26e-27	4.90e-18	1.22e-09	9.60e-01	3.97e-02	0.00e+00
 5.04544e+11	0.00e+00	3.36e-37	2.88e-27	5.77e-18	1.33e-09	9.63e-01	3.67e-02	0.00e+00
 5.51880e+11	0.00e+00	0.00e+00	3.62e-27	6.73e-18	1.44e-09	9.66e-01	3.40e-02	0.00e+00
 6.01109e+11	0.00e+00	6.21e-37	4.57e-27	7.86e-18	1.56e-09	9.68e-01	3.15e-02	0.00e+00
 6.55080e+11	0.00e+00	0.00e+00	5.83e-27	9.26e-18	1.69e-09	9.71e-01	2.90e-02	0.00e+00
 7.09622e+11	0.00e+00	1.18e-36	7.39e-27	1.09e-17	1.83e-09	9.73e-01	2.68e-02	0.00e+00
 7.66345e+11	3.19e-47	1.61e-36	9.38e-27	1.27e-17	1.99e-09	9.75e-01	2.48e-02	0.00e+00
 8.26925e+11	0.00e+00	0.00e+00	1.20e-26	1.50e-17	2.16e-09	9.77e-01	2.28e-02	0.00e+00
 8.89929e+11	0.00e+00	3.09e-36	1.53e-26	1.77e-17	2.35e-09	9.79e-01	2.10e-02	0.00e+00
 9.55453e+11	1.08e-46	4.29e-36	1.96e-26	2.09e-17	2.55e-09	9.81e-01	1.94e-02	0.00e+00
 1.02360e+12	0.00e+00	0.00e+00	2.50e-26	2.46e-17	2.77e-09	9.82e-01	1.78e-02	0.00e+00
 1.09447e+12	0.00e+00	8.24e-36	3.20e-26	2.90e-17	3.02e-09	9.84e-01	1.64e-02	0.00e+00
 1.16817e+12	3.68e-46	1.14e-35	4.10e-26	3.43e-17	3.28e-09	9.85e-01	1.51e-02	0.00e+00
 1.24483e+12	0.00e+00	0.00e+00	5.25e-26	4.04e-17	3.57e-09	9.86e-01	1.39e-02	0.00e+00
 1.31685e+12	0.00e+00	2.14e-35	6.57e-26	4.70e-17	3.85e-09	9.87e-01	1.29e-02	0.00e+00
 1.38116e+12	1.11e-45	2.77e-35	7.99e-26	5.35e-17	4.11e-09	9.88e-01	1.21e-02	0.00e+00
 1.45332e+12	0.00e+00	0.00e+00	9.87e-26	6.17e-17	4.42e-09	9.89e-01	1.12e-02	0.00e+00
 1.53896e+12	0.00e+00	5.06e-35	1.26e-25	7.26e-17	4.80e-09	9.90e-01	1.04e-02	0.00e+00
 1.62507e+12	3.48e-45	6.93e-35	1.59e-25	8.51e-17	5.20e-09	9.90e-01	9.55e-03	0.00e+00
 1.70577e+12	0.00e+00	0.00e+00	1.97e-25	9.81e-17	5.58e-09	9.91e-01	8.89e-03	0.00e+00
 1.79506e+12	0.00e+00	1.25e-34	2.48e-25	1.15e-16	6.04e-09	9.92e-01	8.22e-03	0.00e+00
 1.89679e+12	1.10e-44	1.74e-34	3.20e-25	1.36e-16	6.58e-09	9.92e-01	7.55e-03	0.00e+00
 1.99814e+12	0.00e+00	2.40e-34	4.07e-25	1.60e-16	7.14e-09	9.93e-01	6.95e-03	0.00e+00
 2.10355e+12	2.45e-44	3.32e-34	5.20e-25	1.88e-16	7.76e-09	9.94e-01	6.40e-03	0.00e+00
 2.21762e+12	0.00e+00	4.65e-34	6.71e-25	2.23e-16	8.46e-09	9.94e-01	5.87e-03	0.00e+00
 2.33391e+12	5.64e-44	6.47e-34	8.62e-25	2.64e-16	9.22e-09	9.95e-01	5.39e-03	0.00e+00
 2.44247e+12	0.00e+00	8.72e-34	1.08e-24	3.07e-16	9.95e-09	9.95e-01	4.99e-03	0.00e+00
 2.54271e+12	1.14e-43	1.14e-33	1.32e-24	3.52e-16	1.07e-08	9.95e-01	4.66e-03	0.00e+00
 2.65732e+12	0.00e+00	1.53e-33	1.66e-24	4.10e-16	1.15e-08	9.96e-01	4.31e-03	0.00e+00
 2.79150e+12	2.52e-43	2.15e-33	2.14e-24	4.87e-16	1.26e-08	9.96e-01	3.95e-03	0.00e+00
 2.92433e+12	0.00e+00	2.96e-33	2.73e-24	5.74e-16	1.37e-08	9.96e-01	3.63e-03	0.00e+00
 3.04900e+12	5.40e-43	3.97e-33	3.41e-24	6.67e-16	1.47e-08	9.97e-01	3.37e-03	0.00e+00
 3.18743e+12	0.00e+00	5.43e-33	4.32e-24	7.83e-16	1.60e-08	9.97e-01	3.10e-03	0.00e+00
 3.34485e+12	1.22e-42	7.66e-33	5.62e-24	9.35e-16	1.75e-08	9.97e-01	2.84e-03	0.00e+00
 3.50034e+12	0.00e+00	1.06e-32	7.21e-24	1.11e-15	1.91e-08	9.97e-01	2.60e-03	0.00e+00
 3.66204e+12	2.77e-42	1.48e-32	9.27e-24	1.31e-15	2.08e-08	9.98e-01	2.39e-03	0.00e+00
 3.83845e+12	0.00e+00	2.09e-32	1.21e-23	1.57e-15	2.28e-08	9.98e-01	2.18e-03	0.00e+00
 4.01630e+12	6.46e-42	2.92e-32	1.56e-23	1.87e-15	2.50e-08	9.98e-01	1.99e-03	0.00e+00
 4.20126e+12	0.00e+00	4.10e-32	2.02e-23	2.23e-15	2.73e-08	9.98e-01	1.82e-03	0.00e+00
 4.39198e+12	1.49e-41	5.73e-32	2.61e-23	2.66e-15	2.99e-08	9.98e-01	1.66e-03	0.00e+00
 4.57877e+12	0.00e+00	7.86e-32	3.33e-23	3.14e-15	3.26e-08	9.98e-01	1.53e-03	0.00e+00
 4.78028e+12	3.30e-41	1.09e-31	4.29e-23	3.74e-15	3.57e-08	9.99e-01	1.40e-03	0.00e+00
 5.00142e+12	0.00e+00	1.55e-31	5.60e-23	4.49e-15	3.92e-08	9.99e-01	1.27e-03	0.00e+00
 5.23140e+12	7.78e-41	2.19e-31	7.32e-23	5.40e-15	4.32e-08	9.99e-01	1.15e-03	0.00e+00
 5.47059e+12	0.00e+00	3.09e-31	9.57e-23	6.50e-15	4.76e-08	9.99e-01	1.05e-03	0.00e+00
 5.71934e+12	1.83e-40	4.37e-31	1.25e-22	7.83e-15	5.24e-08	9.99e-01	9.52e-04	0.00e+00
 5.94410e+12	0.00e+00	5.90e-31	1.58e-22	9.22e-15	5.71e-08	9.99e-01	8.75e-04	0.00e+00
 6.13099e+12	3.55e-40	7.51e-31	1.91e-22	1.05e-14	6.11e-08	9.99e-01	8.17e-04	0.00e+00
 6.33558e+12	0.00e+00	9.70e-31	2.33e-22	1.21e-14	6.58e-08	9.99e-01	7.59e-04	0.00e+00
 6.59520e+12	7.14e-40	1.33e-30	2.97e-22	1.43e-14	7.20e-08	9.99e-01	6.94e-04	0.00e+00
 6.86629e+12	0.00e+00	1.82e-30	3.80e-22	1.71e-14	7.89e-08	9.99e-01	6.34e-04	0.00e+00
 7.09592e+12	1.43e-39	2.35e-30	4.65e-22	1.97e-14	8.51e-08	9.99e-01	5.88e-04	0.00e+00
 7.33171e+12	0.00e+00	3.03e-30	5.68e-22	2.26e-14	9.17e-08	9.99e-01	5.46e-04	0.00e+00
 7.62925e+12	2.84e-39	4.12e-30	7.24e-22	2.69e-14	1.01e-07	1.00e+00	4.98e-04	0.00e+00
 7.93178e+12	0.00e+00	5.56e-30	9.17e-22	3.19e-14	1.10e-07	1.00e+00	4.56e-04	0.00e+00
 8.19052e+12	5.51e-39	7.12e-30	1.12e-21	3.66e-14	1.19e-07	1.00e+00	4.23e-04	0.00e+00
 8.46762e+12	0.00e+00	9.18e-30	1.36e-21	4.23e-14	1.28e-07	1.00e+00	3.92e-04	0.00e+00
 8.81168e+12	1.08e-38	1.24e-29	1.74e-21	5.04e-14	1.41e-07	1.00e+00	3.57e-04	0.00e+00
 9.16492e+12	0.00e+00	1.67e-29	2.20e-21	5.98e-14	1.54e-07	1.00e+00	3.26e-04	0.00e+00
 9.48175e+12	2.11e-38	2.16e-29	2.70e-21	6.93e-14	1.67e-07	1.00e+00	3.01e-04	0.00e+00
 9.82913e+12	0.00e+00	2.83e-29	3.35e-21	8.09e-14	1.82e-07	1.00e+00	2.77e-04	0.00e+00
 1.02410e+13	4.21e-38	3.85e-29	4.28e-21	9.67e-14	2.00e-07	1.00e+00	2.52e-04	0.00e+00
 1.06541e+13	0.00e+00	5.16e-29	5.41e-21	1.15e-13	2.20e-07	1.00e+00	2.29e-04	0.00e+00
 1.10448e+13	8.23e-38	6.73e-29	6.69e-21	1.34e-13	2.39e-07	1.00e+00	2.11e-04	0.00e+00
 1.14775e+13	0.00e+00	8.92e-29	8.39e-21	1.58e-13	2.62e-07	1.00e+00	1.93e-04	0.00e+00
 1.19666e+13	1.66e-37	1.21e-28	1.07e-20	1.89e-13	2.88e-07	1.00e+00	1.75e-04	0.00e+00
 1.24537e+13	0.00e+00	1.62e-28	1.35e-20	2.24e-13	3.17e-07	1.00e+00	1.60e-04	0.00e+00
 1.28831e+13	3.16e-37	2.06e-28	1.65e-20	2.59e-13	3.43e-07	1.00e+00	1.48e-04	0.00e+00
 1.32610e+13	0.00e+00	2.54e-28	1.95e-20	2.92e-13	3.66e-07	1.00e+00	1.38e-04	0.00e+00
 1.36892e+13	5.33e-37	3.20e-28	2.34e-20	3.34e-13	3.94e-07	1.00e+00	1.28e-04	0.00e+00
 1.41664e+13	0.00e+00	4.08e-28	2.85e-20	3.86e-13	4.27e-07	1.00e+00	1.19e-04	0.00e+00
 1.46146e+13	9.34e-37	5.10e-28	3.41e-20	4.41e-13	4.59e-07	1.00e+00	1.11e-04	0.00e+00
 1.51043e+13	0.00e+00	6.45e-28	4.12e-20	5.06e-13	4.95e-07	1.00e+00	1.02e-04	0.00e+00
 1.56516e+13	1.67e-36	8.31e-28	5.05e-20	5.87e-13	5.38e-07	1.00e+00	9.44e-05	0.00e+00
 1.61682e+13	0.00e+00	1.05e-27	6.08e-20	6.73e-13	5.80e-07	1.00e+00	8.77e-05	0.00e+00
 1.67342e+13	2.96e-36	1.33e-27	7.39e-20	7.77e-13	6.27e-07	1.00e+00	8.11e-05	0.00e+00
 1.73674e+13	0.00e+00	1.73e-27	9.14e-20	9.07e-13	6.83e-07	1.00e+00	7.45e-05	0.00e+00
 1.79671e+13	5.39e-36	2.20e-27	1.11e-19	1.04e-12	7.38e-07	1.00e+00	6.90e-05	0.00e+00
 1.85224e+13	0.00e+00	2.73e-27	1.32e-19	1.18e-12	7.92e-07	1.00e+00	6.44e-05	0.00e+00
 1.91413e+13	9.19e-36	3.44e-27	1.59e-19	1.36e-12	8.53e-07	1.00e+00	5.98e-05	0.00e+00
 1.98352e+13	0.00e+00	4.42e-27	1.94e-19	1.57e-12	9.25e-07	1.00e+00	5.51e-05	0.00e+00
 2.04898e+13	1.63e-35	5.55e-27	2.33e-19	1.80e-12	9.96e-07	1.00e+00	5.12e-05	0.00e+00
 2.12042e+13	0.00e+00	7.06e-27	2.83e-19	2.07e-12	1.08e-06	1.00e+00	4.74e-05	0.00e+00
 2.19943e+13	2.95e-35	9.12e-27	3.48e-19	2.40e-12	1.17e-06	1.00e+00	4.37e-05	0.00e+00
 2.27261e+13	0.00e+00	1.15e-26	4.19e-19	2.75e-12	1.26e-06	1.00e+00	4.06e-05	0.00e+00
 2.35207e+13	5.20e-35	1.46e-26	5.08e-19	3.16e-12	1.36e-06	1.00e+00	3.76e-05	0.00e+00
 2.44091e+13	0.00e+00	1.90e-26	6.27e-19	3.68e-12	1.48e-06	1.00e+00	3.46e-05	0.00e+00
 2.52469e+13	9.43e-35	2.40e-26	7.58e-19	4.22e-12	1.60e-06	1.00e+00	3.21e-05	0.00e+00
 2.61632e+13	0.00e+00	3.09e-26	9.28e-19	4.88e-12	1.73e-06	1.00e+00	2.96e-05	0.00e+00
 2.71859e+13	1.76e-34	4.05e-26	1.15e-18	5.70e-12	1.88e-06	1.00e+00	2.72e-05	0.00e+00
 2.81490e+13	2.37e-34	5.18e-26	1.40e-18	6.56e-12	2.04e-06	1.00e+00	2.52e-05	0.00e+00
 2.91944e+13	3.24e-34	6.71e-26	1.72e-18	7.60e-12	2.21e-06	1.00e+00	2.33e-05	0.00e+00
 3.03671e+13	4.52e-34	8.86e-26	2.16e-18	8.92e-12	2.41e-06	1.00e+00	2.13e-05	0.00e+00
 3.14966e+13	6.19e-34	1.15e-25	2.65e-18	1.03e-11	2.61e-06	1.00e+00	1.97e-05	0.00e+00
 3.26962e+13	8.55e-34	1.50e-25	3.28e-18	1.20e-11	2.83e-06	1.00e+00	1.82e-05	0.00e+00
 3.40340e+13	1.21e-33	2.00e-25	4.12e-18	1.41e-11	3.09e-06	1.00e+00	1.66e-05	0.00e+00
 3.53812e+13	1.69e-33	2.64e-25	5.14e-18	1.65e-11	3.37e-06	1.00e+00	1.53e-05	0.00e+00
 3.67822e+13	2.39e-33	3.51e-25	6.42e-18	1.93e-11	3.66e-06	1.00e+00	1.41e-05	0.00e+00
 3.82835e+13	3.36e-33	4.67e-25	8.06e-18	2.26e-11	3.99e-06	1.00e+00	1.29e-05	0.00e+00
 3.96969e+13	4.65e-33	6.09e-25	9.93e-18	2.62e-11	4.31e-06	1.00e+00	1.19e-05	0.00e+00
 4.09725e+13	6.17e-33	7.68e-25	1.19e-17	2.97e-11	4.62e-06	1.00e+00	1.12e-05	0.00e+00
 4.21855e+13	8.00e-33	9.51e-25	1.41e-17	3.33e-11	4.91e-06	1.00e+00	1.05e-05	0.00e+00
 4.35324e+13	1.06e-32	1.20e-24	1.69e-17	3.78e-11	5.25e-06	1.00e+00	9.82e-06	0.00e+00
 4.50387e+13	1.45e-32	1.54e-24	2.06e-17	4.33e-11	5.64e-06	1.00e+00	9.14e-06	0.00e+00
 4.64629e+13	1.91e-32	1.94e-24	2.46e-17	4.90e-11	6.03e-06	1.00e+00	8.56e-06	0.00e+00
 4.80251e+13	2.58e-32	2.48e-24	2.98e-17	5.59e-11	6.46e-06	1.00e+00	7.99e-06	0.00e+00
 4.97414e+13	3.57e-32	3.24e-24	3.66e-17	6.43e-11	6.95e-06	1.00e+00	7.42e-06	0.00e+00
 5.13187e+13	4.75e-32	4.09e-24	4.38e-17	7.28e-11	7.42e-06	1.00e+00	6.95e-06	0.00e+00
 5.30300e+13	6.43e-32	5.23e-24	5.30e-17	8.30e-11	7.95e-06	1.00e+00	6.50e-06	0.00e+00
 5.49391e+13	8.93e-32	6.83e-24	6.52e-17	9.55e-11	8.55e-06	1.00e+00	6.04e-06	0.00e+00
 5.67349e+13	1.20e-31	8.71e-24	7.86e-17	1.09e-10	9.14e-06	1.00e+00	5.65e-06	0.00e+00
 5.86990e+13	1.66e-31	1.13e-23	9.60e-17	1.24e-10	9.81e-06	1.00e+00	5.27e-06	0.00e+00
 6.08840e+13	2.34e-31	1.49e-23	1.19e-16	1.44e-10	1.06e-05	1.00e+00	4.89e-06	0.00e+00
 6.29322e+13	3.20e-31	1.92e-23	1.44e-16	1.64e-10	1.13e-05	1.00e+00	4.57e-06	0.00e+00
 6.51707e+13	4.47e-31	2.52e-23	1.77e-16	1.88e-10	1.21e-05	1.00e+00	4.26e-06	0.00e+00
 6.76685e+13	6.41e-31	3.37e-23	2.21e-16	2.19e-10	1.31e-05	1.00e+00	3.94e-06	0.00e+00
 7.00249e+13	8.89e-31	4.39e-23	2.71e-16	2.50e-10	1.40e-05	1.00e+00	3.68e-06	0.00e+00
 7.25867e+13	1.26e-30	5.81e-23	3.35e-16	2.89e-10	1.51e-05	1.00e+00	3.42e-06	0.00e+00
 7.54475e+13	1.83e-30	7.85e-23	4.20e-16	3.37e-10	1.63e-05	1.00e+00	3.17e-06	0.00e+00
 7.81943e+13	2.59e-30	1.04e-22	5.20e-16	3.88e-10	1.75e-05	1.00e+00	2.95e-06	0.00e+00
 8.11236e+13	3.72e-30	1.39e-22	6.46e-16	4.49e-10	1.89e-05	1.00e+00	2.74e-06	0.00e+00
 8.43985e+13	5.48e-30	1.89e-22	8.17e-16	5.25e-10	2.04e-05	1.00e+00	2.53e-06	0.00e+00
 8.76740e+13	7.96e-30	2.55e-22	1.02e-15	6.11e-10	2.20e-05	1.00e+00	2.35e-06	0.00e+00
 9.10804e+13	1.16e-29	3.45e-22	1.28e-15	7.10e-10	2.37e-05	1.00e+00	2.18e-06	0.00e+00
 9.47536e+13	1.71e-29	4.72e-22	1.63e-15	8.31e-10	2.57e-05	1.00e+00	2.01e-06	0.00e+00
 9.85737e+13	2.53e-29	6.45e-22	2.06e-15	9.72e-10	2.77e-05	1.00e+00	1.86e-06	0.00e+00
 1.02547e+14	3.75e-29	8.82e-22	2.60e-15	1.14e-09	3.00e-05	1.00e+00	1.72e-06	0.00e+00
 1.06401e+14	5.40e-29	1.18e-21	3.24e-15	1.32e-09	3.23e-05	1.00e+00	1.60e-06	0.00e+00
 1.10037e+14	7.53e-29	1.54e-21	3.96e-15	1.50e-09	3.45e-05	1.00e+00	1.50e-06	0.00e+00
 1.13470e+14	1.02e-28	1.97e-21	4.76e-15	1.70e-09	3.66e-05	1.00e+00	1.41e-06	0.00e+00
 1.17207e+14	1.41e-28	2.55e-21	5.77e-15	1.93e-09	3.90e-05	1.00e+00	1.32e-06	0.00e+00
 1.21371e+14	1.99e-28	3.36e-21	7.11e-15	2.22e-09	4.18e-05	1.00e+00	1.23e-06	0.00e+00
 1.25299e+14	2.71e-28	4.30e-21	8.59e-15	2.52e-09	4.46e-05	1.00e+00	1.16e-06	0.00e+00
 1.29615e+14	3.79e-28	5.63e-21	1.05e-14	2.88e-09	4.76e-05	1.00e+00	1.08e-06	0.00e+00
 1.34473e+14	5.49e-28	7.56e-21	1.31e-14	3.33e-09	5.12e-05	1.00e+00	1.01e-06	0.00e+00
 1.39118e+14	7.65e-28	9.88e-21	1.60e-14	3.81e-09	5.48e-05	1.00e+00	9.42e-07	0.00e+00
 1.44186e+14	1.08e-27	1.30e-20	1.98e-14	4.40e-09	5.88e-05	1.00e+00	0.00e+00	0.00e+00
 1.49845e+14	1.59e-27	1.78e-20	2.50e-14	5.12e-09	6.34e-05	1.00e+00	0.00e+00	0.00e+00
 1.55335e+14	2.23e-27	2.34e-20	3.09e-14	5.92e-09	6.83e-05	1.00e+00	0.00e+00	0.00e+00
 1.61183e+14	3.21e-27	3.13e-20	3.86e-14	6.85e-09	7.34e-05	1.00e+00	0.00e+00	0.00e+00
 1.67139e+14	4.55e-27	4.15e-20	4.79e-14	7.92e-09	7.90e-05	1.00e+00	0.00e+00	0.00e+00
 1.72396e+14	6.21e-27	5.32e-20	5.76e-14	8.95e-09	8.39e-05	1.00e+00	0.00e+00	0.00e+00
 1.78093e+14	8.44e-27	6.83e-20	7.00e-14	1.02e-08	8.96e-05	1.00e+00	0.00e+00	0.00e+00
 1.84954e+14	1.21e-26	9.17e-20	8.76e-14	1.19e-08	9.67e-05	1.00e+00	0.00e+00	0.00e+00
 1.91759e+14	1.72e-26	1.21e-19	1.09e-13	1.37e-08	1.04e-04	1.00e+00	0.00e+00	0.00e+00
 1.97829e+14	2.32e-26	1.55e-19	1.31e-13	1.55e-08	1.11e-04	1.00e+00	0.00e+00	0.00e+00
 2.04516e+14	3.23e-26	2.01e-19	1.60e-13	1.77e-08	1.18e-04	1.00e+00	0.00e+00	0.00e+00
 2.12476e+14	4.59e-26	2.69e-19	2.00e-13	2.06e-08	1.28e-04	1.00e+00	0.00e+00	0.00e+00
 2.20353e+14	6.58e-26	3.59e-19	2.49e-13	2.38e-08	1.38e-04	1.00e+00	0.00e+00	0.00e+00
 2.27545e+14	8.82e-26	4.57e-19	3.01e-13	2.71e-08	1.47e-04	1.00e+00	0.00e+00	0.00e+00
 2.35587e+14	1.23e-25	5.98e-19	3.71e-13	3.11e-08	1.57e-04	1.00e+00	0.00e+00	0.00e+00
 2.44950e+14	1.77e-25	8.05e-19	4.68e-13	3.64e-08	1.70e-04	1.00e+00	0.00e+00	0.00e+00
 2.54126e+14	2.55e-25	1.08e-18	5.82e-13	4.21e-08	1.83e-04	1.00e+00	0.00e+00	0.00e+00
 2.62773e+14	3.43e-25	1.38e-18	7.10e-13	4.81e-08	1.97e-04	1.00e+00	0.00e+00	0.00e+00
 2.72417e+14	4.83e-25	1.82e-18	8.81e-13	5.56e-08	2.11e-04	1.00e+00	0.00e+00	0.00e+00
 2.83344e+14	7.09e-25	2.48e-18	1.11e-12	6.50e-08	2.29e-04	1.00e+00	0.00e+00	0.00e+00
 2.94248e+14	9.92e-25	3.28e-18	1.39e-12	7.56e-08	2.47e-04	1.00e+00	0.00e+00	0.00e+00
 3.04413e+14	1.38e-24	4.28e-18	1.71e-12	8.66e-08	2.65e-04	1.00e+00	0.00e+00	0.00e+00
 3.15444e+14	1.89e-24	5.55e-18	2.11e-12	9.99e-08	2.84e-04	1.00e+00	0.00e+00	0.00e+00
 3.27815e+14	2.76e-24	7.52e-18	2.65e-12	1.16e-07	3.07e-04	1.00e+00	0.00e+00	0.00e+00
 3.39365e+14	3.71e-24	9.65e-18	3.25e-12	1.34e-07	3.30e-04	1.00e+00	0.00e+00	0.00e+00
 3.50021e+14	4.98e-24	1.22e-17	3.91e-12	1.51e-07	3.51e-04	1.00e+00	0.00e+00	0.00e+00
 3.60240e+14	6.57e-24	1.53e-17	4.64e-12	1.70e-07	3.72e-04	1.00e+00	0.00e+00	0.00e+00
 3.71605e+14	8.74e-24	1.94e-17	5.58e-12	1.92e-07	3.96e-04	1.00e+00	0.00e+00	0.00e+00
 3.84173e+14	1.17e-23	2.46e-17	6.80e-12	2.19e-07	4.24e-04	1.00e+00	0.00e+00	0.00e+00
 3.95835e+14	1.56e-23	3.12e-17	8.13e-12	2.47e-07	4.50e-04	1.00e+00	0.00e+00	0.00e+00
 4.08530e+14	2.05e-23	3.92e-17	9.81e-12	2.80e-07	4.80e-04	1.00e+00	0.00e+00	0.00e+00
 4.22793e+14	2.86e-23	5.11e-17	1.20e-11	3.22e-07	5.15e-04	9.99e-01	0.00e+00	0.00e+00
 4.36456e+14	3.75e-23	6.43e-17	1.45e-11	3.65e-07	5.49e-04	9.99e-01	0.00e+00	0.00e+00
 4.51578e+14	5.20e-23	8.37e-17	1.78e-11	4.18e-07	5.88e-04	9.99e-01	0.00e+00	0.00e+00
 4.68252e+14	7.08e-23	1.09e-16	2.21e-11	4.84e-07	6.34e-04	9.99e-01	0.00e+00	0.00e+00
 4.83559e+14	9.48e-23	1.38e-16	2.67e-11	5.50e-07	6.76e-04	9.99e-01	0.00e+00	0.00e+00
 5.00072e+14	1.30e-22	1.79e-16	3.26e-11	6.29e-07	7.24e-04	9.99e-01	0.00e+00	0.00e+00
 5.18577e+14	1.76e-22	2.31e-16	4.04e-11	7.27e-07	7.80e-04	9.99e-01	0.00e+00	0.00e+00
 5.35997e+14	2.42e-22	2.99e-16	4.92e-11	8.29e-07	8.33e-04	9.99e-01	0.00e+00	0.00e+00
 5.54972e+14	3.24e-22	3.83e-16	6.04e-11	9.53e-07	8.95e-04	9.99e-01	0.00e+00	0.00e+00
 5.76007e+14	4.58e-22	5.08e-16	7.54e-11	1.11e-06	9.65e-04	9.99e-01	0.00e+00	0.00e+00
 5.95659e+14	6.06e-22	6.43e-16	9.19e-11	1.26e-06	1.03e-03	9.99e-01	0.00e+00	0.00e+00
 6.17115e+14	8.30e-22	8.36e-16	1.13e-10	1.46e-06	1.11e-03	9.99e-01	0.00e+00	0.00e+00
 6.41068e+14	1.15e-21	1.10e-15	1.42e-10	1.69e-06	1.20e-03	9.99e-01	0.00e+00	0.00e+00
 6.63619e+14	1.57e-21	1.42e-15	1.74e-10	1.95e-06	1.29e-03	9.99e-01	0.00e+00	0.00e+00
 6.87833e+14	2.11e-21	1.83e-15	2.15e-10	2.24e-06	1.39e-03	9.99e-01	0.00e+00	0.00e+00
 7.15376e+14	3.03e-21	2.46e-15	2.71e-10	2.63e-06	1.51e-03	9.98e-01	0.00e+00	0.00e+00
 7.42388e+14	4.07e-21	3.17e-15	3.38e-10	3.05e-06	1.63e-03	9.98e-01	0.00e+00	0.00e+00
 7.68178e+14	5.54e-21	4.09e-15	4.13e-10	3.49e-06	1.75e-03	9.98e-01	0.00e+00	0.00e+00
 7.96632e+14	7.45e-21	5.27e-15	5.11e-10	4.04e-06	1.89e-03	9.98e-01	0.00e+00	0.00e+00
 8.28527e+14	1.05e-20	7.00e-15	6.45e-10	4.73e-06	2.05e-03	9.98e-01	0.00e+00	0.00e+00
 8.55630e+14	1.35e-20	8.72e-15	7.79e-10	5.38e-06	2.20e-03	9.98e-01	0.00e+00	0.00e+00
 8.75503e+14	1.63e-20	1.03e-14	8.91e-10	5.90e-06	2.31e-03	9.98e-01	0.00e+00	0.00e+00
 8.96276e+14	1.99e-20	1.21e-14	1.02e-09	6.48e-06	2.43e-03	9.98e-01	0.00e+00	0.00e+00
 9.23280e+14	2.52e-20	1.49e-14	1.22e-09	7.29e-06	2.59e-03	9.97e-01	0.00e+00	0.00e+00
 9.53068e+14	3.27e-20	1.86e-14	1.47e-09	8.28e-06	2.77e-03	9.97e-01	0.00e+00	0.00e+00
 9.80682e+14	4.16e-20	2.28e-14	1.73e-09	9.29e-06	2.94e-03	9.97e-01	0.00e+00	0.00e+00
 1.01079e+15	5.25e-20	2.79e-14	2.07e-09	1.05e-05	3.14e-03	9.97e-01	0.00e+00	0.00e+00
 1.04444e+15	6.92e-20	3.53e-14	2.51e-09	1.20e-05	3.37e-03	9.97e-01	0.00e+00	0.00e+00
 1.07648e+15	8.80e-20	4.35e-14	2.99e-09	1.35e-05	3.60e-03	9.96e-01	0.00e+00	0.00e+00
 1.11190e+15	1.14e-19	5.44e-14	3.62e-09	1.54e-05	3.86e-03	9.96e-01	0.00e+00	0.00e+00
 1.15142e+15	1.50e-19	6.91e-14	4.44e-09	1.77e-05	4.18e-03	9.96e-01	0.00e+00	0.00e+00
 1.18856e+15	1.94e-19	8.60e-14	5.35e-09	2.01e-05	4.47e-03	9.96e-01	0.00e+00	0.00e+00
 1.22914e+15	2.53e-19	1.08e-13	6.51e-09	2.30e-05	4.82e-03	9.95e-01	0.00e+00	0.00e+00
 1.27421e+15	3.35e-19	1.39e-13	8.04e-09	2.65e-05	5.22e-03	9.95e-01	0.00e+00	0.00e+00
 1.31616e+15	4.33e-19	1.73e-13	9.72e-09	3.02e-05	5.61e-03	9.94e-01	0.00e+00	0.00e+00
 1.36175e+15	5.66e-19	2.19e-13	1.19e-08	3.46e-05	6.04e-03	9.94e-01	0.00e+00	0.00e+00
 1.41253e+15	7.60e-19	2.82e-13	1.47e-08	4.00e-05	6.56e-03	9.93e-01	0.00e+00	0.00e+00
 1.45980e+15	9.81e-19	3.53e-13	1.79e-08	4.57e-05	7.06e-03	9.93e-01	0.00e+00	0.00e+00
 1.51099e+15	1.30e-18	4.49e-13	2.19e-08	5.24e-05	7.63e-03	9.92e-01	0.00e+00	0.00e+00
 1.56809e+15	1.74e-18	5.80e-13	2.73e-08	6.08e-05	8.28e-03	9.92e-01	0.00e+00	0.00e+00
 1.62178e+15	2.28e-18	7.34e-13	3.33e-08	6.95e-05	8.93e-03	9.91e-01	0.00e+00	0.00e+00
 1.68027e+15	3.03e-18	9.39e-13	4.10e-08	8.01e-05	9.67e-03	9.90e-01	0.00e+00	0.00e+00
 1.74553e+15	4.16e-18	1.23e-12	5.15e-08	9.33e-05	1.05e-02	9.89e-01	0.00e+00	0.00e+00
 1.80739e+15	5.48e-18	1.57e-12	6.33e-08	1.07e-04	1.14e-02	9.89e-01	0.00e+00	0.00e+00
 1.87371e+15	7.36e-18	2.02e-12	7.84e-08	1.24e-04	1.23e-02	9.88e-01	0.00e+00	0.00e+00
 1.94869e+15	1.02e-17	2.67e-12	9.91e-08	1.45e-04	1.34e-02	9.86e-01	0.00e+00	0.00e+00
 2.02264e+15	1.39e-17	3.49e-12	1.24e-07	1.68e-04	1.46e-02	9.85e-01	0.00e+00	0.00e+00
 2.08281e+15	1.74e-17	4.26e-12	1.47e-07	1.89e-04	1.56e-02	9.84e-01	0.00e+00	0.00e+00
 2.12954e+15	2.13e-17	5.04e-12	1.68e-07	2.06e-04	1.63e-02	9.83e-01	0.00e+00	0.00e+00
 2.18080e+15	2.60e-17	5.99e-12	1.94e-07	2.27e-04	1.72e-02	9.83e-01	0.00e+00	0.00e+00
 2.24744e+15	3.35e-17	7.44e-12	2.33e-07	2.56e-04	1.84e-02	9.81e-01	0.00e+00	0.00e+00
 2.31948e+15	4.28e-17	9.24e-12	2.81e-07	2.90e-04	1.97e-02	9.80e-01	0.00e+00	0.00e+00
 2.38446e+15	5.44e-17	1.13e-11	3.32e-07	3.24e-04	2.10e-02	9.79e-01	0.00e+00	0.00e+00
 2.45482e+15	6.96e-17	1.40e-11	3.96e-07	3.63e-04	2.24e-02	9.77e-01	0.00e+00	0.00e+00
 2.54449e+15	9.70e-17	1.84e-11	4.92e-07	4.19e-04	2.42e-02	9.75e-01	0.00e+00	0.00e+00
 2.63475e+15	1.28e-16	2.35e-11	6.07e-07	4.82e-04	2.61e-02	9.73e-01	0.00e+00	0.00e+00
 2.71010e+15	2.52e-16	2.90e-11	7.20e-07	5.39e-04	2.78e-02	9.72e-01	0.00e+00	0.00e+00
 2.79062e+15	2.30e-16	3.61e-11	8.60e-07	6.06e-04	2.96e-02	9.70e-01	0.00e+00	0.00e+00
 2.89287e+15	3.23e-16	4.77e-11	1.07e-06	6.99e-04	3.20e-02	9.67e-01	0.00e+00	0.00e+00
 3.00024e+15	4.36e-16	6.18e-11	1.33e-06	8.08e-04	3.46e-02	9.65e-01	0.00e+00	0.00e+00
 3.09617e+15	5.81e-16	7.84e-11	1.62e-06	9.16e-04	3.70e-02	9.62e-01	0.00e+00	0.00e+00
 3.20036e+15	7.82e-16	1.01e-10	1.98e-06	1.05e-03	3.97e-02	9.59e-01	0.00e+00	0.00e+00
 3.32446e+15	1.14e-15	1.37e-10	2.50e-06	1.22e-03	4.32e-02	9.56e-01	0.00e+00	0.00e+00
 3.44689e+15	1.58e-15	1.79e-10	3.11e-06	1.40e-03	4.66e-02	9.52e-01	0.00e+00	0.00e+00
 3.55789e+15	2.12e-15	2.28e-10	3.77e-06	1.59e-03	4.98e-02	9.49e-01	0.00e+00	0.00e+00
 3.68159e+15	2.82e-15	2.92e-10	4.64e-06	1.82e-03	5.35e-02	9.45e-01	0.00e+00	0.00e+00
 3.82655e+15	4.15e-15	3.98e-10	5.89e-06	2.13e-03	5.81e-02	9.40e-01	0.00e+00	0.00e+00
 3.96959e+15	5.86e-15	5.29e-10	7.36e-06	2.46e-03	6.27e-02	9.35e-01	0.00e+00	0.00e+00
 4.10413e+15	8.01e-15	6.85e-10	9.02e-06	2.81e-03	6.72e-02	9.30e-01	0.00e+00	0.00e+00
 4.25410e+15	1.09e-14	8.89e-10	1.12e-05	3.24e-03	7.23e-02	9.24e-01	0.00e+00	0.00e+00
 4.42430e+15	1.64e-14	1.23e-09	1.43e-05	3.78e-03	7.85e-02	9.18e-01	0.00e+00	0.00e+00
 4.56657e+15	2.22e-14	1.58e-09	1.73e-05	4.28e-03	8.37e-02	9.12e-01	0.00e+00	0.00e+00
 4.66820e+15	2.73e-14	1.87e-09	1.98e-05	4.67e-03	8.75e-02	9.08e-01	0.00e+00	0.00e+00
 4.77428e+15	3.38e-14	2.23e-09	2.27e-05	5.10e-03	9.15e-02	9.03e-01	0.00e+00	0.00e+00
 4.91219e+15	4.28e-14	2.73e-09	2.70e-05	5.70e-03	9.68e-02	8.97e-01	0.00e+00	0.00e+00
 5.06623e+15	5.95e-14	3.54e-09	3.26e-05	6.44e-03	1.03e-01	8.90e-01	0.00e+00	0.00e+00
 5.21020e+15	7.71e-14	4.39e-09	3.86e-05	7.18e-03	1.09e-01	8.84e-01	0.00e+00	0.00e+00
 5.36633e+15	9.97e-14	5.46e-09	4.62e-05	8.06e-03	1.15e-01	8.76e-01	0.00e+00	0.00e+00
 5.54159e+15	1.41e-13	7.16e-09	5.62e-05	9.15e-03	1.23e-01	8.68e-01	0.00e+00	0.00e+00
 5.70694e+15	1.85e-13	8.98e-09	6.72e-05	1.03e-02	1.30e-01	8.60e-01	0.00e+00	0.00e+00
 5.88715e+15	2.42e-13	1.13e-08	8.10e-05	1.16e-02	1.38e-01	8.50e-01	0.00e+00	0.00e+00
 6.08945e+15	3.49e-13	1.50e-08	9.97e-05	1.32e-02	1.47e-01	8.39e-01	0.00e+00	0.00e+00
 6.28090e+15	4.65e-13	1.91e-08	1.20e-04	1.49e-02	1.56e-01	8.29e-01	0.00e+00	0.00e+00
 6.49021e+15	6.19e-13	2.43e-08	1.46e-04	1.69e-02	1.66e-01	8.17e-01	0.00e+00	0.00e+00
 6.72038e+15	9.05e-13	3.27e-08	1.81e-04	1.93e-02	1.77e-01	8.03e-01	0.00e+00	0.00e+00
 6.93179e+15	1.22e-12	4.18e-08	2.18e-04	2.17e-02	1.87e-01	7.91e-01	0.00e+00	0.00e+00
 7.16072e+15	1.65e-12	5.37e-08	2.66e-04	2.46e-02	1.98e-01	7.77e-01	0.00e+00	0.00e+00
 7.41453e+15	2.24e-12	6.94e-08	3.27e-04	2.80e-02	2.11e-01	7.61e-01	0.00e+00	0.00e+00
 7.65313e+15	3.19e-12	9.15e-08	3.98e-04	3.17e-02	2.23e-01	7.45e-01	0.00e+00	0.00e+00
 7.91578e+15	4.38e-12	1.19e-07	4.87e-04	3.60e-02	2.36e-01	7.28e-01	0.00e+00	0.00e+00
 8.20347e+15	5.98e-12	1.54e-07	6.02e-04	4.11e-02	2.50e-01	7.09e-01	0.00e+00	0.00e+00
 8.46988e+15	8.16e-12	1.99e-07	7.30e-04	4.63e-02	2.63e-01	6.90e-01	0.00e+00	0.00e+00
 8.71666e+15	1.08e-11	2.51e-07	8.69e-04	5.15e-02	2.75e-01	6.73e-01	0.00e+00	0.00e+00
 8.99173e+15	1.46e-11	3.20e-07	1.05e-03	5.77e-02	2.88e-01	6.53e-01	0.00e+00	0.00e+00
 9.29735e+15	2.02e-11	4.17e-07	1.28e-03	6.52e-02	3.03e-01	6.30e-01	0.00e+00	0.00e+00
 9.58247e+15	2.73e-11	5.32e-07	1.54e-03	7.28e-02	3.16e-01	6.09e-01	0.00e+00	0.00e+00
 9.82713e+15	3.65e-11	6.66e-07	1.79e-03	7.99e-02	3.28e-01	5.90e-01	0.00e+00	0.00e+00
 1.00377e+16	4.48e-11	7.87e-07	2.04e-03	8.62e-02	3.37e-01	5.75e-01	0.00e+00	0.00e+00
 1.02698e+16	5.59e-11	9.43e-07	2.34e-03	9.36e-02	3.47e-01	5.57e-01	0.00e+00	0.00e+00
 1.05715e+16	7.56e-11	1.20e-06	2.80e-03	1.04e-01	3.60e-01	5.33e-01	0.00e+00	0.00e+00
 1.08805e+16	9.89e-11	1.50e-06	3.32e-03	1.15e-01	3.72e-01	5.10e-01	0.00e+00	0.00e+00
 1.11476e+16	1.23e-10	1.80e-06	3.84e-03	1.25e-01	3.81e-01	4.90e-01	0.00e+00	0.00e+00
 1.14436e+16	1.67e-10	2.28e-06	4.53e-03	1.37e-01	3.92e-01	4.66e-01	0.00e+00	0.00e+00
 1.17562e+16	2.16e-10	2.82e-06	5.33e-03	1.50e-01	4.01e-01	4.43e-01	0.00e+00	0.00e+00
 1.20384e+16	2.67e-10	3.38e-06	6.16e-03	1.63e-01	4.09e-01	4.22e-01	0.00e+00	0.00e+00
 1.23535e+16	3.66e-10	4.30e-06	7.27e-03	1.78e-01	4.18e-01	3.97e-01	0.00e+00	0.00e+00
 1.26894e+16	4.75e-10	5.33e-06	8.56e-03	1.95e-01	4.24e-01	3.72e-01	0.00e+00	0.00e+00
 1.29855e+16	5.88e-10	6.37e-06	9.87e-03	2.10e-01	4.29e-01	3.51e-01	0.00e+00	0.00e+00
 1.33038e+16	7.58e-10	7.83e-06	1.15e-02	2.28e-01	4.33e-01	3.27e-01	0.00e+00	0.00e+00
 1.36513e+16	1.06e-09	1.01e-05	1.36e-02	2.48e-01	4.37e-01	3.02e-01	0.00e+00	0.00e+00
 1.39499e+16	1.32e-09	1.21e-05	1.56e-02	2.65e-01	4.38e-01	2.81e-01	0.00e+00	0.00e+00
 1.42078e+16	1.58e-09	1.41e-05	1.76e-02	2.81e-01	4.37e-01	2.64e-01	0.00e+00	0.00e+00
 1.44999e+16	1.99e-09	1.69e-05	2.02e-02	3.00e-01	4.36e-01	2.44e-01	0.00e+00	0.00e+00
 1.48213e+16	2.73e-09	2.15e-05	2.35e-02	3.21e-01	4.33e-01	2.23e-01	0.00e+00	0.00e+00
 1.51030e+16	3.35e-09	2.54e-05	2.66e-02	3.40e-01	4.28e-01	2.05e-01	0.00e+00	0.00e+00
 1.53518e+16	3.98e-09	2.92e-05	2.97e-02	3.57e-01	4.23e-01	1.90e-01	0.00e+00	0.00e+00
 1.56353e+16	5.35e-09	3.64e-05	3.41e-02	3.78e-01	4.16e-01	1.73e-01	0.00e+00	0.00e+00
 1.59325e+16	6.39e-09	4.25e-05	3.88e-02	3.98e-01	4.06e-01	1.57e-01	0.00e+00	0.00e+00
 1.61929e+16	8.54e-09	5.26e-05	4.39e-02	4.18e-01	3.97e-01	1.41e-01	0.00e+00	0.00e+00
 1.63992e+16	1.01e-08	6.00e-05	4.82e-02	4.32e-01	3.89e-01	1.31e-01	0.00e+00	0.00e+00
 1.65898e+16	1.20e-08	6.87e-05	5.28e-02	4.47e-01	3.80e-01	1.21e-01	0.00e+00	0.00e+00
 1.68375e+16	1.42e-08	7.88e-05	5.90e-02	4.65e-01	3.67e-01	1.09e-01	0.00e+00	0.00e+00
 1.71114e+16	1.90e-08	9.82e-05	6.74e-02	4.85e-01	3.52e-01	9.54e-02	0.00e+00	0.00e+00
 1.73480e+16	2.28e-08	1.14e-04	7.52e-02	5.02e-01	3.38e-01	8.50e-02	0.00e+00	0.00e+00
 1.75458e+16	2.77e-08	1.32e-04	8.28e-02	5.16e-01	3.25e-01	7.65e-02	0.00e+00	0.00e+00
 1.77287e+16	3.35e-08	1.52e-04	9.06e-02	5.29e-01	3.12e-01	6.88e-02	0.00e+00	0.00e+00
 1.79021e+16	4.21e-08	1.79e-04	9.91e-02	5.41e-01	2.98e-01	6.16e-02	0.00e+00	0.00e+00
 1.80611e+16	4.79e-08	1.99e-04	1.07e-01	5.51e-01	2.86e-01	5.57e-02	0.00e+00	0.00e+00
 1.82300e+16	5.73e-08	2.28e-04	1.17e-01	5.62e-01	2.71e-01	4.94e-02	0.00e+00	0.00e+00
 1.84497e+16	8.00e-08	2.89e-04	1.32e-01	5.76e-01	2.51e-01	4.12e-02	0.00e+00	0.00e+00
 1.86546e+16	1.02e-07	3.46e-04	1.46e-01	5.86e-01	2.32e-01	3.48e-02	0.00e+00	0.00e+00
 1.87935e+16	1.21e-07	3.93e-04	1.58e-01	5.93e-01	2.18e-01	3.05e-02	0.00e+00	0.00e+00
 1.89270e+16	1.45e-07	4.48e-04	1.70e-01	5.99e-01	2.04e-01	2.66e-02	0.00e+00	0.00e+00
 1.90750e+16	1.77e-07	5.19e-04	1.84e-01	6.05e-01	1.88e-01	2.25e-02	0.00e+00	0.00e+00
 1.92074e+16	2.08e-07	5.87e-04	1.97e-01	6.09e-01	1.74e-01	1.93e-02	0.00e+00	0.00e+00
 1.93206e+16	2.35e-07	6.43e-04	2.09e-01	6.12e-01	1.61e-01	1.67e-02	0.00e+00	0.00e+00
 1.94432e+16	2.81e-07	7.32e-04	2.24e-01	6.15e-01	1.47e-01	1.39e-02	0.00e+00	0.00e+00
 1.95697e+16	3.61e-07	8.72e-04	2.40e-01	6.16e-01	1.32e-01	1.13e-02	0.00e+00	0.00e+00
 1.96505e+16	4.13e-07	9.58e-04	2.51e-01	6.16e-01	1.23e-01	9.78e-03	0.00e+00	0.00e+00
 1.96922e+16	4.41e-07	1.01e-03	2.57e-01	6.15e-01	1.18e-01	9.04e-03	0.00e+00	0.00e+00
 1.97335e+16	4.73e-07	1.06e-03	2.63e-01	6.15e-01	1.13e-01	8.32e-03	0.00e+00	0.00e+00
 1.97872e+16	5.02e-07	1.11e-03	2.70e-01	6.15e-01	1.06e-01	7.49e-03	0.00e+00	0.00e+00
 1.98570e+16	5.81e-07	1.22e-03	2.81e-01	6.14e-01	9.78e-02	6.38e-03	0.00e+00	0.00e+00
 1.99243e+16	6.49e-07	1.32e-03	2.91e-01	6.12e-01	9.02e-02	5.48e-03	0.00e+00	0.00e+00
 1.99758e+16	7.09e-07	1.41e-03	2.98e-01	6.11e-01	8.42e-02	4.82e-03	0.00e+00	0.00e+00
 2.00307e+16	7.63e-07	1.49e-03	3.07e-01	6.10e-01	7.80e-02	4.19e-03	0.00e+00	0.00e+00
 2.01020e+16	8.93e-07	1.66e-03	3.19e-01	6.07e-01	6.98e-02	3.39e-03	0.00e+00	0.00e+00
 2.01678e+16	9.93e-07	1.79e-03	3.28e-01	6.04e-01	6.31e-02	2.81e-03	0.00e+00	0.00e+00
 2.02157e+16	1.08e-06	1.89e-03	3.36e-01	6.02e-01	5.82e-02	2.42e-03	0.00e+00	0.00e+00
 2.02672e+16	1.18e-06	2.02e-03	3.44e-01	5.99e-01	5.30e-02	2.03e-03	0.00e+00	0.00e+00
 2.03342e+16	1.33e-06	2.19e-03	3.55e-01	5.95e-01	4.67e-02	1.60e-03	0.00e+00	0.00e+00
 2.04036e+16	1.50e-06	2.38e-03	3.65e-01	5.90e-01	4.08e-02	1.25e-03	0.00e+00	0.00e+00
 2.04624e+16	1.66e-06	2.55e-03	3.74e-01	5.86e-01	3.61e-02	9.95e-04	0.00e+00	0.00e+00
 2.05253e+16	1.84e-06	2.74e-03	3.84e-01	5.81e-01	3.14e-02	7.69e-04	0.00e+00	0.00e+00
 2.06070e+16	2.11e-06	3.00e-03	3.95e-01	5.75e-01	2.61e-02	5.44e-04	0.00e+00	0.00e+00
 2.06918e+16	2.40e-06	3.29e-03	4.07e-01	5.68e-01	2.15e-02	3.79e-04	0.00e+00	0.00e+00
 2.07653e+16	2.69e-06	3.54e-03	4.17e-01	5.61e-01	1.81e-02	2.74e-04	0.00e+00	0.00e+00
 2.08455e+16	3.03e-06	3.84e-03	4.27e-01	5.54e-01	1.49e-02	1.90e-04	0.00e+00	0.00e+00
 2.09497e+16	3.52e-06	4.24e-03	4.40e-01	5.44e-01	1.15e-02	1.18e-04	0.00e+00	0.00e+00
 2.10852e+16	4.22e-06	4.78e-03	4.56e-01	5.31e-01	8.33e-03	6.33e-05	0.00e+00	0.00e+00
 2.12304e+16	5.08e-06	5.40e-03	4.71e-01	5.17e-01	5.97e-03	3.35e-05	0.00e+00	0.00e+00
 2.13882e+16	6.18e-06	6.14e-03	4.88e-01	5.02e-01	4.18e-03	1.68e-05	0.00e+00	0.00e+00
 2.15934e+16	7.91e-06	7.20e-03	5.08e-01	4.82e-01	2.69e-03	7.12e-06	0.00e+00	0.00e+00
 2.18172e+16	1.04e-05	8.59e-03	5.31e-01	4.59e-01	1.72e-03	2.95e-06	0.00e+00	0.00e+00
 2.19729e+16	1.27e-05	9.78e-03	5.47e-01	4.41e-01	1.30e-03	1.69e-06	0.00e+00	0.00e+00
 2.20524e+16	1.40e-05	1.05e-02	5.56e-01	4.32e-01	1.12e-03	1.27e-06	0.00e+00	0.00e+00
 2.21250e+16	1.54e-05	1.11e-02	5.64e-01	4.24e-01	9.75e-04	9.63e-07	0.00e+00	0.00e+00
 2.22194e+16	1.74e-05	1.21e-02	5.74e-01	4.13e-01	8.15e-04	0.00e+00	0.00e+00	0.00e+00
 2.23422e+16	2.06e-05	1.34e-02	5.88e-01	3.98e-01	6.47e-04	0.00e+00	0.00e+00	0.00e+00
 2.24726e+16	2.47e-05	1.52e-02	6.03e-01	3.81e-01	5.11e-04	0.00e+00	0.00e+00	0.00e+00
 2.25823e+16	2.89e-05	1.68e-02	6.16e-01	3.66e-01	4.19e-04	0.00e+00	0.00e+00	0.00e+00
 2.26765e+16	3.32e-05	1.85e-02	6.28e-01	3.54e-01	3.53e-04	0.00e+00	0.00e+00	0.00e+00
 2.27811e+16	3.89e-05	2.05e-02	6.40e-01	3.39e-01	2.90e-04	0.00e+00	0.00e+00	0.00e+00
 2.28866e+16	4.59e-05	2.29e-02	6.53e-01	3.24e-01	2.40e-04	0.00e+00	0.00e+00	0.00e+00
 2.29671e+16	5.24e-05	2.50e-02	6.63e-01	3.12e-01	2.07e-04	0.00e+00	0.00e+00	0.00e+00
 2.30341e+16	5.86e-05	2.69e-02	6.71e-01	3.02e-01	1.82e-04	0.00e+00	0.00e+00	0.00e+00
 2.31100e+16	6.65e-05	2.93e-02	6.81e-01	2.90e-01	1.57e-04	0.00e+00	0.00e+00	0.00e+00
 2.31958e+16	7.71e-05	3.23e-02	6.91e-01	2.77e-01	1.33e-04	0.00e+00	0.00e+00	0.00e+00
 2.32747e+16	8.88e-05	3.56e-02	7.00e-01	2.64e-01	1.14e-04	0.00e+00	0.00e+00	0.00e+00
 2.33429e+16	1.01e-04	3.87e-02	7.08e-01	2.53e-01	9.92e-05	0.00e+00	0.00e+00	0.00e+00
 2.34171e+16	1.16e-04	4.24e-02	7.16e-01	2.41e-01	8.50e-05	0.00e+00	0.00e+00	0.00e+00
 2.34980e+16	1.35e-04	4.71e-02	7.25e-01	2.28e-01	7.17e-05	0.00e+00	0.00e+00	0.00e+00
 2.35679e+16	1.56e-04	5.18e-02	7.32e-01	2.16e-01	6.17e-05	0.00e+00	0.00e+00	0.00e+00
 2.36273e+16	1.75e-04	5.61e-02	7.38e-01	2.06e-01	5.42e-05	0.00e+00	0.00e+00	0.00e+00
 2.36926e+16	2.01e-04	6.15e-02	7.43e-01	1.95e-01	4.66e-05	0.00e+00	0.00e+00	0.00e+00
 2.37648e+16	2.35e-04	6.82e-02	7.49e-01	1.83e-01	3.94e-05	0.00e+00	0.00e+00	0.00e+00
 2.38286e+16	2.71e-04	7.50e-02	7.53e-01	1.72e-01	3.38e-05	0.00e+00	0.00e+00	0.00e+00
 2.38832e+16	3.07e-04	8.14e-02	7.55e-01	1.63e-01	2.95e-05	0.00e+00	0.00e+00	0.00e+00
 2.39430e+16	3.52e-04	8.93e-02	7.58e-01	1.53e-01	2.53e-05	0.00e+00	0.00e+00	0.00e+00
 2.40084e+16	4.12e-04	9.91e-02	7.59e-01	1.42e-01	2.13e-05	0.00e+00	0.00e+00	0.00e+00
 2.40662e+16	4.76e-04	1.09e-01	7.59e-01	1.32e-01	1.82e-05	0.00e+00	0.00e+00	0.00e+00
 2.41162e+16	5.40e-04	1.18e-01	7.57e-01	1.24e-01	1.57e-05	0.00e+00	0.00e+00	0.00e+00
 2.41713e+16	6.22e-04	1.30e-01	7.55e-01	1.14e-01	1.33e-05	0.00e+00	0.00e+00	0.00e+00
 2.42315e+16	7.30e-04	1.45e-01	7.50e-01	1.04e-01	1.11e-05	0.00e+00	0.00e+00	0.00e+00
 2.42846e+16	8.46e-04	1.59e-01	7.44e-01	9.58e-02	9.31e-06	0.00e+00	0.00e+00	0.00e+00
 2.43308e+16	9.66e-04	1.73e-01	7.37e-01	8.85e-02	7.97e-06	0.00e+00	0.00e+00	0.00e+00
 2.43818e+16	1.12e-03	1.90e-01	7.28e-01	8.05e-02	6.63e-06	0.00e+00	0.00e+00	0.00e+00
 2.44382e+16	1.32e-03	2.12e-01	7.15e-01	7.19e-02	5.37e-06	0.00e+00	0.00e+00	0.00e+00
 2.44889e+16	1.55e-03	2.34e-01	7.00e-01	6.43e-02	4.39e-06	0.00e+00	0.00e+00	0.00e+00
 2.45339e+16	1.78e-03	2.56e-01	6.85e-01	5.78e-02	3.63e-06	0.00e+00	0.00e+00	0.00e+00
 2.45840e+16	2.09e-03	2.83e-01	6.65e-01	5.07e-02	2.89e-06	0.00e+00	0.00e+00	0.00e+00
 2.46394e+16	2.52e-03	3.16e-01	6.38e-01	4.33e-02	2.22e-06	0.00e+00	0.00e+00	0.00e+00
 2.46904e+16	3.00e-03	3.51e-01	6.09e-01	3.69e-02	1.70e-06	0.00e+00	0.00e+00	0.00e+00
 2.47369e+16	3.54e-03	3.87e-01	5.79e-01	3.13e-02	1.31e-06	0.00e+00	0.00e+00	0.00e+00
 2.47895e+16	4.27e-03	4.30e-01	5.40e-01	2.55e-02	9.47e-07	0.00e+00	0.00e+00	0.00e+00
 2.48450e+16	5.22e-03	4.81e-01	4.94e-01	1.99e-02	0.00e+00	0.00e+00	0.00e+00	0.00e+00
 2.48904e+16	6.21e-03	5.28e-01	4.50e-01	1.58e-02	0.00e+00	0.00e+00	0.00e+00	0.00e+00
 2.49257e+16	7.11e-03	5.65e-01	4.15e-01	1.30e-02	0.00e+00	0.00e+00	0.00e+00	0.00e+00
 2.49618e+16	8.19e-03	6.05e-01	3.77e-01	1.03e-02	0.00e+00	0.00e+00	0.00e+00	0.00e+00
 2.50013e+16	9.56e-03	6.49e-01	3.33e-01	7.86e-03	0.00e+00	0.00e+00	0.00e+00	0.00e+00
 2.50356e+16	1.10e-02	6.89e-01	2.94e-01	6.03e-03	0.00e+00	0.00e+00	0.00e+00	0.00e+00
 2.50640e+16	1.23e-02	7.20e-01	2.63e-01	4.75e-03	0.00e+00	0.00e+00	0.00e+00	0.00e+00
 2.50943e+16	1.40e-02	7.53e-01	2.29e-01	3.59e-03	0.00e+00	0.00e+00	0.00e+00	0.00e+00
 2.51275e+16	1.60e-02	7.88e-01	1.93e-01	2.56e-03	0.00e+00	0.00e+00	0.00e+00	0.00e+00
 2.51563e+16	1.81e-02	8.16e-01	1.64e-01	1.85e-03	0.00e+00	0.00e+00	0.00e+00	0.00e+00
 2.51799e+16	2.01e-02	8.38e-01	1.41e-01	1.39e-03	0.00e+00	0.00e+00	0.00e+00	0.00e+00
 2.52049e+16	2.24e-02	8.58e-01	1.18e-01	9.96e-04	0.00e+00	0.00e+00	0.00e+00	0.00e+00
 2.52324e+16	2.53e-02	8.78e-01	9.62e-02	6.74e-04	0.00e+00	0.00e+00	0.00e+00	0.00e+00
 2.52568e+16	2.83e-02	8.93e-01	7.84e-02	4.62e-04	0.00e+00	0.00e+00	0.00e+00	0.00e+00
 2.52774e+16	3.12e-02	9.03e-01	6.52e-02	3.29e-04	0.00e+00	0.00e+00	0.00e+00	0.00e+00
 2.52995e+16	3.47e-02	9.12e-01	5.27e-02	2.22e-04	0.00e+00	0.00e+00	0.00e+00	0.00e+00
 2.53234e+16	3.89e-02	9.20e-01	4.13e-02	1.42e-04	0.00e+00	0.00e+00	0.00e+00	0.00e+00
 2.53438e+16	4.32e-02	9.24e-01	3.28e-02	9.40e-05	0.00e+00	0.00e+00	0.00e+00	0.00e+00
 2.53608e+16	4.71e-02	9.26e-01	2.68e-02	6.54e-05	0.00e+00	0.00e+00	0.00e+00	0.00e+00
 2.53790e+16	5.17e-02	9.27e-01	2.14e-02	4.34e-05	0.00e+00	0.00e+00	0.00e+00	0.00e+00
 2.53982e+16	5.71e-02	9.26e-01	1.67e-02	2.77e-05	0.00e+00	0.00e+00	0.00e+00	0.00e+00
 2.54146e+16	6.26e-02	9.24e-01	1.33e-02	1.84e-05	0.00e+00	0.00e+00	0.00e+00	0.00e+00
 2.54288e+16	6.76e-02	9.22e-01	1.09e-02	1.28e-05	0.00e+00	0.00e+00	0.00e+00	0.00e+00
 2.54425e+16	7.28e-02	9.18e-01	8.83e-03	8.84e-06	0.00e+00	0.00e+00	0.00e+00	0.00e+00
 2.54563e+16	7.86e-02	9.14e-01	7.15e-03	6.03e-06	0.00e+00	0.00e+00	0.00e+00	0.00e+00
 2.54690e+16	8.44e-02	9.10e-01	5.84e-03	4.20e-06	0.00e+00	0.00e+00	0.00e+00	0.00e+00
 2.54801e+16	8.97e-02	9.05e-01	4.87e-03	3.02e-06	0.00e+00	0.00e+00	0.00e+00	0.00e+00
 2.54904e+16	9.51e-02	9.01e-01	4.09e-03	2.21e-06	0.00e+00	0.00e+00	0.00e+00	0.00e+00
 2.55003e+16	1.00e-01	8.96e-01	3.45e-03	1.62e-06	0.00e+00	0.00e+00	0.00e+00	0.00e+00
 2.55082e+16	1.05e-01	8.92e-01	3.01e-03	1.28e-06	0.00e+00	0.00e+00	0.00e+00	0.00e+00
 2.55133e+16	1.08e-01	8.90e-01	2.76e-03	1.09e-06	0.00e+00	0.00e+00	0.00e+00	0.00e+00
 2.55178e+16	1.10e-01	8.87e-01	2.54e-03	9.37e-07	0.00e+00	0.00e+00	0.00e+00	0.00e+00
 2.55231e+16	1.14e-01	8.84e-01	2.30e-03	0.00e+00	0.00e+00	0.00e+00	0.00e+00	0.00e+00
 2.55289e+16	1.18e-01	8.80e-01	2.06e-03	0.00e+00	0.00e+00	0.00e+00	0.00e+00	0.00e+00
 2.55346e+16	1.22e-01	8.76e-01	1.86e-03	0.00e+00	0.00e+00	0.00e+00	0.00e+00	0.00e+00
 2.55398e+16	1.25e-01	8.73e-01	1.68e-03	0.00e+00	0.00e+00	0.00e+00	0.00e+00	0.00e+00
 2.55449e+16	1.29e-01	8.69e-01	1.52e-03	0.00e+00	0.00e+00	0.00e+00	0.00e+00	0.00e+00
 2.55501e+16	1.33e-01	8.66e-01	1.38e-03	0.00e+00	0.00e+00	0.00e+00	0.00e+00	0.00e+00
 2.55553e+16	1.37e-01	8.62e-01	1.24e-03	0.00e+00	0.00e+00	0.00e+00	0.00e+00	0.00e+00
 2.55604e+16	1.41e-01	8.58e-01	1.12e-03	0.00e+00	0.00e+00	0.00e+00	0.00e+00	0.00e+00
 2.55654e+16	1.45e-01	8.54e-01	1.01e-03	0.00e+00	0.00e+00	0.00e+00	0.00e+00	0.00e+00
 2.55703e+16	1.50e-01	8.49e-01	9.16e-04	0.00e+00	0.00e+00	0.00e+00	0.00e+00	0.00e+00
 2.55753e+16	1.55e-01	8.45e-01	8.26e-04	0.00e+00	0.00e+00	0.00e+00	0.00e+00	0.00e+00
 2.55802e+16	1.59e-01	8.40e-01	7.45e-04	0.00e+00	0.00e+00	0.00e+00	0.00e+00	0.00e+00
 2.55850e+16	1.64e-01	8.35e-01	6.73e-04	0.00e+00	0.00e+00	0.00e+00	0.00e+00	0.00e+00
 2.55896e+16	1.69e-01	8.31e-01	6.08e-04	0.00e+00	0.00e+00	0.00e+00	0.00e+00	0.00e+00
 2.55943e+16	1.74e-01	8.26e-01	5.48e-04	0.00e+00	0.00e+00	0.00e+00	0.00e+00	0.00e+00
 2.55990e+16	1.79e-01	8.20e-01	4.94e-04	0.00e+00	0.00e+00	0.00e+00	0.00e+00	0.00e+00
 2.56036e+16	1.85e-01	8.15e-01	4.45e-04	0.00e+00	0.00e+00	0.00e+00	0.00e+00	0.00e+00
 2.56081e+16	1.91e-01	8.09e-01	4.01e-04	0.00e+00	0.00e+00	0.00e+00	0.00e+00	0.00e+00
 2.56126e+16	1.97e-01	8.03e-01	3.61e-04	0.00e+00	0.00e+00	0.00e+00	0.00e+00	0.00e+00
 2.56171e+16	2.03e-01	7.97e-01	3.25e-04	0.00e+00	0.00e+00	0.00e+00	0.00e+00	0.00e+00
 2.56214e+16	2.10e-01	7.90e-01	2.93e-04	0.00e+00	0.00e+00	0.00e+00	0.00e+00	0.00e+00
 2.56257e+16	2.17e-01	7.83e-01	2.64e-04	0.00e+00	0.00e+00	0.00e+00	0.00e+00	0.00e+00
 2.56299e+16	2.24e-01	7.76e-01	2.37e-04	0.00e+00	0.00e+00	0.00e+00	0.00e+00	0.00e+00
 2.56342e+16	2.32e-01	7.68e-01	2.13e-04	0.00e+00	0.00e+00	0.00e+00	0.00e+00	0.00e+00
 2.56384e+16	2.40e-01	7.60e-01	1.91e-04	0.00e+00	0.00e+00	0.00e+00	0.00e+00	0.00e+00
 2.56424e+16	2.49e-01	7.51e-01	1.72e-04	0.00e+00	0.00e+00	0.00e+00	0.00e+00	0.00e+00
 2.56465e+16	2.57e-01	7.42e-01	1.54e-04	0.00e+00	0.00e+00	0.00e+00	0.00e+00	0.00e+00
 2.56505e+16	2.68e-01	7.31e-01	1.38e-04	0.00e+00	0.00e+00	0.00e+00	0.00e+00	0.00e+00
 2.56544e+16	2.78e-01	7.22e-01	1.24e-04	0.00e+00	0.00e+00	0.00e+00	0.00e+00	0.00e+00
 2.56581e+16	2.88e-01	7.11e-01	1.11e-04	0.00e+00	0.00e+00	0.00e+00	0.00e+00	0.00e+00
 2.56619e+16	3.00e-01	7.00e-01	9.99e-05	0.00e+00	0.00e+00	0.00e+00	0.00e+00	0.00e+00
 2.56655e+16	3.12e-01	6.88e-01	8.95e-05	0.00e+00	0.00e+00	0.00e+00	0.00e+00	0.00e+00
 2.56691e+16	3.25e-01	6.75e-01	8.02e-05	0.00e+00	0.00e+00	0.00e+00	0.00e+00	0.00e+00
 2.56726e+16	3.37e-01	6.63e-01	7.20e-05	0.00e+00	0.00e+00	0.00e+00	0.00e+00	0.00e+00
 2.56761e+16	3.51e-01	6.49e-01	6.45e-05	0.00e+00	0.00e+00	0.00e+00	0.00e+00	0.00e+00
 2.56795e+16	3.65e-01	6.35e-01	5.77e-05	0.00e+00	0.00e+00	0.00e+00	0.00e+00	0.00e+00
 2.56828e+16	3.80e-01	6.20e-01	5.16e-05	0.00e+00	0.00e+00	0.00e+00	0.00e+00	0.00e+00
 2.56861e+16	3.96e-01	6.03e-01	4.61e-05	0.00e+00	0.00e+00	0.00e+00	0.00e+00	0.00e+00
 2.56893e+16	4.13e-01	5.87e-01	4.12e-05	0.00e+00	0.00e+00	0.00e+00	0.00e+00	0.00e+00
 2.56925e+16	4.33e-01	5.67e-01	3.66e-05	0.00e+00	0.00e+00	0.00e+00	0.00e+00	0.00e+00
 2.56956e+16	4.52e-01	5.48e-01	3.25e-05	0.00e+00	0.00e+00	0.00e+00	0.00e+00	0.00e+00
 2.56987e+16	4.71e-01	5.29e-01	2.89e-05	0.00e+00	0.00e+00	0.00e+00	0.00e+00	0.00e+00
 2.57017e+16	4.91e-01	5.09e-01	2.56e-05	0.00e+00	0.00e+00	0.00e+00	0.00e+00	0.00e+00
 2.57047e+16	5.12e-01	4.88e-01	2.27e-05	0.00e+00	0.00e+00	0.00e+00	0.00e+00	0.00e+00
 2.57077e+16	5.34e-01	4.66e-01	2.00e-05	0.00e+00	0.00e+00	0.00e+00	0.00e+00	0.00e+00
 2.57107e+16	5.56e-01	4.44e-01	1.76e-05	0.00e+00	0.00e+00	0.00e+00	0.00e+00	0.00e+00
 2.57136e+16	5.78e-01	4.22e-01	1.54e-05	0.00e+00	0.00e+00	0.00e+00	0.00e+00	0.00e+00
 2.57165e+16	6.01e-01	3.99e-01	1.35e-05	0.00e+00	0.00e+00	0.00e+00	0.00e+00	0.00e+00
 2.57193e+16	6.24e-01	3.75e-01	1.18e-05	0.00e+00	0.00e+00	0.00e+00	0.00e+00	0.00e+00
 2.57222e+16	6.48e-01	3.52e-01	1.02e-05	0.00e+00	0.00e+00	0.00e+00	0.00e+00	0.00e+00
 2.57246e+16	6.68e-01	3.32e-01	9.07e-06	0.00e+00	0.00e+00	0.00e+00	0.00e+00	0.00e+00
 2.57265e+16	6.83e-01	3.17e-01	8.24e-06	0.00e+00	0.00e+00	0.00e+00	0.00e+00	0.00e+00
 2.57283e+16	6.98e-01	3.02e-01	7.52e-06	0.00e+00	0.00e+00	0.00e+00	0.00e+00	0.00e+00
 2.57301e+16	7.12e-01	2.88e-01	6.83e-06	0.00e+00	0.00e+00	0.00e+00	0.00e+00	0.00e+00
