#depth	He	He+	He+2
 1.49634e+10	3.70e-23	3.32e-12	1.00e+00
 4.54887e+10	4.13e-23	3.59e-12	1.00e+00
 7.72350e+10	4.60e-23	3.88e-12	1.00e+00
 1.10251e+11	5.12e-23	4.21e-12	1.00e+00
 1.44588e+11	5.71e-23	4.55e-12	1.00e+00
 1.80298e+11	6.37e-23	4.93e-12	1.00e+00
 2.17437e+11	7.12e-23	5.34e-12	1.00e+00
 2.56061e+11	7.97e-23	5.79e-12	1.00e+00
 2.96231e+11	8.93e-23	6.27e-12	1.00e+00
 3.38007e+11	1.00e-22	6.80e-12	1.00e+00
 3.78468e+11	1.12e-22	7.32e-12	1.00e+00
 4.15533e+11	1.23e-22	7.83e-12	1.00e+00
 4.56708e+11	1.37e-22	8.41e-12	1.00e+00
 5.04544e+11	1.54e-22	9.12e-12	1.00e+00
 5.51880e+11	1.73e-22	9.84e-12	1.00e+00
 6.01109e+11	1.94e-22	1.06e-11	1.00e+00
 6.55080e+11	2.20e-22	1.15e-11	1.00e+00
 7.09622e+11	2.49e-22	1.25e-11	1.00e+00
 7.66345e+11	2.82e-22	1.35e-11	1.00e+00
 8.26925e+11	3.21e-22	1.47e-11	1.00e+00
 8.89929e+11	3.65e-22	1.59e-11	1.00e+00
 9.55453e+11	4.17e-22	1.73e-11	1.00e+00
 1.02360e+12	4.76e-22	1.88e-11	1.00e+00
 1.09447e+12	5.45e-22	2.05e-11	1.00e+00
 1.16817e+12	6.25e-22	2.22e-11	1.00e+00
 1.24483e+12	7.17e-22	2.42e-11	1.00e+00
 1.31685e+12	8.14e-22	2.61e-11	1.00e+00
 1.38116e+12	9.07e-22	2.79e-11	1.00e+00
 1.45332e+12	1.02e-21	3.00e-11	1.00e+00
 1.53896e+12	1.17e-21	3.26e-11	1.00e+00
 1.62507e+12	1.34e-21	3.53e-11	1.00e+00
 1.70577e+12	1.52e-21	3.80e-11	1.00e+00
 1.79506e+12	1.73e-21	4.12e-11	1.00e+00
 1.89679e+12	2.00e-21	4.49e-11	1.00e+00
 1.99814e+12	2.30e-21	4.88e-11	1.00e+00
 2.10355e+12	2.65e-21	5.31e-11	1.00e+00
 2.21762e+12	3.07e-21	5.80e-11	1.00e+00
 2.33391e+12	3.56e-21	6.33e-11	1.00e+00
 2.44247e+12	4.06e-21	6.85e-11	1.00e+00
 2.54271e+12	4.56e-21	7.35e-11	1.00e+00
 2.65732e+12	5.19e-21	7.96e-11	1.00e+00
 2.79150e+12	6.03e-21	8.71e-11	1.00e+00
 2.92433e+12	6.95e-21	9.49e-11	1.00e+00
 3.04900e+12	7.89e-21	1.03e-10	1.00e+00
 3.18743e+12	9.03e-21	1.12e-10	1.00e+00
 3.34485e+12	1.05e-20	1.23e-10	1.00e+00
 3.50034e+12	1.21e-20	1.34e-10	1.00e+00
 3.66204e+12	1.40e-20	1.47e-10	1.00e+00
 3.83845e+12	1.62e-20	1.61e-10	1.00e+00
 4.01630e+12	1.87e-20	1.77e-10	1.00e+00
 4.20126e+12	2.16e-20	1.94e-10	1.00e+00
 4.39198e+12	2.49e-20	2.14e-10	1.00e+00
 4.57877e+12	2.84e-20	2.33e-10	1.00e+00
 4.78028e+12	3.26e-20	2.56e-10	1.00e+00
 5.00142e+12	3.76e-20	2.83e-10	1.00e+00
 5.23140e+12	4.33e-20	3.13e-10	1.00e+00
 5.47059e+12	4.99e-20	3.46e-10	1.00e+00
 5.71934e+12	5.73e-20	3.82e-10	1.00e+00
 5.94410e+12	6.46e-20	4.18e-10	1.00e+00
 6.13099e+12	7.10e-20	4.49e-10	1.00e+00
 6.33558e+12	7.84e-20	4.84e-10	1.00e+00
 6.59520e+12	8.86e-20	5.32e-10	1.00e+00
 6.86629e+12	1.00e-19	5.86e-10	1.00e+00
 7.09592e+12	1.11e-19	6.34e-10	1.00e+00
 7.33171e+12	1.22e-19	6.85e-10	1.00e+00
 7.62925e+12	1.37e-19	7.54e-10	1.00e+00
 7.93178e+12	1.54e-19	8.28e-10	1.00e+00
 8.19052e+12	1.69e-19	8.95e-10	1.00e+00
 8.46762e+12	1.86e-19	9.70e-10	1.00e+00
 8.81168e+12	2.09e-19	1.07e-09	1.00e+00
 9.16492e+12	2.34e-19	1.18e-09	1.00e+00
 9.48175e+12	2.58e-19	1.28e-09	1.00e+00
 9.82913e+12	2.87e-19	1.39e-09	1.00e+00
 1.02410e+13	3.24e-19	1.54e-09	1.00e+00
 1.06541e+13	3.65e-19	1.70e-09	1.00e+00
 1.10448e+13	4.08e-19	1.85e-09	1.00e+00
 1.14775e+13	4.60e-19	2.03e-09	1.00e+00
 1.19666e+13	5.26e-19	2.25e-09	1.00e+00
 1.24537e+13	5.99e-19	2.47e-09	1.00e+00
 1.28831e+13	6.72e-19	2.68e-09	1.00e+00
 1.32610e+13	7.41e-19	2.88e-09	1.00e+00
 1.36892e+13	8.28e-19	3.10e-09	1.00e+00
 1.41664e+13	9.36e-19	3.37e-09	1.00e+00
 1.46146e+13	1.05e-18	3.63e-09	1.00e+00
 1.51043e+13	1.18e-18	3.92e-09	1.00e+00
 1.56516e+13	1.35e-18	4.27e-09	1.00e+00
 1.61682e+13	1.53e-18	4.60e-09	1.00e+00
 1.67342e+13	1.75e-18	4.99e-09	1.00e+00
 1.73674e+13	2.03e-18	5.45e-09	1.00e+00
 1.79671e+13	2.32e-18	5.90e-09	1.00e+00
 1.85224e+13	2.63e-18	6.33e-09	1.00e+00
 1.91413e+13	3.00e-18	6.84e-09	1.00e+00
 1.98352e+13	3.48e-18	7.43e-09	1.00e+00
 2.04898e+13	3.99e-18	8.01e-09	1.00e+00
 2.12042e+13	4.61e-18	8.67e-09	1.00e+00
 2.19943e+13	5.38e-18	9.44e-09	1.00e+00
 2.27261e+13	6.19e-18	1.02e-08	1.00e+00
 2.35207e+13	7.17e-18	1.10e-08	1.00e+00
 2.44091e+13	8.41e-18	1.20e-08	1.00e+00
 2.52469e+13	9.73e-18	1.29e-08	1.00e+00
 2.61632e+13	1.14e-17	1.40e-08	1.00e+00
 2.71859e+13	1.34e-17	1.53e-08	1.00e+00
 2.81490e+13	1.56e-17	1.66e-08	1.00e+00
 2.91944e+13	1.83e-17	1.80e-08	1.00e+00
 3.03671e+13	2.17e-17	1.96e-08	1.00e+00
 3.14966e+13	2.54e-17	2.13e-08	1.00e+00
 3.26962e+13	2.99e-17	2.32e-08	1.00e+00
 3.40340e+13	3.56e-17	2.53e-08	1.00e+00
 3.53812e+13	4.21e-17	2.76e-08	1.00e+00
 3.67822e+13	4.96e-17	3.00e-08	1.00e+00
 3.82835e+13	5.92e-17	3.28e-08	1.00e+00
 3.96969e+13	6.90e-17	3.54e-08	1.00e+00
 4.09725e+13	7.90e-17	3.79e-08	1.00e+00
 4.21855e+13	8.95e-17	4.04e-08	1.00e+00
 4.35324e+13	1.02e-16	4.32e-08	1.00e+00
 4.50387e+13	1.18e-16	4.64e-08	1.00e+00
 4.64629e+13	1.35e-16	4.96e-08	1.00e+00
 4.80251e+13	1.55e-16	5.32e-08	1.00e+00
 4.97414e+13	1.79e-16	5.73e-08	1.00e+00
 5.13187e+13	2.04e-16	6.12e-08	1.00e+00
 5.30300e+13	2.34e-16	6.56e-08	1.00e+00
 5.49391e+13	2.71e-16	7.06e-08	1.00e+00
 5.67349e+13	3.09e-16	7.55e-08	1.00e+00
 5.86990e+13	3.55e-16	8.10e-08	1.00e+00
 6.08840e+13	4.12e-16	8.73e-08	1.00e+00
 6.29322e+13	4.72e-16	9.34e-08	1.00e+00
 6.51707e+13	5.43e-16	1.00e-07	1.00e+00
 6.76685e+13	6.32e-16	1.08e-07	1.00e+00
 7.00249e+13	7.26e-16	1.16e-07	1.00e+00
 7.25867e+13	8.38e-16	1.25e-07	1.00e+00
 7.54475e+13	9.77e-16	1.35e-07	1.00e+00
 7.81943e+13	1.13e-15	1.45e-07	1.00e+00
 8.11236e+13	1.30e-15	1.56e-07	1.00e+00
 8.43985e+13	1.52e-15	1.69e-07	1.00e+00
 8.76740e+13	1.77e-15	1.82e-07	1.00e+00
 9.10804e+13	2.05e-15	1.96e-07	1.00e+00
 9.47536e+13	2.39e-15	2.12e-07	1.00e+00
 9.85737e+13	2.79e-15	2.29e-07	1.00e+00
 1.02547e+14	3.25e-15	2.48e-07	1.00e+00
 1.06401e+14	3.75e-15	2.66e-07	1.00e+00
 1.10037e+14	4.27e-15	2.84e-07	1.00e+00
 1.13470e+14	4.81e-15	3.02e-07	1.00e+00
 1.17207e+14	5.45e-15	3.22e-07	1.00e+00
 1.21371e+14	6.24e-15	3.45e-07	1.00e+00
 1.25299e+14	7.07e-15	3.67e-07	1.00e+00
 1.29615e+14	8.05e-15	3.92e-07	1.00e+00
 1.34473e+14	9.28e-15	4.22e-07	1.00e+00
 1.39118e+14	1.06e-14	4.51e-07	1.00e+00
 1.44186e+14	1.22e-14	4.85e-07	1.00e+00
 1.49845e+14	1.41e-14	5.23e-07	1.00e+00
 1.55335e+14	1.63e-14	5.62e-07	1.00e+00
 1.61183e+14	1.87e-14	6.04e-07	1.00e+00
 1.67139e+14	2.16e-14	6.50e-07	1.00e+00
 1.72396e+14	2.43e-14	6.91e-07	1.00e+00
 1.78093e+14	2.76e-14	7.39e-07	1.00e+00
 1.84954e+14	3.20e-14	7.97e-07	1.00e+00
 1.91759e+14	3.68e-14	8.58e-07	1.00e+00
 1.97829e+14	4.15e-14	9.13e-07	1.00e+00
 2.04516e+14	4.72e-14	9.76e-07	1.00e+00
 2.12476e+14	5.48e-14	1.06e-06	1.00e+00
 2.20353e+14	6.30e-14	1.14e-06	1.00e+00
 2.27545e+14	7.14e-14	1.21e-06	1.00e+00
 2.35587e+14	8.16e-14	1.30e-06	1.00e+00
 2.44950e+14	9.48e-14	1.41e-06	1.00e+00
 2.54126e+14	1.09e-13	1.52e-06	1.00e+00
 2.62773e+14	1.24e-13	1.63e-06	1.00e+00
 2.72417e+14	1.42e-13	1.75e-06	1.00e+00
 2.83344e+14	1.65e-13	1.90e-06	1.00e+00
 2.94248e+14	1.90e-13	2.05e-06	1.00e+00
 3.04413e+14	2.16e-13	2.19e-06	1.00e+00
 3.15444e+14	2.47e-13	2.36e-06	1.00e+00
 3.27815e+14	2.85e-13	2.55e-06	1.00e+00
 3.39365e+14	3.25e-13	2.74e-06	1.00e+00
 3.50021e+14	3.64e-13	2.91e-06	1.00e+00
 3.60240e+14	4.05e-13	3.09e-06	1.00e+00
 3.71605e+14	4.54e-13	3.29e-06	1.00e+00
 3.84173e+14	5.12e-13	3.52e-06	1.00e+00
 3.95835e+14	5.71e-13	3.74e-06	1.00e+00
 4.08530e+14	6.41e-13	3.99e-06	1.00e+00
 4.22793e+14	7.25e-13	4.28e-06	1.00e+00
 4.36456e+14	8.13e-13	4.57e-06	1.00e+00
 4.51578e+14	9.18e-13	4.89e-06	1.00e+00
 4.68252e+14	1.05e-12	5.27e-06	1.00e+00
 4.83559e+14	1.17e-12	5.62e-06	1.00e+00
 5.00072e+14	1.32e-12	6.02e-06	1.00e+00
 5.18577e+14	1.50e-12	6.49e-06	1.00e+00
 5.35997e+14	1.69e-12	6.94e-06	1.00e+00
 5.54972e+14	1.91e-12	7.46e-06	1.00e+00
 5.76007e+14	2.17e-12	8.04e-06	1.00e+00
 5.95659e+14	2.44e-12	8.63e-06	1.00e+00
 6.17115e+14	2.76e-12	9.27e-06	1.00e+00
 6.41068e+14	3.15e-12	1.00e-05	1.00e+00
 6.63619e+14	3.56e-12	1.08e-05	1.00e+00
 6.87833e+14	4.03e-12	1.16e-05	1.00e+00
 7.15376e+14	4.62e-12	1.26e-05	1.00e+00
 7.42388e+14	5.25e-12	1.36e-05	1.00e+00
 7.68178e+14	5.92e-12	1.46e-05	1.00e+00
 7.96632e+14	6.74e-12	1.58e-05	1.00e+00
 8.28527e+14	7.71e-12	1.72e-05	1.00e+00
 8.55630e+14	8.65e-12	1.84e-05	1.00e+00
 8.75503e+14	9.39e-12	1.93e-05	1.00e+00
 8.96276e+14	1.02e-11	2.03e-05	1.00e+00
 9.23280e+14	1.14e-11	2.17e-05	1.00e+00
 9.53068e+14	1.27e-11	2.32e-05	1.00e+00
 9.80682e+14	1.41e-11	2.47e-05	1.00e+00
 1.01079e+15	1.57e-11	2.65e-05	1.00e+00
 1.04444e+15	1.76e-11	2.84e-05	1.00e+00
 1.07648e+15	1.98e-11	3.04e-05	1.00e+00
 1.11190e+15	2.22e-11	3.26e-05	1.00e+00
 1.15142e+15	2.53e-11	3.53e-05	1.00e+00
 1.18856e+15	2.83e-11	3.78e-05	1.00e+00
 1.22914e+15	3.23e-11	4.08e-05	1.00e+00
 1.27421e+15	3.67e-11	4.42e-05	1.00e+00
 1.31616e+15	4.18e-11	4.77e-05	1.00e+00
 1.36175e+15	4.72e-11	5.14e-05	1.00e+00
 1.41253e+15	5.46e-11	5.59e-05	1.00e+00
 1.45980e+15	6.15e-11	6.02e-05	1.00e+00
 1.51099e+15	7.08e-11	6.52e-05	1.00e+00
 1.56809e+15	8.14e-11	7.09e-05	1.00e+00
 1.62178e+15	9.27e-11	7.65e-05	1.00e+00
 1.68027e+15	1.06e-10	8.30e-05	1.00e+00
 1.74553e+15	1.23e-10	9.05e-05	1.00e+00
 1.80739e+15	1.41e-10	9.80e-05	1.00e+00
 1.87371e+15	1.62e-10	1.06e-04	1.00e+00
 1.94869e+15	1.89e-10	1.16e-04	1.00e+00
 2.02264e+15	2.19e-10	1.26e-04	1.00e+00
 2.08281e+15	2.44e-10	1.35e-04	1.00e+00
 2.12954e+15	2.68e-10	1.42e-04	1.00e+00
 2.18080e+15	2.95e-10	1.50e-04	1.00e+00
 2.24744e+15	3.33e-10	1.61e-04	1.00e+00
 2.31948e+15	3.73e-10	1.72e-04	1.00e+00
 2.38446e+15	4.17e-10	1.84e-04	1.00e+00
 2.45482e+15	4.68e-10	1.96e-04	1.00e+00
 2.54449e+15	5.46e-10	2.13e-04	1.00e+00
 2.63475e+15	6.19e-10	2.30e-04	1.00e+00
 2.71010e+15	6.96e-10	2.45e-04	1.00e+00
 2.79062e+15	7.83e-10	2.62e-04	1.00e+00
 2.89287e+15	9.13e-10	2.84e-04	1.00e+00
 3.00024e+15	1.04e-09	3.08e-04	1.00e+00
 3.09617e+15	1.19e-09	3.31e-04	1.00e+00
 3.20036e+15	1.36e-09	3.56e-04	1.00e+00
 3.32446e+15	1.61e-09	3.88e-04	1.00e+00
 3.44689e+15	1.86e-09	4.20e-04	1.00e+00
 3.55789e+15	2.11e-09	4.51e-04	1.00e+00
 3.68159e+15	2.41e-09	4.87e-04	1.00e+00
 3.82655e+15	2.85e-09	5.31e-04	9.99e-01
 3.96959e+15	3.31e-09	5.76e-04	9.99e-01
 4.10413e+15	3.80e-09	6.20e-04	9.99e-01
 4.25410e+15	4.35e-09	6.71e-04	9.99e-01
 4.42430e+15	5.22e-09	7.33e-04	9.99e-01
 4.56657e+15	5.94e-09	7.85e-04	9.99e-01
 4.66820e+15	6.50e-09	8.25e-04	9.99e-01
 4.77428e+15	7.14e-09	8.67e-04	9.99e-01
 4.91219e+15	7.92e-09	9.22e-04	9.99e-01
 5.06623e+15	9.15e-09	9.88e-04	9.99e-01
 5.21020e+15	1.02e-08	1.05e-03	9.99e-01
 5.36633e+15	1.14e-08	1.12e-03	9.99e-01
 5.54159e+15	1.33e-08	1.20e-03	9.99e-01
 5.70694e+15	1.49e-08	1.28e-03	9.99e-01
 5.88715e+15	1.68e-08	1.38e-03	9.99e-01
 6.08945e+15	1.97e-08	1.48e-03	9.99e-01
 6.28090e+15	2.23e-08	1.59e-03	9.98e-01
 6.49021e+15	2.53e-08	1.71e-03	9.98e-01
 6.72038e+15	2.99e-08	1.85e-03	9.98e-01
 6.93179e+15	3.40e-08	1.98e-03	9.98e-01
 7.16072e+15	3.88e-08	2.13e-03	9.98e-01
 7.41453e+15	4.44e-08	2.30e-03	9.98e-01
 7.65313e+15	5.19e-08	2.48e-03	9.98e-01
 7.91578e+15	5.96e-08	2.68e-03	9.97e-01
 8.20347e+15	6.85e-08	2.90e-03	9.97e-01
 8.46988e+15	7.87e-08	3.13e-03	9.97e-01
 8.71666e+15	8.94e-08	3.35e-03	9.97e-01
 8.99173e+15	1.02e-07	3.60e-03	9.96e-01
 9.29735e+15	1.18e-07	3.90e-03	9.96e-01
 9.58247e+15	1.36e-07	4.20e-03	9.96e-01
 9.82713e+15	1.55e-07	4.47e-03	9.96e-01
 1.00377e+16	1.70e-07	4.71e-03	9.95e-01
 1.02698e+16	1.88e-07	4.99e-03	9.95e-01
 1.05715e+16	2.17e-07	5.38e-03	9.95e-01
 1.08805e+16	2.46e-07	5.79e-03	9.94e-01
 1.11476e+16	2.73e-07	6.17e-03	9.94e-01
 1.14436e+16	3.16e-07	6.64e-03	9.93e-01
 1.17562e+16	3.57e-07	7.14e-03	9.93e-01
 1.20384e+16	3.98e-07	7.64e-03	9.92e-01
 1.23535e+16	4.64e-07	8.27e-03	9.92e-01
 1.26894e+16	5.28e-07	8.95e-03	9.91e-01
 1.29855e+16	5.92e-07	9.62e-03	9.90e-01
 1.33038e+16	6.76e-07	1.04e-02	9.90e-01
 1.36513e+16	8.00e-07	1.14e-02	9.89e-01
 1.39499e+16	9.00e-07	1.23e-02	9.88e-01
 1.42078e+16	9.99e-07	1.31e-02	9.87e-01
 1.44999e+16	1.14e-06	1.42e-02	9.86e-01
 1.48213e+16	1.34e-06	1.56e-02	9.84e-01
 1.51030e+16	1.51e-06	1.69e-02	9.83e-01
 1.53518e+16	1.69e-06	1.82e-02	9.82e-01
 1.56353e+16	1.99e-06	1.99e-02	9.80e-01
 1.59325e+16	2.26e-06	2.19e-02	9.78e-01
 1.61929e+16	2.66e-06	2.39e-02	9.76e-01
 1.63992e+16	2.97e-06	2.57e-02	9.74e-01
 1.65898e+16	3.33e-06	2.76e-02	9.72e-01
 1.68375e+16	3.78e-06	3.04e-02	9.70e-01
 1.71114e+16	4.56e-06	3.41e-02	9.66e-01
 1.73480e+16	5.26e-06	3.78e-02	9.62e-01
 1.75458e+16	6.04e-06	4.15e-02	9.58e-01
 1.77287e+16	6.93e-06	4.55e-02	9.54e-01
 1.79021e+16	8.08e-06	5.00e-02	9.50e-01
 1.80611e+16	9.09e-06	5.46e-02	9.45e-01
 1.82300e+16	1.05e-05	6.05e-02	9.40e-01
 1.84497e+16	1.33e-05	6.98e-02	9.30e-01
 1.86546e+16	1.63e-05	8.05e-02	9.19e-01
 1.87935e+16	1.90e-05	8.95e-02	9.10e-01
 1.89270e+16	2.23e-05	9.99e-02	9.00e-01
 1.90750e+16	2.68e-05	1.14e-01	8.86e-01
 1.92074e+16	3.16e-05	1.29e-01	8.71e-01
 1.93206e+16	3.65e-05	1.44e-01	8.56e-01
 1.94432e+16	4.38e-05	1.64e-01	8.36e-01
 1.95697e+16	5.44e-05	1.89e-01	8.11e-01
 1.96505e+16	6.20e-05	2.08e-01	7.92e-01
 1.96922e+16	6.66e-05	2.18e-01	7.81e-01
 1.97335e+16	7.17e-05	2.30e-01	7.70e-01
 1.97872e+16	7.83e-05	2.47e-01	7.53e-01
 1.98570e+16	8.97e-05	2.70e-01	7.30e-01
 1.99243e+16	1.01e-04	2.95e-01	7.05e-01
 1.99758e+16	1.12e-04	3.16e-01	6.84e-01
 2.00307e+16	1.23e-04	3.40e-01	6.59e-01
 2.01020e+16	1.43e-04	3.75e-01	6.25e-01
 2.01678e+16	1.61e-04	4.09e-01	5.91e-01
 2.02157e+16	1.76e-04	4.35e-01	5.65e-01
 2.02672e+16	1.94e-04	4.66e-01	5.34e-01
 2.03342e+16	2.20e-04	5.06e-01	4.94e-01
 2.04036e+16	2.48e-04	5.49e-01	4.51e-01
 2.04624e+16	2.73e-04	5.86e-01	4.14e-01
 2.05253e+16	3.02e-04	6.25e-01	3.75e-01
 2.06070e+16	3.41e-04	6.74e-01	3.26e-01
 2.06918e+16	3.81e-04	7.21e-01	2.79e-01
 2.07653e+16	4.16e-04	7.57e-01	2.42e-01
 2.08455e+16	4.54e-04	7.94e-01	2.05e-01
 2.09497e+16	5.00e-04	8.34e-01	1.65e-01
 2.10852e+16	5.56e-04	8.75e-01	1.24e-01
 2.12304e+16	6.09e-04	9.07e-01	9.21e-02
 2.13882e+16	6.62e-04	9.32e-01	6.69e-02
 2.15934e+16	7.26e-04	9.54e-01	4.53e-02
 2.18172e+16	7.93e-04	9.68e-01	3.07e-02
 2.19729e+16	8.38e-04	9.75e-01	2.43e-02
 2.20524e+16	8.63e-04	9.77e-01	2.16e-02
 2.21250e+16	8.88e-04	9.80e-01	1.93e-02
 2.22194e+16	9.19e-04	9.82e-01	1.67e-02
 2.23422e+16	9.63e-04	9.85e-01	1.40e-02
 2.24726e+16	1.01e-03	9.87e-01	1.17e-02
 2.25823e+16	1.06e-03	9.89e-01	1.02e-02
 2.26765e+16	1.10e-03	9.90e-01	9.03e-03
 2.27811e+16	1.15e-03	9.91e-01	7.89e-03
 2.28866e+16	1.21e-03	9.92e-01	6.98e-03
 2.29671e+16	1.26e-03	9.92e-01	6.37e-03
 2.30341e+16	1.30e-03	9.93e-01	5.89e-03
 2.31100e+16	1.35e-03	9.93e-01	5.38e-03
 2.31958e+16	1.41e-03	9.94e-01	4.89e-03
 2.32747e+16	1.47e-03	9.94e-01	4.49e-03
 2.33429e+16	1.53e-03	9.94e-01	4.18e-03
 2.34171e+16	1.60e-03	9.95e-01	3.85e-03
 2.34980e+16	1.68e-03	9.95e-01	3.54e-03
 2.35679e+16	1.76e-03	9.95e-01	3.30e-03
 2.36273e+16	1.83e-03	9.95e-01	3.11e-03
 2.36926e+16	1.91e-03	9.95e-01	2.90e-03
 2.37648e+16	2.01e-03	9.95e-01	2.70e-03
 2.38286e+16	2.11e-03	9.95e-01	2.54e-03
 2.38832e+16	2.20e-03	9.95e-01	2.41e-03
 2.39430e+16	2.31e-03	9.95e-01	2.27e-03
 2.40084e+16	2.45e-03	9.95e-01	2.13e-03
 2.40662e+16	2.57e-03	9.95e-01	2.02e-03
 2.41162e+16	2.69e-03	9.95e-01	1.93e-03
 2.41713e+16	2.84e-03	9.95e-01	1.83e-03
 2.42315e+16	3.01e-03	9.95e-01	1.73e-03
 2.42846e+16	3.19e-03	9.95e-01	1.65e-03
 2.43308e+16	3.36e-03	9.95e-01	1.59e-03
 2.43818e+16	3.56e-03	9.95e-01	1.51e-03
 2.44382e+16	3.81e-03	9.95e-01	1.44e-03
 2.44889e+16	4.06e-03	9.95e-01	1.38e-03
 2.45339e+16	4.31e-03	9.94e-01	1.32e-03
 2.45840e+16	4.62e-03	9.94e-01	1.27e-03
 2.46394e+16	5.02e-03	9.94e-01	1.21e-03
 2.46904e+16	5.45e-03	9.93e-01	1.16e-03
 2.47369e+16	5.89e-03	9.93e-01	1.11e-03
 2.47895e+16	6.47e-03	9.92e-01	1.06e-03
 2.48450e+16	7.19e-03	9.92e-01	1.02e-03
 2.48904e+16	7.92e-03	9.91e-01	9.80e-04
 2.49257e+16	8.56e-03	9.90e-01	9.55e-04
 2.49618e+16	9.34e-03	9.90e-01	9.26e-04
 2.50013e+16	1.03e-02	9.89e-01	8.97e-04
 2.50356e+16	1.14e-02	9.88e-01	8.75e-04
 2.50640e+16	1.23e-02	9.87e-01	8.60e-04
 2.50943e+16	1.35e-02	9.86e-01	8.41e-04
 2.51275e+16	1.51e-02	9.84e-01	8.23e-04
 2.51563e+16	1.67e-02	9.82e-01	8.07e-04
 2.51799e+16	1.83e-02	9.81e-01	7.97e-04
 2.52049e+16	2.02e-02	9.79e-01	7.85e-04
 2.52324e+16	2.27e-02	9.77e-01	7.76e-04
 2.52568e+16	2.54e-02	9.74e-01	7.68e-04
 2.52774e+16	2.80e-02	9.71e-01	7.66e-04
 2.52995e+16	3.13e-02	9.68e-01	7.62e-04
 2.53234e+16	3.56e-02	9.64e-01	7.62e-04
 2.53438e+16	4.01e-02	9.59e-01	7.63e-04
 2.53608e+16	4.44e-02	9.55e-01	7.67e-04
 2.53790e+16	4.99e-02	9.49e-01	7.70e-04
 2.53982e+16	5.66e-02	9.43e-01	7.81e-04
 2.54146e+16	6.35e-02	9.36e-01	7.91e-04
 2.54288e+16	7.03e-02	9.29e-01	8.03e-04
 2.54425e+16	7.81e-02	9.21e-01	8.14e-04
 2.54563e+16	8.67e-02	9.12e-01	8.32e-04
 2.54690e+16	9.59e-02	9.03e-01	8.47e-04
 2.54801e+16	1.05e-01	8.94e-01	8.63e-04
 2.54904e+16	1.15e-01	8.85e-01	8.77e-04
 2.55003e+16	1.24e-01	8.75e-01	8.96e-04
 2.55082e+16	1.33e-01	8.66e-01	9.10e-04
 2.55133e+16	1.39e-01	8.60e-01	9.19e-04
 2.55178e+16	1.45e-01	8.54e-01	9.27e-04
 2.55231e+16	1.52e-01	8.47e-01	9.38e-04
 2.55289e+16	1.60e-01	8.39e-01	9.50e-04
 2.55346e+16	1.69e-01	8.31e-01	9.60e-04
 2.55398e+16	1.76e-01	8.23e-01	9.74e-04
 2.55449e+16	1.85e-01	8.14e-01	9.83e-04
 2.55501e+16	1.94e-01	8.05e-01	9.96e-04
 2.55553e+16	2.04e-01	7.95e-01	1.01e-03
 2.55604e+16	2.13e-01	7.86e-01	1.02e-03
 2.55654e+16	2.24e-01	7.75e-01	1.03e-03
 2.55703e+16	2.34e-01	7.65e-01	1.04e-03
 2.55753e+16	2.45e-01	7.54e-01	1.05e-03
 2.55802e+16	2.57e-01	7.42e-01	1.06e-03
 2.55850e+16	2.68e-01	7.31e-01	1.08e-03
 2.55896e+16	2.80e-01	7.18e-01	1.09e-03
 2.55943e+16	2.93e-01	7.06e-01	1.10e-03
 2.55990e+16	3.06e-01	6.93e-01	1.11e-03
 2.56036e+16	3.19e-01	6.79e-01	1.12e-03
 2.56081e+16	3.33e-01	6.66e-01	1.13e-03
 2.56126e+16	3.47e-01	6.52e-01	1.14e-03
 2.56171e+16	3.61e-01	6.38e-01	1.14e-03
 2.56214e+16	3.76e-01	6.23e-01	1.15e-03
 2.56257e+16	3.90e-01	6.09e-01	1.16e-03
 2.56299e+16	4.05e-01	5.94e-01	1.16e-03
 2.56342e+16	4.20e-01	5.79e-01	1.17e-03
 2.56384e+16	4.36e-01	5.63e-01	1.17e-03
 2.56424e+16	4.51e-01	5.48e-01	1.18e-03
 2.56465e+16	4.66e-01	5.32e-01	1.18e-03
 2.56505e+16	4.82e-01	5.17e-01	1.18e-03
 2.56544e+16	4.97e-01	5.02e-01	1.18e-03
 2.56581e+16	5.12e-01	4.87e-01	1.18e-03
 2.56619e+16	5.27e-01	4.72e-01	1.18e-03
 2.56655e+16	5.42e-01	4.57e-01	1.18e-03
 2.56691e+16	5.56e-01	4.42e-01	1.18e-03
 2.56726e+16	5.71e-01	4.28e-01	1.17e-03
 2.56761e+16	5.85e-01	4.14e-01	1.17e-03
 2.56795e+16	5.99e-01	4.00e-01	1.16e-03
 2.56828e+16	6.12e-01	3.87e-01	1.16e-03
 2.56861e+16	6.25e-01	3.73e-01	1.15e-03
 2.56893e+16	6.38e-01	3.60e-01	1.14e-03
 2.56925e+16	6.51e-01	3.48e-01	1.13e-03
 2.56956e+16	6.63e-01	3.36e-01	1.12e-03
 2.56987e+16	6.75e-01	3.24e-01	1.11e-03
 2.57017e+16	6.87e-01	3.12e-01	1.10e-03
 2.57047e+16	6.98e-01	3.01e-01	1.09e-03
 2.57077e+16	7.09e-01	2.90e-01	1.08e-03
 2.57107e+16	7.20e-01	2.79e-01	1.06e-03
 2.57136e+16	7.30e-01	2.69e-01	1.05e-03
 2.57165e+16	7.40e-01	2.59e-01	1.04e-03
 2.57193e+16	7.50e-01	2.49e-01	1.02e-03
 2.57222e+16	7.60e-01	2.39e-01	1.01e-03
 2.57246e+16	7.68e-01	2.31e-01	9.92e-04
 2.57265e+16	7.74e-01	2.25e-01	9.80e-04
 2.57283e+16	7.79e-01	2.20e-01	9.68e-04
 2.57301e+16	7.85e-01	2.14e-01	9.56e-04
 2.57320e+16	7.91e-01	2.08e-01	9.43e-04
 2.57338e+16	7.97e-01	2.02e-01	9.31e-04
 2.57355e+16	8.02e-01	1.97e-01	9.19e-04
 2.57372e+16	8.07e-01	1.93e-01	9.08e-04
 2.57388e+16	8.11e-01	1.88e-01	8.96e-04
 2.57405e+16	8.16e-01	1.83e-01	8.84e-04
 2.57421e+16	8.20e-01	1.79e-01	8.73e-04
 2.57436e+16	8.24e-01	1.75e-01	8.62e-04
 2.57451e+16	8.28e-01	1.71e-01	8.51e-04
 2.57466e+16	8.32e-01	1.67e-01	8.40e-04
 2.57481e+16	8.36e-01	1.63e-01	8.29e-04
 2.57495e+16	8.40e-01	1.59e-01	8.18e-04
 2.57510e+16	8.43e-01	1.56e-01	8.07e-04
 2.57524e+16	8.47e-01	1.52e-01	7.96e-04
 2.57538e+16	8.50e-01	1.49e-01	7.85e-04
 2.57553e+16	8.53e-01	1.46e-01	7.74e-04
 2.57567e+16	8.57e-01	1.42e-01	7.62e-04
 2.57582e+16	8.60e-01	1.39e-01	7.51e-04
 2.57597e+16	8.63e-01	1.36e-01	7.39e-04
 2.57612e+16	8.67e-01	1.33e-01	7.27e-04
 2.57628e+16	8.70e-01	1.29e-01	7.15e-04
 2.57645e+16	8.73e-01	1.26e-01	7.03e-04
 2.57664e+16	8.77e-01	1.22e-01	6.89e-04
 2.57684e+16	8.81e-01	1.19e-01	6.73e-04
 2.57707e+16	8.85e-01	1.14e-01	6.56e-04
 2.57732e+16	8.89e-01	1.10e-01	6.38e-04
 2.57758e+16	8.94e-01	1.06e-01	6.19e-04
 2.57782e+16	8.97e-01	1.02e-01	6.01e-04
 2.57806e+16	9.01e-01	9.83e-02	5.83e-04
 2.57829e+16	9.05e-01	9.48e-02	5.66e-04
 2.57851e+16	9.08e-01	9.17e-02	5.50e-04
 2.57871e+16	9.11e-01	8.89e-02	5.35e-04
 2.57890e+16	9.13e-01	8.65e-02	5.22e-04
 2.57907e+16	9.15e-01	8.43e-02	5.10e-04
 2.57922e+16	9.17e-01	8.24e-02	4.99e-04
 2.57936e+16	9.19e-01	8.07e-02	4.88e-04
 2.57951e+16	9.21e-01	7.88e-02	4.78e-04
 2.57968e+16	9.23e-01	7.70e-02	4.67e-04
 2.57983e+16	9.24e-01	7.54e-02	4.58e-04
 2.57996e+16	9.26e-01	7.39e-02	4.48e-04
 2.58011e+16	9.27e-01	7.23e-02	4.39e-04
 2.58027e+16	9.29e-01	7.07e-02	4.29e-04
 2.58042e+16	9.30e-01	6.93e-02	4.21e-04
 2.58055e+16	9.32e-01	6.80e-02	4.13e-04
 2.58070e+16	9.33e-01	6.66e-02	4.04e-04
 2.58086e+16	9.34e-01	6.52e-02	3.95e-04
 2.58100e+16	9.36e-01	6.40e-02	3.87e-04
 2.58113e+16	9.37e-01	6.29e-02	3.80e-04
 2.58127e+16	9.38e-01	6.16e-02	3.72e-04
 2.58143e+16	9.39e-01	6.04e-02	3.64e-04
 2.58157e+16	9.40e-01	5.94e-02	3.57e-04
 2.58170e+16	9.41e-01	5.84e-02	3.50e-04
 2.58184e+16	9.42e-01	5.73e-02	3.43e-04
 2.58199e+16	9.43e-01	5.63e-02	3.36e-04
 2.58213e+16	9.44e-01	5.54e-02	3.30e-04
 2.58228e+16	9.45e-01	5.43e-02	3.22e-04
 2.58244e+16	9.46e-01	5.33e-02	3.16e-04
 2.58259e+16	9.47e-01	5.24e-02	3.09e-04
 2.58273e+16	9.48e-01	5.17e-02	3.04e-04
 2.58287e+16	9.49e-01	5.08e-02	2.98e-04
 2.58303e+16	9.50e-01	4.99e-02	2.92e-04
 2.58318e+16	9.51e-01	4.92e-02	2.87e-04
 2.58334e+16	9.51e-01	4.83e-02	2.81e-04
 2.58351e+16	9.52e-01	4.75e-02	2.75e-04
 2.58367e+16	9.53e-01	4.68e-02	2.70e-04
 2.58384e+16	9.54e-01	4.60e-02	2.64e-04
 2.58402e+16	9.55e-01	4.52e-02	2.59e-04
 2.58419e+16	9.55e-01	4.45e-02	2.54e-04
 2.58438e+16	9.56e-01	4.38e-02	2.49e-04
 2.58458e+16	9.57e-01	4.31e-02	2.44e-04
 2.58476e+16	9.57e-01	4.25e-02	2.40e-04
 2.58496e+16	9.58e-01	4.18e-02	2.35e-04
 2.58517e+16	9.59e-01	4.11e-02	2.30e-04
 2.58537e+16	9.59e-01	4.05e-02	2.26e-04
 2.58558e+16	9.60e-01	3.99e-02	2.22e-04
 2.58586e+16	9.61e-01	3.92e-02	2.17e-04
 2.58616e+16	9.61e-01	3.85e-02	2.12e-04
 2.58643e+16	9.62e-01	3.79e-02	2.08e-04
 2.58668e+16	9.62e-01	3.74e-02	2.04e-04
 2.58695e+16	9.63e-01	3.68e-02	2.00e-04
 2.58731e+16	9.64e-01	3.62e-02	1.96e-04
 2.58769e+16	9.64e-01	3.56e-02	1.92e-04
 2.58804e+16	9.65e-01	3.52e-02	1.88e-04
 2.58842e+16	9.65e-01	3.46e-02	1.85e-04
 2.58891e+16	9.66e-01	3.41e-02	1.80e-04
 2.58945e+16	9.66e-01	3.35e-02	1.77e-04
 2.58994e+16	9.67e-01	3.31e-02	1.74e-04
 2.59047e+16	9.67e-01	3.26e-02	1.70e-04
 2.59117e+16	9.68e-01	3.21e-02	1.66e-04
 2.59191e+16	9.68e-01	3.17e-02	1.63e-04
 2.59260e+16	9.69e-01	3.13e-02	1.60e-04
 2.59334e+16	9.69e-01	3.09e-02	1.56e-04
 2.59431e+16	9.69e-01	3.05e-02	1.53e-04
 2.59536e+16	9.70e-01	3.01e-02	1.50e-04
 2.59651e+16	9.70e-01	2.96e-02	1.46e-04
 2.59800e+16	9.71e-01	2.91e-02	1.41e-04
 2.59962e+16	9.71e-01	2.87e-02	1.37e-04
 2.60108e+16	9.72e-01	2.82e-02	1.33e-04
 2.60269e+16	9.72e-01	2.78e-02	1.29e-04
 2.60443e+16	9.73e-01	2.74e-02	1.26e-04
 2.60601e+16	9.73e-01	2.70e-02	1.22e-04
 2.60774e+16	9.73e-01	2.65e-02	1.18e-04
 2.60961e+16	9.74e-01	2.61e-02	1.15e-04
 2.61131e+16	9.74e-01	2.57e-02	1.11e-04
 2.61317e+16	9.75e-01	2.53e-02	1.08e-04
 2.61518e+16	9.75e-01	2.48e-02	1.04e-04
 2.61701e+16	9.75e-01	2.44e-02	1.01e-04
 2.61902e+16	9.76e-01	2.40e-02	9.75e-05
 2.62118e+16	9.76e-01	2.36e-02	9.42e-05
 2.62316e+16	9.77e-01	2.32e-02	9.12e-05
 2.62531e+16	9.77e-01	2.28e-02	8.79e-05
 2.62765e+16	9.78e-01	2.23e-02	8.47e-05
 2.62977e+16	9.78e-01	2.19e-02	8.19e-05
 2.63170e+16	9.78e-01	2.16e-02	7.94e-05
 2.63381e+16	9.79e-01	2.12e-02	7.67e-05
 2.63610e+16	9.79e-01	2.08e-02	7.41e-05
 2.63818e+16	9.79e-01	2.05e-02	7.17e-05
 2.64045e+16	9.80e-01	2.01e-02	6.91e-05
 2.64291e+16	9.80e-01	1.97e-02	6.66e-05
 2.64515e+16	9.81e-01	1.94e-02	6.44e-05
 2.64760e+16	9.81e-01	1.90e-02	6.20e-05
 2.65025e+16	9.81e-01	1.86e-02	5.96e-05
 2.65266e+16	9.82e-01	1.83e-02	5.76e-05
 2.65529e+16	9.82e-01	1.79e-02	5.53e-05
 2.65814e+16	9.82e-01	1.75e-02	5.30e-05
 2.66074e+16	9.83e-01	1.72e-02	5.11e-05
 2.66310e+16	9.83e-01	1.69e-02	4.95e-05
 2.66568e+16	9.83e-01	1.66e-02	4.76e-05
 2.66847e+16	9.84e-01	1.63e-02	4.58e-05
 2.67101e+16	9.84e-01	1.60e-02	4.43e-05
 2.67380e+16	9.84e-01	1.57e-02	4.25e-05
 2.67680e+16	9.85e-01	1.53e-02	4.08e-05
 2.67954e+16	9.85e-01	1.51e-02	3.94e-05
 2.68253e+16	9.85e-01	1.47e-02	3.77e-05
 2.68577e+16	9.86e-01	1.44e-02	3.62e-05
 2.68871e+16	9.86e-01	1.41e-02	3.48e-05
 2.69194e+16	9.86e-01	1.38e-02	3.33e-05
 2.69542e+16	9.86e-01	1.35e-02	3.18e-05
 2.69859e+16	9.87e-01	1.32e-02	3.06e-05
 2.70206e+16	9.87e-01	1.29e-02	2.92e-05
 2.70581e+16	9.87e-01	1.26e-02	2.79e-05
 2.70922e+16	9.88e-01	1.24e-02	2.67e-05
 2.71296e+16	9.88e-01	1.21e-02	2.55e-05
 2.71700e+16	9.88e-01	1.18e-02	2.43e-05
 2.72067e+16	9.88e-01	1.15e-02	2.32e-05
 2.72469e+16	9.89e-01	1.12e-02	2.21e-05
 2.72904e+16	9.89e-01	1.09e-02	2.10e-05
 2.73299e+16	9.89e-01	1.07e-02	2.00e-05
 2.73732e+16	9.90e-01	1.04e-02	1.90e-05
 2.74200e+16	9.90e-01	1.01e-02	1.80e-05
 2.74626e+16	9.90e-01	9.87e-03	1.72e-05
 2.75092e+16	9.90e-01	9.60e-03	1.63e-05
 2.75596e+16	9.91e-01	9.32e-03	1.54e-05
 2.76054e+16	9.91e-01	9.09e-03	1.46e-05
 2.76556e+16	9.91e-01	8.83e-03	1.38e-05
 2.77098e+16	9.91e-01	8.57e-03	1.30e-05
 2.77591e+16	9.92e-01	8.35e-03	1.24e-05
 2.78132e+16	9.92e-01	8.10e-03	1.16e-05
 2.78715e+16	9.92e-01	7.85e-03	1.10e-05
 2.79355e+16	9.92e-01	7.58e-03	1.02e-05
 2.80132e+16	9.93e-01	7.27e-03	9.41e-06
 2.80966e+16	9.93e-01	6.96e-03	8.64e-06
 2.81808e+16	9.93e-01	6.67e-03	7.94e-06
 2.82677e+16	9.94e-01	6.38e-03	7.28e-06
 2.83583e+16	9.94e-01	6.10e-03	6.66e-06
 2.84524e+16	9.94e-01	5.82e-03	6.08e-06
 2.85499e+16	9.94e-01	5.55e-03	5.54e-06
 2.86505e+16	9.95e-01	5.29e-03	5.04e-06
 2.87535e+16	9.95e-01	5.04e-03	4.58e-06
 2.88581e+16	9.95e-01	4.80e-03	4.16e-06
 2.89646e+16	9.95e-01	4.58e-03	3.78e-06
 2.90733e+16	9.96e-01	4.36e-03	3.43e-06
 2.91840e+16	9.96e-01	4.15e-03	3.11e-06
 2.92968e+16	9.96e-01	3.94e-03	2.81e-06
 2.94117e+16	9.96e-01	3.75e-03	2.55e-06
 2.95287e+16	9.96e-01	3.57e-03	2.31e-06
 2.96461e+16	9.97e-01	3.40e-03	2.09e-06
 2.97653e+16	9.97e-01	3.23e-03	1.89e-06
 2.98889e+16	9.97e-01	3.07e-03	1.71e-06
 3.00155e+16	9.97e-01	2.91e-03	1.54e-06
 3.01442e+16	9.97e-01	2.76e-03	1.39e-06
 3.02751e+16	9.97e-01	2.62e-03	1.25e-06
 3.04083e+16	9.98e-01	2.48e-03	1.12e-06
 3.05442e+16	9.98e-01	2.35e-03	1.01e-06
 3.06828e+16	9.98e-01	2.23e-03	9.05e-07
 3.08241e+16	9.98e-01	2.11e-03	8.11e-07
 3.09683e+16	9.98e-01	1.99e-03	7.26e-07
 3.11154e+16	9.98e-01	1.89e-03	6.49e-07
 3.12657e+16	9.98e-01	1.78e-03	5.80e-07
 3.14191e+16	9.98e-01	1.68e-03	5.17e-07
 3.15757e+16	9.98e-01	1.59e-03	4.60e-07
 3.17358e+16	9.99e-01	1.50e-03	4.09e-07
 3.18995e+16	9.99e-01	1.41e-03	3.63e-07
 3.20668e+16	9.99e-01	1.33e-03	3.22e-07
 3.22381e+16	9.99e-01	1.25e-03	2.84e-07
 3.24136e+16	9.99e-01	1.17e-03	2.51e-07
 3.25933e+16	9.99e-01	1.10e-03	2.21e-07
 3.27775e+16	9.99e-01	1.03e-03	1.94e-07
 3.29664e+16	9.99e-01	9.64e-04	1.70e-07
 3.31604e+16	9.99e-01	9.02e-04	1.49e-07
 3.33600e+16	9.99e-01	8.42e-04	1.29e-07
 3.35655e+16	9.99e-01	7.86e-04	1.13e-07
 3.37771e+16	9.99e-01	7.32e-04	9.76e-08
 3.39908e+16	9.99e-01	6.82e-04	8.46e-08
 3.42104e+16	9.99e-01	6.34e-04	7.29e-08
 3.44433e+16	9.99e-01	5.87e-04	6.24e-08
 3.46866e+16	9.99e-01	5.42e-04	5.31e-08
 3.49377e+16	1.00e+00	4.99e-04	4.50e-08
 3.51981e+16	1.00e+00	4.59e-04	3.80e-08
 3.54697e+16	1.00e+00	4.20e-04	3.18e-08
 3.57541e+16	1.00e+00	3.84e-04	2.64e-08
 3.60531e+16	1.00e+00	3.49e-04	2.18e-08
 3.63680e+16	1.00e+00	3.16e-04	1.78e-08
 3.66996e+16	1.00e+00	2.85e-04	1.44e-08
 3.70531e+16	1.00e+00	2.55e-04	1.15e-08
 3.74311e+16	1.00e+00	2.27e-04	9.08e-09
 3.78346e+16	1.00e+00	2.01e-04	7.05e-09
 3.82693e+16	1.00e+00	1.76e-04	5.38e-09
 3.87432e+16	1.00e+00	1.52e-04	4.01e-09
 3.92652e+16	1.00e+00	1.30e-04	2.91e-09
 3.98382e+16	1.00e+00	1.09e-04	2.05e-09
 4.04964e+16	1.00e+00	8.95e-05	1.37e-09
 4.12547e+16	1.00e+00	7.14e-05	8.66e-10
 4.20850e+16	1.00e+00	5.58e-05	5.28e-10
 4.29528e+16	1.00e+00	4.33e-05	3.18e-10
 4.38223e+16	1.00e+00	3.37e-05	1.93e-10
 4.46915e+16	1.00e+00	2.62e-05	1.18e-10
 4.55764e+16	1.00e+00	2.04e-05	7.14e-11
 4.64860e+16	1.00e+00	1.58e-05	4.31e-11
 4.74193e+16	1.00e+00	1.22e-05	2.58e-11
 4.83758e+16	1.00e+00	9.36e-06	1.55e-11
 4.93624e+16	1.00e+00	7.18e-06	9.19e-12
 5.03890e+16	1.00e+00	5.47e-06	5.39e-12
 5.14530e+16	1.00e+00	4.15e-06	3.14e-12
 5.25528e+16	1.00e+00	3.14e-06	1.81e-12
 5.37010e+16	1.00e+00	2.37e-06	1.04e-12
 5.49136e+16	1.00e+00	1.76e-06	5.81e-13
 5.61986e+16	1.00e+00	1.30e-06	3.19e-13
 5.75552e+16	1.00e+00	9.50e-07	1.72e-13
 5.89916e+16	1.00e+00	6.87e-07	9.07e-14
 6.05152e+16	1.00e+00	4.92e-07	4.68e-14
 6.20813e+16	1.00e+00	3.53e-07	2.43e-14
 6.36473e+16	1.00e+00	2.56e-07	1.28e-14
 6.52134e+16	1.00e+00	1.86e-07	6.85e-15
 6.67794e+16	1.00e+00	1.37e-07	3.72e-15
 6.83454e+16	1.00e+00	1.02e-07	2.06e-15
 6.99115e+16	1.00e+00	7.59e-08	1.15e-15
 7.14775e+16	1.00e+00	5.71e-08	6.52e-16
 7.32784e+16	1.00e+00	4.11e-08	3.39e-16
 7.53450e+16	1.00e+00	2.87e-08	1.66e-16
 7.74422e+16	1.00e+00	2.02e-08	8.26e-17
 7.97024e+16	1.00e+00	1.39e-08	3.93e-17
 8.21490e+16	1.00e+00	9.46e-09	1.82e-17
 8.46193e+16	1.00e+00	6.49e-09	8.58e-18
 8.70895e+16	1.00e+00	4.50e-09	4.14e-18
 8.96787e+16	1.00e+00	3.09e-09	1.95e-18
 9.24268e+16	1.00e+00	2.10e-09	9.08e-19
 9.52416e+16	1.00e+00	1.44e-09	4.23e-19
 9.80836e+16	1.00e+00	9.88e-10	2.01e-19
 1.00926e+17	1.00e+00	6.87e-10	9.72e-20
 1.03768e+17	1.00e+00	4.82e-10	4.79e-20
 1.06610e+17	1.00e+00	3.41e-10	2.41e-20
 1.09452e+17	1.00e+00	2.44e-10	1.23e-20
 1.12294e+17	1.00e+00	1.76e-10	6.39e-21
 1.15136e+17	1.00e+00	1.28e-10	0.00e+00
 1.18122e+17	1.00e+00	9.15e-11	0.00e+00
 1.21252e+17	1.00e+00	6.55e-11	0.00e+00
 1.24381e+17	1.00e+00	4.73e-11	0.00e+00
 1.27511e+17	1.00e+00	3.44e-11	0.00e+00
 1.30641e+17	1.00e+00	2.53e-11	0.00e+00
 1.33771e+17	1.00e+00	1.88e-11	0.00e+00
 1.36901e+17	1.00e+00	1.41e-11	0.00e+00
 1.40031e+17	1.00e+00	1.07e-11	0.00e+00
 1.43201e+17	1.00e+00	8.17e-12	0.00e+00
 1.46401e+17	1.00e+00	6.31e-12	0.00e+00
 1.49523e+17	1.00e+00	4.99e-12	0.00e+00
 1.52503e+17	1.00e+00	4.04e-12	0.00e+00
 1.55349e+17	1.00e+00	3.36e-12	0.00e+00
 1.58087e+17	1.00e+00	2.85e-12	0.00e+00
 1.60719e+17	1.00e+00	2.47e-12	0.00e+00
 1.63237e+17	1.00e+00	2.18e-12	0.00e+00
 1.65633e+17	1.00e+00	1.95e-12	0.00e+00
 1.67908e+17	1.00e+00	1.78e-12	0.00e+00
 1.70065e+17	1.00e+00	1.65e-12	0.00e+00
 1.72112e+17	1.00e+00	1.55e-12	0.00e+00
 1.74053e+17	1.00e+00	1.47e-12	0.00e+00
 1.75893e+17	1.00e+00	1.40e-12	0.00e+00
 1.77634e+17	1.00e+00	1.35e-12	0.00e+00
 1.79280e+17	1.00e+00	1.30e-12	0.00e+00
 1.80839e+17	1.00e+00	1.27e-12	0.00e+00
 1.82315e+17	1.00e+00	1.24e-12	0.00e+00
 1.83712e+17	1.00e+00	1.22e-12	0.00e+00
 1.85036e+17	1.00e+00	1.20e-12	0.00e+00
 1.86288e+17	1.00e+00	1.18e-12	0.00e+00
 1.87475e+17	1.00e+00	1.16e-12	0.00e+00
 1.88599e+17	1.00e+00	1.15e-12	0.00e+00
 1.89664e+17	1.00e+00	1.14e-12	0.00e+00
 1.90674e+17	1.00e+00	1.13e-12	0.00e+00
 1.91632e+17	1.00e+00	1.12e-12	0.00e+00
 1.92540e+17	1.00e+00	1.12e-12	0.00e+00
 1.93403e+17	1.00e+00	1.11e-12	0.00e+00
 1.94222e+17	1.00e+00	1.11e-12	0.00e+00
 1.94999e+17	1.00e+00	1.10e-12	0.00e+00
 1.95738e+17	1.00e+00	1.10e-12	0.00e+00
 1.96441e+17	1.00e+00	1.10e-12	0.00e+00
 1.97109e+17	1.00e+00	1.09e-12	0.00e+00
 1.97746e+17	1.00e+00	1.09e-12	0.00e+00
 1.98352e+17	1.00e+00	1.09e-12	0.00e+00
 1.98929e+17	1.00e+00	1.08e-12	0.00e+00
 1.99479e+17	1.00e+00	1.08e-12	0.00e+00
 2.00004e+17	1.00e+00	1.08e-12	0.00e+00
 2.00506e+17	1.00e+00	1.08e-12	0.00e+00
 2.00985e+17	1.00e+00	1.08e-12	0.00e+00
 2.01444e+17	1.00e+00	1.08e-12	0.00e+00
 2.01883e+17	1.00e+00	1.07e-12	0.00e+00
 2.02304e+17	1.00e+00	1.07e-12	0.00e+00
 2.02708e+17	1.00e+00	1.07e-12	0.00e+00
 2.03096e+17	1.00e+00	1.07e-12	0.00e+00
 2.03469e+17	1.00e+00	1.07e-12	0.00e+00
 2.03829e+17	1.00e+00	1.07e-12	0.00e+00
 2.04177e+17	1.00e+00	1.07e-12	0.00e+00
 2.04513e+17	1.00e+00	1.07e-12	0.00e+00
 2.04839e+17	1.00e+00	1.07e-12	0.00e+00
 2.05156e+17	1.00e+00	1.07e-12	0.00e+00
 2.05464e+17	1.00e+00	1.07e-12	0.00e+00
 2.05766e+17	1.00e+00	1.06e-12	0.00e+00
 2.06062e+17	1.00e+00	1.06e-12	0.00e+00
 2.06353e+17	1.00e+00	1.06e-12	0.00e+00
 2.06641e+17	1.00e+00	1.06e-12	0.00e+00
 2.06927e+17	1.00e+00	1.06e-12	0.00e+00
 2.07212e+17	1.00e+00	1.06e-12	0.00e+00
 2.07498e+17	1.00e+00	1.06e-12	0.00e+00
 2.07788e+17	1.00e+00	1.06e-12	0.00e+00
 2.08082e+17	1.00e+00	1.06e-12	0.00e+00
 2.08385e+17	1.00e+00	1.06e-12	0.00e+00
 2.08699e+17	1.00e+00	1.05e-12	0.00e+00
 2.09029e+17	1.00e+00	1.05e-12	0.00e+00
 2.09379e+17	1.00e+00	1.05e-12	0.00e+00
 2.09756e+17	1.00e+00	1.05e-12	0.00e+00
 2.10171e+17	1.00e+00	1.05e-12	0.00e+00
 2.10634e+17	1.00e+00	1.04e-12	0.00e+00
 2.11164e+17	1.00e+00	1.04e-12	0.00e+00
 2.11788e+17	1.00e+00	1.04e-12	0.00e+00
 2.12544e+17	1.00e+00	1.03e-12	0.00e+00
 2.13492e+17	1.00e+00	1.02e-12	0.00e+00
 2.14715e+17	1.00e+00	1.01e-12	0.00e+00
 2.16305e+17	1.00e+00	9.83e-13	0.00e+00
 2.18372e+17	1.00e+00	9.48e-13	0.00e+00
 2.21059e+17	1.00e+00	9.00e-13	0.00e+00
 2.24553e+17	1.00e+00	8.35e-13	0.00e+00
 2.29094e+17	1.00e+00	7.51e-13	0.00e+00
 2.34998e+17	1.00e+00	6.48e-13	0.00e+00
 2.42672e+17	1.00e+00	5.31e-13	0.00e+00
 2.51951e+17	1.00e+00	4.05e-13	0.00e+00
 2.62029e+17	1.00e+00	3.28e-13	0.00e+00
 2.72510e+17	1.00e+00	2.93e-13	0.00e+00
 2.83410e+17	1.00e+00	2.65e-13	0.00e+00
 2.94747e+17	1.00e+00	2.39e-13	0.00e+00
 3.06537e+17	1.00e+00	2.14e-13	0.00e+00
 3.18798e+17	1.00e+00	1.90e-13	0.00e+00
 3.31550e+17	1.00e+00	1.67e-13	0.00e+00
 3.44812e+17	1.00e+00	1.46e-13	0.00e+00
 3.58605e+17	1.00e+00	1.25e-13	0.00e+00
 3.72381e+17	1.00e+00	1.06e-13	0.00e+00
 3.85090e+17	1.00e+00	1.02e-13	0.00e+00
 3.96314e+17	1.00e+00	1.10e-13	0.00e+00
 4.06465e+17	1.00e+00	1.17e-13	0.00e+00
 4.16114e+17	1.00e+00	1.16e-13	0.00e+00
 4.25430e+17	1.00e+00	1.08e-13	0.00e+00
 4.34091e+17	1.00e+00	1.00e-13	0.00e+00
 4.41734e+17	1.00e+00	9.70e-14	0.00e+00
 4.48277e+17	1.00e+00	9.59e-14	0.00e+00
 4.53285e+17	1.00e+00	9.47e-14	0.00e+00
 4.56416e+17	1.00e+00	9.93e-14	0.00e+00
 4.58209e+17	1.00e+00	1.04e-13	0.00e+00
 4.59277e+17	1.00e+00	1.07e-13	0.00e+00
 4.59918e+17	1.00e+00	1.09e-13	0.00e+00
 4.60324e+17	1.00e+00	1.10e-13	0.00e+00
 4.60659e+17	1.00e+00	1.10e-13	0.00e+00
 4.61049e+17	1.00e+00	1.11e-13	0.00e+00
 4.61518e+17	1.00e+00	1.11e-13	0.00e+00
 4.61974e+17	1.00e+00	1.11e-13	0.00e+00
 4.62331e+17	1.00e+00	1.11e-13	0.00e+00
 4.62615e+17	1.00e+00	1.11e-13	0.00e+00
 4.62885e+17	1.00e+00	1.11e-13	0.00e+00
 4.63179e+17	1.00e+00	1.11e-13	0.00e+00
 4.63475e+17	1.00e+00	1.11e-13	0.00e+00
 4.63728e+17	1.00e+00	1.11e-13	0.00e+00
 4.63950e+17	1.00e+00	1.11e-13	0.00e+00
 4.64169e+17	1.00e+00	1.11e-13	0.00e+00
 4.64402e+17	1.00e+00	1.11e-13	0.00e+00
 4.64631e+17	1.00e+00	1.10e-13	0.00e+00
 4.64834e+17	1.00e+00	1.10e-13	0.00e+00
 4.65015e+17	1.00e+00	1.10e-13	0.00e+00
 4.65181e+17	1.00e+00	1.09e-13	0.00e+00
 4.65355e+17	1.00e+00	1.09e-13	0.00e+00
 4.65543e+17	1.00e+00	1.09e-13	0.00e+00
 4.65723e+17	1.00e+00	1.09e-13	0.00e+00
 4.65882e+17	1.00e+00	1.08e-13	0.00e+00
 4.66028e+17	1.00e+00	1.08e-13	0.00e+00
 4.66174e+17	1.00e+00	1.08e-13	0.00e+00
 4.66325e+17	1.00e+00	1.07e-13	0.00e+00
 4.66479e+17	1.00e+00	1.07e-13	0.00e+00
 4.66632e+17	1.00e+00	1.07e-13	0.00e+00
 4.66774e+17	1.00e+00	1.06e-13	0.00e+00
 4.66907e+17	1.00e+00	1.06e-13	0.00e+00
 4.67044e+17	1.00e+00	1.06e-13	0.00e+00
 4.67187e+17	1.00e+00	1.05e-13	0.00e+00
 4.67333e+17	1.00e+00	1.05e-13	0.00e+00
 4.67472e+17	1.00e+00	1.05e-13	0.00e+00
 4.67606e+17	1.00e+00	1.04e-13	0.00e+00
 4.67745e+17	1.00e+00	1.04e-13	0.00e+00
 4.67890e+17	1.00e+00	1.03e-13	0.00e+00
 4.68038e+17	1.00e+00	1.03e-13	0.00e+00
 4.68176e+17	1.00e+00	1.02e-13	0.00e+00
 4.68318e+17	1.00e+00	1.02e-13	0.00e+00
 4.68476e+17	1.00e+00	1.02e-13	0.00e+00
 4.68635e+17	1.00e+00	1.01e-13	0.00e+00
 4.68781e+17	1.00e+00	1.00e-13	0.00e+00
 4.68934e+17	1.00e+00	1.00e-13	0.00e+00
 4.69116e+17	1.00e+00	9.94e-14	0.00e+00
 4.69302e+17	1.00e+00	9.87e-14	0.00e+00
 4.69470e+17	1.00e+00	9.81e-14	0.00e+00
 4.69623e+17	1.00e+00	9.75e-14	0.00e+00
 4.69783e+17	1.00e+00	9.70e-14	0.00e+00
 4.69966e+17	1.00e+00	9.63e-14	0.00e+00
 4.70168e+17	1.00e+00	9.56e-14	0.00e+00
 4.70367e+17	1.00e+00	9.47e-14	0.00e+00
 4.70544e+17	1.00e+00	9.40e-14	0.00e+00
 4.70725e+17	1.00e+00	9.34e-14	0.00e+00
 4.70936e+17	1.00e+00	9.26e-14	0.00e+00
 4.71168e+17	1.00e+00	9.17e-14	0.00e+00
 4.71401e+17	1.00e+00	9.07e-14	0.00e+00
 4.71615e+17	1.00e+00	8.98e-14	0.00e+00
 4.71821e+17	1.00e+00	8.90e-14	0.00e+00
 4.72046e+17	1.00e+00	8.81e-14	0.00e+00
 4.72290e+17	1.00e+00	8.71e-14	0.00e+00
 4.72549e+17	1.00e+00	8.60e-14	0.00e+00
 4.72817e+17	1.00e+00	8.49e-14	0.00e+00
 4.73082e+17	1.00e+00	8.37e-14	0.00e+00
 4.73336e+17	1.00e+00	8.27e-14	0.00e+00
 4.73598e+17	1.00e+00	8.16e-14	0.00e+00
 4.73886e+17	1.00e+00	8.04e-14	0.00e+00
 4.74194e+17	1.00e+00	7.91e-14	0.00e+00
 4.74498e+17	1.00e+00	7.78e-14	0.00e+00
 4.74797e+17	1.00e+00	7.65e-14	0.00e+00
 4.75104e+17	1.00e+00	7.52e-14	0.00e+00
 4.75439e+17	1.00e+00	7.38e-14	0.00e+00
 4.75794e+17	1.00e+00	7.23e-14	0.00e+00
 4.76136e+17	1.00e+00	7.08e-14	0.00e+00
 4.76467e+17	1.00e+00	6.94e-14	0.00e+00
 4.76820e+17	1.00e+00	6.80e-14	0.00e+00
 4.77214e+17	1.00e+00	6.64e-14	0.00e+00
 4.77610e+17	1.00e+00	6.46e-14	0.00e+00
 4.77983e+17	1.00e+00	6.31e-14	0.00e+00
 4.78366e+17	1.00e+00	6.15e-14	0.00e+00
 4.78779e+17	1.00e+00	5.99e-14	0.00e+00
 4.79212e+17	1.00e+00	5.82e-14	0.00e+00
 4.79644e+17	1.00e+00	5.64e-14	0.00e+00
 4.80063e+17	1.00e+00	5.47e-14	0.00e+00
 4.80496e+17	1.00e+00	5.31e-14	0.00e+00
 4.80962e+17	1.00e+00	5.13e-14	0.00e+00
 4.81446e+17	1.00e+00	4.95e-14	0.00e+00
 4.81926e+17	1.00e+00	4.77e-14	0.00e+00
 4.82405e+17	1.00e+00	4.59e-14	0.00e+00
 4.82898e+17	1.00e+00	4.41e-14	0.00e+00
 4.83408e+17	1.00e+00	4.24e-14	0.00e+00
 4.83927e+17	1.00e+00	4.05e-14	0.00e+00
 4.84452e+17	1.00e+00	3.88e-14	0.00e+00
 4.84985e+17	1.00e+00	3.71e-14	0.00e+00
 4.85550e+17	1.00e+00	3.53e-14	0.00e+00
 4.86138e+17	1.00e+00	3.34e-14	0.00e+00
 4.86711e+17	1.00e+00	3.17e-14	0.00e+00
 4.87278e+17	1.00e+00	3.00e-14	0.00e+00
 4.87871e+17	1.00e+00	2.84e-14	0.00e+00
 4.88503e+17	1.00e+00	2.68e-14	0.00e+00
 4.89169e+17	1.00e+00	2.51e-14	0.00e+00
 4.89849e+17	1.00e+00	2.34e-14	0.00e+00
 4.90523e+17	1.00e+00	2.17e-14	0.00e+00
 4.91200e+17	1.00e+00	2.02e-14	0.00e+00
 4.91900e+17	1.00e+00	1.88e-14	0.00e+00
 4.92584e+17	1.00e+00	1.73e-14	0.00e+00
 4.93187e+17	1.00e+00	1.61e-14	0.00e+00
 4.93697e+17	1.00e+00	1.51e-14	0.00e+00
 4.94158e+17	1.00e+00	1.43e-14	0.00e+00
 4.94608e+17	1.00e+00	1.36e-14	0.00e+00
 4.95059e+17	1.00e+00	1.28e-14	0.00e+00
 4.95494e+17	1.00e+00	1.22e-14	0.00e+00
 4.95898e+17	1.00e+00	1.15e-14	0.00e+00
 4.96272e+17	1.00e+00	1.10e-14	0.00e+00
 4.96629e+17	1.00e+00	1.05e-14	0.00e+00
 4.96980e+17	1.00e+00	1.00e-14	0.00e+00
 4.97324e+17	1.00e+00	9.60e-15	0.00e+00
 4.97653e+17	1.00e+00	9.18e-15	0.00e+00
 4.97967e+17	1.00e+00	8.79e-15	0.00e+00
 4.98268e+17	1.00e+00	8.43e-15	0.00e+00
 4.98559e+17	1.00e+00	8.10e-15	0.00e+00
 4.98842e+17	1.00e+00	7.78e-15	0.00e+00
 4.99117e+17	1.00e+00	7.47e-15	0.00e+00
 4.99382e+17	1.00e+00	7.18e-15	0.00e+00
 4.99638e+17	1.00e+00	6.90e-15	0.00e+00
 4.99885e+17	1.00e+00	6.65e-15	0.00e+00
 5.00124e+17	1.00e+00	6.41e-15	0.00e+00
 5.00357e+17	1.00e+00	6.18e-15	0.00e+00
 5.00585e+17	1.00e+00	5.96e-15	0.00e+00
 5.00807e+17	1.00e+00	5.75e-15	0.00e+00
 5.01023e+17	1.00e+00	5.55e-15	0.00e+00
 5.01233e+17	1.00e+00	5.35e-15	0.00e+00
 5.01435e+17	1.00e+00	5.17e-15	0.00e+00
 5.01629e+17	1.00e+00	5.01e-15	0.00e+00
 5.01822e+17	1.00e+00	4.85e-15	0.00e+00
 5.02043e+17	1.00e+00	4.70e-15	0.00e+00
 5.02330e+17	1.00e+00	4.49e-15	0.00e+00
 5.02704e+17	1.00e+00	4.25e-15	0.00e+00
 5.03190e+17	1.00e+00	3.93e-15	0.00e+00
 5.03822e+17	1.00e+00	3.56e-15	0.00e+00
 5.04643e+17	1.00e+00	3.11e-15	0.00e+00
 5.05620e+17	1.00e+00	2.60e-15	0.00e+00
 5.06541e+17	1.00e+00	2.13e-15	0.00e+00
 5.07238e+17	1.00e+00	1.81e-15	0.00e+00
 5.07759e+17	1.00e+00	1.62e-15	0.00e+00
 5.08243e+17	1.00e+00	1.47e-15	0.00e+00
 5.08789e+17	1.00e+00	1.33e-15	0.00e+00
 5.09405e+17	1.00e+00	1.18e-15	0.00e+00
 5.10032e+17	1.00e+00	1.04e-15	0.00e+00
 5.10614e+17	1.00e+00	9.14e-16	0.00e+00
 5.11148e+17	1.00e+00	8.18e-16	0.00e+00
 5.11681e+17	1.00e+00	7.36e-16	0.00e+00
 5.12255e+17	1.00e+00	6.58e-16	0.00e+00
