#depth	C	C+	C+2	C+3	C+4	C+5	C+6	C[1]	C[2]	C[3]	C+[1]	C+[2]	CO
 1.49634e+10	2.81e-47	7.40e-36	2.47e-25	1.89e-15	7.58e-05	2.81e-01	7.19e-01	0.00e+00	0.00e+00	0.00e+00	0.00e+00	0.00e+00	0.00e+00
 4.54887e+10	0.00e+00	1.07e-35	3.31e-25	2.34e-15	8.67e-05	2.97e-01	7.03e-01	0.00e+00	0.00e+00	0.00e+00	0.00e+00	0.00e+00	0.00e+00
 7.72350e+10	6.92e-47	1.56e-35	4.44e-25	2.90e-15	9.92e-05	3.14e-01	6.86e-01	0.00e+00	0.00e+00	0.00e+00	0.00e+00	0.00e+00	0.00e+00
 1.10251e+11	0.00e+00	2.25e-35	5.94e-25	3.58e-15	1.13e-04	3.31e-01	6.69e-01	0.00e+00	0.00e+00	0.00e+00	0.00e+00	0.00e+00	0.00e+00
 1.42032e+11	1.64e-46	3.17e-35	7.77e-25	4.36e-15	1.28e-04	3.48e-01	6.52e-01	0.00e+00	0.00e+00	0.00e+00	0.00e+00	0.00e+00	6.62e-147
 1.71645e+11	0.00e+00	4.31e-35	9.89e-25	5.19e-15	1.43e-04	3.63e-01	6.37e-01	0.00e+00	0.00e+00	0.00e+00	0.00e+00	0.00e+00	3.08e-211
 2.04999e+11	3.57e-46	6.02e-35	1.29e-24	6.28e-15	1.61e-04	3.80e-01	6.20e-01	0.00e+00	0.00e+00	0.00e+00	0.00e+00	0.00e+00	4.91e-146
 2.43126e+11	0.00e+00	8.67e-35	1.71e-24	7.73e-15	1.83e-04	3.98e-01	6.01e-01	0.00e+00	0.00e+00	0.00e+00	0.00e+00	0.00e+00	9.49e-211
 2.80943e+11	8.51e-46	1.23e-34	2.25e-24	9.42e-15	2.07e-04	4.17e-01	5.83e-01	0.00e+00	0.00e+00	0.00e+00	0.00e+00	0.00e+00	4.64e-145
 3.20273e+11	0.00e+00	1.74e-34	2.95e-24	1.15e-14	2.33e-04	4.35e-01	5.65e-01	0.00e+00	0.00e+00	0.00e+00	0.00e+00	0.00e+00	3.58e-210
 3.63011e+11	2.02e-45	2.50e-34	3.92e-24	1.41e-14	2.64e-04	4.55e-01	5.45e-01	0.00e+00	0.00e+00	0.00e+00	0.00e+00	0.00e+00	1.77e-275
 4.07458e+11	0.00e+00	3.58e-34	5.19e-24	1.72e-14	2.99e-04	4.74e-01	5.25e-01	0.00e+00	0.00e+00	0.00e+00	0.00e+00	0.00e+00	2.64e-165
 4.53684e+11	4.86e-45	5.13e-34	6.87e-24	2.11e-14	3.38e-04	4.94e-01	5.05e-01	0.00e+00	0.00e+00	0.00e+00	0.00e+00	0.00e+00	4.90e-231
 5.01758e+11	0.00e+00	7.35e-34	9.09e-24	2.57e-14	3.81e-04	5.14e-01	4.86e-01	0.00e+00	0.00e+00	0.00e+00	0.00e+00	0.00e+00	5.85e-297
 5.51755e+11	1.17e-44	1.05e-33	1.20e-23	3.14e-14	4.30e-04	5.34e-01	4.66e-01	0.00e+00	0.00e+00	0.00e+00	0.00e+00	0.00e+00	4.26e-142
 6.03752e+11	0.00e+00	1.50e-33	1.58e-23	3.82e-14	4.84e-04	5.53e-01	4.46e-01	0.00e+00	0.00e+00	0.00e+00	0.00e+00	0.00e+00	1.86e-208
 6.57829e+11	2.78e-44	2.14e-33	2.09e-23	4.65e-14	5.44e-04	5.73e-01	4.27e-01	0.00e+00	0.00e+00	0.00e+00	0.00e+00	0.00e+00	4.19e-141
 7.14068e+11	0.00e+00	3.05e-33	2.75e-23	5.65e-14	6.10e-04	5.92e-01	4.07e-01	0.00e+00	0.00e+00	0.00e+00	0.00e+00	0.00e+00	6.90e-208
 7.72558e+11	6.61e-44	4.34e-33	3.61e-23	6.86e-14	6.84e-04	6.11e-01	3.88e-01	0.00e+00	0.00e+00	0.00e+00	0.00e+00	0.00e+00	4.12e-140
 8.33387e+11	0.00e+00	6.17e-33	4.74e-23	8.32e-14	7.66e-04	6.30e-01	3.69e-01	0.00e+00	0.00e+00	0.00e+00	0.00e+00	0.00e+00	2.53e-207
 8.96649e+11	1.57e-43	8.76e-33	6.22e-23	1.01e-13	8.57e-04	6.48e-01	3.51e-01	0.00e+00	0.00e+00	0.00e+00	0.00e+00	0.00e+00	4.04e-139
 9.62442e+11	0.00e+00	1.24e-32	8.15e-23	1.22e-13	9.57e-04	6.66e-01	3.33e-01	0.00e+00	0.00e+00	0.00e+00	0.00e+00	0.00e+00	9.09e-207
 1.02687e+12	3.61e-43	1.73e-32	1.05e-22	1.46e-13	1.06e-03	6.83e-01	3.16e-01	0.00e+00	0.00e+00	0.00e+00	0.00e+00	0.00e+00	3.70e-138
 1.08657e+12	0.00e+00	2.32e-32	1.32e-22	1.71e-13	1.16e-03	6.97e-01	3.02e-01	0.00e+00	0.00e+00	0.00e+00	0.00e+00	0.00e+00	3.25e-206
 1.15265e+12	7.63e-43	3.18e-32	1.68e-22	2.03e-13	1.28e-03	7.12e-01	2.87e-01	0.00e+00	0.00e+00	0.00e+00	0.00e+00	0.00e+00	2.72e-137
 1.22869e+12	0.00e+00	4.50e-32	2.20e-22	2.45e-13	1.43e-03	7.28e-01	2.71e-01	0.00e+00	0.00e+00	0.00e+00	0.00e+00	0.00e+00	8.87e-206
 1.30353e+12	1.76e-42	6.26e-32	2.83e-22	2.92e-13	1.58e-03	7.42e-01	2.56e-01	0.00e+00	0.00e+00	0.00e+00	0.00e+00	0.00e+00	2.51e-136
 1.38136e+12	0.00e+00	8.70e-32	3.65e-22	3.48e-13	1.74e-03	7.57e-01	2.42e-01	0.00e+00	0.00e+00	0.00e+00	0.00e+00	0.00e+00	2.78e-205
 1.46655e+12	4.04e-42	1.23e-31	4.76e-22	4.19e-13	1.94e-03	7.71e-01	2.27e-01	0.00e+00	0.00e+00	0.00e+00	0.00e+00	0.00e+00	2.33e-135
 1.55310e+12	0.00e+00	1.73e-31	6.17e-22	5.03e-13	2.15e-03	7.84e-01	2.14e-01	0.00e+00	0.00e+00	0.00e+00	0.00e+00	0.00e+00	7.50e-205
 1.64312e+12	9.32e-42	2.42e-31	8.01e-22	6.02e-13	2.37e-03	7.97e-01	2.01e-01	0.00e+00	0.00e+00	0.00e+00	0.00e+00	0.00e+00	2.18e-134
 1.73877e+12	0.00e+00	3.43e-31	1.04e-21	7.24e-13	2.63e-03	8.10e-01	1.88e-01	0.00e+00	0.00e+00	0.00e+00	0.00e+00	0.00e+00	1.44e-204
 1.83824e+12	2.19e-41	4.85e-31	1.36e-21	8.70e-13	2.91e-03	8.21e-01	1.76e-01	0.00e+00	0.00e+00	0.00e+00	0.00e+00	0.00e+00	2.16e-133
 1.94170e+12	0.00e+00	6.86e-31	1.78e-21	1.05e-12	3.23e-03	8.33e-01	1.64e-01	0.00e+00	0.00e+00	0.00e+00	0.00e+00	0.00e+00	0.00e+00
 2.04930e+12	5.16e-41	9.70e-31	2.32e-21	1.26e-12	3.57e-03	8.43e-01	1.53e-01	0.00e+00	0.00e+00	0.00e+00	0.00e+00	0.00e+00	2.14e-132
 2.16119e+12	0.00e+00	1.37e-30	3.02e-21	1.51e-12	3.95e-03	8.53e-01	1.43e-01	0.00e+00	0.00e+00	0.00e+00	0.00e+00	0.00e+00	0.00e+00
 2.27757e+12	1.22e-40	1.94e-30	3.94e-21	1.81e-12	4.37e-03	8.62e-01	1.33e-01	0.00e+00	0.00e+00	0.00e+00	0.00e+00	0.00e+00	2.14e-131
 2.39860e+12	0.00e+00	2.75e-30	5.14e-21	2.18e-12	4.84e-03	8.71e-01	1.24e-01	0.00e+00	0.00e+00	0.00e+00	0.00e+00	0.00e+00	0.00e+00
 2.51261e+12	2.76e-40	3.77e-30	6.55e-21	2.57e-12	5.30e-03	8.79e-01	1.16e-01	0.00e+00	0.00e+00	0.00e+00	0.00e+00	0.00e+00	1.93e-130
 2.61489e+12	0.00e+00	4.96e-30	8.07e-21	2.97e-12	5.73e-03	8.85e-01	1.09e-01	0.00e+00	0.00e+00	0.00e+00	0.00e+00	0.00e+00	0.00e+00
 2.72981e+12	5.62e-40	6.70e-30	1.02e-20	3.48e-12	6.24e-03	8.91e-01	1.03e-01	0.00e+00	0.00e+00	0.00e+00	0.00e+00	0.00e+00	1.30e-129
 2.86562e+12	0.00e+00	9.44e-30	1.32e-20	4.16e-12	6.89e-03	8.98e-01	9.53e-02	0.00e+00	0.00e+00	0.00e+00	0.00e+00	0.00e+00	0.00e+00
 3.00133e+12	1.29e-39	1.31e-29	1.70e-20	4.95e-12	7.56e-03	9.04e-01	8.87e-02	0.00e+00	0.00e+00	0.00e+00	0.00e+00	0.00e+00	1.20e-128
 3.12915e+12	0.00e+00	1.77e-29	2.13e-20	5.79e-12	8.24e-03	9.09e-01	8.31e-02	0.00e+00	0.00e+00	0.00e+00	0.00e+00	0.00e+00	0.00e+00
 3.27093e+12	2.79e-39	2.45e-29	2.73e-20	6.86e-12	9.02e-03	9.14e-01	7.73e-02	0.00e+00	0.00e+00	0.00e+00	0.00e+00	0.00e+00	9.45e-128
 3.43170e+12	0.00e+00	3.48e-29	3.57e-20	8.25e-12	9.97e-03	9.19e-01	7.15e-02	0.00e+00	0.00e+00	0.00e+00	0.00e+00	0.00e+00	0.00e+00
 3.59237e+12	6.58e-39	4.89e-29	4.64e-20	9.86e-12	1.10e-02	9.23e-01	6.62e-02	0.00e+00	0.00e+00	0.00e+00	0.00e+00	0.00e+00	9.38e-127
 3.75946e+12	0.00e+00	6.88e-29	6.01e-20	1.18e-11	1.21e-02	9.27e-01	6.13e-02	0.00e+00	0.00e+00	0.00e+00	0.00e+00	0.00e+00	0.00e+00
 3.93977e+12	1.56e-38	9.83e-29	7.89e-20	1.42e-11	1.33e-02	9.30e-01	5.65e-02	0.00e+00	0.00e+00	0.00e+00	0.00e+00	0.00e+00	9.40e-126
 4.10880e+12	0.00e+00	1.35e-28	1.01e-19	1.68e-11	1.46e-02	9.33e-01	5.25e-02	0.00e+00	0.00e+00	0.00e+00	0.00e+00	0.00e+00	0.00e+00
 4.25958e+12	3.27e-38	1.79e-28	1.25e-19	1.94e-11	1.58e-02	9.35e-01	4.92e-02	0.00e+00	0.00e+00	0.00e+00	0.00e+00	0.00e+00	6.80e-125
 4.42898e+12	0.00e+00	2.42e-28	1.57e-19	2.27e-11	1.71e-02	9.37e-01	4.58e-02	0.00e+00	0.00e+00	0.00e+00	0.00e+00	0.00e+00	0.00e+00
 4.63019e+12	7.31e-38	3.43e-28	2.05e-19	2.72e-11	1.89e-02	9.39e-01	4.22e-02	0.00e+00	0.00e+00	0.00e+00	0.00e+00	0.00e+00	5.82e-124
 4.83227e+12	0.00e+00	4.82e-28	2.66e-19	3.25e-11	2.07e-02	9.40e-01	3.89e-02	0.00e+00	0.00e+00	0.00e+00	0.00e+00	0.00e+00	0.00e+00
 5.02054e+12	1.63e-37	6.55e-28	3.36e-19	3.81e-11	2.25e-02	9.41e-01	3.62e-02	0.00e+00	0.00e+00	0.00e+00	0.00e+00	0.00e+00	4.90e-123
 5.22941e+12	0.00e+00	9.07e-28	4.31e-19	4.52e-11	2.46e-02	9.42e-01	3.35e-02	0.00e+00	0.00e+00	0.00e+00	0.00e+00	0.00e+00	0.00e+00
 5.46852e+12	3.82e-37	1.30e-27	5.69e-19	5.45e-11	2.72e-02	9.42e-01	3.06e-02	0.00e+00	0.00e+00	0.00e+00	0.00e+00	0.00e+00	4.73e-122
 5.70353e+12	0.00e+00	1.84e-27	7.39e-19	6.52e-11	2.99e-02	9.42e-01	2.82e-02	0.00e+00	0.00e+00	0.00e+00	0.00e+00	0.00e+00	0.00e+00
 5.94793e+12	8.96e-37	2.60e-27	9.62e-19	7.80e-11	3.28e-02	9.41e-01	2.59e-02	0.00e+00	0.00e+00	0.00e+00	0.00e+00	0.00e+00	4.54e-121
 6.21578e+12	0.00e+00	3.72e-27	1.27e-18	9.40e-11	3.61e-02	9.40e-01	2.37e-02	0.00e+00	0.00e+00	0.00e+00	0.00e+00	0.00e+00	0.00e+00
 6.48593e+12	2.18e-36	5.33e-27	1.67e-18	1.13e-10	3.98e-02	9.39e-01	2.16e-02	0.00e+00	0.00e+00	0.00e+00	0.00e+00	0.00e+00	4.81e-120
 6.76688e+12	0.00e+00	7.60e-27	2.19e-18	1.36e-10	4.37e-02	9.37e-01	1.98e-02	0.00e+00	0.00e+00	0.00e+00	0.00e+00	0.00e+00	0.00e+00
 7.06748e+12	5.33e-36	1.10e-26	2.90e-18	1.65e-10	4.82e-02	9.34e-01	1.80e-02	0.00e+00	0.00e+00	0.00e+00	0.00e+00	0.00e+00	5.12e-119
 7.36488e+12	0.00e+00	1.56e-26	3.78e-18	1.97e-10	5.28e-02	9.31e-01	1.64e-02	0.00e+00	0.00e+00	0.00e+00	0.00e+00	0.00e+00	0.00e+00
 7.67418e+12	1.27e-35	2.21e-26	4.95e-18	2.37e-10	5.79e-02	9.27e-01	1.50e-02	0.00e+00	0.00e+00	0.00e+00	0.00e+00	0.00e+00	5.05e-118
 8.01107e+12	0.00e+00	3.19e-26	6.56e-18	2.86e-10	6.38e-02	9.23e-01	1.36e-02	0.00e+00	0.00e+00	0.00e+00	0.00e+00	0.00e+00	0.00e+00
 8.36144e+12	3.14e-35	4.61e-26	8.69e-18	3.46e-10	7.01e-02	9.18e-01	1.23e-02	0.00e+00	0.00e+00	0.00e+00	0.00e+00	0.00e+00	5.58e-117
 8.72582e+12	0.00e+00	6.65e-26	1.15e-17	4.19e-10	7.71e-02	9.12e-01	1.12e-02	0.00e+00	0.00e+00	0.00e+00	0.00e+00	0.00e+00	0.00e+00
 9.10478e+12	7.79e-35	9.60e-26	1.53e-17	5.07e-10	8.47e-02	9.05e-01	1.01e-02	0.00e+00	0.00e+00	0.00e+00	0.00e+00	0.00e+00	6.13e-116
 9.49890e+12	1.22e-34	1.38e-25	2.02e-17	6.12e-10	9.30e-02	8.98e-01	9.13e-03	0.00e+00	0.00e+00	0.00e+00	0.00e+00	0.00e+00	3.89e-98
 9.85578e+12	1.82e-34	1.91e-25	2.59e-17	7.23e-10	1.01e-01	8.91e-01	8.34e-03	0.00e+00	0.00e+00	0.00e+00	0.00e+00	0.00e+00	1.31e-282
 1.01538e+13	2.50e-34	2.47e-25	3.15e-17	8.26e-10	1.08e-01	8.85e-01	7.75e-03	0.00e+00	0.00e+00	0.00e+00	0.00e+00	0.00e+00	1.33e-114
 1.04807e+13	3.50e-34	3.24e-25	3.89e-17	9.51e-10	1.15e-01	8.78e-01	7.16e-03	0.00e+00	0.00e+00	0.00e+00	0.00e+00	0.00e+00	4.06e-97
 1.08936e+13	5.28e-34	4.52e-25	5.03e-17	1.13e-09	1.25e-01	8.68e-01	6.49e-03	0.00e+00	0.00e+00	0.00e+00	0.00e+00	0.00e+00	0.00e+00
 1.13239e+13	7.98e-34	6.32e-25	6.51e-17	1.34e-09	1.36e-01	8.58e-01	5.87e-03	0.00e+00	0.00e+00	0.00e+00	0.00e+00	0.00e+00	2.89e-113
 1.16919e+13	1.12e-33	8.32e-25	8.05e-17	1.55e-09	1.45e-01	8.49e-01	5.40e-03	0.00e+00	0.00e+00	0.00e+00	0.00e+00	0.00e+00	5.44e-96
 1.20737e+13	1.57e-33	1.10e-24	9.95e-17	1.79e-09	1.55e-01	8.40e-01	4.96e-03	0.00e+00	0.00e+00	0.00e+00	0.00e+00	0.00e+00	1.28e-283
 1.25503e+13	2.36e-33	1.52e-24	1.28e-16	2.12e-09	1.68e-01	8.28e-01	4.47e-03	0.00e+00	0.00e+00	0.00e+00	0.00e+00	0.00e+00	5.18e-112
 1.30333e+13	3.51e-33	2.10e-24	1.65e-16	2.50e-09	1.81e-01	8.15e-01	4.04e-03	0.00e+00	0.00e+00	0.00e+00	0.00e+00	0.00e+00	6.92e-95
 1.34531e+13	4.87e-33	2.74e-24	2.02e-16	2.87e-09	1.93e-01	8.03e-01	3.70e-03	0.00e+00	0.00e+00	0.00e+00	0.00e+00	0.00e+00	3.59e-111
 1.39072e+13	6.86e-33	3.62e-24	2.51e-16	3.31e-09	2.06e-01	7.91e-01	3.38e-03	0.00e+00	0.00e+00	0.00e+00	0.00e+00	0.00e+00	3.11e-94
 1.44621e+13	1.03e-32	5.02e-24	3.22e-16	3.91e-09	2.22e-01	7.75e-01	3.02e-03	0.00e+00	0.00e+00	0.00e+00	0.00e+00	0.00e+00	2.65e-110
 1.50277e+13	1.52e-32	6.89e-24	4.12e-16	4.60e-09	2.38e-01	7.59e-01	2.71e-03	0.00e+00	0.00e+00	0.00e+00	0.00e+00	0.00e+00	1.83e-93
 1.55445e+13	2.13e-32	9.09e-24	5.10e-16	5.30e-09	2.53e-01	7.44e-01	2.46e-03	0.00e+00	0.00e+00	0.00e+00	0.00e+00	0.00e+00	1.92e-109
 1.61183e+13	3.06e-32	1.22e-23	6.40e-16	6.15e-09	2.70e-01	7.28e-01	2.21e-03	0.00e+00	0.00e+00	0.00e+00	0.00e+00	0.00e+00	8.92e-93
 1.67865e+13	4.58e-32	1.69e-23	8.23e-16	7.26e-09	2.90e-01	7.08e-01	1.96e-03	0.00e+00	0.00e+00	0.00e+00	0.00e+00	0.00e+00	1.55e-108
 1.74480e+13	6.70e-32	2.30e-23	1.04e-15	8.48e-09	3.09e-01	6.89e-01	1.75e-03	0.00e+00	0.00e+00	0.00e+00	0.00e+00	0.00e+00	5.25e-92
 1.80800e+13	9.47e-32	3.04e-23	1.29e-15	9.76e-09	3.27e-01	6.71e-01	1.57e-03	0.00e+00	0.00e+00	0.00e+00	0.00e+00	0.00e+00	1.15e-107
 1.87770e+13	1.36e-31	4.08e-23	1.62e-15	1.13e-08	3.47e-01	6.52e-01	1.40e-03	0.00e+00	0.00e+00	0.00e+00	0.00e+00	0.00e+00	2.65e-91
 1.95580e+13	2.01e-31	5.59e-23	2.06e-15	1.32e-08	3.69e-01	6.30e-01	1.23e-03	0.00e+00	0.00e+00	0.00e+00	0.00e+00	0.00e+00	9.34e-107
 2.03428e+13	2.92e-31	7.54e-23	2.59e-15	1.53e-08	3.91e-01	6.08e-01	1.09e-03	0.00e+00	0.00e+00	0.00e+00	0.00e+00	0.00e+00	1.53e-90
 2.10462e+13	4.01e-31	9.74e-23	3.16e-15	1.74e-08	4.10e-01	5.89e-01	9.77e-04	0.00e+00	0.00e+00	0.00e+00	0.00e+00	0.00e+00	6.51e-106
 2.16426e+13	5.20e-31	1.20e-22	3.70e-15	1.92e-08	4.25e-01	5.74e-01	8.93e-04	0.00e+00	0.00e+00	0.00e+00	0.00e+00	0.00e+00	5.85e-90
 2.22855e+13	6.81e-31	1.49e-22	4.36e-15	2.14e-08	4.42e-01	5.57e-01	8.13e-04	0.00e+00	0.00e+00	0.00e+00	0.00e+00	0.00e+00	2.93e-105
 2.31168e+13	9.53e-31	1.95e-22	5.35e-15	2.43e-08	4.63e-01	5.37e-01	7.21e-04	0.00e+00	0.00e+00	0.00e+00	0.00e+00	0.00e+00	2.41e-89
 2.39836e+13	1.33e-30	2.55e-22	6.56e-15	2.77e-08	4.84e-01	5.16e-01	6.38e-04	0.00e+00	0.00e+00	0.00e+00	0.00e+00	0.00e+00	2.00e-104
 2.47265e+13	1.75e-30	3.18e-22	7.75e-15	3.07e-08	5.01e-01	4.98e-01	5.76e-04	0.00e+00	0.00e+00	0.00e+00	0.00e+00	0.00e+00	1.02e-88
 2.55179e+13	2.32e-30	3.98e-22	9.18e-15	3.42e-08	5.19e-01	4.81e-01	5.18e-04	0.00e+00	0.00e+00	0.00e+00	0.00e+00	0.00e+00	1.00e-103
 2.64994e+13	3.25e-30	5.21e-22	1.12e-14	3.87e-08	5.40e-01	4.59e-01	4.56e-04	0.00e+00	0.00e+00	0.00e+00	0.00e+00	0.00e+00	4.42e-88
 2.75077e+13	4.51e-30	6.77e-22	1.37e-14	4.37e-08	5.61e-01	4.39e-01	4.00e-04	0.00e+00	0.00e+00	0.00e+00	0.00e+00	0.00e+00	6.99e-103
 2.84155e+13	5.99e-30	8.48e-22	1.62e-14	4.85e-08	5.79e-01	4.21e-01	3.58e-04	0.00e+00	0.00e+00	0.00e+00	0.00e+00	0.00e+00	1.93e-87
 2.94136e+13	8.09e-30	1.08e-21	1.94e-14	5.41e-08	5.97e-01	4.02e-01	3.17e-04	0.00e+00	0.00e+00	0.00e+00	0.00e+00	0.00e+00	3.92e-102
 3.05044e+13	1.11e-29	1.38e-21	2.33e-14	6.06e-08	6.17e-01	3.83e-01	2.79e-04	0.00e+00	0.00e+00	0.00e+00	0.00e+00	0.00e+00	8.59e-87
 3.14968e+13	1.46e-29	1.72e-21	2.74e-14	6.68e-08	6.34e-01	3.66e-01	2.48e-04	0.00e+00	0.00e+00	0.00e+00	0.00e+00	0.00e+00	2.27e-101
 3.25675e+13	1.94e-29	2.15e-21	3.24e-14	7.39e-08	6.51e-01	3.49e-01	2.20e-04	0.00e+00	0.00e+00	0.00e+00	0.00e+00	0.00e+00	3.38e-86
 3.37685e+13	2.64e-29	2.74e-21	3.88e-14	8.23e-08	6.69e-01	3.31e-01	1.93e-04	0.00e+00	0.00e+00	0.00e+00	0.00e+00	0.00e+00	1.35e-100
 3.49060e+13	3.48e-29	3.42e-21	4.56e-14	9.06e-08	6.85e-01	3.15e-01	1.71e-04	0.00e+00	0.00e+00	0.00e+00	0.00e+00	0.00e+00	1.44e-85
 3.61518e+13	4.68e-29	4.31e-21	5.41e-14	1.00e-07	7.01e-01	2.99e-01	1.50e-04	0.00e+00	0.00e+00	0.00e+00	0.00e+00	0.00e+00	7.66e-100
 3.75315e+13	6.39e-29	5.51e-21	6.48e-14	1.11e-07	7.18e-01	2.82e-01	1.31e-04	0.00e+00	0.00e+00	0.00e+00	0.00e+00	0.00e+00	6.53e-85
 3.88147e+13	8.44e-29	6.86e-21	7.60e-14	1.22e-07	7.32e-01	2.67e-01	1.15e-04	0.00e+00	0.00e+00	0.00e+00	0.00e+00	0.00e+00	4.66e-99
 4.02121e+13	1.13e-28	8.63e-21	8.98e-14	1.35e-07	7.47e-01	2.53e-01	1.01e-04	0.00e+00	0.00e+00	0.00e+00	0.00e+00	0.00e+00	2.75e-84
 4.17773e+13	1.55e-28	1.10e-20	1.07e-13	1.50e-07	7.63e-01	2.37e-01	8.73e-05	0.00e+00	0.00e+00	0.00e+00	0.00e+00	0.00e+00	3.01e-98
 4.32583e+13	2.06e-28	1.38e-20	1.26e-13	1.64e-07	7.76e-01	2.24e-01	7.65e-05	0.00e+00	0.00e+00	0.00e+00	0.00e+00	0.00e+00	1.25e-83
 4.48582e+13	2.77e-28	1.74e-20	1.49e-13	1.81e-07	7.89e-01	2.11e-01	6.66e-05	0.00e+00	0.00e+00	0.00e+00	0.00e+00	0.00e+00	1.83e-97
 4.66409e+13	3.80e-28	2.22e-20	1.78e-13	2.00e-07	8.03e-01	1.97e-01	5.73e-05	0.00e+00	0.00e+00	0.00e+00	0.00e+00	0.00e+00	5.98e-83
 4.83578e+13	5.09e-28	2.79e-20	2.10e-13	2.19e-07	8.15e-01	1.85e-01	4.98e-05	0.00e+00	0.00e+00	0.00e+00	0.00e+00	0.00e+00	1.23e-96
 5.01850e+13	6.87e-28	3.52e-20	2.48e-13	2.41e-07	8.27e-01	1.73e-01	4.32e-05	0.00e+00	0.00e+00	0.00e+00	0.00e+00	0.00e+00	2.75e-82
 5.22223e+13	9.46e-28	4.52e-20	2.96e-13	2.66e-07	8.38e-01	1.62e-01	3.70e-05	0.00e+00	0.00e+00	0.00e+00	0.00e+00	0.00e+00	8.61e-96
 5.42645e+13	1.29e-27	5.73e-20	3.51e-13	2.92e-07	8.49e-01	1.51e-01	3.18e-05	0.00e+00	0.00e+00	0.00e+00	0.00e+00	0.00e+00	1.40e-81
 5.63884e+13	1.75e-27	7.27e-20	4.16e-13	3.21e-07	8.59e-01	1.41e-01	2.74e-05	0.00e+00	0.00e+00	0.00e+00	0.00e+00	0.00e+00	6.02e-95
 5.86738e+13	2.40e-27	9.29e-20	4.95e-13	3.53e-07	8.69e-01	1.31e-01	2.34e-05	0.00e+00	0.00e+00	0.00e+00	0.00e+00	0.00e+00	7.16e-81
 6.10507e+13	3.30e-27	1.19e-19	5.88e-13	3.88e-07	8.78e-01	1.22e-01	2.00e-05	0.00e+00	0.00e+00	0.00e+00	0.00e+00	0.00e+00	4.51e-94
 6.33884e+13	4.45e-27	1.49e-19	6.91e-13	4.24e-07	8.87e-01	1.13e-01	1.73e-05	0.00e+00	0.00e+00	0.00e+00	0.00e+00	0.00e+00	3.61e-80
 6.55720e+13	5.82e-27	1.84e-19	7.99e-13	4.59e-07	8.94e-01	1.06e-01	1.51e-05	0.00e+00	0.00e+00	0.00e+00	0.00e+00	0.00e+00	2.76e-93
 6.75476e+13	7.37e-27	2.20e-19	9.08e-13	4.92e-07	8.99e-01	1.01e-01	1.34e-05	0.00e+00	0.00e+00	0.00e+00	0.00e+00	0.00e+00	1.37e-79
 6.96588e+13	9.42e-27	2.66e-19	1.03e-12	5.27e-07	9.05e-01	9.50e-02	1.19e-05	0.00e+00	0.00e+00	0.00e+00	0.00e+00	0.00e+00	1.28e-92
 7.22841e+13	1.26e-26	3.33e-19	1.21e-12	5.74e-07	9.11e-01	8.86e-02	1.03e-05	0.00e+00	0.00e+00	0.00e+00	0.00e+00	0.00e+00	5.71e-79
 7.49083e+13	1.68e-26	4.13e-19	1.41e-12	6.22e-07	9.17e-01	8.28e-02	8.91e-06	0.00e+00	0.00e+00	0.00e+00	0.00e+00	0.00e+00	8.14e-92
 7.71576e+13	2.12e-26	4.94e-19	1.59e-12	6.65e-07	9.22e-01	7.83e-02	7.92e-06	0.00e+00	0.00e+00	0.00e+00	0.00e+00	0.00e+00	2.27e-78
 7.95886e+13	2.71e-26	5.96e-19	1.82e-12	7.12e-07	9.26e-01	7.38e-02	7.01e-06	0.00e+00	0.00e+00	0.00e+00	0.00e+00	0.00e+00	3.82e-91
 8.25969e+13	3.64e-26	7.46e-19	2.12e-12	7.73e-07	9.31e-01	6.87e-02	6.05e-06	0.00e+00	0.00e+00	0.00e+00	0.00e+00	0.00e+00	9.63e-78
 8.56139e+13	4.83e-26	9.27e-19	2.46e-12	8.36e-07	9.36e-01	6.41e-02	5.24e-06	0.00e+00	0.00e+00	0.00e+00	0.00e+00	0.00e+00	2.46e-90
 8.82193e+13	6.13e-26	1.11e-18	2.79e-12	8.93e-07	9.39e-01	6.05e-02	4.66e-06	0.00e+00	0.00e+00	0.00e+00	0.00e+00	0.00e+00	3.92e-77
 9.10314e+13	7.87e-26	1.34e-18	3.17e-12	9.55e-07	9.43e-01	5.70e-02	4.11e-06	0.00e+00	0.00e+00	0.00e+00	0.00e+00	0.00e+00	1.18e-89
 9.44883e+13	1.06e-25	1.68e-18	3.70e-12	1.04e-06	9.47e-01	5.30e-02	3.54e-06	0.00e+00	0.00e+00	0.00e+00	0.00e+00	0.00e+00	1.69e-76
 9.79737e+13	1.41e-25	2.09e-18	4.30e-12	1.12e-06	9.51e-01	4.94e-02	3.07e-06	0.00e+00	0.00e+00	0.00e+00	0.00e+00	0.00e+00	3.68e-76
 1.01059e+14	1.80e-25	2.52e-18	4.88e-12	1.20e-06	9.53e-01	4.66e-02	2.71e-06	0.00e+00	0.00e+00	0.00e+00	0.00e+00	0.00e+00	7.18e-76
 1.04435e+14	2.34e-25	3.07e-18	5.58e-12	1.28e-06	9.56e-01	4.37e-02	2.38e-06	0.00e+00	0.00e+00	0.00e+00	0.00e+00	0.00e+00	1.45e-75
 1.08485e+14	3.16e-25	3.86e-18	6.52e-12	1.39e-06	9.59e-01	4.06e-02	2.05e-06	0.00e+00	0.00e+00	0.00e+00	0.00e+00	0.00e+00	3.29e-75
 1.12520e+14	4.22e-25	4.80e-18	7.57e-12	1.50e-06	9.62e-01	3.78e-02	1.77e-06	0.00e+00	0.00e+00	0.00e+00	0.00e+00	0.00e+00	7.24e-75
 1.16191e+14	5.45e-25	5.82e-18	8.63e-12	1.60e-06	9.64e-01	3.55e-02	1.56e-06	0.00e+00	0.00e+00	0.00e+00	0.00e+00	0.00e+00	1.45e-74
 1.20282e+14	7.18e-25	7.16e-18	9.93e-12	1.72e-06	9.67e-01	3.32e-02	1.36e-06	0.00e+00	0.00e+00	0.00e+00	0.00e+00	0.00e+00	3.06e-74
 1.25060e+14	9.78e-25	9.05e-18	1.16e-11	1.87e-06	9.69e-01	3.07e-02	1.17e-06	0.00e+00	0.00e+00	0.00e+00	0.00e+00	0.00e+00	7.10e-74
 1.29773e+14	1.31e-24	1.13e-17	1.35e-11	2.02e-06	9.71e-01	2.86e-02	1.01e-06	0.00e+00	0.00e+00	0.00e+00	0.00e+00	0.00e+00	1.58e-73
 1.34227e+14	1.72e-24	1.38e-17	1.55e-11	2.16e-06	9.73e-01	2.68e-02	8.80e-07	0.00e+00	0.00e+00	0.00e+00	0.00e+00	0.00e+00	3.29e-73
 1.39179e+14	2.29e-24	1.72e-17	1.79e-11	2.33e-06	9.75e-01	2.49e-02	0.00e+00	0.00e+00	0.00e+00	0.00e+00	0.00e+00	0.00e+00	7.23e-73
 1.44777e+14	3.13e-24	2.18e-17	2.10e-11	2.53e-06	9.77e-01	2.31e-02	0.00e+00	0.00e+00	0.00e+00	0.00e+00	0.00e+00	0.00e+00	1.70e-72
 1.50391e+14	4.24e-24	2.73e-17	2.45e-11	2.73e-06	9.79e-01	2.14e-02	0.00e+00	0.00e+00	0.00e+00	0.00e+00	0.00e+00	0.00e+00	3.88e-72
 1.56231e+14	5.73e-24	3.43e-17	2.85e-11	2.95e-06	9.80e-01	1.99e-02	0.00e+00	0.00e+00	0.00e+00	0.00e+00	0.00e+00	0.00e+00	8.87e-72
 1.62510e+14	7.84e-24	4.34e-17	3.34e-11	3.20e-06	9.82e-01	1.84e-02	0.00e+00	0.00e+00	0.00e+00	0.00e+00	0.00e+00	0.00e+00	2.08e-71
 1.68586e+14	1.05e-23	5.41e-17	3.88e-11	3.45e-06	9.83e-01	1.71e-02	0.00e+00	0.00e+00	0.00e+00	0.00e+00	1.73e-17	3.68e-17	4.62e-71
 1.74296e+14	1.37e-23	6.60e-17	4.43e-11	3.70e-06	9.84e-01	1.60e-02	0.00e+00	0.00e+00	0.00e+00	0.00e+00	2.19e-17	4.41e-17	9.51e-71
 1.80688e+14	1.82e-23	8.18e-17	5.13e-11	3.98e-06	9.85e-01	1.49e-02	0.00e+00	0.00e+00	0.00e+00	0.00e+00	2.72e-17	5.47e-17	2.07e-70
 1.87134e+14	2.40e-23	1.01e-16	5.90e-11	4.27e-06	9.86e-01	1.39e-02	0.00e+00	0.00e+00	0.00e+00	0.00e+00	3.35e-17	6.74e-17	4.42e-70
 1.92480e+14	3.00e-23	1.19e-16	6.61e-11	4.53e-06	9.87e-01	1.31e-02	0.00e+00	0.00e+00	0.00e+00	0.00e+00	3.96e-17	7.97e-17	8.13e-70
 1.98132e+14	3.77e-23	1.42e-16	7.43e-11	4.80e-06	9.88e-01	1.24e-02	0.00e+00	0.00e+00	0.00e+00	0.00e+00	4.71e-17	9.47e-17	1.52e-69
 2.05369e+14	5.00e-23	1.76e-16	8.58e-11	5.17e-06	9.88e-01	1.15e-02	0.00e+00	0.00e+00	0.00e+00	0.00e+00	5.83e-17	1.17e-16	3.29e-69
 2.12965e+14	6.66e-23	2.18e-16	9.94e-11	5.57e-06	9.89e-01	1.07e-02	0.00e+00	0.00e+00	0.00e+00	0.00e+00	7.24e-17	1.46e-16	7.26e-69
 2.19662e+14	8.51e-23	2.62e-16	1.13e-10	5.94e-06	9.90e-01	1.01e-02	0.00e+00	0.00e+00	0.00e+00	0.00e+00	8.71e-17	1.75e-16	1.40e-68
 2.26888e+14	1.10e-22	3.18e-16	1.28e-10	6.34e-06	9.91e-01	9.43e-03	0.00e+00	0.00e+00	0.00e+00	0.00e+00	1.06e-16	2.13e-16	2.81e-68
 2.35606e+14	1.48e-22	3.98e-16	1.50e-10	6.86e-06	9.91e-01	8.74e-03	0.00e+00	0.00e+00	0.00e+00	0.00e+00	1.32e-16	2.66e-16	6.30e-68
 2.44465e+14	1.98e-22	4.96e-16	1.74e-10	7.40e-06	9.92e-01	8.11e-03	0.00e+00	0.00e+00	0.00e+00	0.00e+00	1.65e-16	3.32e-16	1.39e-67
 2.52737e+14	2.57e-22	6.05e-16	1.99e-10	7.93e-06	9.92e-01	7.58e-03	0.00e+00	0.00e+00	0.00e+00	0.00e+00	2.01e-16	4.04e-16	2.84e-67
 2.61937e+14	3.41e-22	7.49e-16	2.30e-10	8.54e-06	9.93e-01	7.05e-03	0.00e+00	0.00e+00	0.00e+00	0.00e+00	2.49e-16	5.01e-16	6.10e-67
 2.71723e+14	4.55e-22	9.33e-16	2.67e-10	9.21e-06	9.93e-01	6.54e-03	0.00e+00	0.00e+00	0.00e+00	0.00e+00	3.09e-16	6.23e-16	1.34e-66
 2.80421e+14	5.83e-22	1.13e-15	3.03e-10	9.83e-06	9.94e-01	6.13e-03	0.00e+00	0.00e+00	0.00e+00	0.00e+00	3.73e-16	7.52e-16	2.63e-66
 2.89762e+14	7.53e-22	1.37e-15	3.46e-10	1.05e-05	9.94e-01	5.73e-03	0.00e+00	0.00e+00	0.00e+00	0.00e+00	4.54e-16	9.14e-16	5.27e-66
 3.00958e+14	1.01e-21	1.71e-15	4.04e-10	1.14e-05	9.95e-01	5.31e-03	0.00e+00	0.00e+00	0.00e+00	0.00e+00	5.68e-16	1.15e-15	1.18e-65
 3.11975e+14	1.35e-21	2.12e-15	4.68e-10	1.23e-05	9.95e-01	4.93e-03	0.00e+00	0.00e+00	0.00e+00	0.00e+00	7.04e-16	1.42e-15	2.55e-65
 3.21779e+14	1.72e-21	2.55e-15	5.31e-10	1.31e-05	9.95e-01	4.63e-03	0.00e+00	0.00e+00	0.00e+00	0.00e+00	8.47e-16	1.71e-15	4.94e-65
 3.32596e+14	2.23e-21	3.11e-15	6.07e-10	1.40e-05	9.96e-01	4.32e-03	0.00e+00	0.00e+00	0.00e+00	0.00e+00	1.03e-15	2.08e-15	9.99e-65
 3.45500e+14	3.00e-21	3.90e-15	7.09e-10	1.52e-05	9.96e-01	4.00e-03	0.00e+00	0.00e+00	0.00e+00	0.00e+00	1.29e-15	2.61e-15	2.25e-64
 3.58303e+14	3.99e-21	4.84e-15	8.22e-10	1.64e-05	9.96e-01	3.71e-03	0.00e+00	0.00e+00	0.00e+00	0.00e+00	1.61e-15	3.24e-15	4.88e-64
 3.69985e+14	5.13e-21	5.86e-15	9.36e-10	1.75e-05	9.97e-01	3.47e-03	0.00e+00	0.00e+00	0.00e+00	0.00e+00	1.94e-15	3.92e-15	9.68e-64
 3.83022e+14	6.73e-21	7.20e-15	1.08e-09	1.88e-05	9.97e-01	3.23e-03	0.00e+00	0.00e+00	0.00e+00	0.00e+00	2.39e-15	4.81e-15	2.02e-63
 3.98214e+14	9.12e-21	9.07e-15	1.26e-09	2.04e-05	9.97e-01	2.98e-03	0.00e+00	0.00e+00	0.00e+00	0.00e+00	3.01e-15	6.06e-15	4.62e-63
 4.13145e+14	1.22e-20	1.13e-14	1.46e-09	2.20e-05	9.97e-01	2.77e-03	0.00e+00	0.00e+00	0.00e+00	0.00e+00	3.74e-15	7.54e-15	1.01e-62
 4.27239e+14	1.58e-20	1.38e-14	1.68e-09	2.36e-05	9.97e-01	2.58e-03	0.00e+00	0.00e+00	0.00e+00	0.00e+00	4.56e-15	9.20e-15	2.07e-62
 4.42925e+14	2.10e-20	1.70e-14	1.94e-09	2.54e-05	9.98e-01	2.40e-03	0.00e+00	0.00e+00	0.00e+00	0.00e+00	5.65e-15	1.14e-14	4.46e-62
 4.60672e+14	2.85e-20	2.15e-14	2.27e-09	2.76e-05	9.98e-01	2.21e-03	0.00e+00	0.00e+00	0.00e+00	0.00e+00	7.12e-15	1.44e-14	1.03e-61
 4.78431e+14	3.83e-20	2.69e-14	2.65e-09	2.98e-05	9.98e-01	2.05e-03	0.00e+00	0.00e+00	0.00e+00	0.00e+00	8.92e-15	1.80e-14	2.31e-61
 4.95083e+14	5.01e-20	3.30e-14	3.04e-09	3.20e-05	9.98e-01	1.91e-03	0.00e+00	0.00e+00	0.00e+00	0.00e+00	1.09e-14	2.20e-14	4.79e-61
 5.13098e+14	6.62e-20	4.07e-14	3.51e-09	3.45e-05	9.98e-01	1.77e-03	0.00e+00	0.00e+00	0.00e+00	0.00e+00	1.35e-14	2.72e-14	1.03e-60
 5.33237e+14	8.95e-20	5.12e-14	4.10e-09	3.73e-05	9.98e-01	1.64e-03	0.00e+00	0.00e+00	0.00e+00	0.00e+00	1.69e-14	3.42e-14	2.34e-60
 5.52055e+14	1.17e-19	6.29e-14	4.72e-09	4.00e-05	9.98e-01	1.53e-03	0.00e+00	0.00e+00	0.00e+00	0.00e+00	2.08e-14	4.21e-14	4.92e-60
 5.69481e+14	1.50e-19	7.56e-14	5.35e-09	4.27e-05	9.99e-01	1.43e-03	0.00e+00	0.00e+00	0.00e+00	0.00e+00	2.50e-14	5.06e-14	9.55e-60
 5.86287e+14	1.88e-19	8.98e-14	6.01e-09	4.53e-05	9.99e-01	1.35e-03	0.00e+00	0.00e+00	0.00e+00	0.00e+00	2.97e-14	6.01e-14	1.78e-59
 6.04998e+14	2.41e-19	1.08e-13	6.82e-09	4.83e-05	9.99e-01	1.26e-03	0.00e+00	0.00e+00	0.00e+00	0.00e+00	3.58e-14	7.24e-14	3.49e-59
 6.25705e+14	3.13e-19	1.32e-13	7.81e-09	5.18e-05	9.99e-01	1.18e-03	0.00e+00	0.00e+00	0.00e+00	0.00e+00	4.36e-14	8.83e-14	7.19e-59
 6.44975e+14	3.97e-19	1.58e-13	8.82e-09	5.51e-05	9.99e-01	1.11e-03	0.00e+00	0.00e+00	0.00e+00	0.00e+00	5.22e-14	1.06e-13	1.38e-58
 6.65996e+14	5.11e-19	1.91e-13	1.00e-08	5.88e-05	9.99e-01	1.04e-03	0.00e+00	0.00e+00	0.00e+00	0.00e+00	6.31e-14	1.28e-13	2.75e-58
 6.89673e+14	6.72e-19	2.35e-13	1.15e-08	6.32e-05	9.99e-01	9.67e-04	0.00e+00	0.00e+00	0.00e+00	0.00e+00	7.77e-14	1.57e-13	5.83e-58
 7.12211e+14	8.65e-19	2.85e-13	1.31e-08	6.75e-05	9.99e-01	9.05e-04	0.00e+00	0.00e+00	0.00e+00	0.00e+00	9.40e-14	1.91e-13	1.17e-57
 7.36920e+14	1.13e-18	3.48e-13	1.51e-08	7.23e-05	9.99e-01	8.44e-04	0.00e+00	0.00e+00	0.00e+00	0.00e+00	1.15e-13	2.33e-13	2.43e-57
 7.64138e+14	1.50e-18	4.32e-13	1.74e-08	7.79e-05	9.99e-01	7.84e-04	0.00e+00	0.00e+00	0.00e+00	0.00e+00	1.43e-13	2.90e-13	5.32e-57
 7.89137e+14	1.94e-18	5.23e-13	1.99e-08	8.32e-05	9.99e-01	7.34e-04	0.00e+00	0.00e+00	0.00e+00	0.00e+00	1.73e-13	3.51e-13	1.06e-56
 8.16156e+14	2.52e-18	6.39e-13	2.27e-08	8.91e-05	9.99e-01	6.85e-04	0.00e+00	0.00e+00	0.00e+00	0.00e+00	2.11e-13	4.28e-13	2.20e-56
 8.46418e+14	3.35e-18	7.93e-13	2.63e-08	9.60e-05	9.99e-01	6.35e-04	0.00e+00	0.00e+00	0.00e+00	0.00e+00	2.62e-13	5.31e-13	4.81e-56
 8.74929e+14	4.35e-18	9.66e-13	3.00e-08	1.03e-04	9.99e-01	5.94e-04	0.00e+00	0.00e+00	0.00e+00	0.00e+00	3.18e-13	6.47e-13	9.88e-56
 9.06027e+14	5.72e-18	1.19e-12	3.46e-08	1.10e-04	9.99e-01	5.53e-04	0.00e+00	0.00e+00	0.00e+00	0.00e+00	3.91e-13	7.96e-13	2.09e-55
 9.40578e+14	7.67e-18	1.48e-12	4.02e-08	1.19e-04	9.99e-01	5.12e-04	0.00e+00	0.00e+00	0.00e+00	0.00e+00	4.88e-13	9.94e-13	4.68e-55
 9.72813e+14	9.97e-18	1.81e-12	4.60e-08	1.28e-04	9.99e-01	4.77e-04	0.00e+00	0.00e+00	0.00e+00	0.00e+00	5.96e-13	1.21e-12	9.67e-55
 1.00785e+15	1.31e-17	2.23e-12	5.30e-08	1.37e-04	9.99e-01	4.44e-04	0.00e+00	0.00e+00	0.00e+00	0.00e+00	7.34e-13	1.50e-12	2.07e-54
 1.04708e+15	1.77e-17	2.79e-12	6.19e-08	1.49e-04	9.99e-01	4.10e-04	0.00e+00	0.00e+00	0.00e+00	0.00e+00	9.19e-13	1.87e-12	4.67e-54
 1.08429e+15	2.32e-17	3.43e-12	7.12e-08	1.59e-04	9.99e-01	3.81e-04	0.00e+00	0.00e+00	0.00e+00	0.00e+00	1.13e-12	2.31e-12	9.96e-54
 1.12410e+15	3.07e-17	4.24e-12	8.23e-08	1.72e-04	9.99e-01	3.53e-04	0.00e+00	0.00e+00	0.00e+00	0.00e+00	1.40e-12	2.85e-12	2.14e-53
 1.16909e+15	4.15e-17	5.35e-12	9.65e-08	1.87e-04	9.99e-01	3.26e-04	0.00e+00	0.00e+00	0.00e+00	0.00e+00	1.76e-12	3.59e-12	4.94e-53
 1.21339e+15	5.53e-17	6.65e-12	1.12e-07	2.02e-04	9.99e-01	3.01e-04	0.00e+00	4.55e-18	1.37e-17	2.28e-17	2.19e-12	4.47e-12	1.09e-52
 1.25946e+15	7.36e-17	8.28e-12	1.30e-07	2.18e-04	1.00e+00	2.78e-04	0.00e+00	6.06e-18	1.82e-17	3.04e-17	2.72e-12	5.56e-12	2.41e-52
 1.30987e+15	9.92e-17	1.04e-11	1.53e-07	2.37e-04	1.00e+00	2.56e-04	0.00e+00	8.17e-18	2.45e-17	4.10e-17	3.42e-12	7.00e-12	5.50e-52
 1.35963e+15	1.32e-16	1.29e-11	1.78e-07	2.57e-04	1.00e+00	2.37e-04	0.00e+00	1.09e-17	3.26e-17	5.45e-17	4.25e-12	8.70e-12	1.21e-51
 1.40097e+15	1.65e-16	1.54e-11	2.01e-07	2.73e-04	1.00e+00	2.22e-04	0.00e+00	1.36e-17	4.10e-17	6.85e-17	5.06e-12	1.04e-11	2.27e-51
 1.43439e+15	1.97e-16	1.77e-11	2.21e-07	2.88e-04	1.00e+00	2.11e-04	0.00e+00	1.63e-17	4.89e-17	8.17e-17	5.79e-12	1.19e-11	3.71e-51
 1.47150e+15	2.39e-16	2.05e-11	2.46e-07	3.04e-04	9.99e-01	2.00e-04	0.00e+00	1.97e-17	5.92e-17	9.89e-17	6.72e-12	1.38e-11	6.31e-51
 1.51975e+15	3.03e-16	2.47e-11	2.80e-07	3.26e-04	9.99e-01	1.86e-04	0.00e+00	2.50e-17	7.52e-17	1.26e-16	8.08e-12	1.66e-11	1.23e-50
 1.57143e+15	3.90e-16	3.00e-11	3.21e-07	3.51e-04	9.99e-01	1.73e-04	0.00e+00	3.22e-17	9.67e-17	1.62e-16	9.81e-12	2.01e-11	2.47e-50
 1.61725e+15	4.82e-16	3.54e-11	3.61e-07	3.73e-04	9.99e-01	1.63e-04	0.00e+00	3.99e-17	1.20e-16	2.00e-16	1.16e-11	2.38e-11	4.48e-50
 1.66651e+15	6.01e-16	4.20e-11	4.09e-07	3.99e-04	9.99e-01	1.52e-04	0.00e+00	4.97e-17	1.49e-16	2.49e-16	1.37e-11	2.82e-11	8.30e-50
 1.72825e+15	7.84e-16	5.17e-11	4.74e-07	4.32e-04	9.99e-01	1.41e-04	0.00e+00	6.49e-17	1.95e-16	3.26e-16	1.69e-11	3.48e-11	1.76e-49
 1.79090e+15	1.01e-15	6.33e-11	5.49e-07	4.68e-04	9.99e-01	1.30e-04	0.00e+00	8.40e-17	2.52e-16	4.22e-16	2.07e-11	4.26e-11	3.64e-49
 1.84517e+15	1.26e-15	7.50e-11	6.20e-07	5.00e-04	9.99e-01	1.22e-04	0.00e+00	1.04e-16	3.13e-16	5.23e-16	2.45e-11	5.05e-11	6.71e-49
 1.90388e+15	1.57e-15	8.94e-11	7.05e-07	5.37e-04	9.99e-01	1.13e-04	0.00e+00	1.30e-16	3.91e-16	6.53e-16	2.92e-11	6.01e-11	1.26e-48
 1.97581e+15	2.04e-15	1.10e-10	8.21e-07	5.83e-04	9.99e-01	1.04e-04	0.00e+00	1.70e-16	5.09e-16	8.51e-16	3.60e-11	7.41e-11	2.68e-48
 2.04845e+15	2.63e-15	1.35e-10	9.52e-07	6.32e-04	9.99e-01	9.63e-05	0.00e+00	2.19e-16	6.57e-16	1.10e-15	4.41e-11	9.07e-11	5.58e-48
 2.11301e+15	3.26e-15	1.60e-10	1.08e-06	6.79e-04	9.99e-01	8.98e-05	0.00e+00	2.72e-16	8.16e-16	1.36e-15	5.23e-11	1.08e-10	1.04e-47
 2.18356e+15	4.10e-15	1.92e-10	1.24e-06	7.31e-04	9.99e-01	8.34e-05	0.00e+00	3.42e-16	1.03e-15	1.71e-15	6.28e-11	1.29e-10	2.02e-47
 2.26791e+15	5.32e-15	2.37e-10	1.44e-06	7.97e-04	9.99e-01	7.65e-05	0.00e+00	4.44e-16	1.33e-15	2.23e-15	7.74e-11	1.59e-10	4.35e-47
 2.35138e+15	6.63e-15	2.89e-10	1.67e-06	8.65e-04	9.99e-01	7.05e-05	0.00e+00	5.53e-16	1.66e-15	2.78e-15	9.45e-11	1.95e-10	8.90e-47
 2.42671e+15	8.18e-15	3.43e-10	1.90e-06	9.30e-04	9.99e-01	6.56e-05	0.00e+00	6.83e-16	2.05e-15	3.43e-15	1.12e-10	2.31e-10	1.68e-46
 2.51029e+15	1.02e-14	4.13e-10	2.18e-06	1.00e-03	9.99e-01	6.08e-05	0.00e+00	8.56e-16	2.57e-15	4.29e-15	1.35e-10	2.78e-10	3.31e-46
 2.60869e+15	1.32e-14	5.09e-10	2.55e-06	1.10e-03	9.99e-01	5.57e-05	0.00e+00	1.10e-15	3.31e-15	5.53e-15	1.67e-10	3.43e-10	7.20e-46
 2.70578e+15	1.67e-14	6.21e-10	2.96e-06	1.19e-03	9.99e-01	5.12e-05	0.00e+00	1.40e-15	4.20e-15	7.01e-15	2.03e-10	4.18e-10	1.50e-45
 2.79597e+15	2.06e-14	7.42e-10	3.38e-06	1.29e-03	9.99e-01	4.75e-05	0.00e+00	1.73e-15	5.18e-15	8.66e-15	2.43e-10	4.99e-10	2.91e-45
 2.89706e+15	2.58e-14	8.98e-10	3.90e-06	1.40e-03	9.99e-01	4.38e-05	0.00e+00	2.17e-15	6.51e-15	1.09e-14	2.94e-10	6.04e-10	5.98e-45
 3.01297e+15	3.30e-14	1.11e-09	4.57e-06	1.53e-03	9.98e-01	4.01e-05	0.00e+00	2.78e-15	8.34e-15	1.39e-14	3.63e-10	7.46e-10	1.32e-44
 3.12709e+15	4.16e-14	1.35e-09	5.31e-06	1.67e-03	9.98e-01	3.68e-05	0.00e+00	3.50e-15	1.05e-14	1.76e-14	4.43e-10	9.11e-10	2.82e-44
 3.24578e+15	5.23e-14	1.65e-09	6.17e-06	1.82e-03	9.98e-01	3.38e-05	0.00e+00	4.42e-15	1.33e-14	2.22e-14	5.41e-10	1.11e-09	6.01e-44
 3.35387e+15	6.36e-14	1.97e-09	7.04e-06	1.96e-03	9.98e-01	3.14e-05	0.00e+00	5.38e-15	1.62e-14	2.70e-14	6.45e-10	1.33e-09	1.17e-43
 3.43454e+15	7.36e-14	2.24e-09	7.74e-06	2.07e-03	9.98e-01	2.98e-05	0.00e+00	6.23e-15	1.87e-14	3.12e-14	7.33e-10	1.50e-09	1.90e-43
 3.51791e+15	8.50e-14	2.54e-09	8.53e-06	2.18e-03	9.98e-01	2.82e-05	0.00e+00	7.20e-15	2.16e-14	3.61e-14	8.33e-10	1.71e-09	3.09e-43
 3.62630e+15	1.02e-13	2.99e-09	9.64e-06	2.34e-03	9.98e-01	2.63e-05	0.00e+00	8.64e-15	2.60e-14	4.33e-14	9.81e-10	2.01e-09	5.77e-43
 3.74368e+15	1.23e-13	3.55e-09	1.09e-05	2.52e-03	9.97e-01	2.45e-05	0.00e+00	1.04e-14	3.13e-14	5.23e-14	1.16e-09	2.38e-09	1.12e-42
 3.84967e+15	1.45e-13	4.11e-09	1.22e-05	2.69e-03	9.97e-01	2.30e-05	0.00e+00	1.23e-14	3.70e-14	6.17e-14	1.35e-09	2.76e-09	1.99e-42
 3.96436e+15	1.72e-13	4.81e-09	1.38e-05	2.87e-03	9.97e-01	2.16e-05	0.00e+00	1.47e-14	4.40e-14	7.35e-14	1.58e-09	3.23e-09	3.64e-42
 4.10978e+15	2.12e-13	5.84e-09	1.59e-05	3.12e-03	9.97e-01	1.99e-05	0.00e+00	1.81e-14	5.43e-14	9.07e-14	1.92e-09	3.93e-09	7.82e-42
 4.25613e+15	2.59e-13	7.04e-09	1.83e-05	3.39e-03	9.97e-01	1.84e-05	0.00e+00	2.21e-14	6.62e-14	1.11e-13	2.31e-09	4.73e-09	1.63e-41
 4.37914e+15	3.05e-13	8.19e-09	2.05e-05	3.61e-03	9.96e-01	1.73e-05	0.00e+00	2.60e-14	7.81e-14	1.30e-13	2.69e-09	5.50e-09	2.96e-41
 4.51081e+15	3.61e-13	9.61e-09	2.30e-05	3.87e-03	9.96e-01	1.62e-05	0.00e+00	3.09e-14	9.27e-14	1.55e-13	3.15e-09	6.45e-09	5.56e-41
 4.67695e+15	4.42e-13	1.17e-08	2.66e-05	4.20e-03	9.96e-01	1.50e-05	0.00e+00	3.79e-14	1.14e-13	1.90e-13	3.84e-09	7.84e-09	1.20e-40
 4.85108e+15	5.41e-13	1.42e-08	3.08e-05	4.57e-03	9.95e-01	1.39e-05	0.00e+00	4.64e-14	1.39e-13	2.32e-13	4.67e-09	9.54e-09	2.60e-40
 5.00778e+15	6.47e-13	1.68e-08	3.49e-05	4.91e-03	9.95e-01	1.29e-05	0.00e+00	5.55e-14	1.67e-13	2.78e-13	5.54e-09	1.13e-08	5.08e-40
 5.17864e+15	7.81e-13	2.02e-08	3.99e-05	5.30e-03	9.95e-01	1.20e-05	0.00e+00	6.71e-14	2.01e-13	3.36e-13	6.64e-09	1.35e-08	1.04e-39
 5.38073e+15	9.59e-13	2.49e-08	4.66e-05	5.79e-03	9.94e-01	1.11e-05	0.00e+00	8.26e-14	2.48e-13	4.14e-13	8.18e-09	1.67e-08	2.34e-39
 5.57848e+15	1.16e-12	3.02e-08	5.38e-05	6.29e-03	9.94e-01	1.03e-05	0.00e+00	1.00e-13	3.01e-13	5.02e-13	9.94e-09	2.03e-08	4.94e-39
 5.75829e+15	1.39e-12	3.58e-08	6.10e-05	6.75e-03	9.93e-01	9.68e-06	0.00e+00	1.20e-13	3.60e-13	6.01e-13	1.18e-08	2.40e-08	9.52e-39
 5.95972e+15	1.68e-12	4.32e-08	6.99e-05	7.30e-03	9.93e-01	9.04e-06	0.00e+00	1.45e-13	4.36e-13	7.27e-13	1.42e-08	2.90e-08	1.97e-38
 6.19506e+15	2.07e-12	5.34e-08	8.17e-05	7.98e-03	9.92e-01	8.38e-06	0.00e+00	1.79e-13	5.38e-13	8.98e-13	1.76e-08	3.58e-08	4.45e-38
 6.42591e+15	2.54e-12	6.50e-08	9.44e-05	8.68e-03	9.91e-01	7.80e-06	0.00e+00	2.20e-13	6.60e-13	1.10e-12	2.14e-08	4.36e-08	9.42e-38
 6.64281e+15	3.06e-12	7.80e-08	1.08e-04	9.35e-03	9.91e-01	7.33e-06	0.00e+00	2.65e-13	7.96e-13	1.33e-12	2.57e-08	5.23e-08	1.88e-37
 6.88539e+15	3.73e-12	9.49e-08	1.25e-04	1.02e-02	9.90e-01	6.86e-06	0.00e+00	3.24e-13	9.74e-13	1.63e-12	3.13e-08	6.36e-08	3.95e-37
 7.11666e+15	4.47e-12	1.13e-07	1.42e-04	1.09e-02	9.89e-01	6.47e-06	0.00e+00	3.89e-13	1.17e-12	1.95e-12	3.74e-08	7.60e-08	7.64e-37
 7.28861e+15	5.05e-12	1.29e-07	1.56e-04	1.16e-02	9.88e-01	6.22e-06	0.00e+00	4.40e-13	1.32e-12	2.20e-12	4.27e-08	8.67e-08	1.25e-36
 7.46273e+15	5.76e-12	1.47e-07	1.72e-04	1.22e-02	9.88e-01	5.96e-06	0.00e+00	5.02e-13	1.51e-12	2.52e-12	4.86e-08	9.86e-08	2.03e-36
 7.68908e+15	6.92e-12	1.74e-07	1.94e-04	1.31e-02	9.87e-01	5.67e-06	0.00e+00	6.03e-13	1.81e-12	3.02e-12	5.76e-08	1.17e-07	3.77e-36
 7.93385e+15	8.26e-12	2.07e-07	2.20e-04	1.40e-02	9.86e-01	5.39e-06	0.00e+00	7.21e-13	2.17e-12	3.61e-12	6.85e-08	1.39e-07	7.12e-36
 8.15317e+15	9.66e-12	2.41e-07	2.45e-04	1.49e-02	9.85e-01	5.15e-06	0.00e+00	8.45e-13	2.54e-12	4.23e-12	7.97e-08	1.62e-07	1.20e-35
 8.38890e+15	1.15e-11	2.83e-07	2.75e-04	1.59e-02	9.84e-01	4.93e-06	0.00e+00	1.00e-12	3.01e-12	5.02e-12	9.36e-08	1.90e-07	2.18e-35
 8.69260e+15	1.42e-11	3.47e-07	3.18e-04	1.73e-02	9.82e-01	4.68e-06	0.00e+00	1.25e-12	3.75e-12	6.25e-12	1.15e-07	2.32e-07	4.49e-35
 8.99890e+15	1.74e-11	4.20e-07	3.66e-04	1.88e-02	9.81e-01	4.45e-06	0.00e+00	1.52e-12	4.57e-12	7.63e-12	1.39e-07	2.81e-07	8.91e-35
 9.24944e+15	2.04e-11	4.90e-07	4.09e-04	2.00e-02	9.80e-01	4.29e-06	0.00e+00	1.79e-12	5.38e-12	8.98e-12	1.62e-07	3.28e-07	1.52e-34
 9.51325e+15	2.43e-11	5.75e-07	4.59e-04	2.13e-02	9.78e-01	4.13e-06	0.00e+00	2.13e-12	6.40e-12	1.07e-11	1.90e-07	3.85e-07	2.68e-34
 9.85563e+15	3.02e-11	7.04e-07	5.31e-04	2.32e-02	9.76e-01	3.94e-06	0.00e+00	2.65e-12	7.97e-12	1.33e-11	2.33e-07	4.71e-07	5.47e-34
 1.02120e+16	3.74e-11	8.61e-07	6.15e-04	2.52e-02	9.74e-01	3.78e-06	0.00e+00	3.30e-12	9.89e-12	1.65e-11	2.85e-07	5.76e-07	1.08e-33
 1.05151e+16	4.46e-11	1.02e-06	6.93e-04	2.69e-02	9.72e-01	3.65e-06	0.00e+00	3.94e-12	1.18e-11	1.97e-11	3.36e-07	6.80e-07	1.89e-33
 1.08371e+16	5.40e-11	1.21e-06	7.87e-04	2.89e-02	9.70e-01	3.52e-06	0.00e+00	4.77e-12	1.43e-11	2.39e-11	4.01e-07	8.10e-07	3.43e-33
 1.12396e+16	6.84e-11	1.50e-06	9.18e-04	3.16e-02	9.67e-01	3.39e-06	0.00e+00	6.05e-12	1.82e-11	3.03e-11	4.96e-07	1.00e-06	7.01e-33
 1.16387e+16	8.42e-11	1.82e-06	1.06e-03	3.43e-02	9.65e-01	3.26e-06	0.00e+00	7.46e-12	2.24e-11	3.73e-11	6.04e-07	1.22e-06	1.34e-32
 1.19737e+16	1.01e-10	2.15e-06	1.20e-03	3.68e-02	9.62e-01	3.19e-06	0.00e+00	8.96e-12	2.69e-11	4.48e-11	7.13e-07	1.44e-06	2.26e-32
 1.23333e+16	1.23e-10	2.57e-06	1.36e-03	3.95e-02	9.59e-01	3.11e-06	0.00e+00	1.09e-11	3.28e-11	5.47e-11	8.50e-07	1.72e-06	4.02e-32
 1.27353e+16	1.51e-10	3.09e-06	1.56e-03	4.27e-02	9.56e-01	3.01e-06	0.00e+00	1.34e-11	4.02e-11	6.71e-11	1.03e-06	2.07e-06	7.32e-32
 1.31160e+16	1.84e-10	3.68e-06	1.77e-03	4.60e-02	9.52e-01	2.95e-06	0.00e+00	1.63e-11	4.90e-11	8.18e-11	1.22e-06	2.46e-06	1.26e-31
 1.34483e+16	2.16e-10	4.26e-06	1.98e-03	4.90e-02	9.49e-01	2.88e-06	0.00e+00	1.93e-11	5.78e-11	9.64e-11	1.41e-06	2.84e-06	1.97e-31
 1.37945e+16	2.59e-10	4.98e-06	2.22e-03	5.22e-02	9.46e-01	2.83e-06	0.00e+00	2.30e-11	6.91e-11	1.15e-10	1.65e-06	3.33e-06	3.21e-31
 1.41713e+16	3.08e-10	5.84e-06	2.50e-03	5.59e-02	9.42e-01	2.76e-06	0.00e+00	2.74e-11	8.23e-11	1.37e-10	1.94e-06	3.90e-06	5.21e-31
 1.45215e+16	3.63e-10	6.77e-06	2.79e-03	5.96e-02	9.38e-01	2.71e-06	0.00e+00	3.24e-11	9.72e-11	1.62e-10	2.25e-06	4.52e-06	8.12e-31
 1.49104e+16	4.41e-10	8.00e-06	3.17e-03	6.39e-02	9.33e-01	2.66e-06	0.00e+00	3.94e-11	1.18e-10	1.97e-10	2.66e-06	5.35e-06	1.35e-30
 1.53269e+16	5.37e-10	9.48e-06	3.60e-03	6.87e-02	9.28e-01	2.62e-06	0.00e+00	4.81e-11	1.44e-10	2.40e-10	3.15e-06	6.33e-06	2.22e-30
 1.57046e+16	6.37e-10	1.10e-05	4.04e-03	7.33e-02	9.23e-01	2.58e-06	0.00e+00	5.70e-11	1.71e-10	2.85e-10	3.66e-06	7.37e-06	3.44e-30
 1.61210e+16	7.83e-10	1.31e-05	4.60e-03	7.89e-02	9.16e-01	2.54e-06	0.00e+00	7.02e-11	2.11e-10	3.51e-10	4.36e-06	8.77e-06	5.75e-30
 1.65705e+16	9.55e-10	1.56e-05	5.27e-03	8.51e-02	9.10e-01	2.49e-06	0.00e+00	8.57e-11	2.57e-10	4.29e-10	5.20e-06	1.04e-05	9.41e-30
 1.69864e+16	1.16e-09	1.84e-05	5.98e-03	9.14e-02	9.03e-01	2.47e-06	0.00e+00	1.05e-10	3.13e-10	5.23e-10	6.12e-06	1.23e-05	1.50e-29
 1.73733e+16	1.39e-09	2.14e-05	6.72e-03	9.75e-02	8.96e-01	2.44e-06	0.00e+00	1.25e-10	3.74e-10	6.24e-10	7.12e-06	1.43e-05	2.27e-29
 1.77991e+16	1.69e-09	2.55e-05	7.68e-03	1.05e-01	8.87e-01	2.40e-06	0.00e+00	1.52e-10	4.57e-10	7.63e-10	8.47e-06	1.70e-05	3.70e-29
 1.82554e+16	2.10e-09	3.04e-05	8.82e-03	1.13e-01	8.78e-01	2.38e-06	0.00e+00	1.89e-10	5.68e-10	9.47e-10	1.01e-05	2.03e-05	6.01e-29
 1.86535e+16	2.53e-09	3.55e-05	9.96e-03	1.21e-01	8.69e-01	2.36e-06	0.00e+00	2.29e-10	6.86e-10	1.14e-09	1.18e-05	2.37e-05	9.05e-29
 1.90178e+16	3.02e-09	4.11e-05	1.12e-02	1.29e-01	8.60e-01	2.34e-06	0.00e+00	2.72e-10	8.17e-10	1.36e-09	1.37e-05	2.74e-05	1.34e-28
 1.94358e+16	3.68e-09	4.88e-05	1.28e-02	1.38e-01	8.49e-01	2.32e-06	0.00e+00	3.33e-10	9.98e-10	1.66e-09	1.62e-05	3.25e-05	2.15e-28
 1.98871e+16	4.61e-09	5.86e-05	1.48e-02	1.49e-01	8.36e-01	2.31e-06	0.00e+00	4.17e-10	1.25e-09	2.08e-09	1.95e-05	3.91e-05	3.50e-28
 2.02633e+16	5.53e-09	6.81e-05	1.67e-02	1.59e-01	8.24e-01	2.31e-06	0.00e+00	5.01e-10	1.50e-09	2.50e-09	2.26e-05	4.54e-05	5.15e-28
 2.05745e+16	6.49e-09	7.75e-05	1.85e-02	1.68e-01	8.14e-01	2.31e-06	0.00e+00	5.88e-10	1.76e-09	2.94e-09	2.58e-05	5.17e-05	7.25e-28
 2.09194e+16	7.77e-09	9.00e-05	2.08e-02	1.79e-01	8.01e-01	2.30e-06	0.00e+00	7.05e-10	2.11e-09	3.53e-09	3.00e-05	6.01e-05	1.08e-27
 2.13010e+16	9.65e-09	1.07e-04	2.38e-02	1.91e-01	7.85e-01	2.31e-06	0.00e+00	8.76e-10	2.63e-09	4.38e-09	3.55e-05	7.12e-05	1.70e-27
 2.16420e+16	1.14e-08	1.23e-04	2.68e-02	2.03e-01	7.70e-01	2.30e-06	0.00e+00	1.04e-09	3.12e-09	5.20e-09	4.10e-05	8.22e-05	2.44e-27
 2.19430e+16	1.35e-08	1.41e-04	2.99e-02	2.14e-01	7.55e-01	2.31e-06	0.00e+00	1.23e-09	3.69e-09	6.15e-09	4.71e-05	9.43e-05	3.51e-27
 2.22804e+16	1.66e-08	1.67e-04	3.40e-02	2.29e-01	7.37e-01	2.32e-06	0.00e+00	1.51e-09	4.53e-09	7.55e-09	5.55e-05	1.11e-04	5.47e-27
 2.26348e+16	2.08e-08	1.98e-04	3.90e-02	2.45e-01	7.16e-01	2.38e-06	0.00e+00	1.89e-09	5.67e-09	9.46e-09	6.60e-05	1.32e-04	8.73e-27
