#depth	He	He+	He+2
 1.49634e+10	2.38e-23	2.67e-12	1.00e+00
 4.54887e+10	2.65e-23	2.88e-12	1.00e+00
 7.72350e+10	2.94e-23	3.12e-12	1.00e+00
 1.10251e+11	3.26e-23	3.38e-12	1.00e+00
 1.42032e+11	3.59e-23	3.63e-12	1.00e+00
 1.71645e+11	3.91e-23	3.88e-12	1.00e+00
 2.04999e+11	4.29e-23	4.17e-12	1.00e+00
 2.43126e+11	4.77e-23	4.51e-12	1.00e+00
 2.80943e+11	5.27e-23	4.86e-12	1.00e+00
 3.20273e+11	5.83e-23	5.24e-12	1.00e+00
 3.63011e+11	6.49e-23	5.67e-12	1.00e+00
 4.07458e+11	7.23e-23	6.14e-12	1.00e+00
 4.53684e+11	8.06e-23	6.65e-12	1.00e+00
 5.01758e+11	8.99e-23	7.20e-12	1.00e+00
 5.51755e+11	1.00e-22	7.79e-12	1.00e+00
 6.03752e+11	1.12e-22	8.43e-12	1.00e+00
 6.57829e+11	1.26e-22	9.13e-12	1.00e+00
 7.14068e+11	1.41e-22	9.89e-12	1.00e+00
 7.72558e+11	1.58e-22	1.07e-11	1.00e+00
 8.33387e+11	1.78e-22	1.16e-11	1.00e+00
 8.96649e+11	2.00e-22	1.26e-11	1.00e+00
 9.62442e+11	2.26e-22	1.36e-11	1.00e+00
 1.02687e+12	2.53e-22	1.47e-11	1.00e+00
 1.08657e+12	2.81e-22	1.57e-11	1.00e+00
 1.15265e+12	3.13e-22	1.69e-11	1.00e+00
 1.22869e+12	3.55e-22	1.83e-11	1.00e+00
 1.30353e+12	4.01e-22	1.98e-11	1.00e+00
 1.38136e+12	4.52e-22	2.13e-11	1.00e+00
 1.46655e+12	5.15e-22	2.31e-11	1.00e+00
 1.55310e+12	5.85e-22	2.51e-11	1.00e+00
 1.64312e+12	6.65e-22	2.71e-11	1.00e+00
 1.73877e+12	7.60e-22	2.94e-11	1.00e+00
 1.83824e+12	8.70e-22	3.19e-11	1.00e+00
 1.94170e+12	9.97e-22	3.47e-11	1.00e+00
 2.04930e+12	1.14e-21	3.77e-11	1.00e+00
 2.16119e+12	1.31e-21	4.09e-11	1.00e+00
 2.27757e+12	1.51e-21	4.44e-11	1.00e+00
 2.39860e+12	1.74e-21	4.83e-11	1.00e+00
 2.51261e+12	1.98e-21	5.21e-11	1.00e+00
 2.61489e+12	2.22e-21	5.56e-11	1.00e+00
 2.72981e+12	2.50e-21	5.98e-11	1.00e+00
 2.86562e+12	2.88e-21	6.49e-11	1.00e+00
 3.00133e+12	3.31e-21	7.03e-11	1.00e+00
 3.12915e+12	3.75e-21	7.55e-11	1.00e+00
 3.27093e+12	4.28e-21	8.17e-11	1.00e+00
 3.43170e+12	4.97e-21	8.90e-11	1.00e+00
 3.59237e+12	5.74e-21	9.67e-11	1.00e+00
 3.75946e+12	6.61e-21	1.05e-10	1.00e+00
 3.93977e+12	7.69e-21	1.15e-10	1.00e+00
 4.10880e+12	8.82e-21	1.24e-10	1.00e+00
 4.25958e+12	9.90e-21	1.33e-10	1.00e+00
 4.42898e+12	1.12e-20	1.43e-10	1.00e+00
 4.63019e+12	1.30e-20	1.56e-10	1.00e+00
 4.83227e+12	1.50e-20	1.69e-10	1.00e+00
 5.02054e+12	1.71e-20	1.83e-10	1.00e+00
 5.22941e+12	1.95e-20	1.98e-10	1.00e+00
 5.46852e+12	2.27e-20	2.17e-10	1.00e+00
 5.70353e+12	2.63e-20	2.36e-10	1.00e+00
 5.94793e+12	3.02e-20	2.58e-10	1.00e+00
 6.21578e+12	3.52e-20	2.82e-10	1.00e+00
 6.48593e+12	4.07e-20	3.09e-10	1.00e+00
 6.76688e+12	4.70e-20	3.38e-10	1.00e+00
 7.06748e+12	5.45e-20	3.71e-10	1.00e+00
 7.36488e+12	6.28e-20	4.06e-10	1.00e+00
 7.67418e+12	7.21e-20	4.44e-10	1.00e+00
 8.01107e+12	8.34e-20	4.88e-10	1.00e+00
 8.36144e+12	9.64e-20	5.37e-10	1.00e+00
 8.72582e+12	1.11e-19	5.91e-10	1.00e+00
 9.10478e+12	1.28e-19	6.50e-10	1.00e+00
 9.49890e+12	1.47e-19	7.16e-10	1.00e+00
 9.85578e+12	1.67e-19	7.80e-10	1.00e+00
 1.01538e+13	1.84e-19	8.35e-10	1.00e+00
 1.04807e+13	2.03e-19	8.99e-10	1.00e+00
 1.08936e+13	2.31e-19	9.83e-10	1.00e+00
 1.13239e+13	2.62e-19	1.08e-09	1.00e+00
 1.16919e+13	2.90e-19	1.16e-09	1.00e+00
 1.20737e+13	3.21e-19	1.25e-09	1.00e+00
 1.25503e+13	3.63e-19	1.37e-09	1.00e+00
 1.30333e+13	4.11e-19	1.50e-09	1.00e+00
 1.34531e+13	4.55e-19	1.62e-09	1.00e+00
 1.39072e+13	5.06e-19	1.75e-09	1.00e+00
 1.44621e+13	5.74e-19	1.92e-09	1.00e+00
 1.50277e+13	6.50e-19	2.10e-09	1.00e+00
 1.55445e+13	7.25e-19	2.27e-09	1.00e+00
 1.61183e+13	8.14e-19	2.48e-09	1.00e+00
 1.67865e+13	9.30e-19	2.72e-09	1.00e+00
 1.74480e+13	1.06e-18	2.98e-09	1.00e+00
 1.80800e+13	1.19e-18	3.24e-09	1.00e+00
 1.87770e+13	1.35e-18	3.54e-09	1.00e+00
 1.95580e+13	1.56e-18	3.89e-09	1.00e+00
 2.03428e+13	1.78e-18	4.26e-09	1.00e+00
 2.10462e+13	2.01e-18	4.60e-09	1.00e+00
 2.16426e+13	2.22e-18	4.90e-09	1.00e+00
 2.22855e+13	2.47e-18	5.24e-09	1.00e+00
 2.31168e+13	2.82e-18	5.70e-09	1.00e+00
 2.39836e+13	3.23e-18	6.20e-09	1.00e+00
 2.47265e+13	3.61e-18	6.64e-09	1.00e+00
 2.55179e+13	4.06e-18	7.12e-09	1.00e+00
 2.64994e+13	4.69e-18	7.75e-09	1.00e+00
 2.75077e+13	5.41e-18	8.43e-09	1.00e+00
 2.84155e+13	6.13e-18	9.06e-09	1.00e+00
 2.94136e+13	7.01e-18	9.79e-09	1.00e+00
 3.05044e+13	8.08e-18	1.06e-08	1.00e+00
 3.14968e+13	9.16e-18	1.14e-08	1.00e+00
 3.25675e+13	1.05e-17	1.23e-08	1.00e+00
 3.37685e+13	1.21e-17	1.33e-08	1.00e+00
 3.49060e+13	1.38e-17	1.43e-08	1.00e+00
 3.61518e+13	1.59e-17	1.54e-08	1.00e+00
 3.75315e+13	1.85e-17	1.67e-08	1.00e+00
 3.88147e+13	2.12e-17	1.80e-08	1.00e+00
 4.02121e+13	2.44e-17	1.94e-08	1.00e+00
 4.17773e+13	2.85e-17	2.11e-08	1.00e+00
 4.32583e+13	3.29e-17	2.28e-08	1.00e+00
 4.48582e+13	3.81e-17	2.46e-08	1.00e+00
 4.66409e+13	4.48e-17	2.68e-08	1.00e+00
 4.83578e+13	5.19e-17	2.89e-08	1.00e+00
 5.01850e+13	6.04e-17	3.13e-08	1.00e+00
 5.22223e+13	7.12e-17	3.41e-08	1.00e+00
 5.42645e+13	8.33e-17	3.70e-08	1.00e+00
 5.63884e+13	9.75e-17	4.01e-08	1.00e+00
 5.86738e+13	1.15e-16	4.37e-08	1.00e+00
 6.10507e+13	1.35e-16	4.75e-08	1.00e+00
 6.33884e+13	1.58e-16	5.14e-08	1.00e+00
 6.55720e+13	1.81e-16	5.52e-08	1.00e+00
 6.75476e+13	2.05e-16	5.87e-08	1.00e+00
 6.96588e+13	2.32e-16	6.26e-08	1.00e+00
 7.22841e+13	2.70e-16	6.76e-08	1.00e+00
 7.49083e+13	3.12e-16	7.28e-08	1.00e+00
 7.71576e+13	3.52e-16	7.74e-08	1.00e+00
 7.95886e+13	4.00e-16	8.25e-08	1.00e+00
 8.25969e+13	4.65e-16	8.91e-08	1.00e+00
 8.56139e+13	5.38e-16	9.59e-08	1.00e+00
 8.82193e+13	6.07e-16	1.02e-07	1.00e+00
 9.10314e+13	6.89e-16	1.09e-07	1.00e+00
 9.44883e+13	8.01e-16	1.17e-07	1.00e+00
 9.79737e+13	9.28e-16	1.26e-07	1.00e+00
 1.01059e+14	1.05e-15	1.35e-07	1.00e+00
 1.04435e+14	1.20e-15	1.44e-07	1.00e+00
 1.08485e+14	1.40e-15	1.55e-07	1.00e+00
 1.12520e+14	1.62e-15	1.67e-07	1.00e+00
 1.16191e+14	1.84e-15	1.78e-07	1.00e+00
 1.20282e+14	2.11e-15	1.91e-07	1.00e+00
 1.25060e+14	2.47e-15	2.07e-07	1.00e+00
 1.29773e+14	2.86e-15	2.23e-07	1.00e+00
 1.34227e+14	3.27e-15	2.38e-07	1.00e+00
 1.39179e+14	3.78e-15	2.56e-07	1.00e+00
 1.44777e+14	4.42e-15	2.78e-07	1.00e+00
 1.50391e+14	5.14e-15	3.00e-07	1.00e+00
 1.56231e+14	5.99e-15	3.23e-07	1.00e+00
 1.62510e+14	7.00e-15	3.50e-07	1.00e+00
 1.68586e+14	8.10e-15	3.77e-07	1.00e+00
 1.74296e+14	9.25e-15	4.03e-07	1.00e+00
 1.80688e+14	1.07e-14	4.33e-07	1.00e+00
 1.87134e+14	1.23e-14	4.65e-07	1.00e+00
 1.92480e+14	1.37e-14	4.92e-07	1.00e+00
 1.98132e+14	1.54e-14	5.21e-07	1.00e+00
 2.05369e+14	1.78e-14	5.60e-07	1.00e+00
 2.12965e+14	2.06e-14	6.03e-07	1.00e+00
 2.19662e+14	2.33e-14	6.42e-07	1.00e+00
 2.26888e+14	2.65e-14	6.86e-07	1.00e+00
 2.35606e+14	3.08e-14	7.41e-07	1.00e+00
 2.44465e+14	3.57e-14	7.99e-07	1.00e+00
 2.52737e+14	4.08e-14	8.55e-07	1.00e+00
 2.61937e+14	4.71e-14	9.21e-07	1.00e+00
 2.71723e+14	5.46e-14	9.93e-07	1.00e+00
 2.80421e+14	6.20e-14	1.06e-06	1.00e+00
 2.89762e+14	7.07e-14	1.13e-06	1.00e+00
 3.00958e+14	8.23e-14	1.23e-06	1.00e+00
 3.11975e+14	9.52e-14	1.32e-06	1.00e+00
 3.21779e+14	1.08e-13	1.41e-06	1.00e+00
 3.32596e+14	1.23e-13	1.51e-06	1.00e+00
 3.45500e+14	1.43e-13	1.63e-06	1.00e+00
 3.58303e+14	1.66e-13	1.76e-06	1.00e+00
 3.69985e+14	1.89e-13	1.88e-06	1.00e+00
 3.83022e+14	2.17e-13	2.02e-06	1.00e+00
 3.98214e+14	2.53e-13	2.19e-06	1.00e+00
 4.13145e+14	2.93e-13	2.37e-06	1.00e+00
 4.27239e+14	3.34e-13	2.54e-06	1.00e+00
 4.42925e+14	3.85e-13	2.73e-06	1.00e+00
 4.60672e+14	4.50e-13	2.96e-06	1.00e+00
 4.78431e+14	5.22e-13	3.20e-06	1.00e+00
 4.95083e+14	5.97e-13	3.44e-06	1.00e+00
 5.13098e+14	6.86e-13	3.70e-06	1.00e+00
 5.33237e+14	7.96e-13	4.00e-06	1.00e+00
 5.52055e+14	9.10e-13	4.30e-06	1.00e+00
 5.69481e+14	1.03e-12	4.58e-06	1.00e+00
 5.86287e+14	1.15e-12	4.86e-06	1.00e+00
 6.04998e+14	1.29e-12	5.18e-06	1.00e+00
 6.25705e+14	1.47e-12	5.55e-06	1.00e+00
 6.44975e+14	1.65e-12	5.91e-06	1.00e+00
 6.65996e+14	1.87e-12	6.31e-06	1.00e+00
 6.89673e+14	2.13e-12	6.77e-06	1.00e+00
 7.12211e+14	2.41e-12	7.23e-06	1.00e+00
 7.36920e+14	2.74e-12	7.75e-06	1.00e+00
 7.64138e+14	3.13e-12	8.35e-06	1.00e+00
 7.89137e+14	3.54e-12	8.91e-06	1.00e+00
 8.16156e+14	4.01e-12	9.54e-06	1.00e+00
 8.46418e+14	4.59e-12	1.03e-05	1.00e+00
 8.74929e+14	5.19e-12	1.10e-05	1.00e+00
 9.06027e+14	5.91e-12	1.18e-05	1.00e+00
 9.40578e+14	6.79e-12	1.27e-05	1.00e+00
 9.72813e+14	7.69e-12	1.37e-05	1.00e+00
 1.00785e+15	8.77e-12	1.47e-05	1.00e+00
 1.04708e+15	1.01e-11	1.59e-05	1.00e+00
 1.08429e+15	1.15e-11	1.71e-05	1.00e+00
 1.12410e+15	1.32e-11	1.84e-05	1.00e+00
 1.16909e+15	1.52e-11	2.00e-05	1.00e+00
 1.21339e+15	1.75e-11	2.16e-05	1.00e+00
 1.25946e+15	2.02e-11	2.33e-05	1.00e+00
 1.30987e+15	2.34e-11	2.53e-05	1.00e+00
 1.35963e+15	2.70e-11	2.74e-05	1.00e+00
 1.40097e+15	3.02e-11	2.92e-05	1.00e+00
 1.43439e+15	3.31e-11	3.07e-05	1.00e+00
 1.47150e+15	3.66e-11	3.24e-05	1.00e+00
 1.51975e+15	4.15e-11	3.48e-05	1.00e+00
 1.57143e+15	4.73e-11	3.74e-05	1.00e+00
 1.61725e+15	5.29e-11	3.98e-05	1.00e+00
 1.66651e+15	5.96e-11	4.25e-05	1.00e+00
 1.72825e+15	6.89e-11	4.60e-05	1.00e+00
 1.79090e+15	7.95e-11	4.98e-05	1.00e+00
 1.84517e+15	8.97e-11	5.31e-05	1.00e+00
 1.90388e+15	1.02e-10	5.70e-05	1.00e+00
 1.97581e+15	1.19e-10	6.19e-05	1.00e+00
 2.04845e+15	1.38e-10	6.71e-05	1.00e+00
 2.11301e+15	1.57e-10	7.19e-05	1.00e+00
 2.18356e+15	1.80e-10	7.74e-05	1.00e+00
 2.26791e+15	2.10e-10	8.42e-05	1.00e+00
 2.35138e+15	2.45e-10	9.14e-05	1.00e+00
 2.42671e+15	2.79e-10	9.81e-05	1.00e+00
 2.51029e+15	3.23e-10	1.06e-04	1.00e+00
 2.60869e+15	3.80e-10	1.16e-04	1.00e+00
 2.70578e+15	4.44e-10	1.26e-04	1.00e+00
 2.79597e+15	5.11e-10	1.35e-04	1.00e+00
 2.89706e+15	5.96e-10	1.46e-04	1.00e+00
 3.01297e+15	7.05e-10	1.60e-04	1.00e+00
 3.12709e+15	8.28e-10	1.74e-04	1.00e+00
 3.24578e+15	9.73e-10	1.89e-04	1.00e+00
 3.35387e+15	1.12e-09	2.04e-04	1.00e+00
 3.43454e+15	1.24e-09	2.15e-04	1.00e+00
 3.51791e+15	1.38e-09	2.27e-04	1.00e+00
 3.62630e+15	1.57e-09	2.43e-04	1.00e+00
 3.74368e+15	1.80e-09	2.61e-04	1.00e+00
 3.84967e+15	2.03e-09	2.78e-04	1.00e+00
 3.96436e+15	2.31e-09	2.97e-04	1.00e+00
 4.10978e+15	2.70e-09	3.22e-04	1.00e+00
 4.25613e+15	3.14e-09	3.48e-04	1.00e+00
 4.37914e+15	3.55e-09	3.71e-04	1.00e+00
 4.51081e+15	4.04e-09	3.96e-04	1.00e+00
 4.67695e+15	4.72e-09	4.29e-04	1.00e+00
 4.85108e+15	5.52e-09	4.65e-04	1.00e+00
 5.00778e+15	6.33e-09	4.99e-04	1.00e+00
 5.17864e+15	7.32e-09	5.37e-04	9.99e-01
 5.38073e+15	8.62e-09	5.85e-04	9.99e-01
 5.57848e+15	1.00e-08	6.33e-04	9.99e-01
 5.75829e+15	1.15e-08	6.78e-04	9.99e-01
 5.95972e+15	1.33e-08	7.31e-04	9.99e-01
 6.19506e+15	1.57e-08	7.95e-04	9.99e-01
 6.42591e+15	1.83e-08	8.60e-04	9.99e-01
 6.64281e+15	2.10e-08	9.24e-04	9.99e-01
 6.88539e+15	2.44e-08	9.99e-04	9.99e-01
 7.11666e+15	2.80e-08	1.07e-03	9.99e-01
 7.28861e+15	3.09e-08	1.13e-03	9.99e-01
 7.46273e+15	3.42e-08	1.19e-03	9.99e-01
 7.68908e+15	3.87e-08	1.26e-03	9.99e-01
 7.93385e+15	4.42e-08	1.35e-03	9.99e-01
 8.15317e+15	4.94e-08	1.43e-03	9.99e-01
 8.38890e+15	5.57e-08	1.52e-03	9.98e-01
 8.69260e+15	6.47e-08	1.64e-03	9.98e-01
 8.99890e+15	7.46e-08	1.76e-03	9.98e-01
 9.24944e+15	8.35e-08	1.87e-03	9.98e-01
 9.51325e+15	9.39e-08	1.99e-03	9.98e-01
 9.85563e+15	1.09e-07	2.14e-03	9.98e-01
 1.02120e+16	1.26e-07	2.31e-03	9.98e-01
 1.05151e+16	1.41e-07	2.45e-03	9.98e-01
 1.08371e+16	1.61e-07	2.62e-03	9.97e-01
 1.12396e+16	1.87e-07	2.83e-03	9.97e-01
 1.16387e+16	2.15e-07	3.05e-03	9.97e-01
 1.19737e+16	2.41e-07	3.24e-03	9.97e-01
 1.23333e+16	2.73e-07	3.46e-03	9.97e-01
 1.27353e+16	3.11e-07	3.70e-03	9.96e-01
 1.31160e+16	3.51e-07	3.95e-03	9.96e-01
 1.34483e+16	3.88e-07	4.17e-03	9.96e-01
 1.37945e+16	4.32e-07	4.42e-03	9.96e-01
 1.41713e+16	4.82e-07	4.70e-03	9.95e-01
 1.45215e+16	5.34e-07	4.97e-03	9.95e-01
 1.49104e+16	5.99e-07	5.30e-03	9.95e-01
 1.53269e+16	6.72e-07	5.66e-03	9.94e-01
 1.57046e+16	7.43e-07	6.00e-03	9.94e-01
 1.61210e+16	8.38e-07	6.43e-03	9.94e-01
 1.65705e+16	9.43e-07	6.90e-03	9.93e-01
 1.69864e+16	1.05e-06	7.38e-03	9.93e-01
 1.73733e+16	1.17e-06	7.85e-03	9.92e-01
 1.77991e+16	1.31e-06	8.44e-03	9.92e-01
 1.82554e+16	1.48e-06	9.11e-03	9.91e-01
 1.86535e+16	1.65e-06	9.74e-03	9.90e-01
 1.90178e+16	1.82e-06	1.04e-02	9.90e-01
 1.94358e+16	2.06e-06	1.13e-02	9.89e-01
 1.98871e+16	2.34e-06	1.23e-02	9.88e-01
 2.02633e+16	2.60e-06	1.32e-02	9.87e-01
 2.05745e+16	2.85e-06	1.41e-02	9.86e-01
 2.09194e+16	3.19e-06	1.52e-02	9.85e-01
 2.13010e+16	3.62e-06	1.65e-02	9.83e-01
 2.16420e+16	4.03e-06	1.79e-02	9.82e-01
 2.19430e+16	4.48e-06	1.93e-02	9.81e-01
 2.22804e+16	5.10e-06	2.12e-02	9.79e-01
 2.26348e+16	5.86e-06	2.34e-02	9.77e-01
 2.29291e+16	6.60e-06	2.56e-02	9.74e-01
 2.31854e+16	7.36e-06	2.78e-02	9.72e-01
 2.34748e+16	8.36e-06	3.08e-02	9.69e-01
 2.37847e+16	9.70e-06	3.45e-02	9.65e-01
 2.40473e+16	1.13e-05	3.84e-02	9.62e-01
 2.42609e+16	1.27e-05	4.21e-02	9.58e-01
 2.44851e+16	1.44e-05	4.67e-02	9.53e-01
 2.47355e+16	1.69e-05	5.29e-02	9.47e-01
 2.49583e+16	2.00e-05	5.97e-02	9.40e-01
 2.51349e+16	2.25e-05	6.62e-02	9.34e-01
 2.53132e+16	2.59e-05	7.41e-02	9.26e-01
 2.55076e+16	3.05e-05	8.44e-02	9.16e-01
 2.56767e+16	3.57e-05	9.57e-02	9.04e-01
 2.58174e+16	4.11e-05	1.07e-01	8.93e-01
 2.59460e+16	4.72e-05	1.19e-01	8.81e-01
 2.60919e+16	5.64e-05	1.36e-01	8.64e-01
 2.62362e+16	6.66e-05	1.56e-01	8.44e-01
 2.63484e+16	7.63e-05	1.76e-01	8.24e-01
 2.64401e+16	8.70e-05	1.94e-01	8.06e-01
 2.65098e+16	9.53e-05	2.09e-01	7.91e-01
 2.65752e+16	1.05e-04	2.26e-01	7.74e-01
 2.66602e+16	1.19e-04	2.50e-01	7.50e-01
 2.67452e+16	1.35e-04	2.76e-01	7.23e-01
 2.68123e+16	1.50e-04	3.00e-01	6.99e-01
 2.68812e+16	1.67e-04	3.28e-01	6.72e-01
 2.69708e+16	1.93e-04	3.67e-01	6.33e-01
 2.70520e+16	2.19e-04	4.05e-01	5.95e-01
 2.71077e+16	2.38e-04	4.33e-01	5.66e-01
 2.71657e+16	2.61e-04	4.65e-01	5.34e-01
 2.72410e+16	2.93e-04	5.08e-01	4.92e-01
 2.73202e+16	3.28e-04	5.53e-01	4.47e-01
 2.73892e+16	3.60e-04	5.93e-01	4.07e-01
 2.74637e+16	3.98e-04	6.36e-01	3.63e-01
 2.75606e+16	4.46e-04	6.89e-01	3.10e-01
 2.76613e+16	4.95e-04	7.39e-01	2.60e-01
 2.77493e+16	5.37e-04	7.78e-01	2.21e-01
 2.78461e+16	5.82e-04	8.16e-01	1.83e-01
 2.79720e+16	6.36e-04	8.57e-01	1.43e-01
 2.81357e+16	7.00e-04	8.96e-01	1.03e-01
 2.83183e+16	7.62e-04	9.27e-01	7.27e-02
 2.85256e+16	8.26e-04	9.50e-01	4.96e-02
 2.87949e+16	9.05e-04	9.68e-01	3.13e-02
 2.90852e+16	9.91e-04	9.79e-01	2.01e-02
 2.93377e+16	1.07e-03	9.85e-01	1.42e-02
 2.95498e+16	1.15e-03	9.88e-01	1.08e-02
 2.97089e+16	1.21e-03	9.90e-01	8.96e-03
 2.98220e+16	1.26e-03	9.91e-01	7.87e-03
 2.99406e+16	1.31e-03	9.92e-01	6.83e-03
 3.00948e+16	1.39e-03	9.93e-01	5.71e-03
 3.02558e+16	1.47e-03	9.94e-01	4.83e-03
 3.03855e+16	1.55e-03	9.94e-01	4.24e-03
 3.04924e+16	1.62e-03	9.95e-01	3.80e-03
 3.06101e+16	1.70e-03	9.95e-01	3.38e-03
 3.07288e+16	1.80e-03	9.95e-01	3.02e-03
 3.08199e+16	1.88e-03	9.95e-01	2.78e-03
 3.08955e+16	1.95e-03	9.95e-01	2.59e-03
 3.09797e+16	2.03e-03	9.96e-01	2.39e-03
 3.10746e+16	2.13e-03	9.96e-01	2.19e-03
 3.11621e+16	2.23e-03	9.96e-01	2.03e-03
 3.12377e+16	2.33e-03	9.96e-01	1.90e-03
 3.13187e+16	2.44e-03	9.96e-01	1.77e-03
 3.14069e+16	2.57e-03	9.96e-01	1.64e-03
 3.14832e+16	2.70e-03	9.96e-01	1.54e-03
 3.15471e+16	2.82e-03	9.96e-01	1.46e-03
 3.16162e+16	2.95e-03	9.96e-01	1.38e-03
 3.16931e+16	3.11e-03	9.96e-01	1.29e-03
 3.17620e+16	3.27e-03	9.96e-01	1.22e-03
 3.18202e+16	3.42e-03	9.95e-01	1.17e-03
 3.18828e+16	3.59e-03	9.95e-01	1.11e-03
 3.19519e+16	3.80e-03	9.95e-01	1.05e-03
 3.20133e+16	4.01e-03	9.95e-01	1.00e-03
 3.20653e+16	4.20e-03	9.95e-01	9.60e-04
 3.21213e+16	4.42e-03	9.95e-01	9.18e-04
 3.21831e+16	4.70e-03	9.94e-01	8.74e-04
 3.22383e+16	4.97e-03	9.94e-01	8.38e-04
 3.22863e+16	5.23e-03	9.94e-01	8.08e-04
 3.23391e+16	5.54e-03	9.94e-01	7.75e-04
 3.23972e+16	5.93e-03	9.93e-01	7.41e-04
 3.24488e+16	6.32e-03	9.93e-01	7.13e-04
 3.24939e+16	6.69e-03	9.93e-01	6.90e-04
 3.25437e+16	7.16e-03	9.92e-01	6.63e-04
 3.25994e+16	7.75e-03	9.92e-01	6.35e-04
 3.26508e+16	8.39e-03	9.91e-01	6.11e-04
 3.26974e+16	9.04e-03	9.90e-01	5.91e-04
 3.27499e+16	9.88e-03	9.90e-01	5.67e-04
 3.28060e+16	1.10e-02	9.88e-01	5.44e-04
 3.28516e+16	1.21e-02	9.87e-01	5.27e-04
 3.28869e+16	1.30e-02	9.86e-01	5.14e-04
 3.29239e+16	1.42e-02	9.85e-01	4.99e-04
 3.29654e+16	1.57e-02	9.84e-01	4.84e-04
 3.30024e+16	1.74e-02	9.82e-01	4.71e-04
 3.30325e+16	1.89e-02	9.81e-01	4.62e-04
 3.30641e+16	2.08e-02	9.79e-01	4.51e-04
 3.30986e+16	2.32e-02	9.76e-01	4.40e-04
 3.31284e+16	2.58e-02	9.74e-01	4.32e-04
 3.31524e+16	2.83e-02	9.71e-01	4.26e-04
 3.31777e+16	3.13e-02	9.68e-01	4.19e-04
 3.32054e+16	3.52e-02	9.64e-01	4.13e-04
 3.32298e+16	3.95e-02	9.60e-01	4.08e-04
 3.32502e+16	4.36e-02	9.56e-01	4.04e-04
 3.32691e+16	4.81e-02	9.51e-01	4.02e-04
 3.32906e+16	5.40e-02	9.46e-01	3.99e-04
 3.33131e+16	6.15e-02	9.38e-01	3.98e-04
 3.33311e+16	6.89e-02	9.31e-01	3.98e-04
 3.33453e+16	7.53e-02	9.24e-01	4.00e-04
 3.33601e+16	8.31e-02	9.17e-01	4.01e-04
 3.33781e+16	9.40e-02	9.06e-01	4.04e-04
 3.33954e+16	1.06e-01	8.93e-01	4.08e-04
 3.34088e+16	1.18e-01	8.82e-01	4.12e-04
 3.34200e+16	1.28e-01	8.71e-01	4.18e-04
 3.34305e+16	1.40e-01	8.60e-01	4.23e-04
 3.34405e+16	1.51e-01	8.48e-01	4.28e-04
 3.34500e+16	1.63e-01	8.36e-01	4.34e-04
 3.34573e+16	1.73e-01	8.26e-01	4.38e-04
 3.34619e+16	1.80e-01	8.20e-01	4.42e-04
 3.34662e+16	1.87e-01	8.13e-01	4.45e-04
 3.34712e+16	1.95e-01	8.05e-01	4.47e-04
 3.34767e+16	2.04e-01	7.95e-01	4.51e-04
 3.34820e+16	2.13e-01	7.86e-01	4.55e-04
 3.34869e+16	2.22e-01	7.77e-01	4.60e-04
 3.34917e+16	2.32e-01	7.67e-01	4.63e-04
 3.34966e+16	2.42e-01	7.58e-01	4.68e-04
 3.35014e+16	2.52e-01	7.47e-01	4.71e-04
 3.35062e+16	2.62e-01	7.37e-01	4.76e-04
 3.35108e+16	2.73e-01	7.26e-01	4.79e-04
 3.35155e+16	2.84e-01	7.15e-01	4.84e-04
 3.35201e+16	2.96e-01	7.04e-01	4.88e-04
 3.35247e+16	3.08e-01	6.92e-01	4.91e-04
 3.35292e+16	3.20e-01	6.80e-01	4.95e-04
 3.35335e+16	3.32e-01	6.68e-01	4.99e-04
 3.35379e+16	3.45e-01	6.55e-01	5.02e-04
 3.35423e+16	3.57e-01	6.42e-01	5.06e-04
 3.35466e+16	3.71e-01	6.29e-01	5.08e-04
 3.35508e+16	3.84e-01	6.16e-01	5.12e-04
 3.35550e+16	3.98e-01	6.02e-01	5.15e-04
 3.35592e+16	4.12e-01	5.88e-01	5.17e-04
 3.35633e+16	4.25e-01	5.74e-01	5.20e-04
 3.35673e+16	4.39e-01	5.60e-01	5.22e-04
 3.35713e+16	4.53e-01	5.46e-01	5.24e-04
 3.35753e+16	4.68e-01	5.32e-01	5.26e-04
 3.35793e+16	4.82e-01	5.17e-01	5.27e-04
 3.35831e+16	4.96e-01	5.03e-01	5.29e-04
 3.35869e+16	5.11e-01	4.89e-01	5.29e-04
 3.35907e+16	5.25e-01	4.75e-01	5.30e-04
 3.35944e+16	5.39e-01	4.60e-01	5.29e-04
 3.35980e+16	5.53e-01	4.47e-01	5.29e-04
 3.36016e+16	5.67e-01	4.33e-01	5.28e-04
 3.36051e+16	5.80e-01	4.20e-01	5.28e-04
 3.36084e+16	5.93e-01	4.07e-01	5.28e-04
 3.36117e+16	6.06e-01	3.94e-01	5.26e-04
 3.36150e+16	6.18e-01	3.81e-01	5.24e-04
 3.36183e+16	6.31e-01	3.69e-01	5.22e-04
 3.36214e+16	6.43e-01	3.56e-01	5.19e-04
 3.36246e+16	6.55e-01	3.44e-01	5.16e-04
 3.36277e+16	6.67e-01	3.33e-01	5.13e-04
 3.36307e+16	6.78e-01	3.21e-01	5.10e-04
 3.36337e+16	6.89e-01	3.10e-01	5.06e-04
 3.36367e+16	7.00e-01	3.00e-01	5.02e-04
 3.36396e+16	7.10e-01	2.89e-01	4.98e-04
 3.36425e+16	7.20e-01	2.79e-01	4.94e-04
 3.36453e+16	7.30e-01	2.69e-01	4.89e-04
 3.36481e+16	7.40e-01	2.60e-01	4.85e-04
 3.36509e+16	7.49e-01	2.50e-01	4.80e-04
 3.36536e+16	7.58e-01	2.41e-01	4.74e-04
 3.36563e+16	7.67e-01	2.32e-01	4.69e-04
 3.36590e+16	7.76e-01	2.24e-01	4.64e-04
 3.36617e+16	7.84e-01	2.16e-01	4.58e-04
 3.36644e+16	7.92e-01	2.07e-01	4.51e-04
 3.36670e+16	8.00e-01	2.00e-01	4.45e-04
 3.36696e+16	8.08e-01	1.92e-01	4.38e-04
 3.36718e+16	8.14e-01	1.86e-01	4.33e-04
 3.36735e+16	8.18e-01	1.81e-01	4.28e-04
 3.36749e+16	8.22e-01	1.77e-01	4.23e-04
 3.36765e+16	8.27e-01	1.73e-01	4.18e-04
 3.36782e+16	8.31e-01	1.68e-01	4.13e-04
 3.36798e+16	8.35e-01	1.64e-01	4.08e-04
 3.36813e+16	8.39e-01	1.60e-01	4.04e-04
 3.36828e+16	8.43e-01	1.57e-01	3.99e-04
 3.36843e+16	8.47e-01	1.53e-01	3.95e-04
 3.36858e+16	8.50e-01	1.49e-01	3.90e-04
 3.36872e+16	8.54e-01	1.46e-01	3.85e-04
 3.36886e+16	8.57e-01	1.43e-01	3.81e-04
 3.36900e+16	8.60e-01	1.39e-01	3.76e-04
 3.36914e+16	8.63e-01	1.36e-01	3.72e-04
 3.36927e+16	8.66e-01	1.33e-01	3.67e-04
 3.36941e+16	8.69e-01	1.30e-01	3.62e-04
 3.36955e+16	8.72e-01	1.27e-01	3.58e-04
 3.36969e+16	8.75e-01	1.24e-01	3.53e-04
 3.36984e+16	8.78e-01	1.21e-01	3.48e-04
 3.36999e+16	8.81e-01	1.18e-01	3.43e-04
 3.37014e+16	8.84e-01	1.15e-01	3.38e-04
 3.37031e+16	8.88e-01	1.12e-01	3.32e-04
 3.37050e+16	8.91e-01	1.08e-01	3.25e-04
 3.37071e+16	8.95e-01	1.05e-01	3.18e-04
 3.37093e+16	8.99e-01	1.01e-01	3.10e-04
 3.37116e+16	9.03e-01	9.70e-02	3.02e-04
 3.37137e+16	9.06e-01	9.35e-02	2.95e-04
 3.37157e+16	9.09e-01	9.03e-02	2.87e-04
 3.37177e+16	9.13e-01	8.72e-02	2.80e-04
 3.37196e+16	9.16e-01	8.42e-02	2.72e-04
 3.37215e+16	9.18e-01	8.15e-02	2.65e-04
 3.37232e+16	9.21e-01	7.91e-02	2.59e-04
 3.37247e+16	9.23e-01	7.70e-02	2.53e-04
 3.37261e+16	9.25e-01	7.51e-02	2.48e-04
 3.37274e+16	9.26e-01	7.34e-02	2.43e-04
 3.37285e+16	9.28e-01	7.19e-02	2.38e-04
 3.37296e+16	9.29e-01	7.05e-02	2.34e-04
 3.37307e+16	9.31e-01	6.91e-02	2.30e-04
 3.37320e+16	9.32e-01	6.76e-02	2.26e-04
 3.37331e+16	9.34e-01	6.62e-02	2.21e-04
 3.37341e+16	9.35e-01	6.50e-02	2.17e-04
 3.37352e+16	9.36e-01	6.36e-02	2.13e-04
 3.37365e+16	9.38e-01	6.23e-02	2.09e-04
 3.37376e+16	9.39e-01	6.10e-02	2.05e-04
 3.37386e+16	9.40e-01	5.99e-02	2.01e-04
 3.37395e+16	9.41e-01	5.89e-02	1.98e-04
 3.37405e+16	9.42e-01	5.78e-02	1.94e-04
 3.37416e+16	9.43e-01	5.67e-02	1.91e-04
 3.37426e+16	9.44e-01	5.57e-02	1.87e-04
 3.37435e+16	9.45e-01	5.48e-02	1.84e-04
 3.37445e+16	9.46e-01	5.38e-02	1.81e-04
 3.37455e+16	9.47e-01	5.28e-02	1.77e-04
 3.37465e+16	9.48e-01	5.19e-02	1.74e-04
 3.37474e+16	9.49e-01	5.11e-02	1.71e-04
 3.37482e+16	9.50e-01	5.03e-02	1.68e-04
 3.37490e+16	9.50e-01	4.95e-02	1.65e-04
 3.37500e+16	9.51e-01	4.87e-02	1.62e-04
 3.37508e+16	9.52e-01	4.79e-02	1.60e-04
 3.37516e+16	9.53e-01	4.73e-02	1.57e-04
 3.37525e+16	9.53e-01	4.65e-02	1.54e-04
 3.37534e+16	9.54e-01	4.57e-02	1.52e-04
 3.37543e+16	9.55e-01	4.50e-02	1.49e-04
 3.37550e+16	9.55e-01	4.44e-02	1.47e-04
 3.37559e+16	9.56e-01	4.37e-02	1.44e-04
 3.37568e+16	9.57e-01	4.30e-02	1.42e-04
 3.37576e+16	9.57e-01	4.25e-02	1.39e-04
 3.37585e+16	9.58e-01	4.17e-02	1.37e-04
 3.37595e+16	9.59e-01	4.10e-02	1.34e-04
 3.37604e+16	9.59e-01	4.04e-02	1.32e-04
 3.37612e+16	9.60e-01	3.99e-02	1.30e-04
 3.37621e+16	9.61e-01	3.93e-02	1.28e-04
 3.37630e+16	9.61e-01	3.86e-02	1.25e-04
 3.37639e+16	9.62e-01	3.81e-02	1.23e-04
 3.37649e+16	9.62e-01	3.75e-02	1.21e-04
 3.37659e+16	9.63e-01	3.69e-02	1.19e-04
 3.37668e+16	9.64e-01	3.63e-02	1.17e-04
 3.37679e+16	9.64e-01	3.57e-02	1.14e-04
 3.37690e+16	9.65e-01	3.51e-02	1.12e-04
 3.37700e+16	9.65e-01	3.46e-02	1.10e-04
 3.37709e+16	9.66e-01	3.41e-02	1.09e-04
 3.37719e+16	9.66e-01	3.36e-02	1.07e-04
 3.37730e+16	9.67e-01	3.31e-02	1.05e-04
 3.37742e+16	9.67e-01	3.25e-02	1.03e-04
 3.37755e+16	9.68e-01	3.19e-02	1.01e-04
 3.37767e+16	9.68e-01	3.14e-02	9.90e-05
 3.37779e+16	9.69e-01	3.09e-02	9.70e-05
 3.37793e+16	9.70e-01	3.03e-02	9.51e-05
 3.37806e+16	9.70e-01	2.99e-02	9.34e-05
 3.37820e+16	9.71e-01	2.93e-02	9.15e-05
 3.37835e+16	9.71e-01	2.88e-02	8.97e-05
 3.37848e+16	9.72e-01	2.84e-02	8.82e-05
 3.37863e+16	9.72e-01	2.79e-02	8.64e-05
 3.37879e+16	9.72e-01	2.74e-02	8.47e-05
 3.37894e+16	9.73e-01	2.70e-02	8.33e-05
 3.37910e+16	9.73e-01	2.65e-02	8.16e-05
 3.37927e+16	9.74e-01	2.61e-02	8.01e-05
 3.37943e+16	9.74e-01	2.57e-02	7.87e-05
 3.37960e+16	9.75e-01	2.53e-02	7.72e-05
 3.37982e+16	9.75e-01	2.48e-02	7.54e-05
 3.38007e+16	9.76e-01	2.43e-02	7.38e-05
 3.38029e+16	9.76e-01	2.39e-02	7.23e-05
 3.38053e+16	9.76e-01	2.34e-02	7.07e-05
 3.38079e+16	9.77e-01	2.30e-02	6.93e-05
 3.38102e+16	9.77e-01	2.27e-02	6.80e-05
 3.38128e+16	9.78e-01	2.23e-02	6.66e-05
 3.38162e+16	9.78e-01	2.18e-02	6.50e-05
 3.38199e+16	9.79e-01	2.14e-02	6.37e-05
 3.38232e+16	9.79e-01	2.11e-02	6.24e-05
 3.38268e+16	9.79e-01	2.07e-02	6.11e-05
 3.38315e+16	9.80e-01	2.03e-02	5.96e-05
 3.38366e+16	9.80e-01	1.99e-02	5.84e-05
 3.38413e+16	9.80e-01	1.96e-02	5.73e-05
 3.38464e+16	9.81e-01	1.93e-02	5.61e-05
 3.38530e+16	9.81e-01	1.90e-02	5.48e-05
 3.38601e+16	9.81e-01	1.87e-02	5.38e-05
 3.38680e+16	9.82e-01	1.84e-02	5.26e-05
 3.38781e+16	9.82e-01	1.81e-02	5.14e-05
 3.38891e+16	9.82e-01	1.78e-02	5.03e-05
 3.39011e+16	9.82e-01	1.76e-02	4.92e-05
 3.39168e+16	9.83e-01	1.73e-02	4.78e-05
 3.39337e+16	9.83e-01	1.71e-02	4.66e-05
 3.39522e+16	9.83e-01	1.68e-02	4.53e-05
 3.39762e+16	9.83e-01	1.65e-02	4.37e-05
 3.40022e+16	9.84e-01	1.62e-02	4.22e-05
 3.40258e+16	9.84e-01	1.59e-02	4.09e-05
 3.40517e+16	9.84e-01	1.56e-02	3.95e-05
 3.40797e+16	9.85e-01	1.54e-02	3.81e-05
 3.41051e+16	9.85e-01	1.51e-02	3.69e-05
 3.41330e+16	9.85e-01	1.48e-02	3.55e-05
 3.41631e+16	9.85e-01	1.45e-02	3.42e-05
 3.41905e+16	9.86e-01	1.43e-02	3.31e-05
 3.42205e+16	9.86e-01	1.40e-02	3.18e-05
 3.42529e+16	9.86e-01	1.37e-02	3.06e-05
 3.42824e+16	9.86e-01	1.35e-02	2.95e-05
 3.43147e+16	9.87e-01	1.32e-02	2.83e-05
 3.43496e+16	9.87e-01	1.29e-02	2.72e-05
 3.43813e+16	9.87e-01	1.27e-02	2.62e-05
 3.44161e+16	9.88e-01	1.24e-02	2.50e-05
 3.44536e+16	9.88e-01	1.21e-02	2.40e-05
 3.44878e+16	9.88e-01	1.19e-02	2.31e-05
 3.45252e+16	9.88e-01	1.16e-02	2.20e-05
 3.45656e+16	9.89e-01	1.14e-02	2.10e-05
 3.46024e+16	9.89e-01	1.11e-02	2.02e-05
 3.46427e+16	9.89e-01	1.09e-02	1.93e-05
 3.46863e+16	9.89e-01	1.06e-02	1.84e-05
 3.47259e+16	9.90e-01	1.04e-02	1.76e-05
 3.47692e+16	9.90e-01	1.01e-02	1.67e-05
 3.48161e+16	9.90e-01	9.87e-03	1.59e-05
 3.48587e+16	9.90e-01	9.65e-03	1.52e-05
 3.49054e+16	9.91e-01	9.40e-03	1.44e-05
 3.49559e+16	9.91e-01	9.15e-03	1.37e-05
 3.50018e+16	9.91e-01	8.94e-03	1.31e-05
 3.50520e+16	9.91e-01	8.70e-03	1.24e-05
 3.51063e+16	9.92e-01	8.46e-03	1.17e-05
 3.51557e+16	9.92e-01	8.25e-03	1.12e-05
 3.52099e+16	9.92e-01	8.02e-03	1.05e-05
 3.52683e+16	9.92e-01	7.78e-03	9.95e-06
 3.53215e+16	9.92e-01	7.59e-03	9.46e-06
 3.53798e+16	9.93e-01	7.36e-03	8.91e-06
 3.54427e+16	9.93e-01	7.14e-03	8.39e-06
 3.55116e+16	9.93e-01	6.90e-03	7.83e-06
 3.55953e+16	9.93e-01	6.62e-03	7.22e-06
 3.56851e+16	9.94e-01	6.34e-03	6.64e-06
 3.57762e+16	9.94e-01	6.08e-03	6.10e-06
 3.58705e+16	9.94e-01	5.82e-03	5.60e-06
 3.59687e+16	9.94e-01	5.57e-03	5.13e-06
 3.60707e+16	9.95e-01	5.32e-03	4.68e-06
 3.61764e+16	9.95e-01	5.07e-03	4.27e-06
 3.62855e+16	9.95e-01	4.84e-03	3.88e-06
 3.63967e+16	9.95e-01	4.61e-03	3.53e-06
 3.65097e+16	9.96e-01	4.40e-03	3.21e-06
 3.66250e+16	9.96e-01	4.19e-03	2.92e-06
 3.67426e+16	9.96e-01	3.99e-03	2.65e-06
 3.68625e+16	9.96e-01	3.80e-03	2.41e-06
 3.69847e+16	9.96e-01	3.62e-03	2.18e-06
 3.71091e+16	9.97e-01	3.44e-03	1.98e-06
 3.72360e+16	9.97e-01	3.28e-03	1.79e-06
 3.73652e+16	9.97e-01	3.12e-03	1.62e-06
 3.74950e+16	9.97e-01	2.97e-03	1.47e-06
 3.76267e+16	9.97e-01	2.82e-03	1.33e-06
 3.77634e+16	9.97e-01	2.68e-03	1.20e-06
 3.79036e+16	9.97e-01	2.54e-03	1.08e-06
 3.80462e+16	9.98e-01	2.41e-03	9.75e-07
 3.81912e+16	9.98e-01	2.29e-03	8.77e-07
 3.83390e+16	9.98e-01	2.17e-03	7.89e-07
 3.84898e+16	9.98e-01	2.06e-03	7.08e-07
 3.86438e+16	9.98e-01	1.95e-03	6.35e-07
 3.88008e+16	9.98e-01	1.84e-03	5.69e-07
 3.89613e+16	9.98e-01	1.74e-03	5.09e-07
 3.91252e+16	9.98e-01	1.65e-03	4.55e-07
 3.92927e+16	9.98e-01	1.56e-03	4.06e-07
 3.94638e+16	9.99e-01	1.47e-03	3.62e-07
 3.96387e+16	9.99e-01	1.39e-03	3.22e-07
 3.98177e+16	9.99e-01	1.31e-03	2.86e-07
 4.00008e+16	9.99e-01	1.23e-03	2.53e-07
 4.01885e+16	9.99e-01	1.16e-03	2.24e-07
 4.03808e+16	9.99e-01	1.09e-03	1.98e-07
 4.05777e+16	9.99e-01	1.02e-03	1.74e-07
 4.07798e+16	9.99e-01	9.59e-04	1.53e-07
 4.09874e+16	9.99e-01	9.00e-04	1.34e-07
 4.12009e+16	9.99e-01	8.42e-04	1.17e-07
 4.14206e+16	9.99e-01	7.87e-04	1.02e-07
 4.16468e+16	9.99e-01	7.35e-04	8.91e-08
 4.18765e+16	9.99e-01	6.86e-04	7.74e-08
 4.21114e+16	9.99e-01	6.40e-04	6.71e-08
 4.23586e+16	9.99e-01	5.94e-04	5.77e-08
 4.26177e+16	9.99e-01	5.50e-04	4.93e-08
 4.28861e+16	9.99e-01	5.09e-04	4.20e-08
 4.31639e+16	1.00e+00	4.70e-04	3.56e-08
 4.34532e+16	1.00e+00	4.32e-04	3.00e-08
 4.37557e+16	1.00e+00	3.96e-04	2.51e-08
 4.40735e+16	1.00e+00	3.62e-04	2.08e-08
 4.44075e+16	1.00e+00	3.30e-04	1.71e-08
 4.47586e+16	1.00e+00	2.99e-04	1.40e-08
 4.51322e+16	1.00e+00	2.69e-04	1.13e-08
 4.55280e+16	1.00e+00	2.41e-04	8.99e-09
 4.59509e+16	1.00e+00	2.15e-04	7.06e-09
 4.64091e+16	1.00e+00	1.89e-04	5.44e-09
 4.69040e+16	1.00e+00	1.65e-04	4.12e-09
 4.74435e+16	1.00e+00	1.43e-04	3.04e-09
 4.80398e+16	1.00e+00	1.22e-04	2.18e-09
 4.86954e+16	1.00e+00	1.02e-04	1.51e-09
 4.94433e+16	1.00e+00	8.27e-05	9.92e-10
 5.03295e+16	1.00e+00	6.48e-05	6.06e-10
 5.13286e+16	1.00e+00	4.93e-05	3.51e-10
 5.23701e+16	1.00e+00	3.73e-05	2.01e-10
 5.34194e+16	1.00e+00	2.81e-05	1.15e-10
 5.44890e+16	1.00e+00	2.11e-05	6.54e-11
 5.55999e+16	1.00e+00	1.58e-05	3.67e-11
 5.67661e+16	1.00e+00	1.16e-05	2.02e-11
 5.79916e+16	1.00e+00	8.48e-06	1.09e-11
 5.92800e+16	1.00e+00	6.14e-06	5.81e-12
 6.06472e+16	1.00e+00	4.38e-06	3.01e-12
 6.21150e+16	1.00e+00	3.08e-06	1.51e-12
 6.36595e+16	1.00e+00	2.15e-06	7.46e-13
 6.52255e+16	1.00e+00	1.51e-06	3.73e-13
 6.67916e+16	1.00e+00	1.06e-06	1.90e-13
 6.83577e+16	1.00e+00	7.61e-07	9.81e-14
 6.99238e+16	1.00e+00	5.48e-07	5.17e-14
 7.14899e+16	1.00e+00	3.98e-07	2.76e-14
 7.30559e+16	1.00e+00	2.92e-07	1.50e-14
 7.46219e+16	1.00e+00	2.16e-07	8.25e-15
 7.61880e+16	1.00e+00	1.61e-07	4.61e-15
 7.77541e+16	1.00e+00	1.20e-07	2.61e-15
 7.95550e+16	1.00e+00	8.64e-08	1.36e-15
 8.16216e+16	1.00e+00	6.02e-08	6.65e-16
 8.37188e+16	1.00e+00	4.22e-08	3.30e-16
 8.59675e+16	1.00e+00	2.91e-08	1.57e-16
 8.84029e+16	1.00e+00	1.97e-08	7.30e-17
 9.08735e+16	1.00e+00	1.35e-08	3.44e-17
 9.33440e+16	1.00e+00	9.34e-09	1.66e-17
 9.59335e+16	1.00e+00	6.41e-09	7.81e-18
 9.86815e+16	1.00e+00	4.35e-09	3.63e-18
 1.01496e+17	1.00e+00	2.97e-09	1.69e-18
 1.04338e+17	1.00e+00	2.04e-09	8.01e-19
 1.07180e+17	1.00e+00	1.41e-09	3.88e-19
 1.10022e+17	1.00e+00	9.92e-10	1.91e-19
 1.12864e+17	1.00e+00	7.02e-10	9.59e-20
 1.15706e+17	1.00e+00	5.01e-10	4.90e-20
 1.18548e+17	1.00e+00	3.61e-10	2.54e-20
 1.21390e+17	1.00e+00	2.62e-10	1.34e-20
 1.24232e+17	1.00e+00	1.91e-10	7.17e-21
 1.27075e+17	1.00e+00	1.41e-10	0.00e+00
 1.29917e+17	1.00e+00	1.04e-10	0.00e+00
 1.32903e+17	1.00e+00	7.66e-11	0.00e+00
 1.36033e+17	1.00e+00	5.60e-11	0.00e+00
 1.39163e+17	1.00e+00	4.13e-11	0.00e+00
 1.42293e+17	1.00e+00	3.07e-11	0.00e+00
 1.45423e+17	1.00e+00	2.31e-11	0.00e+00
 1.48953e+17	1.00e+00	1.68e-11	0.00e+00
 1.52957e+17	1.00e+00	1.20e-11	0.00e+00
 1.57137e+17	1.00e+00	8.55e-12	0.00e+00
 1.61455e+17	1.00e+00	6.19e-12	0.00e+00
 1.65878e+17	1.00e+00	4.57e-12	0.00e+00
 1.70407e+17	1.00e+00	3.46e-12	0.00e+00
 1.75023e+17	1.00e+00	2.70e-12	0.00e+00
 1.79683e+17	1.00e+00	2.18e-12	0.00e+00
 1.84344e+17	1.00e+00	1.83e-12	0.00e+00
 1.89073e+17	1.00e+00	1.59e-12	0.00e+00
 1.93869e+17	1.00e+00	1.41e-12	0.00e+00
 1.98611e+17	1.00e+00	1.29e-12	0.00e+00
 2.03223e+17	1.00e+00	1.22e-12	0.00e+00
 2.07693e+17	1.00e+00	1.17e-12	0.00e+00
 2.12035e+17	1.00e+00	1.14e-12	0.00e+00
 2.16241e+17	1.00e+00	1.13e-12	0.00e+00
 2.20287e+17	1.00e+00	1.12e-12	0.00e+00
 2.24158e+17	1.00e+00	1.12e-12	0.00e+00
 2.27842e+17	1.00e+00	1.12e-12	0.00e+00
 2.31339e+17	1.00e+00	1.13e-12	0.00e+00
 2.34664e+17	1.00e+00	1.14e-12	0.00e+00
 2.37824e+17	1.00e+00	1.15e-12	0.00e+00
 2.40820e+17	1.00e+00	1.16e-12	0.00e+00
 2.43652e+17	1.00e+00	1.17e-12	0.00e+00
 2.46326e+17	1.00e+00	1.19e-12	0.00e+00
 2.48852e+17	1.00e+00	1.20e-12	0.00e+00
 2.51239e+17	1.00e+00	1.21e-12	0.00e+00
 2.53496e+17	1.00e+00	1.22e-12	0.00e+00
 2.55629e+17	1.00e+00	1.23e-12	0.00e+00
 2.57643e+17	1.00e+00	1.24e-12	0.00e+00
 2.59546e+17	1.00e+00	1.25e-12	0.00e+00
 2.61344e+17	1.00e+00	1.26e-12	0.00e+00
 2.63045e+17	1.00e+00	1.27e-12	0.00e+00
 2.64655e+17	1.00e+00	1.28e-12	0.00e+00
 2.66179e+17	1.00e+00	1.29e-12	0.00e+00
 2.67621e+17	1.00e+00	1.29e-12	0.00e+00
 2.68986e+17	1.00e+00	1.30e-12	0.00e+00
 2.70279e+17	1.00e+00	1.31e-12	0.00e+00
 2.71505e+17	1.00e+00	1.31e-12	0.00e+00
 2.72668e+17	1.00e+00	1.32e-12	0.00e+00
 2.73772e+17	1.00e+00	1.32e-12	0.00e+00
 2.74819e+17	1.00e+00	1.33e-12	0.00e+00
 2.75813e+17	1.00e+00	1.33e-12	0.00e+00
 2.76758e+17	1.00e+00	1.34e-12	0.00e+00
 2.77656e+17	1.00e+00	1.34e-12	0.00e+00
 2.78510e+17	1.00e+00	1.35e-12	0.00e+00
 2.79323e+17	1.00e+00	1.35e-12	0.00e+00
 2.80097e+17	1.00e+00	1.35e-12	0.00e+00
 2.80834e+17	1.00e+00	1.36e-12	0.00e+00
 2.81537e+17	1.00e+00	1.36e-12	0.00e+00
 2.82208e+17	1.00e+00	1.36e-12	0.00e+00
 2.82848e+17	1.00e+00	1.37e-12	0.00e+00
 2.83461e+17	1.00e+00	1.37e-12	0.00e+00
 2.84047e+17	1.00e+00	1.37e-12	0.00e+00
 2.84607e+17	1.00e+00	1.37e-12	0.00e+00
 2.85145e+17	1.00e+00	1.38e-12	0.00e+00
 2.85661e+17	1.00e+00	1.38e-12	0.00e+00
 2.86156e+17	1.00e+00	1.38e-12	0.00e+00
 2.86633e+17	1.00e+00	1.38e-12	0.00e+00
 2.87093e+17	1.00e+00	1.38e-12	0.00e+00
 2.87537e+17	1.00e+00	1.38e-12	0.00e+00
 2.87966e+17	1.00e+00	1.39e-12	0.00e+00
 2.88383e+17	1.00e+00	1.39e-12	0.00e+00
 2.88787e+17	1.00e+00	1.39e-12	0.00e+00
 2.89181e+17	1.00e+00	1.39e-12	0.00e+00
 2.89565e+17	1.00e+00	1.39e-12	0.00e+00
 2.89942e+17	1.00e+00	1.39e-12	0.00e+00
 2.90313e+17	1.00e+00	1.39e-12	0.00e+00
 2.90679e+17	1.00e+00	1.39e-12	0.00e+00
 2.91042e+17	1.00e+00	1.39e-12	0.00e+00
 2.91404e+17	1.00e+00	1.40e-12	0.00e+00
 2.91766e+17	1.00e+00	1.40e-12	0.00e+00
 2.92132e+17	1.00e+00	1.40e-12	0.00e+00
 2.92503e+17	1.00e+00	1.40e-12	0.00e+00
 2.92883e+17	1.00e+00	1.40e-12	0.00e+00
 2.93276e+17	1.00e+00	1.40e-12	0.00e+00
 2.93686e+17	1.00e+00	1.40e-12	0.00e+00
 2.94119e+17	1.00e+00	1.40e-12	0.00e+00
 2.94583e+17	1.00e+00	1.40e-12	0.00e+00
 2.95086e+17	1.00e+00	1.39e-12	0.00e+00
 2.95644e+17	1.00e+00	1.39e-12	0.00e+00
 2.96273e+17	1.00e+00	1.39e-12	0.00e+00
 2.97000e+17	1.00e+00	1.38e-12	0.00e+00
 2.97862e+17	1.00e+00	1.38e-12	0.00e+00
 2.98915e+17	1.00e+00	1.37e-12	0.00e+00
 3.00247e+17	1.00e+00	1.35e-12	0.00e+00
 3.01968e+17	1.00e+00	1.32e-12	0.00e+00
 3.04206e+17	1.00e+00	1.28e-12	0.00e+00
 3.07114e+17	1.00e+00	1.21e-12	0.00e+00
 3.10896e+17	1.00e+00	1.12e-12	0.00e+00
 3.15812e+17	1.00e+00	1.01e-12	0.00e+00
 3.22202e+17	1.00e+00	8.67e-13	0.00e+00
 3.30510e+17	1.00e+00	7.04e-13	0.00e+00
 3.41310e+17	1.00e+00	5.30e-13	0.00e+00
 3.54362e+17	1.00e+00	3.61e-13	0.00e+00
 3.68537e+17	1.00e+00	2.74e-13	0.00e+00
 3.83278e+17	1.00e+00	2.43e-13	0.00e+00
 3.98609e+17	1.00e+00	2.16e-13	0.00e+00
 4.14554e+17	1.00e+00	1.92e-13	0.00e+00
 4.31136e+17	1.00e+00	1.68e-13	0.00e+00
 4.48381e+17	1.00e+00	1.46e-13	0.00e+00
 4.66317e+17	1.00e+00	1.25e-13	0.00e+00
 4.84969e+17	1.00e+00	1.06e-13	0.00e+00
 5.04368e+17	1.00e+00	8.90e-14	0.00e+00
 5.23427e+17	1.00e+00	7.32e-14	0.00e+00
 5.40356e+17	1.00e+00	8.07e-14	0.00e+00
 5.54951e+17	1.00e+00	1.07e-13	0.00e+00
 5.68281e+17	1.00e+00	1.24e-13	0.00e+00
 5.81237e+17	1.00e+00	1.24e-13	0.00e+00
 5.93879e+17	1.00e+00	1.13e-13	0.00e+00
 6.05497e+17	1.00e+00	1.07e-13	0.00e+00
 6.15497e+17	1.00e+00	1.13e-13	0.00e+00
 6.23982e+17	1.00e+00	1.21e-13	0.00e+00
 6.31202e+17	1.00e+00	1.25e-13	0.00e+00
 6.36749e+17	1.00e+00	1.28e-13	0.00e+00
 6.40285e+17	1.00e+00	1.37e-13	0.00e+00
 6.42345e+17	1.00e+00	1.47e-13	0.00e+00
 6.43581e+17	1.00e+00	1.53e-13	0.00e+00
 6.44323e+17	1.00e+00	1.56e-13	0.00e+00
 6.44791e+17	1.00e+00	1.58e-13	0.00e+00
 6.45191e+17	1.00e+00	1.60e-13	0.00e+00
 6.45638e+17	1.00e+00	1.61e-13	0.00e+00
 6.46140e+17	1.00e+00	1.62e-13	0.00e+00
 6.46643e+17	1.00e+00	1.62e-13	0.00e+00
 6.47067e+17	1.00e+00	1.63e-13	0.00e+00
 6.47418e+17	1.00e+00	1.63e-13	0.00e+00
 6.47746e+17	1.00e+00	1.63e-13	0.00e+00
 6.48072e+17	1.00e+00	1.63e-13	0.00e+00
 6.48401e+17	1.00e+00	1.63e-13	0.00e+00
 6.48707e+17	1.00e+00	1.63e-13	0.00e+00
 6.48972e+17	1.00e+00	1.63e-13	0.00e+00
 6.49226e+17	1.00e+00	1.63e-13	0.00e+00
 6.49474e+17	1.00e+00	1.62e-13	0.00e+00
 6.49725e+17	1.00e+00	1.62e-13	0.00e+00
 6.49978e+17	1.00e+00	1.62e-13	0.00e+00
 6.50211e+17	1.00e+00	1.61e-13	0.00e+00
 6.50416e+17	1.00e+00	1.61e-13	0.00e+00
 6.50616e+17	1.00e+00	1.61e-13	0.00e+00
 6.50822e+17	1.00e+00	1.60e-13	0.00e+00
 6.51021e+17	1.00e+00	1.60e-13	0.00e+00
 6.51211e+17	1.00e+00	1.59e-13	0.00e+00
 6.51395e+17	1.00e+00	1.59e-13	0.00e+00
 6.51574e+17	1.00e+00	1.58e-13	0.00e+00
 6.51748e+17	1.00e+00	1.58e-13	0.00e+00
 6.51922e+17	1.00e+00	1.58e-13	0.00e+00
 6.52096e+17	1.00e+00	1.57e-13	0.00e+00
 6.52263e+17	1.00e+00	1.57e-13	0.00e+00
 6.52424e+17	1.00e+00	1.56e-13	0.00e+00
 6.52592e+17	1.00e+00	1.56e-13	0.00e+00
 6.52767e+17	1.00e+00	1.55e-13	0.00e+00
 6.52937e+17	1.00e+00	1.54e-13	0.00e+00
 6.53100e+17	1.00e+00	1.54e-13	0.00e+00
 6.53261e+17	1.00e+00	1.53e-13	0.00e+00
 6.53433e+17	1.00e+00	1.53e-13	0.00e+00
 6.53612e+17	1.00e+00	1.52e-13	0.00e+00
 6.53783e+17	1.00e+00	1.51e-13	0.00e+00
 6.53953e+17	1.00e+00	1.51e-13	0.00e+00
 6.54128e+17	1.00e+00	1.50e-13	0.00e+00
 6.54307e+17	1.00e+00	1.49e-13	0.00e+00
 6.54489e+17	1.00e+00	1.48e-13	0.00e+00
 6.54669e+17	1.00e+00	1.48e-13	0.00e+00
 6.54865e+17	1.00e+00	1.47e-13	0.00e+00
 6.55080e+17	1.00e+00	1.46e-13	0.00e+00
 6.55288e+17	1.00e+00	1.45e-13	0.00e+00
 6.55483e+17	1.00e+00	1.44e-13	0.00e+00
 6.55673e+17	1.00e+00	1.43e-13	0.00e+00
 6.55879e+17	1.00e+00	1.42e-13	0.00e+00
 6.56112e+17	1.00e+00	1.41e-13	0.00e+00
 6.56342e+17	1.00e+00	1.40e-13	0.00e+00
 6.56557e+17	1.00e+00	1.39e-13	0.00e+00
 6.56785e+17	1.00e+00	1.37e-13	0.00e+00
 6.57039e+17	1.00e+00	1.36e-13	0.00e+00
 6.57297e+17	1.00e+00	1.35e-13	0.00e+00
 6.57542e+17	1.00e+00	1.33e-13	0.00e+00
 6.57786e+17	1.00e+00	1.32e-13	0.00e+00
 6.58054e+17	1.00e+00	1.31e-13	0.00e+00
 6.58350e+17	1.00e+00	1.29e-13	0.00e+00
 6.58651e+17	1.00e+00	1.28e-13	0.00e+00
 6.58944e+17	1.00e+00	1.26e-13	0.00e+00
 6.59230e+17	1.00e+00	1.25e-13	0.00e+00
 6.59523e+17	1.00e+00	1.23e-13	0.00e+00
 6.59835e+17	1.00e+00	1.21e-13	0.00e+00
 6.60160e+17	1.00e+00	1.20e-13	0.00e+00
 6.60498e+17	1.00e+00	1.18e-13	0.00e+00
 6.60850e+17	1.00e+00	1.16e-13	0.00e+00
 6.61205e+17	1.00e+00	1.14e-13	0.00e+00
 6.61555e+17	1.00e+00	1.12e-13	0.00e+00
 6.61925e+17	1.00e+00	1.10e-13	0.00e+00
 6.62316e+17	1.00e+00	1.08e-13	0.00e+00
 6.62706e+17	1.00e+00	1.05e-13	0.00e+00
 6.63100e+17	1.00e+00	1.03e-13	0.00e+00
 6.63510e+17	1.00e+00	1.01e-13	0.00e+00
 6.63944e+17	1.00e+00	9.89e-14	0.00e+00
 6.64388e+17	1.00e+00	9.63e-14	0.00e+00
 6.64822e+17	1.00e+00	9.40e-14	0.00e+00
 6.65254e+17	1.00e+00	9.16e-14	0.00e+00
 6.65703e+17	1.00e+00	8.94e-14	0.00e+00
 6.66185e+17	1.00e+00	8.69e-14	0.00e+00
 6.66693e+17	1.00e+00	8.43e-14	0.00e+00
 6.67198e+17	1.00e+00	8.15e-14	0.00e+00
 6.67692e+17	1.00e+00	7.90e-14	0.00e+00
 6.68186e+17	1.00e+00	7.65e-14	0.00e+00
 6.68701e+17	1.00e+00	7.41e-14	0.00e+00
 6.69246e+17	1.00e+00	7.14e-14	0.00e+00
 6.69804e+17	1.00e+00	6.87e-14	0.00e+00
 6.70353e+17	1.00e+00	6.60e-14	0.00e+00
 6.70902e+17	1.00e+00	6.35e-14	0.00e+00
 6.71474e+17	1.00e+00	6.09e-14	0.00e+00
 6.72071e+17	1.00e+00	5.83e-14	0.00e+00
 6.72672e+17	1.00e+00	5.56e-14	0.00e+00
 6.73282e+17	1.00e+00	5.31e-14	0.00e+00
 6.73904e+17	1.00e+00	5.05e-14	0.00e+00
 6.74544e+17	1.00e+00	4.79e-14	0.00e+00
 6.75200e+17	1.00e+00	4.53e-14	0.00e+00
 6.75850e+17	1.00e+00	4.28e-14	0.00e+00
 6.76507e+17	1.00e+00	4.05e-14	0.00e+00
 6.77200e+17	1.00e+00	3.81e-14	0.00e+00
 6.77923e+17	1.00e+00	3.56e-14	0.00e+00
 6.78663e+17	1.00e+00	3.32e-14	0.00e+00
 6.79417e+17	1.00e+00	3.08e-14	0.00e+00
 6.80167e+17	1.00e+00	2.87e-14	0.00e+00
 6.80910e+17	1.00e+00	2.66e-14	0.00e+00
 6.81611e+17	1.00e+00	2.46e-14	0.00e+00
 6.82225e+17	1.00e+00	2.30e-14	0.00e+00
 6.82757e+17	1.00e+00	2.16e-14	0.00e+00
 6.83247e+17	1.00e+00	2.05e-14	0.00e+00
 6.83726e+17	1.00e+00	1.94e-14	0.00e+00
 6.84197e+17	1.00e+00	1.84e-14	0.00e+00
 6.84645e+17	1.00e+00	1.75e-14	0.00e+00
 6.85063e+17	1.00e+00	1.66e-14	0.00e+00
 6.85454e+17	1.00e+00	1.59e-14	0.00e+00
 6.85829e+17	1.00e+00	1.52e-14	0.00e+00
 6.86192e+17	1.00e+00	1.45e-14	0.00e+00
 6.86546e+17	1.00e+00	1.39e-14	0.00e+00
 6.86885e+17	1.00e+00	1.33e-14	0.00e+00
 6.87210e+17	1.00e+00	1.28e-14	0.00e+00
 6.87522e+17	1.00e+00	1.23e-14	0.00e+00
 6.87824e+17	1.00e+00	1.18e-14	0.00e+00
 6.88116e+17	1.00e+00	1.14e-14	0.00e+00
 6.88400e+17	1.00e+00	1.10e-14	0.00e+00
 6.88675e+17	1.00e+00	1.06e-14	0.00e+00
 6.88942e+17	1.00e+00	1.02e-14	0.00e+00
 6.89200e+17	1.00e+00	9.81e-15	0.00e+00
 6.89451e+17	1.00e+00	9.46e-15	0.00e+00
 6.89693e+17	1.00e+00	9.14e-15	0.00e+00
 6.89929e+17	1.00e+00	8.83e-15	0.00e+00
 6.90159e+17	1.00e+00	8.53e-15	0.00e+00
 6.90384e+17	1.00e+00	8.25e-15	0.00e+00
 6.90604e+17	1.00e+00	7.97e-15	0.00e+00
 6.90817e+17	1.00e+00	7.72e-15	0.00e+00
 6.91024e+17	1.00e+00	7.46e-15	0.00e+00
 6.91260e+17	1.00e+00	7.24e-15	0.00e+00
 6.91566e+17	1.00e+00	6.94e-15	0.00e+00
 6.91965e+17	1.00e+00	6.56e-15	0.00e+00
