#depth	O	O+	O+2	O+3	O+4	O+5	O+6	O+7	O+8	O[1]	O[2]	O[3]
 1.49634e+10	0.00e+00	2.70e-44	1.11e-33	4.15e-24	1.47e-15	3.52e-08	1.00e+00	0.00e+00	0.00e+00	0.00e+00	0.00e+00	0.00e+00
 4.54887e+10	0.00e+00	0.00e+00	1.52e-33	5.26e-24	1.72e-15	3.81e-08	1.00e+00	5.63e-12	0.00e+00	0.00e+00	0.00e+00	0.00e+00
 7.72350e+10	0.00e+00	5.93e-44	2.09e-33	6.66e-24	2.02e-15	4.12e-08	1.00e+00	0.00e+00	0.00e+00	0.00e+00	0.00e+00	0.00e+00
 1.10251e+11	0.00e+00	0.00e+00	2.86e-33	8.44e-24	2.36e-15	4.46e-08	1.00e+00	0.00e+00	0.00e+00	0.00e+00	0.00e+00	0.00e+00
 1.42959e+11	0.00e+00	1.28e-43	3.86e-33	1.06e-23	2.75e-15	4.81e-08	1.00e+00	0.00e+00	0.00e+00	0.00e+00	0.00e+00	0.00e+00
 1.76976e+11	0.00e+00	0.00e+00	5.22e-33	1.33e-23	3.20e-15	5.20e-08	1.00e+00	0.00e+00	0.00e+00	0.00e+00	0.00e+00	0.00e+00
 2.13981e+11	0.00e+00	2.77e-43	7.16e-33	1.68e-23	3.75e-15	5.63e-08	1.00e+00	0.00e+00	0.00e+00	0.00e+00	0.00e+00	0.00e+00
 2.50787e+11	0.00e+00	0.00e+00	9.69e-33	2.11e-23	4.36e-15	6.07e-08	1.00e+00	0.00e+00	0.00e+00	0.00e+00	0.00e+00	0.00e+00
 2.89065e+11	0.00e+00	5.89e-43	1.31e-32	2.65e-23	5.08e-15	6.55e-08	1.00e+00	0.00e+00	0.00e+00	0.00e+00	0.00e+00	0.00e+00
 3.30555e+11	0.00e+00	0.00e+00	1.80e-32	3.37e-23	5.96e-15	7.10e-08	1.00e+00	0.00e+00	0.00e+00	0.00e+00	0.00e+00	0.00e+00
 3.72569e+11	0.00e+00	1.28e-42	2.45e-32	4.25e-23	6.96e-15	7.68e-08	1.00e+00	0.00e+00	0.00e+00	0.00e+00	0.00e+00	0.00e+00
 4.16264e+11	0.00e+00	0.00e+00	3.34e-32	5.36e-23	8.13e-15	8.30e-08	1.00e+00	0.00e+00	0.00e+00	0.00e+00	0.00e+00	0.00e+00
 4.62841e+11	0.00e+00	2.80e-42	4.58e-32	6.80e-23	9.54e-15	9.00e-08	1.00e+00	0.00e+00	0.00e+00	0.00e+00	0.00e+00	0.00e+00
 5.11282e+11	0.00e+00	0.00e+00	6.29e-32	8.63e-23	1.12e-14	9.75e-08	1.00e+00	0.00e+00	0.00e+00	0.00e+00	0.00e+00	0.00e+00
 5.61660e+11	0.00e+00	6.18e-42	8.64e-32	1.10e-22	1.31e-14	1.06e-07	1.00e+00	0.00e+00	0.00e+00	0.00e+00	0.00e+00	0.00e+00
 6.14053e+11	0.00e+00	0.00e+00	1.19e-31	1.39e-22	1.54e-14	1.15e-07	1.00e+00	0.00e+00	0.00e+00	0.00e+00	0.00e+00	0.00e+00
 6.68542e+11	0.00e+00	1.37e-41	1.63e-31	1.77e-22	1.81e-14	1.24e-07	1.00e+00	0.00e+00	0.00e+00	0.00e+00	0.00e+00	0.00e+00
 7.25210e+11	0.00e+00	0.00e+00	2.24e-31	2.25e-22	2.13e-14	1.35e-07	1.00e+00	0.00e+00	0.00e+00	0.00e+00	0.00e+00	0.00e+00
 7.84146e+11	0.00e+00	3.02e-41	3.08e-31	2.86e-22	2.50e-14	1.46e-07	1.00e+00	0.00e+00	0.00e+00	0.00e+00	0.00e+00	0.00e+00
 8.45438e+11	0.00e+00	0.00e+00	4.24e-31	3.64e-22	2.94e-14	1.59e-07	1.00e+00	0.00e+00	0.00e+00	0.00e+00	0.00e+00	0.00e+00
 9.09182e+11	0.00e+00	6.67e-41	5.83e-31	4.63e-22	3.46e-14	1.72e-07	1.00e+00	0.00e+00	0.00e+00	0.00e+00	0.00e+00	0.00e+00
 9.75477e+11	0.00e+00	0.00e+00	8.02e-31	5.89e-22	4.07e-14	1.87e-07	1.00e+00	0.00e+00	0.00e+00	0.00e+00	0.00e+00	0.00e+00
 1.04442e+12	0.00e+00	1.48e-40	1.10e-30	7.49e-22	4.79e-14	2.03e-07	1.00e+00	0.00e+00	0.00e+00	0.00e+00	0.00e+00	0.00e+00
 1.11613e+12	0.00e+00	0.00e+00	1.52e-30	9.54e-22	5.64e-14	2.20e-07	1.00e+00	0.00e+00	0.00e+00	0.00e+00	0.00e+00	0.00e+00
 1.18635e+12	0.00e+00	3.20e-40	2.06e-30	1.20e-21	6.58e-14	2.38e-07	1.00e+00	0.00e+00	0.00e+00	0.00e+00	0.00e+00	0.00e+00
 1.25352e+12	0.00e+00	0.00e+00	2.72e-30	1.48e-21	7.59e-14	2.56e-07	1.00e+00	0.00e+00	0.00e+00	0.00e+00	0.00e+00	0.00e+00
 1.32773e+12	0.00e+00	6.55e-40	3.66e-30	1.85e-21	8.84e-14	2.76e-07	1.00e+00	0.00e+00	0.00e+00	0.00e+00	0.00e+00	0.00e+00
 1.41077e+12	0.00e+00	0.00e+00	5.04e-30	2.36e-21	1.04e-13	3.00e-07	1.00e+00	0.00e+00	0.00e+00	0.00e+00	0.00e+00	0.00e+00
 1.49414e+12	0.00e+00	1.44e-39	6.88e-30	2.99e-21	1.22e-13	3.26e-07	1.00e+00	0.00e+00	0.00e+00	0.00e+00	0.00e+00	0.00e+00
 1.58084e+12	0.00e+00	0.00e+00	9.38e-30	3.79e-21	1.44e-13	3.53e-07	1.00e+00	0.00e+00	0.00e+00	0.00e+00	0.00e+00	0.00e+00
 1.67400e+12	0.00e+00	3.15e-39	1.29e-29	4.83e-21	1.69e-13	3.84e-07	1.00e+00	0.00e+00	0.00e+00	0.00e+00	0.00e+00	0.00e+00
 1.77089e+12	0.00e+00	0.00e+00	1.79e-29	6.17e-21	2.00e-13	4.18e-07	1.00e+00	0.00e+00	0.00e+00	0.00e+00	0.00e+00	0.00e+00
 1.87165e+12	0.00e+00	7.00e-39	2.46e-29	7.89e-21	2.36e-13	4.55e-07	1.00e+00	0.00e+00	0.00e+00	0.00e+00	0.00e+00	0.00e+00
 1.97644e+12	0.00e+00	0.00e+00	3.40e-29	1.01e-20	2.80e-13	4.96e-07	1.00e+00	0.00e+00	0.00e+00	0.00e+00	0.00e+00	0.00e+00
 2.08543e+12	0.00e+00	1.56e-38	4.70e-29	1.29e-20	3.31e-13	5.40e-07	1.00e+00	0.00e+00	0.00e+00	0.00e+00	0.00e+00	0.00e+00
 2.19877e+12	0.00e+00	0.00e+00	6.48e-29	1.65e-20	3.91e-13	5.89e-07	1.00e+00	0.00e+00	0.00e+00	0.00e+00	0.00e+00	0.00e+00
 2.31665e+12	0.00e+00	3.46e-38	8.96e-29	2.11e-20	4.63e-13	6.42e-07	1.00e+00	0.00e+00	0.00e+00	0.00e+00	0.00e+00	0.00e+00
 2.43924e+12	0.00e+00	0.00e+00	1.24e-28	2.70e-20	5.48e-13	7.00e-07	1.00e+00	0.00e+00	0.00e+00	0.00e+00	0.00e+00	0.00e+00
 2.55320e+12	0.00e+00	7.36e-38	1.65e-28	3.36e-20	6.38e-13	7.56e-07	1.00e+00	0.00e+00	0.00e+00	0.00e+00	0.00e+00	0.00e+00
 2.65303e+12	0.00e+00	0.00e+00	2.11e-28	4.06e-20	7.26e-13	8.08e-07	1.00e+00	0.00e+00	0.00e+00	0.00e+00	0.00e+00	0.00e+00
 2.76429e+12	0.00e+00	1.38e-37	2.75e-28	4.97e-20	8.35e-13	8.68e-07	1.00e+00	0.00e+00	0.00e+00	0.00e+00	0.00e+00	0.00e+00
 2.89868e+12	0.00e+00	0.00e+00	3.75e-28	6.30e-20	9.84e-13	9.45e-07	1.00e+00	0.00e+00	0.00e+00	0.00e+00	0.00e+00	0.00e+00
 3.03464e+12	0.00e+00	2.93e-37	5.06e-28	7.94e-20	1.15e-12	1.03e-06	1.00e+00	0.00e+00	0.00e+00	0.00e+00	0.00e+00	0.00e+00
 3.15971e+12	0.00e+00	0.00e+00	6.62e-28	9.75e-20	1.33e-12	1.10e-06	1.00e+00	0.00e+00	0.00e+00	0.00e+00	0.00e+00	0.00e+00
 3.29911e+12	0.00e+00	5.81e-37	8.83e-28	1.22e-19	1.55e-12	1.20e-06	1.00e+00	0.00e+00	0.00e+00	0.00e+00	0.00e+00	0.00e+00
 3.46043e+12	0.00e+00	0.00e+00	1.22e-27	1.56e-19	1.84e-12	1.31e-06	1.00e+00	0.00e+00	0.00e+00	0.00e+00	0.00e+00	0.00e+00
 3.61863e+12	0.00e+00	1.25e-36	1.65e-27	1.97e-19	2.17e-12	1.42e-06	1.00e+00	0.00e+00	0.00e+00	0.00e+00	0.00e+00	0.00e+00
 3.76972e+12	1.85e-46	1.76e-36	2.18e-27	2.44e-19	2.52e-12	1.54e-06	1.00e+00	0.00e+00	0.00e+00	0.00e+00	0.00e+00	0.00e+00
 3.93698e+12	0.00e+00	0.00e+00	2.93e-27	3.07e-19	2.96e-12	1.67e-06	1.00e+00	0.00e+00	0.00e+00	0.00e+00	0.00e+00	0.00e+00
 4.12439e+12	0.00e+00	3.75e-36	4.04e-27	3.94e-19	3.52e-12	1.83e-06	1.00e+00	0.00e+00	0.00e+00	0.00e+00	0.00e+00	0.00e+00
 4.31477e+12	7.21e-46	5.49e-36	5.52e-27	5.01e-19	4.17e-12	2.00e-06	1.00e+00	0.00e+00	0.00e+00	0.00e+00	0.00e+00	0.00e+00
 4.51277e+12	0.00e+00	0.00e+00	7.54e-27	6.39e-19	4.94e-12	2.19e-06	1.00e+00	0.00e+00	0.00e+00	0.00e+00	0.00e+00	0.00e+00
 4.72320e+12	0.00e+00	1.18e-35	1.04e-26	8.18e-19	5.89e-12	2.40e-06	1.00e+00	0.00e+00	0.00e+00	0.00e+00	0.00e+00	0.00e+00
 4.94206e+12	2.86e-45	1.74e-35	1.42e-26	1.05e-18	7.01e-12	2.63e-06	1.00e+00	0.00e+00	0.00e+00	0.00e+00	0.00e+00	0.00e+00
 5.16967e+12	0.00e+00	0.00e+00	1.95e-26	1.34e-18	8.34e-12	2.88e-06	1.00e+00	0.00e+00	0.00e+00	0.00e+00	0.00e+00	0.00e+00
 5.40638e+12	0.00e+00	3.76e-35	2.68e-26	1.72e-18	9.93e-12	3.16e-06	1.00e+00	0.00e+00	0.00e+00	0.00e+00	0.00e+00	0.00e+00
 5.65256e+12	1.12e-44	5.50e-35	3.67e-26	2.20e-18	1.18e-11	3.46e-06	1.00e+00	0.00e+00	0.00e+00	0.00e+00	0.00e+00	0.00e+00
 5.90859e+12	0.00e+00	8.04e-35	5.01e-26	2.81e-18	1.41e-11	3.80e-06	1.00e+00	0.00e+00	0.00e+00	0.00e+00	0.00e+00	0.00e+00
 6.17486e+12	2.75e-44	1.17e-34	6.85e-26	3.59e-18	1.68e-11	4.17e-06	1.00e+00	0.00e+00	0.00e+00	0.00e+00	0.00e+00	0.00e+00
 6.45179e+12	0.00e+00	1.71e-34	9.34e-26	4.58e-18	2.00e-11	4.58e-06	1.00e+00	0.00e+00	0.00e+00	0.00e+00	0.00e+00	0.00e+00
 6.73978e+12	6.68e-44	2.48e-34	1.27e-25	5.85e-18	2.38e-11	5.03e-06	1.00e+00	0.00e+00	0.00e+00	0.00e+00	0.00e+00	0.00e+00
 7.02595e+12	0.00e+00	3.53e-34	1.71e-25	7.38e-18	2.81e-11	5.50e-06	1.00e+00	0.00e+00	0.00e+00	0.00e+00	0.00e+00	0.00e+00
 7.32357e+12	1.54e-43	5.02e-34	2.29e-25	9.31e-18	3.31e-11	6.01e-06	1.00e+00	0.00e+00	0.00e+00	0.00e+00	0.00e+00	0.00e+00
 7.64644e+12	0.00e+00	7.24e-34	3.11e-25	1.19e-17	3.94e-11	6.61e-06	1.00e+00	0.00e+00	0.00e+00	0.00e+00	0.00e+00	0.00e+00
 7.98222e+12	3.65e-43	1.04e-33	4.21e-25	1.51e-17	4.69e-11	7.26e-06	1.00e+00	0.00e+00	0.00e+00	0.00e+00	0.00e+00	0.00e+00
 8.31365e+12	0.00e+00	1.47e-33	5.61e-25	1.90e-17	5.53e-11	7.93e-06	1.00e+00	0.00e+00	0.00e+00	0.00e+00	0.00e+00	0.00e+00
 8.62831e+12	7.91e-43	2.01e-33	7.29e-25	2.34e-17	6.42e-11	8.61e-06	1.00e+00	0.00e+00	0.00e+00	0.00e+00	0.00e+00	0.00e+00
 8.97334e+12	0.00e+00	2.79e-33	9.62e-25	2.92e-17	7.53e-11	9.39e-06	1.00e+00	0.00e+00	0.00e+00	0.00e+00	0.00e+00	0.00e+00
 9.36220e+12	1.77e-42	3.98e-33	1.30e-24	3.70e-17	8.94e-11	1.03e-05	1.00e+00	0.00e+00	0.00e+00	0.00e+00	0.00e+00	0.00e+00
 9.74943e+12	0.00e+00	5.58e-33	1.72e-24	4.66e-17	1.05e-10	1.13e-05	1.00e+00	0.00e+00	0.00e+00	0.00e+00	0.00e+00	0.00e+00
 1.01522e+13	3.90e-42	7.81e-33	2.29e-24	5.85e-17	1.24e-10	1.24e-05	1.00e+00	0.00e+00	0.00e+00	0.00e+00	0.00e+00	0.00e+00
 1.05882e+13	0.00e+00	1.11e-32	3.07e-24	7.41e-17	1.47e-10	1.36e-05	1.00e+00	0.00e+00	0.00e+00	0.00e+00	0.00e+00	0.00e+00
 1.10324e+13	8.71e-42	1.55e-32	4.09e-24	9.34e-17	1.74e-10	1.49e-05	1.00e+00	0.00e+00	0.00e+00	0.00e+00	0.00e+00	0.00e+00
 1.14943e+13	0.00e+00	2.18e-32	5.45e-24	1.18e-16	2.05e-10	1.63e-05	1.00e+00	0.00e+00	0.00e+00	0.00e+00	0.00e+00	0.00e+00
 1.19255e+13	1.84e-41	2.95e-32	7.04e-24	1.45e-16	2.38e-10	1.77e-05	1.00e+00	0.00e+00	0.00e+00	0.00e+00	0.00e+00	0.00e+00
 1.22890e+13	0.00e+00	3.78e-32	8.69e-24	1.72e-16	2.68e-10	1.90e-05	1.00e+00	0.00e+00	0.00e+00	0.00e+00	0.00e+00	0.00e+00
 1.26853e+13	3.33e-41	4.91e-32	1.08e-23	2.05e-16	3.05e-10	2.04e-05	1.00e+00	0.00e+00	0.00e+00	0.00e+00	0.00e+00	0.00e+00
 1.31824e+13	0.00e+00	6.73e-32	1.42e-23	2.55e-16	3.56e-10	2.22e-05	1.00e+00	0.00e+00	0.00e+00	0.00e+00	0.00e+00	0.00e+00
 1.36955e+13	6.91e-41	9.19e-32	1.85e-23	3.16e-16	4.15e-10	2.42e-05	1.00e+00	0.00e+00	0.00e+00	0.00e+00	0.00e+00	0.00e+00
 1.41498e+13	0.00e+00	1.20e-31	2.32e-23	3.80e-16	4.73e-10	2.60e-05	1.00e+00	0.00e+00	0.00e+00	0.00e+00	0.00e+00	0.00e+00
 1.46425e+13	1.31e-40	1.60e-31	2.95e-23	4.62e-16	5.42e-10	2.81e-05	1.00e+00	0.00e+00	0.00e+00	0.00e+00	0.00e+00	0.00e+00
 1.52344e+13	0.00e+00	2.21e-31	3.90e-23	5.78e-16	6.35e-10	3.07e-05	1.00e+00	0.00e+00	0.00e+00	0.00e+00	0.00e+00	0.00e+00
 1.58267e+13	2.76e-40	3.03e-31	5.09e-23	7.17e-16	7.40e-10	3.34e-05	1.00e+00	0.00e+00	0.00e+00	0.00e+00	0.00e+00	0.00e+00
 1.63687e+13	0.00e+00	4.01e-31	6.46e-23	8.68e-16	8.46e-10	3.60e-05	1.00e+00	0.00e+00	0.00e+00	0.00e+00	0.00e+00	0.00e+00
 1.69737e+13	5.43e-40	5.43e-31	8.35e-23	1.07e-15	9.77e-10	3.90e-05	1.00e+00	0.00e+00	0.00e+00	0.00e+00	0.00e+00	0.00e+00
 1.76770e+13	0.00e+00	7.62e-31	1.11e-22	1.34e-15	1.15e-09	4.26e-05	1.00e+00	0.00e+00	0.00e+00	0.00e+00	0.00e+00	0.00e+00
 1.83748e+13	1.17e-39	1.05e-30	1.47e-22	1.67e-15	1.34e-09	4.64e-05	1.00e+00	0.00e+00	0.00e+00	0.00e+00	0.00e+00	0.00e+00
 1.91004e+13	0.00e+00	1.46e-30	1.93e-22	2.09e-15	1.56e-09	5.05e-05	1.00e+00	0.00e+00	0.00e+00	0.00e+00	0.00e+00	0.00e+00
 1.98944e+13	2.58e-39	2.07e-30	2.59e-22	2.64e-15	1.83e-09	5.52e-05	1.00e+00	0.00e+00	0.00e+00	0.00e+00	0.00e+00	0.00e+00
 2.07201e+13	0.00e+00	2.93e-30	3.47e-22	3.33e-15	2.15e-09	6.02e-05	1.00e+00	0.00e+00	0.00e+00	0.00e+00	0.00e+00	0.00e+00
 2.15788e+13	5.82e-39	4.17e-30	4.65e-22	4.20e-15	2.52e-09	6.57e-05	1.00e+00	0.00e+00	0.00e+00	0.00e+00	0.00e+00	0.00e+00
 2.24719e+13	0.00e+00	5.93e-30	6.25e-22	5.30e-15	2.96e-09	7.17e-05	1.00e+00	0.00e+00	0.00e+00	0.00e+00	0.00e+00	0.00e+00
 2.33767e+13	1.31e-38	8.36e-30	8.33e-22	6.65e-15	3.46e-09	7.80e-05	1.00e+00	0.00e+00	0.00e+00	0.00e+00	0.00e+00	0.00e+00
 2.43176e+13	0.00e+00	1.19e-29	1.11e-21	8.35e-15	4.04e-09	8.48e-05	1.00e+00	0.00e+00	0.00e+00	0.00e+00	0.00e+00	0.00e+00
 2.53203e+13	3.00e-38	1.69e-29	1.50e-21	1.05e-14	4.73e-09	9.24e-05	1.00e+00	0.00e+00	0.00e+00	0.00e+00	0.00e+00	0.00e+00
 2.63630e+13	0.00e+00	2.43e-29	2.02e-21	1.33e-14	5.55e-09	1.01e-04	1.00e+00	0.00e+00	0.00e+00	0.00e+00	0.00e+00	0.00e+00
 2.74474e+13	6.99e-38	3.49e-29	2.73e-21	1.68e-14	6.50e-09	1.10e-04	1.00e+00	0.00e+00	0.00e+00	0.00e+00	0.00e+00	0.00e+00
 2.85753e+13	0.00e+00	5.01e-29	3.68e-21	2.12e-14	7.61e-09	1.19e-04	1.00e+00	0.00e+00	0.00e+00	0.00e+00	0.00e+00	0.00e+00
 2.97482e+13	1.64e-37	7.21e-29	4.97e-21	2.68e-14	8.91e-09	1.30e-04	1.00e+00	0.00e+00	0.00e+00	0.00e+00	0.00e+00	0.00e+00
 3.09681e+13	0.00e+00	1.04e-28	6.72e-21	3.39e-14	1.04e-08	1.41e-04	1.00e+00	0.00e+00	0.00e+00	0.00e+00	0.00e+00	0.00e+00
 3.21280e+13	3.75e-37	1.45e-28	8.86e-21	4.19e-14	1.21e-08	1.52e-04	1.00e+00	0.00e+00	0.00e+00	0.00e+00	0.00e+00	0.00e+00
 3.31914e+13	0.00e+00	1.96e-28	1.13e-20	5.07e-14	1.37e-08	1.63e-04	1.00e+00	0.00e+00	0.00e+00	0.00e+00	0.00e+00	0.00e+00
 3.43995e+13	7.86e-37	2.72e-28	1.48e-20	6.25e-14	1.58e-08	1.75e-04	1.00e+00	0.00e+00	0.00e+00	0.00e+00	0.00e+00	0.00e+00
 3.57990e+13	0.00e+00	3.92e-28	2.00e-20	7.88e-14	1.85e-08	1.91e-04	1.00e+00	0.00e+00	0.00e+00	0.00e+00	0.00e+00	0.00e+00
 3.71930e+13	1.84e-36	5.60e-28	2.68e-20	9.85e-14	2.14e-08	2.06e-04	1.00e+00	0.00e+00	0.00e+00	0.00e+00	0.00e+00	0.00e+00
 3.86427e+13	0.00e+00	7.98e-28	3.58e-20	1.23e-13	2.49e-08	2.23e-04	1.00e+00	0.00e+00	0.00e+00	0.00e+00	0.00e+00	0.00e+00
 4.02184e+13	4.33e-36	1.16e-27	4.86e-20	1.56e-13	2.92e-08	2.42e-04	1.00e+00	0.00e+00	0.00e+00	0.00e+00	0.00e+00	0.00e+00
 4.18570e+13	0.00e+00	1.68e-27	6.59e-20	1.97e-13	3.41e-08	2.63e-04	1.00e+00	0.00e+00	0.00e+00	0.00e+00	0.00e+00	0.00e+00
 4.35612e+13	1.05e-35	2.44e-27	8.94e-20	2.49e-13	3.99e-08	2.85e-04	1.00e+00	0.00e+00	0.00e+00	0.00e+00	0.00e+00	0.00e+00
 4.53336e+13	0.00e+00	3.55e-27	1.21e-19	3.14e-13	4.67e-08	3.10e-04	1.00e+00	0.00e+00	0.00e+00	0.00e+00	0.00e+00	0.00e+00
 4.71769e+13	2.54e-35	5.16e-27	1.65e-19	3.97e-13	5.47e-08	3.36e-04	1.00e+00	0.00e+00	0.00e+00	0.00e+00	0.00e+00	0.00e+00
 4.90939e+13	3.96e-35	7.52e-27	2.24e-19	5.02e-13	6.40e-08	3.65e-04	1.00e+00	0.00e+00	0.00e+00	0.00e+00	0.00e+00	0.00e+00
 5.08927e+13	5.93e-35	1.06e-26	2.95e-19	6.20e-13	7.37e-08	3.92e-04	1.00e+00	0.00e+00	0.00e+00	0.00e+00	0.00e+00	0.00e+00
 5.24938e+13	8.40e-35	1.42e-26	3.75e-19	7.44e-13	8.33e-08	4.18e-04	1.00e+00	0.00e+00	0.00e+00	0.00e+00	0.00e+00	0.00e+00
 5.42867e+13	1.22e-34	1.95e-26	4.85e-19	9.07e-13	9.50e-08	4.48e-04	1.00e+00	0.00e+00	0.00e+00	0.00e+00	0.00e+00	0.00e+00
 5.64211e+13	1.89e-34	2.81e-26	6.53e-19	1.14e-12	1.11e-07	4.84e-04	1.00e+00	0.00e+00	0.00e+00	0.00e+00	0.00e+00	0.00e+00
 5.85534e+13	2.88e-34	4.00e-26	8.71e-19	1.42e-12	1.28e-07	5.22e-04	9.99e-01	0.00e+00	0.00e+00	0.00e+00	0.00e+00	0.00e+00
 6.05286e+13	4.20e-34	5.50e-26	1.13e-18	1.72e-12	1.46e-07	5.58e-04	9.99e-01	0.00e+00	0.00e+00	0.00e+00	0.00e+00	0.00e+00
 6.27371e+13	6.30e-34	7.74e-26	1.49e-18	2.13e-12	1.68e-07	6.00e-04	9.99e-01	0.00e+00	0.00e+00	0.00e+00	0.00e+00	0.00e+00
 6.52765e+13	9.90e-34	1.13e-25	2.02e-18	2.69e-12	1.97e-07	6.51e-04	9.99e-01	0.00e+00	0.00e+00	0.00e+00	0.00e+00	0.00e+00
 6.77586e+13	1.52e-33	1.62e-25	2.71e-18	3.35e-12	2.28e-07	7.02e-04	9.99e-01	0.00e+00	0.00e+00	0.00e+00	0.00e+00	0.00e+00
 7.01300e+13	2.26e-33	2.26e-25	3.54e-18	4.11e-12	2.61e-07	7.52e-04	9.99e-01	0.00e+00	0.00e+00	0.00e+00	0.00e+00	0.00e+00
 7.27551e+13	3.44e-33	3.22e-25	4.71e-18	5.11e-12	3.02e-07	8.10e-04	9.99e-01	0.00e+00	0.00e+00	0.00e+00	0.00e+00	0.00e+00
 7.56953e+13	5.43e-33	4.73e-25	6.43e-18	6.46e-12	3.53e-07	8.77e-04	9.99e-01	0.00e+00	0.00e+00	0.00e+00	0.00e+00	0.00e+00
 7.86612e+13	8.49e-33	6.87e-25	8.68e-18	8.11e-12	4.11e-07	9.47e-04	9.99e-01	0.00e+00	0.00e+00	0.00e+00	0.00e+00	0.00e+00
 8.17459e+13	1.33e-32	9.99e-25	1.17e-17	1.02e-11	4.78e-07	1.02e-03	9.99e-01	0.00e+00	0.00e+00	0.00e+00	0.00e+00	0.00e+00
 8.50456e+13	2.10e-32	1.47e-24	1.60e-17	1.29e-11	5.59e-07	1.11e-03	9.99e-01	0.00e+00	0.00e+00	0.00e+00	0.00e+00	0.00e+00
 8.84774e+13	3.34e-32	2.16e-24	2.19e-17	1.63e-11	6.54e-07	1.20e-03	9.99e-01	0.00e+00	0.00e+00	0.00e+00	0.00e+00	0.00e+00
 9.20464e+13	5.35e-32	3.21e-24	3.01e-17	2.06e-11	7.65e-07	1.30e-03	9.99e-01	0.00e+00	0.00e+00	0.00e+00	0.00e+00	0.00e+00
 9.57582e+13	8.46e-32	4.71e-24	4.08e-17	2.60e-11	8.94e-07	1.40e-03	9.99e-01	0.00e+00	0.00e+00	0.00e+00	0.00e+00	0.00e+00
 9.96185e+13	1.35e-31	6.94e-24	5.57e-17	3.29e-11	1.05e-06	1.52e-03	9.98e-01	0.00e+00	0.00e+00	0.00e+00	0.00e+00	0.00e+00
 1.03416e+14	2.10e-31	1.00e-23	7.49e-17	4.11e-11	1.21e-06	1.63e-03	9.98e-01	0.00e+00	0.00e+00	0.00e+00	0.00e+00	0.00e+00
 1.07365e+14	3.27e-31	1.46e-23	1.01e-16	5.13e-11	1.41e-06	1.76e-03	9.98e-01	0.00e+00	0.00e+00	0.00e+00	0.00e+00	0.00e+00
 1.11689e+14	5.23e-31	2.15e-23	1.38e-16	6.49e-11	1.64e-06	1.90e-03	9.98e-01	0.00e+00	0.00e+00	0.00e+00	0.00e+00	0.00e+00
 1.16032e+14	8.24e-31	3.14e-23	1.87e-16	8.14e-11	1.91e-06	2.05e-03	9.98e-01	0.00e+00	0.00e+00	0.00e+00	0.00e+00	0.00e+00
 1.20549e+14	1.30e-30	4.59e-23	2.53e-16	1.02e-10	2.23e-06	2.21e-03	9.98e-01	0.00e+00	0.00e+00	0.00e+00	0.00e+00	0.00e+00
 1.25401e+14	2.08e-30	6.79e-23	3.46e-16	1.29e-10	2.60e-06	2.39e-03	9.98e-01	0.00e+00	0.00e+00	0.00e+00	0.00e+00	0.00e+00
 1.30328e+14	3.30e-30	9.97e-23	4.70e-16	1.63e-10	3.03e-06	2.58e-03	9.97e-01	0.00e+00	0.00e+00	0.00e+00	0.00e+00	0.00e+00
 1.35453e+14	5.23e-30	1.46e-22	6.39e-16	2.05e-10	3.53e-06	2.79e-03	9.97e-01	0.00e+00	0.00e+00	0.00e+00	0.00e+00	0.00e+00
 1.40512e+14	8.10e-30	2.11e-22	8.56e-16	2.54e-10	4.08e-06	3.00e-03	9.97e-01	0.00e+00	0.00e+00	0.00e+00	0.00e+00	0.00e+00
 1.45203e+14	1.20e-29	2.92e-22	1.11e-15	3.09e-10	4.65e-06	3.20e-03	9.97e-01	0.00e+00	0.00e+00	0.00e+00	0.00e+00	0.00e+00
 1.50472e+14	1.84e-29	4.17e-22	1.48e-15	3.82e-10	5.36e-06	3.43e-03	9.97e-01	0.00e+00	0.00e+00	0.00e+00	0.00e+00	0.00e+00
 1.56520e+14	2.94e-29	6.17e-22	2.02e-15	4.84e-10	6.26e-06	3.71e-03	9.96e-01	0.00e+00	0.00e+00	0.00e+00	0.00e+00	0.00e+00
 1.62517e+14	4.61e-29	8.97e-22	2.72e-15	6.05e-10	7.27e-06	3.99e-03	9.96e-01	0.00e+00	0.00e+00	0.00e+00	0.00e+00	0.00e+00
 1.68753e+14	7.23e-29	1.30e-21	3.67e-15	7.57e-10	8.44e-06	4.30e-03	9.96e-01	0.00e+00	0.00e+00	0.00e+00	0.00e+00	0.00e+00
 1.74966e+14	1.11e-28	1.87e-21	4.89e-15	9.38e-10	9.74e-06	4.62e-03	9.95e-01	0.00e+00	0.00e+00	0.00e+00	0.00e+00	0.00e+00
 1.80495e+14	1.61e-28	2.54e-21	6.26e-15	1.13e-09	1.10e-05	4.91e-03	9.95e-01	0.00e+00	0.00e+00	0.00e+00	0.00e+00	0.00e+00
 1.86566e+14	2.38e-28	3.52e-21	8.14e-15	1.37e-09	1.26e-05	5.24e-03	9.95e-01	0.00e+00	0.00e+00	0.00e+00	0.00e+00	0.00e+00
 1.93813e+14	3.73e-28	5.13e-21	1.10e-14	1.72e-09	1.46e-05	5.65e-03	9.94e-01	0.00e+00	0.00e+00	0.00e+00	0.00e+00	0.00e+00
 2.00987e+14	5.73e-28	7.34e-21	1.47e-14	2.14e-09	1.69e-05	6.08e-03	9.94e-01	0.00e+00	0.00e+00	0.00e+00	0.00e+00	0.00e+00
 2.07495e+14	8.34e-28	1.00e-20	1.89e-14	2.59e-09	1.91e-05	6.48e-03	9.94e-01	0.00e+00	0.00e+00	0.00e+00	0.00e+00	0.00e+00
 2.14734e+14	1.25e-27	1.41e-20	2.47e-14	3.17e-09	2.19e-05	6.94e-03	9.93e-01	0.00e+00	0.00e+00	0.00e+00	0.00e+00	0.00e+00
 2.23218e+14	1.96e-27	2.05e-20	3.36e-14	3.99e-09	2.56e-05	7.50e-03	9.92e-01	0.00e+00	0.00e+00	0.00e+00	0.00e+00	0.00e+00
 2.31567e+14	3.00e-27	2.93e-20	4.48e-14	4.97e-09	2.96e-05	8.07e-03	9.92e-01	0.00e+00	0.00e+00	0.00e+00	0.00e+00	0.00e+00
 2.39360e+14	4.40e-27	4.05e-20	5.81e-14	6.05e-09	3.37e-05	8.63e-03	9.91e-01	0.00e+00	0.00e+00	0.00e+00	0.00e+00	0.00e+00
 2.48074e+14	6.64e-27	5.72e-20	7.69e-14	7.47e-09	3.88e-05	9.27e-03	9.91e-01	0.00e+00	0.00e+00	0.00e+00	0.00e+00	0.00e+00
 2.58027e+14	1.04e-26	8.36e-20	1.05e-13	9.44e-09	4.54e-05	1.00e-02	9.90e-01	0.00e+00	0.00e+00	0.00e+00	0.00e+00	0.00e+00
 2.67856e+14	1.59e-26	1.20e-19	1.40e-13	1.18e-08	5.26e-05	1.08e-02	9.89e-01	0.00e+00	0.00e+00	0.00e+00	0.00e+00	0.00e+00
 2.78078e+14	2.43e-26	1.71e-19	1.87e-13	1.47e-08	6.10e-05	1.17e-02	9.88e-01	0.00e+00	0.00e+00	0.00e+00	0.00e+00	0.00e+00
 2.89231e+14	3.79e-26	2.49e-19	2.54e-13	1.86e-08	7.13e-05	1.27e-02	9.87e-01	0.00e+00	0.00e+00	0.00e+00	0.00e+00	0.00e+00
 3.00568e+14	5.81e-26	3.58e-19	3.42e-13	2.33e-08	8.30e-05	1.37e-02	9.86e-01	0.00e+00	0.00e+00	0.00e+00	0.00e+00	0.00e+00
 3.12359e+14	8.91e-26	5.14e-19	4.61e-13	2.93e-08	9.66e-05	1.49e-02	9.85e-01	0.00e+00	0.00e+00	0.00e+00	0.00e+00	0.00e+00
 3.24883e+14	1.37e-25	7.44e-19	6.24e-13	3.70e-08	1.13e-04	1.61e-02	9.84e-01	0.00e+00	0.00e+00	0.00e+00	0.00e+00	0.00e+00
 3.37909e+14	2.11e-25	1.07e-18	8.44e-13	4.66e-08	1.32e-04	1.75e-02	9.82e-01	0.00e+00	0.00e+00	0.00e+00	0.00e+00	0.00e+00
 3.51455e+14	3.23e-25	1.54e-18	1.14e-12	5.88e-08	1.54e-04	1.90e-02	9.81e-01	0.00e+00	0.00e+00	0.00e+00	0.00e+00	0.00e+00
 3.64608e+14	4.79e-25	2.17e-18	1.51e-12	7.30e-08	1.78e-04	2.05e-02	9.79e-01	0.00e+00	0.00e+00	0.00e+00	0.00e+00	0.00e+00
 3.77021e+14	6.88e-25	2.96e-18	1.95e-12	8.89e-08	2.03e-04	2.20e-02	9.78e-01	0.00e+00	0.00e+00	0.00e+00	0.00e+00	0.00e+00
 3.90864e+14	1.00e-24	4.10e-18	2.56e-12	1.10e-07	2.33e-04	2.37e-02	9.76e-01	0.00e+00	0.00e+00	0.00e+00	0.00e+00	0.00e+00
 4.05036e+14	1.46e-24	5.67e-18	3.35e-12	1.36e-07	2.68e-04	2.56e-02	9.74e-01	0.00e+00	0.00e+00	0.00e+00	0.00e+00	0.00e+00
 4.17192e+14	2.00e-24	7.43e-18	4.19e-12	1.61e-07	3.01e-04	2.72e-02	9.72e-01	0.00e+00	0.00e+00	0.00e+00	0.00e+00	0.00e+00
 4.30218e+14	2.76e-24	9.83e-18	5.29e-12	1.93e-07	3.40e-04	2.91e-02	9.71e-01	0.00e+00	0.00e+00	0.00e+00	0.00e+00	0.00e+00
 4.46347e+14	4.03e-24	1.37e-17	6.99e-12	2.40e-07	3.92e-04	3.15e-02	9.68e-01	0.00e+00	0.00e+00	0.00e+00	0.00e+00	0.00e+00
 4.62894e+14	5.87e-24	1.90e-17	9.20e-12	2.98e-07	4.52e-04	3.40e-02	9.66e-01	0.00e+00	0.00e+00	0.00e+00	0.00e+00	0.00e+00
 4.77805e+14	8.15e-24	2.53e-17	1.17e-11	3.58e-07	5.12e-04	3.64e-02	9.63e-01	0.00e+00	0.00e+00	0.00e+00	0.00e+00	0.00e+00
 4.94205e+14	1.15e-23	3.43e-17	1.51e-11	4.37e-07	5.83e-04	3.91e-02	9.60e-01	0.00e+00	0.00e+00	0.00e+00	0.00e+00	0.00e+00
 5.13558e+14	1.70e-23	4.84e-17	2.01e-11	5.48e-07	6.77e-04	4.25e-02	9.57e-01	0.00e+00	0.00e+00	0.00e+00	0.00e+00	0.00e+00
 5.32051e+14	2.43e-23	6.65e-17	2.63e-11	6.74e-07	7.76e-04	4.58e-02	9.53e-01	0.00e+00	0.00e+00	0.00e+00	0.00e+00	0.00e+00
 5.48185e+14	3.30e-23	8.70e-17	3.29e-11	8.03e-07	8.71e-04	4.88e-02	9.50e-01	0.00e+00	0.00e+00	0.00e+00	0.00e+00	0.00e+00
 5.65954e+14	4.57e-23	1.16e-16	4.19e-11	9.68e-07	9.85e-04	5.22e-02	9.47e-01	0.00e+00	0.00e+00	0.00e+00	0.00e+00	0.00e+00
 5.87532e+14	6.66e-23	1.62e-16	5.56e-11	1.21e-06	1.14e-03	5.65e-02	9.42e-01	0.00e+00	0.00e+00	0.00e+00	0.00e+00	0.00e+00
 6.09167e+14	9.62e-23	2.25e-16	7.31e-11	1.49e-06	1.31e-03	6.10e-02	9.38e-01	0.00e+00	0.00e+00	0.00e+00	0.00e+00	0.00e+00
 6.28521e+14	1.32e-22	2.98e-16	9.25e-11	1.79e-06	1.47e-03	6.52e-02	9.33e-01	0.00e+00	0.00e+00	0.00e+00	0.00e+00	0.00e+00
 6.49805e+14	1.85e-22	4.02e-16	1.19e-10	2.17e-06	1.67e-03	6.99e-02	9.28e-01	0.00e+00	0.00e+00	0.00e+00	0.00e+00	0.00e+00
 6.75087e+14	2.72e-22	5.67e-16	1.59e-10	2.72e-06	1.93e-03	7.57e-02	9.22e-01	0.00e+00	0.00e+00	0.00e+00	0.00e+00	0.00e+00
 7.00036e+14	3.94e-22	7.88e-16	2.09e-10	3.36e-06	2.22e-03	8.16e-02	9.16e-01	0.00e+00	0.00e+00	0.00e+00	0.00e+00	0.00e+00
 7.22756e+14	5.44e-22	1.05e-15	2.67e-10	4.04e-06	2.50e-03	8.71e-02	9.10e-01	0.00e+00	0.00e+00	0.00e+00	0.00e+00	0.00e+00
 7.48111e+14	7.73e-22	1.44e-15	3.47e-10	4.94e-06	2.85e-03	9.35e-02	9.04e-01	0.00e+00	0.00e+00	0.00e+00	0.00e+00	0.00e+00
 7.77706e+14	1.15e-21	2.05e-15	4.65e-10	6.19e-06	3.30e-03	1.01e-01	8.96e-01	0.00e+00	0.00e+00	0.00e+00	0.00e+00	0.00e+00
 8.06758e+14	1.67e-21	2.87e-15	6.15e-10	7.65e-06	3.78e-03	1.09e-01	8.87e-01	0.00e+00	0.00e+00	0.00e+00	0.00e+00	0.00e+00
 8.34001e+14	2.34e-21	3.88e-15	7.92e-10	9.27e-06	4.28e-03	1.16e-01	8.79e-01	0.00e+00	0.00e+00	0.00e+00	0.00e+00	0.00e+00
 8.64420e+14	3.39e-21	5.40e-15	1.04e-09	1.14e-05	4.88e-03	1.25e-01	8.70e-01	0.00e+00	0.00e+00	0.00e+00	0.00e+00	0.00e+00
 8.99027e+14	5.08e-21	7.76e-15	1.40e-09	1.43e-05	5.64e-03	1.35e-01	8.60e-01	0.00e+00	0.00e+00	0.00e+00	0.00e+00	0.00e+00
 9.33405e+14	7.48e-21	1.10e-14	1.87e-09	1.77e-05	6.47e-03	1.45e-01	8.49e-01	0.00e+00	0.00e+00	0.00e+00	0.00e+00	0.00e+00
 9.69158e+14	1.10e-20	1.55e-14	2.49e-09	2.20e-05	7.42e-03	1.56e-01	8.37e-01	0.00e+00	0.00e+00	0.00e+00	0.00e+00	0.00e+00
 1.00795e+15	1.66e-20	2.24e-14	3.36e-09	2.75e-05	8.55e-03	1.67e-01	8.24e-01	0.00e+00	0.00e+00	0.00e+00	0.00e+00	0.00e+00
 1.04830e+15	2.50e-20	3.22e-14	4.53e-09	3.43e-05	9.84e-03	1.80e-01	8.10e-01	0.00e+00	0.00e+00	0.00e+00	0.00e+00	0.00e+00
 1.09026e+15	3.78e-20	4.65e-14	6.10e-09	4.28e-05	1.13e-02	1.93e-01	7.96e-01	0.00e+00	0.00e+00	0.00e+00	0.00e+00	0.00e+00
 1.13390e+15	5.70e-20	6.70e-14	8.21e-09	5.34e-05	1.30e-02	2.07e-01	7.80e-01	0.00e+00	0.00e+00	0.00e+00	0.00e+00	0.00e+00
 1.17929e+15	8.62e-20	9.67e-14	1.11e-08	6.65e-05	1.49e-02	2.21e-01	7.64e-01	0.00e+00	0.00e+00	0.00e+00	0.00e+00	0.00e+00
 1.22649e+15	1.31e-19	1.39e-13	1.49e-08	8.27e-05	1.71e-02	2.36e-01	7.47e-01	0.00e+00	0.00e+00	0.00e+00	0.00e+00	0.00e+00
 1.26839e+15	1.86e-19	1.91e-13	1.91e-08	9.95e-05	1.92e-02	2.49e-01	7.32e-01	0.00e+00	0.00e+00	0.00e+00	0.00e+00	0.00e+00
 1.30230e+15	2.46e-19	2.44e-13	2.33e-08	1.15e-04	2.09e-02	2.60e-01	7.19e-01	0.00e+00	0.00e+00	0.00e+00	0.00e+00	0.00e+00
 1.33926e+15	3.32e-19	3.17e-13	2.88e-08	1.34e-04	2.30e-02	2.71e-01	7.05e-01	0.00e+00	0.00e+00	0.00e+00	0.00e+00	0.00e+00
 1.38731e+15	4.82e-19	4.40e-13	3.74e-08	1.62e-04	2.59e-02	2.86e-01	6.88e-01	0.00e+00	0.00e+00	0.00e+00	0.00e+00	0.00e+00
 1.43886e+15	7.11e-19	6.18e-13	4.91e-08	1.98e-04	2.92e-02	3.02e-01	6.69e-01	0.00e+00	0.00e+00	0.00e+00	0.00e+00	0.00e+00
 1.48477e+15	9.95e-19	8.28e-13	6.19e-08	2.34e-04	3.23e-02	3.16e-01	6.52e-01	0.00e+00	0.00e+00	0.00e+00	0.00e+00	0.00e+00
 1.53429e+15	1.41e-18	1.12e-12	7.89e-08	2.78e-04	3.59e-02	3.30e-01	6.34e-01	0.00e+00	0.00e+00	0.00e+00	0.00e+00	0.00e+00
 1.59353e+15	2.11e-18	1.59e-12	1.04e-07	3.40e-04	4.05e-02	3.47e-01	6.12e-01	0.00e+00	0.00e+00	0.00e+00	0.00e+00	0.00e+00
 1.65171e+15	3.10e-18	2.21e-12	1.35e-07	4.10e-04	4.53e-02	3.63e-01	5.91e-01	0.00e+00	0.00e+00	0.00e+00	0.00e+00	0.00e+00
 1.70347e+15	4.31e-18	2.94e-12	1.69e-07	4.80e-04	4.98e-02	3.77e-01	5.73e-01	0.00e+00	0.00e+00	0.00e+00	0.00e+00	0.00e+00
 1.76059e+15	6.13e-18	3.97e-12	2.14e-07	5.69e-04	5.51e-02	3.91e-01	5.53e-01	0.00e+00	0.00e+00	0.00e+00	0.00e+00	0.00e+00
 1.82875e+15	9.17e-18	5.61e-12	2.81e-07	6.89e-04	6.16e-02	4.08e-01	5.30e-01	0.00e+00	0.00e+00	0.00e+00	0.00e+00	0.00e+00
 1.89641e+15	1.35e-17	7.80e-12	3.64e-07	8.27e-04	6.85e-02	4.23e-01	5.08e-01	0.00e+00	0.00e+00	0.00e+00	0.00e+00	0.00e+00
 1.95816e+15	1.90e-17	1.04e-11	4.55e-07	9.69e-04	7.51e-02	4.36e-01	4.88e-01	0.00e+00	0.00e+00	0.00e+00	0.00e+00	0.00e+00
 2.02704e+15	2.78e-17	1.42e-11	5.80e-07	1.15e-03	8.28e-02	4.50e-01	4.66e-01	0.00e+00	0.00e+00	1.59e-17	8.48e-18	3.12e-18
 2.10731e+15	4.17e-17	2.01e-11	7.59e-07	1.39e-03	9.21e-02	4.65e-01	4.42e-01	0.00e+00	0.00e+00	2.37e-17	1.29e-17	4.60e-18
 2.18607e+15	6.15e-17	2.77e-11	9.76e-07	1.65e-03	1.02e-01	4.78e-01	4.19e-01	0.00e+00	0.00e+00	3.50e-17	1.89e-17	6.74e-18
 2.26015e+15	8.73e-17	3.72e-11	1.22e-06	1.93e-03	1.11e-01	4.89e-01	3.98e-01	0.00e+00	0.00e+00	4.98e-17	2.68e-17	9.52e-18
 2.34276e+15	1.27e-16	5.09e-11	1.56e-06	2.28e-03	1.22e-01	5.00e-01	3.76e-01	0.00e+00	0.00e+00	7.28e-17	3.90e-17	1.38e-17
 2.43650e+15	1.92e-16	7.16e-11	2.03e-06	2.73e-03	1.34e-01	5.11e-01	3.52e-01	0.00e+00	0.00e+00	1.10e-16	5.86e-17	2.07e-17
 2.52990e+15	2.85e-16	9.90e-11	2.60e-06	3.23e-03	1.47e-01	5.20e-01	3.30e-01	0.00e+00	0.00e+00	1.63e-16	8.67e-17	3.05e-17
 2.62704e+15	4.21e-16	1.37e-10	3.33e-06	3.82e-03	1.61e-01	5.28e-01	3.08e-01	0.00e+00	0.00e+00	2.42e-16	1.28e-16	4.50e-17
 2.73215e+15	6.32e-16	1.90e-10	4.29e-06	4.54e-03	1.76e-01	5.34e-01	2.86e-01	0.00e+00	0.00e+00	3.63e-16	1.92e-16	6.72e-17
 2.84147e+15	9.47e-16	2.65e-10	5.51e-06	5.37e-03	1.91e-01	5.39e-01	2.64e-01	0.00e+00	0.00e+00	5.44e-16	2.88e-16	1.00e-16
 2.95516e+15	1.42e-15	3.67e-10	7.06e-06	6.33e-03	2.08e-01	5.42e-01	2.43e-01	0.00e+00	0.00e+00	8.15e-16	4.31e-16	1.49e-16
 3.07339e+15	2.11e-15	5.06e-10	9.00e-06	7.44e-03	2.26e-01	5.43e-01	2.23e-01	0.00e+00	0.00e+00	1.21e-15	6.41e-16	2.22e-16
 3.17711e+15	2.96e-15	6.64e-10	1.11e-05	8.52e-03	2.41e-01	5.43e-01	2.07e-01	0.00e+00	0.00e+00	1.71e-15	9.00e-16	3.10e-16
 3.25844e+15	3.82e-15	8.15e-10	1.29e-05	9.43e-03	2.53e-01	5.42e-01	1.95e-01	0.00e+00	0.00e+00	2.20e-15	1.16e-15	3.99e-16
 3.34557e+15	4.99e-15	1.01e-09	1.52e-05	1.05e-02	2.66e-01	5.40e-01	1.84e-01	0.00e+00	0.00e+00	2.88e-15	1.52e-15	5.20e-16
 3.45885e+15	6.97e-15	1.32e-09	1.85e-05	1.19e-02	2.83e-01	5.36e-01	1.69e-01	0.00e+00	0.00e+00	4.02e-15	2.12e-15	7.24e-16
 3.58199e+15	9.89e-15	1.74e-09	2.28e-05	1.36e-02	3.01e-01	5.31e-01	1.55e-01	0.00e+00	0.00e+00	5.70e-15	3.00e-15	1.02e-15
 3.69346e+15	1.34e-14	2.21e-09	2.73e-05	1.53e-02	3.17e-01	5.25e-01	1.43e-01	0.00e+00	0.00e+00	7.74e-15	4.07e-15	1.39e-15
 3.81387e+15	1.84e-14	2.84e-09	3.29e-05	1.72e-02	3.34e-01	5.18e-01	1.31e-01	0.00e+00	0.00e+00	1.07e-14	5.60e-15	1.90e-15
 3.95959e+15	2.67e-14	3.80e-09	4.09e-05	1.98e-02	3.54e-01	5.09e-01	1.18e-01	0.00e+00	0.00e+00	1.54e-14	8.11e-15	2.74e-15
 4.10317e+15	3.79e-14	4.99e-09	5.01e-05	2.24e-02	3.73e-01	4.98e-01	1.06e-01	0.00e+00	0.00e+00	2.19e-14	1.15e-14	3.88e-15
 4.22870e+15	5.08e-14	6.27e-09	5.94e-05	2.50e-02	3.90e-01	4.88e-01	9.73e-02	0.00e+00	0.00e+00	2.93e-14	1.54e-14	5.19e-15
 4.36579e+15	6.93e-14	7.98e-09	7.10e-05	2.79e-02	4.07e-01	4.77e-01	8.82e-02	0.00e+00	0.00e+00	4.01e-14	2.10e-14	7.07e-15
 4.53215e+15	9.95e-14	1.06e-08	8.75e-05	3.17e-02	4.27e-01	4.63e-01	7.84e-02	0.00e+00	0.00e+00	5.75e-14	3.02e-14	1.01e-14
 4.69824e+15	1.41e-13	1.38e-08	1.07e-04	3.57e-02	4.47e-01	4.48e-01	6.98e-02	0.00e+00	0.00e+00	8.14e-14	4.27e-14	1.43e-14
 4.84618e+15	1.90e-13	1.73e-08	1.26e-04	3.95e-02	4.63e-01	4.35e-01	6.29e-02	0.00e+00	0.00e+00	1.10e-13	5.76e-14	1.93e-14
 5.00883e+15	2.61e-13	2.21e-08	1.51e-04	4.40e-02	4.80e-01	4.20e-01	5.61e-02	0.00e+00	0.00e+00	1.51e-13	7.93e-14	2.65e-14
 5.20280e+15	3.77e-13	2.93e-08	1.85e-04	4.96e-02	4.99e-01	4.02e-01	4.90e-02	0.00e+00	0.00e+00	2.18e-13	1.15e-13	3.81e-14
 5.39389e+15	5.31e-13	3.80e-08	2.24e-04	5.54e-02	5.17e-01	3.85e-01	4.30e-02	0.00e+00	0.00e+00	3.08e-13	1.61e-13	5.36e-14
 5.56836e+15	7.19e-13	4.78e-08	2.64e-04	6.11e-02	5.32e-01	3.69e-01	3.82e-02	0.00e+00	0.00e+00	4.17e-13	2.18e-13	7.25e-14
 5.76482e+15	1.00e-12	6.14e-08	3.17e-04	6.78e-02	5.47e-01	3.51e-01	3.34e-02	0.00e+00	0.00e+00	5.81e-13	3.05e-13	1.01e-13
 5.98556e+15	1.43e-12	8.03e-08	3.85e-04	7.57e-02	5.63e-01	3.32e-01	2.87e-02	0.00e+00	0.00e+00	8.29e-13	4.35e-13	1.44e-13
 6.19798e+15	1.99e-12	1.03e-07	4.60e-04	8.37e-02	5.76e-01	3.15e-01	2.49e-02	0.00e+00	0.00e+00	1.15e-12	6.04e-13	2.00e-13
 6.40143e+15	2.69e-12	1.29e-07	5.43e-04	9.17e-02	5.88e-01	2.98e-01	2.18e-02	0.00e+00	0.00e+00	1.56e-12	8.19e-13	2.70e-13
 6.63221e+15	3.77e-12	1.66e-07	6.50e-04	1.01e-01	5.99e-01	2.80e-01	1.87e-02	0.00e+00	0.00e+00	2.19e-12	1.15e-12	3.78e-13
 6.88077e+15	5.31e-12	2.14e-07	7.82e-04	1.12e-01	6.10e-01	2.62e-01	1.59e-02	0.00e+00	0.00e+00	3.08e-12	1.62e-12	5.32e-13
 7.10428e+15	7.15e-12	2.67e-07	9.18e-04	1.22e-01	6.18e-01	2.46e-01	1.37e-02	0.00e+00	0.00e+00	4.15e-12	2.17e-12	7.15e-13
 7.29801e+15	9.16e-12	3.22e-07	1.05e-03	1.31e-01	6.23e-01	2.33e-01	1.21e-02	0.00e+00	0.00e+00	5.32e-12	2.79e-12	9.16e-13
 7.50208e+15	1.19e-11	3.90e-07	1.20e-03	1.41e-01	6.28e-01	2.19e-01	1.06e-02	0.00e+00	0.00e+00	6.90e-12	3.61e-12	1.19e-12
 7.73222e+15	1.57e-11	4.80e-07	1.40e-03	1.52e-01	6.32e-01	2.05e-01	9.12e-03	0.00e+00	0.00e+00	9.13e-12	4.79e-12	1.57e-12
 7.95364e+15	2.04e-11	5.82e-07	1.61e-03	1.63e-01	6.35e-01	1.92e-01	7.92e-03	0.00e+00	0.00e+00	1.18e-11	6.21e-12	2.04e-12
 8.19888e+15	2.72e-11	7.19e-07	1.87e-03	1.76e-01	6.37e-01	1.79e-01	6.76e-03	0.00e+00	0.00e+00	1.58e-11	8.26e-12	2.71e-12
 8.46601e+15	3.65e-11	8.94e-07	2.19e-03	1.90e-01	6.37e-01	1.65e-01	5.71e-03	0.00e+00	0.00e+00	2.12e-11	1.11e-11	3.64e-12
 8.71156e+15	4.73e-11	1.09e-06	2.53e-03	2.04e-01	6.36e-01	1.53e-01	4.89e-03	0.00e+00	0.00e+00	2.75e-11	1.44e-11	4.72e-12
 8.98076e+15	6.32e-11	1.34e-06	2.94e-03	2.19e-01	6.33e-01	1.41e-01	4.12e-03	0.00e+00	0.00e+00	3.67e-11	1.92e-11	6.30e-12
 9.27889e+15	8.51e-11	1.67e-06	3.46e-03	2.37e-01	6.28e-01	1.28e-01	3.42e-03	0.00e+00	0.00e+00	4.94e-11	2.59e-11	8.48e-12
 9.54890e+15	1.10e-10	2.03e-06	3.99e-03	2.53e-01	6.23e-01	1.18e-01	2.89e-03	0.00e+00	0.00e+00	6.41e-11	3.36e-11	1.10e-11
 9.79352e+15	1.39e-10	2.42e-06	4.53e-03	2.68e-01	6.17e-01	1.09e-01	2.48e-03	0.00e+00	0.00e+00	8.10e-11	4.25e-11	1.39e-11
 1.00709e+16	1.82e-10	2.94e-06	5.21e-03	2.85e-01	6.09e-01	9.93e-02	2.08e-03	0.00e+00	0.00e+00	1.06e-10	5.54e-11	1.81e-11
 1.03799e+16	2.40e-10	3.62e-06	6.08e-03	3.04e-01	5.98e-01	8.97e-02	1.71e-03	0.00e+00	0.00e+00	1.40e-10	7.32e-11	2.40e-11
 1.06678e+16	3.10e-10	4.38e-06	7.00e-03	3.23e-01	5.87e-01	8.14e-02	1.43e-03	0.00e+00	0.00e+00	1.80e-10	9.44e-11	3.09e-11
 1.09270e+16	3.87e-10	5.17e-06	7.92e-03	3.40e-01	5.77e-01	7.45e-02	1.22e-03	0.00e+00	0.00e+00	2.25e-10	1.18e-10	3.86e-11
 1.12109e+16	4.97e-10	6.22e-06	9.07e-03	3.59e-01	5.64e-01	6.75e-02	1.01e-03	0.00e+00	0.00e+00	2.89e-10	1.51e-10	4.95e-11
 1.15219e+16	6.45e-10	7.57e-06	1.05e-02	3.79e-01	5.49e-01	6.05e-02	8.33e-04	0.00e+00	0.00e+00	3.75e-10	1.97e-10	6.44e-11
 1.18027e+16	8.08e-10	8.98e-06	1.19e-02	3.98e-01	5.34e-01	5.47e-02	6.98e-04	0.00e+00	0.00e+00	4.70e-10	2.47e-10	8.07e-11
 1.20619e+16	1.00e-09	1.05e-05	1.35e-02	4.16e-01	5.20e-01	4.97e-02	5.91e-04	0.00e+00	0.00e+00	5.82e-10	3.05e-10	9.99e-11
 1.23582e+16	1.29e-09	1.27e-05	1.55e-02	4.36e-01	5.03e-01	4.44e-02	4.86e-04	0.00e+00	0.00e+00	7.49e-10	3.93e-10	1.29e-10
 1.26772e+16	1.67e-09	1.55e-05	1.79e-02	4.58e-01	4.84e-01	3.93e-02	3.94e-04	0.00e+00	0.00e+00	9.71e-10	5.10e-10	1.67e-10
 1.29576e+16	2.09e-09	1.84e-05	2.04e-02	4.77e-01	4.67e-01	3.52e-02	3.28e-04	0.00e+00	0.00e+00	1.21e-09	6.37e-10	2.09e-10
 1.32133e+16	2.56e-09	2.15e-05	2.30e-02	4.95e-01	4.50e-01	3.18e-02	2.76e-04	0.00e+00	0.00e+00	1.49e-09	7.81e-10	2.56e-10
 1.35050e+16	3.31e-09	2.60e-05	2.64e-02	5.15e-01	4.30e-01	2.80e-02	2.25e-04	0.00e+00	0.00e+00	1.92e-09	1.01e-09	3.31e-10
 1.38159e+16	4.27e-09	3.17e-05	3.07e-02	5.36e-01	4.09e-01	2.45e-02	1.82e-04	0.00e+00	0.00e+00	2.49e-09	1.31e-09	4.28e-10
 1.40848e+16	5.34e-09	3.76e-05	3.50e-02	5.54e-01	3.89e-01	2.18e-02	1.50e-04	0.00e+00	0.00e+00	3.10e-09	1.63e-09	5.34e-10
 1.43264e+16	6.58e-09	4.42e-05	3.95e-02	5.69e-01	3.72e-01	1.95e-02	1.26e-04	0.00e+00	0.00e+00	3.83e-09	2.01e-09	6.59e-10
 1.45551e+16	7.99e-09	5.14e-05	4.44e-02	5.83e-01	3.54e-01	1.75e-02	1.06e-04	0.00e+00	0.00e+00	4.64e-09	2.44e-09	8.00e-10
 1.47735e+16	9.75e-09	5.99e-05	4.99e-02	5.97e-01	3.38e-01	1.56e-02	8.98e-05	0.00e+00	0.00e+00	5.67e-09	2.98e-09	9.77e-10
 1.49904e+16	1.20e-08	7.01e-05	5.62e-02	6.09e-01	3.20e-01	1.40e-02	7.55e-05	0.00e+00	0.00e+00	6.95e-09	3.65e-09	1.20e-09
 1.52049e+16	1.47e-08	8.24e-05	6.35e-02	6.21e-01	3.03e-01	1.24e-02	6.33e-05	0.00e+00	0.00e+00	8.56e-09	4.50e-09	1.48e-09
 1.54151e+16	1.82e-08	9.71e-05	7.19e-02	6.32e-01	2.85e-01	1.10e-02	5.29e-05	0.00e+00	0.00e+00	1.06e-08	5.56e-09	1.82e-09
 1.56204e+16	2.25e-08	1.15e-04	8.16e-02	6.41e-01	2.68e-01	9.71e-03	4.41e-05	0.00e+00	0.00e+00	1.31e-08	6.89e-09	2.26e-09
 1.58210e+16	2.81e-08	1.36e-04	9.29e-02	6.48e-01	2.50e-01	8.53e-03	3.66e-05	0.00e+00	0.00e+00	1.63e-08	8.59e-09	2.82e-09
 1.60184e+16	3.53e-08	1.63e-04	1.06e-01	6.54e-01	2.32e-01	7.44e-03	3.01e-05	0.00e+00	0.00e+00	2.05e-08	1.08e-08	3.54e-09
 1.62101e+16	4.45e-08	1.95e-04	1.22e-01	6.57e-01	2.14e-01	6.45e-03	2.46e-05	0.00e+00	0.00e+00	2.59e-08	1.36e-08	4.47e-09
 1.63902e+16	5.38e-08	2.28e-04	1.39e-01	6.58e-01	1.97e-01	5.58e-03	2.02e-05	0.00e+00	0.00e+00	3.13e-08	1.65e-08	5.41e-09
 1.65593e+16	7.11e-08	2.81e-04	1.60e-01	6.55e-01	1.80e-01	4.79e-03	1.64e-05	0.00e+00	0.00e+00	4.14e-08	2.18e-08	7.16e-09
 1.67158e+16	8.48e-08	3.26e-04	1.83e-01	6.50e-01	1.63e-01	4.12e-03	1.34e-05	0.00e+00	0.00e+00	4.93e-08	2.60e-08	8.54e-09
 1.68617e+16	1.06e-07	3.90e-04	2.08e-01	6.40e-01	1.47e-01	3.51e-03	1.08e-05	0.00e+00	0.00e+00	6.19e-08	3.26e-08	1.07e-08
 1.70008e+16	1.34e-07	4.65e-04	2.38e-01	6.27e-01	1.32e-01	2.96e-03	8.65e-06	0.00e+00	0.00e+00	7.77e-08	4.09e-08	1.35e-08
 1.71300e+16	1.75e-07	5.70e-04	2.72e-01	6.09e-01	1.16e-01	2.47e-03	6.84e-06	0.00e+00	0.00e+00	1.02e-07	5.37e-08	1.77e-08
 1.72462e+16	2.07e-07	6.55e-04	3.07e-01	5.88e-01	1.02e-01	2.06e-03	5.45e-06	0.00e+00	0.00e+00	1.21e-07	6.35e-08	2.09e-08
 1.73468e+16	2.63e-07	7.81e-04	3.43e-01	5.65e-01	9.01e-02	1.72e-03	4.34e-06	0.00e+00	0.00e+00	1.53e-07	8.06e-08	2.66e-08
 1.74241e+16	3.05e-07	8.76e-04	3.74e-01	5.43e-01	8.07e-02	1.47e-03	3.60e-06	0.00e+00	0.00e+00	1.77e-07	9.35e-08	3.08e-08
 1.74958e+16	3.47e-07	9.71e-04	4.06e-01	5.20e-01	7.15e-02	1.25e-03	2.94e-06	0.00e+00	0.00e+00	2.02e-07	1.06e-07	3.51e-08
 1.75889e+16	4.38e-07	1.15e-03	4.53e-01	4.85e-01	5.99e-02	9.86e-04	2.20e-06	0.00e+00	0.00e+00	2.55e-07	1.34e-07	4.44e-08
 1.76756e+16	5.27e-07	1.32e-03	5.00e-01	4.48e-01	4.98e-02	7.74e-04	1.64e-06	0.00e+00	0.00e+00	3.07e-07	1.62e-07	5.35e-08
 1.77358e+16	5.90e-07	1.44e-03	5.36e-01	4.19e-01	4.28e-02	6.37e-04	1.30e-06	0.00e+00	0.00e+00	3.43e-07	1.81e-07	5.99e-08
 1.77960e+16	6.96e-07	1.62e-03	5.75e-01	3.87e-01	3.61e-02	5.10e-04	9.98e-07	0.00e+00	0.00e+00	4.05e-07	2.14e-07	7.08e-08
 1.78611e+16	8.05e-07	1.80e-03	6.17e-01	3.52e-01	2.95e-02	3.94e-04	0.00e+00	0.00e+00	0.00e+00	4.68e-07	2.47e-07	8.20e-08
 1.79219e+16	9.25e-07	1.98e-03	6.57e-01	3.17e-01	2.39e-02	3.01e-04	0.00e+00	0.00e+00	0.00e+00	5.38e-07	2.84e-07	9.44e-08
 1.79812e+16	1.06e-06	2.17e-03	6.95e-01	2.83e-01	1.90e-02	2.26e-04	0.00e+00	0.00e+00	0.00e+00	6.14e-07	3.24e-07	1.08e-07
 1.80492e+16	1.22e-06	2.39e-03	7.39e-01	2.45e-01	1.42e-02	1.57e-04	0.00e+00	0.00e+00	0.00e+00	7.11e-07	3.76e-07	1.25e-07
 1.81224e+16	1.42e-06	2.63e-03	7.81e-01	2.06e-01	1.02e-02	1.03e-04	0.00e+00	0.00e+00	0.00e+00	8.25e-07	4.37e-07	1.46e-07
 1.81886e+16	1.61e-06	2.84e-03	8.16e-01	1.74e-01	7.33e-03	6.80e-05	0.00e+00	0.00e+00	0.00e+00	9.36e-07	4.96e-07	1.65e-07
 1.82605e+16	1.84e-06	3.08e-03	8.50e-01	1.42e-01	4.98e-03	4.17e-05	0.00e+00	0.00e+00	0.00e+00	1.07e-06	5.65e-07	1.89e-07
 1.83541e+16	2.14e-06	3.36e-03	8.85e-01	1.09e-01	2.96e-03	2.16e-05	0.00e+00	0.00e+00	0.00e+00	1.24e-06	6.59e-07	2.21e-07
 1.84566e+16	2.47e-06	3.63e-03	9.13e-01	8.16e-02	1.67e-03	1.04e-05	0.00e+00	0.00e+00	0.00e+00	1.43e-06	7.60e-07	2.55e-07
 1.85706e+16	2.84e-06	3.90e-03	9.36e-01	5.95e-02	8.84e-04	4.56e-06	0.00e+00	0.00e+00	0.00e+00	1.65e-06	8.75e-07	2.94e-07
 1.87188e+16	3.31e-06	4.20e-03	9.55e-01	4.08e-02	4.03e-04	1.62e-06	0.00e+00	0.00e+00	0.00e+00	1.93e-06	1.02e-06	3.44e-07
 1.89115e+16	3.94e-06	4.54e-03	9.69e-01	2.68e-02	1.60e-04	4.61e-07	0.00e+00	0.00e+00	0.00e+00	2.29e-06	1.22e-06	4.10e-07
 1.91620e+16	4.82e-06	4.94e-03	9.78e-01	1.74e-02	5.70e-05	0.00e+00	0.00e+00	0.00e+00	0.00e+00	2.80e-06	1.49e-06	5.01e-07
 1.94876e+16	6.17e-06	5.47e-03	9.83e-01	1.16e-02	1.91e-05	0.00e+00	0.00e+00	0.00e+00	0.00e+00	3.58e-06	1.90e-06	6.42e-07
 1.98498e+16	8.15e-06	6.12e-03	9.85e-01	8.60e-03	7.31e-06	0.00e+00	0.00e+00	0.00e+00	0.00e+00	4.74e-06	2.52e-06	8.48e-07
 2.01803e+16	1.07e-05	6.83e-03	9.86e-01	7.06e-03	3.54e-06	0.00e+00	0.00e+00	0.00e+00	0.00e+00	6.20e-06	3.29e-06	1.11e-06
 2.04700e+16	1.36e-05	7.57e-03	9.86e-01	6.13e-03	2.02e-06	0.00e+00	0.00e+00	0.00e+00	0.00e+00	7.93e-06	4.21e-06	1.42e-06
 2.07436e+16	1.75e-05	8.41e-03	9.86e-01	5.41e-03	1.23e-06	0.00e+00	0.00e+00	0.00e+00	0.00e+00	1.01e-05	5.38e-06	1.81e-06
 2.10568e+16	2.33e-05	9.54e-03	9.86e-01	4.75e-03	7.20e-07	0.00e+00	0.00e+00	0.00e+00	0.00e+00	1.36e-05	7.20e-06	2.42e-06
 2.13810e+16	3.24e-05	1.11e-02	9.85e-01	4.12e-03	0.00e+00	0.00e+00	0.00e+00	0.00e+00	0.00e+00	1.89e-05	1.00e-05	3.36e-06
 2.16353e+16	4.27e-05	1.26e-02	9.84e-01	3.69e-03	0.00e+00	0.00e+00	0.00e+00	0.00e+00	0.00e+00	2.48e-05	1.32e-05	4.42e-06
 2.17961e+16	5.14e-05	1.37e-02	9.83e-01	3.42e-03	0.00e+00	0.00e+00	0.00e+00	0.00e+00	0.00e+00	2.99e-05	1.58e-05	5.32e-06
 2.18833e+16	5.69e-05	1.44e-02	9.82e-01	3.29e-03	0.00e+00	0.00e+00	0.00e+00	0.00e+00	0.00e+00	3.31e-05	1.75e-05	5.89e-06
 2.19606e+16	6.24e-05	1.50e-02	9.82e-01	3.16e-03	0.00e+00	0.00e+00	0.00e+00	0.00e+00	0.00e+00	3.63e-05	1.92e-05	6.46e-06
 2.20612e+16	7.05e-05	1.60e-02	9.81e-01	2.99e-03	0.00e+00	0.00e+00	0.00e+00	0.00e+00	0.00e+00	4.10e-05	2.17e-05	7.30e-06
 2.21919e+16	8.29e-05	1.73e-02	9.80e-01	2.79e-03	0.00e+00	0.00e+00	0.00e+00	0.00e+00	0.00e+00	4.82e-05	2.55e-05	8.57e-06
 2.23336e+16	9.98e-05	1.89e-02	9.78e-01	2.56e-03	0.00e+00	0.00e+00	0.00e+00	0.00e+00	0.00e+00	5.80e-05	3.07e-05	1.03e-05
 2.24558e+16	1.17e-04	2.06e-02	9.77e-01	2.39e-03	0.00e+00	0.00e+00	0.00e+00	0.00e+00	0.00e+00	6.83e-05	3.62e-05	1.21e-05
 2.25601e+16	1.36e-04	2.21e-02	9.75e-01	2.24e-03	0.00e+00	0.00e+00	0.00e+00	0.00e+00	0.00e+00	7.90e-05	4.19e-05	1.40e-05
