#depth	C	C+	C+2	C+3	C+4	C+5	C+6	C[1]	C[2]	C[3]	C+[1]	C+[2]	CO
 1.49634e+10	0.00e+00	8.71e-31	1.36e-20	3.20e-11	2.99e-01	7.01e-01	2.49e-04	0.00e+00	0.00e+00	0.00e+00	0.00e+00	0.00e+00	1.85e-161
 4.54887e+10	8.56e-42	1.17e-30	1.68e-20	3.66e-11	3.15e-01	6.84e-01	2.24e-04	0.00e+00	0.00e+00	0.00e+00	0.00e+00	0.00e+00	7.45e-226
 7.72350e+10	0.00e+00	1.56e-30	2.08e-20	4.19e-11	3.33e-01	6.67e-01	2.02e-04	0.00e+00	0.00e+00	0.00e+00	0.00e+00	0.00e+00	2.20e-160
 1.10251e+11	1.80e-41	2.09e-30	2.57e-20	4.78e-11	3.52e-01	6.48e-01	1.81e-04	0.00e+00	0.00e+00	0.00e+00	0.00e+00	0.00e+00	3.41e-225
 1.42959e+11	0.00e+00	2.76e-30	3.14e-20	5.42e-11	3.69e-01	6.31e-01	1.63e-04	0.00e+00	0.00e+00	0.00e+00	0.00e+00	0.00e+00	2.45e-159
 1.76976e+11	3.63e-41	3.63e-30	3.84e-20	6.14e-11	3.88e-01	6.12e-01	1.47e-04	0.00e+00	0.00e+00	0.00e+00	0.00e+00	0.00e+00	1.51e-224
 2.13981e+11	0.00e+00	4.84e-30	4.73e-20	6.98e-11	4.07e-01	5.93e-01	1.31e-04	0.00e+00	0.00e+00	0.00e+00	0.00e+00	0.00e+00	2.73e-158
 2.50787e+11	7.43e-41	6.37e-30	5.77e-20	7.89e-11	4.26e-01	5.74e-01	1.18e-04	0.00e+00	0.00e+00	0.00e+00	0.00e+00	0.00e+00	6.57e-224
 2.89065e+11	0.00e+00	8.38e-30	7.03e-20	8.91e-11	4.46e-01	5.54e-01	1.05e-04	0.00e+00	0.00e+00	0.00e+00	0.00e+00	0.00e+00	2.89e-157
 3.30555e+11	1.52e-40	1.11e-29	8.63e-20	1.01e-10	4.66e-01	5.34e-01	9.38e-05	0.00e+00	0.00e+00	0.00e+00	0.00e+00	0.00e+00	2.71e-223
 3.72569e+11	0.00e+00	1.47e-29	1.05e-19	1.14e-10	4.86e-01	5.14e-01	8.35e-05	0.00e+00	0.00e+00	0.00e+00	0.00e+00	0.00e+00	3.28e-156
 4.16264e+11	3.07e-40	1.93e-29	1.28e-19	1.28e-10	5.07e-01	4.93e-01	7.42e-05	0.00e+00	0.00e+00	0.00e+00	0.00e+00	0.00e+00	1.18e-222
 4.62841e+11	0.00e+00	2.55e-29	1.57e-19	1.45e-10	5.27e-01	4.72e-01	6.56e-05	0.00e+00	0.00e+00	0.00e+00	0.00e+00	0.00e+00	3.73e-155
 5.11282e+11	6.30e-40	3.38e-29	1.91e-19	1.63e-10	5.48e-01	4.52e-01	5.78e-05	0.00e+00	0.00e+00	0.00e+00	0.00e+00	0.00e+00	4.99e-222
 5.61660e+11	0.00e+00	4.46e-29	2.33e-19	1.83e-10	5.69e-01	4.31e-01	5.09e-05	0.00e+00	0.00e+00	0.00e+00	0.00e+00	0.00e+00	4.35e-154
 6.14053e+11	1.29e-39	5.88e-29	2.84e-19	2.06e-10	5.90e-01	4.10e-01	4.47e-05	0.00e+00	0.00e+00	0.00e+00	0.00e+00	0.00e+00	2.12e-221
 6.68542e+11	0.00e+00	7.74e-29	3.45e-19	2.31e-10	6.10e-01	3.90e-01	3.92e-05	0.00e+00	0.00e+00	0.00e+00	0.00e+00	0.00e+00	5.07e-153
 7.25210e+11	2.62e-39	1.02e-28	4.19e-19	2.59e-10	6.30e-01	3.70e-01	3.43e-05	0.00e+00	0.00e+00	0.00e+00	0.00e+00	0.00e+00	8.77e-221
 7.84146e+11	0.00e+00	1.34e-28	5.08e-19	2.90e-10	6.50e-01	3.50e-01	3.00e-05	0.00e+00	0.00e+00	0.00e+00	0.00e+00	0.00e+00	5.90e-152
 8.45438e+11	5.30e-39	1.76e-28	6.16e-19	3.23e-10	6.69e-01	3.31e-01	2.61e-05	0.00e+00	0.00e+00	0.00e+00	0.00e+00	0.00e+00	3.47e-220
 9.09182e+11	0.00e+00	2.30e-28	7.45e-19	3.61e-10	6.88e-01	3.12e-01	2.27e-05	0.00e+00	0.00e+00	0.00e+00	0.00e+00	0.00e+00	6.86e-151
 9.75477e+11	1.07e-38	3.02e-28	9.01e-19	4.02e-10	7.06e-01	2.94e-01	1.97e-05	0.00e+00	0.00e+00	0.00e+00	0.00e+00	0.00e+00	1.25e-219
 1.04442e+12	0.00e+00	3.95e-28	1.09e-18	4.48e-10	7.24e-01	2.76e-01	1.71e-05	0.00e+00	0.00e+00	0.00e+00	0.00e+00	0.00e+00	7.98e-150
 1.11613e+12	2.15e-38	5.17e-28	1.31e-18	4.98e-10	7.41e-01	2.59e-01	1.47e-05	0.00e+00	0.00e+00	0.00e+00	0.00e+00	0.00e+00	4.32e-219
 1.18635e+12	0.00e+00	6.65e-28	1.57e-18	5.49e-10	7.56e-01	2.44e-01	1.28e-05	0.00e+00	0.00e+00	0.00e+00	0.00e+00	0.00e+00	8.65e-149
 1.25352e+12	4.05e-38	8.39e-28	1.84e-18	6.01e-10	7.70e-01	2.30e-01	1.13e-05	0.00e+00	0.00e+00	0.00e+00	0.00e+00	0.00e+00	1.08e-218
 1.32773e+12	0.00e+00	1.07e-27	2.19e-18	6.62e-10	7.84e-01	2.16e-01	9.78e-06	0.00e+00	0.00e+00	0.00e+00	0.00e+00	0.00e+00	7.87e-148
 1.41077e+12	7.92e-38	1.40e-27	2.63e-18	7.33e-10	7.99e-01	2.01e-01	8.39e-06	0.00e+00	0.00e+00	0.00e+00	0.00e+00	0.00e+00	9.82e-219
 1.49414e+12	0.00e+00	1.81e-27	3.14e-18	8.08e-10	8.13e-01	1.87e-01	7.22e-06	0.00e+00	0.00e+00	0.00e+00	0.00e+00	0.00e+00	8.80e-147
 1.58084e+12	1.55e-37	2.34e-27	3.75e-18	8.91e-10	8.26e-01	1.74e-01	6.20e-06	0.00e+00	0.00e+00	0.00e+00	0.00e+00	0.00e+00	0.00e+00
 1.67400e+12	0.00e+00	3.05e-27	4.51e-18	9.84e-10	8.38e-01	1.62e-01	5.29e-06	0.00e+00	0.00e+00	0.00e+00	0.00e+00	0.00e+00	9.89e-146
 1.77089e+12	3.09e-37	3.97e-27	5.41e-18	1.09e-09	8.50e-01	1.50e-01	4.51e-06	0.00e+00	0.00e+00	0.00e+00	0.00e+00	0.00e+00	0.00e+00
 1.87165e+12	0.00e+00	5.16e-27	6.49e-18	1.20e-09	8.61e-01	1.39e-01	3.83e-06	0.00e+00	0.00e+00	0.00e+00	0.00e+00	0.00e+00	1.16e-144
 1.97644e+12	6.16e-37	6.72e-27	7.78e-18	1.32e-09	8.72e-01	1.28e-01	3.25e-06	0.00e+00	0.00e+00	0.00e+00	0.00e+00	0.00e+00	0.00e+00
 2.08543e+12	0.00e+00	8.74e-27	9.33e-18	1.46e-09	8.82e-01	1.18e-01	2.76e-06	0.00e+00	0.00e+00	0.00e+00	0.00e+00	0.00e+00	1.36e-143
 2.19877e+12	1.23e-36	1.14e-26	1.12e-17	1.60e-09	8.91e-01	1.09e-01	2.33e-06	0.00e+00	0.00e+00	0.00e+00	0.00e+00	0.00e+00	0.00e+00
 2.31665e+12	0.00e+00	1.48e-26	1.34e-17	1.77e-09	9.00e-01	1.00e-01	1.97e-06	0.00e+00	0.00e+00	0.00e+00	0.00e+00	0.00e+00	1.60e-142
 2.43924e+12	2.45e-36	1.92e-26	1.61e-17	1.94e-09	9.08e-01	9.22e-02	1.67e-06	0.00e+00	0.00e+00	0.00e+00	0.00e+00	0.00e+00	0.00e+00
 2.55320e+12	0.00e+00	2.43e-26	1.89e-17	2.12e-09	9.15e-01	8.55e-02	1.43e-06	0.00e+00	0.00e+00	0.00e+00	0.00e+00	0.00e+00	1.66e-141
 2.65303e+12	4.33e-36	2.97e-26	2.16e-17	2.28e-09	9.20e-01	8.01e-02	1.25e-06	0.00e+00	0.00e+00	0.00e+00	0.00e+00	0.00e+00	0.00e+00
 2.76429e+12	0.00e+00	3.68e-26	2.51e-17	2.46e-09	9.25e-01	7.46e-02	1.09e-06	0.00e+00	0.00e+00	0.00e+00	0.00e+00	0.00e+00	1.17e-140
 2.89868e+12	8.00e-36	4.73e-26	2.98e-17	2.69e-09	9.31e-01	6.87e-02	9.21e-07	0.00e+00	0.00e+00	0.00e+00	0.00e+00	0.00e+00	0.00e+00
 3.03464e+12	0.00e+00	6.04e-26	3.53e-17	2.94e-09	9.37e-01	6.32e-02	0.00e+00	0.00e+00	0.00e+00	0.00e+00	0.00e+00	0.00e+00	1.21e-139
 3.15971e+12	1.47e-35	7.52e-26	4.10e-17	3.19e-09	9.41e-01	5.87e-02	0.00e+00	0.00e+00	0.00e+00	0.00e+00	0.00e+00	0.00e+00	0.00e+00
 3.29911e+12	0.00e+00	9.50e-26	4.82e-17	3.47e-09	9.46e-01	5.43e-02	0.00e+00	0.00e+00	0.00e+00	0.00e+00	0.00e+00	0.00e+00	1.01e-138
 3.46043e+12	2.82e-35	1.23e-25	5.77e-17	3.81e-09	9.50e-01	4.96e-02	0.00e+00	0.00e+00	0.00e+00	0.00e+00	0.00e+00	0.00e+00	0.00e+00
 3.61863e+12	0.00e+00	1.58e-25	6.84e-17	4.16e-09	9.54e-01	4.56e-02	0.00e+00	0.00e+00	0.00e+00	0.00e+00	0.00e+00	0.00e+00	1.11e-137
 3.76972e+12	5.26e-35	1.98e-25	8.01e-17	4.52e-09	9.58e-01	4.21e-02	0.00e+00	0.00e+00	0.00e+00	0.00e+00	0.00e+00	0.00e+00	1.05e-99
 3.93698e+12	7.23e-35	2.53e-25	9.47e-17	4.93e-09	9.61e-01	3.87e-02	0.00e+00	0.00e+00	0.00e+00	0.00e+00	0.00e+00	0.00e+00	0.00e+00
 4.12439e+12	1.02e-34	3.28e-25	1.14e-16	5.42e-09	9.65e-01	3.53e-02	0.00e+00	0.00e+00	0.00e+00	0.00e+00	0.00e+00	0.00e+00	2.62e-117
 4.31477e+12	1.43e-34	4.24e-25	1.36e-16	5.94e-09	9.68e-01	3.23e-02	0.00e+00	0.00e+00	0.00e+00	0.00e+00	0.00e+00	0.00e+00	1.39e-98
 4.51277e+12	2.00e-34	5.48e-25	1.62e-16	6.52e-09	9.71e-01	2.95e-02	0.00e+00	0.00e+00	0.00e+00	0.00e+00	0.00e+00	0.00e+00	0.00e+00
 4.72320e+12	2.81e-34	7.12e-25	1.94e-16	7.17e-09	9.73e-01	2.69e-02	0.00e+00	0.00e+00	0.00e+00	0.00e+00	0.00e+00	0.00e+00	6.12e-116
 4.94206e+12	3.96e-34	9.25e-25	2.33e-16	7.88e-09	9.76e-01	2.45e-02	0.00e+00	0.00e+00	0.00e+00	0.00e+00	0.00e+00	0.00e+00	1.94e-97
 5.16967e+12	5.58e-34	1.20e-24	2.79e-16	8.66e-09	9.78e-01	2.23e-02	0.00e+00	0.00e+00	0.00e+00	0.00e+00	0.00e+00	0.00e+00	0.00e+00
 5.40638e+12	7.84e-34	1.56e-24	3.35e-16	9.52e-09	9.80e-01	2.03e-02	0.00e+00	0.00e+00	0.00e+00	0.00e+00	0.00e+00	0.00e+00	1.47e-114
 5.65256e+12	1.10e-33	2.02e-24	4.01e-16	1.05e-08	9.82e-01	1.85e-02	0.00e+00	0.00e+00	0.00e+00	0.00e+00	0.00e+00	0.00e+00	2.67e-96
 5.90859e+12	1.55e-33	2.62e-24	4.81e-16	1.15e-08	9.83e-01	1.68e-02	0.00e+00	0.00e+00	0.00e+00	0.00e+00	0.00e+00	0.00e+00	1.22e-113
 6.17486e+12	2.17e-33	3.39e-24	5.76e-16	1.27e-08	9.85e-01	1.53e-02	0.00e+00	0.00e+00	0.00e+00	0.00e+00	0.00e+00	0.00e+00	1.51e-95
 6.45179e+12	3.03e-33	4.39e-24	6.91e-16	1.39e-08	9.86e-01	1.39e-02	0.00e+00	0.00e+00	0.00e+00	0.00e+00	0.00e+00	0.00e+00	9.90e-113
 6.73978e+12	4.25e-33	5.68e-24	8.28e-16	1.53e-08	9.87e-01	1.27e-02	0.00e+00	0.00e+00	0.00e+00	0.00e+00	0.00e+00	0.00e+00	8.41e-95
 7.02595e+12	5.85e-33	7.27e-24	9.85e-16	1.68e-08	9.88e-01	1.16e-02	0.00e+00	0.00e+00	0.00e+00	0.00e+00	0.00e+00	0.00e+00	7.61e-112
 7.32357e+12	8.04e-33	9.29e-24	1.17e-15	1.84e-08	9.89e-01	1.06e-02	0.00e+00	0.00e+00	0.00e+00	0.00e+00	0.00e+00	0.00e+00	4.28e-94
 7.64644e+12	1.12e-32	1.20e-23	1.40e-15	2.02e-08	9.90e-01	9.63e-03	0.00e+00	0.00e+00	0.00e+00	0.00e+00	0.00e+00	0.00e+00	5.78e-111
 7.98222e+12	1.56e-32	1.55e-23	1.68e-15	2.22e-08	9.91e-01	8.76e-03	0.00e+00	0.00e+00	0.00e+00	0.00e+00	0.00e+00	0.00e+00	2.30e-93
 8.31365e+12	2.13e-32	1.97e-23	1.99e-15	2.43e-08	9.92e-01	8.00e-03	0.00e+00	0.00e+00	0.00e+00	0.00e+00	0.00e+00	0.00e+00	4.29e-110
 8.62831e+12	2.83e-32	2.45e-23	2.33e-15	2.65e-08	9.93e-01	7.37e-03	0.00e+00	0.00e+00	0.00e+00	0.00e+00	0.00e+00	0.00e+00	1.04e-92
 8.97334e+12	3.82e-32	3.09e-23	2.75e-15	2.89e-08	9.93e-01	6.76e-03	0.00e+00	0.00e+00	0.00e+00	0.00e+00	0.00e+00	0.00e+00	2.67e-109
 9.36220e+12	5.29e-32	3.97e-23	3.29e-15	3.18e-08	9.94e-01	6.15e-03	0.00e+00	0.00e+00	0.00e+00	0.00e+00	0.00e+00	0.00e+00	5.07e-92
 9.74943e+12	7.20e-32	5.05e-23	3.91e-15	3.48e-08	9.94e-01	5.61e-03	0.00e+00	0.00e+00	0.00e+00	0.00e+00	0.00e+00	0.00e+00	1.94e-108
 1.01522e+13	9.79e-32	6.40e-23	4.64e-15	3.81e-08	9.95e-01	5.13e-03	0.00e+00	0.00e+00	0.00e+00	0.00e+00	0.00e+00	0.00e+00	2.41e-91
 1.05882e+13	1.35e-31	8.20e-23	5.54e-15	4.19e-08	9.95e-01	4.67e-03	0.00e+00	0.00e+00	0.00e+00	0.00e+00	0.00e+00	0.00e+00	1.39e-107
 1.10324e+13	1.84e-31	1.04e-22	6.59e-15	4.60e-08	9.96e-01	4.26e-03	0.00e+00	0.00e+00	0.00e+00	0.00e+00	0.00e+00	0.00e+00	1.18e-90
 1.14943e+13	2.50e-31	1.33e-22	7.84e-15	5.05e-08	9.96e-01	3.88e-03	0.00e+00	0.00e+00	0.00e+00	0.00e+00	0.00e+00	0.00e+00	9.82e-107
 1.19255e+13	3.30e-31	1.65e-22	9.16e-15	5.49e-08	9.96e-01	3.57e-03	0.00e+00	0.00e+00	0.00e+00	0.00e+00	0.00e+00	0.00e+00	5.20e-90
 1.22890e+13	4.13e-31	1.96e-22	1.04e-14	5.87e-08	9.97e-01	3.34e-03	0.00e+00	0.00e+00	0.00e+00	0.00e+00	0.00e+00	0.00e+00	4.81e-106
 1.26853e+13	5.23e-31	2.36e-22	1.19e-14	6.31e-08	9.97e-01	3.11e-03	0.00e+00	0.00e+00	0.00e+00	0.00e+00	0.00e+00	0.00e+00	1.68e-89
 1.31824e+13	6.97e-31	2.95e-22	1.40e-14	6.88e-08	9.97e-01	2.86e-03	0.00e+00	0.00e+00	0.00e+00	0.00e+00	0.00e+00	0.00e+00	2.54e-105
 1.36955e+13	9.25e-31	3.68e-22	1.64e-14	7.50e-08	9.97e-01	2.62e-03	0.00e+00	0.00e+00	0.00e+00	0.00e+00	0.00e+00	0.00e+00	7.14e-89
 1.41498e+13	1.18e-30	4.44e-22	1.88e-14	8.07e-08	9.98e-01	2.44e-03	0.00e+00	0.00e+00	0.00e+00	0.00e+00	0.00e+00	0.00e+00	1.36e-104
 1.46425e+13	1.52e-30	5.40e-22	2.17e-14	8.72e-08	9.98e-01	2.26e-03	0.00e+00	0.00e+00	0.00e+00	0.00e+00	0.00e+00	0.00e+00	2.53e-88
 1.52344e+13	2.03e-30	6.79e-22	2.55e-14	9.53e-08	9.98e-01	2.07e-03	0.00e+00	0.00e+00	0.00e+00	0.00e+00	0.00e+00	0.00e+00	7.82e-104
 1.58267e+13	2.69e-30	8.45e-22	2.99e-14	1.04e-07	9.98e-01	1.90e-03	0.00e+00	0.00e+00	0.00e+00	0.00e+00	0.00e+00	0.00e+00	1.10e-87
 1.63687e+13	3.45e-30	1.02e-21	3.44e-14	1.12e-07	9.98e-01	1.77e-03	0.00e+00	0.00e+00	0.00e+00	0.00e+00	0.00e+00	0.00e+00	4.29e-103
 1.69737e+13	4.51e-30	1.26e-21	4.00e-14	1.21e-07	9.98e-01	1.63e-03	0.00e+00	0.00e+00	0.00e+00	0.00e+00	0.00e+00	0.00e+00	4.14e-87
 1.76770e+13	6.07e-30	1.59e-21	4.73e-14	1.33e-07	9.99e-01	1.49e-03	0.00e+00	0.00e+00	0.00e+00	0.00e+00	0.00e+00	0.00e+00	2.67e-102
 1.83748e+13	8.06e-30	1.98e-21	5.54e-14	1.44e-07	9.99e-01	1.37e-03	0.00e+00	0.00e+00	0.00e+00	0.00e+00	0.00e+00	0.00e+00	1.87e-86
 1.91004e+13	1.07e-29	2.47e-21	6.50e-14	1.57e-07	9.99e-01	1.26e-03	0.00e+00	0.00e+00	0.00e+00	0.00e+00	0.00e+00	0.00e+00	1.69e-101
 1.98944e+13	1.45e-29	3.12e-21	7.67e-14	1.72e-07	9.99e-01	1.15e-03	0.00e+00	0.00e+00	0.00e+00	0.00e+00	0.00e+00	0.00e+00	8.60e-86
 2.07201e+13	1.95e-29	3.94e-21	9.06e-14	1.88e-07	9.99e-01	1.06e-03	0.00e+00	0.00e+00	0.00e+00	0.00e+00	0.00e+00	0.00e+00	1.18e-100
 2.15788e+13	2.63e-29	4.96e-21	1.07e-13	2.05e-07	9.99e-01	9.68e-04	0.00e+00	0.00e+00	0.00e+00	0.00e+00	0.00e+00	0.00e+00	4.14e-85
 2.24719e+13	3.55e-29	6.25e-21	1.26e-13	2.24e-07	9.99e-01	8.87e-04	0.00e+00	0.00e+00	0.00e+00	0.00e+00	0.00e+00	0.00e+00	8.35e-100
 2.33767e+13	4.75e-29	7.83e-21	1.48e-13	2.44e-07	9.99e-01	8.16e-04	0.00e+00	0.00e+00	0.00e+00	0.00e+00	0.00e+00	0.00e+00	1.97e-84
 2.43176e+13	6.36e-29	9.81e-21	1.73e-13	2.65e-07	9.99e-01	7.50e-04	0.00e+00	0.00e+00	0.00e+00	0.00e+00	0.00e+00	0.00e+00	5.64e-99
 2.53203e+13	8.58e-29	1.24e-20	2.04e-13	2.89e-07	9.99e-01	6.89e-04	0.00e+00	0.00e+00	0.00e+00	0.00e+00	0.00e+00	0.00e+00	9.54e-84
 2.63630e+13	1.16e-28	1.56e-20	2.40e-13	3.14e-07	9.99e-01	6.33e-04	0.00e+00	0.00e+00	0.00e+00	0.00e+00	0.00e+00	0.00e+00	4.02e-98
 2.74474e+13	1.57e-28	1.96e-20	2.82e-13	3.42e-07	9.99e-01	5.81e-04	0.00e+00	0.00e+00	0.00e+00	0.00e+00	0.00e+00	0.00e+00	4.75e-83
 2.85753e+13	2.12e-28	2.47e-20	3.31e-13	3.72e-07	9.99e-01	5.34e-04	0.00e+00	0.00e+00	0.00e+00	0.00e+00	0.00e+00	0.00e+00	2.88e-97
 2.97482e+13	2.86e-28	3.11e-20	3.89e-13	4.05e-07	1.00e+00	4.91e-04	0.00e+00	0.00e+00	0.00e+00	0.00e+00	0.00e+00	0.00e+00	2.39e-82
 3.09681e+13	3.86e-28	3.92e-20	4.58e-13	4.41e-07	1.00e+00	4.52e-04	0.00e+00	0.00e+00	0.00e+00	0.00e+00	0.00e+00	0.00e+00	2.08e-96
 3.21280e+13	5.09e-28	4.84e-20	5.30e-13	4.76e-07	1.00e+00	4.19e-04	0.00e+00	0.00e+00	0.00e+00	0.00e+00	0.00e+00	0.00e+00	1.13e-81
 3.31914e+13	6.51e-28	5.84e-20	6.04e-13	5.09e-07	1.00e+00	3.91e-04	0.00e+00	0.00e+00	0.00e+00	0.00e+00	0.00e+00	0.00e+00	1.15e-95
 3.43995e+13	8.53e-28	7.18e-20	6.96e-13	5.48e-07	1.00e+00	3.63e-04	0.00e+00	0.00e+00	0.00e+00	0.00e+00	0.00e+00	0.00e+00	4.54e-81
 3.57990e+13	1.15e-27	9.03e-20	8.17e-13	5.96e-07	1.00e+00	3.34e-04	0.00e+00	0.00e+00	0.00e+00	0.00e+00	0.00e+00	0.00e+00	7.44e-95
 3.71930e+13	1.54e-27	1.13e-19	9.52e-13	6.45e-07	1.00e+00	3.09e-04	0.00e+00	0.00e+00	0.00e+00	0.00e+00	0.00e+00	0.00e+00	2.24e-80
 3.86427e+13	2.05e-27	1.40e-19	1.11e-12	6.98e-07	1.00e+00	2.86e-04	0.00e+00	0.00e+00	0.00e+00	0.00e+00	0.00e+00	0.00e+00	4.97e-94
 4.02184e+13	2.78e-27	1.77e-19	1.30e-12	7.58e-07	1.00e+00	2.63e-04	0.00e+00	0.00e+00	0.00e+00	0.00e+00	0.00e+00	0.00e+00	1.11e-79
 4.18570e+13	3.77e-27	2.23e-19	1.52e-12	8.23e-07	1.00e+00	2.42e-04	0.00e+00	0.00e+00	0.00e+00	0.00e+00	0.00e+00	0.00e+00	3.64e-93
 4.35612e+13	5.11e-27	2.81e-19	1.79e-12	8.93e-07	1.00e+00	2.23e-04	0.00e+00	0.00e+00	0.00e+00	0.00e+00	0.00e+00	0.00e+00	5.79e-79
 4.53336e+13	6.92e-27	3.54e-19	2.10e-12	9.70e-07	1.00e+00	2.06e-04	0.00e+00	0.00e+00	0.00e+00	0.00e+00	0.00e+00	0.00e+00	2.67e-92
 4.71769e+13	9.38e-27	4.47e-19	2.46e-12	1.05e-06	1.00e+00	1.90e-04	0.00e+00	0.00e+00	0.00e+00	0.00e+00	0.00e+00	0.00e+00	3.02e-78
 4.90939e+13	1.27e-26	5.63e-19	2.88e-12	1.14e-06	1.00e+00	1.75e-04	0.00e+00	0.00e+00	0.00e+00	0.00e+00	0.00e+00	0.00e+00	6.91e-78
 5.08927e+13	1.67e-26	6.94e-19	3.32e-12	1.23e-06	1.00e+00	1.62e-04	0.00e+00	0.00e+00	0.00e+00	0.00e+00	0.00e+00	0.00e+00	1.46e-77
 5.24938e+13	2.12e-26	8.31e-19	3.76e-12	1.31e-06	1.00e+00	1.52e-04	0.00e+00	0.00e+00	0.00e+00	0.00e+00	0.00e+00	0.00e+00	2.80e-77
 5.42867e+13	2.75e-26	1.01e-18	4.30e-12	1.40e-06	1.00e+00	1.42e-04	0.00e+00	0.00e+00	0.00e+00	0.00e+00	0.00e+00	0.00e+00	5.63e-77
 5.64211e+13	3.69e-26	1.26e-18	5.01e-12	1.52e-06	1.00e+00	1.32e-04	0.00e+00	0.00e+00	0.00e+00	0.00e+00	0.00e+00	0.00e+00	1.26e-76
 5.85534e+13	4.91e-26	1.57e-18	5.81e-12	1.64e-06	1.00e+00	1.22e-04	0.00e+00	0.00e+00	0.00e+00	0.00e+00	0.00e+00	0.00e+00	2.75e-76
 6.05286e+13	6.35e-26	1.91e-18	6.63e-12	1.75e-06	1.00e+00	1.14e-04	0.00e+00	0.00e+00	0.00e+00	0.00e+00	0.00e+00	0.00e+00	5.54e-76
 6.27371e+13	8.37e-26	2.35e-18	7.64e-12	1.88e-06	1.00e+00	1.06e-04	0.00e+00	0.00e+00	0.00e+00	0.00e+00	0.00e+00	0.00e+00	1.18e-75
 6.52765e+13	1.14e-25	2.96e-18	8.95e-12	2.04e-06	1.00e+00	9.78e-05	0.00e+00	0.00e+00	0.00e+00	0.00e+00	0.00e+00	0.00e+00	2.72e-75
 6.77586e+13	1.52e-25	3.69e-18	1.04e-11	2.20e-06	1.00e+00	9.07e-05	0.00e+00	0.00e+00	0.00e+00	0.00e+00	0.00e+00	0.00e+00	6.01e-75
 7.01300e+13	1.98e-25	4.51e-18	1.19e-11	2.36e-06	1.00e+00	8.46e-05	0.00e+00	0.00e+00	0.00e+00	0.00e+00	0.00e+00	0.00e+00	1.25e-74
 7.27551e+13	2.64e-25	5.60e-18	1.38e-11	2.54e-06	1.00e+00	7.85e-05	0.00e+00	0.00e+00	0.00e+00	0.00e+00	0.00e+00	0.00e+00	2.72e-74
 7.56953e+13	3.59e-25	7.06e-18	1.61e-11	2.75e-06	1.00e+00	7.25e-05	0.00e+00	0.00e+00	0.00e+00	0.00e+00	0.00e+00	0.00e+00	6.33e-74
 7.86612e+13	4.85e-25	8.86e-18	1.88e-11	2.97e-06	1.00e+00	6.71e-05	0.00e+00	0.00e+00	0.00e+00	0.00e+00	0.00e+00	0.00e+00	1.44e-73
 8.17459e+13	6.54e-25	1.11e-17	2.19e-11	3.21e-06	1.00e+00	6.21e-05	0.00e+00	0.00e+00	0.00e+00	0.00e+00	0.00e+00	0.00e+00	3.28e-73
 8.50456e+13	8.92e-25	1.40e-17	2.56e-11	3.47e-06	1.00e+00	5.74e-05	0.00e+00	0.00e+00	0.00e+00	0.00e+00	0.00e+00	0.00e+00	7.68e-73
 8.84774e+13	1.22e-24	1.77e-17	2.99e-11	3.76e-06	1.00e+00	5.30e-05	0.00e+00	0.00e+00	0.00e+00	0.00e+00	0.00e+00	0.00e+00	1.80e-72
 9.20464e+13	1.66e-24	2.24e-17	3.51e-11	4.07e-06	1.00e+00	4.89e-05	0.00e+00	0.00e+00	0.00e+00	0.00e+00	0.00e+00	0.00e+00	4.26e-72
 9.57582e+13	2.27e-24	2.83e-17	4.10e-11	4.40e-06	1.00e+00	4.52e-05	0.00e+00	0.00e+00	0.00e+00	0.00e+00	0.00e+00	0.00e+00	9.95e-72
 9.96185e+13	3.10e-24	3.58e-17	4.80e-11	4.77e-06	1.00e+00	4.18e-05	0.00e+00	0.00e+00	0.00e+00	0.00e+00	0.00e+00	0.00e+00	2.34e-71
 1.03416e+14	4.17e-24	4.47e-17	5.57e-11	5.13e-06	1.00e+00	3.88e-05	0.00e+00	0.00e+00	0.00e+00	0.00e+00	0.00e+00	0.00e+00	5.28e-71
 1.07365e+14	5.61e-24	5.59e-17	6.47e-11	5.53e-06	1.00e+00	3.60e-05	0.00e+00	0.00e+00	0.00e+00	0.00e+00	1.80e-17	3.79e-17	1.19e-70
 1.11689e+14	7.68e-24	7.08e-17	7.57e-11	5.99e-06	1.00e+00	3.33e-05	0.00e+00	0.00e+00	0.00e+00	0.00e+00	2.35e-17	4.73e-17	2.82e-70
 1.16032e+14	1.04e-23	8.89e-17	8.81e-11	6.46e-06	1.00e+00	3.08e-05	0.00e+00	0.00e+00	0.00e+00	0.00e+00	2.95e-17	5.94e-17	6.50e-70
 1.20549e+14	1.41e-23	1.12e-16	1.03e-10	6.97e-06	1.00e+00	2.86e-05	0.00e+00	0.00e+00	0.00e+00	0.00e+00	3.71e-17	7.45e-17	1.50e-69
 1.25401e+14	1.93e-23	1.41e-16	1.20e-10	7.55e-06	1.00e+00	2.64e-05	0.00e+00	0.00e+00	0.00e+00	0.00e+00	4.69e-17	9.44e-17	3.55e-69
 1.30328e+14	2.62e-23	1.78e-16	1.40e-10	8.15e-06	1.00e+00	2.45e-05	0.00e+00	0.00e+00	0.00e+00	0.00e+00	5.91e-17	1.19e-16	8.26e-69
 1.35453e+14	3.57e-23	2.24e-16	1.63e-10	8.80e-06	1.00e+00	2.27e-05	0.00e+00	0.00e+00	0.00e+00	0.00e+00	7.44e-17	1.50e-16	1.93e-68
 1.40512e+14	4.78e-23	2.79e-16	1.89e-10	9.47e-06	1.00e+00	2.11e-05	0.00e+00	0.00e+00	0.00e+00	0.00e+00	9.27e-17	1.86e-16	4.30e-68
 1.45203e+14	6.22e-23	3.40e-16	2.16e-10	1.01e-05	1.00e+00	1.98e-05	0.00e+00	0.00e+00	0.00e+00	0.00e+00	1.13e-16	2.27e-16	8.84e-68
 1.50472e+14	8.26e-23	4.20e-16	2.49e-10	1.09e-05	1.00e+00	1.84e-05	0.00e+00	0.00e+00	0.00e+00	0.00e+00	1.40e-16	2.81e-16	1.93e-67
 1.56520e+14	1.13e-22	5.32e-16	2.91e-10	1.17e-05	1.00e+00	1.70e-05	0.00e+00	0.00e+00	0.00e+00	0.00e+00	1.77e-16	3.55e-16	4.58e-67
 1.62517e+14	1.53e-22	6.66e-16	3.38e-10	1.27e-05	1.00e+00	1.58e-05	0.00e+00	0.00e+00	0.00e+00	0.00e+00	2.21e-16	4.45e-16	1.04e-66
 1.68753e+14	2.06e-22	8.34e-16	3.92e-10	1.36e-05	1.00e+00	1.47e-05	0.00e+00	0.00e+00	0.00e+00	0.00e+00	2.77e-16	5.57e-16	2.38e-66
 1.74966e+14	2.74e-22	1.03e-15	4.53e-10	1.47e-05	1.00e+00	1.36e-05	0.00e+00	0.00e+00	0.00e+00	0.00e+00	3.43e-16	6.91e-16	5.23e-66
 1.80495e+14	3.51e-22	1.25e-15	5.13e-10	1.56e-05	1.00e+00	1.28e-05	0.00e+00	0.00e+00	0.00e+00	0.00e+00	4.13e-16	8.32e-16	1.03e-65
 1.86566e+14	4.57e-22	1.52e-15	5.85e-10	1.67e-05	1.00e+00	1.20e-05	0.00e+00	0.00e+00	0.00e+00	0.00e+00	5.03e-16	1.01e-15	2.12e-65
 1.93813e+14	6.17e-22	1.90e-15	6.81e-10	1.80e-05	1.00e+00	1.11e-05	0.00e+00	0.00e+00	0.00e+00	0.00e+00	6.31e-16	1.27e-15	4.85e-65
 2.00987e+14	8.23e-22	2.36e-15	7.87e-10	1.93e-05	1.00e+00	1.03e-05	0.00e+00	0.00e+00	0.00e+00	0.00e+00	7.83e-16	1.58e-15	1.07e-64
 2.07495e+14	1.06e-21	2.85e-15	8.94e-10	2.06e-05	1.00e+00	9.69e-06	0.00e+00	0.00e+00	0.00e+00	0.00e+00	9.47e-16	1.90e-15	2.13e-64
 2.14734e+14	1.39e-21	3.49e-15	1.03e-09	2.21e-05	1.00e+00	9.04e-06	0.00e+00	0.00e+00	0.00e+00	0.00e+00	1.16e-15	2.33e-15	4.46e-64
 2.23218e+14	1.88e-21	4.39e-15	1.20e-09	2.39e-05	1.00e+00	8.36e-06	0.00e+00	0.00e+00	0.00e+00	0.00e+00	1.46e-15	2.94e-15	1.03e-63
 2.31567e+14	2.50e-21	5.46e-15	1.39e-09	2.57e-05	1.00e+00	7.76e-06	0.00e+00	0.00e+00	0.00e+00	0.00e+00	1.81e-15	3.65e-15	2.26e-63
 2.39360e+14	3.24e-21	6.64e-15	1.58e-09	2.75e-05	1.00e+00	7.25e-06	0.00e+00	0.00e+00	0.00e+00	0.00e+00	2.20e-15	4.43e-15	4.58e-63
 2.48074e+14	4.29e-21	8.19e-15	1.83e-09	2.96e-05	1.00e+00	6.74e-06	0.00e+00	0.00e+00	0.00e+00	0.00e+00	2.72e-15	5.47e-15	9.82e-63
 2.58027e+14	5.82e-21	1.03e-14	2.14e-09	3.21e-05	1.00e+00	6.22e-06	0.00e+00	0.00e+00	0.00e+00	0.00e+00	3.43e-15	6.90e-15	2.26e-62
 2.67856e+14	7.76e-21	1.29e-14	2.48e-09	3.47e-05	1.00e+00	5.76e-06	0.00e+00	0.00e+00	0.00e+00	0.00e+00	4.27e-15	8.59e-15	4.97e-62
 2.78078e+14	1.04e-20	1.60e-14	2.89e-09	3.74e-05	1.00e+00	5.33e-06	0.00e+00	0.00e+00	0.00e+00	0.00e+00	5.31e-15	1.07e-14	1.09e-61
 2.89231e+14	1.40e-20	2.02e-14	3.38e-09	4.06e-05	1.00e+00	4.91e-06	0.00e+00	0.00e+00	0.00e+00	0.00e+00	6.69e-15	1.35e-14	2.50e-61
 3.00568e+14	1.88e-20	2.52e-14	3.95e-09	4.40e-05	1.00e+00	4.53e-06	0.00e+00	0.00e+00	0.00e+00	0.00e+00	8.36e-15	1.68e-14	5.55e-61
 3.12359e+14	2.52e-20	3.15e-14	4.61e-09	4.77e-05	1.00e+00	4.18e-06	0.00e+00	0.00e+00	0.00e+00	0.00e+00	1.05e-14	2.11e-14	1.23e-60
 3.24883e+14	3.39e-20	3.96e-14	5.40e-09	5.18e-05	1.00e+00	3.85e-06	0.00e+00	0.00e+00	0.00e+00	0.00e+00	1.31e-14	2.65e-14	2.78e-60
 3.37909e+14	4.56e-20	4.97e-14	6.33e-09	5.63e-05	1.00e+00	3.54e-06	0.00e+00	0.00e+00	0.00e+00	0.00e+00	1.65e-14	3.32e-14	6.21e-60
 3.51455e+14	6.13e-20	6.24e-14	7.43e-09	6.12e-05	1.00e+00	3.27e-06	0.00e+00	0.00e+00	0.00e+00	0.00e+00	2.07e-14	4.17e-14	1.38e-59
 3.64608e+14	8.05e-20	7.70e-14	8.62e-09	6.62e-05	1.00e+00	3.05e-06	0.00e+00	0.00e+00	0.00e+00	0.00e+00	2.55e-14	5.15e-14	2.91e-59
 3.77021e+14	1.03e-19	9.34e-14	9.86e-09	7.11e-05	1.00e+00	2.86e-06	0.00e+00	0.00e+00	0.00e+00	0.00e+00	3.10e-14	6.24e-14	5.74e-59
 3.90864e+14	1.35e-19	1.15e-13	1.14e-08	7.69e-05	1.00e+00	2.67e-06	0.00e+00	0.00e+00	0.00e+00	0.00e+00	3.80e-14	7.66e-14	1.18e-58
 4.05036e+14	1.75e-19	1.40e-13	1.32e-08	8.32e-05	1.00e+00	2.48e-06	0.00e+00	0.00e+00	0.00e+00	0.00e+00	4.65e-14	9.38e-14	2.38e-58
 4.17192e+14	2.17e-19	1.66e-13	1.49e-08	8.86e-05	1.00e+00	2.35e-06	0.00e+00	0.00e+00	0.00e+00	0.00e+00	5.50e-14	1.11e-13	4.31e-58
 4.30218e+14	2.72e-19	1.98e-13	1.68e-08	9.47e-05	1.00e+00	2.21e-06	0.00e+00	0.00e+00	0.00e+00	0.00e+00	6.55e-14	1.32e-13	7.94e-58
 4.46347e+14	3.54e-19	2.43e-13	1.96e-08	1.03e-04	1.00e+00	2.06e-06	0.00e+00	0.00e+00	0.00e+00	0.00e+00	8.06e-14	1.63e-13	1.63e-57
 4.62894e+14	4.59e-19	2.98e-13	2.27e-08	1.11e-04	1.00e+00	1.93e-06	0.00e+00	0.00e+00	0.00e+00	0.00e+00	9.89e-14	2.00e-13	3.33e-57
 4.77805e+14	5.76e-19	3.57e-13	2.58e-08	1.19e-04	1.00e+00	1.82e-06	0.00e+00	0.00e+00	0.00e+00	0.00e+00	1.18e-13	2.38e-13	6.21e-57
 4.94205e+14	7.31e-19	4.30e-13	2.96e-08	1.29e-04	1.00e+00	1.71e-06	0.00e+00	0.00e+00	0.00e+00	0.00e+00	1.43e-13	2.88e-13	1.19e-56
 5.13558e+14	9.60e-19	5.33e-13	3.45e-08	1.40e-04	1.00e+00	1.60e-06	0.00e+00	0.00e+00	0.00e+00	0.00e+00	1.77e-13	3.57e-13	2.52e-56
 5.32051e+14	1.23e-18	6.49e-13	3.99e-08	1.52e-04	1.00e+00	1.50e-06	0.00e+00	0.00e+00	0.00e+00	0.00e+00	2.15e-13	4.34e-13	4.97e-56
 5.48185e+14	1.52e-18	7.66e-13	4.50e-08	1.62e-04	1.00e+00	1.42e-06	0.00e+00	0.00e+00	0.00e+00	0.00e+00	2.54e-13	5.12e-13	8.89e-56
 5.65954e+14	1.90e-18	9.14e-13	5.12e-08	1.74e-04	1.00e+00	1.35e-06	0.00e+00	0.00e+00	0.00e+00	0.00e+00	3.03e-13	6.11e-13	1.65e-55
 5.87532e+14	2.46e-18	1.12e-12	5.96e-08	1.89e-04	1.00e+00	1.27e-06	0.00e+00	0.00e+00	0.00e+00	0.00e+00	3.72e-13	7.51e-13	3.38e-55
 6.09167e+14	3.16e-18	1.37e-12	6.90e-08	2.05e-04	1.00e+00	1.20e-06	0.00e+00	0.00e+00	0.00e+00	0.00e+00	4.54e-13	9.17e-13	6.79e-55
 6.28521e+14	3.92e-18	1.63e-12	7.83e-08	2.20e-04	1.00e+00	1.14e-06	0.00e+00	0.00e+00	0.00e+00	0.00e+00	5.39e-13	1.09e-12	1.24e-54
 6.49805e+14	4.93e-18	1.95e-12	8.95e-08	2.37e-04	1.00e+00	1.08e-06	0.00e+00	0.00e+00	0.00e+00	0.00e+00	6.46e-13	1.31e-12	2.35e-54
 6.75087e+14	6.40e-18	2.41e-12	1.04e-07	2.58e-04	1.00e+00	1.03e-06	0.00e+00	0.00e+00	0.00e+00	0.00e+00	7.96e-13	1.61e-12	4.91e-54
 7.00036e+14	8.20e-18	2.93e-12	1.21e-07	2.80e-04	1.00e+00	9.77e-07	0.00e+00	0.00e+00	0.00e+00	0.00e+00	9.70e-13	1.96e-12	9.88e-54
 7.22756e+14	1.02e-17	3.49e-12	1.37e-07	3.01e-04	1.00e+00	0.00e+00	0.00e+00	0.00e+00	0.00e+00	0.00e+00	1.15e-12	2.33e-12	1.83e-53
 7.48111e+14	1.29e-17	4.21e-12	1.58e-07	3.25e-04	1.00e+00	0.00e+00	0.00e+00	0.00e+00	0.00e+00	0.00e+00	1.39e-12	2.82e-12	3.56e-53
 7.77706e+14	1.67e-17	5.19e-12	1.84e-07	3.55e-04	1.00e+00	0.00e+00	0.00e+00	0.00e+00	0.00e+00	0.00e+00	1.72e-12	3.48e-12	7.54e-53
 8.06758e+14	2.14e-17	6.33e-12	2.13e-07	3.85e-04	1.00e+00	0.00e+00	0.00e+00	0.00e+00	0.00e+00	0.00e+00	2.09e-12	4.24e-12	1.54e-52
 8.34001e+14	2.67e-17	7.57e-12	2.43e-07	4.15e-04	1.00e+00	0.00e+00	0.00e+00	0.00e+00	0.00e+00	0.00e+00	2.50e-12	5.07e-12	2.92e-52
 8.64420e+14	3.41e-17	9.20e-12	2.81e-07	4.50e-04	1.00e+00	0.00e+00	0.00e+00	0.00e+00	0.00e+00	0.00e+00	3.04e-12	6.16e-12	5.91e-52
 8.99027e+14	4.44e-17	1.14e-11	3.28e-07	4.92e-04	1.00e+00	0.00e+00	0.00e+00	0.00e+00	0.00e+00	0.00e+00	3.76e-12	7.63e-12	1.28e-51
 9.33405e+14	5.71e-17	1.40e-11	3.81e-07	5.35e-04	9.99e-01	0.00e+00	0.00e+00	4.85e-18	1.46e-17	2.43e-17	4.61e-12	9.35e-12	2.68e-51
 9.69158e+14	7.35e-17	1.71e-11	4.43e-07	5.82e-04	9.99e-01	0.00e+00	0.00e+00	6.26e-18	1.88e-17	3.14e-17	5.66e-12	1.15e-11	5.66e-51
 1.00795e+15	9.58e-17	2.12e-11	5.19e-07	6.37e-04	9.99e-01	0.00e+00	0.00e+00	8.16e-18	2.45e-17	4.09e-17	7.01e-12	1.42e-11	1.24e-50
 1.04830e+15	1.25e-16	2.63e-11	6.07e-07	6.96e-04	9.99e-01	0.00e+00	0.00e+00	1.06e-17	3.20e-17	5.34e-17	8.68e-12	1.76e-11	2.74e-50
 1.09026e+15	1.63e-16	3.25e-11	7.10e-07	7.60e-04	9.99e-01	0.00e+00	0.00e+00	1.39e-17	4.17e-17	6.96e-17	1.07e-11	2.18e-11	6.07e-50
 1.13390e+15	2.12e-16	4.03e-11	8.30e-07	8.30e-04	9.99e-01	0.00e+00	0.00e+00	1.81e-17	5.44e-17	9.09e-17	1.33e-11	2.70e-11	1.35e-49
 1.17929e+15	2.76e-16	4.99e-11	9.70e-07	9.06e-04	9.99e-01	0.00e+00	0.00e+00	2.37e-17	7.11e-17	1.19e-16	1.65e-11	3.34e-11	3.04e-49
 1.22649e+15	3.61e-16	6.19e-11	1.13e-06	9.90e-04	9.99e-01	0.00e+00	0.00e+00	3.09e-17	9.28e-17	1.55e-16	2.05e-11	4.15e-11	6.86e-49
 1.26839e+15	4.53e-16	7.45e-11	1.30e-06	1.07e-03	9.99e-01	0.00e+00	0.00e+00	3.89e-17	1.17e-16	1.95e-16	2.46e-11	4.99e-11	1.39e-48
 1.30230e+15	5.42e-16	8.60e-11	1.44e-06	1.13e-03	9.99e-01	0.00e+00	0.00e+00	4.65e-17	1.40e-16	2.33e-16	2.84e-11	5.76e-11	2.41e-48
 1.33926e+15	6.56e-16	1.00e-10	1.61e-06	1.20e-03	9.99e-01	0.00e+00	0.00e+00	5.64e-17	1.69e-16	2.83e-16	3.32e-11	6.72e-11	4.35e-48
 1.38731e+15	8.33e-16	1.22e-10	1.85e-06	1.30e-03	9.99e-01	0.00e+00	0.00e+00	7.18e-17	2.15e-16	3.60e-16	4.03e-11	8.16e-11	9.19e-48
 1.43886e+15	1.07e-15	1.49e-10	2.14e-06	1.41e-03	9.99e-01	0.00e+00	0.00e+00	9.22e-17	2.77e-16	4.62e-16	4.93e-11	9.99e-11	2.00e-47
 1.48477e+15	1.31e-15	1.78e-10	2.42e-06	1.51e-03	9.98e-01	0.00e+00	0.00e+00	1.13e-16	3.40e-16	5.68e-16	5.87e-11	1.19e-10	3.91e-47
 1.53429e+15	1.65e-15	2.13e-10	2.76e-06	1.63e-03	9.98e-01	0.00e+00	0.00e+00	1.42e-16	4.27e-16	7.14e-16	7.05e-11	1.43e-10	7.95e-47
 1.59353e+15	2.13e-15	2.63e-10	3.20e-06	1.77e-03	9.98e-01	0.00e+00	0.00e+00	1.84e-16	5.53e-16	9.24e-16	8.69e-11	1.76e-10	1.80e-46
 1.65171e+15	2.74e-15	3.22e-10	3.69e-06	1.91e-03	9.98e-01	0.00e+00	0.00e+00	2.37e-16	7.11e-16	1.19e-15	1.06e-10	2.15e-10	3.94e-46
 1.70347e+15	3.38e-15	3.82e-10	4.17e-06	2.05e-03	9.98e-01	0.00e+00	0.00e+00	2.93e-16	8.80e-16	1.47e-15	1.26e-10	2.56e-10	7.72e-46
 1.76059e+15	4.25e-15	4.60e-10	4.76e-06	2.20e-03	9.98e-01	0.00e+00	0.00e+00	3.69e-16	1.11e-15	1.85e-15	1.52e-10	3.08e-10	1.59e-45
 1.82875e+15	5.51e-15	5.69e-10	5.53e-06	2.39e-03	9.98e-01	0.00e+00	0.00e+00	4.79e-16	1.44e-15	2.40e-15	1.88e-10	3.81e-10	3.65e-45
 1.89641e+15	7.10e-15	6.99e-10	6.39e-06	2.59e-03	9.97e-01	0.00e+00	0.00e+00	6.18e-16	1.85e-15	3.09e-15	2.31e-10	4.68e-10	8.13e-45
 1.95816e+15	8.87e-15	8.37e-10	7.25e-06	2.78e-03	9.97e-01	0.00e+00	0.00e+00	7.72e-16	2.32e-15	3.86e-15	2.77e-10	5.60e-10	1.64e-44
 2.02704e+15	1.13e-14	1.02e-09	8.32e-06	2.99e-03	9.97e-01	0.00e+00	0.00e+00	9.82e-16	2.95e-15	4.92e-15	3.36e-10	6.81e-10	3.58e-44
 2.10731e+15	1.48e-14	1.27e-09	9.70e-06	3.26e-03	9.97e-01	0.00e+00	0.00e+00	1.29e-15	3.86e-15	6.45e-15	4.19e-10	8.49e-10	8.37e-44
 2.18607e+15	1.91e-14	1.56e-09	1.12e-05	3.53e-03	9.96e-01	0.00e+00	0.00e+00	1.67e-15	5.00e-15	8.34e-15	5.17e-10	1.05e-09	1.88e-43
 2.26015e+15	2.41e-14	1.89e-09	1.28e-05	3.79e-03	9.96e-01	0.00e+00	0.00e+00	2.10e-15	6.31e-15	1.05e-14	6.25e-10	1.27e-09	3.91e-43
 2.34276e+15	3.10e-14	2.32e-09	1.48e-05	4.09e-03	9.96e-01	0.00e+00	0.00e+00	2.71e-15	8.12e-15	1.36e-14	7.68e-10	1.55e-09	8.62e-43
 2.43650e+15	4.07e-14	2.91e-09	1.73e-05	4.46e-03	9.96e-01	0.00e+00	0.00e+00	3.56e-15	1.07e-14	1.78e-14	9.61e-10	1.95e-09	2.04e-42
 2.52990e+15	5.30e-14	3.61e-09	2.00e-05	4.83e-03	9.95e-01	0.00e+00	0.00e+00	4.64e-15	1.39e-14	2.32e-14	1.19e-09	2.42e-09	4.65e-42
 2.62704e+15	6.89e-14	4.48e-09	2.33e-05	5.24e-03	9.95e-01	0.00e+00	0.00e+00	6.04e-15	1.81e-14	3.02e-14	1.48e-09	3.00e-09	1.06e-41
 2.73215e+15	9.07e-14	5.62e-09	2.72e-05	5.70e-03	9.94e-01	0.00e+00	0.00e+00	7.96e-15	2.39e-14	3.98e-14	1.86e-09	3.76e-09	2.48e-41
 2.84147e+15	1.19e-13	7.04e-09	3.18e-05	6.19e-03	9.94e-01	0.00e+00	0.00e+00	1.05e-14	3.15e-14	5.25e-14	2.33e-09	4.71e-09	5.81e-41
 2.95516e+15	1.57e-13	8.84e-09	3.72e-05	6.73e-03	9.93e-01	0.00e+00	0.00e+00	1.38e-14	4.15e-14	6.92e-14	2.93e-09	5.91e-09	1.36e-40
 3.07339e+15	2.07e-13	1.11e-08	4.34e-05	7.32e-03	9.93e-01	0.00e+00	0.00e+00	1.82e-14	5.45e-14	9.10e-14	3.67e-09	7.41e-09	3.08e-40
 3.17711e+15	2.60e-13	1.34e-08	4.96e-05	7.86e-03	9.92e-01	0.00e+00	0.00e+00	2.29e-14	6.87e-14	1.15e-13	4.45e-09	8.99e-09	6.23e-40
 3.25844e+15	3.10e-13	1.55e-08	5.48e-05	8.29e-03	9.92e-01	0.00e+00	0.00e+00	2.73e-14	8.18e-14	1.36e-13	5.15e-09	1.04e-08	1.07e-39
 3.34557e+15	3.73e-13	1.81e-08	6.09e-05	8.77e-03	9.91e-01	0.00e+00	0.00e+00	3.28e-14	9.85e-14	1.64e-13	6.00e-09	1.21e-08	1.87e-39
 3.45885e+15	4.70e-13	2.20e-08	6.95e-05	9.41e-03	9.91e-01	0.00e+00	0.00e+00	4.15e-14	1.24e-13	2.08e-13	7.28e-09	1.47e-08	3.80e-39
 3.58199e+15	6.00e-13	2.69e-08	7.99e-05	1.01e-02	9.90e-01	0.00e+00	0.00e+00	5.29e-14	1.59e-13	2.65e-13	8.92e-09	1.80e-08	7.93e-39
 3.69346e+15	7.41e-13	3.22e-08	9.03e-05	1.08e-02	9.89e-01	0.00e+00	0.00e+00	6.54e-14	1.96e-13	3.28e-13	1.07e-08	2.15e-08	1.51e-38
 3.81387e+15	9.27e-13	3.88e-08	1.03e-04	1.16e-02	9.88e-01	0.00e+00	0.00e+00	8.19e-14	2.46e-13	4.10e-13	1.29e-08	2.60e-08	2.95e-38
 3.95959e+15	1.20e-12	4.83e-08	1.19e-04	1.25e-02	9.87e-01	0.00e+00	0.00e+00	1.06e-13	3.18e-13	5.30e-13	1.60e-08	3.23e-08	6.45e-38
 4.10317e+15	1.53e-12	5.94e-08	1.38e-04	1.35e-02	9.86e-01	0.00e+00	0.00e+00	1.35e-13	4.06e-13	6.78e-13	1.97e-08	3.97e-08	1.32e-37
 4.22870e+15	1.88e-12	7.08e-08	1.55e-04	1.44e-02	9.85e-01	0.00e+00	0.00e+00	1.66e-13	4.99e-13	8.33e-13	2.35e-08	4.73e-08	2.46e-37
 4.36579e+15	2.34e-12	8.53e-08	1.76e-04	1.55e-02	9.84e-01	0.00e+00	0.00e+00	2.07e-13	6.22e-13	1.04e-12	2.83e-08	5.70e-08	4.69e-37
 4.53215e+15	3.02e-12	1.06e-07	2.05e-04	1.67e-02	9.83e-01	0.00e+00	0.00e+00	2.68e-13	8.03e-13	1.34e-12	3.51e-08	7.09e-08	1.00e-36
 4.69824e+15	3.87e-12	1.31e-07	2.37e-04	1.81e-02	9.82e-01	0.00e+00	0.00e+00	3.43e-13	1.03e-12	1.72e-12	4.33e-08	8.75e-08	2.08e-36
 4.84618e+15	4.77e-12	1.57e-07	2.68e-04	1.93e-02	9.80e-01	0.00e+00	0.00e+00	4.23e-13	1.27e-12	2.12e-12	5.20e-08	1.05e-07	3.85e-36
 5.00883e+15	5.99e-12	1.90e-07	3.07e-04	2.08e-02	9.79e-01	0.00e+00	0.00e+00	5.32e-13	1.60e-12	2.66e-12	6.31e-08	1.27e-07	7.53e-36
 5.20280e+15	7.78e-12	2.38e-07	3.58e-04	2.25e-02	9.77e-01	0.00e+00	0.00e+00	6.91e-13	2.07e-12	3.46e-12	7.90e-08	1.59e-07	1.62e-35
 5.39389e+15	9.89e-12	2.94e-07	4.13e-04	2.44e-02	9.75e-01	0.00e+00	0.00e+00	8.80e-13	2.64e-12	4.40e-12	9.75e-08	1.97e-07	3.31e-35
 5.56836e+15	1.23e-11	3.55e-07	4.70e-04	2.61e-02	9.73e-01	0.00e+00	0.00e+00	1.09e-12	3.28e-12	5.48e-12	1.18e-07	2.37e-07	6.17e-35
 5.76482e+15	1.56e-11	4.35e-07	5.42e-04	2.82e-02	9.71e-01	0.00e+00	0.00e+00	1.39e-12	4.17e-12	6.95e-12	1.44e-07	2.91e-07	1.24e-34
 5.98556e+15	2.01e-11	5.43e-07	6.31e-04	3.06e-02	9.69e-01	0.00e+00	0.00e+00	1.79e-12	5.38e-12	8.97e-12	1.80e-07	3.63e-07	2.56e-34
 6.19798e+15	2.55e-11	6.67e-07	7.28e-04	3.31e-02	9.66e-01	0.00e+00	0.00e+00	2.27e-12	6.82e-12	1.14e-11	2.21e-07	4.46e-07	5.06e-34
 6.40143e+15	3.18e-11	8.08e-07	8.31e-04	3.55e-02	9.64e-01	0.00e+00	0.00e+00	2.84e-12	8.51e-12	1.42e-11	2.68e-07	5.40e-07	9.41e-34
 6.63221e+15	4.06e-11	9.98e-07	9.62e-04	3.85e-02	9.61e-01	0.00e+00	0.00e+00	3.63e-12	1.09e-11	1.81e-11	3.31e-07	6.67e-07	1.90e-33
 6.88077e+15	5.21e-11	1.24e-06	1.12e-03	4.18e-02	9.57e-01	0.00e+00	0.00e+00	4.65e-12	1.40e-11	2.33e-11	4.12e-07	8.28e-07	3.72e-33
 7.10428e+15	6.48e-11	1.50e-06	1.28e-03	4.49e-02	9.54e-01	0.00e+00	0.00e+00	5.80e-12	1.74e-11	2.90e-11	4.98e-07	1.00e-06	6.85e-33
 7.29801e+15	7.78e-11	1.76e-06	1.43e-03	4.78e-02	9.51e-01	0.00e+00	0.00e+00	6.96e-12	2.09e-11	3.48e-11	5.84e-07	1.17e-06	1.14e-32
 7.50208e+15	9.45e-11	2.08e-06	1.60e-03	5.09e-02	9.48e-01	0.00e+00	0.00e+00	8.47e-12	2.54e-11	4.24e-11	6.90e-07	1.39e-06	1.93e-32
 7.73222e+15	1.16e-10	2.49e-06	1.82e-03	5.46e-02	9.44e-01	0.00e+00	0.00e+00	1.04e-11	3.13e-11	5.21e-11	8.26e-07	1.66e-06	3.44e-32
 7.95364e+15	1.42e-10	2.95e-06	2.05e-03	5.83e-02	9.40e-01	0.00e+00	0.00e+00	1.27e-11	3.81e-11	6.36e-11	9.79e-07	1.97e-06	5.83e-32
 8.19888e+15	1.76e-10	3.55e-06	2.34e-03	6.26e-02	9.35e-01	0.00e+00	0.00e+00	1.58e-11	4.74e-11	7.91e-11	1.18e-06	2.37e-06	1.04e-31
 8.46601e+15	2.20e-10	4.31e-06	2.68e-03	6.76e-02	9.30e-01	0.00e+00	0.00e+00	1.98e-11	5.93e-11	9.89e-11	1.43e-06	2.88e-06	1.90e-31
 8.71156e+15	2.70e-10	5.13e-06	3.04e-03	7.23e-02	9.25e-01	0.00e+00	0.00e+00	2.43e-11	7.29e-11	1.21e-10	1.70e-06	3.42e-06	3.21e-31
 8.98076e+15	3.39e-10	6.20e-06	3.48e-03	7.79e-02	9.19e-01	0.00e+00	0.00e+00	3.06e-11	9.17e-11	1.53e-10	2.06e-06	4.14e-06	5.75e-31
 9.27889e+15	4.27e-10	7.58e-06	4.01e-03	8.43e-02	9.12e-01	0.00e+00	0.00e+00	3.85e-11	1.15e-10	1.93e-10	2.52e-06	5.06e-06	1.05e-30
 9.54890e+15	5.25e-10	9.05e-06	4.56e-03	9.05e-02	9.05e-01	0.00e+00	0.00e+00	4.74e-11	1.42e-10	2.37e-10	3.01e-06	6.04e-06	1.78e-30
 9.79352e+15	6.37e-10	1.06e-05	5.11e-03	9.64e-02	8.99e-01	0.00e+00	0.00e+00	5.76e-11	1.73e-10	2.88e-10	3.53e-06	7.08e-06	2.84e-30
 1.00709e+16	7.87e-10	1.27e-05	5.83e-03	1.03e-01	8.91e-01	0.00e+00	0.00e+00	7.12e-11	2.14e-10	3.56e-10	4.23e-06	8.49e-06	4.87e-30
 1.03799e+16	9.87e-10	1.54e-05	6.71e-03	1.12e-01	8.82e-01	0.00e+00	0.00e+00	8.95e-11	2.68e-10	4.47e-10	5.13e-06	1.03e-05	8.51e-30
 1.06678e+16	1.23e-09	1.84e-05	7.64e-03	1.20e-01	8.72e-01	0.00e+00	0.00e+00	1.11e-10	3.34e-10	5.58e-10	6.13e-06	1.23e-05	1.41e-29
 1.09270e+16	1.48e-09	2.15e-05	8.58e-03	1.28e-01	8.64e-01	0.00e+00	0.00e+00	1.35e-10	4.04e-10	6.74e-10	7.17e-06	1.44e-05	2.19e-29
 1.12109e+16	1.83e-09	2.57e-05	9.76e-03	1.37e-01	8.53e-01	0.00e+00	0.00e+00	1.66e-10	4.98e-10	8.30e-10	8.54e-06	1.71e-05	3.63e-29
 1.15219e+16	2.30e-09	3.09e-05	1.12e-02	1.47e-01	8.41e-01	0.00e+00	0.00e+00	2.09e-10	6.28e-10	1.05e-09	1.03e-05	2.06e-05	6.09e-29
 1.18027e+16	2.78e-09	3.64e-05	1.27e-02	1.57e-01	8.30e-01	0.00e+00	0.00e+00	2.53e-10	7.60e-10	1.27e-09	1.21e-05	2.43e-05	9.54e-29
 1.20619e+16	3.36e-09	4.24e-05	1.42e-02	1.67e-01	8.19e-01	0.00e+00	0.00e+00	3.06e-10	9.18e-10	1.53e-09	1.41e-05	2.83e-05	1.46e-28
 1.23582e+16	4.19e-09	5.08e-05	1.63e-02	1.79e-01	8.04e-01	0.00e+00	0.00e+00	3.82e-10	1.15e-09	1.91e-09	1.69e-05	3.39e-05	2.40e-28
 1.26772e+16	5.29e-09	6.13e-05	1.87e-02	1.93e-01	7.88e-01	0.00e+00	0.00e+00	4.84e-10	1.45e-09	2.42e-09	2.04e-05	4.09e-05	3.98e-28
 1.29576e+16	6.49e-09	7.22e-05	2.12e-02	2.06e-01	7.73e-01	0.00e+00	0.00e+00	5.94e-10	1.78e-09	2.97e-09	2.40e-05	4.81e-05	6.13e-28
 1.32133e+16	7.79e-09	8.39e-05	2.38e-02	2.18e-01	7.58e-01	0.00e+00	0.00e+00	7.13e-10	2.14e-09	3.56e-09	2.80e-05	5.60e-05	9.17e-28
 1.35050e+16	9.82e-09	1.01e-04	2.74e-02	2.34e-01	7.39e-01	0.00e+00	0.00e+00	9.00e-10	2.70e-09	4.50e-09	3.35e-05	6.71e-05	1.51e-27
 1.38159e+16	1.24e-08	1.21e-04	3.16e-02	2.51e-01	7.17e-01	0.00e+00	0.00e+00	1.14e-09	3.41e-09	5.68e-09	4.04e-05	8.08e-05	2.47e-27
 1.40848e+16	1.52e-08	1.43e-04	3.58e-02	2.67e-01	6.97e-01	0.00e+00	0.00e+00	1.40e-09	4.19e-09	6.98e-09	4.75e-05	9.51e-05	3.78e-27
 1.43264e+16	1.84e-08	1.66e-04	4.03e-02	2.82e-01	6.77e-01	0.00e+00	0.00e+00	1.69e-09	5.07e-09	8.45e-09	5.53e-05	1.11e-04	5.65e-27
 1.45551e+16	2.19e-08	1.91e-04	4.50e-02	2.97e-01	6.58e-01	0.00e+00	0.00e+00	2.01e-09	6.04e-09	1.01e-08	6.36e-05	1.27e-04	8.17e-27
 1.47735e+16	2.61e-08	2.20e-04	5.02e-02	3.13e-01	6.37e-01	0.00e+00	0.00e+00	2.41e-09	7.21e-09	1.20e-08	7.32e-05	1.46e-04	1.19e-26
 1.49904e+16	3.13e-08	2.53e-04	5.60e-02	3.29e-01	6.15e-01	0.00e+00	0.00e+00	2.89e-09	8.65e-09	1.44e-08	8.44e-05	1.69e-04	1.74e-26
 1.52049e+16	3.76e-08	2.92e-04	6.26e-02	3.46e-01	5.91e-01	0.00e+00	0.00e+00	3.47e-09	1.04e-08	1.73e-08	9.74e-05	1.95e-04	2.56e-26
 1.54151e+16	4.52e-08	3.37e-04	7.00e-02	3.63e-01	5.67e-01	0.00e+00	0.00e+00	4.17e-09	1.25e-08	2.08e-08	1.12e-04	2.25e-04	3.78e-26
 1.56204e+16	5.43e-08	3.89e-04	7.82e-02	3.81e-01	5.40e-01	0.00e+00	0.00e+00	5.02e-09	1.50e-08	2.51e-08	1.30e-04	2.59e-04	5.58e-26
 1.58210e+16	6.53e-08	4.48e-04	8.73e-02	3.99e-01	5.13e-01	0.00e+00	0.00e+00	6.04e-09	1.81e-08	3.02e-08	1.49e-04	2.99e-04	8.32e-26
 1.60184e+16	7.88e-08	5.17e-04	9.76e-02	4.18e-01	4.84e-01	0.00e+00	0.00e+00	7.29e-09	2.19e-08	3.64e-08	1.73e-04	3.45e-04	1.25e-25
 1.62101e+16	9.49e-08	5.97e-04	1.09e-01	4.37e-01	4.53e-01	0.00e+00	0.00e+00	8.80e-09	2.64e-08	4.39e-08	1.99e-04	3.98e-04	1.87e-25
 1.63902e+16	1.14e-07	6.74e-04	1.21e-01	4.56e-01	4.23e-01	0.00e+00	0.00e+00	1.05e-08	3.16e-08	5.26e-08	2.25e-04	4.49e-04	2.63e-25
 1.65593e+16	1.37e-07	7.82e-04	1.34e-01	4.74e-01	3.91e-01	0.00e+00	0.00e+00	1.27e-08	3.82e-08	6.37e-08	2.61e-04	5.21e-04	4.20e-25
 1.67158e+16	1.60e-07	8.71e-04	1.47e-01	4.91e-01	3.61e-01	0.00e+00	0.00e+00	1.49e-08	4.46e-08	7.43e-08	2.91e-04	5.81e-04	5.68e-25
 1.68617e+16	1.88e-07	9.82e-04	1.60e-01	5.07e-01	3.31e-01	0.00e+00	0.00e+00	1.75e-08	5.24e-08	8.74e-08	3.28e-04	6.55e-04	8.26e-25
 1.70008e+16	2.20e-07	1.10e-03	1.75e-01	5.23e-01	3.01e-01	0.00e+00	0.00e+00	2.05e-08	6.15e-08	1.02e-07	3.68e-04	7.34e-04	1.20e-24
 1.71300e+16	2.61e-07	1.25e-03	1.89e-01	5.38e-01	2.71e-01	0.00e+00	0.00e+00	2.43e-08	7.30e-08	1.22e-07	4.16e-04	8.31e-04	1.84e-24
 1.72462e+16	2.96e-07	1.36e-03	2.03e-01	5.51e-01	2.44e-01	0.00e+00	0.00e+00	2.76e-08	8.27e-08	1.38e-07	4.53e-04	9.04e-04	2.39e-24
 1.73468e+16	3.42e-07	1.50e-03	2.16e-01	5.63e-01	2.20e-01	0.00e+00	0.00e+00	3.19e-08	9.56e-08	1.59e-07	5.00e-04	9.98e-04	3.45e-24
 1.74241e+16	3.74e-07	1.60e-03	2.26e-01	5.71e-01	2.01e-01	0.00e+00	0.00e+00	3.49e-08	1.05e-07	1.74e-07	5.33e-04	1.06e-03	4.31e-24
 1.74958e+16	4.08e-07	1.69e-03	2.36e-01	5.79e-01	1.83e-01	0.00e+00	0.00e+00	3.82e-08	1.15e-07	1.91e-07	5.64e-04	1.13e-03	5.25e-24
 1.75889e+16	4.66e-07	1.85e-03	2.50e-01	5.89e-01	1.59e-01	0.00e+00	0.00e+00	4.37e-08	1.31e-07	2.18e-07	6.17e-04	1.23e-03	7.50e-24
 1.76756e+16	5.29e-07	1.99e-03	2.62e-01	5.97e-01	1.39e-01	0.00e+00	0.00e+00	4.97e-08	1.49e-07	2.48e-07	6.63e-04	1.32e-03	9.78e-24
 1.77358e+16	5.64e-07	2.08e-03	2.71e-01	6.03e-01	1.24e-01	0.00e+00	0.00e+00	5.30e-08	1.59e-07	2.65e-07	6.93e-04	1.38e-03	1.14e-23
 1.77960e+16	6.21e-07	2.20e-03	2.80e-01	6.08e-01	1.10e-01	0.00e+00	0.00e+00	5.84e-08	1.75e-07	2.92e-07	7.35e-04	1.47e-03	1.47e-23
 1.78611e+16	6.81e-07	2.32e-03	2.90e-01	6.13e-01	9.52e-02	0.00e+00	0.00e+00	6.42e-08	1.93e-07	3.21e-07	7.74e-04	1.54e-03	1.80e-23
 1.79219e+16	7.34e-07	2.44e-03	2.98e-01	6.17e-01	8.23e-02	0.00e+00	0.00e+00	6.93e-08	2.08e-07	3.46e-07	8.14e-04	1.62e-03	2.21e-23
 1.79812e+16	7.92e-07	2.55e-03	3.07e-01	6.20e-01	7.05e-02	0.00e+00	0.00e+00	7.49e-08	2.24e-07	3.74e-07	8.53e-04	1.70e-03	2.68e-23
 1.80492e+16	8.64e-07	2.69e-03	3.16e-01	6.23e-01	5.82e-02	0.00e+00	0.00e+00	8.19e-08	2.46e-07	4.09e-07	8.98e-04	1.79e-03	3.29e-23
 1.81224e+16	9.39e-07	2.84e-03	3.26e-01	6.25e-01	4.68e-02	0.00e+00	0.00e+00	8.93e-08	2.68e-07	4.46e-07	9.48e-04	1.89e-03	4.08e-23
