#depth	C	C+	C+2	C+3	C+4	C+5	C+6	C[1]	C[2]	C[3]	C+[1]	C+[2]	CO
 1.49634e+10	0.00e+00	0.00e+00	4.51e-30	1.61e-20	3.82e-10	3.19e-04	1.00e+00	0.00e+00	0.00e+00	0.00e+00	0.00e+00	0.00e+00	0.00e+00
 4.54887e+10	0.00e+00	6.44e-40	6.19e-30	2.05e-20	4.48e-10	3.46e-04	1.00e+00	0.00e+00	0.00e+00	0.00e+00	0.00e+00	0.00e+00	0.00e+00
 7.72350e+10	0.00e+00	0.00e+00	8.50e-30	2.60e-20	5.25e-10	3.74e-04	1.00e+00	0.00e+00	0.00e+00	0.00e+00	0.00e+00	0.00e+00	0.00e+00
 1.10251e+11	0.00e+00	1.42e-39	1.17e-29	3.30e-20	6.16e-10	4.05e-04	1.00e+00	0.00e+00	0.00e+00	0.00e+00	0.00e+00	0.00e+00	0.00e+00
 1.39875e+11	0.00e+00	0.00e+00	1.54e-29	4.06e-20	7.08e-10	4.33e-04	1.00e+00	0.00e+00	0.00e+00	0.00e+00	0.00e+00	0.00e+00	1.73e-221
 1.64371e+11	0.00e+00	2.64e-39	1.91e-29	4.79e-20	7.91e-10	4.57e-04	1.00e+00	0.00e+00	0.00e+00	0.00e+00	0.00e+00	0.00e+00	2.46e-227
 1.91287e+11	0.00e+00	0.00e+00	2.42e-29	5.72e-20	8.91e-10	4.85e-04	1.00e+00	0.00e+00	0.00e+00	0.00e+00	0.00e+00	0.00e+00	6.76e-221
 2.25594e+11	0.00e+00	5.09e-39	3.24e-29	7.11e-20	1.03e-09	5.21e-04	9.99e-01	0.00e+00	0.00e+00	0.00e+00	0.00e+00	0.00e+00	1.41e-225
 2.62133e+11	0.00e+00	0.00e+00	4.37e-29	8.91e-20	1.20e-09	5.61e-04	9.99e-01	0.00e+00	0.00e+00	0.00e+00	0.00e+00	0.00e+00	3.31e-220
 2.95460e+11	0.00e+00	1.03e-38	5.69e-29	1.09e-19	1.37e-09	5.99e-04	9.99e-01	0.00e+00	0.00e+00	0.00e+00	0.00e+00	0.00e+00	1.32e-224
 3.31988e+11	0.00e+00	0.00e+00	7.53e-29	1.34e-19	1.58e-09	6.42e-04	9.99e-01	0.00e+00	0.00e+00	0.00e+00	0.00e+00	0.00e+00	2.16e-294
 3.74651e+11	0.00e+00	2.16e-38	1.03e-28	1.70e-19	1.85e-09	6.94e-04	9.99e-01	0.00e+00	0.00e+00	0.00e+00	0.00e+00	0.00e+00	3.66e-164
 4.16802e+11	0.00e+00	0.00e+00	1.39e-28	2.13e-19	2.16e-09	7.47e-04	9.99e-01	0.00e+00	0.00e+00	0.00e+00	0.00e+00	0.00e+00	1.80e-223
 4.56639e+11	0.00e+00	4.42e-38	1.83e-28	2.62e-19	2.48e-09	7.99e-04	9.99e-01	0.00e+00	0.00e+00	0.00e+00	0.00e+00	0.00e+00	6.56e-283
 4.95045e+11	0.00e+00	0.00e+00	2.37e-28	3.18e-19	2.82e-09	8.51e-04	9.99e-01	0.00e+00	0.00e+00	0.00e+00	0.00e+00	0.00e+00	0.00e+00
 5.38063e+11	0.00e+00	8.60e-38	3.13e-28	3.92e-19	3.25e-09	9.12e-04	9.99e-01	0.00e+00	0.00e+00	0.00e+00	0.00e+00	0.00e+00	0.00e+00
 5.85392e+11	0.00e+00	0.00e+00	4.21e-28	4.90e-19	3.78e-09	9.80e-04	9.99e-01	0.00e+00	0.00e+00	0.00e+00	0.00e+00	0.00e+00	0.00e+00
 6.28918e+11	0.00e+00	1.73e-37	5.48e-28	5.98e-19	4.32e-09	1.05e-03	9.99e-01	0.00e+00	0.00e+00	0.00e+00	0.00e+00	0.00e+00	0.00e+00
 6.76093e+11	0.00e+00	0.00e+00	7.22e-28	7.37e-19	4.97e-09	1.12e-03	9.99e-01	0.00e+00	0.00e+00	0.00e+00	0.00e+00	0.00e+00	4.76e-265
 7.28781e+11	0.00e+00	3.54e-37	9.74e-28	9.23e-19	5.79e-09	1.20e-03	9.99e-01	0.00e+00	0.00e+00	0.00e+00	0.00e+00	0.00e+00	0.00e+00
 7.78370e+11	0.00e+00	0.00e+00	1.28e-27	1.13e-18	6.65e-09	1.29e-03	9.99e-01	0.00e+00	0.00e+00	0.00e+00	0.00e+00	0.00e+00	0.00e+00
 8.32569e+11	0.00e+00	7.10e-37	1.70e-27	1.41e-18	7.70e-09	1.38e-03	9.99e-01	0.00e+00	0.00e+00	0.00e+00	0.00e+00	0.00e+00	0.00e+00
 8.92735e+11	0.00e+00	0.00e+00	2.32e-27	1.78e-18	9.02e-09	1.49e-03	9.99e-01	0.00e+00	0.00e+00	0.00e+00	0.00e+00	0.00e+00	0.00e+00
 9.48961e+11	0.00e+00	1.48e-36	3.07e-27	2.20e-18	1.04e-08	1.59e-03	9.98e-01	0.00e+00	0.00e+00	0.00e+00	0.00e+00	0.00e+00	0.00e+00
 1.01013e+12	1.70e-46	2.13e-36	4.12e-27	2.74e-18	1.21e-08	1.71e-03	9.98e-01	0.00e+00	0.00e+00	0.00e+00	0.00e+00	0.00e+00	4.85e-138
 1.07847e+12	0.00e+00	0.00e+00	5.66e-27	3.48e-18	1.42e-08	1.85e-03	9.98e-01	0.00e+00	0.00e+00	0.00e+00	0.00e+00	0.00e+00	0.00e+00
 1.14344e+12	0.00e+00	4.54e-36	7.57e-27	4.34e-18	1.65e-08	1.99e-03	9.98e-01	0.00e+00	0.00e+00	0.00e+00	0.00e+00	0.00e+00	2.39e-156
 1.21301e+12	6.58e-46	6.61e-36	1.02e-26	5.45e-18	1.92e-08	2.14e-03	9.98e-01	0.00e+00	0.00e+00	0.00e+00	0.00e+00	0.00e+00	0.00e+00
 1.29145e+12	0.00e+00	0.00e+00	1.42e-26	6.99e-18	2.28e-08	2.31e-03	9.98e-01	0.00e+00	0.00e+00	0.00e+00	0.00e+00	0.00e+00	0.00e+00
 1.36895e+12	0.00e+00	1.47e-35	1.94e-26	8.86e-18	2.68e-08	2.50e-03	9.98e-01	0.00e+00	0.00e+00	0.00e+00	0.00e+00	0.00e+00	0.00e+00
 1.44040e+12	2.59e-45	2.08e-35	2.57e-26	1.09e-17	3.09e-08	2.67e-03	9.97e-01	0.00e+00	0.00e+00	0.00e+00	0.00e+00	0.00e+00	4.06e-135
 1.51848e+12	0.00e+00	0.00e+00	3.46e-26	1.37e-17	3.59e-08	2.87e-03	9.97e-01	0.00e+00	0.00e+00	0.00e+00	0.00e+00	0.00e+00	0.00e+00
 1.60666e+12	0.00e+00	4.49e-35	4.78e-26	1.75e-17	4.24e-08	3.10e-03	9.97e-01	0.00e+00	0.00e+00	0.00e+00	0.00e+00	0.00e+00	4.74e-153
 1.69142e+12	1.02e-44	6.52e-35	6.45e-26	2.19e-17	4.95e-08	3.33e-03	9.97e-01	0.00e+00	0.00e+00	0.00e+00	0.00e+00	0.00e+00	1.02e-199
 1.78173e+12	0.00e+00	9.58e-35	8.79e-26	2.77e-17	5.81e-08	3.59e-03	9.96e-01	0.00e+00	0.00e+00	0.00e+00	0.00e+00	0.00e+00	5.75e-152
 1.86951e+12	2.49e-44	1.38e-34	1.18e-25	3.46e-17	6.75e-08	3.85e-03	9.96e-01	0.00e+00	0.00e+00	0.00e+00	0.00e+00	0.00e+00	0.00e+00
 1.93989e+12	0.00e+00	1.83e-34	1.48e-25	4.11e-17	7.58e-08	4.07e-03	9.96e-01	0.00e+00	0.00e+00	0.00e+00	0.00e+00	0.00e+00	4.77e-151
 2.01395e+12	4.94e-44	2.45e-34	1.87e-25	4.90e-17	8.55e-08	4.30e-03	9.96e-01	0.00e+00	0.00e+00	0.00e+00	0.00e+00	0.00e+00	2.39e-199
 2.11023e+12	0.00e+00	3.54e-34	2.51e-25	6.13e-17	9.96e-08	4.62e-03	9.95e-01	0.00e+00	0.00e+00	0.00e+00	0.00e+00	0.00e+00	4.13e-150
 2.21268e+12	1.21e-43	5.17e-34	3.41e-25	7.73e-17	1.17e-07	4.97e-03	9.95e-01	0.00e+00	0.00e+00	0.00e+00	0.00e+00	0.00e+00	0.00e+00
 2.30286e+12	0.00e+00	7.15e-34	4.43e-25	9.41e-17	1.33e-07	5.29e-03	9.95e-01	0.00e+00	0.00e+00	0.00e+00	0.00e+00	0.00e+00	4.10e-149
 2.39980e+12	2.68e-43	1.01e-33	5.83e-25	1.16e-16	1.53e-07	5.65e-03	9.94e-01	0.00e+00	0.00e+00	0.00e+00	0.00e+00	0.00e+00	7.23e-196
 2.51865e+12	0.00e+00	1.51e-33	8.08e-25	1.48e-16	1.81e-07	6.10e-03	9.94e-01	0.00e+00	0.00e+00	0.00e+00	0.00e+00	0.00e+00	4.61e-148
 2.63943e+12	7.02e-43	2.25e-33	1.11e-24	1.89e-16	2.14e-07	6.59e-03	9.93e-01	0.00e+00	0.00e+00	0.00e+00	0.00e+00	0.00e+00	2.90e-208
 2.74879e+12	0.00e+00	3.21e-33	1.48e-24	2.34e-16	2.48e-07	7.05e-03	9.93e-01	0.00e+00	0.00e+00	0.00e+00	0.00e+00	0.00e+00	5.25e-147
 2.86984e+12	1.69e-42	4.69e-33	2.01e-24	2.95e-16	2.90e-07	7.58e-03	9.92e-01	0.00e+00	0.00e+00	0.00e+00	0.00e+00	0.00e+00	0.00e+00
 3.01199e+12	0.00e+00	7.24e-33	2.85e-24	3.83e-16	3.46e-07	8.24e-03	9.92e-01	0.00e+00	0.00e+00	0.00e+00	0.00e+00	0.00e+00	7.17e-146
 3.14261e+12	4.51e-42	1.07e-32	3.89e-24	4.85e-16	4.06e-07	8.87e-03	9.91e-01	0.00e+00	0.00e+00	0.00e+00	0.00e+00	0.00e+00	0.00e+00
 3.24964e+12	0.00e+00	1.46e-32	5.00e-24	5.85e-16	4.61e-07	9.41e-03	9.91e-01	0.00e+00	0.00e+00	0.00e+00	0.00e+00	0.00e+00	6.68e-145
 3.36496e+12	9.71e-42	2.02e-32	6.51e-24	7.15e-16	5.28e-07	1.00e-02	9.90e-01	0.00e+00	0.00e+00	0.00e+00	0.00e+00	0.00e+00	2.60e-192
 3.51371e+12	0.00e+00	3.06e-32	9.08e-24	9.18e-16	6.25e-07	1.08e-02	9.89e-01	0.00e+00	0.00e+00	0.00e+00	0.00e+00	0.00e+00	7.10e-144
 3.66807e+12	2.64e-41	4.67e-32	1.27e-23	1.18e-15	7.43e-07	1.17e-02	9.88e-01	0.00e+00	0.00e+00	0.00e+00	0.00e+00	0.00e+00	8.05e-218
 3.79877e+12	0.00e+00	6.62e-32	1.69e-23	1.46e-15	8.56e-07	1.25e-02	9.87e-01	0.00e+00	0.00e+00	0.00e+00	0.00e+00	0.00e+00	8.02e-143
 3.93657e+12	6.17e-41	9.48e-32	2.25e-23	1.81e-15	9.90e-07	1.34e-02	9.87e-01	0.00e+00	0.00e+00	0.00e+00	0.00e+00	0.00e+00	0.00e+00
 4.10971e+12	0.00e+00	1.48e-31	3.21e-23	2.37e-15	1.19e-06	1.46e-02	9.85e-01	0.00e+00	0.00e+00	0.00e+00	0.00e+00	0.00e+00	9.97e-142
 4.28469e+12	1.78e-40	2.29e-31	4.58e-23	3.09e-15	1.42e-06	1.59e-02	9.84e-01	0.00e+00	0.00e+00	0.00e+00	0.00e+00	0.00e+00	2.01e-242
 4.43352e+12	0.00e+00	3.31e-31	6.14e-23	3.85e-15	1.64e-06	1.70e-02	9.83e-01	0.00e+00	0.00e+00	0.00e+00	0.00e+00	0.00e+00	1.21e-140
 4.59244e+12	4.36e-40	4.85e-31	8.35e-23	4.85e-15	1.92e-06	1.83e-02	9.82e-01	0.00e+00	0.00e+00	0.00e+00	0.00e+00	0.00e+00	4.48e-228
 4.76954e+12	0.00e+00	7.38e-31	1.17e-22	6.24e-15	2.27e-06	1.98e-02	9.80e-01	0.00e+00	0.00e+00	0.00e+00	0.00e+00	0.00e+00	1.44e-139
 4.93489e+12	1.14e-39	1.08e-30	1.59e-22	7.85e-15	2.65e-06	2.13e-02	9.79e-01	0.00e+00	0.00e+00	0.00e+00	0.00e+00	0.00e+00	3.37e-241
 5.11444e+12	0.00e+00	1.62e-30	2.21e-22	1.00e-14	3.12e-06	2.30e-02	9.77e-01	0.00e+00	0.00e+00	0.00e+00	0.00e+00	0.00e+00	1.61e-138
 5.31261e+12	3.13e-39	2.52e-30	3.14e-22	1.31e-14	3.72e-06	2.50e-02	9.75e-01	0.00e+00	0.00e+00	0.00e+00	0.00e+00	0.00e+00	0.00e+00
 5.49562e+12	0.00e+00	3.74e-30	4.31e-22	1.66e-14	4.36e-06	2.69e-02	9.73e-01	0.00e+00	0.00e+00	0.00e+00	0.00e+00	0.00e+00	2.02e-137
 5.68739e+12	8.11e-39	5.59e-30	5.96e-22	2.11e-14	5.12e-06	2.90e-02	9.71e-01	0.00e+00	0.00e+00	0.00e+00	0.00e+00	0.00e+00	0.00e+00
 5.91598e+12	0.00e+00	8.89e-30	8.67e-22	2.79e-14	6.17e-06	3.17e-02	9.68e-01	0.00e+00	0.00e+00	0.00e+00	0.00e+00	0.00e+00	2.79e-136
 6.14781e+12	2.43e-38	1.40e-29	1.25e-21	3.68e-14	7.41e-06	3.45e-02	9.65e-01	0.00e+00	0.00e+00	0.00e+00	0.00e+00	0.00e+00	0.00e+00
 6.35670e+12	0.00e+00	2.08e-29	1.72e-21	4.67e-14	8.69e-06	3.72e-02	9.63e-01	0.00e+00	0.00e+00	0.00e+00	0.00e+00	0.00e+00	3.62e-135
 6.57162e+12	6.24e-38	3.09e-29	2.37e-21	5.93e-14	1.02e-05	4.01e-02	9.60e-01	0.00e+00	0.00e+00	0.00e+00	0.00e+00	0.00e+00	0.00e+00
 6.78631e+12	0.00e+00	4.51e-29	3.22e-21	7.47e-14	1.19e-05	4.30e-02	9.57e-01	0.00e+00	0.00e+00	0.00e+00	0.00e+00	0.00e+00	3.71e-134
 6.97861e+12	1.45e-37	6.27e-29	4.20e-21	9.12e-14	1.35e-05	4.58e-02	9.54e-01	0.00e+00	0.00e+00	0.00e+00	0.00e+00	0.00e+00	0.00e+00
 7.19089e+12	0.00e+00	8.90e-29	5.59e-21	1.13e-13	1.56e-05	4.89e-02	9.51e-01	0.00e+00	0.00e+00	0.00e+00	0.00e+00	0.00e+00	2.87e-133
 7.46685e+12	3.72e-37	1.38e-28	7.97e-21	1.47e-13	1.86e-05	5.32e-02	9.47e-01	0.00e+00	0.00e+00	0.00e+00	0.00e+00	0.00e+00	1.41e-99
 7.74370e+12	0.00e+00	2.10e-28	1.12e-20	1.91e-13	2.21e-05	5.76e-02	9.42e-01	0.00e+00	0.00e+00	0.00e+00	0.00e+00	0.00e+00	0.00e+00
 7.96247e+12	9.01e-37	2.90e-28	1.46e-20	2.32e-13	2.51e-05	6.12e-02	9.39e-01	0.00e+00	0.00e+00	0.00e+00	0.00e+00	0.00e+00	8.68e-115
 8.18766e+12	0.00e+00	3.98e-28	1.88e-20	2.82e-13	2.85e-05	6.49e-02	9.35e-01	0.00e+00	0.00e+00	0.00e+00	0.00e+00	0.00e+00	1.09e-99
 8.48040e+12	2.12e-36	5.94e-28	2.60e-20	3.59e-13	3.35e-05	7.00e-02	9.30e-01	0.00e+00	0.00e+00	0.00e+00	0.00e+00	0.00e+00	0.00e+00
 8.78853e+12	0.00e+00	8.88e-28	3.61e-20	4.59e-13	3.94e-05	7.55e-02	9.24e-01	0.00e+00	0.00e+00	0.00e+00	0.00e+00	0.00e+00	3.00e-130
 9.05311e+12	5.07e-36	1.24e-27	4.73e-20	5.62e-13	4.50e-05	8.03e-02	9.20e-01	0.00e+00	0.00e+00	0.00e+00	0.00e+00	0.00e+00	2.76e-97
 9.33354e+12	0.00e+00	1.73e-27	6.22e-20	6.91e-13	5.15e-05	8.55e-02	9.14e-01	0.00e+00	0.00e+00	0.00e+00	0.00e+00	0.00e+00	0.00e+00
 9.69685e+12	1.25e-35	2.64e-27	8.75e-20	8.94e-13	6.10e-05	9.25e-02	9.07e-01	0.00e+00	0.00e+00	0.00e+00	0.00e+00	0.00e+00	4.20e-112
 1.00691e+13	0.00e+00	3.99e-27	1.22e-19	1.15e-12	7.20e-05	9.98e-02	9.00e-01	0.00e+00	0.00e+00	0.00e+00	0.00e+00	0.00e+00	2.82e-97
 1.03771e+13	3.02e-35	5.54e-27	1.60e-19	1.40e-12	8.20e-05	1.06e-01	8.94e-01	0.00e+00	0.00e+00	0.00e+00	0.00e+00	0.00e+00	3.39e-111
 1.07005e+13	0.00e+00	7.71e-27	2.09e-19	1.72e-12	9.36e-05	1.13e-01	8.87e-01	0.00e+00	0.00e+00	0.00e+00	0.00e+00	0.00e+00	1.40e-96
 1.11159e+13	7.29e-35	1.16e-26	2.91e-19	2.20e-12	1.10e-04	1.21e-01	8.79e-01	0.00e+00	0.00e+00	0.00e+00	0.00e+00	0.00e+00	2.77e-110
 1.15493e+13	1.19e-34	1.75e-26	4.05e-19	2.83e-12	1.30e-04	1.31e-01	8.69e-01	0.00e+00	0.00e+00	0.00e+00	0.00e+00	0.00e+00	1.73e-94
 1.19222e+13	1.77e-34	2.45e-26	5.33e-19	3.47e-12	1.48e-04	1.39e-01	8.61e-01	0.00e+00	0.00e+00	0.00e+00	0.00e+00	0.00e+00	2.33e-109
 1.23177e+13	2.67e-34	3.45e-26	7.04e-19	4.27e-12	1.69e-04	1.47e-01	8.52e-01	0.00e+00	0.00e+00	0.00e+00	0.00e+00	0.00e+00	9.19e-94
 1.28071e+13	4.35e-34	5.19e-26	9.80e-19	5.48e-12	1.99e-04	1.59e-01	8.41e-01	0.00e+00	0.00e+00	0.00e+00	0.00e+00	0.00e+00	2.02e-108
 1.33057e+13	6.99e-34	7.74e-26	1.35e-18	6.98e-12	2.33e-04	1.70e-01	8.30e-01	0.00e+00	0.00e+00	0.00e+00	0.00e+00	0.00e+00	6.73e-93
 1.37502e+13	1.05e-33	1.09e-25	1.79e-18	8.58e-12	2.66e-04	1.80e-01	8.19e-01	0.00e+00	0.00e+00	0.00e+00	0.00e+00	0.00e+00	1.71e-107
 1.41504e+13	1.49e-33	1.46e-25	2.27e-18	1.02e-11	2.98e-04	1.90e-01	8.10e-01	0.00e+00	0.00e+00	0.00e+00	0.00e+00	0.00e+00	3.26e-92
 1.45834e+13	2.16e-33	1.99e-25	2.91e-18	1.23e-11	3.36e-04	2.00e-01	8.00e-01	0.00e+00	0.00e+00	0.00e+00	0.00e+00	0.00e+00	9.87e-107
 1.50419e+13	3.18e-33	2.75e-25	3.78e-18	1.50e-11	3.81e-04	2.11e-01	7.89e-01	0.00e+00	0.00e+00	0.00e+00	0.00e+00	0.00e+00	1.56e-91
 1.54358e+13	4.36e-33	3.59e-25	4.69e-18	1.76e-11	4.22e-04	2.21e-01	7.79e-01	0.00e+00	0.00e+00	0.00e+00	0.00e+00	0.00e+00	5.43e-106
 1.58500e+13	6.02e-33	4.70e-25	5.83e-18	2.07e-11	4.69e-04	2.31e-01	7.69e-01	0.00e+00	0.00e+00	0.00e+00	0.00e+00	0.00e+00	5.90e-91
 1.63886e+13	9.00e-33	6.57e-25	7.64e-18	2.54e-11	5.33e-04	2.44e-01	7.56e-01	0.00e+00	0.00e+00	0.00e+00	0.00e+00	0.00e+00	3.21e-105
 1.69471e+13	1.36e-32	9.29e-25	1.01e-17	3.12e-11	6.08e-04	2.58e-01	7.42e-01	0.00e+00	0.00e+00	0.00e+00	0.00e+00	0.00e+00	3.22e-90
 1.74111e+13	1.89e-32	1.22e-24	1.26e-17	3.68e-11	6.75e-04	2.69e-01	7.30e-01	0.00e+00	0.00e+00	0.00e+00	0.00e+00	0.00e+00	1.95e-104
 1.78936e+13	2.62e-32	1.61e-24	1.58e-17	4.34e-11	7.49e-04	2.81e-01	7.18e-01	0.00e+00	0.00e+00	0.00e+00	0.00e+00	0.00e+00	1.27e-89
 1.85208e+13	3.96e-32	2.27e-24	2.08e-17	5.34e-11	8.53e-04	2.96e-01	7.03e-01	0.00e+00	0.00e+00	0.00e+00	0.00e+00	0.00e+00	1.22e-103
 1.91831e+13	6.06e-32	3.25e-24	2.78e-17	6.61e-11	9.75e-04	3.13e-01	6.86e-01	0.00e+00	0.00e+00	0.00e+00	0.00e+00	0.00e+00	7.35e-89
 1.97539e+13	8.59e-32	4.34e-24	3.51e-17	7.86e-11	1.09e-03	3.27e-01	6.72e-01	0.00e+00	0.00e+00	0.00e+00	0.00e+00	0.00e+00	8.21e-103
 2.03588e+13	1.23e-31	5.88e-24	4.49e-17	9.42e-11	1.22e-03	3.42e-01	6.57e-01	0.00e+00	0.00e+00	0.00e+00	0.00e+00	0.00e+00	3.27e-88
 2.11297e+13	1.92e-31	8.52e-24	6.06e-17	1.18e-10	1.39e-03	3.60e-01	6.38e-01	0.00e+00	0.00e+00	0.00e+00	0.00e+00	0.00e+00	6.00e-102
 2.19319e+13	3.00e-31	1.24e-23	8.17e-17	1.47e-10	1.60e-03	3.79e-01	6.19e-01	0.00e+00	0.00e+00	0.00e+00	0.00e+00	0.00e+00	2.09e-87
 2.26373e+13	4.36e-31	1.69e-23	1.05e-16	1.77e-10	1.79e-03	3.96e-01	6.02e-01	0.00e+00	0.00e+00	0.00e+00	0.00e+00	0.00e+00	4.57e-101
 2.34015e+13	6.44e-31	2.34e-23	1.37e-16	2.14e-10	2.02e-03	4.14e-01	5.84e-01	0.00e+00	0.00e+00	0.00e+00	0.00e+00	0.00e+00	1.05e-86
 2.43251e+13	1.02e-30	3.43e-23	1.86e-16	2.69e-10	2.32e-03	4.35e-01	5.63e-01	0.00e+00	0.00e+00	0.00e+00	0.00e+00	0.00e+00	3.77e-100
 2.52262e+13	1.56e-30	4.90e-23	2.49e-16	3.32e-10	2.63e-03	4.55e-01	5.43e-01	0.00e+00	0.00e+00	0.00e+00	0.00e+00	0.00e+00	6.66e-86
 2.60028e+13	2.22e-30	6.58e-23	3.16e-16	3.95e-10	2.92e-03	4.71e-01	5.26e-01	0.00e+00	0.00e+00	0.00e+00	0.00e+00	0.00e+00	2.65e-99
 2.68472e+13	3.21e-30	8.97e-23	4.05e-16	4.75e-10	3.26e-03	4.89e-01	5.08e-01	0.00e+00	0.00e+00	0.00e+00	0.00e+00	0.00e+00	3.06e-85
 2.77139e+13	4.64e-30	1.22e-22	5.19e-16	5.69e-10	3.64e-03	5.07e-01	4.90e-01	0.00e+00	0.00e+00	0.00e+00	0.00e+00	0.00e+00	1.69e-98
 2.84244e+13	6.20e-30	1.56e-22	6.32e-16	6.57e-10	3.96e-03	5.21e-01	4.75e-01	0.00e+00	0.00e+00	0.00e+00	0.00e+00	0.00e+00	1.22e-84
 2.91629e+13	8.32e-30	1.99e-22	7.70e-16	7.59e-10	4.31e-03	5.35e-01	4.61e-01	0.00e+00	0.00e+00	0.00e+00	0.00e+00	0.00e+00	7.37e-98
 3.01230e+13	1.20e-29	2.70e-22	9.86e-16	9.09e-10	4.79e-03	5.53e-01	4.43e-01	0.00e+00	0.00e+00	0.00e+00	0.00e+00	0.00e+00	4.96e-84
 3.11276e+13	1.74e-29	3.69e-22	1.27e-15	1.09e-09	5.33e-03	5.70e-01	4.24e-01	0.00e+00	0.00e+00	0.00e+00	0.00e+00	0.00e+00	4.82e-97
 3.19806e+13	2.36e-29	4.76e-22	1.56e-15	1.27e-09	5.81e-03	5.85e-01	4.09e-01	0.00e+00	0.00e+00	0.00e+00	0.00e+00	0.00e+00	2.08e-83
 3.28798e+13	3.22e-29	6.16e-22	1.91e-15	1.47e-09	6.34e-03	5.99e-01	3.94e-01	0.00e+00	0.00e+00	0.00e+00	0.00e+00	0.00e+00	2.31e-96
 3.40487e+13	4.75e-29	8.51e-22	2.48e-15	1.78e-09	7.07e-03	6.17e-01	3.76e-01	0.00e+00	0.00e+00	0.00e+00	0.00e+00	0.00e+00	9.24e-83
 3.52658e+13	7.02e-29	1.18e-21	3.23e-15	2.14e-09	7.87e-03	6.35e-01	3.57e-01	0.00e+00	0.00e+00	0.00e+00	0.00e+00	0.00e+00	1.70e-95
 3.62974e+13	9.63e-29	1.53e-21	3.99e-15	2.50e-09	8.59e-03	6.49e-01	3.42e-01	0.00e+00	0.00e+00	0.00e+00	0.00e+00	0.00e+00	4.19e-82
 3.73900e+13	1.33e-28	2.00e-21	4.93e-15	2.91e-09	9.37e-03	6.63e-01	3.28e-01	0.00e+00	0.00e+00	0.00e+00	0.00e+00	0.00e+00	8.88e-95
 3.87828e+13	1.98e-28	2.78e-21	6.42e-15	3.51e-09	1.04e-02	6.80e-01	3.10e-01	0.00e+00	0.00e+00	0.00e+00	0.00e+00	0.00e+00	1.99e-81
 4.02470e+13	2.95e-28	3.88e-21	8.36e-15	4.24e-09	1.16e-02	6.96e-01	2.92e-01	0.00e+00	0.00e+00	0.00e+00	0.00e+00	0.00e+00	7.07e-94
 4.15569e+13	4.15e-28	5.14e-21	1.05e-14	4.97e-09	1.27e-02	7.09e-01	2.78e-01	0.00e+00	0.00e+00	0.00e+00	0.00e+00	0.00e+00	1.01e-80
 4.29847e+13	5.94e-28	6.91e-21	1.32e-14	5.87e-09	1.39e-02	7.23e-01	2.63e-01	0.00e+00	0.00e+00	0.00e+00	0.00e+00	0.00e+00	4.48e-93
 4.46825e+13	8.95e-28	9.70e-21	1.73e-14	7.10e-09	1.54e-02	7.37e-01	2.47e-01	0.00e+00	0.00e+00	0.00e+00	0.00e+00	0.00e+00	5.52e-80
 4.64143e+13	1.33e-27	1.35e-20	2.23e-14	8.51e-09	1.70e-02	7.51e-01	2.32e-01	0.00e+00	0.00e+00	0.00e+00	0.00e+00	0.00e+00	3.84e-92
 4.78807e+13	1.85e-27	1.76e-20	2.76e-14	9.86e-09	1.84e-02	7.61e-01	2.20e-01	0.00e+00	0.00e+00	0.00e+00	0.00e+00	0.00e+00	2.79e-79
 4.90974e+13	2.39e-27	2.17e-20	3.25e-14	1.11e-08	1.96e-02	7.69e-01	2.11e-01	0.00e+00	0.00e+00	0.00e+00	0.00e+00	0.00e+00	1.84e-91
 5.04573e+13	3.18e-27	2.74e-20	3.90e-14	1.26e-08	2.10e-02	7.77e-01	2.02e-01	0.00e+00	0.00e+00	0.00e+00	0.00e+00	0.00e+00	9.57e-79
 5.22253e+13	4.54e-27	3.67e-20	4.89e-14	1.47e-08	2.29e-02	7.87e-01	1.90e-01	0.00e+00	0.00e+00	0.00e+00	0.00e+00	0.00e+00	1.03e-90
 5.40412e+13	6.45e-27	4.89e-20	6.12e-14	1.72e-08	2.49e-02	7.96e-01	1.79e-01	0.00e+00	0.00e+00	0.00e+00	0.00e+00	0.00e+00	4.79e-78
 5.55525e+13	8.55e-27	6.15e-20	7.31e-14	1.94e-08	2.66e-02	8.03e-01	1.70e-01	0.00e+00	0.00e+00	0.00e+00	0.00e+00	0.00e+00	5.77e-90
 5.71500e+13	1.14e-26	7.78e-20	8.76e-14	2.20e-08	2.84e-02	8.10e-01	1.62e-01	0.00e+00	0.00e+00	0.00e+00	0.00e+00	0.00e+00	1.79e-77
 5.92267e+13	1.64e-26	1.05e-19	1.10e-13	2.57e-08	3.09e-02	8.17e-01	1.52e-01	0.00e+00	0.00e+00	0.00e+00	0.00e+00	0.00e+00	3.43e-89
 6.14207e+13	2.38e-26	1.41e-19	1.39e-13	3.02e-08	3.35e-02	8.24e-01	1.42e-01	0.00e+00	0.00e+00	0.00e+00	0.00e+00	0.00e+00	9.76e-77
 6.33262e+13	3.24e-26	1.81e-19	1.68e-13	3.44e-08	3.59e-02	8.30e-01	1.35e-01	0.00e+00	0.00e+00	0.00e+00	0.00e+00	0.00e+00	2.01e-76
 6.53624e+13	4.46e-26	2.35e-19	2.04e-13	3.94e-08	3.85e-02	8.35e-01	1.27e-01	0.00e+00	0.00e+00	0.00e+00	0.00e+00	0.00e+00	4.24e-76
 6.78586e+13	6.51e-26	3.18e-19	2.58e-13	4.61e-08	4.19e-02	8.40e-01	1.18e-01	0.00e+00	0.00e+00	0.00e+00	0.00e+00	0.00e+00	1.03e-75
 7.04017e+13	9.42e-26	4.29e-19	3.24e-13	5.39e-08	4.54e-02	8.44e-01	1.10e-01	0.00e+00	0.00e+00	0.00e+00	0.00e+00	0.00e+00	2.45e-75
 7.26967e+13	1.30e-25	5.56e-19	3.95e-13	6.15e-08	4.86e-02	8.47e-01	1.04e-01	0.00e+00	0.00e+00	0.00e+00	0.00e+00	0.00e+00	5.24e-75
 7.52198e+13	1.83e-25	7.33e-19	4.86e-13	7.09e-08	5.22e-02	8.50e-01	9.74e-02	0.00e+00	0.00e+00	0.00e+00	0.00e+00	0.00e+00	1.17e-74
 7.81938e+13	2.69e-25	1.00e-18	6.16e-13	8.32e-08	5.67e-02	8.53e-01	9.03e-02	0.00e+00	0.00e+00	0.00e+00	0.00e+00	0.00e+00	2.93e-74
 8.11254e+13	3.89e-25	1.34e-18	7.71e-13	9.67e-08	6.12e-02	8.55e-01	8.40e-02	0.00e+00	0.00e+00	0.00e+00	0.00e+00	0.00e+00	7.01e-74
 8.36780e+13	5.29e-25	1.72e-18	9.30e-13	1.10e-07	6.52e-02	8.56e-01	7.90e-02	0.00e+00	0.00e+00	0.00e+00	0.00e+00	0.00e+00	1.45e-73
 8.63665e+13	7.24e-25	2.22e-18	1.13e-12	1.25e-07	6.95e-02	8.56e-01	7.42e-02	0.00e+00	0.00e+00	0.00e+00	0.00e+00	0.00e+00	3.07e-73
 8.96587e+13	1.05e-24	2.99e-18	1.41e-12	1.45e-07	7.50e-02	8.56e-01	6.88e-02	0.00e+00	0.00e+00	0.00e+00	0.00e+00	0.00e+00	7.40e-73
 9.27740e+13	1.47e-24	3.92e-18	1.73e-12	1.67e-07	8.03e-02	8.56e-01	6.41e-02	0.00e+00	0.00e+00	0.00e+00	0.00e+00	0.00e+00	1.66e-72
 9.51290e+13	1.89e-24	4.79e-18	2.01e-12	1.84e-07	8.44e-02	8.55e-01	6.09e-02	0.00e+00	0.00e+00	0.00e+00	0.00e+00	0.00e+00	2.99e-72
 9.74575e+13	2.40e-24	5.80e-18	2.33e-12	2.03e-07	8.85e-02	8.54e-01	5.79e-02	0.00e+00	0.00e+00	0.00e+00	0.00e+00	0.00e+00	5.28e-72
 1.00484e+14	3.24e-24	7.39e-18	2.80e-12	2.29e-07	9.40e-02	8.52e-01	5.43e-02	0.00e+00	0.00e+00	0.00e+00	0.00e+00	0.00e+00	1.08e-71
 1.03696e+14	4.42e-24	9.47e-18	3.37e-12	2.60e-07	9.99e-02	8.49e-01	5.08e-02	0.00e+00	0.00e+00	0.00e+00	0.00e+00	0.00e+00	2.26e-71
 1.06492e+14	5.74e-24	1.17e-17	3.95e-12	2.89e-07	1.05e-01	8.47e-01	4.80e-02	0.00e+00	0.00e+00	0.00e+00	0.00e+00	0.00e+00	4.23e-71
 1.09471e+14	7.52e-24	1.45e-17	4.66e-12	3.22e-07	1.11e-01	8.44e-01	4.52e-02	0.00e+00	0.00e+00	0.00e+00	0.00e+00	0.00e+00	8.07e-71
 1.13343e+14	1.06e-23	1.91e-17	5.73e-12	3.70e-07	1.18e-01	8.40e-01	4.19e-02	0.00e+00	0.00e+00	0.00e+00	0.00e+00	0.00e+00	1.82e-70
 1.17287e+14	1.48e-23	2.50e-17	7.01e-12	4.23e-07	1.26e-01	8.35e-01	3.89e-02	0.00e+00	0.00e+00	0.00e+00	0.00e+00	0.00e+00	4.05e-70
 1.20512e+14	1.93e-23	3.09e-17	8.22e-12	4.70e-07	1.33e-01	8.31e-01	3.66e-02	0.00e+00	0.00e+00	0.00e+00	0.00e+00	0.00e+00	7.62e-70
 1.23889e+14	2.52e-23	3.83e-17	9.68e-12	5.24e-07	1.40e-01	8.26e-01	3.44e-02	0.00e+00	0.00e+00	0.00e+00	0.00e+00	0.00e+00	1.45e-69
 1.28279e+14	3.54e-23	5.03e-17	1.19e-11	6.00e-07	1.49e-01	8.19e-01	3.17e-02	0.00e+00	0.00e+00	0.00e+00	1.60e-17	3.43e-17	3.26e-69
 1.32894e+14	4.99e-23	6.62e-17	1.46e-11	6.88e-07	1.59e-01	8.12e-01	2.93e-02	0.00e+00	0.00e+00	0.00e+00	2.20e-17	4.43e-17	7.42e-69
 1.36879e+14	6.65e-23	8.32e-17	1.73e-11	7.70e-07	1.67e-01	8.05e-01	2.73e-02	0.00e+00	0.00e+00	0.00e+00	2.76e-17	5.57e-17	1.47e-68
 1.41135e+14	8.93e-23	1.05e-16	2.07e-11	8.66e-07	1.77e-01	7.98e-01	2.54e-02	0.00e+00	0.00e+00	0.00e+00	3.49e-17	7.05e-17	2.99e-68
 1.46427e+14	1.27e-22	1.40e-16	2.57e-11	9.96e-07	1.88e-01	7.88e-01	2.33e-02	0.00e+00	0.00e+00	0.00e+00	4.64e-17	9.37e-17	7.01e-68
 1.51840e+14	1.81e-22	1.85e-16	3.16e-11	1.14e-06	2.00e-01	7.78e-01	2.13e-02	0.00e+00	0.00e+00	0.00e+00	6.14e-17	1.24e-16	1.62e-67
 1.56631e+14	2.43e-22	2.35e-16	3.78e-11	1.28e-06	2.11e-01	7.69e-01	1.98e-02	0.00e+00	0.00e+00	0.00e+00	7.78e-17	1.57e-16	3.33e-67
 1.61838e+14	3.32e-22	3.01e-16	4.56e-11	1.45e-06	2.23e-01	7.59e-01	1.82e-02	0.00e+00	0.00e+00	0.00e+00	9.98e-17	2.01e-16	7.07e-67
 1.68092e+14	4.76e-22	4.02e-16	5.66e-11	1.67e-06	2.37e-01	7.46e-01	1.66e-02	0.00e+00	0.00e+00	0.00e+00	1.33e-16	2.69e-16	1.69e-66
 1.74301e+14	6.72e-22	5.29e-16	6.94e-11	1.90e-06	2.51e-01	7.34e-01	1.51e-02	0.00e+00	0.00e+00	0.00e+00	1.75e-16	3.54e-16	3.90e-66
 1.79896e+14	9.06e-22	6.71e-16	8.29e-11	2.13e-06	2.64e-01	7.22e-01	1.40e-02	0.00e+00	0.00e+00	0.00e+00	2.22e-16	4.49e-16	8.18e-66
 1.86102e+14	1.25e-21	8.66e-16	1.00e-10	2.41e-06	2.78e-01	7.09e-01	1.28e-02	0.00e+00	0.00e+00	0.00e+00	2.87e-16	5.79e-16	1.76e-65
 1.93416e+14	1.79e-21	1.16e-15	1.24e-10	2.77e-06	2.94e-01	6.94e-01	1.16e-02	0.00e+00	0.00e+00	0.00e+00	3.82e-16	7.73e-16	4.27e-65
 2.00662e+14	2.53e-21	1.52e-15	1.52e-10	3.15e-06	3.10e-01	6.79e-01	1.05e-02	0.00e+00	0.00e+00	0.00e+00	5.03e-16	1.02e-15	9.93e-65
 2.06770e+14	3.35e-21	1.90e-15	1.79e-10	3.49e-06	3.24e-01	6.66e-01	9.67e-03	0.00e+00	0.00e+00	0.00e+00	6.28e-16	1.27e-15	1.98e-64
 2.11711e+14	4.17e-21	2.26e-15	2.04e-10	3.79e-06	3.35e-01	6.56e-01	9.07e-03	0.00e+00	0.00e+00	0.00e+00	7.47e-16	1.51e-15	3.39e-64
 2.16934e+14	5.23e-21	2.70e-15	2.32e-10	4.12e-06	3.46e-01	6.45e-01	8.49e-03	0.00e+00	0.00e+00	0.00e+00	8.93e-16	1.81e-15	5.94e-64
 2.23723e+14	6.96e-21	3.38e-15	2.75e-10	4.58e-06	3.61e-01	6.31e-01	7.80e-03	0.00e+00	0.00e+00	0.00e+00	1.12e-15	2.27e-15	1.20e-63
 2.30823e+14	9.28e-21	4.25e-15	3.25e-10	5.08e-06	3.76e-01	6.17e-01	7.15e-03	0.00e+00	0.00e+00	0.00e+00	1.40e-15	2.85e-15	2.45e-63
 2.36857e+14	1.18e-20	5.13e-15	3.72e-10	5.53e-06	3.88e-01	6.05e-01	6.65e-03	0.00e+00	0.00e+00	0.00e+00	1.69e-15	3.43e-15	4.43e-63
 2.43234e+14	1.50e-20	6.21e-15	4.28e-10	6.04e-06	4.01e-01	5.92e-01	6.17e-03	0.00e+00	0.00e+00	0.00e+00	2.05e-15	4.16e-15	8.13e-63
 2.51524e+14	2.04e-20	7.91e-15	5.11e-10	6.74e-06	4.18e-01	5.76e-01	5.60e-03	0.00e+00	0.00e+00	0.00e+00	2.61e-15	5.30e-15	1.75e-62
 2.60068e+14	2.77e-20	1.01e-14	6.08e-10	7.50e-06	4.35e-01	5.60e-01	5.09e-03	0.00e+00	0.00e+00	0.00e+00	3.32e-15	6.73e-15	3.76e-62
 2.67173e+14	3.53e-20	1.22e-14	6.99e-10	8.17e-06	4.49e-01	5.47e-01	4.70e-03	0.00e+00	0.00e+00	0.00e+00	4.02e-15	8.16e-15	6.97e-62
 2.74641e+14	4.54e-20	1.48e-14	8.06e-10	8.91e-06	4.63e-01	5.33e-01	4.34e-03	0.00e+00	0.00e+00	0.00e+00	4.89e-15	9.93e-15	1.31e-61
 2.84349e+14	6.21e-20	1.90e-14	9.63e-10	9.92e-06	4.80e-01	5.16e-01	3.91e-03	0.00e+00	0.00e+00	0.00e+00	6.25e-15	1.27e-14	2.89e-61
 2.94538e+14	8.52e-20	2.43e-14	1.15e-09	1.11e-05	4.98e-01	4.98e-01	3.52e-03	0.00e+00	0.00e+00	0.00e+00	8.01e-15	1.63e-14	6.47e-61
 3.03305e+14	1.11e-19	2.98e-14	1.33e-09	1.21e-05	5.13e-01	4.84e-01	3.22e-03	0.00e+00	0.00e+00	0.00e+00	9.83e-15	2.00e-14	1.26e-60
 3.12657e+14	1.45e-19	3.68e-14	1.55e-09	1.32e-05	5.29e-01	4.69e-01	2.93e-03	0.00e+00	0.00e+00	0.00e+00	1.21e-14	2.47e-14	2.52e-60
 3.24316e+14	2.01e-19	4.75e-14	1.86e-09	1.47e-05	5.47e-01	4.50e-01	2.62e-03	0.00e+00	0.00e+00	0.00e+00	1.56e-14	3.19e-14	5.81e-60
 3.36368e+14	2.77e-19	6.11e-14	2.23e-09	1.64e-05	5.65e-01	4.32e-01	2.33e-03	0.00e+00	0.00e+00	0.00e+00	2.01e-14	4.10e-14	1.34e-59
 3.47158e+14	3.66e-19	7.58e-14	2.60e-09	1.80e-05	5.81e-01	4.17e-01	2.11e-03	0.00e+00	0.00e+00	0.00e+00	2.50e-14	5.09e-14	2.74e-59
 3.58917e+14	4.90e-19	9.52e-14	3.05e-09	1.97e-05	5.97e-01	4.01e-01	1.90e-03	0.00e+00	0.00e+00	0.00e+00	3.13e-14	6.39e-14	5.84e-59
 3.72890e+14	6.84e-19	1.23e-13	3.67e-09	2.20e-05	6.16e-01	3.83e-01	1.68e-03	0.00e+00	0.00e+00	0.00e+00	4.06e-14	8.28e-14	1.39e-58
 3.86717e+14	9.38e-19	1.58e-13	4.37e-09	2.43e-05	6.33e-01	3.65e-01	1.49e-03	0.00e+00	0.00e+00	0.00e+00	5.18e-14	1.06e-13	3.17e-58
 3.99386e+14	1.24e-18	1.96e-13	5.09e-09	2.66e-05	6.48e-01	3.51e-01	1.34e-03	0.00e+00	0.00e+00	0.00e+00	6.43e-14	1.32e-13	6.58e-58
 4.13574e+14	1.67e-18	2.47e-13	6.00e-09	2.92e-05	6.64e-01	3.35e-01	1.19e-03	0.00e+00	0.00e+00	0.00e+00	8.12e-14	1.66e-13	1.45e-57
 4.27336e+14	2.22e-18	3.08e-13	6.99e-09	3.19e-05	6.79e-01	3.20e-01	1.07e-03	0.00e+00	0.00e+00	0.00e+00	1.01e-13	2.07e-13	3.03e-57
 4.37502e+14	2.71e-18	3.60e-13	7.80e-09	3.40e-05	6.89e-01	3.10e-01	9.84e-04	0.00e+00	0.00e+00	0.00e+00	1.18e-13	2.42e-13	5.15e-57
 4.47675e+14	3.29e-18	4.19e-13	8.68e-09	3.61e-05	6.99e-01	3.00e-01	9.09e-04	0.00e+00	0.00e+00	0.00e+00	1.37e-13	2.81e-13	8.63e-57
 4.60900e+14	4.21e-18	5.07e-13	9.93e-09	3.90e-05	7.11e-01	2.88e-01	8.22e-04	0.00e+00	0.00e+00	0.00e+00	1.66e-13	3.41e-13	1.66e-56
 4.75193e+14	5.45e-18	6.20e-13	1.14e-08	4.22e-05	7.24e-01	2.75e-01	7.39e-04	0.00e+00	0.00e+00	0.00e+00	2.03e-13	4.17e-13	3.29e-56
 4.87967e+14	6.81e-18	7.37e-13	1.29e-08	4.52e-05	7.35e-01	2.65e-01	6.73e-04	0.00e+00	0.00e+00	0.00e+00	2.41e-13	4.96e-13	5.97e-56
 5.01664e+14	8.59e-18	8.83e-13	1.47e-08	4.85e-05	7.45e-01	2.54e-01	6.10e-04	0.00e+00	0.00e+00	0.00e+00	2.89e-13	5.94e-13	1.11e-55
 5.19470e+14	1.15e-17	1.11e-12	1.72e-08	5.31e-05	7.59e-01	2.41e-01	5.38e-04	0.00e+00	0.00e+00	0.00e+00	3.62e-13	7.45e-13	2.41e-55
 5.37513e+14	1.52e-17	1.38e-12	2.00e-08	5.79e-05	7.71e-01	2.28e-01	4.76e-04	0.00e+00	0.00e+00	0.00e+00	4.51e-13	9.30e-13	5.16e-55
 5.52081e+14	1.90e-17	1.64e-12	2.26e-08	6.19e-05	7.81e-01	2.19e-01	4.32e-04	0.00e+00	0.00e+00	0.00e+00	5.36e-13	1.11e-12	9.35e-55
 5.67236e+14	2.38e-17	1.95e-12	2.55e-08	6.62e-05	7.90e-01	2.09e-01	3.91e-04	0.00e+00	0.00e+00	0.00e+00	6.37e-13	1.32e-12	1.70e-54
 5.86939e+14	3.14e-17	2.43e-12	2.98e-08	7.21e-05	8.02e-01	1.98e-01	3.44e-04	0.00e+00	0.00e+00	0.00e+00	7.92e-13	1.64e-12	3.62e-54
 6.07868e+14	4.18e-17	3.04e-12	3.48e-08	7.86e-05	8.13e-01	1.87e-01	3.02e-04	0.00e+00	0.00e+00	0.00e+00	9.90e-13	2.05e-12	7.87e-54
 6.26260e+14	5.33e-17	3.67e-12	3.98e-08	8.46e-05	8.22e-01	1.77e-01	2.70e-04	4.31e-18	1.30e-17	2.17e-17	1.20e-12	2.48e-12	1.52e-53
 6.46038e+14	6.85e-17	4.47e-12	4.56e-08	9.13e-05	8.32e-01	1.68e-01	2.40e-04	5.55e-18	1.67e-17	2.79e-17	1.46e-12	3.02e-12	3.01e-53
 6.70376e+14	9.23e-17	5.65e-12	5.38e-08	9.99e-05	8.42e-01	1.57e-01	2.08e-04	7.47e-18	2.25e-17	3.75e-17	1.84e-12	3.81e-12	6.76e-53
 6.94840e+14	1.23e-16	7.08e-12	6.30e-08	1.09e-04	8.52e-01	1.48e-01	1.81e-04	9.95e-18	2.99e-17	5.00e-17	2.30e-12	4.78e-12	1.48e-52
 7.16200e+14	1.56e-16	8.56e-12	7.20e-08	1.17e-04	8.60e-01	1.40e-01	1.61e-04	1.27e-17	3.80e-17	6.36e-17	2.78e-12	5.78e-12	2.88e-52
 7.39327e+14	2.01e-16	1.04e-11	8.28e-08	1.27e-04	8.68e-01	1.32e-01	1.42e-04	1.63e-17	4.90e-17	8.19e-17	3.39e-12	7.05e-12	5.74e-52
 7.67461e+14	2.70e-16	1.32e-11	9.75e-08	1.38e-04	8.77e-01	1.23e-01	1.22e-04	2.19e-17	6.58e-17	1.10e-16	4.28e-12	8.90e-12	1.29e-51
 7.95457e+14	3.57e-16	1.65e-11	1.14e-07	1.51e-04	8.85e-01	1.15e-01	1.06e-04	2.90e-17	8.70e-17	1.45e-16	5.34e-12	1.11e-11	2.81e-51
 8.20085e+14	4.53e-16	1.99e-11	1.30e-07	1.62e-04	8.91e-01	1.09e-01	9.38e-05	3.67e-17	1.10e-16	1.85e-16	6.45e-12	1.34e-11	5.45e-51
 8.46981e+14	5.82e-16	2.43e-11	1.50e-07	1.75e-04	8.98e-01	1.02e-01	8.22e-05	4.72e-17	1.42e-16	2.37e-16	7.86e-12	1.64e-11	1.09e-50
 8.79442e+14	7.78e-16	3.06e-11	1.77e-07	1.91e-04	9.05e-01	9.50e-02	7.05e-05	6.32e-17	1.90e-16	3.17e-16	9.91e-12	2.07e-11	2.45e-50
 9.09940e+14	1.01e-15	3.77e-11	2.05e-07	2.07e-04	9.11e-01	8.89e-02	6.13e-05	8.19e-17	2.46e-16	4.12e-16	1.22e-11	2.55e-11	5.11e-50
 9.34237e+14	1.23e-15	4.43e-11	2.29e-07	2.21e-04	9.15e-01	8.44e-02	5.50e-05	1.00e-16	3.01e-16	5.03e-16	1.43e-11	3.00e-11	8.99e-50
 9.56015e+14	1.47e-15	5.10e-11	2.53e-07	2.33e-04	9.19e-01	8.06e-02	5.00e-05	1.19e-16	3.58e-16	5.99e-16	1.65e-11	3.45e-11	1.47e-49
 9.80672e+14	1.78e-15	5.95e-11	2.83e-07	2.47e-04	9.23e-01	7.67e-02	4.50e-05	1.45e-16	4.35e-16	7.28e-16	1.93e-11	4.03e-11	2.54e-49
 1.01273e+15	2.28e-15	7.24e-11	3.25e-07	2.66e-04	9.28e-01	7.18e-02	3.93e-05	1.85e-16	5.56e-16	9.30e-16	2.34e-11	4.90e-11	5.06e-49
 1.04524e+15	2.88e-15	8.77e-11	3.72e-07	2.87e-04	9.32e-01	6.74e-02	3.44e-05	2.34e-16	7.04e-16	1.18e-15	2.83e-11	5.93e-11	9.94e-49
 1.07135e+15	3.46e-15	1.02e-10	4.13e-07	3.04e-04	9.36e-01	6.41e-02	3.11e-05	2.82e-16	8.46e-16	1.41e-15	3.29e-11	6.89e-11	1.68e-48
 1.09831e+15	4.17e-15	1.18e-10	4.60e-07	3.22e-04	9.39e-01	6.09e-02	2.79e-05	3.39e-16	1.02e-15	1.70e-15	3.82e-11	8.00e-11	2.85e-48
 1.13336e+15	5.27e-15	1.43e-10	5.26e-07	3.46e-04	9.43e-01	5.71e-02	2.45e-05	4.29e-16	1.29e-15	2.16e-15	4.62e-11	9.67e-11	5.58e-48
 1.17006e+15	6.66e-15	1.73e-10	6.03e-07	3.73e-04	9.46e-01	5.34e-02	2.14e-05	5.43e-16	1.63e-15	2.73e-15	5.59e-11	1.17e-10	1.10e-47
 1.20144e+15	8.08e-15	2.03e-10	6.75e-07	3.96e-04	9.49e-01	5.06e-02	1.91e-05	6.59e-16	1.98e-15	3.31e-15	6.54e-11	1.37e-10	1.92e-47
 1.23474e+15	9.89e-15	2.39e-10	7.58e-07	4.22e-04	9.52e-01	4.78e-02	1.70e-05	8.07e-16	2.42e-15	4.05e-15	7.70e-11	1.62e-10	3.43e-47
 1.27803e+15	1.28e-14	2.93e-10	8.79e-07	4.57e-04	9.55e-01	4.44e-02	1.46e-05	1.04e-15	3.13e-15	5.23e-15	9.47e-11	1.99e-10	7.15e-47
 1.32281e+15	1.64e-14	3.60e-10	1.02e-06	4.95e-04	9.58e-01	4.13e-02	1.26e-05	1.34e-15	4.01e-15	6.71e-15	1.16e-10	2.44e-10	1.48e-46
 1.36046e+15	2.00e-14	4.25e-10	1.14e-06	5.27e-04	9.61e-01	3.89e-02	1.12e-05	1.64e-15	4.91e-15	8.21e-15	1.37e-10	2.88e-10	2.67e-46
 1.40036e+15	2.47e-14	5.04e-10	1.29e-06	5.64e-04	9.63e-01	3.66e-02	9.86e-06	2.02e-15	6.06e-15	1.01e-14	1.63e-10	3.42e-10	4.91e-46
 1.45139e+15	3.20e-14	6.24e-10	1.51e-06	6.12e-04	9.65e-01	3.39e-02	8.44e-06	2.62e-15	7.87e-15	1.32e-14	2.01e-10	4.22e-10	1.05e-45
 1.50499e+15	4.14e-14	7.73e-10	1.76e-06	6.66e-04	9.68e-01	3.13e-02	7.20e-06	3.39e-15	1.02e-14	1.70e-14	2.49e-10	5.23e-10	2.25e-45
 1.55234e+15	5.16e-14	9.26e-10	2.00e-06	7.14e-04	9.70e-01	2.93e-02	6.29e-06	4.22e-15	1.27e-14	2.12e-14	2.99e-10	6.27e-10	4.29e-45
 1.60345e+15	6.50e-14	1.12e-09	2.29e-06	7.69e-04	9.72e-01	2.73e-02	5.45e-06	5.33e-15	1.60e-14	2.68e-14	3.61e-10	7.58e-10	8.45e-45
 1.66500e+15	8.49e-14	1.40e-09	2.69e-06	8.39e-04	9.74e-01	2.52e-02	4.62e-06	6.97e-15	2.09e-14	3.50e-14	4.51e-10	9.46e-10	1.86e-44
 1.72634e+15	1.09e-13	1.72e-09	3.13e-06	9.12e-04	9.76e-01	2.32e-02	3.93e-06	8.95e-15	2.69e-14	4.49e-14	5.56e-10	1.17e-09	3.92e-44
 1.77378e+15	1.24e-13	2.02e-09	3.51e-06	9.71e-04	9.77e-01	2.19e-02	3.49e-06	1.02e-14	3.05e-14	5.10e-14	6.52e-10	1.37e-09	6.77e-44
 1.80937e+15	1.41e-13	2.26e-09	3.82e-06	1.02e-03	9.78e-01	2.09e-02	3.19e-06	1.16e-14	3.49e-14	5.83e-14	7.31e-10	1.53e-09	1.02e-43
 1.84807e+15	1.63e-13	2.56e-09	4.17e-06	1.07e-03	9.79e-01	2.00e-02	2.90e-06	1.34e-14	4.03e-14	6.74e-14	8.26e-10	1.73e-09	1.58e-43
 1.89838e+15	1.96e-13	2.99e-09	4.67e-06	1.13e-03	9.80e-01	1.88e-02	2.57e-06	1.61e-14	4.85e-14	8.10e-14	9.66e-10	2.02e-09	2.76e-43
 1.95360e+15	2.37e-13	3.53e-09	5.27e-06	1.21e-03	9.81e-01	1.77e-02	2.26e-06	1.95e-14	5.86e-14	9.79e-14	1.14e-09	2.39e-09	4.97e-43
 2.00379e+15	2.79e-13	4.07e-09	5.86e-06	1.29e-03	9.82e-01	1.67e-02	2.02e-06	2.30e-14	6.91e-14	1.16e-13	1.32e-09	2.76e-09	8.32e-43
 2.05762e+15	3.33e-13	4.74e-09	6.54e-06	1.37e-03	9.83e-01	1.57e-02	1.79e-06	2.75e-14	8.25e-14	1.38e-13	1.53e-09	3.21e-09	1.43e-42
 2.11841e+15	4.02e-13	5.60e-09	7.39e-06	1.46e-03	9.84e-01	1.47e-02	1.57e-06	3.32e-14	9.96e-14	1.66e-13	1.81e-09	3.79e-09	2.59e-42
 2.17585e+15	4.77e-13	6.52e-09	8.27e-06	1.56e-03	9.85e-01	1.38e-02	1.39e-06	3.94e-14	1.18e-13	1.98e-13	2.11e-09	4.41e-09	4.47e-42
 2.22989e+15	5.58e-13	7.49e-09	9.17e-06	1.65e-03	9.85e-01	1.31e-02	1.24e-06	4.61e-14	1.38e-13	2.31e-13	2.42e-09	5.07e-09	7.35e-42
 2.29189e+15	6.64e-13	8.75e-09	1.03e-05	1.76e-03	9.86e-01	1.23e-02	1.09e-06	5.49e-14	1.65e-13	2.76e-13	2.83e-09	5.92e-09	1.27e-41
 2.37248e+15	8.29e-13	1.06e-08	1.19e-05	1.91e-03	9.87e-01	1.13e-02	9.30e-07	6.86e-14	2.06e-13	3.44e-13	3.44e-09	7.19e-09	2.61e-41
 2.45396e+15	1.02e-12	1.28e-08	1.37e-05	2.07e-03	9.87e-01	1.05e-02	0.00e+00	8.41e-14	2.52e-13	4.22e-13	4.16e-09	8.68e-09	5.11e-41
 2.51916e+15	1.19e-12	1.49e-08	1.53e-05	2.20e-03	9.88e-01	9.84e-03	0.00e+00	9.83e-14	2.95e-13	4.93e-13	4.81e-09	1.00e-08	8.60e-41
 2.58647e+15	1.40e-12	1.72e-08	1.71e-05	2.34e-03	9.88e-01	9.25e-03	0.00e+00	1.16e-13	3.48e-13	5.82e-13	5.58e-09	1.16e-08	1.46e-40
 2.67398e+15	1.72e-12	2.07e-08	1.96e-05	2.53e-03	9.89e-01	8.55e-03	0.00e+00	1.43e-13	4.30e-13	7.18e-13	6.72e-09	1.40e-08	2.87e-40
 2.76798e+15	2.10e-12	2.50e-08	2.27e-05	2.75e-03	9.89e-01	7.87e-03	0.00e+00	1.74e-13	5.24e-13	8.75e-13	8.12e-09	1.69e-08	5.65e-40
 2.85139e+15	2.48e-12	2.94e-08	2.57e-05	2.95e-03	9.90e-01	7.33e-03	0.00e+00	2.07e-13	6.21e-13	1.04e-12	9.55e-09	1.99e-08	1.02e-39
 2.94080e+15	2.99e-12	3.49e-08	2.92e-05	3.17e-03	9.90e-01	6.81e-03	0.00e+00	2.49e-13	7.49e-13	1.25e-12	1.13e-08	2.36e-08	1.89e-39
 3.05117e+15	3.68e-12	4.25e-08	3.40e-05	3.47e-03	9.90e-01	6.22e-03	0.00e+00	3.08e-13	9.23e-13	1.54e-12	1.38e-08	2.87e-08	3.88e-39
 3.16286e+15	4.47e-12	5.16e-08	3.95e-05	3.79e-03	9.90e-01	5.70e-03	0.00e+00	3.74e-13	1.12e-12	1.87e-12	1.68e-08	3.48e-08	7.83e-39
 3.26070e+15	5.26e-12	6.07e-08	4.48e-05	4.08e-03	9.91e-01	5.29e-03	0.00e+00	4.41e-13	1.32e-12	2.21e-12	1.98e-08	4.10e-08	1.41e-38
 3.34297e+15	5.99e-12	6.93e-08	4.97e-05	4.33e-03	9.91e-01	4.97e-03	0.00e+00	5.02e-13	1.51e-12	2.52e-12	2.26e-08	4.68e-08	2.29e-38
 3.41495e+15	6.73e-12	7.76e-08	5.42e-05	4.56e-03	9.91e-01	4.72e-03	0.00e+00	5.64e-13	1.69e-12	2.83e-12	2.53e-08	5.23e-08	3.46e-38
 3.49708e+15	7.65e-12	8.80e-08	5.98e-05	4.83e-03	9.91e-01	4.44e-03	0.00e+00	6.42e-13	1.93e-12	3.22e-12	2.87e-08	5.93e-08	5.50e-38
 3.60384e+15	9.02e-12	1.03e-07	6.78e-05	5.20e-03	9.91e-01	4.12e-03	0.00e+00	7.59e-13	2.28e-12	3.81e-12	3.37e-08	6.97e-08	1.01e-37
 3.71249e+15	1.05e-11	1.21e-07	7.66e-05	5.59e-03	9.91e-01	3.83e-03	0.00e+00	8.82e-13	2.65e-12	4.42e-12	3.94e-08	8.14e-08	1.80e-37
 3.79991e+15	1.18e-11	1.36e-07	8.43e-05	5.92e-03	9.90e-01	3.61e-03	0.00e+00	9.94e-13	2.98e-12	4.98e-12	4.45e-08	9.18e-08	2.82e-37
 3.88988e+15	1.33e-11	1.54e-07	9.28e-05	6.26e-03	9.90e-01	3.41e-03	0.00e+00	1.13e-12	3.38e-12	5.65e-12	5.03e-08	1.04e-07	4.47e-37
 4.00684e+15	1.56e-11	1.80e-07	1.05e-04	6.73e-03	9.90e-01	3.16e-03	0.00e+00	1.32e-12	3.96e-12	6.61e-12	5.89e-08	1.21e-07	8.07e-37
 4.12858e+15	1.81e-11	2.11e-07	1.19e-04	7.25e-03	9.90e-01	2.93e-03	0.00e+00	1.53e-12	4.59e-12	7.66e-12	6.88e-08	1.42e-07	1.45e-36
 4.23096e+15	2.04e-11	2.39e-07	1.31e-04	7.69e-03	9.89e-01	2.75e-03	0.00e+00	1.73e-12	5.19e-12	8.67e-12	7.81e-08	1.61e-07	2.31e-36
 4.33847e+15	2.33e-11	2.72e-07	1.45e-04	8.18e-03	9.89e-01	2.58e-03	0.00e+00	1.97e-12	5.93e-12	9.90e-12	8.91e-08	1.83e-07	3.79e-36
 4.47823e+15	2.74e-11	3.22e-07	1.66e-04	8.84e-03	9.89e-01	2.38e-03	0.00e+00	2.33e-12	6.99e-12	1.17e-11	1.05e-07	2.16e-07	7.13e-36
 4.62262e+15	3.19e-11	3.79e-07	1.88e-04	9.55e-03	9.88e-01	2.20e-03	0.00e+00	2.71e-12	8.14e-12	1.36e-11	1.24e-07	2.55e-07	1.34e-35
 4.74340e+15	3.60e-11	4.32e-07	2.09e-04	1.02e-02	9.88e-01	2.06e-03	0.00e+00	3.07e-12	9.21e-12	1.54e-11	1.42e-07	2.91e-07	2.24e-35
 4.87078e+15	4.13e-11	4.96e-07	2.33e-04	1.08e-02	9.87e-01	1.92e-03	0.00e+00	3.53e-12	1.06e-11	1.77e-11	1.63e-07	3.34e-07	3.86e-35
 5.03637e+15	4.92e-11	5.91e-07	2.68e-04	1.18e-02	9.86e-01	1.76e-03	0.00e+00	4.20e-12	1.26e-11	2.11e-11	1.94e-07	3.97e-07	7.65e-35
 5.21059e+15	5.77e-11	7.03e-07	3.07e-04	1.28e-02	9.85e-01	1.62e-03	0.00e+00	4.94e-12	1.48e-11	2.48e-11	2.31e-07	4.72e-07	1.50e-34
 5.36049e+15	6.59e-11	8.13e-07	3.45e-04	1.37e-02	9.84e-01	1.50e-03	0.00e+00	5.65e-12	1.70e-11	2.83e-11	2.67e-07	5.46e-07	2.61e-34
 5.51985e+15	7.67e-11	9.47e-07	3.89e-04	1.47e-02	9.83e-01	1.39e-03	0.00e+00	6.59e-12	1.98e-11	3.30e-11	3.11e-07	6.36e-07	4.74e-34
 5.72214e+15	9.26e-11	1.15e-06	4.51e-04	1.61e-02	9.82e-01	1.27e-03	0.00e+00	7.96e-12	2.39e-11	3.99e-11	3.77e-07	7.69e-07	9.92e-34
 5.90449e+15	1.06e-10	1.35e-06	5.12e-04	1.74e-02	9.81e-01	1.17e-03	0.00e+00	9.14e-12	2.74e-11	4.58e-11	4.43e-07	9.04e-07	1.82e-33
 6.02397e+15	1.16e-10	1.49e-06	5.55e-04	1.82e-02	9.80e-01	1.11e-03	0.00e+00	1.00e-11	3.01e-11	5.02e-11	4.91e-07	1.00e-06	2.68e-33
 6.13748e+15	1.28e-10	1.65e-06	5.99e-04	1.91e-02	9.79e-01	1.06e-03	0.00e+00	1.11e-11	3.32e-11	5.54e-11	5.42e-07	1.11e-06	3.93e-33
 6.28504e+15	1.47e-10	1.87e-06	6.61e-04	2.02e-02	9.78e-01	9.91e-04	0.00e+00	1.27e-11	3.81e-11	6.36e-11	6.16e-07	1.26e-06	6.38e-33
 6.47687e+15	1.70e-10	2.20e-06	7.49e-04	2.18e-02	9.77e-01	9.15e-04	0.00e+00	1.47e-11	4.42e-11	7.37e-11	7.25e-07	1.48e-06	1.17e-32
 6.66994e+15	1.96e-10	2.57e-06	8.44e-04	2.34e-02	9.75e-01	8.47e-04	0.00e+00	1.70e-11	5.09e-11	8.49e-11	8.46e-07	1.72e-06	2.05e-32
 6.82141e+15	2.20e-10	2.89e-06	9.24e-04	2.47e-02	9.74e-01	7.99e-04	0.00e+00	1.90e-11	5.71e-11	9.54e-11	9.51e-07	1.94e-06	3.15e-32
 6.97508e+15	2.49e-10	3.26e-06	1.01e-03	2.61e-02	9.72e-01	7.52e-04	0.00e+00	2.16e-11	6.49e-11	1.08e-10	1.07e-06	2.18e-06	4.93e-32
 7.17485e+15	2.92e-10	3.80e-06	1.14e-03	2.80e-02	9.70e-01	6.97e-04	0.00e+00	2.54e-11	7.63e-11	1.27e-10	1.25e-06	2.55e-06	8.70e-32
 7.38435e+15	3.40e-10	4.43e-06	1.28e-03	3.00e-02	9.68e-01	6.46e-04	0.00e+00	2.95e-11	8.87e-11	1.48e-10	1.46e-06	2.97e-06	1.51e-31
 7.56222e+15	3.85e-10	5.02e-06	1.42e-03	3.18e-02	9.66e-01	6.06e-04	0.00e+00	3.35e-11	1.01e-10	1.68e-10	1.66e-06	3.37e-06	2.36e-31
 7.74920e+15	4.45e-10	5.75e-06	1.57e-03	3.37e-02	9.64e-01	5.67e-04	0.00e+00	3.88e-11	1.16e-10	1.94e-10	1.90e-06	3.85e-06	3.83e-31
 7.99226e+15	5.29e-10	6.83e-06	1.79e-03	3.65e-02	9.61e-01	5.21e-04	0.00e+00	4.62e-11	1.39e-10	2.32e-10	2.25e-06	4.57e-06	7.09e-31
 8.24023e+15	6.25e-10	8.02e-06	2.03e-03	3.93e-02	9.58e-01	4.80e-04	0.00e+00	5.47e-11	1.64e-10	2.74e-10	2.65e-06	5.37e-06	1.23e-30
 8.44399e+15	7.09e-10	9.16e-06	2.25e-03	4.17e-02	9.56e-01	4.49e-04	0.00e+00	6.21e-11	1.86e-10	3.11e-10	3.03e-06	6.13e-06	1.93e-30
 8.65832e+15	8.31e-10	1.06e-05	2.50e-03	4.44e-02	9.53e-01	4.19e-04	0.00e+00	7.28e-11	2.18e-10	3.65e-10	3.49e-06	7.06e-06	3.15e-30
 8.93696e+15	1.00e-09	1.26e-05	2.87e-03	4.80e-02	9.49e-01	3.83e-04	0.00e+00	8.79e-11	2.64e-10	4.40e-10	4.17e-06	8.44e-06	5.81e-30
 9.21963e+15	1.20e-09	1.49e-05	3.27e-03	5.19e-02	9.44e-01	3.52e-04	0.00e+00	1.05e-10	3.16e-10	5.27e-10	4.93e-06	9.98e-06	1.01e-29
 9.45358e+15	1.39e-09	1.71e-05	3.65e-03	5.52e-02	9.41e-01	3.28e-04	0.00e+00	1.22e-10	3.67e-10	6.12e-10	5.67e-06	1.15e-05	1.58e-29
 9.70375e+15	1.65e-09	1.99e-05	4.10e-03	5.90e-02	9.37e-01	3.04e-04	0.00e+00	1.45e-10	4.36e-10	7.27e-10	6.60e-06	1.33e-05	2.60e-29
 9.95361e+15	1.90e-09	2.29e-05	4.56e-03	6.28e-02	9.32e-01	2.84e-04	0.00e+00	1.68e-10	5.03e-10	8.39e-10	7.57e-06	1.53e-05	3.99e-29
 1.01591e+16	2.15e-09	2.57e-05	4.99e-03	6.61e-02	9.29e-01	2.68e-04	0.00e+00	1.89e-10	5.68e-10	9.48e-10	8.49e-06	1.72e-05	5.71e-29
