#depth	He	He+	He+2
 1.49634e+10	1.31e-22	5.95e-12	1.00e+00
 4.54887e+10	1.49e-22	6.44e-12	1.00e+00
 7.72350e+10	1.68e-22	6.97e-12	1.00e+00
 1.10251e+11	1.90e-22	7.54e-12	1.00e+00
 1.39875e+11	2.12e-22	8.07e-12	1.00e+00
 1.64371e+11	2.31e-22	8.52e-12	1.00e+00
 1.91287e+11	2.53e-22	9.03e-12	1.00e+00
 2.25594e+11	2.84e-22	9.70e-12	1.00e+00
 2.62133e+11	3.21e-22	1.04e-11	1.00e+00
 2.95460e+11	3.57e-22	1.12e-11	1.00e+00
 3.31988e+11	4.00e-22	1.20e-11	1.00e+00
 3.74651e+11	4.56e-22	1.29e-11	1.00e+00
 4.16802e+11	5.18e-22	1.39e-11	1.00e+00
 4.56639e+11	5.80e-22	1.49e-11	1.00e+00
 4.95045e+11	6.47e-22	1.59e-11	1.00e+00
 5.38063e+11	7.26e-22	1.70e-11	1.00e+00
 5.85392e+11	8.26e-22	1.83e-11	1.00e+00
 6.28918e+11	9.26e-22	1.95e-11	1.00e+00
 6.76093e+11	1.04e-21	2.09e-11	1.00e+00
 7.28781e+11	1.19e-21	2.25e-11	1.00e+00
 7.78370e+11	1.34e-21	2.40e-11	1.00e+00
 8.32569e+11	1.51e-21	2.58e-11	1.00e+00
 8.92735e+11	1.74e-21	2.78e-11	1.00e+00
 9.48961e+11	1.97e-21	2.98e-11	1.00e+00
 1.01013e+12	2.24e-21	3.20e-11	1.00e+00
 1.07847e+12	2.59e-21	3.45e-11	1.00e+00
 1.14344e+12	2.95e-21	3.71e-11	1.00e+00
 1.21301e+12	3.37e-21	3.99e-11	1.00e+00
 1.29145e+12	3.91e-21	4.33e-11	1.00e+00
 1.36895e+12	4.51e-21	4.67e-11	1.00e+00
 1.44040e+12	5.12e-21	5.00e-11	1.00e+00
 1.51848e+12	5.84e-21	5.37e-11	1.00e+00
 1.60666e+12	6.78e-21	5.81e-11	1.00e+00
 1.69142e+12	7.78e-21	6.25e-11	1.00e+00
 1.78173e+12	8.93e-21	6.74e-11	1.00e+00
 1.86951e+12	1.03e-20	7.23e-11	1.00e+00
 1.93989e+12	1.14e-20	7.64e-11	1.00e+00
 2.01395e+12	1.26e-20	8.09e-11	1.00e+00
 2.11023e+12	1.44e-20	8.69e-11	1.00e+00
 2.21268e+12	1.66e-20	9.36e-11	1.00e+00
 2.30286e+12	1.87e-20	9.97e-11	1.00e+00
 2.39980e+12	2.11e-20	1.07e-10	1.00e+00
 2.51865e+12	2.46e-20	1.15e-10	1.00e+00
 2.63943e+12	2.85e-20	1.25e-10	1.00e+00
 2.74879e+12	3.24e-20	1.34e-10	1.00e+00
 2.86984e+12	3.71e-20	1.44e-10	1.00e+00
 3.01199e+12	4.34e-20	1.57e-10	1.00e+00
 3.14261e+12	5.02e-20	1.69e-10	1.00e+00
 3.24964e+12	5.60e-20	1.80e-10	1.00e+00
 3.36496e+12	6.27e-20	1.92e-10	1.00e+00
 3.51371e+12	7.26e-20	2.08e-10	1.00e+00
 3.66807e+12	8.47e-20	2.26e-10	1.00e+00
 3.79877e+12	9.56e-20	2.42e-10	1.00e+00
 3.93657e+12	1.08e-19	2.59e-10	1.00e+00
 4.10971e+12	1.26e-19	2.83e-10	1.00e+00
 4.28469e+12	1.47e-19	3.09e-10	1.00e+00
 4.43352e+12	1.66e-19	3.32e-10	1.00e+00
 4.59244e+12	1.88e-19	3.58e-10	1.00e+00
 4.76954e+12	2.16e-19	3.89e-10	1.00e+00
 4.93489e+12	2.45e-19	4.20e-10	1.00e+00
 5.11444e+12	2.78e-19	4.55e-10	1.00e+00
 5.31261e+12	3.21e-19	4.97e-10	1.00e+00
 5.49562e+12	3.67e-19	5.38e-10	1.00e+00
 5.68739e+12	4.18e-19	5.83e-10	1.00e+00
 5.91598e+12	4.86e-19	6.40e-10	1.00e+00
 6.14781e+12	5.64e-19	7.02e-10	1.00e+00
 6.35670e+12	6.40e-19	7.61e-10	1.00e+00
 6.57162e+12	7.23e-19	8.24e-10	1.00e+00
 6.78631e+12	8.15e-19	8.90e-10	1.00e+00
 6.97861e+12	9.02e-19	9.52e-10	1.00e+00
 7.19089e+12	1.00e-18	1.02e-09	1.00e+00
 7.46685e+12	1.15e-18	1.12e-09	1.00e+00
 7.74370e+12	1.31e-18	1.22e-09	1.00e+00
 7.96247e+12	1.44e-18	1.30e-09	1.00e+00
 8.18766e+12	1.58e-18	1.39e-09	1.00e+00
 8.48040e+12	1.79e-18	1.51e-09	1.00e+00
 8.78853e+12	2.03e-18	1.64e-09	1.00e+00
 9.05311e+12	2.25e-18	1.76e-09	1.00e+00
 9.33354e+12	2.48e-18	1.89e-09	1.00e+00
 9.69685e+12	2.83e-18	2.06e-09	1.00e+00
 1.00691e+13	3.23e-18	2.25e-09	1.00e+00
 1.03771e+13	3.57e-18	2.41e-09	1.00e+00
 1.07005e+13	3.95e-18	2.58e-09	1.00e+00
 1.11159e+13	4.50e-18	2.81e-09	1.00e+00
 1.15493e+13	5.13e-18	3.07e-09	1.00e+00
 1.19222e+13	5.71e-18	3.29e-09	1.00e+00
 1.23177e+13	6.37e-18	3.54e-09	1.00e+00
 1.28071e+13	7.27e-18	3.86e-09	1.00e+00
 1.33057e+13	8.30e-18	4.21e-09	1.00e+00
 1.37502e+13	9.28e-18	4.53e-09	1.00e+00
 1.41504e+13	1.02e-17	4.82e-09	1.00e+00
 1.45834e+13	1.13e-17	5.15e-09	1.00e+00
 1.50419e+13	1.26e-17	5.52e-09	1.00e+00
 1.54358e+13	1.38e-17	5.85e-09	1.00e+00
 1.58500e+13	1.51e-17	6.20e-09	1.00e+00
 1.63886e+13	1.69e-17	6.67e-09	1.00e+00
 1.69471e+13	1.90e-17	7.19e-09	1.00e+00
 1.74111e+13	2.08e-17	7.64e-09	1.00e+00
 1.78936e+13	2.28e-17	8.12e-09	1.00e+00
 1.85208e+13	2.57e-17	8.76e-09	1.00e+00
 1.91831e+13	2.89e-17	9.48e-09	1.00e+00
 1.97539e+13	3.20e-17	1.01e-08	1.00e+00
 2.03588e+13	3.54e-17	1.08e-08	1.00e+00
 2.11297e+13	4.01e-17	1.18e-08	1.00e+00
 2.19319e+13	4.55e-17	1.28e-08	1.00e+00
 2.26373e+13	5.07e-17	1.37e-08	1.00e+00
 2.34015e+13	5.66e-17	1.48e-08	1.00e+00
 2.43251e+13	6.46e-17	1.62e-08	1.00e+00
 2.52262e+13	7.31e-17	1.76e-08	1.00e+00
 2.60028e+13	8.10e-17	1.88e-08	1.00e+00
 2.68472e+13	9.03e-17	2.03e-08	1.00e+00
 2.77139e+13	1.01e-16	2.18e-08	1.00e+00
 2.84244e+13	1.10e-16	2.31e-08	1.00e+00
 2.91629e+13	1.20e-16	2.45e-08	1.00e+00
 3.01230e+13	1.34e-16	2.63e-08	1.00e+00
 3.11276e+13	1.51e-16	2.84e-08	1.00e+00
 3.19806e+13	1.66e-16	3.02e-08	1.00e+00
 3.28798e+13	1.83e-16	3.22e-08	1.00e+00
 3.40487e+13	2.07e-16	3.48e-08	1.00e+00
 3.52658e+13	2.36e-16	3.77e-08	1.00e+00
 3.62974e+13	2.62e-16	4.02e-08	1.00e+00
 3.73900e+13	2.92e-16	4.30e-08	1.00e+00
 3.87828e+13	3.35e-16	4.66e-08	1.00e+00
 4.02470e+13	3.85e-16	5.06e-08	1.00e+00
 4.15569e+13	4.35e-16	5.43e-08	1.00e+00
 4.29847e+13	4.94e-16	5.85e-08	1.00e+00
 4.46825e+13	5.74e-16	6.36e-08	1.00e+00
 4.64143e+13	6.64e-16	6.90e-08	1.00e+00
 4.78807e+13	7.50e-16	7.38e-08	1.00e+00
 4.90974e+13	8.26e-16	7.77e-08	1.00e+00
 5.04573e+13	9.19e-16	8.24e-08	1.00e+00
 5.22253e+13	1.05e-15	8.86e-08	1.00e+00
 5.40412e+13	1.20e-15	9.52e-08	1.00e+00
 5.55525e+13	1.34e-15	1.01e-07	1.00e+00
 5.71500e+13	1.50e-15	1.07e-07	1.00e+00
 5.92267e+13	1.72e-15	1.15e-07	1.00e+00
 6.14207e+13	1.98e-15	1.24e-07	1.00e+00
 6.33262e+13	2.24e-15	1.32e-07	1.00e+00
 6.53624e+13	2.53e-15	1.41e-07	1.00e+00
 6.78586e+13	2.93e-15	1.52e-07	1.00e+00
 7.04017e+13	3.39e-15	1.63e-07	1.00e+00
 7.26967e+13	3.84e-15	1.74e-07	1.00e+00
 7.52198e+13	4.39e-15	1.87e-07	1.00e+00
 7.81938e+13	5.11e-15	2.02e-07	1.00e+00
 8.11254e+13	5.90e-15	2.18e-07	1.00e+00
 8.36780e+13	6.66e-15	2.32e-07	1.00e+00
 8.63665e+13	7.54e-15	2.47e-07	1.00e+00
 8.96587e+13	8.73e-15	2.66e-07	1.00e+00
 9.27740e+13	9.97e-15	2.86e-07	1.00e+00
 9.51290e+13	1.10e-14	3.00e-07	1.00e+00
 9.74575e+13	1.21e-14	3.15e-07	1.00e+00
 1.00484e+14	1.36e-14	3.36e-07	1.00e+00
 1.03696e+14	1.54e-14	3.58e-07	1.00e+00
 1.06492e+14	1.71e-14	3.78e-07	1.00e+00
 1.09471e+14	1.90e-14	4.00e-07	1.00e+00
 1.13343e+14	2.18e-14	4.29e-07	1.00e+00
 1.17287e+14	2.49e-14	4.60e-07	1.00e+00
 1.20512e+14	2.77e-14	4.87e-07	1.00e+00
 1.23889e+14	3.08e-14	5.15e-07	1.00e+00
 1.28279e+14	3.53e-14	5.53e-07	1.00e+00
 1.32894e+14	4.05e-14	5.95e-07	1.00e+00
 1.36879e+14	4.54e-14	6.32e-07	1.00e+00
 1.41135e+14	5.12e-14	6.73e-07	1.00e+00
 1.46427e+14	5.91e-14	7.27e-07	1.00e+00
 1.51840e+14	6.80e-14	7.83e-07	1.00e+00
 1.56631e+14	7.67e-14	8.35e-07	1.00e+00
 1.61838e+14	8.70e-14	8.94e-07	1.00e+00
 1.68092e+14	1.01e-13	9.67e-07	1.00e+00
 1.74301e+14	1.16e-13	1.04e-06	1.00e+00
 1.79896e+14	1.31e-13	1.11e-06	1.00e+00
 1.86102e+14	1.49e-13	1.19e-06	1.00e+00
 1.93416e+14	1.72e-13	1.29e-06	1.00e+00
 2.00662e+14	1.98e-13	1.39e-06	1.00e+00
 2.06770e+14	2.22e-13	1.48e-06	1.00e+00
 2.11711e+14	2.43e-13	1.55e-06	1.00e+00
 2.16934e+14	2.66e-13	1.63e-06	1.00e+00
 2.23723e+14	2.99e-13	1.74e-06	1.00e+00
 2.30823e+14	3.36e-13	1.85e-06	1.00e+00
 2.36857e+14	3.70e-13	1.95e-06	1.00e+00
 2.43234e+14	4.09e-13	2.06e-06	1.00e+00
 2.51524e+14	4.63e-13	2.21e-06	1.00e+00
 2.60068e+14	5.24e-13	2.37e-06	1.00e+00
 2.67173e+14	5.79e-13	2.50e-06	1.00e+00
 2.74641e+14	6.40e-13	2.64e-06	1.00e+00
 2.84349e+14	7.27e-13	2.84e-06	1.00e+00
 2.94538e+14	8.27e-13	3.04e-06	1.00e+00
 3.03305e+14	9.20e-13	3.23e-06	1.00e+00
 3.12657e+14	1.03e-12	3.43e-06	1.00e+00
 3.24316e+14	1.17e-12	3.70e-06	1.00e+00
 3.36368e+14	1.33e-12	3.98e-06	1.00e+00
 3.47158e+14	1.49e-12	4.24e-06	1.00e+00
 3.58917e+14	1.68e-12	4.54e-06	1.00e+00
 3.72890e+14	1.93e-12	4.90e-06	1.00e+00
 3.86717e+14	2.19e-12	5.27e-06	1.00e+00
 3.99386e+14	2.46e-12	5.63e-06	1.00e+00
 4.13574e+14	2.78e-12	6.04e-06	1.00e+00
 4.27336e+14	3.12e-12	6.45e-06	1.00e+00
 4.37502e+14	3.38e-12	6.77e-06	1.00e+00
 4.47675e+14	3.67e-12	7.09e-06	1.00e+00
 4.60900e+14	4.06e-12	7.52e-06	1.00e+00
 4.75193e+14	4.52e-12	8.00e-06	1.00e+00
 4.87967e+14	4.96e-12	8.44e-06	1.00e+00
 5.01664e+14	5.47e-12	8.93e-06	1.00e+00
 5.19470e+14	6.18e-12	9.59e-06	1.00e+00
 5.37513e+14	6.97e-12	1.03e-05	1.00e+00
 5.52081e+14	7.66e-12	1.09e-05	1.00e+00
 5.67236e+14	8.43e-12	1.15e-05	1.00e+00
 5.86939e+14	9.53e-12	1.23e-05	1.00e+00
 6.07868e+14	1.08e-11	1.33e-05	1.00e+00
 6.26260e+14	1.20e-11	1.41e-05	1.00e+00
 6.46038e+14	1.34e-11	1.50e-05	1.00e+00
 6.70376e+14	1.53e-11	1.62e-05	1.00e+00
 6.94840e+14	1.75e-11	1.75e-05	1.00e+00
 7.16200e+14	1.95e-11	1.87e-05	1.00e+00
 7.39327e+14	2.19e-11	2.00e-05	1.00e+00
 7.67461e+14	2.52e-11	2.16e-05	1.00e+00
 7.95457e+14	2.88e-11	2.33e-05	1.00e+00
 8.20085e+14	3.22e-11	2.49e-05	1.00e+00
 8.46981e+14	3.64e-11	2.66e-05	1.00e+00
 8.79442e+14	4.20e-11	2.89e-05	1.00e+00
 9.09940e+14	4.78e-11	3.11e-05	1.00e+00
 9.34237e+14	5.29e-11	3.29e-05	1.00e+00
 9.56015e+14	5.78e-11	3.45e-05	1.00e+00
 9.80672e+14	6.37e-11	3.65e-05	1.00e+00
 1.01273e+15	7.23e-11	3.91e-05	1.00e+00
 1.04524e+15	8.18e-11	4.19e-05	1.00e+00
 1.07135e+15	9.00e-11	4.41e-05	1.00e+00
 1.09831e+15	9.93e-11	4.66e-05	1.00e+00
 1.13336e+15	1.12e-10	4.99e-05	1.00e+00
 1.17006e+15	1.28e-10	5.35e-05	1.00e+00
 1.20144e+15	1.42e-10	5.66e-05	1.00e+00
 1.23474e+15	1.58e-10	6.01e-05	1.00e+00
 1.27803e+15	1.82e-10	6.48e-05	1.00e+00
 1.32281e+15	2.09e-10	6.99e-05	1.00e+00
 1.36046e+15	2.34e-10	7.42e-05	1.00e+00
 1.40036e+15	2.64e-10	7.91e-05	1.00e+00
 1.45139e+15	3.06e-10	8.56e-05	1.00e+00
 1.50499e+15	3.55e-10	9.26e-05	1.00e+00
 1.55234e+15	4.04e-10	9.91e-05	1.00e+00
 1.60345e+15	4.62e-10	1.06e-04	1.00e+00
 1.66500e+15	5.41e-10	1.16e-04	1.00e+00
 1.72634e+15	6.30e-10	1.25e-04	1.00e+00
 1.77378e+15	7.05e-10	1.33e-04	1.00e+00
 1.80937e+15	7.67e-10	1.39e-04	1.00e+00
 1.84807e+15	8.39e-10	1.46e-04	1.00e+00
 1.89838e+15	9.41e-10	1.54e-04	1.00e+00
 1.95360e+15	1.06e-09	1.65e-04	1.00e+00
 2.00379e+15	1.19e-09	1.74e-04	1.00e+00
 2.05762e+15	1.33e-09	1.85e-04	1.00e+00
 2.11841e+15	1.51e-09	1.97e-04	1.00e+00
 2.17585e+15	1.69e-09	2.09e-04	1.00e+00
 2.22989e+15	1.88e-09	2.21e-04	1.00e+00
 2.29189e+15	2.13e-09	2.35e-04	1.00e+00
 2.37248e+15	2.48e-09	2.54e-04	1.00e+00
 2.45396e+15	2.87e-09	2.74e-04	1.00e+00
 2.51916e+15	3.23e-09	2.91e-04	1.00e+00
 2.58647e+15	3.63e-09	3.09e-04	1.00e+00
 2.67398e+15	4.20e-09	3.33e-04	1.00e+00
 2.76798e+15	4.92e-09	3.61e-04	1.00e+00
 2.85139e+15	5.62e-09	3.86e-04	1.00e+00
 2.94080e+15	6.44e-09	4.14e-04	1.00e+00
 3.05117e+15	7.64e-09	4.51e-04	1.00e+00
 3.16286e+15	8.99e-09	4.89e-04	1.00e+00
 3.26070e+15	1.03e-08	5.25e-04	9.99e-01
 3.34297e+15	1.15e-08	5.55e-04	9.99e-01
 3.41495e+15	1.27e-08	5.83e-04	9.99e-01
 3.49708e+15	1.42e-08	6.16e-04	9.99e-01
 3.60384e+15	1.63e-08	6.60e-04	9.99e-01
 3.71249e+15	1.86e-08	7.06e-04	9.99e-01
 3.79991e+15	2.07e-08	7.45e-04	9.99e-01
 3.88988e+15	2.30e-08	7.86e-04	9.99e-01
 4.00684e+15	2.63e-08	8.41e-04	9.99e-01
 4.12858e+15	3.01e-08	9.00e-04	9.99e-01
 4.23096e+15	3.35e-08	9.51e-04	9.99e-01
 4.33847e+15	3.75e-08	1.01e-03	9.99e-01
 4.47823e+15	4.33e-08	1.08e-03	9.99e-01
 4.62262e+15	4.98e-08	1.16e-03	9.99e-01
 4.74340e+15	5.57e-08	1.23e-03	9.99e-01
 4.87078e+15	6.27e-08	1.31e-03	9.99e-01
 5.03637e+15	7.27e-08	1.41e-03	9.99e-01
 5.21059e+15	8.42e-08	1.52e-03	9.98e-01
 5.36049e+15	9.50e-08	1.62e-03	9.98e-01
 5.51985e+15	1.08e-07	1.73e-03	9.98e-01
 5.72214e+15	1.27e-07	1.87e-03	9.98e-01
 5.90449e+15	1.45e-07	2.01e-03	9.98e-01
 6.02397e+15	1.57e-07	2.10e-03	9.98e-01
 6.13748e+15	1.71e-07	2.18e-03	9.98e-01
 6.28504e+15	1.89e-07	2.30e-03	9.98e-01
 6.47687e+15	2.16e-07	2.46e-03	9.98e-01
 6.66994e+15	2.44e-07	2.62e-03	9.97e-01
 6.82141e+15	2.68e-07	2.75e-03	9.97e-01
 6.97508e+15	2.95e-07	2.89e-03	9.97e-01
 7.17485e+15	3.33e-07	3.08e-03	9.97e-01
 7.38435e+15	3.75e-07	3.28e-03	9.97e-01
 7.56222e+15	4.13e-07	3.45e-03	9.97e-01
 7.74920e+15	4.58e-07	3.64e-03	9.96e-01
 7.99226e+15	5.23e-07	3.90e-03	9.96e-01
 8.24023e+15	5.91e-07	4.16e-03	9.96e-01
 8.44399e+15	6.52e-07	4.38e-03	9.96e-01
 8.65832e+15	7.25e-07	4.63e-03	9.95e-01
 8.93696e+15	8.28e-07	4.97e-03	9.95e-01
 9.21963e+15	9.35e-07	5.32e-03	9.95e-01
 9.45358e+15	1.03e-06	5.62e-03	9.94e-01
 9.70375e+15	1.15e-06	5.96e-03	9.94e-01
 9.95361e+15	1.27e-06	6.30e-03	9.94e-01
 1.01591e+16	1.37e-06	6.59e-03	9.93e-01
 1.03823e+16	1.51e-06	6.94e-03	9.93e-01
 1.06251e+16	1.65e-06	7.31e-03	9.93e-01
 1.08539e+16	1.80e-06	7.68e-03	9.92e-01
 1.11119e+16	1.99e-06	8.14e-03	9.92e-01
 1.13806e+16	2.18e-06	8.61e-03	9.91e-01
 1.16245e+16	2.38e-06	9.07e-03	9.91e-01
 1.19028e+16	2.64e-06	9.64e-03	9.90e-01
 1.21916e+16	2.91e-06	1.02e-02	9.90e-01
 1.24467e+16	3.17e-06	1.08e-02	9.89e-01
 1.27310e+16	3.52e-06	1.15e-02	9.88e-01
 1.30361e+16	3.91e-06	1.23e-02	9.88e-01
 1.33084e+16	4.28e-06	1.31e-02	9.87e-01
 1.36022e+16	4.76e-06	1.40e-02	9.86e-01
 1.39211e+16	5.33e-06	1.50e-02	9.85e-01
 1.42053e+16	5.87e-06	1.61e-02	9.84e-01
 1.44676e+16	6.44e-06	1.71e-02	9.83e-01
 1.47685e+16	7.26e-06	1.85e-02	9.81e-01
 1.50697e+16	8.06e-06	2.00e-02	9.80e-01
 1.53106e+16	8.83e-06	2.13e-02	9.79e-01
 1.55632e+16	9.83e-06	2.29e-02	9.77e-01
 1.58374e+16	1.11e-05	2.48e-02	9.75e-01
 1.60781e+16	1.22e-05	2.67e-02	9.73e-01
 1.62893e+16	1.34e-05	2.85e-02	9.71e-01
 1.65234e+16	1.50e-05	3.09e-02	9.69e-01
 1.67734e+16	1.70e-05	3.37e-02	9.66e-01
 1.69823e+16	1.89e-05	3.64e-02	9.64e-01
 1.71638e+16	2.08e-05	3.91e-02	9.61e-01
 1.73716e+16	2.31e-05	4.26e-02	9.57e-01
 1.76018e+16	2.63e-05	4.69e-02	9.53e-01
 1.78050e+16	3.02e-05	5.15e-02	9.48e-01
 1.79675e+16	3.38e-05	5.57e-02	9.44e-01
 1.81107e+16	3.73e-05	5.99e-02	9.40e-01
 1.82743e+16	4.15e-05	6.53e-02	9.35e-01
 1.84868e+16	4.85e-05	7.35e-02	9.26e-01
 1.86921e+16	5.71e-05	8.30e-02	9.17e-01
 1.88345e+16	6.56e-05	9.09e-02	9.09e-01
 1.89338e+16	7.19e-05	9.71e-02	9.03e-01
 1.90304e+16	7.89e-05	1.04e-01	8.96e-01
 1.91561e+16	9.00e-05	1.14e-01	8.86e-01
 1.92881e+16	1.03e-04	1.25e-01	8.75e-01
 1.94029e+16	1.14e-04	1.37e-01	8.63e-01
 1.95047e+16	1.29e-04	1.48e-01	8.52e-01
 1.95825e+16	1.40e-04	1.58e-01	8.42e-01
 1.96510e+16	1.53e-04	1.67e-01	8.33e-01
 1.97230e+16	1.66e-04	1.78e-01	8.22e-01
 1.97994e+16	1.82e-04	1.90e-01	8.10e-01
 1.98815e+16	2.01e-04	2.04e-01	7.95e-01
 1.99518e+16	2.23e-04	2.18e-01	7.82e-01
 2.00061e+16	2.40e-04	2.29e-01	7.71e-01
 2.00591e+16	2.57e-04	2.40e-01	7.59e-01
 2.01280e+16	2.84e-04	2.57e-01	7.43e-01
 2.01968e+16	3.10e-04	2.73e-01	7.26e-01
 2.02563e+16	3.35e-04	2.89e-01	7.11e-01
 2.03243e+16	3.68e-04	3.08e-01	6.91e-01
 2.03961e+16	4.07e-04	3.30e-01	6.70e-01
 2.04563e+16	4.44e-04	3.48e-01	6.51e-01
 2.05081e+16	4.78e-04	3.65e-01	6.34e-01
 2.05656e+16	5.19e-04	3.85e-01	6.14e-01
 2.06403e+16	5.83e-04	4.12e-01	5.87e-01
 2.07098e+16	6.36e-04	4.37e-01	5.62e-01
 2.07726e+16	6.95e-04	4.62e-01	5.38e-01
 2.08424e+16	7.69e-04	4.89e-01	5.10e-01
 2.09036e+16	8.31e-04	5.12e-01	4.87e-01
 2.09526e+16	8.87e-04	5.31e-01	4.68e-01
 2.09942e+16	9.40e-04	5.47e-01	4.52e-01
 2.10313e+16	9.86e-04	5.62e-01	4.37e-01
 2.10721e+16	1.04e-03	5.78e-01	4.21e-01
 2.11251e+16	1.11e-03	5.99e-01	4.00e-01
 2.11774e+16	1.19e-03	6.18e-01	3.80e-01
 2.12209e+16	1.25e-03	6.34e-01	3.64e-01
 2.12697e+16	1.33e-03	6.53e-01	3.46e-01
 2.13223e+16	1.41e-03	6.71e-01	3.28e-01
 2.13708e+16	1.49e-03	6.88e-01	3.11e-01
 2.14250e+16	1.58e-03	7.06e-01	2.93e-01
 2.14814e+16	1.69e-03	7.23e-01	2.75e-01
 2.15297e+16	1.78e-03	7.38e-01	2.61e-01
 2.15813e+16	1.88e-03	7.53e-01	2.45e-01
 2.16484e+16	2.02e-03	7.72e-01	2.26e-01
 2.17146e+16	2.16e-03	7.88e-01	2.10e-01
 2.17638e+16	2.27e-03	7.99e-01	1.98e-01
 2.18116e+16	2.39e-03	8.10e-01	1.87e-01
 2.18738e+16	2.54e-03	8.24e-01	1.73e-01
 2.19372e+16	2.72e-03	8.36e-01	1.61e-01
 2.19869e+16	2.86e-03	8.45e-01	1.52e-01
 2.20295e+16	3.00e-03	8.52e-01	1.45e-01
 2.20783e+16	3.15e-03	8.61e-01	1.36e-01
 2.21418e+16	3.37e-03	8.70e-01	1.26e-01
 2.22049e+16	3.61e-03	8.79e-01	1.17e-01
 2.22518e+16	3.81e-03	8.85e-01	1.12e-01
 2.22907e+16	3.98e-03	8.89e-01	1.07e-01
 2.23350e+16	4.19e-03	8.95e-01	1.01e-01
 2.23925e+16	4.48e-03	9.01e-01	9.45e-02
 2.24513e+16	4.82e-03	9.07e-01	8.85e-02
 2.24970e+16	5.12e-03	9.11e-01	8.43e-02
 2.25350e+16	5.38e-03	9.14e-01	8.07e-02
 2.25776e+16	5.70e-03	9.18e-01	7.68e-02
 2.26329e+16	6.14e-03	9.22e-01	7.21e-02
 2.26901e+16	6.70e-03	9.26e-01	6.78e-02
 2.27356e+16	7.20e-03	9.28e-01	6.47e-02
 2.27737e+16	7.67e-03	9.30e-01	6.20e-02
 2.28163e+16	8.23e-03	9.33e-01	5.92e-02
 2.28716e+16	9.06e-03	9.35e-01	5.57e-02
 2.29287e+16	1.01e-02	9.37e-01	5.25e-02
 2.29726e+16	1.12e-02	9.39e-01	5.01e-02
 2.30068e+16	1.21e-02	9.39e-01	4.85e-02
 2.30437e+16	1.32e-02	9.40e-01	4.65e-02
 2.30852e+16	1.46e-02	9.41e-01	4.45e-02
 2.31219e+16	1.62e-02	9.41e-01	4.29e-02
 2.31507e+16	1.76e-02	9.41e-01	4.18e-02
 2.31803e+16	1.93e-02	9.40e-01	4.05e-02
 2.32188e+16	2.17e-02	9.39e-01	3.89e-02
 2.32563e+16	2.50e-02	9.37e-01	3.76e-02
 2.32820e+16	2.79e-02	9.35e-01	3.67e-02
 2.33002e+16	3.01e-02	9.34e-01	3.61e-02
 2.33192e+16	3.27e-02	9.32e-01	3.55e-02
 2.33440e+16	3.64e-02	9.29e-01	3.47e-02
 2.33711e+16	4.16e-02	9.24e-01	3.40e-02
 2.33941e+16	4.71e-02	9.19e-01	3.35e-02
 2.34119e+16	5.22e-02	9.15e-01	3.32e-02
 2.34301e+16	5.79e-02	9.09e-01	3.28e-02
 2.34504e+16	6.57e-02	9.02e-01	3.26e-02
 2.34686e+16	7.42e-02	8.93e-01	3.24e-02
 2.34834e+16	8.19e-02	8.86e-01	3.24e-02
 2.34976e+16	9.05e-02	8.77e-01	3.24e-02
 2.35141e+16	1.02e-01	8.66e-01	3.24e-02
 2.35309e+16	1.15e-01	8.52e-01	3.26e-02
 2.35447e+16	1.28e-01	8.39e-01	3.28e-02
 2.35557e+16	1.40e-01	8.27e-01	3.30e-02
 2.35656e+16	1.52e-01	8.15e-01	3.32e-02
 2.35757e+16	1.65e-01	8.02e-01	3.34e-02
 2.35859e+16	1.79e-01	7.87e-01	3.36e-02
 2.35937e+16	1.91e-01	7.76e-01	3.38e-02
 2.35987e+16	1.99e-01	7.67e-01	3.40e-02
 2.36033e+16	2.06e-01	7.60e-01	3.40e-02
 2.36089e+16	2.16e-01	7.50e-01	3.41e-02
 2.36152e+16	2.27e-01	7.38e-01	3.42e-02
 2.36213e+16	2.39e-01	7.27e-01	3.43e-02
 2.36270e+16	2.50e-01	7.16e-01	3.44e-02
 2.36328e+16	2.62e-01	7.03e-01	3.44e-02
 2.36387e+16	2.75e-01	6.91e-01	3.45e-02
 2.36447e+16	2.88e-01	6.77e-01	3.44e-02
 2.36508e+16	3.02e-01	6.63e-01	3.45e-02
 2.36569e+16	3.17e-01	6.49e-01	3.44e-02
 2.36631e+16	3.32e-01	6.34e-01	3.43e-02
 2.36696e+16	3.49e-01	6.17e-01	3.41e-02
 2.36762e+16	3.65e-01	6.01e-01	3.40e-02
 2.36828e+16	3.83e-01	5.83e-01	3.37e-02
 2.36898e+16	4.02e-01	5.65e-01	3.34e-02
 2.36972e+16	4.22e-01	5.45e-01	3.30e-02
 2.37048e+16	4.42e-01	5.25e-01	3.25e-02
 2.37128e+16	4.63e-01	5.05e-01	3.20e-02
 2.37213e+16	4.86e-01	4.83e-01	3.13e-02
 2.37304e+16	5.09e-01	4.61e-01	3.05e-02
 2.37401e+16	5.32e-01	4.39e-01	2.97e-02
 2.37504e+16	5.54e-01	4.17e-01	2.87e-02
 2.37618e+16	5.77e-01	3.95e-01	2.77e-02
 2.37745e+16	5.99e-01	3.74e-01	2.66e-02
 2.37885e+16	6.19e-01	3.55e-01	2.56e-02
 2.38028e+16	6.36e-01	3.40e-01	2.46e-02
 2.38169e+16	6.49e-01	3.27e-01	2.37e-02
 2.38307e+16	6.59e-01	3.18e-01	2.31e-02
 2.38444e+16	6.67e-01	3.10e-01	2.24e-02
 2.38601e+16	6.75e-01	3.03e-01	2.18e-02
 2.38805e+16	6.82e-01	2.96e-01	2.11e-02
 2.39071e+16	6.90e-01	2.89e-01	2.03e-02
 2.39415e+16	6.98e-01	2.83e-01	1.94e-02
 2.39864e+16	7.06e-01	2.75e-01	1.83e-02
 2.40446e+16	7.16e-01	2.67e-01	1.71e-02
 2.41204e+16	7.28e-01	2.57e-01	1.56e-02
 2.42086e+16	7.40e-01	2.46e-01	1.41e-02
 2.42972e+16	7.52e-01	2.36e-01	1.28e-02
 2.43827e+16	7.62e-01	2.26e-01	1.17e-02
 2.44684e+16	7.72e-01	2.17e-01	1.07e-02
 2.45562e+16	7.82e-01	2.08e-01	9.72e-03
 2.46458e+16	7.92e-01	1.99e-01	8.83e-03
 2.47369e+16	8.01e-01	1.91e-01	8.04e-03
 2.48290e+16	8.09e-01	1.83e-01	7.32e-03
 2.49214e+16	8.18e-01	1.76e-01	6.67e-03
 2.50145e+16	8.26e-01	1.68e-01	6.09e-03
 2.51072e+16	8.33e-01	1.62e-01	5.56e-03
 2.51999e+16	8.40e-01	1.55e-01	5.10e-03
 2.52941e+16	8.46e-01	1.49e-01	4.66e-03
 2.53893e+16	8.53e-01	1.43e-01	4.25e-03
 2.54862e+16	8.59e-01	1.37e-01	3.89e-03
 2.55838e+16	8.65e-01	1.31e-01	3.55e-03
 2.56810e+16	8.71e-01	1.26e-01	3.25e-03
 2.57783e+16	8.76e-01	1.21e-01	2.98e-03
 2.58763e+16	8.81e-01	1.16e-01	2.73e-03
 2.59573e+16	8.85e-01	1.13e-01	2.56e-03
 2.60151e+16	8.87e-01	1.10e-01	2.44e-03
 2.60678e+16	8.90e-01	1.08e-01	2.33e-03
 2.61234e+16	8.92e-01	1.05e-01	2.22e-03
 2.61797e+16	8.95e-01	1.03e-01	2.11e-03
 2.62351e+16	8.97e-01	1.01e-01	2.02e-03
 2.62902e+16	9.00e-01	9.85e-02	1.92e-03
 2.63433e+16	9.02e-01	9.66e-02	1.85e-03
 2.63945e+16	9.04e-01	9.46e-02	1.77e-03
 2.64446e+16	9.06e-01	9.28e-02	1.69e-03
 2.64937e+16	9.07e-01	9.10e-02	1.63e-03
 2.65421e+16	9.09e-01	8.93e-02	1.56e-03
 2.65897e+16	9.11e-01	8.77e-02	1.50e-03
 2.66365e+16	9.12e-01	8.61e-02	1.45e-03
 2.66827e+16	9.14e-01	8.46e-02	1.39e-03
 2.67282e+16	9.16e-01	8.31e-02	1.34e-03
 2.67730e+16	9.17e-01	8.17e-02	1.29e-03
 2.68171e+16	9.18e-01	8.04e-02	1.25e-03
 2.68604e+16	9.20e-01	7.90e-02	1.21e-03
 2.69031e+16	9.21e-01	7.78e-02	1.17e-03
 2.69452e+16	9.22e-01	7.65e-02	1.13e-03
 2.69867e+16	9.24e-01	7.54e-02	1.09e-03
 2.70278e+16	9.25e-01	7.42e-02	1.06e-03
 2.70684e+16	9.26e-01	7.31e-02	1.02e-03
 2.71086e+16	9.27e-01	7.20e-02	9.90e-04
 2.71484e+16	9.28e-01	7.09e-02	9.60e-04
 2.71879e+16	9.29e-01	6.99e-02	9.30e-04
 2.72272e+16	9.30e-01	6.89e-02	9.02e-04
 2.72663e+16	9.31e-01	6.79e-02	8.75e-04
 2.73052e+16	9.32e-01	6.69e-02	8.48e-04
 2.73442e+16	9.33e-01	6.60e-02	8.23e-04
 2.73831e+16	9.34e-01	6.50e-02	7.98e-04
 2.74222e+16	9.35e-01	6.41e-02	7.74e-04
 2.74615e+16	9.36e-01	6.32e-02	7.51e-04
 2.75018e+16	9.37e-01	6.23e-02	7.28e-04
 2.75433e+16	9.38e-01	6.13e-02	7.05e-04
 2.75857e+16	9.39e-01	6.04e-02	6.82e-04
 2.76292e+16	9.40e-01	5.94e-02	6.59e-04
 2.76741e+16	9.41e-01	5.85e-02	6.37e-04
 2.77210e+16	9.42e-01	5.75e-02	6.14e-04
 2.77704e+16	9.43e-01	5.64e-02	5.91e-04
 2.78222e+16	9.44e-01	5.54e-02	5.68e-04
 2.78786e+16	9.45e-01	5.42e-02	5.43e-04
 2.79439e+16	9.47e-01	5.29e-02	5.16e-04
 2.80194e+16	9.48e-01	5.15e-02	4.86e-04
 2.80989e+16	9.50e-01	5.00e-02	4.58e-04
 2.81739e+16	9.51e-01	4.87e-02	4.33e-04
 2.82421e+16	9.52e-01	4.75e-02	4.11e-04
 2.83042e+16	9.53e-01	4.65e-02	3.92e-04
 2.83607e+16	9.54e-01	4.56e-02	3.76e-04
 2.84121e+16	9.55e-01	4.47e-02	3.62e-04
 2.84588e+16	9.56e-01	4.40e-02	3.49e-04
 2.85101e+16	9.57e-01	4.32e-02	3.35e-04
 2.85654e+16	9.57e-01	4.23e-02	3.21e-04
 2.86158e+16	9.58e-01	4.15e-02	3.09e-04
 2.86616e+16	9.59e-01	4.08e-02	2.99e-04
 2.87033e+16	9.59e-01	4.02e-02	2.89e-04
 2.87490e+16	9.60e-01	3.95e-02	2.79e-04
 2.87983e+16	9.61e-01	3.88e-02	2.68e-04
 2.88432e+16	9.62e-01	3.82e-02	2.59e-04
 2.88840e+16	9.62e-01	3.76e-02	2.51e-04
 2.89212e+16	9.63e-01	3.71e-02	2.44e-04
 2.89620e+16	9.63e-01	3.65e-02	2.36e-04
 2.90059e+16	9.64e-01	3.59e-02	2.28e-04
 2.90459e+16	9.64e-01	3.53e-02	2.20e-04
 2.90824e+16	9.65e-01	3.48e-02	2.14e-04
 2.91155e+16	9.65e-01	3.44e-02	2.08e-04
 2.91518e+16	9.66e-01	3.39e-02	2.02e-04
 2.91910e+16	9.66e-01	3.33e-02	1.95e-04
 2.92267e+16	9.67e-01	3.29e-02	1.90e-04
 2.92592e+16	9.67e-01	3.25e-02	1.85e-04
 2.92947e+16	9.68e-01	3.20e-02	1.79e-04
 2.93331e+16	9.68e-01	3.15e-02	1.74e-04
 2.93681e+16	9.69e-01	3.10e-02	1.69e-04
 2.93999e+16	9.69e-01	3.07e-02	1.64e-04
 2.94347e+16	9.70e-01	3.02e-02	1.59e-04
 2.94724e+16	9.70e-01	2.97e-02	1.54e-04
 2.95066e+16	9.71e-01	2.93e-02	1.50e-04
 2.95377e+16	9.71e-01	2.90e-02	1.46e-04
 2.95719e+16	9.71e-01	2.85e-02	1.42e-04
 2.96087e+16	9.72e-01	2.81e-02	1.38e-04
 2.96423e+16	9.72e-01	2.77e-02	1.34e-04
 2.96728e+16	9.72e-01	2.74e-02	1.31e-04
 2.97062e+16	9.73e-01	2.70e-02	1.27e-04
 2.97424e+16	9.73e-01	2.66e-02	1.23e-04
 2.97752e+16	9.74e-01	2.63e-02	1.20e-04
 2.98051e+16	9.74e-01	2.59e-02	1.17e-04
 2.98379e+16	9.74e-01	2.56e-02	1.14e-04
 2.98732e+16	9.75e-01	2.52e-02	1.10e-04
 2.99054e+16	9.75e-01	2.49e-02	1.07e-04
 2.99407e+16	9.75e-01	2.45e-02	1.04e-04
 2.99788e+16	9.76e-01	2.41e-02	1.01e-04
 3.00134e+16	9.76e-01	2.38e-02	9.83e-05
 3.00450e+16	9.76e-01	2.35e-02	9.59e-05
 3.00795e+16	9.77e-01	2.32e-02	9.30e-05
 3.01168e+16	9.77e-01	2.28e-02	9.04e-05
 3.01508e+16	9.77e-01	2.25e-02	8.81e-05
 3.01880e+16	9.78e-01	2.22e-02	8.53e-05
 3.02281e+16	9.78e-01	2.19e-02	8.27e-05
 3.02647e+16	9.78e-01	2.16e-02	8.05e-05
 3.03047e+16	9.79e-01	2.12e-02	7.79e-05
 3.03479e+16	9.79e-01	2.09e-02	7.53e-05
 3.03873e+16	9.79e-01	2.06e-02	7.32e-05
 3.04231e+16	9.80e-01	2.03e-02	7.12e-05
 3.04623e+16	9.80e-01	2.00e-02	6.90e-05
 3.05047e+16	9.80e-01	1.96e-02	6.68e-05
 3.05432e+16	9.81e-01	1.94e-02	6.50e-05
 3.05854e+16	9.81e-01	1.90e-02	6.28e-05
 3.06310e+16	9.81e-01	1.87e-02	6.08e-05
 3.06725e+16	9.81e-01	1.84e-02	5.90e-05
 3.07180e+16	9.82e-01	1.81e-02	5.69e-05
 3.07671e+16	9.82e-01	1.78e-02	5.49e-05
 3.08117e+16	9.82e-01	1.75e-02	5.32e-05
 3.08524e+16	9.83e-01	1.73e-02	5.17e-05
 3.08969e+16	9.83e-01	1.70e-02	5.00e-05
 3.09450e+16	9.83e-01	1.67e-02	4.83e-05
 3.09887e+16	9.84e-01	1.64e-02	4.68e-05
 3.10367e+16	9.84e-01	1.61e-02	4.52e-05
 3.10885e+16	9.84e-01	1.58e-02	4.36e-05
 3.11356e+16	9.84e-01	1.56e-02	4.22e-05
 3.11872e+16	9.85e-01	1.53e-02	4.06e-05
 3.12429e+16	9.85e-01	1.50e-02	3.91e-05
 3.12936e+16	9.85e-01	1.47e-02	3.78e-05
 3.13397e+16	9.85e-01	1.45e-02	3.67e-05
 3.13903e+16	9.86e-01	1.43e-02	3.54e-05
 3.14449e+16	9.86e-01	1.40e-02	3.41e-05
 3.14946e+16	9.86e-01	1.38e-02	3.30e-05
 3.15490e+16	9.86e-01	1.35e-02	3.18e-05
 3.16078e+16	9.87e-01	1.32e-02	3.06e-05
 3.16613e+16	9.87e-01	1.30e-02	2.96e-05
 3.17199e+16	9.87e-01	1.28e-02	2.84e-05
 3.17831e+16	9.87e-01	1.25e-02	2.73e-05
 3.18407e+16	9.88e-01	1.23e-02	2.63e-05
 3.19038e+16	9.88e-01	1.20e-02	2.53e-05
 3.19719e+16	9.88e-01	1.18e-02	2.42e-05
 3.20339e+16	9.88e-01	1.15e-02	2.33e-05
 3.21018e+16	9.89e-01	1.13e-02	2.24e-05
 3.21751e+16	9.89e-01	1.10e-02	2.13e-05
 3.22418e+16	9.89e-01	1.08e-02	2.05e-05
 3.23149e+16	9.89e-01	1.06e-02	1.96e-05
 3.23938e+16	9.90e-01	1.03e-02	1.87e-05
 3.24657e+16	9.90e-01	1.01e-02	1.79e-05
 3.25310e+16	9.90e-01	9.91e-03	1.73e-05
 3.26027e+16	9.90e-01	9.69e-03	1.65e-05
 3.26800e+16	9.91e-01	9.47e-03	1.58e-05
 3.27503e+16	9.91e-01	9.29e-03	1.52e-05
 3.28274e+16	9.91e-01	9.07e-03	1.45e-05
 3.29107e+16	9.91e-01	8.86e-03	1.38e-05
 3.29864e+16	9.91e-01	8.67e-03	1.33e-05
 3.30694e+16	9.92e-01	8.46e-03	1.26e-05
 3.31590e+16	9.92e-01	8.25e-03	1.20e-05
 3.32406e+16	9.92e-01	8.07e-03	1.15e-05
 3.33299e+16	9.92e-01	7.87e-03	1.10e-05
 3.34264e+16	9.92e-01	7.66e-03	1.04e-05
 3.35142e+16	9.93e-01	7.49e-03	9.95e-06
 3.36104e+16	9.93e-01	7.29e-03	9.42e-06
 3.37142e+16	9.93e-01	7.09e-03	8.93e-06
 3.38087e+16	9.93e-01	6.92e-03	8.51e-06
 3.39123e+16	9.93e-01	6.73e-03	8.04e-06
 3.40241e+16	9.93e-01	6.54e-03	7.61e-06
 3.41258e+16	9.94e-01	6.37e-03	7.23e-06
 3.42373e+16	9.94e-01	6.18e-03	6.82e-06
 3.43577e+16	9.94e-01	6.00e-03	6.43e-06
 3.44672e+16	9.94e-01	5.84e-03	6.10e-06
 3.45872e+16	9.94e-01	5.66e-03	5.73e-06
 3.47168e+16	9.95e-01	5.49e-03	5.39e-06
 3.48347e+16	9.95e-01	5.34e-03	5.10e-06
 3.49639e+16	9.95e-01	5.16e-03	4.78e-06
 3.51033e+16	9.95e-01	5.00e-03	4.48e-06
 3.52562e+16	9.95e-01	4.81e-03	4.15e-06
 3.54326e+16	9.95e-01	4.61e-03	3.82e-06
 3.56188e+16	9.96e-01	4.41e-03	3.51e-06
 3.58151e+16	9.96e-01	4.22e-03	3.21e-06
 3.60193e+16	9.96e-01	4.02e-03	2.92e-06
 3.62311e+16	9.96e-01	3.84e-03	2.66e-06
 3.64477e+16	9.96e-01	3.66e-03	2.42e-06
 3.66673e+16	9.97e-01	3.48e-03	2.20e-06
 3.68904e+16	9.97e-01	3.32e-03	2.00e-06
 3.71171e+16	9.97e-01	3.16e-03	1.81e-06
 3.73478e+16	9.97e-01	3.01e-03	1.65e-06
 3.75826e+16	9.97e-01	2.86e-03	1.49e-06
 3.78214e+16	9.97e-01	2.72e-03	1.35e-06
 3.80641e+16	9.97e-01	2.59e-03	1.22e-06
 3.83108e+16	9.98e-01	2.46e-03	1.11e-06
 3.85571e+16	9.98e-01	2.34e-03	1.00e-06
 3.88069e+16	9.98e-01	2.22e-03	9.07e-07
 3.90664e+16	9.98e-01	2.11e-03	8.18e-07
 3.93313e+16	9.98e-01	2.00e-03	7.37e-07
 3.95995e+16	9.98e-01	1.90e-03	6.63e-07
 3.98717e+16	9.98e-01	1.80e-03	5.96e-07
 4.01488e+16	9.98e-01	1.70e-03	5.36e-07
 4.04309e+16	9.98e-01	1.61e-03	4.81e-07
 4.07180e+16	9.98e-01	1.53e-03	4.31e-07
 4.10101e+16	9.99e-01	1.44e-03	3.86e-07
 4.13076e+16	9.99e-01	1.36e-03	3.45e-07
 4.16106e+16	9.99e-01	1.29e-03	3.08e-07
 4.19191e+16	9.99e-01	1.21e-03	2.74e-07
 4.22336e+16	9.99e-01	1.14e-03	2.44e-07
 4.25545e+16	9.99e-01	1.08e-03	2.17e-07
 4.28821e+16	9.99e-01	1.01e-03	1.92e-07
 4.32165e+16	9.99e-01	9.54e-04	1.70e-07
 4.35579e+16	9.99e-01	8.96e-04	1.50e-07
 4.39067e+16	9.99e-01	8.40e-04	1.32e-07
 4.42633e+16	9.99e-01	7.88e-04	1.16e-07
 4.46283e+16	9.99e-01	7.37e-04	1.02e-07
 4.50020e+16	9.99e-01	6.89e-04	8.93e-08
 4.53850e+16	9.99e-01	6.43e-04	7.79e-08
 4.57725e+16	9.99e-01	6.01e-04	6.80e-08
 4.61692e+16	9.99e-01	5.59e-04	5.91e-08
 4.65846e+16	9.99e-01	5.20e-04	5.10e-08
 4.70150e+16	1.00e+00	4.82e-04	4.39e-08
 4.74543e+16	1.00e+00	4.46e-04	3.76e-08
 4.79064e+16	1.00e+00	4.12e-04	3.21e-08
 4.83785e+16	1.00e+00	3.79e-04	2.72e-08
 4.88700e+16	1.00e+00	3.48e-04	2.30e-08
 4.93803e+16	1.00e+00	3.18e-04	1.93e-08
 4.99115e+16	1.00e+00	2.90e-04	1.60e-08
 5.04670e+16	1.00e+00	2.64e-04	1.32e-08
 5.10519e+16	1.00e+00	2.38e-04	1.08e-08
 5.16688e+16	1.00e+00	2.14e-04	8.78e-09
 5.23197e+16	1.00e+00	1.92e-04	7.04e-09
 5.30152e+16	1.00e+00	1.70e-04	5.56e-09
 5.37617e+16	1.00e+00	1.50e-04	4.32e-09
 5.45623e+16	1.00e+00	1.31e-04	3.30e-09
 5.54300e+16	1.00e+00	1.13e-04	2.47e-09
 5.63833e+16	1.00e+00	9.68e-05	1.80e-09
 5.74441e+16	1.00e+00	8.12e-05	1.27e-09
 5.86243e+16	1.00e+00	6.70e-05	8.63e-10
 5.99760e+16	1.00e+00	5.37e-05	5.56e-10
 6.14977e+16	1.00e+00	4.22e-05	3.44e-10
 6.30727e+16	1.00e+00	3.30e-05	2.11e-10
 6.46286e+16	1.00e+00	2.61e-05	1.32e-10
 6.61734e+16	1.00e+00	2.07e-05	8.32e-11
 6.77375e+16	1.00e+00	1.64e-05	5.26e-11
 6.93370e+16	1.00e+00	1.30e-05	3.31e-11
 7.09671e+16	1.00e+00	1.04e-05	2.10e-11
 7.26260e+16	1.00e+00	8.24e-06	1.33e-11
 7.43220e+16	1.00e+00	6.54e-06	8.38e-12
 7.60501e+16	1.00e+00	5.20e-06	5.30e-12
 7.78092e+16	1.00e+00	4.14e-06	3.36e-12
 7.96090e+16	1.00e+00	3.29e-06	2.13e-12
 8.14527e+16	1.00e+00	2.61e-06	1.34e-12
 8.33223e+16	1.00e+00	2.07e-06	8.50e-13
 8.52295e+16	1.00e+00	1.65e-06	5.39e-13
 8.72048e+16	1.00e+00	1.31e-06	3.39e-13
 8.92403e+16	1.00e+00	1.04e-06	2.13e-13
 9.13318e+16	1.00e+00	8.19e-07	1.33e-13
 9.34435e+16	1.00e+00	6.50e-07	8.38e-14
 9.55122e+16	1.00e+00	5.20e-07	5.38e-14
 9.75171e+16	1.00e+00	4.21e-07	3.53e-14
 9.94671e+16	1.00e+00	3.44e-07	2.36e-14
 1.01373e+17	1.00e+00	2.83e-07	1.60e-14
 1.03235e+17	1.00e+00	2.35e-07	1.10e-14
 1.05043e+17	1.00e+00	1.97e-07	7.73e-15
 1.06787e+17	1.00e+00	1.66e-07	5.51e-15
 1.08465e+17	1.00e+00	1.41e-07	3.99e-15
 1.10076e+17	1.00e+00	1.21e-07	2.94e-15
 1.11622e+17	1.00e+00	1.05e-07	2.20e-15
 1.13103e+17	1.00e+00	9.15e-08	1.68e-15
 1.14522e+17	1.00e+00	8.04e-08	1.29e-15
 1.15878e+17	1.00e+00	7.11e-08	1.01e-15
 1.17171e+17	1.00e+00	6.32e-08	8.02e-16
 1.18404e+17	1.00e+00	5.67e-08	6.44e-16
 1.19578e+17	1.00e+00	5.11e-08	5.23e-16
 1.20696e+17	1.00e+00	4.63e-08	4.30e-16
 1.21760e+17	1.00e+00	4.22e-08	3.57e-16
 1.22773e+17	1.00e+00	3.86e-08	3.00e-16
 1.23737e+17	1.00e+00	3.56e-08	2.54e-16
 1.24653e+17	1.00e+00	3.29e-08	2.17e-16
 1.25524e+17	1.00e+00	3.05e-08	1.87e-16
 1.26352e+17	1.00e+00	2.85e-08	1.63e-16
 1.27139e+17	1.00e+00	2.66e-08	1.43e-16
 1.27888e+17	1.00e+00	2.50e-08	1.26e-16
 1.28601e+17	1.00e+00	2.36e-08	1.12e-16
 1.29279e+17	1.00e+00	2.23e-08	9.97e-17
 1.29925e+17	1.00e+00	2.11e-08	8.95e-17
 1.30539e+17	1.00e+00	2.01e-08	8.09e-17
 1.31124e+17	1.00e+00	1.91e-08	7.35e-17
 1.31682e+17	1.00e+00	1.82e-08	6.70e-17
 1.32214e+17	1.00e+00	1.75e-08	6.14e-17
 1.32721e+17	1.00e+00	1.68e-08	5.66e-17
 1.33205e+17	1.00e+00	1.61e-08	5.23e-17
 1.33668e+17	1.00e+00	1.55e-08	4.85e-17
 1.34110e+17	1.00e+00	1.50e-08	4.51e-17
 1.34533e+17	1.00e+00	1.45e-08	4.21e-17
 1.34938e+17	1.00e+00	1.40e-08	3.95e-17
 1.35326e+17	1.00e+00	1.36e-08	3.71e-17
 1.35699e+17	1.00e+00	1.32e-08	3.49e-17
 1.36057e+17	1.00e+00	1.28e-08	3.30e-17
 1.36401e+17	1.00e+00	1.24e-08	3.12e-17
 1.36733e+17	1.00e+00	1.21e-08	2.96e-17
 1.37054e+17	1.00e+00	1.18e-08	2.81e-17
 1.37364e+17	1.00e+00	1.15e-08	2.67e-17
 1.37665e+17	1.00e+00	1.12e-08	2.55e-17
 1.37957e+17	1.00e+00	1.10e-08	2.43e-17
 1.38242e+17	1.00e+00	1.07e-08	2.33e-17
 1.38521e+17	1.00e+00	1.05e-08	2.22e-17
 1.38794e+17	1.00e+00	1.03e-08	2.13e-17
 1.39062e+17	1.00e+00	1.01e-08	2.04e-17
 1.39328e+17	1.00e+00	9.85e-09	1.96e-17
 1.39592e+17	1.00e+00	9.64e-09	1.88e-17
 1.39855e+17	1.00e+00	9.44e-09	1.80e-17
 1.40120e+17	1.00e+00	9.25e-09	1.73e-17
 1.40388e+17	1.00e+00	9.05e-09	1.65e-17
 1.40661e+17	1.00e+00	8.86e-09	1.58e-17
 1.40942e+17	1.00e+00	8.66e-09	1.52e-17
 1.41234e+17	1.00e+00	8.46e-09	1.45e-17
 1.41542e+17	1.00e+00	8.26e-09	1.38e-17
 1.41870e+17	1.00e+00	8.05e-09	1.31e-17
 1.42225e+17	1.00e+00	7.82e-09	1.24e-17
 1.42616e+17	1.00e+00	7.58e-09	1.16e-17
 1.43057e+17	1.00e+00	7.32e-09	1.08e-17
 1.43566e+17	1.00e+00	7.03e-09	9.99e-18
 1.44171e+17	1.00e+00	6.70e-09	9.07e-18
 1.44913e+17	1.00e+00	6.31e-09	8.06e-18
 1.45860e+17	1.00e+00	5.85e-09	6.92e-18
 1.47088e+17	1.00e+00	5.31e-09	5.70e-18
 1.48686e+17	1.00e+00	4.68e-09	4.43e-18
 1.50763e+17	1.00e+00	3.97e-09	3.20e-18
 1.53462e+17	1.00e+00	3.22e-09	2.11e-18
 1.56972e+17	1.00e+00	2.46e-09	1.23e-18
 1.61535e+17	1.00e+00	1.75e-09	6.22e-19
 1.67186e+17	1.00e+00	1.16e-09	2.73e-19
 1.73421e+17	1.00e+00	7.46e-10	1.14e-19
 1.79838e+17	1.00e+00	4.79e-10	4.69e-20
 1.86410e+17	1.00e+00	3.07e-10	1.93e-20
 1.93044e+17	1.00e+00	1.98e-10	8.04e-21
 1.99678e+17	1.00e+00	1.29e-10	0.00e+00
 2.06313e+17	1.00e+00	8.44e-11	0.00e+00
 2.12947e+17	1.00e+00	5.59e-11	0.00e+00
 2.19582e+17	1.00e+00	3.75e-11	0.00e+00
 2.26216e+17	1.00e+00	2.55e-11	0.00e+00
 2.32850e+17	1.00e+00	1.76e-11	0.00e+00
 2.39485e+17	1.00e+00	1.23e-11	0.00e+00
 2.46119e+17	1.00e+00	8.87e-12	0.00e+00
 2.52754e+17	1.00e+00	6.55e-12	0.00e+00
 2.59388e+17	1.00e+00	4.99e-12	0.00e+00
 2.66022e+17	1.00e+00	3.92e-12	0.00e+00
 2.72657e+17	1.00e+00	3.19e-12	0.00e+00
 2.79291e+17	1.00e+00	2.68e-12	0.00e+00
 2.85925e+17	1.00e+00	2.32e-12	0.00e+00
 2.92560e+17	1.00e+00	2.06e-12	0.00e+00
 2.99194e+17	1.00e+00	1.86e-12	0.00e+00
 3.05829e+17	1.00e+00	1.71e-12	0.00e+00
 3.12463e+17	1.00e+00	1.60e-12	0.00e+00
 3.19097e+17	1.00e+00	1.50e-12	0.00e+00
 3.25732e+17	1.00e+00	1.42e-12	0.00e+00
 3.32366e+17	1.00e+00	1.34e-12	0.00e+00
 3.39001e+17	1.00e+00	1.28e-12	0.00e+00
 3.45635e+17	1.00e+00	1.22e-12	0.00e+00
 3.53265e+17	1.00e+00	1.16e-12	0.00e+00
 3.63183e+17	1.00e+00	9.20e-13	0.00e+00
 3.76077e+17	1.00e+00	6.35e-13	0.00e+00
 3.91032e+17	1.00e+00	3.79e-13	0.00e+00
 4.06019e+17	1.00e+00	2.93e-13	0.00e+00
 4.19513e+17	1.00e+00	2.69e-13	0.00e+00
 4.29922e+17	1.00e+00	2.95e-13	0.00e+00
 4.36331e+17	1.00e+00	3.75e-13	0.00e+00
 4.39509e+17	1.00e+00	4.67e-13	0.00e+00
 4.41095e+17	1.00e+00	5.18e-13	0.00e+00
 4.42024e+17	1.00e+00	5.45e-13	0.00e+00
 4.42582e+17	1.00e+00	5.60e-13	0.00e+00
 4.43004e+17	1.00e+00	5.69e-13	0.00e+00
 4.43490e+17	1.00e+00	5.76e-13	0.00e+00
 4.44071e+17	1.00e+00	5.83e-13	0.00e+00
 4.44697e+17	1.00e+00	5.89e-13	0.00e+00
 4.45242e+17	1.00e+00	5.93e-13	0.00e+00
 4.45637e+17	1.00e+00	5.96e-13	0.00e+00
 4.45958e+17	1.00e+00	5.98e-13	0.00e+00
 4.46301e+17	1.00e+00	6.00e-13	0.00e+00
 4.46690e+17	1.00e+00	6.01e-13	0.00e+00
 4.47084e+17	1.00e+00	6.01e-13	0.00e+00
 4.47428e+17	1.00e+00	6.01e-13	0.00e+00
 4.47702e+17	1.00e+00	6.01e-13	0.00e+00
 4.47948e+17	1.00e+00	6.01e-13	0.00e+00
 4.48204e+17	1.00e+00	6.01e-13	0.00e+00
 4.48463e+17	1.00e+00	6.00e-13	0.00e+00
 4.48706e+17	1.00e+00	5.99e-13	0.00e+00
 4.48938e+17	1.00e+00	5.99e-13	0.00e+00
 4.49163e+17	1.00e+00	5.98e-13	0.00e+00
 4.49384e+17	1.00e+00	5.97e-13	0.00e+00
 4.49597e+17	1.00e+00	5.95e-13	0.00e+00
 4.49803e+17	1.00e+00	5.94e-13	0.00e+00
 4.50003e+17	1.00e+00	5.93e-13	0.00e+00
 4.50195e+17	1.00e+00	5.92e-13	0.00e+00
 4.50380e+17	1.00e+00	5.90e-13	0.00e+00
 4.50561e+17	1.00e+00	5.89e-13	0.00e+00
 4.50741e+17	1.00e+00	5.88e-13	0.00e+00
 4.50919e+17	1.00e+00	5.86e-13	0.00e+00
 4.51095e+17	1.00e+00	5.84e-13	0.00e+00
 4.51262e+17	1.00e+00	5.83e-13	0.00e+00
 4.51425e+17	1.00e+00	5.82e-13	0.00e+00
 4.51596e+17	1.00e+00	5.80e-13	0.00e+00
 4.51773e+17	1.00e+00	5.78e-13	0.00e+00
 4.51946e+17	1.00e+00	5.76e-13	0.00e+00
 4.52113e+17	1.00e+00	5.74e-13	0.00e+00
 4.52283e+17	1.00e+00	5.72e-13	0.00e+00
 4.52456e+17	1.00e+00	5.70e-13	0.00e+00
 4.52631e+17	1.00e+00	5.68e-13	0.00e+00
 4.52807e+17	1.00e+00	5.65e-13	0.00e+00
 4.52984e+17	1.00e+00	5.63e-13	0.00e+00
 4.53162e+17	1.00e+00	5.61e-13	0.00e+00
 4.53335e+17	1.00e+00	5.58e-13	0.00e+00
 4.53512e+17	1.00e+00	5.56e-13	0.00e+00
 4.53703e+17	1.00e+00	5.53e-13	0.00e+00
 4.53923e+17	1.00e+00	5.50e-13	0.00e+00
 4.54148e+17	1.00e+00	5.46e-13	0.00e+00
 4.54346e+17	1.00e+00	5.43e-13	0.00e+00
 4.54525e+17	1.00e+00	5.41e-13	0.00e+00
 4.54722e+17	1.00e+00	5.38e-13	0.00e+00
 4.54966e+17	1.00e+00	5.34e-13	0.00e+00
 4.55229e+17	1.00e+00	5.30e-13	0.00e+00
 4.55472e+17	1.00e+00	5.25e-13	0.00e+00
 4.55690e+17	1.00e+00	5.22e-13	0.00e+00
 4.55908e+17	1.00e+00	5.18e-13	0.00e+00
 4.56152e+17	1.00e+00	5.14e-13	0.00e+00
 4.56430e+17	1.00e+00	5.10e-13	0.00e+00
 4.56715e+17	1.00e+00	5.04e-13	0.00e+00
 4.56976e+17	1.00e+00	5.00e-13	0.00e+00
 4.57237e+17	1.00e+00	4.95e-13	0.00e+00
 4.57532e+17	1.00e+00	4.90e-13	0.00e+00
 4.57855e+17	1.00e+00	4.85e-13	0.00e+00
 4.58187e+17	1.00e+00	4.78e-13	0.00e+00
 4.58499e+17	1.00e+00	4.72e-13	0.00e+00
 4.58798e+17	1.00e+00	4.67e-13	0.00e+00
 4.59120e+17	1.00e+00	4.61e-13	0.00e+00
 4.59469e+17	1.00e+00	4.55e-13	0.00e+00
 4.59844e+17	1.00e+00	4.48e-13	0.00e+00
 4.60228e+17	1.00e+00	4.41e-13	0.00e+00
 4.60609e+17	1.00e+00	4.34e-13	0.00e+00
 4.60992e+17	1.00e+00	4.27e-13	0.00e+00
 4.61384e+17	1.00e+00	4.20e-13	0.00e+00
 4.61794e+17	1.00e+00	4.12e-13	0.00e+00
 4.62225e+17	1.00e+00	4.04e-13	0.00e+00
 4.62671e+17	1.00e+00	3.96e-13	0.00e+00
 4.63121e+17	1.00e+00	3.88e-13	0.00e+00
 4.63566e+17	1.00e+00	3.80e-13	0.00e+00
 4.64038e+17	1.00e+00	3.72e-13	0.00e+00
 4.64561e+17	1.00e+00	3.62e-13	0.00e+00
 4.65085e+17	1.00e+00	3.52e-13	0.00e+00
 4.65573e+17	1.00e+00	3.43e-13	0.00e+00
 4.66068e+17	1.00e+00	3.35e-13	0.00e+00
 4.66608e+17	1.00e+00	3.26e-13	0.00e+00
 4.67190e+17	1.00e+00	3.16e-13	0.00e+00
 4.67784e+17	1.00e+00	3.06e-13	0.00e+00
 4.68356e+17	1.00e+00	2.96e-13	0.00e+00
 4.68912e+17	1.00e+00	2.86e-13	0.00e+00
 4.69493e+17	1.00e+00	2.77e-13	0.00e+00
 4.70127e+17	1.00e+00	2.67e-13	0.00e+00
 4.70795e+17	1.00e+00	2.56e-13	0.00e+00
 4.71455e+17	1.00e+00	2.46e-13	0.00e+00
 4.72090e+17	1.00e+00	2.36e-13	0.00e+00
 4.72731e+17	1.00e+00	2.27e-13	0.00e+00
 4.73419e+17	1.00e+00	2.17e-13	0.00e+00
 4.74155e+17	1.00e+00	2.06e-13	0.00e+00
 4.74893e+17	1.00e+00	1.96e-13	0.00e+00
 4.75610e+17	1.00e+00	1.86e-13	0.00e+00
 4.76323e+17	1.00e+00	1.77e-13	0.00e+00
 4.77088e+17	1.00e+00	1.67e-13	0.00e+00
 4.77914e+17	1.00e+00	1.57e-13	0.00e+00
 4.78733e+17	1.00e+00	1.47e-13	0.00e+00
 4.79525e+17	1.00e+00	1.38e-13	0.00e+00
 4.80342e+17	1.00e+00	1.29e-13	0.00e+00
 4.81228e+17	1.00e+00	1.20e-13	0.00e+00
 4.82158e+17	1.00e+00	1.11e-13	0.00e+00
 4.83076e+17	1.00e+00	1.02e-13	0.00e+00
 4.83895e+17	1.00e+00	9.38e-14	0.00e+00
 4.84571e+17	1.00e+00	8.75e-14	0.00e+00
 4.85143e+17	1.00e+00	8.25e-14	0.00e+00
 4.85683e+17	1.00e+00	7.85e-14	0.00e+00
 4.86236e+17	1.00e+00	7.45e-14	0.00e+00
 4.86791e+17	1.00e+00	7.04e-14	0.00e+00
 4.87314e+17	1.00e+00	6.66e-14	0.00e+00
 4.87782e+17	1.00e+00	6.33e-14	0.00e+00
 4.88208e+17	1.00e+00	6.04e-14	0.00e+00
 4.88617e+17	1.00e+00	5.79e-14	0.00e+00
 4.89028e+17	1.00e+00	5.54e-14	0.00e+00
 4.89436e+17	1.00e+00	5.29e-14	0.00e+00
 4.89825e+17	1.00e+00	5.06e-14	0.00e+00
 4.90188e+17	1.00e+00	4.86e-14	0.00e+00
 4.90531e+17	1.00e+00	4.67e-14	0.00e+00
 4.90865e+17	1.00e+00	4.49e-14	0.00e+00
 4.91197e+17	1.00e+00	4.32e-14	0.00e+00
 4.91522e+17	1.00e+00	4.16e-14	0.00e+00
 4.91833e+17	1.00e+00	4.00e-14	0.00e+00
 4.92129e+17	1.00e+00	3.85e-14	0.00e+00
 4.92414e+17	1.00e+00	3.72e-14	0.00e+00
 4.92692e+17	1.00e+00	3.59e-14	0.00e+00
 4.92966e+17	1.00e+00	3.46e-14	0.00e+00
 4.93233e+17	1.00e+00	3.34e-14	0.00e+00
 4.93490e+17	1.00e+00	3.23e-14	0.00e+00
 4.93737e+17	1.00e+00	3.12e-14	0.00e+00
 4.93975e+17	1.00e+00	3.02e-14	0.00e+00
 4.94207e+17	1.00e+00	2.92e-14	0.00e+00
 4.94436e+17	1.00e+00	2.83e-14	0.00e+00
 4.94697e+17	1.00e+00	2.74e-14	0.00e+00
 4.95037e+17	1.00e+00	2.63e-14	0.00e+00
 4.95478e+17	1.00e+00	2.48e-14	0.00e+00
 4.96052e+17	1.00e+00	2.30e-14	0.00e+00
 4.96792e+17	1.00e+00	2.08e-14	0.00e+00
 4.97640e+17	1.00e+00	1.81e-14	0.00e+00
 4.98509e+17	1.00e+00	1.56e-14	0.00e+00
 4.99410e+17	1.00e+00	1.34e-14	0.00e+00
 5.00285e+17	1.00e+00	1.13e-14	0.00e+00
 5.01009e+17	1.00e+00	9.78e-15	0.00e+00
