#depth	N	N+	N+2	N+3	N+4	N+5	N+6	N+7
 1.49634e+10	0.00e+00	0.00e+00	1.33e-32	4.88e-23	5.61e-14	2.92e-04	2.81e-01	7.18e-01
 4.54887e+10	0.00e+00	1.43e-42	1.94e-32	6.59e-23	7.00e-14	3.37e-04	2.97e-01	7.02e-01
 7.72350e+10	0.00e+00	0.00e+00	2.83e-32	8.87e-23	8.72e-14	3.88e-04	3.14e-01	6.86e-01
 1.10251e+11	0.00e+00	3.55e-42	4.12e-32	1.19e-22	1.08e-13	4.46e-04	3.31e-01	6.68e-01
 1.39875e+11	0.00e+00	0.00e+00	5.70e-32	1.54e-22	1.31e-13	5.02e-04	3.46e-01	6.53e-01
 1.64371e+11	0.00e+00	7.18e-42	7.39e-32	1.89e-22	1.52e-13	5.52e-04	3.59e-01	6.41e-01
 1.91287e+11	0.00e+00	0.00e+00	9.74e-32	2.35e-22	1.78e-13	6.11e-04	3.72e-01	6.27e-01
 2.25594e+11	0.00e+00	1.51e-41	1.37e-31	3.08e-22	2.17e-13	6.92e-04	3.89e-01	6.10e-01
 2.62133e+11	0.00e+00	0.00e+00	1.94e-31	4.05e-22	2.65e-13	7.85e-04	4.07e-01	5.92e-01
 2.95460e+11	0.00e+00	3.35e-41	2.63e-31	5.15e-22	3.16e-13	8.76e-04	4.23e-01	5.76e-01
 3.31988e+11	0.00e+00	0.00e+00	3.63e-31	6.63e-22	3.79e-13	9.83e-04	4.40e-01	5.59e-01
 3.74651e+11	0.00e+00	7.69e-41	5.22e-31	8.81e-22	4.67e-13	1.12e-03	4.59e-01	5.40e-01
 4.16802e+11	0.00e+00	0.00e+00	7.36e-31	1.15e-21	5.67e-13	1.26e-03	4.77e-01	5.22e-01
 4.56639e+11	0.00e+00	1.71e-40	1.01e-30	1.47e-21	6.77e-13	1.41e-03	4.94e-01	5.05e-01
 4.95045e+11	0.00e+00	0.00e+00	1.34e-30	1.85e-21	7.98e-13	1.56e-03	5.10e-01	4.89e-01
 5.38063e+11	0.00e+00	3.56e-40	1.84e-30	2.36e-21	9.52e-13	1.74e-03	5.27e-01	4.72e-01
 5.85392e+11	0.00e+00	0.00e+00	2.56e-30	3.06e-21	1.15e-12	1.95e-03	5.45e-01	4.53e-01
 6.28918e+11	0.00e+00	7.65e-40	3.44e-30	3.85e-21	1.35e-12	2.15e-03	5.60e-01	4.37e-01
 6.76093e+11	0.00e+00	0.00e+00	4.68e-30	4.90e-21	1.61e-12	2.38e-03	5.77e-01	4.21e-01
 7.28781e+11	0.00e+00	1.67e-39	6.51e-30	6.33e-21	1.93e-12	2.66e-03	5.94e-01	4.03e-01
 7.78370e+11	0.00e+00	0.00e+00	8.79e-30	7.99e-21	2.28e-12	2.94e-03	6.10e-01	3.87e-01
 8.32569e+11	0.00e+00	3.53e-39	1.20e-29	1.02e-20	2.71e-12	3.26e-03	6.26e-01	3.70e-01
 8.92735e+11	0.00e+00	0.00e+00	1.69e-29	1.32e-20	3.26e-12	3.64e-03	6.44e-01	3.53e-01
 9.48961e+11	0.00e+00	7.73e-39	2.28e-29	1.67e-20	3.85e-12	4.01e-03	6.59e-01	3.37e-01
 1.01013e+12	0.00e+00	0.00e+00	3.13e-29	2.14e-20	4.58e-12	4.44e-03	6.74e-01	3.21e-01
 1.07847e+12	0.00e+00	1.73e-38	4.40e-29	2.78e-20	5.51e-12	4.94e-03	6.90e-01	3.05e-01
 1.14344e+12	0.00e+00	0.00e+00	6.00e-29	3.53e-20	6.52e-12	5.45e-03	7.05e-01	2.90e-01
 1.21301e+12	0.00e+00	3.75e-38	8.25e-29	4.52e-20	7.75e-12	6.01e-03	7.19e-01	2.75e-01
 1.29145e+12	0.00e+00	0.00e+00	1.17e-28	5.90e-20	9.34e-12	6.69e-03	7.34e-01	2.59e-01
 1.36895e+12	0.00e+00	8.61e-38	1.62e-28	7.60e-20	1.11e-11	7.40e-03	7.48e-01	2.45e-01
 1.44040e+12	0.00e+00	0.00e+00	2.17e-28	9.50e-20	1.30e-11	8.08e-03	7.60e-01	2.32e-01
 1.51848e+12	0.00e+00	1.80e-37	2.95e-28	1.20e-19	1.53e-11	8.85e-03	7.72e-01	2.19e-01
 1.60666e+12	0.00e+00	0.00e+00	4.13e-28	1.55e-19	1.83e-11	9.78e-03	7.84e-01	2.06e-01
 1.69142e+12	0.00e+00	3.99e-37	5.62e-28	1.97e-19	2.16e-11	1.07e-02	7.95e-01	1.94e-01
 1.78173e+12	0.00e+00	0.00e+00	7.72e-28	2.51e-19	2.55e-11	1.17e-02	8.05e-01	1.83e-01
 1.86951e+12	0.00e+00	8.54e-37	1.04e-27	3.15e-19	2.98e-11	1.28e-02	8.15e-01	1.72e-01
 1.93989e+12	0.00e+00	0.00e+00	1.31e-27	3.76e-19	3.37e-11	1.37e-02	8.22e-01	1.65e-01
 2.01395e+12	0.00e+00	1.52e-36	1.66e-27	4.50e-19	3.81e-11	1.46e-02	8.29e-01	1.57e-01
 2.11023e+12	2.66e-46	2.21e-36	2.24e-27	5.66e-19	4.45e-11	1.59e-02	8.37e-01	1.47e-01
 2.21268e+12	0.00e+00	0.00e+00	3.05e-27	7.16e-19	5.23e-11	1.74e-02	8.44e-01	1.38e-01
 2.30286e+12	0.00e+00	4.48e-36	3.96e-27	8.73e-19	5.99e-11	1.87e-02	8.50e-01	1.31e-01
 2.39980e+12	9.28e-46	6.30e-36	5.22e-27	1.08e-18	6.90e-11	2.01e-02	8.56e-01	1.23e-01
 2.51865e+12	0.00e+00	0.00e+00	7.22e-27	1.38e-18	8.16e-11	2.20e-02	8.63e-01	1.15e-01
 2.63943e+12	0.00e+00	1.40e-35	9.95e-27	1.76e-18	9.63e-11	2.40e-02	8.69e-01	1.07e-01
 2.74879e+12	3.67e-45	1.99e-35	1.32e-26	2.17e-18	1.11e-10	2.59e-02	8.73e-01	1.01e-01
 2.86984e+12	0.00e+00	0.00e+00	1.79e-26	2.73e-18	1.30e-10	2.81e-02	8.78e-01	9.40e-02
 3.01199e+12	0.00e+00	4.44e-35	2.52e-26	3.55e-18	1.55e-10	3.07e-02	8.82e-01	8.69e-02
 3.14261e+12	1.52e-44	6.51e-35	3.42e-26	4.47e-18	1.81e-10	3.33e-02	8.86e-01	8.10e-02
 3.24964e+12	0.00e+00	0.00e+00	4.37e-26	5.38e-18	2.05e-10	3.55e-02	8.88e-01	7.65e-02
 3.36496e+12	0.00e+00	1.22e-34	5.67e-26	6.55e-18	2.34e-10	3.80e-02	8.90e-01	7.20e-02
 3.51371e+12	5.22e-44	1.83e-34	7.85e-26	8.38e-18	2.76e-10	4.13e-02	8.92e-01	6.66e-02
 3.66807e+12	0.00e+00	2.75e-34	1.09e-25	1.07e-17	3.26e-10	4.50e-02	8.93e-01	6.16e-02
 3.79877e+12	1.28e-43	3.86e-34	1.43e-25	1.32e-17	3.74e-10	4.82e-02	8.94e-01	5.76e-02
 3.93657e+12	0.00e+00	5.48e-34	1.90e-25	1.63e-17	4.31e-10	5.18e-02	8.94e-01	5.38e-02
 4.10971e+12	3.25e-43	8.41e-34	2.68e-25	2.12e-17	5.13e-10	5.65e-02	8.94e-01	4.94e-02
 4.28469e+12	0.00e+00	1.28e-33	3.77e-25	2.74e-17	6.08e-10	6.15e-02	8.93e-01	4.54e-02
 4.43352e+12	8.24e-43	1.83e-33	5.00e-25	3.40e-17	7.01e-10	6.60e-02	8.92e-01	4.22e-02
 4.59244e+12	0.00e+00	2.64e-33	6.72e-25	4.25e-17	8.14e-10	7.09e-02	8.90e-01	3.91e-02
 4.76954e+12	2.07e-42	3.93e-33	9.28e-25	5.42e-17	9.57e-10	7.68e-02	8.87e-01	3.60e-02
 4.93489e+12	0.00e+00	5.66e-33	1.25e-24	6.78e-17	1.11e-09	8.25e-02	8.84e-01	3.33e-02
 5.11444e+12	5.09e-42	8.33e-33	1.70e-24	8.58e-17	1.30e-09	8.90e-02	8.80e-01	3.07e-02
 5.31261e+12	0.00e+00	1.26e-32	2.37e-24	1.11e-16	1.53e-09	9.64e-02	8.76e-01	2.80e-02
 5.49562e+12	1.31e-41	1.83e-32	3.20e-24	1.39e-16	1.78e-09	1.04e-01	8.71e-01	2.58e-02
 5.68739e+12	0.00e+00	2.66e-32	4.34e-24	1.75e-16	2.08e-09	1.11e-01	8.65e-01	2.38e-02
 5.91598e+12	3.46e-41	4.11e-32	6.17e-24	2.29e-16	2.48e-09	1.21e-01	8.57e-01	2.15e-02
 6.14781e+12	0.00e+00	6.27e-32	8.69e-24	2.97e-16	2.95e-09	1.31e-01	8.49e-01	1.95e-02
 6.35670e+12	8.91e-41	9.05e-32	1.17e-23	3.72e-16	3.42e-09	1.41e-01	8.41e-01	1.79e-02
 6.57162e+12	0.00e+00	1.30e-31	1.57e-23	4.66e-16	3.97e-09	1.51e-01	8.33e-01	1.64e-02
 6.78631e+12	2.09e-40	1.84e-31	2.08e-23	5.78e-16	4.58e-09	1.61e-01	8.24e-01	1.50e-02
 6.97861e+12	0.00e+00	2.49e-31	2.66e-23	6.96e-16	5.18e-09	1.70e-01	8.16e-01	1.40e-02
 7.19089e+12	4.41e-40	3.43e-31	3.45e-23	8.49e-16	5.90e-09	1.80e-01	8.07e-01	1.29e-02
 7.46685e+12	0.00e+00	5.12e-31	4.78e-23	1.09e-15	6.95e-09	1.94e-01	7.94e-01	1.16e-02
 7.74370e+12	1.12e-39	7.51e-31	6.52e-23	1.38e-15	8.12e-09	2.08e-01	7.82e-01	1.05e-02
 7.96247e+12	0.00e+00	1.00e-30	8.25e-23	1.65e-15	9.13e-09	2.19e-01	7.71e-01	9.74e-03
 8.18766e+12	2.24e-39	1.34e-30	1.04e-22	1.97e-15	1.03e-08	2.30e-01	7.61e-01	9.01e-03
 8.48040e+12	0.00e+00	1.92e-30	1.40e-22	2.46e-15	1.19e-08	2.45e-01	7.47e-01	8.16e-03
 8.78853e+12	5.32e-39	2.75e-30	1.87e-22	3.08e-15	1.37e-08	2.61e-01	7.32e-01	7.38e-03
 9.05311e+12	0.00e+00	3.71e-30	2.38e-22	3.70e-15	1.55e-08	2.74e-01	7.19e-01	6.78e-03
 9.33354e+12	1.09e-38	5.02e-30	3.05e-22	4.46e-15	1.74e-08	2.88e-01	7.05e-01	6.21e-03
 9.69685e+12	0.00e+00	7.32e-30	4.13e-22	5.61e-15	2.02e-08	3.07e-01	6.88e-01	5.56e-03
 1.00691e+13	2.66e-38	1.06e-29	5.56e-22	7.03e-15	2.34e-08	3.25e-01	6.70e-01	4.97e-03
 1.03771e+13	0.00e+00	1.42e-29	7.04e-22	8.40e-15	2.62e-08	3.40e-01	6.55e-01	4.55e-03
 1.07005e+13	5.38e-38	1.90e-29	8.93e-22	1.01e-14	2.94e-08	3.56e-01	6.40e-01	4.15e-03
 1.11159e+13	0.00e+00	2.73e-29	1.20e-21	1.25e-14	3.38e-08	3.76e-01	6.21e-01	3.70e-03
 1.15493e+13	1.28e-37	3.92e-29	1.60e-21	1.56e-14	3.89e-08	3.96e-01	6.01e-01	3.29e-03
 1.19222e+13	0.00e+00	5.28e-29	2.03e-21	1.87e-14	4.36e-08	4.13e-01	5.84e-01	2.99e-03
 1.23177e+13	2.64e-37	7.15e-29	2.59e-21	2.24e-14	4.88e-08	4.31e-01	5.67e-01	2.70e-03
 1.28071e+13	0.00e+00	1.03e-28	3.46e-21	2.78e-14	5.59e-08	4.52e-01	5.46e-01	2.39e-03
 1.33057e+13	6.20e-37	1.46e-28	4.59e-21	3.43e-14	6.37e-08	4.73e-01	5.25e-01	2.11e-03
 1.37502e+13	0.00e+00	1.96e-28	5.83e-21	4.10e-14	7.12e-08	4.91e-01	5.07e-01	1.90e-03
 1.41504e+13	1.21e-36	2.54e-28	7.16e-21	4.77e-14	7.82e-08	5.06e-01	4.92e-01	1.73e-03
 1.45834e+13	0.00e+00	3.33e-28	8.89e-21	5.60e-14	8.63e-08	5.23e-01	4.76e-01	1.57e-03
 1.50419e+13	2.36e-36	4.41e-28	1.11e-20	6.62e-14	9.56e-08	5.40e-01	4.58e-01	1.41e-03
 1.54358e+13	0.00e+00	5.55e-28	1.34e-20	7.58e-14	1.04e-07	5.54e-01	4.44e-01	1.29e-03
 1.58500e+13	4.13e-36	7.02e-28	1.61e-20	8.71e-14	1.13e-07	5.68e-01	4.30e-01	1.18e-03
 1.63886e+13	0.00e+00	9.42e-28	2.04e-20	1.03e-13	1.25e-07	5.86e-01	4.13e-01	1.06e-03
 1.69471e+13	8.42e-36	1.27e-27	2.58e-20	1.23e-13	1.39e-07	6.04e-01	3.95e-01	9.38e-04
 1.74111e+13	0.00e+00	1.60e-27	3.12e-20	1.42e-13	1.52e-07	6.18e-01	3.81e-01	8.52e-04
 1.78936e+13	1.49e-35	2.04e-27	3.77e-20	1.63e-13	1.65e-07	6.32e-01	3.67e-01	7.74e-04
 1.85208e+13	0.00e+00	2.74e-27	4.77e-20	1.93e-13	1.83e-07	6.50e-01	3.50e-01	6.84e-04
 1.91831e+13	3.09e-35	3.72e-27	6.08e-20	2.31e-13	2.03e-07	6.67e-01	3.32e-01	6.01e-04
 1.97539e+13	0.00e+00	4.78e-27	7.42e-20	2.68e-13	2.21e-07	6.82e-01	3.18e-01	5.40e-04
 2.03588e+13	5.71e-35	6.18e-27	9.11e-20	3.11e-13	2.42e-07	6.96e-01	3.04e-01	4.82e-04
 2.11297e+13	0.00e+00	8.48e-27	1.17e-19	3.74e-13	2.70e-07	7.13e-01	2.86e-01	4.19e-04
 2.19319e+13	1.22e-34	1.16e-26	1.50e-19	4.50e-13	3.00e-07	7.30e-01	2.70e-01	3.63e-04
 2.26373e+13	0.00e+00	1.52e-26	1.86e-19	5.25e-13	3.29e-07	7.44e-01	2.56e-01	3.21e-04
 2.34015e+13	2.36e-34	2.00e-26	2.32e-19	6.17e-13	3.61e-07	7.58e-01	2.42e-01	2.83e-04
 2.43251e+13	3.47e-34	2.76e-26	2.99e-19	7.44e-13	4.02e-07	7.73e-01	2.27e-01	2.42e-04
 2.52262e+13	4.99e-34	3.73e-26	3.80e-19	8.87e-13	4.45e-07	7.87e-01	2.13e-01	2.10e-04
 2.60028e+13	6.74e-34	4.78e-26	4.64e-19	1.03e-12	4.84e-07	7.98e-01	2.01e-01	1.86e-04
 2.68472e+13	9.23e-34	6.21e-26	5.70e-19	1.19e-12	5.28e-07	8.10e-01	1.90e-01	1.63e-04
 2.77139e+13	1.26e-33	8.03e-26	7.01e-19	1.39e-12	5.76e-07	8.21e-01	1.79e-01	1.43e-04
 2.84244e+13	1.61e-33	9.86e-26	8.25e-19	1.56e-12	6.16e-07	8.29e-01	1.71e-01	1.29e-04
 2.91629e+13	2.07e-33	1.21e-25	9.72e-19	1.76e-12	6.60e-07	8.37e-01	1.63e-01	1.16e-04
 3.01230e+13	2.83e-33	1.57e-25	1.20e-18	2.05e-12	7.19e-07	8.47e-01	1.53e-01	1.01e-04
 3.11276e+13	3.88e-33	2.04e-25	1.47e-18	2.39e-12	7.84e-07	8.56e-01	1.44e-01	8.84e-05
 3.19806e+13	5.03e-33	2.53e-25	1.75e-18	2.71e-12	8.41e-07	8.64e-01	1.36e-01	7.89e-05
 3.28798e+13	6.55e-33	3.15e-25	2.08e-18	3.07e-12	9.03e-07	8.71e-01	1.29e-01	7.03e-05
 3.40487e+13	9.14e-33	4.15e-25	2.59e-18	3.60e-12	9.88e-07	8.79e-01	1.21e-01	6.07e-05
 3.52658e+13	1.27e-32	5.46e-25	3.22e-18	4.22e-12	1.08e-06	8.87e-01	1.13e-01	5.23e-05
 3.62974e+13	1.67e-32	6.84e-25	3.85e-18	4.81e-12	1.16e-06	8.94e-01	1.06e-01	4.63e-05
 3.73900e+13	2.22e-32	8.63e-25	4.62e-18	5.49e-12	1.25e-06	9.00e-01	1.00e-01	4.10e-05
 3.87828e+13	3.14e-32	1.15e-24	5.78e-18	6.45e-12	1.37e-06	9.07e-01	9.32e-02	3.51e-05
 4.02470e+13	4.45e-32	1.53e-24	7.26e-18	7.59e-12	1.49e-06	9.13e-01	8.65e-02	3.01e-05
 4.15569e+13	6.02e-32	1.96e-24	8.82e-18	8.73e-12	1.61e-06	9.19e-01	8.11e-02	2.63e-05
 4.29847e+13	8.30e-32	2.55e-24	1.08e-17	1.01e-11	1.75e-06	9.24e-01	7.59e-02	2.29e-05
 4.46825e+13	1.20e-31	3.45e-24	1.37e-17	1.19e-11	1.91e-06	9.30e-01	7.02e-02	1.95e-05
 4.64143e+13	1.72e-31	4.63e-24	1.72e-17	1.40e-11	2.09e-06	9.35e-01	6.51e-02	1.66e-05
 4.78807e+13	2.31e-31	5.90e-24	2.08e-17	1.60e-11	2.24e-06	9.39e-01	6.11e-02	1.46e-05
 4.90974e+13	2.94e-31	7.18e-24	2.42e-17	1.78e-11	2.37e-06	9.42e-01	5.82e-02	1.32e-05
 5.04573e+13	3.82e-31	8.88e-24	2.85e-17	2.00e-11	2.52e-06	9.45e-01	5.51e-02	1.18e-05
 5.22253e+13	5.31e-31	1.16e-23	3.51e-17	2.31e-11	2.72e-06	9.49e-01	5.15e-02	1.03e-05
 5.40412e+13	7.37e-31	1.51e-23	4.31e-17	2.66e-11	2.93e-06	9.52e-01	4.81e-02	8.94e-06
 5.55525e+13	9.63e-31	1.88e-23	5.08e-17	2.98e-11	3.12e-06	9.54e-01	4.56e-02	8.00e-06
 5.71500e+13	1.27e-30	2.35e-23	6.02e-17	3.36e-11	3.31e-06	9.57e-01	4.31e-02	7.14e-06
 5.92267e+13	1.79e-30	3.10e-23	7.46e-17	3.89e-11	3.58e-06	9.60e-01	4.02e-02	6.18e-06
 6.14207e+13	2.55e-30	4.13e-23	9.28e-17	4.51e-11	3.87e-06	9.63e-01	3.74e-02	5.34e-06
 6.33262e+13	3.43e-30	5.25e-23	1.11e-16	5.11e-11	4.13e-06	9.65e-01	3.52e-02	4.73e-06
 6.53624e+13	4.67e-30	6.73e-23	1.35e-16	5.82e-11	4.41e-06	9.67e-01	3.31e-02	4.17e-06
 6.78586e+13	6.74e-30	9.05e-23	1.68e-16	6.78e-11	4.77e-06	9.69e-01	3.07e-02	3.59e-06
 7.04017e+13	9.65e-30	1.21e-22	2.10e-16	7.87e-11	5.15e-06	9.71e-01	2.86e-02	3.10e-06
 7.26967e+13	1.32e-29	1.56e-22	2.54e-16	8.97e-11	5.51e-06	9.73e-01	2.68e-02	2.73e-06
 7.52198e+13	1.85e-29	2.04e-22	3.12e-16	1.03e-10	5.91e-06	9.75e-01	2.51e-02	2.38e-06
 7.81938e+13	2.70e-29	2.77e-22	3.93e-16	1.20e-10	6.41e-06	9.77e-01	2.33e-02	2.04e-06
 8.11254e+13	3.88e-29	3.70e-22	4.90e-16	1.40e-10	6.91e-06	9.78e-01	2.16e-02	1.76e-06
 8.36780e+13	5.26e-29	4.72e-22	5.90e-16	1.58e-10	7.37e-06	9.80e-01	2.03e-02	1.56e-06
 8.63665e+13	7.18e-29	6.06e-22	7.12e-16	1.80e-10	7.87e-06	9.81e-01	1.91e-02	1.37e-06
 8.96587e+13	1.03e-28	8.14e-22	8.90e-16	2.09e-10	8.50e-06	9.82e-01	1.77e-02	1.18e-06
 9.27740e+13	1.45e-28	1.07e-21	1.09e-15	2.40e-10	9.12e-06	9.83e-01	1.66e-02	1.03e-06
 9.51290e+13	1.85e-28	1.30e-21	1.27e-15	2.66e-10	9.60e-06	9.84e-01	1.58e-02	9.31e-07
 9.74575e+13	2.34e-28	1.57e-21	1.46e-15	2.93e-10	1.01e-05	9.85e-01	1.50e-02	0.00e+00
 1.00484e+14	3.16e-28	2.00e-21	1.76e-15	3.32e-10	1.08e-05	9.86e-01	1.41e-02	0.00e+00
 1.03696e+14	4.30e-28	2.56e-21	2.12e-15	3.77e-10	1.15e-05	9.87e-01	1.33e-02	0.00e+00
 1.06492e+14	5.58e-28	3.16e-21	2.49e-15	4.20e-10	1.21e-05	9.87e-01	1.26e-02	0.00e+00
 1.09471e+14	7.31e-28	3.92e-21	2.93e-15	4.69e-10	1.28e-05	9.88e-01	1.19e-02	0.00e+00
 1.13343e+14	1.02e-27	5.15e-21	3.61e-15	5.40e-10	1.38e-05	9.89e-01	1.11e-02	0.00e+00
 1.17287e+14	1.43e-27	6.74e-21	4.42e-15	6.21e-10	1.48e-05	9.90e-01	1.04e-02	0.00e+00
 1.20512e+14	1.87e-27	8.34e-21	5.20e-15	6.93e-10	1.57e-05	9.90e-01	9.81e-03	0.00e+00
 1.23889e+14	2.44e-27	1.04e-20	6.13e-15	7.75e-10	1.66e-05	9.91e-01	9.28e-03	0.00e+00
 1.28279e+14	3.42e-27	1.36e-20	7.54e-15	8.92e-10	1.78e-05	9.91e-01	8.64e-03	0.00e+00
 1.32894e+14	4.83e-27	1.80e-20	9.31e-15	1.03e-09	1.92e-05	9.92e-01	8.04e-03	0.00e+00
 1.36879e+14	6.43e-27	2.26e-20	1.11e-14	1.16e-09	2.04e-05	9.92e-01	7.57e-03	0.00e+00
 1.41135e+14	8.66e-27	2.88e-20	1.33e-14	1.31e-09	2.17e-05	9.93e-01	7.11e-03	0.00e+00
 1.46427e+14	1.24e-26	3.83e-20	1.66e-14	1.53e-09	2.35e-05	9.93e-01	6.60e-03	0.00e+00
 1.51840e+14	1.76e-26	5.09e-20	2.06e-14	1.77e-09	2.53e-05	9.94e-01	6.12e-03	0.00e+00
 1.56631e+14	2.38e-26	6.49e-20	2.48e-14	2.01e-09	2.70e-05	9.94e-01	5.75e-03	0.00e+00
 1.61838e+14	3.26e-26	8.38e-20	3.01e-14	2.29e-09	2.89e-05	9.95e-01	5.37e-03	0.00e+00
 1.68092e+14	4.71e-26	1.13e-19	3.77e-14	2.67e-09	3.13e-05	9.95e-01	4.97e-03	0.00e+00
 1.74301e+14	6.69e-26	1.50e-19	4.67e-14	3.09e-09	3.37e-05	9.95e-01	4.62e-03	0.00e+00
 1.79896e+14	9.10e-26	1.92e-19	5.64e-14	3.51e-09	3.60e-05	9.96e-01	4.33e-03	0.00e+00
 1.86102e+14	1.27e-25	2.50e-19	6.91e-14	4.03e-09	3.86e-05	9.96e-01	4.04e-03	0.00e+00
 1.93416e+14	1.84e-25	3.38e-19	8.69e-14	4.71e-09	4.18e-05	9.96e-01	3.73e-03	0.00e+00
 2.00662e+14	2.63e-25	4.51e-19	1.08e-13	5.47e-09	4.51e-05	9.96e-01	3.46e-03	0.00e+00
 2.06770e+14	3.53e-25	5.71e-19	1.29e-13	6.17e-09	4.80e-05	9.97e-01	3.25e-03	0.00e+00
 2.11711e+14	4.44e-25	6.88e-19	1.49e-13	6.79e-09	5.04e-05	9.97e-01	3.10e-03	0.00e+00
 2.16934e+14	5.63e-25	8.33e-19	1.72e-13	7.49e-09	5.30e-05	9.97e-01	2.95e-03	0.00e+00
 2.23723e+14	7.60e-25	1.06e-18	2.07e-13	8.49e-09	5.65e-05	9.97e-01	2.77e-03	0.00e+00
 2.30823e+14	1.03e-24	1.36e-18	2.49e-13	9.63e-09	6.02e-05	9.97e-01	2.60e-03	0.00e+00
 2.36857e+14	1.33e-24	1.66e-18	2.91e-13	1.07e-08	6.35e-05	9.97e-01	2.47e-03	0.00e+00
 2.43234e+14	1.72e-24	2.05e-18	3.41e-13	1.19e-08	6.70e-05	9.98e-01	2.34e-03	0.00e+00
 2.51524e+14	2.40e-24	2.67e-18	4.16e-13	1.36e-08	7.18e-05	9.98e-01	2.18e-03	0.00e+00
 2.60068e+14	3.33e-24	3.48e-18	5.08e-13	1.56e-08	7.69e-05	9.98e-01	2.04e-03	0.00e+00
 2.67173e+14	4.34e-24	4.31e-18	5.97e-13	1.73e-08	8.12e-05	9.98e-01	1.93e-03	0.00e+00
 2.74641e+14	5.70e-24	5.36e-18	7.04e-13	1.94e-08	8.59e-05	9.98e-01	1.83e-03	0.00e+00
 2.84349e+14	8.03e-24	7.05e-18	8.66e-13	2.23e-08	9.22e-05	9.98e-01	1.69e-03	0.00e+00
 2.94538e+14	1.14e-23	9.32e-18	1.07e-12	2.56e-08	9.90e-05	9.98e-01	1.58e-03	0.00e+00
 3.03305e+14	1.52e-23	1.18e-17	1.27e-12	2.88e-08	1.05e-04	9.98e-01	1.48e-03	0.00e+00
 3.12657e+14	2.05e-23	1.50e-17	1.53e-12	3.26e-08	1.12e-04	9.98e-01	1.40e-03	0.00e+00
 3.24316e+14	2.95e-23	2.00e-17	1.90e-12	3.77e-08	1.20e-04	9.99e-01	1.30e-03	0.00e+00
 3.36368e+14	4.23e-23	2.68e-17	2.36e-12	4.37e-08	1.29e-04	9.99e-01	1.20e-03	0.00e+00
 3.47158e+14	5.79e-23	3.44e-17	2.86e-12	4.96e-08	1.38e-04	9.99e-01	1.13e-03	0.00e+00
 3.58917e+14	8.05e-23	4.48e-17	3.48e-12	5.66e-08	1.48e-04	9.99e-01	1.06e-03	0.00e+00
 3.72890e+14	1.18e-22	6.07e-17	4.38e-12	6.60e-08	1.59e-04	9.99e-01	9.79e-04	0.00e+00
 3.86717e+14	1.69e-22	8.11e-17	5.44e-12	7.64e-08	1.71e-04	9.99e-01	9.10e-04	0.00e+00
 3.99386e+14	2.32e-22	1.05e-16	6.60e-12	8.69e-08	1.83e-04	9.99e-01	8.52e-04	0.00e+00
 4.13574e+14	3.28e-22	1.38e-16	8.13e-12	1.00e-07	1.96e-04	9.99e-01	7.94e-04	0.00e+00
 4.27336e+14	4.54e-22	1.79e-16	9.89e-12	1.14e-07	2.10e-04	9.99e-01	7.43e-04	0.00e+00
 4.37502e+14	5.72e-22	2.16e-16	1.14e-11	1.25e-07	2.20e-04	9.99e-01	7.09e-04	0.00e+00
 4.47675e+14	7.18e-22	2.59e-16	1.31e-11	1.37e-07	2.31e-04	9.99e-01	6.77e-04	0.00e+00
 4.60900e+14	9.56e-22	3.26e-16	1.55e-11	1.54e-07	2.45e-04	9.99e-01	6.38e-04	0.00e+00
 4.75193e+14	1.29e-21	4.15e-16	1.87e-11	1.75e-07	2.60e-04	9.99e-01	5.99e-04	0.00e+00
 4.87967e+14	1.68e-21	5.12e-16	2.19e-11	1.94e-07	2.75e-04	9.99e-01	5.68e-04	0.00e+00
 5.01664e+14	2.20e-21	6.37e-16	2.58e-11	2.17e-07	2.91e-04	9.99e-01	5.37e-04	0.00e+00
 5.19470e+14	3.10e-21	8.39e-16	3.17e-11	2.50e-07	3.12e-04	9.99e-01	5.00e-04	0.00e+00
 5.37513e+14	4.33e-21	1.10e-15	3.89e-11	2.87e-07	3.35e-04	9.99e-01	4.66e-04	0.00e+00
 5.52081e+14	5.63e-21	1.36e-15	4.57e-11	3.19e-07	3.54e-04	9.99e-01	4.41e-04	0.00e+00
 5.67236e+14	7.32e-21	1.68e-15	5.36e-11	3.56e-07	3.74e-04	9.99e-01	4.17e-04	0.00e+00
 5.86939e+14	1.02e-20	2.19e-15	6.57e-11	4.09e-07	4.01e-04	9.99e-01	3.89e-04	0.00e+00
 6.07868e+14	1.43e-20	2.88e-15	8.10e-11	4.72e-07	4.32e-04	9.99e-01	3.62e-04	0.00e+00
 6.26260e+14	1.91e-20	3.64e-15	9.67e-11	5.32e-07	4.59e-04	9.99e-01	3.40e-04	0.00e+00
 6.46038e+14	2.58e-20	4.64e-15	1.16e-10	6.04e-07	4.90e-04	9.99e-01	3.18e-04	0.00e+00
 6.70376e+14	3.68e-20	6.18e-15	1.45e-10	7.02e-07	5.30e-04	9.99e-01	2.95e-04	0.00e+00
 6.94840e+14	5.20e-20	8.16e-15	1.79e-10	8.12e-07	5.71e-04	9.99e-01	2.73e-04	0.00e+00
 7.16200e+14	6.94e-20	1.03e-14	2.15e-10	9.18e-07	6.08e-04	9.99e-01	2.57e-04	0.00e+00
 7.39327e+14	9.39e-20	1.32e-14	2.59e-10	1.05e-06	6.51e-04	9.99e-01	2.40e-04	0.00e+00
 7.67461e+14	1.34e-19	1.76e-14	3.24e-10	1.22e-06	7.05e-04	9.99e-01	2.22e-04	0.00e+00
 7.95457e+14	1.88e-19	2.32e-14	4.00e-10	1.41e-06	7.61e-04	9.99e-01	2.05e-04	0.00e+00
 8.20085e+14	2.51e-19	2.93e-14	4.79e-10	1.60e-06	8.11e-04	9.99e-01	1.92e-04	0.00e+00
 8.46981e+14	3.39e-19	3.75e-14	5.80e-10	1.82e-06	8.70e-04	9.99e-01	1.80e-04	0.00e+00
 8.79442e+14	4.82e-19	4.99e-14	7.24e-10	2.13e-06	9.44e-04	9.99e-01	1.66e-04	0.00e+00
 9.09940e+14	6.63e-19	6.47e-14	8.85e-10	2.45e-06	1.02e-03	9.99e-01	1.54e-04	0.00e+00
 9.34237e+14	8.47e-19	7.91e-14	1.03e-09	2.72e-06	1.08e-03	9.99e-01	1.45e-04	0.00e+00
 9.56015e+14	1.05e-18	9.42e-14	1.18e-09	2.99e-06	1.13e-03	9.99e-01	1.38e-04	0.00e+00
 9.80672e+14	1.33e-18	1.14e-13	1.38e-09	3.32e-06	1.19e-03	9.99e-01	1.31e-04	0.00e+00
 1.01273e+15	1.79e-18	1.46e-13	1.66e-09	3.79e-06	1.28e-03	9.99e-01	1.22e-04	0.00e+00
 1.04524e+15	2.39e-18	1.85e-13	2.00e-09	4.32e-06	1.37e-03	9.99e-01	1.14e-04	0.00e+00
 1.07135e+15	3.01e-18	2.23e-13	2.31e-09	4.78e-06	1.45e-03	9.98e-01	1.08e-04	0.00e+00
 1.09831e+15	3.77e-18	2.68e-13	2.68e-09	5.29e-06	1.53e-03	9.98e-01	1.02e-04	0.00e+00
 1.13336e+15	5.03e-18	3.40e-13	3.22e-09	6.02e-06	1.64e-03	9.98e-01	9.55e-05	0.00e+00
 1.17006e+15	6.73e-18	4.32e-13	3.88e-09	6.87e-06	1.76e-03	9.98e-01	8.91e-05	0.00e+00
 1.20144e+15	8.56e-18	5.26e-13	4.53e-09	7.65e-06	1.86e-03	9.98e-01	8.41e-05	0.00e+00
 1.23474e+15	1.10e-17	6.45e-13	5.32e-09	8.56e-06	1.98e-03	9.98e-01	7.92e-05	0.00e+00
 1.27803e+15	1.50e-17	8.36e-13	6.51e-09	9.87e-06	2.13e-03	9.98e-01	7.34e-05	0.00e+00
 1.32281e+15	2.05e-17	1.08e-12	7.97e-09	1.14e-05	2.30e-03	9.98e-01	6.80e-05	0.00e+00
 1.36046e+15	2.65e-17	1.33e-12	9.39e-09	1.28e-05	2.45e-03	9.97e-01	6.40e-05	0.00e+00
 1.40036e+15	3.43e-17	1.65e-12	1.11e-08	1.44e-05	2.61e-03	9.97e-01	6.00e-05	0.00e+00
 1.45139e+15	4.73e-17	2.15e-12	1.37e-08	1.66e-05	2.83e-03	9.97e-01	5.54e-05	0.00e+00
 1.50499e+15	6.55e-17	2.82e-12	1.70e-08	1.93e-05	3.06e-03	9.97e-01	5.11e-05	0.00e+00
 1.55234e+15	8.64e-17	3.54e-12	2.03e-08	2.19e-05	3.28e-03	9.97e-01	4.77e-05	0.00e+00
 1.60345e+15	1.15e-16	4.49e-12	2.45e-08	2.50e-05	3.53e-03	9.96e-01	4.44e-05	0.00e+00
 1.66500e+15	1.90e-16	5.94e-12	3.06e-08	2.93e-05	3.84e-03	9.96e-01	4.08e-05	0.00e+00
 1.72634e+15	2.62e-16	7.73e-12	3.77e-08	3.39e-05	4.16e-03	9.96e-01	3.76e-05	0.00e+00
 1.77378e+15	3.28e-16	9.44e-12	4.42e-08	3.80e-05	4.42e-03	9.96e-01	3.54e-05	0.00e+00
 1.80937e+15	3.90e-16	1.09e-11	4.97e-08	4.12e-05	4.63e-03	9.95e-01	3.38e-05	0.00e+00
 1.84807e+15	4.70e-16	1.27e-11	5.62e-08	4.49e-05	4.85e-03	9.95e-01	3.23e-05	0.00e+00
 1.89838e+15	5.95e-16	1.55e-11	6.57e-08	5.02e-05	5.16e-03	9.95e-01	3.03e-05	0.00e+00
 1.95360e+15	7.64e-16	1.91e-11	7.77e-08	5.65e-05	5.50e-03	9.94e-01	2.84e-05	0.00e+00
 2.00379e+15	9.49e-16	2.30e-11	9.00e-08	6.27e-05	5.83e-03	9.94e-01	2.68e-05	0.00e+00
 2.05762e+15	1.19e-15	2.78e-11	1.05e-07	6.99e-05	6.19e-03	9.94e-01	2.52e-05	0.00e+00
 2.11841e+15	1.53e-15	3.43e-11	1.24e-07	7.89e-05	6.62e-03	9.93e-01	2.36e-05	0.00e+00
 2.17585e+15	1.93e-15	4.16e-11	1.46e-07	8.81e-05	7.04e-03	9.93e-01	2.22e-05	0.00e+00
 2.22989e+15	2.37e-15	4.97e-11	1.68e-07	9.75e-05	7.45e-03	9.92e-01	2.10e-05	0.00e+00
 2.29189e+15	2.99e-15	6.05e-11	1.97e-07	1.09e-04	7.95e-03	9.92e-01	1.97e-05	0.00e+00
 2.37248e+15	4.01e-15	7.75e-11	2.41e-07	1.26e-04	8.61e-03	9.91e-01	1.81e-05	0.00e+00
 2.45396e+15	5.30e-15	9.86e-11	2.94e-07	1.45e-04	9.32e-03	9.91e-01	1.68e-05	0.00e+00
 2.51916e+15	6.57e-15	1.19e-10	3.42e-07	1.62e-04	9.91e-03	9.90e-01	1.58e-05	0.00e+00
 2.58647e+15	8.18e-15	1.43e-10	3.99e-07	1.80e-04	1.05e-02	9.89e-01	1.48e-05	0.00e+00
 2.67398e+15	1.09e-14	1.82e-10	4.86e-07	2.07e-04	1.14e-02	9.88e-01	1.38e-05	0.00e+00
 2.76798e+15	1.43e-14	2.31e-10	5.94e-07	2.39e-04	1.24e-02	9.87e-01	1.28e-05	0.00e+00
 2.85139e+15	1.81e-14	2.85e-10	7.06e-07	2.70e-04	1.33e-02	9.86e-01	1.20e-05	0.00e+00
 2.94080e+15	2.34e-14	3.56e-10	8.48e-07	3.07e-04	1.43e-02	9.85e-01	1.12e-05	0.00e+00
 3.05117e+15	3.13e-14	4.59e-10	1.05e-06	3.57e-04	1.57e-02	9.84e-01	1.03e-05	0.00e+00
 3.16286e+15	4.16e-14	5.90e-10	1.30e-06	4.15e-04	1.71e-02	9.83e-01	9.58e-06	0.00e+00
 3.26070e+15	5.28e-14	7.29e-10	1.56e-06	4.71e-04	1.84e-02	9.81e-01	8.97e-06	0.00e+00
 3.34297e+15	6.42e-14	8.68e-10	1.80e-06	5.22e-04	1.95e-02	9.80e-01	8.51e-06	0.00e+00
 3.41495e+15	7.58e-14	1.01e-09	2.04e-06	5.70e-04	2.05e-02	9.79e-01	8.14e-06	0.00e+00
 3.49708e+15	9.13e-14	1.19e-09	2.35e-06	6.29e-04	2.18e-02	9.78e-01	7.74e-06	0.00e+00
 3.60384e+15	1.16e-13	1.47e-09	2.82e-06	7.13e-04	2.34e-02	9.76e-01	7.28e-06	0.00e+00
 3.71249e+15	1.46e-13	1.81e-09	3.37e-06	8.07e-04	2.52e-02	9.74e-01	6.87e-06	0.00e+00
 3.79991e+15	1.75e-13	2.13e-09	3.87e-06	8.88e-04	2.67e-02	9.72e-01	6.55e-06	0.00e+00
 3.88988e+15	2.10e-13	2.51e-09	4.45e-06	9.78e-04	2.82e-02	9.71e-01	6.26e-06	0.00e+00
 4.00684e+15	2.67e-13	3.10e-09	5.33e-06	1.11e-03	3.03e-02	9.69e-01	5.92e-06	0.00e+00
 4.12858e+15	3.36e-13	3.83e-09	6.39e-06	1.25e-03	3.26e-02	9.66e-01	5.60e-06	0.00e+00
 4.23096e+15	4.05e-13	4.54e-09	7.40e-06	1.39e-03	3.46e-02	9.64e-01	5.35e-06	0.00e+00
 4.33847e+15	4.95e-13	5.43e-09	8.62e-06	1.54e-03	3.68e-02	9.62e-01	5.12e-06	0.00e+00
 4.47823e+15	6.39e-13	6.82e-09	1.05e-05	1.76e-03	3.98e-02	9.58e-01	4.86e-06	0.00e+00
 4.62262e+15	8.18e-13	8.54e-09	1.27e-05	2.01e-03	4.29e-02	9.55e-01	4.62e-06	0.00e+00
 4.74340e+15	1.00e-12	1.02e-08	1.49e-05	2.23e-03	4.57e-02	9.52e-01	4.43e-06	0.00e+00
 4.87078e+15	1.24e-12	1.24e-08	1.75e-05	2.49e-03	4.87e-02	9.49e-01	4.25e-06	0.00e+00
 5.03637e+15	1.62e-12	1.58e-08	2.16e-05	2.86e-03	5.28e-02	9.44e-01	4.05e-06	0.00e+00
 5.21059e+15	2.12e-12	2.01e-08	2.66e-05	3.30e-03	5.72e-02	9.39e-01	3.87e-06	0.00e+00
 5.36049e+15	2.65e-12	2.46e-08	3.17e-05	3.71e-03	6.12e-02	9.35e-01	3.72e-06	0.00e+00
 5.51985e+15	3.37e-12	3.06e-08	3.80e-05	4.19e-03	6.56e-02	9.30e-01	3.59e-06	0.00e+00
 5.72214e+15	4.55e-12	3.99e-08	4.77e-05	4.87e-03	7.15e-02	9.24e-01	3.45e-06	0.00e+00
 5.90449e+15	5.84e-12	5.01e-08	5.79e-05	5.54e-03	7.69e-02	9.18e-01	3.32e-06	0.00e+00
 6.02397e+15	6.86e-12	5.79e-08	6.55e-05	6.01e-03	8.05e-02	9.13e-01	3.26e-06	0.00e+00
 6.13748e+15	8.04e-12	6.66e-08	7.37e-05	6.50e-03	8.41e-02	9.09e-01	3.20e-06	0.00e+00
 6.28504e+15	9.87e-12	7.97e-08	8.56e-05	7.17e-03	8.89e-02	9.04e-01	3.12e-06	0.00e+00
 6.47687e+15	1.28e-11	1.00e-07	1.04e-04	8.14e-03	9.54e-02	8.96e-01	3.04e-06	0.00e+00
 6.66994e+15	1.63e-11	1.24e-07	1.25e-04	9.18e-03	1.02e-01	8.89e-01	2.97e-06	0.00e+00
 6.82141e+15	1.97e-11	1.47e-07	1.43e-04	1.01e-02	1.07e-01	8.83e-01	2.92e-06	0.00e+00
 6.97508e+15	2.39e-11	1.74e-07	1.65e-04	1.11e-02	1.13e-01	8.76e-01	2.87e-06	0.00e+00
 7.17485e+15	3.06e-11	2.16e-07	1.98e-04	1.24e-02	1.20e-01	8.67e-01	2.80e-06	0.00e+00
 7.38435e+15	3.92e-11	2.69e-07	2.37e-04	1.40e-02	1.28e-01	8.58e-01	2.76e-06	0.00e+00
 7.56222e+15	4.79e-11	3.21e-07	2.75e-04	1.54e-02	1.35e-01	8.49e-01	2.72e-06	0.00e+00
 7.74920e+15	5.97e-11	3.88e-07	3.22e-04	1.71e-02	1.42e-01	8.40e-01	2.67e-06	0.00e+00
 7.99226e+15	7.87e-11	4.94e-07	3.93e-04	1.94e-02	1.53e-01	8.28e-01	2.63e-06	0.00e+00
 8.24023e+15	1.02e-10	6.20e-07	4.75e-04	2.20e-02	1.63e-01	8.15e-01	2.57e-06	0.00e+00
 8.44399e+15	1.26e-10	7.47e-07	5.54e-04	2.43e-02	1.71e-01	8.04e-01	2.55e-06	0.00e+00
 8.65832e+15	1.58e-10	9.10e-07	6.52e-04	2.70e-02	1.81e-01	7.92e-01	2.52e-06	0.00e+00
 8.93696e+15	2.11e-10	1.17e-06	8.00e-04	3.08e-02	1.93e-01	7.76e-01	2.45e-06	0.00e+00
 9.21963e+15	2.75e-10	1.47e-06	9.73e-04	3.49e-02	2.05e-01	7.59e-01	2.41e-06	0.00e+00
 9.45358e+15	3.43e-10	1.79e-06	1.14e-03	3.86e-02	2.15e-01	7.45e-01	2.39e-06	0.00e+00
 9.70375e+15	4.37e-10	2.20e-06	1.35e-03	4.30e-02	2.27e-01	7.29e-01	2.35e-06	0.00e+00
 9.95361e+15	5.42e-10	2.66e-06	1.58e-03	4.76e-02	2.38e-01	7.13e-01	2.31e-06	0.00e+00
 1.01591e+16	6.49e-10	3.11e-06	1.80e-03	5.16e-02	2.47e-01	7.00e-01	2.28e-06	0.00e+00
 1.03823e+16	7.96e-10	3.70e-06	2.08e-03	5.64e-02	2.57e-01	6.85e-01	2.24e-06	0.00e+00
 1.06251e+16	9.77e-10	4.43e-06	2.42e-03	6.20e-02	2.68e-01	6.68e-01	2.21e-06	0.00e+00
 1.08539e+16	1.18e-09	5.22e-06	2.77e-03	6.74e-02	2.78e-01	6.52e-01	2.17e-06	0.00e+00
 1.11119e+16	1.48e-09	6.32e-06	3.24e-03	7.42e-02	2.89e-01	6.33e-01	2.11e-06	0.00e+00
 1.13806e+16	1.82e-09	7.60e-06	3.77e-03	8.15e-02	3.01e-01	6.14e-01	2.07e-06	0.00e+00
 1.16245e+16	2.21e-09	8.99e-06	4.34e-03	8.87e-02	3.11e-01	5.96e-01	2.03e-06	0.00e+00
 1.19028e+16	2.79e-09	1.09e-05	5.09e-03	9.76e-02	3.23e-01	5.75e-01	1.98e-06	0.00e+00
 1.21916e+16	3.46e-09	1.32e-05	5.95e-03	1.07e-01	3.34e-01	5.53e-01	1.94e-06	0.00e+00
 1.24467e+16	4.19e-09	1.56e-05	6.83e-03	1.16e-01	3.44e-01	5.33e-01	1.89e-06	0.00e+00
 1.27310e+16	5.24e-09	1.89e-05	7.97e-03	1.27e-01	3.54e-01	5.11e-01	1.83e-06	0.00e+00
 1.30361e+16	6.57e-09	2.29e-05	9.36e-03	1.40e-01	3.64e-01	4.87e-01	1.78e-06	0.00e+00
 1.33084e+16	7.99e-09	2.71e-05	1.08e-02	1.51e-01	3.73e-01	4.65e-01	1.73e-06	0.00e+00
 1.36022e+16	1.00e-08	3.28e-05	1.25e-02	1.65e-01	3.81e-01	4.42e-01	1.66e-06	0.00e+00
 1.39211e+16	1.26e-08	4.01e-05	1.48e-02	1.80e-01	3.89e-01	4.16e-01	1.61e-06	0.00e+00
 1.42053e+16	1.54e-08	4.76e-05	1.70e-02	1.94e-01	3.95e-01	3.94e-01	1.55e-06	0.00e+00
 1.44676e+16	1.86e-08	5.57e-05	1.94e-02	2.08e-01	3.99e-01	3.73e-01	1.50e-06	0.00e+00
 1.47685e+16	2.37e-08	6.82e-05	2.27e-02	2.26e-01	4.04e-01	3.47e-01	1.43e-06	0.00e+00
 1.50697e+16	2.90e-08	8.10e-05	2.62e-02	2.43e-01	4.06e-01	3.25e-01	1.37e-06	0.00e+00
 1.53106e+16	3.45e-08	9.38e-05	2.96e-02	2.57e-01	4.07e-01	3.06e-01	1.33e-06	0.00e+00
 1.55632e+16	4.22e-08	1.11e-04	3.37e-02	2.74e-01	4.07e-01	2.85e-01	1.28e-06	0.00e+00
 1.58374e+16	5.26e-08	1.33e-04	3.88e-02	2.92e-01	4.06e-01	2.63e-01	1.23e-06	0.00e+00
 1.60781e+16	6.29e-08	1.54e-04	4.37e-02	3.08e-01	4.03e-01	2.45e-01	1.18e-06	0.00e+00
 1.62893e+16	7.43e-08	1.77e-04	4.87e-02	3.23e-01	4.00e-01	2.29e-01	1.14e-06	0.00e+00
 1.65234e+16	8.96e-08	2.07e-04	5.50e-02	3.40e-01	3.94e-01	2.11e-01	1.09e-06	0.00e+00
 1.67734e+16	1.12e-07	2.47e-04	6.28e-02	3.58e-01	3.87e-01	1.91e-01	1.04e-06	0.00e+00
 1.69823e+16	1.32e-07	2.83e-04	6.99e-02	3.73e-01	3.80e-01	1.77e-01	1.00e-06	0.00e+00
 1.71638e+16	1.55e-07	3.22e-04	7.70e-02	3.87e-01	3.73e-01	1.63e-01	9.71e-07	0.00e+00
 1.73716e+16	1.79e-07	3.65e-04	8.56e-02	4.02e-01	3.63e-01	1.49e-01	0.00e+00	0.00e+00
 1.76018e+16	2.18e-07	4.28e-04	9.67e-02	4.18e-01	3.51e-01	1.34e-01	0.00e+00	0.00e+00
 1.78050e+16	2.75e-07	5.12e-04	1.09e-01	4.33e-01	3.38e-01	1.19e-01	0.00e+00	0.00e+00
 1.79675e+16	3.28e-07	5.88e-04	1.19e-01	4.45e-01	3.27e-01	1.08e-01	0.00e+00	0.00e+00
 1.81107e+16	3.79e-07	6.59e-04	1.30e-01	4.54e-01	3.17e-01	9.89e-02	0.00e+00	0.00e+00
 1.82743e+16	4.29e-07	7.31e-04	1.41e-01	4.65e-01	3.04e-01	8.94e-02	0.00e+00	0.00e+00
 1.84868e+16	5.27e-07	8.62e-04	1.59e-01	4.77e-01	2.86e-01	7.71e-02	0.00e+00	0.00e+00
 1.86921e+16	6.56e-07	1.02e-03	1.79e-01	4.88e-01	2.67e-01	6.57e-02	0.00e+00	0.00e+00
 1.88345e+16	8.19e-07	1.21e-03	1.96e-01	4.94e-01	2.52e-01	5.71e-02	0.00e+00	0.00e+00
 1.89338e+16	9.27e-07	1.33e-03	2.08e-01	4.98e-01	2.41e-01	5.19e-02	0.00e+00	0.00e+00
 1.90304e+16	1.05e-06	1.46e-03	2.20e-01	5.01e-01	2.30e-01	4.69e-02	0.00e+00	0.00e+00
 1.91561e+16	1.25e-06	1.67e-03	2.38e-01	5.05e-01	2.15e-01	4.05e-02	0.00e+00	0.00e+00
 1.92881e+16	1.48e-06	1.90e-03	2.57e-01	5.07e-01	2.00e-01	3.48e-02	0.00e+00	0.00e+00
 1.94029e+16	1.64e-06	2.06e-03	2.73e-01	5.08e-01	1.87e-01	3.06e-02	0.00e+00	0.00e+00
 1.95047e+16	1.95e-06	2.34e-03	2.90e-01	5.07e-01	1.74e-01	2.64e-02	0.00e+00	0.00e+00
 1.95825e+16	2.13e-06	2.50e-03	3.03e-01	5.06e-01	1.65e-01	2.38e-02	0.00e+00	0.00e+00
 1.96510e+16	2.42e-06	2.74e-03	3.16e-01	5.04e-01	1.56e-01	2.12e-02	0.00e+00	0.00e+00
 1.97230e+16	2.62e-06	2.92e-03	3.28e-01	5.02e-01	1.48e-01	1.90e-02	0.00e+00	0.00e+00
 1.97994e+16	2.93e-06	3.17e-03	3.43e-01	4.99e-01	1.38e-01	1.67e-02	0.00e+00	0.00e+00
 1.98815e+16	3.32e-06	3.47e-03	3.59e-01	4.95e-01	1.28e-01	1.44e-02	0.00e+00	0.00e+00
 1.99518e+16	3.84e-06	3.85e-03	3.75e-01	4.90e-01	1.19e-01	1.24e-02	0.00e+00	0.00e+00
 2.00061e+16	4.25e-06	4.15e-03	3.87e-01	4.86e-01	1.12e-01	1.11e-02	0.00e+00	0.00e+00
 2.00591e+16	4.60e-06	4.39e-03	3.98e-01	4.82e-01	1.06e-01	9.96e-03	0.00e+00	0.00e+00
 2.01280e+16	5.26e-06	4.84e-03	4.14e-01	4.75e-01	9.73e-02	8.45e-03	0.00e+00	0.00e+00
 2.01968e+16	5.80e-06	5.20e-03	4.28e-01	4.70e-01	9.00e-02	7.30e-03	0.00e+00	0.00e+00
 2.02563e+16	6.29e-06	5.52e-03	4.40e-01	4.64e-01	8.37e-02	6.39e-03	0.00e+00	0.00e+00
 2.03243e+16	7.07e-06	6.01e-03	4.56e-01	4.57e-01	7.64e-02	5.38e-03	0.00e+00	0.00e+00
 2.03961e+16	8.04e-06	6.59e-03	4.72e-01	4.48e-01	6.90e-02	4.45e-03	0.00e+00	0.00e+00
 2.04563e+16	9.04e-06	7.16e-03	4.86e-01	4.40e-01	6.31e-02	3.76e-03	0.00e+00	0.00e+00
 2.05081e+16	1.00e-05	7.70e-03	4.99e-01	4.32e-01	5.81e-02	3.22e-03	0.00e+00	0.00e+00
 2.05656e+16	1.12e-05	8.33e-03	5.12e-01	4.24e-01	5.29e-02	2.70e-03	0.00e+00	0.00e+00
 2.06403e+16	1.34e-05	9.47e-03	5.32e-01	4.10e-01	4.60e-02	2.08e-03	0.00e+00	0.00e+00
 2.07098e+16	1.48e-05	1.02e-02	5.46e-01	4.01e-01	4.12e-02	1.70e-03	0.00e+00	0.00e+00
 2.07726e+16	1.68e-05	1.11e-02	5.60e-01	3.90e-01	3.66e-02	1.36e-03	0.00e+00	0.00e+00
 2.08424e+16	1.99e-05	1.25e-02	5.78e-01	3.77e-01	3.17e-02	1.04e-03	0.00e+00	0.00e+00
 2.09036e+16	2.22e-05	1.35e-02	5.90e-01	3.67e-01	2.83e-02	8.48e-04	0.00e+00	0.00e+00
 2.09526e+16	2.46e-05	1.45e-02	6.01e-01	3.58e-01	2.56e-02	7.04e-04	0.00e+00	0.00e+00
 2.09942e+16	2.74e-05	1.56e-02	6.12e-01	3.49e-01	2.33e-02	5.92e-04	0.00e+00	0.00e+00
 2.10313e+16	2.96e-05	1.65e-02	6.20e-01	3.42e-01	2.15e-02	5.11e-04	0.00e+00	0.00e+00
 2.10721e+16	3.19e-05	1.74e-02	6.28e-01	3.35e-01	1.98e-02	4.38e-04	0.00e+00	0.00e+00
 2.11251e+16	3.64e-05	1.90e-02	6.40e-01	3.23e-01	1.74e-02	3.46e-04	0.00e+00	0.00e+00
 2.11774e+16	4.05e-05	2.05e-02	6.50e-01	3.13e-01	1.55e-02	2.81e-04	0.00e+00	0.00e+00
 2.12209e+16	4.40e-05	2.17e-02	6.58e-01	3.06e-01	1.41e-02	2.36e-04	0.00e+00	0.00e+00
 2.12697e+16	4.95e-05	2.36e-02	6.68e-01	2.95e-01	1.25e-02	1.89e-04	0.00e+00	0.00e+00
 2.13223e+16	5.56e-05	2.55e-02	6.78e-01	2.85e-01	1.10e-02	1.51e-04	0.00e+00	0.00e+00
 2.13708e+16	6.12e-05	2.73e-02	6.86e-01	2.76e-01	9.87e-03	1.23e-04	0.00e+00	0.00e+00
 2.14250e+16	6.97e-05	2.98e-02	6.96e-01	2.65e-01	8.58e-03	9.55e-05	0.00e+00	0.00e+00
 2.14814e+16	7.93e-05	3.26e-02	7.06e-01	2.54e-01	7.46e-03	7.41e-05	0.00e+00	0.00e+00
 2.15297e+16	8.84e-05	3.51e-02	7.14e-01	2.45e-01	6.61e-03	5.97e-05	0.00e+00	0.00e+00
 2.15813e+16	9.90e-05	3.80e-02	7.21e-01	2.35e-01	5.78e-03	4.70e-05	0.00e+00	0.00e+00
 2.16484e+16	1.15e-04	4.21e-02	7.31e-01	2.22e-01	4.85e-03	3.43e-05	0.00e+00	0.00e+00
 2.17146e+16	1.35e-04	4.67e-02	7.40e-01	2.09e-01	4.08e-03	2.52e-05	0.00e+00	0.00e+00
 2.17638e+16	1.52e-04	5.06e-02	7.46e-01	2.00e-01	3.58e-03	2.00e-05	0.00e+00	0.00e+00
 2.18116e+16	1.69e-04	5.45e-02	7.51e-01	1.91e-01	3.14e-03	1.59e-05	0.00e+00	0.00e+00
 2.18738e+16	1.96e-04	6.02e-02	7.57e-01	1.80e-01	2.64e-03	1.18e-05	0.00e+00	0.00e+00
 2.19372e+16	2.29e-04	6.69e-02	7.62e-01	1.68e-01	2.21e-03	8.64e-06	0.00e+00	0.00e+00
 2.19869e+16	2.59e-04	7.27e-02	7.66e-01	1.59e-01	1.91e-03	6.77e-06	0.00e+00	0.00e+00
 2.20295e+16	2.89e-04	7.81e-02	7.68e-01	1.52e-01	1.69e-03	5.46e-06	0.00e+00	0.00e+00
 2.20783e+16	3.26e-04	8.46e-02	7.70e-01	1.43e-01	1.46e-03	4.26e-06	0.00e+00	0.00e+00
 2.21418e+16	3.83e-04	9.42e-02	7.72e-01	1.33e-01	1.20e-03	3.06e-06	0.00e+00	0.00e+00
 2.22049e+16	4.54e-04	1.06e-01	7.71e-01	1.22e-01	9.82e-04	2.20e-06	0.00e+00	0.00e+00
 2.22518e+16	5.18e-04	1.15e-01	7.70e-01	1.14e-01	8.43e-04	1.71e-06	0.00e+00	0.00e+00
 2.22907e+16	5.75e-04	1.23e-01	7.68e-01	1.08e-01	7.42e-04	1.39e-06	0.00e+00	0.00e+00
 2.23350e+16	6.51e-04	1.34e-01	7.65e-01	1.00e-01	6.35e-04	1.08e-06	0.00e+00	0.00e+00
 2.23925e+16	7.64e-04	1.48e-01	7.59e-01	9.13e-02	5.18e-04	7.79e-07	0.00e+00	0.00e+00
 2.24513e+16	9.13e-04	1.67e-01	7.50e-01	8.21e-02	4.16e-04	0.00e+00	0.00e+00	0.00e+00
 2.24970e+16	1.05e-03	1.83e-01	7.41e-01	7.50e-02	3.48e-04	0.00e+00	0.00e+00	0.00e+00
 2.25350e+16	1.19e-03	1.97e-01	7.32e-01	6.94e-02	2.98e-04	0.00e+00	0.00e+00	0.00e+00
 2.25776e+16	1.35e-03	2.14e-01	7.21e-01	6.34e-02	2.51e-04	0.00e+00	0.00e+00	0.00e+00
 2.26329e+16	1.61e-03	2.38e-01	7.04e-01	5.59e-02	1.97e-04	0.00e+00	0.00e+00	0.00e+00
 2.26901e+16	1.95e-03	2.69e-01	6.81e-01	4.81e-02	1.51e-04	0.00e+00	0.00e+00	0.00e+00
 2.27356e+16	2.30e-03	2.97e-01	6.58e-01	4.20e-02	1.19e-04	0.00e+00	0.00e+00	0.00e+00
 2.27737e+16	2.63e-03	3.22e-01	6.38e-01	3.74e-02	9.75e-05	0.00e+00	0.00e+00	0.00e+00
 2.28163e+16	3.05e-03	3.52e-01	6.12e-01	3.24e-02	7.67e-05	0.00e+00	0.00e+00	0.00e+00
 2.28716e+16	3.71e-03	3.95e-01	5.75e-01	2.66e-02	5.52e-05	0.00e+00	0.00e+00	0.00e+00
 2.29287e+16	4.62e-03	4.47e-01	5.28e-01	2.08e-02	3.75e-05	0.00e+00	0.00e+00	0.00e+00
 2.29726e+16	5.55e-03	4.92e-01	4.86e-01	1.67e-02	2.69e-05	0.00e+00	0.00e+00	0.00e+00
 2.30068e+16	6.35e-03	5.29e-01	4.50e-01	1.39e-02	2.03e-05	0.00e+00	0.00e+00	0.00e+00
 2.30437e+16	7.36e-03	5.69e-01	4.13e-01	1.12e-02	1.48e-05	0.00e+00	0.00e+00	0.00e+00
 2.30852e+16	8.72e-03	6.17e-01	3.66e-01	8.49e-03	9.90e-06	0.00e+00	0.00e+00	0.00e+00
 2.31219e+16	1.02e-02	6.62e-01	3.21e-01	6.41e-03	6.65e-06	0.00e+00	0.00e+00	0.00e+00
 2.31507e+16	1.16e-02	6.97e-01	2.86e-01	5.03e-03	4.75e-06	0.00e+00	0.00e+00	0.00e+00
 2.31803e+16	1.31e-02	7.31e-01	2.52e-01	3.87e-03	3.30e-06	0.00e+00	0.00e+00	0.00e+00
 2.32188e+16	1.54e-02	7.72e-01	2.10e-01	2.66e-03	1.99e-06	0.00e+00	0.00e+00	0.00e+00
 2.32563e+16	1.84e-02	8.13e-01	1.67e-01	1.72e-03	1.11e-06	0.00e+00	0.00e+00	0.00e+00
 2.32820e+16	2.08e-02	8.39e-01	1.39e-01	1.21e-03	7.04e-07	0.00e+00	0.00e+00	0.00e+00
 2.33002e+16	2.27e-02	8.55e-01	1.21e-01	9.41e-04	0.00e+00	0.00e+00	0.00e+00	0.00e+00
 2.33192e+16	2.48e-02	8.70e-01	1.05e-01	7.15e-04	0.00e+00	0.00e+00	0.00e+00	0.00e+00
 2.33440e+16	2.79e-02	8.86e-01	8.57e-02	4.91e-04	0.00e+00	0.00e+00	0.00e+00	0.00e+00
 2.33711e+16	3.19e-02	9.01e-01	6.66e-02	3.10e-04	0.00e+00	0.00e+00	0.00e+00	0.00e+00
 2.33941e+16	3.60e-02	9.12e-01	5.22e-02	2.01e-04	0.00e+00	0.00e+00	0.00e+00	0.00e+00
 2.34119e+16	3.95e-02	9.18e-01	4.27e-02	1.40e-04	0.00e+00	0.00e+00	0.00e+00	0.00e+00
 2.34301e+16	4.34e-02	9.22e-01	3.47e-02	9.67e-05	0.00e+00	0.00e+00	0.00e+00	0.00e+00
 2.34504e+16	4.85e-02	9.24e-01	2.70e-02	6.19e-05	0.00e+00	0.00e+00	0.00e+00	0.00e+00
 2.34686e+16	5.36e-02	9.25e-01	2.11e-02	4.02e-05	0.00e+00	0.00e+00	0.00e+00	0.00e+00
 2.34834e+16	5.82e-02	9.25e-01	1.72e-02	2.80e-05	0.00e+00	0.00e+00	0.00e+00	0.00e+00
 2.34976e+16	6.31e-02	9.23e-01	1.40e-02	1.96e-05	0.00e+00	0.00e+00	0.00e+00	0.00e+00
 2.35141e+16	6.90e-02	9.20e-01	1.10e-02	1.28e-05	0.00e+00	0.00e+00	0.00e+00	0.00e+00
 2.35309e+16	7.58e-02	9.16e-01	8.45e-03	8.14e-06	0.00e+00	0.00e+00	0.00e+00	0.00e+00
 2.35447e+16	8.19e-02	9.11e-01	6.73e-03	5.53e-06	0.00e+00	0.00e+00	0.00e+00	0.00e+00
 2.35557e+16	8.70e-02	9.07e-01	5.60e-03	4.05e-06	0.00e+00	0.00e+00	0.00e+00	0.00e+00
 2.35656e+16	9.16e-02	9.04e-01	4.74e-03	3.06e-06	0.00e+00	0.00e+00	0.00e+00	0.00e+00
 2.35757e+16	9.66e-02	8.99e-01	3.99e-03	2.30e-06	0.00e+00	0.00e+00	0.00e+00	0.00e+00
 2.35859e+16	1.02e-01	8.95e-01	3.35e-03	1.72e-06	0.00e+00	0.00e+00	0.00e+00	0.00e+00
 2.35937e+16	1.06e-01	8.91e-01	2.92e-03	1.38e-06	0.00e+00	0.00e+00	0.00e+00	0.00e+00
 2.35987e+16	1.09e-01	8.89e-01	2.68e-03	1.21e-06	0.00e+00	0.00e+00	0.00e+00	0.00e+00
 2.36033e+16	1.11e-01	8.86e-01	2.47e-03	1.06e-06	0.00e+00	0.00e+00	0.00e+00	0.00e+00
 2.36089e+16	1.14e-01	8.84e-01	2.24e-03	9.13e-07	0.00e+00	0.00e+00	0.00e+00	0.00e+00
 2.36152e+16	1.18e-01	8.80e-01	2.01e-03	0.00e+00	0.00e+00	0.00e+00	0.00e+00	0.00e+00
 2.36213e+16	1.21e-01	8.77e-01	1.81e-03	0.00e+00	0.00e+00	0.00e+00	0.00e+00	0.00e+00
 2.36270e+16	1.24e-01	8.74e-01	1.64e-03	0.00e+00	0.00e+00	0.00e+00	0.00e+00	0.00e+00
 2.36328e+16	1.27e-01	8.71e-01	1.48e-03	0.00e+00	0.00e+00	0.00e+00	0.00e+00	0.00e+00
 2.36387e+16	1.30e-01	8.68e-01	1.34e-03	0.00e+00	0.00e+00	0.00e+00	0.00e+00	0.00e+00
 2.36447e+16	1.34e-01	8.65e-01	1.21e-03	0.00e+00	0.00e+00	0.00e+00	0.00e+00	0.00e+00
 2.36508e+16	1.37e-01	8.62e-01	1.09e-03	0.00e+00	0.00e+00	0.00e+00	0.00e+00	0.00e+00
 2.36569e+16	1.40e-01	8.59e-01	9.84e-04	0.00e+00	0.00e+00	0.00e+00	0.00e+00	0.00e+00
 2.36631e+16	1.44e-01	8.55e-01	8.88e-04	0.00e+00	0.00e+00	0.00e+00	0.00e+00	0.00e+00
 2.36696e+16	1.47e-01	8.52e-01	8.00e-04	0.00e+00	0.00e+00	0.00e+00	0.00e+00	0.00e+00
 2.36762e+16	1.50e-01	8.49e-01	7.22e-04	0.00e+00	0.00e+00	0.00e+00	0.00e+00	0.00e+00
 2.36828e+16	1.54e-01	8.45e-01	6.51e-04	0.00e+00	0.00e+00	0.00e+00	0.00e+00	0.00e+00
 2.36898e+16	1.58e-01	8.42e-01	5.87e-04	0.00e+00	0.00e+00	0.00e+00	0.00e+00	0.00e+00
 2.36972e+16	1.61e-01	8.38e-01	5.28e-04	0.00e+00	0.00e+00	0.00e+00	0.00e+00	0.00e+00
 2.37048e+16	1.65e-01	8.35e-01	4.76e-04	0.00e+00	0.00e+00	0.00e+00	0.00e+00	0.00e+00
 2.37128e+16	1.69e-01	8.31e-01	4.29e-04	0.00e+00	0.00e+00	0.00e+00	0.00e+00	0.00e+00
 2.37213e+16	1.72e-01	8.27e-01	3.87e-04	0.00e+00	0.00e+00	0.00e+00	0.00e+00	0.00e+00
 2.37304e+16	1.76e-01	8.24e-01	3.49e-04	0.00e+00	0.00e+00	0.00e+00	0.00e+00	0.00e+00
 2.37401e+16	1.80e-01	8.20e-01	3.16e-04	0.00e+00	0.00e+00	0.00e+00	0.00e+00	0.00e+00
 2.37504e+16	1.83e-01	8.17e-01	2.87e-04	0.00e+00	0.00e+00	0.00e+00	0.00e+00	0.00e+00
 2.37618e+16	1.87e-01	8.13e-01	2.62e-04	0.00e+00	0.00e+00	0.00e+00	0.00e+00	0.00e+00
 2.37745e+16	1.90e-01	8.09e-01	2.40e-04	0.00e+00	0.00e+00	0.00e+00	0.00e+00	0.00e+00
 2.37885e+16	1.95e-01	8.05e-01	2.22e-04	0.00e+00	0.00e+00	0.00e+00	0.00e+00	0.00e+00
 2.38028e+16	1.98e-01	8.02e-01	2.07e-04	0.00e+00	0.00e+00	0.00e+00	0.00e+00	0.00e+00
 2.38169e+16	2.00e-01	8.00e-01	1.97e-04	0.00e+00	0.00e+00	0.00e+00	0.00e+00	0.00e+00
 2.38307e+16	2.03e-01	7.97e-01	1.88e-04	0.00e+00	0.00e+00	0.00e+00	0.00e+00	0.00e+00
 2.38444e+16	2.05e-01	7.95e-01	1.81e-04	0.00e+00	0.00e+00	0.00e+00	0.00e+00	0.00e+00
 2.38601e+16	2.07e-01	7.93e-01	1.75e-04	0.00e+00	0.00e+00	0.00e+00	0.00e+00	0.00e+00
 2.38805e+16	2.10e-01	7.90e-01	1.68e-04	0.00e+00	0.00e+00	0.00e+00	0.00e+00	0.00e+00
