#depth	He	He+	He+2
 1.49634e+10	6.27e-23	1.65e-11	1.00e+00
 4.54887e+10	6.97e-23	1.79e-11	1.00e+00
 7.72350e+10	7.72e-23	1.93e-11	1.00e+00
 1.10251e+11	8.56e-23	2.09e-11	1.00e+00
 1.44588e+11	9.50e-23	2.27e-11	1.00e+00
 1.80298e+11	1.05e-22	2.45e-11	1.00e+00
 2.17437e+11	1.17e-22	2.65e-11	1.00e+00
 2.56061e+11	1.30e-22	2.87e-11	1.00e+00
 2.96231e+11	1.45e-22	3.11e-11	1.00e+00
 3.38007e+11	1.61e-22	3.37e-11	1.00e+00
 3.81454e+11	1.79e-22	3.65e-11	1.00e+00
 4.26639e+11	2.00e-22	3.95e-11	1.00e+00
 4.73631e+11	2.23e-22	4.28e-11	1.00e+00
 5.22503e+11	2.50e-22	4.64e-11	1.00e+00
 5.73330e+11	2.79e-22	5.02e-11	1.00e+00
 6.26190e+11	3.13e-22	5.44e-11	1.00e+00
 6.81164e+11	3.51e-22	5.90e-11	1.00e+00
 7.38337e+11	3.94e-22	6.39e-11	1.00e+00
 7.93418e+11	4.39e-22	6.89e-11	1.00e+00
 8.44758e+11	4.84e-22	7.37e-11	1.00e+00
 9.02530e+11	5.39e-22	7.94e-11	1.00e+00
 9.68558e+11	6.07e-22	8.61e-11	1.00e+00
 1.03392e+12	6.82e-22	9.31e-11	1.00e+00
 1.10189e+12	7.65e-22	1.01e-10	1.00e+00
 1.17590e+12	8.65e-22	1.09e-10	1.00e+00
 1.25120e+12	9.77e-22	1.18e-10	1.00e+00
 1.32952e+12	1.10e-21	1.29e-10	1.00e+00
 1.41262e+12	1.25e-21	1.40e-10	1.00e+00
 1.49906e+12	1.42e-21	1.52e-10	1.00e+00
 1.58894e+12	1.61e-21	1.65e-10	1.00e+00
 1.68243e+12	1.83e-21	1.80e-10	1.00e+00
 1.77965e+12	2.08e-21	1.96e-10	1.00e+00
 1.88077e+12	2.36e-21	2.14e-10	1.00e+00
 1.98592e+12	2.71e-21	2.33e-10	1.00e+00
 2.09529e+12	3.10e-21	2.55e-10	1.00e+00
 2.20903e+12	3.55e-21	2.78e-10	1.00e+00
 2.32731e+12	4.06e-21	3.04e-10	1.00e+00
 2.45033e+12	4.64e-21	3.33e-10	1.00e+00
 2.57827e+12	5.30e-21	3.65e-10	1.00e+00
 2.71133e+12	6.06e-21	4.00e-10	1.00e+00
 2.84971e+12	6.91e-21	4.40e-10	1.00e+00
 2.99363e+12	7.89e-21	4.83e-10	1.00e+00
 3.14330e+12	8.99e-21	5.32e-10	1.00e+00
 3.29896e+12	1.03e-20	5.85e-10	1.00e+00
 3.46084e+12	1.17e-20	6.45e-10	1.00e+00
 3.62920e+12	1.34e-20	7.11e-10	1.00e+00
 3.80430e+12	1.53e-20	7.85e-10	1.00e+00
 3.98640e+12	1.75e-20	8.67e-10	1.00e+00
 4.17578e+12	2.02e-20	9.57e-10	1.00e+00
 4.37274e+12	2.33e-20	1.06e-09	1.00e+00
 4.57757e+12	2.70e-20	1.17e-09	1.00e+00
 4.79060e+12	3.14e-20	1.29e-09	1.00e+00
 5.01215e+12	3.67e-20	1.42e-09	1.00e+00
 5.24257e+12	4.30e-20	1.57e-09	1.00e+00
 5.48219e+12	5.06e-20	1.74e-09	1.00e+00
 5.73141e+12	5.97e-20	1.91e-09	1.00e+00
 5.99059e+12	7.06e-20	2.11e-09	1.00e+00
 6.26014e+12	8.37e-20	2.32e-09	1.00e+00
 6.54048e+12	9.94e-20	2.56e-09	1.00e+00
 6.83202e+12	1.18e-19	2.81e-09	1.00e+00
 7.13523e+12	1.41e-19	3.09e-09	1.00e+00
 7.45056e+12	1.68e-19	3.39e-09	1.00e+00
 7.77851e+12	2.00e-19	3.72e-09	1.00e+00
 8.11958e+12	2.38e-19	4.09e-09	1.00e+00
 8.47429e+12	2.83e-19	4.48e-09	1.00e+00
 8.82173e+12	3.34e-19	4.88e-09	1.00e+00
 9.15441e+12	3.88e-19	5.28e-09	1.00e+00
 9.52186e+12	4.56e-19	5.74e-09	1.00e+00
 9.93266e+12	5.42e-19	6.27e-09	1.00e+00
 1.03468e+13	6.41e-19	6.83e-09	1.00e+00
 1.07775e+13	7.57e-19	7.44e-09	1.00e+00
 1.12385e+13	8.97e-19	8.12e-09	1.00e+00
 1.17180e+13	1.06e-18	8.85e-09	1.00e+00
 1.22166e+13	1.26e-18	9.65e-09	1.00e+00
 1.27352e+13	1.49e-18	1.05e-08	1.00e+00
 1.32745e+13	1.76e-18	1.14e-08	1.00e+00
 1.38355e+13	2.08e-18	1.25e-08	1.00e+00
 1.44188e+13	2.45e-18	1.35e-08	1.00e+00
 1.50255e+13	2.89e-18	1.47e-08	1.00e+00
 1.56564e+13	3.41e-18	1.60e-08	1.00e+00
 1.63126e+13	4.02e-18	1.74e-08	1.00e+00
 1.69950e+13	4.73e-18	1.89e-08	1.00e+00
 1.77048e+13	5.56e-18	2.05e-08	1.00e+00
 1.84429e+13	6.54e-18	2.23e-08	1.00e+00
 1.92105e+13	7.69e-18	2.41e-08	1.00e+00
 2.00089e+13	9.03e-18	2.62e-08	1.00e+00
 2.08392e+13	1.06e-17	2.84e-08	1.00e+00
 2.17026e+13	1.24e-17	3.08e-08	1.00e+00
 2.26007e+13	1.46e-17	3.34e-08	1.00e+00
 2.35346e+13	1.71e-17	3.62e-08	1.00e+00
 2.45059e+13	2.01e-17	3.92e-08	1.00e+00
 2.55161e+13	2.35e-17	4.24e-08	1.00e+00
 2.65667e+13	2.76e-17	4.60e-08	1.00e+00
 2.76593e+13	3.23e-17	4.98e-08	1.00e+00
 2.87956e+13	3.79e-17	5.39e-08	1.00e+00
 2.99773e+13	4.44e-17	5.84e-08	1.00e+00
 3.12063e+13	5.20e-17	6.32e-08	1.00e+00
 3.24845e+13	6.09e-17	6.85e-08	1.00e+00
 3.38138e+13	7.14e-17	7.41e-08	1.00e+00
 3.51963e+13	8.37e-17	8.03e-08	1.00e+00
 3.66341e+13	9.80e-17	8.69e-08	1.00e+00
 3.81294e+13	1.15e-16	9.41e-08	1.00e+00
 3.96845e+13	1.35e-16	1.02e-07	1.00e+00
 4.13018e+13	1.58e-16	1.10e-07	1.00e+00
 4.29838e+13	1.85e-16	1.20e-07	1.00e+00
 4.45919e+13	2.14e-16	1.29e-07	1.00e+00
 4.60701e+13	2.44e-16	1.37e-07	1.00e+00
 4.77436e+13	2.81e-16	1.48e-07	1.00e+00
 4.96782e+13	3.30e-16	1.60e-07	1.00e+00
 5.15755e+13	3.83e-16	1.72e-07	1.00e+00
 5.33863e+13	4.40e-16	1.85e-07	1.00e+00
 5.53893e+13	5.10e-16	1.99e-07	1.00e+00
 5.76348e+13	5.99e-16	2.16e-07	1.00e+00
 5.98925e+13	7.00e-16	2.33e-07	1.00e+00
 6.22405e+13	8.18e-16	2.52e-07	1.00e+00
 6.47600e+13	9.61e-16	2.73e-07	1.00e+00
 6.73803e+13	1.13e-15	2.97e-07	1.00e+00
 7.01055e+13	1.33e-15	3.22e-07	1.00e+00
 7.29396e+13	1.56e-15	3.49e-07	1.00e+00
 7.58871e+13	1.84e-15	3.79e-07	1.00e+00
 7.89526e+13	2.16e-15	4.11e-07	1.00e+00
 8.21406e+13	2.55e-15	4.46e-07	1.00e+00
 8.54561e+13	3.00e-15	4.84e-07	1.00e+00
 8.89043e+13	3.54e-15	5.26e-07	1.00e+00
 9.24904e+13	4.17e-15	5.71e-07	1.00e+00
 9.62199e+13	4.93e-15	6.21e-07	1.00e+00
 1.00099e+14	5.82e-15	6.75e-07	1.00e+00
 1.04133e+14	6.87e-15	7.33e-07	1.00e+00
 1.08328e+14	8.11e-15	7.97e-07	1.00e+00
 1.12691e+14	9.60e-15	8.68e-07	1.00e+00
 1.17228e+14	1.13e-14	9.43e-07	1.00e+00
 1.21947e+14	1.34e-14	1.03e-06	1.00e+00
 1.26855e+14	1.59e-14	1.12e-06	1.00e+00
 1.31959e+14	1.88e-14	1.22e-06	1.00e+00
 1.37268e+14	2.23e-14	1.33e-06	1.00e+00
 1.42526e+14	2.63e-14	1.44e-06	1.00e+00
 1.47996e+14	3.10e-14	1.56e-06	1.00e+00
 1.53945e+14	3.68e-14	1.70e-06	1.00e+00
 1.59970e+14	4.36e-14	1.85e-06	1.00e+00
 1.66236e+14	5.16e-14	2.02e-06	1.00e+00
 1.72916e+14	6.14e-14	2.20e-06	1.00e+00
 1.79862e+14	7.31e-14	2.40e-06	1.00e+00
 1.87086e+14	8.72e-14	2.62e-06	1.00e+00
 1.94600e+14	1.04e-13	2.87e-06	1.00e+00
 2.01678e+14	1.22e-13	3.11e-06	1.00e+00
 2.08012e+14	1.40e-13	3.33e-06	1.00e+00
 2.15111e+14	1.63e-13	3.59e-06	1.00e+00
 2.23521e+14	1.94e-13	3.92e-06	1.00e+00
 2.31871e+14	2.29e-13	4.26e-06	1.00e+00
 2.39598e+14	2.66e-13	4.59e-06	1.00e+00
 2.48255e+14	3.12e-13	4.97e-06	1.00e+00
 2.58215e+14	3.72e-13	5.44e-06	1.00e+00
 2.67945e+14	4.40e-13	5.91e-06	1.00e+00
 2.77232e+14	5.12e-13	6.38e-06	1.00e+00
 2.87520e+14	6.03e-13	6.92e-06	1.00e+00
 2.99051e+14	7.18e-13	7.56e-06	1.00e+00
 3.10683e+14	8.51e-13	8.24e-06	1.00e+00
 3.22781e+14	1.01e-12	8.96e-06	1.00e+00
 3.35722e+14	1.20e-12	9.78e-06	1.00e+00
 3.49181e+14	1.42e-12	1.07e-05	1.00e+00
 3.63178e+14	1.69e-12	1.16e-05	1.00e+00
 3.77735e+14	2.00e-12	1.27e-05	1.00e+00
 3.92875e+14	2.38e-12	1.38e-05	1.00e+00
 4.08620e+14	2.81e-12	1.50e-05	1.00e+00
 4.24994e+14	3.33e-12	1.64e-05	1.00e+00
 4.42024e+14	3.95e-12	1.78e-05	1.00e+00
 4.58814e+14	4.63e-12	1.94e-05	1.00e+00
 4.76276e+14	5.43e-12	2.10e-05	1.00e+00
 4.95357e+14	6.42e-12	2.28e-05	1.00e+00
 5.14563e+14	7.54e-12	2.48e-05	1.00e+00
 5.34537e+14	8.86e-12	2.69e-05	1.00e+00
 5.55948e+14	1.05e-11	2.93e-05	1.00e+00
 5.76416e+14	1.22e-11	3.16e-05	1.00e+00
 5.95319e+14	1.39e-11	3.39e-05	1.00e+00
 6.16778e+14	1.61e-11	3.65e-05	1.00e+00
 6.41479e+14	1.90e-11	3.97e-05	1.00e+00
 6.65959e+14	2.22e-11	4.30e-05	1.00e+00
 6.91418e+14	2.60e-11	4.66e-05	1.00e+00
 7.19105e+14	3.06e-11	5.06e-05	1.00e+00
 7.45128e+14	3.54e-11	5.46e-05	1.00e+00
 7.68372e+14	4.02e-11	5.83e-05	1.00e+00
 7.94443e+14	4.61e-11	6.25e-05	1.00e+00
 8.25377e+14	5.40e-11	6.79e-05	1.00e+00
 8.56214e+14	6.26e-11	7.33e-05	1.00e+00
 8.84928e+14	7.16e-11	7.85e-05	1.00e+00
 9.16998e+14	8.27e-11	8.46e-05	1.00e+00
 9.53707e+14	9.70e-11	9.19e-05	1.00e+00
 9.89777e+14	1.12e-10	9.93e-05	1.00e+00
 1.02729e+15	1.31e-10	1.07e-04	1.00e+00
 1.06841e+15	1.53e-10	1.16e-04	1.00e+00
 1.10986e+15	1.78e-10	1.26e-04	1.00e+00
 1.15297e+15	2.07e-10	1.36e-04	1.00e+00
 1.19912e+15	2.41e-10	1.48e-04	1.00e+00
 1.24712e+15	2.81e-10	1.60e-04	1.00e+00
 1.29703e+15	3.28e-10	1.74e-04	1.00e+00
 1.34894e+15	3.83e-10	1.88e-04	1.00e+00
 1.40293e+15	4.46e-10	2.04e-04	1.00e+00
 1.45908e+15	5.20e-10	2.21e-04	1.00e+00
 1.51747e+15	6.05e-10	2.40e-04	1.00e+00
 1.57820e+15	7.04e-10	2.60e-04	1.00e+00
 1.64136e+15	8.19e-10	2.82e-04	1.00e+00
 1.70704e+15	9.53e-10	3.05e-04	1.00e+00
 1.77536e+15	1.11e-09	3.30e-04	1.00e+00
 1.84284e+15	1.28e-09	3.57e-04	1.00e+00
 1.90455e+15	1.45e-09	3.81e-04	1.00e+00
 1.97138e+15	1.66e-09	4.09e-04	1.00e+00
 2.04935e+15	1.93e-09	4.42e-04	1.00e+00
 2.12566e+15	2.22e-09	4.76e-04	1.00e+00
 2.19718e+15	2.52e-09	5.09e-04	9.99e-01
 2.27725e+15	2.89e-09	5.48e-04	9.99e-01
 2.36837e+15	3.36e-09	5.93e-04	9.99e-01
 2.45343e+15	3.85e-09	6.36e-04	9.99e-01
 2.52849e+15	4.32e-09	6.76e-04	9.99e-01
 2.61234e+15	4.90e-09	7.22e-04	9.99e-01
 2.71295e+15	5.68e-09	7.80e-04	9.99e-01
 2.81364e+15	6.53e-09	8.39e-04	9.99e-01
 2.90578e+15	7.39e-09	8.95e-04	9.99e-01
 3.00850e+15	8.46e-09	9.60e-04	9.99e-01
 3.12791e+15	9.85e-09	1.04e-03	9.99e-01
 3.24443e+15	1.13e-08	1.12e-03	9.99e-01
 3.35358e+15	1.29e-08	1.19e-03	9.99e-01
 3.47573e+15	1.48e-08	1.28e-03	9.99e-01
 3.60987e+15	1.71e-08	1.38e-03	9.99e-01
 3.74096e+15	1.97e-08	1.49e-03	9.99e-01
 3.86917e+15	2.25e-08	1.59e-03	9.98e-01
 4.01093e+15	2.59e-08	1.71e-03	9.98e-01
 4.16486e+15	3.00e-08	1.85e-03	9.98e-01
 4.30922e+15	3.43e-08	1.97e-03	9.98e-01
 4.46587e+15	3.95e-08	2.12e-03	9.98e-01
 4.63810e+15	4.58e-08	2.29e-03	9.98e-01
 4.80683e+15	5.28e-08	2.46e-03	9.98e-01
 4.97198e+15	6.03e-08	2.63e-03	9.97e-01
 5.15413e+15	6.96e-08	2.83e-03	9.97e-01
 5.35117e+15	8.08e-08	3.06e-03	9.97e-01
 5.53450e+15	9.24e-08	3.27e-03	9.97e-01
 5.70151e+15	1.04e-07	3.48e-03	9.97e-01
 5.88472e+15	1.18e-07	3.71e-03	9.96e-01
 6.09140e+15	1.36e-07	3.99e-03	9.96e-01
 6.29042e+15	1.55e-07	4.26e-03	9.96e-01
 6.51094e+15	1.78e-07	4.58e-03	9.95e-01
 6.74987e+15	2.06e-07	4.95e-03	9.95e-01
 6.96480e+15	2.35e-07	5.28e-03	9.95e-01
 7.19626e+15	2.69e-07	5.68e-03	9.94e-01
 7.45338e+15	3.12e-07	6.14e-03	9.94e-01
 7.69141e+15	3.56e-07	6.58e-03	9.93e-01
 7.91411e+15	4.02e-07	7.03e-03	9.93e-01
 8.16929e+15	4.63e-07	7.59e-03	9.92e-01
 8.45057e+15	5.37e-07	8.23e-03	9.92e-01
 8.70935e+15	6.14e-07	8.87e-03	9.91e-01
 8.95261e+15	6.96e-07	9.52e-03	9.90e-01
 9.23212e+15	8.07e-07	1.04e-02	9.90e-01
 9.53672e+15	9.42e-07	1.13e-02	9.89e-01
 9.81055e+15	1.08e-06	1.23e-02	9.88e-01
 1.00634e+16	1.23e-06	1.33e-02	9.87e-01
 1.03523e+16	1.44e-06	1.47e-02	9.85e-01
 1.06649e+16	1.70e-06	1.63e-02	9.84e-01
 1.09411e+16	1.96e-06	1.79e-02	9.82e-01
 1.11913e+16	2.26e-06	1.96e-02	9.80e-01
 1.14747e+16	2.67e-06	2.19e-02	9.78e-01
 1.17774e+16	3.19e-06	2.49e-02	9.75e-01
 1.20373e+16	3.75e-06	2.79e-02	9.72e-01
 1.22653e+16	4.36e-06	3.11e-02	9.69e-01
 1.24704e+16	5.02e-06	3.45e-02	9.66e-01
 1.26552e+16	5.75e-06	3.82e-02	9.62e-01
 1.28628e+16	6.79e-06	4.32e-02	9.57e-01
 1.30949e+16	8.24e-06	5.02e-02	9.50e-01
 1.33043e+16	9.96e-06	5.84e-02	9.42e-01
 1.34799e+16	1.19e-05	6.72e-02	9.33e-01
 1.36376e+16	1.41e-05	7.74e-02	9.23e-01
 1.37898e+16	1.69e-05	8.99e-02	9.10e-01
 1.39363e+16	2.04e-05	1.06e-01	8.94e-01
 1.40711e+16	2.49e-05	1.24e-01	8.76e-01
 1.41918e+16	3.02e-05	1.47e-01	8.53e-01
 1.43006e+16	3.67e-05	1.73e-01	8.27e-01
 1.44008e+16	4.46e-05	2.05e-01	7.95e-01
 1.44870e+16	5.34e-05	2.40e-01	7.60e-01
 1.45559e+16	6.24e-05	2.74e-01	7.26e-01
 1.46172e+16	7.21e-05	3.11e-01	6.89e-01
 1.46868e+16	8.53e-05	3.61e-01	6.39e-01
 1.47592e+16	1.02e-04	4.22e-01	5.78e-01
 1.48206e+16	1.19e-04	4.83e-01	5.17e-01
 1.48745e+16	1.35e-04	5.41e-01	4.58e-01
 1.49336e+16	1.55e-04	6.09e-01	3.91e-01
 1.50105e+16	1.81e-04	6.95e-01	3.05e-01
 1.50936e+16	2.08e-04	7.78e-01	2.22e-01
 1.51782e+16	2.33e-04	8.46e-01	1.54e-01
 1.52775e+16	2.55e-04	9.02e-01	9.80e-02
 1.54006e+16	2.75e-04	9.43e-01	5.65e-02
 1.55588e+16	2.93e-04	9.71e-01	2.91e-02
 1.57645e+16	3.10e-04	9.86e-01	1.35e-02
 1.60319e+16	3.27e-04	9.94e-01	5.65e-03
 1.63795e+16	3.47e-04	9.97e-01	2.16e-03
 1.68314e+16	3.74e-04	9.99e-01	7.58e-04
 1.73237e+16	4.04e-04	9.99e-01	2.89e-04
 1.77652e+16	4.33e-04	9.99e-01	1.37e-04
 1.81700e+16	4.62e-04	9.99e-01	7.40e-05
 1.86305e+16	5.00e-04	9.99e-01	3.87e-05
 1.91299e+16	5.44e-04	9.99e-01	2.06e-05
 1.95686e+16	5.88e-04	9.99e-01	1.24e-05
 1.99568e+16	6.29e-04	9.99e-01	8.11e-06
 2.03904e+16	6.88e-04	9.99e-01	5.11e-06
 2.08434e+16	7.53e-04	9.99e-01	3.30e-06
 2.12081e+16	8.15e-04	9.99e-01	2.37e-06
 2.15026e+16	8.73e-04	9.99e-01	1.83e-06
 2.18198e+16	9.44e-04	9.99e-01	1.37e-06
 2.21624e+16	1.04e-03	9.99e-01	1.03e-06
 2.24531e+16	1.13e-03	9.99e-01	8.23e-07
 2.26894e+16	1.22e-03	9.99e-01	6.86e-07
 2.28565e+16	1.29e-03	9.99e-01	6.10e-07
 2.29587e+16	1.33e-03	9.99e-01	5.66e-07
 2.30602e+16	1.38e-03	9.99e-01	5.22e-07
 2.31922e+16	1.46e-03	9.99e-01	4.71e-07
 2.33321e+16	1.54e-03	9.98e-01	4.26e-07
 2.34493e+16	1.62e-03	9.98e-01	3.92e-07
 2.35492e+16	1.69e-03	9.98e-01	3.65e-07
 2.36394e+16	1.76e-03	9.98e-01	3.42e-07
 2.37212e+16	1.83e-03	9.98e-01	3.23e-07
 2.38129e+16	1.91e-03	9.98e-01	3.02e-07
 2.39085e+16	2.01e-03	9.98e-01	2.82e-07
 2.39874e+16	2.10e-03	9.98e-01	2.67e-07
 2.40565e+16	2.18e-03	9.98e-01	2.55e-07
 2.41345e+16	2.28e-03	9.98e-01	2.41e-07
 2.42177e+16	2.40e-03	9.98e-01	2.27e-07
 2.42887e+16	2.51e-03	9.97e-01	2.17e-07
 2.43504e+16	2.62e-03	9.97e-01	2.08e-07
 2.44190e+16	2.74e-03	9.97e-01	1.98e-07
 2.44922e+16	2.89e-03	9.97e-01	1.88e-07
 2.45549e+16	3.03e-03	9.97e-01	1.81e-07
 2.46101e+16	3.16e-03	9.97e-01	1.74e-07
 2.46722e+16	3.33e-03	9.97e-01	1.67e-07
 2.47382e+16	3.52e-03	9.96e-01	1.59e-07
 2.47945e+16	3.70e-03	9.96e-01	1.53e-07
 2.48437e+16	3.87e-03	9.96e-01	1.48e-07
 2.48986e+16	4.09e-03	9.96e-01	1.43e-07
 2.49577e+16	4.34e-03	9.96e-01	1.37e-07
 2.50093e+16	4.59e-03	9.95e-01	1.32e-07
 2.50549e+16	4.82e-03	9.95e-01	1.28e-07
 2.51057e+16	5.12e-03	9.95e-01	1.24e-07
 2.51605e+16	5.48e-03	9.95e-01	1.19e-07
 2.52083e+16	5.83e-03	9.94e-01	1.15e-07
 2.52512e+16	6.17e-03	9.94e-01	1.12e-07
 2.52997e+16	6.62e-03	9.93e-01	1.08e-07
 2.53525e+16	7.18e-03	9.93e-01	1.04e-07
 2.53997e+16	7.75e-03	9.92e-01	1.00e-07
 2.54430e+16	8.33e-03	9.92e-01	9.72e-08
 2.54923e+16	9.13e-03	9.91e-01	9.37e-08
 2.55439e+16	1.01e-02	9.90e-01	9.01e-08
 2.55863e+16	1.11e-02	9.89e-01	8.73e-08
 2.56220e+16	1.20e-02	9.88e-01	8.50e-08
 2.56614e+16	1.32e-02	9.87e-01	8.24e-08
 2.57010e+16	1.46e-02	9.85e-01	7.99e-08
 2.57312e+16	1.59e-02	9.84e-01	7.81e-08
 2.57560e+16	1.71e-02	9.83e-01	7.67e-08
 2.57834e+16	1.87e-02	9.81e-01	7.50e-08
 2.58131e+16	2.06e-02	9.79e-01	7.32e-08
 2.58379e+16	2.26e-02	9.77e-01	7.17e-08
 2.58581e+16	2.43e-02	9.76e-01	7.07e-08
 2.58757e+16	2.61e-02	9.74e-01	6.97e-08
 2.58941e+16	2.82e-02	9.72e-01	6.88e-08
 2.59181e+16	3.13e-02	9.69e-01	6.76e-08
 2.59427e+16	3.51e-02	9.65e-01	6.64e-08
 2.59621e+16	3.88e-02	9.61e-01	6.55e-08
 2.59780e+16	4.21e-02	9.58e-01	6.50e-08
 2.59954e+16	4.65e-02	9.54e-01	6.43e-08
 2.60148e+16	5.19e-02	9.48e-01	6.38e-08
 2.60324e+16	5.78e-02	9.42e-01	6.34e-08
 2.60480e+16	6.38e-02	9.36e-01	6.32e-08
 2.60649e+16	7.16e-02	9.28e-01	6.31e-08
 2.60828e+16	8.11e-02	9.19e-01	6.31e-08
 2.60977e+16	9.07e-02	9.09e-01	6.32e-08
 2.61100e+16	9.95e-02	9.00e-01	6.38e-08
 2.61218e+16	1.09e-01	8.91e-01	6.42e-08
 2.61338e+16	1.20e-01	8.80e-01	6.48e-08
 2.61456e+16	1.32e-01	8.68e-01	6.55e-08
 2.61559e+16	1.45e-01	8.55e-01	6.63e-08
 2.61649e+16	1.56e-01	8.44e-01	6.70e-08
 2.61733e+16	1.68e-01	8.32e-01	6.78e-08
 2.61799e+16	1.78e-01	8.22e-01	6.85e-08
 2.61844e+16	1.85e-01	8.15e-01	6.90e-08
 2.61885e+16	1.92e-01	8.08e-01	6.94e-08
 2.61931e+16	2.00e-01	8.00e-01	6.98e-08
 2.61982e+16	2.10e-01	7.90e-01	7.04e-08
 2.62030e+16	2.19e-01	7.81e-01	7.10e-08
 2.62076e+16	2.28e-01	7.72e-01	7.17e-08
 2.62122e+16	2.38e-01	7.62e-01	7.22e-08
 2.62167e+16	2.48e-01	7.52e-01	7.29e-08
 2.62212e+16	2.58e-01	7.42e-01	7.33e-08
 2.62256e+16	2.68e-01	7.32e-01	7.41e-08
 2.62300e+16	2.79e-01	7.21e-01	7.47e-08
 2.62344e+16	2.91e-01	7.09e-01	7.52e-08
 2.62387e+16	3.02e-01	6.98e-01	7.58e-08
 2.62428e+16	3.14e-01	6.86e-01	7.65e-08
 2.62471e+16	3.26e-01	6.74e-01	7.69e-08
 2.62512e+16	3.38e-01	6.62e-01	7.76e-08
 2.62553e+16	3.51e-01	6.49e-01	7.81e-08
 2.62594e+16	3.64e-01	6.36e-01	7.86e-08
 2.62634e+16	3.77e-01	6.23e-01	7.91e-08
 2.62674e+16	3.91e-01	6.09e-01	7.96e-08
 2.62713e+16	4.04e-01	5.96e-01	8.00e-08
 2.62752e+16	4.18e-01	5.82e-01	8.05e-08
 2.62790e+16	4.32e-01	5.68e-01	8.08e-08
 2.62828e+16	4.45e-01	5.55e-01	8.12e-08
 2.62866e+16	4.59e-01	5.41e-01	8.15e-08
 2.62903e+16	4.74e-01	5.26e-01	8.18e-08
 2.62940e+16	4.88e-01	5.12e-01	8.19e-08
 2.62976e+16	5.02e-01	4.98e-01	8.22e-08
 2.63011e+16	5.16e-01	4.84e-01	8.23e-08
 2.63046e+16	5.30e-01	4.70e-01	8.24e-08
 2.63081e+16	5.44e-01	4.56e-01	8.24e-08
 2.63115e+16	5.57e-01	4.43e-01	8.24e-08
 2.63148e+16	5.71e-01	4.29e-01	8.23e-08
 2.63180e+16	5.84e-01	4.16e-01	8.24e-08
 2.63212e+16	5.96e-01	4.04e-01	8.23e-08
 2.63242e+16	6.09e-01	3.91e-01	8.21e-08
 2.63273e+16	6.21e-01	3.79e-01	8.19e-08
 2.63303e+16	6.33e-01	3.67e-01	8.16e-08
 2.63333e+16	6.45e-01	3.55e-01	8.13e-08
 2.63362e+16	6.57e-01	3.43e-01	8.09e-08
 2.63390e+16	6.68e-01	3.32e-01	8.06e-08
 2.63418e+16	6.79e-01	3.21e-01	8.01e-08
 2.63446e+16	6.90e-01	3.10e-01	7.97e-08
 2.63473e+16	7.00e-01	3.00e-01	7.92e-08
 2.63500e+16	7.10e-01	2.90e-01	7.87e-08
 2.63526e+16	7.20e-01	2.80e-01	7.82e-08
 2.63552e+16	7.29e-01	2.71e-01	7.76e-08
 2.63577e+16	7.38e-01	2.62e-01	7.70e-08
 2.63602e+16	7.47e-01	2.53e-01	7.64e-08
 2.63627e+16	7.56e-01	2.44e-01	7.58e-08
 2.63652e+16	7.64e-01	2.36e-01	7.51e-08
 2.63676e+16	7.72e-01	2.28e-01	7.44e-08
 2.63700e+16	7.80e-01	2.20e-01	7.39e-08
 2.63723e+16	7.88e-01	2.12e-01	7.32e-08
 2.63746e+16	7.95e-01	2.05e-01	7.23e-08
 2.63769e+16	8.02e-01	1.98e-01	7.15e-08
 2.63790e+16	8.08e-01	1.92e-01	7.08e-08
 2.63806e+16	8.13e-01	1.87e-01	7.02e-08
 2.63820e+16	8.18e-01	1.82e-01	6.95e-08
 2.63836e+16	8.22e-01	1.78e-01	6.89e-08
 2.63852e+16	8.27e-01	1.73e-01	6.83e-08
 2.63868e+16	8.32e-01	1.68e-01	6.76e-08
 2.63883e+16	8.36e-01	1.64e-01	6.69e-08
 2.63898e+16	8.40e-01	1.60e-01	6.63e-08
 2.63914e+16	8.44e-01	1.56e-01	6.57e-08
 2.63929e+16	8.48e-01	1.52e-01	6.50e-08
 2.63945e+16	8.52e-01	1.48e-01	6.43e-08
 2.63961e+16	8.56e-01	1.44e-01	6.37e-08
 2.63978e+16	8.60e-01	1.40e-01	6.30e-08
 2.63996e+16	8.65e-01	1.35e-01	6.22e-08
 2.64015e+16	8.69e-01	1.31e-01	6.13e-08
 2.64035e+16	8.74e-01	1.26e-01	6.04e-08
 2.64055e+16	8.78e-01	1.22e-01	5.95e-08
 2.64075e+16	8.83e-01	1.17e-01	5.85e-08
 2.64095e+16	8.87e-01	1.13e-01	5.75e-08
 2.64114e+16	8.91e-01	1.09e-01	5.64e-08
 2.64133e+16	8.95e-01	1.05e-01	5.54e-08
 2.64152e+16	8.99e-01	1.01e-01	5.44e-08
 2.64169e+16	9.02e-01	9.80e-02	5.34e-08
 2.64186e+16	9.05e-01	9.48e-02	5.23e-08
 2.64203e+16	9.08e-01	9.17e-02	5.13e-08
 2.64219e+16	9.11e-01	8.88e-02	5.04e-08
 2.64233e+16	9.14e-01	8.61e-02	4.94e-08
 2.64247e+16	9.16e-01	8.37e-02	4.85e-08
 2.64259e+16	9.18e-01	8.16e-02	4.77e-08
 2.64270e+16	9.20e-01	7.97e-02	4.70e-08
 2.64280e+16	9.22e-01	7.80e-02	4.63e-08
 2.64290e+16	9.24e-01	7.64e-02	4.56e-08
 2.64298e+16	9.25e-01	7.50e-02	4.50e-08
 2.64306e+16	9.26e-01	7.37e-02	4.44e-08
 2.64313e+16	9.27e-01	7.25e-02	4.38e-08
 2.64320e+16	9.29e-01	7.12e-02	4.32e-08
 2.64329e+16	9.30e-01	7.00e-02	4.27e-08
 2.64336e+16	9.31e-01	6.87e-02	4.21e-08
 2.64343e+16	9.32e-01	6.77e-02	4.16e-08
 2.64349e+16	9.33e-01	6.67e-02	4.11e-08
 2.64356e+16	9.34e-01	6.55e-02	4.05e-08
 2.64363e+16	9.36e-01	6.44e-02	4.00e-08
 2.64370e+16	9.37e-01	6.34e-02	3.94e-08
 2.64376e+16	9.37e-01	6.25e-02	3.90e-08
 2.64383e+16	9.39e-01	6.14e-02	3.84e-08
 2.64390e+16	9.40e-01	6.03e-02	3.78e-08
 2.64397e+16	9.41e-01	5.93e-02	3.73e-08
 2.64403e+16	9.42e-01	5.85e-02	3.69e-08
 2.64408e+16	9.42e-01	5.77e-02	3.64e-08
 2.64413e+16	9.43e-01	5.69e-02	3.59e-08
 2.64418e+16	9.44e-01	5.63e-02	3.56e-08
 2.64422e+16	9.45e-01	5.55e-02	3.51e-08
 2.64428e+16	9.45e-01	5.47e-02	3.46e-08
 2.64433e+16	9.46e-01	5.41e-02	3.43e-08
 2.64438e+16	9.47e-01	5.32e-02	3.37e-08
 2.64444e+16	9.48e-01	5.24e-02	3.33e-08
 2.64449e+16	9.48e-01	5.17e-02	3.28e-08
 2.64454e+16	9.49e-01	5.10e-02	3.25e-08
 2.64458e+16	9.50e-01	5.04e-02	3.21e-08
 2.64463e+16	9.50e-01	4.97e-02	3.16e-08
 2.64468e+16	9.51e-01	4.90e-02	3.12e-08
 2.64472e+16	9.52e-01	4.83e-02	3.08e-08
 2.64477e+16	9.52e-01	4.77e-02	3.04e-08
 2.64481e+16	9.53e-01	4.73e-02	3.01e-08
 2.64485e+16	9.53e-01	4.66e-02	2.97e-08
 2.64489e+16	9.54e-01	4.60e-02	2.93e-08
 2.64493e+16	9.54e-01	4.55e-02	2.90e-08
 2.64498e+16	9.55e-01	4.49e-02	2.86e-08
 2.64503e+16	9.56e-01	4.42e-02	2.82e-08
 2.64507e+16	9.56e-01	4.37e-02	2.78e-08
 2.64511e+16	9.57e-01	4.31e-02	2.75e-08
 2.64515e+16	9.57e-01	4.27e-02	2.72e-08
 2.64519e+16	9.58e-01	4.22e-02	2.69e-08
 2.64524e+16	9.59e-01	4.15e-02	2.64e-08
 2.64530e+16	9.59e-01	4.08e-02	2.60e-08
 2.64535e+16	9.60e-01	4.02e-02	2.57e-08
 2.64540e+16	9.60e-01	3.97e-02	2.53e-08
 2.64544e+16	9.61e-01	3.92e-02	2.50e-08
 2.64549e+16	9.61e-01	3.86e-02	2.47e-08
 2.64554e+16	9.62e-01	3.81e-02	2.44e-08
 2.64559e+16	9.62e-01	3.76e-02	2.41e-08
 2.64563e+16	9.63e-01	3.71e-02	2.38e-08
 2.64567e+16	9.63e-01	3.66e-02	2.35e-08
 2.64573e+16	9.64e-01	3.59e-02	2.31e-08
 2.64580e+16	9.65e-01	3.53e-02	2.27e-08
 2.64586e+16	9.65e-01	3.47e-02	2.23e-08
 2.64591e+16	9.66e-01	3.42e-02	2.20e-08
 2.64596e+16	9.66e-01	3.37e-02	2.18e-08
 2.64600e+16	9.67e-01	3.33e-02	2.15e-08
 2.64604e+16	9.67e-01	3.29e-02	2.12e-08
 2.64609e+16	9.68e-01	3.25e-02	2.10e-08
 2.64614e+16	9.68e-01	3.19e-02	2.06e-08
 2.64621e+16	9.69e-01	3.14e-02	2.03e-08
 2.64626e+16	9.69e-01	3.09e-02	2.01e-08
 2.64631e+16	9.70e-01	3.05e-02	1.98e-08
 2.64636e+16	9.70e-01	3.00e-02	1.95e-08
 2.64641e+16	9.70e-01	2.96e-02	1.93e-08
 2.64648e+16	9.71e-01	2.90e-02	1.89e-08
 2.64655e+16	9.72e-01	2.85e-02	1.86e-08
 2.64662e+16	9.72e-01	2.80e-02	1.83e-08
 2.64667e+16	9.72e-01	2.75e-02	1.81e-08
 2.64673e+16	9.73e-01	2.71e-02	1.78e-08
 2.64679e+16	9.73e-01	2.66e-02	1.76e-08
 2.64685e+16	9.74e-01	2.62e-02	1.73e-08
 2.64691e+16	9.74e-01	2.58e-02	1.70e-08
 2.64696e+16	9.75e-01	2.54e-02	1.68e-08
 2.64702e+16	9.75e-01	2.50e-02	1.66e-08
 2.64708e+16	9.75e-01	2.46e-02	1.63e-08
 2.64714e+16	9.76e-01	2.42e-02	1.61e-08
 2.64720e+16	9.76e-01	2.38e-02	1.59e-08
 2.64727e+16	9.77e-01	2.34e-02	1.56e-08
 2.64733e+16	9.77e-01	2.30e-02	1.54e-08
 2.64739e+16	9.77e-01	2.26e-02	1.52e-08
 2.64745e+16	9.78e-01	2.23e-02	1.50e-08
 2.64752e+16	9.78e-01	2.19e-02	1.48e-08
 2.64758e+16	9.78e-01	2.15e-02	1.46e-08
 2.64764e+16	9.79e-01	2.11e-02	1.44e-08
 2.64771e+16	9.79e-01	2.08e-02	1.42e-08
 2.64778e+16	9.80e-01	2.04e-02	1.40e-08
 2.64785e+16	9.80e-01	2.00e-02	1.37e-08
 2.64792e+16	9.80e-01	1.96e-02	1.35e-08
 2.64799e+16	9.81e-01	1.93e-02	1.33e-08
 2.64807e+16	9.81e-01	1.89e-02	1.31e-08
 2.64815e+16	9.81e-01	1.85e-02	1.29e-08
 2.64823e+16	9.82e-01	1.82e-02	1.27e-08
 2.64830e+16	9.82e-01	1.79e-02	1.25e-08
 2.64837e+16	9.82e-01	1.75e-02	1.23e-08
 2.64845e+16	9.83e-01	1.72e-02	1.21e-08
 2.64853e+16	9.83e-01	1.69e-02	1.19e-08
 2.64861e+16	9.83e-01	1.65e-02	1.17e-08
 2.64869e+16	9.84e-01	1.62e-02	1.16e-08
 2.64877e+16	9.84e-01	1.59e-02	1.14e-08
 2.64886e+16	9.84e-01	1.55e-02	1.12e-08
 2.64895e+16	9.85e-01	1.52e-02	1.10e-08
 2.64904e+16	9.85e-01	1.49e-02	1.08e-08
 2.64911e+16	9.85e-01	1.46e-02	1.07e-08
 2.64920e+16	9.86e-01	1.43e-02	1.05e-08
 2.64929e+16	9.86e-01	1.40e-02	1.03e-08
 2.64937e+16	9.86e-01	1.37e-02	1.01e-08
 2.64947e+16	9.87e-01	1.34e-02	9.96e-09
 2.64956e+16	9.87e-01	1.31e-02	9.78e-09
 2.64965e+16	9.87e-01	1.28e-02	9.63e-09
 2.64975e+16	9.87e-01	1.25e-02	9.44e-09
 2.64986e+16	9.88e-01	1.22e-02	9.27e-09
 2.64996e+16	9.88e-01	1.19e-02	9.12e-09
 2.65006e+16	9.88e-01	1.16e-02	8.93e-09
 2.65018e+16	9.89e-01	1.13e-02	8.76e-09
 2.65028e+16	9.89e-01	1.11e-02	8.61e-09
 2.65039e+16	9.89e-01	1.08e-02	8.42e-09
 2.65052e+16	9.90e-01	1.05e-02	8.25e-09
 2.65063e+16	9.90e-01	1.02e-02	8.10e-09
 2.65073e+16	9.90e-01	1.00e-02	7.96e-09
 2.65084e+16	9.90e-01	9.74e-03	7.79e-09
 2.65099e+16	9.91e-01	9.42e-03	7.59e-09
 2.65116e+16	9.91e-01	9.05e-03	7.37e-09
 2.65135e+16	9.91e-01	8.70e-03	7.15e-09
 2.65153e+16	9.92e-01	8.37e-03	6.94e-09
 2.65171e+16	9.92e-01	8.05e-03	6.74e-09
 2.65190e+16	9.92e-01	7.73e-03	6.53e-09
 2.65210e+16	9.93e-01	7.41e-03	6.32e-09
 2.65230e+16	9.93e-01	7.10e-03	6.11e-09
 2.65251e+16	9.93e-01	6.81e-03	5.90e-09
 2.65272e+16	9.93e-01	6.52e-03	5.70e-09
 2.65294e+16	9.94e-01	6.23e-03	5.50e-09
 2.65316e+16	9.94e-01	5.95e-03	5.30e-09
 2.65340e+16	9.94e-01	5.68e-03	5.10e-09
 2.65364e+16	9.95e-01	5.41e-03	4.91e-09
 2.65388e+16	9.95e-01	5.16e-03	4.72e-09
 2.65413e+16	9.95e-01	4.91e-03	4.52e-09
 2.65439e+16	9.95e-01	4.66e-03	4.33e-09
 2.65466e+16	9.96e-01	4.42e-03	4.14e-09
 2.65494e+16	9.96e-01	4.19e-03	3.95e-09
 2.65523e+16	9.96e-01	3.96e-03	3.76e-09
 2.65552e+16	9.96e-01	3.72e-03	3.56e-09
 2.65583e+16	9.97e-01	3.49e-03	3.36e-09
 2.65615e+16	9.97e-01	3.24e-03	3.14e-09
 2.65648e+16	9.97e-01	3.00e-03	2.92e-09
 2.65682e+16	9.97e-01	2.74e-03	2.69e-09
 2.65719e+16	9.98e-01	2.48e-03	2.44e-09
 2.65757e+16	9.98e-01	2.23e-03	2.20e-09
 2.65796e+16	9.98e-01	1.99e-03	1.97e-09
 2.65839e+16	9.98e-01	1.75e-03	1.73e-09
 2.65884e+16	9.98e-01	1.52e-03	1.52e-09
 2.65932e+16	9.99e-01	1.31e-03	1.31e-09
 2.65983e+16	9.99e-01	1.12e-03	1.12e-09
 2.66040e+16	9.99e-01	9.37e-04	9.35e-10
 2.66102e+16	9.99e-01	7.71e-04	7.70e-10
 2.66171e+16	9.99e-01	6.21e-04	6.20e-10
 2.66249e+16	1.00e+00	4.86e-04	4.85e-10
 2.66339e+16	1.00e+00	3.67e-04	3.66e-10
 2.66437e+16	1.00e+00	2.72e-04	2.71e-10
 2.66537e+16	1.00e+00	2.02e-04	2.00e-10
 2.66636e+16	1.00e+00	1.50e-04	1.49e-10
 2.66736e+16	1.00e+00	1.13e-04	1.12e-10
 2.66835e+16	1.00e+00	8.55e-05	8.45e-11
 2.66935e+16	1.00e+00	6.55e-05	6.46e-11
 2.67034e+16	1.00e+00	5.09e-05	5.01e-11
 2.67134e+16	1.00e+00	4.02e-05	3.95e-11
 2.67233e+16	1.00e+00	3.24e-05	3.18e-11
 2.67333e+16	1.00e+00	2.67e-05	2.61e-11
 2.67432e+16	1.00e+00	2.25e-05	2.19e-11
 2.67532e+16	1.00e+00	1.94e-05	1.89e-11
 2.67632e+16	1.00e+00	1.71e-05	1.66e-11
 2.67731e+16	1.00e+00	1.54e-05	1.49e-11
 2.67831e+16	1.00e+00	1.42e-05	1.37e-11
 2.67930e+16	1.00e+00	1.33e-05	1.28e-11
 2.68030e+16	1.00e+00	1.26e-05	1.21e-11
 2.68129e+16	1.00e+00	1.21e-05	1.15e-11
 2.68229e+16	1.00e+00	1.17e-05	1.11e-11
 2.68328e+16	1.00e+00	1.14e-05	1.08e-11
 2.68428e+16	1.00e+00	1.12e-05	1.06e-11
 2.68542e+16	1.00e+00	1.09e-05	1.02e-11
 2.68691e+16	1.00e+00	1.07e-05	1.00e-11
 2.68884e+16	1.00e+00	1.05e-05	9.77e-12
 2.69136e+16	1.00e+00	1.03e-05	9.46e-12
 2.69463e+16	1.00e+00	1.01e-05	9.12e-12
 2.69887e+16	1.00e+00	9.82e-06	8.69e-12
 2.70440e+16	1.00e+00	9.49e-06	8.17e-12
 2.71158e+16	1.00e+00	9.07e-06	7.51e-12
 2.72049e+16	1.00e+00	8.57e-06	6.77e-12
 2.73051e+16	1.00e+00	8.05e-06	6.01e-12
 2.74120e+16	1.00e+00	7.53e-06	5.29e-12
 2.75270e+16	1.00e+00	6.99e-06	4.59e-12
 2.76552e+16	1.00e+00	6.42e-06	3.90e-12
 2.78014e+16	1.00e+00	5.82e-06	3.23e-12
 2.79658e+16	1.00e+00	5.22e-06	2.61e-12
 2.81510e+16	1.00e+00	4.61e-06	2.05e-12
 2.83608e+16	1.00e+00	4.00e-06	1.56e-12
 2.85988e+16	1.00e+00	3.41e-06	1.15e-12
 2.88644e+16	1.00e+00	2.87e-06	8.15e-13
 2.91558e+16	1.00e+00	2.37e-06	5.61e-13
 2.94823e+16	1.00e+00	1.92e-06	3.71e-13
 2.98610e+16	1.00e+00	1.50e-06	2.30e-13
 3.02976e+16	1.00e+00	1.14e-06	1.35e-13
 3.07942e+16	1.00e+00	8.44e-07	7.39e-14
 3.13346e+16	1.00e+00	6.13e-07	3.94e-14
 3.18887e+16	1.00e+00	4.45e-07	2.10e-14
 3.24456e+16	1.00e+00	3.26e-07	1.13e-14
 3.30025e+16	1.00e+00	2.41e-07	6.22e-15
 3.35945e+16	1.00e+00	1.75e-07	3.31e-15
 3.42310e+16	1.00e+00	1.26e-07	1.72e-15
 3.48868e+16	1.00e+00	9.01e-08	8.92e-16
 3.55623e+16	1.00e+00	6.46e-08	4.62e-16
 3.62581e+16	1.00e+00	4.63e-08	2.38e-16
 3.69643e+16	1.00e+00	3.32e-08	1.23e-16
 3.76705e+16	1.00e+00	2.42e-08	6.59e-17
 3.84052e+16	1.00e+00	1.74e-08	3.43e-17
 3.91837e+16	1.00e+00	1.24e-08	1.76e-17
 3.99856e+16	1.00e+00	8.84e-09	8.95e-18
 4.08077e+16	1.00e+00	6.30e-09	4.57e-18
 4.16460e+16	1.00e+00	4.51e-09	2.36e-18
 4.24884e+16	1.00e+00	3.24e-09	1.23e-18
 4.33598e+16	1.00e+00	2.32e-09	6.30e-19
 4.42643e+16	1.00e+00	1.65e-09	3.22e-19
 4.51733e+16	1.00e+00	1.19e-09	1.67e-19
 4.61150e+16	1.00e+00	8.45e-10	8.54e-20
 4.71039e+16	1.00e+00	5.97e-10	4.29e-20
 4.81175e+16	1.00e+00	4.22e-10	2.15e-20
 4.91565e+16	1.00e+00	2.97e-10	1.08e-20
 5.02162e+16	1.00e+00	2.10e-10	5.43e-21
 5.13026e+16	1.00e+00	1.48e-10	0.00e+00
 5.24273e+16	1.00e+00	1.03e-10	0.00e+00
 5.35800e+16	1.00e+00	7.20e-11	0.00e+00
 5.47558e+16	1.00e+00	5.03e-11	0.00e+00
 5.59432e+16	1.00e+00	3.52e-11	0.00e+00
 5.71365e+16	1.00e+00	2.47e-11	0.00e+00
 5.83787e+16	1.00e+00	1.71e-11	0.00e+00
 5.96703e+16	1.00e+00	1.18e-11	0.00e+00
 6.09878e+16	1.00e+00	8.20e-12	0.00e+00
 6.23452e+16	1.00e+00	5.62e-12	0.00e+00
 6.37367e+16	1.00e+00	3.78e-12	0.00e+00
 6.51558e+16	1.00e+00	2.60e-12	0.00e+00
 6.65889e+16	1.00e+00	1.78e-12	0.00e+00
 6.80583e+16	1.00e+00	1.21e-12	0.00e+00
 6.95791e+16	1.00e+00	8.10e-13	0.00e+00
 7.10714e+16	1.00e+00	5.58e-13	0.00e+00
 7.27376e+16	1.00e+00	3.63e-13	0.00e+00
 7.49037e+16	1.00e+00	2.14e-13	0.00e+00
 7.76506e+16	1.00e+00	1.10e-13	0.00e+00
 8.02213e+16	1.00e+00	6.17e-14	0.00e+00
 8.21725e+16	1.00e+00	4.04e-14	0.00e+00
 8.42494e+16	1.00e+00	2.55e-14	0.00e+00
 8.69494e+16	1.00e+00	1.43e-14	0.00e+00
 9.02450e+16	1.00e+00	7.20e-15	0.00e+00
 9.37187e+16	1.00e+00	3.65e-15	0.00e+00
 9.73313e+16	1.00e+00	1.84e-15	0.00e+00
 1.01225e+17	1.00e+00	9.13e-16	0.00e+00
 1.05274e+17	1.00e+00	4.56e-16	0.00e+00
 1.09485e+17	1.00e+00	2.31e-16	0.00e+00
 1.13864e+17	1.00e+00	1.20e-16	0.00e+00
 1.18419e+17	1.00e+00	6.56e-17	0.00e+00
 1.23155e+17	1.00e+00	3.78e-17	0.00e+00
 1.28082e+17	1.00e+00	2.44e-17	0.00e+00
 1.33205e+17	1.00e+00	1.74e-17	0.00e+00
 1.38533e+17	1.00e+00	1.40e-17	0.00e+00
 1.43655e+17	1.00e+00	1.22e-17	0.00e+00
 1.48434e+17	1.00e+00	1.18e-17	0.00e+00
 1.53325e+17	1.00e+00	1.15e-17	0.00e+00
 1.58469e+17	1.00e+00	1.11e-17	0.00e+00
 1.63776e+17	1.00e+00	1.07e-17	0.00e+00
 1.69190e+17	1.00e+00	1.05e-17	0.00e+00
 1.74717e+17	1.00e+00	1.02e-17	0.00e+00
 1.80349e+17	1.00e+00	1.00e-17	0.00e+00
 1.86069e+17	1.00e+00	9.82e-18	0.00e+00
 1.91846e+17	1.00e+00	9.64e-18	0.00e+00
 1.97656e+17	1.00e+00	9.51e-18	0.00e+00
 2.03486e+17	1.00e+00	9.38e-18	0.00e+00
 2.09298e+17	1.00e+00	9.27e-18	0.00e+00
 2.15061e+17	1.00e+00	9.20e-18	0.00e+00
 2.20745e+17	1.00e+00	9.16e-18	0.00e+00
 2.26316e+17	1.00e+00	9.15e-18	0.00e+00
 2.31751e+17	1.00e+00	9.17e-18	0.00e+00
 2.37020e+17	1.00e+00	9.20e-18	0.00e+00
 2.42102e+17	1.00e+00	9.27e-18	0.00e+00
 2.46976e+17	1.00e+00	9.35e-18	0.00e+00
 2.51632e+17	1.00e+00	9.46e-18	0.00e+00
 2.56066e+17	1.00e+00	9.57e-18	0.00e+00
 2.60272e+17	1.00e+00	9.70e-18	0.00e+00
 2.64246e+17	1.00e+00	9.82e-18	0.00e+00
 2.67987e+17	1.00e+00	9.96e-18	0.00e+00
 2.71520e+17	1.00e+00	1.01e-17	0.00e+00
 2.74857e+17	1.00e+00	1.02e-17	0.00e+00
 2.78004e+17	1.00e+00	1.03e-17	0.00e+00
 2.80968e+17	1.00e+00	1.04e-17	0.00e+00
 2.83757e+17	1.00e+00	1.06e-17	0.00e+00
 2.86381e+17	1.00e+00	1.07e-17	0.00e+00
 2.88853e+17	1.00e+00	1.08e-17	0.00e+00
 2.91185e+17	1.00e+00	1.08e-17	0.00e+00
 2.93385e+17	1.00e+00	1.09e-17	0.00e+00
 2.95460e+17	1.00e+00	1.10e-17	0.00e+00
 2.97416e+17	1.00e+00	1.11e-17	0.00e+00
 2.99262e+17	1.00e+00	1.11e-17	0.00e+00
 3.01006e+17	1.00e+00	1.12e-17	0.00e+00
 3.02655e+17	1.00e+00	1.12e-17	0.00e+00
 3.04215e+17	1.00e+00	1.13e-17	0.00e+00
 3.05690e+17	1.00e+00	1.13e-17	0.00e+00
 3.07086e+17	1.00e+00	1.14e-17	0.00e+00
 3.08408e+17	1.00e+00	1.14e-17	0.00e+00
 3.09660e+17	1.00e+00	1.15e-17	0.00e+00
 3.10848e+17	1.00e+00	1.15e-17	0.00e+00
 3.11974e+17	1.00e+00	1.15e-17	0.00e+00
 3.13043e+17	1.00e+00	1.16e-17	0.00e+00
 3.14058e+17	1.00e+00	1.16e-17	0.00e+00
 3.15022e+17	1.00e+00	1.16e-17	0.00e+00
 3.15939e+17	1.00e+00	1.16e-17	0.00e+00
 3.16810e+17	1.00e+00	1.17e-17	0.00e+00
 3.17640e+17	1.00e+00	1.17e-17	0.00e+00
 3.18430e+17	1.00e+00	1.17e-17	0.00e+00
 3.19183e+17	1.00e+00	1.17e-17	0.00e+00
 3.19901e+17	1.00e+00	1.17e-17	0.00e+00
 3.20586e+17	1.00e+00	1.17e-17	0.00e+00
 3.21240e+17	1.00e+00	1.17e-17	0.00e+00
 3.21865e+17	1.00e+00	1.18e-17	0.00e+00
 3.22464e+17	1.00e+00	1.18e-17	0.00e+00
 3.23038e+17	1.00e+00	1.18e-17	0.00e+00
 3.23587e+17	1.00e+00	1.18e-17	0.00e+00
 3.24115e+17	1.00e+00	1.18e-17	0.00e+00
 3.24622e+17	1.00e+00	1.18e-17	0.00e+00
 3.25111e+17	1.00e+00	1.18e-17	0.00e+00
 3.25583e+17	1.00e+00	1.18e-17	0.00e+00
 3.26038e+17	1.00e+00	1.18e-17	0.00e+00
 3.26477e+17	1.00e+00	1.18e-17	0.00e+00
 3.26904e+17	1.00e+00	1.18e-17	0.00e+00
 3.27319e+17	1.00e+00	1.18e-17	0.00e+00
 3.27725e+17	1.00e+00	1.18e-17	0.00e+00
 3.28121e+17	1.00e+00	1.18e-17	0.00e+00
 3.28509e+17	1.00e+00	1.18e-17	0.00e+00
 3.28892e+17	1.00e+00	1.18e-17	0.00e+00
 3.29269e+17	1.00e+00	1.18e-17	0.00e+00
 3.29644e+17	1.00e+00	1.18e-17	0.00e+00
 3.30019e+17	1.00e+00	1.18e-17	0.00e+00
 3.30395e+17	1.00e+00	1.18e-17	0.00e+00
 3.30775e+17	1.00e+00	1.18e-17	0.00e+00
 3.31160e+17	1.00e+00	1.18e-17	0.00e+00
 3.31556e+17	1.00e+00	1.18e-17	0.00e+00
 3.31966e+17	1.00e+00	1.18e-17	0.00e+00
 3.32394e+17	1.00e+00	1.18e-17	0.00e+00
 3.32847e+17	1.00e+00	1.18e-17	0.00e+00
 3.33333e+17	1.00e+00	1.18e-17	0.00e+00
 3.33862e+17	1.00e+00	1.17e-17	0.00e+00
 3.34447e+17	1.00e+00	1.17e-17	0.00e+00
 3.35108e+17	1.00e+00	1.17e-17	0.00e+00
 3.35873e+17	1.00e+00	1.16e-17	0.00e+00
 3.36779e+17	1.00e+00	1.15e-17	0.00e+00
 3.37884e+17	1.00e+00	1.14e-17	0.00e+00
 3.39274e+17	1.00e+00	1.12e-17	0.00e+00
 3.41066e+17	1.00e+00	1.10e-17	0.00e+00
 3.43395e+17	1.00e+00	1.06e-17	0.00e+00
 3.46424e+17	1.00e+00	9.94e-18	0.00e+00
 3.50361e+17	1.00e+00	9.11e-18	0.00e+00
 3.55479e+17	1.00e+00	8.06e-18	0.00e+00
 3.62132e+17	1.00e+00	6.79e-18	0.00e+00
 3.70782e+17	1.00e+00	5.38e-18	0.00e+00
 3.82026e+17	1.00e+00	3.91e-18	0.00e+00
 3.96149e+17	1.00e+00	2.54e-18	0.00e+00
 4.11995e+17	1.00e+00	1.60e-18	0.00e+00
 4.28475e+17	1.00e+00	1.33e-18	0.00e+00
 4.44828e+17	1.00e+00	1.11e-18	0.00e+00
 4.60570e+17	1.00e+00	1.13e-18	0.00e+00
 4.76119e+17	1.00e+00	1.07e-18	0.00e+00
 4.91315e+17	1.00e+00	9.59e-19	0.00e+00
 5.05574e+17	1.00e+00	9.12e-19	0.00e+00
 5.18371e+17	1.00e+00	9.28e-19	0.00e+00
 5.29689e+17	1.00e+00	9.87e-19	0.00e+00
 5.39865e+17	1.00e+00	9.94e-19	0.00e+00
 5.48999e+17	1.00e+00	9.60e-19	0.00e+00
 5.56154e+17	1.00e+00	9.18e-19	0.00e+00
 5.60481e+17	1.00e+00	1.02e-18	0.00e+00
 5.62705e+17	1.00e+00	1.13e-18	0.00e+00
 5.63908e+17	1.00e+00	1.19e-18	0.00e+00
 5.64629e+17	1.00e+00	1.22e-18	0.00e+00
 5.65094e+17	1.00e+00	1.24e-18	0.00e+00
 5.65472e+17	1.00e+00	1.26e-18	0.00e+00
 5.65870e+17	1.00e+00	1.26e-18	0.00e+00
 5.66307e+17	1.00e+00	1.27e-18	0.00e+00
 5.66707e+17	1.00e+00	1.28e-18	0.00e+00
 5.67049e+17	1.00e+00	1.28e-18	0.00e+00
 5.67369e+17	1.00e+00	1.29e-18	0.00e+00
 5.67679e+17	1.00e+00	1.29e-18	0.00e+00
 5.67981e+17	1.00e+00	1.29e-18	0.00e+00
 5.68269e+17	1.00e+00	1.29e-18	0.00e+00
 5.68534e+17	1.00e+00	1.29e-18	0.00e+00
 5.68767e+17	1.00e+00	1.28e-18	0.00e+00
 5.68975e+17	1.00e+00	1.29e-18	0.00e+00
 5.69192e+17	1.00e+00	1.29e-18	0.00e+00
 5.69413e+17	1.00e+00	1.28e-18	0.00e+00
 5.69615e+17	1.00e+00	1.28e-18	0.00e+00
 5.69805e+17	1.00e+00	1.28e-18	0.00e+00
 5.69995e+17	1.00e+00	1.29e-18	0.00e+00
 5.70175e+17	1.00e+00	1.27e-18	0.00e+00
 5.70338e+17	1.00e+00	1.35e-18	0.00e+00
 5.70500e+17	1.00e+00	1.35e-18	0.00e+00
 5.70673e+17	1.00e+00	1.33e-18	0.00e+00
 5.70839e+17	1.00e+00	1.27e-18	0.00e+00
 5.70984e+17	1.00e+00	1.51e-18	0.00e+00
 5.71127e+17	1.00e+00	1.65e-18	0.00e+00
 5.71274e+17	1.00e+00	1.64e-18	0.00e+00
 5.71421e+17	1.00e+00	1.47e-18	0.00e+00
 5.71565e+17	1.00e+00	1.58e-18	0.00e+00
 5.71705e+17	1.00e+00	1.66e-18	0.00e+00
 5.71844e+17	1.00e+00	1.80e-18	0.00e+00
 5.71981e+17	1.00e+00	1.73e-18	0.00e+00
 5.72116e+17	1.00e+00	1.95e-18	0.00e+00
 5.72252e+17	1.00e+00	1.92e-18	0.00e+00
 5.72391e+17	1.00e+00	1.85e-18	0.00e+00
 5.72531e+17	1.00e+00	1.65e-18	0.00e+00
 5.72670e+17	1.00e+00	1.72e-18	0.00e+00
 5.72805e+17	1.00e+00	1.70e-18	0.00e+00
 5.72948e+17	1.00e+00	2.20e-18	0.00e+00
 5.73100e+17	1.00e+00	1.32e-18	0.00e+00
 5.73246e+17	1.00e+00	1.40e-18	0.00e+00
 5.73384e+17	1.00e+00	1.51e-18	0.00e+00
 5.73530e+17	1.00e+00	1.99e-18	0.00e+00
 5.73688e+17	1.00e+00	1.25e-18	0.00e+00
 5.73843e+17	1.00e+00	1.27e-18	0.00e+00
 5.74006e+17	1.00e+00	1.29e-18	0.00e+00
 5.74176e+17	1.00e+00	1.17e-18	0.00e+00
 5.74339e+17	1.00e+00	1.18e-18	0.00e+00
 5.74504e+17	1.00e+00	1.22e-18	0.00e+00
 5.74675e+17	1.00e+00	1.15e-18	0.00e+00
 5.74851e+17	1.00e+00	1.15e-18	0.00e+00
 5.75037e+17	1.00e+00	1.12e-18	0.00e+00
 5.75219e+17	1.00e+00	1.10e-18	0.00e+00
 5.75394e+17	1.00e+00	1.11e-18	0.00e+00
 5.75583e+17	1.00e+00	1.10e-18	0.00e+00
 5.75792e+17	1.00e+00	1.07e-18	0.00e+00
 5.76005e+17	1.00e+00	1.06e-18	0.00e+00
 5.76208e+17	1.00e+00	1.05e-18	0.00e+00
 5.76410e+17	1.00e+00	1.04e-18	0.00e+00
 5.76627e+17	1.00e+00	1.03e-18	0.00e+00
 5.76856e+17	1.00e+00	1.02e-18	0.00e+00
 5.77084e+17	1.00e+00	1.00e-18	0.00e+00
 5.77313e+17	1.00e+00	9.93e-19	0.00e+00
 5.77552e+17	1.00e+00	9.81e-19	0.00e+00
 5.77800e+17	1.00e+00	9.67e-19	0.00e+00
 5.78058e+17	1.00e+00	9.54e-19	0.00e+00
 5.78317e+17	1.00e+00	9.40e-19	0.00e+00
 5.78579e+17	1.00e+00	9.26e-19	0.00e+00
 5.78849e+17	1.00e+00	9.12e-19	0.00e+00
 5.79127e+17	1.00e+00	8.97e-19	0.00e+00
 5.79413e+17	1.00e+00	8.82e-19	0.00e+00
 5.79699e+17	1.00e+00	8.67e-19	0.00e+00
 5.79999e+17	1.00e+00	8.51e-19	0.00e+00
 5.80312e+17	1.00e+00	8.34e-19	0.00e+00
 5.80626e+17	1.00e+00	8.17e-19	0.00e+00
 5.80947e+17	1.00e+00	8.00e-19	0.00e+00
 5.81270e+17	1.00e+00	7.72e-19	0.00e+00
 5.81594e+17	1.00e+00	7.56e-19	0.00e+00
 5.81932e+17	1.00e+00	7.38e-19	0.00e+00
 5.82286e+17	1.00e+00	7.20e-19	0.00e+00
 5.82644e+17	1.00e+00	7.01e-19	0.00e+00
 5.83000e+17	1.00e+00	6.83e-19	0.00e+00
 5.83368e+17	1.00e+00	6.64e-19	0.00e+00
 5.83750e+17	1.00e+00	6.45e-19	0.00e+00
 5.84137e+17	1.00e+00	6.25e-19	0.00e+00
 5.84530e+17	1.00e+00	6.06e-19	0.00e+00
 5.84934e+17	1.00e+00	5.87e-19	0.00e+00
 5.85348e+17	1.00e+00	5.67e-19	0.00e+00
 5.85768e+17	1.00e+00	5.46e-19	0.00e+00
 5.86190e+17	1.00e+00	5.27e-19	0.00e+00
 5.86618e+17	1.00e+00	5.08e-19	0.00e+00
 5.87073e+17	1.00e+00	4.88e-19	0.00e+00
 5.87544e+17	1.00e+00	4.66e-19	0.00e+00
 5.88006e+17	1.00e+00	4.46e-19	0.00e+00
 5.88468e+17	1.00e+00	4.27e-19	0.00e+00
 5.88947e+17	1.00e+00	4.08e-19	0.00e+00
 5.89436e+17	1.00e+00	3.89e-19	0.00e+00
 5.89958e+17	1.00e+00	3.69e-19	0.00e+00
 5.90488e+17	1.00e+00	3.49e-19	0.00e+00
 5.91019e+17	1.00e+00	3.30e-19	0.00e+00
 5.91567e+17	1.00e+00	3.11e-19	0.00e+00
 5.92134e+17	1.00e+00	2.79e-19	0.00e+00
 5.92713e+17	1.00e+00	2.62e-19	0.00e+00
 5.93302e+17	1.00e+00	2.45e-19	0.00e+00
 5.93919e+17	1.00e+00	2.29e-19	0.00e+00
 5.94548e+17	1.00e+00	2.13e-19	0.00e+00
 5.95171e+17	1.00e+00	1.97e-19	0.00e+00
 5.95750e+17	1.00e+00	1.83e-19	0.00e+00
 5.96266e+17	1.00e+00	1.72e-19	0.00e+00
 5.96739e+17	1.00e+00	1.62e-19	0.00e+00
 5.97188e+17	1.00e+00	1.53e-19	0.00e+00
 5.97621e+17	1.00e+00	1.45e-19	0.00e+00
 5.98037e+17	1.00e+00	1.37e-19	0.00e+00
 5.98432e+17	1.00e+00	1.30e-19	0.00e+00
 5.98808e+17	1.00e+00	1.24e-19	0.00e+00
 5.99168e+17	1.00e+00	1.18e-19	0.00e+00
 5.99515e+17	1.00e+00	1.12e-19	0.00e+00
 5.99848e+17	1.00e+00	1.07e-19	0.00e+00
 6.00168e+17	1.00e+00	1.02e-19	0.00e+00
 6.00475e+17	1.00e+00	9.72e-20	0.00e+00
 6.00769e+17	1.00e+00	9.30e-20	0.00e+00
 6.01053e+17	1.00e+00	8.91e-20	0.00e+00
 6.01327e+17	1.00e+00	8.52e-20	0.00e+00
 6.01589e+17	1.00e+00	8.18e-20	0.00e+00
 6.01840e+17	1.00e+00	7.86e-20	0.00e+00
 6.02084e+17	1.00e+00	7.56e-20	0.00e+00
 6.02321e+17	1.00e+00	7.25e-20	0.00e+00
 6.02549e+17	1.00e+00	6.99e-20	0.00e+00
 6.02770e+17	1.00e+00	6.74e-20	0.00e+00
 6.02984e+17	1.00e+00	6.49e-20	0.00e+00
 6.03192e+17	1.00e+00	6.26e-20	0.00e+00
 6.03393e+17	1.00e+00	6.04e-20	0.00e+00
 6.03589e+17	1.00e+00	5.83e-20	0.00e+00
 6.03780e+17	1.00e+00	5.64e-20	0.00e+00
 6.03967e+17	1.00e+00	5.45e-20	0.00e+00
 6.04149e+17	1.00e+00	5.27e-20	0.00e+00
 6.04328e+17	1.00e+00	5.10e-20	0.00e+00
 6.04502e+17	1.00e+00	4.94e-20	0.00e+00
 6.04674e+17	1.00e+00	4.79e-20	0.00e+00
 6.04869e+17	1.00e+00	4.64e-20	0.00e+00
 6.05123e+17	1.00e+00	4.44e-20	0.00e+00
 6.05454e+17	1.00e+00	4.18e-20	0.00e+00
 6.05883e+17	1.00e+00	3.88e-20	0.00e+00
 6.06441e+17	1.00e+00	3.51e-20	0.00e+00
 6.07149e+17	1.00e+00	3.09e-20	0.00e+00
 6.07916e+17	1.00e+00	2.64e-20	0.00e+00
 6.08603e+17	1.00e+00	2.27e-20	0.00e+00
 6.09188e+17	1.00e+00	2.01e-20	0.00e+00
 6.09729e+17	1.00e+00	1.80e-20	0.00e+00
 6.10277e+17	1.00e+00	1.62e-20	0.00e+00
 6.10847e+17	1.00e+00	1.44e-20	0.00e+00
 6.11424e+17	1.00e+00	1.28e-20	0.00e+00
 6.11996e+17	1.00e+00	1.14e-20	0.00e+00
 6.12563e+17	1.00e+00	1.02e-20	0.00e+00
 6.13138e+17	1.00e+00	9.09e-21	0.00e+00
