#depth	O	O+	O+2	O+3	O+4	O+5	O+6	O+7	O+8	O[1]	O[2]	O[3]
 1.49634e+10	0.00e+00	0.00e+00	7.73e-33	8.09e-24	1.24e-15	2.55e-08	1.00e+00	0.00e+00	0.00e+00	0.00e+00	0.00e+00	0.00e+00
 4.54887e+10	0.00e+00	1.35e-42	1.07e-32	1.03e-23	1.46e-15	2.77e-08	1.00e+00	2.81e-07	0.00e+00	0.00e+00	0.00e+00	0.00e+00
 7.72350e+10	0.00e+00	0.00e+00	1.47e-32	1.31e-23	1.72e-15	3.00e-08	1.00e+00	0.00e+00	0.00e+00	0.00e+00	0.00e+00	0.00e+00
 1.10251e+11	0.00e+00	3.02e-42	2.03e-32	1.68e-23	2.02e-15	3.26e-08	1.00e+00	0.00e+00	0.00e+00	0.00e+00	0.00e+00	0.00e+00
 1.44588e+11	0.00e+00	0.00e+00	2.81e-32	2.14e-23	2.38e-15	3.54e-08	1.00e+00	0.00e+00	0.00e+00	0.00e+00	0.00e+00	0.00e+00
 1.80298e+11	0.00e+00	6.77e-42	3.88e-32	2.73e-23	2.81e-15	3.84e-08	1.00e+00	0.00e+00	0.00e+00	0.00e+00	0.00e+00	0.00e+00
 2.17437e+11	0.00e+00	0.00e+00	5.36e-32	3.48e-23	3.31e-15	4.17e-08	1.00e+00	0.00e+00	0.00e+00	0.00e+00	0.00e+00	0.00e+00
 2.52443e+11	0.00e+00	1.46e-41	7.19e-32	4.35e-23	3.84e-15	4.50e-08	1.00e+00	0.00e+00	0.00e+00	0.00e+00	0.00e+00	0.00e+00
 2.83880e+11	0.00e+00	0.00e+00	9.29e-32	5.28e-23	4.38e-15	4.80e-08	1.00e+00	0.00e+00	0.00e+00	0.00e+00	0.00e+00	0.00e+00
 3.19218e+11	0.00e+00	2.85e-41	1.23e-31	6.52e-23	5.05e-15	5.16e-08	1.00e+00	0.00e+00	0.00e+00	0.00e+00	0.00e+00	0.00e+00
 3.60938e+11	0.00e+00	0.00e+00	1.69e-31	8.30e-23	5.94e-15	5.60e-08	1.00e+00	0.00e+00	0.00e+00	0.00e+00	0.00e+00	0.00e+00
 4.02606e+11	0.00e+00	6.20e-41	2.30e-31	1.05e-22	6.94e-15	6.06e-08	1.00e+00	0.00e+00	0.00e+00	0.00e+00	0.00e+00	0.00e+00
 4.41903e+11	0.00e+00	0.00e+00	3.04e-31	1.29e-22	8.01e-15	6.51e-08	1.00e+00	0.00e+00	0.00e+00	0.00e+00	0.00e+00	0.00e+00
 4.85468e+11	0.00e+00	1.28e-40	4.10e-31	1.62e-22	9.34e-15	7.04e-08	1.00e+00	0.00e+00	0.00e+00	0.00e+00	0.00e+00	0.00e+00
 5.34813e+11	0.00e+00	0.00e+00	5.70e-31	2.08e-22	1.10e-14	7.66e-08	1.00e+00	0.00e+00	0.00e+00	0.00e+00	0.00e+00	0.00e+00
 5.84197e+11	0.00e+00	2.85e-40	7.82e-31	2.64e-22	1.30e-14	8.32e-08	1.00e+00	0.00e+00	0.00e+00	0.00e+00	0.00e+00	0.00e+00
 6.35555e+11	0.00e+00	0.00e+00	1.07e-30	3.36e-22	1.53e-14	9.04e-08	1.00e+00	0.00e+00	0.00e+00	0.00e+00	0.00e+00	0.00e+00
 6.90904e+11	0.00e+00	6.37e-40	1.49e-30	4.32e-22	1.81e-14	9.85e-08	1.00e+00	0.00e+00	0.00e+00	0.00e+00	0.00e+00	0.00e+00
 7.42831e+11	0.00e+00	0.00e+00	2.01e-30	5.42e-22	2.11e-14	1.06e-07	1.00e+00	0.00e+00	0.00e+00	0.00e+00	0.00e+00	0.00e+00
 7.89203e+11	0.00e+00	1.27e-39	2.61e-30	6.59e-22	2.42e-14	1.14e-07	1.00e+00	0.00e+00	0.00e+00	0.00e+00	0.00e+00	0.00e+00
 8.41327e+11	0.00e+00	0.00e+00	3.46e-30	8.18e-22	2.80e-14	1.23e-07	1.00e+00	0.00e+00	0.00e+00	0.00e+00	0.00e+00	0.00e+00
 9.03168e+11	0.00e+00	2.69e-39	4.77e-30	1.05e-21	3.31e-14	1.34e-07	1.00e+00	0.00e+00	0.00e+00	0.00e+00	0.00e+00	0.00e+00
 9.65033e+11	0.00e+00	0.00e+00	6.52e-30	1.33e-21	3.89e-14	1.45e-07	1.00e+00	0.00e+00	0.00e+00	0.00e+00	0.00e+00	0.00e+00
 1.02282e+12	0.00e+00	5.62e-39	8.65e-30	1.64e-21	4.50e-14	1.56e-07	1.00e+00	0.00e+00	0.00e+00	0.00e+00	0.00e+00	0.00e+00
 1.08711e+12	0.00e+00	0.00e+00	1.17e-29	2.07e-21	5.27e-14	1.70e-07	1.00e+00	0.00e+00	0.00e+00	0.00e+00	0.00e+00	0.00e+00
 1.16052e+12	0.00e+00	1.24e-38	1.63e-29	2.67e-21	6.28e-14	1.85e-07	1.00e+00	0.00e+00	0.00e+00	0.00e+00	0.00e+00	0.00e+00
 1.23273e+12	0.00e+00	0.00e+00	2.24e-29	3.40e-21	7.42e-14	2.02e-07	1.00e+00	0.00e+00	0.00e+00	0.00e+00	0.00e+00	0.00e+00
 1.30784e+12	0.00e+00	2.70e-38	3.08e-29	4.33e-21	8.76e-14	2.20e-07	1.00e+00	0.00e+00	0.00e+00	0.00e+00	0.00e+00	0.00e+00
 1.39008e+12	0.00e+00	0.00e+00	4.31e-29	5.61e-21	1.05e-13	2.41e-07	1.00e+00	0.00e+00	0.00e+00	0.00e+00	0.00e+00	0.00e+00
 1.47241e+12	0.00e+00	6.08e-38	5.93e-29	7.17e-21	1.24e-13	2.63e-07	1.00e+00	0.00e+00	0.00e+00	0.00e+00	0.00e+00	0.00e+00
 1.55803e+12	0.00e+00	0.00e+00	8.21e-29	9.21e-21	1.48e-13	2.87e-07	1.00e+00	0.00e+00	0.00e+00	0.00e+00	0.00e+00	0.00e+00
 1.65027e+12	0.00e+00	1.37e-37	1.15e-28	1.19e-20	1.76e-13	3.15e-07	1.00e+00	0.00e+00	0.00e+00	0.00e+00	0.00e+00	0.00e+00
 1.74166e+12	0.00e+00	0.00e+00	1.58e-28	1.52e-20	2.09e-13	3.44e-07	1.00e+00	0.00e+00	0.00e+00	0.00e+00	0.00e+00	0.00e+00
 1.83670e+12	0.00e+00	3.01e-37	2.17e-28	1.95e-20	2.49e-13	3.76e-07	1.00e+00	0.00e+00	0.00e+00	0.00e+00	0.00e+00	0.00e+00
 1.94010e+12	0.00e+00	0.00e+00	3.04e-28	2.53e-20	2.98e-13	4.13e-07	1.00e+00	0.00e+00	0.00e+00	0.00e+00	0.00e+00	0.00e+00
 2.04763e+12	0.00e+00	6.82e-37	4.24e-28	3.27e-20	3.57e-13	4.54e-07	1.00e+00	0.00e+00	0.00e+00	0.00e+00	0.00e+00	0.00e+00
 2.15946e+12	0.00e+00	0.00e+00	5.92e-28	4.24e-20	4.29e-13	5.00e-07	1.00e+00	0.00e+00	0.00e+00	0.00e+00	0.00e+00	0.00e+00
 2.27576e+12	0.00e+00	1.54e-36	8.25e-28	5.49e-20	5.14e-13	5.50e-07	1.00e+00	0.00e+00	0.00e+00	0.00e+00	0.00e+00	0.00e+00
 2.39672e+12	7.40e-46	2.30e-36	1.15e-27	7.10e-20	6.18e-13	6.05e-07	1.00e+00	0.00e+00	0.00e+00	0.00e+00	0.00e+00	0.00e+00
 2.50630e+12	0.00e+00	0.00e+00	1.53e-27	8.90e-20	7.25e-13	6.58e-07	1.00e+00	0.00e+00	0.00e+00	0.00e+00	0.00e+00	0.00e+00
 2.59791e+12	0.00e+00	4.34e-36	1.93e-27	1.07e-19	8.25e-13	7.05e-07	1.00e+00	0.00e+00	0.00e+00	0.00e+00	0.00e+00	0.00e+00
 2.69839e+12	2.26e-45	5.86e-36	2.48e-27	1.30e-19	9.47e-13	7.58e-07	1.00e+00	0.00e+00	0.00e+00	0.00e+00	0.00e+00	0.00e+00
 2.82526e+12	0.00e+00	0.00e+00	3.34e-27	1.64e-19	1.12e-12	8.29e-07	1.00e+00	0.00e+00	0.00e+00	0.00e+00	0.00e+00	0.00e+00
 2.95737e+12	0.00e+00	1.21e-35	4.52e-27	2.08e-19	1.33e-12	9.08e-07	1.00e+00	0.00e+00	0.00e+00	0.00e+00	0.00e+00	0.00e+00
 3.07047e+12	7.68e-45	1.64e-35	5.79e-27	2.53e-19	1.53e-12	9.78e-07	1.00e+00	0.00e+00	0.00e+00	0.00e+00	0.00e+00	0.00e+00
 3.18788e+12	0.00e+00	0.00e+00	7.42e-27	3.07e-19	1.76e-12	1.05e-06	1.00e+00	0.00e+00	0.00e+00	0.00e+00	0.00e+00	0.00e+00
 3.33429e+12	0.00e+00	3.17e-35	1.00e-26	3.89e-19	2.09e-12	1.15e-06	1.00e+00	0.00e+00	0.00e+00	0.00e+00	0.00e+00	0.00e+00
 3.48265e+12	2.54e-44	4.49e-35	1.34e-26	4.90e-19	2.46e-12	1.26e-06	1.00e+00	0.00e+00	0.00e+00	0.00e+00	0.00e+00	0.00e+00
 3.61171e+12	0.00e+00	6.01e-35	1.70e-26	5.93e-19	2.83e-12	1.36e-06	1.00e+00	0.00e+00	0.00e+00	0.00e+00	0.00e+00	0.00e+00
 3.75141e+12	5.15e-44	8.14e-35	2.19e-26	7.25e-19	3.27e-12	1.47e-06	1.00e+00	0.00e+00	0.00e+00	0.00e+00	0.00e+00	0.00e+00
 3.92195e+12	0.00e+00	1.16e-34	2.95e-26	9.19e-19	3.88e-12	1.61e-06	1.00e+00	0.00e+00	0.00e+00	0.00e+00	0.00e+00	0.00e+00
 4.09569e+12	1.18e-43	1.65e-34	3.95e-26	1.16e-18	4.58e-12	1.77e-06	1.00e+00	0.00e+00	0.00e+00	0.00e+00	0.00e+00	0.00e+00
 4.25466e+12	0.00e+00	2.23e-34	5.09e-26	1.42e-18	5.31e-12	1.91e-06	1.00e+00	0.00e+00	0.00e+00	0.00e+00	0.00e+00	0.00e+00
 4.43130e+12	2.50e-43	3.10e-34	6.69e-26	1.76e-18	6.21e-12	2.08e-06	1.00e+00	0.00e+00	0.00e+00	0.00e+00	0.00e+00	0.00e+00
 4.63673e+12	0.00e+00	4.45e-34	9.06e-26	2.24e-18	7.40e-12	2.29e-06	1.00e+00	0.00e+00	0.00e+00	0.00e+00	0.00e+00	0.00e+00
 4.83992e+12	5.76e-43	6.28e-34	1.21e-25	2.82e-18	8.74e-12	2.51e-06	1.00e+00	0.00e+00	0.00e+00	0.00e+00	0.00e+00	0.00e+00
 5.03417e+12	0.00e+00	8.62e-34	1.58e-25	3.49e-18	1.02e-11	2.72e-06	1.00e+00	0.00e+00	0.00e+00	0.00e+00	0.00e+00	0.00e+00
 5.24839e+12	1.24e-42	1.21e-33	2.09e-25	4.36e-18	1.19e-11	2.97e-06	1.00e+00	0.00e+00	0.00e+00	0.00e+00	0.00e+00	0.00e+00
 5.48825e+12	0.00e+00	1.73e-33	2.82e-25	5.55e-18	1.42e-11	3.26e-06	1.00e+00	0.00e+00	0.00e+00	0.00e+00	0.00e+00	0.00e+00
 5.72948e+12	2.86e-42	2.45e-33	3.77e-25	7.00e-18	1.68e-11	3.57e-06	1.00e+00	0.00e+00	0.00e+00	0.00e+00	0.00e+00	0.00e+00
 5.94590e+12	0.00e+00	3.30e-33	4.85e-25	8.55e-18	1.94e-11	3.86e-06	1.00e+00	0.00e+00	0.00e+00	0.00e+00	0.00e+00	0.00e+00
 6.12939e+12	5.44e-42	4.23e-33	5.96e-25	1.01e-17	2.18e-11	4.12e-06	1.00e+00	0.00e+00	0.00e+00	0.00e+00	0.00e+00	0.00e+00
 6.32725e+12	0.00e+00	5.48e-33	7.40e-25	1.20e-17	2.46e-11	4.40e-06	1.00e+00	0.00e+00	0.00e+00	0.00e+00	0.00e+00	0.00e+00
 6.58283e+12	1.08e-41	7.56e-33	9.70e-25	1.48e-17	2.87e-11	4.79e-06	1.00e+00	0.00e+00	0.00e+00	0.00e+00	0.00e+00	0.00e+00
 6.84933e+12	0.00e+00	1.05e-32	1.27e-24	1.84e-17	3.34e-11	5.20e-06	1.00e+00	0.00e+00	0.00e+00	0.00e+00	0.00e+00	0.00e+00
 7.07820e+12	2.17e-41	1.37e-32	1.59e-24	2.20e-17	3.80e-11	5.57e-06	1.00e+00	0.00e+00	0.00e+00	0.00e+00	0.00e+00	0.00e+00
 7.32228e+12	0.00e+00	1.81e-32	2.01e-24	2.65e-17	4.33e-11	5.98e-06	1.00e+00	0.00e+00	0.00e+00	0.00e+00	0.00e+00	0.00e+00
 7.62441e+12	4.46e-41	2.53e-32	2.66e-24	3.31e-17	5.06e-11	6.51e-06	1.00e+00	0.00e+00	0.00e+00	0.00e+00	0.00e+00	0.00e+00
 7.93444e+12	0.00e+00	3.52e-32	3.50e-24	4.12e-17	5.90e-11	7.08e-06	1.00e+00	0.00e+00	0.00e+00	0.00e+00	0.00e+00	0.00e+00
 8.21423e+12	9.22e-41	4.69e-32	4.45e-24	4.98e-17	6.75e-11	7.62e-06	1.00e+00	0.00e+00	0.00e+00	0.00e+00	0.00e+00	0.00e+00
 8.52226e+12	0.00e+00	6.38e-32	5.75e-24	6.10e-17	7.78e-11	8.23e-06	1.00e+00	0.00e+00	0.00e+00	0.00e+00	0.00e+00	0.00e+00
 8.85837e+12	1.94e-40	8.81e-32	7.53e-24	7.54e-17	9.03e-11	8.92e-06	1.00e+00	0.00e+00	0.00e+00	0.00e+00	0.00e+00	0.00e+00
 9.16339e+12	0.00e+00	1.17e-31	9.54e-24	9.10e-17	1.03e-10	9.58e-06	1.00e+00	0.00e+00	0.00e+00	0.00e+00	0.00e+00	0.00e+00
 9.49231e+12	3.83e-40	1.57e-31	1.22e-23	1.11e-16	1.18e-10	1.03e-05	1.00e+00	0.00e+00	0.00e+00	0.00e+00	0.00e+00	0.00e+00
 9.86203e+12	0.00e+00	2.18e-31	1.60e-23	1.37e-16	1.37e-10	1.12e-05	1.00e+00	0.00e+00	0.00e+00	0.00e+00	0.00e+00	0.00e+00
 1.02129e+13	7.93e-40	2.92e-31	2.04e-23	1.66e-16	1.57e-10	1.20e-05	1.00e+00	0.00e+00	0.00e+00	0.00e+00	0.00e+00	0.00e+00
 1.05970e+13	0.00e+00	4.01e-31	2.66e-23	2.04e-16	1.81e-10	1.30e-05	1.00e+00	0.00e+00	0.00e+00	0.00e+00	0.00e+00	0.00e+00
 1.10221e+13	1.71e-39	5.60e-31	3.51e-23	2.54e-16	2.10e-10	1.41e-05	1.00e+00	0.00e+00	0.00e+00	0.00e+00	0.00e+00	0.00e+00
 1.14172e+13	0.00e+00	7.58e-31	4.51e-23	3.09e-16	2.41e-10	1.51e-05	1.00e+00	0.00e+00	0.00e+00	0.00e+00	0.00e+00	0.00e+00
 1.18474e+13	3.55e-39	1.04e-30	5.88e-23	3.80e-16	2.78e-10	1.64e-05	1.00e+00	0.00e+00	0.00e+00	0.00e+00	0.00e+00	0.00e+00
 1.23296e+13	0.00e+00	1.47e-30	7.81e-23	4.76e-16	3.25e-10	1.78e-05	1.00e+00	0.00e+00	0.00e+00	0.00e+00	0.00e+00	0.00e+00
 1.27864e+13	7.72e-39	2.02e-30	1.02e-22	5.84e-16	3.74e-10	1.92e-05	1.00e+00	0.00e+00	0.00e+00	0.00e+00	0.00e+00	0.00e+00
 1.32792e+13	0.00e+00	2.81e-30	1.33e-22	7.23e-16	4.33e-10	2.07e-05	1.00e+00	0.00e+00	0.00e+00	0.00e+00	0.00e+00	0.00e+00
 1.38279e+13	1.72e-38	3.99e-30	1.79e-22	9.09e-16	5.07e-10	2.25e-05	1.00e+00	0.00e+00	0.00e+00	0.00e+00	0.00e+00	0.00e+00
 1.43575e+13	0.00e+00	5.56e-30	2.35e-22	1.12e-15	5.86e-10	2.44e-05	1.00e+00	0.00e+00	0.00e+00	0.00e+00	0.00e+00	0.00e+00
 1.49207e+13	3.80e-38	7.81e-30	3.11e-22	1.40e-15	6.81e-10	2.64e-05	1.00e+00	0.00e+00	0.00e+00	0.00e+00	0.00e+00	0.00e+00
 1.55475e+13	0.00e+00	1.12e-29	4.19e-22	1.77e-15	7.99e-10	2.87e-05	1.00e+00	0.00e+00	0.00e+00	0.00e+00	0.00e+00	0.00e+00
 1.61771e+13	8.86e-38	1.60e-29	5.61e-22	2.21e-15	9.32e-10	3.12e-05	1.00e+00	0.00e+00	0.00e+00	0.00e+00	0.00e+00	0.00e+00
 1.68320e+13	0.00e+00	2.28e-29	7.51e-22	2.78e-15	1.09e-09	3.38e-05	1.00e+00	0.00e+00	0.00e+00	0.00e+00	0.00e+00	0.00e+00
 1.75352e+13	2.08e-37	3.29e-29	1.02e-21	3.51e-15	1.28e-09	3.68e-05	1.00e+00	0.00e+00	0.00e+00	0.00e+00	0.00e+00	0.00e+00
 1.82665e+13	0.00e+00	4.76e-29	1.37e-21	4.43e-15	1.49e-09	4.00e-05	1.00e+00	0.00e+00	0.00e+00	0.00e+00	0.00e+00	0.00e+00
 1.89633e+13	4.80e-37	6.68e-29	1.81e-21	5.49e-15	1.73e-09	4.32e-05	1.00e+00	0.00e+00	0.00e+00	0.00e+00	0.00e+00	0.00e+00
 1.95992e+13	0.00e+00	9.01e-29	2.32e-21	6.64e-15	1.97e-09	4.62e-05	1.00e+00	0.00e+00	0.00e+00	0.00e+00	0.00e+00	0.00e+00
 2.01991e+13	9.47e-37	1.19e-28	2.90e-21	7.90e-15	2.21e-09	4.91e-05	1.00e+00	0.00e+00	0.00e+00	0.00e+00	0.00e+00	0.00e+00
 2.08611e+13	0.00e+00	1.60e-28	3.70e-21	9.51e-15	2.51e-09	5.24e-05	1.00e+00	0.00e+00	0.00e+00	0.00e+00	0.00e+00	0.00e+00
 2.16034e+13	1.96e-36	2.20e-28	4.80e-21	1.16e-14	2.88e-09	5.63e-05	1.00e+00	0.00e+00	0.00e+00	0.00e+00	0.00e+00	0.00e+00
 2.23056e+13	0.00e+00	2.96e-28	6.12e-21	1.40e-14	3.26e-09	6.01e-05	1.00e+00	0.00e+00	0.00e+00	0.00e+00	0.00e+00	0.00e+00
 2.30743e+13	4.06e-36	4.05e-28	7.90e-21	1.70e-14	3.72e-09	6.44e-05	1.00e+00	0.00e+00	0.00e+00	0.00e+00	0.00e+00	0.00e+00
 2.39361e+13	0.00e+00	5.68e-28	1.04e-20	2.10e-14	4.29e-09	6.93e-05	1.00e+00	0.00e+00	0.00e+00	0.00e+00	0.00e+00	0.00e+00
 2.47358e+13	8.75e-36	7.72e-28	1.34e-20	2.55e-14	4.88e-09	7.41e-05	1.00e+00	0.00e+00	0.00e+00	0.00e+00	0.00e+00	0.00e+00
 2.54775e+13	0.00e+00	1.02e-27	1.67e-20	3.02e-14	5.47e-09	7.86e-05	1.00e+00	0.00e+00	0.00e+00	0.00e+00	0.00e+00	0.00e+00
 2.63268e+13	1.76e-35	1.39e-27	2.15e-20	3.66e-14	6.22e-09	8.39e-05	1.00e+00	0.00e+00	0.00e+00	0.00e+00	0.00e+00	0.00e+00
 2.73579e+13	0.00e+00	1.99e-27	2.88e-20	4.57e-14	7.23e-09	9.07e-05	1.00e+00	0.00e+00	0.00e+00	0.00e+00	0.00e+00	0.00e+00
 2.83760e+13	4.08e-35	2.81e-27	3.81e-20	5.66e-14	8.34e-09	9.76e-05	1.00e+00	0.00e+00	0.00e+00	0.00e+00	0.00e+00	0.00e+00
 2.92675e+13	5.79e-35	3.78e-27	4.83e-20	6.78e-14	9.41e-09	1.04e-04	1.00e+00	0.00e+00	0.00e+00	0.00e+00	0.00e+00	0.00e+00
 3.02441e+13	8.41e-35	5.16e-27	6.22e-20	8.21e-14	1.07e-08	1.11e-04	1.00e+00	0.00e+00	0.00e+00	0.00e+00	0.00e+00	0.00e+00
 3.14269e+13	1.30e-34	7.43e-27	8.36e-20	1.03e-13	1.24e-08	1.20e-04	1.00e+00	0.00e+00	0.00e+00	0.00e+00	0.00e+00	0.00e+00
 3.26135e+13	1.99e-34	1.06e-26	1.11e-19	1.28e-13	1.44e-08	1.29e-04	1.00e+00	0.00e+00	0.00e+00	0.00e+00	0.00e+00	0.00e+00
 3.36856e+13	2.88e-34	1.45e-26	1.43e-19	1.54e-13	1.63e-08	1.37e-04	1.00e+00	0.00e+00	0.00e+00	0.00e+00	0.00e+00	0.00e+00
 3.48734e+13	4.29e-34	2.02e-26	1.87e-19	1.89e-13	1.87e-08	1.47e-04	1.00e+00	0.00e+00	0.00e+00	0.00e+00	0.00e+00	0.00e+00
 3.62707e+13	6.73e-34	2.95e-26	2.54e-19	2.38e-13	2.18e-08	1.59e-04	1.00e+00	0.00e+00	0.00e+00	0.00e+00	0.00e+00	0.00e+00
 3.76509e+13	1.04e-33	4.23e-26	3.39e-19	2.96e-13	2.53e-08	1.71e-04	1.00e+00	0.00e+00	0.00e+00	0.00e+00	0.00e+00	0.00e+00
 3.89409e+13	1.53e-33	5.86e-26	4.41e-19	3.61e-13	2.88e-08	1.83e-04	1.00e+00	0.00e+00	0.00e+00	0.00e+00	0.00e+00	0.00e+00
 4.03832e+13	2.34e-33	8.34e-26	5.85e-19	4.47e-13	3.33e-08	1.97e-04	1.00e+00	0.00e+00	0.00e+00	0.00e+00	0.00e+00	0.00e+00
 4.20285e+13	3.71e-33	1.23e-25	7.99e-19	5.65e-13	3.89e-08	2.13e-04	1.00e+00	0.00e+00	0.00e+00	0.00e+00	0.00e+00	0.00e+00
 4.36611e+13	5.79e-33	1.78e-25	1.08e-18	7.07e-13	4.52e-08	2.30e-04	1.00e+00	0.00e+00	0.00e+00	0.00e+00	0.00e+00	0.00e+00
 4.53590e+13	9.03e-33	2.58e-25	1.45e-18	8.85e-13	5.26e-08	2.48e-04	1.00e+00	0.00e+00	0.00e+00	0.00e+00	0.00e+00	0.00e+00
 4.72033e+13	1.44e-32	3.80e-25	1.98e-18	1.12e-12	6.15e-08	2.69e-04	1.00e+00	0.00e+00	0.00e+00	0.00e+00	0.00e+00	0.00e+00
 4.91214e+13	2.28e-32	5.60e-25	2.70e-18	1.42e-12	7.19e-08	2.91e-04	1.00e+00	0.00e+00	0.00e+00	0.00e+00	0.00e+00	0.00e+00
 5.09775e+13	3.52e-32	8.03e-25	3.61e-18	1.76e-12	8.33e-08	3.13e-04	1.00e+00	0.00e+00	0.00e+00	0.00e+00	0.00e+00	0.00e+00
 5.27212e+13	5.21e-32	1.11e-24	4.70e-18	2.15e-12	9.51e-08	3.35e-04	1.00e+00	0.00e+00	0.00e+00	0.00e+00	0.00e+00	0.00e+00
 5.46733e+13	7.95e-32	1.59e-24	6.25e-18	2.66e-12	1.10e-07	3.60e-04	1.00e+00	0.00e+00	0.00e+00	0.00e+00	0.00e+00	0.00e+00
 5.66413e+13	1.20e-31	2.24e-24	8.24e-18	3.28e-12	1.26e-07	3.86e-04	1.00e+00	0.00e+00	0.00e+00	0.00e+00	0.00e+00	0.00e+00
 5.82731e+13	1.67e-31	2.95e-24	1.03e-17	3.88e-12	1.41e-07	4.09e-04	1.00e+00	0.00e+00	0.00e+00	0.00e+00	0.00e+00	0.00e+00
 5.99991e+13	2.34e-31	3.92e-24	1.29e-17	4.61e-12	1.58e-07	4.33e-04	1.00e+00	0.00e+00	0.00e+00	0.00e+00	0.00e+00	0.00e+00
 6.22092e+13	3.56e-31	5.56e-24	1.71e-17	5.71e-12	1.83e-07	4.66e-04	1.00e+00	0.00e+00	0.00e+00	0.00e+00	0.00e+00	0.00e+00
 6.45289e+13	5.48e-31	8.01e-24	2.31e-17	7.09e-12	2.11e-07	5.02e-04	9.99e-01	0.00e+00	0.00e+00	0.00e+00	0.00e+00	0.00e+00
 6.65769e+13	7.81e-31	1.07e-23	2.92e-17	8.53e-12	2.39e-07	5.34e-04	9.99e-01	0.00e+00	0.00e+00	0.00e+00	0.00e+00	0.00e+00
 6.87910e+13	1.14e-30	1.47e-23	3.76e-17	1.04e-11	2.72e-07	5.70e-04	9.99e-01	0.00e+00	0.00e+00	0.00e+00	0.00e+00	0.00e+00
 7.14583e+13	1.76e-30	2.13e-23	5.06e-17	1.30e-11	3.16e-07	6.16e-04	9.99e-01	0.00e+00	0.00e+00	0.00e+00	0.00e+00	0.00e+00
 7.41636e+13	2.70e-30	3.04e-23	6.76e-17	1.62e-11	3.67e-07	6.64e-04	9.99e-01	0.00e+00	0.00e+00	0.00e+00	0.00e+00	0.00e+00
 7.66921e+13	3.97e-30	4.21e-23	8.79e-17	1.97e-11	4.19e-07	7.11e-04	9.99e-01	0.00e+00	0.00e+00	0.00e+00	0.00e+00	0.00e+00
 7.95048e+13	6.00e-30	5.95e-23	1.16e-16	2.44e-11	4.83e-07	7.65e-04	9.99e-01	0.00e+00	0.00e+00	0.00e+00	0.00e+00	0.00e+00
 8.24933e+13	9.15e-30	8.48e-23	1.55e-16	3.03e-11	5.59e-07	8.25e-04	9.99e-01	0.00e+00	0.00e+00	0.00e+00	0.00e+00	0.00e+00
 8.51502e+13	1.32e-29	1.15e-22	1.98e-16	3.66e-11	6.34e-07	8.79e-04	9.99e-01	0.00e+00	0.00e+00	0.00e+00	0.00e+00	0.00e+00
 8.80070e+13	1.92e-29	1.58e-22	2.56e-16	4.45e-11	7.23e-07	9.41e-04	9.99e-01	0.00e+00	0.00e+00	0.00e+00	0.00e+00	0.00e+00
 9.14290e+13	2.96e-29	2.27e-22	3.45e-16	5.57e-11	8.41e-07	1.02e-03	9.99e-01	0.00e+00	0.00e+00	0.00e+00	0.00e+00	0.00e+00
 9.47953e+13	4.46e-29	3.21e-22	4.57e-16	6.90e-11	9.71e-07	1.10e-03	9.99e-01	0.00e+00	0.00e+00	0.00e+00	0.00e+00	0.00e+00
 9.77922e+13	6.37e-29	4.33e-22	5.82e-16	8.30e-11	1.10e-06	1.17e-03	9.99e-01	0.00e+00	0.00e+00	0.00e+00	0.00e+00	0.00e+00
 1.01100e+14	9.29e-29	5.95e-22	7.53e-16	1.01e-10	1.25e-06	1.25e-03	9.99e-01	0.00e+00	0.00e+00	0.00e+00	0.00e+00	0.00e+00
 1.05044e+14	1.43e-28	8.58e-22	1.01e-15	1.27e-10	1.46e-06	1.35e-03	9.99e-01	0.00e+00	0.00e+00	0.00e+00	0.00e+00	0.00e+00
 1.08959e+14	2.17e-28	1.22e-21	1.35e-15	1.57e-10	1.69e-06	1.46e-03	9.99e-01	0.00e+00	0.00e+00	0.00e+00	0.00e+00	0.00e+00
 1.12537e+14	3.14e-28	1.66e-21	1.73e-15	1.91e-10	1.92e-06	1.56e-03	9.98e-01	0.00e+00	0.00e+00	0.00e+00	0.00e+00	0.00e+00
 1.16532e+14	4.66e-28	2.32e-21	2.27e-15	2.34e-10	2.20e-06	1.67e-03	9.98e-01	0.00e+00	0.00e+00	0.00e+00	0.00e+00	0.00e+00
 1.21181e+14	7.27e-28	3.37e-21	3.08e-15	2.96e-10	2.58e-06	1.81e-03	9.98e-01	0.00e+00	0.00e+00	0.00e+00	0.00e+00	0.00e+00
 1.25746e+14	1.11e-27	4.80e-21	4.11e-15	3.68e-10	2.98e-06	1.95e-03	9.98e-01	0.00e+00	0.00e+00	0.00e+00	0.00e+00	0.00e+00
 1.30061e+14	1.63e-27	6.64e-21	5.35e-15	4.50e-10	3.41e-06	2.09e-03	9.98e-01	0.00e+00	0.00e+00	0.00e+00	0.00e+00	0.00e+00
 1.34861e+14	2.46e-27	9.39e-21	7.09e-15	5.58e-10	3.94e-06	2.26e-03	9.98e-01	0.00e+00	0.00e+00	0.00e+00	0.00e+00	0.00e+00
 1.40285e+14	3.85e-27	1.37e-20	9.63e-15	7.05e-10	4.61e-06	2.45e-03	9.98e-01	0.00e+00	0.00e+00	0.00e+00	0.00e+00	0.00e+00
 1.45721e+14	5.95e-27	1.98e-20	1.30e-14	8.83e-10	5.36e-06	2.64e-03	9.97e-01	0.00e+00	0.00e+00	0.00e+00	0.00e+00	0.00e+00
 1.50826e+14	8.82e-27	2.75e-20	1.70e-14	1.08e-09	6.15e-06	2.83e-03	9.97e-01	0.00e+00	0.00e+00	0.00e+00	0.00e+00	0.00e+00
 1.56340e+14	1.33e-26	3.89e-20	2.24e-14	1.34e-09	7.09e-06	3.05e-03	9.97e-01	0.00e+00	0.00e+00	0.00e+00	0.00e+00	0.00e+00
 1.62499e+14	2.07e-26	5.65e-20	3.04e-14	1.69e-09	8.26e-06	3.30e-03	9.97e-01	0.00e+00	0.00e+00	0.00e+00	0.00e+00	0.00e+00
 1.68266e+14	3.10e-26	7.92e-20	3.99e-14	2.07e-09	9.49e-06	3.54e-03	9.96e-01	0.00e+00	0.00e+00	0.00e+00	0.00e+00	0.00e+00
 1.73619e+14	4.44e-26	1.07e-19	5.10e-14	2.50e-09	1.07e-05	3.77e-03	9.96e-01	0.00e+00	0.00e+00	0.00e+00	0.00e+00	0.00e+00
 1.78776e+14	6.22e-26	1.42e-19	6.41e-14	2.97e-09	1.21e-05	4.00e-03	9.96e-01	0.00e+00	0.00e+00	0.00e+00	0.00e+00	0.00e+00
 1.84509e+14	8.95e-26	1.93e-19	8.21e-14	3.58e-09	1.37e-05	4.27e-03	9.96e-01	0.00e+00	0.00e+00	0.00e+00	0.00e+00	0.00e+00
 1.90855e+14	1.32e-25	2.68e-19	1.07e-13	4.38e-09	1.57e-05	4.57e-03	9.95e-01	0.00e+00	0.00e+00	0.00e+00	0.00e+00	0.00e+00
 1.96770e+14	1.88e-25	3.60e-19	1.36e-13	5.25e-09	1.77e-05	4.86e-03	9.95e-01	0.00e+00	0.00e+00	0.00e+00	0.00e+00	0.00e+00
 2.03232e+14	2.74e-25	4.93e-19	1.75e-13	6.37e-09	2.01e-05	5.19e-03	9.95e-01	0.00e+00	0.00e+00	0.00e+00	0.00e+00	0.00e+00
 2.10506e+14	4.11e-25	6.94e-19	2.31e-13	7.85e-09	2.31e-05	5.58e-03	9.94e-01	0.00e+00	0.00e+00	0.00e+00	0.00e+00	0.00e+00
 2.17426e+14	5.99e-25	9.52e-19	2.98e-13	9.51e-09	2.63e-05	5.95e-03	9.94e-01	0.00e+00	0.00e+00	0.00e+00	0.00e+00	0.00e+00
 2.25010e+14	8.90e-25	1.33e-18	3.90e-13	1.17e-08	3.01e-05	6.38e-03	9.94e-01	0.00e+00	0.00e+00	0.00e+00	0.00e+00	0.00e+00
 2.33370e+14	1.36e-24	1.89e-18	5.20e-13	1.45e-08	3.48e-05	6.87e-03	9.93e-01	0.00e+00	0.00e+00	0.00e+00	0.00e+00	0.00e+00
 2.41058e+14	1.98e-24	2.60e-18	6.70e-13	1.76e-08	3.96e-05	7.33e-03	9.93e-01	0.00e+00	0.00e+00	0.00e+00	0.00e+00	0.00e+00
 2.49376e+14	2.94e-24	3.61e-18	8.75e-13	2.15e-08	4.53e-05	7.85e-03	9.92e-01	0.00e+00	0.00e+00	0.00e+00	0.00e+00	0.00e+00
 2.58686e+14	4.47e-24	5.14e-18	1.16e-12	2.67e-08	5.24e-05	8.46e-03	9.91e-01	0.00e+00	0.00e+00	0.00e+00	0.00e+00	0.00e+00
 2.67455e+14	6.61e-24	7.14e-18	1.52e-12	3.26e-08	5.98e-05	9.04e-03	9.91e-01	0.00e+00	0.00e+00	0.00e+00	0.00e+00	0.00e+00
 2.77022e+14	9.88e-24	1.00e-17	1.99e-12	4.01e-08	6.87e-05	9.71e-03	9.90e-01	0.00e+00	0.00e+00	0.00e+00	0.00e+00	0.00e+00
 2.87650e+14	1.52e-23	1.44e-17	2.68e-12	5.02e-08	7.98e-05	1.05e-02	9.89e-01	0.00e+00	0.00e+00	0.00e+00	0.00e+00	0.00e+00
 2.97566e+14	2.25e-23	2.00e-17	3.49e-12	6.13e-08	9.12e-05	1.12e-02	9.89e-01	0.00e+00	0.00e+00	0.00e+00	0.00e+00	0.00e+00
 3.08322e+14	3.38e-23	2.82e-17	4.61e-12	7.57e-08	1.05e-04	1.21e-02	9.88e-01	0.00e+00	0.00e+00	0.00e+00	0.00e+00	0.00e+00
 3.20358e+14	5.22e-23	4.06e-17	6.20e-12	9.50e-08	1.22e-04	1.30e-02	9.87e-01	0.00e+00	0.00e+00	0.00e+00	0.00e+00	0.00e+00
 3.31804e+14	7.81e-23	5.70e-17	8.16e-12	1.17e-07	1.40e-04	1.40e-02	9.86e-01	0.00e+00	0.00e+00	0.00e+00	0.00e+00	0.00e+00
 3.44036e+14	1.17e-22	8.02e-17	1.08e-11	1.45e-07	1.62e-04	1.51e-02	9.85e-01	0.00e+00	0.00e+00	0.00e+00	0.00e+00	0.00e+00
 3.57827e+14	1.83e-22	1.17e-16	1.47e-11	1.83e-07	1.89e-04	1.64e-02	9.83e-01	0.00e+00	0.00e+00	0.00e+00	0.00e+00	0.00e+00
 3.71435e+14	2.78e-22	1.67e-16	1.96e-11	2.28e-07	2.20e-04	1.77e-02	9.82e-01	0.00e+00	0.00e+00	0.00e+00	0.00e+00	0.00e+00
 3.85587e+14	4.20e-22	2.37e-16	2.61e-11	2.85e-07	2.54e-04	1.91e-02	9.81e-01	0.00e+00	0.00e+00	0.00e+00	0.00e+00	0.00e+00
 4.00589e+14	6.40e-22	3.39e-16	3.50e-11	3.57e-07	2.96e-04	2.07e-02	9.79e-01	0.00e+00	0.00e+00	0.00e+00	0.00e+00	0.00e+00
 4.13139e+14	9.00e-22	4.53e-16	4.44e-11	4.28e-07	3.34e-04	2.20e-02	9.78e-01	0.00e+00	0.00e+00	0.00e+00	0.00e+00	0.00e+00
 4.22821e+14	1.16e-21	5.62e-16	5.30e-11	4.91e-07	3.66e-04	2.31e-02	9.77e-01	0.00e+00	0.00e+00	0.00e+00	0.00e+00	0.00e+00
 4.33303e+14	1.51e-21	7.05e-16	6.39e-11	5.67e-07	4.03e-04	2.43e-02	9.75e-01	0.00e+00	0.00e+00	0.00e+00	0.00e+00	0.00e+00
 4.46930e+14	2.11e-21	9.38e-16	8.09e-11	6.81e-07	4.55e-04	2.59e-02	9.74e-01	0.00e+00	0.00e+00	0.00e+00	0.00e+00	0.00e+00
 4.61732e+14	2.99e-21	1.27e-15	1.04e-10	8.25e-07	5.18e-04	2.78e-02	9.72e-01	0.00e+00	0.00e+00	0.00e+00	0.00e+00	0.00e+00
 4.75116e+14	4.05e-21	1.64e-15	1.29e-10	9.76e-07	5.79e-04	2.95e-02	9.70e-01	0.00e+00	0.00e+00	0.00e+00	0.00e+00	0.00e+00
 4.89572e+14	5.55e-21	2.16e-15	1.62e-10	1.16e-06	6.51e-04	3.14e-02	9.68e-01	0.00e+00	0.00e+00	0.00e+00	0.00e+00	0.00e+00
 5.07712e+14	8.15e-21	3.00e-15	2.13e-10	1.44e-06	7.51e-04	3.39e-02	9.65e-01	0.00e+00	0.00e+00	0.00e+00	0.00e+00	0.00e+00
 5.25962e+14	1.18e-20	4.13e-15	2.78e-10	1.77e-06	8.62e-04	3.65e-02	9.63e-01	0.00e+00	0.00e+00	0.00e+00	0.00e+00	0.00e+00
 5.41501e+14	1.59e-20	5.37e-15	3.46e-10	2.10e-06	9.66e-04	3.89e-02	9.60e-01	0.00e+00	0.00e+00	0.00e+00	0.00e+00	0.00e+00
 5.58197e+14	2.17e-20	7.03e-15	4.34e-10	2.51e-06	1.09e-03	4.15e-02	9.57e-01	0.00e+00	0.00e+00	0.00e+00	0.00e+00	0.00e+00
 5.79002e+14	3.15e-20	9.76e-15	5.71e-10	3.12e-06	1.25e-03	4.48e-02	9.54e-01	0.00e+00	0.00e+00	0.00e+00	0.00e+00	0.00e+00
 6.00450e+14	4.57e-20	1.35e-14	7.51e-10	3.86e-06	1.44e-03	4.84e-02	9.50e-01	0.00e+00	0.00e+00	0.00e+00	0.00e+00	0.00e+00
 6.19557e+14	6.27e-20	1.78e-14	9.50e-10	4.63e-06	1.63e-03	5.18e-02	9.47e-01	0.00e+00	0.00e+00	0.00e+00	0.00e+00	0.00e+00
 6.40319e+14	8.68e-20	2.38e-14	1.21e-09	5.62e-06	1.85e-03	5.56e-02	9.43e-01	0.00e+00	0.00e+00	0.00e+00	0.00e+00	0.00e+00
 6.65110e+14	1.28e-19	3.34e-14	1.61e-09	7.02e-06	2.14e-03	6.02e-02	9.38e-01	0.00e+00	0.00e+00	0.00e+00	0.00e+00	0.00e+00
 6.89533e+14	1.83e-19	4.59e-14	2.11e-09	8.66e-06	2.46e-03	6.50e-02	9.33e-01	0.00e+00	0.00e+00	0.00e+00	0.00e+00	0.00e+00
 7.11470e+14	2.49e-19	6.04e-14	2.67e-09	1.04e-05	2.78e-03	6.95e-02	9.28e-01	0.00e+00	0.00e+00	0.00e+00	0.00e+00	0.00e+00
 7.35780e+14	3.48e-19	8.13e-14	3.43e-09	1.26e-05	3.16e-03	7.46e-02	9.22e-01	0.00e+00	0.00e+00	0.00e+00	0.00e+00	0.00e+00
 7.64526e+14	5.08e-19	1.14e-13	4.57e-09	1.58e-05	3.65e-03	8.08e-02	9.16e-01	0.00e+00	0.00e+00	0.00e+00	0.00e+00	0.00e+00
 7.92951e+14	7.29e-19	1.58e-13	6.00e-09	1.95e-05	4.19e-03	8.72e-02	9.09e-01	0.00e+00	0.00e+00	0.00e+00	0.00e+00	0.00e+00
 8.19182e+14	1.01e-18	2.10e-13	7.66e-09	2.36e-05	4.74e-03	9.33e-02	9.02e-01	0.00e+00	0.00e+00	0.00e+00	0.00e+00	0.00e+00
 8.48649e+14	1.43e-18	2.87e-13	9.98e-09	2.89e-05	5.41e-03	1.00e-01	8.94e-01	0.00e+00	0.00e+00	0.00e+00	0.00e+00	0.00e+00
 8.82624e+14	2.11e-18	4.08e-13	1.34e-08	3.63e-05	6.26e-03	1.09e-01	8.85e-01	0.00e+00	0.00e+00	0.00e+00	0.00e+00	0.00e+00
 9.15837e+14	3.05e-18	5.67e-13	1.77e-08	4.49e-05	7.19e-03	1.17e-01	8.76e-01	0.00e+00	0.00e+00	0.00e+00	0.00e+00	0.00e+00
 9.50377e+14	4.42e-18	7.90e-13	2.34e-08	5.56e-05	8.24e-03	1.26e-01	8.66e-01	0.00e+00	0.00e+00	0.00e+00	0.00e+00	0.00e+00
 9.88422e+14	6.55e-18	1.12e-12	3.14e-08	6.97e-05	9.52e-03	1.36e-01	8.54e-01	0.00e+00	0.00e+00	0.00e+00	0.00e+00	0.00e+00
 1.02057e+15	9.05e-18	1.50e-12	3.99e-08	8.37e-05	1.07e-02	1.45e-01	8.44e-01	0.00e+00	0.00e+00	0.00e+00	0.00e+00	0.00e+00
 1.04401e+15	1.14e-17	1.84e-12	4.74e-08	9.52e-05	1.16e-02	1.52e-01	8.37e-01	0.00e+00	0.00e+00	0.00e+00	0.00e+00	0.00e+00
 1.06859e+15	1.44e-17	2.27e-12	5.65e-08	1.09e-04	1.26e-02	1.58e-01	8.29e-01	0.00e+00	0.00e+00	0.00e+00	0.00e+00	0.00e+00
 1.10055e+15	1.95e-17	2.97e-12	7.05e-08	1.29e-04	1.41e-02	1.67e-01	8.18e-01	0.00e+00	0.00e+00	0.00e+00	0.00e+00	0.00e+00
 1.13583e+15	2.74e-17	3.96e-12	8.95e-08	1.54e-04	1.57e-02	1.78e-01	8.07e-01	0.00e+00	0.00e+00	1.58e-17	8.24e-18	2.79e-18
 1.16851e+15	3.66e-17	5.13e-12	1.11e-07	1.80e-04	1.74e-02	1.87e-01	7.95e-01	0.00e+00	0.00e+00	2.10e-17	1.11e-17	3.73e-18
 1.20407e+15	5.00e-17	6.76e-12	1.39e-07	2.14e-04	1.93e-02	1.97e-01	7.83e-01	0.00e+00	0.00e+00	2.87e-17	1.51e-17	5.07e-18
 1.24404e+15	7.02e-17	9.12e-12	1.78e-07	2.57e-04	2.17e-02	2.09e-01	7.69e-01	0.00e+00	0.00e+00	4.04e-17	2.12e-17	7.10e-18
 1.28208e+15	9.59e-17	1.20e-11	2.23e-07	3.03e-04	2.41e-02	2.20e-01	7.56e-01	0.00e+00	0.00e+00	5.52e-17	2.89e-17	9.66e-18
 1.32386e+15	1.34e-16	1.61e-11	2.83e-07	3.62e-04	2.69e-02	2.32e-01	7.40e-01	0.00e+00	0.00e+00	7.73e-17	4.04e-17	1.35e-17
 1.37061e+15	1.94e-16	2.23e-11	3.68e-07	4.39e-04	3.03e-02	2.46e-01	7.23e-01	0.00e+00	0.00e+00	1.12e-16	5.84e-17	1.94e-17
 1.41489e+15	2.71e-16	2.98e-11	4.66e-07	5.22e-04	3.37e-02	2.59e-01	7.07e-01	0.00e+00	0.00e+00	1.56e-16	8.15e-17	2.70e-17
 1.46354e+15	3.88e-16	4.07e-11	5.99e-07	6.28e-04	3.77e-02	2.73e-01	6.89e-01	0.00e+00	0.00e+00	2.24e-16	1.17e-16	3.86e-17
 1.51824e+15	5.75e-16	5.72e-11	7.88e-07	7.66e-04	4.26e-02	2.88e-01	6.69e-01	0.00e+00	0.00e+00	3.32e-16	1.73e-16	5.71e-17
 1.57002e+15	8.21e-16	7.77e-11	1.01e-06	9.16e-04	4.75e-02	3.02e-01	6.49e-01	0.00e+00	0.00e+00	4.75e-16	2.47e-16	8.14e-17
 1.62651e+15	1.20e-15	1.08e-10	1.31e-06	1.11e-03	5.32e-02	3.17e-01	6.28e-01	0.00e+00	0.00e+00	6.95e-16	3.62e-16	1.19e-16
 1.68930e+15	1.81e-15	1.53e-10	1.73e-06	1.35e-03	6.00e-02	3.34e-01	6.05e-01	0.00e+00	0.00e+00	1.05e-15	5.46e-16	1.79e-16
 1.74792e+15	2.62e-15	2.08e-10	2.22e-06	1.61e-03	6.66e-02	3.48e-01	5.84e-01	0.00e+00	0.00e+00	1.51e-15	7.89e-16	2.58e-16
 1.81117e+15	3.85e-15	2.89e-10	2.87e-06	1.94e-03	7.42e-02	3.63e-01	5.61e-01	0.00e+00	0.00e+00	2.23e-15	1.16e-15	3.79e-16
 1.88203e+15	5.84e-15	4.09e-10	3.78e-06	2.35e-03	8.32e-02	3.79e-01	5.35e-01	0.00e+00	0.00e+00	3.39e-15	1.76e-15	5.75e-16
 1.95008e+15	8.61e-15	5.65e-10	4.88e-06	2.82e-03	9.23e-02	3.93e-01	5.12e-01	0.00e+00	0.00e+00	4.99e-15	2.60e-15	8.46e-16
 2.02248e+15	1.28e-14	7.85e-10	6.32e-06	3.37e-03	1.02e-01	4.07e-01	4.87e-01	0.00e+00	0.00e+00	7.43e-15	3.87e-15	1.26e-15
 2.10341e+15	1.97e-14	1.12e-09	8.33e-06	4.09e-03	1.14e-01	4.22e-01	4.60e-01	0.00e+00	0.00e+00	1.14e-14	5.94e-15	1.93e-15
 2.17136e+15	2.78e-14	1.48e-09	1.04e-05	4.77e-03	1.25e-01	4.32e-01	4.38e-01	0.00e+00	0.00e+00	1.61e-14	8.40e-15	2.73e-15
 2.22006e+15	3.54e-14	1.81e-09	1.21e-05	5.30e-03	1.32e-01	4.40e-01	4.23e-01	0.00e+00	0.00e+00	2.05e-14	1.07e-14	3.47e-15
 2.27065e+15	4.53e-14	2.21e-09	1.42e-05	5.90e-03	1.40e-01	4.46e-01	4.07e-01	0.00e+00	0.00e+00	2.63e-14	1.37e-14	4.44e-15
 2.33643e+15	6.18e-14	2.84e-09	1.72e-05	6.74e-03	1.51e-01	4.55e-01	3.88e-01	0.00e+00	0.00e+00	3.59e-14	1.87e-14	6.05e-15
 2.40989e+15	8.65e-14	3.72e-09	2.13e-05	7.78e-03	1.63e-01	4.62e-01	3.67e-01	0.00e+00	0.00e+00	5.02e-14	2.61e-14	8.47e-15
 2.47879e+15	1.17e-13	4.76e-09	2.57e-05	8.85e-03	1.75e-01	4.68e-01	3.48e-01	0.00e+00	0.00e+00	6.81e-14	3.55e-14	1.15e-14
 2.55383e+15	1.62e-13	6.16e-09	3.14e-05	1.01e-02	1.87e-01	4.74e-01	3.28e-01	0.00e+00	0.00e+00	9.42e-14	4.91e-14	1.59e-14
 2.63766e+15	2.30e-13	8.14e-09	3.89e-05	1.17e-02	2.02e-01	4.79e-01	3.07e-01	0.00e+00	0.00e+00	1.34e-13	6.96e-14	2.25e-14
 2.71640e+15	3.15e-13	1.04e-08	4.72e-05	1.33e-02	2.16e-01	4.82e-01	2.89e-01	0.00e+00	0.00e+00	1.83e-13	9.53e-14	3.08e-14
 2.80226e+15	4.40e-13	1.36e-08	5.78e-05	1.52e-02	2.31e-01	4.85e-01	2.69e-01	0.00e+00	0.00e+00	2.56e-13	1.33e-13	4.31e-14
 2.89867e+15	6.31e-13	1.80e-08	7.18e-05	1.75e-02	2.48e-01	4.86e-01	2.49e-01	0.00e+00	0.00e+00	3.66e-13	1.91e-13	6.17e-14
 2.99047e+15	8.77e-13	2.33e-08	8.76e-05	1.99e-02	2.64e-01	4.86e-01	2.31e-01	0.00e+00	0.00e+00	5.09e-13	2.65e-13	8.57e-14
 3.09145e+15	1.25e-12	3.07e-08	1.08e-04	2.28e-02	2.81e-01	4.84e-01	2.12e-01	0.00e+00	0.00e+00	7.24e-13	3.77e-13	1.22e-13
 3.20318e+15	1.82e-12	4.12e-08	1.35e-04	2.62e-02	3.00e-01	4.80e-01	1.93e-01	0.00e+00	0.00e+00	1.05e-12	5.50e-13	1.77e-13
 3.30668e+15	2.54e-12	5.34e-08	1.64e-04	2.97e-02	3.18e-01	4.75e-01	1.77e-01	0.00e+00	0.00e+00	1.47e-12	7.68e-13	2.48e-13
 3.41903e+15	3.62e-12	7.02e-08	2.02e-04	3.38e-02	3.36e-01	4.69e-01	1.61e-01	0.00e+00	0.00e+00	2.10e-12	1.10e-12	3.54e-13
 3.54382e+15	5.27e-12	9.36e-08	2.50e-04	3.87e-02	3.56e-01	4.61e-01	1.45e-01	0.00e+00	0.00e+00	3.06e-12	1.60e-12	5.15e-13
 3.65996e+15	7.36e-12	1.21e-07	3.04e-04	4.35e-02	3.74e-01	4.52e-01	1.31e-01	0.00e+00	0.00e+00	4.27e-12	2.23e-12	7.19e-13
 3.78614e+15	1.05e-11	1.59e-07	3.71e-04	4.92e-02	3.92e-01	4.41e-01	1.18e-01	0.00e+00	0.00e+00	6.10e-12	3.18e-12	1.03e-12
 3.92603e+15	1.52e-11	2.11e-07	4.59e-04	5.59e-02	4.12e-01	4.28e-01	1.04e-01	0.00e+00	0.00e+00	8.86e-12	4.62e-12	1.49e-12
 4.05203e+15	2.10e-11	2.70e-07	5.51e-04	6.23e-02	4.28e-01	4.16e-01	9.34e-02	0.00e+00	0.00e+00	1.22e-11	6.36e-12	2.05e-12
 4.15556e+15	2.71e-11	3.28e-07	6.38e-04	6.79e-02	4.41e-01	4.05e-01	8.54e-02	0.00e+00	0.00e+00	1.57e-11	8.21e-12	2.65e-12
 4.26156e+15	3.51e-11	3.99e-07	7.37e-04	7.39e-02	4.54e-01	3.94e-01	7.78e-02	0.00e+00	0.00e+00	2.04e-11	1.06e-11	3.43e-12
 4.39937e+15	4.86e-11	5.11e-07	8.83e-04	8.20e-02	4.69e-01	3.79e-01	6.90e-02	0.00e+00	0.00e+00	2.82e-11	1.47e-11	4.75e-12
 4.53803e+15	6.59e-11	6.46e-07	1.05e-03	9.05e-02	4.83e-01	3.65e-01	6.12e-02	0.00e+00	0.00e+00	3.83e-11	2.00e-11	6.45e-12
 4.65112e+15	8.41e-11	7.77e-07	1.20e-03	9.78e-02	4.93e-01	3.52e-01	5.55e-02	0.00e+00	0.00e+00	4.89e-11	2.55e-11	8.23e-12
 4.77144e+15	1.09e-10	9.44e-07	1.39e-03	1.06e-01	5.04e-01	3.39e-01	4.99e-02	0.00e+00	0.00e+00	6.32e-11	3.30e-11	1.06e-11
 4.92786e+15	1.51e-10	1.21e-06	1.66e-03	1.17e-01	5.16e-01	3.22e-01	4.35e-02	0.00e+00	0.00e+00	8.76e-11	4.57e-11	1.47e-11
 5.08737e+15	2.04e-10	1.52e-06	1.97e-03	1.28e-01	5.26e-01	3.06e-01	3.79e-02	0.00e+00	0.00e+00	1.19e-10	6.21e-11	2.00e-11
 5.22166e+15	2.62e-10	1.84e-06	2.27e-03	1.38e-01	5.34e-01	2.92e-01	3.37e-02	0.00e+00	0.00e+00	1.52e-10	7.96e-11	2.57e-11
 5.36700e+15	3.45e-10	2.27e-06	2.64e-03	1.49e-01	5.41e-01	2.77e-01	2.97e-02	0.00e+00	0.00e+00	2.00e-10	1.05e-10	3.38e-11
 5.55593e+15	4.86e-10	2.94e-06	3.19e-03	1.65e-01	5.49e-01	2.58e-01	2.51e-02	0.00e+00	0.00e+00	2.83e-10	1.48e-10	4.77e-11
 5.74447e+15	6.62e-10	3.73e-06	3.80e-03	1.80e-01	5.54e-01	2.41e-01	2.14e-02	0.00e+00	0.00e+00	3.85e-10	2.01e-10	6.50e-11
 5.89306e+15	8.40e-10	4.47e-06	4.35e-03	1.93e-01	5.57e-01	2.27e-01	1.88e-02	0.00e+00	0.00e+00	4.88e-10	2.55e-10	8.24e-11
 6.04677e+15	1.08e-09	5.42e-06	5.00e-03	2.06e-01	5.59e-01	2.14e-01	1.64e-02	0.00e+00	0.00e+00	6.29e-10	3.29e-10	1.06e-10
 6.24660e+15	1.49e-09	6.89e-06	5.96e-03	2.24e-01	5.59e-01	1.97e-01	1.38e-02	0.00e+00	0.00e+00	8.65e-10	4.52e-10	1.46e-10
 6.45133e+15	2.00e-09	8.66e-06	7.07e-03	2.43e-01	5.58e-01	1.81e-01	1.15e-02	0.00e+00	0.00e+00	1.16e-09	6.09e-10	1.97e-10
 6.61957e+15	2.53e-09	1.04e-05	8.10e-03	2.58e-01	5.55e-01	1.68e-01	9.96e-03	0.00e+00	0.00e+00	1.47e-09	7.72e-10	2.49e-10
 6.79540e+15	3.29e-09	1.27e-05	9.34e-03	2.75e-01	5.51e-01	1.56e-01	8.52e-03	0.00e+00	0.00e+00	1.91e-09	1.00e-09	3.24e-10
 6.98367e+15	4.22e-09	1.54e-05	1.08e-02	2.93e-01	5.46e-01	1.43e-01	7.23e-03	0.00e+00	0.00e+00	2.46e-09	1.29e-09	4.16e-10
 7.15010e+15	5.26e-09	1.82e-05	1.23e-02	3.09e-01	5.40e-01	1.33e-01	6.25e-03	0.00e+00	0.00e+00	3.06e-09	1.60e-09	5.19e-10
 7.30067e+15	6.41e-09	2.12e-05	1.37e-02	3.24e-01	5.33e-01	1.24e-01	5.47e-03	0.00e+00	0.00e+00	3.73e-09	1.95e-09	6.33e-10
 7.46862e+15	8.07e-09	2.53e-05	1.56e-02	3.41e-01	5.25e-01	1.14e-01	4.70e-03	0.00e+00	0.00e+00	4.70e-09	2.46e-09	7.97e-10
 7.65435e+15	1.03e-08	3.05e-05	1.79e-02	3.59e-01	5.15e-01	1.04e-01	3.97e-03	0.00e+00	0.00e+00	5.99e-09	3.14e-09	1.02e-09
 7.82521e+15	1.27e-08	3.59e-05	2.02e-02	3.76e-01	5.05e-01	9.60e-02	3.41e-03	0.00e+00	0.00e+00	7.40e-09	3.88e-09	1.26e-09
 7.98460e+15	1.55e-08	4.18e-05	2.26e-02	3.92e-01	4.94e-01	8.85e-02	2.95e-03	0.00e+00	0.00e+00	9.01e-09	4.72e-09	1.53e-09
 8.16709e+15	1.99e-08	5.05e-05	2.59e-02	4.10e-01	4.81e-01	8.03e-02	2.48e-03	0.00e+00	0.00e+00	1.16e-08	6.07e-09	1.97e-09
 8.36112e+15	2.50e-08	6.04e-05	2.97e-02	4.29e-01	4.67e-01	7.25e-02	2.07e-03	0.00e+00	0.00e+00	1.46e-08	7.64e-09	2.48e-09
 8.53157e+15	3.11e-08	7.14e-05	3.35e-02	4.45e-01	4.53e-01	6.60e-02	1.76e-03	0.00e+00	0.00e+00	1.81e-08	9.50e-09	3.09e-09
 8.68927e+15	3.80e-08	8.33e-05	3.76e-02	4.60e-01	4.40e-01	6.04e-02	1.51e-03	0.00e+00	0.00e+00	2.21e-08	1.16e-08	3.78e-09
 8.86897e+15	4.81e-08	9.97e-05	4.28e-02	4.77e-01	4.24e-01	5.43e-02	1.26e-03	0.00e+00	0.00e+00	2.80e-08	1.47e-08	4.78e-09
 9.06172e+15	6.21e-08	1.21e-04	4.93e-02	4.95e-01	4.06e-01	4.83e-02	1.04e-03	0.00e+00	0.00e+00	3.61e-08	1.90e-08	6.17e-09
 9.22843e+15	7.60e-08	1.42e-04	5.56e-02	5.09e-01	3.90e-01	4.36e-02	8.80e-04	0.00e+00	0.00e+00	4.42e-08	2.32e-08	7.56e-09
 9.37927e+15	9.33e-08	1.66e-04	6.23e-02	5.22e-01	3.75e-01	3.95e-02	7.49e-04	0.00e+00	0.00e+00	5.43e-08	2.85e-08	9.28e-09
 9.55242e+15	1.21e-07	2.02e-04	7.15e-02	5.36e-01	3.56e-01	3.49e-02	6.15e-04	0.00e+00	0.00e+00	7.06e-08	3.71e-08	1.21e-08
 9.73264e+15	1.53e-07	2.43e-04	8.20e-02	5.49e-01	3.37e-01	3.08e-02	5.05e-04	0.00e+00	0.00e+00	8.92e-08	4.68e-08	1.53e-08
 9.88572e+15	1.91e-07	2.88e-04	9.27e-02	5.59e-01	3.20e-01	2.74e-02	4.22e-04	0.00e+00	0.00e+00	1.11e-07	5.85e-08	1.91e-08
 1.00244e+16	2.36e-07	3.38e-04	1.04e-01	5.67e-01	3.03e-01	2.45e-02	3.56e-04	0.00e+00	0.00e+00	1.38e-07	7.23e-08	2.36e-08
 1.01808e+16	3.05e-07	4.10e-04	1.19e-01	5.75e-01	2.84e-01	2.14e-02	2.90e-04	0.00e+00	0.00e+00	1.78e-07	9.33e-08	3.05e-08
 1.03411e+16	4.00e-07	5.03e-04	1.37e-01	5.80e-01	2.64e-01	1.85e-02	2.32e-04	0.00e+00	0.00e+00	2.33e-07	1.22e-07	4.00e-08
 1.04657e+16	4.91e-07	5.88e-04	1.53e-01	5.82e-01	2.48e-01	1.64e-02	1.95e-04	0.00e+00	0.00e+00	2.85e-07	1.50e-07	4.90e-08
 1.05700e+16	5.84e-07	6.72e-04	1.68e-01	5.82e-01	2.34e-01	1.48e-02	1.67e-04	0.00e+00	0.00e+00	3.40e-07	1.79e-07	5.84e-08
 1.06888e+16	7.04e-07	7.78e-04	1.88e-01	5.81e-01	2.17e-01	1.29e-02	1.39e-04	0.00e+00	0.00e+00	4.10e-07	2.15e-07	7.04e-08
 1.08432e+16	1.00e-06	1.01e-03	2.20e-01	5.74e-01	1.94e-01	1.06e-02	1.04e-04	0.00e+00	0.00e+00	5.82e-07	3.06e-07	1.00e-07
 1.09668e+16	1.29e-06	1.21e-03	2.50e-01	5.64e-01	1.76e-01	9.02e-03	8.30e-05	0.00e+00	0.00e+00	7.48e-07	3.94e-07	1.29e-07
 1.10249e+16	1.44e-06	1.32e-03	2.65e-01	5.58e-01	1.67e-01	8.31e-03	7.41e-05	0.00e+00	0.00e+00	8.39e-07	4.41e-07	1.45e-07
 1.10746e+16	1.62e-06	1.44e-03	2.80e-01	5.52e-01	1.59e-01	7.67e-03	6.63e-05	0.00e+00	0.00e+00	9.43e-07	4.96e-07	1.63e-07
 1.11393e+16	1.81e-06	1.57e-03	2.99e-01	5.43e-01	1.49e-01	6.92e-03	5.78e-05	0.00e+00	0.00e+00	1.05e-06	5.54e-07	1.82e-07
 1.12234e+16	2.32e-06	1.87e-03	3.30e-01	5.27e-01	1.35e-01	5.90e-03	4.64e-05	0.00e+00	0.00e+00	1.35e-06	7.10e-07	2.33e-07
 1.13010e+16	2.73e-06	2.11e-03	3.58e-01	5.12e-01	1.23e-01	5.12e-03	3.84e-05	0.00e+00	0.00e+00	1.59e-06	8.35e-07	2.74e-07
 1.13586e+16	3.07e-06	2.30e-03	3.81e-01	4.98e-01	1.14e-01	4.55e-03	3.30e-05	0.00e+00	0.00e+00	1.78e-06	9.39e-07	3.08e-07
 1.14219e+16	3.60e-06	2.58e-03	4.09e-01	4.81e-01	1.03e-01	3.94e-03	2.73e-05	0.00e+00	0.00e+00	2.10e-06	1.10e-06	3.62e-07
 1.14914e+16	4.48e-06	3.00e-03	4.43e-01	4.58e-01	9.20e-02	3.31e-03	2.16e-05	0.00e+00	0.00e+00	2.61e-06	1.37e-06	4.51e-07
 1.15494e+16	5.06e-06	3.28e-03	4.71e-01	4.40e-01	8.31e-02	2.86e-03	1.79e-05	0.00e+00	0.00e+00	2.94e-06	1.55e-06	5.09e-07
 1.16051e+16	6.14e-06	3.74e-03	5.02e-01	4.17e-01	7.40e-02	2.41e-03	1.43e-05	0.00e+00	0.00e+00	3.57e-06	1.88e-06	6.18e-07
 1.16625e+16	6.95e-06	4.09e-03	5.33e-01	3.95e-01	6.56e-02	2.04e-03	1.16e-05	0.00e+00	0.00e+00	4.04e-06	2.13e-06	7.01e-07
 1.17224e+16	8.58e-06	4.70e-03	5.69e-01	3.68e-01	5.66e-02	1.64e-03	8.78e-06	0.00e+00	0.00e+00	4.99e-06	2.63e-06	8.67e-07
 1.17817e+16	1.01e-05	5.25e-03	6.03e-01	3.42e-01	4.87e-02	1.33e-03	6.74e-06	0.00e+00	0.00e+00	5.88e-06	3.10e-06	1.02e-06
 1.18307e+16	1.17e-05	5.77e-03	6.32e-01	3.19e-01	4.24e-02	1.10e-03	5.27e-06	0.00e+00	0.00e+00	6.81e-06	3.59e-06	1.18e-06
 1.18848e+16	1.38e-05	6.43e-03	6.65e-01	2.92e-01	3.58e-02	8.69e-04	3.92e-06	0.00e+00	0.00e+00	8.03e-06	4.24e-06	1.40e-06
 1.19439e+16	1.65e-05	7.21e-03	6.99e-01	2.64e-01	2.95e-02	6.64e-04	2.80e-06	0.00e+00	0.00e+00	9.62e-06	5.08e-06	1.68e-06
 1.19971e+16	1.92e-05	7.93e-03	7.28e-01	2.39e-01	2.45e-02	5.15e-04	2.04e-06	0.00e+00	0.00e+00	1.12e-05	5.91e-06	1.95e-06
 1.20538e+16	2.30e-05	8.84e-03	7.60e-01	2.12e-01	1.96e-02	3.80e-04	1.39e-06	0.00e+00	0.00e+00	1.34e-05	7.06e-06	2.33e-06
 1.21148e+16	2.73e-05	9.81e-03	7.89e-01	1.85e-01	1.54e-02	2.73e-04	9.24e-07	0.00e+00	0.00e+00	1.59e-05	8.40e-06	2.78e-06
 1.21703e+16	3.21e-05	1.08e-02	8.15e-01	1.62e-01	1.21e-02	1.97e-04	0.00e+00	0.00e+00	0.00e+00	1.87e-05	9.87e-06	3.27e-06
 1.22316e+16	3.83e-05	1.20e-02	8.40e-01	1.39e-01	9.14e-03	1.34e-04	0.00e+00	0.00e+00	0.00e+00	2.23e-05	1.18e-05	3.91e-06
 1.22994e+16	4.62e-05	1.33e-02	8.64e-01	1.16e-01	6.66e-03	8.71e-05	0.00e+00	0.00e+00	0.00e+00	2.68e-05	1.42e-05	4.71e-06
 1.23643e+16	5.51e-05	1.47e-02	8.83e-01	9.73e-02	4.85e-03	5.64e-05	0.00e+00	0.00e+00	0.00e+00	3.20e-05	1.69e-05	5.63e-06
 1.24167e+16	6.29e-05	1.58e-02	8.96e-01	8.45e-02	3.78e-03	4.01e-05	0.00e+00	0.00e+00	0.00e+00	3.66e-05	1.93e-05	6.44e-06
 1.24562e+16	6.97e-05	1.67e-02	9.04e-01	7.57e-02	3.10e-03	3.06e-05	0.00e+00	0.00e+00	0.00e+00	4.05e-05	2.14e-05	7.14e-06
 1.24994e+16	7.80e-05	1.77e-02	9.13e-01	6.68e-02	2.48e-03	2.24e-05	0.00e+00	0.00e+00	0.00e+00	4.54e-05	2.40e-05	8.00e-06
 1.25555e+16	9.00e-05	1.91e-02	9.22e-01	5.67e-02	1.85e-03	1.49e-05	0.00e+00	0.00e+00	0.00e+00	5.24e-05	2.77e-05	9.24e-06
 1.26155e+16	1.04e-04	2.07e-02	9.30e-01	4.79e-02	1.36e-03	9.81e-06	0.00e+00	0.00e+00	0.00e+00	6.07e-05	3.21e-05	1.07e-05
 1.26687e+16	1.18e-04	2.21e-02	9.35e-01	4.13e-02	1.05e-03	6.78e-06	0.00e+00	0.00e+00	0.00e+00	6.88e-05	3.64e-05	1.22e-05
 1.27262e+16	1.36e-04	2.37e-02	9.40e-01	3.50e-02	7.77e-04	4.46e-06	0.00e+00	0.00e+00	0.00e+00	7.91e-05	4.19e-05	1.40e-05
 1.27888e+16	1.57e-04	2.56e-02	9.44e-01	2.94e-02	5.71e-04	2.88e-06	0.00e+00	0.00e+00	0.00e+00	9.16e-05	4.85e-05	1.62e-05
 1.28448e+16	1.79e-04	2.74e-02	9.47e-01	2.53e-02	4.36e-04	1.96e-06	0.00e+00	0.00e+00	0.00e+00	1.04e-04	5.53e-05	1.85e-05
 1.28961e+16	2.02e-04	2.92e-02	9.48e-01	2.20e-02	3.39e-04	1.37e-06	0.00e+00	0.00e+00	0.00e+00	1.18e-04	6.23e-05	2.08e-05
 1.29546e+16	2.32e-04	3.14e-02	9.49e-01	1.87e-02	2.54e-04	9.05e-07	0.00e+00	0.00e+00	0.00e+00	1.35e-04	7.15e-05	2.39e-05
 1.30185e+16	2.69e-04	3.39e-02	9.50e-01	1.58e-02	1.89e-04	0.00e+00	0.00e+00	0.00e+00	0.00e+00	1.56e-04	8.28e-05	2.77e-05
 1.30756e+16	3.07e-04	3.63e-02	9.50e-01	1.37e-02	1.46e-04	0.00e+00	0.00e+00	0.00e+00	0.00e+00	1.79e-04	9.46e-05	3.17e-05
