#depth	N	N+	N+2	N+3	N+4	N+5	N+6	N+7
 1.49634e+10	1.08e-46	4.50e-36	1.97e-26	1.56e-17	2.20e-09	9.82e-01	1.78e-02	0.00e+00
 4.54887e+10	0.00e+00	6.24e-36	2.52e-26	1.84e-17	2.40e-09	9.84e-01	1.64e-02	1.14e-07
 7.72350e+10	2.43e-46	8.63e-36	3.22e-26	2.16e-17	2.60e-09	9.85e-01	1.51e-02	0.00e+00
 1.10251e+11	0.00e+00	1.19e-35	4.12e-26	2.55e-17	2.83e-09	9.86e-01	1.39e-02	0.00e+00
 1.44588e+11	5.48e-46	1.66e-35	5.26e-26	3.01e-17	3.08e-09	9.87e-01	1.27e-02	0.00e+00
 1.80298e+11	0.00e+00	2.29e-35	6.73e-26	3.55e-17	3.35e-09	9.88e-01	1.17e-02	0.00e+00
 2.17437e+11	1.24e-45	3.18e-35	8.61e-26	4.19e-17	3.64e-09	9.89e-01	1.08e-02	0.00e+00
 2.52443e+11	0.00e+00	4.28e-35	1.08e-25	4.87e-17	3.92e-09	9.90e-01	9.97e-03	0.00e+00
 2.83880e+11	2.48e-45	5.55e-35	1.31e-25	5.55e-17	4.19e-09	9.91e-01	9.33e-03	0.00e+00
 3.19218e+11	0.00e+00	0.00e+00	1.62e-25	6.41e-17	4.51e-09	9.91e-01	8.67e-03	0.00e+00
 3.60938e+11	0.00e+00	1.02e-34	2.07e-25	7.55e-17	4.90e-09	9.92e-01	7.98e-03	0.00e+00
 4.02606e+11	7.77e-45	1.39e-34	2.61e-25	8.84e-17	5.30e-09	9.93e-01	7.36e-03	0.00e+00
 4.41903e+11	0.00e+00	1.84e-34	3.23e-25	1.02e-16	5.70e-09	9.93e-01	6.85e-03	0.00e+00
 4.85468e+11	1.62e-44	2.49e-34	4.07e-25	1.19e-16	6.17e-09	9.94e-01	6.33e-03	0.00e+00
 5.34813e+11	0.00e+00	3.47e-34	5.23e-25	1.41e-16	6.72e-09	9.94e-01	5.81e-03	0.00e+00
 5.84197e+11	3.66e-44	4.79e-34	6.66e-25	1.66e-16	7.30e-09	9.95e-01	5.34e-03	0.00e+00
 6.35555e+11	0.00e+00	6.60e-34	8.50e-25	1.96e-16	7.93e-09	9.95e-01	4.92e-03	0.00e+00
 6.90904e+11	8.29e-44	9.23e-34	1.09e-24	2.32e-16	8.65e-09	9.95e-01	4.51e-03	0.00e+00
 7.42831e+11	0.00e+00	1.25e-33	1.38e-24	2.71e-16	9.35e-09	9.96e-01	4.17e-03	0.00e+00
 7.89203e+11	1.68e-43	1.62e-33	1.68e-24	3.10e-16	1.00e-08	9.96e-01	3.89e-03	0.00e+00
 8.41327e+11	0.00e+00	2.16e-33	2.09e-24	3.60e-16	1.08e-08	9.96e-01	3.61e-03	0.00e+00
 9.03168e+11	3.61e-43	3.00e-33	2.68e-24	4.26e-16	1.17e-08	9.97e-01	3.32e-03	0.00e+00
 9.65033e+11	0.00e+00	4.12e-33	3.40e-24	5.01e-16	1.28e-08	9.97e-01	3.05e-03	0.00e+00
 1.02282e+12	7.66e-43	5.49e-33	4.23e-24	5.82e-16	1.38e-08	9.97e-01	2.83e-03	0.00e+00
 1.08711e+12	0.00e+00	7.48e-33	5.35e-24	6.82e-16	1.49e-08	9.97e-01	2.61e-03	0.00e+00
 1.16052e+12	1.72e-42	1.05e-32	6.93e-24	8.13e-16	1.63e-08	9.98e-01	2.39e-03	0.00e+00
 1.23273e+12	0.00e+00	1.45e-32	8.86e-24	9.62e-16	1.78e-08	9.98e-01	2.20e-03	0.00e+00
 1.30784e+12	3.83e-42	2.00e-32	1.13e-23	1.14e-15	1.94e-08	9.98e-01	2.02e-03	0.00e+00
 1.39008e+12	0.00e+00	2.82e-32	1.47e-23	1.36e-15	2.12e-08	9.98e-01	1.84e-03	0.00e+00
 1.47241e+12	8.81e-42	3.92e-32	1.89e-23	1.61e-15	2.32e-08	9.98e-01	1.69e-03	0.00e+00
 1.55803e+12	0.00e+00	5.46e-32	2.44e-23	1.92e-15	2.53e-08	9.98e-01	1.54e-03	0.00e+00
 1.65027e+12	2.04e-41	7.70e-32	3.17e-23	2.31e-15	2.78e-08	9.99e-01	1.41e-03	0.00e+00
 1.74166e+12	0.00e+00	1.07e-31	4.07e-23	2.74e-15	3.04e-08	9.99e-01	1.29e-03	0.00e+00
 1.83670e+12	4.58e-41	1.48e-31	5.24e-23	3.26e-15	3.32e-08	9.99e-01	1.18e-03	0.00e+00
 1.94010e+12	0.00e+00	2.09e-31	6.82e-23	3.92e-15	3.65e-08	9.99e-01	1.08e-03	0.00e+00
 2.04763e+12	1.07e-40	2.94e-31	8.87e-23	4.70e-15	4.02e-08	9.99e-01	9.80e-04	0.00e+00
 2.15946e+12	0.00e+00	4.14e-31	1.16e-22	5.65e-15	4.42e-08	9.99e-01	8.92e-04	0.00e+00
 2.27576e+12	2.49e-40	5.82e-31	1.50e-22	6.80e-15	4.86e-08	9.99e-01	8.11e-04	0.00e+00
 2.39672e+12	0.00e+00	8.18e-31	1.96e-22	8.18e-15	5.35e-08	9.99e-01	7.38e-04	0.00e+00
 2.50630e+12	5.45e-40	1.10e-30	2.47e-22	9.62e-15	5.83e-08	9.99e-01	6.79e-04	0.00e+00
 2.59791e+12	0.00e+00	1.40e-30	2.97e-22	1.10e-14	6.24e-08	9.99e-01	6.35e-04	0.00e+00
 2.69839e+12	1.00e-39	1.80e-30	3.62e-22	1.26e-14	6.71e-08	9.99e-01	5.91e-04	0.00e+00
 2.82526e+12	0.00e+00	2.46e-30	4.61e-22	1.50e-14	7.35e-08	9.99e-01	5.41e-04	0.00e+00
 2.95737e+12	2.14e-39	3.35e-30	5.88e-22	1.78e-14	8.04e-08	1.00e+00	4.95e-04	0.00e+00
 3.07047e+12	0.00e+00	4.33e-30	7.18e-22	2.05e-14	8.67e-08	1.00e+00	4.60e-04	0.00e+00
 3.18788e+12	3.99e-39	5.59e-30	8.77e-22	2.36e-14	9.35e-08	1.00e+00	4.27e-04	0.00e+00
 3.33429e+12	0.00e+00	7.59e-30	1.12e-21	2.81e-14	1.02e-07	1.00e+00	3.90e-04	0.00e+00
 3.48265e+12	8.35e-39	1.02e-29	1.41e-21	3.32e-14	1.12e-07	1.00e+00	3.57e-04	0.00e+00
 3.61171e+12	0.00e+00	1.31e-29	1.72e-21	3.82e-14	1.21e-07	1.00e+00	3.32e-04	0.00e+00
 3.75141e+12	1.55e-38	1.70e-29	2.11e-21	4.43e-14	1.31e-07	1.00e+00	3.07e-04	0.00e+00
 3.92195e+12	0.00e+00	2.31e-29	2.68e-21	5.27e-14	1.43e-07	1.00e+00	2.81e-04	0.00e+00
 4.09569e+12	3.22e-38	3.11e-29	3.39e-21	6.24e-14	1.57e-07	1.00e+00	2.57e-04	0.00e+00
 4.25466e+12	0.00e+00	4.03e-29	4.17e-21	7.25e-14	1.70e-07	1.00e+00	2.37e-04	0.00e+00
 4.43130e+12	6.19e-38	5.33e-29	5.20e-21	8.50e-14	1.85e-07	1.00e+00	2.18e-04	0.00e+00
 4.63673e+12	0.00e+00	7.27e-29	6.66e-21	1.02e-13	2.04e-07	1.00e+00	1.99e-04	0.00e+00
 4.83992e+12	1.29e-37	9.75e-29	8.40e-21	1.20e-13	2.23e-07	1.00e+00	1.82e-04	0.00e+00
 5.03417e+12	0.00e+00	1.28e-28	1.04e-20	1.40e-13	2.42e-07	1.00e+00	1.68e-04	0.00e+00
 5.24839e+12	2.52e-37	1.70e-28	1.30e-20	1.65e-13	2.64e-07	1.00e+00	1.54e-04	0.00e+00
 5.48825e+12	0.00e+00	2.31e-28	1.66e-20	1.97e-13	2.91e-07	1.00e+00	1.40e-04	0.00e+00
 5.72948e+12	5.22e-37	3.10e-28	2.10e-20	2.33e-13	3.18e-07	1.00e+00	1.28e-04	0.00e+00
 5.94590e+12	0.00e+00	4.00e-28	2.57e-20	2.70e-13	3.44e-07	1.00e+00	1.19e-04	0.00e+00
 6.12939e+12	9.15e-37	4.93e-28	3.03e-20	3.04e-13	3.67e-07	1.00e+00	1.11e-04	0.00e+00
 6.32725e+12	0.00e+00	6.14e-28	3.61e-20	3.44e-13	3.92e-07	1.00e+00	1.04e-04	0.00e+00
 6.58283e+12	1.66e-36	8.07e-28	4.47e-20	4.02e-13	4.26e-07	1.00e+00	9.60e-05	0.00e+00
 6.84933e+12	0.00e+00	1.06e-27	5.56e-20	4.70e-13	4.64e-07	1.00e+00	8.84e-05	0.00e+00
 7.07820e+12	3.05e-36	1.33e-27	6.65e-20	5.35e-13	4.97e-07	1.00e+00	8.26e-05	0.00e+00
 7.32228e+12	0.00e+00	1.68e-27	8.00e-20	6.11e-13	5.33e-07	1.00e+00	7.70e-05	0.00e+00
 7.62441e+12	5.70e-36	2.23e-27	9.98e-20	7.16e-13	5.81e-07	1.00e+00	7.08e-05	0.00e+00
 7.93444e+12	0.00e+00	2.94e-27	1.24e-19	8.38e-13	6.32e-07	1.00e+00	6.52e-05	0.00e+00
 8.21423e+12	1.07e-35	3.74e-27	1.50e-19	9.60e-13	6.79e-07	1.00e+00	6.07e-05	0.00e+00
 8.52226e+12	0.00e+00	4.84e-27	1.84e-19	1.11e-12	7.34e-07	1.00e+00	5.62e-05	0.00e+00
 8.85837e+12	2.03e-35	6.34e-27	2.27e-19	1.29e-12	7.96e-07	1.00e+00	5.19e-05	0.00e+00
 9.16339e+12	0.00e+00	8.03e-27	2.74e-19	1.47e-12	8.55e-07	1.00e+00	4.83e-05	0.00e+00
 9.49231e+12	3.66e-35	1.03e-26	3.32e-19	1.69e-12	9.20e-07	1.00e+00	4.50e-05	0.00e+00
 9.86203e+12	0.00e+00	1.35e-26	4.10e-19	1.97e-12	9.96e-07	1.00e+00	4.15e-05	0.00e+00
 1.02129e+13	6.86e-35	1.72e-26	4.98e-19	2.26e-12	1.07e-06	1.00e+00	3.86e-05	0.00e+00
 1.05970e+13	0.00e+00	2.24e-26	6.11e-19	2.61e-12	1.16e-06	1.00e+00	3.58e-05	0.00e+00
 1.10221e+13	1.33e-34	2.95e-26	7.60e-19	3.04e-12	1.26e-06	1.00e+00	3.30e-05	0.00e+00
 1.14172e+13	0.00e+00	3.80e-26	9.24e-19	3.49e-12	1.35e-06	1.00e+00	3.07e-05	0.00e+00
 1.18474e+13	2.49e-34	4.94e-26	1.14e-18	4.04e-12	1.46e-06	1.00e+00	2.84e-05	0.00e+00
 1.23296e+13	3.52e-34	6.56e-26	1.42e-18	4.72e-12	1.59e-06	1.00e+00	2.62e-05	0.00e+00
 1.27864e+13	4.84e-34	8.52e-26	1.74e-18	5.45e-12	1.71e-06	1.00e+00	2.43e-05	0.00e+00
 1.32792e+13	6.75e-34	1.12e-25	2.15e-18	6.32e-12	1.85e-06	1.00e+00	2.25e-05	0.00e+00
 1.38279e+13	9.63e-34	1.50e-25	2.69e-18	7.41e-12	2.01e-06	1.00e+00	2.07e-05	0.00e+00
 1.43575e+13	1.34e-33	1.96e-25	3.32e-18	8.59e-12	2.18e-06	1.00e+00	1.92e-05	0.00e+00
 1.49207e+13	1.89e-33	2.60e-25	4.13e-18	9.99e-12	2.36e-06	1.00e+00	1.77e-05	0.00e+00
 1.55475e+13	2.73e-33	3.50e-25	5.20e-18	1.17e-11	2.57e-06	1.00e+00	1.63e-05	0.00e+00
 1.61771e+13	3.89e-33	4.67e-25	6.51e-18	1.37e-11	2.79e-06	1.00e+00	1.50e-05	0.00e+00
 1.68320e+13	5.56e-33	6.25e-25	8.15e-18	1.60e-11	3.02e-06	1.00e+00	1.38e-05	0.00e+00
 1.75352e+13	8.04e-33	8.43e-25	1.03e-17	1.88e-11	3.29e-06	1.00e+00	1.27e-05	0.00e+00
 1.82665e+13	1.16e-32	1.14e-24	1.30e-17	2.21e-11	3.58e-06	1.00e+00	1.17e-05	0.00e+00
 1.89633e+13	1.64e-32	1.50e-24	1.60e-17	2.56e-11	3.86e-06	1.00e+00	1.08e-05	0.00e+00
 1.95992e+13	2.21e-32	1.92e-24	1.94e-17	2.92e-11	4.13e-06	1.00e+00	1.01e-05	0.00e+00
 2.01991e+13	2.91e-32	2.40e-24	2.30e-17	3.29e-11	4.39e-06	1.00e+00	9.54e-06	0.00e+00
 2.08611e+13	3.92e-32	3.05e-24	2.77e-17	3.73e-11	4.69e-06	1.00e+00	8.94e-06	0.00e+00
 2.16034e+13	5.40e-32	3.95e-24	3.38e-17	4.28e-11	5.04e-06	1.00e+00	8.32e-06	0.00e+00
 2.23056e+13	7.27e-32	5.03e-24	4.06e-17	4.85e-11	5.38e-06	1.00e+00	7.80e-06	0.00e+00
 2.30743e+13	9.96e-32	6.49e-24	4.93e-17	5.54e-11	5.76e-06	1.00e+00	7.29e-06	0.00e+00
 2.39361e+13	1.40e-31	8.54e-24	6.09e-17	6.40e-11	6.20e-06	1.00e+00	6.77e-06	0.00e+00
 2.47358e+13	1.90e-31	1.10e-23	7.36e-17	7.29e-11	6.63e-06	1.00e+00	6.33e-06	0.00e+00
 2.54775e+13	2.51e-31	1.37e-23	8.72e-17	8.18e-11	7.04e-06	1.00e+00	5.97e-06	0.00e+00
 2.63268e+13	3.42e-31	1.76e-23	1.05e-16	9.31e-11	7.51e-06	1.00e+00	5.59e-06	0.00e+00
 2.73579e+13	4.91e-31	2.35e-23	1.32e-16	1.08e-10	8.12e-06	1.00e+00	5.17e-06	0.00e+00
 2.83760e+13	6.94e-31	3.11e-23	1.63e-16	1.25e-10	8.74e-06	1.00e+00	4.81e-06	0.00e+00
 2.92675e+13	9.32e-31	3.94e-23	1.95e-16	1.41e-10	9.30e-06	1.00e+00	4.52e-06	0.00e+00
 3.02441e+13	1.27e-30	5.07e-23	2.36e-16	1.61e-10	9.93e-06	1.00e+00	4.23e-06	0.00e+00
 3.14269e+13	1.83e-30	6.80e-23	2.95e-16	1.87e-10	1.07e-05	1.00e+00	3.92e-06	0.00e+00
 3.26135e+13	2.62e-30	9.05e-23	3.66e-16	2.16e-10	1.15e-05	1.00e+00	3.64e-06	0.00e+00
 3.36856e+13	3.57e-30	1.16e-22	4.42e-16	2.45e-10	1.23e-05	1.00e+00	3.42e-06	0.00e+00
 3.48734e+13	4.99e-30	1.52e-22	5.41e-16	2.81e-10	1.32e-05	1.00e+00	3.19e-06	0.00e+00
 3.62707e+13	7.28e-30	2.06e-22	6.81e-16	3.28e-10	1.43e-05	1.00e+00	2.95e-06	0.00e+00
 3.76509e+13	1.04e-29	2.75e-22	8.47e-16	3.80e-10	1.54e-05	1.00e+00	2.74e-06	0.00e+00
 3.89409e+13	1.45e-29	3.58e-22	1.03e-15	4.34e-10	1.64e-05	1.00e+00	2.56e-06	0.00e+00
 4.03832e+13	2.06e-29	4.75e-22	1.28e-15	5.01e-10	1.77e-05	1.00e+00	2.38e-06	0.00e+00
 4.20285e+13	3.03e-29	6.47e-22	1.62e-15	5.86e-10	1.91e-05	1.00e+00	2.20e-06	0.00e+00
 4.36611e+13	4.40e-29	8.72e-22	2.02e-15	6.81e-10	2.06e-05	1.00e+00	2.04e-06	0.00e+00
 4.53590e+13	6.38e-29	1.17e-21	2.53e-15	7.92e-10	2.22e-05	1.00e+00	1.89e-06	0.00e+00
 4.72033e+13	9.39e-29	1.60e-21	3.20e-15	9.27e-10	2.41e-05	1.00e+00	1.75e-06	0.00e+00
 4.91214e+13	1.38e-28	2.19e-21	4.04e-15	1.08e-09	2.61e-05	1.00e+00	1.61e-06	0.00e+00
 5.09775e+13	1.99e-28	2.92e-21	5.03e-15	1.26e-09	2.81e-05	1.00e+00	1.50e-06	0.00e+00
 5.27212e+13	2.76e-28	3.80e-21	6.13e-15	1.43e-09	3.00e-05	1.00e+00	1.40e-06	0.00e+00
 5.46733e+13	3.93e-28	5.05e-21	7.60e-15	1.66e-09	3.23e-05	1.00e+00	1.30e-06	0.00e+00
 5.66413e+13	5.54e-28	6.65e-21	9.36e-15	1.91e-09	3.46e-05	1.00e+00	1.21e-06	0.00e+00
 5.82731e+13	7.30e-28	8.31e-21	1.11e-14	2.13e-09	3.67e-05	1.00e+00	1.15e-06	0.00e+00
 5.99991e+13	9.70e-28	1.04e-20	1.31e-14	2.40e-09	3.89e-05	1.00e+00	1.08e-06	0.00e+00
 6.22092e+13	1.38e-27	1.38e-20	1.63e-14	2.77e-09	4.18e-05	1.00e+00	1.01e-06	0.00e+00
 6.45289e+13	1.96e-27	1.84e-20	2.02e-14	3.20e-09	4.50e-05	1.00e+00	9.35e-07	0.00e+00
 6.65769e+13	2.66e-27	2.35e-20	2.43e-14	3.62e-09	4.79e-05	1.00e+00	0.00e+00	0.00e+00
 6.87910e+13	3.65e-27	3.03e-20	2.94e-14	4.12e-09	5.12e-05	1.00e+00	0.00e+00	0.00e+00
 7.14583e+13	5.26e-27	4.07e-20	3.68e-14	4.80e-09	5.53e-05	1.00e+00	0.00e+00	0.00e+00
 7.41636e+13	7.53e-27	5.43e-20	4.59e-14	5.57e-09	5.97e-05	1.00e+00	0.00e+00	0.00e+00
 7.66921e+13	1.04e-26	7.05e-20	5.59e-14	6.36e-09	6.39e-05	1.00e+00	0.00e+00	0.00e+00
 7.95048e+13	1.47e-26	9.32e-20	6.91e-14	7.35e-09	6.87e-05	1.00e+00	0.00e+00	0.00e+00
 8.24933e+13	2.10e-26	1.24e-19	8.59e-14	8.51e-09	7.41e-05	1.00e+00	0.00e+00	0.00e+00
 8.51502e+13	2.85e-26	1.59e-19	1.04e-13	9.66e-09	7.91e-05	1.00e+00	0.00e+00	0.00e+00
 8.80070e+13	3.91e-26	2.05e-19	1.26e-13	1.10e-08	8.46e-05	1.00e+00	0.00e+00	0.00e+00
 9.14290e+13	5.63e-26	2.75e-19	1.58e-13	1.28e-08	9.15e-05	1.00e+00	0.00e+00	0.00e+00
 9.47953e+13	7.96e-26	3.64e-19	1.95e-13	1.48e-08	9.86e-05	1.00e+00	0.00e+00	0.00e+00
 9.77922e+13	1.07e-25	4.63e-19	2.34e-13	1.68e-08	1.05e-04	1.00e+00	0.00e+00	0.00e+00
 1.01100e+14	1.47e-25	5.98e-19	2.85e-13	1.92e-08	1.12e-04	1.00e+00	0.00e+00	0.00e+00
 1.05044e+14	2.12e-25	8.04e-19	3.57e-13	2.24e-08	1.22e-04	1.00e+00	0.00e+00	0.00e+00
 1.08959e+14	3.02e-25	1.07e-18	4.43e-13	2.59e-08	1.31e-04	1.00e+00	0.00e+00	0.00e+00
 1.12537e+14	4.11e-25	1.37e-18	5.36e-13	2.95e-08	1.40e-04	1.00e+00	0.00e+00	0.00e+00
 1.16532e+14	5.73e-25	1.79e-18	6.59e-13	3.39e-08	1.51e-04	1.00e+00	0.00e+00	0.00e+00
 1.21181e+14	8.32e-25	2.43e-18	8.30e-13	3.97e-08	1.63e-04	1.00e+00	0.00e+00	0.00e+00
 1.25746e+14	1.19e-24	3.23e-18	1.03e-12	4.60e-08	1.76e-04	1.00e+00	0.00e+00	0.00e+00
 1.30061e+14	1.64e-24	4.19e-18	1.26e-12	5.27e-08	1.89e-04	1.00e+00	0.00e+00	0.00e+00
 1.34861e+14	2.32e-24	5.55e-18	1.56e-12	6.09e-08	2.04e-04	1.00e+00	0.00e+00	0.00e+00
 1.40285e+14	3.38e-24	7.52e-18	1.97e-12	7.14e-08	2.21e-04	1.00e+00	0.00e+00	0.00e+00
 1.45721e+14	4.88e-24	1.01e-17	2.46e-12	8.31e-08	2.39e-04	1.00e+00	0.00e+00	0.00e+00
 1.50826e+14	6.79e-24	1.32e-17	3.02e-12	9.54e-08	2.56e-04	1.00e+00	0.00e+00	0.00e+00
 1.56340e+14	9.59e-24	1.74e-17	3.73e-12	1.10e-07	2.76e-04	1.00e+00	0.00e+00	0.00e+00
 1.62499e+14	1.39e-23	2.36e-17	4.69e-12	1.29e-07	2.99e-04	1.00e+00	0.00e+00	0.00e+00
 1.68266e+14	1.95e-23	3.09e-17	5.77e-12	1.48e-07	3.21e-04	1.00e+00	0.00e+00	0.00e+00
 1.73619e+14	2.63e-23	3.94e-17	6.94e-12	1.68e-07	3.42e-04	1.00e+00	0.00e+00	0.00e+00
 1.78776e+14	3.50e-23	4.95e-17	8.26e-12	1.88e-07	3.63e-04	1.00e+00	0.00e+00	0.00e+00
 1.84509e+14	4.74e-23	6.33e-17	9.95e-12	2.14e-07	3.87e-04	1.00e+00	0.00e+00	0.00e+00
 1.90855e+14	6.58e-23	8.25e-17	1.22e-11	2.45e-07	4.15e-04	1.00e+00	0.00e+00	0.00e+00
 1.96770e+14	8.85e-23	1.05e-16	1.46e-11	2.76e-07	4.41e-04	1.00e+00	0.00e+00	0.00e+00
 2.03232e+14	1.21e-22	1.35e-16	1.77e-11	3.15e-07	4.71e-04	1.00e+00	0.00e+00	0.00e+00
 2.10506e+14	1.70e-22	1.77e-16	2.17e-11	3.62e-07	5.06e-04	9.99e-01	0.00e+00	0.00e+00
 2.17426e+14	2.33e-22	2.28e-16	2.63e-11	4.12e-07	5.40e-04	9.99e-01	0.00e+00	0.00e+00
 2.25010e+14	3.25e-22	2.98e-16	3.23e-11	4.73e-07	5.80e-04	9.99e-01	0.00e+00	0.00e+00
 2.33370e+14	4.64e-22	3.97e-16	4.01e-11	5.47e-07	6.24e-04	9.99e-01	0.00e+00	0.00e+00
 2.41058e+14	6.35e-22	5.12e-16	4.86e-11	6.22e-07	6.67e-04	9.99e-01	0.00e+00	0.00e+00
 2.49376e+14	8.84e-22	6.67e-16	5.94e-11	7.13e-07	7.14e-04	9.99e-01	0.00e+00	0.00e+00
 2.58686e+14	1.26e-21	8.87e-16	7.38e-11	8.26e-07	7.70e-04	9.99e-01	0.00e+00	0.00e+00
 2.67455e+14	1.74e-21	1.15e-15	9.00e-11	9.43e-07	8.23e-04	9.99e-01	0.00e+00	0.00e+00
 2.77022e+14	2.45e-21	1.52e-15	1.11e-10	1.09e-06	8.85e-04	9.99e-01	0.00e+00	0.00e+00
 2.87650e+14	3.52e-21	2.03e-15	1.38e-10	1.26e-06	9.56e-04	9.99e-01	0.00e+00	0.00e+00
 2.97566e+14	4.88e-21	2.65e-15	1.69e-10	1.45e-06	1.02e-03	9.99e-01	0.00e+00	0.00e+00
 3.08322e+14	6.87e-21	3.49e-15	2.09e-10	1.67e-06	1.10e-03	9.99e-01	0.00e+00	0.00e+00
 3.20358e+14	9.89e-21	4.69e-15	2.62e-10	1.94e-06	1.19e-03	9.99e-01	0.00e+00	0.00e+00
 3.31804e+14	1.39e-20	6.16e-15	3.22e-10	2.24e-06	1.28e-03	9.99e-01	0.00e+00	0.00e+00
 3.44036e+14	1.95e-20	8.11e-15	3.98e-10	2.59e-06	1.38e-03	9.99e-01	0.00e+00	0.00e+00
 3.57827e+14	2.85e-20	1.10e-14	5.03e-10	3.03e-06	1.50e-03	9.98e-01	0.00e+00	0.00e+00
 3.71435e+14	4.04e-20	1.47e-14	6.26e-10	3.52e-06	1.62e-03	9.98e-01	0.00e+00	0.00e+00
 3.85587e+14	5.74e-20	1.95e-14	7.80e-10	4.09e-06	1.75e-03	9.98e-01	0.00e+00	0.00e+00
 4.00589e+14	8.18e-20	2.60e-14	9.76e-10	4.77e-06	1.90e-03	9.98e-01	0.00e+00	0.00e+00
 4.13139e+14	1.09e-19	3.29e-14	1.17e-09	5.40e-06	2.03e-03	9.98e-01	0.00e+00	0.00e+00
 4.22821e+14	1.35e-19	3.92e-14	1.34e-09	5.92e-06	2.13e-03	9.98e-01	0.00e+00	0.00e+00
 4.33303e+14	1.69e-19	4.71e-14	1.55e-09	6.53e-06	2.24e-03	9.98e-01	0.00e+00	0.00e+00
 4.46930e+14	2.25e-19	5.94e-14	1.85e-09	7.40e-06	2.40e-03	9.98e-01	0.00e+00	0.00e+00
 4.61732e+14	3.02e-19	7.58e-14	2.24e-09	8.44e-06	2.57e-03	9.97e-01	0.00e+00	0.00e+00
 4.75116e+14	3.91e-19	9.37e-14	2.64e-09	9.47e-06	2.74e-03	9.97e-01	0.00e+00	0.00e+00
 4.89572e+14	5.11e-19	1.17e-13	3.15e-09	1.07e-05	2.92e-03	9.97e-01	0.00e+00	0.00e+00
 5.07712e+14	7.08e-19	1.53e-13	3.89e-09	1.24e-05	3.16e-03	9.97e-01	0.00e+00	0.00e+00
 5.25962e+14	9.69e-19	1.98e-13	4.78e-09	1.43e-05	3.41e-03	9.97e-01	0.00e+00	0.00e+00
 5.41501e+14	1.25e-18	2.45e-13	5.66e-09	1.61e-05	3.64e-03	9.96e-01	0.00e+00	0.00e+00
 5.58197e+14	1.63e-18	3.05e-13	6.74e-09	1.82e-05	3.89e-03	9.96e-01	0.00e+00	0.00e+00
 5.79002e+14	2.24e-18	3.98e-13	8.33e-09	2.10e-05	4.22e-03	9.96e-01	0.00e+00	0.00e+00
 6.00450e+14	3.07e-18	5.18e-13	1.03e-08	2.44e-05	4.57e-03	9.95e-01	0.00e+00	0.00e+00
 6.19557e+14	4.02e-18	6.49e-13	1.23e-08	2.77e-05	4.90e-03	9.95e-01	0.00e+00	0.00e+00
 6.40319e+14	5.31e-18	8.20e-13	1.49e-08	3.16e-05	5.28e-03	9.95e-01	0.00e+00	0.00e+00
 6.65110e+14	7.36e-18	1.08e-12	1.86e-08	3.68e-05	5.75e-03	9.94e-01	0.00e+00	0.00e+00
 6.89533e+14	9.98e-18	1.39e-12	2.29e-08	4.26e-05	6.24e-03	9.94e-01	0.00e+00	0.00e+00
 7.11470e+14	1.30e-17	1.74e-12	2.74e-08	4.83e-05	6.69e-03	9.93e-01	0.00e+00	0.00e+00
 7.35780e+14	1.72e-17	2.21e-12	3.33e-08	5.53e-05	7.22e-03	9.93e-01	0.00e+00	0.00e+00
 7.64526e+14	2.37e-17	2.90e-12	4.16e-08	6.46e-05	7.88e-03	9.92e-01	0.00e+00	0.00e+00
 7.92951e+14	3.22e-17	3.75e-12	5.14e-08	7.48e-05	8.56e-03	9.91e-01	0.00e+00	0.00e+00
 8.19182e+14	4.22e-17	4.72e-12	6.21e-08	8.52e-05	9.21e-03	9.91e-01	0.00e+00	0.00e+00
 8.48649e+14	5.67e-17	6.06e-12	7.62e-08	9.83e-05	9.98e-03	9.90e-01	0.00e+00	0.00e+00
 8.82624e+14	7.85e-17	8.00e-12	9.58e-08	1.15e-04	1.09e-02	9.89e-01	0.00e+00	0.00e+00
 9.15837e+14	1.07e-16	1.04e-11	1.19e-07	1.33e-04	1.19e-02	9.88e-01	0.00e+00	0.00e+00
 9.50377e+14	1.73e-16	1.35e-11	1.48e-07	1.55e-04	1.29e-02	9.87e-01	0.00e+00	0.00e+00
 9.88422e+14	2.42e-16	1.79e-11	1.86e-07	1.81e-04	1.41e-02	9.86e-01	0.00e+00	0.00e+00
 1.02057e+15	3.18e-16	2.25e-11	2.24e-07	2.06e-04	1.52e-02	9.85e-01	0.00e+00	0.00e+00
 1.04401e+15	3.81e-16	2.64e-11	2.56e-07	2.26e-04	1.60e-02	9.84e-01	0.00e+00	0.00e+00
 1.06859e+15	4.65e-16	3.12e-11	2.94e-07	2.48e-04	1.68e-02	9.83e-01	0.00e+00	0.00e+00
 1.10055e+15	5.97e-16	3.86e-11	3.50e-07	2.79e-04	1.80e-02	9.82e-01	0.00e+00	0.00e+00
 1.13583e+15	7.84e-16	4.84e-11	4.22e-07	3.17e-04	1.93e-02	9.80e-01	0.00e+00	0.00e+00
 1.16851e+15	9.98e-16	5.94e-11	4.99e-07	3.55e-04	2.06e-02	9.79e-01	0.00e+00	0.00e+00
 1.20407e+15	1.29e-15	7.38e-11	5.96e-07	4.00e-04	2.21e-02	9.78e-01	0.00e+00	0.00e+00
 1.24404e+15	1.71e-15	9.36e-11	7.25e-07	4.56e-04	2.37e-02	9.76e-01	0.00e+00	0.00e+00
 1.28208e+15	2.22e-15	1.16e-10	8.66e-07	5.15e-04	2.54e-02	9.74e-01	0.00e+00	0.00e+00
 1.32386e+15	2.93e-15	1.47e-10	1.05e-06	5.85e-04	2.73e-02	9.72e-01	0.00e+00	0.00e+00
 1.37061e+15	3.97e-15	1.90e-10	1.29e-06	6.73e-04	2.95e-02	9.70e-01	0.00e+00	0.00e+00
 1.41489e+15	5.23e-15	2.40e-10	1.56e-06	7.64e-04	3.17e-02	9.68e-01	0.00e+00	0.00e+00
 1.46354e+15	7.04e-15	3.08e-10	1.92e-06	8.75e-04	3.41e-02	9.65e-01	0.00e+00	0.00e+00
 1.51824e+15	9.74e-15	4.05e-10	2.39e-06	1.01e-03	3.71e-02	9.62e-01	0.00e+00	0.00e+00
 1.57002e+15	1.31e-14	5.19e-10	2.93e-06	1.16e-03	3.99e-02	9.59e-01	0.00e+00	0.00e+00
 1.62651e+15	1.79e-14	6.76e-10	3.63e-06	1.34e-03	4.31e-02	9.56e-01	0.00e+00	0.00e+00
 1.68930e+15	2.51e-14	8.99e-10	4.57e-06	1.56e-03	4.69e-02	9.52e-01	0.00e+00	0.00e+00
 1.74792e+15	3.39e-14	1.16e-09	5.61e-06	1.78e-03	5.05e-02	9.48e-01	0.00e+00	0.00e+00
 1.81117e+15	4.67e-14	1.52e-09	6.96e-06	2.06e-03	5.46e-02	9.43e-01	0.00e+00	0.00e+00
 1.88203e+15	6.59e-14	2.03e-09	8.79e-06	2.40e-03	5.93e-02	9.38e-01	0.00e+00	0.00e+00
 1.95008e+15	9.09e-14	2.66e-09	1.09e-05	2.77e-03	6.41e-02	9.33e-01	0.00e+00	0.00e+00
 2.02248e+15	1.26e-13	3.51e-09	1.36e-05	3.20e-03	6.93e-02	9.27e-01	0.00e+00	0.00e+00
 2.10341e+15	1.80e-13	4.73e-09	1.73e-05	3.75e-03	7.54e-02	9.21e-01	0.00e+00	0.00e+00
 2.17136e+15	2.40e-13	6.04e-09	2.10e-05	4.26e-03	8.07e-02	9.15e-01	0.00e+00	0.00e+00
 2.22006e+15	2.94e-13	7.15e-09	2.41e-05	4.65e-03	8.46e-02	9.11e-01	0.00e+00	0.00e+00
 2.27065e+15	3.61e-13	8.50e-09	2.76e-05	5.09e-03	8.87e-02	9.06e-01	0.00e+00	0.00e+00
 2.33643e+15	4.68e-13	1.06e-08	3.29e-05	5.70e-03	9.42e-02	9.00e-01	0.00e+00	0.00e+00
 2.40989e+15	6.20e-13	1.34e-08	3.97e-05	6.45e-03	1.00e-01	8.93e-01	0.00e+00	0.00e+00
 2.47879e+15	8.03e-13	1.67e-08	4.72e-05	7.21e-03	1.06e-01	8.86e-01	0.00e+00	0.00e+00
 2.55383e+15	1.06e-12	2.10e-08	5.66e-05	8.12e-03	1.13e-01	8.79e-01	0.00e+00	0.00e+00
 2.63766e+15	1.42e-12	2.69e-08	6.89e-05	9.24e-03	1.21e-01	8.70e-01	0.00e+00	0.00e+00
 2.71640e+15	1.85e-12	3.37e-08	8.23e-05	1.04e-02	1.28e-01	8.61e-01	0.00e+00	0.00e+00
 2.80226e+15	2.46e-12	4.28e-08	9.95e-05	1.17e-02	1.37e-01	8.51e-01	0.00e+00	0.00e+00
 2.89867e+15	3.35e-12	5.54e-08	1.22e-04	1.34e-02	1.46e-01	8.40e-01	0.00e+00	0.00e+00
 2.99047e+15	4.45e-12	7.03e-08	1.47e-04	1.51e-02	1.55e-01	8.29e-01	0.00e+00	0.00e+00
 3.09145e+15	6.03e-12	9.08e-08	1.80e-04	1.72e-02	1.66e-01	8.17e-01	0.00e+00	0.00e+00
 3.20318e+15	8.34e-12	1.19e-07	2.23e-04	1.98e-02	1.77e-01	8.03e-01	0.00e+00	0.00e+00
 3.30668e+15	1.12e-11	1.52e-07	2.70e-04	2.23e-02	1.88e-01	7.89e-01	0.00e+00	0.00e+00
 3.41903e+15	1.52e-11	1.97e-07	3.31e-04	2.54e-02	2.01e-01	7.74e-01	0.00e+00	0.00e+00
 3.54382e+15	2.11e-11	2.60e-07	4.10e-04	2.91e-02	2.14e-01	7.56e-01	0.00e+00	0.00e+00
 3.65996e+15	2.83e-11	3.32e-07	4.96e-04	3.29e-02	2.27e-01	7.40e-01	0.00e+00	0.00e+00
 3.78614e+15	3.87e-11	4.31e-07	6.08e-04	3.74e-02	2.41e-01	7.21e-01	0.00e+00	0.00e+00
 3.92603e+15	5.38e-11	5.68e-07	7.53e-04	4.28e-02	2.56e-01	7.01e-01	0.00e+00	0.00e+00
 4.05203e+15	7.15e-11	7.21e-07	9.06e-04	4.81e-02	2.69e-01	6.82e-01	0.00e+00	0.00e+00
 4.15556e+15	8.95e-11	8.72e-07	1.05e-03	5.28e-02	2.80e-01	6.66e-01	0.00e+00	0.00e+00
 4.26156e+15	1.13e-10	1.06e-06	1.22e-03	5.78e-02	2.92e-01	6.49e-01	0.00e+00	0.00e+00
 4.39937e+15	1.51e-10	1.35e-06	1.47e-03	6.49e-02	3.06e-01	6.28e-01	0.00e+00	0.00e+00
 4.53803e+15	1.98e-10	1.69e-06	1.75e-03	7.24e-02	3.20e-01	6.06e-01	0.00e+00	0.00e+00
 4.65112e+15	2.47e-10	2.03e-06	2.02e-03	7.89e-02	3.31e-01	5.88e-01	0.00e+00	0.00e+00
 4.77144e+15	3.12e-10	2.46e-06	2.33e-03	8.62e-02	3.42e-01	5.69e-01	0.00e+00	0.00e+00
 4.92786e+15	4.18e-10	3.14e-06	2.81e-03	9.64e-02	3.57e-01	5.44e-01	0.00e+00	0.00e+00
 5.08737e+15	5.51e-10	3.95e-06	3.36e-03	1.07e-01	3.71e-01	5.19e-01	0.00e+00	0.00e+00
 5.22166e+15	6.91e-10	4.77e-06	3.88e-03	1.17e-01	3.81e-01	4.98e-01	0.00e+00	0.00e+00
 5.36700e+15	8.84e-10	5.84e-06	4.52e-03	1.28e-01	3.92e-01	4.75e-01	0.00e+00	0.00e+00
 5.55593e+15	1.21e-09	7.55e-06	5.49e-03	1.43e-01	4.05e-01	4.46e-01	0.00e+00	0.00e+00
 5.74447e+15	1.60e-09	9.53e-06	6.57e-03	1.58e-01	4.17e-01	4.18e-01	0.00e+00	0.00e+00
 5.89306e+15	1.99e-09	1.14e-05	7.53e-03	1.71e-01	4.24e-01	3.97e-01	0.00e+00	0.00e+00
 6.04677e+15	2.50e-09	1.37e-05	8.68e-03	1.85e-01	4.32e-01	3.75e-01	0.00e+00	0.00e+00
 6.24660e+15	3.34e-09	1.74e-05	1.04e-02	2.04e-01	4.39e-01	3.47e-01	0.00e+00	0.00e+00
 6.45133e+15	4.38e-09	2.17e-05	1.23e-02	2.23e-01	4.45e-01	3.20e-01	0.00e+00	0.00e+00
 6.61957e+15	5.43e-09	2.59e-05	1.40e-02	2.40e-01	4.48e-01	2.98e-01	0.00e+00	0.00e+00
 6.79540e+15	6.87e-09	3.13e-05	1.62e-02	2.58e-01	4.50e-01	2.76e-01	0.00e+00	0.00e+00
 6.98367e+15	8.63e-09	3.77e-05	1.86e-02	2.77e-01	4.50e-01	2.55e-01	0.00e+00	0.00e+00
 7.15010e+15	1.05e-08	4.43e-05	2.10e-02	2.94e-01	4.49e-01	2.36e-01	0.00e+00	0.00e+00
 7.30067e+15	1.26e-08	5.12e-05	2.35e-02	3.10e-01	4.47e-01	2.20e-01	0.00e+00	0.00e+00
 7.46862e+15	1.55e-08	6.04e-05	2.65e-02	3.28e-01	4.43e-01	2.03e-01	0.00e+00	0.00e+00
 7.65435e+15	1.92e-08	7.19e-05	3.01e-02	3.47e-01	4.38e-01	1.84e-01	0.00e+00	0.00e+00
 7.82521e+15	2.32e-08	8.37e-05	3.38e-02	3.65e-01	4.32e-01	1.69e-01	0.00e+00	0.00e+00
 7.98460e+15	2.77e-08	9.64e-05	3.76e-02	3.82e-01	4.25e-01	1.55e-01	0.00e+00	0.00e+00
 8.16709e+15	3.45e-08	1.15e-04	4.25e-02	4.02e-01	4.16e-01	1.40e-01	0.00e+00	0.00e+00
 8.36112e+15	4.23e-08	1.35e-04	4.81e-02	4.21e-01	4.05e-01	1.25e-01	0.00e+00	0.00e+00
 8.53157e+15	5.12e-08	1.57e-04	5.36e-02	4.39e-01	3.94e-01	1.13e-01	0.00e+00	0.00e+00
 8.68927e+15	6.09e-08	1.80e-04	5.92e-02	4.54e-01	3.83e-01	1.03e-01	0.00e+00	0.00e+00
 8.86897e+15	7.47e-08	2.11e-04	6.64e-02	4.72e-01	3.70e-01	9.14e-02	0.00e+00	0.00e+00
 9.06172e+15	9.28e-08	2.50e-04	7.49e-02	4.90e-01	3.55e-01	8.02e-02	0.00e+00	0.00e+00
 9.22843e+15	1.10e-07	2.86e-04	8.29e-02	5.05e-01	3.41e-01	7.16e-02	0.00e+00	0.00e+00
 9.37927e+15	1.31e-07	3.27e-04	9.11e-02	5.18e-01	3.27e-01	6.40e-02	0.00e+00	0.00e+00
 9.55242e+15	1.63e-07	3.87e-04	1.02e-01	5.32e-01	3.10e-01	5.56e-02	0.00e+00	0.00e+00
 9.73264e+15	1.98e-07	4.50e-04	1.14e-01	5.45e-01	2.93e-01	4.83e-02	0.00e+00	0.00e+00
 9.88572e+15	2.37e-07	5.17e-04	1.25e-01	5.55e-01	2.77e-01	4.23e-02	0.00e+00	0.00e+00
 1.00244e+16	2.81e-07	5.90e-04	1.37e-01	5.63e-01	2.63e-01	3.73e-02	0.00e+00	0.00e+00
 1.01808e+16	3.45e-07	6.88e-04	1.51e-01	5.71e-01	2.45e-01	3.19e-02	0.00e+00	0.00e+00
 1.03411e+16	4.26e-07	8.08e-04	1.68e-01	5.77e-01	2.27e-01	2.70e-02	0.00e+00	0.00e+00
 1.04657e+16	4.99e-07	9.11e-04	1.81e-01	5.81e-01	2.13e-01	2.36e-02	0.00e+00	0.00e+00
 1.05700e+16	5.70e-07	1.01e-03	1.94e-01	5.83e-01	2.01e-01	2.09e-02	0.00e+00	0.00e+00
 1.06888e+16	6.55e-07	1.13e-03	2.10e-01	5.84e-01	1.87e-01	1.81e-02	0.00e+00	0.00e+00
 1.08432e+16	8.55e-07	1.37e-03	2.33e-01	5.83e-01	1.68e-01	1.45e-02	0.00e+00	0.00e+00
 1.09668e+16	1.03e-06	1.57e-03	2.53e-01	5.80e-01	1.53e-01	1.21e-02	0.00e+00	0.00e+00
 1.10249e+16	1.11e-06	1.67e-03	2.63e-01	5.79e-01	1.46e-01	1.11e-02	0.00e+00	0.00e+00
 1.10746e+16	1.21e-06	1.78e-03	2.72e-01	5.76e-01	1.40e-01	1.02e-02	0.00e+00	0.00e+00
 1.11393e+16	1.31e-06	1.89e-03	2.83e-01	5.74e-01	1.32e-01	9.16e-03	0.00e+00	0.00e+00
 1.12234e+16	1.57e-06	2.15e-03	3.01e-01	5.68e-01	1.21e-01	7.73e-03	0.00e+00	0.00e+00
 1.13010e+16	1.76e-06	2.34e-03	3.16e-01	5.63e-01	1.12e-01	6.70e-03	0.00e+00	0.00e+00
 1.13586e+16	1.91e-06	2.49e-03	3.28e-01	5.58e-01	1.05e-01	5.97e-03	0.00e+00	0.00e+00
 1.14219e+16	2.14e-06	2.70e-03	3.43e-01	5.53e-01	9.70e-02	5.18e-03	0.00e+00	0.00e+00
 1.14914e+16	2.51e-06	3.02e-03	3.59e-01	5.45e-01	8.84e-02	4.35e-03	0.00e+00	0.00e+00
 1.15494e+16	2.72e-06	3.21e-03	3.72e-01	5.39e-01	8.20e-02	3.80e-03	0.00e+00	0.00e+00
 1.16051e+16	3.13e-06	3.55e-03	3.87e-01	5.31e-01	7.51e-02	3.23e-03	0.00e+00	0.00e+00
 1.16625e+16	3.41e-06	3.78e-03	4.01e-01	5.24e-01	6.90e-02	2.78e-03	0.00e+00	0.00e+00
 1.17224e+16	3.98e-06	4.21e-03	4.17e-01	5.14e-01	6.20e-02	2.28e-03	0.00e+00	0.00e+00
 1.17817e+16	4.48e-06	4.58e-03	4.32e-01	5.05e-01	5.60e-02	1.90e-03	0.00e+00	0.00e+00
 1.18307e+16	4.98e-06	4.94e-03	4.45e-01	4.97e-01	5.10e-02	1.60e-03	0.00e+00	0.00e+00
 1.18848e+16	5.63e-06	5.39e-03	4.60e-01	4.88e-01	4.56e-02	1.31e-03	0.00e+00	0.00e+00
 1.19439e+16	6.43e-06	5.92e-03	4.76e-01	4.77e-01	4.02e-02	1.04e-03	0.00e+00	0.00e+00
 1.19971e+16	7.21e-06	6.42e-03	4.89e-01	4.68e-01	3.57e-02	8.43e-04	0.00e+00	0.00e+00
 1.20538e+16	8.27e-06	7.06e-03	5.05e-01	4.56e-01	3.10e-02	6.55e-04	0.00e+00	0.00e+00
 1.21148e+16	9.45e-06	7.75e-03	5.20e-01	4.45e-01	2.67e-02	5.00e-04	0.00e+00	0.00e+00
 1.21703e+16	1.07e-05	8.48e-03	5.34e-01	4.34e-01	2.31e-02	3.85e-04	0.00e+00	0.00e+00
 1.22316e+16	1.24e-05	9.37e-03	5.50e-01	4.21e-01	1.94e-02	2.83e-04	0.00e+00	0.00e+00
 1.22994e+16	1.44e-05	1.04e-02	5.66e-01	4.07e-01	1.60e-02	2.00e-04	0.00e+00	0.00e+00
 1.23643e+16	1.68e-05	1.15e-02	5.81e-01	3.94e-01	1.32e-02	1.42e-04	0.00e+00	0.00e+00
 1.24167e+16	1.88e-05	1.25e-02	5.92e-01	3.84e-01	1.14e-02	1.08e-04	0.00e+00	0.00e+00
 1.24562e+16	2.06e-05	1.33e-02	6.01e-01	3.76e-01	1.01e-02	8.68e-05	0.00e+00	0.00e+00
 1.24994e+16	2.27e-05	1.42e-02	6.10e-01	3.67e-01	8.80e-03	6.78e-05	0.00e+00	0.00e+00
 1.25555e+16	2.58e-05	1.55e-02	6.22e-01	3.55e-01	7.36e-03	4.90e-05	0.00e+00	0.00e+00
 1.26155e+16	2.95e-05	1.70e-02	6.34e-01	3.43e-01	6.10e-03	3.49e-05	0.00e+00	0.00e+00
 1.26687e+16	3.30e-05	1.83e-02	6.44e-01	3.33e-01	5.18e-03	2.59e-05	0.00e+00	0.00e+00
 1.27262e+16	3.76e-05	2.00e-02	6.54e-01	3.21e-01	4.29e-03	1.85e-05	0.00e+00	0.00e+00
 1.27888e+16	4.31e-05	2.19e-02	6.66e-01	3.09e-01	3.53e-03	1.29e-05	0.00e+00	0.00e+00
 1.28448e+16	4.88e-05	2.38e-02	6.75e-01	2.98e-01	2.96e-03	9.41e-06	0.00e+00	0.00e+00
 1.28961e+16	5.47e-05	2.57e-02	6.84e-01	2.88e-01	2.51e-03	7.00e-06	0.00e+00	0.00e+00
 1.29546e+16	6.24e-05	2.81e-02	6.94e-01	2.76e-01	2.08e-03	4.96e-06	0.00e+00	0.00e+00
 1.30185e+16	7.19e-05	3.09e-02	7.03e-01	2.64e-01	1.70e-03	3.45e-06	0.00e+00	0.00e+00
 1.30756e+16	8.19e-05	3.37e-02	7.12e-01	2.53e-01	1.42e-03	2.50e-06	0.00e+00	0.00e+00
 1.31273e+16	9.23e-05	3.64e-02	7.20e-01	2.43e-01	1.21e-03	1.85e-06	0.00e+00	0.00e+00
 1.31859e+16	1.06e-04	3.99e-02	7.28e-01	2.31e-01	9.96e-04	1.31e-06	0.00e+00	0.00e+00
 1.32493e+16	1.23e-04	4.40e-02	7.36e-01	2.19e-01	8.14e-04	9.15e-07	0.00e+00	0.00e+00
 1.33044e+16	1.40e-04	4.81e-02	7.43e-01	2.08e-01	6.82e-04	0.00e+00	0.00e+00	0.00e+00
 1.33528e+16	1.58e-04	5.20e-02	7.48e-01	1.99e-01	5.83e-04	0.00e+00	0.00e+00	0.00e+00
 1.34067e+16	1.80e-04	5.68e-02	7.54e-01	1.88e-01	4.86e-04	0.00e+00	0.00e+00	0.00e+00
 1.34661e+16	2.09e-04	6.27e-02	7.60e-01	1.77e-01	3.99e-04	0.00e+00	0.00e+00	0.00e+00
 1.35191e+16	2.41e-04	6.87e-02	7.64e-01	1.67e-01	3.34e-04	0.00e+00	0.00e+00	0.00e+00
 1.35653e+16	2.72e-04	7.45e-02	7.67e-01	1.58e-01	2.85e-04	0.00e+00	0.00e+00	0.00e+00
 1.36161e+16	3.12e-04	8.15e-02	7.70e-01	1.48e-01	2.37e-04	0.00e+00	0.00e+00	0.00e+00
 1.36716e+16	3.64e-04	9.01e-02	7.71e-01	1.38e-01	1.95e-04	0.00e+00	0.00e+00	0.00e+00
 1.37205e+16	4.19e-04	9.87e-02	7.72e-01	1.29e-01	1.63e-04	0.00e+00	0.00e+00	0.00e+00
 1.37638e+16	4.75e-04	1.07e-01	7.71e-01	1.21e-01	1.39e-04	0.00e+00	0.00e+00	0.00e+00
 1.38121e+16	5.48e-04	1.17e-01	7.70e-01	1.12e-01	1.15e-04	0.00e+00	0.00e+00	0.00e+00
 1.38648e+16	6.43e-04	1.30e-01	7.66e-01	1.03e-01	9.31e-05	0.00e+00	0.00e+00	0.00e+00
 1.39111e+16	7.44e-04	1.43e-01	7.61e-01	9.49e-02	7.71e-05	0.00e+00	0.00e+00	0.00e+00
 1.39515e+16	8.47e-04	1.55e-01	7.56e-01	8.80e-02	6.50e-05	0.00e+00	0.00e+00	0.00e+00
 1.39961e+16	9.78e-04	1.70e-01	7.48e-01	8.05e-02	5.33e-05	0.00e+00	0.00e+00	0.00e+00
 1.40456e+16	1.15e-03	1.89e-01	7.37e-01	7.23e-02	4.25e-05	0.00e+00	0.00e+00	0.00e+00
 1.40904e+16	1.35e-03	2.09e-01	7.25e-01	6.51e-02	3.44e-05	0.00e+00	0.00e+00	0.00e+00
 1.41297e+16	1.55e-03	2.28e-01	7.12e-01	5.91e-02	2.83e-05	0.00e+00	0.00e+00	0.00e+00
 1.41734e+16	1.82e-03	2.51e-01	6.95e-01	5.25e-02	2.25e-05	0.00e+00	0.00e+00	0.00e+00
 1.42222e+16	2.18e-03	2.80e-01	6.73e-01	4.56e-02	1.72e-05	0.00e+00	0.00e+00	0.00e+00
 1.42673e+16	2.59e-03	3.10e-01	6.48e-01	3.93e-02	1.32e-05	0.00e+00	0.00e+00	0.00e+00
 1.43081e+16	3.04e-03	3.41e-01	6.22e-01	3.41e-02	1.02e-05	0.00e+00	0.00e+00	0.00e+00
 1.43537e+16	3.65e-03	3.78e-01	5.89e-01	2.86e-02	7.52e-06	0.00e+00	0.00e+00	0.00e+00
 1.44034e+16	4.48e-03	4.24e-01	5.48e-01	2.30e-02	5.25e-06	0.00e+00	0.00e+00	0.00e+00
 1.44463e+16	5.39e-03	4.69e-01	5.07e-01	1.86e-02	3.73e-06	0.00e+00	0.00e+00	0.00e+00
 1.44820e+16	6.29e-03	5.08e-01	4.70e-01	1.53e-02	2.73e-06	0.00e+00	0.00e+00	0.00e+00
 1.45205e+16	7.43e-03	5.52e-01	4.28e-01	1.21e-02	1.91e-06	0.00e+00	0.00e+00	0.00e+00
 1.45602e+16	8.86e-03	6.01e-01	3.81e-01	9.23e-03	1.27e-06	0.00e+00	0.00e+00	0.00e+00
 1.45913e+16	1.02e-02	6.41e-01	3.42e-01	7.26e-03	8.93e-07	0.00e+00	0.00e+00	0.00e+00
 1.46162e+16	1.15e-02	6.72e-01	3.10e-01	5.89e-03	0.00e+00	0.00e+00	0.00e+00	0.00e+00
 1.46432e+16	1.30e-02	7.06e-01	2.77e-01	4.61e-03	0.00e+00	0.00e+00	0.00e+00	0.00e+00
 1.46733e+16	1.50e-02	7.42e-01	2.39e-01	3.42e-03	0.00e+00	0.00e+00	0.00e+00	0.00e+00
 1.47004e+16	1.72e-02	7.75e-01	2.05e-01	2.53e-03	0.00e+00	0.00e+00	0.00e+00	0.00e+00
 1.47228e+16	1.92e-02	8.00e-01	1.78e-01	1.92e-03	0.00e+00	0.00e+00	0.00e+00	0.00e+00
 1.47431e+16	2.13e-02	8.21e-01	1.56e-01	1.48e-03	0.00e+00	0.00e+00	0.00e+00	0.00e+00
 1.47662e+16	2.39e-02	8.43e-01	1.32e-01	1.08e-03	0.00e+00	0.00e+00	0.00e+00	0.00e+00
 1.47913e+16	2.72e-02	8.64e-01	1.08e-01	7.40e-04	0.00e+00	0.00e+00	0.00e+00	0.00e+00
 1.48128e+16	3.05e-02	8.80e-01	8.90e-02	5.18e-04	0.00e+00	0.00e+00	0.00e+00	0.00e+00
 1.48305e+16	3.37e-02	8.91e-01	7.50e-02	3.78e-04	0.00e+00	0.00e+00	0.00e+00	0.00e+00
 1.48494e+16	3.74e-02	9.00e-01	6.20e-02	2.67e-04	0.00e+00	0.00e+00	0.00e+00	0.00e+00
 1.48706e+16	4.22e-02	9.08e-01	4.92e-02	1.75e-04	0.00e+00	0.00e+00	0.00e+00	0.00e+00
 1.48897e+16	4.72e-02	9.14e-01	3.91e-02	1.16e-04	0.00e+00	0.00e+00	0.00e+00	0.00e+00
 1.49058e+16	5.21e-02	9.16e-01	3.19e-02	8.07e-05	0.00e+00	0.00e+00	0.00e+00	0.00e+00
 1.49230e+16	5.79e-02	9.17e-01	2.54e-02	5.35e-05	0.00e+00	0.00e+00	0.00e+00	0.00e+00
 1.49415e+16	6.50e-02	9.15e-01	1.96e-02	3.36e-05	0.00e+00	0.00e+00	0.00e+00	0.00e+00
 1.49572e+16	7.21e-02	9.13e-01	1.54e-02	2.21e-05	0.00e+00	0.00e+00	0.00e+00	0.00e+00
 1.49701e+16	7.84e-02	9.09e-01	1.26e-02	1.53e-05	0.00e+00	0.00e+00	0.00e+00	0.00e+00
 1.49828e+16	8.51e-02	9.05e-01	1.02e-02	1.06e-05	0.00e+00	0.00e+00	0.00e+00	0.00e+00
 1.49955e+16	9.26e-02	8.99e-01	8.23e-03	7.24e-06	0.00e+00	0.00e+00	0.00e+00	0.00e+00
 1.50071e+16	1.00e-01	8.93e-01	6.70e-03	5.04e-06	0.00e+00	0.00e+00	0.00e+00	0.00e+00
 1.50177e+16	1.07e-01	8.87e-01	5.53e-03	3.58e-06	0.00e+00	0.00e+00	0.00e+00	0.00e+00
 1.50275e+16	1.15e-01	8.81e-01	4.59e-03	2.59e-06	0.00e+00	0.00e+00	0.00e+00	0.00e+00
 1.50366e+16	1.22e-01	8.75e-01	3.86e-03	1.90e-06	0.00e+00	0.00e+00	0.00e+00	0.00e+00
 1.50451e+16	1.29e-01	8.68e-01	3.27e-03	1.42e-06	0.00e+00	0.00e+00	0.00e+00	0.00e+00
 1.50517e+16	1.34e-01	8.63e-01	2.87e-03	1.13e-06	0.00e+00	0.00e+00	0.00e+00	0.00e+00
 1.50561e+16	1.38e-01	8.59e-01	2.63e-03	9.65e-07	0.00e+00	0.00e+00	0.00e+00	0.00e+00
 1.50602e+16	1.42e-01	8.56e-01	2.42e-03	0.00e+00	0.00e+00	0.00e+00	0.00e+00	0.00e+00
 1.50649e+16	1.47e-01	8.51e-01	2.19e-03	0.00e+00	0.00e+00	0.00e+00	0.00e+00	0.00e+00
 1.50701e+16	1.52e-01	8.46e-01	1.96e-03	0.00e+00	0.00e+00	0.00e+00	0.00e+00	0.00e+00
 1.50752e+16	1.57e-01	8.42e-01	1.76e-03	0.00e+00	0.00e+00	0.00e+00	0.00e+00	0.00e+00
 1.50799e+16	1.61e-01	8.37e-01	1.60e-03	0.00e+00	0.00e+00	0.00e+00	0.00e+00	0.00e+00
 1.50845e+16	1.66e-01	8.32e-01	1.44e-03	0.00e+00	0.00e+00	0.00e+00	0.00e+00	0.00e+00
 1.50892e+16	1.71e-01	8.27e-01	1.30e-03	0.00e+00	0.00e+00	0.00e+00	0.00e+00	0.00e+00
 1.50938e+16	1.77e-01	8.22e-01	1.18e-03	0.00e+00	0.00e+00	0.00e+00	0.00e+00	0.00e+00
 1.50984e+16	1.82e-01	8.17e-01	1.06e-03	0.00e+00	0.00e+00	0.00e+00	0.00e+00	0.00e+00
 1.51030e+16	1.87e-01	8.12e-01	9.57e-04	0.00e+00	0.00e+00	0.00e+00	0.00e+00	0.00e+00
 1.51075e+16	1.93e-01	8.07e-01	8.63e-04	0.00e+00	0.00e+00	0.00e+00	0.00e+00	0.00e+00
 1.51120e+16	1.98e-01	8.01e-01	7.78e-04	0.00e+00	0.00e+00	0.00e+00	0.00e+00	0.00e+00
 1.51164e+16	2.04e-01	7.96e-01	7.02e-04	0.00e+00	0.00e+00	0.00e+00	0.00e+00	0.00e+00
 1.51208e+16	2.10e-01	7.90e-01	6.32e-04	0.00e+00	0.00e+00	0.00e+00	0.00e+00	0.00e+00
 1.51252e+16	2.16e-01	7.84e-01	5.69e-04	0.00e+00	0.00e+00	0.00e+00	0.00e+00	0.00e+00
 1.51296e+16	2.22e-01	7.78e-01	5.13e-04	0.00e+00	0.00e+00	0.00e+00	0.00e+00	0.00e+00
 1.51338e+16	2.28e-01	7.72e-01	4.63e-04	0.00e+00	0.00e+00	0.00e+00	0.00e+00	0.00e+00
 1.51381e+16	2.34e-01	7.65e-01	4.16e-04	0.00e+00	0.00e+00	0.00e+00	0.00e+00	0.00e+00
 1.51424e+16	2.41e-01	7.59e-01	3.75e-04	0.00e+00	0.00e+00	0.00e+00	0.00e+00	0.00e+00
 1.51466e+16	2.48e-01	7.52e-01	3.37e-04	0.00e+00	0.00e+00	0.00e+00	0.00e+00	0.00e+00
 1.51509e+16	2.55e-01	7.45e-01	3.03e-04	0.00e+00	0.00e+00	0.00e+00	0.00e+00	0.00e+00
 1.51551e+16	2.63e-01	7.37e-01	2.72e-04	0.00e+00	0.00e+00	0.00e+00	0.00e+00	0.00e+00
 1.51593e+16	2.70e-01	7.30e-01	2.44e-04	0.00e+00	0.00e+00	0.00e+00	0.00e+00	0.00e+00
 1.51634e+16	2.78e-01	7.22e-01	2.19e-04	0.00e+00	0.00e+00	0.00e+00	0.00e+00	0.00e+00
 1.51675e+16	2.86e-01	7.13e-01	1.97e-04	0.00e+00	0.00e+00	0.00e+00	0.00e+00	0.00e+00
 1.51716e+16	2.95e-01	7.05e-01	1.77e-04	0.00e+00	0.00e+00	0.00e+00	0.00e+00	0.00e+00
 1.51757e+16	3.04e-01	6.96e-01	1.59e-04	0.00e+00	0.00e+00	0.00e+00	0.00e+00	0.00e+00
 1.51797e+16	3.14e-01	6.86e-01	1.42e-04	0.00e+00	0.00e+00	0.00e+00	0.00e+00	0.00e+00
 1.51836e+16	3.23e-01	6.77e-01	1.28e-04	0.00e+00	0.00e+00	0.00e+00	0.00e+00	0.00e+00
 1.51875e+16	3.33e-01	6.67e-01	1.15e-04	0.00e+00	0.00e+00	0.00e+00	0.00e+00	0.00e+00
 1.51914e+16	3.44e-01	6.56e-01	1.03e-04	0.00e+00	0.00e+00	0.00e+00	0.00e+00	0.00e+00
 1.51952e+16	3.55e-01	6.45e-01	9.27e-05	0.00e+00	0.00e+00	0.00e+00	0.00e+00	0.00e+00
 1.51990e+16	3.66e-01	6.34e-01	8.33e-05	0.00e+00	0.00e+00	0.00e+00	0.00e+00	0.00e+00
 1.52028e+16	3.80e-01	6.20e-01	7.46e-05	0.00e+00	0.00e+00	0.00e+00	0.00e+00	0.00e+00
 1.52066e+16	3.91e-01	6.09e-01	6.72e-05	0.00e+00	0.00e+00	0.00e+00	0.00e+00	0.00e+00
 1.52103e+16	4.06e-01	5.94e-01	6.00e-05	0.00e+00	0.00e+00	0.00e+00	0.00e+00	0.00e+00
 1.52141e+16	4.19e-01	5.81e-01	5.39e-05	0.00e+00	0.00e+00	0.00e+00	0.00e+00	0.00e+00
 1.52178e+16	4.34e-01	5.66e-01	4.82e-05	0.00e+00	0.00e+00	0.00e+00	0.00e+00	0.00e+00
 1.52216e+16	4.50e-01	5.50e-01	4.31e-05	0.00e+00	0.00e+00	0.00e+00	0.00e+00	0.00e+00
 1.52254e+16	4.67e-01	5.33e-01	3.84e-05	0.00e+00	0.00e+00	0.00e+00	0.00e+00	0.00e+00
 1.52292e+16	4.83e-01	5.17e-01	3.43e-05	0.00e+00	0.00e+00	0.00e+00	0.00e+00	0.00e+00
 1.52331e+16	5.04e-01	4.95e-01	3.02e-05	0.00e+00	0.00e+00	0.00e+00	0.00e+00	0.00e+00
 1.52369e+16	5.24e-01	4.76e-01	2.68e-05	0.00e+00	0.00e+00	0.00e+00	0.00e+00	0.00e+00
 1.52408e+16	5.44e-01	4.56e-01	2.38e-05	0.00e+00	0.00e+00	0.00e+00	0.00e+00	0.00e+00
 1.52448e+16	5.65e-01	4.35e-01	2.10e-05	0.00e+00	0.00e+00	0.00e+00	0.00e+00	0.00e+00
 1.52489e+16	5.87e-01	4.13e-01	1.84e-05	0.00e+00	0.00e+00	0.00e+00	0.00e+00	0.00e+00
 1.52531e+16	6.10e-01	3.90e-01	1.61e-05	0.00e+00	0.00e+00	0.00e+00	0.00e+00	0.00e+00
 1.52574e+16	6.33e-01	3.67e-01	1.41e-05	0.00e+00	0.00e+00	0.00e+00	0.00e+00	0.00e+00
 1.52619e+16	6.56e-01	3.44e-01	1.23e-05	0.00e+00	0.00e+00	0.00e+00	0.00e+00	0.00e+00
 1.52659e+16	6.77e-01	3.23e-01	1.08e-05	0.00e+00	0.00e+00	0.00e+00	0.00e+00	0.00e+00
 1.52690e+16	6.93e-01	3.07e-01	9.86e-06	0.00e+00	0.00e+00	0.00e+00	0.00e+00	0.00e+00
 1.52720e+16	7.08e-01	2.92e-01	8.99e-06	0.00e+00	0.00e+00	0.00e+00	0.00e+00	0.00e+00
 1.52753e+16	7.22e-01	2.78e-01	8.18e-06	0.00e+00	0.00e+00	0.00e+00	0.00e+00	0.00e+00
 1.52787e+16	7.39e-01	2.61e-01	7.35e-06	0.00e+00	0.00e+00	0.00e+00	0.00e+00	0.00e+00
 1.52821e+16	7.52e-01	2.48e-01	6.69e-06	0.00e+00	0.00e+00	0.00e+00	0.00e+00	0.00e+00
 1.52854e+16	7.66e-01	2.34e-01	6.09e-06	0.00e+00	0.00e+00	0.00e+00	0.00e+00	0.00e+00
 1.52888e+16	7.79e-01	2.21e-01	5.54e-06	0.00e+00	0.00e+00	0.00e+00	0.00e+00	0.00e+00
 1.52921e+16	7.92e-01	2.08e-01	5.04e-06	0.00e+00	0.00e+00	0.00e+00	0.00e+00	0.00e+00
 1.52956e+16	8.04e-01	1.96e-01	4.60e-06	0.00e+00	0.00e+00	0.00e+00	0.00e+00	0.00e+00
 1.52990e+16	8.15e-01	1.85e-01	4.20e-06	0.00e+00	0.00e+00	0.00e+00	0.00e+00	0.00e+00
 1.53026e+16	8.26e-01	1.74e-01	3.85e-06	0.00e+00	0.00e+00	0.00e+00	0.00e+00	0.00e+00
 1.53062e+16	8.36e-01	1.64e-01	3.52e-06	0.00e+00	0.00e+00	0.00e+00	0.00e+00	0.00e+00
 1.53100e+16	8.46e-01	1.54e-01	3.22e-06	0.00e+00	0.00e+00	0.00e+00	0.00e+00	0.00e+00
 1.53139e+16	8.55e-01	1.45e-01	2.95e-06	0.00e+00	0.00e+00	0.00e+00	0.00e+00	0.00e+00
 1.53180e+16	8.64e-01	1.36e-01	2.69e-06	0.00e+00	0.00e+00	0.00e+00	0.00e+00	0.00e+00
 1.53223e+16	8.71e-01	1.29e-01	2.48e-06	0.00e+00	0.00e+00	0.00e+00	0.00e+00	0.00e+00
 1.53268e+16	8.80e-01	1.20e-01	2.27e-06	0.00e+00	0.00e+00	0.00e+00	0.00e+00	0.00e+00
 1.53315e+16	8.87e-01	1.13e-01	2.09e-06	0.00e+00	0.00e+00	0.00e+00	0.00e+00	0.00e+00
 1.53366e+16	8.93e-01	1.07e-01	1.92e-06	0.00e+00	0.00e+00	0.00e+00	0.00e+00	0.00e+00
 1.53420e+16	9.00e-01	1.00e-01	1.77e-06	0.00e+00	0.00e+00	0.00e+00	0.00e+00	0.00e+00
 1.53477e+16	9.05e-01	9.46e-02	1.63e-06	0.00e+00	0.00e+00	0.00e+00	0.00e+00	0.00e+00
 1.53539e+16	9.11e-01	8.91e-02	1.51e-06	0.00e+00	0.00e+00	0.00e+00	0.00e+00	0.00e+00
 1.53607e+16	9.16e-01	8.39e-02	1.39e-06	0.00e+00	0.00e+00	0.00e+00	0.00e+00	0.00e+00
 1.53681e+16	9.21e-01	7.90e-02	1.28e-06	0.00e+00	0.00e+00	0.00e+00	0.00e+00	0.00e+00
 1.53763e+16	9.26e-01	7.43e-02	1.18e-06	0.00e+00	0.00e+00	0.00e+00	0.00e+00	0.00e+00
 1.53853e+16	9.30e-01	6.98e-02	1.09e-06	0.00e+00	0.00e+00	0.00e+00	0.00e+00	0.00e+00
 1.53954e+16	9.34e-01	6.56e-02	1.00e-06	0.00e+00	0.00e+00	0.00e+00	0.00e+00	0.00e+00
 1.54065e+16	9.39e-01	6.15e-02	9.21e-07	0.00e+00	0.00e+00	0.00e+00	0.00e+00	0.00e+00
 1.54188e+16	9.42e-01	5.76e-02	8.44e-07	0.00e+00	0.00e+00	0.00e+00	0.00e+00	0.00e+00
 1.54324e+16	9.46e-01	5.38e-02	7.72e-07	0.00e+00	0.00e+00	0.00e+00	0.00e+00	0.00e+00
 1.54472e+16	9.50e-01	5.02e-02	7.03e-07	0.00e+00	0.00e+00	0.00e+00	0.00e+00	0.00e+00
