#depth	N	N+	N+2	N+3	N+4	N+5	N+6	N+7
 1.49634e+10	0.00e+00	0.00e+00	1.12e-28	6.20e-19	4.04e-10	8.49e-01	1.51e-01	1.35e-05
 4.54887e+10	0.00e+00	6.73e-39	1.44e-28	7.35e-19	4.43e-10	8.59e-01	1.41e-01	1.17e-05
 7.72350e+10	0.00e+00	0.00e+00	1.85e-28	8.71e-19	4.85e-10	8.69e-01	1.31e-01	1.00e-05
 1.10251e+11	0.00e+00	1.30e-38	2.37e-28	1.03e-18	5.30e-10	8.78e-01	1.22e-01	8.63e-06
 1.44588e+11	0.00e+00	0.00e+00	3.03e-28	1.22e-18	5.80e-10	8.87e-01	1.13e-01	7.42e-06
 1.80298e+11	0.00e+00	2.49e-38	3.88e-28	1.44e-18	6.33e-10	8.95e-01	1.05e-01	6.36e-06
 2.17437e+11	0.00e+00	0.00e+00	4.97e-28	1.71e-18	6.92e-10	9.02e-01	9.78e-02	5.46e-06
 2.56061e+11	0.00e+00	4.78e-38	6.36e-28	2.02e-18	7.55e-10	9.09e-01	9.08e-02	4.67e-06
 2.96231e+11	0.00e+00	0.00e+00	8.14e-28	2.38e-18	8.24e-10	9.16e-01	8.41e-02	4.00e-06
 3.38007e+11	0.00e+00	9.18e-38	1.04e-27	2.82e-18	8.98e-10	9.22e-01	7.80e-02	3.42e-06
 3.81454e+11	0.00e+00	0.00e+00	1.33e-27	3.32e-18	9.79e-10	9.28e-01	7.22e-02	2.92e-06
 4.26639e+11	0.00e+00	1.76e-37	1.70e-27	3.92e-18	1.07e-09	9.33e-01	6.68e-02	2.50e-06
 4.73631e+11	0.00e+00	0.00e+00	2.18e-27	4.63e-18	1.16e-09	9.38e-01	6.18e-02	2.13e-06
 5.22503e+11	0.00e+00	3.37e-37	2.78e-27	5.47e-18	1.27e-09	9.43e-01	5.71e-02	1.82e-06
 5.69731e+11	0.00e+00	0.00e+00	3.50e-27	6.37e-18	1.37e-09	9.47e-01	5.31e-02	1.57e-06
 6.12688e+11	0.00e+00	5.96e-37	4.28e-27	7.30e-18	1.47e-09	9.50e-01	4.97e-02	1.38e-06
 6.60169e+11	0.00e+00	0.00e+00	5.31e-27	8.43e-18	1.58e-09	9.54e-01	4.64e-02	1.20e-06
 7.15710e+11	0.00e+00	1.09e-36	6.76e-27	9.93e-18	1.72e-09	9.57e-01	4.27e-02	1.01e-06
 7.70905e+11	0.00e+00	0.00e+00	8.53e-27	1.16e-17	1.86e-09	9.60e-01	3.96e-02	8.69e-07
 8.23670e+11	0.00e+00	1.98e-36	1.06e-26	1.34e-17	2.01e-09	9.63e-01	3.69e-02	0.00e+00
 8.81905e+11	6.27e-47	2.68e-36	1.33e-26	1.56e-17	2.17e-09	9.66e-01	3.42e-02	0.00e+00
 9.47108e+11	0.00e+00	0.00e+00	1.70e-26	1.85e-17	2.36e-09	9.68e-01	3.15e-02	0.00e+00
 1.01321e+12	0.00e+00	5.12e-36	2.17e-26	2.17e-17	2.56e-09	9.71e-01	2.91e-02	0.00e+00
 1.08197e+12	2.10e-46	7.05e-36	2.76e-26	2.55e-17	2.78e-09	9.73e-01	2.69e-02	0.00e+00
 1.15517e+12	0.00e+00	0.00e+00	3.53e-26	3.01e-17	3.03e-09	9.75e-01	2.47e-02	0.00e+00
 1.23130e+12	0.00e+00	1.36e-35	4.53e-26	3.56e-17	3.30e-09	9.77e-01	2.28e-02	0.00e+00
 1.31048e+12	7.20e-46	1.90e-35	5.81e-26	4.21e-17	3.59e-09	9.79e-01	2.10e-02	0.00e+00
 1.39283e+12	0.00e+00	0.00e+00	7.46e-26	4.98e-17	3.91e-09	9.81e-01	1.93e-02	0.00e+00
 1.47847e+12	0.00e+00	3.68e-35	9.58e-26	5.88e-17	4.26e-09	9.82e-01	1.77e-02	0.00e+00
 1.56754e+12	2.49e-45	5.13e-35	1.23e-25	6.96e-17	4.63e-09	9.84e-01	1.63e-02	0.00e+00
 1.65117e+12	0.00e+00	0.00e+00	1.54e-25	8.11e-17	5.01e-09	9.85e-01	1.51e-02	0.00e+00
 1.72579e+12	0.00e+00	8.99e-35	1.88e-25	9.25e-17	5.35e-09	9.86e-01	1.41e-02	0.00e+00
 1.80951e+12	7.16e-45	1.20e-34	2.33e-25	1.07e-16	5.76e-09	9.87e-01	1.31e-02	0.00e+00
 1.90893e+12	0.00e+00	0.00e+00	2.98e-25	1.26e-16	6.26e-09	9.88e-01	1.21e-02	0.00e+00
 2.00903e+12	0.00e+00	2.27e-34	3.79e-25	1.48e-16	6.79e-09	9.89e-01	1.12e-02	0.00e+00
 2.10329e+12	2.29e-44	3.03e-34	4.71e-25	1.71e-16	7.31e-09	9.90e-01	1.04e-02	0.00e+00
 2.20750e+12	0.00e+00	4.13e-34	5.95e-25	2.01e-16	7.92e-09	9.90e-01	9.58e-03	0.00e+00
 2.32572e+12	5.13e-44	5.80e-34	7.69e-25	2.38e-16	8.64e-09	9.91e-01	8.79e-03	0.00e+00
 2.44368e+12	0.00e+00	8.03e-34	9.84e-25	2.81e-16	9.40e-09	9.92e-01	8.08e-03	0.00e+00
 2.56636e+12	1.16e-43	1.11e-33	1.26e-24	3.32e-16	1.02e-08	9.93e-01	7.43e-03	0.00e+00
 2.69894e+12	0.00e+00	1.57e-33	1.63e-24	3.95e-16	1.12e-08	9.93e-01	6.80e-03	0.00e+00
 2.82296e+12	2.60e-43	2.13e-33	2.06e-24	4.63e-16	1.21e-08	9.94e-01	6.28e-03	0.00e+00
 2.93178e+12	0.00e+00	2.77e-33	2.51e-24	5.29e-16	1.30e-08	9.94e-01	5.87e-03	0.00e+00
 3.05229e+12	5.11e-43	3.67e-33	3.12e-24	6.11e-16	1.40e-08	9.95e-01	5.46e-03	0.00e+00
 3.19777e+12	0.00e+00	5.11e-33	4.00e-24	7.24e-16	1.52e-08	9.95e-01	5.01e-03	0.00e+00
 3.34624e+12	1.15e-42	7.06e-33	5.12e-24	8.55e-16	1.66e-08	9.95e-01	4.60e-03	0.00e+00
 3.48405e+12	0.00e+00	9.45e-33	6.39e-24	9.93e-16	1.79e-08	9.96e-01	4.27e-03	0.00e+00
 3.63674e+12	2.44e-42	1.29e-32	8.11e-24	1.17e-15	1.94e-08	9.96e-01	3.93e-03	0.00e+00
 3.81214e+12	0.00e+00	1.83e-32	1.06e-23	1.40e-15	2.13e-08	9.96e-01	3.59e-03	0.00e+00
 3.98318e+12	5.62e-42	2.53e-32	1.35e-23	1.65e-15	2.32e-08	9.97e-01	3.29e-03	0.00e+00
 4.14575e+12	0.00e+00	3.41e-32	1.70e-23	1.93e-15	2.51e-08	9.97e-01	3.04e-03	0.00e+00
 4.32620e+12	1.21e-41	4.70e-32	2.17e-23	2.28e-15	2.74e-08	9.97e-01	2.79e-03	0.00e+00
 4.52918e+12	0.00e+00	6.65e-32	2.84e-23	2.74e-15	3.00e-08	9.97e-01	2.54e-03	0.00e+00
 4.73232e+12	2.82e-41	9.30e-32	3.67e-23	3.27e-15	3.29e-08	9.98e-01	2.32e-03	0.00e+00
 4.94360e+12	0.00e+00	1.30e-31	4.74e-23	3.90e-15	3.60e-08	9.98e-01	2.12e-03	0.00e+00
 5.16373e+12	6.48e-41	1.82e-31	6.15e-23	4.66e-15	3.95e-08	9.98e-01	1.94e-03	0.00e+00
 5.37962e+12	0.00e+00	2.50e-31	7.85e-23	5.51e-15	4.31e-08	9.98e-01	1.77e-03	0.00e+00
 5.61167e+12	1.44e-40	3.48e-31	1.01e-22	6.57e-15	4.73e-08	9.98e-01	1.62e-03	0.00e+00
 5.86606e+12	0.00e+00	4.91e-31	1.32e-22	7.91e-15	5.21e-08	9.99e-01	1.47e-03	0.00e+00
 6.13063e+12	3.37e-40	6.94e-31	1.73e-22	9.53e-15	5.74e-08	9.99e-01	1.34e-03	0.00e+00
 6.40578e+12	0.00e+00	9.79e-31	2.26e-22	1.15e-14	6.33e-08	9.99e-01	1.21e-03	0.00e+00
 6.65375e+12	7.41e-40	1.32e-30	2.85e-22	1.35e-14	6.90e-08	9.99e-01	1.11e-03	0.00e+00
 6.85890e+12	0.00e+00	1.67e-30	3.43e-22	1.54e-14	7.39e-08	9.99e-01	1.04e-03	0.00e+00
 7.08306e+12	1.35e-39	2.15e-30	4.18e-22	1.77e-14	7.95e-08	9.99e-01	9.68e-04	0.00e+00
 7.36891e+12	0.00e+00	2.93e-30	5.33e-22	2.10e-14	8.70e-08	9.99e-01	8.84e-04	0.00e+00
 7.66813e+12	2.87e-39	4.00e-30	6.81e-22	2.50e-14	9.54e-08	9.99e-01	8.07e-04	0.00e+00
 7.93152e+12	0.00e+00	5.20e-30	8.37e-22	2.89e-14	1.03e-07	9.99e-01	7.46e-04	0.00e+00
 8.17355e+12	5.24e-39	6.57e-30	1.01e-21	3.30e-14	1.11e-07	9.99e-01	6.96e-04	0.00e+00
 8.44657e+12	0.00e+00	8.46e-30	1.23e-21	3.81e-14	1.20e-07	9.99e-01	6.45e-04	0.00e+00
 8.78787e+12	1.03e-38	1.15e-29	1.57e-21	4.53e-14	1.31e-07	9.99e-01	5.88e-04	0.00e+00
 9.13058e+12	0.00e+00	1.54e-29	1.98e-21	5.36e-14	1.44e-07	9.99e-01	5.38e-04	0.00e+00
 9.42276e+12	1.96e-38	1.96e-29	2.39e-21	6.15e-14	1.55e-07	1.00e+00	5.00e-04	0.00e+00
 9.73661e+12	0.00e+00	2.51e-29	2.92e-21	7.09e-14	1.67e-07	1.00e+00	4.63e-04	0.00e+00
 1.01272e+13	3.77e-38	3.37e-29	3.69e-21	8.42e-14	1.83e-07	1.00e+00	4.22e-04	0.00e+00
 1.05308e+13	0.00e+00	4.51e-29	4.67e-21	9.98e-14	2.01e-07	1.00e+00	3.85e-04	0.00e+00
 1.08953e+13	7.26e-38	5.81e-29	5.72e-21	1.16e-13	2.18e-07	1.00e+00	3.56e-04	0.00e+00
 1.12960e+13	0.00e+00	7.60e-29	7.08e-21	1.35e-13	2.37e-07	1.00e+00	3.27e-04	0.00e+00
 1.17678e+13	1.44e-37	1.03e-28	9.02e-21	1.61e-13	2.61e-07	1.00e+00	2.97e-04	0.00e+00
 1.22390e+13	0.00e+00	1.37e-28	1.14e-20	1.91e-13	2.87e-07	1.00e+00	2.71e-04	0.00e+00
 1.26850e+13	2.77e-37	1.78e-28	1.40e-20	2.23e-13	3.12e-07	1.00e+00	2.50e-04	0.00e+00
 1.31781e+13	0.00e+00	2.34e-28	1.75e-20	2.62e-13	3.41e-07	1.00e+00	2.28e-04	0.00e+00
 1.37352e+13	5.52e-37	3.16e-28	2.23e-20	3.13e-13	3.75e-07	1.00e+00	2.08e-04	0.00e+00
 1.42351e+13	0.00e+00	4.08e-28	2.74e-20	3.64e-13	4.08e-07	1.00e+00	1.91e-04	0.00e+00
 1.46458e+13	9.59e-37	5.01e-28	3.23e-20	4.10e-13	4.36e-07	1.00e+00	1.79e-04	0.00e+00
 1.50938e+13	0.00e+00	6.22e-28	3.84e-20	4.66e-13	4.67e-07	1.00e+00	1.67e-04	0.00e+00
 1.56690e+13	1.71e-36	8.12e-28	4.76e-20	5.45e-13	5.09e-07	1.00e+00	1.53e-04	0.00e+00
 1.62511e+13	0.00e+00	1.05e-27	5.87e-20	6.35e-13	5.54e-07	1.00e+00	1.41e-04	0.00e+00
 1.67308e+13	2.99e-36	1.29e-27	6.93e-20	7.17e-13	5.93e-07	1.00e+00	1.32e-04	0.00e+00
 1.72357e+13	0.00e+00	1.60e-27	8.21e-20	8.12e-13	6.34e-07	1.00e+00	1.23e-04	0.00e+00
 1.78865e+13	5.29e-36	2.08e-27	1.01e-19	9.47e-13	6.90e-07	1.00e+00	1.13e-04	0.00e+00
 1.85708e+13	0.00e+00	2.71e-27	1.26e-19	1.11e-12	7.53e-07	1.00e+00	1.04e-04	0.00e+00
 1.91689e+13	9.51e-36	3.39e-27	1.50e-19	1.26e-12	8.09e-07	1.00e+00	9.69e-05	0.00e+00
 1.98108e+13	0.00e+00	4.28e-27	1.81e-19	1.45e-12	8.72e-07	1.00e+00	9.00e-05	0.00e+00
 2.05249e+13	1.70e-35	5.50e-27	2.22e-19	1.67e-12	9.45e-07	1.00e+00	8.31e-05	0.00e+00
 2.11902e+13	0.00e+00	6.89e-27	2.66e-19	1.91e-12	1.02e-06	1.00e+00	7.73e-05	0.00e+00
 2.19128e+13	2.95e-35	8.72e-27	3.21e-19	2.19e-12	1.10e-06	1.00e+00	7.17e-05	0.00e+00
 2.27144e+13	0.00e+00	1.12e-26	3.94e-19	2.54e-12	1.19e-06	1.00e+00	6.62e-05	0.00e+00
 2.34596e+13	5.26e-35	1.41e-26	4.73e-19	2.90e-12	1.28e-06	1.00e+00	6.16e-05	0.00e+00
 2.42691e+13	0.00e+00	1.79e-26	5.73e-19	3.33e-12	1.38e-06	1.00e+00	5.71e-05	0.00e+00
 2.51714e+13	9.55e-35	2.32e-26	7.04e-19	3.86e-12	1.50e-06	1.00e+00	5.26e-05	0.00e+00
 2.60164e+13	0.00e+00	2.93e-26	8.49e-19	4.42e-12	1.61e-06	1.00e+00	4.89e-05	0.00e+00
 2.69369e+13	1.70e-34	3.75e-26	1.03e-18	5.09e-12	1.74e-06	1.00e+00	4.53e-05	0.00e+00
 2.79643e+13	2.33e-34	4.88e-26	1.28e-18	5.93e-12	1.89e-06	1.00e+00	4.17e-05	0.00e+00
 2.89298e+13	3.12e-34	6.21e-26	1.55e-18	6.80e-12	2.04e-06	1.00e+00	3.87e-05	0.00e+00
 2.99842e+13	4.25e-34	8.02e-26	1.90e-18	7.86e-12	2.21e-06	1.00e+00	3.57e-05	0.00e+00
 3.11656e+13	5.90e-34	1.05e-25	2.36e-18	9.19e-12	2.41e-06	1.00e+00	3.28e-05	0.00e+00
 3.22848e+13	7.99e-34	1.36e-25	2.89e-18	1.06e-11	2.60e-06	1.00e+00	3.04e-05	0.00e+00
 3.34898e+13	1.10e-33	1.76e-25	3.56e-18	1.23e-11	2.82e-06	1.00e+00	2.80e-05	0.00e+00
 3.48593e+13	1.55e-33	2.35e-25	4.47e-18	1.44e-11	3.08e-06	1.00e+00	2.57e-05	0.00e+00
 3.62066e+13	2.16e-33	3.08e-25	5.55e-18	1.68e-11	3.35e-06	1.00e+00	2.37e-05	0.00e+00
 3.76078e+13	3.02e-33	4.07e-25	6.90e-18	1.96e-11	3.63e-06	1.00e+00	2.18e-05	0.00e+00
 3.91420e+13	4.25e-33	5.41e-25	8.66e-18	2.30e-11	3.96e-06	1.00e+00	2.00e-05	0.00e+00
 4.07008e+13	6.03e-33	7.21e-25	1.08e-17	2.69e-11	4.31e-06	1.00e+00	1.84e-05	0.00e+00
 4.23218e+13	8.56e-33	9.61e-25	1.36e-17	3.14e-11	4.68e-06	1.00e+00	1.69e-05	0.00e+00
 4.39049e+13	1.18e-32	1.26e-24	1.68e-17	3.64e-11	5.07e-06	1.00e+00	1.57e-05	0.00e+00
 4.52126e+13	1.54e-32	1.56e-24	1.98e-17	4.10e-11	5.40e-06	1.00e+00	1.47e-05	0.00e+00
 4.65215e+13	1.99e-32	1.92e-24	2.34e-17	4.59e-11	5.73e-06	1.00e+00	1.38e-05	0.00e+00
 4.82215e+13	2.77e-32	2.52e-24	2.88e-17	5.30e-11	6.18e-06	1.00e+00	1.28e-05	0.00e+00
 4.99945e+13	3.80e-32	3.27e-24	3.55e-17	6.12e-11	6.68e-06	1.00e+00	1.19e-05	0.00e+00
 5.14934e+13	4.99e-32	4.08e-24	4.21e-17	6.88e-11	7.11e-06	1.00e+00	1.12e-05	0.00e+00
 5.30714e+13	6.59e-32	5.13e-24	5.02e-17	7.76e-11	7.57e-06	1.00e+00	1.05e-05	0.00e+00
 5.50576e+13	9.30e-32	6.78e-24	6.22e-17	8.98e-11	8.16e-06	1.00e+00	9.73e-06	0.00e+00
 5.70878e+13	1.29e-31	8.86e-24	7.67e-17	1.04e-10	8.82e-06	1.00e+00	9.02e-06	0.00e+00
 5.88277e+13	1.71e-31	1.11e-23	9.15e-17	1.17e-10	9.38e-06	1.00e+00	8.48e-06	0.00e+00
 6.06766e+13	2.29e-31	1.41e-23	1.10e-16	1.32e-10	9.99e-06	1.00e+00	7.95e-06	0.00e+00
 6.29711e+13	3.26e-31	1.88e-23	1.36e-16	1.53e-10	1.08e-05	1.00e+00	7.38e-06	0.00e+00
 6.53185e+13	4.55e-31	2.47e-23	1.69e-16	1.77e-10	1.16e-05	1.00e+00	6.83e-06	0.00e+00
 6.73830e+13	6.14e-31	3.14e-23	2.03e-16	2.01e-10	1.24e-05	1.00e+00	6.42e-06	0.00e+00
 6.96059e+13	8.38e-31	4.04e-23	2.45e-16	2.28e-10	1.32e-05	1.00e+00	6.01e-06	0.00e+00
 7.22945e+13	1.21e-30	5.41e-23	3.07e-16	2.65e-10	1.43e-05	1.00e+00	5.57e-06	0.00e+00
 7.50123e+13	1.73e-30	7.22e-23	3.82e-16	3.07e-10	1.54e-05	1.00e+00	5.17e-06	0.00e+00
 7.75044e+13	2.36e-30	9.30e-23	4.63e-16	3.50e-10	1.64e-05	1.00e+00	4.84e-06	0.00e+00
 8.02793e+13	3.32e-30	1.22e-22	5.70e-16	4.02e-10	1.76e-05	1.00e+00	4.51e-06	0.00e+00
 8.34997e+13	4.90e-30	1.67e-22	7.20e-16	4.70e-10	1.91e-05	1.00e+00	4.17e-06	0.00e+00
 8.66789e+13	6.98e-30	2.23e-22	8.97e-16	5.46e-10	2.06e-05	1.00e+00	3.86e-06	0.00e+00
 8.96934e+13	9.87e-30	2.93e-22	1.10e-15	6.25e-10	2.20e-05	1.00e+00	3.61e-06	0.00e+00
 9.30191e+13	1.40e-29	3.89e-22	1.37e-15	7.22e-10	2.37e-05	1.00e+00	3.36e-06	0.00e+00
 9.67698e+13	2.09e-29	5.34e-22	1.73e-15	8.44e-10	2.56e-05	1.00e+00	3.11e-06	0.00e+00
 1.00671e+14	3.05e-29	7.26e-22	2.18e-15	9.88e-10	2.77e-05	1.00e+00	2.87e-06	0.00e+00
 1.04727e+14	4.52e-29	9.94e-22	2.77e-15	1.15e-09	2.99e-05	1.00e+00	2.66e-06	0.00e+00
 1.08946e+14	6.73e-29	1.36e-21	3.50e-15	1.35e-09	3.23e-05	1.00e+00	2.46e-06	0.00e+00
 1.13006e+14	9.66e-29	1.82e-21	4.35e-15	1.56e-09	3.47e-05	1.00e+00	2.29e-06	0.00e+00
 1.16790e+14	1.33e-28	2.36e-21	5.30e-15	1.78e-09	3.71e-05	1.00e+00	2.14e-06	0.00e+00
 1.20357e+14	1.81e-28	3.00e-21	6.34e-15	2.01e-09	3.93e-05	1.00e+00	2.02e-06	0.00e+00
 1.24249e+14	2.45e-28	3.85e-21	7.66e-15	2.28e-09	4.19e-05	1.00e+00	1.90e-06	0.00e+00
 1.28574e+14	3.45e-28	5.06e-21	9.40e-15	2.61e-09	4.48e-05	1.00e+00	1.77e-06	0.00e+00
 1.32661e+14	4.73e-28	6.50e-21	1.13e-14	2.95e-09	4.77e-05	1.00e+00	1.67e-06	0.00e+00
 1.37170e+14	6.58e-28	8.47e-21	1.38e-14	3.37e-09	5.09e-05	1.00e+00	1.56e-06	0.00e+00
 1.42218e+14	9.31e-28	1.12e-20	1.72e-14	3.89e-09	5.47e-05	1.00e+00	1.45e-06	0.00e+00
 1.46997e+14	1.29e-27	1.46e-20	2.09e-14	4.44e-09	5.84e-05	1.00e+00	1.36e-06	0.00e+00
 1.52240e+14	1.84e-27	1.93e-20	2.58e-14	5.10e-09	6.26e-05	1.00e+00	1.27e-06	0.00e+00
 1.58167e+14	2.67e-27	2.61e-20	3.24e-14	5.94e-09	6.75e-05	1.00e+00	1.18e-06	0.00e+00
 1.63889e+14	3.75e-27	3.43e-20	4.00e-14	6.84e-09	7.25e-05	1.00e+00	1.10e-06	0.00e+00
 1.69994e+14	5.42e-27	4.60e-20	4.98e-14	7.91e-09	7.79e-05	1.00e+00	1.02e-06	0.00e+00
 1.76824e+14	7.86e-27	6.22e-20	6.30e-14	9.25e-09	8.43e-05	1.00e+00	9.41e-07	0.00e+00
 1.83138e+14	1.11e-26	8.23e-20	7.77e-14	1.06e-08	9.04e-05	1.00e+00	0.00e+00	0.00e+00
 1.88606e+14	1.47e-26	1.03e-19	9.26e-14	1.20e-08	9.59e-05	1.00e+00	0.00e+00	0.00e+00
 1.94666e+14	2.01e-26	1.33e-19	1.12e-13	1.36e-08	1.02e-04	1.00e+00	0.00e+00	0.00e+00
 2.02068e+14	2.84e-26	1.76e-19	1.40e-13	1.58e-08	1.10e-04	1.00e+00	0.00e+00	0.00e+00
 2.09558e+14	4.09e-26	2.35e-19	1.74e-13	1.82e-08	1.18e-04	1.00e+00	0.00e+00	0.00e+00
 2.16294e+14	5.48e-26	2.99e-19	2.10e-13	2.07e-08	1.26e-04	1.00e+00	0.00e+00	0.00e+00
 2.23709e+14	7.55e-26	3.88e-19	2.56e-13	2.36e-08	1.35e-04	1.00e+00	0.00e+00	0.00e+00
 2.32472e+14	1.09e-25	5.22e-19	3.22e-13	2.76e-08	1.46e-04	1.00e+00	0.00e+00	0.00e+00
 2.41076e+14	1.56e-25	6.96e-19	4.00e-13	3.18e-08	1.57e-04	1.00e+00	0.00e+00	0.00e+00
 2.48950e+14	2.08e-25	8.84e-19	4.85e-13	3.62e-08	1.68e-04	1.00e+00	0.00e+00	0.00e+00
 2.57787e+14	2.94e-25	1.17e-18	5.97e-13	4.16e-08	1.80e-04	1.00e+00	0.00e+00	0.00e+00
 2.68053e+14	4.18e-25	1.56e-18	7.52e-13	4.87e-08	1.95e-04	1.00e+00	0.00e+00	0.00e+00
 2.78105e+14	5.92e-25	2.07e-18	9.37e-13	5.64e-08	2.10e-04	1.00e+00	0.00e+00	0.00e+00
 2.87611e+14	8.21e-25	2.69e-18	1.15e-12	6.45e-08	2.25e-04	1.00e+00	0.00e+00	0.00e+00
 2.98197e+14	1.15e-24	3.55e-18	1.42e-12	7.45e-08	2.42e-04	1.00e+00	0.00e+00	0.00e+00
 3.10155e+14	1.63e-24	4.74e-18	1.79e-12	8.72e-08	2.62e-04	1.00e+00	0.00e+00	0.00e+00
 3.21470e+14	2.32e-24	6.29e-18	2.22e-12	1.01e-07	2.81e-04	1.00e+00	0.00e+00	0.00e+00
 3.31751e+14	3.04e-24	7.88e-18	2.68e-12	1.14e-07	3.00e-04	1.00e+00	0.00e+00	0.00e+00
 3.43393e+14	4.20e-24	1.03e-17	3.29e-12	1.31e-07	3.22e-04	1.00e+00	0.00e+00	0.00e+00
 3.56988e+14	6.11e-24	1.39e-17	4.14e-12	1.53e-07	3.48e-04	1.00e+00	0.00e+00	0.00e+00
 3.70063e+14	8.34e-24	1.80e-17	5.13e-12	1.76e-07	3.74e-04	1.00e+00	0.00e+00	0.00e+00
 3.80839e+14	1.10e-23	2.26e-17	6.08e-12	1.98e-07	3.97e-04	1.00e+00	0.00e+00	0.00e+00
 3.91687e+14	1.40e-23	2.76e-17	7.18e-12	2.21e-07	4.20e-04	1.00e+00	0.00e+00	0.00e+00
 4.05789e+14	1.98e-23	3.64e-17	8.87e-12	2.55e-07	4.51e-04	1.00e+00	0.00e+00	0.00e+00
 4.20454e+14	2.68e-23	4.70e-17	1.09e-11	2.94e-07	4.85e-04	1.00e+00	0.00e+00	0.00e+00
 4.32780e+14	3.49e-23	5.85e-17	1.30e-11	3.30e-07	5.14e-04	9.99e-01	0.00e+00	0.00e+00
 4.45735e+14	4.62e-23	7.34e-17	1.55e-11	3.71e-07	5.46e-04	9.99e-01	0.00e+00	0.00e+00
 4.62134e+14	6.29e-23	9.51e-17	1.92e-11	4.29e-07	5.88e-04	9.99e-01	0.00e+00	0.00e+00
 4.79210e+14	8.92e-23	1.26e-16	2.38e-11	4.95e-07	6.33e-04	9.99e-01	0.00e+00	0.00e+00
 4.94280e+14	1.15e-22	1.57e-16	2.86e-11	5.61e-07	6.74e-04	9.99e-01	0.00e+00	0.00e+00
 5.10540e+14	1.55e-22	2.00e-16	3.47e-11	6.38e-07	7.20e-04	9.99e-01	0.00e+00	0.00e+00
 5.30141e+14	2.15e-22	2.63e-16	4.34e-11	7.42e-07	7.77e-04	9.99e-01	0.00e+00	0.00e+00
 5.49494e+14	3.04e-22	3.48e-16	5.37e-11	8.55e-07	8.36e-04	9.99e-01	0.00e+00	0.00e+00
 5.66657e+14	3.92e-22	4.32e-16	6.44e-11	9.67e-07	8.91e-04	9.99e-01	0.00e+00	0.00e+00
 5.85563e+14	5.26e-22	5.51e-16	7.82e-11	1.10e-06	9.52e-04	9.99e-01	0.00e+00	0.00e+00
 6.08188e+14	7.28e-22	7.25e-16	9.79e-11	1.28e-06	1.03e-03	9.99e-01	0.00e+00	0.00e+00
 6.30638e+14	1.02e-21	9.57e-16	1.21e-10	1.48e-06	1.11e-03	9.99e-01	0.00e+00	0.00e+00
 6.51040e+14	1.33e-21	1.20e-15	1.46e-10	1.68e-06	1.18e-03	9.99e-01	0.00e+00	0.00e+00
 6.73790e+14	1.82e-21	1.55e-15	1.80e-10	1.93e-06	1.27e-03	9.99e-01	0.00e+00	0.00e+00
 7.00397e+14	2.51e-21	2.03e-15	2.26e-10	2.25e-06	1.38e-03	9.99e-01	0.00e+00	0.00e+00
 7.26471e+14	3.50e-21	2.67e-15	2.80e-10	2.61e-06	1.48e-03	9.99e-01	0.00e+00	0.00e+00
 7.50897e+14	4.54e-21	3.35e-15	3.40e-10	2.98e-06	1.59e-03	9.98e-01	0.00e+00	0.00e+00
 7.78273e+14	6.25e-21	4.37e-15	4.20e-10	3.44e-06	1.71e-03	9.98e-01	0.00e+00	0.00e+00
 8.09433e+14	8.71e-21	5.78e-15	5.29e-10	4.02e-06	1.86e-03	9.98e-01	0.00e+00	0.00e+00
 8.40378e+14	1.20e-20	7.58e-15	6.61e-10	4.67e-06	2.01e-03	9.98e-01	0.00e+00	0.00e+00
 8.72561e+14	1.63e-20	9.83e-15	8.24e-10	5.43e-06	2.18e-03	9.98e-01	0.00e+00	0.00e+00
 9.01540e+14	2.16e-20	1.25e-14	9.99e-10	6.19e-06	2.33e-03	9.98e-01	0.00e+00	0.00e+00
 9.23250e+14	2.62e-20	1.47e-14	1.15e-09	6.81e-06	2.45e-03	9.98e-01	0.00e+00	0.00e+00
 9.45917e+14	3.20e-20	1.74e-14	1.32e-09	7.51e-06	2.58e-03	9.97e-01	0.00e+00	0.00e+00
 9.75384e+14	4.08e-20	2.15e-14	1.58e-09	8.49e-06	2.76e-03	9.97e-01	0.00e+00	0.00e+00
 1.00736e+15	5.35e-20	2.71e-14	1.91e-09	9.66e-06	2.96e-03	9.97e-01	0.00e+00	0.00e+00
 1.03619e+15	6.74e-20	3.30e-14	2.26e-09	1.08e-05	3.14e-03	9.97e-01	0.00e+00	0.00e+00
 1.06728e+15	8.56e-20	4.05e-14	2.69e-09	1.22e-05	3.35e-03	9.97e-01	0.00e+00	0.00e+00
 1.10656e+15	1.13e-19	5.17e-14	3.32e-09	1.41e-05	3.63e-03	9.96e-01	0.00e+00	0.00e+00
 1.14606e+15	1.52e-19	6.63e-14	4.08e-09	1.62e-05	3.91e-03	9.96e-01	0.00e+00	0.00e+00
 1.17951e+15	1.90e-19	8.07e-14	4.82e-09	1.82e-05	4.17e-03	9.96e-01	0.00e+00	0.00e+00
 1.21551e+15	2.44e-19	9.97e-14	5.75e-09	2.05e-05	4.45e-03	9.96e-01	0.00e+00	0.00e+00
 1.26060e+15	3.23e-19	1.28e-13	7.12e-09	2.37e-05	4.82e-03	9.95e-01	0.00e+00	0.00e+00
 1.30698e+15	4.32e-19	1.64e-13	8.80e-09	2.74e-05	5.23e-03	9.95e-01	0.00e+00	0.00e+00
 1.34780e+15	5.54e-19	2.03e-13	1.05e-08	3.10e-05	5.59e-03	9.94e-01	0.00e+00	0.00e+00
 1.39187e+15	7.09e-19	2.52e-13	1.27e-08	3.53e-05	6.00e-03	9.94e-01	0.00e+00	0.00e+00
 1.44513e+15	9.59e-19	3.28e-13	1.59e-08	4.10e-05	6.53e-03	9.93e-01	0.00e+00	0.00e+00
 1.49796e+15	1.28e-18	4.20e-13	1.96e-08	4.73e-05	7.08e-03	9.93e-01	0.00e+00	0.00e+00
 1.54486e+15	1.64e-18	5.21e-13	2.35e-08	5.35e-05	7.57e-03	9.92e-01	0.00e+00	0.00e+00
 1.59643e+15	2.11e-18	6.52e-13	2.85e-08	6.10e-05	8.16e-03	9.92e-01	0.00e+00	0.00e+00
 1.65810e+15	2.87e-18	8.49e-13	3.57e-08	7.10e-05	8.88e-03	9.91e-01	0.00e+00	0.00e+00
 1.71956e+15	3.86e-18	1.10e-12	4.42e-08	8.22e-05	9.62e-03	9.90e-01	0.00e+00	0.00e+00
 1.77575e+15	4.98e-18	1.37e-12	5.35e-08	9.34e-05	1.03e-02	9.90e-01	0.00e+00	0.00e+00
 1.83842e+15	6.63e-18	1.75e-12	6.57e-08	1.07e-04	1.12e-02	9.89e-01	0.00e+00	0.00e+00
 1.91134e+15	9.08e-18	2.30e-12	8.29e-08	1.25e-04	1.22e-02	9.88e-01	0.00e+00	0.00e+00
 1.98304e+15	1.23e-17	2.99e-12	1.03e-07	1.45e-04	1.32e-02	9.87e-01	0.00e+00	0.00e+00
 2.05106e+15	1.62e-17	3.80e-12	1.26e-07	1.66e-04	1.43e-02	9.86e-01	0.00e+00	0.00e+00
 2.11048e+15	2.05e-17	4.65e-12	1.50e-07	1.86e-04	1.52e-02	9.85e-01	0.00e+00	0.00e+00
 2.15983e+15	2.49e-17	5.49e-12	1.72e-07	2.04e-04	1.60e-02	9.84e-01	0.00e+00	0.00e+00
 2.21448e+15	3.08e-17	6.58e-12	1.99e-07	2.25e-04	1.69e-02	9.83e-01	0.00e+00	0.00e+00
 2.28553e+15	4.02e-17	8.27e-12	2.41e-07	2.56e-04	1.81e-02	9.82e-01	0.00e+00	0.00e+00
 2.36008e+15	5.21e-17	1.04e-11	2.92e-07	2.91e-04	1.95e-02	9.80e-01	0.00e+00	0.00e+00
 2.42376e+15	6.60e-17	1.27e-11	3.43e-07	3.23e-04	2.06e-02	9.79e-01	0.00e+00	0.00e+00
 2.49109e+15	8.31e-17	1.54e-11	4.04e-07	3.60e-04	2.19e-02	9.78e-01	0.00e+00	0.00e+00
 2.57862e+15	1.13e-16	1.99e-11	4.99e-07	4.14e-04	2.36e-02	9.76e-01	0.00e+00	0.00e+00
 2.66922e+15	1.64e-16	2.57e-11	6.14e-07	4.75e-04	2.55e-02	9.74e-01	0.00e+00	0.00e+00
 2.74533e+15	2.11e-16	3.16e-11	7.28e-07	5.31e-04	2.71e-02	9.72e-01	0.00e+00	0.00e+00
 2.82577e+15	2.70e-16	3.90e-11	8.67e-07	5.95e-04	2.89e-02	9.71e-01	0.00e+00	0.00e+00
 2.92868e+15	3.69e-16	5.09e-11	1.08e-06	6.87e-04	3.12e-02	9.68e-01	0.00e+00	0.00e+00
 3.03662e+15	5.15e-16	6.70e-11	1.34e-06	7.93e-04	3.38e-02	9.65e-01	0.00e+00	0.00e+00
 3.13232e+15	6.81e-16	8.46e-11	1.62e-06	8.97e-04	3.61e-02	9.63e-01	0.00e+00	0.00e+00
 3.23625e+15	8.84e-16	1.06e-10	1.97e-06	1.02e-03	3.87e-02	9.60e-01	0.00e+00	0.00e+00
 3.36091e+15	1.29e-15	1.44e-10	2.49e-06	1.19e-03	4.20e-02	9.57e-01	0.00e+00	0.00e+00
 3.48478e+15	1.72e-15	1.86e-10	3.10e-06	1.37e-03	4.53e-02	9.53e-01	0.00e+00	0.00e+00
 3.59673e+15	2.31e-15	2.37e-10	3.76e-06	1.56e-03	4.85e-02	9.50e-01	0.00e+00	0.00e+00
 3.72093e+15	3.14e-15	3.06e-10	4.62e-06	1.78e-03	5.21e-02	9.46e-01	0.00e+00	0.00e+00
 3.86697e+15	4.68e-15	4.20e-10	5.86e-06	2.08e-03	5.66e-02	9.41e-01	0.00e+00	0.00e+00
 4.01111e+15	6.50e-15	5.53e-10	7.31e-06	2.40e-03	6.11e-02	9.37e-01	0.00e+00	0.00e+00
 4.14579e+15	8.86e-15	7.14e-10	8.95e-06	2.73e-03	6.54e-02	9.32e-01	0.00e+00	0.00e+00
 4.29643e+15	1.20e-14	9.26e-10	1.11e-05	3.15e-03	7.04e-02	9.26e-01	0.00e+00	0.00e+00
 4.46832e+15	1.80e-14	1.28e-09	1.42e-05	3.68e-03	7.65e-02	9.20e-01	0.00e+00	0.00e+00
 4.61145e+15	2.43e-14	1.64e-09	1.72e-05	4.17e-03	8.15e-02	9.14e-01	0.00e+00	0.00e+00
 4.71283e+15	2.99e-14	1.94e-09	1.96e-05	4.54e-03	8.52e-02	9.10e-01	0.00e+00	0.00e+00
 4.81835e+15	3.69e-14	2.30e-09	2.24e-05	4.95e-03	8.91e-02	9.06e-01	0.00e+00	0.00e+00
 4.95552e+15	4.65e-14	2.82e-09	2.66e-05	5.53e-03	9.42e-02	9.00e-01	0.00e+00	0.00e+00
 5.10909e+15	6.43e-14	3.64e-09	3.21e-05	6.24e-03	1.00e-01	8.93e-01	0.00e+00	0.00e+00
 5.25298e+15	8.38e-14	4.52e-09	3.79e-05	6.96e-03	1.06e-01	8.87e-01	0.00e+00	0.00e+00
 5.40901e+15	1.07e-13	5.59e-09	4.53e-05	7.80e-03	1.12e-01	8.80e-01	0.00e+00	0.00e+00
 5.58414e+15	1.51e-13	7.32e-09	5.51e-05	8.84e-03	1.20e-01	8.71e-01	0.00e+00	0.00e+00
 5.74895e+15	1.99e-13	9.18e-09	6.57e-05	9.90e-03	1.27e-01	8.63e-01	0.00e+00	0.00e+00
 5.92806e+15	2.57e-13	1.15e-08	7.91e-05	1.12e-02	1.34e-01	8.55e-01	0.00e+00	0.00e+00
 6.12949e+15	3.69e-13	1.52e-08	9.72e-05	1.27e-02	1.43e-01	8.44e-01	0.00e+00	0.00e+00
 6.32013e+15	4.89e-13	1.93e-08	1.17e-04	1.43e-02	1.52e-01	8.34e-01	0.00e+00	0.00e+00
 6.52817e+15	6.49e-13	2.45e-08	1.42e-04	1.62e-02	1.61e-01	8.23e-01	0.00e+00	0.00e+00
 6.75778e+15	9.02e-13	3.20e-08	1.75e-04	1.85e-02	1.72e-01	8.10e-01	0.00e+00	0.00e+00
 6.97055e+15	1.27e-12	4.20e-08	2.12e-04	2.09e-02	1.82e-01	7.97e-01	0.00e+00	0.00e+00
 7.20227e+15	1.75e-12	5.44e-08	2.59e-04	2.37e-02	1.93e-01	7.83e-01	0.00e+00	0.00e+00
 7.45697e+15	2.42e-12	7.11e-08	3.19e-04	2.70e-02	2.05e-01	7.67e-01	0.00e+00	0.00e+00
 7.69306e+15	3.18e-12	8.96e-08	3.85e-04	3.04e-02	2.16e-01	7.53e-01	0.00e+00	0.00e+00
 7.95149e+15	4.58e-12	1.19e-07	4.72e-04	3.45e-02	2.30e-01	7.35e-01	0.00e+00	0.00e+00
 8.23484e+15	6.34e-12	1.56e-07	5.82e-04	3.94e-02	2.43e-01	7.17e-01	0.00e+00	0.00e+00
 8.49786e+15	8.36e-12	1.97e-07	7.02e-04	4.43e-02	2.56e-01	6.99e-01	0.00e+00	0.00e+00
 8.74499e+15	1.10e-11	2.48e-07	8.36e-04	4.93e-02	2.68e-01	6.82e-01	0.00e+00	0.00e+00
 9.02417e+15	1.50e-11	3.18e-07	1.01e-03	5.54e-02	2.81e-01	6.62e-01	0.00e+00	0.00e+00
 9.33218e+15	2.18e-11	4.26e-07	1.24e-03	6.28e-02	2.96e-01	6.40e-01	0.00e+00	0.00e+00
 9.61278e+15	2.90e-11	5.39e-07	1.49e-03	7.00e-02	3.09e-01	6.19e-01	0.00e+00	0.00e+00
 9.85281e+15	3.69e-11	6.56e-07	1.73e-03	7.65e-02	3.20e-01	6.02e-01	0.00e+00	0.00e+00
 1.01050e+16	4.76e-11	8.05e-07	2.02e-03	8.40e-02	3.31e-01	5.83e-01	0.00e+00	0.00e+00
 1.03830e+16	5.98e-11	9.79e-07	2.37e-03	9.24e-02	3.43e-01	5.62e-01	0.00e+00	0.00e+00
 1.06948e+16	8.41e-11	1.28e-06	2.85e-03	1.03e-01	3.56e-01	5.38e-01	0.00e+00	0.00e+00
 1.10019e+16	1.06e-10	1.56e-06	3.37e-03	1.14e-01	3.67e-01	5.16e-01	0.00e+00	0.00e+00
 1.12567e+16	1.39e-10	1.93e-06	3.89e-03	1.23e-01	3.78e-01	4.95e-01	0.00e+00	0.00e+00
 1.15413e+16	1.80e-10	2.37e-06	4.55e-03	1.35e-01	3.87e-01	4.73e-01	0.00e+00	0.00e+00
 1.18614e+16	2.27e-10	2.89e-06	5.36e-03	1.48e-01	3.97e-01	4.50e-01	0.00e+00	0.00e+00
 1.21681e+16	3.09e-10	3.67e-06	6.31e-03	1.62e-01	4.06e-01	4.25e-01	0.00e+00	0.00e+00
 1.24496e+16	3.89e-10	4.43e-06	7.26e-03	1.75e-01	4.13e-01	4.04e-01	0.00e+00	0.00e+00
 1.27583e+16	4.83e-10	5.33e-06	8.46e-03	1.90e-01	4.20e-01	3.82e-01	0.00e+00	0.00e+00
 1.30985e+16	6.68e-10	6.86e-06	1.00e-02	2.08e-01	4.27e-01	3.55e-01	0.00e+00	0.00e+00
 1.34050e+16	8.55e-10	8.36e-06	1.16e-02	2.24e-01	4.31e-01	3.33e-01	0.00e+00	0.00e+00
 1.36852e+16	1.06e-09	9.95e-06	1.32e-02	2.40e-01	4.33e-01	3.13e-01	0.00e+00	0.00e+00
 1.40058e+16	1.33e-09	1.20e-05	1.54e-02	2.59e-01	4.35e-01	2.91e-01	0.00e+00	0.00e+00
 1.43451e+16	1.84e-09	1.54e-05	1.81e-02	2.80e-01	4.35e-01	2.67e-01	0.00e+00	0.00e+00
 1.46292e+16	2.26e-09	1.82e-05	2.06e-02	2.98e-01	4.34e-01	2.48e-01	0.00e+00	0.00e+00
 1.49189e+16	2.76e-09	2.15e-05	2.35e-02	3.17e-01	4.31e-01	2.29e-01	0.00e+00	0.00e+00
 1.52359e+16	3.79e-09	2.73e-05	2.73e-02	3.38e-01	4.26e-01	2.08e-01	0.00e+00	0.00e+00
 1.55113e+16	4.63e-09	3.22e-05	3.09e-02	3.57e-01	4.21e-01	1.91e-01	0.00e+00	0.00e+00
 1.57539e+16	5.48e-09	3.70e-05	3.44e-02	3.74e-01	4.14e-01	1.77e-01	0.00e+00	0.00e+00
 1.60309e+16	7.38e-09	4.61e-05	3.94e-02	3.95e-01	4.06e-01	1.60e-01	0.00e+00	0.00e+00
 1.63197e+16	8.79e-09	5.36e-05	4.47e-02	4.15e-01	3.96e-01	1.45e-01	0.00e+00	0.00e+00
 1.65708e+16	1.17e-08	6.63e-05	5.06e-02	4.34e-01	3.85e-01	1.30e-01	0.00e+00	0.00e+00
 1.67958e+16	1.43e-08	7.72e-05	5.62e-02	4.50e-01	3.75e-01	1.19e-01	0.00e+00	0.00e+00
 1.69996e+16	1.73e-08	8.94e-05	6.19e-02	4.65e-01	3.64e-01	1.08e-01	0.00e+00	0.00e+00
 1.71914e+16	2.06e-08	1.02e-04	6.78e-02	4.79e-01	3.54e-01	9.90e-02	0.00e+00	0.00e+00
 1.74075e+16	2.50e-08	1.19e-04	7.52e-02	4.95e-01	3.40e-01	8.89e-02	0.00e+00	0.00e+00
 1.76482e+16	3.16e-08	1.43e-04	8.46e-02	5.13e-01	3.25e-01	7.81e-02	0.00e+00	0.00e+00
 1.78642e+16	3.75e-08	1.64e-04	9.38e-02	5.27e-01	3.09e-01	6.93e-02	0.00e+00	0.00e+00
 1.80514e+16	4.57e-08	1.90e-04	1.03e-01	5.40e-01	2.95e-01	6.16e-02	0.00e+00	0.00e+00
 1.82285e+16	5.99e-08	2.30e-04	1.13e-01	5.52e-01	2.80e-01	5.42e-02	0.00e+00	0.00e+00
 1.83940e+16	6.75e-08	2.55e-04	1.23e-01	5.62e-01	2.66e-01	4.84e-02	0.00e+00	0.00e+00
 1.85740e+16	9.03e-08	3.13e-04	1.36e-01	5.73e-01	2.49e-01	4.14e-02	0.00e+00	0.00e+00
 1.87545e+16	1.12e-07	3.67e-04	1.50e-01	5.83e-01	2.32e-01	3.55e-02	0.00e+00	0.00e+00
 1.88966e+16	1.33e-07	4.18e-04	1.61e-01	5.90e-01	2.18e-01	3.11e-02	0.00e+00	0.00e+00
 1.90222e+16	1.55e-07	4.68e-04	1.73e-01	5.95e-01	2.04e-01	2.74e-02	0.00e+00	0.00e+00
 1.91653e+16	1.93e-07	5.48e-04	1.87e-01	6.01e-01	1.89e-01	2.31e-02	0.00e+00	0.00e+00
 1.93089e+16	2.31e-07	6.26e-04	2.02e-01	6.05e-01	1.73e-01	1.95e-02	0.00e+00	0.00e+00
 1.94223e+16	2.78e-07	7.14e-04	2.15e-01	6.08e-01	1.60e-01	1.67e-02	0.00e+00	0.00e+00
 1.95156e+16	3.15e-07	7.83e-04	2.26e-01	6.09e-01	1.49e-01	1.46e-02	0.00e+00	0.00e+00
 1.96138e+16	3.52e-07	8.52e-04	2.38e-01	6.11e-01	1.37e-01	1.25e-02	0.00e+00	0.00e+00
 1.97133e+16	4.11e-07	9.54e-04	2.52e-01	6.11e-01	1.26e-01	1.06e-02	0.00e+00	0.00e+00
 1.97850e+16	4.89e-07	1.07e-03	2.62e-01	6.10e-01	1.17e-01	9.14e-03	0.00e+00	0.00e+00
 1.98310e+16	5.25e-07	1.13e-03	2.69e-01	6.10e-01	1.12e-01	8.36e-03	0.00e+00	0.00e+00
 1.98729e+16	5.65e-07	1.19e-03	2.75e-01	6.09e-01	1.07e-01	7.65e-03	0.00e+00	0.00e+00
 1.99273e+16	6.00e-07	1.24e-03	2.83e-01	6.09e-01	1.00e-01	6.83e-03	0.00e+00	0.00e+00
 1.99981e+16	6.98e-07	1.38e-03	2.94e-01	6.07e-01	9.15e-02	5.75e-03	0.00e+00	0.00e+00
 2.00651e+16	7.80e-07	1.50e-03	3.04e-01	6.05e-01	8.40e-02	4.89e-03	0.00e+00	0.00e+00
 2.01150e+16	8.51e-07	1.59e-03	3.12e-01	6.04e-01	7.84e-02	4.30e-03	0.00e+00	0.00e+00
 2.01677e+16	9.15e-07	1.67e-03	3.20e-01	6.02e-01	7.25e-02	3.73e-03	0.00e+00	0.00e+00
 2.02361e+16	1.06e-06	1.86e-03	3.32e-01	5.98e-01	6.49e-02	3.02e-03	0.00e+00	0.00e+00
 2.03006e+16	1.19e-06	2.00e-03	3.42e-01	5.95e-01	5.85e-02	2.48e-03	0.00e+00	0.00e+00
 2.03493e+16	1.29e-06	2.12e-03	3.50e-01	5.92e-01	5.37e-02	2.12e-03	0.00e+00	0.00e+00
 2.04018e+16	1.42e-06	2.27e-03	3.58e-01	5.89e-01	4.86e-02	1.76e-03	0.00e+00	0.00e+00
 2.04700e+16	1.60e-06	2.47e-03	3.69e-01	5.85e-01	4.25e-02	1.37e-03	0.00e+00	0.00e+00
 2.05410e+16	1.80e-06	2.68e-03	3.80e-01	5.80e-01	3.69e-02	1.05e-03	0.00e+00	0.00e+00
 2.06020e+16	2.00e-06	2.88e-03	3.89e-01	5.75e-01	3.24e-02	8.29e-04	0.00e+00	0.00e+00
 2.06675e+16	2.23e-06	3.10e-03	3.99e-01	5.69e-01	2.80e-02	6.29e-04	0.00e+00	0.00e+00
 2.07526e+16	2.57e-06	3.41e-03	4.11e-01	5.62e-01	2.30e-02	4.36e-04	0.00e+00	0.00e+00
 2.08412e+16	2.94e-06	3.75e-03	4.24e-01	5.54e-01	1.87e-02	2.97e-04	0.00e+00	0.00e+00
 2.09192e+16	3.31e-06	4.05e-03	4.34e-01	5.46e-01	1.56e-02	2.10e-04	0.00e+00	0.00e+00
 2.10054e+16	3.76e-06	4.41e-03	4.45e-01	5.38e-01	1.27e-02	1.42e-04	0.00e+00	0.00e+00
 2.11174e+16	4.40e-06	4.90e-03	4.58e-01	5.27e-01	9.68e-03	8.51e-05	0.00e+00	0.00e+00
 2.12631e+16	5.35e-06	5.58e-03	4.75e-01	5.12e-01	6.87e-03	4.42e-05	0.00e+00	0.00e+00
 2.14200e+16	6.55e-06	6.36e-03	4.92e-01	4.97e-01	4.84e-03	2.25e-05	0.00e+00	0.00e+00
 2.15688e+16	7.91e-06	7.19e-03	5.08e-01	4.81e-01	3.51e-03	1.20e-05	0.00e+00	0.00e+00
 2.17397e+16	9.79e-06	8.27e-03	5.26e-01	4.63e-01	2.45e-03	5.95e-06	0.00e+00	0.00e+00
 2.18916e+16	1.19e-05	9.39e-03	5.42e-01	4.46e-01	1.83e-03	3.35e-06	0.00e+00	0.00e+00
 2.19833e+16	1.34e-05	1.02e-02	5.52e-01	4.36e-01	1.54e-03	2.38e-06	0.00e+00	0.00e+00
 2.20670e+16	1.50e-05	1.09e-02	5.62e-01	4.26e-01	1.30e-03	1.72e-06	0.00e+00	0.00e+00
 2.21758e+16	1.73e-05	1.20e-02	5.74e-01	4.13e-01	1.05e-03	1.13e-06	0.00e+00	0.00e+00
 2.22977e+16	2.04e-05	1.34e-02	5.88e-01	3.98e-01	8.39e-04	7.24e-07	0.00e+00	0.00e+00
 2.24099e+16	2.39e-05	1.48e-02	6.01e-01	3.84e-01	6.82e-04	0.00e+00	0.00e+00	0.00e+00
 2.25096e+16	2.76e-05	1.63e-02	6.13e-01	3.71e-01	5.66e-04	0.00e+00	0.00e+00	0.00e+00
 2.26195e+16	3.24e-05	1.82e-02	6.26e-01	3.56e-01	4.60e-04	0.00e+00	0.00e+00	0.00e+00
 2.27401e+16	3.89e-05	2.05e-02	6.40e-01	3.39e-01	3.67e-04	0.00e+00	0.00e+00	0.00e+00
 2.28366e+16	4.55e-05	2.27e-02	6.52e-01	3.25e-01	3.08e-04	0.00e+00	0.00e+00	0.00e+00
 2.29054e+16	5.08e-05	2.45e-02	6.61e-01	3.15e-01	2.71e-04	0.00e+00	0.00e+00	0.00e+00
 2.29762e+16	5.71e-05	2.64e-02	6.69e-01	3.04e-01	2.36e-04	0.00e+00	0.00e+00	0.00e+00
 2.30682e+16	6.66e-05	2.93e-02	6.81e-01	2.90e-01	1.97e-04	0.00e+00	0.00e+00	0.00e+00
 2.31623e+16	7.85e-05	3.27e-02	6.92e-01	2.75e-01	1.64e-04	0.00e+00	0.00e+00	0.00e+00
 2.32359e+16	8.97e-05	3.58e-02	7.01e-01	2.63e-01	1.42e-04	0.00e+00	0.00e+00	0.00e+00
 2.32974e+16	1.00e-04	3.86e-02	7.08e-01	2.53e-01	1.25e-04	0.00e+00	0.00e+00	0.00e+00
 2.33665e+16	1.14e-04	4.21e-02	7.16e-01	2.42e-01	1.08e-04	0.00e+00	0.00e+00	0.00e+00
 2.34563e+16	1.36e-04	4.72e-02	7.25e-01	2.27e-01	8.89e-05	0.00e+00	0.00e+00	0.00e+00
 2.35433e+16	1.62e-04	5.31e-02	7.34e-01	2.13e-01	7.37e-05	0.00e+00	0.00e+00	0.00e+00
 2.36054e+16	1.84e-04	5.79e-02	7.40e-01	2.02e-01	6.43e-05	0.00e+00	0.00e+00	0.00e+00
 2.36568e+16	2.05e-04	6.23e-02	7.44e-01	1.94e-01	5.71e-05	0.00e+00	0.00e+00	0.00e+00
 2.37159e+16	2.33e-04	6.78e-02	7.48e-01	1.84e-01	4.96e-05	0.00e+00	0.00e+00	0.00e+00
 2.37928e+16	2.76e-04	7.59e-02	7.53e-01	1.70e-01	4.10e-05	0.00e+00	0.00e+00	0.00e+00
 2.38686e+16	3.29e-04	8.52e-02	7.57e-01	1.58e-01	3.40e-05	0.00e+00	0.00e+00	0.00e+00
 2.39247e+16	3.76e-04	9.32e-02	7.58e-01	1.48e-01	2.94e-05	0.00e+00	0.00e+00	0.00e+00
 2.39713e+16	4.21e-04	1.00e-01	7.59e-01	1.40e-01	2.59e-05	0.00e+00	0.00e+00	0.00e+00
 2.40239e+16	4.80e-04	1.09e-01	7.59e-01	1.31e-01	2.23e-05	0.00e+00	0.00e+00	0.00e+00
 2.40923e+16	5.70e-04	1.23e-01	7.57e-01	1.20e-01	1.83e-05	0.00e+00	0.00e+00	0.00e+00
 2.41600e+16	6.82e-04	1.38e-01	7.53e-01	1.09e-01	1.49e-05	0.00e+00	0.00e+00	0.00e+00
 2.42100e+16	7.83e-04	1.51e-01	7.48e-01	1.01e-01	1.27e-05	0.00e+00	0.00e+00	0.00e+00
 2.42582e+16	8.96e-04	1.65e-01	7.42e-01	9.28e-02	1.08e-05	0.00e+00	0.00e+00	0.00e+00
 2.43209e+16	1.07e-03	1.85e-01	7.31e-01	8.29e-02	8.69e-06	0.00e+00	0.00e+00	0.00e+00
 2.43835e+16	1.29e-03	2.08e-01	7.17e-01	7.32e-02	6.88e-06	0.00e+00	0.00e+00	0.00e+00
 2.44309e+16	1.49e-03	2.28e-01	7.04e-01	6.62e-02	5.72e-06	0.00e+00	0.00e+00	0.00e+00
 2.44772e+16	1.73e-03	2.50e-01	6.89e-01	5.94e-02	4.71e-06	0.00e+00	0.00e+00	0.00e+00
 2.45374e+16	2.09e-03	2.82e-01	6.65e-01	5.09e-02	3.60e-06	0.00e+00	0.00e+00	0.00e+00
 2.45985e+16	2.56e-03	3.19e-01	6.36e-01	4.28e-02	2.68e-06	0.00e+00	0.00e+00	0.00e+00
 2.46465e+16	3.03e-03	3.52e-01	6.08e-01	3.67e-02	2.09e-06	0.00e+00	0.00e+00	0.00e+00
 2.46946e+16	3.59e-03	3.89e-01	5.77e-01	3.09e-02	1.58e-06	0.00e+00	0.00e+00	0.00e+00
 2.47487e+16	4.36e-03	4.34e-01	5.36e-01	2.50e-02	1.13e-06	0.00e+00	0.00e+00	0.00e+00
 2.47978e+16	5.21e-03	4.80e-01	4.95e-01	2.00e-02	8.09e-07	0.00e+00	0.00e+00	0.00e+00
 2.48394e+16	6.12e-03	5.22e-01	4.56e-01	1.63e-02	0.00e+00	0.00e+00	0.00e+00	0.00e+00
 2.48759e+16	7.02e-03	5.60e-01	4.19e-01	1.33e-02	0.00e+00	0.00e+00	0.00e+00	0.00e+00
 2.49100e+16	8.03e-03	5.98e-01	3.83e-01	1.08e-02	0.00e+00	0.00e+00	0.00e+00	0.00e+00
 2.49437e+16	9.16e-03	6.36e-01	3.46e-01	8.56e-03	0.00e+00	0.00e+00	0.00e+00	0.00e+00
 2.49766e+16	1.05e-02	6.73e-01	3.09e-01	6.70e-03	0.00e+00	0.00e+00	0.00e+00	0.00e+00
 2.50078e+16	1.19e-02	7.09e-01	2.74e-01	5.18e-03	0.00e+00	0.00e+00	0.00e+00	0.00e+00
 2.50371e+16	1.34e-02	7.42e-01	2.41e-01	3.98e-03	0.00e+00	0.00e+00	0.00e+00	0.00e+00
 2.50650e+16	1.50e-02	7.72e-01	2.10e-01	3.03e-03	0.00e+00	0.00e+00	0.00e+00	0.00e+00
 2.50920e+16	1.69e-02	7.99e-01	1.82e-01	2.27e-03	0.00e+00	0.00e+00	0.00e+00	0.00e+00
 2.51181e+16	1.89e-02	8.24e-01	1.56e-01	1.68e-03	0.00e+00	0.00e+00	0.00e+00	0.00e+00
 2.51431e+16	2.10e-02	8.46e-01	1.32e-01	1.23e-03	0.00e+00	0.00e+00	0.00e+00	0.00e+00
 2.51672e+16	2.34e-02	8.65e-01	1.11e-01	8.83e-04	0.00e+00	0.00e+00	0.00e+00	0.00e+00
 2.51905e+16	2.59e-02	8.81e-01	9.27e-02	6.31e-04	0.00e+00	0.00e+00	0.00e+00	0.00e+00
 2.52128e+16	2.87e-02	8.94e-01	7.69e-02	4.45e-04	0.00e+00	0.00e+00	0.00e+00	0.00e+00
 2.52348e+16	3.18e-02	9.05e-01	6.30e-02	3.08e-04	0.00e+00	0.00e+00	0.00e+00	0.00e+00
 2.52561e+16	3.53e-02	9.13e-01	5.11e-02	2.11e-04	0.00e+00	0.00e+00	0.00e+00	0.00e+00
 2.52765e+16	3.90e-02	9.19e-01	4.13e-02	1.43e-04	0.00e+00	0.00e+00	0.00e+00	0.00e+00
 2.52956e+16	4.30e-02	9.23e-01	3.34e-02	9.74e-05	0.00e+00	0.00e+00	0.00e+00	0.00e+00
 2.53135e+16	4.72e-02	9.26e-01	2.71e-02	6.67e-05	0.00e+00	0.00e+00	0.00e+00	0.00e+00
 2.53310e+16	5.16e-02	9.27e-01	2.18e-02	4.51e-05	0.00e+00	0.00e+00	0.00e+00	0.00e+00
 2.53476e+16	5.64e-02	9.26e-01	1.76e-02	3.06e-05	0.00e+00	0.00e+00	0.00e+00	0.00e+00
 2.53633e+16	6.15e-02	9.24e-01	1.42e-02	2.08e-05	0.00e+00	0.00e+00	0.00e+00	0.00e+00
 2.53786e+16	6.67e-02	9.22e-01	1.14e-02	1.41e-05	0.00e+00	0.00e+00	0.00e+00	0.00e+00
 2.53931e+16	7.22e-02	9.19e-01	9.24e-03	9.59e-06	0.00e+00	0.00e+00	0.00e+00	0.00e+00
 2.54067e+16	7.79e-02	9.15e-01	7.49e-03	6.58e-06	0.00e+00	0.00e+00	0.00e+00	0.00e+00
 2.54196e+16	8.36e-02	9.10e-01	6.11e-03	4.57e-06	0.00e+00	0.00e+00	0.00e+00	0.00e+00
 2.54312e+16	8.91e-02	9.06e-01	5.06e-03	3.25e-06	0.00e+00	0.00e+00	0.00e+00	0.00e+00
 2.54416e+16	9.45e-02	9.01e-01	4.26e-03	2.38e-06	0.00e+00	0.00e+00	0.00e+00	0.00e+00
 2.54512e+16	9.96e-02	8.97e-01	3.61e-03	1.77e-06	0.00e+00	0.00e+00	0.00e+00	0.00e+00
 2.54588e+16	1.04e-01	8.93e-01	3.17e-03	1.40e-06	0.00e+00	0.00e+00	0.00e+00	0.00e+00
 2.54639e+16	1.07e-01	8.90e-01	2.90e-03	1.20e-06	0.00e+00	0.00e+00	0.00e+00	0.00e+00
 2.54686e+16	1.10e-01	8.88e-01	2.67e-03	1.03e-06	0.00e+00	0.00e+00	0.00e+00	0.00e+00
 2.54739e+16	1.13e-01	8.84e-01	2.42e-03	8.59e-07	0.00e+00	0.00e+00	0.00e+00	0.00e+00
 2.54798e+16	1.17e-01	8.81e-01	2.17e-03	0.00e+00	0.00e+00	0.00e+00	0.00e+00	0.00e+00
 2.54855e+16	1.21e-01	8.77e-01	1.95e-03	0.00e+00	0.00e+00	0.00e+00	0.00e+00	0.00e+00
 2.54907e+16	1.24e-01	8.74e-01	1.77e-03	0.00e+00	0.00e+00	0.00e+00	0.00e+00	0.00e+00
 2.54958e+16	1.28e-01	8.70e-01	1.60e-03	0.00e+00	0.00e+00	0.00e+00	0.00e+00	0.00e+00
 2.55011e+16	1.32e-01	8.67e-01	1.45e-03	0.00e+00	0.00e+00	0.00e+00	0.00e+00	0.00e+00
 2.55063e+16	1.36e-01	8.63e-01	1.31e-03	0.00e+00	0.00e+00	0.00e+00	0.00e+00	0.00e+00
 2.55114e+16	1.40e-01	8.59e-01	1.18e-03	0.00e+00	0.00e+00	0.00e+00	0.00e+00	0.00e+00
 2.55165e+16	1.44e-01	8.55e-01	1.07e-03	0.00e+00	0.00e+00	0.00e+00	0.00e+00	0.00e+00
 2.55216e+16	1.49e-01	8.50e-01	9.62e-04	0.00e+00	0.00e+00	0.00e+00	0.00e+00	0.00e+00
 2.55265e+16	1.53e-01	8.46e-01	8.69e-04	0.00e+00	0.00e+00	0.00e+00	0.00e+00	0.00e+00
 2.55313e+16	1.58e-01	8.41e-01	7.86e-04	0.00e+00	0.00e+00	0.00e+00	0.00e+00	0.00e+00
 2.55361e+16	1.62e-01	8.37e-01	7.08e-04	0.00e+00	0.00e+00	0.00e+00	0.00e+00	0.00e+00
 2.55410e+16	1.67e-01	8.32e-01	6.39e-04	0.00e+00	0.00e+00	0.00e+00	0.00e+00	0.00e+00
 2.55457e+16	1.72e-01	8.27e-01	5.76e-04	0.00e+00	0.00e+00	0.00e+00	0.00e+00	0.00e+00
 2.55504e+16	1.78e-01	8.22e-01	5.20e-04	0.00e+00	0.00e+00	0.00e+00	0.00e+00	0.00e+00
 2.55550e+16	1.84e-01	8.16e-01	4.68e-04	0.00e+00	0.00e+00	0.00e+00	0.00e+00	0.00e+00
 2.55596e+16	1.89e-01	8.11e-01	4.22e-04	0.00e+00	0.00e+00	0.00e+00	0.00e+00	0.00e+00
 2.55641e+16	1.95e-01	8.05e-01	3.80e-04	0.00e+00	0.00e+00	0.00e+00	0.00e+00	0.00e+00
 2.55685e+16	2.01e-01	7.98e-01	3.43e-04	0.00e+00	0.00e+00	0.00e+00	0.00e+00	0.00e+00
 2.55729e+16	2.08e-01	7.92e-01	3.08e-04	0.00e+00	0.00e+00	0.00e+00	0.00e+00	0.00e+00
 2.55773e+16	2.14e-01	7.85e-01	2.77e-04	0.00e+00	0.00e+00	0.00e+00	0.00e+00	0.00e+00
 2.55817e+16	2.22e-01	7.78e-01	2.49e-04	0.00e+00	0.00e+00	0.00e+00	0.00e+00	0.00e+00
 2.55859e+16	2.29e-01	7.70e-01	2.24e-04	0.00e+00	0.00e+00	0.00e+00	0.00e+00	0.00e+00
 2.55901e+16	2.37e-01	7.63e-01	2.01e-04	0.00e+00	0.00e+00	0.00e+00	0.00e+00	0.00e+00
 2.55943e+16	2.45e-01	7.54e-01	1.81e-04	0.00e+00	0.00e+00	0.00e+00	0.00e+00	0.00e+00
 2.55984e+16	2.54e-01	7.46e-01	1.62e-04	0.00e+00	0.00e+00	0.00e+00	0.00e+00	0.00e+00
 2.56024e+16	2.64e-01	7.36e-01	1.45e-04	0.00e+00	0.00e+00	0.00e+00	0.00e+00	0.00e+00
 2.56064e+16	2.73e-01	7.26e-01	1.31e-04	0.00e+00	0.00e+00	0.00e+00	0.00e+00	0.00e+00
 2.56103e+16	2.84e-01	7.15e-01	1.17e-04	0.00e+00	0.00e+00	0.00e+00	0.00e+00	0.00e+00
 2.56140e+16	2.95e-01	7.04e-01	1.05e-04	0.00e+00	0.00e+00	0.00e+00	0.00e+00	0.00e+00
 2.56177e+16	3.07e-01	6.93e-01	9.44e-05	0.00e+00	0.00e+00	0.00e+00	0.00e+00	0.00e+00
 2.56214e+16	3.19e-01	6.81e-01	8.46e-05	0.00e+00	0.00e+00	0.00e+00	0.00e+00	0.00e+00
 2.56250e+16	3.32e-01	6.68e-01	7.58e-05	0.00e+00	0.00e+00	0.00e+00	0.00e+00	0.00e+00
 2.56285e+16	3.45e-01	6.55e-01	6.80e-05	0.00e+00	0.00e+00	0.00e+00	0.00e+00	0.00e+00
 2.56320e+16	3.59e-01	6.41e-01	6.09e-05	0.00e+00	0.00e+00	0.00e+00	0.00e+00	0.00e+00
 2.56354e+16	3.74e-01	6.26e-01	5.45e-05	0.00e+00	0.00e+00	0.00e+00	0.00e+00	0.00e+00
 2.56387e+16	3.89e-01	6.11e-01	4.87e-05	0.00e+00	0.00e+00	0.00e+00	0.00e+00	0.00e+00
 2.56420e+16	4.06e-01	5.94e-01	4.35e-05	0.00e+00	0.00e+00	0.00e+00	0.00e+00	0.00e+00
 2.56453e+16	4.23e-01	5.77e-01	3.88e-05	0.00e+00	0.00e+00	0.00e+00	0.00e+00	0.00e+00
 2.56485e+16	4.44e-01	5.56e-01	3.44e-05	0.00e+00	0.00e+00	0.00e+00	0.00e+00	0.00e+00
 2.56516e+16	4.63e-01	5.37e-01	3.06e-05	0.00e+00	0.00e+00	0.00e+00	0.00e+00	0.00e+00
 2.56547e+16	4.82e-01	5.18e-01	2.72e-05	0.00e+00	0.00e+00	0.00e+00	0.00e+00	0.00e+00
 2.56578e+16	5.03e-01	4.97e-01	2.40e-05	0.00e+00	0.00e+00	0.00e+00	0.00e+00	0.00e+00
 2.56608e+16	5.25e-01	4.75e-01	2.12e-05	0.00e+00	0.00e+00	0.00e+00	0.00e+00	0.00e+00
 2.56639e+16	5.47e-01	4.53e-01	1.87e-05	0.00e+00	0.00e+00	0.00e+00	0.00e+00	0.00e+00
 2.56669e+16	5.69e-01	4.31e-01	1.64e-05	0.00e+00	0.00e+00	0.00e+00	0.00e+00	0.00e+00
 2.56698e+16	5.92e-01	4.08e-01	1.44e-05	0.00e+00	0.00e+00	0.00e+00	0.00e+00	0.00e+00
 2.56728e+16	6.15e-01	3.85e-01	1.25e-05	0.00e+00	0.00e+00	0.00e+00	0.00e+00	0.00e+00
 2.56757e+16	6.39e-01	3.61e-01	1.09e-05	0.00e+00	0.00e+00	0.00e+00	0.00e+00	0.00e+00
 2.56783e+16	6.59e-01	3.41e-01	9.67e-06	0.00e+00	0.00e+00	0.00e+00	0.00e+00	0.00e+00
 2.56803e+16	6.75e-01	3.25e-01	8.78e-06	0.00e+00	0.00e+00	0.00e+00	0.00e+00	0.00e+00
 2.56821e+16	6.90e-01	3.10e-01	8.00e-06	0.00e+00	0.00e+00	0.00e+00	0.00e+00	0.00e+00
