#depth	He	He+	He+2
 1.49634e+10	3.71e-23	3.27e-12	1.00e+00
 4.54887e+10	4.14e-23	3.53e-12	1.00e+00
 7.72350e+10	4.61e-23	3.83e-12	1.00e+00
 1.10251e+11	5.14e-23	4.14e-12	1.00e+00
 1.44588e+11	5.73e-23	4.49e-12	1.00e+00
 1.80298e+11	6.41e-23	4.86e-12	1.00e+00
 2.17437e+11	7.16e-23	5.26e-12	1.00e+00
 2.56061e+11	8.02e-23	5.70e-12	1.00e+00
 2.96231e+11	8.99e-23	6.18e-12	1.00e+00
 3.38007e+11	1.01e-22	6.70e-12	1.00e+00
 3.81454e+11	1.14e-22	7.26e-12	1.00e+00
 4.26639e+11	1.28e-22	7.87e-12	1.00e+00
 4.73631e+11	1.44e-22	8.53e-12	1.00e+00
 5.22503e+11	1.63e-22	9.25e-12	1.00e+00
 5.69731e+11	1.83e-22	9.98e-12	1.00e+00
 6.12688e+11	2.02e-22	1.07e-11	1.00e+00
 6.60169e+11	2.25e-22	1.15e-11	1.00e+00
 7.15710e+11	2.56e-22	1.24e-11	1.00e+00
 7.70905e+11	2.89e-22	1.34e-11	1.00e+00
 8.23670e+11	3.24e-22	1.44e-11	1.00e+00
 8.81905e+11	3.65e-22	1.56e-11	1.00e+00
 9.47108e+11	4.17e-22	1.69e-11	1.00e+00
 1.01321e+12	4.76e-22	1.83e-11	1.00e+00
 1.08197e+12	5.43e-22	1.99e-11	1.00e+00
 1.15517e+12	6.22e-22	2.16e-11	1.00e+00
 1.23130e+12	7.14e-22	2.35e-11	1.00e+00
 1.31048e+12	8.21e-22	2.56e-11	1.00e+00
 1.39283e+12	9.45e-22	2.79e-11	1.00e+00
 1.47847e+12	1.09e-21	3.03e-11	1.00e+00
 1.56754e+12	1.26e-21	3.30e-11	1.00e+00
 1.65117e+12	1.43e-21	3.57e-11	1.00e+00
 1.72579e+12	1.60e-21	3.82e-11	1.00e+00
 1.80951e+12	1.81e-21	4.11e-11	1.00e+00
 1.90893e+12	2.09e-21	4.47e-11	1.00e+00
 2.00903e+12	2.40e-21	4.86e-11	1.00e+00
 2.10329e+12	2.73e-21	5.24e-11	1.00e+00
 2.20750e+12	3.12e-21	5.68e-11	1.00e+00
 2.32572e+12	3.63e-21	6.21e-11	1.00e+00
 2.44368e+12	4.19e-21	6.77e-11	1.00e+00
 2.56636e+12	4.83e-21	7.38e-11	1.00e+00
 2.69894e+12	5.62e-21	8.08e-11	1.00e+00
 2.82296e+12	6.44e-21	8.77e-11	1.00e+00
 2.93178e+12	7.23e-21	9.40e-11	1.00e+00
 3.05229e+12	8.16e-21	1.01e-10	1.00e+00
 3.19777e+12	9.45e-21	1.11e-10	1.00e+00
 3.34624e+12	1.09e-20	1.21e-10	1.00e+00
 3.48405e+12	1.24e-20	1.31e-10	1.00e+00
 3.63674e+12	1.42e-20	1.42e-10	1.00e+00
 3.81214e+12	1.65e-20	1.57e-10	1.00e+00
 3.98318e+12	1.90e-20	1.71e-10	1.00e+00
 4.14575e+12	2.15e-20	1.86e-10	1.00e+00
 4.32620e+12	2.47e-20	2.03e-10	1.00e+00
 4.52918e+12	2.86e-20	2.24e-10	1.00e+00
 4.73232e+12	3.30e-20	2.46e-10	1.00e+00
 4.94360e+12	3.79e-20	2.71e-10	1.00e+00
 5.16373e+12	4.36e-20	2.98e-10	1.00e+00
 5.37962e+12	4.97e-20	3.26e-10	1.00e+00
 5.61167e+12	5.67e-20	3.59e-10	1.00e+00
 5.86606e+12	6.53e-20	3.97e-10	1.00e+00
 6.13063e+12	7.49e-20	4.39e-10	1.00e+00
 6.40578e+12	8.58e-20	4.86e-10	1.00e+00
 6.65375e+12	9.66e-20	5.31e-10	1.00e+00
 6.85890e+12	1.06e-19	5.71e-10	1.00e+00
 7.08306e+12	1.17e-19	6.16e-10	1.00e+00
 7.36891e+12	1.31e-19	6.77e-10	1.00e+00
 7.66813e+12	1.48e-19	7.45e-10	1.00e+00
 7.93152e+12	1.64e-19	8.09e-10	1.00e+00
 8.17355e+12	1.79e-19	8.70e-10	1.00e+00
 8.44657e+12	1.97e-19	9.42e-10	1.00e+00
 8.78787e+12	2.21e-19	1.04e-09	1.00e+00
 9.13058e+12	2.47e-19	1.14e-09	1.00e+00
 9.42276e+12	2.70e-19	1.23e-09	1.00e+00
 9.73661e+12	2.97e-19	1.33e-09	1.00e+00
 1.01272e+13	3.33e-19	1.47e-09	1.00e+00
 1.05308e+13	3.74e-19	1.62e-09	1.00e+00
 1.08953e+13	4.14e-19	1.76e-09	1.00e+00
 1.12960e+13	4.62e-19	1.92e-09	1.00e+00
 1.17678e+13	5.25e-19	2.12e-09	1.00e+00
 1.22390e+13	5.95e-19	2.33e-09	1.00e+00
 1.26850e+13	6.69e-19	2.54e-09	1.00e+00
 1.31781e+13	7.59e-19	2.79e-09	1.00e+00
 1.37352e+13	8.75e-19	3.08e-09	1.00e+00
 1.42351e+13	9.92e-19	3.35e-09	1.00e+00
 1.46458e+13	1.10e-18	3.59e-09	1.00e+00
 1.50938e+13	1.22e-18	3.85e-09	1.00e+00
 1.56690e+13	1.41e-18	4.21e-09	1.00e+00
 1.62511e+13	1.61e-18	4.59e-09	1.00e+00
 1.67308e+13	1.81e-18	4.92e-09	1.00e+00
 1.72357e+13	2.03e-18	5.27e-09	1.00e+00
 1.78865e+13	2.34e-18	5.75e-09	1.00e+00
 1.85708e+13	2.72e-18	6.28e-09	1.00e+00
 1.91689e+13	3.10e-18	6.76e-09	1.00e+00
 1.98108e+13	3.54e-18	7.29e-09	1.00e+00
 2.05249e+13	4.10e-18	7.92e-09	1.00e+00
 2.11902e+13	4.68e-18	8.52e-09	1.00e+00
 2.19128e+13	5.39e-18	9.21e-09	1.00e+00
 2.27144e+13	6.27e-18	1.00e-08	1.00e+00
 2.34596e+13	7.20e-18	1.08e-08	1.00e+00
 2.42691e+13	8.31e-18	1.16e-08	1.00e+00
 2.51714e+13	9.73e-18	1.27e-08	1.00e+00
 2.60164e+13	1.12e-17	1.36e-08	1.00e+00
 2.69369e+13	1.30e-17	1.47e-08	1.00e+00
 2.79643e+13	1.53e-17	1.61e-08	1.00e+00
 2.89298e+13	1.77e-17	1.73e-08	1.00e+00
 2.99842e+13	2.07e-17	1.88e-08	1.00e+00
 3.11656e+13	2.45e-17	2.05e-08	1.00e+00
 3.22848e+13	2.85e-17	2.22e-08	1.00e+00
 3.34898e+13	3.34e-17	2.40e-08	1.00e+00
 3.48593e+13	3.98e-17	2.63e-08	1.00e+00
 3.62066e+13	4.69e-17	2.86e-08	1.00e+00
 3.76078e+13	5.51e-17	3.10e-08	1.00e+00
 3.91420e+13	6.57e-17	3.39e-08	1.00e+00
 4.07008e+13	7.75e-17	3.69e-08	1.00e+00
 4.23218e+13	9.15e-17	4.01e-08	1.00e+00
 4.39049e+13	1.07e-16	4.35e-08	1.00e+00
 4.52126e+13	1.22e-16	4.63e-08	1.00e+00
 4.65215e+13	1.37e-16	4.92e-08	1.00e+00
 4.82215e+13	1.59e-16	5.31e-08	1.00e+00
 4.99945e+13	1.86e-16	5.74e-08	1.00e+00
 5.14934e+13	2.10e-16	6.11e-08	1.00e+00
 5.30714e+13	2.39e-16	6.51e-08	1.00e+00
 5.50576e+13	2.77e-16	7.03e-08	1.00e+00
 5.70878e+13	3.23e-16	7.59e-08	1.00e+00
 5.88277e+13	3.66e-16	8.08e-08	1.00e+00
 6.06766e+13	4.15e-16	8.61e-08	1.00e+00
 6.29711e+13	4.83e-16	9.29e-08	1.00e+00
 6.53185e+13	5.63e-16	1.00e-07	1.00e+00
 6.73830e+13	6.37e-16	1.07e-07	1.00e+00
 6.96059e+13	7.26e-16	1.14e-07	1.00e+00
 7.22945e+13	8.46e-16	1.23e-07	1.00e+00
 7.50123e+13	9.80e-16	1.33e-07	1.00e+00
 7.75044e+13	1.12e-15	1.42e-07	1.00e+00
 8.02793e+13	1.28e-15	1.52e-07	1.00e+00
 8.34997e+13	1.50e-15	1.64e-07	1.00e+00
 8.66789e+13	1.74e-15	1.77e-07	1.00e+00
 8.96934e+13	1.99e-15	1.90e-07	1.00e+00
 9.30191e+13	2.29e-15	2.04e-07	1.00e+00
 9.67698e+13	2.67e-15	2.20e-07	1.00e+00
 1.00671e+14	3.12e-15	2.39e-07	1.00e+00
 1.04727e+14	3.64e-15	2.58e-07	1.00e+00
 1.08946e+14	4.24e-15	2.78e-07	1.00e+00
 1.13006e+14	4.88e-15	2.99e-07	1.00e+00
 1.16790e+14	5.55e-15	3.19e-07	1.00e+00
 1.20357e+14	6.22e-15	3.39e-07	1.00e+00
 1.24249e+14	7.05e-15	3.61e-07	1.00e+00
 1.28574e+14	8.04e-15	3.86e-07	1.00e+00
 1.32661e+14	9.06e-15	4.10e-07	1.00e+00
 1.37170e+14	1.03e-14	4.38e-07	1.00e+00
 1.42218e+14	1.19e-14	4.71e-07	1.00e+00
 1.46997e+14	1.35e-14	5.02e-07	1.00e+00
 1.52240e+14	1.54e-14	5.38e-07	1.00e+00
 1.58167e+14	1.78e-14	5.80e-07	1.00e+00
 1.63889e+14	2.05e-14	6.23e-07	1.00e+00
 1.69994e+14	2.35e-14	6.69e-07	1.00e+00
 1.76824e+14	2.75e-14	7.24e-07	1.00e+00
 1.83138e+14	3.14e-14	7.77e-07	1.00e+00
 1.88606e+14	3.52e-14	8.25e-07	1.00e+00
 1.94666e+14	3.98e-14	8.78e-07	1.00e+00
 2.02068e+14	4.60e-14	9.48e-07	1.00e+00
 2.09558e+14	5.28e-14	1.02e-06	1.00e+00
 2.16294e+14	5.98e-14	1.09e-06	1.00e+00
 2.23709e+14	6.80e-14	1.16e-06	1.00e+00
 2.32472e+14	7.90e-14	1.26e-06	1.00e+00
 2.41076e+14	9.06e-14	1.35e-06	1.00e+00
 2.48950e+14	1.03e-13	1.45e-06	1.00e+00
 2.57787e+14	1.17e-13	1.55e-06	1.00e+00
 2.68053e+14	1.36e-13	1.68e-06	1.00e+00
 2.78105e+14	1.56e-13	1.81e-06	1.00e+00
 2.87611e+14	1.77e-13	1.94e-06	1.00e+00
 2.98197e+14	2.03e-13	2.09e-06	1.00e+00
 3.10155e+14	2.36e-13	2.26e-06	1.00e+00
 3.21470e+14	2.69e-13	2.43e-06	1.00e+00
 3.31751e+14	3.03e-13	2.60e-06	1.00e+00
 3.43393e+14	3.44e-13	2.78e-06	1.00e+00
 3.56988e+14	3.97e-13	3.01e-06	1.00e+00
 3.70063e+14	4.53e-13	3.24e-06	1.00e+00
 3.80839e+14	5.03e-13	3.44e-06	1.00e+00
 3.91687e+14	5.57e-13	3.64e-06	1.00e+00
 4.05789e+14	6.34e-13	3.91e-06	1.00e+00
 4.20454e+14	7.22e-13	4.21e-06	1.00e+00
 4.32780e+14	7.99e-13	4.46e-06	1.00e+00
 4.45735e+14	8.88e-13	4.73e-06	1.00e+00
 4.62134e+14	1.01e-12	5.10e-06	1.00e+00
 4.79210e+14	1.15e-12	5.49e-06	1.00e+00
 4.94280e+14	1.28e-12	5.85e-06	1.00e+00
 5.10540e+14	1.44e-12	6.25e-06	1.00e+00
 5.30141e+14	1.64e-12	6.75e-06	1.00e+00
 5.49494e+14	1.86e-12	7.26e-06	1.00e+00
 5.66657e+14	2.07e-12	7.74e-06	1.00e+00
 5.85563e+14	2.32e-12	8.27e-06	1.00e+00
 6.08188e+14	2.65e-12	8.95e-06	1.00e+00
 6.30638e+14	3.00e-12	9.63e-06	1.00e+00
 6.51040e+14	3.36e-12	1.03e-05	1.00e+00
 6.73790e+14	3.77e-12	1.10e-05	1.00e+00
 7.00397e+14	4.31e-12	1.20e-05	1.00e+00
 7.26471e+14	4.89e-12	1.29e-05	1.00e+00
 7.50897e+14	5.49e-12	1.39e-05	1.00e+00
 7.78273e+14	6.21e-12	1.49e-05	1.00e+00
 8.09433e+14	7.14e-12	1.62e-05	1.00e+00
 8.40378e+14	8.09e-12	1.75e-05	1.00e+00
 8.72561e+14	9.25e-12	1.90e-05	1.00e+00
 9.01540e+14	1.04e-11	2.04e-05	1.00e+00
 9.23250e+14	1.13e-11	2.15e-05	1.00e+00
 9.45917e+14	1.23e-11	2.26e-05	1.00e+00
 9.75384e+14	1.37e-11	2.42e-05	1.00e+00
 1.00736e+15	1.54e-11	2.60e-05	1.00e+00
 1.03619e+15	1.70e-11	2.76e-05	1.00e+00
 1.06728e+15	1.89e-11	2.94e-05	1.00e+00
 1.10656e+15	2.17e-11	3.19e-05	1.00e+00
 1.14606e+15	2.45e-11	3.44e-05	1.00e+00
 1.17951e+15	2.73e-11	3.68e-05	1.00e+00
 1.21551e+15	3.05e-11	3.93e-05	1.00e+00
 1.26060e+15	3.49e-11	4.26e-05	1.00e+00
 1.30698e+15	4.00e-11	4.63e-05	1.00e+00
 1.34780e+15	4.49e-11	4.96e-05	1.00e+00
 1.39187e+15	5.04e-11	5.33e-05	1.00e+00
 1.44513e+15	5.85e-11	5.81e-05	1.00e+00
 1.49796e+15	6.71e-11	6.30e-05	1.00e+00
 1.54486e+15	7.53e-11	6.75e-05	1.00e+00
 1.59643e+15	8.58e-11	7.28e-05	1.00e+00
 1.65810e+15	9.91e-11	7.94e-05	1.00e+00
 1.71956e+15	1.14e-10	8.62e-05	1.00e+00
 1.77575e+15	1.29e-10	9.28e-05	1.00e+00
 1.83842e+15	1.48e-10	1.00e-04	1.00e+00
 1.91134e+15	1.72e-10	1.10e-04	1.00e+00
 1.98304e+15	1.99e-10	1.19e-04	1.00e+00
 2.05106e+15	2.28e-10	1.29e-04	1.00e+00
 2.11048e+15	2.54e-10	1.37e-04	1.00e+00
 2.15983e+15	2.79e-10	1.45e-04	1.00e+00
 2.21448e+15	3.09e-10	1.53e-04	1.00e+00
 2.28553e+15	3.50e-10	1.65e-04	1.00e+00
 2.36008e+15	3.98e-10	1.77e-04	1.00e+00
 2.42376e+15	4.43e-10	1.88e-04	1.00e+00
 2.49109e+15	4.92e-10	2.00e-04	1.00e+00
 2.57862e+15	5.67e-10	2.17e-04	1.00e+00
 2.66922e+15	6.54e-10	2.34e-04	1.00e+00
 2.74533e+15	7.31e-10	2.49e-04	1.00e+00
 2.82577e+15	8.18e-10	2.66e-04	1.00e+00
 2.92868e+15	9.47e-10	2.89e-04	1.00e+00
 3.03662e+15	1.10e-09	3.13e-04	1.00e+00
 3.13232e+15	1.25e-09	3.36e-04	1.00e+00
 3.23625e+15	1.41e-09	3.61e-04	1.00e+00
 3.36091e+15	1.67e-09	3.93e-04	1.00e+00
 3.48478e+15	1.90e-09	4.26e-04	1.00e+00
 3.59673e+15	2.17e-09	4.57e-04	1.00e+00
 3.72093e+15	2.49e-09	4.93e-04	1.00e+00
 3.86697e+15	2.97e-09	5.38e-04	9.99e-01
 4.01111e+15	3.44e-09	5.83e-04	9.99e-01
 4.14579e+15	3.94e-09	6.28e-04	9.99e-01
 4.29643e+15	4.51e-09	6.79e-04	9.99e-01
 4.46832e+15	5.42e-09	7.43e-04	9.99e-01
 4.61145e+15	6.17e-09	7.96e-04	9.99e-01
 4.71283e+15	6.75e-09	8.35e-04	9.99e-01
 4.81835e+15	7.40e-09	8.77e-04	9.99e-01
 4.95552e+15	8.20e-09	9.33e-04	9.99e-01
 5.10909e+15	9.48e-09	9.99e-04	9.99e-01
 5.25298e+15	1.06e-08	1.06e-03	9.99e-01
 5.40901e+15	1.18e-08	1.13e-03	9.99e-01
 5.58414e+15	1.37e-08	1.22e-03	9.99e-01
 5.74895e+15	1.55e-08	1.30e-03	9.99e-01
 5.92806e+15	1.73e-08	1.39e-03	9.99e-01
 6.12949e+15	2.03e-08	1.50e-03	9.99e-01
 6.32013e+15	2.30e-08	1.60e-03	9.98e-01
 6.52817e+15	2.60e-08	1.72e-03	9.98e-01
 6.75778e+15	3.00e-08	1.86e-03	9.98e-01
 6.97055e+15	3.50e-08	1.99e-03	9.98e-01
 7.20227e+15	4.02e-08	2.15e-03	9.98e-01
 7.45697e+15	4.63e-08	2.32e-03	9.98e-01
 7.69306e+15	5.23e-08	2.49e-03	9.98e-01
 7.95149e+15	6.15e-08	2.69e-03	9.97e-01
 8.23484e+15	7.09e-08	2.91e-03	9.97e-01
 8.49786e+15	8.04e-08	3.13e-03	9.97e-01
 8.74499e+15	9.12e-08	3.35e-03	9.97e-01
 9.02417e+15	1.05e-07	3.61e-03	9.96e-01
 9.33218e+15	1.24e-07	3.92e-03	9.96e-01
 9.61278e+15	1.41e-07	4.21e-03	9.96e-01
 9.85281e+15	1.57e-07	4.47e-03	9.96e-01
 1.01050e+16	1.77e-07	4.77e-03	9.95e-01
 1.03830e+16	1.97e-07	5.10e-03	9.95e-01
 1.06948e+16	2.30e-07	5.51e-03	9.94e-01
 1.10019e+16	2.57e-07	5.92e-03	9.94e-01
 1.12567e+16	2.92e-07	6.30e-03	9.94e-01
 1.15413e+16	3.30e-07	6.75e-03	9.93e-01
 1.18614e+16	3.71e-07	7.28e-03	9.93e-01
 1.21681e+16	4.30e-07	7.85e-03	9.92e-01
 1.24496e+16	4.82e-07	8.39e-03	9.92e-01
 1.27583e+16	5.40e-07	9.04e-03	9.91e-01
 1.30985e+16	6.35e-07	9.84e-03	9.90e-01
 1.34050e+16	7.19e-07	1.06e-02	9.89e-01
 1.36852e+16	8.05e-07	1.14e-02	9.89e-01
 1.40058e+16	9.14e-07	1.24e-02	9.88e-01
 1.43451e+16	1.08e-06	1.35e-02	9.86e-01
 1.46292e+16	1.21e-06	1.46e-02	9.85e-01
 1.49189e+16	1.37e-06	1.58e-02	9.84e-01
 1.52359e+16	1.63e-06	1.74e-02	9.83e-01
 1.55113e+16	1.83e-06	1.88e-02	9.81e-01
 1.57539e+16	2.05e-06	2.03e-02	9.80e-01
 1.60309e+16	2.43e-06	2.23e-02	9.78e-01
 1.63197e+16	2.75e-06	2.45e-02	9.75e-01
 1.65708e+16	3.25e-06	2.69e-02	9.73e-01
 1.67958e+16	3.70e-06	2.93e-02	9.71e-01
 1.69996e+16	4.20e-06	3.18e-02	9.68e-01
 1.71914e+16	4.74e-06	3.45e-02	9.66e-01
 1.74075e+16	5.44e-06	3.79e-02	9.62e-01
 1.76482e+16	6.46e-06	4.25e-02	9.57e-01
 1.78642e+16	7.46e-06	4.74e-02	9.53e-01
 1.80514e+16	8.68e-06	5.25e-02	9.48e-01
 1.82285e+16	1.04e-05	5.81e-02	9.42e-01
 1.83940e+16	1.17e-05	6.43e-02	9.36e-01
 1.85740e+16	1.44e-05	7.26e-02	9.27e-01
 1.87545e+16	1.73e-05	8.25e-02	9.17e-01
 1.88966e+16	2.01e-05	9.19e-02	9.08e-01
 1.90222e+16	2.32e-05	1.02e-01	8.98e-01
 1.91653e+16	2.80e-05	1.16e-01	8.84e-01
 1.93089e+16	3.35e-05	1.32e-01	8.68e-01
 1.94223e+16	3.95e-05	1.48e-01	8.52e-01
 1.95156e+16	4.52e-05	1.63e-01	8.37e-01
 1.96138e+16	5.21e-05	1.82e-01	8.18e-01
 1.97133e+16	6.11e-05	2.04e-01	7.96e-01
 1.97850e+16	7.00e-05	2.22e-01	7.77e-01
 1.98310e+16	7.56e-05	2.35e-01	7.65e-01
 1.98729e+16	8.16e-05	2.48e-01	7.52e-01
 1.99273e+16	8.93e-05	2.66e-01	7.34e-01
 1.99981e+16	1.03e-04	2.92e-01	7.08e-01
 2.00651e+16	1.16e-04	3.19e-01	6.81e-01
 2.01150e+16	1.27e-04	3.40e-01	6.60e-01
 2.01677e+16	1.40e-04	3.65e-01	6.35e-01
 2.02361e+16	1.61e-04	4.00e-01	6.00e-01
 2.03006e+16	1.80e-04	4.34e-01	5.66e-01
 2.03493e+16	1.97e-04	4.62e-01	5.38e-01
 2.04018e+16	2.17e-04	4.93e-01	5.07e-01
 2.04700e+16	2.46e-04	5.35e-01	4.65e-01
 2.05410e+16	2.75e-04	5.77e-01	4.23e-01
 2.06020e+16	3.04e-04	6.14e-01	3.85e-01
 2.06675e+16	3.36e-04	6.54e-01	3.46e-01
 2.07526e+16	3.78e-04	7.02e-01	2.97e-01
 2.08412e+16	4.20e-04	7.47e-01	2.53e-01
 2.09192e+16	4.58e-04	7.82e-01	2.17e-01
 2.10054e+16	4.98e-04	8.17e-01	1.82e-01
 2.11174e+16	5.48e-04	8.55e-01	1.45e-01
 2.12631e+16	6.07e-04	8.92e-01	1.07e-01
 2.14200e+16	6.64e-04	9.21e-01	7.88e-02
 2.15688e+16	7.14e-04	9.40e-01	5.94e-02
 2.17397e+16	7.70e-04	9.56e-01	4.35e-02
 2.18916e+16	8.19e-04	9.65e-01	3.40e-02
 2.19833e+16	8.48e-04	9.70e-01	2.95e-02
 2.20670e+16	8.78e-04	9.73e-01	2.58e-02
 2.21758e+16	9.15e-04	9.77e-01	2.17e-02
 2.22977e+16	9.59e-04	9.81e-01	1.82e-02
 2.24099e+16	1.00e-03	9.83e-01	1.56e-02
 2.25096e+16	1.05e-03	9.85e-01	1.36e-02
 2.26195e+16	1.10e-03	9.87e-01	1.17e-02
 2.27401e+16	1.15e-03	9.89e-01	1.01e-02
 2.28366e+16	1.21e-03	9.90e-01	8.97e-03
 2.29054e+16	1.25e-03	9.90e-01	8.27e-03
 2.29762e+16	1.29e-03	9.91e-01	7.57e-03
 2.30682e+16	1.35e-03	9.92e-01	6.77e-03
 2.31623e+16	1.42e-03	9.92e-01	6.11e-03
 2.32359e+16	1.48e-03	9.93e-01	5.64e-03
 2.32974e+16	1.53e-03	9.93e-01	5.27e-03
 2.33665e+16	1.59e-03	9.94e-01	4.87e-03
 2.34563e+16	1.68e-03	9.94e-01	4.42e-03
 2.35433e+16	1.78e-03	9.94e-01	4.04e-03
 2.36054e+16	1.85e-03	9.94e-01	3.81e-03
 2.36568e+16	1.92e-03	9.94e-01	3.61e-03
 2.37159e+16	2.01e-03	9.95e-01	3.39e-03
 2.37928e+16	2.13e-03	9.95e-01	3.13e-03
 2.38686e+16	2.26e-03	9.95e-01	2.91e-03
 2.39247e+16	2.36e-03	9.95e-01	2.77e-03
 2.39713e+16	2.46e-03	9.95e-01	2.65e-03
 2.40239e+16	2.58e-03	9.95e-01	2.51e-03
 2.40923e+16	2.75e-03	9.95e-01	2.35e-03
 2.41600e+16	2.94e-03	9.95e-01	2.21e-03
 2.42100e+16	3.09e-03	9.95e-01	2.11e-03
 2.42582e+16	3.26e-03	9.95e-01	2.02e-03
 2.43209e+16	3.49e-03	9.95e-01	1.90e-03
 2.43835e+16	3.76e-03	9.94e-01	1.80e-03
 2.44309e+16	4.00e-03	9.94e-01	1.73e-03
 2.44772e+16	4.25e-03	9.94e-01	1.66e-03
 2.45374e+16	4.61e-03	9.94e-01	1.57e-03
 2.45985e+16	5.05e-03	9.93e-01	1.49e-03
 2.46465e+16	5.46e-03	9.93e-01	1.43e-03
 2.46946e+16	5.92e-03	9.93e-01	1.37e-03
 2.47487e+16	6.53e-03	9.92e-01	1.31e-03
 2.47978e+16	7.18e-03	9.92e-01	1.26e-03
 2.48394e+16	7.84e-03	9.91e-01	1.22e-03
 2.48759e+16	8.48e-03	9.90e-01	1.18e-03
 2.49100e+16	9.20e-03	9.90e-01	1.15e-03
 2.49437e+16	1.00e-02	9.89e-01	1.12e-03
 2.49766e+16	1.09e-02	9.88e-01	1.09e-03
 2.50078e+16	1.20e-02	9.87e-01	1.07e-03
 2.50371e+16	1.31e-02	9.86e-01	1.04e-03
 2.50650e+16	1.43e-02	9.85e-01	1.02e-03
 2.50920e+16	1.57e-02	9.83e-01	1.01e-03
 2.51181e+16	1.72e-02	9.82e-01	9.89e-04
 2.51431e+16	1.89e-02	9.80e-01	9.77e-04
 2.51672e+16	2.10e-02	9.78e-01	9.63e-04
 2.51905e+16	2.31e-02	9.76e-01	9.55e-04
 2.52128e+16	2.56e-02	9.73e-01	9.47e-04
 2.52348e+16	2.85e-02	9.71e-01	9.41e-04
 2.52561e+16	3.19e-02	9.67e-01	9.38e-04
 2.52765e+16	3.56e-02	9.63e-01	9.37e-04
 2.52956e+16	3.97e-02	9.59e-01	9.38e-04
 2.53135e+16	4.41e-02	9.55e-01	9.46e-04
 2.53310e+16	4.94e-02	9.50e-01	9.49e-04
 2.53476e+16	5.50e-02	9.44e-01	9.61e-04
 2.53633e+16	6.14e-02	9.38e-01	9.71e-04
 2.53786e+16	6.86e-02	9.30e-01	9.83e-04
 2.53931e+16	7.63e-02	9.23e-01	9.99e-04
 2.54067e+16	8.48e-02	9.14e-01	1.02e-03
 2.54196e+16	9.38e-02	9.05e-01	1.04e-03
 2.54312e+16	1.03e-01	8.96e-01	1.06e-03
 2.54416e+16	1.12e-01	8.87e-01	1.08e-03
 2.54512e+16	1.22e-01	8.77e-01	1.10e-03
 2.54588e+16	1.30e-01	8.69e-01	1.11e-03
 2.54639e+16	1.36e-01	8.63e-01	1.13e-03
 2.54686e+16	1.41e-01	8.58e-01	1.13e-03
 2.54739e+16	1.48e-01	8.51e-01	1.15e-03
 2.54798e+16	1.56e-01	8.43e-01	1.16e-03
 2.54855e+16	1.64e-01	8.34e-01	1.18e-03
 2.54907e+16	1.72e-01	8.27e-01	1.19e-03
 2.54958e+16	1.81e-01	8.18e-01	1.20e-03
 2.55011e+16	1.89e-01	8.09e-01	1.22e-03
 2.55063e+16	1.99e-01	8.00e-01	1.23e-03
 2.55114e+16	2.08e-01	7.91e-01	1.25e-03
 2.55165e+16	2.18e-01	7.80e-01	1.26e-03
 2.55216e+16	2.29e-01	7.70e-01	1.27e-03
 2.55265e+16	2.40e-01	7.59e-01	1.29e-03
 2.55313e+16	2.51e-01	7.48e-01	1.31e-03
 2.55361e+16	2.63e-01	7.36e-01	1.32e-03
 2.55410e+16	2.74e-01	7.24e-01	1.33e-03
 2.55457e+16	2.87e-01	7.12e-01	1.34e-03
 2.55504e+16	2.99e-01	6.99e-01	1.36e-03
 2.55550e+16	3.13e-01	6.86e-01	1.37e-03
 2.55596e+16	3.26e-01	6.72e-01	1.38e-03
 2.55641e+16	3.40e-01	6.59e-01	1.39e-03
 2.55685e+16	3.54e-01	6.45e-01	1.40e-03
 2.55729e+16	3.68e-01	6.30e-01	1.41e-03
 2.55773e+16	3.83e-01	6.15e-01	1.42e-03
 2.55817e+16	3.98e-01	6.00e-01	1.43e-03
 2.55859e+16	4.13e-01	5.85e-01	1.43e-03
 2.55901e+16	4.28e-01	5.70e-01	1.44e-03
 2.55943e+16	4.44e-01	5.55e-01	1.44e-03
 2.55984e+16	4.60e-01	5.39e-01	1.45e-03
 2.56024e+16	4.75e-01	5.23e-01	1.45e-03
 2.56064e+16	4.91e-01	5.08e-01	1.45e-03
 2.56103e+16	5.06e-01	4.93e-01	1.45e-03
 2.56140e+16	5.21e-01	4.78e-01	1.45e-03
 2.56177e+16	5.35e-01	4.63e-01	1.45e-03
 2.56214e+16	5.50e-01	4.48e-01	1.45e-03
 2.56250e+16	5.65e-01	4.34e-01	1.44e-03
 2.56285e+16	5.79e-01	4.19e-01	1.43e-03
 2.56320e+16	5.93e-01	4.05e-01	1.43e-03
 2.56354e+16	6.07e-01	3.91e-01	1.42e-03
 2.56387e+16	6.21e-01	3.78e-01	1.41e-03
 2.56420e+16	6.34e-01	3.65e-01	1.40e-03
 2.56453e+16	6.47e-01	3.52e-01	1.39e-03
 2.56485e+16	6.59e-01	3.39e-01	1.38e-03
 2.56516e+16	6.71e-01	3.27e-01	1.36e-03
 2.56547e+16	6.83e-01	3.16e-01	1.35e-03
 2.56578e+16	6.95e-01	3.04e-01	1.33e-03
 2.56608e+16	7.06e-01	2.93e-01	1.32e-03
 2.56639e+16	7.17e-01	2.82e-01	1.30e-03
 2.56669e+16	7.28e-01	2.71e-01	1.28e-03
 2.56698e+16	7.38e-01	2.61e-01	1.27e-03
 2.56728e+16	7.48e-01	2.50e-01	1.25e-03
 2.56757e+16	7.58e-01	2.41e-01	1.23e-03
 2.56783e+16	7.66e-01	2.32e-01	1.21e-03
 2.56803e+16	7.73e-01	2.26e-01	1.19e-03
 2.56821e+16	7.79e-01	2.20e-01	1.18e-03
 2.56840e+16	7.85e-01	2.14e-01	1.16e-03
 2.56860e+16	7.91e-01	2.08e-01	1.14e-03
 2.56879e+16	7.96e-01	2.02e-01	1.13e-03
 2.56897e+16	8.02e-01	1.97e-01	1.11e-03
 2.56915e+16	8.07e-01	1.92e-01	1.10e-03
 2.56932e+16	8.12e-01	1.87e-01	1.08e-03
 2.56949e+16	8.16e-01	1.83e-01	1.07e-03
 2.56966e+16	8.21e-01	1.78e-01	1.05e-03
 2.56982e+16	8.25e-01	1.74e-01	1.04e-03
 2.56998e+16	8.29e-01	1.70e-01	1.02e-03
 2.57014e+16	8.33e-01	1.66e-01	1.01e-03
 2.57029e+16	8.37e-01	1.62e-01	9.96e-04
 2.57044e+16	8.41e-01	1.58e-01	9.82e-04
 2.57059e+16	8.44e-01	1.55e-01	9.68e-04
 2.57074e+16	8.48e-01	1.51e-01	9.54e-04
 2.57089e+16	8.51e-01	1.48e-01	9.40e-04
 2.57105e+16	8.54e-01	1.45e-01	9.26e-04
 2.57120e+16	8.58e-01	1.41e-01	9.12e-04
 2.57135e+16	8.61e-01	1.38e-01	8.98e-04
 2.57150e+16	8.64e-01	1.35e-01	8.83e-04
 2.57166e+16	8.67e-01	1.32e-01	8.68e-04
 2.57183e+16	8.71e-01	1.28e-01	8.53e-04
 2.57200e+16	8.74e-01	1.25e-01	8.38e-04
 2.57218e+16	8.77e-01	1.22e-01	8.22e-04
 2.57237e+16	8.81e-01	1.18e-01	8.04e-04
 2.57259e+16	8.85e-01	1.15e-01	7.85e-04
 2.57284e+16	8.89e-01	1.10e-01	7.64e-04
 2.57311e+16	8.93e-01	1.06e-01	7.41e-04
 2.57339e+16	8.97e-01	1.02e-01	7.18e-04
 2.57366e+16	9.01e-01	9.82e-02	6.96e-04
 2.57393e+16	9.05e-01	9.47e-02	6.74e-04
 2.57419e+16	9.08e-01	9.13e-02	6.53e-04
 2.57444e+16	9.11e-01	8.82e-02	6.33e-04
 2.57467e+16	9.14e-01	8.55e-02	6.15e-04
 2.57488e+16	9.16e-01	8.32e-02	5.99e-04
 2.57507e+16	9.18e-01	8.11e-02	5.85e-04
 2.57524e+16	9.20e-01	7.93e-02	5.72e-04
 2.57543e+16	9.22e-01	7.74e-02	5.58e-04
 2.57564e+16	9.24e-01	7.54e-02	5.45e-04
 2.57582e+16	9.26e-01	7.38e-02	5.33e-04
 2.57599e+16	9.27e-01	7.23e-02	5.22e-04
 2.57618e+16	9.29e-01	7.06e-02	5.10e-04
 2.57638e+16	9.30e-01	6.91e-02	4.98e-04
 2.57656e+16	9.32e-01	6.77e-02	4.88e-04
 2.57676e+16	9.33e-01	6.61e-02	4.76e-04
 2.57698e+16	9.35e-01	6.46e-02	4.65e-04
 2.57717e+16	9.36e-01	6.33e-02	4.55e-04
 2.57735e+16	9.37e-01	6.22e-02	4.46e-04
 2.57755e+16	9.39e-01	6.09e-02	4.35e-04
 2.57776e+16	9.40e-01	5.97e-02	4.26e-04
 2.57795e+16	9.41e-01	5.86e-02	4.17e-04
 2.57816e+16	9.42e-01	5.74e-02	4.08e-04
 2.57839e+16	9.43e-01	5.63e-02	3.99e-04
 2.57860e+16	9.44e-01	5.54e-02	3.91e-04
 2.57879e+16	9.45e-01	5.45e-02	3.83e-04
 2.57899e+16	9.46e-01	5.35e-02	3.75e-04
 2.57922e+16	9.47e-01	5.26e-02	3.68e-04
 2.57942e+16	9.48e-01	5.18e-02	3.61e-04
 2.57964e+16	9.49e-01	5.09e-02	3.53e-04
 2.57988e+16	9.50e-01	5.01e-02	3.47e-04
 2.58010e+16	9.50e-01	4.94e-02	3.41e-04
 2.58034e+16	9.51e-01	4.86e-02	3.34e-04
 2.58065e+16	9.52e-01	4.77e-02	3.26e-04
 2.58099e+16	9.53e-01	4.68e-02	3.19e-04
 2.58129e+16	9.54e-01	4.61e-02	3.12e-04
 2.58157e+16	9.54e-01	4.54e-02	3.06e-04
 2.58187e+16	9.55e-01	4.47e-02	3.00e-04
 2.58227e+16	9.56e-01	4.40e-02	2.93e-04
 2.58270e+16	9.56e-01	4.32e-02	2.87e-04
 2.58309e+16	9.57e-01	4.26e-02	2.81e-04
 2.58351e+16	9.58e-01	4.19e-02	2.75e-04
 2.58407e+16	9.59e-01	4.12e-02	2.69e-04
 2.58467e+16	9.59e-01	4.06e-02	2.63e-04
 2.58521e+16	9.60e-01	4.00e-02	2.58e-04
 2.58581e+16	9.60e-01	3.94e-02	2.52e-04
 2.58659e+16	9.61e-01	3.88e-02	2.46e-04
 2.58742e+16	9.62e-01	3.82e-02	2.39e-04
 2.58819e+16	9.62e-01	3.78e-02	2.36e-04
 2.58902e+16	9.62e-01	3.73e-02	2.30e-04
 2.59011e+16	9.63e-01	3.67e-02	2.24e-04
 2.59128e+16	9.64e-01	3.62e-02	2.19e-04
 2.59235e+16	9.64e-01	3.58e-02	2.14e-04
 2.59352e+16	9.65e-01	3.53e-02	2.08e-04
 2.59504e+16	9.65e-01	3.47e-02	2.02e-04
 2.59668e+16	9.66e-01	3.42e-02	1.96e-04
 2.59817e+16	9.66e-01	3.37e-02	1.91e-04
 2.59981e+16	9.67e-01	3.31e-02	1.84e-04
 2.60157e+16	9.67e-01	3.26e-02	1.79e-04
 2.60318e+16	9.68e-01	3.21e-02	1.74e-04
 2.60465e+16	9.68e-01	3.17e-02	1.69e-04
 2.60625e+16	9.69e-01	3.12e-02	1.64e-04
 2.60798e+16	9.69e-01	3.07e-02	1.59e-04
 2.60955e+16	9.70e-01	3.03e-02	1.55e-04
 2.61128e+16	9.70e-01	2.98e-02	1.50e-04
 2.61314e+16	9.71e-01	2.93e-02	1.45e-04
 2.61484e+16	9.71e-01	2.89e-02	1.41e-04
 2.61670e+16	9.71e-01	2.84e-02	1.36e-04
 2.61870e+16	9.72e-01	2.79e-02	1.32e-04
 2.62053e+16	9.72e-01	2.74e-02	1.28e-04
 2.62219e+16	9.73e-01	2.71e-02	1.24e-04
 2.62401e+16	9.73e-01	2.66e-02	1.20e-04
 2.62597e+16	9.74e-01	2.62e-02	1.17e-04
 2.62776e+16	9.74e-01	2.58e-02	1.13e-04
 2.62972e+16	9.75e-01	2.54e-02	1.09e-04
 2.63184e+16	9.75e-01	2.49e-02	1.06e-04
 2.63376e+16	9.75e-01	2.45e-02	1.03e-04
 2.63587e+16	9.76e-01	2.41e-02	9.91e-05
 2.63815e+16	9.76e-01	2.36e-02	9.56e-05
 2.64022e+16	9.77e-01	2.33e-02	9.25e-05
 2.64211e+16	9.77e-01	2.29e-02	8.98e-05
 2.64417e+16	9.77e-01	2.25e-02	8.69e-05
 2.64640e+16	9.78e-01	2.21e-02	8.40e-05
 2.64843e+16	9.78e-01	2.18e-02	8.14e-05
 2.65066e+16	9.79e-01	2.14e-02	7.86e-05
 2.65306e+16	9.79e-01	2.10e-02	7.58e-05
 2.65524e+16	9.79e-01	2.07e-02	7.34e-05
 2.65764e+16	9.80e-01	2.03e-02	7.07e-05
 2.66022e+16	9.80e-01	1.99e-02	6.81e-05
 2.66258e+16	9.80e-01	1.95e-02	6.58e-05
 2.66472e+16	9.81e-01	1.92e-02	6.38e-05
 2.66706e+16	9.81e-01	1.89e-02	6.15e-05
 2.66960e+16	9.81e-01	1.85e-02	5.94e-05
 2.67190e+16	9.82e-01	1.82e-02	5.75e-05
 2.67443e+16	9.82e-01	1.79e-02	5.54e-05
 2.67715e+16	9.82e-01	1.75e-02	5.33e-05
 2.67963e+16	9.83e-01	1.72e-02	5.15e-05
 2.68235e+16	9.83e-01	1.69e-02	4.95e-05
 2.68529e+16	9.83e-01	1.66e-02	4.76e-05
 2.68796e+16	9.84e-01	1.63e-02	4.60e-05
 2.69089e+16	9.84e-01	1.59e-02	4.41e-05
 2.69405e+16	9.84e-01	1.56e-02	4.23e-05
 2.69692e+16	9.85e-01	1.53e-02	4.08e-05
 2.70007e+16	9.85e-01	1.50e-02	3.91e-05
 2.70347e+16	9.85e-01	1.46e-02	3.74e-05
 2.70657e+16	9.86e-01	1.43e-02	3.60e-05
 2.70996e+16	9.86e-01	1.40e-02	3.44e-05
 2.71362e+16	9.86e-01	1.37e-02	3.28e-05
 2.71696e+16	9.87e-01	1.34e-02	3.15e-05
 2.72061e+16	9.87e-01	1.31e-02	3.01e-05
 2.72455e+16	9.87e-01	1.28e-02	2.87e-05
 2.72814e+16	9.87e-01	1.25e-02	2.75e-05
 2.73140e+16	9.88e-01	1.23e-02	2.64e-05
 2.73498e+16	9.88e-01	1.20e-02	2.53e-05
 2.73884e+16	9.88e-01	1.17e-02	2.42e-05
 2.74236e+16	9.88e-01	1.15e-02	2.32e-05
 2.74621e+16	9.89e-01	1.12e-02	2.21e-05
 2.75036e+16	9.89e-01	1.09e-02	2.11e-05
 2.75415e+16	9.89e-01	1.07e-02	2.03e-05
 2.75829e+16	9.90e-01	1.04e-02	1.93e-05
 2.76277e+16	9.90e-01	1.02e-02	1.83e-05
 2.76684e+16	9.90e-01	9.96e-03	1.76e-05
 2.77131e+16	9.90e-01	9.70e-03	1.67e-05
 2.77612e+16	9.91e-01	9.45e-03	1.58e-05
 2.78051e+16	9.91e-01	9.23e-03	1.51e-05
 2.78531e+16	9.91e-01	8.99e-03	1.43e-05
 2.79050e+16	9.91e-01	8.74e-03	1.36e-05
 2.79522e+16	9.91e-01	8.53e-03	1.29e-05
 2.80039e+16	9.92e-01	8.29e-03	1.22e-05
 2.80598e+16	9.92e-01	8.05e-03	1.16e-05
 2.81106e+16	9.92e-01	7.85e-03	1.10e-05
 2.81663e+16	9.92e-01	7.62e-03	1.04e-05
 2.82387e+16	9.93e-01	7.33e-03	9.60e-06
 2.83228e+16	9.93e-01	7.02e-03	8.82e-06
 2.84096e+16	9.93e-01	6.73e-03	8.11e-06
 2.84984e+16	9.94e-01	6.44e-03	7.44e-06
 2.85907e+16	9.94e-01	6.16e-03	6.81e-06
 2.86868e+16	9.94e-01	5.88e-03	6.22e-06
 2.87863e+16	9.94e-01	5.61e-03	5.67e-06
 2.88895e+16	9.95e-01	5.35e-03	5.16e-06
 2.89955e+16	9.95e-01	5.10e-03	4.69e-06
 2.91033e+16	9.95e-01	4.86e-03	4.26e-06
 2.92129e+16	9.95e-01	4.63e-03	3.87e-06
 2.93246e+16	9.96e-01	4.41e-03	3.51e-06
 2.94385e+16	9.96e-01	4.19e-03	3.19e-06
 2.95545e+16	9.96e-01	3.99e-03	2.89e-06
 2.96727e+16	9.96e-01	3.80e-03	2.62e-06
 2.97930e+16	9.96e-01	3.61e-03	2.37e-06
 2.99156e+16	9.97e-01	3.43e-03	2.14e-06
 3.00386e+16	9.97e-01	3.27e-03	1.94e-06
 3.01634e+16	9.97e-01	3.10e-03	1.76e-06
 3.02929e+16	9.97e-01	2.95e-03	1.58e-06
 3.04255e+16	9.97e-01	2.80e-03	1.43e-06
 3.05604e+16	9.97e-01	2.65e-03	1.28e-06
 3.06975e+16	9.97e-01	2.51e-03	1.16e-06
 3.08371e+16	9.98e-01	2.38e-03	1.04e-06
 3.09794e+16	9.98e-01	2.26e-03	9.32e-07
 3.11246e+16	9.98e-01	2.14e-03	8.36e-07
 3.12727e+16	9.98e-01	2.02e-03	7.49e-07
 3.14238e+16	9.98e-01	1.91e-03	6.70e-07
 3.15780e+16	9.98e-01	1.81e-03	5.99e-07
 3.17355e+16	9.98e-01	1.71e-03	5.34e-07
 3.18963e+16	9.98e-01	1.61e-03	4.76e-07
 3.20605e+16	9.98e-01	1.52e-03	4.23e-07
 3.22283e+16	9.99e-01	1.43e-03	3.76e-07
 3.23999e+16	9.99e-01	1.35e-03	3.33e-07
 3.25755e+16	9.99e-01	1.27e-03	2.95e-07
 3.27551e+16	9.99e-01	1.19e-03	2.60e-07
 3.29391e+16	9.99e-01	1.12e-03	2.29e-07
 3.31277e+16	9.99e-01	1.05e-03	2.02e-07
 3.33211e+16	9.99e-01	9.80e-04	1.77e-07
 3.35195e+16	9.99e-01	9.18e-04	1.55e-07
 3.37234e+16	9.99e-01	8.57e-04	1.35e-07
 3.39331e+16	9.99e-01	8.00e-04	1.17e-07
 3.41491e+16	9.99e-01	7.45e-04	1.02e-07
 3.43683e+16	9.99e-01	6.94e-04	8.84e-08
 3.45923e+16	9.99e-01	6.46e-04	7.63e-08
 3.48278e+16	9.99e-01	5.99e-04	6.55e-08
 3.50747e+16	9.99e-01	5.53e-04	5.59e-08
 3.53304e+16	9.99e-01	5.10e-04	4.74e-08
 3.55949e+16	1.00e+00	4.69e-04	4.01e-08
 3.58702e+16	1.00e+00	4.30e-04	3.36e-08
 3.61581e+16	1.00e+00	3.94e-04	2.81e-08
 3.64597e+16	1.00e+00	3.58e-04	2.32e-08
 3.67772e+16	1.00e+00	3.25e-04	1.91e-08
 3.71119e+16	1.00e+00	2.94e-04	1.55e-08
 3.74655e+16	1.00e+00	2.64e-04	1.24e-08
 3.78435e+16	1.00e+00	2.35e-04	9.86e-09
 3.82491e+16	1.00e+00	2.08e-04	7.70e-09
 3.86834e+16	1.00e+00	1.83e-04	5.91e-09
 3.91533e+16	1.00e+00	1.59e-04	4.45e-09
 3.96685e+16	1.00e+00	1.36e-04	3.26e-09
 4.02399e+16	1.00e+00	1.15e-04	2.32e-09
 4.08748e+16	1.00e+00	9.56e-05	1.59e-09
 4.15995e+16	1.00e+00	7.73e-05	1.04e-09
 4.24339e+16	1.00e+00	6.06e-05	6.36e-10
 4.33273e+16	1.00e+00	4.70e-05	3.82e-10
 4.42185e+16	1.00e+00	3.66e-05	2.32e-10
 4.51017e+16	1.00e+00	2.86e-05	1.42e-10
 4.59954e+16	1.00e+00	2.23e-05	8.67e-11
 4.69112e+16	1.00e+00	1.73e-05	5.27e-11
 4.78496e+16	1.00e+00	1.34e-05	3.19e-11
 4.88107e+16	1.00e+00	1.04e-05	1.92e-11
 4.97966e+16	1.00e+00	8.00e-06	1.15e-11
 5.08141e+16	1.00e+00	6.15e-06	6.89e-12
 5.18704e+16	1.00e+00	4.71e-06	4.06e-12
 5.29644e+16	1.00e+00	3.58e-06	2.38e-12
 5.40964e+16	1.00e+00	2.72e-06	1.38e-12
 5.52771e+16	1.00e+00	2.06e-06	7.96e-13
 5.65212e+16	1.00e+00	1.54e-06	4.49e-13
 5.78367e+16	1.00e+00	1.14e-06	2.49e-13
 5.92280e+16	1.00e+00	8.38e-07	1.35e-13
 6.06993e+16	1.00e+00	6.10e-07	7.21e-14
 6.22381e+16	1.00e+00	4.41e-07	3.80e-14
 6.38041e+16	1.00e+00	3.21e-07	2.02e-14
 6.53702e+16	1.00e+00	2.35e-07	1.09e-14
 6.69362e+16	1.00e+00	1.73e-07	5.97e-15
 6.85023e+16	1.00e+00	1.29e-07	3.32e-15
 7.00683e+16	1.00e+00	9.67e-08	1.87e-15
 7.18692e+16	1.00e+00	6.94e-08	9.64e-16
 7.39358e+16	1.00e+00	4.83e-08	4.70e-16
 7.60330e+16	1.00e+00	3.39e-08	2.32e-16
 7.82815e+16	1.00e+00	2.33e-08	1.10e-16
 8.07166e+16	1.00e+00	1.58e-08	5.09e-17
 8.31869e+16	1.00e+00	1.08e-08	2.38e-17
 8.56571e+16	1.00e+00	7.49e-09	1.14e-17
 8.82334e+16	1.00e+00	5.14e-09	5.40e-18
 9.09550e+16	1.00e+00	3.50e-09	2.52e-18
 9.37565e+16	1.00e+00	2.39e-09	1.17e-18
 9.65985e+16	1.00e+00	1.64e-09	5.54e-19
 9.94405e+16	1.00e+00	1.14e-09	2.67e-19
 1.02283e+17	1.00e+00	7.98e-10	1.31e-19
 1.05125e+17	1.00e+00	5.64e-10	6.58e-20
 1.07967e+17	1.00e+00	4.03e-10	3.35e-20
 1.10809e+17	1.00e+00	2.90e-10	1.74e-20
 1.13651e+17	1.00e+00	2.10e-10	9.14e-21
 1.16493e+17	1.00e+00	1.53e-10	0.00e+00
 1.19479e+17	1.00e+00	1.11e-10	0.00e+00
 1.22608e+17	1.00e+00	7.98e-11	0.00e+00
 1.25738e+17	1.00e+00	5.79e-11	0.00e+00
 1.28868e+17	1.00e+00	4.24e-11	0.00e+00
 1.31998e+17	1.00e+00	3.13e-11	0.00e+00
 1.35128e+17	1.00e+00	2.34e-11	0.00e+00
 1.38303e+17	1.00e+00	1.75e-11	0.00e+00
 1.41512e+17	1.00e+00	1.32e-11	0.00e+00
 1.44650e+17	1.00e+00	1.02e-11	0.00e+00
 1.47668e+17	1.00e+00	7.99e-12	0.00e+00
 1.50566e+17	1.00e+00	6.42e-12	0.00e+00
 1.53358e+17	1.00e+00	5.26e-12	0.00e+00
 1.56050e+17	1.00e+00	4.39e-12	0.00e+00
 1.58632e+17	1.00e+00	3.74e-12	0.00e+00
 1.61094e+17	1.00e+00	3.24e-12	0.00e+00
 1.63435e+17	1.00e+00	2.86e-12	0.00e+00
 1.65659e+17	1.00e+00	2.56e-12	0.00e+00
 1.67772e+17	1.00e+00	2.33e-12	0.00e+00
 1.69778e+17	1.00e+00	2.15e-12	0.00e+00
 1.71679e+17	1.00e+00	2.00e-12	0.00e+00
 1.73480e+17	1.00e+00	1.88e-12	0.00e+00
 1.75185e+17	1.00e+00	1.79e-12	0.00e+00
 1.76797e+17	1.00e+00	1.71e-12	0.00e+00
 1.78324e+17	1.00e+00	1.65e-12	0.00e+00
 1.79770e+17	1.00e+00	1.59e-12	0.00e+00
 1.81139e+17	1.00e+00	1.55e-12	0.00e+00
 1.82436e+17	1.00e+00	1.51e-12	0.00e+00
 1.83664e+17	1.00e+00	1.48e-12	0.00e+00
 1.84827e+17	1.00e+00	1.45e-12	0.00e+00
 1.85929e+17	1.00e+00	1.42e-12	0.00e+00
 1.86974e+17	1.00e+00	1.40e-12	0.00e+00
 1.87964e+17	1.00e+00	1.39e-12	0.00e+00
 1.88903e+17	1.00e+00	1.37e-12	0.00e+00
 1.89794e+17	1.00e+00	1.36e-12	0.00e+00
 1.90640e+17	1.00e+00	1.35e-12	0.00e+00
 1.91444e+17	1.00e+00	1.33e-12	0.00e+00
 1.92207e+17	1.00e+00	1.33e-12	0.00e+00
 1.92932e+17	1.00e+00	1.32e-12	0.00e+00
 1.93621e+17	1.00e+00	1.31e-12	0.00e+00
 1.94278e+17	1.00e+00	1.30e-12	0.00e+00
 1.94902e+17	1.00e+00	1.30e-12	0.00e+00
 1.95497e+17	1.00e+00	1.29e-12	0.00e+00
 1.96064e+17	1.00e+00	1.29e-12	0.00e+00
 1.96604e+17	1.00e+00	1.28e-12	0.00e+00
 1.97120e+17	1.00e+00	1.28e-12	0.00e+00
 1.97613e+17	1.00e+00	1.28e-12	0.00e+00
 1.98084e+17	1.00e+00	1.27e-12	0.00e+00
 1.98535e+17	1.00e+00	1.27e-12	0.00e+00
 1.98966e+17	1.00e+00	1.27e-12	0.00e+00
 1.99380e+17	1.00e+00	1.26e-12	0.00e+00
 1.99777e+17	1.00e+00	1.26e-12	0.00e+00
 2.00159e+17	1.00e+00	1.26e-12	0.00e+00
 2.00526e+17	1.00e+00	1.26e-12	0.00e+00
 2.00881e+17	1.00e+00	1.25e-12	0.00e+00
 2.01223e+17	1.00e+00	1.25e-12	0.00e+00
 2.01554e+17	1.00e+00	1.25e-12	0.00e+00
 2.01876e+17	1.00e+00	1.25e-12	0.00e+00
 2.02188e+17	1.00e+00	1.25e-12	0.00e+00
 2.02493e+17	1.00e+00	1.25e-12	0.00e+00
 2.02791e+17	1.00e+00	1.24e-12	0.00e+00
 2.03083e+17	1.00e+00	1.24e-12	0.00e+00
 2.03371e+17	1.00e+00	1.24e-12	0.00e+00
 2.03656e+17	1.00e+00	1.24e-12	0.00e+00
 2.03939e+17	1.00e+00	1.24e-12	0.00e+00
 2.04222e+17	1.00e+00	1.24e-12	0.00e+00
 2.04507e+17	1.00e+00	1.23e-12	0.00e+00
 2.04795e+17	1.00e+00	1.23e-12	0.00e+00
 2.05089e+17	1.00e+00	1.23e-12	0.00e+00
 2.05391e+17	1.00e+00	1.23e-12	0.00e+00
 2.05706e+17	1.00e+00	1.23e-12	0.00e+00
 2.06037e+17	1.00e+00	1.22e-12	0.00e+00
 2.06389e+17	1.00e+00	1.22e-12	0.00e+00
 2.06771e+17	1.00e+00	1.22e-12	0.00e+00
 2.07192e+17	1.00e+00	1.22e-12	0.00e+00
 2.07665e+17	1.00e+00	1.21e-12	0.00e+00
 2.08209e+17	1.00e+00	1.21e-12	0.00e+00
 2.08854e+17	1.00e+00	1.20e-12	0.00e+00
 2.09642e+17	1.00e+00	1.19e-12	0.00e+00
 2.10639e+17	1.00e+00	1.18e-12	0.00e+00
 2.11931e+17	1.00e+00	1.16e-12	0.00e+00
 2.13611e+17	1.00e+00	1.13e-12	0.00e+00
 2.15794e+17	1.00e+00	1.08e-12	0.00e+00
 2.18632e+17	1.00e+00	1.02e-12	0.00e+00
 2.22321e+17	1.00e+00	9.39e-13	0.00e+00
 2.27118e+17	1.00e+00	8.37e-13	0.00e+00
 2.33353e+17	1.00e+00	7.15e-13	0.00e+00
 2.41459e+17	1.00e+00	5.77e-13	0.00e+00
 2.50961e+17	1.00e+00	4.32e-13	0.00e+00
 2.61000e+17	1.00e+00	3.69e-13	0.00e+00
 2.71440e+17	1.00e+00	3.33e-13	0.00e+00
 2.82297e+17	1.00e+00	3.02e-13	0.00e+00
 2.93589e+17	1.00e+00	2.72e-13	0.00e+00
 3.05333e+17	1.00e+00	2.44e-13	0.00e+00
 3.17546e+17	1.00e+00	2.17e-13	0.00e+00
 3.30248e+17	1.00e+00	1.91e-13	0.00e+00
 3.43458e+17	1.00e+00	1.66e-13	0.00e+00
 3.57196e+17	1.00e+00	1.43e-13	0.00e+00
 3.70977e+17	1.00e+00	1.21e-13	0.00e+00
 3.83805e+17	1.00e+00	1.15e-13	0.00e+00
 3.95171e+17	1.00e+00	1.23e-13	0.00e+00
 4.05364e+17	1.00e+00	1.32e-13	0.00e+00
 4.14962e+17	1.00e+00	1.32e-13	0.00e+00
 4.24241e+17	1.00e+00	1.24e-13	0.00e+00
 4.32967e+17	1.00e+00	1.14e-13	0.00e+00
 4.40723e+17	1.00e+00	1.09e-13	0.00e+00
 4.47314e+17	1.00e+00	1.08e-13	0.00e+00
 4.52315e+17	1.00e+00	1.07e-13	0.00e+00
 4.55426e+17	1.00e+00	1.13e-13	0.00e+00
 4.57196e+17	1.00e+00	1.19e-13	0.00e+00
 4.58252e+17	1.00e+00	1.22e-13	0.00e+00
 4.58885e+17	1.00e+00	1.24e-13	0.00e+00
 4.59297e+17	1.00e+00	1.25e-13	0.00e+00
 4.59646e+17	1.00e+00	1.26e-13	0.00e+00
 4.60015e+17	1.00e+00	1.26e-13	0.00e+00
 4.60451e+17	1.00e+00	1.27e-13	0.00e+00
 4.60914e+17	1.00e+00	1.27e-13	0.00e+00
 4.61302e+17	1.00e+00	1.27e-13	0.00e+00
 4.61608e+17	1.00e+00	1.27e-13	0.00e+00
 4.61883e+17	1.00e+00	1.27e-13	0.00e+00
 4.62158e+17	1.00e+00	1.27e-13	0.00e+00
 4.62440e+17	1.00e+00	1.27e-13	0.00e+00
 4.62704e+17	1.00e+00	1.27e-13	0.00e+00
 4.62939e+17	1.00e+00	1.27e-13	0.00e+00
 4.63167e+17	1.00e+00	1.26e-13	0.00e+00
 4.63402e+17	1.00e+00	1.26e-13	0.00e+00
 4.63624e+17	1.00e+00	1.26e-13	0.00e+00
 4.63820e+17	1.00e+00	1.25e-13	0.00e+00
 4.64000e+17	1.00e+00	1.25e-13	0.00e+00
 4.64185e+17	1.00e+00	1.25e-13	0.00e+00
 4.64374e+17	1.00e+00	1.25e-13	0.00e+00
 4.64551e+17	1.00e+00	1.24e-13	0.00e+00
 4.64716e+17	1.00e+00	1.24e-13	0.00e+00
 4.64875e+17	1.00e+00	1.24e-13	0.00e+00
 4.65029e+17	1.00e+00	1.23e-13	0.00e+00
 4.65182e+17	1.00e+00	1.23e-13	0.00e+00
 4.65334e+17	1.00e+00	1.23e-13	0.00e+00
 4.65487e+17	1.00e+00	1.22e-13	0.00e+00
 4.65631e+17	1.00e+00	1.22e-13	0.00e+00
 4.65769e+17	1.00e+00	1.21e-13	0.00e+00
 4.65911e+17	1.00e+00	1.21e-13	0.00e+00
 4.66058e+17	1.00e+00	1.21e-13	0.00e+00
 4.66201e+17	1.00e+00	1.20e-13	0.00e+00
 4.66338e+17	1.00e+00	1.20e-13	0.00e+00
 4.66478e+17	1.00e+00	1.19e-13	0.00e+00
 4.66622e+17	1.00e+00	1.19e-13	0.00e+00
 4.66767e+17	1.00e+00	1.18e-13	0.00e+00
 4.66911e+17	1.00e+00	1.18e-13	0.00e+00
 4.67045e+17	1.00e+00	1.17e-13	0.00e+00
 4.67184e+17	1.00e+00	1.17e-13	0.00e+00
 4.67341e+17	1.00e+00	1.16e-13	0.00e+00
 4.67500e+17	1.00e+00	1.16e-13	0.00e+00
 4.67650e+17	1.00e+00	1.15e-13	0.00e+00
 4.67795e+17	1.00e+00	1.15e-13	0.00e+00
 4.67950e+17	1.00e+00	1.14e-13	0.00e+00
 4.68127e+17	1.00e+00	1.14e-13	0.00e+00
 4.68308e+17	1.00e+00	1.13e-13	0.00e+00
 4.68473e+17	1.00e+00	1.12e-13	0.00e+00
 4.68634e+17	1.00e+00	1.11e-13	0.00e+00
 4.68805e+17	1.00e+00	1.11e-13	0.00e+00
 4.68989e+17	1.00e+00	1.10e-13	0.00e+00
 4.69175e+17	1.00e+00	1.09e-13	0.00e+00
 4.69367e+17	1.00e+00	1.08e-13	0.00e+00
 4.69570e+17	1.00e+00	1.07e-13	0.00e+00
 4.69770e+17	1.00e+00	1.07e-13	0.00e+00
 4.69967e+17	1.00e+00	1.06e-13	0.00e+00
 4.70176e+17	1.00e+00	1.05e-13	0.00e+00
 4.70397e+17	1.00e+00	1.04e-13	0.00e+00
 4.70613e+17	1.00e+00	1.03e-13	0.00e+00
 4.70832e+17	1.00e+00	1.02e-13	0.00e+00
 4.71076e+17	1.00e+00	1.01e-13	0.00e+00
 4.71333e+17	1.00e+00	9.95e-14	0.00e+00
 4.71583e+17	1.00e+00	9.83e-14	0.00e+00
 4.71827e+17	1.00e+00	9.71e-14	0.00e+00
 4.72078e+17	1.00e+00	9.59e-14	0.00e+00
 4.72347e+17	1.00e+00	9.47e-14	0.00e+00
 4.72640e+17	1.00e+00	9.33e-14	0.00e+00
 4.72938e+17	1.00e+00	9.18e-14	0.00e+00
 4.73225e+17	1.00e+00	9.04e-14	0.00e+00
 4.73511e+17	1.00e+00	8.90e-14	0.00e+00
 4.73813e+17	1.00e+00	8.77e-14	0.00e+00
 4.74149e+17	1.00e+00	8.61e-14	0.00e+00
 4.74503e+17	1.00e+00	8.43e-14	0.00e+00
 4.74837e+17	1.00e+00	8.26e-14	0.00e+00
 4.75152e+17	1.00e+00	8.12e-14	0.00e+00
 4.75495e+17	1.00e+00	7.96e-14	0.00e+00
 4.75891e+17	1.00e+00	7.78e-14	0.00e+00
 4.76289e+17	1.00e+00	7.57e-14	0.00e+00
 4.76654e+17	1.00e+00	7.40e-14	0.00e+00
 4.77022e+17	1.00e+00	7.23e-14	0.00e+00
 4.77424e+17	1.00e+00	7.05e-14	0.00e+00
 4.77844e+17	1.00e+00	6.86e-14	0.00e+00
 4.78271e+17	1.00e+00	6.66e-14	0.00e+00
 4.78704e+17	1.00e+00	6.46e-14	0.00e+00
 4.79139e+17	1.00e+00	6.27e-14	0.00e+00
 4.79584e+17	1.00e+00	6.07e-14	0.00e+00
 4.80045e+17	1.00e+00	5.88e-14	0.00e+00
 4.80518e+17	1.00e+00	5.67e-14	0.00e+00
 4.80999e+17	1.00e+00	5.47e-14	0.00e+00
 4.81488e+17	1.00e+00	5.27e-14	0.00e+00
 4.81989e+17	1.00e+00	5.06e-14	0.00e+00
 4.82506e+17	1.00e+00	4.86e-14	0.00e+00
 4.83028e+17	1.00e+00	4.65e-14	0.00e+00
 4.83553e+17	1.00e+00	4.45e-14	0.00e+00
 4.84091e+17	1.00e+00	4.25e-14	0.00e+00
 4.84644e+17	1.00e+00	4.05e-14	0.00e+00
 4.85219e+17	1.00e+00	3.85e-14	0.00e+00
 4.85811e+17	1.00e+00	3.65e-14	0.00e+00
 4.86398e+17	1.00e+00	3.46e-14	0.00e+00
 4.87015e+17	1.00e+00	3.26e-14	0.00e+00
 4.87652e+17	1.00e+00	3.06e-14	0.00e+00
 4.88297e+17	1.00e+00	2.87e-14	0.00e+00
 4.88952e+17	1.00e+00	2.69e-14	0.00e+00
 4.89631e+17	1.00e+00	2.51e-14	0.00e+00
 4.90365e+17	1.00e+00	2.33e-14	0.00e+00
 4.91109e+17	1.00e+00	2.14e-14	0.00e+00
 4.91802e+17	1.00e+00	1.98e-14	0.00e+00
 4.92393e+17	1.00e+00	1.84e-14	0.00e+00
 4.92895e+17	1.00e+00	1.73e-14	0.00e+00
 4.93361e+17	1.00e+00	1.64e-14	0.00e+00
 4.93825e+17	1.00e+00	1.55e-14	0.00e+00
 4.94286e+17	1.00e+00	1.47e-14	0.00e+00
 4.94724e+17	1.00e+00	1.39e-14	0.00e+00
 4.95126e+17	1.00e+00	1.32e-14	0.00e+00
 4.95500e+17	1.00e+00	1.26e-14	0.00e+00
 4.95862e+17	1.00e+00	1.20e-14	0.00e+00
 4.96218e+17	1.00e+00	1.15e-14	0.00e+00
 4.96565e+17	1.00e+00	1.10e-14	0.00e+00
 4.96897e+17	1.00e+00	1.05e-14	0.00e+00
 4.97212e+17	1.00e+00	1.00e-14	0.00e+00
 4.97514e+17	1.00e+00	9.64e-15	0.00e+00
 4.97808e+17	1.00e+00	9.25e-15	0.00e+00
 4.98094e+17	1.00e+00	8.89e-15	0.00e+00
 4.98371e+17	1.00e+00	8.54e-15	0.00e+00
 4.98638e+17	1.00e+00	8.21e-15	0.00e+00
 4.98895e+17	1.00e+00	7.89e-15	0.00e+00
 4.99144e+17	1.00e+00	7.60e-15	0.00e+00
 4.99385e+17	1.00e+00	7.33e-15	0.00e+00
 4.99620e+17	1.00e+00	7.06e-15	0.00e+00
 4.99850e+17	1.00e+00	6.81e-15	0.00e+00
 5.00073e+17	1.00e+00	6.58e-15	0.00e+00
 5.00290e+17	1.00e+00	6.35e-15	0.00e+00
 5.00502e+17	1.00e+00	6.12e-15	0.00e+00
 5.00705e+17	1.00e+00	5.91e-15	0.00e+00
 5.00900e+17	1.00e+00	5.72e-15	0.00e+00
 5.01094e+17	1.00e+00	5.55e-15	0.00e+00
 5.01316e+17	1.00e+00	5.36e-15	0.00e+00
 5.01606e+17	1.00e+00	5.15e-15	0.00e+00
 5.01982e+17	1.00e+00	4.85e-15	0.00e+00
 5.02471e+17	1.00e+00	4.50e-15	0.00e+00
 5.03107e+17	1.00e+00	4.07e-15	0.00e+00
 5.03934e+17	1.00e+00	3.55e-15	0.00e+00
 5.04927e+17	1.00e+00	2.97e-15	0.00e+00
 5.05868e+17	1.00e+00	2.42e-15	0.00e+00
 5.06574e+17	1.00e+00	2.06e-15	0.00e+00
 5.07094e+17	1.00e+00	1.83e-15	0.00e+00
 5.07573e+17	1.00e+00	1.67e-15	0.00e+00
 5.08110e+17	1.00e+00	1.51e-15	0.00e+00
 5.08718e+17	1.00e+00	1.34e-15	0.00e+00
 5.09348e+17	1.00e+00	1.18e-15	0.00e+00
 5.09939e+17	1.00e+00	1.04e-15	0.00e+00
 5.10480e+17	1.00e+00	9.29e-16	0.00e+00
 5.11009e+17	1.00e+00	8.35e-16	0.00e+00
 5.11572e+17	1.00e+00	7.49e-16	0.00e+00
