#depth	C	C+	C+2	C+3	C+4	C+5	C+6	C[1]	C[2]	C[3]	C+[1]	C+[2]	CO
 1.49634e+10	8.38e-48	2.72e-36	1.12e-25	1.06e-15	5.23e-05	2.40e-01	7.60e-01	0.00e+00	0.00e+00	0.00e+00	0.00e+00	0.00e+00	0.00e+00
 4.54887e+10	0.00e+00	3.96e-36	1.51e-25	1.31e-15	6.01e-05	2.55e-01	7.45e-01	0.00e+00	0.00e+00	0.00e+00	0.00e+00	0.00e+00	0.00e+00
 7.72350e+10	2.07e-47	5.75e-36	2.03e-25	1.63e-15	6.90e-05	2.70e-01	7.30e-01	0.00e+00	0.00e+00	0.00e+00	0.00e+00	0.00e+00	0.00e+00
 1.10251e+11	0.00e+00	8.36e-36	2.72e-25	2.03e-15	7.91e-05	2.86e-01	7.14e-01	0.00e+00	0.00e+00	0.00e+00	0.00e+00	0.00e+00	0.00e+00
 1.41517e+11	4.91e-47	1.17e-35	3.55e-25	2.46e-15	8.95e-05	3.01e-01	6.99e-01	0.00e+00	0.00e+00	0.00e+00	0.00e+00	0.00e+00	0.00e+00
 1.69823e+11	0.00e+00	1.58e-35	4.49e-25	2.92e-15	9.97e-05	3.15e-01	6.85e-01	0.00e+00	0.00e+00	0.00e+00	0.00e+00	0.00e+00	0.00e+00
 2.01730e+11	1.04e-46	2.18e-35	5.79e-25	3.52e-15	1.12e-04	3.30e-01	6.70e-01	0.00e+00	0.00e+00	0.00e+00	0.00e+00	0.00e+00	0.00e+00
 2.39123e+11	0.00e+00	3.13e-35	7.70e-25	4.33e-15	1.28e-04	3.47e-01	6.53e-01	0.00e+00	0.00e+00	0.00e+00	0.00e+00	0.00e+00	0.00e+00
 2.76216e+11	2.46e-46	4.43e-35	1.01e-24	5.27e-15	1.44e-04	3.64e-01	6.36e-01	0.00e+00	0.00e+00	0.00e+00	0.00e+00	0.00e+00	1.88e-146
 3.11315e+11	0.00e+00	0.00e+00	1.29e-24	6.31e-15	1.61e-04	3.80e-01	6.20e-01	0.00e+00	0.00e+00	0.00e+00	0.00e+00	0.00e+00	5.65e-211
 3.50216e+11	0.00e+00	8.50e-35	1.69e-24	7.65e-15	1.82e-04	3.97e-01	6.02e-01	0.00e+00	0.00e+00	0.00e+00	0.00e+00	0.00e+00	1.12e-275
 3.94151e+11	8.47e-46	1.22e-34	2.24e-24	9.40e-15	2.07e-04	4.16e-01	5.83e-01	0.00e+00	0.00e+00	0.00e+00	0.00e+00	0.00e+00	4.58e-145
 4.38143e+11	0.00e+00	1.74e-34	2.95e-24	1.15e-14	2.33e-04	4.35e-01	5.65e-01	0.00e+00	0.00e+00	0.00e+00	0.00e+00	0.00e+00	3.55e-210
 4.83895e+11	1.99e-45	2.46e-34	3.87e-24	1.39e-14	2.63e-04	4.54e-01	5.46e-01	0.00e+00	0.00e+00	0.00e+00	0.00e+00	0.00e+00	1.78e-275
 5.33177e+11	0.00e+00	3.53e-34	5.14e-24	1.71e-14	2.98e-04	4.74e-01	5.26e-01	0.00e+00	0.00e+00	0.00e+00	0.00e+00	0.00e+00	2.51e-165
 5.84431e+11	4.78e-45	5.06e-34	6.80e-24	2.09e-14	3.37e-04	4.93e-01	5.06e-01	0.00e+00	0.00e+00	0.00e+00	0.00e+00	0.00e+00	4.74e-231
 6.37735e+11	0.00e+00	7.25e-34	8.99e-24	2.55e-14	3.80e-04	5.13e-01	4.86e-01	0.00e+00	0.00e+00	0.00e+00	0.00e+00	0.00e+00	5.77e-297
 6.93171e+11	1.15e-44	1.04e-33	1.19e-23	3.11e-14	4.28e-04	5.33e-01	4.67e-01	0.00e+00	0.00e+00	0.00e+00	0.00e+00	0.00e+00	4.08e-142
 7.50825e+11	0.00e+00	1.48e-33	1.57e-23	3.79e-14	4.82e-04	5.53e-01	4.47e-01	0.00e+00	0.00e+00	0.00e+00	0.00e+00	0.00e+00	1.81e-208
 8.10785e+11	2.74e-44	2.11e-33	2.06e-23	4.62e-14	5.41e-04	5.72e-01	4.27e-01	0.00e+00	0.00e+00	0.00e+00	0.00e+00	0.00e+00	4.01e-141
 8.73143e+11	0.00e+00	3.01e-33	2.72e-23	5.61e-14	6.08e-04	5.91e-01	4.08e-01	0.00e+00	0.00e+00	0.00e+00	0.00e+00	0.00e+00	6.73e-208
 9.37995e+11	6.50e-44	4.28e-33	3.57e-23	6.81e-14	6.81e-04	6.11e-01	3.89e-01	0.00e+00	0.00e+00	0.00e+00	0.00e+00	0.00e+00	3.94e-140
 1.00544e+12	0.00e+00	6.08e-33	4.69e-23	8.26e-14	7.63e-04	6.29e-01	3.70e-01	0.00e+00	0.00e+00	0.00e+00	0.00e+00	0.00e+00	2.47e-207
 1.07559e+12	1.54e-43	8.65e-33	6.15e-23	1.00e-13	8.53e-04	6.48e-01	3.52e-01	0.00e+00	0.00e+00	0.00e+00	0.00e+00	0.00e+00	3.86e-139
 1.14854e+12	0.00e+00	1.23e-32	8.07e-23	1.21e-13	9.53e-04	6.65e-01	3.34e-01	0.00e+00	0.00e+00	0.00e+00	0.00e+00	0.00e+00	8.87e-207
 1.21996e+12	3.55e-43	1.71e-32	1.04e-22	1.45e-13	1.06e-03	6.82e-01	3.17e-01	0.00e+00	0.00e+00	0.00e+00	0.00e+00	0.00e+00	3.54e-138
 1.28610e+12	0.00e+00	2.29e-32	1.30e-22	1.70e-13	1.16e-03	6.96e-01	3.03e-01	0.00e+00	0.00e+00	0.00e+00	0.00e+00	0.00e+00	3.17e-206
 1.35934e+12	7.50e-43	3.14e-32	1.66e-22	2.01e-13	1.28e-03	7.11e-01	2.88e-01	0.00e+00	0.00e+00	0.00e+00	0.00e+00	0.00e+00	2.60e-137
 1.44364e+12	0.00e+00	4.44e-32	2.17e-22	2.43e-13	1.42e-03	7.27e-01	2.71e-01	0.00e+00	0.00e+00	0.00e+00	0.00e+00	0.00e+00	8.66e-206
 1.52658e+12	1.73e-42	6.17e-32	2.80e-22	2.90e-13	1.57e-03	7.42e-01	2.57e-01	0.00e+00	0.00e+00	0.00e+00	0.00e+00	0.00e+00	2.40e-136
 1.61284e+12	0.00e+00	8.58e-32	3.61e-22	3.46e-13	1.74e-03	7.56e-01	2.42e-01	0.00e+00	0.00e+00	0.00e+00	0.00e+00	0.00e+00	2.72e-205
 1.70728e+12	3.97e-42	1.21e-31	4.71e-22	4.16e-13	1.93e-03	7.70e-01	2.28e-01	0.00e+00	0.00e+00	0.00e+00	0.00e+00	0.00e+00	2.22e-135
 1.80320e+12	0.00e+00	1.70e-31	6.11e-22	4.99e-13	2.14e-03	7.84e-01	2.14e-01	0.00e+00	0.00e+00	0.00e+00	0.00e+00	0.00e+00	7.36e-205
 1.90296e+12	9.16e-42	2.39e-31	7.92e-22	5.97e-13	2.36e-03	7.97e-01	2.01e-01	0.00e+00	0.00e+00	0.00e+00	0.00e+00	0.00e+00	2.08e-134
 2.00900e+12	0.00e+00	3.38e-31	1.03e-21	7.18e-13	2.62e-03	8.09e-01	1.88e-01	0.00e+00	0.00e+00	0.00e+00	0.00e+00	0.00e+00	1.43e-204
 2.11929e+12	2.15e-41	4.78e-31	1.35e-21	8.64e-13	2.90e-03	8.21e-01	1.76e-01	0.00e+00	0.00e+00	0.00e+00	0.00e+00	0.00e+00	2.06e-133
 2.23399e+12	0.00e+00	6.76e-31	1.76e-21	1.04e-12	3.21e-03	8.32e-01	1.65e-01	0.00e+00	0.00e+00	0.00e+00	0.00e+00	0.00e+00	0.00e+00
 2.35327e+12	5.07e-41	9.56e-31	2.29e-21	1.25e-12	3.56e-03	8.43e-01	1.54e-01	0.00e+00	0.00e+00	0.00e+00	0.00e+00	0.00e+00	2.04e-132
 2.47733e+12	0.00e+00	1.35e-30	2.99e-21	1.50e-12	3.94e-03	8.53e-01	1.43e-01	0.00e+00	0.00e+00	0.00e+00	0.00e+00	0.00e+00	0.00e+00
 2.60635e+12	1.20e-40	1.92e-30	3.90e-21	1.80e-12	4.35e-03	8.62e-01	1.34e-01	0.00e+00	0.00e+00	0.00e+00	0.00e+00	0.00e+00	2.04e-131
 2.74053e+12	0.00e+00	2.71e-30	5.09e-21	2.16e-12	4.82e-03	8.71e-01	1.24e-01	0.00e+00	0.00e+00	0.00e+00	0.00e+00	0.00e+00	0.00e+00
 2.86691e+12	2.72e-40	3.72e-30	6.48e-21	2.55e-12	5.27e-03	8.78e-01	1.16e-01	0.00e+00	0.00e+00	0.00e+00	0.00e+00	0.00e+00	1.84e-130
 2.98023e+12	0.00e+00	4.89e-30	7.98e-21	2.95e-12	5.71e-03	8.85e-01	1.10e-01	0.00e+00	0.00e+00	0.00e+00	0.00e+00	0.00e+00	0.00e+00
 3.10754e+12	5.52e-40	6.60e-30	1.00e-20	3.45e-12	6.22e-03	8.91e-01	1.03e-01	0.00e+00	0.00e+00	0.00e+00	0.00e+00	0.00e+00	1.23e-129
 3.25805e+12	0.00e+00	9.30e-30	1.30e-20	4.13e-12	6.86e-03	8.98e-01	9.56e-02	0.00e+00	0.00e+00	0.00e+00	0.00e+00	0.00e+00	0.00e+00
 3.40847e+12	1.27e-39	1.29e-29	1.68e-20	4.91e-12	7.53e-03	9.03e-01	8.90e-02	0.00e+00	0.00e+00	0.00e+00	0.00e+00	0.00e+00	1.14e-128
 3.55008e+12	0.00e+00	1.74e-29	2.11e-20	5.74e-12	8.20e-03	9.08e-01	8.34e-02	0.00e+00	0.00e+00	0.00e+00	0.00e+00	0.00e+00	0.00e+00
 3.70719e+12	2.73e-39	2.41e-29	2.70e-20	6.80e-12	8.98e-03	9.13e-01	7.76e-02	0.00e+00	0.00e+00	0.00e+00	0.00e+00	0.00e+00	8.98e-128
 3.88541e+12	0.00e+00	3.43e-29	3.53e-20	8.18e-12	9.92e-03	9.18e-01	7.17e-02	0.00e+00	0.00e+00	0.00e+00	0.00e+00	0.00e+00	0.00e+00
 4.06343e+12	6.45e-39	4.82e-29	4.58e-20	9.78e-12	1.09e-02	9.23e-01	6.64e-02	0.00e+00	0.00e+00	0.00e+00	0.00e+00	0.00e+00	8.91e-127
 4.24857e+12	0.00e+00	6.77e-29	5.94e-20	1.17e-11	1.20e-02	9.26e-01	6.15e-02	0.00e+00	0.00e+00	0.00e+00	0.00e+00	0.00e+00	0.00e+00
 4.44844e+12	1.53e-38	9.67e-29	7.80e-20	1.41e-11	1.33e-02	9.30e-01	5.67e-02	0.00e+00	0.00e+00	0.00e+00	0.00e+00	0.00e+00	8.92e-126
 4.63577e+12	0.00e+00	1.33e-28	9.96e-20	1.66e-11	1.45e-02	9.33e-01	5.26e-02	0.00e+00	0.00e+00	0.00e+00	0.00e+00	0.00e+00	0.00e+00
 4.80278e+12	3.20e-38	1.76e-28	1.23e-19	1.92e-11	1.57e-02	9.35e-01	4.94e-02	0.00e+00	0.00e+00	0.00e+00	0.00e+00	0.00e+00	6.44e-125
 4.99041e+12	0.00e+00	2.38e-28	1.55e-19	2.25e-11	1.71e-02	9.37e-01	4.60e-02	0.00e+00	0.00e+00	0.00e+00	0.00e+00	0.00e+00	0.00e+00
 5.21335e+12	7.16e-38	3.37e-28	2.02e-19	2.70e-11	1.88e-02	9.39e-01	4.24e-02	0.00e+00	0.00e+00	0.00e+00	0.00e+00	0.00e+00	5.51e-124
 5.43731e+12	0.00e+00	4.72e-28	2.62e-19	3.22e-11	2.06e-02	9.40e-01	3.91e-02	0.00e+00	0.00e+00	0.00e+00	0.00e+00	0.00e+00	0.00e+00
 5.64692e+12	1.59e-37	6.42e-28	3.31e-19	3.77e-11	2.24e-02	9.41e-01	3.64e-02	0.00e+00	0.00e+00	0.00e+00	0.00e+00	0.00e+00	4.61e-123
 5.87942e+12	0.00e+00	8.94e-28	4.26e-19	4.48e-11	2.45e-02	9.42e-01	3.36e-02	0.00e+00	0.00e+00	0.00e+00	0.00e+00	0.00e+00	0.00e+00
 6.14452e+12	3.75e-37	1.29e-27	5.62e-19	5.41e-11	2.71e-02	9.42e-01	3.08e-02	0.00e+00	0.00e+00	0.00e+00	0.00e+00	0.00e+00	4.51e-122
 6.40502e+12	0.00e+00	1.81e-27	7.31e-19	6.47e-11	2.98e-02	9.42e-01	2.83e-02	0.00e+00	0.00e+00	0.00e+00	0.00e+00	0.00e+00	0.00e+00
 6.67593e+12	8.80e-37	2.56e-27	9.51e-19	7.74e-11	3.27e-02	9.41e-01	2.60e-02	0.00e+00	0.00e+00	0.00e+00	0.00e+00	0.00e+00	4.33e-121
 6.97289e+12	0.00e+00	3.68e-27	1.26e-18	9.35e-11	3.60e-02	9.40e-01	2.37e-02	0.00e+00	0.00e+00	0.00e+00	0.00e+00	0.00e+00	0.00e+00
 7.27087e+12	2.13e-36	5.22e-27	1.64e-18	1.12e-10	3.96e-02	9.39e-01	2.17e-02	0.00e+00	0.00e+00	0.00e+00	0.00e+00	0.00e+00	4.52e-120
 7.58077e+12	0.00e+00	7.47e-27	2.16e-18	1.35e-10	4.35e-02	9.37e-01	1.99e-02	0.00e+00	0.00e+00	0.00e+00	0.00e+00	0.00e+00	0.00e+00
 7.91393e+12	5.21e-36	1.08e-26	2.86e-18	1.63e-10	4.80e-02	9.34e-01	1.81e-02	0.00e+00	0.00e+00	0.00e+00	0.00e+00	0.00e+00	4.82e-119
 8.24335e+12	0.00e+00	1.53e-26	3.73e-18	1.96e-10	5.26e-02	9.31e-01	1.65e-02	0.00e+00	0.00e+00	0.00e+00	0.00e+00	0.00e+00	0.00e+00
 8.58595e+12	1.24e-35	2.17e-26	4.88e-18	2.34e-10	5.76e-02	9.27e-01	1.51e-02	0.00e+00	0.00e+00	0.00e+00	0.00e+00	0.00e+00	4.75e-118
 8.95932e+12	0.00e+00	3.13e-26	6.46e-18	2.84e-10	6.34e-02	9.23e-01	1.37e-02	0.00e+00	0.00e+00	0.00e+00	0.00e+00	0.00e+00	0.00e+00
 9.34762e+12	3.07e-35	4.52e-26	8.56e-18	3.43e-10	6.98e-02	9.18e-01	1.24e-02	0.00e+00	0.00e+00	0.00e+00	0.00e+00	0.00e+00	5.25e-117
 9.75145e+12	0.00e+00	6.53e-26	1.14e-17	4.15e-10	7.67e-02	9.12e-01	1.12e-02	0.00e+00	0.00e+00	0.00e+00	0.00e+00	0.00e+00	0.00e+00
 1.01714e+13	7.61e-35	9.42e-26	1.50e-17	5.02e-10	8.43e-02	9.06e-01	1.02e-02	0.00e+00	0.00e+00	0.00e+00	0.00e+00	0.00e+00	5.77e-116
 1.06082e+13	1.20e-34	1.36e-25	1.99e-17	6.07e-10	9.25e-02	8.98e-01	9.18e-03	0.00e+00	0.00e+00	0.00e+00	0.00e+00	0.00e+00	3.69e-98
 1.10037e+13	1.78e-34	1.87e-25	2.55e-17	7.16e-10	1.00e-01	8.91e-01	8.38e-03	0.00e+00	0.00e+00	0.00e+00	0.00e+00	0.00e+00	3.92e-282
 1.13338e+13	2.44e-34	2.42e-25	3.11e-17	8.18e-10	1.07e-01	8.85e-01	7.79e-03	0.00e+00	0.00e+00	0.00e+00	0.00e+00	0.00e+00	1.25e-114
 1.16957e+13	3.42e-34	3.18e-25	3.83e-17	9.42e-10	1.15e-01	8.78e-01	7.20e-03	0.00e+00	0.00e+00	0.00e+00	0.00e+00	0.00e+00	3.85e-97
 1.21532e+13	5.16e-34	4.44e-25	4.96e-17	1.12e-09	1.24e-01	8.69e-01	6.53e-03	0.00e+00	0.00e+00	0.00e+00	0.00e+00	0.00e+00	1.38e-285
 1.26300e+13	7.79e-34	6.20e-25	6.42e-17	1.33e-09	1.35e-01	8.59e-01	5.91e-03	0.00e+00	0.00e+00	0.00e+00	0.00e+00	0.00e+00	2.72e-113
 1.30376e+13	1.09e-33	8.16e-25	7.93e-17	1.53e-09	1.45e-01	8.50e-01	5.43e-03	0.00e+00	0.00e+00	0.00e+00	0.00e+00	0.00e+00	5.16e-96
 1.34604e+13	1.53e-33	1.07e-24	9.80e-17	1.77e-09	1.54e-01	8.41e-01	4.99e-03	0.00e+00	0.00e+00	0.00e+00	0.00e+00	0.00e+00	2.81e-280
 1.39884e+13	2.31e-33	1.49e-24	1.26e-16	2.10e-09	1.67e-01	8.28e-01	4.50e-03	0.00e+00	0.00e+00	0.00e+00	0.00e+00	0.00e+00	4.86e-112
 1.45235e+13	3.42e-33	2.06e-24	1.62e-16	2.48e-09	1.81e-01	8.15e-01	4.06e-03	0.00e+00	0.00e+00	0.00e+00	0.00e+00	0.00e+00	6.57e-95
 1.49883e+13	4.76e-33	2.69e-24	1.99e-16	2.84e-09	1.92e-01	8.04e-01	3.72e-03	0.00e+00	0.00e+00	0.00e+00	0.00e+00	0.00e+00	3.37e-111
 1.54909e+13	6.70e-33	3.55e-24	2.47e-16	3.28e-09	2.05e-01	7.92e-01	3.40e-03	0.00e+00	0.00e+00	0.00e+00	0.00e+00	0.00e+00	2.95e-94
 1.61054e+13	1.00e-32	4.92e-24	3.18e-16	3.87e-09	2.21e-01	7.76e-01	3.04e-03	0.00e+00	0.00e+00	0.00e+00	0.00e+00	0.00e+00	2.49e-110
 1.67319e+13	1.48e-32	6.76e-24	4.06e-16	4.56e-09	2.37e-01	7.60e-01	2.73e-03	0.00e+00	0.00e+00	0.00e+00	0.00e+00	0.00e+00	1.74e-93
 1.73039e+13	2.08e-32	8.91e-24	5.02e-16	5.25e-09	2.52e-01	7.45e-01	2.48e-03	0.00e+00	0.00e+00	0.00e+00	0.00e+00	0.00e+00	1.80e-109
 1.79388e+13	2.99e-32	1.19e-23	6.30e-16	6.09e-09	2.69e-01	7.29e-01	2.23e-03	0.00e+00	0.00e+00	0.00e+00	0.00e+00	0.00e+00	8.45e-93
 1.86786e+13	4.47e-32	1.66e-23	8.10e-16	7.19e-09	2.88e-01	7.10e-01	1.98e-03	0.00e+00	0.00e+00	0.00e+00	0.00e+00	0.00e+00	1.45e-108
 1.94115e+13	6.54e-32	2.25e-23	1.03e-15	8.40e-09	3.08e-01	6.91e-01	1.76e-03	0.00e+00	0.00e+00	0.00e+00	0.00e+00	0.00e+00	4.97e-92
 2.01113e+13	9.25e-32	2.98e-23	1.27e-15	9.67e-09	3.26e-01	6.72e-01	1.58e-03	0.00e+00	0.00e+00	0.00e+00	0.00e+00	0.00e+00	1.07e-107
 2.08833e+13	1.33e-31	4.00e-23	1.60e-15	1.12e-08	3.46e-01	6.53e-01	1.41e-03	0.00e+00	0.00e+00	0.00e+00	0.00e+00	0.00e+00	2.51e-91
 2.17485e+13	1.97e-31	5.48e-23	2.03e-15	1.31e-08	3.68e-01	6.31e-01	1.24e-03	0.00e+00	0.00e+00	0.00e+00	0.00e+00	0.00e+00	8.75e-107
 2.26175e+13	2.85e-31	7.40e-23	2.56e-15	1.52e-08	3.89e-01	6.10e-01	1.10e-03	0.00e+00	0.00e+00	0.00e+00	0.00e+00	0.00e+00	1.45e-90
 2.33960e+13	3.92e-31	9.56e-23	3.11e-15	1.72e-08	4.08e-01	5.91e-01	9.85e-04	0.00e+00	0.00e+00	0.00e+00	0.00e+00	0.00e+00	6.09e-106
 2.40560e+13	5.08e-31	1.18e-22	3.65e-15	1.91e-08	4.24e-01	5.75e-01	9.00e-04	0.00e+00	0.00e+00	0.00e+00	0.00e+00	0.00e+00	5.54e-90
 2.47673e+13	6.65e-31	1.46e-22	4.30e-15	2.12e-08	4.40e-01	5.59e-01	8.19e-04	0.00e+00	0.00e+00	0.00e+00	0.00e+00	0.00e+00	2.74e-105
 2.56878e+13	9.31e-31	1.91e-22	5.28e-15	2.41e-08	4.61e-01	5.38e-01	7.27e-04	0.00e+00	0.00e+00	0.00e+00	0.00e+00	0.00e+00	2.28e-89
 2.66475e+13	1.30e-30	2.50e-22	6.47e-15	2.74e-08	4.82e-01	5.17e-01	6.43e-04	0.00e+00	0.00e+00	0.00e+00	0.00e+00	0.00e+00	1.87e-104
 2.74693e+13	1.71e-30	3.12e-22	7.64e-15	3.04e-08	5.00e-01	5.00e-01	5.81e-04	0.00e+00	0.00e+00	0.00e+00	0.00e+00	0.00e+00	9.61e-89
 2.83443e+13	2.27e-30	3.91e-22	9.05e-15	3.38e-08	5.17e-01	4.82e-01	5.23e-04	0.00e+00	0.00e+00	0.00e+00	0.00e+00	0.00e+00	9.35e-104
 2.94305e+13	3.17e-30	5.11e-22	1.11e-14	3.84e-08	5.39e-01	4.61e-01	4.60e-04	0.00e+00	0.00e+00	0.00e+00	0.00e+00	0.00e+00	4.18e-88
 3.05469e+13	4.41e-30	6.64e-22	1.35e-14	4.34e-08	5.60e-01	4.40e-01	4.04e-04	0.00e+00	0.00e+00	0.00e+00	0.00e+00	0.00e+00	6.51e-103
 3.15511e+13	5.85e-30	8.32e-22	1.60e-14	4.81e-08	5.77e-01	4.22e-01	3.61e-04	0.00e+00	0.00e+00	0.00e+00	0.00e+00	0.00e+00	1.82e-87
 3.26543e+13	7.89e-30	1.06e-21	1.91e-14	5.36e-08	5.96e-01	4.04e-01	3.20e-04	0.00e+00	0.00e+00	0.00e+00	0.00e+00	0.00e+00	3.65e-102
 3.38611e+13	1.08e-29	1.35e-21	2.30e-14	6.01e-08	6.15e-01	3.84e-01	2.81e-04	0.00e+00	0.00e+00	0.00e+00	0.00e+00	0.00e+00	8.08e-87
 3.49599e+13	1.42e-29	1.68e-21	2.70e-14	6.63e-08	6.32e-01	3.68e-01	2.51e-04	0.00e+00	0.00e+00	0.00e+00	0.00e+00	0.00e+00	2.11e-101
 3.61460e+13	1.89e-29	2.11e-21	3.20e-14	7.33e-08	6.49e-01	3.51e-01	2.22e-04	0.00e+00	0.00e+00	0.00e+00	0.00e+00	0.00e+00	3.18e-86
 3.74756e+13	2.57e-29	2.69e-21	3.82e-14	8.16e-08	6.67e-01	3.33e-01	1.95e-04	0.00e+00	0.00e+00	0.00e+00	0.00e+00	0.00e+00	1.25e-100
 3.87340e+13	3.40e-29	3.35e-21	4.50e-14	8.99e-08	6.83e-01	3.17e-01	1.73e-04	0.00e+00	0.00e+00	0.00e+00	0.00e+00	0.00e+00	1.35e-85
 4.01119e+13	4.56e-29	4.23e-21	5.33e-14	9.94e-08	7.00e-01	3.00e-01	1.52e-04	0.00e+00	0.00e+00	0.00e+00	0.00e+00	0.00e+00	7.10e-100
 4.16383e+13	6.23e-29	5.40e-21	6.38e-14	1.11e-07	7.17e-01	2.83e-01	1.32e-04	0.00e+00	0.00e+00	0.00e+00	0.00e+00	0.00e+00	6.13e-85
 4.30582e+13	8.24e-29	6.73e-21	7.49e-14	1.21e-07	7.31e-01	2.69e-01	1.17e-04	0.00e+00	0.00e+00	0.00e+00	0.00e+00	0.00e+00	4.32e-99
 4.46046e+13	1.10e-28	8.46e-21	8.85e-14	1.34e-07	7.46e-01	2.54e-01	1.02e-04	0.00e+00	0.00e+00	0.00e+00	0.00e+00	0.00e+00	2.58e-84
 4.63363e+13	1.51e-28	1.08e-20	1.06e-13	1.48e-07	7.61e-01	2.38e-01	8.83e-05	0.00e+00	0.00e+00	0.00e+00	0.00e+00	0.00e+00	2.79e-98
 4.79741e+13	2.01e-28	1.35e-20	1.24e-13	1.63e-07	7.75e-01	2.25e-01	7.74e-05	0.00e+00	0.00e+00	0.00e+00	0.00e+00	0.00e+00	1.17e-83
 4.97443e+13	2.70e-28	1.70e-20	1.47e-13	1.79e-07	7.88e-01	2.12e-01	6.74e-05	0.00e+00	0.00e+00	0.00e+00	0.00e+00	0.00e+00	1.69e-97
 5.17173e+13	3.70e-28	2.18e-20	1.76e-13	1.98e-07	8.02e-01	1.98e-01	5.80e-05	0.00e+00	0.00e+00	0.00e+00	0.00e+00	0.00e+00	5.60e-83
 5.36162e+13	4.96e-28	2.74e-20	2.07e-13	2.17e-07	8.14e-01	1.86e-01	5.04e-05	0.00e+00	0.00e+00	0.00e+00	0.00e+00	0.00e+00	1.13e-96
 5.56378e+13	6.69e-28	3.45e-20	2.44e-13	2.39e-07	8.26e-01	1.74e-01	4.37e-05	0.00e+00	0.00e+00	0.00e+00	0.00e+00	0.00e+00	2.57e-82
 5.78933e+13	9.22e-28	4.43e-20	2.92e-13	2.64e-07	8.38e-01	1.62e-01	3.74e-05	0.00e+00	0.00e+00	0.00e+00	0.00e+00	0.00e+00	7.94e-96
 6.01519e+13	1.25e-27	5.62e-20	3.46e-13	2.90e-07	8.48e-01	1.52e-01	3.22e-05	0.00e+00	0.00e+00	0.00e+00	0.00e+00	0.00e+00	1.31e-81
 6.25009e+13	1.70e-27	7.12e-20	4.10e-13	3.18e-07	8.58e-01	1.42e-01	2.77e-05	0.00e+00	0.00e+00	0.00e+00	0.00e+00	0.00e+00	5.54e-95
 6.50309e+13	2.34e-27	9.10e-20	4.88e-13	3.50e-07	8.68e-01	1.32e-01	2.37e-05	0.00e+00	0.00e+00	0.00e+00	0.00e+00	0.00e+00	6.68e-81
 6.76621e+13	3.21e-27	1.16e-19	5.79e-13	3.85e-07	8.78e-01	1.22e-01	2.03e-05	0.00e+00	0.00e+00	0.00e+00	0.00e+00	0.00e+00	4.15e-94
 7.02484e+13	4.33e-27	1.46e-19	6.81e-13	4.21e-07	8.86e-01	1.14e-01	1.75e-05	0.00e+00	0.00e+00	0.00e+00	0.00e+00	0.00e+00	3.37e-80
 7.26615e+13	5.67e-27	1.80e-19	7.88e-13	4.55e-07	8.93e-01	1.07e-01	1.53e-05	0.00e+00	0.00e+00	0.00e+00	0.00e+00	0.00e+00	2.53e-93
 7.53212e+13	7.55e-27	2.24e-19	9.19e-13	4.95e-07	9.00e-01	1.00e-01	1.33e-05	0.00e+00	0.00e+00	0.00e+00	0.00e+00	0.00e+00	1.46e-79
 7.80488e+13	1.00e-26	2.79e-19	1.07e-12	5.37e-07	9.06e-01	9.36e-02	1.15e-05	0.00e+00	0.00e+00	0.00e+00	0.00e+00	0.00e+00	1.56e-92
 8.03392e+13	1.26e-26	3.32e-19	1.21e-12	5.74e-07	9.11e-01	8.86e-02	1.03e-05	0.00e+00	0.00e+00	0.00e+00	0.00e+00	0.00e+00	5.67e-79
 8.27641e+13	1.60e-26	3.98e-19	1.37e-12	6.13e-07	9.16e-01	8.38e-02	9.13e-06	0.00e+00	0.00e+00	0.00e+00	0.00e+00	0.00e+00	6.97e-92
 8.58324e+13	2.13e-26	4.96e-19	1.60e-12	6.66e-07	9.22e-01	7.81e-02	7.90e-06	0.00e+00	0.00e+00	0.00e+00	0.00e+00	0.00e+00	2.30e-78
 8.90301e+13	2.85e-26	6.19e-19	1.86e-12	7.22e-07	9.27e-01	7.28e-02	6.82e-06	0.00e+00	0.00e+00	0.00e+00	0.00e+00	0.00e+00	4.47e-91
 9.18077e+13	3.64e-26	7.46e-19	2.12e-12	7.73e-07	9.31e-01	6.87e-02	6.04e-06	0.00e+00	0.00e+00	0.00e+00	0.00e+00	0.00e+00	9.61e-78
 9.47463e+13	4.67e-26	9.03e-19	2.42e-12	8.28e-07	9.35e-01	6.47e-02	5.33e-06	0.00e+00	0.00e+00	0.00e+00	0.00e+00	0.00e+00	2.20e-90
 9.83503e+13	6.27e-26	1.13e-18	2.82e-12	8.99e-07	9.40e-01	6.02e-02	4.59e-06	0.00e+00	0.00e+00	0.00e+00	0.00e+00	0.00e+00	4.16e-77
 1.01945e+14	8.34e-26	1.40e-18	3.28e-12	9.72e-07	9.44e-01	5.61e-02	3.98e-06	0.00e+00	0.00e+00	0.00e+00	0.00e+00	0.00e+00	1.43e-89
 1.05080e+14	1.06e-25	1.69e-18	3.71e-12	1.04e-06	9.47e-01	5.30e-02	3.53e-06	0.00e+00	0.00e+00	0.00e+00	0.00e+00	0.00e+00	1.72e-76
 1.08495e+14	1.37e-25	2.04e-18	4.23e-12	1.11e-06	9.50e-01	4.98e-02	3.11e-06	0.00e+00	0.00e+00	0.00e+00	0.00e+00	0.00e+00	3.41e-76
 1.12649e+14	1.84e-25	2.56e-18	4.94e-12	1.20e-06	9.54e-01	4.63e-02	2.68e-06	0.00e+00	0.00e+00	0.00e+00	0.00e+00	0.00e+00	7.61e-76
 1.16823e+14	2.46e-25	3.19e-18	5.73e-12	1.30e-06	9.57e-01	4.31e-02	2.32e-06	0.00e+00	0.00e+00	0.00e+00	0.00e+00	0.00e+00	1.66e-75
 1.20569e+14	3.16e-25	3.85e-18	6.52e-12	1.39e-06	9.59e-01	4.05e-02	2.05e-06	0.00e+00	0.00e+00	0.00e+00	0.00e+00	0.00e+00	3.30e-75
 1.24700e+14	4.13e-25	4.72e-18	7.48e-12	1.49e-06	9.62e-01	3.80e-02	1.79e-06	0.00e+00	0.00e+00	0.00e+00	0.00e+00	0.00e+00	6.81e-75
 1.29591e+14	5.61e-25	5.95e-18	8.76e-12	1.62e-06	9.65e-01	3.52e-02	1.54e-06	0.00e+00	0.00e+00	0.00e+00	0.00e+00	0.00e+00	1.56e-74
 1.34438e+14	7.51e-25	7.41e-18	1.02e-11	1.75e-06	9.67e-01	3.28e-02	1.33e-06	0.00e+00	0.00e+00	0.00e+00	0.00e+00	0.00e+00	3.46e-74
 1.38930e+14	9.75e-25	9.03e-18	1.16e-11	1.87e-06	9.69e-01	3.08e-02	1.17e-06	0.00e+00	0.00e+00	0.00e+00	0.00e+00	0.00e+00	7.05e-74
 1.43969e+14	1.29e-24	1.12e-17	1.34e-11	2.01e-06	9.71e-01	2.87e-02	1.01e-06	0.00e+00	0.00e+00	0.00e+00	0.00e+00	0.00e+00	1.53e-73
 1.49758e+14	1.77e-24	1.42e-17	1.57e-11	2.18e-06	9.73e-01	2.65e-02	8.65e-07	0.00e+00	0.00e+00	0.00e+00	0.00e+00	0.00e+00	3.58e-73
 1.55455e+14	2.38e-24	1.77e-17	1.83e-11	2.36e-06	9.75e-01	2.47e-02	0.00e+00	0.00e+00	0.00e+00	0.00e+00	0.00e+00	0.00e+00	8.06e-73
 1.61380e+14	3.21e-24	2.22e-17	2.13e-11	2.54e-06	9.77e-01	2.29e-02	0.00e+00	0.00e+00	0.00e+00	0.00e+00	0.00e+00	0.00e+00	1.82e-72
 1.67866e+14	4.39e-24	2.81e-17	2.49e-11	2.76e-06	9.79e-01	2.12e-02	0.00e+00	0.00e+00	0.00e+00	0.00e+00	0.00e+00	0.00e+00	4.27e-72
 1.74457e+14	5.96e-24	3.53e-17	2.91e-11	2.99e-06	9.80e-01	1.97e-02	0.00e+00	0.00e+00	0.00e+00	0.00e+00	0.00e+00	0.00e+00	9.85e-72
 1.81313e+14	8.09e-24	4.45e-17	3.40e-11	3.23e-06	9.82e-01	1.82e-02	0.00e+00	0.00e+00	0.00e+00	0.00e+00	0.00e+00	0.00e+00	2.27e-71
 1.88176e+14	1.09e-23	5.55e-17	3.95e-11	3.49e-06	9.83e-01	1.69e-02	0.00e+00	0.00e+00	0.00e+00	0.00e+00	1.78e-17	3.78e-17	5.09e-71
 1.94676e+14	1.42e-23	6.80e-17	4.53e-11	3.74e-06	9.84e-01	1.58e-02	0.00e+00	0.00e+00	0.00e+00	0.00e+00	2.26e-17	4.55e-17	1.06e-70
 2.01856e+14	1.90e-23	8.45e-17	5.24e-11	4.02e-06	9.85e-01	1.47e-02	0.00e+00	0.00e+00	0.00e+00	0.00e+00	2.80e-17	5.64e-17	2.33e-70
 2.09043e+14	2.50e-23	1.04e-16	6.03e-11	4.32e-06	9.86e-01	1.37e-02	0.00e+00	0.00e+00	0.00e+00	0.00e+00	3.45e-17	6.95e-17	4.95e-70
 2.15006e+14	3.12e-23	1.23e-16	6.75e-11	4.58e-06	9.87e-01	1.30e-02	0.00e+00	0.00e+00	0.00e+00	0.00e+00	4.09e-17	8.22e-17	9.10e-70
 2.21329e+14	3.93e-23	1.46e-16	7.59e-11	4.86e-06	9.88e-01	1.23e-02	0.00e+00	0.00e+00	0.00e+00	0.00e+00	4.86e-17	9.78e-17	1.70e-69
 2.29415e+14	5.22e-23	1.81e-16	8.77e-11	5.23e-06	9.89e-01	1.14e-02	0.00e+00	0.00e+00	0.00e+00	0.00e+00	6.02e-17	1.21e-16	3.69e-69
 2.37907e+14	6.95e-23	2.25e-16	1.02e-10	5.64e-06	9.89e-01	1.06e-02	0.00e+00	0.00e+00	0.00e+00	0.00e+00	7.47e-17	1.50e-16	8.14e-69
 2.45411e+14	8.89e-23	2.71e-16	1.15e-10	6.01e-06	9.90e-01	9.95e-03	0.00e+00	0.00e+00	0.00e+00	0.00e+00	9.00e-17	1.81e-16	1.58e-68
 2.53518e+14	1.15e-22	3.29e-16	1.31e-10	6.42e-06	9.91e-01	9.32e-03	0.00e+00	0.00e+00	0.00e+00	0.00e+00	1.09e-16	2.20e-16	3.17e-68
 2.63278e+14	1.55e-22	4.12e-16	1.53e-10	6.94e-06	9.91e-01	8.63e-03	0.00e+00	0.00e+00	0.00e+00	0.00e+00	1.37e-16	2.75e-16	7.11e-68
 2.73181e+14	2.07e-22	5.13e-16	1.78e-10	7.49e-06	9.92e-01	8.01e-03	0.00e+00	0.00e+00	0.00e+00	0.00e+00	1.70e-16	3.43e-16	1.57e-67
 2.82452e+14	2.69e-22	6.27e-16	2.04e-10	8.03e-06	9.93e-01	7.48e-03	0.00e+00	0.00e+00	0.00e+00	0.00e+00	2.08e-16	4.19e-16	3.21e-67
 2.92752e+14	3.57e-22	7.76e-16	2.36e-10	8.65e-06	9.93e-01	6.95e-03	0.00e+00	0.00e+00	0.00e+00	0.00e+00	2.57e-16	5.19e-16	6.91e-67
 3.03678e+14	4.76e-22	9.66e-16	2.73e-10	9.33e-06	9.94e-01	6.45e-03	0.00e+00	0.00e+00	0.00e+00	0.00e+00	3.20e-16	6.45e-16	1.51e-66
 3.13388e+14	6.10e-22	1.17e-15	3.11e-10	9.96e-06	9.94e-01	6.05e-03	0.00e+00	0.00e+00	0.00e+00	0.00e+00	3.87e-16	7.79e-16	2.97e-66
 3.23829e+14	7.89e-22	1.42e-15	3.55e-10	1.07e-05	9.94e-01	5.66e-03	0.00e+00	0.00e+00	0.00e+00	0.00e+00	4.70e-16	9.46e-16	5.97e-66
 3.36340e+14	1.06e-21	1.78e-15	4.14e-10	1.15e-05	9.95e-01	5.24e-03	0.00e+00	0.00e+00	0.00e+00	0.00e+00	5.89e-16	1.19e-15	1.34e-65
 3.48656e+14	1.41e-21	2.20e-15	4.80e-10	1.24e-05	9.95e-01	4.86e-03	0.00e+00	0.00e+00	0.00e+00	0.00e+00	7.30e-16	1.47e-15	2.89e-65
 3.59627e+14	1.80e-21	2.65e-15	5.44e-10	1.33e-05	9.95e-01	4.57e-03	0.00e+00	0.00e+00	0.00e+00	0.00e+00	8.78e-16	1.77e-15	5.61e-65
 3.71738e+14	2.33e-21	3.22e-15	6.22e-10	1.42e-05	9.96e-01	4.27e-03	0.00e+00	0.00e+00	0.00e+00	0.00e+00	1.07e-15	2.15e-15	1.14e-64
 3.86170e+14	3.15e-21	4.04e-15	7.27e-10	1.54e-05	9.96e-01	3.94e-03	0.00e+00	0.00e+00	0.00e+00	0.00e+00	1.34e-15	2.70e-15	2.56e-64
 4.00482e+14	4.19e-21	5.02e-15	8.43e-10	1.66e-05	9.96e-01	3.66e-03	0.00e+00	0.00e+00	0.00e+00	0.00e+00	1.67e-15	3.36e-15	5.55e-64
 4.13555e+14	5.39e-21	6.08e-15	9.60e-10	1.77e-05	9.97e-01	3.43e-03	0.00e+00	0.00e+00	0.00e+00	0.00e+00	2.02e-15	4.06e-15	1.10e-63
 4.28156e+14	7.06e-21	7.47e-15	1.11e-09	1.91e-05	9.97e-01	3.19e-03	0.00e+00	0.00e+00	0.00e+00	0.00e+00	2.48e-15	4.99e-15	2.30e-63
 4.45152e+14	9.58e-21	9.41e-15	1.29e-09	2.07e-05	9.97e-01	2.94e-03	0.00e+00	0.00e+00	0.00e+00	0.00e+00	3.12e-15	6.29e-15	5.28e-63
 4.61849e+14	1.28e-20	1.17e-14	1.50e-09	2.23e-05	9.97e-01	2.73e-03	0.00e+00	0.00e+00	0.00e+00	0.00e+00	3.88e-15	7.83e-15	1.16e-62
 4.77636e+14	1.66e-20	1.43e-14	1.72e-09	2.39e-05	9.97e-01	2.55e-03	0.00e+00	0.00e+00	0.00e+00	0.00e+00	4.74e-15	9.56e-15	2.37e-62
 4.95193e+14	2.20e-20	1.77e-14	1.99e-09	2.58e-05	9.98e-01	2.36e-03	0.00e+00	0.00e+00	0.00e+00	0.00e+00	5.87e-15	1.18e-14	5.11e-62
 5.15031e+14	2.99e-20	2.23e-14	2.34e-09	2.80e-05	9.98e-01	2.18e-03	0.00e+00	0.00e+00	0.00e+00	0.00e+00	7.40e-15	1.49e-14	1.18e-61
 5.33836e+14	3.97e-20	2.76e-14	2.70e-09	3.01e-05	9.98e-01	2.03e-03	0.00e+00	0.00e+00	0.00e+00	0.00e+00	9.16e-15	1.85e-14	2.54e-61
 5.50945e+14	5.08e-20	3.33e-14	3.06e-09	3.21e-05	9.98e-01	1.90e-03	0.00e+00	0.00e+00	0.00e+00	0.00e+00	1.10e-14	2.23e-14	4.98e-61
 5.70305e+14	6.65e-20	4.09e-14	3.52e-09	3.45e-05	9.98e-01	1.77e-03	0.00e+00	0.00e+00	0.00e+00	0.00e+00	1.35e-14	2.73e-14	1.04e-60
 5.92888e+14	9.01e-20	5.15e-14	4.12e-09	3.74e-05	9.98e-01	1.63e-03	0.00e+00	0.00e+00	0.00e+00	0.00e+00	1.70e-14	3.44e-14	2.38e-60
 6.14552e+14	1.19e-19	6.37e-14	4.76e-09	4.02e-05	9.98e-01	1.52e-03	0.00e+00	0.00e+00	0.00e+00	0.00e+00	2.11e-14	4.26e-14	5.15e-60
 6.34132e+14	1.53e-19	7.67e-14	5.40e-09	4.29e-05	9.99e-01	1.42e-03	0.00e+00	0.00e+00	0.00e+00	0.00e+00	2.54e-14	5.13e-14	1.01e-59
 6.52576e+14	1.91e-19	9.08e-14	6.06e-09	4.55e-05	9.99e-01	1.34e-03	0.00e+00	0.00e+00	0.00e+00	0.00e+00	3.01e-14	6.08e-14	1.86e-59
 6.73019e+14	2.43e-19	1.09e-13	6.86e-09	4.85e-05	9.99e-01	1.26e-03	0.00e+00	0.00e+00	0.00e+00	0.00e+00	3.61e-14	7.30e-14	3.60e-59
 6.95871e+14	3.16e-19	1.33e-13	7.85e-09	5.19e-05	9.99e-01	1.18e-03	0.00e+00	0.00e+00	0.00e+00	0.00e+00	4.39e-14	8.90e-14	7.37e-59
 7.17454e+14	4.02e-19	1.59e-13	8.87e-09	5.52e-05	9.99e-01	1.10e-03	0.00e+00	0.00e+00	0.00e+00	0.00e+00	5.27e-14	1.07e-13	1.42e-58
 7.41110e+14	5.18e-19	1.93e-13	1.01e-08	5.90e-05	9.99e-01	1.03e-03	0.00e+00	0.00e+00	0.00e+00	0.00e+00	6.38e-14	1.29e-13	2.85e-58
 7.67595e+14	6.82e-19	2.38e-13	1.16e-08	6.34e-05	9.99e-01	9.62e-04	0.00e+00	0.00e+00	0.00e+00	0.00e+00	7.86e-14	1.59e-13	6.08e-58
 7.92582e+14	8.77e-19	2.88e-13	1.32e-08	6.77e-05	9.99e-01	9.00e-04	0.00e+00	0.00e+00	0.00e+00	0.00e+00	9.50e-14	1.93e-13	1.21e-57
 8.19889e+14	1.15e-18	3.52e-13	1.52e-08	7.26e-05	9.99e-01	8.40e-04	0.00e+00	0.00e+00	0.00e+00	0.00e+00	1.16e-13	2.36e-13	2.52e-57
 8.50082e+14	1.52e-18	4.36e-13	1.76e-08	7.82e-05	9.99e-01	7.80e-04	0.00e+00	0.00e+00	0.00e+00	0.00e+00	1.44e-13	2.92e-13	5.47e-57
 8.77956e+14	1.96e-18	5.29e-13	2.00e-08	8.35e-05	9.99e-01	7.30e-04	0.00e+00	0.00e+00	0.00e+00	0.00e+00	1.74e-13	3.54e-13	1.10e-56
 9.08121e+14	2.56e-18	6.46e-13	2.29e-08	8.94e-05	9.99e-01	6.81e-04	0.00e+00	0.00e+00	0.00e+00	0.00e+00	2.13e-13	4.33e-13	2.28e-56
 9.41840e+14	3.40e-18	8.02e-13	2.65e-08	9.63e-05	9.99e-01	6.32e-04	0.00e+00	0.00e+00	0.00e+00	0.00e+00	2.64e-13	5.37e-13	5.02e-56
 9.73528e+14	4.41e-18	9.75e-13	3.03e-08	1.03e-04	9.99e-01	5.91e-04	0.00e+00	0.00e+00	0.00e+00	0.00e+00	3.21e-13	6.54e-13	1.02e-55
 1.00807e+15	5.80e-18	1.20e-12	3.48e-08	1.11e-04	9.99e-01	5.50e-04	0.00e+00	0.00e+00	0.00e+00	0.00e+00	3.95e-13	8.04e-13	2.17e-55
 1.04650e+15	7.75e-18	1.50e-12	4.05e-08	1.20e-04	9.99e-01	5.09e-04	0.00e+00	0.00e+00	0.00e+00	0.00e+00	4.93e-13	1.00e-12	4.82e-55
 1.08240e+15	1.01e-17	1.83e-12	4.63e-08	1.28e-04	9.99e-01	4.75e-04	0.00e+00	0.00e+00	0.00e+00	0.00e+00	6.02e-13	1.23e-12	1.00e-54
 1.12141e+15	1.33e-17	2.25e-12	5.34e-08	1.38e-04	9.99e-01	4.41e-04	0.00e+00	0.00e+00	0.00e+00	0.00e+00	7.41e-13	1.51e-12	2.14e-54
 1.16506e+15	1.79e-17	2.82e-12	6.23e-08	1.49e-04	9.99e-01	4.08e-04	0.00e+00	0.00e+00	0.00e+00	0.00e+00	9.29e-13	1.89e-12	4.88e-54
 1.20646e+15	2.34e-17	3.46e-12	7.17e-08	1.60e-04	9.99e-01	3.79e-04	0.00e+00	0.00e+00	0.00e+00	0.00e+00	1.14e-12	2.32e-12	1.02e-53
 1.25075e+15	3.11e-17	4.29e-12	8.29e-08	1.73e-04	9.99e-01	3.52e-04	0.00e+00	0.00e+00	0.00e+00	0.00e+00	1.41e-12	2.88e-12	2.22e-53
 1.30081e+15	4.21e-17	5.40e-12	9.72e-08	1.87e-04	9.99e-01	3.24e-04	0.00e+00	0.00e+00	0.00e+00	0.00e+00	1.78e-12	3.63e-12	5.13e-53
 1.35012e+15	5.60e-17	6.72e-12	1.13e-07	2.02e-04	9.99e-01	2.99e-04	0.00e+00	4.61e-18	1.38e-17	2.32e-17	2.21e-12	4.52e-12	1.13e-52
 1.40141e+15	7.46e-17	8.37e-12	1.31e-07	2.19e-04	1.00e+00	2.77e-04	0.00e+00	6.14e-18	1.84e-17	3.08e-17	2.75e-12	5.62e-12	2.50e-52
 1.45749e+15	1.01e-16	1.05e-11	1.54e-07	2.38e-04	1.00e+00	2.55e-04	0.00e+00	8.28e-18	2.49e-17	4.16e-17	3.45e-12	7.07e-12	5.70e-52
 1.51288e+15	1.34e-16	1.31e-11	1.79e-07	2.58e-04	1.00e+00	2.35e-04	0.00e+00	1.10e-17	3.30e-17	5.52e-17	4.29e-12	8.79e-12	1.25e-51
 1.55894e+15	1.68e-16	1.56e-11	2.03e-07	2.74e-04	1.00e+00	2.21e-04	0.00e+00	1.38e-17	4.16e-17	6.94e-17	5.11e-12	1.05e-11	2.37e-51
 1.59618e+15	2.00e-16	1.79e-11	2.23e-07	2.89e-04	1.00e+00	2.10e-04	0.00e+00	1.65e-17	4.95e-17	8.28e-17	5.86e-12	1.20e-11	3.85e-51
 1.63754e+15	2.42e-16	2.07e-11	2.47e-07	3.05e-04	9.99e-01	1.98e-04	0.00e+00	2.00e-17	6.00e-17	1.00e-16	6.79e-12	1.39e-11	6.56e-51
 1.69130e+15	3.08e-16	2.50e-11	2.82e-07	3.27e-04	9.99e-01	1.85e-04	0.00e+00	2.55e-17	7.64e-17	1.28e-16	8.19e-12	1.68e-11	1.28e-50
 1.74889e+15	3.96e-16	3.03e-11	3.24e-07	3.52e-04	9.99e-01	1.72e-04	0.00e+00	3.27e-17	9.81e-17	1.64e-16	9.93e-12	2.04e-11	2.57e-50
 1.79992e+15	4.89e-16	3.58e-11	3.64e-07	3.75e-04	9.99e-01	1.61e-04	0.00e+00	4.04e-17	1.21e-16	2.03e-16	1.17e-11	2.41e-11	4.66e-50
 1.85473e+15	6.10e-16	4.25e-11	4.12e-07	4.01e-04	9.99e-01	1.51e-04	0.00e+00	5.04e-17	1.51e-16	2.53e-16	1.39e-11	2.86e-11	8.66e-50
 1.92344e+15	7.94e-16	5.23e-11	4.78e-07	4.34e-04	9.99e-01	1.39e-04	0.00e+00	6.57e-17	1.97e-16	3.30e-16	1.71e-11	3.52e-11	1.82e-49
 1.99316e+15	1.03e-15	6.40e-11	5.54e-07	4.70e-04	9.99e-01	1.29e-04	0.00e+00	8.51e-17	2.56e-16	4.27e-16	2.09e-11	4.31e-11	3.78e-49
 2.05361e+15	1.28e-15	7.59e-11	6.25e-07	5.02e-04	9.99e-01	1.21e-04	0.00e+00	1.06e-16	3.17e-16	5.30e-16	2.48e-11	5.11e-11	6.99e-49
 2.11905e+15	1.59e-15	9.05e-11	7.11e-07	5.39e-04	9.99e-01	1.13e-04	0.00e+00	1.32e-16	3.97e-16	6.63e-16	2.96e-11	6.09e-11	1.32e-48
 2.19918e+15	2.07e-15	1.11e-10	8.28e-07	5.86e-04	9.99e-01	1.04e-04	0.00e+00	1.72e-16	5.17e-16	8.63e-16	3.65e-11	7.50e-11	2.80e-48
 2.27999e+15	2.67e-15	1.36e-10	9.60e-07	6.36e-04	9.99e-01	9.55e-05	0.00e+00	2.22e-16	6.66e-16	1.11e-15	4.46e-11	9.18e-11	5.81e-48
 2.35181e+15	3.31e-15	1.62e-10	1.09e-06	6.82e-04	9.99e-01	8.90e-05	0.00e+00	2.75e-16	8.26e-16	1.38e-15	5.29e-11	1.09e-10	1.08e-47
 2.43034e+15	4.15e-15	1.94e-10	1.25e-06	7.34e-04	9.99e-01	8.27e-05	0.00e+00	3.46e-16	1.04e-15	1.73e-15	6.35e-11	1.31e-10	2.10e-47
 2.52424e+15	5.25e-15	2.40e-10	1.46e-06	8.01e-04	9.99e-01	7.59e-05	0.00e+00	4.38e-16	1.32e-15	2.20e-15	7.83e-11	1.61e-10	4.46e-47
 2.61714e+15	6.69e-15	2.92e-10	1.69e-06	8.70e-04	9.99e-01	6.99e-05	0.00e+00	5.58e-16	1.68e-15	2.80e-15	9.56e-11	1.97e-10	9.23e-47
 2.70098e+15	8.24e-15	3.47e-10	1.92e-06	9.34e-04	9.99e-01	6.51e-05	0.00e+00	6.89e-16	2.07e-15	3.46e-15	1.14e-10	2.34e-10	1.74e-46
 2.79403e+15	1.03e-14	4.18e-10	2.20e-06	1.01e-03	9.99e-01	6.02e-05	0.00e+00	8.62e-16	2.59e-15	4.33e-15	1.37e-10	2.81e-10	3.44e-46
 2.90357e+15	1.33e-14	5.15e-10	2.57e-06	1.10e-03	9.99e-01	5.52e-05	0.00e+00	1.11e-15	3.33e-15	5.57e-15	1.68e-10	3.47e-10	7.45e-46
 3.01165e+15	1.68e-14	6.28e-10	2.99e-06	1.20e-03	9.99e-01	5.08e-05	0.00e+00	1.41e-15	4.22e-15	7.05e-15	2.05e-10	4.23e-10	1.56e-45
 3.11208e+15	2.07e-14	7.50e-10	3.41e-06	1.29e-03	9.99e-01	4.71e-05	0.00e+00	1.73e-15	5.21e-15	8.70e-15	2.45e-10	5.05e-10	3.01e-45
 3.22461e+15	2.59e-14	9.08e-10	3.94e-06	1.40e-03	9.99e-01	4.34e-05	0.00e+00	2.18e-15	6.53e-15	1.09e-14	2.97e-10	6.11e-10	6.18e-45
 3.35363e+15	3.31e-14	1.12e-09	4.61e-06	1.54e-03	9.98e-01	3.97e-05	0.00e+00	2.78e-15	8.36e-15	1.40e-14	3.67e-10	7.55e-10	1.37e-44
 3.48070e+15	4.16e-14	1.37e-09	5.36e-06	1.68e-03	9.98e-01	3.65e-05	0.00e+00	3.51e-15	1.05e-14	1.76e-14	4.48e-10	9.21e-10	2.91e-44
 3.61286e+15	5.23e-14	1.67e-09	6.23e-06	1.83e-03	9.98e-01	3.35e-05	0.00e+00	4.41e-15	1.33e-14	2.21e-14	5.47e-10	1.12e-09	6.21e-44
 3.73316e+15	6.35e-14	1.99e-09	7.11e-06	1.97e-03	9.98e-01	3.11e-05	0.00e+00	5.37e-15	1.61e-14	2.69e-14	6.52e-10	1.34e-09	1.21e-43
 3.82301e+15	7.33e-14	2.26e-09	7.81e-06	2.08e-03	9.98e-01	2.95e-05	0.00e+00	6.21e-15	1.86e-14	3.11e-14	7.41e-10	1.52e-09	1.96e-43
 3.91590e+15	8.46e-14	2.57e-09	8.60e-06	2.20e-03	9.98e-01	2.79e-05	0.00e+00	7.17e-15	2.15e-14	3.59e-14	8.42e-10	1.73e-09	3.19e-43
 4.03667e+15	1.01e-13	3.02e-09	9.72e-06	2.36e-03	9.98e-01	2.60e-05	0.00e+00	8.59e-15	2.58e-14	4.31e-14	9.91e-10	2.03e-09	5.95e-43
 4.16743e+15	1.22e-13	3.59e-09	1.10e-05	2.54e-03	9.97e-01	2.42e-05	0.00e+00	1.04e-14	3.11e-14	5.19e-14	1.18e-09	2.41e-09	1.16e-42
 4.28546e+15	1.43e-13	4.16e-09	1.23e-05	2.70e-03	9.97e-01	2.28e-05	0.00e+00	1.22e-14	3.66e-14	6.12e-14	1.36e-09	2.79e-09	2.02e-42
 4.41317e+15	1.70e-13	4.86e-09	1.39e-05	2.89e-03	9.97e-01	2.13e-05	0.00e+00	1.45e-14	4.35e-14	7.27e-14	1.59e-09	3.27e-09	3.75e-42
 4.57507e+15	2.10e-13	5.91e-09	1.61e-05	3.14e-03	9.97e-01	1.97e-05	0.00e+00	1.79e-14	5.36e-14	8.95e-14	1.94e-09	3.97e-09	8.03e-42
 4.73806e+15	2.55e-13	7.12e-09	1.85e-05	3.41e-03	9.97e-01	1.82e-05	0.00e+00	2.17e-14	6.52e-14	1.09e-13	2.34e-09	4.78e-09	1.68e-41
 4.87519e+15	2.99e-13	8.28e-09	2.07e-05	3.64e-03	9.96e-01	1.71e-05	0.00e+00	2.56e-14	7.68e-14	1.28e-13	2.72e-09	5.56e-09	3.05e-41
 5.02207e+15	3.54e-13	9.71e-09	2.33e-05	3.89e-03	9.96e-01	1.60e-05	0.00e+00	3.03e-14	9.10e-14	1.52e-13	3.19e-09	6.52e-09	5.72e-41
 5.20720e+15	4.33e-13	1.18e-08	2.69e-05	4.23e-03	9.96e-01	1.48e-05	0.00e+00	3.71e-14	1.11e-13	1.86e-13	3.88e-09	7.93e-09	1.23e-40
 5.40113e+15	5.28e-13	1.44e-08	3.11e-05	4.60e-03	9.95e-01	1.37e-05	0.00e+00	4.53e-14	1.36e-13	2.27e-13	4.72e-09	9.64e-09	2.67e-40
 5.57566e+15	6.30e-13	1.70e-08	3.53e-05	4.95e-03	9.95e-01	1.28e-05	0.00e+00	5.41e-14	1.63e-13	2.71e-13	5.59e-09	1.14e-08	5.20e-40
 5.76591e+15	7.59e-13	2.04e-08	4.03e-05	5.34e-03	9.95e-01	1.19e-05	0.00e+00	6.53e-14	1.96e-13	3.27e-13	6.71e-09	1.37e-08	1.06e-39
 5.99093e+15	9.30e-13	2.51e-08	4.70e-05	5.83e-03	9.94e-01	1.10e-05	0.00e+00	8.01e-14	2.40e-13	4.01e-13	8.26e-09	1.68e-08	2.36e-39
 6.21101e+15	1.12e-12	3.05e-08	5.43e-05	6.33e-03	9.94e-01	1.02e-05	0.00e+00	9.69e-14	2.91e-13	4.86e-13	1.00e-08	2.05e-08	4.98e-39
 6.41099e+15	1.34e-12	3.61e-08	6.16e-05	6.80e-03	9.93e-01	9.54e-06	0.00e+00	1.16e-13	3.48e-13	5.80e-13	1.19e-08	2.42e-08	9.63e-39
 6.63499e+15	1.62e-12	4.36e-08	7.06e-05	7.36e-03	9.93e-01	8.90e-06	0.00e+00	1.40e-13	4.21e-13	7.03e-13	1.43e-08	2.92e-08	1.99e-38
 6.89684e+15	2.00e-12	5.38e-08	8.25e-05	8.04e-03	9.92e-01	8.26e-06	0.00e+00	1.74e-13	5.21e-13	8.70e-13	1.77e-08	3.61e-08	4.44e-38
 7.15374e+15	2.44e-12	6.56e-08	9.54e-05	8.74e-03	9.91e-01	7.70e-06	0.00e+00	2.12e-13	6.36e-13	1.06e-12	2.16e-08	4.40e-08	9.44e-38
 7.39426e+15	2.94e-12	7.84e-08	1.09e-04	9.42e-03	9.90e-01	7.23e-06	0.00e+00	2.55e-13	7.67e-13	1.28e-12	2.59e-08	5.26e-08	1.86e-37
 7.60527e+15	3.41e-12	9.14e-08	1.22e-04	1.01e-02	9.90e-01	6.87e-06	0.00e+00	2.96e-13	8.88e-13	1.48e-12	3.02e-08	6.13e-08	3.27e-37
 7.78264e+15	3.85e-12	1.04e-07	1.34e-04	1.06e-02	9.89e-01	6.59e-06	0.00e+00	3.35e-13	1.01e-12	1.68e-12	3.42e-08	6.94e-08	5.23e-37
 7.97870e+15	4.45e-12	1.19e-07	1.48e-04	1.12e-02	9.89e-01	6.30e-06	0.00e+00	3.88e-13	1.16e-12	1.94e-12	3.92e-08	7.97e-08	8.79e-37
 8.23358e+15	5.35e-12	1.42e-07	1.68e-04	1.21e-02	9.88e-01	5.96e-06	0.00e+00	4.66e-13	1.40e-12	2.33e-12	4.68e-08	9.49e-08	1.69e-36
 8.49932e+15	6.39e-12	1.69e-07	1.90e-04	1.30e-02	9.87e-01	5.65e-06	0.00e+00	5.58e-13	1.67e-12	2.79e-12	5.57e-08	1.13e-07	3.15e-36
 8.72409e+15	7.43e-12	1.95e-07	2.11e-04	1.38e-02	9.86e-01	5.41e-06	0.00e+00	6.49e-13	1.95e-12	3.25e-12	6.44e-08	1.31e-07	5.33e-36
 8.96119e+15	8.70e-12	2.27e-07	2.35e-04	1.46e-02	9.85e-01	5.18e-06	0.00e+00	7.61e-13	2.28e-12	3.81e-12	7.48e-08	1.52e-07	9.20e-36
 9.26941e+15	1.07e-11	2.74e-07	2.70e-04	1.58e-02	9.84e-01	4.91e-06	0.00e+00	9.34e-13	2.80e-12	4.68e-12	9.06e-08	1.84e-07	1.85e-35
 9.58672e+15	1.29e-11	3.31e-07	3.10e-04	1.71e-02	9.83e-01	4.67e-06	0.00e+00	1.13e-12	3.40e-12	5.68e-12	1.09e-07	2.21e-07	3.59e-35
 9.85104e+15	1.52e-11	3.84e-07	3.45e-04	1.82e-02	9.81e-01	4.49e-06	0.00e+00	1.33e-12	3.99e-12	6.66e-12	1.27e-07	2.57e-07	6.12e-35
 1.01298e+16	1.80e-11	4.51e-07	3.87e-04	1.94e-02	9.80e-01	4.32e-06	0.00e+00	1.58e-12	4.73e-12	7.90e-12	1.49e-07	3.02e-07	1.08e-34
 1.04923e+16	2.23e-11	5.50e-07	4.47e-04	2.11e-02	9.78e-01	4.11e-06	0.00e+00	1.96e-12	5.87e-12	9.80e-12	1.82e-07	3.68e-07	2.18e-34
 1.08701e+16	2.75e-11	6.71e-07	5.17e-04	2.29e-02	9.77e-01	3.92e-06	0.00e+00	2.42e-12	7.25e-12	1.21e-11	2.22e-07	4.49e-07	4.32e-34
 1.11903e+16	3.28e-11	7.92e-07	5.83e-04	2.45e-02	9.75e-01	3.79e-06	0.00e+00	2.89e-12	8.67e-12	1.45e-11	2.62e-07	5.30e-07	7.54e-34
 1.15291e+16	3.97e-11	9.41e-07	6.60e-04	2.63e-02	9.73e-01	3.66e-06	0.00e+00	3.50e-12	1.05e-11	1.75e-11	3.12e-07	6.30e-07	1.36e-33
 1.19550e+16	4.97e-11	1.16e-06	7.68e-04	2.87e-02	9.71e-01	3.50e-06	0.00e+00	4.39e-12	1.32e-11	2.20e-11	3.84e-07	7.76e-07	2.77e-33
 1.23831e+16	6.15e-11	1.42e-06	8.90e-04	3.12e-02	9.68e-01	3.37e-06	0.00e+00	5.44e-12	1.63e-11	2.72e-11	4.69e-07	9.48e-07	5.36e-33
 1.27411e+16	7.36e-11	1.67e-06	1.00e-03	3.34e-02	9.66e-01	3.29e-06	0.00e+00	6.52e-12	1.96e-11	3.26e-11	5.53e-07	1.12e-06	9.10e-33
 1.31191e+16	8.95e-11	1.99e-06	1.14e-03	3.59e-02	9.63e-01	3.19e-06	0.00e+00	7.93e-12	2.38e-11	3.97e-11	6.58e-07	1.33e-06	1.61e-32
 1.35994e+16	1.13e-10	2.46e-06	1.33e-03	3.92e-02	9.59e-01	3.07e-06	0.00e+00	1.00e-11	3.01e-11	5.02e-11	8.15e-07	1.64e-06	3.23e-32
 1.40863e+16	1.42e-10	3.02e-06	1.55e-03	4.28e-02	9.56e-01	2.99e-06	0.00e+00	1.26e-11	3.79e-11	6.32e-11	1.00e-06	2.02e-06	6.09e-32
 1.44848e+16	1.70e-10	3.55e-06	1.75e-03	4.59e-02	9.52e-01	2.92e-06	0.00e+00	1.51e-11	4.54e-11	7.57e-11	1.18e-06	2.37e-06	1.00e-31
 1.48246e+16	1.98e-10	4.07e-06	1.94e-03	4.87e-02	9.49e-01	2.87e-06	0.00e+00	1.76e-11	5.28e-11	8.81e-11	1.35e-06	2.72e-06	1.53e-31
 1.51957e+16	2.36e-10	4.74e-06	2.17e-03	5.19e-02	9.46e-01	2.81e-06	0.00e+00	2.10e-11	6.30e-11	1.05e-10	1.57e-06	3.17e-06	2.47e-31
 1.56027e+16	2.82e-10	5.56e-06	2.45e-03	5.55e-02	9.42e-01	2.75e-06	0.00e+00	2.52e-11	7.55e-11	1.26e-10	1.85e-06	3.72e-06	3.99e-31
 1.59837e+16	3.32e-10	6.44e-06	2.73e-03	5.91e-02	9.38e-01	2.70e-06	0.00e+00	2.96e-11	8.88e-11	1.48e-10	2.14e-06	4.30e-06	6.16e-31
 1.64064e+16	4.04e-10	7.62e-06	3.10e-03	6.35e-02	9.33e-01	2.65e-06	0.00e+00	3.61e-11	1.08e-10	1.80e-10	2.53e-06	5.09e-06	1.03e-30
 1.68576e+16	4.86e-10	9.00e-06	3.52e-03	6.82e-02	9.28e-01	2.60e-06	0.00e+00	4.35e-11	1.30e-10	2.18e-10	2.99e-06	6.01e-06	1.66e-30
 1.72677e+16	5.78e-10	1.05e-05	3.95e-03	7.29e-02	9.23e-01	2.56e-06	0.00e+00	5.18e-11	1.55e-10	2.59e-10	3.48e-06	7.00e-06	2.58e-30
 1.77230e+16	7.09e-10	1.25e-05	4.51e-03	7.85e-02	9.17e-01	2.51e-06	0.00e+00	6.35e-11	1.91e-10	3.18e-10	4.14e-06	8.34e-06	4.31e-30
 1.82122e+16	8.77e-10	1.49e-05	5.18e-03	8.48e-02	9.10e-01	2.49e-06	0.00e+00	7.87e-11	2.36e-10	3.94e-10	4.96e-06	9.96e-06	7.12e-30
 1.86573e+16	1.05e-09	1.75e-05	5.87e-03	9.09e-02	9.03e-01	2.45e-06	0.00e+00	9.46e-11	2.84e-10	4.73e-10	5.82e-06	1.17e-05	1.11e-29
 1.90700e+16	1.25e-09	2.03e-05	6.59e-03	9.70e-02	8.96e-01	2.42e-06	0.00e+00	1.13e-10	3.38e-10	5.63e-10	6.76e-06	1.36e-05	1.67e-29
 1.95284e+16	1.54e-09	2.42e-05	7.54e-03	1.04e-01	8.88e-01	2.39e-06	0.00e+00	1.39e-10	4.16e-10	6.94e-10	8.05e-06	1.62e-05	2.73e-29
 2.00160e+16	1.91e-09	2.89e-05	8.67e-03	1.13e-01	8.79e-01	2.37e-06	0.00e+00	1.72e-10	5.17e-10	8.62e-10	9.61e-06	1.93e-05	4.43e-29
 2.04372e+16	2.29e-09	3.37e-05	9.79e-03	1.20e-01	8.70e-01	2.36e-06	0.00e+00	2.07e-10	6.21e-10	1.03e-09	1.12e-05	2.25e-05	6.64e-29
 2.08225e+16	2.74e-09	3.89e-05	1.10e-02	1.28e-01	8.61e-01	2.34e-06	0.00e+00	2.47e-10	7.42e-10	1.24e-09	1.29e-05	2.60e-05	9.75e-29
 2.12653e+16	3.34e-09	4.62e-05	1.26e-02	1.38e-01	8.50e-01	2.32e-06	0.00e+00	3.02e-10	9.05e-10	1.51e-09	1.54e-05	3.08e-05	1.56e-28
 2.17427e+16	4.18e-09	5.55e-05	1.45e-02	1.49e-01	8.37e-01	2.31e-06	0.00e+00	3.78e-10	1.13e-09	1.89e-09	1.85e-05	3.70e-05	2.54e-28
 2.21394e+16	5.02e-09	6.45e-05	1.64e-02	1.59e-01	8.25e-01	2.32e-06	0.00e+00	4.54e-10	1.36e-09	2.27e-09	2.15e-05	4.30e-05	3.73e-28
 2.24658e+16	5.88e-09	7.34e-05	1.82e-02	1.67e-01	8.14e-01	2.32e-06	0.00e+00	5.33e-10	1.60e-09	2.67e-09	2.44e-05	4.90e-05	5.24e-28
 2.28267e+16	7.04e-09	8.52e-05	2.05e-02	1.78e-01	8.01e-01	2.31e-06	0.00e+00	6.39e-10	1.92e-09	3.19e-09	2.83e-05	5.68e-05	7.78e-28
 2.32257e+16	8.73e-09	1.01e-04	2.34e-02	1.91e-01	7.86e-01	2.33e-06	0.00e+00	7.92e-10	2.38e-09	3.96e-09	3.36e-05	6.74e-05	1.23e-27
 2.35815e+16	1.04e-08	1.17e-04	2.64e-02	2.03e-01	7.71e-01	2.33e-06	0.00e+00	9.41e-10	2.82e-09	4.70e-09	3.88e-05	7.78e-05	1.75e-27
