#depth	He	He+	He+2
 1.49634e+10	1.81e-23	2.16e-12	1.00e+00
 4.54887e+10	2.02e-23	2.34e-12	1.00e+00
 7.72350e+10	2.24e-23	2.53e-12	1.00e+00
 1.10251e+11	2.48e-23	2.74e-12	1.00e+00
 1.41517e+11	2.72e-23	2.94e-12	1.00e+00
 1.69823e+11	2.95e-23	3.13e-12	1.00e+00
 2.01730e+11	3.22e-23	3.35e-12	1.00e+00
 2.39123e+11	3.57e-23	3.62e-12	1.00e+00
 2.76216e+11	3.94e-23	3.90e-12	1.00e+00
 3.11315e+11	4.31e-23	4.17e-12	1.00e+00
 3.50216e+11	4.73e-23	4.49e-12	1.00e+00
 3.94151e+11	5.27e-23	4.86e-12	1.00e+00
 4.38143e+11	5.83e-23	5.24e-12	1.00e+00
 4.83895e+11	6.46e-23	5.66e-12	1.00e+00
 5.33177e+11	7.20e-23	6.12e-12	1.00e+00
 5.84431e+11	8.02e-23	6.63e-12	1.00e+00
 6.37735e+11	8.95e-23	7.17e-12	1.00e+00
 6.93171e+11	1.00e-22	7.77e-12	1.00e+00
 7.50825e+11	1.12e-22	8.41e-12	1.00e+00
 8.10785e+11	1.25e-22	9.10e-12	1.00e+00
 8.73143e+11	1.40e-22	9.86e-12	1.00e+00
 9.37995e+11	1.58e-22	1.07e-11	1.00e+00
 1.00544e+12	1.77e-22	1.16e-11	1.00e+00
 1.07559e+12	1.99e-22	1.25e-11	1.00e+00
 1.14854e+12	2.25e-22	1.36e-11	1.00e+00
 1.21996e+12	2.52e-22	1.46e-11	1.00e+00
 1.28610e+12	2.79e-22	1.57e-11	1.00e+00
 1.35934e+12	3.12e-22	1.68e-11	1.00e+00
 1.44364e+12	3.54e-22	1.82e-11	1.00e+00
 1.52658e+12	3.99e-22	1.97e-11	1.00e+00
 1.61284e+12	4.50e-22	2.13e-11	1.00e+00
 1.70728e+12	5.12e-22	2.31e-11	1.00e+00
 1.80320e+12	5.82e-22	2.50e-11	1.00e+00
 1.90296e+12	6.61e-22	2.70e-11	1.00e+00
 2.00900e+12	7.56e-22	2.93e-11	1.00e+00
 2.11929e+12	8.65e-22	3.18e-11	1.00e+00
 2.23399e+12	9.91e-22	3.46e-11	1.00e+00
 2.35327e+12	1.14e-21	3.75e-11	1.00e+00
 2.47733e+12	1.31e-21	4.08e-11	1.00e+00
 2.60635e+12	1.50e-21	4.43e-11	1.00e+00
 2.74053e+12	1.73e-21	4.81e-11	1.00e+00
 2.86691e+12	1.97e-21	5.19e-11	1.00e+00
 2.98023e+12	2.20e-21	5.54e-11	1.00e+00
 3.10754e+12	2.48e-21	5.95e-11	1.00e+00
 3.25805e+12	2.86e-21	6.47e-11	1.00e+00
 3.40847e+12	3.29e-21	7.00e-11	1.00e+00
 3.55008e+12	3.73e-21	7.52e-11	1.00e+00
 3.70719e+12	4.25e-21	8.14e-11	1.00e+00
 3.88541e+12	4.94e-21	8.86e-11	1.00e+00
 4.06343e+12	5.70e-21	9.63e-11	1.00e+00
 4.24857e+12	6.57e-21	1.05e-10	1.00e+00
 4.44844e+12	7.63e-21	1.14e-10	1.00e+00
 4.63577e+12	8.76e-21	1.23e-10	1.00e+00
 4.80278e+12	9.83e-21	1.32e-10	1.00e+00
 4.99041e+12	1.11e-20	1.42e-10	1.00e+00
 5.21335e+12	1.29e-20	1.55e-10	1.00e+00
 5.43731e+12	1.49e-20	1.68e-10	1.00e+00
 5.64692e+12	1.70e-20	1.82e-10	1.00e+00
 5.87942e+12	1.94e-20	1.97e-10	1.00e+00
 6.14452e+12	2.26e-20	2.16e-10	1.00e+00
 6.40502e+12	2.61e-20	2.35e-10	1.00e+00
 6.67593e+12	3.00e-20	2.57e-10	1.00e+00
 6.97289e+12	3.50e-20	2.81e-10	1.00e+00
 7.27087e+12	4.04e-20	3.07e-10	1.00e+00
 7.58077e+12	4.66e-20	3.36e-10	1.00e+00
 7.91393e+12	5.41e-20	3.69e-10	1.00e+00
 8.24335e+12	6.23e-20	4.04e-10	1.00e+00
 8.58595e+12	7.15e-20	4.42e-10	1.00e+00
 8.95932e+12	8.28e-20	4.85e-10	1.00e+00
 9.34762e+12	9.57e-20	5.34e-10	1.00e+00
 9.75145e+12	1.10e-19	5.88e-10	1.00e+00
 1.01714e+13	1.27e-19	6.47e-10	1.00e+00
 1.06082e+13	1.46e-19	7.13e-10	1.00e+00
 1.10037e+13	1.66e-19	7.76e-10	1.00e+00
 1.13338e+13	1.82e-19	8.31e-10	1.00e+00
 1.16957e+13	2.02e-19	8.94e-10	1.00e+00
 1.21532e+13	2.29e-19	9.78e-10	1.00e+00
 1.26300e+13	2.60e-19	1.07e-09	1.00e+00
 1.30376e+13	2.88e-19	1.15e-09	1.00e+00
 1.34604e+13	3.19e-19	1.25e-09	1.00e+00
 1.39884e+13	3.61e-19	1.36e-09	1.00e+00
 1.45235e+13	4.08e-19	1.49e-09	1.00e+00
 1.49883e+13	4.52e-19	1.61e-09	1.00e+00
 1.54909e+13	5.02e-19	1.74e-09	1.00e+00
 1.61054e+13	5.70e-19	1.91e-09	1.00e+00
 1.67319e+13	6.45e-19	2.09e-09	1.00e+00
 1.73039e+13	7.19e-19	2.26e-09	1.00e+00
 1.79388e+13	8.08e-19	2.46e-09	1.00e+00
 1.86786e+13	9.23e-19	2.71e-09	1.00e+00
 1.94115e+13	1.05e-18	2.96e-09	1.00e+00
 2.01113e+13	1.18e-18	3.22e-09	1.00e+00
 2.08833e+13	1.34e-18	3.52e-09	1.00e+00
 2.17485e+13	1.54e-18	3.86e-09	1.00e+00
 2.26175e+13	1.77e-18	4.23e-09	1.00e+00
 2.33960e+13	1.99e-18	4.57e-09	1.00e+00
 2.40560e+13	2.20e-18	4.88e-09	1.00e+00
 2.47673e+13	2.44e-18	5.21e-09	1.00e+00
 2.56878e+13	2.79e-18	5.66e-09	1.00e+00
 2.66475e+13	3.19e-18	6.16e-09	1.00e+00
 2.74693e+13	3.58e-18	6.60e-09	1.00e+00
 2.83443e+13	4.02e-18	7.08e-09	1.00e+00
 2.94305e+13	4.64e-18	7.71e-09	1.00e+00
 3.05469e+13	5.35e-18	8.38e-09	1.00e+00
 3.15511e+13	6.06e-18	9.01e-09	1.00e+00
 3.26543e+13	6.93e-18	9.72e-09	1.00e+00
 3.38611e+13	7.99e-18	1.05e-08	1.00e+00
 3.49599e+13	9.06e-18	1.13e-08	1.00e+00
 3.61460e+13	1.03e-17	1.22e-08	1.00e+00
 3.74756e+13	1.19e-17	1.32e-08	1.00e+00
 3.87340e+13	1.36e-17	1.42e-08	1.00e+00
 4.01119e+13	1.57e-17	1.53e-08	1.00e+00
 4.16383e+13	1.82e-17	1.66e-08	1.00e+00
 4.30582e+13	2.09e-17	1.79e-08	1.00e+00
 4.46046e+13	2.41e-17	1.93e-08	1.00e+00
 4.63363e+13	2.82e-17	2.10e-08	1.00e+00
 4.79741e+13	3.25e-17	2.26e-08	1.00e+00
 4.97443e+13	3.77e-17	2.45e-08	1.00e+00
 5.17173e+13	4.42e-17	2.66e-08	1.00e+00
 5.36162e+13	5.12e-17	2.88e-08	1.00e+00
 5.56378e+13	5.96e-17	3.11e-08	1.00e+00
 5.78933e+13	7.02e-17	3.39e-08	1.00e+00
 6.01519e+13	8.22e-17	3.68e-08	1.00e+00
 6.25009e+13	9.62e-17	3.99e-08	1.00e+00
 6.50309e+13	1.13e-16	4.34e-08	1.00e+00
 6.76621e+13	1.33e-16	4.72e-08	1.00e+00
 7.02484e+13	1.56e-16	5.10e-08	1.00e+00
 7.26615e+13	1.79e-16	5.48e-08	1.00e+00
 7.53212e+13	2.07e-16	5.91e-08	1.00e+00
 7.80488e+13	2.40e-16	6.36e-08	1.00e+00
 8.03392e+13	2.70e-16	6.76e-08	1.00e+00
 8.27641e+13	3.04e-16	7.19e-08	1.00e+00
 8.58324e+13	3.53e-16	7.75e-08	1.00e+00
 8.90301e+13	4.10e-16	8.36e-08	1.00e+00
 9.18077e+13	4.65e-16	8.91e-08	1.00e+00
 9.47463e+13	5.28e-16	9.50e-08	1.00e+00
 9.83503e+13	6.15e-16	1.03e-07	1.00e+00
 1.01945e+14	7.11e-16	1.10e-07	1.00e+00
 1.05080e+14	8.03e-16	1.17e-07	1.00e+00
 1.08495e+14	9.14e-16	1.25e-07	1.00e+00
 1.12649e+14	1.06e-15	1.35e-07	1.00e+00
 1.16823e+14	1.23e-15	1.46e-07	1.00e+00
 1.20569e+14	1.40e-15	1.55e-07	1.00e+00
 1.24700e+14	1.60e-15	1.66e-07	1.00e+00
 1.29591e+14	1.87e-15	1.80e-07	1.00e+00
 1.34438e+14	2.16e-15	1.94e-07	1.00e+00
 1.38930e+14	2.46e-15	2.07e-07	1.00e+00
 1.43969e+14	2.84e-15	2.22e-07	1.00e+00
 1.49758e+14	3.33e-15	2.40e-07	1.00e+00
 1.55455e+14	3.86e-15	2.59e-07	1.00e+00
 1.61380e+14	4.48e-15	2.79e-07	1.00e+00
 1.67866e+14	5.24e-15	3.02e-07	1.00e+00
 1.74457e+14	6.11e-15	3.26e-07	1.00e+00
 1.81313e+14	7.12e-15	3.53e-07	1.00e+00
 1.88176e+14	8.25e-15	3.80e-07	1.00e+00
 1.94676e+14	9.45e-15	4.07e-07	1.00e+00
 2.01856e+14	1.09e-14	4.38e-07	1.00e+00
 2.09043e+14	1.25e-14	4.70e-07	1.00e+00
 2.15006e+14	1.40e-14	4.97e-07	1.00e+00
 2.21329e+14	1.57e-14	5.27e-07	1.00e+00
 2.29415e+14	1.82e-14	5.67e-07	1.00e+00
 2.37907e+14	2.10e-14	6.10e-07	1.00e+00
 2.45411e+14	2.38e-14	6.50e-07	1.00e+00
 2.53518e+14	2.71e-14	6.94e-07	1.00e+00
 2.63278e+14	3.15e-14	7.50e-07	1.00e+00
 2.73181e+14	3.65e-14	8.08e-07	1.00e+00
 2.82452e+14	4.18e-14	8.66e-07	1.00e+00
 2.92752e+14	4.83e-14	9.32e-07	1.00e+00
 3.03678e+14	5.59e-14	1.01e-06	1.00e+00
 3.13388e+14	6.35e-14	1.07e-06	1.00e+00
 3.23829e+14	7.24e-14	1.15e-06	1.00e+00
 3.36340e+14	8.44e-14	1.24e-06	1.00e+00
 3.48656e+14	9.75e-14	1.34e-06	1.00e+00
 3.59627e+14	1.10e-13	1.43e-06	1.00e+00
 3.71738e+14	1.26e-13	1.53e-06	1.00e+00
 3.86170e+14	1.47e-13	1.66e-06	1.00e+00
 4.00482e+14	1.70e-13	1.79e-06	1.00e+00
 4.13555e+14	1.93e-13	1.91e-06	1.00e+00
 4.28156e+14	2.22e-13	2.05e-06	1.00e+00
 4.45152e+14	2.59e-13	2.22e-06	1.00e+00
 4.61849e+14	3.00e-13	2.40e-06	1.00e+00
 4.77636e+14	3.43e-13	2.57e-06	1.00e+00
 4.95193e+14	3.95e-13	2.77e-06	1.00e+00
 5.15031e+14	4.62e-13	3.00e-06	1.00e+00
 5.33836e+14	5.31e-13	3.23e-06	1.00e+00
 5.50945e+14	6.01e-13	3.45e-06	1.00e+00
 5.70305e+14	6.87e-13	3.70e-06	1.00e+00
 5.92888e+14	8.00e-13	4.01e-06	1.00e+00
 6.14552e+14	9.18e-13	4.32e-06	1.00e+00
 6.34132e+14	1.04e-12	4.60e-06	1.00e+00
 6.52576e+14	1.16e-12	4.88e-06	1.00e+00
 6.73019e+14	1.30e-12	5.20e-06	1.00e+00
 6.95871e+14	1.48e-12	5.57e-06	1.00e+00
 7.17454e+14	1.66e-12	5.92e-06	1.00e+00
 7.41110e+14	1.88e-12	6.33e-06	1.00e+00
 7.67595e+14	2.15e-12	6.80e-06	1.00e+00
 7.92582e+14	2.42e-12	7.26e-06	1.00e+00
 8.19889e+14	2.75e-12	7.78e-06	1.00e+00
 8.50082e+14	3.16e-12	8.38e-06	1.00e+00
 8.77956e+14	3.56e-12	8.94e-06	1.00e+00
 9.08121e+14	4.04e-12	9.58e-06	1.00e+00
 9.41840e+14	4.62e-12	1.03e-05	1.00e+00
 9.73528e+14	5.23e-12	1.10e-05	1.00e+00
 1.00807e+15	5.95e-12	1.18e-05	1.00e+00
 1.04650e+15	6.84e-12	1.28e-05	1.00e+00
 1.08240e+15	7.74e-12	1.37e-05	1.00e+00
 1.12141e+15	8.84e-12	1.47e-05	1.00e+00
 1.16506e+15	1.02e-11	1.59e-05	1.00e+00
 1.20646e+15	1.16e-11	1.72e-05	1.00e+00
 1.25075e+15	1.32e-11	1.85e-05	1.00e+00
 1.30081e+15	1.54e-11	2.00e-05	1.00e+00
 1.35012e+15	1.76e-11	2.16e-05	1.00e+00
 1.40141e+15	2.03e-11	2.34e-05	1.00e+00
 1.45749e+15	2.36e-11	2.54e-05	1.00e+00
 1.51288e+15	2.72e-11	2.75e-05	1.00e+00
 1.55894e+15	3.04e-11	2.93e-05	1.00e+00
 1.59618e+15	3.34e-11	3.08e-05	1.00e+00
 1.63754e+15	3.68e-11	3.26e-05	1.00e+00
 1.69130e+15	4.18e-11	3.49e-05	1.00e+00
 1.74889e+15	4.77e-11	3.76e-05	1.00e+00
 1.79992e+15	5.34e-11	4.00e-05	1.00e+00
 1.85473e+15	6.01e-11	4.27e-05	1.00e+00
 1.92344e+15	6.96e-11	4.63e-05	1.00e+00
 1.99316e+15	8.02e-11	5.00e-05	1.00e+00
 2.05361e+15	9.04e-11	5.34e-05	1.00e+00
 2.11905e+15	1.03e-10	5.72e-05	1.00e+00
 2.19918e+15	1.20e-10	6.22e-05	1.00e+00
 2.27999e+15	1.39e-10	6.74e-05	1.00e+00
 2.35181e+15	1.58e-10	7.22e-05	1.00e+00
 2.43034e+15	1.81e-10	7.78e-05	1.00e+00
 2.52424e+15	2.12e-10	8.47e-05	1.00e+00
 2.61714e+15	2.47e-10	9.18e-05	1.00e+00
 2.70098e+15	2.82e-10	9.86e-05	1.00e+00
 2.79403e+15	3.26e-10	1.06e-04	1.00e+00
 2.90357e+15	3.84e-10	1.16e-04	1.00e+00
 3.01165e+15	4.48e-10	1.26e-04	1.00e+00
 3.11208e+15	5.16e-10	1.36e-04	1.00e+00
 3.22461e+15	6.01e-10	1.47e-04	1.00e+00
 3.35363e+15	7.12e-10	1.61e-04	1.00e+00
 3.48070e+15	8.36e-10	1.75e-04	1.00e+00
 3.61286e+15	9.82e-10	1.90e-04	1.00e+00
 3.73316e+15	1.13e-09	2.05e-04	1.00e+00
 3.82301e+15	1.25e-09	2.16e-04	1.00e+00
 3.91590e+15	1.39e-09	2.28e-04	1.00e+00
 4.03667e+15	1.59e-09	2.44e-04	1.00e+00
 4.16743e+15	1.82e-09	2.63e-04	1.00e+00
 4.28546e+15	2.05e-09	2.79e-04	1.00e+00
 4.41317e+15	2.33e-09	2.98e-04	1.00e+00
 4.57507e+15	2.73e-09	3.24e-04	1.00e+00
 4.73806e+15	3.17e-09	3.50e-04	1.00e+00
 4.87519e+15	3.58e-09	3.73e-04	1.00e+00
 5.02207e+15	4.07e-09	3.98e-04	1.00e+00
 5.20720e+15	4.76e-09	4.32e-04	1.00e+00
 5.40113e+15	5.58e-09	4.68e-04	1.00e+00
 5.57566e+15	6.39e-09	5.02e-04	9.99e-01
 5.76591e+15	7.38e-09	5.40e-04	9.99e-01
 5.99093e+15	8.69e-09	5.88e-04	9.99e-01
 6.21101e+15	1.01e-08	6.36e-04	9.99e-01
 6.41099e+15	1.16e-08	6.81e-04	9.99e-01
 6.63499e+15	1.34e-08	7.34e-04	9.99e-01
 6.89684e+15	1.58e-08	7.99e-04	9.99e-01
 7.15374e+15	1.84e-08	8.64e-04	9.99e-01
 7.39426e+15	2.11e-08	9.28e-04	9.99e-01
 7.60527e+15	2.37e-08	9.85e-04	9.99e-01
 7.78264e+15	2.61e-08	1.04e-03	9.99e-01
 7.97870e+15	2.90e-08	1.09e-03	9.99e-01
 8.23358e+15	3.32e-08	1.17e-03	9.99e-01
 8.49932e+15	3.79e-08	1.25e-03	9.99e-01
 8.72409e+15	4.22e-08	1.32e-03	9.99e-01
 8.96119e+15	4.72e-08	1.40e-03	9.99e-01
 9.26941e+15	5.45e-08	1.51e-03	9.98e-01
 9.58672e+15	6.25e-08	1.62e-03	9.98e-01
 9.85104e+15	6.99e-08	1.71e-03	9.98e-01
 1.01298e+16	7.86e-08	1.82e-03	9.98e-01
 1.04923e+16	9.10e-08	1.96e-03	9.98e-01
 1.08701e+16	1.05e-07	2.11e-03	9.98e-01
 1.11903e+16	1.18e-07	2.24e-03	9.98e-01
 1.15291e+16	1.34e-07	2.39e-03	9.98e-01
 1.19550e+16	1.56e-07	2.59e-03	9.97e-01
 1.23831e+16	1.80e-07	2.78e-03	9.97e-01
 1.27411e+16	2.01e-07	2.96e-03	9.97e-01
 1.31191e+16	2.28e-07	3.15e-03	9.97e-01
 1.35994e+16	2.65e-07	3.42e-03	9.97e-01
 1.40863e+16	3.05e-07	3.69e-03	9.96e-01
 1.44848e+16	3.41e-07	3.92e-03	9.96e-01
 1.48246e+16	3.75e-07	4.12e-03	9.96e-01
 1.51957e+16	4.16e-07	4.37e-03	9.96e-01
 1.56027e+16	4.65e-07	4.64e-03	9.95e-01
 1.59837e+16	5.13e-07	4.91e-03	9.95e-01
 1.64064e+16	5.76e-07	5.24e-03	9.95e-01
 1.68576e+16	6.44e-07	5.59e-03	9.94e-01
 1.72677e+16	7.14e-07	5.94e-03	9.94e-01
 1.77230e+16	8.05e-07	6.37e-03	9.94e-01
 1.82122e+16	9.08e-07	6.85e-03	9.93e-01
 1.86573e+16	1.01e-06	7.31e-03	9.93e-01
 1.90700e+16	1.12e-06	7.79e-03	9.92e-01
 1.95284e+16	1.26e-06	8.39e-03	9.92e-01
 2.00160e+16	1.42e-06	9.07e-03	9.91e-01
 2.04372e+16	1.58e-06	9.70e-03	9.90e-01
 2.08225e+16	1.75e-06	1.04e-02	9.90e-01
 2.12653e+16	1.97e-06	1.12e-02	9.89e-01
 2.17427e+16	2.25e-06	1.22e-02	9.88e-01
 2.21394e+16	2.50e-06	1.32e-02	9.87e-01
 2.24658e+16	2.74e-06	1.41e-02	9.86e-01
 2.28267e+16	3.06e-06	1.52e-02	9.85e-01
 2.32257e+16	3.48e-06	1.66e-02	9.83e-01
 2.35815e+16	3.88e-06	1.80e-02	9.82e-01
 2.38948e+16	4.32e-06	1.95e-02	9.81e-01
 2.42455e+16	4.94e-06	2.14e-02	9.79e-01
 2.46100e+16	5.64e-06	2.37e-02	9.76e-01
 2.49149e+16	6.37e-06	2.59e-02	9.74e-01
 2.51843e+16	7.17e-06	2.83e-02	9.72e-01
 2.54853e+16	8.22e-06	3.14e-02	9.69e-01
 2.58021e+16	9.56e-06	3.52e-02	9.65e-01
 2.60644e+16	1.08e-05	3.91e-02	9.61e-01
 2.62889e+16	1.25e-05	4.31e-02	9.57e-01
 2.65011e+16	1.40e-05	4.75e-02	9.52e-01
 2.67387e+16	1.62e-05	5.35e-02	9.46e-01
 2.69865e+16	1.92e-05	6.11e-02	9.39e-01
 2.71867e+16	2.26e-05	6.88e-02	9.31e-01
 2.73452e+16	2.53e-05	7.60e-02	9.24e-01
 2.75098e+16	2.91e-05	8.51e-02	9.15e-01
 2.76916e+16	3.43e-05	9.70e-02	9.03e-01
 2.78527e+16	4.02e-05	1.10e-01	8.90e-01
 2.79869e+16	4.63e-05	1.23e-01	8.76e-01
 2.81081e+16	5.31e-05	1.38e-01	8.62e-01
 2.82447e+16	6.33e-05	1.57e-01	8.43e-01
 2.83811e+16	7.47e-05	1.80e-01	8.20e-01
 2.84882e+16	8.55e-05	2.02e-01	7.97e-01
 2.85756e+16	9.73e-05	2.23e-01	7.77e-01
 2.86425e+16	1.07e-04	2.41e-01	7.59e-01
 2.87058e+16	1.17e-04	2.60e-01	7.40e-01
 2.87882e+16	1.33e-04	2.87e-01	7.12e-01
 2.88685e+16	1.50e-04	3.17e-01	6.83e-01
 2.89306e+16	1.65e-04	3.42e-01	6.58e-01
 2.89960e+16	1.83e-04	3.71e-01	6.29e-01
 2.90685e+16	2.05e-04	4.05e-01	5.95e-01
 2.91358e+16	2.27e-04	4.40e-01	5.60e-01
 2.91991e+16	2.49e-04	4.73e-01	5.27e-01
 2.92715e+16	2.78e-04	5.14e-01	4.86e-01
 2.93503e+16	3.10e-04	5.59e-01	4.41e-01
 2.94223e+16	3.41e-04	6.00e-01	4.00e-01
 2.95006e+16	3.77e-04	6.45e-01	3.55e-01
 2.95884e+16	4.17e-04	6.92e-01	3.08e-01
 2.96742e+16	4.55e-04	7.34e-01	2.65e-01
 2.97713e+16	4.98e-04	7.78e-01	2.21e-01
 2.98975e+16	5.51e-04	8.26e-01	1.73e-01
 3.00359e+16	6.02e-04	8.67e-01	1.32e-01
 3.01899e+16	6.55e-04	9.02e-01	9.75e-02
 3.03902e+16	7.15e-04	9.33e-01	6.65e-02
 3.06505e+16	7.83e-04	9.58e-01	4.17e-02
 3.09392e+16	8.54e-04	9.73e-01	2.61e-02
 3.12106e+16	9.24e-04	9.82e-01	1.75e-02
 3.14661e+16	9.93e-04	9.87e-01	1.24e-02
 3.17552e+16	1.08e-03	9.90e-01	8.59e-03
 3.20003e+16	1.17e-03	9.92e-01	6.59e-03
 3.21262e+16	1.22e-03	9.93e-01	5.79e-03
 3.22279e+16	1.26e-03	9.94e-01	5.17e-03
 3.23601e+16	1.32e-03	9.94e-01	4.48e-03
 3.25320e+16	1.40e-03	9.95e-01	3.75e-03
 3.27039e+16	1.49e-03	9.95e-01	3.19e-03
 3.28320e+16	1.57e-03	9.96e-01	2.84e-03
 3.29366e+16	1.64e-03	9.96e-01	2.58e-03
 3.30542e+16	1.72e-03	9.96e-01	2.31e-03
 3.31742e+16	1.82e-03	9.96e-01	2.08e-03
 3.32676e+16	1.90e-03	9.96e-01	1.93e-03
 3.33447e+16	1.97e-03	9.96e-01	1.80e-03
 3.34305e+16	2.06e-03	9.96e-01	1.67e-03
 3.35420e+16	2.18e-03	9.96e-01	1.52e-03
 3.36505e+16	2.31e-03	9.96e-01	1.39e-03
 3.37274e+16	2.41e-03	9.96e-01	1.31e-03
 3.37889e+16	2.50e-03	9.96e-01	1.25e-03
 3.38581e+16	2.61e-03	9.96e-01	1.18e-03
 3.39481e+16	2.76e-03	9.96e-01	1.10e-03
 3.40382e+16	2.93e-03	9.96e-01	1.02e-03
 3.41056e+16	3.06e-03	9.96e-01	9.75e-04
 3.41604e+16	3.19e-03	9.96e-01	9.35e-04
 3.42216e+16	3.33e-03	9.96e-01	8.90e-04
 3.43011e+16	3.54e-03	9.96e-01	8.36e-04
 3.43798e+16	3.77e-03	9.95e-01	7.90e-04
 3.44375e+16	3.96e-03	9.95e-01	7.58e-04
 3.44844e+16	4.13e-03	9.95e-01	7.32e-04
 3.45371e+16	4.33e-03	9.95e-01	7.04e-04
 3.46056e+16	4.61e-03	9.95e-01	6.67e-04
 3.46740e+16	4.94e-03	9.94e-01	6.36e-04
 3.47256e+16	5.21e-03	9.94e-01	6.14e-04
 3.47682e+16	5.47e-03	9.94e-01	5.95e-04
 3.48163e+16	5.76e-03	9.94e-01	5.74e-04
 3.48787e+16	6.20e-03	9.93e-01	5.48e-04
 3.49415e+16	6.72e-03	9.93e-01	5.24e-04
 3.49895e+16	7.18e-03	9.92e-01	5.07e-04
 3.50367e+16	7.66e-03	9.92e-01	4.90e-04
 3.50980e+16	8.38e-03	9.91e-01	4.68e-04
 3.51609e+16	9.29e-03	9.90e-01	4.48e-04
 3.52099e+16	1.01e-02	9.89e-01	4.33e-04
 3.52495e+16	1.09e-02	9.89e-01	4.22e-04
 3.52926e+16	1.19e-02	9.88e-01	4.08e-04
 3.53401e+16	1.32e-02	9.86e-01	3.95e-04
 3.53813e+16	1.45e-02	9.85e-01	3.84e-04
 3.54147e+16	1.58e-02	9.84e-01	3.76e-04
 3.54498e+16	1.73e-02	9.82e-01	3.66e-04
 3.54879e+16	1.92e-02	9.80e-01	3.57e-04
 3.55208e+16	2.14e-02	9.78e-01	3.49e-04
 3.55474e+16	2.33e-02	9.76e-01	3.44e-04
 3.55703e+16	2.53e-02	9.74e-01	3.39e-04
 3.55947e+16	2.76e-02	9.72e-01	3.33e-04
 3.56264e+16	3.11e-02	9.69e-01	3.27e-04
 3.56583e+16	3.57e-02	9.64e-01	3.22e-04
 3.56818e+16	4.00e-02	9.60e-01	3.19e-04
 3.56996e+16	4.36e-02	9.56e-01	3.17e-04
 3.57188e+16	4.81e-02	9.52e-01	3.15e-04
 3.57404e+16	5.40e-02	9.46e-01	3.13e-04
 3.57603e+16	6.05e-02	9.39e-01	3.13e-04
 3.57773e+16	6.72e-02	9.32e-01	3.13e-04
 3.57923e+16	7.38e-02	9.26e-01	3.14e-04
 3.58085e+16	8.21e-02	9.18e-01	3.15e-04
 3.58255e+16	9.22e-02	9.07e-01	3.18e-04
 3.58404e+16	1.03e-01	8.97e-01	3.21e-04
 3.58534e+16	1.13e-01	8.87e-01	3.24e-04
 3.58654e+16	1.24e-01	8.76e-01	3.27e-04
 3.58771e+16	1.35e-01	8.64e-01	3.32e-04
 3.58879e+16	1.48e-01	8.52e-01	3.36e-04
 3.58976e+16	1.60e-01	8.40e-01	3.41e-04
 3.59065e+16	1.72e-01	8.28e-01	3.46e-04
 3.59133e+16	1.81e-01	8.18e-01	3.50e-04
 3.59179e+16	1.88e-01	8.11e-01	3.52e-04
 3.59222e+16	1.95e-01	8.04e-01	3.55e-04
 3.59273e+16	2.04e-01	7.96e-01	3.57e-04
 3.59327e+16	2.14e-01	7.86e-01	3.60e-04
 3.59378e+16	2.23e-01	7.77e-01	3.64e-04
 3.59427e+16	2.32e-01	7.67e-01	3.67e-04
 3.59475e+16	2.42e-01	7.57e-01	3.70e-04
 3.59523e+16	2.52e-01	7.47e-01	3.74e-04
 3.59571e+16	2.63e-01	7.36e-01	3.77e-04
 3.59618e+16	2.74e-01	7.26e-01	3.81e-04
 3.59665e+16	2.85e-01	7.15e-01	3.84e-04
 3.59711e+16	2.97e-01	7.03e-01	3.87e-04
 3.59756e+16	3.08e-01	6.91e-01	3.90e-04
 3.59801e+16	3.20e-01	6.80e-01	3.93e-04
 3.59845e+16	3.33e-01	6.67e-01	3.96e-04
 3.59890e+16	3.45e-01	6.54e-01	3.99e-04
 3.59933e+16	3.58e-01	6.41e-01	4.01e-04
 3.59976e+16	3.71e-01	6.29e-01	4.05e-04
 3.60018e+16	3.84e-01	6.15e-01	4.07e-04
 3.60061e+16	3.98e-01	6.01e-01	4.09e-04
 3.60102e+16	4.12e-01	5.88e-01	4.12e-04
 3.60143e+16	4.25e-01	5.74e-01	4.14e-04
 3.60183e+16	4.40e-01	5.60e-01	4.15e-04
 3.60224e+16	4.54e-01	5.46e-01	4.17e-04
 3.60263e+16	4.68e-01	5.32e-01	4.18e-04
 3.60302e+16	4.82e-01	5.17e-01	4.20e-04
 3.60341e+16	4.97e-01	5.03e-01	4.20e-04
 3.60380e+16	5.11e-01	4.89e-01	4.22e-04
 3.60416e+16	5.25e-01	4.75e-01	4.21e-04
 3.60452e+16	5.39e-01	4.61e-01	4.22e-04
 3.60488e+16	5.52e-01	4.47e-01	4.22e-04
 3.60523e+16	5.66e-01	4.34e-01	4.21e-04
 3.60558e+16	5.79e-01	4.20e-01	4.21e-04
 3.60593e+16	5.92e-01	4.07e-01	4.21e-04
 3.60626e+16	6.05e-01	3.95e-01	4.20e-04
 3.60658e+16	6.17e-01	3.82e-01	4.19e-04
 3.60690e+16	6.30e-01	3.70e-01	4.18e-04
 3.60722e+16	6.42e-01	3.57e-01	4.15e-04
 3.60753e+16	6.54e-01	3.45e-01	4.13e-04
 3.60784e+16	6.66e-01	3.34e-01	4.11e-04
 3.60814e+16	6.77e-01	3.23e-01	4.08e-04
 3.60844e+16	6.88e-01	3.12e-01	4.06e-04
 3.60874e+16	6.99e-01	3.01e-01	4.03e-04
 3.60902e+16	7.09e-01	2.91e-01	4.00e-04
 3.60931e+16	7.19e-01	2.81e-01	3.97e-04
 3.60959e+16	7.29e-01	2.71e-01	3.93e-04
 3.60986e+16	7.38e-01	2.61e-01	3.90e-04
 3.61014e+16	7.48e-01	2.52e-01	3.86e-04
 3.61041e+16	7.57e-01	2.43e-01	3.82e-04
 3.61068e+16	7.66e-01	2.34e-01	3.78e-04
 3.61095e+16	7.74e-01	2.26e-01	3.74e-04
 3.61121e+16	7.82e-01	2.17e-01	3.70e-04
 3.61147e+16	7.90e-01	2.09e-01	3.65e-04
 3.61173e+16	7.98e-01	2.02e-01	3.60e-04
 3.61199e+16	8.05e-01	1.94e-01	3.55e-04
 3.61221e+16	8.11e-01	1.88e-01	3.51e-04
 3.61237e+16	8.16e-01	1.84e-01	3.47e-04
 3.61252e+16	8.20e-01	1.79e-01	3.44e-04
 3.61267e+16	8.25e-01	1.75e-01	3.40e-04
 3.61284e+16	8.29e-01	1.71e-01	3.36e-04
 3.61300e+16	8.33e-01	1.66e-01	3.32e-04
 3.61315e+16	8.37e-01	1.63e-01	3.29e-04
 3.61330e+16	8.41e-01	1.59e-01	3.25e-04
 3.61344e+16	8.45e-01	1.55e-01	3.22e-04
 3.61359e+16	8.48e-01	1.52e-01	3.18e-04
 3.61373e+16	8.52e-01	1.48e-01	3.15e-04
 3.61387e+16	8.55e-01	1.45e-01	3.11e-04
 3.61400e+16	8.58e-01	1.42e-01	3.08e-04
 3.61414e+16	8.61e-01	1.38e-01	3.04e-04
 3.61428e+16	8.65e-01	1.35e-01	3.00e-04
 3.61442e+16	8.68e-01	1.32e-01	2.97e-04
 3.61456e+16	8.71e-01	1.29e-01	2.93e-04
 3.61470e+16	8.74e-01	1.26e-01	2.89e-04
 3.61485e+16	8.77e-01	1.23e-01	2.86e-04
 3.61500e+16	8.80e-01	1.20e-01	2.82e-04
 3.61516e+16	8.83e-01	1.17e-01	2.77e-04
 3.61533e+16	8.86e-01	1.13e-01	2.72e-04
 3.61552e+16	8.90e-01	1.10e-01	2.67e-04
 3.61573e+16	8.94e-01	1.06e-01	2.61e-04
 3.61596e+16	8.98e-01	1.01e-01	2.55e-04
 3.61617e+16	9.02e-01	9.78e-02	2.49e-04
 3.61637e+16	9.05e-01	9.44e-02	2.43e-04
 3.61656e+16	9.08e-01	9.13e-02	2.37e-04
 3.61675e+16	9.12e-01	8.82e-02	2.31e-04
 3.61694e+16	9.15e-01	8.52e-02	2.25e-04
 3.61712e+16	9.17e-01	8.26e-02	2.20e-04
 3.61728e+16	9.20e-01	8.02e-02	2.15e-04
 3.61742e+16	9.22e-01	7.80e-02	2.10e-04
 3.61756e+16	9.24e-01	7.61e-02	2.06e-04
 3.61768e+16	9.25e-01	7.44e-02	2.02e-04
 3.61779e+16	9.27e-01	7.29e-02	1.99e-04
 3.61789e+16	9.28e-01	7.15e-02	1.95e-04
 3.61800e+16	9.30e-01	7.00e-02	1.92e-04
 3.61812e+16	9.31e-01	6.85e-02	1.88e-04
 3.61823e+16	9.33e-01	6.71e-02	1.85e-04
 3.61832e+16	9.34e-01	6.59e-02	1.81e-04
 3.61841e+16	9.35e-01	6.47e-02	1.78e-04
 3.61851e+16	9.36e-01	6.35e-02	1.75e-04
 3.61862e+16	9.38e-01	6.22e-02	1.72e-04
 3.61871e+16	9.39e-01	6.11e-02	1.69e-04
 3.61880e+16	9.40e-01	6.00e-02	1.66e-04
 3.61888e+16	9.41e-01	5.91e-02	1.64e-04
 3.61897e+16	9.42e-01	5.81e-02	1.61e-04
 3.61906e+16	9.43e-01	5.70e-02	1.58e-04
 3.61915e+16	9.44e-01	5.61e-02	1.55e-04
 3.61923e+16	9.45e-01	5.52e-02	1.53e-04
 3.61931e+16	9.46e-01	5.42e-02	1.50e-04
 3.61940e+16	9.47e-01	5.33e-02	1.47e-04
 3.61949e+16	9.47e-01	5.24e-02	1.45e-04
 3.61956e+16	9.48e-01	5.16e-02	1.42e-04
 3.61963e+16	9.49e-01	5.09e-02	1.40e-04
 3.61971e+16	9.50e-01	5.01e-02	1.38e-04
 3.61979e+16	9.51e-01	4.93e-02	1.36e-04
 3.61987e+16	9.51e-01	4.85e-02	1.34e-04
 3.61993e+16	9.52e-01	4.79e-02	1.31e-04
 3.62001e+16	9.53e-01	4.71e-02	1.29e-04
 3.62009e+16	9.53e-01	4.64e-02	1.27e-04
 3.62016e+16	9.54e-01	4.57e-02	1.25e-04
 3.62023e+16	9.55e-01	4.51e-02	1.23e-04
 3.62030e+16	9.55e-01	4.44e-02	1.21e-04
 3.62038e+16	9.56e-01	4.37e-02	1.19e-04
 3.62045e+16	9.57e-01	4.31e-02	1.17e-04
 3.62052e+16	9.57e-01	4.26e-02	1.16e-04
 3.62059e+16	9.58e-01	4.19e-02	1.14e-04
 3.62067e+16	9.59e-01	4.13e-02	1.12e-04
 3.62074e+16	9.59e-01	4.07e-02	1.10e-04
 3.62082e+16	9.60e-01	4.01e-02	1.08e-04
 3.62090e+16	9.60e-01	3.95e-02	1.06e-04
 3.62097e+16	9.61e-01	3.89e-02	1.04e-04
 3.62104e+16	9.61e-01	3.84e-02	1.03e-04
 3.62112e+16	9.62e-01	3.78e-02	1.01e-04
 3.62120e+16	9.63e-01	3.72e-02	9.95e-05
 3.62127e+16	9.63e-01	3.67e-02	9.81e-05
 3.62136e+16	9.64e-01	3.61e-02	9.62e-05
 3.62144e+16	9.64e-01	3.56e-02	9.45e-05
 3.62152e+16	9.65e-01	3.51e-02	9.31e-05
 3.62161e+16	9.65e-01	3.45e-02	9.13e-05
 3.62171e+16	9.66e-01	3.39e-02	8.97e-05
 3.62179e+16	9.66e-01	3.35e-02	8.83e-05
 3.62189e+16	9.67e-01	3.29e-02	8.66e-05
 3.62199e+16	9.68e-01	3.23e-02	8.50e-05
 3.62208e+16	9.68e-01	3.19e-02	8.37e-05
 3.62218e+16	9.69e-01	3.13e-02	8.20e-05
 3.62229e+16	9.69e-01	3.08e-02	8.05e-05
 3.62239e+16	9.70e-01	3.03e-02	7.91e-05
 3.62250e+16	9.70e-01	2.97e-02	7.75e-05
 3.62262e+16	9.71e-01	2.92e-02	7.60e-05
 3.62273e+16	9.71e-01	2.88e-02	7.47e-05
 3.62284e+16	9.72e-01	2.82e-02	7.32e-05
 3.62297e+16	9.72e-01	2.77e-02	7.17e-05
 3.62309e+16	9.73e-01	2.73e-02	7.05e-05
 3.62321e+16	9.73e-01	2.68e-02	6.90e-05
 3.62335e+16	9.74e-01	2.63e-02	6.76e-05
 3.62347e+16	9.74e-01	2.59e-02	6.65e-05
 3.62361e+16	9.75e-01	2.54e-02	6.51e-05
 3.62376e+16	9.75e-01	2.50e-02	6.38e-05
 3.62389e+16	9.75e-01	2.46e-02	6.27e-05
 3.62404e+16	9.76e-01	2.41e-02	6.14e-05
 3.62420e+16	9.76e-01	2.37e-02	6.02e-05
 3.62434e+16	9.77e-01	2.33e-02	5.91e-05
 3.62450e+16	9.77e-01	2.29e-02	5.80e-05
 3.62470e+16	9.78e-01	2.24e-02	5.65e-05
 3.62493e+16	9.78e-01	2.19e-02	5.53e-05
 3.62513e+16	9.78e-01	2.15e-02	5.41e-05
 3.62531e+16	9.79e-01	2.12e-02	5.31e-05
 3.62551e+16	9.79e-01	2.08e-02	5.20e-05
 3.62577e+16	9.80e-01	2.03e-02	5.07e-05
 3.62606e+16	9.80e-01	1.99e-02	4.96e-05
 3.62631e+16	9.80e-01	1.95e-02	4.86e-05
 3.62659e+16	9.81e-01	1.91e-02	4.74e-05
 3.62690e+16	9.81e-01	1.88e-02	4.64e-05
 3.62718e+16	9.81e-01	1.85e-02	4.56e-05
 3.62748e+16	9.82e-01	1.81e-02	4.46e-05
 3.62787e+16	9.82e-01	1.78e-02	4.36e-05
 3.62830e+16	9.83e-01	1.74e-02	4.27e-05
 3.62868e+16	9.83e-01	1.72e-02	4.19e-05
 3.62911e+16	9.83e-01	1.69e-02	4.10e-05
 3.62966e+16	9.83e-01	1.66e-02	4.01e-05
 3.63026e+16	9.84e-01	1.63e-02	3.93e-05
 3.63091e+16	9.84e-01	1.60e-02	3.84e-05
 3.63176e+16	9.84e-01	1.57e-02	3.75e-05
 3.63267e+16	9.84e-01	1.55e-02	3.68e-05
 3.63367e+16	9.85e-01	1.52e-02	3.60e-05
 3.63498e+16	9.85e-01	1.50e-02	3.51e-05
 3.63667e+16	9.85e-01	1.47e-02	3.41e-05
 3.63888e+16	9.86e-01	1.44e-02	3.29e-05
 3.64126e+16	9.86e-01	1.42e-02	3.19e-05
 3.64387e+16	9.86e-01	1.39e-02	3.08e-05
 3.64726e+16	9.86e-01	1.36e-02	2.95e-05
 3.65092e+16	9.87e-01	1.33e-02	2.82e-05
 3.65425e+16	9.87e-01	1.30e-02	2.72e-05
 3.65789e+16	9.87e-01	1.27e-02	2.60e-05
 3.66183e+16	9.88e-01	1.24e-02	2.48e-05
 3.66542e+16	9.88e-01	1.22e-02	2.38e-05
 3.66868e+16	9.88e-01	1.20e-02	2.30e-05
 3.67226e+16	9.88e-01	1.17e-02	2.20e-05
 3.67612e+16	9.89e-01	1.15e-02	2.11e-05
 3.67963e+16	9.89e-01	1.12e-02	2.03e-05
 3.68348e+16	9.89e-01	1.10e-02	1.94e-05
 3.68763e+16	9.89e-01	1.07e-02	1.85e-05
 3.69141e+16	9.89e-01	1.05e-02	1.78e-05
 3.69555e+16	9.90e-01	1.03e-02	1.70e-05
 3.70003e+16	9.90e-01	1.00e-02	1.62e-05
 3.70410e+16	9.90e-01	9.82e-03	1.55e-05
 3.70856e+16	9.90e-01	9.57e-03	1.48e-05
 3.71337e+16	9.91e-01	9.34e-03	1.41e-05
 3.71775e+16	9.91e-01	9.13e-03	1.34e-05
 3.72256e+16	9.91e-01	8.90e-03	1.28e-05
 3.72774e+16	9.91e-01	8.66e-03	1.21e-05
 3.73246e+16	9.92e-01	8.46e-03	1.16e-05
 3.73762e+16	9.92e-01	8.24e-03	1.10e-05
 3.74320e+16	9.92e-01	8.01e-03	1.04e-05
 3.74828e+16	9.92e-01	7.82e-03	9.89e-06
 3.75385e+16	9.92e-01	7.60e-03	9.35e-06
 3.75985e+16	9.93e-01	7.38e-03	8.83e-06
 3.76532e+16	9.93e-01	7.19e-03	8.39e-06
 3.77131e+16	9.93e-01	6.98e-03	7.91e-06
 3.77910e+16	9.93e-01	6.72e-03	7.33e-06
 3.78813e+16	9.94e-01	6.44e-03	6.74e-06
 3.79744e+16	9.94e-01	6.17e-03	6.19e-06
 3.80700e+16	9.94e-01	5.90e-03	5.68e-06
 3.81695e+16	9.94e-01	5.65e-03	5.20e-06
 3.82731e+16	9.95e-01	5.39e-03	4.75e-06
 3.83804e+16	9.95e-01	5.15e-03	4.33e-06
 3.84909e+16	9.95e-01	4.91e-03	3.94e-06
 3.86034e+16	9.95e-01	4.68e-03	3.58e-06
 3.87178e+16	9.96e-01	4.46e-03	3.26e-06
 3.88344e+16	9.96e-01	4.25e-03	2.96e-06
 3.89535e+16	9.96e-01	4.05e-03	2.69e-06
 3.90750e+16	9.96e-01	3.86e-03	2.44e-06
 3.91987e+16	9.96e-01	3.67e-03	2.21e-06
 3.93248e+16	9.97e-01	3.50e-03	2.01e-06
 3.94533e+16	9.97e-01	3.33e-03	1.82e-06
 3.95842e+16	9.97e-01	3.16e-03	1.65e-06
 3.97157e+16	9.97e-01	3.01e-03	1.49e-06
 3.98493e+16	9.97e-01	2.86e-03	1.35e-06
 3.99879e+16	9.97e-01	2.72e-03	1.22e-06
 4.01300e+16	9.97e-01	2.58e-03	1.10e-06
 4.02746e+16	9.98e-01	2.45e-03	9.89e-07
 4.04217e+16	9.98e-01	2.33e-03	8.90e-07
 4.05716e+16	9.98e-01	2.20e-03	8.01e-07
 4.07246e+16	9.98e-01	2.09e-03	7.19e-07
 4.08808e+16	9.98e-01	1.98e-03	6.45e-07
 4.10402e+16	9.98e-01	1.87e-03	5.78e-07
 4.12030e+16	9.98e-01	1.77e-03	5.17e-07
 4.13694e+16	9.98e-01	1.68e-03	4.62e-07
 4.15394e+16	9.98e-01	1.58e-03	4.13e-07
 4.17132e+16	9.99e-01	1.50e-03	3.68e-07
 4.18909e+16	9.99e-01	1.41e-03	3.27e-07
 4.20726e+16	9.99e-01	1.33e-03	2.90e-07
 4.22588e+16	9.99e-01	1.25e-03	2.57e-07
 4.24494e+16	9.99e-01	1.18e-03	2.27e-07
 4.26447e+16	9.99e-01	1.11e-03	2.01e-07
 4.28449e+16	9.99e-01	1.04e-03	1.77e-07
 4.30505e+16	9.99e-01	9.78e-04	1.56e-07
 4.32617e+16	9.99e-01	9.17e-04	1.37e-07
 4.34788e+16	9.99e-01	8.59e-04	1.20e-07
 4.37023e+16	9.99e-01	8.03e-04	1.04e-07
 4.39324e+16	9.99e-01	7.50e-04	9.07e-08
 4.41663e+16	9.99e-01	7.01e-04	7.89e-08
 4.44055e+16	9.99e-01	6.54e-04	6.83e-08
 4.46571e+16	9.99e-01	6.07e-04	5.88e-08
 4.49210e+16	9.99e-01	5.63e-04	5.03e-08
 4.51943e+16	9.99e-01	5.21e-04	4.28e-08
 4.54773e+16	1.00e+00	4.81e-04	3.63e-08
 4.57721e+16	1.00e+00	4.43e-04	3.06e-08
 4.60805e+16	1.00e+00	4.07e-04	2.56e-08
 4.64045e+16	1.00e+00	3.72e-04	2.13e-08
 4.67449e+16	1.00e+00	3.39e-04	1.75e-08
 4.71028e+16	1.00e+00	3.07e-04	1.43e-08
 4.74839e+16	1.00e+00	2.77e-04	1.15e-08
 4.78904e+16	1.00e+00	2.49e-04	9.19e-09
 4.83227e+16	1.00e+00	2.21e-04	7.22e-09
 4.87865e+16	1.00e+00	1.96e-04	5.58e-09
 4.92898e+16	1.00e+00	1.71e-04	4.22e-09
 4.98408e+16	1.00e+00	1.47e-04	3.10e-09
 5.04709e+16	1.00e+00	1.25e-04	2.19e-09
 5.11624e+16	1.00e+00	1.04e-04	1.51e-09
 5.18974e+16	1.00e+00	8.54e-05	1.01e-09
 5.27610e+16	1.00e+00	6.75e-05	6.27e-10
 5.37908e+16	1.00e+00	5.11e-05	3.59e-10
 5.49042e+16	1.00e+00	3.80e-05	1.99e-10
 5.60307e+16	1.00e+00	2.82e-05	1.11e-10
 5.71747e+16	1.00e+00	2.09e-05	6.12e-11
 5.83666e+16	1.00e+00	1.53e-05	3.33e-11
 5.96288e+16	1.00e+00	1.11e-05	1.77e-11
 6.09701e+16	1.00e+00	7.93e-06	9.15e-12
 6.23961e+16	1.00e+00	5.58e-06	4.61e-12
 6.39137e+16	1.00e+00	3.87e-06	2.26e-12
 6.54798e+16	1.00e+00	2.68e-06	1.11e-12
 6.70458e+16	1.00e+00	1.88e-06	5.54e-13
 6.86119e+16	1.00e+00	1.33e-06	2.81e-13
 7.01780e+16	1.00e+00	9.48e-07	1.45e-13
 7.17441e+16	1.00e+00	6.82e-07	7.64e-14
 7.33102e+16	1.00e+00	4.95e-07	4.08e-14
 7.48763e+16	1.00e+00	3.62e-07	2.21e-14
 7.64423e+16	1.00e+00	2.67e-07	1.21e-14
 7.80084e+16	1.00e+00	1.98e-07	6.78e-15
 7.95745e+16	1.00e+00	1.48e-07	3.83e-15
 8.13755e+16	1.00e+00	1.06e-07	1.98e-15
 8.34420e+16	1.00e+00	7.38e-08	9.70e-16
 8.55392e+16	1.00e+00	5.17e-08	4.80e-16
 8.77879e+16	1.00e+00	3.55e-08	2.29e-16
 9.02233e+16	1.00e+00	2.40e-08	1.06e-16
 9.26939e+16	1.00e+00	1.64e-08	4.97e-17
 9.51646e+16	1.00e+00	1.13e-08	2.39e-17
 9.77410e+16	1.00e+00	7.78e-09	1.13e-17
 1.00463e+17	1.00e+00	5.29e-09	5.28e-18
 1.03264e+17	1.00e+00	3.61e-09	2.46e-18
 1.06106e+17	1.00e+00	2.47e-09	1.16e-18
 1.08948e+17	1.00e+00	1.72e-09	5.62e-19
 1.11790e+17	1.00e+00	1.20e-09	2.77e-19
 1.14632e+17	1.00e+00	8.50e-10	1.39e-19
 1.17474e+17	1.00e+00	6.06e-10	7.09e-20
 1.20316e+17	1.00e+00	4.36e-10	3.67e-20
 1.23159e+17	1.00e+00	3.16e-10	1.93e-20
 1.26001e+17	1.00e+00	2.30e-10	1.03e-20
 1.28843e+17	1.00e+00	1.70e-10	5.60e-21
 1.31686e+17	1.00e+00	1.26e-10	0.00e+00
 1.34528e+17	1.00e+00	9.37e-11	0.00e+00
 1.37514e+17	1.00e+00	6.92e-11	0.00e+00
 1.40644e+17	1.00e+00	5.09e-11	0.00e+00
 1.43774e+17	1.00e+00	3.78e-11	0.00e+00
 1.46904e+17	1.00e+00	2.83e-11	0.00e+00
 1.50434e+17	1.00e+00	2.06e-11	0.00e+00
 1.54362e+17	1.00e+00	1.47e-11	0.00e+00
 1.58445e+17	1.00e+00	1.05e-11	0.00e+00
 1.62743e+17	1.00e+00	7.54e-12	0.00e+00
 1.67144e+17	1.00e+00	5.52e-12	0.00e+00
 1.71609e+17	1.00e+00	4.14e-12	0.00e+00
 1.76182e+17	1.00e+00	3.19e-12	0.00e+00
 1.80842e+17	1.00e+00	2.53e-12	0.00e+00
 1.85503e+17	1.00e+00	2.09e-12	0.00e+00
 1.90347e+17	1.00e+00	1.78e-12	0.00e+00
 1.95424e+17	1.00e+00	1.53e-12	0.00e+00
 2.00599e+17	1.00e+00	1.36e-12	0.00e+00
 2.05835e+17	1.00e+00	1.25e-12	0.00e+00
 2.11033e+17	1.00e+00	1.17e-12	0.00e+00
 2.16122e+17	1.00e+00	1.13e-12	0.00e+00
 2.21093e+17	1.00e+00	1.10e-12	0.00e+00
 2.25940e+17	1.00e+00	1.09e-12	0.00e+00
 2.30639e+17	1.00e+00	1.09e-12	0.00e+00
 2.35176e+17	1.00e+00	1.09e-12	0.00e+00
 2.39534e+17	1.00e+00	1.09e-12	0.00e+00
 2.43692e+17	1.00e+00	1.10e-12	0.00e+00
 2.47650e+17	1.00e+00	1.12e-12	0.00e+00
 2.51414e+17	1.00e+00	1.13e-12	0.00e+00
 2.54990e+17	1.00e+00	1.15e-12	0.00e+00
 2.58383e+17	1.00e+00	1.16e-12	0.00e+00
 2.61595e+17	1.00e+00	1.18e-12	0.00e+00
 2.64627e+17	1.00e+00	1.20e-12	0.00e+00
 2.67490e+17	1.00e+00	1.21e-12	0.00e+00
 2.70198e+17	1.00e+00	1.23e-12	0.00e+00
 2.72755e+17	1.00e+00	1.24e-12	0.00e+00
 2.75168e+17	1.00e+00	1.25e-12	0.00e+00
 2.77446e+17	1.00e+00	1.27e-12	0.00e+00
 2.79597e+17	1.00e+00	1.28e-12	0.00e+00
 2.81631e+17	1.00e+00	1.29e-12	0.00e+00
 2.83553e+17	1.00e+00	1.30e-12	0.00e+00
 2.85371e+17	1.00e+00	1.31e-12	0.00e+00
 2.87089e+17	1.00e+00	1.32e-12	0.00e+00
 2.88714e+17	1.00e+00	1.33e-12	0.00e+00
 2.90252e+17	1.00e+00	1.34e-12	0.00e+00
 2.91709e+17	1.00e+00	1.35e-12	0.00e+00
 2.93089e+17	1.00e+00	1.36e-12	0.00e+00
 2.94396e+17	1.00e+00	1.37e-12	0.00e+00
 2.95636e+17	1.00e+00	1.37e-12	0.00e+00
 2.96812e+17	1.00e+00	1.38e-12	0.00e+00
 2.97929e+17	1.00e+00	1.39e-12	0.00e+00
 2.98989e+17	1.00e+00	1.39e-12	0.00e+00
 2.99996e+17	1.00e+00	1.40e-12	0.00e+00
 3.00953e+17	1.00e+00	1.40e-12	0.00e+00
 3.01863e+17	1.00e+00	1.41e-12	0.00e+00
 3.02729e+17	1.00e+00	1.41e-12	0.00e+00
 3.03554e+17	1.00e+00	1.42e-12	0.00e+00
 3.04340e+17	1.00e+00	1.42e-12	0.00e+00
 3.05089e+17	1.00e+00	1.42e-12	0.00e+00
 3.05803e+17	1.00e+00	1.43e-12	0.00e+00
 3.06486e+17	1.00e+00	1.43e-12	0.00e+00
 3.07138e+17	1.00e+00	1.43e-12	0.00e+00
 3.07761e+17	1.00e+00	1.44e-12	0.00e+00
 3.08359e+17	1.00e+00	1.44e-12	0.00e+00
 3.08931e+17	1.00e+00	1.44e-12	0.00e+00
 3.09480e+17	1.00e+00	1.45e-12	0.00e+00
 3.10008e+17	1.00e+00	1.45e-12	0.00e+00
 3.10515e+17	1.00e+00	1.45e-12	0.00e+00
 3.11005e+17	1.00e+00	1.45e-12	0.00e+00
 3.11477e+17	1.00e+00	1.45e-12	0.00e+00
 3.11933e+17	1.00e+00	1.46e-12	0.00e+00
 3.12376e+17	1.00e+00	1.46e-12	0.00e+00
 3.12806e+17	1.00e+00	1.46e-12	0.00e+00
 3.13224e+17	1.00e+00	1.46e-12	0.00e+00
 3.13633e+17	1.00e+00	1.46e-12	0.00e+00
 3.14033e+17	1.00e+00	1.46e-12	0.00e+00
 3.14427e+17	1.00e+00	1.46e-12	0.00e+00
 3.14815e+17	1.00e+00	1.46e-12	0.00e+00
 3.15199e+17	1.00e+00	1.47e-12	0.00e+00
 3.15583e+17	1.00e+00	1.47e-12	0.00e+00
 3.15966e+17	1.00e+00	1.47e-12	0.00e+00
 3.16352e+17	1.00e+00	1.47e-12	0.00e+00
 3.16744e+17	1.00e+00	1.47e-12	0.00e+00
 3.17145e+17	1.00e+00	1.47e-12	0.00e+00
 3.17558e+17	1.00e+00	1.47e-12	0.00e+00
 3.17988e+17	1.00e+00	1.47e-12	0.00e+00
 3.18441e+17	1.00e+00	1.47e-12	0.00e+00
 3.18925e+17	1.00e+00	1.47e-12	0.00e+00
 3.19449e+17	1.00e+00	1.47e-12	0.00e+00
 3.20026e+17	1.00e+00	1.46e-12	0.00e+00
 3.20674e+17	1.00e+00	1.46e-12	0.00e+00
 3.21418e+17	1.00e+00	1.46e-12	0.00e+00
 3.22294e+17	1.00e+00	1.45e-12	0.00e+00
 3.23356e+17	1.00e+00	1.44e-12	0.00e+00
 3.24684e+17	1.00e+00	1.42e-12	0.00e+00
 3.26394e+17	1.00e+00	1.39e-12	0.00e+00
 3.28616e+17	1.00e+00	1.35e-12	0.00e+00
 3.31505e+17	1.00e+00	1.28e-12	0.00e+00
 3.35261e+17	1.00e+00	1.19e-12	0.00e+00
 3.40144e+17	1.00e+00	1.07e-12	0.00e+00
 3.46491e+17	1.00e+00	9.21e-13	0.00e+00
 3.54743e+17	1.00e+00	7.50e-13	0.00e+00
 3.65470e+17	1.00e+00	5.68e-13	0.00e+00
 3.78963e+17	1.00e+00	3.88e-13	0.00e+00
 3.94122e+17	1.00e+00	2.60e-13	0.00e+00
 4.09887e+17	1.00e+00	2.28e-13	0.00e+00
 4.26282e+17	1.00e+00	2.02e-13	0.00e+00
 4.43334e+17	1.00e+00	1.78e-13	0.00e+00
 4.61067e+17	1.00e+00	1.55e-13	0.00e+00
 4.79510e+17	1.00e+00	1.34e-13	0.00e+00
 4.98690e+17	1.00e+00	1.15e-13	0.00e+00
 5.18638e+17	1.00e+00	9.72e-14	0.00e+00
 5.39383e+17	1.00e+00	8.10e-14	0.00e+00
 5.59872e+17	1.00e+00	6.64e-14	0.00e+00
 5.78467e+17	1.00e+00	7.29e-14	0.00e+00
 5.94758e+17	1.00e+00	9.30e-14	0.00e+00
 6.09528e+17	1.00e+00	1.13e-13	0.00e+00
 6.23759e+17	1.00e+00	1.17e-13	0.00e+00
 6.37595e+17	1.00e+00	1.09e-13	0.00e+00
 6.50381e+17	1.00e+00	1.04e-13	0.00e+00
 6.61485e+17	1.00e+00	1.11e-13	0.00e+00
 6.70952e+17	1.00e+00	1.22e-13	0.00e+00
 6.79329e+17	1.00e+00	1.28e-13	0.00e+00
 6.86399e+17	1.00e+00	1.26e-13	0.00e+00
 6.91317e+17	1.00e+00	1.33e-13	0.00e+00
 6.94170e+17	1.00e+00	1.47e-13	0.00e+00
 6.95781e+17	1.00e+00	1.57e-13	0.00e+00
 6.96747e+17	1.00e+00	1.62e-13	0.00e+00
 6.97333e+17	1.00e+00	1.66e-13	0.00e+00
 6.97755e+17	1.00e+00	1.68e-13	0.00e+00
 6.98173e+17	1.00e+00	1.69e-13	0.00e+00
 6.98672e+17	1.00e+00	1.70e-13	0.00e+00
 6.99241e+17	1.00e+00	1.71e-13	0.00e+00
 6.99743e+17	1.00e+00	1.72e-13	0.00e+00
 7.00113e+17	1.00e+00	1.73e-13	0.00e+00
 7.00415e+17	1.00e+00	1.73e-13	0.00e+00
 7.00747e+17	1.00e+00	1.73e-13	0.00e+00
 7.01126e+17	1.00e+00	1.73e-13	0.00e+00
 7.01469e+17	1.00e+00	1.73e-13	0.00e+00
 7.01747e+17	1.00e+00	1.73e-13	0.00e+00
 7.02004e+17	1.00e+00	1.73e-13	0.00e+00
 7.02259e+17	1.00e+00	1.73e-13	0.00e+00
 7.02520e+17	1.00e+00	1.72e-13	0.00e+00
 7.02776e+17	1.00e+00	1.72e-13	0.00e+00
 7.03012e+17	1.00e+00	1.72e-13	0.00e+00
 7.03236e+17	1.00e+00	1.71e-13	0.00e+00
 7.03449e+17	1.00e+00	1.71e-13	0.00e+00
 7.03658e+17	1.00e+00	1.71e-13	0.00e+00
 7.03865e+17	1.00e+00	1.70e-13	0.00e+00
 7.04068e+17	1.00e+00	1.70e-13	0.00e+00
 7.04262e+17	1.00e+00	1.69e-13	0.00e+00
 7.04450e+17	1.00e+00	1.69e-13	0.00e+00
 7.04635e+17	1.00e+00	1.68e-13	0.00e+00
 7.04817e+17	1.00e+00	1.68e-13	0.00e+00
 7.04994e+17	1.00e+00	1.67e-13	0.00e+00
 7.05171e+17	1.00e+00	1.67e-13	0.00e+00
 7.05348e+17	1.00e+00	1.66e-13	0.00e+00
 7.05525e+17	1.00e+00	1.66e-13	0.00e+00
 7.05700e+17	1.00e+00	1.65e-13	0.00e+00
 7.05868e+17	1.00e+00	1.65e-13	0.00e+00
 7.06034e+17	1.00e+00	1.64e-13	0.00e+00
 7.06210e+17	1.00e+00	1.63e-13	0.00e+00
 7.06391e+17	1.00e+00	1.63e-13	0.00e+00
 7.06574e+17	1.00e+00	1.62e-13	0.00e+00
 7.06756e+17	1.00e+00	1.61e-13	0.00e+00
 7.06929e+17	1.00e+00	1.60e-13	0.00e+00
 7.07101e+17	1.00e+00	1.60e-13	0.00e+00
 7.07279e+17	1.00e+00	1.59e-13	0.00e+00
 7.07480e+17	1.00e+00	1.58e-13	0.00e+00
 7.07698e+17	1.00e+00	1.57e-13	0.00e+00
 7.07908e+17	1.00e+00	1.56e-13	0.00e+00
 7.08102e+17	1.00e+00	1.55e-13	0.00e+00
 7.08289e+17	1.00e+00	1.54e-13	0.00e+00
 7.08498e+17	1.00e+00	1.54e-13	0.00e+00
 7.08728e+17	1.00e+00	1.52e-13	0.00e+00
 7.08949e+17	1.00e+00	1.51e-13	0.00e+00
 7.09164e+17	1.00e+00	1.50e-13	0.00e+00
 7.09397e+17	1.00e+00	1.49e-13	0.00e+00
 7.09652e+17	1.00e+00	1.48e-13	0.00e+00
 7.09907e+17	1.00e+00	1.46e-13	0.00e+00
 7.10145e+17	1.00e+00	1.45e-13	0.00e+00
 7.10388e+17	1.00e+00	1.44e-13	0.00e+00
 7.10656e+17	1.00e+00	1.42e-13	0.00e+00
 7.10935e+17	1.00e+00	1.41e-13	0.00e+00
 7.11218e+17	1.00e+00	1.39e-13	0.00e+00
 7.11503e+17	1.00e+00	1.38e-13	0.00e+00
 7.11793e+17	1.00e+00	1.36e-13	0.00e+00
 7.12098e+17	1.00e+00	1.35e-13	0.00e+00
 7.12413e+17	1.00e+00	1.33e-13	0.00e+00
 7.12734e+17	1.00e+00	1.31e-13	0.00e+00
 7.13062e+17	1.00e+00	1.29e-13	0.00e+00
 7.13395e+17	1.00e+00	1.27e-13	0.00e+00
 7.13738e+17	1.00e+00	1.25e-13	0.00e+00
 7.14086e+17	1.00e+00	1.23e-13	0.00e+00
 7.14448e+17	1.00e+00	1.21e-13	0.00e+00
 7.14827e+17	1.00e+00	1.19e-13	0.00e+00
 7.15218e+17	1.00e+00	1.17e-13	0.00e+00
 7.15620e+17	1.00e+00	1.15e-13	0.00e+00
 7.16024e+17	1.00e+00	1.12e-13	0.00e+00
 7.16426e+17	1.00e+00	1.10e-13	0.00e+00
 7.16855e+17	1.00e+00	1.08e-13	0.00e+00
 7.17319e+17	1.00e+00	1.05e-13	0.00e+00
 7.17775e+17	1.00e+00	1.02e-13	0.00e+00
 7.18209e+17	1.00e+00	9.99e-14	0.00e+00
 7.18663e+17	1.00e+00	9.74e-14	0.00e+00
 7.19151e+17	1.00e+00	9.49e-14	0.00e+00
 7.19661e+17	1.00e+00	9.20e-14	0.00e+00
 7.20166e+17	1.00e+00	8.92e-14	0.00e+00
 7.20653e+17	1.00e+00	8.66e-14	0.00e+00
 7.21157e+17	1.00e+00	8.41e-14	0.00e+00
 7.21705e+17	1.00e+00	8.13e-14	0.00e+00
 7.22276e+17	1.00e+00	7.83e-14	0.00e+00
 7.22838e+17	1.00e+00	7.54e-14	0.00e+00
 7.23389e+17	1.00e+00	7.27e-14	0.00e+00
 7.23952e+17	1.00e+00	6.99e-14	0.00e+00
 7.24545e+17	1.00e+00	6.72e-14	0.00e+00
 7.25161e+17	1.00e+00	6.43e-14	0.00e+00
 7.25782e+17	1.00e+00	6.14e-14	0.00e+00
 7.26396e+17	1.00e+00	5.86e-14	0.00e+00
 7.27020e+17	1.00e+00	5.59e-14	0.00e+00
 7.27667e+17	1.00e+00	5.31e-14	0.00e+00
 7.28320e+17	1.00e+00	5.04e-14	0.00e+00
 7.28972e+17	1.00e+00	4.78e-14	0.00e+00
 7.29656e+17	1.00e+00	4.52e-14	0.00e+00
 7.30368e+17	1.00e+00	4.25e-14	0.00e+00
 7.31088e+17	1.00e+00	3.99e-14	0.00e+00
 7.31816e+17	1.00e+00	3.73e-14	0.00e+00
 7.32550e+17	1.00e+00	3.49e-14	0.00e+00
 7.33324e+17	1.00e+00	3.24e-14	0.00e+00
 7.34116e+17	1.00e+00	3.00e-14	0.00e+00
 7.34881e+17	1.00e+00	2.77e-14	0.00e+00
 7.35578e+17	1.00e+00	2.57e-14	0.00e+00
 7.36181e+17	1.00e+00	2.41e-14	0.00e+00
 7.36714e+17	1.00e+00	2.27e-14	0.00e+00
 7.37216e+17	1.00e+00	2.15e-14	0.00e+00
 7.37708e+17	1.00e+00	2.04e-14	0.00e+00
 7.38186e+17	1.00e+00	1.93e-14	0.00e+00
 7.38635e+17	1.00e+00	1.83e-14	0.00e+00
 7.39052e+17	1.00e+00	1.75e-14	0.00e+00
 7.39445e+17	1.00e+00	1.67e-14	0.00e+00
 7.39825e+17	1.00e+00	1.59e-14	0.00e+00
 7.40197e+17	1.00e+00	1.53e-14	0.00e+00
 7.40554e+17	1.00e+00	1.46e-14	0.00e+00
 7.40895e+17	1.00e+00	1.40e-14	0.00e+00
 7.41220e+17	1.00e+00	1.34e-14	0.00e+00
 7.41534e+17	1.00e+00	1.29e-14	0.00e+00
 7.41840e+17	1.00e+00	1.24e-14	0.00e+00
 7.42137e+17	1.00e+00	1.20e-14	0.00e+00
 7.42423e+17	1.00e+00	1.15e-14	0.00e+00
 7.42700e+17	1.00e+00	1.11e-14	0.00e+00
 7.42967e+17	1.00e+00	1.07e-14	0.00e+00
 7.43227e+17	1.00e+00	1.03e-14	0.00e+00
 7.43481e+17	1.00e+00	9.98e-15	0.00e+00
 7.43727e+17	1.00e+00	9.62e-15	0.00e+00
 7.43966e+17	1.00e+00	9.30e-15	0.00e+00
 7.44196e+17	1.00e+00	9.00e-15	0.00e+00
 7.44422e+17	1.00e+00	8.70e-15	0.00e+00
