#depth	O	O+	O+2	O+3	O+4	O+5	O+6	O+7	O+8	O[1]	O[2]	O[3]
 1.49634e+10	0.00e+00	7.47e-30	2.02e-19	4.82e-11	5.12e-05	3.67e-02	9.63e-01	0.00e+00	0.00e+00	0.00e+00	0.00e+00	0.00e+00
 4.54887e+10	1.06e-41	1.10e-29	2.75e-19	6.07e-11	5.98e-05	3.96e-02	9.60e-01	4.35e-08	0.00e+00	0.00e+00	0.00e+00	0.00e+00
 7.72350e+10	0.00e+00	1.61e-29	3.74e-19	7.66e-11	6.98e-05	4.27e-02	9.57e-01	0.00e+00	0.00e+00	0.00e+00	0.00e+00	0.00e+00
 1.10251e+11	2.65e-41	2.36e-29	5.09e-19	9.65e-11	8.14e-05	4.61e-02	9.54e-01	0.00e+00	0.00e+00	0.00e+00	0.00e+00	0.00e+00
 1.44588e+11	0.00e+00	3.46e-29	6.92e-19	1.22e-10	9.49e-05	4.97e-02	9.50e-01	0.00e+00	0.00e+00	0.00e+00	0.00e+00	0.00e+00
 1.80298e+11	6.61e-41	5.06e-29	9.39e-19	1.53e-10	1.11e-04	5.37e-02	9.46e-01	0.00e+00	0.00e+00	0.00e+00	0.00e+00	0.00e+00
 2.17437e+11	0.00e+00	7.39e-29	1.27e-18	1.93e-10	1.29e-04	5.79e-02	9.42e-01	0.00e+00	0.00e+00	0.00e+00	0.00e+00	0.00e+00
 2.56061e+11	1.63e-40	1.08e-28	1.73e-18	2.43e-10	1.50e-04	6.25e-02	9.37e-01	0.00e+00	0.00e+00	0.00e+00	0.00e+00	0.00e+00
 2.96231e+11	0.00e+00	1.57e-28	2.34e-18	3.05e-10	1.75e-04	6.74e-02	9.32e-01	0.00e+00	0.00e+00	0.00e+00	0.00e+00	0.00e+00
 3.38007e+11	4.00e-40	2.28e-28	3.17e-18	3.84e-10	2.04e-04	7.27e-02	9.27e-01	0.00e+00	0.00e+00	0.00e+00	0.00e+00	0.00e+00
 3.81454e+11	0.00e+00	3.31e-28	4.28e-18	4.82e-10	2.38e-04	7.83e-02	9.21e-01	0.00e+00	0.00e+00	0.00e+00	0.00e+00	0.00e+00
 4.26639e+11	9.70e-40	4.80e-28	5.77e-18	6.06e-10	2.76e-04	8.45e-02	9.15e-01	0.00e+00	0.00e+00	0.00e+00	0.00e+00	0.00e+00
 4.73631e+11	0.00e+00	6.92e-28	7.77e-18	7.60e-10	3.22e-04	9.11e-02	9.09e-01	0.00e+00	0.00e+00	0.00e+00	0.00e+00	0.00e+00
 5.22503e+11	2.32e-39	9.97e-28	1.05e-17	9.53e-10	3.74e-04	9.82e-02	9.01e-01	0.00e+00	0.00e+00	0.00e+00	0.00e+00	0.00e+00
 5.73330e+11	0.00e+00	1.43e-27	1.40e-17	1.19e-09	4.35e-04	1.06e-01	8.94e-01	0.00e+00	0.00e+00	0.00e+00	0.00e+00	0.00e+00
 6.26190e+11	5.43e-39	2.04e-27	1.88e-17	1.49e-09	5.05e-04	1.14e-01	8.85e-01	0.00e+00	0.00e+00	0.00e+00	0.00e+00	0.00e+00
 6.81164e+11	0.00e+00	2.85e-27	2.46e-17	1.87e-09	5.86e-04	1.23e-01	8.76e-01	0.00e+00	0.00e+00	0.00e+00	0.00e+00	0.00e+00
 7.38337e+11	1.24e-38	4.10e-27	3.32e-17	2.33e-09	6.80e-04	1.32e-01	8.67e-01	0.00e+00	0.00e+00	0.00e+00	0.00e+00	0.00e+00
 7.97798e+11	0.00e+00	5.78e-27	4.42e-17	2.91e-09	7.88e-04	1.43e-01	8.57e-01	0.00e+00	0.00e+00	0.00e+00	0.00e+00	0.00e+00
 8.59636e+11	2.76e-38	8.11e-27	5.85e-17	3.63e-09	9.13e-04	1.54e-01	8.45e-01	0.00e+00	0.00e+00	0.00e+00	0.00e+00	0.00e+00
 9.23949e+11	0.00e+00	1.13e-26	7.73e-17	4.51e-09	1.06e-03	1.65e-01	8.34e-01	0.00e+00	0.00e+00	0.00e+00	0.00e+00	0.00e+00
 9.90833e+11	5.96e-38	1.57e-26	1.02e-16	5.61e-09	1.22e-03	1.78e-01	8.21e-01	0.00e+00	0.00e+00	0.00e+00	0.00e+00	0.00e+00
 1.06039e+12	0.00e+00	2.16e-26	1.33e-16	6.95e-09	1.41e-03	1.92e-01	8.07e-01	0.00e+00	0.00e+00	0.00e+00	0.00e+00	0.00e+00
 1.13274e+12	1.24e-37	2.96e-26	1.74e-16	8.61e-09	1.62e-03	2.06e-01	7.92e-01	0.00e+00	0.00e+00	0.00e+00	0.00e+00	0.00e+00
 1.20797e+12	0.00e+00	4.03e-26	2.27e-16	1.06e-08	1.87e-03	2.21e-01	7.77e-01	0.00e+00	0.00e+00	0.00e+00	0.00e+00	0.00e+00
 1.28622e+12	2.49e-37	5.45e-26	2.94e-16	1.31e-08	2.14e-03	2.38e-01	7.60e-01	0.00e+00	0.00e+00	0.00e+00	0.00e+00	0.00e+00
 1.36759e+12	0.00e+00	7.32e-26	3.81e-16	1.61e-08	2.45e-03	2.55e-01	7.43e-01	0.00e+00	0.00e+00	0.00e+00	0.00e+00	0.00e+00
 1.45222e+12	4.79e-37	9.77e-26	4.90e-16	1.98e-08	2.80e-03	2.73e-01	7.24e-01	0.00e+00	0.00e+00	0.00e+00	0.00e+00	0.00e+00
 1.54024e+12	0.00e+00	1.30e-25	6.29e-16	2.43e-08	3.20e-03	2.92e-01	7.05e-01	0.00e+00	0.00e+00	0.00e+00	0.00e+00	0.00e+00
 1.63178e+12	8.93e-37	1.72e-25	8.06e-16	2.97e-08	3.63e-03	3.12e-01	6.84e-01	0.00e+00	0.00e+00	0.00e+00	0.00e+00	0.00e+00
 1.72697e+12	0.00e+00	2.26e-25	1.03e-15	3.63e-08	4.12e-03	3.33e-01	6.63e-01	0.00e+00	0.00e+00	0.00e+00	0.00e+00	0.00e+00
 1.82598e+12	1.62e-36	2.97e-25	1.31e-15	4.42e-08	4.66e-03	3.55e-01	6.41e-01	0.00e+00	0.00e+00	0.00e+00	0.00e+00	0.00e+00
 1.92895e+12	0.00e+00	3.90e-25	1.67e-15	5.38e-08	5.26e-03	3.77e-01	6.18e-01	0.00e+00	0.00e+00	0.00e+00	0.00e+00	0.00e+00
 2.03603e+12	2.90e-36	5.11e-25	2.13e-15	6.53e-08	5.91e-03	3.99e-01	5.95e-01	0.00e+00	0.00e+00	0.00e+00	0.00e+00	0.00e+00
 2.14740e+12	0.00e+00	6.71e-25	2.71e-15	7.91e-08	6.63e-03	4.22e-01	5.71e-01	0.00e+00	0.00e+00	0.00e+00	0.00e+00	0.00e+00
 2.26322e+12	5.16e-36	8.81e-25	3.45e-15	9.57e-08	7.42e-03	4.46e-01	5.47e-01	0.00e+00	0.00e+00	0.00e+00	0.00e+00	0.00e+00
 2.38368e+12	0.00e+00	1.16e-24	4.40e-15	1.16e-07	8.27e-03	4.69e-01	5.23e-01	0.00e+00	0.00e+00	0.00e+00	0.00e+00	0.00e+00
 2.50895e+12	9.24e-36	1.53e-24	5.60e-15	1.39e-07	9.21e-03	4.92e-01	4.98e-01	0.00e+00	0.00e+00	0.00e+00	0.00e+00	0.00e+00
 2.63924e+12	0.00e+00	2.03e-24	7.14e-15	1.68e-07	1.02e-02	5.16e-01	4.74e-01	0.00e+00	0.00e+00	0.00e+00	0.00e+00	0.00e+00
 2.77473e+12	1.67e-35	2.69e-24	9.11e-15	2.02e-07	1.13e-02	5.39e-01	4.50e-01	0.00e+00	0.00e+00	0.00e+00	0.00e+00	0.00e+00
 2.91565e+12	0.00e+00	3.59e-24	1.16e-14	2.42e-07	1.25e-02	5.61e-01	4.26e-01	0.00e+00	0.00e+00	0.00e+00	0.00e+00	0.00e+00
 3.06220e+12	3.09e-35	4.81e-24	1.49e-14	2.90e-07	1.38e-02	5.83e-01	4.03e-01	0.00e+00	0.00e+00	0.00e+00	0.00e+00	0.00e+00
 3.21461e+12	4.23e-35	6.46e-24	1.90e-14	3.47e-07	1.52e-02	6.04e-01	3.80e-01	0.00e+00	0.00e+00	0.00e+00	0.00e+00	0.00e+00
 3.37313e+12	5.81e-35	8.71e-24	2.44e-14	4.15e-07	1.67e-02	6.25e-01	3.58e-01	0.00e+00	0.00e+00	0.00e+00	0.00e+00	0.00e+00
 3.53798e+12	8.03e-35	1.18e-23	3.12e-14	4.95e-07	1.84e-02	6.45e-01	3.37e-01	0.00e+00	0.00e+00	0.00e+00	0.00e+00	0.00e+00
 3.70942e+12	1.12e-34	1.60e-23	4.00e-14	5.90e-07	2.02e-02	6.64e-01	3.16e-01	0.00e+00	0.00e+00	0.00e+00	0.00e+00	0.00e+00
 3.88773e+12	1.56e-34	2.18e-23	5.13e-14	7.02e-07	2.21e-02	6.82e-01	2.96e-01	0.00e+00	0.00e+00	0.00e+00	0.00e+00	0.00e+00
 4.07316e+12	2.18e-34	2.97e-23	6.59e-14	8.35e-07	2.41e-02	7.00e-01	2.76e-01	0.00e+00	0.00e+00	0.00e+00	0.00e+00	0.00e+00
 4.26602e+12	3.07e-34	4.06e-23	8.45e-14	9.92e-07	2.63e-02	7.16e-01	2.58e-01	0.00e+00	0.00e+00	0.00e+00	0.00e+00	0.00e+00
 4.46658e+12	4.34e-34	5.57e-23	1.08e-13	1.18e-06	2.87e-02	7.31e-01	2.40e-01	0.00e+00	0.00e+00	0.00e+00	0.00e+00	0.00e+00
 4.67517e+12	6.16e-34	7.65e-23	1.39e-13	1.39e-06	3.13e-02	7.45e-01	2.24e-01	0.00e+00	0.00e+00	0.00e+00	0.00e+00	0.00e+00
 4.89211e+12	8.78e-34	1.05e-22	1.78e-13	1.65e-06	3.40e-02	7.58e-01	2.08e-01	0.00e+00	0.00e+00	0.00e+00	0.00e+00	0.00e+00
 5.11772e+12	1.25e-33	1.45e-22	2.29e-13	1.95e-06	3.70e-02	7.70e-01	1.93e-01	0.00e+00	0.00e+00	0.00e+00	0.00e+00	0.00e+00
 5.35235e+12	1.80e-33	2.00e-22	2.93e-13	2.31e-06	4.02e-02	7.81e-01	1.79e-01	0.00e+00	0.00e+00	0.00e+00	0.00e+00	0.00e+00
 5.59638e+12	2.59e-33	2.76e-22	3.76e-13	2.72e-06	4.36e-02	7.91e-01	1.65e-01	0.00e+00	0.00e+00	0.00e+00	0.00e+00	0.00e+00
 5.85016e+12	3.73e-33	3.81e-22	4.82e-13	3.21e-06	4.72e-02	8.00e-01	1.53e-01	0.00e+00	0.00e+00	0.00e+00	0.00e+00	0.00e+00
 6.11409e+12	5.40e-33	5.27e-22	6.17e-13	3.79e-06	5.11e-02	8.08e-01	1.41e-01	0.00e+00	0.00e+00	0.00e+00	0.00e+00	0.00e+00
 6.38858e+12	7.83e-33	7.29e-22	7.90e-13	4.46e-06	5.53e-02	8.15e-01	1.30e-01	0.00e+00	0.00e+00	0.00e+00	0.00e+00	0.00e+00
 6.67405e+12	1.14e-32	1.01e-21	1.01e-12	5.25e-06	5.98e-02	8.20e-01	1.20e-01	0.00e+00	0.00e+00	0.00e+00	0.00e+00	0.00e+00
 6.97094e+12	1.66e-32	1.40e-21	1.29e-12	6.17e-06	6.46e-02	8.25e-01	1.10e-01	0.00e+00	0.00e+00	0.00e+00	0.00e+00	0.00e+00
 7.27970e+12	2.42e-32	1.93e-21	1.65e-12	7.25e-06	6.97e-02	8.29e-01	1.01e-01	0.00e+00	0.00e+00	0.00e+00	0.00e+00	0.00e+00
 7.60082e+12	3.54e-32	2.68e-21	2.11e-12	8.51e-06	7.52e-02	8.32e-01	9.31e-02	0.00e+00	0.00e+00	0.00e+00	0.00e+00	0.00e+00
 7.93478e+12	5.18e-32	3.71e-21	2.70e-12	9.98e-06	8.11e-02	8.34e-01	8.54e-02	0.00e+00	0.00e+00	0.00e+00	0.00e+00	0.00e+00
 8.28210e+12	7.60e-32	5.14e-21	3.45e-12	1.17e-05	8.73e-02	8.34e-01	7.82e-02	0.00e+00	0.00e+00	0.00e+00	0.00e+00	0.00e+00
 8.64331e+12	1.12e-31	7.11e-21	4.40e-12	1.37e-05	9.40e-02	8.34e-01	7.16e-02	0.00e+00	0.00e+00	0.00e+00	0.00e+00	0.00e+00
 9.01897e+12	1.64e-31	9.85e-21	5.61e-12	1.60e-05	1.01e-01	8.33e-01	6.55e-02	0.00e+00	0.00e+00	0.00e+00	0.00e+00	0.00e+00
 9.40965e+12	2.42e-31	1.36e-20	7.14e-12	1.88e-05	1.09e-01	8.32e-01	5.98e-02	0.00e+00	0.00e+00	0.00e+00	0.00e+00	0.00e+00
 9.81596e+12	3.57e-31	1.88e-20	9.09e-12	2.19e-05	1.17e-01	8.29e-01	5.46e-02	0.00e+00	0.00e+00	0.00e+00	0.00e+00	0.00e+00
 1.02385e+13	5.26e-31	2.61e-20	1.16e-11	2.56e-05	1.25e-01	8.25e-01	4.98e-02	0.00e+00	0.00e+00	0.00e+00	0.00e+00	0.00e+00
 1.06780e+13	7.78e-31	3.60e-20	1.47e-11	2.99e-05	1.34e-01	8.21e-01	4.53e-02	0.00e+00	0.00e+00	0.00e+00	0.00e+00	0.00e+00
 1.11350e+13	1.15e-30	4.97e-20	1.87e-11	3.48e-05	1.44e-01	8.15e-01	4.13e-02	0.00e+00	0.00e+00	0.00e+00	0.00e+00	0.00e+00
 1.16104e+13	1.70e-30	6.87e-20	2.37e-11	4.05e-05	1.54e-01	8.09e-01	3.75e-02	0.00e+00	0.00e+00	0.00e+00	0.00e+00	0.00e+00
 1.21047e+13	2.52e-30	9.47e-20	3.01e-11	4.72e-05	1.64e-01	8.02e-01	3.41e-02	0.00e+00	0.00e+00	0.00e+00	0.00e+00	0.00e+00
 1.26188e+13	3.72e-30	1.30e-19	3.81e-11	5.49e-05	1.76e-01	7.93e-01	3.09e-02	0.00e+00	0.00e+00	0.00e+00	0.00e+00	0.00e+00
 1.31535e+13	5.51e-30	1.80e-19	4.82e-11	6.37e-05	1.87e-01	7.85e-01	2.80e-02	0.00e+00	0.00e+00	0.00e+00	0.00e+00	0.00e+00
 1.37096e+13	8.16e-30	2.47e-19	6.09e-11	7.39e-05	2.00e-01	7.75e-01	2.53e-02	0.00e+00	0.00e+00	0.00e+00	0.00e+00	0.00e+00
 1.42879e+13	1.21e-29	3.39e-19	7.68e-11	8.56e-05	2.13e-01	7.64e-01	2.29e-02	0.00e+00	0.00e+00	0.00e+00	0.00e+00	0.00e+00
 1.48893e+13	1.79e-29	4.65e-19	9.68e-11	9.91e-05	2.26e-01	7.53e-01	2.07e-02	0.00e+00	0.00e+00	0.00e+00	0.00e+00	0.00e+00
 1.55148e+13	2.64e-29	6.38e-19	1.22e-10	1.15e-04	2.41e-01	7.41e-01	1.87e-02	0.00e+00	0.00e+00	0.00e+00	0.00e+00	0.00e+00
 1.61653e+13	3.90e-29	8.72e-19	1.53e-10	1.32e-04	2.55e-01	7.28e-01	1.68e-02	0.00e+00	0.00e+00	0.00e+00	0.00e+00	0.00e+00
 1.68419e+13	5.76e-29	1.19e-18	1.93e-10	1.53e-04	2.71e-01	7.14e-01	1.51e-02	0.00e+00	0.00e+00	0.00e+00	0.00e+00	0.00e+00
 1.75455e+13	8.48e-29	1.62e-18	2.41e-10	1.76e-04	2.87e-01	6.99e-01	1.36e-02	0.00e+00	0.00e+00	0.00e+00	0.00e+00	0.00e+00
 1.82772e+13	1.25e-28	2.21e-18	3.02e-10	2.02e-04	3.03e-01	6.84e-01	1.22e-02	0.00e+00	0.00e+00	0.00e+00	0.00e+00	0.00e+00
 1.90383e+13	1.84e-28	3.00e-18	3.77e-10	2.32e-04	3.20e-01	6.69e-01	1.10e-02	0.00e+00	0.00e+00	0.00e+00	0.00e+00	0.00e+00
 1.98297e+13	2.69e-28	4.06e-18	4.70e-10	2.66e-04	3.38e-01	6.52e-01	9.82e-03	0.00e+00	0.00e+00	0.00e+00	0.00e+00	0.00e+00
 2.06528e+13	3.95e-28	5.49e-18	5.85e-10	3.04e-04	3.56e-01	6.35e-01	8.78e-03	0.00e+00	0.00e+00	0.00e+00	0.00e+00	0.00e+00
 2.15089e+13	5.77e-28	7.41e-18	7.27e-10	3.48e-04	3.74e-01	6.18e-01	7.85e-03	0.00e+00	0.00e+00	0.00e+00	0.00e+00	0.00e+00
 2.23991e+13	8.42e-28	9.98e-18	9.01e-10	3.97e-04	3.93e-01	6.00e-01	7.00e-03	0.00e+00	0.00e+00	0.00e+00	0.00e+00	0.00e+00
 2.33250e+13	1.23e-27	1.34e-17	1.11e-09	4.52e-04	4.12e-01	5.81e-01	6.24e-03	0.00e+00	0.00e+00	0.00e+00	0.00e+00	0.00e+00
 2.42880e+13	1.78e-27	1.80e-17	1.38e-09	5.14e-04	4.31e-01	5.63e-01	5.55e-03	0.00e+00	0.00e+00	0.00e+00	0.00e+00	0.00e+00
 2.52894e+13	2.58e-27	2.40e-17	1.70e-09	5.83e-04	4.51e-01	5.44e-01	4.94e-03	0.00e+00	0.00e+00	0.00e+00	0.00e+00	0.00e+00
 2.63309e+13	3.73e-27	3.21e-17	2.09e-09	6.60e-04	4.70e-01	5.25e-01	4.38e-03	0.00e+00	0.00e+00	0.00e+00	0.00e+00	0.00e+00
 2.74141e+13	5.38e-27	4.27e-17	2.56e-09	7.46e-04	4.90e-01	5.05e-01	3.88e-03	0.00e+00	0.00e+00	0.00e+00	0.00e+00	0.00e+00
 2.85406e+13	7.74e-27	5.67e-17	3.14e-09	8.42e-04	5.10e-01	4.86e-01	3.44e-03	0.00e+00	0.00e+00	0.00e+00	0.00e+00	0.00e+00
 2.97121e+13	1.11e-26	7.51e-17	3.83e-09	9.49e-04	5.29e-01	4.67e-01	3.04e-03	0.00e+00	0.00e+00	0.00e+00	0.00e+00	0.00e+00
 3.09305e+13	1.59e-26	9.93e-17	4.67e-09	1.07e-03	5.49e-01	4.47e-01	2.68e-03	0.00e+00	0.00e+00	0.00e+00	0.00e+00	0.00e+00
 3.21977e+13	2.27e-26	1.31e-16	5.69e-09	1.20e-03	5.68e-01	4.28e-01	2.37e-03	0.00e+00	0.00e+00	0.00e+00	0.00e+00	0.00e+00
 3.35155e+13	3.24e-26	1.72e-16	6.92e-09	1.34e-03	5.88e-01	4.09e-01	2.08e-03	0.00e+00	0.00e+00	0.00e+00	0.00e+00	0.00e+00
 3.48861e+13	4.62e-26	2.26e-16	8.40e-09	1.50e-03	6.06e-01	3.90e-01	1.83e-03	0.00e+00	0.00e+00	0.00e+00	0.00e+00	0.00e+00
 3.63114e+13	6.56e-26	2.97e-16	1.02e-08	1.68e-03	6.25e-01	3.72e-01	1.61e-03	0.00e+00	0.00e+00	0.00e+00	0.00e+00	0.00e+00
 3.77938e+13	9.29e-26	3.88e-16	1.23e-08	1.87e-03	6.43e-01	3.54e-01	1.41e-03	0.00e+00	0.00e+00	0.00e+00	0.00e+00	0.00e+00
 3.93355e+13	1.31e-25	5.07e-16	1.48e-08	2.08e-03	6.61e-01	3.36e-01	1.23e-03	0.00e+00	0.00e+00	0.00e+00	0.00e+00	0.00e+00
 4.09388e+13	1.86e-25	6.62e-16	1.79e-08	2.32e-03	6.78e-01	3.19e-01	1.08e-03	0.00e+00	0.00e+00	0.00e+00	0.00e+00	0.00e+00
 4.26063e+13	2.62e-25	8.61e-16	2.15e-08	2.57e-03	6.95e-01	3.02e-01	9.43e-04	0.00e+00	0.00e+00	0.00e+00	0.00e+00	0.00e+00
 4.43405e+13	3.68e-25	1.12e-15	2.59e-08	2.85e-03	7.11e-01	2.85e-01	8.22e-04	0.00e+00	0.00e+00	0.00e+00	0.00e+00	0.00e+00
 4.61441e+13	5.18e-25	1.45e-15	3.10e-08	3.16e-03	7.26e-01	2.70e-01	7.16e-04	0.00e+00	0.00e+00	0.00e+00	0.00e+00	0.00e+00
 4.80197e+13	7.26e-25	1.88e-15	3.72e-08	3.49e-03	7.41e-01	2.54e-01	6.23e-04	0.00e+00	0.00e+00	0.00e+00	0.00e+00	0.00e+00
 4.99705e+13	1.01e-24	2.42e-15	4.45e-08	3.86e-03	7.56e-01	2.40e-01	5.42e-04	0.00e+00	0.00e+00	0.00e+00	0.00e+00	0.00e+00
 5.19992e+13	1.42e-24	3.14e-15	5.32e-08	4.26e-03	7.70e-01	2.26e-01	4.70e-04	0.00e+00	0.00e+00	0.00e+00	0.00e+00	0.00e+00
 5.41091e+13	1.98e-24	4.04e-15	6.35e-08	4.69e-03	7.83e-01	2.12e-01	4.08e-04	0.00e+00	0.00e+00	0.00e+00	0.00e+00	0.00e+00
 5.63034e+13	2.75e-24	5.18e-15	7.57e-08	5.16e-03	7.95e-01	1.99e-01	3.53e-04	0.00e+00	0.00e+00	0.00e+00	0.00e+00	0.00e+00
 5.85854e+13	3.82e-24	6.65e-15	9.01e-08	5.67e-03	8.07e-01	1.87e-01	3.06e-04	0.00e+00	0.00e+00	0.00e+00	0.00e+00	0.00e+00
 6.09588e+13	5.33e-24	8.57e-15	1.07e-07	6.23e-03	8.18e-01	1.75e-01	2.64e-04	0.00e+00	0.00e+00	0.00e+00	0.00e+00	0.00e+00
 6.34271e+13	7.40e-24	1.10e-14	1.27e-07	6.83e-03	8.29e-01	1.64e-01	2.28e-04	0.00e+00	0.00e+00	0.00e+00	0.00e+00	0.00e+00
 6.59941e+13	1.02e-23	1.40e-14	1.51e-07	7.48e-03	8.39e-01	1.53e-01	1.97e-04	0.00e+00	0.00e+00	0.00e+00	0.00e+00	0.00e+00
 6.86638e+13	1.42e-23	1.79e-14	1.79e-07	8.19e-03	8.48e-01	1.43e-01	1.70e-04	0.00e+00	0.00e+00	0.00e+00	0.00e+00	0.00e+00
 7.14402e+13	1.94e-23	2.28e-14	2.12e-07	8.96e-03	8.57e-01	1.34e-01	1.46e-04	0.00e+00	0.00e+00	0.00e+00	0.00e+00	0.00e+00
 7.43278e+13	2.69e-23	2.91e-14	2.52e-07	9.80e-03	8.65e-01	1.25e-01	1.26e-04	0.00e+00	0.00e+00	0.00e+00	0.00e+00	0.00e+00
 7.73308e+13	3.72e-23	3.72e-14	2.97e-07	1.07e-02	8.73e-01	1.16e-01	1.09e-04	0.00e+00	0.00e+00	0.00e+00	0.00e+00	0.00e+00
 8.04540e+13	5.10e-23	4.70e-14	3.52e-07	1.17e-02	8.80e-01	1.09e-01	9.32e-05	0.00e+00	0.00e+00	0.00e+00	0.00e+00	0.00e+00
 8.37021e+13	7.05e-23	6.01e-14	4.15e-07	1.27e-02	8.86e-01	1.01e-01	8.01e-05	0.00e+00	0.00e+00	0.00e+00	0.00e+00	0.00e+00
 8.70801e+13	9.70e-23	7.63e-14	4.90e-07	1.39e-02	8.92e-01	9.40e-02	6.88e-05	0.00e+00	0.00e+00	0.00e+00	0.00e+00	0.00e+00
 9.05932e+13	1.33e-22	9.68e-14	5.78e-07	1.51e-02	8.97e-01	8.74e-02	5.90e-05	0.00e+00	0.00e+00	0.00e+00	0.00e+00	0.00e+00
 9.42469e+13	1.81e-22	1.22e-13	6.82e-07	1.65e-02	9.02e-01	8.12e-02	5.06e-05	0.00e+00	0.00e+00	0.00e+00	0.00e+00	0.00e+00
 9.80467e+13	2.47e-22	1.54e-13	8.03e-07	1.79e-02	9.07e-01	7.54e-02	4.34e-05	0.00e+00	0.00e+00	0.00e+00	0.00e+00	0.00e+00
 1.01998e+14	3.42e-22	1.96e-13	9.45e-07	1.95e-02	9.10e-01	7.00e-02	3.71e-05	0.00e+00	0.00e+00	0.00e+00	0.00e+00	0.00e+00
 1.06108e+14	4.67e-22	2.48e-13	1.11e-06	2.12e-02	9.14e-01	6.50e-02	3.18e-05	0.00e+00	0.00e+00	0.00e+00	0.00e+00	0.00e+00
 1.10383e+14	6.31e-22	3.10e-13	1.31e-06	2.30e-02	9.17e-01	6.02e-02	2.72e-05	0.00e+00	0.00e+00	0.00e+00	0.00e+00	0.00e+00
 1.14828e+14	8.70e-22	3.94e-13	1.54e-06	2.49e-02	9.19e-01	5.58e-02	2.33e-05	0.00e+00	0.00e+00	0.00e+00	0.00e+00	0.00e+00
 1.19451e+14	1.19e-21	4.97e-13	1.80e-06	2.71e-02	9.21e-01	5.17e-02	1.99e-05	0.00e+00	0.00e+00	0.00e+00	0.00e+00	0.00e+00
 1.24259e+14	1.62e-21	6.25e-13	2.12e-06	2.93e-02	9.23e-01	4.79e-02	1.70e-05	0.00e+00	0.00e+00	0.00e+00	0.00e+00	0.00e+00
 1.29259e+14	2.20e-21	7.86e-13	2.49e-06	3.18e-02	9.24e-01	4.43e-02	1.45e-05	0.00e+00	0.00e+00	0.00e+00	0.00e+00	0.00e+00
 1.34459e+14	2.96e-21	9.78e-13	2.92e-06	3.45e-02	9.25e-01	4.10e-02	1.24e-05	0.00e+00	0.00e+00	0.00e+00	0.00e+00	0.00e+00
 1.39868e+14	4.02e-21	1.23e-12	3.42e-06	3.73e-02	9.25e-01	3.79e-02	1.06e-05	0.00e+00	0.00e+00	0.00e+00	0.00e+00	0.00e+00
 1.45492e+14	5.52e-21	1.56e-12	4.01e-06	4.04e-02	9.25e-01	3.50e-02	9.00e-06	0.00e+00	0.00e+00	0.00e+00	0.00e+00	0.00e+00
 1.51342e+14	7.49e-21	1.96e-12	4.69e-06	4.37e-02	9.24e-01	3.23e-02	7.67e-06	0.00e+00	0.00e+00	0.00e+00	0.00e+00	0.00e+00
 1.57426e+14	1.02e-20	2.45e-12	5.49e-06	4.73e-02	9.23e-01	2.98e-02	6.54e-06	0.00e+00	0.00e+00	0.00e+00	0.00e+00	0.00e+00
 1.63752e+14	1.38e-20	3.07e-12	6.43e-06	5.11e-02	9.21e-01	2.75e-02	5.56e-06	0.00e+00	0.00e+00	0.00e+00	0.00e+00	0.00e+00
 1.70333e+14	1.87e-20	3.85e-12	7.52e-06	5.52e-02	9.19e-01	2.54e-02	4.74e-06	0.00e+00	0.00e+00	0.00e+00	0.00e+00	0.00e+00
 1.77176e+14	2.50e-20	4.77e-12	8.79e-06	5.96e-02	9.17e-01	2.34e-02	4.03e-06	0.00e+00	0.00e+00	0.00e+00	0.00e+00	0.00e+00
 1.84293e+14	3.41e-20	6.03e-12	1.03e-05	6.43e-02	9.14e-01	2.15e-02	3.43e-06	0.00e+00	0.00e+00	0.00e+00	0.00e+00	0.00e+00
 1.91694e+14	4.57e-20	7.46e-12	1.20e-05	6.94e-02	9.11e-01	1.98e-02	2.91e-06	0.00e+00	0.00e+00	0.00e+00	0.00e+00	0.00e+00
 1.99392e+14	6.24e-20	9.41e-12	1.40e-05	7.48e-02	9.07e-01	1.82e-02	2.47e-06	0.00e+00	0.00e+00	0.00e+00	0.00e+00	0.00e+00
 2.07398e+14	8.35e-20	1.17e-11	1.63e-05	8.06e-02	9.03e-01	1.68e-02	2.10e-06	0.00e+00	0.00e+00	0.00e+00	0.00e+00	0.00e+00
 2.15723e+14	1.14e-19	1.47e-11	1.90e-05	8.67e-02	8.98e-01	1.54e-02	1.78e-06	0.00e+00	0.00e+00	0.00e+00	0.00e+00	0.00e+00
 2.24382e+14	1.52e-19	1.82e-11	2.21e-05	9.34e-02	8.92e-01	1.42e-02	1.51e-06	0.00e+00	0.00e+00	0.00e+00	0.00e+00	0.00e+00
 2.33388e+14	2.07e-19	2.28e-11	2.57e-05	1.00e-01	8.87e-01	1.30e-02	1.28e-06	0.00e+00	0.00e+00	0.00e+00	0.00e+00	0.00e+00
 2.42753e+14	2.77e-19	2.83e-11	3.00e-05	1.08e-01	8.80e-01	1.19e-02	1.08e-06	0.00e+00	0.00e+00	0.00e+00	0.00e+00	0.00e+00
 2.52493e+14	3.76e-19	3.55e-11	3.48e-05	1.16e-01	8.73e-01	1.09e-02	9.17e-07	0.00e+00	0.00e+00	0.00e+00	0.00e+00	0.00e+00
 2.62623e+14	5.02e-19	4.39e-11	4.04e-05	1.24e-01	8.66e-01	1.00e-02	0.00e+00	0.00e+00	0.00e+00	0.00e+00	0.00e+00	0.00e+00
 2.73158e+14	6.80e-19	5.50e-11	4.68e-05	1.33e-01	8.58e-01	9.15e-03	0.00e+00	0.00e+00	0.00e+00	0.00e+00	0.00e+00	0.00e+00
 2.84114e+14	9.11e-19	6.81e-11	5.44e-05	1.43e-01	8.49e-01	8.36e-03	0.00e+00	0.00e+00	0.00e+00	0.00e+00	0.00e+00	0.00e+00
 2.95508e+14	1.23e-18	8.49e-11	6.28e-05	1.53e-01	8.39e-01	7.64e-03	0.00e+00	0.00e+00	0.00e+00	0.00e+00	0.00e+00	0.00e+00
 3.07358e+14	1.64e-18	1.05e-10	7.28e-05	1.64e-01	8.29e-01	6.97e-03	0.00e+00	0.00e+00	0.00e+00	0.00e+00	0.00e+00	0.00e+00
 3.19683e+14	2.21e-18	1.31e-10	8.40e-05	1.75e-01	8.19e-01	6.36e-03	0.00e+00	0.00e+00	0.00e+00	0.00e+00	0.00e+00	0.00e+00
 3.32500e+14	2.94e-18	1.61e-10	9.71e-05	1.87e-01	8.08e-01	5.79e-03	0.00e+00	0.00e+00	0.00e+00	0.00e+00	0.00e+00	0.00e+00
 3.45830e+14	3.96e-18	2.01e-10	1.12e-04	1.99e-01	7.96e-01	5.27e-03	0.00e+00	0.00e+00	0.00e+00	0.00e+00	0.00e+00	0.00e+00
 3.59693e+14	5.28e-18	2.48e-10	1.29e-04	2.12e-01	7.83e-01	4.79e-03	0.00e+00	0.00e+00	0.00e+00	0.00e+00	0.00e+00	0.00e+00
 3.74111e+14	7.08e-18	3.08e-10	1.48e-04	2.25e-01	7.70e-01	4.35e-03	0.00e+00	0.00e+00	0.00e+00	0.00e+00	0.00e+00	0.00e+00
 3.89105e+14	9.43e-18	3.79e-10	1.71e-04	2.40e-01	7.56e-01	3.94e-03	0.00e+00	0.00e+00	0.00e+00	0.00e+00	0.00e+00	0.00e+00
 4.04699e+14	1.26e-17	4.69e-10	1.96e-04	2.54e-01	7.42e-01	3.57e-03	0.00e+00	0.00e+00	0.00e+00	0.00e+00	0.00e+00	0.00e+00
 4.20917e+14	1.68e-17	5.78e-10	2.25e-04	2.70e-01	7.27e-01	3.23e-03	0.00e+00	0.00e+00	0.00e+00	0.00e+00	0.00e+00	0.00e+00
 4.37784e+14	2.24e-17	7.14e-10	2.57e-04	2.85e-01	7.11e-01	2.92e-03	0.00e+00	0.00e+00	0.00e+00	0.00e+00	0.00e+00	0.00e+00
 4.55325e+14	2.98e-17	8.78e-10	2.94e-04	3.02e-01	6.95e-01	2.63e-03	0.00e+00	0.00e+00	0.00e+00	1.69e-17	9.25e-18	3.66e-18
 4.73568e+14	3.97e-17	1.08e-09	3.36e-04	3.19e-01	6.78e-01	2.37e-03	0.00e+00	0.00e+00	0.00e+00	2.21e-17	1.32e-17	4.40e-18
 4.92541e+14	5.27e-17	1.33e-09	3.84e-04	3.37e-01	6.61e-01	2.13e-03	0.00e+00	0.00e+00	0.00e+00	2.94e-17	1.75e-17	5.84e-18
 5.12272e+14	7.00e-17	1.63e-09	4.37e-04	3.54e-01	6.43e-01	1.91e-03	0.00e+00	0.00e+00	0.00e+00	3.90e-17	2.32e-17	7.75e-18
 5.32793e+14	9.28e-17	2.00e-09	4.98e-04	3.73e-01	6.25e-01	1.72e-03	0.00e+00	0.00e+00	0.00e+00	5.17e-17	3.08e-17	1.03e-17
 5.54135e+14	1.23e-16	2.45e-09	5.65e-04	3.92e-01	6.06e-01	1.54e-03	0.00e+00	0.00e+00	0.00e+00	6.85e-17	4.08e-17	1.36e-17
 5.76330e+14	1.63e-16	3.00e-09	6.42e-04	4.11e-01	5.87e-01	1.37e-03	0.00e+00	0.00e+00	0.00e+00	9.06e-17	5.39e-17	1.80e-17
 5.99413e+14	2.15e-16	3.67e-09	7.26e-04	4.30e-01	5.68e-01	1.22e-03	0.00e+00	0.00e+00	0.00e+00	1.20e-16	7.12e-17	2.38e-17
 6.23419e+14	2.84e-16	4.48e-09	8.23e-04	4.50e-01	5.48e-01	1.09e-03	0.00e+00	0.00e+00	0.00e+00	1.58e-16	9.41e-17	3.14e-17
 6.48386e+14	3.73e-16	5.45e-09	9.28e-04	4.70e-01	5.29e-01	9.69e-04	0.00e+00	0.00e+00	0.00e+00	2.08e-16	1.24e-16	4.14e-17
 6.74351e+14	4.92e-16	6.64e-09	1.05e-03	4.90e-01	5.08e-01	8.60e-04	0.00e+00	0.00e+00	0.00e+00	2.74e-16	1.63e-16	5.45e-17
 7.01355e+14	6.46e-16	8.07e-09	1.18e-03	5.09e-01	4.89e-01	7.62e-04	0.00e+00	0.00e+00	0.00e+00	3.60e-16	2.14e-16	7.16e-17
 7.27640e+14	8.35e-16	9.69e-09	1.32e-03	5.28e-01	4.70e-01	6.78e-04	0.00e+00	0.00e+00	0.00e+00	4.66e-16	2.77e-16	9.26e-17
 7.52132e+14	1.05e-15	1.14e-08	1.45e-03	5.45e-01	4.53e-01	6.11e-04	0.00e+00	0.00e+00	0.00e+00	5.85e-16	3.47e-16	1.16e-16
 7.79404e+14	1.34e-15	1.36e-08	1.61e-03	5.63e-01	4.35e-01	5.45e-04	0.00e+00	0.00e+00	0.00e+00	7.48e-16	4.44e-16	1.49e-16
 8.09959e+14	1.74e-15	1.63e-08	1.80e-03	5.82e-01	4.16e-01	4.81e-04	0.00e+00	0.00e+00	0.00e+00	9.72e-16	5.77e-16	1.93e-16
 8.39430e+14	2.23e-15	1.94e-08	2.00e-03	6.00e-01	3.98e-01	4.27e-04	0.00e+00	0.00e+00	0.00e+00	1.24e-15	7.37e-16	2.47e-16
 8.67776e+14	2.79e-15	2.27e-08	2.19e-03	6.16e-01	3.82e-01	3.82e-04	0.00e+00	0.00e+00	0.00e+00	1.55e-15	9.21e-16	3.09e-16
 8.99561e+14	3.56e-15	2.70e-08	2.42e-03	6.33e-01	3.64e-01	3.38e-04	0.00e+00	0.00e+00	0.00e+00	1.99e-15	1.18e-15	3.94e-16
 9.34759e+14	4.60e-15	3.24e-08	2.69e-03	6.51e-01	3.46e-01	2.96e-04	0.00e+00	0.00e+00	0.00e+00	2.57e-15	1.52e-15	5.10e-16
 9.68816e+14	5.86e-15	3.83e-08	2.97e-03	6.68e-01	3.29e-01	2.62e-04	0.00e+00	0.00e+00	0.00e+00	3.27e-15	1.93e-15	6.50e-16
 1.00505e+15	7.47e-15	4.55e-08	3.27e-03	6.84e-01	3.13e-01	2.30e-04	0.00e+00	0.00e+00	0.00e+00	4.17e-15	2.47e-15	8.29e-16
 1.04436e+15	9.66e-15	5.44e-08	3.62e-03	7.01e-01	2.96e-01	2.00e-04	0.00e+00	0.00e+00	0.00e+00	5.40e-15	3.19e-15	1.07e-15
 1.08227e+15	1.22e-14	6.41e-08	3.98e-03	7.15e-01	2.80e-01	1.76e-04	0.00e+00	0.00e+00	0.00e+00	6.82e-15	4.03e-15	1.35e-15
 1.12263e+15	1.56e-14	7.59e-08	4.38e-03	7.30e-01	2.65e-01	1.54e-04	0.00e+00	0.00e+00	0.00e+00	8.70e-15	5.13e-15	1.73e-15
 1.16646e+15	2.00e-14	9.04e-08	4.83e-03	7.45e-01	2.50e-01	1.34e-04	0.00e+00	0.00e+00	0.00e+00	1.12e-14	6.60e-15	2.22e-15
 1.20899e+15	2.54e-14	1.07e-07	5.29e-03	7.59e-01	2.36e-01	1.17e-04	0.00e+00	0.00e+00	0.00e+00	1.42e-14	8.34e-15	2.82e-15
 1.25432e+15	3.22e-14	1.26e-07	5.81e-03	7.72e-01	2.22e-01	1.02e-04	0.00e+00	0.00e+00	0.00e+00	1.80e-14	1.06e-14	3.57e-15
 1.30453e+15	4.17e-14	1.50e-07	6.41e-03	7.86e-01	2.08e-01	8.75e-05	0.00e+00	0.00e+00	0.00e+00	2.34e-14	1.37e-14	4.63e-15
 1.35378e+15	5.29e-14	1.77e-07	7.02e-03	7.98e-01	1.95e-01	7.59e-05	0.00e+00	0.00e+00	0.00e+00	2.96e-14	1.74e-14	5.88e-15
 1.40500e+15	6.76e-14	2.10e-07	7.70e-03	8.10e-01	1.82e-01	6.56e-05	0.00e+00	0.00e+00	0.00e+00	3.79e-14	2.21e-14	7.50e-15
 1.45984e+15	8.69e-14	2.49e-07	8.46e-03	8.21e-01	1.70e-01	5.63e-05	0.00e+00	0.00e+00	0.00e+00	4.87e-14	2.84e-14	9.65e-15
 1.51333e+15	1.09e-13	2.92e-07	9.22e-03	8.31e-01	1.60e-01	4.88e-05	0.00e+00	0.00e+00	0.00e+00	6.12e-14	3.57e-14	1.21e-14
 1.57036e+15	1.39e-13	3.45e-07	1.01e-02	8.41e-01	1.49e-01	4.20e-05	0.00e+00	0.00e+00	0.00e+00	7.82e-14	4.55e-14	1.55e-14
 1.63321e+15	1.80e-13	4.11e-07	1.11e-02	8.51e-01	1.38e-01	3.58e-05	0.00e+00	0.00e+00	0.00e+00	1.01e-13	5.86e-14	2.00e-14
 1.69592e+15	2.30e-13	4.87e-07	1.21e-02	8.59e-01	1.28e-01	3.06e-05	0.00e+00	0.00e+00	0.00e+00	1.29e-13	7.48e-14	2.55e-14
 1.75720e+15	2.88e-13	5.69e-07	1.32e-02	8.67e-01	1.20e-01	2.64e-05	0.00e+00	0.00e+00	0.00e+00	1.62e-13	9.37e-14	3.20e-14
 1.82358e+15	3.66e-13	6.69e-07	1.44e-02	8.74e-01	1.11e-01	2.26e-05	0.00e+00	0.00e+00	0.00e+00	2.06e-13	1.19e-13	4.06e-14
 1.89655e+15	4.74e-13	7.99e-07	1.58e-02	8.81e-01	1.03e-01	1.91e-05	0.00e+00	0.00e+00	0.00e+00	2.67e-13	1.53e-13	5.26e-14
 1.96976e+15	6.04e-13	9.43e-07	1.73e-02	8.88e-01	9.50e-02	1.62e-05	0.00e+00	0.00e+00	0.00e+00	3.41e-13	1.95e-13	6.70e-14
 2.04589e+15	7.78e-13	1.12e-06	1.90e-02	8.93e-01	8.75e-02	1.37e-05	0.00e+00	0.00e+00	0.00e+00	4.40e-13	2.51e-13	8.63e-14
 2.12775e+15	1.01e-12	1.34e-06	2.08e-02	8.99e-01	8.05e-02	1.15e-05	0.00e+00	0.00e+00	0.00e+00	5.69e-13	3.24e-13	1.12e-13
 2.21120e+15	1.30e-12	1.59e-06	2.28e-02	9.03e-01	7.39e-02	9.70e-06	0.00e+00	0.00e+00	0.00e+00	7.34e-13	4.16e-13	1.43e-13
 2.29799e+15	1.66e-12	1.89e-06	2.51e-02	9.07e-01	6.78e-02	8.15e-06	0.00e+00	0.00e+00	0.00e+00	9.42e-13	5.32e-13	1.84e-13
 2.38791e+15	2.16e-12	2.26e-06	2.75e-02	9.10e-01	6.21e-02	6.83e-06	0.00e+00	0.00e+00	0.00e+00	1.22e-12	6.89e-13	2.39e-13
 2.47675e+15	2.74e-12	2.67e-06	3.01e-02	9.13e-01	5.70e-02	5.76e-06	0.00e+00	0.00e+00	0.00e+00	1.56e-12	8.72e-13	3.02e-13
 2.57118e+15	3.55e-12	3.20e-06	3.30e-02	9.15e-01	5.21e-02	4.82e-06	0.00e+00	0.00e+00	0.00e+00	2.02e-12	1.13e-12	3.92e-13
 2.67406e+15	4.59e-12	3.82e-06	3.65e-02	9.16e-01	4.73e-02	3.99e-06	0.00e+00	0.00e+00	0.00e+00	2.62e-12	1.46e-12	5.07e-13
 2.78105e+15	6.07e-12	4.64e-06	4.03e-02	9.17e-01	4.28e-02	3.29e-06	0.00e+00	0.00e+00	0.00e+00	3.47e-12	1.92e-12	6.69e-13
 2.88838e+15	7.83e-12	5.53e-06	4.45e-02	9.17e-01	3.89e-02	2.72e-06	0.00e+00	0.00e+00	0.00e+00	4.48e-12	2.47e-12	8.62e-13
 2.99999e+15	1.04e-11	6.75e-06	4.93e-02	9.16e-01	3.51e-02	2.24e-06	0.00e+00	0.00e+00	0.00e+00	5.93e-12	3.26e-12	1.14e-12
 3.11765e+15	1.35e-11	8.11e-06	5.48e-02	9.14e-01	3.16e-02	1.84e-06	0.00e+00	0.00e+00	0.00e+00	7.72e-12	4.22e-12	1.48e-12
 3.24002e+15	1.81e-11	1.00e-05	6.12e-02	9.10e-01	2.83e-02	1.49e-06	0.00e+00	0.00e+00	0.00e+00	1.04e-11	5.66e-12	1.99e-12
 3.36572e+15	2.37e-11	1.21e-05	6.85e-02	9.06e-01	2.53e-02	1.21e-06	0.00e+00	0.00e+00	0.00e+00	1.36e-11	7.41e-12	2.60e-12
 3.49645e+15	3.24e-11	1.52e-05	7.72e-02	9.00e-01	2.24e-02	9.73e-07	0.00e+00	0.00e+00	0.00e+00	1.86e-11	1.01e-11	3.54e-12
 3.63141e+15	4.28e-11	1.86e-05	8.72e-02	8.93e-01	1.98e-02	0.00e+00	0.00e+00	0.00e+00	0.00e+00	2.46e-11	1.33e-11	4.68e-12
 3.77177e+15	5.97e-11	2.39e-05	9.96e-02	8.83e-01	1.73e-02	0.00e+00	0.00e+00	0.00e+00	0.00e+00	3.44e-11	1.86e-11	6.53e-12
 3.91336e+15	8.17e-11	3.02e-05	1.14e-01	8.71e-01	1.51e-02	0.00e+00	0.00e+00	0.00e+00	0.00e+00	4.71e-11	2.54e-11	8.92e-12
 4.04519e+15	1.10e-10	3.78e-05	1.30e-01	8.57e-01	1.32e-02	0.00e+00	0.00e+00	0.00e+00	0.00e+00	6.36e-11	3.42e-11	1.20e-11
 4.17021e+15	1.46e-10	4.69e-05	1.48e-01	8.40e-01	1.15e-02	0.00e+00	0.00e+00	0.00e+00	0.00e+00	8.43e-11	4.53e-11	1.59e-11
 4.28900e+15	1.93e-10	5.81e-05	1.69e-01	8.21e-01	1.01e-02	0.00e+00	0.00e+00	0.00e+00	0.00e+00	1.11e-10	5.97e-11	2.10e-11
 4.40065e+15	2.47e-10	7.03e-05	1.93e-01	7.98e-01	8.75e-03	0.00e+00	0.00e+00	0.00e+00	0.00e+00	1.43e-10	7.64e-11	2.68e-11
 4.50369e+15	3.25e-10	8.77e-05	2.19e-01	7.73e-01	7.60e-03	0.00e+00	0.00e+00	0.00e+00	0.00e+00	1.88e-10	1.01e-10	3.53e-11
 4.59793e+15	4.13e-10	1.06e-04	2.48e-01	7.45e-01	6.59e-03	0.00e+00	0.00e+00	0.00e+00	0.00e+00	2.39e-10	1.28e-10	4.49e-11
 4.68403e+15	5.22e-10	1.29e-04	2.80e-01	7.14e-01	5.69e-03	0.00e+00	0.00e+00	0.00e+00	0.00e+00	3.02e-10	1.61e-10	5.66e-11
 4.76274e+15	6.34e-10	1.51e-04	3.15e-01	6.80e-01	4.90e-03	0.00e+00	0.00e+00	0.00e+00	0.00e+00	3.67e-10	1.96e-10	6.88e-11
 4.83477e+15	7.89e-10	1.81e-04	3.52e-01	6.43e-01	4.19e-03	0.00e+00	0.00e+00	0.00e+00	0.00e+00	4.57e-10	2.44e-10	8.55e-11
 4.90111e+15	9.63e-10	2.14e-04	3.93e-01	6.03e-01	3.54e-03	0.00e+00	0.00e+00	0.00e+00	0.00e+00	5.57e-10	2.98e-10	1.04e-10
 4.96175e+15	1.15e-09	2.49e-04	4.37e-01	5.59e-01	2.97e-03	0.00e+00	0.00e+00	0.00e+00	0.00e+00	6.68e-10	3.57e-10	1.25e-10
 5.01691e+15	1.37e-09	2.89e-04	4.83e-01	5.14e-01	2.46e-03	0.00e+00	0.00e+00	0.00e+00	0.00e+00	7.95e-10	4.24e-10	1.48e-10
 5.06771e+15	1.61e-09	3.32e-04	5.31e-01	4.66e-01	2.01e-03	0.00e+00	0.00e+00	0.00e+00	0.00e+00	9.33e-10	4.98e-10	1.74e-10
 5.11524e+15	1.86e-09	3.76e-04	5.81e-01	4.17e-01	1.62e-03	0.00e+00	0.00e+00	0.00e+00	0.00e+00	1.08e-09	5.75e-10	2.01e-10
 5.16019e+15	2.14e-09	4.26e-04	6.32e-01	3.66e-01	1.27e-03	0.00e+00	0.00e+00	0.00e+00	0.00e+00	1.24e-09	6.63e-10	2.31e-10
 5.20312e+15	2.45e-09	4.79e-04	6.84e-01	3.14e-01	9.63e-04	0.00e+00	0.00e+00	0.00e+00	0.00e+00	1.42e-09	7.59e-10	2.65e-10
 5.24479e+15	2.74e-09	5.30e-04	7.35e-01	2.64e-01	7.10e-04	0.00e+00	0.00e+00	0.00e+00	0.00e+00	1.59e-09	8.48e-10	2.96e-10
 5.29224e+15	3.12e-09	5.94e-04	7.93e-01	2.06e-01	4.69e-04	0.00e+00	0.00e+00	0.00e+00	0.00e+00	1.81e-09	9.66e-10	3.37e-10
 5.34388e+15	3.61e-09	6.63e-04	8.48e-01	1.51e-01	2.80e-04	0.00e+00	0.00e+00	0.00e+00	0.00e+00	2.10e-09	1.12e-09	3.89e-10
 5.39295e+15	3.99e-09	7.19e-04	8.92e-01	1.07e-01	1.60e-04	0.00e+00	0.00e+00	0.00e+00	0.00e+00	2.32e-09	1.23e-09	4.30e-10
 5.44873e+15	4.42e-09	7.77e-04	9.30e-01	6.94e-02	7.96e-05	0.00e+00	0.00e+00	0.00e+00	0.00e+00	2.57e-09	1.37e-09	4.76e-10
 5.52104e+15	4.91e-09	8.35e-04	9.60e-01	3.95e-02	3.13e-05	0.00e+00	0.00e+00	0.00e+00	0.00e+00	2.86e-09	1.52e-09	5.29e-10
 5.61484e+15	5.46e-09	8.91e-04	9.79e-01	2.06e-02	9.95e-06	0.00e+00	0.00e+00	0.00e+00	0.00e+00	3.18e-09	1.69e-09	5.87e-10
 5.73678e+15	6.08e-09	9.44e-04	9.88e-01	1.12e-02	2.85e-06	0.00e+00	0.00e+00	0.00e+00	0.00e+00	3.54e-09	1.88e-09	6.53e-10
 5.89531e+15	6.87e-09	1.00e-03	9.92e-01	7.32e-03	8.35e-07	0.00e+00	0.00e+00	0.00e+00	0.00e+00	4.00e-09	2.12e-09	7.38e-10
 6.10139e+15	7.95e-09	1.08e-03	9.93e-01	5.79e-03	0.00e+00	0.00e+00	0.00e+00	0.00e+00	0.00e+00	4.63e-09	2.45e-09	8.54e-10
 6.34224e+15	9.34e-09	1.17e-03	9.94e-01	5.07e-03	0.00e+00	0.00e+00	0.00e+00	0.00e+00	0.00e+00	5.44e-09	2.88e-09	1.00e-09
 6.59596e+15	1.10e-08	1.26e-03	9.94e-01	4.60e-03	0.00e+00	0.00e+00	0.00e+00	0.00e+00	0.00e+00	6.40e-09	3.39e-09	1.18e-09
 6.85983e+15	1.29e-08	1.36e-03	9.94e-01	4.18e-03	0.00e+00	0.00e+00	0.00e+00	0.00e+00	0.00e+00	7.54e-09	4.00e-09	1.39e-09
 7.13425e+15	1.53e-08	1.47e-03	9.95e-01	3.84e-03	0.00e+00	0.00e+00	0.00e+00	0.00e+00	0.00e+00	8.89e-09	4.71e-09	1.64e-09
 7.41965e+15	1.80e-08	1.59e-03	9.95e-01	3.51e-03	0.00e+00	0.00e+00	0.00e+00	0.00e+00	0.00e+00	1.05e-08	5.56e-09	1.93e-09
 7.71647e+15	2.12e-08	1.73e-03	9.95e-01	3.22e-03	0.00e+00	0.00e+00	0.00e+00	0.00e+00	0.00e+00	1.24e-08	6.56e-09	2.28e-09
 8.02515e+15	2.51e-08	1.87e-03	9.95e-01	2.94e-03	0.00e+00	0.00e+00	0.00e+00	0.00e+00	0.00e+00	1.46e-08	7.74e-09	2.69e-09
 8.34619e+15	2.96e-08	2.02e-03	9.95e-01	2.69e-03	0.00e+00	0.00e+00	0.00e+00	0.00e+00	0.00e+00	1.73e-08	9.15e-09	3.17e-09
 8.68007e+15	3.49e-08	2.18e-03	9.95e-01	2.46e-03	0.00e+00	0.00e+00	0.00e+00	0.00e+00	0.00e+00	2.04e-08	1.08e-08	3.74e-09
 9.02730e+15	4.04e-08	2.36e-03	9.95e-01	2.27e-03	0.00e+00	0.00e+00	0.00e+00	0.00e+00	0.00e+00	2.35e-08	1.25e-08	4.32e-09
 9.38842e+15	4.82e-08	2.56e-03	9.95e-01	2.04e-03	0.00e+00	0.00e+00	0.00e+00	0.00e+00	0.00e+00	2.81e-08	1.49e-08	5.15e-09
 9.76399e+15	5.74e-08	2.78e-03	9.95e-01	1.85e-03	0.00e+00	0.00e+00	0.00e+00	0.00e+00	0.00e+00	3.35e-08	1.77e-08	6.14e-09
 1.01546e+16	6.87e-08	3.01e-03	9.95e-01	1.69e-03	0.00e+00	0.00e+00	0.00e+00	0.00e+00	0.00e+00	4.00e-08	2.12e-08	7.34e-09
 1.05390e+16	8.12e-08	3.25e-03	9.95e-01	1.54e-03	0.00e+00	0.00e+00	0.00e+00	0.00e+00	0.00e+00	4.73e-08	2.50e-08	8.66e-09
 1.09388e+16	9.65e-08	3.51e-03	9.95e-01	1.40e-03	0.00e+00	0.00e+00	0.00e+00	0.00e+00	0.00e+00	5.62e-08	2.98e-08	1.03e-08
 1.13763e+16	1.16e-07	3.81e-03	9.95e-01	1.27e-03	0.00e+00	0.00e+00	0.00e+00	0.00e+00	0.00e+00	6.75e-08	3.58e-08	1.24e-08
 1.18145e+16	1.41e-07	4.15e-03	9.95e-01	1.15e-03	0.00e+00	0.00e+00	0.00e+00	0.00e+00	0.00e+00	8.22e-08	4.36e-08	1.51e-08
 1.22340e+16	1.65e-07	4.46e-03	9.94e-01	1.05e-03	0.00e+00	0.00e+00	0.00e+00	0.00e+00	0.00e+00	9.61e-08	5.09e-08	1.76e-08
 1.26873e+16	1.98e-07	4.83e-03	9.94e-01	9.55e-04	0.00e+00	0.00e+00	0.00e+00	0.00e+00	0.00e+00	1.16e-07	6.13e-08	2.12e-08
 1.31948e+16	2.41e-07	5.26e-03	9.94e-01	8.59e-04	0.00e+00	0.00e+00	0.00e+00	0.00e+00	0.00e+00	1.41e-07	7.45e-08	2.57e-08
 1.37108e+16	2.92e-07	5.71e-03	9.94e-01	7.74e-04	0.00e+00	0.00e+00	0.00e+00	0.00e+00	0.00e+00	1.70e-07	9.03e-08	3.11e-08
 1.41616e+16	3.46e-07	6.14e-03	9.93e-01	7.08e-04	0.00e+00	0.00e+00	0.00e+00	0.00e+00	0.00e+00	2.02e-07	1.07e-07	3.69e-08
 1.46065e+16	4.06e-07	6.57e-03	9.93e-01	6.49e-04	0.00e+00	0.00e+00	0.00e+00	0.00e+00	0.00e+00	2.36e-07	1.26e-07	4.32e-08
 1.51552e+16	4.98e-07	7.16e-03	9.92e-01	5.85e-04	0.00e+00	0.00e+00	0.00e+00	0.00e+00	0.00e+00	2.90e-07	1.54e-07	5.30e-08
 1.57614e+16	6.21e-07	7.85e-03	9.92e-01	5.21e-04	0.00e+00	0.00e+00	0.00e+00	0.00e+00	0.00e+00	3.62e-07	1.92e-07	6.61e-08
 1.63919e+16	7.81e-07	8.61e-03	9.91e-01	4.65e-04	0.00e+00	0.00e+00	0.00e+00	0.00e+00	0.00e+00	4.54e-07	2.42e-07	8.31e-08
 1.70476e+16	9.90e-07	9.47e-03	9.90e-01	4.12e-04	0.00e+00	0.00e+00	0.00e+00	0.00e+00	0.00e+00	5.76e-07	3.07e-07	1.05e-07
 1.77140e+16	1.26e-06	1.04e-02	9.89e-01	3.66e-04	0.00e+00	0.00e+00	0.00e+00	0.00e+00	0.00e+00	7.34e-07	3.91e-07	1.34e-07
 1.83763e+16	1.61e-06	1.15e-02	9.88e-01	3.24e-04	0.00e+00	0.00e+00	0.00e+00	0.00e+00	0.00e+00	9.37e-07	5.00e-07	1.71e-07
 1.90806e+16	2.11e-06	1.27e-02	9.87e-01	2.88e-04	0.00e+00	0.00e+00	0.00e+00	0.00e+00	0.00e+00	1.22e-06	6.54e-07	2.24e-07
 1.98086e+16	2.79e-06	1.41e-02	9.86e-01	2.54e-04	0.00e+00	0.00e+00	0.00e+00	0.00e+00	0.00e+00	1.62e-06	8.68e-07	2.97e-07
 2.04859e+16	3.67e-06	1.55e-02	9.84e-01	2.27e-04	0.00e+00	0.00e+00	0.00e+00	0.00e+00	0.00e+00	2.13e-06	1.14e-06	3.90e-07
 2.11138e+16	4.79e-06	1.71e-02	9.83e-01	2.04e-04	0.00e+00	0.00e+00	0.00e+00	0.00e+00	0.00e+00	2.78e-06	1.49e-06	5.09e-07
 2.18142e+16	6.59e-06	1.90e-02	9.81e-01	1.80e-04	0.00e+00	0.00e+00	0.00e+00	0.00e+00	0.00e+00	3.82e-06	2.05e-06	6.99e-07
 2.25612e+16	9.44e-06	2.16e-02	9.78e-01	1.58e-04	0.00e+00	0.00e+00	0.00e+00	0.00e+00	0.00e+00	5.48e-06	2.93e-06	1.00e-06
 2.31951e+16	1.32e-05	2.42e-02	9.76e-01	1.41e-04	0.00e+00	0.00e+00	0.00e+00	0.00e+00	0.00e+00	7.66e-06	4.10e-06	1.40e-06
 2.37350e+16	1.81e-05	2.69e-02	9.73e-01	1.28e-04	0.00e+00	0.00e+00	0.00e+00	0.00e+00	0.00e+00	1.05e-05	5.61e-06	1.92e-06
 2.42033e+16	2.43e-05	2.97e-02	9.70e-01	1.16e-04	0.00e+00	0.00e+00	0.00e+00	0.00e+00	0.00e+00	1.41e-05	7.55e-06	2.58e-06
 2.45985e+16	3.20e-05	3.27e-02	9.67e-01	1.06e-04	0.00e+00	0.00e+00	0.00e+00	0.00e+00	0.00e+00	1.86e-05	9.94e-06	3.40e-06
 2.49585e+16	4.23e-05	3.60e-02	9.64e-01	9.75e-05	0.00e+00	0.00e+00	0.00e+00	0.00e+00	0.00e+00	2.46e-05	1.31e-05	4.48e-06
 2.52222e+16	5.24e-05	3.89e-02	9.61e-01	9.13e-05	0.00e+00	0.00e+00	0.00e+00	0.00e+00	0.00e+00	3.04e-05	1.62e-05	5.55e-06
 2.53695e+16	5.95e-05	4.07e-02	9.59e-01	8.77e-05	0.00e+00	0.00e+00	0.00e+00	0.00e+00	0.00e+00	3.46e-05	1.85e-05	6.31e-06
 2.55062e+16	6.78e-05	4.27e-02	9.57e-01	8.42e-05	0.00e+00	0.00e+00	0.00e+00	0.00e+00	0.00e+00	3.93e-05	2.10e-05	7.18e-06
 2.56839e+16	8.08e-05	4.55e-02	9.54e-01	7.95e-05	0.00e+00	0.00e+00	0.00e+00	0.00e+00	0.00e+00	4.69e-05	2.51e-05	8.56e-06
 2.58678e+16	9.76e-05	4.89e-02	9.51e-01	7.47e-05	0.00e+00	0.00e+00	0.00e+00	0.00e+00	0.00e+00	5.66e-05	3.02e-05	1.03e-05
 2.60119e+16	1.14e-04	5.19e-02	9.48e-01	7.07e-05	0.00e+00	0.00e+00	0.00e+00	0.00e+00	0.00e+00	6.63e-05	3.54e-05	1.21e-05
 2.61263e+16	1.31e-04	5.47e-02	9.45e-01	6.77e-05	0.00e+00	0.00e+00	0.00e+00	0.00e+00	0.00e+00	7.58e-05	4.04e-05	1.38e-05
 2.62502e+16	1.52e-04	5.81e-02	9.42e-01	6.42e-05	0.00e+00	0.00e+00	0.00e+00	0.00e+00	0.00e+00	8.85e-05	4.72e-05	1.61e-05
 2.63831e+16	1.81e-04	6.22e-02	9.38e-01	6.03e-05	0.00e+00	0.00e+00	0.00e+00	0.00e+00	0.00e+00	1.05e-04	5.60e-05	1.91e-05
 2.64956e+16	2.11e-04	6.62e-02	9.34e-01	5.73e-05	0.00e+00	0.00e+00	0.00e+00	0.00e+00	0.00e+00	1.22e-04	6.52e-05	2.23e-05
 2.65907e+16	2.42e-04	7.00e-02	9.30e-01	5.43e-05	0.00e+00	0.00e+00	0.00e+00	0.00e+00	0.00e+00	1.40e-04	7.48e-05	2.56e-05
 2.66951e+16	2.85e-04	7.49e-02	9.25e-01	5.11e-05	0.00e+00	0.00e+00	0.00e+00	0.00e+00	0.00e+00	1.65e-04	8.81e-05	3.01e-05
 2.68032e+16	3.38e-04	8.06e-02	9.19e-01	4.78e-05	0.00e+00	0.00e+00	0.00e+00	0.00e+00	0.00e+00	1.97e-04	1.05e-04	3.57e-05
 2.68915e+16	3.93e-04	8.59e-02	9.14e-01	4.50e-05	0.00e+00	0.00e+00	0.00e+00	0.00e+00	0.00e+00	2.28e-04	1.22e-04	4.15e-05
 2.69671e+16	4.51e-04	9.11e-02	9.08e-01	4.26e-05	0.00e+00	0.00e+00	0.00e+00	0.00e+00	0.00e+00	2.62e-04	1.39e-04	4.76e-05
 2.70507e+16	5.30e-04	9.78e-02	9.02e-01	3.97e-05	0.00e+00	0.00e+00	0.00e+00	0.00e+00	0.00e+00	3.08e-04	1.64e-04	5.59e-05
 2.71386e+16	6.31e-04	1.06e-01	8.94e-01	3.69e-05	0.00e+00	0.00e+00	0.00e+00	0.00e+00	0.00e+00	3.67e-04	1.95e-04	6.66e-05
 2.72112e+16	7.36e-04	1.13e-01	8.86e-01	3.43e-05	0.00e+00	0.00e+00	0.00e+00	0.00e+00	0.00e+00	4.27e-04	2.27e-04	7.76e-05
 2.72728e+16	8.43e-04	1.20e-01	8.79e-01	3.24e-05	0.00e+00	0.00e+00	0.00e+00	0.00e+00	0.00e+00	4.90e-04	2.61e-04	8.89e-05
 2.73411e+16	9.94e-04	1.30e-01	8.69e-01	3.00e-05	0.00e+00	0.00e+00	0.00e+00	0.00e+00	0.00e+00	5.78e-04	3.07e-04	1.05e-04
 2.74128e+16	1.18e-03	1.40e-01	8.58e-01	2.75e-05	0.00e+00	0.00e+00	0.00e+00	0.00e+00	0.00e+00	6.88e-04	3.66e-04	1.25e-04
 2.74731e+16	1.38e-03	1.51e-01	8.48e-01	2.55e-05	0.00e+00	0.00e+00	0.00e+00	0.00e+00	0.00e+00	8.05e-04	4.28e-04	1.46e-04
 2.75254e+16	1.60e-03	1.61e-01	8.37e-01	2.36e-05	0.00e+00	0.00e+00	0.00e+00	0.00e+00	0.00e+00	9.29e-04	4.94e-04	1.68e-04
 2.75831e+16	1.89e-03	1.74e-01	8.24e-01	2.16e-05	0.00e+00	0.00e+00	0.00e+00	0.00e+00	0.00e+00	1.10e-03	5.85e-04	1.99e-04
 2.76443e+16	2.28e-03	1.90e-01	8.08e-01	1.95e-05	0.00e+00	0.00e+00	0.00e+00	0.00e+00	0.00e+00	1.32e-03	7.03e-04	2.40e-04
 2.76958e+16	2.68e-03	2.05e-01	7.92e-01	1.77e-05	0.00e+00	0.00e+00	0.00e+00	0.00e+00	0.00e+00	1.56e-03	8.28e-04	2.82e-04
 2.77402e+16	3.12e-03	2.20e-01	7.77e-01	1.62e-05	0.00e+00	0.00e+00	0.00e+00	0.00e+00	0.00e+00	1.81e-03	9.62e-04	3.28e-04
 2.77897e+16	3.73e-03	2.39e-01	7.57e-01	1.45e-05	0.00e+00	0.00e+00	0.00e+00	0.00e+00	0.00e+00	2.17e-03	1.15e-03	3.92e-04
 2.78426e+16	4.53e-03	2.62e-01	7.34e-01	1.27e-05	0.00e+00	0.00e+00	0.00e+00	0.00e+00	0.00e+00	2.64e-03	1.40e-03	4.76e-04
 2.78878e+16	5.42e-03	2.84e-01	7.11e-01	1.12e-05	0.00e+00	0.00e+00	0.00e+00	0.00e+00	0.00e+00	3.15e-03	1.67e-03	5.68e-04
 2.79274e+16	6.38e-03	3.05e-01	6.88e-01	1.00e-05	0.00e+00	0.00e+00	0.00e+00	0.00e+00	0.00e+00	3.71e-03	1.97e-03	6.69e-04
 2.79719e+16	7.77e-03	3.34e-01	6.59e-01	8.62e-06	0.00e+00	0.00e+00	0.00e+00	0.00e+00	0.00e+00	4.52e-03	2.39e-03	8.14e-04
 2.80197e+16	9.65e-03	3.67e-01	6.23e-01	7.22e-06	0.00e+00	0.00e+00	0.00e+00	0.00e+00	0.00e+00	5.62e-03	2.97e-03	1.01e-03
 2.80610e+16	1.18e-02	4.00e-01	5.88e-01	6.06e-06	0.00e+00	0.00e+00	0.00e+00	0.00e+00	0.00e+00	6.86e-03	3.63e-03	1.23e-03
 2.80967e+16	1.41e-02	4.32e-01	5.54e-01	5.10e-06	0.00e+00	0.00e+00	0.00e+00	0.00e+00	0.00e+00	8.23e-03	4.35e-03	1.48e-03
 2.81355e+16	1.75e-02	4.70e-01	5.13e-01	4.11e-06	0.00e+00	0.00e+00	0.00e+00	0.00e+00	0.00e+00	1.02e-02	5.38e-03	1.83e-03
 2.81761e+16	2.19e-02	5.13e-01	4.65e-01	3.19e-06	0.00e+00	0.00e+00	0.00e+00	0.00e+00	0.00e+00	1.28e-02	6.76e-03	2.29e-03
 2.82092e+16	2.67e-02	5.50e-01	4.23e-01	2.54e-06	0.00e+00	0.00e+00	0.00e+00	0.00e+00	0.00e+00	1.55e-02	8.21e-03	2.78e-03
 2.82373e+16	3.18e-02	5.84e-01	3.85e-01	2.01e-06	0.00e+00	0.00e+00	0.00e+00	0.00e+00	0.00e+00	1.85e-02	9.78e-03	3.32e-03
 2.82684e+16	3.90e-02	6.22e-01	3.39e-01	1.50e-06	0.00e+00	0.00e+00	0.00e+00	0.00e+00	0.00e+00	2.27e-02	1.20e-02	4.07e-03
 2.83014e+16	4.86e-02	6.61e-01	2.90e-01	1.06e-06	0.00e+00	0.00e+00	0.00e+00	0.00e+00	0.00e+00	2.83e-02	1.50e-02	5.07e-03
 2.83294e+16	5.92e-02	6.93e-01	2.48e-01	7.55e-07	0.00e+00	0.00e+00	0.00e+00	0.00e+00	0.00e+00	3.45e-02	1.82e-02	6.18e-03
 2.83534e+16	7.07e-02	7.18e-01	2.11e-01	0.00e+00	0.00e+00	0.00e+00	0.00e+00	0.00e+00	0.00e+00	4.12e-02	2.17e-02	7.38e-03
