#depth	C	C+	C+2	C+3	C+4	C+5	C+6	C[1]	C[2]	C[3]	C+[1]	C+[2]	CO
 1.49634e+10	0.00e+00	0.00e+00	3.26e-27	1.11e-17	2.28e-07	1.14e-02	9.89e-01	0.00e+00	0.00e+00	0.00e+00	0.00e+00	0.00e+00	0.00e+00
 4.54887e+10	0.00e+00	4.07e-37	4.48e-27	1.41e-17	2.68e-07	1.24e-02	9.88e-01	0.00e+00	0.00e+00	0.00e+00	0.00e+00	0.00e+00	1.06e-237
 7.72350e+10	0.00e+00	0.00e+00	6.15e-27	1.79e-17	3.14e-07	1.34e-02	9.87e-01	0.00e+00	0.00e+00	0.00e+00	0.00e+00	0.00e+00	1.73e-231
 1.10251e+11	0.00e+00	9.00e-37	8.45e-27	2.27e-17	3.68e-07	1.44e-02	9.86e-01	0.00e+00	0.00e+00	0.00e+00	0.00e+00	0.00e+00	2.17e-236
 1.41221e+11	0.00e+00	0.00e+00	1.12e-26	2.82e-17	4.25e-07	1.55e-02	9.85e-01	0.00e+00	0.00e+00	0.00e+00	0.00e+00	0.00e+00	7.87e-230
 1.68793e+11	0.00e+00	1.75e-36	1.44e-26	3.40e-17	4.82e-07	1.65e-02	9.84e-01	0.00e+00	0.00e+00	0.00e+00	0.00e+00	0.00e+00	0.00e+00
 1.99692e+11	4.50e-47	2.46e-36	1.89e-26	4.16e-17	5.52e-07	1.76e-02	9.82e-01	0.00e+00	0.00e+00	0.00e+00	0.00e+00	0.00e+00	1.44e-143
 2.36463e+11	0.00e+00	3.62e-36	2.57e-26	5.25e-17	6.45e-07	1.90e-02	9.81e-01	0.00e+00	0.00e+00	0.00e+00	0.00e+00	0.00e+00	7.94e-212
 2.72614e+11	1.11e-46	5.22e-36	3.45e-26	6.55e-17	7.47e-07	2.04e-02	9.80e-01	0.00e+00	0.00e+00	0.00e+00	0.00e+00	0.00e+00	1.36e-142
 3.05269e+11	0.00e+00	0.00e+00	4.47e-26	7.94e-17	8.50e-07	2.17e-02	9.78e-01	0.00e+00	0.00e+00	0.00e+00	0.00e+00	0.00e+00	2.94e-211
 3.41633e+11	0.00e+00	1.02e-35	5.90e-26	9.79e-17	9.78e-07	2.32e-02	9.77e-01	0.00e+00	0.00e+00	0.00e+00	0.00e+00	0.00e+00	2.34e-162
 3.84394e+11	3.97e-46	1.51e-35	8.08e-26	1.24e-16	1.15e-06	2.50e-02	9.75e-01	0.00e+00	0.00e+00	0.00e+00	0.00e+00	0.00e+00	1.79e-231
 4.26781e+11	0.00e+00	0.00e+00	1.09e-25	1.56e-16	1.33e-06	2.69e-02	9.73e-01	0.00e+00	0.00e+00	0.00e+00	0.00e+00	0.00e+00	1.27e-206
 4.66181e+11	0.00e+00	3.09e-35	1.43e-25	1.91e-16	1.53e-06	2.87e-02	9.71e-01	0.00e+00	0.00e+00	0.00e+00	0.00e+00	0.00e+00	3.13e-232
 5.10074e+11	1.45e-45	4.45e-35	1.92e-25	2.38e-16	1.77e-06	3.08e-02	9.69e-01	0.00e+00	0.00e+00	0.00e+00	0.00e+00	0.00e+00	7.98e-140
 5.60403e+11	0.00e+00	0.00e+00	2.66e-25	3.04e-16	2.09e-06	3.33e-02	9.67e-01	0.00e+00	0.00e+00	0.00e+00	0.00e+00	0.00e+00	5.52e-210
 6.09646e+11	0.00e+00	9.79e-35	3.62e-25	3.82e-16	2.43e-06	3.59e-02	9.64e-01	0.00e+00	0.00e+00	0.00e+00	0.00e+00	0.00e+00	4.69e-159
 6.55803e+11	5.67e-45	1.39e-34	4.78e-25	4.71e-16	2.80e-06	3.83e-02	9.62e-01	0.00e+00	0.00e+00	0.00e+00	0.00e+00	0.00e+00	7.40e-230
 7.06905e+11	0.00e+00	2.01e-34	6.44e-25	5.89e-16	3.25e-06	4.11e-02	9.59e-01	0.00e+00	0.00e+00	0.00e+00	0.00e+00	0.00e+00	5.22e-158
 7.65108e+11	1.45e-44	3.03e-34	8.95e-25	7.55e-16	3.84e-06	4.45e-02	9.56e-01	0.00e+00	0.00e+00	0.00e+00	0.00e+00	0.00e+00	0.00e+00
 8.22466e+11	0.00e+00	4.48e-34	1.22e-24	9.54e-16	4.49e-06	4.79e-02	9.52e-01	0.00e+00	0.00e+00	0.00e+00	0.00e+00	0.00e+00	7.57e-157
 8.82119e+11	3.71e-44	6.64e-34	1.68e-24	1.21e-15	5.26e-06	5.15e-02	9.48e-01	0.00e+00	0.00e+00	0.00e+00	0.00e+00	0.00e+00	0.00e+00
 9.47331e+11	0.00e+00	1.01e-33	2.34e-24	1.55e-15	6.22e-06	5.57e-02	9.44e-01	0.00e+00	0.00e+00	0.00e+00	0.00e+00	0.00e+00	1.12e-155
 1.01305e+12	9.90e-44	1.51e-33	3.23e-24	1.98e-15	7.31e-06	6.01e-02	9.40e-01	0.00e+00	0.00e+00	0.00e+00	0.00e+00	0.00e+00	0.00e+00
 1.08141e+12	0.00e+00	2.26e-33	4.47e-24	2.52e-15	8.61e-06	6.48e-02	9.35e-01	0.00e+00	0.00e+00	0.00e+00	0.00e+00	0.00e+00	1.64e-154
 1.15459e+12	2.67e-43	3.44e-33	6.26e-24	3.25e-15	1.02e-05	7.00e-02	9.30e-01	0.00e+00	0.00e+00	0.00e+00	0.00e+00	0.00e+00	0.00e+00
 1.22232e+12	0.00e+00	5.01e-33	8.46e-24	4.07e-15	1.18e-05	7.49e-02	9.25e-01	0.00e+00	0.00e+00	0.00e+00	0.00e+00	0.00e+00	2.29e-153
 1.28159e+12	6.12e-43	6.88e-33	1.09e-23	4.93e-15	1.35e-05	7.94e-02	9.21e-01	0.00e+00	0.00e+00	0.00e+00	0.00e+00	0.00e+00	0.00e+00
 1.34791e+12	0.00e+00	9.76e-33	1.44e-23	6.08e-15	1.55e-05	8.46e-02	9.15e-01	0.00e+00	0.00e+00	0.00e+00	0.00e+00	0.00e+00	2.07e-152
 1.42807e+12	1.51e-42	1.46e-32	2.00e-23	7.75e-15	1.82e-05	9.10e-02	9.09e-01	0.00e+00	0.00e+00	0.00e+00	0.00e+00	0.00e+00	0.00e+00
 1.51041e+12	0.00e+00	2.19e-32	2.76e-23	9.88e-15	2.14e-05	9.79e-02	9.02e-01	0.00e+00	0.00e+00	0.00e+00	0.00e+00	0.00e+00	3.01e-151
 1.58818e+12	3.83e-42	3.18e-32	3.72e-23	1.23e-14	2.48e-05	1.05e-01	8.95e-01	0.00e+00	0.00e+00	0.00e+00	0.00e+00	0.00e+00	0.00e+00
 1.66030e+12	0.00e+00	4.43e-32	4.85e-23	1.50e-14	2.83e-05	1.11e-01	8.89e-01	0.00e+00	0.00e+00	0.00e+00	0.00e+00	0.00e+00	3.04e-150
 1.73854e+12	8.70e-42	6.29e-32	6.42e-23	1.86e-14	3.26e-05	1.18e-01	8.82e-01	0.00e+00	0.00e+00	0.00e+00	0.00e+00	0.00e+00	0.00e+00
 1.82501e+12	0.00e+00	9.17e-32	8.69e-23	2.33e-14	3.79e-05	1.26e-01	8.74e-01	0.00e+00	0.00e+00	0.00e+00	0.00e+00	0.00e+00	3.33e-149
 1.90503e+12	2.05e-41	1.28e-31	1.14e-22	2.85e-14	4.33e-05	1.33e-01	8.67e-01	0.00e+00	0.00e+00	0.00e+00	0.00e+00	0.00e+00	0.00e+00
 1.99189e+12	0.00e+00	1.83e-31	1.51e-22	3.52e-14	4.98e-05	1.42e-01	8.58e-01	0.00e+00	0.00e+00	0.00e+00	0.00e+00	0.00e+00	3.24e-148
 2.08833e+12	4.97e-41	2.69e-31	2.06e-22	4.43e-14	5.80e-05	1.51e-01	8.49e-01	0.00e+00	0.00e+00	0.00e+00	0.00e+00	0.00e+00	0.00e+00
 2.17823e+12	0.00e+00	3.79e-31	2.71e-22	5.44e-14	6.64e-05	1.60e-01	8.40e-01	0.00e+00	0.00e+00	0.00e+00	0.00e+00	0.00e+00	3.52e-147
 2.27614e+12	1.17e-40	5.47e-31	3.63e-22	6.76e-14	7.67e-05	1.71e-01	8.29e-01	0.00e+00	0.00e+00	0.00e+00	0.00e+00	0.00e+00	0.00e+00
 2.38490e+12	0.00e+00	8.11e-31	4.97e-22	8.55e-14	8.95e-05	1.82e-01	8.18e-01	0.00e+00	0.00e+00	0.00e+00	0.00e+00	0.00e+00	4.24e-146
 2.48657e+12	2.86e-40	1.15e-30	6.59e-22	1.06e-13	1.03e-04	1.93e-01	8.07e-01	0.00e+00	0.00e+00	0.00e+00	0.00e+00	0.00e+00	0.00e+00
 2.59757e+12	0.00e+00	1.68e-30	8.89e-22	1.32e-13	1.19e-04	2.05e-01	7.95e-01	0.00e+00	0.00e+00	0.00e+00	0.00e+00	0.00e+00	4.62e-145
 2.72153e+12	7.30e-40	2.52e-30	1.23e-21	1.68e-13	1.39e-04	2.18e-01	7.82e-01	0.00e+00	0.00e+00	0.00e+00	0.00e+00	0.00e+00	8.05e-231
 2.83855e+12	0.00e+00	3.64e-30	1.65e-21	2.09e-13	1.60e-04	2.31e-01	7.69e-01	0.00e+00	0.00e+00	0.00e+00	0.00e+00	0.00e+00	5.84e-144
 2.94898e+12	1.71e-39	5.10e-30	2.16e-21	2.55e-13	1.83e-04	2.44e-01	7.56e-01	0.00e+00	0.00e+00	0.00e+00	0.00e+00	0.00e+00	0.00e+00
 3.07459e+12	0.00e+00	7.38e-30	2.90e-21	3.17e-13	2.10e-04	2.58e-01	7.42e-01	0.00e+00	0.00e+00	0.00e+00	0.00e+00	0.00e+00	5.95e-143
 3.21580e+12	4.32e-39	1.10e-29	4.00e-21	4.02e-13	2.45e-04	2.74e-01	7.26e-01	0.00e+00	0.00e+00	0.00e+00	0.00e+00	0.00e+00	0.00e+00
 3.35520e+12	0.00e+00	1.62e-29	5.42e-21	5.03e-13	2.84e-04	2.90e-01	7.10e-01	0.00e+00	0.00e+00	0.00e+00	0.00e+00	0.00e+00	7.85e-142
 3.49083e+12	1.06e-38	2.32e-29	7.22e-21	6.21e-13	3.25e-04	3.05e-01	6.94e-01	0.00e+00	0.00e+00	0.00e+00	0.00e+00	0.00e+00	0.00e+00
 3.64337e+12	0.00e+00	3.42e-29	9.84e-21	7.80e-13	3.76e-04	3.23e-01	6.77e-01	0.00e+00	0.00e+00	0.00e+00	0.00e+00	0.00e+00	9.23e-141
 3.81184e+12	2.78e-38	5.18e-29	1.37e-20	9.94e-13	4.39e-04	3.42e-01	6.58e-01	0.00e+00	0.00e+00	0.00e+00	0.00e+00	0.00e+00	0.00e+00
 3.96797e+12	0.00e+00	7.49e-29	1.83e-20	1.23e-12	5.03e-04	3.59e-01	6.40e-01	0.00e+00	0.00e+00	0.00e+00	0.00e+00	0.00e+00	1.22e-139
 4.11084e+12	6.43e-38	1.04e-28	2.38e-20	1.49e-12	5.67e-04	3.75e-01	6.24e-01	0.00e+00	0.00e+00	0.00e+00	0.00e+00	0.00e+00	0.00e+00
 4.24421e+12	0.00e+00	1.39e-28	3.00e-20	1.77e-12	6.32e-04	3.90e-01	6.10e-01	0.00e+00	0.00e+00	0.00e+00	0.00e+00	0.00e+00	9.53e-139
 4.39204e+12	1.34e-37	1.91e-28	3.86e-20	2.13e-12	7.09e-04	4.06e-01	5.94e-01	0.00e+00	0.00e+00	0.00e+00	0.00e+00	0.00e+00	0.00e+00
 4.55834e+12	0.00e+00	2.70e-28	5.08e-20	2.60e-12	8.03e-04	4.23e-01	5.76e-01	0.00e+00	0.00e+00	0.00e+00	0.00e+00	0.00e+00	8.55e-138
 4.71711e+12	3.00e-37	3.71e-28	6.54e-20	3.12e-12	9.00e-04	4.40e-01	5.59e-01	0.00e+00	0.00e+00	0.00e+00	0.00e+00	0.00e+00	0.00e+00
 4.89195e+12	0.00e+00	5.20e-28	8.54e-20	3.79e-12	1.01e-03	4.58e-01	5.41e-01	0.00e+00	0.00e+00	0.00e+00	0.00e+00	0.00e+00	7.59e-137
 5.08686e+12	7.00e-37	7.48e-28	1.14e-19	4.67e-12	1.15e-03	4.77e-01	5.21e-01	0.00e+00	0.00e+00	0.00e+00	0.00e+00	0.00e+00	0.00e+00
 5.27092e+12	0.00e+00	1.04e-27	1.48e-19	5.65e-12	1.30e-03	4.95e-01	5.03e-01	0.00e+00	0.00e+00	0.00e+00	0.00e+00	0.00e+00	7.70e-136
 5.47325e+12	1.60e-36	1.48e-27	1.95e-19	6.90e-12	1.46e-03	5.14e-01	4.84e-01	0.00e+00	0.00e+00	0.00e+00	0.00e+00	0.00e+00	0.00e+00
 5.70091e+12	0.00e+00	2.16e-27	2.63e-19	8.56e-12	1.67e-03	5.35e-01	4.63e-01	0.00e+00	0.00e+00	0.00e+00	0.00e+00	0.00e+00	8.87e-135
 5.91918e+12	3.87e-36	3.07e-27	3.47e-19	1.04e-11	1.88e-03	5.54e-01	4.44e-01	0.00e+00	0.00e+00	0.00e+00	0.00e+00	0.00e+00	0.00e+00
 6.15961e+12	0.00e+00	4.44e-27	4.65e-19	1.29e-11	2.13e-03	5.74e-01	4.24e-01	0.00e+00	0.00e+00	0.00e+00	0.00e+00	0.00e+00	9.97e-134
 6.42940e+12	9.83e-36	6.61e-27	6.36e-19	1.61e-11	2.44e-03	5.96e-01	4.02e-01	0.00e+00	0.00e+00	0.00e+00	0.00e+00	0.00e+00	0.00e+00
 6.68870e+12	0.00e+00	9.55e-27	8.50e-19	1.98e-11	2.75e-03	6.15e-01	3.82e-01	0.00e+00	0.00e+00	0.00e+00	0.00e+00	0.00e+00	1.32e-132
 6.96488e+12	2.42e-35	1.39e-26	1.14e-18	2.45e-11	3.11e-03	6.35e-01	3.62e-01	0.00e+00	0.00e+00	0.00e+00	0.00e+00	0.00e+00	4.25e-98
 7.27340e+12	0.00e+00	2.07e-26	1.56e-18	3.07e-11	3.55e-03	6.55e-01	3.41e-01	0.00e+00	0.00e+00	0.00e+00	0.00e+00	0.00e+00	0.00e+00
 7.58326e+12	6.30e-35	3.05e-26	2.12e-18	3.80e-11	4.02e-03	6.75e-01	3.21e-01	0.00e+00	0.00e+00	0.00e+00	0.00e+00	0.00e+00	1.22e-113
 7.86882e+12	9.54e-35	4.29e-26	2.77e-18	4.60e-11	4.48e-03	6.91e-01	3.04e-01	0.00e+00	0.00e+00	0.00e+00	0.00e+00	0.00e+00	8.30e-97
 8.17471e+12	1.46e-34	6.09e-26	3.65e-18	5.59e-11	5.01e-03	7.08e-01	2.87e-01	0.00e+00	0.00e+00	0.00e+00	0.00e+00	0.00e+00	0.00e+00
 8.51664e+12	2.31e-34	8.88e-26	4.91e-18	6.89e-11	5.64e-03	7.25e-01	2.69e-01	0.00e+00	0.00e+00	0.00e+00	0.00e+00	0.00e+00	3.33e-112
 8.83983e+12	3.51e-34	1.25e-25	6.42e-18	8.33e-11	6.27e-03	7.41e-01	2.53e-01	0.00e+00	0.00e+00	0.00e+00	0.00e+00	0.00e+00	1.40e-95
 9.18883e+12	5.40e-34	1.78e-25	8.47e-18	1.01e-10	6.99e-03	7.56e-01	2.37e-01	0.00e+00	0.00e+00	0.00e+00	0.00e+00	0.00e+00	2.90e-111
 9.57420e+12	8.54e-34	2.59e-25	1.14e-17	1.25e-10	7.85e-03	7.71e-01	2.21e-01	0.00e+00	0.00e+00	0.00e+00	0.00e+00	0.00e+00	9.69e-95
 9.89960e+12	1.24e-33	3.52e-25	1.45e-17	1.48e-10	8.61e-03	7.83e-01	2.09e-01	0.00e+00	0.00e+00	0.00e+00	0.00e+00	0.00e+00	2.43e-110
 1.01558e+13	1.64e-33	4.44e-25	1.74e-17	1.68e-10	9.24e-03	7.91e-01	1.99e-01	0.00e+00	0.00e+00	0.00e+00	0.00e+00	0.00e+00	4.02e-94
 1.04350e+13	2.21e-33	5.67e-25	2.10e-17	1.92e-10	9.94e-03	8.00e-01	1.90e-01	0.00e+00	0.00e+00	0.00e+00	0.00e+00	0.00e+00	1.08e-109
 1.07979e+13	3.24e-33	7.75e-25	2.69e-17	2.28e-10	1.09e-02	8.11e-01	1.78e-01	0.00e+00	0.00e+00	0.00e+00	0.00e+00	0.00e+00	1.76e-93
 1.11868e+13	4.79e-33	1.07e-24	3.46e-17	2.72e-10	1.20e-02	8.21e-01	1.67e-01	0.00e+00	0.00e+00	0.00e+00	0.00e+00	0.00e+00	7.84e-109
 1.15316e+13	6.66e-33	1.40e-24	4.28e-17	3.15e-10	1.30e-02	8.29e-01	1.58e-01	0.00e+00	0.00e+00	0.00e+00	0.00e+00	0.00e+00	8.47e-93
 1.19019e+13	9.45e-33	1.87e-24	5.37e-17	3.69e-10	1.41e-02	8.38e-01	1.48e-01	0.00e+00	0.00e+00	0.00e+00	0.00e+00	0.00e+00	4.54e-108
 1.23685e+13	1.44e-32	2.64e-24	7.05e-17	4.46e-10	1.56e-02	8.47e-01	1.37e-01	0.00e+00	0.00e+00	0.00e+00	0.00e+00	0.00e+00	4.50e-92
 1.28400e+13	2.17e-32	3.70e-24	9.19e-17	5.37e-10	1.73e-02	8.55e-01	1.27e-01	0.00e+00	0.00e+00	0.00e+00	0.00e+00	0.00e+00	3.89e-107
 1.32405e+13	3.03e-32	4.86e-24	1.14e-16	6.24e-10	1.87e-02	8.62e-01	1.20e-01	0.00e+00	0.00e+00	0.00e+00	0.00e+00	0.00e+00	2.26e-91
 1.36687e+13	4.27e-32	6.44e-24	1.42e-16	7.28e-10	2.02e-02	8.67e-01	1.12e-01	0.00e+00	0.00e+00	0.00e+00	0.00e+00	0.00e+00	2.26e-106
 1.42040e+13	6.46e-32	9.06e-24	1.86e-16	8.78e-10	2.23e-02	8.74e-01	1.04e-01	0.00e+00	0.00e+00	0.00e+00	0.00e+00	0.00e+00	1.17e-90
 1.47586e+13	9.75e-32	1.27e-23	2.43e-16	1.06e-09	2.46e-02	8.80e-01	9.56e-02	0.00e+00	0.00e+00	0.00e+00	0.00e+00	0.00e+00	1.95e-105
 1.52581e+13	1.39e-31	1.70e-23	3.06e-16	1.24e-09	2.67e-02	8.84e-01	8.91e-02	0.00e+00	0.00e+00	0.00e+00	0.00e+00	0.00e+00	6.23e-90
 1.58055e+13	2.02e-31	2.32e-23	3.90e-16	1.47e-09	2.91e-02	8.88e-01	8.27e-02	0.00e+00	0.00e+00	0.00e+00	0.00e+00	0.00e+00	1.31e-104
 1.64521e+13	3.09e-31	3.28e-23	5.14e-16	1.78e-09	3.21e-02	8.92e-01	7.58e-02	0.00e+00	0.00e+00	0.00e+00	0.00e+00	0.00e+00	3.55e-89
 1.70550e+13	4.52e-31	4.49e-23	6.58e-16	2.11e-09	3.50e-02	8.95e-01	7.01e-02	0.00e+00	0.00e+00	0.00e+00	0.00e+00	0.00e+00	1.08e-103
 1.75603e+13	6.12e-31	5.76e-23	8.02e-16	2.42e-09	3.75e-02	8.97e-01	6.57e-02	0.00e+00	0.00e+00	0.00e+00	0.00e+00	0.00e+00	1.58e-88
 1.81116e+13	8.44e-31	7.50e-23	9.87e-16	2.79e-09	4.03e-02	8.98e-01	6.14e-02	0.00e+00	0.00e+00	0.00e+00	0.00e+00	0.00e+00	5.68e-103
 1.88067e+13	1.25e-30	1.03e-22	1.27e-15	3.33e-09	4.41e-02	8.99e-01	5.65e-02	0.00e+00	0.00e+00	0.00e+00	0.00e+00	0.00e+00	7.55e-88
 1.95356e+13	1.84e-30	1.43e-22	1.64e-15	3.97e-09	4.81e-02	9.00e-01	5.19e-02	0.00e+00	0.00e+00	0.00e+00	0.00e+00	0.00e+00	4.53e-102
 2.01939e+13	2.59e-30	1.89e-22	2.04e-15	4.62e-09	5.19e-02	9.00e-01	4.82e-02	0.00e+00	0.00e+00	0.00e+00	0.00e+00	0.00e+00	3.77e-87
 2.08105e+13	3.51e-30	2.42e-22	2.48e-15	5.28e-09	5.55e-02	8.99e-01	4.50e-02	0.00e+00	0.00e+00	0.00e+00	0.00e+00	0.00e+00	2.54e-101
 2.15090e+13	4.90e-30	3.18e-22	3.08e-15	6.12e-09	5.97e-02	8.98e-01	4.18e-02	0.00e+00	0.00e+00	0.00e+00	0.00e+00	0.00e+00	1.57e-86
 2.22619e+13	6.95e-30	4.24e-22	3.86e-15	7.15e-09	6.45e-02	8.97e-01	3.87e-02	0.00e+00	0.00e+00	0.00e+00	0.00e+00	0.00e+00	1.59e-100
 2.29304e+13	9.34e-30	5.40e-22	4.66e-15	8.14e-09	6.87e-02	8.95e-01	3.62e-02	0.00e+00	0.00e+00	0.00e+00	0.00e+00	0.00e+00	6.60e-86
 2.36442e+13	1.27e-29	6.93e-22	5.67e-15	9.30e-09	7.33e-02	8.93e-01	3.38e-02	0.00e+00	0.00e+00	0.00e+00	0.00e+00	0.00e+00	8.14e-100
 2.45436e+13	1.84e-29	9.39e-22	7.18e-15	1.09e-08	7.93e-02	8.90e-01	3.10e-02	0.00e+00	0.00e+00	0.00e+00	0.00e+00	0.00e+00	3.04e-85
 2.54675e+13	2.65e-29	1.27e-21	9.08e-15	1.28e-08	8.57e-02	8.86e-01	2.85e-02	0.00e+00	0.00e+00	0.00e+00	0.00e+00	0.00e+00	6.06e-99
 2.62759e+13	3.61e-29	1.63e-21	1.10e-14	1.46e-08	9.14e-02	8.82e-01	2.65e-02	0.00e+00	0.00e+00	0.00e+00	0.00e+00	0.00e+00	1.40e-84
 2.71508e+13	4.98e-29	2.12e-21	1.35e-14	1.68e-08	9.77e-02	8.78e-01	2.46e-02	0.00e+00	0.00e+00	0.00e+00	0.00e+00	0.00e+00	3.41e-98
 2.82131e+13	7.25e-29	2.87e-21	1.71e-14	1.97e-08	1.05e-01	8.72e-01	2.25e-02	0.00e+00	0.00e+00	0.00e+00	0.00e+00	0.00e+00	6.92e-84
 2.92987e+13	1.05e-28	3.88e-21	2.16e-14	2.31e-08	1.14e-01	8.66e-01	2.06e-02	0.00e+00	0.00e+00	0.00e+00	0.00e+00	0.00e+00	2.65e-97
 3.03038e+13	1.45e-28	5.06e-21	2.65e-14	2.65e-08	1.21e-01	8.60e-01	1.90e-02	0.00e+00	0.00e+00	0.00e+00	0.00e+00	0.00e+00	3.44e-83
 3.12757e+13	1.97e-28	6.48e-21	3.21e-14	3.01e-08	1.29e-01	8.53e-01	1.77e-02	0.00e+00	0.00e+00	0.00e+00	0.00e+00	0.00e+00	1.54e-96
 3.23898e+13	2.77e-28	8.52e-21	3.96e-14	3.47e-08	1.38e-01	8.46e-01	1.63e-02	0.00e+00	0.00e+00	0.00e+00	0.00e+00	0.00e+00	1.53e-82
 3.36327e+13	3.98e-28	1.14e-20	4.96e-14	4.03e-08	1.48e-01	8.37e-01	1.49e-02	0.00e+00	0.00e+00	0.00e+00	0.00e+00	0.00e+00	1.09e-95
 3.48025e+13	5.52e-28	1.49e-20	6.08e-14	4.61e-08	1.57e-01	8.29e-01	1.37e-02	0.00e+00	0.00e+00	0.00e+00	0.00e+00	0.00e+00	7.69e-82
 3.60812e+13	7.80e-28	1.97e-20	7.51e-14	5.31e-08	1.68e-01	8.20e-01	1.26e-02	0.00e+00	0.00e+00	0.00e+00	0.00e+00	0.00e+00	7.19e-95
 3.75088e+13	1.13e-27	2.65e-20	9.44e-14	6.18e-08	1.80e-01	8.09e-01	1.14e-02	0.00e+00	0.00e+00	0.00e+00	0.00e+00	0.00e+00	4.14e-81
 3.87659e+13	1.54e-27	3.42e-20	1.14e-13	7.02e-08	1.90e-01	7.99e-01	1.05e-02	0.00e+00	0.00e+00	0.00e+00	0.00e+00	0.00e+00	4.94e-94
 3.97780e+13	1.97e-27	4.16e-20	1.33e-13	7.74e-08	1.99e-01	7.91e-01	9.88e-03	0.00e+00	0.00e+00	0.00e+00	0.00e+00	0.00e+00	1.55e-80
 4.08370e+13	2.53e-27	5.08e-20	1.55e-13	8.55e-08	2.08e-01	7.83e-01	9.26e-03	0.00e+00	0.00e+00	0.00e+00	0.00e+00	0.00e+00	2.00e-93
 4.22137e+13	3.46e-27	6.53e-20	1.87e-13	9.70e-08	2.20e-01	7.72e-01	8.52e-03	0.00e+00	0.00e+00	0.00e+00	0.00e+00	0.00e+00	5.88e-80
 4.36626e+13	4.75e-27	8.43e-20	2.27e-13	1.10e-07	2.32e-01	7.60e-01	7.81e-03	0.00e+00	0.00e+00	0.00e+00	0.00e+00	0.00e+00	1.20e-92
 4.49099e+13	6.19e-27	1.04e-19	2.66e-13	1.22e-07	2.43e-01	7.50e-01	7.27e-03	0.00e+00	0.00e+00	0.00e+00	0.00e+00	0.00e+00	2.36e-79
 4.62358e+13	8.13e-27	1.30e-19	3.14e-13	1.36e-07	2.54e-01	7.39e-01	6.75e-03	0.00e+00	0.00e+00	0.00e+00	0.00e+00	0.00e+00	5.59e-92
 4.79399e+13	1.14e-26	1.70e-19	3.85e-13	1.55e-07	2.69e-01	7.25e-01	6.14e-03	0.00e+00	0.00e+00	0.00e+00	0.00e+00	0.00e+00	1.02e-78
 4.96950e+13	1.59e-26	2.22e-19	4.71e-13	1.77e-07	2.84e-01	7.10e-01	5.58e-03	0.00e+00	0.00e+00	0.00e+00	0.00e+00	0.00e+00	3.85e-91
 5.11864e+13	2.10e-26	2.76e-19	5.54e-13	1.96e-07	2.97e-01	6.98e-01	5.16e-03	0.00e+00	0.00e+00	0.00e+00	0.00e+00	0.00e+00	4.44e-78
 5.27753e+13	2.78e-26	3.46e-19	6.56e-13	2.19e-07	3.11e-01	6.85e-01	4.75e-03	0.00e+00	0.00e+00	0.00e+00	0.00e+00	0.00e+00	1.93e-90
 5.47618e+13	3.91e-26	4.54e-19	8.04e-13	2.49e-07	3.28e-01	6.68e-01	4.29e-03	0.00e+00	0.00e+00	0.00e+00	0.00e+00	0.00e+00	2.01e-77
 5.67882e+13	5.46e-26	5.92e-19	9.81e-13	2.83e-07	3.45e-01	6.52e-01	3.88e-03	0.00e+00	0.00e+00	0.00e+00	0.00e+00	0.00e+00	1.36e-89
 5.85546e+13	7.22e-26	7.40e-19	1.16e-12	3.14e-07	3.59e-01	6.37e-01	3.56e-03	0.00e+00	0.00e+00	0.00e+00	0.00e+00	0.00e+00	8.97e-77
 6.04598e+13	9.67e-26	9.33e-19	1.37e-12	3.51e-07	3.75e-01	6.22e-01	3.26e-03	0.00e+00	0.00e+00	0.00e+00	0.00e+00	0.00e+00	7.24e-89
 6.27823e+13	1.36e-25	1.22e-18	1.68e-12	3.98e-07	3.93e-01	6.04e-01	2.92e-03	0.00e+00	0.00e+00	0.00e+00	0.00e+00	0.00e+00	4.22e-76
 6.51032e+13	1.89e-25	1.59e-18	2.04e-12	4.50e-07	4.12e-01	5.86e-01	2.63e-03	0.00e+00	0.00e+00	0.00e+00	0.00e+00	0.00e+00	9.46e-76
 6.71569e+13	2.50e-25	1.98e-18	2.40e-12	4.98e-07	4.27e-01	5.70e-01	2.40e-03	0.00e+00	0.00e+00	0.00e+00	0.00e+00	0.00e+00	1.89e-75
 6.94075e+13	3.36e-25	2.50e-18	2.85e-12	5.54e-07	4.44e-01	5.54e-01	2.18e-03	0.00e+00	0.00e+00	0.00e+00	0.00e+00	0.00e+00	3.93e-75
 7.21081e+13	4.72e-25	3.28e-18	3.48e-12	6.28e-07	4.64e-01	5.34e-01	1.94e-03	0.00e+00	0.00e+00	0.00e+00	0.00e+00	0.00e+00	9.12e-75
 7.47948e+13	6.55e-25	4.24e-18	4.21e-12	7.05e-07	4.83e-01	5.15e-01	1.73e-03	0.00e+00	0.00e+00	0.00e+00	0.00e+00	0.00e+00	2.05e-74
 7.72323e+13	8.70e-25	5.30e-18	4.95e-12	7.79e-07	5.00e-01	4.99e-01	1.57e-03	0.00e+00	0.00e+00	0.00e+00	0.00e+00	0.00e+00	4.18e-74
 7.99447e+13	1.18e-24	6.74e-18	5.90e-12	8.67e-07	5.18e-01	4.81e-01	1.41e-03	0.00e+00	0.00e+00	0.00e+00	0.00e+00	0.00e+00	8.96e-74
 8.31224e+13	1.66e-24	8.82e-18	7.19e-12	9.77e-07	5.38e-01	4.61e-01	1.25e-03	0.00e+00	0.00e+00	0.00e+00	0.00e+00	0.00e+00	2.11e-73
 8.62585e+13	2.30e-24	1.14e-17	8.64e-12	1.09e-06	5.57e-01	4.42e-01	1.11e-03	0.00e+00	0.00e+00	0.00e+00	0.00e+00	0.00e+00	4.79e-73
 8.92121e+13	3.08e-24	1.43e-17	1.02e-11	1.21e-06	5.74e-01	4.25e-01	9.95e-04	0.00e+00	0.00e+00	0.00e+00	0.00e+00	0.00e+00	1.01e-72
 9.25025e+13	4.22e-24	1.83e-17	1.22e-11	1.34e-06	5.92e-01	4.07e-01	8.84e-04	0.00e+00	0.00e+00	0.00e+00	0.00e+00	0.00e+00	2.24e-72
 9.61257e+13	5.88e-24	2.37e-17	1.47e-11	1.50e-06	6.11e-01	3.88e-01	7.78e-04	0.00e+00	0.00e+00	0.00e+00	0.00e+00	0.00e+00	5.20e-72
 9.93999e+13	7.84e-24	2.97e-17	1.73e-11	1.65e-06	6.27e-01	3.72e-01	6.97e-04	0.00e+00	0.00e+00	0.00e+00	0.00e+00	0.00e+00	1.09e-71
 1.02340e+14	1.01e-23	3.60e-17	1.98e-11	1.79e-06	6.41e-01	3.58e-01	6.32e-04	0.00e+00	0.00e+00	0.00e+00	0.00e+00	0.00e+00	2.07e-71
 1.05182e+14	1.27e-23	4.32e-17	2.26e-11	1.93e-06	6.54e-01	3.45e-01	5.76e-04	0.00e+00	0.00e+00	0.00e+00	0.00e+00	0.00e+00	3.78e-71
 1.08360e+14	1.64e-23	5.27e-17	2.60e-11	2.09e-06	6.68e-01	3.32e-01	5.21e-04	0.00e+00	0.00e+00	0.00e+00	1.68e-17	3.59e-17	7.29e-71
 1.11863e+14	2.15e-23	6.50e-17	3.02e-11	2.28e-06	6.82e-01	3.17e-01	4.67e-04	0.00e+00	0.00e+00	0.00e+00	2.16e-17	4.34e-17	1.47e-70
 1.15096e+14	2.74e-23	7.83e-17	3.44e-11	2.46e-06	6.94e-01	3.05e-01	4.24e-04	0.00e+00	0.00e+00	0.00e+00	2.60e-17	5.23e-17	2.75e-70
 1.18607e+14	3.54e-23	9.53e-17	3.96e-11	2.67e-06	7.07e-01	2.92e-01	3.82e-04	0.00e+00	0.00e+00	0.00e+00	3.16e-17	6.37e-17	5.34e-70
 1.22557e+14	4.66e-23	1.18e-16	4.60e-11	2.91e-06	7.21e-01	2.79e-01	3.41e-04	0.00e+00	0.00e+00	0.00e+00	3.92e-17	7.89e-17	1.10e-69
 1.26322e+14	6.02e-23	1.44e-16	5.28e-11	3.14e-06	7.33e-01	2.67e-01	3.07e-04	0.00e+00	0.00e+00	0.00e+00	4.77e-17	9.60e-17	2.15e-69
 1.30461e+14	7.90e-23	1.77e-16	6.11e-11	3.41e-06	7.46e-01	2.54e-01	2.74e-04	0.00e+00	0.00e+00	0.00e+00	5.87e-17	1.18e-16	4.38e-69
 1.35082e+14	1.06e-22	2.22e-16	7.15e-11	3.72e-06	7.59e-01	2.41e-01	2.42e-04	0.00e+00	0.00e+00	0.00e+00	7.35e-17	1.48e-16	9.43e-69
 1.39450e+14	1.38e-22	2.72e-16	8.24e-11	4.03e-06	7.70e-01	2.29e-01	2.16e-04	0.00e+00	0.00e+00	0.00e+00	9.02e-17	1.82e-16	1.91e-68
 1.44249e+14	1.83e-22	3.38e-16	9.58e-11	4.38e-06	7.82e-01	2.18e-01	1.92e-04	0.00e+00	0.00e+00	0.00e+00	1.12e-16	2.26e-16	4.04e-68
 1.49585e+14	2.48e-22	4.26e-16	1.12e-10	4.78e-06	7.94e-01	2.06e-01	1.68e-04	0.00e+00	0.00e+00	0.00e+00	1.41e-16	2.85e-16	9.01e-68
 1.54563e+14	3.26e-22	5.24e-16	1.30e-10	5.18e-06	8.05e-01	1.95e-01	1.49e-04	0.00e+00	0.00e+00	0.00e+00	1.74e-16	3.50e-16	1.86e-67
 1.59976e+14	4.34e-22	6.52e-16	1.51e-10	5.62e-06	8.15e-01	1.84e-01	1.32e-04	0.00e+00	0.00e+00	0.00e+00	2.16e-16	4.36e-16	4.00e-67
 1.66022e+14	5.91e-22	8.24e-16	1.77e-10	6.13e-06	8.26e-01	1.74e-01	1.15e-04	0.00e+00	0.00e+00	0.00e+00	2.73e-16	5.51e-16	9.20e-67
 1.71705e+14	7.81e-22	1.02e-15	2.05e-10	6.63e-06	8.36e-01	1.64e-01	1.02e-04	0.00e+00	0.00e+00	0.00e+00	3.38e-16	6.81e-16	1.92e-66
 1.77904e+14	1.05e-21	1.27e-15	2.39e-10	7.20e-06	8.45e-01	1.55e-01	8.95e-05	0.00e+00	0.00e+00	0.00e+00	4.22e-16	8.51e-16	4.22e-66
 1.84833e+14	1.43e-21	1.62e-15	2.81e-10	7.86e-06	8.55e-01	1.45e-01	7.77e-05	0.00e+00	0.00e+00	0.00e+00	5.36e-16	1.08e-15	9.83e-66
 1.91364e+14	1.91e-21	2.01e-15	3.26e-10	8.50e-06	8.63e-01	1.37e-01	6.83e-05	0.00e+00	0.00e+00	0.00e+00	6.67e-16	1.34e-15	2.13e-65
 1.98375e+14	2.57e-21	2.52e-15	3.80e-10	9.22e-06	8.72e-01	1.28e-01	5.97e-05	0.00e+00	0.00e+00	0.00e+00	8.35e-16	1.68e-15	4.73e-65
 2.06340e+14	3.55e-21	3.22e-15	4.49e-10	1.01e-05	8.80e-01	1.20e-01	5.15e-05	0.00e+00	0.00e+00	0.00e+00	1.07e-15	2.15e-15	1.13e-64
 2.14142e+14	4.82e-21	4.05e-15	5.25e-10	1.09e-05	8.88e-01	1.12e-01	4.48e-05	0.00e+00	0.00e+00	0.00e+00	1.34e-15	2.71e-15	2.57e-64
 2.22255e+14	6.54e-21	5.11e-15	6.15e-10	1.19e-05	8.95e-01	1.05e-01	3.90e-05	0.00e+00	0.00e+00	0.00e+00	1.69e-15	3.42e-15	5.87e-64
 2.31175e+14	9.02e-21	6.52e-15	7.25e-10	1.29e-05	9.02e-01	9.79e-02	3.36e-05	0.00e+00	0.00e+00	0.00e+00	2.16e-15	4.36e-15	1.40e-63
 2.39369e+14	1.20e-20	8.09e-15	8.39e-10	1.40e-05	9.08e-01	9.19e-02	2.94e-05	0.00e+00	0.00e+00	0.00e+00	2.68e-15	5.41e-15	3.03e-63
 2.45841e+14	1.49e-20	9.53e-15	9.38e-10	1.48e-05	9.12e-01	8.75e-02	2.65e-05	0.00e+00	0.00e+00	0.00e+00	3.15e-15	6.38e-15	5.46e-63
 2.52339e+14	1.84e-20	1.12e-14	1.05e-09	1.57e-05	9.17e-01	8.34e-02	2.40e-05	0.00e+00	0.00e+00	0.00e+00	3.70e-15	7.49e-15	9.70e-63
 2.60787e+14	2.41e-20	1.37e-14	1.20e-09	1.68e-05	9.21e-01	7.85e-02	2.12e-05	0.00e+00	0.00e+00	0.00e+00	4.53e-15	9.17e-15	2.00e-62
 2.69694e+14	3.16e-20	1.68e-14	1.38e-09	1.81e-05	9.26e-01	7.38e-02	1.86e-05	0.00e+00	0.00e+00	0.00e+00	5.57e-15	1.13e-14	4.19e-62
 2.77371e+14	3.97e-20	2.00e-14	1.55e-09	1.92e-05	9.30e-01	7.00e-02	1.67e-05	0.00e+00	0.00e+00	0.00e+00	6.62e-15	1.34e-14	7.76e-62
 2.85521e+14	5.02e-20	2.39e-14	1.75e-09	2.05e-05	9.34e-01	6.63e-02	1.49e-05	0.00e+00	0.00e+00	0.00e+00	7.90e-15	1.60e-14	1.46e-61
 2.95945e+14	6.70e-20	2.97e-14	2.03e-09	2.21e-05	9.38e-01	6.19e-02	1.29e-05	0.00e+00	0.00e+00	0.00e+00	9.83e-15	1.99e-14	3.21e-61
 3.06686e+14	8.94e-20	3.70e-14	2.35e-09	2.39e-05	9.42e-01	5.79e-02	1.12e-05	0.00e+00	0.00e+00	0.00e+00	1.22e-14	2.47e-14	6.99e-61
 3.15898e+14	1.13e-19	4.43e-14	2.66e-09	2.54e-05	9.45e-01	5.47e-02	1.00e-05	0.00e+00	0.00e+00	0.00e+00	1.46e-14	2.96e-14	1.33e-60
 3.25761e+14	1.45e-19	5.34e-14	3.02e-09	2.72e-05	9.48e-01	5.15e-02	8.85e-06	0.00e+00	0.00e+00	0.00e+00	1.76e-14	3.57e-14	2.60e-60
 3.37977e+14	1.95e-19	6.67e-14	3.52e-09	2.94e-05	9.52e-01	4.80e-02	7.64e-06	0.00e+00	0.00e+00	0.00e+00	2.20e-14	4.47e-14	5.79e-60
 3.50325e+14	2.60e-19	8.30e-14	4.08e-09	3.18e-05	9.55e-01	4.47e-02	6.62e-06	0.00e+00	0.00e+00	0.00e+00	2.74e-14	5.56e-14	1.26e-59
 3.61090e+14	3.31e-19	9.97e-14	4.63e-09	3.39e-05	9.58e-01	4.22e-02	5.87e-06	0.00e+00	0.00e+00	0.00e+00	3.29e-14	6.68e-14	2.43e-59
 3.72726e+14	4.26e-19	1.21e-13	5.27e-09	3.63e-05	9.60e-01	3.96e-02	5.16e-06	0.00e+00	0.00e+00	0.00e+00	3.98e-14	8.09e-14	4.81e-59
 3.86904e+14	5.73e-19	1.51e-13	6.15e-09	3.93e-05	9.63e-01	3.68e-02	4.44e-06	0.00e+00	0.00e+00	0.00e+00	4.99e-14	1.01e-13	1.07e-58
 4.01083e+14	7.62e-19	1.88e-13	7.14e-09	4.24e-05	9.66e-01	3.42e-02	3.84e-06	0.00e+00	0.00e+00	0.00e+00	6.20e-14	1.26e-13	2.33e-58
 4.13625e+14	9.73e-19	2.26e-13	8.11e-09	4.53e-05	9.68e-01	3.22e-02	3.38e-06	0.00e+00	0.00e+00	0.00e+00	7.46e-14	1.52e-13	4.52e-58
 4.27343e+14	1.26e-18	2.75e-13	9.28e-09	4.86e-05	9.70e-01	3.01e-02	2.96e-06	0.00e+00	0.00e+00	0.00e+00	9.07e-14	1.85e-13	9.07e-58
 4.43814e+14	1.70e-18	3.46e-13	1.08e-08	5.27e-05	9.72e-01	2.79e-02	2.54e-06	0.00e+00	0.00e+00	0.00e+00	1.14e-13	2.32e-13	2.04e-57
 4.60189e+14	2.26e-18	4.30e-13	1.26e-08	5.70e-05	9.74e-01	2.59e-02	2.19e-06	0.00e+00	0.00e+00	0.00e+00	1.41e-13	2.88e-13	4.42e-57
 4.74975e+14	2.90e-18	5.19e-13	1.43e-08	6.10e-05	9.76e-01	2.43e-02	1.92e-06	0.00e+00	0.00e+00	0.00e+00	1.71e-13	3.48e-13	8.70e-57
 4.91368e+14	3.78e-18	6.36e-13	1.65e-08	6.56e-05	9.77e-01	2.27e-02	1.67e-06	0.00e+00	0.00e+00	0.00e+00	2.09e-13	4.27e-13	1.79e-56
 5.10662e+14	5.11e-18	8.01e-13	1.93e-08	7.13e-05	9.79e-01	2.10e-02	1.42e-06	0.00e+00	0.00e+00	0.00e+00	2.63e-13	5.37e-13	4.06e-56
 5.29647e+14	6.80e-18	9.96e-13	2.25e-08	7.70e-05	9.80e-01	1.95e-02	1.22e-06	0.00e+00	0.00e+00	0.00e+00	3.27e-13	6.69e-13	8.86e-56
 5.47228e+14	8.77e-18	1.21e-12	2.57e-08	8.26e-05	9.82e-01	1.82e-02	1.07e-06	0.00e+00	0.00e+00	0.00e+00	3.97e-13	8.12e-13	1.77e-55
 5.64077e+14	1.11e-17	1.45e-12	2.91e-08	8.81e-05	9.83e-01	1.71e-02	9.40e-07	0.00e+00	0.00e+00	0.00e+00	4.76e-13	9.73e-13	3.38e-55
 5.82998e+14	1.44e-17	1.76e-12	3.34e-08	9.46e-05	9.84e-01	1.60e-02	0.00e+00	0.00e+00	0.00e+00	0.00e+00	5.78e-13	1.18e-12	6.80e-55
 6.04049e+14	1.89e-17	2.18e-12	3.86e-08	1.02e-04	9.85e-01	1.48e-02	0.00e+00	0.00e+00	0.00e+00	0.00e+00	7.14e-13	1.46e-12	1.45e-54
 6.21959e+14	2.38e-17	2.59e-12	4.35e-08	1.09e-04	9.86e-01	1.40e-02	0.00e+00	0.00e+00	0.00e+00	0.00e+00	8.49e-13	1.74e-12	2.71e-54
 6.36467e+14	2.84e-17	2.97e-12	4.78e-08	1.14e-04	9.87e-01	1.33e-02	0.00e+00	0.00e+00	0.00e+00	0.00e+00	9.73e-13	2.00e-12	4.41e-54
 6.52464e+14	3.45e-17	3.44e-12	5.29e-08	1.20e-04	9.87e-01	1.26e-02	0.00e+00	0.00e+00	0.00e+00	0.00e+00	1.13e-12	2.31e-12	7.48e-54
 6.73259e+14	4.40e-17	4.15e-12	6.02e-08	1.29e-04	9.88e-01	1.18e-02	0.00e+00	0.00e+00	0.00e+00	0.00e+00	1.36e-12	2.79e-12	1.46e-53
 6.95392e+14	5.65e-17	5.02e-12	6.88e-08	1.38e-04	9.89e-01	1.11e-02	0.00e+00	4.61e-18	1.39e-17	2.32e-17	1.64e-12	3.38e-12	2.91e-53
 7.14774e+14	7.00e-17	5.91e-12	7.69e-08	1.46e-04	9.89e-01	1.05e-02	0.00e+00	5.71e-18	1.72e-17	2.87e-17	1.93e-12	3.98e-12	5.24e-53
 7.35485e+14	8.72e-17	7.00e-12	8.65e-08	1.55e-04	9.90e-01	9.84e-03	0.00e+00	7.12e-18	2.14e-17	3.58e-17	2.29e-12	4.71e-12	9.61e-53
 7.62150e+14	1.15e-16	8.64e-12	1.00e-07	1.68e-04	9.91e-01	9.13e-03	0.00e+00	9.38e-18	2.82e-17	4.71e-17	2.82e-12	5.82e-12	2.05e-52
 7.89438e+14	1.51e-16	1.06e-11	1.16e-07	1.81e-04	9.91e-01	8.49e-03	0.00e+00	1.23e-17	3.70e-17	6.19e-17	3.48e-12	7.17e-12	4.38e-52
 8.12316e+14	1.88e-16	1.26e-11	1.30e-07	1.92e-04	9.92e-01	8.00e-03	0.00e+00	1.54e-17	4.62e-17	7.72e-17	4.11e-12	8.49e-12	8.07e-52
 8.36578e+14	2.36e-16	1.50e-11	1.46e-07	2.04e-04	9.92e-01	7.52e-03	0.00e+00	1.93e-17	5.80e-17	9.70e-17	4.90e-12	1.01e-11	1.52e-51
 8.67312e+14	3.12e-16	1.86e-11	1.70e-07	2.21e-04	9.93e-01	6.97e-03	0.00e+00	2.55e-17	7.66e-17	1.28e-16	6.06e-12	1.25e-11	3.29e-51
 8.99512e+14	4.13e-16	2.30e-11	1.97e-07	2.38e-04	9.93e-01	6.46e-03	0.00e+00	3.38e-17	1.01e-16	1.70e-16	7.51e-12	1.55e-11	7.20e-51
 9.28087e+14	5.26e-16	2.77e-11	2.24e-07	2.55e-04	9.94e-01	6.05e-03	0.00e+00	4.31e-17	1.29e-16	2.16e-16	9.03e-12	1.87e-11	1.42e-50
 9.58899e+14	6.75e-16	3.36e-11	2.56e-07	2.73e-04	9.94e-01	5.65e-03	0.00e+00	5.53e-17	1.66e-16	2.78e-16	1.09e-11	2.26e-11	2.85e-50
 9.95856e+14	9.02e-16	4.20e-11	2.99e-07	2.96e-04	9.94e-01	5.21e-03	0.00e+00	7.39e-17	2.22e-16	3.71e-16	1.37e-11	2.83e-11	6.43e-50
 1.03245e+15	1.19e-15	5.19e-11	3.46e-07	3.19e-04	9.95e-01	4.83e-03	0.00e+00	9.76e-17	2.93e-16	4.90e-16	1.69e-11	3.50e-11	1.40e-49
 1.06529e+15	1.51e-15	6.24e-11	3.93e-07	3.42e-04	9.95e-01	4.52e-03	0.00e+00	1.24e-16	3.73e-16	6.23e-16	2.03e-11	4.21e-11	2.75e-49
 1.10161e+15	1.95e-15	7.60e-11	4.51e-07	3.67e-04	9.95e-01	4.21e-03	0.00e+00	1.60e-16	4.81e-16	8.04e-16	2.47e-11	5.13e-11	5.65e-49
 1.14460e+15	2.61e-15	9.52e-11	5.28e-07	3.98e-04	9.96e-01	3.88e-03	0.00e+00	2.14e-16	6.44e-16	1.08e-15	3.09e-11	6.42e-11	1.28e-48
 1.18729e+15	3.45e-15	1.18e-10	6.13e-07	4.31e-04	9.96e-01	3.59e-03	0.00e+00	2.83e-16	8.50e-16	1.42e-15	3.83e-11	7.97e-11	2.82e-48
 1.22696e+15	4.42e-15	1.43e-10	7.01e-07	4.62e-04	9.96e-01	3.35e-03	0.00e+00	3.63e-16	1.09e-15	1.82e-15	4.65e-11	9.66e-11	5.72e-48
 1.27135e+15	5.77e-15	1.76e-10	8.11e-07	4.99e-04	9.96e-01	3.10e-03	0.00e+00	4.74e-16	1.42e-15	2.38e-15	5.72e-11	1.19e-10	1.22e-47
 1.31396e+15	7.39e-15	2.13e-10	9.29e-07	5.36e-04	9.97e-01	2.89e-03	0.00e+00	6.07e-16	1.82e-15	3.05e-15	6.93e-11	1.44e-10	2.46e-47
 1.34526e+15	8.80e-15	2.45e-10	1.02e-06	5.64e-04	9.97e-01	2.74e-03	0.00e+00	7.24e-16	2.17e-15	3.63e-15	7.94e-11	1.65e-10	4.05e-47
 1.37661e+15	1.04e-14	2.80e-10	1.12e-06	5.94e-04	9.97e-01	2.61e-03	0.00e+00	8.59e-16	2.58e-15	4.31e-15	9.07e-11	1.89e-10	6.61e-47
 1.41738e+15	1.30e-14	3.31e-10	1.27e-06	6.33e-04	9.97e-01	2.45e-03	0.00e+00	1.07e-15	3.20e-15	5.35e-15	1.07e-10	2.24e-10	1.23e-46
 1.46163e+15	1.63e-14	3.95e-10	1.44e-06	6.77e-04	9.97e-01	2.29e-03	0.00e+00	1.34e-15	4.02e-15	6.72e-15	1.28e-10	2.67e-10	2.35e-46
 1.50149e+15	1.98e-14	4.62e-10	1.61e-06	7.18e-04	9.97e-01	2.16e-03	0.00e+00	1.63e-15	4.90e-15	8.18e-15	1.50e-10	3.12e-10	4.13e-46
 1.54435e+15	2.43e-14	5.43e-10	1.80e-06	7.64e-04	9.97e-01	2.03e-03	0.00e+00	2.00e-15	6.01e-15	1.00e-14	1.76e-10	3.67e-10	7.45e-46
 1.59996e+15	3.14e-14	6.65e-10	2.09e-06	8.27e-04	9.97e-01	1.87e-03	0.00e+00	2.59e-15	7.77e-15	1.30e-14	2.16e-10	4.49e-10	1.56e-45
 1.65621e+15	4.02e-14	8.10e-10	2.40e-06	8.93e-04	9.97e-01	1.73e-03	0.00e+00	3.32e-15	9.96e-15	1.67e-14	2.63e-10	5.47e-10	3.20e-45
 1.70160e+15	4.87e-14	9.45e-10	2.69e-06	9.49e-04	9.97e-01	1.63e-03	0.00e+00	4.03e-15	1.21e-14	2.02e-14	3.07e-10	6.38e-10	5.62e-45
 1.74879e+15	5.91e-14	1.10e-09	3.01e-06	1.01e-03	9.97e-01	1.53e-03	0.00e+00	4.88e-15	1.47e-14	2.45e-14	3.58e-10	7.44e-10	9.84e-45
 1.81015e+15	7.12e-14	1.34e-09	3.47e-06	1.09e-03	9.97e-01	1.42e-03	0.00e+00	5.89e-15	1.77e-14	2.96e-14	4.35e-10	9.04e-10	1.96e-44
 1.87551e+15	9.04e-14	1.63e-09	4.02e-06	1.18e-03	9.98e-01	1.31e-03	0.00e+00	7.49e-15	2.25e-14	3.76e-14	5.31e-10	1.10e-09	4.04e-44
 1.93309e+15	1.11e-13	1.94e-09	4.55e-06	1.27e-03	9.98e-01	1.22e-03	0.00e+00	9.16e-15	2.75e-14	4.60e-14	6.28e-10	1.31e-09	7.45e-44
 1.99494e+15	1.36e-13	2.30e-09	5.18e-06	1.36e-03	9.97e-01	1.14e-03	0.00e+00	1.13e-14	3.39e-14	5.67e-14	7.49e-10	1.56e-09	1.41e-43
 2.07051e+15	1.74e-13	2.83e-09	6.04e-06	1.49e-03	9.97e-01	1.04e-03	0.00e+00	1.44e-14	4.33e-14	7.24e-14	9.21e-10	1.91e-09	3.00e-43
 2.14671e+15	2.19e-13	3.46e-09	7.00e-06	1.61e-03	9.97e-01	9.59e-04	0.00e+00	1.82e-14	5.46e-14	9.12e-14	1.12e-09	2.34e-09	6.19e-43
 2.21457e+15	2.66e-13	4.10e-09	7.96e-06	1.74e-03	9.97e-01	8.92e-04	0.00e+00	2.21e-14	6.65e-14	1.11e-13	1.33e-09	2.77e-09	1.16e-42
 2.28881e+15	3.28e-13	4.92e-09	9.11e-06	1.87e-03	9.97e-01	8.27e-04	0.00e+00	2.74e-14	8.22e-14	1.37e-13	1.60e-09	3.32e-09	2.26e-42
 2.37740e+15	4.13e-13	6.04e-09	1.07e-05	2.05e-03	9.97e-01	7.55e-04	0.00e+00	3.45e-14	1.03e-13	1.73e-13	1.97e-09	4.08e-09	4.89e-42
 2.46523e+15	5.12e-13	7.35e-09	1.24e-05	2.23e-03	9.97e-01	6.93e-04	0.00e+00	4.28e-14	1.29e-13	2.15e-13	2.39e-09	4.96e-09	1.01e-41
 2.54515e+15	6.21e-13	8.75e-09	1.41e-05	2.40e-03	9.97e-01	6.44e-04	0.00e+00	5.20e-14	1.56e-13	2.61e-13	2.85e-09	5.90e-09	1.90e-41
 2.63422e+15	7.57e-13	1.05e-08	1.62e-05	2.60e-03	9.97e-01	5.93e-04	0.00e+00	6.34e-14	1.91e-13	3.18e-13	3.42e-09	7.08e-09	3.73e-41
 2.72094e+15	9.07e-13	1.25e-08	1.85e-05	2.81e-03	9.97e-01	5.49e-04	0.00e+00	7.61e-14	2.29e-13	3.82e-13	4.07e-09	8.42e-09	7.08e-41
 2.78520e+15	1.03e-12	1.41e-08	2.03e-05	2.97e-03	9.96e-01	5.19e-04	0.00e+00	8.68e-14	2.61e-13	4.36e-13	4.61e-09	9.53e-09	1.12e-40
 2.84931e+15	1.18e-12	1.60e-08	2.23e-05	3.13e-03	9.96e-01	4.92e-04	0.00e+00	9.90e-14	2.97e-13	4.96e-13	5.21e-09	1.08e-08	1.77e-40
 2.93266e+15	1.38e-12	1.86e-08	2.51e-05	3.35e-03	9.96e-01	4.59e-04	0.00e+00	1.16e-13	3.49e-13	5.83e-13	6.08e-09	1.25e-08	3.16e-40
 3.02201e+15	1.62e-12	2.18e-08	2.84e-05	3.60e-03	9.96e-01	4.27e-04	0.00e+00	1.37e-13	4.11e-13	6.87e-13	7.13e-09	1.47e-08	5.74e-40
 3.10097e+15	1.86e-12	2.50e-08	3.15e-05	3.83e-03	9.96e-01	4.01e-04	0.00e+00	1.57e-13	4.73e-13	7.89e-13	8.16e-09	1.68e-08	9.54e-40
 3.18540e+15	2.16e-12	2.88e-08	3.51e-05	4.08e-03	9.96e-01	3.76e-04	0.00e+00	1.82e-13	5.48e-13	9.15e-13	9.41e-09	1.94e-08	1.63e-39
 3.29516e+15	2.59e-12	3.45e-08	4.03e-05	4.42e-03	9.95e-01	3.46e-04	0.00e+00	2.19e-13	6.59e-13	1.10e-12	1.13e-08	2.32e-08	3.24e-39
 3.40623e+15	3.07e-12	4.11e-08	4.61e-05	4.78e-03	9.95e-01	3.20e-04	0.00e+00	2.60e-13	7.81e-13	1.30e-12	1.34e-08	2.77e-08	6.26e-39
 3.49581e+15	3.51e-12	4.71e-08	5.12e-05	5.08e-03	9.95e-01	3.00e-04	0.00e+00	2.98e-13	8.94e-13	1.49e-12	1.54e-08	3.17e-08	1.05e-38
 3.58906e+15	4.03e-12	5.41e-08	5.69e-05	5.41e-03	9.94e-01	2.82e-04	0.00e+00	3.42e-13	1.03e-12	1.72e-12	1.77e-08	3.64e-08	1.78e-38
 3.71028e+15	4.79e-12	6.46e-08	6.51e-05	5.85e-03	9.94e-01	2.60e-04	0.00e+00	4.07e-13	1.22e-12	2.04e-12	2.11e-08	4.34e-08	3.52e-38
 3.83862e+15	5.65e-12	7.71e-08	7.47e-05	6.34e-03	9.93e-01	2.39e-04	0.00e+00	4.81e-13	1.45e-12	2.41e-12	2.53e-08	5.18e-08	7.07e-38
 3.95075e+15	6.57e-12	8.97e-08	8.38e-05	6.79e-03	9.93e-01	2.23e-04	0.00e+00	5.61e-13	1.68e-12	2.81e-12	2.94e-08	6.03e-08	1.28e-37
 4.07107e+15	7.63e-12	1.05e-07	9.47e-05	7.28e-03	9.92e-01	2.07e-04	0.00e+00	6.52e-13	1.96e-12	3.27e-12	3.45e-08	7.07e-08	2.40e-37
 4.22187e+15	9.21e-12	1.28e-07	1.10e-04	7.94e-03	9.92e-01	1.90e-04	0.00e+00	7.88e-13	2.36e-12	3.95e-12	4.19e-08	8.57e-08	5.14e-37
 4.37692e+15	1.10e-11	1.54e-07	1.27e-04	8.65e-03	9.91e-01	1.74e-04	0.00e+00	9.39e-13	2.82e-12	4.71e-12	5.06e-08	1.04e-07	1.08e-36
 4.51397e+15	1.27e-11	1.81e-07	1.43e-04	9.30e-03	9.90e-01	1.61e-04	0.00e+00	1.09e-12	3.27e-12	5.47e-12	5.96e-08	1.22e-07	2.03e-36
 4.66299e+15	1.50e-11	2.16e-07	1.64e-04	1.00e-02	9.90e-01	1.49e-04	0.00e+00	1.29e-12	3.88e-12	6.47e-12	7.09e-08	1.45e-07	4.00e-36
 4.84219e+15	1.81e-11	2.63e-07	1.90e-04	1.10e-02	9.89e-01	1.36e-04	0.00e+00	1.56e-12	4.68e-12	7.81e-12	8.65e-08	1.77e-07	8.69e-36
 5.02031e+15	2.16e-11	3.19e-07	2.20e-04	1.19e-02	9.88e-01	1.24e-04	0.00e+00	1.86e-12	5.58e-12	9.32e-12	1.05e-07	2.14e-07	1.82e-35
 5.15794e+15	2.44e-11	3.67e-07	2.45e-04	1.27e-02	9.87e-01	1.16e-04	0.00e+00	2.10e-12	6.31e-12	1.05e-11	1.21e-07	2.46e-07	3.10e-35
 5.26258e+15	2.68e-11	4.08e-07	2.66e-04	1.33e-02	9.86e-01	1.11e-04	0.00e+00	2.32e-12	6.95e-12	1.16e-11	1.34e-07	2.73e-07	4.65e-35
 5.37797e+15	3.00e-11	4.58e-07	2.91e-04	1.40e-02	9.86e-01	1.05e-04	0.00e+00	2.59e-12	7.78e-12	1.30e-11	1.51e-07	3.07e-07	7.25e-35
 5.52799e+15	3.49e-11	5.31e-07	3.25e-04	1.50e-02	9.85e-01	9.80e-05	0.00e+00	3.02e-12	9.07e-12	1.51e-11	1.75e-07	3.56e-07	1.28e-34
 5.69113e+15	4.01e-11	6.22e-07	3.65e-04	1.61e-02	9.83e-01	9.13e-05	0.00e+00	3.48e-12	1.04e-11	1.74e-11	2.05e-07	4.17e-07	2.32e-34
 5.83697e+15	4.61e-11	7.12e-07	4.04e-04	1.70e-02	9.82e-01	8.58e-05	0.00e+00	4.00e-12	1.20e-11	2.00e-11	2.35e-07	4.77e-07	3.86e-34
 5.99220e+15	5.32e-11	8.22e-07	4.50e-04	1.81e-02	9.81e-01	8.04e-05	0.00e+00	4.62e-12	1.39e-11	2.31e-11	2.71e-07	5.51e-07	6.65e-34
 6.19400e+15	6.38e-11	9.87e-07	5.16e-04	1.96e-02	9.80e-01	7.41e-05	0.00e+00	5.55e-12	1.67e-11	2.78e-11	3.25e-07	6.61e-07	1.32e-33
 6.39690e+15	7.55e-11	1.17e-06	5.87e-04	2.12e-02	9.78e-01	6.84e-05	0.00e+00	6.57e-12	1.97e-11	3.29e-11	3.87e-07	7.87e-07	2.49e-33
 6.55785e+15	8.61e-11	1.34e-06	6.49e-04	2.25e-02	9.77e-01	6.44e-05	0.00e+00	7.51e-12	2.25e-11	3.76e-11	4.43e-07	8.99e-07	4.06e-33
 6.72370e+15	9.92e-11	1.54e-06	7.20e-04	2.38e-02	9.75e-01	6.05e-05	0.00e+00	8.66e-12	2.60e-11	4.34e-11	5.09e-07	1.03e-06	6.76e-33
 6.93930e+15	1.19e-10	1.84e-06	8.20e-04	2.57e-02	9.73e-01	5.59e-05	0.00e+00	1.04e-11	3.13e-11	5.22e-11	6.07e-07	1.23e-06	1.28e-32
 7.16738e+15	1.42e-10	2.20e-06	9.36e-04	2.78e-02	9.71e-01	5.17e-05	0.00e+00	1.24e-11	3.73e-11	6.22e-11	7.26e-07	1.47e-06	2.36e-32
 7.36505e+15	1.66e-10	2.55e-06	1.05e-03	2.96e-02	9.69e-01	4.84e-05	0.00e+00	1.45e-11	4.36e-11	7.28e-11	8.43e-07	1.71e-06	3.99e-32
 7.57541e+15	1.96e-10	2.99e-06	1.18e-03	3.17e-02	9.67e-01	4.51e-05	0.00e+00	1.71e-11	5.15e-11	8.59e-11	9.89e-07	2.00e-06	7.01e-32
 7.84821e+15	2.44e-10	3.66e-06	1.37e-03	3.45e-02	9.64e-01	4.13e-05	0.00e+00	2.14e-11	6.42e-11	1.07e-10	1.21e-06	2.45e-06	1.42e-31
 8.12231e+15	2.96e-10	4.42e-06	1.57e-03	3.75e-02	9.61e-01	3.80e-05	0.00e+00	2.61e-11	7.82e-11	1.30e-10	1.46e-06	2.96e-06	2.69e-31
 8.34478e+15	3.48e-10	5.13e-06	1.76e-03	4.00e-02	9.58e-01	3.55e-05	0.00e+00	3.06e-11	9.18e-11	1.53e-10	1.70e-06	3.43e-06	4.44e-31
 8.58001e+15	4.14e-10	6.03e-06	1.98e-03	4.28e-02	9.55e-01	3.32e-05	0.00e+00	3.65e-11	1.09e-10	1.83e-10	1.99e-06	4.03e-06	7.66e-31
 8.88582e+15	5.14e-10	7.38e-06	2.30e-03	4.66e-02	9.51e-01	3.04e-05	0.00e+00	4.54e-11	1.36e-10	2.27e-10	2.44e-06	4.94e-06	1.51e-30
 9.19670e+15	6.36e-10	8.95e-06	2.66e-03	5.07e-02	9.47e-01	2.80e-05	0.00e+00	5.62e-11	1.69e-10	2.81e-10	2.96e-06	5.99e-06	2.80e-30
 9.42885e+15	7.34e-10	1.03e-05	2.96e-03	5.39e-02	9.43e-01	2.64e-05	0.00e+00	6.50e-11	1.95e-10	3.25e-10	3.40e-06	6.86e-06	4.32e-30
 9.64533e+15	8.55e-10	1.17e-05	3.27e-03	5.70e-02	9.40e-01	2.49e-05	0.00e+00	7.57e-11	2.27e-10	3.79e-10	3.89e-06	7.85e-06	6.66e-30
 9.88969e+15	1.00e-09	1.36e-05	3.64e-03	6.06e-02	9.36e-01	2.35e-05	0.00e+00	8.87e-11	2.66e-10	4.44e-10	4.50e-06	9.07e-06	1.05e-29
 1.01272e+16	1.17e-09	1.56e-05	4.05e-03	6.44e-02	9.32e-01	2.21e-05	0.00e+00	1.03e-10	3.10e-10	5.18e-10	5.16e-06	1.04e-05	1.61e-29
 1.03927e+16	1.39e-09	1.82e-05	4.55e-03	6.88e-02	9.27e-01	2.08e-05	0.00e+00	1.23e-10	3.70e-10	6.17e-10	6.04e-06	1.22e-05	2.63e-29
 1.06717e+16	1.65e-09	2.12e-05	5.12e-03	7.36e-02	9.21e-01	1.95e-05	0.00e+00	1.46e-10	4.39e-10	7.33e-10	7.04e-06	1.42e-05	4.19e-29
 1.09229e+16	1.93e-09	2.44e-05	5.69e-03	7.81e-02	9.16e-01	1.84e-05	0.00e+00	1.72e-10	5.15e-10	8.59e-10	8.08e-06	1.63e-05	6.32e-29
 1.12039e+16	2.30e-09	2.85e-05	6.41e-03	8.35e-02	9.10e-01	1.73e-05	0.00e+00	2.05e-10	6.14e-10	1.02e-09	9.47e-06	1.91e-05	1.02e-28
 1.15049e+16	2.77e-09	3.35e-05	7.26e-03	8.95e-02	9.03e-01	1.62e-05	0.00e+00	2.47e-10	7.41e-10	1.24e-09	1.11e-05	2.24e-05	1.63e-28
 1.17828e+16	3.25e-09	3.87e-05	8.12e-03	9.52e-02	8.97e-01	1.53e-05	0.00e+00	2.91e-10	8.72e-10	1.45e-09	1.29e-05	2.59e-05	2.48e-28
 1.20952e+16	3.99e-09	4.60e-05	9.26e-03	1.02e-01	8.88e-01	1.43e-05	0.00e+00	3.57e-10	1.07e-09	1.78e-09	1.53e-05	3.07e-05	4.14e-28
 1.24256e+16	4.81e-09	5.43e-05	1.06e-02	1.10e-01	8.79e-01	1.34e-05	0.00e+00	4.31e-10	1.29e-09	2.15e-09	1.80e-05	3.63e-05	6.58e-28
 1.27131e+16	5.67e-09	6.28e-05	1.18e-02	1.17e-01	8.71e-01	1.27e-05	0.00e+00	5.08e-10	1.52e-09	2.54e-09	2.09e-05	4.19e-05	9.84e-28
 1.29804e+16	6.79e-09	7.22e-05	1.32e-02	1.24e-01	8.63e-01	1.21e-05	0.00e+00	6.08e-10	1.83e-09	3.04e-09	2.40e-05	4.82e-05	1.45e-27
 1.32877e+16	8.18e-09	8.51e-05	1.50e-02	1.33e-01	8.52e-01	1.14e-05	0.00e+00	7.35e-10	2.20e-09	3.67e-09	2.83e-05	5.69e-05	2.33e-27
 1.36200e+16	9.99e-09	1.01e-04	1.71e-02	1.43e-01	8.40e-01	1.07e-05	0.00e+00	8.98e-10	2.69e-09	4.49e-09	3.35e-05	6.73e-05	3.68e-27
 1.39176e+16	1.20e-08	1.17e-04	1.93e-02	1.52e-01	8.28e-01	1.02e-05	0.00e+00	1.08e-09	3.23e-09	5.39e-09	3.89e-05	7.82e-05	5.50e-27
 1.41851e+16	1.41e-08	1.34e-04	2.15e-02	1.61e-01	8.17e-01	9.74e-06	0.00e+00	1.27e-09	3.82e-09	6.36e-09	4.46e-05	8.97e-05	7.95e-27
 1.44804e+16	1.69e-08	1.57e-04	2.44e-02	1.72e-01	8.04e-01	9.24e-06	0.00e+00	1.52e-09	4.57e-09	7.62e-09	5.23e-05	1.05e-04	1.23e-26
