#depth	He	He+	He+2
 1.49634e+10	9.92e-23	6.01e-12	1.00e+00
 4.54887e+10	1.12e-22	6.51e-12	1.00e+00
 7.72350e+10	1.26e-22	7.04e-12	1.00e+00
 1.10251e+11	1.41e-22	7.62e-12	1.00e+00
 1.41221e+11	1.57e-22	8.18e-12	1.00e+00
 1.68793e+11	1.72e-22	8.71e-12	1.00e+00
 1.99692e+11	1.90e-22	9.31e-12	1.00e+00
 2.36463e+11	2.14e-22	1.01e-11	1.00e+00
 2.72614e+11	2.40e-22	1.08e-11	1.00e+00
 3.05269e+11	2.65e-22	1.15e-11	1.00e+00
 3.41633e+11	2.95e-22	1.24e-11	1.00e+00
 3.84394e+11	3.34e-22	1.34e-11	1.00e+00
 4.26781e+11	3.77e-22	1.44e-11	1.00e+00
 4.66181e+11	4.20e-22	1.54e-11	1.00e+00
 5.10074e+11	4.72e-22	1.66e-11	1.00e+00
 5.60403e+11	5.39e-22	1.80e-11	1.00e+00
 6.09646e+11	6.12e-22	1.94e-11	1.00e+00
 6.55803e+11	6.85e-22	2.08e-11	1.00e+00
 7.06905e+11	7.74e-22	2.24e-11	1.00e+00
 7.65108e+11	8.89e-22	2.43e-11	1.00e+00
 8.22466e+11	1.01e-21	2.63e-11	1.00e+00
 8.82119e+11	1.16e-21	2.84e-11	1.00e+00
 9.47331e+11	1.33e-21	3.09e-11	1.00e+00
 1.01305e+12	1.53e-21	3.35e-11	1.00e+00
 1.08141e+12	1.75e-21	3.63e-11	1.00e+00
 1.15459e+12	2.03e-21	3.95e-11	1.00e+00
 1.22232e+12	2.31e-21	4.26e-11	1.00e+00
 1.28159e+12	2.58e-21	4.54e-11	1.00e+00
 1.34791e+12	2.90e-21	4.86e-11	1.00e+00
 1.42807e+12	3.34e-21	5.28e-11	1.00e+00
 1.51041e+12	3.85e-21	5.72e-11	1.00e+00
 1.58818e+12	4.38e-21	6.17e-11	1.00e+00
 1.66030e+12	4.92e-21	6.59e-11	1.00e+00
 1.73854e+12	5.54e-21	7.08e-11	1.00e+00
 1.82501e+12	6.34e-21	7.64e-11	1.00e+00
 1.90503e+12	7.14e-21	8.17e-11	1.00e+00
 1.99189e+12	8.08e-21	8.78e-11	1.00e+00
 2.08833e+12	9.31e-21	9.49e-11	1.00e+00
 2.17823e+12	1.06e-20	1.02e-10	1.00e+00
 2.27614e+12	1.20e-20	1.10e-10	1.00e+00
 2.38490e+12	1.39e-20	1.19e-10	1.00e+00
 2.48657e+12	1.58e-20	1.28e-10	1.00e+00
 2.59757e+12	1.81e-20	1.38e-10	1.00e+00
 2.72153e+12	2.10e-20	1.50e-10	1.00e+00
 2.83855e+12	2.40e-20	1.62e-10	1.00e+00
 2.94898e+12	2.71e-20	1.74e-10	1.00e+00
 3.07459e+12	3.10e-20	1.88e-10	1.00e+00
 3.21580e+12	3.60e-20	2.04e-10	1.00e+00
 3.35520e+12	4.14e-20	2.21e-10	1.00e+00
 3.49083e+12	4.71e-20	2.39e-10	1.00e+00
 3.64337e+12	5.42e-20	2.59e-10	1.00e+00
 3.81184e+12	6.32e-20	2.83e-10	1.00e+00
 3.96797e+12	7.23e-20	3.06e-10	1.00e+00
 4.11084e+12	8.14e-20	3.28e-10	1.00e+00
 4.24421e+12	9.07e-20	3.50e-10	1.00e+00
 4.39204e+12	1.02e-19	3.75e-10	1.00e+00
 4.55834e+12	1.15e-19	4.04e-10	1.00e+00
 4.71711e+12	1.30e-19	4.33e-10	1.00e+00
 4.89195e+12	1.46e-19	4.67e-10	1.00e+00
 5.08686e+12	1.67e-19	5.06e-10	1.00e+00
 5.27092e+12	1.89e-19	5.44e-10	1.00e+00
 5.47325e+12	2.14e-19	5.89e-10	1.00e+00
 5.70091e+12	2.47e-19	6.41e-10	1.00e+00
 5.91918e+12	2.80e-19	6.94e-10	1.00e+00
 6.15961e+12	3.20e-19	7.55e-10	1.00e+00
 6.42940e+12	3.71e-19	8.27e-10	1.00e+00
 6.68870e+12	4.24e-19	9.01e-10	1.00e+00
 6.96488e+12	4.85e-19	9.83e-10	1.00e+00
 7.27340e+12	5.62e-19	1.08e-09	1.00e+00
 7.58326e+12	6.47e-19	1.18e-09	1.00e+00
 7.86882e+12	7.32e-19	1.28e-09	1.00e+00
 8.17471e+12	8.29e-19	1.39e-09	1.00e+00
 8.51664e+12	9.52e-19	1.53e-09	1.00e+00
 8.83983e+12	1.08e-18	1.66e-09	1.00e+00
 9.18883e+12	1.22e-18	1.81e-09	1.00e+00
 9.57420e+12	1.40e-18	1.98e-09	1.00e+00
 9.89960e+12	1.56e-18	2.14e-09	1.00e+00
 1.01558e+13	1.70e-18	2.26e-09	1.00e+00
 1.04350e+13	1.85e-18	2.41e-09	1.00e+00
 1.07979e+13	2.07e-18	2.60e-09	1.00e+00
 1.11868e+13	2.32e-18	2.82e-09	1.00e+00
 1.15316e+13	2.57e-18	3.02e-09	1.00e+00
 1.19019e+13	2.84e-18	3.25e-09	1.00e+00
 1.23685e+13	3.21e-18	3.55e-09	1.00e+00
 1.28400e+13	3.63e-18	3.87e-09	1.00e+00
 1.32405e+13	4.00e-18	4.16e-09	1.00e+00
 1.36687e+13	4.43e-18	4.47e-09	1.00e+00
 1.42040e+13	5.01e-18	4.89e-09	1.00e+00
 1.47586e+13	5.67e-18	5.35e-09	1.00e+00
 1.52581e+13	6.31e-18	5.77e-09	1.00e+00
 1.58055e+13	7.07e-18	6.26e-09	1.00e+00
 1.64521e+13	8.06e-18	6.87e-09	1.00e+00
 1.70550e+13	9.08e-18	7.47e-09	1.00e+00
 1.75603e+13	1.00e-17	7.98e-09	1.00e+00
 1.81116e+13	1.11e-17	8.57e-09	1.00e+00
 1.88067e+13	1.26e-17	9.34e-09	1.00e+00
 1.95356e+13	1.44e-17	1.02e-08	1.00e+00
 2.01939e+13	1.62e-17	1.10e-08	1.00e+00
 2.08105e+13	1.80e-17	1.18e-08	1.00e+00
 2.15090e+13	2.03e-17	1.27e-08	1.00e+00
 2.22619e+13	2.29e-17	1.37e-08	1.00e+00
 2.29304e+13	2.56e-17	1.46e-08	1.00e+00
 2.36442e+13	2.86e-17	1.56e-08	1.00e+00
 2.45436e+13	3.29e-17	1.70e-08	1.00e+00
 2.54675e+13	3.78e-17	1.84e-08	1.00e+00
 2.62759e+13	4.26e-17	1.97e-08	1.00e+00
 2.71508e+13	4.82e-17	2.12e-08	1.00e+00
 2.82131e+13	5.59e-17	2.30e-08	1.00e+00
 2.92987e+13	6.46e-17	2.50e-08	1.00e+00
 3.03038e+13	7.37e-17	2.68e-08	1.00e+00
 3.12757e+13	8.33e-17	2.87e-08	1.00e+00
 3.23898e+13	9.55e-17	3.09e-08	1.00e+00
 3.36327e+13	1.11e-16	3.35e-08	1.00e+00
 3.48025e+13	1.27e-16	3.60e-08	1.00e+00
 3.60812e+13	1.46e-16	3.89e-08	1.00e+00
 3.75088e+13	1.70e-16	4.22e-08	1.00e+00
 3.87659e+13	1.94e-16	4.52e-08	1.00e+00
 3.97780e+13	2.15e-16	4.77e-08	1.00e+00
 4.08370e+13	2.38e-16	5.04e-08	1.00e+00
 4.22137e+13	2.72e-16	5.41e-08	1.00e+00
 4.36626e+13	3.11e-16	5.80e-08	1.00e+00
 4.49099e+13	3.48e-16	6.15e-08	1.00e+00
 4.62358e+13	3.91e-16	6.54e-08	1.00e+00
 4.79399e+13	4.52e-16	7.05e-08	1.00e+00
 4.96950e+13	5.22e-16	7.61e-08	1.00e+00
 5.11864e+13	5.87e-16	8.09e-08	1.00e+00
 5.27753e+13	6.63e-16	8.62e-08	1.00e+00
 5.47618e+13	7.69e-16	9.31e-08	1.00e+00
 5.67882e+13	8.91e-16	1.00e-07	1.00e+00
 5.85546e+13	1.01e-15	1.07e-07	1.00e+00
 6.04598e+13	1.14e-15	1.14e-07	1.00e+00
 6.27823e+13	1.33e-15	1.24e-07	1.00e+00
 6.51032e+13	1.54e-15	1.33e-07	1.00e+00
 6.71569e+13	1.75e-15	1.42e-07	1.00e+00
 6.94075e+13	2.00e-15	1.52e-07	1.00e+00
 7.21081e+13	2.33e-15	1.65e-07	1.00e+00
 7.47948e+13	2.70e-15	1.78e-07	1.00e+00
 7.72323e+13	3.07e-15	1.90e-07	1.00e+00
 7.99447e+13	3.53e-15	2.04e-07	1.00e+00
 8.31224e+13	4.13e-15	2.22e-07	1.00e+00
 8.62585e+13	4.80e-15	2.39e-07	1.00e+00
 8.92121e+13	5.49e-15	2.56e-07	1.00e+00
 9.25025e+13	6.35e-15	2.76e-07	1.00e+00
 9.61257e+13	7.42e-15	2.99e-07	1.00e+00
 9.93999e+13	8.48e-15	3.21e-07	1.00e+00
 1.02340e+14	9.53e-15	3.40e-07	1.00e+00
 1.05182e+14	1.06e-14	3.60e-07	1.00e+00
 1.08360e+14	1.20e-14	3.82e-07	1.00e+00
 1.11863e+14	1.36e-14	4.08e-07	1.00e+00
 1.15096e+14	1.52e-14	4.33e-07	1.00e+00
 1.18607e+14	1.72e-14	4.60e-07	1.00e+00
 1.22557e+14	1.95e-14	4.91e-07	1.00e+00
 1.26322e+14	2.20e-14	5.22e-07	1.00e+00
 1.30461e+14	2.50e-14	5.57e-07	1.00e+00
 1.35082e+14	2.87e-14	5.98e-07	1.00e+00
 1.39450e+14	3.25e-14	6.38e-07	1.00e+00
 1.44249e+14	3.71e-14	6.82e-07	1.00e+00
 1.49585e+14	4.27e-14	7.34e-07	1.00e+00
 1.54563e+14	4.86e-14	7.83e-07	1.00e+00
 1.59976e+14	5.55e-14	8.39e-07	1.00e+00
 1.66022e+14	6.41e-14	9.03e-07	1.00e+00
 1.71705e+14	7.30e-14	9.66e-07	1.00e+00
 1.77904e+14	8.37e-14	1.04e-06	1.00e+00
 1.84833e+14	9.70e-14	1.12e-06	1.00e+00
 1.91364e+14	1.11e-13	1.20e-06	1.00e+00
 1.98375e+14	1.27e-13	1.29e-06	1.00e+00
 2.06340e+14	1.48e-13	1.39e-06	1.00e+00
 2.14142e+14	1.70e-13	1.50e-06	1.00e+00
 2.22255e+14	1.96e-13	1.61e-06	1.00e+00
 2.31175e+14	2.28e-13	1.75e-06	1.00e+00
 2.39369e+14	2.60e-13	1.87e-06	1.00e+00
 2.45841e+14	2.88e-13	1.98e-06	1.00e+00
 2.52339e+14	3.18e-13	2.08e-06	1.00e+00
 2.60787e+14	3.60e-13	2.22e-06	1.00e+00
 2.69694e+14	4.09e-13	2.38e-06	1.00e+00
 2.77371e+14	4.55e-13	2.52e-06	1.00e+00
 2.85521e+14	5.07e-13	2.67e-06	1.00e+00
 2.95945e+14	5.80e-13	2.87e-06	1.00e+00
 3.06686e+14	6.64e-13	3.09e-06	1.00e+00
 3.15898e+14	7.42e-13	3.28e-06	1.00e+00
 3.25761e+14	8.33e-13	3.49e-06	1.00e+00
 3.37977e+14	9.56e-13	3.77e-06	1.00e+00
 3.50325e+14	1.09e-12	4.06e-06	1.00e+00
 3.61090e+14	1.22e-12	4.31e-06	1.00e+00
 3.72726e+14	1.38e-12	4.61e-06	1.00e+00
 3.86904e+14	1.59e-12	4.98e-06	1.00e+00
 4.01083e+14	1.81e-12	5.36e-06	1.00e+00
 4.13625e+14	2.03e-12	5.71e-06	1.00e+00
 4.27343e+14	2.30e-12	6.11e-06	1.00e+00
 4.43814e+14	2.65e-12	6.62e-06	1.00e+00
 4.60189e+14	3.03e-12	7.13e-06	1.00e+00
 4.74975e+14	3.40e-12	7.62e-06	1.00e+00
 4.91368e+14	3.86e-12	8.18e-06	1.00e+00
 5.10662e+14	4.46e-12	8.87e-06	1.00e+00
 5.29647e+14	5.10e-12	9.57e-06	1.00e+00
 5.47228e+14	5.76e-12	1.03e-05	1.00e+00
 5.64077e+14	6.44e-12	1.09e-05	1.00e+00
 5.82998e+14	7.28e-12	1.17e-05	1.00e+00
 6.04049e+14	8.30e-12	1.26e-05	1.00e+00
 6.21959e+14	9.24e-12	1.34e-05	1.00e+00
 6.36467e+14	1.01e-11	1.41e-05	1.00e+00
 6.52464e+14	1.10e-11	1.48e-05	1.00e+00
 6.73259e+14	1.24e-11	1.58e-05	1.00e+00
 6.95392e+14	1.40e-11	1.70e-05	1.00e+00
 7.14774e+14	1.55e-11	1.80e-05	1.00e+00
 7.35485e+14	1.72e-11	1.91e-05	1.00e+00
 7.62150e+14	1.97e-11	2.06e-05	1.00e+00
 7.89438e+14	2.24e-11	2.21e-05	1.00e+00
 8.12316e+14	2.49e-11	2.35e-05	1.00e+00
 8.36578e+14	2.78e-11	2.50e-05	1.00e+00
 8.67312e+14	3.18e-11	2.70e-05	1.00e+00
 8.99512e+14	3.65e-11	2.91e-05	1.00e+00
 9.28087e+14	4.09e-11	3.11e-05	1.00e+00
 9.58899e+14	4.63e-11	3.33e-05	1.00e+00
 9.95856e+14	5.35e-11	3.61e-05	1.00e+00
 1.03245e+15	6.13e-11	3.89e-05	1.00e+00
 1.06529e+15	6.90e-11	4.15e-05	1.00e+00
 1.10161e+15	7.85e-11	4.46e-05	1.00e+00
 1.14460e+15	9.10e-11	4.84e-05	1.00e+00
 1.18729e+15	1.05e-10	5.23e-05	1.00e+00
 1.22696e+15	1.19e-10	5.61e-05	1.00e+00
 1.27135e+15	1.37e-10	6.05e-05	1.00e+00
 1.31396e+15	1.56e-10	6.49e-05	1.00e+00
 1.34526e+15	1.71e-10	6.83e-05	1.00e+00
 1.37661e+15	1.87e-10	7.17e-05	1.00e+00
 1.41738e+15	2.11e-10	7.64e-05	1.00e+00
 1.46163e+15	2.39e-10	8.17e-05	1.00e+00
 1.50149e+15	2.66e-10	8.66e-05	1.00e+00
 1.54435e+15	2.99e-10	9.21e-05	1.00e+00
 1.59996e+15	3.46e-10	9.95e-05	1.00e+00
 1.65621e+15	3.99e-10	1.07e-04	1.00e+00
 1.70160e+15	4.46e-10	1.14e-04	1.00e+00
 1.74879e+15	5.01e-10	1.21e-04	1.00e+00
 1.81015e+15	5.79e-10	1.31e-04	1.00e+00
 1.87551e+15	6.74e-10	1.42e-04	1.00e+00
 1.93309e+15	7.67e-10	1.51e-04	1.00e+00
 1.99494e+15	8.79e-10	1.63e-04	1.00e+00
 2.07051e+15	1.03e-09	1.77e-04	1.00e+00
 2.14671e+15	1.21e-09	1.92e-04	1.00e+00
 2.21457e+15	1.39e-09	2.06e-04	1.00e+00
 2.28881e+15	1.60e-09	2.22e-04	1.00e+00
 2.37740e+15	1.90e-09	2.42e-04	1.00e+00
 2.46523e+15	2.23e-09	2.63e-04	1.00e+00
 2.54515e+15	2.56e-09	2.82e-04	1.00e+00
 2.63422e+15	3.00e-09	3.06e-04	1.00e+00
 2.72094e+15	3.46e-09	3.29e-04	1.00e+00
 2.78520e+15	3.84e-09	3.47e-04	1.00e+00
 2.84931e+15	4.25e-09	3.65e-04	1.00e+00
 2.93266e+15	4.85e-09	3.90e-04	1.00e+00
 3.02201e+15	5.54e-09	4.18e-04	1.00e+00
 3.10097e+15	6.23e-09	4.43e-04	1.00e+00
 3.18540e+15	7.02e-09	4.71e-04	1.00e+00
 3.29516e+15	8.18e-09	5.09e-04	9.99e-01
 3.40623e+15	9.48e-09	5.49e-04	9.99e-01
 3.49581e+15	1.06e-08	5.82e-04	9.99e-01
 3.58906e+15	1.20e-08	6.18e-04	9.99e-01
 3.71028e+15	1.39e-08	6.66e-04	9.99e-01
 3.83862e+15	1.62e-08	7.19e-04	9.99e-01
 3.95075e+15	1.84e-08	7.67e-04	9.99e-01
 4.07107e+15	2.10e-08	8.20e-04	9.99e-01
 4.22187e+15	2.46e-08	8.90e-04	9.99e-01
 4.37692e+15	2.88e-08	9.64e-04	9.99e-01
 4.51397e+15	3.30e-08	1.03e-03	9.99e-01
 4.66299e+15	3.80e-08	1.11e-03	9.99e-01
 4.84219e+15	4.48e-08	1.21e-03	9.99e-01
 5.02031e+15	5.22e-08	1.31e-03	9.99e-01
 5.15794e+15	5.85e-08	1.39e-03	9.99e-01
 5.26258e+15	6.37e-08	1.45e-03	9.99e-01
 5.37797e+15	6.99e-08	1.52e-03	9.98e-01
 5.52799e+15	7.88e-08	1.61e-03	9.98e-01
 5.69113e+15	8.92e-08	1.72e-03	9.98e-01
 5.83697e+15	9.93e-08	1.81e-03	9.98e-01
 5.99220e+15	1.11e-07	1.92e-03	9.98e-01
 6.19400e+15	1.28e-07	2.06e-03	9.98e-01
 6.39690e+15	1.47e-07	2.21e-03	9.98e-01
 6.55785e+15	1.63e-07	2.33e-03	9.98e-01
 6.72370e+15	1.81e-07	2.46e-03	9.98e-01
 6.93930e+15	2.07e-07	2.64e-03	9.97e-01
 7.16738e+15	2.37e-07	2.83e-03	9.97e-01
 7.36505e+15	2.65e-07	2.99e-03	9.97e-01
 7.57541e+15	2.98e-07	3.18e-03	9.97e-01
 7.84821e+15	3.46e-07	3.44e-03	9.97e-01
 8.12231e+15	3.98e-07	3.69e-03	9.96e-01
 8.34478e+15	4.44e-07	3.91e-03	9.96e-01
 8.58001e+15	4.99e-07	4.16e-03	9.96e-01
 8.88582e+15	5.78e-07	4.49e-03	9.96e-01
 9.19670e+15	6.62e-07	4.83e-03	9.95e-01
 9.42885e+15	7.30e-07	5.09e-03	9.95e-01
 9.64533e+15	8.03e-07	5.36e-03	9.95e-01
 9.88969e+15	8.88e-07	5.66e-03	9.94e-01
 1.01272e+16	9.79e-07	5.98e-03	9.94e-01
 1.03927e+16	1.09e-06	6.34e-03	9.94e-01
 1.06717e+16	1.22e-06	6.74e-03	9.93e-01
 1.09229e+16	1.33e-06	7.11e-03	9.93e-01
 1.12039e+16	1.49e-06	7.56e-03	9.92e-01
 1.15049e+16	1.66e-06	8.06e-03	9.92e-01
 1.17828e+16	1.83e-06	8.54e-03	9.91e-01
 1.20952e+16	2.06e-06	9.15e-03	9.91e-01
 1.24256e+16	2.31e-06	9.80e-03	9.90e-01
 1.27131e+16	2.55e-06	1.04e-02	9.90e-01
 1.29804e+16	2.80e-06	1.10e-02	9.89e-01
 1.32877e+16	3.14e-06	1.18e-02	9.88e-01
 1.36200e+16	3.53e-06	1.27e-02	9.87e-01
 1.39176e+16	3.91e-06	1.36e-02	9.86e-01
 1.41851e+16	4.30e-06	1.45e-02	9.85e-01
 1.44804e+16	4.82e-06	1.56e-02	9.84e-01
 1.47906e+16	5.40e-06	1.69e-02	9.83e-01
 1.50512e+16	5.95e-06	1.80e-02	9.82e-01
 1.53211e+16	6.64e-06	1.94e-02	9.81e-01
 1.56142e+16	7.51e-06	2.11e-02	9.79e-01
 1.58657e+16	8.31e-06	2.27e-02	9.77e-01
 1.60833e+16	9.15e-06	2.43e-02	9.76e-01
 1.63284e+16	1.02e-05	2.63e-02	9.74e-01
 1.65935e+16	1.17e-05	2.88e-02	9.71e-01
 1.68224e+16	1.30e-05	3.12e-02	9.69e-01
 1.70222e+16	1.44e-05	3.36e-02	9.66e-01
 1.72463e+16	1.62e-05	3.68e-02	9.63e-01
 1.74896e+16	1.86e-05	4.08e-02	9.59e-01
 1.77002e+16	2.15e-05	4.49e-02	9.55e-01
 1.78707e+16	2.38e-05	4.87e-02	9.51e-01
 1.80467e+16	2.70e-05	5.33e-02	9.47e-01
 1.82417e+16	3.07e-05	5.92e-02	9.41e-01
 1.84230e+16	3.57e-05	6.57e-02	9.34e-01
 1.85791e+16	4.07e-05	7.22e-02	9.28e-01
 1.87148e+16	4.51e-05	7.89e-02	9.21e-01
 1.88651e+16	5.16e-05	8.75e-02	9.12e-01
 1.90276e+16	6.02e-05	9.83e-02	9.02e-01
 1.91676e+16	6.96e-05	1.10e-01	8.90e-01
 1.92836e+16	8.03e-05	1.21e-01	8.79e-01
 1.93787e+16	8.81e-05	1.31e-01	8.69e-01
 1.94739e+16	9.97e-05	1.42e-01	8.57e-01
 1.95643e+16	1.10e-04	1.55e-01	8.45e-01
 1.96483e+16	1.23e-04	1.68e-01	8.32e-01
 1.97362e+16	1.38e-04	1.83e-01	8.17e-01
 1.98089e+16	1.53e-04	1.97e-01	8.03e-01
 1.98644e+16	1.65e-04	2.08e-01	7.92e-01
 1.99178e+16	1.77e-04	2.20e-01	7.80e-01
 1.99873e+16	1.96e-04	2.37e-01	7.63e-01
 2.00634e+16	2.21e-04	2.58e-01	7.42e-01
 2.01257e+16	2.41e-04	2.76e-01	7.24e-01
 2.01840e+16	2.65e-04	2.94e-01	7.05e-01
 2.02439e+16	2.88e-04	3.14e-01	6.85e-01
 2.03058e+16	3.18e-04	3.37e-01	6.62e-01
 2.03737e+16	3.53e-04	3.63e-01	6.36e-01
 2.04353e+16	3.88e-04	3.89e-01	6.11e-01
 2.04910e+16	4.24e-04	4.12e-01	5.87e-01
 2.05427e+16	4.57e-04	4.35e-01	5.64e-01
 2.05993e+16	5.01e-04	4.62e-01	5.38e-01
 2.06618e+16	5.49e-04	4.92e-01	5.08e-01
 2.07321e+16	6.09e-04	5.26e-01	4.74e-01
 2.08064e+16	6.74e-04	5.62e-01	4.38e-01
 2.08726e+16	7.36e-04	5.94e-01	4.06e-01
 2.09451e+16	8.10e-04	6.29e-01	3.70e-01
 2.10266e+16	8.95e-04	6.66e-01	3.33e-01
 2.11057e+16	9.79e-04	7.00e-01	2.99e-01
 2.11694e+16	1.05e-03	7.25e-01	2.74e-01
 2.12169e+16	1.10e-03	7.43e-01	2.56e-01
 2.12682e+16	1.16e-03	7.62e-01	2.37e-01
 2.13350e+16	1.24e-03	7.85e-01	2.14e-01
 2.14069e+16	1.32e-03	8.07e-01	1.92e-01
 2.14710e+16	1.40e-03	8.24e-01	1.74e-01
 2.15401e+16	1.48e-03	8.42e-01	1.56e-01
 2.16174e+16	1.58e-03	8.60e-01	1.39e-01
 2.16872e+16	1.66e-03	8.73e-01	1.25e-01
 2.17481e+16	1.74e-03	8.84e-01	1.14e-01
 2.18153e+16	1.83e-03	8.95e-01	1.03e-01
 2.18890e+16	1.94e-03	9.06e-01	9.22e-02
 2.19556e+16	2.03e-03	9.14e-01	8.38e-02
 2.20161e+16	2.13e-03	9.21e-01	7.67e-02
 2.20841e+16	2.23e-03	9.28e-01	6.95e-02
 2.21574e+16	2.36e-03	9.35e-01	6.28e-02
 2.22214e+16	2.47e-03	9.40e-01	5.77e-02
 2.22777e+16	2.58e-03	9.44e-01	5.34e-02
 2.23406e+16	2.71e-03	9.48e-01	4.89e-02
 2.24108e+16	2.87e-03	9.53e-01	4.46e-02
 2.24735e+16	3.01e-03	9.56e-01	4.13e-02
 2.25262e+16	3.15e-03	9.58e-01	3.86e-02
 2.25825e+16	3.31e-03	9.61e-01	3.59e-02
 2.26556e+16	3.52e-03	9.64e-01	3.26e-02
 2.27272e+16	3.77e-03	9.66e-01	3.00e-02
 2.27782e+16	3.96e-03	9.68e-01	2.83e-02
 2.28189e+16	4.12e-03	9.69e-01	2.70e-02
 2.28647e+16	4.31e-03	9.70e-01	2.55e-02
 2.29241e+16	4.58e-03	9.72e-01	2.38e-02
 2.29855e+16	4.90e-03	9.73e-01	2.22e-02
 2.30342e+16	5.20e-03	9.74e-01	2.10e-02
 2.30751e+16	5.45e-03	9.74e-01	2.01e-02
 2.31209e+16	5.77e-03	9.75e-01	1.90e-02
 2.31805e+16	6.23e-03	9.76e-01	1.78e-02
 2.32406e+16	6.78e-03	9.77e-01	1.67e-02
 2.32865e+16	7.25e-03	9.77e-01	1.59e-02
 2.33248e+16	7.70e-03	9.77e-01	1.53e-02
 2.33682e+16	8.25e-03	9.77e-01	1.45e-02
 2.34247e+16	9.06e-03	9.77e-01	1.37e-02
 2.34829e+16	1.01e-02	9.77e-01	1.29e-02
 2.35279e+16	1.11e-02	9.77e-01	1.23e-02
 2.35633e+16	1.20e-02	9.76e-01	1.19e-02
 2.36016e+16	1.30e-02	9.76e-01	1.14e-02
 2.36438e+16	1.44e-02	9.75e-01	1.09e-02
 2.36804e+16	1.59e-02	9.74e-01	1.05e-02
 2.37096e+16	1.73e-02	9.73e-01	1.02e-02
 2.37399e+16	1.89e-02	9.71e-01	9.91e-03
 2.37736e+16	2.09e-02	9.69e-01	9.59e-03
 2.38035e+16	2.32e-02	9.67e-01	9.32e-03
 2.38280e+16	2.54e-02	9.65e-01	9.12e-03
 2.38534e+16	2.80e-02	9.63e-01	8.90e-03
 2.38812e+16	3.14e-02	9.60e-01	8.69e-03
 2.39056e+16	3.51e-02	9.56e-01	8.52e-03
 2.39257e+16	3.86e-02	9.53e-01	8.39e-03
 2.39469e+16	4.29e-02	9.49e-01	8.25e-03
 2.39702e+16	4.85e-02	9.43e-01	8.14e-03
 2.39906e+16	5.46e-02	9.37e-01	8.04e-03
 2.40073e+16	6.03e-02	9.32e-01	8.01e-03
 2.40248e+16	6.72e-02	9.25e-01	7.94e-03
 2.40435e+16	7.58e-02	9.16e-01	7.93e-03
 2.40597e+16	8.50e-02	9.07e-01	7.92e-03
 2.40733e+16	9.35e-02	8.99e-01	7.95e-03
 2.40861e+16	1.03e-01	8.89e-01	7.98e-03
 2.40996e+16	1.14e-01	8.78e-01	8.02e-03
 2.41131e+16	1.26e-01	8.66e-01	8.09e-03
 2.41249e+16	1.39e-01	8.53e-01	8.17e-03
 2.41348e+16	1.51e-01	8.41e-01	8.24e-03
 2.41438e+16	1.62e-01	8.29e-01	8.32e-03
 2.41526e+16	1.75e-01	8.17e-01	8.40e-03
 2.41597e+16	1.85e-01	8.06e-01	8.47e-03
 2.41644e+16	1.93e-01	7.99e-01	8.51e-03
 2.41686e+16	2.00e-01	7.92e-01	8.55e-03
 2.41735e+16	2.08e-01	7.83e-01	8.60e-03
 2.41791e+16	2.19e-01	7.73e-01	8.65e-03
 2.41845e+16	2.29e-01	7.62e-01	8.70e-03
 2.41894e+16	2.39e-01	7.52e-01	8.77e-03
 2.41942e+16	2.49e-01	7.42e-01	8.80e-03
 2.41991e+16	2.60e-01	7.31e-01	8.86e-03
 2.42041e+16	2.71e-01	7.20e-01	8.90e-03
 2.42090e+16	2.83e-01	7.08e-01	8.96e-03
 2.42139e+16	2.95e-01	6.96e-01	8.99e-03
 2.42187e+16	3.07e-01	6.84e-01	9.05e-03
 2.42235e+16	3.20e-01	6.71e-01	9.07e-03
 2.42283e+16	3.33e-01	6.58e-01	9.13e-03
 2.42331e+16	3.47e-01	6.44e-01	9.15e-03
 2.42380e+16	3.61e-01	6.30e-01	9.17e-03
 2.42427e+16	3.75e-01	6.16e-01	9.19e-03
 2.42474e+16	3.90e-01	6.01e-01	9.21e-03
 2.42522e+16	4.05e-01	5.86e-01	9.20e-03
 2.42570e+16	4.21e-01	5.70e-01	9.20e-03
 2.42617e+16	4.37e-01	5.54e-01	9.19e-03
 2.42665e+16	4.53e-01	5.38e-01	9.17e-03
 2.42714e+16	4.70e-01	5.21e-01	9.12e-03
 2.42763e+16	4.87e-01	5.04e-01	9.08e-03
 2.42811e+16	5.04e-01	4.87e-01	9.02e-03
 2.42860e+16	5.21e-01	4.70e-01	8.95e-03
 2.42908e+16	5.38e-01	4.53e-01	8.87e-03
 2.42957e+16	5.56e-01	4.36e-01	8.77e-03
 2.43006e+16	5.73e-01	4.18e-01	8.66e-03
 2.43054e+16	5.90e-01	4.01e-01	8.53e-03
 2.43104e+16	6.07e-01	3.84e-01	8.39e-03
 2.43154e+16	6.24e-01	3.68e-01	8.23e-03
 2.43204e+16	6.41e-01	3.51e-01	8.06e-03
 2.43256e+16	6.58e-01	3.35e-01	7.88e-03
 2.43309e+16	6.74e-01	3.18e-01	7.68e-03
 2.43364e+16	6.90e-01	3.02e-01	7.47e-03
 2.43420e+16	7.06e-01	2.87e-01	7.24e-03
 2.43480e+16	7.22e-01	2.71e-01	7.01e-03
 2.43542e+16	7.37e-01	2.56e-01	6.77e-03
 2.43607e+16	7.52e-01	2.42e-01	6.50e-03
 2.43678e+16	7.66e-01	2.27e-01	6.23e-03
 2.43757e+16	7.81e-01	2.14e-01	5.95e-03
 2.43843e+16	7.94e-01	2.00e-01	5.66e-03
 2.43940e+16	8.06e-01	1.88e-01	5.38e-03
 2.44049e+16	8.18e-01	1.77e-01	5.10e-03
 2.44166e+16	8.27e-01	1.68e-01	4.86e-03
 2.44282e+16	8.35e-01	1.61e-01	4.67e-03
 2.44396e+16	8.40e-01	1.55e-01	4.51e-03
 2.44511e+16	8.45e-01	1.51e-01	4.37e-03
 2.44624e+16	8.48e-01	1.47e-01	4.25e-03
 2.44755e+16	8.52e-01	1.44e-01	4.13e-03
 2.44925e+16	8.55e-01	1.41e-01	4.00e-03
 2.45146e+16	8.58e-01	1.38e-01	3.85e-03
 2.45433e+16	8.62e-01	1.35e-01	3.69e-03
 2.45806e+16	8.66e-01	1.31e-01	3.49e-03
 2.46291e+16	8.70e-01	1.27e-01	3.27e-03
 2.46922e+16	8.75e-01	1.22e-01	3.00e-03
 2.47642e+16	8.81e-01	1.17e-01	2.74e-03
 2.48207e+16	8.84e-01	1.13e-01	2.57e-03
 2.48571e+16	8.87e-01	1.11e-01	2.45e-03
 2.48901e+16	8.89e-01	1.09e-01	2.35e-03
 2.49256e+16	8.91e-01	1.07e-01	2.25e-03
 2.49629e+16	8.94e-01	1.04e-01	2.15e-03
 2.49993e+16	8.96e-01	1.02e-01	2.06e-03
 2.50339e+16	8.98e-01	1.00e-01	1.97e-03
 2.50673e+16	9.00e-01	9.84e-02	1.90e-03
 2.51003e+16	9.02e-01	9.65e-02	1.82e-03
 2.51330e+16	9.03e-01	9.48e-02	1.75e-03
 2.51653e+16	9.05e-01	9.30e-02	1.69e-03
 2.51971e+16	9.07e-01	9.14e-02	1.62e-03
 2.52283e+16	9.09e-01	8.98e-02	1.56e-03
 2.52591e+16	9.10e-01	8.83e-02	1.51e-03
 2.52895e+16	9.12e-01	8.68e-02	1.46e-03
 2.53194e+16	9.13e-01	8.54e-02	1.40e-03
 2.53490e+16	9.15e-01	8.40e-02	1.36e-03
 2.53783e+16	9.16e-01	8.27e-02	1.31e-03
 2.54073e+16	9.17e-01	8.14e-02	1.27e-03
 2.54360e+16	9.19e-01	8.01e-02	1.23e-03
 2.54647e+16	9.20e-01	7.89e-02	1.19e-03
 2.54932e+16	9.21e-01	7.77e-02	1.15e-03
 2.55217e+16	9.22e-01	7.65e-02	1.11e-03
 2.55502e+16	9.24e-01	7.53e-02	1.07e-03
 2.55788e+16	9.25e-01	7.42e-02	1.04e-03
 2.56076e+16	9.26e-01	7.30e-02	1.01e-03
 2.56368e+16	9.27e-01	7.19e-02	9.73e-04
 2.56664e+16	9.28e-01	7.08e-02	9.41e-04
 2.56968e+16	9.29e-01	6.96e-02	9.09e-04
 2.57284e+16	9.31e-01	6.85e-02	8.76e-04
 2.57618e+16	9.32e-01	6.73e-02	8.44e-04
 2.57968e+16	9.33e-01	6.60e-02	8.11e-04
 2.58340e+16	9.35e-01	6.47e-02	7.77e-04
 2.58743e+16	9.36e-01	6.33e-02	7.42e-04
 2.59190e+16	9.37e-01	6.18e-02	7.05e-04
 2.59704e+16	9.39e-01	6.01e-02	6.65e-04
 2.60263e+16	9.41e-01	5.84e-02	6.24e-04
 2.60800e+16	9.43e-01	5.68e-02	5.88e-04
 2.61303e+16	9.44e-01	5.53e-02	5.56e-04
 2.61778e+16	9.46e-01	5.40e-02	5.28e-04
 2.62209e+16	9.47e-01	5.28e-02	5.03e-04
 2.62602e+16	9.48e-01	5.17e-02	4.82e-04
 2.62960e+16	9.49e-01	5.08e-02	4.64e-04
 2.63285e+16	9.50e-01	4.99e-02	4.47e-04
 2.63581e+16	9.50e-01	4.91e-02	4.33e-04
 2.63905e+16	9.51e-01	4.83e-02	4.17e-04
 2.64255e+16	9.52e-01	4.74e-02	4.01e-04
 2.64574e+16	9.53e-01	4.66e-02	3.87e-04
 2.64864e+16	9.54e-01	4.59e-02	3.75e-04
 2.65128e+16	9.54e-01	4.52e-02	3.63e-04
 2.65417e+16	9.55e-01	4.45e-02	3.51e-04
 2.65729e+16	9.56e-01	4.38e-02	3.39e-04
 2.66013e+16	9.57e-01	4.31e-02	3.28e-04
 2.66272e+16	9.57e-01	4.25e-02	3.18e-04
 2.66507e+16	9.58e-01	4.19e-02	3.10e-04
 2.66765e+16	9.58e-01	4.13e-02	3.01e-04
 2.67043e+16	9.59e-01	4.07e-02	2.90e-04
 2.67296e+16	9.60e-01	4.01e-02	2.82e-04
 2.67527e+16	9.60e-01	3.96e-02	2.75e-04
 2.67779e+16	9.61e-01	3.90e-02	2.66e-04
 2.68052e+16	9.61e-01	3.84e-02	2.58e-04
 2.68300e+16	9.62e-01	3.79e-02	2.50e-04
 2.68526e+16	9.62e-01	3.74e-02	2.43e-04
 2.68773e+16	9.63e-01	3.68e-02	2.36e-04
 2.69040e+16	9.64e-01	3.62e-02	2.28e-04
 2.69283e+16	9.64e-01	3.57e-02	2.22e-04
 2.69505e+16	9.65e-01	3.53e-02	2.16e-04
 2.69706e+16	9.65e-01	3.49e-02	2.11e-04
 2.69926e+16	9.65e-01	3.44e-02	2.05e-04
 2.70164e+16	9.66e-01	3.39e-02	1.99e-04
 2.70381e+16	9.66e-01	3.35e-02	1.94e-04
 2.70578e+16	9.67e-01	3.31e-02	1.89e-04
 2.70794e+16	9.67e-01	3.26e-02	1.84e-04
 2.71028e+16	9.68e-01	3.22e-02	1.78e-04
 2.71240e+16	9.68e-01	3.18e-02	1.74e-04
 2.71433e+16	9.68e-01	3.14e-02	1.70e-04
 2.71645e+16	9.69e-01	3.10e-02	1.65e-04
 2.71873e+16	9.69e-01	3.06e-02	1.61e-04
 2.72081e+16	9.70e-01	3.02e-02	1.57e-04
 2.72309e+16	9.70e-01	2.97e-02	1.52e-04
 2.72555e+16	9.71e-01	2.93e-02	1.48e-04
 2.72779e+16	9.71e-01	2.89e-02	1.44e-04
 2.72983e+16	9.71e-01	2.86e-02	1.40e-04
 2.73206e+16	9.72e-01	2.82e-02	1.36e-04
 2.73447e+16	9.72e-01	2.78e-02	1.32e-04
 2.73666e+16	9.72e-01	2.74e-02	1.29e-04
 2.73866e+16	9.73e-01	2.71e-02	1.26e-04
 2.74084e+16	9.73e-01	2.67e-02	1.22e-04
 2.74320e+16	9.74e-01	2.63e-02	1.19e-04
 2.74535e+16	9.74e-01	2.60e-02	1.16e-04
 2.74771e+16	9.74e-01	2.56e-02	1.13e-04
 2.75025e+16	9.75e-01	2.53e-02	1.09e-04
 2.75256e+16	9.75e-01	2.49e-02	1.07e-04
 2.75509e+16	9.75e-01	2.46e-02	1.03e-04
 2.75783e+16	9.76e-01	2.42e-02	1.00e-04
 2.76032e+16	9.76e-01	2.39e-02	9.75e-05
 2.76305e+16	9.76e-01	2.35e-02	9.43e-05
 2.76599e+16	9.77e-01	2.31e-02	9.13e-05
 2.76867e+16	9.77e-01	2.27e-02	8.87e-05
 2.77111e+16	9.77e-01	2.24e-02	8.63e-05
 2.77378e+16	9.78e-01	2.21e-02	8.36e-05
 2.77667e+16	9.78e-01	2.18e-02	8.11e-05
 2.77930e+16	9.78e-01	2.14e-02	7.88e-05
 2.78217e+16	9.79e-01	2.11e-02	7.62e-05
 2.78528e+16	9.79e-01	2.07e-02	7.37e-05
 2.78811e+16	9.79e-01	2.04e-02	7.15e-05
 2.79068e+16	9.80e-01	2.02e-02	6.96e-05
 2.79350e+16	9.80e-01	1.98e-02	6.74e-05
 2.79654e+16	9.80e-01	1.95e-02	6.53e-05
 2.79931e+16	9.81e-01	1.92e-02	6.35e-05
 2.80234e+16	9.81e-01	1.89e-02	6.14e-05
 2.80562e+16	9.81e-01	1.86e-02	5.93e-05
 2.80860e+16	9.82e-01	1.83e-02	5.76e-05
 2.81187e+16	9.82e-01	1.80e-02	5.56e-05
 2.81539e+16	9.82e-01	1.77e-02	5.36e-05
 2.81860e+16	9.83e-01	1.74e-02	5.19e-05
 2.82152e+16	9.83e-01	1.71e-02	5.05e-05
 2.82472e+16	9.83e-01	1.68e-02	4.88e-05
 2.82818e+16	9.83e-01	1.66e-02	4.71e-05
 2.83132e+16	9.84e-01	1.63e-02	4.57e-05
 2.83477e+16	9.84e-01	1.60e-02	4.41e-05
 2.83848e+16	9.84e-01	1.57e-02	4.26e-05
 2.84187e+16	9.84e-01	1.55e-02	4.12e-05
 2.84558e+16	9.85e-01	1.52e-02	3.97e-05
 2.84958e+16	9.85e-01	1.49e-02	3.82e-05
 2.85322e+16	9.85e-01	1.46e-02	3.69e-05
 2.85722e+16	9.86e-01	1.43e-02	3.55e-05
 2.86153e+16	9.86e-01	1.41e-02	3.41e-05
 2.86545e+16	9.86e-01	1.38e-02	3.29e-05
 2.86902e+16	9.86e-01	1.36e-02	3.19e-05
 2.87293e+16	9.87e-01	1.33e-02	3.07e-05
 2.87715e+16	9.87e-01	1.31e-02	2.96e-05
 2.88099e+16	9.87e-01	1.29e-02	2.86e-05
 2.88520e+16	9.87e-01	1.26e-02	2.75e-05
 2.88975e+16	9.88e-01	1.23e-02	2.64e-05
 2.89389e+16	9.88e-01	1.21e-02	2.55e-05
 2.89842e+16	9.88e-01	1.19e-02	2.44e-05
 2.90331e+16	9.88e-01	1.16e-02	2.34e-05
 2.90776e+16	9.89e-01	1.14e-02	2.26e-05
 2.91264e+16	9.89e-01	1.12e-02	2.16e-05
 2.91791e+16	9.89e-01	1.09e-02	2.07e-05
 2.92271e+16	9.89e-01	1.07e-02	1.99e-05
 2.92796e+16	9.90e-01	1.05e-02	1.90e-05
 2.93363e+16	9.90e-01	1.02e-02	1.81e-05
 2.93879e+16	9.90e-01	1.00e-02	1.74e-05
 2.94445e+16	9.90e-01	9.76e-03	1.66e-05
 2.95055e+16	9.90e-01	9.52e-03	1.58e-05
 2.95611e+16	9.91e-01	9.31e-03	1.51e-05
 2.96219e+16	9.91e-01	9.08e-03	1.44e-05
 2.96877e+16	9.91e-01	8.85e-03	1.37e-05
 2.97475e+16	9.91e-01	8.65e-03	1.31e-05
 2.98130e+16	9.92e-01	8.42e-03	1.24e-05
 2.98838e+16	9.92e-01	8.19e-03	1.18e-05
 2.99481e+16	9.92e-01	8.00e-03	1.12e-05
 3.00187e+16	9.92e-01	7.78e-03	1.06e-05
 3.00949e+16	9.92e-01	7.56e-03	1.00e-05
 3.01642e+16	9.93e-01	7.38e-03	9.56e-06
 3.02401e+16	9.93e-01	7.16e-03	9.02e-06
 3.03221e+16	9.93e-01	6.96e-03	8.51e-06
 3.03967e+16	9.93e-01	6.78e-03	8.08e-06
 3.04785e+16	9.93e-01	6.57e-03	7.61e-06
 3.05668e+16	9.94e-01	6.37e-03	7.16e-06
 3.06471e+16	9.94e-01	6.20e-03	6.78e-06
 3.07351e+16	9.94e-01	6.00e-03	6.37e-06
 3.08301e+16	9.94e-01	5.81e-03	5.97e-06
 3.09343e+16	9.94e-01	5.60e-03	5.55e-06
 3.10563e+16	9.95e-01	5.37e-03	5.11e-06
 3.11849e+16	9.95e-01	5.15e-03	4.70e-06
 3.13186e+16	9.95e-01	4.92e-03	4.31e-06
 3.14578e+16	9.95e-01	4.71e-03	3.94e-06
 3.16023e+16	9.96e-01	4.49e-03	3.59e-06
 3.17521e+16	9.96e-01	4.28e-03	3.27e-06
 3.19057e+16	9.96e-01	4.08e-03	2.97e-06
 3.20618e+16	9.96e-01	3.89e-03	2.70e-06
 3.22201e+16	9.96e-01	3.71e-03	2.46e-06
 3.23814e+16	9.96e-01	3.53e-03	2.23e-06
 3.25458e+16	9.97e-01	3.36e-03	2.03e-06
 3.27133e+16	9.97e-01	3.20e-03	1.84e-06
 3.28837e+16	9.97e-01	3.04e-03	1.67e-06
 3.30571e+16	9.97e-01	2.89e-03	1.51e-06
 3.32335e+16	9.97e-01	2.75e-03	1.36e-06
 3.34131e+16	9.97e-01	2.62e-03	1.24e-06
 3.35927e+16	9.98e-01	2.49e-03	1.12e-06
 3.37750e+16	9.98e-01	2.36e-03	1.01e-06
 3.39645e+16	9.98e-01	2.24e-03	9.11e-07
 3.41583e+16	9.98e-01	2.13e-03	8.21e-07
 3.43546e+16	9.98e-01	2.02e-03	7.39e-07
 3.45540e+16	9.98e-01	1.91e-03	6.64e-07
 3.47573e+16	9.98e-01	1.81e-03	5.96e-07
 3.49645e+16	9.98e-01	1.71e-03	5.35e-07
 3.51756e+16	9.98e-01	1.62e-03	4.79e-07
 3.53906e+16	9.98e-01	1.53e-03	4.29e-07
 3.56098e+16	9.99e-01	1.45e-03	3.83e-07
 3.58333e+16	9.99e-01	1.37e-03	3.42e-07
 3.60614e+16	9.99e-01	1.29e-03	3.04e-07
 3.62940e+16	9.99e-01	1.21e-03	2.71e-07
 3.65315e+16	9.99e-01	1.14e-03	2.40e-07
 3.67740e+16	9.99e-01	1.08e-03	2.13e-07
 3.70218e+16	9.99e-01	1.01e-03	1.88e-07
 3.72751e+16	9.99e-01	9.50e-04	1.66e-07
 3.75342e+16	9.99e-01	8.91e-04	1.46e-07
 3.77993e+16	9.99e-01	8.35e-04	1.29e-07
 3.80709e+16	9.99e-01	7.81e-04	1.13e-07
 3.83494e+16	9.99e-01	7.29e-04	9.84e-08
 3.86349e+16	9.99e-01	6.81e-04	8.59e-08
 3.89281e+16	9.99e-01	6.35e-04	7.46e-08
 3.92252e+16	9.99e-01	5.91e-04	6.49e-08
 3.95301e+16	9.99e-01	5.50e-04	5.61e-08
 3.98481e+16	9.99e-01	5.10e-04	4.83e-08
 4.01779e+16	1.00e+00	4.71e-04	4.13e-08
 4.05202e+16	1.00e+00	4.35e-04	3.52e-08
 4.08748e+16	1.00e+00	4.00e-04	2.98e-08
 4.12427e+16	1.00e+00	3.67e-04	2.51e-08
 4.16256e+16	1.00e+00	3.35e-04	2.10e-08
 4.20252e+16	1.00e+00	3.06e-04	1.74e-08
 4.24437e+16	1.00e+00	2.77e-04	1.43e-08
 4.28837e+16	1.00e+00	2.50e-04	1.17e-08
 4.33489e+16	1.00e+00	2.25e-04	9.44e-09
 4.38418e+16	1.00e+00	2.01e-04	7.53e-09
 4.43689e+16	1.00e+00	1.78e-04	5.91e-09
 4.49351e+16	1.00e+00	1.56e-04	4.56e-09
 4.55433e+16	1.00e+00	1.36e-04	3.46e-09
 4.62045e+16	1.00e+00	1.17e-04	2.56e-09
 4.69338e+16	1.00e+00	9.91e-05	1.84e-09
 4.77487e+16	1.00e+00	8.25e-05	1.28e-09
 4.86575e+16	1.00e+00	6.73e-05	8.51e-10
 4.96935e+16	1.00e+00	5.34e-05	5.36e-10
 5.08325e+16	1.00e+00	4.17e-05	3.27e-10
 5.19799e+16	1.00e+00	3.27e-05	2.01e-10
 5.31077e+16	1.00e+00	2.58e-05	1.25e-10
 5.42342e+16	1.00e+00	2.04e-05	7.85e-11
 5.53774e+16	1.00e+00	1.61e-05	4.93e-11
 5.65456e+16	1.00e+00	1.27e-05	3.08e-11
 5.77348e+16	1.00e+00	1.00e-05	1.93e-11
 5.89446e+16	1.00e+00	7.93e-06	1.20e-11
 6.01800e+16	1.00e+00	6.25e-06	7.50e-12
 6.14333e+16	1.00e+00	4.94e-06	4.71e-12
 6.27126e+16	1.00e+00	3.91e-06	2.95e-12
 6.40350e+16	1.00e+00	3.08e-06	1.84e-12
 6.54029e+16	1.00e+00	2.42e-06	1.14e-12
 6.68115e+16	1.00e+00	1.90e-06	7.02e-13
 6.82529e+16	1.00e+00	1.49e-06	4.33e-13
 6.97334e+16	1.00e+00	1.17e-06	2.66e-13
 7.12673e+16	1.00e+00	9.12e-07	1.63e-13
 7.28638e+16	1.00e+00	7.09e-07	9.87e-14
 7.45270e+16	1.00e+00	5.49e-07	5.92e-14
 7.62624e+16	1.00e+00	4.23e-07	3.52e-14
 7.80820e+16	1.00e+00	3.24e-07	2.07e-14
 8.00039e+16	1.00e+00	2.46e-07	1.19e-14
 8.20485e+16	1.00e+00	1.85e-07	6.74e-15
 8.42429e+16	1.00e+00	1.37e-07	3.71e-15
 8.66243e+16	1.00e+00	9.97e-08	1.97e-15
 8.91774e+16	1.00e+00	7.17e-08	1.02e-15
 9.18210e+16	1.00e+00	5.15e-08	5.29e-16
 9.44910e+16	1.00e+00	3.73e-08	2.77e-16
 9.71787e+16	1.00e+00	2.71e-08	1.47e-16
 9.98949e+16	1.00e+00	1.98e-08	7.86e-17
 1.02639e+17	1.00e+00	1.46e-08	4.24e-17
 1.05397e+17	1.00e+00	1.08e-08	2.32e-17
 1.08157e+17	1.00e+00	8.01e-09	1.29e-17
 1.10905e+17	1.00e+00	6.01e-09	7.24e-18
 1.13631e+17	1.00e+00	4.55e-09	4.15e-18
 1.16323e+17	1.00e+00	3.47e-09	2.42e-18
 1.18971e+17	1.00e+00	2.68e-09	1.44e-18
 1.21562e+17	1.00e+00	2.09e-09	8.74e-19
 1.24087e+17	1.00e+00	1.64e-09	5.43e-19
 1.26535e+17	1.00e+00	1.31e-09	3.45e-19
 1.28900e+17	1.00e+00	1.05e-09	2.24e-19
 1.31177e+17	1.00e+00	8.59e-10	1.49e-19
 1.33365e+17	1.00e+00	7.08e-10	1.01e-19
 1.35461e+17	1.00e+00	5.89e-10	7.01e-20
 1.37466e+17	1.00e+00	4.96e-10	4.96e-20
 1.39379e+17	1.00e+00	4.21e-10	3.58e-20
 1.41201e+17	1.00e+00	3.61e-10	2.64e-20
 1.42934e+17	1.00e+00	3.13e-10	1.98e-20
 1.44581e+17	1.00e+00	2.73e-10	1.51e-20
 1.46144e+17	1.00e+00	2.40e-10	1.17e-20
 1.47629e+17	1.00e+00	2.13e-10	9.21e-21
 1.49037e+17	1.00e+00	1.91e-10	0.00e+00
 1.50373e+17	1.00e+00	1.71e-10	0.00e+00
 1.51640e+17	1.00e+00	1.55e-10	0.00e+00
 1.52842e+17	1.00e+00	1.41e-10	0.00e+00
 1.53981e+17	1.00e+00	1.29e-10	0.00e+00
 1.55060e+17	1.00e+00	1.19e-10	0.00e+00
 1.56084e+17	1.00e+00	1.10e-10	0.00e+00
 1.57055e+17	1.00e+00	1.02e-10	0.00e+00
 1.57977e+17	1.00e+00	9.55e-11	0.00e+00
 1.58852e+17	1.00e+00	8.94e-11	0.00e+00
 1.59683e+17	1.00e+00	8.40e-11	0.00e+00
 1.60471e+17	1.00e+00	7.93e-11	0.00e+00
 1.61220e+17	1.00e+00	7.50e-11	0.00e+00
 1.61931e+17	1.00e+00	7.12e-11	0.00e+00
 1.62608e+17	1.00e+00	6.78e-11	0.00e+00
 1.63251e+17	1.00e+00	6.47e-11	0.00e+00
 1.63864e+17	1.00e+00	6.19e-11	0.00e+00
 1.64447e+17	1.00e+00	5.95e-11	0.00e+00
 1.65001e+17	1.00e+00	5.71e-11	0.00e+00
 1.65530e+17	1.00e+00	5.50e-11	0.00e+00
 1.66035e+17	1.00e+00	5.31e-11	0.00e+00
 1.66517e+17	1.00e+00	5.14e-11	0.00e+00
 1.66977e+17	1.00e+00	4.97e-11	0.00e+00
 1.67416e+17	1.00e+00	4.82e-11	0.00e+00
 1.67836e+17	1.00e+00	4.68e-11	0.00e+00
 1.68239e+17	1.00e+00	4.55e-11	0.00e+00
 1.68625e+17	1.00e+00	4.43e-11	0.00e+00
 1.68996e+17	1.00e+00	4.32e-11	0.00e+00
 1.69352e+17	1.00e+00	4.22e-11	0.00e+00
 1.69694e+17	1.00e+00	4.12e-11	0.00e+00
 1.70025e+17	1.00e+00	4.03e-11	0.00e+00
 1.70344e+17	1.00e+00	3.95e-11	0.00e+00
 1.70653e+17	1.00e+00	3.86e-11	0.00e+00
 1.70952e+17	1.00e+00	3.78e-11	0.00e+00
 1.71243e+17	1.00e+00	3.71e-11	0.00e+00
 1.71527e+17	1.00e+00	3.64e-11	0.00e+00
 1.71804e+17	1.00e+00	3.57e-11	0.00e+00
 1.72077e+17	1.00e+00	3.51e-11	0.00e+00
 1.72345e+17	1.00e+00	3.45e-11	0.00e+00
 1.72610e+17	1.00e+00	3.39e-11	0.00e+00
 1.72874e+17	1.00e+00	3.33e-11	0.00e+00
 1.73137e+17	1.00e+00	3.27e-11	0.00e+00
 1.73402e+17	1.00e+00	3.22e-11	0.00e+00
 1.73670e+17	1.00e+00	3.16e-11	0.00e+00
 1.73943e+17	1.00e+00	3.10e-11	0.00e+00
 1.74225e+17	1.00e+00	3.05e-11	0.00e+00
 1.74518e+17	1.00e+00	2.99e-11	0.00e+00
 1.74827e+17	1.00e+00	2.93e-11	0.00e+00
 1.75156e+17	1.00e+00	2.87e-11	0.00e+00
 1.75513e+17	1.00e+00	2.80e-11	0.00e+00
 1.75907e+17	1.00e+00	2.73e-11	0.00e+00
 1.76351e+17	1.00e+00	2.65e-11	0.00e+00
 1.76865e+17	1.00e+00	2.56e-11	0.00e+00
 1.77475e+17	1.00e+00	2.47e-11	0.00e+00
 1.78226e+17	1.00e+00	2.35e-11	0.00e+00
 1.79184e+17	1.00e+00	2.20e-11	0.00e+00
 1.80429e+17	1.00e+00	2.03e-11	0.00e+00
 1.82048e+17	1.00e+00	1.83e-11	0.00e+00
 1.84153e+17	1.00e+00	1.61e-11	0.00e+00
 1.86888e+17	1.00e+00	1.36e-11	0.00e+00
 1.90445e+17	1.00e+00	1.10e-11	0.00e+00
 1.95068e+17	1.00e+00	8.42e-12	0.00e+00
 2.00784e+17	1.00e+00	6.15e-12	0.00e+00
 2.07079e+17	1.00e+00	4.50e-12	0.00e+00
 2.13557e+17	1.00e+00	3.46e-12	0.00e+00
 2.20160e+17	1.00e+00	2.78e-12	0.00e+00
 2.26794e+17	1.00e+00	2.35e-12	0.00e+00
 2.33428e+17	1.00e+00	2.06e-12	0.00e+00
 2.40063e+17	1.00e+00	1.87e-12	0.00e+00
 2.46697e+17	1.00e+00	1.73e-12	0.00e+00
 2.53332e+17	1.00e+00	1.62e-12	0.00e+00
 2.59966e+17	1.00e+00	1.54e-12	0.00e+00
 2.66600e+17	1.00e+00	1.47e-12	0.00e+00
 2.74230e+17	1.00e+00	1.41e-12	0.00e+00
 2.84113e+17	1.00e+00	1.13e-12	0.00e+00
 2.95478e+17	1.00e+00	7.98e-13	0.00e+00
 3.07297e+17	1.00e+00	6.87e-13	0.00e+00
 3.19589e+17	1.00e+00	6.06e-13	0.00e+00
 3.32372e+17	1.00e+00	5.32e-13	0.00e+00
 3.45667e+17	1.00e+00	4.63e-13	0.00e+00
 3.59494e+17	1.00e+00	3.98e-13	0.00e+00
 3.73197e+17	1.00e+00	3.37e-13	0.00e+00
 3.85535e+17	1.00e+00	3.30e-13	0.00e+00
 3.96155e+17	1.00e+00	3.71e-13	0.00e+00
 4.05689e+17	1.00e+00	4.00e-13	0.00e+00
 4.16268e+17	1.00e+00	3.95e-13	0.00e+00
 4.27918e+17	1.00e+00	2.64e-13	0.00e+00
 4.37791e+17	1.00e+00	2.33e-13	0.00e+00
 4.44225e+17	1.00e+00	2.65e-13	0.00e+00
 4.47413e+17	1.00e+00	3.22e-13	0.00e+00
 4.48856e+17	1.00e+00	3.55e-13	0.00e+00
 4.49634e+17	1.00e+00	3.72e-13	0.00e+00
 4.50116e+17	1.00e+00	3.81e-13	0.00e+00
 4.50486e+17	1.00e+00	3.86e-13	0.00e+00
 4.50879e+17	1.00e+00	3.91e-13	0.00e+00
 4.51364e+17	1.00e+00	3.95e-13	0.00e+00
 4.51891e+17	1.00e+00	3.99e-13	0.00e+00
 4.52347e+17	1.00e+00	4.02e-13	0.00e+00
 4.52688e+17	1.00e+00	4.04e-13	0.00e+00
 4.52967e+17	1.00e+00	4.05e-13	0.00e+00
 4.53275e+17	1.00e+00	4.07e-13	0.00e+00
 4.53619e+17	1.00e+00	4.07e-13	0.00e+00
 4.53953e+17	1.00e+00	4.08e-13	0.00e+00
 4.54236e+17	1.00e+00	4.08e-13	0.00e+00
 4.54464e+17	1.00e+00	4.08e-13	0.00e+00
 4.54677e+17	1.00e+00	4.08e-13	0.00e+00
 4.54898e+17	1.00e+00	4.08e-13	0.00e+00
 4.55135e+17	1.00e+00	4.08e-13	0.00e+00
 4.55371e+17	1.00e+00	4.07e-13	0.00e+00
 4.55572e+17	1.00e+00	4.07e-13	0.00e+00
 4.55747e+17	1.00e+00	4.06e-13	0.00e+00
 4.55932e+17	1.00e+00	4.06e-13	0.00e+00
 4.56128e+17	1.00e+00	4.05e-13	0.00e+00
 4.56319e+17	1.00e+00	4.04e-13	0.00e+00
 4.56492e+17	1.00e+00	4.03e-13	0.00e+00
 4.56652e+17	1.00e+00	4.03e-13	0.00e+00
 4.56814e+17	1.00e+00	4.02e-13	0.00e+00
 4.56978e+17	1.00e+00	4.01e-13	0.00e+00
 4.57145e+17	1.00e+00	4.00e-13	0.00e+00
 4.57311e+17	1.00e+00	3.99e-13	0.00e+00
 4.57466e+17	1.00e+00	3.98e-13	0.00e+00
 4.57612e+17	1.00e+00	3.97e-13	0.00e+00
 4.57762e+17	1.00e+00	3.96e-13	0.00e+00
 4.57920e+17	1.00e+00	3.95e-13	0.00e+00
 4.58082e+17	1.00e+00	3.93e-13	0.00e+00
 4.58236e+17	1.00e+00	3.92e-13	0.00e+00
 4.58385e+17	1.00e+00	3.91e-13	0.00e+00
 4.58539e+17	1.00e+00	3.90e-13	0.00e+00
 4.58699e+17	1.00e+00	3.88e-13	0.00e+00
 4.58862e+17	1.00e+00	3.87e-13	0.00e+00
 4.59025e+17	1.00e+00	3.85e-13	0.00e+00
 4.59189e+17	1.00e+00	3.83e-13	0.00e+00
 4.59352e+17	1.00e+00	3.82e-13	0.00e+00
 4.59517e+17	1.00e+00	3.80e-13	0.00e+00
 4.59681e+17	1.00e+00	3.78e-13	0.00e+00
 4.59863e+17	1.00e+00	3.77e-13	0.00e+00
 4.60067e+17	1.00e+00	3.74e-13	0.00e+00
 4.60268e+17	1.00e+00	3.72e-13	0.00e+00
 4.60448e+17	1.00e+00	3.70e-13	0.00e+00
 4.60617e+17	1.00e+00	3.68e-13	0.00e+00
 4.60799e+17	1.00e+00	3.66e-13	0.00e+00
 4.61016e+17	1.00e+00	3.64e-13	0.00e+00
 4.61262e+17	1.00e+00	3.61e-13	0.00e+00
 4.61499e+17	1.00e+00	3.57e-13	0.00e+00
 4.61704e+17	1.00e+00	3.55e-13	0.00e+00
 4.61903e+17	1.00e+00	3.52e-13	0.00e+00
 4.62124e+17	1.00e+00	3.50e-13	0.00e+00
 4.62375e+17	1.00e+00	3.46e-13	0.00e+00
 4.62645e+17	1.00e+00	3.43e-13	0.00e+00
 4.62906e+17	1.00e+00	3.39e-13	0.00e+00
 4.63146e+17	1.00e+00	3.36e-13	0.00e+00
 4.63396e+17	1.00e+00	3.33e-13	0.00e+00
 4.63678e+17	1.00e+00	3.29e-13	0.00e+00
 4.63984e+17	1.00e+00	3.25e-13	0.00e+00
 4.64293e+17	1.00e+00	3.21e-13	0.00e+00
 4.64592e+17	1.00e+00	3.16e-13	0.00e+00
 4.64885e+17	1.00e+00	3.12e-13	0.00e+00
 4.65188e+17	1.00e+00	3.08e-13	0.00e+00
 4.65509e+17	1.00e+00	3.04e-13	0.00e+00
 4.65853e+17	1.00e+00	2.99e-13	0.00e+00
 4.66220e+17	1.00e+00	2.94e-13	0.00e+00
 4.66588e+17	1.00e+00	2.88e-13	0.00e+00
 4.66938e+17	1.00e+00	2.83e-13	0.00e+00
 4.67303e+17	1.00e+00	2.79e-13	0.00e+00
 4.67716e+17	1.00e+00	2.73e-13	0.00e+00
 4.68138e+17	1.00e+00	2.66e-13	0.00e+00
 4.68528e+17	1.00e+00	2.61e-13	0.00e+00
 4.68922e+17	1.00e+00	2.56e-13	0.00e+00
 4.69365e+17	1.00e+00	2.50e-13	0.00e+00
 4.69837e+17	1.00e+00	2.43e-13	0.00e+00
 4.70291e+17	1.00e+00	2.37e-13	0.00e+00
 4.70732e+17	1.00e+00	2.31e-13	0.00e+00
 4.71192e+17	1.00e+00	2.25e-13	0.00e+00
 4.71679e+17	1.00e+00	2.18e-13	0.00e+00
 4.72191e+17	1.00e+00	2.11e-13	0.00e+00
 4.72712e+17	1.00e+00	2.05e-13	0.00e+00
 4.73228e+17	1.00e+00	1.98e-13	0.00e+00
 4.73742e+17	1.00e+00	1.91e-13	0.00e+00
 4.74280e+17	1.00e+00	1.85e-13	0.00e+00
 4.74846e+17	1.00e+00	1.78e-13	0.00e+00
 4.75422e+17	1.00e+00	1.71e-13	0.00e+00
 4.75997e+17	1.00e+00	1.64e-13	0.00e+00
 4.76578e+17	1.00e+00	1.57e-13	0.00e+00
 4.77185e+17	1.00e+00	1.50e-13	0.00e+00
 4.77812e+17	1.00e+00	1.43e-13	0.00e+00
 4.78439e+17	1.00e+00	1.36e-13	0.00e+00
 4.79063e+17	1.00e+00	1.30e-13	0.00e+00
 4.79723e+17	1.00e+00	1.23e-13	0.00e+00
 4.80421e+17	1.00e+00	1.16e-13	0.00e+00
 4.81112e+17	1.00e+00	1.09e-13	0.00e+00
 4.81792e+17	1.00e+00	1.03e-13	0.00e+00
 4.82506e+17	1.00e+00	9.69e-14	0.00e+00
 4.83276e+17	1.00e+00	9.02e-14	0.00e+00
 4.84042e+17	1.00e+00	8.40e-14	0.00e+00
 4.84819e+17	1.00e+00	7.80e-14	0.00e+00
 4.85641e+17	1.00e+00	7.21e-14	0.00e+00
 4.86418e+17	1.00e+00	6.62e-14	0.00e+00
 4.87067e+17	1.00e+00	6.15e-14	0.00e+00
 4.87600e+17	1.00e+00	5.79e-14	0.00e+00
 4.88085e+17	1.00e+00	5.49e-14	0.00e+00
 4.88578e+17	1.00e+00	5.23e-14	0.00e+00
 4.89083e+17	1.00e+00	4.94e-14	0.00e+00
 4.89566e+17	1.00e+00	4.68e-14	0.00e+00
 4.90002e+17	1.00e+00	4.44e-14	0.00e+00
 4.90398e+17	1.00e+00	4.24e-14	0.00e+00
 4.90777e+17	1.00e+00	4.05e-14	0.00e+00
 4.91155e+17	1.00e+00	3.88e-14	0.00e+00
 4.91530e+17	1.00e+00	3.71e-14	0.00e+00
 4.91892e+17	1.00e+00	3.55e-14	0.00e+00
 4.92231e+17	1.00e+00	3.40e-14	0.00e+00
 4.92551e+17	1.00e+00	3.26e-14	0.00e+00
 4.92862e+17	1.00e+00	3.14e-14	0.00e+00
 4.93168e+17	1.00e+00	3.01e-14	0.00e+00
 4.93468e+17	1.00e+00	2.90e-14	0.00e+00
 4.93756e+17	1.00e+00	2.79e-14	0.00e+00
 4.94032e+17	1.00e+00	2.68e-14	0.00e+00
 4.94298e+17	1.00e+00	2.59e-14	0.00e+00
 4.94556e+17	1.00e+00	2.49e-14	0.00e+00
 4.94810e+17	1.00e+00	2.40e-14	0.00e+00
 4.95055e+17	1.00e+00	2.32e-14	0.00e+00
 4.95292e+17	1.00e+00	2.24e-14	0.00e+00
 4.95524e+17	1.00e+00	2.16e-14	0.00e+00
 4.95750e+17	1.00e+00	2.09e-14	0.00e+00
 4.95967e+17	1.00e+00	2.02e-14	0.00e+00
 4.96176e+17	1.00e+00	1.95e-14	0.00e+00
 4.96411e+17	1.00e+00	1.89e-14	0.00e+00
 4.96716e+17	1.00e+00	1.81e-14	0.00e+00
 4.97114e+17	1.00e+00	1.71e-14	0.00e+00
 4.97630e+17	1.00e+00	1.59e-14	0.00e+00
 4.98302e+17	1.00e+00	1.44e-14	0.00e+00
 4.99173e+17	1.00e+00	1.26e-14	0.00e+00
 5.00273e+17	1.00e+00	1.05e-14	0.00e+00
 5.01391e+17	1.00e+00	8.36e-15	0.00e+00
 5.02216e+17	1.00e+00	6.89e-15	0.00e+00
 5.02747e+17	1.00e+00	6.10e-15	0.00e+00
 5.03177e+17	1.00e+00	5.61e-15	0.00e+00
 5.03666e+17	1.00e+00	5.15e-15	0.00e+00
 5.04278e+17	1.00e+00	4.62e-15	0.00e+00
