#depth	He	He+	He+2
 1.49634e+10	2.27e-19	9.76e-10	1.00e+00
 4.54887e+10	2.61e-19	1.08e-09	1.00e+00
 7.72350e+10	2.99e-19	1.19e-09	1.00e+00
 1.10251e+11	3.42e-19	1.31e-09	1.00e+00
 1.40200e+11	3.84e-19	1.43e-09	1.00e+00
 1.65366e+11	4.23e-19	1.53e-09	1.00e+00
 1.93079e+11	4.67e-19	1.65e-09	1.00e+00
 2.27882e+11	5.29e-19	1.81e-09	1.00e+00
 2.64371e+11	5.99e-19	1.98e-09	1.00e+00
 2.97565e+11	6.68e-19	2.15e-09	1.00e+00
 3.34005e+11	7.49e-19	2.34e-09	1.00e+00
 3.76657e+11	8.55e-19	2.57e-09	1.00e+00
 4.19005e+11	9.71e-19	2.81e-09	1.00e+00
 4.59198e+11	1.09e-18	3.06e-09	1.00e+00
 5.03643e+11	1.24e-18	3.34e-09	1.00e+00
 5.53715e+11	1.42e-18	3.67e-09	1.00e+00
 6.03741e+11	1.63e-18	4.02e-09	1.00e+00
 6.48276e+11	1.83e-18	4.34e-09	1.00e+00
 6.87869e+11	2.03e-18	4.64e-09	1.00e+00
 7.32847e+11	2.27e-18	4.99e-09	1.00e+00
 7.82751e+11	2.57e-18	5.40e-09	1.00e+00
 8.29365e+11	2.88e-18	5.79e-09	1.00e+00
 8.80269e+11	3.25e-18	6.24e-09	1.00e+00
 9.37381e+11	3.71e-18	6.76e-09	1.00e+00
 9.91670e+11	4.19e-18	7.27e-09	1.00e+00
 1.05136e+12	4.78e-18	7.86e-09	1.00e+00
 1.11808e+12	5.52e-18	8.55e-09	1.00e+00
 1.18129e+12	6.30e-18	9.22e-09	1.00e+00
 1.25069e+12	7.25e-18	1.00e-08	1.00e+00
 1.32446e+12	8.39e-18	1.09e-08	1.00e+00
 1.38904e+12	9.50e-18	1.16e-08	1.00e+00
 1.45807e+12	1.08e-17	1.25e-08	1.00e+00
 1.54199e+12	1.26e-17	1.36e-08	1.00e+00
 1.62561e+12	1.46e-17	1.47e-08	1.00e+00
 1.69929e+12	1.65e-17	1.58e-08	1.00e+00
 1.77971e+12	1.89e-17	1.70e-08	1.00e+00
 1.87664e+12	2.20e-17	1.84e-08	1.00e+00
 1.97378e+12	2.56e-17	2.00e-08	1.00e+00
 2.06211e+12	2.92e-17	2.14e-08	1.00e+00
 2.16022e+12	3.37e-17	2.31e-08	1.00e+00
 2.27496e+12	3.96e-17	2.52e-08	1.00e+00
 2.38818e+12	4.62e-17	2.73e-08	1.00e+00
 2.49509e+12	5.31e-17	2.93e-08	1.00e+00
 2.61397e+12	6.16e-17	3.17e-08	1.00e+00
 2.74846e+12	7.26e-17	3.45e-08	1.00e+00
 2.88350e+12	8.50e-17	3.74e-08	1.00e+00
 3.02393e+12	9.95e-17	4.06e-08	1.00e+00
 3.17482e+12	1.17e-16	4.42e-08	1.00e+00
 3.33174e+12	1.38e-16	4.80e-08	1.00e+00
 3.48612e+12	1.61e-16	5.20e-08	1.00e+00
 3.62965e+12	1.85e-16	5.58e-08	1.00e+00
 3.75916e+12	2.09e-16	5.94e-08	1.00e+00
 3.89801e+12	2.36e-16	6.33e-08	1.00e+00
 4.07098e+12	2.75e-16	6.83e-08	1.00e+00
 4.24446e+12	3.18e-16	7.36e-08	1.00e+00
 4.39350e+12	3.59e-16	7.83e-08	1.00e+00
 4.55463e+12	4.08e-16	8.34e-08	1.00e+00
 4.75357e+12	4.74e-16	9.01e-08	1.00e+00
 4.95261e+12	5.49e-16	9.70e-08	1.00e+00
 5.12443e+12	6.19e-16	1.03e-07	1.00e+00
 5.30996e+12	7.03e-16	1.10e-07	1.00e+00
 5.53808e+12	8.17e-16	1.19e-07	1.00e+00
 5.76807e+12	9.46e-16	1.28e-07	1.00e+00
 5.97173e+12	1.07e-15	1.36e-07	1.00e+00
 6.19469e+12	1.22e-15	1.45e-07	1.00e+00
 6.46209e+12	1.43e-15	1.57e-07	1.00e+00
 6.72838e+12	1.65e-15	1.69e-07	1.00e+00
 6.97091e+12	1.88e-15	1.80e-07	1.00e+00
 7.24142e+12	2.16e-15	1.93e-07	1.00e+00
 7.55717e+12	2.52e-15	2.09e-07	1.00e+00
 7.86824e+12	2.92e-15	2.25e-07	1.00e+00
 8.16258e+12	3.34e-15	2.41e-07	1.00e+00
 8.48984e+12	3.86e-15	2.60e-07	1.00e+00
 8.85936e+12	4.52e-15	2.81e-07	1.00e+00
 9.23044e+12	5.26e-15	3.03e-07	1.00e+00
 9.61637e+12	6.12e-15	3.27e-07	1.00e+00
 1.00309e+13	7.16e-15	3.54e-07	1.00e+00
 1.04323e+13	8.29e-15	3.82e-07	1.00e+00
 1.08096e+13	9.47e-15	4.08e-07	1.00e+00
 1.12318e+13	1.09e-14	4.39e-07	1.00e+00
 1.16575e+13	1.26e-14	4.71e-07	1.00e+00
 1.20108e+13	1.41e-14	4.99e-07	1.00e+00
 1.23848e+13	1.58e-14	5.29e-07	1.00e+00
 1.28631e+13	1.82e-14	5.69e-07	1.00e+00
 1.33648e+13	2.11e-14	6.12e-07	1.00e+00
 1.38086e+13	2.39e-14	6.52e-07	1.00e+00
 1.42893e+13	2.72e-14	6.97e-07	1.00e+00
 1.48671e+13	3.16e-14	7.53e-07	1.00e+00
 1.54524e+13	3.67e-14	8.12e-07	1.00e+00
 1.60005e+13	4.19e-14	8.69e-07	1.00e+00
 1.66099e+13	4.84e-14	9.35e-07	1.00e+00
 1.72556e+13	5.61e-14	1.01e-06	1.00e+00
 1.78294e+13	6.36e-14	1.08e-06	1.00e+00
 1.84470e+13	7.25e-14	1.15e-06	1.00e+00
 1.91869e+13	8.45e-14	1.24e-06	1.00e+00
 1.99152e+13	9.76e-14	1.34e-06	1.00e+00
 2.05640e+13	1.10e-13	1.43e-06	1.00e+00
 2.12802e+13	1.26e-13	1.53e-06	1.00e+00
 2.21337e+13	1.47e-13	1.66e-06	1.00e+00
 2.29813e+13	1.70e-13	1.79e-06	1.00e+00
 2.37572e+13	1.93e-13	1.91e-06	1.00e+00
 2.46241e+13	2.22e-13	2.05e-06	1.00e+00
 2.56314e+13	2.60e-13	2.22e-06	1.00e+00
 2.66197e+13	3.00e-13	2.40e-06	1.00e+00
 2.75553e+13	3.43e-13	2.57e-06	1.00e+00
 2.85951e+13	3.96e-13	2.77e-06	1.00e+00
 2.97689e+13	4.63e-13	3.01e-06	1.00e+00
 3.08832e+13	5.32e-13	3.24e-06	1.00e+00
 3.18986e+13	6.03e-13	3.45e-06	1.00e+00
 3.30475e+13	6.90e-13	3.71e-06	1.00e+00
 3.43858e+13	8.03e-13	4.02e-06	1.00e+00
 3.56703e+13	9.23e-13	4.33e-06	1.00e+00
 3.67341e+13	1.03e-12	4.59e-06	1.00e+00
 3.78110e+13	1.15e-12	4.86e-06	1.00e+00
 3.92030e+13	1.32e-12	5.23e-06	1.00e+00
 4.06435e+13	1.51e-12	5.62e-06	1.00e+00
 4.18646e+13	1.69e-12	5.97e-06	1.00e+00
 4.31620e+13	1.89e-12	6.34e-06	1.00e+00
 4.47881e+13	2.17e-12	6.84e-06	1.00e+00
 4.64629e+13	2.49e-12	7.36e-06	1.00e+00
 4.79375e+13	2.79e-12	7.83e-06	1.00e+00
 4.95306e+13	3.15e-12	8.37e-06	1.00e+00
 5.14547e+13	3.63e-12	9.03e-06	1.00e+00
 5.33638e+13	4.15e-12	9.72e-06	1.00e+00
 5.50599e+13	4.65e-12	1.04e-05	1.00e+00
 5.69240e+13	5.25e-12	1.11e-05	1.00e+00
 5.91521e+13	6.05e-12	1.20e-05	1.00e+00
 6.13660e+13	6.92e-12	1.29e-05	1.00e+00
 6.33804e+13	7.80e-12	1.38e-05	1.00e+00
 6.56232e+13	8.86e-12	1.48e-05	1.00e+00
 6.82436e+13	1.02e-11	1.60e-05	1.00e+00
 7.08221e+13	1.17e-11	1.73e-05	1.00e+00
 7.32449e+13	1.33e-11	1.85e-05	1.00e+00
 7.59459e+13	1.52e-11	1.99e-05	1.00e+00
 7.90136e+13	1.76e-11	2.16e-05	1.00e+00
 8.20745e+13	2.03e-11	2.34e-05	1.00e+00
 8.52579e+13	2.34e-11	2.54e-05	1.00e+00
 8.81246e+13	2.65e-11	2.72e-05	1.00e+00
 9.02851e+13	2.91e-11	2.86e-05	1.00e+00
 9.25395e+13	3.19e-11	3.01e-05	1.00e+00
 9.54701e+13	3.60e-11	3.22e-05	1.00e+00
 9.86559e+13	4.09e-11	3.45e-05	1.00e+00
 1.01540e+14	4.57e-11	3.67e-05	1.00e+00
 1.04657e+14	5.14e-11	3.92e-05	1.00e+00
 1.08562e+14	5.94e-11	4.24e-05	1.00e+00
 1.12484e+14	6.83e-11	4.58e-05	1.00e+00
 1.15826e+14	7.67e-11	4.88e-05	1.00e+00
 1.19420e+14	8.68e-11	5.22e-05	1.00e+00
 1.23895e+14	1.01e-10	5.66e-05	1.00e+00
 1.28509e+14	1.17e-10	6.14e-05	1.00e+00
 1.32624e+14	1.33e-10	6.58e-05	1.00e+00
 1.37098e+14	1.53e-10	7.09e-05	1.00e+00
 1.42434e+14	1.79e-10	7.71e-05	1.00e+00
 1.47690e+14	2.08e-10	8.36e-05	1.00e+00
 1.52419e+14	2.37e-10	8.98e-05	1.00e+00
 1.57663e+14	2.73e-10	9.68e-05	1.00e+00
 1.63855e+14	3.22e-10	1.06e-04	1.00e+00
 1.69973e+14	3.76e-10	1.15e-04	1.00e+00
 1.75631e+14	4.32e-10	1.23e-04	1.00e+00
 1.81981e+14	5.03e-10	1.34e-04	1.00e+00
 1.89290e+14	5.95e-10	1.46e-04	1.00e+00
 1.96448e+14	6.99e-10	1.59e-04	1.00e+00
 2.03893e+14	8.20e-10	1.73e-04	1.00e+00
 2.12079e+14	9.72e-10	1.89e-04	1.00e+00
 2.19005e+14	1.12e-09	2.03e-04	1.00e+00
 2.24072e+14	1.23e-09	2.14e-04	1.00e+00
 2.29391e+14	1.36e-09	2.25e-04	1.00e+00
 2.36305e+14	1.55e-09	2.41e-04	1.00e+00
 2.43931e+14	1.78e-09	2.59e-04	1.00e+00
 2.50987e+14	2.01e-09	2.76e-04	1.00e+00
 2.58664e+14	2.30e-09	2.95e-04	1.00e+00
 2.67293e+14	2.65e-09	3.18e-04	1.00e+00
 2.75508e+14	3.02e-09	3.40e-04	1.00e+00
 2.84539e+14	3.47e-09	3.65e-04	1.00e+00
 2.94637e+14	4.04e-09	3.95e-04	1.00e+00
 3.04229e+14	4.64e-09	4.24e-04	1.00e+00
 3.14802e+14	5.38e-09	4.57e-04	1.00e+00
 3.26660e+14	6.32e-09	4.96e-04	1.00e+00
 3.37864e+14	7.31e-09	5.35e-04	9.99e-01
 3.50065e+14	8.52e-09	5.78e-04	9.99e-01
 3.63617e+14	1.00e-08	6.29e-04	9.99e-01
 3.76326e+14	1.16e-08	6.77e-04	9.99e-01
 3.90024e+14	1.36e-08	7.33e-04	9.99e-01
 4.05306e+14	1.60e-08	7.97e-04	9.99e-01
 4.20011e+14	1.87e-08	8.61e-04	9.99e-01
 4.35653e+14	2.18e-08	9.32e-04	9.99e-01
 4.53109e+14	2.59e-08	1.02e-03	9.99e-01
 4.67783e+14	2.96e-08	1.09e-03	9.99e-01
 4.78351e+14	3.26e-08	1.14e-03	9.99e-01
 4.89376e+14	3.59e-08	1.20e-03	9.99e-01
 5.03708e+14	4.06e-08	1.28e-03	9.99e-01
 5.19666e+14	4.64e-08	1.36e-03	9.99e-01
 5.34575e+14	5.23e-08	1.45e-03	9.99e-01
 5.50795e+14	5.94e-08	1.55e-03	9.98e-01
 5.68959e+14	6.82e-08	1.66e-03	9.98e-01
 5.86120e+14	7.73e-08	1.76e-03	9.98e-01
 6.04898e+14	8.84e-08	1.89e-03	9.98e-01
 6.25937e+14	1.02e-07	2.03e-03	9.98e-01
 6.45883e+14	1.17e-07	2.17e-03	9.98e-01
 6.67783e+14	1.34e-07	2.33e-03	9.98e-01
 6.92225e+14	1.56e-07	2.51e-03	9.97e-01
 7.14974e+14	1.79e-07	2.69e-03	9.97e-01
 7.39549e+14	2.06e-07	2.89e-03	9.97e-01
 7.67114e+14	2.40e-07	3.12e-03	9.97e-01
 7.92976e+14	2.76e-07	3.34e-03	9.97e-01
 8.21011e+14	3.19e-07	3.59e-03	9.96e-01
 8.50713e+14	3.70e-07	3.87e-03	9.96e-01
 8.76524e+14	4.19e-07	4.12e-03	9.96e-01
 8.98608e+14	4.64e-07	4.34e-03	9.96e-01
 9.21905e+14	5.16e-07	4.58e-03	9.95e-01
 9.52192e+14	5.91e-07	4.90e-03	9.95e-01
 9.82756e+14	6.73e-07	5.23e-03	9.95e-01
 1.00741e+15	7.45e-07	5.51e-03	9.94e-01
 1.03317e+15	8.26e-07	5.81e-03	9.94e-01
 1.06667e+15	9.44e-07	6.21e-03	9.94e-01
 1.10159e+15	1.08e-06	6.64e-03	9.93e-01
 1.13138e+15	1.20e-06	7.01e-03	9.93e-01
 1.16311e+15	1.35e-06	7.43e-03	9.93e-01
 1.20437e+15	1.57e-06	8.00e-03	9.92e-01
 1.24662e+15	1.81e-06	8.59e-03	9.91e-01
 1.28102e+15	2.02e-06	9.08e-03	9.91e-01
 1.31659e+15	2.27e-06	9.62e-03	9.90e-01
 1.36284e+15	2.62e-06	1.04e-02	9.90e-01
 1.41070e+15	3.02e-06	1.11e-02	9.89e-01
 1.45101e+15	3.39e-06	1.18e-02	9.88e-01
 1.49377e+15	3.83e-06	1.25e-02	9.87e-01
 1.54006e+15	4.35e-06	1.34e-02	9.87e-01
 1.58166e+15	4.85e-06	1.41e-02	9.86e-01
 1.61842e+15	5.33e-06	1.48e-02	9.85e-01
 1.65817e+15	5.91e-06	1.56e-02	9.84e-01
 1.70219e+15	6.59e-06	1.65e-02	9.83e-01
 1.74512e+15	7.31e-06	1.74e-02	9.83e-01
 1.78685e+15	8.06e-06	1.83e-02	9.82e-01
 1.83366e+15	9.01e-06	1.94e-02	9.81e-01
 1.88625e+15	1.01e-05	2.06e-02	9.79e-01
 1.93638e+15	1.13e-05	2.18e-02	9.78e-01
 1.98233e+15	1.24e-05	2.30e-02	9.77e-01
 2.03280e+15	1.39e-05	2.43e-02	9.76e-01
 2.08776e+15	1.55e-05	2.58e-02	9.74e-01
 2.14002e+15	1.72e-05	2.73e-02	9.73e-01
 2.19118e+15	1.91e-05	2.89e-02	9.71e-01
 2.24942e+15	2.14e-05	3.08e-02	9.69e-01
 2.31374e+15	2.42e-05	3.29e-02	9.67e-01
 2.37401e+15	2.70e-05	3.50e-02	9.65e-01
 2.42953e+15	2.99e-05	3.71e-02	9.63e-01
 2.49087e+15	3.36e-05	3.97e-02	9.60e-01
 2.55594e+15	3.78e-05	4.25e-02	9.57e-01
 2.61351e+15	4.18e-05	4.51e-02	9.55e-01
 2.67596e+15	4.70e-05	4.83e-02	9.52e-01
 2.74345e+15	5.30e-05	5.20e-02	9.48e-01
 2.79702e+15	5.80e-05	5.50e-02	9.45e-01
 2.83849e+15	6.25e-05	5.76e-02	9.42e-01
 2.88469e+15	6.82e-05	6.08e-02	9.39e-01
 2.93606e+15	7.50e-05	6.46e-02	9.35e-01
 2.98450e+15	8.18e-05	6.83e-02	9.32e-01
 3.03779e+15	9.11e-05	7.30e-02	9.27e-01
 3.09215e+15	1.01e-04	7.79e-02	9.22e-01
 3.13857e+15	1.10e-04	8.27e-02	9.17e-01
 3.18261e+15	1.20e-04	8.75e-02	9.12e-01
 3.23287e+15	1.34e-04	9.38e-02	9.06e-01
 3.28566e+15	1.49e-04	1.01e-01	8.99e-01
 3.33213e+15	1.64e-04	1.08e-01	8.92e-01
 3.37504e+15	1.79e-04	1.15e-01	8.85e-01
 3.42291e+15	2.00e-04	1.23e-01	8.76e-01
 3.47421e+15	2.27e-04	1.34e-01	8.66e-01
 3.51684e+15	2.49e-04	1.43e-01	8.57e-01
 3.55910e+15	2.79e-04	1.54e-01	8.46e-01
 3.60353e+15	3.10e-04	1.66e-01	8.34e-01
 3.65079e+15	3.55e-04	1.80e-01	8.19e-01
 3.69635e+15	3.96e-04	1.96e-01	8.04e-01
 3.73971e+15	4.49e-04	2.13e-01	7.87e-01
 3.78542e+15	5.15e-04	2.32e-01	7.67e-01
 3.82222e+15	5.69e-04	2.49e-01	7.50e-01
 3.85106e+15	6.25e-04	2.64e-01	7.35e-01
 3.87375e+15	6.68e-04	2.76e-01	7.23e-01
 3.89543e+15	7.15e-04	2.89e-01	7.10e-01
 3.92361e+15	7.78e-04	3.07e-01	6.92e-01
 3.96024e+15	8.81e-04	3.31e-01	6.68e-01
 3.99216e+15	9.70e-04	3.53e-01	6.46e-01
 4.01199e+15	1.03e-03	3.67e-01	6.32e-01
 4.03184e+15	1.10e-03	3.83e-01	6.16e-01
 4.05763e+15	1.20e-03	4.04e-01	5.95e-01
 4.08368e+15	1.30e-03	4.26e-01	5.73e-01
 4.11005e+15	1.42e-03	4.49e-01	5.50e-01
 4.13765e+15	1.55e-03	4.73e-01	5.26e-01
 4.15943e+15	1.65e-03	4.92e-01	5.06e-01
 4.18031e+15	1.77e-03	5.12e-01	4.86e-01
 4.20746e+15	1.93e-03	5.38e-01	4.60e-01
 4.23376e+15	2.08e-03	5.62e-01	4.36e-01
 4.25417e+15	2.21e-03	5.80e-01	4.17e-01
 4.27590e+15	2.37e-03	6.01e-01	3.96e-01
 4.30415e+15	2.58e-03	6.28e-01	3.70e-01
 4.33225e+15	2.78e-03	6.52e-01	3.45e-01
 4.35404e+15	2.95e-03	6.70e-01	3.27e-01
 4.37628e+15	3.14e-03	6.90e-01	3.07e-01
 4.40518e+15	3.40e-03	7.13e-01	2.83e-01
 4.43407e+15	3.66e-03	7.35e-01	2.61e-01
 4.45662e+15	3.87e-03	7.51e-01	2.46e-01
 4.47963e+15	4.10e-03	7.67e-01	2.29e-01
 4.50954e+15	4.42e-03	7.86e-01	2.09e-01
 4.53972e+15	4.75e-03	8.04e-01	1.91e-01
 4.56376e+15	5.03e-03	8.16e-01	1.79e-01
 4.58850e+15	5.34e-03	8.29e-01	1.65e-01
 4.62065e+15	5.77e-03	8.45e-01	1.49e-01
 4.65331e+15	6.24e-03	8.58e-01	1.36e-01
 4.67961e+15	6.65e-03	8.68e-01	1.26e-01
 4.70679e+15	7.12e-03	8.78e-01	1.15e-01
 4.74213e+15	7.78e-03	8.89e-01	1.03e-01
 4.77888e+15	8.56e-03	8.99e-01	9.27e-02
 4.80878e+15	9.27e-03	9.06e-01	8.52e-02
 4.83462e+15	9.98e-03	9.11e-01	7.89e-02
 4.86385e+15	1.08e-02	9.17e-01	7.23e-02
 4.89665e+15	1.20e-02	9.22e-01	6.58e-02
 4.92661e+15	1.32e-02	9.26e-01	6.04e-02
 4.95257e+15	1.44e-02	9.29e-01	5.62e-02
 4.98081e+15	1.60e-02	9.32e-01	5.18e-02
 5.00893e+15	1.78e-02	9.34e-01	4.80e-02
 5.02975e+15	1.93e-02	9.35e-01	4.55e-02
 5.04654e+15	2.08e-02	9.36e-01	4.34e-02
 5.06525e+15	2.25e-02	9.36e-01	4.12e-02
 5.08612e+15	2.48e-02	9.36e-01	3.89e-02
 5.10487e+15	2.73e-02	9.36e-01	3.70e-02
 5.12055e+15	2.95e-02	9.35e-01	3.57e-02
 5.13719e+15	3.22e-02	9.34e-01	3.41e-02
 5.15547e+15	3.56e-02	9.32e-01	3.26e-02
 5.17158e+15	3.93e-02	9.29e-01	3.13e-02
 5.18516e+15	4.26e-02	9.27e-01	3.03e-02
 5.19772e+15	4.62e-02	9.24e-01	2.95e-02
 5.21201e+15	5.07e-02	9.21e-01	2.85e-02
 5.22796e+15	5.64e-02	9.16e-01	2.75e-02
 5.24237e+15	6.26e-02	9.11e-01	2.67e-02
 5.25483e+15	6.86e-02	9.05e-01	2.61e-02
 5.26844e+15	7.62e-02	8.98e-01	2.53e-02
 5.28349e+15	8.56e-02	8.90e-01	2.48e-02
 5.29736e+15	9.59e-02	8.80e-01	2.42e-02
 5.30874e+15	1.06e-01	8.70e-01	2.39e-02
 5.31809e+15	1.14e-01	8.62e-01	2.36e-02
 5.32767e+15	1.24e-01	8.52e-01	2.33e-02
 5.33842e+15	1.37e-01	8.40e-01	2.31e-02
 5.34893e+15	1.50e-01	8.27e-01	2.29e-02
 5.35791e+15	1.63e-01	8.14e-01	2.27e-02
 5.36581e+15	1.75e-01	8.02e-01	2.26e-02
 5.37196e+15	1.85e-01	7.92e-01	2.25e-02
 5.37621e+15	1.92e-01	7.85e-01	2.24e-02
 5.38022e+15	2.00e-01	7.78e-01	2.23e-02
 5.38491e+15	2.09e-01	7.69e-01	2.22e-02
 5.39000e+15	2.19e-01	7.59e-01	2.22e-02
 5.39492e+15	2.29e-01	7.49e-01	2.21e-02
 5.39958e+15	2.39e-01	7.39e-01	2.20e-02
 5.40424e+15	2.49e-01	7.29e-01	2.19e-02
 5.40895e+15	2.60e-01	7.18e-01	2.19e-02
 5.41368e+15	2.72e-01	7.07e-01	2.17e-02
 5.41838e+15	2.83e-01	6.95e-01	2.17e-02
 5.42308e+15	2.95e-01	6.83e-01	2.16e-02
 5.42783e+15	3.08e-01	6.70e-01	2.14e-02
 5.43251e+15	3.21e-01	6.58e-01	2.13e-02
 5.43718e+15	3.34e-01	6.45e-01	2.12e-02
 5.44194e+15	3.49e-01	6.30e-01	2.10e-02
 5.44672e+15	3.63e-01	6.16e-01	2.09e-02
 5.45150e+15	3.78e-01	6.02e-01	2.07e-02
 5.45632e+15	3.93e-01	5.87e-01	2.05e-02
 5.46121e+15	4.08e-01	5.71e-01	2.03e-02
 5.46620e+15	4.25e-01	5.55e-01	2.00e-02
 5.47116e+15	4.41e-01	5.39e-01	1.98e-02
 5.47616e+15	4.58e-01	5.23e-01	1.95e-02
 5.48132e+15	4.75e-01	5.06e-01	1.92e-02
 5.48662e+15	4.93e-01	4.88e-01	1.88e-02
 5.49201e+15	5.11e-01	4.70e-01	1.85e-02
 5.49741e+15	5.29e-01	4.53e-01	1.81e-02
 5.50282e+15	5.47e-01	4.35e-01	1.77e-02
 5.50832e+15	5.65e-01	4.18e-01	1.72e-02
 5.51397e+15	5.82e-01	4.01e-01	1.68e-02
 5.51978e+15	6.00e-01	3.84e-01	1.63e-02
 5.52575e+15	6.18e-01	3.67e-01	1.58e-02
 5.53191e+15	6.35e-01	3.50e-01	1.53e-02
 5.53832e+15	6.51e-01	3.34e-01	1.47e-02
 5.54508e+15	6.68e-01	3.18e-01	1.42e-02
 5.55222e+15	6.84e-01	3.02e-01	1.36e-02
 5.55985e+15	7.00e-01	2.87e-01	1.30e-02
 5.56806e+15	7.15e-01	2.73e-01	1.24e-02
 5.57697e+15	7.29e-01	2.59e-01	1.18e-02
 5.58668e+15	7.43e-01	2.46e-01	1.12e-02
 5.59758e+15	7.56e-01	2.34e-01	1.06e-02
 5.60954e+15	7.67e-01	2.23e-01	9.98e-03
 5.62172e+15	7.77e-01	2.13e-01	9.45e-03
 5.63378e+15	7.85e-01	2.06e-01	8.98e-03
 5.64760e+15	7.93e-01	1.98e-01	8.48e-03
 5.66556e+15	8.02e-01	1.90e-01	7.90e-03
 5.68809e+15	8.11e-01	1.82e-01	7.29e-03
 5.71031e+15	8.18e-01	1.75e-01	6.78e-03
 5.72891e+15	8.24e-01	1.70e-01	6.39e-03
 5.74656e+15	8.29e-01	1.65e-01	6.04e-03
 5.76473e+15	8.34e-01	1.61e-01	5.71e-03
 5.78330e+15	8.38e-01	1.56e-01	5.39e-03
 5.80159e+15	8.43e-01	1.52e-01	5.09e-03
 5.81932e+15	8.47e-01	1.48e-01	4.83e-03
 5.83660e+15	8.51e-01	1.45e-01	4.58e-03
 5.85357e+15	8.54e-01	1.41e-01	4.35e-03
 5.87025e+15	8.58e-01	1.38e-01	4.14e-03
 5.88662e+15	8.61e-01	1.35e-01	3.94e-03
 5.90267e+15	8.64e-01	1.32e-01	3.76e-03
 5.91842e+15	8.67e-01	1.29e-01	3.59e-03
 5.93388e+15	8.70e-01	1.26e-01	3.44e-03
 5.94944e+15	8.73e-01	1.24e-01	3.28e-03
 5.96455e+15	8.76e-01	1.21e-01	3.14e-03
 5.97911e+15	8.78e-01	1.19e-01	3.01e-03
 5.99373e+15	8.81e-01	1.16e-01	2.89e-03
 6.00801e+15	8.83e-01	1.14e-01	2.77e-03
 6.02186e+15	8.85e-01	1.12e-01	2.66e-03
 6.03541e+15	8.88e-01	1.10e-01	2.56e-03
 6.04878e+15	8.90e-01	1.08e-01	2.46e-03
 6.06193e+15	8.92e-01	1.06e-01	2.37e-03
 6.07489e+15	8.94e-01	1.04e-01	2.29e-03
 6.08774e+15	8.96e-01	1.02e-01	2.20e-03
 6.10043e+15	8.97e-01	1.01e-01	2.13e-03
 6.11292e+15	8.99e-01	9.88e-02	2.05e-03
 6.12514e+15	9.01e-01	9.72e-02	1.98e-03
 6.13713e+15	9.02e-01	9.56e-02	1.92e-03
 6.14906e+15	9.04e-01	9.41e-02	1.85e-03
 6.16093e+15	9.06e-01	9.26e-02	1.79e-03
 6.17266e+15	9.07e-01	9.12e-02	1.74e-03
 6.18423e+15	9.09e-01	8.98e-02	1.68e-03
 6.19566e+15	9.10e-01	8.84e-02	1.63e-03
 6.20697e+15	9.11e-01	8.71e-02	1.58e-03
 6.21818e+15	9.13e-01	8.58e-02	1.53e-03
 6.22929e+15	9.14e-01	8.46e-02	1.48e-03
 6.24031e+15	9.15e-01	8.34e-02	1.44e-03
 6.25125e+15	9.16e-01	8.22e-02	1.40e-03
 6.26212e+15	9.18e-01	8.10e-02	1.36e-03
 6.27294e+15	9.19e-01	7.99e-02	1.32e-03
 6.28371e+15	9.20e-01	7.88e-02	1.28e-03
 6.29446e+15	9.21e-01	7.77e-02	1.24e-03
 6.30521e+15	9.22e-01	7.66e-02	1.21e-03
 6.31601e+15	9.23e-01	7.55e-02	1.17e-03
 6.32702e+15	9.24e-01	7.45e-02	1.14e-03
 6.33826e+15	9.25e-01	7.34e-02	1.10e-03
 6.34963e+15	9.27e-01	7.23e-02	1.07e-03
 6.36113e+15	9.28e-01	7.13e-02	1.04e-03
 6.37283e+15	9.29e-01	7.02e-02	1.01e-03
 6.38486e+15	9.30e-01	6.92e-02	9.74e-04
 6.39729e+15	9.31e-01	6.81e-02	9.42e-04
 6.41024e+15	9.32e-01	6.70e-02	9.10e-04
 6.42388e+15	9.33e-01	6.58e-02	8.77e-04
 6.43846e+15	9.35e-01	6.46e-02	8.43e-04
 6.45436e+15	9.36e-01	6.33e-02	8.08e-04
 6.47214e+15	9.37e-01	6.19e-02	7.70e-04
 6.49232e+15	9.39e-01	6.03e-02	7.29e-04
 6.51281e+15	9.41e-01	5.88e-02	6.91e-04
 6.53146e+15	9.42e-01	5.74e-02	6.58e-04
 6.54843e+15	9.43e-01	5.62e-02	6.29e-04
 6.56388e+15	9.44e-01	5.51e-02	6.04e-04
 6.57793e+15	9.45e-01	5.41e-02	5.82e-04
 6.59072e+15	9.46e-01	5.32e-02	5.61e-04
 6.60236e+15	9.47e-01	5.24e-02	5.44e-04
 6.61511e+15	9.48e-01	5.16e-02	5.25e-04
 6.63169e+15	9.49e-01	5.05e-02	5.02e-04
 6.64959e+15	9.50e-01	4.93e-02	4.79e-04
 6.66587e+15	9.51e-01	4.83e-02	4.58e-04
 6.68069e+15	9.52e-01	4.74e-02	4.40e-04
 6.69418e+15	9.53e-01	4.65e-02	4.24e-04
 6.70645e+15	9.54e-01	4.58e-02	4.10e-04
 6.71762e+15	9.55e-01	4.51e-02	3.97e-04
 6.72779e+15	9.55e-01	4.44e-02	3.86e-04
 6.73892e+15	9.56e-01	4.38e-02	3.73e-04
 6.75095e+15	9.57e-01	4.31e-02	3.61e-04
 6.76189e+15	9.57e-01	4.24e-02	3.50e-04
 6.77185e+15	9.58e-01	4.18e-02	3.40e-04
 6.78091e+15	9.58e-01	4.13e-02	3.31e-04
 6.79084e+15	9.59e-01	4.07e-02	3.21e-04
 6.80155e+15	9.60e-01	4.01e-02	3.12e-04
 6.81131e+15	9.60e-01	3.96e-02	3.03e-04
 6.82018e+15	9.61e-01	3.91e-02	2.95e-04
 6.82991e+15	9.61e-01	3.85e-02	2.86e-04
 6.84041e+15	9.62e-01	3.79e-02	2.78e-04
 6.84997e+15	9.62e-01	3.74e-02	2.70e-04
 6.85866e+15	9.63e-01	3.69e-02	2.63e-04
 6.86819e+15	9.63e-01	3.64e-02	2.55e-04
 6.87848e+15	9.64e-01	3.59e-02	2.47e-04
 6.88784e+15	9.64e-01	3.54e-02	2.40e-04
 6.89636e+15	9.65e-01	3.49e-02	2.34e-04
 6.90569e+15	9.65e-01	3.44e-02	2.27e-04
 6.91577e+15	9.66e-01	3.39e-02	2.21e-04
 6.92494e+15	9.66e-01	3.35e-02	2.15e-04
 6.93328e+15	9.67e-01	3.31e-02	2.09e-04
 6.94243e+15	9.67e-01	3.26e-02	2.03e-04
 6.95230e+15	9.68e-01	3.21e-02	1.97e-04
 6.96128e+15	9.68e-01	3.17e-02	1.92e-04
 6.96946e+15	9.68e-01	3.13e-02	1.87e-04
 6.97842e+15	9.69e-01	3.09e-02	1.82e-04
 6.98809e+15	9.69e-01	3.05e-02	1.77e-04
 6.99689e+15	9.70e-01	3.01e-02	1.72e-04
 7.00490e+15	9.70e-01	2.97e-02	1.68e-04
 7.01367e+15	9.71e-01	2.93e-02	1.64e-04
 7.02315e+15	9.71e-01	2.89e-02	1.59e-04
 7.03177e+15	9.71e-01	2.85e-02	1.55e-04
 7.04122e+15	9.72e-01	2.81e-02	1.51e-04
 7.05142e+15	9.72e-01	2.78e-02	1.47e-04
 7.06070e+15	9.72e-01	2.74e-02	1.43e-04
 7.07087e+15	9.73e-01	2.70e-02	1.38e-04
 7.08185e+15	9.73e-01	2.66e-02	1.34e-04
 7.09184e+15	9.74e-01	2.62e-02	1.31e-04
 7.10093e+15	9.74e-01	2.59e-02	1.27e-04
 7.11090e+15	9.74e-01	2.55e-02	1.24e-04
 7.12165e+15	9.75e-01	2.51e-02	1.20e-04
 7.13144e+15	9.75e-01	2.48e-02	1.17e-04
 7.14217e+15	9.75e-01	2.44e-02	1.13e-04
 7.15375e+15	9.76e-01	2.40e-02	1.10e-04
 7.16428e+15	9.76e-01	2.37e-02	1.07e-04
 7.17387e+15	9.77e-01	2.34e-02	1.04e-04
 7.18438e+15	9.77e-01	2.30e-02	1.01e-04
 7.19572e+15	9.77e-01	2.27e-02	9.83e-05
 7.20605e+15	9.78e-01	2.24e-02	9.54e-05
 7.21736e+15	9.78e-01	2.20e-02	9.24e-05
 7.22957e+15	9.78e-01	2.17e-02	8.96e-05
 7.24068e+15	9.79e-01	2.14e-02	8.70e-05
 7.25286e+15	9.79e-01	2.10e-02	8.42e-05
 7.26601e+15	9.79e-01	2.07e-02	8.15e-05
 7.27797e+15	9.80e-01	2.04e-02	7.90e-05
 7.28886e+15	9.80e-01	2.01e-02	7.68e-05
 7.30079e+15	9.80e-01	1.98e-02	7.44e-05
 7.31367e+15	9.80e-01	1.95e-02	7.23e-05
 7.32539e+15	9.81e-01	1.92e-02	7.00e-05
 7.33823e+15	9.81e-01	1.88e-02	6.77e-05
 7.35209e+15	9.81e-01	1.85e-02	6.55e-05
 7.36471e+15	9.82e-01	1.82e-02	6.35e-05
 7.37854e+15	9.82e-01	1.79e-02	6.13e-05
 7.39346e+15	9.82e-01	1.76e-02	5.92e-05
 7.40704e+15	9.83e-01	1.73e-02	5.73e-05
 7.41940e+15	9.83e-01	1.71e-02	5.56e-05
 7.43295e+15	9.83e-01	1.68e-02	5.37e-05
 7.44757e+15	9.83e-01	1.65e-02	5.20e-05
 7.46088e+15	9.84e-01	1.62e-02	5.04e-05
 7.47546e+15	9.84e-01	1.59e-02	4.86e-05
 7.49120e+15	9.84e-01	1.57e-02	4.69e-05
 7.50552e+15	9.85e-01	1.54e-02	4.54e-05
 7.52122e+15	9.85e-01	1.51e-02	4.37e-05
 7.53816e+15	9.85e-01	1.48e-02	4.21e-05
 7.55358e+15	9.85e-01	1.46e-02	4.07e-05
 7.56762e+15	9.86e-01	1.43e-02	3.95e-05
 7.58299e+15	9.86e-01	1.41e-02	3.81e-05
 7.59959e+15	9.86e-01	1.38e-02	3.68e-05
 7.61470e+15	9.86e-01	1.36e-02	3.56e-05
 7.63125e+15	9.87e-01	1.34e-02	3.43e-05
 7.64912e+15	9.87e-01	1.31e-02	3.30e-05
 7.66539e+15	9.87e-01	1.29e-02	3.19e-05
 7.68321e+15	9.87e-01	1.26e-02	3.07e-05
 7.70245e+15	9.88e-01	1.24e-02	2.95e-05
 7.71995e+15	9.88e-01	1.22e-02	2.84e-05
 7.73914e+15	9.88e-01	1.19e-02	2.73e-05
 7.75985e+15	9.88e-01	1.17e-02	2.62e-05
 7.77869e+15	9.89e-01	1.14e-02	2.52e-05
 7.79935e+15	9.89e-01	1.12e-02	2.41e-05
 7.82164e+15	9.89e-01	1.09e-02	2.31e-05
 7.84193e+15	9.89e-01	1.07e-02	2.22e-05
 7.86417e+15	9.90e-01	1.05e-02	2.12e-05
 7.88817e+15	9.90e-01	1.02e-02	2.03e-05
 7.91001e+15	9.90e-01	1.00e-02	1.94e-05
 7.92989e+15	9.90e-01	9.83e-03	1.87e-05
 7.95167e+15	9.90e-01	9.62e-03	1.79e-05
 7.97518e+15	9.91e-01	9.41e-03	1.72e-05
 7.99658e+15	9.91e-01	9.22e-03	1.65e-05
 8.02002e+15	9.91e-01	9.01e-03	1.58e-05
 8.04534e+15	9.91e-01	8.80e-03	1.50e-05
 8.06837e+15	9.91e-01	8.62e-03	1.44e-05
 8.09361e+15	9.92e-01	8.42e-03	1.38e-05
 8.12086e+15	9.92e-01	8.21e-03	1.31e-05
 8.14566e+15	9.92e-01	8.03e-03	1.26e-05
 8.17283e+15	9.92e-01	7.83e-03	1.20e-05
 8.20217e+15	9.92e-01	7.64e-03	1.14e-05
 8.22887e+15	9.93e-01	7.46e-03	1.09e-05
 8.25812e+15	9.93e-01	7.27e-03	1.03e-05
 8.28970e+15	9.93e-01	7.07e-03	9.76e-06
 8.31844e+15	9.93e-01	6.90e-03	9.31e-06
 8.34993e+15	9.93e-01	6.72e-03	8.81e-06
 8.39087e+15	9.94e-01	6.48e-03	8.21e-06
 8.43924e+15	9.94e-01	6.22e-03	7.57e-06
 8.48933e+15	9.94e-01	5.97e-03	6.98e-06
 8.53932e+15	9.94e-01	5.73e-03	6.44e-06
 8.59080e+15	9.94e-01	5.50e-03	5.93e-06
 8.64465e+15	9.95e-01	5.26e-03	5.45e-06
 8.70054e+15	9.95e-01	5.04e-03	5.00e-06
 8.75817e+15	9.95e-01	4.82e-03	4.58e-06
 8.81771e+15	9.95e-01	4.60e-03	4.18e-06
 8.87942e+15	9.96e-01	4.39e-03	3.81e-06
 8.94315e+15	9.96e-01	4.19e-03	3.47e-06
 9.00831e+15	9.96e-01	3.99e-03	3.16e-06
 9.07373e+15	9.96e-01	3.81e-03	2.87e-06
 9.13990e+15	9.96e-01	3.63e-03	2.61e-06
 9.20815e+15	9.97e-01	3.46e-03	2.37e-06
 9.27804e+15	9.97e-01	3.29e-03	2.15e-06
 9.34896e+15	9.97e-01	3.13e-03	1.95e-06
 9.42092e+15	9.97e-01	2.98e-03	1.77e-06
 9.49417e+15	9.97e-01	2.83e-03	1.60e-06
 9.56881e+15	9.97e-01	2.69e-03	1.45e-06
 9.64482e+15	9.97e-01	2.56e-03	1.31e-06
 9.72216e+15	9.98e-01	2.43e-03	1.18e-06
 9.80090e+15	9.98e-01	2.31e-03	1.07e-06
 9.88121e+15	9.98e-01	2.19e-03	9.62e-07
 9.96306e+15	9.98e-01	2.08e-03	8.66e-07
 1.00463e+16	9.98e-01	1.97e-03	7.79e-07
 1.01311e+16	9.98e-01	1.87e-03	7.00e-07
 1.02177e+16	9.98e-01	1.77e-03	6.28e-07
 1.03060e+16	9.98e-01	1.67e-03	5.63e-07
 1.03961e+16	9.98e-01	1.58e-03	5.04e-07
 1.04879e+16	9.99e-01	1.49e-03	4.50e-07
 1.05817e+16	9.99e-01	1.41e-03	4.02e-07
 1.06774e+16	9.99e-01	1.33e-03	3.58e-07
 1.07752e+16	9.99e-01	1.26e-03	3.19e-07
 1.08752e+16	9.99e-01	1.18e-03	2.83e-07
 1.09774e+16	9.99e-01	1.11e-03	2.51e-07
 1.10820e+16	9.99e-01	1.05e-03	2.22e-07
 1.11892e+16	9.99e-01	9.83e-04	1.96e-07
 1.12990e+16	9.99e-01	9.22e-04	1.73e-07
 1.14116e+16	9.99e-01	8.64e-04	1.52e-07
 1.15272e+16	9.99e-01	8.08e-04	1.33e-07
 1.16460e+16	9.99e-01	7.55e-04	1.16e-07
 1.17681e+16	9.99e-01	7.04e-04	1.01e-07
 1.18938e+16	9.99e-01	6.57e-04	8.80e-08
 1.20226e+16	9.99e-01	6.12e-04	7.65e-08
 1.21534e+16	9.99e-01	5.69e-04	6.62e-08
 1.22883e+16	9.99e-01	5.28e-04	5.70e-08
 1.24318e+16	1.00e+00	4.88e-04	4.87e-08
 1.25823e+16	1.00e+00	4.49e-04	4.14e-08
 1.27376e+16	1.00e+00	4.13e-04	3.50e-08
 1.28985e+16	1.00e+00	3.78e-04	2.94e-08
 1.30668e+16	1.00e+00	3.46e-04	2.46e-08
 1.32438e+16	1.00e+00	3.14e-04	2.04e-08
 1.34300e+16	1.00e+00	2.85e-04	1.67e-08
 1.36268e+16	1.00e+00	2.57e-04	1.36e-08
 1.38360e+16	1.00e+00	2.30e-04	1.09e-08
 1.40584e+16	1.00e+00	2.05e-04	8.66e-09
 1.42986e+16	1.00e+00	1.81e-04	6.76e-09
 1.45581e+16	1.00e+00	1.58e-04	5.18e-09
 1.48361e+16	1.00e+00	1.37e-04	3.90e-09
 1.51428e+16	1.00e+00	1.17e-04	2.86e-09
 1.55056e+16	1.00e+00	9.77e-05	1.98e-09
 1.59050e+16	1.00e+00	8.03e-05	1.34e-09
 1.63403e+16	1.00e+00	6.48e-05	8.76e-10
 1.68349e+16	1.00e+00	5.12e-05	5.47e-10
 1.73497e+16	1.00e+00	4.03e-05	3.39e-10
 1.78576e+16	1.00e+00	3.19e-05	2.14e-10
 1.83615e+16	1.00e+00	2.55e-05	1.36e-10
 1.88733e+16	1.00e+00	2.03e-05	8.71e-11
 1.93976e+16	1.00e+00	1.62e-05	5.55e-11
 1.99340e+16	1.00e+00	1.29e-05	3.53e-11
 2.04813e+16	1.00e+00	1.03e-05	2.25e-11
 2.10393e+16	1.00e+00	8.22e-06	1.43e-11
 2.16092e+16	1.00e+00	6.56e-06	9.15e-12
 2.21906e+16	1.00e+00	5.23e-06	5.84e-12
 2.27692e+16	1.00e+00	4.20e-06	3.77e-12
 2.33267e+16	1.00e+00	3.42e-06	2.50e-12
 2.38602e+16	1.00e+00	2.82e-06	1.70e-12
 2.43756e+16	1.00e+00	2.34e-06	1.18e-12
 2.48757e+16	1.00e+00	1.96e-06	8.30e-13
 2.53617e+16	1.00e+00	1.66e-06	5.94e-13
 2.58328e+16	1.00e+00	1.41e-06	4.31e-13
 2.62863e+16	1.00e+00	1.21e-06	3.19e-13
 2.67230e+16	1.00e+00	1.05e-06	2.39e-13
 2.71426e+16	1.00e+00	9.13e-07	1.82e-13
 2.75451e+16	1.00e+00	8.02e-07	1.40e-13
 2.79310e+16	1.00e+00	7.08e-07	1.10e-13
 2.83005e+16	1.00e+00	6.30e-07	8.68e-14
 2.86542e+16	1.00e+00	5.64e-07	6.96e-14
 2.89930e+16	1.00e+00	5.07e-07	5.65e-14
 2.93168e+16	1.00e+00	4.59e-07	4.63e-14
 2.96260e+16	1.00e+00	4.17e-07	3.84e-14
 2.99210e+16	1.00e+00	3.82e-07	3.21e-14
 3.02026e+16	1.00e+00	3.50e-07	2.71e-14
 3.04716e+16	1.00e+00	3.23e-07	2.31e-14
 3.07287e+16	1.00e+00	2.99e-07	1.99e-14
 3.09742e+16	1.00e+00	2.78e-07	1.72e-14
 3.12083e+16	1.00e+00	2.60e-07	1.50e-14
 3.14317e+16	1.00e+00	2.43e-07	1.32e-14
 3.16451e+16	1.00e+00	2.29e-07	1.16e-14
 3.18495e+16	1.00e+00	2.16e-07	1.04e-14
 3.20453e+16	1.00e+00	2.04e-07	9.26e-15
 3.22329e+16	1.00e+00	1.93e-07	8.32e-15
 3.24126e+16	1.00e+00	1.83e-07	7.51e-15
 3.25848e+16	1.00e+00	1.75e-07	6.82e-15
 3.27499e+16	1.00e+00	1.67e-07	6.21e-15
 3.29088e+16	1.00e+00	1.59e-07	5.68e-15
 3.30618e+16	1.00e+00	1.53e-07	5.22e-15
 3.32096e+16	1.00e+00	1.46e-07	4.80e-15
 3.33523e+16	1.00e+00	1.41e-07	4.44e-15
 3.34904e+16	1.00e+00	1.35e-07	4.11e-15
 3.36244e+16	1.00e+00	1.30e-07	3.82e-15
 3.37547e+16	1.00e+00	1.26e-07	3.55e-15
 3.38819e+16	1.00e+00	1.21e-07	3.31e-15
 3.40064e+16	1.00e+00	1.17e-07	3.09e-15
 3.41288e+16	1.00e+00	1.13e-07	2.89e-15
 3.42496e+16	1.00e+00	1.10e-07	2.71e-15
 3.43693e+16	1.00e+00	1.06e-07	2.54e-15
 3.44886e+16	1.00e+00	1.03e-07	2.38e-15
 3.46083e+16	1.00e+00	9.93e-08	2.23e-15
 3.47292e+16	1.00e+00	9.61e-08	2.09e-15
 3.48524e+16	1.00e+00	9.29e-08	1.95e-15
 3.49789e+16	1.00e+00	8.97e-08	1.82e-15
 3.51103e+16	1.00e+00	8.65e-08	1.70e-15
 3.52485e+16	1.00e+00	8.33e-08	1.58e-15
 3.53960e+16	1.00e+00	8.01e-08	1.45e-15
 3.55560e+16	1.00e+00	7.66e-08	1.33e-15
 3.57329e+16	1.00e+00	7.30e-08	1.21e-15
 3.59335e+16	1.00e+00	6.92e-08	1.09e-15
 3.61670e+16	1.00e+00	6.49e-08	9.61e-16
 3.64481e+16	1.00e+00	6.02e-08	8.26e-16
 3.67994e+16	1.00e+00	5.47e-08	6.84e-16
 3.72517e+16	1.00e+00	4.84e-08	5.38e-16
 3.78397e+16	1.00e+00	4.14e-08	3.95e-16
 3.86042e+16	1.00e+00	3.39e-08	2.65e-16
 3.95980e+16	1.00e+00	2.63e-08	1.60e-16
 4.08899e+16	1.00e+00	1.90e-08	8.42e-17
 4.24019e+16	1.00e+00	1.32e-08	4.11e-17
 4.39652e+16	1.00e+00	9.19e-09	2.01e-17
 4.55284e+16	1.00e+00	6.46e-09	1.00e-17
 4.70912e+16	1.00e+00	4.58e-09	5.08e-18
 4.86539e+16	1.00e+00	3.27e-09	2.63e-18
 5.02162e+16	1.00e+00	2.36e-09	1.38e-18
 5.17782e+16	1.00e+00	1.72e-09	7.37e-19
 5.33400e+16	1.00e+00	1.26e-09	4.00e-19
 5.49014e+16	1.00e+00	9.30e-10	2.20e-19
 5.66968e+16	1.00e+00	6.57e-10	1.11e-19
 5.88333e+16	1.00e+00	4.42e-10	5.09e-20
 6.11098e+16	1.00e+00	2.94e-10	2.29e-20
 6.34192e+16	1.00e+00	1.98e-10	1.05e-20
 6.58046e+16	1.00e+00	1.32e-10	4.77e-21
 6.82658e+16	1.00e+00	8.90e-11	0.00e+00
 7.07995e+16	1.00e+00	5.98e-11	0.00e+00
 7.34439e+16	1.00e+00	4.00e-11	0.00e+00
 7.59350e+16	1.00e+00	2.79e-11	0.00e+00
 7.78741e+16	1.00e+00	2.13e-11	0.00e+00
 7.91116e+16	1.00e+00	1.81e-11	0.00e+00
 7.98435e+16	1.00e+00	1.65e-11	0.00e+00
 8.02973e+16	1.00e+00	1.55e-11	0.00e+00
 8.05697e+16	1.00e+00	1.50e-11	0.00e+00
 8.07585e+16	1.00e+00	1.46e-11	0.00e+00
 8.09406e+16	1.00e+00	1.43e-11	0.00e+00
 8.11457e+16	1.00e+00	1.39e-11	0.00e+00
 8.13573e+16	1.00e+00	1.35e-11	0.00e+00
 8.15433e+16	1.00e+00	1.31e-11	0.00e+00
 8.16987e+16	1.00e+00	1.29e-11	0.00e+00
 8.18558e+16	1.00e+00	1.26e-11	0.00e+00
 8.20251e+16	1.00e+00	1.23e-11	0.00e+00
 8.21772e+16	1.00e+00	1.21e-11	0.00e+00
 8.23037e+16	1.00e+00	1.19e-11	0.00e+00
 8.24212e+16	1.00e+00	1.17e-11	0.00e+00
 8.25416e+16	1.00e+00	1.15e-11	0.00e+00
 8.26586e+16	1.00e+00	1.13e-11	0.00e+00
 8.27665e+16	1.00e+00	1.11e-11	0.00e+00
 8.28673e+16	1.00e+00	1.10e-11	0.00e+00
 8.29631e+16	1.00e+00	1.09e-11	0.00e+00
 8.30552e+16	1.00e+00	1.07e-11	0.00e+00
 8.31459e+16	1.00e+00	1.06e-11	0.00e+00
 8.32354e+16	1.00e+00	1.05e-11	0.00e+00
 8.33211e+16	1.00e+00	1.03e-11	0.00e+00
 8.33989e+16	1.00e+00	1.02e-11	0.00e+00
 8.34706e+16	1.00e+00	1.01e-11	0.00e+00
 8.35478e+16	1.00e+00	1.00e-11	0.00e+00
 8.36305e+16	1.00e+00	9.92e-12	0.00e+00
 8.37034e+16	1.00e+00	9.82e-12	0.00e+00
 8.37681e+16	1.00e+00	9.74e-12	0.00e+00
 8.38346e+16	1.00e+00	9.65e-12	0.00e+00
 8.39033e+16	1.00e+00	9.55e-12	0.00e+00
 8.39726e+16	1.00e+00	9.46e-12	0.00e+00
 8.40384e+16	1.00e+00	9.38e-12	0.00e+00
 8.41016e+16	1.00e+00	9.30e-12	0.00e+00
 8.41658e+16	1.00e+00	9.21e-12	0.00e+00
 8.42308e+16	1.00e+00	9.13e-12	0.00e+00
 8.42962e+16	1.00e+00	9.05e-12	0.00e+00
 8.43616e+16	1.00e+00	8.96e-12	0.00e+00
 8.44236e+16	1.00e+00	8.89e-12	0.00e+00
 8.44838e+16	1.00e+00	8.81e-12	0.00e+00
 8.45478e+16	1.00e+00	8.74e-12	0.00e+00
 8.46163e+16	1.00e+00	8.65e-12	0.00e+00
 8.46840e+16	1.00e+00	8.57e-12	0.00e+00
 8.47493e+16	1.00e+00	8.49e-12	0.00e+00
 8.48163e+16	1.00e+00	8.41e-12	0.00e+00
 8.48861e+16	1.00e+00	8.32e-12	0.00e+00
 8.49572e+16	1.00e+00	8.24e-12	0.00e+00
 8.50280e+16	1.00e+00	8.16e-12	0.00e+00
 8.50992e+16	1.00e+00	8.07e-12	0.00e+00
 8.51720e+16	1.00e+00	7.99e-12	0.00e+00
 8.52522e+16	1.00e+00	7.90e-12	0.00e+00
 8.53368e+16	1.00e+00	7.80e-12	0.00e+00
 8.54173e+16	1.00e+00	7.71e-12	0.00e+00
 8.54934e+16	1.00e+00	7.63e-12	0.00e+00
 8.55721e+16	1.00e+00	7.54e-12	0.00e+00
 8.56592e+16	1.00e+00	7.45e-12	0.00e+00
 8.57524e+16	1.00e+00	7.34e-12	0.00e+00
 8.58431e+16	1.00e+00	7.25e-12	0.00e+00
 8.59277e+16	1.00e+00	7.16e-12	0.00e+00
 8.60166e+16	1.00e+00	7.07e-12	0.00e+00
 8.61164e+16	1.00e+00	6.96e-12	0.00e+00
 8.62224e+16	1.00e+00	6.86e-12	0.00e+00
 8.63284e+16	1.00e+00	6.75e-12	0.00e+00
 8.64286e+16	1.00e+00	6.65e-12	0.00e+00
 8.65276e+16	1.00e+00	6.56e-12	0.00e+00
 8.66366e+16	1.00e+00	6.45e-12	0.00e+00
 8.67571e+16	1.00e+00	6.34e-12	0.00e+00
 8.68825e+16	1.00e+00	6.22e-12	0.00e+00
 8.70031e+16	1.00e+00	6.11e-12	0.00e+00
 8.71218e+16	1.00e+00	6.01e-12	0.00e+00
 8.72475e+16	1.00e+00	5.90e-12	0.00e+00
 8.73813e+16	1.00e+00	5.78e-12	0.00e+00
 8.75217e+16	1.00e+00	5.66e-12	0.00e+00
 8.76649e+16	1.00e+00	5.54e-12	0.00e+00
 8.78084e+16	1.00e+00	5.43e-12	0.00e+00
 8.79541e+16	1.00e+00	5.31e-12	0.00e+00
 8.81075e+16	1.00e+00	5.19e-12	0.00e+00
 8.82744e+16	1.00e+00	5.06e-12	0.00e+00
 8.84462e+16	1.00e+00	4.93e-12	0.00e+00
 8.86116e+16	1.00e+00	4.82e-12	0.00e+00
 8.87751e+16	1.00e+00	4.70e-12	0.00e+00
 8.89568e+16	1.00e+00	4.58e-12	0.00e+00
 8.91591e+16	1.00e+00	4.44e-12	0.00e+00
 8.93629e+16	1.00e+00	4.31e-12	0.00e+00
 8.95547e+16	1.00e+00	4.19e-12	0.00e+00
 8.97420e+16	1.00e+00	4.07e-12	0.00e+00
 8.99492e+16	1.00e+00	3.95e-12	0.00e+00
 9.01822e+16	1.00e+00	3.81e-12	0.00e+00
 9.04212e+16	1.00e+00	3.68e-12	0.00e+00
 9.06462e+16	1.00e+00	3.56e-12	0.00e+00
 9.08695e+16	1.00e+00	3.45e-12	0.00e+00
 9.11120e+16	1.00e+00	3.32e-12	0.00e+00
 9.13711e+16	1.00e+00	3.19e-12	0.00e+00
 9.16344e+16	1.00e+00	3.07e-12	0.00e+00
 9.19063e+16	1.00e+00	2.95e-12	0.00e+00
 9.21924e+16	1.00e+00	2.83e-12	0.00e+00
 9.24800e+16	1.00e+00	2.71e-12	0.00e+00
 9.27738e+16	1.00e+00	2.60e-12	0.00e+00
 9.30766e+16	1.00e+00	2.48e-12	0.00e+00
 9.33822e+16	1.00e+00	2.37e-12	0.00e+00
 9.37036e+16	1.00e+00	2.26e-12	0.00e+00
 9.40432e+16	1.00e+00	2.16e-12	0.00e+00
 9.43939e+16	1.00e+00	2.05e-12	0.00e+00
 9.47516e+16	1.00e+00	1.95e-12	0.00e+00
 9.51186e+16	1.00e+00	1.85e-12	0.00e+00
 9.55094e+16	1.00e+00	1.75e-12	0.00e+00
 9.59149e+16	1.00e+00	1.65e-12	0.00e+00
 9.63315e+16	1.00e+00	1.55e-12	0.00e+00
 9.67612e+16	1.00e+00	1.46e-12	0.00e+00
 9.71955e+16	1.00e+00	1.38e-12	0.00e+00
 9.76494e+16	1.00e+00	1.30e-12	0.00e+00
 9.81402e+16	1.00e+00	1.21e-12	0.00e+00
 9.86561e+16	1.00e+00	1.13e-12	0.00e+00
 9.91848e+16	1.00e+00	1.06e-12	0.00e+00
 9.97298e+16	1.00e+00	9.87e-13	0.00e+00
 1.00265e+17	1.00e+00	9.23e-13	0.00e+00
 1.00760e+17	1.00e+00	8.67e-13	0.00e+00
 1.01215e+17	1.00e+00	8.20e-13	0.00e+00
 1.01657e+17	1.00e+00	7.76e-13	0.00e+00
 1.02115e+17	1.00e+00	7.32e-13	0.00e+00
 1.02596e+17	1.00e+00	6.89e-13	0.00e+00
 1.03093e+17	1.00e+00	6.47e-13	0.00e+00
 1.03588e+17	1.00e+00	6.08e-13	0.00e+00
 1.04041e+17	1.00e+00	5.73e-13	0.00e+00
 1.04419e+17	1.00e+00	5.45e-13	0.00e+00
 1.04730e+17	1.00e+00	5.24e-13	0.00e+00
 1.05004e+17	1.00e+00	5.06e-13	0.00e+00
 1.05267e+17	1.00e+00	4.89e-13	0.00e+00
 1.05524e+17	1.00e+00	4.73e-13	0.00e+00
 1.05768e+17	1.00e+00	4.57e-13	0.00e+00
 1.05991e+17	1.00e+00	4.44e-13	0.00e+00
 1.06196e+17	1.00e+00	4.32e-13	0.00e+00
 1.06392e+17	1.00e+00	4.21e-13	0.00e+00
 1.06586e+17	1.00e+00	4.10e-13	0.00e+00
 1.06776e+17	1.00e+00	4.00e-13	0.00e+00
 1.06959e+17	1.00e+00	3.91e-13	0.00e+00
 1.07134e+17	1.00e+00	3.82e-13	0.00e+00
 1.07303e+17	1.00e+00	3.74e-13	0.00e+00
 1.07470e+17	1.00e+00	3.66e-13	0.00e+00
 1.07635e+17	1.00e+00	3.58e-13	0.00e+00
 1.07796e+17	1.00e+00	3.51e-13	0.00e+00
 1.07953e+17	1.00e+00	3.44e-13	0.00e+00
 1.08108e+17	1.00e+00	3.37e-13	0.00e+00
 1.08261e+17	1.00e+00	3.31e-13	0.00e+00
 1.08411e+17	1.00e+00	3.24e-13	0.00e+00
 1.08560e+17	1.00e+00	3.18e-13	0.00e+00
 1.08707e+17	1.00e+00	3.13e-13	0.00e+00
 1.08852e+17	1.00e+00	3.07e-13	0.00e+00
 1.08995e+17	1.00e+00	3.01e-13	0.00e+00
 1.09137e+17	1.00e+00	2.96e-13	0.00e+00
 1.09300e+17	1.00e+00	2.90e-13	0.00e+00
 1.09511e+17	1.00e+00	2.82e-13	0.00e+00
 1.09786e+17	1.00e+00	2.73e-13	0.00e+00
 1.10144e+17	1.00e+00	2.61e-13	0.00e+00
 1.10609e+17	1.00e+00	2.46e-13	0.00e+00
 1.11184e+17	1.00e+00	2.29e-13	0.00e+00
 1.11795e+17	1.00e+00	2.13e-13	0.00e+00
 1.12351e+17	1.00e+00	1.99e-13	0.00e+00
 1.12842e+17	1.00e+00	1.88e-13	0.00e+00
 1.13322e+17	1.00e+00	1.78e-13	0.00e+00
 1.13837e+17	1.00e+00	1.67e-13	0.00e+00
 1.14394e+17	1.00e+00	1.57e-13	0.00e+00
 1.14966e+17	1.00e+00	1.47e-13	0.00e+00
 1.15531e+17	1.00e+00	1.38e-13	0.00e+00
 1.16095e+17	1.00e+00	1.29e-13	0.00e+00
 1.16685e+17	1.00e+00	1.21e-13	0.00e+00
 1.17321e+17	1.00e+00	1.12e-13	0.00e+00
 1.18013e+17	1.00e+00	1.04e-13	0.00e+00
 1.18766e+17	1.00e+00	9.52e-14	0.00e+00
 1.19600e+17	1.00e+00	8.66e-14	0.00e+00
 1.20561e+17	1.00e+00	7.77e-14	0.00e+00
 1.21740e+17	1.00e+00	6.80e-14	0.00e+00
 1.23254e+17	1.00e+00	5.75e-14	0.00e+00
 1.25221e+17	1.00e+00	4.62e-14	0.00e+00
 1.27779e+17	1.00e+00	3.49e-14	0.00e+00
 1.31105e+17	1.00e+00	2.44e-14	0.00e+00
 1.35002e+17	1.00e+00	1.63e-14	0.00e+00
 1.39644e+17	1.00e+00	1.01e-14	0.00e+00
 1.45113e+17	1.00e+00	5.82e-15	0.00e+00
 1.50583e+17	1.00e+00	3.40e-15	0.00e+00
 1.55589e+17	1.00e+00	2.07e-15	0.00e+00
 1.59402e+17	1.00e+00	1.41e-15	0.00e+00
 1.61689e+17	1.00e+00	1.11e-15	0.00e+00
 1.63061e+17	1.00e+00	9.53e-16	0.00e+00
 1.63885e+17	1.00e+00	8.64e-16	0.00e+00
 1.64379e+17	1.00e+00	8.12e-16	0.00e+00
 1.64675e+17	1.00e+00	7.81e-16	0.00e+00
 1.64853e+17	1.00e+00	7.63e-16	0.00e+00
 1.64983e+17	1.00e+00	7.50e-16	0.00e+00
 1.65128e+17	1.00e+00	7.36e-16	0.00e+00
 1.65316e+17	1.00e+00	7.18e-16	0.00e+00
 1.65549e+17	1.00e+00	6.96e-16	0.00e+00
 1.65796e+17	1.00e+00	6.73e-16	0.00e+00
 1.66008e+17	1.00e+00	6.53e-16	0.00e+00
 1.66173e+17	1.00e+00	6.37e-16	0.00e+00
 1.66323e+17	1.00e+00	6.24e-16	0.00e+00
 1.66492e+17	1.00e+00	6.09e-16	0.00e+00
 1.66698e+17	1.00e+00	5.91e-16	0.00e+00
 1.66918e+17	1.00e+00	5.71e-16	0.00e+00
 1.67111e+17	1.00e+00	5.53e-16	0.00e+00
 1.67264e+17	1.00e+00	5.39e-16	0.00e+00
 1.67403e+17	1.00e+00	5.27e-16	0.00e+00
 1.67554e+17	1.00e+00	5.14e-16	0.00e+00
 1.67735e+17	1.00e+00	4.99e-16	0.00e+00
 1.67932e+17	1.00e+00	4.82e-16	0.00e+00
 1.68111e+17	1.00e+00	4.66e-16	0.00e+00
 1.68257e+17	1.00e+00	4.53e-16	0.00e+00
 1.68385e+17	1.00e+00	4.43e-16	0.00e+00
 1.68523e+17	1.00e+00	4.31e-16	0.00e+00
 1.68686e+17	1.00e+00	4.18e-16	0.00e+00
 1.68865e+17	1.00e+00	4.03e-16	0.00e+00
 1.69030e+17	1.00e+00	3.89e-16	0.00e+00
 1.69168e+17	1.00e+00	3.78e-16	0.00e+00
 1.69289e+17	1.00e+00	3.68e-16	0.00e+00
 1.69418e+17	1.00e+00	3.57e-16	0.00e+00
 1.69569e+17	1.00e+00	3.46e-16	0.00e+00
 1.69734e+17	1.00e+00	3.33e-16	0.00e+00
 1.69888e+17	1.00e+00	3.20e-16	0.00e+00
 1.70020e+17	1.00e+00	3.10e-16	0.00e+00
 1.70138e+17	1.00e+00	3.01e-16	0.00e+00
 1.70263e+17	1.00e+00	2.92e-16	0.00e+00
 1.70407e+17	1.00e+00	2.82e-16	0.00e+00
 1.70565e+17	1.00e+00	2.70e-16	0.00e+00
 1.70714e+17	1.00e+00	2.59e-16	0.00e+00
 1.70843e+17	1.00e+00	2.50e-16	0.00e+00
 1.70960e+17	1.00e+00	2.42e-16	0.00e+00
 1.71083e+17	1.00e+00	2.34e-16	0.00e+00
 1.71224e+17	1.00e+00	2.25e-16	0.00e+00
 1.71378e+17	1.00e+00	2.16e-16	0.00e+00
 1.71526e+17	1.00e+00	2.06e-16	0.00e+00
 1.71656e+17	1.00e+00	1.98e-16	0.00e+00
 1.71775e+17	1.00e+00	1.91e-16	0.00e+00
 1.71900e+17	1.00e+00	1.84e-16	0.00e+00
 1.72041e+17	1.00e+00	1.77e-16	0.00e+00
 1.72194e+17	1.00e+00	1.69e-16	0.00e+00
 1.72344e+17	1.00e+00	1.61e-16	0.00e+00
 1.72479e+17	1.00e+00	1.54e-16	0.00e+00
 1.72605e+17	1.00e+00	1.48e-16	0.00e+00
 1.72736e+17	1.00e+00	1.42e-16	0.00e+00
 1.72882e+17	1.00e+00	1.36e-16	0.00e+00
 1.73040e+17	1.00e+00	1.29e-16	0.00e+00
 1.73195e+17	1.00e+00	1.23e-16	0.00e+00
 1.73339e+17	1.00e+00	1.17e-16	0.00e+00
 1.73475e+17	1.00e+00	1.12e-16	0.00e+00
 1.73618e+17	1.00e+00	1.07e-16	0.00e+00
 1.73775e+17	1.00e+00	1.02e-16	0.00e+00
 1.73943e+17	1.00e+00	9.71e-17	0.00e+00
 1.74111e+17	1.00e+00	9.21e-17	0.00e+00
 1.74271e+17	1.00e+00	8.75e-17	0.00e+00
 1.74426e+17	1.00e+00	8.34e-17	0.00e+00
 1.74588e+17	1.00e+00	7.95e-17	0.00e+00
 1.74766e+17	1.00e+00	7.55e-17	0.00e+00
 1.74957e+17	1.00e+00	7.13e-17	0.00e+00
 1.75150e+17	1.00e+00	6.74e-17	0.00e+00
 1.75337e+17	1.00e+00	6.38e-17	0.00e+00
 1.75524e+17	1.00e+00	6.06e-17	0.00e+00
 1.75721e+17	1.00e+00	5.74e-17	0.00e+00
 1.75938e+17	1.00e+00	5.42e-17	0.00e+00
 1.76172e+17	1.00e+00	5.10e-17	0.00e+00
 1.76412e+17	1.00e+00	4.80e-17	0.00e+00
 1.76651e+17	1.00e+00	4.52e-17	0.00e+00
 1.76896e+17	1.00e+00	4.26e-17	0.00e+00
 1.77161e+17	1.00e+00	4.01e-17	0.00e+00
 1.77456e+17	1.00e+00	3.76e-17	0.00e+00
 1.77777e+17	1.00e+00	3.51e-17	0.00e+00
 1.78113e+17	1.00e+00	3.28e-17	0.00e+00
 1.78461e+17	1.00e+00	3.06e-17	0.00e+00
 1.78831e+17	1.00e+00	2.86e-17	0.00e+00
