#depth	C	C+	C+2	C+3	C+4	C+5	C+6	C[1]	C[2]	C[3]	C+[1]	C+[2]	CO
 1.49634e+10	0.00e+00	6.63e-46	2.09e-33	1.52e-21	7.38e-09	3.24e-03	9.97e-01	0.00e+00	0.00e+00	0.00e+00	0.00e+00	0.00e+00	0.00e+00
 4.54887e+10	0.00e+00	0.00e+00	2.86e-33	1.93e-21	8.64e-09	3.50e-03	9.96e-01	0.00e+00	0.00e+00	0.00e+00	0.00e+00	0.00e+00	0.00e+00
 7.72350e+10	0.00e+00	1.46e-45	3.93e-33	2.45e-21	1.01e-08	3.79e-03	9.96e-01	0.00e+00	0.00e+00	0.00e+00	0.00e+00	0.00e+00	0.00e+00
 1.10251e+11	0.00e+00	0.00e+00	5.39e-33	3.10e-21	1.19e-08	4.10e-03	9.96e-01	0.00e+00	0.00e+00	0.00e+00	0.00e+00	0.00e+00	0.00e+00
 1.44588e+11	0.00e+00	3.21e-45	7.39e-33	3.93e-21	1.39e-08	4.43e-03	9.96e-01	0.00e+00	0.00e+00	0.00e+00	0.00e+00	0.00e+00	0.00e+00
 1.80298e+11	0.00e+00	0.00e+00	1.01e-32	4.99e-21	1.63e-08	4.79e-03	9.95e-01	0.00e+00	0.00e+00	0.00e+00	0.00e+00	0.00e+00	0.00e+00
 2.17437e+11	0.00e+00	7.07e-45	1.39e-32	6.34e-21	1.92e-08	5.18e-03	9.95e-01	0.00e+00	0.00e+00	0.00e+00	0.00e+00	0.00e+00	0.00e+00
 2.56061e+11	0.00e+00	0.00e+00	1.91e-32	8.04e-21	2.25e-08	5.60e-03	9.94e-01	0.00e+00	0.00e+00	0.00e+00	0.00e+00	0.00e+00	0.00e+00
 2.96231e+11	0.00e+00	1.56e-44	2.62e-32	1.02e-20	2.64e-08	6.06e-03	9.94e-01	0.00e+00	0.00e+00	0.00e+00	0.00e+00	0.00e+00	0.00e+00
 3.38007e+11	0.00e+00	0.00e+00	3.60e-32	1.30e-20	3.10e-08	6.55e-03	9.93e-01	0.00e+00	0.00e+00	0.00e+00	0.00e+00	0.00e+00	0.00e+00
 3.81454e+11	0.00e+00	3.44e-44	4.95e-32	1.65e-20	3.64e-08	7.08e-03	9.93e-01	0.00e+00	0.00e+00	0.00e+00	0.00e+00	0.00e+00	0.00e+00
 4.25647e+11	0.00e+00	0.00e+00	6.75e-32	2.08e-20	4.26e-08	7.64e-03	9.92e-01	0.00e+00	0.00e+00	0.00e+00	0.00e+00	0.00e+00	0.00e+00
 4.71609e+11	0.00e+00	7.47e-44	9.22e-32	2.63e-20	4.99e-08	8.25e-03	9.92e-01	0.00e+00	0.00e+00	0.00e+00	0.00e+00	0.00e+00	0.00e+00
 5.20400e+11	0.00e+00	0.00e+00	1.27e-31	3.34e-20	5.86e-08	8.92e-03	9.91e-01	0.00e+00	0.00e+00	0.00e+00	0.00e+00	0.00e+00	0.00e+00
 5.71143e+11	0.00e+00	1.65e-43	1.74e-31	4.24e-20	6.88e-08	9.64e-03	9.90e-01	0.00e+00	0.00e+00	0.00e+00	0.00e+00	0.00e+00	0.00e+00
 6.23915e+11	0.00e+00	0.00e+00	2.39e-31	5.39e-20	8.09e-08	1.04e-02	9.90e-01	0.00e+00	0.00e+00	0.00e+00	0.00e+00	0.00e+00	0.00e+00
 6.78798e+11	0.00e+00	3.65e-43	3.29e-31	6.86e-20	9.51e-08	1.13e-02	9.89e-01	0.00e+00	0.00e+00	0.00e+00	0.00e+00	0.00e+00	0.00e+00
 7.35877e+11	0.00e+00	0.00e+00	4.53e-31	8.72e-20	1.12e-07	1.22e-02	9.88e-01	0.00e+00	0.00e+00	0.00e+00	0.00e+00	0.00e+00	0.00e+00
 7.95239e+11	0.00e+00	8.08e-43	6.23e-31	1.11e-19	1.31e-07	1.31e-02	9.87e-01	0.00e+00	0.00e+00	0.00e+00	0.00e+00	0.00e+00	0.00e+00
 8.56975e+11	0.00e+00	0.00e+00	8.57e-31	1.41e-19	1.55e-07	1.42e-02	9.86e-01	0.00e+00	0.00e+00	0.00e+00	0.00e+00	0.00e+00	0.00e+00
 9.21181e+11	0.00e+00	1.79e-42	1.18e-30	1.80e-19	1.82e-07	1.53e-02	9.85e-01	0.00e+00	0.00e+00	0.00e+00	0.00e+00	0.00e+00	0.00e+00
 9.87955e+11	0.00e+00	0.00e+00	1.62e-30	2.29e-19	2.14e-07	1.66e-02	9.83e-01	0.00e+00	0.00e+00	0.00e+00	0.00e+00	0.00e+00	0.00e+00
 1.05740e+12	0.00e+00	3.97e-42	2.24e-30	2.91e-19	2.52e-07	1.79e-02	9.82e-01	0.00e+00	0.00e+00	0.00e+00	0.00e+00	0.00e+00	0.00e+00
 1.12962e+12	0.00e+00	0.00e+00	3.08e-30	3.71e-19	2.97e-07	1.93e-02	9.81e-01	0.00e+00	0.00e+00	0.00e+00	0.00e+00	0.00e+00	0.00e+00
 1.20473e+12	0.00e+00	8.81e-42	4.24e-30	4.72e-19	3.49e-07	2.09e-02	9.79e-01	0.00e+00	0.00e+00	0.00e+00	0.00e+00	0.00e+00	0.00e+00
 1.27641e+12	0.00e+00	0.00e+00	5.70e-30	5.90e-19	4.06e-07	2.24e-02	9.78e-01	0.00e+00	0.00e+00	0.00e+00	0.00e+00	0.00e+00	0.00e+00
 1.34212e+12	0.00e+00	1.76e-41	7.40e-30	7.18e-19	4.64e-07	2.39e-02	9.76e-01	0.00e+00	0.00e+00	0.00e+00	0.00e+00	0.00e+00	0.00e+00
 1.41648e+12	0.00e+00	0.00e+00	9.84e-30	8.91e-19	5.37e-07	2.55e-02	9.74e-01	0.00e+00	0.00e+00	0.00e+00	0.00e+00	0.00e+00	0.00e+00
 1.50264e+12	0.00e+00	3.74e-41	1.35e-29	1.13e-18	6.32e-07	2.76e-02	9.72e-01	0.00e+00	0.00e+00	0.00e+00	0.00e+00	0.00e+00	0.00e+00
 1.58630e+12	0.00e+00	0.00e+00	1.83e-29	1.42e-18	7.36e-07	2.96e-02	9.70e-01	0.00e+00	0.00e+00	0.00e+00	0.00e+00	0.00e+00	0.00e+00
 1.66446e+12	0.00e+00	7.58e-41	2.39e-29	1.74e-18	8.45e-07	3.15e-02	9.68e-01	0.00e+00	0.00e+00	0.00e+00	0.00e+00	0.00e+00	0.00e+00
 1.75211e+12	0.00e+00	0.00e+00	3.20e-29	2.17e-18	9.80e-07	3.38e-02	9.66e-01	0.00e+00	0.00e+00	0.00e+00	0.00e+00	0.00e+00	0.00e+00
 1.85212e+12	0.00e+00	1.62e-40	4.41e-29	2.77e-18	1.16e-06	3.64e-02	9.64e-01	0.00e+00	0.00e+00	0.00e+00	0.00e+00	0.00e+00	0.00e+00
 1.95097e+12	0.00e+00	0.00e+00	5.99e-29	3.49e-18	1.35e-06	3.92e-02	9.61e-01	0.00e+00	0.00e+00	0.00e+00	0.00e+00	0.00e+00	0.00e+00
 2.05378e+12	0.00e+00	3.47e-40	8.13e-29	4.39e-18	1.58e-06	4.21e-02	9.58e-01	0.00e+00	0.00e+00	0.00e+00	0.00e+00	0.00e+00	0.00e+00
 2.16586e+12	0.00e+00	0.00e+00	1.12e-28	5.60e-18	1.86e-06	4.54e-02	9.55e-01	0.00e+00	0.00e+00	0.00e+00	0.00e+00	0.00e+00	0.00e+00
 2.27918e+12	0.00e+00	7.64e-40	1.53e-28	7.08e-18	2.18e-06	4.88e-02	9.51e-01	0.00e+00	0.00e+00	0.00e+00	0.00e+00	0.00e+00	0.00e+00
 2.39046e+12	0.00e+00	0.00e+00	2.06e-28	8.85e-18	2.53e-06	5.22e-02	9.48e-01	0.00e+00	0.00e+00	0.00e+00	0.00e+00	0.00e+00	0.00e+00
 2.50944e+12	0.00e+00	1.61e-39	2.78e-28	1.11e-17	2.96e-06	5.61e-02	9.44e-01	0.00e+00	0.00e+00	0.00e+00	0.00e+00	0.00e+00	0.00e+00
 2.63975e+12	0.00e+00	0.00e+00	3.83e-28	1.42e-17	3.48e-06	6.04e-02	9.40e-01	0.00e+00	0.00e+00	0.00e+00	0.00e+00	0.00e+00	0.00e+00
 2.77182e+12	0.00e+00	3.53e-39	5.23e-28	1.79e-17	4.08e-06	6.48e-02	9.35e-01	0.00e+00	0.00e+00	0.00e+00	0.00e+00	0.00e+00	0.00e+00
 2.90918e+12	0.00e+00	0.00e+00	7.14e-28	2.26e-17	4.77e-06	6.96e-02	9.30e-01	0.00e+00	0.00e+00	0.00e+00	0.00e+00	0.00e+00	0.00e+00
 3.05547e+12	0.00e+00	7.74e-39	9.82e-28	2.88e-17	5.61e-06	7.49e-02	9.25e-01	0.00e+00	0.00e+00	0.00e+00	0.00e+00	0.00e+00	0.00e+00
 3.20762e+12	0.00e+00	0.00e+00	1.35e-27	3.66e-17	6.59e-06	8.05e-02	9.19e-01	0.00e+00	0.00e+00	0.00e+00	0.00e+00	0.00e+00	0.00e+00
 3.36083e+12	0.00e+00	1.69e-38	1.84e-27	4.61e-17	7.70e-06	8.64e-02	9.14e-01	0.00e+00	0.00e+00	0.00e+00	0.00e+00	0.00e+00	0.00e+00
 3.52017e+12	0.00e+00	0.00e+00	2.50e-27	5.81e-17	8.99e-06	9.26e-02	9.07e-01	0.00e+00	0.00e+00	0.00e+00	0.00e+00	0.00e+00	0.00e+00
 3.69091e+12	0.00e+00	3.68e-38	3.42e-27	7.36e-17	1.05e-05	9.94e-02	9.01e-01	0.00e+00	0.00e+00	0.00e+00	0.00e+00	0.00e+00	0.00e+00
 3.86847e+12	0.00e+00	0.00e+00	4.69e-27	9.33e-17	1.23e-05	1.07e-01	8.93e-01	0.00e+00	0.00e+00	0.00e+00	0.00e+00	0.00e+00	0.00e+00
 4.05314e+12	0.00e+00	8.07e-38	6.43e-27	1.18e-16	1.44e-05	1.14e-01	8.86e-01	0.00e+00	0.00e+00	0.00e+00	0.00e+00	0.00e+00	0.00e+00
 4.24519e+12	0.00e+00	0.00e+00	8.80e-27	1.49e-16	1.69e-05	1.23e-01	8.77e-01	0.00e+00	0.00e+00	0.00e+00	0.00e+00	0.00e+00	0.00e+00
 4.44492e+12	0.00e+00	1.77e-37	1.20e-26	1.89e-16	1.97e-05	1.31e-01	8.69e-01	0.00e+00	0.00e+00	0.00e+00	0.00e+00	0.00e+00	0.00e+00
 4.65265e+12	0.00e+00	0.00e+00	1.64e-26	2.39e-16	2.30e-05	1.40e-01	8.60e-01	0.00e+00	0.00e+00	0.00e+00	0.00e+00	0.00e+00	0.00e+00
 4.86868e+12	0.00e+00	3.86e-37	2.24e-26	3.01e-16	2.69e-05	1.50e-01	8.50e-01	0.00e+00	0.00e+00	0.00e+00	0.00e+00	0.00e+00	0.00e+00
 5.09335e+12	0.00e+00	0.00e+00	3.06e-26	3.79e-16	3.13e-05	1.61e-01	8.39e-01	0.00e+00	0.00e+00	0.00e+00	0.00e+00	0.00e+00	0.00e+00
 5.32701e+12	0.00e+00	8.37e-37	4.16e-26	4.77e-16	3.64e-05	1.71e-01	8.29e-01	0.00e+00	0.00e+00	0.00e+00	0.00e+00	0.00e+00	0.00e+00
 5.57002e+12	0.00e+00	0.00e+00	5.66e-26	6.00e-16	4.23e-05	1.83e-01	8.17e-01	0.00e+00	0.00e+00	0.00e+00	0.00e+00	0.00e+00	0.00e+00
 5.82275e+12	0.00e+00	1.81e-36	7.69e-26	7.53e-16	4.91e-05	1.95e-01	8.05e-01	0.00e+00	0.00e+00	0.00e+00	0.00e+00	0.00e+00	0.00e+00
 6.08558e+12	7.54e-48	2.66e-36	1.04e-25	9.45e-16	5.69e-05	2.07e-01	7.92e-01	0.00e+00	0.00e+00	0.00e+00	0.00e+00	0.00e+00	0.00e+00
 6.35893e+12	0.00e+00	0.00e+00	1.41e-25	1.18e-15	6.59e-05	2.21e-01	7.79e-01	0.00e+00	0.00e+00	0.00e+00	0.00e+00	0.00e+00	0.00e+00
 6.64322e+12	0.00e+00	5.71e-36	1.91e-25	1.48e-15	7.62e-05	2.35e-01	7.65e-01	0.00e+00	0.00e+00	0.00e+00	0.00e+00	0.00e+00	0.00e+00
 6.90812e+12	2.86e-47	8.03e-36	2.51e-25	1.81e-15	8.68e-05	2.47e-01	7.52e-01	0.00e+00	0.00e+00	0.00e+00	0.00e+00	0.00e+00	0.00e+00
 7.14094e+12	0.00e+00	0.00e+00	3.15e-25	2.14e-15	9.67e-05	2.59e-01	7.41e-01	0.00e+00	0.00e+00	0.00e+00	0.00e+00	0.00e+00	0.00e+00
 7.40047e+12	0.00e+00	1.46e-35	4.04e-25	2.57e-15	1.09e-04	2.71e-01	7.28e-01	0.00e+00	0.00e+00	0.00e+00	0.00e+00	0.00e+00	0.00e+00
 7.71307e+12	9.15e-47	2.10e-35	5.37e-25	3.17e-15	1.24e-04	2.87e-01	7.13e-01	0.00e+00	0.00e+00	0.00e+00	0.00e+00	0.00e+00	0.00e+00
 8.02773e+12	0.00e+00	0.00e+00	7.08e-25	3.88e-15	1.42e-04	3.02e-01	6.98e-01	0.00e+00	0.00e+00	0.00e+00	0.00e+00	0.00e+00	0.00e+00
 8.31602e+12	0.00e+00	4.06e-35	9.03e-25	4.64e-15	1.59e-04	3.16e-01	6.84e-01	0.00e+00	0.00e+00	0.00e+00	0.00e+00	0.00e+00	0.00e+00
 8.63695e+12	3.03e-46	5.65e-35	1.17e-24	5.61e-15	1.79e-04	3.31e-01	6.69e-01	0.00e+00	0.00e+00	0.00e+00	0.00e+00	0.00e+00	0.00e+00
 9.00968e+12	0.00e+00	0.00e+00	1.57e-24	6.94e-15	2.04e-04	3.49e-01	6.51e-01	0.00e+00	0.00e+00	0.00e+00	0.00e+00	0.00e+00	0.00e+00
 9.37458e+12	0.00e+00	1.15e-34	2.06e-24	8.46e-15	2.32e-04	3.66e-01	6.34e-01	0.00e+00	0.00e+00	0.00e+00	0.00e+00	0.00e+00	0.00e+00
 9.71888e+12	1.06e-45	1.58e-34	2.64e-24	1.01e-14	2.59e-04	3.81e-01	6.19e-01	0.00e+00	0.00e+00	0.00e+00	0.00e+00	0.00e+00	0.00e+00
 1.01024e+13	0.00e+00	0.00e+00	3.43e-24	1.23e-14	2.92e-04	3.98e-01	6.01e-01	0.00e+00	0.00e+00	0.00e+00	0.00e+00	0.00e+00	1.14e-206
 1.05364e+13	0.00e+00	3.19e-34	4.57e-24	1.51e-14	3.32e-04	4.17e-01	5.82e-01	0.00e+00	0.00e+00	0.00e+00	0.00e+00	0.00e+00	3.18e-236
 1.09708e+13	3.80e-45	4.53e-34	6.02e-24	1.84e-14	3.75e-04	4.36e-01	5.64e-01	0.00e+00	0.00e+00	0.00e+00	0.00e+00	0.00e+00	5.92e-304
 1.14227e+13	0.00e+00	0.00e+00	7.92e-24	2.24e-14	4.24e-04	4.55e-01	5.45e-01	0.00e+00	0.00e+00	0.00e+00	0.00e+00	0.00e+00	4.85e-206
 1.19095e+13	0.00e+00	9.24e-34	1.05e-23	2.75e-14	4.80e-04	4.75e-01	5.25e-01	0.00e+00	0.00e+00	0.00e+00	0.00e+00	0.00e+00	6.03e-235
 1.24158e+13	1.40e-44	1.32e-33	1.39e-23	3.36e-14	5.42e-04	4.94e-01	5.05e-01	0.00e+00	0.00e+00	0.00e+00	0.00e+00	0.00e+00	7.20e-303
 1.29424e+13	0.00e+00	0.00e+00	1.84e-23	4.11e-14	6.11e-04	5.14e-01	4.85e-01	0.00e+00	0.00e+00	0.00e+00	0.00e+00	0.00e+00	2.43e-205
 1.34900e+13	0.00e+00	2.71e-33	2.43e-23	5.01e-14	6.89e-04	5.34e-01	4.66e-01	0.00e+00	0.00e+00	0.00e+00	0.00e+00	0.00e+00	1.42e-233
 1.40595e+13	5.20e-44	3.87e-33	3.20e-23	6.10e-14	7.74e-04	5.53e-01	4.46e-01	0.00e+00	0.00e+00	0.00e+00	0.00e+00	0.00e+00	2.13e-302
 1.46518e+13	0.00e+00	0.00e+00	4.21e-23	7.41e-14	8.69e-04	5.73e-01	4.26e-01	0.00e+00	0.00e+00	0.00e+00	0.00e+00	0.00e+00	4.67e-204
 1.52678e+13	0.00e+00	7.85e-33	5.54e-23	9.00e-14	9.75e-04	5.92e-01	4.07e-01	0.00e+00	0.00e+00	0.00e+00	0.00e+00	0.00e+00	1.55e-232
 1.59085e+13	1.91e-43	1.12e-32	7.28e-23	1.09e-13	1.09e-03	6.11e-01	3.88e-01	0.00e+00	0.00e+00	0.00e+00	0.00e+00	0.00e+00	2.77e-302
 1.65748e+13	0.00e+00	0.00e+00	9.54e-23	1.32e-13	1.22e-03	6.30e-01	3.69e-01	0.00e+00	0.00e+00	0.00e+00	0.00e+00	0.00e+00	0.00e+00
 1.72677e+13	0.00e+00	2.25e-32	1.25e-22	1.60e-13	1.36e-03	6.48e-01	3.51e-01	0.00e+00	0.00e+00	0.00e+00	0.00e+00	0.00e+00	3.38e-231
 1.79883e+13	6.91e-43	3.19e-32	1.63e-22	1.93e-13	1.52e-03	6.66e-01	3.33e-01	0.00e+00	0.00e+00	0.00e+00	0.00e+00	0.00e+00	1.01e-300
 1.86935e+13	0.00e+00	4.42e-32	2.10e-22	2.30e-13	1.68e-03	6.82e-01	3.16e-01	0.00e+00	0.00e+00	0.00e+00	0.00e+00	0.00e+00	7.85e-159
 1.93461e+13	1.48e-42	5.92e-32	2.63e-22	2.69e-13	1.83e-03	6.96e-01	3.02e-01	0.00e+00	0.00e+00	0.00e+00	0.00e+00	0.00e+00	7.02e-227
 2.00691e+13	0.00e+00	8.08e-32	3.35e-22	3.18e-13	2.01e-03	7.11e-01	2.87e-01	0.00e+00	0.00e+00	0.00e+00	0.00e+00	0.00e+00	5.02e-295
 2.09018e+13	3.33e-42	1.14e-31	4.36e-22	3.82e-13	2.23e-03	7.27e-01	2.71e-01	0.00e+00	0.00e+00	0.00e+00	0.00e+00	0.00e+00	2.72e-136
 2.17205e+13	0.00e+00	1.58e-31	5.60e-22	4.54e-13	2.46e-03	7.42e-01	2.56e-01	0.00e+00	0.00e+00	0.00e+00	0.00e+00	0.00e+00	5.36e-205
 2.25720e+13	7.45e-42	2.19e-31	7.19e-22	5.40e-13	2.71e-03	7.56e-01	2.41e-01	0.00e+00	0.00e+00	0.00e+00	0.00e+00	0.00e+00	9.26e-274
 2.35048e+13	0.00e+00	3.09e-31	9.36e-22	6.47e-13	3.00e-03	7.70e-01	2.27e-01	0.00e+00	0.00e+00	0.00e+00	0.00e+00	0.00e+00	9.96e-156
 2.44514e+13	1.72e-41	4.32e-31	1.21e-21	7.72e-13	3.30e-03	7.83e-01	2.13e-01	0.00e+00	0.00e+00	0.00e+00	0.00e+00	0.00e+00	3.69e-225
 2.54358e+13	0.00e+00	6.05e-31	1.56e-21	9.20e-13	3.63e-03	7.96e-01	2.00e-01	0.00e+00	0.00e+00	0.00e+00	0.00e+00	0.00e+00	1.26e-294
 2.64832e+13	3.99e-41	8.52e-31	2.03e-21	1.10e-12	4.00e-03	8.09e-01	1.87e-01	0.00e+00	0.00e+00	0.00e+00	0.00e+00	0.00e+00	2.14e-133
 2.75724e+13	0.00e+00	1.20e-30	2.63e-21	1.32e-12	4.41e-03	8.20e-01	1.75e-01	0.00e+00	0.00e+00	0.00e+00	0.00e+00	0.00e+00	5.37e-204
 2.87053e+13	9.33e-41	1.69e-30	3.42e-21	1.57e-12	4.85e-03	8.31e-01	1.64e-01	0.00e+00	0.00e+00	0.00e+00	0.00e+00	0.00e+00	2.10e-132
 2.98834e+13	0.00e+00	2.38e-30	4.43e-21	1.88e-12	5.34e-03	8.42e-01	1.53e-01	0.00e+00	0.00e+00	0.00e+00	0.00e+00	0.00e+00	0.00e+00
 3.11087e+13	2.18e-40	3.36e-30	5.76e-21	2.24e-12	5.87e-03	8.52e-01	1.42e-01	0.00e+00	0.00e+00	0.00e+00	0.00e+00	0.00e+00	2.09e-131
 3.23829e+13	0.00e+00	4.73e-30	7.47e-21	2.68e-12	6.45e-03	8.61e-01	1.32e-01	0.00e+00	0.00e+00	0.00e+00	0.00e+00	0.00e+00	0.00e+00
 3.37082e+13	5.12e-40	6.67e-30	9.70e-21	3.20e-12	7.08e-03	8.70e-01	1.23e-01	0.00e+00	0.00e+00	0.00e+00	0.00e+00	0.00e+00	2.08e-130
 3.49561e+13	0.00e+00	9.10e-30	1.23e-20	3.75e-12	7.70e-03	8.77e-01	1.15e-01	0.00e+00	0.00e+00	0.00e+00	0.00e+00	0.00e+00	0.00e+00
 3.60750e+13	1.05e-39	1.19e-29	1.51e-20	4.31e-12	8.28e-03	8.83e-01	1.09e-01	0.00e+00	0.00e+00	0.00e+00	0.00e+00	0.00e+00	1.47e-129
 3.73321e+13	0.00e+00	1.60e-29	1.89e-20	5.01e-12	8.96e-03	8.89e-01	1.02e-01	0.00e+00	0.00e+00	0.00e+00	0.00e+00	0.00e+00	0.00e+00
 3.88184e+13	2.31e-39	2.25e-29	2.44e-20	5.95e-12	9.80e-03	8.96e-01	9.45e-02	0.00e+00	0.00e+00	0.00e+00	0.00e+00	0.00e+00	1.23e-128
 4.03048e+13	0.00e+00	3.11e-29	3.12e-20	7.03e-12	1.07e-02	9.01e-01	8.79e-02	0.00e+00	0.00e+00	0.00e+00	0.00e+00	0.00e+00	0.00e+00
 4.17052e+13	5.02e-39	4.19e-29	3.91e-20	8.18e-12	1.15e-02	9.06e-01	8.22e-02	0.00e+00	0.00e+00	0.00e+00	0.00e+00	0.00e+00	9.95e-128
 4.32579e+13	0.00e+00	5.76e-29	4.97e-20	9.62e-12	1.26e-02	9.11e-01	7.65e-02	0.00e+00	0.00e+00	0.00e+00	0.00e+00	0.00e+00	0.00e+00
 4.50181e+13	1.15e-38	8.16e-29	6.47e-20	1.15e-11	1.37e-02	9.16e-01	7.06e-02	0.00e+00	0.00e+00	0.00e+00	0.00e+00	0.00e+00	9.35e-127
 4.67790e+13	0.00e+00	1.14e-28	8.35e-20	1.36e-11	1.50e-02	9.20e-01	6.53e-02	0.00e+00	0.00e+00	0.00e+00	0.00e+00	0.00e+00	0.00e+00
 4.86102e+13	2.67e-38	1.60e-28	1.08e-19	1.62e-11	1.64e-02	9.23e-01	6.03e-02	0.00e+00	0.00e+00	0.00e+00	0.00e+00	0.00e+00	9.02e-126
 5.05845e+13	0.00e+00	2.28e-28	1.41e-19	1.93e-11	1.79e-02	9.27e-01	5.55e-02	0.00e+00	0.00e+00	0.00e+00	0.00e+00	0.00e+00	0.00e+00
 5.24283e+13	6.14e-38	3.14e-28	1.79e-19	2.27e-11	1.94e-02	9.29e-01	5.15e-02	0.00e+00	0.00e+00	0.00e+00	0.00e+00	0.00e+00	8.51e-125
 5.40539e+13	0.00e+00	4.11e-28	2.20e-19	2.60e-11	2.08e-02	9.31e-01	4.82e-02	0.00e+00	0.00e+00	0.00e+00	0.00e+00	0.00e+00	0.00e+00
 5.58673e+13	1.24e-37	5.53e-28	2.76e-19	3.02e-11	2.25e-02	9.33e-01	4.49e-02	0.00e+00	0.00e+00	0.00e+00	0.00e+00	0.00e+00	5.67e-124
 5.80450e+13	0.00e+00	7.74e-28	3.56e-19	3.58e-11	2.45e-02	9.34e-01	4.14e-02	0.00e+00	0.00e+00	0.00e+00	0.00e+00	0.00e+00	0.00e+00
 6.02545e+13	2.89e-37	1.09e-27	4.61e-19	4.26e-11	2.67e-02	9.35e-01	3.81e-02	0.00e+00	0.00e+00	0.00e+00	0.00e+00	0.00e+00	5.47e-123
 6.22937e+13	0.00e+00	1.47e-27	5.79e-19	4.96e-11	2.88e-02	9.36e-01	3.54e-02	0.00e+00	0.00e+00	0.00e+00	0.00e+00	0.00e+00	0.00e+00
 6.45534e+13	6.27e-37	2.03e-27	7.39e-19	5.83e-11	3.12e-02	9.36e-01	3.27e-02	0.00e+00	0.00e+00	0.00e+00	0.00e+00	0.00e+00	4.37e-122
 6.71622e+13	0.00e+00	2.91e-27	9.72e-19	7.00e-11	3.41e-02	9.36e-01	2.98e-02	0.00e+00	0.00e+00	0.00e+00	0.00e+00	0.00e+00	0.00e+00
 6.97075e+13	1.50e-36	4.09e-27	1.26e-18	8.31e-11	3.72e-02	9.35e-01	2.74e-02	0.00e+00	0.00e+00	0.00e+00	0.00e+00	0.00e+00	4.49e-121
 7.21224e+13	0.00e+00	5.59e-27	1.59e-18	9.72e-11	4.02e-02	9.35e-01	2.53e-02	0.00e+00	0.00e+00	0.00e+00	0.00e+00	0.00e+00	0.00e+00
 7.48048e+13	3.35e-36	7.81e-27	2.06e-18	1.15e-10	4.36e-02	9.33e-01	2.32e-02	0.00e+00	0.00e+00	0.00e+00	0.00e+00	0.00e+00	3.84e-120
 7.78270e+13	0.00e+00	1.13e-26	2.71e-18	1.38e-10	4.78e-02	9.31e-01	2.12e-02	0.00e+00	0.00e+00	0.00e+00	0.00e+00	0.00e+00	0.00e+00
 8.08460e+13	8.14e-36	1.60e-26	3.55e-18	1.65e-10	5.21e-02	9.29e-01	1.93e-02	0.00e+00	0.00e+00	0.00e+00	0.00e+00	0.00e+00	4.11e-119
 8.39857e+13	0.00e+00	2.27e-26	4.64e-18	1.98e-10	5.68e-02	9.26e-01	1.76e-02	0.00e+00	0.00e+00	0.00e+00	0.00e+00	0.00e+00	0.00e+00
 8.72754e+13	1.96e-35	3.25e-26	6.09e-18	2.37e-10	6.20e-02	9.22e-01	1.60e-02	0.00e+00	0.00e+00	0.00e+00	0.00e+00	0.00e+00	4.26e-118
 9.05189e+13	0.00e+00	4.56e-26	7.89e-18	2.81e-10	6.74e-02	9.18e-01	1.46e-02	0.00e+00	0.00e+00	0.00e+00	0.00e+00	0.00e+00	0.00e+00
 9.39918e+13	4.60e-35	6.46e-26	1.03e-17	3.36e-10	7.34e-02	9.13e-01	1.33e-02	0.00e+00	0.00e+00	0.00e+00	0.00e+00	0.00e+00	4.11e-117
 9.77814e+13	0.00e+00	9.33e-26	1.37e-17	4.05e-10	8.03e-02	9.08e-01	1.20e-02	0.00e+00	0.00e+00	0.00e+00	0.00e+00	0.00e+00	0.00e+00
 1.01723e+14	1.14e-34	1.35e-25	1.81e-17	4.88e-10	8.77e-02	9.01e-01	1.08e-02	0.00e+00	0.00e+00	0.00e+00	0.00e+00	0.00e+00	4.58e-116
 1.05821e+14	0.00e+00	1.94e-25	2.40e-17	5.88e-10	9.58e-02	8.94e-01	9.78e-03	0.00e+00	0.00e+00	0.00e+00	0.00e+00	0.00e+00	1.83e-99
 1.10084e+14	2.82e-34	2.80e-25	3.17e-17	7.09e-10	1.05e-01	8.87e-01	8.81e-03	0.00e+00	0.00e+00	0.00e+00	0.00e+00	0.00e+00	0.00e+00
 1.13938e+14	0.00e+00	3.84e-25	4.05e-17	8.34e-10	1.13e-01	8.79e-01	8.03e-03	0.00e+00	0.00e+00	0.00e+00	0.00e+00	0.00e+00	1.44e-133
 1.17147e+14	5.72e-34	4.96e-25	4.94e-17	9.51e-10	1.20e-01	8.73e-01	7.45e-03	0.00e+00	0.00e+00	0.00e+00	0.00e+00	0.00e+00	5.07e-97
 1.20663e+14	0.00e+00	6.50e-25	6.08e-17	1.09e-09	1.28e-01	8.65e-01	6.87e-03	0.00e+00	0.00e+00	0.00e+00	0.00e+00	0.00e+00	0.00e+00
 1.25119e+14	1.20e-33	9.05e-25	7.85e-17	1.29e-09	1.38e-01	8.55e-01	6.21e-03	0.00e+00	0.00e+00	0.00e+00	0.00e+00	0.00e+00	2.36e-113
 1.29770e+14	0.00e+00	1.26e-24	1.01e-16	1.53e-09	1.50e-01	8.45e-01	5.61e-03	0.00e+00	0.00e+00	0.00e+00	0.00e+00	0.00e+00	3.14e-97
 1.33712e+14	2.51e-33	1.65e-24	1.25e-16	1.76e-09	1.59e-01	8.35e-01	5.16e-03	0.00e+00	0.00e+00	0.00e+00	0.00e+00	0.00e+00	0.00e+00
 1.37758e+14	0.00e+00	2.15e-24	1.54e-16	2.02e-09	1.70e-01	8.26e-01	4.74e-03	0.00e+00	0.00e+00	0.00e+00	0.00e+00	0.00e+00	7.05e-131
 1.42860e+14	5.19e-33	2.97e-24	1.98e-16	2.39e-09	1.83e-01	8.13e-01	4.27e-03	0.00e+00	0.00e+00	0.00e+00	0.00e+00	0.00e+00	6.70e-95
 1.48063e+14	0.00e+00	4.07e-24	2.52e-16	2.81e-09	1.96e-01	8.00e-01	3.84e-03	0.00e+00	0.00e+00	0.00e+00	0.00e+00	0.00e+00	0.00e+00
 1.52551e+14	1.05e-32	5.28e-24	3.09e-16	3.21e-09	2.08e-01	7.88e-01	3.52e-03	0.00e+00	0.00e+00	0.00e+00	0.00e+00	0.00e+00	7.86e-111
 1.57382e+14	0.00e+00	6.92e-24	3.81e-16	3.69e-09	2.21e-01	7.76e-01	3.21e-03	0.00e+00	0.00e+00	0.00e+00	0.00e+00	0.00e+00	3.38e-95
 1.63329e+14	2.17e-32	9.50e-24	4.87e-16	4.34e-09	2.37e-01	7.60e-01	2.87e-03	0.00e+00	0.00e+00	0.00e+00	0.00e+00	0.00e+00	0.00e+00
 1.69429e+14	3.17e-32	1.29e-23	6.20e-16	5.09e-09	2.54e-01	7.43e-01	2.57e-03	0.00e+00	0.00e+00	0.00e+00	0.00e+00	0.00e+00	1.56e-109
 1.74989e+14	4.42e-32	1.70e-23	7.65e-16	5.85e-09	2.69e-01	7.28e-01	2.33e-03	0.00e+00	0.00e+00	0.00e+00	0.00e+00	0.00e+00	7.81e-93
 1.81146e+14	6.29e-32	2.26e-23	9.56e-16	6.77e-09	2.86e-01	7.12e-01	2.10e-03	0.00e+00	0.00e+00	0.00e+00	0.00e+00	0.00e+00	0.00e+00
 1.88334e+14	9.30e-32	3.10e-23	1.22e-15	7.96e-09	3.06e-01	6.93e-01	1.86e-03	0.00e+00	0.00e+00	0.00e+00	0.00e+00	0.00e+00	2.98e-108
 1.95453e+14	1.35e-31	4.18e-23	1.54e-15	9.27e-09	3.25e-01	6.73e-01	1.65e-03	0.00e+00	0.00e+00	0.00e+00	0.00e+00	0.00e+00	9.51e-92
 2.02220e+14	1.88e-31	5.49e-23	1.91e-15	1.06e-08	3.43e-01	6.55e-01	1.48e-03	0.00e+00	0.00e+00	0.00e+00	0.00e+00	0.00e+00	0.00e+00
 2.09702e+14	2.68e-31	7.31e-23	2.38e-15	1.23e-08	3.63e-01	6.36e-01	1.32e-03	0.00e+00	0.00e+00	0.00e+00	0.00e+00	0.00e+00	5.66e-107
 2.18120e+14	3.91e-31	9.93e-23	3.01e-15	1.43e-08	3.85e-01	6.14e-01	1.16e-03	0.00e+00	0.00e+00	0.00e+00	0.00e+00	0.00e+00	1.07e-90
 2.26546e+14	5.61e-31	1.33e-22	3.77e-15	1.66e-08	4.06e-01	5.93e-01	1.03e-03	0.00e+00	0.00e+00	0.00e+00	0.00e+00	0.00e+00	0.00e+00
 2.34027e+14	7.61e-31	1.70e-22	4.57e-15	1.87e-08	4.25e-01	5.74e-01	9.22e-04	0.00e+00	0.00e+00	0.00e+00	0.00e+00	0.00e+00	1.09e-105
 2.40315e+14	9.75e-31	2.08e-22	5.32e-15	2.07e-08	4.40e-01	5.59e-01	8.44e-04	0.00e+00	0.00e+00	0.00e+00	0.00e+00	0.00e+00	8.81e-90
 2.47082e+14	1.26e-30	2.55e-22	6.24e-15	2.29e-08	4.56e-01	5.43e-01	7.69e-04	0.00e+00	0.00e+00	0.00e+00	0.00e+00	0.00e+00	0.00e+00
 2.55879e+14	1.74e-30	3.31e-22	7.61e-15	2.59e-08	4.76e-01	5.23e-01	6.83e-04	0.00e+00	0.00e+00	0.00e+00	0.00e+00	0.00e+00	1.16e-104
 2.65084e+14	2.40e-30	4.28e-22	9.28e-15	2.94e-08	4.97e-01	5.03e-01	6.05e-04	0.00e+00	0.00e+00	0.00e+00	0.00e+00	0.00e+00	7.21e-89
 2.72950e+14	3.12e-30	5.29e-22	1.09e-14	3.25e-08	5.14e-01	4.86e-01	5.47e-04	0.00e+00	0.00e+00	0.00e+00	0.00e+00	0.00e+00	6.36e-104
 2.81307e+14	4.08e-30	6.57e-22	1.29e-14	3.61e-08	5.31e-01	4.69e-01	4.92e-04	0.00e+00	0.00e+00	0.00e+00	0.00e+00	0.00e+00	2.54e-88
 2.91766e+14	5.64e-30	8.52e-22	1.57e-14	4.08e-08	5.52e-01	4.48e-01	4.33e-04	0.00e+00	0.00e+00	0.00e+00	0.00e+00	0.00e+00	3.63e-103
 3.02521e+14	7.76e-30	1.10e-21	1.90e-14	4.61e-08	5.72e-01	4.27e-01	3.80e-04	0.00e+00	0.00e+00	0.00e+00	0.00e+00	0.00e+00	1.17e-87
 3.12070e+14	1.02e-29	1.36e-21	2.24e-14	5.10e-08	5.89e-01	4.10e-01	3.40e-04	0.00e+00	0.00e+00	0.00e+00	0.00e+00	0.00e+00	2.08e-102
 3.22488e+14	1.35e-29	1.71e-21	2.66e-14	5.67e-08	6.07e-01	3.92e-01	3.02e-04	0.00e+00	0.00e+00	0.00e+00	0.00e+00	0.00e+00	4.47e-87
 3.33955e+14	1.83e-29	2.17e-21	3.19e-14	6.33e-08	6.26e-01	3.74e-01	2.66e-04	0.00e+00	0.00e+00	0.00e+00	0.00e+00	0.00e+00	1.20e-101
 3.44498e+14	2.38e-29	2.68e-21	3.73e-14	6.97e-08	6.42e-01	3.57e-01	2.37e-04	0.00e+00	0.00e+00	0.00e+00	0.00e+00	0.00e+00	1.77e-86
 3.55918e+14	3.14e-29	3.34e-21	4.40e-14	7.71e-08	6.59e-01	3.41e-01	2.10e-04	0.00e+00	0.00e+00	0.00e+00	0.00e+00	0.00e+00	6.17e-101
 3.68666e+14	4.22e-29	4.23e-21	5.25e-14	8.57e-08	6.77e-01	3.23e-01	1.84e-04	0.00e+00	0.00e+00	0.00e+00	0.00e+00	0.00e+00	7.22e-86
 3.80646e+14	5.52e-29	5.23e-21	6.15e-14	9.42e-08	6.92e-01	3.08e-01	1.63e-04	0.00e+00	0.00e+00	0.00e+00	0.00e+00	0.00e+00	3.45e-100
 3.93728e+14	7.31e-29	6.53e-21	7.25e-14	1.04e-07	7.08e-01	2.92e-01	1.44e-04	0.00e+00	0.00e+00	0.00e+00	0.00e+00	0.00e+00	2.82e-85
 4.08253e+14	9.87e-29	8.28e-21	8.65e-14	1.15e-07	7.24e-01	2.76e-01	1.25e-04	0.00e+00	0.00e+00	0.00e+00	0.00e+00	0.00e+00	2.06e-99
 4.21815e+14	1.29e-28	1.02e-20	1.01e-13	1.26e-07	7.38e-01	2.62e-01	1.11e-04	0.00e+00	0.00e+00	0.00e+00	0.00e+00	0.00e+00	1.18e-84
 4.36607e+14	1.72e-28	1.28e-20	1.19e-13	1.39e-07	7.53e-01	2.47e-01	9.71e-05	0.00e+00	0.00e+00	0.00e+00	0.00e+00	0.00e+00	1.15e-98
 4.53132e+14	2.33e-28	1.62e-20	1.42e-13	1.54e-07	7.67e-01	2.33e-01	8.42e-05	0.00e+00	0.00e+00	0.00e+00	0.00e+00	0.00e+00	5.22e-84
 4.68754e+14	3.07e-28	2.01e-20	1.66e-13	1.69e-07	7.80e-01	2.20e-01	7.39e-05	0.00e+00	0.00e+00	0.00e+00	0.00e+00	0.00e+00	7.04e-98
 4.85751e+14	4.10e-28	2.53e-20	1.95e-13	1.85e-07	7.93e-01	2.07e-01	6.44e-05	0.00e+00	0.00e+00	0.00e+00	0.00e+00	0.00e+00	2.22e-83
 5.04713e+14	5.60e-28	3.22e-20	2.33e-13	2.05e-07	8.06e-01	1.94e-01	5.56e-05	0.00e+00	0.00e+00	0.00e+00	0.00e+00	0.00e+00	4.65e-97
 5.22898e+14	7.46e-28	4.02e-20	2.73e-13	2.24e-07	8.18e-01	1.82e-01	4.85e-05	0.00e+00	0.00e+00	0.00e+00	0.00e+00	0.00e+00	1.04e-82
 5.42307e+14	1.00e-27	5.05e-20	3.21e-13	2.46e-07	8.29e-01	1.71e-01	4.21e-05	0.00e+00	0.00e+00	0.00e+00	0.00e+00	0.00e+00	2.92e-96
 5.64030e+14	1.37e-27	6.46e-20	3.83e-13	2.71e-07	8.41e-01	1.59e-01	3.61e-05	0.00e+00	0.00e+00	0.00e+00	0.00e+00	0.00e+00	5.14e-82
 5.85746e+14	1.86e-27	8.17e-20	4.52e-13	2.97e-07	8.51e-01	1.49e-01	3.12e-05	0.00e+00	0.00e+00	0.00e+00	0.00e+00	0.00e+00	2.11e-95
 6.08330e+14	2.53e-27	1.03e-19	5.34e-13	3.25e-07	8.61e-01	1.39e-01	2.69e-05	0.00e+00	0.00e+00	0.00e+00	0.00e+00	0.00e+00	2.56e-81
 6.32693e+14	3.47e-27	1.32e-19	6.33e-13	3.57e-07	8.70e-01	1.30e-01	2.31e-05	0.00e+00	0.00e+00	0.00e+00	0.00e+00	0.00e+00	1.53e-94
 6.58031e+14	4.76e-27	1.68e-19	7.50e-13	3.92e-07	8.79e-01	1.21e-01	1.98e-05	0.00e+00	0.00e+00	0.00e+00	0.00e+00	0.00e+00	1.37e-80
 6.82885e+14	6.43e-27	2.11e-19	8.80e-13	4.27e-07	8.87e-01	1.13e-01	1.72e-05	0.00e+00	0.00e+00	0.00e+00	0.00e+00	0.00e+00	1.09e-93
 7.06172e+14	8.42e-27	2.60e-19	1.02e-12	4.61e-07	8.94e-01	1.06e-01	1.51e-05	0.00e+00	0.00e+00	0.00e+00	0.00e+00	0.00e+00	6.27e-80
 7.31888e+14	1.12e-26	3.23e-19	1.18e-12	5.00e-07	9.01e-01	9.92e-02	1.31e-05	0.00e+00	0.00e+00	0.00e+00	0.00e+00	0.00e+00	6.53e-93
 7.58097e+14	1.49e-26	4.02e-19	1.37e-12	5.41e-07	9.07e-01	9.30e-02	1.14e-05	0.00e+00	0.00e+00	0.00e+00	0.00e+00	0.00e+00	2.90e-79
 7.80119e+14	1.88e-26	4.79e-19	1.55e-12	5.77e-07	9.12e-01	8.82e-02	1.02e-05	0.00e+00	0.00e+00	0.00e+00	0.00e+00	0.00e+00	3.41e-92
 8.03527e+14	2.39e-26	5.74e-19	1.75e-12	6.16e-07	9.17e-01	8.35e-02	9.10e-06	0.00e+00	0.00e+00	0.00e+00	0.00e+00	0.00e+00	1.03e-78
 8.33109e+14	3.20e-26	7.16e-19	2.04e-12	6.67e-07	9.22e-01	7.80e-02	7.91e-06	0.00e+00	0.00e+00	0.00e+00	0.00e+00	0.00e+00	1.88e-91
 8.63933e+14	4.29e-26	8.94e-19	2.37e-12	7.22e-07	9.27e-01	7.29e-02	6.86e-06	0.00e+00	0.00e+00	0.00e+00	0.00e+00	0.00e+00	5.01e-78
 8.91483e+14	5.53e-26	1.08e-18	2.70e-12	7.72e-07	9.31e-01	6.87e-02	6.07e-06	0.00e+00	0.00e+00	0.00e+00	0.00e+00	0.00e+00	1.09e-90
 9.21556e+14	7.23e-26	1.33e-18	3.10e-12	8.29e-07	9.35e-01	6.46e-02	5.34e-06	0.00e+00	0.00e+00	0.00e+00	0.00e+00	0.00e+00	2.06e-77
 9.55094e+14	9.65e-26	1.65e-18	3.59e-12	8.95e-07	9.40e-01	6.04e-02	4.64e-06	0.00e+00	0.00e+00	0.00e+00	0.00e+00	0.00e+00	6.57e-90
 9.86576e+14	1.25e-25	2.01e-18	4.11e-12	9.59e-07	9.43e-01	5.68e-02	4.09e-06	0.00e+00	0.00e+00	0.00e+00	0.00e+00	0.00e+00	9.25e-77
 1.02094e+15	1.66e-25	2.48e-18	4.73e-12	1.03e-06	9.47e-01	5.32e-02	3.58e-06	0.00e+00	0.00e+00	0.00e+00	0.00e+00	0.00e+00	3.74e-89
 1.05908e+15	2.23e-25	3.10e-18	5.49e-12	1.11e-06	9.50e-01	4.96e-02	3.11e-06	0.00e+00	0.00e+00	0.00e+00	0.00e+00	0.00e+00	4.43e-76
 1.09466e+15	2.91e-25	3.79e-18	6.29e-12	1.19e-06	9.53e-01	4.66e-02	2.73e-06	0.00e+00	0.00e+00	0.00e+00	0.00e+00	0.00e+00	2.31e-88
 1.13344e+15	3.86e-25	4.69e-18	7.25e-12	1.28e-06	9.56e-01	4.36e-02	2.38e-06	0.00e+00	0.00e+00	0.00e+00	0.00e+00	0.00e+00	1.99e-75
 1.17671e+15	5.23e-25	5.89e-18	8.44e-12	1.39e-06	9.59e-01	4.06e-02	2.06e-06	0.00e+00	0.00e+00	0.00e+00	0.00e+00	0.00e+00	1.53e-87
 1.21744e+15	6.88e-25	7.25e-18	9.70e-12	1.49e-06	9.62e-01	3.81e-02	1.80e-06	0.00e+00	0.00e+00	0.00e+00	0.00e+00	0.00e+00	9.67e-75
 1.26158e+15	9.18e-25	9.00e-18	1.12e-11	1.60e-06	9.64e-01	3.56e-02	1.57e-06	0.00e+00	0.00e+00	0.00e+00	0.00e+00	0.00e+00	9.45e-87
 1.31069e+15	1.25e-24	1.13e-17	1.31e-11	1.73e-06	9.67e-01	3.30e-02	1.35e-06	0.00e+00	0.00e+00	0.00e+00	0.00e+00	0.00e+00	4.97e-74
 1.35754e+15	1.66e-24	1.40e-17	1.51e-11	1.86e-06	9.69e-01	3.09e-02	1.18e-06	0.00e+00	0.00e+00	0.00e+00	0.00e+00	0.00e+00	6.43e-86
 1.40764e+15	2.23e-24	1.75e-17	1.75e-11	2.00e-06	9.71e-01	2.88e-02	1.02e-06	0.00e+00	0.00e+00	0.00e+00	0.00e+00	0.00e+00	2.42e-73
 1.46398e+15	3.06e-24	2.22e-17	2.05e-11	2.17e-06	9.73e-01	2.67e-02	8.78e-07	0.00e+00	0.00e+00	0.00e+00	0.00e+00	0.00e+00	4.64e-85
 1.51970e+15	4.14e-24	2.78e-17	2.38e-11	2.34e-06	9.75e-01	2.48e-02	0.00e+00	0.00e+00	0.00e+00	0.00e+00	0.00e+00	0.00e+00	1.32e-72
 1.57765e+15	5.59e-24	3.49e-17	2.77e-11	2.53e-06	9.77e-01	2.31e-02	0.00e+00	0.00e+00	0.00e+00	0.00e+00	0.00e+00	0.00e+00	3.28e-84
 1.64079e+15	7.68e-24	4.43e-17	3.24e-11	2.74e-06	9.79e-01	2.14e-02	0.00e+00	0.00e+00	0.00e+00	0.00e+00	0.00e+00	0.00e+00	7.22e-72
 1.70514e+15	1.05e-23	5.59e-17	3.79e-11	2.96e-06	9.80e-01	1.99e-02	0.00e+00	0.00e+00	0.00e+00	0.00e+00	2.07e-17	3.52e-17	1.69e-71
 1.77207e+15	1.43e-23	7.05e-17	4.42e-11	3.20e-06	9.82e-01	1.84e-02	0.00e+00	0.00e+00	0.00e+00	0.00e+00	2.34e-17	4.70e-17	3.96e-71
 1.83864e+15	1.92e-23	8.81e-17	5.13e-11	3.45e-06	9.83e-01	1.71e-02	0.00e+00	0.00e+00	0.00e+00	0.00e+00	2.93e-17	5.88e-17	8.93e-71
 1.90144e+15	2.51e-23	1.08e-16	5.87e-11	3.69e-06	9.84e-01	1.60e-02	0.00e+00	0.00e+00	0.00e+00	0.00e+00	3.59e-17	7.20e-17	1.87e-70
 1.97108e+15	3.35e-23	1.34e-16	6.79e-11	3.97e-06	9.85e-01	1.49e-02	0.00e+00	0.00e+00	0.00e+00	0.00e+00	4.45e-17	8.94e-17	4.13e-70
 2.04111e+15	4.44e-23	1.65e-16	7.81e-11	4.26e-06	9.86e-01	1.39e-02	0.00e+00	0.00e+00	0.00e+00	0.00e+00	5.50e-17	1.10e-16	8.90e-70
 2.09932e+15	5.56e-23	1.96e-16	8.75e-11	4.51e-06	9.87e-01	1.32e-02	0.00e+00	0.00e+00	0.00e+00	0.00e+00	6.51e-17	1.31e-16	1.65e-69
 2.16105e+15	7.01e-23	2.33e-16	9.83e-11	4.78e-06	9.88e-01	1.25e-02	0.00e+00	0.00e+00	0.00e+00	0.00e+00	7.75e-17	1.55e-16	3.11e-69
 2.23988e+15	9.33e-23	2.89e-16	1.14e-10	5.15e-06	9.88e-01	1.16e-02	0.00e+00	0.00e+00	0.00e+00	0.00e+00	9.61e-17	1.93e-16	6.81e-69
 2.32241e+15	1.24e-22	3.59e-16	1.31e-10	5.54e-06	9.89e-01	1.08e-02	0.00e+00	0.00e+00	0.00e+00	0.00e+00	1.19e-16	2.40e-16	1.50e-68
 2.39537e+15	1.59e-22	4.32e-16	1.49e-10	5.90e-06	9.90e-01	1.01e-02	0.00e+00	0.00e+00	0.00e+00	0.00e+00	1.44e-16	2.88e-16	2.95e-68
 2.47438e+15	2.06e-22	5.25e-16	1.70e-10	6.31e-06	9.90e-01	9.51e-03	0.00e+00	0.00e+00	0.00e+00	0.00e+00	1.75e-16	3.50e-16	5.97e-68
 2.56944e+15	2.78e-22	6.58e-16	1.98e-10	6.81e-06	9.91e-01	8.81e-03	0.00e+00	0.00e+00	0.00e+00	0.00e+00	2.19e-16	4.39e-16	1.35e-67
 2.66569e+15	3.72e-22	8.20e-16	2.29e-10	7.35e-06	9.92e-01	8.18e-03	0.00e+00	0.00e+00	0.00e+00	0.00e+00	2.73e-16	5.47e-16	3.00e-67
 2.75562e+15	4.84e-22	9.99e-16	2.62e-10	7.87e-06	9.92e-01	7.65e-03	0.00e+00	0.00e+00	0.00e+00	0.00e+00	3.33e-16	6.67e-16	6.16e-67
 2.85570e+15	6.42e-22	1.24e-15	3.03e-10	8.46e-06	9.93e-01	7.12e-03	0.00e+00	0.00e+00	0.00e+00	0.00e+00	4.12e-16	8.25e-16	1.33e-66
 2.96197e+15	8.57e-22	1.54e-15	3.51e-10	9.13e-06	9.93e-01	6.61e-03	0.00e+00	0.00e+00	0.00e+00	0.00e+00	5.12e-16	1.03e-15	2.92e-66
 3.05634e+15	1.10e-21	1.85e-15	3.99e-10	9.73e-06	9.94e-01	6.20e-03	0.00e+00	0.00e+00	0.00e+00	0.00e+00	6.18e-16	1.24e-15	5.74e-66
 3.15779e+15	1.42e-21	2.25e-15	4.55e-10	1.04e-05	9.94e-01	5.80e-03	0.00e+00	0.00e+00	0.00e+00	0.00e+00	7.51e-16	1.50e-15	1.16e-65
 3.27945e+15	1.91e-21	2.82e-15	5.30e-10	1.13e-05	9.95e-01	5.37e-03	0.00e+00	0.00e+00	0.00e+00	0.00e+00	9.40e-16	1.88e-15	2.60e-65
 3.39917e+15	2.53e-21	3.49e-15	6.13e-10	1.21e-05	9.95e-01	4.99e-03	0.00e+00	0.00e+00	0.00e+00	0.00e+00	1.16e-15	2.33e-15	5.61e-65
 3.50558e+15	3.23e-21	4.19e-15	6.94e-10	1.29e-05	9.95e-01	4.69e-03	0.00e+00	0.00e+00	0.00e+00	0.00e+00	1.40e-15	2.79e-15	1.09e-64
 3.62291e+15	4.18e-21	5.10e-15	7.93e-10	1.38e-05	9.96e-01	4.38e-03	0.00e+00	0.00e+00	0.00e+00	0.00e+00	1.70e-15	3.40e-15	2.19e-64
 3.76302e+15	5.63e-21	6.39e-15	9.25e-10	1.50e-05	9.96e-01	4.05e-03	0.00e+00	0.00e+00	0.00e+00	0.00e+00	2.13e-15	4.25e-15	4.92e-64
 3.90229e+15	7.48e-21	7.93e-15	1.07e-09	1.61e-05	9.96e-01	3.76e-03	0.00e+00	0.00e+00	0.00e+00	0.00e+00	2.65e-15	5.28e-15	1.07e-63
 4.02939e+15	9.62e-21	9.59e-15	1.22e-09	1.73e-05	9.96e-01	3.52e-03	0.00e+00	0.00e+00	0.00e+00	0.00e+00	3.20e-15	6.38e-15	2.12e-63
 4.17111e+15	1.26e-20	1.18e-14	1.40e-09	1.85e-05	9.97e-01	3.28e-03	0.00e+00	0.00e+00	0.00e+00	0.00e+00	3.93e-15	7.83e-15	4.42e-63
 4.33626e+15	1.71e-20	1.48e-14	1.64e-09	2.01e-05	9.97e-01	3.03e-03	0.00e+00	0.00e+00	0.00e+00	0.00e+00	4.95e-15	9.86e-15	1.01e-62
 4.49847e+15	2.28e-20	1.84e-14	1.91e-09	2.17e-05	9.97e-01	2.81e-03	0.00e+00	0.00e+00	0.00e+00	0.00e+00	6.16e-15	1.23e-14	2.21e-62
 4.65130e+15	2.96e-20	2.24e-14	2.18e-09	2.32e-05	9.97e-01	2.62e-03	0.00e+00	0.00e+00	0.00e+00	0.00e+00	7.51e-15	1.49e-14	4.51e-62
 4.82151e+15	3.92e-20	2.78e-14	2.52e-09	2.50e-05	9.98e-01	2.44e-03	0.00e+00	0.00e+00	0.00e+00	0.00e+00	9.30e-15	1.85e-14	9.69e-62
 5.01440e+15	5.32e-20	3.50e-14	2.96e-09	2.72e-05	9.98e-01	2.25e-03	0.00e+00	0.00e+00	0.00e+00	0.00e+00	1.17e-14	2.33e-14	2.23e-61
 5.20710e+15	7.15e-20	4.38e-14	3.44e-09	2.94e-05	9.98e-01	2.08e-03	0.00e+00	0.00e+00	0.00e+00	0.00e+00	1.47e-14	2.91e-14	5.00e-61
 5.38744e+15	9.34e-20	5.36e-14	3.95e-09	3.15e-05	9.98e-01	1.94e-03	0.00e+00	0.00e+00	0.00e+00	0.00e+00	1.80e-14	3.56e-14	1.04e-60
 5.58291e+15	1.23e-19	6.62e-14	4.56e-09	3.39e-05	9.98e-01	1.80e-03	0.00e+00	0.00e+00	0.00e+00	0.00e+00	2.22e-14	4.40e-14	2.22e-60
 5.80171e+15	1.67e-19	8.32e-14	5.33e-09	3.67e-05	9.98e-01	1.67e-03	0.00e+00	0.00e+00	0.00e+00	0.00e+00	2.79e-14	5.52e-14	5.04e-60
 6.00635e+15	2.19e-19	1.02e-13	6.13e-09	3.94e-05	9.98e-01	1.55e-03	0.00e+00	0.00e+00	0.00e+00	0.00e+00	3.44e-14	6.78e-14	1.06e-59
 6.19608e+15	2.79e-19	1.23e-13	6.95e-09	4.20e-05	9.99e-01	1.46e-03	0.00e+00	0.00e+00	0.00e+00	0.00e+00	4.14e-14	8.15e-14	2.07e-59
 6.37843e+15	3.51e-19	1.46e-13	7.81e-09	4.46e-05	9.99e-01	1.37e-03	0.00e+00	0.00e+00	0.00e+00	0.00e+00	4.92e-14	9.68e-14	3.85e-59
 6.58069e+15	4.48e-19	1.76e-13	8.86e-09	4.76e-05	9.99e-01	1.29e-03	0.00e+00	0.00e+00	0.00e+00	0.00e+00	5.92e-14	1.16e-13	7.52e-59
 6.80464e+15	5.83e-19	2.14e-13	1.01e-08	5.10e-05	9.99e-01	1.20e-03	0.00e+00	0.00e+00	0.00e+00	0.00e+00	7.23e-14	1.42e-13	1.55e-58
 7.01350e+15	7.39e-19	2.56e-13	1.14e-08	5.42e-05	9.99e-01	1.13e-03	0.00e+00	0.00e+00	0.00e+00	0.00e+00	8.66e-14	1.70e-13	2.96e-58
 7.24173e+15	9.51e-19	3.10e-13	1.30e-08	5.79e-05	9.99e-01	1.06e-03	0.00e+00	0.00e+00	0.00e+00	0.00e+00	1.05e-13	2.05e-13	5.90e-58
 7.49829e+15	1.25e-18	3.81e-13	1.50e-08	6.22e-05	9.99e-01	9.86e-04	0.00e+00	0.00e+00	0.00e+00	0.00e+00	1.29e-13	2.52e-13	1.25e-57
 7.74264e+15	1.61e-18	4.62e-13	1.70e-08	6.64e-05	9.99e-01	9.24e-04	0.00e+00	0.00e+00	0.00e+00	0.00e+00	1.56e-13	3.05e-13	2.50e-57
 8.01123e+15	2.11e-18	5.65e-13	1.96e-08	7.12e-05	9.99e-01	8.62e-04	0.00e+00	0.00e+00	0.00e+00	0.00e+00	1.92e-13	3.74e-13	5.21e-57
 8.30719e+15	2.80e-18	7.01e-13	2.26e-08	7.67e-05	9.99e-01	8.00e-04	0.00e+00	0.00e+00	0.00e+00	0.00e+00	2.38e-13	4.63e-13	1.14e-56
 8.57948e+15	3.61e-18	8.49e-13	2.58e-08	8.19e-05	9.99e-01	7.49e-04	0.00e+00	0.00e+00	0.00e+00	0.00e+00	2.89e-13	5.61e-13	2.29e-56
 8.87422e+15	4.71e-18	1.04e-12	2.95e-08	8.78e-05	9.99e-01	6.99e-04	0.00e+00	0.00e+00	0.00e+00	0.00e+00	3.53e-13	6.85e-13	4.74e-56
 9.20382e+15	6.27e-18	1.29e-12	3.42e-08	9.46e-05	9.99e-01	6.49e-04	0.00e+00	0.00e+00	0.00e+00	0.00e+00	4.39e-13	8.50e-13	1.04e-55
 9.51405e+15	8.13e-18	1.57e-12	3.91e-08	1.01e-04	9.99e-01	6.07e-04	0.00e+00	0.00e+00	0.00e+00	0.00e+00	5.35e-13	1.03e-12	2.13e-55
 9.85263e+15	1.07e-17	1.93e-12	4.50e-08	1.09e-04	9.99e-01	5.65e-04	0.00e+00	0.00e+00	0.00e+00	0.00e+00	6.59e-13	1.27e-12	4.52e-55
 1.02288e+16	1.43e-17	2.41e-12	5.23e-08	1.17e-04	9.99e-01	5.23e-04	0.00e+00	0.00e+00	0.00e+00	0.00e+00	8.25e-13	1.59e-12	1.01e-54
 1.05801e+16	1.87e-17	2.94e-12	5.99e-08	1.26e-04	9.99e-01	4.88e-04	0.00e+00	0.00e+00	0.00e+00	0.00e+00	1.01e-12	1.93e-12	2.10e-54
 1.09616e+16	2.46e-17	3.63e-12	6.91e-08	1.35e-04	9.99e-01	4.54e-04	0.00e+00	0.00e+00	0.00e+00	0.00e+00	1.25e-12	2.38e-12	4.48e-54
 1.13881e+16	3.31e-17	4.54e-12	8.06e-08	1.47e-04	9.99e-01	4.19e-04	0.00e+00	0.00e+00	0.00e+00	0.00e+00	1.56e-12	2.98e-12	1.01e-53
 1.17935e+16	4.35e-17	5.59e-12	9.28e-08	1.58e-04	9.99e-01	3.90e-04	0.00e+00	0.00e+00	0.00e+00	0.00e+00	1.92e-12	3.66e-12	2.14e-53
 1.22270e+16	5.74e-17	6.90e-12	1.07e-07	1.70e-04	9.99e-01	3.62e-04	0.00e+00	6.15e-18	1.88e-17	3.19e-17	2.38e-12	4.52e-12	4.61e-53
 1.27161e+16	7.77e-17	8.69e-12	1.26e-07	1.84e-04	9.99e-01	3.33e-04	0.00e+00	8.34e-18	2.55e-17	4.32e-17	3.00e-12	5.69e-12	1.06e-52
 1.31983e+16	1.03e-16	1.08e-11	1.46e-07	1.99e-04	9.99e-01	3.09e-04	0.00e+00	1.11e-17	3.39e-17	5.74e-17	3.74e-12	7.06e-12	2.34e-52
 1.36593e+16	1.35e-16	1.32e-11	1.68e-07	2.14e-04	9.99e-01	2.87e-04	0.00e+00	1.44e-17	4.41e-17	7.47e-17	4.58e-12	8.62e-12	4.83e-52
 1.41650e+16	1.77e-16	1.63e-11	1.95e-07	2.32e-04	1.00e+00	2.66e-04	0.00e+00	1.90e-17	5.81e-17	9.84e-17	5.67e-12	1.06e-11	1.03e-51
 1.47317e+16	2.39e-16	2.05e-11	2.28e-07	2.52e-04	1.00e+00	2.45e-04	0.00e+00	2.56e-17	7.83e-17	1.33e-16	7.14e-12	1.33e-11	2.35e-51
 1.52158e+16	3.05e-16	2.47e-11	2.60e-07	2.70e-04	1.00e+00	2.28e-04	0.00e+00	3.27e-17	9.99e-17	1.69e-16	8.62e-12	1.61e-11	4.63e-51
 1.55777e+16	3.63e-16	2.83e-11	2.86e-07	2.84e-04	9.99e-01	2.17e-04	0.00e+00	3.90e-17	1.19e-16	2.02e-16	9.89e-12	1.84e-11	7.55e-51
 1.59610e+16	4.36e-16	3.25e-11	3.16e-07	2.99e-04	9.99e-01	2.06e-04	0.00e+00	4.67e-17	1.43e-16	2.42e-16	1.14e-11	2.11e-11	1.25e-50
 1.64592e+16	5.47e-16	3.88e-11	3.58e-07	3.19e-04	9.99e-01	1.93e-04	0.00e+00	5.87e-17	1.79e-16	3.04e-16	1.36e-11	2.52e-11	2.36e-50
 1.70059e+16	6.96e-16	4.67e-11	4.09e-07	3.43e-04	9.99e-01	1.80e-04	0.00e+00	7.47e-17	2.28e-16	3.87e-16	1.64e-11	3.03e-11	4.61e-50
 1.75080e+16	8.62e-16	5.52e-11	4.60e-07	3.65e-04	9.99e-01	1.69e-04	0.00e+00	9.24e-17	2.83e-16	4.79e-16	1.94e-11	3.58e-11	8.37e-50
 1.80535e+16	1.08e-15	6.56e-11	5.21e-07	3.91e-04	9.99e-01	1.58e-04	0.00e+00	1.16e-16	3.53e-16	5.99e-16	2.31e-11	4.25e-11	1.57e-49
 1.86692e+16	1.38e-15	7.93e-11	5.97e-07	4.21e-04	9.99e-01	1.47e-04	0.00e+00	1.47e-16	4.51e-16	7.64e-16	2.80e-11	5.13e-11	3.10e-49
 1.92597e+16	1.72e-15	9.44e-11	6.78e-07	4.51e-04	9.99e-01	1.37e-04	0.00e+00	1.84e-16	5.64e-16	9.55e-16	3.34e-11	6.11e-11	5.82e-49
 1.99107e+16	2.18e-15	1.14e-10	7.76e-07	4.85e-04	9.99e-01	1.28e-04	0.00e+00	2.34e-16	7.14e-16	1.21e-15	4.03e-11	7.35e-11	1.14e-48
 2.06362e+16	2.81e-15	1.39e-10	8.97e-07	5.26e-04	9.99e-01	1.18e-04	0.00e+00	3.01e-16	9.22e-16	1.56e-15	4.93e-11	8.96e-11	2.35e-48
 2.13174e+16	3.53e-15	1.66e-10	1.02e-06	5.66e-04	9.99e-01	1.10e-04	0.00e+00	3.79e-16	1.16e-15	1.96e-15	5.91e-11	1.07e-10	4.51e-48
 2.20620e+16	4.49e-15	2.01e-10	1.18e-06	6.11e-04	9.99e-01	1.02e-04	0.00e+00	4.81e-16	1.47e-15	2.50e-15	7.15e-11	1.29e-10	8.98e-48
 2.28897e+16	5.80e-15	2.46e-10	1.37e-06	6.64e-04	9.99e-01	9.36e-05	0.00e+00	6.21e-16	1.90e-15	3.22e-15	8.76e-11	1.58e-10	1.88e-47
 2.36600e+16	7.27e-15	2.94e-10	1.56e-06	7.16e-04	9.99e-01	8.70e-05	0.00e+00	7.79e-16	2.38e-15	4.04e-15	1.05e-10	1.89e-10	3.63e-47
 2.44958e+16	9.21e-15	3.55e-10	1.80e-06	7.74e-04	9.99e-01	8.05e-05	0.00e+00	9.87e-16	3.02e-15	5.12e-15	1.27e-10	2.28e-10	7.26e-47
 2.54292e+16	1.19e-14	4.35e-10	2.09e-06	8.43e-04	9.99e-01	7.40e-05	0.00e+00	1.27e-15	3.89e-15	6.59e-15	1.56e-10	2.79e-10	1.53e-46
 2.63047e+16	1.49e-14	5.21e-10	2.39e-06	9.11e-04	9.99e-01	6.86e-05	0.00e+00	1.60e-15	4.88e-15	8.27e-15	1.87e-10	3.34e-10	3.00e-46
 2.72536e+16	1.89e-14	6.30e-10	2.76e-06	9.88e-04	9.99e-01	6.33e-05	0.00e+00	2.02e-15	6.18e-15	1.05e-14	2.26e-10	4.04e-10	6.08e-46
 2.83122e+16	2.43e-14	7.72e-10	3.22e-06	1.08e-03	9.99e-01	5.81e-05	0.00e+00	2.60e-15	7.95e-15	1.35e-14	2.78e-10	4.94e-10	1.30e-45
 2.93127e+16	3.05e-14	9.28e-10	3.70e-06	1.17e-03	9.99e-01	5.38e-05	0.00e+00	3.27e-15	9.99e-15	1.69e-14	3.34e-10	5.93e-10	2.60e-45
 3.03849e+16	3.86e-14	1.12e-09	4.27e-06	1.27e-03	9.99e-01	4.96e-05	0.00e+00	4.13e-15	1.26e-14	2.14e-14	4.05e-10	7.17e-10	5.34e-45
 3.16003e+16	4.98e-14	1.38e-09	4.99e-06	1.39e-03	9.99e-01	4.54e-05	0.00e+00	5.34e-15	1.63e-14	2.77e-14	4.98e-10	8.81e-10	1.17e-44
 3.27892e+16	6.32e-14	1.67e-09	5.79e-06	1.51e-03	9.98e-01	4.18e-05	0.00e+00	6.78e-15	2.07e-14	3.51e-14	6.06e-10	1.07e-09	2.47e-44
 3.40256e+16	8.03e-14	2.03e-09	6.70e-06	1.64e-03	9.98e-01	3.85e-05	0.00e+00	8.60e-15	2.63e-14	4.46e-14	7.37e-10	1.30e-09	5.21e-44
 3.53549e+16	1.03e-13	2.49e-09	7.80e-06	1.80e-03	9.98e-01	3.53e-05	0.00e+00	1.10e-14	3.37e-14	5.71e-14	9.02e-10	1.58e-09	1.13e-43
 3.64635e+16	1.25e-13	2.92e-09	8.82e-06	1.93e-03	9.98e-01	3.30e-05	0.00e+00	1.34e-14	4.10e-14	6.95e-14	1.06e-09	1.86e-09	2.12e-43
 3.72989e+16	1.45e-13	3.29e-09	9.65e-06	2.03e-03	9.98e-01	3.14e-05	0.00e+00	1.55e-14	4.74e-14	8.04e-14	1.19e-09	2.09e-09	3.36e-43
 3.81933e+16	1.69e-13	3.73e-09	1.06e-05	2.14e-03	9.98e-01	2.98e-05	0.00e+00	1.81e-14	5.53e-14	9.37e-14	1.35e-09	2.37e-09	5.47e-43
 3.93559e+16	2.04e-13	4.36e-09	1.19e-05	2.30e-03	9.98e-01	2.78e-05	0.00e+00	2.18e-14	6.68e-14	1.13e-13	1.58e-09	2.77e-09	1.01e-42
 4.06262e+16	2.49e-13	5.14e-09	1.35e-05	2.47e-03	9.97e-01	2.60e-05	0.00e+00	2.68e-14	8.18e-14	1.39e-13	1.87e-09	3.27e-09	1.94e-42
 4.17845e+16	2.98e-13	5.96e-09	1.51e-05	2.63e-03	9.97e-01	2.44e-05	0.00e+00	3.20e-14	9.77e-14	1.66e-13	2.17e-09	3.79e-09	3.50e-42
