#depth	He	He+	He+2
 1.49634e+10	1.00e-27	2.21e-14	1.00e+00
 4.54887e+10	1.12e-27	2.39e-14	1.00e+00
 7.72350e+10	1.26e-27	2.58e-14	1.00e+00
 1.10251e+11	1.40e-27	2.79e-14	1.00e+00
 1.44588e+11	1.57e-27	3.02e-14	1.00e+00
 1.80298e+11	1.76e-27	3.27e-14	1.00e+00
 2.17437e+11	1.97e-27	3.53e-14	1.00e+00
 2.56061e+11	2.21e-27	3.82e-14	1.00e+00
 2.96231e+11	2.48e-27	4.14e-14	1.00e+00
 3.38007e+11	2.79e-27	4.47e-14	1.00e+00
 3.81454e+11	3.15e-27	4.84e-14	1.00e+00
 4.25647e+11	3.54e-27	5.23e-14	1.00e+00
 4.71609e+11	3.98e-27	5.64e-14	1.00e+00
 5.20400e+11	4.51e-27	6.11e-14	1.00e+00
 5.71143e+11	5.10e-27	6.60e-14	1.00e+00
 6.23915e+11	5.79e-27	7.15e-14	1.00e+00
 6.78798e+11	6.57e-27	7.73e-14	1.00e+00
 7.35877e+11	7.47e-27	8.36e-14	1.00e+00
 7.95239e+11	8.50e-27	9.05e-14	1.00e+00
 8.56975e+11	9.69e-27	9.79e-14	1.00e+00
 9.21181e+11	1.11e-26	1.06e-13	1.00e+00
 9.87955e+11	1.26e-26	1.15e-13	1.00e+00
 1.05740e+12	1.45e-26	1.24e-13	1.00e+00
 1.12962e+12	1.66e-26	1.34e-13	1.00e+00
 1.20473e+12	1.90e-26	1.45e-13	1.00e+00
 1.27641e+12	2.16e-26	1.56e-13	1.00e+00
 1.34212e+12	2.42e-26	1.66e-13	1.00e+00
 1.41648e+12	2.73e-26	1.79e-13	1.00e+00
 1.50264e+12	3.15e-26	1.93e-13	1.00e+00
 1.58630e+12	3.60e-26	2.08e-13	1.00e+00
 1.66446e+12	4.05e-26	2.22e-13	1.00e+00
 1.75211e+12	4.61e-26	2.39e-13	1.00e+00
 1.85212e+12	5.33e-26	2.58e-13	1.00e+00
 1.95097e+12	6.13e-26	2.78e-13	1.00e+00
 2.05378e+12	7.03e-26	3.00e-13	1.00e+00
 2.16586e+12	8.15e-26	3.25e-13	1.00e+00
 2.27918e+12	9.41e-26	3.51e-13	1.00e+00
 2.39046e+12	1.08e-25	3.78e-13	1.00e+00
 2.50944e+12	1.24e-25	4.07e-13	1.00e+00
 2.63975e+12	1.44e-25	4.41e-13	1.00e+00
 2.77182e+12	1.67e-25	4.76e-13	1.00e+00
 2.90918e+12	1.93e-25	5.14e-13	1.00e+00
 3.05547e+12	2.25e-25	5.57e-13	1.00e+00
 3.20762e+12	2.61e-25	6.03e-13	1.00e+00
 3.36083e+12	3.03e-25	6.51e-13	1.00e+00
 3.52017e+12	3.51e-25	7.03e-13	1.00e+00
 3.69091e+12	4.09e-25	7.61e-13	1.00e+00
 3.86847e+12	4.76e-25	8.24e-13	1.00e+00
 4.05314e+12	5.55e-25	8.92e-13	1.00e+00
 4.24519e+12	6.48e-25	9.66e-13	1.00e+00
 4.44492e+12	7.55e-25	1.05e-12	1.00e+00
 4.65265e+12	8.81e-25	1.13e-12	1.00e+00
 4.86868e+12	1.03e-24	1.23e-12	1.00e+00
 5.09335e+12	1.20e-24	1.33e-12	1.00e+00
 5.32701e+12	1.40e-24	1.44e-12	1.00e+00
 5.57002e+12	1.64e-24	1.56e-12	1.00e+00
 5.82275e+12	1.91e-24	1.68e-12	1.00e+00
 6.08558e+12	2.23e-24	1.82e-12	1.00e+00
 6.35893e+12	2.61e-24	1.97e-12	1.00e+00
 6.64322e+12	3.05e-24	2.14e-12	1.00e+00
 6.90812e+12	3.52e-24	2.29e-12	1.00e+00
 7.14094e+12	3.95e-24	2.44e-12	1.00e+00
 7.40047e+12	4.48e-24	2.60e-12	1.00e+00
 7.71307e+12	5.21e-24	2.81e-12	1.00e+00
 8.02773e+12	6.05e-24	3.03e-12	1.00e+00
 8.31602e+12	6.87e-24	3.23e-12	1.00e+00
 8.63695e+12	7.87e-24	3.47e-12	1.00e+00
 9.00968e+12	9.21e-24	3.75e-12	1.00e+00
 9.37458e+12	1.07e-23	4.04e-12	1.00e+00
 9.71888e+12	1.22e-23	4.32e-12	1.00e+00
 1.01024e+13	1.40e-23	4.65e-12	1.00e+00
 1.05364e+13	1.65e-23	5.03e-12	1.00e+00
 1.09708e+13	1.92e-23	5.44e-12	1.00e+00
 1.14227e+13	2.23e-23	5.87e-12	1.00e+00
 1.19095e+13	2.61e-23	6.35e-12	1.00e+00
 1.24158e+13	3.05e-23	6.88e-12	1.00e+00
 1.29424e+13	3.57e-23	7.45e-12	1.00e+00
 1.34900e+13	4.17e-23	8.07e-12	1.00e+00
 1.40595e+13	4.88e-23	8.74e-12	1.00e+00
 1.46518e+13	5.72e-23	9.47e-12	1.00e+00
 1.52678e+13	6.69e-23	1.03e-11	1.00e+00
 1.59085e+13	7.83e-23	1.11e-11	1.00e+00
 1.65748e+13	9.17e-23	1.20e-11	1.00e+00
 1.72677e+13	1.07e-22	1.30e-11	1.00e+00
 1.79883e+13	1.26e-22	1.41e-11	1.00e+00
 1.86935e+13	1.46e-22	1.52e-11	1.00e+00
 1.93461e+13	1.67e-22	1.63e-11	1.00e+00
 2.00691e+13	1.91e-22	1.75e-11	1.00e+00
 2.09018e+13	2.25e-22	1.90e-11	1.00e+00
 2.17205e+13	2.61e-22	2.05e-11	1.00e+00
 2.25720e+13	3.03e-22	2.22e-11	1.00e+00
 2.35048e+13	3.55e-22	2.40e-11	1.00e+00
 2.44514e+13	4.15e-22	2.60e-11	1.00e+00
 2.54358e+13	4.84e-22	2.82e-11	1.00e+00
 2.64832e+13	5.68e-22	3.06e-11	1.00e+00
 2.75724e+13	6.65e-22	3.32e-11	1.00e+00
 2.87053e+13	7.80e-22	3.61e-11	1.00e+00
 2.98834e+13	9.14e-22	3.92e-11	1.00e+00
 3.11087e+13	1.07e-21	4.25e-11	1.00e+00
 3.23829e+13	1.26e-21	4.62e-11	1.00e+00
 3.37082e+13	1.47e-21	5.03e-11	1.00e+00
 3.49561e+13	1.71e-21	5.42e-11	1.00e+00
 3.60750e+13	1.93e-21	5.79e-11	1.00e+00
 3.73321e+13	2.21e-21	6.23e-11	1.00e+00
 3.88184e+13	2.58e-21	6.76e-11	1.00e+00
 4.03048e+13	3.01e-21	7.33e-11	1.00e+00
 4.17052e+13	3.44e-21	7.88e-11	1.00e+00
 4.32579e+13	3.97e-21	8.53e-11	1.00e+00
 4.50181e+13	4.66e-21	9.29e-11	1.00e+00
 4.67790e+13	5.44e-21	1.01e-10	1.00e+00
 4.86102e+13	6.33e-21	1.10e-10	1.00e+00
 5.05845e+13	7.42e-21	1.20e-10	1.00e+00
 5.24283e+13	8.58e-21	1.30e-10	1.00e+00
 5.40539e+13	9.67e-21	1.39e-10	1.00e+00
 5.58673e+13	1.10e-20	1.50e-10	1.00e+00
 5.80450e+13	1.28e-20	1.63e-10	1.00e+00
 6.02545e+13	1.49e-20	1.78e-10	1.00e+00
 6.22937e+13	1.69e-20	1.92e-10	1.00e+00
 6.45534e+13	1.94e-20	2.08e-10	1.00e+00
 6.71622e+13	2.27e-20	2.28e-10	1.00e+00
 6.97075e+13	2.62e-20	2.48e-10	1.00e+00
 7.21224e+13	2.99e-20	2.69e-10	1.00e+00
 7.48048e+13	3.43e-20	2.93e-10	1.00e+00
 7.78270e+13	3.99e-20	3.22e-10	1.00e+00
 8.08460e+13	4.60e-20	3.52e-10	1.00e+00
 8.39857e+13	5.30e-20	3.86e-10	1.00e+00
 8.72754e+13	6.11e-20	4.23e-10	1.00e+00
 9.05189e+13	6.98e-20	4.63e-10	1.00e+00
 9.39918e+13	7.98e-20	5.07e-10	1.00e+00
 9.77814e+13	9.19e-20	5.59e-10	1.00e+00
 1.01723e+14	1.06e-19	6.16e-10	1.00e+00
 1.05821e+14	1.21e-19	6.79e-10	1.00e+00
 1.10084e+14	1.39e-19	7.49e-10	1.00e+00
 1.13938e+14	1.56e-19	8.16e-10	1.00e+00
 1.17147e+14	1.71e-19	8.75e-10	1.00e+00
 1.20663e+14	1.88e-19	9.42e-10	1.00e+00
 1.25119e+14	2.12e-19	1.03e-09	1.00e+00
 1.29770e+14	2.40e-19	1.13e-09	1.00e+00
 1.33712e+14	2.66e-19	1.22e-09	1.00e+00
 1.37758e+14	2.93e-19	1.31e-09	1.00e+00
 1.42860e+14	3.31e-19	1.44e-09	1.00e+00
 1.48063e+14	3.73e-19	1.58e-09	1.00e+00
 1.52551e+14	4.11e-19	1.70e-09	1.00e+00
 1.57382e+14	4.56e-19	1.83e-09	1.00e+00
 1.63329e+14	5.15e-19	2.01e-09	1.00e+00
 1.69429e+14	5.83e-19	2.20e-09	1.00e+00
 1.74989e+14	6.50e-19	2.39e-09	1.00e+00
 1.81146e+14	7.31e-19	2.60e-09	1.00e+00
 1.88334e+14	8.36e-19	2.86e-09	1.00e+00
 1.95453e+14	9.53e-19	3.13e-09	1.00e+00
 2.02220e+14	1.08e-18	3.39e-09	1.00e+00
 2.09702e+14	1.23e-18	3.70e-09	1.00e+00
 2.18120e+14	1.42e-18	4.07e-09	1.00e+00
 2.26546e+14	1.64e-18	4.46e-09	1.00e+00
 2.34027e+14	1.85e-18	4.81e-09	1.00e+00
 2.40315e+14	2.05e-18	5.12e-09	1.00e+00
 2.47082e+14	2.28e-18	5.47e-09	1.00e+00
 2.55879e+14	2.62e-18	5.94e-09	1.00e+00
 2.65084e+14	3.01e-18	6.45e-09	1.00e+00
 2.72950e+14	3.38e-18	6.91e-09	1.00e+00
 2.81307e+14	3.82e-18	7.41e-09	1.00e+00
 2.91766e+14	4.43e-18	8.06e-09	1.00e+00
 3.02521e+14	5.14e-18	8.76e-09	1.00e+00
 3.12070e+14	5.84e-18	9.41e-09	1.00e+00
 3.22488e+14	6.69e-18	1.01e-08	1.00e+00
 3.33955e+14	7.74e-18	1.10e-08	1.00e+00
 3.44498e+14	8.82e-18	1.18e-08	1.00e+00
 3.55918e+14	1.01e-17	1.27e-08	1.00e+00
 3.68666e+14	1.17e-17	1.37e-08	1.00e+00
 3.80646e+14	1.34e-17	1.48e-08	1.00e+00
 3.93728e+14	1.55e-17	1.59e-08	1.00e+00
 4.08253e+14	1.81e-17	1.73e-08	1.00e+00
 4.21815e+14	2.07e-17	1.86e-08	1.00e+00
 4.36607e+14	2.40e-17	2.00e-08	1.00e+00
 4.53132e+14	2.81e-17	2.17e-08	1.00e+00
 4.68754e+14	3.24e-17	2.34e-08	1.00e+00
 4.85751e+14	3.77e-17	2.53e-08	1.00e+00
 5.04713e+14	4.42e-17	2.75e-08	1.00e+00
 5.22898e+14	5.13e-17	2.96e-08	1.00e+00
 5.42307e+14	5.98e-17	3.20e-08	1.00e+00
 5.64030e+14	7.04e-17	3.48e-08	1.00e+00
 5.85746e+14	8.24e-17	3.77e-08	1.00e+00
 6.08330e+14	9.64e-17	4.08e-08	1.00e+00
 6.32693e+14	1.13e-16	4.43e-08	1.00e+00
 6.58031e+14	1.33e-16	4.81e-08	1.00e+00
 6.82885e+14	1.55e-16	5.20e-08	1.00e+00
 7.06172e+14	1.78e-16	5.57e-08	1.00e+00
 7.31888e+14	2.06e-16	6.00e-08	1.00e+00
 7.58097e+14	2.37e-16	6.44e-08	1.00e+00
 7.80119e+14	2.66e-16	6.83e-08	1.00e+00
 8.03527e+14	3.00e-16	7.26e-08	1.00e+00
 8.33109e+14	3.47e-16	7.81e-08	1.00e+00
 8.63933e+14	4.02e-16	8.41e-08	1.00e+00
 8.91483e+14	4.56e-16	8.95e-08	1.00e+00
 9.21556e+14	5.20e-16	9.57e-08	1.00e+00
 9.55094e+14	6.00e-16	1.03e-07	1.00e+00
 9.86576e+14	6.83e-16	1.10e-07	1.00e+00
 1.02094e+15	7.82e-16	1.18e-07	1.00e+00
 1.05908e+15	9.04e-16	1.27e-07	1.00e+00
 1.09466e+15	1.03e-15	1.35e-07	1.00e+00
 1.13344e+15	1.18e-15	1.45e-07	1.00e+00
 1.17671e+15	1.37e-15	1.56e-07	1.00e+00
 1.21744e+15	1.57e-15	1.67e-07	1.00e+00
 1.26158e+15	1.80e-15	1.79e-07	1.00e+00
 1.31069e+15	2.09e-15	1.93e-07	1.00e+00
 1.35754e+15	2.40e-15	2.07e-07	1.00e+00
 1.40764e+15	2.77e-15	2.23e-07	1.00e+00
 1.46398e+15	3.23e-15	2.41e-07	1.00e+00
 1.51970e+15	3.74e-15	2.59e-07	1.00e+00
 1.57765e+15	4.32e-15	2.79e-07	1.00e+00
 1.64079e+15	5.04e-15	3.02e-07	1.00e+00
 1.70514e+15	5.86e-15	3.26e-07	1.00e+00
 1.77207e+15	6.80e-15	3.52e-07	1.00e+00
 1.83864e+15	7.86e-15	3.79e-07	1.00e+00
 1.90144e+15	8.95e-15	4.05e-07	1.00e+00
 1.97108e+15	1.03e-14	4.35e-07	1.00e+00
 2.04111e+15	1.18e-14	4.67e-07	1.00e+00
 2.09932e+15	1.32e-14	4.94e-07	1.00e+00
 2.16105e+15	1.47e-14	5.24e-07	1.00e+00
 2.23988e+15	1.69e-14	5.63e-07	1.00e+00
 2.32241e+15	1.95e-14	6.05e-07	1.00e+00
 2.39537e+15	2.20e-14	6.44e-07	1.00e+00
 2.47438e+15	2.49e-14	6.88e-07	1.00e+00
 2.56944e+15	2.89e-14	7.43e-07	1.00e+00
 2.66569e+15	3.33e-14	8.00e-07	1.00e+00
 2.75562e+15	3.79e-14	8.56e-07	1.00e+00
 2.85570e+15	4.35e-14	9.21e-07	1.00e+00
 2.96197e+15	5.01e-14	9.92e-07	1.00e+00
 3.05634e+15	5.66e-14	1.06e-06	1.00e+00
 3.15779e+15	6.42e-14	1.13e-06	1.00e+00
 3.27945e+15	7.43e-14	1.22e-06	1.00e+00
 3.39917e+15	8.53e-14	1.32e-06	1.00e+00
 3.50558e+15	9.60e-14	1.40e-06	1.00e+00
 3.62291e+15	1.09e-13	1.50e-06	1.00e+00
 3.76302e+15	1.26e-13	1.62e-06	1.00e+00
 3.90229e+15	1.45e-13	1.75e-06	1.00e+00
 4.02939e+15	1.64e-13	1.87e-06	1.00e+00
 4.17111e+15	1.87e-13	2.01e-06	1.00e+00
 4.33626e+15	2.17e-13	2.18e-06	1.00e+00
 4.49847e+15	2.49e-13	2.35e-06	1.00e+00
 4.65130e+15	2.83e-13	2.51e-06	1.00e+00
 4.82151e+15	3.24e-13	2.71e-06	1.00e+00
 5.01440e+15	3.76e-13	2.94e-06	1.00e+00
 5.20710e+15	4.33e-13	3.17e-06	1.00e+00
 5.38744e+15	4.92e-13	3.40e-06	1.00e+00
 5.58291e+15	5.62e-13	3.66e-06	1.00e+00
 5.80171e+15	6.49e-13	3.97e-06	1.00e+00
 6.00635e+15	7.38e-13	4.26e-06	1.00e+00
 6.19608e+15	8.29e-13	4.54e-06	1.00e+00
 6.37843e+15	9.23e-13	4.82e-06	1.00e+00
 6.58069e+15	1.04e-12	5.14e-06	1.00e+00
 6.80464e+15	1.17e-12	5.50e-06	1.00e+00
 7.01350e+15	1.31e-12	5.85e-06	1.00e+00
 7.24173e+15	1.48e-12	6.25e-06	1.00e+00
 7.49829e+15	1.68e-12	6.71e-06	1.00e+00
 7.74264e+15	1.89e-12	7.16e-06	1.00e+00
 8.01123e+15	2.15e-12	7.68e-06	1.00e+00
 8.30719e+15	2.46e-12	8.27e-06	1.00e+00
 8.57948e+15	2.77e-12	8.83e-06	1.00e+00
 8.87422e+15	3.14e-12	9.46e-06	1.00e+00
 9.20382e+15	3.60e-12	1.02e-05	1.00e+00
 9.51405e+15	4.07e-12	1.09e-05	1.00e+00
 9.85263e+15	4.64e-12	1.17e-05	1.00e+00
 1.02288e+16	5.34e-12	1.27e-05	1.00e+00
 1.05801e+16	6.07e-12	1.36e-05	1.00e+00
 1.09616e+16	6.94e-12	1.46e-05	1.00e+00
 1.13881e+16	8.03e-12	1.58e-05	1.00e+00
 1.17935e+16	9.18e-12	1.70e-05	1.00e+00
 1.22270e+16	1.06e-11	1.83e-05	1.00e+00
 1.27161e+16	1.23e-11	1.98e-05	1.00e+00
 1.31983e+16	1.42e-11	2.15e-05	1.00e+00
 1.36593e+16	1.63e-11	2.31e-05	1.00e+00
 1.41650e+16	1.88e-11	2.49e-05	1.00e+00
 1.47317e+16	2.20e-11	2.71e-05	1.00e+00
 1.52158e+16	2.50e-11	2.90e-05	1.00e+00
 1.55777e+16	2.75e-11	3.05e-05	1.00e+00
 1.59610e+16	3.04e-11	3.21e-05	1.00e+00
 1.64592e+16	3.44e-11	3.43e-05	1.00e+00
 1.70059e+16	3.94e-11	3.68e-05	1.00e+00
 1.75080e+16	4.44e-11	3.92e-05	1.00e+00
 1.80535e+16	5.05e-11	4.19e-05	1.00e+00
 1.86692e+16	5.81e-11	4.51e-05	1.00e+00
 1.92597e+16	6.63e-11	4.83e-05	1.00e+00
 1.99107e+16	7.64e-11	5.20e-05	1.00e+00
 2.06362e+16	8.89e-11	5.63e-05	1.00e+00
 2.13174e+16	1.02e-10	6.05e-05	1.00e+00
 2.20620e+16	1.19e-10	6.53e-05	1.00e+00
 2.28897e+16	1.39e-10	7.09e-05	1.00e+00
 2.36600e+16	1.61e-10	7.64e-05	1.00e+00
 2.44958e+16	1.87e-10	8.26e-05	1.00e+00
 2.54292e+16	2.21e-10	8.99e-05	1.00e+00
 2.63047e+16	2.56e-10	9.70e-05	1.00e+00
 2.72536e+16	3.00e-10	1.05e-04	1.00e+00
 2.83122e+16	3.56e-10	1.15e-04	1.00e+00
 2.93127e+16	4.15e-10	1.24e-04	1.00e+00
 3.03849e+16	4.87e-10	1.35e-04	1.00e+00
 3.16003e+16	5.81e-10	1.47e-04	1.00e+00
 3.27892e+16	6.85e-10	1.60e-04	1.00e+00
 3.40256e+16	8.09e-10	1.74e-04	1.00e+00
 3.53549e+16	9.60e-10	1.90e-04	1.00e+00
 3.64635e+16	1.10e-09	2.04e-04	1.00e+00
 3.72989e+16	1.22e-09	2.14e-04	1.00e+00
 3.81933e+16	1.36e-09	2.26e-04	1.00e+00
 3.93559e+16	1.55e-09	2.42e-04	1.00e+00
 4.06262e+16	1.79e-09	2.60e-04	1.00e+00
 4.17845e+16	2.03e-09	2.77e-04	1.00e+00
 4.30385e+16	2.32e-09	2.96e-04	1.00e+00
 4.44557e+16	2.68e-09	3.19e-04	1.00e+00
 4.58160e+16	3.07e-09	3.41e-04	1.00e+00
 4.73153e+16	3.54e-09	3.67e-04	1.00e+00
 4.89851e+16	4.13e-09	3.97e-04	1.00e+00
 5.05608e+16	4.76e-09	4.26e-04	1.00e+00
 5.22936e+16	5.53e-09	4.59e-04	1.00e+00
 5.42524e+16	6.50e-09	4.98e-04	1.00e+00
 5.61215e+16	7.56e-09	5.37e-04	9.99e-01
 5.81515e+16	8.85e-09	5.82e-04	9.99e-01
 6.04047e+16	1.05e-08	6.33e-04	9.99e-01
 6.25205e+16	1.22e-08	6.83e-04	9.99e-01
 6.47940e+16	1.43e-08	7.39e-04	9.99e-01
 6.73857e+16	1.70e-08	8.06e-04	9.99e-01
 6.99079e+16	1.99e-08	8.74e-04	9.99e-01
 7.23042e+16	2.31e-08	9.41e-04	9.99e-01
 7.49696e+16	2.71e-08	1.02e-03	9.99e-01
 7.74866e+16	3.13e-08	1.10e-03	9.99e-01
 7.93624e+16	3.47e-08	1.15e-03	9.99e-01
 8.12686e+16	3.85e-08	1.22e-03	9.99e-01
 8.37466e+16	4.39e-08	1.30e-03	9.99e-01
 8.64409e+16	5.04e-08	1.39e-03	9.99e-01
 8.88706e+16	5.68e-08	1.48e-03	9.99e-01
 9.14834e+16	6.44e-08	1.57e-03	9.98e-01
 9.48195e+16	7.53e-08	1.70e-03	9.98e-01
 9.81847e+16	8.76e-08	1.84e-03	9.98e-01
 1.00977e+17	9.88e-08	1.95e-03	9.98e-01
 1.03935e+17	1.12e-07	2.08e-03	9.98e-01
 1.07719e+17	1.31e-07	2.24e-03	9.98e-01
 1.11706e+17	1.53e-07	2.43e-03	9.98e-01
 1.15204e+17	1.75e-07	2.59e-03	9.97e-01
 1.18936e+17	2.00e-07	2.77e-03	9.97e-01
 1.23467e+17	2.35e-07	3.01e-03	9.97e-01
 1.27973e+17	2.74e-07	3.25e-03	9.97e-01
 1.31964e+17	3.13e-07	3.47e-03	9.97e-01
 1.35770e+17	3.53e-07	3.69e-03	9.96e-01
 1.40138e+17	4.05e-07	3.95e-03	9.96e-01
 1.45021e+17	4.69e-07	4.25e-03	9.96e-01
 1.49138e+17	5.28e-07	4.51e-03	9.95e-01
 1.52387e+17	5.80e-07	4.72e-03	9.95e-01
 1.55939e+17	6.40e-07	4.96e-03	9.95e-01
 1.60558e+17	7.25e-07	5.29e-03	9.95e-01
 1.65467e+17	8.25e-07	5.64e-03	9.94e-01
 1.69753e+17	9.19e-07	5.96e-03	9.94e-01
 1.74324e+17	1.03e-06	6.31e-03	9.94e-01
 1.80265e+17	1.19e-06	6.78e-03	9.93e-01
 1.86313e+17	1.37e-06	7.28e-03	9.93e-01
 1.91266e+17	1.53e-06	7.70e-03	9.92e-01
 1.96473e+17	1.72e-06	8.15e-03	9.92e-01
 2.03243e+17	1.98e-06	8.77e-03	9.91e-01
 2.10183e+17	2.29e-06	9.43e-03	9.91e-01
 2.15908e+17	2.57e-06	9.98e-03	9.90e-01
 2.21912e+17	2.89e-06	1.06e-02	9.89e-01
 2.29716e+17	3.36e-06	1.14e-02	9.89e-01
 2.37558e+17	3.88e-06	1.23e-02	9.88e-01
 2.43793e+17	4.34e-06	1.30e-02	9.87e-01
 2.49116e+17	4.76e-06	1.36e-02	9.86e-01
 2.54909e+17	5.26e-06	1.43e-02	9.86e-01
 2.62441e+17	5.97e-06	1.52e-02	9.85e-01
 2.70538e+17	6.80e-06	1.63e-02	9.84e-01
 2.77572e+17	7.59e-06	1.72e-02	9.83e-01
 2.83662e+17	8.33e-06	1.80e-02	9.82e-01
 2.90324e+17	9.22e-06	1.89e-02	9.81e-01
 2.97811e+17	1.03e-05	2.00e-02	9.80e-01
 3.04920e+17	1.14e-05	2.11e-02	9.79e-01
 3.11675e+17	1.25e-05	2.21e-02	9.78e-01
 3.19423e+17	1.39e-05	2.33e-02	9.77e-01
 3.27900e+17	1.56e-05	2.47e-02	9.75e-01
 3.35643e+17	1.72e-05	2.60e-02	9.74e-01
 3.44028e+17	1.91e-05	2.74e-02	9.73e-01
 3.53238e+17	2.14e-05	2.91e-02	9.71e-01
 3.61736e+17	2.36e-05	3.07e-02	9.69e-01
 3.70995e+17	2.64e-05	3.25e-02	9.68e-01
 3.81135e+17	2.96e-05	3.45e-02	9.65e-01
 3.90489e+17	3.28e-05	3.64e-02	9.64e-01
 4.00717e+17	3.67e-05	3.87e-02	9.61e-01
 4.11912e+17	4.13e-05	4.12e-02	9.59e-01
 4.22262e+17	4.59e-05	4.36e-02	9.56e-01
 4.33616e+17	5.17e-05	4.65e-02	9.53e-01
 4.44456e+17	5.73e-05	4.93e-02	9.51e-01
 4.52551e+17	6.19e-05	5.14e-02	9.48e-01
 4.60999e+17	6.73e-05	5.39e-02	9.46e-01
 4.71981e+17	7.50e-05	5.73e-02	9.43e-01
 4.83056e+17	8.31e-05	6.08e-02	9.39e-01
 4.92063e+17	9.00e-05	6.37e-02	9.36e-01
 5.01583e+17	9.86e-05	6.71e-02	9.33e-01
 5.12124e+17	1.08e-04	7.10e-02	9.29e-01
 5.22108e+17	1.19e-04	7.50e-02	9.25e-01
 5.31667e+17	1.29e-04	7.89e-02	9.21e-01
 5.42553e+17	1.43e-04	8.39e-02	9.16e-01
 5.54151e+17	1.59e-04	8.95e-02	9.10e-01
 5.64351e+17	1.74e-04	9.47e-02	9.05e-01
 5.75291e+17	1.94e-04	1.01e-01	8.99e-01
 5.87003e+17	2.16e-04	1.08e-01	8.92e-01
 5.97427e+17	2.38e-04	1.15e-01	8.85e-01
 6.08685e+17	2.66e-04	1.23e-01	8.77e-01
 6.20772e+17	2.99e-04	1.33e-01	8.67e-01
 6.31391e+17	3.32e-04	1.42e-01	8.58e-01
 6.42650e+17	3.74e-04	1.53e-01	8.47e-01
 6.54651e+17	4.22e-04	1.66e-01	8.34e-01
 6.65116e+17	4.69e-04	1.78e-01	8.22e-01
 6.73582e+17	5.15e-04	1.88e-01	8.11e-01
 6.79801e+17	5.50e-04	1.97e-01	8.03e-01
 6.85735e+17	5.89e-04	2.05e-01	7.94e-01
 6.93450e+17	6.44e-04	2.17e-01	7.82e-01
 7.01400e+17	7.06e-04	2.31e-01	7.69e-01
 7.08083e+17	7.62e-04	2.42e-01	7.57e-01
 7.14166e+17	8.17e-04	2.54e-01	7.45e-01
 7.21041e+17	8.93e-04	2.68e-01	7.31e-01
 7.27961e+17	9.67e-04	2.82e-01	7.17e-01
 7.34937e+17	1.06e-03	2.98e-01	7.01e-01
 7.41791e+17	1.15e-03	3.14e-01	6.85e-01
 7.47413e+17	1.24e-03	3.28e-01	6.70e-01
 7.53650e+17	1.34e-03	3.45e-01	6.53e-01
 7.60405e+17	1.46e-03	3.64e-01	6.35e-01
 7.67835e+17	1.61e-03	3.86e-01	6.12e-01
 7.75165e+17	1.77e-03	4.08e-01	5.90e-01
 7.80676e+17	1.90e-03	4.25e-01	5.73e-01
 7.85152e+17	2.02e-03	4.39e-01	5.59e-01
 7.89974e+17	2.16e-03	4.56e-01	5.42e-01
 7.96243e+17	2.35e-03	4.78e-01	5.20e-01
 8.02746e+17	2.56e-03	5.00e-01	4.97e-01
 8.08141e+17	2.74e-03	5.19e-01	4.78e-01
 8.13744e+17	2.96e-03	5.40e-01	4.57e-01
 8.19856e+17	3.19e-03	5.62e-01	4.35e-01
 8.25366e+17	3.43e-03	5.82e-01	4.15e-01
 8.30481e+17	3.66e-03	6.00e-01	3.97e-01
 8.36343e+17	3.95e-03	6.21e-01	3.75e-01
 8.42677e+17	4.28e-03	6.43e-01	3.53e-01
 8.48338e+17	4.57e-03	6.61e-01	3.34e-01
 8.53590e+17	4.89e-03	6.79e-01	3.16e-01
 8.59596e+17	5.26e-03	6.98e-01	2.96e-01
 8.66218e+17	5.69e-03	7.19e-01	2.76e-01
 8.72335e+17	6.13e-03	7.36e-01	2.57e-01
 8.78979e+17	6.65e-03	7.55e-01	2.38e-01
 8.86295e+17	7.26e-03	7.74e-01	2.19e-01
 8.93075e+17	7.85e-03	7.90e-01	2.02e-01
 9.00481e+17	8.60e-03	8.07e-01	1.84e-01
 9.07912e+17	9.42e-03	8.22e-01	1.69e-01
 9.13807e+17	1.01e-02	8.32e-01	1.58e-01
 9.19901e+17	1.10e-02	8.43e-01	1.46e-01
 9.27823e+17	1.22e-02	8.56e-01	1.32e-01
 9.36078e+17	1.36e-02	8.67e-01	1.20e-01
 9.42839e+17	1.49e-02	8.74e-01	1.11e-01
 9.48493e+17	1.62e-02	8.80e-01	1.03e-01
 9.54637e+17	1.78e-02	8.86e-01	9.58e-02
 9.61192e+17	1.97e-02	8.92e-01	8.87e-02
 9.66688e+17	2.16e-02	8.95e-01	8.33e-02
 9.71280e+17	2.34e-02	8.98e-01	7.90e-02
 9.76292e+17	2.57e-02	9.00e-01	7.43e-02
 9.81674e+17	2.83e-02	9.02e-01	7.00e-02
 9.86273e+17	3.11e-02	9.02e-01	6.65e-02
 9.90130e+17	3.35e-02	9.03e-01	6.39e-02
 9.94285e+17	3.66e-02	9.02e-01	6.09e-02
 9.98900e+17	4.05e-02	9.02e-01	5.80e-02
 1.00303e+18	4.45e-02	9.00e-01	5.56e-02
 1.00655e+18	4.83e-02	8.98e-01	5.37e-02
 1.01035e+18	5.31e-02	8.95e-01	5.16e-02
 1.01456e+18	5.91e-02	8.91e-01	4.96e-02
 1.01835e+18	6.52e-02	8.87e-01	4.79e-02
 1.02168e+18	7.11e-02	8.82e-01	4.67e-02
 1.02536e+18	7.87e-02	8.76e-01	4.51e-02
 1.02936e+18	8.80e-02	8.68e-01	4.38e-02
 1.03291e+18	9.76e-02	8.60e-01	4.27e-02
 1.03609e+18	1.07e-01	8.51e-01	4.18e-02
 1.03920e+18	1.18e-01	8.41e-01	4.09e-02
 1.04230e+18	1.29e-01	8.30e-01	4.02e-02
 1.04515e+18	1.42e-01	8.19e-01	3.95e-02
 1.04767e+18	1.53e-01	8.08e-01	3.90e-02
 1.05001e+18	1.65e-01	7.97e-01	3.85e-02
 1.05184e+18	1.75e-01	7.87e-01	3.82e-02
 1.05308e+18	1.82e-01	7.80e-01	3.79e-02
 1.05427e+18	1.89e-01	7.73e-01	3.75e-02
 1.05575e+18	1.98e-01	7.64e-01	3.71e-02
 1.05734e+18	2.08e-01	7.55e-01	3.68e-02
 1.05875e+18	2.17e-01	7.46e-01	3.66e-02
 1.06007e+18	2.27e-01	7.37e-01	3.63e-02
 1.06141e+18	2.37e-01	7.27e-01	3.60e-02
 1.06282e+18	2.47e-01	7.17e-01	3.57e-02
 1.06425e+18	2.58e-01	7.06e-01	3.54e-02
 1.06557e+18	2.69e-01	6.96e-01	3.51e-02
 1.06681e+18	2.79e-01	6.86e-01	3.48e-02
 1.06805e+18	2.90e-01	6.76e-01	3.45e-02
 1.06932e+18	3.02e-01	6.64e-01	3.41e-02
 1.07059e+18	3.13e-01	6.54e-01	3.38e-02
 1.07186e+18	3.25e-01	6.42e-01	3.34e-02
 1.07315e+18	3.37e-01	6.30e-01	3.30e-02
 1.07439e+18	3.49e-01	6.18e-01	3.27e-02
 1.07561e+18	3.61e-01	6.06e-01	3.23e-02
 1.07687e+18	3.74e-01	5.94e-01	3.18e-02
 1.07815e+18	3.87e-01	5.81e-01	3.14e-02
 1.07939e+18	4.00e-01	5.69e-01	3.10e-02
 1.08063e+18	4.13e-01	5.56e-01	3.05e-02
 1.08190e+18	4.27e-01	5.43e-01	3.00e-02
 1.08312e+18	4.40e-01	5.31e-01	2.95e-02
 1.08434e+18	4.53e-01	5.18e-01	2.89e-02
 1.08557e+18	4.66e-01	5.05e-01	2.84e-02
 1.08681e+18	4.80e-01	4.93e-01	2.78e-02
 1.08802e+18	4.92e-01	4.80e-01	2.73e-02
 1.08923e+18	5.05e-01	4.68e-01	2.67e-02
 1.09044e+18	5.18e-01	4.56e-01	2.61e-02
 1.09164e+18	5.30e-01	4.44e-01	2.55e-02
 1.09286e+18	5.43e-01	4.32e-01	2.50e-02
 1.09408e+18	5.55e-01	4.21e-01	2.44e-02
 1.09531e+18	5.67e-01	4.10e-01	2.38e-02
 1.09654e+18	5.78e-01	3.99e-01	2.32e-02
 1.09776e+18	5.89e-01	3.88e-01	2.26e-02
 1.09896e+18	6.00e-01	3.78e-01	2.20e-02
 1.10017e+18	6.10e-01	3.68e-01	2.14e-02
 1.10139e+18	6.21e-01	3.58e-01	2.08e-02
 1.10256e+18	6.30e-01	3.50e-01	2.03e-02
 1.10373e+18	6.39e-01	3.41e-01	1.97e-02
 1.10494e+18	6.48e-01	3.33e-01	1.92e-02
 1.10617e+18	6.57e-01	3.25e-01	1.87e-02
 1.10741e+18	6.65e-01	3.17e-01	1.82e-02
 1.10862e+18	6.73e-01	3.10e-01	1.77e-02
 1.10986e+18	6.80e-01	3.03e-01	1.72e-02
 1.11113e+18	6.87e-01	2.96e-01	1.67e-02
 1.11243e+18	6.94e-01	2.90e-01	1.62e-02
 1.11374e+18	7.01e-01	2.83e-01	1.58e-02
 1.11506e+18	7.07e-01	2.77e-01	1.53e-02
 1.11641e+18	7.13e-01	2.72e-01	1.49e-02
 1.11777e+18	7.19e-01	2.66e-01	1.45e-02
 1.11916e+18	7.25e-01	2.61e-01	1.41e-02
 1.12058e+18	7.30e-01	2.56e-01	1.37e-02
 1.12201e+18	7.35e-01	2.51e-01	1.33e-02
 1.12348e+18	7.40e-01	2.47e-01	1.29e-02
 1.12496e+18	7.45e-01	2.42e-01	1.26e-02
 1.12647e+18	7.50e-01	2.38e-01	1.22e-02
 1.12801e+18	7.54e-01	2.34e-01	1.19e-02
 1.12956e+18	7.58e-01	2.30e-01	1.15e-02
 1.13114e+18	7.62e-01	2.27e-01	1.12e-02
 1.13275e+18	7.66e-01	2.23e-01	1.09e-02
 1.13438e+18	7.70e-01	2.20e-01	1.06e-02
 1.13599e+18	7.73e-01	2.16e-01	1.03e-02
 1.13766e+18	7.77e-01	2.13e-01	9.99e-03
 1.13939e+18	7.80e-01	2.10e-01	9.72e-03
 1.14117e+18	7.84e-01	2.07e-01	9.43e-03
 1.14300e+18	7.87e-01	2.04e-01	9.14e-03
 1.14477e+18	7.90e-01	2.01e-01	8.89e-03
 1.14664e+18	7.94e-01	1.97e-01	8.59e-03
 1.14858e+18	7.97e-01	1.95e-01	8.35e-03
 1.15058e+18	8.00e-01	1.92e-01	8.07e-03
 1.15269e+18	8.04e-01	1.88e-01	7.80e-03
 1.15488e+18	8.07e-01	1.86e-01	7.55e-03
 1.15729e+18	8.11e-01	1.82e-01	7.26e-03
 1.15989e+18	8.14e-01	1.79e-01	6.97e-03
 1.16259e+18	8.18e-01	1.75e-01	6.68e-03
 1.16556e+18	8.22e-01	1.71e-01	6.36e-03
 1.16808e+18	8.26e-01	1.68e-01	6.12e-03
 1.16983e+18	8.28e-01	1.66e-01	5.92e-03
 1.17170e+18	8.31e-01	1.63e-01	5.72e-03
 1.17413e+18	8.34e-01	1.60e-01	5.51e-03
 1.17719e+18	8.38e-01	1.57e-01	5.25e-03
 1.18043e+18	8.42e-01	1.53e-01	5.00e-03
 1.18340e+18	8.45e-01	1.50e-01	4.76e-03
 1.18609e+18	8.49e-01	1.47e-01	4.54e-03
 1.18865e+18	8.52e-01	1.44e-01	4.35e-03
 1.19108e+18	8.55e-01	1.41e-01	4.18e-03
 1.19330e+18	8.57e-01	1.39e-01	4.02e-03
 1.19532e+18	8.60e-01	1.36e-01	3.88e-03
 1.19715e+18	8.62e-01	1.34e-01	3.76e-03
 1.19882e+18	8.64e-01	1.32e-01	3.64e-03
 1.20034e+18	8.66e-01	1.31e-01	3.54e-03
 1.20172e+18	8.68e-01	1.29e-01	3.45e-03
 1.20324e+18	8.70e-01	1.27e-01	3.34e-03
 1.20488e+18	8.71e-01	1.26e-01	3.26e-03
 1.20636e+18	8.73e-01	1.24e-01	3.17e-03
 1.20772e+18	8.74e-01	1.23e-01	3.09e-03
 1.20920e+18	8.76e-01	1.21e-01	3.00e-03
 1.21081e+18	8.78e-01	1.19e-01	2.93e-03
 1.21227e+18	8.79e-01	1.18e-01	2.85e-03
 1.21359e+18	8.81e-01	1.16e-01	2.78e-03
 1.21480e+18	8.82e-01	1.15e-01	2.71e-03
 1.21612e+18	8.84e-01	1.14e-01	2.63e-03
 1.21755e+18	8.85e-01	1.12e-01	2.58e-03
 1.21885e+18	8.86e-01	1.11e-01	2.51e-03
 1.22028e+18	8.88e-01	1.10e-01	2.45e-03
 1.22182e+18	8.89e-01	1.08e-01	2.39e-03
 1.22322e+18	8.91e-01	1.07e-01	2.33e-03
 1.22475e+18	8.92e-01	1.06e-01	2.26e-03
 1.22641e+18	8.93e-01	1.04e-01	2.20e-03
 1.22791e+18	8.95e-01	1.03e-01	2.14e-03
 1.22928e+18	8.96e-01	1.02e-01	2.09e-03
 1.23053e+18	8.98e-01	1.00e-01	2.04e-03
 1.23190e+18	8.99e-01	9.91e-02	1.98e-03
 1.23338e+18	9.00e-01	9.80e-02	1.94e-03
 1.23472e+18	9.01e-01	9.68e-02	1.89e-03
 1.23594e+18	9.02e-01	9.58e-02	1.84e-03
 1.23728e+18	9.04e-01	9.44e-02	1.79e-03
 1.23873e+18	9.05e-01	9.33e-02	1.75e-03
 1.24004e+18	9.06e-01	9.22e-02	1.71e-03
 1.24124e+18	9.07e-01	9.12e-02	1.67e-03
 1.24255e+18	9.08e-01	8.99e-02	1.62e-03
 1.24397e+18	9.10e-01	8.89e-02	1.58e-03
 1.24526e+18	9.11e-01	8.79e-02	1.55e-03
 1.24667e+18	9.12e-01	8.67e-02	1.50e-03
 1.24820e+18	9.13e-01	8.56e-02	1.46e-03
 1.24959e+18	9.14e-01	8.46e-02	1.43e-03
 1.25085e+18	9.15e-01	8.36e-02	1.39e-03
 1.25223e+18	9.16e-01	8.24e-02	1.35e-03
 1.25373e+18	9.17e-01	8.15e-02	1.32e-03
 1.25509e+18	9.18e-01	8.05e-02	1.29e-03
 1.25632e+18	9.19e-01	7.96e-02	1.26e-03
 1.25768e+18	9.20e-01	7.85e-02	1.23e-03
 1.25914e+18	9.21e-01	7.76e-02	1.20e-03
 1.26048e+18	9.22e-01	7.67e-02	1.17e-03
 1.26194e+18	9.23e-01	7.57e-02	1.14e-03
 1.26351e+18	9.24e-01	7.48e-02	1.11e-03
 1.26495e+18	9.25e-01	7.40e-02	1.09e-03
 1.26652e+18	9.26e-01	7.30e-02	1.06e-03
 1.26821e+18	9.27e-01	7.21e-02	1.03e-03
 1.26976e+18	9.28e-01	7.13e-02	1.01e-03
 1.27145e+18	9.29e-01	7.02e-02	9.77e-04
 1.27327e+18	9.30e-01	6.93e-02	9.52e-04
 1.27494e+18	9.31e-01	6.84e-02	9.27e-04
 1.27645e+18	9.32e-01	6.75e-02	9.03e-04
 1.27811e+18	9.33e-01	6.66e-02	8.78e-04
 1.28026e+18	9.34e-01	6.56e-02	8.50e-04
 1.28259e+18	9.35e-01	6.45e-02	8.23e-04
 1.28470e+18	9.36e-01	6.35e-02	7.97e-04
 1.28663e+18	9.37e-01	6.25e-02	7.72e-04
 1.28838e+18	9.38e-01	6.16e-02	7.51e-04
 1.29030e+18	9.39e-01	6.06e-02	7.27e-04
 1.29237e+18	9.39e-01	5.99e-02	7.08e-04
 1.29426e+18	9.40e-01	5.90e-02	6.89e-04
 1.29633e+18	9.41e-01	5.81e-02	6.66e-04
 1.29856e+18	9.42e-01	5.72e-02	6.47e-04
 1.30059e+18	9.43e-01	5.64e-02	6.28e-04
 1.30244e+18	9.44e-01	5.56e-02	6.10e-04
 1.30446e+18	9.45e-01	5.47e-02	5.92e-04
 1.30665e+18	9.45e-01	5.40e-02	5.75e-04
 1.30864e+18	9.46e-01	5.32e-02	5.59e-04
 1.31082e+18	9.47e-01	5.24e-02	5.41e-04
 1.31318e+18	9.48e-01	5.16e-02	5.26e-04
 1.31532e+18	9.49e-01	5.08e-02	5.10e-04
 1.31766e+18	9.50e-01	5.00e-02	4.93e-04
 1.32020e+18	9.50e-01	4.92e-02	4.78e-04
 1.32250e+18	9.51e-01	4.84e-02	4.63e-04
 1.32503e+18	9.52e-01	4.76e-02	4.47e-04
 1.32776e+18	9.53e-01	4.68e-02	4.32e-04
 1.33024e+18	9.54e-01	4.60e-02	4.19e-04
 1.33250e+18	9.54e-01	4.53e-02	4.06e-04
 1.33498e+18	9.55e-01	4.46e-02	3.92e-04
 1.33765e+18	9.56e-01	4.39e-02	3.80e-04
 1.34008e+18	9.56e-01	4.32e-02	3.69e-04
 1.34275e+18	9.57e-01	4.24e-02	3.56e-04
 1.34562e+18	9.58e-01	4.17e-02	3.44e-04
 1.34824e+18	9.59e-01	4.11e-02	3.33e-04
 1.35111e+18	9.59e-01	4.03e-02	3.21e-04
 1.35421e+18	9.60e-01	3.96e-02	3.10e-04
 1.35702e+18	9.61e-01	3.89e-02	3.00e-04
 1.36011e+18	9.62e-01	3.82e-02	2.88e-04
 1.36345e+18	9.62e-01	3.75e-02	2.78e-04
 1.36648e+18	9.63e-01	3.68e-02	2.68e-04
 1.36981e+18	9.64e-01	3.61e-02	2.57e-04
 1.37340e+18	9.64e-01	3.54e-02	2.47e-04
 1.37666e+18	9.65e-01	3.47e-02	2.38e-04
 1.37963e+18	9.66e-01	3.41e-02	2.30e-04
 1.38289e+18	9.66e-01	3.35e-02	2.22e-04
 1.38641e+18	9.67e-01	3.29e-02	2.14e-04
 1.38961e+18	9.68e-01	3.23e-02	2.06e-04
 1.39311e+18	9.68e-01	3.16e-02	1.98e-04
 1.39690e+18	9.69e-01	3.10e-02	1.90e-04
 1.40034e+18	9.69e-01	3.04e-02	1.83e-04
 1.40412e+18	9.70e-01	2.98e-02	1.76e-04
 1.40819e+18	9.71e-01	2.92e-02	1.69e-04
 1.41190e+18	9.71e-01	2.86e-02	1.62e-04
 1.41596e+18	9.72e-01	2.80e-02	1.55e-04
 1.42035e+18	9.72e-01	2.74e-02	1.48e-04
 1.42434e+18	9.73e-01	2.68e-02	1.42e-04
 1.42798e+18	9.74e-01	2.63e-02	1.37e-04
 1.43196e+18	9.74e-01	2.58e-02	1.32e-04
 1.43625e+18	9.75e-01	2.52e-02	1.26e-04
 1.44016e+18	9.75e-01	2.47e-02	1.21e-04
 1.44445e+18	9.76e-01	2.42e-02	1.16e-04
 1.44908e+18	9.76e-01	2.37e-02	1.11e-04
 1.45329e+18	9.77e-01	2.32e-02	1.07e-04
 1.45790e+18	9.77e-01	2.26e-02	1.02e-04
 1.46288e+18	9.78e-01	2.21e-02	9.73e-05
 1.46741e+18	9.78e-01	2.16e-02	9.32e-05
 1.47238e+18	9.79e-01	2.11e-02	8.87e-05
 1.47774e+18	9.79e-01	2.06e-02	8.45e-05
 1.48262e+18	9.80e-01	2.01e-02	8.08e-05
 1.48797e+18	9.80e-01	1.96e-02	7.67e-05
 1.49485e+18	9.81e-01	1.90e-02	7.19e-05
 1.50251e+18	9.82e-01	1.83e-02	6.71e-05
 1.50989e+18	9.82e-01	1.77e-02	6.28e-05
 1.51701e+18	9.83e-01	1.72e-02	5.90e-05
 1.52427e+18	9.83e-01	1.66e-02	5.53e-05
 1.53177e+18	9.84e-01	1.61e-02	5.17e-05
 1.53939e+18	9.84e-01	1.56e-02	4.84e-05
 1.54705e+18	9.85e-01	1.51e-02	4.53e-05
 1.55476e+18	9.85e-01	1.46e-02	4.24e-05
 1.56256e+18	9.86e-01	1.41e-02	3.97e-05
 1.57046e+18	9.86e-01	1.36e-02	3.72e-05
 1.57840e+18	9.87e-01	1.32e-02	3.48e-05
 1.58638e+18	9.87e-01	1.27e-02	3.25e-05
 1.59447e+18	9.88e-01	1.23e-02	3.04e-05
 1.60264e+18	9.88e-01	1.19e-02	2.85e-05
 1.61084e+18	9.88e-01	1.15e-02	2.66e-05
 1.61908e+18	9.89e-01	1.11e-02	2.49e-05
 1.62738e+18	9.89e-01	1.08e-02	2.33e-05
 1.63574e+18	9.90e-01	1.04e-02	2.18e-05
 1.64413e+18	9.90e-01	1.01e-02	2.04e-05
 1.65256e+18	9.90e-01	9.73e-03	1.91e-05
 1.66105e+18	9.91e-01	9.41e-03	1.79e-05
 1.66960e+18	9.91e-01	9.10e-03	1.67e-05
 1.67824e+18	9.91e-01	8.80e-03	1.56e-05
 1.68702e+18	9.91e-01	8.51e-03	1.46e-05
 1.69592e+18	9.92e-01	8.22e-03	1.37e-05
 1.70488e+18	9.92e-01	7.95e-03	1.28e-05
 1.71391e+18	9.92e-01	7.68e-03	1.19e-05
 1.72304e+18	9.93e-01	7.42e-03	1.12e-05
 1.73228e+18	9.93e-01	7.17e-03	1.04e-05
 1.74164e+18	9.93e-01	6.93e-03	9.74e-06
 1.75116e+18	9.93e-01	6.69e-03	9.09e-06
 1.76085e+18	9.94e-01	6.46e-03	8.48e-06
 1.77077e+18	9.94e-01	6.24e-03	7.91e-06
 1.78095e+18	9.94e-01	6.02e-03	7.36e-06
 1.79138e+18	9.94e-01	5.80e-03	6.85e-06
 1.80200e+18	9.94e-01	5.59e-03	6.36e-06
 1.81285e+18	9.95e-01	5.39e-03	5.91e-06
 1.82399e+18	9.95e-01	5.19e-03	5.48e-06
 1.83543e+18	9.95e-01	4.99e-03	5.08e-06
 1.84720e+18	9.95e-01	4.80e-03	4.70e-06
 1.85935e+18	9.95e-01	4.61e-03	4.35e-06
 1.87194e+18	9.96e-01	4.43e-03	4.01e-06
 1.88494e+18	9.96e-01	4.25e-03	3.69e-06
 1.89837e+18	9.96e-01	4.07e-03	3.39e-06
 1.91226e+18	9.96e-01	3.90e-03	3.11e-06
 1.92666e+18	9.96e-01	3.73e-03	2.85e-06
 1.94164e+18	9.96e-01	3.56e-03	2.60e-06
 1.95729e+18	9.97e-01	3.40e-03	2.37e-06
 1.97361e+18	9.97e-01	3.24e-03	2.15e-06
 1.99025e+18	9.97e-01	3.08e-03	1.96e-06
 2.00711e+18	9.97e-01	2.94e-03	1.78e-06
 2.02441e+18	9.97e-01	2.80e-03	1.61e-06
 2.04213e+18	9.97e-01	2.66e-03	1.46e-06
 2.06020e+18	9.97e-01	2.53e-03	1.32e-06
 2.07861e+18	9.98e-01	2.40e-03	1.19e-06
 2.09739e+18	9.98e-01	2.29e-03	1.08e-06
 2.11625e+18	9.98e-01	2.17e-03	9.75e-07
 2.13466e+18	9.98e-01	2.07e-03	8.85e-07
 2.15239e+18	9.98e-01	1.98e-03	8.07e-07
 2.16978e+18	9.98e-01	1.89e-03	7.37e-07
 2.18741e+18	9.98e-01	1.80e-03	6.73e-07
 2.20571e+18	9.98e-01	1.72e-03	6.13e-07
 2.22472e+18	9.98e-01	1.64e-03	5.56e-07
 2.24419e+18	9.98e-01	1.56e-03	5.05e-07
 2.26407e+18	9.99e-01	1.48e-03	4.57e-07
 2.28474e+18	9.99e-01	1.41e-03	4.12e-07
 2.30693e+18	9.99e-01	1.33e-03	3.69e-07
 2.33086e+18	9.99e-01	1.26e-03	3.28e-07
 2.35572e+18	9.99e-01	1.18e-03	2.91e-07
 2.38084e+18	9.99e-01	1.11e-03	2.58e-07
 2.40637e+18	9.99e-01	1.05e-03	2.29e-07
 2.43264e+18	9.99e-01	9.84e-04	2.02e-07
 2.45973e+18	9.99e-01	9.23e-04	1.78e-07
 2.48759e+18	9.99e-01	8.65e-04	1.56e-07
 2.51622e+18	9.99e-01	8.09e-04	1.37e-07
 2.54570e+18	9.99e-01	7.56e-04	1.20e-07
 2.57612e+18	9.99e-01	7.05e-04	1.04e-07
 2.60754e+18	9.99e-01	6.57e-04	9.04e-08
 2.64005e+18	9.99e-01	6.10e-04	7.80e-08
 2.67373e+18	9.99e-01	5.65e-04	6.71e-08
 2.70868e+18	9.99e-01	5.23e-04	5.75e-08
 2.74502e+18	1.00e+00	4.82e-04	4.90e-08
 2.78273e+18	1.00e+00	4.44e-04	4.15e-08
 2.82153e+18	1.00e+00	4.08e-04	3.51e-08
 2.86246e+18	1.00e+00	3.73e-04	2.94e-08
 2.90615e+18	1.00e+00	3.39e-04	2.43e-08
 2.95228e+18	1.00e+00	3.07e-04	1.99e-08
 3.00113e+18	1.00e+00	2.76e-04	1.61e-08
 3.05334e+18	1.00e+00	2.47e-04	1.29e-08
 3.10940e+18	1.00e+00	2.19e-04	1.02e-08
 3.16959e+18	1.00e+00	1.93e-04	7.89e-09
 3.23491e+18	1.00e+00	1.68e-04	6.00e-09
 3.30671e+18	1.00e+00	1.44e-04	4.45e-09
 3.38660e+18	1.00e+00	1.22e-04	3.20e-09
 3.47673e+18	1.00e+00	1.02e-04	2.21e-09
 3.58028e+18	1.00e+00	8.23e-05	1.45e-09
 3.69581e+18	1.00e+00	6.54e-05	9.17e-10
 3.81502e+18	1.00e+00	5.19e-05	5.80e-10
 3.93285e+18	1.00e+00	4.15e-05	3.71e-10
 4.05044e+18	1.00e+00	3.33e-05	2.39e-10
 4.16998e+18	1.00e+00	2.67e-05	1.54e-10
 4.29247e+18	1.00e+00	2.14e-05	9.94e-11
 4.41752e+18	1.00e+00	1.72e-05	6.42e-11
 4.54535e+18	1.00e+00	1.38e-05	4.14e-11
 4.67668e+18	1.00e+00	1.10e-05	2.66e-11
 4.81117e+18	1.00e+00	8.84e-06	1.71e-11
 4.94859e+18	1.00e+00	7.08e-06	1.10e-11
 5.08955e+18	1.00e+00	5.67e-06	7.08e-12
 5.23481e+18	1.00e+00	4.53e-06	4.53e-12
 5.38454e+18	1.00e+00	3.61e-06	2.90e-12
 5.53875e+18	1.00e+00	2.88e-06	1.84e-12
 5.69806e+18	1.00e+00	2.29e-06	1.17e-12
 5.86319e+18	1.00e+00	1.81e-06	7.36e-13
 6.03490e+18	1.00e+00	1.43e-06	4.60e-13
 6.21416e+18	1.00e+00	1.12e-06	2.85e-13
 6.40222e+18	1.00e+00	8.77e-07	1.75e-13
 6.60110e+18	1.00e+00	6.78e-07	1.05e-13
 6.81293e+18	1.00e+00	5.20e-07	6.21e-14
 7.04075e+18	1.00e+00	3.93e-07	3.57e-14
 7.28974e+18	1.00e+00	2.92e-07	1.98e-14
 7.56732e+18	1.00e+00	2.11e-07	1.04e-14
 7.86865e+18	1.00e+00	1.50e-07	5.33e-15
 8.18340e+18	1.00e+00	1.06e-07	2.70e-15
 8.51074e+18	1.00e+00	7.52e-08	1.36e-15
 8.85117e+18	1.00e+00	5.29e-08	6.81e-16
 9.20521e+18	1.00e+00	3.71e-08	3.38e-16
 9.57342e+18	1.00e+00	2.59e-08	1.67e-16
 9.95636e+18	1.00e+00	1.81e-08	8.19e-17
 1.03546e+19	1.00e+00	1.25e-08	3.99e-17
 1.07688e+19	1.00e+00	8.68e-09	1.93e-17
 1.11995e+19	1.00e+00	5.99e-09	9.29e-18
 1.16475e+19	1.00e+00	4.12e-09	4.44e-18
 1.20882e+19	1.00e+00	2.90e-09	2.22e-18
 1.24886e+19	1.00e+00	2.13e-09	1.21e-18
 1.28511e+19	1.00e+00	1.62e-09	7.09e-19
 1.31990e+19	1.00e+00	1.26e-09	4.29e-19
 1.35309e+19	1.00e+00	9.94e-10	2.71e-19
 1.38104e+19	1.00e+00	8.26e-10	1.89e-19
 1.40073e+19	1.00e+00	7.30e-10	1.48e-19
 1.41251e+19	1.00e+00	6.80e-10	1.29e-19
 1.41956e+19	1.00e+00	6.52e-10	1.19e-19
 1.42507e+19	1.00e+00	6.30e-10	1.11e-19
 1.43080e+19	1.00e+00	6.06e-10	1.03e-19
 1.43635e+19	1.00e+00	5.86e-10	9.66e-20
 1.44068e+19	1.00e+00	5.71e-10	9.19e-20
 1.44397e+19	1.00e+00	5.60e-10	8.84e-20
 1.44632e+19	1.00e+00	5.53e-10	8.62e-20
 1.44773e+19	1.00e+00	5.49e-10	8.49e-20
 1.44875e+19	1.00e+00	5.46e-10	8.39e-20
 1.44980e+19	1.00e+00	5.42e-10	8.29e-20
 1.45096e+19	1.00e+00	5.38e-10	8.16e-20
 1.45203e+19	1.00e+00	5.35e-10	8.06e-20
 1.45288e+19	1.00e+00	5.32e-10	7.99e-20
 1.45372e+19	1.00e+00	5.29e-10	7.91e-20
 1.45470e+19	1.00e+00	5.26e-10	7.81e-20
 1.45566e+19	1.00e+00	5.23e-10	7.72e-20
 1.45642e+19	1.00e+00	5.21e-10	7.66e-20
 1.45709e+19	1.00e+00	5.19e-10	7.60e-20
 1.45786e+19	1.00e+00	5.16e-10	7.53e-20
 1.45867e+19	1.00e+00	5.14e-10	7.46e-20
 1.45934e+19	1.00e+00	5.12e-10	7.40e-20
 1.45992e+19	1.00e+00	5.10e-10	7.35e-20
 1.46057e+19	1.00e+00	5.08e-10	7.29e-20
 1.46122e+19	1.00e+00	5.06e-10	7.24e-20
 1.46183e+19	1.00e+00	5.04e-10	7.19e-20
 1.46239e+19	1.00e+00	5.02e-10	7.14e-20
 1.46292e+19	1.00e+00	5.01e-10	7.10e-20
 1.46345e+19	1.00e+00	4.99e-10	7.05e-20
 1.46402e+19	1.00e+00	4.97e-10	7.00e-20
 1.46459e+19	1.00e+00	4.96e-10	6.95e-20
 1.46511e+19	1.00e+00	4.94e-10	6.91e-20
 1.46558e+19	1.00e+00	4.93e-10	6.88e-20
 1.46609e+19	1.00e+00	4.91e-10	6.84e-20
 1.46661e+19	1.00e+00	4.90e-10	6.79e-20
 1.46713e+19	1.00e+00	4.88e-10	6.75e-20
 1.46767e+19	1.00e+00	4.86e-10	6.71e-20
 1.46815e+19	1.00e+00	4.85e-10	6.67e-20
 1.46861e+19	1.00e+00	4.84e-10	6.63e-20
 1.46914e+19	1.00e+00	4.82e-10	6.59e-20
 1.46968e+19	1.00e+00	4.80e-10	6.55e-20
 1.47019e+19	1.00e+00	4.79e-10	6.51e-20
 1.47068e+19	1.00e+00	4.77e-10	6.47e-20
 1.47121e+19	1.00e+00	4.76e-10	6.43e-20
 1.47180e+19	1.00e+00	4.74e-10	6.38e-20
 1.47242e+19	1.00e+00	4.72e-10	6.34e-20
 1.47299e+19	1.00e+00	4.70e-10	6.30e-20
 1.47349e+19	1.00e+00	4.69e-10	6.26e-20
 1.47399e+19	1.00e+00	4.68e-10	6.22e-20
 1.47461e+19	1.00e+00	4.66e-10	6.17e-20
 1.47528e+19	1.00e+00	4.64e-10	6.12e-20
 1.47589e+19	1.00e+00	4.62e-10	6.08e-20
 1.47646e+19	1.00e+00	4.60e-10	6.04e-20
 1.47701e+19	1.00e+00	4.59e-10	6.00e-20
 1.47766e+19	1.00e+00	4.57e-10	5.95e-20
 1.47842e+19	1.00e+00	4.54e-10	5.90e-20
 1.47915e+19	1.00e+00	4.52e-10	5.85e-20
 1.47983e+19	1.00e+00	4.51e-10	5.80e-20
 1.48050e+19	1.00e+00	4.49e-10	5.76e-20
 1.48120e+19	1.00e+00	4.47e-10	5.71e-20
 1.48198e+19	1.00e+00	4.44e-10	5.66e-20
 1.48279e+19	1.00e+00	4.42e-10	5.60e-20
 1.48356e+19	1.00e+00	4.40e-10	5.55e-20
 1.48439e+19	1.00e+00	4.38e-10	5.50e-20
 1.48524e+19	1.00e+00	4.35e-10	5.44e-20
 1.48606e+19	1.00e+00	4.33e-10	5.39e-20
 1.48692e+19	1.00e+00	4.31e-10	5.34e-20
 1.48790e+19	1.00e+00	4.28e-10	5.27e-20
 1.48890e+19	1.00e+00	4.25e-10	5.21e-20
 1.48987e+19	1.00e+00	4.23e-10	5.15e-20
 1.49081e+19	1.00e+00	4.20e-10	5.10e-20
 1.49178e+19	1.00e+00	4.18e-10	5.04e-20
 1.49285e+19	1.00e+00	4.15e-10	4.98e-20
 1.49400e+19	1.00e+00	4.12e-10	4.91e-20
 1.49516e+19	1.00e+00	4.09e-10	4.84e-20
 1.49630e+19	1.00e+00	4.06e-10	4.78e-20
 1.49744e+19	1.00e+00	4.03e-10	4.72e-20
 1.49860e+19	1.00e+00	4.00e-10	4.66e-20
 1.49984e+19	1.00e+00	3.97e-10	4.59e-20
 1.50121e+19	1.00e+00	3.93e-10	4.51e-20
 1.50262e+19	1.00e+00	3.90e-10	4.44e-20
 1.50402e+19	1.00e+00	3.86e-10	4.37e-20
 1.50538e+19	1.00e+00	3.83e-10	4.30e-20
 1.50682e+19	1.00e+00	3.80e-10	4.23e-20
 1.50834e+19	1.00e+00	3.76e-10	4.16e-20
 1.50989e+19	1.00e+00	3.72e-10	4.08e-20
 1.51152e+19	1.00e+00	3.68e-10	4.01e-20
 1.51325e+19	1.00e+00	3.64e-10	3.93e-20
 1.51506e+19	1.00e+00	3.60e-10	3.84e-20
 1.51691e+19	1.00e+00	3.56e-10	3.76e-20
 1.51876e+19	1.00e+00	3.52e-10	3.69e-20
 1.52074e+19	1.00e+00	3.48e-10	3.61e-20
 1.52291e+19	1.00e+00	3.43e-10	3.52e-20
 1.52511e+19	1.00e+00	3.38e-10	3.43e-20
 1.52729e+19	1.00e+00	3.34e-10	3.35e-20
 1.52957e+19	1.00e+00	3.29e-10	3.26e-20
 1.53199e+19	1.00e+00	3.24e-10	3.18e-20
 1.53454e+19	1.00e+00	3.19e-10	3.08e-20
 1.53715e+19	1.00e+00	3.14e-10	2.99e-20
 1.53976e+19	1.00e+00	3.09e-10	2.91e-20
 1.54256e+19	1.00e+00	3.03e-10	2.82e-20
 1.54556e+19	1.00e+00	2.98e-10	2.73e-20
 1.54858e+19	1.00e+00	2.92e-10	2.64e-20
 1.55166e+19	1.00e+00	2.87e-10	2.55e-20
 1.55492e+19	1.00e+00	2.81e-10	2.46e-20
 1.55837e+19	1.00e+00	2.75e-10	2.37e-20
 1.56209e+19	1.00e+00	2.69e-10	2.27e-20
 1.56593e+19	1.00e+00	2.62e-10	2.18e-20
 1.56962e+19	1.00e+00	2.56e-10	2.09e-20
 1.57346e+19	1.00e+00	2.50e-10	2.01e-20
 1.57774e+19	1.00e+00	2.43e-10	1.91e-20
 1.58221e+19	1.00e+00	2.37e-10	1.82e-20
 1.58692e+19	1.00e+00	2.30e-10	1.73e-20
 1.59190e+19	1.00e+00	2.23e-10	1.63e-20
 1.59665e+19	1.00e+00	2.16e-10	1.55e-20
 1.60136e+19	1.00e+00	2.10e-10	1.47e-20
 1.60655e+19	1.00e+00	2.03e-10	1.39e-20
 1.61285e+19	1.00e+00	1.95e-10	1.29e-20
 1.61969e+19	1.00e+00	1.87e-10	1.20e-20
 1.62608e+19	1.00e+00	1.79e-10	1.12e-20
 1.63224e+19	1.00e+00	1.72e-10	1.04e-20
 1.63881e+19	1.00e+00	1.65e-10	9.68e-21
 1.64628e+19	1.00e+00	1.57e-10	0.00e+00
 1.65428e+19	1.00e+00	1.49e-10	0.00e+00
 1.66200e+19	1.00e+00	1.41e-10	0.00e+00
 1.66953e+19	1.00e+00	1.35e-10	0.00e+00
 1.67802e+19	1.00e+00	1.27e-10	0.00e+00
 1.68773e+19	1.00e+00	1.19e-10	0.00e+00
 1.69694e+19	1.00e+00	1.12e-10	0.00e+00
 1.70421e+19	1.00e+00	1.07e-10	0.00e+00
 1.70999e+19	1.00e+00	1.03e-10	0.00e+00
 1.71543e+19	1.00e+00	9.90e-11	0.00e+00
 1.72118e+19	1.00e+00	9.52e-11	0.00e+00
 1.72714e+19	1.00e+00	9.14e-11	0.00e+00
 1.73275e+19	1.00e+00	8.81e-11	0.00e+00
 1.73782e+19	1.00e+00	8.52e-11	0.00e+00
 1.74263e+19	1.00e+00	8.25e-11	0.00e+00
 1.74747e+19	1.00e+00	7.99e-11	0.00e+00
 1.75235e+19	1.00e+00	7.74e-11	0.00e+00
 1.75714e+19	1.00e+00	7.50e-11	0.00e+00
 1.76176e+19	1.00e+00	7.27e-11	0.00e+00
 1.76624e+19	1.00e+00	7.06e-11	0.00e+00
 1.77066e+19	1.00e+00	6.86e-11	0.00e+00
 1.77507e+19	1.00e+00	6.66e-11	0.00e+00
 1.77944e+19	1.00e+00	6.47e-11	0.00e+00
 1.78374e+19	1.00e+00	6.29e-11	0.00e+00
 1.78797e+19	1.00e+00	6.12e-11	0.00e+00
 1.79215e+19	1.00e+00	5.96e-11	0.00e+00
 1.79630e+19	1.00e+00	5.80e-11	0.00e+00
 1.80043e+19	1.00e+00	5.64e-11	0.00e+00
 1.80452e+19	1.00e+00	5.49e-11	0.00e+00
 1.80858e+19	1.00e+00	5.35e-11	0.00e+00
 1.81260e+19	1.00e+00	5.21e-11	0.00e+00
 1.81659e+19	1.00e+00	5.08e-11	0.00e+00
 1.82056e+19	1.00e+00	4.95e-11	0.00e+00
 1.82451e+19	1.00e+00	4.82e-11	0.00e+00
 1.82844e+19	1.00e+00	4.70e-11	0.00e+00
 1.83235e+19	1.00e+00	4.58e-11	0.00e+00
 1.83682e+19	1.00e+00	4.45e-11	0.00e+00
 1.84265e+19	1.00e+00	4.28e-11	0.00e+00
 1.85021e+19	1.00e+00	4.07e-11	0.00e+00
 1.86005e+19	1.00e+00	3.81e-11	0.00e+00
 1.87284e+19	1.00e+00	3.50e-11	0.00e+00
 1.88724e+19	1.00e+00	3.18e-11	0.00e+00
 1.89936e+19	1.00e+00	2.94e-11	0.00e+00
 1.90750e+19	1.00e+00	2.79e-11	0.00e+00
 1.91340e+19	1.00e+00	2.69e-11	0.00e+00
 1.91965e+19	1.00e+00	2.57e-11	0.00e+00
