#depth	O	O+	O+2	O+3	O+4	O+5	O+6	O+7	O+8	O[1]	O[2]	O[3]
 1.49634e+10	0.00e+00	0.00e+00	1.70e-31	4.52e-22	6.92e-14	3.21e-07	1.00e+00	0.00e+00	0.00e+00	0.00e+00	0.00e+00	0.00e+00
 4.54887e+10	0.00e+00	5.96e-42	2.33e-31	5.73e-22	8.11e-14	3.47e-07	1.00e+00	3.70e-18	0.00e+00	0.00e+00	0.00e+00	0.00e+00
 7.72350e+10	0.00e+00	0.00e+00	3.19e-31	7.25e-22	9.49e-14	3.76e-07	1.00e+00	0.00e+00	0.00e+00	0.00e+00	0.00e+00	0.00e+00
 1.10251e+11	0.00e+00	1.31e-41	4.37e-31	9.18e-22	1.11e-13	4.07e-07	1.00e+00	0.00e+00	0.00e+00	0.00e+00	0.00e+00	0.00e+00
 1.44588e+11	0.00e+00	0.00e+00	5.98e-31	1.16e-21	1.30e-13	4.40e-07	1.00e+00	0.00e+00	0.00e+00	0.00e+00	0.00e+00	0.00e+00
 1.80298e+11	0.00e+00	2.86e-41	8.19e-31	1.47e-21	1.52e-13	4.77e-07	1.00e+00	0.00e+00	0.00e+00	0.00e+00	0.00e+00	0.00e+00
 2.17437e+11	0.00e+00	0.00e+00	1.12e-30	1.86e-21	1.79e-13	5.16e-07	1.00e+00	0.00e+00	0.00e+00	0.00e+00	0.00e+00	0.00e+00
 2.56061e+11	0.00e+00	6.28e-41	1.54e-30	2.36e-21	2.09e-13	5.59e-07	1.00e+00	0.00e+00	0.00e+00	0.00e+00	0.00e+00	0.00e+00
 2.96231e+11	0.00e+00	0.00e+00	2.10e-30	2.99e-21	2.45e-13	6.05e-07	1.00e+00	0.00e+00	0.00e+00	0.00e+00	0.00e+00	0.00e+00
 3.38007e+11	0.00e+00	1.38e-40	2.88e-30	3.79e-21	2.87e-13	6.55e-07	1.00e+00	0.00e+00	0.00e+00	0.00e+00	0.00e+00	0.00e+00
 3.81454e+11	0.00e+00	0.00e+00	3.95e-30	4.80e-21	3.36e-13	7.09e-07	1.00e+00	0.00e+00	0.00e+00	0.00e+00	0.00e+00	0.00e+00
 4.26639e+11	0.00e+00	3.02e-40	5.40e-30	6.09e-21	3.94e-13	7.68e-07	1.00e+00	0.00e+00	0.00e+00	0.00e+00	0.00e+00	0.00e+00
 4.73631e+11	0.00e+00	0.00e+00	7.40e-30	7.71e-21	4.62e-13	8.32e-07	1.00e+00	0.00e+00	0.00e+00	0.00e+00	0.00e+00	0.00e+00
 5.22503e+11	0.00e+00	6.62e-40	1.01e-29	9.78e-21	5.42e-13	9.01e-07	1.00e+00	0.00e+00	0.00e+00	0.00e+00	0.00e+00	0.00e+00
 5.73330e+11	0.00e+00	0.00e+00	1.39e-29	1.24e-20	6.35e-13	9.76e-07	1.00e+00	0.00e+00	0.00e+00	0.00e+00	0.00e+00	0.00e+00
 6.26190e+11	0.00e+00	1.45e-39	1.90e-29	1.57e-20	7.45e-13	1.06e-06	1.00e+00	0.00e+00	0.00e+00	0.00e+00	0.00e+00	0.00e+00
 6.81164e+11	0.00e+00	0.00e+00	2.61e-29	1.99e-20	8.73e-13	1.15e-06	1.00e+00	0.00e+00	0.00e+00	0.00e+00	0.00e+00	0.00e+00
 7.38337e+11	0.00e+00	3.19e-39	3.58e-29	2.53e-20	1.02e-12	1.24e-06	1.00e+00	0.00e+00	0.00e+00	0.00e+00	0.00e+00	0.00e+00
 7.97798e+11	0.00e+00	0.00e+00	4.90e-29	3.20e-20	1.20e-12	1.35e-06	1.00e+00	0.00e+00	0.00e+00	0.00e+00	0.00e+00	0.00e+00
 8.59636e+11	0.00e+00	6.99e-39	6.72e-29	4.06e-20	1.41e-12	1.46e-06	1.00e+00	0.00e+00	0.00e+00	0.00e+00	0.00e+00	0.00e+00
 9.23949e+11	0.00e+00	0.00e+00	9.21e-29	5.16e-20	1.66e-12	1.58e-06	1.00e+00	0.00e+00	0.00e+00	0.00e+00	0.00e+00	0.00e+00
 9.90833e+11	0.00e+00	1.53e-38	1.26e-28	6.54e-20	1.94e-12	1.71e-06	1.00e+00	0.00e+00	0.00e+00	0.00e+00	0.00e+00	0.00e+00
 1.06039e+12	0.00e+00	0.00e+00	1.73e-28	8.31e-20	2.28e-12	1.86e-06	1.00e+00	0.00e+00	0.00e+00	0.00e+00	0.00e+00	0.00e+00
 1.13274e+12	0.00e+00	3.36e-38	2.38e-28	1.05e-19	2.68e-12	2.02e-06	1.00e+00	0.00e+00	0.00e+00	0.00e+00	0.00e+00	0.00e+00
 1.20797e+12	0.00e+00	0.00e+00	3.26e-28	1.34e-19	3.15e-12	2.19e-06	1.00e+00	0.00e+00	0.00e+00	0.00e+00	0.00e+00	0.00e+00
 1.28622e+12	0.00e+00	7.38e-38	4.47e-28	1.70e-19	3.71e-12	2.38e-06	1.00e+00	0.00e+00	0.00e+00	0.00e+00	0.00e+00	0.00e+00
 1.36759e+12	0.00e+00	0.00e+00	6.13e-28	2.16e-19	4.36e-12	2.58e-06	1.00e+00	0.00e+00	0.00e+00	0.00e+00	0.00e+00	0.00e+00
 1.44537e+12	0.00e+00	1.57e-37	8.20e-28	2.69e-19	5.06e-12	2.78e-06	1.00e+00	0.00e+00	0.00e+00	0.00e+00	0.00e+00	0.00e+00
 1.51690e+12	0.00e+00	0.00e+00	1.06e-27	3.28e-19	5.78e-12	2.98e-06	1.00e+00	0.00e+00	0.00e+00	0.00e+00	0.00e+00	0.00e+00
 1.59796e+12	0.00e+00	3.07e-37	1.41e-27	4.07e-19	6.70e-12	3.21e-06	1.00e+00	0.00e+00	0.00e+00	0.00e+00	0.00e+00	0.00e+00
 1.69161e+12	0.00e+00	0.00e+00	1.94e-27	5.17e-19	7.88e-12	3.49e-06	1.00e+00	0.00e+00	0.00e+00	0.00e+00	0.00e+00	0.00e+00
 1.78377e+12	0.00e+00	6.58e-37	2.61e-27	6.50e-19	9.21e-12	3.78e-06	1.00e+00	0.00e+00	0.00e+00	0.00e+00	0.00e+00	0.00e+00
 1.87234e+12	0.00e+00	0.00e+00	3.45e-27	8.03e-19	1.06e-11	4.06e-06	1.00e+00	0.00e+00	0.00e+00	0.00e+00	0.00e+00	0.00e+00
 1.96990e+12	0.00e+00	1.34e-36	4.63e-27	1.01e-18	1.24e-11	4.40e-06	1.00e+00	0.00e+00	0.00e+00	0.00e+00	0.00e+00	0.00e+00
 2.07862e+12	6.14e-47	1.98e-36	6.35e-27	1.28e-18	1.47e-11	4.79e-06	1.00e+00	0.00e+00	0.00e+00	0.00e+00	0.00e+00	0.00e+00
 2.18920e+12	0.00e+00	0.00e+00	8.66e-27	1.62e-18	1.73e-11	5.21e-06	1.00e+00	0.00e+00	0.00e+00	0.00e+00	0.00e+00	0.00e+00
 2.30420e+12	0.00e+00	4.24e-36	1.18e-26	2.06e-18	2.03e-11	5.67e-06	1.00e+00	0.00e+00	0.00e+00	0.00e+00	0.00e+00	0.00e+00
 2.42630e+12	2.43e-46	6.25e-36	1.62e-26	2.63e-18	2.41e-11	6.19e-06	1.00e+00	0.00e+00	0.00e+00	0.00e+00	0.00e+00	0.00e+00
 2.55327e+12	0.00e+00	0.00e+00	2.22e-26	3.35e-18	2.85e-11	6.76e-06	1.00e+00	0.00e+00	0.00e+00	0.00e+00	0.00e+00	0.00e+00
 2.68533e+12	0.00e+00	1.36e-35	3.05e-26	4.28e-18	3.38e-11	7.38e-06	1.00e+00	0.00e+00	0.00e+00	0.00e+00	0.00e+00	0.00e+00
 2.82267e+12	9.70e-46	1.99e-35	4.18e-26	5.46e-18	4.01e-11	8.07e-06	1.00e+00	0.00e+00	0.00e+00	0.00e+00	0.00e+00	0.00e+00
 2.96551e+12	0.00e+00	0.00e+00	5.72e-26	6.97e-18	4.76e-11	8.84e-06	1.00e+00	0.00e+00	0.00e+00	0.00e+00	0.00e+00	0.00e+00
 3.11405e+12	0.00e+00	4.29e-35	7.83e-26	8.91e-18	5.66e-11	9.68e-06	1.00e+00	0.00e+00	0.00e+00	0.00e+00	0.00e+00	0.00e+00
 3.26854e+12	3.78e-45	6.26e-35	1.07e-25	1.14e-17	6.73e-11	1.06e-05	1.00e+00	0.00e+00	0.00e+00	0.00e+00	0.00e+00	0.00e+00
 3.42921e+12	0.00e+00	9.12e-35	1.46e-25	1.45e-17	8.02e-11	1.17e-05	1.00e+00	0.00e+00	0.00e+00	0.00e+00	0.00e+00	0.00e+00
 3.59631e+12	9.19e-45	1.32e-34	1.99e-25	1.86e-17	9.56e-11	1.28e-05	1.00e+00	0.00e+00	0.00e+00	0.00e+00	0.00e+00	0.00e+00
 3.77009e+12	0.00e+00	1.92e-34	2.71e-25	2.37e-17	1.14e-10	1.41e-05	1.00e+00	0.00e+00	0.00e+00	0.00e+00	0.00e+00	0.00e+00
 3.95082e+12	2.19e-44	2.76e-34	3.68e-25	3.03e-17	1.36e-10	1.55e-05	1.00e+00	0.00e+00	0.00e+00	0.00e+00	0.00e+00	0.00e+00
 4.13877e+12	0.00e+00	3.96e-34	4.99e-25	3.87e-17	1.62e-10	1.71e-05	1.00e+00	0.00e+00	0.00e+00	0.00e+00	0.00e+00	0.00e+00
 4.33425e+12	5.09e-44	5.66e-34	6.74e-25	4.93e-17	1.94e-10	1.88e-05	1.00e+00	0.00e+00	0.00e+00	0.00e+00	0.00e+00	0.00e+00
 4.53755e+12	0.00e+00	8.04e-34	9.08e-25	6.28e-17	2.31e-10	2.08e-05	1.00e+00	0.00e+00	0.00e+00	0.00e+00	0.00e+00	0.00e+00
 4.74898e+12	1.15e-43	1.14e-33	1.22e-24	7.99e-17	2.76e-10	2.30e-05	1.00e+00	0.00e+00	0.00e+00	0.00e+00	0.00e+00	0.00e+00
 4.96886e+12	0.00e+00	1.60e-33	1.63e-24	1.02e-16	3.30e-10	2.54e-05	1.00e+00	0.00e+00	0.00e+00	0.00e+00	0.00e+00	0.00e+00
 5.19755e+12	2.53e-43	2.24e-33	2.18e-24	1.29e-16	3.93e-10	2.80e-05	1.00e+00	0.00e+00	0.00e+00	0.00e+00	0.00e+00	0.00e+00
 5.43537e+12	0.00e+00	3.12e-33	2.91e-24	1.63e-16	4.68e-10	3.10e-05	1.00e+00	0.00e+00	0.00e+00	0.00e+00	0.00e+00	0.00e+00
 5.68212e+12	5.41e-43	4.33e-33	3.86e-24	2.07e-16	5.57e-10	3.42e-05	1.00e+00	0.00e+00	0.00e+00	0.00e+00	0.00e+00	0.00e+00
 5.93832e+12	0.00e+00	5.98e-33	5.12e-24	2.62e-16	6.62e-10	3.78e-05	1.00e+00	0.00e+00	0.00e+00	0.00e+00	0.00e+00	0.00e+00
 6.20536e+12	1.14e-42	8.25e-33	6.78e-24	3.31e-16	7.86e-10	4.17e-05	1.00e+00	0.00e+00	0.00e+00	0.00e+00	0.00e+00	0.00e+00
 6.48350e+12	0.00e+00	1.14e-32	8.96e-24	4.17e-16	9.32e-10	4.60e-05	1.00e+00	0.00e+00	0.00e+00	0.00e+00	0.00e+00	0.00e+00
 6.77276e+12	2.36e-42	1.56e-32	1.19e-23	5.27e-16	1.10e-09	5.08e-05	1.00e+00	0.00e+00	0.00e+00	0.00e+00	0.00e+00	0.00e+00
 7.07360e+12	0.00e+00	2.15e-32	1.57e-23	6.65e-16	1.30e-09	5.60e-05	1.00e+00	0.00e+00	0.00e+00	0.00e+00	0.00e+00	0.00e+00
 7.37982e+12	4.87e-42	2.94e-32	2.06e-23	8.34e-16	1.54e-09	6.15e-05	1.00e+00	0.00e+00	0.00e+00	0.00e+00	0.00e+00	0.00e+00
 7.69829e+12	0.00e+00	4.03e-32	2.71e-23	1.05e-15	1.81e-09	6.75e-05	1.00e+00	0.00e+00	0.00e+00	0.00e+00	0.00e+00	0.00e+00
 8.03614e+12	1.01e-41	5.56e-32	3.58e-23	1.32e-15	2.13e-09	7.43e-05	1.00e+00	0.00e+00	0.00e+00	0.00e+00	0.00e+00	0.00e+00
 8.38752e+12	0.00e+00	7.69e-32	4.74e-23	1.66e-15	2.51e-09	8.16e-05	1.00e+00	0.00e+00	0.00e+00	0.00e+00	0.00e+00	0.00e+00
 8.75294e+12	2.12e-41	1.07e-31	6.29e-23	2.10e-15	2.95e-09	8.95e-05	1.00e+00	0.00e+00	0.00e+00	0.00e+00	0.00e+00	0.00e+00
 9.13299e+12	0.00e+00	1.48e-31	8.36e-23	2.64e-15	3.47e-09	9.82e-05	1.00e+00	0.00e+00	0.00e+00	0.00e+00	0.00e+00	0.00e+00
 9.52823e+12	4.52e-41	2.06e-31	1.11e-22	3.33e-15	4.07e-09	1.08e-04	1.00e+00	0.00e+00	0.00e+00	0.00e+00	0.00e+00	0.00e+00
 9.93929e+12	0.00e+00	2.89e-31	1.48e-22	4.20e-15	4.78e-09	1.18e-04	1.00e+00	0.00e+00	0.00e+00	0.00e+00	0.00e+00	0.00e+00
 1.03668e+13	9.80e-41	4.05e-31	1.98e-22	5.30e-15	5.61e-09	1.29e-04	1.00e+00	0.00e+00	0.00e+00	0.00e+00	0.00e+00	0.00e+00
 1.08114e+13	0.00e+00	5.69e-31	2.64e-22	6.68e-15	6.58e-09	1.41e-04	1.00e+00	0.00e+00	0.00e+00	0.00e+00	0.00e+00	0.00e+00
 1.12738e+13	2.16e-40	8.04e-31	3.53e-22	8.43e-15	7.72e-09	1.54e-04	1.00e+00	0.00e+00	0.00e+00	0.00e+00	0.00e+00	0.00e+00
 1.17225e+13	0.00e+00	1.11e-30	4.65e-22	1.05e-14	8.95e-09	1.67e-04	1.00e+00	0.00e+00	0.00e+00	0.00e+00	0.00e+00	0.00e+00
 1.21457e+13	4.46e-40	1.50e-30	5.97e-22	1.28e-14	1.02e-08	1.80e-04	1.00e+00	0.00e+00	0.00e+00	0.00e+00	0.00e+00	0.00e+00
 1.26180e+13	0.00e+00	2.07e-30	7.83e-22	1.58e-14	1.18e-08	1.94e-04	1.00e+00	0.00e+00	0.00e+00	0.00e+00	0.00e+00	0.00e+00
 1.31526e+13	9.83e-40	2.96e-30	1.05e-21	2.00e-14	1.39e-08	2.12e-04	1.00e+00	0.00e+00	0.00e+00	0.00e+00	0.00e+00	0.00e+00
 1.36859e+13	0.00e+00	4.17e-30	1.40e-21	2.50e-14	1.61e-08	2.30e-04	1.00e+00	0.00e+00	0.00e+00	0.00e+00	0.00e+00	0.00e+00
 1.42405e+13	2.21e-39	5.91e-30	1.87e-21	3.12e-14	1.88e-08	2.49e-04	1.00e+00	0.00e+00	0.00e+00	0.00e+00	0.00e+00	0.00e+00
 1.48400e+13	0.00e+00	8.50e-30	2.53e-21	3.95e-14	2.20e-08	2.71e-04	1.00e+00	0.00e+00	0.00e+00	0.00e+00	0.00e+00	0.00e+00
 1.54635e+13	5.19e-39	1.23e-29	3.42e-21	4.99e-14	2.57e-08	2.95e-04	1.00e+00	0.00e+00	0.00e+00	0.00e+00	0.00e+00	0.00e+00
 1.61120e+13	0.00e+00	1.77e-29	4.63e-21	6.30e-14	3.01e-08	3.20e-04	1.00e+00	0.00e+00	0.00e+00	0.00e+00	0.00e+00	0.00e+00
 1.67864e+13	1.24e-38	2.57e-29	6.28e-21	7.96e-14	3.52e-08	3.48e-04	1.00e+00	0.00e+00	0.00e+00	0.00e+00	0.00e+00	0.00e+00
 1.74878e+13	0.00e+00	3.73e-29	8.52e-21	1.01e-13	4.12e-08	3.78e-04	1.00e+00	0.00e+00	0.00e+00	0.00e+00	0.00e+00	0.00e+00
 1.82172e+13	3.00e-38	5.43e-29	1.16e-20	1.27e-13	4.82e-08	4.10e-04	1.00e+00	0.00e+00	0.00e+00	0.00e+00	0.00e+00	0.00e+00
 1.89758e+13	0.00e+00	7.93e-29	1.57e-20	1.61e-13	5.64e-08	4.45e-04	1.00e+00	0.00e+00	0.00e+00	0.00e+00	0.00e+00	0.00e+00
 1.97648e+13	7.36e-38	1.16e-28	2.14e-20	2.03e-13	6.59e-08	4.82e-04	1.00e+00	0.00e+00	0.00e+00	0.00e+00	0.00e+00	0.00e+00
 2.05853e+13	0.00e+00	1.69e-28	2.91e-20	2.57e-13	7.71e-08	5.23e-04	9.99e-01	0.00e+00	0.00e+00	0.00e+00	0.00e+00	0.00e+00
 2.14387e+13	1.82e-37	2.48e-28	3.96e-20	3.25e-13	9.02e-08	5.66e-04	9.99e-01	0.00e+00	0.00e+00	0.00e+00	0.00e+00	0.00e+00
 2.23261e+13	0.00e+00	3.64e-28	5.40e-20	4.10e-13	1.05e-07	6.13e-04	9.99e-01	0.00e+00	0.00e+00	0.00e+00	0.00e+00	0.00e+00
 2.32491e+13	4.54e-37	5.34e-28	7.37e-20	5.19e-13	1.23e-07	6.64e-04	9.99e-01	0.00e+00	0.00e+00	0.00e+00	0.00e+00	0.00e+00
 2.42090e+13	0.00e+00	7.85e-28	1.01e-19	6.56e-13	1.44e-07	7.19e-04	9.99e-01	0.00e+00	0.00e+00	0.00e+00	0.00e+00	0.00e+00
 2.52073e+13	1.14e-36	1.15e-27	1.37e-19	8.30e-13	1.69e-07	7.79e-04	9.99e-01	0.00e+00	0.00e+00	0.00e+00	0.00e+00	0.00e+00
 2.62455e+13	0.00e+00	1.70e-27	1.87e-19	1.05e-12	1.97e-07	8.43e-04	9.99e-01	0.00e+00	0.00e+00	0.00e+00	0.00e+00	0.00e+00
 2.73253e+13	2.89e-36	2.51e-27	2.56e-19	1.33e-12	2.31e-07	9.12e-04	9.99e-01	0.00e+00	0.00e+00	0.00e+00	0.00e+00	0.00e+00
 2.84482e+13	0.00e+00	3.70e-27	3.49e-19	1.68e-12	2.70e-07	9.87e-04	9.99e-01	0.00e+00	0.00e+00	0.00e+00	0.00e+00	0.00e+00
 2.96161e+13	7.33e-36	5.46e-27	4.77e-19	2.12e-12	3.16e-07	1.07e-03	9.99e-01	0.00e+00	0.00e+00	0.00e+00	0.00e+00	0.00e+00
 3.08306e+13	0.00e+00	8.06e-27	6.53e-19	2.68e-12	3.69e-07	1.15e-03	9.99e-01	0.00e+00	0.00e+00	0.00e+00	0.00e+00	0.00e+00
 3.20938e+13	1.87e-35	1.19e-26	8.92e-19	3.40e-12	4.32e-07	1.25e-03	9.99e-01	0.00e+00	0.00e+00	0.00e+00	0.00e+00	0.00e+00
 3.34074e+13	0.00e+00	1.76e-26	1.22e-18	4.29e-12	5.05e-07	1.35e-03	9.99e-01	0.00e+00	0.00e+00	0.00e+00	0.00e+00	0.00e+00
 3.47737e+13	4.76e-35	2.60e-26	1.67e-18	5.43e-12	5.90e-07	1.46e-03	9.99e-01	0.00e+00	0.00e+00	0.00e+00	0.00e+00	0.00e+00
 3.61945e+13	7.61e-35	3.85e-26	2.28e-18	6.87e-12	6.90e-07	1.58e-03	9.98e-01	0.00e+00	0.00e+00	0.00e+00	0.00e+00	0.00e+00
 3.76723e+13	1.22e-34	5.68e-26	3.12e-18	8.69e-12	8.07e-07	1.71e-03	9.98e-01	0.00e+00	0.00e+00	0.00e+00	0.00e+00	0.00e+00
 3.92091e+13	1.94e-34	8.40e-26	4.27e-18	1.10e-11	9.44e-07	1.85e-03	9.98e-01	0.00e+00	0.00e+00	0.00e+00	0.00e+00	0.00e+00
 4.08074e+13	3.10e-34	1.24e-25	5.83e-18	1.39e-11	1.10e-06	2.00e-03	9.98e-01	0.00e+00	0.00e+00	0.00e+00	0.00e+00	0.00e+00
 4.24696e+13	4.96e-34	1.84e-25	7.97e-18	1.76e-11	1.29e-06	2.16e-03	9.98e-01	0.00e+00	0.00e+00	0.00e+00	0.00e+00	0.00e+00
 4.41983e+13	7.92e-34	2.71e-25	1.09e-17	2.22e-11	1.51e-06	2.34e-03	9.98e-01	0.00e+00	0.00e+00	0.00e+00	0.00e+00	0.00e+00
 4.59962e+13	1.26e-33	4.01e-25	1.49e-17	2.81e-11	1.77e-06	2.53e-03	9.97e-01	0.00e+00	0.00e+00	0.00e+00	0.00e+00	0.00e+00
 4.78659e+13	2.02e-33	5.92e-25	2.04e-17	3.55e-11	2.06e-06	2.73e-03	9.97e-01	0.00e+00	0.00e+00	0.00e+00	0.00e+00	0.00e+00
 4.98105e+13	3.23e-33	8.77e-25	2.80e-17	4.49e-11	2.41e-06	2.96e-03	9.97e-01	0.00e+00	0.00e+00	0.00e+00	0.00e+00	0.00e+00
 5.18328e+13	5.12e-33	1.29e-24	3.80e-17	5.68e-11	2.82e-06	3.20e-03	9.97e-01	0.00e+00	0.00e+00	0.00e+00	0.00e+00	0.00e+00
 5.39361e+13	8.15e-33	1.90e-24	5.19e-17	7.18e-11	3.30e-06	3.46e-03	9.97e-01	0.00e+00	0.00e+00	0.00e+00	0.00e+00	0.00e+00
 5.59393e+13	1.25e-32	2.71e-24	6.91e-17	8.91e-11	3.81e-06	3.72e-03	9.96e-01	0.00e+00	0.00e+00	0.00e+00	0.00e+00	0.00e+00
 5.77685e+13	1.81e-32	3.71e-24	8.89e-17	1.08e-10	4.32e-06	3.96e-03	9.96e-01	0.00e+00	0.00e+00	0.00e+00	0.00e+00	0.00e+00
 5.98345e+13	2.73e-32	5.22e-24	1.17e-16	1.33e-10	4.96e-06	4.25e-03	9.96e-01	0.00e+00	0.00e+00	0.00e+00	0.00e+00	0.00e+00
 6.22372e+13	4.30e-32	7.65e-24	1.59e-16	1.67e-10	5.79e-06	4.60e-03	9.95e-01	0.00e+00	0.00e+00	0.00e+00	0.00e+00	0.00e+00
 6.46027e+13	6.64e-32	1.10e-23	2.13e-16	2.08e-10	6.71e-06	4.95e-03	9.95e-01	0.00e+00	0.00e+00	0.00e+00	0.00e+00	0.00e+00
 6.68461e+13	9.84e-32	1.53e-23	2.78e-16	2.55e-10	7.68e-06	5.30e-03	9.95e-01	0.00e+00	0.00e+00	0.00e+00	0.00e+00	0.00e+00
 6.93332e+13	1.50e-31	2.18e-23	3.70e-16	3.16e-10	8.86e-06	5.70e-03	9.94e-01	0.00e+00	0.00e+00	0.00e+00	0.00e+00	0.00e+00
 7.21364e+13	2.36e-31	3.19e-23	5.04e-16	4.00e-10	1.04e-05	6.18e-03	9.94e-01	0.00e+00	0.00e+00	0.00e+00	0.00e+00	0.00e+00
 7.49389e+13	3.66e-31	4.61e-23	6.79e-16	5.01e-10	1.20e-05	6.67e-03	9.93e-01	0.00e+00	0.00e+00	0.00e+00	0.00e+00	0.00e+00
 7.78534e+13	5.66e-31	6.66e-23	9.14e-16	6.27e-10	1.40e-05	7.20e-03	9.93e-01	0.00e+00	0.00e+00	0.00e+00	0.00e+00	0.00e+00
 8.09975e+13	8.87e-31	9.72e-23	1.24e-15	7.92e-10	1.64e-05	7.80e-03	9.92e-01	0.00e+00	0.00e+00	0.00e+00	0.00e+00	0.00e+00
 8.42673e+13	1.39e-30	1.42e-22	1.69e-15	1.00e-09	1.91e-05	8.45e-03	9.92e-01	0.00e+00	0.00e+00	0.00e+00	0.00e+00	0.00e+00
 8.76679e+13	2.17e-30	2.07e-22	2.30e-15	1.26e-09	2.23e-05	9.16e-03	9.91e-01	0.00e+00	0.00e+00	0.00e+00	0.00e+00	0.00e+00
 9.12046e+13	3.40e-30	3.02e-22	3.12e-15	1.60e-09	2.61e-05	9.93e-03	9.90e-01	0.00e+00	0.00e+00	0.00e+00	0.00e+00	0.00e+00
 9.48827e+13	5.28e-30	4.39e-22	4.23e-15	2.02e-09	3.05e-05	1.08e-02	9.89e-01	0.00e+00	0.00e+00	0.00e+00	0.00e+00	0.00e+00
 9.87079e+13	8.23e-30	6.39e-22	5.75e-15	2.54e-09	3.56e-05	1.17e-02	9.88e-01	0.00e+00	0.00e+00	0.00e+00	0.00e+00	0.00e+00
 1.02686e+14	1.27e-29	9.25e-22	7.79e-15	3.21e-09	4.16e-05	1.27e-02	9.87e-01	0.00e+00	0.00e+00	0.00e+00	0.00e+00	0.00e+00
 1.06824e+14	1.98e-29	1.34e-21	1.06e-14	4.06e-09	4.86e-05	1.37e-02	9.86e-01	0.00e+00	0.00e+00	0.00e+00	0.00e+00	0.00e+00
 1.11126e+14	3.04e-29	1.94e-21	1.43e-14	5.12e-09	5.68e-05	1.49e-02	9.85e-01	0.00e+00	0.00e+00	0.00e+00	0.00e+00	0.00e+00
 1.15601e+14	4.71e-29	2.82e-21	1.94e-14	6.46e-09	6.63e-05	1.62e-02	9.84e-01	0.00e+00	0.00e+00	0.00e+00	0.00e+00	0.00e+00
 1.20156e+14	7.16e-29	4.03e-21	2.61e-14	8.12e-09	7.72e-05	1.75e-02	9.82e-01	0.00e+00	0.00e+00	0.00e+00	0.00e+00	0.00e+00
 1.24893e+14	1.09e-28	5.78e-21	3.51e-14	1.02e-08	8.98e-05	1.90e-02	9.81e-01	0.00e+00	0.00e+00	0.00e+00	0.00e+00	0.00e+00
 1.29918e+14	1.67e-28	8.33e-21	4.74e-14	1.29e-08	1.05e-04	2.06e-02	9.79e-01	0.00e+00	0.00e+00	0.00e+00	0.00e+00	0.00e+00
 1.35145e+14	2.54e-28	1.20e-20	6.40e-14	1.62e-08	1.22e-04	2.24e-02	9.78e-01	0.00e+00	0.00e+00	0.00e+00	0.00e+00	0.00e+00
 1.40581e+14	3.87e-28	1.72e-20	8.65e-14	2.05e-08	1.43e-04	2.43e-02	9.76e-01	0.00e+00	0.00e+00	0.00e+00	0.00e+00	0.00e+00
 1.46234e+14	5.89e-28	2.47e-20	1.17e-13	2.58e-08	1.66e-04	2.64e-02	9.73e-01	0.00e+00	0.00e+00	0.00e+00	0.00e+00	0.00e+00
 1.52113e+14	8.91e-28	3.54e-20	1.57e-13	3.25e-08	1.94e-04	2.87e-02	9.71e-01	0.00e+00	0.00e+00	0.00e+00	0.00e+00	0.00e+00
 1.58228e+14	1.35e-27	5.07e-20	2.12e-13	4.10e-08	2.26e-04	3.11e-02	9.69e-01	0.00e+00	0.00e+00	0.00e+00	0.00e+00	0.00e+00
 1.64181e+14	1.98e-27	7.10e-20	2.81e-13	5.09e-08	2.61e-04	3.36e-02	9.66e-01	0.00e+00	0.00e+00	0.00e+00	0.00e+00	0.00e+00
 1.69836e+14	2.81e-27	9.64e-20	3.63e-13	6.21e-08	2.98e-04	3.61e-02	9.64e-01	0.00e+00	0.00e+00	0.00e+00	0.00e+00	0.00e+00
 1.76123e+14	4.08e-27	1.34e-19	4.77e-13	7.68e-08	3.42e-04	3.90e-02	9.61e-01	0.00e+00	0.00e+00	0.00e+00	0.00e+00	0.00e+00
 1.83197e+14	6.10e-27	1.91e-19	6.43e-13	9.67e-08	3.99e-04	4.24e-02	9.57e-01	0.00e+00	0.00e+00	0.00e+00	0.00e+00	0.00e+00
 1.90294e+14	8.96e-27	2.68e-19	8.56e-13	1.21e-07	4.61e-04	4.60e-02	9.54e-01	0.00e+00	0.00e+00	0.00e+00	0.00e+00	0.00e+00
 1.97674e+14	1.32e-26	3.77e-19	1.14e-12	1.51e-07	5.34e-04	4.98e-02	9.50e-01	0.00e+00	0.00e+00	0.00e+00	0.00e+00	0.00e+00
 2.05611e+14	1.95e-26	5.36e-19	1.54e-12	1.90e-07	6.21e-04	5.42e-02	9.45e-01	0.00e+00	0.00e+00	0.00e+00	0.00e+00	0.00e+00
 2.13865e+14	2.89e-26	7.62e-19	2.07e-12	2.39e-07	7.21e-04	5.89e-02	9.40e-01	0.00e+00	0.00e+00	0.00e+00	0.00e+00	0.00e+00
 2.22450e+14	4.27e-26	1.08e-18	2.78e-12	3.01e-07	8.38e-04	6.40e-02	9.35e-01	0.00e+00	0.00e+00	0.00e+00	0.00e+00	0.00e+00
 2.30490e+14	6.07e-26	1.49e-18	3.64e-12	3.70e-07	9.59e-04	6.91e-02	9.30e-01	0.00e+00	0.00e+00	0.00e+00	0.00e+00	0.00e+00
 2.37610e+14	8.21e-26	1.96e-18	4.58e-12	4.42e-07	1.08e-03	7.36e-02	9.25e-01	0.00e+00	0.00e+00	0.00e+00	0.00e+00	0.00e+00
 2.45556e+14	1.14e-25	2.63e-18	5.87e-12	5.36e-07	1.22e-03	7.89e-02	9.20e-01	0.00e+00	0.00e+00	0.00e+00	0.00e+00	0.00e+00
 2.55063e+14	1.66e-25	3.70e-18	7.84e-12	6.69e-07	1.41e-03	8.55e-02	9.13e-01	0.00e+00	0.00e+00	0.00e+00	0.00e+00	0.00e+00
 2.64564e+14	2.38e-25	5.15e-18	1.04e-11	8.27e-07	1.61e-03	9.23e-02	9.06e-01	0.00e+00	0.00e+00	0.00e+00	0.00e+00	0.00e+00
 2.73269e+14	3.29e-25	6.92e-18	1.32e-11	9.99e-07	1.82e-03	9.87e-02	9.00e-01	0.00e+00	0.00e+00	0.00e+00	0.00e+00	0.00e+00
 2.82977e+14	4.68e-25	9.53e-18	1.73e-11	1.22e-06	2.07e-03	1.06e-01	8.92e-01	0.00e+00	0.00e+00	0.00e+00	0.00e+00	0.00e+00
 2.94248e+14	6.94e-25	1.37e-17	2.33e-11	1.53e-06	2.40e-03	1.15e-01	8.83e-01	0.00e+00	0.00e+00	0.00e+00	0.00e+00	0.00e+00
 3.05254e+14	1.01e-24	1.92e-17	3.09e-11	1.90e-06	2.74e-03	1.24e-01	8.74e-01	0.00e+00	0.00e+00	0.00e+00	0.00e+00	0.00e+00
 3.15597e+14	1.42e-24	2.61e-17	3.99e-11	2.30e-06	3.10e-03	1.32e-01	8.65e-01	0.00e+00	0.00e+00	0.00e+00	0.00e+00	0.00e+00
 3.27147e+14	2.06e-24	3.66e-17	5.26e-11	2.83e-06	3.54e-03	1.42e-01	8.55e-01	0.00e+00	0.00e+00	0.00e+00	0.00e+00	0.00e+00
 3.40263e+14	3.09e-24	5.29e-17	7.11e-11	3.54e-06	4.08e-03	1.53e-01	8.43e-01	0.00e+00	0.00e+00	0.00e+00	0.00e+00	0.00e+00
 3.53318e+14	4.59e-24	7.53e-17	9.50e-11	4.40e-06	4.68e-03	1.64e-01	8.31e-01	0.00e+00	0.00e+00	0.00e+00	0.00e+00	0.00e+00
 3.66895e+14	6.82e-24	1.07e-16	1.27e-10	5.45e-06	5.36e-03	1.76e-01	8.19e-01	0.00e+00	0.00e+00	0.00e+00	0.00e+00	0.00e+00
 3.81601e+14	1.03e-23	1.56e-16	1.71e-10	6.81e-06	6.17e-03	1.89e-01	8.05e-01	0.00e+00	0.00e+00	0.00e+00	0.00e+00	0.00e+00
 3.96895e+14	1.57e-23	2.26e-16	2.31e-10	8.50e-06	7.09e-03	2.02e-01	7.91e-01	0.00e+00	0.00e+00	0.00e+00	0.00e+00	0.00e+00
 4.12801e+14	2.39e-23	3.28e-16	3.12e-10	1.06e-05	8.14e-03	2.17e-01	7.75e-01	0.00e+00	0.00e+00	0.00e+00	0.00e+00	0.00e+00
 4.29343e+14	3.64e-23	4.75e-16	4.21e-10	1.32e-05	9.34e-03	2.31e-01	7.59e-01	0.00e+00	0.00e+00	0.00e+00	0.00e+00	0.00e+00
 4.46546e+14	5.54e-23	6.90e-16	5.68e-10	1.64e-05	1.07e-02	2.47e-01	7.42e-01	0.00e+00	0.00e+00	0.00e+00	0.00e+00	0.00e+00
 4.64438e+14	8.47e-23	1.00e-15	7.65e-10	2.04e-05	1.22e-02	2.63e-01	7.25e-01	0.00e+00	0.00e+00	0.00e+00	0.00e+00	0.00e+00
 4.83045e+14	1.30e-22	1.45e-15	1.03e-09	2.53e-05	1.40e-02	2.80e-01	7.06e-01	0.00e+00	0.00e+00	0.00e+00	0.00e+00	0.00e+00
 5.02397e+14	1.98e-22	2.10e-15	1.38e-09	3.14e-05	1.59e-02	2.97e-01	6.87e-01	0.00e+00	0.00e+00	0.00e+00	0.00e+00	0.00e+00
 5.22523e+14	3.03e-22	3.04e-15	1.85e-09	3.88e-05	1.81e-02	3.14e-01	6.68e-01	0.00e+00	0.00e+00	0.00e+00	0.00e+00	0.00e+00
 5.42276e+14	4.53e-22	4.30e-15	2.44e-09	4.73e-05	2.05e-02	3.31e-01	6.49e-01	0.00e+00	0.00e+00	0.00e+00	0.00e+00	0.00e+00
 5.61226e+14	6.56e-22	5.94e-15	3.14e-09	5.68e-05	2.29e-02	3.47e-01	6.30e-01	0.00e+00	0.00e+00	0.00e+00	0.00e+00	0.00e+00
 5.82111e+14	9.75e-22	8.34e-15	4.11e-09	6.88e-05	2.57e-02	3.64e-01	6.11e-01	0.00e+00	0.00e+00	0.00e+00	0.00e+00	0.00e+00
 6.05425e+14	1.49e-21	1.20e-14	5.48e-09	8.46e-05	2.91e-02	3.82e-01	5.89e-01	0.00e+00	0.00e+00	0.00e+00	0.00e+00	0.00e+00
 6.28900e+14	2.25e-21	1.71e-14	7.23e-09	1.03e-04	3.27e-02	4.00e-01	5.67e-01	0.00e+00	0.00e+00	0.00e+00	0.00e+00	0.00e+00
 6.50772e+14	3.24e-21	2.34e-14	9.24e-09	1.23e-04	3.63e-02	4.16e-01	5.48e-01	0.00e+00	0.00e+00	0.00e+00	0.00e+00	0.00e+00
 6.74292e+14	4.76e-21	3.24e-14	1.19e-08	1.47e-04	4.04e-02	4.32e-01	5.27e-01	0.00e+00	0.00e+00	0.00e+00	0.00e+00	0.00e+00
 7.00717e+14	7.19e-21	4.60e-14	1.57e-08	1.78e-04	4.52e-02	4.50e-01	5.05e-01	0.00e+00	0.00e+00	0.00e+00	0.00e+00	0.00e+00
 7.26102e+14	1.05e-20	6.36e-14	2.01e-08	2.13e-04	5.02e-02	4.66e-01	4.84e-01	0.00e+00	0.00e+00	0.00e+00	0.00e+00	0.00e+00
 7.53079e+14	1.56e-20	8.85e-14	2.61e-08	2.55e-04	5.56e-02	4.82e-01	4.62e-01	0.00e+00	0.00e+00	0.00e+00	0.00e+00	0.00e+00
 7.83232e+14	2.37e-20	1.26e-13	3.42e-08	3.08e-04	6.21e-02	4.98e-01	4.40e-01	0.00e+00	0.00e+00	0.00e+00	0.00e+00	0.00e+00
 8.13517e+14	3.54e-20	1.77e-13	4.45e-08	3.70e-04	6.88e-02	5.13e-01	4.17e-01	0.00e+00	0.00e+00	0.00e+00	0.00e+00	0.00e+00
 8.41449e+14	5.07e-20	2.38e-13	5.60e-08	4.34e-04	7.53e-02	5.26e-01	3.98e-01	0.00e+00	0.00e+00	0.00e+00	0.00e+00	0.00e+00
 8.71390e+14	7.33e-20	3.25e-13	7.10e-08	5.12e-04	8.25e-02	5.39e-01	3.78e-01	0.00e+00	0.00e+00	0.00e+00	0.00e+00	0.00e+00
 9.04821e+14	1.09e-19	4.52e-13	9.15e-08	6.09e-04	9.09e-02	5.52e-01	3.57e-01	0.00e+00	0.00e+00	0.00e+00	0.00e+00	0.00e+00
 9.36269e+14	1.56e-19	6.08e-13	1.15e-07	7.12e-04	9.90e-02	5.62e-01	3.38e-01	0.00e+00	0.00e+00	0.00e+00	0.00e+00	0.00e+00
 9.70247e+14	2.26e-19	8.28e-13	1.45e-07	8.37e-04	1.08e-01	5.72e-01	3.19e-01	0.00e+00	0.00e+00	0.00e+00	0.00e+00	0.00e+00
 1.00806e+15	3.36e-19	1.15e-12	1.87e-07	9.92e-04	1.18e-01	5.82e-01	2.99e-01	0.00e+00	0.00e+00	0.00e+00	0.00e+00	0.00e+00
 1.04419e+15	4.84e-19	1.55e-12	2.35e-07	1.16e-03	1.29e-01	5.89e-01	2.81e-01	0.00e+00	0.00e+00	0.00e+00	0.00e+00	0.00e+00
 1.08279e+15	7.03e-19	2.11e-12	2.96e-07	1.36e-03	1.40e-01	5.96e-01	2.63e-01	0.00e+00	0.00e+00	0.00e+00	0.00e+00	0.00e+00
 1.12613e+15	1.05e-18	2.93e-12	3.80e-07	1.60e-03	1.52e-01	6.02e-01	2.44e-01	0.00e+00	0.00e+00	0.00e+00	0.00e+00	0.00e+00
 1.16896e+15	1.54e-18	4.00e-12	4.81e-07	1.88e-03	1.65e-01	6.06e-01	2.27e-01	0.00e+00	0.00e+00	0.00e+00	0.00e+00	0.00e+00
 1.21351e+15	2.25e-18	5.45e-12	6.07e-07	2.19e-03	1.79e-01	6.09e-01	2.10e-01	0.00e+00	0.00e+00	0.00e+00	0.00e+00	0.00e+00
 1.26208e+15	3.34e-18	7.52e-12	7.73e-07	2.58e-03	1.93e-01	6.10e-01	1.94e-01	0.00e+00	0.00e+00	0.00e+00	0.00e+00	0.00e+00
 1.31138e+15	4.90e-18	1.03e-11	9.76e-07	3.01e-03	2.09e-01	6.10e-01	1.79e-01	0.00e+00	0.00e+00	0.00e+00	0.00e+00	0.00e+00
 1.36265e+15	7.18e-18	1.40e-11	1.23e-06	3.50e-03	2.25e-01	6.08e-01	1.64e-01	0.00e+00	0.00e+00	0.00e+00	0.00e+00	0.00e+00
 1.41719e+15	1.06e-17	1.91e-11	1.55e-06	4.08e-03	2.41e-01	6.04e-01	1.50e-01	0.00e+00	0.00e+00	0.00e+00	0.00e+00	0.00e+00
 1.47391e+15	1.56e-17	2.61e-11	1.96e-06	4.74e-03	2.59e-01	5.99e-01	1.37e-01	0.00e+00	0.00e+00	0.00e+00	0.00e+00	0.00e+00
 1.53289e+15	2.32e-17	3.56e-11	2.46e-06	5.49e-03	2.77e-01	5.93e-01	1.25e-01	0.00e+00	0.00e+00	1.31e-17	7.15e-18	2.83e-18
 1.59424e+15	3.38e-17	4.83e-11	3.09e-06	6.35e-03	2.96e-01	5.85e-01	1.13e-01	0.00e+00	0.00e+00	1.89e-17	1.07e-17	3.88e-18
 1.65804e+15	4.94e-17	6.54e-11	3.86e-06	7.33e-03	3.15e-01	5.75e-01	1.02e-01	0.00e+00	0.00e+00	2.78e-17	1.56e-17	5.66e-18
 1.72439e+15	7.21e-17	8.83e-11	4.82e-06	8.43e-03	3.35e-01	5.65e-01	9.24e-02	0.00e+00	0.00e+00	4.06e-17	2.27e-17	8.23e-18
 1.79339e+15	1.05e-16	1.19e-10	5.99e-06	9.68e-03	3.54e-01	5.53e-01	8.32e-02	0.00e+00	0.00e+00	5.93e-17	3.30e-17	1.19e-17
 1.86516e+15	1.53e-16	1.60e-10	7.44e-06	1.11e-02	3.75e-01	5.40e-01	7.47e-02	0.00e+00	0.00e+00	8.63e-17	4.78e-17	1.73e-17
 1.93980e+15	2.21e-16	2.14e-10	9.21e-06	1.27e-02	3.95e-01	5.25e-01	6.69e-02	0.00e+00	0.00e+00	1.25e-16	6.90e-17	2.50e-17
 2.01274e+15	3.13e-16	2.81e-10	1.12e-05	1.43e-02	4.14e-01	5.11e-01	6.01e-02	0.00e+00	0.00e+00	1.78e-16	9.74e-17	3.53e-17
 2.07841e+15	4.23e-16	3.56e-10	1.33e-05	1.59e-02	4.31e-01	4.98e-01	5.47e-02	0.00e+00	0.00e+00	2.41e-16	1.31e-16	4.75e-17
 2.14922e+15	5.79e-16	4.55e-10	1.59e-05	1.77e-02	4.49e-01	4.84e-01	4.94e-02	0.00e+00	0.00e+00	3.29e-16	1.79e-16	6.47e-17
 2.23305e+15	8.26e-16	6.01e-10	1.94e-05	2.00e-02	4.69e-01	4.67e-01	4.39e-02	0.00e+00	0.00e+00	4.71e-16	2.55e-16	9.20e-17
 2.31599e+15	1.16e-15	7.80e-10	2.35e-05	2.24e-02	4.87e-01	4.51e-01	3.92e-02	0.00e+00	0.00e+00	6.60e-16	3.56e-16	1.28e-16
 2.39286e+15	1.56e-15	9.84e-10	2.77e-05	2.48e-02	5.04e-01	4.36e-01	3.53e-02	0.00e+00	0.00e+00	8.92e-16	4.80e-16	1.73e-16
 2.47920e+15	2.16e-15	1.27e-09	3.32e-05	2.76e-02	5.22e-01	4.19e-01	3.14e-02	0.00e+00	0.00e+00	1.23e-15	6.62e-16	2.38e-16
 2.57266e+15	3.02e-15	1.64e-09	4.00e-05	3.08e-02	5.40e-01	4.02e-01	2.78e-02	0.00e+00	0.00e+00	1.73e-15	9.27e-16	3.32e-16
 2.65711e+15	4.05e-15	2.06e-09	4.70e-05	3.38e-02	5.55e-01	3.86e-01	2.49e-02	0.00e+00	0.00e+00	2.32e-15	1.24e-15	4.43e-16
 2.74821e+15	5.49e-15	2.60e-09	5.55e-05	3.73e-02	5.70e-01	3.70e-01	2.21e-02	0.00e+00	0.00e+00	3.15e-15	1.68e-15	5.99e-16
 2.85083e+15	7.63e-15	3.34e-09	6.64e-05	4.13e-02	5.87e-01	3.53e-01	1.94e-02	0.00e+00	0.00e+00	4.38e-15	2.33e-15	8.29e-16
 2.94856e+15	1.03e-14	4.21e-09	7.81e-05	4.54e-02	6.01e-01	3.36e-01	1.72e-02	0.00e+00	0.00e+00	5.92e-15	3.15e-15	1.12e-15
 3.05509e+15	1.41e-14	5.34e-09	9.25e-05	4.99e-02	6.15e-01	3.20e-01	1.51e-02	0.00e+00	0.00e+00	8.11e-15	4.31e-15	1.52e-15
 3.17317e+15	1.98e-14	6.92e-09	1.11e-04	5.53e-02	6.30e-01	3.02e-01	1.31e-02	0.00e+00	0.00e+00	1.14e-14	6.05e-15	2.13e-15
 3.28331e+15	2.67e-14	8.67e-09	1.30e-04	6.05e-02	6.42e-01	2.86e-01	1.15e-02	0.00e+00	0.00e+00	1.53e-14	8.14e-15	2.86e-15
 3.40202e+15	3.65e-14	1.10e-08	1.54e-04	6.63e-02	6.53e-01	2.70e-01	1.00e-02	0.00e+00	0.00e+00	2.10e-14	1.11e-14	3.89e-15
 3.53477e+15	5.10e-14	1.42e-08	1.84e-04	7.31e-02	6.65e-01	2.53e-01	8.62e-03	0.00e+00	0.00e+00	2.94e-14	1.56e-14	5.43e-15
 3.66123e+15	6.94e-14	1.78e-08	2.16e-04	7.99e-02	6.74e-01	2.38e-01	7.48e-03	0.00e+00	0.00e+00	4.00e-14	2.12e-14	7.35e-15
 3.78171e+15	9.18e-14	2.20e-08	2.50e-04	8.64e-02	6.82e-01	2.24e-01	6.55e-03	0.00e+00	0.00e+00	5.29e-14	2.80e-14	9.70e-15
 3.91860e+15	1.25e-13	2.77e-08	2.94e-04	9.41e-02	6.90e-01	2.10e-01	5.65e-03	0.00e+00	0.00e+00	7.19e-14	3.80e-14	1.31e-14
 4.07099e+15	1.74e-13	3.54e-08	3.48e-04	1.03e-01	6.97e-01	1.95e-01	4.80e-03	0.00e+00	0.00e+00	1.00e-13	5.29e-14	1.82e-14
 4.22046e+15	2.37e-13	4.47e-08	4.09e-04	1.12e-01	7.02e-01	1.81e-01	4.11e-03	0.00e+00	0.00e+00	1.37e-13	7.23e-14	2.48e-14
 4.36542e+15	3.18e-13	5.55e-08	4.75e-04	1.21e-01	7.06e-01	1.69e-01	3.54e-03	0.00e+00	0.00e+00	1.83e-13	9.68e-14	3.31e-14
 4.52518e+15	4.34e-13	6.98e-08	5.57e-04	1.31e-01	7.08e-01	1.57e-01	3.01e-03	0.00e+00	0.00e+00	2.50e-13	1.32e-13	4.51e-14
 4.70220e+15	6.03e-13	8.91e-08	6.59e-04	1.43e-01	7.10e-01	1.44e-01	2.52e-03	0.00e+00	0.00e+00	3.49e-13	1.84e-13	6.26e-14
 4.87345e+15	8.21e-13	1.12e-07	7.70e-04	1.55e-01	7.10e-01	1.33e-01	2.13e-03	0.00e+00	0.00e+00	4.74e-13	2.50e-13	8.49e-14
 5.03639e+15	1.09e-12	1.37e-07	8.88e-04	1.66e-01	7.08e-01	1.23e-01	1.82e-03	0.00e+00	0.00e+00	6.29e-13	3.32e-13	1.12e-13
 5.21871e+15	1.48e-12	1.72e-07	1.03e-03	1.79e-01	7.06e-01	1.13e-01	1.53e-03	0.00e+00	0.00e+00	8.55e-13	4.51e-13	1.52e-13
 5.41950e+15	2.04e-12	2.18e-07	1.22e-03	1.93e-01	7.01e-01	1.03e-01	1.27e-03	0.00e+00	0.00e+00	1.18e-12	6.23e-13	2.10e-13
 5.60696e+15	2.73e-12	2.69e-07	1.41e-03	2.07e-01	6.96e-01	9.40e-02	1.07e-03	0.00e+00	0.00e+00	1.58e-12	8.33e-13	2.80e-13
 5.80992e+15	3.71e-12	3.36e-07	1.64e-03	2.23e-01	6.89e-01	8.54e-02	8.89e-04	0.00e+00	0.00e+00	2.15e-12	1.13e-12	3.80e-13
 6.01887e+15	5.01e-12	4.17e-07	1.90e-03	2.39e-01	6.81e-01	7.76e-02	7.38e-04	0.00e+00	0.00e+00	2.90e-12	1.53e-12	5.12e-13
 6.19641e+15	6.42e-12	4.99e-07	2.15e-03	2.52e-01	6.73e-01	7.15e-02	6.32e-04	0.00e+00	0.00e+00	3.72e-12	1.96e-12	6.55e-13
 6.38619e+15	8.33e-12	6.02e-07	2.44e-03	2.67e-01	6.64e-01	6.54e-02	5.35e-04	0.00e+00	0.00e+00	4.83e-12	2.54e-12	8.48e-13
 6.62334e+15	1.14e-11	7.55e-07	2.85e-03	2.86e-01	6.52e-01	5.86e-02	4.35e-04	0.00e+00	0.00e+00	6.61e-12	3.48e-12	1.16e-12
 6.86572e+15	1.55e-11	9.41e-07	3.32e-03	3.06e-01	6.38e-01	5.24e-02	3.54e-04	0.00e+00	0.00e+00	8.98e-12	4.72e-12	1.57e-12
 7.07553e+15	2.00e-11	1.13e-06	3.77e-03	3.23e-01	6.26e-01	4.76e-02	2.97e-04	0.00e+00	0.00e+00	1.16e-11	6.10e-12	2.03e-12
 7.29936e+15	2.62e-11	1.37e-06	4.30e-03	3.41e-01	6.12e-01	4.29e-02	2.46e-04	0.00e+00	0.00e+00	1.52e-11	7.99e-12	2.66e-12
 7.55234e+15	3.51e-11	1.69e-06	4.97e-03	3.62e-01	5.95e-01	3.82e-02	1.99e-04	0.00e+00	0.00e+00	2.04e-11	1.07e-11	3.56e-12
 7.79415e+15	4.60e-11	2.05e-06	5.69e-03	3.81e-01	5.79e-01	3.41e-02	1.63e-04	0.00e+00	0.00e+00	2.67e-11	1.40e-11	4.65e-12
 8.02051e+15	5.88e-11	2.45e-06	6.43e-03	4.00e-01	5.63e-01	3.07e-02	1.36e-04	0.00e+00	0.00e+00	3.41e-11	1.79e-11	5.94e-12
 8.27586e+15	7.75e-11	2.98e-06	7.36e-03	4.21e-01	5.44e-01	2.72e-02	1.10e-04	0.00e+00	0.00e+00	4.50e-11	2.36e-11	7.83e-12
 8.55632e+15	1.03e-10	3.67e-06	8.51e-03	4.44e-01	5.24e-01	2.39e-02	8.77e-05	0.00e+00	0.00e+00	6.01e-11	3.16e-11	1.05e-11
 8.81236e+15	1.33e-10	4.41e-06	9.68e-03	4.65e-01	5.05e-01	2.12e-02	7.14e-05	0.00e+00	0.00e+00	7.75e-11	4.07e-11	1.35e-11
 9.08816e+15	1.76e-10	5.37e-06	1.11e-02	4.87e-01	4.84e-01	1.85e-02	5.71e-05	0.00e+00	0.00e+00	1.02e-10	5.37e-11	1.78e-11
 9.38861e+15	2.34e-10	6.60e-06	1.29e-02	5.11e-01	4.60e-01	1.60e-02	4.48e-05	0.00e+00	0.00e+00	1.36e-10	7.15e-11	2.36e-11
 9.65895e+15	3.01e-10	7.92e-06	1.46e-02	5.32e-01	4.40e-01	1.41e-02	3.61e-05	0.00e+00	0.00e+00	1.75e-10	9.20e-11	3.04e-11
 9.90987e+15	3.80e-10	9.37e-06	1.65e-02	5.51e-01	4.20e-01	1.24e-02	2.94e-05	0.00e+00	0.00e+00	2.21e-10	1.16e-10	3.83e-11
 1.01977e+16	4.98e-10	1.14e-05	1.90e-02	5.73e-01	3.98e-01	1.07e-02	2.32e-05	0.00e+00	0.00e+00	2.89e-10	1.52e-10	5.02e-11
 1.05104e+16	6.60e-10	1.40e-05	2.20e-02	5.95e-01	3.73e-01	9.15e-03	1.80e-05	0.00e+00	0.00e+00	3.84e-10	2.02e-10	6.67e-11
 1.07894e+16	8.41e-10	1.67e-05	2.51e-02	6.15e-01	3.52e-01	7.93e-03	1.43e-05	0.00e+00	0.00e+00	4.89e-10	2.57e-10	8.49e-11
 1.10449e+16	1.06e-09	1.98e-05	2.83e-02	6.32e-01	3.33e-01	6.93e-03	1.16e-05	0.00e+00	0.00e+00	6.14e-10	3.23e-10	1.07e-10
 1.13360e+16	1.38e-09	2.41e-05	3.26e-02	6.51e-01	3.10e-01	5.90e-03	9.04e-06	0.00e+00	0.00e+00	8.03e-10	4.23e-10	1.40e-10
 1.16480e+16	1.83e-09	2.97e-05	3.80e-02	6.70e-01	2.87e-01	4.96e-03	6.93e-06	0.00e+00	0.00e+00	1.06e-09	5.59e-10	1.85e-10
 1.19190e+16	2.32e-09	3.55e-05	4.35e-02	6.85e-01	2.67e-01	4.25e-03	5.49e-06	0.00e+00	0.00e+00	1.35e-09	7.09e-10	2.34e-10
 1.21613e+16	2.90e-09	4.21e-05	4.93e-02	6.98e-01	2.49e-01	3.68e-03	4.42e-06	0.00e+00	0.00e+00	1.69e-09	8.88e-10	2.93e-10
 1.24348e+16	3.79e-09	5.14e-05	5.71e-02	7.11e-01	2.29e-01	3.10e-03	3.43e-06	0.00e+00	0.00e+00	2.20e-09	1.16e-09	3.83e-10
 1.27247e+16	5.02e-09	6.38e-05	6.71e-02	7.22e-01	2.08e-01	2.57e-03	2.61e-06	0.00e+00	0.00e+00	2.92e-09	1.54e-09	5.08e-10
 1.29694e+16	6.40e-09	7.71e-05	7.73e-02	7.30e-01	1.90e-01	2.18e-03	2.06e-06	0.00e+00	0.00e+00	3.72e-09	1.96e-09	6.48e-10
 1.31796e+16	7.98e-09	9.15e-05	8.80e-02	7.35e-01	1.75e-01	1.88e-03	1.66e-06	0.00e+00	0.00e+00	4.64e-09	2.44e-09	8.08e-10
 1.33729e+16	9.84e-09	1.08e-04	9.98e-02	7.37e-01	1.61e-01	1.62e-03	1.35e-06	0.00e+00	0.00e+00	5.72e-09	3.01e-09	9.97e-10
 1.35569e+16	1.21e-08	1.27e-04	1.13e-01	7.37e-01	1.48e-01	1.40e-03	1.10e-06	0.00e+00	0.00e+00	7.03e-09	3.71e-09	1.23e-09
 1.37674e+16	1.58e-08	1.57e-04	1.32e-01	7.34e-01	1.32e-01	1.16e-03	8.54e-07	0.00e+00	0.00e+00	9.18e-09	4.84e-09	1.60e-09
 1.39858e+16	2.08e-08	1.96e-04	1.57e-01	7.26e-01	1.17e-01	9.43e-04	0.00e+00	0.00e+00	0.00e+00	1.21e-08	6.38e-09	2.11e-09
 1.41599e+16	2.62e-08	2.36e-04	1.82e-01	7.14e-01	1.04e-01	7.85e-04	0.00e+00	0.00e+00	0.00e+00	1.53e-08	8.04e-09	2.67e-09
 1.42995e+16	3.23e-08	2.80e-04	2.07e-01	7.00e-01	9.27e-02	6.65e-04	0.00e+00	0.00e+00	0.00e+00	1.88e-08	9.90e-09	3.28e-09
 1.44287e+16	3.97e-08	3.31e-04	2.35e-01	6.82e-01	8.25e-02	5.60e-04	0.00e+00	0.00e+00	0.00e+00	2.31e-08	1.22e-08	4.04e-09
 1.45561e+16	4.91e-08	3.93e-04	2.68e-01	6.59e-01	7.22e-02	4.63e-04	0.00e+00	0.00e+00	0.00e+00	2.85e-08	1.51e-08	5.00e-09
 1.46784e+16	6.10e-08	4.70e-04	3.07e-01	6.30e-01	6.21e-02	3.76e-04	0.00e+00	0.00e+00	0.00e+00	3.55e-08	1.87e-08	6.22e-09
 1.47910e+16	7.55e-08	5.59e-04	3.51e-01	5.95e-01	5.27e-02	3.01e-04	0.00e+00	0.00e+00	0.00e+00	4.39e-08	2.32e-08	7.71e-09
 1.48840e+16	8.86e-08	6.39e-04	3.94e-01	5.60e-01	4.48e-02	2.43e-04	0.00e+00	0.00e+00	0.00e+00	5.15e-08	2.72e-08	9.05e-09
 1.49593e+16	1.06e-07	7.40e-04	4.35e-01	5.26e-01	3.84e-02	1.99e-04	0.00e+00	0.00e+00	0.00e+00	6.19e-08	3.27e-08	1.09e-08
 1.50258e+16	1.21e-07	8.21e-04	4.74e-01	4.92e-01	3.29e-02	1.63e-04	0.00e+00	0.00e+00	0.00e+00	7.02e-08	3.71e-08	1.24e-08
 1.50969e+16	1.44e-07	9.45e-04	5.22e-01	4.50e-01	2.70e-02	1.27e-04	0.00e+00	0.00e+00	0.00e+00	8.40e-08	4.44e-08	1.48e-08
 1.51709e+16	1.70e-07	1.08e-03	5.75e-01	4.03e-01	2.14e-02	9.55e-05	0.00e+00	0.00e+00	0.00e+00	9.88e-08	5.22e-08	1.74e-08
 1.52339e+16	1.96e-07	1.20e-03	6.23e-01	3.59e-01	1.70e-02	7.18e-05	0.00e+00	0.00e+00	0.00e+00	1.14e-07	6.01e-08	2.01e-08
 1.52913e+16	2.22e-07	1.33e-03	6.69e-01	3.16e-01	1.33e-02	5.33e-05	0.00e+00	0.00e+00	0.00e+00	1.29e-07	6.84e-08	2.29e-08
 1.53480e+16	2.51e-07	1.45e-03	7.14e-01	2.75e-01	1.02e-02	3.83e-05	0.00e+00	0.00e+00	0.00e+00	1.46e-07	7.74e-08	2.60e-08
 1.54132e+16	2.89e-07	1.61e-03	7.64e-01	2.27e-01	7.13e-03	2.50e-05	0.00e+00	0.00e+00	0.00e+00	1.68e-07	8.88e-08	2.98e-08
 1.54855e+16	3.31e-07	1.77e-03	8.13e-01	1.80e-01	4.63e-03	1.48e-05	0.00e+00	0.00e+00	0.00e+00	1.92e-07	1.02e-07	3.43e-08
 1.55550e+16	3.72e-07	1.92e-03	8.54e-01	1.41e-01	2.93e-03	8.52e-06	0.00e+00	0.00e+00	0.00e+00	2.17e-07	1.15e-07	3.87e-08
 1.56333e+16	4.19e-07	2.07e-03	8.91e-01	1.05e-01	1.69e-03	4.36e-06	0.00e+00	0.00e+00	0.00e+00	2.44e-07	1.29e-07	4.36e-08
 1.57335e+16	4.74e-07	2.23e-03	9.25e-01	7.23e-02	8.27e-04	1.81e-06	0.00e+00	0.00e+00	0.00e+00	2.76e-07	1.46e-07	4.95e-08
 1.58541e+16	5.32e-07	2.38e-03	9.49e-01	4.78e-02	3.61e-04	6.43e-07	0.00e+00	0.00e+00	0.00e+00	3.10e-07	1.64e-07	5.57e-08
 1.60012e+16	5.95e-07	2.52e-03	9.66e-01	3.12e-02	1.43e-04	0.00e+00	0.00e+00	0.00e+00	0.00e+00	3.46e-07	1.84e-07	6.24e-08
 1.61912e+16	6.69e-07	2.66e-03	9.77e-01	2.06e-02	5.13e-05	0.00e+00	0.00e+00	0.00e+00	0.00e+00	3.89e-07	2.07e-07	7.01e-08
 1.64382e+16	7.62e-07	2.81e-03	9.83e-01	1.45e-02	1.75e-05	0.00e+00	0.00e+00	0.00e+00	0.00e+00	4.43e-07	2.35e-07	7.99e-08
 1.67593e+16	8.92e-07	2.99e-03	9.86e-01	1.11e-02	5.88e-06	0.00e+00	0.00e+00	0.00e+00	0.00e+00	5.19e-07	2.76e-07	9.36e-08
 1.71767e+16	1.09e-06	3.23e-03	9.88e-01	9.23e-03	1.93e-06	0.00e+00	0.00e+00	0.00e+00	0.00e+00	6.35e-07	3.37e-07	1.15e-07
 1.76462e+16	1.37e-06	3.52e-03	9.88e-01	8.15e-03	7.00e-07	0.00e+00	0.00e+00	0.00e+00	0.00e+00	7.99e-07	4.25e-07	1.44e-07
 1.80881e+16	1.72e-06	3.82e-03	9.89e-01	7.40e-03	0.00e+00	0.00e+00	0.00e+00	0.00e+00	0.00e+00	1.00e-06	5.32e-07	1.80e-07
 1.84953e+16	2.14e-06	4.14e-03	9.89e-01	6.86e-03	0.00e+00	0.00e+00	0.00e+00	0.00e+00	0.00e+00	1.24e-06	6.61e-07	2.24e-07
 1.89528e+16	2.76e-06	4.54e-03	9.89e-01	6.30e-03	0.00e+00	0.00e+00	0.00e+00	0.00e+00	0.00e+00	1.61e-06	8.54e-07	2.89e-07
 1.94437e+16	3.70e-06	5.06e-03	9.89e-01	5.78e-03	0.00e+00	0.00e+00	0.00e+00	0.00e+00	0.00e+00	2.15e-06	1.14e-06	3.87e-07
 1.98667e+16	4.84e-06	5.59e-03	9.89e-01	5.30e-03	0.00e+00	0.00e+00	0.00e+00	0.00e+00	0.00e+00	2.81e-06	1.50e-06	5.05e-07
 2.02311e+16	6.20e-06	6.14e-03	9.89e-01	4.91e-03	0.00e+00	0.00e+00	0.00e+00	0.00e+00	0.00e+00	3.60e-06	1.92e-06	6.47e-07
 2.06306e+16	8.25e-06	6.85e-03	9.89e-01	4.51e-03	0.00e+00	0.00e+00	0.00e+00	0.00e+00	0.00e+00	4.80e-06	2.55e-06	8.60e-07
 2.10502e+16	1.14e-05	7.78e-03	9.88e-01	4.08e-03	0.00e+00	0.00e+00	0.00e+00	0.00e+00	0.00e+00	6.63e-06	3.52e-06	1.19e-06
 2.13906e+16	1.52e-05	8.75e-03	9.88e-01	3.71e-03	0.00e+00	0.00e+00	0.00e+00	0.00e+00	0.00e+00	8.83e-06	4.69e-06	1.58e-06
 2.16652e+16	1.94e-05	9.69e-03	9.87e-01	3.43e-03	0.00e+00	0.00e+00	0.00e+00	0.00e+00	0.00e+00	1.13e-05	5.99e-06	2.02e-06
 2.19603e+16	2.56e-05	1.09e-02	9.86e-01	3.11e-03	0.00e+00	0.00e+00	0.00e+00	0.00e+00	0.00e+00	1.49e-05	7.91e-06	2.67e-06
 2.22779e+16	3.53e-05	1.26e-02	9.85e-01	2.79e-03	0.00e+00	0.00e+00	0.00e+00	0.00e+00	0.00e+00	2.05e-05	1.09e-05	3.66e-06
 2.25468e+16	4.73e-05	1.43e-02	9.83e-01	2.49e-03	0.00e+00	0.00e+00	0.00e+00	0.00e+00	0.00e+00	2.75e-05	1.46e-05	4.91e-06
 2.27192e+16	5.77e-05	1.57e-02	9.82e-01	2.33e-03	0.00e+00	0.00e+00	0.00e+00	0.00e+00	0.00e+00	3.35e-05	1.78e-05	5.98e-06
 2.28130e+16	6.45e-05	1.66e-02	9.81e-01	2.22e-03	0.00e+00	0.00e+00	0.00e+00	0.00e+00	0.00e+00	3.75e-05	1.99e-05	6.70e-06
 2.29040e+16	7.23e-05	1.75e-02	9.80e-01	2.12e-03	0.00e+00	0.00e+00	0.00e+00	0.00e+00	0.00e+00	4.20e-05	2.23e-05	7.50e-06
 2.30222e+16	8.40e-05	1.88e-02	9.79e-01	2.00e-03	0.00e+00	0.00e+00	0.00e+00	0.00e+00	0.00e+00	4.88e-05	2.59e-05	8.71e-06
 2.31557e+16	1.00e-04	2.05e-02	9.78e-01	1.85e-03	0.00e+00	0.00e+00	0.00e+00	0.00e+00	0.00e+00	5.82e-05	3.09e-05	1.04e-05
 2.32784e+16	1.18e-04	2.22e-02	9.76e-01	1.72e-03	0.00e+00	0.00e+00	0.00e+00	0.00e+00	0.00e+00	6.89e-05	3.65e-05	1.23e-05
 2.33844e+16	1.38e-04	2.39e-02	9.74e-01	1.62e-03	0.00e+00	0.00e+00	0.00e+00	0.00e+00	0.00e+00	8.00e-05	4.24e-05	1.43e-05
 2.34761e+16	1.57e-04	2.56e-02	9.73e-01	1.53e-03	0.00e+00	0.00e+00	0.00e+00	0.00e+00	0.00e+00	9.14e-05	4.85e-05	1.63e-05
 2.35571e+16	1.78e-04	2.72e-02	9.71e-01	1.45e-03	0.00e+00	0.00e+00	0.00e+00	0.00e+00	0.00e+00	1.03e-04	5.48e-05	1.84e-05
 2.36475e+16	2.05e-04	2.93e-02	9.69e-01	1.36e-03	0.00e+00	0.00e+00	0.00e+00	0.00e+00	0.00e+00	1.19e-04	6.32e-05	2.12e-05
 2.37435e+16	2.39e-04	3.17e-02	9.67e-01	1.27e-03	0.00e+00	0.00e+00	0.00e+00	0.00e+00	0.00e+00	1.39e-04	7.38e-05	2.48e-05
 2.38247e+16	2.74e-04	3.40e-02	9.65e-01	1.19e-03	0.00e+00	0.00e+00	0.00e+00	0.00e+00	0.00e+00	1.59e-04	8.45e-05	2.84e-05
 2.38950e+16	3.09e-04	3.62e-02	9.62e-01	1.13e-03	0.00e+00	0.00e+00	0.00e+00	0.00e+00	0.00e+00	1.80e-04	9.53e-05	3.20e-05
 2.39731e+16	3.56e-04	3.89e-02	9.60e-01	1.05e-03	0.00e+00	0.00e+00	0.00e+00	0.00e+00	0.00e+00	2.07e-04	1.10e-04	3.68e-05
 2.40570e+16	4.15e-04	4.22e-02	9.56e-01	9.77e-04	0.00e+00	0.00e+00	0.00e+00	0.00e+00	0.00e+00	2.42e-04	1.28e-04	4.30e-05
 2.41293e+16	4.77e-04	4.55e-02	9.53e-01	9.13e-04	0.00e+00	0.00e+00	0.00e+00	0.00e+00	0.00e+00	2.77e-04	1.47e-04	4.93e-05
 2.41920e+16	5.39e-04	4.86e-02	9.50e-01	8.58e-04	0.00e+00	0.00e+00	0.00e+00	0.00e+00	0.00e+00	3.14e-04	1.66e-04	5.58e-05
 2.42616e+16	6.22e-04	5.24e-02	9.46e-01	7.97e-04	0.00e+00	0.00e+00	0.00e+00	0.00e+00	0.00e+00	3.62e-04	1.92e-04	6.44e-05
 2.43362e+16	7.27e-04	5.70e-02	9.42e-01	7.35e-04	0.00e+00	0.00e+00	0.00e+00	0.00e+00	0.00e+00	4.23e-04	2.24e-04	7.52e-05
 2.44002e+16	8.36e-04	6.15e-02	9.37e-01	6.84e-04	0.00e+00	0.00e+00	0.00e+00	0.00e+00	0.00e+00	4.86e-04	2.57e-04	8.64e-05
 2.44559e+16	9.47e-04	6.58e-02	9.33e-01	6.40e-04	0.00e+00	0.00e+00	0.00e+00	0.00e+00	0.00e+00	5.51e-04	2.92e-04	9.79e-05
