#depth	He	He+	He+2
 1.49634e+10	6.37e-23	1.49e-11	1.00e+00
 4.54887e+10	7.08e-23	1.61e-11	1.00e+00
 7.72350e+10	7.85e-23	1.75e-11	1.00e+00
 1.10251e+11	8.70e-23	1.89e-11	1.00e+00
 1.44588e+11	9.65e-23	2.04e-11	1.00e+00
 1.80298e+11	1.07e-22	2.21e-11	1.00e+00
 2.17437e+11	1.19e-22	2.40e-11	1.00e+00
 2.56061e+11	1.32e-22	2.59e-11	1.00e+00
 2.96231e+11	1.47e-22	2.81e-11	1.00e+00
 3.38007e+11	1.64e-22	3.04e-11	1.00e+00
 3.81454e+11	1.83e-22	3.29e-11	1.00e+00
 4.26639e+11	2.04e-22	3.57e-11	1.00e+00
 4.73631e+11	2.27e-22	3.86e-11	1.00e+00
 5.22503e+11	2.54e-22	4.18e-11	1.00e+00
 5.73330e+11	2.84e-22	4.53e-11	1.00e+00
 6.26190e+11	3.19e-22	4.91e-11	1.00e+00
 6.81164e+11	3.57e-22	5.32e-11	1.00e+00
 7.38337e+11	4.02e-22	5.77e-11	1.00e+00
 7.97798e+11	4.51e-22	6.25e-11	1.00e+00
 8.59636e+11	5.08e-22	6.78e-11	1.00e+00
 9.23949e+11	5.73e-22	7.35e-11	1.00e+00
 9.90833e+11	6.47e-22	7.98e-11	1.00e+00
 1.06039e+12	7.30e-22	8.65e-11	1.00e+00
 1.13274e+12	8.26e-22	9.39e-11	1.00e+00
 1.20797e+12	9.36e-22	1.02e-10	1.00e+00
 1.28622e+12	1.06e-21	1.11e-10	1.00e+00
 1.36759e+12	1.20e-21	1.20e-10	1.00e+00
 1.44537e+12	1.35e-21	1.30e-10	1.00e+00
 1.51690e+12	1.50e-21	1.39e-10	1.00e+00
 1.59796e+12	1.68e-21	1.50e-10	1.00e+00
 1.69161e+12	1.92e-21	1.63e-10	1.00e+00
 1.78377e+12	2.17e-21	1.76e-10	1.00e+00
 1.87234e+12	2.44e-21	1.90e-10	1.00e+00
 1.96990e+12	2.75e-21	2.06e-10	1.00e+00
 2.07862e+12	3.14e-21	2.24e-10	1.00e+00
 2.18920e+12	3.57e-21	2.44e-10	1.00e+00
 2.30420e+12	4.07e-21	2.65e-10	1.00e+00
 2.42630e+12	4.65e-21	2.90e-10	1.00e+00
 2.55327e+12	5.34e-21	3.17e-10	1.00e+00
 2.68533e+12	6.14e-21	3.46e-10	1.00e+00
 2.82267e+12	7.04e-21	3.79e-10	1.00e+00
 2.96551e+12	8.08e-21	4.15e-10	1.00e+00
 3.11405e+12	9.27e-21	4.55e-10	1.00e+00
 3.26854e+12	1.06e-20	5.00e-10	1.00e+00
 3.42921e+12	1.21e-20	5.49e-10	1.00e+00
 3.59631e+12	1.39e-20	6.04e-10	1.00e+00
 3.77009e+12	1.59e-20	6.65e-10	1.00e+00
 3.95082e+12	1.81e-20	7.33e-10	1.00e+00
 4.13877e+12	2.07e-20	8.08e-10	1.00e+00
 4.33425e+12	2.37e-20	8.92e-10	1.00e+00
 4.53755e+12	2.72e-20	9.86e-10	1.00e+00
 4.74898e+12	3.12e-20	1.09e-09	1.00e+00
 4.96886e+12	3.59e-20	1.20e-09	1.00e+00
 5.19755e+12	4.15e-20	1.33e-09	1.00e+00
 5.43537e+12	4.81e-20	1.47e-09	1.00e+00
 5.68212e+12	5.61e-20	1.63e-09	1.00e+00
 5.93832e+12	6.56e-20	1.80e-09	1.00e+00
 6.20536e+12	7.70e-20	1.99e-09	1.00e+00
 6.48350e+12	9.08e-20	2.20e-09	1.00e+00
 6.77276e+12	1.07e-19	2.43e-09	1.00e+00
 7.07360e+12	1.27e-19	2.68e-09	1.00e+00
 7.37982e+12	1.51e-19	2.95e-09	1.00e+00
 7.69829e+12	1.79e-19	3.25e-09	1.00e+00
 8.03614e+12	2.14e-19	3.57e-09	1.00e+00
 8.38752e+12	2.55e-19	3.93e-09	1.00e+00
 8.75294e+12	3.04e-19	4.32e-09	1.00e+00
 9.13299e+12	3.63e-19	4.74e-09	1.00e+00
 9.52823e+12	4.33e-19	5.20e-09	1.00e+00
 9.93929e+12	5.16e-19	5.70e-09	1.00e+00
 1.03668e+13	6.15e-19	6.25e-09	1.00e+00
 1.08114e+13	7.33e-19	6.84e-09	1.00e+00
 1.12738e+13	8.71e-19	7.48e-09	1.00e+00
 1.17225e+13	1.02e-18	8.13e-09	1.00e+00
 1.21457e+13	1.19e-18	8.76e-09	1.00e+00
 1.26180e+13	1.39e-18	9.49e-09	1.00e+00
 1.31526e+13	1.64e-18	1.04e-08	1.00e+00
 1.36859e+13	1.94e-18	1.12e-08	1.00e+00
 1.42405e+13	2.27e-18	1.22e-08	1.00e+00
 1.48400e+13	2.69e-18	1.33e-08	1.00e+00
 1.54635e+13	3.18e-18	1.45e-08	1.00e+00
 1.61120e+13	3.75e-18	1.57e-08	1.00e+00
 1.67864e+13	4.42e-18	1.71e-08	1.00e+00
 1.74878e+13	5.21e-18	1.86e-08	1.00e+00
 1.82172e+13	6.14e-18	2.02e-08	1.00e+00
 1.89758e+13	7.22e-18	2.19e-08	1.00e+00
 1.97648e+13	8.50e-18	2.38e-08	1.00e+00
 2.05853e+13	9.98e-18	2.58e-08	1.00e+00
 2.14387e+13	1.17e-17	2.80e-08	1.00e+00
 2.23261e+13	1.38e-17	3.03e-08	1.00e+00
 2.32491e+13	1.62e-17	3.29e-08	1.00e+00
 2.42090e+13	1.89e-17	3.56e-08	1.00e+00
 2.52073e+13	2.22e-17	3.86e-08	1.00e+00
 2.62455e+13	2.60e-17	4.18e-08	1.00e+00
 2.73253e+13	3.05e-17	4.53e-08	1.00e+00
 2.84482e+13	3.57e-17	4.90e-08	1.00e+00
 2.96161e+13	4.18e-17	5.31e-08	1.00e+00
 3.08306e+13	4.90e-17	5.74e-08	1.00e+00
 3.20938e+13	5.73e-17	6.22e-08	1.00e+00
 3.34074e+13	6.71e-17	6.73e-08	1.00e+00
 3.47737e+13	7.85e-17	7.28e-08	1.00e+00
 3.61945e+13	9.19e-17	7.88e-08	1.00e+00
 3.76723e+13	1.08e-16	8.52e-08	1.00e+00
 3.92091e+13	1.26e-16	9.22e-08	1.00e+00
 4.08074e+13	1.47e-16	9.98e-08	1.00e+00
 4.24696e+13	1.72e-16	1.08e-07	1.00e+00
 4.41983e+13	2.02e-16	1.17e-07	1.00e+00
 4.59962e+13	2.36e-16	1.26e-07	1.00e+00
 4.78659e+13	2.76e-16	1.37e-07	1.00e+00
 4.98105e+13	3.23e-16	1.48e-07	1.00e+00
 5.18328e+13	3.79e-16	1.60e-07	1.00e+00
 5.39361e+13	4.43e-16	1.73e-07	1.00e+00
 5.59393e+13	5.13e-16	1.87e-07	1.00e+00
 5.77685e+13	5.83e-16	1.99e-07	1.00e+00
 5.98345e+13	6.70e-16	2.13e-07	1.00e+00
 6.22372e+13	7.85e-16	2.31e-07	1.00e+00
 6.46027e+13	9.11e-16	2.49e-07	1.00e+00
 6.68461e+13	1.05e-15	2.67e-07	1.00e+00
 6.93332e+13	1.21e-15	2.87e-07	1.00e+00
 7.21364e+13	1.42e-15	3.11e-07	1.00e+00
 7.49389e+13	1.66e-15	3.36e-07	1.00e+00
 7.78534e+13	1.93e-15	3.63e-07	1.00e+00
 8.09975e+13	2.27e-15	3.94e-07	1.00e+00
 8.42673e+13	2.67e-15	4.27e-07	1.00e+00
 8.76679e+13	3.14e-15	4.63e-07	1.00e+00
 9.12046e+13	3.69e-15	5.02e-07	1.00e+00
 9.48827e+13	4.34e-15	5.45e-07	1.00e+00
 9.87079e+13	5.11e-15	5.91e-07	1.00e+00
 1.02686e+14	6.02e-15	6.42e-07	1.00e+00
 1.06824e+14	7.09e-15	6.97e-07	1.00e+00
 1.11126e+14	8.37e-15	7.57e-07	1.00e+00
 1.15601e+14	9.85e-15	8.22e-07	1.00e+00
 1.20156e+14	1.16e-14	8.92e-07	1.00e+00
 1.24893e+14	1.36e-14	9.68e-07	1.00e+00
 1.29918e+14	1.61e-14	1.05e-06	1.00e+00
 1.35145e+14	1.90e-14	1.14e-06	1.00e+00
 1.40581e+14	2.25e-14	1.25e-06	1.00e+00
 1.46234e+14	2.66e-14	1.35e-06	1.00e+00
 1.52113e+14	3.16e-14	1.47e-06	1.00e+00
 1.58228e+14	3.74e-14	1.61e-06	1.00e+00
 1.64181e+14	4.38e-14	1.74e-06	1.00e+00
 1.69836e+14	5.08e-14	1.87e-06	1.00e+00
 1.76123e+14	5.95e-14	2.03e-06	1.00e+00
 1.83197e+14	7.07e-14	2.21e-06	1.00e+00
 1.90294e+14	8.36e-14	2.41e-06	1.00e+00
 1.97674e+14	9.88e-14	2.62e-06	1.00e+00
 2.05611e+14	1.18e-13	2.86e-06	1.00e+00
 2.13865e+14	1.40e-13	3.12e-06	1.00e+00
 2.22450e+14	1.67e-13	3.41e-06	1.00e+00
 2.30490e+14	1.96e-13	3.69e-06	1.00e+00
 2.37610e+14	2.25e-13	3.96e-06	1.00e+00
 2.45556e+14	2.61e-13	4.26e-06	1.00e+00
 2.55063e+14	3.09e-13	4.64e-06	1.00e+00
 2.64564e+14	3.65e-13	5.05e-06	1.00e+00
 2.73269e+14	4.22e-13	5.43e-06	1.00e+00
 2.82977e+14	4.94e-13	5.88e-06	1.00e+00
 2.94248e+14	5.89e-13	6.42e-06	1.00e+00
 3.05254e+14	6.95e-13	6.98e-06	1.00e+00
 3.15597e+14	8.07e-13	7.52e-06	1.00e+00
 3.27147e+14	9.47e-13	8.15e-06	1.00e+00
 3.40263e+14	1.13e-12	8.90e-06	1.00e+00
 3.53318e+14	1.33e-12	9.68e-06	1.00e+00
 3.66895e+14	1.57e-12	1.05e-05	1.00e+00
 3.81601e+14	1.87e-12	1.15e-05	1.00e+00
 3.96895e+14	2.22e-12	1.25e-05	1.00e+00
 4.12801e+14	2.63e-12	1.37e-05	1.00e+00
 4.29343e+14	3.12e-12	1.49e-05	1.00e+00
 4.46546e+14	3.71e-12	1.62e-05	1.00e+00
 4.64438e+14	4.39e-12	1.77e-05	1.00e+00
 4.83045e+14	5.20e-12	1.93e-05	1.00e+00
 5.02397e+14	6.15e-12	2.10e-05	1.00e+00
 5.22523e+14	7.27e-12	2.29e-05	1.00e+00
 5.42276e+14	8.52e-12	2.48e-05	1.00e+00
 5.61226e+14	9.86e-12	2.67e-05	1.00e+00
 5.82111e+14	1.15e-11	2.89e-05	1.00e+00
 6.05425e+14	1.36e-11	3.15e-05	1.00e+00
 6.28900e+14	1.59e-11	3.41e-05	1.00e+00
 6.50772e+14	1.84e-11	3.67e-05	1.00e+00
 6.74292e+14	2.13e-11	3.96e-05	1.00e+00
 7.00717e+14	2.51e-11	4.31e-05	1.00e+00
 7.26102e+14	2.90e-11	4.64e-05	1.00e+00
 7.53079e+14	3.38e-11	5.03e-05	1.00e+00
 7.83232e+14	3.98e-11	5.46e-05	1.00e+00
 8.13517e+14	4.65e-11	5.92e-05	1.00e+00
 8.41449e+14	5.34e-11	6.37e-05	1.00e+00
 8.71390e+14	6.17e-11	6.86e-05	1.00e+00
 9.04821e+14	7.20e-11	7.43e-05	1.00e+00
 9.36269e+14	8.26e-11	7.98e-05	1.00e+00
 9.70247e+14	9.55e-11	8.61e-05	1.00e+00
 1.00806e+15	1.11e-10	9.33e-05	1.00e+00
 1.04419e+15	1.28e-10	1.01e-04	1.00e+00
 1.08279e+15	1.48e-10	1.08e-04	1.00e+00
 1.12613e+15	1.74e-10	1.18e-04	1.00e+00
 1.16896e+15	2.01e-10	1.27e-04	1.00e+00
 1.21351e+15	2.33e-10	1.38e-04	1.00e+00
 1.26208e+15	2.73e-10	1.49e-04	1.00e+00
 1.31138e+15	3.17e-10	1.62e-04	1.00e+00
 1.36265e+15	3.68e-10	1.75e-04	1.00e+00
 1.41719e+15	4.29e-10	1.90e-04	1.00e+00
 1.47391e+15	5.01e-10	2.06e-04	1.00e+00
 1.53289e+15	5.83e-10	2.23e-04	1.00e+00
 1.59424e+15	6.79e-10	2.42e-04	1.00e+00
 1.65804e+15	7.90e-10	2.62e-04	1.00e+00
 1.72439e+15	9.19e-10	2.84e-04	1.00e+00
 1.79339e+15	1.07e-09	3.08e-04	1.00e+00
 1.86516e+15	1.24e-09	3.34e-04	1.00e+00
 1.93980e+15	1.45e-09	3.62e-04	1.00e+00
 2.01274e+15	1.67e-09	3.90e-04	1.00e+00
 2.07841e+15	1.89e-09	4.16e-04	1.00e+00
 2.14922e+15	2.15e-09	4.45e-04	1.00e+00
 2.23305e+15	2.49e-09	4.82e-04	1.00e+00
 2.31599e+15	2.86e-09	5.18e-04	9.99e-01
 2.39286e+15	3.25e-09	5.54e-04	9.99e-01
 2.47920e+15	3.72e-09	5.95e-04	9.99e-01
 2.57266e+15	4.30e-09	6.42e-04	9.99e-01
 2.65711e+15	4.86e-09	6.85e-04	9.99e-01
 2.74821e+15	5.54e-09	7.33e-04	9.99e-01
 2.85083e+15	6.38e-09	7.89e-04	9.99e-01
 2.94856e+15	7.27e-09	8.45e-04	9.99e-01
 3.05509e+15	8.34e-09	9.07e-04	9.99e-01
 3.17317e+15	9.68e-09	9.80e-04	9.99e-01
 3.28331e+15	1.10e-08	1.05e-03	9.99e-01
 3.40202e+15	1.27e-08	1.13e-03	9.99e-01
 3.53477e+15	1.47e-08	1.22e-03	9.99e-01
 3.66123e+15	1.69e-08	1.31e-03	9.99e-01
 3.78171e+15	1.91e-08	1.39e-03	9.99e-01
 3.91860e+15	2.19e-08	1.50e-03	9.99e-01
 4.07099e+15	2.55e-08	1.62e-03	9.98e-01
 4.22046e+15	2.94e-08	1.74e-03	9.98e-01
 4.36542e+15	3.35e-08	1.86e-03	9.98e-01
 4.52518e+15	3.86e-08	2.00e-03	9.98e-01
 4.70220e+15	4.50e-08	2.16e-03	9.98e-01
 4.87345e+15	5.18e-08	2.32e-03	9.98e-01
 5.03639e+15	5.90e-08	2.48e-03	9.98e-01
 5.21871e+15	6.80e-08	2.67e-03	9.97e-01
 5.41950e+15	7.90e-08	2.88e-03	9.97e-01
 5.60696e+15	9.04e-08	3.08e-03	9.97e-01
 5.80992e+15	1.04e-07	3.32e-03	9.97e-01
 6.01887e+15	1.20e-07	3.57e-03	9.96e-01
 6.19641e+15	1.35e-07	3.78e-03	9.96e-01
 6.38619e+15	1.53e-07	4.03e-03	9.96e-01
 6.62334e+15	1.77e-07	4.35e-03	9.96e-01
 6.86572e+15	2.05e-07	4.69e-03	9.95e-01
 7.07553e+15	2.32e-07	5.00e-03	9.95e-01
 7.29936e+15	2.64e-07	5.35e-03	9.95e-01
 7.55234e+15	3.05e-07	5.77e-03	9.94e-01
 7.79415e+15	3.48e-07	6.18e-03	9.94e-01
 8.02051e+15	3.92e-07	6.59e-03	9.93e-01
 8.27586e+15	4.50e-07	7.10e-03	9.93e-01
 8.55632e+15	5.20e-07	7.69e-03	9.92e-01
 8.81236e+15	5.92e-07	8.25e-03	9.92e-01
 9.08816e+15	6.82e-07	8.94e-03	9.91e-01
 9.38861e+15	7.92e-07	9.73e-03	9.90e-01
 9.65895e+15	9.03e-07	1.05e-02	9.90e-01
 9.90987e+15	1.02e-06	1.13e-02	9.89e-01
 1.01977e+16	1.18e-06	1.23e-02	9.88e-01
 1.05104e+16	1.38e-06	1.36e-02	9.86e-01
 1.07894e+16	1.59e-06	1.48e-02	9.85e-01
 1.10449e+16	1.81e-06	1.61e-02	9.84e-01
 1.13360e+16	2.12e-06	1.78e-02	9.82e-01
 1.16480e+16	2.51e-06	1.99e-02	9.80e-01
 1.19190e+16	2.91e-06	2.20e-02	9.78e-01
 1.21613e+16	3.35e-06	2.43e-02	9.76e-01
 1.24348e+16	3.97e-06	2.74e-02	9.73e-01
 1.27247e+16	4.78e-06	3.13e-02	9.69e-01
 1.29694e+16	5.65e-06	3.54e-02	9.65e-01
 1.31796e+16	6.59e-06	3.98e-02	9.60e-01
 1.33729e+16	7.66e-06	4.47e-02	9.55e-01
 1.35569e+16	8.93e-06	5.04e-02	9.50e-01
 1.37674e+16	1.08e-05	5.86e-02	9.41e-01
 1.39858e+16	1.34e-05	6.96e-02	9.30e-01
 1.41599e+16	1.63e-05	8.14e-02	9.19e-01
 1.42995e+16	1.93e-05	9.37e-02	9.06e-01
 1.44287e+16	2.29e-05	1.08e-01	8.92e-01
 1.45561e+16	2.75e-05	1.26e-01	8.74e-01
 1.46784e+16	3.34e-05	1.49e-01	8.51e-01
 1.47910e+16	4.07e-05	1.76e-01	8.24e-01
 1.48840e+16	4.85e-05	2.06e-01	7.94e-01
 1.49593e+16	5.67e-05	2.35e-01	7.65e-01
 1.50258e+16	6.55e-05	2.67e-01	7.33e-01
 1.50969e+16	7.71e-05	3.07e-01	6.93e-01
 1.51709e+16	9.16e-05	3.58e-01	6.42e-01
 1.52339e+16	1.07e-04	4.09e-01	5.91e-01
 1.52913e+16	1.23e-04	4.62e-01	5.38e-01
 1.53480e+16	1.41e-04	5.20e-01	4.80e-01
 1.54132e+16	1.63e-04	5.91e-01	4.09e-01
 1.54855e+16	1.89e-04	6.70e-01	3.30e-01
 1.55550e+16	2.14e-04	7.41e-01	2.59e-01
 1.56333e+16	2.40e-04	8.10e-01	1.90e-01
 1.57335e+16	2.68e-04	8.75e-01	1.25e-01
 1.58541e+16	2.93e-04	9.26e-01	7.42e-02
 1.60012e+16	3.14e-04	9.59e-01	4.04e-02
 1.61912e+16	3.33e-04	9.80e-01	1.98e-02
 1.64382e+16	3.52e-04	9.91e-01	8.81e-03
 1.67593e+16	3.74e-04	9.96e-01	3.57e-03
 1.71767e+16	4.01e-04	9.98e-01	1.32e-03
 1.76462e+16	4.32e-04	9.99e-01	5.14e-04
 1.80881e+16	4.64e-04	9.99e-01	2.40e-04
 1.84953e+16	4.97e-04	9.99e-01	1.28e-04
 1.89528e+16	5.38e-04	9.99e-01	6.69e-05
 1.94437e+16	5.86e-04	9.99e-01	3.60e-05
 1.98667e+16	6.33e-04	9.99e-01	2.21e-05
 2.02311e+16	6.79e-04	9.99e-01	1.48e-05
 2.06306e+16	7.39e-04	9.99e-01	9.66e-06
 2.10502e+16	8.10e-04	9.99e-01	6.40e-06
 2.13906e+16	8.75e-04	9.99e-01	4.69e-06
 2.16652e+16	9.37e-04	9.99e-01	3.67e-06
 2.19603e+16	1.01e-03	9.99e-01	2.81e-06
 2.22779e+16	1.11e-03	9.99e-01	2.15e-06
 2.25468e+16	1.21e-03	9.99e-01	1.73e-06
 2.27192e+16	1.28e-03	9.99e-01	1.52e-06
 2.28130e+16	1.33e-03	9.99e-01	1.42e-06
 2.29040e+16	1.37e-03	9.99e-01	1.32e-06
 2.30222e+16	1.43e-03	9.99e-01	1.19e-06
 2.31557e+16	1.51e-03	9.98e-01	1.08e-06
 2.32784e+16	1.59e-03	9.98e-01	9.82e-07
 2.33844e+16	1.67e-03	9.98e-01	9.07e-07
 2.34761e+16	1.73e-03	9.98e-01	8.48e-07
 2.35571e+16	1.80e-03	9.98e-01	7.98e-07
 2.36475e+16	1.88e-03	9.98e-01	7.44e-07
 2.37435e+16	1.98e-03	9.98e-01	6.94e-07
 2.38247e+16	2.07e-03	9.98e-01	6.55e-07
 2.38950e+16	2.15e-03	9.98e-01	6.22e-07
 2.39731e+16	2.25e-03	9.98e-01	5.87e-07
 2.40570e+16	2.36e-03	9.98e-01	5.52e-07
 2.41293e+16	2.47e-03	9.98e-01	5.25e-07
 2.41920e+16	2.57e-03	9.97e-01	5.02e-07
 2.42616e+16	2.70e-03	9.97e-01	4.77e-07
 2.43362e+16	2.85e-03	9.97e-01	4.52e-07
 2.44002e+16	2.98e-03	9.97e-01	4.33e-07
 2.44559e+16	3.11e-03	9.97e-01	4.16e-07
 2.45178e+16	3.27e-03	9.97e-01	3.97e-07
 2.45843e+16	3.46e-03	9.97e-01	3.79e-07
 2.46414e+16	3.63e-03	9.96e-01	3.65e-07
 2.46915e+16	3.80e-03	9.96e-01	3.52e-07
 2.47476e+16	4.01e-03	9.96e-01	3.38e-07
 2.48078e+16	4.26e-03	9.96e-01	3.24e-07
 2.48598e+16	4.50e-03	9.96e-01	3.12e-07
 2.49055e+16	4.72e-03	9.95e-01	3.03e-07
 2.49565e+16	5.01e-03	9.95e-01	2.91e-07
 2.50115e+16	5.35e-03	9.95e-01	2.80e-07
 2.50599e+16	5.68e-03	9.94e-01	2.71e-07
 2.51032e+16	6.02e-03	9.94e-01	2.63e-07
 2.51516e+16	6.44e-03	9.94e-01	2.53e-07
 2.52047e+16	6.96e-03	9.93e-01	2.44e-07
 2.52522e+16	7.50e-03	9.93e-01	2.36e-07
 2.52954e+16	8.05e-03	9.92e-01	2.29e-07
 2.53442e+16	8.77e-03	9.91e-01	2.21e-07
 2.53965e+16	9.68e-03	9.90e-01	2.12e-07
 2.54409e+16	1.06e-02	9.89e-01	2.05e-07
 2.54784e+16	1.15e-02	9.88e-01	2.00e-07
 2.55193e+16	1.27e-02	9.87e-01	1.94e-07
 2.55636e+16	1.41e-02	9.86e-01	1.87e-07
 2.55993e+16	1.56e-02	9.84e-01	1.82e-07
 2.56252e+16	1.68e-02	9.83e-01	1.79e-07
 2.56515e+16	1.82e-02	9.82e-01	1.76e-07
 2.56810e+16	2.00e-02	9.80e-01	1.72e-07
 2.57079e+16	2.20e-02	9.78e-01	1.68e-07
 2.57307e+16	2.39e-02	9.76e-01	1.66e-07
 2.57552e+16	2.63e-02	9.74e-01	1.63e-07
 2.57811e+16	2.93e-02	9.71e-01	1.60e-07
 2.58028e+16	3.23e-02	9.68e-01	1.57e-07
 2.58208e+16	3.51e-02	9.65e-01	1.56e-07
 2.58368e+16	3.80e-02	9.62e-01	1.55e-07
 2.58540e+16	4.15e-02	9.58e-01	1.53e-07
 2.58765e+16	4.69e-02	9.53e-01	1.52e-07
 2.58989e+16	5.33e-02	9.47e-01	1.50e-07
 2.59157e+16	5.92e-02	9.41e-01	1.50e-07
 2.59297e+16	6.48e-02	9.35e-01	1.50e-07
 2.59454e+16	7.21e-02	9.28e-01	1.50e-07
 2.59624e+16	8.10e-02	9.19e-01	1.50e-07
 2.59777e+16	9.05e-02	9.09e-01	1.51e-07
 2.59909e+16	1.00e-01	9.00e-01	1.52e-07
 2.60033e+16	1.10e-01	8.90e-01	1.53e-07
 2.60156e+16	1.22e-01	8.78e-01	1.55e-07
 2.60270e+16	1.34e-01	8.66e-01	1.56e-07
 2.60371e+16	1.45e-01	8.55e-01	1.59e-07
 2.60463e+16	1.57e-01	8.43e-01	1.61e-07
 2.60547e+16	1.69e-01	8.31e-01	1.63e-07
 2.60612e+16	1.79e-01	8.21e-01	1.64e-07
 2.60657e+16	1.86e-01	8.14e-01	1.65e-07
 2.60698e+16	1.93e-01	8.07e-01	1.67e-07
 2.60746e+16	2.01e-01	7.99e-01	1.68e-07
 2.60796e+16	2.11e-01	7.89e-01	1.69e-07
 2.60845e+16	2.20e-01	7.80e-01	1.70e-07
 2.60891e+16	2.29e-01	7.71e-01	1.72e-07
 2.60937e+16	2.39e-01	7.61e-01	1.73e-07
 2.60982e+16	2.49e-01	7.51e-01	1.75e-07
 2.61028e+16	2.59e-01	7.41e-01	1.76e-07
 2.61072e+16	2.70e-01	7.30e-01	1.78e-07
 2.61117e+16	2.81e-01	7.19e-01	1.79e-07
 2.61161e+16	2.92e-01	7.08e-01	1.81e-07
 2.61203e+16	3.04e-01	6.96e-01	1.82e-07
 2.61246e+16	3.15e-01	6.85e-01	1.84e-07
 2.61288e+16	3.28e-01	6.72e-01	1.85e-07
 2.61330e+16	3.40e-01	6.60e-01	1.87e-07
 2.61371e+16	3.53e-01	6.47e-01	1.87e-07
 2.61412e+16	3.66e-01	6.34e-01	1.89e-07
 2.61452e+16	3.79e-01	6.21e-01	1.90e-07
 2.61493e+16	3.93e-01	6.07e-01	1.91e-07
 2.61532e+16	4.06e-01	5.94e-01	1.92e-07
 2.61571e+16	4.19e-01	5.81e-01	1.93e-07
 2.61609e+16	4.33e-01	5.67e-01	1.94e-07
 2.61648e+16	4.47e-01	5.53e-01	1.95e-07
 2.61686e+16	4.62e-01	5.38e-01	1.96e-07
 2.61723e+16	4.76e-01	5.24e-01	1.96e-07
 2.61759e+16	4.90e-01	5.10e-01	1.97e-07
 2.61796e+16	5.04e-01	4.96e-01	1.97e-07
 2.61832e+16	5.18e-01	4.82e-01	1.98e-07
 2.61867e+16	5.32e-01	4.68e-01	1.98e-07
 2.61901e+16	5.46e-01	4.54e-01	1.98e-07
 2.61935e+16	5.59e-01	4.41e-01	1.98e-07
 2.61969e+16	5.72e-01	4.28e-01	1.98e-07
 2.62001e+16	5.85e-01	4.15e-01	1.98e-07
 2.62032e+16	5.98e-01	4.02e-01	1.98e-07
 2.62063e+16	6.10e-01	3.90e-01	1.97e-07
 2.62094e+16	6.23e-01	3.77e-01	1.97e-07
 2.62124e+16	6.35e-01	3.65e-01	1.96e-07
 2.62154e+16	6.47e-01	3.53e-01	1.95e-07
 2.62183e+16	6.58e-01	3.42e-01	1.94e-07
 2.62211e+16	6.70e-01	3.30e-01	1.93e-07
 2.62239e+16	6.80e-01	3.20e-01	1.92e-07
 2.62267e+16	6.91e-01	3.09e-01	1.91e-07
 2.62294e+16	7.01e-01	2.99e-01	1.90e-07
 2.62321e+16	7.11e-01	2.89e-01	1.89e-07
 2.62347e+16	7.21e-01	2.79e-01	1.87e-07
 2.62373e+16	7.30e-01	2.70e-01	1.86e-07
 2.62398e+16	7.40e-01	2.60e-01	1.85e-07
 2.62424e+16	7.49e-01	2.51e-01	1.83e-07
 2.62449e+16	7.57e-01	2.43e-01	1.82e-07
 2.62473e+16	7.66e-01	2.34e-01	1.80e-07
 2.62497e+16	7.74e-01	2.26e-01	1.78e-07
 2.62521e+16	7.81e-01	2.19e-01	1.77e-07
 2.62545e+16	7.89e-01	2.11e-01	1.75e-07
 2.62568e+16	7.96e-01	2.04e-01	1.73e-07
 2.62591e+16	8.03e-01	1.97e-01	1.71e-07
 2.62611e+16	8.09e-01	1.91e-01	1.70e-07
 2.62627e+16	8.14e-01	1.86e-01	1.68e-07
 2.62642e+16	8.18e-01	1.82e-01	1.67e-07
 2.62657e+16	8.23e-01	1.77e-01	1.65e-07
 2.62673e+16	8.28e-01	1.72e-01	1.64e-07
 2.62689e+16	8.32e-01	1.68e-01	1.62e-07
 2.62704e+16	8.36e-01	1.64e-01	1.61e-07
 2.62719e+16	8.40e-01	1.60e-01	1.59e-07
 2.62734e+16	8.44e-01	1.56e-01	1.58e-07
 2.62749e+16	8.48e-01	1.52e-01	1.56e-07
 2.62765e+16	8.52e-01	1.48e-01	1.54e-07
 2.62780e+16	8.56e-01	1.44e-01	1.53e-07
 2.62796e+16	8.60e-01	1.40e-01	1.51e-07
 2.62813e+16	8.64e-01	1.36e-01	1.50e-07
 2.62832e+16	8.69e-01	1.31e-01	1.48e-07
 2.62851e+16	8.73e-01	1.27e-01	1.46e-07
 2.62871e+16	8.78e-01	1.22e-01	1.43e-07
 2.62891e+16	8.82e-01	1.18e-01	1.41e-07
 2.62911e+16	8.86e-01	1.14e-01	1.39e-07
 2.62930e+16	8.90e-01	1.10e-01	1.36e-07
 2.62949e+16	8.94e-01	1.06e-01	1.34e-07
 2.62968e+16	8.98e-01	1.02e-01	1.31e-07
 2.62986e+16	9.01e-01	9.87e-02	1.29e-07
 2.63003e+16	9.05e-01	9.54e-02	1.26e-07
 2.63019e+16	9.08e-01	9.23e-02	1.24e-07
 2.63035e+16	9.11e-01	8.94e-02	1.22e-07
 2.63050e+16	9.13e-01	8.67e-02	1.19e-07
 2.63064e+16	9.16e-01	8.43e-02	1.17e-07
 2.63076e+16	9.18e-01	8.21e-02	1.15e-07
 2.63088e+16	9.20e-01	8.02e-02	1.14e-07
 2.63098e+16	9.22e-01	7.85e-02	1.12e-07
 2.63107e+16	9.23e-01	7.69e-02	1.10e-07
 2.63116e+16	9.25e-01	7.55e-02	1.09e-07
 2.63124e+16	9.26e-01	7.41e-02	1.07e-07
 2.63131e+16	9.27e-01	7.29e-02	1.06e-07
 2.63138e+16	9.28e-01	7.16e-02	1.04e-07
 2.63147e+16	9.30e-01	7.04e-02	1.03e-07
 2.63154e+16	9.31e-01	6.91e-02	1.02e-07
 2.63161e+16	9.32e-01	6.81e-02	1.01e-07
 2.63169e+16	9.33e-01	6.68e-02	9.91e-08
 2.63177e+16	9.34e-01	6.56e-02	9.78e-08
 2.63184e+16	9.36e-01	6.44e-02	9.63e-08
 2.63191e+16	9.37e-01	6.34e-02	9.52e-08
 2.63197e+16	9.38e-01	6.25e-02	9.40e-08
 2.63203e+16	9.38e-01	6.16e-02	9.28e-08
 2.63208e+16	9.39e-01	6.08e-02	9.18e-08
 2.63213e+16	9.40e-01	5.99e-02	9.06e-08
 2.63221e+16	9.41e-01	5.88e-02	8.92e-08
 2.63229e+16	9.42e-01	5.77e-02	8.76e-08
 2.63236e+16	9.43e-01	5.66e-02	8.62e-08
 2.63242e+16	9.44e-01	5.57e-02	8.49e-08
 2.63248e+16	9.45e-01	5.48e-02	8.37e-08
 2.63253e+16	9.46e-01	5.40e-02	8.26e-08
 2.63258e+16	9.47e-01	5.34e-02	8.17e-08
 2.63264e+16	9.47e-01	5.25e-02	8.04e-08
 2.63270e+16	9.48e-01	5.17e-02	7.92e-08
 2.63275e+16	9.49e-01	5.10e-02	7.82e-08
 2.63280e+16	9.50e-01	5.03e-02	7.72e-08
 2.63284e+16	9.50e-01	4.97e-02	7.62e-08
 2.63288e+16	9.51e-01	4.92e-02	7.55e-08
 2.63292e+16	9.51e-01	4.85e-02	7.45e-08
 2.63297e+16	9.52e-01	4.79e-02	7.35e-08
 2.63301e+16	9.53e-01	4.73e-02	7.27e-08
 2.63306e+16	9.53e-01	4.66e-02	7.16e-08
 2.63311e+16	9.54e-01	4.60e-02	7.06e-08
 2.63316e+16	9.55e-01	4.54e-02	6.97e-08
 2.63320e+16	9.55e-01	4.48e-02	6.90e-08
 2.63324e+16	9.56e-01	4.42e-02	6.79e-08
 2.63329e+16	9.56e-01	4.35e-02	6.70e-08
 2.63334e+16	9.57e-01	4.30e-02	6.61e-08
 2.63338e+16	9.58e-01	4.25e-02	6.53e-08
 2.63342e+16	9.58e-01	4.20e-02	6.46e-08
 2.63346e+16	9.59e-01	4.15e-02	6.38e-08
 2.63351e+16	9.59e-01	4.08e-02	6.28e-08
 2.63357e+16	9.60e-01	4.01e-02	6.18e-08
 2.63362e+16	9.60e-01	3.95e-02	6.09e-08
 2.63367e+16	9.61e-01	3.90e-02	6.03e-08
 2.63371e+16	9.61e-01	3.85e-02	5.95e-08
 2.63375e+16	9.62e-01	3.81e-02	5.88e-08
 2.63379e+16	9.62e-01	3.76e-02	5.81e-08
 2.63385e+16	9.63e-01	3.70e-02	5.72e-08
 2.63391e+16	9.64e-01	3.63e-02	5.63e-08
 2.63396e+16	9.64e-01	3.58e-02	5.55e-08
 2.63401e+16	9.65e-01	3.53e-02	5.48e-08
 2.63406e+16	9.65e-01	3.48e-02	5.41e-08
 2.63411e+16	9.66e-01	3.43e-02	5.33e-08
 2.63416e+16	9.66e-01	3.38e-02	5.25e-08
 2.63421e+16	9.67e-01	3.33e-02	5.19e-08
 2.63426e+16	9.67e-01	3.29e-02	5.12e-08
 2.63430e+16	9.68e-01	3.25e-02	5.07e-08
 2.63434e+16	9.68e-01	3.21e-02	5.01e-08
 2.63440e+16	9.68e-01	3.15e-02	4.93e-08
 2.63446e+16	9.69e-01	3.10e-02	4.85e-08
 2.63452e+16	9.69e-01	3.05e-02	4.79e-08
 2.63457e+16	9.70e-01	3.01e-02	4.72e-08
 2.63462e+16	9.70e-01	2.96e-02	4.66e-08
 2.63467e+16	9.71e-01	2.92e-02	4.60e-08
 2.63474e+16	9.71e-01	2.86e-02	4.52e-08
 2.63481e+16	9.72e-01	2.81e-02	4.44e-08
 2.63488e+16	9.72e-01	2.76e-02	4.38e-08
 2.63494e+16	9.73e-01	2.71e-02	4.31e-08
 2.63499e+16	9.73e-01	2.67e-02	4.25e-08
 2.63505e+16	9.74e-01	2.63e-02	4.19e-08
 2.63511e+16	9.74e-01	2.58e-02	4.13e-08
 2.63517e+16	9.75e-01	2.54e-02	4.07e-08
 2.63523e+16	9.75e-01	2.50e-02	4.01e-08
 2.63528e+16	9.75e-01	2.46e-02	3.96e-08
 2.63535e+16	9.76e-01	2.42e-02	3.90e-08
 2.63541e+16	9.76e-01	2.38e-02	3.85e-08
 2.63547e+16	9.77e-01	2.34e-02	3.79e-08
 2.63554e+16	9.77e-01	2.30e-02	3.73e-08
 2.63560e+16	9.77e-01	2.26e-02	3.68e-08
 2.63566e+16	9.78e-01	2.23e-02	3.63e-08
 2.63572e+16	9.78e-01	2.19e-02	3.58e-08
 2.63578e+16	9.78e-01	2.15e-02	3.53e-08
 2.63584e+16	9.79e-01	2.12e-02	3.48e-08
 2.63591e+16	9.79e-01	2.08e-02	3.43e-08
 2.63598e+16	9.80e-01	2.04e-02	3.38e-08
 2.63605e+16	9.80e-01	2.01e-02	3.33e-08
 2.63612e+16	9.80e-01	1.97e-02	3.28e-08
 2.63620e+16	9.81e-01	1.93e-02	3.23e-08
 2.63627e+16	9.81e-01	1.90e-02	3.18e-08
 2.63634e+16	9.81e-01	1.86e-02	3.13e-08
 2.63643e+16	9.82e-01	1.82e-02	3.08e-08
 2.63650e+16	9.82e-01	1.79e-02	3.03e-08
 2.63657e+16	9.82e-01	1.76e-02	2.99e-08
 2.63665e+16	9.83e-01	1.72e-02	2.94e-08
 2.63673e+16	9.83e-01	1.69e-02	2.89e-08
 2.63680e+16	9.83e-01	1.66e-02	2.85e-08
 2.63688e+16	9.84e-01	1.62e-02	2.80e-08
 2.63697e+16	9.84e-01	1.59e-02	2.76e-08
 2.63705e+16	9.84e-01	1.56e-02	2.72e-08
 2.63714e+16	9.85e-01	1.52e-02	2.67e-08
 2.63723e+16	9.85e-01	1.49e-02	2.62e-08
 2.63732e+16	9.85e-01	1.46e-02	2.58e-08
 2.63740e+16	9.86e-01	1.43e-02	2.54e-08
 2.63748e+16	9.86e-01	1.40e-02	2.50e-08
 2.63758e+16	9.86e-01	1.37e-02	2.46e-08
 2.63766e+16	9.87e-01	1.34e-02	2.42e-08
 2.63775e+16	9.87e-01	1.31e-02	2.37e-08
 2.63785e+16	9.87e-01	1.28e-02	2.33e-08
 2.63794e+16	9.87e-01	1.25e-02	2.30e-08
 2.63804e+16	9.88e-01	1.22e-02	2.25e-08
 2.63815e+16	9.88e-01	1.19e-02	2.21e-08
 2.63825e+16	9.88e-01	1.17e-02	2.17e-08
 2.63835e+16	9.89e-01	1.14e-02	2.13e-08
 2.63847e+16	9.89e-01	1.11e-02	2.09e-08
 2.63858e+16	9.89e-01	1.08e-02	2.05e-08
 2.63869e+16	9.89e-01	1.05e-02	2.01e-08
 2.63881e+16	9.90e-01	1.02e-02	1.97e-08
 2.63893e+16	9.90e-01	9.98e-03	1.93e-08
 2.63905e+16	9.90e-01	9.68e-03	1.88e-08
 2.63921e+16	9.91e-01	9.32e-03	1.83e-08
 2.63940e+16	9.91e-01	8.95e-03	1.78e-08
 2.63958e+16	9.91e-01	8.60e-03	1.72e-08
 2.63976e+16	9.92e-01	8.28e-03	1.67e-08
 2.63994e+16	9.92e-01	7.95e-03	1.62e-08
 2.64013e+16	9.92e-01	7.63e-03	1.57e-08
 2.64033e+16	9.93e-01	7.31e-03	1.52e-08
 2.64053e+16	9.93e-01	7.00e-03	1.47e-08
 2.64073e+16	9.93e-01	6.70e-03	1.42e-08
 2.64095e+16	9.94e-01	6.41e-03	1.37e-08
 2.64116e+16	9.94e-01	6.12e-03	1.32e-08
 2.64139e+16	9.94e-01	5.84e-03	1.27e-08
 2.64162e+16	9.94e-01	5.57e-03	1.23e-08
 2.64186e+16	9.95e-01	5.31e-03	1.18e-08
 2.64210e+16	9.95e-01	5.06e-03	1.13e-08
 2.64236e+16	9.95e-01	4.81e-03	1.08e-08
 2.64261e+16	9.95e-01	4.57e-03	1.04e-08
 2.64288e+16	9.96e-01	4.33e-03	9.94e-09
 2.64316e+16	9.96e-01	4.10e-03	9.49e-09
 2.64344e+16	9.96e-01	3.88e-03	9.04e-09
 2.64373e+16	9.96e-01	3.66e-03	8.59e-09
 2.64404e+16	9.97e-01	3.44e-03	8.13e-09
 2.64435e+16	9.97e-01	3.22e-03	7.64e-09
 2.64468e+16	9.97e-01	2.99e-03	7.17e-09
 2.64502e+16	9.97e-01	2.76e-03	6.65e-09
 2.64537e+16	9.97e-01	2.53e-03	6.12e-09
 2.64575e+16	9.98e-01	2.28e-03	5.54e-09
 2.64614e+16	9.98e-01	2.05e-03	5.00e-09
 2.64655e+16	9.98e-01	1.82e-03	4.45e-09
 2.64698e+16	9.98e-01	1.60e-03	3.92e-09
 2.64745e+16	9.99e-01	1.39e-03	3.41e-09
 2.64795e+16	9.99e-01	1.19e-03	2.94e-09
 2.64849e+16	9.99e-01	1.01e-03	2.49e-09
 2.64908e+16	9.99e-01	8.45e-04	2.08e-09
 2.64974e+16	9.99e-01	6.92e-04	1.70e-09
 2.65047e+16	9.99e-01	5.53e-04	1.36e-09
 2.65130e+16	1.00e+00	4.30e-04	1.06e-09
 2.65225e+16	1.00e+00	3.25e-04	7.99e-10
 2.65324e+16	1.00e+00	2.45e-04	6.01e-10
 2.65424e+16	1.00e+00	1.87e-04	4.57e-10
 2.65523e+16	1.00e+00	1.44e-04	3.51e-10
 2.65623e+16	1.00e+00	1.12e-04	2.74e-10
 2.65722e+16	1.00e+00	8.96e-05	2.18e-10
 2.65822e+16	1.00e+00	7.28e-05	1.77e-10
 2.65921e+16	1.00e+00	6.06e-05	1.47e-10
 2.66021e+16	1.00e+00	5.16e-05	1.25e-10
 2.66120e+16	1.00e+00	4.50e-05	1.08e-10
 2.66220e+16	1.00e+00	4.01e-05	9.65e-11
 2.66319e+16	1.00e+00	3.65e-05	8.76e-11
 2.66419e+16	1.00e+00	3.39e-05	8.10e-11
 2.66518e+16	1.00e+00	3.19e-05	7.61e-11
 2.66618e+16	1.00e+00	3.04e-05	7.24e-11
 2.66718e+16	1.00e+00	2.93e-05	6.95e-11
 2.66817e+16	1.00e+00	2.85e-05	6.73e-11
 2.66917e+16	1.00e+00	2.78e-05	6.56e-11
 2.67016e+16	1.00e+00	2.72e-05	6.38e-11
 2.67131e+16	1.00e+00	2.68e-05	6.27e-11
 2.67279e+16	1.00e+00	2.64e-05	6.12e-11
 2.67473e+16	1.00e+00	2.59e-05	5.97e-11
 2.67724e+16	1.00e+00	2.54e-05	5.79e-11
 2.68051e+16	1.00e+00	2.48e-05	5.58e-11
 2.68476e+16	1.00e+00	2.42e-05	5.32e-11
 2.69028e+16	1.00e+00	2.34e-05	5.00e-11
 2.69747e+16	1.00e+00	2.23e-05	4.60e-11
 2.70627e+16	1.00e+00	2.11e-05	4.15e-11
 2.71607e+16	1.00e+00	1.99e-05	3.69e-11
 2.72651e+16	1.00e+00	1.86e-05	3.25e-11
 2.73796e+16	1.00e+00	1.72e-05	2.82e-11
 2.75083e+16	1.00e+00	1.58e-05	2.39e-11
 2.76535e+16	1.00e+00	1.43e-05	1.98e-11
 2.78174e+16	1.00e+00	1.29e-05	1.60e-11
 2.79994e+16	1.00e+00	1.14e-05	1.26e-11
 2.82034e+16	1.00e+00	9.91e-06	9.66e-12
 2.84368e+16	1.00e+00	8.47e-06	7.11e-12
 2.87013e+16	1.00e+00	7.10e-06	5.05e-12
 2.89989e+16	1.00e+00	5.84e-06	3.44e-12
 2.93351e+16	1.00e+00	4.69e-06	2.24e-12
 2.97198e+16	1.00e+00	3.67e-06	1.38e-12
 3.01635e+16	1.00e+00	2.78e-06	7.99e-13
 3.06687e+16	1.00e+00	2.04e-06	4.35e-13
 3.12148e+16	1.00e+00	1.48e-06	2.31e-13
 3.17717e+16	1.00e+00	1.07e-06	1.23e-13
 3.23286e+16	1.00e+00	7.87e-07	6.66e-14
 3.28855e+16	1.00e+00	5.82e-07	3.67e-14
 3.34806e+16	1.00e+00	4.23e-07	1.95e-14
 3.41235e+16	1.00e+00	3.03e-07	1.01e-14
 3.47857e+16	1.00e+00	2.17e-07	5.24e-15
 3.54679e+16	1.00e+00	1.56e-07	2.71e-15
 3.61672e+16	1.00e+00	1.12e-07	1.40e-15
 3.68734e+16	1.00e+00	8.06e-08	7.32e-16
 3.75797e+16	1.00e+00	5.88e-08	3.93e-16
 3.83219e+16	1.00e+00	4.23e-08	2.05e-16
 3.91120e+16	1.00e+00	3.01e-08	1.04e-16
 3.99219e+16	1.00e+00	2.15e-08	5.34e-17
 4.07520e+16	1.00e+00	1.54e-08	2.75e-17
 4.15945e+16	1.00e+00	1.10e-08	1.42e-17
 4.24570e+16	1.00e+00	7.88e-09	7.32e-18
 4.33527e+16	1.00e+00	5.61e-09	3.74e-18
 4.42617e+16	1.00e+00	4.02e-09	1.93e-18
 4.52034e+16	1.00e+00	2.85e-09	9.77e-19
 4.61923e+16	1.00e+00	2.01e-09	4.90e-19
 4.72059e+16	1.00e+00	1.42e-09	2.45e-19
 4.82449e+16	1.00e+00	9.97e-10	1.22e-19
 4.93046e+16	1.00e+00	7.02e-10	6.12e-20
 5.03911e+16	1.00e+00	4.92e-10	3.04e-20
 5.15157e+16	1.00e+00	3.44e-10	1.50e-20
 5.26684e+16	1.00e+00	2.40e-10	7.37e-21
 5.38442e+16	1.00e+00	1.67e-10	0.00e+00
 5.50375e+16	1.00e+00	1.16e-10	0.00e+00
 5.62367e+16	1.00e+00	8.13e-11	0.00e+00
 5.74789e+16	1.00e+00	5.63e-11	0.00e+00
 5.87705e+16	1.00e+00	3.89e-11	0.00e+00
 6.00946e+16	1.00e+00	2.68e-11	0.00e+00
 6.14660e+16	1.00e+00	1.82e-11	0.00e+00
 6.28716e+16	1.00e+00	1.22e-11	0.00e+00
 6.42975e+16	1.00e+00	8.41e-12	0.00e+00
 6.57597e+16	1.00e+00	5.72e-12	0.00e+00
 6.72661e+16	1.00e+00	3.86e-12	0.00e+00
 6.88023e+16	1.00e+00	2.59e-12	0.00e+00
 7.03358e+16	1.00e+00	1.76e-12	0.00e+00
 7.18767e+16	1.00e+00	1.21e-12	0.00e+00
 7.34428e+16	1.00e+00	8.30e-13	0.00e+00
 7.50089e+16	1.00e+00	5.73e-13	0.00e+00
 7.65750e+16	1.00e+00	3.95e-13	0.00e+00
 7.83760e+16	1.00e+00	2.61e-13	0.00e+00
 8.07173e+16	1.00e+00	1.54e-13	0.00e+00
 8.36815e+16	1.00e+00	8.06e-14	0.00e+00
 8.70288e+16	1.00e+00	4.03e-14	0.00e+00
 9.05100e+16	1.00e+00	2.02e-14	0.00e+00
 9.41304e+16	1.00e+00	1.02e-14	0.00e+00
 9.78957e+16	1.00e+00	5.11e-15	0.00e+00
 1.01812e+17	1.00e+00	2.58e-15	0.00e+00
 1.05884e+17	1.00e+00	1.32e-15	0.00e+00
 1.10119e+17	1.00e+00	6.87e-16	0.00e+00
 1.14524e+17	1.00e+00	3.67e-16	0.00e+00
 1.19105e+17	1.00e+00	2.06e-16	0.00e+00
 1.23869e+17	1.00e+00	1.25e-16	0.00e+00
 1.28824e+17	1.00e+00	8.33e-17	0.00e+00
 1.33977e+17	1.00e+00	6.08e-17	0.00e+00
 1.38926e+17	1.00e+00	5.03e-17	0.00e+00
 1.43532e+17	1.00e+00	4.68e-17	0.00e+00
 1.48236e+17	1.00e+00	4.46e-17	0.00e+00
 1.53195e+17	1.00e+00	4.25e-17	0.00e+00
 1.58315e+17	1.00e+00	4.06e-17	0.00e+00
 1.63530e+17	1.00e+00	3.94e-17	0.00e+00
 1.68851e+17	1.00e+00	3.85e-17	0.00e+00
 1.74278e+17	1.00e+00	3.76e-17	0.00e+00
 1.79788e+17	1.00e+00	3.69e-17	0.00e+00
 1.85358e+17	1.00e+00	3.62e-17	0.00e+00
 1.90965e+17	1.00e+00	3.57e-17	0.00e+00
 1.96583e+17	1.00e+00	3.52e-17	0.00e+00
 2.02190e+17	1.00e+00	3.49e-17	0.00e+00
 2.07750e+17	1.00e+00	3.46e-17	0.00e+00
 2.13235e+17	1.00e+00	3.44e-17	0.00e+00
 2.18624e+17	1.00e+00	3.43e-17	0.00e+00
 2.23877e+17	1.00e+00	3.44e-17	0.00e+00
 2.28970e+17	1.00e+00	3.45e-17	0.00e+00
 2.33891e+17	1.00e+00	3.47e-17	0.00e+00
 2.38614e+17	1.00e+00	3.50e-17	0.00e+00
 2.43126e+17	1.00e+00	3.53e-17	0.00e+00
 2.47424e+17	1.00e+00	3.57e-17	0.00e+00
 2.51508e+17	1.00e+00	3.62e-17	0.00e+00
 2.55374e+17	1.00e+00	3.66e-17	0.00e+00
 2.59022e+17	1.00e+00	3.70e-17	0.00e+00
 2.62462e+17	1.00e+00	3.75e-17	0.00e+00
 2.65707e+17	1.00e+00	3.80e-17	0.00e+00
 2.68767e+17	1.00e+00	3.84e-17	0.00e+00
 2.71653e+17	1.00e+00	3.88e-17	0.00e+00
 2.74373e+17	1.00e+00	3.91e-17	0.00e+00
 2.76935e+17	1.00e+00	3.95e-17	0.00e+00
 2.79348e+17	1.00e+00	3.98e-17	0.00e+00
 2.81621e+17	1.00e+00	4.01e-17	0.00e+00
 2.83766e+17	1.00e+00	4.04e-17	0.00e+00
 2.85790e+17	1.00e+00	4.07e-17	0.00e+00
 2.87700e+17	1.00e+00	4.09e-17	0.00e+00
 2.89504e+17	1.00e+00	4.11e-17	0.00e+00
 2.91208e+17	1.00e+00	4.14e-17	0.00e+00
 2.92818e+17	1.00e+00	4.15e-17	0.00e+00
 2.94340e+17	1.00e+00	4.17e-17	0.00e+00
 2.95781e+17	1.00e+00	4.19e-17	0.00e+00
 2.97145e+17	1.00e+00	4.20e-17	0.00e+00
 2.98437e+17	1.00e+00	4.22e-17	0.00e+00
 2.99661e+17	1.00e+00	4.23e-17	0.00e+00
 3.00821e+17	1.00e+00	4.24e-17	0.00e+00
 3.01922e+17	1.00e+00	4.25e-17	0.00e+00
 3.02966e+17	1.00e+00	4.26e-17	0.00e+00
 3.03958e+17	1.00e+00	4.27e-17	0.00e+00
 3.04901e+17	1.00e+00	4.28e-17	0.00e+00
 3.05797e+17	1.00e+00	4.29e-17	0.00e+00
 3.06649e+17	1.00e+00	4.30e-17	0.00e+00
 3.07460e+17	1.00e+00	4.30e-17	0.00e+00
 3.08232e+17	1.00e+00	4.31e-17	0.00e+00
 3.08968e+17	1.00e+00	4.32e-17	0.00e+00
 3.09670e+17	1.00e+00	4.32e-17	0.00e+00
 3.10340e+17	1.00e+00	4.33e-17	0.00e+00
 3.10980e+17	1.00e+00	4.33e-17	0.00e+00
 3.11591e+17	1.00e+00	4.34e-17	0.00e+00
 3.12176e+17	1.00e+00	4.34e-17	0.00e+00
 3.12737e+17	1.00e+00	4.34e-17	0.00e+00
 3.13275e+17	1.00e+00	4.35e-17	0.00e+00
 3.13791e+17	1.00e+00	4.35e-17	0.00e+00
 3.14287e+17	1.00e+00	4.35e-17	0.00e+00
 3.14765e+17	1.00e+00	4.35e-17	0.00e+00
 3.15226e+17	1.00e+00	4.36e-17	0.00e+00
 3.15671e+17	1.00e+00	4.36e-17	0.00e+00
 3.16103e+17	1.00e+00	4.36e-17	0.00e+00
 3.16521e+17	1.00e+00	4.36e-17	0.00e+00
 3.16927e+17	1.00e+00	4.36e-17	0.00e+00
 3.17324e+17	1.00e+00	4.36e-17	0.00e+00
 3.17712e+17	1.00e+00	4.36e-17	0.00e+00
 3.18092e+17	1.00e+00	4.36e-17	0.00e+00
 3.18467e+17	1.00e+00	4.36e-17	0.00e+00
 3.18837e+17	1.00e+00	4.36e-17	0.00e+00
 3.19205e+17	1.00e+00	4.36e-17	0.00e+00
 3.19573e+17	1.00e+00	4.36e-17	0.00e+00
 3.19942e+17	1.00e+00	4.36e-17	0.00e+00
 3.20314e+17	1.00e+00	4.36e-17	0.00e+00
 3.20694e+17	1.00e+00	4.36e-17	0.00e+00
 3.21083e+17	1.00e+00	4.36e-17	0.00e+00
 3.21486e+17	1.00e+00	4.35e-17	0.00e+00
 3.21908e+17	1.00e+00	4.35e-17	0.00e+00
 3.22355e+17	1.00e+00	4.34e-17	0.00e+00
 3.22835e+17	1.00e+00	4.34e-17	0.00e+00
 3.23359e+17	1.00e+00	4.33e-17	0.00e+00
 3.23940e+17	1.00e+00	4.32e-17	0.00e+00
 3.24597e+17	1.00e+00	4.30e-17	0.00e+00
 3.25360e+17	1.00e+00	4.28e-17	0.00e+00
 3.26267e+17	1.00e+00	4.25e-17	0.00e+00
 3.27377e+17	1.00e+00	4.21e-17	0.00e+00
 3.28782e+17	1.00e+00	4.14e-17	0.00e+00
 3.30598e+17	1.00e+00	4.04e-17	0.00e+00
 3.32959e+17	1.00e+00	3.88e-17	0.00e+00
 3.36029e+17	1.00e+00	3.65e-17	0.00e+00
 3.40019e+17	1.00e+00	3.34e-17	0.00e+00
 3.45206e+17	1.00e+00	2.94e-17	0.00e+00
 3.51950e+17	1.00e+00	2.45e-17	0.00e+00
 3.60716e+17	1.00e+00	1.93e-17	0.00e+00
 3.72112e+17	1.00e+00	1.40e-17	0.00e+00
 3.86125e+17	1.00e+00	8.99e-18	0.00e+00
 4.01570e+17	1.00e+00	6.10e-18	0.00e+00
 4.17633e+17	1.00e+00	5.11e-18	0.00e+00
 4.33655e+17	1.00e+00	4.29e-18	0.00e+00
 4.49254e+17	1.00e+00	4.25e-18	0.00e+00
 4.64746e+17	1.00e+00	3.90e-18	0.00e+00
 4.79814e+17	1.00e+00	3.50e-18	0.00e+00
 4.93860e+17	1.00e+00	3.39e-18	0.00e+00
 5.06552e+17	1.00e+00	3.46e-18	0.00e+00
 5.17860e+17	1.00e+00	3.57e-18	0.00e+00
 5.27926e+17	1.00e+00	3.61e-18	0.00e+00
 5.36858e+17	1.00e+00	3.53e-18	0.00e+00
 5.43843e+17	1.00e+00	3.41e-18	0.00e+00
 5.48078e+17	1.00e+00	3.75e-18	0.00e+00
 5.50266e+17	1.00e+00	4.13e-18	0.00e+00
 5.51470e+17	1.00e+00	4.35e-18	0.00e+00
 5.52193e+17	1.00e+00	4.47e-18	0.00e+00
 5.52655e+17	1.00e+00	4.54e-18	0.00e+00
 5.53062e+17	1.00e+00	4.58e-18	0.00e+00
 5.53502e+17	1.00e+00	4.61e-18	0.00e+00
 5.53924e+17	1.00e+00	4.64e-18	0.00e+00
 5.54289e+17	1.00e+00	4.66e-18	0.00e+00
 5.54622e+17	1.00e+00	4.67e-18	0.00e+00
 5.54953e+17	1.00e+00	4.68e-18	0.00e+00
 5.55273e+17	1.00e+00	4.68e-18	0.00e+00
 5.55575e+17	1.00e+00	4.68e-18	0.00e+00
 5.55855e+17	1.00e+00	4.68e-18	0.00e+00
 5.56111e+17	1.00e+00	4.68e-18	0.00e+00
 5.56337e+17	1.00e+00	4.67e-18	0.00e+00
 5.56550e+17	1.00e+00	4.67e-18	0.00e+00
 5.56774e+17	1.00e+00	4.66e-18	0.00e+00
 5.56991e+17	1.00e+00	4.65e-18	0.00e+00
 5.57186e+17	1.00e+00	4.65e-18	0.00e+00
 5.57369e+17	1.00e+00	4.66e-18	0.00e+00
 5.57558e+17	1.00e+00	4.67e-18	0.00e+00
 5.57745e+17	1.00e+00	4.62e-18	0.00e+00
 5.57913e+17	1.00e+00	4.67e-18	0.00e+00
 5.58071e+17	1.00e+00	4.80e-18	0.00e+00
 5.58227e+17	1.00e+00	4.96e-18	0.00e+00
 5.58382e+17	1.00e+00	4.85e-18	0.00e+00
 5.58534e+17	1.00e+00	4.97e-18	0.00e+00
 5.58683e+17	1.00e+00	5.02e-18	0.00e+00
 5.58831e+17	1.00e+00	5.16e-18	0.00e+00
 5.58970e+17	1.00e+00	5.15e-18	0.00e+00
 5.59103e+17	1.00e+00	7.09e-18	0.00e+00
 5.59243e+17	1.00e+00	5.96e-18	0.00e+00
 5.59389e+17	1.00e+00	5.35e-18	0.00e+00
 5.59528e+17	1.00e+00	5.08e-18	0.00e+00
 5.59660e+17	1.00e+00	6.83e-18	0.00e+00
 5.59792e+17	1.00e+00	6.16e-18	0.00e+00
 5.59934e+17	1.00e+00	7.07e-18	0.00e+00
 5.60079e+17	1.00e+00	4.73e-18	0.00e+00
 5.60213e+17	1.00e+00	6.08e-18	0.00e+00
 5.60348e+17	1.00e+00	6.08e-18	0.00e+00
 5.60488e+17	1.00e+00	5.76e-18	0.00e+00
 5.60632e+17	1.00e+00	5.10e-18	0.00e+00
 5.60776e+17	1.00e+00	5.08e-18	0.00e+00
 5.60917e+17	1.00e+00	4.96e-18	0.00e+00
 5.61067e+17	1.00e+00	5.58e-18	0.00e+00
 5.61225e+17	1.00e+00	4.39e-18	0.00e+00
 5.61377e+17	1.00e+00	4.51e-18	0.00e+00
 5.61536e+17	1.00e+00	4.64e-18	0.00e+00
 5.61704e+17	1.00e+00	4.24e-18	0.00e+00
 5.61866e+17	1.00e+00	4.25e-18	0.00e+00
 5.62031e+17	1.00e+00	4.31e-18	0.00e+00
 5.62196e+17	1.00e+00	4.14e-18	0.00e+00
 5.62366e+17	1.00e+00	4.26e-18	0.00e+00
 5.62556e+17	1.00e+00	4.04e-18	0.00e+00
 5.62743e+17	1.00e+00	3.99e-18	0.00e+00
 5.62921e+17	1.00e+00	3.98e-18	0.00e+00
 5.63107e+17	1.00e+00	3.97e-18	0.00e+00
 5.63304e+17	1.00e+00	3.90e-18	0.00e+00
 5.63510e+17	1.00e+00	3.86e-18	0.00e+00
 5.63724e+17	1.00e+00	3.81e-18	0.00e+00
 5.63934e+17	1.00e+00	3.77e-18	0.00e+00
 5.64146e+17	1.00e+00	3.74e-18	0.00e+00
 5.64364e+17	1.00e+00	3.70e-18	0.00e+00
 5.64591e+17	1.00e+00	3.65e-18	0.00e+00
 5.64825e+17	1.00e+00	3.61e-18	0.00e+00
 5.65057e+17	1.00e+00	3.57e-18	0.00e+00
 5.65306e+17	1.00e+00	3.52e-18	0.00e+00
 5.65574e+17	1.00e+00	3.47e-18	0.00e+00
 5.65829e+17	1.00e+00	3.41e-18	0.00e+00
 5.66074e+17	1.00e+00	3.37e-18	0.00e+00
 5.66339e+17	1.00e+00	3.32e-18	0.00e+00
 5.66628e+17	1.00e+00	3.26e-18	0.00e+00
 5.66912e+17	1.00e+00	3.20e-18	0.00e+00
 5.67189e+17	1.00e+00	3.15e-18	0.00e+00
 5.67483e+17	1.00e+00	3.10e-18	0.00e+00
 5.67797e+17	1.00e+00	3.04e-18	0.00e+00
 5.68117e+17	1.00e+00	2.97e-18	0.00e+00
 5.68428e+17	1.00e+00	2.91e-18	0.00e+00
 5.68734e+17	1.00e+00	2.85e-18	0.00e+00
 5.69062e+17	1.00e+00	2.79e-18	0.00e+00
 5.69417e+17	1.00e+00	2.72e-18	0.00e+00
 5.69776e+17	1.00e+00	2.65e-18	0.00e+00
 5.70126e+17	1.00e+00	2.58e-18	0.00e+00
 5.70479e+17	1.00e+00	2.52e-18	0.00e+00
 5.70846e+17	1.00e+00	2.45e-18	0.00e+00
 5.71230e+17	1.00e+00	2.38e-18	0.00e+00
 5.71618e+17	1.00e+00	2.31e-18	0.00e+00
 5.72012e+17	1.00e+00	2.24e-18	0.00e+00
 5.72413e+17	1.00e+00	2.16e-18	0.00e+00
 5.72827e+17	1.00e+00	2.09e-18	0.00e+00
 5.73246e+17	1.00e+00	2.02e-18	0.00e+00
 5.73672e+17	1.00e+00	1.94e-18	0.00e+00
 5.74111e+17	1.00e+00	1.87e-18	0.00e+00
 5.74553e+17	1.00e+00	1.80e-18	0.00e+00
 5.75003e+17	1.00e+00	1.72e-18	0.00e+00
 5.75467e+17	1.00e+00	1.65e-18	0.00e+00
 5.75938e+17	1.00e+00	1.56e-18	0.00e+00
 5.76433e+17	1.00e+00	1.49e-18	0.00e+00
 5.76943e+17	1.00e+00	1.41e-18	0.00e+00
 5.77439e+17	1.00e+00	1.34e-18	0.00e+00
 5.77942e+17	1.00e+00	1.27e-18	0.00e+00
 5.78477e+17	1.00e+00	1.20e-18	0.00e+00
 5.79030e+17	1.00e+00	1.14e-18	0.00e+00
 5.79606e+17	1.00e+00	1.07e-18	0.00e+00
 5.80197e+17	1.00e+00	9.96e-19	0.00e+00
 5.80780e+17	1.00e+00	9.31e-19	0.00e+00
 5.81374e+17	1.00e+00	8.70e-19	0.00e+00
 5.82011e+17	1.00e+00	8.09e-19	0.00e+00
 5.82659e+17	1.00e+00	7.46e-19	0.00e+00
 5.83244e+17	1.00e+00	6.90e-19	0.00e+00
 5.83752e+17	1.00e+00	6.45e-19	0.00e+00
 5.84213e+17	1.00e+00	6.08e-19	0.00e+00
 5.84657e+17	1.00e+00	5.74e-19	0.00e+00
 5.85091e+17	1.00e+00	5.42e-19	0.00e+00
 5.85506e+17	1.00e+00	5.12e-19	0.00e+00
 5.85899e+17	1.00e+00	4.85e-19	0.00e+00
 5.86271e+17	1.00e+00	4.60e-19	0.00e+00
 5.86629e+17	1.00e+00	4.29e-19	0.00e+00
 5.86973e+17	1.00e+00	4.09e-19	0.00e+00
 5.87305e+17	1.00e+00	3.90e-19	0.00e+00
 5.87623e+17	1.00e+00	3.72e-19	0.00e+00
 5.87927e+17	1.00e+00	3.56e-19	0.00e+00
 5.88220e+17	1.00e+00	3.40e-19	0.00e+00
 5.88503e+17	1.00e+00	3.26e-19	0.00e+00
 5.88775e+17	1.00e+00	3.12e-19	0.00e+00
 5.89036e+17	1.00e+00	2.99e-19	0.00e+00
 5.89287e+17	1.00e+00	2.87e-19	0.00e+00
 5.89530e+17	1.00e+00	2.76e-19	0.00e+00
 5.89766e+17	1.00e+00	2.65e-19	0.00e+00
 5.89994e+17	1.00e+00	2.56e-19	0.00e+00
 5.90214e+17	1.00e+00	2.46e-19	0.00e+00
 5.90427e+17	1.00e+00	2.37e-19	0.00e+00
 5.90634e+17	1.00e+00	2.29e-19	0.00e+00
 5.90836e+17	1.00e+00	2.21e-19	0.00e+00
 5.91032e+17	1.00e+00	2.13e-19	0.00e+00
 5.91223e+17	1.00e+00	2.06e-19	0.00e+00
 5.91409e+17	1.00e+00	1.99e-19	0.00e+00
 5.91592e+17	1.00e+00	1.92e-19	0.00e+00
 5.91770e+17	1.00e+00	1.86e-19	0.00e+00
 5.91945e+17	1.00e+00	1.80e-19	0.00e+00
 5.92117e+17	1.00e+00	1.74e-19	0.00e+00
 5.92312e+17	1.00e+00	1.69e-19	0.00e+00
 5.92566e+17	1.00e+00	1.62e-19	0.00e+00
 5.92896e+17	1.00e+00	1.53e-19	0.00e+00
 5.93326e+17	1.00e+00	1.42e-19	0.00e+00
 5.93884e+17	1.00e+00	1.29e-19	0.00e+00
 5.94595e+17	1.00e+00	1.14e-19	0.00e+00
 5.95370e+17	1.00e+00	9.70e-20	0.00e+00
 5.96065e+17	1.00e+00	8.30e-20	0.00e+00
 5.96650e+17	1.00e+00	7.32e-20	0.00e+00
 5.97187e+17	1.00e+00	6.56e-20	0.00e+00
 5.97736e+17	1.00e+00	5.89e-20	0.00e+00
 5.98310e+17	1.00e+00	5.25e-20	0.00e+00
 5.98889e+17	1.00e+00	4.66e-20	0.00e+00
 5.99459e+17	1.00e+00	4.14e-20	0.00e+00
 6.00026e+17	1.00e+00	3.69e-20	0.00e+00
 6.00600e+17	1.00e+00	3.29e-20	0.00e+00
 6.01191e+17	1.00e+00	2.92e-20	0.00e+00
 6.01800e+17	1.00e+00	2.58e-20	0.00e+00
 6.02430e+17	1.00e+00	2.27e-20	0.00e+00
