#depth	N	N+	N+2	N+3	N+4	N+5	N+6	N+7
 1.49634e+10	0.00e+00	7.17e-33	5.18e-24	6.67e-16	1.48e-08	9.97e-01	2.64e-03	0.00e+00
 4.54887e+10	1.63e-42	1.01e-32	6.71e-24	7.96e-16	1.61e-08	9.98e-01	2.42e-03	2.58e-09
 7.72350e+10	0.00e+00	1.42e-32	8.70e-24	9.50e-16	1.77e-08	9.98e-01	2.21e-03	0.00e+00
 1.10251e+11	3.81e-42	1.99e-32	1.13e-23	1.13e-15	1.93e-08	9.98e-01	2.02e-03	0.00e+00
 1.43175e+11	0.00e+00	2.76e-32	1.45e-23	1.34e-15	2.11e-08	9.98e-01	1.85e-03	0.00e+00
 1.77415e+11	8.61e-42	3.84e-32	1.86e-23	1.60e-15	2.31e-08	9.98e-01	1.70e-03	0.00e+00
 2.14439e+11	0.00e+00	5.42e-32	2.42e-23	1.92e-15	2.53e-08	9.98e-01	1.55e-03	0.00e+00
 2.52187e+11	2.00e-41	7.58e-32	3.13e-23	2.29e-15	2.77e-08	9.99e-01	1.41e-03	0.00e+00
 2.89230e+11	0.00e+00	1.04e-31	4.00e-23	2.71e-15	3.02e-08	9.99e-01	1.30e-03	0.00e+00
 3.28513e+11	4.43e-41	1.44e-31	5.13e-23	3.22e-15	3.30e-08	9.99e-01	1.19e-03	0.00e+00
 3.71580e+11	0.00e+00	2.03e-31	6.68e-23	3.86e-15	3.63e-08	9.99e-01	1.08e-03	0.00e+00
 4.16370e+11	1.04e-40	2.86e-31	8.69e-23	4.64e-15	3.99e-08	9.99e-01	9.87e-04	0.00e+00
 4.62951e+11	0.00e+00	4.03e-31	1.13e-22	5.57e-15	4.38e-08	9.99e-01	8.98e-04	0.00e+00
 5.11396e+11	2.41e-40	5.67e-31	1.47e-22	6.70e-15	4.83e-08	9.99e-01	8.18e-04	0.00e+00
 5.61779e+11	0.00e+00	7.97e-31	1.92e-22	8.06e-15	5.31e-08	9.99e-01	7.44e-04	0.00e+00
 6.07406e+11	5.28e-40	1.07e-30	2.42e-22	9.48e-15	5.78e-08	9.99e-01	6.84e-04	0.00e+00
 6.45522e+11	0.00e+00	1.36e-30	2.91e-22	1.08e-14	6.19e-08	9.99e-01	6.40e-04	0.00e+00
 6.87320e+11	9.68e-40	1.76e-30	3.55e-22	1.24e-14	6.66e-08	9.99e-01	5.95e-04	0.00e+00
 7.40128e+11	0.00e+00	2.39e-30	4.52e-22	1.47e-14	7.29e-08	9.99e-01	5.45e-04	0.00e+00
 7.95139e+11	2.07e-39	3.26e-30	5.76e-22	1.75e-14	7.98e-08	1.00e+00	4.99e-04	0.00e+00
 8.42195e+11	0.00e+00	4.21e-30	7.03e-22	2.02e-14	8.60e-08	1.00e+00	4.63e-04	0.00e+00
 8.91015e+11	3.86e-39	5.44e-30	8.59e-22	2.33e-14	9.27e-08	1.00e+00	4.30e-04	0.00e+00
 9.51944e+11	0.00e+00	7.39e-30	1.09e-21	2.76e-14	1.02e-07	1.00e+00	3.93e-04	0.00e+00
 1.01370e+12	8.07e-39	9.95e-30	1.38e-21	3.27e-14	1.11e-07	1.00e+00	3.60e-04	0.00e+00
 1.06736e+12	0.00e+00	1.28e-29	1.68e-21	3.76e-14	1.20e-07	1.00e+00	3.35e-04	0.00e+00
 1.12541e+12	1.50e-38	1.65e-29	2.06e-21	4.36e-14	1.29e-07	1.00e+00	3.10e-04	0.00e+00
 1.19634e+12	0.00e+00	2.24e-29	2.62e-21	5.18e-14	1.42e-07	1.00e+00	2.83e-04	0.00e+00
 1.26864e+12	3.11e-38	3.02e-29	3.32e-21	6.14e-14	1.55e-07	1.00e+00	2.59e-04	0.00e+00
 1.33470e+12	0.00e+00	3.92e-29	4.08e-21	7.13e-14	1.68e-07	1.00e+00	2.39e-04	0.00e+00
 1.40804e+12	5.97e-38	5.18e-29	5.09e-21	8.36e-14	1.83e-07	1.00e+00	2.20e-04	0.00e+00
 1.49344e+12	0.00e+00	7.06e-29	6.51e-21	9.99e-14	2.02e-07	1.00e+00	2.01e-04	0.00e+00
 1.57802e+12	1.24e-37	9.48e-29	8.21e-21	1.18e-13	2.21e-07	1.00e+00	1.83e-04	0.00e+00
 1.65881e+12	0.00e+00	1.24e-28	1.02e-20	1.38e-13	2.40e-07	1.00e+00	1.69e-04	0.00e+00
 1.74791e+12	2.43e-37	1.65e-28	1.28e-20	1.63e-13	2.62e-07	1.00e+00	1.55e-04	0.00e+00
 1.84776e+12	0.00e+00	2.24e-28	1.63e-20	1.94e-13	2.88e-07	1.00e+00	1.41e-04	0.00e+00
 1.94808e+12	5.03e-37	3.01e-28	2.05e-20	2.30e-13	3.15e-07	1.00e+00	1.29e-04	0.00e+00
 2.03798e+12	0.00e+00	3.89e-28	2.51e-20	2.65e-13	3.41e-07	1.00e+00	1.20e-04	0.00e+00
 2.11417e+12	8.81e-37	4.79e-28	2.96e-20	2.99e-13	3.64e-07	1.00e+00	1.12e-04	0.00e+00
 2.19632e+12	0.00e+00	5.96e-28	3.52e-20	3.39e-13	3.89e-07	1.00e+00	1.05e-04	0.00e+00
 2.30257e+12	1.60e-36	7.82e-28	4.37e-20	3.96e-13	4.23e-07	1.00e+00	9.69e-05	0.00e+00
 2.41340e+12	0.00e+00	1.03e-27	5.42e-20	4.62e-13	4.60e-07	1.00e+00	8.92e-05	0.00e+00
 2.50841e+12	2.93e-36	1.29e-27	6.49e-20	5.26e-13	4.92e-07	1.00e+00	8.33e-05	0.00e+00
 2.60964e+12	0.00e+00	1.63e-27	7.80e-20	6.00e-13	5.29e-07	1.00e+00	7.77e-05	0.00e+00
 2.73515e+12	5.47e-36	2.16e-27	9.73e-20	7.04e-13	5.75e-07	1.00e+00	7.15e-05	0.00e+00
 2.86407e+12	0.00e+00	2.84e-27	1.21e-19	8.23e-13	6.26e-07	1.00e+00	6.58e-05	0.00e+00
 2.98022e+12	1.03e-35	3.62e-27	1.46e-19	9.42e-13	6.72e-07	1.00e+00	6.13e-05	0.00e+00
 3.10794e+12	0.00e+00	4.68e-27	1.79e-19	1.09e-12	7.27e-07	1.00e+00	5.68e-05	0.00e+00
 3.24727e+12	1.95e-35	6.12e-27	2.21e-19	1.27e-12	7.88e-07	1.00e+00	5.24e-05	0.00e+00
 3.37382e+12	0.00e+00	7.75e-27	2.66e-19	1.45e-12	8.46e-07	1.00e+00	4.88e-05	0.00e+00
 3.51048e+12	3.51e-35	9.93e-27	3.23e-19	1.66e-12	9.10e-07	1.00e+00	4.54e-05	0.00e+00
 3.66406e+12	0.00e+00	1.30e-26	3.99e-19	1.93e-12	9.86e-07	1.00e+00	4.20e-05	0.00e+00
 3.80977e+12	6.57e-35	1.66e-26	4.84e-19	2.21e-12	1.06e-06	1.00e+00	3.90e-05	0.00e+00
 3.96929e+12	0.00e+00	2.16e-26	5.94e-19	2.56e-12	1.15e-06	1.00e+00	3.62e-05	0.00e+00
 4.14583e+12	1.27e-34	2.85e-26	7.39e-19	2.98e-12	1.24e-06	1.00e+00	3.34e-05	0.00e+00
 4.30985e+12	0.00e+00	3.66e-26	8.98e-19	3.42e-12	1.34e-06	1.00e+00	3.10e-05	0.00e+00
 4.48846e+12	2.38e-34	4.76e-26	1.10e-18	3.96e-12	1.45e-06	1.00e+00	2.88e-05	0.00e+00
 4.68858e+12	3.36e-34	6.32e-26	1.38e-18	4.63e-12	1.57e-06	1.00e+00	2.65e-05	0.00e+00
 4.87813e+12	4.62e-34	8.21e-26	1.69e-18	5.34e-12	1.69e-06	1.00e+00	2.46e-05	0.00e+00
 5.08284e+12	6.44e-34	1.08e-25	2.08e-18	6.19e-12	1.83e-06	1.00e+00	2.27e-05	0.00e+00
 5.31074e+12	9.19e-34	1.44e-25	2.61e-18	7.26e-12	1.99e-06	1.00e+00	2.09e-05	0.00e+00
 5.53036e+12	1.28e-33	1.89e-25	3.23e-18	8.41e-12	2.15e-06	1.00e+00	1.94e-05	0.00e+00
 5.76411e+12	1.80e-33	2.50e-25	4.00e-18	9.78e-12	2.33e-06	1.00e+00	1.79e-05	0.00e+00
 6.02460e+12	2.60e-33	3.36e-25	5.05e-18	1.15e-11	2.54e-06	1.00e+00	1.64e-05	0.00e+00
 6.28591e+12	3.71e-33	4.49e-25	6.32e-18	1.34e-11	2.75e-06	1.00e+00	1.52e-05	0.00e+00
 6.55766e+12	5.30e-33	6.00e-25	7.90e-18	1.57e-11	2.99e-06	1.00e+00	1.40e-05	0.00e+00
 6.84989e+12	7.66e-33	8.10e-25	9.96e-18	1.84e-11	3.25e-06	1.00e+00	1.29e-05	0.00e+00
 7.15382e+12	1.11e-32	1.09e-24	1.26e-17	2.16e-11	3.54e-06	1.00e+00	1.18e-05	0.00e+00
 7.45273e+12	1.58e-32	1.46e-24	1.57e-17	2.52e-11	3.83e-06	1.00e+00	1.09e-05	0.00e+00
 7.73047e+12	2.16e-32	1.88e-24	1.91e-17	2.89e-11	4.11e-06	1.00e+00	1.02e-05	0.00e+00
 7.98102e+12	2.85e-32	2.35e-24	2.27e-17	3.25e-11	4.37e-06	1.00e+00	9.59e-06	0.00e+00
 8.24960e+12	3.80e-32	2.97e-24	2.71e-17	3.68e-11	4.66e-06	1.00e+00	9.00e-06	0.00e+00
 8.58440e+12	5.38e-32	3.94e-24	3.37e-17	4.27e-11	5.03e-06	1.00e+00	8.34e-06	0.00e+00
 8.92022e+12	7.54e-32	5.18e-24	4.15e-17	4.93e-11	5.42e-06	1.00e+00	7.74e-06	0.00e+00
 9.20846e+12	1.00e-31	6.51e-24	4.94e-17	5.55e-11	5.76e-06	1.00e+00	7.28e-06	0.00e+00
 9.51991e+12	1.35e-31	8.28e-24	5.94e-17	6.29e-11	6.15e-06	1.00e+00	6.83e-06	0.00e+00
 9.90484e+12	1.92e-31	1.10e-23	7.39e-17	7.30e-11	6.64e-06	1.00e+00	6.33e-06	0.00e+00
 1.02903e+13	2.70e-31	1.45e-23	9.12e-17	8.43e-11	7.15e-06	1.00e+00	5.88e-06	0.00e+00
 1.06230e+13	3.61e-31	1.83e-23	1.09e-16	9.51e-11	7.60e-06	1.00e+00	5.53e-06	0.00e+00
 1.09823e+13	4.88e-31	2.34e-23	1.31e-16	1.08e-10	8.10e-06	1.00e+00	5.19e-06	0.00e+00
 1.14240e+13	6.98e-31	3.12e-23	1.63e-16	1.25e-10	8.74e-06	1.00e+00	4.81e-06	0.00e+00
 1.18697e+13	9.90e-31	4.14e-23	2.02e-16	1.45e-10	9.42e-06	1.00e+00	4.46e-06	0.00e+00
 1.22644e+13	1.34e-30	5.28e-23	2.43e-16	1.64e-10	1.00e-05	1.00e+00	4.19e-06	0.00e+00
 1.26958e+13	1.84e-30	6.83e-23	2.95e-16	1.87e-10	1.07e-05	1.00e+00	3.92e-06	0.00e+00
 1.32133e+13	2.67e-30	9.19e-23	3.70e-16	2.17e-10	1.16e-05	1.00e+00	3.63e-06	0.00e+00
 1.37292e+13	3.81e-30	1.22e-22	4.59e-16	2.52e-10	1.25e-05	1.00e+00	3.37e-06	0.00e+00
 1.41989e+13	5.22e-30	1.58e-22	5.56e-16	2.86e-10	1.33e-05	1.00e+00	3.16e-06	0.00e+00
 1.47221e+13	7.33e-30	2.07e-22	6.83e-16	3.28e-10	1.43e-05	1.00e+00	2.95e-06	0.00e+00
 1.53331e+13	1.07e-29	2.81e-22	8.61e-16	3.84e-10	1.54e-05	1.00e+00	2.73e-06	0.00e+00
 1.59355e+13	1.54e-29	3.76e-22	1.07e-15	4.45e-10	1.66e-05	1.00e+00	2.53e-06	0.00e+00
 1.65051e+13	2.15e-29	4.91e-22	1.31e-15	5.09e-10	1.78e-05	1.00e+00	2.36e-06	0.00e+00
 1.71383e+13	3.07e-29	6.54e-22	1.63e-15	5.88e-10	1.91e-05	1.00e+00	2.20e-06	0.00e+00
 1.78538e+13	4.53e-29	8.92e-22	2.06e-15	6.88e-10	2.07e-05	1.00e+00	2.03e-06	0.00e+00
 1.85718e+13	6.59e-29	1.21e-21	2.58e-15	8.01e-10	2.24e-05	1.00e+00	1.88e-06	0.00e+00
 1.93186e+13	9.59e-29	1.63e-21	3.24e-15	9.33e-10	2.42e-05	1.00e+00	1.74e-06	0.00e+00
 2.01213e+13	1.41e-28	2.22e-21	4.09e-15	1.09e-09	2.61e-05	1.00e+00	1.61e-06	0.00e+00
 2.08981e+13	2.03e-28	2.97e-21	5.09e-15	1.26e-09	2.82e-05	1.00e+00	1.50e-06	0.00e+00
 2.16279e+13	2.82e-28	3.87e-21	6.21e-15	1.44e-09	3.01e-05	1.00e+00	1.40e-06	0.00e+00
 2.24450e+13	4.01e-28	5.14e-21	7.69e-15	1.67e-09	3.24e-05	1.00e+00	1.30e-06	0.00e+00
 2.32688e+13	5.66e-28	6.77e-21	9.47e-15	1.92e-09	3.48e-05	1.00e+00	1.21e-06	0.00e+00
 2.39520e+13	7.47e-28	8.46e-21	1.12e-14	2.15e-09	3.68e-05	1.00e+00	1.14e-06	0.00e+00
 2.46748e+13	9.92e-28	1.06e-20	1.33e-14	2.41e-09	3.90e-05	1.00e+00	1.08e-06	0.00e+00
 2.56000e+13	1.41e-27	1.41e-20	1.65e-14	2.78e-09	4.20e-05	1.00e+00	1.00e-06	0.00e+00
 2.65710e+13	2.01e-27	1.87e-20	2.04e-14	3.22e-09	4.52e-05	1.00e+00	9.33e-07	0.00e+00
 2.74289e+13	2.72e-27	2.39e-20	2.46e-14	3.65e-09	4.81e-05	1.00e+00	0.00e+00	0.00e+00
 2.83572e+13	3.74e-27	3.09e-20	2.98e-14	4.16e-09	5.14e-05	1.00e+00	0.00e+00	0.00e+00
 2.94746e+13	5.39e-27	4.15e-20	3.73e-14	4.84e-09	5.55e-05	1.00e+00	0.00e+00	0.00e+00
 3.06069e+13	7.72e-27	5.54e-20	4.65e-14	5.61e-09	5.99e-05	1.00e+00	0.00e+00	0.00e+00
 3.16660e+13	1.07e-26	7.19e-20	5.67e-14	6.41e-09	6.41e-05	1.00e+00	0.00e+00	0.00e+00
 3.28441e+13	1.51e-26	9.51e-20	7.01e-14	7.40e-09	6.90e-05	1.00e+00	0.00e+00	0.00e+00
 3.40943e+13	2.15e-26	1.27e-19	8.71e-14	8.58e-09	7.44e-05	1.00e+00	0.00e+00	0.00e+00
 3.52055e+13	2.92e-26	1.62e-19	1.05e-13	9.74e-09	7.94e-05	1.00e+00	0.00e+00	0.00e+00
 3.64008e+13	4.01e-26	2.09e-19	1.28e-13	1.11e-08	8.49e-05	1.00e+00	0.00e+00	0.00e+00
 3.78329e+13	5.77e-26	2.80e-19	1.60e-13	1.29e-08	9.18e-05	1.00e+00	0.00e+00	0.00e+00
 3.92421e+13	8.16e-26	3.71e-19	1.98e-13	1.50e-08	9.89e-05	1.00e+00	0.00e+00	0.00e+00
 4.04969e+13	1.10e-25	4.72e-19	2.37e-13	1.69e-08	1.05e-04	1.00e+00	0.00e+00	0.00e+00
 4.18820e+13	1.51e-25	6.10e-19	2.89e-13	1.94e-08	1.13e-04	1.00e+00	0.00e+00	0.00e+00
 4.35332e+13	2.18e-25	8.20e-19	3.62e-13	2.26e-08	1.22e-04	1.00e+00	0.00e+00	0.00e+00
 4.51729e+13	3.09e-25	1.09e-18	4.49e-13	2.61e-08	1.32e-04	1.00e+00	0.00e+00	0.00e+00
 4.66726e+13	4.22e-25	1.40e-18	5.44e-13	2.97e-08	1.41e-04	1.00e+00	0.00e+00	0.00e+00
 4.83478e+13	5.89e-25	1.83e-18	6.68e-13	3.42e-08	1.51e-04	1.00e+00	0.00e+00	0.00e+00
 5.02955e+13	8.55e-25	2.48e-18	8.41e-13	4.00e-08	1.64e-04	1.00e+00	0.00e+00	0.00e+00
 5.22074e+13	1.22e-24	3.30e-18	1.05e-12	4.64e-08	1.77e-04	1.00e+00	0.00e+00	0.00e+00
 5.40157e+13	1.69e-24	4.28e-18	1.28e-12	5.32e-08	1.90e-04	1.00e+00	0.00e+00	0.00e+00
 5.60262e+13	2.38e-24	5.67e-18	1.58e-12	6.15e-08	2.05e-04	1.00e+00	0.00e+00	0.00e+00
 5.82972e+13	3.48e-24	7.69e-18	2.00e-12	7.20e-08	2.22e-04	1.00e+00	0.00e+00	0.00e+00
 6.04522e+13	4.92e-24	1.02e-17	2.47e-12	8.32e-08	2.39e-04	1.00e+00	0.00e+00	0.00e+00
 6.24139e+13	6.67e-24	1.30e-17	2.98e-12	9.45e-08	2.55e-04	1.00e+00	0.00e+00	0.00e+00
 6.46322e+13	9.31e-24	1.70e-17	3.66e-12	1.09e-07	2.74e-04	1.00e+00	0.00e+00	0.00e+00
 6.72188e+13	1.35e-23	2.31e-17	4.61e-12	1.27e-07	2.96e-04	1.00e+00	0.00e+00	0.00e+00
 6.97034e+13	1.92e-23	3.05e-17	5.70e-12	1.47e-07	3.19e-04	1.00e+00	0.00e+00	0.00e+00
 7.19550e+13	2.61e-23	3.91e-17	6.88e-12	1.66e-07	3.40e-04	1.00e+00	0.00e+00	0.00e+00
 7.40727e+13	3.44e-23	4.89e-17	8.16e-12	1.87e-07	3.61e-04	1.00e+00	0.00e+00	0.00e+00
 7.64141e+13	4.64e-23	6.22e-17	9.80e-12	2.11e-07	3.85e-04	1.00e+00	0.00e+00	0.00e+00
 7.90331e+13	6.42e-23	8.08e-17	1.20e-11	2.42e-07	4.12e-04	1.00e+00	0.00e+00	0.00e+00
 8.15113e+13	8.66e-23	1.03e-16	1.43e-11	2.73e-07	4.38e-04	1.00e+00	0.00e+00	0.00e+00
 8.42311e+13	1.19e-22	1.33e-16	1.74e-11	3.11e-07	4.69e-04	1.00e+00	0.00e+00	0.00e+00
 8.72731e+13	1.67e-22	1.75e-16	2.15e-11	3.59e-07	5.04e-04	9.99e-01	0.00e+00	0.00e+00
 9.01430e+13	2.29e-22	2.25e-16	2.60e-11	4.08e-07	5.38e-04	9.99e-01	0.00e+00	0.00e+00
 9.32827e+13	3.19e-22	2.94e-16	3.18e-11	4.68e-07	5.76e-04	9.99e-01	0.00e+00	0.00e+00
 9.67551e+13	4.54e-22	3.90e-16	3.95e-11	5.41e-07	6.21e-04	9.99e-01	0.00e+00	0.00e+00
 9.99665e+13	6.23e-22	5.03e-16	4.79e-11	6.16e-07	6.63e-04	9.99e-01	0.00e+00	0.00e+00
 1.03448e+14	8.67e-22	6.57e-16	5.86e-11	7.06e-07	7.11e-04	9.99e-01	0.00e+00	0.00e+00
 1.07335e+14	1.24e-21	8.76e-16	7.29e-11	8.18e-07	7.66e-04	9.99e-01	0.00e+00	0.00e+00
 1.10985e+14	1.71e-21	1.14e-15	8.88e-11	9.34e-07	8.20e-04	9.99e-01	0.00e+00	0.00e+00
 1.14964e+14	2.40e-21	1.49e-15	1.09e-10	1.08e-06	8.81e-04	9.99e-01	0.00e+00	0.00e+00
 1.19391e+14	3.46e-21	2.00e-15	1.37e-10	1.25e-06	9.51e-04	9.99e-01	0.00e+00	0.00e+00
 1.23532e+14	4.81e-21	2.61e-15	1.67e-10	1.43e-06	1.02e-03	9.99e-01	0.00e+00	0.00e+00
 1.28020e+14	6.76e-21	3.44e-15	2.06e-10	1.65e-06	1.10e-03	9.99e-01	0.00e+00	0.00e+00
 1.33034e+14	9.77e-21	4.63e-15	2.59e-10	1.93e-06	1.19e-03	9.99e-01	0.00e+00	0.00e+00
 1.37808e+14	1.37e-20	6.08e-15	3.19e-10	2.22e-06	1.28e-03	9.99e-01	0.00e+00	0.00e+00
 1.42910e+14	1.93e-20	8.04e-15	3.95e-10	2.56e-06	1.38e-03	9.99e-01	0.00e+00	0.00e+00
 1.48656e+14	2.80e-20	1.09e-14	4.98e-10	3.00e-06	1.49e-03	9.99e-01	0.00e+00	0.00e+00
 1.54332e+14	3.99e-20	1.45e-14	6.20e-10	3.49e-06	1.61e-03	9.98e-01	0.00e+00	0.00e+00
 1.60235e+14	5.67e-20	1.93e-14	7.73e-10	4.06e-06	1.75e-03	9.98e-01	0.00e+00	0.00e+00
 1.66488e+14	8.09e-20	2.58e-14	9.67e-10	4.73e-06	1.89e-03	9.98e-01	0.00e+00	0.00e+00
 1.71722e+14	1.08e-19	3.26e-14	1.16e-09	5.36e-06	2.02e-03	9.98e-01	0.00e+00	0.00e+00
 1.75761e+14	1.34e-19	3.88e-14	1.33e-09	5.88e-06	2.12e-03	9.98e-01	0.00e+00	0.00e+00
 1.80136e+14	1.68e-19	4.67e-14	1.53e-09	6.49e-06	2.23e-03	9.98e-01	0.00e+00	0.00e+00
 1.85822e+14	2.22e-19	5.89e-14	1.84e-09	7.36e-06	2.39e-03	9.98e-01	0.00e+00	0.00e+00
 1.91996e+14	2.99e-19	7.51e-14	2.22e-09	8.39e-06	2.56e-03	9.97e-01	0.00e+00	0.00e+00
 1.97574e+14	3.87e-19	9.29e-14	2.62e-09	9.42e-06	2.72e-03	9.97e-01	0.00e+00	0.00e+00
 2.03598e+14	5.07e-19	1.16e-13	3.12e-09	1.06e-05	2.91e-03	9.97e-01	0.00e+00	0.00e+00
 2.11157e+14	7.02e-19	1.52e-13	3.86e-09	1.23e-05	3.15e-03	9.97e-01	0.00e+00	0.00e+00
 2.18760e+14	9.60e-19	1.96e-13	4.74e-09	1.42e-05	3.40e-03	9.97e-01	0.00e+00	0.00e+00
 2.25229e+14	1.24e-18	2.43e-13	5.61e-09	1.60e-05	3.62e-03	9.96e-01	0.00e+00	0.00e+00
 2.32179e+14	1.61e-18	3.03e-13	6.69e-09	1.80e-05	3.88e-03	9.96e-01	0.00e+00	0.00e+00
 2.40845e+14	2.22e-18	3.95e-13	8.27e-09	2.09e-05	4.20e-03	9.96e-01	0.00e+00	0.00e+00
 2.49788e+14	3.04e-18	5.13e-13	1.02e-08	2.42e-05	4.56e-03	9.95e-01	0.00e+00	0.00e+00
 2.57762e+14	3.98e-18	6.43e-13	1.22e-08	2.75e-05	4.89e-03	9.95e-01	0.00e+00	0.00e+00
 2.66427e+14	5.26e-18	8.13e-13	1.48e-08	3.14e-05	5.26e-03	9.95e-01	0.00e+00	0.00e+00
 2.76766e+14	7.28e-18	1.07e-12	1.84e-08	3.66e-05	5.73e-03	9.94e-01	0.00e+00	0.00e+00
 2.86950e+14	9.88e-18	1.38e-12	2.27e-08	4.24e-05	6.22e-03	9.94e-01	0.00e+00	0.00e+00
 2.96107e+14	1.28e-17	1.72e-12	2.72e-08	4.81e-05	6.67e-03	9.93e-01	0.00e+00	0.00e+00
 3.06260e+14	1.71e-17	2.19e-12	3.31e-08	5.50e-05	7.20e-03	9.93e-01	0.00e+00	0.00e+00
 3.18254e+14	2.35e-17	2.87e-12	4.13e-08	6.42e-05	7.85e-03	9.92e-01	0.00e+00	0.00e+00
 3.30107e+14	3.19e-17	3.72e-12	5.10e-08	7.44e-05	8.53e-03	9.91e-01	0.00e+00	0.00e+00
 3.41059e+14	4.19e-17	4.68e-12	6.17e-08	8.48e-05	9.19e-03	9.91e-01	0.00e+00	0.00e+00
 3.53355e+14	5.62e-17	6.02e-12	7.57e-08	9.78e-05	9.95e-03	9.90e-01	0.00e+00	0.00e+00
 3.67519e+14	7.79e-17	7.95e-12	9.52e-08	1.15e-04	1.09e-02	9.89e-01	0.00e+00	0.00e+00
 3.81376e+14	1.06e-16	1.03e-11	1.18e-07	1.33e-04	1.18e-02	9.88e-01	0.00e+00	0.00e+00
 3.95788e+14	1.72e-16	1.34e-11	1.47e-07	1.54e-04	1.29e-02	9.87e-01	0.00e+00	0.00e+00
 4.11649e+14	2.41e-16	1.78e-11	1.85e-07	1.80e-04	1.41e-02	9.86e-01	0.00e+00	0.00e+00
 4.25062e+14	3.17e-16	2.23e-11	2.23e-07	2.05e-04	1.51e-02	9.85e-01	0.00e+00	0.00e+00
 4.34857e+14	3.85e-16	2.63e-11	2.55e-07	2.25e-04	1.59e-02	9.84e-01	0.00e+00	0.00e+00
 4.45135e+14	4.71e-16	3.11e-11	2.92e-07	2.47e-04	1.68e-02	9.83e-01	0.00e+00	0.00e+00
 4.58497e+14	6.07e-16	3.84e-11	3.48e-07	2.78e-04	1.80e-02	9.82e-01	0.00e+00	0.00e+00
 4.73238e+14	7.99e-16	4.82e-11	4.19e-07	3.15e-04	1.93e-02	9.80e-01	0.00e+00	0.00e+00
 4.86879e+14	1.02e-15	5.92e-11	4.96e-07	3.53e-04	2.06e-02	9.79e-01	0.00e+00	0.00e+00
 5.01718e+14	1.33e-15	7.36e-11	5.93e-07	3.99e-04	2.20e-02	9.78e-01	0.00e+00	0.00e+00
 5.18392e+14	1.76e-15	9.34e-11	7.21e-07	4.54e-04	2.37e-02	9.76e-01	0.00e+00	0.00e+00
 5.34259e+14	2.30e-15	1.16e-10	8.63e-07	5.13e-04	2.53e-02	9.74e-01	0.00e+00	0.00e+00
 5.51695e+14	3.04e-15	1.47e-10	1.04e-06	5.83e-04	2.72e-02	9.72e-01	0.00e+00	0.00e+00
 5.71194e+14	4.07e-15	1.90e-10	1.29e-06	6.70e-04	2.94e-02	9.70e-01	0.00e+00	0.00e+00
 5.89713e+14	5.38e-15	2.40e-10	1.56e-06	7.62e-04	3.16e-02	9.68e-01	0.00e+00	0.00e+00
 6.10122e+14	7.26e-15	3.09e-10	1.91e-06	8.73e-04	3.41e-02	9.65e-01	0.00e+00	0.00e+00
 6.33024e+14	1.01e-14	4.06e-10	2.39e-06	1.01e-03	3.70e-02	9.62e-01	0.00e+00	0.00e+00
 6.54680e+14	1.36e-14	5.21e-10	2.92e-06	1.16e-03	3.98e-02	9.59e-01	0.00e+00	0.00e+00
 6.78284e+14	1.87e-14	6.79e-10	3.62e-06	1.33e-03	4.30e-02	9.56e-01	0.00e+00	0.00e+00
 7.04558e+14	2.63e-14	9.04e-10	4.56e-06	1.55e-03	4.68e-02	9.52e-01	0.00e+00	0.00e+00
 7.29141e+14	3.58e-14	1.17e-09	5.61e-06	1.78e-03	5.04e-02	9.48e-01	0.00e+00	0.00e+00
 7.55593e+14	4.95e-14	1.53e-09	6.96e-06	2.06e-03	5.45e-02	9.43e-01	0.00e+00	0.00e+00
 7.85167e+14	7.01e-14	2.05e-09	8.79e-06	2.40e-03	5.92e-02	9.38e-01	0.00e+00	0.00e+00
 8.13609e+14	9.71e-14	2.69e-09	1.09e-05	2.76e-03	6.39e-02	9.33e-01	0.00e+00	0.00e+00
 8.43868e+14	1.36e-13	3.57e-09	1.37e-05	3.20e-03	6.91e-02	9.28e-01	0.00e+00	0.00e+00
 8.77653e+14	1.95e-13	4.81e-09	1.73e-05	3.74e-03	7.51e-02	9.21e-01	0.00e+00	0.00e+00
 9.06083e+14	2.61e-13	6.15e-09	2.11e-05	4.25e-03	8.05e-02	9.15e-01	0.00e+00	0.00e+00
 9.26511e+14	3.20e-13	7.30e-09	2.41e-05	4.65e-03	8.43e-02	9.11e-01	0.00e+00	0.00e+00
 9.47721e+14	3.95e-13	8.70e-09	2.77e-05	5.09e-03	8.84e-02	9.06e-01	0.00e+00	0.00e+00
 9.75294e+14	5.15e-13	1.08e-08	3.30e-05	5.70e-03	9.39e-02	9.00e-01	0.00e+00	0.00e+00
 1.00606e+15	6.86e-13	1.38e-08	3.99e-05	6.45e-03	1.00e-01	8.93e-01	0.00e+00	0.00e+00
 1.03488e+15	8.93e-13	1.72e-08	4.73e-05	7.22e-03	1.06e-01	8.87e-01	0.00e+00	0.00e+00
 1.06625e+15	1.18e-12	2.17e-08	5.68e-05	8.12e-03	1.13e-01	8.79e-01	0.00e+00	0.00e+00
 1.10134e+15	1.59e-12	2.78e-08	6.92e-05	9.23e-03	1.21e-01	8.70e-01	0.00e+00	0.00e+00
 1.13443e+15	2.10e-12	3.50e-08	8.28e-05	1.04e-02	1.28e-01	8.61e-01	0.00e+00	0.00e+00
 1.17061e+15	2.82e-12	4.47e-08	1.00e-04	1.17e-02	1.36e-01	8.52e-01	0.00e+00	0.00e+00
 1.21116e+15	3.86e-12	5.83e-08	1.23e-04	1.34e-02	1.46e-01	8.40e-01	0.00e+00	0.00e+00
 1.24961e+15	5.17e-12	7.43e-08	1.49e-04	1.52e-02	1.55e-01	8.30e-01	0.00e+00	0.00e+00
 1.29184e+15	7.05e-12	9.62e-08	1.82e-04	1.72e-02	1.66e-01	8.17e-01	0.00e+00	0.00e+00
 1.33892e+15	9.83e-12	1.27e-07	2.26e-04	1.98e-02	1.77e-01	8.03e-01	0.00e+00	0.00e+00
 1.38275e+15	1.32e-11	1.63e-07	2.74e-04	2.24e-02	1.88e-01	7.89e-01	0.00e+00	0.00e+00
 1.43018e+15	1.81e-11	2.12e-07	3.35e-04	2.55e-02	2.00e-01	7.74e-01	0.00e+00	0.00e+00
 1.48317e+15	2.53e-11	2.80e-07	4.17e-04	2.93e-02	2.14e-01	7.56e-01	0.00e+00	0.00e+00
 1.53275e+15	3.42e-11	3.60e-07	5.06e-04	3.31e-02	2.27e-01	7.40e-01	0.00e+00	0.00e+00
 1.58656e+15	4.70e-11	4.69e-07	6.21e-04	3.77e-02	2.41e-01	7.21e-01	0.00e+00	0.00e+00
 1.64377e+15	6.47e-11	6.14e-07	7.64e-04	4.29e-02	2.55e-01	7.01e-01	0.00e+00	0.00e+00
 1.69384e+15	8.49e-11	7.70e-07	9.10e-04	4.78e-02	2.68e-01	6.83e-01	0.00e+00	0.00e+00
 1.73687e+15	1.07e-10	9.32e-07	1.05e-03	5.24e-02	2.79e-01	6.67e-01	0.00e+00	0.00e+00
 1.78233e+15	1.35e-10	1.14e-06	1.22e-03	5.75e-02	2.91e-01	6.51e-01	0.00e+00	0.00e+00
 1.83367e+15	1.75e-10	1.41e-06	1.44e-03	6.35e-02	3.03e-01	6.32e-01	0.00e+00	0.00e+00
 1.88271e+15	2.22e-10	1.72e-06	1.67e-03	6.96e-02	3.15e-01	6.14e-01	0.00e+00	0.00e+00
 1.93652e+15	2.87e-10	2.12e-06	1.97e-03	7.68e-02	3.28e-01	5.94e-01	0.00e+00	0.00e+00
 1.99536e+15	3.75e-10	2.65e-06	2.33e-03	8.50e-02	3.41e-01	5.72e-01	0.00e+00	0.00e+00
 2.04939e+15	4.76e-10	3.23e-06	2.70e-03	9.29e-02	3.53e-01	5.52e-01	0.00e+00	0.00e+00
 2.10825e+15	6.14e-10	3.99e-06	3.16e-03	1.02e-01	3.65e-01	5.30e-01	0.00e+00	0.00e+00
 2.17385e+15	8.04e-10	4.99e-06	3.74e-03	1.13e-01	3.78e-01	5.06e-01	0.00e+00	0.00e+00
 2.23598e+15	1.03e-09	6.12e-06	4.35e-03	1.23e-01	3.89e-01	4.84e-01	0.00e+00	0.00e+00
 2.30454e+15	1.35e-09	7.63e-06	5.12e-03	1.35e-01	4.00e-01	4.60e-01	0.00e+00	0.00e+00
 2.37967e+15	1.78e-09	9.59e-06	6.06e-03	1.49e-01	4.12e-01	4.34e-01	0.00e+00	0.00e+00
 2.44844e+15	2.27e-09	1.17e-05	7.03e-03	1.62e-01	4.21e-01	4.11e-01	0.00e+00	0.00e+00
 2.52294e+15	2.95e-09	1.45e-05	8.23e-03	1.76e-01	4.30e-01	3.86e-01	0.00e+00	0.00e+00
 2.60480e+15	3.87e-09	1.81e-05	9.67e-03	1.92e-01	4.38e-01	3.60e-01	0.00e+00	0.00e+00
 2.68065e+15	4.92e-09	2.21e-05	1.12e-02	2.08e-01	4.43e-01	3.38e-01	0.00e+00	0.00e+00
 2.76368e+15	6.40e-09	2.73e-05	1.30e-02	2.25e-01	4.49e-01	3.13e-01	0.00e+00	0.00e+00
 2.85489e+15	8.37e-09	3.39e-05	1.52e-02	2.44e-01	4.52e-01	2.88e-01	0.00e+00	0.00e+00
 2.93905e+15	1.06e-08	4.11e-05	1.75e-02	2.62e-01	4.54e-01	2.67e-01	0.00e+00	0.00e+00
 3.01515e+15	1.31e-08	4.86e-05	1.97e-02	2.78e-01	4.54e-01	2.48e-01	0.00e+00	0.00e+00
 3.08482e+15	1.58e-08	5.65e-05	2.19e-02	2.93e-01	4.53e-01	2.32e-01	0.00e+00	0.00e+00
 3.16177e+15	1.94e-08	6.66e-05	2.46e-02	3.09e-01	4.51e-01	2.15e-01	0.00e+00	0.00e+00
 3.24555e+15	2.39e-08	7.87e-05	2.78e-02	3.27e-01	4.48e-01	1.97e-01	0.00e+00	0.00e+00
 3.32473e+15	2.90e-08	9.18e-05	3.09e-02	3.43e-01	4.44e-01	1.82e-01	0.00e+00	0.00e+00
 3.40131e+15	3.48e-08	1.06e-04	3.43e-02	3.59e-01	4.39e-01	1.68e-01	0.00e+00	0.00e+00
 3.48801e+15	4.30e-08	1.25e-04	3.84e-02	3.77e-01	4.32e-01	1.53e-01	0.00e+00	0.00e+00
 3.58421e+15	5.34e-08	1.48e-04	4.33e-02	3.95e-01	4.23e-01	1.38e-01	0.00e+00	0.00e+00
 3.67435e+15	6.50e-08	1.73e-04	4.81e-02	4.12e-01	4.14e-01	1.25e-01	0.00e+00	0.00e+00
 3.75737e+15	7.75e-08	1.99e-04	5.30e-02	4.28e-01	4.05e-01	1.14e-01	0.00e+00	0.00e+00
 3.84951e+15	9.50e-08	2.33e-04	5.89e-02	4.44e-01	3.94e-01	1.03e-01	0.00e+00	0.00e+00
 3.95241e+15	1.18e-07	2.75e-04	6.60e-02	4.62e-01	3.81e-01	9.10e-02	0.00e+00	0.00e+00
 4.04894e+15	1.42e-07	3.18e-04	7.30e-02	4.77e-01	3.68e-01	8.13e-02	0.00e+00	0.00e+00
 4.14021e+15	1.70e-07	3.65e-04	8.02e-02	4.91e-01	3.55e-01	7.29e-02	0.00e+00	0.00e+00
 4.24498e+15	2.12e-07	4.32e-04	8.95e-02	5.06e-01	3.40e-01	6.37e-02	0.00e+00	0.00e+00
 4.35653e+15	2.60e-07	5.05e-04	9.96e-02	5.21e-01	3.23e-01	5.55e-02	0.00e+00	0.00e+00
 4.45541e+15	3.13e-07	5.82e-04	1.10e-01	5.33e-01	3.08e-01	4.89e-02	0.00e+00	0.00e+00
 4.54745e+15	3.74e-07	6.66e-04	1.20e-01	5.42e-01	2.94e-01	4.32e-02	0.00e+00	0.00e+00
 4.63784e+15	4.43e-07	7.58e-04	1.30e-01	5.51e-01	2.80e-01	3.82e-02	0.00e+00	0.00e+00
 4.74108e+15	5.41e-07	8.81e-04	1.43e-01	5.59e-01	2.63e-01	3.30e-02	0.00e+00	0.00e+00
 4.84841e+15	6.60e-07	1.02e-03	1.58e-01	5.66e-01	2.47e-01	2.82e-02	0.00e+00	0.00e+00
 4.93799e+15	7.77e-07	1.16e-03	1.71e-01	5.71e-01	2.33e-01	2.47e-02	0.00e+00	0.00e+00
 5.03140e+15	9.32e-07	1.33e-03	1.86e-01	5.74e-01	2.17e-01	2.13e-02	0.00e+00	0.00e+00
 5.13244e+15	1.14e-06	1.54e-03	2.03e-01	5.76e-01	2.01e-01	1.81e-02	0.00e+00	0.00e+00
 5.21077e+15	1.30e-06	1.71e-03	2.17e-01	5.75e-01	1.89e-01	1.59e-02	0.00e+00	0.00e+00
 5.26801e+15	1.46e-06	1.86e-03	2.29e-01	5.74e-01	1.81e-01	1.44e-02	0.00e+00	0.00e+00
 5.33044e+15	1.66e-06	2.05e-03	2.42e-01	5.73e-01	1.71e-01	1.28e-02	0.00e+00	0.00e+00
 5.40035e+15	1.85e-06	2.23e-03	2.56e-01	5.70e-01	1.60e-01	1.13e-02	0.00e+00	0.00e+00
 5.47996e+15	2.27e-06	2.59e-03	2.76e-01	5.64e-01	1.47e-01	9.55e-03	0.00e+00	0.00e+00
 5.55300e+15	2.61e-06	2.87e-03	2.94e-01	5.59e-01	1.37e-01	8.28e-03	0.00e+00	0.00e+00
 5.60561e+15	2.91e-06	3.12e-03	3.07e-01	5.53e-01	1.29e-01	7.40e-03	0.00e+00	0.00e+00
 5.66211e+15	3.30e-06	3.41e-03	3.23e-01	5.47e-01	1.20e-01	6.51e-03	0.00e+00	0.00e+00
 5.73556e+15	3.95e-06	3.90e-03	3.45e-01	5.36e-01	1.09e-01	5.42e-03	0.00e+00	0.00e+00
 5.80510e+15	4.58e-06	4.34e-03	3.66e-01	5.26e-01	9.98e-02	4.59e-03	0.00e+00	0.00e+00
 5.85604e+15	5.10e-06	4.71e-03	3.81e-01	5.17e-01	9.28e-02	4.03e-03	0.00e+00	0.00e+00
 5.90875e+15	5.67e-06	5.10e-03	3.98e-01	5.07e-01	8.57e-02	3.50e-03	0.00e+00	0.00e+00
 5.97727e+15	6.95e-06	5.90e-03	4.23e-01	4.92e-01	7.61e-02	2.82e-03	0.00e+00	0.00e+00
 6.03982e+15	7.84e-06	6.45e-03	4.44e-01	4.78e-01	6.87e-02	2.36e-03	0.00e+00	0.00e+00
 6.08622e+15	9.21e-06	7.22e-03	4.63e-01	4.65e-01	6.25e-02	1.99e-03	0.00e+00	0.00e+00
 6.12765e+15	9.95e-06	7.66e-03	4.77e-01	4.55e-01	5.79e-02	1.74e-03	0.00e+00	0.00e+00
 6.17101e+15	1.12e-05	8.37e-03	4.94e-01	4.43e-01	5.27e-02	1.48e-03	0.00e+00	0.00e+00
 6.22738e+15	1.36e-05	9.58e-03	5.18e-01	4.25e-01	4.61e-02	1.17e-03	0.00e+00	0.00e+00
 6.28087e+15	1.54e-05	1.04e-02	5.38e-01	4.10e-01	4.09e-02	9.56e-04	0.00e+00	0.00e+00
 6.32383e+15	1.80e-05	1.17e-02	5.56e-01	3.95e-01	3.64e-02	7.79e-04	0.00e+00	0.00e+00
 6.36351e+15	1.98e-05	1.25e-02	5.71e-01	3.83e-01	3.29e-02	6.56e-04	0.00e+00	0.00e+00
 6.40571e+15	2.27e-05	1.38e-02	5.88e-01	3.69e-01	2.91e-02	5.32e-04	0.00e+00	0.00e+00
 6.46056e+15	2.81e-05	1.59e-02	6.11e-01	3.48e-01	2.43e-02	3.90e-04	0.00e+00	0.00e+00
 6.50420e+15	3.19e-05	1.74e-02	6.27e-01	3.34e-01	2.14e-02	3.13e-04	0.00e+00	0.00e+00
 6.52595e+15	3.42e-05	1.83e-02	6.35e-01	3.26e-01	1.99e-02	2.77e-04	0.00e+00	0.00e+00
 6.54688e+15	3.68e-05	1.93e-02	6.43e-01	3.19e-01	1.85e-02	2.44e-04	0.00e+00	0.00e+00
 6.57410e+15	3.99e-05	2.04e-02	6.53e-01	3.10e-01	1.68e-02	2.09e-04	0.00e+00	0.00e+00
 6.60947e+15	4.60e-05	2.25e-02	6.66e-01	2.96e-01	1.46e-02	1.64e-04	0.00e+00	0.00e+00
 6.64357e+15	5.16e-05	2.43e-02	6.78e-01	2.85e-01	1.29e-02	1.33e-04	0.00e+00	0.00e+00
 6.67024e+15	5.65e-05	2.59e-02	6.86e-01	2.76e-01	1.17e-02	1.12e-04	0.00e+00	0.00e+00
 6.69916e+15	6.28e-05	2.78e-02	6.96e-01	2.66e-01	1.03e-02	9.12e-05	0.00e+00	0.00e+00
 6.73676e+15	7.21e-05	3.05e-02	7.07e-01	2.53e-01	8.83e-03	6.96e-05	0.00e+00	0.00e+00
 6.77440e+15	8.23e-05	3.34e-02	7.18e-01	2.41e-01	7.54e-03	5.33e-05	0.00e+00	0.00e+00
 6.80399e+15	9.13e-05	3.59e-02	7.26e-01	2.32e-01	6.65e-03	4.31e-05	0.00e+00	0.00e+00
 6.83435e+15	1.02e-04	3.87e-02	7.34e-01	2.22e-01	5.78e-03	3.40e-05	0.00e+00	0.00e+00
 6.86860e+15	1.16e-04	4.21e-02	7.41e-01	2.11e-01	4.95e-03	2.61e-05	0.00e+00	0.00e+00
 6.90113e+15	1.30e-04	4.55e-02	7.48e-01	2.02e-01	4.26e-03	2.03e-05	0.00e+00	0.00e+00
 6.93140e+15	1.45e-04	4.90e-02	7.54e-01	1.93e-01	3.69e-03	1.60e-05	0.00e+00	0.00e+00
 6.96552e+15	1.65e-04	5.33e-02	7.61e-01	1.83e-01	3.12e-03	1.20e-05	0.00e+00	0.00e+00
 7.00229e+15	1.89e-04	5.83e-02	7.66e-01	1.72e-01	2.61e-03	8.91e-06	0.00e+00	0.00e+00
 7.03483e+15	2.12e-04	6.30e-02	7.71e-01	1.64e-01	2.23e-03	6.82e-06	0.00e+00	0.00e+00
 7.06485e+15	2.37e-04	6.78e-02	7.74e-01	1.56e-01	1.91e-03	5.30e-06	0.00e+00	0.00e+00
 7.09928e+15	2.70e-04	7.38e-02	7.78e-01	1.47e-01	1.60e-03	3.92e-06	0.00e+00	0.00e+00
 7.13694e+15	3.11e-04	8.09e-02	7.80e-01	1.37e-01	1.32e-03	2.84e-06	0.00e+00	0.00e+00
 7.17070e+15	3.53e-04	8.79e-02	7.82e-01	1.29e-01	1.10e-03	2.12e-06	0.00e+00	0.00e+00
 7.20142e+15	3.96e-04	9.47e-02	7.82e-01	1.22e-01	9.37e-04	1.62e-06	0.00e+00	0.00e+00
 7.23628e+15	4.53e-04	1.03e-01	7.82e-01	1.14e-01	7.73e-04	1.18e-06	0.00e+00	0.00e+00
 7.27452e+15	5.24e-04	1.13e-01	7.80e-01	1.05e-01	6.28e-04	8.36e-07	0.00e+00	0.00e+00
 7.30941e+15	6.01e-04	1.24e-01	7.77e-01	9.77e-02	5.16e-04	0.00e+00	0.00e+00	0.00e+00
 7.34077e+15	6.80e-04	1.34e-01	7.74e-01	9.12e-02	4.32e-04	0.00e+00	0.00e+00	0.00e+00
 7.37529e+15	7.81e-04	1.46e-01	7.69e-01	8.40e-02	3.51e-04	0.00e+00	0.00e+00	0.00e+00
 7.41314e+15	9.11e-04	1.61e-01	7.61e-01	7.66e-02	2.80e-04	0.00e+00	0.00e+00	0.00e+00
 7.44753e+15	1.05e-03	1.76e-01	7.53e-01	7.01e-02	2.27e-04	0.00e+00	0.00e+00	0.00e+00
 7.47923e+15	1.20e-03	1.91e-01	7.44e-01	6.42e-02	1.86e-04	0.00e+00	0.00e+00	0.00e+00
 7.51519e+15	1.40e-03	2.09e-01	7.31e-01	5.80e-02	1.47e-04	0.00e+00	0.00e+00	0.00e+00
 7.55518e+15	1.66e-03	2.32e-01	7.15e-01	5.12e-02	1.13e-04	0.00e+00	0.00e+00	0.00e+00
 7.59158e+15	1.95e-03	2.56e-01	6.97e-01	4.54e-02	8.73e-05	0.00e+00	0.00e+00	0.00e+00
 7.62405e+15	2.26e-03	2.79e-01	6.78e-01	4.04e-02	6.89e-05	0.00e+00	0.00e+00	0.00e+00
 7.66022e+15	2.66e-03	3.07e-01	6.55e-01	3.52e-02	5.24e-05	0.00e+00	0.00e+00	0.00e+00
 7.70724e+15	3.31e-03	3.47e-01	6.20e-01	2.90e-02	3.59e-05	0.00e+00	0.00e+00	0.00e+00
 7.75422e+15	4.15e-03	3.94e-01	5.78e-01	2.32e-02	2.40e-05	0.00e+00	0.00e+00	0.00e+00
 7.78921e+15	4.93e-03	4.33e-01	5.43e-01	1.93e-02	1.74e-05	0.00e+00	0.00e+00	0.00e+00
 7.81769e+15	5.69e-03	4.66e-01	5.12e-01	1.64e-02	1.31e-05	0.00e+00	0.00e+00	0.00e+00
 7.84959e+15	6.67e-03	5.05e-01	4.75e-01	1.35e-02	9.40e-06	0.00e+00	0.00e+00	0.00e+00
 7.89107e+15	8.20e-03	5.59e-01	4.23e-01	1.01e-02	5.89e-06	0.00e+00	0.00e+00	0.00e+00
 7.93246e+15	1.02e-02	6.16e-01	3.67e-01	7.31e-03	3.53e-06	0.00e+00	0.00e+00	0.00e+00
 7.96102e+15	1.19e-02	6.57e-01	3.25e-01	5.63e-03	2.38e-06	0.00e+00	0.00e+00	0.00e+00
 7.98008e+15	1.32e-02	6.84e-01	2.98e-01	4.69e-03	1.80e-06	0.00e+00	0.00e+00	0.00e+00
 7.99954e+15	1.47e-02	7.10e-01	2.71e-01	3.83e-03	1.34e-06	0.00e+00	0.00e+00	0.00e+00
 8.02483e+15	1.69e-02	7.44e-01	2.36e-01	2.90e-03	8.87e-07	0.00e+00	0.00e+00	0.00e+00
 8.05124e+15	1.95e-02	7.77e-01	2.01e-01	2.11e-03	0.00e+00	0.00e+00	0.00e+00	0.00e+00
 8.07253e+15	2.21e-02	8.03e-01	1.73e-01	1.58e-03	0.00e+00	0.00e+00	0.00e+00	0.00e+00
 8.08964e+15	2.44e-02	8.22e-01	1.52e-01	1.24e-03	0.00e+00	0.00e+00	0.00e+00	0.00e+00
 8.10791e+15	2.71e-02	8.41e-01	1.31e-01	9.35e-04	0.00e+00	0.00e+00	0.00e+00	0.00e+00
 8.12832e+15	3.06e-02	8.59e-01	1.10e-01	6.72e-04	0.00e+00	0.00e+00	0.00e+00	0.00e+00
 8.14698e+15	3.43e-02	8.73e-01	9.20e-02	4.85e-04	0.00e+00	0.00e+00	0.00e+00	0.00e+00
 8.16322e+15	3.80e-02	8.84e-01	7.80e-02	3.59e-04	0.00e+00	0.00e+00	0.00e+00	0.00e+00
 8.18082e+15	4.25e-02	8.93e-01	6.46e-02	2.55e-04	0.00e+00	0.00e+00	0.00e+00	0.00e+00
 8.19920e+15	4.80e-02	9.00e-01	5.21e-02	1.74e-04	0.00e+00	0.00e+00	0.00e+00	0.00e+00
 8.21463e+15	5.32e-02	9.04e-01	4.29e-02	1.23e-04	0.00e+00	0.00e+00	0.00e+00	0.00e+00
 8.22831e+15	5.85e-02	9.06e-01	3.59e-02	8.94e-05	0.00e+00	0.00e+00	0.00e+00	0.00e+00
 8.24370e+15	6.52e-02	9.06e-01	2.91e-02	6.15e-05	0.00e+00	0.00e+00	0.00e+00	0.00e+00
 8.26079e+15	7.36e-02	9.04e-01	2.27e-02	3.98e-05	0.00e+00	0.00e+00	0.00e+00	0.00e+00
 8.27633e+15	8.27e-02	8.99e-01	1.78e-02	2.61e-05	0.00e+00	0.00e+00	0.00e+00	0.00e+00
 8.28984e+15	9.15e-02	8.94e-01	1.43e-02	1.78e-05	0.00e+00	0.00e+00	0.00e+00	0.00e+00
 8.30312e+15	1.01e-01	8.87e-01	1.14e-02	1.20e-05	0.00e+00	0.00e+00	0.00e+00	0.00e+00
 8.31561e+15	1.11e-01	8.79e-01	9.14e-03	8.19e-06	0.00e+00	0.00e+00	0.00e+00	0.00e+00
 8.32619e+15	1.21e-01	8.72e-01	7.52e-03	5.84e-06	0.00e+00	0.00e+00	0.00e+00	0.00e+00
 8.33655e+15	1.31e-01	8.63e-01	6.19e-03	4.17e-06	0.00e+00	0.00e+00	0.00e+00	0.00e+00
 8.34698e+15	1.42e-01	8.53e-01	5.06e-03	2.94e-06	0.00e+00	0.00e+00	0.00e+00	0.00e+00
 8.35676e+15	1.53e-01	8.43e-01	4.17e-03	2.10e-06	0.00e+00	0.00e+00	0.00e+00	0.00e+00
 8.36554e+15	1.63e-01	8.33e-01	3.48e-03	1.54e-06	0.00e+00	0.00e+00	0.00e+00	0.00e+00
 8.37190e+15	1.70e-01	8.27e-01	3.06e-03	1.24e-06	0.00e+00	0.00e+00	0.00e+00	0.00e+00
 8.37602e+15	1.76e-01	8.21e-01	2.81e-03	1.07e-06	0.00e+00	0.00e+00	0.00e+00	0.00e+00
 8.38007e+15	1.82e-01	8.16e-01	2.57e-03	9.20e-07	0.00e+00	0.00e+00	0.00e+00	0.00e+00
 8.38495e+15	1.88e-01	8.10e-01	2.32e-03	0.00e+00	0.00e+00	0.00e+00	0.00e+00	0.00e+00
 8.39016e+15	1.95e-01	8.03e-01	2.07e-03	0.00e+00	0.00e+00	0.00e+00	0.00e+00	0.00e+00
 8.39510e+15	2.02e-01	7.96e-01	1.86e-03	0.00e+00	0.00e+00	0.00e+00	0.00e+00	0.00e+00
 8.39978e+15	2.09e-01	7.89e-01	1.68e-03	0.00e+00	0.00e+00	0.00e+00	0.00e+00	0.00e+00
 8.40446e+15	2.16e-01	7.83e-01	1.51e-03	0.00e+00	0.00e+00	0.00e+00	0.00e+00	0.00e+00
 8.40916e+15	2.23e-01	7.76e-01	1.36e-03	0.00e+00	0.00e+00	0.00e+00	0.00e+00	0.00e+00
 8.41385e+15	2.30e-01	7.68e-01	1.22e-03	0.00e+00	0.00e+00	0.00e+00	0.00e+00	0.00e+00
 8.41850e+15	2.38e-01	7.61e-01	1.10e-03	0.00e+00	0.00e+00	0.00e+00	0.00e+00	0.00e+00
 8.42315e+15	2.45e-01	7.54e-01	9.90e-04	0.00e+00	0.00e+00	0.00e+00	0.00e+00	0.00e+00
 8.42782e+15	2.53e-01	7.46e-01	8.89e-04	0.00e+00	0.00e+00	0.00e+00	0.00e+00	0.00e+00
 8.43237e+15	2.60e-01	7.39e-01	8.00e-04	0.00e+00	0.00e+00	0.00e+00	0.00e+00	0.00e+00
 8.43688e+15	2.68e-01	7.32e-01	7.20e-04	0.00e+00	0.00e+00	0.00e+00	0.00e+00	0.00e+00
 8.44148e+15	2.75e-01	7.24e-01	6.46e-04	0.00e+00	0.00e+00	0.00e+00	0.00e+00	0.00e+00
 8.44606e+15	2.83e-01	7.16e-01	5.80e-04	0.00e+00	0.00e+00	0.00e+00	0.00e+00	0.00e+00
 8.45061e+15	2.91e-01	7.08e-01	5.20e-04	0.00e+00	0.00e+00	0.00e+00	0.00e+00	0.00e+00
 8.45515e+15	3.00e-01	7.00e-01	4.67e-04	0.00e+00	0.00e+00	0.00e+00	0.00e+00	0.00e+00
 8.45971e+15	3.08e-01	6.91e-01	4.18e-04	0.00e+00	0.00e+00	0.00e+00	0.00e+00	0.00e+00
 8.46432e+15	3.16e-01	6.83e-01	3.74e-04	0.00e+00	0.00e+00	0.00e+00	0.00e+00	0.00e+00
 8.46888e+15	3.25e-01	6.75e-01	3.36e-04	0.00e+00	0.00e+00	0.00e+00	0.00e+00	0.00e+00
 8.47342e+15	3.34e-01	6.66e-01	3.01e-04	0.00e+00	0.00e+00	0.00e+00	0.00e+00	0.00e+00
 8.47803e+15	3.42e-01	6.57e-01	2.69e-04	0.00e+00	0.00e+00	0.00e+00	0.00e+00	0.00e+00
 8.48270e+15	3.51e-01	6.48e-01	2.40e-04	0.00e+00	0.00e+00	0.00e+00	0.00e+00	0.00e+00
 8.48741e+15	3.61e-01	6.39e-01	2.15e-04	0.00e+00	0.00e+00	0.00e+00	0.00e+00	0.00e+00
 8.49210e+15	3.71e-01	6.29e-01	1.92e-04	0.00e+00	0.00e+00	0.00e+00	0.00e+00	0.00e+00
 8.49677e+15	3.80e-01	6.19e-01	1.71e-04	0.00e+00	0.00e+00	0.00e+00	0.00e+00	0.00e+00
 8.50145e+15	3.90e-01	6.10e-01	1.53e-04	0.00e+00	0.00e+00	0.00e+00	0.00e+00	0.00e+00
 8.50616e+15	4.00e-01	6.00e-01	1.37e-04	0.00e+00	0.00e+00	0.00e+00	0.00e+00	0.00e+00
 8.51090e+15	4.11e-01	5.89e-01	1.22e-04	0.00e+00	0.00e+00	0.00e+00	0.00e+00	0.00e+00
 8.51565e+15	4.21e-01	5.78e-01	1.10e-04	0.00e+00	0.00e+00	0.00e+00	0.00e+00	0.00e+00
 8.52040e+15	4.32e-01	5.68e-01	9.83e-05	0.00e+00	0.00e+00	0.00e+00	0.00e+00	0.00e+00
 8.52521e+15	4.43e-01	5.57e-01	8.81e-05	0.00e+00	0.00e+00	0.00e+00	0.00e+00	0.00e+00
 8.53013e+15	4.55e-01	5.44e-01	7.88e-05	0.00e+00	0.00e+00	0.00e+00	0.00e+00	0.00e+00
 8.53514e+15	4.67e-01	5.33e-01	7.07e-05	0.00e+00	0.00e+00	0.00e+00	0.00e+00	0.00e+00
 8.54023e+15	4.80e-01	5.20e-01	6.32e-05	0.00e+00	0.00e+00	0.00e+00	0.00e+00	0.00e+00
 8.54546e+15	4.93e-01	5.07e-01	5.67e-05	0.00e+00	0.00e+00	0.00e+00	0.00e+00	0.00e+00
 8.55086e+15	5.07e-01	4.93e-01	5.07e-05	0.00e+00	0.00e+00	0.00e+00	0.00e+00	0.00e+00
 8.55647e+15	5.18e-01	4.82e-01	4.56e-05	0.00e+00	0.00e+00	0.00e+00	0.00e+00	0.00e+00
 8.56242e+15	5.36e-01	4.64e-01	4.05e-05	0.00e+00	0.00e+00	0.00e+00	0.00e+00	0.00e+00
 8.56861e+15	5.50e-01	4.50e-01	3.62e-05	0.00e+00	0.00e+00	0.00e+00	0.00e+00	0.00e+00
 8.57507e+15	5.66e-01	4.34e-01	3.24e-05	0.00e+00	0.00e+00	0.00e+00	0.00e+00	0.00e+00
 8.58210e+15	5.81e-01	4.19e-01	2.89e-05	0.00e+00	0.00e+00	0.00e+00	0.00e+00	0.00e+00
 8.58979e+15	5.99e-01	4.01e-01	2.57e-05	0.00e+00	0.00e+00	0.00e+00	0.00e+00	0.00e+00
 8.59816e+15	6.15e-01	3.85e-01	2.29e-05	0.00e+00	0.00e+00	0.00e+00	0.00e+00	0.00e+00
 8.60743e+15	6.36e-01	3.64e-01	2.02e-05	0.00e+00	0.00e+00	0.00e+00	0.00e+00	0.00e+00
 8.61771e+15	6.54e-01	3.45e-01	1.79e-05	0.00e+00	0.00e+00	0.00e+00	0.00e+00	0.00e+00
 8.62888e+15	6.72e-01	3.28e-01	1.60e-05	0.00e+00	0.00e+00	0.00e+00	0.00e+00	0.00e+00
 8.64021e+15	6.87e-01	3.13e-01	1.45e-05	0.00e+00	0.00e+00	0.00e+00	0.00e+00	0.00e+00
 8.65146e+15	7.01e-01	2.99e-01	1.32e-05	0.00e+00	0.00e+00	0.00e+00	0.00e+00	0.00e+00
 8.66370e+15	7.15e-01	2.85e-01	1.21e-05	0.00e+00	0.00e+00	0.00e+00	0.00e+00	0.00e+00
 8.67755e+15	7.28e-01	2.72e-01	1.10e-05	0.00e+00	0.00e+00	0.00e+00	0.00e+00	0.00e+00
 8.69286e+15	7.42e-01	2.58e-01	1.00e-05	0.00e+00	0.00e+00	0.00e+00	0.00e+00	0.00e+00
 8.70924e+15	7.56e-01	2.44e-01	9.09e-06	0.00e+00	0.00e+00	0.00e+00	0.00e+00	0.00e+00
 8.72647e+15	7.69e-01	2.31e-01	8.25e-06	0.00e+00	0.00e+00	0.00e+00	0.00e+00	0.00e+00
 8.74439e+15	7.81e-01	2.19e-01	7.49e-06	0.00e+00	0.00e+00	0.00e+00	0.00e+00	0.00e+00
 8.76276e+15	7.94e-01	2.06e-01	6.79e-06	0.00e+00	0.00e+00	0.00e+00	0.00e+00	0.00e+00
 8.78127e+15	8.06e-01	1.94e-01	6.15e-06	0.00e+00	0.00e+00	0.00e+00	0.00e+00	0.00e+00
 8.79971e+15	8.17e-01	1.83e-01	5.57e-06	0.00e+00	0.00e+00	0.00e+00	0.00e+00	0.00e+00
 8.81795e+15	8.28e-01	1.72e-01	5.05e-06	0.00e+00	0.00e+00	0.00e+00	0.00e+00	0.00e+00
 8.83592e+15	8.38e-01	1.62e-01	4.58e-06	0.00e+00	0.00e+00	0.00e+00	0.00e+00	0.00e+00
 8.85361e+15	8.48e-01	1.52e-01	4.15e-06	0.00e+00	0.00e+00	0.00e+00	0.00e+00	0.00e+00
 8.87098e+15	8.57e-01	1.42e-01	3.77e-06	0.00e+00	0.00e+00	0.00e+00	0.00e+00	0.00e+00
 8.88804e+15	8.67e-01	1.33e-01	3.41e-06	0.00e+00	0.00e+00	0.00e+00	0.00e+00	0.00e+00
 8.90521e+15	8.75e-01	1.25e-01	3.10e-06	0.00e+00	0.00e+00	0.00e+00	0.00e+00	0.00e+00
 8.92188e+15	8.83e-01	1.17e-01	2.81e-06	0.00e+00	0.00e+00	0.00e+00	0.00e+00	0.00e+00
 8.93793e+15	8.90e-01	1.10e-01	2.56e-06	0.00e+00	0.00e+00	0.00e+00	0.00e+00	0.00e+00
 8.95407e+15	8.97e-01	1.03e-01	2.32e-06	0.00e+00	0.00e+00	0.00e+00	0.00e+00	0.00e+00
 8.96991e+15	9.04e-01	9.64e-02	2.11e-06	0.00e+00	0.00e+00	0.00e+00	0.00e+00	0.00e+00
 8.98527e+15	9.10e-01	9.05e-02	1.93e-06	0.00e+00	0.00e+00	0.00e+00	0.00e+00	0.00e+00
 9.00028e+15	9.15e-01	8.49e-02	1.76e-06	0.00e+00	0.00e+00	0.00e+00	0.00e+00	0.00e+00
 9.01490e+15	9.20e-01	7.98e-02	1.61e-06	0.00e+00	0.00e+00	0.00e+00	0.00e+00	0.00e+00
 9.02927e+15	9.25e-01	7.50e-02	1.48e-06	0.00e+00	0.00e+00	0.00e+00	0.00e+00	0.00e+00
 9.04369e+15	9.30e-01	7.05e-02	1.35e-06	0.00e+00	0.00e+00	0.00e+00	0.00e+00	0.00e+00
 9.05809e+15	9.34e-01	6.61e-02	1.24e-06	0.00e+00	0.00e+00	0.00e+00	0.00e+00	0.00e+00
 9.07229e+15	9.38e-01	6.21e-02	1.13e-06	0.00e+00	0.00e+00	0.00e+00	0.00e+00	0.00e+00
 9.08627e+15	9.42e-01	5.84e-02	1.04e-06	0.00e+00	0.00e+00	0.00e+00	0.00e+00	0.00e+00
 9.10009e+15	9.45e-01	5.49e-02	9.54e-07	0.00e+00	0.00e+00	0.00e+00	0.00e+00	0.00e+00
 9.11379e+15	9.48e-01	5.16e-02	8.76e-07	0.00e+00	0.00e+00	0.00e+00	0.00e+00	0.00e+00
 9.12739e+15	9.51e-01	4.86e-02	8.05e-07	0.00e+00	0.00e+00	0.00e+00	0.00e+00	0.00e+00
 9.14089e+15	9.54e-01	4.57e-02	7.41e-07	0.00e+00	0.00e+00	0.00e+00	0.00e+00	0.00e+00
 9.15431e+15	9.57e-01	4.30e-02	6.82e-07	0.00e+00	0.00e+00	0.00e+00	0.00e+00	0.00e+00
 9.16767e+15	9.59e-01	4.05e-02	6.28e-07	0.00e+00	0.00e+00	0.00e+00	0.00e+00	0.00e+00
 9.18100e+15	9.62e-01	3.82e-02	5.79e-07	0.00e+00	0.00e+00	0.00e+00	0.00e+00	0.00e+00
 9.19431e+15	9.64e-01	3.60e-02	5.33e-07	0.00e+00	0.00e+00	0.00e+00	0.00e+00	0.00e+00
 9.20764e+15	9.66e-01	3.39e-02	4.92e-07	0.00e+00	0.00e+00	0.00e+00	0.00e+00	0.00e+00
 9.22102e+15	9.68e-01	3.19e-02	4.53e-07	0.00e+00	0.00e+00	0.00e+00	0.00e+00	0.00e+00
 9.23450e+15	9.70e-01	3.01e-02	4.18e-07	0.00e+00	0.00e+00	0.00e+00	0.00e+00	0.00e+00
 9.24830e+15	9.72e-01	2.83e-02	3.85e-07	0.00e+00	0.00e+00	0.00e+00	0.00e+00	0.00e+00
 9.26258e+15	9.73e-01	2.66e-02	3.54e-07	0.00e+00	0.00e+00	0.00e+00	0.00e+00	0.00e+00
 9.27722e+15	9.75e-01	2.50e-02	3.24e-07	0.00e+00	0.00e+00	0.00e+00	0.00e+00	0.00e+00
 9.29220e+15	9.76e-01	2.35e-02	2.97e-07	0.00e+00	0.00e+00	0.00e+00	0.00e+00	0.00e+00
 9.30767e+15	9.78e-01	2.20e-02	2.72e-07	0.00e+00	0.00e+00	0.00e+00	0.00e+00	0.00e+00
 9.32387e+15	9.79e-01	2.06e-02	2.48e-07	0.00e+00	0.00e+00	0.00e+00	0.00e+00	0.00e+00
 9.34104e+15	9.81e-01	1.93e-02	2.26e-07	0.00e+00	0.00e+00	0.00e+00	0.00e+00	0.00e+00
 9.35952e+15	9.82e-01	1.79e-02	2.04e-07	0.00e+00	0.00e+00	0.00e+00	0.00e+00	0.00e+00
 9.37983e+15	9.83e-01	1.66e-02	1.83e-07	0.00e+00	0.00e+00	0.00e+00	0.00e+00	0.00e+00
 9.40285e+15	9.85e-01	1.52e-02	1.62e-07	0.00e+00	0.00e+00	0.00e+00	0.00e+00	0.00e+00
 9.42904e+15	9.86e-01	1.38e-02	1.42e-07	0.00e+00	0.00e+00	0.00e+00	0.00e+00	0.00e+00
 9.45599e+15	9.87e-01	1.27e-02	1.25e-07	0.00e+00	0.00e+00	0.00e+00	0.00e+00	0.00e+00
 9.48098e+15	9.88e-01	1.17e-02	1.11e-07	0.00e+00	0.00e+00	0.00e+00	0.00e+00	0.00e+00
 9.50372e+15	9.89e-01	1.10e-02	1.01e-07	0.00e+00	0.00e+00	0.00e+00	0.00e+00	0.00e+00
 9.52442e+15	9.90e-01	1.04e-02	9.24e-08	0.00e+00	0.00e+00	0.00e+00	0.00e+00	0.00e+00
 9.54325e+15	9.90e-01	9.85e-03	8.56e-08	0.00e+00	0.00e+00	0.00e+00	0.00e+00	0.00e+00
 9.56039e+15	9.91e-01	9.43e-03	8.00e-08	0.00e+00	0.00e+00	0.00e+00	0.00e+00	0.00e+00
 9.57598e+15	9.91e-01	9.08e-03	7.54e-08	0.00e+00	0.00e+00	0.00e+00	0.00e+00	0.00e+00
 9.59017e+15	9.91e-01	8.77e-03	7.14e-08	0.00e+00	0.00e+00	0.00e+00	0.00e+00	0.00e+00
 9.60309e+15	9.91e-01	8.52e-03	6.82e-08	0.00e+00	0.00e+00	0.00e+00	0.00e+00	0.00e+00
