#depth	O	O+	O+2	O+3	O+4	O+5	O+6	O+7	O+8	O[1]	O[2]	O[3]
 1.49634e+10	0.00e+00	0.00e+00	1.12e-29	2.01e-21	5.16e-14	1.68e-07	1.00e+00	0.00e+00	0.00e+00	0.00e+00	0.00e+00	0.00e+00
 4.54887e+10	0.00e+00	1.18e-38	1.57e-29	2.59e-21	6.15e-14	1.83e-07	1.00e+00	4.27e-08	0.00e+00	0.00e+00	0.00e+00	0.00e+00
 7.72350e+10	0.00e+00	0.00e+00	2.19e-29	3.34e-21	7.33e-14	2.01e-07	1.00e+00	0.00e+00	0.00e+00	0.00e+00	0.00e+00	0.00e+00
 1.10251e+11	0.00e+00	2.69e-38	3.06e-29	4.32e-21	8.74e-14	2.19e-07	1.00e+00	0.00e+00	0.00e+00	0.00e+00	0.00e+00	0.00e+00
 1.43175e+11	0.00e+00	0.00e+00	4.21e-29	5.51e-21	1.03e-13	2.39e-07	1.00e+00	0.00e+00	0.00e+00	0.00e+00	0.00e+00	0.00e+00
 1.77415e+11	0.00e+00	5.94e-38	5.82e-29	7.07e-21	1.23e-13	2.61e-07	1.00e+00	0.00e+00	0.00e+00	0.00e+00	0.00e+00	0.00e+00
 2.14439e+11	0.00e+00	0.00e+00	8.14e-29	9.15e-21	1.47e-13	2.87e-07	1.00e+00	0.00e+00	0.00e+00	0.00e+00	0.00e+00	0.00e+00
 2.52187e+11	0.00e+00	1.35e-37	1.13e-28	1.18e-20	1.75e-13	3.14e-07	1.00e+00	0.00e+00	0.00e+00	0.00e+00	0.00e+00	0.00e+00
 2.89230e+11	0.00e+00	0.00e+00	1.54e-28	1.50e-20	2.07e-13	3.42e-07	1.00e+00	0.00e+00	0.00e+00	0.00e+00	0.00e+00	0.00e+00
 3.28513e+11	0.00e+00	2.91e-37	2.12e-28	1.91e-20	2.45e-13	3.74e-07	1.00e+00	0.00e+00	0.00e+00	0.00e+00	0.00e+00	0.00e+00
 3.71580e+11	0.00e+00	0.00e+00	2.96e-28	2.48e-20	2.94e-13	4.10e-07	1.00e+00	0.00e+00	0.00e+00	0.00e+00	0.00e+00	0.00e+00
 4.16370e+11	0.00e+00	6.60e-37	4.13e-28	3.21e-20	3.52e-13	4.51e-07	1.00e+00	0.00e+00	0.00e+00	0.00e+00	0.00e+00	0.00e+00
 4.62951e+11	0.00e+00	0.00e+00	5.76e-28	4.15e-20	4.23e-13	4.96e-07	1.00e+00	0.00e+00	0.00e+00	0.00e+00	0.00e+00	0.00e+00
 5.11396e+11	0.00e+00	1.49e-36	8.03e-28	5.38e-20	5.07e-13	5.46e-07	1.00e+00	0.00e+00	0.00e+00	0.00e+00	0.00e+00	0.00e+00
 5.61779e+11	7.12e-46	2.23e-36	1.12e-27	6.96e-20	6.09e-13	6.01e-07	1.00e+00	0.00e+00	0.00e+00	0.00e+00	0.00e+00	0.00e+00
 6.07406e+11	0.00e+00	0.00e+00	1.49e-27	8.72e-20	7.14e-13	6.53e-07	1.00e+00	0.00e+00	0.00e+00	0.00e+00	0.00e+00	0.00e+00
 6.45522e+11	0.00e+00	4.20e-36	1.88e-27	1.05e-19	8.13e-13	6.99e-07	1.00e+00	0.00e+00	0.00e+00	0.00e+00	0.00e+00	0.00e+00
 6.87320e+11	2.17e-45	5.67e-36	2.41e-27	1.27e-19	9.33e-13	7.52e-07	1.00e+00	0.00e+00	0.00e+00	0.00e+00	0.00e+00	0.00e+00
 7.40128e+11	0.00e+00	0.00e+00	3.26e-27	1.61e-19	1.10e-12	8.23e-07	1.00e+00	0.00e+00	0.00e+00	0.00e+00	0.00e+00	0.00e+00
 7.95139e+11	0.00e+00	1.18e-35	4.40e-27	2.04e-19	1.31e-12	9.00e-07	1.00e+00	0.00e+00	0.00e+00	0.00e+00	0.00e+00	0.00e+00
 8.42195e+11	7.39e-45	1.59e-35	5.64e-27	2.47e-19	1.51e-12	9.70e-07	1.00e+00	0.00e+00	0.00e+00	0.00e+00	0.00e+00	0.00e+00
 8.91015e+11	0.00e+00	0.00e+00	7.23e-27	3.01e-19	1.73e-12	1.05e-06	1.00e+00	0.00e+00	0.00e+00	0.00e+00	0.00e+00	0.00e+00
 9.51944e+11	0.00e+00	3.07e-35	9.74e-27	3.81e-19	2.05e-12	1.15e-06	1.00e+00	0.00e+00	0.00e+00	0.00e+00	0.00e+00	0.00e+00
 1.01370e+12	2.45e-44	4.35e-35	1.30e-26	4.79e-19	2.42e-12	1.25e-06	1.00e+00	0.00e+00	0.00e+00	0.00e+00	0.00e+00	0.00e+00
 1.06736e+12	0.00e+00	5.82e-35	1.66e-26	5.81e-19	2.79e-12	1.35e-06	1.00e+00	0.00e+00	0.00e+00	0.00e+00	0.00e+00	0.00e+00
 1.12541e+12	4.96e-44	7.88e-35	2.13e-26	7.10e-19	3.22e-12	1.46e-06	1.00e+00	0.00e+00	0.00e+00	0.00e+00	0.00e+00	0.00e+00
 1.19634e+12	0.00e+00	1.13e-34	2.87e-26	8.99e-19	3.82e-12	1.60e-06	1.00e+00	0.00e+00	0.00e+00	0.00e+00	0.00e+00	0.00e+00
 1.26864e+12	1.14e-43	1.59e-34	3.84e-26	1.13e-18	4.51e-12	1.75e-06	1.00e+00	0.00e+00	0.00e+00	0.00e+00	0.00e+00	0.00e+00
 1.33470e+12	0.00e+00	2.16e-34	4.95e-26	1.39e-18	5.23e-12	1.90e-06	1.00e+00	0.00e+00	0.00e+00	0.00e+00	0.00e+00	0.00e+00
 1.40804e+12	2.40e-43	2.99e-34	6.50e-26	1.72e-18	6.11e-12	2.06e-06	1.00e+00	0.00e+00	0.00e+00	0.00e+00	0.00e+00	0.00e+00
 1.49344e+12	0.00e+00	4.30e-34	8.81e-26	2.19e-18	7.28e-12	2.27e-06	1.00e+00	0.00e+00	0.00e+00	0.00e+00	0.00e+00	0.00e+00
 1.57802e+12	5.53e-43	6.07e-34	1.17e-25	2.76e-18	8.59e-12	2.48e-06	1.00e+00	0.00e+00	0.00e+00	0.00e+00	0.00e+00	0.00e+00
 1.65881e+12	0.00e+00	8.33e-34	1.53e-25	3.41e-18	1.00e-11	2.70e-06	1.00e+00	0.00e+00	0.00e+00	0.00e+00	0.00e+00	0.00e+00
 1.74791e+12	1.19e-42	1.16e-33	2.03e-25	4.27e-18	1.18e-11	2.95e-06	1.00e+00	0.00e+00	0.00e+00	0.00e+00	0.00e+00	0.00e+00
 1.84776e+12	0.00e+00	1.67e-33	2.74e-25	5.43e-18	1.40e-11	3.24e-06	1.00e+00	0.00e+00	0.00e+00	0.00e+00	0.00e+00	0.00e+00
 1.94808e+12	2.74e-42	2.36e-33	3.66e-25	6.84e-18	1.65e-11	3.54e-06	1.00e+00	0.00e+00	0.00e+00	0.00e+00	0.00e+00	0.00e+00
 2.03798e+12	0.00e+00	3.19e-33	4.71e-25	8.36e-18	1.90e-11	3.83e-06	1.00e+00	0.00e+00	0.00e+00	0.00e+00	0.00e+00	0.00e+00
 2.11417e+12	5.21e-42	4.08e-33	5.79e-25	9.85e-18	2.14e-11	4.08e-06	1.00e+00	0.00e+00	0.00e+00	0.00e+00	0.00e+00	0.00e+00
 2.19632e+12	0.00e+00	5.28e-33	7.18e-25	1.17e-17	2.42e-11	4.36e-06	1.00e+00	0.00e+00	0.00e+00	0.00e+00	0.00e+00	0.00e+00
 2.30257e+12	1.03e-41	7.29e-33	9.40e-25	1.45e-17	2.82e-11	4.74e-06	1.00e+00	0.00e+00	0.00e+00	0.00e+00	0.00e+00	0.00e+00
 2.41340e+12	0.00e+00	1.01e-32	1.23e-24	1.80e-17	3.29e-11	5.16e-06	1.00e+00	0.00e+00	0.00e+00	0.00e+00	0.00e+00	0.00e+00
 2.50841e+12	2.07e-41	1.32e-32	1.54e-24	2.15e-17	3.73e-11	5.53e-06	1.00e+00	0.00e+00	0.00e+00	0.00e+00	0.00e+00	0.00e+00
 2.60964e+12	0.00e+00	1.74e-32	1.95e-24	2.59e-17	4.25e-11	5.93e-06	1.00e+00	0.00e+00	0.00e+00	0.00e+00	0.00e+00	0.00e+00
 2.73515e+12	4.26e-41	2.43e-32	2.57e-24	3.22e-17	4.97e-11	6.45e-06	1.00e+00	0.00e+00	0.00e+00	0.00e+00	0.00e+00	0.00e+00
 2.86407e+12	0.00e+00	3.38e-32	3.39e-24	4.01e-17	5.80e-11	7.02e-06	1.00e+00	0.00e+00	0.00e+00	0.00e+00	0.00e+00	0.00e+00
 2.98022e+12	8.82e-41	4.51e-32	4.31e-24	4.85e-17	6.62e-11	7.54e-06	1.00e+00	0.00e+00	0.00e+00	0.00e+00	0.00e+00	0.00e+00
 3.10794e+12	0.00e+00	6.12e-32	5.56e-24	5.93e-17	7.63e-11	8.15e-06	1.00e+00	0.00e+00	0.00e+00	0.00e+00	0.00e+00	0.00e+00
 3.24727e+12	1.84e-40	8.44e-32	7.27e-24	7.34e-17	8.86e-11	8.83e-06	1.00e+00	0.00e+00	0.00e+00	0.00e+00	0.00e+00	0.00e+00
 3.37382e+12	0.00e+00	1.12e-31	9.20e-24	8.85e-17	1.01e-10	9.48e-06	1.00e+00	0.00e+00	0.00e+00	0.00e+00	0.00e+00	0.00e+00
 3.51048e+12	3.64e-40	1.51e-31	1.18e-23	1.08e-16	1.16e-10	1.02e-05	1.00e+00	0.00e+00	0.00e+00	0.00e+00	0.00e+00	0.00e+00
 3.66406e+12	0.00e+00	2.08e-31	1.54e-23	1.33e-16	1.34e-10	1.11e-05	1.00e+00	0.00e+00	0.00e+00	0.00e+00	0.00e+00	0.00e+00
 3.80977e+12	7.53e-40	2.80e-31	1.97e-23	1.61e-16	1.54e-10	1.19e-05	1.00e+00	0.00e+00	0.00e+00	0.00e+00	0.00e+00	0.00e+00
 3.96929e+12	0.00e+00	3.83e-31	2.56e-23	1.98e-16	1.77e-10	1.28e-05	1.00e+00	0.00e+00	0.00e+00	0.00e+00	0.00e+00	0.00e+00
 4.14583e+12	1.62e-39	5.36e-31	3.38e-23	2.47e-16	2.06e-10	1.39e-05	1.00e+00	0.00e+00	0.00e+00	0.00e+00	0.00e+00	0.00e+00
 4.30985e+12	0.00e+00	7.25e-31	4.35e-23	3.00e-16	2.36e-10	1.50e-05	1.00e+00	0.00e+00	0.00e+00	0.00e+00	0.00e+00	0.00e+00
 4.48846e+12	3.36e-39	9.97e-31	5.66e-23	3.69e-16	2.73e-10	1.62e-05	1.00e+00	0.00e+00	0.00e+00	0.00e+00	0.00e+00	0.00e+00
 4.68858e+12	0.00e+00	1.40e-30	7.52e-23	4.62e-16	3.18e-10	1.76e-05	1.00e+00	0.00e+00	0.00e+00	0.00e+00	0.00e+00	0.00e+00
 4.87813e+12	7.31e-39	1.93e-30	9.77e-23	5.67e-16	3.66e-10	1.90e-05	1.00e+00	0.00e+00	0.00e+00	0.00e+00	0.00e+00	0.00e+00
 5.08284e+12	0.00e+00	2.68e-30	1.28e-22	7.01e-16	4.24e-10	2.05e-05	1.00e+00	0.00e+00	0.00e+00	0.00e+00	0.00e+00	0.00e+00
 5.31074e+12	1.63e-38	3.81e-30	1.72e-22	8.81e-16	4.96e-10	2.23e-05	1.00e+00	0.00e+00	0.00e+00	0.00e+00	0.00e+00	0.00e+00
 5.53036e+12	0.00e+00	5.30e-30	2.26e-22	1.09e-15	5.74e-10	2.41e-05	1.00e+00	0.00e+00	0.00e+00	0.00e+00	0.00e+00	0.00e+00
 5.76411e+12	3.59e-38	7.45e-30	2.99e-22	1.36e-15	6.66e-10	2.61e-05	1.00e+00	0.00e+00	0.00e+00	0.00e+00	0.00e+00	0.00e+00
 6.02460e+12	0.00e+00	1.07e-29	4.03e-22	1.71e-15	7.82e-10	2.84e-05	1.00e+00	0.00e+00	0.00e+00	0.00e+00	0.00e+00	0.00e+00
 6.28591e+12	8.37e-38	1.52e-29	5.39e-22	2.15e-15	9.12e-10	3.08e-05	1.00e+00	0.00e+00	0.00e+00	0.00e+00	0.00e+00	0.00e+00
 6.55766e+12	0.00e+00	2.17e-29	7.21e-22	2.69e-15	1.06e-09	3.34e-05	1.00e+00	0.00e+00	0.00e+00	0.00e+00	0.00e+00	0.00e+00
 6.84989e+12	1.96e-37	3.14e-29	9.75e-22	3.40e-15	1.25e-09	3.64e-05	1.00e+00	0.00e+00	0.00e+00	0.00e+00	0.00e+00	0.00e+00
 7.15382e+12	0.00e+00	4.53e-29	1.32e-21	4.29e-15	1.46e-09	3.95e-05	1.00e+00	0.00e+00	0.00e+00	0.00e+00	0.00e+00	0.00e+00
 7.45273e+12	4.59e-37	6.43e-29	1.76e-21	5.36e-15	1.70e-09	4.28e-05	1.00e+00	0.00e+00	0.00e+00	0.00e+00	0.00e+00	0.00e+00
 7.73047e+12	0.00e+00	8.80e-29	2.27e-21	6.54e-15	1.95e-09	4.59e-05	1.00e+00	0.00e+00	0.00e+00	0.00e+00	0.00e+00	0.00e+00
 7.98102e+12	9.22e-37	1.16e-28	2.85e-21	7.78e-15	2.19e-09	4.89e-05	1.00e+00	0.00e+00	0.00e+00	0.00e+00	0.00e+00	0.00e+00
 8.24960e+12	0.00e+00	1.55e-28	3.61e-21	9.32e-15	2.47e-09	5.21e-05	1.00e+00	0.00e+00	0.00e+00	0.00e+00	0.00e+00	0.00e+00
 8.58440e+12	1.96e-36	2.19e-28	4.79e-21	1.16e-14	2.87e-09	5.63e-05	1.00e+00	0.00e+00	0.00e+00	0.00e+00	0.00e+00	0.00e+00
 8.92022e+12	0.00e+00	3.07e-28	6.30e-21	1.43e-14	3.31e-09	6.06e-05	1.00e+00	0.00e+00	0.00e+00	0.00e+00	0.00e+00	0.00e+00
 9.20846e+12	4.08e-36	4.06e-28	7.93e-21	1.71e-14	3.72e-09	6.44e-05	1.00e+00	0.00e+00	0.00e+00	0.00e+00	0.00e+00	0.00e+00
 9.51991e+12	0.00e+00	5.47e-28	1.01e-20	2.05e-14	4.22e-09	6.87e-05	1.00e+00	0.00e+00	0.00e+00	0.00e+00	0.00e+00	0.00e+00
 9.90484e+12	8.83e-36	7.79e-28	1.34e-20	2.56e-14	4.89e-09	7.42e-05	1.00e+00	0.00e+00	0.00e+00	0.00e+00	0.00e+00	0.00e+00
 1.02903e+13	0.00e+00	1.10e-27	1.78e-20	3.16e-14	5.64e-09	7.99e-05	1.00e+00	0.00e+00	0.00e+00	0.00e+00	0.00e+00	0.00e+00
 1.06230e+13	1.87e-35	1.46e-27	2.24e-20	3.78e-14	6.36e-09	8.49e-05	1.00e+00	0.00e+00	0.00e+00	0.00e+00	0.00e+00	0.00e+00
 1.09823e+13	0.00e+00	1.98e-27	2.86e-20	4.55e-14	7.20e-09	9.05e-05	1.00e+00	0.00e+00	0.00e+00	0.00e+00	0.00e+00	0.00e+00
 1.14240e+13	4.11e-35	2.83e-27	3.83e-20	5.67e-14	8.36e-09	9.77e-05	1.00e+00	0.00e+00	0.00e+00	0.00e+00	0.00e+00	0.00e+00
 1.18697e+13	6.23e-35	4.02e-27	5.08e-20	7.03e-14	9.66e-09	1.05e-04	1.00e+00	0.00e+00	0.00e+00	0.00e+00	0.00e+00	0.00e+00
 1.22644e+13	8.94e-35	5.43e-27	6.48e-20	8.46e-14	1.09e-08	1.12e-04	1.00e+00	0.00e+00	0.00e+00	0.00e+00	0.00e+00	0.00e+00
 1.26958e+13	1.31e-34	7.47e-27	8.38e-20	1.03e-13	1.25e-08	1.20e-04	1.00e+00	0.00e+00	0.00e+00	0.00e+00	0.00e+00	0.00e+00
 1.32133e+13	2.03e-34	1.08e-26	1.13e-19	1.29e-13	1.45e-08	1.29e-04	1.00e+00	0.00e+00	0.00e+00	0.00e+00	0.00e+00	0.00e+00
 1.37292e+13	3.11e-34	1.54e-26	1.51e-19	1.60e-13	1.68e-08	1.39e-04	1.00e+00	0.00e+00	0.00e+00	0.00e+00	0.00e+00	0.00e+00
 1.41989e+13	4.53e-34	2.12e-26	1.94e-19	1.94e-13	1.90e-08	1.49e-04	1.00e+00	0.00e+00	0.00e+00	0.00e+00	0.00e+00	0.00e+00
 1.47221e+13	6.80e-34	2.97e-26	2.55e-19	2.38e-13	2.19e-08	1.59e-04	1.00e+00	0.00e+00	0.00e+00	0.00e+00	0.00e+00	0.00e+00
 1.53331e+13	1.07e-33	4.35e-26	3.46e-19	3.01e-13	2.55e-08	1.72e-04	1.00e+00	0.00e+00	0.00e+00	0.00e+00	0.00e+00	0.00e+00
 1.59355e+13	1.66e-33	6.25e-26	4.64e-19	3.75e-13	2.96e-08	1.86e-04	1.00e+00	0.00e+00	0.00e+00	0.00e+00	0.00e+00	0.00e+00
 1.65051e+13	2.46e-33	8.71e-26	6.06e-19	4.58e-13	3.38e-08	1.99e-04	1.00e+00	0.00e+00	0.00e+00	0.00e+00	0.00e+00	0.00e+00
 1.71383e+13	3.78e-33	1.24e-25	8.07e-19	5.69e-13	3.91e-08	2.14e-04	1.00e+00	0.00e+00	0.00e+00	0.00e+00	0.00e+00	0.00e+00
 1.78538e+13	6.00e-33	1.83e-25	1.10e-18	7.19e-13	4.57e-08	2.31e-04	1.00e+00	0.00e+00	0.00e+00	0.00e+00	0.00e+00	0.00e+00
 1.85718e+13	9.41e-33	2.67e-25	1.49e-18	9.02e-13	5.32e-08	2.50e-04	1.00e+00	0.00e+00	0.00e+00	0.00e+00	0.00e+00	0.00e+00
 1.93186e+13	1.47e-32	3.88e-25	2.01e-18	1.13e-12	6.20e-08	2.70e-04	1.00e+00	0.00e+00	0.00e+00	0.00e+00	0.00e+00	0.00e+00
 2.01213e+13	2.34e-32	5.72e-25	2.75e-18	1.43e-12	7.25e-08	2.92e-04	1.00e+00	0.00e+00	0.00e+00	0.00e+00	0.00e+00	0.00e+00
 2.08981e+13	3.61e-32	8.21e-25	3.67e-18	1.78e-12	8.39e-08	3.14e-04	1.00e+00	0.00e+00	0.00e+00	0.00e+00	0.00e+00	0.00e+00
 2.16279e+13	5.35e-32	1.14e-24	4.78e-18	2.17e-12	9.58e-08	3.36e-04	1.00e+00	0.00e+00	0.00e+00	0.00e+00	0.00e+00	0.00e+00
 2.24450e+13	8.17e-32	1.62e-24	6.35e-18	2.70e-12	1.11e-07	3.61e-04	1.00e+00	0.00e+00	0.00e+00	0.00e+00	0.00e+00	0.00e+00
 2.32688e+13	1.23e-31	2.29e-24	8.38e-18	3.32e-12	1.27e-07	3.88e-04	1.00e+00	0.00e+00	0.00e+00	0.00e+00	0.00e+00	0.00e+00
 2.39520e+13	1.72e-31	3.02e-24	1.05e-17	3.93e-12	1.42e-07	4.10e-04	1.00e+00	0.00e+00	0.00e+00	0.00e+00	0.00e+00	0.00e+00
 2.46748e+13	2.41e-31	4.01e-24	1.32e-17	4.67e-12	1.60e-07	4.35e-04	1.00e+00	0.00e+00	0.00e+00	0.00e+00	0.00e+00	0.00e+00
 2.56000e+13	3.66e-31	5.70e-24	1.75e-17	5.78e-12	1.84e-07	4.68e-04	1.00e+00	0.00e+00	0.00e+00	0.00e+00	0.00e+00	0.00e+00
 2.65710e+13	5.65e-31	8.21e-24	2.35e-17	7.18e-12	2.13e-07	5.04e-04	9.99e-01	0.00e+00	0.00e+00	0.00e+00	0.00e+00	0.00e+00
 2.74289e+13	8.05e-31	1.10e-23	2.97e-17	8.64e-12	2.41e-07	5.37e-04	9.99e-01	0.00e+00	0.00e+00	0.00e+00	0.00e+00	0.00e+00
 2.83572e+13	1.17e-30	1.51e-23	3.84e-17	1.05e-11	2.75e-07	5.73e-04	9.99e-01	0.00e+00	0.00e+00	0.00e+00	0.00e+00	0.00e+00
 2.94746e+13	1.82e-30	2.18e-23	5.16e-17	1.31e-11	3.19e-07	6.19e-04	9.99e-01	0.00e+00	0.00e+00	0.00e+00	0.00e+00	0.00e+00
 3.06069e+13	2.79e-30	3.13e-23	6.90e-17	1.64e-11	3.70e-07	6.68e-04	9.99e-01	0.00e+00	0.00e+00	0.00e+00	0.00e+00	0.00e+00
 3.16660e+13	4.11e-30	4.32e-23	8.97e-17	2.00e-11	4.23e-07	7.15e-04	9.99e-01	0.00e+00	0.00e+00	0.00e+00	0.00e+00	0.00e+00
 3.28441e+13	6.21e-30	6.11e-23	1.19e-16	2.47e-11	4.88e-07	7.69e-04	9.99e-01	0.00e+00	0.00e+00	0.00e+00	0.00e+00	0.00e+00
 3.40943e+13	9.46e-30	8.71e-23	1.58e-16	3.08e-11	5.65e-07	8.29e-04	9.99e-01	0.00e+00	0.00e+00	0.00e+00	0.00e+00	0.00e+00
 3.52055e+13	1.36e-29	1.18e-22	2.03e-16	3.71e-11	6.41e-07	8.84e-04	9.99e-01	0.00e+00	0.00e+00	0.00e+00	0.00e+00	0.00e+00
 3.64008e+13	1.98e-29	1.62e-22	2.62e-16	4.51e-11	7.30e-07	9.46e-04	9.99e-01	0.00e+00	0.00e+00	0.00e+00	0.00e+00	0.00e+00
 3.78329e+13	3.06e-29	2.34e-22	3.52e-16	5.66e-11	8.50e-07	1.02e-03	9.99e-01	0.00e+00	0.00e+00	0.00e+00	0.00e+00	0.00e+00
 3.92421e+13	4.62e-29	3.31e-22	4.66e-16	7.01e-11	9.81e-07	1.10e-03	9.99e-01	0.00e+00	0.00e+00	0.00e+00	0.00e+00	0.00e+00
 4.04969e+13	6.59e-29	4.46e-22	5.94e-16	8.43e-11	1.11e-06	1.17e-03	9.99e-01	0.00e+00	0.00e+00	0.00e+00	0.00e+00	0.00e+00
 4.18820e+13	9.62e-29	6.13e-22	7.70e-16	1.03e-10	1.27e-06	1.26e-03	9.99e-01	0.00e+00	0.00e+00	0.00e+00	0.00e+00	0.00e+00
 4.35332e+13	1.48e-28	8.83e-22	1.04e-15	1.29e-10	1.48e-06	1.36e-03	9.99e-01	0.00e+00	0.00e+00	0.00e+00	0.00e+00	0.00e+00
 4.51729e+13	2.25e-28	1.25e-21	1.38e-15	1.60e-10	1.71e-06	1.47e-03	9.99e-01	0.00e+00	0.00e+00	0.00e+00	0.00e+00	0.00e+00
 4.66726e+13	3.26e-28	1.71e-21	1.77e-15	1.94e-10	1.94e-06	1.57e-03	9.98e-01	0.00e+00	0.00e+00	0.00e+00	0.00e+00	0.00e+00
 4.83478e+13	4.84e-28	2.39e-21	2.33e-15	2.38e-10	2.23e-06	1.68e-03	9.98e-01	0.00e+00	0.00e+00	0.00e+00	0.00e+00	0.00e+00
 5.02955e+13	7.54e-28	3.47e-21	3.15e-15	3.01e-10	2.61e-06	1.82e-03	9.98e-01	0.00e+00	0.00e+00	0.00e+00	0.00e+00	0.00e+00
 5.22074e+13	1.15e-27	4.95e-21	4.21e-15	3.75e-10	3.02e-06	1.97e-03	9.98e-01	0.00e+00	0.00e+00	0.00e+00	0.00e+00	0.00e+00
 5.40157e+13	1.69e-27	6.85e-21	5.47e-15	4.58e-10	3.46e-06	2.11e-03	9.98e-01	0.00e+00	0.00e+00	0.00e+00	0.00e+00	0.00e+00
 5.60262e+13	2.55e-27	9.69e-21	7.25e-15	5.68e-10	3.99e-06	2.27e-03	9.98e-01	0.00e+00	0.00e+00	0.00e+00	0.00e+00	0.00e+00
 5.82972e+13	4.00e-27	1.41e-20	9.86e-15	7.17e-10	4.67e-06	2.46e-03	9.98e-01	0.00e+00	0.00e+00	0.00e+00	0.00e+00	0.00e+00
 6.04522e+13	6.04e-27	2.00e-20	1.31e-14	8.88e-10	5.39e-06	2.65e-03	9.97e-01	0.00e+00	0.00e+00	0.00e+00	0.00e+00	0.00e+00
 6.24139e+13	8.69e-27	2.72e-20	1.67e-14	1.07e-09	6.11e-06	2.83e-03	9.97e-01	0.00e+00	0.00e+00	0.00e+00	0.00e+00	0.00e+00
 6.46322e+13	1.29e-26	3.79e-20	2.19e-14	1.32e-09	7.02e-06	3.04e-03	9.97e-01	0.00e+00	0.00e+00	0.00e+00	0.00e+00	0.00e+00
 6.72188e+13	2.02e-26	5.52e-20	2.98e-14	1.66e-09	8.19e-06	3.29e-03	9.97e-01	0.00e+00	0.00e+00	0.00e+00	0.00e+00	0.00e+00
 6.97034e+13	3.06e-26	7.83e-20	3.95e-14	2.06e-09	9.45e-06	3.54e-03	9.96e-01	0.00e+00	0.00e+00	0.00e+00	0.00e+00	0.00e+00
 7.19550e+13	4.40e-26	1.06e-19	5.06e-14	2.48e-09	1.07e-05	3.77e-03	9.96e-01	0.00e+00	0.00e+00	0.00e+00	0.00e+00	0.00e+00
 7.40727e+13	6.14e-26	1.40e-19	6.34e-14	2.95e-09	1.20e-05	4.00e-03	9.96e-01	0.00e+00	0.00e+00	0.00e+00	0.00e+00	0.00e+00
 7.64141e+13	8.76e-26	1.90e-19	8.08e-14	3.54e-09	1.36e-05	4.26e-03	9.96e-01	0.00e+00	0.00e+00	0.00e+00	0.00e+00	0.00e+00
 7.90331e+13	1.29e-25	2.62e-19	1.05e-13	4.32e-09	1.55e-05	4.56e-03	9.95e-01	0.00e+00	0.00e+00	0.00e+00	0.00e+00	0.00e+00
 8.15113e+13	1.84e-25	3.54e-19	1.34e-13	5.19e-09	1.75e-05	4.85e-03	9.95e-01	0.00e+00	0.00e+00	0.00e+00	0.00e+00	0.00e+00
 8.42311e+13	2.69e-25	4.85e-19	1.73e-13	6.30e-09	2.00e-05	5.18e-03	9.95e-01	0.00e+00	0.00e+00	0.00e+00	0.00e+00	0.00e+00
 8.72731e+13	4.05e-25	6.84e-19	2.28e-13	7.77e-09	2.30e-05	5.56e-03	9.94e-01	0.00e+00	0.00e+00	0.00e+00	0.00e+00	0.00e+00
 9.01430e+13	5.88e-25	9.36e-19	2.94e-13	9.41e-09	2.61e-05	5.94e-03	9.94e-01	0.00e+00	0.00e+00	0.00e+00	0.00e+00	0.00e+00
 9.32827e+13	8.73e-25	1.30e-18	3.84e-13	1.15e-08	2.99e-05	6.36e-03	9.94e-01	0.00e+00	0.00e+00	0.00e+00	0.00e+00	0.00e+00
 9.67551e+13	1.33e-24	1.86e-18	5.11e-13	1.43e-08	3.45e-05	6.84e-03	9.93e-01	0.00e+00	0.00e+00	0.00e+00	0.00e+00	0.00e+00
 9.99665e+13	1.94e-24	2.55e-18	6.60e-13	1.73e-08	3.93e-05	7.31e-03	9.93e-01	0.00e+00	0.00e+00	0.00e+00	0.00e+00	0.00e+00
 1.03448e+14	2.88e-24	3.55e-18	8.62e-13	2.12e-08	4.50e-05	7.83e-03	9.92e-01	0.00e+00	0.00e+00	0.00e+00	0.00e+00	0.00e+00
 1.07335e+14	4.41e-24	5.08e-18	1.15e-12	2.64e-08	5.20e-05	8.43e-03	9.92e-01	0.00e+00	0.00e+00	0.00e+00	0.00e+00	0.00e+00
 1.10985e+14	6.48e-24	7.02e-18	1.49e-12	3.22e-08	5.94e-05	9.02e-03	9.91e-01	0.00e+00	0.00e+00	0.00e+00	0.00e+00	0.00e+00
 1.14964e+14	9.71e-24	9.85e-18	1.97e-12	3.97e-08	6.82e-05	9.68e-03	9.90e-01	0.00e+00	0.00e+00	0.00e+00	0.00e+00	0.00e+00
 1.19391e+14	1.50e-23	1.42e-17	2.64e-12	4.96e-08	7.92e-05	1.04e-02	9.89e-01	0.00e+00	0.00e+00	0.00e+00	0.00e+00	0.00e+00
 1.23532e+14	2.22e-23	1.97e-17	3.45e-12	6.07e-08	9.07e-05	1.12e-02	9.89e-01	0.00e+00	0.00e+00	0.00e+00	0.00e+00	0.00e+00
 1.28020e+14	3.33e-23	2.78e-17	4.55e-12	7.50e-08	1.04e-04	1.20e-02	9.88e-01	0.00e+00	0.00e+00	0.00e+00	0.00e+00	0.00e+00
 1.33034e+14	5.16e-23	4.02e-17	6.14e-12	9.41e-08	1.22e-04	1.30e-02	9.87e-01	0.00e+00	0.00e+00	0.00e+00	0.00e+00	0.00e+00
 1.37808e+14	7.69e-23	5.62e-17	8.07e-12	1.16e-07	1.40e-04	1.40e-02	9.86e-01	0.00e+00	0.00e+00	0.00e+00	0.00e+00	0.00e+00
 1.42910e+14	1.16e-22	7.96e-17	1.07e-11	1.44e-07	1.61e-04	1.50e-02	9.85e-01	0.00e+00	0.00e+00	0.00e+00	0.00e+00	0.00e+00
 1.48656e+14	1.81e-22	1.16e-16	1.45e-11	1.81e-07	1.88e-04	1.63e-02	9.84e-01	0.00e+00	0.00e+00	0.00e+00	0.00e+00	0.00e+00
 1.54332e+14	2.74e-22	1.65e-16	1.94e-11	2.26e-07	2.18e-04	1.76e-02	9.82e-01	0.00e+00	0.00e+00	0.00e+00	0.00e+00	0.00e+00
 1.60235e+14	4.16e-22	2.35e-16	2.59e-11	2.82e-07	2.53e-04	1.90e-02	9.81e-01	0.00e+00	0.00e+00	0.00e+00	0.00e+00	0.00e+00
 1.66488e+14	6.33e-22	3.36e-16	3.47e-11	3.54e-07	2.94e-04	2.06e-02	9.79e-01	0.00e+00	0.00e+00	0.00e+00	0.00e+00	0.00e+00
 1.71722e+14	8.93e-22	4.49e-16	4.40e-11	4.25e-07	3.33e-04	2.19e-02	9.78e-01	0.00e+00	0.00e+00	0.00e+00	0.00e+00	0.00e+00
 1.75761e+14	1.15e-21	5.57e-16	5.25e-11	4.87e-07	3.64e-04	2.30e-02	9.77e-01	0.00e+00	0.00e+00	0.00e+00	0.00e+00	0.00e+00
 1.80136e+14	1.50e-21	6.99e-16	6.34e-11	5.63e-07	4.01e-04	2.42e-02	9.75e-01	0.00e+00	0.00e+00	0.00e+00	0.00e+00	0.00e+00
 1.85822e+14	2.09e-21	9.30e-16	8.03e-11	6.76e-07	4.53e-04	2.58e-02	9.74e-01	0.00e+00	0.00e+00	0.00e+00	0.00e+00	0.00e+00
 1.91996e+14	2.96e-21	1.26e-15	1.03e-10	8.19e-07	5.16e-04	2.77e-02	9.72e-01	0.00e+00	0.00e+00	0.00e+00	0.00e+00	0.00e+00
 1.97574e+14	4.01e-21	1.63e-15	1.28e-10	9.69e-07	5.77e-04	2.94e-02	9.70e-01	0.00e+00	0.00e+00	0.00e+00	0.00e+00	0.00e+00
 2.03598e+14	5.51e-21	2.14e-15	1.60e-10	1.16e-06	6.49e-04	3.13e-02	9.68e-01	0.00e+00	0.00e+00	0.00e+00	0.00e+00	0.00e+00
 2.11157e+14	8.08e-21	2.98e-15	2.11e-10	1.43e-06	7.48e-04	3.38e-02	9.65e-01	0.00e+00	0.00e+00	0.00e+00	0.00e+00	0.00e+00
 2.18760e+14	1.17e-20	4.10e-15	2.76e-10	1.76e-06	8.59e-04	3.64e-02	9.63e-01	0.00e+00	0.00e+00	0.00e+00	0.00e+00	0.00e+00
 2.25229e+14	1.58e-20	5.33e-15	3.43e-10	2.09e-06	9.62e-04	3.87e-02	9.60e-01	0.00e+00	0.00e+00	0.00e+00	0.00e+00	0.00e+00
 2.32179e+14	2.15e-20	6.97e-15	4.30e-10	2.50e-06	1.08e-03	4.13e-02	9.58e-01	0.00e+00	0.00e+00	0.00e+00	0.00e+00	0.00e+00
 2.40845e+14	3.12e-20	9.67e-15	5.66e-10	3.09e-06	1.25e-03	4.47e-02	9.54e-01	0.00e+00	0.00e+00	0.00e+00	0.00e+00	0.00e+00
 2.49788e+14	4.52e-20	1.34e-14	7.44e-10	3.83e-06	1.44e-03	4.83e-02	9.50e-01	0.00e+00	0.00e+00	0.00e+00	0.00e+00	0.00e+00
 2.57762e+14	6.20e-20	1.76e-14	9.41e-10	4.60e-06	1.62e-03	5.16e-02	9.47e-01	0.00e+00	0.00e+00	0.00e+00	0.00e+00	0.00e+00
 2.66427e+14	8.60e-20	2.36e-14	1.20e-09	5.58e-06	1.84e-03	5.54e-02	9.43e-01	0.00e+00	0.00e+00	0.00e+00	0.00e+00	0.00e+00
 2.76766e+14	1.26e-19	3.30e-14	1.60e-09	6.97e-06	2.14e-03	6.00e-02	9.38e-01	0.00e+00	0.00e+00	0.00e+00	0.00e+00	0.00e+00
 2.86950e+14	1.81e-19	4.54e-14	2.09e-09	8.60e-06	2.45e-03	6.48e-02	9.33e-01	0.00e+00	0.00e+00	0.00e+00	0.00e+00	0.00e+00
 2.96107e+14	2.46e-19	5.98e-14	2.64e-09	1.03e-05	2.76e-03	6.93e-02	9.28e-01	0.00e+00	0.00e+00	0.00e+00	0.00e+00	0.00e+00
 3.06260e+14	3.44e-19	8.05e-14	3.40e-09	1.26e-05	3.14e-03	7.43e-02	9.23e-01	0.00e+00	0.00e+00	0.00e+00	0.00e+00	0.00e+00
 3.18254e+14	5.03e-19	1.13e-13	4.53e-09	1.57e-05	3.63e-03	8.05e-02	9.16e-01	0.00e+00	0.00e+00	0.00e+00	0.00e+00	0.00e+00
 3.30107e+14	7.21e-19	1.56e-13	5.95e-09	1.94e-05	4.17e-03	8.69e-02	9.09e-01	0.00e+00	0.00e+00	0.00e+00	0.00e+00	0.00e+00
 3.41059e+14	9.96e-19	2.08e-13	7.58e-09	2.34e-05	4.72e-03	9.30e-02	9.02e-01	0.00e+00	0.00e+00	0.00e+00	0.00e+00	0.00e+00
 3.53355e+14	1.41e-18	2.84e-13	9.88e-09	2.87e-05	5.38e-03	1.00e-01	8.95e-01	0.00e+00	0.00e+00	0.00e+00	0.00e+00	0.00e+00
 3.67519e+14	2.09e-18	4.03e-13	1.33e-08	3.60e-05	6.23e-03	1.08e-01	8.85e-01	0.00e+00	0.00e+00	0.00e+00	0.00e+00	0.00e+00
 3.81376e+14	3.02e-18	5.61e-13	1.75e-08	4.46e-05	7.15e-03	1.17e-01	8.76e-01	0.00e+00	0.00e+00	0.00e+00	0.00e+00	0.00e+00
 3.95788e+14	4.37e-18	7.81e-13	2.31e-08	5.51e-05	8.19e-03	1.26e-01	8.66e-01	0.00e+00	0.00e+00	0.00e+00	0.00e+00	0.00e+00
 4.11649e+14	6.48e-18	1.11e-12	3.10e-08	6.90e-05	9.46e-03	1.36e-01	8.55e-01	0.00e+00	0.00e+00	0.00e+00	0.00e+00	0.00e+00
 4.25062e+14	8.95e-18	1.48e-12	3.95e-08	8.29e-05	1.06e-02	1.44e-01	8.45e-01	0.00e+00	0.00e+00	0.00e+00	0.00e+00	0.00e+00
 4.34857e+14	1.13e-17	1.82e-12	4.68e-08	9.44e-05	1.15e-02	1.51e-01	8.38e-01	0.00e+00	0.00e+00	0.00e+00	0.00e+00	0.00e+00
 4.45135e+14	1.43e-17	2.25e-12	5.58e-08	1.08e-04	1.26e-02	1.58e-01	8.30e-01	0.00e+00	0.00e+00	0.00e+00	0.00e+00	0.00e+00
 4.58497e+14	1.93e-17	2.94e-12	6.97e-08	1.27e-04	1.40e-02	1.67e-01	8.19e-01	0.00e+00	0.00e+00	0.00e+00	0.00e+00	0.00e+00
 4.73238e+14	2.72e-17	3.92e-12	8.84e-08	1.52e-04	1.56e-02	1.77e-01	8.08e-01	0.00e+00	0.00e+00	1.57e-17	8.17e-18	2.74e-18
 4.86879e+14	3.64e-17	5.08e-12	1.09e-07	1.79e-04	1.73e-02	1.86e-01	7.96e-01	0.00e+00	0.00e+00	2.09e-17	1.10e-17	3.68e-18
 5.01718e+14	4.96e-17	6.68e-12	1.37e-07	2.12e-04	1.92e-02	1.96e-01	7.84e-01	0.00e+00	0.00e+00	2.85e-17	1.50e-17	5.00e-18
 5.18392e+14	6.97e-17	9.02e-12	1.75e-07	2.54e-04	2.15e-02	2.08e-01	7.70e-01	0.00e+00	0.00e+00	4.01e-17	2.10e-17	6.99e-18
 5.34259e+14	9.54e-17	1.19e-11	2.20e-07	3.00e-04	2.39e-02	2.19e-01	7.57e-01	0.00e+00	0.00e+00	5.49e-17	2.88e-17	9.53e-18
 5.51695e+14	1.33e-16	1.60e-11	2.80e-07	3.59e-04	2.67e-02	2.31e-01	7.42e-01	0.00e+00	0.00e+00	7.69e-17	4.02e-17	1.33e-17
 5.71194e+14	1.93e-16	2.20e-11	3.63e-07	4.34e-04	3.01e-02	2.45e-01	7.25e-01	0.00e+00	0.00e+00	1.11e-16	5.81e-17	1.92e-17
 5.89713e+14	2.70e-16	2.95e-11	4.60e-07	5.17e-04	3.35e-02	2.57e-01	7.09e-01	0.00e+00	0.00e+00	1.56e-16	8.13e-17	2.68e-17
 6.10122e+14	3.87e-16	4.03e-11	5.93e-07	6.22e-04	3.75e-02	2.71e-01	6.91e-01	0.00e+00	0.00e+00	2.24e-16	1.17e-16	3.83e-17
 6.33024e+14	5.75e-16	5.67e-11	7.79e-07	7.59e-04	4.23e-02	2.86e-01	6.70e-01	0.00e+00	0.00e+00	3.32e-16	1.73e-16	5.67e-17
 6.54680e+14	8.24e-16	7.72e-11	9.98e-07	9.08e-04	4.72e-02	3.01e-01	6.51e-01	0.00e+00	0.00e+00	4.76e-16	2.48e-16	8.11e-17
 6.78284e+14	1.20e-15	1.07e-10	1.29e-06	1.10e-03	5.28e-02	3.16e-01	6.30e-01	0.00e+00	0.00e+00	6.97e-16	3.63e-16	1.18e-16
 7.04558e+14	1.82e-15	1.52e-10	1.71e-06	1.34e-03	5.96e-02	3.32e-01	6.07e-01	0.00e+00	0.00e+00	1.05e-15	5.48e-16	1.78e-16
 7.29141e+14	2.64e-15	2.07e-10	2.19e-06	1.60e-03	6.62e-02	3.46e-01	5.86e-01	0.00e+00	0.00e+00	1.53e-15	7.95e-16	2.58e-16
 7.55593e+14	3.89e-15	2.87e-10	2.84e-06	1.92e-03	7.37e-02	3.61e-01	5.63e-01	0.00e+00	0.00e+00	2.25e-15	1.17e-15	3.80e-16
 7.85167e+14	5.92e-15	4.08e-10	3.74e-06	2.33e-03	8.26e-02	3.77e-01	5.38e-01	0.00e+00	0.00e+00	3.43e-15	1.78e-15	5.77e-16
 8.13609e+14	8.74e-15	5.63e-10	4.82e-06	2.79e-03	9.17e-02	3.91e-01	5.14e-01	0.00e+00	0.00e+00	5.07e-15	2.63e-15	8.51e-16
 8.43868e+14	1.31e-14	7.85e-10	6.24e-06	3.34e-03	1.02e-01	4.05e-01	4.90e-01	0.00e+00	0.00e+00	7.58e-15	3.94e-15	1.27e-15
 8.77653e+14	2.01e-14	1.12e-09	8.21e-06	4.05e-03	1.13e-01	4.19e-01	4.63e-01	0.00e+00	0.00e+00	1.17e-14	6.06e-15	1.95e-15
 9.06083e+14	2.85e-14	1.49e-09	1.03e-05	4.72e-03	1.24e-01	4.30e-01	4.41e-01	0.00e+00	0.00e+00	1.66e-14	8.61e-15	2.77e-15
 9.26511e+14	3.64e-14	1.81e-09	1.20e-05	5.25e-03	1.31e-01	4.37e-01	4.26e-01	0.00e+00	0.00e+00	2.11e-14	1.10e-14	3.53e-15
 9.47721e+14	4.67e-14	2.21e-09	1.40e-05	5.84e-03	1.39e-01	4.44e-01	4.11e-01	0.00e+00	0.00e+00	2.71e-14	1.41e-14	4.53e-15
 9.75294e+14	6.40e-14	2.85e-09	1.70e-05	6.67e-03	1.50e-01	4.52e-01	3.92e-01	0.00e+00	0.00e+00	3.72e-14	1.93e-14	6.21e-15
 1.00606e+15	9.01e-14	3.75e-09	2.10e-05	7.70e-03	1.62e-01	4.60e-01	3.71e-01	0.00e+00	0.00e+00	5.23e-14	2.72e-14	8.73e-15
 1.03488e+15	1.23e-13	4.79e-09	2.53e-05	8.75e-03	1.73e-01	4.66e-01	3.52e-01	0.00e+00	0.00e+00	7.14e-14	3.71e-14	1.19e-14
 1.06625e+15	1.71e-13	6.22e-09	3.09e-05	1.00e-02	1.86e-01	4.72e-01	3.32e-01	0.00e+00	0.00e+00	9.91e-14	5.15e-14	1.65e-14
 1.10134e+15	2.43e-13	8.22e-09	3.82e-05	1.15e-02	2.00e-01	4.77e-01	3.11e-01	0.00e+00	0.00e+00	1.41e-13	7.34e-14	2.35e-14
 1.13443e+15	3.36e-13	1.06e-08	4.64e-05	1.31e-02	2.14e-01	4.80e-01	2.93e-01	0.00e+00	0.00e+00	1.95e-13	1.01e-13	3.25e-14
 1.17061e+15	4.73e-13	1.38e-08	5.68e-05	1.50e-02	2.29e-01	4.83e-01	2.73e-01	0.00e+00	0.00e+00	2.75e-13	1.43e-13	4.58e-14
 1.21116e+15	6.85e-13	1.85e-08	7.06e-05	1.73e-02	2.46e-01	4.84e-01	2.53e-01	0.00e+00	0.00e+00	3.98e-13	2.07e-13	6.63e-14
 1.24961e+15	9.61e-13	2.40e-08	8.60e-05	1.96e-02	2.61e-01	4.84e-01	2.35e-01	0.00e+00	0.00e+00	5.58e-13	2.90e-13	9.29e-14
 1.29184e+15	1.38e-12	3.17e-08	1.06e-04	2.25e-02	2.79e-01	4.82e-01	2.16e-01	0.00e+00	0.00e+00	8.00e-13	4.16e-13	1.33e-13
 1.33892e+15	2.02e-12	4.25e-08	1.32e-04	2.59e-02	2.98e-01	4.79e-01	1.97e-01	0.00e+00	0.00e+00	1.17e-12	6.11e-13	1.95e-13
 1.38275e+15	2.85e-12	5.53e-08	1.61e-04	2.93e-02	3.15e-01	4.74e-01	1.81e-01	0.00e+00	0.00e+00	1.66e-12	8.61e-13	2.75e-13
 1.43018e+15	4.08e-12	7.27e-08	1.97e-04	3.33e-02	3.33e-01	4.68e-01	1.65e-01	0.00e+00	0.00e+00	2.37e-12	1.23e-12	3.95e-13
 1.48317e+15	5.99e-12	9.73e-08	2.45e-04	3.81e-02	3.53e-01	4.60e-01	1.49e-01	0.00e+00	0.00e+00	3.48e-12	1.81e-12	5.80e-13
 1.53275e+15	8.44e-12	1.26e-07	2.97e-04	4.29e-02	3.71e-01	4.52e-01	1.35e-01	0.00e+00	0.00e+00	4.91e-12	2.55e-12	8.17e-13
 1.58656e+15	1.21e-11	1.66e-07	3.64e-04	4.85e-02	3.89e-01	4.41e-01	1.21e-01	0.00e+00	0.00e+00	7.05e-12	3.67e-12	1.17e-12
 1.64377e+15	1.74e-11	2.18e-07	4.46e-04	5.48e-02	4.08e-01	4.29e-01	1.08e-01	0.00e+00	0.00e+00	1.01e-11	5.28e-12	1.69e-12
 1.69384e+15	2.37e-11	2.75e-07	5.29e-04	6.07e-02	4.23e-01	4.18e-01	9.76e-02	0.00e+00	0.00e+00	1.38e-11	7.17e-12	2.29e-12
 1.73687e+15	3.06e-11	3.34e-07	6.09e-04	6.59e-02	4.36e-01	4.08e-01	8.96e-02	0.00e+00	0.00e+00	1.78e-11	9.27e-12	2.97e-12
 1.78233e+15	4.01e-11	4.08e-07	7.04e-04	7.17e-02	4.48e-01	3.97e-01	8.18e-02	0.00e+00	0.00e+00	2.33e-11	1.21e-11	3.88e-12
 1.83367e+15	5.36e-11	5.07e-07	8.24e-04	7.85e-02	4.62e-01	3.85e-01	7.38e-02	0.00e+00	0.00e+00	3.12e-11	1.62e-11	5.20e-12
 1.88271e+15	7.00e-11	6.19e-07	9.52e-04	8.53e-02	4.74e-01	3.73e-01	6.70e-02	0.00e+00	0.00e+00	4.07e-11	2.12e-11	6.79e-12
 1.93652e+15	9.35e-11	7.67e-07	1.11e-03	9.30e-02	4.86e-01	3.60e-01	6.01e-02	0.00e+00	0.00e+00	5.44e-11	2.84e-11	9.08e-12
 1.99536e+15	1.26e-10	9.60e-07	1.30e-03	1.02e-01	4.98e-01	3.45e-01	5.35e-02	0.00e+00	0.00e+00	7.35e-11	3.83e-11	1.23e-11
 2.04939e+15	1.65e-10	1.17e-06	1.50e-03	1.10e-01	5.08e-01	3.32e-01	4.81e-02	0.00e+00	0.00e+00	9.59e-11	5.00e-11	1.60e-11
 2.10825e+15	2.20e-10	1.45e-06	1.75e-03	1.19e-01	5.18e-01	3.18e-01	4.28e-02	0.00e+00	0.00e+00	1.28e-10	6.66e-11	2.13e-11
 2.17385e+15	2.97e-10	1.81e-06	2.05e-03	1.30e-01	5.28e-01	3.03e-01	3.76e-02	0.00e+00	0.00e+00	1.73e-10	9.02e-11	2.89e-11
 2.23598e+15	3.91e-10	2.23e-06	2.37e-03	1.41e-01	5.35e-01	2.88e-01	3.33e-02	0.00e+00	0.00e+00	2.28e-10	1.19e-10	3.81e-11
 2.30454e+15	5.29e-10	2.78e-06	2.78e-03	1.52e-01	5.43e-01	2.73e-01	2.91e-02	0.00e+00	0.00e+00	3.08e-10	1.60e-10	5.14e-11
 2.37967e+15	7.21e-10	3.50e-06	3.27e-03	1.66e-01	5.49e-01	2.57e-01	2.52e-02	0.00e+00	0.00e+00	4.20e-10	2.19e-10	7.02e-11
 2.44844e+15	9.46e-10	4.29e-06	3.77e-03	1.78e-01	5.54e-01	2.42e-01	2.21e-02	0.00e+00	0.00e+00	5.50e-10	2.87e-10	9.21e-11
 2.52294e+15	1.27e-09	5.33e-06	4.39e-03	1.92e-01	5.57e-01	2.27e-01	1.91e-02	0.00e+00	0.00e+00	7.39e-10	3.86e-10	1.24e-10
 2.60480e+15	1.71e-09	6.68e-06	5.14e-03	2.07e-01	5.59e-01	2.12e-01	1.63e-02	0.00e+00	0.00e+00	9.98e-10	5.21e-10	1.67e-10
 2.68065e+15	2.24e-09	8.16e-06	5.91e-03	2.22e-01	5.60e-01	1.98e-01	1.42e-02	0.00e+00	0.00e+00	1.30e-09	6.81e-10	2.19e-10
 2.76368e+15	3.01e-09	1.01e-05	6.88e-03	2.38e-01	5.59e-01	1.84e-01	1.21e-02	0.00e+00	0.00e+00	1.75e-09	9.15e-10	2.94e-10
 2.85489e+15	4.06e-09	1.27e-05	8.05e-03	2.55e-01	5.57e-01	1.70e-01	1.02e-02	0.00e+00	0.00e+00	2.36e-09	1.23e-09	3.97e-10
 2.93905e+15	5.28e-09	1.55e-05	9.25e-03	2.72e-01	5.53e-01	1.57e-01	8.71e-03	0.00e+00	0.00e+00	3.07e-09	1.61e-09	5.18e-10
 3.01515e+15	6.66e-09	1.84e-05	1.04e-02	2.87e-01	5.49e-01	1.46e-01	7.56e-03	0.00e+00	0.00e+00	3.88e-09	2.03e-09	6.53e-10
 3.08482e+15	8.20e-09	2.15e-05	1.17e-02	3.00e-01	5.44e-01	1.37e-01	6.65e-03	0.00e+00	0.00e+00	4.77e-09	2.50e-09	8.05e-10
 3.16177e+15	1.03e-08	2.56e-05	1.31e-02	3.15e-01	5.38e-01	1.28e-01	5.76e-03	0.00e+00	0.00e+00	6.01e-09	3.14e-09	1.01e-09
 3.24555e+15	1.30e-08	3.05e-05	1.48e-02	3.32e-01	5.31e-01	1.18e-01	4.94e-03	0.00e+00	0.00e+00	7.59e-09	3.97e-09	1.28e-09
 3.32473e+15	1.62e-08	3.59e-05	1.66e-02	3.47e-01	5.23e-01	1.09e-01	4.28e-03	0.00e+00	0.00e+00	9.41e-09	4.93e-09	1.59e-09
 3.40131e+15	1.98e-08	4.19e-05	1.85e-02	3.62e-01	5.15e-01	1.01e-01	3.72e-03	0.00e+00	0.00e+00	1.15e-08	6.04e-09	1.95e-09
 3.48801e+15	2.51e-08	5.00e-05	2.09e-02	3.78e-01	5.05e-01	9.30e-02	3.17e-03	0.00e+00	0.00e+00	1.46e-08	7.66e-09	2.48e-09
 3.58421e+15	3.20e-08	6.00e-05	2.37e-02	3.96e-01	4.93e-01	8.45e-02	2.66e-03	0.00e+00	0.00e+00	1.86e-08	9.75e-09	3.16e-09
 3.67435e+15	3.98e-08	7.08e-05	2.67e-02	4.13e-01	4.81e-01	7.73e-02	2.26e-03	0.00e+00	0.00e+00	2.31e-08	1.21e-08	3.93e-09
 3.75737e+15	4.85e-08	8.23e-05	2.96e-02	4.28e-01	4.70e-01	7.10e-02	1.95e-03	0.00e+00	0.00e+00	2.82e-08	1.48e-08	4.80e-09
 3.84951e+15	6.10e-08	9.77e-05	3.33e-02	4.44e-01	4.56e-01	6.45e-02	1.64e-03	0.00e+00	0.00e+00	3.55e-08	1.86e-08	6.04e-09
 3.95241e+15	7.77e-08	1.17e-04	3.79e-02	4.62e-01	4.41e-01	5.80e-02	1.36e-03	0.00e+00	0.00e+00	4.52e-08	2.37e-08	7.70e-09
 4.04894e+15	9.63e-08	1.38e-04	4.25e-02	4.77e-01	4.27e-01	5.24e-02	1.14e-03	0.00e+00	0.00e+00	5.60e-08	2.94e-08	9.55e-09
 4.14021e+15	1.18e-07	1.61e-04	4.73e-02	4.92e-01	4.12e-01	4.75e-02	9.68e-04	0.00e+00	0.00e+00	6.85e-08	3.59e-08	1.17e-08
 4.24498e+15	1.51e-07	1.94e-04	5.37e-02	5.08e-01	3.95e-01	4.23e-02	7.93e-04	0.00e+00	0.00e+00	8.81e-08	4.62e-08	1.50e-08
 4.35653e+15	1.91e-07	2.32e-04	6.09e-02	5.23e-01	3.78e-01	3.74e-02	6.48e-04	0.00e+00	0.00e+00	1.11e-07	5.83e-08	1.90e-08
 4.45541e+15	2.36e-07	2.73e-04	6.82e-02	5.36e-01	3.61e-01	3.35e-02	5.39e-04	0.00e+00	0.00e+00	1.37e-07	7.21e-08	2.35e-08
 4.54745e+15	2.90e-07	3.19e-04	7.58e-02	5.47e-01	3.46e-01	3.01e-02	4.52e-04	0.00e+00	0.00e+00	1.69e-07	8.86e-08	2.89e-08
 4.63784e+15	3.53e-07	3.70e-04	8.40e-02	5.57e-01	3.31e-01	2.70e-02	3.80e-04	0.00e+00	0.00e+00	2.06e-07	1.08e-07	3.52e-08
 4.74108e+15	4.46e-07	4.42e-04	9.46e-02	5.68e-01	3.13e-01	2.38e-02	3.10e-04	0.00e+00	0.00e+00	2.59e-07	1.36e-07	4.45e-08
 4.84841e+15	5.64e-07	5.28e-04	1.07e-01	5.77e-01	2.95e-01	2.08e-02	2.50e-04	0.00e+00	0.00e+00	3.28e-07	1.73e-07	5.64e-08
 4.93799e+15	6.85e-07	6.12e-04	1.18e-01	5.83e-01	2.80e-01	1.85e-02	2.09e-04	0.00e+00	0.00e+00	3.99e-07	2.10e-07	6.85e-08
 5.03140e+15	8.51e-07	7.20e-04	1.32e-01	5.88e-01	2.63e-01	1.63e-02	1.71e-04	0.00e+00	0.00e+00	4.95e-07	2.60e-07	8.51e-08
 5.13244e+15	1.08e-06	8.62e-04	1.48e-01	5.91e-01	2.46e-01	1.41e-02	1.38e-04	0.00e+00	0.00e+00	6.30e-07	3.31e-07	1.08e-07
 5.21077e+15	1.28e-06	9.80e-04	1.62e-01	5.92e-01	2.32e-01	1.26e-02	1.16e-04	0.00e+00	0.00e+00	7.45e-07	3.92e-07	1.28e-07
 5.26801e+15	1.47e-06	1.09e-03	1.74e-01	5.91e-01	2.22e-01	1.16e-02	1.02e-04	0.00e+00	0.00e+00	8.54e-07	4.49e-07	1.47e-07
 5.33044e+15	1.72e-06	1.22e-03	1.87e-01	5.90e-01	2.11e-01	1.05e-02	8.79e-05	0.00e+00	0.00e+00	1.00e-06	5.28e-07	1.73e-07
 5.40035e+15	1.98e-06	1.36e-03	2.03e-01	5.87e-01	1.99e-01	9.41e-03	7.50e-05	0.00e+00	0.00e+00	1.15e-06	6.06e-07	1.99e-07
 5.47996e+15	2.55e-06	1.64e-03	2.25e-01	5.81e-01	1.84e-01	8.13e-03	6.03e-05	0.00e+00	0.00e+00	1.48e-06	7.82e-07	2.56e-07
 5.55300e+15	3.04e-06	1.87e-03	2.45e-01	5.74e-01	1.71e-01	7.16e-03	5.02e-05	0.00e+00	0.00e+00	1.77e-06	9.30e-07	3.05e-07
 5.60561e+15	3.49e-06	2.07e-03	2.62e-01	5.67e-01	1.62e-01	6.49e-03	4.35e-05	0.00e+00	0.00e+00	2.03e-06	1.07e-06	3.51e-07
 5.66211e+15	4.08e-06	2.32e-03	2.81e-01	5.59e-01	1.52e-01	5.78e-03	3.70e-05	0.00e+00	0.00e+00	2.38e-06	1.25e-06	4.11e-07
 5.73556e+15	5.15e-06	2.75e-03	3.10e-01	5.45e-01	1.38e-01	4.91e-03	2.93e-05	0.00e+00	0.00e+00	3.00e-06	1.58e-06	5.19e-07
 5.80510e+15	6.22e-06	3.16e-03	3.38e-01	5.29e-01	1.26e-01	4.22e-03	2.37e-05	0.00e+00	0.00e+00	3.62e-06	1.91e-06	6.27e-07
 5.85604e+15	7.17e-06	3.50e-03	3.60e-01	5.16e-01	1.17e-01	3.75e-03	2.01e-05	0.00e+00	0.00e+00	4.17e-06	2.20e-06	7.22e-07
 5.90875e+15	8.25e-06	3.89e-03	3.84e-01	5.01e-01	1.07e-01	3.27e-03	1.67e-05	0.00e+00	0.00e+00	4.80e-06	2.53e-06	8.32e-07
 5.97727e+15	1.07e-05	4.67e-03	4.21e-01	4.77e-01	9.47e-02	2.68e-03	1.27e-05	0.00e+00	0.00e+00	6.23e-06	3.29e-06	1.08e-06
 6.03982e+15	1.26e-05	5.24e-03	4.54e-01	4.54e-01	8.43e-02	2.25e-03	1.00e-05	0.00e+00	0.00e+00	7.31e-06	3.86e-06	1.27e-06
 6.08622e+15	1.55e-05	6.04e-03	4.83e-01	4.33e-01	7.61e-02	1.91e-03	8.04e-06	0.00e+00	0.00e+00	8.99e-06	4.74e-06	1.56e-06
 6.12765e+15	1.72e-05	6.52e-03	5.07e-01	4.15e-01	6.95e-02	1.68e-03	6.77e-06	0.00e+00	0.00e+00	9.98e-06	5.27e-06	1.74e-06
 6.17101e+15	2.01e-05	7.27e-03	5.35e-01	3.94e-01	6.23e-02	1.42e-03	5.45e-06	0.00e+00	0.00e+00	1.17e-05	6.17e-06	2.03e-06
 6.22738e+15	2.57e-05	8.58e-03	5.74e-01	3.63e-01	5.33e-02	1.12e-03	3.97e-06	0.00e+00	0.00e+00	1.49e-05	7.89e-06	2.60e-06
 6.28087e+15	3.00e-05	9.55e-03	6.08e-01	3.36e-01	4.58e-02	9.06e-04	3.01e-06	0.00e+00	0.00e+00	1.75e-05	9.22e-06	3.05e-06
 6.32383e+15	3.68e-05	1.09e-02	6.38e-01	3.10e-01	3.97e-02	7.34e-04	2.28e-06	0.00e+00	0.00e+00	2.14e-05	1.13e-05	3.73e-06
 6.36351e+15	4.17e-05	1.18e-02	6.64e-01	2.89e-01	3.48e-02	6.09e-04	1.80e-06	0.00e+00	0.00e+00	2.42e-05	1.28e-05	4.23e-06
 6.40571e+15	4.94e-05	1.32e-02	6.93e-01	2.64e-01	2.96e-02	4.85e-04	1.34e-06	0.00e+00	0.00e+00	2.87e-05	1.52e-05	5.02e-06
 6.46056e+15	6.44e-05	1.56e-02	7.30e-01	2.30e-01	2.35e-02	3.47e-04	8.69e-07	0.00e+00	0.00e+00	3.75e-05	1.98e-05	6.55e-06
 6.50420e+15	7.55e-05	1.73e-02	7.55e-01	2.07e-01	1.97e-02	2.71e-04	0.00e+00	0.00e+00	0.00e+00	4.39e-05	2.32e-05	7.68e-06
 6.52595e+15	8.22e-05	1.82e-02	7.68e-01	1.96e-01	1.79e-02	2.37e-04	0.00e+00	0.00e+00	0.00e+00	4.78e-05	2.53e-05	8.37e-06
 6.54688e+15	8.99e-05	1.92e-02	7.80e-01	1.84e-01	1.62e-02	2.05e-04	0.00e+00	0.00e+00	0.00e+00	5.23e-05	2.76e-05	9.16e-06
 6.57410e+15	9.91e-05	2.04e-02	7.95e-01	1.70e-01	1.42e-02	1.71e-04	0.00e+00	0.00e+00	0.00e+00	5.76e-05	3.05e-05	1.01e-05
 6.60947e+15	1.18e-04	2.27e-02	8.13e-01	1.52e-01	1.17e-02	1.31e-04	0.00e+00	0.00e+00	0.00e+00	6.84e-05	3.61e-05	1.20e-05
 6.64357e+15	1.35e-04	2.46e-02	8.29e-01	1.37e-01	9.85e-03	1.03e-04	0.00e+00	0.00e+00	0.00e+00	7.84e-05	4.15e-05	1.38e-05
 6.67024e+15	1.50e-04	2.62e-02	8.40e-01	1.25e-01	8.53e-03	8.40e-05	0.00e+00	0.00e+00	0.00e+00	8.74e-05	4.62e-05	1.54e-05
 6.69916e+15	1.70e-04	2.82e-02	8.51e-01	1.13e-01	7.21e-03	6.64e-05	0.00e+00	0.00e+00	0.00e+00	9.90e-05	5.23e-05	1.74e-05
 6.73676e+15	2.00e-04	3.09e-02	8.65e-01	9.84e-02	5.76e-03	4.86e-05	0.00e+00	0.00e+00	0.00e+00	1.16e-04	6.14e-05	2.04e-05
 6.77440e+15	2.33e-04	3.38e-02	8.75e-01	8.59e-02	4.62e-03	3.57e-05	0.00e+00	0.00e+00	0.00e+00	1.35e-04	7.16e-05	2.38e-05
 6.80399e+15	2.62e-04	3.61e-02	8.83e-01	7.70e-02	3.87e-03	2.79e-05	0.00e+00	0.00e+00	0.00e+00	1.53e-04	8.07e-05	2.69e-05
 6.83435e+15	2.98e-04	3.89e-02	8.89e-01	6.83e-02	3.18e-03	2.12e-05	0.00e+00	0.00e+00	0.00e+00	1.74e-04	9.18e-05	3.06e-05
 6.86860e+15	3.43e-04	4.20e-02	8.95e-01	5.98e-02	2.56e-03	1.57e-05	0.00e+00	0.00e+00	0.00e+00	2.00e-04	1.06e-04	3.52e-05
 6.90113e+15	3.91e-04	4.52e-02	9.00e-01	5.26e-02	2.08e-03	1.17e-05	0.00e+00	0.00e+00	0.00e+00	2.28e-04	1.20e-04	4.02e-05
 6.93140e+15	4.43e-04	4.84e-02	9.03e-01	4.66e-02	1.71e-03	8.87e-06	0.00e+00	0.00e+00	0.00e+00	2.58e-04	1.36e-04	4.55e-05
 6.96552e+15	5.10e-04	5.23e-02	9.05e-01	4.05e-02	1.36e-03	6.41e-06	0.00e+00	0.00e+00	0.00e+00	2.96e-04	1.57e-04	5.24e-05
 7.00229e+15	5.91e-04	5.67e-02	9.07e-01	3.49e-02	1.06e-03	4.56e-06	0.00e+00	0.00e+00	0.00e+00	3.44e-04	1.82e-04	6.08e-05
 7.03483e+15	6.73e-04	6.08e-02	9.07e-01	3.06e-02	8.61e-04	3.37e-06	0.00e+00	0.00e+00	0.00e+00	3.91e-04	2.07e-04	6.92e-05
 7.06485e+15	7.60e-04	6.50e-02	9.07e-01	2.70e-02	7.04e-04	2.53e-06	0.00e+00	0.00e+00	0.00e+00	4.42e-04	2.34e-04	7.82e-05
 7.09928e+15	8.74e-04	7.01e-02	9.05e-01	2.34e-02	5.55e-04	1.81e-06	0.00e+00	0.00e+00	0.00e+00	5.08e-04	2.69e-04	9.00e-05
 7.13694e+15	1.02e-03	7.61e-02	9.02e-01	2.00e-02	4.32e-04	1.26e-06	0.00e+00	0.00e+00	0.00e+00	5.91e-04	3.13e-04	1.05e-04
 7.17070e+15	1.17e-03	8.19e-02	8.99e-01	1.74e-02	3.45e-04	9.14e-07	0.00e+00	0.00e+00	0.00e+00	6.78e-04	3.59e-04	1.20e-04
 7.20142e+15	1.32e-03	8.76e-02	8.95e-01	1.54e-02	2.81e-04	0.00e+00	0.00e+00	0.00e+00	0.00e+00	7.68e-04	4.06e-04	1.36e-04
 7.23628e+15	1.52e-03	9.46e-02	8.90e-01	1.32e-02	2.21e-04	0.00e+00	0.00e+00	0.00e+00	0.00e+00	8.86e-04	4.69e-04	1.57e-04
 7.27452e+15	1.77e-03	1.03e-01	8.84e-01	1.13e-02	1.71e-04	0.00e+00	0.00e+00	0.00e+00	0.00e+00	1.03e-03	5.46e-04	1.83e-04
 7.30941e+15	2.06e-03	1.11e-01	8.77e-01	9.77e-03	1.36e-04	0.00e+00	0.00e+00	0.00e+00	0.00e+00	1.20e-03	6.33e-04	2.12e-04
 7.34077e+15	2.34e-03	1.19e-01	8.70e-01	8.58e-03	1.10e-04	0.00e+00	0.00e+00	0.00e+00	0.00e+00	1.36e-03	7.20e-04	2.42e-04
 7.37529e+15	2.71e-03	1.29e-01	8.61e-01	7.38e-03	8.66e-05	0.00e+00	0.00e+00	0.00e+00	0.00e+00	1.58e-03	8.35e-04	2.80e-04
 7.41314e+15	3.20e-03	1.41e-01	8.49e-01	6.27e-03	6.70e-05	0.00e+00	0.00e+00	0.00e+00	0.00e+00	1.86e-03	9.83e-04	3.30e-04
 7.44753e+15	3.71e-03	1.53e-01	8.38e-01	5.41e-03	5.32e-05	0.00e+00	0.00e+00	0.00e+00	0.00e+00	2.16e-03	1.14e-03	3.83e-04
 7.47923e+15	4.27e-03	1.65e-01	8.26e-01	4.71e-03	4.28e-05	0.00e+00	0.00e+00	0.00e+00	0.00e+00	2.49e-03	1.32e-03	4.41e-04
 7.51519e+15	5.01e-03	1.79e-01	8.12e-01	4.00e-03	3.32e-05	0.00e+00	0.00e+00	0.00e+00	0.00e+00	2.91e-03	1.54e-03	5.17e-04
 7.55518e+15	6.01e-03	1.98e-01	7.93e-01	3.34e-03	2.51e-05	0.00e+00	0.00e+00	0.00e+00	0.00e+00	3.50e-03	1.85e-03	6.21e-04
 7.59158e+15	7.15e-03	2.16e-01	7.74e-01	2.82e-03	1.94e-05	0.00e+00	0.00e+00	0.00e+00	0.00e+00	4.16e-03	2.20e-03	7.38e-04
 7.62405e+15	8.37e-03	2.35e-01	7.54e-01	2.41e-03	1.53e-05	0.00e+00	0.00e+00	0.00e+00	0.00e+00	4.87e-03	2.57e-03	8.65e-04
 7.66022e+15	9.95e-03	2.57e-01	7.31e-01	2.01e-03	1.17e-05	0.00e+00	0.00e+00	0.00e+00	0.00e+00	5.79e-03	3.06e-03	1.03e-03
 7.70724e+15	1.25e-02	2.89e-01	6.97e-01	1.57e-03	8.11e-06	0.00e+00	0.00e+00	0.00e+00	0.00e+00	7.30e-03	3.86e-03	1.30e-03
 7.75422e+15	1.60e-02	3.27e-01	6.56e-01	1.21e-03	5.59e-06	0.00e+00	0.00e+00	0.00e+00	0.00e+00	9.34e-03	4.93e-03	1.66e-03
