#depth	C	C+	C+2	C+3	C+4	C+5	C+6	C[1]	C[2]	C[3]	C+[1]	C+[2]	CO
 1.49634e+10	0.00e+00	9.08e-28	4.31e-19	4.51e-11	2.46e-02	9.42e-01	3.34e-02	0.00e+00	0.00e+00	0.00e+00	0.00e+00	0.00e+00	0.00e+00
 4.54887e+10	3.83e-37	1.31e-27	5.70e-19	5.46e-11	2.72e-02	9.42e-01	3.06e-02	0.00e+00	0.00e+00	0.00e+00	0.00e+00	0.00e+00	4.77e-122
 7.72350e+10	0.00e+00	1.88e-27	7.52e-19	6.59e-11	3.00e-02	9.42e-01	2.80e-02	0.00e+00	0.00e+00	0.00e+00	0.00e+00	0.00e+00	0.00e+00
 1.10251e+11	9.43e-37	2.71e-27	9.93e-19	7.97e-11	3.31e-02	9.41e-01	2.56e-02	0.00e+00	0.00e+00	0.00e+00	0.00e+00	0.00e+00	5.20e-121
 1.43175e+11	0.00e+00	3.83e-27	1.29e-18	9.54e-11	3.64e-02	9.40e-01	2.35e-02	0.00e+00	0.00e+00	0.00e+00	0.00e+00	0.00e+00	0.00e+00
 1.77415e+11	2.25e-36	5.46e-27	1.70e-18	1.15e-10	4.00e-02	9.38e-01	2.15e-02	0.00e+00	0.00e+00	0.00e+00	0.00e+00	0.00e+00	5.19e-120
 2.14439e+11	0.00e+00	7.87e-27	2.25e-18	1.39e-10	4.41e-02	9.36e-01	1.96e-02	0.00e+00	0.00e+00	0.00e+00	0.00e+00	0.00e+00	0.00e+00
 2.52187e+11	5.51e-36	1.13e-26	2.96e-18	1.67e-10	4.85e-02	9.34e-01	1.79e-02	0.00e+00	0.00e+00	0.00e+00	0.00e+00	0.00e+00	5.59e-119
 2.89230e+11	0.00e+00	1.58e-26	3.84e-18	1.99e-10	5.31e-02	9.31e-01	1.64e-02	0.00e+00	0.00e+00	0.00e+00	0.00e+00	0.00e+00	0.00e+00
 3.28513e+11	1.29e-35	2.24e-26	5.01e-18	2.38e-10	5.81e-02	9.27e-01	1.50e-02	0.00e+00	0.00e+00	0.00e+00	0.00e+00	0.00e+00	5.31e-118
 3.71580e+11	0.00e+00	3.24e-26	6.64e-18	2.89e-10	6.40e-02	9.22e-01	1.36e-02	0.00e+00	0.00e+00	0.00e+00	0.00e+00	0.00e+00	0.00e+00
 4.16370e+11	3.21e-35	4.68e-26	8.80e-18	3.49e-10	7.04e-02	9.17e-01	1.23e-02	0.00e+00	0.00e+00	0.00e+00	0.00e+00	0.00e+00	5.87e-117
 4.62951e+11	0.00e+00	6.76e-26	1.17e-17	4.22e-10	7.74e-02	9.11e-01	1.11e-02	0.00e+00	0.00e+00	0.00e+00	0.00e+00	0.00e+00	0.00e+00
 5.11396e+11	7.95e-35	9.76e-26	1.55e-17	5.11e-10	8.50e-02	9.05e-01	1.01e-02	0.00e+00	0.00e+00	0.00e+00	0.00e+00	0.00e+00	6.45e-116
 5.61779e+11	1.25e-34	1.41e-25	2.05e-17	6.17e-10	9.34e-02	8.98e-01	9.09e-03	0.00e+00	0.00e+00	0.00e+00	0.00e+00	0.00e+00	4.06e-98
 6.07406e+11	1.85e-34	1.94e-25	2.62e-17	7.29e-10	1.01e-01	8.90e-01	8.30e-03	0.00e+00	0.00e+00	0.00e+00	0.00e+00	0.00e+00	3.78e-282
 6.45522e+11	2.55e-34	2.51e-25	3.19e-17	8.32e-10	1.08e-01	8.84e-01	7.71e-03	0.00e+00	0.00e+00	0.00e+00	0.00e+00	0.00e+00	1.40e-114
 6.87320e+11	3.57e-34	3.30e-25	3.94e-17	9.59e-10	1.16e-01	8.77e-01	7.13e-03	0.00e+00	0.00e+00	0.00e+00	0.00e+00	0.00e+00	4.25e-97
 7.40128e+11	5.39e-34	4.60e-25	5.10e-17	1.14e-09	1.26e-01	8.68e-01	6.46e-03	0.00e+00	0.00e+00	0.00e+00	0.00e+00	0.00e+00	0.00e+00
 7.95139e+11	8.15e-34	6.43e-25	6.60e-17	1.36e-09	1.36e-01	8.58e-01	5.84e-03	0.00e+00	0.00e+00	0.00e+00	0.00e+00	0.00e+00	3.05e-113
 8.42195e+11	1.14e-33	8.47e-25	8.16e-17	1.56e-09	1.46e-01	8.49e-01	5.37e-03	0.00e+00	0.00e+00	0.00e+00	0.00e+00	0.00e+00	5.69e-96
 8.91015e+11	1.61e-33	1.11e-24	1.01e-16	1.80e-09	1.56e-01	8.39e-01	4.94e-03	0.00e+00	0.00e+00	0.00e+00	0.00e+00	0.00e+00	5.56e-283
 9.51944e+11	2.41e-33	1.55e-24	1.30e-16	2.14e-09	1.69e-01	8.27e-01	4.45e-03	0.00e+00	0.00e+00	0.00e+00	0.00e+00	0.00e+00	5.46e-112
 1.01370e+12	3.58e-33	2.14e-24	1.67e-16	2.52e-09	1.82e-01	8.14e-01	4.02e-03	0.00e+00	0.00e+00	0.00e+00	0.00e+00	0.00e+00	7.25e-95
 1.06736e+12	4.98e-33	2.80e-24	2.05e-16	2.89e-09	1.94e-01	8.03e-01	3.68e-03	0.00e+00	0.00e+00	0.00e+00	0.00e+00	0.00e+00	3.79e-111
 1.12541e+12	7.02e-33	3.69e-24	2.54e-16	3.34e-09	2.07e-01	7.90e-01	3.36e-03	0.00e+00	0.00e+00	0.00e+00	0.00e+00	0.00e+00	3.25e-94
 1.19634e+12	1.05e-32	5.11e-24	3.27e-16	3.95e-09	2.23e-01	7.74e-01	3.01e-03	0.00e+00	0.00e+00	0.00e+00	0.00e+00	0.00e+00	2.80e-110
 1.26864e+12	1.55e-32	7.02e-24	4.18e-16	4.64e-09	2.39e-01	7.58e-01	2.69e-03	0.00e+00	0.00e+00	0.00e+00	0.00e+00	0.00e+00	1.91e-93
 1.33470e+12	2.18e-32	9.26e-24	5.17e-16	5.35e-09	2.54e-01	7.43e-01	2.44e-03	0.00e+00	0.00e+00	0.00e+00	0.00e+00	0.00e+00	2.03e-109
 1.40804e+12	3.13e-32	1.24e-23	6.49e-16	6.21e-09	2.71e-01	7.27e-01	2.20e-03	0.00e+00	0.00e+00	0.00e+00	0.00e+00	0.00e+00	9.32e-93
 1.49344e+12	4.69e-32	1.72e-23	8.35e-16	7.33e-09	2.91e-01	7.07e-01	1.95e-03	0.00e+00	0.00e+00	0.00e+00	0.00e+00	0.00e+00	1.64e-108
 1.57802e+12	6.85e-32	2.34e-23	1.06e-15	8.56e-09	3.10e-01	6.88e-01	1.74e-03	0.00e+00	0.00e+00	0.00e+00	0.00e+00	0.00e+00	5.47e-92
 1.65881e+12	9.68e-32	3.10e-23	1.31e-15	9.85e-09	3.28e-01	6.70e-01	1.56e-03	0.00e+00	0.00e+00	0.00e+00	0.00e+00	0.00e+00	1.21e-107
 1.74791e+12	1.39e-31	4.16e-23	1.65e-15	1.14e-08	3.48e-01	6.50e-01	1.39e-03	0.00e+00	0.00e+00	0.00e+00	0.00e+00	0.00e+00	2.77e-91
 1.84776e+12	2.06e-31	5.69e-23	2.09e-15	1.33e-08	3.70e-01	6.28e-01	1.22e-03	0.00e+00	0.00e+00	0.00e+00	0.00e+00	0.00e+00	9.84e-107
 1.94808e+12	2.98e-31	7.68e-23	2.63e-15	1.55e-08	3.92e-01	6.07e-01	1.08e-03	0.00e+00	0.00e+00	0.00e+00	0.00e+00	0.00e+00	1.59e-90
 2.03798e+12	4.10e-31	9.92e-23	3.20e-15	1.75e-08	4.11e-01	5.88e-01	9.70e-04	0.00e+00	0.00e+00	0.00e+00	0.00e+00	0.00e+00	6.85e-106
 2.11417e+12	5.31e-31	1.22e-22	3.76e-15	1.94e-08	4.27e-01	5.72e-01	8.86e-04	0.00e+00	0.00e+00	0.00e+00	0.00e+00	0.00e+00	6.08e-90
 2.19632e+12	6.96e-31	1.52e-22	4.43e-15	2.16e-08	4.43e-01	5.56e-01	8.07e-04	0.00e+00	0.00e+00	0.00e+00	0.00e+00	0.00e+00	3.08e-105
 2.30257e+12	9.72e-31	1.99e-22	5.43e-15	2.45e-08	4.64e-01	5.35e-01	7.15e-04	0.00e+00	0.00e+00	0.00e+00	0.00e+00	0.00e+00	2.51e-89
 2.41340e+12	1.36e-30	2.60e-22	6.66e-15	2.79e-08	4.85e-01	5.14e-01	6.33e-04	0.00e+00	0.00e+00	0.00e+00	0.00e+00	0.00e+00	2.10e-104
 2.50841e+12	1.79e-30	3.24e-22	7.86e-15	3.10e-08	5.02e-01	4.97e-01	5.72e-04	0.00e+00	0.00e+00	0.00e+00	0.00e+00	0.00e+00	1.06e-88
 2.60964e+12	2.37e-30	4.05e-22	9.32e-15	3.44e-08	5.20e-01	4.79e-01	5.14e-04	0.00e+00	0.00e+00	0.00e+00	0.00e+00	0.00e+00	1.05e-103
 2.73515e+12	3.31e-30	5.30e-22	1.14e-14	3.90e-08	5.41e-01	4.58e-01	4.52e-04	0.00e+00	0.00e+00	0.00e+00	0.00e+00	0.00e+00	4.60e-88
 2.86407e+12	4.60e-30	6.89e-22	1.39e-14	4.41e-08	5.62e-01	4.37e-01	3.97e-04	0.00e+00	0.00e+00	0.00e+00	0.00e+00	0.00e+00	7.35e-103
 2.98022e+12	6.11e-30	8.63e-22	1.64e-14	4.89e-08	5.80e-01	4.20e-01	3.55e-04	0.00e+00	0.00e+00	0.00e+00	0.00e+00	0.00e+00	2.02e-87
 3.10794e+12	8.26e-30	1.10e-21	1.96e-14	5.45e-08	5.99e-01	4.01e-01	3.15e-04	0.00e+00	0.00e+00	0.00e+00	0.00e+00	0.00e+00	4.13e-102
 3.24727e+12	1.13e-29	1.41e-21	2.36e-14	6.11e-08	6.18e-01	3.82e-01	2.76e-04	0.00e+00	0.00e+00	0.00e+00	0.00e+00	0.00e+00	8.95e-87
 3.37382e+12	1.49e-29	1.75e-21	2.78e-14	6.73e-08	6.35e-01	3.65e-01	2.46e-04	0.00e+00	0.00e+00	0.00e+00	0.00e+00	0.00e+00	2.38e-101
 3.51048e+12	1.98e-29	2.19e-21	3.28e-14	7.44e-08	6.52e-01	3.48e-01	2.19e-04	0.00e+00	0.00e+00	0.00e+00	0.00e+00	0.00e+00	3.52e-86
 3.66406e+12	2.69e-29	2.79e-21	3.93e-14	8.28e-08	6.70e-01	3.30e-01	1.92e-04	0.00e+00	0.00e+00	0.00e+00	0.00e+00	0.00e+00	1.41e-100
 3.80977e+12	3.55e-29	3.48e-21	4.62e-14	9.12e-08	6.86e-01	3.14e-01	1.70e-04	0.00e+00	0.00e+00	0.00e+00	0.00e+00	0.00e+00	1.50e-85
 3.96929e+12	4.77e-29	4.38e-21	5.48e-14	1.01e-07	7.02e-01	2.98e-01	1.49e-04	0.00e+00	0.00e+00	0.00e+00	0.00e+00	0.00e+00	8.08e-100
 4.14583e+12	6.52e-29	5.60e-21	6.56e-14	1.12e-07	7.19e-01	2.81e-01	1.30e-04	0.00e+00	0.00e+00	0.00e+00	0.00e+00	0.00e+00	6.84e-85
 4.30985e+12	8.62e-29	6.98e-21	7.70e-14	1.23e-07	7.33e-01	2.67e-01	1.15e-04	0.00e+00	0.00e+00	0.00e+00	0.00e+00	0.00e+00	4.93e-99
 4.48846e+12	1.15e-28	8.77e-21	9.09e-14	1.36e-07	7.48e-01	2.52e-01	1.00e-04	0.00e+00	0.00e+00	0.00e+00	0.00e+00	0.00e+00	2.88e-84
 4.68858e+12	1.58e-28	1.12e-20	1.09e-13	1.51e-07	7.63e-01	2.37e-01	8.67e-05	0.00e+00	0.00e+00	0.00e+00	0.00e+00	0.00e+00	3.19e-98
 4.87813e+12	2.10e-28	1.40e-20	1.28e-13	1.65e-07	7.77e-01	2.23e-01	7.60e-05	0.00e+00	0.00e+00	0.00e+00	0.00e+00	0.00e+00	1.32e-83
 5.08284e+12	2.83e-28	1.77e-20	1.51e-13	1.82e-07	7.90e-01	2.10e-01	6.62e-05	0.00e+00	0.00e+00	0.00e+00	0.00e+00	0.00e+00	1.95e-97
 5.31074e+12	3.88e-28	2.26e-20	1.80e-13	2.01e-07	8.04e-01	1.96e-01	5.69e-05	0.00e+00	0.00e+00	0.00e+00	0.00e+00	0.00e+00	6.31e-83
 5.53036e+12	5.21e-28	2.84e-20	2.13e-13	2.20e-07	8.15e-01	1.85e-01	4.95e-05	0.00e+00	0.00e+00	0.00e+00	0.00e+00	0.00e+00	1.31e-96
 5.76411e+12	7.03e-28	3.59e-20	2.51e-13	2.42e-07	8.27e-01	1.73e-01	4.29e-05	0.00e+00	0.00e+00	0.00e+00	0.00e+00	0.00e+00	2.91e-82
 6.02460e+12	9.68e-28	4.60e-20	3.00e-13	2.67e-07	8.39e-01	1.61e-01	3.67e-05	0.00e+00	0.00e+00	0.00e+00	0.00e+00	0.00e+00	9.17e-96
 6.28591e+12	1.32e-27	5.84e-20	3.55e-13	2.94e-07	8.50e-01	1.50e-01	3.16e-05	0.00e+00	0.00e+00	0.00e+00	0.00e+00	0.00e+00	1.49e-81
 6.55766e+12	1.79e-27	7.41e-20	4.21e-13	3.23e-07	8.60e-01	1.40e-01	2.72e-05	0.00e+00	0.00e+00	0.00e+00	0.00e+00	0.00e+00	6.43e-95
 6.84989e+12	2.46e-27	9.47e-20	5.01e-13	3.55e-07	8.70e-01	1.30e-01	2.33e-05	0.00e+00	0.00e+00	0.00e+00	0.00e+00	0.00e+00	7.61e-81
 7.15382e+12	3.38e-27	1.21e-19	5.95e-13	3.90e-07	8.79e-01	1.21e-01	1.99e-05	0.00e+00	0.00e+00	0.00e+00	0.00e+00	0.00e+00	4.82e-94
 7.45273e+12	4.56e-27	1.52e-19	7.00e-13	4.26e-07	8.87e-01	1.13e-01	1.72e-05	0.00e+00	0.00e+00	0.00e+00	0.00e+00	0.00e+00	3.85e-80
 7.73047e+12	5.96e-27	1.87e-19	8.09e-13	4.61e-07	8.94e-01	1.06e-01	1.50e-05	0.00e+00	0.00e+00	0.00e+00	0.00e+00	0.00e+00	2.94e-93
 7.98102e+12	7.53e-27	2.24e-19	9.18e-13	4.94e-07	9.00e-01	1.00e-01	1.34e-05	0.00e+00	0.00e+00	0.00e+00	0.00e+00	0.00e+00	1.45e-79
 8.24960e+12	9.62e-27	2.70e-19	1.05e-12	5.30e-07	9.05e-01	9.48e-02	1.18e-05	0.00e+00	0.00e+00	0.00e+00	0.00e+00	0.00e+00	1.36e-92
 8.58440e+12	1.29e-26	3.38e-19	1.22e-12	5.76e-07	9.12e-01	8.84e-02	1.02e-05	0.00e+00	0.00e+00	0.00e+00	0.00e+00	0.00e+00	6.02e-79
 8.92022e+12	1.71e-26	4.20e-19	1.42e-12	6.25e-07	9.17e-01	8.26e-02	8.88e-06	0.00e+00	0.00e+00	0.00e+00	0.00e+00	0.00e+00	8.60e-92
 9.20846e+12	2.17e-26	5.03e-19	1.61e-12	6.68e-07	9.22e-01	7.81e-02	7.89e-06	0.00e+00	0.00e+00	0.00e+00	0.00e+00	0.00e+00	2.40e-78
 9.51991e+12	2.77e-26	6.07e-19	1.84e-12	7.15e-07	9.26e-01	7.36e-02	6.98e-06	0.00e+00	0.00e+00	0.00e+00	0.00e+00	0.00e+00	4.06e-91
 9.90484e+12	3.72e-26	7.60e-19	2.14e-12	7.77e-07	9.31e-01	6.86e-02	6.02e-06	0.00e+00	0.00e+00	0.00e+00	0.00e+00	0.00e+00	1.02e-77
 1.02903e+13	4.95e-26	9.44e-19	2.49e-12	8.40e-07	9.36e-01	6.40e-02	5.22e-06	0.00e+00	0.00e+00	0.00e+00	0.00e+00	0.00e+00	2.61e-90
 1.06230e+13	6.28e-26	1.13e-18	2.82e-12	8.97e-07	9.40e-01	6.04e-02	4.64e-06	0.00e+00	0.00e+00	0.00e+00	0.00e+00	0.00e+00	4.17e-77
 1.09823e+13	8.05e-26	1.37e-18	3.21e-12	9.60e-07	9.43e-01	5.69e-02	4.10e-06	0.00e+00	0.00e+00	0.00e+00	0.00e+00	0.00e+00	1.26e-89
 1.14240e+13	1.08e-25	1.71e-18	3.74e-12	1.04e-06	9.47e-01	5.29e-02	3.53e-06	0.00e+00	0.00e+00	0.00e+00	0.00e+00	0.00e+00	1.81e-76
 1.18697e+13	1.44e-25	2.13e-18	4.35e-12	1.12e-06	9.51e-01	4.93e-02	3.06e-06	0.00e+00	0.00e+00	0.00e+00	0.00e+00	0.00e+00	3.93e-76
 1.22644e+13	1.85e-25	2.57e-18	4.94e-12	1.20e-06	9.54e-01	4.65e-02	2.71e-06	0.00e+00	0.00e+00	0.00e+00	0.00e+00	0.00e+00	7.68e-76
 1.26958e+13	2.40e-25	3.13e-18	5.65e-12	1.29e-06	9.56e-01	4.36e-02	2.38e-06	0.00e+00	0.00e+00	0.00e+00	0.00e+00	0.00e+00	1.56e-75
 1.32133e+13	3.24e-25	3.93e-18	6.60e-12	1.40e-06	9.59e-01	4.05e-02	2.04e-06	0.00e+00	0.00e+00	0.00e+00	0.00e+00	0.00e+00	3.53e-75
 1.37292e+13	4.34e-25	4.90e-18	7.66e-12	1.51e-06	9.62e-01	3.77e-02	1.77e-06	0.00e+00	0.00e+00	0.00e+00	0.00e+00	0.00e+00	7.77e-75
 1.41989e+13	5.60e-25	5.94e-18	8.73e-12	1.61e-06	9.65e-01	3.54e-02	1.56e-06	0.00e+00	0.00e+00	0.00e+00	0.00e+00	0.00e+00	1.56e-74
 1.47221e+13	7.38e-25	7.32e-18	1.00e-11	1.73e-06	9.67e-01	3.31e-02	1.36e-06	0.00e+00	0.00e+00	0.00e+00	0.00e+00	0.00e+00	3.30e-74
 1.53331e+13	1.01e-24	9.24e-18	1.18e-11	1.88e-06	9.69e-01	3.07e-02	1.16e-06	0.00e+00	0.00e+00	0.00e+00	0.00e+00	0.00e+00	7.67e-74
 1.59355e+13	1.35e-24	1.15e-17	1.37e-11	2.03e-06	9.71e-01	2.86e-02	1.00e-06	0.00e+00	0.00e+00	0.00e+00	0.00e+00	0.00e+00	1.71e-73
 1.65051e+13	1.77e-24	1.41e-17	1.57e-11	2.17e-06	9.73e-01	2.67e-02	8.78e-07	0.00e+00	0.00e+00	0.00e+00	0.00e+00	0.00e+00	3.57e-73
 1.71383e+13	2.36e-24	1.76e-17	1.82e-11	2.34e-06	9.75e-01	2.49e-02	0.00e+00	0.00e+00	0.00e+00	0.00e+00	0.00e+00	0.00e+00	7.84e-73
 1.78538e+13	3.23e-24	2.23e-17	2.13e-11	2.54e-06	9.77e-01	2.30e-02	0.00e+00	0.00e+00	0.00e+00	0.00e+00	0.00e+00	0.00e+00	1.84e-72
 1.85718e+13	4.37e-24	2.80e-17	2.48e-11	2.75e-06	9.79e-01	2.14e-02	0.00e+00	0.00e+00	0.00e+00	0.00e+00	0.00e+00	0.00e+00	4.22e-72
 1.93186e+13	5.92e-24	3.51e-17	2.90e-11	2.97e-06	9.80e-01	1.98e-02	0.00e+00	0.00e+00	0.00e+00	0.00e+00	0.00e+00	0.00e+00	9.67e-72
 2.01213e+13	8.09e-24	4.45e-17	3.39e-11	3.22e-06	9.82e-01	1.84e-02	0.00e+00	0.00e+00	0.00e+00	0.00e+00	0.00e+00	0.00e+00	2.27e-71
 2.08981e+13	1.08e-23	5.55e-17	3.94e-11	3.47e-06	9.83e-01	1.71e-02	0.00e+00	0.00e+00	0.00e+00	0.00e+00	1.78e-17	3.77e-17	5.05e-71
 2.16279e+13	1.41e-23	6.77e-17	4.50e-11	3.72e-06	9.84e-01	1.60e-02	0.00e+00	0.00e+00	0.00e+00	0.00e+00	2.25e-17	4.52e-17	1.04e-70
 2.24450e+13	1.88e-23	8.40e-17	5.20e-11	4.00e-06	9.85e-01	1.49e-02	0.00e+00	0.00e+00	0.00e+00	0.00e+00	2.79e-17	5.61e-17	2.27e-70
 2.32688e+13	2.48e-23	1.04e-16	6.00e-11	4.30e-06	9.86e-01	1.39e-02	0.00e+00	0.00e+00	0.00e+00	0.00e+00	3.44e-17	6.92e-17	4.85e-70
 2.39520e+13	3.10e-23	1.23e-16	6.72e-11	4.55e-06	9.87e-01	1.31e-02	0.00e+00	0.00e+00	0.00e+00	0.00e+00	4.07e-17	8.19e-17	8.95e-70
 2.46748e+13	3.90e-23	1.46e-16	7.55e-11	4.83e-06	9.88e-01	1.24e-02	0.00e+00	0.00e+00	0.00e+00	0.00e+00	4.84e-17	9.73e-17	1.67e-69
 2.56000e+13	5.19e-23	1.81e-16	8.72e-11	5.20e-06	9.88e-01	1.15e-02	0.00e+00	0.00e+00	0.00e+00	0.00e+00	5.99e-17	1.21e-16	3.63e-69
 2.65710e+13	6.91e-23	2.24e-16	1.01e-10	5.61e-06	9.89e-01	1.07e-02	0.00e+00	0.00e+00	0.00e+00	0.00e+00	7.44e-17	1.50e-16	8.03e-69
 2.74289e+13	8.84e-23	2.70e-16	1.14e-10	5.97e-06	9.90e-01	1.01e-02	0.00e+00	0.00e+00	0.00e+00	0.00e+00	8.96e-17	1.80e-16	1.56e-68
 2.83572e+13	1.14e-22	3.28e-16	1.31e-10	6.39e-06	9.91e-01	9.43e-03	0.00e+00	0.00e+00	0.00e+00	0.00e+00	1.09e-16	2.19e-16	3.14e-68
 2.94746e+13	1.54e-22	4.11e-16	1.52e-10	6.90e-06	9.91e-01	8.73e-03	0.00e+00	0.00e+00	0.00e+00	0.00e+00	1.36e-16	2.74e-16	7.06e-68
 3.06069e+13	2.06e-22	5.12e-16	1.77e-10	7.45e-06	9.92e-01	8.11e-03	0.00e+00	0.00e+00	0.00e+00	0.00e+00	1.70e-16	3.42e-16	1.56e-67
 3.16660e+13	2.68e-22	6.24e-16	2.02e-10	7.98e-06	9.92e-01	7.58e-03	0.00e+00	0.00e+00	0.00e+00	0.00e+00	2.07e-16	4.17e-16	3.19e-67
 3.28441e+13	3.55e-22	7.72e-16	2.34e-10	8.59e-06	9.93e-01	7.04e-03	0.00e+00	0.00e+00	0.00e+00	0.00e+00	2.56e-16	5.16e-16	6.86e-67
 3.40943e+13	4.73e-22	9.61e-16	2.71e-10	9.27e-06	9.93e-01	6.54e-03	0.00e+00	0.00e+00	0.00e+00	0.00e+00	3.19e-16	6.42e-16	1.50e-66
 3.52055e+13	6.06e-22	1.16e-15	3.08e-10	9.89e-06	9.94e-01	6.13e-03	0.00e+00	0.00e+00	0.00e+00	0.00e+00	3.84e-16	7.74e-16	2.95e-66
 3.64008e+13	7.84e-22	1.41e-15	3.52e-10	1.06e-05	9.94e-01	5.73e-03	0.00e+00	0.00e+00	0.00e+00	0.00e+00	4.67e-16	9.41e-16	5.93e-66
 3.78329e+13	1.06e-21	1.76e-15	4.10e-10	1.15e-05	9.95e-01	5.31e-03	0.00e+00	0.00e+00	0.00e+00	0.00e+00	5.85e-16	1.18e-15	1.33e-65
 3.92421e+13	1.40e-21	2.18e-15	4.75e-10	1.24e-05	9.95e-01	4.93e-03	0.00e+00	0.00e+00	0.00e+00	0.00e+00	7.25e-16	1.46e-15	2.86e-65
 4.04969e+13	1.78e-21	2.63e-15	5.38e-10	1.32e-05	9.95e-01	4.63e-03	0.00e+00	0.00e+00	0.00e+00	0.00e+00	8.71e-16	1.76e-15	5.54e-65
 4.18820e+13	2.31e-21	3.20e-15	6.15e-10	1.41e-05	9.96e-01	4.32e-03	0.00e+00	0.00e+00	0.00e+00	0.00e+00	1.06e-15	2.14e-15	1.12e-64
 4.35332e+13	3.11e-21	4.01e-15	7.18e-10	1.53e-05	9.96e-01	4.00e-03	0.00e+00	0.00e+00	0.00e+00	0.00e+00	1.33e-15	2.68e-15	2.51e-64
 4.51729e+13	4.14e-21	4.98e-15	8.33e-10	1.65e-05	9.96e-01	3.71e-03	0.00e+00	0.00e+00	0.00e+00	0.00e+00	1.65e-15	3.33e-15	5.46e-64
 4.66726e+13	5.33e-21	6.02e-15	9.49e-10	1.76e-05	9.97e-01	3.47e-03	0.00e+00	0.00e+00	0.00e+00	0.00e+00	2.00e-15	4.03e-15	1.08e-63
 4.83478e+13	6.99e-21	7.40e-15	1.09e-09	1.89e-05	9.97e-01	3.23e-03	0.00e+00	0.00e+00	0.00e+00	0.00e+00	2.45e-15	4.95e-15	2.27e-63
 5.02955e+13	9.48e-21	9.33e-15	1.28e-09	2.05e-05	9.97e-01	2.98e-03	0.00e+00	0.00e+00	0.00e+00	0.00e+00	3.09e-15	6.24e-15	5.18e-63
 5.22074e+13	1.26e-20	1.16e-14	1.49e-09	2.22e-05	9.97e-01	2.76e-03	0.00e+00	0.00e+00	0.00e+00	0.00e+00	3.85e-15	7.76e-15	1.14e-62
 5.40157e+13	1.64e-20	1.42e-14	1.70e-09	2.38e-05	9.97e-01	2.58e-03	0.00e+00	0.00e+00	0.00e+00	0.00e+00	4.69e-15	9.47e-15	2.32e-62
 5.60262e+13	2.18e-20	1.75e-14	1.97e-09	2.56e-05	9.98e-01	2.39e-03	0.00e+00	0.00e+00	0.00e+00	0.00e+00	5.81e-15	1.17e-14	5.00e-62
 5.82972e+13	2.96e-20	2.21e-14	2.31e-09	2.78e-05	9.98e-01	2.21e-03	0.00e+00	0.00e+00	0.00e+00	0.00e+00	7.34e-15	1.48e-14	1.15e-61
 6.04522e+13	3.93e-20	2.74e-14	2.67e-09	2.99e-05	9.98e-01	2.05e-03	0.00e+00	0.00e+00	0.00e+00	0.00e+00	9.08e-15	1.83e-14	2.48e-61
 6.24139e+13	5.03e-20	3.31e-14	3.04e-09	3.20e-05	9.98e-01	1.92e-03	0.00e+00	0.00e+00	0.00e+00	0.00e+00	1.09e-14	2.21e-14	4.88e-61
 6.46322e+13	6.59e-20	4.06e-14	3.49e-09	3.43e-05	9.98e-01	1.79e-03	0.00e+00	0.00e+00	0.00e+00	0.00e+00	1.34e-14	2.71e-14	1.02e-60
 6.72188e+13	8.93e-20	5.11e-14	4.08e-09	3.72e-05	9.98e-01	1.65e-03	0.00e+00	0.00e+00	0.00e+00	0.00e+00	1.69e-14	3.42e-14	2.34e-60
 6.97034e+13	1.18e-19	6.32e-14	4.72e-09	4.01e-05	9.98e-01	1.54e-03	0.00e+00	0.00e+00	0.00e+00	0.00e+00	2.09e-14	4.23e-14	5.05e-60
 7.19550e+13	1.52e-19	7.62e-14	5.36e-09	4.27e-05	9.99e-01	1.44e-03	0.00e+00	0.00e+00	0.00e+00	0.00e+00	2.52e-14	5.10e-14	9.93e-60
 7.40727e+13	1.90e-19	9.04e-14	6.02e-09	4.53e-05	9.99e-01	1.36e-03	0.00e+00	0.00e+00	0.00e+00	0.00e+00	2.99e-14	6.05e-14	1.84e-59
 7.64141e+13	2.42e-19	1.09e-13	6.82e-09	4.83e-05	9.99e-01	1.28e-03	0.00e+00	0.00e+00	0.00e+00	0.00e+00	3.59e-14	7.27e-14	3.56e-59
 7.90331e+13	3.15e-19	1.32e-13	7.80e-09	5.17e-05	9.99e-01	1.19e-03	0.00e+00	0.00e+00	0.00e+00	0.00e+00	4.38e-14	8.86e-14	7.30e-59
 8.15113e+13	4.00e-19	1.59e-13	8.82e-09	5.51e-05	9.99e-01	1.12e-03	0.00e+00	0.00e+00	0.00e+00	0.00e+00	5.25e-14	1.06e-13	1.41e-58
 8.42311e+13	5.17e-19	1.93e-13	1.01e-08	5.89e-05	9.99e-01	1.05e-03	0.00e+00	0.00e+00	0.00e+00	0.00e+00	6.37e-14	1.29e-13	2.85e-58
 8.72731e+13	6.82e-19	2.38e-13	1.16e-08	6.33e-05	9.99e-01	9.75e-04	0.00e+00	0.00e+00	0.00e+00	0.00e+00	7.85e-14	1.59e-13	6.08e-58
 9.01430e+13	8.78e-19	2.88e-13	1.32e-08	6.76e-05	9.99e-01	9.13e-04	0.00e+00	0.00e+00	0.00e+00	0.00e+00	9.50e-14	1.93e-13	1.22e-57
 9.32827e+13	1.15e-18	3.52e-13	1.51e-08	7.24e-05	9.99e-01	8.52e-04	0.00e+00	0.00e+00	0.00e+00	0.00e+00	1.16e-13	2.36e-13	2.53e-57
 9.67551e+13	1.53e-18	4.37e-13	1.75e-08	7.80e-05	9.99e-01	7.91e-04	0.00e+00	0.00e+00	0.00e+00	0.00e+00	1.44e-13	2.93e-13	5.54e-57
 9.99665e+13	1.97e-18	5.30e-13	1.99e-08	8.33e-05	9.99e-01	7.41e-04	0.00e+00	0.00e+00	0.00e+00	0.00e+00	1.75e-13	3.55e-13	1.12e-56
 1.03448e+14	2.57e-18	6.48e-13	2.29e-08	8.93e-05	9.99e-01	6.91e-04	0.00e+00	0.00e+00	0.00e+00	0.00e+00	2.14e-13	4.34e-13	2.33e-56
 1.07335e+14	3.43e-18	8.06e-13	2.65e-08	9.63e-05	9.99e-01	6.41e-04	0.00e+00	0.00e+00	0.00e+00	0.00e+00	2.66e-13	5.40e-13	5.13e-56
 1.10985e+14	4.46e-18	9.82e-13	3.03e-08	1.03e-04	9.99e-01	5.99e-04	0.00e+00	0.00e+00	0.00e+00	0.00e+00	3.24e-13	6.58e-13	1.05e-55
 1.14964e+14	5.86e-18	1.21e-12	3.49e-08	1.11e-04	9.99e-01	5.57e-04	0.00e+00	0.00e+00	0.00e+00	0.00e+00	3.98e-13	8.10e-13	2.24e-55
 1.19391e+14	7.87e-18	1.51e-12	4.06e-08	1.20e-04	9.99e-01	5.16e-04	0.00e+00	0.00e+00	0.00e+00	0.00e+00	4.97e-13	1.01e-12	5.03e-55
 1.23532e+14	1.03e-17	1.85e-12	4.65e-08	1.28e-04	9.99e-01	4.82e-04	0.00e+00	0.00e+00	0.00e+00	0.00e+00	6.08e-13	1.24e-12	1.05e-54
 1.28020e+14	1.35e-17	2.28e-12	5.37e-08	1.38e-04	9.99e-01	4.48e-04	0.00e+00	0.00e+00	0.00e+00	0.00e+00	7.50e-13	1.53e-12	2.24e-54
 1.33034e+14	1.82e-17	2.85e-12	6.26e-08	1.49e-04	9.99e-01	4.14e-04	0.00e+00	0.00e+00	0.00e+00	0.00e+00	9.39e-13	1.92e-12	5.09e-54
 1.37808e+14	2.39e-17	3.51e-12	7.22e-08	1.61e-04	9.99e-01	3.85e-04	0.00e+00	0.00e+00	0.00e+00	0.00e+00	1.15e-12	2.36e-12	1.08e-53
 1.42910e+14	3.17e-17	4.35e-12	8.35e-08	1.73e-04	9.99e-01	3.57e-04	0.00e+00	0.00e+00	0.00e+00	0.00e+00	1.43e-12	2.92e-12	2.34e-53
 1.48656e+14	4.29e-17	5.47e-12	9.79e-08	1.88e-04	9.99e-01	3.29e-04	0.00e+00	0.00e+00	0.00e+00	0.00e+00	1.80e-12	3.68e-12	5.41e-53
 1.54332e+14	5.72e-17	6.81e-12	1.14e-07	2.03e-04	9.99e-01	3.04e-04	0.00e+00	4.70e-18	1.41e-17	2.36e-17	2.24e-12	4.58e-12	1.19e-52
 1.60235e+14	7.62e-17	8.48e-12	1.32e-07	2.20e-04	9.99e-01	2.81e-04	0.00e+00	6.27e-18	1.88e-17	3.15e-17	2.79e-12	5.70e-12	2.64e-52
 1.66488e+14	1.02e-16	1.06e-11	1.55e-07	2.38e-04	1.00e+00	2.59e-04	0.00e+00	8.39e-18	2.52e-17	4.21e-17	3.48e-12	7.12e-12	5.89e-52
 1.71722e+14	1.29e-16	1.27e-11	1.75e-07	2.54e-04	1.00e+00	2.43e-04	0.00e+00	1.06e-17	3.19e-17	5.33e-17	4.17e-12	8.53e-12	1.14e-51
 1.75761e+14	1.54e-16	1.45e-11	1.93e-07	2.67e-04	1.00e+00	2.31e-04	0.00e+00	1.27e-17	3.80e-17	6.35e-17	4.76e-12	9.76e-12	1.84e-51
 1.80136e+14	1.85e-16	1.67e-11	2.13e-07	2.82e-04	9.99e-01	2.20e-04	0.00e+00	1.52e-17	4.57e-17	7.64e-17	5.49e-12	1.13e-11	3.07e-51
 1.85822e+14	2.33e-16	2.00e-11	2.41e-07	3.01e-04	9.99e-01	2.06e-04	0.00e+00	1.92e-17	5.77e-17	9.65e-17	6.57e-12	1.35e-11	5.87e-51
 1.91996e+14	2.97e-16	2.42e-11	2.76e-07	3.23e-04	9.99e-01	1.92e-04	0.00e+00	2.45e-17	7.37e-17	1.23e-16	7.92e-12	1.63e-11	1.16e-50
 1.97574e+14	3.68e-16	2.85e-11	3.10e-07	3.44e-04	9.99e-01	1.80e-04	0.00e+00	3.04e-17	9.12e-17	1.52e-16	9.33e-12	1.92e-11	2.09e-50
 2.03598e+14	4.59e-16	3.38e-11	3.50e-07	3.67e-04	9.99e-01	1.69e-04	0.00e+00	3.79e-17	1.14e-16	1.90e-16	1.11e-11	2.28e-11	3.88e-50
 2.11157e+14	6.00e-16	4.17e-11	4.06e-07	3.97e-04	9.99e-01	1.56e-04	0.00e+00	4.96e-17	1.49e-16	2.49e-16	1.36e-11	2.80e-11	8.22e-50
 2.18760e+14	7.76e-16	5.09e-11	4.69e-07	4.29e-04	9.99e-01	1.45e-04	0.00e+00	6.42e-17	1.93e-16	3.22e-16	1.67e-11	3.43e-11	1.70e-49
 2.25229e+14	9.60e-16	6.01e-11	5.28e-07	4.57e-04	9.99e-01	1.36e-04	0.00e+00	7.94e-17	2.39e-16	3.99e-16	1.97e-11	4.04e-11	3.09e-49
 2.32179e+14	1.19e-15	7.13e-11	5.97e-07	4.89e-04	9.99e-01	1.27e-04	0.00e+00	9.87e-17	2.96e-16	4.95e-16	2.33e-11	4.80e-11	5.70e-49
 2.40845e+14	1.55e-15	8.77e-11	6.94e-07	5.31e-04	9.99e-01	1.17e-04	0.00e+00	1.29e-16	3.86e-16	6.45e-16	2.87e-11	5.90e-11	1.21e-48
 2.49788e+14	2.01e-15	1.08e-10	8.05e-07	5.76e-04	9.99e-01	1.08e-04	0.00e+00	1.67e-16	5.01e-16	8.37e-16	3.52e-11	7.24e-11	2.53e-48
 2.57762e+14	2.51e-15	1.28e-10	9.15e-07	6.18e-04	9.99e-01	1.01e-04	0.00e+00	2.09e-16	6.26e-16	1.05e-15	4.19e-11	8.63e-11	4.78e-48
 2.66427e+14	3.16e-15	1.54e-10	1.05e-06	6.66e-04	9.99e-01	9.37e-05	0.00e+00	2.63e-16	7.89e-16	1.32e-15	5.03e-11	1.04e-10	9.27e-48
 2.76766e+14	4.13e-15	1.90e-10	1.22e-06	7.26e-04	9.99e-01	8.61e-05	0.00e+00	3.44e-16	1.03e-15	1.72e-15	6.22e-11	1.28e-10	2.01e-47
 2.86950e+14	5.30e-15	2.32e-10	1.42e-06	7.88e-04	9.99e-01	7.95e-05	0.00e+00	4.42e-16	1.33e-15	2.22e-15	7.59e-11	1.56e-10	4.17e-47
 2.96107e+14	6.57e-15	2.76e-10	1.61e-06	8.46e-04	9.99e-01	7.41e-05	0.00e+00	5.48e-16	1.65e-15	2.75e-15	9.01e-11	1.86e-10	7.84e-47
 3.06260e+14	8.29e-15	3.32e-10	1.85e-06	9.13e-04	9.99e-01	6.87e-05	0.00e+00	6.92e-16	2.08e-15	3.47e-15	1.08e-10	2.23e-10	1.55e-46
 3.18254e+14	1.08e-14	4.09e-10	2.16e-06	9.97e-04	9.99e-01	6.30e-05	0.00e+00	9.00e-16	2.70e-15	4.52e-15	1.34e-10	2.75e-10	3.38e-46
 3.30107e+14	1.38e-14	4.99e-10	2.51e-06	1.08e-03	9.99e-01	5.81e-05	0.00e+00	1.15e-15	3.47e-15	5.79e-15	1.63e-10	3.36e-10	7.08e-46
 3.41059e+14	1.72e-14	5.96e-10	2.86e-06	1.17e-03	9.99e-01	5.40e-05	0.00e+00	1.44e-15	4.32e-15	7.22e-15	1.95e-10	4.01e-10	1.37e-45
 3.53355e+14	2.18e-14	7.22e-10	3.30e-06	1.27e-03	9.99e-01	4.99e-05	0.00e+00	1.83e-15	5.49e-15	9.17e-15	2.36e-10	4.86e-10	2.81e-45
 3.67519e+14	2.83e-14	8.93e-10	3.87e-06	1.39e-03	9.99e-01	4.57e-05	0.00e+00	2.38e-15	7.15e-15	1.19e-14	2.92e-10	6.01e-10	6.26e-45
 3.81376e+14	3.62e-14	1.09e-09	4.49e-06	1.51e-03	9.98e-01	4.21e-05	0.00e+00	3.05e-15	9.15e-15	1.53e-14	3.57e-10	7.33e-10	1.33e-44
 3.95788e+14	4.63e-14	1.33e-09	5.22e-06	1.64e-03	9.98e-01	3.87e-05	0.00e+00	3.90e-15	1.17e-14	1.96e-14	4.35e-10	8.95e-10	2.84e-44
 4.11649e+14	6.00e-14	1.64e-09	6.11e-06	1.80e-03	9.98e-01	3.55e-05	0.00e+00	5.07e-15	1.52e-14	2.54e-14	5.38e-10	1.11e-09	6.36e-44
 4.25062e+14	7.41e-14	1.95e-09	6.95e-06	1.93e-03	9.98e-01	3.30e-05	0.00e+00	6.26e-15	1.88e-14	3.14e-14	6.39e-10	1.31e-09	1.23e-43
 4.34857e+14	8.60e-14	2.21e-09	7.61e-06	2.04e-03	9.98e-01	3.14e-05	0.00e+00	7.28e-15	2.18e-14	3.65e-14	7.22e-10	1.48e-09	1.96e-43
 4.45135e+14	1.00e-13	2.50e-09	8.36e-06	2.15e-03	9.98e-01	2.98e-05	0.00e+00	8.48e-15	2.55e-14	4.25e-14	8.19e-10	1.68e-09	3.17e-43
 4.58497e+14	1.22e-13	2.93e-09	9.42e-06	2.30e-03	9.98e-01	2.79e-05	0.00e+00	1.03e-14	3.09e-14	5.17e-14	9.60e-10	1.97e-09	5.84e-43
 4.73238e+14	1.50e-13	3.47e-09	1.07e-05	2.47e-03	9.97e-01	2.61e-05	0.00e+00	1.27e-14	3.81e-14	6.37e-14	1.14e-09	2.34e-09	1.15e-42
 4.86879e+14	1.80e-13	4.05e-09	1.20e-05	2.64e-03	9.97e-01	2.45e-05	0.00e+00	1.53e-14	4.60e-14	7.68e-14	1.33e-09	2.72e-09	2.07e-42
 5.01718e+14	2.20e-13	4.76e-09	1.35e-05	2.82e-03	9.97e-01	2.29e-05	0.00e+00	1.87e-14	5.60e-14	9.36e-14	1.56e-09	3.20e-09	3.89e-42
 5.18392e+14	2.72e-13	5.67e-09	1.54e-05	3.04e-03	9.97e-01	2.14e-05	0.00e+00	2.32e-14	6.95e-14	1.16e-13	1.86e-09	3.81e-09	7.84e-42
 5.34259e+14	3.31e-13	6.67e-09	1.74e-05	3.26e-03	9.97e-01	2.00e-05	0.00e+00	2.82e-14	8.47e-14	1.42e-13	2.19e-09	4.48e-09	1.50e-41
 5.51695e+14	4.08e-13	7.93e-09	1.97e-05	3.50e-03	9.96e-01	1.87e-05	0.00e+00	3.48e-14	1.05e-13	1.75e-13	2.60e-09	5.33e-09	2.98e-41
 5.71194e+14	4.91e-13	9.58e-09	2.27e-05	3.79e-03	9.96e-01	1.74e-05	0.00e+00	4.19e-14	1.26e-13	2.10e-13	3.14e-09	6.43e-09	6.26e-41
 5.89713e+14	6.02e-13	1.14e-08	2.57e-05	4.08e-03	9.96e-01	1.62e-05	0.00e+00	5.15e-14	1.54e-13	2.58e-13	3.74e-09	7.64e-09	1.25e-40
 6.10122e+14	7.49e-13	1.37e-08	2.95e-05	4.40e-03	9.96e-01	1.51e-05	0.00e+00	6.41e-14	1.93e-13	3.21e-13	4.50e-09	9.19e-09	2.60e-40
 6.33024e+14	9.51e-13	1.67e-08	3.41e-05	4.79e-03	9.95e-01	1.40e-05	0.00e+00	8.15e-14	2.45e-13	4.09e-13	5.50e-09	1.12e-08	5.79e-40
 6.54680e+14	1.18e-12	2.01e-08	3.90e-05	5.16e-03	9.95e-01	1.30e-05	0.00e+00	1.01e-13	3.04e-13	5.07e-13	6.61e-09	1.35e-08	1.20e-39
 6.78284e+14	1.48e-12	2.44e-08	4.49e-05	5.59e-03	9.94e-01	1.21e-05	0.00e+00	1.27e-13	3.82e-13	6.38e-13	8.02e-09	1.64e-08	2.59e-39
 7.04558e+14	1.89e-12	3.01e-08	5.23e-05	6.10e-03	9.94e-01	1.12e-05	0.00e+00	1.63e-13	4.88e-13	8.15e-13	9.89e-09	2.02e-08	5.92e-39
 7.29141e+14	2.36e-12	3.63e-08	6.00e-05	6.58e-03	9.93e-01	1.05e-05	0.00e+00	2.03e-13	6.11e-13	1.02e-12	1.19e-08	2.44e-08	1.25e-38
 7.55593e+14	2.97e-12	4.42e-08	6.91e-05	7.13e-03	9.93e-01	9.80e-06	0.00e+00	2.56e-13	7.68e-13	1.28e-12	1.45e-08	2.96e-08	2.71e-38
 7.85167e+14	3.80e-12	5.47e-08	8.06e-05	7.77e-03	9.92e-01	9.11e-06	0.00e+00	3.28e-13	9.85e-13	1.64e-12	1.80e-08	3.67e-08	6.25e-38
 8.13609e+14	4.78e-12	6.67e-08	9.29e-05	8.41e-03	9.91e-01	8.52e-06	0.00e+00	4.13e-13	1.24e-12	2.07e-12	2.20e-08	4.47e-08	1.36e-37
 8.43868e+14	6.04e-12	8.18e-08	1.08e-04	9.14e-03	9.91e-01	7.98e-06	0.00e+00	5.23e-13	1.57e-12	2.62e-12	2.70e-08	5.49e-08	3.01e-37
 8.77653e+14	7.78e-12	1.02e-07	1.26e-04	9.97e-03	9.90e-01	7.43e-06	0.00e+00	6.75e-13	2.03e-12	3.38e-12	3.36e-08	6.83e-08	7.01e-37
 9.06083e+14	9.48e-12	1.22e-07	1.43e-04	1.07e-02	9.89e-01	7.04e-06	0.00e+00	8.23e-13	2.47e-12	4.12e-12	4.02e-08	8.17e-08	1.40e-36
 9.26511e+14	1.09e-11	1.38e-07	1.56e-04	1.13e-02	9.89e-01	6.78e-06	0.00e+00	9.48e-13	2.84e-12	4.75e-12	4.55e-08	9.25e-08	2.26e-36
 9.47721e+14	1.26e-11	1.57e-07	1.71e-04	1.18e-02	9.88e-01	6.53e-06	0.00e+00	1.10e-12	3.29e-12	5.50e-12	5.17e-08	1.05e-07	3.70e-36
 9.75294e+14	1.52e-11	1.84e-07	1.92e-04	1.26e-02	9.87e-01	6.22e-06	0.00e+00	1.32e-12	3.97e-12	6.63e-12	6.08e-08	1.24e-07	6.87e-36
 1.00606e+15	1.85e-11	2.20e-07	2.18e-04	1.35e-02	9.86e-01	5.91e-06	0.00e+00	1.61e-12	4.85e-12	8.09e-12	7.25e-08	1.47e-07	1.34e-35
 1.03488e+15	2.22e-11	2.58e-07	2.44e-04	1.44e-02	9.85e-01	5.66e-06	0.00e+00	1.94e-12	5.81e-12	9.70e-12	8.52e-08	1.73e-07	2.47e-35
 1.06625e+15	2.69e-11	3.06e-07	2.75e-04	1.54e-02	9.84e-01	5.40e-06	0.00e+00	2.35e-12	7.04e-12	1.18e-11	1.01e-07	2.05e-07	4.70e-35
 1.10134e+15	3.31e-11	3.68e-07	3.13e-04	1.65e-02	9.83e-01	5.15e-06	0.00e+00	2.89e-12	8.66e-12	1.45e-11	1.21e-07	2.46e-07	9.40e-35
 1.13443e+15	3.98e-11	4.36e-07	3.53e-04	1.77e-02	9.82e-01	4.94e-06	0.00e+00	3.48e-12	1.05e-11	1.74e-11	1.44e-07	2.92e-07	1.77e-34
 1.17061e+15	4.87e-11	5.22e-07	4.01e-04	1.90e-02	9.81e-01	4.74e-06	0.00e+00	4.26e-12	1.28e-11	2.14e-11	1.72e-07	3.49e-07	3.45e-34
 1.21116e+15	6.04e-11	6.34e-07	4.60e-04	2.05e-02	9.79e-01	4.53e-06	0.00e+00	5.29e-12	1.59e-11	2.65e-11	2.09e-07	4.24e-07	7.10e-34
 1.24961e+15	7.36e-11	7.59e-07	5.22e-04	2.19e-02	9.78e-01	4.36e-06	0.00e+00	6.45e-12	1.94e-11	3.23e-11	2.51e-07	5.08e-07	1.37e-33
 1.29184e+15	9.09e-11	9.19e-07	5.97e-04	2.36e-02	9.76e-01	4.18e-06	0.00e+00	7.97e-12	2.39e-11	3.99e-11	3.04e-07	6.15e-07	2.78e-33
 1.33892e+15	1.14e-10	1.13e-06	6.91e-04	2.56e-02	9.74e-01	4.01e-06	0.00e+00	1.00e-11	3.00e-11	5.01e-11	3.73e-07	7.56e-07	5.88e-33
 1.38275e+15	1.39e-10	1.36e-06	7.87e-04	2.75e-02	9.72e-01	3.88e-06	0.00e+00	1.22e-11	3.67e-11	6.13e-11	4.50e-07	9.10e-07	1.15e-32
 1.43018e+15	1.73e-10	1.65e-06	9.03e-04	2.96e-02	9.69e-01	3.74e-06	0.00e+00	1.52e-11	4.55e-11	7.60e-11	5.47e-07	1.11e-06	2.32e-32
 1.48317e+15	2.16e-10	2.04e-06	1.05e-03	3.21e-02	9.67e-01	3.61e-06	0.00e+00	1.91e-11	5.72e-11	9.54e-11	6.74e-07	1.36e-06	4.91e-32
 1.53275e+15	2.66e-10	2.46e-06	1.20e-03	3.46e-02	9.64e-01	3.51e-06	0.00e+00	2.34e-11	7.02e-11	1.17e-10	8.15e-07	1.65e-06	9.59e-32
 1.58656e+15	3.30e-10	3.01e-06	1.38e-03	3.73e-02	9.61e-01	3.40e-06	0.00e+00	2.91e-11	8.73e-11	1.46e-10	9.96e-07	2.01e-06	1.95e-31
 1.64377e+15	4.11e-10	3.69e-06	1.59e-03	4.04e-02	9.58e-01	3.30e-06	0.00e+00	3.63e-11	1.09e-10	1.82e-10	1.22e-06	2.47e-06	3.97e-31
 1.69384e+15	4.94e-10	4.39e-06	1.80e-03	4.32e-02	9.55e-01	3.23e-06	0.00e+00	4.37e-11	1.31e-10	2.19e-10	1.45e-06	2.94e-06	7.23e-31
 1.73687e+15	5.77e-10	5.08e-06	2.00e-03	4.57e-02	9.52e-01	3.18e-06	0.00e+00	5.10e-11	1.53e-10	2.55e-10	1.68e-06	3.39e-06	1.19e-30
 1.78233e+15	6.80e-10	5.91e-06	2.22e-03	4.85e-02	9.49e-01	3.11e-06	0.00e+00	6.02e-11	1.81e-10	3.01e-10	1.96e-06	3.95e-06	2.02e-30
 1.83367e+15	8.13e-10	6.97e-06	2.50e-03	5.17e-02	9.46e-01	3.05e-06	0.00e+00	7.20e-11	2.16e-10	3.61e-10	2.31e-06	4.66e-06	3.58e-30
 1.88271e+15	9.61e-10	8.13e-06	2.78e-03	5.48e-02	9.42e-01	3.00e-06	0.00e+00	8.52e-11	2.56e-10	4.27e-10	2.69e-06	5.43e-06	6.04e-30
 1.93652e+15	1.15e-09	9.59e-06	3.13e-03	5.85e-02	9.38e-01	2.94e-06	0.00e+00	1.02e-10	3.07e-10	5.12e-10	3.18e-06	6.41e-06	1.07e-29
 1.99536e+15	1.39e-09	1.14e-05	3.54e-03	6.25e-02	9.34e-01	2.88e-06	0.00e+00	1.24e-10	3.71e-10	6.19e-10	3.79e-06	7.64e-06	1.92e-29
 2.04939e+15	1.65e-09	1.34e-05	3.95e-03	6.64e-02	9.30e-01	2.84e-06	0.00e+00	1.47e-10	4.40e-10	7.34e-10	4.43e-06	8.93e-06	3.24e-29
 2.10825e+15	1.99e-09	1.58e-05	4.44e-03	7.08e-02	9.25e-01	2.79e-06	0.00e+00	1.77e-10	5.31e-10	8.85e-10	5.24e-06	1.06e-05	5.68e-29
 2.17385e+15	2.42e-09	1.89e-05	5.04e-03	7.59e-02	9.19e-01	2.74e-06	0.00e+00	2.16e-10	6.48e-10	1.08e-09	6.26e-06	1.26e-05	1.03e-28
 2.23598e+15	2.92e-09	2.23e-05	5.66e-03	8.08e-02	9.13e-01	2.70e-06	0.00e+00	2.60e-10	7.81e-10	1.30e-09	7.39e-06	1.49e-05	1.77e-28
 2.30454e+15	3.57e-09	2.67e-05	6.43e-03	8.66e-02	9.07e-01	2.66e-06	0.00e+00	3.19e-10	9.56e-10	1.59e-09	8.85e-06	1.78e-05	3.19e-28
 2.37967e+15	4.41e-09	3.22e-05	7.34e-03	9.31e-02	9.00e-01	2.61e-06	0.00e+00	3.94e-10	1.18e-09	1.97e-09	1.07e-05	2.15e-05	5.88e-28
 2.44844e+15	5.33e-09	3.80e-05	8.26e-03	9.92e-02	8.92e-01	2.57e-06	0.00e+00	4.77e-10	1.43e-09	2.39e-09	1.26e-05	2.54e-05	1.00e-27
 2.52294e+15	6.58e-09	4.55e-05	9.38e-03	1.06e-01	8.84e-01	2.54e-06	0.00e+00	5.89e-10	1.77e-09	2.95e-09	1.51e-05	3.04e-05	1.79e-27
 2.60480e+15	8.09e-09	5.49e-05	1.07e-02	1.14e-01	8.75e-01	2.49e-06	0.00e+00	7.26e-10	2.18e-09	3.63e-09	1.82e-05	3.66e-05	3.23e-27
 2.68065e+15	9.83e-09	6.49e-05	1.21e-02	1.22e-01	8.66e-01	2.45e-06	0.00e+00	8.82e-10	2.65e-09	4.41e-09	2.16e-05	4.34e-05	5.46e-27
 2.76368e+15	1.23e-08	7.81e-05	1.37e-02	1.30e-01	8.56e-01	2.42e-06	0.00e+00	1.10e-09	3.31e-09	5.51e-09	2.59e-05	5.21e-05	9.76e-27
 2.85489e+15	1.52e-08	9.45e-05	1.57e-02	1.40e-01	8.44e-01	2.36e-06	0.00e+00	1.37e-09	4.09e-09	6.83e-09	3.14e-05	6.31e-05	1.76e-26
 2.93905e+15	1.85e-08	1.12e-04	1.78e-02	1.49e-01	8.33e-01	2.32e-06	0.00e+00	1.67e-09	5.01e-09	8.36e-09	3.73e-05	7.48e-05	2.95e-26
 3.01515e+15	2.21e-08	1.30e-04	1.98e-02	1.58e-01	8.22e-01	2.29e-06	0.00e+00	2.00e-09	5.99e-09	9.99e-09	4.33e-05	8.70e-05	4.64e-26
 3.08482e+15	2.62e-08	1.49e-04	2.18e-02	1.66e-01	8.12e-01	2.26e-06	0.00e+00	2.37e-09	7.10e-09	1.18e-08	4.96e-05	9.96e-05	6.96e-26
 3.16177e+15	3.11e-08	1.73e-04	2.43e-02	1.76e-01	8.00e-01	2.22e-06	0.00e+00	2.82e-09	8.45e-09	1.41e-08	5.76e-05	1.16e-04	1.10e-25
 3.24555e+15	3.74e-08	2.02e-04	2.71e-02	1.86e-01	7.87e-01	2.17e-06	0.00e+00	3.38e-09	1.01e-08	1.69e-08	6.73e-05	1.35e-04	1.73e-25
 3.32473e+15	4.46e-08	2.34e-04	3.00e-02	1.96e-01	7.74e-01	2.13e-06	0.00e+00	4.04e-09	1.21e-08	2.02e-08	7.77e-05	1.56e-04	2.63e-25
 3.40131e+15	5.25e-08	2.68e-04	3.31e-02	2.06e-01	7.61e-01	2.10e-06	0.00e+00	4.77e-09	1.43e-08	2.38e-08	8.90e-05	1.79e-04	3.91e-25
 3.48801e+15	6.43e-08	3.13e-04	3.70e-02	2.17e-01	7.45e-01	2.07e-06	0.00e+00	5.84e-09	1.75e-08	2.92e-08	1.04e-04	2.09e-04	6.21e-25
 3.58421e+15	7.77e-08	3.68e-04	4.16e-02	2.30e-01	7.28e-01	2.01e-06	0.00e+00	7.07e-09	2.12e-08	3.53e-08	1.23e-04	2.46e-04	9.90e-25
 3.67435e+15	9.37e-08	4.27e-04	4.64e-02	2.42e-01	7.11e-01	1.96e-06	0.00e+00	8.53e-09	2.56e-08	4.26e-08	1.42e-04	2.85e-04	1.51e-24
 3.75737e+15	1.11e-07	4.89e-04	5.11e-02	2.53e-01	6.95e-01	1.92e-06	0.00e+00	1.01e-08	3.03e-08	5.05e-08	1.63e-04	3.26e-04	2.21e-24
 3.84951e+15	1.35e-07	5.70e-04	5.71e-02	2.66e-01	6.76e-01	1.87e-06	0.00e+00	1.23e-08	3.68e-08	6.14e-08	1.90e-04	3.80e-04	3.43e-24
 3.95241e+15	1.66e-07	6.71e-04	6.42e-02	2.81e-01	6.54e-01	1.83e-06	0.00e+00	1.52e-08	4.56e-08	7.61e-08	2.24e-04	4.48e-04	5.42e-24
 4.04894e+15	2.02e-07	7.78e-04	7.15e-02	2.94e-01	6.33e-01	1.78e-06	0.00e+00	1.85e-08	5.54e-08	9.23e-08	2.59e-04	5.19e-04	8.14e-24
 4.14021e+15	2.39e-07	8.94e-04	7.91e-02	3.07e-01	6.13e-01	1.73e-06	0.00e+00	2.19e-08	6.57e-08	1.09e-07	2.98e-04	5.96e-04	1.19e-23
 4.24498e+15	2.98e-07	1.05e-03	8.90e-02	3.22e-01	5.88e-01	1.68e-06	0.00e+00	2.74e-08	8.20e-08	1.37e-07	3.51e-04	7.03e-04	1.91e-23
 4.35653e+15	3.65e-07	1.24e-03	1.00e-01	3.37e-01	5.61e-01	1.62e-06	0.00e+00	3.35e-08	1.01e-07	1.68e-07	4.12e-04	8.25e-04	2.94e-23
 4.45541e+15	4.40e-07	1.43e-03	1.11e-01	3.51e-01	5.37e-01	1.57e-06	0.00e+00	4.05e-08	1.21e-07	2.02e-07	4.76e-04	9.52e-04	4.35e-23
 4.54745e+15	5.32e-07	1.63e-03	1.22e-01	3.63e-01	5.13e-01	1.54e-06	0.00e+00	4.89e-08	1.47e-07	2.45e-07	5.44e-04	1.09e-03	6.32e-23
 4.63784e+15	6.32e-07	1.86e-03	1.34e-01	3.74e-01	4.89e-01	1.49e-06	0.00e+00	5.83e-08	1.75e-07	2.91e-07	6.20e-04	1.24e-03	9.05e-23
 4.74108e+15	7.69e-07	2.16e-03	1.50e-01	3.87e-01	4.61e-01	1.42e-06	0.00e+00	7.09e-08	2.13e-07	3.54e-07	7.21e-04	1.44e-03	1.34e-22
 4.84841e+15	9.49e-07	2.51e-03	1.67e-01	3.99e-01	4.32e-01	1.38e-06	0.00e+00	8.76e-08	2.63e-07	4.38e-07	8.37e-04	1.67e-03	2.04e-22
 4.93799e+15	1.12e-06	2.84e-03	1.82e-01	4.08e-01	4.07e-01	1.33e-06	0.00e+00	1.04e-07	3.11e-07	5.18e-07	9.47e-04	1.89e-03	2.86e-22
 5.03140e+15	1.34e-06	3.25e-03	2.00e-01	4.17e-01	3.80e-01	1.27e-06	0.00e+00	1.24e-07	3.72e-07	6.19e-07	1.08e-03	2.16e-03	4.20e-22
 5.13244e+15	1.64e-06	3.74e-03	2.21e-01	4.25e-01	3.50e-01	1.23e-06	0.00e+00	1.52e-07	4.56e-07	7.60e-07	1.25e-03	2.50e-03	6.36e-22
 5.21077e+15	1.89e-06	4.14e-03	2.38e-01	4.30e-01	3.28e-01	1.19e-06	0.00e+00	1.75e-07	5.25e-07	8.74e-07	1.38e-03	2.76e-03	8.43e-22
 5.26801e+15	2.11e-06	4.49e-03	2.52e-01	4.33e-01	3.11e-01	1.16e-06	0.00e+00	1.95e-07	5.86e-07	9.76e-07	1.50e-03	2.99e-03	1.06e-21
 5.33044e+15	2.39e-06	4.91e-03	2.68e-01	4.35e-01	2.92e-01	1.12e-06	0.00e+00	2.22e-07	6.66e-07	1.11e-06	1.64e-03	3.27e-03	1.40e-21
 5.40035e+15	2.72e-06	5.34e-03	2.85e-01	4.37e-01	2.73e-01	1.07e-06	0.00e+00	2.52e-07	7.57e-07	1.26e-06	1.78e-03	3.56e-03	1.76e-21
 5.47996e+15	3.24e-06	6.08e-03	3.09e-01	4.38e-01	2.48e-01	1.02e-06	0.00e+00	3.01e-07	9.03e-07	1.50e-06	2.03e-03	4.05e-03	2.68e-21
 5.55300e+15	3.71e-06	6.68e-03	3.29e-01	4.37e-01	2.27e-01	9.84e-07	0.00e+00	3.45e-07	1.03e-06	1.72e-06	2.23e-03	4.45e-03	3.54e-21
 5.60561e+15	4.12e-06	7.18e-03	3.46e-01	4.35e-01	2.12e-01	0.00e+00	0.00e+00	3.83e-07	1.15e-06	1.91e-06	2.39e-03	4.78e-03	4.42e-21
 5.66211e+15	4.64e-06	7.77e-03	3.64e-01	4.33e-01	1.96e-01	0.00e+00	0.00e+00	4.32e-07	1.30e-06	2.16e-06	2.59e-03	5.18e-03	5.69e-21
 5.73556e+15	5.44e-06	8.68e-03	3.89e-01	4.28e-01	1.74e-01	0.00e+00	0.00e+00	5.07e-07	1.52e-06	2.53e-06	2.90e-03	5.78e-03	8.28e-21
 5.80510e+15	6.24e-06	9.51e-03	4.13e-01	4.21e-01	1.56e-01	0.00e+00	0.00e+00	5.82e-07	1.74e-06	2.91e-06	3.17e-03	6.34e-03	1.10e-20
 5.85604e+15	6.93e-06	1.02e-02	4.31e-01	4.16e-01	1.43e-01	0.00e+00	0.00e+00	6.47e-07	1.94e-06	3.23e-06	3.39e-03	6.77e-03	1.37e-20
 5.90875e+15	7.66e-06	1.09e-02	4.50e-01	4.09e-01	1.30e-01	0.00e+00	0.00e+00	7.15e-07	2.14e-06	3.57e-06	3.62e-03	7.24e-03	1.70e-20
 5.97727e+15	9.07e-06	1.21e-02	4.77e-01	3.99e-01	1.12e-01	0.00e+00	0.00e+00	8.48e-07	2.54e-06	4.23e-06	4.05e-03	8.08e-03	2.55e-20
 6.03982e+15	1.02e-05	1.30e-02	5.00e-01	3.89e-01	9.87e-02	0.00e+00	0.00e+00	9.58e-07	2.87e-06	4.78e-06	4.35e-03	8.67e-03	3.21e-20
 6.08622e+15	1.17e-05	1.41e-02	5.19e-01	3.79e-01	8.76e-02	0.00e+00	0.00e+00	1.09e-06	3.27e-06	5.45e-06	4.71e-03	9.40e-03	4.38e-20
 6.12765e+15	1.26e-05	1.48e-02	5.34e-01	3.71e-01	7.97e-02	0.00e+00	0.00e+00	1.18e-06	3.53e-06	5.88e-06	4.93e-03	9.83e-03	5.08e-20
 6.17101e+15	1.39e-05	1.57e-02	5.52e-01	3.62e-01	7.08e-02	0.00e+00	0.00e+00	1.31e-06	3.92e-06	6.52e-06	5.25e-03	1.05e-02	6.41e-20
 6.22738e+15	1.63e-05	1.72e-02	5.76e-01	3.47e-01	5.97e-02	0.00e+00	0.00e+00	1.53e-06	4.59e-06	7.64e-06	5.75e-03	1.15e-02	9.26e-20
 6.28087e+15	1.83e-05	1.83e-02	5.95e-01	3.35e-01	5.14e-02	0.00e+00	0.00e+00	1.72e-06	5.15e-06	8.58e-06	6.11e-03	1.22e-02	1.15e-19
 6.32383e+15	2.10e-05	1.96e-02	6.13e-01	3.23e-01	4.43e-02	0.00e+00	0.00e+00	1.97e-06	5.91e-06	9.84e-06	6.55e-03	1.31e-02	1.57e-19
 6.36351e+15	2.28e-05	2.06e-02	6.27e-01	3.13e-01	3.90e-02	0.00e+00	0.00e+00	2.15e-06	6.43e-06	1.07e-05	6.86e-03	1.37e-02	1.88e-19
 6.40571e+15	2.56e-05	2.18e-02	6.43e-01	3.01e-01	3.34e-02	0.00e+00	0.00e+00	2.41e-06	7.23e-06	1.20e-05	7.29e-03	1.45e-02	2.43e-19
 6.46056e+15	3.11e-05	2.38e-02	6.65e-01	2.84e-01	2.66e-02	0.00e+00	0.00e+00	2.93e-06	8.78e-06	1.46e-05	7.96e-03	1.59e-02	3.72e-19
 6.50420e+15	3.46e-05	2.51e-02	6.80e-01	2.73e-01	2.26e-02	0.00e+00	0.00e+00	3.26e-06	9.79e-06	1.63e-05	8.39e-03	1.67e-02	4.68e-19
 6.52595e+15	3.64e-05	2.58e-02	6.87e-01	2.66e-01	2.07e-02	0.00e+00	0.00e+00	3.44e-06	1.03e-05	1.72e-05	8.63e-03	1.72e-02	5.30e-19
 6.54688e+15	3.86e-05	2.66e-02	6.94e-01	2.60e-01	1.89e-02	0.00e+00	0.00e+00	3.65e-06	1.09e-05	1.82e-05	8.89e-03	1.77e-02	6.08e-19
 6.57410e+15	4.10e-05	2.75e-02	7.03e-01	2.53e-01	1.68e-02	0.00e+00	0.00e+00	3.87e-06	1.16e-05	1.93e-05	9.19e-03	1.83e-02	7.00e-19
 6.60947e+15	4.55e-05	2.90e-02	7.15e-01	2.42e-01	1.41e-02	0.00e+00	0.00e+00	4.30e-06	1.29e-05	2.15e-05	9.70e-03	1.93e-02	9.15e-19
 6.64357e+15	4.97e-05	3.03e-02	7.26e-01	2.32e-01	1.21e-02	0.00e+00	0.00e+00	4.71e-06	1.41e-05	2.35e-05	1.01e-02	2.02e-02	1.13e-18
 6.67024e+15	5.36e-05	3.14e-02	7.33e-01	2.25e-01	1.07e-02	0.00e+00	0.00e+00	5.07e-06	1.52e-05	2.53e-05	1.05e-02	2.09e-02	1.33e-18
 6.69916e+15	5.73e-05	3.26e-02	7.42e-01	2.16e-01	9.22e-03	0.00e+00	0.00e+00	5.43e-06	1.63e-05	2.71e-05	1.09e-02	2.17e-02	1.61e-18
 6.73676e+15	6.30e-05	3.43e-02	7.53e-01	2.05e-01	7.60e-03	0.00e+00	0.00e+00	5.97e-06	1.79e-05	2.98e-05	1.15e-02	2.28e-02	2.07e-18
 6.77440e+15	6.89e-05	3.60e-02	7.62e-01	1.95e-01	6.28e-03	0.00e+00	0.00e+00	6.54e-06	1.96e-05	3.26e-05	1.20e-02	2.40e-02	2.62e-18
 6.80399e+15	7.40e-05	3.73e-02	7.70e-01	1.88e-01	5.40e-03	0.00e+00	0.00e+00	7.03e-06	2.11e-05	3.51e-05	1.25e-02	2.48e-02	3.16e-18
 6.83435e+15	7.93e-05	3.88e-02	7.77e-01	1.80e-01	4.57e-03	0.00e+00	0.00e+00	7.54e-06	2.26e-05	3.76e-05	1.30e-02	2.58e-02	3.88e-18
 6.86860e+15	8.56e-05	4.05e-02	7.85e-01	1.71e-01	3.80e-03	0.00e+00	0.00e+00	8.14e-06	2.44e-05	4.06e-05	1.36e-02	2.70e-02	4.84e-18
 6.90113e+15	9.22e-05	4.22e-02	7.92e-01	1.63e-01	3.19e-03	0.00e+00	0.00e+00	8.78e-06	2.63e-05	4.38e-05	1.41e-02	2.81e-02	5.98e-18
 6.93140e+15	9.84e-05	4.38e-02	7.98e-01	1.56e-01	2.70e-03	0.00e+00	0.00e+00	9.38e-06	2.81e-05	4.68e-05	1.47e-02	2.92e-02	7.30e-18
