#depth	N	N+	N+2	N+3	N+4	N+5	N+6	N+7
 1.49634e+10	0.00e+00	9.67e-33	6.50e-24	7.79e-16	1.60e-08	9.98e-01	2.44e-03	0.00e+00
 4.54887e+10	2.37e-42	1.36e-32	8.43e-24	9.30e-16	1.75e-08	9.98e-01	2.23e-03	2.21e-09
 7.72350e+10	0.00e+00	1.91e-32	1.09e-23	1.11e-15	1.91e-08	9.98e-01	2.04e-03	0.00e+00
 1.10251e+11	5.53e-42	2.69e-32	1.42e-23	1.33e-15	2.10e-08	9.98e-01	1.86e-03	0.00e+00
 1.43391e+11	0.00e+00	3.75e-32	1.83e-23	1.58e-15	2.29e-08	9.98e-01	1.71e-03	0.00e+00
 1.77856e+11	1.26e-41	5.22e-32	2.35e-23	1.88e-15	2.50e-08	9.98e-01	1.56e-03	0.00e+00
 2.14897e+11	0.00e+00	7.35e-32	3.06e-23	2.25e-15	2.75e-08	9.99e-01	1.43e-03	0.00e+00
 2.51535e+11	2.89e-41	1.02e-31	3.93e-23	2.68e-15	3.00e-08	9.99e-01	1.31e-03	0.00e+00
 2.89640e+11	0.00e+00	1.41e-31	5.05e-23	3.18e-15	3.28e-08	9.99e-01	1.20e-03	0.00e+00
 3.31152e+11	6.62e-41	1.99e-31	6.58e-23	3.82e-15	3.61e-08	9.99e-01	1.09e-03	0.00e+00
 3.74325e+11	0.00e+00	2.81e-31	8.56e-23	4.59e-15	3.96e-08	9.99e-01	9.92e-04	0.00e+00
 4.19225e+11	1.54e-40	3.95e-31	1.12e-22	5.51e-15	4.36e-08	9.99e-01	9.03e-04	0.00e+00
 4.65920e+11	0.00e+00	5.56e-31	1.45e-22	6.63e-15	4.80e-08	9.99e-01	8.22e-04	0.00e+00
 5.14484e+11	3.58e-40	7.82e-31	1.89e-22	7.98e-15	5.28e-08	9.99e-01	7.48e-04	0.00e+00
 5.58452e+11	0.00e+00	1.05e-30	2.38e-22	9.38e-15	5.75e-08	9.99e-01	6.88e-04	0.00e+00
 5.95163e+11	6.91e-40	1.33e-30	2.86e-22	1.07e-14	6.15e-08	9.99e-01	6.44e-04	0.00e+00
 6.35414e+11	0.00e+00	1.72e-30	3.49e-22	1.23e-14	6.62e-08	9.99e-01	5.99e-04	0.00e+00
 6.86292e+11	1.38e-39	2.35e-30	4.45e-22	1.46e-14	7.25e-08	9.99e-01	5.48e-04	0.00e+00
 7.39304e+11	0.00e+00	3.20e-30	5.67e-22	1.73e-14	7.93e-08	9.99e-01	5.01e-04	0.00e+00
 7.84625e+11	2.76e-39	4.13e-30	6.92e-22	2.00e-14	8.55e-08	1.00e+00	4.66e-04	0.00e+00
 8.31628e+11	0.00e+00	5.33e-30	8.45e-22	2.30e-14	9.22e-08	1.00e+00	4.33e-04	0.00e+00
 8.90321e+11	5.48e-39	7.24e-30	1.08e-21	2.73e-14	1.01e-07	1.00e+00	3.96e-04	0.00e+00
 9.49825e+11	0.00e+00	9.76e-30	1.36e-21	3.23e-14	1.10e-07	1.00e+00	3.62e-04	0.00e+00
 1.00149e+12	1.07e-38	1.25e-29	1.66e-21	3.72e-14	1.19e-07	1.00e+00	3.37e-04	0.00e+00
 1.05735e+12	0.00e+00	1.62e-29	2.03e-21	4.31e-14	1.29e-07	1.00e+00	3.12e-04	0.00e+00
 1.12566e+12	2.12e-38	2.20e-29	2.58e-21	5.13e-14	1.41e-07	1.00e+00	2.85e-04	0.00e+00
 1.19531e+12	0.00e+00	2.96e-29	3.27e-21	6.07e-14	1.55e-07	1.00e+00	2.61e-04	0.00e+00
 1.25889e+12	4.16e-38	3.84e-29	4.02e-21	7.05e-14	1.67e-07	1.00e+00	2.41e-04	0.00e+00
 1.32942e+12	0.00e+00	5.07e-29	5.00e-21	8.26e-14	1.82e-07	1.00e+00	2.22e-04	0.00e+00
 1.41164e+12	8.48e-38	6.92e-29	6.40e-21	9.87e-14	2.00e-07	1.00e+00	2.02e-04	0.00e+00
 1.49313e+12	0.00e+00	9.28e-29	8.08e-21	1.17e-13	2.19e-07	1.00e+00	1.85e-04	0.00e+00
 1.57093e+12	1.68e-37	1.22e-28	1.00e-20	1.36e-13	2.38e-07	1.00e+00	1.70e-04	0.00e+00
 1.65674e+12	0.00e+00	1.62e-28	1.25e-20	1.61e-13	2.60e-07	1.00e+00	1.56e-04	0.00e+00
 1.75293e+12	3.43e-37	2.20e-28	1.60e-20	1.92e-13	2.86e-07	1.00e+00	1.42e-04	0.00e+00
 1.84954e+12	0.00e+00	2.95e-28	2.02e-20	2.27e-13	3.13e-07	1.00e+00	1.30e-04	0.00e+00
 1.93604e+12	6.67e-37	3.80e-28	2.47e-20	2.62e-13	3.39e-07	1.00e+00	1.20e-04	0.00e+00
 2.00935e+12	0.00e+00	4.69e-28	2.91e-20	2.95e-13	3.61e-07	1.00e+00	1.13e-04	0.00e+00
 2.08838e+12	1.12e-36	5.83e-28	3.46e-20	3.35e-13	3.86e-07	1.00e+00	1.06e-04	0.00e+00
 2.19067e+12	0.00e+00	7.65e-28	4.29e-20	3.91e-13	4.20e-07	1.00e+00	9.75e-05	0.00e+00
 2.29738e+12	2.17e-36	1.01e-27	5.33e-20	4.57e-13	4.56e-07	1.00e+00	8.98e-05	0.00e+00
 2.38877e+12	0.00e+00	1.26e-27	6.37e-20	5.19e-13	4.89e-07	1.00e+00	8.40e-05	0.00e+00
 2.48607e+12	3.79e-36	1.59e-27	7.66e-20	5.93e-13	5.25e-07	1.00e+00	7.82e-05	0.00e+00
 2.60685e+12	0.00e+00	2.11e-27	9.56e-20	6.95e-13	5.71e-07	1.00e+00	7.19e-05	0.00e+00
 2.73097e+12	7.45e-36	2.78e-27	1.19e-19	8.12e-13	6.21e-07	1.00e+00	6.62e-05	0.00e+00
 2.84269e+12	0.00e+00	3.54e-27	1.44e-19	9.30e-13	6.68e-07	1.00e+00	6.16e-05	0.00e+00
 2.96544e+12	1.37e-35	4.57e-27	1.76e-19	1.07e-12	7.21e-07	1.00e+00	5.72e-05	0.00e+00
 3.09988e+12	0.00e+00	5.98e-27	2.17e-19	1.25e-12	7.83e-07	1.00e+00	5.27e-05	0.00e+00
 3.22218e+12	2.52e-35	7.58e-27	2.62e-19	1.43e-12	8.40e-07	1.00e+00	4.92e-05	0.00e+00
 3.35381e+12	0.00e+00	9.71e-27	3.18e-19	1.64e-12	9.04e-07	1.00e+00	4.57e-05	0.00e+00
 3.50171e+12	4.73e-35	1.27e-26	3.92e-19	1.90e-12	9.80e-07	1.00e+00	4.22e-05	0.00e+00
 3.64194e+12	0.00e+00	1.62e-26	4.76e-19	2.18e-12	1.05e-06	1.00e+00	3.93e-05	0.00e+00
 3.79543e+12	8.78e-35	2.11e-26	5.84e-19	2.52e-12	1.14e-06	1.00e+00	3.64e-05	0.00e+00
 3.96531e+12	0.00e+00	2.78e-26	7.25e-19	2.94e-12	1.24e-06	1.00e+00	3.36e-05	0.00e+00
 4.12317e+12	1.67e-34	3.57e-26	8.82e-19	3.38e-12	1.33e-06	1.00e+00	3.12e-05	0.00e+00
 4.29506e+12	2.31e-34	4.65e-26	1.08e-18	3.91e-12	1.44e-06	1.00e+00	2.89e-05	0.00e+00
 4.48762e+12	3.26e-34	6.17e-26	1.35e-18	4.57e-12	1.56e-06	1.00e+00	2.67e-05	0.00e+00
 4.66995e+12	4.49e-34	8.01e-26	1.66e-18	5.27e-12	1.68e-06	1.00e+00	2.47e-05	0.00e+00
 4.86697e+12	6.26e-34	1.05e-25	2.04e-18	6.11e-12	1.82e-06	1.00e+00	2.29e-05	0.00e+00
 5.08634e+12	8.92e-34	1.41e-25	2.56e-18	7.16e-12	1.98e-06	1.00e+00	2.11e-05	0.00e+00
 5.29755e+12	1.24e-33	1.84e-25	3.16e-18	8.30e-12	2.14e-06	1.00e+00	1.95e-05	0.00e+00
 5.52243e+12	1.75e-33	2.43e-25	3.93e-18	9.65e-12	2.31e-06	1.00e+00	1.80e-05	0.00e+00
 5.77325e+12	2.52e-33	3.28e-25	4.95e-18	1.13e-11	2.52e-06	1.00e+00	1.66e-05	0.00e+00
 6.02462e+12	3.60e-33	4.38e-25	6.19e-18	1.33e-11	2.73e-06	1.00e+00	1.53e-05	0.00e+00
 6.28604e+12	5.14e-33	5.85e-25	7.75e-18	1.55e-11	2.97e-06	1.00e+00	1.41e-05	0.00e+00
 6.56741e+12	7.42e-33	7.90e-25	9.77e-18	1.82e-11	3.23e-06	1.00e+00	1.30e-05	0.00e+00
 6.86003e+12	1.07e-32	1.07e-24	1.23e-17	2.14e-11	3.51e-06	1.00e+00	1.19e-05	0.00e+00
 7.14765e+12	1.53e-32	1.42e-24	1.53e-17	2.49e-11	3.80e-06	1.00e+00	1.10e-05	0.00e+00
 7.41609e+12	2.09e-32	1.83e-24	1.87e-17	2.85e-11	4.08e-06	1.00e+00	1.03e-05	0.00e+00
 7.65888e+12	2.76e-32	2.30e-24	2.22e-17	3.21e-11	4.34e-06	1.00e+00	9.65e-06	0.00e+00
 7.91830e+12	3.69e-32	2.91e-24	2.66e-17	3.63e-11	4.63e-06	1.00e+00	9.06e-06	0.00e+00
 8.24120e+12	5.23e-32	3.86e-24	3.31e-17	4.22e-11	5.00e-06	1.00e+00	8.39e-06	0.00e+00
 8.56418e+12	7.33e-32	5.07e-24	4.08e-17	4.87e-11	5.39e-06	1.00e+00	7.79e-06	0.00e+00
 8.84086e+12	9.71e-32	6.36e-24	4.85e-17	5.48e-11	5.73e-06	1.00e+00	7.33e-06	0.00e+00
 9.13979e+12	1.31e-31	8.08e-24	5.83e-17	6.21e-11	6.11e-06	1.00e+00	6.88e-06	0.00e+00
 9.50988e+12	1.86e-31	1.07e-23	7.25e-17	7.21e-11	6.59e-06	1.00e+00	6.37e-06	0.00e+00
 9.88122e+12	2.62e-31	1.42e-23	8.95e-17	8.32e-11	7.10e-06	1.00e+00	5.92e-06	0.00e+00
 1.02018e+13	3.50e-31	1.79e-23	1.07e-16	9.38e-11	7.55e-06	1.00e+00	5.57e-06	0.00e+00
 1.05476e+13	4.73e-31	2.28e-23	1.29e-16	1.06e-10	8.05e-06	1.00e+00	5.22e-06	0.00e+00
 1.09728e+13	6.76e-31	3.05e-23	1.60e-16	1.24e-10	8.69e-06	1.00e+00	4.84e-06	0.00e+00
 1.14019e+13	9.60e-31	4.04e-23	1.98e-16	1.43e-10	9.35e-06	1.00e+00	4.49e-06	0.00e+00
 1.17816e+13	1.30e-30	5.15e-23	2.38e-16	1.62e-10	9.96e-06	1.00e+00	4.22e-06	0.00e+00
 1.21964e+13	1.79e-30	6.65e-23	2.90e-16	1.84e-10	1.06e-05	1.00e+00	3.95e-06	0.00e+00
 1.26944e+13	2.58e-30	8.95e-23	3.63e-16	2.15e-10	1.15e-05	1.00e+00	3.66e-06	0.00e+00
 1.31910e+13	3.69e-30	1.19e-22	4.50e-16	2.48e-10	1.24e-05	1.00e+00	3.40e-06	0.00e+00
 1.36427e+13	5.05e-30	1.53e-22	5.45e-16	2.82e-10	1.32e-05	1.00e+00	3.18e-06	0.00e+00
 1.41457e+13	7.09e-30	2.01e-22	6.69e-16	3.24e-10	1.42e-05	1.00e+00	2.97e-06	0.00e+00
 1.47336e+13	1.04e-29	2.74e-22	8.43e-16	3.79e-10	1.53e-05	1.00e+00	2.75e-06	0.00e+00
 1.53133e+13	1.49e-29	3.66e-22	1.05e-15	4.39e-10	1.65e-05	1.00e+00	2.55e-06	0.00e+00
 1.58608e+13	2.08e-29	4.78e-22	1.28e-15	5.02e-10	1.77e-05	1.00e+00	2.38e-06	0.00e+00
 1.64699e+13	2.97e-29	6.36e-22	1.59e-15	5.80e-10	1.90e-05	1.00e+00	2.21e-06	0.00e+00
 1.71586e+13	4.37e-29	8.68e-22	2.01e-15	6.79e-10	2.06e-05	1.00e+00	2.05e-06	0.00e+00
 1.78491e+13	6.36e-29	1.17e-21	2.52e-15	7.90e-10	2.22e-05	1.00e+00	1.90e-06	0.00e+00
 1.85673e+13	9.26e-29	1.58e-21	3.17e-15	9.20e-10	2.40e-05	1.00e+00	1.76e-06	0.00e+00
 1.93399e+13	1.36e-28	2.16e-21	4.00e-15	1.08e-09	2.60e-05	1.00e+00	1.62e-06	0.00e+00
 2.00871e+13	1.96e-28	2.89e-21	4.98e-15	1.25e-09	2.79e-05	1.00e+00	1.51e-06	0.00e+00
 2.07883e+13	2.72e-28	3.76e-21	6.07e-15	1.42e-09	2.99e-05	1.00e+00	1.41e-06	0.00e+00
 2.15739e+13	3.87e-28	4.99e-21	7.52e-15	1.64e-09	3.21e-05	1.00e+00	1.31e-06	0.00e+00
 2.23664e+13	5.45e-28	6.57e-21	9.26e-15	1.89e-09	3.45e-05	1.00e+00	1.22e-06	0.00e+00
 2.30228e+13	7.19e-28	8.21e-21	1.10e-14	2.12e-09	3.65e-05	1.00e+00	1.15e-06	0.00e+00
 2.37165e+13	9.55e-28	1.03e-20	1.30e-14	2.37e-09	3.87e-05	1.00e+00	1.09e-06	0.00e+00
 2.46057e+13	1.36e-27	1.37e-20	1.61e-14	2.74e-09	4.16e-05	1.00e+00	1.01e-06	0.00e+00
 2.55395e+13	1.93e-27	1.82e-20	2.00e-14	3.17e-09	4.48e-05	1.00e+00	9.40e-07	0.00e+00
 2.63632e+13	2.62e-27	2.32e-20	2.40e-14	3.59e-09	4.77e-05	1.00e+00	0.00e+00	0.00e+00
 2.72536e+13	3.59e-27	2.99e-20	2.91e-14	4.09e-09	5.10e-05	1.00e+00	0.00e+00	0.00e+00
 2.83270e+13	5.18e-27	4.02e-20	3.64e-14	4.76e-09	5.51e-05	1.00e+00	0.00e+00	0.00e+00
 2.94156e+13	7.42e-27	5.36e-20	4.53e-14	5.51e-09	5.94e-05	1.00e+00	0.00e+00	0.00e+00
 3.04320e+13	1.02e-26	6.95e-20	5.52e-14	6.30e-09	6.35e-05	1.00e+00	0.00e+00	0.00e+00
 3.15634e+13	1.45e-26	9.19e-20	6.83e-14	7.28e-09	6.84e-05	1.00e+00	0.00e+00	0.00e+00
 3.27666e+13	2.06e-26	1.22e-19	8.49e-14	8.43e-09	7.37e-05	1.00e+00	0.00e+00	0.00e+00
 3.38359e+13	2.80e-26	1.56e-19	1.02e-13	9.57e-09	7.87e-05	1.00e+00	0.00e+00	0.00e+00
 3.49854e+13	3.84e-26	2.02e-19	1.24e-13	1.09e-08	8.42e-05	1.00e+00	0.00e+00	0.00e+00
 3.63628e+13	5.54e-26	2.71e-19	1.56e-13	1.27e-08	9.10e-05	1.00e+00	0.00e+00	0.00e+00
 3.77177e+13	7.83e-26	3.59e-19	1.93e-13	1.47e-08	9.80e-05	1.00e+00	0.00e+00	0.00e+00
 3.89234e+13	1.06e-25	4.57e-19	2.31e-13	1.66e-08	1.04e-04	1.00e+00	0.00e+00	0.00e+00
 4.02536e+13	1.45e-25	5.90e-19	2.81e-13	1.90e-08	1.12e-04	1.00e+00	0.00e+00	0.00e+00
 4.18405e+13	2.09e-25	7.92e-19	3.53e-13	2.22e-08	1.21e-04	1.00e+00	0.00e+00	0.00e+00
 4.34172e+13	2.96e-25	1.05e-18	4.38e-13	2.57e-08	1.31e-04	1.00e+00	0.00e+00	0.00e+00
 4.48580e+13	4.04e-25	1.35e-18	5.29e-13	2.92e-08	1.39e-04	1.00e+00	0.00e+00	0.00e+00
 4.64664e+13	5.64e-25	1.77e-18	6.50e-13	3.36e-08	1.50e-04	1.00e+00	0.00e+00	0.00e+00
 4.83379e+13	8.19e-25	2.39e-18	8.19e-13	3.93e-08	1.63e-04	1.00e+00	0.00e+00	0.00e+00
 5.01756e+13	1.17e-24	3.18e-18	1.02e-12	4.56e-08	1.75e-04	1.00e+00	0.00e+00	0.00e+00
 5.19115e+13	1.61e-24	4.13e-18	1.24e-12	5.22e-08	1.88e-04	1.00e+00	0.00e+00	0.00e+00
 5.38427e+13	2.28e-24	5.47e-18	1.54e-12	6.03e-08	2.03e-04	1.00e+00	0.00e+00	0.00e+00
 5.60263e+13	3.32e-24	7.42e-18	1.94e-12	7.07e-08	2.20e-04	1.00e+00	0.00e+00	0.00e+00
 5.82135e+13	4.79e-24	9.96e-18	2.43e-12	8.23e-08	2.37e-04	1.00e+00	0.00e+00	0.00e+00
 6.02658e+13	6.67e-24	1.30e-17	2.98e-12	9.45e-08	2.55e-04	1.00e+00	0.00e+00	0.00e+00
 6.24839e+13	9.42e-24	1.72e-17	3.68e-12	1.09e-07	2.74e-04	1.00e+00	0.00e+00	0.00e+00
 6.49628e+13	1.37e-23	2.32e-17	4.63e-12	1.27e-07	2.97e-04	1.00e+00	0.00e+00	0.00e+00
 6.72839e+13	1.91e-23	3.04e-17	5.69e-12	1.46e-07	3.19e-04	1.00e+00	0.00e+00	0.00e+00
 6.94381e+13	2.59e-23	3.88e-17	6.85e-12	1.66e-07	3.40e-04	1.00e+00	0.00e+00	0.00e+00
 7.15124e+13	3.43e-23	4.88e-17	8.15e-12	1.87e-07	3.61e-04	1.00e+00	0.00e+00	0.00e+00
 7.38172e+13	4.66e-23	6.24e-17	9.82e-12	2.12e-07	3.85e-04	1.00e+00	0.00e+00	0.00e+00
 7.63692e+13	6.46e-23	8.12e-17	1.20e-11	2.42e-07	4.12e-04	1.00e+00	0.00e+00	0.00e+00
 7.87492e+13	8.69e-23	1.03e-16	1.44e-11	2.74e-07	4.39e-04	1.00e+00	0.00e+00	0.00e+00
 8.13498e+13	1.19e-22	1.33e-16	1.74e-11	3.12e-07	4.69e-04	1.00e+00	0.00e+00	0.00e+00
 8.42754e+13	1.67e-22	1.75e-16	2.14e-11	3.59e-07	5.04e-04	9.99e-01	0.00e+00	0.00e+00
 8.70583e+13	2.29e-22	2.25e-16	2.60e-11	4.08e-07	5.38e-04	9.99e-01	0.00e+00	0.00e+00
 9.01108e+13	3.20e-22	2.94e-16	3.19e-11	4.68e-07	5.77e-04	9.99e-01	0.00e+00	0.00e+00
 9.34753e+13	4.56e-22	3.91e-16	3.96e-11	5.42e-07	6.21e-04	9.99e-01	0.00e+00	0.00e+00
 9.65716e+13	6.25e-22	5.05e-16	4.80e-11	6.17e-07	6.63e-04	9.99e-01	0.00e+00	0.00e+00
 9.99230e+13	8.69e-22	6.58e-16	5.87e-11	7.06e-07	7.11e-04	9.99e-01	0.00e+00	0.00e+00
 1.03673e+14	1.24e-21	8.77e-16	7.29e-11	8.18e-07	7.66e-04	9.99e-01	0.00e+00	0.00e+00
 1.07204e+14	1.71e-21	1.14e-15	8.89e-11	9.35e-07	8.20e-04	9.99e-01	0.00e+00	0.00e+00
 1.11058e+14	2.41e-21	1.50e-15	1.09e-10	1.08e-06	8.81e-04	9.99e-01	0.00e+00	0.00e+00
 1.15339e+14	3.47e-21	2.01e-15	1.37e-10	1.25e-06	9.52e-04	9.99e-01	0.00e+00	0.00e+00
 1.19338e+14	4.82e-21	2.62e-15	1.67e-10	1.43e-06	1.02e-03	9.99e-01	0.00e+00	0.00e+00
 1.23672e+14	6.78e-21	3.45e-15	2.07e-10	1.65e-06	1.10e-03	9.99e-01	0.00e+00	0.00e+00
 1.28519e+14	9.79e-21	4.64e-15	2.59e-10	1.93e-06	1.19e-03	9.99e-01	0.00e+00	0.00e+00
 1.33135e+14	1.37e-20	6.09e-15	3.19e-10	2.22e-06	1.28e-03	9.99e-01	0.00e+00	0.00e+00
 1.38065e+14	1.94e-20	8.06e-15	3.95e-10	2.57e-06	1.38e-03	9.99e-01	0.00e+00	0.00e+00
 1.43618e+14	2.81e-20	1.09e-14	4.98e-10	3.01e-06	1.49e-03	9.99e-01	0.00e+00	0.00e+00
 1.49103e+14	4.00e-20	1.45e-14	6.21e-10	3.49e-06	1.61e-03	9.98e-01	0.00e+00	0.00e+00
 1.54808e+14	5.68e-20	1.93e-14	7.74e-10	4.06e-06	1.75e-03	9.98e-01	0.00e+00	0.00e+00
 1.60849e+14	8.12e-20	2.58e-14	9.69e-10	4.74e-06	1.89e-03	9.98e-01	0.00e+00	0.00e+00
 1.65907e+14	1.08e-19	3.27e-14	1.16e-09	5.36e-06	2.02e-03	9.98e-01	0.00e+00	0.00e+00
 1.69812e+14	1.34e-19	3.89e-14	1.33e-09	5.89e-06	2.12e-03	9.98e-01	0.00e+00	0.00e+00
 1.74039e+14	1.68e-19	4.68e-14	1.53e-09	6.50e-06	2.24e-03	9.98e-01	0.00e+00	0.00e+00
 1.79534e+14	2.23e-19	5.90e-14	1.84e-09	7.36e-06	2.39e-03	9.98e-01	0.00e+00	0.00e+00
 1.85501e+14	3.00e-19	7.53e-14	2.23e-09	8.40e-06	2.56e-03	9.97e-01	0.00e+00	0.00e+00
 1.90892e+14	3.88e-19	9.31e-14	2.63e-09	9.43e-06	2.73e-03	9.97e-01	0.00e+00	0.00e+00
 1.96713e+14	5.08e-19	1.16e-13	3.13e-09	1.06e-05	2.91e-03	9.97e-01	0.00e+00	0.00e+00
 2.04018e+14	7.04e-19	1.52e-13	3.87e-09	1.23e-05	3.15e-03	9.97e-01	0.00e+00	0.00e+00
 2.11365e+14	9.62e-19	1.97e-13	4.75e-09	1.42e-05	3.40e-03	9.97e-01	0.00e+00	0.00e+00
 2.17618e+14	1.25e-18	2.44e-13	5.62e-09	1.60e-05	3.63e-03	9.96e-01	0.00e+00	0.00e+00
 2.24335e+14	1.62e-18	3.03e-13	6.70e-09	1.81e-05	3.88e-03	9.96e-01	0.00e+00	0.00e+00
 2.32710e+14	2.23e-18	3.96e-13	8.28e-09	2.09e-05	4.20e-03	9.96e-01	0.00e+00	0.00e+00
 2.41353e+14	3.05e-18	5.14e-13	1.02e-08	2.43e-05	4.56e-03	9.95e-01	0.00e+00	0.00e+00
 2.49059e+14	3.99e-18	6.44e-13	1.23e-08	2.75e-05	4.89e-03	9.95e-01	0.00e+00	0.00e+00
 2.57433e+14	5.27e-18	8.15e-13	1.48e-08	3.15e-05	5.27e-03	9.95e-01	0.00e+00	0.00e+00
 2.67424e+14	7.30e-18	1.07e-12	1.85e-08	3.67e-05	5.74e-03	9.94e-01	0.00e+00	0.00e+00
 2.77266e+14	9.91e-18	1.38e-12	2.28e-08	4.24e-05	6.22e-03	9.94e-01	0.00e+00	0.00e+00
 2.86115e+14	1.29e-17	1.73e-12	2.73e-08	4.81e-05	6.68e-03	9.93e-01	0.00e+00	0.00e+00
 2.95927e+14	1.71e-17	2.19e-12	3.31e-08	5.51e-05	7.20e-03	9.93e-01	0.00e+00	0.00e+00
 3.07518e+14	2.36e-17	2.88e-12	4.14e-08	6.43e-05	7.86e-03	9.92e-01	0.00e+00	0.00e+00
 3.18973e+14	3.20e-17	3.73e-12	5.11e-08	7.45e-05	8.54e-03	9.91e-01	0.00e+00	0.00e+00
 3.29558e+14	4.20e-17	4.70e-12	6.18e-08	8.50e-05	9.19e-03	9.91e-01	0.00e+00	0.00e+00
 3.41442e+14	5.64e-17	6.03e-12	7.59e-08	9.79e-05	9.96e-03	9.90e-01	0.00e+00	0.00e+00
 3.55129e+14	7.82e-17	7.97e-12	9.54e-08	1.15e-04	1.09e-02	9.89e-01	0.00e+00	0.00e+00
 3.68522e+14	1.06e-16	1.04e-11	1.18e-07	1.33e-04	1.18e-02	9.88e-01	0.00e+00	0.00e+00
 3.82450e+14	1.72e-16	1.35e-11	1.47e-07	1.54e-04	1.29e-02	9.87e-01	0.00e+00	0.00e+00
 3.97778e+14	2.42e-16	1.78e-11	1.85e-07	1.81e-04	1.41e-02	9.86e-01	0.00e+00	0.00e+00
 4.10740e+14	3.18e-16	2.24e-11	2.23e-07	2.05e-04	1.51e-02	9.85e-01	0.00e+00	0.00e+00
 4.20208e+14	3.87e-16	2.63e-11	2.55e-07	2.25e-04	1.59e-02	9.84e-01	0.00e+00	0.00e+00
 4.30144e+14	4.73e-16	3.11e-11	2.93e-07	2.47e-04	1.68e-02	9.83e-01	0.00e+00	0.00e+00
 4.43061e+14	6.09e-16	3.85e-11	3.49e-07	2.78e-04	1.80e-02	9.82e-01	0.00e+00	0.00e+00
 4.57311e+14	8.02e-16	4.84e-11	4.20e-07	3.16e-04	1.93e-02	9.80e-01	0.00e+00	0.00e+00
 4.70496e+14	1.03e-15	5.94e-11	4.98e-07	3.54e-04	2.06e-02	9.79e-01	0.00e+00	0.00e+00
 4.84840e+14	1.33e-15	7.38e-11	5.95e-07	3.99e-04	2.20e-02	9.78e-01	0.00e+00	0.00e+00
 5.00958e+14	1.77e-15	9.36e-11	7.22e-07	4.55e-04	2.37e-02	9.76e-01	0.00e+00	0.00e+00
 5.16297e+14	2.30e-15	1.17e-10	8.65e-07	5.14e-04	2.54e-02	9.74e-01	0.00e+00	0.00e+00
 5.33153e+14	3.05e-15	1.47e-10	1.05e-06	5.84e-04	2.72e-02	9.72e-01	0.00e+00	0.00e+00
 5.52005e+14	4.08e-15	1.90e-10	1.29e-06	6.71e-04	2.94e-02	9.70e-01	0.00e+00	0.00e+00
 5.69910e+14	5.41e-15	2.41e-10	1.56e-06	7.63e-04	3.16e-02	9.68e-01	0.00e+00	0.00e+00
 5.89645e+14	7.30e-15	3.10e-10	1.92e-06	8.75e-04	3.41e-02	9.65e-01	0.00e+00	0.00e+00
 6.11786e+14	1.01e-14	4.08e-10	2.39e-06	1.01e-03	3.70e-02	9.62e-01	0.00e+00	0.00e+00
 6.32714e+14	1.37e-14	5.23e-10	2.93e-06	1.16e-03	3.98e-02	9.59e-01	0.00e+00	0.00e+00
 6.55525e+14	1.88e-14	6.82e-10	3.63e-06	1.34e-03	4.31e-02	9.56e-01	0.00e+00	0.00e+00
 6.80923e+14	2.64e-14	9.08e-10	4.57e-06	1.56e-03	4.68e-02	9.52e-01	0.00e+00	0.00e+00
 7.04689e+14	3.60e-14	1.18e-09	5.63e-06	1.79e-03	5.04e-02	9.48e-01	0.00e+00	0.00e+00
 7.30259e+14	4.98e-14	1.54e-09	6.99e-06	2.06e-03	5.45e-02	9.43e-01	0.00e+00	0.00e+00
 7.58843e+14	7.06e-14	2.06e-09	8.82e-06	2.40e-03	5.92e-02	9.38e-01	0.00e+00	0.00e+00
 7.86337e+14	9.78e-14	2.70e-09	1.10e-05	2.77e-03	6.40e-02	9.33e-01	0.00e+00	0.00e+00
 8.15587e+14	1.37e-13	3.58e-09	1.37e-05	3.21e-03	6.92e-02	9.28e-01	0.00e+00	0.00e+00
 8.48240e+14	1.96e-13	4.83e-09	1.74e-05	3.75e-03	7.52e-02	9.21e-01	0.00e+00	0.00e+00
 8.75721e+14	2.63e-13	6.18e-09	2.11e-05	4.26e-03	8.05e-02	9.15e-01	0.00e+00	0.00e+00
 8.95471e+14	3.23e-13	7.33e-09	2.42e-05	4.66e-03	8.44e-02	9.11e-01	0.00e+00	0.00e+00
 9.15979e+14	3.98e-13	8.74e-09	2.78e-05	5.10e-03	8.85e-02	9.06e-01	0.00e+00	0.00e+00
 9.42640e+14	5.19e-13	1.09e-08	3.31e-05	5.71e-03	9.40e-02	9.00e-01	0.00e+00	0.00e+00
 9.72385e+14	6.92e-13	1.39e-08	4.00e-05	6.46e-03	1.00e-01	8.93e-01	0.00e+00	0.00e+00
 1.00025e+15	9.01e-13	1.73e-08	4.75e-05	7.23e-03	1.06e-01	8.86e-01	0.00e+00	0.00e+00
 1.03058e+15	1.19e-12	2.18e-08	5.70e-05	8.14e-03	1.13e-01	8.79e-01	0.00e+00	0.00e+00
 1.06451e+15	1.61e-12	2.80e-08	6.94e-05	9.25e-03	1.21e-01	8.70e-01	0.00e+00	0.00e+00
 1.09650e+15	2.12e-12	3.52e-08	8.31e-05	1.04e-02	1.28e-01	8.61e-01	0.00e+00	0.00e+00
 1.13149e+15	2.84e-12	4.50e-08	1.01e-04	1.18e-02	1.37e-01	8.52e-01	0.00e+00	0.00e+00
 1.17070e+15	3.90e-12	5.86e-08	1.24e-04	1.34e-02	1.46e-01	8.40e-01	0.00e+00	0.00e+00
 1.20788e+15	5.22e-12	7.48e-08	1.49e-04	1.52e-02	1.55e-01	8.29e-01	0.00e+00	0.00e+00
 1.24872e+15	7.12e-12	9.68e-08	1.83e-04	1.73e-02	1.66e-01	8.17e-01	0.00e+00	0.00e+00
 1.29424e+15	9.93e-12	1.28e-07	2.27e-04	1.99e-02	1.77e-01	8.02e-01	0.00e+00	0.00e+00
 1.33663e+15	1.34e-11	1.64e-07	2.75e-04	2.25e-02	1.89e-01	7.89e-01	0.00e+00	0.00e+00
 1.38248e+15	1.83e-11	2.13e-07	3.37e-04	2.56e-02	2.01e-01	7.73e-01	0.00e+00	0.00e+00
 1.43373e+15	2.56e-11	2.82e-07	4.18e-04	2.93e-02	2.14e-01	7.56e-01	0.00e+00	0.00e+00
 1.48168e+15	3.46e-11	3.63e-07	5.08e-04	3.32e-02	2.27e-01	7.39e-01	0.00e+00	0.00e+00
 1.53373e+15	4.76e-11	4.73e-07	6.24e-04	3.78e-02	2.41e-01	7.21e-01	0.00e+00	0.00e+00
 1.58906e+15	6.56e-11	6.19e-07	7.68e-04	4.30e-02	2.56e-01	7.00e-01	0.00e+00	0.00e+00
 1.63745e+15	8.60e-11	7.76e-07	9.14e-04	4.80e-02	2.68e-01	6.83e-01	0.00e+00	0.00e+00
 1.67907e+15	1.08e-10	9.39e-07	1.06e-03	5.25e-02	2.79e-01	6.67e-01	0.00e+00	0.00e+00
 1.72310e+15	1.37e-10	1.14e-06	1.23e-03	5.76e-02	2.91e-01	6.50e-01	0.00e+00	0.00e+00
 1.77279e+15	1.77e-10	1.42e-06	1.45e-03	6.37e-02	3.04e-01	6.31e-01	0.00e+00	0.00e+00
 1.82020e+15	2.25e-10	1.73e-06	1.68e-03	6.98e-02	3.15e-01	6.13e-01	0.00e+00	0.00e+00
 1.87220e+15	2.91e-10	2.14e-06	1.97e-03	7.70e-02	3.28e-01	5.93e-01	0.00e+00	0.00e+00
 1.92910e+15	3.80e-10	2.67e-06	2.34e-03	8.52e-02	3.41e-01	5.71e-01	0.00e+00	0.00e+00
 1.98138e+15	4.83e-10	3.26e-06	2.71e-03	9.31e-02	3.53e-01	5.51e-01	0.00e+00	0.00e+00
 2.03834e+15	6.23e-10	4.02e-06	3.17e-03	1.02e-01	3.65e-01	5.30e-01	0.00e+00	0.00e+00
 2.10181e+15	8.16e-10	5.03e-06	3.75e-03	1.13e-01	3.78e-01	5.06e-01	0.00e+00	0.00e+00
 2.16192e+15	1.05e-09	6.18e-06	4.37e-03	1.23e-01	3.89e-01	4.83e-01	0.00e+00	0.00e+00
 2.22824e+15	1.37e-09	7.70e-06	5.14e-03	1.35e-01	4.01e-01	4.59e-01	0.00e+00	0.00e+00
 2.30093e+15	1.81e-09	9.68e-06	6.09e-03	1.49e-01	4.12e-01	4.33e-01	0.00e+00	0.00e+00
 2.36751e+15	2.31e-09	1.18e-05	7.06e-03	1.62e-01	4.21e-01	4.10e-01	0.00e+00	0.00e+00
 2.43964e+15	3.00e-09	1.47e-05	8.26e-03	1.77e-01	4.30e-01	3.85e-01	0.00e+00	0.00e+00
 2.51889e+15	3.93e-09	1.83e-05	9.71e-03	1.93e-01	4.38e-01	3.60e-01	0.00e+00	0.00e+00
 2.59232e+15	5.00e-09	2.23e-05	1.12e-02	2.08e-01	4.44e-01	3.37e-01	0.00e+00	0.00e+00
 2.67271e+15	6.51e-09	2.76e-05	1.31e-02	2.26e-01	4.49e-01	3.12e-01	0.00e+00	0.00e+00
 2.76105e+15	8.52e-09	3.43e-05	1.53e-02	2.45e-01	4.52e-01	2.88e-01	0.00e+00	0.00e+00
 2.84262e+15	1.08e-08	4.16e-05	1.76e-02	2.62e-01	4.54e-01	2.66e-01	0.00e+00	0.00e+00
 2.91639e+15	1.33e-08	4.92e-05	1.98e-02	2.79e-01	4.54e-01	2.47e-01	0.00e+00	0.00e+00
 2.98386e+15	1.60e-08	5.71e-05	2.20e-02	2.93e-01	4.53e-01	2.31e-01	0.00e+00	0.00e+00
 3.05832e+15	1.97e-08	6.74e-05	2.47e-02	3.10e-01	4.51e-01	2.14e-01	0.00e+00	0.00e+00
 3.13944e+15	2.43e-08	7.96e-05	2.79e-02	3.27e-01	4.48e-01	1.97e-01	0.00e+00	0.00e+00
 3.21622e+15	2.96e-08	9.29e-05	3.11e-02	3.43e-01	4.44e-01	1.82e-01	0.00e+00	0.00e+00
 3.29050e+15	3.55e-08	1.07e-04	3.44e-02	3.59e-01	4.39e-01	1.68e-01	0.00e+00	0.00e+00
 3.37455e+15	4.38e-08	1.27e-04	3.85e-02	3.77e-01	4.32e-01	1.53e-01	0.00e+00	0.00e+00
 3.46792e+15	5.44e-08	1.50e-04	4.34e-02	3.96e-01	4.23e-01	1.38e-01	0.00e+00	0.00e+00
 3.55551e+15	6.62e-08	1.75e-04	4.83e-02	4.13e-01	4.14e-01	1.25e-01	0.00e+00	0.00e+00
 3.63614e+15	7.90e-08	2.01e-04	5.31e-02	4.28e-01	4.05e-01	1.14e-01	0.00e+00	0.00e+00
 3.72558e+15	9.69e-08	2.36e-04	5.91e-02	4.44e-01	3.94e-01	1.02e-01	0.00e+00	0.00e+00
 3.82560e+15	1.20e-07	2.78e-04	6.61e-02	4.62e-01	3.81e-01	9.07e-02	0.00e+00	0.00e+00
 3.91962e+15	1.45e-07	3.22e-04	7.32e-02	4.77e-01	3.68e-01	8.11e-02	0.00e+00	0.00e+00
 4.00861e+15	1.74e-07	3.70e-04	8.04e-02	4.91e-01	3.55e-01	7.27e-02	0.00e+00	0.00e+00
 4.11081e+15	2.16e-07	4.37e-04	8.96e-02	5.06e-01	3.40e-01	6.36e-02	0.00e+00	0.00e+00
 4.21966e+15	2.66e-07	5.12e-04	9.98e-02	5.21e-01	3.24e-01	5.54e-02	0.00e+00	0.00e+00
 4.31623e+15	3.20e-07	5.90e-04	1.10e-01	5.32e-01	3.09e-01	4.88e-02	0.00e+00	0.00e+00
 4.40620e+15	3.82e-07	6.75e-04	1.20e-01	5.42e-01	2.94e-01	4.31e-02	0.00e+00	0.00e+00
 4.49462e+15	4.52e-07	7.68e-04	1.30e-01	5.51e-01	2.80e-01	3.81e-02	0.00e+00	0.00e+00
 4.59567e+15	5.52e-07	8.93e-04	1.43e-01	5.59e-01	2.64e-01	3.29e-02	0.00e+00	0.00e+00
 4.70078e+15	6.74e-07	1.04e-03	1.58e-01	5.66e-01	2.47e-01	2.81e-02	0.00e+00	0.00e+00
 4.78866e+15	7.94e-07	1.17e-03	1.71e-01	5.71e-01	2.33e-01	2.47e-02	0.00e+00	0.00e+00
 4.88040e+15	9.52e-07	1.35e-03	1.86e-01	5.74e-01	2.18e-01	2.13e-02	0.00e+00	0.00e+00
 4.97971e+15	1.16e-06	1.56e-03	2.03e-01	5.75e-01	2.02e-01	1.80e-02	0.00e+00	0.00e+00
 5.05684e+15	1.33e-06	1.73e-03	2.17e-01	5.75e-01	1.90e-01	1.59e-02	0.00e+00	0.00e+00
 5.11337e+15	1.49e-06	1.88e-03	2.29e-01	5.74e-01	1.81e-01	1.44e-02	0.00e+00	0.00e+00
 5.17514e+15	1.65e-06	2.04e-03	2.41e-01	5.73e-01	1.71e-01	1.29e-02	0.00e+00	0.00e+00
 5.25545e+15	2.00e-06	2.35e-03	2.60e-01	5.69e-01	1.58e-01	1.09e-02	0.00e+00	0.00e+00
 5.33074e+15	2.33e-06	2.63e-03	2.78e-01	5.64e-01	1.47e-01	9.43e-03	0.00e+00	0.00e+00
 5.38478e+15	2.60e-06	2.86e-03	2.91e-01	5.59e-01	1.39e-01	8.45e-03	0.00e+00	0.00e+00
 5.44029e+15	2.93e-06	3.12e-03	3.05e-01	5.54e-01	1.30e-01	7.49e-03	0.00e+00	0.00e+00
 5.51247e+15	3.46e-06	3.53e-03	3.26e-01	5.45e-01	1.19e-01	6.33e-03	0.00e+00	0.00e+00
 5.58348e+15	3.93e-06	3.88e-03	3.46e-01	5.36e-01	1.09e-01	5.40e-03	0.00e+00	0.00e+00
 5.64130e+15	4.65e-06	4.38e-03	3.65e-01	5.26e-01	1.00e-01	4.61e-03	0.00e+00	0.00e+00
 5.69009e+15	5.19e-06	4.75e-03	3.80e-01	5.18e-01	9.37e-02	4.07e-03	0.00e+00	0.00e+00
 5.73881e+15	5.69e-06	5.09e-03	3.96e-01	5.09e-01	8.71e-02	3.58e-03	0.00e+00	0.00e+00
 5.80215e+15	6.95e-06	5.87e-03	4.19e-01	4.94e-01	7.80e-02	2.91e-03	0.00e+00	0.00e+00
 5.86082e+15	7.97e-06	6.49e-03	4.40e-01	4.81e-01	7.06e-02	2.45e-03	0.00e+00	0.00e+00
 5.90405e+15	8.85e-06	7.01e-03	4.55e-01	4.70e-01	6.53e-02	2.13e-03	0.00e+00	0.00e+00
 5.95084e+15	9.83e-06	7.58e-03	4.73e-01	4.58e-01	5.96e-02	1.83e-03	0.00e+00	0.00e+00
 6.01167e+15	1.20e-05	8.74e-03	4.98e-01	4.40e-01	5.21e-02	1.44e-03	0.00e+00	0.00e+00
 6.06792e+15	1.36e-05	9.56e-03	5.19e-01	4.24e-01	4.63e-02	1.17e-03	0.00e+00	0.00e+00
 6.11062e+15	1.60e-05	1.07e-02	5.37e-01	4.09e-01	4.14e-02	9.64e-04	0.00e+00	0.00e+00
 6.14901e+15	1.74e-05	1.14e-02	5.52e-01	3.98e-01	3.78e-02	8.29e-04	0.00e+00	0.00e+00
 6.18937e+15	1.98e-05	1.25e-02	5.68e-01	3.85e-01	3.39e-02	6.86e-04	0.00e+00	0.00e+00
 6.24185e+15	2.41e-05	1.43e-02	5.91e-01	3.65e-01	2.89e-02	5.21e-04	0.00e+00	0.00e+00
 6.29219e+15	2.74e-05	1.57e-02	6.09e-01	3.49e-01	2.50e-02	4.10e-04	0.00e+00	0.00e+00
 6.32692e+15	3.16e-05	1.73e-02	6.24e-01	3.36e-01	2.23e-02	3.34e-04	0.00e+00	0.00e+00
 6.35037e+15	3.41e-05	1.82e-02	6.33e-01	3.28e-01	2.07e-02	2.94e-04	0.00e+00	0.00e+00
 6.37200e+15	3.62e-05	1.90e-02	6.41e-01	3.21e-01	1.92e-02	2.61e-04	0.00e+00	0.00e+00
 6.40012e+15	4.05e-05	2.06e-02	6.52e-01	3.10e-01	1.73e-02	2.18e-04	0.00e+00	0.00e+00
 6.43006e+15	4.43e-05	2.19e-02	6.62e-01	3.00e-01	1.56e-02	1.83e-04	0.00e+00	0.00e+00
 6.46239e+15	5.06e-05	2.39e-02	6.75e-01	2.88e-01	1.37e-02	1.47e-04	0.00e+00	0.00e+00
 6.49461e+15	5.66e-05	2.59e-02	6.85e-01	2.77e-01	1.21e-02	1.19e-04	0.00e+00	0.00e+00
 6.52148e+15	6.21e-05	2.76e-02	6.94e-01	2.67e-01	1.09e-02	9.94e-05	0.00e+00	0.00e+00
 6.55122e+15	6.95e-05	2.98e-02	7.04e-01	2.57e-01	9.61e-03	8.02e-05	0.00e+00	0.00e+00
 6.58422e+15	7.82e-05	3.23e-02	7.13e-01	2.46e-01	8.36e-03	6.35e-05	0.00e+00	0.00e+00
 6.61520e+15	8.76e-05	3.48e-02	7.22e-01	2.36e-01	7.31e-03	5.06e-05	0.00e+00	0.00e+00
 6.64418e+15	9.73e-05	3.74e-02	7.30e-01	2.26e-01	6.43e-03	4.08e-05	0.00e+00	0.00e+00
 6.67683e+15	1.10e-04	4.06e-02	7.38e-01	2.16e-01	5.52e-03	3.15e-05	0.00e+00	0.00e+00
 6.71190e+15	1.25e-04	4.43e-02	7.46e-01	2.05e-01	4.70e-03	2.40e-05	0.00e+00	0.00e+00
 6.74287e+15	1.40e-04	4.78e-02	7.52e-01	1.95e-01	4.06e-03	1.88e-05	0.00e+00	0.00e+00
 6.77148e+15	1.56e-04	5.13e-02	7.58e-01	1.87e-01	3.54e-03	1.49e-05	0.00e+00	0.00e+00
 6.80429e+15	1.77e-04	5.58e-02	7.64e-01	1.77e-01	3.00e-03	1.13e-05	0.00e+00	0.00e+00
 6.84009e+15	2.02e-04	6.09e-02	7.69e-01	1.67e-01	2.52e-03	8.42e-06	0.00e+00	0.00e+00
 6.87229e+15	2.28e-04	6.60e-02	7.73e-01	1.59e-01	2.14e-03	6.42e-06	0.00e+00	0.00e+00
 6.90200e+15	2.55e-04	7.10e-02	7.76e-01	1.51e-01	1.84e-03	4.98e-06	0.00e+00	0.00e+00
 6.93596e+15	2.90e-04	7.73e-02	7.79e-01	1.42e-01	1.53e-03	3.68e-06	0.00e+00	0.00e+00
 6.97305e+15	3.33e-04	8.46e-02	7.81e-01	1.33e-01	1.26e-03	2.67e-06	0.00e+00	0.00e+00
 7.00622e+15	3.79e-04	9.20e-02	7.82e-01	1.24e-01	1.06e-03	1.99e-06	0.00e+00	0.00e+00
 7.03635e+15	4.25e-04	9.91e-02	7.82e-01	1.17e-01	8.97e-04	1.52e-06	0.00e+00	0.00e+00
 7.07051e+15	4.86e-04	1.08e-01	7.81e-01	1.09e-01	7.39e-04	1.10e-06	0.00e+00	0.00e+00
 7.10809e+15	5.62e-04	1.18e-01	7.79e-01	1.01e-01	6.00e-04	7.85e-07	0.00e+00	0.00e+00
 7.14253e+15	6.45e-04	1.29e-01	7.76e-01	9.36e-02	4.92e-04	0.00e+00	0.00e+00	0.00e+00
 7.17350e+15	7.32e-04	1.40e-01	7.72e-01	8.71e-02	4.10e-04	0.00e+00	0.00e+00	0.00e+00
 7.20756e+15	8.41e-04	1.53e-01	7.66e-01	8.02e-02	3.33e-04	0.00e+00	0.00e+00	0.00e+00
 7.24539e+15	9.83e-04	1.69e-01	7.57e-01	7.28e-02	2.64e-04	0.00e+00	0.00e+00	0.00e+00
 7.28004e+15	1.14e-03	1.84e-01	7.48e-01	6.64e-02	2.13e-04	0.00e+00	0.00e+00	0.00e+00
 7.31183e+15	1.30e-03	2.01e-01	7.37e-01	6.06e-02	1.73e-04	0.00e+00	0.00e+00	0.00e+00
 7.34795e+15	1.52e-03	2.21e-01	7.23e-01	5.43e-02	1.35e-04	0.00e+00	0.00e+00	0.00e+00
 7.38752e+15	1.81e-03	2.45e-01	7.05e-01	4.78e-02	1.03e-04	0.00e+00	0.00e+00	0.00e+00
 7.42339e+15	2.13e-03	2.70e-01	6.86e-01	4.22e-02	7.96e-05	0.00e+00	0.00e+00	0.00e+00
 7.45609e+15	2.48e-03	2.95e-01	6.65e-01	3.73e-02	6.22e-05	0.00e+00	0.00e+00	0.00e+00
 7.49280e+15	2.94e-03	3.25e-01	6.40e-01	3.22e-02	4.66e-05	0.00e+00	0.00e+00	0.00e+00
 7.54053e+15	3.67e-03	3.68e-01	6.02e-01	2.61e-02	3.13e-05	0.00e+00	0.00e+00	0.00e+00
 7.58740e+15	4.63e-03	4.18e-01	5.57e-01	2.06e-02	2.05e-05	0.00e+00	0.00e+00	0.00e+00
 7.62117e+15	5.48e-03	4.58e-01	5.20e-01	1.70e-02	1.48e-05	0.00e+00	0.00e+00	0.00e+00
 7.64839e+15	6.31e-03	4.91e-01	4.88e-01	1.44e-02	1.11e-05	0.00e+00	0.00e+00	0.00e+00
 7.67911e+15	7.35e-03	5.30e-01	4.51e-01	1.18e-02	7.94e-06	0.00e+00	0.00e+00	0.00e+00
 7.71903e+15	9.01e-03	5.83e-01	4.00e-01	8.81e-03	4.96e-06	0.00e+00	0.00e+00	0.00e+00
 7.75937e+15	1.12e-02	6.39e-01	3.44e-01	6.28e-03	2.93e-06	0.00e+00	0.00e+00	0.00e+00
 7.78748e+15	1.31e-02	6.80e-01	3.02e-01	4.78e-03	1.94e-06	0.00e+00	0.00e+00	0.00e+00
 7.80589e+15	1.45e-02	7.06e-01	2.76e-01	3.96e-03	1.47e-06	0.00e+00	0.00e+00	0.00e+00
 7.82441e+15	1.60e-02	7.31e-01	2.50e-01	3.23e-03	1.09e-06	0.00e+00	0.00e+00	0.00e+00
 7.84849e+15	1.83e-02	7.62e-01	2.17e-01	2.43e-03	7.18e-07	0.00e+00	0.00e+00	0.00e+00
 7.87360e+15	2.11e-02	7.93e-01	1.84e-01	1.76e-03	0.00e+00	0.00e+00	0.00e+00	0.00e+00
 7.89409e+15	2.38e-02	8.17e-01	1.58e-01	1.32e-03	0.00e+00	0.00e+00	0.00e+00	0.00e+00
 7.91098e+15	2.63e-02	8.34e-01	1.38e-01	1.03e-03	0.00e+00	0.00e+00	0.00e+00	0.00e+00
 7.92919e+15	2.93e-02	8.52e-01	1.18e-01	7.66e-04	0.00e+00	0.00e+00	0.00e+00	0.00e+00
 7.94928e+15	3.30e-02	8.68e-01	9.84e-02	5.45e-04	0.00e+00	0.00e+00	0.00e+00	0.00e+00
 7.96734e+15	3.70e-02	8.81e-01	8.21e-02	3.92e-04	0.00e+00	0.00e+00	0.00e+00	0.00e+00
 7.98300e+15	4.09e-02	8.89e-01	6.95e-02	2.90e-04	0.00e+00	0.00e+00	0.00e+00	0.00e+00
 7.99741e+15	4.50e-02	8.96e-01	5.89e-02	2.16e-04	0.00e+00	0.00e+00	0.00e+00	0.00e+00
 8.01353e+15	4.99e-02	9.01e-01	4.87e-02	1.53e-04	0.00e+00	0.00e+00	0.00e+00	0.00e+00
 8.03135e+15	5.65e-02	9.05e-01	3.88e-02	1.02e-04	0.00e+00	0.00e+00	0.00e+00	0.00e+00
 8.04702e+15	6.30e-02	9.06e-01	3.13e-02	6.99e-05	0.00e+00	0.00e+00	0.00e+00	0.00e+00
 8.06028e+15	6.94e-02	9.05e-01	2.59e-02	5.02e-05	0.00e+00	0.00e+00	0.00e+00	0.00e+00
 8.07475e+15	7.71e-02	9.02e-01	2.08e-02	3.42e-05	0.00e+00	0.00e+00	0.00e+00	0.00e+00
 8.09093e+15	8.67e-02	8.97e-01	1.62e-02	2.20e-05	0.00e+00	0.00e+00	0.00e+00	0.00e+00
 8.10589e+15	9.74e-02	8.90e-01	1.26e-02	1.42e-05	0.00e+00	0.00e+00	0.00e+00	0.00e+00
 8.11781e+15	1.07e-01	8.83e-01	1.02e-02	9.93e-06	0.00e+00	0.00e+00	0.00e+00	0.00e+00
 8.12729e+15	1.15e-01	8.76e-01	8.62e-03	7.39e-06	0.00e+00	0.00e+00	0.00e+00	0.00e+00
 8.13733e+15	1.24e-01	8.69e-01	7.17e-03	5.36e-06	0.00e+00	0.00e+00	0.00e+00	0.00e+00
 8.14876e+15	1.35e-01	8.59e-01	5.77e-03	3.68e-06	0.00e+00	0.00e+00	0.00e+00	0.00e+00
 8.15981e+15	1.48e-01	8.48e-01	4.65e-03	2.53e-06	0.00e+00	0.00e+00	0.00e+00	0.00e+00
 8.16912e+15	1.59e-01	8.38e-01	3.85e-03	1.83e-06	0.00e+00	0.00e+00	0.00e+00	0.00e+00
 8.17709e+15	1.68e-01	8.28e-01	3.27e-03	1.38e-06	0.00e+00	0.00e+00	0.00e+00	0.00e+00
 8.18329e+15	1.76e-01	8.21e-01	2.87e-03	1.11e-06	0.00e+00	0.00e+00	0.00e+00	0.00e+00
 8.18761e+15	1.82e-01	8.16e-01	2.62e-03	9.51e-07	0.00e+00	0.00e+00	0.00e+00	0.00e+00
 8.19171e+15	1.87e-01	8.10e-01	2.40e-03	0.00e+00	0.00e+00	0.00e+00	0.00e+00	0.00e+00
 8.19646e+15	1.94e-01	8.04e-01	2.17e-03	0.00e+00	0.00e+00	0.00e+00	0.00e+00	0.00e+00
 8.20158e+15	2.01e-01	7.97e-01	1.94e-03	0.00e+00	0.00e+00	0.00e+00	0.00e+00	0.00e+00
 8.20651e+15	2.09e-01	7.90e-01	1.74e-03	0.00e+00	0.00e+00	0.00e+00	0.00e+00	0.00e+00
 8.21119e+15	2.15e-01	7.83e-01	1.57e-03	0.00e+00	0.00e+00	0.00e+00	0.00e+00	0.00e+00
 8.21586e+15	2.23e-01	7.76e-01	1.41e-03	0.00e+00	0.00e+00	0.00e+00	0.00e+00	0.00e+00
 8.22054e+15	2.30e-01	7.69e-01	1.27e-03	0.00e+00	0.00e+00	0.00e+00	0.00e+00	0.00e+00
 8.22521e+15	2.37e-01	7.62e-01	1.14e-03	0.00e+00	0.00e+00	0.00e+00	0.00e+00	0.00e+00
 8.22985e+15	2.45e-01	7.54e-01	1.03e-03	0.00e+00	0.00e+00	0.00e+00	0.00e+00	0.00e+00
 8.23450e+15	2.52e-01	7.47e-01	9.24e-04	0.00e+00	0.00e+00	0.00e+00	0.00e+00	0.00e+00
 8.23916e+15	2.60e-01	7.39e-01	8.30e-04	0.00e+00	0.00e+00	0.00e+00	0.00e+00	0.00e+00
 8.24371e+15	2.68e-01	7.32e-01	7.46e-04	0.00e+00	0.00e+00	0.00e+00	0.00e+00	0.00e+00
 8.24822e+15	2.75e-01	7.24e-01	6.71e-04	0.00e+00	0.00e+00	0.00e+00	0.00e+00	0.00e+00
 8.25282e+15	2.83e-01	7.16e-01	6.02e-04	0.00e+00	0.00e+00	0.00e+00	0.00e+00	0.00e+00
 8.25740e+15	2.91e-01	7.08e-01	5.40e-04	0.00e+00	0.00e+00	0.00e+00	0.00e+00	0.00e+00
 8.26196e+15	2.99e-01	7.00e-01	4.84e-04	0.00e+00	0.00e+00	0.00e+00	0.00e+00	0.00e+00
 8.26652e+15	3.08e-01	6.92e-01	4.35e-04	0.00e+00	0.00e+00	0.00e+00	0.00e+00	0.00e+00
 8.27110e+15	3.17e-01	6.83e-01	3.89e-04	0.00e+00	0.00e+00	0.00e+00	0.00e+00	0.00e+00
 8.27574e+15	3.25e-01	6.75e-01	3.48e-04	0.00e+00	0.00e+00	0.00e+00	0.00e+00	0.00e+00
 8.28032e+15	3.34e-01	6.66e-01	3.12e-04	0.00e+00	0.00e+00	0.00e+00	0.00e+00	0.00e+00
 8.28489e+15	3.43e-01	6.57e-01	2.79e-04	0.00e+00	0.00e+00	0.00e+00	0.00e+00	0.00e+00
 8.28954e+15	3.52e-01	6.48e-01	2.50e-04	0.00e+00	0.00e+00	0.00e+00	0.00e+00	0.00e+00
 8.29427e+15	3.61e-01	6.39e-01	2.23e-04	0.00e+00	0.00e+00	0.00e+00	0.00e+00	0.00e+00
 8.29902e+15	3.71e-01	6.29e-01	1.99e-04	0.00e+00	0.00e+00	0.00e+00	0.00e+00	0.00e+00
 8.30377e+15	3.80e-01	6.19e-01	1.78e-04	0.00e+00	0.00e+00	0.00e+00	0.00e+00	0.00e+00
 8.30852e+15	3.90e-01	6.09e-01	1.59e-04	0.00e+00	0.00e+00	0.00e+00	0.00e+00	0.00e+00
 8.31326e+15	4.00e-01	5.99e-01	1.42e-04	0.00e+00	0.00e+00	0.00e+00	0.00e+00	0.00e+00
 8.31799e+15	4.11e-01	5.89e-01	1.27e-04	0.00e+00	0.00e+00	0.00e+00	0.00e+00	0.00e+00
 8.32276e+15	4.21e-01	5.78e-01	1.14e-04	0.00e+00	0.00e+00	0.00e+00	0.00e+00	0.00e+00
 8.32758e+15	4.32e-01	5.68e-01	1.02e-04	0.00e+00	0.00e+00	0.00e+00	0.00e+00	0.00e+00
 8.33244e+15	4.43e-01	5.56e-01	9.11e-05	0.00e+00	0.00e+00	0.00e+00	0.00e+00	0.00e+00
 8.33737e+15	4.55e-01	5.45e-01	8.16e-05	0.00e+00	0.00e+00	0.00e+00	0.00e+00	0.00e+00
 8.34238e+15	4.67e-01	5.33e-01	7.31e-05	0.00e+00	0.00e+00	0.00e+00	0.00e+00	0.00e+00
 8.34752e+15	4.79e-01	5.21e-01	6.55e-05	0.00e+00	0.00e+00	0.00e+00	0.00e+00	0.00e+00
 8.35281e+15	4.92e-01	5.08e-01	5.87e-05	0.00e+00	0.00e+00	0.00e+00	0.00e+00	0.00e+00
 8.35827e+15	5.06e-01	4.94e-01	5.24e-05	0.00e+00	0.00e+00	0.00e+00	0.00e+00	0.00e+00
 8.36390e+15	5.18e-01	4.82e-01	4.71e-05	0.00e+00	0.00e+00	0.00e+00	0.00e+00	0.00e+00
 8.36981e+15	5.34e-01	4.66e-01	4.20e-05	0.00e+00	0.00e+00	0.00e+00	0.00e+00	0.00e+00
 8.37603e+15	5.48e-01	4.52e-01	3.76e-05	0.00e+00	0.00e+00	0.00e+00	0.00e+00	0.00e+00
 8.38262e+15	5.63e-01	4.37e-01	3.36e-05	0.00e+00	0.00e+00	0.00e+00	0.00e+00	0.00e+00
 8.38973e+15	5.79e-01	4.21e-01	3.00e-05	0.00e+00	0.00e+00	0.00e+00	0.00e+00	0.00e+00
 8.39742e+15	5.96e-01	4.04e-01	2.67e-05	0.00e+00	0.00e+00	0.00e+00	0.00e+00	0.00e+00
 8.40582e+15	6.13e-01	3.87e-01	2.38e-05	0.00e+00	0.00e+00	0.00e+00	0.00e+00	0.00e+00
 8.41514e+15	6.32e-01	3.68e-01	2.10e-05	0.00e+00	0.00e+00	0.00e+00	0.00e+00	0.00e+00
 8.42551e+15	6.50e-01	3.49e-01	1.87e-05	0.00e+00	0.00e+00	0.00e+00	0.00e+00	0.00e+00
 8.43677e+15	6.66e-01	3.34e-01	1.68e-05	0.00e+00	0.00e+00	0.00e+00	0.00e+00	0.00e+00
 8.44837e+15	6.82e-01	3.18e-01	1.51e-05	0.00e+00	0.00e+00	0.00e+00	0.00e+00	0.00e+00
 8.45989e+15	6.97e-01	3.03e-01	1.38e-05	0.00e+00	0.00e+00	0.00e+00	0.00e+00	0.00e+00
 8.47214e+15	7.10e-01	2.90e-01	1.26e-05	0.00e+00	0.00e+00	0.00e+00	0.00e+00	0.00e+00
 8.48613e+15	7.24e-01	2.76e-01	1.15e-05	0.00e+00	0.00e+00	0.00e+00	0.00e+00	0.00e+00
 8.50176e+15	7.38e-01	2.62e-01	1.04e-05	0.00e+00	0.00e+00	0.00e+00	0.00e+00	0.00e+00
 8.51848e+15	7.52e-01	2.48e-01	9.46e-06	0.00e+00	0.00e+00	0.00e+00	0.00e+00	0.00e+00
 8.53594e+15	7.65e-01	2.35e-01	8.59e-06	0.00e+00	0.00e+00	0.00e+00	0.00e+00	0.00e+00
 8.55401e+15	7.78e-01	2.22e-01	7.79e-06	0.00e+00	0.00e+00	0.00e+00	0.00e+00	0.00e+00
 8.57249e+15	7.90e-01	2.10e-01	7.06e-06	0.00e+00	0.00e+00	0.00e+00	0.00e+00	0.00e+00
 8.59111e+15	8.02e-01	1.98e-01	6.39e-06	0.00e+00	0.00e+00	0.00e+00	0.00e+00	0.00e+00
 8.60963e+15	8.14e-01	1.86e-01	5.79e-06	0.00e+00	0.00e+00	0.00e+00	0.00e+00	0.00e+00
 8.62793e+15	8.25e-01	1.75e-01	5.24e-06	0.00e+00	0.00e+00	0.00e+00	0.00e+00	0.00e+00
 8.64596e+15	8.36e-01	1.64e-01	4.75e-06	0.00e+00	0.00e+00	0.00e+00	0.00e+00	0.00e+00
 8.66368e+15	8.45e-01	1.55e-01	4.31e-06	0.00e+00	0.00e+00	0.00e+00	0.00e+00	0.00e+00
 8.68108e+15	8.55e-01	1.45e-01	3.91e-06	0.00e+00	0.00e+00	0.00e+00	0.00e+00	0.00e+00
 8.69818e+15	8.64e-01	1.36e-01	3.55e-06	0.00e+00	0.00e+00	0.00e+00	0.00e+00	0.00e+00
 8.71495e+15	8.73e-01	1.27e-01	3.21e-06	0.00e+00	0.00e+00	0.00e+00	0.00e+00	0.00e+00
 8.73181e+15	8.80e-01	1.20e-01	2.93e-06	0.00e+00	0.00e+00	0.00e+00	0.00e+00	0.00e+00
 8.74819e+15	8.88e-01	1.12e-01	2.65e-06	0.00e+00	0.00e+00	0.00e+00	0.00e+00	0.00e+00
 8.76399e+15	8.95e-01	1.05e-01	2.42e-06	0.00e+00	0.00e+00	0.00e+00	0.00e+00	0.00e+00
 8.77988e+15	9.02e-01	9.85e-02	2.20e-06	0.00e+00	0.00e+00	0.00e+00	0.00e+00	0.00e+00
 8.79546e+15	9.08e-01	9.23e-02	2.00e-06	0.00e+00	0.00e+00	0.00e+00	0.00e+00	0.00e+00
 8.81057e+15	9.13e-01	8.67e-02	1.83e-06	0.00e+00	0.00e+00	0.00e+00	0.00e+00	0.00e+00
 8.82514e+15	9.19e-01	8.15e-02	1.67e-06	0.00e+00	0.00e+00	0.00e+00	0.00e+00	0.00e+00
 8.83942e+15	9.23e-01	7.66e-02	1.53e-06	0.00e+00	0.00e+00	0.00e+00	0.00e+00	0.00e+00
 8.85381e+15	9.28e-01	7.20e-02	1.40e-06	0.00e+00	0.00e+00	0.00e+00	0.00e+00	0.00e+00
 8.86820e+15	9.32e-01	6.75e-02	1.28e-06	0.00e+00	0.00e+00	0.00e+00	0.00e+00	0.00e+00
 8.88239e+15	9.37e-01	6.34e-02	1.17e-06	0.00e+00	0.00e+00	0.00e+00	0.00e+00	0.00e+00
 8.89633e+15	9.40e-01	5.96e-02	1.08e-06	0.00e+00	0.00e+00	0.00e+00	0.00e+00	0.00e+00
 8.91009e+15	9.44e-01	5.61e-02	9.89e-07	0.00e+00	0.00e+00	0.00e+00	0.00e+00	0.00e+00
 8.92374e+15	9.47e-01	5.27e-02	9.08e-07	0.00e+00	0.00e+00	0.00e+00	0.00e+00	0.00e+00
 8.93727e+15	9.50e-01	4.96e-02	8.35e-07	0.00e+00	0.00e+00	0.00e+00	0.00e+00	0.00e+00
 8.95070e+15	9.53e-01	4.67e-02	7.68e-07	0.00e+00	0.00e+00	0.00e+00	0.00e+00	0.00e+00
 8.96403e+15	9.56e-01	4.40e-02	7.07e-07	0.00e+00	0.00e+00	0.00e+00	0.00e+00	0.00e+00
 8.97728e+15	9.59e-01	4.14e-02	6.51e-07	0.00e+00	0.00e+00	0.00e+00	0.00e+00	0.00e+00
 8.99049e+15	9.61e-01	3.90e-02	6.00e-07	0.00e+00	0.00e+00	0.00e+00	0.00e+00	0.00e+00
 9.00367e+15	9.63e-01	3.68e-02	5.53e-07	0.00e+00	0.00e+00	0.00e+00	0.00e+00	0.00e+00
 9.01684e+15	9.65e-01	3.47e-02	5.10e-07	0.00e+00	0.00e+00	0.00e+00	0.00e+00	0.00e+00
 9.03004e+15	9.67e-01	3.27e-02	4.71e-07	0.00e+00	0.00e+00	0.00e+00	0.00e+00	0.00e+00
 9.04330e+15	9.69e-01	3.09e-02	4.34e-07	0.00e+00	0.00e+00	0.00e+00	0.00e+00	0.00e+00
 9.05673e+15	9.71e-01	2.91e-02	4.01e-07	0.00e+00	0.00e+00	0.00e+00	0.00e+00	0.00e+00
 9.07053e+15	9.73e-01	2.74e-02	3.69e-07	0.00e+00	0.00e+00	0.00e+00	0.00e+00	0.00e+00
 9.08475e+15	9.74e-01	2.58e-02	3.39e-07	0.00e+00	0.00e+00	0.00e+00	0.00e+00	0.00e+00
 9.09931e+15	9.76e-01	2.42e-02	3.11e-07	0.00e+00	0.00e+00	0.00e+00	0.00e+00	0.00e+00
 9.11423e+15	9.77e-01	2.27e-02	2.85e-07	0.00e+00	0.00e+00	0.00e+00	0.00e+00	0.00e+00
 9.12971e+15	9.79e-01	2.13e-02	2.61e-07	0.00e+00	0.00e+00	0.00e+00	0.00e+00	0.00e+00
 9.14595e+15	9.80e-01	2.00e-02	2.38e-07	0.00e+00	0.00e+00	0.00e+00	0.00e+00	0.00e+00
 9.16323e+15	9.81e-01	1.86e-02	2.16e-07	0.00e+00	0.00e+00	0.00e+00	0.00e+00	0.00e+00
 9.18190e+15	9.83e-01	1.73e-02	1.95e-07	0.00e+00	0.00e+00	0.00e+00	0.00e+00	0.00e+00
 9.20254e+15	9.84e-01	1.60e-02	1.75e-07	0.00e+00	0.00e+00	0.00e+00	0.00e+00	0.00e+00
 9.22621e+15	9.85e-01	1.47e-02	1.54e-07	0.00e+00	0.00e+00	0.00e+00	0.00e+00	0.00e+00
 9.25269e+15	9.87e-01	1.33e-02	1.35e-07	0.00e+00	0.00e+00	0.00e+00	0.00e+00	0.00e+00
 9.27912e+15	9.88e-01	1.22e-02	1.19e-07	0.00e+00	0.00e+00	0.00e+00	0.00e+00	0.00e+00
 9.30340e+15	9.89e-01	1.14e-02	1.07e-07	0.00e+00	0.00e+00	0.00e+00	0.00e+00	0.00e+00
 9.32550e+15	9.89e-01	1.07e-02	9.71e-08	0.00e+00	0.00e+00	0.00e+00	0.00e+00	0.00e+00
 9.34561e+15	9.90e-01	1.01e-02	8.92e-08	0.00e+00	0.00e+00	0.00e+00	0.00e+00	0.00e+00
 9.36391e+15	9.90e-01	9.61e-03	8.28e-08	0.00e+00	0.00e+00	0.00e+00	0.00e+00	0.00e+00
 9.38056e+15	9.91e-01	9.21e-03	7.76e-08	0.00e+00	0.00e+00	0.00e+00	0.00e+00	0.00e+00
 9.39571e+15	9.91e-01	8.87e-03	7.31e-08	0.00e+00	0.00e+00	0.00e+00	0.00e+00	0.00e+00
 9.40950e+15	9.91e-01	8.59e-03	6.95e-08	0.00e+00	0.00e+00	0.00e+00	0.00e+00	0.00e+00
 9.42461e+15	9.92e-01	8.29e-03	6.57e-08	0.00e+00	0.00e+00	0.00e+00	0.00e+00	0.00e+00
