#depth	C	C+	C+2	C+3	C+4	C+5	C+6	C[1]	C[2]	C[3]	C+[1]	C+[2]	CO
 1.49634e+10	0.00e+00	1.25e-27	5.50e-19	5.33e-11	2.69e-02	9.42e-01	3.10e-02	0.00e+00	0.00e+00	0.00e+00	0.00e+00	0.00e+00	0.00e+00
 4.54887e+10	5.70e-37	1.80e-27	7.27e-19	6.45e-11	2.97e-02	9.42e-01	2.83e-02	0.00e+00	0.00e+00	0.00e+00	0.00e+00	0.00e+00	1.36e-121
 7.72350e+10	0.00e+00	2.59e-27	9.60e-19	7.79e-11	3.28e-02	9.41e-01	2.59e-02	0.00e+00	0.00e+00	0.00e+00	0.00e+00	0.00e+00	0.00e+00
 1.10251e+11	1.40e-36	3.73e-27	1.27e-18	9.41e-11	3.61e-02	9.40e-01	2.37e-02	0.00e+00	0.00e+00	0.00e+00	0.00e+00	0.00e+00	1.49e-120
 1.43391e+11	0.00e+00	5.31e-27	1.66e-18	1.13e-10	3.97e-02	9.39e-01	2.17e-02	0.00e+00	0.00e+00	0.00e+00	0.00e+00	0.00e+00	0.00e+00
 1.77856e+11	3.37e-36	7.56e-27	2.18e-18	1.36e-10	4.36e-02	9.37e-01	1.98e-02	0.00e+00	0.00e+00	0.00e+00	0.00e+00	0.00e+00	1.51e-119
 2.14897e+11	0.00e+00	1.09e-26	2.88e-18	1.64e-10	4.81e-02	9.34e-01	1.80e-02	0.00e+00	0.00e+00	0.00e+00	0.00e+00	0.00e+00	0.00e+00
 2.51535e+11	8.16e-36	1.55e-26	3.77e-18	1.97e-10	5.28e-02	9.31e-01	1.65e-02	0.00e+00	0.00e+00	0.00e+00	0.00e+00	0.00e+00	1.58e-118
 2.89640e+11	0.00e+00	2.20e-26	4.93e-18	2.36e-10	5.78e-02	9.27e-01	1.50e-02	0.00e+00	0.00e+00	0.00e+00	0.00e+00	0.00e+00	0.00e+00
 3.31152e+11	1.98e-35	3.17e-26	6.53e-18	2.85e-10	6.37e-02	9.23e-01	1.36e-02	0.00e+00	0.00e+00	0.00e+00	0.00e+00	0.00e+00	1.65e-117
 3.74325e+11	0.00e+00	4.58e-26	8.66e-18	3.45e-10	7.00e-02	9.18e-01	1.24e-02	0.00e+00	0.00e+00	0.00e+00	0.00e+00	0.00e+00	0.00e+00
 4.19225e+11	4.92e-35	6.62e-26	1.15e-17	4.18e-10	7.70e-02	9.12e-01	1.12e-02	0.00e+00	0.00e+00	0.00e+00	0.00e+00	0.00e+00	1.82e-116
 4.65920e+11	7.74e-35	9.56e-26	1.52e-17	5.05e-10	8.46e-02	9.05e-01	1.01e-02	0.00e+00	0.00e+00	0.00e+00	0.00e+00	0.00e+00	0.00e+00
 5.14484e+11	1.22e-34	1.38e-25	2.02e-17	6.11e-10	9.29e-02	8.98e-01	9.14e-03	0.00e+00	0.00e+00	0.00e+00	0.00e+00	0.00e+00	1.99e-115
 5.58452e+11	1.81e-34	1.90e-25	2.58e-17	7.21e-10	1.01e-01	8.91e-01	8.35e-03	0.00e+00	0.00e+00	0.00e+00	0.00e+00	0.00e+00	9.27e-98
 5.95163e+11	2.47e-34	2.45e-25	3.13e-17	8.21e-10	1.07e-01	8.85e-01	7.77e-03	0.00e+00	0.00e+00	0.00e+00	0.00e+00	0.00e+00	4.20e-275
 6.35414e+11	3.48e-34	3.23e-25	3.88e-17	9.48e-10	1.15e-01	8.78e-01	7.17e-03	0.00e+00	0.00e+00	0.00e+00	0.00e+00	0.00e+00	3.20e-114
 6.86292e+11	5.25e-34	4.51e-25	5.02e-17	1.13e-09	1.25e-01	8.69e-01	6.50e-03	0.00e+00	0.00e+00	0.00e+00	0.00e+00	0.00e+00	1.01e-96
 7.39304e+11	7.94e-34	6.30e-25	6.49e-17	1.34e-09	1.36e-01	8.58e-01	5.88e-03	0.00e+00	0.00e+00	0.00e+00	0.00e+00	0.00e+00	0.00e+00
 7.84625e+11	1.11e-33	8.29e-25	8.03e-17	1.55e-09	1.45e-01	8.50e-01	5.41e-03	0.00e+00	0.00e+00	0.00e+00	0.00e+00	0.00e+00	6.99e-113
 8.31628e+11	1.56e-33	1.09e-24	9.92e-17	1.78e-09	1.55e-01	8.40e-01	4.97e-03	0.00e+00	0.00e+00	0.00e+00	0.00e+00	0.00e+00	1.14e-95
 8.90321e+11	2.35e-33	1.52e-24	1.28e-16	2.11e-09	1.68e-01	8.28e-01	4.48e-03	0.00e+00	0.00e+00	0.00e+00	0.00e+00	0.00e+00	0.00e+00
 9.49825e+11	3.49e-33	2.09e-24	1.64e-16	2.49e-09	1.81e-01	8.15e-01	4.04e-03	0.00e+00	0.00e+00	0.00e+00	0.00e+00	0.00e+00	1.46e-111
 1.00149e+12	4.85e-33	2.74e-24	2.02e-16	2.86e-09	1.93e-01	8.03e-01	3.71e-03	0.00e+00	0.00e+00	0.00e+00	0.00e+00	0.00e+00	1.42e-94
 1.05735e+12	6.83e-33	3.61e-24	2.50e-16	3.30e-09	2.06e-01	7.91e-01	3.38e-03	0.00e+00	0.00e+00	0.00e+00	0.00e+00	0.00e+00	8.85e-111
 1.12566e+12	1.02e-32	5.00e-24	3.22e-16	3.90e-09	2.22e-01	7.75e-01	3.03e-03	0.00e+00	0.00e+00	0.00e+00	0.00e+00	0.00e+00	7.52e-94
 1.19531e+12	1.51e-32	6.87e-24	4.11e-16	4.59e-09	2.38e-01	7.59e-01	2.71e-03	0.00e+00	0.00e+00	0.00e+00	0.00e+00	0.00e+00	7.48e-110
 1.25889e+12	2.12e-32	9.06e-24	5.09e-16	5.29e-09	2.53e-01	7.44e-01	2.46e-03	0.00e+00	0.00e+00	0.00e+00	0.00e+00	0.00e+00	3.88e-93
 1.32942e+12	3.05e-32	1.21e-23	6.38e-16	6.14e-09	2.70e-01	7.28e-01	2.22e-03	0.00e+00	0.00e+00	0.00e+00	0.00e+00	0.00e+00	5.05e-109
 1.41164e+12	4.56e-32	1.68e-23	8.21e-16	7.25e-09	2.89e-01	7.09e-01	1.97e-03	0.00e+00	0.00e+00	0.00e+00	0.00e+00	0.00e+00	2.18e-92
 1.49313e+12	6.67e-32	2.29e-23	1.04e-15	8.47e-09	3.09e-01	6.90e-01	1.75e-03	0.00e+00	0.00e+00	0.00e+00	0.00e+00	0.00e+00	4.32e-108
 1.57093e+12	9.43e-32	3.03e-23	1.29e-15	9.75e-09	3.27e-01	6.71e-01	1.57e-03	0.00e+00	0.00e+00	0.00e+00	0.00e+00	0.00e+00	1.13e-91
 1.65674e+12	1.36e-31	4.07e-23	1.62e-15	1.13e-08	3.47e-01	6.52e-01	1.40e-03	0.00e+00	0.00e+00	0.00e+00	0.00e+00	0.00e+00	3.09e-107
 1.75293e+12	2.00e-31	5.57e-23	2.06e-15	1.32e-08	3.69e-01	6.30e-01	1.23e-03	0.00e+00	0.00e+00	0.00e+00	0.00e+00	0.00e+00	6.36e-91
 1.84954e+12	2.90e-31	7.52e-23	2.59e-15	1.53e-08	3.90e-01	6.08e-01	1.09e-03	0.00e+00	0.00e+00	0.00e+00	0.00e+00	0.00e+00	2.59e-106
 1.93604e+12	3.99e-31	9.71e-23	3.15e-15	1.74e-08	4.09e-01	5.90e-01	9.78e-04	0.00e+00	0.00e+00	0.00e+00	0.00e+00	0.00e+00	3.13e-90
 2.00935e+12	5.17e-31	1.19e-22	3.69e-15	1.92e-08	4.25e-01	5.74e-01	8.96e-04	0.00e+00	0.00e+00	0.00e+00	0.00e+00	0.00e+00	1.32e-105
 2.08838e+12	6.77e-31	1.49e-22	4.36e-15	2.13e-08	4.42e-01	5.58e-01	8.14e-04	0.00e+00	0.00e+00	0.00e+00	0.00e+00	0.00e+00	1.07e-89
 2.19067e+12	9.47e-31	1.94e-22	5.35e-15	2.43e-08	4.62e-01	5.37e-01	7.22e-04	0.00e+00	0.00e+00	0.00e+00	0.00e+00	0.00e+00	7.44e-105
 2.29738e+12	1.32e-30	2.54e-22	6.55e-15	2.76e-08	4.83e-01	5.16e-01	6.39e-04	0.00e+00	0.00e+00	0.00e+00	0.00e+00	0.00e+00	5.17e-89
 2.38877e+12	1.74e-30	3.16e-22	7.72e-15	3.06e-08	5.01e-01	4.99e-01	5.78e-04	0.00e+00	0.00e+00	0.00e+00	0.00e+00	0.00e+00	4.30e-104
 2.48607e+12	2.31e-30	3.97e-22	9.17e-15	3.41e-08	5.19e-01	4.81e-01	5.19e-04	0.00e+00	0.00e+00	0.00e+00	0.00e+00	0.00e+00	1.94e-88
 2.60685e+12	3.22e-30	5.18e-22	1.12e-14	3.86e-08	5.40e-01	4.60e-01	4.57e-04	0.00e+00	0.00e+00	0.00e+00	0.00e+00	0.00e+00	2.59e-103
 2.73097e+12	4.48e-30	6.74e-22	1.37e-14	4.37e-08	5.61e-01	4.39e-01	4.02e-04	0.00e+00	0.00e+00	0.00e+00	0.00e+00	0.00e+00	9.49e-88
 2.84269e+12	5.95e-30	8.45e-22	1.62e-14	4.84e-08	5.78e-01	4.21e-01	3.59e-04	0.00e+00	0.00e+00	0.00e+00	0.00e+00	0.00e+00	1.57e-102
 2.96544e+12	8.03e-30	1.07e-21	1.93e-14	5.39e-08	5.97e-01	4.03e-01	3.18e-04	0.00e+00	0.00e+00	0.00e+00	0.00e+00	0.00e+00	3.91e-87
 3.09988e+12	1.10e-29	1.38e-21	2.33e-14	6.05e-08	6.16e-01	3.83e-01	2.79e-04	0.00e+00	0.00e+00	0.00e+00	0.00e+00	0.00e+00	9.70e-102
 3.22218e+12	1.45e-29	1.71e-21	2.74e-14	6.67e-08	6.33e-01	3.67e-01	2.49e-04	0.00e+00	0.00e+00	0.00e+00	0.00e+00	0.00e+00	1.64e-86
 3.35381e+12	1.93e-29	2.14e-21	3.23e-14	7.37e-08	6.50e-01	3.50e-01	2.21e-04	0.00e+00	0.00e+00	0.00e+00	0.00e+00	0.00e+00	5.19e-101
 3.50171e+12	2.62e-29	2.73e-21	3.87e-14	8.21e-08	6.68e-01	3.32e-01	1.94e-04	0.00e+00	0.00e+00	0.00e+00	0.00e+00	0.00e+00	7.05e-86
 3.64194e+12	3.46e-29	3.41e-21	4.55e-14	9.04e-08	6.84e-01	3.16e-01	1.72e-04	0.00e+00	0.00e+00	0.00e+00	0.00e+00	0.00e+00	3.05e-100
 3.79543e+12	4.65e-29	4.30e-21	5.40e-14	1.00e-07	7.00e-01	2.99e-01	1.51e-04	0.00e+00	0.00e+00	0.00e+00	0.00e+00	0.00e+00	2.94e-85
 3.96531e+12	6.35e-29	5.49e-21	6.46e-14	1.11e-07	7.17e-01	2.83e-01	1.31e-04	0.00e+00	0.00e+00	0.00e+00	0.00e+00	0.00e+00	1.94e-99
 4.12317e+12	8.40e-29	6.84e-21	7.58e-14	1.22e-07	7.32e-01	2.68e-01	1.16e-04	0.00e+00	0.00e+00	0.00e+00	0.00e+00	0.00e+00	1.29e-84
 4.29506e+12	1.12e-28	8.60e-21	8.96e-14	1.34e-07	7.47e-01	2.53e-01	1.02e-04	0.00e+00	0.00e+00	0.00e+00	0.00e+00	0.00e+00	1.12e-98
 4.48762e+12	1.54e-28	1.10e-20	1.07e-13	1.49e-07	7.62e-01	2.38e-01	8.78e-05	0.00e+00	0.00e+00	0.00e+00	0.00e+00	0.00e+00	5.96e-84
 4.66995e+12	2.05e-28	1.37e-20	1.26e-13	1.64e-07	7.75e-01	2.25e-01	7.70e-05	0.00e+00	0.00e+00	0.00e+00	0.00e+00	0.00e+00	7.14e-98
 4.86697e+12	2.76e-28	1.73e-20	1.49e-13	1.80e-07	7.89e-01	2.11e-01	6.70e-05	0.00e+00	0.00e+00	0.00e+00	0.00e+00	0.00e+00	2.63e-83
 5.08634e+12	3.78e-28	2.22e-20	1.78e-13	1.99e-07	8.02e-01	1.98e-01	5.76e-05	0.00e+00	0.00e+00	0.00e+00	0.00e+00	0.00e+00	4.81e-97
 5.29755e+12	5.07e-28	2.78e-20	2.09e-13	2.19e-07	8.14e-01	1.86e-01	5.02e-05	0.00e+00	0.00e+00	0.00e+00	0.00e+00	0.00e+00	1.25e-82
 5.52243e+12	6.84e-28	3.51e-20	2.47e-13	2.40e-07	8.26e-01	1.74e-01	4.35e-05	0.00e+00	0.00e+00	0.00e+00	0.00e+00	0.00e+00	3.08e-96
 5.77325e+12	9.42e-28	4.50e-20	2.96e-13	2.65e-07	8.38e-01	1.62e-01	3.72e-05	0.00e+00	0.00e+00	0.00e+00	0.00e+00	0.00e+00	6.21e-82
 6.02462e+12	1.28e-27	5.72e-20	3.50e-13	2.92e-07	8.49e-01	1.51e-01	3.20e-05	0.00e+00	0.00e+00	0.00e+00	0.00e+00	0.00e+00	2.23e-95
 6.28604e+12	1.74e-27	7.25e-20	4.15e-13	3.20e-07	8.59e-01	1.41e-01	2.76e-05	0.00e+00	0.00e+00	0.00e+00	0.00e+00	0.00e+00	3.09e-81
 6.56741e+12	2.40e-27	9.27e-20	4.93e-13	3.52e-07	8.69e-01	1.31e-01	2.36e-05	0.00e+00	0.00e+00	0.00e+00	0.00e+00	0.00e+00	1.61e-94
 6.86003e+12	3.29e-27	1.18e-19	5.86e-13	3.87e-07	8.78e-01	1.22e-01	2.02e-05	0.00e+00	0.00e+00	0.00e+00	0.00e+00	0.00e+00	1.63e-80
 7.14765e+12	4.44e-27	1.49e-19	6.90e-13	4.23e-07	8.86e-01	1.14e-01	1.74e-05	0.00e+00	0.00e+00	0.00e+00	0.00e+00	0.00e+00	1.15e-93
 7.41609e+12	5.81e-27	1.83e-19	7.98e-13	4.58e-07	8.93e-01	1.07e-01	1.52e-05	0.00e+00	0.00e+00	0.00e+00	0.00e+00	0.00e+00	7.27e-80
 7.65888e+12	7.35e-27	2.20e-19	9.06e-13	4.90e-07	8.99e-01	1.01e-01	1.35e-05	0.00e+00	0.00e+00	0.00e+00	0.00e+00	0.00e+00	5.75e-93
 7.91830e+12	9.39e-27	2.65e-19	1.03e-12	5.26e-07	9.05e-01	9.54e-02	1.20e-05	0.00e+00	0.00e+00	0.00e+00	0.00e+00	0.00e+00	2.60e-79
 8.24120e+12	1.26e-26	3.32e-19	1.21e-12	5.72e-07	9.11e-01	8.89e-02	1.04e-05	0.00e+00	0.00e+00	0.00e+00	0.00e+00	0.00e+00	3.22e-92
 8.56418e+12	1.67e-26	4.12e-19	1.40e-12	6.21e-07	9.17e-01	8.31e-02	8.98e-06	0.00e+00	0.00e+00	0.00e+00	0.00e+00	0.00e+00	1.20e-78
 8.84086e+12	2.11e-26	4.93e-19	1.59e-12	6.63e-07	9.21e-01	7.86e-02	7.99e-06	0.00e+00	0.00e+00	0.00e+00	0.00e+00	0.00e+00	1.69e-91
 9.13979e+12	2.70e-26	5.95e-19	1.81e-12	7.10e-07	9.26e-01	7.41e-02	7.07e-06	0.00e+00	0.00e+00	0.00e+00	0.00e+00	0.00e+00	4.34e-78
 9.50988e+12	3.63e-26	7.45e-19	2.11e-12	7.71e-07	9.31e-01	6.90e-02	6.10e-06	0.00e+00	0.00e+00	0.00e+00	0.00e+00	0.00e+00	9.63e-91
 9.88122e+12	4.82e-26	9.25e-19	2.46e-12	8.34e-07	9.36e-01	6.44e-02	5.29e-06	0.00e+00	0.00e+00	0.00e+00	0.00e+00	0.00e+00	2.05e-77
 1.02018e+13	6.12e-26	1.11e-18	2.78e-12	8.90e-07	9.39e-01	6.08e-02	4.70e-06	0.00e+00	0.00e+00	0.00e+00	0.00e+00	0.00e+00	5.19e-90
 1.05476e+13	7.85e-26	1.34e-18	3.17e-12	9.53e-07	9.43e-01	5.72e-02	4.15e-06	0.00e+00	0.00e+00	0.00e+00	0.00e+00	0.00e+00	7.61e-77
 1.09728e+13	1.05e-25	1.68e-18	3.69e-12	1.03e-06	9.47e-01	5.33e-02	3.58e-06	0.00e+00	0.00e+00	0.00e+00	0.00e+00	0.00e+00	1.68e-76
 1.14019e+13	1.41e-25	2.09e-18	4.29e-12	1.12e-06	9.50e-01	4.97e-02	3.10e-06	0.00e+00	0.00e+00	0.00e+00	0.00e+00	0.00e+00	3.66e-76
 1.17816e+13	1.80e-25	2.52e-18	4.87e-12	1.19e-06	9.53e-01	4.68e-02	2.74e-06	0.00e+00	0.00e+00	0.00e+00	0.00e+00	0.00e+00	7.16e-76
 1.21964e+13	2.34e-25	3.07e-18	5.57e-12	1.28e-06	9.56e-01	4.39e-02	2.41e-06	0.00e+00	0.00e+00	0.00e+00	0.00e+00	0.00e+00	1.45e-75
 1.26944e+13	3.16e-25	3.85e-18	6.51e-12	1.39e-06	9.59e-01	4.08e-02	2.07e-06	0.00e+00	0.00e+00	0.00e+00	0.00e+00	0.00e+00	3.28e-75
 1.31910e+13	4.22e-25	4.80e-18	7.56e-12	1.50e-06	9.62e-01	3.80e-02	1.79e-06	0.00e+00	0.00e+00	0.00e+00	0.00e+00	0.00e+00	7.22e-75
 1.36427e+13	5.45e-25	5.82e-18	8.61e-12	1.60e-06	9.64e-01	3.57e-02	1.58e-06	0.00e+00	0.00e+00	0.00e+00	0.00e+00	0.00e+00	1.45e-74
 1.41457e+13	7.18e-25	7.17e-18	9.91e-12	1.72e-06	9.67e-01	3.34e-02	1.38e-06	0.00e+00	0.00e+00	0.00e+00	0.00e+00	0.00e+00	3.06e-74
 1.47336e+13	9.78e-25	9.05e-18	1.16e-11	1.87e-06	9.69e-01	3.09e-02	1.18e-06	0.00e+00	0.00e+00	0.00e+00	0.00e+00	0.00e+00	7.11e-74
 1.53133e+13	1.31e-24	1.13e-17	1.35e-11	2.01e-06	9.71e-01	2.88e-02	1.02e-06	0.00e+00	0.00e+00	0.00e+00	0.00e+00	0.00e+00	1.59e-73
 1.58608e+13	1.72e-24	1.38e-17	1.55e-11	2.16e-06	9.73e-01	2.69e-02	8.91e-07	0.00e+00	0.00e+00	0.00e+00	0.00e+00	0.00e+00	3.30e-73
 1.64699e+13	2.29e-24	1.72e-17	1.79e-11	2.33e-06	9.75e-01	2.51e-02	0.00e+00	0.00e+00	0.00e+00	0.00e+00	0.00e+00	0.00e+00	7.26e-73
 1.71586e+13	3.14e-24	2.18e-17	2.10e-11	2.52e-06	9.77e-01	2.32e-02	0.00e+00	0.00e+00	0.00e+00	0.00e+00	0.00e+00	0.00e+00	1.71e-72
 1.78491e+13	4.25e-24	2.74e-17	2.45e-11	2.73e-06	9.78e-01	2.15e-02	0.00e+00	0.00e+00	0.00e+00	0.00e+00	0.00e+00	0.00e+00	3.90e-72
 1.85673e+13	5.75e-24	3.44e-17	2.85e-11	2.95e-06	9.80e-01	2.00e-02	0.00e+00	0.00e+00	0.00e+00	0.00e+00	0.00e+00	0.00e+00	8.94e-72
 1.93399e+13	7.86e-24	4.36e-17	3.35e-11	3.20e-06	9.82e-01	1.85e-02	0.00e+00	0.00e+00	0.00e+00	0.00e+00	0.00e+00	0.00e+00	2.10e-71
 2.00871e+13	1.05e-23	5.43e-17	3.88e-11	3.45e-06	9.83e-01	1.72e-02	0.00e+00	0.00e+00	0.00e+00	0.00e+00	1.74e-17	3.69e-17	4.66e-71
 2.07883e+13	1.37e-23	6.62e-17	4.43e-11	3.69e-06	9.84e-01	1.61e-02	0.00e+00	0.00e+00	0.00e+00	0.00e+00	2.20e-17	4.42e-17	9.61e-71
 2.15739e+13	1.82e-23	8.21e-17	5.13e-11	3.97e-06	9.85e-01	1.50e-02	0.00e+00	0.00e+00	0.00e+00	0.00e+00	2.73e-17	5.49e-17	2.10e-70
 2.23664e+13	2.41e-23	1.01e-16	5.91e-11	4.27e-06	9.86e-01	1.40e-02	0.00e+00	0.00e+00	0.00e+00	0.00e+00	3.36e-17	6.76e-17	4.47e-70
 2.30228e+13	3.01e-23	1.20e-16	6.61e-11	4.52e-06	9.87e-01	1.32e-02	0.00e+00	0.00e+00	0.00e+00	0.00e+00	3.98e-17	8.00e-17	8.24e-70
 2.37165e+13	3.79e-23	1.42e-16	7.43e-11	4.79e-06	9.88e-01	1.25e-02	0.00e+00	0.00e+00	0.00e+00	0.00e+00	4.73e-17	9.51e-17	1.54e-69
 2.46057e+13	5.03e-23	1.76e-16	8.59e-11	5.16e-06	9.88e-01	1.16e-02	0.00e+00	0.00e+00	0.00e+00	0.00e+00	5.85e-17	1.18e-16	3.34e-69
 2.55395e+13	6.70e-23	2.19e-16	9.94e-11	5.56e-06	9.89e-01	1.08e-02	0.00e+00	0.00e+00	0.00e+00	0.00e+00	7.27e-17	1.46e-16	7.38e-69
 2.63632e+13	8.56e-23	2.64e-16	1.13e-10	5.92e-06	9.90e-01	1.01e-02	0.00e+00	0.00e+00	0.00e+00	0.00e+00	8.75e-17	1.76e-16	1.43e-68
 2.72536e+13	1.11e-22	3.20e-16	1.28e-10	6.33e-06	9.90e-01	9.51e-03	0.00e+00	0.00e+00	0.00e+00	0.00e+00	1.06e-16	2.14e-16	2.87e-68
 2.83270e+13	1.49e-22	4.01e-16	1.50e-10	6.85e-06	9.91e-01	8.81e-03	0.00e+00	0.00e+00	0.00e+00	0.00e+00	1.33e-16	2.68e-16	6.45e-68
 2.94156e+13	1.99e-22	4.99e-16	1.74e-10	7.39e-06	9.92e-01	8.17e-03	0.00e+00	0.00e+00	0.00e+00	0.00e+00	1.66e-16	3.33e-16	1.43e-67
 3.04320e+13	2.59e-22	6.08e-16	1.99e-10	7.91e-06	9.92e-01	7.64e-03	0.00e+00	0.00e+00	0.00e+00	0.00e+00	2.02e-16	4.07e-16	2.91e-67
 3.15634e+13	3.43e-22	7.53e-16	2.30e-10	8.52e-06	9.93e-01	7.11e-03	0.00e+00	0.00e+00	0.00e+00	0.00e+00	2.50e-16	5.03e-16	6.26e-67
 3.27666e+13	4.58e-22	9.36e-16	2.66e-10	9.19e-06	9.93e-01	6.60e-03	0.00e+00	0.00e+00	0.00e+00	0.00e+00	3.11e-16	6.26e-16	1.37e-66
 3.38359e+13	5.86e-22	1.13e-15	3.03e-10	9.81e-06	9.94e-01	6.19e-03	0.00e+00	0.00e+00	0.00e+00	0.00e+00	3.75e-16	7.55e-16	2.69e-66
 3.49854e+13	7.58e-22	1.37e-15	3.46e-10	1.05e-05	9.94e-01	5.79e-03	0.00e+00	0.00e+00	0.00e+00	0.00e+00	4.55e-16	9.17e-16	5.41e-66
 3.63628e+13	1.02e-21	1.72e-15	4.03e-10	1.14e-05	9.95e-01	5.35e-03	0.00e+00	0.00e+00	0.00e+00	0.00e+00	5.70e-16	1.15e-15	1.21e-65
 3.77177e+13	1.35e-21	2.13e-15	4.66e-10	1.22e-05	9.95e-01	4.97e-03	0.00e+00	0.00e+00	0.00e+00	0.00e+00	7.06e-16	1.42e-15	2.61e-65
 3.89234e+13	1.73e-21	2.56e-15	5.29e-10	1.31e-05	9.95e-01	4.67e-03	0.00e+00	0.00e+00	0.00e+00	0.00e+00	8.49e-16	1.71e-15	5.06e-65
 4.02536e+13	2.23e-21	3.11e-15	6.05e-10	1.40e-05	9.96e-01	4.36e-03	0.00e+00	0.00e+00	0.00e+00	0.00e+00	1.03e-15	2.08e-15	1.02e-64
 4.18405e+13	3.01e-21	3.90e-15	7.06e-10	1.51e-05	9.96e-01	4.03e-03	0.00e+00	0.00e+00	0.00e+00	0.00e+00	1.29e-15	2.61e-15	2.29e-64
 4.34172e+13	4.00e-21	4.85e-15	8.18e-10	1.63e-05	9.96e-01	3.74e-03	0.00e+00	0.00e+00	0.00e+00	0.00e+00	1.61e-15	3.24e-15	4.97e-64
 4.48580e+13	5.15e-21	5.87e-15	9.32e-10	1.75e-05	9.96e-01	3.50e-03	0.00e+00	0.00e+00	0.00e+00	0.00e+00	1.94e-15	3.92e-15	9.86e-64
 4.64664e+13	6.75e-21	7.21e-15	1.07e-09	1.88e-05	9.97e-01	3.26e-03	0.00e+00	0.00e+00	0.00e+00	0.00e+00	2.39e-15	4.82e-15	2.06e-63
 4.83379e+13	9.15e-21	9.08e-15	1.26e-09	2.04e-05	9.97e-01	3.01e-03	0.00e+00	0.00e+00	0.00e+00	0.00e+00	3.01e-15	6.07e-15	4.70e-63
 5.01756e+13	1.22e-20	1.13e-14	1.46e-09	2.20e-05	9.97e-01	2.79e-03	0.00e+00	0.00e+00	0.00e+00	0.00e+00	3.74e-15	7.55e-15	1.03e-62
 5.19115e+13	1.59e-20	1.38e-14	1.67e-09	2.35e-05	9.97e-01	2.60e-03	0.00e+00	0.00e+00	0.00e+00	0.00e+00	4.57e-15	9.22e-15	2.11e-62
 5.38427e+13	2.10e-20	1.71e-14	1.93e-09	2.54e-05	9.98e-01	2.42e-03	0.00e+00	0.00e+00	0.00e+00	0.00e+00	5.66e-15	1.14e-14	4.53e-62
 5.60263e+13	2.86e-20	2.15e-14	2.27e-09	2.75e-05	9.98e-01	2.23e-03	0.00e+00	0.00e+00	0.00e+00	0.00e+00	7.14e-15	1.44e-14	1.04e-61
 5.82135e+13	3.84e-20	2.70e-14	2.64e-09	2.98e-05	9.98e-01	2.06e-03	0.00e+00	0.00e+00	0.00e+00	0.00e+00	8.93e-15	1.80e-14	2.34e-61
 6.02658e+13	5.03e-20	3.30e-14	3.03e-09	3.20e-05	9.98e-01	1.92e-03	0.00e+00	0.00e+00	0.00e+00	0.00e+00	1.09e-14	2.21e-14	4.87e-61
 6.24839e+13	6.65e-20	4.08e-14	3.51e-09	3.44e-05	9.98e-01	1.79e-03	0.00e+00	0.00e+00	0.00e+00	0.00e+00	1.35e-14	2.73e-14	1.04e-60
 6.49628e+13	8.99e-20	5.13e-14	4.10e-09	3.73e-05	9.98e-01	1.65e-03	0.00e+00	0.00e+00	0.00e+00	0.00e+00	1.70e-14	3.43e-14	2.38e-60
 6.72839e+13	1.18e-19	6.31e-14	4.71e-09	4.00e-05	9.98e-01	1.54e-03	0.00e+00	0.00e+00	0.00e+00	0.00e+00	2.09e-14	4.22e-14	5.01e-60
 6.94381e+13	1.51e-19	7.59e-14	5.35e-09	4.27e-05	9.99e-01	1.44e-03	0.00e+00	0.00e+00	0.00e+00	0.00e+00	2.51e-14	5.08e-14	9.78e-60
 7.15124e+13	1.90e-19	9.03e-14	6.01e-09	4.53e-05	9.99e-01	1.36e-03	0.00e+00	0.00e+00	0.00e+00	0.00e+00	2.99e-14	6.04e-14	1.83e-59
 7.38172e+13	2.43e-19	1.09e-13	6.82e-09	4.83e-05	9.99e-01	1.27e-03	0.00e+00	0.00e+00	0.00e+00	0.00e+00	3.60e-14	7.28e-14	3.59e-59
 7.63692e+13	3.16e-19	1.33e-13	7.82e-09	5.18e-05	9.99e-01	1.19e-03	0.00e+00	0.00e+00	0.00e+00	0.00e+00	4.40e-14	8.90e-14	7.40e-59
 7.87492e+13	4.02e-19	1.59e-13	8.84e-09	5.51e-05	9.99e-01	1.12e-03	0.00e+00	0.00e+00	0.00e+00	0.00e+00	5.27e-14	1.07e-13	1.43e-58
 8.13498e+13	5.17e-19	1.93e-13	1.01e-08	5.89e-05	9.99e-01	1.05e-03	0.00e+00	0.00e+00	0.00e+00	0.00e+00	6.37e-14	1.29e-13	2.85e-58
 8.42754e+13	6.81e-19	2.38e-13	1.16e-08	6.33e-05	9.99e-01	9.75e-04	0.00e+00	0.00e+00	0.00e+00	0.00e+00	7.85e-14	1.59e-13	6.07e-58
 8.70583e+13	8.78e-19	2.88e-13	1.32e-08	6.76e-05	9.99e-01	9.13e-04	0.00e+00	0.00e+00	0.00e+00	0.00e+00	9.50e-14	1.93e-13	1.22e-57
 9.01108e+13	1.15e-18	3.53e-13	1.51e-08	7.25e-05	9.99e-01	8.51e-04	0.00e+00	0.00e+00	0.00e+00	0.00e+00	1.16e-13	2.36e-13	2.55e-57
 9.34753e+13	1.53e-18	4.38e-13	1.75e-08	7.81e-05	9.99e-01	7.91e-04	0.00e+00	0.00e+00	0.00e+00	0.00e+00	1.45e-13	2.93e-13	5.59e-57
 9.65716e+13	1.97e-18	5.31e-13	2.00e-08	8.34e-05	9.99e-01	7.40e-04	0.00e+00	0.00e+00	0.00e+00	0.00e+00	1.75e-13	3.55e-13	1.12e-56
 9.99230e+13	2.58e-18	6.49e-13	2.29e-08	8.94e-05	9.99e-01	6.91e-04	0.00e+00	0.00e+00	0.00e+00	0.00e+00	2.14e-13	4.35e-13	2.34e-56
 1.03673e+14	3.43e-18	8.06e-13	2.65e-08	9.63e-05	9.99e-01	6.41e-04	0.00e+00	0.00e+00	0.00e+00	0.00e+00	2.66e-13	5.40e-13	5.15e-56
 1.07204e+14	4.46e-18	9.82e-13	3.03e-08	1.03e-04	9.99e-01	5.99e-04	0.00e+00	0.00e+00	0.00e+00	0.00e+00	3.24e-13	6.59e-13	1.06e-55
 1.11058e+14	5.87e-18	1.21e-12	3.49e-08	1.11e-04	9.99e-01	5.57e-04	0.00e+00	0.00e+00	0.00e+00	0.00e+00	3.99e-13	8.11e-13	2.25e-55
 1.15339e+14	7.89e-18	1.51e-12	4.06e-08	1.20e-04	9.99e-01	5.16e-04	0.00e+00	0.00e+00	0.00e+00	0.00e+00	4.98e-13	1.01e-12	5.06e-55
 1.19338e+14	1.03e-17	1.85e-12	4.66e-08	1.28e-04	9.99e-01	4.81e-04	0.00e+00	0.00e+00	0.00e+00	0.00e+00	6.09e-13	1.24e-12	1.05e-54
 1.23672e+14	1.36e-17	2.28e-12	5.37e-08	1.38e-04	9.99e-01	4.47e-04	0.00e+00	0.00e+00	0.00e+00	0.00e+00	7.51e-13	1.53e-12	2.25e-54
 1.28519e+14	1.83e-17	2.86e-12	6.27e-08	1.49e-04	9.99e-01	4.13e-04	0.00e+00	0.00e+00	0.00e+00	0.00e+00	9.40e-13	1.92e-12	5.11e-54
 1.33135e+14	2.40e-17	3.52e-12	7.22e-08	1.61e-04	9.99e-01	3.85e-04	0.00e+00	0.00e+00	0.00e+00	0.00e+00	1.16e-12	2.36e-12	1.09e-53
 1.38065e+14	3.18e-17	4.35e-12	8.36e-08	1.73e-04	9.99e-01	3.57e-04	0.00e+00	0.00e+00	0.00e+00	0.00e+00	1.43e-12	2.92e-12	2.35e-53
 1.43618e+14	4.30e-17	5.48e-12	9.80e-08	1.88e-04	9.99e-01	3.29e-04	0.00e+00	0.00e+00	0.00e+00	0.00e+00	1.80e-12	3.68e-12	5.42e-53
 1.49103e+14	5.73e-17	6.83e-12	1.14e-07	2.03e-04	9.99e-01	3.04e-04	0.00e+00	4.72e-18	1.42e-17	2.37e-17	2.24e-12	4.58e-12	1.20e-52
 1.54808e+14	7.63e-17	8.50e-12	1.33e-07	2.20e-04	9.99e-01	2.81e-04	0.00e+00	6.28e-18	1.89e-17	3.15e-17	2.79e-12	5.71e-12	2.65e-52
 1.60849e+14	1.02e-16	1.06e-11	1.55e-07	2.38e-04	1.00e+00	2.59e-04	0.00e+00	8.41e-18	2.53e-17	4.22e-17	3.49e-12	7.14e-12	5.94e-52
 1.65907e+14	1.29e-16	1.27e-11	1.75e-07	2.55e-04	1.00e+00	2.43e-04	0.00e+00	1.06e-17	3.20e-17	5.34e-17	4.17e-12	8.55e-12	1.14e-51
 1.69812e+14	1.54e-16	1.46e-11	1.93e-07	2.67e-04	1.00e+00	2.31e-04	0.00e+00	1.27e-17	3.81e-17	6.37e-17	4.77e-12	9.78e-12	1.85e-51
 1.74039e+14	1.85e-16	1.68e-11	2.13e-07	2.82e-04	9.99e-01	2.20e-04	0.00e+00	1.53e-17	4.58e-17	7.66e-17	5.50e-12	1.13e-11	3.09e-51
 1.79534e+14	2.34e-16	2.01e-11	2.42e-07	3.01e-04	9.99e-01	2.05e-04	0.00e+00	1.93e-17	5.79e-17	9.67e-17	6.58e-12	1.35e-11	5.90e-51
 1.85501e+14	2.98e-16	2.42e-11	2.76e-07	3.23e-04	9.99e-01	1.92e-04	0.00e+00	2.46e-17	7.39e-17	1.23e-16	7.94e-12	1.63e-11	1.16e-50
 1.90892e+14	3.69e-16	2.85e-11	3.10e-07	3.44e-04	9.99e-01	1.80e-04	0.00e+00	3.04e-17	9.14e-17	1.53e-16	9.35e-12	1.92e-11	2.10e-50
 1.96713e+14	4.60e-16	3.39e-11	3.50e-07	3.67e-04	9.99e-01	1.69e-04	0.00e+00	3.80e-17	1.14e-16	1.91e-16	1.11e-11	2.28e-11	3.91e-50
 2.04018e+14	6.01e-16	4.17e-11	4.06e-07	3.97e-04	9.99e-01	1.56e-04	0.00e+00	4.97e-17	1.49e-16	2.49e-16	1.37e-11	2.81e-11	8.28e-50
 2.11365e+14	7.78e-16	5.10e-11	4.69e-07	4.29e-04	9.99e-01	1.44e-04	0.00e+00	6.44e-17	1.93e-16	3.23e-16	1.67e-11	3.43e-11	1.71e-49
 2.17618e+14	9.62e-16	6.02e-11	5.28e-07	4.58e-04	9.99e-01	1.36e-04	0.00e+00	7.96e-17	2.39e-16	4.00e-16	1.97e-11	4.05e-11	3.11e-49
 2.24335e+14	1.19e-15	7.14e-11	5.98e-07	4.90e-04	9.99e-01	1.27e-04	0.00e+00	9.90e-17	2.97e-16	4.97e-16	2.34e-11	4.81e-11	5.74e-49
 2.32710e+14	1.56e-15	8.78e-11	6.95e-07	5.31e-04	9.99e-01	1.17e-04	0.00e+00	1.29e-16	3.87e-16	6.47e-16	2.87e-11	5.91e-11	1.21e-48
 2.41353e+14	2.02e-15	1.08e-10	8.06e-07	5.76e-04	9.99e-01	1.08e-04	0.00e+00	1.67e-16	5.02e-16	8.39e-16	3.52e-11	7.25e-11	2.54e-48
 2.49059e+14	2.52e-15	1.28e-10	9.16e-07	6.18e-04	9.99e-01	1.01e-04	0.00e+00	2.09e-16	6.28e-16	1.05e-15	4.20e-11	8.64e-11	4.81e-48
 2.57433e+14	3.17e-15	1.54e-10	1.05e-06	6.66e-04	9.99e-01	9.36e-05	0.00e+00	2.63e-16	7.91e-16	1.32e-15	5.04e-11	1.04e-10	9.34e-48
 2.67424e+14	4.14e-15	1.91e-10	1.23e-06	7.26e-04	9.99e-01	8.61e-05	0.00e+00	3.45e-16	1.03e-15	1.73e-15	6.23e-11	1.28e-10	2.03e-47
 2.77266e+14	5.32e-15	2.33e-10	1.42e-06	7.88e-04	9.99e-01	7.94e-05	0.00e+00	4.43e-16	1.33e-15	2.22e-15	7.60e-11	1.57e-10	4.20e-47
 2.86115e+14	6.59e-15	2.76e-10	1.61e-06	8.47e-04	9.99e-01	7.40e-05	0.00e+00	5.50e-16	1.65e-15	2.76e-15	9.03e-11	1.86e-10	7.90e-47
 2.95927e+14	8.31e-15	3.32e-10	1.85e-06	9.14e-04	9.99e-01	6.87e-05	0.00e+00	6.94e-16	2.08e-15	3.48e-15	1.09e-10	2.24e-10	1.56e-46
 3.07518e+14	1.08e-14	4.10e-10	2.16e-06	9.98e-04	9.99e-01	6.30e-05	0.00e+00	9.03e-16	2.71e-15	4.53e-15	1.34e-10	2.76e-10	3.40e-46
 3.18973e+14	1.38e-14	5.00e-10	2.51e-06	1.08e-03	9.99e-01	5.81e-05	0.00e+00	1.16e-15	3.48e-15	5.81e-15	1.64e-10	3.37e-10	7.13e-46
 3.29558e+14	1.72e-14	5.97e-10	2.86e-06	1.17e-03	9.99e-01	5.40e-05	0.00e+00	1.44e-15	4.33e-15	7.24e-15	1.95e-10	4.02e-10	1.38e-45
 3.41442e+14	2.18e-14	7.24e-10	3.31e-06	1.27e-03	9.99e-01	4.99e-05	0.00e+00	1.83e-15	5.50e-15	9.20e-15	2.37e-10	4.87e-10	2.83e-45
 3.55129e+14	2.84e-14	8.95e-10	3.88e-06	1.39e-03	9.99e-01	4.57e-05	0.00e+00	2.39e-15	7.16e-15	1.20e-14	2.93e-10	6.02e-10	6.30e-45
 3.68522e+14	3.63e-14	1.09e-09	4.50e-06	1.51e-03	9.98e-01	4.20e-05	0.00e+00	3.06e-15	9.17e-15	1.53e-14	3.57e-10	7.35e-10	1.34e-44
 3.82450e+14	4.64e-14	1.33e-09	5.23e-06	1.64e-03	9.98e-01	3.87e-05	0.00e+00	3.91e-15	1.17e-14	1.96e-14	4.36e-10	8.97e-10	2.86e-44
 3.97778e+14	6.02e-14	1.65e-09	6.12e-06	1.80e-03	9.98e-01	3.55e-05	0.00e+00	5.08e-15	1.52e-14	2.55e-14	5.39e-10	1.11e-09	6.41e-44
 4.10740e+14	7.43e-14	1.96e-09	6.96e-06	1.93e-03	9.98e-01	3.30e-05	0.00e+00	6.28e-15	1.89e-14	3.15e-14	6.41e-10	1.32e-09	1.24e-43
 4.20208e+14	8.63e-14	2.21e-09	7.63e-06	2.04e-03	9.98e-01	3.14e-05	0.00e+00	7.30e-15	2.19e-14	3.66e-14	7.24e-10	1.49e-09	1.98e-43
 4.30144e+14	1.01e-13	2.51e-09	8.37e-06	2.15e-03	9.98e-01	2.98e-05	0.00e+00	8.52e-15	2.56e-14	4.27e-14	8.21e-10	1.69e-09	3.20e-43
 4.43061e+14	1.22e-13	2.94e-09	9.43e-06	2.30e-03	9.98e-01	2.79e-05	0.00e+00	1.03e-14	3.10e-14	5.18e-14	9.62e-10	1.97e-09	5.89e-43
 4.57311e+14	1.50e-13	3.48e-09	1.07e-05	2.47e-03	9.97e-01	2.61e-05	0.00e+00	1.27e-14	3.83e-14	6.39e-14	1.14e-09	2.34e-09	1.16e-42
 4.70496e+14	1.81e-13	4.06e-09	1.20e-05	2.64e-03	9.97e-01	2.45e-05	0.00e+00	1.54e-14	4.61e-14	7.70e-14	1.33e-09	2.73e-09	2.09e-42
 4.84840e+14	2.20e-13	4.77e-09	1.35e-05	2.82e-03	9.97e-01	2.29e-05	0.00e+00	1.87e-14	5.62e-14	9.39e-14	1.56e-09	3.20e-09	3.93e-42
 5.00958e+14	2.73e-13	5.69e-09	1.54e-05	3.04e-03	9.97e-01	2.14e-05	0.00e+00	2.32e-14	6.98e-14	1.17e-13	1.86e-09	3.82e-09	7.92e-42
 5.16297e+14	3.32e-13	6.69e-09	1.74e-05	3.26e-03	9.97e-01	2.00e-05	0.00e+00	2.83e-14	8.51e-14	1.42e-13	2.19e-09	4.49e-09	1.51e-41
 5.33153e+14	4.10e-13	7.95e-09	1.98e-05	3.51e-03	9.96e-01	1.87e-05	0.00e+00	3.50e-14	1.05e-13	1.75e-13	2.61e-09	5.34e-09	3.01e-41
 5.52005e+14	4.93e-13	9.60e-09	2.27e-05	3.79e-03	9.96e-01	1.73e-05	0.00e+00	4.21e-14	1.26e-13	2.11e-13	3.15e-09	6.45e-09	6.33e-41
 5.69910e+14	6.05e-13	1.14e-08	2.58e-05	4.08e-03	9.96e-01	1.62e-05	0.00e+00	5.17e-14	1.55e-13	2.59e-13	3.75e-09	7.66e-09	1.26e-40
 5.89645e+14	7.53e-13	1.37e-08	2.95e-05	4.41e-03	9.96e-01	1.51e-05	0.00e+00	6.45e-14	1.94e-13	3.23e-13	4.51e-09	9.21e-09	2.63e-40
 6.11786e+14	9.57e-13	1.68e-08	3.42e-05	4.79e-03	9.95e-01	1.40e-05	0.00e+00	8.20e-14	2.46e-13	4.11e-13	5.52e-09	1.13e-08	5.86e-40
 6.32714e+14	1.19e-12	2.02e-08	3.91e-05	5.17e-03	9.95e-01	1.30e-05	0.00e+00	1.02e-13	3.06e-13	5.10e-13	6.63e-09	1.35e-08	1.21e-39
 6.55525e+14	1.49e-12	2.44e-08	4.50e-05	5.60e-03	9.94e-01	1.21e-05	0.00e+00	1.28e-13	3.85e-13	6.43e-13	8.04e-09	1.64e-08	2.62e-39
 6.80923e+14	1.90e-12	3.01e-08	5.24e-05	6.10e-03	9.94e-01	1.12e-05	0.00e+00	1.64e-13	4.92e-13	8.21e-13	9.91e-09	2.02e-08	6.00e-39
 7.04689e+14	2.38e-12	3.64e-08	6.01e-05	6.59e-03	9.93e-01	1.05e-05	0.00e+00	2.05e-13	6.15e-13	1.03e-12	1.20e-08	2.44e-08	1.26e-38
 7.30259e+14	2.99e-12	4.43e-08	6.93e-05	7.14e-03	9.93e-01	9.80e-06	0.00e+00	2.58e-13	7.75e-13	1.29e-12	1.46e-08	2.97e-08	2.74e-38
 7.58843e+14	3.83e-12	5.48e-08	8.07e-05	7.78e-03	9.92e-01	9.10e-06	0.00e+00	3.31e-13	9.93e-13	1.66e-12	1.81e-08	3.68e-08	6.33e-38
 7.86337e+14	4.82e-12	6.69e-08	9.31e-05	8.42e-03	9.91e-01	8.52e-06	0.00e+00	4.17e-13	1.25e-12	2.09e-12	2.20e-08	4.48e-08	1.37e-37
 8.15587e+14	6.10e-12	8.21e-08	1.08e-04	9.14e-03	9.91e-01	7.98e-06	0.00e+00	5.28e-13	1.59e-12	2.65e-12	2.70e-08	5.50e-08	3.05e-37
 8.48240e+14	7.86e-12	1.02e-07	1.26e-04	9.98e-03	9.90e-01	7.43e-06	0.00e+00	6.82e-13	2.05e-12	3.41e-12	3.37e-08	6.85e-08	7.11e-37
 8.75721e+14	9.58e-12	1.22e-07	1.43e-04	1.07e-02	9.89e-01	7.04e-06	0.00e+00	8.32e-13	2.50e-12	4.17e-12	4.03e-08	8.19e-08	1.42e-36
 8.95471e+14	1.10e-11	1.39e-07	1.57e-04	1.13e-02	9.89e-01	6.78e-06	0.00e+00	9.58e-13	2.88e-12	4.80e-12	4.57e-08	9.28e-08	2.30e-36
 9.15979e+14	1.28e-11	1.57e-07	1.72e-04	1.19e-02	9.88e-01	6.53e-06	0.00e+00	1.11e-12	3.33e-12	5.56e-12	5.19e-08	1.05e-07	3.75e-36
 9.42640e+14	1.54e-11	1.85e-07	1.92e-04	1.26e-02	9.87e-01	6.21e-06	0.00e+00	1.34e-12	4.02e-12	6.71e-12	6.10e-08	1.24e-07	6.98e-36
 9.72385e+14	1.88e-11	2.21e-07	2.18e-04	1.35e-02	9.86e-01	5.90e-06	0.00e+00	1.63e-12	4.91e-12	8.19e-12	7.28e-08	1.48e-07	1.37e-35
 1.00025e+15	2.25e-11	2.59e-07	2.44e-04	1.44e-02	9.85e-01	5.65e-06	0.00e+00	1.96e-12	5.89e-12	9.83e-12	8.55e-08	1.74e-07	2.51e-35
 1.03058e+15	2.73e-11	3.07e-07	2.76e-04	1.54e-02	9.84e-01	5.40e-06	0.00e+00	2.38e-12	7.14e-12	1.19e-11	1.01e-07	2.06e-07	4.78e-35
 1.06451e+15	3.35e-11	3.69e-07	3.14e-04	1.66e-02	9.83e-01	5.15e-06	0.00e+00	2.93e-12	8.79e-12	1.47e-11	1.22e-07	2.47e-07	9.57e-35
 1.09650e+15	4.04e-11	4.37e-07	3.54e-04	1.77e-02	9.82e-01	4.94e-06	0.00e+00	3.53e-12	1.06e-11	1.77e-11	1.44e-07	2.93e-07	1.80e-34
 1.13149e+15	4.95e-11	5.24e-07	4.02e-04	1.90e-02	9.81e-01	4.73e-06	0.00e+00	4.33e-12	1.30e-11	2.17e-11	1.73e-07	3.51e-07	3.53e-34
 1.17070e+15	6.14e-11	6.37e-07	4.61e-04	2.05e-02	9.79e-01	4.52e-06	0.00e+00	5.37e-12	1.61e-11	2.69e-11	2.10e-07	4.26e-07	7.26e-34
 1.20788e+15	7.48e-11	7.62e-07	5.23e-04	2.19e-02	9.78e-01	4.35e-06	0.00e+00	6.56e-12	1.97e-11	3.28e-11	2.52e-07	5.10e-07	1.40e-33
 1.24872e+15	9.25e-11	9.23e-07	5.99e-04	2.36e-02	9.76e-01	4.18e-06	0.00e+00	8.11e-12	2.43e-11	4.06e-11	3.05e-07	6.18e-07	2.84e-33
 1.29424e+15	1.16e-10	1.13e-06	6.93e-04	2.56e-02	9.74e-01	4.01e-06	0.00e+00	1.02e-11	3.06e-11	5.10e-11	3.75e-07	7.60e-07	6.02e-33
 1.33663e+15	1.42e-10	1.37e-06	7.90e-04	2.75e-02	9.72e-01	3.88e-06	0.00e+00	1.25e-11	3.74e-11	6.24e-11	4.52e-07	9.15e-07	1.17e-32
 1.38248e+15	1.76e-10	1.66e-06	9.06e-04	2.97e-02	9.69e-01	3.74e-06	0.00e+00	1.55e-11	4.64e-11	7.74e-11	5.50e-07	1.11e-06	2.38e-32
 1.43373e+15	2.21e-10	2.05e-06	1.05e-03	3.22e-02	9.67e-01	3.61e-06	0.00e+00	1.94e-11	5.83e-11	9.72e-11	6.78e-07	1.37e-06	5.04e-32
 1.48168e+15	2.71e-10	2.48e-06	1.20e-03	3.46e-02	9.64e-01	3.51e-06	0.00e+00	2.39e-11	7.16e-11	1.20e-10	8.20e-07	1.66e-06	9.85e-32
 1.53373e+15	3.37e-10	3.03e-06	1.38e-03	3.74e-02	9.61e-01	3.40e-06	0.00e+00	2.97e-11	8.92e-11	1.49e-10	1.00e-06	2.03e-06	2.01e-31
 1.58906e+15	4.20e-10	3.71e-06	1.60e-03	4.05e-02	9.58e-01	3.30e-06	0.00e+00	3.71e-11	1.11e-10	1.85e-10	1.23e-06	2.48e-06	4.10e-31
 1.63745e+15	5.05e-10	4.41e-06	1.81e-03	4.33e-02	9.55e-01	3.23e-06	0.00e+00	4.46e-11	1.34e-10	2.23e-10	1.46e-06	2.95e-06	7.44e-31
 1.67907e+15	5.89e-10	5.11e-06	2.00e-03	4.58e-02	9.52e-01	3.18e-06	0.00e+00	5.21e-11	1.56e-10	2.61e-10	1.69e-06	3.41e-06	1.23e-30
 1.72310e+15	6.95e-10	5.94e-06	2.23e-03	4.85e-02	9.49e-01	3.11e-06	0.00e+00	6.15e-11	1.85e-10	3.08e-10	1.97e-06	3.97e-06	2.08e-30
 1.77279e+15	8.31e-10	7.01e-06	2.51e-03	5.18e-02	9.46e-01	3.05e-06	0.00e+00	7.37e-11	2.21e-10	3.69e-10	2.32e-06	4.69e-06	3.70e-30
 1.82020e+15	9.83e-10	8.18e-06	2.79e-03	5.49e-02	9.42e-01	3.00e-06	0.00e+00	8.72e-11	2.62e-10	4.36e-10	2.71e-06	5.47e-06	6.24e-30
 1.87220e+15	1.18e-09	9.66e-06	3.14e-03	5.85e-02	9.38e-01	2.94e-06	0.00e+00	1.05e-10	3.14e-10	5.24e-10	3.20e-06	6.46e-06	1.10e-29
 1.92910e+15	1.43e-09	1.15e-05	3.55e-03	6.26e-02	9.34e-01	2.88e-06	0.00e+00	1.27e-10	3.80e-10	6.34e-10	3.81e-06	7.69e-06	1.99e-29
 1.98138e+15	1.69e-09	1.34e-05	3.96e-03	6.65e-02	9.30e-01	2.84e-06	0.00e+00	1.50e-10	4.51e-10	7.52e-10	4.46e-06	8.99e-06	3.35e-29
 2.03834e+15	2.03e-09	1.59e-05	4.46e-03	7.09e-02	9.25e-01	2.79e-06	0.00e+00	1.81e-10	5.42e-10	9.05e-10	5.27e-06	1.06e-05	5.89e-29
 2.10181e+15	2.48e-09	1.90e-05	5.06e-03	7.60e-02	9.19e-01	2.74e-06	0.00e+00	2.21e-10	6.62e-10	1.10e-09	6.31e-06	1.27e-05	1.07e-28
 2.16192e+15	2.98e-09	2.24e-05	5.69e-03	8.09e-02	9.13e-01	2.71e-06	0.00e+00	2.66e-10	7.98e-10	1.33e-09	7.45e-06	1.50e-05	1.84e-28
 2.22824e+15	3.65e-09	2.69e-05	6.45e-03	8.67e-02	9.07e-01	2.66e-06	0.00e+00	3.26e-10	9.77e-10	1.63e-09	8.91e-06	1.79e-05	3.33e-28
 2.30093e+15	4.50e-09	3.24e-05	7.37e-03	9.32e-02	8.99e-01	2.61e-06	0.00e+00	4.02e-10	1.21e-09	2.01e-09	1.08e-05	2.17e-05	6.13e-28
 2.36751e+15	5.45e-09	3.83e-05	8.30e-03	9.93e-02	8.92e-01	2.58e-06	0.00e+00	4.87e-10	1.46e-09	2.44e-09	1.27e-05	2.56e-05	1.04e-27
 2.43964e+15	6.73e-09	4.59e-05	9.42e-03	1.06e-01	8.84e-01	2.54e-06	0.00e+00	6.03e-10	1.81e-09	3.01e-09	1.52e-05	3.06e-05	1.87e-27
 2.51889e+15	8.28e-09	5.53e-05	1.08e-02	1.14e-01	8.75e-01	2.49e-06	0.00e+00	7.42e-10	2.23e-09	3.71e-09	1.84e-05	3.69e-05	3.38e-27
 2.59232e+15	1.01e-08	6.55e-05	1.21e-02	1.22e-01	8.66e-01	2.45e-06	0.00e+00	9.02e-10	2.71e-09	4.51e-09	2.17e-05	4.37e-05	5.72e-27
 2.67271e+15	1.25e-08	7.87e-05	1.38e-02	1.31e-01	8.56e-01	2.42e-06	0.00e+00	1.13e-09	3.38e-09	5.64e-09	2.61e-05	5.26e-05	1.03e-26
 2.76105e+15	1.55e-08	9.53e-05	1.58e-02	1.40e-01	8.44e-01	2.36e-06	0.00e+00	1.40e-09	4.19e-09	6.98e-09	3.17e-05	6.36e-05	1.85e-26
 2.84262e+15	1.90e-08	1.13e-04	1.79e-02	1.50e-01	8.32e-01	2.32e-06	0.00e+00	1.71e-09	5.13e-09	8.55e-09	3.76e-05	7.55e-05	3.11e-26
 2.91639e+15	2.26e-08	1.31e-04	1.99e-02	1.58e-01	8.22e-01	2.29e-06	0.00e+00	2.04e-09	6.13e-09	1.02e-08	4.37e-05	8.78e-05	4.90e-26
 2.98386e+15	2.68e-08	1.51e-04	2.19e-02	1.66e-01	8.12e-01	2.26e-06	0.00e+00	2.42e-09	7.26e-09	1.21e-08	5.00e-05	1.00e-04	7.36e-26
 3.05832e+15	3.18e-08	1.75e-04	2.44e-02	1.76e-01	8.00e-01	2.22e-06	0.00e+00	2.88e-09	8.64e-09	1.44e-08	5.81e-05	1.17e-04	1.16e-25
 3.13944e+15	3.82e-08	2.04e-04	2.72e-02	1.86e-01	7.87e-01	2.17e-06	0.00e+00	3.46e-09	1.04e-08	1.73e-08	6.79e-05	1.36e-04	1.83e-25
 3.21622e+15	4.56e-08	2.36e-04	3.01e-02	1.96e-01	7.74e-01	2.13e-06	0.00e+00	4.13e-09	1.24e-08	2.06e-08	7.84e-05	1.57e-04	2.79e-25
 3.29050e+15	5.37e-08	2.70e-04	3.32e-02	2.06e-01	7.61e-01	2.10e-06	0.00e+00	4.87e-09	1.46e-08	2.44e-08	8.98e-05	1.80e-04	4.15e-25
 3.37455e+15	6.57e-08	3.16e-04	3.71e-02	2.17e-01	7.45e-01	2.07e-06	0.00e+00	5.97e-09	1.79e-08	2.98e-08	1.05e-04	2.11e-04	6.59e-25
 3.46792e+15	7.94e-08	3.72e-04	4.18e-02	2.30e-01	7.28e-01	2.00e-06	0.00e+00	7.22e-09	2.17e-08	3.61e-08	1.24e-04	2.48e-04	1.05e-24
 3.55551e+15	9.58e-08	4.31e-04	4.65e-02	2.42e-01	7.11e-01	1.96e-06	0.00e+00	8.72e-09	2.62e-08	4.36e-08	1.44e-04	2.88e-04	1.60e-24
 3.63614e+15	1.13e-07	4.94e-04	5.13e-02	2.53e-01	6.95e-01	1.92e-06	0.00e+00	1.03e-08	3.10e-08	5.16e-08	1.64e-04	3.29e-04	2.35e-24
 3.72558e+15	1.38e-07	5.75e-04	5.72e-02	2.66e-01	6.76e-01	1.87e-06	0.00e+00	1.26e-08	3.76e-08	6.27e-08	1.92e-04	3.84e-04	3.66e-24
 3.82560e+15	1.70e-07	6.77e-04	6.43e-02	2.81e-01	6.54e-01	1.82e-06	0.00e+00	1.55e-08	4.66e-08	7.77e-08	2.26e-04	4.52e-04	5.79e-24
 3.91962e+15	2.06e-07	7.85e-04	7.16e-02	2.94e-01	6.33e-01	1.78e-06	0.00e+00	1.89e-08	5.66e-08	9.43e-08	2.62e-04	5.24e-04	8.70e-24
 4.00861e+15	2.44e-07	9.02e-04	7.92e-02	3.07e-01	6.13e-01	1.73e-06	0.00e+00	2.24e-08	6.71e-08	1.12e-07	3.00e-04	6.01e-04	1.27e-23
 4.11081e+15	3.05e-07	1.06e-03	8.91e-02	3.22e-01	5.88e-01	1.68e-06	0.00e+00	2.80e-08	8.38e-08	1.40e-07	3.54e-04	7.10e-04	2.05e-23
 4.21966e+15	3.73e-07	1.25e-03	1.00e-01	3.37e-01	5.61e-01	1.61e-06	0.00e+00	3.43e-08	1.03e-07	1.71e-07	4.16e-04	8.33e-04	3.16e-23
 4.31623e+15	4.50e-07	1.44e-03	1.11e-01	3.50e-01	5.37e-01	1.56e-06	0.00e+00	4.14e-08	1.24e-07	2.07e-07	4.80e-04	9.60e-04	4.67e-23
 4.40620e+15	5.43e-07	1.65e-03	1.22e-01	3.63e-01	5.13e-01	1.53e-06	0.00e+00	5.00e-08	1.50e-07	2.50e-07	5.49e-04	1.10e-03	6.78e-23
 4.49462e+15	6.46e-07	1.88e-03	1.34e-01	3.74e-01	4.90e-01	1.48e-06	0.00e+00	5.95e-08	1.79e-07	2.97e-07	6.25e-04	1.25e-03	9.70e-23
 4.59567e+15	7.86e-07	2.18e-03	1.50e-01	3.87e-01	4.61e-01	1.41e-06	0.00e+00	7.25e-08	2.17e-07	3.62e-07	7.27e-04	1.45e-03	1.48e-22
 4.70078e+15	9.69e-07	2.53e-03	1.67e-01	3.99e-01	4.32e-01	1.37e-06	0.00e+00	8.95e-08	2.68e-07	4.47e-07	8.45e-04	1.69e-03	2.19e-22
 4.78866e+15	1.15e-06	2.87e-03	1.82e-01	4.08e-01	4.07e-01	1.32e-06	0.00e+00	1.06e-07	3.18e-07	5.30e-07	9.55e-04	1.91e-03	3.07e-22
 4.88040e+15	1.37e-06	3.28e-03	2.00e-01	4.16e-01	3.80e-01	1.26e-06	0.00e+00	1.27e-07	3.80e-07	6.33e-07	1.09e-03	2.18e-03	4.50e-22
 4.97971e+15	1.68e-06	3.78e-03	2.21e-01	4.24e-01	3.51e-01	1.21e-06	0.00e+00	1.55e-07	4.66e-07	7.76e-07	1.26e-03	2.52e-03	6.81e-22
 5.05684e+15	1.93e-06	4.18e-03	2.38e-01	4.29e-01	3.29e-01	1.18e-06	0.00e+00	1.79e-07	5.36e-07	8.93e-07	1.39e-03	2.79e-03	9.02e-22
 5.11337e+15	2.15e-06	4.52e-03	2.51e-01	4.32e-01	3.12e-01	1.15e-06	0.00e+00	2.00e-07	5.99e-07	9.98e-07	1.51e-03	3.02e-03	1.13e-21
 5.17514e+15	2.43e-06	4.90e-03	2.67e-01	4.35e-01	2.94e-01	1.11e-06	0.00e+00	2.25e-07	6.75e-07	1.12e-06	1.63e-03	3.26e-03	1.42e-21
 5.25545e+15	2.89e-06	5.56e-03	2.89e-01	4.37e-01	2.69e-01	1.05e-06	0.00e+00	2.68e-07	8.04e-07	1.34e-06	1.85e-03	3.71e-03	2.11e-21
 5.33074e+15	3.34e-06	6.16e-03	3.10e-01	4.37e-01	2.47e-01	1.01e-06	0.00e+00	3.10e-07	9.30e-07	1.55e-06	2.06e-03	4.11e-03	2.87e-21
 5.38478e+15	3.71e-06	6.63e-03	3.26e-01	4.36e-01	2.31e-01	9.81e-07	0.00e+00	3.45e-07	1.03e-06	1.72e-06	2.21e-03	4.42e-03	3.58e-21
 5.44029e+15	4.18e-06	7.18e-03	3.43e-01	4.35e-01	2.15e-01	0.00e+00	0.00e+00	3.89e-07	1.17e-06	1.94e-06	2.39e-03	4.78e-03	4.58e-21
 5.51247e+15	4.85e-06	7.98e-03	3.67e-01	4.31e-01	1.93e-01	0.00e+00	0.00e+00	4.51e-07	1.35e-06	2.25e-06	2.66e-03	5.32e-03	6.44e-21
 5.58348e+15	5.54e-06	8.68e-03	3.90e-01	4.27e-01	1.75e-01	0.00e+00	0.00e+00	5.16e-07	1.55e-06	2.58e-06	2.90e-03	5.79e-03	8.33e-21
 5.64130e+15	6.35e-06	9.56e-03	4.12e-01	4.21e-01	1.58e-01	0.00e+00	0.00e+00	5.93e-07	1.78e-06	2.96e-06	3.19e-03	6.37e-03	1.16e-20
 5.69009e+15	7.02e-06	1.02e-02	4.29e-01	4.16e-01	1.45e-01	0.00e+00	0.00e+00	6.55e-07	1.96e-06	3.27e-06	3.41e-03	6.81e-03	1.44e-20
 5.73881e+15	7.70e-06	1.08e-02	4.46e-01	4.10e-01	1.33e-01	0.00e+00	0.00e+00	7.19e-07	2.16e-06	3.59e-06	3.62e-03	7.22e-03	1.74e-20
 5.80215e+15	9.08e-06	1.21e-02	4.73e-01	4.00e-01	1.16e-01	0.00e+00	0.00e+00	8.48e-07	2.54e-06	4.24e-06	4.03e-03	8.04e-03	2.60e-20
 5.86082e+15	1.03e-05	1.30e-02	4.95e-01	3.90e-01	1.02e-01	0.00e+00	0.00e+00	9.62e-07	2.88e-06	4.80e-06	4.35e-03	8.69e-03	3.37e-20
 5.90405e+15	1.13e-05	1.38e-02	5.11e-01	3.82e-01	9.28e-02	0.00e+00	0.00e+00	1.06e-06	3.18e-06	5.29e-06	4.61e-03	9.21e-03	4.12e-20
 5.95084e+15	1.24e-05	1.47e-02	5.29e-01	3.73e-01	8.29e-02	0.00e+00	0.00e+00	1.16e-06	3.49e-06	5.81e-06	4.89e-03	9.76e-03	5.06e-20
 6.01167e+15	1.47e-05	1.62e-02	5.55e-01	3.59e-01	6.98e-02	0.00e+00	0.00e+00	1.38e-06	4.13e-06	6.87e-06	5.41e-03	1.08e-02	7.48e-20
 6.06792e+15	1.65e-05	1.73e-02	5.76e-01	3.46e-01	6.02e-02	0.00e+00	0.00e+00	1.55e-06	4.65e-06	7.75e-06	5.77e-03	1.15e-02	9.34e-20
 6.11062e+15	1.91e-05	1.86e-02	5.95e-01	3.34e-01	5.22e-02	0.00e+00	0.00e+00	1.79e-06	5.36e-06	8.93e-06	6.21e-03	1.24e-02	1.29e-19
 6.14901e+15	2.05e-05	1.94e-02	6.09e-01	3.25e-01	4.67e-02	0.00e+00	0.00e+00	1.92e-06	5.77e-06	9.61e-06	6.48e-03	1.29e-02	1.50e-19
 6.18937e+15	2.28e-05	2.06e-02	6.25e-01	3.14e-01	4.06e-02	0.00e+00	0.00e+00	2.14e-06	6.42e-06	1.07e-05	6.87e-03	1.37e-02	1.91e-19
 6.24185e+15	2.68e-05	2.24e-02	6.46e-01	2.98e-01	3.32e-02	0.00e+00	0.00e+00	2.52e-06	7.57e-06	1.26e-05	7.48e-03	1.49e-02	2.81e-19
 6.29219e+15	3.02e-05	2.37e-02	6.63e-01	2.85e-01	2.78e-02	0.00e+00	0.00e+00	2.84e-06	8.52e-06	1.42e-05	7.92e-03	1.58e-02	3.54e-19
 6.32692e+15	3.44e-05	2.51e-02	6.77e-01	2.74e-01	2.39e-02	0.00e+00	0.00e+00	3.24e-06	9.71e-06	1.62e-05	8.38e-03	1.67e-02	4.69e-19
 6.35037e+15	3.65e-05	2.59e-02	6.85e-01	2.67e-01	2.18e-02	0.00e+00	0.00e+00	3.44e-06	1.03e-05	1.72e-05	8.64e-03	1.72e-02	5.39e-19
 6.37200e+15	3.82e-05	2.65e-02	6.92e-01	2.61e-01	1.99e-02	0.00e+00	0.00e+00	3.60e-06	1.08e-05	1.80e-05	8.86e-03	1.77e-02	5.97e-19
 6.40012e+15	4.16e-05	2.77e-02	7.02e-01	2.52e-01	1.75e-02	0.00e+00	0.00e+00	3.93e-06	1.18e-05	1.96e-05	9.27e-03	1.85e-02	7.40e-19
 6.43006e+15	4.46e-05	2.87e-02	7.12e-01	2.44e-01	1.54e-02	0.00e+00	0.00e+00	4.21e-06	1.26e-05	2.10e-05	9.60e-03	1.91e-02	8.62e-19
 6.46239e+15	4.91e-05	3.02e-02	7.23e-01	2.34e-01	1.31e-02	0.00e+00	0.00e+00	4.65e-06	1.39e-05	2.32e-05	1.01e-02	2.01e-02	1.11e-18
 6.49461e+15	5.37e-05	3.15e-02	7.33e-01	2.25e-01	1.12e-02	0.00e+00	0.00e+00	5.09e-06	1.52e-05	2.54e-05	1.05e-02	2.10e-02	1.36e-18
 6.52148e+15	5.72e-05	3.26e-02	7.40e-01	2.17e-01	9.86e-03	0.00e+00	0.00e+00	5.42e-06	1.63e-05	2.71e-05	1.09e-02	2.17e-02	1.61e-18
 6.55122e+15	6.21e-05	3.40e-02	7.49e-01	2.08e-01	8.45e-03	0.00e+00	0.00e+00	5.89e-06	1.77e-05	2.94e-05	1.14e-02	2.26e-02	1.97e-18
 6.58422e+15	6.70e-05	3.55e-02	7.58e-01	1.99e-01	7.14e-03	0.00e+00	0.00e+00	6.36e-06	1.91e-05	3.17e-05	1.19e-02	2.36e-02	2.43e-18
 6.61520e+15	7.25e-05	3.69e-02	7.66e-01	1.91e-01	6.07e-03	0.00e+00	0.00e+00	6.88e-06	2.06e-05	3.44e-05	1.23e-02	2.46e-02	2.98e-18
 6.64418e+15	7.74e-05	3.83e-02	7.73e-01	1.83e-01	5.21e-03	0.00e+00	0.00e+00	7.35e-06	2.20e-05	3.67e-05	1.28e-02	2.55e-02	3.59e-18
 6.67683e+15	8.37e-05	4.00e-02	7.81e-01	1.74e-01	4.34e-03	0.00e+00	0.00e+00	7.96e-06	2.39e-05	3.97e-05	1.34e-02	2.66e-02	4.48e-18
 6.71190e+15	9.07e-05	4.19e-02	7.89e-01	1.65e-01	3.59e-03	0.00e+00	0.00e+00	8.63e-06	2.59e-05	4.31e-05	1.40e-02	2.79e-02	5.64e-18
 6.74287e+15	9.75e-05	4.35e-02	7.96e-01	1.58e-01	3.03e-03	0.00e+00	0.00e+00	9.28e-06	2.78e-05	4.63e-05	1.45e-02	2.90e-02	6.94e-18
 6.77148e+15	1.04e-04	4.51e-02	8.01e-01	1.51e-01	2.58e-03	0.00e+00	0.00e+00	9.89e-06	2.96e-05	4.94e-05	1.51e-02	3.00e-02	8.38e-18
