#depth	He	He+	He+2
 1.49634e+10	8.89e-29	6.57e-15	1.00e+00
 4.54887e+10	9.98e-29	7.11e-15	1.00e+00
 7.72350e+10	1.11e-28	7.69e-15	1.00e+00
 1.10251e+11	1.25e-28	8.32e-15	1.00e+00
 1.43268e+11	1.39e-28	8.97e-15	1.00e+00
 1.77606e+11	1.55e-28	9.68e-15	1.00e+00
 2.14637e+11	1.73e-28	1.05e-14	1.00e+00
 2.53149e+11	1.94e-28	1.13e-14	1.00e+00
 2.93202e+11	2.18e-28	1.22e-14	1.00e+00
 3.34857e+11	2.46e-28	1.32e-14	1.00e+00
 3.78178e+11	2.77e-28	1.43e-14	1.00e+00
 4.23232e+11	3.12e-28	1.55e-14	1.00e+00
 4.70088e+11	3.52e-28	1.68e-14	1.00e+00
 5.18818e+11	3.98e-28	1.81e-14	1.00e+00
 5.69498e+11	4.51e-28	1.96e-14	1.00e+00
 6.22204e+11	5.11e-28	2.12e-14	1.00e+00
 6.77019e+11	5.81e-28	2.30e-14	1.00e+00
 7.34027e+11	6.60e-28	2.48e-14	1.00e+00
 7.93315e+11	7.51e-28	2.69e-14	1.00e+00
 8.54974e+11	8.56e-28	2.91e-14	1.00e+00
 9.19100e+11	9.77e-28	3.15e-14	1.00e+00
 9.85791e+11	1.12e-27	3.40e-14	1.00e+00
 1.05515e+12	1.28e-27	3.68e-14	1.00e+00
 1.12728e+12	1.46e-27	3.99e-14	1.00e+00
 1.20230e+12	1.68e-27	4.31e-14	1.00e+00
 1.28032e+12	1.93e-27	4.67e-14	1.00e+00
 1.35930e+12	2.21e-27	5.04e-14	1.00e+00
 1.44145e+12	2.53e-27	5.44e-14	1.00e+00
 1.52903e+12	2.91e-27	5.89e-14	1.00e+00
 1.62012e+12	3.36e-27	6.37e-14	1.00e+00
 1.71485e+12	3.88e-27	6.90e-14	1.00e+00
 1.81337e+12	4.48e-27	7.46e-14	1.00e+00
 1.91583e+12	5.18e-27	8.08e-14	1.00e+00
 2.02239e+12	5.99e-27	8.74e-14	1.00e+00
 2.13322e+12	6.93e-27	9.46e-14	1.00e+00
 2.24847e+12	8.03e-27	1.02e-13	1.00e+00
 2.36834e+12	9.31e-27	1.11e-13	1.00e+00
 2.49300e+12	1.08e-26	1.20e-13	1.00e+00
 2.62264e+12	1.25e-26	1.30e-13	1.00e+00
 2.75748e+12	1.46e-26	1.41e-13	1.00e+00
 2.88576e+12	1.68e-26	1.51e-13	1.00e+00
 3.00276e+12	1.89e-26	1.61e-13	1.00e+00
 3.13492e+12	2.15e-26	1.73e-13	1.00e+00
 3.28877e+12	2.51e-26	1.87e-13	1.00e+00
 3.43868e+12	2.89e-26	2.01e-13	1.00e+00
 3.57812e+12	3.28e-26	2.15e-13	1.00e+00
 3.73470e+12	3.76e-26	2.31e-13	1.00e+00
 3.91402e+12	4.39e-26	2.50e-13	1.00e+00
 4.09055e+12	5.08e-26	2.70e-13	1.00e+00
 4.27414e+12	5.87e-26	2.91e-13	1.00e+00
 4.47503e+12	6.85e-26	3.15e-13	1.00e+00
 4.67721e+12	7.96e-26	3.40e-13	1.00e+00
 4.88749e+12	9.23e-26	3.67e-13	1.00e+00
 5.10733e+12	1.08e-25	3.97e-13	1.00e+00
 5.32549e+12	1.24e-25	4.27e-13	1.00e+00
 5.55796e+12	1.44e-25	4.61e-13	1.00e+00
 5.81021e+12	1.68e-25	4.99e-13	1.00e+00
 6.07254e+12	1.96e-25	5.40e-13	1.00e+00
 6.34537e+12	2.29e-25	5.84e-13	1.00e+00
 6.61907e+12	2.67e-25	6.31e-13	1.00e+00
 6.90371e+12	3.10e-25	6.81e-13	1.00e+00
 7.20979e+12	3.62e-25	7.37e-13	1.00e+00
 7.52810e+12	4.23e-25	7.98e-13	1.00e+00
 7.85916e+12	4.95e-25	8.64e-13	1.00e+00
 8.20345e+12	5.78e-25	9.35e-13	1.00e+00
 8.56151e+12	6.76e-25	1.01e-12	1.00e+00
 8.93390e+12	7.90e-25	1.10e-12	1.00e+00
 9.32118e+12	9.24e-25	1.19e-12	1.00e+00
 9.72396e+12	1.08e-24	1.28e-12	1.00e+00
 1.01428e+13	1.26e-24	1.39e-12	1.00e+00
 1.05697e+13	1.47e-24	1.50e-12	1.00e+00
 1.10137e+13	1.72e-24	1.62e-12	1.00e+00
 1.14841e+13	2.01e-24	1.75e-12	1.00e+00
 1.19734e+13	2.35e-24	1.90e-12	1.00e+00
 1.24823e+13	2.74e-24	2.06e-12	1.00e+00
 1.30115e+13	3.21e-24	2.22e-12	1.00e+00
 1.35054e+13	3.71e-24	2.39e-12	1.00e+00
 1.39407e+13	4.17e-24	2.54e-12	1.00e+00
 1.44265e+13	4.73e-24	2.71e-12	1.00e+00
 1.50101e+13	5.51e-24	2.92e-12	1.00e+00
 1.55967e+13	6.40e-24	3.15e-12	1.00e+00
 1.61359e+13	7.28e-24	3.36e-12	1.00e+00
 1.67373e+13	8.34e-24	3.61e-12	1.00e+00
 1.74338e+13	9.78e-24	3.90e-12	1.00e+00
 1.81149e+13	1.13e-23	4.20e-12	1.00e+00
 1.87605e+13	1.30e-23	4.50e-12	1.00e+00
 1.94781e+13	1.49e-23	4.84e-12	1.00e+00
 2.02872e+13	1.75e-23	5.24e-12	1.00e+00
 2.11007e+13	2.04e-23	5.65e-12	1.00e+00
 2.19469e+13	2.37e-23	6.10e-12	1.00e+00
 2.28547e+13	2.78e-23	6.61e-12	1.00e+00
 2.37988e+13	3.25e-23	7.16e-12	1.00e+00
 2.47807e+13	3.81e-23	7.75e-12	1.00e+00
 2.58018e+13	4.46e-23	8.39e-12	1.00e+00
 2.68638e+13	5.22e-23	9.08e-12	1.00e+00
 2.79683e+13	6.11e-23	9.84e-12	1.00e+00
 2.91169e+13	7.15e-23	1.07e-11	1.00e+00
 3.03115e+13	8.37e-23	1.15e-11	1.00e+00
 3.15539e+13	9.80e-23	1.25e-11	1.00e+00
 3.28460e+13	1.15e-22	1.35e-11	1.00e+00
 3.41062e+13	1.33e-22	1.46e-11	1.00e+00
 3.53035e+13	1.53e-22	1.56e-11	1.00e+00
 3.66323e+13	1.76e-22	1.69e-11	1.00e+00
 3.80836e+13	2.06e-22	1.82e-11	1.00e+00
 3.94825e+13	2.38e-22	1.96e-11	1.00e+00
 4.09814e+13	2.75e-22	2.11e-11	1.00e+00
 4.26506e+13	3.22e-22	2.29e-11	1.00e+00
 4.43333e+13	3.76e-22	2.48e-11	1.00e+00
 4.60833e+13	4.38e-22	2.68e-11	1.00e+00
 4.79565e+13	5.14e-22	2.91e-11	1.00e+00
 4.99047e+13	6.03e-22	3.16e-11	1.00e+00
 5.19308e+13	7.06e-22	3.43e-11	1.00e+00
 5.40380e+13	8.28e-22	3.73e-11	1.00e+00
 5.62294e+13	9.71e-22	4.05e-11	1.00e+00
 5.85085e+13	1.14e-21	4.40e-11	1.00e+00
 6.08788e+13	1.33e-21	4.78e-11	1.00e+00
 6.31035e+13	1.55e-21	5.15e-11	1.00e+00
 6.50862e+13	1.75e-21	5.50e-11	1.00e+00
 6.73090e+13	1.99e-21	5.91e-11	1.00e+00
 6.99516e+13	2.33e-21	6.42e-11	1.00e+00
 7.26013e+13	2.71e-21	6.95e-11	1.00e+00
 7.50802e+13	3.10e-21	7.47e-11	1.00e+00
 7.78366e+13	3.58e-21	8.07e-11	1.00e+00
 8.09799e+13	4.20e-21	8.80e-11	1.00e+00
 8.41013e+13	4.90e-21	9.55e-11	1.00e+00
 8.73475e+13	5.69e-21	1.04e-10	1.00e+00
 9.08713e+13	6.67e-21	1.13e-10	1.00e+00
 9.44558e+13	7.80e-21	1.23e-10	1.00e+00
 9.77730e+13	8.96e-21	1.33e-10	1.00e+00
 1.00795e+14	1.01e-20	1.43e-10	1.00e+00
 1.04229e+14	1.15e-20	1.54e-10	1.00e+00
 1.08308e+14	1.34e-20	1.68e-10	1.00e+00
 1.12367e+14	1.56e-20	1.83e-10	1.00e+00
 1.16117e+14	1.77e-20	1.97e-10	1.00e+00
 1.20321e+14	2.03e-20	2.14e-10	1.00e+00
 1.25163e+14	2.37e-20	2.35e-10	1.00e+00
 1.29888e+14	2.74e-20	2.56e-10	1.00e+00
 1.34382e+14	3.12e-20	2.77e-10	1.00e+00
 1.39367e+14	3.58e-20	3.02e-10	1.00e+00
 1.44971e+14	4.17e-20	3.32e-10	1.00e+00
 1.50582e+14	4.81e-20	3.64e-10	1.00e+00
 1.56417e+14	5.53e-20	3.98e-10	1.00e+00
 1.62534e+14	6.38e-20	4.37e-10	1.00e+00
 1.68592e+14	7.29e-20	4.78e-10	1.00e+00
 1.75062e+14	8.33e-20	5.24e-10	1.00e+00
 1.82095e+14	9.59e-20	5.78e-10	1.00e+00
 1.89408e+14	1.10e-19	6.37e-10	1.00e+00
 1.97015e+14	1.26e-19	7.03e-10	1.00e+00
 2.04925e+14	1.44e-19	7.75e-10	1.00e+00
 2.12087e+14	1.62e-19	8.45e-10	1.00e+00
 2.18071e+14	1.78e-19	9.06e-10	1.00e+00
 2.24636e+14	1.96e-19	9.77e-10	1.00e+00
 2.32928e+14	2.21e-19	1.07e-09	1.00e+00
 2.41572e+14	2.50e-19	1.17e-09	1.00e+00
 2.48922e+14	2.77e-19	1.26e-09	1.00e+00
 2.56486e+14	3.06e-19	1.36e-09	1.00e+00
 2.65991e+14	3.45e-19	1.49e-09	1.00e+00
 2.75672e+14	3.89e-19	1.63e-09	1.00e+00
 2.84063e+14	4.29e-19	1.76e-09	1.00e+00
 2.93125e+14	4.75e-19	1.91e-09	1.00e+00
 3.04227e+14	5.38e-19	2.09e-09	1.00e+00
 3.15588e+14	6.09e-19	2.29e-09	1.00e+00
 3.26007e+14	6.80e-19	2.48e-09	1.00e+00
 3.37591e+14	7.67e-19	2.70e-09	1.00e+00
 3.51037e+14	8.79e-19	2.97e-09	1.00e+00
 3.64280e+14	1.00e-18	3.25e-09	1.00e+00
 3.76905e+14	1.13e-18	3.53e-09	1.00e+00
 3.90863e+14	1.29e-18	3.86e-09	1.00e+00
 4.06528e+14	1.50e-18	4.24e-09	1.00e+00
 4.22260e+14	1.73e-18	4.64e-09	1.00e+00
 4.36282e+14	1.96e-18	5.01e-09	1.00e+00
 4.48080e+14	2.17e-18	5.34e-09	1.00e+00
 4.60782e+14	2.43e-18	5.70e-09	1.00e+00
 4.77295e+14	2.79e-18	6.19e-09	1.00e+00
 4.94580e+14	3.21e-18	6.73e-09	1.00e+00
 5.09366e+14	3.62e-18	7.21e-09	1.00e+00
 5.25085e+14	4.09e-18	7.73e-09	1.00e+00
 5.44665e+14	4.75e-18	8.42e-09	1.00e+00
 5.64775e+14	5.52e-18	9.15e-09	1.00e+00
 5.82757e+14	6.28e-18	9.83e-09	1.00e+00
 6.02458e+14	7.22e-18	1.06e-08	1.00e+00
 6.24023e+14	8.36e-18	1.15e-08	1.00e+00
 6.43696e+14	9.53e-18	1.23e-08	1.00e+00
 6.64957e+14	1.09e-17	1.33e-08	1.00e+00
 6.88778e+14	1.27e-17	1.44e-08	1.00e+00
 7.11296e+14	1.45e-17	1.54e-08	1.00e+00
 7.35938e+14	1.68e-17	1.67e-08	1.00e+00
 7.63251e+14	1.96e-17	1.81e-08	1.00e+00
 7.88707e+14	2.25e-17	1.94e-08	1.00e+00
 8.16471e+14	2.60e-17	2.10e-08	1.00e+00
 8.47538e+14	3.04e-17	2.27e-08	1.00e+00
 8.76991e+14	3.51e-17	2.45e-08	1.00e+00
 9.08905e+14	4.08e-17	2.65e-08	1.00e+00
 9.44442e+14	4.79e-17	2.87e-08	1.00e+00
 9.78719e+14	5.56e-17	3.10e-08	1.00e+00
 1.01522e+15	6.48e-17	3.35e-08	1.00e+00
 1.05585e+15	7.62e-17	3.64e-08	1.00e+00
 1.09675e+15	8.92e-17	3.95e-08	1.00e+00
 1.13929e+15	1.04e-16	4.28e-08	1.00e+00
 1.18489e+15	1.23e-16	4.64e-08	1.00e+00
 1.23232e+15	1.44e-16	5.04e-08	1.00e+00
 1.27785e+15	1.67e-16	5.43e-08	1.00e+00
 1.32005e+15	1.90e-16	5.80e-08	1.00e+00
 1.35985e+15	2.14e-16	6.17e-08	1.00e+00
 1.40347e+15	2.43e-16	6.58e-08	1.00e+00
 1.45213e+15	2.79e-16	7.05e-08	1.00e+00
 1.49812e+15	3.16e-16	7.52e-08	1.00e+00
 1.54865e+15	3.61e-16	8.04e-08	1.00e+00
 1.60530e+15	4.16e-16	8.65e-08	1.00e+00
 1.65814e+15	4.73e-16	9.23e-08	1.00e+00
 1.70754e+15	5.31e-16	9.79e-08	1.00e+00
 1.76423e+15	6.04e-16	1.05e-07	1.00e+00
 1.82830e+15	6.95e-16	1.12e-07	1.00e+00
 1.88964e+15	7.91e-16	1.20e-07	1.00e+00
 1.95704e+15	9.07e-16	1.29e-07	1.00e+00
 2.03133e+15	1.05e-15	1.39e-07	1.00e+00
 2.09995e+15	1.19e-15	1.48e-07	1.00e+00
 2.17457e+15	1.37e-15	1.59e-07	1.00e+00
 2.25823e+15	1.58e-15	1.71e-07	1.00e+00
 2.33764e+15	1.81e-15	1.83e-07	1.00e+00
 2.42309e+15	2.08e-15	1.97e-07	1.00e+00
 2.51778e+15	2.41e-15	2.12e-07	1.00e+00
 2.60912e+15	2.76e-15	2.28e-07	1.00e+00
 2.70638e+15	3.17e-15	2.45e-07	1.00e+00
 2.81467e+15	3.69e-15	2.65e-07	1.00e+00
 2.92303e+15	4.26e-15	2.86e-07	1.00e+00
 3.03573e+15	4.92e-15	3.08e-07	1.00e+00
 3.15719e+15	5.71e-15	3.33e-07	1.00e+00
 3.28351e+15	6.62e-15	3.60e-07	1.00e+00
 3.40585e+15	7.61e-15	3.87e-07	1.00e+00
 3.52095e+15	8.62e-15	4.14e-07	1.00e+00
 3.64968e+15	9.88e-15	4.45e-07	1.00e+00
 3.77975e+15	1.13e-14	4.77e-07	1.00e+00
 3.88840e+15	1.25e-14	5.05e-07	1.00e+00
 4.00375e+15	1.40e-14	5.35e-07	1.00e+00
 4.15035e+15	1.60e-14	5.76e-07	1.00e+00
 4.30342e+15	1.84e-14	6.19e-07	1.00e+00
 4.43928e+15	2.06e-14	6.59e-07	1.00e+00
 4.58688e+15	2.33e-14	7.05e-07	1.00e+00
 4.76373e+15	2.69e-14	7.61e-07	1.00e+00
 4.94248e+15	3.09e-14	8.20e-07	1.00e+00
 5.11034e+15	3.50e-14	8.78e-07	1.00e+00
 5.29673e+15	4.00e-14	9.44e-07	1.00e+00
 5.49351e+15	4.59e-14	1.02e-06	1.00e+00
 5.66824e+15	5.16e-14	1.08e-06	1.00e+00
 5.85644e+15	5.83e-14	1.16e-06	1.00e+00
 6.08209e+15	6.71e-14	1.25e-06	1.00e+00
 6.30432e+15	7.68e-14	1.35e-06	1.00e+00
 6.50222e+15	8.62e-14	1.44e-06	1.00e+00
 6.72057e+15	9.75e-14	1.54e-06	1.00e+00
 6.98088e+15	1.12e-13	1.67e-06	1.00e+00
 7.23944e+15	1.29e-13	1.80e-06	1.00e+00
 7.47593e+15	1.45e-13	1.92e-06	1.00e+00
 7.74004e+15	1.65e-13	2.06e-06	1.00e+00
 8.04712e+15	1.91e-13	2.23e-06	1.00e+00
 8.34849e+15	2.20e-13	2.41e-06	1.00e+00
 8.63337e+15	2.49e-13	2.58e-06	1.00e+00
 8.95018e+15	2.85e-13	2.78e-06	1.00e+00
 9.30822e+15	3.30e-13	3.02e-06	1.00e+00
 9.64815e+15	3.78e-13	3.25e-06	1.00e+00
 9.95785e+15	4.26e-13	3.47e-06	1.00e+00
 1.03081e+16	4.85e-13	3.72e-06	1.00e+00
 1.07162e+16	5.61e-13	4.03e-06	1.00e+00
 1.11081e+16	6.43e-13	4.34e-06	1.00e+00
 1.14634e+16	7.24e-13	4.63e-06	1.00e+00
 1.17973e+16	8.07e-13	4.91e-06	1.00e+00
 1.21660e+16	9.06e-13	5.23e-06	1.00e+00
 1.25784e+16	1.03e-12	5.60e-06	1.00e+00
 1.29688e+16	1.15e-12	5.96e-06	1.00e+00
 1.33975e+16	1.31e-12	6.37e-06	1.00e+00
 1.38766e+16	1.49e-12	6.85e-06	1.00e+00
 1.43282e+16	1.69e-12	7.31e-06	1.00e+00
 1.48223e+16	1.92e-12	7.83e-06	1.00e+00
 1.53687e+16	2.21e-12	8.43e-06	1.00e+00
 1.58742e+16	2.50e-12	9.01e-06	1.00e+00
 1.64225e+16	2.85e-12	9.66e-06	1.00e+00
 1.70343e+16	3.29e-12	1.04e-05	1.00e+00
 1.76085e+16	3.74e-12	1.11e-05	1.00e+00
 1.82346e+16	4.28e-12	1.20e-05	1.00e+00
 1.89313e+16	4.96e-12	1.29e-05	1.00e+00
 1.95836e+16	5.66e-12	1.39e-05	1.00e+00
 2.02910e+16	6.52e-12	1.49e-05	1.00e+00
 2.10810e+16	7.58e-12	1.61e-05	1.00e+00
 2.18333e+16	8.72e-12	1.73e-05	1.00e+00
 2.26375e+16	1.01e-11	1.87e-05	1.00e+00
 2.35430e+16	1.18e-11	2.03e-05	1.00e+00
 2.44382e+16	1.37e-11	2.19e-05	1.00e+00
 2.52964e+16	1.58e-11	2.36e-05	1.00e+00
 2.62356e+16	1.83e-11	2.55e-05	1.00e+00
 2.71234e+16	2.10e-11	2.73e-05	1.00e+00
 2.78012e+16	2.33e-11	2.88e-05	1.00e+00
 2.85014e+16	2.58e-11	3.04e-05	1.00e+00
 2.94117e+16	2.95e-11	3.25e-05	1.00e+00
 3.03921e+16	3.38e-11	3.49e-05	1.00e+00
 3.12676e+16	3.81e-11	3.71e-05	1.00e+00
 3.22094e+16	4.32e-11	3.96e-05	1.00e+00
 3.33966e+16	5.04e-11	4.28e-05	1.00e+00
 3.45972e+16	5.87e-11	4.63e-05	1.00e+00
 3.56207e+16	6.65e-11	4.93e-05	1.00e+00
 3.67194e+16	7.59e-11	5.28e-05	1.00e+00
 3.80872e+16	8.91e-11	5.72e-05	1.00e+00
 3.94974e+16	1.04e-10	6.20e-05	1.00e+00
 4.07553e+16	1.20e-10	6.65e-05	1.00e+00
 4.21231e+16	1.39e-10	7.17e-05	1.00e+00
 4.37541e+16	1.64e-10	7.80e-05	1.00e+00
 4.53606e+16	1.93e-10	8.47e-05	1.00e+00
 4.68061e+16	2.22e-10	9.09e-05	1.00e+00
 4.84092e+16	2.58e-10	9.81e-05	1.00e+00
 5.03017e+16	3.06e-10	1.07e-04	1.00e+00
 5.21709e+16	3.60e-10	1.16e-04	1.00e+00
 5.38984e+16	4.17e-10	1.25e-04	1.00e+00
 5.58379e+16	4.89e-10	1.36e-04	1.00e+00
 5.80715e+16	5.84e-10	1.48e-04	1.00e+00
 6.02578e+16	6.90e-10	1.61e-04	1.00e+00
 6.25316e+16	8.15e-10	1.75e-04	1.00e+00
 6.49750e+16	9.69e-10	1.91e-04	1.00e+00
 6.70140e+16	1.11e-09	2.05e-04	1.00e+00
 6.85517e+16	1.23e-09	2.16e-04	1.00e+00
 7.01985e+16	1.37e-09	2.28e-04	1.00e+00
 7.23393e+16	1.57e-09	2.44e-04	1.00e+00
 7.46782e+16	1.81e-09	2.62e-04	1.00e+00
 7.68111e+16	2.06e-09	2.80e-04	1.00e+00
 7.91204e+16	2.35e-09	2.99e-04	1.00e+00
 8.17308e+16	2.72e-09	3.22e-04	1.00e+00
 8.42375e+16	3.12e-09	3.44e-04	1.00e+00
 8.70012e+16	3.60e-09	3.70e-04	1.00e+00
 9.00795e+16	4.21e-09	4.00e-04	1.00e+00
 9.29857e+16	4.85e-09	4.30e-04	1.00e+00
 9.61826e+16	5.64e-09	4.63e-04	1.00e+00
 9.99494e+16	6.69e-09	5.05e-04	9.99e-01
 1.03613e+17	7.84e-09	5.47e-04	9.99e-01
 1.06921e+17	9.02e-09	5.87e-04	9.99e-01
 1.10609e+17	1.05e-08	6.33e-04	9.99e-01
 1.14948e+17	1.24e-08	6.89e-04	9.99e-01
 1.19238e+17	1.46e-08	7.47e-04	9.99e-01
 1.23243e+17	1.69e-08	8.03e-04	9.99e-01
 1.27715e+17	1.98e-08	8.70e-04	9.99e-01
 1.32717e+17	2.34e-08	9.46e-04	9.99e-01
 1.37618e+17	2.74e-08	1.02e-03	9.99e-01
 1.41726e+17	3.12e-08	1.09e-03	9.99e-01
 1.44971e+17	3.45e-08	1.15e-03	9.99e-01
 1.48514e+17	3.83e-08	1.21e-03	9.99e-01
 1.53121e+17	4.38e-08	1.29e-03	9.99e-01
 1.58076e+17	5.03e-08	1.39e-03	9.99e-01
 1.62477e+17	5.66e-08	1.47e-03	9.99e-01
 1.67191e+17	6.41e-08	1.57e-03	9.98e-01
 1.73252e+17	7.49e-08	1.69e-03	9.98e-01
 1.79417e+17	8.72e-08	1.83e-03	9.98e-01
 1.84538e+17	9.85e-08	1.94e-03	9.98e-01
 1.89949e+17	1.12e-07	2.07e-03	9.98e-01
 1.96867e+17	1.30e-07	2.23e-03	9.98e-01
 2.04151e+17	1.52e-07	2.42e-03	9.98e-01
 2.10536e+17	1.74e-07	2.58e-03	9.97e-01
 2.17345e+17	2.00e-07	2.76e-03	9.97e-01
 2.25618e+17	2.35e-07	3.00e-03	9.97e-01
 2.33858e+17	2.74e-07	3.24e-03	9.97e-01
 2.41150e+17	3.13e-07	3.46e-03	9.97e-01
 2.48089e+17	3.53e-07	3.68e-03	9.96e-01
 2.56054e+17	4.05e-07	3.94e-03	9.96e-01
 2.64966e+17	4.69e-07	4.24e-03	9.96e-01
 2.72480e+17	5.28e-07	4.50e-03	9.96e-01
 2.78373e+17	5.80e-07	4.71e-03	9.95e-01
 2.84790e+17	6.39e-07	4.95e-03	9.95e-01
 2.93133e+17	7.24e-07	5.27e-03	9.95e-01
 3.02040e+17	8.24e-07	5.62e-03	9.94e-01
 3.09846e+17	9.19e-07	5.93e-03	9.94e-01
 3.18157e+17	1.03e-06	6.28e-03	9.94e-01
 3.28962e+17	1.19e-06	6.75e-03	9.93e-01
 3.39954e+17	1.37e-06	7.24e-03	9.93e-01
 3.48904e+17	1.53e-06	7.66e-03	9.92e-01
 3.58254e+17	1.72e-06	8.11e-03	9.92e-01
 3.70409e+17	1.98e-06	8.72e-03	9.91e-01
 3.82938e+17	2.29e-06	9.36e-03	9.91e-01
 3.93356e+17	2.56e-06	9.92e-03	9.90e-01
 4.04303e+17	2.89e-06	1.05e-02	9.89e-01
 4.18533e+17	3.35e-06	1.13e-02	9.89e-01
 4.32867e+17	3.87e-06	1.22e-02	9.88e-01
 4.44309e+17	4.32e-06	1.29e-02	9.87e-01
 4.54060e+17	4.74e-06	1.35e-02	9.86e-01
 4.64641e+17	5.24e-06	1.42e-02	9.86e-01
 4.78395e+17	5.95e-06	1.51e-02	9.85e-01
 4.92844e+17	6.76e-06	1.61e-02	9.84e-01
 5.05126e+17	7.51e-06	1.70e-02	9.83e-01
 5.16032e+17	8.23e-06	1.78e-02	9.82e-01
 5.28218e+17	9.10e-06	1.87e-02	9.81e-01
 5.41910e+17	1.02e-05	1.98e-02	9.80e-01
 5.54861e+17	1.12e-05	2.08e-02	9.79e-01
 5.67111e+17	1.23e-05	2.18e-02	9.78e-01
 5.81148e+17	1.37e-05	2.30e-02	9.77e-01
 5.96604e+17	1.53e-05	2.43e-02	9.76e-01
 6.10845e+17	1.70e-05	2.55e-02	9.74e-01
 6.26300e+17	1.89e-05	2.70e-02	9.73e-01
 6.43231e+17	2.11e-05	2.85e-02	9.71e-01
 6.58772e+17	2.34e-05	3.00e-02	9.70e-01
 6.75664e+17	2.61e-05	3.17e-02	9.68e-01
 6.94216e+17	2.92e-05	3.36e-02	9.66e-01
 7.11399e+17	3.23e-05	3.54e-02	9.65e-01
 7.30211e+17	3.62e-05	3.74e-02	9.63e-01
 7.50815e+17	4.07e-05	3.97e-02	9.60e-01
 7.69878e+17	4.51e-05	4.19e-02	9.58e-01
 7.86207e+17	4.92e-05	4.39e-02	9.56e-01
 8.00577e+17	5.31e-05	4.56e-02	9.54e-01
 8.16981e+17	5.79e-05	4.77e-02	9.52e-01
 8.35339e+17	6.36e-05	5.01e-02	9.50e-01
 8.52775e+17	6.92e-05	5.24e-02	9.48e-01
 8.71977e+17	7.62e-05	5.51e-02	9.45e-01
 8.92472e+17	8.40e-05	5.80e-02	9.42e-01
 9.10827e+17	9.13e-05	6.07e-02	9.39e-01
 9.30869e+17	1.00e-04	6.38e-02	9.36e-01
 9.52662e+17	1.11e-04	6.73e-02	9.33e-01
 9.72740e+17	1.21e-04	7.05e-02	9.29e-01
 9.94849e+17	1.33e-04	7.45e-02	9.25e-01
 1.01858e+18	1.48e-04	7.88e-02	9.21e-01
 1.04005e+18	1.61e-04	8.28e-02	9.17e-01
 1.06357e+18	1.79e-04	8.76e-02	9.12e-01
 1.08897e+18	1.98e-04	9.29e-02	9.07e-01
 1.11213e+18	2.18e-04	9.80e-02	9.02e-01
 1.13758e+18	2.43e-04	1.04e-01	8.96e-01
 1.16495e+18	2.71e-04	1.11e-01	8.89e-01
 1.18980e+18	2.99e-04	1.18e-01	8.82e-01
 1.21709e+18	3.35e-04	1.26e-01	8.74e-01
 1.24616e+18	3.77e-04	1.35e-01	8.65e-01
 1.27196e+18	4.18e-04	1.43e-01	8.56e-01
 1.29257e+18	4.52e-04	1.51e-01	8.49e-01
 1.30884e+18	4.83e-04	1.57e-01	8.43e-01
 1.32679e+18	5.21e-04	1.64e-01	8.36e-01
 1.34676e+18	5.67e-04	1.72e-01	8.27e-01
 1.36535e+18	6.10e-04	1.81e-01	8.19e-01
 1.38552e+18	6.67e-04	1.90e-01	8.09e-01
 1.40570e+18	7.24e-04	2.00e-01	7.99e-01
 1.42589e+18	7.94e-04	2.11e-01	7.88e-01
 1.44584e+18	8.64e-04	2.22e-01	7.77e-01
 1.46227e+18	9.28e-04	2.32e-01	7.67e-01
 1.48042e+18	1.01e-03	2.44e-01	7.55e-01
 1.50003e+18	1.10e-03	2.57e-01	7.42e-01
 1.51760e+18	1.19e-03	2.69e-01	7.29e-01
 1.53651e+18	1.30e-03	2.84e-01	7.15e-01
 1.55520e+18	1.41e-03	2.98e-01	7.00e-01
 1.57360e+18	1.55e-03	3.14e-01	6.85e-01
 1.59174e+18	1.68e-03	3.29e-01	6.69e-01
 1.60638e+18	1.81e-03	3.43e-01	6.55e-01
 1.62226e+18	1.95e-03	3.58e-01	6.40e-01
 1.63962e+18	2.12e-03	3.76e-01	6.22e-01
 1.65891e+18	2.34e-03	3.97e-01	6.01e-01
 1.67795e+18	2.56e-03	4.16e-01	5.81e-01
 1.69172e+18	2.74e-03	4.32e-01	5.66e-01
 1.70465e+18	2.93e-03	4.47e-01	5.50e-01
 1.72145e+18	3.19e-03	4.67e-01	5.30e-01
 1.73893e+18	3.48e-03	4.88e-01	5.09e-01
 1.75363e+18	3.73e-03	5.06e-01	4.90e-01
 1.76912e+18	4.04e-03	5.25e-01	4.71e-01
 1.78520e+18	4.38e-03	5.45e-01	4.51e-01
 1.79931e+18	4.70e-03	5.63e-01	4.33e-01
 1.81489e+18	5.09e-03	5.83e-01	4.12e-01
 1.83221e+18	5.56e-03	6.04e-01	3.90e-01
 1.84837e+18	6.02e-03	6.24e-01	3.70e-01
 1.86598e+18	6.57e-03	6.46e-01	3.48e-01
 1.88531e+18	7.23e-03	6.68e-01	3.24e-01
 1.90318e+18	7.90e-03	6.89e-01	3.03e-01
 1.91863e+18	8.50e-03	7.05e-01	2.86e-01
 1.93462e+18	9.22e-03	7.22e-01	2.68e-01
 1.95542e+18	1.02e-02	7.44e-01	2.46e-01
 1.97655e+18	1.14e-02	7.63e-01	2.26e-01
 1.99395e+18	1.24e-02	7.78e-01	2.10e-01
 2.01241e+18	1.37e-02	7.93e-01	1.93e-01
 2.03327e+18	1.53e-02	8.08e-01	1.77e-01
 2.05248e+18	1.70e-02	8.20e-01	1.63e-01
 2.06884e+18	1.86e-02	8.30e-01	1.52e-01
 2.08629e+18	2.06e-02	8.39e-01	1.40e-01
 2.10471e+18	2.30e-02	8.47e-01	1.29e-01
 2.11979e+18	2.54e-02	8.53e-01	1.21e-01
 2.13215e+18	2.74e-02	8.57e-01	1.15e-01
 2.14553e+18	3.00e-02	8.61e-01	1.09e-01
 2.16027e+18	3.32e-02	8.65e-01	1.02e-01
 2.17336e+18	3.64e-02	8.67e-01	9.67e-02
 2.18461e+18	3.95e-02	8.68e-01	9.24e-02
 2.19690e+18	4.34e-02	8.69e-01	8.77e-02
 2.21026e+18	4.81e-02	8.69e-01	8.32e-02
 2.22193e+18	5.29e-02	8.68e-01	7.96e-02
 2.23201e+18	5.74e-02	8.66e-01	7.67e-02
 2.24309e+18	6.31e-02	8.64e-01	7.34e-02
 2.25554e+18	7.02e-02	8.60e-01	7.02e-02
 2.26700e+18	7.78e-02	8.55e-01	6.75e-02
 2.27715e+18	8.51e-02	8.49e-01	6.55e-02
 2.28763e+18	9.37e-02	8.43e-01	6.32e-02
 2.29942e+18	1.05e-01	8.35e-01	6.09e-02
 2.31102e+18	1.17e-01	8.24e-01	5.90e-02
 2.32077e+18	1.28e-01	8.14e-01	5.74e-02
 2.32912e+18	1.39e-01	8.05e-01	5.62e-02
 2.33704e+18	1.50e-01	7.95e-01	5.49e-02
 2.34491e+18	1.62e-01	7.84e-01	5.37e-02
 2.35092e+18	1.72e-01	7.75e-01	5.30e-02
 2.35444e+18	1.78e-01	7.70e-01	5.25e-02
 2.35771e+18	1.84e-01	7.64e-01	5.19e-02
 2.36175e+18	1.92e-01	7.57e-01	5.12e-02
 2.36616e+18	2.00e-01	7.49e-01	5.06e-02
 2.37029e+18	2.08e-01	7.42e-01	5.01e-02
 2.37427e+18	2.16e-01	7.34e-01	4.95e-02
 2.37822e+18	2.24e-01	7.27e-01	4.90e-02
 2.38224e+18	2.33e-01	7.18e-01	4.84e-02
 2.38622e+18	2.42e-01	7.10e-01	4.79e-02
 2.39026e+18	2.51e-01	7.01e-01	4.73e-02
 2.39439e+18	2.61e-01	6.92e-01	4.67e-02
 2.39824e+18	2.70e-01	6.83e-01	4.63e-02
 2.40213e+18	2.81e-01	6.74e-01	4.56e-02
 2.40611e+18	2.91e-01	6.64e-01	4.51e-02
 2.41017e+18	3.01e-01	6.54e-01	4.45e-02
 2.41427e+18	3.13e-01	6.44e-01	4.39e-02
 2.41811e+18	3.23e-01	6.34e-01	4.33e-02
 2.42201e+18	3.34e-01	6.23e-01	4.26e-02
 2.42597e+18	3.45e-01	6.13e-01	4.21e-02
 2.42998e+18	3.57e-01	6.02e-01	4.14e-02
 2.43406e+18	3.69e-01	5.90e-01	4.07e-02
 2.43792e+18	3.81e-01	5.79e-01	4.01e-02
 2.44179e+18	3.93e-01	5.68e-01	3.93e-02
 2.44576e+18	4.04e-01	5.57e-01	3.87e-02
 2.44974e+18	4.17e-01	5.45e-01	3.79e-02
 2.45369e+18	4.29e-01	5.34e-01	3.73e-02
 2.45771e+18	4.41e-01	5.22e-01	3.65e-02
 2.46183e+18	4.54e-01	5.11e-01	3.57e-02
 2.46569e+18	4.65e-01	5.00e-01	3.50e-02
 2.46958e+18	4.78e-01	4.88e-01	3.41e-02
 2.47355e+18	4.89e-01	4.77e-01	3.34e-02
 2.47759e+18	5.01e-01	4.66e-01	3.26e-02
 2.48168e+18	5.13e-01	4.55e-01	3.18e-02
 2.48557e+18	5.24e-01	4.45e-01	3.11e-02
 2.48949e+18	5.36e-01	4.34e-01	3.03e-02
 2.49347e+18	5.46e-01	4.24e-01	2.95e-02
 2.49744e+18	5.57e-01	4.14e-01	2.87e-02
 2.50142e+18	5.68e-01	4.04e-01	2.80e-02
 2.50544e+18	5.78e-01	3.95e-01	2.72e-02
 2.50954e+18	5.88e-01	3.86e-01	2.65e-02
 2.51364e+18	5.97e-01	3.77e-01	2.58e-02
 2.51785e+18	6.07e-01	3.68e-01	2.50e-02
 2.52200e+18	6.16e-01	3.60e-01	2.44e-02
 2.52602e+18	6.25e-01	3.51e-01	2.36e-02
 2.53007e+18	6.33e-01	3.44e-01	2.30e-02
 2.53420e+18	6.41e-01	3.36e-01	2.23e-02
 2.53839e+18	6.49e-01	3.29e-01	2.17e-02
 2.54251e+18	6.57e-01	3.22e-01	2.10e-02
 2.54671e+18	6.64e-01	3.16e-01	2.04e-02
 2.55101e+18	6.71e-01	3.09e-01	1.98e-02
 2.55538e+18	6.78e-01	3.03e-01	1.92e-02
 2.55979e+18	6.84e-01	2.97e-01	1.87e-02
 2.56425e+18	6.90e-01	2.91e-01	1.81e-02
 2.56877e+18	6.97e-01	2.86e-01	1.76e-02
 2.57335e+18	7.02e-01	2.81e-01	1.70e-02
 2.57800e+18	7.08e-01	2.75e-01	1.65e-02
 2.58272e+18	7.14e-01	2.70e-01	1.60e-02
 2.58752e+18	7.19e-01	2.65e-01	1.55e-02
 2.59224e+18	7.24e-01	2.61e-01	1.51e-02
 2.59714e+18	7.29e-01	2.56e-01	1.46e-02
 2.60220e+18	7.34e-01	2.52e-01	1.41e-02
 2.60741e+18	7.39e-01	2.47e-01	1.37e-02
 2.61280e+18	7.43e-01	2.43e-01	1.33e-02
 2.61813e+18	7.48e-01	2.39e-01	1.28e-02
 2.62361e+18	7.53e-01	2.35e-01	1.24e-02
 2.62931e+18	7.57e-01	2.31e-01	1.19e-02
 2.63529e+18	7.62e-01	2.27e-01	1.15e-02
 2.64020e+18	7.65e-01	2.24e-01	1.12e-02
 2.64322e+18	7.68e-01	2.21e-01	1.10e-02
 2.64561e+18	7.70e-01	2.19e-01	1.07e-02
 2.64838e+18	7.73e-01	2.17e-01	1.05e-02
 2.65157e+18	7.75e-01	2.15e-01	1.03e-02
 2.65528e+18	7.77e-01	2.13e-01	1.01e-02
 2.65925e+18	7.79e-01	2.11e-01	9.91e-03
 2.66294e+18	7.82e-01	2.08e-01	9.68e-03
 2.66663e+18	7.84e-01	2.06e-01	9.46e-03
 2.67060e+18	7.87e-01	2.04e-01	9.24e-03
 2.67498e+18	7.89e-01	2.02e-01	9.05e-03
 2.67946e+18	7.92e-01	1.99e-01	8.79e-03
 2.68432e+18	7.95e-01	1.96e-01	8.53e-03
 2.68981e+18	7.98e-01	1.94e-01	8.28e-03
 2.69564e+18	8.01e-01	1.91e-01	8.03e-03
 2.70225e+18	8.05e-01	1.87e-01	7.72e-03
 2.70982e+18	8.09e-01	1.84e-01	7.40e-03
 2.71828e+18	8.13e-01	1.80e-01	7.04e-03
 2.72707e+18	8.18e-01	1.75e-01	6.69e-03
 2.73537e+18	8.22e-01	1.71e-01	6.37e-03
 2.74312e+18	8.26e-01	1.68e-01	6.07e-03
 2.75063e+18	8.30e-01	1.64e-01	5.79e-03
 2.75813e+18	8.34e-01	1.61e-01	5.53e-03
 2.76537e+18	8.37e-01	1.57e-01	5.29e-03
 2.77228e+18	8.41e-01	1.54e-01	5.07e-03
 2.77878e+18	8.44e-01	1.51e-01	4.86e-03
 2.78469e+18	8.47e-01	1.49e-01	4.68e-03
 2.79007e+18	8.49e-01	1.46e-01	4.52e-03
 2.79497e+18	8.51e-01	1.44e-01	4.37e-03
 2.79943e+18	8.54e-01	1.42e-01	4.24e-03
 2.80348e+18	8.56e-01	1.40e-01	4.12e-03
 2.80717e+18	8.57e-01	1.39e-01	4.01e-03
 2.81122e+18	8.60e-01	1.36e-01	3.89e-03
 2.81558e+18	8.61e-01	1.35e-01	3.79e-03
 2.81956e+18	8.63e-01	1.33e-01	3.68e-03
 2.82317e+18	8.65e-01	1.32e-01	3.59e-03
 2.82646e+18	8.66e-01	1.30e-01	3.51e-03
 2.83007e+18	8.68e-01	1.28e-01	3.41e-03
 2.83396e+18	8.70e-01	1.27e-01	3.32e-03
 2.83750e+18	8.71e-01	1.25e-01	3.25e-03
 2.84138e+18	8.73e-01	1.24e-01	3.15e-03
 2.84557e+18	8.75e-01	1.22e-01	3.06e-03
 2.84938e+18	8.76e-01	1.21e-01	2.99e-03
 2.85356e+18	8.78e-01	1.19e-01	2.90e-03
 2.85807e+18	8.80e-01	1.17e-01	2.82e-03
 2.86218e+18	8.81e-01	1.16e-01	2.75e-03
 2.86591e+18	8.83e-01	1.14e-01	2.67e-03
 2.86931e+18	8.84e-01	1.13e-01	2.61e-03
 2.87304e+18	8.86e-01	1.12e-01	2.53e-03
 2.87706e+18	8.87e-01	1.10e-01	2.47e-03
 2.88072e+18	8.89e-01	1.09e-01	2.41e-03
 2.88473e+18	8.90e-01	1.07e-01	2.34e-03
 2.88906e+18	8.92e-01	1.06e-01	2.27e-03
 2.89299e+18	8.93e-01	1.05e-01	2.22e-03
 2.89658e+18	8.95e-01	1.03e-01	2.16e-03
 2.89984e+18	8.96e-01	1.02e-01	2.10e-03
 2.90281e+18	8.97e-01	1.01e-01	2.05e-03
 2.90551e+18	8.98e-01	9.98e-02	2.01e-03
 2.90847e+18	8.99e-01	9.86e-02	1.96e-03
 2.91167e+18	9.00e-01	9.76e-02	1.92e-03
 2.91457e+18	9.01e-01	9.67e-02	1.88e-03
 2.91776e+18	9.03e-01	9.55e-02	1.83e-03
 2.92120e+18	9.04e-01	9.44e-02	1.79e-03
 2.92433e+18	9.05e-01	9.35e-02	1.76e-03
 2.92776e+18	9.06e-01	9.22e-02	1.71e-03
 2.93147e+18	9.07e-01	9.11e-02	1.67e-03
 2.93484e+18	9.08e-01	9.02e-02	1.63e-03
 2.93853e+18	9.09e-01	8.89e-02	1.58e-03
 2.94252e+18	9.11e-01	8.78e-02	1.54e-03
 2.94614e+18	9.12e-01	8.68e-02	1.51e-03
 2.94944e+18	9.13e-01	8.58e-02	1.47e-03
 2.95245e+18	9.14e-01	8.49e-02	1.44e-03
 2.95574e+18	9.15e-01	8.38e-02	1.40e-03
 2.96002e+18	9.16e-01	8.28e-02	1.37e-03
 2.96464e+18	9.17e-01	8.18e-02	1.34e-03
 2.96885e+18	9.18e-01	8.07e-02	1.30e-03
 2.97267e+18	9.19e-01	7.98e-02	1.27e-03
 2.97615e+18	9.20e-01	7.89e-02	1.24e-03
 2.97997e+18	9.21e-01	7.78e-02	1.21e-03
 2.98493e+18	9.22e-01	7.67e-02	1.17e-03
 2.99028e+18	9.23e-01	7.57e-02	1.14e-03
 2.99516e+18	9.24e-01	7.46e-02	1.11e-03
 2.99959e+18	9.25e-01	7.36e-02	1.08e-03
 3.00363e+18	9.26e-01	7.26e-02	1.05e-03
 3.00805e+18	9.27e-01	7.15e-02	1.02e-03
 3.01282e+18	9.28e-01	7.07e-02	9.95e-04
 3.01717e+18	9.29e-01	6.98e-02	9.68e-04
 3.02112e+18	9.30e-01	6.89e-02	9.45e-04
 3.02545e+18	9.31e-01	6.80e-02	9.20e-04
 3.03108e+18	9.32e-01	6.69e-02	8.90e-04
 3.03716e+18	9.33e-01	6.60e-02	8.65e-04
 3.04269e+18	9.34e-01	6.49e-02	8.38e-04
 3.04773e+18	9.35e-01	6.40e-02	8.14e-04
 3.05231e+18	9.36e-01	6.32e-02	7.93e-04
 3.05733e+18	9.37e-01	6.22e-02	7.68e-04
 3.06275e+18	9.38e-01	6.14e-02	7.49e-04
 3.06768e+18	9.39e-01	6.05e-02	7.28e-04
 3.07308e+18	9.40e-01	5.96e-02	7.06e-04
 3.07892e+18	9.41e-01	5.88e-02	6.87e-04
 3.08423e+18	9.41e-01	5.80e-02	6.67e-04
 3.09005e+18	9.42e-01	5.70e-02	6.45e-04
 3.09633e+18	9.43e-01	5.62e-02	6.27e-04
 3.10204e+18	9.44e-01	5.53e-02	6.08e-04
 3.10724e+18	9.45e-01	5.45e-02	5.91e-04
 3.11294e+18	9.46e-01	5.37e-02	5.72e-04
 3.11910e+18	9.46e-01	5.29e-02	5.57e-04
 3.12469e+18	9.47e-01	5.22e-02	5.41e-04
 3.13083e+18	9.48e-01	5.13e-02	5.23e-04
 3.13745e+18	9.49e-01	5.06e-02	5.08e-04
 3.14348e+18	9.50e-01	4.98e-02	4.93e-04
 3.15009e+18	9.51e-01	4.90e-02	4.76e-04
 3.15722e+18	9.51e-01	4.82e-02	4.62e-04
 3.16371e+18	9.52e-01	4.75e-02	4.48e-04
 3.17082e+18	9.53e-01	4.66e-02	4.32e-04
 3.17849e+18	9.54e-01	4.58e-02	4.18e-04
 3.18548e+18	9.54e-01	4.51e-02	4.04e-04
 3.19313e+18	9.55e-01	4.42e-02	3.89e-04
 3.20140e+18	9.56e-01	4.35e-02	3.76e-04
 3.20892e+18	9.57e-01	4.27e-02	3.63e-04
 3.21576e+18	9.58e-01	4.21e-02	3.52e-04
 3.22326e+18	9.58e-01	4.13e-02	3.39e-04
 3.23136e+18	9.59e-01	4.06e-02	3.28e-04
 3.23872e+18	9.60e-01	4.00e-02	3.18e-04
 3.24680e+18	9.60e-01	3.92e-02	3.06e-04
 3.25551e+18	9.61e-01	3.85e-02	2.96e-04
 3.26344e+18	9.62e-01	3.79e-02	2.86e-04
 3.27213e+18	9.63e-01	3.71e-02	2.75e-04
 3.28152e+18	9.63e-01	3.65e-02	2.65e-04
 3.29005e+18	9.64e-01	3.58e-02	2.55e-04
 3.29941e+18	9.65e-01	3.51e-02	2.45e-04
 3.30951e+18	9.65e-01	3.44e-02	2.36e-04
 3.31870e+18	9.66e-01	3.37e-02	2.27e-04
 3.32706e+18	9.67e-01	3.31e-02	2.19e-04
 3.33623e+18	9.67e-01	3.25e-02	2.11e-04
 3.34612e+18	9.68e-01	3.19e-02	2.03e-04
 3.35513e+18	9.68e-01	3.13e-02	1.96e-04
 3.36500e+18	9.69e-01	3.07e-02	1.88e-04
 3.37565e+18	9.70e-01	3.01e-02	1.81e-04
 3.38534e+18	9.70e-01	2.95e-02	1.74e-04
 3.39596e+18	9.71e-01	2.89e-02	1.67e-04
 3.40743e+18	9.72e-01	2.83e-02	1.60e-04
 3.41786e+18	9.72e-01	2.77e-02	1.54e-04
 3.42930e+18	9.73e-01	2.71e-02	1.47e-04
 3.44164e+18	9.73e-01	2.65e-02	1.41e-04
 3.45288e+18	9.74e-01	2.60e-02	1.35e-04
 3.46310e+18	9.74e-01	2.55e-02	1.30e-04
 3.47430e+18	9.75e-01	2.49e-02	1.25e-04
 3.48640e+18	9.75e-01	2.44e-02	1.20e-04
 3.49740e+18	9.76e-01	2.39e-02	1.15e-04
 3.50946e+18	9.76e-01	2.34e-02	1.10e-04
 3.52514e+18	9.77e-01	2.28e-02	1.04e-04
 3.54330e+18	9.78e-01	2.21e-02	9.77e-05
 3.56152e+18	9.79e-01	2.14e-02	9.17e-05
 3.57923e+18	9.79e-01	2.07e-02	8.63e-05
 3.59701e+18	9.80e-01	2.01e-02	8.12e-05
 3.61533e+18	9.80e-01	1.95e-02	7.63e-05
 3.63406e+18	9.81e-01	1.89e-02	7.17e-05
 3.65297e+18	9.82e-01	1.83e-02	6.73e-05
 3.67203e+18	9.82e-01	1.77e-02	6.32e-05
 3.69133e+18	9.83e-01	1.71e-02	5.94e-05
 3.71091e+18	9.83e-01	1.66e-02	5.57e-05
 3.73074e+18	9.84e-01	1.61e-02	5.23e-05
 3.75077e+18	9.84e-01	1.56e-02	4.90e-05
 3.77100e+18	9.85e-01	1.51e-02	4.60e-05
 3.79143e+18	9.85e-01	1.46e-02	4.31e-05
 3.81205e+18	9.86e-01	1.41e-02	4.05e-05
 3.83286e+18	9.86e-01	1.37e-02	3.79e-05
 3.85388e+18	9.87e-01	1.32e-02	3.56e-05
 3.87504e+18	9.87e-01	1.28e-02	3.34e-05
 3.89637e+18	9.88e-01	1.24e-02	3.13e-05
 3.91803e+18	9.88e-01	1.20e-02	2.93e-05
 3.93996e+18	9.88e-01	1.16e-02	2.75e-05
 3.96208e+18	9.89e-01	1.12e-02	2.57e-05
 3.98453e+18	9.89e-01	1.09e-02	2.41e-05
 4.00755e+18	9.89e-01	1.05e-02	2.26e-05
 4.03109e+18	9.90e-01	1.02e-02	2.11e-05
 4.05487e+18	9.90e-01	9.83e-03	1.97e-05
 4.07886e+18	9.90e-01	9.50e-03	1.84e-05
 4.10323e+18	9.91e-01	9.18e-03	1.72e-05
 4.12804e+18	9.91e-01	8.87e-03	1.61e-05
 4.15327e+18	9.91e-01	8.56e-03	1.50e-05
 4.17899e+18	9.92e-01	8.27e-03	1.40e-05
 4.20530e+18	9.92e-01	7.98e-03	1.31e-05
 4.23232e+18	9.92e-01	7.70e-03	1.22e-05
 4.26022e+18	9.93e-01	7.42e-03	1.13e-05
 4.28891e+18	9.93e-01	7.15e-03	1.05e-05
 4.31821e+18	9.93e-01	6.88e-03	9.75e-06
 4.34813e+18	9.93e-01	6.63e-03	9.04e-06
 4.37883e+18	9.94e-01	6.37e-03	8.37e-06
 4.41042e+18	9.94e-01	6.13e-03	7.75e-06
 4.44291e+18	9.94e-01	5.89e-03	7.16e-06
 4.47646e+18	9.94e-01	5.65e-03	6.60e-06
 4.51119e+18	9.95e-01	5.42e-03	6.08e-06
 4.54706e+18	9.95e-01	5.20e-03	5.59e-06
 4.58406e+18	9.95e-01	4.98e-03	5.13e-06
 4.62227e+18	9.95e-01	4.76e-03	4.70e-06
 4.66179e+18	9.95e-01	4.55e-03	4.30e-06
 4.70285e+18	9.96e-01	4.35e-03	3.93e-06
 4.74548e+18	9.96e-01	4.15e-03	3.58e-06
 4.78894e+18	9.96e-01	3.96e-03	3.26e-06
 4.83290e+18	9.96e-01	3.78e-03	2.97e-06
 4.87779e+18	9.96e-01	3.60e-03	2.70e-06
 4.92369e+18	9.97e-01	3.43e-03	2.45e-06
 4.97047e+18	9.97e-01	3.27e-03	2.23e-06
 5.01807e+18	9.97e-01	3.11e-03	2.02e-06
 5.06655e+18	9.97e-01	2.96e-03	1.83e-06
 5.11602e+18	9.97e-01	2.82e-03	1.66e-06
 5.16649e+18	9.97e-01	2.68e-03	1.50e-06
 5.21794e+18	9.97e-01	2.55e-03	1.36e-06
 5.27035e+18	9.98e-01	2.42e-03	1.23e-06
 5.32376e+18	9.98e-01	2.30e-03	1.11e-06
 5.37826e+18	9.98e-01	2.19e-03	1.00e-06
 5.43386e+18	9.98e-01	2.07e-03	9.05e-07
 5.49058e+18	9.98e-01	1.97e-03	8.15e-07
 5.54844e+18	9.98e-01	1.87e-03	7.33e-07
 5.60750e+18	9.98e-01	1.77e-03	6.59e-07
 5.66781e+18	9.98e-01	1.67e-03	5.92e-07
 5.72941e+18	9.98e-01	1.58e-03	5.30e-07
 5.79236e+18	9.99e-01	1.50e-03	4.75e-07
 5.85670e+18	9.99e-01	1.42e-03	4.24e-07
 5.92249e+18	9.99e-01	1.34e-03	3.79e-07
 5.98982e+18	9.99e-01	1.26e-03	3.37e-07
 6.05880e+18	9.99e-01	1.19e-03	3.00e-07
 6.12946e+18	9.99e-01	1.12e-03	2.66e-07
 6.20184e+18	9.99e-01	1.05e-03	2.36e-07
 6.27607e+18	9.99e-01	9.89e-04	2.08e-07
 6.35230e+18	9.99e-01	9.28e-04	1.84e-07
 6.43065e+18	9.99e-01	8.70e-04	1.62e-07
 6.51128e+18	9.99e-01	8.14e-04	1.42e-07
 6.59435e+18	9.99e-01	7.61e-04	1.24e-07
 6.67999e+18	9.99e-01	7.10e-04	1.08e-07
 6.76836e+18	9.99e-01	6.61e-04	9.38e-08
 6.85969e+18	9.99e-01	6.15e-04	8.12e-08
 6.95427e+18	9.99e-01	5.70e-04	6.99e-08
 7.05237e+18	9.99e-01	5.27e-04	6.00e-08
 7.15433e+18	1.00e+00	4.87e-04	5.12e-08
 7.26008e+18	1.00e+00	4.48e-04	4.34e-08
 7.37034e+18	1.00e+00	4.12e-04	3.67e-08
 7.48503e+18	1.00e+00	3.77e-04	3.07e-08
 7.60524e+18	1.00e+00	3.43e-04	2.56e-08
 7.73445e+18	1.00e+00	3.11e-04	2.10e-08
 7.87165e+18	1.00e+00	2.80e-04	1.71e-08
 8.01711e+18	1.00e+00	2.51e-04	1.37e-08
 8.17227e+18	1.00e+00	2.23e-04	1.09e-08
 8.33990e+18	1.00e+00	1.96e-04	8.46e-09
 8.52258e+18	1.00e+00	1.71e-04	6.45e-09
 8.72327e+18	1.00e+00	1.48e-04	4.80e-09
 8.94744e+18	1.00e+00	1.25e-04	3.46e-09
 9.19910e+18	1.00e+00	1.04e-04	2.40e-09
 9.48703e+18	1.00e+00	8.45e-05	1.59e-09
 9.80671e+18	1.00e+00	6.74e-05	1.01e-09
 1.01359e+19	1.00e+00	5.37e-05	6.46e-10
 1.04612e+19	1.00e+00	4.31e-05	4.18e-10
 1.07866e+19	1.00e+00	3.47e-05	2.72e-10
 1.11195e+19	1.00e+00	2.79e-05	1.77e-10
 1.14615e+19	1.00e+00	2.24e-05	1.15e-10
 1.18118e+19	1.00e+00	1.80e-05	7.41e-11
 1.21697e+19	1.00e+00	1.44e-05	4.80e-11
 1.25358e+19	1.00e+00	1.16e-05	3.11e-11
 1.29111e+19	1.00e+00	9.29e-06	2.01e-11
 1.32966e+19	1.00e+00	7.45e-06	1.30e-11
 1.36938e+19	1.00e+00	5.96e-06	8.37e-12
 1.41035e+19	1.00e+00	4.76e-06	5.38e-12
 1.45263e+19	1.00e+00	3.80e-06	3.45e-12
 1.49631e+19	1.00e+00	3.03e-06	2.20e-12
 1.54163e+19	1.00e+00	2.40e-06	1.40e-12
 1.58861e+19	1.00e+00	1.90e-06	8.83e-13
 1.63736e+19	1.00e+00	1.50e-06	5.54e-13
 1.68829e+19	1.00e+00	1.18e-06	3.45e-13
 1.74180e+19	1.00e+00	9.21e-07	2.12e-13
 1.79838e+19	1.00e+00	7.14e-07	1.29e-13
 1.85881e+19	1.00e+00	5.47e-07	7.62e-14
 1.92370e+19	1.00e+00	4.15e-07	4.43e-14
 1.99438e+19	1.00e+00	3.09e-07	2.48e-14
 2.07210e+19	1.00e+00	2.26e-07	1.34e-14
 2.15498e+19	1.00e+00	1.64e-07	7.13e-15
 2.24118e+19	1.00e+00	1.18e-07	3.78e-15
 2.33083e+19	1.00e+00	8.55e-08	1.99e-15
 2.42406e+19	1.00e+00	6.16e-08	1.05e-15
 2.52103e+19	1.00e+00	4.43e-08	5.47e-16
 2.62183e+19	1.00e+00	3.18e-08	2.86e-16
 2.71602e+19	1.00e+00	2.38e-08	1.62e-16
 2.78996e+19	1.00e+00	1.92e-08	1.06e-16
 2.84563e+19	1.00e+00	1.64e-08	7.72e-17
 2.89360e+19	1.00e+00	1.43e-08	5.88e-17
 2.94162e+19	1.00e+00	1.24e-08	4.49e-17
 2.99083e+19	1.00e+00	1.08e-08	3.43e-17
 3.03480e+19	1.00e+00	9.66e-09	2.74e-17
 3.06647e+19	1.00e+00	8.93e-09	2.35e-17
 3.08667e+19	1.00e+00	8.49e-09	2.13e-17
 3.10092e+19	1.00e+00	8.20e-09	1.99e-17
 3.11447e+19	1.00e+00	7.90e-09	1.85e-17
 3.12813e+19	1.00e+00	7.62e-09	1.72e-17
 3.13942e+19	1.00e+00	7.41e-09	1.64e-17
 3.14810e+19	1.00e+00	7.25e-09	1.57e-17
 3.15428e+19	1.00e+00	7.15e-09	1.52e-17
 3.15799e+19	1.00e+00	7.09e-09	1.50e-17
 3.16061e+19	1.00e+00	7.05e-09	1.48e-17
 3.16341e+19	1.00e+00	7.00e-09	1.46e-17
 3.16658e+19	1.00e+00	6.94e-09	1.44e-17
 3.16946e+19	1.00e+00	6.89e-09	1.42e-17
 3.17188e+19	1.00e+00	6.85e-09	1.40e-17
 3.17429e+19	1.00e+00	6.81e-09	1.38e-17
 3.17688e+19	1.00e+00	6.76e-09	1.37e-17
 3.17929e+19	1.00e+00	6.72e-09	1.35e-17
 3.18136e+19	1.00e+00	6.69e-09	1.34e-17
 3.18332e+19	1.00e+00	6.65e-09	1.32e-17
 3.18537e+19	1.00e+00	6.62e-09	1.31e-17
 3.18732e+19	1.00e+00	6.58e-09	1.30e-17
 3.18915e+19	1.00e+00	6.55e-09	1.29e-17
 3.19096e+19	1.00e+00	6.52e-09	1.27e-17
 3.19253e+19	1.00e+00	6.50e-09	1.26e-17
 3.19400e+19	1.00e+00	6.47e-09	1.26e-17
 3.19562e+19	1.00e+00	6.45e-09	1.25e-17
 3.19731e+19	1.00e+00	6.42e-09	1.23e-17
 3.19890e+19	1.00e+00	6.39e-09	1.22e-17
 3.20039e+19	1.00e+00	6.37e-09	1.22e-17
 3.20181e+19	1.00e+00	6.34e-09	1.21e-17
 3.20329e+19	1.00e+00	6.32e-09	1.20e-17
 3.20465e+19	1.00e+00	6.30e-09	1.19e-17
 3.20599e+19	1.00e+00	6.27e-09	1.18e-17
 3.20761e+19	1.00e+00	6.25e-09	1.17e-17
 3.20914e+19	1.00e+00	6.22e-09	1.16e-17
 3.21047e+19	1.00e+00	6.20e-09	1.16e-17
 3.21173e+19	1.00e+00	6.18e-09	1.15e-17
 3.21312e+19	1.00e+00	6.16e-09	1.14e-17
 3.21466e+19	1.00e+00	6.13e-09	1.13e-17
 3.21607e+19	1.00e+00	6.11e-09	1.12e-17
 3.21736e+19	1.00e+00	6.09e-09	1.12e-17
 3.21874e+19	1.00e+00	6.07e-09	1.11e-17
 3.22021e+19	1.00e+00	6.04e-09	1.10e-17
 3.22189e+19	1.00e+00	6.01e-09	1.09e-17
 3.22369e+19	1.00e+00	5.99e-09	1.08e-17
 3.22521e+19	1.00e+00	5.96e-09	1.07e-17
 3.22652e+19	1.00e+00	5.94e-09	1.07e-17
 3.22787e+19	1.00e+00	5.92e-09	1.06e-17
 3.22953e+19	1.00e+00	5.89e-09	1.05e-17
 3.23135e+19	1.00e+00	5.86e-09	1.04e-17
 3.23302e+19	1.00e+00	5.84e-09	1.03e-17
 3.23456e+19	1.00e+00	5.82e-09	1.03e-17
 3.23613e+19	1.00e+00	5.79e-09	1.02e-17
 3.23800e+19	1.00e+00	5.76e-09	1.01e-17
 3.23999e+19	1.00e+00	5.73e-09	9.97e-18
 3.24181e+19	1.00e+00	5.70e-09	9.89e-18
 3.24357e+19	1.00e+00	5.68e-09	9.80e-18
 3.24546e+19	1.00e+00	5.65e-09	9.71e-18
 3.24749e+19	1.00e+00	5.61e-09	9.61e-18
 3.24962e+19	1.00e+00	5.58e-09	9.50e-18
 3.25178e+19	1.00e+00	5.55e-09	9.40e-18
 3.25394e+19	1.00e+00	5.52e-09	9.30e-18
 3.25610e+19	1.00e+00	5.48e-09	9.20e-18
 3.25824e+19	1.00e+00	5.45e-09	9.11e-18
 3.26057e+19	1.00e+00	5.42e-09	8.99e-18
 3.26329e+19	1.00e+00	5.37e-09	8.87e-18
 3.26603e+19	1.00e+00	5.33e-09	8.75e-18
 3.26851e+19	1.00e+00	5.30e-09	8.64e-18
 3.27096e+19	1.00e+00	5.26e-09	8.54e-18
 3.27365e+19	1.00e+00	5.23e-09	8.43e-18
 3.27648e+19	1.00e+00	5.18e-09	8.30e-18
 3.27941e+19	1.00e+00	5.14e-09	8.18e-18
 3.28250e+19	1.00e+00	5.10e-09	8.05e-18
 3.28563e+19	1.00e+00	5.05e-09	7.93e-18
 3.28875e+19	1.00e+00	5.01e-09	7.81e-18
 3.29183e+19	1.00e+00	4.97e-09	7.69e-18
 3.29504e+19	1.00e+00	4.92e-09	7.56e-18
 3.29861e+19	1.00e+00	4.87e-09	7.42e-18
 3.30239e+19	1.00e+00	4.82e-09	7.28e-18
 3.30594e+19	1.00e+00	4.77e-09	7.15e-18
 3.30933e+19	1.00e+00	4.73e-09	7.04e-18
 3.31334e+19	1.00e+00	4.67e-09	6.89e-18
 3.31792e+19	1.00e+00	4.61e-09	6.73e-18
 3.32224e+19	1.00e+00	4.55e-09	6.58e-18
 3.32631e+19	1.00e+00	4.50e-09	6.45e-18
 3.33068e+19	1.00e+00	4.44e-09	6.31e-18
 3.33558e+19	1.00e+00	4.38e-09	6.14e-18
 3.34071e+19	1.00e+00	4.32e-09	5.99e-18
 3.34574e+19	1.00e+00	4.25e-09	5.84e-18
 3.35087e+19	1.00e+00	4.19e-09	5.68e-18
 3.35641e+19	1.00e+00	4.12e-09	5.52e-18
 3.36231e+19	1.00e+00	4.04e-09	5.35e-18
 3.36831e+19	1.00e+00	3.97e-09	5.19e-18
 3.37440e+19	1.00e+00	3.90e-09	5.03e-18
 3.38084e+19	1.00e+00	3.82e-09	4.86e-18
 3.38763e+19	1.00e+00	3.74e-09	4.69e-18
 3.39444e+19	1.00e+00	3.66e-09	4.52e-18
 3.40134e+19	1.00e+00	3.58e-09	4.36e-18
 3.40818e+19	1.00e+00	3.50e-09	4.20e-18
 3.41483e+19	1.00e+00	3.43e-09	4.06e-18
 3.42141e+19	1.00e+00	3.35e-09	3.91e-18
 3.42804e+19	1.00e+00	3.28e-09	3.77e-18
 3.43454e+19	1.00e+00	3.21e-09	3.64e-18
 3.44074e+19	1.00e+00	3.14e-09	3.52e-18
 3.44698e+19	1.00e+00	3.07e-09	3.39e-18
 3.45356e+19	1.00e+00	2.99e-09	3.26e-18
 3.46011e+19	1.00e+00	2.92e-09	3.14e-18
 3.46630e+19	1.00e+00	2.86e-09	3.03e-18
 3.47229e+19	1.00e+00	2.79e-09	2.92e-18
 3.47823e+19	1.00e+00	2.73e-09	2.83e-18
 3.48412e+19	1.00e+00	2.67e-09	2.72e-18
 3.49012e+19	1.00e+00	2.60e-09	2.63e-18
 3.49632e+19	1.00e+00	2.54e-09	2.53e-18
 3.50261e+19	1.00e+00	2.47e-09	2.43e-18
 3.50887e+19	1.00e+00	2.41e-09	2.34e-18
 3.51502e+19	1.00e+00	2.35e-09	2.25e-18
 3.52101e+19	1.00e+00	2.28e-09	2.16e-18
 3.52686e+19	1.00e+00	2.23e-09	2.08e-18
 3.53268e+19	1.00e+00	2.17e-09	2.00e-18
 3.53859e+19	1.00e+00	2.11e-09	1.92e-18
 3.54472e+19	1.00e+00	2.05e-09	1.84e-18
 3.55082e+19	1.00e+00	1.99e-09	1.76e-18
 3.55670e+19	1.00e+00	1.93e-09	1.69e-18
 3.56235e+19	1.00e+00	1.87e-09	1.62e-18
 3.56789e+19	1.00e+00	1.82e-09	1.56e-18
 3.57367e+19	1.00e+00	1.77e-09	1.49e-18
 3.57973e+19	1.00e+00	1.71e-09	1.43e-18
 3.58570e+19	1.00e+00	1.65e-09	1.36e-18
 3.59134e+19	1.00e+00	1.60e-09	1.30e-18
 3.59672e+19	1.00e+00	1.55e-09	1.25e-18
 3.60207e+19	1.00e+00	1.50e-09	1.19e-18
 3.60775e+19	1.00e+00	1.45e-09	1.14e-18
 3.61367e+19	1.00e+00	1.40e-09	1.09e-18
 3.61951e+19	1.00e+00	1.35e-09	1.03e-18
 3.62506e+19	1.00e+00	1.30e-09	9.85e-19
 3.63034e+19	1.00e+00	1.26e-09	9.38e-19
 3.63552e+19	1.00e+00	1.21e-09	8.96e-19
 3.64072e+19	1.00e+00	1.17e-09	8.56e-19
 3.64631e+19	1.00e+00	1.13e-09	8.13e-19
 3.65232e+19	1.00e+00	1.08e-09	7.68e-19
 3.65814e+19	1.00e+00	1.04e-09	7.27e-19
 3.66342e+19	1.00e+00	9.97e-10	6.90e-19
 3.66835e+19	1.00e+00	9.59e-10	6.57e-19
 3.67327e+19	1.00e+00	9.24e-10	6.26e-19
 3.67864e+19	1.00e+00	8.88e-10	5.94e-19
 3.68452e+19	1.00e+00	8.48e-10	5.59e-19
 3.69028e+19	1.00e+00	8.09e-10	5.26e-19
 3.69549e+19	1.00e+00	7.73e-10	4.97e-19
 3.70027e+19	1.00e+00	7.43e-10	4.72e-19
 3.70504e+19	1.00e+00	7.14e-10	4.48e-19
 3.71035e+19	1.00e+00	6.83e-10	4.24e-19
 3.71614e+19	1.00e+00	6.50e-10	3.98e-19
