#depth	N	N+	N+2	N+3	N+4	N+5	N+6	N+7
 1.49634e+10	0.00e+00	0.00e+00	0.00e+00	1.02e-26	5.46e-15	1.10e-02	9.57e-01	3.23e-02
 4.54887e+10	0.00e+00	0.00e+00	4.73e-39	1.29e-26	6.42e-15	1.19e-02	9.58e-01	2.99e-02
 7.72350e+10	0.00e+00	0.00e+00	0.00e+00	1.64e-26	7.55e-15	1.30e-02	9.59e-01	2.77e-02
 1.10251e+11	0.00e+00	0.00e+00	8.93e-39	2.09e-26	8.87e-15	1.41e-02	9.60e-01	2.56e-02
 1.43268e+11	0.00e+00	0.00e+00	0.00e+00	2.63e-26	1.04e-14	1.53e-02	9.61e-01	2.38e-02
 1.77606e+11	0.00e+00	0.00e+00	1.65e-38	3.31e-26	1.21e-14	1.65e-02	9.61e-01	2.21e-02
 2.14637e+11	0.00e+00	0.00e+00	0.00e+00	4.21e-26	1.42e-14	1.80e-02	9.62e-01	2.04e-02
 2.53149e+11	0.00e+00	0.00e+00	3.11e-38	5.35e-26	1.67e-14	1.95e-02	9.62e-01	1.89e-02
 2.93202e+11	0.00e+00	0.00e+00	0.00e+00	6.79e-26	1.96e-14	2.12e-02	9.61e-01	1.74e-02
 3.34857e+11	0.00e+00	0.00e+00	5.87e-38	8.62e-26	2.30e-14	2.30e-02	9.61e-01	1.61e-02
 3.78178e+11	0.00e+00	0.00e+00	0.00e+00	1.09e-25	2.70e-14	2.49e-02	9.60e-01	1.49e-02
 4.23232e+11	0.00e+00	0.00e+00	1.11e-37	1.39e-25	3.17e-14	2.70e-02	9.59e-01	1.37e-02
 4.70088e+11	0.00e+00	0.00e+00	0.00e+00	1.76e-25	3.71e-14	2.93e-02	9.58e-01	1.27e-02
 5.18818e+11	0.00e+00	0.00e+00	2.08e-37	2.23e-25	4.35e-14	3.18e-02	9.57e-01	1.17e-02
 5.69498e+11	0.00e+00	0.00e+00	0.00e+00	2.83e-25	5.10e-14	3.44e-02	9.55e-01	1.08e-02
 6.22204e+11	0.00e+00	0.00e+00	3.91e-37	3.59e-25	5.98e-14	3.73e-02	9.53e-01	9.98e-03
 6.77019e+11	0.00e+00	0.00e+00	0.00e+00	4.55e-25	7.01e-14	4.04e-02	9.50e-01	9.20e-03
 7.34027e+11	0.00e+00	0.00e+00	7.34e-37	5.76e-25	8.20e-14	4.37e-02	9.48e-01	8.48e-03
 7.93315e+11	0.00e+00	0.00e+00	0.00e+00	7.29e-25	9.60e-14	4.73e-02	9.45e-01	7.82e-03
 8.54974e+11	0.00e+00	0.00e+00	1.38e-36	9.22e-25	1.12e-13	5.12e-02	9.42e-01	7.20e-03
 9.19100e+11	0.00e+00	0.00e+00	0.00e+00	1.17e-24	1.31e-13	5.53e-02	9.38e-01	6.64e-03
 9.85791e+11	0.00e+00	0.00e+00	2.57e-36	1.47e-24	1.54e-13	5.98e-02	9.34e-01	6.11e-03
 1.05515e+12	0.00e+00	1.08e-48	3.52e-36	1.86e-24	1.79e-13	6.46e-02	9.30e-01	5.62e-03
 1.12728e+12	0.00e+00	0.00e+00	0.00e+00	2.35e-24	2.09e-13	6.97e-02	9.25e-01	5.17e-03
 1.20230e+12	0.00e+00	0.00e+00	6.56e-36	2.97e-24	2.44e-13	7.52e-02	9.20e-01	4.76e-03
 1.28032e+12	0.00e+00	3.48e-48	8.95e-36	3.75e-24	2.85e-13	8.11e-02	9.15e-01	4.37e-03
 1.35930e+12	0.00e+00	0.00e+00	0.00e+00	4.70e-24	3.31e-13	8.72e-02	9.09e-01	4.02e-03
 1.44145e+12	0.00e+00	0.00e+00	1.64e-35	5.88e-24	3.84e-13	9.37e-02	9.03e-01	3.70e-03
 1.52903e+12	0.00e+00	1.09e-47	2.23e-35	7.40e-24	4.47e-13	1.01e-01	8.96e-01	3.40e-03
 1.62012e+12	0.00e+00	0.00e+00	0.00e+00	9.31e-24	5.20e-13	1.08e-01	8.88e-01	3.11e-03
 1.71485e+12	0.00e+00	0.00e+00	4.12e-35	1.17e-23	6.04e-13	1.17e-01	8.81e-01	2.85e-03
 1.81337e+12	0.00e+00	3.47e-47	5.60e-35	1.47e-23	7.02e-13	1.25e-01	8.72e-01	2.61e-03
 1.91583e+12	0.00e+00	0.00e+00	0.00e+00	1.85e-23	8.14e-13	1.34e-01	8.63e-01	2.39e-03
 2.02239e+12	0.00e+00	0.00e+00	1.03e-34	2.31e-23	9.44e-13	1.44e-01	8.54e-01	2.19e-03
 2.13322e+12	0.00e+00	1.10e-46	1.40e-34	2.90e-23	1.09e-12	1.54e-01	8.44e-01	2.00e-03
 2.24847e+12	0.00e+00	0.00e+00	0.00e+00	3.63e-23	1.27e-12	1.65e-01	8.33e-01	1.82e-03
 2.36834e+12	0.00e+00	0.00e+00	2.56e-34	4.54e-23	1.46e-12	1.76e-01	8.22e-01	1.66e-03
 2.49300e+12	0.00e+00	3.43e-46	3.46e-34	5.67e-23	1.69e-12	1.88e-01	8.10e-01	1.52e-03
 2.62264e+12	0.00e+00	0.00e+00	0.00e+00	7.08e-23	1.95e-12	2.01e-01	7.98e-01	1.38e-03
 2.75748e+12	0.00e+00	0.00e+00	6.29e-34	8.82e-23	2.25e-12	2.14e-01	7.85e-01	1.26e-03
 2.88576e+12	0.00e+00	1.03e-45	8.26e-34	1.08e-22	2.55e-12	2.26e-01	7.72e-01	1.15e-03
 3.00276e+12	0.00e+00	0.00e+00	0.00e+00	1.29e-22	2.86e-12	2.38e-01	7.61e-01	1.06e-03
 3.13492e+12	0.00e+00	0.00e+00	1.36e-33	1.56e-22	3.23e-12	2.51e-01	7.48e-01	9.75e-04
 3.28877e+12	0.00e+00	2.81e-45	1.82e-33	1.93e-22	3.70e-12	2.66e-01	7.33e-01	8.84e-04
 3.43868e+12	0.00e+00	0.00e+00	0.00e+00	2.36e-22	4.21e-12	2.81e-01	7.18e-01	8.06e-04
 3.57812e+12	0.00e+00	0.00e+00	3.06e-33	2.82e-22	4.71e-12	2.94e-01	7.05e-01	7.40e-04
 3.73470e+12	0.00e+00	7.56e-45	3.98e-33	3.41e-22	5.31e-12	3.10e-01	6.90e-01	6.75e-04
 3.91402e+12	0.00e+00	0.00e+00	0.00e+00	4.22e-22	6.07e-12	3.27e-01	6.73e-01	6.08e-04
 4.09055e+12	0.00e+00	0.00e+00	6.99e-33	5.14e-22	6.87e-12	3.44e-01	6.56e-01	5.51e-04
 4.27414e+12	0.00e+00	2.19e-44	9.17e-33	6.27e-22	7.77e-12	3.61e-01	6.39e-01	4.98e-04
 4.47503e+12	0.00e+00	0.00e+00	0.00e+00	7.71e-22	8.84e-12	3.79e-01	6.20e-01	4.47e-04
 4.67721e+12	0.00e+00	0.00e+00	1.61e-32	9.40e-22	9.99e-12	3.97e-01	6.02e-01	4.02e-04
 4.88749e+12	0.00e+00	6.34e-44	2.11e-32	1.15e-21	1.13e-11	4.16e-01	5.84e-01	3.61e-04
 5.10733e+12	0.00e+00	0.00e+00	0.00e+00	1.40e-21	1.27e-11	4.35e-01	5.65e-01	3.24e-04
 5.32549e+12	0.00e+00	0.00e+00	3.61e-32	1.68e-21	1.43e-11	4.53e-01	5.47e-01	2.91e-04
 5.55796e+12	0.00e+00	1.77e-43	4.71e-32	2.04e-21	1.60e-11	4.72e-01	5.28e-01	2.61e-04
 5.81021e+12	0.00e+00	0.00e+00	0.00e+00	2.48e-21	1.81e-11	4.92e-01	5.08e-01	2.32e-04
 6.07254e+12	0.00e+00	0.00e+00	8.17e-32	3.02e-21	2.03e-11	5.11e-01	4.89e-01	2.06e-04
 6.34537e+12	0.00e+00	5.11e-43	1.07e-31	3.67e-21	2.28e-11	5.31e-01	4.69e-01	1.83e-04
 6.61907e+12	0.00e+00	0.00e+00	0.00e+00	4.43e-21	2.55e-11	5.50e-01	4.50e-01	1.63e-04
 6.90371e+12	0.00e+00	0.00e+00	1.81e-31	5.33e-21	2.85e-11	5.69e-01	4.31e-01	1.45e-04
 7.20979e+12	0.00e+00	1.42e-42	2.37e-31	6.45e-21	3.18e-11	5.88e-01	4.12e-01	1.28e-04
 7.52810e+12	0.00e+00	0.00e+00	3.10e-31	7.79e-21	3.55e-11	6.07e-01	3.93e-01	1.13e-04
 7.85916e+12	0.00e+00	2.83e-42	4.04e-31	9.39e-21	3.96e-11	6.25e-01	3.74e-01	9.93e-05
 8.20345e+12	0.00e+00	0.00e+00	5.26e-31	1.13e-20	4.41e-11	6.44e-01	3.56e-01	8.73e-05
 8.56151e+12	0.00e+00	5.61e-42	6.85e-31	1.36e-20	4.90e-11	6.62e-01	3.38e-01	7.67e-05
 8.93390e+12	0.00e+00	0.00e+00	8.89e-31	1.63e-20	5.44e-11	6.79e-01	3.21e-01	6.72e-05
 9.32118e+12	0.00e+00	1.11e-41	1.15e-30	1.96e-20	6.04e-11	6.96e-01	3.04e-01	5.89e-05
 9.72396e+12	0.00e+00	0.00e+00	1.50e-30	2.35e-20	6.68e-11	7.12e-01	2.88e-01	5.15e-05
 1.01428e+13	0.00e+00	2.17e-41	1.93e-30	2.81e-20	7.39e-11	7.28e-01	2.72e-01	4.50e-05
 1.05697e+13	0.00e+00	0.00e+00	2.49e-30	3.34e-20	8.15e-11	7.43e-01	2.57e-01	3.93e-05
 1.10137e+13	0.00e+00	4.19e-41	3.20e-30	3.98e-20	8.97e-11	7.58e-01	2.42e-01	3.44e-05
 1.14841e+13	0.00e+00	0.00e+00	4.12e-30	4.74e-20	9.89e-11	7.72e-01	2.28e-01	2.99e-05
 1.19734e+13	0.00e+00	8.14e-41	5.31e-30	5.65e-20	1.09e-10	7.85e-01	2.15e-01	2.60e-05
 1.24823e+13	0.00e+00	0.00e+00	6.84e-30	6.72e-20	1.20e-10	7.98e-01	2.02e-01	2.26e-05
 1.30115e+13	0.00e+00	1.58e-40	8.79e-30	7.99e-20	1.32e-10	8.11e-01	1.89e-01	1.96e-05
 1.35054e+13	0.00e+00	0.00e+00	1.10e-29	9.32e-20	1.43e-10	8.21e-01	1.79e-01	1.72e-05
 1.39407e+13	0.00e+00	2.73e-40	1.33e-29	1.06e-19	1.54e-10	8.30e-01	1.70e-01	1.54e-05
 1.44265e+13	0.00e+00	0.00e+00	1.64e-29	1.22e-19	1.66e-10	8.39e-01	1.61e-01	1.37e-05
 1.50101e+13	0.00e+00	4.90e-40	2.08e-29	1.44e-19	1.81e-10	8.49e-01	1.51e-01	1.19e-05
 1.55967e+13	0.00e+00	0.00e+00	2.63e-29	1.69e-19	1.97e-10	8.58e-01	1.42e-01	1.04e-05
 1.61359e+13	0.00e+00	8.71e-40	3.22e-29	1.94e-19	2.12e-10	8.66e-01	1.34e-01	9.20e-06
 1.67373e+13	0.00e+00	0.00e+00	4.02e-29	2.26e-19	2.29e-10	8.74e-01	1.26e-01	8.06e-06
 1.74338e+13	0.00e+00	1.61e-39	5.13e-29	2.66e-19	2.51e-10	8.82e-01	1.18e-01	6.96e-06
 1.81149e+13	0.00e+00	0.00e+00	6.46e-29	3.12e-19	2.72e-10	8.90e-01	1.10e-01	6.05e-06
 1.87605e+13	0.00e+00	2.88e-39	7.98e-29	3.59e-19	2.93e-10	8.96e-01	1.04e-01	5.32e-06
 1.94781e+13	0.00e+00	0.00e+00	9.99e-29	4.19e-19	3.18e-10	9.03e-01	9.71e-02	4.64e-06
 2.02872e+13	0.00e+00	5.36e-39	1.28e-28	4.94e-19	3.47e-10	9.10e-01	9.04e-02	3.99e-06
 2.11007e+13	0.00e+00	0.00e+00	1.62e-28	5.80e-19	3.77e-10	9.16e-01	8.43e-02	3.45e-06
 2.19469e+13	0.00e+00	1.00e-38	2.05e-28	6.80e-19	4.09e-10	9.21e-01	7.85e-02	2.97e-06
 2.28547e+13	0.00e+00	0.00e+00	2.61e-28	8.02e-19	4.46e-10	9.27e-01	7.30e-02	2.55e-06
 2.37988e+13	0.00e+00	1.91e-38	3.33e-28	9.45e-19	4.85e-10	9.32e-01	6.78e-02	2.19e-06
 2.47807e+13	0.00e+00	0.00e+00	4.25e-28	1.11e-18	5.28e-10	9.37e-01	6.30e-02	1.88e-06
 2.58018e+13	0.00e+00	3.63e-38	5.41e-28	1.31e-18	5.74e-10	9.42e-01	5.84e-02	1.61e-06
 2.68638e+13	0.00e+00	0.00e+00	6.90e-28	1.54e-18	6.24e-10	9.46e-01	5.42e-02	1.38e-06
 2.79683e+13	0.00e+00	6.92e-38	8.80e-28	1.82e-18	6.79e-10	9.50e-01	5.03e-02	1.18e-06
 2.91169e+13	0.00e+00	0.00e+00	1.12e-27	2.14e-18	7.38e-10	9.53e-01	4.66e-02	1.01e-06
 3.03115e+13	0.00e+00	1.32e-37	1.43e-27	2.52e-18	8.02e-10	9.57e-01	4.32e-02	8.67e-07
 3.15539e+13	0.00e+00	0.00e+00	1.82e-27	2.97e-18	8.72e-10	9.60e-01	4.00e-02	0.00e+00
 3.28460e+13	0.00e+00	2.51e-37	2.32e-27	3.50e-18	9.47e-10	9.63e-01	3.71e-02	0.00e+00
 3.41062e+13	0.00e+00	0.00e+00	2.92e-27	4.07e-18	1.02e-09	9.66e-01	3.45e-02	0.00e+00
 3.53035e+13	0.00e+00	4.48e-37	3.60e-27	4.69e-18	1.10e-09	9.68e-01	3.23e-02	0.00e+00
 3.66323e+13	0.00e+00	0.00e+00	4.50e-27	5.45e-18	1.19e-09	9.70e-01	3.00e-02	0.00e+00
 3.80836e+13	0.00e+00	8.26e-37	5.70e-27	6.39e-18	1.29e-09	9.72e-01	2.78e-02	0.00e+00
 3.94825e+13	0.00e+00	0.00e+00	7.11e-27	7.41e-18	1.39e-09	9.74e-01	2.59e-02	0.00e+00
 4.09814e+13	0.00e+00	1.49e-36	8.92e-27	8.63e-18	1.50e-09	9.76e-01	2.41e-02	0.00e+00
 4.26506e+13	3.73e-47	2.07e-36	1.14e-26	1.02e-17	1.63e-09	9.78e-01	2.23e-02	0.00e+00
 4.43333e+13	0.00e+00	0.00e+00	1.44e-26	1.19e-17	1.76e-09	9.79e-01	2.06e-02	0.00e+00
 4.60833e+13	0.00e+00	3.88e-36	1.83e-26	1.40e-17	1.91e-09	9.81e-01	1.91e-02	0.00e+00
 4.79565e+13	1.23e-46	5.38e-36	2.34e-26	1.65e-17	2.08e-09	9.82e-01	1.76e-02	0.00e+00
 4.99047e+13	0.00e+00	0.00e+00	3.00e-26	1.95e-17	2.26e-09	9.84e-01	1.63e-02	0.00e+00
 5.19308e+13	0.00e+00	1.03e-35	3.83e-26	2.30e-17	2.45e-09	9.85e-01	1.50e-02	0.00e+00
 5.40380e+13	4.17e-46	1.43e-35	4.91e-26	2.72e-17	2.67e-09	9.86e-01	1.38e-02	0.00e+00
 5.62294e+13	0.00e+00	0.00e+00	6.29e-26	3.21e-17	2.90e-09	9.87e-01	1.28e-02	0.00e+00
 5.85085e+13	0.00e+00	2.77e-35	8.06e-26	3.79e-17	3.15e-09	9.88e-01	1.18e-02	0.00e+00
 6.08788e+13	1.43e-45	3.85e-35	1.03e-25	4.48e-17	3.43e-09	9.89e-01	1.08e-02	0.00e+00
 6.31035e+13	0.00e+00	0.00e+00	1.30e-25	5.22e-17	3.70e-09	9.90e-01	1.01e-02	0.00e+00
 6.50862e+13	0.00e+00	6.71e-35	1.57e-25	5.95e-17	3.96e-09	9.91e-01	9.44e-03	0.00e+00
 6.73090e+13	4.06e-45	8.90e-35	1.95e-25	6.87e-17	4.25e-09	9.91e-01	8.80e-03	0.00e+00
 6.99516e+13	0.00e+00	0.00e+00	2.49e-25	8.10e-17	4.62e-09	9.92e-01	8.12e-03	0.00e+00
 7.26013e+13	0.00e+00	1.68e-34	3.16e-25	9.52e-17	5.00e-09	9.92e-01	7.51e-03	0.00e+00
 7.50802e+13	1.28e-44	2.23e-34	3.91e-25	1.10e-16	5.38e-09	9.93e-01	6.99e-03	0.00e+00
 7.78366e+13	0.00e+00	0.00e+00	4.93e-25	1.29e-16	5.82e-09	9.94e-01	6.47e-03	0.00e+00
 8.09799e+13	0.00e+00	4.25e-34	6.36e-25	1.53e-16	6.34e-09	9.94e-01	5.95e-03	0.00e+00
 8.41013e+13	4.25e-44	5.87e-34	8.13e-25	1.80e-16	6.89e-09	9.95e-01	5.49e-03	0.00e+00
 8.73475e+13	0.00e+00	0.00e+00	1.04e-24	2.13e-16	7.50e-09	9.95e-01	5.05e-03	0.00e+00
 9.08713e+13	0.00e+00	1.14e-33	1.35e-24	2.54e-16	8.18e-09	9.95e-01	4.64e-03	0.00e+00
 9.44558e+13	1.47e-43	1.59e-33	1.74e-24	3.02e-16	8.92e-09	9.96e-01	4.26e-03	0.00e+00
 9.77730e+13	0.00e+00	0.00e+00	2.18e-24	3.52e-16	9.64e-09	9.96e-01	3.95e-03	0.00e+00
 1.00795e+14	0.00e+00	2.79e-33	2.66e-24	4.03e-16	1.03e-08	9.96e-01	3.69e-03	0.00e+00
 1.04229e+14	4.24e-43	3.74e-33	3.32e-24	4.69e-16	1.11e-08	9.97e-01	3.43e-03	0.00e+00
 1.08308e+14	0.00e+00	0.00e+00	4.29e-24	5.58e-16	1.22e-08	9.97e-01	3.15e-03	0.00e+00
 1.12367e+14	0.00e+00	7.21e-33	5.48e-24	6.60e-16	1.32e-08	9.97e-01	2.90e-03	0.00e+00
 1.16117e+14	1.37e-42	9.61e-33	6.83e-24	7.68e-16	1.43e-08	9.97e-01	2.69e-03	0.00e+00
 1.20321e+14	0.00e+00	0.00e+00	8.67e-24	9.04e-16	1.55e-08	9.98e-01	2.48e-03	0.00e+00
 1.25163e+14	0.00e+00	1.86e-32	1.13e-23	1.08e-15	1.70e-08	9.98e-01	2.27e-03	0.00e+00
 1.29888e+14	4.64e-42	2.57e-32	1.45e-23	1.29e-15	1.85e-08	9.98e-01	2.08e-03	0.00e+00
 1.34382e+14	0.00e+00	0.00e+00	1.83e-23	1.51e-15	2.01e-08	9.98e-01	1.92e-03	0.00e+00
 1.39367e+14	0.00e+00	4.79e-32	2.34e-23	1.79e-15	2.19e-08	9.98e-01	1.77e-03	0.00e+00
 1.44971e+14	1.54e-41	6.79e-32	3.06e-23	2.16e-15	2.40e-08	9.98e-01	1.61e-03	0.00e+00
 1.50582e+14	0.00e+00	0.00e+00	3.97e-23	2.58e-15	2.63e-08	9.99e-01	1.47e-03	0.00e+00
 1.56417e+14	0.00e+00	1.33e-31	5.14e-23	3.09e-15	2.89e-08	9.99e-01	1.35e-03	0.00e+00
 1.62534e+14	5.36e-41	1.86e-31	6.68e-23	3.71e-15	3.17e-08	9.99e-01	1.23e-03	0.00e+00
 1.68592e+14	0.00e+00	2.57e-31	8.58e-23	4.42e-15	3.47e-08	9.99e-01	1.13e-03	0.00e+00
 1.75062e+14	1.20e-40	3.58e-31	1.11e-22	5.29e-15	3.80e-08	9.99e-01	1.03e-03	0.00e+00
 1.82095e+14	0.00e+00	5.06e-31	1.45e-22	6.39e-15	4.19e-08	9.99e-01	9.34e-04	0.00e+00
 1.89408e+14	2.80e-40	7.14e-31	1.90e-22	7.73e-15	4.62e-08	9.99e-01	8.49e-04	0.00e+00
 1.97015e+14	0.00e+00	1.01e-30	2.48e-22	9.34e-15	5.10e-08	9.99e-01	7.71e-04	0.00e+00
 2.04925e+14	6.46e-40	1.41e-30	3.24e-22	1.13e-14	5.63e-08	9.99e-01	7.00e-04	0.00e+00
 2.12087e+14	0.00e+00	1.90e-30	4.09e-22	1.33e-14	6.13e-08	9.99e-01	6.43e-04	0.00e+00
 2.18071e+14	1.24e-39	2.41e-30	4.93e-22	1.52e-14	6.58e-08	9.99e-01	6.01e-04	0.00e+00
 2.24636e+14	0.00e+00	3.10e-30	6.02e-22	1.76e-14	7.09e-08	9.99e-01	5.58e-04	0.00e+00
 2.32928e+14	2.45e-39	4.22e-30	7.66e-22	2.09e-14	7.77e-08	9.99e-01	5.11e-04	0.00e+00
 2.41572e+14	0.00e+00	5.73e-30	9.76e-22	2.49e-14	8.52e-08	1.00e+00	4.67e-04	0.00e+00
 2.48922e+14	4.83e-39	7.35e-30	1.19e-21	2.87e-14	9.19e-08	1.00e+00	4.33e-04	0.00e+00
 2.56486e+14	0.00e+00	9.42e-30	1.45e-21	3.31e-14	9.91e-08	1.00e+00	4.02e-04	0.00e+00
 2.65991e+14	9.39e-39	1.27e-29	1.83e-21	3.93e-14	1.09e-07	1.00e+00	3.68e-04	0.00e+00
 2.75672e+14	0.00e+00	1.70e-29	2.31e-21	4.65e-14	1.19e-07	1.00e+00	3.37e-04	0.00e+00
 2.84063e+14	1.79e-38	2.16e-29	2.80e-21	5.35e-14	1.28e-07	1.00e+00	3.13e-04	0.00e+00
 2.93125e+14	0.00e+00	2.78e-29	3.43e-21	6.20e-14	1.39e-07	1.00e+00	2.90e-04	0.00e+00
 3.04227e+14	3.48e-38	3.74e-29	4.34e-21	7.36e-14	1.52e-07	1.00e+00	2.64e-04	0.00e+00
 3.15588e+14	0.00e+00	5.00e-29	5.46e-21	8.72e-14	1.67e-07	1.00e+00	2.42e-04	0.00e+00
 3.26007e+14	6.73e-38	6.45e-29	6.70e-21	1.01e-13	1.81e-07	1.00e+00	2.23e-04	0.00e+00
 3.37591e+14	0.00e+00	8.47e-29	8.32e-21	1.19e-13	1.97e-07	1.00e+00	2.05e-04	0.00e+00
 3.51037e+14	1.35e-37	1.15e-28	1.06e-20	1.41e-13	2.17e-07	1.00e+00	1.87e-04	0.00e+00
 3.64280e+14	0.00e+00	1.52e-28	1.33e-20	1.67e-13	2.37e-07	1.00e+00	1.71e-04	0.00e+00
 3.76905e+14	2.61e-37	1.98e-28	1.64e-20	1.95e-13	2.58e-07	1.00e+00	1.58e-04	0.00e+00
 3.90863e+14	0.00e+00	2.61e-28	2.04e-20	2.29e-13	2.81e-07	1.00e+00	1.45e-04	0.00e+00
 4.06528e+14	5.22e-37	3.51e-28	2.59e-20	2.72e-13	3.09e-07	1.00e+00	1.32e-04	0.00e+00
 4.22260e+14	0.00e+00	4.67e-28	3.25e-20	3.21e-13	3.38e-07	1.00e+00	1.21e-04	0.00e+00
 4.36282e+14	9.94e-37	5.97e-28	3.95e-20	3.71e-13	3.66e-07	1.00e+00	1.12e-04	0.00e+00
 4.48080e+14	0.00e+00	7.29e-28	4.63e-20	4.16e-13	3.90e-07	1.00e+00	1.05e-04	0.00e+00
 4.60782e+14	1.63e-36	8.99e-28	5.47e-20	4.70e-13	4.16e-07	1.00e+00	9.83e-05	0.00e+00
 4.77295e+14	0.00e+00	1.17e-27	6.74e-20	5.47e-13	4.52e-07	1.00e+00	9.06e-05	0.00e+00
 4.94580e+14	3.09e-36	1.52e-27	8.32e-20	6.37e-13	4.92e-07	1.00e+00	8.35e-05	0.00e+00
 5.09366e+14	0.00e+00	1.90e-27	9.90e-20	7.23e-13	5.27e-07	1.00e+00	7.80e-05	0.00e+00
 5.25085e+14	5.28e-36	2.37e-27	1.18e-19	8.23e-13	5.65e-07	1.00e+00	7.27e-05	0.00e+00
 5.44665e+14	0.00e+00	3.11e-27	1.47e-19	9.62e-13	6.15e-07	1.00e+00	6.69e-05	0.00e+00
 5.64775e+14	1.01e-35	4.07e-27	1.81e-19	1.12e-12	6.69e-07	1.00e+00	6.16e-05	0.00e+00
 5.82757e+14	0.00e+00	5.13e-27	2.18e-19	1.28e-12	7.19e-07	1.00e+00	5.73e-05	0.00e+00
 6.02458e+14	1.81e-35	6.55e-27	2.65e-19	1.47e-12	7.76e-07	1.00e+00	5.32e-05	0.00e+00
 6.24023e+14	0.00e+00	8.50e-27	3.25e-19	1.71e-12	8.41e-07	1.00e+00	4.91e-05	0.00e+00
 6.43696e+14	3.27e-35	1.07e-26	3.89e-19	1.94e-12	9.03e-07	1.00e+00	4.58e-05	0.00e+00
 6.64957e+14	0.00e+00	1.36e-26	4.71e-19	2.23e-12	9.72e-07	1.00e+00	4.26e-05	0.00e+00
 6.88778e+14	6.00e-35	1.76e-26	5.78e-19	2.58e-12	1.05e-06	1.00e+00	3.94e-05	0.00e+00
 7.11296e+14	0.00e+00	2.23e-26	6.97e-19	2.95e-12	1.13e-06	1.00e+00	3.66e-05	0.00e+00
 7.35938e+14	1.09e-34	2.87e-26	8.49e-19	3.39e-12	1.22e-06	1.00e+00	3.40e-05	0.00e+00
 7.63251e+14	0.00e+00	3.77e-26	1.05e-18	3.94e-12	1.32e-06	1.00e+00	3.14e-05	0.00e+00
 7.88707e+14	2.04e-34	4.81e-26	1.27e-18	4.51e-12	1.42e-06	1.00e+00	2.92e-05	0.00e+00
 8.16471e+14	0.00e+00	6.22e-26	1.56e-18	5.20e-12	1.54e-06	1.00e+00	2.71e-05	0.00e+00
 8.47538e+14	3.93e-34	8.23e-26	1.93e-18	6.07e-12	1.67e-06	1.00e+00	2.50e-05	0.00e+00
 8.76991e+14	0.00e+00	1.06e-25	2.36e-18	6.98e-12	1.80e-06	1.00e+00	2.32e-05	0.00e+00
 9.08905e+14	7.47e-34	1.39e-25	2.91e-18	8.07e-12	1.94e-06	1.00e+00	2.15e-05	0.00e+00
 9.44442e+14	0.00e+00	1.86e-25	3.64e-18	9.44e-12	2.11e-06	1.00e+00	1.98e-05	0.00e+00
 9.78719e+14	1.49e-33	2.44e-25	4.49e-18	1.09e-11	2.28e-06	1.00e+00	1.83e-05	0.00e+00
 1.01522e+15	0.00e+00	3.22e-25	5.56e-18	1.27e-11	2.46e-06	1.00e+00	1.70e-05	0.00e+00
 1.05585e+15	3.02e-33	4.34e-25	7.00e-18	1.48e-11	2.67e-06	1.00e+00	1.56e-05	0.00e+00
 1.09675e+15	0.00e+00	5.81e-25	8.76e-18	1.73e-11	2.90e-06	1.00e+00	1.44e-05	0.00e+00
 1.13929e+15	6.21e-33	7.78e-25	1.10e-17	2.02e-11	3.14e-06	1.00e+00	1.33e-05	0.00e+00
 1.18489e+15	0.00e+00	1.05e-24	1.38e-17	2.37e-11	3.41e-06	1.00e+00	1.23e-05	0.00e+00
 1.23232e+15	1.32e-32	1.43e-24	1.74e-17	2.77e-11	3.70e-06	1.00e+00	1.13e-05	0.00e+00
 1.27785e+15	0.00e+00	1.90e-24	2.16e-17	3.21e-11	3.98e-06	1.00e+00	1.05e-05	0.00e+00
 1.32005e+15	2.56e-32	2.44e-24	2.62e-17	3.66e-11	4.26e-06	1.00e+00	9.81e-06	0.00e+00
 1.35985e+15	0.00e+00	3.08e-24	3.13e-17	4.12e-11	4.53e-06	1.00e+00	9.23e-06	0.00e+00
 1.40347e+15	4.64e-32	3.95e-24	3.77e-17	4.68e-11	4.83e-06	1.00e+00	8.66e-06	0.00e+00
 1.45213e+15	0.00e+00	5.16e-24	4.62e-17	5.36e-11	5.18e-06	1.00e+00	8.07e-06	0.00e+00
 1.49812e+15	8.80e-32	6.60e-24	5.56e-17	6.08e-11	5.52e-06	1.00e+00	7.58e-06	0.00e+00
 1.54865e+15	0.00e+00	8.57e-24	6.78e-17	6.94e-11	5.90e-06	1.00e+00	7.09e-06	0.00e+00
 1.60530e+15	1.74e-31	1.14e-23	8.40e-17	8.02e-11	6.35e-06	1.00e+00	6.59e-06	0.00e+00
 1.65814e+15	2.40e-31	1.47e-23	1.02e-16	9.13e-11	6.78e-06	1.00e+00	6.17e-06	0.00e+00
 1.70754e+15	3.21e-31	1.86e-23	1.22e-16	1.03e-10	7.19e-06	1.00e+00	5.82e-06	0.00e+00
 1.76423e+15	4.44e-31	2.41e-23	1.48e-16	1.17e-10	7.68e-06	1.00e+00	5.45e-06	0.00e+00
 1.82830e+15	6.33e-31	3.21e-23	1.83e-16	1.35e-10	8.25e-06	1.00e+00	5.07e-06	0.00e+00
 1.88964e+15	8.81e-31	4.18e-23	2.23e-16	1.54e-10	8.81e-06	1.00e+00	4.75e-06	0.00e+00
 1.95704e+15	1.25e-30	5.53e-23	2.75e-16	1.77e-10	9.45e-06	1.00e+00	4.43e-06	0.00e+00
 2.03133e+15	1.82e-30	7.45e-23	3.44e-16	2.06e-10	1.02e-05	1.00e+00	4.11e-06	0.00e+00
 2.09995e+15	2.54e-30	9.73e-23	4.20e-16	2.35e-10	1.09e-05	1.00e+00	3.85e-06	0.00e+00
 2.17457e+15	3.60e-30	1.29e-22	5.18e-16	2.70e-10	1.17e-05	1.00e+00	3.59e-06	0.00e+00
 2.25823e+15	5.26e-30	1.74e-22	6.50e-16	3.14e-10	1.26e-05	1.00e+00	3.33e-06	0.00e+00
 2.33764e+15	7.45e-30	2.30e-22	8.00e-16	3.60e-10	1.35e-05	1.00e+00	3.11e-06	0.00e+00
 2.42309e+15	1.07e-29	3.07e-22	9.93e-16	4.16e-10	1.45e-05	1.00e+00	2.89e-06	0.00e+00
 2.51778e+15	1.57e-29	4.18e-22	1.25e-15	4.84e-10	1.56e-05	1.00e+00	2.68e-06	0.00e+00
 2.60912e+15	2.25e-29	5.57e-22	1.55e-15	5.59e-10	1.67e-05	1.00e+00	2.50e-06	0.00e+00
 2.70638e+15	3.25e-29	7.47e-22	1.93e-15	6.46e-10	1.80e-05	1.00e+00	2.32e-06	0.00e+00
 2.81467e+15	4.83e-29	1.02e-21	2.44e-15	7.56e-10	1.95e-05	1.00e+00	2.15e-06	0.00e+00
 2.92303e+15	7.06e-29	1.39e-21	3.07e-15	8.79e-10	2.10e-05	1.00e+00	1.99e-06	0.00e+00
 3.03573e+15	1.03e-28	1.88e-21	3.85e-15	1.02e-09	2.26e-05	1.00e+00	1.85e-06	0.00e+00
 3.15719e+15	1.53e-28	2.58e-21	4.87e-15	1.20e-09	2.45e-05	1.00e+00	1.71e-06	0.00e+00
 3.28351e+15	2.27e-28	3.53e-21	6.17e-15	1.40e-09	2.64e-05	1.00e+00	1.58e-06	0.00e+00
 3.40585e+15	3.27e-28	4.73e-21	7.68e-15	1.62e-09	2.84e-05	1.00e+00	1.47e-06	0.00e+00
 3.52095e+15	4.57e-28	6.17e-21	9.38e-15	1.85e-09	3.04e-05	1.00e+00	1.38e-06	0.00e+00
 3.64968e+15	6.54e-28	8.22e-21	1.16e-14	2.14e-09	3.27e-05	1.00e+00	1.28e-06	0.00e+00
 3.77975e+15	9.27e-28	1.09e-20	1.44e-14	2.46e-09	3.50e-05	1.00e+00	1.19e-06	0.00e+00
 3.88840e+15	1.23e-27	1.36e-20	1.70e-14	2.75e-09	3.71e-05	1.00e+00	1.13e-06	0.00e+00
 4.00375e+15	1.64e-27	1.72e-20	2.03e-14	3.09e-09	3.93e-05	1.00e+00	1.06e-06	0.00e+00
 4.15035e+15	2.35e-27	2.29e-20	2.51e-14	3.57e-09	4.23e-05	1.00e+00	9.89e-07	0.00e+00
 4.30342e+15	3.36e-27	3.05e-20	3.12e-14	4.13e-09	4.55e-05	1.00e+00	0.00e+00	0.00e+00
 4.43928e+15	4.57e-27	3.90e-20	3.76e-14	4.68e-09	4.84e-05	1.00e+00	0.00e+00	0.00e+00
 4.58688e+15	6.31e-27	5.06e-20	4.57e-14	5.33e-09	5.18e-05	1.00e+00	0.00e+00	0.00e+00
 4.76373e+15	9.14e-27	6.82e-20	5.72e-14	6.21e-09	5.59e-05	1.00e+00	0.00e+00	0.00e+00
 4.94248e+15	1.31e-26	9.12e-20	7.13e-14	7.20e-09	6.03e-05	1.00e+00	0.00e+00	0.00e+00
 5.11034e+15	1.82e-26	1.19e-19	8.70e-14	8.23e-09	6.45e-05	1.00e+00	0.00e+00	0.00e+00
 5.29673e+15	2.58e-26	1.57e-19	1.08e-13	9.50e-09	6.94e-05	1.00e+00	0.00e+00	0.00e+00
 5.49351e+15	3.69e-26	2.09e-19	1.34e-13	1.10e-08	7.48e-05	1.00e+00	0.00e+00	0.00e+00
 5.66824e+15	5.01e-26	2.68e-19	1.61e-13	1.25e-08	7.97e-05	1.00e+00	0.00e+00	0.00e+00
 5.85644e+15	6.88e-26	3.46e-19	1.96e-13	1.42e-08	8.53e-05	1.00e+00	0.00e+00	0.00e+00
 6.08209e+15	9.92e-26	4.64e-19	2.45e-13	1.66e-08	9.22e-05	1.00e+00	0.00e+00	0.00e+00
 6.30432e+15	1.40e-25	6.15e-19	3.03e-13	1.91e-08	9.92e-05	1.00e+00	0.00e+00	0.00e+00
 6.50222e+15	1.90e-25	7.82e-19	3.64e-13	2.17e-08	1.06e-04	1.00e+00	0.00e+00	0.00e+00
 6.72057e+15	2.61e-25	1.01e-18	4.42e-13	2.47e-08	1.13e-04	1.00e+00	0.00e+00	0.00e+00
 6.98088e+15	3.76e-25	1.36e-18	5.54e-13	2.88e-08	1.22e-04	1.00e+00	0.00e+00	0.00e+00
 7.23944e+15	5.34e-25	1.81e-18	6.87e-13	3.34e-08	1.32e-04	1.00e+00	0.00e+00	0.00e+00
 7.47593e+15	7.29e-25	2.32e-18	8.32e-13	3.80e-08	1.41e-04	1.00e+00	0.00e+00	0.00e+00
 7.74004e+15	1.02e-24	3.04e-18	1.02e-12	4.37e-08	1.52e-04	1.00e+00	0.00e+00	0.00e+00
 8.04712e+15	1.48e-24	4.11e-18	1.29e-12	5.11e-08	1.64e-04	1.00e+00	0.00e+00	0.00e+00
 8.34849e+15	2.11e-24	5.47e-18	1.60e-12	5.92e-08	1.77e-04	1.00e+00	0.00e+00	0.00e+00
 8.63337e+15	2.92e-24	7.10e-18	1.95e-12	6.78e-08	1.90e-04	1.00e+00	0.00e+00	0.00e+00
 8.95018e+15	4.12e-24	9.40e-18	2.41e-12	7.83e-08	2.05e-04	1.00e+00	0.00e+00	0.00e+00
 9.30822e+15	6.02e-24	1.28e-17	3.05e-12	9.17e-08	2.22e-04	1.00e+00	0.00e+00	0.00e+00
 9.64815e+15	8.52e-24	1.69e-17	3.77e-12	1.06e-07	2.39e-04	1.00e+00	0.00e+00	0.00e+00
 9.95785e+15	1.16e-23	2.16e-17	4.54e-12	1.20e-07	2.55e-04	1.00e+00	0.00e+00	0.00e+00
 1.03081e+16	1.61e-23	2.82e-17	5.58e-12	1.38e-07	2.74e-04	1.00e+00	0.00e+00	0.00e+00
 1.07162e+16	2.35e-23	3.82e-17	7.02e-12	1.61e-07	2.97e-04	1.00e+00	0.00e+00	0.00e+00
 1.11081e+16	3.33e-23	5.07e-17	8.69e-12	1.87e-07	3.19e-04	1.00e+00	0.00e+00	0.00e+00
 1.14634e+16	4.52e-23	6.48e-17	1.05e-11	2.12e-07	3.41e-04	1.00e+00	0.00e+00	0.00e+00
 1.17973e+16	5.97e-23	8.11e-17	1.24e-11	2.37e-07	3.61e-04	1.00e+00	0.00e+00	0.00e+00
 1.21660e+16	8.05e-23	1.03e-16	1.49e-11	2.69e-07	3.85e-04	1.00e+00	0.00e+00	0.00e+00
 1.25784e+16	1.11e-22	1.34e-16	1.82e-11	3.07e-07	4.12e-04	1.00e+00	0.00e+00	0.00e+00
 1.29688e+16	1.50e-22	1.70e-16	2.18e-11	3.47e-07	4.39e-04	1.00e+00	0.00e+00	0.00e+00
 1.33975e+16	2.06e-22	2.20e-16	2.65e-11	3.96e-07	4.69e-04	1.00e+00	0.00e+00	0.00e+00
 1.38766e+16	2.90e-22	2.89e-16	3.26e-11	4.55e-07	5.04e-04	9.99e-01	0.00e+00	0.00e+00
 1.43282e+16	3.96e-22	3.72e-16	3.95e-11	5.18e-07	5.38e-04	9.99e-01	0.00e+00	0.00e+00
 1.48223e+16	5.51e-22	4.86e-16	4.83e-11	5.93e-07	5.77e-04	9.99e-01	0.00e+00	0.00e+00
 1.53687e+16	7.85e-22	6.45e-16	5.99e-11	6.86e-07	6.21e-04	9.99e-01	0.00e+00	0.00e+00
 1.58742e+16	1.08e-21	8.32e-16	7.26e-11	7.81e-07	6.63e-04	9.99e-01	0.00e+00	0.00e+00
 1.64225e+16	1.50e-21	1.09e-15	8.88e-11	8.95e-07	7.11e-04	9.99e-01	0.00e+00	0.00e+00
 1.70343e+16	2.14e-21	1.45e-15	1.10e-10	1.04e-06	7.66e-04	9.99e-01	0.00e+00	0.00e+00
 1.76085e+16	2.95e-21	1.88e-15	1.34e-10	1.18e-06	8.20e-04	9.99e-01	0.00e+00	0.00e+00
 1.82346e+16	4.14e-21	2.46e-15	1.65e-10	1.36e-06	8.81e-04	9.99e-01	0.00e+00	0.00e+00
 1.89313e+16	5.96e-21	3.30e-15	2.07e-10	1.58e-06	9.52e-04	9.99e-01	0.00e+00	0.00e+00
 1.95836e+16	8.27e-21	4.30e-15	2.52e-10	1.81e-06	1.02e-03	9.99e-01	0.00e+00	0.00e+00
 2.02910e+16	1.16e-20	5.67e-15	3.11e-10	2.09e-06	1.10e-03	9.99e-01	0.00e+00	0.00e+00
 2.10810e+16	1.68e-20	7.62e-15	3.90e-10	2.44e-06	1.19e-03	9.99e-01	0.00e+00	0.00e+00
 2.18333e+16	2.35e-20	9.99e-15	4.80e-10	2.80e-06	1.28e-03	9.99e-01	0.00e+00	0.00e+00
 2.26375e+16	3.31e-20	1.32e-14	5.94e-10	3.24e-06	1.38e-03	9.99e-01	0.00e+00	0.00e+00
 2.35430e+16	4.80e-20	1.78e-14	7.49e-10	3.80e-06	1.50e-03	9.99e-01	0.00e+00	0.00e+00
 2.44382e+16	6.82e-20	2.37e-14	9.33e-10	4.41e-06	1.62e-03	9.98e-01	0.00e+00	0.00e+00
 2.52964e+16	9.43e-20	3.09e-14	1.14e-09	5.06e-06	1.74e-03	9.98e-01	0.00e+00	0.00e+00
 2.62356e+16	1.32e-19	4.07e-14	1.41e-09	5.86e-06	1.88e-03	9.98e-01	0.00e+00	0.00e+00
 2.71234e+16	1.80e-19	5.24e-14	1.72e-09	6.70e-06	2.02e-03	9.98e-01	0.00e+00	0.00e+00
 2.78012e+16	2.26e-19	6.30e-14	1.98e-09	7.40e-06	2.12e-03	9.98e-01	0.00e+00	0.00e+00
 2.85014e+16	2.84e-19	7.60e-14	2.29e-09	8.18e-06	2.24e-03	9.98e-01	0.00e+00	0.00e+00
 2.94117e+16	3.78e-19	9.60e-14	2.75e-09	9.28e-06	2.40e-03	9.98e-01	0.00e+00	0.00e+00
 3.03921e+16	5.08e-19	1.22e-13	3.33e-09	1.06e-05	2.57e-03	9.97e-01	0.00e+00	0.00e+00
 3.12676e+16	6.56e-19	1.51e-13	3.92e-09	1.19e-05	2.74e-03	9.97e-01	0.00e+00	0.00e+00
 3.22094e+16	8.54e-19	1.88e-13	4.66e-09	1.34e-05	2.92e-03	9.97e-01	0.00e+00	0.00e+00
 3.33966e+16	1.18e-18	2.45e-13	5.74e-09	1.55e-05	3.16e-03	9.97e-01	0.00e+00	0.00e+00
 3.45972e+16	1.61e-18	3.16e-13	7.03e-09	1.78e-05	3.41e-03	9.97e-01	0.00e+00	0.00e+00
 3.56207e+16	2.07e-18	3.91e-13	8.32e-09	2.00e-05	3.64e-03	9.96e-01	0.00e+00	0.00e+00
 3.67194e+16	2.69e-18	4.86e-13	9.90e-09	2.26e-05	3.89e-03	9.96e-01	0.00e+00	0.00e+00
 3.80872e+16	3.69e-18	6.31e-13	1.22e-08	2.62e-05	4.22e-03	9.96e-01	0.00e+00	0.00e+00
 3.94974e+16	5.03e-18	8.18e-13	1.50e-08	3.03e-05	4.58e-03	9.95e-01	0.00e+00	0.00e+00
 4.07553e+16	6.55e-18	1.02e-12	1.80e-08	3.43e-05	4.91e-03	9.95e-01	0.00e+00	0.00e+00
 4.21231e+16	8.65e-18	1.29e-12	2.17e-08	3.91e-05	5.29e-03	9.95e-01	0.00e+00	0.00e+00
 4.37541e+16	1.19e-17	1.68e-12	2.69e-08	4.55e-05	5.76e-03	9.94e-01	0.00e+00	0.00e+00
 4.53606e+16	1.60e-17	2.17e-12	3.31e-08	5.26e-05	6.25e-03	9.94e-01	0.00e+00	0.00e+00
 4.68061e+16	2.08e-17	2.70e-12	3.96e-08	5.96e-05	6.71e-03	9.93e-01	0.00e+00	0.00e+00
 4.84092e+16	2.75e-17	3.41e-12	4.79e-08	6.81e-05	7.24e-03	9.93e-01	0.00e+00	0.00e+00
 5.03017e+16	3.76e-17	4.46e-12	5.96e-08	7.93e-05	7.90e-03	9.92e-01	0.00e+00	0.00e+00
 5.21709e+16	5.08e-17	5.75e-12	7.34e-08	9.17e-05	8.59e-03	9.91e-01	0.00e+00	0.00e+00
 5.38984e+16	6.63e-17	7.21e-12	8.85e-08	1.04e-04	9.25e-03	9.91e-01	0.00e+00	0.00e+00
 5.58379e+16	8.85e-17	9.22e-12	1.08e-07	1.20e-04	1.00e-02	9.90e-01	0.00e+00	0.00e+00
 5.80715e+16	1.22e-16	1.21e-11	1.36e-07	1.40e-04	1.10e-02	9.89e-01	0.00e+00	0.00e+00
 6.02578e+16	1.73e-16	1.57e-11	1.68e-07	1.62e-04	1.19e-02	9.88e-01	0.00e+00	0.00e+00
 6.25316e+16	2.34e-16	2.03e-11	2.08e-07	1.88e-04	1.30e-02	9.87e-01	0.00e+00	0.00e+00
 6.49750e+16	3.20e-16	2.65e-11	2.59e-07	2.19e-04	1.42e-02	9.86e-01	0.00e+00	0.00e+00
 6.70140e+16	4.13e-16	3.29e-11	3.10e-07	2.47e-04	1.52e-02	9.85e-01	0.00e+00	0.00e+00
 6.85517e+16	4.98e-16	3.86e-11	3.53e-07	2.70e-04	1.60e-02	9.84e-01	0.00e+00	0.00e+00
 7.01985e+16	6.07e-16	4.57e-11	4.06e-07	2.97e-04	1.69e-02	9.83e-01	0.00e+00	0.00e+00
 7.23393e+16	7.77e-16	5.65e-11	4.83e-07	3.34e-04	1.81e-02	9.82e-01	0.00e+00	0.00e+00
 7.46782e+16	1.01e-15	7.07e-11	5.82e-07	3.79e-04	1.94e-02	9.80e-01	0.00e+00	0.00e+00
 7.68111e+16	1.28e-15	8.63e-11	6.86e-07	4.24e-04	2.07e-02	9.79e-01	0.00e+00	0.00e+00
 7.91204e+16	1.64e-15	1.07e-10	8.16e-07	4.76e-04	2.21e-02	9.77e-01	0.00e+00	0.00e+00
 8.17308e+16	2.15e-15	1.35e-10	9.87e-07	5.41e-04	2.38e-02	9.76e-01	0.00e+00	0.00e+00
 8.42375e+16	2.77e-15	1.67e-10	1.18e-06	6.10e-04	2.55e-02	9.74e-01	0.00e+00	0.00e+00
 8.70012e+16	3.64e-15	2.11e-10	1.43e-06	6.93e-04	2.74e-02	9.72e-01	0.00e+00	0.00e+00
 9.00795e+16	4.90e-15	2.71e-10	1.75e-06	7.95e-04	2.96e-02	9.70e-01	0.00e+00	0.00e+00
 9.29857e+16	6.42e-15	3.41e-10	2.12e-06	9.01e-04	3.18e-02	9.67e-01	0.00e+00	0.00e+00
 9.61826e+16	8.58e-15	4.36e-10	2.59e-06	1.03e-03	3.43e-02	9.65e-01	0.00e+00	0.00e+00
 9.99494e+16	1.20e-14	5.79e-10	3.25e-06	1.20e-03	3.73e-02	9.61e-01	0.00e+00	0.00e+00
 1.03613e+17	1.64e-14	7.54e-10	4.03e-06	1.38e-03	4.04e-02	9.58e-01	0.00e+00	0.00e+00
 1.06921e+17	2.16e-14	9.51e-10	4.87e-06	1.57e-03	4.33e-02	9.55e-01	0.00e+00	0.00e+00
 1.10609e+17	2.90e-14	1.22e-09	5.96e-06	1.79e-03	4.67e-02	9.51e-01	0.00e+00	0.00e+00
 1.14948e+17	4.08e-14	1.63e-09	7.52e-06	2.09e-03	5.08e-02	9.47e-01	0.00e+00	0.00e+00
 1.19238e+17	5.66e-14	2.14e-09	9.37e-06	2.41e-03	5.50e-02	9.43e-01	0.00e+00	0.00e+00
 1.23243e+17	7.60e-14	2.75e-09	1.14e-05	2.75e-03	5.91e-02	9.38e-01	0.00e+00	0.00e+00
 1.27715e+17	1.04e-13	3.59e-09	1.42e-05	3.17e-03	6.39e-02	9.33e-01	0.00e+00	0.00e+00
 1.32717e+17	1.48e-13	4.81e-09	1.79e-05	3.69e-03	6.95e-02	9.27e-01	0.00e+00	0.00e+00
 1.37618e+17	2.06e-13	6.33e-09	2.23e-05	4.26e-03	7.51e-02	9.21e-01	0.00e+00	0.00e+00
 1.41726e+17	2.69e-13	7.93e-09	2.66e-05	4.78e-03	7.99e-02	9.15e-01	0.00e+00	0.00e+00
 1.44971e+17	3.31e-13	9.42e-09	3.05e-05	5.23e-03	8.39e-02	9.11e-01	0.00e+00	0.00e+00
 1.48514e+17	4.13e-13	1.13e-08	3.54e-05	5.75e-03	8.83e-02	9.06e-01	0.00e+00	0.00e+00
 1.53121e+17	5.47e-13	1.43e-08	4.26e-05	6.49e-03	9.42e-02	8.99e-01	0.00e+00	0.00e+00
 1.58076e+17	7.26e-13	1.83e-08	5.16e-05	7.36e-03	1.01e-01	8.92e-01	0.00e+00	0.00e+00
 1.62477e+17	9.36e-13	2.26e-08	6.09e-05	8.19e-03	1.07e-01	8.85e-01	0.00e+00	0.00e+00
 1.67191e+17	1.22e-12	2.82e-08	7.25e-05	9.17e-03	1.13e-01	8.78e-01	0.00e+00	0.00e+00
 1.73252e+17	1.70e-12	3.72e-08	9.00e-05	1.05e-02	1.22e-01	8.68e-01	0.00e+00	0.00e+00
 1.79417e+17	2.35e-12	4.88e-08	1.11e-04	1.21e-02	1.31e-01	8.57e-01	0.00e+00	0.00e+00
 1.84538e+17	3.07e-12	6.08e-08	1.32e-04	1.35e-02	1.38e-01	8.48e-01	0.00e+00	0.00e+00
 1.89949e+17	4.02e-12	7.61e-08	1.57e-04	1.51e-02	1.47e-01	8.38e-01	0.00e+00	0.00e+00
 1.96867e+17	5.62e-12	1.01e-07	1.95e-04	1.73e-02	1.57e-01	8.25e-01	0.00e+00	0.00e+00
 2.04151e+17	7.92e-12	1.34e-07	2.43e-04	2.00e-02	1.69e-01	8.11e-01	0.00e+00	0.00e+00
 2.10536e+17	1.06e-11	1.70e-07	2.93e-04	2.25e-02	1.79e-01	7.98e-01	0.00e+00	0.00e+00
 2.17345e+17	1.43e-11	2.18e-07	3.54e-04	2.54e-02	1.90e-01	7.84e-01	0.00e+00	0.00e+00
 2.25618e+17	2.04e-11	2.92e-07	4.43e-04	2.93e-02	2.04e-01	7.66e-01	0.00e+00	0.00e+00
 2.33858e+17	2.86e-11	3.86e-07	5.49e-04	3.35e-02	2.18e-01	7.48e-01	0.00e+00	0.00e+00
 2.41150e+17	3.82e-11	4.91e-07	6.59e-04	3.75e-02	2.30e-01	7.31e-01	0.00e+00	0.00e+00
 2.48089e+17	5.00e-11	6.13e-07	7.79e-04	4.17e-02	2.42e-01	7.15e-01	0.00e+00	0.00e+00
 2.56054e+17	6.74e-11	7.83e-07	9.38e-04	4.68e-02	2.56e-01	6.97e-01	0.00e+00	0.00e+00
 2.64966e+17	9.31e-11	1.02e-06	1.15e-03	5.30e-02	2.71e-01	6.75e-01	0.00e+00	0.00e+00
 2.72480e+17	1.21e-10	1.27e-06	1.35e-03	5.85e-02	2.83e-01	6.57e-01	0.00e+00	0.00e+00
 2.78373e+17	1.48e-10	1.50e-06	1.53e-03	6.32e-02	2.93e-01	6.43e-01	0.00e+00	0.00e+00
 2.84790e+17	1.83e-10	1.78e-06	1.74e-03	6.84e-02	3.03e-01	6.27e-01	0.00e+00	0.00e+00
 2.93133e+17	2.40e-10	2.23e-06	2.06e-03	7.56e-02	3.16e-01	6.06e-01	0.00e+00	0.00e+00
 3.02040e+17	3.18e-10	2.80e-06	2.44e-03	8.38e-02	3.30e-01	5.84e-01	0.00e+00	0.00e+00
 3.09846e+17	4.03e-10	3.40e-06	2.81e-03	9.12e-02	3.41e-01	5.65e-01	0.00e+00	0.00e+00
 3.18157e+17	5.16e-10	4.16e-06	3.26e-03	9.95e-02	3.53e-01	5.44e-01	0.00e+00	0.00e+00
 3.28962e+17	7.04e-10	5.37e-06	3.93e-03	1.11e-01	3.68e-01	5.18e-01	0.00e+00	0.00e+00
 3.39954e+17	9.52e-10	6.86e-06	4.70e-03	1.23e-01	3.81e-01	4.91e-01	0.00e+00	0.00e+00
 3.48904e+17	1.21e-09	8.33e-06	5.41e-03	1.33e-01	3.92e-01	4.70e-01	0.00e+00	0.00e+00
 3.58254e+17	1.54e-09	1.01e-05	6.23e-03	1.44e-01	4.02e-01	4.48e-01	0.00e+00	0.00e+00
 3.70409e+17	2.09e-09	1.30e-05	7.43e-03	1.59e-01	4.14e-01	4.20e-01	0.00e+00	0.00e+00
 3.82938e+17	2.82e-09	1.65e-05	8.83e-03	1.75e-01	4.24e-01	3.92e-01	0.00e+00	0.00e+00
 3.93356e+17	3.58e-09	2.00e-05	1.01e-02	1.88e-01	4.32e-01	3.70e-01	0.00e+00	0.00e+00
 4.04303e+17	4.58e-09	2.44e-05	1.16e-02	2.02e-01	4.39e-01	3.47e-01	0.00e+00	0.00e+00
 4.18533e+17	6.25e-09	3.13e-05	1.38e-02	2.21e-01	4.46e-01	3.19e-01	0.00e+00	0.00e+00
 4.32867e+17	8.38e-09	3.95e-05	1.62e-02	2.40e-01	4.50e-01	2.93e-01	0.00e+00	0.00e+00
 4.44309e+17	1.05e-08	4.73e-05	1.84e-02	2.55e-01	4.53e-01	2.73e-01	0.00e+00	0.00e+00
 4.54060e+17	1.27e-08	5.50e-05	2.03e-02	2.68e-01	4.54e-01	2.57e-01	0.00e+00	0.00e+00
 4.64641e+17	1.56e-08	6.45e-05	2.26e-02	2.82e-01	4.55e-01	2.40e-01	0.00e+00	0.00e+00
 4.78395e+17	2.02e-08	7.89e-05	2.58e-02	3.00e-01	4.54e-01	2.20e-01	0.00e+00	0.00e+00
 4.92844e+17	2.61e-08	9.64e-05	2.95e-02	3.19e-01	4.51e-01	2.00e-01	0.00e+00	0.00e+00
 5.05126e+17	3.23e-08	1.14e-04	3.28e-02	3.34e-01	4.48e-01	1.85e-01	0.00e+00	0.00e+00
 5.16032e+17	3.88e-08	1.31e-04	3.59e-02	3.47e-01	4.45e-01	1.72e-01	0.00e+00	0.00e+00
 5.28218e+17	4.75e-08	1.53e-04	3.96e-02	3.62e-01	4.40e-01	1.58e-01	0.00e+00	0.00e+00
 5.41910e+17	5.92e-08	1.81e-04	4.41e-02	3.78e-01	4.33e-01	1.44e-01	0.00e+00	0.00e+00
 5.54861e+17	7.23e-08	2.10e-04	4.85e-02	3.92e-01	4.27e-01	1.32e-01	0.00e+00	0.00e+00
 5.67111e+17	8.70e-08	2.42e-04	5.29e-02	4.05e-01	4.20e-01	1.22e-01	0.00e+00	0.00e+00
 5.81148e+17	1.07e-07	2.82e-04	5.82e-02	4.20e-01	4.11e-01	1.10e-01	0.00e+00	0.00e+00
 5.96604e+17	1.33e-07	3.33e-04	6.43e-02	4.35e-01	4.01e-01	9.94e-02	0.00e+00	0.00e+00
 6.10845e+17	1.62e-07	3.85e-04	7.02e-02	4.48e-01	3.91e-01	9.02e-02	0.00e+00	0.00e+00
 6.26300e+17	2.00e-07	4.49e-04	7.70e-02	4.62e-01	3.80e-01	8.10e-02	0.00e+00	0.00e+00
 6.43231e+17	2.48e-07	5.28e-04	8.47e-02	4.75e-01	3.68e-01	7.21e-02	0.00e+00	0.00e+00
 6.58772e+17	3.01e-07	6.08e-04	9.21e-02	4.87e-01	3.56e-01	6.48e-02	0.00e+00	0.00e+00
 6.75664e+17	3.71e-07	7.08e-04	1.01e-01	4.98e-01	3.43e-01	5.76e-02	0.00e+00	0.00e+00
 6.94216e+17	4.60e-07	8.29e-04	1.10e-01	5.10e-01	3.29e-01	5.08e-02	0.00e+00	0.00e+00
 7.11399e+17	5.58e-07	9.53e-04	1.19e-01	5.19e-01	3.16e-01	4.52e-02	0.00e+00	0.00e+00
 7.30211e+17	6.88e-07	1.11e-03	1.30e-01	5.28e-01	3.01e-01	3.96e-02	0.00e+00	0.00e+00
 7.50815e+17	8.53e-07	1.30e-03	1.41e-01	5.37e-01	2.86e-01	3.45e-02	0.00e+00	0.00e+00
 7.69878e+17	1.03e-06	1.49e-03	1.53e-01	5.43e-01	2.72e-01	3.03e-02	0.00e+00	0.00e+00
 7.86207e+17	1.21e-06	1.67e-03	1.62e-01	5.48e-01	2.61e-01	2.72e-02	0.00e+00	0.00e+00
 8.00577e+17	1.38e-06	1.84e-03	1.71e-01	5.51e-01	2.51e-01	2.47e-02	0.00e+00	0.00e+00
 8.16981e+17	1.61e-06	2.06e-03	1.82e-01	5.55e-01	2.40e-01	2.20e-02	0.00e+00	0.00e+00
 8.35339e+17	1.90e-06	2.31e-03	1.93e-01	5.57e-01	2.28e-01	1.95e-02	0.00e+00	0.00e+00
 8.52775e+17	2.21e-06	2.58e-03	2.05e-01	5.59e-01	2.17e-01	1.73e-02	0.00e+00	0.00e+00
 8.71977e+17	2.62e-06	2.91e-03	2.18e-01	5.59e-01	2.05e-01	1.52e-02	0.00e+00	0.00e+00
 8.92472e+17	3.09e-06	3.27e-03	2.32e-01	5.59e-01	1.93e-01	1.33e-02	0.00e+00	0.00e+00
 9.10827e+17	3.57e-06	3.63e-03	2.44e-01	5.58e-01	1.82e-01	1.17e-02	0.00e+00	0.00e+00
 9.30869e+17	4.19e-06	4.07e-03	2.59e-01	5.56e-01	1.71e-01	1.02e-02	0.00e+00	0.00e+00
 9.52662e+17	4.93e-06	4.57e-03	2.74e-01	5.53e-01	1.60e-01	8.85e-03	0.00e+00	0.00e+00
 9.72740e+17	5.70e-06	5.06e-03	2.88e-01	5.49e-01	1.50e-01	7.75e-03	0.00e+00	0.00e+00
 9.94849e+17	6.72e-06	5.69e-03	3.05e-01	5.43e-01	1.39e-01	6.65e-03	0.00e+00	0.00e+00
 1.01858e+18	7.91e-06	6.39e-03	3.22e-01	5.37e-01	1.29e-01	5.67e-03	0.00e+00	0.00e+00
 1.04005e+18	9.12e-06	7.07e-03	3.38e-01	5.30e-01	1.20e-01	4.92e-03	0.00e+00	0.00e+00
 1.06357e+18	1.08e-05	7.94e-03	3.57e-01	5.21e-01	1.11e-01	4.17e-03	0.00e+00	0.00e+00
 1.08897e+18	1.27e-05	8.92e-03	3.76e-01	5.11e-01	1.01e-01	3.50e-03	0.00e+00	0.00e+00
 1.11213e+18	1.46e-05	9.87e-03	3.93e-01	5.01e-01	9.31e-02	2.99e-03	0.00e+00	0.00e+00
 1.13758e+18	1.73e-05	1.11e-02	4.14e-01	4.88e-01	8.46e-02	2.49e-03	0.00e+00	0.00e+00
 1.16495e+18	2.04e-05	1.25e-02	4.35e-01	4.74e-01	7.63e-02	2.05e-03	0.00e+00	0.00e+00
 1.18980e+18	2.37e-05	1.39e-02	4.54e-01	4.61e-01	6.93e-02	1.72e-03	0.00e+00	0.00e+00
 1.21709e+18	2.82e-05	1.57e-02	4.77e-01	4.44e-01	6.19e-02	1.40e-03	0.00e+00	0.00e+00
 1.24616e+18	3.35e-05	1.77e-02	5.00e-01	4.27e-01	5.49e-02	1.13e-03	0.00e+00	0.00e+00
 1.27196e+18	3.88e-05	1.96e-02	5.20e-01	4.11e-01	4.92e-02	9.28e-04	0.00e+00	0.00e+00
 1.29257e+18	4.35e-05	2.13e-02	5.35e-01	3.98e-01	4.50e-02	7.94e-04	0.00e+00	0.00e+00
 1.30884e+18	4.79e-05	2.27e-02	5.48e-01	3.87e-01	4.18e-02	6.98e-04	0.00e+00	0.00e+00
 1.32679e+18	5.35e-05	2.45e-02	5.62e-01	3.74e-01	3.84e-02	6.02e-04	0.00e+00	0.00e+00
 1.34676e+18	6.03e-05	2.67e-02	5.78e-01	3.60e-01	3.49e-02	5.10e-04	0.00e+00	0.00e+00
 1.36535e+18	6.65e-05	2.86e-02	5.92e-01	3.47e-01	3.19e-02	4.39e-04	0.00e+00	0.00e+00
 1.38552e+18	7.64e-05	3.15e-02	6.07e-01	3.32e-01	2.87e-02	3.65e-04	0.00e+00	0.00e+00
 1.40570e+18	8.48e-05	3.38e-02	6.22e-01	3.18e-01	2.59e-02	3.08e-04	0.00e+00	0.00e+00
 1.42589e+18	9.78e-05	3.74e-02	6.37e-01	3.02e-01	2.31e-02	2.53e-04	0.00e+00	0.00e+00
 1.44584e+18	1.10e-04	4.05e-02	6.51e-01	2.88e-01	2.07e-02	2.11e-04	0.00e+00	0.00e+00
 1.46227e+18	1.22e-04	4.34e-02	6.62e-01	2.76e-01	1.88e-02	1.81e-04	0.00e+00	0.00e+00
 1.48042e+18	1.38e-04	4.72e-02	6.74e-01	2.62e-01	1.68e-02	1.50e-04	0.00e+00	0.00e+00
 1.50003e+18	1.56e-04	5.14e-02	6.86e-01	2.47e-01	1.48e-02	1.23e-04	0.00e+00	0.00e+00
 1.51760e+18	1.72e-04	5.50e-02	6.96e-01	2.35e-01	1.33e-02	1.03e-04	0.00e+00	0.00e+00
 1.53651e+18	1.99e-04	6.08e-02	7.07e-01	2.20e-01	1.16e-02	8.28e-05	0.00e+00	0.00e+00
 1.55520e+18	2.21e-04	6.54e-02	7.17e-01	2.08e-01	1.03e-02	6.81e-05	0.00e+00	0.00e+00
 1.57360e+18	2.56e-04	7.21e-02	7.25e-01	1.93e-01	8.89e-03	5.41e-05	0.00e+00	0.00e+00
 1.59174e+18	2.89e-04	7.83e-02	7.33e-01	1.81e-01	7.76e-03	4.37e-05	0.00e+00	0.00e+00
 1.60638e+18	3.21e-04	8.40e-02	7.38e-01	1.71e-01	6.91e-03	3.64e-05	0.00e+00	0.00e+00
 1.62226e+18	3.62e-04	9.10e-02	7.43e-01	1.59e-01	6.05e-03	2.95e-05	0.00e+00	0.00e+00
 1.63962e+18	4.04e-04	9.78e-02	7.48e-01	1.49e-01	5.27e-03	2.39e-05	0.00e+00	0.00e+00
 1.65891e+18	4.68e-04	1.08e-01	7.51e-01	1.36e-01	4.43e-03	1.82e-05	0.00e+00	0.00e+00
 1.67795e+18	5.48e-04	1.20e-01	7.52e-01	1.24e-01	3.69e-03	1.37e-05	0.00e+00	0.00e+00
 1.69172e+18	6.09e-04	1.28e-01	7.52e-01	1.16e-01	3.24e-03	1.13e-05	0.00e+00	0.00e+00
 1.70465e+18	6.77e-04	1.37e-01	7.51e-01	1.08e-01	2.84e-03	9.18e-06	0.00e+00	0.00e+00
 1.72145e+18	7.78e-04	1.50e-01	7.49e-01	9.83e-02	2.38e-03	7.01e-06	0.00e+00	0.00e+00
 1.73893e+18	8.95e-04	1.64e-01	7.44e-01	8.91e-02	1.97e-03	5.29e-06	0.00e+00	0.00e+00
 1.75363e+18	9.97e-04	1.76e-01	7.40e-01	8.22e-02	1.69e-03	4.20e-06	0.00e+00	0.00e+00
 1.76912e+18	1.15e-03	1.92e-01	7.31e-01	7.41e-02	1.40e-03	3.14e-06	0.00e+00	0.00e+00
 1.78520e+18	1.32e-03	2.09e-01	7.22e-01	6.67e-02	1.15e-03	2.35e-06	0.00e+00	0.00e+00
 1.79931e+18	1.49e-03	2.25e-01	7.12e-01	6.07e-02	9.66e-04	1.81e-06	0.00e+00	0.00e+00
 1.81489e+18	1.70e-03	2.44e-01	6.99e-01	5.43e-02	7.86e-04	1.34e-06	0.00e+00	0.00e+00
 1.83221e+18	1.98e-03	2.67e-01	6.82e-01	4.77e-02	6.22e-04	9.46e-07	0.00e+00	0.00e+00
 1.84837e+18	2.28e-03	2.90e-01	6.65e-01	4.21e-02	4.96e-04	0.00e+00	0.00e+00	0.00e+00
 1.86598e+18	2.66e-03	3.18e-01	6.43e-01	3.64e-02	3.82e-04	0.00e+00	0.00e+00	0.00e+00
 1.88531e+18	3.16e-03	3.50e-01	6.16e-01	3.08e-02	2.84e-04	0.00e+00	0.00e+00	0.00e+00
 1.90318e+18	3.70e-03	3.81e-01	5.89e-01	2.62e-02	2.14e-04	0.00e+00	0.00e+00	0.00e+00
 1.91863e+18	4.22e-03	4.09e-01	5.64e-01	2.26e-02	1.66e-04	0.00e+00	0.00e+00	0.00e+00
 1.93462e+18	4.87e-03	4.41e-01	5.35e-01	1.92e-02	1.25e-04	0.00e+00	0.00e+00	0.00e+00
 1.95542e+18	5.85e-03	4.83e-01	4.96e-01	1.54e-02	8.58e-05	0.00e+00	0.00e+00	0.00e+00
 1.97655e+18	7.03e-03	5.27e-01	4.54e-01	1.21e-02	5.74e-05	0.00e+00	0.00e+00	0.00e+00
 1.99395e+18	8.20e-03	5.65e-01	4.17e-01	9.76e-03	4.05e-05	0.00e+00	0.00e+00	0.00e+00
 2.01241e+18	9.64e-03	6.05e-01	3.78e-01	7.65e-03	2.72e-05	0.00e+00	0.00e+00	0.00e+00
 2.03327e+18	1.16e-02	6.50e-01	3.33e-01	5.71e-03	1.70e-05	0.00e+00	0.00e+00	0.00e+00
 2.05248e+18	1.37e-02	6.90e-01	2.92e-01	4.27e-03	1.08e-05	0.00e+00	0.00e+00	0.00e+00
 2.06884e+18	1.57e-02	7.23e-01	2.58e-01	3.29e-03	7.21e-06	0.00e+00	0.00e+00	0.00e+00
 2.08629e+18	1.83e-02	7.56e-01	2.24e-01	2.44e-03	4.55e-06	0.00e+00	0.00e+00	0.00e+00
 2.10471e+18	2.15e-02	7.88e-01	1.89e-01	1.73e-03	2.72e-06	0.00e+00	0.00e+00	0.00e+00
