#depth	C	C+	C+2	C+3	C+4	C+5	C+6	C[1]	C[2]	C[3]	C+[1]	C+[2]	CO
 1.49634e+10	0.00e+00	1.62e-48	1.68e-35	4.03e-23	6.56e-10	9.67e-04	9.99e-01	0.00e+00	0.00e+00	0.00e+00	0.00e+00	0.00e+00	0.00e+00
 4.54887e+10	0.00e+00	0.00e+00	2.30e-35	5.11e-23	7.68e-10	1.05e-03	9.99e-01	0.00e+00	0.00e+00	0.00e+00	0.00e+00	0.00e+00	0.00e+00
 7.72350e+10	0.00e+00	3.56e-48	3.16e-35	6.48e-23	9.01e-10	1.13e-03	9.99e-01	0.00e+00	0.00e+00	0.00e+00	0.00e+00	0.00e+00	0.00e+00
 1.10251e+11	0.00e+00	0.00e+00	4.33e-35	8.22e-23	1.06e-09	1.22e-03	9.99e-01	0.00e+00	0.00e+00	0.00e+00	0.00e+00	0.00e+00	0.00e+00
 1.43268e+11	0.00e+00	7.74e-48	5.88e-35	1.03e-22	1.23e-09	1.32e-03	9.99e-01	0.00e+00	0.00e+00	0.00e+00	0.00e+00	0.00e+00	0.00e+00
 1.77606e+11	0.00e+00	0.00e+00	7.98e-35	1.30e-22	1.44e-09	1.42e-03	9.99e-01	0.00e+00	0.00e+00	0.00e+00	0.00e+00	0.00e+00	0.00e+00
 2.14637e+11	0.00e+00	1.68e-47	1.09e-34	1.65e-22	1.69e-09	1.54e-03	9.98e-01	0.00e+00	0.00e+00	0.00e+00	0.00e+00	0.00e+00	0.00e+00
 2.53149e+11	0.00e+00	0.00e+00	1.50e-34	2.10e-22	1.98e-09	1.67e-03	9.98e-01	0.00e+00	0.00e+00	0.00e+00	0.00e+00	0.00e+00	0.00e+00
 2.93202e+11	0.00e+00	3.71e-47	2.06e-34	2.66e-22	2.32e-09	1.80e-03	9.98e-01	0.00e+00	0.00e+00	0.00e+00	0.00e+00	0.00e+00	0.00e+00
 3.34857e+11	0.00e+00	0.00e+00	0.00e+00	3.38e-22	2.73e-09	1.95e-03	9.98e-01	0.00e+00	0.00e+00	0.00e+00	0.00e+00	0.00e+00	0.00e+00
 3.78178e+11	0.00e+00	0.00e+00	3.90e-34	4.29e-22	3.21e-09	2.11e-03	9.98e-01	0.00e+00	0.00e+00	0.00e+00	0.00e+00	0.00e+00	0.00e+00
 4.23232e+11	0.00e+00	1.22e-46	5.36e-34	5.45e-22	3.77e-09	2.28e-03	9.98e-01	0.00e+00	0.00e+00	0.00e+00	0.00e+00	0.00e+00	0.00e+00
 4.70088e+11	0.00e+00	0.00e+00	0.00e+00	6.93e-22	4.43e-09	2.46e-03	9.98e-01	0.00e+00	0.00e+00	0.00e+00	0.00e+00	0.00e+00	0.00e+00
 5.18818e+11	0.00e+00	0.00e+00	1.01e-33	8.81e-22	5.20e-09	2.67e-03	9.97e-01	0.00e+00	0.00e+00	0.00e+00	0.00e+00	0.00e+00	0.00e+00
 5.69498e+11	0.00e+00	4.00e-46	1.39e-33	1.12e-21	6.11e-09	2.88e-03	9.97e-01	0.00e+00	0.00e+00	0.00e+00	0.00e+00	0.00e+00	0.00e+00
 6.22204e+11	0.00e+00	0.00e+00	0.00e+00	1.42e-21	7.19e-09	3.12e-03	9.97e-01	0.00e+00	0.00e+00	0.00e+00	0.00e+00	0.00e+00	0.00e+00
 6.77019e+11	0.00e+00	0.00e+00	2.63e-33	1.81e-21	8.46e-09	3.37e-03	9.97e-01	0.00e+00	0.00e+00	0.00e+00	0.00e+00	0.00e+00	0.00e+00
 7.34027e+11	0.00e+00	1.32e-45	3.63e-33	2.31e-21	9.95e-09	3.65e-03	9.96e-01	0.00e+00	0.00e+00	0.00e+00	0.00e+00	0.00e+00	0.00e+00
 7.93315e+11	0.00e+00	0.00e+00	0.00e+00	2.94e-21	1.17e-08	3.94e-03	9.96e-01	0.00e+00	0.00e+00	0.00e+00	0.00e+00	0.00e+00	0.00e+00
 8.54974e+11	0.00e+00	0.00e+00	6.88e-33	3.74e-21	1.38e-08	4.26e-03	9.96e-01	0.00e+00	0.00e+00	0.00e+00	0.00e+00	0.00e+00	0.00e+00
 9.19100e+11	0.00e+00	4.36e-45	9.47e-33	4.76e-21	1.62e-08	4.61e-03	9.95e-01	0.00e+00	0.00e+00	0.00e+00	0.00e+00	0.00e+00	0.00e+00
 9.85791e+11	0.00e+00	0.00e+00	0.00e+00	6.06e-21	1.91e-08	4.98e-03	9.95e-01	0.00e+00	0.00e+00	0.00e+00	0.00e+00	0.00e+00	0.00e+00
 1.05515e+12	0.00e+00	0.00e+00	1.80e-32	7.73e-21	2.25e-08	5.39e-03	9.95e-01	0.00e+00	0.00e+00	0.00e+00	0.00e+00	0.00e+00	0.00e+00
 1.12728e+12	0.00e+00	1.44e-44	2.48e-32	9.85e-21	2.65e-08	5.82e-03	9.94e-01	0.00e+00	0.00e+00	0.00e+00	0.00e+00	0.00e+00	0.00e+00
 1.20230e+12	0.00e+00	0.00e+00	0.00e+00	1.26e-20	3.13e-08	6.30e-03	9.94e-01	0.00e+00	0.00e+00	0.00e+00	0.00e+00	0.00e+00	0.00e+00
 1.28032e+12	0.00e+00	0.00e+00	4.72e-32	1.60e-20	3.69e-08	6.81e-03	9.93e-01	0.00e+00	0.00e+00	0.00e+00	0.00e+00	0.00e+00	0.00e+00
 1.35930e+12	0.00e+00	4.75e-44	6.45e-32	2.03e-20	4.33e-08	7.34e-03	9.93e-01	0.00e+00	0.00e+00	0.00e+00	0.00e+00	0.00e+00	0.00e+00
 1.44145e+12	0.00e+00	0.00e+00	8.83e-32	2.57e-20	5.09e-08	7.92e-03	9.92e-01	0.00e+00	0.00e+00	0.00e+00	0.00e+00	0.00e+00	0.00e+00
 1.52903e+12	0.00e+00	1.05e-43	1.22e-31	3.28e-20	6.00e-08	8.57e-03	9.91e-01	0.00e+00	0.00e+00	0.00e+00	0.00e+00	0.00e+00	0.00e+00
 1.62012e+12	0.00e+00	0.00e+00	1.68e-31	4.19e-20	7.08e-08	9.26e-03	9.91e-01	0.00e+00	0.00e+00	0.00e+00	0.00e+00	0.00e+00	0.00e+00
 1.71485e+12	0.00e+00	2.33e-43	2.32e-31	5.35e-20	8.36e-08	1.00e-02	9.90e-01	0.00e+00	0.00e+00	0.00e+00	0.00e+00	0.00e+00	0.00e+00
 1.81337e+12	0.00e+00	0.00e+00	3.21e-31	6.83e-20	9.87e-08	1.08e-02	9.89e-01	0.00e+00	0.00e+00	0.00e+00	0.00e+00	0.00e+00	0.00e+00
 1.91583e+12	0.00e+00	5.21e-43	4.43e-31	8.72e-20	1.16e-07	1.17e-02	9.88e-01	0.00e+00	0.00e+00	0.00e+00	0.00e+00	0.00e+00	0.00e+00
 2.02239e+12	0.00e+00	0.00e+00	6.12e-31	1.11e-19	1.38e-07	1.26e-02	9.87e-01	0.00e+00	0.00e+00	0.00e+00	0.00e+00	0.00e+00	0.00e+00
 2.13322e+12	0.00e+00	1.16e-42	8.45e-31	1.42e-19	1.62e-07	1.36e-02	9.86e-01	0.00e+00	0.00e+00	0.00e+00	0.00e+00	0.00e+00	0.00e+00
 2.24847e+12	0.00e+00	0.00e+00	1.17e-30	1.82e-19	1.92e-07	1.47e-02	9.85e-01	0.00e+00	0.00e+00	0.00e+00	0.00e+00	0.00e+00	0.00e+00
 2.36834e+12	0.00e+00	2.59e-42	1.61e-30	2.32e-19	2.26e-07	1.59e-02	9.84e-01	0.00e+00	0.00e+00	0.00e+00	0.00e+00	0.00e+00	0.00e+00
 2.49300e+12	0.00e+00	0.00e+00	2.23e-30	2.96e-19	2.67e-07	1.72e-02	9.83e-01	0.00e+00	0.00e+00	0.00e+00	0.00e+00	0.00e+00	0.00e+00
 2.62264e+12	0.00e+00	5.79e-42	3.07e-30	3.78e-19	3.15e-07	1.86e-02	9.81e-01	0.00e+00	0.00e+00	0.00e+00	0.00e+00	0.00e+00	0.00e+00
 2.75748e+12	0.00e+00	0.00e+00	4.25e-30	4.83e-19	3.72e-07	2.01e-02	9.80e-01	0.00e+00	0.00e+00	0.00e+00	0.00e+00	0.00e+00	0.00e+00
 2.88576e+12	0.00e+00	1.25e-41	5.71e-30	6.04e-19	4.33e-07	2.15e-02	9.78e-01	0.00e+00	0.00e+00	0.00e+00	0.00e+00	0.00e+00	0.00e+00
 3.00276e+12	0.00e+00	0.00e+00	7.40e-30	7.35e-19	4.95e-07	2.29e-02	9.77e-01	0.00e+00	0.00e+00	0.00e+00	0.00e+00	0.00e+00	0.00e+00
 3.13492e+12	0.00e+00	2.46e-41	9.83e-30	9.11e-19	5.72e-07	2.45e-02	9.75e-01	0.00e+00	0.00e+00	0.00e+00	0.00e+00	0.00e+00	0.00e+00
 3.28877e+12	0.00e+00	0.00e+00	1.35e-29	1.16e-18	6.74e-07	2.64e-02	9.74e-01	0.00e+00	0.00e+00	0.00e+00	0.00e+00	0.00e+00	0.00e+00
 3.43868e+12	0.00e+00	5.30e-41	1.82e-29	1.45e-18	7.86e-07	2.84e-02	9.72e-01	0.00e+00	0.00e+00	0.00e+00	0.00e+00	0.00e+00	0.00e+00
 3.57812e+12	0.00e+00	0.00e+00	2.39e-29	1.78e-18	9.01e-07	3.02e-02	9.70e-01	0.00e+00	0.00e+00	0.00e+00	0.00e+00	0.00e+00	0.00e+00
 3.73470e+12	0.00e+00	1.06e-40	3.19e-29	2.22e-18	1.05e-06	3.24e-02	9.68e-01	0.00e+00	0.00e+00	0.00e+00	0.00e+00	0.00e+00	0.00e+00
 3.91402e+12	0.00e+00	0.00e+00	4.40e-29	2.83e-18	1.23e-06	3.50e-02	9.65e-01	0.00e+00	0.00e+00	0.00e+00	0.00e+00	0.00e+00	0.00e+00
 4.09055e+12	0.00e+00	2.31e-40	5.95e-29	3.55e-18	1.44e-06	3.76e-02	9.62e-01	0.00e+00	0.00e+00	0.00e+00	0.00e+00	0.00e+00	0.00e+00
 4.27414e+12	0.00e+00	0.00e+00	8.06e-29	4.46e-18	1.68e-06	4.03e-02	9.60e-01	0.00e+00	0.00e+00	0.00e+00	0.00e+00	0.00e+00	0.00e+00
 4.47503e+12	0.00e+00	5.01e-40	1.11e-28	5.68e-18	1.97e-06	4.35e-02	9.57e-01	0.00e+00	0.00e+00	0.00e+00	0.00e+00	0.00e+00	0.00e+00
 4.67721e+12	0.00e+00	0.00e+00	1.51e-28	7.17e-18	2.31e-06	4.68e-02	9.53e-01	0.00e+00	0.00e+00	0.00e+00	0.00e+00	0.00e+00	0.00e+00
 4.88749e+12	0.00e+00	1.08e-39	2.05e-28	9.04e-18	2.70e-06	5.03e-02	9.50e-01	0.00e+00	0.00e+00	0.00e+00	0.00e+00	0.00e+00	0.00e+00
 5.10733e+12	0.00e+00	0.00e+00	2.80e-28	1.14e-17	3.15e-06	5.41e-02	9.46e-01	0.00e+00	0.00e+00	0.00e+00	0.00e+00	0.00e+00	0.00e+00
 5.32549e+12	0.00e+00	2.30e-39	3.76e-28	1.43e-17	3.66e-06	5.79e-02	9.42e-01	0.00e+00	0.00e+00	0.00e+00	0.00e+00	0.00e+00	0.00e+00
 5.55796e+12	0.00e+00	0.00e+00	5.09e-28	1.79e-17	4.26e-06	6.22e-02	9.38e-01	0.00e+00	0.00e+00	0.00e+00	0.00e+00	0.00e+00	0.00e+00
 5.81021e+12	0.00e+00	4.98e-39	6.99e-28	2.27e-17	4.99e-06	6.69e-02	9.33e-01	0.00e+00	0.00e+00	0.00e+00	0.00e+00	0.00e+00	0.00e+00
 6.07254e+12	0.00e+00	0.00e+00	9.57e-28	2.87e-17	5.85e-06	7.20e-02	9.28e-01	0.00e+00	0.00e+00	0.00e+00	0.00e+00	0.00e+00	0.00e+00
 6.34537e+12	0.00e+00	1.09e-38	1.31e-27	3.64e-17	6.84e-06	7.74e-02	9.23e-01	0.00e+00	0.00e+00	0.00e+00	0.00e+00	0.00e+00	0.00e+00
 6.61907e+12	0.00e+00	0.00e+00	1.77e-27	4.56e-17	7.96e-06	8.30e-02	9.17e-01	0.00e+00	0.00e+00	0.00e+00	0.00e+00	0.00e+00	0.00e+00
 6.90371e+12	0.00e+00	2.33e-38	2.40e-27	5.72e-17	9.25e-06	8.89e-02	9.11e-01	0.00e+00	0.00e+00	0.00e+00	0.00e+00	0.00e+00	0.00e+00
 7.20979e+12	0.00e+00	0.00e+00	3.28e-27	7.23e-17	1.08e-05	9.55e-02	9.04e-01	0.00e+00	0.00e+00	0.00e+00	0.00e+00	0.00e+00	0.00e+00
 7.52810e+12	0.00e+00	5.08e-38	4.48e-27	9.12e-17	1.26e-05	1.03e-01	8.97e-01	0.00e+00	0.00e+00	0.00e+00	0.00e+00	0.00e+00	0.00e+00
 7.85916e+12	0.00e+00	0.00e+00	6.11e-27	1.15e-16	1.47e-05	1.10e-01	8.90e-01	0.00e+00	0.00e+00	0.00e+00	0.00e+00	0.00e+00	0.00e+00
 8.20345e+12	0.00e+00	1.11e-37	8.32e-27	1.45e-16	1.71e-05	1.18e-01	8.82e-01	0.00e+00	0.00e+00	0.00e+00	0.00e+00	0.00e+00	0.00e+00
 8.56151e+12	0.00e+00	0.00e+00	1.13e-26	1.82e-16	1.99e-05	1.26e-01	8.74e-01	0.00e+00	0.00e+00	0.00e+00	0.00e+00	0.00e+00	0.00e+00
 8.93390e+12	0.00e+00	2.40e-37	1.54e-26	2.29e-16	2.32e-05	1.35e-01	8.65e-01	0.00e+00	0.00e+00	0.00e+00	0.00e+00	0.00e+00	0.00e+00
 9.32118e+12	0.00e+00	0.00e+00	2.10e-26	2.88e-16	2.69e-05	1.45e-01	8.55e-01	0.00e+00	0.00e+00	0.00e+00	0.00e+00	0.00e+00	0.00e+00
 9.72396e+12	0.00e+00	5.18e-37	2.85e-26	3.62e-16	3.12e-05	1.55e-01	8.45e-01	0.00e+00	0.00e+00	0.00e+00	0.00e+00	0.00e+00	0.00e+00
 1.01428e+13	0.00e+00	0.00e+00	3.86e-26	4.54e-16	3.62e-05	1.65e-01	8.35e-01	0.00e+00	0.00e+00	0.00e+00	0.00e+00	0.00e+00	0.00e+00
 1.05697e+13	0.00e+00	1.11e-36	5.20e-26	5.66e-16	4.18e-05	1.76e-01	8.24e-01	0.00e+00	0.00e+00	0.00e+00	0.00e+00	0.00e+00	0.00e+00
 1.10137e+13	0.00e+00	0.00e+00	7.00e-26	7.06e-16	4.82e-05	1.88e-01	8.12e-01	0.00e+00	0.00e+00	0.00e+00	0.00e+00	0.00e+00	0.00e+00
 1.14841e+13	0.00e+00	2.35e-36	9.47e-26	8.82e-16	5.57e-05	2.00e-01	8.00e-01	0.00e+00	0.00e+00	0.00e+00	0.00e+00	0.00e+00	0.00e+00
 1.19734e+13	1.01e-47	3.44e-36	1.28e-25	1.10e-15	6.43e-05	2.13e-01	7.87e-01	0.00e+00	0.00e+00	0.00e+00	0.00e+00	0.00e+00	0.00e+00
 1.24823e+13	0.00e+00	0.00e+00	1.73e-25	1.37e-15	7.42e-05	2.26e-01	7.74e-01	0.00e+00	0.00e+00	0.00e+00	0.00e+00	0.00e+00	0.00e+00
 1.30115e+13	0.00e+00	7.32e-36	2.33e-25	1.71e-15	8.54e-05	2.40e-01	7.60e-01	0.00e+00	0.00e+00	0.00e+00	0.00e+00	0.00e+00	0.00e+00
 1.35054e+13	3.78e-47	1.03e-35	3.04e-25	2.08e-15	9.69e-05	2.53e-01	7.46e-01	0.00e+00	0.00e+00	0.00e+00	0.00e+00	0.00e+00	0.00e+00
 1.39407e+13	0.00e+00	0.00e+00	3.82e-25	2.46e-15	1.08e-04	2.65e-01	7.35e-01	0.00e+00	0.00e+00	0.00e+00	0.00e+00	0.00e+00	0.00e+00
 1.44265e+13	0.00e+00	1.87e-35	4.88e-25	2.95e-15	1.21e-04	2.78e-01	7.22e-01	0.00e+00	0.00e+00	0.00e+00	0.00e+00	0.00e+00	0.00e+00
 1.50101e+13	1.20e-46	2.67e-35	6.48e-25	3.63e-15	1.38e-04	2.93e-01	7.06e-01	0.00e+00	0.00e+00	0.00e+00	0.00e+00	0.00e+00	0.00e+00
 1.55967e+13	0.00e+00	0.00e+00	8.51e-25	4.43e-15	1.56e-04	3.09e-01	6.91e-01	0.00e+00	0.00e+00	0.00e+00	0.00e+00	0.00e+00	0.00e+00
 1.61359e+13	0.00e+00	5.14e-35	1.08e-24	5.28e-15	1.75e-04	3.23e-01	6.77e-01	0.00e+00	0.00e+00	0.00e+00	0.00e+00	0.00e+00	0.00e+00
 1.67373e+13	3.96e-46	7.15e-35	1.40e-24	6.38e-15	1.97e-04	3.38e-01	6.61e-01	0.00e+00	0.00e+00	0.00e+00	0.00e+00	0.00e+00	1.16e-146
 1.74338e+13	0.00e+00	0.00e+00	1.87e-24	7.87e-15	2.24e-04	3.56e-01	6.43e-01	0.00e+00	0.00e+00	0.00e+00	0.00e+00	0.00e+00	6.75e-211
 1.81149e+13	0.00e+00	1.46e-34	2.46e-24	9.57e-15	2.53e-04	3.73e-01	6.26e-01	0.00e+00	0.00e+00	0.00e+00	0.00e+00	0.00e+00	2.52e-275
 1.87605e+13	1.38e-45	1.99e-34	3.14e-24	1.14e-14	2.83e-04	3.89e-01	6.10e-01	0.00e+00	0.00e+00	0.00e+00	0.00e+00	0.00e+00	2.88e-145
 1.94781e+13	0.00e+00	0.00e+00	4.09e-24	1.38e-14	3.18e-04	4.07e-01	5.93e-01	0.00e+00	0.00e+00	0.00e+00	0.00e+00	0.00e+00	4.56e-210
 2.02872e+13	0.00e+00	4.01e-34	5.43e-24	1.70e-14	3.61e-04	4.26e-01	5.74e-01	0.00e+00	0.00e+00	0.00e+00	0.00e+00	0.00e+00	4.63e-275
 2.11007e+13	4.94e-45	5.69e-34	7.14e-24	2.07e-14	4.07e-04	4.45e-01	5.55e-01	0.00e+00	0.00e+00	0.00e+00	0.00e+00	0.00e+00	7.94e-144
 2.19469e+13	0.00e+00	0.00e+00	9.38e-24	2.52e-14	4.59e-04	4.64e-01	5.36e-01	0.00e+00	0.00e+00	0.00e+00	0.00e+00	0.00e+00	3.12e-209
 2.28547e+13	0.00e+00	1.16e-33	1.24e-23	3.08e-14	5.18e-04	4.83e-01	5.16e-01	0.00e+00	0.00e+00	0.00e+00	0.00e+00	0.00e+00	7.88e-275
 2.37988e+13	1.82e-44	1.65e-33	1.64e-23	3.75e-14	5.84e-04	5.03e-01	4.96e-01	0.00e+00	0.00e+00	0.00e+00	0.00e+00	0.00e+00	2.38e-142
 2.47807e+13	0.00e+00	0.00e+00	2.16e-23	4.57e-14	6.57e-04	5.23e-01	4.77e-01	0.00e+00	0.00e+00	0.00e+00	0.00e+00	0.00e+00	2.23e-208
 2.58018e+13	0.00e+00	3.37e-33	2.85e-23	5.57e-14	7.39e-04	5.43e-01	4.57e-01	0.00e+00	0.00e+00	0.00e+00	0.00e+00	0.00e+00	1.35e-274
 2.68638e+13	6.69e-44	4.80e-33	3.75e-23	6.77e-14	8.29e-04	5.62e-01	4.37e-01	0.00e+00	0.00e+00	0.00e+00	0.00e+00	0.00e+00	7.31e-141
 2.79683e+13	0.00e+00	0.00e+00	4.93e-23	8.21e-14	9.29e-04	5.81e-01	4.18e-01	0.00e+00	0.00e+00	0.00e+00	0.00e+00	0.00e+00	1.60e-207
 2.91169e+13	0.00e+00	9.71e-33	6.48e-23	9.95e-14	1.04e-03	6.01e-01	3.98e-01	0.00e+00	0.00e+00	0.00e+00	0.00e+00	0.00e+00	2.33e-274
 3.03115e+13	2.44e-43	1.38e-32	8.49e-23	1.20e-13	1.16e-03	6.19e-01	3.79e-01	0.00e+00	0.00e+00	0.00e+00	0.00e+00	0.00e+00	2.23e-139
 3.15539e+13	0.00e+00	0.00e+00	1.11e-22	1.46e-13	1.30e-03	6.38e-01	3.61e-01	0.00e+00	0.00e+00	0.00e+00	0.00e+00	0.00e+00	1.12e-206
 3.28460e+13	0.00e+00	2.77e-32	1.45e-22	1.76e-13	1.44e-03	6.56e-01	3.43e-01	0.00e+00	0.00e+00	0.00e+00	0.00e+00	0.00e+00	3.87e-274
 3.41062e+13	8.60e-43	3.84e-32	1.87e-22	2.09e-13	1.60e-03	6.73e-01	3.26e-01	0.00e+00	0.00e+00	0.00e+00	0.00e+00	0.00e+00	6.34e-138
 3.53035e+13	0.00e+00	0.00e+00	2.35e-22	2.46e-13	1.75e-03	6.87e-01	3.11e-01	0.00e+00	0.00e+00	0.00e+00	0.00e+00	0.00e+00	7.55e-206
 3.66323e+13	0.00e+00	7.13e-32	3.01e-22	2.92e-13	1.93e-03	7.03e-01	2.95e-01	0.00e+00	0.00e+00	0.00e+00	0.00e+00	0.00e+00	6.95e-274
 3.80836e+13	2.78e-42	9.97e-32	3.89e-22	3.49e-13	2.13e-03	7.19e-01	2.79e-01	0.00e+00	0.00e+00	0.00e+00	0.00e+00	0.00e+00	1.46e-136
 3.94825e+13	0.00e+00	1.36e-31	4.94e-22	4.11e-13	2.34e-03	7.33e-01	2.65e-01	0.00e+00	0.00e+00	0.00e+00	0.00e+00	0.00e+00	4.00e-205
 4.09814e+13	6.07e-42	1.88e-31	6.31e-22	4.88e-13	2.57e-03	7.47e-01	2.50e-01	0.00e+00	0.00e+00	0.00e+00	0.00e+00	0.00e+00	9.35e-274
 4.26506e+13	0.00e+00	2.64e-31	8.21e-22	5.85e-13	2.84e-03	7.62e-01	2.36e-01	0.00e+00	0.00e+00	0.00e+00	0.00e+00	0.00e+00	2.34e-156
 4.43333e+13	1.40e-41	3.69e-31	1.06e-21	6.96e-13	3.13e-03	7.75e-01	2.22e-01	0.00e+00	0.00e+00	0.00e+00	0.00e+00	0.00e+00	1.23e-225
 4.60833e+13	0.00e+00	5.15e-31	1.37e-21	8.29e-13	3.44e-03	7.88e-01	2.08e-01	0.00e+00	0.00e+00	0.00e+00	0.00e+00	0.00e+00	6.34e-295
 4.79565e+13	3.23e-41	7.25e-31	1.77e-21	9.92e-13	3.79e-03	8.01e-01	1.95e-01	0.00e+00	0.00e+00	0.00e+00	0.00e+00	0.00e+00	1.06e-133
 4.99047e+13	0.00e+00	1.02e-30	2.30e-21	1.19e-12	4.18e-03	8.13e-01	1.83e-01	0.00e+00	0.00e+00	0.00e+00	0.00e+00	0.00e+00	6.04e-204
 5.19308e+13	7.55e-41	1.44e-30	2.99e-21	1.42e-12	4.60e-03	8.25e-01	1.71e-01	0.00e+00	0.00e+00	0.00e+00	0.00e+00	0.00e+00	3.95e-274
 5.40380e+13	0.00e+00	2.03e-30	3.88e-21	1.69e-12	5.06e-03	8.36e-01	1.59e-01	0.00e+00	0.00e+00	0.00e+00	0.00e+00	0.00e+00	3.78e-153
 5.62294e+13	1.77e-40	2.86e-30	5.04e-21	2.02e-12	5.56e-03	8.46e-01	1.49e-01	0.00e+00	0.00e+00	0.00e+00	0.00e+00	0.00e+00	0.00e+00
 5.85085e+13	0.00e+00	4.02e-30	6.54e-21	2.41e-12	6.11e-03	8.55e-01	1.38e-01	0.00e+00	0.00e+00	0.00e+00	0.00e+00	0.00e+00	0.00e+00
 6.08788e+13	4.14e-40	5.67e-30	8.48e-21	2.88e-12	6.71e-03	8.65e-01	1.29e-01	0.00e+00	0.00e+00	0.00e+00	0.00e+00	0.00e+00	1.04e-130
 6.31035e+13	0.00e+00	7.74e-30	1.07e-20	3.38e-12	7.30e-03	8.72e-01	1.21e-01	0.00e+00	0.00e+00	0.00e+00	0.00e+00	0.00e+00	0.00e+00
 6.50862e+13	8.49e-40	1.01e-29	1.32e-20	3.87e-12	7.84e-03	8.78e-01	1.14e-01	0.00e+00	0.00e+00	0.00e+00	0.00e+00	0.00e+00	7.26e-130
 6.73090e+13	0.00e+00	1.36e-29	1.64e-20	4.50e-12	8.48e-03	8.85e-01	1.07e-01	0.00e+00	0.00e+00	0.00e+00	0.00e+00	0.00e+00	0.00e+00
 6.99516e+13	1.85e-39	1.90e-29	2.12e-20	5.34e-12	9.27e-03	8.92e-01	9.92e-02	0.00e+00	0.00e+00	0.00e+00	0.00e+00	0.00e+00	5.98e-129
 7.26013e+13	0.00e+00	2.63e-29	2.71e-20	6.31e-12	1.01e-02	8.98e-01	9.23e-02	0.00e+00	0.00e+00	0.00e+00	0.00e+00	0.00e+00	0.00e+00
 7.50802e+13	3.99e-39	3.52e-29	3.38e-20	7.32e-12	1.09e-02	9.03e-01	8.64e-02	0.00e+00	0.00e+00	0.00e+00	0.00e+00	0.00e+00	4.78e-128
 7.78366e+13	0.00e+00	4.83e-29	4.30e-20	8.60e-12	1.19e-02	9.08e-01	8.04e-02	0.00e+00	0.00e+00	0.00e+00	0.00e+00	0.00e+00	0.00e+00
 8.09799e+13	9.13e-39	6.84e-29	5.60e-20	1.03e-11	1.30e-02	9.13e-01	7.43e-02	0.00e+00	0.00e+00	0.00e+00	0.00e+00	0.00e+00	4.47e-127
 8.41013e+13	0.00e+00	9.56e-29	7.21e-20	1.22e-11	1.42e-02	9.17e-01	6.88e-02	0.00e+00	0.00e+00	0.00e+00	0.00e+00	0.00e+00	0.00e+00
 8.73475e+13	2.10e-38	1.34e-28	9.31e-20	1.44e-11	1.55e-02	9.21e-01	6.36e-02	0.00e+00	0.00e+00	0.00e+00	0.00e+00	0.00e+00	4.25e-126
 9.08713e+13	0.00e+00	1.90e-28	1.21e-19	1.72e-11	1.69e-02	9.24e-01	5.86e-02	0.00e+00	0.00e+00	0.00e+00	0.00e+00	0.00e+00	0.00e+00
 9.44558e+13	5.00e-38	2.68e-28	1.58e-19	2.05e-11	1.85e-02	9.27e-01	5.40e-02	0.00e+00	0.00e+00	0.00e+00	0.00e+00	0.00e+00	4.39e-125
 9.77730e+13	0.00e+00	3.66e-28	1.99e-19	2.40e-11	2.00e-02	9.30e-01	5.02e-02	0.00e+00	0.00e+00	0.00e+00	0.00e+00	0.00e+00	0.00e+00
 1.00795e+14	1.03e-37	4.81e-28	2.45e-19	2.75e-11	2.14e-02	9.32e-01	4.70e-02	0.00e+00	0.00e+00	0.00e+00	0.00e+00	0.00e+00	3.09e-124
 1.04229e+14	0.00e+00	6.50e-28	3.08e-19	3.20e-11	2.31e-02	9.33e-01	4.37e-02	0.00e+00	0.00e+00	0.00e+00	0.00e+00	0.00e+00	0.00e+00
 1.08308e+14	2.32e-37	9.21e-28	4.01e-19	3.82e-11	2.53e-02	9.35e-01	4.02e-02	0.00e+00	0.00e+00	0.00e+00	0.00e+00	0.00e+00	2.71e-123
 1.12367e+14	0.00e+00	1.29e-27	5.16e-19	4.52e-11	2.75e-02	9.35e-01	3.70e-02	0.00e+00	0.00e+00	0.00e+00	0.00e+00	0.00e+00	0.00e+00
 1.16117e+14	5.09e-37	1.73e-27	6.48e-19	5.25e-11	2.96e-02	9.36e-01	3.44e-02	0.00e+00	0.00e+00	0.00e+00	0.00e+00	0.00e+00	2.24e-122
 1.20321e+14	0.00e+00	2.40e-27	8.29e-19	6.19e-11	3.21e-02	9.36e-01	3.17e-02	0.00e+00	0.00e+00	0.00e+00	0.00e+00	0.00e+00	0.00e+00
 1.25163e+14	1.19e-36	3.45e-27	1.09e-18	7.43e-11	3.52e-02	9.36e-01	2.90e-02	0.00e+00	0.00e+00	0.00e+00	0.00e+00	0.00e+00	2.20e-121
 1.29888e+14	0.00e+00	4.85e-27	1.41e-18	8.82e-11	3.83e-02	9.35e-01	2.66e-02	0.00e+00	0.00e+00	0.00e+00	0.00e+00	0.00e+00	0.00e+00
 1.34382e+14	2.69e-36	6.63e-27	1.79e-18	1.03e-10	4.14e-02	9.34e-01	2.46e-02	0.00e+00	0.00e+00	0.00e+00	0.00e+00	0.00e+00	1.94e-120
 1.39367e+14	0.00e+00	9.29e-27	2.32e-18	1.22e-10	4.50e-02	9.32e-01	2.25e-02	0.00e+00	0.00e+00	0.00e+00	0.00e+00	0.00e+00	0.00e+00
 1.44971e+14	6.45e-36	1.34e-26	3.06e-18	1.47e-10	4.92e-02	9.30e-01	2.05e-02	0.00e+00	0.00e+00	0.00e+00	0.00e+00	0.00e+00	1.99e-119
 1.50582e+14	0.00e+00	1.91e-26	4.01e-18	1.76e-10	5.37e-02	9.28e-01	1.87e-02	0.00e+00	0.00e+00	0.00e+00	0.00e+00	0.00e+00	0.00e+00
 1.56417e+14	1.55e-35	2.72e-26	5.25e-18	2.10e-10	5.86e-02	9.24e-01	1.70e-02	0.00e+00	0.00e+00	0.00e+00	0.00e+00	0.00e+00	2.05e-118
 1.62534e+14	0.00e+00	3.88e-26	6.90e-18	2.52e-10	6.40e-02	9.21e-01	1.55e-02	0.00e+00	0.00e+00	0.00e+00	0.00e+00	0.00e+00	0.00e+00
 1.68592e+14	3.69e-35	5.47e-26	8.95e-18	3.00e-10	6.95e-02	9.16e-01	1.41e-02	0.00e+00	0.00e+00	0.00e+00	0.00e+00	0.00e+00	2.05e-117
 1.75062e+14	0.00e+00	7.77e-26	1.17e-17	3.59e-10	7.57e-02	9.11e-01	1.28e-02	0.00e+00	0.00e+00	0.00e+00	0.00e+00	0.00e+00	0.00e+00
 1.82095e+14	8.98e-35	1.12e-25	1.55e-17	4.32e-10	8.28e-02	9.06e-01	1.16e-02	0.00e+00	0.00e+00	0.00e+00	0.00e+00	0.00e+00	2.18e-116
 1.89408e+14	0.00e+00	1.62e-25	2.06e-17	5.21e-10	9.05e-02	8.99e-01	1.05e-02	0.00e+00	0.00e+00	0.00e+00	0.00e+00	0.00e+00	0.00e+00
 1.97015e+14	2.23e-34	2.34e-25	2.73e-17	6.28e-10	9.89e-02	8.92e-01	9.43e-03	0.00e+00	0.00e+00	0.00e+00	0.00e+00	0.00e+00	2.42e-115
 2.04925e+14	0.00e+00	3.37e-25	3.62e-17	7.57e-10	1.08e-01	8.84e-01	8.49e-03	0.00e+00	0.00e+00	0.00e+00	0.00e+00	0.00e+00	7.50e-99
 2.12087e+14	5.18e-34	4.63e-25	4.62e-17	8.90e-10	1.16e-01	8.76e-01	7.74e-03	0.00e+00	0.00e+00	0.00e+00	0.00e+00	0.00e+00	0.00e+00
 2.18071e+14	0.00e+00	5.99e-25	5.63e-17	1.02e-09	1.24e-01	8.69e-01	7.17e-03	0.00e+00	0.00e+00	0.00e+00	0.00e+00	0.00e+00	1.87e-133
 2.24636e+14	9.93e-34	7.86e-25	6.95e-17	1.17e-09	1.32e-01	8.61e-01	6.61e-03	0.00e+00	0.00e+00	0.00e+00	0.00e+00	0.00e+00	1.60e-96
 2.32928e+14	0.00e+00	1.09e-24	8.98e-17	1.38e-09	1.43e-01	8.51e-01	5.97e-03	0.00e+00	0.00e+00	0.00e+00	0.00e+00	0.00e+00	0.00e+00
 2.41572e+14	2.24e-33	1.52e-24	1.16e-16	1.64e-09	1.54e-01	8.40e-01	5.39e-03	0.00e+00	0.00e+00	0.00e+00	0.00e+00	0.00e+00	1.12e-112
 2.48922e+14	0.00e+00	2.00e-24	1.43e-16	1.88e-09	1.64e-01	8.31e-01	4.95e-03	0.00e+00	0.00e+00	0.00e+00	0.00e+00	0.00e+00	9.88e-97
 2.56486e+14	4.35e-33	2.61e-24	1.76e-16	2.16e-09	1.75e-01	8.21e-01	4.54e-03	0.00e+00	0.00e+00	0.00e+00	0.00e+00	0.00e+00	0.00e+00
 2.65991e+14	0.00e+00	3.60e-24	2.26e-16	2.55e-09	1.88e-01	8.08e-01	4.09e-03	0.00e+00	0.00e+00	0.00e+00	0.00e+00	0.00e+00	1.19e-130
 2.75672e+14	9.53e-33	4.94e-24	2.89e-16	3.00e-09	2.02e-01	7.94e-01	3.68e-03	0.00e+00	0.00e+00	0.00e+00	0.00e+00	0.00e+00	2.37e-94
 2.84063e+14	0.00e+00	6.41e-24	3.54e-16	3.44e-09	2.14e-01	7.82e-01	3.37e-03	0.00e+00	0.00e+00	0.00e+00	0.00e+00	0.00e+00	0.00e+00
 2.93125e+14	1.83e-32	8.40e-24	4.37e-16	3.95e-09	2.28e-01	7.69e-01	3.07e-03	0.00e+00	0.00e+00	0.00e+00	0.00e+00	0.00e+00	3.13e-110
 3.04227e+14	0.00e+00	1.15e-23	5.60e-16	4.65e-09	2.44e-01	7.53e-01	2.74e-03	0.00e+00	0.00e+00	0.00e+00	0.00e+00	0.00e+00	1.23e-94
 3.15588e+14	3.96e-32	1.57e-23	7.12e-16	5.45e-09	2.61e-01	7.36e-01	2.45e-03	0.00e+00	0.00e+00	0.00e+00	0.00e+00	0.00e+00	0.00e+00
 3.26007e+14	0.00e+00	2.06e-23	8.79e-16	6.26e-09	2.77e-01	7.21e-01	2.22e-03	0.00e+00	0.00e+00	0.00e+00	0.00e+00	0.00e+00	7.13e-128
 3.37591e+14	7.89e-32	2.75e-23	1.10e-15	7.25e-09	2.94e-01	7.04e-01	1.99e-03	0.00e+00	0.00e+00	0.00e+00	0.00e+00	0.00e+00	2.61e-92
 3.51037e+14	1.17e-31	3.78e-23	1.41e-15	8.52e-09	3.14e-01	6.84e-01	1.76e-03	0.00e+00	0.00e+00	0.00e+00	0.00e+00	0.00e+00	0.00e+00
 3.64280e+14	1.68e-31	5.09e-23	1.77e-15	9.91e-09	3.34e-01	6.65e-01	1.57e-03	0.00e+00	0.00e+00	0.00e+00	0.00e+00	0.00e+00	1.37e-107
 3.76905e+14	2.35e-31	6.68e-23	2.19e-15	1.14e-08	3.52e-01	6.46e-01	1.41e-03	0.00e+00	0.00e+00	0.00e+00	0.00e+00	0.00e+00	3.08e-91
 3.90863e+14	3.35e-31	8.89e-23	2.73e-15	1.31e-08	3.72e-01	6.27e-01	1.25e-03	0.00e+00	0.00e+00	0.00e+00	0.00e+00	0.00e+00	0.00e+00
 4.06528e+14	4.88e-31	1.21e-22	3.46e-15	1.53e-08	3.94e-01	6.05e-01	1.10e-03	0.00e+00	0.00e+00	0.00e+00	0.00e+00	0.00e+00	2.70e-106
 4.22260e+14	6.99e-31	1.61e-22	4.32e-15	1.76e-08	4.16e-01	5.83e-01	9.72e-04	0.00e+00	0.00e+00	0.00e+00	0.00e+00	0.00e+00	3.72e-90
 4.36282e+14	9.50e-31	2.06e-22	5.23e-15	1.99e-08	4.35e-01	5.65e-01	8.72e-04	0.00e+00	0.00e+00	0.00e+00	0.00e+00	0.00e+00	0.00e+00
 4.48080e+14	1.22e-30	2.52e-22	6.10e-15	2.20e-08	4.50e-01	5.49e-01	7.97e-04	0.00e+00	0.00e+00	0.00e+00	0.00e+00	0.00e+00	3.66e-105
 4.60782e+14	1.57e-30	3.10e-22	7.16e-15	2.44e-08	4.66e-01	5.33e-01	7.25e-04	0.00e+00	0.00e+00	0.00e+00	0.00e+00	0.00e+00	2.44e-89
 4.77295e+14	2.17e-30	4.02e-22	8.73e-15	2.76e-08	4.87e-01	5.13e-01	6.43e-04	0.00e+00	0.00e+00	0.00e+00	0.00e+00	0.00e+00	0.00e+00
 4.94580e+14	3.00e-30	5.21e-22	1.06e-14	3.13e-08	5.07e-01	4.92e-01	5.69e-04	0.00e+00	0.00e+00	0.00e+00	0.00e+00	0.00e+00	4.97e-104
 5.09366e+14	3.91e-30	6.44e-22	1.25e-14	3.47e-08	5.24e-01	4.75e-01	5.13e-04	0.00e+00	0.00e+00	0.00e+00	0.00e+00	0.00e+00	2.07e-88
 5.25085e+14	5.12e-30	8.00e-22	1.48e-14	3.84e-08	5.42e-01	4.58e-01	4.61e-04	0.00e+00	0.00e+00	0.00e+00	0.00e+00	0.00e+00	0.00e+00
 5.44665e+14	7.08e-30	1.04e-21	1.80e-14	4.35e-08	5.62e-01	4.37e-01	4.05e-04	0.00e+00	0.00e+00	0.00e+00	0.00e+00	0.00e+00	6.20e-103
 5.64775e+14	9.72e-30	1.34e-21	2.18e-14	4.90e-08	5.83e-01	4.17e-01	3.56e-04	0.00e+00	0.00e+00	0.00e+00	0.00e+00	0.00e+00	1.82e-87
 5.82757e+14	1.28e-29	1.66e-21	2.57e-14	5.42e-08	6.00e-01	4.00e-01	3.18e-04	0.00e+00	0.00e+00	0.00e+00	0.00e+00	0.00e+00	3.58e-102
 6.02458e+14	1.70e-29	2.09e-21	3.05e-14	6.03e-08	6.18e-01	3.82e-01	2.81e-04	0.00e+00	0.00e+00	0.00e+00	0.00e+00	0.00e+00	7.03e-87
 6.24023e+14	2.30e-29	2.65e-21	3.66e-14	6.73e-08	6.36e-01	3.63e-01	2.47e-04	0.00e+00	0.00e+00	0.00e+00	0.00e+00	0.00e+00	2.09e-101
 6.43696e+14	2.99e-29	3.27e-21	4.28e-14	7.40e-08	6.53e-01	3.47e-01	2.21e-04	0.00e+00	0.00e+00	0.00e+00	0.00e+00	0.00e+00	2.79e-86
 6.64957e+14	3.94e-29	4.07e-21	5.04e-14	8.17e-08	6.69e-01	3.31e-01	1.95e-04	0.00e+00	0.00e+00	0.00e+00	0.00e+00	0.00e+00	1.07e-100
 6.88778e+14	5.30e-29	5.14e-21	6.00e-14	9.08e-08	6.86e-01	3.14e-01	1.71e-04	0.00e+00	0.00e+00	0.00e+00	0.00e+00	0.00e+00	1.14e-85
 7.11296e+14	6.93e-29	6.36e-21	7.03e-14	9.98e-08	7.01e-01	2.99e-01	1.52e-04	0.00e+00	0.00e+00	0.00e+00	0.00e+00	0.00e+00	6.03e-100
 7.35938e+14	9.20e-29	7.96e-21	8.30e-14	1.10e-07	7.17e-01	2.83e-01	1.33e-04	0.00e+00	0.00e+00	0.00e+00	0.00e+00	0.00e+00	4.49e-85
 7.63251e+14	1.24e-28	1.01e-20	9.89e-14	1.22e-07	7.33e-01	2.67e-01	1.16e-04	0.00e+00	0.00e+00	0.00e+00	0.00e+00	0.00e+00	3.66e-99
 7.88707e+14	1.63e-28	1.25e-20	1.16e-13	1.34e-07	7.47e-01	2.53e-01	1.03e-04	0.00e+00	0.00e+00	0.00e+00	0.00e+00	0.00e+00	1.90e-84
 8.16471e+14	2.16e-28	1.56e-20	1.36e-13	1.47e-07	7.61e-01	2.39e-01	8.98e-05	0.00e+00	0.00e+00	0.00e+00	0.00e+00	0.00e+00	2.05e-98
 8.47538e+14	2.94e-28	1.98e-20	1.62e-13	1.63e-07	7.75e-01	2.25e-01	7.78e-05	0.00e+00	0.00e+00	0.00e+00	0.00e+00	0.00e+00	8.49e-84
 8.76991e+14	3.88e-28	2.46e-20	1.90e-13	1.78e-07	7.88e-01	2.12e-01	6.83e-05	0.00e+00	0.00e+00	0.00e+00	0.00e+00	0.00e+00	1.28e-97
 9.08905e+14	5.19e-28	3.09e-20	2.23e-13	1.96e-07	8.00e-01	1.99e-01	5.94e-05	0.00e+00	0.00e+00	0.00e+00	0.00e+00	0.00e+00	3.67e-83
 9.44442e+14	7.09e-28	3.93e-20	2.66e-13	2.16e-07	8.13e-01	1.87e-01	5.12e-05	0.00e+00	0.00e+00	0.00e+00	0.00e+00	0.00e+00	8.48e-97
 9.78719e+14	9.46e-28	4.92e-20	3.12e-13	2.36e-07	8.25e-01	1.75e-01	4.46e-05	0.00e+00	0.00e+00	0.00e+00	0.00e+00	0.00e+00	1.74e-82
 1.01522e+15	1.27e-27	6.18e-20	3.67e-13	2.59e-07	8.36e-01	1.64e-01	3.87e-05	0.00e+00	0.00e+00	0.00e+00	0.00e+00	0.00e+00	5.40e-96
 1.05585e+15	1.75e-27	7.90e-20	4.37e-13	2.85e-07	8.47e-01	1.53e-01	3.32e-05	0.00e+00	0.00e+00	0.00e+00	0.00e+00	0.00e+00	8.64e-82
 1.09675e+15	2.37e-27	1.00e-19	5.17e-13	3.13e-07	8.57e-01	1.43e-01	2.87e-05	0.00e+00	0.00e+00	0.00e+00	0.00e+00	0.00e+00	3.92e-95
 1.13929e+15	3.23e-27	1.27e-19	6.10e-13	3.42e-07	8.66e-01	1.34e-01	2.47e-05	0.00e+00	0.00e+00	0.00e+00	0.00e+00	0.00e+00	4.36e-81
 1.18489e+15	4.43e-27	1.62e-19	7.23e-13	3.76e-07	8.75e-01	1.25e-01	2.12e-05	0.00e+00	0.00e+00	0.00e+00	0.00e+00	0.00e+00	2.87e-94
 1.23232e+15	6.08e-27	2.06e-19	8.56e-13	4.12e-07	8.84e-01	1.16e-01	1.82e-05	0.00e+00	0.00e+00	0.00e+00	0.00e+00	0.00e+00	2.35e-80
 1.27785e+15	8.15e-27	2.58e-19	1.00e-12	4.47e-07	8.91e-01	1.09e-01	1.58e-05	0.00e+00	0.00e+00	0.00e+00	0.00e+00	0.00e+00	2.02e-93
 1.32005e+15	1.06e-26	3.15e-19	1.15e-12	4.82e-07	8.98e-01	1.02e-01	1.39e-05	0.00e+00	0.00e+00	0.00e+00	0.00e+00	0.00e+00	1.04e-79
 1.35985e+15	1.35e-26	3.78e-19	1.30e-12	5.15e-07	9.03e-01	9.68e-02	1.24e-05	0.00e+00	0.00e+00	0.00e+00	0.00e+00	0.00e+00	1.01e-92
 1.40347e+15	1.74e-26	4.58e-19	1.49e-12	5.53e-07	9.09e-01	9.13e-02	1.10e-05	0.00e+00	0.00e+00	0.00e+00	0.00e+00	0.00e+00	3.90e-79
 1.45213e+15	2.29e-26	5.65e-19	1.72e-12	5.97e-07	9.14e-01	8.57e-02	9.61e-06	0.00e+00	0.00e+00	0.00e+00	0.00e+00	0.00e+00	5.52e-92
 1.49812e+15	2.94e-26	6.84e-19	1.96e-12	6.39e-07	9.19e-01	8.08e-02	8.51e-06	0.00e+00	0.00e+00	0.00e+00	0.00e+00	0.00e+00	1.62e-78
 1.54865e+15	3.85e-26	8.38e-19	2.25e-12	6.87e-07	9.24e-01	7.60e-02	7.48e-06	0.00e+00	0.00e+00	0.00e+00	0.00e+00	0.00e+00	2.94e-91
 1.60530e+15	5.15e-26	1.04e-18	2.61e-12	7.43e-07	9.29e-01	7.10e-02	6.50e-06	0.00e+00	0.00e+00	0.00e+00	0.00e+00	0.00e+00	7.33e-78
 1.65814e+15	6.69e-26	1.27e-18	2.99e-12	7.97e-07	9.33e-01	6.68e-02	5.73e-06	0.00e+00	0.00e+00	0.00e+00	0.00e+00	0.00e+00	1.74e-90
 1.70754e+15	8.49e-26	1.52e-18	3.37e-12	8.49e-07	9.37e-01	6.32e-02	5.12e-06	0.00e+00	0.00e+00	0.00e+00	0.00e+00	0.00e+00	2.85e-77
 1.76423e+15	1.11e-25	1.86e-18	3.86e-12	9.10e-07	9.41e-01	5.95e-02	4.50e-06	0.00e+00	0.00e+00	0.00e+00	0.00e+00	0.00e+00	8.75e-90
 1.82830e+15	1.48e-25	2.31e-18	4.47e-12	9.81e-07	9.44e-01	5.56e-02	3.92e-06	0.00e+00	0.00e+00	0.00e+00	0.00e+00	0.00e+00	1.28e-76
 1.88964e+15	1.93e-25	2.83e-18	5.12e-12	1.05e-06	9.48e-01	5.22e-02	3.45e-06	0.00e+00	0.00e+00	0.00e+00	0.00e+00	0.00e+00	5.26e-89
 1.95704e+15	2.56e-25	3.50e-18	5.91e-12	1.13e-06	9.51e-01	4.89e-02	3.01e-06	0.00e+00	0.00e+00	0.00e+00	0.00e+00	0.00e+00	5.77e-76
 2.03133e+15	3.46e-25	4.40e-18	6.88e-12	1.22e-06	9.54e-01	4.55e-02	2.60e-06	0.00e+00	0.00e+00	0.00e+00	0.00e+00	0.00e+00	3.48e-88
 2.09995e+15	4.53e-25	5.38e-18	7.88e-12	1.31e-06	9.57e-01	4.27e-02	2.29e-06	0.00e+00	0.00e+00	0.00e+00	0.00e+00	0.00e+00	2.75e-75
 2.17457e+15	6.01e-25	6.66e-18	9.09e-12	1.41e-06	9.60e-01	4.00e-02	1.99e-06	0.00e+00	0.00e+00	0.00e+00	0.00e+00	0.00e+00	2.07e-87
 2.25823e+15	8.16e-25	8.38e-18	1.06e-11	1.52e-06	9.63e-01	3.72e-02	1.72e-06	0.00e+00	0.00e+00	0.00e+00	0.00e+00	0.00e+00	1.38e-74
 2.33764e+15	1.08e-24	1.03e-17	1.22e-11	1.64e-06	9.65e-01	3.48e-02	1.50e-06	0.00e+00	0.00e+00	0.00e+00	0.00e+00	0.00e+00	1.37e-86
 2.42309e+15	1.44e-24	1.29e-17	1.41e-11	1.76e-06	9.68e-01	3.25e-02	1.31e-06	0.00e+00	0.00e+00	0.00e+00	0.00e+00	0.00e+00	6.57e-74
 2.51778e+15	1.97e-24	1.62e-17	1.65e-11	1.91e-06	9.70e-01	3.02e-02	1.13e-06	0.00e+00	0.00e+00	0.00e+00	0.00e+00	0.00e+00	9.58e-86
 2.60912e+15	2.63e-24	2.01e-17	1.90e-11	2.05e-06	9.72e-01	2.82e-02	9.79e-07	0.00e+00	0.00e+00	0.00e+00	0.00e+00	0.00e+00	3.39e-73
 2.70638e+15	3.53e-24	2.52e-17	2.21e-11	2.21e-06	9.74e-01	2.63e-02	0.00e+00	0.00e+00	0.00e+00	0.00e+00	0.00e+00	0.00e+00	6.35e-85
 2.81467e+15	4.85e-24	3.19e-17	2.58e-11	2.39e-06	9.76e-01	2.43e-02	0.00e+00	0.00e+00	0.00e+00	0.00e+00	0.00e+00	0.00e+00	1.82e-72
 2.92303e+15	6.58e-24	4.01e-17	3.01e-11	2.58e-06	9.77e-01	2.26e-02	0.00e+00	0.00e+00	0.00e+00	0.00e+00	0.00e+00	0.00e+00	4.77e-84
 3.03573e+15	8.92e-24	5.04e-17	3.51e-11	2.79e-06	9.79e-01	2.10e-02	0.00e+00	0.00e+00	0.00e+00	0.00e+00	2.33e-17	2.71e-17	9.73e-72
 3.15719e+15	1.22e-23	6.39e-17	4.11e-11	3.02e-06	9.81e-01	1.95e-02	0.00e+00	0.00e+00	0.00e+00	0.00e+00	2.13e-17	4.26e-17	3.58e-83
 3.28351e+15	1.68e-23	8.10e-17	4.81e-11	3.27e-06	9.82e-01	1.80e-02	0.00e+00	0.00e+00	0.00e+00	0.00e+00	2.70e-17	5.40e-17	5.51e-71
 3.40585e+15	2.25e-23	1.01e-16	5.57e-11	3.52e-06	9.83e-01	1.68e-02	0.00e+00	0.00e+00	0.00e+00	0.00e+00	3.37e-17	6.73e-17	1.23e-70
 3.52095e+15	2.94e-23	1.23e-16	6.37e-11	3.77e-06	9.84e-01	1.57e-02	0.00e+00	0.00e+00	0.00e+00	0.00e+00	4.12e-17	8.22e-17	2.57e-70
 3.64968e+15	3.92e-23	1.53e-16	7.37e-11	4.05e-06	9.85e-01	1.46e-02	0.00e+00	0.00e+00	0.00e+00	0.00e+00	5.12e-17	1.02e-16	5.66e-70
 3.77975e+15	5.19e-23	1.89e-16	8.48e-11	4.35e-06	9.86e-01	1.37e-02	0.00e+00	0.00e+00	0.00e+00	0.00e+00	6.32e-17	1.26e-16	1.22e-69
 3.88840e+15	6.52e-23	2.24e-16	9.51e-11	4.61e-06	9.87e-01	1.29e-02	0.00e+00	0.00e+00	0.00e+00	0.00e+00	7.50e-17	1.49e-16	2.27e-69
 4.00375e+15	8.23e-23	2.68e-16	1.07e-10	4.89e-06	9.88e-01	1.22e-02	0.00e+00	0.00e+00	0.00e+00	0.00e+00	8.95e-17	1.78e-16	4.32e-69
 4.15035e+15	1.10e-22	3.32e-16	1.24e-10	5.26e-06	9.89e-01	1.13e-02	0.00e+00	0.00e+00	0.00e+00	0.00e+00	1.11e-16	2.21e-16	9.47e-69
 4.30342e+15	1.46e-22	4.13e-16	1.43e-10	5.67e-06	9.89e-01	1.06e-02	0.00e+00	0.00e+00	0.00e+00	0.00e+00	1.38e-16	2.74e-16	2.09e-68
 4.43928e+15	1.88e-22	4.97e-16	1.62e-10	6.04e-06	9.90e-01	9.92e-03	0.00e+00	0.00e+00	0.00e+00	0.00e+00	1.67e-16	3.31e-16	4.11e-68
 4.58688e+15	2.43e-22	6.05e-16	1.85e-10	6.46e-06	9.91e-01	9.29e-03	0.00e+00	0.00e+00	0.00e+00	0.00e+00	2.03e-16	4.02e-16	8.37e-68
 4.76373e+15	3.29e-22	7.58e-16	2.16e-10	6.98e-06	9.91e-01	8.61e-03	0.00e+00	0.00e+00	0.00e+00	0.00e+00	2.54e-16	5.04e-16	1.90e-67
 4.94248e+15	4.40e-22	9.45e-16	2.50e-10	7.53e-06	9.92e-01	7.99e-03	0.00e+00	0.00e+00	0.00e+00	0.00e+00	3.17e-16	6.28e-16	4.23e-67
 5.11034e+15	5.73e-22	1.15e-15	2.86e-10	8.06e-06	9.93e-01	7.47e-03	0.00e+00	0.00e+00	0.00e+00	0.00e+00	3.88e-16	7.67e-16	8.70e-67
 5.29673e+15	7.61e-22	1.43e-15	3.31e-10	8.68e-06	9.93e-01	6.95e-03	0.00e+00	0.00e+00	0.00e+00	0.00e+00	4.81e-16	9.49e-16	1.88e-66
 5.49351e+15	1.02e-21	1.78e-15	3.84e-10	9.36e-06	9.94e-01	6.45e-03	0.00e+00	0.00e+00	0.00e+00	0.00e+00	5.98e-16	1.18e-15	4.13e-66
 5.66824e+15	1.30e-21	2.14e-15	4.36e-10	9.98e-06	9.94e-01	6.06e-03	0.00e+00	0.00e+00	0.00e+00	0.00e+00	7.22e-16	1.42e-15	8.12e-66
 5.85644e+15	1.68e-21	2.60e-15	4.97e-10	1.07e-05	9.94e-01	5.66e-03	0.00e+00	0.00e+00	0.00e+00	0.00e+00	8.77e-16	1.72e-15	1.64e-65
 6.08209e+15	2.26e-21	3.26e-15	5.79e-10	1.15e-05	9.95e-01	5.24e-03	0.00e+00	0.00e+00	0.00e+00	0.00e+00	1.10e-15	2.16e-15	3.67e-65
 6.30432e+15	3.00e-21	4.03e-15	6.70e-10	1.24e-05	9.95e-01	4.87e-03	0.00e+00	0.00e+00	0.00e+00	0.00e+00	1.36e-15	2.67e-15	7.93e-65
 6.50222e+15	3.83e-21	4.85e-15	7.59e-10	1.33e-05	9.95e-01	4.57e-03	0.00e+00	0.00e+00	0.00e+00	0.00e+00	1.64e-15	3.21e-15	1.54e-64
 6.72057e+15	4.96e-21	5.90e-15	8.68e-10	1.42e-05	9.96e-01	4.27e-03	0.00e+00	0.00e+00	0.00e+00	0.00e+00	2.00e-15	3.90e-15	3.11e-64
 6.98088e+15	6.68e-21	7.39e-15	1.01e-09	1.54e-05	9.96e-01	3.95e-03	0.00e+00	0.00e+00	0.00e+00	0.00e+00	2.51e-15	4.88e-15	6.99e-64
 7.23944e+15	8.88e-21	9.17e-15	1.17e-09	1.66e-05	9.96e-01	3.67e-03	0.00e+00	0.00e+00	0.00e+00	0.00e+00	3.12e-15	6.06e-15	1.52e-63
 7.47593e+15	1.14e-20	1.11e-14	1.34e-09	1.77e-05	9.97e-01	3.44e-03	0.00e+00	0.00e+00	0.00e+00	0.00e+00	3.78e-15	7.32e-15	3.02e-63
 7.74004e+15	1.50e-20	1.36e-14	1.54e-09	1.90e-05	9.97e-01	3.20e-03	0.00e+00	0.00e+00	0.00e+00	0.00e+00	4.64e-15	8.99e-15	6.31e-63
 8.04712e+15	2.03e-20	1.72e-14	1.80e-09	2.06e-05	9.97e-01	2.95e-03	0.00e+00	0.00e+00	0.00e+00	0.00e+00	5.86e-15	1.13e-14	1.45e-62
 8.34849e+15	2.71e-20	2.14e-14	2.09e-09	2.23e-05	9.97e-01	2.74e-03	0.00e+00	0.00e+00	0.00e+00	0.00e+00	7.30e-15	1.40e-14	3.17e-62
 8.63337e+15	3.52e-20	2.61e-14	2.39e-09	2.39e-05	9.97e-01	2.55e-03	0.00e+00	0.00e+00	0.00e+00	0.00e+00	8.93e-15	1.71e-14	6.48e-62
 8.95018e+15	4.67e-20	3.22e-14	2.77e-09	2.57e-05	9.98e-01	2.37e-03	0.00e+00	0.00e+00	0.00e+00	0.00e+00	1.11e-14	2.12e-14	1.40e-61
 9.30822e+15	6.35e-20	4.07e-14	3.24e-09	2.79e-05	9.98e-01	2.19e-03	0.00e+00	0.00e+00	0.00e+00	0.00e+00	1.40e-14	2.67e-14	3.22e-61
 9.64815e+15	8.41e-20	5.03e-14	3.75e-09	3.00e-05	9.98e-01	2.03e-03	0.00e+00	0.00e+00	0.00e+00	0.00e+00	1.74e-14	3.30e-14	6.94e-61
 9.95785e+15	1.08e-19	6.07e-14	4.26e-09	3.21e-05	9.98e-01	1.91e-03	0.00e+00	0.00e+00	0.00e+00	0.00e+00	2.10e-14	3.97e-14	1.36e-60
 1.03081e+16	1.41e-19	7.45e-14	4.90e-09	3.45e-05	9.98e-01	1.77e-03	0.00e+00	0.00e+00	0.00e+00	0.00e+00	2.58e-14	4.87e-14	2.85e-60
 1.07162e+16	1.91e-19	9.38e-14	5.73e-09	3.73e-05	9.98e-01	1.64e-03	0.00e+00	0.00e+00	0.00e+00	0.00e+00	3.26e-14	6.12e-14	6.54e-60
 1.11081e+16	2.54e-19	1.16e-13	6.62e-09	4.02e-05	9.98e-01	1.52e-03	0.00e+00	0.00e+00	0.00e+00	0.00e+00	4.05e-14	7.56e-14	1.41e-59
 1.14634e+16	3.25e-19	1.40e-13	7.52e-09	4.29e-05	9.99e-01	1.43e-03	0.00e+00	0.00e+00	0.00e+00	0.00e+00	4.89e-14	9.10e-14	2.78e-59
 1.17973e+16	4.07e-19	1.66e-13	8.44e-09	4.55e-05	9.99e-01	1.35e-03	0.00e+00	0.00e+00	0.00e+00	0.00e+00	5.82e-14	1.08e-13	5.15e-59
 1.21660e+16	5.18e-19	1.99e-13	9.55e-09	4.85e-05	9.99e-01	1.26e-03	0.00e+00	0.00e+00	0.00e+00	0.00e+00	7.00e-14	1.29e-13	9.96e-59
 1.25784e+16	6.73e-19	2.43e-13	1.09e-08	5.19e-05	9.99e-01	1.18e-03	0.00e+00	0.00e+00	0.00e+00	0.00e+00	8.56e-14	1.57e-13	2.04e-58
 1.29688e+16	8.56e-19	2.91e-13	1.24e-08	5.52e-05	9.99e-01	1.11e-03	0.00e+00	0.00e+00	0.00e+00	0.00e+00	1.03e-13	1.88e-13	3.94e-58
 1.33975e+16	1.10e-18	3.53e-13	1.41e-08	5.90e-05	9.99e-01	1.04e-03	0.00e+00	0.00e+00	0.00e+00	0.00e+00	1.25e-13	2.28e-13	7.93e-58
 1.38766e+16	1.46e-18	4.35e-13	1.62e-08	6.35e-05	9.99e-01	9.67e-04	0.00e+00	0.00e+00	0.00e+00	0.00e+00	1.55e-13	2.80e-13	1.69e-57
 1.43282e+16	1.87e-18	5.26e-13	1.85e-08	6.77e-05	9.99e-01	9.05e-04	0.00e+00	0.00e+00	0.00e+00	0.00e+00	1.88e-13	3.38e-13	3.38e-57
 1.48223e+16	2.45e-18	6.44e-13	2.12e-08	7.26e-05	9.99e-01	8.45e-04	0.00e+00	0.00e+00	0.00e+00	0.00e+00	2.31e-13	4.13e-13	7.02e-57
 1.53687e+16	3.25e-18	7.98e-13	2.45e-08	7.82e-05	9.99e-01	7.85e-04	0.00e+00	0.00e+00	0.00e+00	0.00e+00	2.88e-13	5.10e-13	1.53e-56
 1.58742e+16	4.20e-18	9.67e-13	2.79e-08	8.36e-05	9.99e-01	7.35e-04	0.00e+00	0.00e+00	0.00e+00	0.00e+00	3.50e-13	6.17e-13	3.09e-56
 1.64225e+16	5.48e-18	1.18e-12	3.20e-08	8.96e-05	9.99e-01	6.85e-04	0.00e+00	0.00e+00	0.00e+00	0.00e+00	4.30e-13	7.54e-13	6.42e-56
 1.70343e+16	7.30e-18	1.47e-12	3.70e-08	9.65e-05	9.99e-01	6.36e-04	0.00e+00	0.00e+00	0.00e+00	0.00e+00	5.37e-13	9.33e-13	1.41e-55
 1.76085e+16	9.48e-18	1.79e-12	4.23e-08	1.03e-04	9.99e-01	5.94e-04	0.00e+00	0.00e+00	0.00e+00	0.00e+00	6.57e-13	1.13e-12	2.89e-55
 1.82346e+16	1.25e-17	2.20e-12	4.87e-08	1.11e-04	9.99e-01	5.53e-04	0.00e+00	0.00e+00	0.00e+00	0.00e+00	8.11e-13	1.39e-12	6.14e-55
 1.89313e+16	1.67e-17	2.75e-12	5.67e-08	1.20e-04	9.99e-01	5.12e-04	0.00e+00	0.00e+00	0.00e+00	0.00e+00	1.02e-12	1.73e-12	1.37e-54
 1.95836e+16	2.18e-17	3.36e-12	6.49e-08	1.29e-04	9.99e-01	4.78e-04	0.00e+00	0.00e+00	0.00e+00	0.00e+00	1.25e-12	2.11e-12	2.85e-54
 2.02910e+16	2.87e-17	4.14e-12	7.49e-08	1.38e-04	9.99e-01	4.44e-04	0.00e+00	0.00e+00	0.00e+00	0.00e+00	1.55e-12	2.59e-12	6.09e-54
 2.10810e+16	3.86e-17	5.19e-12	8.74e-08	1.50e-04	9.99e-01	4.11e-04	0.00e+00	0.00e+00	0.00e+00	0.00e+00	1.95e-12	3.23e-12	1.38e-53
 2.18333e+16	5.07e-17	6.38e-12	1.01e-07	1.61e-04	9.99e-01	3.82e-04	0.00e+00	5.48e-18	1.71e-17	2.80e-17	2.42e-12	3.96e-12	2.92e-53
 2.26375e+16	6.70e-17	7.89e-12	1.17e-07	1.74e-04	9.99e-01	3.54e-04	0.00e+00	7.26e-18	2.25e-17	3.71e-17	3.00e-12	4.89e-12	6.30e-53
 2.35430e+16	9.06e-17	9.93e-12	1.37e-07	1.89e-04	9.99e-01	3.26e-04	0.00e+00	9.82e-18	3.04e-17	5.01e-17	3.81e-12	6.12e-12	1.45e-52
 2.44382e+16	1.21e-16	1.23e-11	1.59e-07	2.04e-04	9.99e-01	3.02e-04	0.00e+00	1.31e-17	4.05e-17	6.67e-17	4.76e-12	7.59e-12	3.19e-52
 2.52964e+16	1.57e-16	1.51e-11	1.83e-07	2.19e-04	9.99e-01	2.81e-04	0.00e+00	1.70e-17	5.28e-17	8.69e-17	5.86e-12	9.25e-12	6.61e-52
 2.62356e+16	2.07e-16	1.87e-11	2.12e-07	2.37e-04	1.00e+00	2.60e-04	0.00e+00	2.24e-17	6.96e-17	1.15e-16	7.27e-12	1.14e-11	1.42e-51
 2.71234e+16	2.67e-16	2.26e-11	2.42e-07	2.54e-04	1.00e+00	2.42e-04	0.00e+00	2.89e-17	8.96e-17	1.47e-16	8.89e-12	1.38e-11	2.85e-51
 2.78012e+16	3.21e-16	2.61e-11	2.68e-07	2.68e-04	1.00e+00	2.30e-04	0.00e+00	3.47e-17	1.08e-16	1.78e-16	1.03e-11	1.58e-11	4.77e-51
 2.85014e+16	3.87e-16	3.01e-11	2.96e-07	2.83e-04	9.99e-01	2.18e-04	0.00e+00	4.19e-17	1.30e-16	2.14e-16	1.19e-11	1.82e-11	8.01e-51
 2.94117e+16	4.89e-16	3.61e-11	3.36e-07	3.03e-04	9.99e-01	2.04e-04	0.00e+00	5.29e-17	1.64e-16	2.70e-16	1.43e-11	2.18e-11	1.53e-50
 3.03921e+16	6.23e-16	4.36e-11	3.84e-07	3.25e-04	9.99e-01	1.90e-04	0.00e+00	6.75e-17	2.10e-16	3.45e-16	1.74e-11	2.62e-11	3.02e-50
 3.12676e+16	7.68e-16	5.12e-11	4.31e-07	3.46e-04	9.99e-01	1.79e-04	0.00e+00	8.31e-17	2.58e-16	4.25e-16	2.05e-11	3.07e-11	5.40e-50
 3.22094e+16	9.55e-16	6.06e-11	4.86e-07	3.69e-04	9.99e-01	1.67e-04	0.00e+00	1.03e-16	3.21e-16	5.28e-16	2.44e-11	3.62e-11	9.93e-50
 3.33966e+16	1.24e-15	7.44e-11	5.63e-07	3.99e-04	9.99e-01	1.55e-04	0.00e+00	1.35e-16	4.18e-16	6.88e-16	3.01e-11	4.43e-11	2.08e-49
 3.45972e+16	1.61e-15	9.08e-11	6.50e-07	4.32e-04	9.99e-01	1.43e-04	0.00e+00	1.74e-16	5.39e-16	8.87e-16	3.70e-11	5.38e-11	4.26e-49
 3.56207e+16	1.98e-15	1.07e-10	7.32e-07	4.60e-04	9.99e-01	1.34e-04	0.00e+00	2.14e-16	6.65e-16	1.09e-15	4.37e-11	6.32e-11	7.71e-49
 3.67194e+16	2.46e-15	1.27e-10	8.28e-07	4.92e-04	9.99e-01	1.26e-04	0.00e+00	2.66e-16	8.26e-16	1.36e-15	5.19e-11	7.47e-11	1.42e-48
 3.80872e+16	3.18e-15	1.55e-10	9.61e-07	5.34e-04	9.99e-01	1.16e-04	0.00e+00	3.44e-16	1.07e-15	1.76e-15	6.39e-11	9.12e-11	2.96e-48
 3.94974e+16	4.11e-15	1.90e-10	1.11e-06	5.80e-04	9.99e-01	1.07e-04	0.00e+00	4.44e-16	1.38e-15	2.27e-15	7.86e-11	1.11e-10	6.15e-48
 4.07553e+16	5.10e-15	2.25e-10	1.26e-06	6.22e-04	9.99e-01	9.98e-05	0.00e+00	5.52e-16	1.72e-15	2.82e-15	9.37e-11	1.32e-10	1.15e-47
 4.21231e+16	6.41e-15	2.70e-10	1.44e-06	6.70e-04	9.99e-01	9.28e-05	0.00e+00	6.93e-16	2.16e-15	3.55e-15	1.13e-10	1.57e-10	2.23e-47
 4.37541e+16	8.32e-15	3.32e-10	1.68e-06	7.31e-04	9.99e-01	8.52e-05	0.00e+00	9.00e-16	2.80e-15	4.60e-15	1.39e-10	1.93e-10	4.75e-47
 4.53606e+16	1.06e-14	4.03e-10	1.95e-06	7.93e-04	9.99e-01	7.86e-05	0.00e+00	1.15e-15	3.57e-15	5.87e-15	1.70e-10	2.33e-10	9.75e-47
