#depth	C	C+	C+2	C+3	C+4	C+5	C+6	C[1]	C[2]	C[3]	C+[1]	C+[2]	CO
 1.49634e+10	0.00e+00	0.00e+00	4.90e-29	1.73e-19	3.92e-09	1.18e-03	9.99e-01	0.00e+00	0.00e+00	0.00e+00	0.00e+00	0.00e+00	0.00e+00
 4.54887e+10	0.00e+00	6.63e-39	6.73e-29	2.20e-19	4.60e-09	1.28e-03	9.99e-01	0.00e+00	0.00e+00	0.00e+00	0.00e+00	0.00e+00	0.00e+00
 7.72350e+10	0.00e+00	0.00e+00	9.24e-29	2.79e-19	5.39e-09	1.38e-03	9.99e-01	0.00e+00	0.00e+00	0.00e+00	0.00e+00	0.00e+00	0.00e+00
 1.10251e+11	0.00e+00	1.46e-38	1.27e-28	3.54e-19	6.33e-09	1.49e-03	9.99e-01	0.00e+00	0.00e+00	0.00e+00	0.00e+00	0.00e+00	2.59e-238
 1.41913e+11	0.00e+00	0.00e+00	1.70e-28	4.42e-19	7.34e-09	1.61e-03	9.98e-01	0.00e+00	0.00e+00	0.00e+00	0.00e+00	0.00e+00	0.00e+00
 1.71228e+11	0.00e+00	2.93e-38	2.21e-28	5.38e-19	8.38e-09	1.71e-03	9.98e-01	0.00e+00	0.00e+00	0.00e+00	0.00e+00	0.00e+00	1.57e-225
 2.04390e+11	0.00e+00	0.00e+00	2.95e-28	6.68e-19	9.68e-09	1.84e-03	9.98e-01	0.00e+00	0.00e+00	0.00e+00	0.00e+00	0.00e+00	0.00e+00
 2.42492e+11	0.00e+00	6.23e-38	4.05e-28	8.49e-19	1.14e-08	1.99e-03	9.98e-01	0.00e+00	0.00e+00	0.00e+00	0.00e+00	0.00e+00	0.00e+00
 2.80139e+11	0.00e+00	0.00e+00	5.49e-28	1.07e-18	1.33e-08	2.15e-03	9.98e-01	0.00e+00	0.00e+00	0.00e+00	0.00e+00	0.00e+00	1.33e-230
 3.19291e+11	0.00e+00	1.33e-37	7.44e-28	1.34e-18	1.55e-08	2.31e-03	9.98e-01	0.00e+00	0.00e+00	0.00e+00	0.00e+00	0.00e+00	2.74e-235
 3.61990e+11	0.00e+00	0.00e+00	1.02e-27	1.70e-18	1.82e-08	2.50e-03	9.97e-01	0.00e+00	0.00e+00	0.00e+00	0.00e+00	0.00e+00	0.00e+00
 4.03450e+11	0.00e+00	2.87e-37	1.38e-27	2.13e-18	2.11e-08	2.69e-03	9.97e-01	0.00e+00	0.00e+00	0.00e+00	0.00e+00	0.00e+00	5.45e-163
 4.42026e+11	0.00e+00	0.00e+00	1.81e-27	2.61e-18	2.42e-08	2.88e-03	9.97e-01	0.00e+00	0.00e+00	0.00e+00	0.00e+00	0.00e+00	2.30e-233
 4.85091e+11	0.00e+00	5.77e-37	2.41e-27	3.25e-18	2.80e-08	3.09e-03	9.97e-01	0.00e+00	0.00e+00	0.00e+00	0.00e+00	0.00e+00	5.68e-162
 5.34422e+11	0.00e+00	0.00e+00	3.33e-27	4.14e-18	3.30e-08	3.35e-03	9.97e-01	0.00e+00	0.00e+00	0.00e+00	0.00e+00	0.00e+00	1.38e-233
 5.82962e+11	0.00e+00	1.26e-36	4.52e-27	5.21e-18	3.85e-08	3.61e-03	9.96e-01	0.00e+00	0.00e+00	0.00e+00	0.00e+00	0.00e+00	7.79e-161
 6.33445e+11	8.26e-47	1.84e-36	6.13e-27	6.56e-18	4.50e-08	3.89e-03	9.96e-01	0.00e+00	0.00e+00	0.00e+00	0.00e+00	0.00e+00	0.00e+00
 6.82243e+11	0.00e+00	0.00e+00	8.16e-27	8.14e-18	5.20e-08	4.17e-03	9.96e-01	0.00e+00	0.00e+00	0.00e+00	0.00e+00	0.00e+00	0.00e+00
 7.23172e+11	0.00e+00	3.52e-36	1.03e-26	9.70e-18	5.85e-08	4.41e-03	9.96e-01	0.00e+00	0.00e+00	0.00e+00	0.00e+00	0.00e+00	3.05e-232
 7.67383e+11	2.58e-46	4.77e-36	1.31e-26	1.17e-17	6.63e-08	4.68e-03	9.95e-01	0.00e+00	0.00e+00	0.00e+00	0.00e+00	0.00e+00	4.42e-139
 8.23183e+11	0.00e+00	0.00e+00	1.77e-26	1.46e-17	7.72e-08	5.04e-03	9.95e-01	0.00e+00	0.00e+00	0.00e+00	0.00e+00	0.00e+00	0.00e+00
 8.81675e+11	0.00e+00	1.01e-35	2.40e-26	1.84e-17	9.01e-08	5.42e-03	9.95e-01	0.00e+00	0.00e+00	0.00e+00	0.00e+00	0.00e+00	8.31e-158
 9.34555e+11	9.40e-46	1.40e-35	3.13e-26	2.24e-17	1.03e-07	5.78e-03	9.94e-01	0.00e+00	0.00e+00	0.00e+00	0.00e+00	0.00e+00	0.00e+00
 9.92510e+11	0.00e+00	0.00e+00	4.15e-26	2.78e-17	1.19e-07	6.19e-03	9.94e-01	0.00e+00	0.00e+00	0.00e+00	0.00e+00	0.00e+00	0.00e+00
 1.06074e+12	0.00e+00	2.98e-35	5.73e-26	3.54e-17	1.40e-07	6.69e-03	9.93e-01	0.00e+00	0.00e+00	0.00e+00	0.00e+00	0.00e+00	0.00e+00
 1.12895e+12	3.67e-45	4.39e-35	7.81e-26	4.47e-17	1.64e-07	7.22e-03	9.93e-01	0.00e+00	0.00e+00	0.00e+00	0.00e+00	0.00e+00	3.10e-136
 1.19408e+12	0.00e+00	0.00e+00	1.04e-25	5.56e-17	1.90e-07	7.73e-03	9.92e-01	0.00e+00	0.00e+00	0.00e+00	0.00e+00	0.00e+00	0.00e+00
 1.26594e+12	0.00e+00	9.19e-35	1.41e-25	7.00e-17	2.23e-07	8.33e-03	9.92e-01	0.00e+00	0.00e+00	0.00e+00	0.00e+00	0.00e+00	1.27e-154
 1.34651e+12	1.46e-44	1.39e-34	1.97e-25	9.01e-17	2.64e-07	9.02e-03	9.91e-01	0.00e+00	0.00e+00	0.00e+00	0.00e+00	0.00e+00	0.00e+00
 1.42002e+12	0.00e+00	2.00e-34	2.65e-25	1.12e-16	3.07e-07	9.68e-03	9.90e-01	0.00e+00	0.00e+00	0.00e+00	0.00e+00	0.00e+00	1.67e-153
 1.48218e+12	3.24e-44	2.71e-34	3.37e-25	1.35e-16	3.47e-07	1.03e-02	9.90e-01	0.00e+00	0.00e+00	0.00e+00	0.00e+00	0.00e+00	0.00e+00
 1.55052e+12	0.00e+00	3.74e-34	4.37e-25	1.64e-16	3.96e-07	1.09e-02	9.89e-01	0.00e+00	0.00e+00	0.00e+00	0.00e+00	0.00e+00	1.30e-152
 1.63590e+12	7.62e-44	5.53e-34	5.99e-25	2.08e-16	4.66e-07	1.18e-02	9.88e-01	0.00e+00	0.00e+00	0.00e+00	0.00e+00	0.00e+00	0.00e+00
 1.72340e+12	0.00e+00	8.17e-34	8.20e-25	2.64e-16	5.47e-07	1.27e-02	9.87e-01	0.00e+00	0.00e+00	0.00e+00	0.00e+00	0.00e+00	1.69e-151
 1.80032e+12	1.81e-43	1.14e-33	1.07e-24	3.23e-16	6.27e-07	1.35e-02	9.86e-01	0.00e+00	0.00e+00	0.00e+00	0.00e+00	0.00e+00	0.00e+00
 1.88350e+12	0.00e+00	1.62e-33	1.42e-24	4.00e-16	7.24e-07	1.45e-02	9.86e-01	0.00e+00	0.00e+00	0.00e+00	0.00e+00	0.00e+00	1.58e-150
 1.97726e+12	4.38e-43	2.39e-33	1.94e-24	5.05e-16	8.49e-07	1.56e-02	9.84e-01	0.00e+00	0.00e+00	0.00e+00	0.00e+00	0.00e+00	2.55e-210
 2.06682e+12	0.00e+00	3.42e-33	2.59e-24	6.29e-16	9.84e-07	1.67e-02	9.83e-01	0.00e+00	0.00e+00	0.00e+00	0.00e+00	0.00e+00	1.78e-149
 2.16526e+12	1.07e-42	5.03e-33	3.53e-24	7.93e-16	1.15e-06	1.79e-02	9.82e-01	0.00e+00	0.00e+00	0.00e+00	0.00e+00	0.00e+00	0.00e+00
 2.27414e+12	0.00e+00	7.61e-33	4.93e-24	1.02e-15	1.37e-06	1.94e-02	9.81e-01	0.00e+00	0.00e+00	0.00e+00	0.00e+00	0.00e+00	2.35e-148
 2.37546e+12	2.76e-42	1.11e-32	6.67e-24	1.28e-15	1.59e-06	2.08e-02	9.79e-01	0.00e+00	0.00e+00	0.00e+00	0.00e+00	0.00e+00	0.00e+00
 2.47126e+12	0.00e+00	1.57e-32	8.81e-24	1.58e-15	1.84e-06	2.23e-02	9.78e-01	0.00e+00	0.00e+00	0.00e+00	0.00e+00	0.00e+00	2.40e-147
 2.58106e+12	6.64e-42	2.32e-32	1.20e-23	2.00e-15	2.15e-06	2.39e-02	9.76e-01	0.00e+00	0.00e+00	0.00e+00	0.00e+00	0.00e+00	0.00e+00
 2.70322e+12	0.00e+00	3.54e-32	1.69e-23	2.58e-15	2.56e-06	2.59e-02	9.74e-01	0.00e+00	0.00e+00	0.00e+00	0.00e+00	0.00e+00	3.22e-146
 2.81781e+12	1.75e-41	5.21e-32	2.31e-23	3.26e-15	2.99e-06	2.79e-02	9.72e-01	0.00e+00	0.00e+00	0.00e+00	0.00e+00	0.00e+00	2.75e-246
 2.94313e+12	0.00e+00	7.88e-32	3.22e-23	4.18e-15	3.54e-06	3.01e-02	9.70e-01	0.00e+00	0.00e+00	0.00e+00	0.00e+00	0.00e+00	4.08e-145
 3.08301e+12	4.93e-41	1.24e-31	4.63e-23	5.49e-15	4.25e-06	3.28e-02	9.67e-01	0.00e+00	0.00e+00	0.00e+00	0.00e+00	0.00e+00	0.00e+00
 3.21490e+12	0.00e+00	1.87e-31	6.45e-23	7.04e-15	5.03e-06	3.54e-02	9.65e-01	0.00e+00	0.00e+00	0.00e+00	0.00e+00	0.00e+00	6.19e-144
 3.35825e+12	1.36e-40	2.89e-31	9.16e-23	9.16e-15	6.00e-06	3.84e-02	9.62e-01	0.00e+00	0.00e+00	0.00e+00	0.00e+00	0.00e+00	0.00e+00
 3.51786e+12	0.00e+00	4.63e-31	1.34e-22	1.22e-14	7.26e-06	4.19e-02	9.58e-01	0.00e+00	0.00e+00	0.00e+00	0.00e+00	0.00e+00	1.07e-142
 3.67008e+12	4.04e-40	7.17e-31	1.90e-22	1.59e-14	8.66e-06	4.54e-02	9.55e-01	0.00e+00	0.00e+00	0.00e+00	0.00e+00	0.00e+00	0.00e+00
 3.83303e+12	0.00e+00	1.13e-30	2.74e-22	2.08e-14	1.04e-05	4.94e-02	9.51e-01	0.00e+00	0.00e+00	0.00e+00	0.00e+00	0.00e+00	1.70e-141
 3.99114e+12	1.15e-39	1.72e-30	3.86e-22	2.69e-14	1.23e-05	5.34e-02	9.47e-01	0.00e+00	0.00e+00	0.00e+00	0.00e+00	0.00e+00	0.00e+00
 4.11665e+12	0.00e+00	2.39e-30	5.02e-22	3.28e-14	1.41e-05	5.68e-02	9.43e-01	0.00e+00	0.00e+00	0.00e+00	0.00e+00	0.00e+00	1.76e-140
 4.24827e+12	2.54e-39	3.34e-30	6.56e-22	4.01e-14	1.61e-05	6.04e-02	9.40e-01	0.00e+00	0.00e+00	0.00e+00	0.00e+00	0.00e+00	0.00e+00
 4.41936e+12	0.00e+00	5.09e-30	9.22e-22	5.17e-14	1.91e-05	6.52e-02	9.35e-01	0.00e+00	0.00e+00	0.00e+00	0.00e+00	0.00e+00	1.83e-139
 4.60339e+12	7.09e-39	7.87e-30	1.31e-21	6.74e-14	2.27e-05	7.07e-02	9.29e-01	0.00e+00	0.00e+00	0.00e+00	0.00e+00	0.00e+00	0.00e+00
 4.75887e+12	0.00e+00	1.12e-29	1.75e-21	8.36e-14	2.62e-05	7.54e-02	9.25e-01	0.00e+00	0.00e+00	0.00e+00	0.00e+00	0.00e+00	2.13e-138
 4.89394e+12	1.55e-38	1.52e-29	2.22e-21	1.00e-13	2.96e-05	7.96e-02	9.20e-01	0.00e+00	0.00e+00	0.00e+00	0.00e+00	0.00e+00	4.85e-254
 5.04785e+12	0.00e+00	2.11e-29	2.91e-21	1.22e-13	3.38e-05	8.46e-02	9.15e-01	0.00e+00	0.00e+00	0.00e+00	0.00e+00	0.00e+00	1.51e-137
 5.24793e+12	3.80e-38	3.21e-29	4.07e-21	1.57e-13	3.99e-05	9.12e-02	9.09e-01	0.00e+00	0.00e+00	0.00e+00	0.00e+00	0.00e+00	0.00e+00
 5.45534e+12	0.00e+00	4.86e-29	5.69e-21	2.02e-13	4.71e-05	9.83e-02	9.02e-01	0.00e+00	0.00e+00	0.00e+00	0.00e+00	0.00e+00	1.99e-136
 5.62904e+12	9.31e-38	6.79e-29	7.45e-21	2.48e-13	5.39e-05	1.04e-01	8.96e-01	0.00e+00	0.00e+00	0.00e+00	0.00e+00	0.00e+00	1.65e-252
 5.81161e+12	0.00e+00	9.54e-29	9.81e-21	3.04e-13	6.17e-05	1.11e-01	8.89e-01	0.00e+00	0.00e+00	0.00e+00	0.00e+00	0.00e+00	1.62e-135
 6.04806e+12	2.32e-37	1.46e-28	1.38e-20	3.93e-13	7.30e-05	1.20e-01	8.80e-01	0.00e+00	0.00e+00	0.00e+00	0.00e+00	0.00e+00	3.54e-265
 6.29248e+12	0.00e+00	2.22e-28	1.94e-20	5.07e-13	8.63e-05	1.29e-01	8.71e-01	0.00e+00	0.00e+00	0.00e+00	0.00e+00	0.00e+00	2.23e-134
 6.49803e+12	5.73e-37	3.11e-28	2.54e-20	6.21e-13	9.85e-05	1.37e-01	8.63e-01	0.00e+00	0.00e+00	0.00e+00	0.00e+00	0.00e+00	0.00e+00
 6.71513e+12	0.00e+00	4.41e-28	3.38e-20	7.68e-13	1.13e-04	1.45e-01	8.55e-01	0.00e+00	0.00e+00	0.00e+00	0.00e+00	0.00e+00	1.90e-133
 6.98956e+12	1.44e-36	6.72e-28	4.74e-20	9.90e-13	1.34e-04	1.56e-01	8.44e-01	0.00e+00	0.00e+00	0.00e+00	0.00e+00	0.00e+00	0.00e+00
 7.27328e+12	0.00e+00	1.02e-27	6.64e-20	1.27e-12	1.57e-04	1.68e-01	8.32e-01	0.00e+00	0.00e+00	0.00e+00	0.00e+00	0.00e+00	2.61e-132
 7.52284e+12	3.60e-36	1.45e-27	8.79e-20	1.57e-12	1.80e-04	1.78e-01	8.22e-01	0.00e+00	0.00e+00	0.00e+00	0.00e+00	0.00e+00	1.59e-98
 7.79323e+12	0.00e+00	2.10e-27	1.19e-19	1.96e-12	2.08e-04	1.90e-01	8.10e-01	0.00e+00	0.00e+00	0.00e+00	0.00e+00	0.00e+00	0.00e+00
 8.09320e+12	8.97e-36	3.10e-27	1.63e-19	2.48e-12	2.43e-04	2.02e-01	7.97e-01	0.00e+00	0.00e+00	0.00e+00	0.00e+00	0.00e+00	8.64e-114
 8.38673e+12	0.00e+00	4.48e-27	2.19e-19	3.10e-12	2.80e-04	2.15e-01	7.85e-01	0.00e+00	0.00e+00	0.00e+00	0.00e+00	0.00e+00	1.56e-98
 8.67669e+12	2.12e-35	6.36e-27	2.90e-19	3.82e-12	3.20e-04	2.28e-01	7.72e-01	0.00e+00	0.00e+00	0.00e+00	0.00e+00	0.00e+00	0.00e+00
 8.95240e+12	0.00e+00	8.75e-27	3.75e-19	4.62e-12	3.62e-04	2.40e-01	7.60e-01	0.00e+00	0.00e+00	0.00e+00	0.00e+00	0.00e+00	2.24e-129
 9.25631e+12	4.68e-35	1.23e-26	4.95e-19	5.67e-12	4.13e-04	2.53e-01	7.47e-01	0.00e+00	0.00e+00	0.00e+00	0.00e+00	0.00e+00	3.28e-96
 9.56791e+12	0.00e+00	1.73e-26	6.50e-19	6.95e-12	4.69e-04	2.67e-01	7.33e-01	0.00e+00	0.00e+00	0.00e+00	0.00e+00	0.00e+00	0.00e+00
 9.82513e+12	9.71e-35	2.27e-26	8.07e-19	8.16e-12	5.20e-04	2.78e-01	7.21e-01	0.00e+00	0.00e+00	0.00e+00	0.00e+00	0.00e+00	2.75e-111
 1.00951e+13	1.34e-34	2.98e-26	1.00e-18	9.59e-12	5.76e-04	2.90e-01	7.09e-01	0.00e+00	0.00e+00	0.00e+00	0.00e+00	0.00e+00	2.98e-95
 1.04461e+13	2.04e-34	4.22e-26	1.33e-18	1.18e-11	6.56e-04	3.06e-01	6.94e-01	0.00e+00	0.00e+00	0.00e+00	0.00e+00	0.00e+00	1.69e-110
 1.08122e+13	3.10e-34	5.98e-26	1.76e-18	1.45e-11	7.48e-04	3.22e-01	6.78e-01	0.00e+00	0.00e+00	0.00e+00	0.00e+00	0.00e+00	1.70e-94
 1.11241e+13	4.37e-34	7.96e-26	2.21e-18	1.72e-11	8.31e-04	3.35e-01	6.64e-01	0.00e+00	0.00e+00	0.00e+00	0.00e+00	0.00e+00	1.09e-109
 1.14556e+13	6.19e-34	1.06e-25	2.79e-18	2.04e-11	9.25e-04	3.49e-01	6.50e-01	0.00e+00	0.00e+00	0.00e+00	0.00e+00	0.00e+00	7.30e-94
 1.18866e+13	9.68e-34	1.54e-25	3.77e-18	2.54e-11	1.06e-03	3.68e-01	6.31e-01	0.00e+00	0.00e+00	0.00e+00	0.00e+00	0.00e+00	7.69e-109
 1.23341e+13	1.51e-33	2.23e-25	5.07e-18	3.16e-11	1.21e-03	3.87e-01	6.12e-01	0.00e+00	0.00e+00	0.00e+00	0.00e+00	0.00e+00	4.72e-93
 1.27140e+13	2.17e-33	3.02e-25	6.46e-18	3.78e-11	1.35e-03	4.03e-01	5.96e-01	0.00e+00	0.00e+00	0.00e+00	0.00e+00	0.00e+00	5.59e-108
 1.31188e+13	3.14e-33	4.12e-25	8.28e-18	4.53e-11	1.51e-03	4.20e-01	5.79e-01	0.00e+00	0.00e+00	0.00e+00	0.00e+00	0.00e+00	2.21e-92
 1.36295e+13	4.94e-33	6.00e-25	1.12e-17	5.65e-11	1.73e-03	4.40e-01	5.58e-01	0.00e+00	0.00e+00	0.00e+00	0.00e+00	0.00e+00	4.32e-107
 1.41631e+13	7.79e-33	8.77e-25	1.52e-17	7.05e-11	1.98e-03	4.61e-01	5.37e-01	0.00e+00	0.00e+00	0.00e+00	0.00e+00	0.00e+00	1.50e-91
 1.46438e+13	1.15e-32	1.22e-24	1.97e-17	8.54e-11	2.23e-03	4.79e-01	5.18e-01	0.00e+00	0.00e+00	0.00e+00	0.00e+00	0.00e+00	3.55e-106
 1.51704e+13	1.74e-32	1.72e-24	2.60e-17	1.04e-10	2.51e-03	4.99e-01	4.99e-01	0.00e+00	0.00e+00	0.00e+00	0.00e+00	0.00e+00	8.25e-91
 1.57924e+13	2.79e-32	2.54e-24	3.56e-17	1.31e-10	2.88e-03	5.21e-01	4.76e-01	0.00e+00	0.00e+00	0.00e+00	0.00e+00	0.00e+00	3.23e-105
 1.64194e+13	4.40e-32	3.70e-24	4.82e-17	1.63e-10	3.28e-03	5.42e-01	4.54e-01	0.00e+00	0.00e+00	0.00e+00	0.00e+00	0.00e+00	5.81e-90
 1.69829e+13	6.50e-32	5.13e-24	6.25e-17	1.97e-10	3.66e-03	5.61e-01	4.35e-01	0.00e+00	0.00e+00	0.00e+00	0.00e+00	0.00e+00	2.69e-104
 1.75829e+13	9.70e-32	7.14e-24	8.16e-17	2.39e-10	4.10e-03	5.80e-01	4.16e-01	0.00e+00	0.00e+00	0.00e+00	0.00e+00	0.00e+00	3.10e-89
 1.82584e+13	1.50e-31	1.03e-23	1.09e-16	2.95e-10	4.63e-03	6.00e-01	3.96e-01	0.00e+00	0.00e+00	0.00e+00	0.00e+00	0.00e+00	2.19e-103
 1.88280e+13	2.13e-31	1.37e-23	1.38e-16	3.49e-10	5.11e-03	6.16e-01	3.79e-01	0.00e+00	0.00e+00	0.00e+00	0.00e+00	0.00e+00	1.64e-88
 1.92674e+13	2.77e-31	1.71e-23	1.64e-16	3.96e-10	5.49e-03	6.28e-01	3.67e-01	0.00e+00	0.00e+00	0.00e+00	0.00e+00	0.00e+00	1.04e-102
 1.97412e+13	3.63e-31	2.14e-23	1.97e-16	4.51e-10	5.91e-03	6.40e-01	3.54e-01	0.00e+00	0.00e+00	0.00e+00	0.00e+00	0.00e+00	5.12e-88
 2.03572e+13	5.15e-31	2.86e-23	2.48e-16	5.33e-10	6.51e-03	6.56e-01	3.38e-01	0.00e+00	0.00e+00	0.00e+00	0.00e+00	0.00e+00	5.03e-102
 2.10217e+13	7.40e-31	3.87e-23	3.16e-16	6.34e-10	7.18e-03	6.71e-01	3.22e-01	0.00e+00	0.00e+00	0.00e+00	0.00e+00	0.00e+00	2.31e-87
 2.16171e+13	1.01e-30	5.02e-23	3.89e-16	7.36e-10	7.81e-03	6.84e-01	3.08e-01	0.00e+00	0.00e+00	0.00e+00	0.00e+00	0.00e+00	2.80e-101
 2.22588e+13	1.40e-30	6.57e-23	4.83e-16	8.59e-10	8.51e-03	6.98e-01	2.94e-01	0.00e+00	0.00e+00	0.00e+00	0.00e+00	0.00e+00	8.98e-87
 2.30889e+13	2.10e-30	9.19e-23	6.32e-16	1.04e-09	9.48e-03	7.14e-01	2.77e-01	0.00e+00	0.00e+00	0.00e+00	0.00e+00	0.00e+00	1.82e-100
 2.39340e+13	3.11e-30	1.28e-22	8.23e-16	1.26e-09	1.05e-02	7.29e-01	2.60e-01	0.00e+00	0.00e+00	0.00e+00	0.00e+00	0.00e+00	4.96e-86
 2.46276e+13	4.25e-30	1.65e-22	1.01e-15	1.46e-09	1.14e-02	7.41e-01	2.48e-01	0.00e+00	0.00e+00	0.00e+00	0.00e+00	0.00e+00	1.13e-99
 2.53542e+13	5.82e-30	2.15e-22	1.25e-15	1.69e-09	1.24e-02	7.52e-01	2.36e-01	0.00e+00	0.00e+00	0.00e+00	0.00e+00	0.00e+00	1.91e-85
 2.62951e+13	8.61e-30	2.97e-22	1.61e-15	2.03e-09	1.37e-02	7.65e-01	2.21e-01	0.00e+00	0.00e+00	0.00e+00	0.00e+00	0.00e+00	7.08e-99
 2.72977e+13	1.29e-29	4.15e-22	2.11e-15	2.45e-09	1.52e-02	7.78e-01	2.07e-01	0.00e+00	0.00e+00	0.00e+00	0.00e+00	0.00e+00	1.06e-84
 2.81877e+13	1.81e-29	5.49e-22	2.64e-15	2.87e-09	1.65e-02	7.89e-01	1.95e-01	0.00e+00	0.00e+00	0.00e+00	0.00e+00	0.00e+00	4.92e-98
 2.91481e+13	2.57e-29	7.35e-22	3.32e-15	3.38e-09	1.80e-02	7.99e-01	1.83e-01	0.00e+00	0.00e+00	0.00e+00	0.00e+00	0.00e+00	4.84e-84
 3.02998e+13	3.86e-29	1.03e-21	4.33e-15	4.08e-09	1.99e-02	8.10e-01	1.71e-01	0.00e+00	0.00e+00	0.00e+00	0.00e+00	0.00e+00	3.66e-97
 3.14791e+13	5.75e-29	1.43e-21	5.62e-15	4.89e-09	2.19e-02	8.19e-01	1.59e-01	0.00e+00	0.00e+00	0.00e+00	0.00e+00	0.00e+00	2.84e-83
 3.24802e+13	7.96e-29	1.87e-21	6.94e-15	5.67e-09	2.37e-02	8.27e-01	1.50e-01	0.00e+00	0.00e+00	0.00e+00	0.00e+00	0.00e+00	2.50e-96
 3.33241e+13	1.04e-28	2.32e-21	8.22e-15	6.38e-09	2.53e-02	8.32e-01	1.42e-01	0.00e+00	0.00e+00	0.00e+00	0.00e+00	0.00e+00	1.05e-82
 3.42750e+13	1.38e-28	2.93e-21	9.90e-15	7.26e-09	2.70e-02	8.38e-01	1.35e-01	0.00e+00	0.00e+00	0.00e+00	0.00e+00	0.00e+00	1.10e-95
 3.55111e+13	1.99e-28	3.95e-21	1.25e-14	8.54e-09	2.94e-02	8.44e-01	1.26e-01	0.00e+00	0.00e+00	0.00e+00	0.00e+00	0.00e+00	4.55e-82
 3.68291e+13	2.88e-28	5.36e-21	1.59e-14	1.01e-08	3.21e-02	8.51e-01	1.17e-01	0.00e+00	0.00e+00	0.00e+00	0.00e+00	0.00e+00	7.96e-95
 3.79843e+13	3.94e-28	6.92e-21	1.93e-14	1.16e-08	3.44e-02	8.55e-01	1.11e-01	0.00e+00	0.00e+00	0.00e+00	0.00e+00	0.00e+00	2.14e-81
 3.90383e+13	5.19e-28	8.66e-21	2.30e-14	1.30e-08	3.66e-02	8.59e-01	1.05e-01	0.00e+00	0.00e+00	0.00e+00	0.00e+00	0.00e+00	3.95e-94
 4.02301e+13	7.03e-28	1.11e-20	2.79e-14	1.49e-08	3.92e-02	8.62e-01	9.88e-02	0.00e+00	0.00e+00	0.00e+00	0.00e+00	0.00e+00	8.07e-81
 4.17368e+13	1.02e-27	1.50e-20	3.52e-14	1.74e-08	4.25e-02	8.66e-01	9.19e-02	0.00e+00	0.00e+00	0.00e+00	0.00e+00	0.00e+00	2.48e-93
 4.32720e+13	1.46e-27	2.01e-20	4.42e-14	2.04e-08	4.60e-02	8.68e-01	8.55e-02	0.00e+00	0.00e+00	0.00e+00	0.00e+00	0.00e+00	4.34e-80
 4.45961e+13	1.97e-27	2.57e-20	5.33e-14	2.31e-08	4.91e-02	8.70e-01	8.05e-02	0.00e+00	0.00e+00	0.00e+00	0.00e+00	0.00e+00	1.53e-92
 4.60264e+13	2.70e-27	3.31e-20	6.48e-14	2.64e-08	5.25e-02	8.72e-01	7.55e-02	0.00e+00	0.00e+00	0.00e+00	0.00e+00	0.00e+00	1.82e-79
 4.77865e+13	3.93e-27	4.48e-20	8.17e-14	3.09e-08	5.69e-02	8.73e-01	7.00e-02	0.00e+00	0.00e+00	0.00e+00	0.00e+00	0.00e+00	1.02e-91
 4.95900e+13	5.67e-27	6.03e-20	1.03e-13	3.61e-08	6.14e-02	8.74e-01	6.49e-02	0.00e+00	0.00e+00	0.00e+00	0.00e+00	0.00e+00	1.02e-78
 5.12237e+13	7.81e-27	7.81e-20	1.25e-13	4.12e-08	6.57e-02	8.74e-01	6.07e-02	0.00e+00	0.00e+00	0.00e+00	0.00e+00	0.00e+00	6.90e-91
 5.30217e+13	1.10e-26	1.03e-19	1.54e-13	4.75e-08	7.04e-02	8.73e-01	5.66e-02	0.00e+00	0.00e+00	0.00e+00	0.00e+00	0.00e+00	4.85e-78
 5.51338e+13	1.61e-26	1.40e-19	1.95e-13	5.57e-08	7.62e-02	8.72e-01	5.21e-02	0.00e+00	0.00e+00	0.00e+00	0.00e+00	0.00e+00	5.21e-90
 5.71446e+13	2.30e-26	1.86e-19	2.42e-13	6.43e-08	8.18e-02	8.70e-01	4.83e-02	0.00e+00	0.00e+00	0.00e+00	0.00e+00	0.00e+00	2.76e-77
 5.88769e+13	3.08e-26	2.36e-19	2.89e-13	7.25e-08	8.68e-02	8.68e-01	4.54e-02	0.00e+00	0.00e+00	0.00e+00	0.00e+00	0.00e+00	3.17e-89
 6.07568e+13	4.19e-26	3.02e-19	3.49e-13	8.22e-08	9.23e-02	8.65e-01	4.25e-02	0.00e+00	0.00e+00	0.00e+00	0.00e+00	0.00e+00	1.15e-76
 6.30707e+13	6.04e-26	4.05e-19	4.37e-13	9.55e-08	9.92e-02	8.62e-01	3.92e-02	0.00e+00	0.00e+00	0.00e+00	0.00e+00	0.00e+00	2.73e-76
 6.54229e+13	8.64e-26	5.40e-19	5.43e-13	1.10e-07	1.06e-01	8.57e-01	3.62e-02	0.00e+00	0.00e+00	0.00e+00	0.00e+00	0.00e+00	6.40e-76
 6.74099e+13	1.16e-25	6.82e-19	6.47e-13	1.24e-07	1.13e-01	8.54e-01	3.39e-02	0.00e+00	0.00e+00	0.00e+00	0.00e+00	0.00e+00	1.29e-75
 6.90925e+13	1.47e-25	8.28e-19	7.49e-13	1.37e-07	1.18e-01	8.50e-01	3.21e-02	0.00e+00	0.00e+00	0.00e+00	0.00e+00	0.00e+00	2.27e-75
 7.09245e+13	1.90e-25	1.02e-18	8.74e-13	1.51e-07	1.24e-01	8.46e-01	3.03e-02	0.00e+00	0.00e+00	0.00e+00	0.00e+00	0.00e+00	4.17e-75
 7.33061e+13	2.61e-25	1.31e-18	1.06e-12	1.72e-07	1.32e-01	8.40e-01	2.81e-02	0.00e+00	0.00e+00	0.00e+00	0.00e+00	0.00e+00	8.95e-75
 7.57640e+13	3.60e-25	1.70e-18	1.29e-12	1.96e-07	1.40e-01	8.34e-01	2.61e-02	0.00e+00	0.00e+00	0.00e+00	0.00e+00	0.00e+00	1.92e-74
 7.78131e+13	4.66e-25	2.09e-18	1.50e-12	2.17e-07	1.47e-01	8.29e-01	2.45e-02	0.00e+00	0.00e+00	0.00e+00	0.00e+00	0.00e+00	3.57e-74
 7.99691e+13	6.06e-25	2.58e-18	1.76e-12	2.41e-07	1.54e-01	8.23e-01	2.30e-02	0.00e+00	0.00e+00	0.00e+00	0.00e+00	0.00e+00	6.71e-74
 8.27720e+13	8.45e-25	3.36e-18	2.16e-12	2.75e-07	1.64e-01	8.15e-01	2.13e-02	0.00e+00	0.00e+00	0.00e+00	0.00e+00	0.00e+00	1.48e-73
 8.56818e+13	1.18e-24	4.39e-18	2.63e-12	3.14e-07	1.74e-01	8.06e-01	1.96e-02	0.00e+00	0.00e+00	0.00e+00	0.00e+00	0.00e+00	3.29e-73
 8.81379e+13	1.54e-24	5.45e-18	3.10e-12	3.49e-07	1.83e-01	7.99e-01	1.83e-02	0.00e+00	0.00e+00	0.00e+00	0.00e+00	0.00e+00	6.32e-73
 9.07382e+13	2.04e-24	6.81e-18	3.66e-12	3.90e-07	1.92e-01	7.91e-01	1.71e-02	0.00e+00	0.00e+00	0.00e+00	0.00e+00	0.00e+00	1.23e-72
 9.40670e+13	2.88e-24	8.97e-18	4.51e-12	4.46e-07	2.04e-01	7.80e-01	1.57e-02	0.00e+00	0.00e+00	0.00e+00	0.00e+00	0.00e+00	2.82e-72
 9.75224e+13	4.06e-24	1.18e-17	5.54e-12	5.10e-07	2.17e-01	7.69e-01	1.43e-02	0.00e+00	0.00e+00	0.00e+00	0.00e+00	0.00e+00	6.46e-72
 1.00525e+14	5.42e-24	1.49e-17	6.58e-12	5.71e-07	2.27e-01	7.59e-01	1.33e-02	0.00e+00	0.00e+00	0.00e+00	0.00e+00	0.00e+00	1.30e-71
 1.03759e+14	7.32e-24	1.89e-17	7.87e-12	6.41e-07	2.39e-01	7.48e-01	1.23e-02	0.00e+00	0.00e+00	0.00e+00	0.00e+00	0.00e+00	2.68e-71
 1.07714e+14	1.04e-23	2.50e-17	9.73e-12	7.36e-07	2.54e-01	7.35e-01	1.12e-02	0.00e+00	0.00e+00	0.00e+00	0.00e+00	0.00e+00	6.29e-71
 1.11679e+14	1.46e-23	3.28e-17	1.19e-11	8.38e-07	2.69e-01	7.21e-01	1.02e-02	0.00e+00	0.00e+00	0.00e+00	0.00e+00	0.00e+00	1.44e-70
 1.15182e+14	1.96e-23	4.14e-17	1.41e-11	9.36e-07	2.81e-01	7.09e-01	9.38e-03	0.00e+00	0.00e+00	0.00e+00	0.00e+00	0.00e+00	2.91e-70
 1.19012e+14	2.65e-23	5.27e-17	1.69e-11	1.05e-06	2.96e-01	6.96e-01	8.60e-03	0.00e+00	0.00e+00	0.00e+00	1.68e-17	3.59e-17	6.13e-70
 1.23616e+14	3.78e-23	6.99e-17	2.09e-11	1.20e-06	3.12e-01	6.80e-01	7.77e-03	0.00e+00	0.00e+00	0.00e+00	2.32e-17	4.67e-17	1.45e-69
 1.28200e+14	5.30e-23	9.14e-17	2.55e-11	1.37e-06	3.29e-01	6.64e-01	7.04e-03	0.00e+00	0.00e+00	0.00e+00	3.03e-17	6.11e-17	3.32e-69
 1.32347e+14	7.12e-23	1.15e-16	3.03e-11	1.52e-06	3.44e-01	6.50e-01	6.46e-03	0.00e+00	0.00e+00	0.00e+00	3.83e-17	7.71e-17	6.85e-69
 1.36952e+14	9.75e-23	1.48e-16	3.64e-11	1.71e-06	3.60e-01	6.34e-01	5.87e-03	0.00e+00	0.00e+00	0.00e+00	4.91e-17	9.90e-17	1.49e-68
 1.42360e+14	1.39e-22	1.96e-16	4.48e-11	1.95e-06	3.79e-01	6.16e-01	5.27e-03	0.00e+00	0.00e+00	0.00e+00	6.51e-17	1.31e-16	3.57e-68
 1.47704e+14	1.95e-22	2.56e-16	5.45e-11	2.21e-06	3.97e-01	5.99e-01	4.74e-03	0.00e+00	0.00e+00	0.00e+00	8.49e-17	1.71e-16	8.23e-68
 1.52707e+14	2.64e-22	3.25e-16	6.49e-11	2.46e-06	4.13e-01	5.82e-01	4.31e-03	0.00e+00	0.00e+00	0.00e+00	1.08e-16	2.17e-16	1.75e-67
 1.57412e+14	3.47e-22	4.04e-16	7.62e-11	2.71e-06	4.29e-01	5.68e-01	3.95e-03	0.00e+00	0.00e+00	0.00e+00	1.34e-16	2.70e-16	3.47e-67
 1.62563e+14	4.65e-22	5.08e-16	9.00e-11	3.01e-06	4.45e-01	5.52e-01	3.59e-03	0.00e+00	0.00e+00	0.00e+00	1.68e-16	3.40e-16	7.20e-67
 1.67841e+14	6.21e-22	6.38e-16	1.06e-10	3.33e-06	4.61e-01	5.36e-01	3.27e-03	0.00e+00	0.00e+00	0.00e+00	2.11e-16	4.26e-16	1.48e-66
 1.72163e+14	7.81e-22	7.63e-16	1.21e-10	3.61e-06	4.74e-01	5.23e-01	3.03e-03	0.00e+00	0.00e+00	0.00e+00	2.53e-16	5.10e-16	2.63e-66
 1.76662e+14	9.84e-22	9.15e-16	1.38e-10	3.91e-06	4.87e-01	5.10e-01	2.80e-03	0.00e+00	0.00e+00	0.00e+00	3.03e-16	6.12e-16	4.79e-66
 1.82510e+14	1.32e-21	1.15e-15	1.63e-10	4.32e-06	5.04e-01	4.93e-01	2.54e-03	0.00e+00	0.00e+00	0.00e+00	3.81e-16	7.69e-16	9.88e-66
 1.88611e+14	1.77e-21	1.45e-15	1.92e-10	4.77e-06	5.21e-01	4.77e-01	2.29e-03	0.00e+00	0.00e+00	0.00e+00	4.79e-16	9.67e-16	2.08e-65
 1.93788e+14	2.25e-21	1.74e-15	2.20e-10	5.18e-06	5.35e-01	4.63e-01	2.11e-03	0.00e+00	0.00e+00	0.00e+00	5.77e-16	1.17e-15	3.83e-65
 1.99267e+14	2.87e-21	2.11e-15	2.52e-10	5.62e-06	5.49e-01	4.49e-01	1.94e-03	0.00e+00	0.00e+00	0.00e+00	7.00e-16	1.41e-15	7.20e-65
 2.06389e+14	3.92e-21	2.69e-15	3.00e-10	6.23e-06	5.66e-01	4.32e-01	1.73e-03	0.00e+00	0.00e+00	0.00e+00	8.90e-16	1.80e-15	1.59e-64
 2.13786e+14	5.34e-21	3.42e-15	3.56e-10	6.89e-06	5.84e-01	4.15e-01	1.55e-03	0.00e+00	0.00e+00	0.00e+00	1.13e-15	2.29e-15	3.52e-64
 2.20045e+14	6.87e-21	4.16e-15	4.09e-10	7.48e-06	5.98e-01	4.01e-01	1.41e-03	0.00e+00	0.00e+00	0.00e+00	1.38e-15	2.78e-15	6.75e-64
 2.26685e+14	8.91e-21	5.09e-15	4.72e-10	8.13e-06	6.12e-01	3.87e-01	1.28e-03	0.00e+00	0.00e+00	0.00e+00	1.68e-15	3.40e-15	1.32e-63
 2.35061e+14	1.22e-20	6.51e-15	5.61e-10	9.00e-06	6.29e-01	3.69e-01	1.14e-03	0.00e+00	0.00e+00	0.00e+00	2.15e-15	4.35e-15	3.00e-63
 2.43800e+14	1.68e-20	8.32e-15	6.68e-10	9.94e-06	6.46e-01	3.53e-01	1.01e-03	0.00e+00	0.00e+00	0.00e+00	2.75e-15	5.57e-15	6.85e-63
 2.51590e+14	2.21e-20	1.03e-14	7.74e-10	1.08e-05	6.61e-01	3.38e-01	9.11e-04	0.00e+00	0.00e+00	0.00e+00	3.40e-15	6.88e-15	1.40e-62
 2.60040e+14	2.94e-20	1.28e-14	9.03e-10	1.18e-05	6.75e-01	3.24e-01	8.16e-04	0.00e+00	0.00e+00	0.00e+00	4.23e-15	8.57e-15	2.94e-62
 2.70128e+14	4.08e-20	1.65e-14	1.08e-09	1.31e-05	6.92e-01	3.07e-01	7.17e-04	0.00e+00	0.00e+00	0.00e+00	5.44e-15	1.10e-14	6.95e-62
 2.80110e+14	5.57e-20	2.09e-14	1.27e-09	1.44e-05	7.07e-01	2.92e-01	6.34e-04	0.00e+00	0.00e+00	0.00e+00	6.92e-15	1.40e-14	1.57e-61
 2.89161e+14	7.31e-20	2.58e-14	1.47e-09	1.56e-05	7.20e-01	2.79e-01	5.69e-04	0.00e+00	0.00e+00	0.00e+00	8.52e-15	1.73e-14	3.22e-61
 2.99238e+14	9.79e-20	3.23e-14	1.72e-09	1.70e-05	7.34e-01	2.66e-01	5.05e-04	0.00e+00	0.00e+00	0.00e+00	1.07e-14	2.16e-14	6.96e-61
 3.11048e+14	1.36e-19	4.15e-14	2.05e-09	1.87e-05	7.49e-01	2.51e-01	4.41e-04	0.00e+00	0.00e+00	0.00e+00	1.37e-14	2.78e-14	1.66e-60
 3.22733e+14	1.86e-19	5.28e-14	2.42e-09	2.06e-05	7.62e-01	2.37e-01	3.88e-04	0.00e+00	0.00e+00	0.00e+00	1.74e-14	3.54e-14	3.81e-60
 3.33762e+14	2.47e-19	6.56e-14	2.81e-09	2.23e-05	7.74e-01	2.25e-01	3.44e-04	0.00e+00	0.00e+00	0.00e+00	2.16e-14	4.40e-14	8.08e-60
 3.43384e+14	3.13e-19	7.87e-14	3.19e-09	2.39e-05	7.84e-01	2.15e-01	3.11e-04	0.00e+00	0.00e+00	0.00e+00	2.59e-14	5.28e-14	1.53e-59
 3.51409e+14	3.80e-19	9.13e-14	3.54e-09	2.53e-05	7.92e-01	2.08e-01	2.86e-04	0.00e+00	0.00e+00	0.00e+00	3.01e-14	6.12e-14	2.56e-59
 3.60291e+14	4.69e-19	1.07e-13	3.95e-09	2.69e-05	8.00e-01	2.00e-01	2.61e-04	0.00e+00	0.00e+00	0.00e+00	3.53e-14	7.18e-14	4.47e-59
 3.71836e+14	6.10e-19	1.31e-13	4.54e-09	2.90e-05	8.10e-01	1.90e-01	2.33e-04	0.00e+00	0.00e+00	0.00e+00	4.31e-14	8.79e-14	9.03e-59
 3.83949e+14	7.96e-19	1.61e-13	5.22e-09	3.13e-05	8.20e-01	1.80e-01	2.07e-04	0.00e+00	0.00e+00	0.00e+00	5.29e-14	1.08e-13	1.84e-58
 3.94294e+14	9.93e-19	1.90e-13	5.87e-09	3.34e-05	8.28e-01	1.72e-01	1.88e-04	0.00e+00	0.00e+00	0.00e+00	6.25e-14	1.28e-13	3.33e-58
 4.05237e+14	1.24e-18	2.26e-13	6.61e-09	3.56e-05	8.35e-01	1.64e-01	1.70e-04	0.00e+00	0.00e+00	0.00e+00	7.43e-14	1.52e-13	6.11e-58
 4.19462e+14	1.65e-18	2.81e-13	7.68e-09	3.86e-05	8.45e-01	1.55e-01	1.49e-04	0.00e+00	0.00e+00	0.00e+00	9.24e-14	1.89e-13	1.31e-57
 4.34149e+14	2.20e-18	3.49e-13	8.92e-09	4.19e-05	8.54e-01	1.46e-01	1.31e-04	0.00e+00	0.00e+00	0.00e+00	1.15e-13	2.34e-13	2.81e-57
 4.46399e+14	2.76e-18	4.16e-13	1.01e-08	4.47e-05	8.61e-01	1.39e-01	1.18e-04	0.00e+00	0.00e+00	0.00e+00	1.36e-13	2.79e-13	5.19e-57
 4.59290e+14	3.48e-18	4.97e-13	1.14e-08	4.77e-05	8.68e-01	1.32e-01	1.06e-04	0.00e+00	0.00e+00	0.00e+00	1.63e-13	3.34e-13	9.71e-57
 4.75923e+14	4.65e-18	6.20e-13	1.33e-08	5.18e-05	8.76e-01	1.24e-01	9.23e-05	0.00e+00	0.00e+00	0.00e+00	2.03e-13	4.17e-13	2.12e-56
 4.93394e+14	6.24e-18	7.76e-13	1.55e-08	5.63e-05	8.84e-01	1.16e-01	8.03e-05	0.00e+00	0.00e+00	0.00e+00	2.54e-13	5.22e-13	4.68e-56
 5.08573e+14	7.97e-18	9.37e-13	1.76e-08	6.04e-05	8.90e-01	1.10e-01	7.14e-05	0.00e+00	0.00e+00	0.00e+00	3.07e-13	6.30e-13	9.09e-56
 5.24801e+14	1.03e-17	1.14e-12	2.02e-08	6.49e-05	8.96e-01	1.04e-01	6.31e-05	0.00e+00	0.00e+00	0.00e+00	3.73e-13	7.65e-13	1.80e-55
 5.44668e+14	1.38e-17	1.43e-12	2.37e-08	7.06e-05	9.03e-01	9.68e-02	5.45e-05	0.00e+00	0.00e+00	0.00e+00	4.69e-13	9.63e-13	4.05e-55
 5.64545e+14	1.85e-17	1.79e-12	2.76e-08	7.66e-05	9.09e-01	9.05e-02	4.73e-05	0.00e+00	0.00e+00	0.00e+00	5.84e-13	1.20e-12	8.86e-55
 5.81965e+14	2.36e-17	2.15e-12	3.14e-08	8.21e-05	9.14e-01	8.54e-02	4.19e-05	0.00e+00	0.00e+00	0.00e+00	7.04e-13	1.45e-12	1.71e-54
 6.00911e+14	3.04e-17	2.62e-12	3.59e-08	8.83e-05	9.20e-01	8.03e-02	3.69e-05	0.00e+00	0.00e+00	0.00e+00	8.56e-13	1.76e-12	3.43e-54
 6.23867e+14	4.10e-17	3.30e-12	4.22e-08	9.61e-05	9.25e-01	7.47e-02	3.17e-05	0.00e+00	0.00e+00	0.00e+00	1.08e-12	2.22e-12	7.70e-54
 6.46701e+14	5.45e-17	4.11e-12	4.91e-08	1.04e-04	9.30e-01	6.96e-02	2.74e-05	4.42e-18	1.33e-17	2.22e-17	1.34e-12	2.77e-12	1.68e-53
 6.66966e+14	6.95e-17	4.96e-12	5.60e-08	1.12e-04	9.34e-01	6.55e-02	2.42e-05	5.64e-18	1.69e-17	2.83e-17	1.62e-12	3.34e-12	3.27e-53
 6.89228e+14	8.99e-17	6.05e-12	6.43e-08	1.20e-04	9.38e-01	6.14e-02	2.11e-05	7.30e-18	2.19e-17	3.67e-17	1.97e-12	4.08e-12	6.60e-53
 7.15861e+14	1.21e-16	7.61e-12	7.55e-08	1.31e-04	9.43e-01	5.69e-02	1.81e-05	9.84e-18	2.96e-17	4.94e-17	2.48e-12	5.13e-12	1.49e-52
 7.42264e+14	1.61e-16	9.48e-12	8.80e-08	1.42e-04	9.47e-01	5.29e-02	1.55e-05	1.31e-17	3.92e-17	6.56e-17	3.09e-12	6.39e-12	3.24e-52
 7.64905e+14	2.03e-16	1.14e-11	9.99e-08	1.52e-04	9.50e-01	4.98e-02	1.37e-05	1.65e-17	4.96e-17	8.29e-17	3.70e-12	7.67e-12	6.18e-52
 7.85476e+14	2.50e-16	1.33e-11	1.12e-07	1.61e-04	9.53e-01	4.72e-02	1.23e-05	2.03e-17	6.10e-17	1.02e-16	4.34e-12	9.00e-12	1.09e-51
 8.05785e+14	3.04e-16	1.56e-11	1.24e-07	1.71e-04	9.55e-01	4.48e-02	1.11e-05	2.47e-17	7.43e-17	1.24e-16	5.06e-12	1.05e-11	1.89e-51
 8.28846e+14	3.78e-16	1.84e-11	1.40e-07	1.82e-04	9.58e-01	4.23e-02	9.82e-06	3.08e-17	9.24e-17	1.55e-16	5.99e-12	1.24e-11	3.45e-51
 8.53979e+14	4.76e-16	2.20e-11	1.59e-07	1.95e-04	9.60e-01	3.98e-02	8.66e-06	3.87e-17	1.16e-16	1.95e-16	7.16e-12	1.49e-11	6.52e-51
 8.76641e+14	5.83e-16	2.58e-11	1.77e-07	2.06e-04	9.62e-01	3.77e-02	7.77e-06	4.74e-17	1.43e-16	2.38e-16	8.38e-12	1.74e-11	1.15e-50
 9.00939e+14	7.18e-16	3.04e-11	1.99e-07	2.19e-04	9.64e-01	3.56e-02	6.91e-06	5.85e-17	1.76e-16	2.94e-16	9.86e-12	2.05e-11	2.05e-50
 9.28385e+14	9.04e-16	3.63e-11	2.26e-07	2.35e-04	9.66e-01	3.34e-02	6.09e-06	7.37e-17	2.21e-16	3.70e-16	1.18e-11	2.45e-11	3.89e-50
 9.54531e+14	1.12e-15	4.29e-11	2.53e-07	2.49e-04	9.68e-01	3.16e-02	5.42e-06	9.11e-17	2.74e-16	4.58e-16	1.39e-11	2.90e-11	7.04e-50
 9.83132e+14	1.40e-15	5.11e-11	2.87e-07	2.66e-04	9.70e-01	2.97e-02	4.78e-06	1.14e-16	3.43e-16	5.74e-16	1.66e-11	3.46e-11	1.32e-49
 1.01486e+15	1.78e-15	6.18e-11	3.28e-07	2.86e-04	9.72e-01	2.78e-02	4.17e-06	1.45e-16	4.37e-16	7.30e-16	2.00e-11	4.18e-11	2.60e-49
 1.04437e+15	2.22e-15	7.33e-11	3.69e-07	3.05e-04	9.74e-01	2.61e-02	3.70e-06	1.81e-16	5.43e-16	9.08e-16	2.38e-11	4.95e-11	4.81e-49
 1.07644e+15	2.79e-15	8.77e-11	4.19e-07	3.26e-04	9.75e-01	2.45e-02	3.25e-06	2.27e-16	6.83e-16	1.14e-15	2.84e-11	5.93e-11	9.16e-49
 1.11256e+15	3.57e-15	1.07e-10	4.81e-07	3.51e-04	9.77e-01	2.29e-02	2.82e-06	2.92e-16	8.77e-16	1.47e-15	3.45e-11	7.21e-11	1.85e-48
 1.14702e+15	4.49e-15	1.28e-10	5.46e-07	3.75e-04	9.78e-01	2.14e-02	2.48e-06	3.67e-16	1.10e-15	1.84e-15	4.13e-11	8.63e-11	3.54e-48
 1.18492e+15	5.73e-15	1.55e-10	6.25e-07	4.03e-04	9.80e-01	2.00e-02	2.15e-06	4.69e-16	1.41e-15	2.35e-15	5.01e-11	1.05e-10	7.08e-48
 1.22743e+15	7.46e-15	1.90e-10	7.24e-07	4.36e-04	9.81e-01	1.86e-02	1.85e-06	6.10e-16	1.83e-15	3.06e-15	6.16e-11	1.29e-10	1.50e-47
 1.26790e+15	9.50e-15	2.31e-10	8.28e-07	4.68e-04	9.82e-01	1.73e-02	1.61e-06	7.78e-16	2.34e-15	3.91e-15	7.46e-11	1.56e-10	3.00e-47
 1.31245e+15	1.23e-14	2.83e-10	9.56e-07	5.06e-04	9.83e-01	1.61e-02	1.39e-06	1.01e-15	3.02e-15	5.05e-15	9.14e-11	1.91e-10	6.24e-47
 1.36217e+15	1.62e-14	3.51e-10	1.12e-06	5.49e-04	9.85e-01	1.48e-02	1.18e-06	1.33e-15	3.98e-15	6.65e-15	1.14e-10	2.38e-10	1.37e-46
 1.40852e+15	2.07e-14	4.28e-10	1.28e-06	5.91e-04	9.86e-01	1.38e-02	1.02e-06	1.70e-15	5.10e-15	8.52e-15	1.38e-10	2.89e-10	2.80e-46
 1.45869e+15	2.68e-14	5.25e-10	1.48e-06	6.39e-04	9.87e-01	1.28e-02	8.77e-07	2.20e-15	6.60e-15	1.10e-14	1.70e-10	3.55e-10	5.86e-46
 1.51522e+15	3.53e-14	6.55e-10	1.74e-06	6.96e-04	9.88e-01	1.18e-02	0.00e+00	2.90e-15	8.71e-15	1.46e-14	2.12e-10	4.43e-10	1.30e-45
 1.56098e+15	4.38e-14	7.80e-10	1.97e-06	7.44e-04	9.88e-01	1.10e-02	0.00e+00	3.60e-15	1.08e-14	1.81e-14	2.52e-10	5.28e-10	2.45e-45
 1.59295e+15	5.07e-14	8.77e-10	2.14e-06	7.78e-04	9.89e-01	1.06e-02	0.00e+00	4.16e-15	1.25e-14	2.09e-14	2.84e-10	5.93e-10	3.74e-45
 1.62598e+15	5.88e-14	9.88e-10	2.33e-06	8.14e-04	9.89e-01	1.01e-02	0.00e+00	4.83e-15	1.45e-14	2.43e-14	3.19e-10	6.68e-10	5.76e-45
 1.66893e+15	7.09e-14	1.15e-09	2.59e-06	8.63e-04	9.90e-01	9.53e-03	0.00e+00	5.83e-15	1.75e-14	2.93e-14	3.71e-10	7.76e-10	9.91e-45
 1.71745e+15	8.71e-14	1.36e-09	2.92e-06	9.21e-04	9.90e-01	8.94e-03	0.00e+00	7.17e-15	2.15e-14	3.60e-14	4.39e-10	9.17e-10	1.81e-44
 1.76320e+15	1.05e-13	1.58e-09	3.26e-06	9.77e-04	9.91e-01	8.43e-03	0.00e+00	8.63e-15	2.59e-14	4.33e-14	5.10e-10	1.07e-09	3.12e-44
 1.81266e+15	1.20e-13	1.85e-09	3.65e-06	1.04e-03	9.91e-01	7.93e-03	0.00e+00	9.86e-15	2.96e-14	4.95e-14	5.98e-10	1.25e-09	5.42e-44
 1.86763e+15	1.46e-13	2.19e-09	4.14e-06	1.11e-03	9.91e-01	7.41e-03	0.00e+00	1.21e-14	3.62e-14	6.06e-14	7.09e-10	1.48e-09	1.00e-43
 1.91864e+15	1.76e-13	2.56e-09	4.63e-06	1.18e-03	9.92e-01	6.98e-03	0.00e+00	1.45e-14	4.35e-14	7.28e-14	8.28e-10	1.73e-09	1.75e-43
 1.97382e+15	2.13e-13	3.01e-09	5.21e-06	1.26e-03	9.92e-01	6.54e-03	0.00e+00	1.75e-14	5.27e-14	8.81e-14	9.73e-10	2.03e-09	3.13e-43
 2.03535e+15	2.60e-13	3.58e-09	5.92e-06	1.35e-03	9.93e-01	6.10e-03	0.00e+00	2.15e-14	6.46e-14	1.08e-13	1.16e-09	2.42e-09	5.86e-43
 2.09304e+15	3.13e-13	4.19e-09	6.65e-06	1.44e-03	9.93e-01	5.73e-03	0.00e+00	2.58e-14	7.76e-14	1.30e-13	1.36e-09	2.84e-09	1.04e-42
 2.15593e+15	3.79e-13	4.95e-09	7.52e-06	1.55e-03	9.93e-01	5.35e-03	0.00e+00	3.13e-14	9.41e-14	1.57e-13	1.60e-09	3.35e-09	1.88e-42
 2.22648e+15	4.65e-13	5.93e-09	8.59e-06	1.67e-03	9.93e-01	4.96e-03	0.00e+00	3.85e-14	1.16e-13	1.93e-13	1.92e-09	4.01e-09	3.61e-42
 2.29322e+15	5.60e-13	7.00e-09	9.71e-06	1.78e-03	9.94e-01	4.64e-03	0.00e+00	4.64e-14	1.39e-13	2.33e-13	2.27e-09	4.73e-09	6.54e-42
 2.36623e+15	6.83e-13	8.33e-09	1.11e-05	1.92e-03	9.94e-01	4.31e-03	0.00e+00	5.66e-14	1.70e-13	2.84e-13	2.70e-09	5.63e-09	1.25e-41
 2.44838e+15	8.45e-13	1.01e-08	1.27e-05	2.08e-03	9.94e-01	3.98e-03	0.00e+00	7.02e-14	2.11e-13	3.52e-13	3.27e-09	6.81e-09	2.49e-41
 2.52687e+15	1.02e-12	1.20e-08	1.45e-05	2.24e-03	9.94e-01	3.69e-03	0.00e+00	8.45e-14	2.54e-13	4.24e-13	3.89e-09	8.09e-09	4.62e-41
 2.61337e+15	1.25e-12	1.44e-08	1.67e-05	2.42e-03	9.94e-01	3.41e-03	0.00e+00	1.04e-13	3.12e-13	5.22e-13	4.68e-09	9.74e-09	9.07e-41
 2.71075e+15	1.54e-12	1.76e-08	1.94e-05	2.64e-03	9.94e-01	3.12e-03	0.00e+00	1.29e-13	3.86e-13	6.45e-13	5.71e-09	1.19e-08	1.87e-40
 2.80193e+15	1.86e-12	2.10e-08	2.23e-05	2.86e-03	9.94e-01	2.89e-03	0.00e+00	1.55e-13	4.66e-13	7.78e-13	6.84e-09	1.42e-08	3.58e-40
 2.90012e+15	2.27e-12	2.53e-08	2.57e-05	3.10e-03	9.94e-01	2.66e-03	0.00e+00	1.89e-13	5.69e-13	9.50e-13	8.24e-09	1.71e-08	7.08e-40
 3.01063e+15	2.78e-12	3.10e-08	3.00e-05	3.39e-03	9.94e-01	2.43e-03	0.00e+00	2.33e-13	6.99e-13	1.17e-12	1.01e-08	2.09e-08	1.48e-39
 3.10003e+15	3.23e-12	3.62e-08	3.38e-05	3.64e-03	9.94e-01	2.26e-03	0.00e+00	2.71e-13	8.13e-13	1.36e-12	1.18e-08	2.44e-08	2.61e-39
 3.16304e+15	3.60e-12	4.03e-08	3.67e-05	3.82e-03	9.94e-01	2.15e-03	0.00e+00	3.02e-13	9.08e-13	1.52e-12	1.31e-08	2.72e-08	3.87e-39
 3.22887e+15	4.03e-12	4.50e-08	4.00e-05	4.01e-03	9.94e-01	2.05e-03	0.00e+00	3.38e-13	1.02e-12	1.70e-12	1.46e-08	3.03e-08	5.81e-39
 3.31444e+15	4.63e-12	5.17e-08	4.45e-05	4.27e-03	9.94e-01	1.92e-03	0.00e+00	3.89e-13	1.17e-12	1.95e-12	1.68e-08	3.48e-08	9.80e-39
 3.40909e+15	5.35e-12	6.00e-08	5.00e-05	4.57e-03	9.94e-01	1.79e-03	0.00e+00	4.51e-13	1.35e-12	2.26e-12	1.96e-08	4.04e-08	1.70e-38
 3.49645e+15	6.08e-12	6.85e-08	5.55e-05	4.86e-03	9.93e-01	1.68e-03	0.00e+00	5.12e-13	1.54e-12	2.57e-12	2.24e-08	4.62e-08	2.79e-38
 3.59094e+15	7.00e-12	7.89e-08	6.19e-05	5.18e-03	9.93e-01	1.57e-03	0.00e+00	5.91e-13	1.77e-12	2.96e-12	2.57e-08	5.31e-08	4.73e-38
 3.69668e+15	8.10e-12	9.18e-08	6.97e-05	5.56e-03	9.93e-01	1.46e-03	0.00e+00	6.84e-13	2.05e-12	3.43e-12	3.00e-08	6.19e-08	8.36e-38
 3.79544e+15	9.21e-12	1.05e-07	7.76e-05	5.92e-03	9.93e-01	1.37e-03	0.00e+00	7.79e-13	2.34e-12	3.91e-12	3.44e-08	7.10e-08	1.40e-37
 3.90218e+15	1.06e-11	1.22e-07	8.69e-05	6.33e-03	9.92e-01	1.28e-03	0.00e+00	9.01e-13	2.70e-12	4.52e-12	3.99e-08	8.21e-08	2.43e-37
 4.02129e+15	1.23e-11	1.43e-07	9.82e-05	6.81e-03	9.92e-01	1.19e-03	0.00e+00	1.04e-12	3.14e-12	5.24e-12	4.67e-08	9.60e-08	4.38e-37
 4.13251e+15	1.40e-11	1.64e-07	1.10e-04	7.27e-03	9.92e-01	1.11e-03	0.00e+00	1.19e-12	3.58e-12	5.98e-12	5.38e-08	1.11e-07	7.49e-37
 4.25314e+15	1.63e-11	1.91e-07	1.23e-04	7.80e-03	9.91e-01	1.03e-03	0.00e+00	1.38e-12	4.15e-12	6.93e-12	6.26e-08	1.29e-07	1.34e-36
 4.38859e+15	1.89e-11	2.25e-07	1.40e-04	8.41e-03	9.90e-01	9.53e-04	0.00e+00	1.61e-12	4.84e-12	8.08e-12	7.37e-08	1.51e-07	2.54e-36
 4.51695e+15	2.17e-11	2.61e-07	1.58e-04	9.01e-03	9.90e-01	8.87e-04	0.00e+00	1.85e-12	5.55e-12	9.27e-12	8.57e-08	1.76e-07	4.55e-36
 4.65747e+15	2.53e-11	3.07e-07	1.79e-04	9.71e-03	9.89e-01	8.20e-04	0.00e+00	2.16e-12	6.50e-12	1.08e-11	1.01e-07	2.06e-07	8.56e-36
 4.81561e+15	2.97e-11	3.65e-07	2.04e-04	1.05e-02	9.89e-01	7.54e-04	0.00e+00	2.54e-12	7.64e-12	1.28e-11	1.20e-07	2.45e-07	1.69e-35
 4.96587e+15	3.43e-11	4.28e-07	2.31e-04	1.13e-02	9.88e-01	6.97e-04	0.00e+00	2.94e-12	8.82e-12	1.47e-11	1.40e-07	2.87e-07	3.13e-35
 5.13040e+15	4.04e-11	5.08e-07	2.64e-04	1.23e-02	9.87e-01	6.42e-04	0.00e+00	3.47e-12	1.04e-11	1.74e-11	1.67e-07	3.41e-07	6.10e-35
 5.31288e+15	4.77e-11	6.08e-07	3.05e-04	1.33e-02	9.86e-01	5.87e-04	0.00e+00	4.10e-12	1.23e-11	2.05e-11	2.00e-07	4.08e-07	1.23e-34
 5.48373e+15	5.53e-11	7.16e-07	3.46e-04	1.44e-02	9.85e-01	5.42e-04	0.00e+00	4.76e-12	1.43e-11	2.38e-11	2.35e-07	4.81e-07	2.30e-34
 5.62571e+15	6.30e-11	8.18e-07	3.84e-04	1.53e-02	9.84e-01	5.08e-04	0.00e+00	5.42e-12	1.63e-11	2.72e-11	2.69e-07	5.49e-07	3.82e-34
 5.74379e+15	6.85e-11	9.13e-07	4.18e-04	1.61e-02	9.83e-01	4.81e-04	0.00e+00	5.91e-12	1.77e-11	2.96e-11	3.00e-07	6.13e-07	5.81e-34
 5.87598e+15	7.73e-11	1.03e-06	4.58e-04	1.70e-02	9.82e-01	4.54e-04	0.00e+00	6.67e-12	2.00e-11	3.34e-11	3.39e-07	6.92e-07	9.28e-34
 6.04782e+15	8.96e-11	1.20e-06	5.16e-04	1.82e-02	9.81e-01	4.21e-04	0.00e+00	7.75e-12	2.32e-11	3.88e-11	3.97e-07	8.08e-07	1.68e-33
 6.22644e+15	1.03e-10	1.41e-06	5.81e-04	1.95e-02	9.79e-01	3.91e-04	0.00e+00	8.89e-12	2.67e-11	4.46e-11	4.63e-07	9.42e-07	2.99e-33
 6.37488e+15	1.17e-10	1.59e-06	6.39e-04	2.07e-02	9.78e-01	3.68e-04	0.00e+00	1.01e-11	3.04e-11	5.07e-11	5.24e-07	1.07e-06	4.74e-33
 6.52884e+15	1.32e-10	1.81e-06	7.05e-04	2.19e-02	9.77e-01	3.45e-04	0.00e+00	1.15e-11	3.44e-11	5.75e-11	5.97e-07	1.21e-06	7.72e-33
 6.72899e+15	1.56e-10	2.14e-06	7.98e-04	2.36e-02	9.75e-01	3.19e-04	0.00e+00	1.35e-11	4.07e-11	6.79e-11	7.04e-07	1.43e-06	1.41e-32
 6.93511e+15	1.82e-10	2.51e-06	9.03e-04	2.54e-02	9.73e-01	2.95e-04	0.00e+00	1.59e-11	4.76e-11	7.94e-11	8.27e-07	1.68e-06	2.53e-32
 7.10474e+15	2.07e-10	2.85e-06	9.96e-04	2.69e-02	9.72e-01	2.77e-04	0.00e+00	1.80e-11	5.41e-11	9.02e-11	9.41e-07	1.91e-06	4.03e-32
 7.28098e+15	2.38e-10	3.27e-06	1.10e-03	2.85e-02	9.70e-01	2.59e-04	0.00e+00	2.07e-11	6.23e-11	1.04e-10	1.08e-06	2.19e-06	6.59e-32
 7.51009e+15	2.84e-10	3.87e-06	1.26e-03	3.08e-02	9.68e-01	2.39e-04	0.00e+00	2.48e-11	7.44e-11	1.24e-10	1.28e-06	2.59e-06	1.23e-31
 7.74728e+15	3.36e-10	4.58e-06	1.43e-03	3.32e-02	9.65e-01	2.20e-04	0.00e+00	2.94e-11	8.81e-11	1.47e-10	1.51e-06	3.07e-06	2.20e-31
 7.94609e+15	3.83e-10	5.26e-06	1.58e-03	3.53e-02	9.63e-01	2.06e-04	0.00e+00	3.36e-11	1.01e-10	1.68e-10	1.74e-06	3.52e-06	3.54e-31
 8.15568e+15	4.49e-10	6.09e-06	1.77e-03	3.76e-02	9.60e-01	1.92e-04	0.00e+00	3.93e-11	1.18e-10	1.97e-10	2.01e-06	4.08e-06	5.93e-31
 8.42815e+15	5.44e-10	7.32e-06	2.03e-03	4.08e-02	9.57e-01	1.76e-04	0.00e+00	4.78e-11	1.43e-10	2.39e-10	2.42e-06	4.90e-06	1.13e-30
 8.70510e+15	6.55e-10	8.72e-06	2.33e-03	4.41e-02	9.53e-01	1.61e-04	0.00e+00	5.76e-11	1.73e-10	2.88e-10	2.88e-06	5.84e-06	2.03e-30
 8.93367e+15	7.63e-10	1.01e-05	2.60e-03	4.70e-02	9.50e-01	1.50e-04	0.00e+00	6.71e-11	2.01e-10	3.36e-10	3.33e-06	6.74e-06	3.25e-30
 9.17657e+15	9.07e-10	1.18e-05	2.92e-03	5.03e-02	9.47e-01	1.40e-04	0.00e+00	7.99e-11	2.40e-10	4.00e-10	3.89e-06	7.87e-06	5.46e-30
 9.49235e+15	1.11e-09	1.43e-05	3.39e-03	5.48e-02	9.42e-01	1.27e-04	0.00e+00	9.82e-11	2.95e-10	4.91e-10	4.73e-06	9.56e-06	1.05e-29
 9.77488e+15	1.32e-09	1.67e-05	3.83e-03	5.88e-02	9.37e-01	1.18e-04	0.00e+00	1.16e-10	3.49e-10	5.82e-10	5.53e-06	1.12e-05	1.68e-29
 9.96334e+15	1.47e-09	1.86e-05	4.16e-03	6.17e-02	9.34e-01	1.12e-04	0.00e+00	1.30e-10	3.90e-10	6.50e-10	6.15e-06	1.24e-05	2.35e-29
 1.01575e+16	1.68e-09	2.08e-05	4.54e-03	6.48e-02	9.31e-01	1.06e-04	0.00e+00	1.48e-10	4.45e-10	7.42e-10	6.90e-06	1.39e-05	3.41e-29
 1.04099e+16	1.98e-09	2.41e-05	5.07e-03	6.91e-02	9.26e-01	9.87e-05	0.00e+00	1.75e-10	5.25e-10	8.77e-10	7.99e-06	1.61e-05	5.44e-29
 1.06698e+16	2.29e-09	2.77e-05	5.66e-03	7.35e-02	9.21e-01	9.22e-05	0.00e+00	2.03e-10	6.10e-10	1.02e-09	9.18e-06	1.85e-05	8.30e-29
 1.09025e+16	2.64e-09	3.15e-05	6.24e-03	7.77e-02	9.16e-01	8.68e-05	0.00e+00	2.34e-10	7.03e-10	1.17e-09	1.04e-05	2.10e-05	1.22e-28
 1.11678e+16	3.11e-09	3.65e-05	6.99e-03	8.27e-02	9.10e-01	8.10e-05	0.00e+00	2.76e-10	8.28e-10	1.38e-09	1.21e-05	2.44e-05	1.91e-28
 1.14474e+16	3.66e-09	4.22e-05	7.84e-03	8.83e-02	9.04e-01	7.54e-05	0.00e+00	3.26e-10	9.77e-10	1.63e-09	1.40e-05	2.82e-05	2.94e-28
