#depth	He	He+	He+2
 1.49634e+10	1.17e-22	5.92e-12	1.00e+00
 4.54887e+10	1.33e-22	6.40e-12	1.00e+00
 7.72350e+10	1.50e-22	6.93e-12	1.00e+00
 1.10251e+11	1.69e-22	7.50e-12	1.00e+00
 1.41913e+11	1.89e-22	8.06e-12	1.00e+00
 1.71228e+11	2.09e-22	8.60e-12	1.00e+00
 2.04390e+11	2.33e-22	9.24e-12	1.00e+00
 2.42492e+11	2.64e-22	1.00e-11	1.00e+00
 2.80139e+11	2.98e-22	1.08e-11	1.00e+00
 3.19291e+11	3.36e-22	1.16e-11	1.00e+00
 3.61990e+11	3.83e-22	1.26e-11	1.00e+00
 4.03450e+11	4.33e-22	1.35e-11	1.00e+00
 4.42026e+11	4.83e-22	1.45e-11	1.00e+00
 4.85091e+11	5.44e-22	1.55e-11	1.00e+00
 5.34422e+11	6.23e-22	1.68e-11	1.00e+00
 5.82962e+11	7.09e-22	1.81e-11	1.00e+00
 6.33445e+11	8.05e-22	1.95e-11	1.00e+00
 6.82243e+11	9.13e-22	2.10e-11	1.00e+00
 7.23172e+11	1.01e-21	2.22e-11	1.00e+00
 7.67383e+11	1.11e-21	2.36e-11	1.00e+00
 8.23183e+11	1.27e-21	2.54e-11	1.00e+00
 8.81675e+11	1.45e-21	2.73e-11	1.00e+00
 9.34555e+11	1.63e-21	2.92e-11	1.00e+00
 9.92510e+11	1.84e-21	3.13e-11	1.00e+00
 1.06074e+12	2.12e-21	3.38e-11	1.00e+00
 1.12895e+12	2.44e-21	3.65e-11	1.00e+00
 1.19408e+12	2.77e-21	3.92e-11	1.00e+00
 1.26594e+12	3.16e-21	4.22e-11	1.00e+00
 1.34651e+12	3.68e-21	4.58e-11	1.00e+00
 1.42002e+12	4.20e-21	4.92e-11	1.00e+00
 1.48218e+12	4.67e-21	5.22e-11	1.00e+00
 1.55052e+12	5.23e-21	5.57e-11	1.00e+00
 1.63590e+12	6.02e-21	6.01e-11	1.00e+00
 1.72340e+12	6.95e-21	6.49e-11	1.00e+00
 1.80032e+12	7.83e-21	6.93e-11	1.00e+00
 1.88350e+12	8.85e-21	7.42e-11	1.00e+00
 1.97726e+12	1.02e-20	8.01e-11	1.00e+00
 2.06682e+12	1.16e-20	8.59e-11	1.00e+00
 2.16526e+12	1.32e-20	9.27e-11	1.00e+00
 2.27414e+12	1.54e-20	1.01e-10	1.00e+00
 2.37546e+12	1.76e-20	1.08e-10	1.00e+00
 2.47126e+12	1.98e-20	1.16e-10	1.00e+00
 2.58106e+12	2.27e-20	1.25e-10	1.00e+00
 2.70322e+12	2.63e-20	1.36e-10	1.00e+00
 2.81781e+12	3.01e-20	1.47e-10	1.00e+00
 2.94313e+12	3.45e-20	1.59e-10	1.00e+00
 3.08301e+12	4.04e-20	1.74e-10	1.00e+00
 3.21490e+12	4.65e-20	1.89e-10	1.00e+00
 3.35825e+12	5.35e-20	2.06e-10	1.00e+00
 3.51786e+12	6.28e-20	2.26e-10	1.00e+00
 3.67008e+12	7.27e-20	2.47e-10	1.00e+00
 3.83303e+12	8.46e-20	2.70e-10	1.00e+00
 3.99114e+12	9.85e-20	2.94e-10	1.00e+00
 4.11665e+12	1.10e-19	3.15e-10	1.00e+00
 4.24827e+12	1.23e-19	3.36e-10	1.00e+00
 4.41936e+12	1.41e-19	3.66e-10	1.00e+00
 4.60339e+12	1.64e-19	4.00e-10	1.00e+00
 4.75887e+12	1.85e-19	4.30e-10	1.00e+00
 4.89394e+12	2.04e-19	4.57e-10	1.00e+00
 5.04785e+12	2.27e-19	4.89e-10	1.00e+00
 5.24793e+12	2.60e-19	5.32e-10	1.00e+00
 5.45534e+12	3.00e-19	5.80e-10	1.00e+00
 5.62904e+12	3.34e-19	6.21e-10	1.00e+00
 5.81161e+12	3.73e-19	6.66e-10	1.00e+00
 6.04806e+12	4.28e-19	7.27e-10	1.00e+00
 6.29248e+12	4.93e-19	7.93e-10	1.00e+00
 6.49803e+12	5.51e-19	8.50e-10	1.00e+00
 6.71513e+12	6.15e-19	9.14e-10	1.00e+00
 6.98956e+12	7.07e-19	9.98e-10	1.00e+00
 7.27328e+12	8.13e-19	1.09e-09	1.00e+00
 7.52284e+12	9.12e-19	1.17e-09	1.00e+00
 7.79323e+12	1.03e-18	1.27e-09	1.00e+00
 8.09320e+12	1.17e-18	1.38e-09	1.00e+00
 8.38673e+12	1.32e-18	1.49e-09	1.00e+00
 8.67669e+12	1.48e-18	1.60e-09	1.00e+00
 8.95240e+12	1.65e-18	1.72e-09	1.00e+00
 9.25631e+12	1.85e-18	1.85e-09	1.00e+00
 9.56791e+12	2.07e-18	1.99e-09	1.00e+00
 9.82513e+12	2.26e-18	2.11e-09	1.00e+00
 1.00951e+13	2.48e-18	2.24e-09	1.00e+00
 1.04461e+13	2.78e-18	2.42e-09	1.00e+00
 1.08122e+13	3.13e-18	2.61e-09	1.00e+00
 1.11241e+13	3.45e-18	2.78e-09	1.00e+00
 1.14556e+13	3.80e-18	2.96e-09	1.00e+00
 1.18866e+13	4.30e-18	3.22e-09	1.00e+00
 1.23341e+13	4.88e-18	3.49e-09	1.00e+00
 1.27140e+13	5.40e-18	3.74e-09	1.00e+00
 1.31188e+13	5.99e-18	4.01e-09	1.00e+00
 1.36295e+13	6.80e-18	4.37e-09	1.00e+00
 1.41631e+13	7.74e-18	4.76e-09	1.00e+00
 1.46438e+13	8.66e-18	5.14e-09	1.00e+00
 1.51704e+13	9.72e-18	5.56e-09	1.00e+00
 1.57924e+13	1.11e-17	6.10e-09	1.00e+00
 1.64194e+13	1.26e-17	6.67e-09	1.00e+00
 1.69829e+13	1.41e-17	7.20e-09	1.00e+00
 1.75829e+13	1.58e-17	7.79e-09	1.00e+00
 1.82584e+13	1.79e-17	8.50e-09	1.00e+00
 1.88280e+13	1.98e-17	9.13e-09	1.00e+00
 1.92674e+13	2.14e-17	9.63e-09	1.00e+00
 1.97412e+13	2.32e-17	1.02e-08	1.00e+00
 2.03572e+13	2.56e-17	1.09e-08	1.00e+00
 2.10217e+13	2.85e-17	1.18e-08	1.00e+00
 2.16171e+13	3.13e-17	1.26e-08	1.00e+00
 2.22588e+13	3.45e-17	1.34e-08	1.00e+00
 2.30889e+13	3.90e-17	1.46e-08	1.00e+00
 2.39340e+13	4.41e-17	1.59e-08	1.00e+00
 2.46276e+13	4.87e-17	1.70e-08	1.00e+00
 2.53542e+13	5.39e-17	1.81e-08	1.00e+00
 2.62951e+13	6.13e-17	1.97e-08	1.00e+00
 2.72977e+13	7.01e-17	2.14e-08	1.00e+00
 2.81877e+13	7.88e-17	2.31e-08	1.00e+00
 2.91481e+13	8.90e-17	2.48e-08	1.00e+00
 3.02998e+13	1.03e-16	2.71e-08	1.00e+00
 3.14791e+13	1.19e-16	2.95e-08	1.00e+00
 3.24802e+13	1.33e-16	3.16e-08	1.00e+00
 3.33241e+13	1.47e-16	3.34e-08	1.00e+00
 3.42750e+13	1.64e-16	3.55e-08	1.00e+00
 3.55111e+13	1.88e-16	3.84e-08	1.00e+00
 3.68291e+13	2.16e-16	4.15e-08	1.00e+00
 3.79843e+13	2.43e-16	4.43e-08	1.00e+00
 3.90383e+13	2.71e-16	4.70e-08	1.00e+00
 4.02301e+13	3.04e-16	5.00e-08	1.00e+00
 4.17368e+13	3.51e-16	5.41e-08	1.00e+00
 4.32720e+13	4.05e-16	5.83e-08	1.00e+00
 4.45961e+13	4.56e-16	6.21e-08	1.00e+00
 4.60264e+13	5.16e-16	6.63e-08	1.00e+00
 4.77865e+13	5.98e-16	7.16e-08	1.00e+00
 4.95900e+13	6.91e-16	7.74e-08	1.00e+00
 5.12237e+13	7.85e-16	8.27e-08	1.00e+00
 5.30217e+13	8.99e-16	8.87e-08	1.00e+00
 5.51338e+13	1.05e-15	9.61e-08	1.00e+00
 5.71446e+13	1.21e-15	1.03e-07	1.00e+00
 5.88769e+13	1.36e-15	1.10e-07	1.00e+00
 6.07568e+13	1.54e-15	1.17e-07	1.00e+00
 6.30707e+13	1.78e-15	1.27e-07	1.00e+00
 6.54229e+13	2.06e-15	1.36e-07	1.00e+00
 6.74099e+13	2.32e-15	1.45e-07	1.00e+00
 6.90925e+13	2.56e-15	1.52e-07	1.00e+00
 7.09245e+13	2.83e-15	1.61e-07	1.00e+00
 7.33061e+13	3.23e-15	1.72e-07	1.00e+00
 7.57640e+13	3.68e-15	1.84e-07	1.00e+00
 7.78131e+13	4.09e-15	1.94e-07	1.00e+00
 7.99691e+13	4.55e-15	2.06e-07	1.00e+00
 8.27720e+13	5.22e-15	2.21e-07	1.00e+00
 8.56818e+13	5.98e-15	2.37e-07	1.00e+00
 8.81379e+13	6.69e-15	2.51e-07	1.00e+00
 9.07382e+13	7.51e-15	2.67e-07	1.00e+00
 9.40670e+13	8.66e-15	2.87e-07	1.00e+00
 9.75224e+13	9.99e-15	3.09e-07	1.00e+00
 1.00525e+14	1.13e-14	3.29e-07	1.00e+00
 1.03759e+14	1.28e-14	3.52e-07	1.00e+00
 1.07714e+14	1.48e-14	3.80e-07	1.00e+00
 1.11679e+14	1.71e-14	4.10e-07	1.00e+00
 1.15182e+14	1.93e-14	4.36e-07	1.00e+00
 1.19012e+14	2.20e-14	4.67e-07	1.00e+00
 1.23616e+14	2.56e-14	5.05e-07	1.00e+00
 1.28200e+14	2.95e-14	5.44e-07	1.00e+00
 1.32347e+14	3.35e-14	5.81e-07	1.00e+00
 1.36952e+14	3.83e-14	6.24e-07	1.00e+00
 1.42360e+14	4.46e-14	6.76e-07	1.00e+00
 1.47704e+14	5.16e-14	7.29e-07	1.00e+00
 1.52707e+14	5.87e-14	7.80e-07	1.00e+00
 1.57412e+14	6.61e-14	8.31e-07	1.00e+00
 1.62563e+14	7.49e-14	8.87e-07	1.00e+00
 1.67841e+14	8.49e-14	9.47e-07	1.00e+00
 1.72163e+14	9.37e-14	9.98e-07	1.00e+00
 1.76662e+14	1.03e-13	1.05e-06	1.00e+00
 1.82510e+14	1.17e-13	1.12e-06	1.00e+00
 1.88611e+14	1.33e-13	1.20e-06	1.00e+00
 1.93788e+14	1.48e-13	1.27e-06	1.00e+00
 1.99267e+14	1.64e-13	1.34e-06	1.00e+00
 2.06389e+14	1.88e-13	1.44e-06	1.00e+00
 2.13786e+14	2.15e-13	1.55e-06	1.00e+00
 2.20045e+14	2.40e-13	1.64e-06	1.00e+00
 2.26685e+14	2.68e-13	1.74e-06	1.00e+00
 2.35061e+14	3.07e-13	1.87e-06	1.00e+00
 2.43800e+14	3.52e-13	2.01e-06	1.00e+00
 2.51590e+14	3.96e-13	2.15e-06	1.00e+00
 2.60040e+14	4.48e-13	2.29e-06	1.00e+00
 2.70128e+14	5.16e-13	2.47e-06	1.00e+00
 2.80110e+14	5.90e-13	2.66e-06	1.00e+00
 2.89161e+14	6.63e-13	2.84e-06	1.00e+00
 2.99238e+14	7.51e-13	3.04e-06	1.00e+00
 3.11048e+14	8.65e-13	3.28e-06	1.00e+00
 3.22733e+14	9.90e-13	3.54e-06	1.00e+00
 3.33762e+14	1.12e-12	3.78e-06	1.00e+00
 3.43384e+14	1.24e-12	4.00e-06	1.00e+00
 3.51409e+14	1.35e-12	4.19e-06	1.00e+00
 3.60291e+14	1.47e-12	4.41e-06	1.00e+00
 3.71836e+14	1.65e-12	4.70e-06	1.00e+00
 3.83949e+14	1.85e-12	5.01e-06	1.00e+00
 3.94294e+14	2.04e-12	5.29e-06	1.00e+00
 4.05237e+14	2.25e-12	5.59e-06	1.00e+00
 4.19462e+14	2.54e-12	6.00e-06	1.00e+00
 4.34149e+14	2.87e-12	6.43e-06	1.00e+00
 4.46399e+14	3.17e-12	6.81e-06	1.00e+00
 4.59290e+14	3.51e-12	7.21e-06	1.00e+00
 4.75923e+14	3.99e-12	7.76e-06	1.00e+00
 4.93394e+14	4.54e-12	8.36e-06	1.00e+00
 5.08573e+14	5.06e-12	8.89e-06	1.00e+00
 5.24801e+14	5.66e-12	9.49e-06	1.00e+00
 5.44668e+14	6.48e-12	1.03e-05	1.00e+00
 5.64545e+14	7.37e-12	1.10e-05	1.00e+00
 5.81965e+14	8.22e-12	1.18e-05	1.00e+00
 6.00911e+14	9.24e-12	1.26e-05	1.00e+00
 6.23867e+14	1.06e-11	1.36e-05	1.00e+00
 6.46701e+14	1.21e-11	1.47e-05	1.00e+00
 6.66966e+14	1.35e-11	1.57e-05	1.00e+00
 6.89228e+14	1.53e-11	1.68e-05	1.00e+00
 7.15861e+14	1.75e-11	1.82e-05	1.00e+00
 7.42264e+14	2.01e-11	1.96e-05	1.00e+00
 7.64905e+14	2.24e-11	2.09e-05	1.00e+00
 7.85476e+14	2.48e-11	2.21e-05	1.00e+00
 8.05785e+14	2.73e-11	2.34e-05	1.00e+00
 8.28846e+14	3.03e-11	2.48e-05	1.00e+00
 8.53979e+14	3.40e-11	2.65e-05	1.00e+00
 8.76641e+14	3.75e-11	2.80e-05	1.00e+00
 9.00939e+14	4.16e-11	2.97e-05	1.00e+00
 9.28385e+14	4.67e-11	3.17e-05	1.00e+00
 9.54531e+14	5.19e-11	3.36e-05	1.00e+00
 9.83132e+14	5.81e-11	3.58e-05	1.00e+00
 1.01486e+15	6.57e-11	3.83e-05	1.00e+00
 1.04437e+15	7.34e-11	4.07e-05	1.00e+00
 1.07644e+15	8.26e-11	4.35e-05	1.00e+00
 1.11256e+15	9.40e-11	4.67e-05	1.00e+00
 1.14702e+15	1.06e-10	4.98e-05	1.00e+00
 1.18492e+15	1.20e-10	5.34e-05	1.00e+00
 1.22743e+15	1.38e-10	5.76e-05	1.00e+00
 1.26790e+15	1.57e-10	6.18e-05	1.00e+00
 1.31245e+15	1.81e-10	6.66e-05	1.00e+00
 1.36217e+15	2.10e-10	7.21e-05	1.00e+00
 1.40852e+15	2.40e-10	7.75e-05	1.00e+00
 1.45869e+15	2.77e-10	8.36e-05	1.00e+00
 1.51522e+15	3.23e-10	9.08e-05	1.00e+00
 1.56098e+15	3.65e-10	9.69e-05	1.00e+00
 1.59295e+15	3.97e-10	1.01e-04	1.00e+00
 1.62598e+15	4.32e-10	1.06e-04	1.00e+00
 1.66893e+15	4.81e-10	1.12e-04	1.00e+00
 1.71745e+15	5.42e-10	1.19e-04	1.00e+00
 1.76320e+15	6.05e-10	1.27e-04	1.00e+00
 1.81266e+15	6.78e-10	1.34e-04	1.00e+00
 1.86763e+15	7.70e-10	1.44e-04	1.00e+00
 1.91864e+15	8.63e-10	1.52e-04	1.00e+00
 1.97382e+15	9.75e-10	1.62e-04	1.00e+00
 2.03535e+15	1.11e-09	1.74e-04	1.00e+00
 2.09304e+15	1.25e-09	1.85e-04	1.00e+00
 2.15593e+15	1.43e-09	1.98e-04	1.00e+00
 2.22648e+15	1.64e-09	2.13e-04	1.00e+00
 2.29322e+15	1.87e-09	2.27e-04	1.00e+00
 2.36623e+15	2.14e-09	2.44e-04	1.00e+00
 2.44838e+15	2.49e-09	2.63e-04	1.00e+00
 2.52687e+15	2.87e-09	2.83e-04	1.00e+00
 2.61337e+15	3.33e-09	3.05e-04	1.00e+00
 2.71075e+15	3.93e-09	3.32e-04	1.00e+00
 2.80193e+15	4.56e-09	3.58e-04	1.00e+00
 2.90012e+15	5.32e-09	3.87e-04	1.00e+00
 3.01063e+15	6.30e-09	4.22e-04	1.00e+00
 3.10003e+15	7.19e-09	4.51e-04	1.00e+00
 3.16304e+15	7.87e-09	4.72e-04	1.00e+00
 3.22887e+15	8.64e-09	4.95e-04	1.00e+00
 3.31444e+15	9.74e-09	5.26e-04	9.99e-01
 3.40909e+15	1.11e-08	5.61e-04	9.99e-01
 3.49645e+15	1.24e-08	5.94e-04	9.99e-01
 3.59094e+15	1.40e-08	6.32e-04	9.99e-01
 3.69668e+15	1.60e-08	6.75e-04	9.99e-01
 3.79544e+15	1.80e-08	7.17e-04	9.99e-01
 3.90218e+15	2.04e-08	7.64e-04	9.99e-01
 4.02129e+15	2.33e-08	8.18e-04	9.99e-01
 4.13251e+15	2.63e-08	8.70e-04	9.99e-01
 4.25314e+15	3.00e-08	9.28e-04	9.99e-01
 4.38859e+15	3.44e-08	9.96e-04	9.99e-01
 4.51695e+15	3.91e-08	1.06e-03	9.99e-01
 4.65747e+15	4.48e-08	1.14e-03	9.99e-01
 4.81561e+15	5.19e-08	1.23e-03	9.99e-01
 4.96587e+15	5.93e-08	1.31e-03	9.99e-01
 5.13040e+15	6.84e-08	1.41e-03	9.99e-01
 5.31288e+15	7.95e-08	1.53e-03	9.98e-01
 5.48373e+15	9.10e-08	1.64e-03	9.98e-01
 5.62571e+15	1.02e-07	1.73e-03	9.98e-01
 5.74379e+15	1.11e-07	1.81e-03	9.98e-01
 5.87598e+15	1.23e-07	1.91e-03	9.98e-01
 6.04782e+15	1.39e-07	2.03e-03	9.98e-01
 6.22644e+15	1.57e-07	2.17e-03	9.98e-01
 6.37488e+15	1.74e-07	2.28e-03	9.98e-01
 6.52884e+15	1.93e-07	2.40e-03	9.98e-01
 6.72899e+15	2.20e-07	2.57e-03	9.97e-01
 6.93511e+15	2.49e-07	2.74e-03	9.97e-01
 7.10474e+15	2.75e-07	2.88e-03	9.97e-01
 7.28098e+15	3.06e-07	3.04e-03	9.97e-01
 7.51009e+15	3.49e-07	3.26e-03	9.97e-01
 7.74728e+15	3.96e-07	3.48e-03	9.97e-01
 7.94609e+15	4.39e-07	3.67e-03	9.96e-01
 8.15568e+15	4.90e-07	3.89e-03	9.96e-01
 8.42815e+15	5.63e-07	4.19e-03	9.96e-01
 8.70510e+15	6.41e-07	4.48e-03	9.96e-01
 8.93367e+15	7.10e-07	4.74e-03	9.95e-01
 9.17657e+15	7.95e-07	5.03e-03	9.95e-01
 9.49235e+15	9.16e-07	5.43e-03	9.95e-01
 9.77488e+15	1.02e-06	5.78e-03	9.94e-01
 9.96334e+15	1.10e-06	6.02e-03	9.94e-01
 1.01575e+16	1.19e-06	6.30e-03	9.94e-01
 1.04099e+16	1.33e-06	6.67e-03	9.93e-01
 1.06698e+16	1.46e-06	7.05e-03	9.93e-01
 1.09025e+16	1.59e-06	7.41e-03	9.93e-01
 1.11678e+16	1.76e-06	7.86e-03	9.92e-01
 1.14474e+16	1.95e-06	8.34e-03	9.92e-01
 1.17029e+16	2.13e-06	8.79e-03	9.91e-01
 1.19924e+16	2.38e-06	9.37e-03	9.91e-01
 1.22955e+16	2.63e-06	9.98e-03	9.90e-01
 1.25654e+16	2.89e-06	1.06e-02	9.89e-01
 1.28652e+16	3.22e-06	1.13e-02	9.89e-01
 1.31887e+16	3.60e-06	1.21e-02	9.88e-01
 1.34744e+16	3.96e-06	1.29e-02	9.87e-01
 1.37370e+16	4.34e-06	1.37e-02	9.86e-01
 1.40382e+16	4.85e-06	1.47e-02	9.85e-01
 1.43658e+16	5.47e-06	1.59e-02	9.84e-01
 1.46580e+16	6.06e-06	1.70e-02	9.83e-01
 1.49099e+16	6.64e-06	1.82e-02	9.82e-01
 1.51794e+16	7.39e-06	1.95e-02	9.80e-01
 1.54705e+16	8.31e-06	2.11e-02	9.79e-01
 1.57230e+16	9.17e-06	2.27e-02	9.77e-01
 1.59485e+16	1.01e-05	2.42e-02	9.76e-01
 1.62056e+16	1.14e-05	2.63e-02	9.74e-01
 1.64669e+16	1.27e-05	2.86e-02	9.71e-01
 1.66842e+16	1.41e-05	3.08e-02	9.69e-01
 1.68852e+16	1.57e-05	3.31e-02	9.67e-01
 1.70845e+16	1.73e-05	3.57e-02	9.64e-01
 1.73132e+16	1.95e-05	3.91e-02	9.61e-01
 1.75558e+16	2.23e-05	4.33e-02	9.57e-01
 1.77580e+16	2.55e-05	4.74e-02	9.53e-01
 1.79215e+16	2.83e-05	5.12e-02	9.49e-01
 1.80929e+16	3.15e-05	5.57e-02	9.44e-01
 1.83159e+16	3.68e-05	6.27e-02	9.37e-01
 1.85328e+16	4.33e-05	7.08e-02	9.29e-01
 1.86874e+16	4.99e-05	7.78e-02	9.22e-01
 1.88006e+16	5.50e-05	8.35e-02	9.16e-01
 1.89144e+16	6.05e-05	9.01e-02	9.10e-01
 1.90622e+16	6.92e-05	9.98e-02	9.00e-01
 1.92203e+16	8.06e-05	1.12e-01	8.88e-01
 1.93528e+16	9.27e-05	1.24e-01	8.76e-01
 1.94601e+16	1.06e-04	1.35e-01	8.65e-01
 1.95380e+16	1.15e-04	1.44e-01	8.56e-01
 1.96035e+16	1.24e-04	1.52e-01	8.47e-01
 1.96887e+16	1.37e-04	1.64e-01	8.36e-01
 1.97798e+16	1.55e-04	1.78e-01	8.21e-01
 1.98503e+16	1.69e-04	1.90e-01	8.10e-01
 1.99021e+16	1.80e-04	1.99e-01	8.00e-01
 1.99579e+16	1.93e-04	2.10e-01	7.89e-01
 2.00305e+16	2.16e-04	2.26e-01	7.74e-01
 2.00996e+16	2.36e-04	2.41e-01	7.58e-01
 2.01547e+16	2.53e-04	2.55e-01	7.45e-01
 2.02169e+16	2.80e-04	2.71e-01	7.28e-01
 2.02793e+16	3.03e-04	2.89e-01	7.11e-01
 2.03417e+16	3.32e-04	3.07e-01	6.92e-01
 2.04102e+16	3.66e-04	3.29e-01	6.70e-01
 2.04719e+16	4.01e-04	3.50e-01	6.50e-01
 2.05268e+16	4.37e-04	3.69e-01	6.30e-01
 2.05770e+16	4.68e-04	3.88e-01	6.12e-01
 2.06318e+16	5.10e-04	4.09e-01	5.91e-01
 2.06909e+16	5.52e-04	4.32e-01	5.67e-01
 2.07556e+16	6.10e-04	4.59e-01	5.40e-01
 2.08223e+16	6.70e-04	4.86e-01	5.13e-01
 2.08810e+16	7.26e-04	5.11e-01	4.88e-01
 2.09467e+16	7.95e-04	5.40e-01	4.60e-01
 2.10196e+16	8.75e-04	5.71e-01	4.29e-01
 2.10771e+16	9.39e-04	5.94e-01	4.05e-01
 2.11172e+16	9.88e-04	6.10e-01	3.89e-01
 2.11595e+16	1.04e-03	6.28e-01	3.71e-01
 2.12145e+16	1.11e-03	6.51e-01	3.48e-01
 2.12725e+16	1.19e-03	6.73e-01	3.26e-01
 2.13235e+16	1.26e-03	6.92e-01	3.07e-01
 2.13789e+16	1.34e-03	7.12e-01	2.87e-01
 2.14402e+16	1.43e-03	7.33e-01	2.66e-01
 2.14964e+16	1.52e-03	7.50e-01	2.48e-01
 2.15475e+16	1.60e-03	7.66e-01	2.33e-01
 2.16050e+16	1.70e-03	7.83e-01	2.15e-01
 2.16690e+16	1.81e-03	8.00e-01	1.98e-01
 2.17270e+16	1.91e-03	8.14e-01	1.84e-01
 2.17786e+16	2.00e-03	8.26e-01	1.72e-01
 2.18360e+16	2.12e-03	8.39e-01	1.59e-01
 2.19000e+16	2.24e-03	8.51e-01	1.46e-01
 2.19598e+16	2.37e-03	8.62e-01	1.36e-01
 2.20121e+16	2.49e-03	8.71e-01	1.27e-01
 2.20674e+16	2.62e-03	8.79e-01	1.18e-01
 2.21282e+16	2.77e-03	8.88e-01	1.09e-01
 2.21834e+16	2.91e-03	8.95e-01	1.02e-01
 2.22332e+16	3.06e-03	9.01e-01	9.57e-02
 2.22886e+16	3.22e-03	9.08e-01	8.91e-02
 2.23505e+16	3.43e-03	9.14e-01	8.25e-02
 2.24056e+16	3.62e-03	9.19e-01	7.74e-02
 2.24513e+16	3.80e-03	9.23e-01	7.32e-02
 2.24997e+16	3.99e-03	9.27e-01	6.90e-02
 2.25626e+16	4.27e-03	9.32e-01	6.38e-02
 2.26253e+16	4.59e-03	9.36e-01	5.94e-02
 2.26719e+16	4.86e-03	9.39e-01	5.64e-02
 2.27100e+16	5.09e-03	9.41e-01	5.40e-02
 2.27530e+16	5.36e-03	9.43e-01	5.13e-02
 2.28090e+16	5.76e-03	9.46e-01	4.80e-02
 2.28667e+16	6.24e-03	9.49e-01	4.50e-02
 2.29129e+16	6.67e-03	9.50e-01	4.29e-02
 2.29519e+16	7.08e-03	9.52e-01	4.10e-02
 2.29953e+16	7.56e-03	9.53e-01	3.91e-02
 2.30518e+16	8.27e-03	9.55e-01	3.67e-02
 2.31109e+16	9.19e-03	9.56e-01	3.44e-02
 2.31578e+16	1.01e-02	9.57e-01	3.28e-02
 2.31946e+16	1.09e-02	9.58e-01	3.16e-02
 2.32337e+16	1.18e-02	9.58e-01	3.02e-02
 2.32774e+16	1.31e-02	9.58e-01	2.88e-02
 2.33163e+16	1.44e-02	9.58e-01	2.78e-02
 2.33476e+16	1.57e-02	9.57e-01	2.69e-02
 2.33757e+16	1.70e-02	9.57e-01	2.61e-02
 2.34076e+16	1.87e-02	9.56e-01	2.52e-02
 2.34423e+16	2.08e-02	9.55e-01	2.44e-02
 2.34721e+16	2.32e-02	9.53e-01	2.37e-02
 2.34959e+16	2.53e-02	9.51e-01	2.32e-02
 2.35206e+16	2.78e-02	9.50e-01	2.26e-02
 2.35485e+16	3.12e-02	9.47e-01	2.21e-02
 2.35738e+16	3.50e-02	9.43e-01	2.16e-02
 2.35946e+16	3.87e-02	9.40e-01	2.13e-02
 2.36134e+16	4.26e-02	9.36e-01	2.09e-02
 2.36351e+16	4.76e-02	9.32e-01	2.06e-02
 2.36585e+16	5.43e-02	9.25e-01	2.04e-02
 2.36780e+16	6.13e-02	9.18e-01	2.02e-02
 2.36932e+16	6.75e-02	9.12e-01	2.01e-02
 2.37089e+16	7.46e-02	9.05e-01	2.00e-02
 2.37267e+16	8.42e-02	8.96e-01	2.00e-02
 2.37429e+16	9.46e-02	8.85e-01	2.00e-02
 2.37567e+16	1.05e-01	8.75e-01	2.01e-02
 2.37694e+16	1.15e-01	8.64e-01	2.02e-02
 2.37821e+16	1.27e-01	8.52e-01	2.03e-02
 2.37941e+16	1.40e-01	8.39e-01	2.05e-02
 2.38049e+16	1.53e-01	8.26e-01	2.07e-02
 2.38143e+16	1.65e-01	8.14e-01	2.08e-02
 2.38231e+16	1.78e-01	8.01e-01	2.10e-02
 2.38302e+16	1.88e-01	7.90e-01	2.11e-02
 2.38351e+16	1.96e-01	7.82e-01	2.12e-02
 2.38396e+16	2.04e-01	7.75e-01	2.13e-02
 2.38449e+16	2.13e-01	7.66e-01	2.14e-02
 2.38508e+16	2.24e-01	7.55e-01	2.15e-02
 2.38565e+16	2.35e-01	7.43e-01	2.16e-02
 2.38618e+16	2.45e-01	7.33e-01	2.17e-02
 2.38670e+16	2.57e-01	7.22e-01	2.17e-02
 2.38723e+16	2.68e-01	7.10e-01	2.18e-02
 2.38778e+16	2.81e-01	6.97e-01	2.19e-02
 2.38832e+16	2.93e-01	6.85e-01	2.19e-02
 2.38886e+16	3.07e-01	6.71e-01	2.20e-02
 2.38940e+16	3.20e-01	6.58e-01	2.20e-02
 2.38996e+16	3.35e-01	6.43e-01	2.20e-02
 2.39051e+16	3.50e-01	6.28e-01	2.20e-02
 2.39108e+16	3.66e-01	6.12e-01	2.20e-02
 2.39165e+16	3.82e-01	5.96e-01	2.19e-02
 2.39223e+16	3.99e-01	5.79e-01	2.18e-02
 2.39281e+16	4.17e-01	5.62e-01	2.17e-02
 2.39342e+16	4.35e-01	5.43e-01	2.15e-02
 2.39404e+16	4.54e-01	5.25e-01	2.13e-02
 2.39468e+16	4.74e-01	5.05e-01	2.10e-02
 2.39534e+16	4.94e-01	4.85e-01	2.07e-02
 2.39601e+16	5.15e-01	4.65e-01	2.04e-02
 2.39671e+16	5.35e-01	4.45e-01	2.00e-02
 2.39743e+16	5.56e-01	4.24e-01	1.95e-02
 2.39818e+16	5.77e-01	4.04e-01	1.90e-02
 2.39897e+16	5.98e-01	3.83e-01	1.84e-02
 2.39981e+16	6.19e-01	3.63e-01	1.79e-02
 2.40072e+16	6.39e-01	3.44e-01	1.72e-02
 2.40171e+16	6.59e-01	3.24e-01	1.66e-02
 2.40283e+16	6.78e-01	3.06e-01	1.58e-02
 2.40409e+16	6.96e-01	2.89e-01	1.51e-02
 2.40540e+16	7.11e-01	2.74e-01	1.45e-02
 2.40670e+16	7.23e-01	2.63e-01	1.39e-02
 2.40798e+16	7.32e-01	2.54e-01	1.35e-02
 2.40925e+16	7.39e-01	2.48e-01	1.31e-02
 2.41070e+16	7.46e-01	2.41e-01	1.27e-02
 2.41259e+16	7.52e-01	2.35e-01	1.23e-02
 2.41505e+16	7.59e-01	2.29e-01	1.18e-02
 2.41824e+16	7.65e-01	2.24e-01	1.13e-02
 2.42239e+16	7.72e-01	2.18e-01	1.07e-02
 2.42779e+16	7.79e-01	2.11e-01	9.95e-03
 2.43481e+16	7.89e-01	2.02e-01	9.10e-03
 2.44304e+16	7.98e-01	1.93e-01	8.24e-03
 2.45134e+16	8.07e-01	1.85e-01	7.48e-03
 2.45928e+16	8.16e-01	1.78e-01	6.83e-03
 2.46711e+16	8.23e-01	1.71e-01	6.25e-03
 2.47501e+16	8.31e-01	1.64e-01	5.71e-03
 2.48304e+16	8.38e-01	1.57e-01	5.24e-03
 2.49118e+16	8.44e-01	1.51e-01	4.78e-03
 2.49945e+16	8.51e-01	1.45e-01	4.37e-03
 2.50780e+16	8.57e-01	1.39e-01	4.00e-03
 2.51614e+16	8.63e-01	1.33e-01	3.66e-03
 2.52450e+16	8.69e-01	1.28e-01	3.35e-03
 2.53292e+16	8.74e-01	1.23e-01	3.07e-03
 2.54141e+16	8.79e-01	1.18e-01	2.82e-03
 2.54994e+16	8.84e-01	1.13e-01	2.59e-03
 2.55685e+16	8.88e-01	1.10e-01	2.43e-03
 2.56156e+16	8.90e-01	1.08e-01	2.32e-03
 2.56584e+16	8.92e-01	1.06e-01	2.22e-03
 2.57047e+16	8.95e-01	1.03e-01	2.12e-03
 2.57529e+16	8.97e-01	1.01e-01	2.02e-03
 2.57994e+16	8.99e-01	9.89e-02	1.94e-03
 2.58437e+16	9.01e-01	9.71e-02	1.86e-03
 2.58868e+16	9.03e-01	9.52e-02	1.78e-03
 2.59292e+16	9.05e-01	9.34e-02	1.71e-03
 2.59710e+16	9.07e-01	9.17e-02	1.65e-03
 2.60121e+16	9.08e-01	9.00e-02	1.58e-03
 2.60527e+16	9.10e-01	8.84e-02	1.52e-03
 2.60927e+16	9.12e-01	8.68e-02	1.47e-03
 2.61320e+16	9.13e-01	8.53e-02	1.41e-03
 2.61706e+16	9.15e-01	8.39e-02	1.36e-03
 2.62086e+16	9.16e-01	8.25e-02	1.32e-03
 2.62461e+16	9.18e-01	8.12e-02	1.27e-03
 2.62831e+16	9.19e-01	7.99e-02	1.23e-03
 2.63195e+16	9.20e-01	7.86e-02	1.19e-03
 2.63556e+16	9.21e-01	7.74e-02	1.15e-03
 2.63913e+16	9.23e-01	7.62e-02	1.11e-03
 2.64266e+16	9.24e-01	7.51e-02	1.08e-03
 2.64617e+16	9.25e-01	7.40e-02	1.04e-03
 2.64965e+16	9.26e-01	7.29e-02	1.01e-03
 2.65312e+16	9.27e-01	7.18e-02	9.79e-04
 2.65657e+16	9.28e-01	7.07e-02	9.49e-04
 2.66003e+16	9.29e-01	6.97e-02	9.20e-04
 2.66349e+16	9.30e-01	6.87e-02	8.91e-04
 2.66696e+16	9.31e-01	6.77e-02	8.64e-04
 2.67046e+16	9.32e-01	6.67e-02	8.37e-04
 2.67400e+16	9.33e-01	6.57e-02	8.11e-04
 2.67765e+16	9.35e-01	6.47e-02	7.85e-04
 2.68144e+16	9.36e-01	6.37e-02	7.58e-04
 2.68535e+16	9.37e-01	6.26e-02	7.32e-04
 2.68939e+16	9.38e-01	6.16e-02	7.06e-04
 2.69362e+16	9.39e-01	6.05e-02	6.80e-04
 2.69812e+16	9.40e-01	5.93e-02	6.53e-04
 2.70298e+16	9.41e-01	5.81e-02	6.25e-04
 2.70836e+16	9.43e-01	5.68e-02	5.95e-04
 2.71439e+16	9.44e-01	5.54e-02	5.64e-04
 2.72105e+16	9.46e-01	5.38e-02	5.31e-04
 2.72788e+16	9.47e-01	5.23e-02	5.00e-04
 2.73429e+16	9.49e-01	5.10e-02	4.73e-04
 2.74012e+16	9.50e-01	4.98e-02	4.50e-04
 2.74542e+16	9.51e-01	4.87e-02	4.29e-04
 2.75025e+16	9.52e-01	4.77e-02	4.12e-04
 2.75464e+16	9.53e-01	4.69e-02	3.96e-04
 2.75863e+16	9.53e-01	4.61e-02	3.83e-04
 2.76301e+16	9.54e-01	4.52e-02	3.68e-04
 2.76774e+16	9.55e-01	4.43e-02	3.53e-04
 2.77204e+16	9.56e-01	4.36e-02	3.39e-04
 2.77596e+16	9.57e-01	4.28e-02	3.28e-04
 2.77952e+16	9.58e-01	4.22e-02	3.17e-04
 2.78276e+16	9.58e-01	4.16e-02	3.08e-04
 2.78632e+16	9.59e-01	4.10e-02	2.98e-04
 2.79015e+16	9.59e-01	4.03e-02	2.88e-04
 2.79364e+16	9.60e-01	3.97e-02	2.80e-04
 2.79682e+16	9.61e-01	3.91e-02	2.71e-04
 2.79971e+16	9.61e-01	3.87e-02	2.64e-04
 2.80288e+16	9.62e-01	3.81e-02	2.57e-04
 2.80629e+16	9.62e-01	3.76e-02	2.49e-04
 2.80941e+16	9.63e-01	3.70e-02	2.41e-04
 2.81224e+16	9.63e-01	3.66e-02	2.35e-04
 2.81534e+16	9.64e-01	3.60e-02	2.28e-04
 2.81869e+16	9.64e-01	3.55e-02	2.21e-04
 2.82174e+16	9.65e-01	3.50e-02	2.15e-04
 2.82451e+16	9.65e-01	3.46e-02	2.09e-04
 2.82755e+16	9.66e-01	3.41e-02	2.03e-04
 2.83083e+16	9.66e-01	3.35e-02	1.97e-04
 2.83382e+16	9.67e-01	3.31e-02	1.91e-04
 2.83654e+16	9.67e-01	3.27e-02	1.86e-04
 2.83951e+16	9.68e-01	3.22e-02	1.81e-04
 2.84273e+16	9.68e-01	3.17e-02	1.75e-04
 2.84565e+16	9.69e-01	3.13e-02	1.70e-04
 2.84832e+16	9.69e-01	3.09e-02	1.66e-04
 2.85123e+16	9.69e-01	3.05e-02	1.61e-04
 2.85438e+16	9.70e-01	3.00e-02	1.56e-04
 2.85725e+16	9.70e-01	2.96e-02	1.52e-04
 2.85986e+16	9.71e-01	2.93e-02	1.48e-04
 2.86271e+16	9.71e-01	2.88e-02	1.44e-04
 2.86580e+16	9.71e-01	2.84e-02	1.40e-04
 2.86861e+16	9.72e-01	2.81e-02	1.36e-04
 2.87116e+16	9.72e-01	2.77e-02	1.33e-04
 2.87396e+16	9.73e-01	2.73e-02	1.29e-04
 2.87698e+16	9.73e-01	2.69e-02	1.26e-04
 2.87973e+16	9.73e-01	2.66e-02	1.22e-04
 2.88275e+16	9.74e-01	2.62e-02	1.19e-04
 2.88600e+16	9.74e-01	2.58e-02	1.15e-04
 2.88896e+16	9.74e-01	2.55e-02	1.12e-04
 2.89166e+16	9.75e-01	2.52e-02	1.09e-04
 2.89461e+16	9.75e-01	2.48e-02	1.06e-04
 2.89780e+16	9.75e-01	2.44e-02	1.03e-04
 2.90070e+16	9.76e-01	2.41e-02	1.00e-04
 2.90387e+16	9.76e-01	2.37e-02	9.73e-05
 2.90731e+16	9.77e-01	2.34e-02	9.43e-05
 2.91043e+16	9.77e-01	2.31e-02	9.17e-05
 2.91385e+16	9.77e-01	2.27e-02	8.88e-05
 2.91754e+16	9.78e-01	2.23e-02	8.59e-05
 2.92090e+16	9.78e-01	2.20e-02	8.35e-05
 2.92396e+16	9.78e-01	2.17e-02	8.13e-05
 2.92732e+16	9.79e-01	2.14e-02	7.88e-05
 2.93093e+16	9.79e-01	2.10e-02	7.63e-05
 2.93423e+16	9.79e-01	2.07e-02	7.42e-05
 2.93784e+16	9.80e-01	2.04e-02	7.17e-05
 2.94173e+16	9.80e-01	2.01e-02	6.94e-05
 2.94528e+16	9.80e-01	1.98e-02	6.74e-05
 2.94850e+16	9.80e-01	1.95e-02	6.56e-05
 2.95204e+16	9.81e-01	1.92e-02	6.35e-05
 2.95585e+16	9.81e-01	1.89e-02	6.15e-05
 2.95933e+16	9.81e-01	1.86e-02	5.98e-05
 2.96313e+16	9.82e-01	1.83e-02	5.78e-05
 2.96724e+16	9.82e-01	1.80e-02	5.58e-05
 2.97098e+16	9.82e-01	1.77e-02	5.42e-05
 2.97508e+16	9.83e-01	1.74e-02	5.23e-05
 2.97950e+16	9.83e-01	1.71e-02	5.04e-05
 2.98352e+16	9.83e-01	1.68e-02	4.89e-05
 2.98793e+16	9.83e-01	1.65e-02	4.70e-05
 2.99269e+16	9.84e-01	1.62e-02	4.53e-05
 2.99703e+16	9.84e-01	1.59e-02	4.38e-05
 3.00097e+16	9.84e-01	1.57e-02	4.25e-05
 3.00529e+16	9.85e-01	1.54e-02	4.10e-05
 3.00995e+16	9.85e-01	1.51e-02	3.95e-05
 3.01420e+16	9.85e-01	1.49e-02	3.83e-05
 3.01885e+16	9.85e-01	1.46e-02	3.69e-05
 3.02387e+16	9.86e-01	1.43e-02	3.55e-05
 3.02844e+16	9.86e-01	1.41e-02	3.43e-05
 3.03345e+16	9.86e-01	1.38e-02	3.30e-05
 3.03885e+16	9.86e-01	1.35e-02	3.17e-05
 3.04377e+16	9.87e-01	1.33e-02	3.06e-05
 3.04825e+16	9.87e-01	1.30e-02	2.96e-05
 3.05315e+16	9.87e-01	1.28e-02	2.85e-05
 3.05845e+16	9.87e-01	1.26e-02	2.74e-05
 3.06327e+16	9.88e-01	1.23e-02	2.65e-05
 3.06855e+16	9.88e-01	1.21e-02	2.55e-05
 3.07425e+16	9.88e-01	1.18e-02	2.45e-05
 3.07944e+16	9.88e-01	1.16e-02	2.36e-05
 3.08512e+16	9.89e-01	1.14e-02	2.26e-05
 3.09126e+16	9.89e-01	1.11e-02	2.17e-05
 3.09684e+16	9.89e-01	1.09e-02	2.09e-05
 3.10296e+16	9.89e-01	1.07e-02	2.00e-05
 3.10957e+16	9.90e-01	1.05e-02	1.91e-05
 3.11558e+16	9.90e-01	1.03e-02	1.84e-05
 3.12217e+16	9.90e-01	1.00e-02	1.76e-05
 3.12928e+16	9.90e-01	9.78e-03	1.68e-05
 3.13576e+16	9.90e-01	9.58e-03	1.61e-05
 3.14285e+16	9.91e-01	9.34e-03	1.53e-05
 3.15050e+16	9.91e-01	9.11e-03	1.46e-05
 3.15747e+16	9.91e-01	8.92e-03	1.40e-05
 3.16511e+16	9.91e-01	8.69e-03	1.33e-05
 3.17335e+16	9.92e-01	8.47e-03	1.26e-05
 3.18085e+16	9.92e-01	8.27e-03	1.21e-05
 3.18907e+16	9.92e-01	8.05e-03	1.14e-05
 3.19794e+16	9.92e-01	7.84e-03	1.08e-05
 3.20602e+16	9.92e-01	7.65e-03	1.03e-05
 3.21487e+16	9.93e-01	7.43e-03	9.77e-06
 3.22442e+16	9.93e-01	7.23e-03	9.24e-06
 3.23311e+16	9.93e-01	7.05e-03	8.79e-06
 3.24264e+16	9.93e-01	6.84e-03	8.29e-06
 3.25292e+16	9.93e-01	6.64e-03	7.82e-06
 3.26228e+16	9.94e-01	6.47e-03	7.42e-06
 3.27253e+16	9.94e-01	6.27e-03	6.98e-06
 3.28360e+16	9.94e-01	6.08e-03	6.56e-06
 3.29368e+16	9.94e-01	5.91e-03	6.22e-06
 3.30472e+16	9.94e-01	5.72e-03	5.83e-06
 3.31663e+16	9.94e-01	5.54e-03	5.47e-06
 3.32748e+16	9.95e-01	5.38e-03	5.16e-06
 3.33936e+16	9.95e-01	5.20e-03	4.83e-06
 3.35379e+16	9.95e-01	4.99e-03	4.46e-06
 3.36957e+16	9.95e-01	4.79e-03	4.10e-06
 3.38617e+16	9.95e-01	4.58e-03	3.76e-06
 3.40356e+16	9.96e-01	4.38e-03	3.44e-06
 3.42163e+16	9.96e-01	4.18e-03	3.13e-06
 3.44033e+16	9.96e-01	3.98e-03	2.85e-06
 3.45945e+16	9.96e-01	3.79e-03	2.59e-06
 3.47885e+16	9.96e-01	3.61e-03	2.36e-06
 3.49855e+16	9.97e-01	3.44e-03	2.14e-06
 3.51859e+16	9.97e-01	3.28e-03	1.94e-06
 3.53900e+16	9.97e-01	3.12e-03	1.76e-06
 3.55977e+16	9.97e-01	2.97e-03	1.60e-06
 3.58089e+16	9.97e-01	2.82e-03	1.45e-06
 3.60236e+16	9.97e-01	2.69e-03	1.31e-06
 3.62420e+16	9.97e-01	2.55e-03	1.19e-06
 3.64641e+16	9.98e-01	2.43e-03	1.07e-06
 3.66861e+16	9.98e-01	2.31e-03	9.71e-07
 3.69111e+16	9.98e-01	2.19e-03	8.78e-07
 3.71450e+16	9.98e-01	2.08e-03	7.91e-07
 3.73839e+16	9.98e-01	1.97e-03	7.12e-07
 3.76258e+16	9.98e-01	1.87e-03	6.40e-07
 3.78714e+16	9.98e-01	1.77e-03	5.75e-07
 3.81216e+16	9.98e-01	1.68e-03	5.16e-07
 3.83764e+16	9.98e-01	1.59e-03	4.63e-07
 3.86357e+16	9.99e-01	1.50e-03	4.14e-07
 3.88998e+16	9.99e-01	1.42e-03	3.70e-07
 3.91688e+16	9.99e-01	1.34e-03	3.31e-07
 3.94430e+16	9.99e-01	1.26e-03	2.95e-07
 3.97225e+16	9.99e-01	1.19e-03	2.62e-07
 4.00076e+16	9.99e-01	1.12e-03	2.33e-07
 4.02985e+16	9.99e-01	1.06e-03	2.07e-07
 4.05954e+16	9.99e-01	9.92e-04	1.83e-07
 4.08987e+16	9.99e-01	9.32e-04	1.62e-07
 4.12085e+16	9.99e-01	8.74e-04	1.42e-07
 4.15253e+16	9.99e-01	8.20e-04	1.25e-07
 4.18495e+16	9.99e-01	7.67e-04	1.10e-07
 4.21815e+16	9.99e-01	7.17e-04	9.61e-08
 4.25216e+16	9.99e-01	6.70e-04	8.40e-08
 4.28704e+16	9.99e-01	6.24e-04	7.31e-08
 4.32236e+16	9.99e-01	5.82e-04	6.36e-08
 4.35856e+16	9.99e-01	5.42e-04	5.51e-08
 4.39652e+16	9.99e-01	5.02e-04	4.75e-08
 4.43563e+16	1.00e+00	4.65e-04	4.07e-08
 4.47580e+16	1.00e+00	4.30e-04	3.48e-08
 4.51759e+16	1.00e+00	3.96e-04	2.95e-08
 4.56106e+16	1.00e+00	3.63e-04	2.49e-08
 4.60619e+16	1.00e+00	3.33e-04	2.09e-08
 4.65317e+16	1.00e+00	3.03e-04	1.74e-08
 4.70226e+16	1.00e+00	2.76e-04	1.44e-08
 4.75375e+16	1.00e+00	2.50e-04	1.18e-08
 4.80811e+16	1.00e+00	2.25e-04	9.58e-09
 4.86562e+16	1.00e+00	2.01e-04	7.69e-09
 4.92654e+16	1.00e+00	1.79e-04	6.09e-09
 4.99199e+16	1.00e+00	1.58e-04	4.74e-09
 5.06265e+16	1.00e+00	1.38e-04	3.63e-09
 5.13888e+16	1.00e+00	1.19e-04	2.72e-09
 5.22217e+16	1.00e+00	1.02e-04	1.99e-09
 5.31459e+16	1.00e+00	8.58e-05	1.40e-09
 5.41876e+16	1.00e+00	7.07e-05	9.55e-10
 5.53727e+16	1.00e+00	5.68e-05	6.17e-10
 5.66917e+16	1.00e+00	4.47e-05	3.83e-10
 5.80698e+16	1.00e+00	3.50e-05	2.36e-10
 5.94407e+16	1.00e+00	2.76e-05	1.47e-10
 6.08016e+16	1.00e+00	2.18e-05	9.20e-11
 6.21737e+16	1.00e+00	1.73e-05	5.81e-11
 6.35744e+16	1.00e+00	1.37e-05	3.66e-11
 6.50061e+16	1.00e+00	1.09e-05	2.30e-11
 6.64598e+16	1.00e+00	8.64e-06	1.45e-11
 6.79383e+16	1.00e+00	6.86e-06	9.17e-12
 6.94510e+16	1.00e+00	5.44e-06	5.79e-12
 7.09978e+16	1.00e+00	4.32e-06	3.64e-12
 7.25758e+16	1.00e+00	3.42e-06	2.29e-12
 7.41781e+16	1.00e+00	2.72e-06	1.45e-12
 7.58218e+16	1.00e+00	2.16e-06	9.18e-13
 7.75253e+16	1.00e+00	1.71e-06	5.76e-13
 7.92801e+16	1.00e+00	1.35e-06	3.61e-13
 8.10795e+16	1.00e+00	1.07e-06	2.25e-13
 8.29276e+16	1.00e+00	8.42e-07	1.40e-13
 8.48345e+16	1.00e+00	6.63e-07	8.69e-14
 8.68099e+16	1.00e+00	5.20e-07	5.35e-14
 8.88629e+16	1.00e+00	4.06e-07	3.27e-14
 9.10048e+16	1.00e+00	3.15e-07	1.97e-14
 9.32516e+16	1.00e+00	2.43e-07	1.18e-14
 9.56034e+16	1.00e+00	1.87e-07	6.93e-15
 9.79988e+16	1.00e+00	1.43e-07	4.10e-15
 1.00362e+17	1.00e+00	1.11e-07	2.47e-15
 1.02675e+17	1.00e+00	8.74e-08	1.52e-15
 1.04949e+17	1.00e+00	6.91e-08	9.55e-16
 1.07188e+17	1.00e+00	5.51e-08	6.08e-16
 1.09382e+17	1.00e+00	4.44e-08	3.93e-16
 1.11518e+17	1.00e+00	3.60e-08	2.60e-16
 1.13589e+17	1.00e+00	2.95e-08	1.75e-16
 1.15587e+17	1.00e+00	2.44e-08	1.20e-16
 1.17510e+17	1.00e+00	2.04e-08	8.37e-17
 1.19360e+17	1.00e+00	1.72e-08	5.96e-17
 1.21136e+17	1.00e+00	1.47e-08	4.32e-17
 1.22836e+17	1.00e+00	1.26e-08	3.18e-17
 1.24461e+17	1.00e+00	1.09e-08	2.39e-17
 1.26011e+17	1.00e+00	9.51e-09	1.82e-17
 1.27488e+17	1.00e+00	8.36e-09	1.41e-17
 1.28894e+17	1.00e+00	7.41e-09	1.10e-17
 1.30232e+17	1.00e+00	6.61e-09	8.79e-18
 1.31504e+17	1.00e+00	5.93e-09	7.08e-18
 1.32714e+17	1.00e+00	5.35e-09	5.78e-18
 1.33863e+17	1.00e+00	4.86e-09	4.77e-18
 1.34954e+17	1.00e+00	4.44e-09	3.98e-18
 1.35990e+17	1.00e+00	4.08e-09	3.35e-18
 1.36973e+17	1.00e+00	3.76e-09	2.85e-18
 1.37906e+17	1.00e+00	3.48e-09	2.45e-18
 1.38794e+17	1.00e+00	3.24e-09	2.12e-18
 1.39637e+17	1.00e+00	3.03e-09	1.85e-18
 1.40438e+17	1.00e+00	2.84e-09	1.62e-18
 1.41198e+17	1.00e+00	2.67e-09	1.44e-18
 1.41921e+17	1.00e+00	2.52e-09	1.28e-18
 1.42608e+17	1.00e+00	2.38e-09	1.15e-18
 1.43262e+17	1.00e+00	2.26e-09	1.03e-18
 1.43884e+17	1.00e+00	2.15e-09	9.37e-19
 1.44477e+17	1.00e+00	2.05e-09	8.53e-19
 1.45041e+17	1.00e+00	1.97e-09	7.81e-19
 1.45578e+17	1.00e+00	1.88e-09	7.18e-19
 1.46090e+17	1.00e+00	1.81e-09	6.62e-19
 1.46578e+17	1.00e+00	1.74e-09	6.14e-19
 1.47045e+17	1.00e+00	1.68e-09	5.71e-19
 1.47491e+17	1.00e+00	1.62e-09	5.32e-19
 1.47917e+17	1.00e+00	1.57e-09	4.98e-19
 1.48324e+17	1.00e+00	1.52e-09	4.68e-19
 1.48715e+17	1.00e+00	1.47e-09	4.40e-19
 1.49089e+17	1.00e+00	1.43e-09	4.16e-19
 1.49449e+17	1.00e+00	1.39e-09	3.93e-19
 1.49795e+17	1.00e+00	1.36e-09	3.73e-19
 1.50127e+17	1.00e+00	1.32e-09	3.54e-19
 1.50448e+17	1.00e+00	1.29e-09	3.37e-19
 1.50758e+17	1.00e+00	1.26e-09	3.21e-19
 1.51059e+17	1.00e+00	1.23e-09	3.07e-19
 1.51350e+17	1.00e+00	1.20e-09	2.94e-19
 1.51633e+17	1.00e+00	1.18e-09	2.81e-19
 1.51910e+17	1.00e+00	1.15e-09	2.69e-19
 1.52181e+17	1.00e+00	1.13e-09	2.59e-19
 1.52446e+17	1.00e+00	1.11e-09	2.48e-19
 1.52708e+17	1.00e+00	1.08e-09	2.39e-19
 1.52967e+17	1.00e+00	1.06e-09	2.29e-19
 1.53226e+17	1.00e+00	1.04e-09	2.20e-19
 1.53484e+17	1.00e+00	1.02e-09	2.12e-19
 1.53744e+17	1.00e+00	1.00e-09	2.04e-19
 1.54008e+17	1.00e+00	9.82e-10	1.96e-19
 1.54278e+17	1.00e+00	9.62e-10	1.88e-19
 1.54557e+17	1.00e+00	9.42e-10	1.80e-19
 1.54848e+17	1.00e+00	9.21e-10	1.72e-19
 1.55156e+17	1.00e+00	8.99e-10	1.64e-19
 1.55486e+17	1.00e+00	8.77e-10	1.56e-19
 1.55846e+17	1.00e+00	8.53e-10	1.48e-19
 1.56246e+17	1.00e+00	8.27e-10	1.39e-19
 1.56700e+17	1.00e+00	7.99e-10	1.30e-19
 1.57230e+17	1.00e+00	7.67e-10	1.19e-19
 1.57868e+17	1.00e+00	7.30e-10	1.08e-19
 1.58662e+17	1.00e+00	6.87e-10	9.59e-20
 1.59682e+17	1.00e+00	6.35e-10	8.19e-20
 1.61008e+17	1.00e+00	5.74e-10	6.69e-20
 1.62731e+17	1.00e+00	5.03e-10	5.15e-20
 1.64972e+17	1.00e+00	4.25e-10	3.67e-20
 1.67885e+17	1.00e+00	3.42e-10	2.38e-20
 1.71672e+17	1.00e+00	2.59e-10	1.37e-20
 1.76595e+17	1.00e+00	1.81e-10	6.72e-21
 1.82510e+17	1.00e+00	1.20e-10	0.00e+00
 1.88865e+17	1.00e+00	7.81e-11	0.00e+00
 1.95406e+17	1.00e+00	5.09e-11	0.00e+00
 2.02040e+17	1.00e+00	3.35e-11	0.00e+00
 2.08674e+17	1.00e+00	2.24e-11	0.00e+00
 2.15309e+17	1.00e+00	1.53e-11	0.00e+00
 2.21943e+17	1.00e+00	1.07e-11	0.00e+00
 2.28577e+17	1.00e+00	7.69e-12	0.00e+00
 2.35212e+17	1.00e+00	5.71e-12	0.00e+00
 2.41846e+17	1.00e+00	4.40e-12	0.00e+00
 2.48481e+17	1.00e+00	3.53e-12	0.00e+00
 2.55115e+17	1.00e+00	2.93e-12	0.00e+00
 2.61749e+17	1.00e+00	2.52e-12	0.00e+00
 2.68384e+17	1.00e+00	2.23e-12	0.00e+00
 2.75018e+17	1.00e+00	2.02e-12	0.00e+00
 2.81652e+17	1.00e+00	1.86e-12	0.00e+00
 2.88287e+17	1.00e+00	1.74e-12	0.00e+00
 2.94921e+17	1.00e+00	1.64e-12	0.00e+00
 3.01556e+17	1.00e+00	1.56e-12	0.00e+00
 3.08190e+17	1.00e+00	1.49e-12	0.00e+00
 3.14824e+17	1.00e+00	1.42e-12	0.00e+00
 3.21459e+17	1.00e+00	1.36e-12	0.00e+00
 3.29088e+17	1.00e+00	1.31e-12	0.00e+00
 3.39007e+17	1.00e+00	1.04e-12	0.00e+00
 3.51505e+17	1.00e+00	7.25e-13	0.00e+00
 3.65565e+17	1.00e+00	4.79e-13	0.00e+00
 3.79207e+17	1.00e+00	3.93e-13	0.00e+00
 3.90992e+17	1.00e+00	4.08e-13	0.00e+00
 4.00835e+17	1.00e+00	4.74e-13	0.00e+00
 4.09757e+17	1.00e+00	5.14e-13	0.00e+00
 4.19855e+17	1.00e+00	4.92e-13	0.00e+00
 4.31075e+17	1.00e+00	3.37e-13	0.00e+00
 4.39804e+17	1.00e+00	2.89e-13	0.00e+00
 4.44251e+17	1.00e+00	3.68e-13	0.00e+00
 4.45945e+17	1.00e+00	4.31e-13	0.00e+00
 4.46686e+17	1.00e+00	4.57e-13	0.00e+00
 4.47131e+17	1.00e+00	4.71e-13	0.00e+00
 4.47462e+17	1.00e+00	4.79e-13	0.00e+00
 4.47839e+17	1.00e+00	4.86e-13	0.00e+00
 4.48309e+17	1.00e+00	4.94e-13	0.00e+00
 4.48779e+17	1.00e+00	5.01e-13	0.00e+00
 4.49152e+17	1.00e+00	5.07e-13	0.00e+00
 4.49444e+17	1.00e+00	5.11e-13	0.00e+00
 4.49717e+17	1.00e+00	5.13e-13	0.00e+00
 4.50014e+17	1.00e+00	5.16e-13	0.00e+00
 4.50336e+17	1.00e+00	5.18e-13	0.00e+00
 4.50645e+17	1.00e+00	5.20e-13	0.00e+00
 4.50907e+17	1.00e+00	5.21e-13	0.00e+00
 4.51130e+17	1.00e+00	5.23e-13	0.00e+00
 4.51343e+17	1.00e+00	5.23e-13	0.00e+00
 4.51572e+17	1.00e+00	5.24e-13	0.00e+00
 4.51805e+17	1.00e+00	5.24e-13	0.00e+00
 4.52020e+17	1.00e+00	5.24e-13	0.00e+00
 4.52217e+17	1.00e+00	5.24e-13	0.00e+00
 4.52401e+17	1.00e+00	5.24e-13	0.00e+00
 4.52581e+17	1.00e+00	5.24e-13	0.00e+00
 4.52762e+17	1.00e+00	5.24e-13	0.00e+00
 4.52946e+17	1.00e+00	5.23e-13	0.00e+00
 4.53121e+17	1.00e+00	5.23e-13	0.00e+00
 4.53284e+17	1.00e+00	5.22e-13	0.00e+00
 4.53450e+17	1.00e+00	5.22e-13	0.00e+00
 4.53619e+17	1.00e+00	5.21e-13	0.00e+00
 4.53792e+17	1.00e+00	5.20e-13	0.00e+00
 4.53965e+17	1.00e+00	5.19e-13	0.00e+00
 4.54128e+17	1.00e+00	5.18e-13	0.00e+00
 4.54282e+17	1.00e+00	5.17e-13	0.00e+00
 4.54435e+17	1.00e+00	5.16e-13	0.00e+00
 4.54603e+17	1.00e+00	5.15e-13	0.00e+00
 4.54788e+17	1.00e+00	5.13e-13	0.00e+00
 4.54963e+17	1.00e+00	5.11e-13	0.00e+00
 4.55115e+17	1.00e+00	5.10e-13	0.00e+00
 4.55270e+17	1.00e+00	5.09e-13	0.00e+00
 4.55448e+17	1.00e+00	5.07e-13	0.00e+00
 4.55637e+17	1.00e+00	5.05e-13	0.00e+00
 4.55821e+17	1.00e+00	5.03e-13	0.00e+00
 4.55995e+17	1.00e+00	5.01e-13	0.00e+00
 4.56185e+17	1.00e+00	4.99e-13	0.00e+00
 4.56391e+17	1.00e+00	4.96e-13	0.00e+00
 4.56584e+17	1.00e+00	4.94e-13	0.00e+00
 4.56767e+17	1.00e+00	4.92e-13	0.00e+00
 4.56965e+17	1.00e+00	4.89e-13	0.00e+00
 4.57179e+17	1.00e+00	4.86e-13	0.00e+00
 4.57388e+17	1.00e+00	4.84e-13	0.00e+00
 4.57604e+17	1.00e+00	4.81e-13	0.00e+00
 4.57844e+17	1.00e+00	4.78e-13	0.00e+00
 4.58086e+17	1.00e+00	4.74e-13	0.00e+00
 4.58306e+17	1.00e+00	4.71e-13	0.00e+00
 4.58529e+17	1.00e+00	4.67e-13	0.00e+00
 4.58788e+17	1.00e+00	4.64e-13	0.00e+00
 4.59074e+17	1.00e+00	4.59e-13	0.00e+00
 4.59349e+17	1.00e+00	4.55e-13	0.00e+00
 4.59607e+17	1.00e+00	4.51e-13	0.00e+00
 4.59879e+17	1.00e+00	4.47e-13	0.00e+00
 4.60172e+17	1.00e+00	4.42e-13	0.00e+00
 4.60473e+17	1.00e+00	4.37e-13	0.00e+00
 4.60781e+17	1.00e+00	4.32e-13	0.00e+00
 4.61102e+17	1.00e+00	4.27e-13	0.00e+00
 4.61431e+17	1.00e+00	4.21e-13	0.00e+00
 4.61766e+17	1.00e+00	4.15e-13	0.00e+00
 4.62107e+17	1.00e+00	4.10e-13	0.00e+00
 4.62459e+17	1.00e+00	4.04e-13	0.00e+00
 4.62824e+17	1.00e+00	3.97e-13	0.00e+00
 4.63184e+17	1.00e+00	3.91e-13	0.00e+00
 4.63572e+17	1.00e+00	3.85e-13	0.00e+00
 4.64001e+17	1.00e+00	3.77e-13	0.00e+00
 4.64428e+17	1.00e+00	3.70e-13	0.00e+00
 4.64844e+17	1.00e+00	3.62e-13	0.00e+00
 4.65254e+17	1.00e+00	3.55e-13	0.00e+00
 4.65683e+17	1.00e+00	3.48e-13	0.00e+00
 4.66159e+17	1.00e+00	3.40e-13	0.00e+00
 4.66660e+17	1.00e+00	3.32e-13	0.00e+00
 4.67154e+17	1.00e+00	3.23e-13	0.00e+00
 4.67624e+17	1.00e+00	3.14e-13	0.00e+00
 4.68091e+17	1.00e+00	3.07e-13	0.00e+00
 4.68610e+17	1.00e+00	2.99e-13	0.00e+00
 4.69176e+17	1.00e+00	2.89e-13	0.00e+00
 4.69743e+17	1.00e+00	2.80e-13	0.00e+00
 4.70288e+17	1.00e+00	2.71e-13	0.00e+00
 4.70824e+17	1.00e+00	2.62e-13	0.00e+00
 4.71378e+17	1.00e+00	2.54e-13	0.00e+00
 4.71980e+17	1.00e+00	2.45e-13	0.00e+00
 4.72622e+17	1.00e+00	2.35e-13	0.00e+00
 4.73263e+17	1.00e+00	2.25e-13	0.00e+00
 4.73882e+17	1.00e+00	2.16e-13	0.00e+00
 4.74499e+17	1.00e+00	2.07e-13	0.00e+00
 4.75144e+17	1.00e+00	1.98e-13	0.00e+00
 4.75826e+17	1.00e+00	1.89e-13	0.00e+00
 4.76517e+17	1.00e+00	1.80e-13	0.00e+00
 4.77220e+17	1.00e+00	1.71e-13	0.00e+00
 4.77939e+17	1.00e+00	1.61e-13	0.00e+00
 4.78678e+17	1.00e+00	1.53e-13	0.00e+00
 4.79444e+17	1.00e+00	1.43e-13	0.00e+00
 4.80202e+17	1.00e+00	1.35e-13	0.00e+00
 4.80966e+17	1.00e+00	1.26e-13	0.00e+00
 4.81774e+17	1.00e+00	1.18e-13	0.00e+00
 4.82632e+17	1.00e+00	1.10e-13	0.00e+00
 4.83522e+17	1.00e+00	1.01e-13	0.00e+00
 4.84377e+17	1.00e+00	9.30e-14	0.00e+00
 4.85128e+17	1.00e+00	8.60e-14	0.00e+00
 4.85757e+17	1.00e+00	8.04e-14	0.00e+00
 4.86303e+17	1.00e+00	7.60e-14	0.00e+00
 4.86829e+17	1.00e+00	7.22e-14	0.00e+00
 4.87368e+17	1.00e+00	6.84e-14	0.00e+00
 4.87901e+17	1.00e+00	6.46e-14	0.00e+00
 4.88393e+17	1.00e+00	6.12e-14	0.00e+00
 4.88834e+17	1.00e+00	5.82e-14	0.00e+00
 4.89242e+17	1.00e+00	5.56e-14	0.00e+00
 4.89642e+17	1.00e+00	5.33e-14	0.00e+00
 4.90042e+17	1.00e+00	5.09e-14	0.00e+00
 4.90434e+17	1.00e+00	4.87e-14	0.00e+00
 4.90806e+17	1.00e+00	4.66e-14	0.00e+00
 4.91153e+17	1.00e+00	4.47e-14	0.00e+00
 4.91485e+17	1.00e+00	4.29e-14	0.00e+00
 4.91811e+17	1.00e+00	4.13e-14	0.00e+00
 4.92132e+17	1.00e+00	3.97e-14	0.00e+00
 4.92445e+17	1.00e+00	3.82e-14	0.00e+00
 4.92744e+17	1.00e+00	3.67e-14	0.00e+00
 4.93029e+17	1.00e+00	3.54e-14	0.00e+00
 4.93305e+17	1.00e+00	3.42e-14	0.00e+00
 4.93575e+17	1.00e+00	3.30e-14	0.00e+00
 4.93840e+17	1.00e+00	3.18e-14	0.00e+00
 4.94097e+17	1.00e+00	3.07e-14	0.00e+00
 4.94344e+17	1.00e+00	2.96e-14	0.00e+00
 4.94581e+17	1.00e+00	2.86e-14	0.00e+00
 4.94811e+17	1.00e+00	2.77e-14	0.00e+00
 4.95038e+17	1.00e+00	2.68e-14	0.00e+00
 4.95261e+17	1.00e+00	2.59e-14	0.00e+00
 4.95514e+17	1.00e+00	2.51e-14	0.00e+00
 4.95844e+17	1.00e+00	2.40e-14	0.00e+00
 4.96272e+17	1.00e+00	2.27e-14	0.00e+00
 4.96829e+17	1.00e+00	2.10e-14	0.00e+00
 4.97553e+17	1.00e+00	1.89e-14	0.00e+00
 4.98424e+17	1.00e+00	1.65e-14	0.00e+00
 4.99376e+17	1.00e+00	1.40e-14	0.00e+00
 5.00323e+17	1.00e+00	1.17e-14	0.00e+00
 5.01130e+17	1.00e+00	9.90e-15	0.00e+00
 5.01747e+17	1.00e+00	8.69e-15	0.00e+00
