#depth	N	N+	N+2	N+3	N+4	N+5	N+6	N+7
 1.49634e+10	0.00e+00	0.00e+00	1.92e-31	7.06e-22	7.46e-13	3.38e-03	7.09e-01	2.87e-01
 4.54887e+10	0.00e+00	1.87e-41	2.70e-31	9.20e-22	8.99e-13	3.77e-03	7.25e-01	2.71e-01
 7.72350e+10	0.00e+00	0.00e+00	3.80e-31	1.20e-21	1.08e-12	4.19e-03	7.40e-01	2.56e-01
 1.10251e+11	0.00e+00	4.34e-41	5.35e-31	1.56e-21	1.30e-12	4.65e-03	7.54e-01	2.41e-01
 1.41913e+11	0.00e+00	0.00e+00	7.32e-31	1.98e-21	1.54e-12	5.12e-03	7.67e-01	2.28e-01
 1.71228e+11	0.00e+00	9.02e-41	9.69e-31	2.46e-21	1.79e-12	5.57e-03	7.78e-01	2.17e-01
 2.04390e+11	0.00e+00	0.00e+00	1.32e-30	3.11e-21	2.10e-12	6.11e-03	7.89e-01	2.05e-01
 2.42492e+11	0.00e+00	1.99e-40	1.84e-30	4.02e-21	2.52e-12	6.76e-03	8.01e-01	1.92e-01
 2.80139e+11	0.00e+00	0.00e+00	2.54e-30	5.14e-21	2.99e-12	7.44e-03	8.12e-01	1.81e-01
 3.19291e+11	0.00e+00	4.40e-40	3.50e-30	6.57e-21	3.54e-12	8.18e-03	8.22e-01	1.70e-01
 3.61990e+11	0.00e+00	0.00e+00	4.89e-30	8.49e-21	4.23e-12	9.03e-03	8.32e-01	1.59e-01
 4.03450e+11	0.00e+00	9.79e-40	6.69e-30	1.08e-20	4.99e-12	9.90e-03	8.41e-01	1.49e-01
 4.42026e+11	0.00e+00	0.00e+00	8.85e-30	1.34e-20	5.78e-12	1.07e-02	8.49e-01	1.41e-01
 4.85091e+11	0.00e+00	2.01e-39	1.20e-29	1.68e-20	6.78e-12	1.17e-02	8.56e-01	1.32e-01
 5.34422e+11	0.00e+00	0.00e+00	1.67e-29	2.17e-20	8.07e-12	1.29e-02	8.64e-01	1.23e-01
 5.82962e+11	0.00e+00	4.49e-39	2.29e-29	2.76e-20	9.52e-12	1.41e-02	8.71e-01	1.15e-01
 6.33445e+11	0.00e+00	0.00e+00	3.13e-29	3.50e-20	1.12e-11	1.54e-02	8.77e-01	1.08e-01
 6.82243e+11	0.00e+00	9.53e-39	4.20e-29	4.38e-20	1.31e-11	1.67e-02	8.82e-01	1.01e-01
 7.23172e+11	0.00e+00	0.00e+00	5.33e-29	5.25e-20	1.48e-11	1.79e-02	8.86e-01	9.58e-02
 7.67383e+11	0.00e+00	1.74e-38	6.84e-29	6.34e-20	1.68e-11	1.92e-02	8.90e-01	9.07e-02
 8.23183e+11	0.00e+00	0.00e+00	9.28e-29	7.99e-20	1.97e-11	2.09e-02	8.94e-01	8.47e-02
 8.81675e+11	0.00e+00	3.73e-38	1.26e-28	1.01e-19	2.31e-11	2.27e-02	8.98e-01	7.90e-02
 9.34555e+11	0.00e+00	0.00e+00	1.65e-28	1.24e-19	2.65e-11	2.45e-02	9.01e-01	7.42e-02
 9.92510e+11	0.00e+00	7.40e-38	2.19e-28	1.53e-19	3.07e-11	2.64e-02	9.04e-01	6.95e-02
 1.06074e+12	0.00e+00	0.00e+00	3.03e-28	1.96e-19	3.63e-11	2.88e-02	9.07e-01	6.45e-02
 1.12895e+12	0.00e+00	1.63e-37	4.14e-28	2.48e-19	4.26e-11	3.13e-02	9.09e-01	5.99e-02
 1.19408e+12	0.00e+00	0.00e+00	5.51e-28	3.08e-19	4.93e-11	3.38e-02	9.10e-01	5.60e-02
 1.26594e+12	0.00e+00	3.40e-37	7.48e-28	3.88e-19	5.76e-11	3.67e-02	9.11e-01	5.20e-02
 1.34651e+12	0.00e+00	0.00e+00	1.04e-27	4.98e-19	6.81e-11	4.00e-02	9.12e-01	4.80e-02
 1.42002e+12	0.00e+00	7.36e-37	1.39e-27	6.20e-19	7.90e-11	4.32e-02	9.12e-01	4.47e-02
 1.48218e+12	0.00e+00	0.00e+00	1.76e-27	7.42e-19	8.91e-11	4.59e-02	9.12e-01	4.22e-02
 1.55052e+12	0.00e+00	1.36e-36	2.28e-27	8.99e-19	1.01e-10	4.91e-02	9.11e-01	3.96e-02
 1.63590e+12	1.53e-46	2.00e-36	3.10e-27	1.13e-18	1.18e-10	5.31e-02	9.10e-01	3.66e-02
 1.72340e+12	0.00e+00	0.00e+00	4.21e-27	1.43e-18	1.38e-10	5.74e-02	9.09e-01	3.39e-02
 1.80032e+12	0.00e+00	4.06e-36	5.47e-27	1.74e-18	1.58e-10	6.14e-02	9.07e-01	3.17e-02
 1.88350e+12	5.40e-46	5.72e-36	7.20e-27	2.14e-18	1.81e-10	6.57e-02	9.05e-01	2.95e-02
 1.97726e+12	0.00e+00	0.00e+00	9.73e-27	2.68e-18	2.10e-10	7.09e-02	9.02e-01	2.73e-02
 2.06682e+12	0.00e+00	1.18e-35	1.29e-26	3.31e-18	2.42e-10	7.60e-02	8.99e-01	2.54e-02
 2.16526e+12	2.02e-45	1.71e-35	1.73e-26	4.14e-18	2.81e-10	8.17e-02	8.95e-01	2.35e-02
 2.27414e+12	0.00e+00	0.00e+00	2.39e-26	5.26e-18	3.29e-10	8.84e-02	8.90e-01	2.16e-02
 2.37546e+12	0.00e+00	3.67e-35	3.19e-26	6.55e-18	3.80e-10	9.48e-02	8.85e-01	1.99e-02
 2.47126e+12	7.50e-45	5.11e-35	4.16e-26	7.99e-18	4.33e-10	1.01e-01	8.80e-01	1.86e-02
 2.58106e+12	0.00e+00	0.00e+00	5.61e-26	9.99e-18	5.02e-10	1.08e-01	8.74e-01	1.71e-02
 2.70322e+12	0.00e+00	1.11e-34	7.75e-26	1.27e-17	5.89e-10	1.17e-01	8.67e-01	1.56e-02
 2.81781e+12	2.96e-44	1.60e-34	1.04e-25	1.59e-17	6.81e-10	1.25e-01	8.60e-01	1.44e-02
 2.94313e+12	0.00e+00	2.37e-34	1.42e-25	2.01e-17	7.94e-10	1.35e-01	8.52e-01	1.32e-02
 3.08301e+12	7.91e-44	3.62e-34	2.00e-25	2.59e-17	9.37e-10	1.46e-01	8.42e-01	1.19e-02
 3.21490e+12	0.00e+00	5.34e-34	2.72e-25	3.27e-17	1.09e-09	1.56e-01	8.33e-01	1.09e-02
 3.35825e+12	2.06e-43	8.04e-34	3.78e-25	4.17e-17	1.28e-09	1.68e-01	8.22e-01	9.88e-03
 3.51786e+12	0.00e+00	1.25e-33	5.37e-25	5.43e-17	1.52e-09	1.82e-01	8.09e-01	8.88e-03
 3.67008e+12	5.71e-43	1.87e-33	7.43e-25	6.93e-17	1.78e-09	1.95e-01	7.97e-01	8.04e-03
 3.83303e+12	0.00e+00	2.84e-33	1.04e-24	8.90e-17	2.09e-09	2.10e-01	7.83e-01	7.23e-03
 3.99114e+12	1.52e-42	4.20e-33	1.42e-24	1.13e-16	2.43e-09	2.24e-01	7.69e-01	6.54e-03
 4.11665e+12	0.00e+00	5.67e-33	1.81e-24	1.35e-16	2.73e-09	2.36e-01	7.58e-01	6.05e-03
 4.24827e+12	3.15e-42	7.70e-33	2.31e-24	1.62e-16	3.08e-09	2.48e-01	7.46e-01	5.58e-03
 4.41936e+12	0.00e+00	1.13e-32	3.14e-24	2.04e-16	3.57e-09	2.64e-01	7.31e-01	5.03e-03
 4.60339e+12	8.06e-42	1.68e-32	4.31e-24	2.58e-16	4.15e-09	2.82e-01	7.14e-01	4.51e-03
 4.75887e+12	0.00e+00	2.32e-32	5.57e-24	3.13e-16	4.69e-09	2.97e-01	6.99e-01	4.12e-03
 4.89394e+12	1.65e-41	3.03e-32	6.91e-24	3.68e-16	5.20e-09	3.09e-01	6.87e-01	3.82e-03
 5.04785e+12	0.00e+00	4.09e-32	8.78e-24	4.39e-16	5.83e-09	3.24e-01	6.73e-01	3.50e-03
 5.24793e+12	3.71e-41	5.94e-32	1.18e-23	5.49e-16	6.71e-09	3.43e-01	6.54e-01	3.14e-03
 5.45534e+12	0.00e+00	8.60e-32	1.59e-23	6.84e-16	7.71e-09	3.62e-01	6.35e-01	2.80e-03
 5.62904e+12	8.32e-41	1.16e-31	2.02e-23	8.17e-16	8.62e-09	3.78e-01	6.20e-01	2.56e-03
 5.81161e+12	0.00e+00	1.57e-31	2.57e-23	9.77e-16	9.65e-09	3.94e-01	6.03e-01	2.33e-03
 6.04806e+12	1.88e-40	2.28e-31	3.46e-23	1.22e-15	1.11e-08	4.15e-01	5.83e-01	2.06e-03
 6.29248e+12	0.00e+00	3.30e-31	4.65e-23	1.52e-15	1.27e-08	4.36e-01	5.62e-01	1.83e-03
 6.49803e+12	4.22e-40	4.43e-31	5.88e-23	1.81e-15	1.41e-08	4.53e-01	5.45e-01	1.66e-03
 6.71513e+12	0.00e+00	6.03e-31	7.52e-23	2.16e-15	1.58e-08	4.71e-01	5.27e-01	1.49e-03
 6.98956e+12	9.54e-40	8.71e-31	1.01e-22	2.69e-15	1.81e-08	4.93e-01	5.06e-01	1.32e-03
 7.27328e+12	0.00e+00	1.25e-30	1.34e-22	3.32e-15	2.06e-08	5.14e-01	4.84e-01	1.16e-03
 7.52284e+12	2.14e-39	1.70e-30	1.71e-22	3.96e-15	2.29e-08	5.32e-01	4.67e-01	1.04e-03
 7.79323e+12	0.00e+00	2.34e-30	2.21e-22	4.78e-15	2.57e-08	5.52e-01	4.47e-01	9.21e-04
 8.09320e+12	4.76e-39	3.28e-30	2.89e-22	5.83e-15	2.89e-08	5.72e-01	4.27e-01	8.11e-04
 8.38673e+12	0.00e+00	4.51e-30	3.71e-22	7.01e-15	3.23e-08	5.91e-01	4.08e-01	7.19e-04
 8.67669e+12	1.01e-38	6.09e-30	4.72e-22	8.34e-15	3.59e-08	6.09e-01	3.91e-01	6.39e-04
 8.95240e+12	0.00e+00	8.01e-30	5.86e-22	9.77e-15	3.94e-08	6.24e-01	3.75e-01	5.74e-04
 9.25631e+12	2.02e-38	1.08e-29	7.39e-22	1.16e-14	4.36e-08	6.41e-01	3.58e-01	5.09e-04
 9.56791e+12	0.00e+00	1.44e-29	9.30e-22	1.37e-14	4.81e-08	6.58e-01	3.42e-01	4.53e-04
 9.82513e+12	3.79e-38	1.81e-29	1.12e-21	1.56e-14	5.20e-08	6.71e-01	3.29e-01	4.11e-04
 1.00951e+13	0.00e+00	2.29e-29	1.34e-21	1.78e-14	5.62e-08	6.84e-01	3.16e-01	3.73e-04
 1.04461e+13	7.23e-38	3.08e-29	1.69e-21	2.12e-14	6.21e-08	7.00e-01	3.00e-01	3.29e-04
 1.08122e+13	0.00e+00	4.14e-29	2.14e-21	2.51e-14	6.85e-08	7.15e-01	2.84e-01	2.89e-04
 1.11241e+13	1.39e-37	5.28e-29	2.59e-21	2.88e-14	7.43e-08	7.28e-01	2.72e-01	2.60e-04
 1.14556e+13	0.00e+00	6.77e-29	3.15e-21	3.32e-14	8.05e-08	7.40e-01	2.60e-01	2.33e-04
 1.18866e+13	2.77e-37	9.27e-29	4.05e-21	3.97e-14	8.94e-08	7.56e-01	2.44e-01	2.02e-04
 1.23341e+13	0.00e+00	1.27e-28	5.18e-21	4.75e-14	9.90e-08	7.70e-01	2.29e-01	1.75e-04
 1.27140e+13	5.54e-37	1.64e-28	6.33e-21	5.49e-14	1.08e-07	7.82e-01	2.18e-01	1.56e-04
 1.31188e+13	0.00e+00	2.13e-28	7.79e-21	6.37e-14	1.17e-07	7.94e-01	2.06e-01	1.38e-04
 1.36295e+13	1.12e-36	2.93e-28	1.00e-20	7.64e-14	1.30e-07	8.07e-01	1.93e-01	1.18e-04
 1.41631e+13	0.00e+00	4.03e-28	1.29e-20	9.17e-14	1.44e-07	8.20e-01	1.80e-01	1.01e-04
 1.46438e+13	2.32e-36	5.32e-28	1.60e-20	1.07e-13	1.57e-07	8.31e-01	1.69e-01	8.84e-05
 1.51704e+13	0.00e+00	7.12e-28	2.02e-20	1.27e-13	1.72e-07	8.42e-01	1.58e-01	7.65e-05
 1.57924e+13	4.93e-36	9.90e-28	2.62e-20	1.53e-13	1.92e-07	8.53e-01	1.47e-01	6.48e-05
 1.64194e+13	0.00e+00	1.36e-27	3.36e-20	1.83e-13	2.12e-07	8.64e-01	1.36e-01	5.51e-05
 1.69829e+13	1.01e-35	1.79e-27	4.18e-20	2.14e-13	2.32e-07	8.73e-01	1.27e-01	4.78e-05
 1.75829e+13	0.00e+00	2.37e-27	5.21e-20	2.52e-13	2.53e-07	8.81e-01	1.19e-01	4.13e-05
 1.82584e+13	2.05e-35	3.21e-27	6.63e-20	3.00e-13	2.79e-07	8.90e-01	1.10e-01	3.51e-05
 1.88280e+13	0.00e+00	4.11e-27	8.06e-20	3.45e-13	3.02e-07	8.97e-01	1.03e-01	3.08e-05
 1.92674e+13	3.46e-35	4.93e-27	9.32e-20	3.84e-13	3.20e-07	9.01e-01	9.87e-02	2.79e-05
 1.97412e+13	0.00e+00	5.98e-27	1.09e-19	4.28e-13	3.40e-07	9.06e-01	9.40e-02	2.51e-05
 2.03572e+13	5.86e-35	7.63e-27	1.32e-19	4.93e-13	3.68e-07	9.12e-01	8.81e-02	2.20e-05
 2.10217e+13	0.00e+00	9.84e-27	1.61e-19	5.71e-13	3.99e-07	9.18e-01	8.24e-02	1.91e-05
 2.16171e+13	1.04e-34	1.22e-26	1.92e-19	6.48e-13	4.28e-07	9.22e-01	7.77e-02	1.69e-05
 2.22588e+13	0.00e+00	1.54e-26	2.30e-19	7.39e-13	4.60e-07	9.27e-01	7.31e-02	1.49e-05
 2.30889e+13	1.93e-34	2.05e-26	2.88e-19	8.72e-13	5.03e-07	9.32e-01	6.76e-02	1.27e-05
 2.39340e+13	2.70e-34	2.70e-26	3.60e-19	1.02e-12	5.50e-07	9.37e-01	6.26e-02	1.08e-05
 2.46276e+13	3.53e-34	3.37e-26	4.28e-19	1.16e-12	5.90e-07	9.41e-01	5.89e-02	9.54e-06
 2.53542e+13	4.63e-34	4.22e-26	5.11e-19	1.32e-12	6.33e-07	9.45e-01	5.54e-02	8.40e-06
 2.62951e+13	6.49e-34	5.58e-26	6.38e-19	1.55e-12	6.91e-07	9.49e-01	5.12e-02	7.16e-06
 2.72977e+13	9.17e-34	7.42e-26	8.00e-19	1.83e-12	7.56e-07	9.53e-01	4.73e-02	6.07e-06
 2.81877e+13	1.23e-33	9.48e-26	9.71e-19	2.10e-12	8.16e-07	9.56e-01	4.41e-02	5.28e-06
 2.91481e+13	1.68e-33	1.22e-25	1.19e-18	2.43e-12	8.82e-07	9.59e-01	4.11e-02	4.57e-06
 3.02998e+13	2.41e-33	1.64e-25	1.50e-18	2.87e-12	9.66e-07	9.62e-01	3.79e-02	3.86e-06
 3.14791e+13	3.43e-33	2.20e-25	1.88e-18	3.38e-12	1.06e-06	9.65e-01	3.49e-02	3.28e-06
 3.24802e+13	4.58e-33	2.79e-25	2.27e-18	3.86e-12	1.13e-06	9.67e-01	3.27e-02	2.86e-06
 3.33241e+13	5.81e-33	3.39e-25	2.64e-18	4.30e-12	1.20e-06	9.69e-01	3.10e-02	2.57e-06
 3.42750e+13	7.56e-33	4.20e-25	3.12e-18	4.84e-12	1.28e-06	9.71e-01	2.92e-02	2.28e-06
 3.55111e+13	1.05e-32	5.50e-25	3.85e-18	5.62e-12	1.38e-06	9.73e-01	2.71e-02	1.96e-06
 3.68291e+13	1.48e-32	7.26e-25	4.78e-18	6.55e-12	1.50e-06	9.75e-01	2.51e-02	1.68e-06
 3.79843e+13	1.97e-32	9.19e-25	5.74e-18	7.44e-12	1.61e-06	9.76e-01	2.36e-02	1.48e-06
 3.90383e+13	2.55e-32	1.13e-24	6.75e-18	8.33e-12	1.71e-06	9.78e-01	2.23e-02	1.32e-06
 4.02301e+13	3.39e-32	1.43e-24	8.07e-18	9.43e-12	1.82e-06	9.79e-01	2.09e-02	1.16e-06
 4.17368e+13	4.80e-32	1.89e-24	1.00e-17	1.10e-11	1.97e-06	9.81e-01	1.94e-02	9.98e-07
 4.32720e+13	6.76e-32	2.50e-24	1.24e-17	1.27e-11	2.13e-06	9.82e-01	1.80e-02	0.00e+00
 4.45961e+13	9.00e-32	3.15e-24	1.48e-17	1.44e-11	2.27e-06	9.83e-01	1.69e-02	0.00e+00
 4.60264e+13	1.22e-31	4.02e-24	1.79e-17	1.64e-11	2.43e-06	9.84e-01	1.59e-02	0.00e+00
 4.77865e+13	1.74e-31	5.38e-24	2.23e-17	1.91e-11	2.63e-06	9.85e-01	1.47e-02	0.00e+00
 4.95900e+13	2.48e-31	7.16e-24	2.78e-17	2.22e-11	2.84e-06	9.86e-01	1.37e-02	0.00e+00
 5.12237e+13	3.39e-31	9.21e-24	3.37e-17	2.53e-11	3.04e-06	9.87e-01	1.28e-02	0.00e+00
 5.30217e+13	4.72e-31	1.20e-23	4.13e-17	2.90e-11	3.26e-06	9.88e-01	1.19e-02	0.00e+00
 5.51338e+13	6.87e-31	1.63e-23	5.21e-17	3.40e-11	3.54e-06	9.89e-01	1.10e-02	0.00e+00
 5.71446e+13	9.70e-31	2.15e-23	6.44e-17	3.93e-11	3.81e-06	9.90e-01	1.02e-02	0.00e+00
 5.88769e+13	1.30e-30	2.72e-23	7.68e-17	4.43e-11	4.06e-06	9.90e-01	9.65e-03	0.00e+00
 6.07568e+13	1.75e-30	3.47e-23	9.25e-17	5.03e-11	4.33e-06	9.91e-01	9.06e-03	0.00e+00
 6.30707e+13	2.51e-30	4.64e-23	1.15e-16	5.85e-11	4.68e-06	9.92e-01	8.40e-03	0.00e+00
 6.54229e+13	3.58e-30	6.17e-23	1.43e-16	6.78e-11	5.04e-06	9.92e-01	7.80e-03	0.00e+00
 6.74099e+13	4.80e-30	7.80e-23	1.71e-16	7.65e-11	5.36e-06	9.93e-01	7.34e-03	0.00e+00
 6.90925e+13	6.08e-30	9.45e-23	1.98e-16	8.45e-11	5.64e-06	9.93e-01	6.98e-03	0.00e+00
 7.09245e+13	7.83e-30	1.16e-22	2.32e-16	9.39e-11	5.96e-06	9.93e-01	6.62e-03	0.00e+00
 7.33061e+13	1.08e-29	1.50e-22	2.82e-16	1.07e-10	6.38e-06	9.94e-01	6.19e-03	0.00e+00
 7.57640e+13	1.48e-29	1.94e-22	3.42e-16	1.23e-10	6.83e-06	9.94e-01	5.79e-03	0.00e+00
 7.78131e+13	1.92e-29	2.39e-22	4.01e-16	1.37e-10	7.21e-06	9.95e-01	5.49e-03	0.00e+00
 7.99691e+13	2.50e-29	2.95e-22	4.71e-16	1.52e-10	7.63e-06	9.95e-01	5.19e-03	0.00e+00
 8.27720e+13	3.48e-29	3.86e-22	5.78e-16	1.75e-10	8.20e-06	9.95e-01	4.84e-03	0.00e+00
 8.56818e+13	4.85e-29	5.04e-22	7.10e-16	2.01e-10	8.81e-06	9.95e-01	4.51e-03	0.00e+00
 8.81379e+13	6.38e-29	6.29e-22	8.39e-16	2.26e-10	9.33e-06	9.96e-01	4.25e-03	0.00e+00
 9.07382e+13	8.45e-29	7.89e-22	9.97e-16	2.54e-10	9.91e-06	9.96e-01	4.01e-03	0.00e+00
 9.40670e+13	1.19e-28	1.04e-21	1.23e-15	2.94e-10	1.07e-05	9.96e-01	3.72e-03	0.00e+00
 9.75224e+13	1.69e-28	1.38e-21	1.53e-15	3.40e-10	1.15e-05	9.97e-01	3.46e-03	0.00e+00
 1.00525e+14	2.27e-28	1.75e-21	1.83e-15	3.84e-10	1.23e-05	9.97e-01	3.25e-03	0.00e+00
 1.03759e+14	3.08e-28	2.24e-21	2.21e-15	4.37e-10	1.31e-05	9.97e-01	3.03e-03	0.00e+00
 1.07714e+14	4.41e-28	2.99e-21	2.75e-15	5.08e-10	1.42e-05	9.97e-01	2.80e-03	0.00e+00
 1.11679e+14	6.25e-28	3.96e-21	3.41e-15	5.88e-10	1.53e-05	9.97e-01	2.60e-03	0.00e+00
 1.15182e+14	8.42e-28	5.04e-21	4.10e-15	6.66e-10	1.63e-05	9.98e-01	2.44e-03	0.00e+00
 1.19012e+14	1.15e-27	6.50e-21	4.97e-15	7.60e-10	1.74e-05	9.98e-01	2.28e-03	0.00e+00
 1.23616e+14	1.66e-27	8.73e-21	6.23e-15	8.87e-10	1.88e-05	9.98e-01	2.11e-03	0.00e+00
 1.28200e+14	2.36e-27	1.16e-20	7.72e-15	1.03e-09	2.03e-05	9.98e-01	1.96e-03	0.00e+00
 1.32347e+14	3.21e-27	1.49e-20	9.33e-15	1.17e-09	2.17e-05	9.98e-01	1.84e-03	0.00e+00
 1.36952e+14	4.46e-27	1.94e-20	1.14e-14	1.34e-09	2.33e-05	9.98e-01	1.71e-03	0.00e+00
 1.42360e+14	6.49e-27	2.62e-20	1.44e-14	1.57e-09	2.52e-05	9.98e-01	1.58e-03	0.00e+00
 1.47704e+14	9.26e-27	3.49e-20	1.79e-14	1.82e-09	2.72e-05	9.99e-01	1.47e-03	0.00e+00
 1.52707e+14	1.28e-26	4.53e-20	2.18e-14	2.08e-09	2.91e-05	9.99e-01	1.37e-03	0.00e+00
 1.57412e+14	1.72e-26	5.74e-20	2.61e-14	2.35e-09	3.10e-05	9.99e-01	1.29e-03	0.00e+00
 1.62563e+14	2.35e-26	7.39e-20	3.16e-14	2.68e-09	3.31e-05	9.99e-01	1.20e-03	0.00e+00
 1.67841e+14	3.21e-26	9.49e-20	3.82e-14	3.04e-09	3.54e-05	9.99e-01	1.13e-03	0.00e+00
 1.72163e+14	4.11e-26	1.16e-19	4.45e-14	3.37e-09	3.73e-05	9.99e-01	1.07e-03	0.00e+00
 1.76662e+14	5.29e-26	1.42e-19	5.18e-14	3.74e-09	3.93e-05	9.99e-01	1.02e-03	0.00e+00
 1.82510e+14	7.27e-26	1.83e-19	6.29e-14	4.26e-09	4.20e-05	9.99e-01	9.52e-04	0.00e+00
 1.88611e+14	1.00e-25	2.38e-19	7.65e-14	4.86e-09	4.49e-05	9.99e-01	8.90e-04	0.00e+00
 1.93788e+14	1.31e-25	2.94e-19	8.99e-14	5.42e-09	4.74e-05	9.99e-01	8.43e-04	0.00e+00
 1.99267e+14	1.72e-25	3.67e-19	1.06e-13	6.06e-09	5.02e-05	9.99e-01	7.97e-04	0.00e+00
 2.06389e+14	2.43e-25	4.84e-19	1.31e-13	6.98e-09	5.39e-05	9.99e-01	7.42e-04	0.00e+00
 2.13786e+14	3.44e-25	6.39e-19	1.61e-13	8.03e-09	5.79e-05	9.99e-01	6.91e-04	0.00e+00
 2.20045e+14	4.57e-25	8.03e-19	1.92e-13	9.02e-09	6.13e-05	9.99e-01	6.52e-04	0.00e+00
 2.26685e+14	6.14e-25	1.02e-18	2.29e-13	1.02e-08	6.51e-05	9.99e-01	6.14e-04	0.00e+00
 2.35061e+14	8.79e-25	1.36e-18	2.85e-13	1.17e-08	7.00e-05	9.99e-01	5.71e-04	0.00e+00
 2.43800e+14	1.26e-24	1.81e-18	3.54e-13	1.36e-08	7.54e-05	9.99e-01	5.31e-04	0.00e+00
 2.51590e+14	1.73e-24	2.33e-18	4.27e-13	1.54e-08	8.03e-05	9.99e-01	4.98e-04	0.00e+00
 2.60040e+14	2.40e-24	3.03e-18	5.21e-13	1.76e-08	8.58e-05	9.99e-01	4.66e-04	0.00e+00
 2.70128e+14	3.51e-24	4.11e-18	6.54e-13	2.05e-08	9.25e-05	9.99e-01	4.32e-04	0.00e+00
 2.80110e+14	5.04e-24	5.49e-18	8.13e-13	2.36e-08	9.95e-05	9.99e-01	4.02e-04	0.00e+00
 2.89161e+14	6.92e-24	7.07e-18	9.83e-13	2.68e-08	1.06e-04	1.00e+00	3.77e-04	0.00e+00
 2.99238e+14	9.73e-24	9.29e-18	1.21e-12	3.08e-08	1.14e-04	1.00e+00	3.52e-04	0.00e+00
 3.11048e+14	1.43e-23	1.27e-17	1.52e-12	3.59e-08	1.23e-04	1.00e+00	3.26e-04	0.00e+00
 3.22733e+14	2.07e-23	1.70e-17	1.90e-12	4.16e-08	1.32e-04	1.00e+00	3.03e-04	0.00e+00
 3.33762e+14	2.89e-23	2.22e-17	2.32e-12	4.76e-08	1.41e-04	1.00e+00	2.83e-04	0.00e+00
 3.43384e+14	3.83e-23	2.78e-17	2.75e-12	5.33e-08	1.50e-04	1.00e+00	2.67e-04	0.00e+00
 3.51409e+14	4.82e-23	3.35e-17	3.16e-12	5.85e-08	1.57e-04	1.00e+00	2.55e-04	0.00e+00
 3.60291e+14	6.17e-23	4.08e-17	3.67e-12	6.46e-08	1.65e-04	1.00e+00	2.43e-04	0.00e+00
 3.71836e+14	8.44e-23	5.24e-17	4.43e-12	7.33e-08	1.76e-04	1.00e+00	2.28e-04	0.00e+00
 3.83949e+14	1.16e-22	6.76e-17	5.36e-12	8.34e-08	1.87e-04	1.00e+00	2.13e-04	0.00e+00
 3.94294e+14	1.51e-22	8.35e-17	6.29e-12	9.27e-08	1.98e-04	1.00e+00	2.02e-04	0.00e+00
 4.05237e+14	1.98e-22	1.04e-16	7.40e-12	1.04e-07	2.09e-04	1.00e+00	1.91e-04	0.00e+00
 4.19462e+14	2.77e-22	1.36e-16	9.09e-12	1.19e-07	2.24e-04	1.00e+00	1.78e-04	0.00e+00
 4.34149e+14	3.89e-22	1.79e-16	1.12e-11	1.37e-07	2.40e-04	1.00e+00	1.66e-04	0.00e+00
 4.46399e+14	5.12e-22	2.23e-16	1.32e-11	1.53e-07	2.54e-04	1.00e+00	1.57e-04	0.00e+00
 4.59290e+14	6.76e-22	2.79e-16	1.56e-11	1.71e-07	2.69e-04	1.00e+00	1.48e-04	0.00e+00
 4.75923e+14	9.56e-22	3.69e-16	1.93e-11	1.98e-07	2.90e-04	1.00e+00	1.38e-04	0.00e+00
 4.93394e+14	1.36e-21	4.90e-16	2.39e-11	2.29e-07	3.12e-04	1.00e+00	1.28e-04	0.00e+00
 5.08573e+14	1.83e-21	6.21e-16	2.87e-11	2.58e-07	3.32e-04	1.00e+00	1.20e-04	0.00e+00
 5.24801e+14	2.48e-21	7.94e-16	3.46e-11	2.93e-07	3.55e-04	1.00e+00	1.13e-04	0.00e+00
 5.44668e+14	3.54e-21	1.06e-15	4.31e-11	3.41e-07	3.83e-04	1.00e+00	1.04e-04	0.00e+00
 5.64545e+14	5.01e-21	1.40e-15	5.33e-11	3.94e-07	4.13e-04	9.99e-01	9.68e-05	0.00e+00
 5.81965e+14	6.72e-21	1.78e-15	6.39e-11	4.46e-07	4.40e-04	9.99e-01	9.08e-05	0.00e+00
 6.00911e+14	9.12e-21	2.28e-15	7.72e-11	5.08e-07	4.70e-04	9.99e-01	8.49e-05	0.00e+00
 6.23867e+14	1.30e-20	3.04e-15	9.65e-11	5.91e-07	5.09e-04	9.99e-01	7.85e-05	0.00e+00
 6.46701e+14	1.84e-20	4.02e-15	1.19e-10	6.84e-07	5.49e-04	9.99e-01	7.28e-05	0.00e+00
 6.66966e+14	2.47e-20	5.10e-15	1.43e-10	7.76e-07	5.86e-04	9.99e-01	6.82e-05	0.00e+00
 6.89228e+14	3.36e-20	6.56e-15	1.74e-10	8.87e-07	6.28e-04	9.99e-01	6.36e-05	0.00e+00
 7.15861e+14	4.82e-20	8.78e-15	2.18e-10	1.04e-06	6.81e-04	9.99e-01	5.87e-05	0.00e+00
 7.42264e+14	6.77e-20	1.16e-14	2.70e-10	1.20e-06	7.36e-04	9.99e-01	5.43e-05	0.00e+00
 7.64905e+14	8.98e-20	1.46e-14	3.22e-10	1.36e-06	7.84e-04	9.99e-01	5.10e-05	0.00e+00
 7.85476e+14	1.15e-19	1.79e-14	3.77e-10	1.51e-06	8.29e-04	9.99e-01	4.82e-05	0.00e+00
 8.05785e+14	1.46e-19	2.17e-14	4.38e-10	1.68e-06	8.76e-04	9.99e-01	4.56e-05	0.00e+00
 8.28846e+14	1.90e-19	2.69e-14	5.17e-10	1.88e-06	9.31e-04	9.99e-01	4.30e-05	0.00e+00
 8.53979e+14	2.51e-19	3.37e-14	6.16e-10	2.13e-06	9.93e-04	9.99e-01	4.03e-05	0.00e+00
 8.76641e+14	3.22e-19	4.12e-14	7.19e-10	2.36e-06	1.05e-03	9.99e-01	3.81e-05	0.00e+00
 9.00939e+14	4.14e-19	5.06e-14	8.44e-10	2.64e-06	1.11e-03	9.99e-01	3.59e-05	0.00e+00
 9.28385e+14	5.47e-19	6.36e-14	1.01e-09	2.99e-06	1.19e-03	9.99e-01	3.37e-05	0.00e+00
 9.54531e+14	7.08e-19	7.85e-14	1.19e-09	3.35e-06	1.26e-03	9.99e-01	3.17e-05	0.00e+00
 9.83132e+14	9.31e-19	9.82e-14	1.41e-09	3.78e-06	1.34e-03	9.99e-01	2.98e-05	0.00e+00
 1.01486e+15	1.25e-18	1.25e-13	1.70e-09	4.30e-06	1.44e-03	9.99e-01	2.78e-05	0.00e+00
 1.04437e+15	1.63e-18	1.55e-13	2.01e-09	4.83e-06	1.53e-03	9.98e-01	2.61e-05	0.00e+00
 1.07644e+15	2.15e-18	1.95e-13	2.40e-09	5.47e-06	1.63e-03	9.98e-01	2.45e-05	0.00e+00
 1.11256e+15	2.92e-18	2.50e-13	2.92e-09	6.26e-06	1.76e-03	9.98e-01	2.28e-05	0.00e+00
 1.14702e+15	3.86e-18	3.14e-13	3.49e-09	7.08e-06	1.87e-03	9.98e-01	2.13e-05	0.00e+00
 1.18492e+15	5.20e-18	4.01e-13	4.22e-09	8.08e-06	2.01e-03	9.98e-01	1.99e-05	0.00e+00
 1.22743e+15	7.18e-18	5.23e-13	5.19e-09	9.33e-06	2.17e-03	9.98e-01	1.84e-05	0.00e+00
 1.26790e+15	9.68e-18	6.67e-13	6.27e-09	1.07e-05	2.33e-03	9.98e-01	1.72e-05	0.00e+00
 1.31245e+15	1.33e-17	8.64e-13	7.68e-09	1.23e-05	2.51e-03	9.97e-01	1.59e-05	0.00e+00
 1.36217e+15	1.86e-17	1.14e-12	9.55e-09	1.43e-05	2.72e-03	9.97e-01	1.47e-05	0.00e+00
 1.40852e+15	2.53e-17	1.47e-12	1.16e-08	1.64e-05	2.93e-03	9.97e-01	1.36e-05	0.00e+00
 1.45869e+15	3.46e-17	1.90e-12	1.43e-08	1.89e-05	3.16e-03	9.97e-01	1.26e-05	0.00e+00
 1.51522e+15	4.88e-17	2.53e-12	1.78e-08	2.20e-05	3.44e-03	9.97e-01	1.16e-05	0.00e+00
 1.56098e+15	6.39e-17	3.16e-12	2.12e-08	2.49e-05	3.67e-03	9.96e-01	1.09e-05	0.00e+00
 1.59295e+15	7.66e-17	3.67e-12	2.39e-08	2.71e-05	3.84e-03	9.96e-01	1.04e-05	0.00e+00
 1.62598e+15	9.20e-17	4.27e-12	2.69e-08	2.94e-05	4.02e-03	9.96e-01	9.94e-06	0.00e+00
 1.66893e+15	1.16e-16	5.17e-12	3.13e-08	3.27e-05	4.25e-03	9.96e-01	9.38e-06	0.00e+00
 1.71745e+15	1.86e-16	6.39e-12	3.71e-08	3.68e-05	4.53e-03	9.95e-01	8.80e-06	0.00e+00
 1.76320e+15	2.35e-16	7.74e-12	4.32e-08	4.10e-05	4.81e-03	9.95e-01	8.29e-06	0.00e+00
 1.81266e+15	2.95e-16	9.49e-12	5.07e-08	4.59e-05	5.11e-03	9.95e-01	7.80e-06	0.00e+00
 1.86763e+15	3.82e-16	1.18e-11	6.04e-08	5.19e-05	5.47e-03	9.94e-01	7.28e-06	0.00e+00
 1.91864e+15	4.86e-16	1.44e-11	7.07e-08	5.79e-05	5.81e-03	9.94e-01	6.86e-06	0.00e+00
 1.97382e+15	6.22e-16	1.76e-11	8.34e-08	6.52e-05	6.20e-03	9.94e-01	6.43e-06	0.00e+00
 2.03535e+15	8.11e-16	2.20e-11	9.97e-08	7.39e-05	6.65e-03	9.93e-01	5.99e-06	0.00e+00
 2.09304e+15	1.03e-15	2.70e-11	1.17e-07	8.29e-05	7.09e-03	9.93e-01	5.62e-06	0.00e+00
 2.15593e+15	1.33e-15	3.33e-11	1.39e-07	9.36e-05	7.59e-03	9.92e-01	5.25e-06	0.00e+00
 2.22648e+15	1.75e-15	4.20e-11	1.68e-07	1.07e-04	8.17e-03	9.92e-01	4.87e-06	0.00e+00
 2.29322e+15	2.24e-15	5.18e-11	2.00e-07	1.21e-04	8.75e-03	9.91e-01	4.55e-06	0.00e+00
 2.36623e+15	2.91e-15	6.48e-11	2.40e-07	1.37e-04	9.41e-03	9.90e-01	4.30e-06	0.00e+00
 2.44838e+15	3.90e-15	8.28e-11	2.93e-07	1.58e-04	1.02e-02	9.90e-01	4.06e-06	0.00e+00
 2.52687e+15	5.02e-15	1.03e-10	3.51e-07	1.80e-04	1.10e-02	9.89e-01	3.83e-06	0.00e+00
 2.61337e+15	6.64e-15	1.31e-10	4.28e-07	2.07e-04	1.19e-02	9.88e-01	3.61e-06	0.00e+00
 2.71075e+15	8.91e-15	1.69e-10	5.29e-07	2.40e-04	1.30e-02	9.87e-01	3.38e-06	0.00e+00
 2.80193e+15	1.16e-14	2.13e-10	6.42e-07	2.75e-04	1.40e-02	9.86e-01	3.20e-06	0.00e+00
 2.90012e+15	1.54e-14	2.71e-10	7.86e-07	3.17e-04	1.52e-02	9.84e-01	3.02e-06	0.00e+00
 3.01063e+15	2.07e-14	3.53e-10	9.79e-07	3.70e-04	1.66e-02	9.83e-01	2.85e-06	0.00e+00
 3.10003e+15	2.60e-14	4.32e-10	1.16e-06	4.18e-04	1.78e-02	9.82e-01	2.73e-06	0.00e+00
 3.16304e+15	3.04e-14	4.98e-10	1.31e-06	4.53e-04	1.87e-02	9.81e-01	2.65e-06	0.00e+00
 3.22887e+15	3.58e-14	5.75e-10	1.48e-06	4.93e-04	1.97e-02	9.80e-01	2.57e-06	0.00e+00
 3.31444e+15	4.41e-14	6.91e-10	1.73e-06	5.50e-04	2.09e-02	9.79e-01	2.48e-06	0.00e+00
 3.40909e+15	5.51e-14	8.42e-10	2.04e-06	6.18e-04	2.24e-02	9.77e-01	2.39e-06	0.00e+00
 3.49645e+15	6.71e-14	1.00e-09	2.37e-06	6.86e-04	2.38e-02	9.75e-01	2.32e-06	0.00e+00
 3.59094e+15	8.30e-14	1.21e-09	2.78e-06	7.65e-04	2.54e-02	9.74e-01	2.25e-06	0.00e+00
 3.69668e+15	1.04e-13	1.49e-09	3.31e-06	8.63e-04	2.72e-02	9.72e-01	2.18e-06	0.00e+00
 3.79544e+15	1.28e-13	1.79e-09	3.87e-06	9.61e-04	2.90e-02	9.70e-01	2.13e-06	0.00e+00
 3.90218e+15	1.60e-13	2.18e-09	4.58e-06	1.08e-03	3.10e-02	9.68e-01	2.08e-06	0.00e+00
 4.02129e+15	2.02e-13	2.70e-09	5.49e-06	1.22e-03	3.33e-02	9.65e-01	2.03e-06	0.00e+00
 4.13251e+15	2.51e-13	3.27e-09	6.47e-06	1.37e-03	3.56e-02	9.63e-01	1.99e-06	0.00e+00
 4.25314e+15	3.16e-13	4.02e-09	7.71e-06	1.54e-03	3.81e-02	9.60e-01	1.95e-06	0.00e+00
 4.38859e+15	4.05e-13	5.04e-09	9.34e-06	1.75e-03	4.11e-02	9.57e-01	1.91e-06	0.00e+00
 4.51695e+15	5.08e-13	6.18e-09	1.11e-05	1.97e-03	4.40e-02	9.54e-01	1.88e-06	0.00e+00
 4.65747e+15	6.51e-13	7.72e-09	1.34e-05	2.24e-03	4.73e-02	9.50e-01	1.86e-06	0.00e+00
 4.81561e+15	8.50e-13	9.82e-09	1.65e-05	2.57e-03	5.12e-02	9.46e-01	1.84e-06	0.00e+00
 4.96587e+15	1.09e-12	1.22e-08	1.99e-05	2.91e-03	5.51e-02	9.42e-01	1.82e-06	0.00e+00
 5.13040e+15	1.42e-12	1.55e-08	2.44e-05	3.33e-03	5.95e-02	9.37e-01	1.81e-06	0.00e+00
 5.31288e+15	1.88e-12	2.00e-08	3.03e-05	3.85e-03	6.45e-02	9.32e-01	1.81e-06	0.00e+00
 5.48373e+15	2.42e-12	2.51e-08	3.68e-05	4.38e-03	6.95e-02	9.26e-01	1.80e-06	0.00e+00
 5.62571e+15	2.97e-12	3.03e-08	4.30e-05	4.87e-03	7.37e-02	9.21e-01	1.79e-06	0.00e+00
 5.74379e+15	3.54e-12	3.53e-08	4.90e-05	5.30e-03	7.73e-02	9.17e-01	1.80e-06	0.00e+00
 5.87598e+15	4.30e-12	4.19e-08	5.65e-05	5.83e-03	8.15e-02	9.13e-01	1.80e-06	0.00e+00
 6.04782e+15	5.51e-12	5.22e-08	6.78e-05	6.57e-03	8.71e-02	9.06e-01	1.79e-06	0.00e+00
 6.22644e+15	7.02e-12	6.47e-08	8.13e-05	7.41e-03	9.31e-02	8.99e-01	1.80e-06	0.00e+00
 6.37488e+15	8.56e-12	7.71e-08	9.40e-05	8.15e-03	9.81e-02	8.94e-01	1.80e-06	0.00e+00
 6.52884e+15	1.05e-11	9.25e-08	1.09e-04	9.00e-03	1.04e-01	8.87e-01	1.80e-06	0.00e+00
 6.72899e+15	1.37e-11	1.17e-07	1.33e-04	1.02e-02	1.11e-01	8.79e-01	1.81e-06	0.00e+00
 6.93511e+15	1.77e-11	1.46e-07	1.60e-04	1.16e-02	1.19e-01	8.70e-01	1.82e-06	0.00e+00
 7.10474e+15	2.17e-11	1.75e-07	1.86e-04	1.27e-02	1.25e-01	8.62e-01	1.82e-06	0.00e+00
 7.28098e+15	2.71e-11	2.12e-07	2.17e-04	1.41e-02	1.32e-01	8.54e-01	1.83e-06	0.00e+00
 7.51009e+15	3.56e-11	2.69e-07	2.65e-04	1.60e-02	1.41e-01	8.42e-01	1.82e-06	0.00e+00
 7.74728e+15	4.65e-11	3.40e-07	3.21e-04	1.82e-02	1.51e-01	8.31e-01	1.82e-06	0.00e+00
 7.94609e+15	5.80e-11	4.12e-07	3.77e-04	2.02e-02	1.59e-01	8.20e-01	1.83e-06	0.00e+00
 8.15568e+15	7.34e-11	5.06e-07	4.45e-04	2.25e-02	1.68e-01	8.09e-01	1.84e-06	0.00e+00
 8.42815e+15	9.88e-11	6.54e-07	5.49e-04	2.57e-02	1.80e-01	7.94e-01	1.82e-06	0.00e+00
 8.70510e+15	1.30e-10	8.34e-07	6.72e-04	2.93e-02	1.92e-01	7.78e-01	1.81e-06	0.00e+00
 8.93367e+15	1.64e-10	1.02e-06	7.91e-04	3.25e-02	2.02e-01	7.64e-01	1.83e-06	0.00e+00
 9.17657e+15	2.10e-10	1.26e-06	9.41e-04	3.63e-02	2.14e-01	7.49e-01	1.82e-06	0.00e+00
 9.49235e+15	2.86e-10	1.64e-06	1.17e-03	4.17e-02	2.28e-01	7.29e-01	1.79e-06	0.00e+00
 9.77488e+15	3.65e-10	2.03e-06	1.40e-03	4.67e-02	2.40e-01	7.11e-01	1.78e-06	0.00e+00
 9.96334e+15	4.30e-10	2.35e-06	1.58e-03	5.04e-02	2.49e-01	6.99e-01	1.77e-06	0.00e+00
 1.01575e+16	5.16e-10	2.74e-06	1.79e-03	5.46e-02	2.58e-01	6.86e-01	1.77e-06	0.00e+00
 1.04099e+16	6.50e-10	3.34e-06	2.10e-03	6.03e-02	2.70e-01	6.68e-01	1.75e-06	0.00e+00
 1.06698e+16	8.05e-10	4.03e-06	2.45e-03	6.64e-02	2.81e-01	6.50e-01	1.72e-06	0.00e+00
 1.09025e+16	9.78e-10	4.77e-06	2.81e-03	7.24e-02	2.92e-01	6.33e-01	1.70e-06	0.00e+00
 1.11678e+16	1.23e-09	5.79e-06	3.29e-03	7.97e-02	3.03e-01	6.14e-01	1.66e-06	0.00e+00
 1.14474e+16	1.53e-09	7.02e-06	3.86e-03	8.78e-02	3.15e-01	5.93e-01	1.63e-06	0.00e+00
 1.17029e+16	1.87e-09	8.33e-06	4.45e-03	9.57e-02	3.26e-01	5.74e-01	1.60e-06	0.00e+00
 1.19924e+16	2.38e-09	1.02e-05	5.25e-03	1.06e-01	3.38e-01	5.51e-01	1.57e-06	0.00e+00
 1.22955e+16	2.97e-09	1.24e-05	6.15e-03	1.16e-01	3.49e-01	5.29e-01	1.52e-06	0.00e+00
 1.25654e+16	3.64e-09	1.47e-05	7.10e-03	1.26e-01	3.59e-01	5.08e-01	1.48e-06	0.00e+00
 1.28652e+16	4.61e-09	1.80e-05	8.34e-03	1.39e-01	3.69e-01	4.84e-01	1.44e-06	0.00e+00
 1.31887e+16	5.85e-09	2.21e-05	9.86e-03	1.52e-01	3.80e-01	4.58e-01	1.40e-06	0.00e+00
 1.34744e+16	7.17e-09	2.63e-05	1.14e-02	1.65e-01	3.87e-01	4.36e-01	1.36e-06	0.00e+00
 1.37370e+16	8.68e-09	3.10e-05	1.30e-02	1.78e-01	3.94e-01	4.15e-01	1.32e-06	0.00e+00
 1.40382e+16	1.09e-08	3.74e-05	1.51e-02	1.93e-01	4.01e-01	3.91e-01	1.26e-06	0.00e+00
 1.43658e+16	1.39e-08	4.60e-05	1.79e-02	2.11e-01	4.07e-01	3.64e-01	1.21e-06	0.00e+00
 1.46580e+16	1.70e-08	5.47e-05	2.06e-02	2.27e-01	4.11e-01	3.42e-01	1.17e-06	0.00e+00
 1.49099e+16	2.04e-08	6.37e-05	2.33e-02	2.42e-01	4.13e-01	3.22e-01	1.13e-06	0.00e+00
 1.51794e+16	2.50e-08	7.53e-05	2.66e-02	2.58e-01	4.14e-01	3.01e-01	1.08e-06	0.00e+00
 1.54705e+16	3.12e-08	9.07e-05	3.08e-02	2.77e-01	4.14e-01	2.78e-01	1.04e-06	0.00e+00
 1.57230e+16	3.74e-08	1.06e-04	3.48e-02	2.93e-01	4.12e-01	2.60e-01	9.96e-07	0.00e+00
 1.59485e+16	4.41e-08	1.21e-04	3.88e-02	3.08e-01	4.10e-01	2.43e-01	0.00e+00	0.00e+00
 1.62056e+16	5.53e-08	1.45e-04	4.45e-02	3.27e-01	4.06e-01	2.23e-01	0.00e+00	0.00e+00
 1.64669e+16	6.64e-08	1.69e-04	5.04e-02	3.45e-01	4.00e-01	2.05e-01	0.00e+00	0.00e+00
 1.66842e+16	7.90e-08	1.95e-04	5.63e-02	3.60e-01	3.94e-01	1.89e-01	0.00e+00	0.00e+00
 1.68852e+16	9.46e-08	2.25e-04	6.26e-02	3.75e-01	3.87e-01	1.74e-01	0.00e+00	0.00e+00
 1.70845e+16	1.11e-07	2.56e-04	6.92e-02	3.90e-01	3.80e-01	1.61e-01	0.00e+00	0.00e+00
 1.73132e+16	1.31e-07	2.95e-04	7.78e-02	4.07e-01	3.69e-01	1.46e-01	0.00e+00	0.00e+00
 1.75558e+16	1.61e-07	3.48e-04	8.82e-02	4.24e-01	3.57e-01	1.30e-01	0.00e+00	0.00e+00
 1.77580e+16	2.01e-07	4.14e-04	9.89e-02	4.39e-01	3.45e-01	1.17e-01	0.00e+00	0.00e+00
 1.79215e+16	2.36e-07	4.69e-04	1.08e-01	4.51e-01	3.34e-01	1.07e-01	0.00e+00	0.00e+00
 1.80929e+16	2.71e-07	5.26e-04	1.18e-01	4.63e-01	3.22e-01	9.64e-02	0.00e+00	0.00e+00
 1.83159e+16	3.34e-07	6.22e-04	1.34e-01	4.78e-01	3.04e-01	8.37e-02	0.00e+00	0.00e+00
 1.85328e+16	4.16e-07	7.38e-04	1.51e-01	4.91e-01	2.86e-01	7.19e-02	0.00e+00	0.00e+00
 1.86874e+16	5.19e-07	8.71e-04	1.66e-01	4.99e-01	2.71e-01	6.29e-02	0.00e+00	0.00e+00
 1.88006e+16	5.92e-07	9.64e-04	1.77e-01	5.05e-01	2.60e-01	5.71e-02	0.00e+00	0.00e+00
 1.89144e+16	6.58e-07	1.05e-03	1.89e-01	5.10e-01	2.48e-01	5.17e-02	0.00e+00	0.00e+00
 1.90622e+16	7.74e-07	1.19e-03	2.05e-01	5.16e-01	2.32e-01	4.49e-02	0.00e+00	0.00e+00
 1.92203e+16	9.32e-07	1.37e-03	2.25e-01	5.21e-01	2.15e-01	3.81e-02	0.00e+00	0.00e+00
 1.93528e+16	1.11e-06	1.57e-03	2.43e-01	5.23e-01	1.99e-01	3.26e-02	0.00e+00	0.00e+00
 1.94601e+16	1.34e-06	1.80e-03	2.60e-01	5.24e-01	1.86e-01	2.80e-02	0.00e+00	0.00e+00
 1.95380e+16	1.49e-06	1.95e-03	2.72e-01	5.24e-01	1.76e-01	2.52e-02	0.00e+00	0.00e+00
 1.96035e+16	1.61e-06	2.06e-03	2.83e-01	5.24e-01	1.69e-01	2.31e-02	0.00e+00	0.00e+00
 1.96887e+16	1.80e-06	2.24e-03	2.96e-01	5.23e-01	1.58e-01	2.03e-02	0.00e+00	0.00e+00
 1.97798e+16	2.12e-06	2.53e-03	3.14e-01	5.20e-01	1.46e-01	1.74e-02	0.00e+00	0.00e+00
 1.98503e+16	2.39e-06	2.75e-03	3.27e-01	5.17e-01	1.37e-01	1.53e-02	0.00e+00	0.00e+00
 1.99021e+16	2.56e-06	2.90e-03	3.36e-01	5.16e-01	1.31e-01	1.40e-02	0.00e+00	0.00e+00
 1.99579e+16	2.73e-06	3.05e-03	3.46e-01	5.13e-01	1.24e-01	1.27e-02	0.00e+00	0.00e+00
 2.00305e+16	3.19e-06	3.41e-03	3.63e-01	5.08e-01	1.15e-01	1.08e-02	0.00e+00	0.00e+00
 2.00996e+16	3.53e-06	3.67e-03	3.76e-01	5.04e-01	1.07e-01	9.43e-03	0.00e+00	0.00e+00
 2.01547e+16	3.76e-06	3.85e-03	3.86e-01	5.01e-01	1.01e-01	8.46e-03	0.00e+00	0.00e+00
 2.02169e+16	4.33e-06	4.25e-03	4.01e-01	4.95e-01	9.27e-02	7.20e-03	0.00e+00	0.00e+00
 2.02793e+16	4.65e-06	4.48e-03	4.13e-01	4.90e-01	8.63e-02	6.32e-03	0.00e+00	0.00e+00
 2.03417e+16	5.17e-06	4.84e-03	4.26e-01	4.84e-01	7.93e-02	5.39e-03	0.00e+00	0.00e+00
 2.04102e+16	5.83e-06	5.27e-03	4.41e-01	4.77e-01	7.21e-02	4.50e-03	0.00e+00	0.00e+00
 2.04719e+16	6.54e-06	5.73e-03	4.55e-01	4.70e-01	6.58e-02	3.79e-03	0.00e+00	0.00e+00
 2.05268e+16	7.43e-06	6.26e-03	4.69e-01	4.62e-01	6.01e-02	3.18e-03	0.00e+00	0.00e+00
 2.05770e+16	8.00e-06	6.61e-03	4.79e-01	4.56e-01	5.57e-02	2.76e-03	0.00e+00	0.00e+00
 2.06318e+16	9.14e-06	7.25e-03	4.93e-01	4.47e-01	5.03e-02	2.28e-03	0.00e+00	0.00e+00
 2.06909e+16	9.94e-06	7.70e-03	5.05e-01	4.40e-01	4.58e-02	1.92e-03	0.00e+00	0.00e+00
 2.07556e+16	1.15e-05	8.56e-03	5.21e-01	4.29e-01	4.03e-02	1.51e-03	0.00e+00	0.00e+00
 2.08223e+16	1.32e-05	9.39e-03	5.36e-01	4.18e-01	3.56e-02	1.20e-03	0.00e+00	0.00e+00
 2.08810e+16	1.48e-05	1.02e-02	5.49e-01	4.08e-01	3.17e-02	9.65e-04	0.00e+00	0.00e+00
 2.09467e+16	1.70e-05	1.12e-02	5.64e-01	3.96e-01	2.76e-02	7.47e-04	0.00e+00	0.00e+00
 2.10196e+16	1.97e-05	1.24e-02	5.80e-01	3.84e-01	2.37e-02	5.62e-04	0.00e+00	0.00e+00
 2.10771e+16	2.20e-05	1.34e-02	5.91e-01	3.74e-01	2.11e-02	4.52e-04	0.00e+00	0.00e+00
 2.11172e+16	2.39e-05	1.42e-02	5.99e-01	3.67e-01	1.93e-02	3.84e-04	0.00e+00	0.00e+00
 2.11595e+16	2.61e-05	1.51e-02	6.08e-01	3.59e-01	1.75e-02	3.21e-04	0.00e+00	0.00e+00
 2.12145e+16	2.93e-05	1.64e-02	6.20e-01	3.48e-01	1.54e-02	2.53e-04	0.00e+00	0.00e+00
 2.12725e+16	3.29e-05	1.78e-02	6.31e-01	3.38e-01	1.35e-02	1.98e-04	0.00e+00	0.00e+00
 2.13235e+16	3.66e-05	1.92e-02	6.41e-01	3.28e-01	1.20e-02	1.59e-04	0.00e+00	0.00e+00
 2.13789e+16	4.11e-05	2.07e-02	6.51e-01	3.18e-01	1.05e-02	1.25e-04	0.00e+00	0.00e+00
 2.14402e+16	4.67e-05	2.27e-02	6.62e-01	3.06e-01	9.06e-03	9.50e-05	0.00e+00	0.00e+00
 2.14964e+16	5.26e-05	2.46e-02	6.72e-01	2.95e-01	7.91e-03	7.41e-05	0.00e+00	0.00e+00
 2.15475e+16	5.86e-05	2.65e-02	6.81e-01	2.86e-01	6.98e-03	5.89e-05	0.00e+00	0.00e+00
 2.16050e+16	6.60e-05	2.87e-02	6.90e-01	2.75e-01	6.04e-03	4.52e-05	0.00e+00	0.00e+00
 2.16690e+16	7.57e-05	3.15e-02	7.00e-01	2.63e-01	5.15e-03	3.38e-05	0.00e+00	0.00e+00
 2.17270e+16	8.58e-05	3.43e-02	7.09e-01	2.52e-01	4.45e-03	2.60e-05	0.00e+00	0.00e+00
 2.17786e+16	9.60e-05	3.71e-02	7.16e-01	2.43e-01	3.90e-03	2.05e-05	0.00e+00	0.00e+00
 2.18360e+16	1.09e-04	4.03e-02	7.24e-01	2.32e-01	3.36e-03	1.56e-05	0.00e+00	0.00e+00
 2.19000e+16	1.24e-04	4.42e-02	7.32e-01	2.21e-01	2.85e-03	1.17e-05	0.00e+00	0.00e+00
 2.19598e+16	1.43e-04	4.86e-02	7.39e-01	2.09e-01	2.43e-03	8.77e-06	0.00e+00	0.00e+00
 2.20121e+16	1.60e-04	5.25e-02	7.45e-01	2.00e-01	2.12e-03	6.88e-06	0.00e+00	0.00e+00
 2.20674e+16	1.83e-04	5.73e-02	7.51e-01	1.90e-01	1.82e-03	5.24e-06	0.00e+00	0.00e+00
 2.21282e+16	2.10e-04	6.30e-02	7.56e-01	1.79e-01	1.54e-03	3.91e-06	0.00e+00	0.00e+00
 2.21834e+16	2.40e-04	6.88e-02	7.60e-01	1.69e-01	1.32e-03	2.99e-06	0.00e+00	0.00e+00
 2.22332e+16	2.71e-04	7.46e-02	7.63e-01	1.61e-01	1.14e-03	2.34e-06	0.00e+00	0.00e+00
 2.22886e+16	3.09e-04	8.14e-02	7.66e-01	1.51e-01	9.71e-04	1.78e-06	0.00e+00	0.00e+00
 2.23505e+16	3.61e-04	9.03e-02	7.68e-01	1.41e-01	8.07e-04	1.30e-06	0.00e+00	0.00e+00
 2.24056e+16	4.17e-04	9.95e-02	7.69e-01	1.31e-01	6.80e-04	9.76e-07	0.00e+00	0.00e+00
 2.24513e+16	4.71e-04	1.08e-01	7.68e-01	1.23e-01	5.90e-04	0.00e+00	0.00e+00	0.00e+00
 2.24997e+16	5.35e-04	1.17e-01	7.67e-01	1.15e-01	5.02e-04	0.00e+00	0.00e+00	0.00e+00
 2.25626e+16	6.33e-04	1.31e-01	7.63e-01	1.05e-01	4.07e-04	0.00e+00	0.00e+00	0.00e+00
 2.26253e+16	7.59e-04	1.47e-01	7.57e-01	9.46e-02	3.27e-04	0.00e+00	0.00e+00	0.00e+00
 2.26719e+16	8.73e-04	1.61e-01	7.50e-01	8.71e-02	2.75e-04	0.00e+00	0.00e+00	0.00e+00
 2.27100e+16	9.78e-04	1.74e-01	7.44e-01	8.11e-02	2.38e-04	0.00e+00	0.00e+00	0.00e+00
 2.27530e+16	1.11e-03	1.89e-01	7.35e-01	7.46e-02	2.01e-04	0.00e+00	0.00e+00	0.00e+00
 2.28090e+16	1.32e-03	2.10e-01	7.22e-01	6.65e-02	1.60e-04	0.00e+00	0.00e+00	0.00e+00
 2.28667e+16	1.59e-03	2.36e-01	7.04e-01	5.82e-02	1.25e-04	0.00e+00	0.00e+00	0.00e+00
 2.29129e+16	1.86e-03	2.61e-01	6.86e-01	5.16e-02	1.01e-04	0.00e+00	0.00e+00	0.00e+00
 2.29519e+16	2.13e-03	2.83e-01	6.68e-01	4.64e-02	8.33e-05	0.00e+00	0.00e+00	0.00e+00
 2.29953e+16	2.46e-03	3.09e-01	6.47e-01	4.09e-02	6.66e-05	0.00e+00	0.00e+00	0.00e+00
 2.30518e+16	2.98e-03	3.47e-01	6.16e-01	3.41e-02	4.90e-05	0.00e+00	0.00e+00	0.00e+00
 2.31109e+16	3.71e-03	3.94e-01	5.74e-01	2.74e-02	3.43e-05	0.00e+00	0.00e+00	0.00e+00
 2.31578e+16	4.47e-03	4.38e-01	5.35e-01	2.24e-02	2.49e-05	0.00e+00	0.00e+00	0.00e+00
 2.31946e+16	5.16e-03	4.74e-01	5.02e-01	1.88e-02	1.91e-05	0.00e+00	0.00e+00	0.00e+00
 2.32337e+16	6.01e-03	5.13e-01	4.65e-01	1.54e-02	1.41e-05	0.00e+00	0.00e+00	0.00e+00
 2.32774e+16	7.18e-03	5.61e-01	4.20e-01	1.20e-02	9.71e-06	0.00e+00	0.00e+00	0.00e+00
 2.33163e+16	8.43e-03	6.07e-01	3.76e-01	9.30e-03	6.68e-06	0.00e+00	0.00e+00	0.00e+00
 2.33476e+16	9.64e-03	6.45e-01	3.38e-01	7.38e-03	4.80e-06	0.00e+00	0.00e+00	0.00e+00
 2.33757e+16	1.08e-02	6.78e-01	3.05e-01	5.90e-03	3.50e-06	0.00e+00	0.00e+00	0.00e+00
 2.34076e+16	1.24e-02	7.15e-01	2.68e-01	4.49e-03	2.39e-06	0.00e+00	0.00e+00	0.00e+00
 2.34423e+16	1.44e-02	7.55e-01	2.27e-01	3.21e-03	1.52e-06	0.00e+00	0.00e+00	0.00e+00
 2.34721e+16	1.65e-02	7.89e-01	1.92e-01	2.31e-03	9.73e-07	0.00e+00	0.00e+00	0.00e+00
 2.34959e+16	1.85e-02	8.14e-01	1.66e-01	1.74e-03	0.00e+00	0.00e+00	0.00e+00	0.00e+00
 2.35206e+16	2.06e-02	8.37e-01	1.41e-01	1.27e-03	0.00e+00	0.00e+00	0.00e+00	0.00e+00
 2.35485e+16	2.35e-02	8.61e-01	1.15e-01	8.66e-04	0.00e+00	0.00e+00	0.00e+00	0.00e+00
 2.35738e+16	2.66e-02	8.80e-01	9.32e-02	5.86e-04	0.00e+00	0.00e+00	0.00e+00	0.00e+00
 2.35946e+16	2.95e-02	8.93e-01	7.71e-02	4.14e-04	0.00e+00	0.00e+00	0.00e+00	0.00e+00
 2.36134e+16	3.24e-02	9.03e-01	6.42e-02	2.96e-04	0.00e+00	0.00e+00	0.00e+00	0.00e+00
 2.36351e+16	3.62e-02	9.12e-01	5.17e-02	1.99e-04	0.00e+00	0.00e+00	0.00e+00	0.00e+00
 2.36585e+16	4.09e-02	9.19e-01	3.98e-02	1.25e-04	0.00e+00	0.00e+00	0.00e+00	0.00e+00
 2.36780e+16	4.54e-02	9.23e-01	3.12e-02	8.09e-05	0.00e+00	0.00e+00	0.00e+00	0.00e+00
 2.36932e+16	4.96e-02	9.25e-01	2.57e-02	5.70e-05	0.00e+00	0.00e+00	0.00e+00	0.00e+00
 2.37089e+16	5.40e-02	9.25e-01	2.09e-02	3.94e-05	0.00e+00	0.00e+00	0.00e+00	0.00e+00
 2.37267e+16	5.95e-02	9.24e-01	1.63e-02	2.53e-05	0.00e+00	0.00e+00	0.00e+00	0.00e+00
 2.37429e+16	6.53e-02	9.22e-01	1.28e-02	1.65e-05	0.00e+00	0.00e+00	0.00e+00	0.00e+00
 2.37567e+16	7.09e-02	9.19e-01	1.03e-02	1.13e-05	0.00e+00	0.00e+00	0.00e+00	0.00e+00
 2.37694e+16	7.63e-02	9.15e-01	8.39e-03	7.89e-06	0.00e+00	0.00e+00	0.00e+00	0.00e+00
 2.37821e+16	8.20e-02	9.11e-01	6.81e-03	5.47e-06	0.00e+00	0.00e+00	0.00e+00	0.00e+00
 2.37941e+16	8.79e-02	9.07e-01	5.55e-03	3.82e-06	0.00e+00	0.00e+00	0.00e+00	0.00e+00
 2.38049e+16	9.32e-02	9.02e-01	4.60e-03	2.76e-06	0.00e+00	0.00e+00	0.00e+00	0.00e+00
 2.38143e+16	9.82e-02	8.98e-01	3.89e-03	2.07e-06	0.00e+00	0.00e+00	0.00e+00	0.00e+00
 2.38231e+16	1.03e-01	8.93e-01	3.32e-03	1.57e-06	0.00e+00	0.00e+00	0.00e+00	0.00e+00
 2.38302e+16	1.07e-01	8.90e-01	2.92e-03	1.26e-06	0.00e+00	0.00e+00	0.00e+00	0.00e+00
 2.38351e+16	1.10e-01	8.87e-01	2.67e-03	1.08e-06	0.00e+00	0.00e+00	0.00e+00	0.00e+00
 2.38396e+16	1.13e-01	8.85e-01	2.45e-03	9.40e-07	0.00e+00	0.00e+00	0.00e+00	0.00e+00
 2.38449e+16	1.16e-01	8.82e-01	2.23e-03	0.00e+00	0.00e+00	0.00e+00	0.00e+00	0.00e+00
 2.38508e+16	1.19e-01	8.79e-01	1.99e-03	0.00e+00	0.00e+00	0.00e+00	0.00e+00	0.00e+00
 2.38565e+16	1.23e-01	8.75e-01	1.79e-03	0.00e+00	0.00e+00	0.00e+00	0.00e+00	0.00e+00
 2.38618e+16	1.26e-01	8.72e-01	1.62e-03	0.00e+00	0.00e+00	0.00e+00	0.00e+00	0.00e+00
 2.38670e+16	1.29e-01	8.69e-01	1.47e-03	0.00e+00	0.00e+00	0.00e+00	0.00e+00	0.00e+00
 2.38723e+16	1.33e-01	8.66e-01	1.33e-03	0.00e+00	0.00e+00	0.00e+00	0.00e+00	0.00e+00
 2.38778e+16	1.36e-01	8.62e-01	1.20e-03	0.00e+00	0.00e+00	0.00e+00	0.00e+00	0.00e+00
 2.38832e+16	1.40e-01	8.59e-01	1.08e-03	0.00e+00	0.00e+00	0.00e+00	0.00e+00	0.00e+00
 2.38886e+16	1.44e-01	8.55e-01	9.78e-04	0.00e+00	0.00e+00	0.00e+00	0.00e+00	0.00e+00
 2.38940e+16	1.47e-01	8.52e-01	8.83e-04	0.00e+00	0.00e+00	0.00e+00	0.00e+00	0.00e+00
 2.38996e+16	1.51e-01	8.48e-01	7.95e-04	0.00e+00	0.00e+00	0.00e+00	0.00e+00	0.00e+00
 2.39051e+16	1.55e-01	8.45e-01	7.18e-04	0.00e+00	0.00e+00	0.00e+00	0.00e+00	0.00e+00
 2.39108e+16	1.59e-01	8.40e-01	6.46e-04	0.00e+00	0.00e+00	0.00e+00	0.00e+00	0.00e+00
 2.39165e+16	1.63e-01	8.37e-01	5.82e-04	0.00e+00	0.00e+00	0.00e+00	0.00e+00	0.00e+00
 2.39223e+16	1.67e-01	8.33e-01	5.24e-04	0.00e+00	0.00e+00	0.00e+00	0.00e+00	0.00e+00
 2.39281e+16	1.71e-01	8.29e-01	4.73e-04	0.00e+00	0.00e+00	0.00e+00	0.00e+00	0.00e+00
 2.39342e+16	1.75e-01	8.25e-01	4.25e-04	0.00e+00	0.00e+00	0.00e+00	0.00e+00	0.00e+00
 2.39404e+16	1.79e-01	8.20e-01	3.82e-04	0.00e+00	0.00e+00	0.00e+00	0.00e+00	0.00e+00
 2.39468e+16	1.83e-01	8.16e-01	3.44e-04	0.00e+00	0.00e+00	0.00e+00	0.00e+00	0.00e+00
 2.39534e+16	1.88e-01	8.11e-01	3.09e-04	0.00e+00	0.00e+00	0.00e+00	0.00e+00	0.00e+00
 2.39601e+16	1.93e-01	8.07e-01	2.78e-04	0.00e+00	0.00e+00	0.00e+00	0.00e+00	0.00e+00
 2.39671e+16	1.98e-01	8.02e-01	2.51e-04	0.00e+00	0.00e+00	0.00e+00	0.00e+00	0.00e+00
 2.39743e+16	2.02e-01	7.98e-01	2.27e-04	0.00e+00	0.00e+00	0.00e+00	0.00e+00	0.00e+00
 2.39818e+16	2.07e-01	7.93e-01	2.06e-04	0.00e+00	0.00e+00	0.00e+00	0.00e+00	0.00e+00
 2.39897e+16	2.12e-01	7.88e-01	1.87e-04	0.00e+00	0.00e+00	0.00e+00	0.00e+00	0.00e+00
 2.39981e+16	2.17e-01	7.83e-01	1.70e-04	0.00e+00	0.00e+00	0.00e+00	0.00e+00	0.00e+00
 2.40072e+16	2.23e-01	7.77e-01	1.55e-04	0.00e+00	0.00e+00	0.00e+00	0.00e+00	0.00e+00
 2.40171e+16	2.28e-01	7.72e-01	1.42e-04	0.00e+00	0.00e+00	0.00e+00	0.00e+00	0.00e+00
 2.40283e+16	2.33e-01	7.67e-01	1.30e-04	0.00e+00	0.00e+00	0.00e+00	0.00e+00	0.00e+00
 2.40409e+16	2.39e-01	7.61e-01	1.20e-04	0.00e+00	0.00e+00	0.00e+00	0.00e+00	0.00e+00
 2.40540e+16	2.44e-01	7.56e-01	1.12e-04	0.00e+00	0.00e+00	0.00e+00	0.00e+00	0.00e+00
 2.40670e+16	2.48e-01	7.51e-01	1.06e-04	0.00e+00	0.00e+00	0.00e+00	0.00e+00	0.00e+00
 2.40798e+16	2.52e-01	7.48e-01	1.01e-04	0.00e+00	0.00e+00	0.00e+00	0.00e+00	0.00e+00
