#depth	N	N+	N+2	N+3	N+4	N+5	N+6	N+7
 1.49634e+10	0.00e+00	0.00e+00	1.91e-31	5.80e-21	3.20e-11	5.57e-01	4.43e-01	1.30e-04
 4.54887e+10	0.00e+00	1.61e-42	2.50e-31	7.02e-21	3.58e-11	5.76e-01	4.24e-01	1.15e-04
 7.72350e+10	0.00e+00	0.00e+00	3.27e-31	8.49e-21	4.00e-11	5.96e-01	4.04e-01	1.02e-04
 1.10251e+11	0.00e+00	3.21e-42	4.27e-31	1.03e-20	4.47e-11	6.15e-01	3.85e-01	8.95e-05
 1.44588e+11	0.00e+00	0.00e+00	5.57e-31	1.24e-20	4.98e-11	6.33e-01	3.67e-01	7.87e-05
 1.80298e+11	0.00e+00	6.38e-42	7.26e-31	1.49e-20	5.54e-11	6.52e-01	3.48e-01	6.91e-05
 2.17437e+11	0.00e+00	0.00e+00	9.44e-31	1.79e-20	6.16e-11	6.69e-01	3.31e-01	6.06e-05
 2.56061e+11	0.00e+00	1.26e-41	1.23e-30	2.15e-20	6.83e-11	6.87e-01	3.13e-01	5.31e-05
 2.95330e+11	0.00e+00	0.00e+00	1.58e-30	2.57e-20	7.56e-11	7.03e-01	2.97e-01	4.66e-05
 3.36170e+11	0.00e+00	2.44e-41	2.04e-30	3.06e-20	8.35e-11	7.19e-01	2.81e-01	4.08e-05
 3.79544e+11	0.00e+00	0.00e+00	2.64e-30	3.66e-20	9.23e-11	7.35e-01	2.65e-01	3.55e-05
 4.24652e+11	0.00e+00	4.78e-41	3.41e-30	4.37e-20	1.02e-10	7.51e-01	2.49e-01	3.10e-05
 4.71565e+11	0.00e+00	0.00e+00	4.40e-30	5.22e-20	1.12e-10	7.65e-01	2.35e-01	2.69e-05
 5.20354e+11	0.00e+00	9.32e-41	5.67e-30	6.22e-20	1.24e-10	7.79e-01	2.21e-01	2.34e-05
 5.65847e+11	0.00e+00	0.00e+00	7.12e-30	7.28e-20	1.35e-10	7.92e-01	2.08e-01	2.06e-05
 6.05877e+11	0.00e+00	1.62e-40	8.64e-30	8.31e-20	1.45e-10	8.02e-01	1.98e-01	1.85e-05
 6.50519e+11	0.00e+00	0.00e+00	1.06e-29	9.59e-20	1.57e-10	8.12e-01	1.88e-01	1.64e-05
 7.04231e+11	0.00e+00	2.92e-40	1.35e-29	1.13e-19	1.72e-10	8.24e-01	1.76e-01	1.43e-05
 7.58265e+11	0.00e+00	0.00e+00	1.71e-29	1.33e-19	1.87e-10	8.34e-01	1.66e-01	1.24e-05
 8.07835e+11	0.00e+00	5.19e-40	2.10e-29	1.53e-19	2.02e-10	8.43e-01	1.57e-01	1.10e-05
 8.63066e+11	0.00e+00	0.00e+00	2.62e-29	1.78e-19	2.19e-10	8.53e-01	1.47e-01	9.67e-06
 9.27132e+11	0.00e+00	9.61e-40	3.35e-29	2.10e-19	2.40e-10	8.62e-01	1.38e-01	8.34e-06
 9.89824e+11	0.00e+00	0.00e+00	4.22e-29	2.46e-19	2.61e-10	8.71e-01	1.29e-01	7.25e-06
 1.04909e+12	0.00e+00	1.72e-39	5.21e-29	2.84e-19	2.81e-10	8.79e-01	1.21e-01	6.38e-06
 1.11504e+12	0.00e+00	0.00e+00	6.54e-29	3.32e-19	3.05e-10	8.87e-01	1.13e-01	5.55e-06
 1.18957e+12	0.00e+00	3.21e-39	8.36e-29	3.92e-19	3.33e-10	8.95e-01	1.05e-01	4.77e-06
 1.26431e+12	0.00e+00	0.00e+00	1.06e-28	4.60e-19	3.63e-10	9.02e-01	9.82e-02	4.12e-06
 1.34204e+12	0.00e+00	6.00e-39	1.34e-28	5.40e-19	3.94e-10	9.09e-01	9.14e-02	3.55e-06
 1.42565e+12	0.00e+00	0.00e+00	1.71e-28	6.37e-19	4.30e-10	9.15e-01	8.48e-02	3.04e-06
 1.51260e+12	0.00e+00	1.15e-38	2.19e-28	7.52e-19	4.68e-10	9.21e-01	7.87e-02	2.61e-06
 1.60303e+12	0.00e+00	0.00e+00	2.79e-28	8.86e-19	5.10e-10	9.27e-01	7.29e-02	2.23e-06
 1.69708e+12	0.00e+00	2.18e-38	3.56e-28	1.04e-18	5.56e-10	9.33e-01	6.75e-02	1.91e-06
 1.79489e+12	0.00e+00	0.00e+00	4.54e-28	1.23e-18	6.05e-10	9.38e-01	6.25e-02	1.63e-06
 1.89661e+12	0.00e+00	4.16e-38	5.78e-28	1.45e-18	6.58e-10	9.42e-01	5.78e-02	1.40e-06
 2.00240e+12	0.00e+00	0.00e+00	7.37e-28	1.71e-18	7.16e-10	9.47e-01	5.34e-02	1.19e-06
 2.11242e+12	0.00e+00	7.91e-38	9.40e-28	2.01e-18	7.79e-10	9.51e-01	4.93e-02	1.02e-06
 2.22685e+12	0.00e+00	0.00e+00	1.20e-27	2.37e-18	8.47e-10	9.54e-01	4.56e-02	8.67e-07
 2.34585e+12	0.00e+00	1.50e-37	1.53e-27	2.79e-18	9.20e-10	9.58e-01	4.21e-02	0.00e+00
 2.46176e+12	0.00e+00	0.00e+00	1.92e-27	3.25e-18	9.95e-10	9.61e-01	3.90e-02	0.00e+00
 2.57168e+12	0.00e+00	2.68e-37	2.36e-27	3.73e-18	1.07e-09	9.64e-01	3.64e-02	0.00e+00
 2.69383e+12	0.00e+00	0.00e+00	2.95e-27	4.34e-18	1.15e-09	9.66e-01	3.38e-02	0.00e+00
 2.82722e+12	0.00e+00	4.93e-37	3.73e-27	5.08e-18	1.25e-09	9.69e-01	3.12e-02	0.00e+00
 2.95534e+12	0.00e+00	0.00e+00	4.64e-27	5.88e-18	1.35e-09	9.71e-01	2.90e-02	0.00e+00
 3.09287e+12	0.00e+00	8.88e-37	5.81e-27	6.85e-18	1.45e-09	9.73e-01	2.69e-02	0.00e+00
 3.24651e+12	0.00e+00	0.00e+00	7.41e-27	8.06e-18	1.58e-09	9.75e-01	2.48e-02	0.00e+00
 3.40101e+12	0.00e+00	1.68e-36	9.37e-27	9.44e-18	1.71e-09	9.77e-01	2.29e-02	0.00e+00
 3.56169e+12	4.64e-47	2.29e-36	1.19e-26	1.11e-17	1.86e-09	9.79e-01	2.11e-02	0.00e+00
 3.73408e+12	0.00e+00	0.00e+00	1.51e-26	1.30e-17	2.02e-09	9.81e-01	1.95e-02	0.00e+00
 3.91337e+12	0.00e+00	4.38e-36	1.93e-26	1.53e-17	2.19e-09	9.82e-01	1.79e-02	0.00e+00
 4.09983e+12	1.56e-46	6.05e-36	2.47e-26	1.81e-17	2.38e-09	9.84e-01	1.65e-02	0.00e+00
 4.29375e+12	0.00e+00	0.00e+00	3.15e-26	2.13e-17	2.59e-09	9.85e-01	1.52e-02	0.00e+00
 4.49543e+12	0.00e+00	1.16e-35	4.02e-26	2.51e-17	2.81e-09	9.86e-01	1.39e-02	0.00e+00
 4.70518e+12	5.28e-46	1.61e-35	5.14e-26	2.96e-17	3.05e-09	9.87e-01	1.28e-02	0.00e+00
 4.92331e+12	0.00e+00	0.00e+00	6.58e-26	3.50e-17	3.32e-09	9.88e-01	1.18e-02	0.00e+00
 5.15017e+12	0.00e+00	3.09e-35	8.42e-26	4.12e-17	3.61e-09	9.89e-01	1.08e-02	0.00e+00
 5.36391e+12	1.73e-45	4.15e-35	1.05e-25	4.79e-17	3.89e-09	9.90e-01	1.00e-02	0.00e+00
 5.55571e+12	0.00e+00	0.00e+00	1.28e-25	5.47e-17	4.16e-09	9.91e-01	9.40e-03	0.00e+00
 5.77124e+12	0.00e+00	7.13e-35	1.58e-25	6.31e-17	4.47e-09	9.91e-01	8.74e-03	0.00e+00
 6.02589e+12	5.07e-45	9.84e-35	2.02e-25	7.43e-17	4.86e-09	9.92e-01	8.04e-03	0.00e+00
 6.28029e+12	0.00e+00	0.00e+00	2.55e-25	8.70e-17	5.26e-09	9.93e-01	7.42e-03	0.00e+00
 6.51999e+12	0.00e+00	1.78e-34	3.15e-25	1.00e-16	5.65e-09	9.93e-01	6.90e-03	0.00e+00
 6.78583e+12	1.55e-44	2.41e-34	3.97e-25	1.17e-16	6.12e-09	9.94e-01	6.38e-03	0.00e+00
 7.08719e+12	0.00e+00	3.36e-34	5.10e-25	1.39e-16	6.66e-09	9.94e-01	5.85e-03	0.00e+00
 7.38847e+12	3.51e-44	4.63e-34	6.50e-25	1.63e-16	7.24e-09	9.95e-01	5.39e-03	0.00e+00
 7.70180e+12	0.00e+00	6.38e-34	8.28e-25	1.93e-16	7.86e-09	9.95e-01	4.96e-03	0.00e+00
 8.03980e+12	7.94e-44	8.92e-34	1.07e-24	2.29e-16	8.57e-09	9.95e-01	4.55e-03	0.00e+00
 8.35674e+12	0.00e+00	1.21e-33	1.34e-24	2.67e-16	9.27e-09	9.96e-01	4.20e-03	0.00e+00
 8.63953e+12	1.60e-43	1.57e-33	1.63e-24	3.05e-16	9.92e-09	9.96e-01	3.93e-03	0.00e+00
 8.95732e+12	0.00e+00	2.09e-33	2.03e-24	3.53e-16	1.07e-08	9.96e-01	3.65e-03	0.00e+00
 9.33464e+12	3.45e-43	2.90e-33	2.60e-24	4.18e-16	1.16e-08	9.97e-01	3.35e-03	0.00e+00
 9.71229e+12	0.00e+00	3.98e-33	3.31e-24	4.93e-16	1.26e-08	9.97e-01	3.08e-03	0.00e+00
 1.00648e+13	7.32e-43	5.30e-33	4.12e-24	5.71e-16	1.36e-08	9.97e-01	2.86e-03	0.00e+00
 1.04570e+13	0.00e+00	7.19e-33	5.20e-24	6.69e-16	1.48e-08	9.97e-01	2.64e-03	0.00e+00
 1.09052e+13	1.64e-42	1.01e-32	6.72e-24	7.97e-16	1.62e-08	9.98e-01	2.41e-03	0.00e+00
 1.13463e+13	0.00e+00	1.39e-32	8.60e-24	9.43e-16	1.76e-08	9.98e-01	2.22e-03	0.00e+00
 1.17714e+13	3.56e-42	1.89e-32	1.08e-23	1.10e-15	1.91e-08	9.98e-01	2.05e-03	0.00e+00
 1.22385e+13	0.00e+00	2.59e-32	1.38e-23	1.30e-15	2.07e-08	9.98e-01	1.88e-03	0.00e+00
 1.27580e+13	8.09e-42	3.66e-32	1.79e-23	1.56e-15	2.28e-08	9.98e-01	1.72e-03	0.00e+00
 1.32809e+13	0.00e+00	5.09e-32	2.31e-23	1.86e-15	2.49e-08	9.98e-01	1.57e-03	0.00e+00
 1.38247e+13	1.84e-41	7.10e-32	2.98e-23	2.21e-15	2.72e-08	9.99e-01	1.44e-03	0.00e+00
 1.43878e+13	0.00e+00	9.89e-32	3.84e-23	2.64e-15	2.98e-08	9.99e-01	1.32e-03	0.00e+00
 1.49416e+13	4.10e-41	1.35e-31	4.89e-23	3.11e-15	3.25e-08	9.99e-01	1.21e-03	0.00e+00
 1.55373e+13	0.00e+00	1.87e-31	6.28e-23	3.70e-15	3.55e-08	9.99e-01	1.11e-03	0.00e+00
 1.61887e+13	9.38e-41	2.64e-31	8.18e-23	4.45e-15	3.90e-08	9.99e-01	1.01e-03	0.00e+00
 1.68662e+13	0.00e+00	3.72e-31	1.06e-22	5.35e-15	4.29e-08	9.99e-01	9.18e-04	0.00e+00
 1.75707e+13	2.18e-40	5.23e-31	1.39e-22	6.43e-15	4.72e-08	9.99e-01	8.35e-04	0.00e+00
 1.83035e+13	0.00e+00	7.35e-31	1.80e-22	7.73e-15	5.20e-08	9.99e-01	7.60e-04	0.00e+00
 1.89665e+13	4.78e-40	9.89e-31	2.27e-22	9.09e-15	5.66e-08	9.99e-01	6.99e-04	0.00e+00
 1.95194e+13	0.00e+00	1.25e-30	2.73e-22	1.03e-14	6.05e-08	9.99e-01	6.55e-04	0.00e+00
 2.01254e+13	8.76e-40	1.62e-30	3.33e-22	1.19e-14	6.51e-08	9.99e-01	6.09e-04	0.00e+00
 2.08922e+13	0.00e+00	2.20e-30	4.24e-22	1.41e-14	7.12e-08	9.99e-01	5.57e-04	0.00e+00
 2.16915e+13	1.87e-39	3.01e-30	5.40e-22	1.68e-14	7.80e-08	9.99e-01	5.10e-04	0.00e+00
 2.24002e+13	0.00e+00	3.91e-30	6.64e-22	1.94e-14	8.42e-08	1.00e+00	4.73e-04	0.00e+00
 2.30634e+13	3.46e-39	4.97e-30	8.01e-22	2.22e-14	9.04e-08	1.00e+00	4.41e-04	0.00e+00
 2.38214e+13	0.00e+00	6.47e-30	9.85e-22	2.57e-14	9.77e-08	1.00e+00	4.08e-04	0.00e+00
 2.47498e+13	6.98e-39	8.82e-30	1.26e-21	3.06e-14	1.07e-07	1.00e+00	3.73e-04	0.00e+00
 2.56732e+13	0.00e+00	1.19e-29	1.59e-21	3.62e-14	1.17e-07	1.00e+00	3.42e-04	0.00e+00
 2.64788e+13	1.35e-38	1.52e-29	1.93e-21	4.16e-14	1.26e-07	1.00e+00	3.18e-04	0.00e+00
 2.73578e+13	0.00e+00	1.97e-29	2.37e-21	4.83e-14	1.37e-07	1.00e+00	2.94e-04	0.00e+00
 2.84266e+13	2.69e-38	2.68e-29	3.02e-21	5.74e-14	1.50e-07	1.00e+00	2.68e-04	0.00e+00
 2.95164e+13	0.00e+00	3.60e-29	3.82e-21	6.80e-14	1.64e-07	1.00e+00	2.45e-04	0.00e+00
 3.05223e+13	5.30e-38	4.69e-29	4.70e-21	7.91e-14	1.78e-07	1.00e+00	2.27e-04	0.00e+00
 3.16451e+13	0.00e+00	6.22e-29	5.88e-21	9.29e-14	1.94e-07	1.00e+00	2.08e-04	0.00e+00
 3.29403e+13	1.09e-37	8.50e-29	7.53e-21	1.11e-13	2.14e-07	1.00e+00	1.90e-04	0.00e+00
 3.42115e+13	0.00e+00	1.14e-28	9.50e-21	1.31e-13	2.34e-07	1.00e+00	1.73e-04	0.00e+00
 3.54322e+13	2.15e-37	1.49e-28	1.18e-20	1.54e-13	2.54e-07	1.00e+00	1.60e-04	0.00e+00
 3.67782e+13	0.00e+00	1.99e-28	1.48e-20	1.81e-13	2.77e-07	1.00e+00	1.47e-04	0.00e+00
 3.82792e+13	4.41e-37	2.70e-28	1.88e-20	2.15e-13	3.05e-07	1.00e+00	1.34e-04	0.00e+00
 3.96462e+13	0.00e+00	3.52e-28	2.32e-20	2.51e-13	3.31e-07	1.00e+00	1.23e-04	0.00e+00
 4.08005e+13	7.93e-37	4.38e-28	2.76e-20	2.85e-13	3.54e-07	1.00e+00	1.15e-04	0.00e+00
 4.20713e+13	0.00e+00	5.53e-28	3.32e-20	3.25e-13	3.80e-07	1.00e+00	1.08e-04	0.00e+00
 4.35063e+13	1.43e-36	7.12e-28	4.06e-20	3.76e-13	4.11e-07	1.00e+00	9.96e-05	0.00e+00
 4.48808e+13	0.00e+00	9.01e-28	4.89e-20	4.29e-13	4.41e-07	1.00e+00	9.28e-05	0.00e+00
 4.63937e+13	2.57e-36	1.16e-27	5.95e-20	4.95e-13	4.76e-07	1.00e+00	8.61e-05	0.00e+00
 4.80749e+13	0.00e+00	1.51e-27	7.35e-20	5.76e-13	5.17e-07	1.00e+00	7.94e-05	0.00e+00
 4.96511e+13	4.77e-36	1.93e-27	8.90e-20	6.62e-13	5.57e-07	1.00e+00	7.38e-05	0.00e+00
 5.13764e+13	0.00e+00	2.49e-27	1.09e-19	7.65e-13	6.02e-07	1.00e+00	6.84e-05	0.00e+00
 5.33175e+13	9.13e-36	3.28e-27	1.36e-19	8.95e-13	6.55e-07	1.00e+00	6.29e-05	0.00e+00
 5.51723e+13	0.00e+00	4.24e-27	1.66e-19	1.03e-12	7.07e-07	1.00e+00	5.83e-05	0.00e+00
 5.68865e+13	1.65e-35	5.33e-27	1.99e-19	1.18e-12	7.58e-07	1.00e+00	5.44e-05	0.00e+00
 5.87843e+13	0.00e+00	6.82e-27	2.41e-19	1.35e-12	8.16e-07	1.00e+00	5.06e-05	0.00e+00
 6.09122e+13	3.07e-35	8.90e-27	2.97e-19	1.57e-12	8.84e-07	1.00e+00	4.68e-05	0.00e+00
 6.29226e+13	0.00e+00	1.13e-26	3.60e-19	1.80e-12	9.50e-07	1.00e+00	4.35e-05	0.00e+00
 6.51194e+13	5.64e-35	1.47e-26	4.40e-19	2.07e-12	1.03e-06	1.00e+00	4.04e-05	0.00e+00
 6.75523e+13	0.00e+00	1.93e-26	5.46e-19	2.42e-12	1.11e-06	1.00e+00	3.72e-05	0.00e+00
 6.98133e+13	1.06e-34	2.47e-26	6.62e-19	2.77e-12	1.20e-06	1.00e+00	3.46e-05	0.00e+00
 7.22734e+13	0.00e+00	3.20e-26	8.11e-19	3.20e-12	1.29e-06	1.00e+00	3.21e-05	0.00e+00
 7.50244e+13	2.05e-34	4.23e-26	1.01e-18	3.73e-12	1.40e-06	1.00e+00	2.96e-05	0.00e+00
 7.76206e+13	2.80e-34	5.46e-26	1.23e-18	4.30e-12	1.51e-06	1.00e+00	2.75e-05	0.00e+00
 8.04484e+13	3.90e-34	7.14e-26	1.52e-18	4.98e-12	1.63e-06	1.00e+00	2.54e-05	0.00e+00
 8.36022e+13	5.54e-34	9.53e-26	1.90e-18	5.84e-12	1.78e-06	1.00e+00	2.34e-05	0.00e+00
 8.65952e+13	7.66e-34	1.24e-25	2.34e-18	6.74e-12	1.92e-06	1.00e+00	2.17e-05	0.00e+00
 8.98019e+13	1.07e-33	1.63e-25	2.89e-18	7.83e-12	2.08e-06	1.00e+00	2.01e-05	0.00e+00
 9.34239e+13	1.54e-33	2.20e-25	3.65e-18	9.21e-12	2.26e-06	1.00e+00	1.84e-05	0.00e+00
 9.70057e+13	2.18e-33	2.92e-25	4.54e-18	1.07e-11	2.45e-06	1.00e+00	1.70e-05	0.00e+00
 1.00731e+14	3.10e-33	3.89e-25	5.67e-18	1.25e-11	2.66e-06	1.00e+00	1.57e-05	0.00e+00
 1.04790e+14	4.47e-33	5.24e-25	7.14e-18	1.47e-11	2.89e-06	1.00e+00	1.44e-05	0.00e+00
 1.09011e+14	6.48e-33	7.08e-25	9.01e-18	1.73e-11	3.15e-06	1.00e+00	1.33e-05	0.00e+00
 1.13402e+14	9.34e-33	9.54e-25	1.14e-17	2.03e-11	3.43e-06	1.00e+00	1.22e-05	0.00e+00
 1.17707e+14	1.32e-32	1.27e-24	1.41e-17	2.36e-11	3.71e-06	1.00e+00	1.13e-05	0.00e+00
 1.21704e+14	1.81e-32	1.63e-24	1.72e-17	2.71e-11	3.98e-06	1.00e+00	1.05e-05	0.00e+00
 1.26123e+14	2.54e-32	2.15e-24	2.12e-17	3.13e-11	4.29e-06	1.00e+00	9.76e-06	0.00e+00
 1.30668e+14	3.54e-32	2.81e-24	2.61e-17	3.61e-11	4.62e-06	1.00e+00	9.06e-06	0.00e+00
 1.34467e+14	4.64e-32	3.51e-24	3.09e-17	4.05e-11	4.91e-06	1.00e+00	8.53e-06	0.00e+00
 1.38474e+14	6.14e-32	4.40e-24	3.68e-17	4.56e-11	5.22e-06	1.00e+00	8.03e-06	0.00e+00
 1.43569e+14	8.65e-32	5.81e-24	4.55e-17	5.28e-11	5.63e-06	1.00e+00	7.45e-06	0.00e+00
 1.48889e+14	1.22e-31	7.68e-24	5.64e-17	6.12e-11	6.08e-06	1.00e+00	6.90e-06	0.00e+00
 1.53601e+14	1.65e-31	9.78e-24	6.79e-17	6.94e-11	6.48e-06	1.00e+00	6.47e-06	0.00e+00
 1.58713e+14	2.26e-31	1.26e-23	8.24e-17	7.91e-11	6.93e-06	1.00e+00	6.05e-06	0.00e+00
 1.64423e+14	3.16e-31	1.66e-23	1.01e-16	9.13e-11	7.46e-06	1.00e+00	5.62e-06	0.00e+00
 1.69771e+14	4.31e-31	2.13e-23	1.23e-16	1.04e-10	7.97e-06	1.00e+00	5.27e-06	0.00e+00
 1.75585e+14	5.97e-31	2.76e-23	1.50e-16	1.19e-10	8.54e-06	1.00e+00	4.92e-06	0.00e+00
 1.82061e+14	8.46e-31	3.66e-23	1.86e-16	1.37e-10	9.20e-06	1.00e+00	4.56e-06	0.00e+00
 1.88114e+14	1.16e-30	4.73e-23	2.25e-16	1.57e-10	9.83e-06	1.00e+00	4.27e-06	0.00e+00
 1.94698e+14	1.63e-30	6.19e-23	2.76e-16	1.80e-10	1.05e-05	1.00e+00	3.98e-06	0.00e+00
 2.02059e+14	2.33e-30	8.27e-23	3.44e-16	2.09e-10	1.14e-05	1.00e+00	3.69e-06	0.00e+00
 2.08981e+14	3.24e-30	1.08e-22	4.21e-16	2.39e-10	1.22e-05	1.00e+00	3.45e-06	0.00e+00
 2.16524e+14	4.59e-30	1.43e-22	5.19e-16	2.75e-10	1.31e-05	1.00e+00	3.21e-06	0.00e+00
 2.24961e+14	6.67e-30	1.92e-22	6.52e-16	3.21e-10	1.41e-05	1.00e+00	2.97e-06	0.00e+00
 2.32939e+14	9.39e-30	2.53e-22	8.02e-16	3.69e-10	1.52e-05	1.00e+00	2.77e-06	0.00e+00
 2.41489e+14	1.34e-29	3.37e-22	9.94e-16	4.26e-10	1.63e-05	1.00e+00	2.57e-06	0.00e+00
 2.51178e+14	1.97e-29	4.59e-22	1.26e-15	4.99e-10	1.77e-05	1.00e+00	2.38e-06	0.00e+00
 2.60694e+14	2.84e-29	6.16e-22	1.57e-15	5.79e-10	1.90e-05	1.00e+00	2.21e-06	0.00e+00
 2.70590e+14	4.10e-29	8.27e-22	1.96e-15	6.72e-10	2.05e-05	1.00e+00	2.05e-06	0.00e+00
 2.81443e+14	6.04e-29	1.13e-21	2.47e-15	7.86e-10	2.22e-05	1.00e+00	1.89e-06	0.00e+00
 2.92445e+14	8.81e-29	1.53e-21	3.11e-15	9.17e-10	2.40e-05	1.00e+00	1.75e-06	0.00e+00
 3.03888e+14	1.29e-28	2.07e-21	3.91e-15	1.07e-09	2.59e-05	1.00e+00	1.62e-06	0.00e+00
 3.15369e+14	1.85e-28	2.77e-21	4.87e-15	1.24e-09	2.80e-05	1.00e+00	1.50e-06	0.00e+00
 3.26218e+14	2.58e-28	3.62e-21	5.96e-15	1.42e-09	2.99e-05	1.00e+00	1.40e-06	0.00e+00
 3.38206e+14	3.68e-28	4.81e-21	7.39e-15	1.64e-09	3.22e-05	1.00e+00	1.30e-06	0.00e+00
 3.50212e+14	5.18e-28	6.33e-21	9.09e-15	1.89e-09	3.46e-05	1.00e+00	1.21e-06	0.00e+00
 3.60132e+14	6.81e-28	7.89e-21	1.07e-14	2.11e-09	3.66e-05	1.00e+00	1.15e-06	0.00e+00
 3.70621e+14	9.02e-28	9.88e-21	1.27e-14	2.37e-09	3.88e-05	1.00e+00	1.08e-06	0.00e+00
 3.84095e+14	1.28e-27	1.31e-20	1.58e-14	2.73e-09	4.17e-05	1.00e+00	1.01e-06	0.00e+00
 3.98264e+14	1.82e-27	1.74e-20	1.95e-14	3.16e-09	4.49e-05	1.00e+00	9.35e-07	0.00e+00
 4.10736e+14	2.46e-27	2.22e-20	2.35e-14	3.58e-09	4.78e-05	1.00e+00	0.00e+00	0.00e+00
 4.24190e+14	3.37e-27	2.85e-20	2.84e-14	4.07e-09	5.11e-05	1.00e+00	0.00e+00	0.00e+00
 4.40446e+14	4.85e-27	3.83e-20	3.56e-14	4.74e-09	5.52e-05	1.00e+00	0.00e+00	0.00e+00
 4.56944e+14	6.94e-27	5.11e-20	4.43e-14	5.49e-09	5.95e-05	1.00e+00	0.00e+00	0.00e+00
 4.72334e+14	9.60e-27	6.63e-20	5.40e-14	6.27e-09	6.36e-05	1.00e+00	0.00e+00	0.00e+00
 4.89489e+14	1.36e-26	8.77e-20	6.67e-14	7.24e-09	6.85e-05	1.00e+00	0.00e+00	0.00e+00
 5.07753e+14	1.94e-26	1.17e-19	8.30e-14	8.39e-09	7.38e-05	1.00e+00	0.00e+00	0.00e+00
 5.23978e+14	2.63e-26	1.50e-19	1.00e-13	9.52e-09	7.87e-05	1.00e+00	0.00e+00	0.00e+00
 5.41396e+14	3.61e-26	1.93e-19	1.22e-13	1.09e-08	8.42e-05	1.00e+00	0.00e+00	0.00e+00
 5.62280e+14	5.21e-26	2.60e-19	1.52e-13	1.26e-08	9.10e-05	1.00e+00	0.00e+00	0.00e+00
 5.82831e+14	7.38e-26	3.44e-19	1.89e-13	1.46e-08	9.80e-05	1.00e+00	0.00e+00	0.00e+00
 6.01103e+14	9.96e-26	4.38e-19	2.27e-13	1.65e-08	1.04e-04	1.00e+00	0.00e+00	0.00e+00
 6.21252e+14	1.37e-25	5.66e-19	2.76e-13	1.89e-08	1.12e-04	1.00e+00	0.00e+00	0.00e+00
 6.45309e+14	1.98e-25	7.62e-19	3.46e-13	2.20e-08	1.21e-04	1.00e+00	0.00e+00	0.00e+00
 6.69172e+14	2.81e-25	1.01e-18	4.29e-13	2.55e-08	1.30e-04	1.00e+00	0.00e+00	0.00e+00
 6.90901e+14	3.82e-25	1.30e-18	5.19e-13	2.90e-08	1.39e-04	1.00e+00	0.00e+00	0.00e+00
 7.15129e+14	5.33e-25	1.70e-18	6.36e-13	3.33e-08	1.49e-04	1.00e+00	0.00e+00	0.00e+00
 7.43414e+14	7.74e-25	2.29e-18	8.01e-13	3.89e-08	1.62e-04	1.00e+00	0.00e+00	0.00e+00
 7.71234e+14	1.10e-24	3.05e-18	9.96e-13	4.51e-08	1.75e-04	1.00e+00	0.00e+00	0.00e+00
 7.97423e+14	1.52e-24	3.96e-18	1.21e-12	5.16e-08	1.87e-04	1.00e+00	0.00e+00	0.00e+00
 8.26607e+14	2.15e-24	5.24e-18	1.50e-12	5.96e-08	2.01e-04	1.00e+00	0.00e+00	0.00e+00
 8.59701e+14	3.14e-24	7.10e-18	1.90e-12	6.98e-08	2.19e-04	1.00e+00	0.00e+00	0.00e+00
 8.92731e+14	4.52e-24	9.54e-18	2.37e-12	8.12e-08	2.36e-04	1.00e+00	0.00e+00	0.00e+00
 9.23607e+14	6.27e-24	1.24e-17	2.90e-12	9.30e-08	2.53e-04	1.00e+00	0.00e+00	0.00e+00
 9.57107e+14	8.85e-24	1.64e-17	3.58e-12	1.07e-07	2.72e-04	1.00e+00	0.00e+00	0.00e+00
 9.94627e+14	1.28e-23	2.21e-17	4.50e-12	1.25e-07	2.95e-04	1.00e+00	0.00e+00	0.00e+00
 1.02957e+15	1.79e-23	2.90e-17	5.52e-12	1.44e-07	3.16e-04	1.00e+00	0.00e+00	0.00e+00
 1.06184e+15	2.41e-23	3.68e-17	6.63e-12	1.63e-07	3.37e-04	1.00e+00	0.00e+00	0.00e+00
 1.09300e+15	3.19e-23	4.61e-17	7.87e-12	1.83e-07	3.58e-04	1.00e+00	0.00e+00	0.00e+00
 1.12773e+15	4.31e-23	5.88e-17	9.47e-12	2.07e-07	3.81e-04	1.00e+00	0.00e+00	0.00e+00
 1.16613e+15	5.97e-23	7.64e-17	1.15e-11	2.37e-07	4.08e-04	1.00e+00	0.00e+00	0.00e+00
 1.20181e+15	7.99e-23	9.66e-17	1.38e-11	2.67e-07	4.34e-04	1.00e+00	0.00e+00	0.00e+00
 1.24074e+15	1.09e-22	1.24e-16	1.67e-11	3.04e-07	4.63e-04	1.00e+00	0.00e+00	0.00e+00
 1.28463e+15	1.52e-22	1.63e-16	2.05e-11	3.49e-07	4.98e-04	1.00e+00	0.00e+00	0.00e+00
 1.32643e+15	2.09e-22	2.09e-16	2.48e-11	3.97e-07	5.31e-04	9.99e-01	0.00e+00	0.00e+00
 1.37227e+15	2.91e-22	2.73e-16	3.03e-11	4.55e-07	5.69e-04	9.99e-01	0.00e+00	0.00e+00
 1.42278e+15	4.13e-22	3.63e-16	3.76e-11	5.25e-07	6.13e-04	9.99e-01	0.00e+00	0.00e+00
 1.46918e+15	5.65e-22	4.67e-16	4.55e-11	5.97e-07	6.54e-04	9.99e-01	0.00e+00	0.00e+00
 1.51929e+15	7.84e-22	6.07e-16	5.55e-11	6.83e-07	7.00e-04	9.99e-01	0.00e+00	0.00e+00
 1.57544e+15	1.11e-21	8.06e-16	6.88e-11	7.90e-07	7.54e-04	9.99e-01	0.00e+00	0.00e+00
 1.62835e+15	1.54e-21	1.05e-15	8.38e-11	9.01e-07	8.06e-04	9.99e-01	0.00e+00	0.00e+00
 1.68606e+15	2.15e-21	1.37e-15	1.03e-10	1.04e-06	8.65e-04	9.99e-01	0.00e+00	0.00e+00
 1.75016e+15	3.10e-21	1.84e-15	1.29e-10	1.20e-06	9.34e-04	9.99e-01	0.00e+00	0.00e+00
 1.80995e+15	4.28e-21	2.38e-15	1.57e-10	1.38e-06	1.00e-03	9.99e-01	0.00e+00	0.00e+00
 1.87504e+15	6.04e-21	3.15e-15	1.93e-10	1.58e-06	1.07e-03	9.99e-01	0.00e+00	0.00e+00
 1.94794e+15	8.71e-21	4.23e-15	2.42e-10	1.85e-06	1.16e-03	9.99e-01	0.00e+00	0.00e+00
 2.01692e+15	1.21e-20	5.54e-15	2.98e-10	2.12e-06	1.25e-03	9.99e-01	0.00e+00	0.00e+00
 2.09080e+15	1.71e-20	7.32e-15	3.68e-10	2.45e-06	1.35e-03	9.99e-01	0.00e+00	0.00e+00
 2.17446e+15	2.49e-20	9.91e-15	4.64e-10	2.87e-06	1.46e-03	9.99e-01	0.00e+00	0.00e+00
 2.25668e+15	3.54e-20	1.32e-14	5.78e-10	3.34e-06	1.58e-03	9.98e-01	0.00e+00	0.00e+00
 2.34218e+15	5.02e-20	1.75e-14	7.19e-10	3.87e-06	1.71e-03	9.98e-01	0.00e+00	0.00e+00
 2.43590e+15	7.26e-20	2.36e-14	9.07e-10	4.54e-06	1.85e-03	9.98e-01	0.00e+00	0.00e+00
 2.52823e+15	1.03e-19	3.13e-14	1.13e-09	5.27e-06	2.00e-03	9.98e-01	0.00e+00	0.00e+00
 2.60469e+15	1.36e-19	3.94e-14	1.34e-09	5.94e-06	2.13e-03	9.98e-01	0.00e+00	0.00e+00
 2.66642e+15	1.68e-19	4.69e-14	1.54e-09	6.53e-06	2.24e-03	9.98e-01	0.00e+00	0.00e+00
 2.73501e+15	2.12e-19	5.67e-14	1.79e-09	7.24e-06	2.37e-03	9.98e-01	0.00e+00	0.00e+00
 2.82417e+15	2.84e-19	7.21e-14	2.16e-09	8.24e-06	2.54e-03	9.97e-01	0.00e+00	0.00e+00
 2.91969e+15	3.84e-19	9.24e-14	2.62e-09	9.43e-06	2.73e-03	9.97e-01	0.00e+00	0.00e+00
 3.00432e+15	4.96e-19	1.14e-13	3.09e-09	1.06e-05	2.90e-03	9.97e-01	0.00e+00	0.00e+00
 3.09519e+15	6.47e-19	1.42e-13	3.68e-09	1.19e-05	3.10e-03	9.97e-01	0.00e+00	0.00e+00
 3.20949e+15	8.89e-19	1.85e-13	4.54e-09	1.38e-05	3.36e-03	9.97e-01	0.00e+00	0.00e+00
 3.32545e+15	1.22e-18	2.41e-13	5.59e-09	1.59e-05	3.63e-03	9.96e-01	0.00e+00	0.00e+00
 3.42535e+15	1.58e-18	2.99e-13	6.63e-09	1.80e-05	3.87e-03	9.96e-01	0.00e+00	0.00e+00
 3.53319e+15	2.06e-18	3.73e-13	7.93e-09	2.04e-05	4.15e-03	9.96e-01	0.00e+00	0.00e+00
 3.66603e+15	2.85e-18	4.88e-13	9.83e-09	2.37e-05	4.50e-03	9.95e-01	0.00e+00	0.00e+00
 3.80080e+15	3.88e-18	6.32e-13	1.21e-08	2.74e-05	4.88e-03	9.95e-01	0.00e+00	0.00e+00
 3.92028e+15	5.05e-18	7.88e-13	1.45e-08	3.10e-05	5.23e-03	9.95e-01	0.00e+00	0.00e+00
 4.05052e+15	6.66e-18	9.96e-13	1.75e-08	3.54e-05	5.63e-03	9.94e-01	0.00e+00	0.00e+00
 4.20662e+15	9.18e-18	1.30e-12	2.18e-08	4.13e-05	6.14e-03	9.94e-01	0.00e+00	0.00e+00
 4.36118e+15	1.24e-17	1.68e-12	2.69e-08	4.78e-05	6.66e-03	9.93e-01	0.00e+00	0.00e+00
 4.50016e+15	1.62e-17	2.10e-12	3.22e-08	5.42e-05	7.15e-03	9.93e-01	0.00e+00	0.00e+00
 4.65411e+15	2.14e-17	2.67e-12	3.91e-08	6.21e-05	7.72e-03	9.92e-01	0.00e+00	0.00e+00
 4.83596e+15	2.94e-17	3.50e-12	4.89e-08	7.25e-05	8.42e-03	9.92e-01	0.00e+00	0.00e+00
 5.01566e+15	3.98e-17	4.52e-12	6.04e-08	8.39e-05	9.15e-03	9.91e-01	0.00e+00	0.00e+00
 5.18193e+15	5.22e-17	5.69e-12	7.30e-08	9.57e-05	9.85e-03	9.90e-01	0.00e+00	0.00e+00
 5.36862e+15	7.00e-17	7.30e-12	8.97e-08	1.10e-04	1.07e-02	9.89e-01	0.00e+00	0.00e+00
 5.58340e+15	9.68e-17	9.63e-12	1.13e-07	1.29e-04	1.17e-02	9.88e-01	0.00e+00	0.00e+00
 5.79391e+15	1.49e-16	1.25e-11	1.40e-07	1.50e-04	1.27e-02	9.87e-01	0.00e+00	0.00e+00
 6.01285e+15	2.04e-16	1.63e-11	1.74e-07	1.74e-04	1.38e-02	9.86e-01	0.00e+00	0.00e+00
 6.21279e+15	2.67e-16	2.05e-11	2.11e-07	1.98e-04	1.49e-02	9.85e-01	0.00e+00	0.00e+00
 6.36137e+15	3.24e-16	2.42e-11	2.42e-07	2.18e-04	1.57e-02	9.84e-01	0.00e+00	0.00e+00
 6.51445e+15	3.95e-16	2.86e-11	2.78e-07	2.40e-04	1.66e-02	9.83e-01	0.00e+00	0.00e+00
 6.71345e+15	5.08e-16	3.55e-11	3.33e-07	2.71e-04	1.78e-02	9.82e-01	0.00e+00	0.00e+00
 6.92875e+15	6.60e-16	4.45e-11	4.01e-07	3.07e-04	1.91e-02	9.81e-01	0.00e+00	0.00e+00
 7.12292e+15	8.27e-16	5.40e-11	4.72e-07	3.43e-04	2.03e-02	9.79e-01	0.00e+00	0.00e+00
 7.33302e+15	1.06e-15	6.66e-11	5.61e-07	3.85e-04	2.17e-02	9.78e-01	0.00e+00	0.00e+00
 7.60082e+15	1.43e-15	8.64e-11	6.96e-07	4.46e-04	2.36e-02	9.76e-01	0.00e+00	0.00e+00
 7.87036e+15	1.91e-15	1.11e-10	8.56e-07	5.13e-04	2.55e-02	9.74e-01	0.00e+00	0.00e+00
 8.09495e+15	2.41e-15	1.35e-10	1.01e-06	5.73e-04	2.72e-02	9.72e-01	0.00e+00	0.00e+00
 8.33437e+15	3.08e-15	1.67e-10	1.20e-06	6.45e-04	2.90e-02	9.70e-01	0.00e+00	0.00e+00
 8.63910e+15	4.18e-15	2.18e-10	1.50e-06	7.46e-04	3.15e-02	9.68e-01	0.00e+00	0.00e+00
 8.95928e+15	5.67e-15	2.84e-10	1.87e-06	8.64e-04	3.42e-02	9.65e-01	0.00e+00	0.00e+00
 9.24520e+15	7.39e-15	3.56e-10	2.25e-06	9.80e-04	3.66e-02	9.62e-01	0.00e+00	0.00e+00
 9.55604e+15	9.80e-15	4.54e-10	2.75e-06	1.12e-03	3.95e-02	9.59e-01	0.00e+00	0.00e+00
 9.92638e+15	1.36e-14	6.00e-10	3.47e-06	1.31e-03	4.30e-02	9.56e-01	0.00e+00	0.00e+00
 1.02906e+16	1.84e-14	7.81e-10	4.32e-06	1.51e-03	4.66e-02	9.52e-01	0.00e+00	0.00e+00
 1.06187e+16	2.39e-14	9.81e-10	5.22e-06	1.71e-03	4.99e-02	9.48e-01	0.00e+00	0.00e+00
 1.09835e+16	3.20e-14	1.26e-09	6.42e-06	1.96e-03	5.38e-02	9.44e-01	0.00e+00	0.00e+00
 1.14135e+16	4.48e-14	1.68e-09	8.14e-06	2.30e-03	5.86e-02	9.39e-01	0.00e+00	0.00e+00
 1.18360e+16	6.14e-14	2.20e-09	1.02e-05	2.66e-03	6.35e-02	9.34e-01	0.00e+00	0.00e+00
 1.22261e+16	8.13e-14	2.80e-09	1.24e-05	3.03e-03	6.81e-02	9.29e-01	0.00e+00	0.00e+00
 1.26657e+16	1.11e-13	3.67e-09	1.54e-05	3.50e-03	7.37e-02	9.23e-01	0.00e+00	0.00e+00
 1.30904e+16	1.48e-13	4.69e-09	1.89e-05	4.00e-03	7.92e-02	9.17e-01	0.00e+00	0.00e+00
 1.34028e+16	1.82e-13	5.61e-09	2.18e-05	4.40e-03	8.34e-02	9.12e-01	0.00e+00	0.00e+00
 1.37161e+16	2.24e-13	6.69e-09	2.52e-05	4.84e-03	8.78e-02	9.07e-01	0.00e+00	0.00e+00
 1.41233e+16	2.93e-13	8.39e-09	3.03e-05	5.46e-03	9.35e-02	9.01e-01	0.00e+00	0.00e+00
 1.45626e+16	3.85e-13	1.06e-08	3.66e-05	6.19e-03	9.99e-02	8.94e-01	0.00e+00	0.00e+00
 1.49547e+16	4.87e-13	1.29e-08	4.31e-05	6.89e-03	1.06e-01	8.87e-01	0.00e+00	0.00e+00
 1.53759e+16	6.28e-13	1.61e-08	5.14e-05	7.72e-03	1.12e-01	8.80e-01	0.00e+00	0.00e+00
 1.59234e+16	8.69e-13	2.12e-08	6.42e-05	8.94e-03	1.21e-01	8.70e-01	0.00e+00	0.00e+00
 1.64741e+16	1.18e-12	2.74e-08	7.93e-05	1.03e-02	1.30e-01	8.59e-01	0.00e+00	0.00e+00
 1.69158e+16	1.49e-12	3.36e-08	9.36e-05	1.15e-02	1.38e-01	8.51e-01	0.00e+00	0.00e+00
 1.73769e+16	1.92e-12	4.15e-08	1.11e-04	1.28e-02	1.46e-01	8.41e-01	0.00e+00	0.00e+00
 1.79762e+16	2.63e-12	5.42e-08	1.38e-04	1.48e-02	1.57e-01	8.29e-01	0.00e+00	0.00e+00
 1.86025e+16	3.60e-12	7.09e-08	1.72e-04	1.71e-02	1.68e-01	8.14e-01	0.00e+00	0.00e+00
 1.91331e+16	4.64e-12	8.80e-08	2.05e-04	1.91e-02	1.78e-01	8.02e-01	0.00e+00	0.00e+00
 1.96921e+16	6.11e-12	1.11e-07	2.48e-04	2.16e-02	1.89e-01	7.89e-01	0.00e+00	0.00e+00
 2.04082e+16	8.59e-12	1.48e-07	3.13e-04	2.52e-02	2.04e-01	7.71e-01	0.00e+00	0.00e+00
 2.11161e+16	1.17e-11	1.93e-07	3.90e-04	2.91e-02	2.18e-01	7.52e-01	0.00e+00	0.00e+00
 2.16771e+16	1.50e-11	2.38e-07	4.64e-04	3.25e-02	2.30e-01	7.37e-01	0.00e+00	0.00e+00
 2.22595e+16	1.94e-11	2.97e-07	5.54e-04	3.65e-02	2.42e-01	7.21e-01	0.00e+00	0.00e+00
 2.30167e+16	2.70e-11	3.93e-07	6.97e-04	4.23e-02	2.59e-01	6.98e-01	0.00e+00	0.00e+00
 2.37779e+16	3.66e-11	5.09e-07	8.66e-04	4.86e-02	2.75e-01	6.75e-01	0.00e+00	0.00e+00
 2.43807e+16	4.63e-11	6.24e-07	1.02e-03	5.42e-02	2.88e-01	6.57e-01	0.00e+00	0.00e+00
 2.49084e+16	5.71e-11	7.45e-07	1.19e-03	5.95e-02	3.00e-01	6.40e-01	0.00e+00	0.00e+00
 2.55020e+16	7.29e-11	9.16e-07	1.41e-03	6.62e-02	3.13e-01	6.20e-01	0.00e+00	0.00e+00
 2.61413e+16	9.29e-11	1.13e-06	1.67e-03	7.39e-02	3.27e-01	5.98e-01	0.00e+00	0.00e+00
 2.67256e+16	1.16e-10	1.36e-06	1.96e-03	8.15e-02	3.39e-01	5.78e-01	0.00e+00	0.00e+00
 2.73704e+16	1.50e-10	1.69e-06	2.35e-03	9.10e-02	3.53e-01	5.54e-01	0.00e+00	0.00e+00
 2.80531e+16	1.93e-10	2.10e-06	2.81e-03	1.02e-01	3.66e-01	5.29e-01	0.00e+00	0.00e+00
 2.86615e+16	2.41e-10	2.54e-06	3.30e-03	1.12e-01	3.78e-01	5.07e-01	0.00e+00	0.00e+00
 2.93291e+16	3.13e-10	3.17e-06	3.95e-03	1.25e-01	3.91e-01	4.80e-01	0.00e+00	0.00e+00
 3.00414e+16	4.09e-10	3.98e-06	4.78e-03	1.40e-01	4.03e-01	4.52e-01	0.00e+00	0.00e+00
 3.06351e+16	5.08e-10	4.78e-06	5.58e-03	1.53e-01	4.12e-01	4.29e-01	0.00e+00	0.00e+00
 3.11392e+16	6.14e-10	5.62e-06	6.39e-03	1.66e-01	4.19e-01	4.08e-01	0.00e+00	0.00e+00
 3.17040e+16	7.67e-10	6.78e-06	7.45e-03	1.81e-01	4.27e-01	3.85e-01	0.00e+00	0.00e+00
 3.23243e+16	9.80e-10	8.33e-06	8.83e-03	1.99e-01	4.33e-01	3.59e-01	0.00e+00	0.00e+00
 3.28790e+16	1.21e-09	9.98e-06	1.03e-02	2.16e-01	4.38e-01	3.36e-01	0.00e+00	0.00e+00
 3.33726e+16	1.47e-09	1.17e-05	1.17e-02	2.32e-01	4.40e-01	3.15e-01	0.00e+00	0.00e+00
 3.38384e+16	1.77e-09	1.37e-05	1.34e-02	2.49e-01	4.42e-01	2.96e-01	0.00e+00	0.00e+00
 3.42819e+16	2.15e-09	1.61e-05	1.52e-02	2.66e-01	4.42e-01	2.77e-01	0.00e+00	0.00e+00
 3.47117e+16	2.56e-09	1.86e-05	1.72e-02	2.83e-01	4.41e-01	2.58e-01	0.00e+00	0.00e+00
 3.51355e+16	3.08e-09	2.17e-05	1.94e-02	3.01e-01	4.39e-01	2.40e-01	0.00e+00	0.00e+00
 3.55515e+16	3.71e-09	2.53e-05	2.20e-02	3.20e-01	4.36e-01	2.23e-01	0.00e+00	0.00e+00
 3.59492e+16	4.45e-09	2.93e-05	2.48e-02	3.39e-01	4.31e-01	2.06e-01	0.00e+00	0.00e+00
 3.63276e+16	5.17e-09	3.34e-05	2.78e-02	3.57e-01	4.25e-01	1.90e-01	0.00e+00	0.00e+00
 3.66936e+16	6.16e-09	3.85e-05	3.12e-02	3.77e-01	4.18e-01	1.75e-01	0.00e+00	0.00e+00
 3.70484e+16	7.69e-09	4.56e-05	3.51e-02	3.97e-01	4.09e-01	1.59e-01	0.00e+00	0.00e+00
 3.73772e+16	8.71e-09	5.09e-05	3.89e-02	4.15e-01	4.00e-01	1.46e-01	0.00e+00	0.00e+00
 3.77343e+16	1.05e-08	5.93e-05	4.38e-02	4.37e-01	3.88e-01	1.31e-01	0.00e+00	0.00e+00
 3.81026e+16	1.28e-08	6.95e-05	4.96e-02	4.60e-01	3.74e-01	1.17e-01	0.00e+00	0.00e+00
 3.83959e+16	1.60e-08	8.20e-05	5.52e-02	4.79e-01	3.61e-01	1.05e-01	0.00e+00	0.00e+00
 3.86309e+16	1.76e-08	8.94e-05	5.99e-02	4.95e-01	3.49e-01	9.59e-02	0.00e+00	0.00e+00
 3.88795e+16	2.16e-08	1.04e-04	6.59e-02	5.13e-01	3.35e-01	8.57e-02	0.00e+00	0.00e+00
 3.91443e+16	2.51e-08	1.17e-04	7.25e-02	5.32e-01	3.20e-01	7.60e-02	0.00e+00	0.00e+00
 3.93746e+16	2.83e-08	1.30e-04	7.89e-02	5.48e-01	3.05e-01	6.77e-02	0.00e+00	0.00e+00
 3.95784e+16	3.42e-08	1.48e-04	8.56e-02	5.64e-01	2.90e-01	6.00e-02	0.00e+00	0.00e+00
 3.97637e+16	3.85e-08	1.63e-04	9.19e-02	5.78e-01	2.76e-01	5.36e-02	0.00e+00	0.00e+00
 3.99647e+16	4.32e-08	1.79e-04	9.94e-02	5.94e-01	2.59e-01	4.68e-02	0.00e+00	0.00e+00
 4.01747e+16	5.03e-08	2.02e-04	1.08e-01	6.11e-01	2.41e-01	3.99e-02	0.00e+00	0.00e+00
 4.03425e+16	6.06e-08	2.29e-04	1.16e-01	6.24e-01	2.25e-01	3.44e-02	0.00e+00	0.00e+00
 4.04713e+16	6.48e-08	2.43e-04	1.22e-01	6.35e-01	2.13e-01	3.06e-02	0.00e+00	0.00e+00
 4.06033e+16	7.25e-08	2.64e-04	1.29e-01	6.46e-01	1.99e-01	2.66e-02	0.00e+00	0.00e+00
 4.07492e+16	8.48e-08	2.96e-04	1.37e-01	6.57e-01	1.83e-01	2.24e-02	0.00e+00	0.00e+00
 4.08764e+16	9.49e-08	3.21e-04	1.44e-01	6.68e-01	1.69e-01	1.91e-02	0.00e+00	0.00e+00
 4.09813e+16	1.02e-07	3.40e-04	1.51e-01	6.76e-01	1.57e-01	1.65e-02	0.00e+00	0.00e+00
 4.10941e+16	1.17e-07	3.74e-04	1.58e-01	6.85e-01	1.43e-01	1.37e-02	0.00e+00	0.00e+00
 4.12117e+16	1.31e-07	4.07e-04	1.66e-01	6.94e-01	1.29e-01	1.12e-02	0.00e+00	0.00e+00
 4.12987e+16	1.39e-07	4.26e-04	1.71e-01	7.00e-01	1.19e-01	9.60e-03	0.00e+00	0.00e+00
 4.13749e+16	1.54e-07	4.57e-04	1.77e-01	7.05e-01	1.09e-01	8.13e-03	0.00e+00	0.00e+00
 4.14519e+16	1.65e-07	4.82e-04	1.83e-01	7.10e-01	9.99e-02	6.89e-03	0.00e+00	0.00e+00
 4.15179e+16	1.77e-07	5.06e-04	1.87e-01	7.14e-01	9.21e-02	5.89e-03	0.00e+00	0.00e+00
 4.15918e+16	1.91e-07	5.35e-04	1.93e-01	7.19e-01	8.33e-02	4.87e-03	0.00e+00	0.00e+00
 4.16713e+16	2.07e-07	5.66e-04	1.98e-01	7.23e-01	7.45e-02	3.93e-03	0.00e+00	0.00e+00
 4.17422e+16	2.22e-07	5.97e-04	2.04e-01	7.26e-01	6.69e-02	3.21e-03	0.00e+00	0.00e+00
 4.18079e+16	2.37e-07	6.25e-04	2.08e-01	7.28e-01	6.01e-02	2.62e-03	0.00e+00	0.00e+00
 4.18832e+16	2.57e-07	6.61e-04	2.14e-01	7.31e-01	5.28e-02	2.05e-03	0.00e+00	0.00e+00
 4.19672e+16	2.79e-07	7.01e-04	2.20e-01	7.33e-01	4.54e-02	1.54e-03	0.00e+00	0.00e+00
 4.20479e+16	3.01e-07	7.40e-04	2.25e-01	7.34e-01	3.90e-02	1.16e-03	0.00e+00	0.00e+00
 4.21379e+16	3.28e-07	7.87e-04	2.31e-01	7.34e-01	3.26e-02	8.23e-04	0.00e+00	0.00e+00
 4.22395e+16	3.60e-07	8.39e-04	2.38e-01	7.34e-01	2.65e-02	5.58e-04	0.00e+00	0.00e+00
 4.23562e+16	3.98e-07	9.01e-04	2.45e-01	7.33e-01	2.08e-02	3.50e-04	0.00e+00	0.00e+00
 4.24869e+16	4.43e-07	9.68e-04	2.52e-01	7.31e-01	1.59e-02	2.09e-04	0.00e+00	0.00e+00
 4.26359e+16	4.95e-07	1.05e-03	2.59e-01	7.28e-01	1.17e-02	1.15e-04	0.00e+00	0.00e+00
 4.28297e+16	5.67e-07	1.14e-03	2.68e-01	7.23e-01	7.93e-03	5.45e-05	0.00e+00	0.00e+00
 4.30816e+16	6.65e-07	1.27e-03	2.79e-01	7.15e-01	4.96e-03	2.17e-05	0.00e+00	0.00e+00
 4.34090e+16	8.07e-07	1.44e-03	2.91e-01	7.04e-01	2.86e-03	7.24e-06	0.00e+00	0.00e+00
 4.38346e+16	1.03e-06	1.69e-03	3.08e-01	6.89e-01	1.52e-03	2.02e-06	0.00e+00	0.00e+00
 4.42898e+16	1.35e-06	2.02e-03	3.26e-01	6.71e-01	8.43e-04	6.14e-07	0.00e+00	0.00e+00
 4.46889e+16	1.73e-06	2.38e-03	3.43e-01	6.54e-01	5.31e-04	0.00e+00	0.00e+00	0.00e+00
 4.50522e+16	2.20e-06	2.79e-03	3.61e-01	6.36e-01	3.58e-04	0.00e+00	0.00e+00	0.00e+00
 4.54633e+16	2.92e-06	3.38e-03	3.83e-01	6.13e-01	2.33e-04	0.00e+00	0.00e+00	0.00e+00
 4.58933e+16	4.02e-06	4.19e-03	4.08e-01	5.87e-01	1.53e-04	0.00e+00	0.00e+00	0.00e+00
 4.62392e+16	5.34e-06	5.08e-03	4.31e-01	5.63e-01	1.11e-04	0.00e+00	0.00e+00	0.00e+00
 4.65150e+16	6.77e-06	5.98e-03	4.51e-01	5.42e-01	8.53e-05	0.00e+00	0.00e+00	0.00e+00
 4.67234e+16	8.19e-06	6.82e-03	4.68e-01	5.26e-01	7.05e-05	0.00e+00	0.00e+00	0.00e+00
 4.68696e+16	9.40e-06	7.50e-03	4.80e-01	5.13e-01	6.14e-05	0.00e+00	0.00e+00	0.00e+00
 4.70203e+16	1.09e-05	8.29e-03	4.92e-01	4.99e-01	5.29e-05	0.00e+00	0.00e+00	0.00e+00
 4.72162e+16	1.32e-05	9.48e-03	5.10e-01	4.81e-01	4.35e-05	0.00e+00	0.00e+00	0.00e+00
 4.74188e+16	1.63e-05	1.10e-02	5.29e-01	4.60e-01	3.57e-05	0.00e+00	0.00e+00	0.00e+00
 4.75776e+16	1.94e-05	1.24e-02	5.44e-01	4.43e-01	3.04e-05	0.00e+00	0.00e+00	0.00e+00
 4.77053e+16	2.24e-05	1.38e-02	5.57e-01	4.29e-01	2.67e-05	0.00e+00	0.00e+00	0.00e+00
 4.78449e+16	2.64e-05	1.54e-02	5.72e-01	4.13e-01	2.30e-05	0.00e+00	0.00e+00	0.00e+00
 4.80264e+16	3.28e-05	1.79e-02	5.92e-01	3.90e-01	1.88e-05	0.00e+00	0.00e+00	0.00e+00
 4.82040e+16	4.12e-05	2.11e-02	6.11e-01	3.68e-01	1.54e-05	0.00e+00	0.00e+00	0.00e+00
 4.83188e+16	4.83e-05	2.36e-02	6.24e-01	3.52e-01	1.35e-05	0.00e+00	0.00e+00	0.00e+00
 4.83905e+16	5.33e-05	2.53e-02	6.32e-01	3.42e-01	1.24e-05	0.00e+00	0.00e+00	0.00e+00
 4.84640e+16	5.91e-05	2.72e-02	6.41e-01	3.32e-01	1.13e-05	0.00e+00	0.00e+00	0.00e+00
 4.85595e+16	6.77e-05	3.00e-02	6.52e-01	3.18e-01	1.00e-05	0.00e+00	0.00e+00	0.00e+00
 4.86640e+16	7.91e-05	3.35e-02	6.64e-01	3.03e-01	8.73e-06	0.00e+00	0.00e+00	0.00e+00
 4.87556e+16	9.13e-05	3.70e-02	6.74e-01	2.89e-01	7.72e-06	0.00e+00	0.00e+00	0.00e+00
 4.88338e+16	1.03e-04	4.04e-02	6.83e-01	2.77e-01	6.92e-06	0.00e+00	0.00e+00	0.00e+00
 4.89192e+16	1.19e-04	4.45e-02	6.92e-01	2.63e-01	6.10e-06	0.00e+00	0.00e+00	0.00e+00
 4.90119e+16	1.39e-04	4.97e-02	7.02e-01	2.48e-01	5.30e-06	0.00e+00	0.00e+00	0.00e+00
 4.90919e+16	1.60e-04	5.49e-02	7.09e-01	2.36e-01	4.69e-06	0.00e+00	0.00e+00	0.00e+00
 4.91596e+16	1.81e-04	5.98e-02	7.16e-01	2.24e-01	4.19e-06	0.00e+00	0.00e+00	0.00e+00
 4.92338e+16	2.07e-04	6.58e-02	7.22e-01	2.12e-01	3.69e-06	0.00e+00	0.00e+00	0.00e+00
 4.93148e+16	2.41e-04	7.33e-02	7.28e-01	1.98e-01	3.20e-06	0.00e+00	0.00e+00	0.00e+00
 4.93854e+16	2.78e-04	8.09e-02	7.33e-01	1.86e-01	2.81e-06	0.00e+00	0.00e+00	0.00e+00
 4.94453e+16	3.14e-04	8.80e-02	7.36e-01	1.76e-01	2.50e-06	0.00e+00	0.00e+00	0.00e+00
 4.95103e+16	3.58e-04	9.66e-02	7.38e-01	1.65e-01	2.19e-06	0.00e+00	0.00e+00	0.00e+00
 4.95816e+16	4.18e-04	1.07e-01	7.39e-01	1.53e-01	1.88e-06	0.00e+00	0.00e+00	0.00e+00
 4.96442e+16	4.82e-04	1.18e-01	7.39e-01	1.42e-01	1.64e-06	0.00e+00	0.00e+00	0.00e+00
 4.96979e+16	5.44e-04	1.29e-01	7.38e-01	1.33e-01	1.44e-06	0.00e+00	0.00e+00	0.00e+00
 4.97569e+16	6.25e-04	1.42e-01	7.35e-01	1.23e-01	1.25e-06	0.00e+00	0.00e+00	0.00e+00
 4.98217e+16	7.32e-04	1.58e-01	7.30e-01	1.12e-01	1.05e-06	0.00e+00	0.00e+00	0.00e+00
 4.98787e+16	8.45e-04	1.74e-01	7.23e-01	1.02e-01	8.97e-07	0.00e+00	0.00e+00	0.00e+00
 4.99274e+16	9.56e-04	1.89e-01	7.16e-01	9.39e-02	0.00e+00	0.00e+00	0.00e+00	0.00e+00
 4.99805e+16	1.10e-03	2.08e-01	7.06e-01	8.52e-02	0.00e+00	0.00e+00	0.00e+00	0.00e+00
 5.00395e+16	1.29e-03	2.31e-01	6.92e-01	7.58e-02	0.00e+00	0.00e+00	0.00e+00	0.00e+00
 5.00931e+16	1.51e-03	2.55e-01	6.76e-01	6.73e-02	0.00e+00	0.00e+00	0.00e+00	0.00e+00
 5.01402e+16	1.72e-03	2.79e-01	6.59e-01	6.02e-02	0.00e+00	0.00e+00	0.00e+00	0.00e+00
 5.01921e+16	2.00e-03	3.07e-01	6.38e-01	5.25e-02	0.00e+00	0.00e+00	0.00e+00	0.00e+00
 5.02501e+16	2.39e-03	3.44e-01	6.10e-01	4.44e-02	0.00e+00	0.00e+00	0.00e+00	0.00e+00
 5.03037e+16	2.84e-03	3.82e-01	5.78e-01	3.73e-02	0.00e+00	0.00e+00	0.00e+00	0.00e+00
 5.03518e+16	3.30e-03	4.19e-01	5.46e-01	3.13e-02	0.00e+00	0.00e+00	0.00e+00	0.00e+00
 5.04052e+16	3.92e-03	4.64e-01	5.07e-01	2.52e-02	0.00e+00	0.00e+00	0.00e+00	0.00e+00
 5.04615e+16	4.74e-03	5.17e-01	4.59e-01	1.93e-02	0.00e+00	0.00e+00	0.00e+00	0.00e+00
 5.05071e+16	5.55e-03	5.65e-01	4.15e-01	1.51e-02	0.00e+00	0.00e+00	0.00e+00	0.00e+00
 5.05428e+16	6.31e-03	6.03e-01	3.79e-01	1.22e-02	0.00e+00	0.00e+00	0.00e+00	0.00e+00
 5.05805e+16	7.18e-03	6.43e-01	3.40e-01	9.50e-03	0.00e+00	0.00e+00	0.00e+00	0.00e+00
 5.06227e+16	8.35e-03	6.90e-01	2.95e-01	6.95e-03	0.00e+00	0.00e+00	0.00e+00	0.00e+00
 5.06604e+16	9.59e-03	7.32e-01	2.54e-01	5.05e-03	0.00e+00	0.00e+00	0.00e+00	0.00e+00
 5.06912e+16	1.07e-02	7.66e-01	2.20e-01	3.77e-03	0.00e+00	0.00e+00	0.00e+00	0.00e+00
 5.07185e+16	1.19e-02	7.94e-01	1.92e-01	2.86e-03	0.00e+00	0.00e+00	0.00e+00	0.00e+00
 5.07434e+16	1.30e-02	8.19e-01	1.66e-01	2.16e-03	0.00e+00	0.00e+00	0.00e+00	0.00e+00
 5.07701e+16	1.44e-02	8.43e-01	1.41e-01	1.56e-03	0.00e+00	0.00e+00	0.00e+00	0.00e+00
 5.08047e+16	1.65e-02	8.71e-01	1.12e-01	9.96e-04	0.00e+00	0.00e+00	0.00e+00	0.00e+00
 5.08388e+16	1.88e-02	8.95e-01	8.55e-02	6.01e-04	0.00e+00	0.00e+00	0.00e+00	0.00e+00
 5.08629e+16	2.07e-02	9.10e-01	6.89e-02	4.02e-04	0.00e+00	0.00e+00	0.00e+00	0.00e+00
 5.08805e+16	2.23e-02	9.19e-01	5.84e-02	2.96e-04	0.00e+00	0.00e+00	0.00e+00	0.00e+00
 5.08991e+16	2.41e-02	9.27e-01	4.86e-02	2.10e-04	0.00e+00	0.00e+00	0.00e+00	0.00e+00
 5.09233e+16	2.67e-02	9.36e-01	3.77e-02	1.31e-04	0.00e+00	0.00e+00	0.00e+00	0.00e+00
 5.09473e+16	2.95e-02	9.42e-01	2.85e-02	7.87e-05	0.00e+00	0.00e+00	0.00e+00	0.00e+00
 5.09646e+16	3.20e-02	9.45e-01	2.29e-02	5.28e-05	0.00e+00	0.00e+00	0.00e+00	0.00e+00
 5.09780e+16	3.40e-02	9.47e-01	1.93e-02	3.85e-05	0.00e+00	0.00e+00	0.00e+00	0.00e+00
 5.09925e+16	3.63e-02	9.48e-01	1.58e-02	2.68e-05	0.00e+00	0.00e+00	0.00e+00	0.00e+00
 5.10107e+16	3.95e-02	9.48e-01	1.23e-02	1.67e-05	0.00e+00	0.00e+00	0.00e+00	0.00e+00
 5.10282e+16	4.30e-02	9.48e-01	9.41e-03	1.04e-05	0.00e+00	0.00e+00	0.00e+00	0.00e+00
 5.10416e+16	4.59e-02	9.47e-01	7.62e-03	7.05e-06	0.00e+00	0.00e+00	0.00e+00	0.00e+00
 5.10526e+16	4.84e-02	9.45e-01	6.37e-03	5.09e-06	0.00e+00	0.00e+00	0.00e+00	0.00e+00
 5.10629e+16	5.10e-02	9.44e-01	5.36e-03	3.71e-06	0.00e+00	0.00e+00	0.00e+00	0.00e+00
 5.10730e+16	5.36e-02	9.42e-01	4.51e-03	2.70e-06	0.00e+00	0.00e+00	0.00e+00	0.00e+00
 5.10827e+16	5.64e-02	9.40e-01	3.80e-03	1.98e-06	0.00e+00	0.00e+00	0.00e+00	0.00e+00
 5.10899e+16	5.80e-02	9.39e-01	3.35e-03	1.57e-06	0.00e+00	0.00e+00	0.00e+00	0.00e+00
 5.10946e+16	5.98e-02	9.37e-01	3.08e-03	1.34e-06	0.00e+00	0.00e+00	0.00e+00	0.00e+00
 5.10989e+16	6.11e-02	9.36e-01	2.84e-03	1.16e-06	0.00e+00	0.00e+00	0.00e+00	0.00e+00
 5.11041e+16	6.29e-02	9.35e-01	2.57e-03	9.65e-07	0.00e+00	0.00e+00	0.00e+00	0.00e+00
 5.11097e+16	6.48e-02	9.33e-01	2.31e-03	0.00e+00	0.00e+00	0.00e+00	0.00e+00	0.00e+00
 5.11149e+16	6.67e-02	9.31e-01	2.09e-03	0.00e+00	0.00e+00	0.00e+00	0.00e+00	0.00e+00
 5.11199e+16	6.85e-02	9.30e-01	1.90e-03	0.00e+00	0.00e+00	0.00e+00	0.00e+00	0.00e+00
 5.11248e+16	7.03e-02	9.28e-01	1.72e-03	0.00e+00	0.00e+00	0.00e+00	0.00e+00	0.00e+00
 5.11298e+16	7.23e-02	9.26e-01	1.56e-03	0.00e+00	0.00e+00	0.00e+00	0.00e+00	0.00e+00
 5.11346e+16	7.43e-02	9.24e-01	1.41e-03	0.00e+00	0.00e+00	0.00e+00	0.00e+00	0.00e+00
 5.11394e+16	7.65e-02	9.22e-01	1.28e-03	0.00e+00	0.00e+00	0.00e+00	0.00e+00	0.00e+00
 5.11442e+16	7.88e-02	9.20e-01	1.16e-03	0.00e+00	0.00e+00	0.00e+00	0.00e+00	0.00e+00
 5.11489e+16	8.09e-02	9.18e-01	1.05e-03	0.00e+00	0.00e+00	0.00e+00	0.00e+00	0.00e+00
 5.11535e+16	8.32e-02	9.16e-01	9.51e-04	0.00e+00	0.00e+00	0.00e+00	0.00e+00	0.00e+00
 5.11581e+16	8.56e-02	9.14e-01	8.63e-04	0.00e+00	0.00e+00	0.00e+00	0.00e+00	0.00e+00
 5.11626e+16	8.80e-02	9.11e-01	7.80e-04	0.00e+00	0.00e+00	0.00e+00	0.00e+00	0.00e+00
 5.11671e+16	9.07e-02	9.09e-01	7.07e-04	0.00e+00	0.00e+00	0.00e+00	0.00e+00	0.00e+00
 5.11715e+16	9.33e-02	9.06e-01	6.40e-04	0.00e+00	0.00e+00	0.00e+00	0.00e+00	0.00e+00
 5.11758e+16	9.63e-02	9.03e-01	5.80e-04	0.00e+00	0.00e+00	0.00e+00	0.00e+00	0.00e+00
 5.11802e+16	9.94e-02	9.00e-01	5.24e-04	0.00e+00	0.00e+00	0.00e+00	0.00e+00	0.00e+00
 5.11845e+16	1.02e-01	8.97e-01	4.74e-04	0.00e+00	0.00e+00	0.00e+00	0.00e+00	0.00e+00
 5.11887e+16	1.06e-01	8.94e-01	4.29e-04	0.00e+00	0.00e+00	0.00e+00	0.00e+00	0.00e+00
 5.11928e+16	1.09e-01	8.90e-01	3.89e-04	0.00e+00	0.00e+00	0.00e+00	0.00e+00	0.00e+00
 5.11969e+16	1.13e-01	8.87e-01	3.52e-04	0.00e+00	0.00e+00	0.00e+00	0.00e+00	0.00e+00
 5.12010e+16	1.17e-01	8.83e-01	3.18e-04	0.00e+00	0.00e+00	0.00e+00	0.00e+00	0.00e+00
 5.12050e+16	1.21e-01	8.79e-01	2.88e-04	0.00e+00	0.00e+00	0.00e+00	0.00e+00	0.00e+00
 5.12089e+16	1.25e-01	8.74e-01	2.60e-04	0.00e+00	0.00e+00	0.00e+00	0.00e+00	0.00e+00
 5.12128e+16	1.30e-01	8.70e-01	2.35e-04	0.00e+00	0.00e+00	0.00e+00	0.00e+00	0.00e+00
 5.12167e+16	1.35e-01	8.65e-01	2.13e-04	0.00e+00	0.00e+00	0.00e+00	0.00e+00	0.00e+00
 5.12205e+16	1.40e-01	8.60e-01	1.92e-04	0.00e+00	0.00e+00	0.00e+00	0.00e+00	0.00e+00
 5.12242e+16	1.46e-01	8.54e-01	1.74e-04	0.00e+00	0.00e+00	0.00e+00	0.00e+00	0.00e+00
