#depth	C	C+	C+2	C+3	C+4	C+5	C+6	C[1]	C[2]	C[3]	C+[1]	C+[2]	CO
 1.49634e+10	0.00e+00	0.00e+00	1.97e-27	5.29e-17	7.46e-06	9.89e-02	9.01e-01	0.00e+00	0.00e+00	0.00e+00	0.00e+00	0.00e+00	0.00e+00
 4.54887e+10	0.00e+00	2.46e-38	2.67e-27	6.65e-17	8.66e-06	1.06e-01	8.94e-01	0.00e+00	0.00e+00	0.00e+00	0.00e+00	0.00e+00	0.00e+00
 7.72350e+10	0.00e+00	0.00e+00	3.63e-27	8.36e-17	1.01e-05	1.14e-01	8.86e-01	0.00e+00	0.00e+00	0.00e+00	0.00e+00	0.00e+00	0.00e+00
 1.10251e+11	0.00e+00	5.33e-38	4.94e-27	1.05e-16	1.17e-05	1.22e-01	8.78e-01	0.00e+00	0.00e+00	0.00e+00	0.00e+00	0.00e+00	0.00e+00
 1.44588e+11	0.00e+00	0.00e+00	6.71e-27	1.32e-16	1.36e-05	1.31e-01	8.69e-01	0.00e+00	0.00e+00	0.00e+00	0.00e+00	0.00e+00	0.00e+00
 1.80298e+11	0.00e+00	1.15e-37	9.11e-27	1.65e-16	1.57e-05	1.40e-01	8.60e-01	0.00e+00	0.00e+00	0.00e+00	0.00e+00	0.00e+00	0.00e+00
 2.17437e+11	0.00e+00	0.00e+00	1.23e-26	2.07e-16	1.82e-05	1.50e-01	8.50e-01	0.00e+00	0.00e+00	0.00e+00	0.00e+00	0.00e+00	0.00e+00
 2.56061e+11	0.00e+00	2.47e-37	1.67e-26	2.60e-16	2.11e-05	1.61e-01	8.39e-01	0.00e+00	0.00e+00	0.00e+00	0.00e+00	0.00e+00	0.00e+00
 2.95330e+11	0.00e+00	0.00e+00	2.25e-26	3.23e-16	2.44e-05	1.72e-01	8.28e-01	0.00e+00	0.00e+00	0.00e+00	0.00e+00	0.00e+00	0.00e+00
 3.36170e+11	0.00e+00	5.21e-37	3.02e-26	4.02e-16	2.81e-05	1.83e-01	8.17e-01	0.00e+00	0.00e+00	0.00e+00	0.00e+00	0.00e+00	0.00e+00
 3.79544e+11	0.00e+00	0.00e+00	4.09e-26	5.03e-16	3.24e-05	1.95e-01	8.05e-01	0.00e+00	0.00e+00	0.00e+00	0.00e+00	0.00e+00	0.00e+00
 4.24652e+11	0.00e+00	1.11e-36	5.52e-26	6.27e-16	3.74e-05	2.08e-01	7.92e-01	0.00e+00	0.00e+00	0.00e+00	0.00e+00	0.00e+00	0.00e+00
 4.71565e+11	0.00e+00	0.00e+00	7.44e-26	7.82e-16	4.31e-05	2.21e-01	7.79e-01	0.00e+00	0.00e+00	0.00e+00	0.00e+00	0.00e+00	0.00e+00
 5.20354e+11	0.00e+00	2.37e-36	1.00e-25	9.74e-16	4.96e-05	2.35e-01	7.65e-01	0.00e+00	0.00e+00	0.00e+00	0.00e+00	0.00e+00	0.00e+00
 5.65847e+11	1.06e-47	3.31e-36	1.31e-25	1.19e-15	5.62e-05	2.48e-01	7.52e-01	0.00e+00	0.00e+00	0.00e+00	0.00e+00	0.00e+00	0.00e+00
 6.05877e+11	0.00e+00	0.00e+00	1.64e-25	1.40e-15	6.26e-05	2.59e-01	7.40e-01	0.00e+00	0.00e+00	0.00e+00	0.00e+00	0.00e+00	0.00e+00
 6.50519e+11	0.00e+00	6.02e-36	2.10e-25	1.68e-15	7.02e-05	2.72e-01	7.28e-01	0.00e+00	0.00e+00	0.00e+00	0.00e+00	0.00e+00	0.00e+00
 7.04231e+11	3.38e-47	8.62e-36	2.79e-25	2.06e-15	8.00e-05	2.88e-01	7.12e-01	0.00e+00	0.00e+00	0.00e+00	0.00e+00	0.00e+00	0.00e+00
 7.58265e+11	0.00e+00	0.00e+00	3.66e-25	2.52e-15	9.08e-05	3.03e-01	6.97e-01	0.00e+00	0.00e+00	0.00e+00	0.00e+00	0.00e+00	0.00e+00
 8.07835e+11	0.00e+00	1.65e-35	4.66e-25	3.00e-15	1.01e-04	3.17e-01	6.83e-01	0.00e+00	0.00e+00	0.00e+00	0.00e+00	0.00e+00	0.00e+00
 8.63066e+11	1.11e-46	2.30e-35	6.04e-25	3.63e-15	1.14e-04	3.32e-01	6.68e-01	0.00e+00	0.00e+00	0.00e+00	0.00e+00	0.00e+00	0.00e+00
 9.27132e+11	0.00e+00	0.00e+00	8.06e-25	4.48e-15	1.30e-04	3.50e-01	6.50e-01	0.00e+00	0.00e+00	0.00e+00	0.00e+00	0.00e+00	0.00e+00
 9.89824e+11	0.00e+00	4.68e-35	1.06e-24	5.45e-15	1.47e-04	3.67e-01	6.33e-01	0.00e+00	0.00e+00	0.00e+00	0.00e+00	0.00e+00	1.77e-168
 1.04909e+12	3.86e-46	6.41e-35	1.35e-24	6.51e-15	1.65e-04	3.83e-01	6.17e-01	0.00e+00	0.00e+00	0.00e+00	0.00e+00	0.00e+00	4.95e-233
 1.11504e+12	0.00e+00	8.97e-35	1.76e-24	7.89e-15	1.85e-04	4.00e-01	6.00e-01	0.00e+00	0.00e+00	0.00e+00	0.00e+00	0.00e+00	9.19e-298
 1.18957e+12	9.04e-46	1.29e-34	2.34e-24	9.69e-15	2.11e-04	4.19e-01	5.80e-01	0.00e+00	0.00e+00	0.00e+00	0.00e+00	0.00e+00	5.43e-145
 1.26431e+12	0.00e+00	1.83e-34	3.08e-24	1.18e-14	2.38e-04	4.38e-01	5.62e-01	0.00e+00	0.00e+00	0.00e+00	0.00e+00	0.00e+00	3.92e-210
 1.34204e+12	2.12e-45	2.60e-34	4.04e-24	1.44e-14	2.68e-04	4.57e-01	5.43e-01	0.00e+00	0.00e+00	0.00e+00	0.00e+00	0.00e+00	1.83e-275
 1.42565e+12	0.00e+00	3.73e-34	5.36e-24	1.76e-14	3.03e-04	4.77e-01	5.23e-01	0.00e+00	0.00e+00	0.00e+00	0.00e+00	0.00e+00	3.06e-165
 1.51260e+12	5.11e-45	5.34e-34	7.09e-24	2.15e-14	3.43e-04	4.96e-01	5.03e-01	0.00e+00	0.00e+00	0.00e+00	0.00e+00	0.00e+00	5.37e-231
 1.60303e+12	0.00e+00	7.65e-34	9.38e-24	2.63e-14	3.87e-04	5.16e-01	4.83e-01	0.00e+00	0.00e+00	0.00e+00	0.00e+00	0.00e+00	6.08e-297
 1.69708e+12	1.22e-44	1.09e-33	1.24e-23	3.21e-14	4.36e-04	5.36e-01	4.64e-01	0.00e+00	0.00e+00	0.00e+00	0.00e+00	0.00e+00	4.84e-142
 1.79489e+12	0.00e+00	1.56e-33	1.63e-23	3.91e-14	4.90e-04	5.56e-01	4.44e-01	0.00e+00	0.00e+00	0.00e+00	0.00e+00	0.00e+00	2.00e-208
 1.89661e+12	2.92e-44	2.23e-33	2.15e-23	4.75e-14	5.51e-04	5.75e-01	4.24e-01	0.00e+00	0.00e+00	0.00e+00	0.00e+00	0.00e+00	4.76e-141
 2.00240e+12	0.00e+00	3.17e-33	2.83e-23	5.78e-14	6.18e-04	5.94e-01	4.05e-01	0.00e+00	0.00e+00	0.00e+00	0.00e+00	0.00e+00	7.43e-208
 2.11242e+12	6.94e-44	4.51e-33	3.72e-23	7.01e-14	6.93e-04	6.13e-01	3.86e-01	0.00e+00	0.00e+00	0.00e+00	0.00e+00	0.00e+00	4.68e-140
 2.22685e+12	0.00e+00	6.42e-33	4.89e-23	8.50e-14	7.76e-04	6.32e-01	3.67e-01	0.00e+00	0.00e+00	0.00e+00	0.00e+00	0.00e+00	2.72e-207
 2.34585e+12	1.64e-43	9.11e-33	6.41e-23	1.03e-13	8.68e-04	6.50e-01	3.49e-01	0.00e+00	0.00e+00	0.00e+00	0.00e+00	0.00e+00	4.59e-139
 2.46176e+12	0.00e+00	1.27e-32	8.26e-23	1.23e-13	9.62e-04	6.67e-01	3.32e-01	0.00e+00	0.00e+00	0.00e+00	0.00e+00	0.00e+00	9.97e-207
 2.57168e+12	3.56e-43	1.71e-32	1.04e-22	1.45e-13	1.06e-03	6.82e-01	3.17e-01	0.00e+00	0.00e+00	0.00e+00	0.00e+00	0.00e+00	3.56e-138
 2.69383e+12	0.00e+00	2.36e-32	1.34e-22	1.73e-13	1.17e-03	6.98e-01	3.01e-01	0.00e+00	0.00e+00	0.00e+00	0.00e+00	0.00e+00	3.09e-206
 2.82722e+12	8.00e-43	3.30e-32	1.73e-22	2.07e-13	1.30e-03	7.14e-01	2.85e-01	0.00e+00	0.00e+00	0.00e+00	0.00e+00	0.00e+00	3.08e-137
 2.95534e+12	0.00e+00	4.52e-32	2.20e-22	2.45e-13	1.43e-03	7.28e-01	2.71e-01	0.00e+00	0.00e+00	0.00e+00	0.00e+00	0.00e+00	9.85e-206
 3.09287e+12	1.75e-42	6.24e-32	2.82e-22	2.91e-13	1.58e-03	7.42e-01	2.56e-01	0.00e+00	0.00e+00	0.00e+00	0.00e+00	0.00e+00	2.48e-136
 3.24651e+12	0.00e+00	8.83e-32	3.69e-22	3.51e-13	1.75e-03	7.57e-01	2.41e-01	0.00e+00	0.00e+00	0.00e+00	0.00e+00	0.00e+00	2.71e-205
 3.40101e+12	4.06e-42	1.23e-31	4.77e-22	4.20e-13	1.94e-03	7.71e-01	2.27e-01	0.00e+00	0.00e+00	0.00e+00	0.00e+00	0.00e+00	2.35e-135
 3.56169e+12	0.00e+00	1.73e-31	6.18e-22	5.03e-13	2.15e-03	7.84e-01	2.14e-01	0.00e+00	0.00e+00	0.00e+00	0.00e+00	0.00e+00	7.56e-205
 3.73408e+12	9.41e-42	2.44e-31	8.06e-22	6.05e-13	2.38e-03	7.97e-01	2.00e-01	0.00e+00	0.00e+00	0.00e+00	0.00e+00	0.00e+00	2.23e-134
 3.91337e+12	0.00e+00	3.46e-31	1.05e-21	7.27e-13	2.64e-03	8.10e-01	1.88e-01	0.00e+00	0.00e+00	0.00e+00	0.00e+00	0.00e+00	1.44e-204
 4.09983e+12	2.21e-41	4.89e-31	1.37e-21	8.74e-13	2.92e-03	8.22e-01	1.75e-01	0.00e+00	0.00e+00	0.00e+00	0.00e+00	0.00e+00	2.21e-133
 4.29375e+12	0.00e+00	6.91e-31	1.79e-21	1.05e-12	3.24e-03	8.33e-01	1.64e-01	0.00e+00	0.00e+00	0.00e+00	0.00e+00	0.00e+00	0.00e+00
 4.49543e+12	5.21e-41	9.77e-31	2.33e-21	1.26e-12	3.58e-03	8.43e-01	1.53e-01	0.00e+00	0.00e+00	0.00e+00	0.00e+00	0.00e+00	2.19e-132
 4.70518e+12	0.00e+00	1.38e-30	3.04e-21	1.52e-12	3.96e-03	8.53e-01	1.43e-01	0.00e+00	0.00e+00	0.00e+00	0.00e+00	0.00e+00	0.00e+00
 4.92331e+12	1.23e-40	1.96e-30	3.97e-21	1.82e-12	4.38e-03	8.63e-01	1.33e-01	0.00e+00	0.00e+00	0.00e+00	0.00e+00	0.00e+00	2.19e-131
 5.15017e+12	0.00e+00	2.77e-30	5.17e-21	2.19e-12	4.85e-03	8.71e-01	1.24e-01	0.00e+00	0.00e+00	0.00e+00	0.00e+00	0.00e+00	0.00e+00
 5.36391e+12	2.79e-40	3.80e-30	6.59e-21	2.58e-12	5.31e-03	8.79e-01	1.16e-01	0.00e+00	0.00e+00	0.00e+00	0.00e+00	0.00e+00	1.98e-130
 5.55571e+12	0.00e+00	5.00e-30	8.12e-21	2.98e-12	5.74e-03	8.85e-01	1.09e-01	0.00e+00	0.00e+00	0.00e+00	0.00e+00	0.00e+00	0.00e+00
 5.77124e+12	5.68e-40	6.75e-30	1.02e-20	3.49e-12	6.26e-03	8.91e-01	1.02e-01	0.00e+00	0.00e+00	0.00e+00	0.00e+00	0.00e+00	1.33e-129
 6.02589e+12	0.00e+00	9.52e-30	1.33e-20	4.18e-12	6.90e-03	8.98e-01	9.52e-02	0.00e+00	0.00e+00	0.00e+00	0.00e+00	0.00e+00	0.00e+00
 6.28029e+12	1.30e-39	1.32e-29	1.71e-20	4.97e-12	7.58e-03	9.04e-01	8.86e-02	0.00e+00	0.00e+00	0.00e+00	0.00e+00	0.00e+00	1.23e-128
 6.51999e+12	0.00e+00	1.78e-29	2.15e-20	5.82e-12	8.26e-03	9.09e-01	8.29e-02	0.00e+00	0.00e+00	0.00e+00	0.00e+00	0.00e+00	0.00e+00
 6.78583e+12	2.82e-39	2.47e-29	2.75e-20	6.89e-12	9.04e-03	9.14e-01	7.72e-02	0.00e+00	0.00e+00	0.00e+00	0.00e+00	0.00e+00	9.70e-128
 7.08719e+12	0.00e+00	3.51e-29	3.60e-20	8.28e-12	9.99e-03	9.19e-01	7.14e-02	0.00e+00	0.00e+00	0.00e+00	0.00e+00	0.00e+00	0.00e+00
 7.38847e+12	6.64e-39	4.93e-29	4.67e-20	9.90e-12	1.10e-02	9.23e-01	6.61e-02	0.00e+00	0.00e+00	0.00e+00	0.00e+00	0.00e+00	9.64e-127
 7.70180e+12	0.00e+00	6.94e-29	6.05e-20	1.18e-11	1.21e-02	9.27e-01	6.12e-02	0.00e+00	0.00e+00	0.00e+00	0.00e+00	0.00e+00	0.00e+00
 8.03980e+12	1.57e-38	9.91e-29	7.95e-20	1.43e-11	1.34e-02	9.30e-01	5.64e-02	0.00e+00	0.00e+00	0.00e+00	0.00e+00	0.00e+00	9.66e-126
 8.35674e+12	0.00e+00	1.37e-28	1.02e-19	1.69e-11	1.46e-02	9.33e-01	5.23e-02	0.00e+00	0.00e+00	0.00e+00	0.00e+00	0.00e+00	0.00e+00
 8.63953e+12	3.30e-38	1.80e-28	1.26e-19	1.95e-11	1.58e-02	9.35e-01	4.91e-02	0.00e+00	0.00e+00	0.00e+00	0.00e+00	0.00e+00	6.99e-125
 8.95732e+12	0.00e+00	2.45e-28	1.58e-19	2.28e-11	1.72e-02	9.37e-01	4.57e-02	0.00e+00	0.00e+00	0.00e+00	0.00e+00	0.00e+00	0.00e+00
 9.33464e+12	7.41e-38	3.47e-28	2.07e-19	2.74e-11	1.89e-02	9.39e-01	4.21e-02	0.00e+00	0.00e+00	0.00e+00	0.00e+00	0.00e+00	6.03e-124
 9.71229e+12	0.00e+00	4.86e-28	2.68e-19	3.27e-11	2.08e-02	9.40e-01	3.89e-02	0.00e+00	0.00e+00	0.00e+00	0.00e+00	0.00e+00	0.00e+00
 1.00648e+13	1.64e-37	6.59e-28	3.38e-19	3.83e-11	2.26e-02	9.41e-01	3.61e-02	0.00e+00	0.00e+00	0.00e+00	0.00e+00	0.00e+00	5.01e-123
 1.04570e+13	0.00e+00	9.12e-28	4.33e-19	4.53e-11	2.47e-02	9.42e-01	3.34e-02	0.00e+00	0.00e+00	0.00e+00	0.00e+00	0.00e+00	0.00e+00
 1.09052e+13	3.84e-37	1.31e-27	5.70e-19	5.47e-11	2.73e-02	9.42e-01	3.06e-02	0.00e+00	0.00e+00	0.00e+00	0.00e+00	0.00e+00	4.82e-122
 1.13463e+13	0.00e+00	1.85e-27	7.42e-19	6.54e-11	2.99e-02	9.42e-01	2.81e-02	0.00e+00	0.00e+00	0.00e+00	0.00e+00	0.00e+00	0.00e+00
 1.17714e+13	8.78e-37	2.55e-27	9.50e-19	7.74e-11	3.27e-02	9.41e-01	2.60e-02	0.00e+00	0.00e+00	0.00e+00	0.00e+00	0.00e+00	4.31e-121
 1.22385e+13	0.00e+00	3.58e-27	1.23e-18	9.21e-11	3.57e-02	9.40e-01	2.39e-02	0.00e+00	0.00e+00	0.00e+00	0.00e+00	0.00e+00	0.00e+00
 1.27580e+13	2.10e-36	5.17e-27	1.63e-18	1.12e-10	3.95e-02	9.39e-01	2.18e-02	0.00e+00	0.00e+00	0.00e+00	0.00e+00	0.00e+00	4.36e-120
 1.32809e+13	0.00e+00	7.37e-27	2.14e-18	1.34e-10	4.34e-02	9.37e-01	1.99e-02	0.00e+00	0.00e+00	0.00e+00	0.00e+00	0.00e+00	0.00e+00
 1.38247e+13	5.06e-36	1.05e-26	2.80e-18	1.61e-10	4.77e-02	9.34e-01	1.82e-02	0.00e+00	0.00e+00	0.00e+00	0.00e+00	0.00e+00	4.46e-119
 1.43878e+13	0.00e+00	1.50e-26	3.68e-18	1.94e-10	5.23e-02	9.31e-01	1.66e-02	0.00e+00	0.00e+00	0.00e+00	0.00e+00	0.00e+00	0.00e+00
 1.49416e+13	1.19e-35	2.10e-26	4.76e-18	2.31e-10	5.72e-02	9.28e-01	1.52e-02	0.00e+00	0.00e+00	0.00e+00	0.00e+00	0.00e+00	4.28e-118
 1.55373e+13	0.00e+00	2.97e-26	6.21e-18	2.76e-10	6.26e-02	9.24e-01	1.39e-02	0.00e+00	0.00e+00	0.00e+00	0.00e+00	0.00e+00	0.00e+00
 1.61887e+13	2.88e-35	4.29e-26	8.24e-18	3.34e-10	6.89e-02	9.19e-01	1.26e-02	0.00e+00	0.00e+00	0.00e+00	0.00e+00	0.00e+00	4.45e-117
 1.68662e+13	0.00e+00	6.20e-26	1.09e-17	4.04e-10	7.58e-02	9.13e-01	1.14e-02	0.00e+00	0.00e+00	0.00e+00	0.00e+00	0.00e+00	0.00e+00
 1.75707e+13	7.14e-35	8.95e-26	1.45e-17	4.89e-10	8.32e-02	9.06e-01	1.03e-02	0.00e+00	0.00e+00	0.00e+00	0.00e+00	0.00e+00	4.89e-116
 1.83035e+13	1.12e-34	1.29e-25	1.92e-17	5.91e-10	9.14e-02	8.99e-01	9.31e-03	0.00e+00	0.00e+00	0.00e+00	0.00e+00	0.00e+00	3.20e-98
 1.89665e+13	1.67e-34	1.78e-25	2.45e-17	6.98e-10	9.91e-02	8.92e-01	8.51e-03	0.00e+00	0.00e+00	0.00e+00	0.00e+00	0.00e+00	8.27e-280
 1.95194e+13	2.28e-34	2.29e-25	2.98e-17	7.95e-10	1.06e-01	8.86e-01	7.91e-03	0.00e+00	0.00e+00	0.00e+00	0.00e+00	0.00e+00	1.05e-114
 2.01254e+13	3.20e-34	3.02e-25	3.68e-17	9.17e-10	1.13e-01	8.80e-01	7.31e-03	0.00e+00	0.00e+00	0.00e+00	0.00e+00	0.00e+00	3.34e-97
 2.08922e+13	4.83e-34	4.21e-25	4.76e-17	1.09e-09	1.23e-01	8.70e-01	6.63e-03	0.00e+00	0.00e+00	0.00e+00	0.00e+00	0.00e+00	4.60e-283
 2.16915e+13	7.30e-34	5.88e-25	6.16e-17	1.30e-09	1.34e-01	8.60e-01	6.00e-03	0.00e+00	0.00e+00	0.00e+00	0.00e+00	0.00e+00	2.29e-113
 2.24002e+13	1.04e-33	7.82e-25	7.67e-17	1.50e-09	1.43e-01	8.51e-01	5.50e-03	0.00e+00	0.00e+00	0.00e+00	0.00e+00	0.00e+00	4.59e-96
 2.30634e+13	1.42e-33	1.01e-24	9.36e-17	1.72e-09	1.52e-01	8.43e-01	5.08e-03	0.00e+00	0.00e+00	0.00e+00	0.00e+00	0.00e+00	1.41e-277
 2.38214e+13	2.02e-33	1.34e-24	1.16e-16	1.99e-09	1.63e-01	8.32e-01	4.65e-03	0.00e+00	0.00e+00	0.00e+00	0.00e+00	0.00e+00	3.43e-112
 2.47498e+13	3.05e-33	1.88e-24	1.51e-16	2.36e-09	1.77e-01	8.19e-01	4.18e-03	0.00e+00	0.00e+00	0.00e+00	0.00e+00	0.00e+00	5.09e-95
 2.56732e+13	4.52e-33	2.58e-24	1.93e-16	2.78e-09	1.90e-01	8.06e-01	3.77e-03	0.00e+00	0.00e+00	0.00e+00	0.00e+00	0.00e+00	2.94e-111
 2.64788e+13	6.27e-33	3.36e-24	2.37e-16	3.19e-09	2.02e-01	7.94e-01	3.46e-03	0.00e+00	0.00e+00	0.00e+00	0.00e+00	0.00e+00	2.54e-94
 2.73578e+13	8.83e-33	4.45e-24	2.93e-16	3.68e-09	2.16e-01	7.81e-01	3.15e-03	0.00e+00	0.00e+00	0.00e+00	0.00e+00	0.00e+00	1.78e-110
 2.84266e+13	1.32e-32	6.15e-24	3.77e-16	4.35e-09	2.32e-01	7.65e-01	2.82e-03	0.00e+00	0.00e+00	0.00e+00	0.00e+00	0.00e+00	1.34e-93
 2.95164e+13	1.95e-32	8.44e-24	4.82e-16	5.11e-09	2.49e-01	7.48e-01	2.52e-03	0.00e+00	0.00e+00	0.00e+00	0.00e+00	0.00e+00	1.51e-109
 3.05223e+13	2.75e-32	1.11e-23	5.97e-16	5.89e-09	2.65e-01	7.33e-01	2.28e-03	0.00e+00	0.00e+00	0.00e+00	0.00e+00	0.00e+00	6.99e-93
 3.16451e+13	3.96e-32	1.50e-23	7.51e-16	6.84e-09	2.83e-01	7.15e-01	2.05e-03	0.00e+00	0.00e+00	0.00e+00	0.00e+00	0.00e+00	1.05e-108
 3.29403e+13	5.93e-32	2.08e-23	9.66e-16	8.08e-09	3.03e-01	6.95e-01	1.81e-03	0.00e+00	0.00e+00	0.00e+00	0.00e+00	0.00e+00	3.99e-92
 3.42115e+13	8.65e-32	2.82e-23	1.22e-15	9.42e-09	3.22e-01	6.76e-01	1.61e-03	0.00e+00	0.00e+00	0.00e+00	0.00e+00	0.00e+00	8.95e-108
 3.54322e+13	1.22e-31	3.73e-23	1.51e-15	1.08e-08	3.41e-01	6.57e-01	1.45e-03	0.00e+00	0.00e+00	0.00e+00	0.00e+00	0.00e+00	2.07e-91
 3.67782e+13	1.76e-31	5.00e-23	1.90e-15	1.25e-08	3.61e-01	6.37e-01	1.29e-03	0.00e+00	0.00e+00	0.00e+00	0.00e+00	0.00e+00	6.41e-107
 3.82792e+13	2.58e-31	6.83e-23	2.41e-15	1.46e-08	3.84e-01	6.15e-01	1.13e-03	0.00e+00	0.00e+00	0.00e+00	0.00e+00	0.00e+00	1.16e-90
 3.96462e+13	3.61e-31	8.95e-23	2.96e-15	1.67e-08	4.04e-01	5.95e-01	1.01e-03	0.00e+00	0.00e+00	0.00e+00	0.00e+00	0.00e+00	4.86e-106
 4.08005e+13	4.74e-31	1.11e-22	3.50e-15	1.86e-08	4.20e-01	5.79e-01	9.21e-04	0.00e+00	0.00e+00	0.00e+00	0.00e+00	0.00e+00	4.72e-90
 4.20713e+13	6.32e-31	1.40e-22	4.17e-15	2.08e-08	4.37e-01	5.62e-01	8.33e-04	0.00e+00	0.00e+00	0.00e+00	0.00e+00	0.00e+00	2.38e-105
 4.35063e+13	8.65e-31	1.81e-22	5.05e-15	2.35e-08	4.57e-01	5.42e-01	7.45e-04	0.00e+00	0.00e+00	0.00e+00	0.00e+00	0.00e+00	1.92e-89
 4.48808e+13	1.15e-30	2.27e-22	6.02e-15	2.62e-08	4.75e-01	5.24e-01	6.71e-04	0.00e+00	0.00e+00	0.00e+00	0.00e+00	0.00e+00	1.32e-104
 4.63937e+13	1.56e-30	2.90e-22	7.23e-15	2.94e-08	4.94e-01	5.05e-01	6.00e-04	0.00e+00	0.00e+00	0.00e+00	0.00e+00	0.00e+00	7.74e-89
 4.80749e+13	2.16e-30	3.76e-22	8.80e-15	3.33e-08	5.15e-01	4.85e-01	5.32e-04	0.00e+00	0.00e+00	0.00e+00	0.00e+00	0.00e+00	8.12e-104
 4.96511e+13	2.89e-30	4.74e-22	1.05e-14	3.71e-08	5.33e-01	4.66e-01	4.76e-04	0.00e+00	0.00e+00	0.00e+00	0.00e+00	0.00e+00	3.33e-88
 5.13764e+13	3.92e-30	6.05e-22	1.26e-14	4.16e-08	5.52e-01	4.47e-01	4.22e-04	0.00e+00	0.00e+00	0.00e+00	0.00e+00	0.00e+00	4.63e-103
 5.33175e+13	5.45e-30	7.87e-22	1.53e-14	4.70e-08	5.73e-01	4.26e-01	3.71e-04	0.00e+00	0.00e+00	0.00e+00	0.00e+00	0.00e+00	1.53e-87
 5.51723e+13	7.37e-30	1.00e-21	1.83e-14	5.24e-08	5.92e-01	4.08e-01	3.28e-04	0.00e+00	0.00e+00	0.00e+00	0.00e+00	0.00e+00	2.97e-102
 5.68865e+13	9.63e-30	1.24e-21	2.15e-14	5.77e-08	6.09e-01	3.91e-01	2.94e-04	0.00e+00	0.00e+00	0.00e+00	0.00e+00	0.00e+00	6.08e-87
 5.87843e+13	1.28e-29	1.55e-21	2.54e-14	6.39e-08	6.26e-01	3.74e-01	2.62e-04	0.00e+00	0.00e+00	0.00e+00	0.00e+00	0.00e+00	1.54e-101
 6.09122e+13	1.74e-29	1.98e-21	3.05e-14	7.13e-08	6.45e-01	3.55e-01	2.30e-04	0.00e+00	0.00e+00	0.00e+00	0.00e+00	0.00e+00	2.59e-86
 6.29226e+13	2.30e-29	2.47e-21	3.59e-14	7.87e-08	6.61e-01	3.39e-01	2.04e-04	0.00e+00	0.00e+00	0.00e+00	0.00e+00	0.00e+00	8.94e-101
 6.51194e+13	3.08e-29	3.11e-21	4.26e-14	8.71e-08	6.78e-01	3.22e-01	1.80e-04	0.00e+00	0.00e+00	0.00e+00	0.00e+00	0.00e+00	1.06e-85
 6.75523e+13	4.21e-29	3.97e-21	5.10e-14	9.69e-08	6.96e-01	3.04e-01	1.57e-04	0.00e+00	0.00e+00	0.00e+00	0.00e+00	0.00e+00	5.57e-100
 6.98133e+13	5.55e-29	4.94e-21	5.99e-14	1.07e-07	7.11e-01	2.89e-01	1.39e-04	0.00e+00	0.00e+00	0.00e+00	0.00e+00	0.00e+00	4.58e-85
 7.22734e+13	7.42e-29	6.20e-21	7.07e-14	1.17e-07	7.26e-01	2.74e-01	1.22e-04	0.00e+00	0.00e+00	0.00e+00	0.00e+00	0.00e+00	3.15e-99
 7.50244e+13	1.01e-28	7.92e-21	8.46e-14	1.30e-07	7.42e-01	2.58e-01	1.06e-04	0.00e+00	0.00e+00	0.00e+00	0.00e+00	0.00e+00	2.07e-84
 7.76206e+13	1.34e-28	9.89e-21	9.93e-14	1.43e-07	7.56e-01	2.44e-01	9.28e-05	0.00e+00	0.00e+00	0.00e+00	0.00e+00	0.00e+00	1.96e-98
 8.04484e+13	1.81e-28	1.25e-20	1.17e-13	1.58e-07	7.70e-01	2.30e-01	8.10e-05	0.00e+00	0.00e+00	0.00e+00	0.00e+00	0.00e+00	8.98e-84
 8.36022e+13	2.48e-28	1.60e-20	1.41e-13	1.75e-07	7.85e-01	2.15e-01	6.98e-05	0.00e+00	0.00e+00	0.00e+00	0.00e+00	0.00e+00	1.31e-97
 8.65952e+13	3.31e-28	2.00e-20	1.65e-13	1.92e-07	7.97e-01	2.02e-01	6.09e-05	0.00e+00	0.00e+00	0.00e+00	0.00e+00	0.00e+00	4.19e-83
 8.98019e+13	4.45e-28	2.52e-20	1.95e-13	2.11e-07	8.10e-01	1.90e-01	5.29e-05	0.00e+00	0.00e+00	0.00e+00	0.00e+00	0.00e+00	8.11e-97
 9.34239e+13	6.14e-28	3.23e-20	2.33e-13	2.33e-07	8.23e-01	1.77e-01	4.53e-05	0.00e+00	0.00e+00	0.00e+00	0.00e+00	0.00e+00	2.05e-82
 9.70057e+13	8.33e-28	4.09e-20	2.77e-13	2.56e-07	8.34e-01	1.66e-01	3.91e-05	0.00e+00	0.00e+00	0.00e+00	0.00e+00	0.00e+00	5.79e-96
 1.00731e+14	1.13e-27	5.18e-20	3.27e-13	2.81e-07	8.45e-01	1.55e-01	3.37e-05	0.00e+00	0.00e+00	0.00e+00	0.00e+00	0.00e+00	9.97e-82
 1.04790e+14	1.55e-27	6.63e-20	3.90e-13	3.10e-07	8.56e-01	1.44e-01	2.89e-05	0.00e+00	0.00e+00	0.00e+00	0.00e+00	0.00e+00	4.14e-95
 1.09011e+14	2.13e-27	8.48e-20	4.64e-13	3.41e-07	8.66e-01	1.34e-01	2.47e-05	0.00e+00	0.00e+00	0.00e+00	0.00e+00	0.00e+00	5.24e-81
 1.13402e+14	2.93e-27	1.08e-19	5.52e-13	3.76e-07	8.75e-01	1.25e-01	2.11e-05	0.00e+00	0.00e+00	0.00e+00	0.00e+00	0.00e+00	3.10e-94
 1.17707e+14	3.94e-27	1.36e-19	6.49e-13	4.10e-07	8.84e-01	1.16e-01	1.82e-05	0.00e+00	0.00e+00	0.00e+00	0.00e+00	0.00e+00	2.62e-80
 1.21704e+14	5.15e-27	1.67e-19	7.50e-13	4.44e-07	8.91e-01	1.09e-01	1.59e-05	0.00e+00	0.00e+00	0.00e+00	0.00e+00	0.00e+00	1.88e-93
 1.26123e+14	6.85e-27	2.08e-19	8.74e-13	4.82e-07	8.98e-01	1.02e-01	1.38e-05	0.00e+00	0.00e+00	0.00e+00	0.00e+00	0.00e+00	1.12e-79
 1.30668e+14	9.09e-27	2.59e-19	1.02e-12	5.24e-07	9.04e-01	9.55e-02	1.20e-05	0.00e+00	0.00e+00	0.00e+00	0.00e+00	0.00e+00	1.15e-92
 1.34467e+14	1.14e-26	3.08e-19	1.15e-12	5.59e-07	9.10e-01	9.04e-02	1.07e-05	0.00e+00	0.00e+00	0.00e+00	0.00e+00	0.00e+00	4.35e-79
 1.38474e+14	1.44e-26	3.69e-19	1.30e-12	5.98e-07	9.14e-01	8.55e-02	9.53e-06	0.00e+00	0.00e+00	0.00e+00	0.00e+00	0.00e+00	5.07e-92
 1.43569e+14	1.92e-26	4.59e-19	1.52e-12	6.49e-07	9.20e-01	7.98e-02	8.25e-06	0.00e+00	0.00e+00	0.00e+00	0.00e+00	0.00e+00	1.74e-78
 1.48889e+14	2.57e-26	5.73e-19	1.77e-12	7.04e-07	9.26e-01	7.44e-02	7.13e-06	0.00e+00	0.00e+00	0.00e+00	0.00e+00	0.00e+00	3.23e-91
 1.53601e+14	3.29e-26	6.93e-19	2.02e-12	7.54e-07	9.30e-01	7.01e-02	6.30e-06	0.00e+00	0.00e+00	0.00e+00	0.00e+00	0.00e+00	7.35e-78
 1.58713e+14	4.27e-26	8.45e-19	2.31e-12	8.11e-07	9.34e-01	6.58e-02	5.53e-06	0.00e+00	0.00e+00	0.00e+00	0.00e+00	0.00e+00	1.66e-90
 1.64423e+14	5.66e-26	1.05e-18	2.68e-12	8.77e-07	9.39e-01	6.15e-02	4.80e-06	0.00e+00	0.00e+00	0.00e+00	0.00e+00	0.00e+00	3.13e-77
 1.69771e+14	7.30e-26	1.27e-18	3.06e-12	9.40e-07	9.42e-01	5.78e-02	4.23e-06	0.00e+00	0.00e+00	0.00e+00	0.00e+00	0.00e+00	9.36e-90
 1.75585e+14	9.54e-26	1.56e-18	3.52e-12	1.01e-06	9.46e-01	5.41e-02	3.70e-06	0.00e+00	0.00e+00	0.00e+00	0.00e+00	0.00e+00	1.28e-76
 1.82061e+14	1.27e-25	1.94e-18	4.09e-12	1.09e-06	9.50e-01	5.04e-02	3.20e-06	0.00e+00	0.00e+00	0.00e+00	0.00e+00	0.00e+00	2.78e-76
 1.88114e+14	1.65e-25	2.36e-18	4.68e-12	1.17e-06	9.53e-01	4.73e-02	2.81e-06	0.00e+00	0.00e+00	0.00e+00	0.00e+00	0.00e+00	5.63e-76
 1.94698e+14	2.17e-25	2.90e-18	5.39e-12	1.26e-06	9.56e-01	4.43e-02	2.45e-06	0.00e+00	0.00e+00	0.00e+00	0.00e+00	0.00e+00	1.18e-75
 2.02059e+14	2.91e-25	3.63e-18	6.28e-12	1.36e-06	9.59e-01	4.12e-02	2.11e-06	0.00e+00	0.00e+00	0.00e+00	0.00e+00	0.00e+00	2.63e-75
 2.08981e+14	3.81e-25	4.44e-18	7.20e-12	1.46e-06	9.61e-01	3.86e-02	1.85e-06	0.00e+00	0.00e+00	0.00e+00	0.00e+00	0.00e+00	5.45e-75
 2.16524e+14	5.06e-25	5.50e-18	8.32e-12	1.58e-06	9.64e-01	3.60e-02	1.60e-06	0.00e+00	0.00e+00	0.00e+00	0.00e+00	0.00e+00	1.18e-74
 2.24961e+14	6.85e-25	6.92e-18	9.72e-12	1.71e-06	9.67e-01	3.34e-02	1.38e-06	0.00e+00	0.00e+00	0.00e+00	0.00e+00	0.00e+00	2.69e-74
 2.32939e+14	9.04e-25	8.53e-18	1.12e-11	1.84e-06	9.69e-01	3.12e-02	1.20e-06	0.00e+00	0.00e+00	0.00e+00	0.00e+00	0.00e+00	5.72e-74
 2.41489e+14	1.21e-24	1.06e-17	1.30e-11	1.98e-06	9.71e-01	2.91e-02	1.04e-06	0.00e+00	0.00e+00	0.00e+00	0.00e+00	0.00e+00	1.25e-73
 2.51178e+14	1.65e-24	1.34e-17	1.52e-11	2.15e-06	9.73e-01	2.69e-02	8.88e-07	0.00e+00	0.00e+00	0.00e+00	0.00e+00	0.00e+00	2.94e-73
 2.60694e+14	2.22e-24	1.68e-17	1.77e-11	2.32e-06	9.75e-01	2.50e-02	0.00e+00	0.00e+00	0.00e+00	0.00e+00	0.00e+00	0.00e+00	6.60e-73
 2.70590e+14	2.98e-24	2.10e-17	2.05e-11	2.50e-06	9.77e-01	2.32e-02	0.00e+00	0.00e+00	0.00e+00	0.00e+00	0.00e+00	0.00e+00	1.48e-72
 2.81443e+14	4.07e-24	2.65e-17	2.41e-11	2.71e-06	9.78e-01	2.15e-02	0.00e+00	0.00e+00	0.00e+00	0.00e+00	0.00e+00	0.00e+00	3.49e-72
 2.92445e+14	5.53e-24	3.34e-17	2.81e-11	2.94e-06	9.80e-01	1.99e-02	0.00e+00	0.00e+00	0.00e+00	0.00e+00	0.00e+00	0.00e+00	8.02e-72
 3.03888e+14	7.49e-24	4.20e-17	3.28e-11	3.18e-06	9.82e-01	1.85e-02	0.00e+00	0.00e+00	0.00e+00	0.00e+00	0.00e+00	0.00e+00	1.84e-71
 3.15369e+14	1.01e-23	5.24e-17	3.81e-11	3.43e-06	9.83e-01	1.72e-02	0.00e+00	0.00e+00	0.00e+00	0.00e+00	1.68e-17	3.56e-17	4.12e-71
 3.26218e+14	1.32e-23	6.42e-17	4.36e-11	3.67e-06	9.84e-01	1.60e-02	0.00e+00	0.00e+00	0.00e+00	0.00e+00	2.13e-17	4.29e-17	8.59e-71
 3.38206e+14	1.75e-23	7.96e-17	5.04e-11	3.95e-06	9.85e-01	1.49e-02	0.00e+00	0.00e+00	0.00e+00	0.00e+00	2.64e-17	5.32e-17	1.88e-70
 3.50212e+14	2.31e-23	9.81e-17	5.81e-11	4.25e-06	9.86e-01	1.39e-02	0.00e+00	0.00e+00	0.00e+00	0.00e+00	3.26e-17	6.56e-17	3.99e-70
 3.60132e+14	2.88e-23	1.16e-16	6.50e-11	4.50e-06	9.87e-01	1.32e-02	0.00e+00	0.00e+00	0.00e+00	0.00e+00	3.85e-17	7.75e-17	7.31e-70
 3.70621e+14	3.62e-23	1.38e-16	7.30e-11	4.77e-06	9.88e-01	1.24e-02	0.00e+00	0.00e+00	0.00e+00	0.00e+00	4.57e-17	9.20e-17	1.36e-69
 3.84095e+14	4.80e-23	1.70e-16	8.44e-11	5.14e-06	9.88e-01	1.16e-02	0.00e+00	0.00e+00	0.00e+00	0.00e+00	5.65e-17	1.14e-16	2.93e-69
 3.98264e+14	6.39e-23	2.12e-16	9.77e-11	5.53e-06	9.89e-01	1.08e-02	0.00e+00	0.00e+00	0.00e+00	0.00e+00	7.02e-17	1.41e-16	6.40e-69
 4.10736e+14	8.16e-23	2.54e-16	1.11e-10	5.89e-06	9.90e-01	1.01e-02	0.00e+00	0.00e+00	0.00e+00	0.00e+00	8.44e-17	1.70e-16	1.26e-68
 4.24190e+14	1.05e-22	3.08e-16	1.26e-10	6.30e-06	9.91e-01	9.46e-03	0.00e+00	0.00e+00	0.00e+00	0.00e+00	1.02e-16	2.06e-16	2.49e-68
 4.40446e+14	1.42e-22	3.86e-16	1.47e-10	6.81e-06	9.91e-01	8.77e-03	0.00e+00	0.00e+00	0.00e+00	0.00e+00	1.28e-16	2.58e-16	5.58e-68
 4.56944e+14	1.89e-22	4.81e-16	1.71e-10	7.35e-06	9.92e-01	8.14e-03	0.00e+00	0.00e+00	0.00e+00	0.00e+00	1.60e-16	3.21e-16	1.23e-67
 4.72334e+14	2.46e-22	5.87e-16	1.95e-10	7.87e-06	9.92e-01	7.61e-03	0.00e+00	0.00e+00	0.00e+00	0.00e+00	1.95e-16	3.92e-16	2.52e-67
 4.89489e+14	3.26e-22	7.26e-16	2.26e-10	8.47e-06	9.93e-01	7.07e-03	0.00e+00	0.00e+00	0.00e+00	0.00e+00	2.41e-16	4.85e-16	5.39e-67
 5.07753e+14	4.36e-22	9.04e-16	2.62e-10	9.14e-06	9.93e-01	6.56e-03	0.00e+00	0.00e+00	0.00e+00	0.00e+00	3.00e-16	6.04e-16	1.19e-66
 5.23978e+14	5.58e-22	1.09e-15	2.98e-10	9.75e-06	9.94e-01	6.16e-03	0.00e+00	0.00e+00	0.00e+00	0.00e+00	3.62e-16	7.29e-16	2.33e-66
 5.41396e+14	7.23e-22	1.33e-15	3.40e-10	1.04e-05	9.94e-01	5.76e-03	0.00e+00	0.00e+00	0.00e+00	0.00e+00	4.40e-16	8.86e-16	4.69e-66
 5.62280e+14	9.75e-22	1.66e-15	3.97e-10	1.13e-05	9.95e-01	5.33e-03	0.00e+00	0.00e+00	0.00e+00	0.00e+00	5.52e-16	1.11e-15	1.06e-65
 5.82831e+14	1.29e-21	2.06e-15	4.60e-10	1.22e-05	9.95e-01	4.95e-03	0.00e+00	0.00e+00	0.00e+00	0.00e+00	6.84e-16	1.38e-15	2.28e-65
 6.01103e+14	1.65e-21	2.48e-15	5.22e-10	1.30e-05	9.95e-01	4.65e-03	0.00e+00	0.00e+00	0.00e+00	0.00e+00	8.23e-16	1.66e-15	4.42e-65
 6.21252e+14	2.14e-21	3.02e-15	5.97e-10	1.39e-05	9.96e-01	4.34e-03	0.00e+00	0.00e+00	0.00e+00	0.00e+00	1.00e-15	2.02e-15	8.94e-65
 6.45309e+14	2.88e-21	3.79e-15	6.96e-10	1.51e-05	9.96e-01	4.02e-03	0.00e+00	0.00e+00	0.00e+00	0.00e+00	1.26e-15	2.53e-15	2.01e-64
 6.69172e+14	3.84e-21	4.70e-15	8.07e-10	1.62e-05	9.96e-01	3.73e-03	0.00e+00	0.00e+00	0.00e+00	0.00e+00	1.56e-15	3.14e-15	4.38e-64
 6.90901e+14	4.93e-21	5.69e-15	9.19e-10	1.74e-05	9.96e-01	3.49e-03	0.00e+00	0.00e+00	0.00e+00	0.00e+00	1.89e-15	3.80e-15	8.67e-64
 7.15129e+14	6.46e-21	6.98e-15	1.06e-09	1.87e-05	9.97e-01	3.25e-03	0.00e+00	0.00e+00	0.00e+00	0.00e+00	2.31e-15	4.67e-15	1.80e-63
 7.43414e+14	8.76e-21	8.79e-15	1.24e-09	2.02e-05	9.97e-01	3.00e-03	0.00e+00	0.00e+00	0.00e+00	0.00e+00	2.91e-15	5.88e-15	4.13e-63
 7.71234e+14	1.17e-20	1.09e-14	1.44e-09	2.18e-05	9.97e-01	2.78e-03	0.00e+00	0.00e+00	0.00e+00	0.00e+00	3.63e-15	7.31e-15	9.06e-63
 7.97423e+14	1.52e-20	1.33e-14	1.64e-09	2.34e-05	9.97e-01	2.60e-03	0.00e+00	0.00e+00	0.00e+00	0.00e+00	4.42e-15	8.92e-15	1.84e-62
 8.26607e+14	2.01e-20	1.65e-14	1.90e-09	2.52e-05	9.98e-01	2.41e-03	0.00e+00	0.00e+00	0.00e+00	0.00e+00	5.47e-15	1.10e-14	3.97e-62
 8.59701e+14	2.73e-20	2.08e-14	2.23e-09	2.73e-05	9.98e-01	2.22e-03	0.00e+00	0.00e+00	0.00e+00	0.00e+00	6.90e-15	1.39e-14	9.14e-62
 8.92731e+14	3.67e-20	2.61e-14	2.59e-09	2.95e-05	9.98e-01	2.06e-03	0.00e+00	0.00e+00	0.00e+00	0.00e+00	8.63e-15	1.74e-14	2.05e-61
 9.23607e+14	4.79e-20	3.19e-14	2.97e-09	3.17e-05	9.98e-01	1.92e-03	0.00e+00	0.00e+00	0.00e+00	0.00e+00	1.05e-14	2.13e-14	4.23e-61
 9.57107e+14	6.32e-20	3.93e-14	3.43e-09	3.41e-05	9.98e-01	1.78e-03	0.00e+00	0.00e+00	0.00e+00	0.00e+00	1.30e-14	2.63e-14	9.06e-61
 9.94627e+14	8.54e-20	4.94e-14	4.01e-09	3.69e-05	9.98e-01	1.65e-03	0.00e+00	0.00e+00	0.00e+00	0.00e+00	1.63e-14	3.30e-14	2.05e-60
 1.02957e+15	1.12e-19	6.06e-14	4.61e-09	3.96e-05	9.98e-01	1.53e-03	0.00e+00	0.00e+00	0.00e+00	0.00e+00	2.01e-14	4.06e-14	4.32e-60
 1.06184e+15	1.42e-19	7.28e-14	5.22e-09	4.22e-05	9.99e-01	1.44e-03	0.00e+00	0.00e+00	0.00e+00	0.00e+00	2.41e-14	4.87e-14	8.33e-60
 1.09300e+15	1.79e-19	8.64e-14	5.86e-09	4.47e-05	9.99e-01	1.36e-03	0.00e+00	0.00e+00	0.00e+00	0.00e+00	2.86e-14	5.78e-14	1.55e-59
 1.12773e+15	2.28e-19	1.04e-13	6.65e-09	4.77e-05	9.99e-01	1.27e-03	0.00e+00	0.00e+00	0.00e+00	0.00e+00	3.44e-14	6.95e-14	3.02e-59
 1.16613e+15	2.97e-19	1.27e-13	7.60e-09	5.11e-05	9.99e-01	1.19e-03	0.00e+00	0.00e+00	0.00e+00	0.00e+00	4.19e-14	8.48e-14	6.21e-59
 1.20181e+15	3.75e-19	1.51e-13	8.58e-09	5.44e-05	9.99e-01	1.11e-03	0.00e+00	0.00e+00	0.00e+00	0.00e+00	5.01e-14	1.01e-13	1.18e-58
 1.24074e+15	4.83e-19	1.83e-13	9.75e-09	5.80e-05	9.99e-01	1.04e-03	0.00e+00	0.00e+00	0.00e+00	0.00e+00	6.05e-14	1.23e-13	2.35e-58
 1.28463e+15	6.33e-19	2.25e-13	1.12e-08	6.23e-05	9.99e-01	9.72e-04	0.00e+00	0.00e+00	0.00e+00	0.00e+00	7.43e-14	1.51e-13	4.95e-58
 1.32643e+15	8.16e-19	2.72e-13	1.28e-08	6.65e-05	9.99e-01	9.10e-04	0.00e+00	0.00e+00	0.00e+00	0.00e+00	9.00e-14	1.82e-13	9.92e-58
 1.37227e+15	1.07e-18	3.33e-13	1.46e-08	7.13e-05	9.99e-01	8.49e-04	0.00e+00	0.00e+00	0.00e+00	0.00e+00	1.10e-13	2.23e-13	2.07e-57
 1.42278e+15	1.42e-18	4.13e-13	1.69e-08	7.68e-05	9.99e-01	7.88e-04	0.00e+00	0.00e+00	0.00e+00	0.00e+00	1.36e-13	2.77e-13	4.51e-57
 1.46918e+15	1.82e-18	5.00e-13	1.93e-08	8.19e-05	9.99e-01	7.38e-04	0.00e+00	0.00e+00	0.00e+00	0.00e+00	1.65e-13	3.35e-13	9.02e-57
 1.51929e+15	2.37e-18	6.10e-13	2.20e-08	8.77e-05	9.99e-01	6.89e-04	0.00e+00	0.00e+00	0.00e+00	0.00e+00	2.01e-13	4.09e-13	1.86e-56
 1.57544e+15	3.15e-18	7.57e-13	2.55e-08	9.45e-05	9.99e-01	6.39e-04	0.00e+00	0.00e+00	0.00e+00	0.00e+00	2.50e-13	5.07e-13	4.07e-56
 1.62835e+15	4.09e-18	9.21e-13	2.91e-08	1.01e-04	9.99e-01	5.97e-04	0.00e+00	0.00e+00	0.00e+00	0.00e+00	3.04e-13	6.17e-13	8.32e-56
 1.68606e+15	5.37e-18	1.13e-12	3.35e-08	1.09e-04	9.99e-01	5.55e-04	0.00e+00	0.00e+00	0.00e+00	0.00e+00	3.73e-13	7.59e-13	1.76e-55
 1.75016e+15	7.20e-18	1.41e-12	3.89e-08	1.17e-04	9.99e-01	5.14e-04	0.00e+00	0.00e+00	0.00e+00	0.00e+00	4.66e-13	9.47e-13	3.95e-55
 1.80995e+15	9.35e-18	1.72e-12	4.45e-08	1.26e-04	9.99e-01	4.79e-04	0.00e+00	0.00e+00	0.00e+00	0.00e+00	5.67e-13	1.16e-12	8.09e-55
 1.87504e+15	1.23e-17	2.12e-12	5.13e-08	1.35e-04	9.99e-01	4.46e-04	0.00e+00	0.00e+00	0.00e+00	0.00e+00	7.00e-13	1.43e-12	1.74e-54
 1.94794e+15	1.66e-17	2.66e-12	5.98e-08	1.46e-04	9.99e-01	4.12e-04	0.00e+00	0.00e+00	0.00e+00	0.00e+00	8.76e-13	1.79e-12	3.94e-54
 2.01692e+15	2.17e-17	3.27e-12	6.89e-08	1.57e-04	9.99e-01	3.83e-04	0.00e+00	0.00e+00	0.00e+00	0.00e+00	1.08e-12	2.19e-12	8.27e-54
 2.09080e+15	2.87e-17	4.04e-12	7.96e-08	1.69e-04	9.99e-01	3.55e-04	0.00e+00	0.00e+00	0.00e+00	0.00e+00	1.33e-12	2.71e-12	1.79e-53
 2.17446e+15	3.89e-17	5.10e-12	9.33e-08	1.83e-04	9.99e-01	3.27e-04	0.00e+00	0.00e+00	0.00e+00	0.00e+00	1.67e-12	3.42e-12	4.13e-53
 2.25668e+15	5.17e-17	6.34e-12	1.08e-07	1.98e-04	9.99e-01	3.02e-04	0.00e+00	4.26e-18	1.28e-17	2.14e-17	2.08e-12	4.25e-12	9.07e-53
 2.34218e+15	6.88e-17	7.88e-12	1.26e-07	2.14e-04	1.00e+00	2.79e-04	0.00e+00	5.66e-18	1.70e-17	2.84e-17	2.59e-12	5.29e-12	2.00e-52
 2.43590e+15	9.29e-17	9.92e-12	1.48e-07	2.33e-04	1.00e+00	2.57e-04	0.00e+00	7.65e-18	2.30e-17	3.84e-17	3.26e-12	6.67e-12	4.59e-52
 2.52823e+15	1.23e-16	1.23e-11	1.72e-07	2.52e-04	1.00e+00	2.37e-04	0.00e+00	1.01e-17	3.05e-17	5.09e-17	4.04e-12	8.28e-12	1.00e-51
 2.60469e+15	1.55e-16	1.47e-11	1.94e-07	2.68e-04	1.00e+00	2.22e-04	0.00e+00	1.27e-17	3.83e-17	6.40e-17	4.81e-12	9.87e-12	1.89e-51
 2.66642e+15	1.84e-16	1.68e-11	2.14e-07	2.82e-04	1.00e+00	2.11e-04	0.00e+00	1.52e-17	4.56e-17	7.62e-17	5.51e-12	1.13e-11	3.06e-51
 2.73501e+15	2.23e-16	1.95e-11	2.37e-07	2.98e-04	1.00e+00	2.00e-04	0.00e+00	1.84e-17	5.52e-17	9.22e-17	6.39e-12	1.31e-11	5.20e-51
 2.82417e+15	2.83e-16	2.35e-11	2.70e-07	3.20e-04	9.99e-01	1.86e-04	0.00e+00	2.34e-17	7.02e-17	1.17e-16	7.69e-12	1.58e-11	1.01e-50
 2.91969e+15	3.62e-16	2.84e-11	3.10e-07	3.44e-04	9.99e-01	1.73e-04	0.00e+00	2.99e-17	8.98e-17	1.50e-16	9.31e-12	1.91e-11	2.02e-50
 3.00432e+15	4.47e-16	3.35e-11	3.48e-07	3.66e-04	9.99e-01	1.63e-04	0.00e+00	3.69e-17	1.11e-16	1.85e-16	1.10e-11	2.25e-11	3.64e-50
 3.09519e+15	5.56e-16	3.98e-11	3.93e-07	3.91e-04	9.99e-01	1.52e-04	0.00e+00	4.60e-17	1.38e-16	2.31e-16	1.30e-11	2.67e-11	6.73e-50
 3.20949e+15	7.23e-16	4.89e-11	4.56e-07	4.24e-04	9.99e-01	1.40e-04	0.00e+00	5.98e-17	1.80e-16	3.00e-16	1.60e-11	3.29e-11	1.40e-49
 3.32545e+15	9.36e-16	5.98e-11	5.28e-07	4.58e-04	9.99e-01	1.30e-04	0.00e+00	7.75e-17	2.33e-16	3.89e-16	1.96e-11	4.03e-11	2.92e-49
 3.42535e+15	1.16e-15	7.08e-11	5.95e-07	4.89e-04	9.99e-01	1.22e-04	0.00e+00	9.60e-17	2.88e-16	4.82e-16	2.32e-11	4.76e-11	5.36e-49
 3.53319e+15	1.44e-15	8.42e-11	6.76e-07	5.25e-04	9.99e-01	1.13e-04	0.00e+00	1.19e-16	3.59e-16	5.99e-16	2.76e-11	5.67e-11	9.98e-49
 3.66603e+15	1.83e-15	1.04e-10	7.87e-07	5.70e-04	9.99e-01	1.04e-04	0.00e+00	1.52e-16	4.57e-16	7.64e-16	3.39e-11	6.98e-11	2.09e-48
 3.80080e+15	2.35e-15	1.27e-10	9.12e-07	6.18e-04	9.99e-01	9.60e-05	0.00e+00	1.96e-16	5.87e-16	9.82e-16	4.15e-11	8.55e-11	4.33e-48
 3.92028e+15	2.90e-15	1.51e-10	1.04e-06	6.63e-04	9.99e-01	8.95e-05	0.00e+00	2.42e-16	7.25e-16	1.21e-15	4.93e-11	1.01e-10	8.03e-48
 4.05052e+15	3.63e-15	1.81e-10	1.18e-06	7.14e-04	9.99e-01	8.31e-05	0.00e+00	3.02e-16	9.07e-16	1.52e-15	5.91e-11	1.22e-10	1.55e-47
 4.20662e+15	4.68e-15	2.23e-10	1.38e-06	7.79e-04	9.99e-01	7.62e-05	0.00e+00	3.90e-16	1.17e-15	1.96e-15	7.28e-11	1.50e-10	3.32e-47
 4.36118e+15	5.94e-15	2.72e-10	1.60e-06	8.46e-04	9.99e-01	7.01e-05	0.00e+00	4.96e-16	1.49e-15	2.49e-15	8.88e-11	1.83e-10	6.82e-47
 4.50016e+15	7.29e-15	3.23e-10	1.82e-06	9.09e-04	9.99e-01	6.52e-05	0.00e+00	6.09e-16	1.83e-15	3.06e-15	1.05e-10	2.17e-10	1.28e-46
 4.65411e+15	9.08e-15	3.88e-10	2.09e-06	9.81e-04	9.99e-01	6.03e-05	0.00e+00	7.59e-16	2.28e-15	3.81e-15	1.27e-10	2.61e-10	2.50e-46
 4.83596e+15	1.16e-14	4.77e-10	2.44e-06	1.07e-03	9.99e-01	5.52e-05	0.00e+00	9.72e-16	2.92e-15	4.88e-15	1.56e-10	3.21e-10	5.40e-46
 5.01566e+15	1.46e-14	5.82e-10	2.83e-06	1.17e-03	9.99e-01	5.07e-05	0.00e+00	1.22e-15	3.68e-15	6.14e-15	1.90e-10	3.92e-10	1.12e-45
 5.18193e+15	1.79e-14	6.94e-10	3.23e-06	1.26e-03	9.99e-01	4.71e-05	0.00e+00	1.50e-15	4.51e-15	7.53e-15	2.27e-10	4.67e-10	2.15e-45
 5.36862e+15	2.23e-14	8.39e-10	3.72e-06	1.36e-03	9.99e-01	4.33e-05	0.00e+00	1.87e-15	5.62e-15	9.39e-15	2.75e-10	5.65e-10	4.37e-45
 5.58340e+15	2.83e-14	1.04e-09	4.37e-06	1.49e-03	9.98e-01	3.96e-05	0.00e+00	2.38e-15	7.15e-15	1.19e-14	3.39e-10	6.97e-10	9.64e-45
 5.79391e+15	3.52e-14	1.26e-09	5.07e-06	1.63e-03	9.98e-01	3.63e-05	0.00e+00	2.97e-15	8.92e-15	1.49e-14	4.13e-10	8.50e-10	2.03e-44
 6.01285e+15	4.39e-14	1.54e-09	5.89e-06	1.77e-03	9.98e-01	3.33e-05	0.00e+00	3.71e-15	1.11e-14	1.86e-14	5.04e-10	1.04e-09	4.29e-44
 6.21279e+15	5.29e-14	1.83e-09	6.71e-06	1.91e-03	9.98e-01	3.09e-05	0.00e+00	4.47e-15	1.34e-14	2.24e-14	6.00e-10	1.23e-09	8.13e-44
 6.36137e+15	6.07e-14	2.08e-09	7.38e-06	2.02e-03	9.98e-01	2.92e-05	0.00e+00	5.13e-15	1.54e-14	2.57e-14	6.81e-10	1.40e-09	1.31e-43
 6.51445e+15	6.95e-14	2.36e-09	8.11e-06	2.13e-03	9.98e-01	2.77e-05	0.00e+00	5.89e-15	1.77e-14	2.95e-14	7.73e-10	1.59e-09	2.11e-43
 6.71345e+15	8.24e-14	2.77e-09	9.16e-06	2.29e-03	9.98e-01	2.58e-05	0.00e+00	6.99e-15	2.10e-14	3.50e-14	9.08e-10	1.86e-09	3.88e-43
 6.92875e+15	9.81e-14	3.28e-09	1.04e-05	2.46e-03	9.98e-01	2.40e-05	0.00e+00	8.33e-15	2.50e-14	4.18e-14	1.07e-09	2.20e-09	7.46e-43
 7.12292e+15	1.14e-13	3.79e-09	1.16e-05	2.62e-03	9.97e-01	2.25e-05	0.00e+00	9.73e-15	2.92e-14	4.88e-14	1.24e-09	2.54e-09	1.30e-42
 7.33302e+15	1.35e-13	4.42e-09	1.30e-05	2.80e-03	9.97e-01	2.10e-05	0.00e+00	1.15e-14	3.44e-14	5.74e-14	1.45e-09	2.97e-09	2.39e-42
 7.60082e+15	1.63e-13	5.36e-09	1.51e-05	3.05e-03	9.97e-01	1.94e-05	0.00e+00	1.39e-14	4.18e-14	6.99e-14	1.76e-09	3.60e-09	5.08e-42
 7.87036e+15	1.96e-13	6.44e-09	1.73e-05	3.30e-03	9.97e-01	1.79e-05	0.00e+00	1.67e-14	5.02e-14	8.39e-14	2.12e-09	4.33e-09	1.04e-41
 8.09495e+15	2.28e-13	7.47e-09	1.94e-05	3.52e-03	9.96e-01	1.68e-05	0.00e+00	1.95e-14	5.86e-14	9.78e-14	2.45e-09	5.02e-09	1.87e-41
 8.33437e+15	2.67e-13	8.72e-09	2.17e-05	3.77e-03	9.96e-01	1.57e-05	0.00e+00	2.28e-14	6.86e-14	1.14e-13	2.87e-09	5.86e-09	3.43e-41
 8.63910e+15	3.22e-13	1.06e-08	2.51e-05	4.09e-03	9.96e-01	1.45e-05	0.00e+00	2.76e-14	8.27e-14	1.38e-13	3.48e-09	7.11e-09	7.29e-41
 8.95928e+15	3.87e-13	1.28e-08	2.90e-05	4.45e-03	9.96e-01	1.34e-05	0.00e+00	3.32e-14	9.96e-14	1.66e-13	4.22e-09	8.62e-09	1.53e-40
 9.24520e+15	4.55e-13	1.52e-08	3.29e-05	4.79e-03	9.95e-01	1.25e-05	0.00e+00	3.91e-14	1.17e-13	1.96e-13	4.99e-09	1.02e-08	2.89e-40
 9.55604e+15	5.46e-13	1.81e-08	3.75e-05	5.17e-03	9.95e-01	1.16e-05	0.00e+00	4.69e-14	1.41e-13	2.35e-13	5.95e-09	1.21e-08	5.78e-40
 9.92638e+15	6.69e-13	2.22e-08	4.37e-05	5.64e-03	9.94e-01	1.07e-05	0.00e+00	5.76e-14	1.73e-13	2.89e-13	7.30e-09	1.49e-08	1.26e-39
 1.02906e+16	8.05e-13	2.69e-08	5.04e-05	6.13e-03	9.94e-01	9.91e-06	0.00e+00	6.95e-14	2.09e-13	3.48e-13	8.84e-09	1.80e-08	2.61e-39
 1.06187e+16	9.53e-13	3.17e-08	5.71e-05	6.59e-03	9.93e-01	9.27e-06	0.00e+00	8.23e-14	2.47e-13	4.12e-13	1.04e-08	2.13e-08	4.95e-39
 1.09835e+16	1.14e-12	3.80e-08	6.54e-05	7.12e-03	9.93e-01	8.64e-06	0.00e+00	9.90e-14	2.97e-13	4.96e-13	1.25e-08	2.55e-08	9.92e-39
 1.14135e+16	1.41e-12	4.69e-08	7.63e-05	7.78e-03	9.92e-01	7.99e-06	0.00e+00	1.22e-13	3.65e-13	6.10e-13	1.54e-08	3.14e-08	2.19e-38
 1.18360e+16	1.71e-12	5.70e-08	8.82e-05	8.47e-03	9.91e-01	7.44e-06	0.00e+00	1.48e-13	4.45e-13	7.43e-13	1.88e-08	3.82e-08	4.56e-38
 1.22261e+16	2.04e-12	6.79e-08	1.00e-04	9.12e-03	9.91e-01	6.97e-06	0.00e+00	1.78e-13	5.33e-13	8.89e-13	2.24e-08	4.55e-08	8.83e-38
 1.26657e+16	2.50e-12	8.25e-08	1.16e-04	9.90e-03	9.90e-01	6.51e-06	0.00e+00	2.18e-13	6.53e-13	1.09e-12	2.72e-08	5.52e-08	1.82e-37
 1.30904e+16	2.99e-12	9.85e-08	1.32e-04	1.07e-02	9.89e-01	6.12e-06	0.00e+00	2.61e-13	7.82e-13	1.31e-12	3.25e-08	6.60e-08	3.50e-37
 1.34028e+16	3.40e-12	1.12e-07	1.45e-04	1.13e-02	9.89e-01	5.88e-06	0.00e+00	2.96e-13	8.88e-13	1.48e-12	3.70e-08	7.51e-08	5.57e-37
 1.37161e+16	3.87e-12	1.27e-07	1.59e-04	1.19e-02	9.88e-01	5.63e-06	0.00e+00	3.38e-13	1.01e-12	1.69e-12	4.20e-08	8.52e-08	8.95e-37
 1.41233e+16	4.62e-12	1.50e-07	1.80e-04	1.28e-02	9.87e-01	5.36e-06	0.00e+00	4.04e-13	1.21e-12	2.02e-12	4.96e-08	1.01e-07	1.62e-36
 1.45626e+16	5.49e-12	1.78e-07	2.03e-04	1.37e-02	9.86e-01	5.08e-06	0.00e+00	4.80e-13	1.44e-12	2.40e-12	5.87e-08	1.19e-07	2.97e-36
 1.49547e+16	6.39e-12	2.06e-07	2.26e-04	1.46e-02	9.85e-01	4.86e-06	0.00e+00	5.59e-13	1.68e-12	2.80e-12	6.79e-08	1.38e-07	4.98e-36
 1.53759e+16	7.54e-12	2.40e-07	2.54e-04	1.56e-02	9.84e-01	4.64e-06	0.00e+00	6.61e-13	1.98e-12	3.31e-12	7.95e-08	1.61e-07	8.77e-36
 1.59234e+16	9.35e-12	2.94e-07	2.93e-04	1.69e-02	9.83e-01	4.40e-06	0.00e+00	8.21e-13	2.46e-12	4.11e-12	9.71e-08	1.97e-07	1.76e-35
 1.64741e+16	1.13e-11	3.54e-07	3.37e-04	1.84e-02	9.81e-01	4.18e-06	0.00e+00	9.97e-13	2.99e-12	4.99e-12	1.17e-07	2.37e-07	3.36e-35
 1.69158e+16	1.32e-11	4.11e-07	3.76e-04	1.95e-02	9.80e-01	4.03e-06	0.00e+00	1.16e-12	3.49e-12	5.82e-12	1.36e-07	2.75e-07	5.55e-35
 1.73769e+16	1.57e-11	4.80e-07	4.21e-04	2.09e-02	9.79e-01	3.88e-06	0.00e+00	1.38e-12	4.14e-12	6.91e-12	1.59e-07	3.21e-07	9.46e-35
 1.79762e+16	1.94e-11	5.83e-07	4.85e-04	2.26e-02	9.77e-01	3.70e-06	0.00e+00	1.71e-12	5.13e-12	8.55e-12	1.93e-07	3.90e-07	1.85e-34
 1.86025e+16	2.38e-11	7.09e-07	5.61e-04	2.46e-02	9.75e-01	3.54e-06	0.00e+00	2.11e-12	6.32e-12	1.05e-11	2.35e-07	4.74e-07	3.50e-34
 1.91331e+16	2.83e-11	8.32e-07	6.32e-04	2.63e-02	9.73e-01	3.42e-06	0.00e+00	2.50e-12	7.50e-12	1.25e-11	2.75e-07	5.56e-07	5.89e-34
 1.96921e+16	3.41e-11	9.87e-07	7.16e-04	2.83e-02	9.71e-01	3.31e-06	0.00e+00	3.02e-12	9.05e-12	1.51e-11	3.27e-07	6.60e-07	1.04e-33
 2.04082e+16	4.30e-11	1.22e-06	8.39e-04	3.10e-02	9.68e-01	3.17e-06	0.00e+00	3.81e-12	1.14e-11	1.91e-11	4.05e-07	8.17e-07	2.08e-33
 2.11161e+16	5.33e-11	1.49e-06	9.73e-04	3.38e-02	9.65e-01	3.05e-06	0.00e+00	4.72e-12	1.42e-11	2.36e-11	4.92e-07	9.93e-07	3.84e-33
 2.16771e+16	6.30e-11	1.73e-06	1.09e-03	3.62e-02	9.63e-01	2.99e-06	0.00e+00	5.60e-12	1.68e-11	2.80e-11	5.75e-07	1.16e-06	6.15e-33
 2.22595e+16	7.60e-11	2.05e-06	1.24e-03	3.88e-02	9.60e-01	2.92e-06	0.00e+00	6.75e-12	2.03e-11	3.38e-11	6.78e-07	1.37e-06	1.03e-32
 2.30167e+16	9.63e-11	2.52e-06	1.45e-03	4.24e-02	9.56e-01	2.82e-06	0.00e+00	8.56e-12	2.57e-11	4.29e-11	8.37e-07	1.69e-06	1.99e-32
 2.37779e+16	1.20e-10	3.07e-06	1.68e-03	4.63e-02	9.52e-01	2.74e-06	0.00e+00	1.07e-11	3.20e-11	5.33e-11	1.02e-06	2.05e-06	3.55e-32
 2.43807e+16	1.42e-10	3.58e-06	1.90e-03	4.96e-02	9.49e-01	2.69e-06	0.00e+00	1.26e-11	3.79e-11	6.32e-11	1.19e-06	2.39e-06	5.53e-32
 2.49084e+16	1.65e-10	4.10e-06	2.11e-03	5.26e-02	9.45e-01	2.64e-06	0.00e+00	1.47e-11	4.42e-11	7.37e-11	1.36e-06	2.74e-06	8.24e-32
 2.55020e+16	1.99e-10	4.81e-06	2.38e-03	5.63e-02	9.41e-01	2.59e-06	0.00e+00	1.78e-11	5.33e-11	8.89e-11	1.60e-06	3.21e-06	1.32e-31
 2.61413e+16	2.38e-10	5.65e-06	2.70e-03	6.05e-02	9.37e-01	2.54e-06	0.00e+00	2.13e-11	6.38e-11	1.06e-10	1.88e-06	3.78e-06	2.09e-31
 2.67256e+16	2.82e-10	6.55e-06	3.02e-03	6.46e-02	9.32e-01	2.50e-06	0.00e+00	2.52e-11	7.56e-11	1.26e-10	2.17e-06	4.37e-06	3.16e-31
 2.73704e+16	3.43e-10	7.77e-06	3.45e-03	6.97e-02	9.27e-01	2.46e-06	0.00e+00	3.07e-11	9.22e-11	1.54e-10	2.58e-06	5.19e-06	5.22e-31
 2.80531e+16	4.21e-10	9.23e-06	3.96e-03	7.52e-02	9.21e-01	2.43e-06	0.00e+00	3.77e-11	1.13e-10	1.89e-10	3.07e-06	6.17e-06	8.31e-31
 2.86615e+16	4.99e-10	1.08e-05	4.47e-03	8.05e-02	9.15e-01	2.40e-06	0.00e+00	4.48e-11	1.34e-10	2.24e-10	3.57e-06	7.18e-06	1.26e-30
