#depth	N	N+	N+2	N+3	N+4	N+5	N+6	N+7
 1.49634e+10	0.00e+00	0.00e+00	7.42e-31	2.73e-21	2.73e-12	1.13e-02	8.80e-01	1.08e-01
 4.54887e+10	0.00e+00	6.91e-41	1.03e-30	3.51e-21	3.24e-12	1.23e-02	8.87e-01	1.01e-01
 7.72350e+10	0.00e+00	0.00e+00	1.43e-30	4.50e-21	3.84e-12	1.35e-02	8.93e-01	9.39e-02
 1.10251e+11	0.00e+00	1.56e-40	1.99e-30	5.77e-21	4.55e-12	1.48e-02	8.98e-01	8.73e-02
 1.42979e+11	0.00e+00	0.00e+00	2.71e-30	7.32e-21	5.35e-12	1.62e-02	9.02e-01	8.14e-02
 1.77015e+11	0.00e+00	3.38e-40	3.71e-30	9.27e-21	6.28e-12	1.76e-02	9.07e-01	7.59e-02
 2.10059e+11	0.00e+00	0.00e+00	4.96e-30	1.16e-20	7.31e-12	1.91e-02	9.10e-01	7.10e-02
 2.38444e+11	0.00e+00	6.56e-40	6.33e-30	1.39e-20	8.29e-12	2.04e-02	9.12e-01	6.71e-02
 2.69450e+11	0.00e+00	0.00e+00	8.18e-30	1.69e-20	9.46e-12	2.19e-02	9.15e-01	6.32e-02
 3.07678e+11	0.00e+00	1.32e-39	1.11e-29	2.13e-20	1.11e-11	2.38e-02	9.17e-01	5.89e-02
 3.47241e+11	0.00e+00	0.00e+00	1.51e-29	2.69e-20	1.30e-11	2.59e-02	9.19e-01	5.48e-02
 3.83761e+11	0.00e+00	2.71e-39	1.98e-29	3.30e-20	1.49e-11	2.79e-02	9.21e-01	5.14e-02
 4.24381e+11	0.00e+00	0.00e+00	2.65e-29	4.12e-20	1.73e-11	3.01e-02	9.22e-01	4.79e-02
 4.71251e+11	0.00e+00	5.83e-39	3.67e-29	5.26e-20	2.05e-11	3.29e-02	9.23e-01	4.43e-02
 5.17571e+11	0.00e+00	0.00e+00	4.99e-29	6.65e-20	2.40e-11	3.57e-02	9.23e-01	4.11e-02
 5.65744e+11	0.00e+00	1.26e-38	6.80e-29	8.39e-20	2.80e-11	3.87e-02	9.23e-01	3.81e-02
 6.18300e+11	0.00e+00	0.00e+00	9.41e-29	1.07e-19	3.31e-11	4.22e-02	9.23e-01	3.52e-02
 6.72959e+11	0.00e+00	2.82e-38	1.30e-28	1.37e-19	3.90e-11	4.60e-02	9.22e-01	3.25e-02
 7.29804e+11	0.00e+00	0.00e+00	1.80e-28	1.75e-19	4.60e-11	5.00e-02	9.20e-01	2.99e-02
 7.82164e+11	0.00e+00	6.04e-38	2.40e-28	2.17e-19	5.32e-11	5.39e-02	9.18e-01	2.78e-02
 8.27207e+11	0.00e+00	0.00e+00	3.05e-28	2.60e-19	6.01e-11	5.74e-02	9.16e-01	2.62e-02
 8.77034e+11	0.00e+00	1.12e-37	3.94e-28	3.16e-19	6.84e-11	6.13e-02	9.14e-01	2.45e-02
 9.38264e+11	0.00e+00	0.00e+00	5.36e-28	3.98e-19	7.98e-11	6.63e-02	9.11e-01	2.26e-02
 1.00049e+12	0.00e+00	2.39e-37	7.24e-28	4.99e-19	9.29e-11	7.15e-02	9.08e-01	2.09e-02
 1.05522e+12	0.00e+00	0.00e+00	9.34e-28	6.04e-19	1.06e-10	7.63e-02	9.04e-01	1.96e-02
 1.11404e+12	0.00e+00	4.59e-37	1.22e-27	7.38e-19	1.21e-10	8.15e-02	9.00e-01	1.82e-02
 1.18519e+12	0.00e+00	0.00e+00	1.67e-27	9.33e-19	1.41e-10	8.81e-02	8.95e-01	1.68e-02
 1.25625e+12	0.00e+00	9.87e-37	2.25e-27	1.17e-18	1.64e-10	9.49e-02	8.90e-01	1.55e-02
 1.32005e+12	0.00e+00	0.00e+00	2.92e-27	1.42e-18	1.86e-10	1.01e-01	8.85e-01	1.44e-02
 1.39055e+12	0.00e+00	1.94e-36	3.87e-27	1.75e-18	2.14e-10	1.08e-01	8.78e-01	1.33e-02
 1.47397e+12	1.85e-46	2.90e-36	5.32e-27	2.23e-18	2.51e-10	1.17e-01	8.71e-01	1.22e-02
 1.55646e+12	0.00e+00	0.00e+00	7.24e-27	2.80e-18	2.92e-10	1.26e-01	8.63e-01	1.12e-02
 1.63251e+12	0.00e+00	6.00e-36	9.52e-27	3.44e-18	3.34e-10	1.34e-01	8.56e-01	1.03e-02
 1.71789e+12	6.95e-46	8.72e-36	1.28e-26	4.30e-18	3.86e-10	1.44e-01	8.47e-01	9.48e-03
 1.81284e+12	0.00e+00	0.00e+00	1.77e-26	5.46e-18	4.52e-10	1.55e-01	8.37e-01	8.63e-03
 1.90203e+12	0.00e+00	1.88e-35	2.37e-26	6.80e-18	5.21e-10	1.65e-01	8.27e-01	7.91e-03
 1.99838e+12	2.78e-45	2.76e-35	3.21e-26	8.53e-18	6.04e-10	1.77e-01	8.16e-01	7.22e-03
 2.10576e+12	0.00e+00	0.00e+00	4.46e-26	1.09e-17	7.08e-10	1.90e-01	8.03e-01	6.53e-03
 2.20926e+12	0.00e+00	6.12e-35	6.07e-26	1.37e-17	8.21e-10	2.04e-01	7.91e-01	5.93e-03
 2.31938e+12	1.17e-44	9.09e-35	8.32e-26	1.73e-17	9.55e-10	2.18e-01	7.77e-01	5.37e-03
 2.44208e+12	0.00e+00	0.00e+00	1.17e-25	2.23e-17	1.12e-09	2.34e-01	7.61e-01	4.81e-03
 2.56427e+12	0.00e+00	2.10e-34	1.62e-25	2.84e-17	1.31e-09	2.50e-01	7.45e-01	4.33e-03
 2.67005e+12	4.86e-44	2.95e-34	2.12e-25	3.47e-17	1.49e-09	2.65e-01	7.31e-01	3.95e-03
 2.76066e+12	0.00e+00	3.93e-34	2.66e-25	4.11e-17	1.66e-09	2.77e-01	7.19e-01	3.66e-03
 2.86295e+12	1.00e-43	5.37e-34	3.42e-25	4.93e-17	1.87e-09	2.91e-01	7.06e-01	3.36e-03
 2.99415e+12	0.00e+00	7.91e-34	4.65e-25	6.20e-17	2.16e-09	3.09e-01	6.88e-01	3.01e-03
 3.13277e+12	2.59e-43	1.17e-33	6.36e-25	7.81e-17	2.50e-09	3.28e-01	6.69e-01	2.69e-03
 3.24832e+12	0.00e+00	1.61e-33	8.18e-25	9.41e-17	2.81e-09	3.44e-01	6.54e-01	2.46e-03
 3.34802e+12	5.24e-43	2.10e-33	1.01e-24	1.10e-16	3.10e-09	3.57e-01	6.40e-01	2.27e-03
 3.46165e+12	0.00e+00	2.82e-33	1.28e-24	1.31e-16	3.45e-09	3.73e-01	6.25e-01	2.08e-03
 3.60937e+12	1.17e-42	4.08e-33	1.71e-24	1.62e-16	3.94e-09	3.92e-01	6.06e-01	1.86e-03
 3.76256e+12	0.00e+00	5.90e-33	2.29e-24	2.01e-16	4.51e-09	4.12e-01	5.86e-01	1.66e-03
 3.89080e+12	2.63e-42	7.93e-33	2.89e-24	2.38e-16	5.01e-09	4.29e-01	5.70e-01	1.51e-03
 4.02546e+12	0.00e+00	1.07e-32	3.67e-24	2.84e-16	5.58e-09	4.46e-01	5.53e-01	1.37e-03
 4.19857e+12	5.96e-42	1.56e-32	4.93e-24	3.52e-16	6.37e-09	4.67e-01	5.32e-01	1.21e-03
 4.37663e+12	0.00e+00	2.25e-32	6.59e-24	4.36e-16	7.26e-09	4.88e-01	5.11e-01	1.07e-03
 4.52690e+12	1.34e-41	3.03e-32	8.34e-24	5.18e-16	8.06e-09	5.06e-01	4.93e-01	9.65e-04
 4.68608e+12	0.00e+00	4.11e-32	1.06e-23	6.17e-16	8.96e-09	5.23e-01	4.76e-01	8.68e-04
 4.88653e+12	3.04e-41	5.94e-32	1.42e-23	7.62e-16	1.02e-08	5.45e-01	4.54e-01	7.61e-04
 5.09288e+12	0.00e+00	8.53e-32	1.89e-23	9.38e-16	1.15e-08	5.66e-01	4.33e-01	6.67e-04
 5.27417e+12	6.85e-41	1.16e-31	2.40e-23	1.11e-15	1.28e-08	5.84e-01	4.16e-01	5.96e-04
 5.47066e+12	0.00e+00	1.59e-31	3.09e-23	1.34e-15	1.43e-08	6.03e-01	3.97e-01	5.27e-04
 5.68855e+12	1.54e-40	2.24e-31	4.03e-23	1.63e-15	1.60e-08	6.22e-01	3.78e-01	4.63e-04
 5.90144e+12	0.00e+00	3.08e-31	5.18e-23	1.95e-15	1.78e-08	6.40e-01	3.60e-01	4.08e-04
 6.11115e+12	3.27e-40	4.16e-31	6.57e-23	2.31e-15	1.97e-08	6.57e-01	3.43e-01	3.62e-04
 6.34955e+12	0.00e+00	5.79e-31	8.50e-23	2.79e-15	2.19e-08	6.75e-01	3.25e-01	3.17e-04
 6.61229e+12	7.50e-40	8.20e-31	1.12e-22	3.39e-15	2.46e-08	6.93e-01	3.06e-01	2.74e-04
 6.84383e+12	0.00e+00	1.10e-30	1.41e-22	4.00e-15	2.71e-08	7.09e-01	2.91e-01	2.42e-04
 7.03384e+12	1.43e-39	1.39e-30	1.69e-22	4.57e-15	2.92e-08	7.21e-01	2.79e-01	2.20e-04
 7.23267e+12	0.00e+00	1.76e-30	2.04e-22	5.22e-15	3.15e-08	7.32e-01	2.67e-01	1.98e-04
 7.49115e+12	2.75e-39	2.38e-30	2.57e-22	6.17e-15	3.47e-08	7.47e-01	2.53e-01	1.74e-04
 7.76197e+12	0.00e+00	3.21e-30	3.25e-22	7.30e-15	3.81e-08	7.61e-01	2.39e-01	1.52e-04
 7.99375e+12	5.39e-39	4.12e-30	3.95e-22	8.39e-15	4.13e-08	7.72e-01	2.27e-01	1.36e-04
 8.23998e+12	0.00e+00	5.31e-30	4.82e-22	9.68e-15	4.47e-08	7.84e-01	2.16e-01	1.22e-04
 8.56008e+12	1.09e-38	7.31e-30	6.20e-22	1.16e-14	4.95e-08	7.97e-01	2.03e-01	1.05e-04
 8.89303e+12	0.00e+00	1.01e-29	7.96e-22	1.38e-14	5.47e-08	8.10e-01	1.90e-01	9.05e-05
 9.17543e+12	2.22e-38	1.31e-29	9.76e-22	1.60e-14	5.93e-08	8.21e-01	1.79e-01	8.00e-05
 9.47530e+12	0.00e+00	1.71e-29	1.20e-21	1.86e-14	6.45e-08	8.31e-01	1.69e-01	7.05e-05
 9.85265e+12	4.58e-38	2.36e-29	1.55e-21	2.23e-14	7.13e-08	8.42e-01	1.58e-01	6.03e-05
 1.02461e+13	0.00e+00	3.27e-29	2.00e-21	2.67e-14	7.88e-08	8.53e-01	1.47e-01	5.15e-05
 1.06008e+13	9.60e-38	4.33e-29	2.49e-21	3.12e-14	8.59e-08	8.63e-01	1.37e-01	4.48e-05
 1.09899e+13	0.00e+00	5.82e-29	3.14e-21	3.68e-14	9.41e-08	8.72e-01	1.28e-01	3.87e-05
 1.14490e+13	2.08e-37	8.14e-29	4.08e-21	4.44e-14	1.04e-07	8.81e-01	1.18e-01	3.26e-05
 1.19113e+13	0.00e+00	1.13e-28	5.26e-21	5.32e-14	1.15e-07	8.90e-01	1.10e-01	2.77e-05
 1.23548e+13	4.44e-37	1.52e-28	6.64e-21	6.29e-14	1.26e-07	8.98e-01	1.02e-01	2.37e-05
 1.27854e+13	0.00e+00	2.00e-28	8.26e-21	7.35e-14	1.38e-07	9.05e-01	9.51e-02	2.05e-05
 1.32688e+13	9.00e-37	2.70e-28	1.05e-20	8.70e-14	1.51e-07	9.12e-01	8.82e-02	1.75e-05
 1.38016e+13	0.00e+00	3.71e-28	1.34e-20	1.04e-13	1.66e-07	9.19e-01	8.13e-02	1.48e-05
 1.42941e+13	1.87e-36	4.92e-28	1.67e-20	1.22e-13	1.81e-07	9.24e-01	7.55e-02	1.27e-05
 1.47088e+13	0.00e+00	6.18e-28	2.01e-20	1.39e-13	1.95e-07	9.29e-01	7.11e-02	1.12e-05
 1.50704e+13	3.12e-36	7.50e-28	2.33e-20	1.55e-13	2.07e-07	9.32e-01	6.76e-02	1.01e-05
 1.54839e+13	0.00e+00	9.31e-28	2.77e-20	1.75e-13	2.21e-07	9.36e-01	6.38e-02	8.96e-06
 1.60216e+13	5.63e-36	1.22e-27	3.43e-20	2.04e-13	2.40e-07	9.41e-01	5.93e-02	7.71e-06
 1.65809e+13	0.00e+00	1.60e-27	4.25e-20	2.38e-13	2.61e-07	9.45e-01	5.51e-02	6.62e-06
 1.70515e+13	1.02e-35	1.99e-27	5.05e-20	2.70e-13	2.80e-07	9.48e-01	5.19e-02	5.85e-06
 1.75462e+13	0.00e+00	2.49e-27	6.03e-20	3.07e-13	3.00e-07	9.51e-01	4.88e-02	5.16e-06
 1.81894e+13	1.88e-35	3.30e-27	7.53e-20	3.61e-13	3.27e-07	9.55e-01	4.51e-02	4.39e-06
 1.88590e+13	0.00e+00	4.37e-27	9.41e-20	4.24e-13	3.58e-07	9.58e-01	4.16e-02	3.74e-06
 1.94247e+13	3.48e-35	5.49e-27	1.13e-19	4.83e-13	3.84e-07	9.61e-01	3.90e-02	3.27e-06
 2.00215e+13	0.00e+00	6.93e-27	1.36e-19	5.52e-13	4.13e-07	9.63e-01	3.65e-02	2.86e-06
 2.07810e+13	6.52e-35	9.23e-27	1.70e-19	6.51e-13	4.51e-07	9.66e-01	3.37e-02	2.43e-06
 2.15748e+13	0.00e+00	1.23e-26	2.13e-19	7.68e-13	4.94e-07	9.69e-01	3.10e-02	2.05e-06
 2.22775e+13	1.24e-34	1.57e-26	2.59e-19	8.83e-13	5.33e-07	9.71e-01	2.89e-02	1.78e-06
 2.30390e+13	0.00e+00	2.02e-26	3.17e-19	1.02e-12	5.76e-07	9.73e-01	2.68e-02	1.53e-06
 2.39538e+13	2.41e-34	2.72e-26	4.00e-19	1.21e-12	6.31e-07	9.75e-01	2.46e-02	1.29e-06
 2.48904e+13	3.43e-34	3.63e-26	5.03e-19	1.43e-12	6.90e-07	9.77e-01	2.27e-02	1.09e-06
 2.56926e+13	4.59e-34	4.62e-26	6.07e-19	1.63e-12	7.43e-07	9.79e-01	2.11e-02	9.47e-07
 2.63838e+13	5.86e-34	5.64e-26	7.11e-19	1.83e-12	7.89e-07	9.80e-01	2.00e-02	0.00e+00
 2.71688e+13	7.67e-34	7.04e-26	8.46e-19	2.07e-12	8.43e-07	9.81e-01	1.87e-02	0.00e+00
 2.81797e+13	1.07e-33	9.28e-26	1.05e-18	2.41e-12	9.16e-07	9.83e-01	1.73e-02	0.00e+00
 2.92481e+13	1.51e-33	1.23e-25	1.31e-18	2.82e-12	9.96e-07	9.84e-01	1.60e-02	0.00e+00
 3.01732e+13	2.01e-33	1.55e-25	1.57e-18	3.22e-12	1.07e-06	9.85e-01	1.50e-02	0.00e+00
 3.09983e+13	2.58e-33	1.91e-25	1.84e-18	3.60e-12	1.13e-06	9.86e-01	1.41e-02	0.00e+00
 3.19214e+13	3.39e-33	2.38e-25	2.19e-18	4.06e-12	1.21e-06	9.87e-01	1.33e-02	0.00e+00
 3.31069e+13	4.76e-33	3.14e-25	2.72e-18	4.72e-12	1.31e-06	9.88e-01	1.23e-02	0.00e+00
 3.43326e+13	6.66e-33	4.13e-25	3.36e-18	5.49e-12	1.42e-06	9.89e-01	1.14e-02	0.00e+00
 3.53792e+13	8.83e-33	5.19e-25	4.01e-18	6.21e-12	1.51e-06	9.89e-01	1.07e-02	0.00e+00
 3.64939e+13	1.18e-32	6.58e-25	4.82e-18	7.05e-12	1.61e-06	9.90e-01	1.00e-02	0.00e+00
 3.78814e+13	1.68e-32	8.74e-25	6.00e-18	8.21e-12	1.75e-06	9.91e-01	9.28e-03	0.00e+00
 3.93230e+13	2.38e-32	1.16e-24	7.47e-18	9.57e-12	1.89e-06	9.91e-01	8.58e-03	0.00e+00
 4.06308e+13	3.24e-32	1.49e-24	9.06e-18	1.09e-11	2.03e-06	9.92e-01	8.02e-03	0.00e+00
 4.20653e+13	4.51e-32	1.95e-24	1.11e-17	1.26e-11	2.18e-06	9.93e-01	7.47e-03	0.00e+00
 4.37487e+13	6.53e-32	2.63e-24	1.40e-17	1.48e-11	2.37e-06	9.93e-01	6.89e-03	0.00e+00
 4.54046e+13	9.29e-32	3.50e-24	1.74e-17	1.72e-11	2.56e-06	9.94e-01	6.38e-03	0.00e+00
 4.68710e+13	1.26e-31	4.47e-24	2.10e-17	1.95e-11	2.74e-06	9.94e-01	5.98e-03	0.00e+00
 4.84418e+13	1.72e-31	5.76e-24	2.55e-17	2.23e-11	2.94e-06	9.94e-01	5.59e-03	0.00e+00
 5.03313e+13	2.48e-31	7.74e-24	3.20e-17	2.60e-11	3.18e-06	9.95e-01	5.16e-03	0.00e+00
 5.22064e+13	3.51e-31	1.03e-23	3.96e-17	3.02e-11	3.43e-06	9.95e-01	4.79e-03	0.00e+00
 5.38917e+13	4.77e-31	1.31e-23	4.78e-17	3.43e-11	3.66e-06	9.96e-01	4.49e-03	0.00e+00
 5.54889e+13	6.29e-31	1.64e-23	5.68e-17	3.86e-11	3.89e-06	9.96e-01	4.21e-03	0.00e+00
 5.70029e+13	8.14e-31	2.02e-23	6.66e-17	4.30e-11	4.12e-06	9.96e-01	3.99e-03	0.00e+00
 5.86787e+13	1.07e-30	2.53e-23	7.90e-17	4.83e-11	4.37e-06	9.96e-01	3.76e-03	0.00e+00
 6.05417e+13	1.45e-30	3.22e-23	9.50e-17	5.49e-11	4.67e-06	9.96e-01	3.52e-03	0.00e+00
 6.22822e+13	1.90e-30	4.01e-23	1.12e-16	6.15e-11	4.95e-06	9.97e-01	3.32e-03	0.00e+00
 6.41793e+13	2.53e-30	5.06e-23	1.34e-16	6.94e-11	5.27e-06	9.97e-01	3.13e-03	0.00e+00
 6.62956e+13	3.45e-30	6.50e-23	1.62e-16	7.91e-11	5.64e-06	9.97e-01	2.92e-03	0.00e+00
 6.82823e+13	4.59e-30	8.17e-23	1.93e-16	8.91e-11	5.99e-06	9.97e-01	2.75e-03	0.00e+00
 7.04508e+13	6.19e-30	1.04e-22	2.32e-16	1.01e-10	6.39e-06	9.97e-01	2.58e-03	0.00e+00
 7.28756e+13	8.55e-30	1.35e-22	2.84e-16	1.16e-10	6.86e-06	9.98e-01	2.41e-03	0.00e+00
 7.51691e+13	1.15e-29	1.72e-22	3.41e-16	1.31e-10	7.31e-06	9.98e-01	2.26e-03	0.00e+00
 7.76859e+13	1.58e-29	2.22e-22	4.14e-16	1.50e-10	7.83e-06	9.98e-01	2.11e-03	0.00e+00
 8.05046e+13	2.22e-29	2.92e-22	5.11e-16	1.73e-10	8.43e-06	9.98e-01	1.96e-03	0.00e+00
 8.31543e+13	3.02e-29	3.75e-22	6.19e-16	1.98e-10	9.02e-06	9.98e-01	1.83e-03	0.00e+00
 8.60373e+13	4.19e-29	4.88e-22	7.57e-16	2.27e-10	9.68e-06	9.98e-01	1.71e-03	0.00e+00
 8.92310e+13	5.94e-29	6.48e-22	9.39e-16	2.63e-10	1.04e-05	9.98e-01	1.59e-03	0.00e+00
 9.21947e+13	8.13e-29	8.34e-22	1.14e-15	3.00e-10	1.12e-05	9.99e-01	1.48e-03	0.00e+00
 9.54133e+13	1.13e-28	1.09e-21	1.39e-15	3.44e-10	1.20e-05	9.99e-01	1.38e-03	0.00e+00
 9.90086e+13	1.61e-28	1.45e-21	1.74e-15	4.00e-10	1.30e-05	9.99e-01	1.28e-03	0.00e+00
 1.02386e+14	2.22e-28	1.88e-21	2.12e-15	4.58e-10	1.39e-05	9.99e-01	1.19e-03	0.00e+00
 1.06071e+14	3.12e-28	2.47e-21	2.61e-15	5.28e-10	1.49e-05	9.99e-01	1.11e-03	0.00e+00
 1.10180e+14	4.49e-28	3.32e-21	3.26e-15	6.16e-10	1.62e-05	9.99e-01	1.03e-03	0.00e+00
 1.14041e+14	6.26e-28	4.33e-21	4.00e-15	7.07e-10	1.74e-05	9.99e-01	9.56e-04	0.00e+00
 1.18208e+14	8.84e-28	5.73e-21	4.95e-15	8.17e-10	1.87e-05	9.99e-01	8.88e-04	0.00e+00
 1.22866e+14	1.28e-27	7.73e-21	6.22e-15	9.55e-10	2.03e-05	9.99e-01	8.20e-04	0.00e+00
 1.27359e+14	1.81e-27	1.02e-20	7.69e-15	1.10e-09	2.18e-05	9.99e-01	7.62e-04	0.00e+00
 1.31569e+14	2.49e-27	1.32e-20	9.33e-15	1.26e-09	2.33e-05	9.99e-01	7.13e-04	0.00e+00
 1.35600e+14	3.33e-27	1.67e-20	1.12e-14	1.42e-09	2.48e-05	9.99e-01	6.70e-04	0.00e+00
 1.39338e+14	4.33e-27	2.06e-20	1.31e-14	1.58e-09	2.62e-05	9.99e-01	6.34e-04	0.00e+00
 1.43364e+14	5.71e-27	2.58e-20	1.55e-14	1.78e-09	2.78e-05	9.99e-01	5.98e-04	0.00e+00
 1.47838e+14	7.70e-27	3.28e-20	1.86e-14	2.01e-09	2.96e-05	9.99e-01	5.62e-04	0.00e+00
 1.52010e+14	1.01e-26	4.08e-20	2.20e-14	2.25e-09	3.13e-05	9.99e-01	5.31e-04	0.00e+00
 1.56549e+14	1.35e-26	5.14e-20	2.62e-14	2.53e-09	3.33e-05	9.99e-01	5.00e-04	0.00e+00
 1.61617e+14	1.84e-26	6.60e-20	3.16e-14	2.87e-09	3.55e-05	9.99e-01	4.69e-04	0.00e+00
 1.66391e+14	2.45e-26	8.30e-20	3.76e-14	3.23e-09	3.77e-05	1.00e+00	4.42e-04	0.00e+00
 1.71618e+14	3.32e-26	1.06e-19	4.52e-14	3.66e-09	4.01e-05	1.00e+00	4.15e-04	0.00e+00
 1.77463e+14	4.61e-26	1.38e-19	5.52e-14	4.18e-09	4.29e-05	1.00e+00	3.88e-04	0.00e+00
 1.82993e+14	6.24e-26	1.76e-19	6.63e-14	4.73e-09	4.56e-05	1.00e+00	3.65e-04	0.00e+00
 1.89061e+14	8.61e-26	2.28e-19	8.05e-14	5.38e-09	4.87e-05	1.00e+00	3.42e-04	0.00e+00
 1.95875e+14	1.22e-25	3.02e-19	9.95e-14	6.20e-09	5.23e-05	1.00e+00	3.18e-04	0.00e+00
 2.02361e+14	1.69e-25	3.90e-19	1.21e-13	7.06e-09	5.59e-05	1.00e+00	2.98e-04	0.00e+00
 2.09492e+14	2.38e-25	5.14e-19	1.48e-13	8.11e-09	5.99e-05	1.00e+00	2.78e-04	0.00e+00
 2.17398e+14	3.44e-25	6.90e-19	1.85e-13	9.40e-09	6.45e-05	1.00e+00	2.58e-04	0.00e+00
 2.24740e+14	4.79e-25	9.00e-19	2.26e-13	1.07e-08	6.89e-05	1.00e+00	2.42e-04	0.00e+00
 2.32714e+14	6.78e-25	1.19e-18	2.79e-13	1.23e-08	7.39e-05	1.00e+00	2.25e-04	0.00e+00
 2.41663e+14	9.88e-25	1.61e-18	3.49e-13	1.43e-08	7.96e-05	1.00e+00	2.09e-04	0.00e+00
 2.50146e+14	1.39e-24	2.12e-18	4.30e-13	1.64e-08	8.53e-05	1.00e+00	1.95e-04	0.00e+00
 2.59286e+14	2.00e-24	2.82e-18	5.33e-13	1.90e-08	9.16e-05	1.00e+00	1.82e-04	0.00e+00
 2.69462e+14	2.93e-24	3.84e-18	6.71e-13	2.21e-08	9.89e-05	1.00e+00	1.68e-04	0.00e+00
 2.79264e+14	4.19e-24	5.10e-18	8.31e-13	2.55e-08	1.06e-04	1.00e+00	1.57e-04	0.00e+00
 2.89683e+14	6.03e-24	6.83e-18	1.03e-12	2.95e-08	1.14e-04	1.00e+00	1.46e-04	0.00e+00
 3.00081e+14	8.57e-24	9.05e-18	1.28e-12	3.40e-08	1.23e-04	1.00e+00	1.36e-04	0.00e+00
 3.08264e+14	1.12e-23	1.12e-17	1.50e-12	3.78e-08	1.29e-04	1.00e+00	1.29e-04	0.00e+00
 3.16264e+14	1.45e-23	1.38e-17	1.75e-12	4.19e-08	1.36e-04	1.00e+00	1.22e-04	0.00e+00
 3.26665e+14	1.99e-23	1.78e-17	2.12e-12	4.77e-08	1.45e-04	1.00e+00	1.14e-04	0.00e+00
 3.37541e+14	2.76e-23	2.31e-17	2.58e-12	5.44e-08	1.55e-04	1.00e+00	1.07e-04	0.00e+00
 3.46788e+14	3.60e-23	2.86e-17	3.03e-12	6.06e-08	1.64e-04	1.00e+00	1.01e-04	0.00e+00
 3.56562e+14	4.74e-23	3.57e-17	3.58e-12	6.77e-08	1.73e-04	1.00e+00	9.59e-05	0.00e+00
 3.69269e+14	6.70e-23	4.71e-17	4.41e-12	7.79e-08	1.86e-04	1.00e+00	8.93e-05	0.00e+00
 3.82437e+14	9.46e-23	6.21e-17	5.44e-12	8.97e-08	2.00e-04	1.00e+00	8.32e-05	0.00e+00
 3.93512e+14	1.25e-22	7.78e-17	6.45e-12	1.01e-07	2.12e-04	1.00e+00	7.85e-05	0.00e+00
 4.05217e+14	1.67e-22	9.80e-17	7.68e-12	1.13e-07	2.25e-04	1.00e+00	7.39e-05	0.00e+00
 4.20085e+14	2.37e-22	1.30e-16	9.52e-12	1.31e-07	2.42e-04	1.00e+00	6.87e-05	0.00e+00
 4.35562e+14	3.38e-22	1.73e-16	1.18e-11	1.51e-07	2.61e-04	1.00e+00	6.37e-05	0.00e+00
 4.49080e+14	4.55e-22	2.20e-16	1.42e-11	1.71e-07	2.78e-04	1.00e+00	5.99e-05	0.00e+00
 4.63551e+14	6.18e-22	2.82e-16	1.71e-11	1.95e-07	2.96e-04	1.00e+00	5.61e-05	0.00e+00
 4.81179e+14	8.88e-22	3.77e-16	2.14e-11	2.26e-07	3.20e-04	1.00e+00	5.19e-05	0.00e+00
 4.98748e+14	1.26e-21	4.98e-16	2.64e-11	2.62e-07	3.45e-04	1.00e+00	4.82e-05	0.00e+00
 5.14196e+14	1.69e-21	6.32e-16	3.17e-11	2.96e-07	3.68e-04	1.00e+00	4.52e-05	0.00e+00
 5.31051e+14	2.29e-21	8.12e-16	3.83e-11	3.37e-07	3.93e-04	1.00e+00	4.23e-05	0.00e+00
 5.51404e+14	3.29e-21	1.09e-15	4.79e-11	3.93e-07	4.26e-04	1.00e+00	3.91e-05	0.00e+00
 5.71651e+14	4.64e-21	1.44e-15	5.93e-11	4.55e-07	4.59e-04	1.00e+00	3.62e-05	0.00e+00
 5.89746e+14	6.25e-21	1.83e-15	7.14e-11	5.16e-07	4.90e-04	9.99e-01	3.40e-05	0.00e+00
 6.09694e+14	8.57e-21	2.36e-15	8.69e-11	5.91e-07	5.26e-04	9.99e-01	3.16e-05	0.00e+00
 6.33403e+14	1.23e-20	3.16e-15	1.09e-10	6.90e-07	5.70e-04	9.99e-01	2.92e-05	0.00e+00
 6.56821e+14	1.73e-20	4.18e-15	1.35e-10	8.00e-07	6.15e-04	9.99e-01	2.70e-05	0.00e+00
 6.78211e+14	2.35e-20	5.35e-15	1.63e-10	9.11e-07	6.58e-04	9.99e-01	2.53e-05	0.00e+00
 6.98491e+14	3.10e-20	6.70e-15	1.94e-10	1.03e-06	7.01e-04	9.99e-01	2.37e-05	0.00e+00
 7.21201e+14	4.18e-20	8.55e-15	2.34e-10	1.17e-06	7.50e-04	9.99e-01	2.22e-05	0.00e+00
 7.44374e+14	5.63e-20	1.09e-14	2.82e-10	1.33e-06	8.03e-04	9.99e-01	2.07e-05	0.00e+00
 7.63174e+14	7.14e-20	1.32e-14	3.27e-10	1.47e-06	8.46e-04	9.99e-01	1.97e-05	0.00e+00
 7.82640e+14	9.00e-20	1.60e-14	3.79e-10	1.63e-06	8.93e-04	9.99e-01	1.86e-05	0.00e+00
 8.07946e+14	1.21e-19	2.03e-14	4.57e-10	1.86e-06	9.56e-04	9.99e-01	1.74e-05	0.00e+00
 8.34405e+14	1.64e-19	2.60e-14	5.53e-10	2.12e-06	1.02e-03	9.99e-01	1.63e-05	0.00e+00
 8.56882e+14	2.10e-19	3.18e-14	6.46e-10	2.36e-06	1.08e-03	9.99e-01	1.54e-05	0.00e+00
 8.80618e+14	2.71e-19	3.92e-14	7.59e-10	2.63e-06	1.15e-03	9.99e-01	1.45e-05	0.00e+00
 9.11474e+14	3.74e-19	5.10e-14	9.29e-10	3.03e-06	1.24e-03	9.99e-01	1.35e-05	0.00e+00
 9.43446e+14	5.15e-19	6.62e-14	1.14e-09	3.49e-06	1.33e-03	9.99e-01	1.25e-05	0.00e+00
 9.70304e+14	6.70e-19	8.19e-14	1.34e-09	3.91e-06	1.41e-03	9.99e-01	1.18e-05	0.00e+00
 9.98659e+14	8.77e-19	1.02e-13	1.59e-09	4.39e-06	1.50e-03	9.98e-01	1.11e-05	0.00e+00
 1.03499e+15	1.22e-18	1.34e-13	1.96e-09	5.08e-06	1.62e-03	9.98e-01	1.03e-05	0.00e+00
 1.07308e+15	1.71e-18	1.76e-13	2.43e-09	5.89e-06	1.75e-03	9.98e-01	9.49e-06	0.00e+00
 1.10660e+15	2.27e-18	2.22e-13	2.91e-09	6.67e-06	1.87e-03	9.98e-01	8.89e-06	0.00e+00
 1.14278e+15	3.06e-18	2.83e-13	3.51e-09	7.60e-06	2.00e-03	9.98e-01	8.30e-06	0.00e+00
 1.18652e+15	4.33e-18	3.76e-13	4.38e-09	8.85e-06	2.17e-03	9.98e-01	7.65e-06	0.00e+00
 1.23019e+15	6.03e-18	4.94e-13	5.41e-09	1.02e-05	2.35e-03	9.98e-01	7.08e-06	0.00e+00
 1.26957e+15	8.08e-18	6.27e-13	6.51e-09	1.16e-05	2.51e-03	9.97e-01	6.61e-06	0.00e+00
 1.31325e+15	1.10e-17	8.08e-13	7.94e-09	1.34e-05	2.70e-03	9.97e-01	6.14e-06	0.00e+00
 1.36471e+15	1.56e-17	1.08e-12	9.94e-09	1.56e-05	2.94e-03	9.97e-01	5.65e-06	0.00e+00
 1.41547e+15	2.18e-17	1.42e-12	1.23e-08	1.81e-05	3.18e-03	9.97e-01	5.22e-06	0.00e+00
 1.45535e+15	2.81e-17	1.75e-12	1.45e-08	2.03e-05	3.38e-03	9.97e-01	4.91e-06	0.00e+00
 1.48551e+15	3.38e-17	2.03e-12	1.64e-08	2.21e-05	3.53e-03	9.96e-01	4.69e-06	0.00e+00
 1.51833e+15	4.12e-17	2.39e-12	1.86e-08	2.41e-05	3.71e-03	9.96e-01	4.47e-06	0.00e+00
 1.56100e+15	5.29e-17	2.94e-12	2.19e-08	2.70e-05	3.94e-03	9.96e-01	4.21e-06	0.00e+00
 1.60778e+15	6.90e-17	3.66e-12	2.60e-08	3.05e-05	4.21e-03	9.96e-01	3.94e-06	0.00e+00
 1.65041e+15	8.69e-17	4.43e-12	3.02e-08	3.39e-05	4.45e-03	9.96e-01	3.72e-06	0.00e+00
 1.69634e+15	1.11e-16	5.43e-12	3.55e-08	3.79e-05	4.73e-03	9.95e-01	3.50e-06	0.00e+00
 1.74807e+15	2.61e-16	6.76e-12	4.22e-08	4.29e-05	5.06e-03	9.95e-01	3.27e-06	0.00e+00
 1.79711e+15	2.27e-16	8.28e-12	4.97e-08	4.80e-05	5.38e-03	9.95e-01	3.08e-06	0.00e+00
 1.85063e+15	2.94e-16	1.02e-11	5.89e-08	5.41e-05	5.75e-03	9.94e-01	2.88e-06	0.00e+00
 1.91004e+15	3.88e-16	1.29e-11	7.09e-08	6.17e-05	6.18e-03	9.94e-01	2.68e-06	0.00e+00
 1.96514e+15	4.97e-16	1.59e-11	8.36e-08	6.93e-05	6.59e-03	9.93e-01	2.51e-06	0.00e+00
 2.02479e+15	6.44e-16	1.97e-11	9.95e-08	7.83e-05	7.06e-03	9.93e-01	2.34e-06	0.00e+00
 2.09221e+15	8.52e-16	2.49e-11	1.20e-07	8.96e-05	7.61e-03	9.92e-01	2.17e-06	0.00e+00
 2.15681e+15	1.10e-15	3.09e-11	1.44e-07	1.01e-04	8.16e-03	9.92e-01	2.05e-06	0.00e+00
 2.22787e+15	1.45e-15	3.89e-11	1.73e-07	1.16e-04	8.79e-03	9.91e-01	1.98e-06	0.00e+00
 2.30752e+15	1.95e-15	4.99e-11	2.13e-07	1.34e-04	9.54e-03	9.90e-01	1.90e-06	0.00e+00
 2.38310e+15	2.55e-15	6.27e-11	2.56e-07	1.53e-04	1.03e-02	9.90e-01	1.82e-06	0.00e+00
 2.46613e+15	3.38e-15	7.98e-11	3.13e-07	1.76e-04	1.11e-02	9.89e-01	1.74e-06	0.00e+00
 2.55909e+15	4.58e-15	1.04e-10	3.88e-07	2.05e-04	1.21e-02	9.88e-01	1.67e-06	0.00e+00
 2.64568e+15	5.99e-15	1.31e-10	4.71e-07	2.34e-04	1.31e-02	9.87e-01	1.61e-06	0.00e+00
 2.73894e+15	7.94e-15	1.67e-10	5.77e-07	2.70e-04	1.43e-02	9.85e-01	1.55e-06	0.00e+00
 2.84407e+15	1.07e-14	2.17e-10	7.19e-07	3.15e-04	1.56e-02	9.84e-01	1.49e-06	0.00e+00
 2.92943e+15	1.36e-14	2.67e-10	8.55e-07	3.56e-04	1.67e-02	9.83e-01	1.45e-06	0.00e+00
 2.98981e+15	1.59e-14	3.08e-10	9.64e-07	3.87e-04	1.75e-02	9.82e-01	1.43e-06	0.00e+00
 3.05292e+15	1.88e-14	3.56e-10	1.09e-06	4.22e-04	1.84e-02	9.81e-01	1.41e-06	0.00e+00
 3.13496e+15	2.33e-14	4.29e-10	1.28e-06	4.70e-04	1.96e-02	9.80e-01	1.39e-06	0.00e+00
 3.22562e+15	2.92e-14	5.24e-10	1.51e-06	5.29e-04	2.10e-02	9.78e-01	1.36e-06	0.00e+00
 3.30929e+15	3.57e-14	6.27e-10	1.76e-06	5.87e-04	2.24e-02	9.77e-01	1.35e-06	0.00e+00
 3.39987e+15	4.43e-14	7.59e-10	2.06e-06	6.56e-04	2.38e-02	9.76e-01	1.33e-06	0.00e+00
 3.50121e+15	5.59e-14	9.33e-10	2.46e-06	7.40e-04	2.56e-02	9.74e-01	1.32e-06	0.00e+00
 3.59598e+15	6.90e-14	1.13e-09	2.88e-06	8.26e-04	2.73e-02	9.72e-01	1.31e-06	0.00e+00
 3.69864e+15	8.64e-14	1.38e-09	3.41e-06	9.27e-04	2.91e-02	9.70e-01	1.30e-06	0.00e+00
 3.81313e+15	1.10e-13	1.71e-09	4.10e-06	1.05e-03	3.13e-02	9.68e-01	1.30e-06	0.00e+00
 3.92016e+15	1.37e-13	2.08e-09	4.84e-06	1.18e-03	3.35e-02	9.65e-01	1.30e-06	0.00e+00
 4.03644e+15	1.73e-13	2.56e-09	5.78e-06	1.33e-03	3.59e-02	9.63e-01	1.30e-06	0.00e+00
 4.16698e+15	2.23e-13	3.22e-09	7.01e-06	1.51e-03	3.87e-02	9.60e-01	1.30e-06	0.00e+00
 4.29083e+15	2.82e-13	3.97e-09	8.38e-06	1.71e-03	4.15e-02	9.57e-01	1.31e-06	0.00e+00
 4.42661e+15	3.64e-13	4.97e-09	1.01e-05	1.94e-03	4.46e-02	9.53e-01	1.31e-06	0.00e+00
 4.57929e+15	4.77e-13	6.35e-09	1.25e-05	2.23e-03	4.83e-02	9.49e-01	1.33e-06	0.00e+00
 4.72468e+15	6.14e-13	7.96e-09	1.51e-05	2.53e-03	5.20e-02	9.45e-01	1.34e-06	9.56e-13
 4.88442e+15	8.07e-13	1.02e-08	1.85e-05	2.90e-03	5.62e-02	9.41e-01	1.35e-06	0.00e+00
 5.06152e+15	1.08e-12	1.31e-08	2.31e-05	3.36e-03	6.11e-02	9.36e-01	1.37e-06	1.08e-12
 5.22708e+15	1.40e-12	1.66e-08	2.82e-05	3.84e-03	6.58e-02	9.30e-01	1.39e-06	0.00e+00
 5.40821e+15	1.86e-12	2.14e-08	3.48e-05	4.41e-03	7.12e-02	9.24e-01	1.40e-06	0.00e+00
 5.58314e+15	2.40e-12	2.69e-08	4.23e-05	5.03e-03	7.65e-02	9.18e-01	1.42e-06	1.25e-12
 5.70904e+15	2.89e-12	3.17e-08	4.86e-05	5.51e-03	8.05e-02	9.14e-01	1.44e-06	0.00e+00
 5.83175e+15	3.47e-12	3.72e-08	5.55e-05	6.01e-03	8.45e-02	9.09e-01	1.45e-06	1.34e-12
 5.99127e+15	4.38e-12	4.57e-08	6.57e-05	6.72e-03	8.99e-02	9.03e-01	1.47e-06	0.00e+00
 6.16470e+15	5.58e-12	5.66e-08	7.85e-05	7.56e-03	9.58e-02	8.97e-01	1.48e-06	1.45e-12
 6.32005e+15	6.89e-12	6.82e-08	9.16e-05	8.36e-03	1.01e-01	8.90e-01	1.49e-06	0.00e+00
 6.48586e+15	8.65e-12	8.31e-08	1.08e-04	9.31e-03	1.07e-01	8.83e-01	1.51e-06	0.00e+00
 6.70141e+15	1.16e-11	1.07e-07	1.33e-04	1.07e-02	1.16e-01	8.74e-01	1.53e-06	0.00e+00
 6.91670e+15	1.51e-11	1.35e-07	1.62e-04	1.21e-02	1.24e-01	8.64e-01	1.55e-06	1.70e-12
 7.08592e+15	1.86e-11	1.62e-07	1.88e-04	1.34e-02	1.30e-01	8.56e-01	1.56e-06	0.00e+00
 7.26016e+15	2.31e-11	1.96e-07	2.19e-04	1.48e-02	1.37e-01	8.48e-01	1.58e-06	0.00e+00
 7.48669e+15	3.04e-11	2.49e-07	2.66e-04	1.68e-02	1.47e-01	8.36e-01	1.58e-06	1.86e-12
 7.72627e+15	4.00e-11	3.16e-07	3.24e-04	1.91e-02	1.57e-01	8.24e-01	1.60e-06	0.00e+00
 7.93397e+15	5.04e-11	3.87e-07	3.82e-04	2.12e-02	1.66e-01	8.13e-01	1.60e-06	1.99e-12
 8.15509e+15	6.47e-11	4.79e-07	4.55e-04	2.37e-02	1.76e-01	8.00e-01	1.60e-06	0.00e+00
 8.44255e+15	8.89e-11	6.30e-07	5.69e-04	2.74e-02	1.89e-01	7.83e-01	1.61e-06	0.00e+00
 8.72948e+15	1.18e-10	8.08e-07	6.99e-04	3.13e-02	2.01e-01	7.67e-01	1.60e-06	0.00e+00
 8.96043e+15	1.49e-10	9.87e-07	8.23e-04	3.47e-02	2.12e-01	7.53e-01	1.62e-06	0.00e+00
 9.20537e+15	1.91e-10	1.22e-06	9.79e-04	3.88e-02	2.23e-01	7.37e-01	1.61e-06	0.00e+00
 9.45257e+15	2.40e-10	1.49e-06	1.15e-03	4.30e-02	2.34e-01	7.21e-01	1.60e-06	0.00e+00
 9.66086e+15	2.91e-10	1.76e-06	1.32e-03	4.69e-02	2.44e-01	7.08e-01	1.59e-06	0.00e+00
 9.88978e+15	3.62e-10	2.12e-06	1.54e-03	5.16e-02	2.55e-01	6.92e-01	1.57e-06	0.00e+00
 1.01368e+16	4.50e-10	2.57e-06	1.80e-03	5.69e-02	2.66e-01	6.75e-01	1.56e-06	0.00e+00
 1.03663e+16	5.50e-10	3.05e-06	2.07e-03	6.22e-02	2.77e-01	6.59e-01	1.55e-06	0.00e+00
 1.06238e+16	6.93e-10	3.71e-06	2.42e-03	6.86e-02	2.89e-01	6.40e-01	1.52e-06	0.00e+00
 1.08959e+16	8.67e-10	4.51e-06	2.84e-03	7.58e-02	3.01e-01	6.21e-01	1.51e-06	0.00e+00
 1.11439e+16	1.06e-09	5.37e-06	3.28e-03	8.27e-02	3.11e-01	6.03e-01	1.48e-06	0.00e+00
 1.14234e+16	1.35e-09	6.56e-06	3.86e-03	9.12e-02	3.24e-01	5.81e-01	1.45e-06	0.00e+00
 1.17191e+16	1.69e-09	8.01e-06	4.54e-03	1.01e-01	3.36e-01	5.59e-01	1.42e-06	0.00e+00
 1.19894e+16	2.09e-09	9.56e-06	5.26e-03	1.10e-01	3.46e-01	5.39e-01	1.39e-06	0.00e+00
 1.22943e+16	2.67e-09	1.18e-05	6.23e-03	1.21e-01	3.58e-01	5.14e-01	1.35e-06	0.00e+00
 1.26158e+16	3.39e-09	1.45e-05	7.36e-03	1.34e-01	3.69e-01	4.89e-01	1.31e-06	0.00e+00
 1.28978e+16	4.15e-09	1.72e-05	8.49e-03	1.45e-01	3.78e-01	4.68e-01	1.27e-06	0.00e+00
 1.32032e+16	5.26e-09	2.10e-05	9.97e-03	1.59e-01	3.88e-01	4.43e-01	1.22e-06	0.00e+00
 1.35309e+16	6.68e-09	2.58e-05	1.18e-02	1.75e-01	3.97e-01	4.17e-01	1.18e-06	0.00e+00
 1.38199e+16	8.20e-09	3.06e-05	1.36e-02	1.89e-01	4.03e-01	3.95e-01	1.14e-06	0.00e+00
 1.40835e+16	9.91e-09	3.60e-05	1.54e-02	2.02e-01	4.08e-01	3.74e-01	1.10e-06	0.00e+00
 1.43819e+16	1.24e-08	4.34e-05	1.79e-02	2.19e-01	4.13e-01	3.50e-01	1.05e-06	0.00e+00
 1.47109e+16	1.58e-08	5.32e-05	2.11e-02	2.38e-01	4.16e-01	3.24e-01	1.01e-06	0.00e+00
 1.49911e+16	1.92e-08	6.27e-05	2.41e-02	2.55e-01	4.18e-01	3.03e-01	9.71e-07	0.00e+00
 1.52210e+16	2.27e-08	7.20e-05	2.69e-02	2.69e-01	4.18e-01	2.86e-01	0.00e+00	0.00e+00
 1.54741e+16	2.74e-08	8.43e-05	3.05e-02	2.85e-01	4.17e-01	2.67e-01	0.00e+00	0.00e+00
 1.57566e+16	3.43e-08	1.01e-04	3.51e-02	3.04e-01	4.15e-01	2.45e-01	0.00e+00	0.00e+00
 1.60058e+16	4.07e-08	1.17e-04	3.95e-02	3.21e-01	4.12e-01	2.28e-01	0.00e+00	0.00e+00
 1.62219e+16	4.81e-08	1.34e-04	4.40e-02	3.36e-01	4.08e-01	2.12e-01	0.00e+00	0.00e+00
 1.64660e+16	5.88e-08	1.58e-04	4.98e-02	3.54e-01	4.02e-01	1.95e-01	0.00e+00	0.00e+00
 1.67242e+16	7.33e-08	1.88e-04	5.69e-02	3.73e-01	3.94e-01	1.76e-01	0.00e+00	0.00e+00
 1.69399e+16	8.68e-08	2.16e-04	6.33e-02	3.88e-01	3.86e-01	1.62e-01	0.00e+00	0.00e+00
 1.71597e+16	1.04e-07	2.51e-04	7.09e-02	4.05e-01	3.76e-01	1.48e-01	0.00e+00	0.00e+00
 1.73975e+16	1.28e-07	2.95e-04	8.01e-02	4.22e-01	3.65e-01	1.32e-01	0.00e+00	0.00e+00
 1.76040e+16	1.56e-07	3.45e-04	8.94e-02	4.38e-01	3.53e-01	1.19e-01	0.00e+00	0.00e+00
 1.77795e+16	1.80e-07	3.88e-04	9.79e-02	4.50e-01	3.42e-01	1.09e-01	0.00e+00	0.00e+00
 1.79693e+16	2.09e-07	4.39e-04	1.08e-01	4.64e-01	3.29e-01	9.82e-02	0.00e+00	0.00e+00
 1.81795e+16	2.54e-07	5.13e-04	1.21e-01	4.78e-01	3.14e-01	8.66e-02	0.00e+00	0.00e+00
 1.83656e+16	3.27e-07	6.18e-04	1.35e-01	4.91e-01	2.98e-01	7.54e-02	0.00e+00	0.00e+00
 1.85123e+16	3.74e-07	6.88e-04	1.46e-01	4.99e-01	2.86e-01	6.81e-02	0.00e+00	0.00e+00
 1.86581e+16	4.25e-07	7.63e-04	1.59e-01	5.08e-01	2.72e-01	6.10e-02	0.00e+00	0.00e+00
 1.88477e+16	5.17e-07	8.90e-04	1.76e-01	5.17e-01	2.53e-01	5.21e-02	0.00e+00	0.00e+00
 1.90339e+16	6.37e-07	1.05e-03	1.96e-01	5.25e-01	2.34e-01	4.39e-02	0.00e+00	0.00e+00
 1.91676e+16	7.93e-07	1.23e-03	2.13e-01	5.29e-01	2.19e-01	3.76e-02	0.00e+00	0.00e+00
 1.92627e+16	8.95e-07	1.34e-03	2.25e-01	5.32e-01	2.08e-01	3.38e-02	0.00e+00	0.00e+00
 1.93552e+16	9.83e-07	1.45e-03	2.37e-01	5.34e-01	1.97e-01	3.04e-02	0.00e+00	0.00e+00
 1.94755e+16	1.14e-06	1.62e-03	2.54e-01	5.35e-01	1.83e-01	2.61e-02	0.00e+00	0.00e+00
 1.95896e+16	1.33e-06	1.81e-03	2.71e-01	5.35e-01	1.69e-01	2.24e-02	0.00e+00	0.00e+00
 1.96662e+16	1.54e-06	2.02e-03	2.85e-01	5.34e-01	1.59e-01	1.97e-02	0.00e+00	0.00e+00
 1.97194e+16	1.68e-06	2.15e-03	2.94e-01	5.33e-01	1.53e-01	1.81e-02	0.00e+00	0.00e+00
 1.97718e+16	1.80e-06	2.27e-03	3.03e-01	5.32e-01	1.46e-01	1.66e-02	0.00e+00	0.00e+00
 1.98399e+16	2.00e-06	2.45e-03	3.15e-01	5.30e-01	1.37e-01	1.47e-02	0.00e+00	0.00e+00
 1.99163e+16	2.18e-06	2.61e-03	3.28e-01	5.28e-01	1.28e-01	1.30e-02	0.00e+00	0.00e+00
 2.00035e+16	2.58e-06	2.95e-03	3.46e-01	5.23e-01	1.17e-01	1.08e-02	0.00e+00	0.00e+00
 2.00829e+16	2.83e-06	3.16e-03	3.60e-01	5.20e-01	1.08e-01	9.32e-03	0.00e+00	0.00e+00
 2.01418e+16	3.14e-06	3.40e-03	3.72e-01	5.16e-01	1.01e-01	8.17e-03	0.00e+00	0.00e+00
 2.02081e+16	3.61e-06	3.76e-03	3.87e-01	5.10e-01	9.27e-02	6.91e-03	0.00e+00	0.00e+00
 2.02739e+16	3.92e-06	4.00e-03	3.99e-01	5.05e-01	8.57e-02	5.98e-03	0.00e+00	0.00e+00
 2.03392e+16	4.39e-06	4.34e-03	4.13e-01	4.99e-01	7.83e-02	5.05e-03	0.00e+00	0.00e+00
 2.04089e+16	4.96e-06	4.73e-03	4.28e-01	4.92e-01	7.10e-02	4.19e-03	0.00e+00	0.00e+00
 2.04691e+16	5.69e-06	5.21e-03	4.42e-01	4.85e-01	6.45e-02	3.48e-03	0.00e+00	0.00e+00
 2.05191e+16	6.22e-06	5.56e-03	4.53e-01	4.79e-01	5.97e-02	3.01e-03	0.00e+00	0.00e+00
 2.05708e+16	6.72e-06	5.88e-03	4.64e-01	4.73e-01	5.49e-02	2.58e-03	0.00e+00	0.00e+00
 2.06381e+16	7.87e-06	6.56e-03	4.80e-01	4.63e-01	4.85e-02	2.04e-03	0.00e+00	0.00e+00
 2.07046e+16	8.88e-06	7.15e-03	4.95e-01	4.53e-01	4.32e-02	1.64e-03	0.00e+00	0.00e+00
 2.07603e+16	9.83e-06	7.68e-03	5.06e-01	4.46e-01	3.90e-02	1.36e-03	0.00e+00	0.00e+00
 2.08226e+16	1.12e-05	8.41e-03	5.21e-01	4.35e-01	3.44e-02	1.07e-03	0.00e+00	0.00e+00
 2.08922e+16	1.28e-05	9.24e-03	5.36e-01	4.24e-01	2.99e-02	8.27e-04	0.00e+00	0.00e+00
 2.09588e+16	1.45e-05	1.01e-02	5.50e-01	4.14e-01	2.61e-02	6.41e-04	0.00e+00	0.00e+00
 2.10333e+16	1.69e-05	1.12e-02	5.65e-01	4.01e-01	2.22e-02	4.73e-04	0.00e+00	0.00e+00
 2.11146e+16	1.98e-05	1.25e-02	5.82e-01	3.87e-01	1.86e-02	3.39e-04	0.00e+00	0.00e+00
 2.11762e+16	2.24e-05	1.36e-02	5.94e-01	3.76e-01	1.62e-02	2.64e-04	0.00e+00	0.00e+00
 2.12171e+16	2.43e-05	1.44e-02	6.02e-01	3.69e-01	1.48e-02	2.23e-04	0.00e+00	0.00e+00
 2.12593e+16	2.64e-05	1.53e-02	6.10e-01	3.61e-01	1.34e-02	1.85e-04	0.00e+00	0.00e+00
 2.13143e+16	2.95e-05	1.65e-02	6.20e-01	3.51e-01	1.17e-02	1.44e-04	0.00e+00	0.00e+00
 2.13752e+16	3.33e-05	1.80e-02	6.32e-01	3.40e-01	1.02e-02	1.11e-04	0.00e+00	0.00e+00
 2.14327e+16	3.74e-05	1.95e-02	6.42e-01	3.30e-01	8.87e-03	8.60e-05	0.00e+00	0.00e+00
 2.14877e+16	4.17e-05	2.10e-02	6.51e-01	3.20e-01	7.77e-03	6.73e-05	0.00e+00	0.00e+00
 2.15507e+16	4.74e-05	2.29e-02	6.62e-01	3.08e-01	6.65e-03	5.04e-05	0.00e+00	0.00e+00
 2.16186e+16	5.43e-05	2.52e-02	6.73e-01	2.96e-01	5.64e-03	3.72e-05	0.00e+00	0.00e+00
 2.16784e+16	6.14e-05	2.73e-02	6.83e-01	2.85e-01	4.87e-03	2.85e-05	0.00e+00	0.00e+00
 2.17322e+16	6.86e-05	2.95e-02	6.91e-01	2.75e-01	4.27e-03	2.23e-05	0.00e+00	0.00e+00
 2.17933e+16	7.76e-05	3.21e-02	7.00e-01	2.64e-01	3.65e-03	1.68e-05	0.00e+00	0.00e+00
 2.18612e+16	8.94e-05	3.53e-02	7.10e-01	2.52e-01	3.08e-03	1.23e-05	0.00e+00	0.00e+00
 2.19230e+16	1.02e-04	3.85e-02	7.18e-01	2.41e-01	2.64e-03	9.33e-06	0.00e+00	0.00e+00
 2.19789e+16	1.15e-04	4.18e-02	7.25e-01	2.31e-01	2.29e-03	7.18e-06	0.00e+00	0.00e+00
 2.20338e+16	1.29e-04	4.52e-02	7.32e-01	2.21e-01	1.99e-03	5.59e-06	0.00e+00	0.00e+00
 2.20967e+16	1.48e-04	4.96e-02	7.39e-01	2.10e-01	1.68e-03	4.14e-06	0.00e+00	0.00e+00
 2.21637e+16	1.72e-04	5.49e-02	7.46e-01	1.98e-01	1.41e-03	3.02e-06	0.00e+00	0.00e+00
 2.22208e+16	1.95e-04	5.99e-02	7.51e-01	1.88e-01	1.21e-03	2.32e-06	0.00e+00	0.00e+00
 2.22720e+16	2.20e-04	6.49e-02	7.55e-01	1.79e-01	1.05e-03	1.81e-06	0.00e+00	0.00e+00
 2.23305e+16	2.52e-04	7.11e-02	7.60e-01	1.68e-01	8.89e-04	1.36e-06	0.00e+00	0.00e+00
 2.23945e+16	2.93e-04	7.86e-02	7.63e-01	1.57e-01	7.42e-04	9.96e-07	0.00e+00	0.00e+00
 2.24513e+16	3.38e-04	8.65e-02	7.65e-01	1.47e-01	6.28e-04	0.00e+00	0.00e+00	0.00e+00
 2.24997e+16	3.82e-04	9.38e-02	7.66e-01	1.39e-01	5.44e-04	0.00e+00	0.00e+00	0.00e+00
 2.25517e+16	4.35e-04	1.02e-01	7.67e-01	1.30e-01	4.62e-04	0.00e+00	0.00e+00	0.00e+00
 2.26096e+16	5.06e-04	1.13e-01	7.66e-01	1.20e-01	3.85e-04	0.00e+00	0.00e+00	0.00e+00
 2.26625e+16	5.86e-04	1.24e-01	7.63e-01	1.11e-01	3.24e-04	0.00e+00	0.00e+00	0.00e+00
 2.27087e+16	6.67e-04	1.35e-01	7.60e-01	1.04e-01	2.77e-04	0.00e+00	0.00e+00	0.00e+00
 2.27593e+16	7.66e-04	1.48e-01	7.55e-01	9.56e-02	2.32e-04	0.00e+00	0.00e+00	0.00e+00
 2.28148e+16	9.01e-04	1.65e-01	7.47e-01	8.68e-02	1.89e-04	0.00e+00	0.00e+00	0.00e+00
 2.28643e+16	1.05e-03	1.81e-01	7.38e-01	7.91e-02	1.57e-04	0.00e+00	0.00e+00	0.00e+00
 2.29076e+16	1.20e-03	1.97e-01	7.29e-01	7.24e-02	1.32e-04	0.00e+00	0.00e+00	0.00e+00
 2.29556e+16	1.39e-03	2.17e-01	7.16e-01	6.53e-02	1.08e-04	0.00e+00	0.00e+00	0.00e+00
 2.30093e+16	1.65e-03	2.42e-01	6.99e-01	5.76e-02	8.57e-05	0.00e+00	0.00e+00	0.00e+00
 2.30585e+16	1.95e-03	2.68e-01	6.79e-01	5.07e-02	6.80e-05	0.00e+00	0.00e+00	0.00e+00
 2.31017e+16	2.25e-03	2.93e-01	6.59e-01	4.49e-02	5.48e-05	0.00e+00	0.00e+00	0.00e+00
 2.31492e+16	2.65e-03	3.24e-01	6.35e-01	3.89e-02	4.28e-05	0.00e+00	0.00e+00	0.00e+00
 2.32109e+16	3.28e-03	3.67e-01	5.98e-01	3.16e-02	3.03e-05	0.00e+00	0.00e+00	0.00e+00
 2.32723e+16	4.14e-03	4.20e-01	5.51e-01	2.48e-02	2.05e-05	0.00e+00	0.00e+00	0.00e+00
 2.33166e+16	4.97e-03	4.63e-01	5.12e-01	2.02e-02	1.49e-05	0.00e+00	0.00e+00	0.00e+00
 2.33504e+16	5.66e-03	4.98e-01	4.79e-01	1.70e-02	1.15e-05	0.00e+00	0.00e+00	0.00e+00
 2.33870e+16	6.54e-03	5.36e-01	4.44e-01	1.40e-02	8.53e-06	0.00e+00	0.00e+00	0.00e+00
 2.34347e+16	7.87e-03	5.88e-01	3.94e-01	1.05e-02	5.60e-06	0.00e+00	0.00e+00	0.00e+00
 2.34812e+16	9.58e-03	6.43e-01	3.40e-01	7.55e-03	3.48e-06	0.00e+00	0.00e+00	0.00e+00
 2.35132e+16	1.10e-02	6.84e-01	2.99e-01	5.77e-03	2.39e-06	0.00e+00	0.00e+00	0.00e+00
 2.35366e+16	1.23e-02	7.12e-01	2.71e-01	4.70e-03	1.80e-06	0.00e+00	0.00e+00	0.00e+00
 2.35615e+16	1.36e-02	7.40e-01	2.42e-01	3.72e-03	1.30e-06	0.00e+00	0.00e+00	0.00e+00
 2.35938e+16	1.56e-02	7.75e-01	2.07e-01	2.69e-03	8.40e-07	0.00e+00	0.00e+00	0.00e+00
 2.36276e+16	1.82e-02	8.11e-01	1.69e-01	1.82e-03	0.00e+00	0.00e+00	0.00e+00	0.00e+00
 2.36542e+16	2.07e-02	8.38e-01	1.40e-01	1.28e-03	0.00e+00	0.00e+00	0.00e+00	0.00e+00
 2.36744e+16	2.27e-02	8.55e-01	1.21e-01	9.67e-04	0.00e+00	0.00e+00	0.00e+00	0.00e+00
 2.36954e+16	2.51e-02	8.71e-01	1.03e-01	7.11e-04	0.00e+00	0.00e+00	0.00e+00	0.00e+00
 2.37228e+16	2.85e-02	8.89e-01	8.19e-02	4.64e-04	0.00e+00	0.00e+00	0.00e+00	0.00e+00
 2.37506e+16	3.28e-02	9.04e-01	6.25e-02	2.84e-04	0.00e+00	0.00e+00	0.00e+00	0.00e+00
 2.37716e+16	3.67e-02	9.13e-01	4.97e-02	1.88e-04	0.00e+00	0.00e+00	0.00e+00	0.00e+00
 2.37874e+16	4.00e-02	9.18e-01	4.15e-02	1.36e-04	0.00e+00	0.00e+00	0.00e+00	0.00e+00
 2.38040e+16	4.36e-02	9.22e-01	3.42e-02	9.57e-05	0.00e+00	0.00e+00	0.00e+00	0.00e+00
 2.38256e+16	4.90e-02	9.25e-01	2.63e-02	5.95e-05	0.00e+00	0.00e+00	0.00e+00	0.00e+00
 2.38471e+16	5.52e-02	9.25e-01	1.96e-02	3.53e-05	0.00e+00	0.00e+00	0.00e+00	0.00e+00
 2.38628e+16	6.06e-02	9.24e-01	1.55e-02	2.34e-05	0.00e+00	0.00e+00	0.00e+00	0.00e+00
 2.38747e+16	6.49e-02	9.22e-01	1.30e-02	1.70e-05	0.00e+00	0.00e+00	0.00e+00	0.00e+00
 2.38869e+16	6.97e-02	9.20e-01	1.08e-02	1.22e-05	0.00e+00	0.00e+00	0.00e+00	0.00e+00
 2.39011e+16	7.54e-02	9.16e-01	8.61e-03	8.19e-06	0.00e+00	0.00e+00	0.00e+00	0.00e+00
 2.39155e+16	8.21e-02	9.11e-01	6.77e-03	5.37e-06	0.00e+00	0.00e+00	0.00e+00	0.00e+00
 2.39276e+16	8.82e-02	9.06e-01	5.49e-03	3.71e-06	0.00e+00	0.00e+00	0.00e+00	0.00e+00
 2.39375e+16	9.31e-02	9.02e-01	4.61e-03	2.73e-06	0.00e+00	0.00e+00	0.00e+00	0.00e+00
 2.39464e+16	9.81e-02	8.98e-01	3.92e-03	2.06e-06	0.00e+00	0.00e+00	0.00e+00	0.00e+00
 2.39551e+16	1.03e-01	8.93e-01	3.34e-03	1.55e-06	0.00e+00	0.00e+00	0.00e+00	0.00e+00
 2.39623e+16	1.07e-01	8.90e-01	2.93e-03	1.24e-06	0.00e+00	0.00e+00	0.00e+00	0.00e+00
 2.39671e+16	1.10e-01	8.87e-01	2.68e-03	1.06e-06	0.00e+00	0.00e+00	0.00e+00	0.00e+00
 2.39715e+16	1.13e-01	8.85e-01	2.46e-03	9.15e-07	0.00e+00	0.00e+00	0.00e+00	0.00e+00
 2.39766e+16	1.16e-01	8.82e-01	2.24e-03	0.00e+00	0.00e+00	0.00e+00	0.00e+00	0.00e+00
 2.39823e+16	1.20e-01	8.78e-01	2.00e-03	0.00e+00	0.00e+00	0.00e+00	0.00e+00	0.00e+00
 2.39879e+16	1.23e-01	8.75e-01	1.80e-03	0.00e+00	0.00e+00	0.00e+00	0.00e+00	0.00e+00
 2.39930e+16	1.27e-01	8.72e-01	1.63e-03	0.00e+00	0.00e+00	0.00e+00	0.00e+00	0.00e+00
 2.39980e+16	1.30e-01	8.69e-01	1.48e-03	0.00e+00	0.00e+00	0.00e+00	0.00e+00	0.00e+00
 2.40031e+16	1.34e-01	8.65e-01	1.34e-03	0.00e+00	0.00e+00	0.00e+00	0.00e+00	0.00e+00
 2.40083e+16	1.37e-01	8.62e-01	1.21e-03	0.00e+00	0.00e+00	0.00e+00	0.00e+00	0.00e+00
 2.40135e+16	1.41e-01	8.58e-01	1.09e-03	0.00e+00	0.00e+00	0.00e+00	0.00e+00	0.00e+00
 2.40186e+16	1.45e-01	8.55e-01	9.84e-04	0.00e+00	0.00e+00	0.00e+00	0.00e+00	0.00e+00
 2.40237e+16	1.48e-01	8.51e-01	8.88e-04	0.00e+00	0.00e+00	0.00e+00	0.00e+00	0.00e+00
 2.40289e+16	1.52e-01	8.47e-01	8.01e-04	0.00e+00	0.00e+00	0.00e+00	0.00e+00	0.00e+00
 2.40341e+16	1.56e-01	8.43e-01	7.23e-04	0.00e+00	0.00e+00	0.00e+00	0.00e+00	0.00e+00
 2.40393e+16	1.60e-01	8.39e-01	6.51e-04	0.00e+00	0.00e+00	0.00e+00	0.00e+00	0.00e+00
 2.40446e+16	1.64e-01	8.35e-01	5.86e-04	0.00e+00	0.00e+00	0.00e+00	0.00e+00	0.00e+00
 2.40498e+16	1.69e-01	8.31e-01	5.29e-04	0.00e+00	0.00e+00	0.00e+00	0.00e+00	0.00e+00
 2.40551e+16	1.73e-01	8.27e-01	4.77e-04	0.00e+00	0.00e+00	0.00e+00	0.00e+00	0.00e+00
 2.40605e+16	1.77e-01	8.22e-01	4.29e-04	0.00e+00	0.00e+00	0.00e+00	0.00e+00	0.00e+00
 2.40660e+16	1.82e-01	8.18e-01	3.86e-04	0.00e+00	0.00e+00	0.00e+00	0.00e+00	0.00e+00
 2.40715e+16	1.87e-01	8.13e-01	3.47e-04	0.00e+00	0.00e+00	0.00e+00	0.00e+00	0.00e+00
 2.40772e+16	1.92e-01	8.08e-01	3.12e-04	0.00e+00	0.00e+00	0.00e+00	0.00e+00	0.00e+00
 2.40830e+16	1.97e-01	8.03e-01	2.80e-04	0.00e+00	0.00e+00	0.00e+00	0.00e+00	0.00e+00
 2.40889e+16	2.02e-01	7.98e-01	2.52e-04	0.00e+00	0.00e+00	0.00e+00	0.00e+00	0.00e+00
 2.40948e+16	2.07e-01	7.92e-01	2.27e-04	0.00e+00	0.00e+00	0.00e+00	0.00e+00	0.00e+00
 2.41008e+16	2.13e-01	7.87e-01	2.05e-04	0.00e+00	0.00e+00	0.00e+00	0.00e+00	0.00e+00
 2.41069e+16	2.18e-01	7.81e-01	1.85e-04	0.00e+00	0.00e+00	0.00e+00	0.00e+00	0.00e+00
 2.41132e+16	2.25e-01	7.75e-01	1.67e-04	0.00e+00	0.00e+00	0.00e+00	0.00e+00	0.00e+00
 2.41198e+16	2.30e-01	7.69e-01	1.51e-04	0.00e+00	0.00e+00	0.00e+00	0.00e+00	0.00e+00
 2.41266e+16	2.37e-01	7.63e-01	1.37e-04	0.00e+00	0.00e+00	0.00e+00	0.00e+00	0.00e+00
 2.41337e+16	2.43e-01	7.57e-01	1.25e-04	0.00e+00	0.00e+00	0.00e+00	0.00e+00	0.00e+00
 2.41413e+16	2.51e-01	7.49e-01	1.13e-04	0.00e+00	0.00e+00	0.00e+00	0.00e+00	0.00e+00
 2.41495e+16	2.58e-01	7.42e-01	1.03e-04	0.00e+00	0.00e+00	0.00e+00	0.00e+00	0.00e+00
 2.41585e+16	2.66e-01	7.34e-01	9.44e-05	0.00e+00	0.00e+00	0.00e+00	0.00e+00	0.00e+00
 2.41684e+16	2.73e-01	7.27e-01	8.65e-05	0.00e+00	0.00e+00	0.00e+00	0.00e+00	0.00e+00
 2.41798e+16	2.82e-01	7.18e-01	7.93e-05	0.00e+00	0.00e+00	0.00e+00	0.00e+00	0.00e+00
 2.41921e+16	2.90e-01	7.10e-01	7.34e-05	0.00e+00	0.00e+00	0.00e+00	0.00e+00	0.00e+00
 2.42045e+16	2.96e-01	7.04e-01	6.90e-05	0.00e+00	0.00e+00	0.00e+00	0.00e+00	0.00e+00
 2.42168e+16	3.03e-01	6.97e-01	6.54e-05	0.00e+00	0.00e+00	0.00e+00	0.00e+00	0.00e+00
 2.42290e+16	3.09e-01	6.90e-01	6.25e-05	0.00e+00	0.00e+00	0.00e+00	0.00e+00	0.00e+00
