#depth	C	C+	C+2	C+3	C+4	C+5	C+6	C[1]	C[2]	C[3]	C+[1]	C+[2]	CO
 1.49634e+10	0.00e+00	0.00e+00	2.32e-28	8.10e-19	1.77e-08	2.75e-03	9.97e-01	0.00e+00	0.00e+00	0.00e+00	0.00e+00	0.00e+00	0.00e+00
 4.54887e+10	0.00e+00	3.03e-38	3.18e-28	1.03e-18	2.08e-08	2.97e-03	9.97e-01	0.00e+00	0.00e+00	0.00e+00	0.00e+00	0.00e+00	0.00e+00
 7.72350e+10	0.00e+00	0.00e+00	4.37e-28	1.30e-18	2.44e-08	3.21e-03	9.97e-01	0.00e+00	0.00e+00	0.00e+00	0.00e+00	0.00e+00	0.00e+00
 1.10251e+11	0.00e+00	6.70e-38	6.00e-28	1.66e-18	2.86e-08	3.48e-03	9.97e-01	0.00e+00	0.00e+00	0.00e+00	0.00e+00	0.00e+00	0.00e+00
 1.42979e+11	0.00e+00	0.00e+00	8.12e-28	2.08e-18	3.33e-08	3.75e-03	9.96e-01	0.00e+00	0.00e+00	0.00e+00	0.00e+00	0.00e+00	3.24e-231
 1.77015e+11	0.00e+00	1.43e-37	1.10e-27	2.61e-18	3.89e-08	4.04e-03	9.96e-01	0.00e+00	0.00e+00	0.00e+00	0.00e+00	0.00e+00	1.60e-236
 2.10059e+11	0.00e+00	0.00e+00	1.46e-27	3.24e-18	4.49e-08	4.33e-03	9.96e-01	0.00e+00	0.00e+00	0.00e+00	0.00e+00	0.00e+00	2.35e-258
 2.38444e+11	0.00e+00	2.74e-37	1.85e-27	3.87e-18	5.06e-08	4.60e-03	9.95e-01	0.00e+00	0.00e+00	0.00e+00	0.00e+00	0.00e+00	0.00e+00
 2.69450e+11	0.00e+00	0.00e+00	2.38e-27	4.68e-18	5.74e-08	4.89e-03	9.95e-01	0.00e+00	0.00e+00	0.00e+00	0.00e+00	0.00e+00	6.96e-234
 3.07678e+11	0.00e+00	5.45e-37	3.22e-27	5.86e-18	6.68e-08	5.26e-03	9.95e-01	0.00e+00	0.00e+00	0.00e+00	0.00e+00	0.00e+00	0.00e+00
 3.47241e+11	0.00e+00	0.00e+00	4.34e-27	7.34e-18	7.77e-08	5.67e-03	9.94e-01	0.00e+00	0.00e+00	0.00e+00	0.00e+00	0.00e+00	0.00e+00
 3.83761e+11	0.00e+00	1.11e-36	5.68e-27	8.98e-18	8.90e-08	6.05e-03	9.94e-01	0.00e+00	0.00e+00	0.00e+00	0.00e+00	0.00e+00	9.98e-163
 4.24381e+11	0.00e+00	0.00e+00	7.57e-27	1.12e-17	1.03e-07	6.50e-03	9.94e-01	0.00e+00	0.00e+00	0.00e+00	0.00e+00	0.00e+00	1.40e-232
 4.71251e+11	0.00e+00	2.37e-36	1.04e-26	1.42e-17	1.21e-07	7.03e-03	9.93e-01	0.00e+00	0.00e+00	0.00e+00	0.00e+00	0.00e+00	1.28e-161
 5.17571e+11	1.23e-46	3.46e-36	1.42e-26	1.79e-17	1.41e-07	7.57e-03	9.92e-01	0.00e+00	0.00e+00	0.00e+00	0.00e+00	0.00e+00	2.83e-232
 5.65744e+11	0.00e+00	0.00e+00	1.93e-26	2.25e-17	1.65e-07	8.16e-03	9.92e-01	0.00e+00	0.00e+00	0.00e+00	0.00e+00	0.00e+00	1.48e-264
 6.18300e+11	0.00e+00	7.60e-36	2.66e-26	2.87e-17	1.94e-07	8.83e-03	9.91e-01	0.00e+00	0.00e+00	0.00e+00	0.00e+00	0.00e+00	2.06e-231
 6.72959e+11	5.13e-46	1.14e-35	3.68e-26	3.67e-17	2.29e-07	9.56e-03	9.90e-01	0.00e+00	0.00e+00	0.00e+00	0.00e+00	0.00e+00	2.60e-139
 7.29804e+11	0.00e+00	0.00e+00	5.09e-26	4.69e-17	2.70e-07	1.03e-02	9.90e-01	0.00e+00	0.00e+00	0.00e+00	0.00e+00	0.00e+00	0.00e+00
 7.82164e+11	0.00e+00	2.44e-35	6.80e-26	5.83e-17	3.13e-07	1.11e-02	9.89e-01	0.00e+00	0.00e+00	0.00e+00	0.00e+00	0.00e+00	3.21e-158
 8.27207e+11	1.84e-45	3.30e-35	8.65e-26	6.99e-17	3.54e-07	1.18e-02	9.88e-01	0.00e+00	0.00e+00	0.00e+00	0.00e+00	0.00e+00	0.00e+00
 8.77034e+11	0.00e+00	0.00e+00	1.12e-25	8.50e-17	4.04e-07	1.25e-02	9.87e-01	0.00e+00	0.00e+00	0.00e+00	0.00e+00	0.00e+00	0.00e+00
 9.38264e+11	0.00e+00	6.72e-35	1.53e-25	1.07e-16	4.73e-07	1.35e-02	9.86e-01	0.00e+00	0.00e+00	0.00e+00	0.00e+00	0.00e+00	9.06e-229
 1.00049e+12	6.79e-45	9.83e-35	2.08e-25	1.35e-16	5.52e-07	1.45e-02	9.85e-01	0.00e+00	0.00e+00	0.00e+00	0.00e+00	0.00e+00	1.52e-136
 1.05522e+12	0.00e+00	1.36e-34	2.69e-25	1.64e-16	6.30e-07	1.55e-02	9.85e-01	0.00e+00	0.00e+00	0.00e+00	0.00e+00	0.00e+00	0.00e+00
 1.11404e+12	1.50e-44	1.91e-34	3.54e-25	2.02e-16	7.23e-07	1.65e-02	9.83e-01	0.00e+00	0.00e+00	0.00e+00	0.00e+00	0.00e+00	1.07e-135
 1.18519e+12	0.00e+00	2.84e-34	4.87e-25	2.57e-16	8.51e-07	1.78e-02	9.82e-01	0.00e+00	0.00e+00	0.00e+00	0.00e+00	0.00e+00	0.00e+00
 1.25625e+12	3.83e-44	4.17e-34	6.64e-25	3.24e-16	9.96e-07	1.92e-02	9.81e-01	0.00e+00	0.00e+00	0.00e+00	0.00e+00	0.00e+00	1.06e-134
 1.32005e+12	0.00e+00	5.84e-34	8.69e-25	3.97e-16	1.14e-06	2.05e-02	9.80e-01	0.00e+00	0.00e+00	0.00e+00	0.00e+00	0.00e+00	0.00e+00
 1.39055e+12	8.84e-44	8.38e-34	1.16e-24	4.94e-16	1.32e-06	2.19e-02	9.78e-01	0.00e+00	0.00e+00	0.00e+00	0.00e+00	0.00e+00	8.17e-134
 1.47397e+12	0.00e+00	1.27e-33	1.62e-24	6.35e-16	1.57e-06	2.37e-02	9.76e-01	0.00e+00	0.00e+00	0.00e+00	0.00e+00	0.00e+00	0.00e+00
 1.55646e+12	2.34e-43	1.89e-33	2.23e-24	8.09e-16	1.85e-06	2.56e-02	9.74e-01	0.00e+00	0.00e+00	0.00e+00	0.00e+00	0.00e+00	8.75e-133
 1.63251e+12	0.00e+00	2.70e-33	2.98e-24	1.00e-15	2.14e-06	2.74e-02	9.73e-01	0.00e+00	0.00e+00	0.00e+00	0.00e+00	0.00e+00	0.00e+00
 1.71789e+12	5.73e-43	4.00e-33	4.07e-24	1.27e-15	2.50e-06	2.95e-02	9.71e-01	0.00e+00	0.00e+00	0.00e+00	0.00e+00	0.00e+00	7.71e-132
 1.81284e+12	0.00e+00	6.09e-33	5.71e-24	1.64e-15	2.97e-06	3.19e-02	9.68e-01	0.00e+00	0.00e+00	0.00e+00	0.00e+00	0.00e+00	0.00e+00
 1.90203e+12	1.51e-42	8.96e-33	7.79e-24	2.07e-15	3.48e-06	3.43e-02	9.66e-01	0.00e+00	0.00e+00	0.00e+00	0.00e+00	0.00e+00	7.99e-131
 1.99838e+12	0.00e+00	1.34e-32	1.08e-23	2.64e-15	4.10e-06	3.70e-02	9.63e-01	0.00e+00	0.00e+00	0.00e+00	0.00e+00	0.00e+00	0.00e+00
 2.10576e+12	4.13e-42	2.08e-32	1.53e-23	3.44e-15	4.90e-06	4.02e-02	9.60e-01	0.00e+00	0.00e+00	0.00e+00	0.00e+00	0.00e+00	9.08e-130
 2.20926e+12	0.00e+00	3.13e-32	2.13e-23	4.41e-15	5.79e-06	4.34e-02	9.57e-01	0.00e+00	0.00e+00	0.00e+00	0.00e+00	0.00e+00	0.00e+00
 2.31938e+12	1.12e-41	4.79e-32	2.99e-23	5.70e-15	6.88e-06	4.69e-02	9.53e-01	0.00e+00	0.00e+00	0.00e+00	0.00e+00	0.00e+00	9.99e-129
 2.44208e+12	0.00e+00	7.57e-32	4.33e-23	7.51e-15	8.28e-06	5.11e-02	9.49e-01	0.00e+00	0.00e+00	0.00e+00	0.00e+00	0.00e+00	0.00e+00
 2.56427e+12	3.29e-41	1.18e-31	6.17e-23	9.80e-15	9.90e-06	5.54e-02	9.45e-01	0.00e+00	0.00e+00	0.00e+00	0.00e+00	0.00e+00	1.32e-127
 2.67005e+12	0.00e+00	1.71e-31	8.32e-23	1.23e-14	1.15e-05	5.93e-02	9.41e-01	0.00e+00	0.00e+00	0.00e+00	0.00e+00	0.00e+00	0.00e+00
 2.76066e+12	7.43e-41	2.33e-31	1.07e-22	1.48e-14	1.30e-05	6.27e-02	9.37e-01	0.00e+00	0.00e+00	0.00e+00	0.00e+00	0.00e+00	9.23e-127
 2.86295e+12	0.00e+00	3.27e-31	1.40e-22	1.82e-14	1.50e-05	6.68e-02	9.33e-01	0.00e+00	0.00e+00	0.00e+00	0.00e+00	0.00e+00	0.00e+00
 2.99415e+12	1.86e-40	5.01e-31	1.97e-22	2.35e-14	1.78e-05	7.21e-02	9.28e-01	0.00e+00	0.00e+00	0.00e+00	0.00e+00	0.00e+00	8.22e-126
 3.13277e+12	0.00e+00	7.74e-31	2.80e-22	3.05e-14	2.12e-05	7.80e-02	9.22e-01	0.00e+00	0.00e+00	0.00e+00	0.00e+00	0.00e+00	0.00e+00
 3.24832e+12	4.77e-40	1.10e-30	3.71e-22	3.77e-14	2.44e-05	8.31e-02	9.17e-01	0.00e+00	0.00e+00	0.00e+00	0.00e+00	0.00e+00	7.72e-125
 3.34802e+12	0.00e+00	1.48e-30	4.71e-22	4.50e-14	2.74e-05	8.76e-02	9.12e-01	0.00e+00	0.00e+00	0.00e+00	0.00e+00	0.00e+00	0.00e+00
 3.46165e+12	1.00e-39	2.05e-30	6.12e-22	5.48e-14	3.13e-05	9.29e-02	9.07e-01	0.00e+00	0.00e+00	0.00e+00	0.00e+00	0.00e+00	4.53e-124
 3.60937e+12	0.00e+00	3.09e-30	8.52e-22	7.02e-14	3.69e-05	1.00e-01	9.00e-01	0.00e+00	0.00e+00	0.00e+00	0.00e+00	0.00e+00	0.00e+00
 3.76256e+12	2.69e-39	4.67e-30	1.19e-21	9.00e-14	4.35e-05	1.08e-01	8.92e-01	0.00e+00	0.00e+00	0.00e+00	0.00e+00	0.00e+00	4.76e-123
 3.89080e+12	0.00e+00	6.52e-30	1.55e-21	1.10e-13	4.97e-05	1.14e-01	8.86e-01	0.00e+00	0.00e+00	0.00e+00	0.00e+00	0.00e+00	0.00e+00
 4.02546e+12	6.03e-39	9.16e-30	2.04e-21	1.35e-13	5.69e-05	1.21e-01	8.79e-01	0.00e+00	0.00e+00	0.00e+00	0.00e+00	0.00e+00	3.25e-122
 4.19857e+12	0.00e+00	1.40e-29	2.87e-21	1.74e-13	6.73e-05	1.30e-01	8.70e-01	0.00e+00	0.00e+00	0.00e+00	0.00e+00	0.00e+00	0.00e+00
 4.37663e+12	1.65e-38	2.12e-29	4.02e-21	2.24e-13	7.94e-05	1.40e-01	8.60e-01	0.00e+00	0.00e+00	0.00e+00	0.00e+00	0.00e+00	3.58e-121
 4.52690e+12	0.00e+00	2.99e-29	5.28e-21	2.75e-13	9.09e-05	1.48e-01	8.51e-01	0.00e+00	0.00e+00	0.00e+00	0.00e+00	0.00e+00	0.00e+00
 4.68608e+12	3.77e-38	4.23e-29	6.99e-21	3.38e-13	1.04e-04	1.58e-01	8.42e-01	0.00e+00	0.00e+00	0.00e+00	0.00e+00	0.00e+00	2.57e-120
 4.88653e+12	0.00e+00	6.46e-29	9.82e-21	4.36e-13	1.23e-04	1.69e-01	8.31e-01	0.00e+00	0.00e+00	0.00e+00	0.00e+00	0.00e+00	0.00e+00
 5.09288e+12	1.03e-37	9.82e-29	1.37e-20	5.60e-13	1.45e-04	1.81e-01	8.18e-01	0.00e+00	0.00e+00	0.00e+00	0.00e+00	0.00e+00	2.87e-119
 5.27417e+12	0.00e+00	1.39e-28	1.82e-20	6.90e-13	1.66e-04	1.92e-01	8.08e-01	0.00e+00	0.00e+00	0.00e+00	0.00e+00	0.00e+00	0.00e+00
 5.47066e+12	2.46e-37	2.02e-28	2.46e-20	8.63e-13	1.92e-04	2.04e-01	7.95e-01	0.00e+00	0.00e+00	0.00e+00	0.00e+00	0.00e+00	2.29e-118
 5.68855e+12	0.00e+00	3.00e-28	3.37e-20	1.09e-12	2.24e-04	2.18e-01	7.82e-01	0.00e+00	0.00e+00	0.00e+00	0.00e+00	0.00e+00	0.00e+00
 5.90144e+12	6.15e-37	4.35e-28	4.54e-20	1.36e-12	2.58e-04	2.31e-01	7.69e-01	0.00e+00	0.00e+00	0.00e+00	0.00e+00	0.00e+00	2.09e-117
 6.11115e+12	0.00e+00	6.19e-28	6.03e-20	1.68e-12	2.95e-04	2.44e-01	7.55e-01	0.00e+00	0.00e+00	0.00e+00	0.00e+00	0.00e+00	0.00e+00
 6.34955e+12	1.49e-36	9.09e-28	8.21e-20	2.11e-12	3.42e-04	2.59e-01	7.40e-01	0.00e+00	0.00e+00	0.00e+00	0.00e+00	0.00e+00	1.77e-116
 6.61229e+12	0.00e+00	1.37e-27	1.14e-19	2.69e-12	3.99e-04	2.76e-01	7.24e-01	0.00e+00	0.00e+00	0.00e+00	0.00e+00	0.00e+00	0.00e+00
 6.84383e+12	3.68e-36	1.93e-27	1.50e-19	3.30e-12	4.55e-04	2.91e-01	7.09e-01	0.00e+00	0.00e+00	0.00e+00	0.00e+00	0.00e+00	1.58e-115
 7.03384e+12	0.00e+00	2.54e-27	1.87e-19	3.88e-12	5.04e-04	3.03e-01	6.97e-01	0.00e+00	0.00e+00	0.00e+00	0.00e+00	0.00e+00	5.57e-100
 7.23267e+12	7.14e-36	3.35e-27	2.34e-19	4.58e-12	5.60e-04	3.15e-01	6.84e-01	0.00e+00	0.00e+00	0.00e+00	0.00e+00	0.00e+00	0.00e+00
 7.49115e+12	0.00e+00	4.76e-27	3.09e-19	5.62e-12	6.38e-04	3.32e-01	6.68e-01	0.00e+00	0.00e+00	0.00e+00	0.00e+00	0.00e+00	1.52e-131
 7.76197e+12	1.67e-35	6.79e-27	4.11e-19	6.93e-12	7.27e-04	3.49e-01	6.51e-01	0.00e+00	0.00e+00	0.00e+00	0.00e+00	0.00e+00	1.13e-97
 7.99375e+12	0.00e+00	9.09e-27	5.19e-19	8.23e-12	8.09e-04	3.63e-01	6.36e-01	0.00e+00	0.00e+00	0.00e+00	0.00e+00	0.00e+00	0.00e+00
 8.23998e+12	3.40e-35	1.23e-26	6.59e-19	9.81e-12	9.03e-04	3.78e-01	6.21e-01	0.00e+00	0.00e+00	0.00e+00	0.00e+00	0.00e+00	3.61e-113
 8.56008e+12	0.00e+00	1.79e-26	8.91e-19	1.22e-11	1.04e-03	3.97e-01	6.02e-01	0.00e+00	0.00e+00	0.00e+00	0.00e+00	0.00e+00	7.73e-98
 8.89303e+12	8.41e-35	2.61e-26	1.20e-18	1.52e-11	1.19e-03	4.17e-01	5.82e-01	0.00e+00	0.00e+00	0.00e+00	0.00e+00	0.00e+00	0.00e+00
 9.17543e+12	1.22e-34	3.54e-26	1.54e-18	1.82e-11	1.32e-03	4.33e-01	5.65e-01	0.00e+00	0.00e+00	0.00e+00	0.00e+00	0.00e+00	8.38e-112
 9.47530e+12	1.78e-34	4.85e-26	1.98e-18	2.19e-11	1.48e-03	4.50e-01	5.48e-01	0.00e+00	0.00e+00	0.00e+00	0.00e+00	0.00e+00	1.68e-95
 9.85265e+12	2.82e-34	7.11e-26	2.68e-18	2.73e-11	1.69e-03	4.71e-01	5.27e-01	0.00e+00	0.00e+00	0.00e+00	0.00e+00	0.00e+00	6.70e-111
 1.02461e+13	4.47e-34	1.04e-25	3.64e-18	3.41e-11	1.94e-03	4.93e-01	5.05e-01	0.00e+00	0.00e+00	0.00e+00	0.00e+00	0.00e+00	1.18e-94
 1.06008e+13	6.66e-34	1.45e-25	4.73e-18	4.12e-11	2.17e-03	5.11e-01	4.87e-01	0.00e+00	0.00e+00	0.00e+00	0.00e+00	0.00e+00	5.67e-110
 1.09899e+13	1.01e-33	2.05e-25	6.24e-18	5.04e-11	2.45e-03	5.31e-01	4.67e-01	0.00e+00	0.00e+00	0.00e+00	0.00e+00	0.00e+00	6.75e-94
 1.14490e+13	1.63e-33	3.05e-25	8.55e-18	6.33e-11	2.80e-03	5.53e-01	4.45e-01	0.00e+00	0.00e+00	0.00e+00	0.00e+00	0.00e+00	5.34e-109
 1.19113e+13	2.59e-33	4.47e-25	1.16e-17	7.88e-11	3.19e-03	5.74e-01	4.23e-01	0.00e+00	0.00e+00	0.00e+00	0.00e+00	0.00e+00	4.95e-93
 1.23548e+13	3.95e-33	6.34e-25	1.53e-17	9.62e-11	3.59e-03	5.93e-01	4.03e-01	0.00e+00	0.00e+00	0.00e+00	0.00e+00	0.00e+00	4.89e-108
 1.27854e+13	5.86e-33	8.79e-25	1.99e-17	1.16e-10	4.00e-03	6.11e-01	3.85e-01	0.00e+00	0.00e+00	0.00e+00	0.00e+00	0.00e+00	2.83e-92
 1.32688e+13	8.96e-33	1.25e-24	2.63e-17	1.42e-10	4.49e-03	6.30e-01	3.65e-01	0.00e+00	0.00e+00	0.00e+00	0.00e+00	0.00e+00	3.86e-107
 1.38016e+13	1.41e-32	1.82e-24	3.54e-17	1.76e-10	5.08e-03	6.50e-01	3.45e-01	0.00e+00	0.00e+00	0.00e+00	0.00e+00	0.00e+00	1.84e-91
 1.42941e+13	2.10e-32	2.53e-24	4.60e-17	2.12e-10	5.65e-03	6.67e-01	3.27e-01	0.00e+00	0.00e+00	0.00e+00	0.00e+00	0.00e+00	3.32e-106
 1.47088e+13	2.90e-32	3.31e-24	5.70e-17	2.47e-10	6.17e-03	6.81e-01	3.13e-01	0.00e+00	0.00e+00	0.00e+00	0.00e+00	0.00e+00	8.63e-91
 1.50704e+13	3.81e-32	4.14e-24	6.81e-17	2.80e-10	6.62e-03	6.92e-01	3.01e-01	0.00e+00	0.00e+00	0.00e+00	0.00e+00	0.00e+00	1.52e-105
 1.54839e+13	5.18e-32	5.34e-24	8.34e-17	3.24e-10	7.18e-03	7.04e-01	2.88e-01	0.00e+00	0.00e+00	0.00e+00	0.00e+00	0.00e+00	2.98e-90
 1.60216e+13	7.60e-32	7.33e-24	1.07e-16	3.88e-10	7.94e-03	7.19e-01	2.73e-01	0.00e+00	0.00e+00	0.00e+00	0.00e+00	0.00e+00	8.80e-105
 1.65809e+13	1.12e-31	1.01e-23	1.39e-16	4.65e-10	8.79e-03	7.34e-01	2.57e-01	0.00e+00	0.00e+00	0.00e+00	0.00e+00	0.00e+00	1.54e-89
 1.70515e+13	1.52e-31	1.31e-23	1.70e-16	5.38e-10	9.52e-03	7.45e-01	2.45e-01	0.00e+00	0.00e+00	0.00e+00	0.00e+00	0.00e+00	5.22e-104
 1.75462e+13	2.09e-31	1.69e-23	2.09e-16	6.23e-10	1.03e-02	7.56e-01	2.33e-01	0.00e+00	0.00e+00	0.00e+00	0.00e+00	0.00e+00	5.92e-89
 1.81894e+13	3.11e-31	2.35e-23	2.72e-16	7.49e-10	1.14e-02	7.70e-01	2.19e-01	0.00e+00	0.00e+00	0.00e+00	0.00e+00	0.00e+00	3.27e-103
 1.88590e+13	4.63e-31	3.27e-23	3.54e-16	9.03e-10	1.26e-02	7.83e-01	2.05e-01	0.00e+00	0.00e+00	0.00e+00	0.00e+00	0.00e+00	3.25e-88
 1.94247e+13	6.38e-31	4.27e-23	4.37e-16	1.05e-09	1.37e-02	7.92e-01	1.94e-01	0.00e+00	0.00e+00	0.00e+00	0.00e+00	0.00e+00	2.09e-102
 2.00215e+13	8.84e-31	5.59e-23	5.41e-16	1.22e-09	1.49e-02	8.02e-01	1.83e-01	0.00e+00	0.00e+00	0.00e+00	0.00e+00	0.00e+00	1.32e-87
 2.07810e+13	1.32e-30	7.79e-23	7.05e-16	1.47e-09	1.64e-02	8.13e-01	1.71e-01	0.00e+00	0.00e+00	0.00e+00	0.00e+00	0.00e+00	1.39e-101
 2.15748e+13	1.97e-30	1.09e-22	9.19e-16	1.77e-09	1.81e-02	8.23e-01	1.59e-01	0.00e+00	0.00e+00	0.00e+00	0.00e+00	0.00e+00	7.46e-87
 2.22775e+13	2.78e-30	1.44e-22	1.15e-15	2.07e-09	1.97e-02	8.31e-01	1.49e-01	0.00e+00	0.00e+00	0.00e+00	0.00e+00	0.00e+00	9.65e-101
 2.30390e+13	3.95e-30	1.93e-22	1.45e-15	2.44e-09	2.15e-02	8.39e-01	1.40e-01	0.00e+00	0.00e+00	0.00e+00	0.00e+00	0.00e+00	3.39e-86
 2.39538e+13	5.95e-30	2.70e-22	1.89e-15	2.94e-09	2.37e-02	8.47e-01	1.29e-01	0.00e+00	0.00e+00	0.00e+00	0.00e+00	0.00e+00	7.21e-100
 2.48904e+13	8.88e-30	3.76e-22	2.46e-15	3.53e-09	2.61e-02	8.54e-01	1.20e-01	0.00e+00	0.00e+00	0.00e+00	0.00e+00	0.00e+00	1.99e-85
 2.56926e+13	1.23e-29	4.93e-22	3.05e-15	4.10e-09	2.82e-02	8.60e-01	1.12e-01	0.00e+00	0.00e+00	0.00e+00	0.00e+00	0.00e+00	4.98e-99
 2.63838e+13	1.62e-29	6.17e-22	3.64e-15	4.64e-09	3.00e-02	8.64e-01	1.06e-01	0.00e+00	0.00e+00	0.00e+00	0.00e+00	0.00e+00	7.54e-85
 2.71688e+13	2.19e-29	7.90e-22	4.42e-15	5.31e-09	3.22e-02	8.68e-01	1.00e-01	0.00e+00	0.00e+00	0.00e+00	0.00e+00	0.00e+00	2.31e-98
 2.81797e+13	3.18e-29	1.07e-21	5.62e-15	6.27e-09	3.51e-02	8.72e-01	9.29e-02	0.00e+00	0.00e+00	0.00e+00	0.00e+00	0.00e+00	3.38e-84
 2.92481e+13	4.65e-29	1.47e-21	7.18e-15	7.43e-09	3.82e-02	8.76e-01	8.60e-02	0.00e+00	0.00e+00	0.00e+00	0.00e+00	0.00e+00	1.74e-97
 3.01732e+13	6.36e-29	1.90e-21	8.78e-15	8.54e-09	4.11e-02	8.78e-01	8.07e-02	0.00e+00	0.00e+00	0.00e+00	0.00e+00	0.00e+00	1.60e-83
 3.09983e+13	8.35e-29	2.37e-21	1.04e-14	9.62e-09	4.36e-02	8.80e-01	7.63e-02	0.00e+00	0.00e+00	0.00e+00	0.00e+00	0.00e+00	8.53e-97
 3.19214e+13	1.12e-28	3.01e-21	1.26e-14	1.09e-08	4.65e-02	8.82e-01	7.18e-02	0.00e+00	0.00e+00	0.00e+00	0.00e+00	0.00e+00	5.79e-83
 3.31069e+13	1.62e-28	4.06e-21	1.59e-14	1.28e-08	5.04e-02	8.83e-01	6.65e-02	0.00e+00	0.00e+00	0.00e+00	0.00e+00	0.00e+00	5.14e-96
 3.43326e+13	2.32e-28	5.46e-21	2.00e-14	1.50e-08	5.46e-02	8.84e-01	6.16e-02	0.00e+00	0.00e+00	0.00e+00	0.00e+00	0.00e+00	3.04e-82
 3.53792e+13	3.13e-28	6.95e-21	2.41e-14	1.71e-08	5.82e-02	8.84e-01	5.78e-02	0.00e+00	0.00e+00	0.00e+00	0.00e+00	0.00e+00	3.14e-95
 3.64939e+13	4.26e-28	8.92e-21	2.92e-14	1.94e-08	6.21e-02	8.84e-01	5.42e-02	0.00e+00	0.00e+00	0.00e+00	0.00e+00	0.00e+00	1.23e-81
 3.78814e+13	6.16e-28	1.20e-20	3.68e-14	2.28e-08	6.71e-02	8.83e-01	5.00e-02	0.00e+00	0.00e+00	0.00e+00	0.00e+00	0.00e+00	2.03e-94
 3.93230e+13	8.90e-28	1.62e-20	4.64e-14	2.66e-08	7.25e-02	8.81e-01	4.62e-02	0.00e+00	0.00e+00	0.00e+00	0.00e+00	0.00e+00	6.77e-81
 4.06308e+13	1.23e-27	2.11e-20	5.66e-14	3.05e-08	7.75e-02	8.79e-01	4.31e-02	0.00e+00	0.00e+00	0.00e+00	0.00e+00	0.00e+00	1.37e-93
 4.20653e+13	1.73e-27	2.78e-20	6.99e-14	3.51e-08	8.31e-02	8.77e-01	4.00e-02	0.00e+00	0.00e+00	0.00e+00	0.00e+00	0.00e+00	3.18e-80
 4.37487e+13	2.54e-27	3.79e-20	8.87e-14	4.12e-08	8.98e-02	8.73e-01	3.67e-02	0.00e+00	0.00e+00	0.00e+00	0.00e+00	0.00e+00	1.03e-92
 4.54046e+13	3.65e-27	5.08e-20	1.11e-13	4.79e-08	9.66e-02	8.70e-01	3.38e-02	0.00e+00	0.00e+00	0.00e+00	0.00e+00	0.00e+00	1.84e-79
 4.68710e+13	4.97e-27	6.52e-20	1.34e-13	5.44e-08	1.03e-01	8.66e-01	3.15e-02	0.00e+00	0.00e+00	0.00e+00	0.00e+00	0.00e+00	6.73e-92
 4.84418e+13	6.85e-27	8.44e-20	1.63e-13	6.20e-08	1.09e-01	8.61e-01	2.93e-02	0.00e+00	0.00e+00	0.00e+00	0.00e+00	0.00e+00	8.13e-79
 5.03313e+13	9.93e-27	1.14e-19	2.05e-13	7.22e-08	1.18e-01	8.55e-01	2.69e-02	0.00e+00	0.00e+00	0.00e+00	0.00e+00	0.00e+00	4.69e-91
 5.22064e+13	1.42e-26	1.51e-19	2.55e-13	8.34e-08	1.26e-01	8.49e-01	2.48e-02	0.00e+00	0.00e+00	0.00e+00	0.00e+00	0.00e+00	4.52e-78
 5.38917e+13	1.92e-26	1.94e-19	3.07e-13	9.43e-08	1.33e-01	8.43e-01	2.31e-02	0.00e+00	0.00e+00	0.00e+00	0.00e+00	0.00e+00	3.02e-90
 5.54889e+13	2.55e-26	2.43e-19	3.65e-13	1.06e-07	1.41e-01	8.38e-01	2.15e-02	0.00e+00	0.00e+00	0.00e+00	0.00e+00	0.00e+00	1.84e-77
 5.70029e+13	3.31e-26	2.99e-19	4.27e-13	1.17e-07	1.48e-01	8.32e-01	2.02e-02	0.00e+00	0.00e+00	0.00e+00	0.00e+00	0.00e+00	1.39e-89
 5.86787e+13	4.37e-26	3.75e-19	5.05e-13	1.31e-07	1.56e-01	8.25e-01	1.89e-02	0.00e+00	0.00e+00	0.00e+00	0.00e+00	0.00e+00	6.63e-77
 6.05417e+13	5.90e-26	4.77e-19	6.06e-13	1.48e-07	1.65e-01	8.18e-01	1.76e-02	0.00e+00	0.00e+00	0.00e+00	0.00e+00	0.00e+00	7.18e-89
 6.22822e+13	7.75e-26	5.93e-19	7.14e-13	1.65e-07	1.73e-01	8.11e-01	1.64e-02	0.00e+00	0.00e+00	0.00e+00	0.00e+00	0.00e+00	2.60e-76
 6.41793e+13	1.03e-25	7.46e-19	8.49e-13	1.85e-07	1.82e-01	8.02e-01	1.53e-02	0.00e+00	0.00e+00	0.00e+00	0.00e+00	0.00e+00	5.17e-76
 6.62956e+13	1.41e-25	9.56e-19	1.02e-12	2.09e-07	1.93e-01	7.93e-01	1.41e-02	0.00e+00	0.00e+00	0.00e+00	0.00e+00	0.00e+00	1.08e-75
 6.82823e+13	1.86e-25	1.20e-18	1.21e-12	2.33e-07	2.02e-01	7.84e-01	1.32e-02	0.00e+00	0.00e+00	0.00e+00	0.00e+00	0.00e+00	2.13e-75
 7.04508e+13	2.51e-25	1.52e-18	1.45e-12	2.62e-07	2.13e-01	7.75e-01	1.22e-02	0.00e+00	0.00e+00	0.00e+00	0.00e+00	0.00e+00	4.35e-75
 7.28756e+13	3.45e-25	1.96e-18	1.76e-12	2.97e-07	2.25e-01	7.63e-01	1.12e-02	0.00e+00	0.00e+00	0.00e+00	0.00e+00	0.00e+00	9.40e-75
 7.51691e+13	4.63e-25	2.48e-18	2.09e-12	3.33e-07	2.37e-01	7.53e-01	1.04e-02	0.00e+00	0.00e+00	0.00e+00	0.00e+00	0.00e+00	1.90e-74
 7.76859e+13	6.31e-25	3.17e-18	2.52e-12	3.76e-07	2.50e-01	7.41e-01	9.54e-03	0.00e+00	0.00e+00	0.00e+00	0.00e+00	0.00e+00	4.04e-74
 8.05046e+13	8.82e-25	4.15e-18	3.08e-12	4.28e-07	2.64e-01	7.27e-01	8.70e-03	0.00e+00	0.00e+00	0.00e+00	0.00e+00	0.00e+00	9.05e-74
 8.31543e+13	1.20e-24	5.28e-18	3.69e-12	4.81e-07	2.77e-01	7.15e-01	8.00e-03	0.00e+00	0.00e+00	0.00e+00	0.00e+00	0.00e+00	1.89e-73
 8.60373e+13	1.64e-24	6.80e-18	4.46e-12	5.43e-07	2.92e-01	7.01e-01	7.31e-03	0.00e+00	0.00e+00	0.00e+00	0.00e+00	0.00e+00	4.10e-73
 8.92310e+13	2.31e-24	8.92e-18	5.46e-12	6.18e-07	3.08e-01	6.86e-01	6.63e-03	0.00e+00	0.00e+00	0.00e+00	0.00e+00	0.00e+00	9.35e-73
 9.21947e+13	3.12e-24	1.13e-17	6.53e-12	6.93e-07	3.22e-01	6.72e-01	6.07e-03	0.00e+00	0.00e+00	0.00e+00	0.00e+00	0.00e+00	1.96e-72
 9.54133e+13	4.29e-24	1.46e-17	7.87e-12	7.80e-07	3.38e-01	6.56e-01	5.53e-03	0.00e+00	0.00e+00	0.00e+00	0.00e+00	0.00e+00	4.26e-72
 9.90086e+13	6.03e-24	1.91e-17	9.62e-12	8.87e-07	3.56e-01	6.39e-01	4.99e-03	0.00e+00	0.00e+00	0.00e+00	0.00e+00	0.00e+00	9.80e-72
 1.02386e+14	8.20e-24	2.44e-17	1.15e-11	9.93e-07	3.72e-01	6.24e-01	4.54e-03	0.00e+00	0.00e+00	0.00e+00	0.00e+00	0.00e+00	2.09e-71
 1.06071e+14	1.13e-23	3.15e-17	1.39e-11	1.12e-06	3.89e-01	6.07e-01	4.11e-03	0.00e+00	0.00e+00	0.00e+00	0.00e+00	0.00e+00	4.63e-71
 1.10180e+14	1.60e-23	4.14e-17	1.70e-11	1.27e-06	4.08e-01	5.88e-01	3.68e-03	0.00e+00	0.00e+00	0.00e+00	0.00e+00	0.00e+00	1.09e-70
 1.14041e+14	2.19e-23	5.30e-17	2.04e-11	1.42e-06	4.26e-01	5.71e-01	3.33e-03	0.00e+00	0.00e+00	0.00e+00	1.69e-17	3.61e-17	2.36e-70
 1.18208e+14	3.02e-23	6.84e-17	2.46e-11	1.59e-06	4.44e-01	5.53e-01	3.00e-03	0.00e+00	0.00e+00	0.00e+00	2.27e-17	4.57e-17	5.28e-70
 1.22866e+14	4.27e-23	8.99e-17	3.00e-11	1.81e-06	4.64e-01	5.34e-01	2.67e-03	0.00e+00	0.00e+00	0.00e+00	2.98e-17	6.01e-17	1.26e-69
 1.27359e+14	5.89e-23	1.16e-16	3.61e-11	2.02e-06	4.82e-01	5.16e-01	2.40e-03	0.00e+00	0.00e+00	0.00e+00	3.84e-17	7.73e-17	2.81e-69
 1.31569e+14	7.87e-23	1.45e-16	4.25e-11	2.23e-06	4.99e-01	4.99e-01	2.17e-03	0.00e+00	0.00e+00	0.00e+00	4.81e-17	9.70e-17	5.83e-69
 1.35600e+14	1.03e-22	1.79e-16	4.95e-11	2.45e-06	5.14e-01	4.84e-01	1.98e-03	0.00e+00	0.00e+00	0.00e+00	5.94e-17	1.20e-16	1.15e-68
 1.39338e+14	1.31e-22	2.16e-16	5.68e-11	2.66e-06	5.28e-01	4.70e-01	1.82e-03	0.00e+00	0.00e+00	0.00e+00	7.17e-17	1.44e-16	2.10e-68
 1.43364e+14	1.68e-22	2.63e-16	6.54e-11	2.90e-06	5.43e-01	4.56e-01	1.66e-03	0.00e+00	0.00e+00	0.00e+00	8.72e-17	1.76e-16	3.98e-68
 1.47838e+14	2.21e-22	3.25e-16	7.62e-11	3.18e-06	5.58e-01	4.40e-01	1.51e-03	0.00e+00	0.00e+00	0.00e+00	1.08e-16	2.17e-16	7.92e-68
 1.52010e+14	2.82e-22	3.93e-16	8.73e-11	3.44e-06	5.72e-01	4.26e-01	1.38e-03	0.00e+00	0.00e+00	0.00e+00	1.30e-16	2.63e-16	1.48e-67
 1.56549e+14	3.65e-22	4.81e-16	1.01e-10	3.75e-06	5.87e-01	4.12e-01	1.26e-03	0.00e+00	0.00e+00	0.00e+00	1.59e-16	3.21e-16	2.86e-67
 1.61617e+14	4.82e-22	5.97e-16	1.18e-10	4.11e-06	6.03e-01	3.96e-01	1.13e-03	0.00e+00	0.00e+00	0.00e+00	1.98e-16	3.99e-16	5.84e-67
 1.66391e+14	6.21e-22	7.26e-16	1.35e-10	4.46e-06	6.17e-01	3.82e-01	1.03e-03	0.00e+00	0.00e+00	0.00e+00	2.41e-16	4.86e-16	1.12e-66
 1.71618e+14	8.12e-22	8.94e-16	1.57e-10	4.86e-06	6.31e-01	3.68e-01	9.32e-04	0.00e+00	0.00e+00	0.00e+00	2.96e-16	5.98e-16	2.27e-66
 1.77463e+14	1.08e-21	1.12e-15	1.84e-10	5.33e-06	6.47e-01	3.52e-01	8.34e-04	0.00e+00	0.00e+00	0.00e+00	3.71e-16	7.48e-16	4.75e-66
 1.82993e+14	1.41e-21	1.37e-15	2.12e-10	5.79e-06	6.61e-01	3.38e-01	7.53e-04	0.00e+00	0.00e+00	0.00e+00	4.55e-16	9.18e-16	9.47e-66
 1.89061e+14	1.87e-21	1.70e-15	2.47e-10	6.32e-06	6.76e-01	3.24e-01	6.75e-04	0.00e+00	0.00e+00	0.00e+00	5.65e-16	1.14e-15	1.97e-65
 1.95875e+14	2.53e-21	2.15e-15	2.91e-10	6.94e-06	6.91e-01	3.08e-01	5.99e-04	0.00e+00	0.00e+00	0.00e+00	7.13e-16	1.44e-15	4.35e-65
 2.02361e+14	3.35e-21	2.67e-15	3.38e-10	7.56e-06	7.05e-01	2.95e-01	5.36e-04	0.00e+00	0.00e+00	0.00e+00	8.83e-16	1.78e-15	9.02e-65
 2.09492e+14	4.50e-21	3.34e-15	3.96e-10	8.26e-06	7.19e-01	2.80e-01	4.76e-04	0.00e+00	0.00e+00	0.00e+00	1.11e-15	2.24e-15	1.96e-64
 2.17398e+14	6.17e-21	4.26e-15	4.69e-10	9.08e-06	7.34e-01	2.66e-01	4.19e-04	0.00e+00	0.00e+00	0.00e+00	1.41e-15	2.85e-15	4.50e-64
 2.24740e+14	8.18e-21	5.29e-15	5.45e-10	9.87e-06	7.47e-01	2.53e-01	3.73e-04	0.00e+00	0.00e+00	0.00e+00	1.75e-15	3.54e-15	9.48e-64
 2.32714e+14	1.10e-20	6.64e-15	6.38e-10	1.08e-05	7.60e-01	2.40e-01	3.30e-04	0.00e+00	0.00e+00	0.00e+00	2.20e-15	4.44e-15	2.07e-63
 2.41663e+14	1.51e-20	8.48e-15	7.55e-10	1.18e-05	7.73e-01	2.27e-01	2.89e-04	0.00e+00	0.00e+00	0.00e+00	2.80e-15	5.67e-15	4.84e-63
 2.50146e+14	2.03e-20	1.06e-14	8.81e-10	1.29e-05	7.85e-01	2.15e-01	2.56e-04	0.00e+00	0.00e+00	0.00e+00	3.50e-15	7.09e-15	1.05e-62
 2.59286e+14	2.74e-20	1.33e-14	1.03e-09	1.40e-05	7.97e-01	2.03e-01	2.25e-04	0.00e+00	0.00e+00	0.00e+00	4.41e-15	8.92e-15	2.34e-62
 2.69462e+14	3.78e-20	1.70e-14	1.22e-09	1.54e-05	8.09e-01	1.91e-01	1.96e-04	0.00e+00	0.00e+00	0.00e+00	5.63e-15	1.14e-14	5.53e-62
 2.79264e+14	5.10e-20	2.14e-14	1.43e-09	1.67e-05	8.20e-01	1.80e-01	1.72e-04	0.00e+00	0.00e+00	0.00e+00	7.07e-15	1.43e-14	1.23e-61
 2.89683e+14	6.91e-20	2.70e-14	1.68e-09	1.82e-05	8.30e-01	1.69e-01	1.50e-04	0.00e+00	0.00e+00	0.00e+00	8.92e-15	1.81e-14	2.78e-61
 3.00081e+14	9.27e-20	3.37e-14	1.95e-09	1.98e-05	8.40e-01	1.60e-01	1.32e-04	0.00e+00	0.00e+00	0.00e+00	1.11e-14	2.26e-14	6.10e-61
 3.08264e+14	1.16e-19	4.00e-14	2.19e-09	2.11e-05	8.47e-01	1.53e-01	1.20e-04	0.00e+00	0.00e+00	0.00e+00	1.32e-14	2.68e-14	1.11e-60
 3.16264e+14	1.43e-19	4.70e-14	2.45e-09	2.23e-05	8.54e-01	1.46e-01	1.09e-04	0.00e+00	0.00e+00	0.00e+00	1.55e-14	3.15e-14	1.96e-60
 3.26665e+14	1.87e-19	5.75e-14	2.81e-09	2.41e-05	8.62e-01	1.38e-01	9.64e-05	0.00e+00	0.00e+00	0.00e+00	1.90e-14	3.86e-14	4.02e-60
 3.37541e+14	2.45e-19	7.06e-14	3.24e-09	2.59e-05	8.69e-01	1.31e-01	8.52e-05	0.00e+00	0.00e+00	0.00e+00	2.33e-14	4.73e-14	8.31e-60
 3.46788e+14	3.06e-19	8.36e-14	3.63e-09	2.76e-05	8.75e-01	1.24e-01	7.70e-05	0.00e+00	0.00e+00	0.00e+00	2.76e-14	5.60e-14	1.51e-59
 3.56562e+14	3.84e-19	9.94e-14	4.09e-09	2.94e-05	8.81e-01	1.19e-01	6.93e-05	0.00e+00	0.00e+00	0.00e+00	3.28e-14	6.66e-14	2.79e-59
 3.69269e+14	5.11e-19	1.24e-13	4.75e-09	3.18e-05	8.89e-01	1.11e-01	6.06e-05	0.00e+00	0.00e+00	0.00e+00	4.07e-14	8.29e-14	6.03e-59
 3.82437e+14	6.80e-19	1.54e-13	5.51e-09	3.44e-05	8.95e-01	1.04e-01	5.30e-05	0.00e+00	0.00e+00	0.00e+00	5.06e-14	1.03e-13	1.30e-58
 3.93512e+14	8.57e-19	1.83e-13	6.21e-09	3.66e-05	9.01e-01	9.91e-02	4.74e-05	0.00e+00	0.00e+00	0.00e+00	6.04e-14	1.23e-13	2.44e-58
 4.05217e+14	1.09e-18	2.20e-13	7.03e-09	3.91e-05	9.06e-01	9.39e-02	4.23e-05	0.00e+00	0.00e+00	0.00e+00	7.23e-14	1.47e-13	4.64e-58
 4.20085e+14	1.46e-18	2.74e-13	8.19e-09	4.24e-05	9.12e-01	8.78e-02	3.68e-05	0.00e+00	0.00e+00	0.00e+00	9.02e-14	1.84e-13	1.02e-57
 4.35562e+14	1.95e-18	3.43e-13	9.54e-09	4.60e-05	9.18e-01	8.21e-02	3.19e-05	0.00e+00	0.00e+00	0.00e+00	1.13e-13	2.30e-13	2.25e-57
 4.49080e+14	2.49e-18	4.13e-13	1.09e-08	4.92e-05	9.22e-01	7.75e-02	2.83e-05	0.00e+00	0.00e+00	0.00e+00	1.36e-13	2.78e-13	4.38e-57
 4.63551e+14	3.22e-18	5.02e-13	1.24e-08	5.28e-05	9.27e-01	7.29e-02	2.49e-05	0.00e+00	0.00e+00	0.00e+00	1.65e-13	3.37e-13	8.70e-57
 4.81179e+14	4.34e-18	6.31e-13	1.45e-08	5.74e-05	9.32e-01	6.79e-02	2.15e-05	0.00e+00	0.00e+00	0.00e+00	2.07e-13	4.24e-13	1.96e-56
 4.98748e+14	5.78e-18	7.85e-13	1.69e-08	6.21e-05	9.37e-01	6.33e-02	1.86e-05	0.00e+00	0.00e+00	0.00e+00	2.58e-13	5.27e-13	4.25e-56
 5.14196e+14	7.37e-18	9.45e-13	1.92e-08	6.64e-05	9.40e-01	5.97e-02	1.65e-05	0.00e+00	0.00e+00	0.00e+00	3.10e-13	6.35e-13	8.24e-56
 5.31051e+14	9.52e-18	1.15e-12	2.20e-08	7.13e-05	9.44e-01	5.60e-02	1.44e-05	0.00e+00	0.00e+00	0.00e+00	3.77e-13	7.73e-13	1.65e-55
 5.51404e+14	1.28e-17	1.44e-12	2.57e-08	7.75e-05	9.48e-01	5.20e-02	1.24e-05	0.00e+00	0.00e+00	0.00e+00	4.73e-13	9.71e-13	3.70e-55
 5.71651e+14	1.71e-17	1.80e-12	2.99e-08	8.39e-05	9.52e-01	4.84e-02	1.07e-05	0.00e+00	0.00e+00	0.00e+00	5.89e-13	1.21e-12	8.04e-55
 5.89746e+14	2.18e-17	2.17e-12	3.41e-08	8.98e-05	9.54e-01	4.55e-02	9.41e-06	0.00e+00	0.00e+00	0.00e+00	7.10e-13	1.46e-12	1.57e-54
 6.09694e+14	2.83e-17	2.65e-12	3.92e-08	9.67e-05	9.57e-01	4.25e-02	8.20e-06	0.00e+00	0.00e+00	0.00e+00	8.68e-13	1.78e-12	3.20e-54
 6.33403e+14	3.82e-17	3.34e-12	4.59e-08	1.05e-04	9.61e-01	3.93e-02	7.00e-06	0.00e+00	0.00e+00	0.00e+00	1.09e-12	2.25e-12	7.23e-54
 6.56821e+14	5.08e-17	4.15e-12	5.34e-08	1.14e-04	9.63e-01	3.65e-02	6.03e-06	4.13e-18	1.24e-17	2.08e-17	1.36e-12	2.79e-12	1.58e-53
 6.78211e+14	6.52e-17	5.03e-12	6.11e-08	1.22e-04	9.66e-01	3.42e-02	5.28e-06	5.31e-18	1.59e-17	2.67e-17	1.64e-12	3.39e-12	3.13e-53
 6.98491e+14	8.21e-17	6.00e-12	6.90e-08	1.30e-04	9.68e-01	3.22e-02	4.67e-06	6.68e-18	2.01e-17	3.35e-17	1.96e-12	4.04e-12	5.88e-53
 7.21201e+14	1.05e-16	7.27e-12	7.89e-08	1.40e-04	9.70e-01	3.02e-02	4.08e-06	8.57e-18	2.57e-17	4.30e-17	2.37e-12	4.90e-12	1.16e-52
 7.44374e+14	1.35e-16	8.78e-12	9.00e-08	1.50e-04	9.72e-01	2.83e-02	3.58e-06	1.10e-17	3.29e-17	5.50e-17	2.86e-12	5.92e-12	2.28e-52
 7.63174e+14	1.63e-16	1.02e-11	9.98e-08	1.58e-04	9.73e-01	2.69e-02	3.23e-06	1.33e-17	4.00e-17	6.68e-17	3.32e-12	6.87e-12	3.91e-52
 7.82640e+14	1.98e-16	1.18e-11	1.11e-07	1.67e-04	9.74e-01	2.55e-02	2.90e-06	1.62e-17	4.85e-17	8.11e-17	3.86e-12	7.98e-12	6.64e-52
 8.07946e+14	2.54e-16	1.43e-11	1.27e-07	1.79e-04	9.76e-01	2.38e-02	2.53e-06	2.07e-17	6.21e-17	1.04e-16	4.66e-12	9.65e-12	1.31e-51
 8.34405e+14	3.25e-16	1.73e-11	1.45e-07	1.92e-04	9.78e-01	2.23e-02	2.21e-06	2.65e-17	7.96e-17	1.33e-16	5.65e-12	1.17e-11	2.61e-51
 8.56882e+14	3.99e-16	2.03e-11	1.61e-07	2.04e-04	9.79e-01	2.11e-02	1.98e-06	3.25e-17	9.77e-17	1.63e-16	6.61e-12	1.37e-11	4.61e-51
 8.80618e+14	4.92e-16	2.39e-11	1.81e-07	2.16e-04	9.80e-01	1.99e-02	1.76e-06	4.02e-17	1.21e-16	2.02e-16	7.77e-12	1.61e-11	8.27e-51
 9.11474e+14	6.41e-16	2.93e-11	2.09e-07	2.33e-04	9.81e-01	1.85e-02	1.52e-06	5.24e-17	1.57e-16	2.63e-16	9.53e-12	1.98e-11	1.73e-50
 9.43446e+14	8.35e-16	3.60e-11	2.41e-07	2.52e-04	9.83e-01	1.72e-02	1.32e-06	6.82e-17	2.05e-16	3.42e-16	1.17e-11	2.43e-11	3.60e-50
 9.70304e+14	1.04e-15	4.25e-11	2.70e-07	2.67e-04	9.83e-01	1.62e-02	1.17e-06	8.46e-17	2.54e-16	4.25e-16	1.38e-11	2.87e-11	6.58e-50
 9.98659e+14	1.29e-15	5.04e-11	3.04e-07	2.85e-04	9.84e-01	1.53e-02	1.03e-06	1.05e-16	3.17e-16	5.30e-16	1.64e-11	3.40e-11	1.22e-49
 1.03499e+15	1.70e-15	6.22e-11	3.53e-07	3.08e-04	9.86e-01	1.42e-02	8.88e-07	1.39e-16	4.16e-16	6.96e-16	2.02e-11	4.20e-11	2.62e-49
 1.07308e+15	2.23e-15	7.70e-11	4.10e-07	3.33e-04	9.87e-01	1.31e-02	0.00e+00	1.82e-16	5.48e-16	9.16e-16	2.50e-11	5.20e-11	5.67e-49
 1.10660e+15	2.82e-15	9.24e-11	4.65e-07	3.56e-04	9.87e-01	1.23e-02	0.00e+00	2.31e-16	6.92e-16	1.16e-15	3.00e-11	6.24e-11	1.10e-48
 1.14278e+15	3.60e-15	1.12e-10	5.31e-07	3.82e-04	9.88e-01	1.15e-02	0.00e+00	2.94e-16	8.85e-16	1.48e-15	3.62e-11	7.55e-11	2.19e-48
 1.18652e+15	4.78e-15	1.39e-10	6.21e-07	4.14e-04	9.89e-01	1.06e-02	0.00e+00	3.91e-16	1.17e-15	1.96e-15	4.52e-11	9.41e-11	4.89e-48
 1.23019e+15	6.26e-15	1.72e-10	7.20e-07	4.48e-04	9.90e-01	9.81e-03	0.00e+00	5.13e-16	1.54e-15	2.57e-15	5.58e-11	1.16e-10	1.05e-47
 1.26957e+15	7.93e-15	2.07e-10	8.19e-07	4.80e-04	9.90e-01	9.18e-03	0.00e+00	6.50e-16	1.95e-15	3.27e-15	6.71e-11	1.40e-10	2.07e-47
 1.31325e+15	1.02e-14	2.52e-10	9.42e-07	5.17e-04	9.91e-01	8.53e-03	0.00e+00	8.37e-16	2.52e-15	4.20e-15	8.18e-11	1.71e-10	4.25e-47
 1.36471e+15	1.36e-14	3.16e-10	1.10e-06	5.62e-04	9.92e-01	7.85e-03	0.00e+00	1.12e-15	3.35e-15	5.60e-15	1.02e-10	2.14e-10	9.62e-47
 1.41547e+15	1.78e-14	3.91e-10	1.28e-06	6.09e-04	9.92e-01	7.25e-03	0.00e+00	1.46e-15	4.40e-15	7.35e-15	1.27e-10	2.64e-10	2.09e-46
 1.45535e+15	2.19e-14	4.60e-10	1.44e-06	6.48e-04	9.93e-01	6.83e-03	0.00e+00	1.80e-15	5.40e-15	9.02e-15	1.49e-10	3.11e-10	3.78e-46
 1.48551e+15	2.54e-14	5.19e-10	1.57e-06	6.77e-04	9.93e-01	6.53e-03	0.00e+00	2.09e-15	6.27e-15	1.05e-14	1.68e-10	3.51e-10	5.83e-46
 1.51833e+15	2.99e-14	5.89e-10	1.72e-06	7.11e-04	9.93e-01	6.23e-03	0.00e+00	2.45e-15	7.37e-15	1.23e-14	1.91e-10	3.98e-10	9.26e-46
 1.56100e+15	3.66e-14	6.91e-10	1.92e-06	7.56e-04	9.93e-01	5.86e-03	0.00e+00	3.01e-15	9.03e-15	1.51e-14	2.24e-10	4.67e-10	1.66e-45
 1.60778e+15	4.53e-14	8.20e-10	2.17e-06	8.07e-04	9.94e-01	5.49e-03	0.00e+00	3.73e-15	1.12e-14	1.87e-14	2.66e-10	5.55e-10	3.10e-45
 1.65041e+15	5.47e-14	9.53e-10	2.42e-06	8.55e-04	9.94e-01	5.18e-03	0.00e+00	4.50e-15	1.35e-14	2.26e-14	3.09e-10	6.44e-10	5.33e-45
 1.69634e+15	6.66e-14	1.12e-09	2.71e-06	9.09e-04	9.94e-01	4.87e-03	0.00e+00	5.49e-15	1.65e-14	2.76e-14	3.61e-10	7.54e-10	9.46e-45
 1.74807e+15	8.25e-14	1.32e-09	3.07e-06	9.73e-04	9.94e-01	4.56e-03	0.00e+00	6.80e-15	2.04e-14	3.41e-14	4.29e-10	8.96e-10	1.76e-44
 1.79711e+15	9.45e-14	1.55e-09	3.44e-06	1.04e-03	9.95e-01	4.28e-03	0.00e+00	7.79e-15	2.34e-14	3.91e-14	5.03e-10	1.05e-09	3.07e-44
 1.85063e+15	1.15e-13	1.83e-09	3.89e-06	1.11e-03	9.95e-01	4.01e-03	0.00e+00	9.53e-15	2.86e-14	4.79e-14	5.94e-10	1.24e-09	5.60e-44
 1.91004e+15	1.43e-13	2.20e-09	4.43e-06	1.19e-03	9.95e-01	3.73e-03	0.00e+00	1.18e-14	3.55e-14	5.93e-14	7.12e-10	1.49e-09	1.08e-43
 1.96514e+15	1.73e-13	2.58e-09	4.99e-06	1.27e-03	9.95e-01	3.50e-03	0.00e+00	1.43e-14	4.30e-14	7.18e-14	8.37e-10	1.75e-09	1.93e-43
 2.02479e+15	2.11e-13	3.06e-09	5.64e-06	1.36e-03	9.95e-01	3.27e-03	0.00e+00	1.75e-14	5.25e-14	8.77e-14	9.90e-10	2.06e-09	3.54e-43
 2.09221e+15	2.62e-13	3.67e-09	6.46e-06	1.46e-03	9.95e-01	3.03e-03	0.00e+00	2.17e-14	6.51e-14	1.09e-13	1.19e-09	2.48e-09	6.89e-43
 2.15681e+15	3.18e-13	4.35e-09	7.33e-06	1.57e-03	9.96e-01	2.83e-03	0.00e+00	2.63e-14	7.91e-14	1.32e-13	1.41e-09	2.94e-09	1.27e-42
 2.22787e+15	3.92e-13	5.21e-09	8.38e-06	1.69e-03	9.96e-01	2.62e-03	0.00e+00	3.25e-14	9.77e-14	1.63e-13	1.69e-09	3.52e-09	2.45e-42
 2.30752e+15	4.88e-13	6.33e-09	9.70e-06	1.84e-03	9.96e-01	2.42e-03	0.00e+00	4.06e-14	1.22e-13	2.04e-13	2.06e-09	4.28e-09	4.95e-42
 2.38310e+15	5.96e-13	7.57e-09	1.11e-05	1.98e-03	9.96e-01	2.24e-03	0.00e+00	4.95e-14	1.49e-13	2.49e-13	2.46e-09	5.11e-09	9.65e-42
 2.46613e+15	7.35e-13	9.13e-09	1.28e-05	2.15e-03	9.96e-01	2.07e-03	0.00e+00	6.12e-14	1.84e-13	3.07e-13	2.97e-09	6.16e-09	1.90e-41
 2.55909e+15	9.16e-13	1.12e-08	1.49e-05	2.34e-03	9.96e-01	1.89e-03	0.00e+00	7.63e-14	2.29e-13	3.83e-13	3.63e-09	7.54e-09	3.95e-41
 2.64568e+15	1.11e-12	1.34e-08	1.71e-05	2.53e-03	9.96e-01	1.75e-03	0.00e+00	9.27e-14	2.78e-13	4.65e-13	4.35e-09	9.03e-09	7.62e-41
 2.73894e+15	1.36e-12	1.61e-08	1.97e-05	2.75e-03	9.96e-01	1.61e-03	0.00e+00	1.14e-13	3.41e-13	5.70e-13	5.25e-09	1.09e-08	1.52e-40
 2.84407e+15	1.68e-12	1.98e-08	2.30e-05	3.01e-03	9.96e-01	1.47e-03	0.00e+00	1.41e-13	4.22e-13	7.06e-13	6.43e-09	1.33e-08	3.19e-40
 2.92943e+15	1.96e-12	2.31e-08	2.59e-05	3.22e-03	9.95e-01	1.37e-03	0.00e+00	1.65e-13	4.94e-13	8.26e-13	7.54e-09	1.56e-08	5.68e-40
 2.98981e+15	2.20e-12	2.58e-08	2.82e-05	3.38e-03	9.95e-01	1.30e-03	0.00e+00	1.84e-13	5.54e-13	9.25e-13	8.41e-09	1.74e-08	8.49e-40
 3.05292e+15	2.46e-12	2.88e-08	3.07e-05	3.56e-03	9.95e-01	1.24e-03	0.00e+00	2.07e-13	6.21e-13	1.04e-12	9.40e-09	1.94e-08	1.29e-39
 3.13496e+15	2.85e-12	3.32e-08	3.42e-05	3.79e-03	9.95e-01	1.16e-03	0.00e+00	2.39e-13	7.18e-13	1.20e-12	1.08e-08	2.24e-08	2.18e-39
 3.22562e+15	3.30e-12	3.86e-08	3.85e-05	4.06e-03	9.95e-01	1.08e-03	0.00e+00	2.78e-13	8.35e-13	1.39e-12	1.26e-08	2.60e-08	3.84e-39
 3.30929e+15	3.77e-12	4.42e-08	4.27e-05	4.31e-03	9.95e-01	1.02e-03	0.00e+00	3.18e-13	9.53e-13	1.59e-12	1.44e-08	2.98e-08	6.36e-39
 3.39987e+15	4.35e-12	5.10e-08	4.77e-05	4.60e-03	9.94e-01	9.53e-04	0.00e+00	3.67e-13	1.10e-12	1.84e-12	1.67e-08	3.44e-08	1.09e-38
 3.50121e+15	5.05e-12	5.95e-08	5.38e-05	4.93e-03	9.94e-01	8.87e-04	0.00e+00	4.27e-13	1.28e-12	2.14e-12	1.94e-08	4.01e-08	1.93e-38
 3.59598e+15	5.77e-12	6.85e-08	5.99e-05	5.26e-03	9.94e-01	8.30e-04	0.00e+00	4.88e-13	1.47e-12	2.45e-12	2.24e-08	4.61e-08	3.27e-38
 3.69864e+15	6.68e-12	7.94e-08	6.72e-05	5.63e-03	9.94e-01	7.75e-04	0.00e+00	5.66e-13	1.70e-12	2.84e-12	2.60e-08	5.35e-08	5.72e-38
 3.81313e+15	7.77e-12	9.32e-08	7.61e-05	6.05e-03	9.93e-01	7.18e-04	0.00e+00	6.59e-13	1.98e-12	3.31e-12	3.05e-08	6.27e-08	1.05e-37
 3.92016e+15	8.89e-12	1.08e-07	8.51e-05	6.47e-03	9.93e-01	6.71e-04	0.00e+00	7.55e-13	2.27e-12	3.79e-12	3.52e-08	7.25e-08	1.80e-37
 4.03644e+15	1.03e-11	1.26e-07	9.58e-05	6.94e-03	9.92e-01	6.24e-04	0.00e+00	8.78e-13	2.64e-12	4.40e-12	4.11e-08	8.45e-08	3.26e-37
 4.16698e+15	1.21e-11	1.48e-07	1.09e-04	7.49e-03	9.92e-01	5.77e-04	0.00e+00	1.03e-12	3.08e-12	5.15e-12	4.86e-08	9.97e-08	6.24e-37
 4.29083e+15	1.39e-11	1.73e-07	1.23e-04	8.03e-03	9.91e-01	5.36e-04	0.00e+00	1.18e-12	3.55e-12	5.93e-12	5.66e-08	1.16e-07	1.14e-36
 4.42661e+15	1.63e-11	2.04e-07	1.39e-04	8.65e-03	9.91e-01	4.96e-04	0.00e+00	1.39e-12	4.17e-12	6.96e-12	6.67e-08	1.37e-07	2.17e-36
 4.57929e+15	1.92e-11	2.43e-07	1.60e-04	9.38e-03	9.90e-01	4.56e-04	0.00e+00	1.64e-12	4.92e-12	8.21e-12	7.97e-08	1.63e-07	4.35e-36
 4.72468e+15	2.22e-11	2.86e-07	1.81e-04	1.01e-02	9.89e-01	4.21e-04	0.00e+00	1.90e-12	5.70e-12	9.52e-12	9.38e-08	1.92e-07	8.20e-36
 4.88442e+15	2.63e-11	3.41e-07	2.08e-04	1.09e-02	9.88e-01	3.88e-04	0.00e+00	2.25e-12	6.76e-12	1.13e-11	1.12e-07	2.29e-07	1.63e-35
 5.06152e+15	3.11e-11	4.10e-07	2.40e-04	1.19e-02	9.87e-01	3.54e-04	0.00e+00	2.67e-12	8.02e-12	1.34e-11	1.35e-07	2.75e-07	3.35e-35
 5.22708e+15	3.61e-11	4.85e-07	2.73e-04	1.29e-02	9.87e-01	3.27e-04	0.00e+00	3.11e-12	9.33e-12	1.56e-11	1.59e-07	3.26e-07	6.39e-35
 5.40821e+15	4.29e-11	5.81e-07	3.13e-04	1.40e-02	9.85e-01	3.00e-04	0.00e+00	3.70e-12	1.11e-11	1.85e-11	1.91e-07	3.90e-07	1.28e-34
 5.58314e+15	4.95e-11	6.85e-07	3.56e-04	1.51e-02	9.84e-01	2.77e-04	0.00e+00	4.27e-12	1.28e-11	2.14e-11	2.26e-07	4.60e-07	2.41e-34
 5.70904e+15	5.49e-11	7.70e-07	3.90e-04	1.59e-02	9.83e-01	2.62e-04	0.00e+00	4.74e-12	1.42e-11	2.37e-11	2.54e-07	5.17e-07	3.75e-34
 5.83175e+15	6.12e-11	8.64e-07	4.25e-04	1.67e-02	9.83e-01	2.48e-04	0.00e+00	5.29e-12	1.59e-11	2.65e-11	2.84e-07	5.80e-07	5.83e-34
 5.99127e+15	7.05e-11	1.00e-06	4.75e-04	1.78e-02	9.81e-01	2.31e-04	0.00e+00	6.10e-12	1.83e-11	3.06e-11	3.29e-07	6.71e-07	1.02e-33
 6.16470e+15	8.14e-11	1.16e-06	5.33e-04	1.91e-02	9.80e-01	2.15e-04	0.00e+00	7.06e-12	2.12e-11	3.54e-11	3.84e-07	7.81e-07	1.80e-33
 6.32005e+15	9.32e-11	1.33e-06	5.89e-04	2.03e-02	9.79e-01	2.02e-04	0.00e+00	8.09e-12	2.43e-11	4.05e-11	4.38e-07	8.92e-07	2.95e-33
 6.48586e+15	1.07e-10	1.53e-06	6.55e-04	2.16e-02	9.78e-01	1.89e-04	0.00e+00	9.32e-12	2.80e-11	4.67e-11	5.05e-07	1.03e-06	5.02e-33
 6.70141e+15	1.28e-10	1.83e-06	7.50e-04	2.34e-02	9.76e-01	1.74e-04	0.00e+00	1.12e-11	3.35e-11	5.60e-11	6.05e-07	1.23e-06	9.81e-33
 6.91670e+15	1.51e-10	2.17e-06	8.53e-04	2.52e-02	9.74e-01	1.60e-04	0.00e+00	1.32e-11	3.95e-11	6.60e-11	7.17e-07	1.45e-06	1.78e-32
 7.08592e+15	1.72e-10	2.47e-06	9.41e-04	2.67e-02	9.72e-01	1.50e-04	0.00e+00	1.50e-11	4.49e-11	7.50e-11	8.16e-07	1.66e-06	2.83e-32
 7.26016e+15	1.97e-10	2.83e-06	1.04e-03	2.83e-02	9.71e-01	1.41e-04	0.00e+00	1.72e-11	5.16e-11	8.62e-11	9.34e-07	1.89e-06	4.62e-32
 7.48669e+15	2.36e-10	3.36e-06	1.18e-03	3.05e-02	9.68e-01	1.30e-04	0.00e+00	2.06e-11	6.19e-11	1.03e-10	1.11e-06	2.25e-06	8.56e-32
 7.72627e+15	2.79e-10	3.99e-06	1.35e-03	3.29e-02	9.66e-01	1.20e-04	0.00e+00	2.44e-11	7.33e-11	1.22e-10	1.32e-06	2.67e-06	1.56e-31
 7.93397e+15	3.25e-10	4.61e-06	1.50e-03	3.51e-02	9.63e-01	1.12e-04	0.00e+00	2.85e-11	8.54e-11	1.42e-10	1.52e-06	3.09e-06	2.56e-31
 8.15509e+15	3.82e-10	5.38e-06	1.69e-03	3.75e-02	9.61e-01	1.04e-04	0.00e+00	3.35e-11	1.01e-10	1.68e-10	1.78e-06	3.60e-06	4.42e-31
 8.44255e+15	4.75e-10	6.56e-06	1.96e-03	4.09e-02	9.57e-01	9.52e-05	0.00e+00	4.17e-11	1.25e-10	2.09e-10	2.17e-06	4.39e-06	8.75e-31
 8.72948e+15	5.71e-10	7.86e-06	2.25e-03	4.43e-02	9.53e-01	8.73e-05	0.00e+00	5.03e-11	1.51e-10	2.52e-10	2.60e-06	5.26e-06	1.59e-30
 8.96043e+15	6.68e-10	9.09e-06	2.51e-03	4.72e-02	9.50e-01	8.15e-05	0.00e+00	5.88e-11	1.77e-10	2.95e-10	3.01e-06	6.08e-06	2.57e-30
 9.20537e+15	7.95e-10	1.06e-05	2.82e-03	5.05e-02	9.47e-01	7.58e-05	0.00e+00	7.01e-11	2.10e-10	3.51e-10	3.52e-06	7.11e-06	4.33e-30
 9.45257e+15	9.27e-10	1.23e-05	3.16e-03	5.38e-02	9.43e-01	7.08e-05	0.00e+00	8.18e-11	2.46e-10	4.10e-10	4.07e-06	8.23e-06	6.86e-30
 9.66086e+15	1.06e-09	1.39e-05	3.47e-03	5.68e-02	9.40e-01	6.68e-05	0.00e+00	9.33e-11	2.80e-10	4.67e-10	4.60e-06	9.30e-06	1.02e-29
 9.88978e+15	1.23e-09	1.60e-05	3.85e-03	6.03e-02	9.36e-01	6.27e-05	0.00e+00	1.09e-10	3.26e-10	5.44e-10	5.29e-06	1.07e-05	1.59e-29
 1.01368e+16	1.44e-09	1.84e-05	4.29e-03	6.42e-02	9.31e-01	5.87e-05	0.00e+00	1.27e-10	3.82e-10	6.38e-10	6.09e-06	1.23e-05	2.47e-29
 1.03663e+16	1.66e-09	2.09e-05	4.74e-03	6.79e-02	9.27e-01	5.53e-05	0.00e+00	1.47e-10	4.42e-10	7.38e-10	6.93e-06	1.40e-05	3.67e-29
 1.06238e+16	1.95e-09	2.43e-05	5.30e-03	7.23e-02	9.22e-01	5.17e-05	0.00e+00	1.73e-10	5.19e-10	8.66e-10	8.04e-06	1.62e-05	5.85e-29
 1.08959e+16	2.30e-09	2.81e-05	5.94e-03	7.72e-02	9.17e-01	4.82e-05	0.00e+00	2.05e-10	6.14e-10	1.02e-09	9.31e-06	1.88e-05	9.12e-29
 1.11439e+16	2.68e-09	3.21e-05	6.59e-03	8.18e-02	9.12e-01	4.54e-05	0.00e+00	2.38e-10	7.15e-10	1.19e-09	1.06e-05	2.14e-05	1.35e-28
 1.14234e+16	3.17e-09	3.74e-05	7.42e-03	8.74e-02	9.05e-01	4.23e-05	0.00e+00	2.82e-10	8.45e-10	1.41e-09	1.24e-05	2.50e-05	2.16e-28
 1.17191e+16	3.78e-09	4.36e-05	8.36e-03	9.35e-02	8.98e-01	3.95e-05	0.00e+00	3.37e-10	1.01e-09	1.69e-09	1.45e-05	2.91e-05	3.39e-28
 1.19894e+16	4.42e-09	5.01e-05	9.32e-03	9.92e-02	8.91e-01	3.71e-05	0.00e+00	3.94e-10	1.18e-09	1.97e-09	1.66e-05	3.35e-05	5.04e-28
 1.22943e+16	5.35e-09	5.91e-05	1.06e-02	1.07e-01	8.83e-01	3.44e-05	0.00e+00	4.77e-10	1.43e-09	2.39e-09	1.96e-05	3.95e-05	8.27e-28
 1.26158e+16	6.47e-09	6.95e-05	1.20e-02	1.14e-01	8.74e-01	3.20e-05	0.00e+00	5.78e-10	1.73e-09	2.89e-09	2.31e-05	4.64e-05	1.29e-27
