#depth	He	He+	He+2
 1.49634e+10	5.34e-23	2.77e-12	1.00e+00
 4.54887e+10	6.01e-23	2.99e-12	1.00e+00
 7.72350e+10	6.75e-23	3.24e-12	1.00e+00
 1.10251e+11	7.58e-23	3.50e-12	1.00e+00
 1.43242e+11	8.50e-23	3.78e-12	1.00e+00
 1.72134e+11	9.37e-23	4.03e-12	1.00e+00
 1.97202e+11	1.02e-22	4.25e-12	1.00e+00
 2.25570e+11	1.11e-22	4.51e-12	1.00e+00
 2.61400e+11	1.25e-22	4.85e-12	1.00e+00
 2.98867e+11	1.40e-22	5.22e-12	1.00e+00
 3.32465e+11	1.55e-22	5.57e-12	1.00e+00
 3.69098e+11	1.72e-22	5.95e-12	1.00e+00
 4.12563e+11	1.95e-22	6.43e-12	1.00e+00
 4.56174e+11	2.21e-22	6.93e-12	1.00e+00
 4.97100e+11	2.47e-22	7.41e-12	1.00e+00
 5.36324e+11	2.74e-22	7.89e-12	1.00e+00
 5.80367e+11	3.06e-22	8.45e-12	1.00e+00
 6.28994e+11	3.47e-22	9.08e-12	1.00e+00
 6.73805e+11	3.88e-22	9.69e-12	1.00e+00
 7.22283e+11	4.35e-22	1.04e-11	1.00e+00
 7.76430e+11	4.95e-22	1.12e-11	1.00e+00
 8.27257e+11	5.56e-22	1.19e-11	1.00e+00
 8.82645e+11	6.27e-22	1.28e-11	1.00e+00
 9.44262e+11	7.18e-22	1.38e-11	1.00e+00
 1.00187e+12	8.11e-22	1.48e-11	1.00e+00
 1.06465e+12	9.19e-22	1.59e-11	1.00e+00
 1.13494e+12	1.06e-21	1.72e-11	1.00e+00
 1.20137e+12	1.20e-21	1.84e-11	1.00e+00
 1.27263e+12	1.37e-21	1.98e-11	1.00e+00
 1.35346e+12	1.59e-21	2.15e-11	1.00e+00
 1.43300e+12	1.83e-21	2.32e-11	1.00e+00
 1.50526e+12	2.07e-21	2.48e-11	1.00e+00
 1.58328e+12	2.36e-21	2.67e-11	1.00e+00
 1.67490e+12	2.73e-21	2.89e-11	1.00e+00
 1.76478e+12	3.15e-21	3.12e-11	1.00e+00
 1.84788e+12	3.57e-21	3.33e-11	1.00e+00
 1.92366e+12	4.00e-21	3.54e-11	1.00e+00
 1.99370e+12	4.42e-21	3.74e-11	1.00e+00
 2.07416e+12	4.94e-21	3.97e-11	1.00e+00
 2.17700e+12	5.69e-21	4.29e-11	1.00e+00
 2.28227e+12	6.57e-21	4.63e-11	1.00e+00
 2.37119e+12	7.37e-21	4.92e-11	1.00e+00
 2.46551e+12	8.29e-21	5.25e-11	1.00e+00
 2.58417e+12	9.59e-21	5.68e-11	1.00e+00
 2.70845e+12	1.12e-20	6.15e-11	1.00e+00
 2.82070e+12	1.27e-20	6.60e-11	1.00e+00
 2.94331e+12	1.45e-20	7.11e-11	1.00e+00
 3.08782e+12	1.71e-20	7.75e-11	1.00e+00
 3.21914e+12	1.97e-20	8.37e-11	1.00e+00
 3.32379e+12	2.19e-20	8.88e-11	1.00e+00
 3.43544e+12	2.44e-20	9.46e-11	1.00e+00
 3.58058e+12	2.82e-20	1.03e-10	1.00e+00
 3.73218e+12	3.28e-20	1.11e-10	1.00e+00
 3.86052e+12	3.70e-20	1.19e-10	1.00e+00
 3.99568e+12	4.17e-20	1.28e-10	1.00e+00
 4.16848e+12	4.87e-20	1.40e-10	1.00e+00
 4.34377e+12	5.69e-20	1.53e-10	1.00e+00
 4.48901e+12	6.42e-20	1.65e-10	1.00e+00
 4.64163e+12	7.25e-20	1.77e-10	1.00e+00
 4.83742e+12	8.47e-20	1.95e-10	1.00e+00
 5.03401e+12	9.90e-20	2.14e-10	1.00e+00
 5.19288e+12	1.11e-19	2.31e-10	1.00e+00
 5.35800e+12	1.25e-19	2.49e-10	1.00e+00
 5.57266e+12	1.46e-19	2.75e-10	1.00e+00
 5.79675e+12	1.71e-19	3.04e-10	1.00e+00
 5.98689e+12	1.94e-19	3.30e-10	1.00e+00
 6.17505e+12	2.18e-19	3.57e-10	1.00e+00
 6.39542e+12	2.50e-19	3.90e-10	1.00e+00
 6.63870e+12	2.88e-19	4.30e-10	1.00e+00
 6.88160e+12	3.29e-19	4.72e-10	1.00e+00
 7.09704e+12	3.69e-19	5.10e-10	1.00e+00
 7.28734e+12	4.06e-19	5.46e-10	1.00e+00
 7.50373e+12	4.50e-19	5.89e-10	1.00e+00
 7.78503e+12	5.13e-19	6.46e-10	1.00e+00
 8.07064e+12	5.84e-19	7.08e-10	1.00e+00
 8.30106e+12	6.43e-19	7.60e-10	1.00e+00
 8.53983e+12	7.08e-19	8.16e-10	1.00e+00
 8.85022e+12	7.99e-19	8.91e-10	1.00e+00
 9.17476e+12	9.06e-19	9.74e-10	1.00e+00
 9.45029e+12	1.00e-18	1.05e-09	1.00e+00
 9.74111e+12	1.11e-18	1.13e-09	1.00e+00
 1.01186e+13	1.26e-18	1.24e-09	1.00e+00
 1.05074e+13	1.43e-18	1.35e-09	1.00e+00
 1.08309e+13	1.58e-18	1.46e-09	1.00e+00
 1.11707e+13	1.75e-18	1.57e-09	1.00e+00
 1.16050e+13	1.98e-18	1.71e-09	1.00e+00
 1.20569e+13	2.25e-18	1.88e-09	1.00e+00
 1.24468e+13	2.50e-18	2.02e-09	1.00e+00
 1.28617e+13	2.79e-18	2.19e-09	1.00e+00
 1.33256e+13	3.14e-18	2.37e-09	1.00e+00
 1.37789e+13	3.50e-18	2.57e-09	1.00e+00
 1.41903e+13	3.86e-18	2.75e-09	1.00e+00
 1.45606e+13	4.20e-18	2.92e-09	1.00e+00
 1.49809e+13	4.61e-18	3.12e-09	1.00e+00
 1.54356e+13	5.09e-18	3.35e-09	1.00e+00
 1.58425e+13	5.54e-18	3.56e-09	1.00e+00
 1.62790e+13	6.04e-18	3.80e-09	1.00e+00
 1.68464e+13	6.74e-18	4.12e-09	1.00e+00
 1.74201e+13	7.51e-18	4.46e-09	1.00e+00
 1.78809e+13	8.16e-18	4.74e-09	1.00e+00
 1.83586e+13	8.87e-18	5.05e-09	1.00e+00
 1.89797e+13	9.86e-18	5.46e-09	1.00e+00
 1.96387e+13	1.10e-17	5.93e-09	1.00e+00
 2.02140e+13	1.20e-17	6.36e-09	1.00e+00
 2.08288e+13	1.32e-17	6.83e-09	1.00e+00
 2.16148e+13	1.48e-17	7.48e-09	1.00e+00
 2.24266e+13	1.67e-17	8.19e-09	1.00e+00
 2.31261e+13	1.84e-17	8.83e-09	1.00e+00
 2.38764e+13	2.04e-17	9.55e-09	1.00e+00
 2.48015e+13	2.30e-17	1.05e-08	1.00e+00
 2.57134e+13	2.59e-17	1.15e-08	1.00e+00
 2.64815e+13	2.85e-17	1.24e-08	1.00e+00
 2.71342e+13	3.10e-17	1.32e-08	1.00e+00
 2.78141e+13	3.37e-17	1.40e-08	1.00e+00
 2.86980e+13	3.76e-17	1.51e-08	1.00e+00
 2.95990e+13	4.20e-17	1.64e-08	1.00e+00
 3.03299e+13	4.59e-17	1.74e-08	1.00e+00
 3.10878e+13	5.02e-17	1.85e-08	1.00e+00
 3.20731e+13	5.65e-17	2.00e-08	1.00e+00
 3.31170e+13	6.40e-17	2.16e-08	1.00e+00
 3.40254e+13	7.11e-17	2.31e-08	1.00e+00
 3.49946e+13	7.95e-17	2.47e-08	1.00e+00
 3.62546e+13	9.16e-17	2.69e-08	1.00e+00
 3.75758e+13	1.06e-16	2.93e-08	1.00e+00
 3.87141e+13	1.20e-16	3.13e-08	1.00e+00
 3.99312e+13	1.36e-16	3.36e-08	1.00e+00
 4.14465e+13	1.58e-16	3.66e-08	1.00e+00
 4.30483e+13	1.85e-16	3.99e-08	1.00e+00
 4.45088e+13	2.12e-16	4.29e-08	1.00e+00
 4.57704e+13	2.38e-16	4.56e-08	1.00e+00
 4.70943e+13	2.67e-16	4.85e-08	1.00e+00
 4.88143e+13	3.09e-16	5.23e-08	1.00e+00
 5.05904e+13	3.58e-16	5.66e-08	1.00e+00
 5.20171e+13	4.00e-16	6.00e-08	1.00e+00
 5.34486e+13	4.46e-16	6.34e-08	1.00e+00
 5.53096e+13	5.12e-16	6.81e-08	1.00e+00
 5.73119e+13	5.91e-16	7.34e-08	1.00e+00
 5.90931e+13	6.67e-16	7.81e-08	1.00e+00
 6.10038e+13	7.57e-16	8.33e-08	1.00e+00
 6.33405e+13	8.78e-16	8.99e-08	1.00e+00
 6.57037e+13	1.01e-15	9.68e-08	1.00e+00
 6.78206e+13	1.15e-15	1.03e-07	1.00e+00
 7.01440e+13	1.31e-15	1.10e-07	1.00e+00
 7.29014e+13	1.53e-15	1.19e-07	1.00e+00
 7.56306e+13	1.76e-15	1.29e-07	1.00e+00
 7.81343e+13	2.01e-15	1.37e-07	1.00e+00
 8.05569e+13	2.26e-15	1.46e-07	1.00e+00
 8.33261e+13	2.58e-15	1.56e-07	1.00e+00
 8.63578e+13	2.98e-15	1.68e-07	1.00e+00
 8.91272e+13	3.36e-15	1.79e-07	1.00e+00
 9.16378e+13	3.76e-15	1.90e-07	1.00e+00
 9.39837e+13	4.14e-15	1.99e-07	1.00e+00
 9.66017e+13	4.63e-15	2.11e-07	1.00e+00
 9.95166e+13	5.20e-15	2.24e-07	1.00e+00
 1.02263e+14	5.79e-15	2.37e-07	1.00e+00
 1.05279e+14	6.48e-15	2.52e-07	1.00e+00
 1.08626e+14	7.35e-15	2.69e-07	1.00e+00
 1.11716e+14	8.20e-15	2.84e-07	1.00e+00
 1.15046e+14	9.24e-15	3.03e-07	1.00e+00
 1.18749e+14	1.05e-14	3.23e-07	1.00e+00
 1.22251e+14	1.17e-14	3.43e-07	1.00e+00
 1.26119e+14	1.33e-14	3.67e-07	1.00e+00
 1.30403e+14	1.52e-14	3.93e-07	1.00e+00
 1.34432e+14	1.71e-14	4.20e-07	1.00e+00
 1.38876e+14	1.95e-14	4.49e-07	1.00e+00
 1.43872e+14	2.25e-14	4.84e-07	1.00e+00
 1.48590e+14	2.55e-14	5.18e-07	1.00e+00
 1.53729e+14	2.91e-14	5.56e-07	1.00e+00
 1.59453e+14	3.37e-14	6.02e-07	1.00e+00
 1.64778e+14	3.84e-14	6.45e-07	1.00e+00
 1.70538e+14	4.39e-14	6.93e-07	1.00e+00
 1.77000e+14	5.08e-14	7.51e-07	1.00e+00
 1.83090e+14	5.80e-14	8.06e-07	1.00e+00
 1.89709e+14	6.65e-14	8.68e-07	1.00e+00
 1.97140e+14	7.72e-14	9.43e-07	1.00e+00
 2.03526e+14	8.72e-14	1.01e-06	1.00e+00
 2.08339e+14	9.54e-14	1.06e-06	1.00e+00
 2.13225e+14	1.04e-13	1.11e-06	1.00e+00
 2.19577e+14	1.16e-13	1.18e-06	1.00e+00
 2.26402e+14	1.31e-13	1.26e-06	1.00e+00
 2.32404e+14	1.44e-13	1.33e-06	1.00e+00
 2.38769e+14	1.59e-13	1.40e-06	1.00e+00
 2.47044e+14	1.81e-13	1.51e-06	1.00e+00
 2.55509e+14	2.05e-13	1.62e-06	1.00e+00
 2.62434e+14	2.26e-13	1.71e-06	1.00e+00
 2.69651e+14	2.49e-13	1.80e-06	1.00e+00
 2.79033e+14	2.82e-13	1.94e-06	1.00e+00
 2.88990e+14	3.19e-13	2.08e-06	1.00e+00
 2.97689e+14	3.54e-13	2.21e-06	1.00e+00
 3.06991e+14	3.95e-13	2.35e-06	1.00e+00
 3.18509e+14	4.49e-13	2.53e-06	1.00e+00
 3.30382e+14	5.09e-13	2.72e-06	1.00e+00
 3.41095e+14	5.68e-13	2.91e-06	1.00e+00
 3.52827e+14	6.37e-13	3.11e-06	1.00e+00
 3.66662e+14	7.25e-13	3.36e-06	1.00e+00
 3.80356e+14	8.19e-13	3.61e-06	1.00e+00
 3.93119e+14	9.13e-13	3.86e-06	1.00e+00
 4.04201e+14	9.99e-13	4.08e-06	1.00e+00
 4.13505e+14	1.08e-12	4.27e-06	1.00e+00
 4.23839e+14	1.17e-12	4.48e-06	1.00e+00
 4.37274e+14	1.29e-12	4.77e-06	1.00e+00
 4.51343e+14	1.43e-12	5.08e-06	1.00e+00
 4.63322e+14	1.56e-12	5.35e-06	1.00e+00
 4.75980e+14	1.70e-12	5.65e-06	1.00e+00
 4.92435e+14	1.89e-12	6.04e-06	1.00e+00
 5.09463e+14	2.10e-12	6.47e-06	1.00e+00
 5.23633e+14	2.29e-12	6.82e-06	1.00e+00
 5.38451e+14	2.51e-12	7.22e-06	1.00e+00
 5.57714e+14	2.80e-12	7.74e-06	1.00e+00
 5.78084e+14	3.13e-12	8.32e-06	1.00e+00
 5.95777e+14	3.44e-12	8.84e-06	1.00e+00
 6.14662e+14	3.79e-12	9.41e-06	1.00e+00
 6.37857e+14	4.26e-12	1.02e-05	1.00e+00
 6.61076e+14	4.75e-12	1.09e-05	1.00e+00
 6.81323e+14	5.25e-12	1.16e-05	1.00e+00
 7.03285e+14	5.77e-12	1.24e-05	1.00e+00
 7.30028e+14	6.50e-12	1.34e-05	1.00e+00
 7.56848e+14	7.30e-12	1.44e-05	1.00e+00
 7.80628e+14	8.04e-12	1.53e-05	1.00e+00
 8.06594e+14	8.89e-12	1.64e-05	1.00e+00
 8.37710e+14	1.01e-11	1.77e-05	1.00e+00
 8.68441e+14	1.12e-11	1.91e-05	1.00e+00
 8.94718e+14	1.24e-11	2.03e-05	1.00e+00
 9.18291e+14	1.35e-11	2.15e-05	1.00e+00
 9.41247e+14	1.46e-11	2.26e-05	1.00e+00
 9.67394e+14	1.60e-11	2.40e-05	1.00e+00
 9.96035e+14	1.75e-11	2.55e-05	1.00e+00
 1.02213e+15	1.91e-11	2.69e-05	1.00e+00
 1.05028e+15	2.08e-11	2.85e-05	1.00e+00
 1.08193e+15	2.31e-11	3.04e-05	1.00e+00
 1.11170e+15	2.52e-11	3.21e-05	1.00e+00
 1.14394e+15	2.78e-11	3.42e-05	1.00e+00
 1.17977e+15	3.06e-11	3.65e-05	1.00e+00
 1.21330e+15	3.39e-11	3.88e-05	1.00e+00
 1.24994e+15	3.74e-11	4.13e-05	1.00e+00
 1.29102e+15	4.18e-11	4.43e-05	1.00e+00
 1.32977e+15	4.62e-11	4.71e-05	1.00e+00
 1.37206e+15	5.15e-11	5.04e-05	1.00e+00
 1.41967e+15	5.76e-11	5.43e-05	1.00e+00
 1.46537e+15	6.49e-11	5.82e-05	1.00e+00
 1.51592e+15	7.24e-11	6.25e-05	1.00e+00
 1.57282e+15	8.34e-11	6.78e-05	1.00e+00
 1.62604e+15	9.29e-11	7.28e-05	1.00e+00
 1.68332e+15	1.06e-10	7.86e-05	1.00e+00
 1.73804e+15	1.19e-10	8.42e-05	1.00e+00
 1.77682e+15	1.30e-10	8.84e-05	1.00e+00
 1.81461e+15	1.40e-10	9.26e-05	1.00e+00
 1.86374e+15	1.53e-10	9.82e-05	1.00e+00
 1.91772e+15	1.72e-10	1.05e-04	1.00e+00
 1.96663e+15	1.88e-10	1.11e-04	1.00e+00
 2.01883e+15	2.10e-10	1.17e-04	1.00e+00
 2.07765e+15	2.33e-10	1.25e-04	1.00e+00
 2.13330e+15	2.59e-10	1.33e-04	1.00e+00
 2.18587e+15	2.84e-10	1.40e-04	1.00e+00
 2.24619e+15	3.17e-10	1.49e-04	1.00e+00
 2.31438e+15	3.54e-10	1.59e-04	1.00e+00
 2.37954e+15	4.01e-10	1.70e-04	1.00e+00
 2.44157e+15	4.45e-10	1.80e-04	1.00e+00
 2.51275e+15	4.94e-10	1.92e-04	1.00e+00
 2.60406e+15	5.82e-10	2.08e-04	1.00e+00
 2.69635e+15	6.74e-10	2.25e-04	1.00e+00
 2.77246e+15	7.53e-10	2.40e-04	1.00e+00
 2.85271e+15	8.57e-10	2.57e-04	1.00e+00
 2.95604e+15	9.91e-10	2.79e-04	1.00e+00
 3.06621e+15	1.17e-09	3.03e-04	1.00e+00
 3.16324e+15	1.35e-09	3.26e-04	1.00e+00
 3.26635e+15	1.54e-09	3.52e-04	1.00e+00
 3.36835e+15	1.77e-09	3.78e-04	1.00e+00
 3.44511e+15	1.97e-09	3.98e-04	1.00e+00
 3.52112e+15	2.16e-09	4.19e-04	1.00e+00
 3.61993e+15	2.45e-09	4.47e-04	1.00e+00
 3.72491e+15	2.80e-09	4.78e-04	1.00e+00
 3.81560e+15	3.11e-09	5.05e-04	9.99e-01
 3.91120e+15	3.45e-09	5.35e-04	9.99e-01
 4.03549e+15	4.06e-09	5.77e-04	9.99e-01
 4.16149e+15	4.67e-09	6.20e-04	9.99e-01
 4.26280e+15	5.17e-09	6.56e-04	9.99e-01
 4.36755e+15	5.73e-09	6.94e-04	9.99e-01
 4.50373e+15	6.69e-09	7.46e-04	9.99e-01
 4.64711e+15	7.68e-09	8.03e-04	9.99e-01
 4.77104e+15	8.59e-09	8.54e-04	9.99e-01
 4.90335e+15	9.93e-09	9.11e-04	9.99e-01
 5.07535e+15	1.15e-08	9.88e-04	9.99e-01
 5.25463e+15	1.36e-08	1.07e-03	9.99e-01
 5.40718e+15	1.53e-08	1.15e-03	9.99e-01
 5.56930e+15	1.79e-08	1.23e-03	9.99e-01
 5.77417e+15	2.11e-08	1.34e-03	9.99e-01
 5.95990e+15	2.38e-08	1.44e-03	9.99e-01
 6.08323e+15	2.64e-08	1.51e-03	9.98e-01
 6.20015e+15	2.91e-08	1.58e-03	9.98e-01
 6.35213e+15	3.20e-08	1.67e-03	9.98e-01
 6.54972e+15	3.74e-08	1.80e-03	9.98e-01
 6.74710e+15	4.20e-08	1.93e-03	9.98e-01
 6.90008e+15	4.65e-08	2.04e-03	9.98e-01
 7.05485e+15	5.24e-08	2.15e-03	9.98e-01
 7.25605e+15	5.85e-08	2.29e-03	9.98e-01
 7.47053e+15	6.82e-08	2.46e-03	9.98e-01
 7.65411e+15	7.60e-08	2.61e-03	9.97e-01
 7.84461e+15	8.47e-08	2.77e-03	9.97e-01
 8.09226e+15	9.58e-08	2.98e-03	9.97e-01
 8.34776e+15	1.13e-07	3.21e-03	9.97e-01
 8.55649e+15	1.26e-07	3.41e-03	9.97e-01
 8.77086e+15	1.41e-07	3.63e-03	9.96e-01
 9.04955e+15	1.59e-07	3.91e-03	9.96e-01
 9.33686e+15	1.87e-07	4.23e-03	9.96e-01
 9.57757e+15	2.10e-07	4.51e-03	9.95e-01
 9.83268e+15	2.35e-07	4.82e-03	9.95e-01
 1.01643e+16	2.71e-07	5.24e-03	9.95e-01
 1.04935e+16	3.21e-07	5.69e-03	9.94e-01
 1.07444e+16	3.58e-07	6.05e-03	9.94e-01
 1.09620e+16	3.92e-07	6.38e-03	9.94e-01
 1.12111e+16	4.36e-07	6.79e-03	9.93e-01
 1.14754e+16	4.80e-07	7.22e-03	9.93e-01
 1.17593e+16	5.50e-07	7.74e-03	9.92e-01
 1.20387e+16	6.09e-07	8.26e-03	9.92e-01
 1.23120e+16	6.76e-07	8.82e-03	9.91e-01
 1.26116e+16	7.59e-07	9.46e-03	9.91e-01
 1.28895e+16	8.68e-07	1.01e-02	9.90e-01
 1.31433e+16	9.55e-07	1.07e-02	9.89e-01
 1.34218e+16	1.06e-06	1.15e-02	9.89e-01
 1.37301e+16	1.19e-06	1.24e-02	9.88e-01
 1.40178e+16	1.37e-06	1.33e-02	9.87e-01
 1.42824e+16	1.52e-06	1.42e-02	9.86e-01
 1.45762e+16	1.70e-06	1.53e-02	9.85e-01
 1.49001e+16	1.97e-06	1.66e-02	9.83e-01
 1.51915e+16	2.19e-06	1.80e-02	9.82e-01
 1.54577e+16	2.44e-06	1.93e-02	9.81e-01
 1.57213e+16	2.73e-06	2.08e-02	9.79e-01
 1.59794e+16	3.16e-06	2.24e-02	9.78e-01
 1.62210e+16	3.52e-06	2.41e-02	9.76e-01
 1.64844e+16	3.99e-06	2.62e-02	9.74e-01
 1.67689e+16	4.65e-06	2.88e-02	9.71e-01
 1.70132e+16	5.28e-06	3.12e-02	9.69e-01
 1.72182e+16	5.91e-06	3.36e-02	9.66e-01
 1.74399e+16	6.75e-06	3.66e-02	9.63e-01
 1.76776e+16	7.60e-06	4.00e-02	9.60e-01
 1.78917e+16	8.65e-06	4.37e-02	9.56e-01
 1.80866e+16	9.85e-06	4.76e-02	9.52e-01
 1.82684e+16	1.14e-05	5.17e-02	9.48e-01
 1.84375e+16	1.27e-05	5.60e-02	9.44e-01
 1.86226e+16	1.46e-05	6.15e-02	9.38e-01
 1.88214e+16	1.78e-05	6.85e-02	9.31e-01
 1.89783e+16	2.01e-05	7.47e-02	9.25e-01
 1.91228e+16	2.30e-05	8.15e-02	9.18e-01
 1.92834e+16	2.67e-05	8.99e-02	9.10e-01
 1.94296e+16	3.02e-05	9.88e-02	9.01e-01
 1.95844e+16	3.52e-05	1.10e-01	8.90e-01
 1.97389e+16	4.15e-05	1.23e-01	8.77e-01
 1.98534e+16	4.85e-05	1.34e-01	8.66e-01
 1.99336e+16	5.35e-05	1.42e-01	8.58e-01
 2.00090e+16	5.87e-05	1.51e-01	8.49e-01
 2.01070e+16	6.65e-05	1.64e-01	8.36e-01
 2.02344e+16	7.85e-05	1.83e-01	8.17e-01
 2.03414e+16	8.92e-05	2.01e-01	7.99e-01
 2.04007e+16	9.90e-05	2.12e-01	7.88e-01
 2.04421e+16	1.05e-04	2.19e-01	7.80e-01
 2.04812e+16	1.11e-04	2.28e-01	7.72e-01
 2.05320e+16	1.18e-04	2.39e-01	7.61e-01
 2.05981e+16	1.31e-04	2.54e-01	7.46e-01
 2.06638e+16	1.44e-04	2.70e-01	7.30e-01
 2.07164e+16	1.56e-04	2.83e-01	7.17e-01
 2.07720e+16	1.71e-04	2.99e-01	7.01e-01
 2.08311e+16	1.84e-04	3.16e-01	6.84e-01
 2.08945e+16	2.05e-04	3.36e-01	6.64e-01
 2.09559e+16	2.23e-04	3.55e-01	6.45e-01
 2.10146e+16	2.45e-04	3.75e-01	6.24e-01
 2.10777e+16	2.69e-04	3.97e-01	6.02e-01
 2.11329e+16	2.93e-04	4.17e-01	5.82e-01
 2.11827e+16	3.16e-04	4.36e-01	5.64e-01
 2.12386e+16	3.43e-04	4.58e-01	5.42e-01
 2.13113e+16	3.86e-04	4.87e-01	5.13e-01
 2.13791e+16	4.23e-04	5.13e-01	4.86e-01
 2.14307e+16	4.55e-04	5.34e-01	4.66e-01
 2.14879e+16	4.93e-04	5.57e-01	4.42e-01
 2.15623e+16	5.46e-04	5.87e-01	4.12e-01
 2.16392e+16	6.01e-04	6.17e-01	3.83e-01
 2.16933e+16	6.39e-04	6.37e-01	3.63e-01
 2.17318e+16	6.73e-04	6.51e-01	3.48e-01
 2.17760e+16	7.07e-04	6.67e-01	3.32e-01
 2.18334e+16	7.59e-04	6.88e-01	3.11e-01
 2.18899e+16	8.07e-04	7.07e-01	2.92e-01
 2.19354e+16	8.47e-04	7.21e-01	2.78e-01
 2.19847e+16	8.94e-04	7.37e-01	2.62e-01
 2.20487e+16	9.57e-04	7.57e-01	2.42e-01
 2.21143e+16	1.02e-03	7.74e-01	2.25e-01
 2.21666e+16	1.07e-03	7.87e-01	2.12e-01
 2.22126e+16	1.12e-03	7.99e-01	2.00e-01
 2.22655e+16	1.18e-03	8.11e-01	1.87e-01
 2.23344e+16	1.26e-03	8.27e-01	1.72e-01
 2.24017e+16	1.34e-03	8.40e-01	1.59e-01
 2.24533e+16	1.40e-03	8.49e-01	1.50e-01
 2.24984e+16	1.46e-03	8.56e-01	1.42e-01
 2.25489e+16	1.53e-03	8.65e-01	1.34e-01
 2.26145e+16	1.62e-03	8.75e-01	1.23e-01
 2.26815e+16	1.72e-03	8.84e-01	1.14e-01
 2.27347e+16	1.81e-03	8.91e-01	1.08e-01
 2.27793e+16	1.89e-03	8.96e-01	1.02e-01
 2.28280e+16	1.98e-03	9.01e-01	9.66e-02
 2.28912e+16	2.10e-03	9.08e-01	8.97e-02
 2.29555e+16	2.24e-03	9.14e-01	8.36e-02
 2.30058e+16	2.35e-03	9.18e-01	7.93e-02
 2.30475e+16	2.46e-03	9.22e-01	7.59e-02
 2.30932e+16	2.58e-03	9.25e-01	7.20e-02
 2.31526e+16	2.75e-03	9.30e-01	6.74e-02
 2.32131e+16	2.95e-03	9.34e-01	6.33e-02
 2.32606e+16	3.12e-03	9.37e-01	6.04e-02
 2.33000e+16	3.28e-03	9.39e-01	5.79e-02
 2.33436e+16	3.46e-03	9.41e-01	5.54e-02
 2.34003e+16	3.72e-03	9.44e-01	5.21e-02
 2.34584e+16	4.04e-03	9.47e-01	4.92e-02
 2.35044e+16	4.33e-03	9.49e-01	4.70e-02
 2.35440e+16	4.59e-03	9.50e-01	4.53e-02
 2.35894e+16	4.93e-03	9.52e-01	4.32e-02
 2.36484e+16	5.43e-03	9.54e-01	4.08e-02
 2.37086e+16	6.06e-03	9.55e-01	3.86e-02
 2.37545e+16	6.67e-03	9.56e-01	3.70e-02
 2.37904e+16	7.19e-03	9.57e-01	3.58e-02
 2.38290e+16	7.82e-03	9.58e-01	3.45e-02
 2.38793e+16	8.77e-03	9.58e-01	3.29e-02
 2.39271e+16	9.95e-03	9.58e-01	3.17e-02
 2.39584e+16	1.09e-02	9.58e-01	3.09e-02
 2.39812e+16	1.17e-02	9.58e-01	3.03e-02
 2.40058e+16	1.26e-02	9.58e-01	2.96e-02
 2.40379e+16	1.39e-02	9.57e-01	2.89e-02
 2.40718e+16	1.57e-02	9.56e-01	2.82e-02
 2.40993e+16	1.75e-02	9.55e-01	2.77e-02
 2.41205e+16	1.90e-02	9.54e-01	2.74e-02
 2.41428e+16	2.09e-02	9.52e-01	2.69e-02
 2.41718e+16	2.36e-02	9.50e-01	2.65e-02
 2.42014e+16	2.73e-02	9.47e-01	2.62e-02
 2.42238e+16	3.08e-02	9.43e-01	2.60e-02
 2.42411e+16	3.38e-02	9.40e-01	2.60e-02
 2.42597e+16	3.75e-02	9.37e-01	2.59e-02
 2.42838e+16	4.31e-02	9.31e-01	2.60e-02
 2.43075e+16	5.02e-02	9.24e-01	2.62e-02
 2.43245e+16	5.66e-02	9.17e-01	2.63e-02
 2.43377e+16	6.19e-02	9.11e-01	2.66e-02
 2.43516e+16	6.84e-02	9.05e-01	2.69e-02
 2.43683e+16	7.72e-02	8.96e-01	2.73e-02
 2.43851e+16	8.78e-02	8.84e-01	2.78e-02
 2.43990e+16	9.80e-02	8.74e-01	2.83e-02
 2.44102e+16	1.07e-01	8.64e-01	2.87e-02
 2.44206e+16	1.17e-01	8.54e-01	2.91e-02
 2.44313e+16	1.28e-01	8.43e-01	2.96e-02
 2.44399e+16	1.37e-01	8.33e-01	2.99e-02
 2.44455e+16	1.44e-01	8.26e-01	3.02e-02
 2.44504e+16	1.50e-01	8.19e-01	3.04e-02
 2.44563e+16	1.58e-01	8.11e-01	3.07e-02
 2.44630e+16	1.67e-01	8.02e-01	3.09e-02
 2.44696e+16	1.77e-01	7.92e-01	3.12e-02
 2.44757e+16	1.86e-01	7.82e-01	3.15e-02
 2.44816e+16	1.96e-01	7.72e-01	3.17e-02
 2.44878e+16	2.07e-01	7.61e-01	3.20e-02
 2.44942e+16	2.19e-01	7.49e-01	3.22e-02
 2.45005e+16	2.31e-01	7.37e-01	3.24e-02
 2.45068e+16	2.44e-01	7.24e-01	3.26e-02
 2.45131e+16	2.57e-01	7.10e-01	3.28e-02
 2.45197e+16	2.71e-01	6.96e-01	3.29e-02
 2.45262e+16	2.86e-01	6.81e-01	3.30e-02
 2.45329e+16	3.02e-01	6.65e-01	3.31e-02
 2.45398e+16	3.20e-01	6.47e-01	3.30e-02
 2.45468e+16	3.37e-01	6.30e-01	3.30e-02
 2.45538e+16	3.56e-01	6.12e-01	3.29e-02
 2.45612e+16	3.76e-01	5.92e-01	3.27e-02
 2.45689e+16	3.96e-01	5.71e-01	3.25e-02
 2.45769e+16	4.18e-01	5.50e-01	3.21e-02
 2.45852e+16	4.40e-01	5.28e-01	3.18e-02
 2.45939e+16	4.64e-01	5.05e-01	3.12e-02
 2.46030e+16	4.87e-01	4.82e-01	3.07e-02
 2.46126e+16	5.10e-01	4.60e-01	2.99e-02
 2.46228e+16	5.34e-01	4.37e-01	2.92e-02
 2.46338e+16	5.57e-01	4.15e-01	2.83e-02
 2.46462e+16	5.79e-01	3.94e-01	2.74e-02
 2.46600e+16	6.00e-01	3.73e-01	2.64e-02
 2.46744e+16	6.18e-01	3.56e-01	2.55e-02
 2.46885e+16	6.32e-01	3.43e-01	2.48e-02
 2.47023e+16	6.43e-01	3.33e-01	2.41e-02
 2.47161e+16	6.52e-01	3.24e-01	2.34e-02
 2.47318e+16	6.60e-01	3.17e-01	2.28e-02
 2.47522e+16	6.68e-01	3.10e-01	2.21e-02
 2.47787e+16	6.76e-01	3.02e-01	2.14e-02
 2.48132e+16	6.84e-01	2.95e-01	2.05e-02
 2.48580e+16	6.93e-01	2.88e-01	1.95e-02
 2.49163e+16	7.02e-01	2.79e-01	1.82e-02
 2.49921e+16	7.14e-01	2.69e-01	1.68e-02
 2.50805e+16	7.27e-01	2.58e-01	1.53e-02
 2.51694e+16	7.39e-01	2.47e-01	1.40e-02
 2.52550e+16	7.50e-01	2.37e-01	1.28e-02
 2.53411e+16	7.60e-01	2.28e-01	1.17e-02
 2.54299e+16	7.71e-01	2.19e-01	1.07e-02
 2.55197e+16	7.80e-01	2.10e-01	9.77e-03
 2.56100e+16	7.90e-01	2.01e-01	8.95e-03
 2.56993e+16	7.98e-01	1.93e-01	8.21e-03
 2.57886e+16	8.06e-01	1.86e-01	7.55e-03
 2.58796e+16	8.15e-01	1.78e-01	6.91e-03
 2.59723e+16	8.22e-01	1.71e-01	6.33e-03
 2.60664e+16	8.30e-01	1.64e-01	5.80e-03
 2.61602e+16	8.37e-01	1.58e-01	5.32e-03
 2.62541e+16	8.43e-01	1.52e-01	4.88e-03
 2.63489e+16	8.50e-01	1.46e-01	4.48e-03
 2.64444e+16	8.56e-01	1.40e-01	4.12e-03
 2.65230e+16	8.60e-01	1.36e-01	3.86e-03
 2.65787e+16	8.64e-01	1.33e-01	3.68e-03
 2.66295e+16	8.67e-01	1.30e-01	3.52e-03
 2.66833e+16	8.70e-01	1.27e-01	3.35e-03
 2.67391e+16	8.73e-01	1.24e-01	3.19e-03
 2.67935e+16	8.76e-01	1.21e-01	3.05e-03
 2.68458e+16	8.78e-01	1.19e-01	2.91e-03
 2.68966e+16	8.81e-01	1.16e-01	2.79e-03
 2.69465e+16	8.83e-01	1.14e-01	2.68e-03
 2.69957e+16	8.85e-01	1.12e-01	2.57e-03
 2.70441e+16	8.88e-01	1.10e-01	2.47e-03
 2.70914e+16	8.90e-01	1.08e-01	2.37e-03
 2.71377e+16	8.92e-01	1.06e-01	2.28e-03
 2.71835e+16	8.94e-01	1.04e-01	2.19e-03
 2.72289e+16	8.96e-01	1.02e-01	2.11e-03
 2.72735e+16	8.98e-01	1.00e-01	2.04e-03
 2.73173e+16	8.99e-01	9.86e-02	1.96e-03
 2.73604e+16	9.01e-01	9.69e-02	1.89e-03
 2.74029e+16	9.03e-01	9.54e-02	1.83e-03
 2.74448e+16	9.04e-01	9.38e-02	1.77e-03
 2.74861e+16	9.06e-01	9.23e-02	1.71e-03
 2.75269e+16	9.07e-01	9.09e-02	1.65e-03
 2.75673e+16	9.09e-01	8.95e-02	1.60e-03
 2.76073e+16	9.10e-01	8.81e-02	1.55e-03
 2.76469e+16	9.12e-01	8.68e-02	1.50e-03
 2.76861e+16	9.13e-01	8.55e-02	1.45e-03
 2.77251e+16	9.14e-01	8.43e-02	1.41e-03
 2.77639e+16	9.16e-01	8.30e-02	1.36e-03
 2.78026e+16	9.17e-01	8.18e-02	1.32e-03
 2.78411e+16	9.18e-01	8.07e-02	1.28e-03
 2.78797e+16	9.19e-01	7.95e-02	1.24e-03
 2.79183e+16	9.20e-01	7.83e-02	1.21e-03
 2.79571e+16	9.22e-01	7.72e-02	1.17e-03
 2.79966e+16	9.23e-01	7.61e-02	1.13e-03
 2.80372e+16	9.24e-01	7.49e-02	1.10e-03
 2.80787e+16	9.25e-01	7.38e-02	1.06e-03
 2.81210e+16	9.26e-01	7.26e-02	1.03e-03
 2.81646e+16	9.28e-01	7.14e-02	9.90e-04
 2.82097e+16	9.29e-01	7.02e-02	9.55e-04
 2.82558e+16	9.30e-01	6.90e-02	9.21e-04
 2.83045e+16	9.31e-01	6.78e-02	8.86e-04
 2.83587e+16	9.33e-01	6.64e-02	8.48e-04
 2.84189e+16	9.34e-01	6.49e-02	8.08e-04
 2.84871e+16	9.36e-01	6.33e-02	7.65e-04
 2.85635e+16	9.38e-01	6.15e-02	7.19e-04
 2.86396e+16	9.40e-01	5.98e-02	6.78e-04
 2.87089e+16	9.41e-01	5.83e-02	6.43e-04
 2.87719e+16	9.42e-01	5.70e-02	6.12e-04
 2.88293e+16	9.44e-01	5.58e-02	5.86e-04
 2.88815e+16	9.45e-01	5.47e-02	5.62e-04
 2.89290e+16	9.46e-01	5.38e-02	5.42e-04
 2.89811e+16	9.47e-01	5.27e-02	5.19e-04
 2.90373e+16	9.48e-01	5.16e-02	4.96e-04
 2.90884e+16	9.49e-01	5.07e-02	4.78e-04
 2.91350e+16	9.50e-01	4.98e-02	4.60e-04
 2.91773e+16	9.51e-01	4.90e-02	4.45e-04
 2.92238e+16	9.51e-01	4.81e-02	4.28e-04
 2.92739e+16	9.52e-01	4.72e-02	4.11e-04
 2.93195e+16	9.53e-01	4.64e-02	3.96e-04
 2.93609e+16	9.54e-01	4.56e-02	3.83e-04
 2.93987e+16	9.55e-01	4.50e-02	3.71e-04
 2.94401e+16	9.55e-01	4.42e-02	3.59e-04
 2.94848e+16	9.56e-01	4.34e-02	3.45e-04
 2.95254e+16	9.57e-01	4.27e-02	3.34e-04
 2.95624e+16	9.58e-01	4.21e-02	3.24e-04
 2.95960e+16	9.58e-01	4.16e-02	3.15e-04
 2.96329e+16	9.59e-01	4.09e-02	3.04e-04
 2.96728e+16	9.59e-01	4.02e-02	2.94e-04
 2.97090e+16	9.60e-01	3.97e-02	2.85e-04
 2.97420e+16	9.61e-01	3.91e-02	2.78e-04
 2.97781e+16	9.61e-01	3.85e-02	2.69e-04
 2.98171e+16	9.62e-01	3.79e-02	2.60e-04
 2.98526e+16	9.62e-01	3.73e-02	2.52e-04
 2.98849e+16	9.63e-01	3.68e-02	2.45e-04
 2.99203e+16	9.63e-01	3.63e-02	2.37e-04
 2.99585e+16	9.64e-01	3.57e-02	2.29e-04
 2.99933e+16	9.65e-01	3.52e-02	2.23e-04
 3.00249e+16	9.65e-01	3.47e-02	2.17e-04
 3.00596e+16	9.66e-01	3.42e-02	2.10e-04
 3.00971e+16	9.66e-01	3.36e-02	2.03e-04
 3.01311e+16	9.67e-01	3.31e-02	1.97e-04
 3.01621e+16	9.67e-01	3.27e-02	1.92e-04
 3.01961e+16	9.68e-01	3.22e-02	1.86e-04
 3.02328e+16	9.68e-01	3.17e-02	1.80e-04
 3.02662e+16	9.69e-01	3.13e-02	1.75e-04
 3.02965e+16	9.69e-01	3.09e-02	1.71e-04
 3.03298e+16	9.69e-01	3.04e-02	1.65e-04
 3.03657e+16	9.70e-01	2.99e-02	1.60e-04
 3.03984e+16	9.70e-01	2.95e-02	1.56e-04
 3.04343e+16	9.71e-01	2.91e-02	1.51e-04
 3.04729e+16	9.71e-01	2.86e-02	1.46e-04
 3.05081e+16	9.72e-01	2.82e-02	1.42e-04
 3.05402e+16	9.72e-01	2.78e-02	1.38e-04
 3.05753e+16	9.72e-01	2.74e-02	1.34e-04
 3.06132e+16	9.73e-01	2.70e-02	1.30e-04
 3.06476e+16	9.73e-01	2.66e-02	1.26e-04
 3.06854e+16	9.74e-01	2.62e-02	1.22e-04
 3.07262e+16	9.74e-01	2.57e-02	1.18e-04
 3.07633e+16	9.75e-01	2.54e-02	1.15e-04
 3.08040e+16	9.75e-01	2.49e-02	1.11e-04
 3.08479e+16	9.75e-01	2.45e-02	1.07e-04
 3.08879e+16	9.76e-01	2.41e-02	1.04e-04
 3.09242e+16	9.76e-01	2.38e-02	1.01e-04
 3.09641e+16	9.77e-01	2.34e-02	9.76e-05
 3.10071e+16	9.77e-01	2.30e-02	9.43e-05
 3.10463e+16	9.77e-01	2.26e-02	9.16e-05
 3.10891e+16	9.78e-01	2.22e-02	8.84e-05
 3.11355e+16	9.78e-01	2.18e-02	8.53e-05
 3.11776e+16	9.78e-01	2.15e-02	8.26e-05
 3.12160e+16	9.79e-01	2.12e-02	8.03e-05
 3.12580e+16	9.79e-01	2.08e-02	7.76e-05
 3.13033e+16	9.79e-01	2.05e-02	7.50e-05
 3.13446e+16	9.80e-01	2.02e-02	7.28e-05
 3.13899e+16	9.80e-01	1.98e-02	7.02e-05
 3.14387e+16	9.80e-01	1.95e-02	6.78e-05
 3.14832e+16	9.81e-01	1.91e-02	6.56e-05
 3.15319e+16	9.81e-01	1.88e-02	6.31e-05
 3.15844e+16	9.82e-01	1.84e-02	6.08e-05
 3.16323e+16	9.82e-01	1.81e-02	5.88e-05
 3.16847e+16	9.82e-01	1.78e-02	5.65e-05
 3.17413e+16	9.83e-01	1.74e-02	5.43e-05
 3.17928e+16	9.83e-01	1.71e-02	5.24e-05
 3.18397e+16	9.83e-01	1.68e-02	5.08e-05
 3.18910e+16	9.83e-01	1.65e-02	4.89e-05
 3.19465e+16	9.84e-01	1.62e-02	4.70e-05
 3.19970e+16	9.84e-01	1.59e-02	4.55e-05
 3.20522e+16	9.84e-01	1.56e-02	4.37e-05
 3.21119e+16	9.85e-01	1.53e-02	4.20e-05
 3.21663e+16	9.85e-01	1.50e-02	4.05e-05
 3.22258e+16	9.85e-01	1.47e-02	3.88e-05
 3.22900e+16	9.86e-01	1.44e-02	3.73e-05
 3.23485e+16	9.86e-01	1.41e-02	3.59e-05
 3.24126e+16	9.86e-01	1.38e-02	3.43e-05
 3.24818e+16	9.86e-01	1.35e-02	3.29e-05
 3.25447e+16	9.87e-01	1.32e-02	3.16e-05
 3.26020e+16	9.87e-01	1.30e-02	3.05e-05
 3.26648e+16	9.87e-01	1.27e-02	2.93e-05
 3.27326e+16	9.88e-01	1.24e-02	2.81e-05
 3.27942e+16	9.88e-01	1.22e-02	2.70e-05
 3.28618e+16	9.88e-01	1.19e-02	2.59e-05
 3.29348e+16	9.88e-01	1.17e-02	2.48e-05
 3.30012e+16	9.89e-01	1.15e-02	2.38e-05
 3.30739e+16	9.89e-01	1.12e-02	2.27e-05
 3.31525e+16	9.89e-01	1.09e-02	2.17e-05
 3.32239e+16	9.89e-01	1.07e-02	2.08e-05
 3.33022e+16	9.90e-01	1.04e-02	1.98e-05
 3.33868e+16	9.90e-01	1.02e-02	1.89e-05
 3.34637e+16	9.90e-01	9.97e-03	1.81e-05
 3.35481e+16	9.90e-01	9.71e-03	1.72e-05
 3.36391e+16	9.91e-01	9.46e-03	1.64e-05
 3.37219e+16	9.91e-01	9.24e-03	1.56e-05
 3.38127e+16	9.91e-01	9.00e-03	1.48e-05
 3.39107e+16	9.91e-01	8.76e-03	1.40e-05
 3.39998e+16	9.91e-01	8.55e-03	1.34e-05
 3.40975e+16	9.92e-01	8.31e-03	1.27e-05
 3.42030e+16	9.92e-01	8.08e-03	1.20e-05
 3.42990e+16	9.92e-01	7.88e-03	1.14e-05
 3.44042e+16	9.92e-01	7.65e-03	1.07e-05
 3.45178e+16	9.93e-01	7.42e-03	1.01e-05
 3.46211e+16	9.93e-01	7.23e-03	9.63e-06
 3.47343e+16	9.93e-01	7.01e-03	9.06e-06
 3.48566e+16	9.93e-01	6.80e-03	8.52e-06
 3.49678e+16	9.93e-01	6.61e-03	8.07e-06
 3.50897e+16	9.94e-01	6.40e-03	7.57e-06
 3.52214e+16	9.94e-01	6.19e-03	7.10e-06
 3.53411e+16	9.94e-01	6.02e-03	6.71e-06
 3.54724e+16	9.94e-01	5.82e-03	6.27e-06
 3.56313e+16	9.94e-01	5.59e-03	5.79e-06
 3.58055e+16	9.95e-01	5.35e-03	5.33e-06
 3.59894e+16	9.95e-01	5.12e-03	4.88e-06
 3.61824e+16	9.95e-01	4.89e-03	4.46e-06
 3.63829e+16	9.95e-01	4.67e-03	4.07e-06
 3.65911e+16	9.96e-01	4.45e-03	3.70e-06
 3.68047e+16	9.96e-01	4.24e-03	3.36e-06
 3.70213e+16	9.96e-01	4.04e-03	3.05e-06
 3.72412e+16	9.96e-01	3.84e-03	2.77e-06
 3.74647e+16	9.96e-01	3.66e-03	2.51e-06
 3.76921e+16	9.97e-01	3.48e-03	2.28e-06
 3.79236e+16	9.97e-01	3.31e-03	2.06e-06
 3.81589e+16	9.97e-01	3.15e-03	1.87e-06
 3.83982e+16	9.97e-01	2.99e-03	1.69e-06
 3.86415e+16	9.97e-01	2.84e-03	1.53e-06
 3.88888e+16	9.97e-01	2.70e-03	1.38e-06
 3.91358e+16	9.97e-01	2.57e-03	1.25e-06
 3.93863e+16	9.98e-01	2.44e-03	1.13e-06
 3.96464e+16	9.98e-01	2.31e-03	1.01e-06
 3.99120e+16	9.98e-01	2.19e-03	9.12e-07
 4.01809e+16	9.98e-01	2.07e-03	8.20e-07
 4.04538e+16	9.98e-01	1.96e-03	7.36e-07
 4.07316e+16	9.98e-01	1.86e-03	6.60e-07
 4.10145e+16	9.98e-01	1.76e-03	5.91e-07
 4.13024e+16	9.98e-01	1.66e-03	5.29e-07
 4.15954e+16	9.98e-01	1.57e-03	4.73e-07
 4.18937e+16	9.99e-01	1.48e-03	4.22e-07
 4.21975e+16	9.99e-01	1.40e-03	3.76e-07
 4.25070e+16	9.99e-01	1.32e-03	3.34e-07
 4.28227e+16	9.99e-01	1.24e-03	2.97e-07
 4.31449e+16	9.99e-01	1.17e-03	2.63e-07
 4.34736e+16	9.99e-01	1.10e-03	2.33e-07
 4.38092e+16	9.99e-01	1.03e-03	2.06e-07
 4.41519e+16	9.99e-01	9.68e-04	1.81e-07
 4.45021e+16	9.99e-01	9.08e-04	1.60e-07
 4.48603e+16	9.99e-01	8.50e-04	1.40e-07
 4.52270e+16	9.99e-01	7.94e-04	1.22e-07
 4.56024e+16	9.99e-01	7.42e-04	1.07e-07
 4.59873e+16	9.99e-01	6.92e-04	9.32e-08
 4.63769e+16	9.99e-01	6.45e-04	8.11e-08
 4.67760e+16	9.99e-01	6.00e-04	7.03e-08
 4.71939e+16	9.99e-01	5.57e-04	6.05e-08
 4.76241e+16	9.99e-01	5.16e-04	5.20e-08
 4.80657e+16	1.00e+00	4.77e-04	4.45e-08
 4.85247e+16	1.00e+00	4.40e-04	3.78e-08
 4.90017e+16	1.00e+00	4.04e-04	3.20e-08
 4.94964e+16	1.00e+00	3.70e-04	2.69e-08
 5.00107e+16	1.00e+00	3.38e-04	2.25e-08
 5.05472e+16	1.00e+00	3.08e-04	1.86e-08
 5.11089e+16	1.00e+00	2.80e-04	1.53e-08
 5.17006e+16	1.00e+00	2.52e-04	1.25e-08
 5.23252e+16	1.00e+00	2.26e-04	1.01e-08
 5.29852e+16	1.00e+00	2.02e-04	8.05e-09
 5.36916e+16	1.00e+00	1.79e-04	6.32e-09
 5.44512e+16	1.00e+00	1.57e-04	4.88e-09
 5.52671e+16	1.00e+00	1.37e-04	3.71e-09
 5.61535e+16	1.00e+00	1.18e-04	2.75e-09
 5.71302e+16	1.00e+00	1.00e-04	1.98e-09
 5.82490e+16	1.00e+00	8.32e-05	1.37e-09
 5.94850e+16	1.00e+00	6.80e-05	9.16e-10
 6.08515e+16	1.00e+00	5.45e-05	5.88e-10
 6.23797e+16	1.00e+00	4.27e-05	3.63e-10
 6.39573e+16	1.00e+00	3.35e-05	2.23e-10
 6.55143e+16	1.00e+00	2.64e-05	1.39e-10
 6.70635e+16	1.00e+00	2.10e-05	8.77e-11
 6.86338e+16	1.00e+00	1.66e-05	5.54e-11
 7.02402e+16	1.00e+00	1.32e-05	3.49e-11
 7.18782e+16	1.00e+00	1.05e-05	2.21e-11
 7.35452e+16	1.00e+00	8.32e-06	1.39e-11
 7.52490e+16	1.00e+00	6.61e-06	8.81e-12
 7.69857e+16	1.00e+00	5.25e-06	5.56e-12
 7.87513e+16	1.00e+00	4.17e-06	3.52e-12
 8.05541e+16	1.00e+00	3.32e-06	2.24e-12
 8.24099e+16	1.00e+00	2.63e-06	1.40e-12
 8.43007e+16	1.00e+00	2.09e-06	8.88e-13
 8.62232e+16	1.00e+00	1.66e-06	5.62e-13
 8.82058e+16	1.00e+00	1.32e-06	3.55e-13
 9.02559e+16	1.00e+00	1.04e-06	2.22e-13
 9.23504e+16	1.00e+00	8.25e-07	1.39e-13
 9.44210e+16	1.00e+00	6.58e-07	8.88e-14
 9.64288e+16	1.00e+00	5.31e-07	5.79e-14
 9.83877e+16	1.00e+00	4.32e-07	3.84e-14
 1.00309e+17	1.00e+00	3.55e-07	2.58e-14
 1.02184e+17	1.00e+00	2.93e-07	1.77e-14
 1.04004e+17	1.00e+00	2.44e-07	1.23e-14
 1.05766e+17	1.00e+00	2.05e-07	8.68e-15
 1.07468e+17	1.00e+00	1.74e-07	6.25e-15
 1.09109e+17	1.00e+00	1.49e-07	4.56e-15
 1.10685e+17	1.00e+00	1.28e-07	3.39e-15
 1.12198e+17	1.00e+00	1.11e-07	2.55e-15
 1.13648e+17	1.00e+00	9.72e-08	1.95e-15
 1.15035e+17	1.00e+00	8.56e-08	1.52e-15
 1.16359e+17	1.00e+00	7.59e-08	1.19e-15
 1.17622e+17	1.00e+00	6.78e-08	9.50e-16
 1.18827e+17	1.00e+00	6.09e-08	7.67e-16
 1.19975e+17	1.00e+00	5.50e-08	6.26e-16
 1.21068e+17	1.00e+00	4.99e-08	5.17e-16
 1.22108e+17	1.00e+00	4.56e-08	4.31e-16
 1.23098e+17	1.00e+00	4.19e-08	3.63e-16
 1.24040e+17	1.00e+00	3.86e-08	3.09e-16
 1.24937e+17	1.00e+00	3.57e-08	2.65e-16
 1.25789e+17	1.00e+00	3.32e-08	2.29e-16
 1.26599e+17	1.00e+00	3.10e-08	2.00e-16
 1.27369e+17	1.00e+00	2.91e-08	1.75e-16
 1.28102e+17	1.00e+00	2.73e-08	1.55e-16
 1.28800e+17	1.00e+00	2.58e-08	1.38e-16
 1.29464e+17	1.00e+00	2.44e-08	1.24e-16
 1.30097e+17	1.00e+00	2.31e-08	1.11e-16
 1.30699e+17	1.00e+00	2.20e-08	1.01e-16
 1.31273e+17	1.00e+00	2.10e-08	9.16e-17
 1.31820e+17	1.00e+00	2.01e-08	8.37e-17
 1.32341e+17	1.00e+00	1.92e-08	7.68e-17
 1.32839e+17	1.00e+00	1.85e-08	7.08e-17
 1.33315e+17	1.00e+00	1.77e-08	6.55e-17
 1.33770e+17	1.00e+00	1.71e-08	6.09e-17
 1.34205e+17	1.00e+00	1.65e-08	5.67e-17
 1.34621e+17	1.00e+00	1.60e-08	5.30e-17
 1.35019e+17	1.00e+00	1.55e-08	4.97e-17
 1.35402e+17	1.00e+00	1.50e-08	4.67e-17
 1.35770e+17	1.00e+00	1.45e-08	4.40e-17
 1.36123e+17	1.00e+00	1.41e-08	4.16e-17
 1.36464e+17	1.00e+00	1.38e-08	3.94e-17
 1.36793e+17	1.00e+00	1.34e-08	3.74e-17
 1.37111e+17	1.00e+00	1.31e-08	3.55e-17
 1.37419e+17	1.00e+00	1.27e-08	3.38e-17
 1.37718e+17	1.00e+00	1.24e-08	3.22e-17
 1.38009e+17	1.00e+00	1.21e-08	3.08e-17
 1.38293e+17	1.00e+00	1.19e-08	2.94e-17
 1.38572e+17	1.00e+00	1.16e-08	2.81e-17
 1.38846e+17	1.00e+00	1.14e-08	2.69e-17
 1.39116e+17	1.00e+00	1.11e-08	2.58e-17
 1.39384e+17	1.00e+00	1.09e-08	2.47e-17
 1.39651e+17	1.00e+00	1.07e-08	2.37e-17
 1.39920e+17	1.00e+00	1.04e-08	2.27e-17
 1.40190e+17	1.00e+00	1.02e-08	2.17e-17
 1.40466e+17	1.00e+00	9.99e-09	2.08e-17
 1.40748e+17	1.00e+00	9.77e-09	1.99e-17
 1.41041e+17	1.00e+00	9.54e-09	1.90e-17
 1.41347e+17	1.00e+00	9.31e-09	1.81e-17
 1.41673e+17	1.00e+00	9.07e-09	1.72e-17
 1.42024e+17	1.00e+00	8.82e-09	1.62e-17
 1.42409e+17	1.00e+00	8.55e-09	1.53e-17
 1.42839e+17	1.00e+00	8.26e-09	1.43e-17
 1.43332e+17	1.00e+00	7.95e-09	1.32e-17
 1.43913e+17	1.00e+00	7.58e-09	1.20e-17
 1.44617e+17	1.00e+00	7.17e-09	1.07e-17
 1.45504e+17	1.00e+00	6.68e-09	9.31e-18
 1.46649e+17	1.00e+00	6.09e-09	7.75e-18
 1.48138e+17	1.00e+00	5.41e-09	6.12e-18
 1.50074e+17	1.00e+00	4.65e-09	4.52e-18
 1.52590e+17	1.00e+00	3.82e-09	3.05e-18
 1.55861e+17	1.00e+00	2.97e-09	1.85e-18
 1.60113e+17	1.00e+00	2.15e-09	9.72e-19
 1.65560e+17	1.00e+00	1.44e-09	4.35e-19
 1.71736e+17	1.00e+00	9.28e-10	1.81e-19
 1.78092e+17	1.00e+00	5.96e-10	7.51e-20
 1.84632e+17	1.00e+00	3.82e-10	3.08e-20
 1.91266e+17	1.00e+00	2.45e-10	1.28e-20
 1.97901e+17	1.00e+00	1.59e-10	5.38e-21
 2.04535e+17	1.00e+00	1.04e-10	0.00e+00
 2.11170e+17	1.00e+00	6.86e-11	0.00e+00
 2.17804e+17	1.00e+00	4.58e-11	0.00e+00
 2.24439e+17	1.00e+00	3.09e-11	0.00e+00
 2.31073e+17	1.00e+00	2.12e-11	0.00e+00
 2.37707e+17	1.00e+00	1.47e-11	0.00e+00
 2.44342e+17	1.00e+00	1.05e-11	0.00e+00
 2.50976e+17	1.00e+00	7.65e-12	0.00e+00
 2.57610e+17	1.00e+00	5.74e-12	0.00e+00
 2.64245e+17	1.00e+00	4.45e-12	0.00e+00
 2.70879e+17	1.00e+00	3.57e-12	0.00e+00
 2.77514e+17	1.00e+00	2.96e-12	0.00e+00
 2.84148e+17	1.00e+00	2.53e-12	0.00e+00
 2.90782e+17	1.00e+00	2.22e-12	0.00e+00
 2.97417e+17	1.00e+00	1.99e-12	0.00e+00
 3.04051e+17	1.00e+00	1.83e-12	0.00e+00
 3.10685e+17	1.00e+00	1.69e-12	0.00e+00
 3.17320e+17	1.00e+00	1.59e-12	0.00e+00
 3.23954e+17	1.00e+00	1.50e-12	0.00e+00
 3.30589e+17	1.00e+00	1.42e-12	0.00e+00
 3.37223e+17	1.00e+00	1.35e-12	0.00e+00
 3.43857e+17	1.00e+00	1.29e-12	0.00e+00
 3.50492e+17	1.00e+00	1.23e-12	0.00e+00
 3.58121e+17	1.00e+00	1.17e-12	0.00e+00
 3.68040e+17	1.00e+00	9.36e-13	0.00e+00
 3.80934e+17	1.00e+00	6.48e-13	0.00e+00
 3.95986e+17	1.00e+00	3.88e-13	0.00e+00
 4.11375e+17	1.00e+00	2.94e-13	0.00e+00
 4.25475e+17	1.00e+00	2.58e-13	0.00e+00
 4.36533e+17	1.00e+00	2.83e-13	0.00e+00
 4.43573e+17	1.00e+00	3.60e-13	0.00e+00
 4.47165e+17	1.00e+00	4.57e-13	0.00e+00
 4.48908e+17	1.00e+00	5.15e-13	0.00e+00
 4.49883e+17	1.00e+00	5.44e-13	0.00e+00
 4.50468e+17	1.00e+00	5.60e-13	0.00e+00
 4.50902e+17	1.00e+00	5.70e-13	0.00e+00
 4.51378e+17	1.00e+00	5.78e-13	0.00e+00
 4.51958e+17	1.00e+00	5.85e-13	0.00e+00
 4.52602e+17	1.00e+00	5.92e-13	0.00e+00
 4.53166e+17	1.00e+00	5.96e-13	0.00e+00
 4.53573e+17	1.00e+00	6.00e-13	0.00e+00
 4.53894e+17	1.00e+00	6.02e-13	0.00e+00
 4.54240e+17	1.00e+00	6.04e-13	0.00e+00
 4.54672e+17	1.00e+00	6.05e-13	0.00e+00
 4.55121e+17	1.00e+00	6.05e-13	0.00e+00
 4.55476e+17	1.00e+00	6.05e-13	0.00e+00
 4.55730e+17	1.00e+00	6.05e-13	0.00e+00
 4.55957e+17	1.00e+00	6.05e-13	0.00e+00
 4.56224e+17	1.00e+00	6.05e-13	0.00e+00
 4.56537e+17	1.00e+00	6.04e-13	0.00e+00
 4.56823e+17	1.00e+00	6.03e-13	0.00e+00
 4.57043e+17	1.00e+00	6.02e-13	0.00e+00
 4.57229e+17	1.00e+00	6.01e-13	0.00e+00
 4.57423e+17	1.00e+00	6.01e-13	0.00e+00
 4.57651e+17	1.00e+00	5.99e-13	0.00e+00
 4.57904e+17	1.00e+00	5.98e-13	0.00e+00
 4.58133e+17	1.00e+00	5.96e-13	0.00e+00
 4.58313e+17	1.00e+00	5.95e-13	0.00e+00
 4.58471e+17	1.00e+00	5.94e-13	0.00e+00
 4.58647e+17	1.00e+00	5.93e-13	0.00e+00
 4.58846e+17	1.00e+00	5.91e-13	0.00e+00
 4.59051e+17	1.00e+00	5.89e-13	0.00e+00
 4.59238e+17	1.00e+00	5.87e-13	0.00e+00
 4.59398e+17	1.00e+00	5.86e-13	0.00e+00
 4.59551e+17	1.00e+00	5.85e-13	0.00e+00
 4.59715e+17	1.00e+00	5.83e-13	0.00e+00
 4.59905e+17	1.00e+00	5.81e-13	0.00e+00
 4.60103e+17	1.00e+00	5.78e-13	0.00e+00
 4.60277e+17	1.00e+00	5.76e-13	0.00e+00
 4.60430e+17	1.00e+00	5.74e-13	0.00e+00
 4.60592e+17	1.00e+00	5.73e-13	0.00e+00
 4.60776e+17	1.00e+00	5.70e-13	0.00e+00
 4.60968e+17	1.00e+00	5.68e-13	0.00e+00
 4.61154e+17	1.00e+00	5.65e-13	0.00e+00
 4.61330e+17	1.00e+00	5.63e-13	0.00e+00
 4.61508e+17	1.00e+00	5.60e-13	0.00e+00
 4.61693e+17	1.00e+00	5.58e-13	0.00e+00
 4.61887e+17	1.00e+00	5.55e-13	0.00e+00
 4.62105e+17	1.00e+00	5.52e-13	0.00e+00
 4.62337e+17	1.00e+00	5.48e-13	0.00e+00
 4.62528e+17	1.00e+00	5.44e-13	0.00e+00
 4.62707e+17	1.00e+00	5.43e-13	0.00e+00
 4.62940e+17	1.00e+00	5.39e-13	0.00e+00
 4.63188e+17	1.00e+00	5.34e-13	0.00e+00
 4.63424e+17	1.00e+00	5.30e-13	0.00e+00
 4.63640e+17	1.00e+00	5.27e-13	0.00e+00
 4.63862e+17	1.00e+00	5.23e-13	0.00e+00
 4.64126e+17	1.00e+00	5.19e-13	0.00e+00
 4.64416e+17	1.00e+00	5.14e-13	0.00e+00
 4.64697e+17	1.00e+00	5.09e-13	0.00e+00
 4.64949e+17	1.00e+00	5.04e-13	0.00e+00
 4.65206e+17	1.00e+00	5.00e-13	0.00e+00
 4.65495e+17	1.00e+00	4.95e-13	0.00e+00
 4.65817e+17	1.00e+00	4.89e-13	0.00e+00
 4.66140e+17	1.00e+00	4.83e-13	0.00e+00
 4.66450e+17	1.00e+00	4.77e-13	0.00e+00
 4.66763e+17	1.00e+00	4.72e-13	0.00e+00
 4.67074e+17	1.00e+00	4.66e-13	0.00e+00
 4.67422e+17	1.00e+00	4.60e-13	0.00e+00
 4.67821e+17	1.00e+00	4.53e-13	0.00e+00
 4.68218e+17	1.00e+00	4.45e-13	0.00e+00
 4.68578e+17	1.00e+00	4.38e-13	0.00e+00
 4.68924e+17	1.00e+00	4.32e-13	0.00e+00
 4.69306e+17	1.00e+00	4.25e-13	0.00e+00
 4.69756e+17	1.00e+00	4.17e-13	0.00e+00
 4.70236e+17	1.00e+00	4.08e-13	0.00e+00
 4.70678e+17	1.00e+00	3.99e-13	0.00e+00
 4.71073e+17	1.00e+00	3.91e-13	0.00e+00
 4.71493e+17	1.00e+00	3.85e-13	0.00e+00
 4.72006e+17	1.00e+00	3.76e-13	0.00e+00
 4.72558e+17	1.00e+00	3.65e-13	0.00e+00
 4.73062e+17	1.00e+00	3.56e-13	0.00e+00
 4.73535e+17	1.00e+00	3.47e-13	0.00e+00
 4.74038e+17	1.00e+00	3.39e-13	0.00e+00
 4.74591e+17	1.00e+00	3.29e-13	0.00e+00
 4.75166e+17	1.00e+00	3.19e-13	0.00e+00
 4.75740e+17	1.00e+00	3.09e-13	0.00e+00
 4.76306e+17	1.00e+00	2.99e-13	0.00e+00
 4.76874e+17	1.00e+00	2.90e-13	0.00e+00
 4.77469e+17	1.00e+00	2.80e-13	0.00e+00
 4.78106e+17	1.00e+00	2.70e-13	0.00e+00
 4.78762e+17	1.00e+00	2.59e-13	0.00e+00
 4.79406e+17	1.00e+00	2.49e-13	0.00e+00
 4.80050e+17	1.00e+00	2.39e-13	0.00e+00
 4.80713e+17	1.00e+00	2.30e-13	0.00e+00
 4.81404e+17	1.00e+00	2.20e-13	0.00e+00
 4.82118e+17	1.00e+00	2.09e-13	0.00e+00
 4.82838e+17	1.00e+00	1.99e-13	0.00e+00
 4.83565e+17	1.00e+00	1.89e-13	0.00e+00
 4.84303e+17	1.00e+00	1.79e-13	0.00e+00
 4.85072e+17	1.00e+00	1.70e-13	0.00e+00
 4.85867e+17	1.00e+00	1.60e-13	0.00e+00
 4.86677e+17	1.00e+00	1.50e-13	0.00e+00
 4.87498e+17	1.00e+00	1.40e-13	0.00e+00
 4.88311e+17	1.00e+00	1.31e-13	0.00e+00
 4.89146e+17	1.00e+00	1.23e-13	0.00e+00
 4.90047e+17	1.00e+00	1.14e-13	0.00e+00
 4.91000e+17	1.00e+00	1.05e-13	0.00e+00
 4.91915e+17	1.00e+00	9.62e-14	0.00e+00
 4.92702e+17	1.00e+00	8.87e-14	0.00e+00
 4.93339e+17	1.00e+00	8.30e-14	0.00e+00
 4.93888e+17	1.00e+00	7.86e-14	0.00e+00
 4.94432e+17	1.00e+00	7.47e-14	0.00e+00
 4.94999e+17	1.00e+00	7.08e-14	0.00e+00
 4.95559e+17	1.00e+00	6.68e-14	0.00e+00
 4.96070e+17	1.00e+00	6.31e-14	0.00e+00
 4.96521e+17	1.00e+00	6.01e-14	0.00e+00
 4.96938e+17	1.00e+00	5.75e-14	0.00e+00
 4.97349e+17	1.00e+00	5.50e-14	0.00e+00
 4.97766e+17	1.00e+00	5.26e-14	0.00e+00
 4.98177e+17	1.00e+00	5.02e-14	0.00e+00
 4.98561e+17	1.00e+00	4.80e-14	0.00e+00
 4.98914e+17	1.00e+00	4.61e-14	0.00e+00
 4.99252e+17	1.00e+00	4.43e-14	0.00e+00
 4.99587e+17	1.00e+00	4.27e-14	0.00e+00
 4.99922e+17	1.00e+00	4.10e-14	0.00e+00
 5.00248e+17	1.00e+00	3.94e-14	0.00e+00
 5.00556e+17	1.00e+00	3.79e-14	0.00e+00
 5.00848e+17	1.00e+00	3.66e-14	0.00e+00
 5.01130e+17	1.00e+00	3.53e-14	0.00e+00
 5.01408e+17	1.00e+00	3.41e-14	0.00e+00
 5.01683e+17	1.00e+00	3.29e-14	0.00e+00
 5.01950e+17	1.00e+00	3.17e-14	0.00e+00
 5.02205e+17	1.00e+00	3.06e-14	0.00e+00
 5.02450e+17	1.00e+00	2.96e-14	0.00e+00
 5.02687e+17	1.00e+00	2.87e-14	0.00e+00
 5.02920e+17	1.00e+00	2.77e-14	0.00e+00
 5.03185e+17	1.00e+00	2.68e-14	0.00e+00
 5.03531e+17	1.00e+00	2.57e-14	0.00e+00
 5.03980e+17	1.00e+00	2.43e-14	0.00e+00
 5.04564e+17	1.00e+00	2.25e-14	0.00e+00
 5.05296e+17	1.00e+00	2.03e-14	0.00e+00
