#depth	N	N+	N+2	N+3	N+4	N+5	N+6	N+7
 1.49634e+10	0.00e+00	0.00e+00	4.07e-33	2.48e-23	2.85e-14	1.48e-04	2.02e-01	7.98e-01
 4.54887e+10	0.00e+00	3.32e-43	6.00e-33	3.38e-23	3.59e-14	1.73e-04	2.15e-01	7.85e-01
 7.72350e+10	0.00e+00	0.00e+00	8.81e-33	4.58e-23	4.50e-14	2.00e-04	2.29e-01	7.71e-01
 1.10251e+11	0.00e+00	8.35e-43	1.29e-32	6.21e-23	5.64e-14	2.32e-04	2.43e-01	7.57e-01
 1.43242e+11	0.00e+00	0.00e+00	1.86e-32	8.31e-23	6.99e-14	2.66e-04	2.57e-01	7.43e-01
 1.72134e+11	0.00e+00	1.89e-42	2.54e-32	1.06e-22	8.38e-14	3.00e-04	2.69e-01	7.30e-01
 1.97202e+11	0.00e+00	0.00e+00	3.29e-32	1.30e-22	9.76e-14	3.30e-04	2.80e-01	7.20e-01
 2.25570e+11	0.00e+00	3.66e-42	4.39e-32	1.64e-22	1.15e-13	3.68e-04	2.92e-01	7.07e-01
 2.61400e+11	0.00e+00	0.00e+00	6.22e-32	2.16e-22	1.41e-13	4.20e-04	3.07e-01	6.92e-01
 2.98867e+11	0.00e+00	8.53e-42	8.84e-32	2.85e-22	1.74e-13	4.79e-04	3.23e-01	6.76e-01
 3.32465e+11	0.00e+00	0.00e+00	1.20e-31	3.62e-22	2.07e-13	5.36e-04	3.37e-01	6.62e-01
 3.69098e+11	0.00e+00	1.81e-41	1.65e-31	4.66e-22	2.49e-13	6.03e-04	3.52e-01	6.47e-01
 4.12563e+11	0.00e+00	0.00e+00	2.37e-31	6.21e-22	3.08e-13	6.90e-04	3.70e-01	6.29e-01
 4.56174e+11	0.00e+00	4.32e-41	3.37e-31	8.19e-22	3.77e-13	7.84e-04	3.87e-01	6.12e-01
 4.97100e+11	0.00e+00	0.00e+00	4.63e-31	1.05e-21	4.51e-13	8.79e-04	4.03e-01	5.96e-01
 5.36324e+11	0.00e+00	9.05e-41	6.21e-31	1.32e-21	5.35e-13	9.78e-04	4.18e-01	5.81e-01
 5.80367e+11	0.00e+00	0.00e+00	8.54e-31	1.70e-21	6.41e-13	1.10e-03	4.35e-01	5.64e-01
 6.28994e+11	0.00e+00	2.01e-40	1.20e-30	2.22e-21	7.78e-13	1.24e-03	4.53e-01	5.46e-01
 6.73805e+11	0.00e+00	0.00e+00	1.62e-30	2.80e-21	9.22e-13	1.37e-03	4.69e-01	5.30e-01
 7.22283e+11	0.00e+00	4.24e-40	2.21e-30	3.58e-21	1.10e-12	1.53e-03	4.86e-01	5.13e-01
 7.76430e+11	0.00e+00	0.00e+00	3.10e-30	4.67e-21	1.33e-12	1.73e-03	5.04e-01	4.95e-01
 8.27257e+11	0.00e+00	9.26e-40	4.20e-30	5.91e-21	1.58e-12	1.92e-03	5.20e-01	4.78e-01
 8.82645e+11	0.00e+00	0.00e+00	5.79e-30	7.59e-21	1.89e-12	2.14e-03	5.37e-01	4.60e-01
 9.44262e+11	0.00e+00	2.08e-39	8.15e-30	9.92e-21	2.29e-12	2.40e-03	5.56e-01	4.42e-01
 1.00187e+12	0.00e+00	0.00e+00	1.11e-29	1.26e-20	2.72e-12	2.66e-03	5.72e-01	4.25e-01
 1.06465e+12	0.00e+00	4.49e-39	1.53e-29	1.62e-20	3.26e-12	2.97e-03	5.89e-01	4.08e-01
 1.13494e+12	0.00e+00	0.00e+00	2.17e-29	2.12e-20	3.95e-12	3.33e-03	6.08e-01	3.89e-01
 1.20137e+12	0.00e+00	1.01e-38	2.97e-29	2.71e-20	4.70e-12	3.69e-03	6.24e-01	3.72e-01
 1.27263e+12	0.00e+00	0.00e+00	4.12e-29	3.48e-20	5.61e-12	4.10e-03	6.41e-01	3.55e-01
 1.35346e+12	0.00e+00	2.33e-38	5.87e-29	4.58e-20	6.81e-12	4.60e-03	6.58e-01	3.37e-01
 1.43300e+12	0.00e+00	0.00e+00	8.21e-29	5.93e-20	8.18e-12	5.12e-03	6.75e-01	3.20e-01
 1.50526e+12	0.00e+00	5.04e-38	1.10e-28	7.43e-20	9.59e-12	5.61e-03	6.89e-01	3.06e-01
 1.58328e+12	0.00e+00	0.00e+00	1.49e-28	9.39e-20	1.13e-11	6.17e-03	7.03e-01	2.91e-01
 1.67490e+12	0.00e+00	1.12e-37	2.11e-28	1.23e-19	1.36e-11	6.87e-03	7.18e-01	2.75e-01
 1.76478e+12	0.00e+00	0.00e+00	2.93e-28	1.57e-19	1.62e-11	7.59e-03	7.33e-01	2.60e-01
 1.84788e+12	0.00e+00	2.40e-37	3.91e-28	1.96e-19	1.89e-11	8.28e-03	7.45e-01	2.47e-01
 1.92366e+12	0.00e+00	0.00e+00	5.06e-28	2.39e-19	2.17e-11	8.95e-03	7.55e-01	2.36e-01
 1.99370e+12	0.00e+00	4.38e-37	6.36e-28	2.85e-19	2.45e-11	9.59e-03	7.64e-01	2.26e-01
 2.07416e+12	0.00e+00	0.00e+00	8.24e-28	3.47e-19	2.81e-11	1.03e-02	7.74e-01	2.16e-01
 2.17700e+12	0.00e+00	8.95e-37	1.13e-27	4.43e-19	3.33e-11	1.14e-02	7.85e-01	2.03e-01
 2.28227e+12	0.00e+00	0.00e+00	1.56e-27	5.65e-19	3.94e-11	1.25e-02	7.96e-01	1.91e-01
 2.37119e+12	0.00e+00	1.82e-36	2.01e-27	6.86e-19	4.50e-11	1.34e-02	8.05e-01	1.82e-01
 2.46551e+12	3.31e-46	2.54e-36	2.64e-27	8.43e-19	5.19e-11	1.45e-02	8.13e-01	1.72e-01
 2.58417e+12	0.00e+00	0.00e+00	3.64e-27	1.08e-18	6.14e-11	1.59e-02	8.22e-01	1.62e-01
 2.70845e+12	0.00e+00	5.71e-36	5.07e-27	1.38e-18	7.28e-11	1.74e-02	8.31e-01	1.51e-01
 2.82070e+12	1.33e-45	8.18e-36	6.78e-27	1.72e-18	8.47e-11	1.89e-02	8.39e-01	1.42e-01
 2.94331e+12	0.00e+00	0.00e+00	9.19e-27	2.17e-18	9.91e-11	2.06e-02	8.46e-01	1.33e-01
 3.08782e+12	0.00e+00	1.84e-35	1.30e-26	2.83e-18	1.19e-10	2.27e-02	8.54e-01	1.24e-01
 3.21914e+12	5.58e-45	2.71e-35	1.78e-26	3.58e-18	1.39e-10	2.47e-02	8.60e-01	1.16e-01
 3.32379e+12	0.00e+00	0.00e+00	2.26e-26	4.29e-18	1.57e-10	2.63e-02	8.64e-01	1.10e-01
 3.43544e+12	0.00e+00	4.98e-35	2.91e-26	5.18e-18	1.79e-10	2.81e-02	8.68e-01	1.04e-01
 3.58058e+12	1.86e-44	7.43e-35	4.01e-26	6.60e-18	2.11e-10	3.07e-02	8.73e-01	9.65e-02
 3.73218e+12	0.00e+00	0.00e+00	5.55e-26	8.44e-18	2.49e-10	3.34e-02	8.77e-01	8.95e-02
 3.86052e+12	0.00e+00	1.56e-34	7.27e-26	1.03e-17	2.85e-10	3.59e-02	8.80e-01	8.41e-02
 3.99568e+12	6.83e-44	2.20e-34	9.60e-26	1.28e-17	3.29e-10	3.86e-02	8.83e-01	7.88e-02
 4.16848e+12	0.00e+00	3.39e-34	1.36e-25	1.66e-17	3.92e-10	4.23e-02	8.85e-01	7.26e-02
 4.34377e+12	1.92e-43	5.22e-34	1.92e-25	2.15e-17	4.68e-10	4.63e-02	8.87e-01	6.68e-02
 4.48901e+12	0.00e+00	7.39e-34	2.55e-25	2.66e-17	5.39e-10	4.97e-02	8.88e-01	6.24e-02
 4.64163e+12	4.48e-43	1.06e-33	3.40e-25	3.31e-17	6.23e-10	5.35e-02	8.88e-01	5.81e-02
 4.83742e+12	0.00e+00	1.66e-33	4.88e-25	4.35e-17	7.49e-10	5.87e-02	8.88e-01	5.30e-02
 5.03401e+12	1.30e-42	2.58e-33	6.97e-25	5.68e-17	8.96e-10	6.43e-02	8.87e-01	4.85e-02
 5.19288e+12	0.00e+00	3.65e-33	9.23e-25	7.02e-17	1.03e-09	6.89e-02	8.86e-01	4.51e-02
 5.35800e+12	3.01e-42	5.19e-33	1.23e-24	8.70e-17	1.19e-09	7.40e-02	8.84e-01	4.19e-02
 5.57266e+12	0.00e+00	8.11e-33	1.76e-24	1.14e-16	1.43e-09	8.10e-02	8.81e-01	3.81e-02
 5.79675e+12	8.82e-42	1.27e-32	2.53e-24	1.51e-16	1.72e-09	8.87e-02	8.77e-01	3.45e-02
 5.98689e+12	0.00e+00	1.84e-32	3.41e-24	1.89e-16	2.00e-09	9.55e-02	8.73e-01	3.18e-02
 6.17505e+12	2.10e-41	2.62e-32	4.55e-24	2.34e-16	2.31e-09	1.02e-01	8.68e-01	2.94e-02
 6.39542e+12	0.00e+00	3.91e-32	6.29e-24	3.00e-16	2.73e-09	1.11e-01	8.62e-01	2.68e-02
 6.63870e+12	5.62e-41	5.98e-32	8.87e-24	3.89e-16	3.25e-09	1.20e-01	8.55e-01	2.43e-02
 6.88160e+12	0.00e+00	8.97e-32	1.23e-23	5.00e-16	3.84e-09	1.30e-01	8.47e-01	2.21e-02
 7.09704e+12	1.38e-40	1.27e-31	1.63e-23	6.19e-16	4.43e-09	1.39e-01	8.40e-01	2.03e-02
 7.28734e+12	0.00e+00	1.70e-31	2.07e-23	7.42e-16	5.00e-09	1.48e-01	8.33e-01	1.89e-02
 7.50373e+12	2.88e-40	2.34e-31	2.69e-23	9.06e-16	5.71e-09	1.57e-01	8.26e-01	1.74e-02
 7.78503e+12	0.00e+00	3.50e-31	3.74e-23	1.16e-15	6.73e-09	1.69e-01	8.15e-01	1.58e-02
 8.07064e+12	7.39e-40	5.17e-31	5.13e-23	1.48e-15	7.91e-09	1.82e-01	8.03e-01	1.43e-02
 8.30106e+12	0.00e+00	6.99e-31	6.55e-23	1.78e-15	8.94e-09	1.93e-01	7.94e-01	1.32e-02
 8.53983e+12	1.51e-39	9.43e-31	8.36e-23	2.15e-15	1.01e-08	2.04e-01	7.84e-01	1.22e-02
 8.85022e+12	0.00e+00	1.37e-30	1.13e-22	2.70e-15	1.18e-08	2.18e-01	7.71e-01	1.10e-02
 9.17476e+12	3.69e-39	1.99e-30	1.54e-22	3.41e-15	1.37e-08	2.33e-01	7.57e-01	9.92e-03
 9.45029e+12	0.00e+00	2.70e-30	1.97e-22	4.11e-15	1.55e-08	2.46e-01	7.45e-01	9.11e-03
 9.74111e+12	7.66e-39	3.68e-30	2.53e-22	4.97e-15	1.76e-08	2.60e-01	7.32e-01	8.35e-03
 1.01186e+13	0.00e+00	5.39e-30	3.45e-22	6.30e-15	2.05e-08	2.78e-01	7.15e-01	7.47e-03
 1.05074e+13	1.90e-38	7.86e-30	4.69e-22	7.94e-15	2.39e-08	2.96e-01	6.98e-01	6.68e-03
 1.08309e+13	0.00e+00	1.06e-29	5.98e-22	9.54e-15	2.69e-08	3.11e-01	6.83e-01	6.10e-03
 1.11707e+13	3.89e-38	1.44e-29	7.64e-22	1.15e-14	3.03e-08	3.26e-01	6.68e-01	5.56e-03
 1.16050e+13	0.00e+00	2.08e-29	1.03e-21	1.44e-14	3.51e-08	3.46e-01	6.49e-01	4.95e-03
 1.20569e+13	9.42e-38	3.01e-29	1.39e-21	1.80e-14	4.06e-08	3.66e-01	6.29e-01	4.40e-03
 1.24468e+13	0.00e+00	4.07e-29	1.78e-21	2.17e-14	4.57e-08	3.83e-01	6.13e-01	3.99e-03
 1.28617e+13	1.96e-37	5.56e-29	2.28e-21	2.62e-14	5.15e-08	4.01e-01	5.95e-01	3.60e-03
 1.33256e+13	0.00e+00	7.76e-29	2.99e-21	3.21e-14	5.86e-08	4.21e-01	5.76e-01	3.21e-03
 1.37789e+13	4.26e-37	1.06e-28	3.85e-21	3.88e-14	6.61e-08	4.40e-01	5.57e-01	2.88e-03
 1.41903e+13	0.00e+00	1.39e-28	4.80e-21	4.57e-14	7.33e-08	4.56e-01	5.41e-01	2.62e-03
 1.45606e+13	7.85e-37	1.77e-28	5.81e-21	5.28e-14	8.03e-08	4.71e-01	5.27e-01	2.40e-03
 1.49809e+13	0.00e+00	2.30e-28	7.18e-21	6.18e-14	8.86e-08	4.87e-01	5.11e-01	2.18e-03
 1.54356e+13	1.49e-36	3.02e-28	8.95e-21	7.29e-14	9.82e-08	5.04e-01	4.94e-01	1.97e-03
 1.58425e+13	0.00e+00	3.82e-28	1.08e-20	8.40e-14	1.07e-07	5.19e-01	4.79e-01	1.81e-03
 1.62790e+13	2.65e-36	4.89e-28	1.32e-20	9.73e-14	1.18e-07	5.35e-01	4.64e-01	1.64e-03
 1.68464e+13	0.00e+00	6.65e-28	1.69e-20	1.17e-13	1.32e-07	5.54e-01	4.44e-01	1.46e-03
 1.74201e+13	5.47e-36	8.97e-28	2.15e-20	1.40e-13	1.47e-07	5.73e-01	4.25e-01	1.29e-03
 1.78809e+13	0.00e+00	1.13e-27	2.59e-20	1.61e-13	1.60e-07	5.88e-01	4.11e-01	1.18e-03
 1.83586e+13	9.54e-36	1.43e-27	3.13e-20	1.85e-13	1.75e-07	6.03e-01	3.96e-01	1.07e-03
 1.89797e+13	0.00e+00	1.91e-27	3.96e-20	2.21e-13	1.94e-07	6.21e-01	3.78e-01	9.43e-04
 1.96387e+13	1.93e-35	2.57e-27	5.03e-20	2.64e-13	2.17e-07	6.40e-01	3.60e-01	8.28e-04
 2.02140e+13	0.00e+00	3.30e-27	6.15e-20	3.07e-13	2.38e-07	6.55e-01	3.44e-01	7.42e-04
 2.08288e+13	3.53e-35	4.27e-27	7.58e-20	3.59e-13	2.61e-07	6.71e-01	3.29e-01	6.61e-04
 2.16148e+13	0.00e+00	5.86e-27	9.78e-20	4.35e-13	2.93e-07	6.90e-01	3.10e-01	5.71e-04
 2.24266e+13	7.45e-35	8.00e-27	1.26e-19	5.26e-13	3.29e-07	7.08e-01	2.91e-01	4.92e-04
 2.31261e+13	0.00e+00	1.03e-26	1.55e-19	6.15e-13	3.61e-07	7.23e-01	2.77e-01	4.34e-04
 2.38764e+13	1.39e-34	1.35e-26	1.93e-19	7.22e-13	3.98e-07	7.38e-01	2.62e-01	3.81e-04
 2.48015e+13	2.01e-34	1.84e-26	2.48e-19	8.75e-13	4.47e-07	7.55e-01	2.44e-01	3.25e-04
 2.57134e+13	2.84e-34	2.47e-26	3.16e-19	1.05e-12	4.98e-07	7.71e-01	2.29e-01	2.78e-04
 2.64815e+13	3.76e-34	3.13e-26	3.83e-19	1.22e-12	5.44e-07	7.83e-01	2.16e-01	2.45e-04
 2.71342e+13	4.72e-34	3.80e-26	4.49e-19	1.37e-12	5.84e-07	7.93e-01	2.06e-01	2.21e-04
 2.78141e+13	5.96e-34	4.62e-26	5.27e-19	1.55e-12	6.28e-07	8.03e-01	1.97e-01	1.98e-04
 2.86980e+13	7.96e-34	5.90e-26	6.45e-19	1.80e-12	6.87e-07	8.15e-01	1.85e-01	1.73e-04
 2.95990e+13	1.06e-33	7.50e-26	7.86e-19	2.09e-12	7.52e-07	8.26e-01	1.74e-01	1.51e-04
 3.03299e+13	1.32e-33	9.06e-26	9.17e-19	2.35e-12	8.06e-07	8.34e-01	1.66e-01	1.36e-04
 3.10878e+13	1.65e-33	1.09e-25	1.07e-18	2.65e-12	8.63e-07	8.42e-01	1.58e-01	1.22e-04
 3.20731e+13	2.19e-33	1.39e-25	1.30e-18	3.07e-12	9.41e-07	8.52e-01	1.48e-01	1.06e-04
 3.31170e+13	2.91e-33	1.77e-25	1.59e-18	3.56e-12	1.03e-06	8.61e-01	1.39e-01	9.19e-05
 3.40254e+13	3.72e-33	2.17e-25	1.88e-18	4.04e-12	1.11e-06	8.69e-01	1.31e-01	8.17e-05
 3.49946e+13	4.78e-33	2.68e-25	2.23e-18	4.59e-12	1.19e-06	8.76e-01	1.24e-01	7.23e-05
 3.62546e+13	6.56e-33	3.50e-25	2.77e-18	5.38e-12	1.31e-06	8.85e-01	1.15e-01	6.19e-05
 3.75758e+13	9.03e-33	4.57e-25	3.44e-18	6.32e-12	1.43e-06	8.93e-01	1.07e-01	5.30e-05
 3.87141e+13	1.18e-32	5.73e-25	4.12e-18	7.21e-12	1.54e-06	8.99e-01	1.01e-01	4.66e-05
 3.99312e+13	1.57e-32	7.23e-25	4.96e-18	8.26e-12	1.67e-06	9.05e-01	9.48e-02	4.09e-05
 4.14465e+13	2.20e-32	9.57e-25	6.20e-18	9.71e-12	1.83e-06	9.12e-01	8.79e-02	3.49e-05
 4.30483e+13	3.10e-32	1.27e-24	7.78e-18	1.14e-11	2.00e-06	9.19e-01	8.14e-02	2.97e-05
 4.45088e+13	4.23e-32	1.64e-24	9.51e-18	1.32e-11	2.16e-06	9.24e-01	7.62e-02	2.59e-05
 4.57704e+13	5.47e-32	2.03e-24	1.12e-17	1.49e-11	2.31e-06	9.28e-01	7.20e-02	2.30e-05
 4.70943e+13	7.14e-32	2.53e-24	1.33e-17	1.67e-11	2.47e-06	9.32e-01	6.81e-02	2.05e-05
 4.88143e+13	1.00e-31	3.33e-24	1.65e-17	1.95e-11	2.67e-06	9.37e-01	6.35e-02	1.77e-05
 5.05904e+13	1.39e-31	4.37e-24	2.04e-17	2.26e-11	2.90e-06	9.41e-01	5.90e-02	1.52e-05
 5.20171e+13	1.82e-31	5.42e-24	2.41e-17	2.54e-11	3.08e-06	9.44e-01	5.59e-02	1.36e-05
 5.34486e+13	2.36e-31	6.69e-24	2.84e-17	2.84e-11	3.27e-06	9.47e-01	5.30e-02	1.22e-05
 5.53096e+13	3.27e-31	8.73e-24	3.48e-17	3.27e-11	3.52e-06	9.50e-01	4.96e-02	1.07e-05
 5.73119e+13	4.58e-31	1.15e-23	4.30e-17	3.78e-11	3.81e-06	9.54e-01	4.62e-02	9.23e-06
 5.90931e+13	6.16e-31	1.46e-23	5.17e-17	4.29e-11	4.06e-06	9.56e-01	4.35e-02	8.17e-06
 6.10038e+13	8.39e-31	1.87e-23	6.25e-17	4.88e-11	4.35e-06	9.59e-01	4.09e-02	7.20e-06
 6.33405e+13	1.21e-30	2.52e-23	7.83e-17	5.68e-11	4.70e-06	9.62e-01	3.81e-02	6.21e-06
 6.57037e+13	1.73e-30	3.36e-23	9.74e-17	6.59e-11	5.08e-06	9.65e-01	3.54e-02	5.37e-06
 6.78206e+13	2.35e-30	4.30e-23	1.18e-16	7.50e-11	5.43e-06	9.67e-01	3.33e-02	4.73e-06
 7.01440e+13	3.27e-30	5.61e-23	1.44e-16	8.59e-11	5.82e-06	9.69e-01	3.12e-02	4.14e-06
 7.29014e+13	4.76e-30	7.59e-23	1.81e-16	1.00e-10	6.30e-06	9.71e-01	2.89e-02	3.55e-06
 7.56306e+13	6.81e-30	1.01e-22	2.26e-16	1.16e-10	6.80e-06	9.73e-01	2.69e-02	3.07e-06
 7.81343e+13	9.35e-30	1.31e-22	2.74e-16	1.33e-10	7.28e-06	9.75e-01	2.53e-02	2.70e-06
 8.05569e+13	1.26e-29	1.66e-22	3.29e-16	1.50e-10	7.75e-06	9.76e-01	2.38e-02	2.39e-06
 8.33261e+13	1.75e-29	2.17e-22	4.03e-16	1.72e-10	8.31e-06	9.78e-01	2.23e-02	2.09e-06
 8.63578e+13	2.47e-29	2.86e-22	4.98e-16	1.99e-10	8.95e-06	9.79e-01	2.07e-02	1.81e-06
 8.91272e+13	3.37e-29	3.68e-22	6.01e-16	2.26e-10	9.54e-06	9.81e-01	1.95e-02	1.60e-06
 9.16378e+13	4.38e-29	4.55e-22	7.09e-16	2.53e-10	1.01e-05	9.82e-01	1.84e-02	1.43e-06
 9.39837e+13	5.63e-29	5.57e-22	8.25e-16	2.80e-10	1.06e-05	9.82e-01	1.75e-02	1.29e-06
 9.66017e+13	7.28e-29	6.87e-22	9.71e-16	3.13e-10	1.13e-05	9.83e-01	1.66e-02	1.15e-06
 9.95166e+13	9.71e-29	8.66e-22	1.16e-15	3.52e-10	1.20e-05	9.84e-01	1.56e-02	1.02e-06
 1.02263e+14	1.26e-28	1.07e-21	1.36e-15	3.93e-10	1.27e-05	9.85e-01	1.48e-02	9.16e-07
 1.05279e+14	1.67e-28	1.34e-21	1.62e-15	4.42e-10	1.35e-05	9.86e-01	1.40e-02	0.00e+00
 1.08626e+14	2.24e-28	1.71e-21	1.95e-15	5.02e-10	1.44e-05	9.87e-01	1.31e-02	0.00e+00
 1.11716e+14	2.94e-28	2.13e-21	2.30e-15	5.62e-10	1.53e-05	9.88e-01	1.24e-02	0.00e+00
 1.15046e+14	3.85e-28	2.65e-21	2.74e-15	6.34e-10	1.62e-05	9.88e-01	1.16e-02	0.00e+00
 1.18749e+14	5.21e-28	3.39e-21	3.31e-15	7.20e-10	1.73e-05	9.89e-01	1.09e-02	0.00e+00
 1.22251e+14	6.90e-28	4.25e-21	3.93e-15	8.10e-10	1.84e-05	9.90e-01	1.03e-02	0.00e+00
 1.26119e+14	9.17e-28	5.37e-21	4.72e-15	9.20e-10	1.97e-05	9.90e-01	9.64e-03	0.00e+00
 1.30403e+14	1.27e-27	6.97e-21	5.76e-15	1.05e-09	2.11e-05	9.91e-01	9.01e-03	0.00e+00
 1.34432e+14	1.67e-27	8.73e-21	6.89e-15	1.19e-09	2.25e-05	9.92e-01	8.45e-03	0.00e+00
 1.38876e+14	2.26e-27	1.12e-20	8.35e-15	1.36e-09	2.41e-05	9.92e-01	7.90e-03	0.00e+00
 1.43872e+14	3.12e-27	1.46e-20	1.03e-14	1.57e-09	2.60e-05	9.93e-01	7.33e-03	0.00e+00
 1.48590e+14	4.22e-27	1.87e-20	1.24e-14	1.79e-09	2.78e-05	9.93e-01	6.86e-03	0.00e+00
 1.53729e+14	5.84e-27	2.43e-20	1.52e-14	2.05e-09	2.99e-05	9.94e-01	6.40e-03	0.00e+00
 1.59453e+14	8.09e-27	3.18e-20	1.89e-14	2.38e-09	3.23e-05	9.94e-01	5.92e-03	0.00e+00
 1.64778e+14	1.10e-26	4.08e-20	2.29e-14	2.72e-09	3.46e-05	9.94e-01	5.53e-03	0.00e+00
 1.70538e+14	1.52e-26	5.32e-20	2.81e-14	3.12e-09	3.72e-05	9.95e-01	5.15e-03	0.00e+00
 1.77000e+14	2.10e-26	6.98e-20	3.49e-14	3.63e-09	4.03e-05	9.95e-01	4.76e-03	0.00e+00
 1.83090e+14	2.88e-26	9.02e-20	4.27e-14	4.17e-09	4.33e-05	9.96e-01	4.44e-03	0.00e+00
 1.89709e+14	4.03e-26	1.19e-19	5.26e-14	4.81e-09	4.66e-05	9.96e-01	4.12e-03	0.00e+00
 1.97140e+14	5.64e-26	1.57e-19	6.60e-14	5.62e-09	5.06e-05	9.96e-01	3.80e-03	0.00e+00
 2.03526e+14	7.56e-26	2.00e-19	7.97e-14	6.39e-09	5.41e-05	9.96e-01	3.56e-03	0.00e+00
 2.08339e+14	9.37e-26	2.38e-19	9.15e-14	7.02e-09	5.68e-05	9.97e-01	3.39e-03	0.00e+00
 2.13225e+14	1.16e-25	2.83e-19	1.05e-13	7.71e-09	5.96e-05	9.97e-01	3.23e-03	0.00e+00
 2.19577e+14	1.54e-25	3.56e-19	1.25e-13	8.68e-09	6.33e-05	9.97e-01	3.04e-03	0.00e+00
 2.26402e+14	2.00e-25	4.45e-19	1.50e-13	9.82e-09	6.76e-05	9.97e-01	2.85e-03	0.00e+00
 2.32404e+14	2.56e-25	5.44e-19	1.75e-13	1.09e-08	7.13e-05	9.97e-01	2.70e-03	0.00e+00
 2.38769e+14	3.32e-25	6.70e-19	2.05e-13	1.22e-08	7.54e-05	9.97e-01	2.56e-03	0.00e+00
 2.47044e+14	4.55e-25	8.68e-19	2.51e-13	1.40e-08	8.09e-05	9.98e-01	2.39e-03	0.00e+00
 2.55509e+14	6.11e-25	1.11e-18	3.06e-13	1.60e-08	8.67e-05	9.98e-01	2.22e-03	0.00e+00
 2.62434e+14	7.85e-25	1.36e-18	3.59e-13	1.78e-08	9.16e-05	9.98e-01	2.11e-03	0.00e+00
 2.69651e+14	1.02e-24	1.68e-18	4.22e-13	1.98e-08	9.68e-05	9.98e-01	1.99e-03	0.00e+00
 2.79033e+14	1.40e-24	2.19e-18	5.17e-13	2.27e-08	1.04e-04	9.98e-01	1.86e-03	0.00e+00
 2.88990e+14	1.91e-24	2.83e-18	6.37e-13	2.62e-08	1.12e-04	9.98e-01	1.72e-03	0.00e+00
 2.97689e+14	2.53e-24	3.56e-18	7.61e-13	2.95e-08	1.18e-04	9.98e-01	1.62e-03	0.00e+00
 3.06991e+14	3.41e-24	4.53e-18	9.14e-13	3.33e-08	1.26e-04	9.98e-01	1.53e-03	0.00e+00
 3.18509e+14	4.81e-24	6.01e-18	1.14e-12	3.86e-08	1.36e-04	9.98e-01	1.42e-03	0.00e+00
 3.30382e+14	6.77e-24	7.94e-18	1.42e-12	4.47e-08	1.46e-04	9.99e-01	1.32e-03	0.00e+00
 3.41095e+14	9.10e-24	1.01e-17	1.71e-12	5.08e-08	1.56e-04	9.99e-01	1.23e-03	0.00e+00
 3.52827e+14	1.24e-23	1.31e-17	2.10e-12	5.81e-08	1.67e-04	9.99e-01	1.15e-03	0.00e+00
 3.66662e+14	1.79e-23	1.76e-17	2.64e-12	6.78e-08	1.80e-04	9.99e-01	1.07e-03	0.00e+00
 3.80356e+14	2.52e-23	2.34e-17	3.29e-12	7.84e-08	1.94e-04	9.99e-01	9.92e-04	0.00e+00
 3.93119e+14	3.43e-23	3.01e-17	4.01e-12	8.95e-08	2.07e-04	9.99e-01	9.29e-04	0.00e+00
 4.04201e+14	4.39e-23	3.69e-17	4.73e-12	1.00e-07	2.19e-04	9.99e-01	8.79e-04	0.00e+00
 4.13505e+14	5.49e-23	4.42e-17	5.43e-12	1.09e-07	2.29e-04	9.99e-01	8.40e-04	0.00e+00
 4.23839e+14	6.91e-23	5.34e-17	6.29e-12	1.21e-07	2.40e-04	9.99e-01	8.00e-04	0.00e+00
 4.37274e+14	9.25e-23	6.78e-17	7.58e-12	1.37e-07	2.56e-04	9.99e-01	7.51e-04	0.00e+00
 4.51343e+14	1.24e-22	8.64e-17	9.17e-12	1.55e-07	2.72e-04	9.99e-01	7.05e-04	0.00e+00
 4.63322e+14	1.58e-22	1.05e-16	1.07e-11	1.72e-07	2.87e-04	9.99e-01	6.70e-04	0.00e+00
 4.75980e+14	2.02e-22	1.29e-16	1.26e-11	1.92e-07	3.02e-04	9.99e-01	6.34e-04	0.00e+00
 4.92435e+14	2.80e-22	1.68e-16	1.55e-11	2.20e-07	3.23e-04	9.99e-01	5.93e-04	0.00e+00
 5.09463e+14	3.78e-22	2.16e-16	1.89e-11	2.52e-07	3.46e-04	9.99e-01	5.54e-04	0.00e+00
 5.23633e+14	4.93e-22	2.68e-16	2.23e-11	2.81e-07	3.65e-04	9.99e-01	5.25e-04	0.00e+00
 5.38451e+14	6.28e-22	3.29e-16	2.64e-11	3.14e-07	3.87e-04	9.99e-01	4.96e-04	0.00e+00
 5.57714e+14	8.77e-22	4.32e-16	3.25e-11	3.61e-07	4.15e-04	9.99e-01	4.62e-04	0.00e+00
 5.78084e+14	1.22e-21	5.67e-16	4.03e-11	4.17e-07	4.45e-04	9.99e-01	4.30e-04	0.00e+00
 5.95777e+14	1.59e-21	7.08e-16	4.83e-11	4.70e-07	4.74e-04	9.99e-01	4.05e-04	0.00e+00
 6.14662e+14	2.14e-21	9.01e-16	5.82e-11	5.32e-07	5.04e-04	9.99e-01	3.80e-04	0.00e+00
 6.37857e+14	2.96e-21	1.18e-15	7.25e-11	6.18e-07	5.44e-04	9.99e-01	3.52e-04	0.00e+00
 6.61076e+14	4.13e-21	1.56e-15	8.98e-11	7.12e-07	5.84e-04	9.99e-01	3.28e-04	0.00e+00
 6.81323e+14	5.35e-21	1.93e-15	1.07e-10	8.05e-07	6.21e-04	9.99e-01	3.08e-04	0.00e+00
 7.03285e+14	7.20e-21	2.47e-15	1.30e-10	9.13e-07	6.62e-04	9.99e-01	2.89e-04	0.00e+00
 7.30028e+14	9.97e-21	3.24e-15	1.62e-10	1.06e-06	7.14e-04	9.99e-01	2.68e-04	0.00e+00
 7.56848e+14	1.39e-20	4.26e-15	2.01e-10	1.23e-06	7.69e-04	9.99e-01	2.49e-04	0.00e+00
 7.80628e+14	1.83e-20	5.35e-15	2.41e-10	1.39e-06	8.19e-04	9.99e-01	2.33e-04	0.00e+00
 8.06594e+14	2.43e-20	6.81e-15	2.93e-10	1.58e-06	8.76e-04	9.99e-01	2.18e-04	0.00e+00
 8.37710e+14	3.38e-20	8.98e-15	3.67e-10	1.84e-06	9.48e-04	9.99e-01	2.01e-04	0.00e+00
 8.68441e+14	4.66e-20	1.17e-14	4.54e-10	2.13e-06	1.02e-03	9.99e-01	1.87e-04	0.00e+00
 8.94718e+14	6.06e-20	1.46e-14	5.42e-10	2.40e-06	1.09e-03	9.99e-01	1.76e-04	0.00e+00
 9.18291e+14	7.61e-20	1.77e-14	6.32e-10	2.67e-06	1.15e-03	9.99e-01	1.66e-04	0.00e+00
 9.41247e+14	9.40e-20	2.11e-14	7.32e-10	2.95e-06	1.21e-03	9.99e-01	1.58e-04	0.00e+00
 9.67394e+14	1.19e-19	2.58e-14	8.60e-10	3.29e-06	1.28e-03	9.99e-01	1.49e-04	0.00e+00
 9.96035e+14	1.53e-19	3.19e-14	1.02e-09	3.70e-06	1.36e-03	9.98e-01	1.40e-04	0.00e+00
 1.02213e+15	1.92e-19	3.85e-14	1.19e-09	4.11e-06	1.44e-03	9.98e-01	1.33e-04	0.00e+00
 1.05028e+15	2.43e-19	4.69e-14	1.40e-09	4.58e-06	1.52e-03	9.98e-01	1.25e-04	0.00e+00
 1.08193e+15	3.16e-19	5.84e-14	1.67e-09	5.17e-06	1.62e-03	9.98e-01	1.18e-04	0.00e+00
 1.11170e+15	3.97e-19	7.08e-14	1.95e-09	5.77e-06	1.71e-03	9.98e-01	1.11e-04	0.00e+00
 1.14394e+15	5.11e-19	8.74e-14	2.31e-09	6.47e-06	1.82e-03	9.98e-01	1.05e-04	0.00e+00
 1.17977e+15	6.62e-19	1.09e-13	2.77e-09	7.33e-06	1.94e-03	9.98e-01	9.80e-05	0.00e+00
 1.21330e+15	8.48e-19	1.34e-13	3.27e-09	8.21e-06	2.06e-03	9.98e-01	9.22e-05	0.00e+00
 1.24994e+15	1.10e-18	1.66e-13	3.89e-09	9.25e-06	2.19e-03	9.98e-01	8.66e-05	0.00e+00
 1.29102e+15	1.45e-18	2.10e-13	4.71e-09	1.05e-05	2.35e-03	9.98e-01	8.07e-05	0.00e+00
 1.32977e+15	1.87e-18	2.60e-13	5.60e-09	1.19e-05	2.50e-03	9.97e-01	7.58e-05	0.00e+00
 1.37206e+15	2.44e-18	3.26e-13	6.73e-09	1.35e-05	2.68e-03	9.97e-01	7.08e-05	0.00e+00
 1.41967e+15	3.23e-18	4.14e-13	8.23e-09	1.55e-05	2.88e-03	9.97e-01	6.58e-05	0.00e+00
 1.46537e+15	4.29e-18	5.24e-13	9.90e-09	1.76e-05	3.08e-03	9.97e-01	6.14e-05	0.00e+00
 1.51592e+15	5.66e-18	6.65e-13	1.21e-08	2.01e-05	3.31e-03	9.97e-01	5.71e-05	0.00e+00
 1.57282e+15	7.90e-18	8.75e-13	1.50e-08	2.34e-05	3.58e-03	9.96e-01	5.27e-05	0.00e+00
 1.62604e+15	1.03e-17	1.10e-12	1.82e-08	2.67e-05	3.84e-03	9.96e-01	4.91e-05	0.00e+00
 1.68332e+15	1.41e-17	1.43e-12	2.23e-08	3.07e-05	4.15e-03	9.96e-01	4.54e-05	0.00e+00
 1.73804e+15	1.85e-17	1.79e-12	2.69e-08	3.50e-05	4.44e-03	9.95e-01	4.24e-05	0.00e+00
 1.77682e+15	2.24e-17	2.10e-12	3.06e-08	3.82e-05	4.66e-03	9.95e-01	4.04e-05	0.00e+00
 1.81461e+15	2.67e-17	2.45e-12	3.46e-08	4.16e-05	4.88e-03	9.95e-01	3.85e-05	0.00e+00
 1.86374e+15	3.29e-17	2.93e-12	4.05e-08	4.63e-05	5.16e-03	9.95e-01	3.63e-05	0.00e+00
 1.91772e+15	4.27e-17	3.63e-12	4.79e-08	5.20e-05	5.50e-03	9.94e-01	3.41e-05	0.00e+00
 1.96663e+15	5.19e-17	4.31e-12	5.55e-08	5.76e-05	5.81e-03	9.94e-01	3.23e-05	0.00e+00
 2.01883e+15	6.57e-17	5.23e-12	6.46e-08	6.40e-05	6.16e-03	9.94e-01	3.04e-05	0.00e+00
 2.07765e+15	8.35e-17	6.42e-12	7.64e-08	7.19e-05	6.55e-03	9.93e-01	2.85e-05	0.00e+00
 2.13330e+15	1.05e-16	7.77e-12	8.92e-08	8.00e-05	6.95e-03	9.93e-01	2.69e-05	0.00e+00
 2.18587e+15	1.28e-16	9.22e-12	1.03e-07	8.82e-05	7.33e-03	9.93e-01	2.55e-05	0.00e+00
 2.24619e+15	1.78e-16	1.12e-11	1.20e-07	9.85e-05	7.79e-03	9.92e-01	2.39e-05	0.00e+00
 2.31438e+15	2.25e-16	1.37e-11	1.43e-07	1.11e-04	8.32e-03	9.92e-01	2.24e-05	0.00e+00
 2.37954e+15	2.93e-16	1.69e-11	1.69e-07	1.24e-04	8.86e-03	9.91e-01	2.10e-05	0.00e+00
 2.44157e+15	3.63e-16	2.02e-11	1.96e-07	1.38e-04	9.38e-03	9.90e-01	1.98e-05	0.00e+00
 2.51275e+15	4.48e-16	2.44e-11	2.32e-07	1.55e-04	1.00e-02	9.90e-01	1.85e-05	0.00e+00
 2.60406e+15	6.23e-16	3.19e-11	2.85e-07	1.79e-04	1.08e-02	9.89e-01	1.71e-05	0.00e+00
 2.69635e+15	8.28e-16	4.07e-11	3.50e-07	2.06e-04	1.17e-02	9.88e-01	1.57e-05	0.00e+00
 2.77246e+15	1.03e-15	4.93e-11	4.11e-07	2.30e-04	1.25e-02	9.87e-01	1.47e-05	0.00e+00
 2.85271e+15	1.32e-15	6.05e-11	4.86e-07	2.58e-04	1.33e-02	9.86e-01	1.39e-05	0.00e+00
 2.95604e+15	1.75e-15	7.71e-11	5.98e-07	2.98e-04	1.44e-02	9.85e-01	1.28e-05	0.00e+00
 3.06621e+15	2.38e-15	1.00e-10	7.41e-07	3.46e-04	1.57e-02	9.84e-01	1.18e-05	0.00e+00
 3.16324e+15	3.09e-15	1.25e-10	8.90e-07	3.92e-04	1.69e-02	9.83e-01	1.11e-05	0.00e+00
 3.26635e+15	3.96e-15	1.55e-10	1.07e-06	4.46e-04	1.82e-02	9.81e-01	1.03e-05	0.00e+00
 3.36835e+15	5.12e-15	1.93e-10	1.29e-06	5.05e-04	1.95e-02	9.80e-01	9.66e-06	0.00e+00
 3.44511e+15	6.26e-15	2.29e-10	1.47e-06	5.52e-04	2.05e-02	9.79e-01	9.21e-06	0.00e+00
 3.52112e+15	7.45e-15	2.66e-10	1.67e-06	6.03e-04	2.16e-02	9.78e-01	8.80e-06	0.00e+00
 3.61993e+15	9.30e-15	3.22e-10	1.97e-06	6.74e-04	2.30e-02	9.76e-01	8.29e-06	0.00e+00
 3.72491e+15	1.19e-14	3.98e-10	2.34e-06	7.56e-04	2.45e-02	9.75e-01	7.81e-06	0.00e+00
 3.81560e+15	1.45e-14	4.71e-10	2.69e-06	8.33e-04	2.59e-02	9.73e-01	7.44e-06	0.00e+00
 3.91120e+15	1.75e-14	5.57e-10	3.12e-06	9.20e-04	2.74e-02	9.72e-01	7.07e-06	0.00e+00
 4.03549e+15	2.36e-14	7.10e-10	3.77e-06	1.04e-03	2.95e-02	9.69e-01	6.64e-06	0.00e+00
 4.16149e+15	3.03e-14	8.84e-10	4.53e-06	1.18e-03	3.17e-02	9.67e-01	6.24e-06	0.00e+00
 4.26280e+15	3.67e-14	1.05e-09	5.23e-06	1.30e-03	3.34e-02	9.65e-01	5.96e-06	0.00e+00
 4.36755e+15	4.41e-14	1.23e-09	6.05e-06	1.43e-03	3.53e-02	9.63e-01	5.68e-06	0.00e+00
 4.50373e+15	5.88e-14	1.57e-09	7.30e-06	1.62e-03	3.79e-02	9.60e-01	5.37e-06	0.00e+00
 4.64711e+15	7.55e-14	1.96e-09	8.82e-06	1.84e-03	4.07e-02	9.57e-01	5.06e-06	0.00e+00
 4.77104e+15	9.26e-14	2.35e-09	1.03e-05	2.04e-03	4.31e-02	9.55e-01	4.83e-06	0.00e+00
 4.90335e+15	1.21e-13	2.92e-09	1.22e-05	2.28e-03	4.60e-02	9.52e-01	4.61e-06	0.00e+00
 5.07535e+15	1.60e-13	3.73e-09	1.51e-05	2.62e-03	4.97e-02	9.48e-01	4.35e-06	0.00e+00
 5.25463e+15	2.17e-13	4.86e-09	1.87e-05	3.01e-03	5.37e-02	9.43e-01	4.11e-06	0.00e+00
 5.40718e+15	2.70e-13	5.92e-09	2.22e-05	3.38e-03	5.72e-02	9.39e-01	3.93e-06	0.00e+00
 5.56930e+15	3.61e-13	7.52e-09	2.67e-05	3.81e-03	6.12e-02	9.35e-01	3.77e-06	0.00e+00
 5.77417e+15	4.94e-13	9.86e-09	3.34e-05	4.41e-03	6.64e-02	9.29e-01	3.58e-06	0.00e+00
 5.95990e+15	6.26e-13	1.23e-08	4.05e-05	5.00e-03	7.10e-02	9.24e-01	3.43e-06	0.00e+00
 6.08323e+15	7.69e-13	1.45e-08	4.60e-05	5.43e-03	7.43e-02	9.20e-01	3.35e-06	0.00e+00
 6.20015e+15	9.20e-13	1.69e-08	5.19e-05	5.86e-03	7.76e-02	9.16e-01	3.28e-06	0.00e+00
 6.35213e+15	1.11e-12	2.00e-08	6.02e-05	6.46e-03	8.17e-02	9.12e-01	3.18e-06	0.00e+00
 6.54972e+15	1.50e-12	2.57e-08	7.31e-05	7.32e-03	8.76e-02	9.05e-01	3.08e-06	0.00e+00
 6.74710e+15	1.88e-12	3.16e-08	8.77e-05	8.23e-03	9.32e-02	8.99e-01	2.98e-06	0.00e+00
 6.90008e+15	2.29e-12	3.76e-08	1.01e-04	9.00e-03	9.78e-02	8.93e-01	2.92e-06	0.00e+00
 7.05485e+15	2.89e-12	4.54e-08	1.16e-04	9.86e-03	1.03e-01	8.87e-01	2.87e-06	0.00e+00
 7.25605e+15	3.63e-12	5.55e-08	1.39e-04	1.10e-02	1.09e-01	8.80e-01	2.80e-06	0.00e+00
 7.47053e+15	4.91e-12	7.11e-08	1.67e-04	1.24e-02	1.16e-01	8.71e-01	2.75e-06	0.00e+00
 7.65411e+15	6.12e-12	8.60e-08	1.95e-04	1.37e-02	1.22e-01	8.64e-01	2.71e-06	0.00e+00
 7.84461e+15	7.64e-12	1.04e-07	2.28e-04	1.51e-02	1.29e-01	8.56e-01	2.66e-06	0.00e+00
 8.09226e+15	9.82e-12	1.30e-07	2.76e-04	1.71e-02	1.37e-01	8.46e-01	2.60e-06	0.00e+00
 8.34776e+15	1.37e-11	1.71e-07	3.38e-04	1.94e-02	1.46e-01	8.34e-01	2.57e-06	0.00e+00
 8.55649e+15	1.71e-11	2.07e-07	3.95e-04	2.14e-02	1.54e-01	8.24e-01	2.54e-06	0.00e+00
 8.77086e+15	2.18e-11	2.53e-07	4.64e-04	2.37e-02	1.62e-01	8.14e-01	2.51e-06	0.00e+00
 9.04955e+15	2.80e-11	3.17e-07	5.65e-04	2.68e-02	1.72e-01	8.01e-01	2.46e-06	0.00e+00
 9.33686e+15	3.89e-11	4.16e-07	6.93e-04	3.04e-02	1.83e-01	7.86e-01	2.44e-06	0.00e+00
 9.57757e+15	4.96e-11	5.11e-07	8.16e-04	3.37e-02	1.93e-01	7.73e-01	2.42e-06	0.00e+00
 9.83268e+15	6.34e-11	6.30e-07	9.67e-04	3.74e-02	2.02e-01	7.59e-01	2.39e-06	0.00e+00
 1.01643e+16	8.45e-11	8.11e-07	1.20e-03	4.27e-02	2.15e-01	7.41e-01	2.35e-06	0.00e+00
 1.04935e+16	1.21e-10	1.09e-06	1.48e-03	4.86e-02	2.29e-01	7.21e-01	2.35e-06	0.00e+00
 1.07444e+16	1.52e-10	1.32e-06	1.73e-03	5.33e-02	2.39e-01	7.06e-01	2.33e-06	0.00e+00
 1.09620e+16	1.85e-10	1.55e-06	1.97e-03	5.78e-02	2.47e-01	6.93e-01	2.31e-06	0.00e+00
 1.12111e+16	2.31e-10	1.87e-06	2.29e-03	6.32e-02	2.57e-01	6.77e-01	2.29e-06	0.00e+00
 1.14754e+16	2.81e-10	2.23e-06	2.65e-03	6.91e-02	2.67e-01	6.61e-01	2.26e-06	0.00e+00
 1.17593e+16	3.75e-10	2.82e-06	3.15e-03	7.65e-02	2.79e-01	6.41e-01	2.24e-06	0.00e+00
 1.20387e+16	4.66e-10	3.39e-06	3.67e-03	8.37e-02	2.89e-01	6.23e-01	2.21e-06	0.00e+00
 1.23120e+16	5.72e-10	4.06e-06	4.27e-03	9.15e-02	2.99e-01	6.05e-01	2.18e-06	0.00e+00
 1.26116e+16	7.26e-10	4.97e-06	5.02e-03	1.00e-01	3.10e-01	5.85e-01	2.14e-06	0.00e+00
 1.28895e+16	9.64e-10	6.22e-06	5.87e-03	1.10e-01	3.21e-01	5.63e-01	2.13e-06	0.00e+00
 1.31433e+16	1.17e-09	7.35e-06	6.71e-03	1.19e-01	3.29e-01	5.45e-01	2.10e-06	0.00e+00
 1.34218e+16	1.46e-09	8.83e-06	7.77e-03	1.29e-01	3.38e-01	5.25e-01	2.06e-06	0.00e+00
 1.37301e+16	1.81e-09	1.06e-05	9.09e-03	1.41e-01	3.47e-01	5.03e-01	2.02e-06	0.00e+00
 1.40178e+16	2.39e-09	1.33e-05	1.06e-02	1.53e-01	3.57e-01	4.79e-01	1.99e-06	0.00e+00
 1.42824e+16	2.95e-09	1.59e-05	1.22e-02	1.65e-01	3.64e-01	4.59e-01	1.96e-06	0.00e+00
 1.45762e+16	3.67e-09	1.91e-05	1.41e-02	1.79e-01	3.70e-01	4.37e-01	1.91e-06	0.00e+00
 1.49001e+16	4.88e-09	2.41e-05	1.67e-02	1.95e-01	3.78e-01	4.10e-01	1.86e-06	0.00e+00
 1.51915e+16	5.99e-09	2.87e-05	1.93e-02	2.10e-01	3.82e-01	3.89e-01	1.82e-06	0.00e+00
 1.54577e+16	7.19e-09	3.36e-05	2.20e-02	2.24e-01	3.85e-01	3.68e-01	1.77e-06	0.00e+00
 1.57213e+16	8.83e-09	3.99e-05	2.51e-02	2.40e-01	3.88e-01	3.47e-01	1.72e-06	0.00e+00
 1.59794e+16	1.17e-08	4.97e-05	2.89e-02	2.56e-01	3.90e-01	3.24e-01	1.69e-06	0.00e+00
 1.62210e+16	1.42e-08	5.83e-05	3.27e-02	2.72e-01	3.91e-01	3.05e-01	1.64e-06	0.00e+00
 1.64844e+16	1.76e-08	6.96e-05	3.74e-02	2.89e-01	3.90e-01	2.84e-01	1.60e-06	0.00e+00
 1.67689e+16	2.30e-08	8.61e-05	4.35e-02	3.09e-01	3.87e-01	2.60e-01	1.54e-06	0.00e+00
 1.70132e+16	2.86e-08	1.03e-04	4.93e-02	3.26e-01	3.84e-01	2.41e-01	1.50e-06	0.00e+00
 1.72182e+16	3.46e-08	1.20e-04	5.49e-02	3.41e-01	3.80e-01	2.25e-01	1.46e-06	0.00e+00
 1.74399e+16	4.30e-08	1.42e-04	6.20e-02	3.58e-01	3.74e-01	2.06e-01	1.41e-06	0.00e+00
 1.76776e+16	5.06e-08	1.64e-04	6.98e-02	3.75e-01	3.66e-01	1.89e-01	1.35e-06	0.00e+00
 1.78917e+16	6.18e-08	1.92e-04	7.83e-02	3.91e-01	3.57e-01	1.73e-01	1.30e-06	0.00e+00
 1.80866e+16	7.55e-08	2.25e-04	8.72e-02	4.06e-01	3.49e-01	1.58e-01	1.26e-06	0.00e+00
 1.82684e+16	9.65e-08	2.70e-04	9.71e-02	4.20e-01	3.39e-01	1.43e-01	1.22e-06	0.00e+00
 1.84375e+16	1.12e-07	3.06e-04	1.06e-01	4.33e-01	3.29e-01	1.31e-01	1.17e-06	0.00e+00
 1.86226e+16	1.36e-07	3.56e-04	1.18e-01	4.47e-01	3.17e-01	1.18e-01	1.12e-06	0.00e+00
 1.88214e+16	1.90e-07	4.54e-04	1.34e-01	4.62e-01	3.02e-01	1.02e-01	1.07e-06	0.00e+00
 1.89783e+16	2.25e-07	5.18e-04	1.46e-01	4.72e-01	2.90e-01	9.18e-02	1.03e-06	0.00e+00
 1.91228e+16	2.72e-07	5.98e-04	1.59e-01	4.81e-01	2.77e-01	8.20e-02	9.77e-07	0.00e+00
 1.92834e+16	3.33e-07	6.98e-04	1.75e-01	4.91e-01	2.62e-01	7.19e-02	0.00e+00	0.00e+00
 1.94296e+16	3.78e-07	7.74e-04	1.89e-01	4.98e-01	2.48e-01	6.39e-02	0.00e+00	0.00e+00
 1.95844e+16	4.58e-07	8.98e-04	2.07e-01	5.05e-01	2.32e-01	5.51e-02	0.00e+00	0.00e+00
 1.97389e+16	5.67e-07	1.05e-03	2.27e-01	5.10e-01	2.15e-01	4.69e-02	0.00e+00	0.00e+00
 1.98534e+16	7.21e-07	1.25e-03	2.44e-01	5.13e-01	2.01e-01	4.03e-02	0.00e+00	0.00e+00
 1.99336e+16	8.23e-07	1.37e-03	2.56e-01	5.14e-01	1.92e-01	3.64e-02	0.00e+00	0.00e+00
 2.00090e+16	9.29e-07	1.50e-03	2.68e-01	5.15e-01	1.82e-01	3.28e-02	0.00e+00	0.00e+00
 2.01070e+16	1.08e-06	1.68e-03	2.84e-01	5.15e-01	1.70e-01	2.86e-02	0.00e+00	0.00e+00
 2.02344e+16	1.32e-06	1.95e-03	3.06e-01	5.14e-01	1.55e-01	2.35e-02	0.00e+00	0.00e+00
 2.03414e+16	1.51e-06	2.15e-03	3.23e-01	5.12e-01	1.42e-01	2.00e-02	0.00e+00	0.00e+00
 2.04007e+16	1.79e-06	2.42e-03	3.37e-01	5.09e-01	1.34e-01	1.76e-02	0.00e+00	0.00e+00
 2.04421e+16	1.92e-06	2.54e-03	3.44e-01	5.07e-01	1.29e-01	1.63e-02	0.00e+00	0.00e+00
 2.04812e+16	2.06e-06	2.67e-03	3.52e-01	5.06e-01	1.24e-01	1.52e-02	0.00e+00	0.00e+00
 2.05320e+16	2.18e-06	2.79e-03	3.61e-01	5.04e-01	1.19e-01	1.39e-02	0.00e+00	0.00e+00
 2.05981e+16	2.51e-06	3.08e-03	3.75e-01	5.00e-01	1.10e-01	1.20e-02	0.00e+00	0.00e+00
 2.06638e+16	2.82e-06	3.35e-03	3.88e-01	4.95e-01	1.03e-01	1.04e-02	0.00e+00	0.00e+00
 2.07164e+16	3.12e-06	3.60e-03	3.99e-01	4.91e-01	9.65e-02	9.27e-03	0.00e+00	0.00e+00
 2.07720e+16	3.52e-06	3.92e-03	4.12e-01	4.86e-01	8.99e-02	8.05e-03	0.00e+00	0.00e+00
 2.08311e+16	3.77e-06	4.12e-03	4.23e-01	4.82e-01	8.40e-02	7.11e-03	0.00e+00	0.00e+00
 2.08945e+16	4.38e-06	4.58e-03	4.37e-01	4.75e-01	7.68e-02	5.96e-03	0.00e+00	0.00e+00
 2.09559e+16	4.80e-06	4.88e-03	4.50e-01	4.70e-01	7.09e-02	5.13e-03	0.00e+00	0.00e+00
 2.10146e+16	5.39e-06	5.30e-03	4.62e-01	4.63e-01	6.50e-02	4.35e-03	0.00e+00	0.00e+00
 2.10777e+16	6.10e-06	5.78e-03	4.76e-01	4.55e-01	5.91e-02	3.63e-03	0.00e+00	0.00e+00
 2.11329e+16	6.85e-06	6.26e-03	4.88e-01	4.48e-01	5.42e-02	3.07e-03	0.00e+00	0.00e+00
 2.11827e+16	7.60e-06	6.73e-03	4.99e-01	4.41e-01	4.99e-02	2.63e-03	0.00e+00	0.00e+00
 2.12386e+16	8.51e-06	7.28e-03	5.12e-01	4.33e-01	4.54e-02	2.19e-03	0.00e+00	0.00e+00
 2.13113e+16	1.02e-05	8.25e-03	5.29e-01	4.21e-01	3.96e-02	1.68e-03	0.00e+00	0.00e+00
 2.13791e+16	1.17e-05	9.04e-03	5.43e-01	4.11e-01	3.51e-02	1.34e-03	0.00e+00	0.00e+00
 2.14307e+16	1.31e-05	9.77e-03	5.55e-01	4.03e-01	3.18e-02	1.11e-03	0.00e+00	0.00e+00
 2.14879e+16	1.47e-05	1.06e-02	5.66e-01	3.94e-01	2.85e-02	9.01e-04	0.00e+00	0.00e+00
 2.15623e+16	1.73e-05	1.18e-02	5.82e-01	3.81e-01	2.45e-02	6.75e-04	0.00e+00	0.00e+00
 2.16392e+16	2.03e-05	1.32e-02	5.98e-01	3.68e-01	2.10e-02	5.04e-04	0.00e+00	0.00e+00
 2.16933e+16	2.23e-05	1.41e-02	6.07e-01	3.59e-01	1.89e-02	4.15e-04	0.00e+00	0.00e+00
 2.17318e+16	2.47e-05	1.51e-02	6.16e-01	3.51e-01	1.73e-02	3.50e-04	0.00e+00	0.00e+00
 2.17760e+16	2.67e-05	1.59e-02	6.24e-01	3.44e-01	1.58e-02	2.95e-04	0.00e+00	0.00e+00
 2.18334e+16	3.07e-05	1.75e-02	6.35e-01	3.33e-01	1.38e-02	2.30e-04	0.00e+00	0.00e+00
 2.18899e+16	3.45e-05	1.89e-02	6.46e-01	3.23e-01	1.22e-02	1.83e-04	0.00e+00	0.00e+00
 2.19354e+16	3.80e-05	2.02e-02	6.54e-01	3.15e-01	1.11e-02	1.51e-04	0.00e+00	0.00e+00
 2.19847e+16	4.22e-05	2.17e-02	6.62e-01	3.06e-01	9.87e-03	1.22e-04	0.00e+00	0.00e+00
 2.20487e+16	4.84e-05	2.38e-02	6.73e-01	2.94e-01	8.51e-03	9.26e-05	0.00e+00	0.00e+00
 2.21143e+16	5.58e-05	2.62e-02	6.84e-01	2.82e-01	7.32e-03	6.99e-05	0.00e+00	0.00e+00
 2.21666e+16	6.26e-05	2.83e-02	6.93e-01	2.72e-01	6.48e-03	5.58e-05	0.00e+00	0.00e+00
 2.22126e+16	6.92e-05	3.02e-02	7.00e-01	2.64e-01	5.81e-03	4.56e-05	0.00e+00	0.00e+00
 2.22655e+16	7.70e-05	3.25e-02	7.07e-01	2.55e-01	5.13e-03	3.63e-05	0.00e+00	0.00e+00
 2.23344e+16	8.99e-05	3.61e-02	7.17e-01	2.42e-01	4.32e-03	2.65e-05	0.00e+00	0.00e+00
 2.24017e+16	1.04e-04	3.97e-02	7.26e-01	2.30e-01	3.68e-03	1.98e-05	0.00e+00	0.00e+00
 2.24533e+16	1.18e-04	4.32e-02	7.33e-01	2.20e-01	3.23e-03	1.56e-05	0.00e+00	0.00e+00
 2.24984e+16	1.30e-04	4.62e-02	7.38e-01	2.12e-01	2.88e-03	1.27e-05	0.00e+00	0.00e+00
 2.25489e+16	1.46e-04	4.99e-02	7.44e-01	2.03e-01	2.53e-03	1.01e-05	0.00e+00	0.00e+00
 2.26145e+16	1.70e-04	5.51e-02	7.51e-01	1.92e-01	2.13e-03	7.43e-06	0.00e+00	0.00e+00
 2.26815e+16	1.98e-04	6.11e-02	7.57e-01	1.80e-01	1.79e-03	5.49e-06	0.00e+00	0.00e+00
 2.27347e+16	2.27e-04	6.68e-02	7.61e-01	1.70e-01	1.55e-03	4.25e-06	0.00e+00	0.00e+00
 2.27793e+16	2.53e-04	7.18e-02	7.64e-01	1.63e-01	1.37e-03	3.44e-06	0.00e+00	0.00e+00
 2.28280e+16	2.85e-04	7.76e-02	7.67e-01	1.54e-01	1.19e-03	2.71e-06	0.00e+00	0.00e+00
 2.28912e+16	3.33e-04	8.60e-02	7.69e-01	1.44e-01	9.93e-04	1.99e-06	0.00e+00	0.00e+00
 2.29555e+16	3.93e-04	9.58e-02	7.70e-01	1.33e-01	8.24e-04	1.46e-06	0.00e+00	0.00e+00
 2.30058e+16	4.51e-04	1.05e-01	7.70e-01	1.24e-01	7.05e-04	1.12e-06	0.00e+00	0.00e+00
 2.30475e+16	5.04e-04	1.13e-01	7.69e-01	1.17e-01	6.18e-04	9.06e-07	0.00e+00	0.00e+00
 2.30932e+16	5.70e-04	1.22e-01	7.67e-01	1.10e-01	5.33e-04	0.00e+00	0.00e+00	0.00e+00
 2.31526e+16	6.70e-04	1.36e-01	7.63e-01	1.00e-01	4.38e-04	0.00e+00	0.00e+00	0.00e+00
 2.32131e+16	7.99e-04	1.52e-01	7.56e-01	9.09e-02	3.56e-04	0.00e+00	0.00e+00	0.00e+00
 2.32606e+16	9.22e-04	1.67e-01	7.48e-01	8.34e-02	2.99e-04	0.00e+00	0.00e+00	0.00e+00
 2.33000e+16	1.04e-03	1.80e-01	7.41e-01	7.75e-02	2.58e-04	0.00e+00	0.00e+00	0.00e+00
 2.33436e+16	1.18e-03	1.96e-01	7.32e-01	7.10e-02	2.17e-04	0.00e+00	0.00e+00	0.00e+00
 2.34003e+16	1.41e-03	2.18e-01	7.17e-01	6.30e-02	1.73e-04	0.00e+00	0.00e+00	0.00e+00
 2.34584e+16	1.71e-03	2.46e-01	6.97e-01	5.48e-02	1.34e-04	0.00e+00	0.00e+00	0.00e+00
 2.35044e+16	2.00e-03	2.71e-01	6.78e-01	4.87e-02	1.08e-04	0.00e+00	0.00e+00	0.00e+00
 2.35440e+16	2.28e-03	2.94e-01	6.60e-01	4.35e-02	8.92e-05	0.00e+00	0.00e+00	0.00e+00
 2.35894e+16	2.67e-03	3.23e-01	6.36e-01	3.80e-02	7.06e-05	0.00e+00	0.00e+00	0.00e+00
 2.36484e+16	3.27e-03	3.64e-01	6.01e-01	3.13e-02	5.11e-05	0.00e+00	0.00e+00	0.00e+00
 2.37086e+16	4.09e-03	4.14e-01	5.57e-01	2.49e-02	3.53e-05	0.00e+00	0.00e+00	0.00e+00
 2.37545e+16	4.91e-03	4.58e-01	5.17e-01	2.03e-02	2.57e-05	0.00e+00	0.00e+00	0.00e+00
 2.37904e+16	5.65e-03	4.93e-01	4.84e-01	1.70e-02	1.97e-05	0.00e+00	0.00e+00	0.00e+00
 2.38290e+16	6.55e-03	5.33e-01	4.47e-01	1.39e-02	1.46e-05	0.00e+00	0.00e+00	0.00e+00
 2.38793e+16	7.94e-03	5.86e-01	3.96e-01	1.04e-02	9.51e-06	0.00e+00	0.00e+00	0.00e+00
 2.39271e+16	9.70e-03	6.42e-01	3.41e-01	7.49e-03	5.95e-06	0.00e+00	0.00e+00	0.00e+00
 2.39584e+16	1.11e-02	6.80e-01	3.03e-01	5.83e-03	4.20e-06	0.00e+00	0.00e+00	0.00e+00
 2.39812e+16	1.23e-02	7.07e-01	2.76e-01	4.82e-03	3.23e-06	0.00e+00	0.00e+00	0.00e+00
 2.40058e+16	1.35e-02	7.34e-01	2.48e-01	3.87e-03	2.39e-06	0.00e+00	0.00e+00	0.00e+00
 2.40379e+16	1.55e-02	7.68e-01	2.14e-01	2.85e-03	1.58e-06	0.00e+00	0.00e+00	0.00e+00
 2.40718e+16	1.79e-02	8.03e-01	1.77e-01	1.98e-03	9.74e-07	0.00e+00	0.00e+00	0.00e+00
 2.40993e+16	2.03e-02	8.30e-01	1.48e-01	1.41e-03	0.00e+00	0.00e+00	0.00e+00	0.00e+00
 2.41205e+16	2.24e-02	8.48e-01	1.28e-01	1.07e-03	0.00e+00	0.00e+00	0.00e+00	0.00e+00
 2.41428e+16	2.48e-02	8.65e-01	1.09e-01	7.92e-04	0.00e+00	0.00e+00	0.00e+00	0.00e+00
 2.41718e+16	2.82e-02	8.84e-01	8.71e-02	5.22e-04	0.00e+00	0.00e+00	0.00e+00	0.00e+00
 2.42014e+16	3.25e-02	9.00e-01	6.69e-02	3.23e-04	0.00e+00	0.00e+00	0.00e+00	0.00e+00
 2.42238e+16	3.63e-02	9.10e-01	5.34e-02	2.16e-04	0.00e+00	0.00e+00	0.00e+00	0.00e+00
 2.42411e+16	3.97e-02	9.16e-01	4.47e-02	1.56e-04	0.00e+00	0.00e+00	0.00e+00	0.00e+00
 2.42597e+16	4.35e-02	9.20e-01	3.66e-02	1.09e-04	0.00e+00	0.00e+00	0.00e+00	0.00e+00
 2.42838e+16	4.91e-02	9.23e-01	2.80e-02	6.72e-05	0.00e+00	0.00e+00	0.00e+00	0.00e+00
 2.43075e+16	5.56e-02	9.24e-01	2.08e-02	3.99e-05	0.00e+00	0.00e+00	0.00e+00	0.00e+00
 2.43245e+16	6.10e-02	9.22e-01	1.65e-02	2.67e-05	0.00e+00	0.00e+00	0.00e+00	0.00e+00
 2.43377e+16	6.55e-02	9.21e-01	1.38e-02	1.95e-05	0.00e+00	0.00e+00	0.00e+00	0.00e+00
 2.43516e+16	7.05e-02	9.18e-01	1.14e-02	1.39e-05	0.00e+00	0.00e+00	0.00e+00	0.00e+00
 2.43683e+16	7.70e-02	9.14e-01	8.97e-03	9.14e-06	0.00e+00	0.00e+00	0.00e+00	0.00e+00
 2.43851e+16	8.41e-02	9.09e-01	6.97e-03	5.91e-06	0.00e+00	0.00e+00	0.00e+00	0.00e+00
 2.43990e+16	9.04e-02	9.04e-01	5.62e-03	4.09e-06	0.00e+00	0.00e+00	0.00e+00	0.00e+00
 2.44102e+16	9.58e-02	8.99e-01	4.71e-03	3.03e-06	0.00e+00	0.00e+00	0.00e+00	0.00e+00
 2.44206e+16	1.01e-01	8.95e-01	3.99e-03	2.28e-06	0.00e+00	0.00e+00	0.00e+00	0.00e+00
 2.44313e+16	1.07e-01	8.90e-01	3.36e-03	1.71e-06	0.00e+00	0.00e+00	0.00e+00	0.00e+00
 2.44399e+16	1.11e-01	8.86e-01	2.92e-03	1.37e-06	0.00e+00	0.00e+00	0.00e+00	0.00e+00
 2.44455e+16	1.14e-01	8.83e-01	2.67e-03	1.18e-06	0.00e+00	0.00e+00	0.00e+00	0.00e+00
 2.44504e+16	1.17e-01	8.81e-01	2.46e-03	1.04e-06	0.00e+00	0.00e+00	0.00e+00	0.00e+00
 2.44563e+16	1.20e-01	8.78e-01	2.23e-03	8.86e-07	0.00e+00	0.00e+00	0.00e+00	0.00e+00
 2.44630e+16	1.24e-01	8.74e-01	1.99e-03	0.00e+00	0.00e+00	0.00e+00	0.00e+00	0.00e+00
 2.44696e+16	1.28e-01	8.71e-01	1.79e-03	0.00e+00	0.00e+00	0.00e+00	0.00e+00	0.00e+00
 2.44757e+16	1.31e-01	8.67e-01	1.62e-03	0.00e+00	0.00e+00	0.00e+00	0.00e+00	0.00e+00
 2.44816e+16	1.35e-01	8.64e-01	1.46e-03	0.00e+00	0.00e+00	0.00e+00	0.00e+00	0.00e+00
 2.44878e+16	1.38e-01	8.60e-01	1.32e-03	0.00e+00	0.00e+00	0.00e+00	0.00e+00	0.00e+00
 2.44942e+16	1.42e-01	8.57e-01	1.19e-03	0.00e+00	0.00e+00	0.00e+00	0.00e+00	0.00e+00
 2.45005e+16	1.46e-01	8.53e-01	1.07e-03	0.00e+00	0.00e+00	0.00e+00	0.00e+00	0.00e+00
 2.45068e+16	1.50e-01	8.49e-01	9.66e-04	0.00e+00	0.00e+00	0.00e+00	0.00e+00	0.00e+00
 2.45131e+16	1.54e-01	8.46e-01	8.70e-04	0.00e+00	0.00e+00	0.00e+00	0.00e+00	0.00e+00
 2.45197e+16	1.57e-01	8.42e-01	7.82e-04	0.00e+00	0.00e+00	0.00e+00	0.00e+00	0.00e+00
 2.45262e+16	1.61e-01	8.38e-01	7.05e-04	0.00e+00	0.00e+00	0.00e+00	0.00e+00	0.00e+00
 2.45329e+16	1.66e-01	8.34e-01	6.33e-04	0.00e+00	0.00e+00	0.00e+00	0.00e+00	0.00e+00
 2.45398e+16	1.70e-01	8.30e-01	5.69e-04	0.00e+00	0.00e+00	0.00e+00	0.00e+00	0.00e+00
 2.45468e+16	1.74e-01	8.26e-01	5.12e-04	0.00e+00	0.00e+00	0.00e+00	0.00e+00	0.00e+00
 2.45538e+16	1.78e-01	8.22e-01	4.61e-04	0.00e+00	0.00e+00	0.00e+00	0.00e+00	0.00e+00
 2.45612e+16	1.82e-01	8.17e-01	4.13e-04	0.00e+00	0.00e+00	0.00e+00	0.00e+00	0.00e+00
 2.45689e+16	1.87e-01	8.13e-01	3.71e-04	0.00e+00	0.00e+00	0.00e+00	0.00e+00	0.00e+00
 2.45769e+16	1.91e-01	8.08e-01	3.33e-04	0.00e+00	0.00e+00	0.00e+00	0.00e+00	0.00e+00
 2.45852e+16	1.96e-01	8.04e-01	3.00e-04	0.00e+00	0.00e+00	0.00e+00	0.00e+00	0.00e+00
 2.45939e+16	2.00e-01	8.00e-01	2.70e-04	0.00e+00	0.00e+00	0.00e+00	0.00e+00	0.00e+00
 2.46030e+16	2.05e-01	7.95e-01	2.44e-04	0.00e+00	0.00e+00	0.00e+00	0.00e+00	0.00e+00
 2.46126e+16	2.10e-01	7.90e-01	2.21e-04	0.00e+00	0.00e+00	0.00e+00	0.00e+00	0.00e+00
