#depth	He	He+	He+2
 1.49634e+10	9.49e-20	5.34e-10	1.00e+00
 4.54887e+10	1.10e-19	5.88e-10	1.00e+00
 7.72350e+10	1.27e-19	6.48e-10	1.00e+00
 1.10251e+11	1.47e-19	7.13e-10	1.00e+00
 1.40139e+11	1.66e-19	7.77e-10	1.00e+00
 1.65086e+11	1.83e-19	8.31e-10	1.00e+00
 1.92436e+11	2.02e-19	8.95e-10	1.00e+00
 2.27016e+11	2.29e-19	9.79e-10	1.00e+00
 2.63051e+11	2.60e-19	1.07e-09	1.00e+00
 2.93847e+11	2.88e-19	1.16e-09	1.00e+00
 3.25778e+11	3.19e-19	1.25e-09	1.00e+00
 3.65665e+11	3.61e-19	1.37e-09	1.00e+00
 4.06110e+11	4.08e-19	1.49e-09	1.00e+00
 4.41209e+11	4.52e-19	1.61e-09	1.00e+00
 4.79148e+11	5.02e-19	1.74e-09	1.00e+00
 5.25566e+11	5.70e-19	1.91e-09	1.00e+00
 5.72901e+11	6.45e-19	2.09e-09	1.00e+00
 6.16083e+11	7.19e-19	2.27e-09	1.00e+00
 6.63974e+11	8.08e-19	2.47e-09	1.00e+00
 7.19827e+11	9.22e-19	2.71e-09	1.00e+00
 7.75216e+11	1.05e-18	2.97e-09	1.00e+00
 8.28074e+11	1.18e-18	3.23e-09	1.00e+00
 8.86377e+11	1.34e-18	3.52e-09	1.00e+00
 9.51759e+11	1.54e-18	3.87e-09	1.00e+00
 1.01739e+12	1.77e-18	4.24e-09	1.00e+00
 1.07614e+12	1.99e-18	4.59e-09	1.00e+00
 1.12592e+12	2.20e-18	4.89e-09	1.00e+00
 1.17958e+12	2.44e-18	5.22e-09	1.00e+00
 1.24906e+12	2.79e-18	5.68e-09	1.00e+00
 1.32130e+12	3.19e-18	6.17e-09	1.00e+00
 1.38297e+12	3.57e-18	6.60e-09	1.00e+00
 1.44873e+12	4.02e-18	7.09e-09	1.00e+00
 1.53059e+12	4.63e-18	7.72e-09	1.00e+00
 1.61494e+12	5.34e-18	8.39e-09	1.00e+00
 1.69082e+12	6.06e-18	9.02e-09	1.00e+00
 1.77412e+12	6.92e-18	9.74e-09	1.00e+00
 1.86508e+12	7.98e-18	1.05e-08	1.00e+00
 1.94801e+12	9.05e-18	1.13e-08	1.00e+00
 2.03783e+12	1.03e-17	1.22e-08	1.00e+00
 2.13835e+12	1.19e-17	1.32e-08	1.00e+00
 2.23336e+12	1.36e-17	1.42e-08	1.00e+00
 2.33745e+12	1.57e-17	1.53e-08	1.00e+00
 2.45264e+12	1.82e-17	1.67e-08	1.00e+00
 2.55971e+12	2.09e-17	1.79e-08	1.00e+00
 2.67638e+12	2.41e-17	1.93e-08	1.00e+00
 2.80704e+12	2.82e-17	2.10e-08	1.00e+00
 2.93072e+12	3.25e-17	2.26e-08	1.00e+00
 3.06442e+12	3.77e-17	2.45e-08	1.00e+00
 3.21333e+12	4.42e-17	2.66e-08	1.00e+00
 3.35657e+12	5.12e-17	2.88e-08	1.00e+00
 3.50914e+12	5.96e-17	3.11e-08	1.00e+00
 3.67943e+12	7.02e-17	3.39e-08	1.00e+00
 3.84996e+12	8.22e-17	3.68e-08	1.00e+00
 4.02730e+12	9.62e-17	3.99e-08	1.00e+00
 4.21832e+12	1.13e-16	4.34e-08	1.00e+00
 4.41698e+12	1.33e-16	4.72e-08	1.00e+00
 4.61214e+12	1.55e-16	5.11e-08	1.00e+00
 4.79408e+12	1.79e-16	5.48e-08	1.00e+00
 4.95856e+12	2.02e-16	5.83e-08	1.00e+00
 5.13432e+12	2.29e-16	6.22e-08	1.00e+00
 5.35329e+12	2.66e-16	6.72e-08	1.00e+00
 5.57243e+12	3.08e-16	7.23e-08	1.00e+00
 5.75992e+12	3.47e-16	7.69e-08	1.00e+00
 5.96230e+12	3.93e-16	8.19e-08	1.00e+00
 6.21319e+12	4.57e-16	8.85e-08	1.00e+00
 6.46525e+12	5.29e-16	9.53e-08	1.00e+00
 6.68276e+12	5.97e-16	1.01e-07	1.00e+00
 6.91725e+12	6.78e-16	1.08e-07	1.00e+00
 7.20574e+12	7.88e-16	1.17e-07	1.00e+00
 7.49718e+12	9.13e-16	1.25e-07	1.00e+00
 7.75485e+12	1.03e-15	1.34e-07	1.00e+00
 8.03590e+12	1.18e-15	1.43e-07	1.00e+00
 8.37361e+12	1.37e-15	1.54e-07	1.00e+00
 8.71053e+12	1.59e-15	1.66e-07	1.00e+00
 9.01673e+12	1.81e-15	1.77e-07	1.00e+00
 9.35744e+12	2.08e-15	1.90e-07	1.00e+00
 9.75598e+12	2.43e-15	2.05e-07	1.00e+00
 1.01492e+13	2.81e-15	2.21e-07	1.00e+00
 1.05201e+13	3.22e-15	2.37e-07	1.00e+00
 1.09330e+13	3.72e-15	2.55e-07	1.00e+00
 1.14002e+13	4.35e-15	2.76e-07	1.00e+00
 1.18682e+13	5.06e-15	2.97e-07	1.00e+00
 1.23549e+13	5.89e-15	3.21e-07	1.00e+00
 1.28790e+13	6.89e-15	3.48e-07	1.00e+00
 1.33855e+13	7.97e-15	3.74e-07	1.00e+00
 1.38603e+13	9.10e-15	4.00e-07	1.00e+00
 1.43927e+13	1.05e-14	4.30e-07	1.00e+00
 1.49299e+13	1.21e-14	4.62e-07	1.00e+00
 1.53743e+13	1.35e-14	4.88e-07	1.00e+00
 1.58435e+13	1.51e-14	5.18e-07	1.00e+00
 1.64458e+13	1.75e-14	5.57e-07	1.00e+00
 1.70787e+13	2.02e-14	5.99e-07	1.00e+00
 1.76361e+13	2.28e-14	6.38e-07	1.00e+00
 1.82381e+13	2.60e-14	6.81e-07	1.00e+00
 1.89648e+13	3.02e-14	7.36e-07	1.00e+00
 1.97024e+13	3.50e-14	7.93e-07	1.00e+00
 2.03898e+13	4.00e-14	8.48e-07	1.00e+00
 2.11555e+13	4.62e-14	9.13e-07	1.00e+00
 2.19715e+13	5.35e-14	9.84e-07	1.00e+00
 2.26967e+13	6.07e-14	1.05e-06	1.00e+00
 2.34756e+13	6.92e-14	1.12e-06	1.00e+00
 2.44092e+13	8.06e-14	1.21e-06	1.00e+00
 2.53274e+13	9.31e-14	1.31e-06	1.00e+00
 2.61438e+13	1.05e-13	1.39e-06	1.00e+00
 2.70442e+13	1.20e-13	1.49e-06	1.00e+00
 2.81192e+13	1.40e-13	1.62e-06	1.00e+00
 2.91877e+13	1.62e-13	1.74e-06	1.00e+00
 3.01634e+13	1.84e-13	1.86e-06	1.00e+00
 3.12519e+13	2.12e-13	2.00e-06	1.00e+00
 3.25195e+13	2.47e-13	2.17e-06	1.00e+00
 3.37644e+13	2.86e-13	2.34e-06	1.00e+00
 3.49389e+13	3.27e-13	2.51e-06	1.00e+00
 3.62461e+13	3.77e-13	2.70e-06	1.00e+00
 3.77259e+13	4.40e-13	2.93e-06	1.00e+00
 3.92062e+13	5.11e-13	3.17e-06	1.00e+00
 4.05933e+13	5.84e-13	3.40e-06	1.00e+00
 4.20946e+13	6.71e-13	3.66e-06	1.00e+00
 4.37736e+13	7.80e-13	3.96e-06	1.00e+00
 4.53440e+13	8.92e-13	4.25e-06	1.00e+00
 4.68007e+13	1.01e-12	4.53e-06	1.00e+00
 4.82030e+13	1.13e-12	4.81e-06	1.00e+00
 4.97605e+13	1.27e-12	5.13e-06	1.00e+00
 5.14849e+13	1.44e-12	5.49e-06	1.00e+00
 5.30928e+13	1.62e-12	5.84e-06	1.00e+00
 5.48496e+13	1.83e-12	6.24e-06	1.00e+00
 5.68254e+13	2.09e-12	6.70e-06	1.00e+00
 5.87063e+13	2.36e-12	7.16e-06	1.00e+00
 6.07717e+13	2.69e-12	7.67e-06	1.00e+00
 6.30478e+13	3.08e-12	8.26e-06	1.00e+00
 6.51422e+13	3.47e-12	8.83e-06	1.00e+00
 6.74092e+13	3.94e-12	9.46e-06	1.00e+00
 6.99450e+13	4.52e-12	1.02e-05	1.00e+00
 7.23325e+13	5.11e-12	1.09e-05	1.00e+00
 7.49383e+13	5.82e-12	1.17e-05	1.00e+00
 7.78334e+13	6.69e-12	1.27e-05	1.00e+00
 8.05370e+13	7.59e-12	1.36e-05	1.00e+00
 8.34697e+13	8.66e-12	1.46e-05	1.00e+00
 8.67487e+13	9.98e-12	1.58e-05	1.00e+00
 8.98687e+13	1.14e-11	1.70e-05	1.00e+00
 9.32032e+13	1.30e-11	1.83e-05	1.00e+00
 9.69613e+13	1.51e-11	1.99e-05	1.00e+00
 1.00671e+14	1.73e-11	2.15e-05	1.00e+00
 1.04528e+14	2.00e-11	2.32e-05	1.00e+00
 1.08739e+14	2.32e-11	2.52e-05	1.00e+00
 1.12906e+14	2.67e-11	2.73e-05	1.00e+00
 1.16376e+14	2.99e-11	2.91e-05	1.00e+00
 1.19174e+14	3.28e-11	3.06e-05	1.00e+00
 1.22275e+14	3.62e-11	3.23e-05	1.00e+00
 1.26307e+14	4.10e-11	3.46e-05	1.00e+00
 1.30631e+14	4.68e-11	3.72e-05	1.00e+00
 1.34470e+14	5.24e-11	3.96e-05	1.00e+00
 1.38595e+14	5.90e-11	4.23e-05	1.00e+00
 1.43760e+14	6.82e-11	4.58e-05	1.00e+00
 1.48996e+14	7.87e-11	4.95e-05	1.00e+00
 1.53534e+14	8.88e-11	5.28e-05	1.00e+00
 1.58447e+14	1.01e-10	5.67e-05	1.00e+00
 1.64463e+14	1.17e-10	6.15e-05	1.00e+00
 1.70549e+14	1.36e-10	6.67e-05	1.00e+00
 1.75977e+14	1.55e-10	7.15e-05	1.00e+00
 1.81915e+14	1.78e-10	7.70e-05	1.00e+00
 1.88991e+14	2.09e-10	8.39e-05	1.00e+00
 1.95982e+14	2.43e-10	9.10e-05	1.00e+00
 2.02315e+14	2.78e-10	9.77e-05	1.00e+00
 2.09359e+14	3.21e-10	1.06e-04	1.00e+00
 2.17622e+14	3.79e-10	1.15e-04	1.00e+00
 2.25760e+14	4.43e-10	1.25e-04	1.00e+00
 2.33348e+14	5.11e-10	1.35e-04	1.00e+00
 2.41836e+14	5.95e-10	1.46e-04	1.00e+00
 2.51539e+14	7.05e-10	1.60e-04	1.00e+00
 2.61127e+14	8.29e-10	1.74e-04	1.00e+00
 2.71098e+14	9.74e-10	1.89e-04	1.00e+00
 2.80156e+14	1.12e-09	2.04e-04	1.00e+00
 2.86933e+14	1.25e-09	2.15e-04	1.00e+00
 2.93945e+14	1.38e-09	2.27e-04	1.00e+00
 3.03061e+14	1.58e-09	2.43e-04	1.00e+00
 3.12970e+14	1.81e-09	2.61e-04	1.00e+00
 3.21940e+14	2.05e-09	2.78e-04	1.00e+00
 3.31633e+14	2.33e-09	2.98e-04	1.00e+00
 3.43869e+14	2.73e-09	3.23e-04	1.00e+00
 3.56190e+14	3.18e-09	3.49e-04	1.00e+00
 3.66599e+14	3.60e-09	3.72e-04	1.00e+00
 3.77739e+14	4.10e-09	3.98e-04	1.00e+00
 3.91732e+14	4.81e-09	4.31e-04	1.00e+00
 4.06406e+14	5.64e-09	4.68e-04	1.00e+00
 4.19692e+14	6.48e-09	5.03e-04	9.99e-01
 4.34200e+14	7.50e-09	5.42e-04	9.99e-01
 4.51263e+14	8.86e-09	5.90e-04	9.99e-01
 4.67956e+14	1.04e-08	6.39e-04	9.99e-01
 4.83256e+14	1.19e-08	6.85e-04	9.99e-01
 5.00435e+14	1.38e-08	7.40e-04	9.99e-01
 5.20363e+14	1.64e-08	8.06e-04	9.99e-01
 5.39886e+14	1.92e-08	8.73e-04	9.99e-01
 5.58453e+14	2.22e-08	9.39e-04	9.99e-01
 5.79084e+14	2.59e-08	1.02e-03	9.99e-01
 5.98584e+14	2.98e-08	1.09e-03	9.99e-01
 6.13147e+14	3.31e-08	1.15e-03	9.99e-01
 6.27941e+14	3.66e-08	1.21e-03	9.99e-01
 6.47174e+14	4.17e-08	1.29e-03	9.99e-01
 6.68114e+14	4.77e-08	1.38e-03	9.99e-01
 6.87036e+14	5.37e-08	1.47e-03	9.99e-01
 7.07398e+14	6.08e-08	1.56e-03	9.98e-01
 7.33300e+14	7.09e-08	1.69e-03	9.98e-01
 7.59390e+14	8.21e-08	1.82e-03	9.98e-01
 7.81146e+14	9.25e-08	1.93e-03	9.98e-01
 8.04280e+14	1.05e-07	2.05e-03	9.98e-01
 8.33719e+14	1.22e-07	2.22e-03	9.98e-01
 8.64571e+14	1.42e-07	2.39e-03	9.98e-01
 8.91670e+14	1.61e-07	2.55e-03	9.97e-01
 9.20671e+14	1.85e-07	2.73e-03	9.97e-01
 9.55819e+14	2.16e-07	2.96e-03	9.97e-01
 9.90777e+14	2.51e-07	3.19e-03	9.97e-01
 1.02175e+15	2.85e-07	3.40e-03	9.97e-01
 1.05572e+15	3.27e-07	3.64e-03	9.96e-01
 1.09301e+15	3.77e-07	3.92e-03	9.96e-01
 1.12711e+15	4.28e-07	4.17e-03	9.96e-01
 1.15630e+15	4.75e-07	4.40e-03	9.96e-01
 1.18661e+15	5.29e-07	4.65e-03	9.95e-01
 1.22602e+15	6.06e-07	4.98e-03	9.95e-01
 1.26564e+15	6.91e-07	5.32e-03	9.95e-01
 1.29748e+15	7.65e-07	5.60e-03	9.94e-01
 1.33080e+15	8.50e-07	5.90e-03	9.94e-01
 1.37413e+15	9.73e-07	6.31e-03	9.94e-01
 1.41917e+15	1.11e-06	6.75e-03	9.93e-01
 1.45762e+15	1.24e-06	7.13e-03	9.93e-01
 1.49879e+15	1.39e-06	7.56e-03	9.92e-01
 1.55230e+15	1.62e-06	8.14e-03	9.92e-01
 1.60688e+15	1.86e-06	8.74e-03	9.91e-01
 1.65114e+15	2.08e-06	9.24e-03	9.91e-01
 1.69696e+15	2.33e-06	9.79e-03	9.90e-01
 1.75653e+15	2.70e-06	1.05e-02	9.89e-01
 1.81821e+15	3.11e-06	1.13e-02	9.89e-01
 1.87014e+15	3.49e-06	1.20e-02	9.88e-01
 1.92516e+15	3.95e-06	1.28e-02	9.87e-01
 1.98458e+15	4.48e-06	1.36e-02	9.86e-01
 2.03783e+15	4.99e-06	1.44e-02	9.86e-01
 2.08505e+15	5.48e-06	1.51e-02	9.85e-01
 2.13634e+15	6.08e-06	1.59e-02	9.84e-01
 2.19295e+15	6.78e-06	1.69e-02	9.83e-01
 2.24784e+15	7.51e-06	1.78e-02	9.82e-01
 2.30122e+15	8.28e-06	1.87e-02	9.81e-01
 2.36123e+15	9.26e-06	1.99e-02	9.80e-01
 2.42829e+15	1.04e-05	2.11e-02	9.79e-01
 2.49179e+15	1.16e-05	2.24e-02	9.78e-01
 2.55014e+15	1.28e-05	2.36e-02	9.76e-01
 2.61455e+15	1.43e-05	2.51e-02	9.75e-01
 2.68436e+15	1.60e-05	2.67e-02	9.73e-01
 2.75002e+15	1.77e-05	2.83e-02	9.72e-01
 2.81406e+15	1.96e-05	2.99e-02	9.70e-01
 2.88713e+15	2.21e-05	3.20e-02	9.68e-01
 2.96718e+15	2.49e-05	3.44e-02	9.66e-01
 3.04139e+15	2.79e-05	3.67e-02	9.63e-01
 3.10949e+15	3.09e-05	3.90e-02	9.61e-01
 3.18452e+15	3.49e-05	4.19e-02	9.58e-01
 3.26349e+15	3.91e-05	4.50e-02	9.55e-01
 3.33349e+15	4.35e-05	4.81e-02	9.52e-01
 3.41042e+15	4.93e-05	5.19e-02	9.48e-01
 3.49132e+15	5.58e-05	5.62e-02	9.44e-01
 3.55319e+15	6.12e-05	5.97e-02	9.40e-01
 3.60067e+15	6.60e-05	6.27e-02	9.37e-01
 3.65363e+15	7.22e-05	6.65e-02	9.33e-01
 3.71251e+15	7.96e-05	7.09e-02	9.29e-01
 3.76767e+15	8.72e-05	7.53e-02	9.25e-01
 3.82801e+15	9.75e-05	8.09e-02	9.19e-01
 3.88902e+15	1.08e-04	8.69e-02	9.13e-01
 3.94045e+15	1.19e-04	9.26e-02	9.07e-01
 3.98857e+15	1.30e-04	9.85e-02	9.01e-01
 4.04288e+15	1.44e-04	1.06e-01	8.94e-01
 4.11347e+15	1.68e-04	1.17e-01	8.83e-01
 4.17560e+15	1.89e-04	1.27e-01	8.73e-01
 4.21726e+15	2.07e-04	1.35e-01	8.65e-01
 4.26193e+15	2.28e-04	1.45e-01	8.55e-01
 4.32001e+15	2.63e-04	1.59e-01	8.41e-01
 4.37397e+15	2.98e-04	1.74e-01	8.26e-01
 4.41318e+15	3.27e-04	1.86e-01	8.14e-01
 4.45475e+15	3.64e-04	2.00e-01	8.00e-01
 4.50878e+15	4.22e-04	2.20e-01	7.79e-01
 4.56065e+15	4.79e-04	2.42e-01	7.57e-01
 4.60286e+15	5.44e-04	2.62e-01	7.37e-01
 4.63998e+15	6.02e-04	2.82e-01	7.18e-01
 4.66874e+15	6.53e-04	2.97e-01	7.02e-01
 4.69317e+15	6.97e-04	3.12e-01	6.87e-01
 4.72053e+15	7.58e-04	3.30e-01	6.70e-01
 4.75071e+15	8.28e-04	3.50e-01	6.50e-01
 4.77809e+15	8.99e-04	3.68e-01	6.31e-01
 4.80080e+15	9.58e-04	3.85e-01	6.14e-01
 4.82393e+15	1.03e-03	4.03e-01	5.96e-01
 4.85399e+15	1.13e-03	4.27e-01	5.72e-01
 4.88537e+15	1.24e-03	4.53e-01	5.46e-01
 4.91138e+15	1.34e-03	4.74e-01	5.25e-01
 4.93285e+15	1.42e-03	4.92e-01	5.06e-01
 4.95548e+15	1.52e-03	5.13e-01	4.86e-01
 4.98489e+15	1.66e-03	5.39e-01	4.59e-01
 5.01508e+15	1.80e-03	5.65e-01	4.33e-01
 5.03979e+15	1.92e-03	5.87e-01	4.12e-01
 5.06542e+15	2.06e-03	6.10e-01	3.88e-01
 5.09384e+15	2.21e-03	6.34e-01	3.64e-01
 5.11989e+15	2.37e-03	6.55e-01	3.42e-01
 5.14382e+15	2.51e-03	6.75e-01	3.23e-01
 5.17101e+15	2.68e-03	6.96e-01	3.01e-01
 5.20051e+15	2.88e-03	7.18e-01	2.79e-01
 5.22674e+15	3.06e-03	7.37e-01	2.60e-01
 5.25083e+15	3.22e-03	7.53e-01	2.44e-01
 5.27843e+15	3.43e-03	7.71e-01	2.25e-01
 5.30857e+15	3.66e-03	7.89e-01	2.07e-01
 5.33580e+15	3.87e-03	8.04e-01	1.92e-01
 5.36086e+15	4.09e-03	8.17e-01	1.79e-01
 5.38936e+15	4.34e-03	8.31e-01	1.65e-01
 5.42072e+15	4.63e-03	8.45e-01	1.51e-01
 5.44928e+15	4.90e-03	8.56e-01	1.39e-01
 5.47557e+15	5.18e-03	8.66e-01	1.29e-01
 5.50544e+15	5.50e-03	8.76e-01	1.18e-01
 5.53846e+15	5.90e-03	8.86e-01	1.08e-01
 5.56877e+15	6.29e-03	8.95e-01	9.90e-02
 5.60136e+15	6.74e-03	9.03e-01	9.02e-02
 5.63664e+15	7.30e-03	9.11e-01	8.19e-02
 5.66847e+15	7.85e-03	9.17e-01	7.51e-02
 5.70287e+15	8.50e-03	9.23e-01	6.83e-02
 5.74018e+15	9.33e-03	9.29e-01	6.19e-02
 5.77276e+15	1.02e-02	9.33e-01	5.68e-02
 5.80118e+15	1.10e-02	9.36e-01	5.28e-02
 5.83268e+15	1.20e-02	9.39e-01	4.85e-02
 5.86738e+15	1.33e-02	9.42e-01	4.44e-02
 5.89812e+15	1.47e-02	9.44e-01	4.11e-02
 5.92460e+15	1.62e-02	9.45e-01	3.85e-02
 5.94784e+15	1.76e-02	9.46e-01	3.64e-02
 5.96838e+15	1.90e-02	9.46e-01	3.46e-02
 5.98815e+15	2.06e-02	9.46e-01	3.30e-02
 6.01078e+15	2.26e-02	9.46e-01	3.11e-02
 6.03431e+15	2.51e-02	9.45e-01	2.94e-02
 6.05308e+15	2.75e-02	9.44e-01	2.82e-02
 6.06820e+15	2.96e-02	9.43e-01	2.72e-02
 6.08446e+15	3.22e-02	9.42e-01	2.61e-02
 6.10265e+15	3.55e-02	9.39e-01	2.51e-02
 6.11940e+15	3.91e-02	9.37e-01	2.42e-02
 6.13411e+15	4.25e-02	9.34e-01	2.35e-02
 6.14763e+15	4.63e-02	9.31e-01	2.29e-02
 6.16276e+15	5.10e-02	9.27e-01	2.21e-02
 6.17942e+15	5.68e-02	9.22e-01	2.15e-02
 6.19403e+15	6.31e-02	9.16e-01	2.09e-02
 6.20648e+15	6.89e-02	9.11e-01	2.05e-02
 6.22015e+15	7.64e-02	9.04e-01	2.00e-02
 6.23552e+15	8.58e-02	8.95e-01	1.96e-02
 6.25003e+15	9.64e-02	8.84e-01	1.93e-02
 6.26180e+15	1.06e-01	8.75e-01	1.91e-02
 6.27118e+15	1.15e-01	8.66e-01	1.89e-02
 6.28090e+15	1.25e-01	8.56e-01	1.87e-02
 6.29192e+15	1.38e-01	8.44e-01	1.85e-02
 6.30256e+15	1.51e-01	8.30e-01	1.84e-02
 6.31150e+15	1.64e-01	8.18e-01	1.83e-02
 6.31933e+15	1.76e-01	8.06e-01	1.83e-02
 6.32549e+15	1.86e-01	7.96e-01	1.82e-02
 6.32979e+15	1.93e-01	7.88e-01	1.82e-02
 6.33384e+15	2.01e-01	7.81e-01	1.82e-02
 6.33854e+15	2.10e-01	7.72e-01	1.81e-02
 6.34363e+15	2.20e-01	7.62e-01	1.81e-02
 6.34855e+15	2.30e-01	7.52e-01	1.80e-02
 6.35322e+15	2.40e-01	7.42e-01	1.80e-02
 6.35787e+15	2.50e-01	7.32e-01	1.80e-02
 6.36257e+15	2.61e-01	7.21e-01	1.80e-02
 6.36728e+15	2.73e-01	7.10e-01	1.79e-02
 6.37195e+15	2.84e-01	6.98e-01	1.79e-02
 6.37662e+15	2.96e-01	6.86e-01	1.78e-02
 6.38133e+15	3.09e-01	6.73e-01	1.77e-02
 6.38596e+15	3.22e-01	6.60e-01	1.76e-02
 6.39057e+15	3.35e-01	6.47e-01	1.76e-02
 6.39527e+15	3.49e-01	6.33e-01	1.75e-02
 6.39997e+15	3.63e-01	6.20e-01	1.74e-02
 6.40467e+15	3.78e-01	6.05e-01	1.72e-02
 6.40939e+15	3.93e-01	5.90e-01	1.71e-02
 6.41416e+15	4.08e-01	5.75e-01	1.70e-02
 6.41900e+15	4.25e-01	5.59e-01	1.68e-02
 6.42383e+15	4.41e-01	5.43e-01	1.66e-02
 6.42868e+15	4.57e-01	5.26e-01	1.64e-02
 6.43364e+15	4.74e-01	5.10e-01	1.62e-02
 6.43872e+15	4.92e-01	4.92e-01	1.60e-02
 6.44386e+15	5.10e-01	4.75e-01	1.57e-02
 6.44899e+15	5.27e-01	4.57e-01	1.54e-02
 6.45412e+15	5.45e-01	4.40e-01	1.51e-02
 6.45932e+15	5.62e-01	4.23e-01	1.48e-02
 6.46460e+15	5.80e-01	4.06e-01	1.45e-02
 6.46998e+15	5.97e-01	3.89e-01	1.41e-02
 6.47548e+15	6.14e-01	3.72e-01	1.37e-02
 6.48112e+15	6.31e-01	3.55e-01	1.33e-02
 6.48695e+15	6.48e-01	3.39e-01	1.29e-02
 6.49301e+15	6.65e-01	3.23e-01	1.25e-02
 6.49933e+15	6.81e-01	3.07e-01	1.20e-02
 6.50597e+15	6.96e-01	2.92e-01	1.15e-02
 6.51303e+15	7.12e-01	2.77e-01	1.11e-02
 6.52056e+15	7.26e-01	2.63e-01	1.06e-02
 6.52867e+15	7.40e-01	2.50e-01	1.01e-02
 6.53758e+15	7.54e-01	2.37e-01	9.60e-03
 6.54749e+15	7.67e-01	2.24e-01	9.08e-03
 6.55872e+15	7.79e-01	2.12e-01	8.57e-03
 6.57071e+15	7.89e-01	2.02e-01	8.10e-03
 6.58264e+15	7.98e-01	1.94e-01	7.70e-03
 6.59447e+15	8.05e-01	1.88e-01	7.34e-03
 6.60804e+15	8.12e-01	1.81e-01	6.95e-03
 6.62567e+15	8.20e-01	1.74e-01	6.52e-03
 6.64525e+15	8.26e-01	1.68e-01	6.11e-03
 6.66391e+15	8.32e-01	1.63e-01	5.77e-03
 6.68209e+15	8.36e-01	1.58e-01	5.46e-03
 6.70069e+15	8.41e-01	1.54e-01	5.16e-03
 6.71975e+15	8.45e-01	1.50e-01	4.88e-03
 6.73875e+15	8.50e-01	1.46e-01	4.62e-03
 6.75737e+15	8.53e-01	1.42e-01	4.39e-03
 6.77557e+15	8.57e-01	1.39e-01	4.17e-03
 6.79345e+15	8.60e-01	1.36e-01	3.96e-03
 6.81103e+15	8.64e-01	1.32e-01	3.77e-03
 6.82830e+15	8.67e-01	1.29e-01	3.59e-03
 6.84524e+15	8.70e-01	1.27e-01	3.43e-03
 6.86184e+15	8.73e-01	1.24e-01	3.28e-03
 6.87811e+15	8.76e-01	1.21e-01	3.13e-03
 6.89408e+15	8.78e-01	1.19e-01	3.00e-03
 6.91014e+15	8.81e-01	1.16e-01	2.87e-03
 6.92574e+15	8.83e-01	1.14e-01	2.76e-03
 6.94077e+15	8.86e-01	1.12e-01	2.65e-03
 6.95584e+15	8.88e-01	1.10e-01	2.54e-03
 6.97056e+15	8.90e-01	1.08e-01	2.44e-03
 6.98484e+15	8.92e-01	1.06e-01	2.35e-03
 6.99884e+15	8.94e-01	1.04e-01	2.26e-03
 7.01268e+15	8.96e-01	1.02e-01	2.18e-03
 7.02630e+15	8.98e-01	1.00e-01	2.10e-03
 7.03970e+15	8.99e-01	9.85e-02	2.03e-03
 7.05285e+15	9.01e-01	9.69e-02	1.96e-03
 7.06580e+15	9.03e-01	9.53e-02	1.89e-03
 7.07867e+15	9.04e-01	9.38e-02	1.83e-03
 7.09145e+15	9.06e-01	9.23e-02	1.77e-03
 7.10409e+15	9.07e-01	9.09e-02	1.71e-03
 7.11654e+15	9.09e-01	8.95e-02	1.66e-03
 7.12885e+15	9.10e-01	8.81e-02	1.61e-03
 7.14104e+15	9.12e-01	8.68e-02	1.56e-03
 7.15311e+15	9.13e-01	8.55e-02	1.51e-03
 7.16509e+15	9.14e-01	8.42e-02	1.46e-03
 7.17696e+15	9.16e-01	8.30e-02	1.42e-03
 7.18876e+15	9.17e-01	8.18e-02	1.38e-03
 7.20050e+15	9.18e-01	8.06e-02	1.33e-03
 7.21219e+15	9.19e-01	7.95e-02	1.30e-03
 7.22385e+15	9.20e-01	7.84e-02	1.26e-03
 7.23550e+15	9.22e-01	7.73e-02	1.22e-03
 7.24717e+15	9.23e-01	7.62e-02	1.18e-03
 7.25894e+15	9.24e-01	7.51e-02	1.15e-03
 7.27099e+15	9.25e-01	7.40e-02	1.11e-03
 7.28331e+15	9.26e-01	7.29e-02	1.08e-03
 7.29581e+15	9.27e-01	7.18e-02	1.05e-03
 7.30852e+15	9.28e-01	7.07e-02	1.01e-03
 7.32156e+15	9.29e-01	6.96e-02	9.81e-04
 7.33504e+15	9.31e-01	6.85e-02	9.48e-04
 7.34911e+15	9.32e-01	6.74e-02	9.15e-04
 7.36395e+15	9.33e-01	6.62e-02	8.82e-04
 7.37984e+15	9.34e-01	6.49e-02	8.47e-04
 7.39721e+15	9.36e-01	6.36e-02	8.11e-04
 7.41670e+15	9.37e-01	6.21e-02	7.72e-04
 7.43950e+15	9.39e-01	6.04e-02	7.28e-04
 7.46325e+15	9.41e-01	5.87e-02	6.87e-04
 7.48485e+15	9.42e-01	5.73e-02	6.51e-04
 7.50451e+15	9.43e-01	5.60e-02	6.20e-04
 7.52241e+15	9.45e-01	5.48e-02	5.93e-04
 7.53869e+15	9.46e-01	5.37e-02	5.69e-04
 7.55350e+15	9.47e-01	5.28e-02	5.49e-04
 7.56698e+15	9.48e-01	5.19e-02	5.29e-04
 7.57925e+15	9.48e-01	5.11e-02	5.13e-04
 7.59270e+15	9.49e-01	5.03e-02	4.96e-04
 7.61018e+15	9.50e-01	4.92e-02	4.74e-04
 7.62905e+15	9.51e-01	4.81e-02	4.52e-04
 7.64622e+15	9.52e-01	4.71e-02	4.33e-04
 7.66184e+15	9.53e-01	4.62e-02	4.15e-04
 7.67606e+15	9.54e-01	4.54e-02	4.00e-04
 7.68900e+15	9.55e-01	4.47e-02	3.87e-04
 7.70077e+15	9.56e-01	4.40e-02	3.75e-04
 7.71149e+15	9.56e-01	4.34e-02	3.64e-04
 7.72323e+15	9.57e-01	4.27e-02	3.53e-04
 7.73591e+15	9.58e-01	4.20e-02	3.41e-04
 7.74744e+15	9.58e-01	4.14e-02	3.31e-04
 7.75794e+15	9.59e-01	4.08e-02	3.21e-04
 7.76749e+15	9.59e-01	4.03e-02	3.13e-04
 7.77796e+15	9.60e-01	3.97e-02	3.03e-04
 7.78926e+15	9.61e-01	3.92e-02	2.95e-04
 7.79954e+15	9.61e-01	3.86e-02	2.86e-04
 7.80890e+15	9.62e-01	3.81e-02	2.79e-04
 7.81915e+15	9.62e-01	3.76e-02	2.70e-04
 7.83022e+15	9.63e-01	3.70e-02	2.62e-04
 7.84030e+15	9.63e-01	3.65e-02	2.55e-04
 7.84946e+15	9.64e-01	3.61e-02	2.49e-04
 7.85951e+15	9.64e-01	3.55e-02	2.41e-04
 7.87035e+15	9.65e-01	3.50e-02	2.34e-04
 7.88022e+15	9.65e-01	3.46e-02	2.28e-04
 7.88920e+15	9.66e-01	3.41e-02	2.22e-04
 7.89904e+15	9.66e-01	3.36e-02	2.15e-04
 7.90967e+15	9.67e-01	3.32e-02	2.09e-04
 7.91933e+15	9.67e-01	3.27e-02	2.03e-04
 7.92813e+15	9.67e-01	3.23e-02	1.98e-04
 7.93777e+15	9.68e-01	3.19e-02	1.93e-04
 7.94818e+15	9.68e-01	3.14e-02	1.87e-04
 7.95765e+15	9.69e-01	3.10e-02	1.82e-04
 7.96627e+15	9.69e-01	3.06e-02	1.78e-04
 7.97571e+15	9.70e-01	3.02e-02	1.73e-04
 7.98591e+15	9.70e-01	2.98e-02	1.68e-04
 7.99519e+15	9.70e-01	2.94e-02	1.64e-04
 8.00363e+15	9.71e-01	2.91e-02	1.60e-04
 8.01288e+15	9.71e-01	2.87e-02	1.56e-04
 8.02287e+15	9.72e-01	2.83e-02	1.52e-04
 8.03196e+15	9.72e-01	2.80e-02	1.48e-04
 8.04192e+15	9.72e-01	2.76e-02	1.44e-04
 8.05267e+15	9.73e-01	2.71e-02	1.39e-04
 8.06246e+15	9.73e-01	2.68e-02	1.36e-04
 8.07318e+15	9.73e-01	2.64e-02	1.32e-04
 8.08476e+15	9.74e-01	2.61e-02	1.28e-04
 8.09529e+15	9.74e-01	2.57e-02	1.25e-04
 8.10488e+15	9.74e-01	2.54e-02	1.22e-04
 8.11538e+15	9.75e-01	2.50e-02	1.18e-04
 8.12672e+15	9.75e-01	2.47e-02	1.15e-04
 8.13704e+15	9.76e-01	2.43e-02	1.12e-04
 8.14835e+15	9.76e-01	2.40e-02	1.09e-04
 8.16056e+15	9.76e-01	2.36e-02	1.05e-04
 8.17166e+15	9.77e-01	2.33e-02	1.02e-04
 8.18177e+15	9.77e-01	2.30e-02	9.99e-05
 8.19285e+15	9.77e-01	2.26e-02	9.69e-05
 8.20481e+15	9.78e-01	2.23e-02	9.44e-05
 8.21569e+15	9.78e-01	2.20e-02	9.17e-05
 8.22762e+15	9.78e-01	2.17e-02	8.89e-05
 8.24049e+15	9.79e-01	2.13e-02	8.62e-05
 8.25221e+15	9.79e-01	2.10e-02	8.38e-05
 8.26505e+15	9.79e-01	2.07e-02	8.10e-05
 8.27891e+15	9.80e-01	2.04e-02	7.85e-05
 8.29152e+15	9.80e-01	2.01e-02	7.61e-05
 8.30300e+15	9.80e-01	1.98e-02	7.41e-05
 8.31557e+15	9.80e-01	1.95e-02	7.18e-05
 8.32915e+15	9.81e-01	1.92e-02	6.96e-05
 8.34151e+15	9.81e-01	1.89e-02	6.76e-05
 8.35505e+15	9.81e-01	1.86e-02	6.54e-05
 8.36966e+15	9.82e-01	1.83e-02	6.33e-05
 8.38296e+15	9.82e-01	1.80e-02	6.14e-05
 8.39754e+15	9.82e-01	1.77e-02	5.93e-05
 8.41327e+15	9.83e-01	1.74e-02	5.73e-05
 8.42759e+15	9.83e-01	1.71e-02	5.55e-05
 8.44062e+15	9.83e-01	1.68e-02	5.39e-05
 8.45490e+15	9.83e-01	1.66e-02	5.21e-05
 8.47032e+15	9.84e-01	1.63e-02	5.04e-05
 8.48435e+15	9.84e-01	1.60e-02	4.89e-05
 8.49972e+15	9.84e-01	1.58e-02	4.72e-05
 8.51631e+15	9.84e-01	1.55e-02	4.56e-05
 8.53141e+15	9.85e-01	1.52e-02	4.42e-05
 8.54796e+15	9.85e-01	1.50e-02	4.26e-05
 8.56582e+15	9.85e-01	1.47e-02	4.10e-05
 8.58208e+15	9.86e-01	1.44e-02	3.96e-05
 8.59990e+15	9.86e-01	1.41e-02	3.81e-05
 8.61913e+15	9.86e-01	1.39e-02	3.67e-05
 8.63663e+15	9.86e-01	1.36e-02	3.54e-05
 8.65581e+15	9.87e-01	1.33e-02	3.40e-05
 8.67651e+15	9.87e-01	1.31e-02	3.26e-05
 8.69535e+15	9.87e-01	1.28e-02	3.14e-05
 8.71250e+15	9.87e-01	1.26e-02	3.04e-05
 8.73128e+15	9.88e-01	1.24e-02	2.92e-05
 8.75156e+15	9.88e-01	1.21e-02	2.81e-05
 8.77002e+15	9.88e-01	1.19e-02	2.72e-05
 8.79025e+15	9.88e-01	1.17e-02	2.61e-05
 8.81208e+15	9.89e-01	1.14e-02	2.50e-05
 8.83195e+15	9.89e-01	1.12e-02	2.41e-05
 8.85372e+15	9.89e-01	1.10e-02	2.31e-05
 8.87723e+15	9.89e-01	1.07e-02	2.21e-05
 8.89862e+15	9.89e-01	1.05e-02	2.13e-05
 8.92206e+15	9.90e-01	1.03e-02	2.03e-05
 8.94736e+15	9.90e-01	1.01e-02	1.94e-05
 8.97039e+15	9.90e-01	9.85e-03	1.87e-05
 8.99562e+15	9.90e-01	9.62e-03	1.78e-05
 9.02286e+15	9.91e-01	9.39e-03	1.70e-05
 9.04765e+15	9.91e-01	9.19e-03	1.63e-05
 9.07481e+15	9.91e-01	8.96e-03	1.55e-05
 9.10414e+15	9.91e-01	8.74e-03	1.47e-05
 9.13083e+15	9.91e-01	8.54e-03	1.41e-05
 9.16007e+15	9.92e-01	8.32e-03	1.34e-05
 9.19164e+15	9.92e-01	8.10e-03	1.27e-05
 9.22037e+15	9.92e-01	7.91e-03	1.21e-05
 9.25185e+15	9.92e-01	7.70e-03	1.15e-05
 9.28583e+15	9.92e-01	7.49e-03	1.09e-05
 9.31676e+15	9.93e-01	7.31e-03	1.03e-05
 9.35065e+15	9.93e-01	7.10e-03	9.77e-06
 9.38724e+15	9.93e-01	6.90e-03	9.22e-06
 9.42053e+15	9.93e-01	6.72e-03	8.76e-06
 9.45702e+15	9.93e-01	6.52e-03	8.26e-06
 9.50444e+15	9.94e-01	6.27e-03	7.65e-06
 9.55877e+15	9.94e-01	6.01e-03	7.03e-06
 9.61304e+15	9.94e-01	5.77e-03	6.48e-06
 9.66730e+15	9.94e-01	5.53e-03	5.98e-06
 9.72384e+15	9.95e-01	5.30e-03	5.50e-06
 9.78302e+15	9.95e-01	5.08e-03	5.04e-06
 9.84422e+15	9.95e-01	4.85e-03	4.61e-06
 9.90730e+15	9.95e-01	4.64e-03	4.21e-06
 9.97259e+15	9.96e-01	4.43e-03	3.84e-06
 1.00402e+16	9.96e-01	4.22e-03	3.50e-06
 1.01094e+16	9.96e-01	4.02e-03	3.18e-06
 1.01796e+16	9.96e-01	3.83e-03	2.89e-06
 1.02509e+16	9.96e-01	3.65e-03	2.63e-06
 1.03226e+16	9.97e-01	3.48e-03	2.39e-06
 1.03955e+16	9.97e-01	3.32e-03	2.17e-06
 1.04706e+16	9.97e-01	3.16e-03	1.97e-06
 1.05475e+16	9.97e-01	3.00e-03	1.78e-06
 1.06255e+16	9.97e-01	2.86e-03	1.62e-06
 1.07047e+16	9.97e-01	2.72e-03	1.46e-06
 1.07853e+16	9.97e-01	2.58e-03	1.32e-06
 1.08675e+16	9.98e-01	2.45e-03	1.19e-06
 1.09512e+16	9.98e-01	2.33e-03	1.08e-06
 1.10365e+16	9.98e-01	2.21e-03	9.70e-07
 1.11234e+16	9.98e-01	2.10e-03	8.74e-07
 1.12118e+16	9.98e-01	1.99e-03	7.86e-07
 1.13019e+16	9.98e-01	1.88e-03	7.06e-07
 1.13938e+16	9.98e-01	1.78e-03	6.34e-07
 1.14875e+16	9.98e-01	1.69e-03	5.68e-07
 1.15832e+16	9.98e-01	1.59e-03	5.09e-07
 1.16807e+16	9.98e-01	1.51e-03	4.55e-07
 1.17802e+16	9.99e-01	1.42e-03	4.06e-07
 1.18818e+16	9.99e-01	1.34e-03	3.62e-07
 1.19856e+16	9.99e-01	1.27e-03	3.22e-07
 1.20917e+16	9.99e-01	1.19e-03	2.86e-07
 1.22002e+16	9.99e-01	1.12e-03	2.53e-07
 1.23112e+16	9.99e-01	1.06e-03	2.24e-07
 1.24249e+16	9.99e-01	9.92e-04	1.98e-07
 1.25413e+16	9.99e-01	9.30e-04	1.75e-07
 1.26607e+16	9.99e-01	8.72e-04	1.53e-07
 1.27832e+16	9.99e-01	8.16e-04	1.35e-07
 1.29091e+16	9.99e-01	7.63e-04	1.18e-07
 1.30386e+16	9.99e-01	7.11e-04	1.02e-07
 1.31718e+16	9.99e-01	6.63e-04	8.91e-08
 1.33082e+16	9.99e-01	6.17e-04	7.73e-08
 1.34466e+16	9.99e-01	5.75e-04	6.71e-08
 1.35900e+16	9.99e-01	5.33e-04	5.77e-08
 1.37418e+16	1.00e+00	4.93e-04	4.94e-08
 1.39003e+16	1.00e+00	4.54e-04	4.20e-08
 1.40641e+16	1.00e+00	4.18e-04	3.55e-08
 1.42341e+16	1.00e+00	3.83e-04	2.99e-08
 1.44120e+16	1.00e+00	3.50e-04	2.50e-08
 1.45986e+16	1.00e+00	3.19e-04	2.07e-08
 1.47947e+16	1.00e+00	2.89e-04	1.70e-08
 1.50018e+16	1.00e+00	2.60e-04	1.39e-08
 1.52218e+16	1.00e+00	2.34e-04	1.12e-08
 1.54584e+16	1.00e+00	2.08e-04	8.86e-09
 1.57086e+16	1.00e+00	1.84e-04	6.95e-09
 1.59771e+16	1.00e+00	1.61e-04	5.35e-09
 1.62736e+16	1.00e+00	1.40e-04	4.02e-09
 1.65985e+16	1.00e+00	1.20e-04	2.95e-09
 1.69577e+16	1.00e+00	1.01e-04	2.10e-09
 1.73725e+16	1.00e+00	8.31e-05	1.42e-09
 1.78336e+16	1.00e+00	6.72e-05	9.34e-10
 1.83298e+16	1.00e+00	5.37e-05	5.96e-10
 1.88626e+16	1.00e+00	4.24e-05	3.72e-10
 1.94052e+16	1.00e+00	3.35e-05	2.33e-10
 1.99456e+16	1.00e+00	2.66e-05	1.48e-10
 2.04897e+16	1.00e+00	2.12e-05	9.37e-11
 2.10431e+16	1.00e+00	1.69e-05	5.97e-11
 2.16082e+16	1.00e+00	1.35e-05	3.79e-11
 2.21845e+16	1.00e+00	1.07e-05	2.41e-11
 2.27707e+16	1.00e+00	8.57e-06	1.54e-11
 2.33700e+16	1.00e+00	6.84e-06	9.80e-12
 2.39846e+16	1.00e+00	5.44e-06	6.22e-12
 2.46131e+16	1.00e+00	4.34e-06	3.96e-12
 2.52566e+16	1.00e+00	3.45e-06	2.51e-12
 2.59176e+16	1.00e+00	2.74e-06	1.59e-12
 2.65965e+16	1.00e+00	2.17e-06	1.00e-12
 2.72935e+16	1.00e+00	1.72e-06	6.29e-13
 2.79898e+16	1.00e+00	1.37e-06	4.01e-13
 2.86664e+16	1.00e+00	1.11e-06	2.61e-13
 2.93223e+16	1.00e+00	9.02e-07	1.73e-13
 2.99606e+16	1.00e+00	7.41e-07	1.17e-13
 3.05854e+16	1.00e+00	6.13e-07	8.04e-14
 3.11938e+16	1.00e+00	5.11e-07	5.61e-14
 3.17819e+16	1.00e+00	4.30e-07	3.97e-14
 3.23485e+16	1.00e+00	3.65e-07	2.87e-14
 3.28941e+16	1.00e+00	3.12e-07	2.10e-14
 3.34196e+16	1.00e+00	2.69e-07	1.57e-14
 3.39249e+16	1.00e+00	2.34e-07	1.18e-14
 3.44099e+16	1.00e+00	2.04e-07	9.06e-15
 3.48743e+16	1.00e+00	1.80e-07	7.04e-15
 3.53183e+16	1.00e+00	1.60e-07	5.55e-15
 3.57428e+16	1.00e+00	1.43e-07	4.42e-15
 3.61483e+16	1.00e+00	1.28e-07	3.57e-15
 3.65357e+16	1.00e+00	1.16e-07	2.92e-15
 3.69053e+16	1.00e+00	1.05e-07	2.41e-15
 3.72578e+16	1.00e+00	9.57e-08	2.01e-15
 3.75939e+16	1.00e+00	8.78e-08	1.69e-15
 3.79142e+16	1.00e+00	8.09e-08	1.44e-15
 3.82192e+16	1.00e+00	7.48e-08	1.23e-15
 3.85098e+16	1.00e+00	6.95e-08	1.06e-15
 3.87871e+16	1.00e+00	6.48e-08	9.26e-16
 3.90517e+16	1.00e+00	6.07e-08	8.12e-16
 3.93043e+16	1.00e+00	5.70e-08	7.17e-16
 3.95454e+16	1.00e+00	5.37e-08	6.36e-16
 3.97754e+16	1.00e+00	5.07e-08	5.69e-16
 3.99952e+16	1.00e+00	4.80e-08	5.11e-16
 4.02054e+16	1.00e+00	4.56e-08	4.61e-16
 4.04065e+16	1.00e+00	4.34e-08	4.18e-16
 4.05989e+16	1.00e+00	4.15e-08	3.81e-16
 4.07832e+16	1.00e+00	3.97e-08	3.49e-16
 4.09600e+16	1.00e+00	3.80e-08	3.21e-16
 4.11299e+16	1.00e+00	3.65e-08	2.96e-16
 4.12935e+16	1.00e+00	3.51e-08	2.73e-16
 4.14510e+16	1.00e+00	3.38e-08	2.54e-16
 4.16029e+16	1.00e+00	3.26e-08	2.36e-16
 4.17498e+16	1.00e+00	3.14e-08	2.20e-16
 4.18920e+16	1.00e+00	3.04e-08	2.06e-16
 4.20302e+16	1.00e+00	2.94e-08	1.93e-16
 4.21649e+16	1.00e+00	2.85e-08	1.81e-16
 4.22965e+16	1.00e+00	2.76e-08	1.70e-16
 4.24254e+16	1.00e+00	2.68e-08	1.60e-16
 4.25523e+16	1.00e+00	2.60e-08	1.51e-16
 4.26776e+16	1.00e+00	2.53e-08	1.43e-16
 4.28022e+16	1.00e+00	2.45e-08	1.35e-16
 4.29268e+16	1.00e+00	2.38e-08	1.27e-16
 4.30520e+16	1.00e+00	2.31e-08	1.20e-16
 4.31789e+16	1.00e+00	2.25e-08	1.13e-16
 4.33085e+16	1.00e+00	2.18e-08	1.06e-16
 4.34421e+16	1.00e+00	2.11e-08	1.00e-16
 4.35816e+16	1.00e+00	2.04e-08	9.37e-17
 4.37291e+16	1.00e+00	1.97e-08	8.76e-17
 4.38874e+16	1.00e+00	1.90e-08	8.14e-17
 4.40604e+16	1.00e+00	1.83e-08	7.51e-17
 4.42533e+16	1.00e+00	1.75e-08	6.87e-17
 4.44741e+16	1.00e+00	1.66e-08	6.21e-17
 4.47343e+16	1.00e+00	1.56e-08	5.50e-17
 4.50519e+16	1.00e+00	1.45e-08	4.76e-17
 4.54558e+16	1.00e+00	1.32e-08	3.95e-17
 4.59802e+16	1.00e+00	1.17e-08	3.11e-17
 4.66619e+16	1.00e+00	1.00e-08	2.28e-17
 4.75482e+16	1.00e+00	8.22e-09	1.54e-17
 4.87003e+16	1.00e+00	6.38e-09	9.32e-18
 5.01334e+16	1.00e+00	4.70e-09	5.09e-18
 5.16972e+16	1.00e+00	3.42e-09	2.70e-18
 5.32608e+16	1.00e+00	2.50e-09	1.46e-18
 5.48242e+16	1.00e+00	1.85e-09	8.01e-19
 5.63875e+16	1.00e+00	1.37e-09	4.45e-19
 5.81852e+16	1.00e+00	9.75e-10	2.27e-19
 6.03339e+16	1.00e+00	6.59e-10	1.05e-19
 6.26213e+16	1.00e+00	4.42e-10	4.76e-20
 6.49307e+16	1.00e+00	2.99e-10	2.20e-20
 6.73165e+16	1.00e+00	2.02e-10	1.01e-20
 6.97787e+16	1.00e+00	1.37e-10	4.69e-21
 7.23254e+16	1.00e+00	9.20e-11	0.00e+00
 7.49953e+16	1.00e+00	6.16e-11	0.00e+00
 7.77435e+16	1.00e+00	4.13e-11	0.00e+00
 8.05586e+16	1.00e+00	2.78e-11	0.00e+00
 8.34008e+16	1.00e+00	1.88e-11	0.00e+00
 8.62430e+16	1.00e+00	1.29e-11	0.00e+00
 8.92142e+16	1.00e+00	8.77e-12	0.00e+00
 9.22597e+16	1.00e+00	5.99e-12	0.00e+00
 9.47242e+16	1.00e+00	4.48e-12	0.00e+00
 9.61777e+16	1.00e+00	3.82e-12	0.00e+00
 9.69352e+16	1.00e+00	3.52e-12	0.00e+00
 9.73720e+16	1.00e+00	3.35e-12	0.00e+00
 9.76360e+16	1.00e+00	3.25e-12	0.00e+00
 9.78270e+16	1.00e+00	3.18e-12	0.00e+00
 9.80246e+16	1.00e+00	3.10e-12	0.00e+00
 9.82502e+16	1.00e+00	3.02e-12	0.00e+00
 9.84705e+16	1.00e+00	2.95e-12	0.00e+00
 9.86617e+16	1.00e+00	2.88e-12	0.00e+00
 9.88326e+16	1.00e+00	2.82e-12	0.00e+00
 9.89937e+16	1.00e+00	2.77e-12	0.00e+00
 9.91548e+16	1.00e+00	2.72e-12	0.00e+00
 9.93151e+16	1.00e+00	2.67e-12	0.00e+00
 9.94610e+16	1.00e+00	2.63e-12	0.00e+00
 9.95869e+16	1.00e+00	2.59e-12	0.00e+00
 9.97080e+16	1.00e+00	2.55e-12	0.00e+00
 9.98347e+16	1.00e+00	2.51e-12	0.00e+00
 9.99561e+16	1.00e+00	2.48e-12	0.00e+00
 1.00060e+17	1.00e+00	2.45e-12	0.00e+00
 1.00153e+17	1.00e+00	2.42e-12	0.00e+00
 1.00253e+17	1.00e+00	2.39e-12	0.00e+00
 1.00360e+17	1.00e+00	2.37e-12	0.00e+00
 1.00455e+17	1.00e+00	2.34e-12	0.00e+00
 1.00535e+17	1.00e+00	2.32e-12	0.00e+00
 1.00618e+17	1.00e+00	2.30e-12	0.00e+00
 1.00712e+17	1.00e+00	2.27e-12	0.00e+00
 1.00799e+17	1.00e+00	2.25e-12	0.00e+00
 1.00875e+17	1.00e+00	2.23e-12	0.00e+00
 1.00946e+17	1.00e+00	2.21e-12	0.00e+00
 1.01021e+17	1.00e+00	2.19e-12	0.00e+00
 1.01097e+17	1.00e+00	2.17e-12	0.00e+00
 1.01174e+17	1.00e+00	2.15e-12	0.00e+00
 1.01247e+17	1.00e+00	2.13e-12	0.00e+00
 1.01312e+17	1.00e+00	2.11e-12	0.00e+00
 1.01378e+17	1.00e+00	2.10e-12	0.00e+00
 1.01449e+17	1.00e+00	2.08e-12	0.00e+00
 1.01525e+17	1.00e+00	2.06e-12	0.00e+00
 1.01599e+17	1.00e+00	2.04e-12	0.00e+00
 1.01665e+17	1.00e+00	2.03e-12	0.00e+00
 1.01730e+17	1.00e+00	2.01e-12	0.00e+00
 1.01804e+17	1.00e+00	1.99e-12	0.00e+00
 1.01882e+17	1.00e+00	1.97e-12	0.00e+00
 1.01951e+17	1.00e+00	1.96e-12	0.00e+00
 1.02019e+17	1.00e+00	1.94e-12	0.00e+00
 1.02092e+17	1.00e+00	1.92e-12	0.00e+00
 1.02169e+17	1.00e+00	1.90e-12	0.00e+00
 1.02248e+17	1.00e+00	1.88e-12	0.00e+00
 1.02326e+17	1.00e+00	1.87e-12	0.00e+00
 1.02404e+17	1.00e+00	1.85e-12	0.00e+00
 1.02482e+17	1.00e+00	1.83e-12	0.00e+00
 1.02566e+17	1.00e+00	1.81e-12	0.00e+00
 1.02657e+17	1.00e+00	1.79e-12	0.00e+00
 1.02746e+17	1.00e+00	1.77e-12	0.00e+00
 1.02830e+17	1.00e+00	1.75e-12	0.00e+00
 1.02917e+17	1.00e+00	1.73e-12	0.00e+00
 1.03011e+17	1.00e+00	1.71e-12	0.00e+00
 1.03108e+17	1.00e+00	1.69e-12	0.00e+00
 1.03201e+17	1.00e+00	1.67e-12	0.00e+00
 1.03299e+17	1.00e+00	1.65e-12	0.00e+00
 1.03404e+17	1.00e+00	1.63e-12	0.00e+00
 1.03513e+17	1.00e+00	1.60e-12	0.00e+00
 1.03622e+17	1.00e+00	1.58e-12	0.00e+00
 1.03727e+17	1.00e+00	1.56e-12	0.00e+00
 1.03833e+17	1.00e+00	1.54e-12	0.00e+00
 1.03950e+17	1.00e+00	1.52e-12	0.00e+00
 1.04077e+17	1.00e+00	1.49e-12	0.00e+00
 1.04209e+17	1.00e+00	1.47e-12	0.00e+00
 1.04334e+17	1.00e+00	1.44e-12	0.00e+00
 1.04458e+17	1.00e+00	1.42e-12	0.00e+00
 1.04591e+17	1.00e+00	1.40e-12	0.00e+00
 1.04733e+17	1.00e+00	1.37e-12	0.00e+00
 1.04881e+17	1.00e+00	1.34e-12	0.00e+00
 1.05030e+17	1.00e+00	1.32e-12	0.00e+00
 1.05180e+17	1.00e+00	1.29e-12	0.00e+00
 1.05333e+17	1.00e+00	1.27e-12	0.00e+00
 1.05494e+17	1.00e+00	1.24e-12	0.00e+00
 1.05664e+17	1.00e+00	1.21e-12	0.00e+00
 1.05839e+17	1.00e+00	1.19e-12	0.00e+00
 1.06016e+17	1.00e+00	1.16e-12	0.00e+00
 1.06191e+17	1.00e+00	1.13e-12	0.00e+00
 1.06382e+17	1.00e+00	1.10e-12	0.00e+00
 1.06592e+17	1.00e+00	1.07e-12	0.00e+00
 1.06799e+17	1.00e+00	1.04e-12	0.00e+00
 1.06996e+17	1.00e+00	1.02e-12	0.00e+00
 1.07195e+17	1.00e+00	9.92e-13	0.00e+00
 1.07418e+17	1.00e+00	9.63e-13	0.00e+00
 1.07661e+17	1.00e+00	9.33e-13	0.00e+00
 1.07905e+17	1.00e+00	9.03e-13	0.00e+00
 1.08139e+17	1.00e+00	8.76e-13	0.00e+00
 1.08375e+17	1.00e+00	8.49e-13	0.00e+00
 1.08629e+17	1.00e+00	8.20e-13	0.00e+00
 1.08900e+17	1.00e+00	7.91e-13	0.00e+00
 1.09169e+17	1.00e+00	7.64e-13	0.00e+00
 1.09440e+17	1.00e+00	7.37e-13	0.00e+00
 1.09728e+17	1.00e+00	7.10e-13	0.00e+00
 1.10033e+17	1.00e+00	6.82e-13	0.00e+00
 1.10340e+17	1.00e+00	6.55e-13	0.00e+00
 1.10647e+17	1.00e+00	6.29e-13	0.00e+00
 1.10974e+17	1.00e+00	6.02e-13	0.00e+00
 1.11309e+17	1.00e+00	5.76e-13	0.00e+00
 1.11646e+17	1.00e+00	5.51e-13	0.00e+00
 1.11990e+17	1.00e+00	5.27e-13	0.00e+00
 1.12353e+17	1.00e+00	5.03e-13	0.00e+00
 1.12756e+17	1.00e+00	4.77e-13	0.00e+00
 1.13169e+17	1.00e+00	4.52e-13	0.00e+00
 1.13558e+17	1.00e+00	4.30e-13	0.00e+00
 1.13948e+17	1.00e+00	4.10e-13	0.00e+00
 1.14377e+17	1.00e+00	3.88e-13	0.00e+00
 1.14853e+17	1.00e+00	3.65e-13	0.00e+00
 1.15339e+17	1.00e+00	3.45e-13	0.00e+00
 1.15815e+17	1.00e+00	3.25e-13	0.00e+00
 1.16306e+17	1.00e+00	3.06e-13	0.00e+00
 1.16825e+17	1.00e+00	2.88e-13	0.00e+00
 1.17380e+17	1.00e+00	2.70e-13	0.00e+00
 1.17966e+17	1.00e+00	2.52e-13	0.00e+00
 1.18534e+17	1.00e+00	2.37e-13	0.00e+00
 1.19044e+17	1.00e+00	2.24e-13	0.00e+00
 1.19506e+17	1.00e+00	2.13e-13	0.00e+00
 1.19958e+17	1.00e+00	2.02e-13	0.00e+00
 1.20429e+17	1.00e+00	1.92e-13	0.00e+00
 1.20926e+17	1.00e+00	1.81e-13	0.00e+00
 1.21416e+17	1.00e+00	1.72e-13	0.00e+00
 1.21850e+17	1.00e+00	1.63e-13	0.00e+00
 1.22218e+17	1.00e+00	1.57e-13	0.00e+00
 1.22540e+17	1.00e+00	1.51e-13	0.00e+00
 1.22841e+17	1.00e+00	1.46e-13	0.00e+00
 1.23129e+17	1.00e+00	1.41e-13	0.00e+00
 1.23402e+17	1.00e+00	1.37e-13	0.00e+00
 1.23655e+17	1.00e+00	1.33e-13	0.00e+00
 1.23889e+17	1.00e+00	1.29e-13	0.00e+00
 1.24109e+17	1.00e+00	1.26e-13	0.00e+00
 1.24320e+17	1.00e+00	1.22e-13	0.00e+00
 1.24524e+17	1.00e+00	1.19e-13	0.00e+00
 1.24722e+17	1.00e+00	1.17e-13	0.00e+00
 1.24912e+17	1.00e+00	1.14e-13	0.00e+00
 1.25095e+17	1.00e+00	1.12e-13	0.00e+00
 1.25272e+17	1.00e+00	1.09e-13	0.00e+00
 1.25446e+17	1.00e+00	1.07e-13	0.00e+00
 1.25617e+17	1.00e+00	1.05e-13	0.00e+00
 1.25784e+17	1.00e+00	1.03e-13	0.00e+00
 1.25946e+17	1.00e+00	1.01e-13	0.00e+00
 1.26105e+17	1.00e+00	9.93e-14	0.00e+00
 1.26262e+17	1.00e+00	9.75e-14	0.00e+00
 1.26417e+17	1.00e+00	9.58e-14	0.00e+00
 1.26570e+17	1.00e+00	9.41e-14	0.00e+00
 1.26721e+17	1.00e+00	9.25e-14	0.00e+00
 1.26869e+17	1.00e+00	9.10e-14	0.00e+00
 1.27016e+17	1.00e+00	8.95e-14	0.00e+00
 1.27184e+17	1.00e+00	8.77e-14	0.00e+00
 1.27402e+17	1.00e+00	8.55e-14	0.00e+00
 1.27686e+17	1.00e+00	8.28e-14	0.00e+00
 1.28055e+17	1.00e+00	7.94e-14	0.00e+00
 1.28534e+17	1.00e+00	7.52e-14	0.00e+00
 1.29130e+17	1.00e+00	7.04e-14	0.00e+00
 1.29768e+17	1.00e+00	6.57e-14	0.00e+00
 1.30346e+17	1.00e+00	6.18e-14	0.00e+00
 1.30852e+17	1.00e+00	5.86e-14	0.00e+00
 1.31336e+17	1.00e+00	5.57e-14	0.00e+00
 1.31853e+17	1.00e+00	5.27e-14	0.00e+00
 1.32414e+17	1.00e+00	4.97e-14	0.00e+00
 1.32992e+17	1.00e+00	4.68e-14	0.00e+00
 1.33560e+17	1.00e+00	4.42e-14	0.00e+00
 1.34123e+17	1.00e+00	4.17e-14	0.00e+00
 1.34704e+17	1.00e+00	3.93e-14	0.00e+00
 1.35327e+17	1.00e+00	3.68e-14	0.00e+00
 1.35999e+17	1.00e+00	3.44e-14	0.00e+00
 1.36721e+17	1.00e+00	3.20e-14	0.00e+00
 1.37507e+17	1.00e+00	2.95e-14	0.00e+00
 1.38392e+17	1.00e+00	2.70e-14	0.00e+00
 1.39443e+17	1.00e+00	2.43e-14	0.00e+00
 1.40767e+17	1.00e+00	2.13e-14	0.00e+00
 1.42487e+17	1.00e+00	1.79e-14	0.00e+00
 1.44723e+17	1.00e+00	1.43e-14	0.00e+00
 1.47630e+17	1.00e+00	1.08e-14	0.00e+00
 1.51408e+17	1.00e+00	7.53e-15	0.00e+00
 1.56321e+17	1.00e+00	4.75e-15	0.00e+00
 1.62279e+17	1.00e+00	2.76e-15	0.00e+00
 1.68560e+17	1.00e+00	1.59e-15	0.00e+00
 1.74374e+17	1.00e+00	9.57e-16	0.00e+00
 1.79536e+17	1.00e+00	6.13e-16	0.00e+00
 1.85160e+17	1.00e+00	3.75e-16	0.00e+00
 1.92106e+17	1.00e+00	2.04e-16	0.00e+00
 1.98132e+17	1.00e+00	1.19e-16	0.00e+00
 2.01749e+17	1.00e+00	8.41e-17	0.00e+00
 2.03918e+17	1.00e+00	6.67e-17	0.00e+00
 2.05220e+17	1.00e+00	5.70e-17	0.00e+00
 2.06001e+17	1.00e+00	5.13e-17	0.00e+00
 2.06470e+17	1.00e+00	4.78e-17	0.00e+00
 2.06751e+17	1.00e+00	4.58e-17	0.00e+00
 2.06920e+17	1.00e+00	4.45e-17	0.00e+00
 2.07037e+17	1.00e+00	4.37e-17	0.00e+00
 2.07163e+17	1.00e+00	4.29e-17	0.00e+00
 2.07325e+17	1.00e+00	4.18e-17	0.00e+00
 2.07530e+17	1.00e+00	4.05e-17	0.00e+00
 2.07749e+17	1.00e+00	3.90e-17	0.00e+00
 2.07936e+17	1.00e+00	3.77e-17	0.00e+00
 2.08080e+17	1.00e+00	3.67e-17	0.00e+00
 2.08210e+17	1.00e+00	3.59e-17	0.00e+00
 2.08359e+17	1.00e+00	3.50e-17	0.00e+00
 2.08547e+17	1.00e+00	3.38e-17	0.00e+00
 2.08751e+17	1.00e+00	3.25e-17	0.00e+00
 2.08925e+17	1.00e+00	3.13e-17	0.00e+00
 2.09062e+17	1.00e+00	3.04e-17	0.00e+00
 2.09186e+17	1.00e+00	2.97e-17	0.00e+00
 2.09330e+17	1.00e+00	2.89e-17	0.00e+00
 2.09509e+17	1.00e+00	2.78e-17	0.00e+00
 2.09701e+17	1.00e+00	2.67e-17	0.00e+00
 2.09868e+17	1.00e+00	2.56e-17	0.00e+00
 2.10002e+17	1.00e+00	2.48e-17	0.00e+00
 2.10124e+17	1.00e+00	2.41e-17	0.00e+00
 2.10264e+17	1.00e+00	2.34e-17	0.00e+00
 2.10435e+17	1.00e+00	2.25e-17	0.00e+00
 2.10618e+17	1.00e+00	2.15e-17	0.00e+00
 2.10784e+17	1.00e+00	2.06e-17	0.00e+00
 2.10921e+17	1.00e+00	1.99e-17	0.00e+00
 2.11046e+17	1.00e+00	1.93e-17	0.00e+00
 2.11185e+17	1.00e+00	1.86e-17	0.00e+00
 2.11352e+17	1.00e+00	1.79e-17	0.00e+00
 2.11532e+17	1.00e+00	1.71e-17	0.00e+00
 2.11700e+17	1.00e+00	1.63e-17	0.00e+00
 2.11842e+17	1.00e+00	1.57e-17	0.00e+00
 2.11972e+17	1.00e+00	1.51e-17	0.00e+00
 2.12115e+17	1.00e+00	1.46e-17	0.00e+00
 2.12284e+17	1.00e+00	1.39e-17	0.00e+00
 2.12468e+17	1.00e+00	1.33e-17	0.00e+00
 2.12640e+17	1.00e+00	1.26e-17	0.00e+00
 2.12790e+17	1.00e+00	1.21e-17	0.00e+00
 2.12930e+17	1.00e+00	1.16e-17	0.00e+00
 2.13083e+17	1.00e+00	1.12e-17	0.00e+00
 2.13260e+17	1.00e+00	1.06e-17	0.00e+00
 2.13452e+17	1.00e+00	1.01e-17	0.00e+00
 2.13635e+17	1.00e+00	9.57e-18	0.00e+00
 2.13799e+17	1.00e+00	9.13e-18	0.00e+00
 2.13957e+17	1.00e+00	8.75e-18	0.00e+00
 2.14127e+17	1.00e+00	8.36e-18	0.00e+00
 2.14322e+17	1.00e+00	7.95e-18	0.00e+00
 2.14533e+17	1.00e+00	7.51e-18	0.00e+00
 2.14737e+17	1.00e+00	7.11e-18	0.00e+00
 2.14926e+17	1.00e+00	6.75e-18	0.00e+00
 2.15111e+17	1.00e+00	6.44e-18	0.00e+00
 2.15313e+17	1.00e+00	6.13e-18	0.00e+00
 2.15542e+17	1.00e+00	5.80e-18	0.00e+00
 2.15788e+17	1.00e+00	5.46e-18	0.00e+00
 2.16031e+17	1.00e+00	5.14e-18	0.00e+00
 2.16264e+17	1.00e+00	4.86e-18	0.00e+00
 2.16499e+17	1.00e+00	4.61e-18	0.00e+00
 2.16759e+17	1.00e+00	4.36e-18	0.00e+00
 2.17053e+17	1.00e+00	4.10e-18	0.00e+00
 2.17372e+17	1.00e+00	3.84e-18	0.00e+00
 2.17692e+17	1.00e+00	3.59e-18	0.00e+00
 2.18010e+17	1.00e+00	3.38e-18	0.00e+00
 2.18344e+17	1.00e+00	3.17e-18	0.00e+00
 2.18721e+17	1.00e+00	2.97e-18	0.00e+00
 2.19153e+17	1.00e+00	2.76e-18	0.00e+00
 2.19627e+17	1.00e+00	2.55e-18	0.00e+00
