#depth	N	N+	N+2	N+3	N+4	N+5	N+6	N+7
 1.49634e+10	0.00e+00	2.77e-31	8.48e-23	4.56e-15	3.95e-08	9.99e-01	9.96e-04	0.00e+00
 4.54887e+10	1.52e-40	3.91e-31	1.11e-22	5.48e-15	4.35e-08	9.99e-01	9.06e-04	3.67e-10
 7.72350e+10	0.00e+00	5.50e-31	1.44e-22	6.59e-15	4.78e-08	9.99e-01	8.25e-04	0.00e+00
 1.10251e+11	3.53e-40	7.73e-31	1.87e-22	7.93e-15	5.27e-08	9.99e-01	7.50e-04	0.00e+00
 1.40139e+11	0.00e+00	1.04e-30	2.36e-22	9.32e-15	5.73e-08	9.99e-01	6.90e-04	0.00e+00
 1.65086e+11	6.81e-40	1.32e-30	2.84e-22	1.06e-14	6.13e-08	9.99e-01	6.46e-04	0.00e+00
 1.92436e+11	0.00e+00	1.70e-30	3.46e-22	1.22e-14	6.60e-08	9.99e-01	6.01e-04	0.00e+00
 2.27016e+11	1.36e-39	2.32e-30	4.41e-22	1.45e-14	7.22e-08	9.99e-01	5.50e-04	0.00e+00
 2.63051e+11	0.00e+00	3.16e-30	5.62e-22	1.72e-14	7.91e-08	9.99e-01	5.03e-04	0.00e+00
 2.93847e+11	2.72e-39	4.08e-30	6.86e-22	1.98e-14	8.52e-08	1.00e+00	4.67e-04	0.00e+00
 3.25778e+11	0.00e+00	5.27e-30	8.38e-22	2.29e-14	9.19e-08	1.00e+00	4.34e-04	0.00e+00
 3.65665e+11	5.40e-39	7.16e-30	1.07e-21	2.71e-14	1.01e-07	1.00e+00	3.97e-04	0.00e+00
 4.06110e+11	0.00e+00	9.64e-30	1.35e-21	3.21e-14	1.10e-07	1.00e+00	3.64e-04	0.00e+00
 4.41209e+11	1.05e-38	1.24e-29	1.64e-21	3.70e-14	1.19e-07	1.00e+00	3.38e-04	0.00e+00
 4.79148e+11	0.00e+00	1.60e-29	2.01e-21	4.28e-14	1.28e-07	1.00e+00	3.13e-04	0.00e+00
 5.25566e+11	2.09e-38	2.17e-29	2.56e-21	5.09e-14	1.41e-07	1.00e+00	2.86e-04	0.00e+00
 5.72901e+11	0.00e+00	2.93e-29	3.24e-21	6.03e-14	1.54e-07	1.00e+00	2.61e-04	0.00e+00
 6.16083e+11	4.10e-38	3.79e-29	3.98e-21	7.00e-14	1.67e-07	1.00e+00	2.42e-04	0.00e+00
 6.63974e+11	0.00e+00	5.01e-29	4.95e-21	8.20e-14	1.82e-07	1.00e+00	2.22e-04	0.00e+00
 7.19827e+11	8.35e-38	6.83e-29	6.33e-21	9.80e-14	2.00e-07	1.00e+00	2.03e-04	0.00e+00
 7.75216e+11	0.00e+00	9.17e-29	8.00e-21	1.16e-13	2.19e-07	1.00e+00	1.85e-04	0.00e+00
 8.28074e+11	1.65e-37	1.20e-28	9.90e-21	1.35e-13	2.38e-07	1.00e+00	1.71e-04	0.00e+00
 8.86377e+11	0.00e+00	1.60e-28	1.24e-20	1.59e-13	2.59e-07	1.00e+00	1.57e-04	0.00e+00
 9.51759e+11	3.38e-37	2.17e-28	1.58e-20	1.90e-13	2.85e-07	1.00e+00	1.43e-04	0.00e+00
 1.01739e+12	0.00e+00	2.91e-28	2.00e-20	2.25e-13	3.12e-07	1.00e+00	1.31e-04	0.00e+00
 1.07614e+12	6.57e-37	3.76e-28	2.45e-20	2.60e-13	3.38e-07	1.00e+00	1.21e-04	0.00e+00
 1.12592e+12	0.00e+00	4.63e-28	2.88e-20	2.93e-13	3.60e-07	1.00e+00	1.13e-04	0.00e+00
 1.17958e+12	1.10e-36	5.76e-28	3.43e-20	3.32e-13	3.84e-07	1.00e+00	1.06e-04	0.00e+00
 1.24906e+12	0.00e+00	7.55e-28	4.25e-20	3.88e-13	4.18e-07	1.00e+00	9.79e-05	0.00e+00
 1.32130e+12	2.13e-36	9.92e-28	5.27e-20	4.53e-13	4.55e-07	1.00e+00	9.02e-05	0.00e+00
 1.38297e+12	0.00e+00	1.24e-27	6.30e-20	5.14e-13	4.86e-07	1.00e+00	8.43e-05	0.00e+00
 1.44873e+12	3.71e-36	1.57e-27	7.56e-20	5.87e-13	5.22e-07	1.00e+00	7.86e-05	0.00e+00
 1.53059e+12	0.00e+00	2.07e-27	9.43e-20	6.88e-13	5.69e-07	1.00e+00	7.23e-05	0.00e+00
 1.61494e+12	7.29e-36	2.73e-27	1.17e-19	8.04e-13	6.18e-07	1.00e+00	6.66e-05	0.00e+00
 1.69082e+12	0.00e+00	3.48e-27	1.42e-19	9.21e-13	6.64e-07	1.00e+00	6.20e-05	0.00e+00
 1.77412e+12	1.33e-35	4.49e-27	1.73e-19	1.06e-12	7.18e-07	1.00e+00	5.74e-05	0.00e+00
 1.86508e+12	0.00e+00	5.88e-27	2.14e-19	1.24e-12	7.77e-07	1.00e+00	5.31e-05	0.00e+00
 1.94801e+12	2.47e-35	7.44e-27	2.58e-19	1.41e-12	8.36e-07	1.00e+00	4.94e-05	0.00e+00
 2.03783e+12	0.00e+00	9.54e-27	3.13e-19	1.62e-12	9.00e-07	1.00e+00	4.59e-05	0.00e+00
 2.13835e+12	4.64e-35	1.25e-26	3.87e-19	1.88e-12	9.74e-07	1.00e+00	4.25e-05	0.00e+00
 2.23336e+12	0.00e+00	1.60e-26	4.69e-19	2.16e-12	1.05e-06	1.00e+00	3.95e-05	0.00e+00
 2.33745e+12	8.59e-35	2.07e-26	5.75e-19	2.50e-12	1.13e-06	1.00e+00	3.66e-05	0.00e+00
 2.45264e+12	0.00e+00	2.73e-26	7.15e-19	2.91e-12	1.23e-06	1.00e+00	3.38e-05	0.00e+00
 2.55971e+12	1.63e-34	3.51e-26	8.69e-19	3.34e-12	1.32e-06	1.00e+00	3.14e-05	0.00e+00
 2.67638e+12	2.25e-34	4.56e-26	1.07e-18	3.86e-12	1.43e-06	1.00e+00	2.91e-05	0.00e+00
 2.80704e+12	3.18e-34	6.06e-26	1.33e-18	4.52e-12	1.55e-06	1.00e+00	2.68e-05	0.00e+00
 2.93072e+12	4.38e-34	7.86e-26	1.63e-18	5.21e-12	1.67e-06	1.00e+00	2.49e-05	0.00e+00
 3.06442e+12	6.11e-34	1.03e-25	2.01e-18	6.04e-12	1.81e-06	1.00e+00	2.30e-05	0.00e+00
 3.21333e+12	8.71e-34	1.38e-25	2.53e-18	7.09e-12	1.97e-06	1.00e+00	2.12e-05	0.00e+00
 3.35657e+12	1.21e-33	1.81e-25	3.12e-18	8.21e-12	2.13e-06	1.00e+00	1.96e-05	0.00e+00
 3.50914e+12	1.71e-33	2.39e-25	3.87e-18	9.54e-12	2.30e-06	1.00e+00	1.81e-05	0.00e+00
 3.67943e+12	2.46e-33	3.21e-25	4.87e-18	1.12e-11	2.51e-06	1.00e+00	1.67e-05	0.00e+00
 3.84996e+12	3.51e-33	4.29e-25	6.10e-18	1.31e-11	2.72e-06	1.00e+00	1.54e-05	0.00e+00
 4.02730e+12	5.01e-33	5.73e-25	7.62e-18	1.53e-11	2.95e-06	1.00e+00	1.42e-05	0.00e+00
 4.21832e+12	7.23e-33	7.74e-25	9.61e-18	1.80e-11	3.21e-06	1.00e+00	1.30e-05	0.00e+00
 4.41698e+12	1.05e-32	1.05e-24	1.21e-17	2.11e-11	3.49e-06	1.00e+00	1.20e-05	0.00e+00
 4.61214e+12	1.49e-32	1.39e-24	1.51e-17	2.46e-11	3.78e-06	1.00e+00	1.11e-05	0.00e+00
 4.79408e+12	2.04e-32	1.80e-24	1.84e-17	2.82e-11	4.06e-06	1.00e+00	1.03e-05	0.00e+00
 4.95856e+12	2.69e-32	2.25e-24	2.19e-17	3.17e-11	4.32e-06	1.00e+00	9.71e-06	0.00e+00
 5.13432e+12	3.59e-32	2.84e-24	2.62e-17	3.59e-11	4.60e-06	1.00e+00	9.11e-06	0.00e+00
 5.35329e+12	5.09e-32	3.77e-24	3.25e-17	4.17e-11	4.97e-06	1.00e+00	8.44e-06	0.00e+00
 5.57243e+12	7.13e-32	4.95e-24	4.01e-17	4.81e-11	5.35e-06	1.00e+00	7.84e-06	0.00e+00
 5.75992e+12	9.44e-32	6.21e-24	4.77e-17	5.42e-11	5.69e-06	1.00e+00	7.37e-06	0.00e+00
 5.96230e+12	1.27e-31	7.89e-24	5.72e-17	6.13e-11	6.07e-06	1.00e+00	6.92e-06	0.00e+00
 6.21319e+12	1.80e-31	1.05e-23	7.11e-17	7.12e-11	6.55e-06	1.00e+00	6.41e-06	0.00e+00
 6.46525e+12	2.54e-31	1.38e-23	8.79e-17	8.22e-11	7.05e-06	1.00e+00	5.96e-06	0.00e+00
 6.68276e+12	3.39e-31	1.75e-23	1.05e-16	9.27e-11	7.50e-06	1.00e+00	5.60e-06	0.00e+00
 6.91725e+12	4.58e-31	2.23e-23	1.26e-16	1.05e-10	8.00e-06	1.00e+00	5.26e-06	0.00e+00
 7.20574e+12	6.56e-31	2.97e-23	1.57e-16	1.22e-10	8.63e-06	1.00e+00	4.87e-06	0.00e+00
 7.49718e+12	9.31e-31	3.94e-23	1.95e-16	1.41e-10	9.29e-06	1.00e+00	4.52e-06	0.00e+00
 7.75485e+12	1.26e-30	5.03e-23	2.34e-16	1.60e-10	9.90e-06	1.00e+00	4.25e-06	0.00e+00
 8.03590e+12	1.73e-30	6.49e-23	2.84e-16	1.82e-10	1.06e-05	1.00e+00	3.98e-06	0.00e+00
 8.37361e+12	2.50e-30	8.73e-23	3.56e-16	2.12e-10	1.14e-05	1.00e+00	3.68e-06	0.00e+00
 8.71053e+12	3.57e-30	1.16e-22	4.42e-16	2.45e-10	1.23e-05	1.00e+00	3.42e-06	0.00e+00
 9.01673e+12	4.90e-30	1.50e-22	5.35e-16	2.79e-10	1.31e-05	1.00e+00	3.21e-06	0.00e+00
 9.35744e+12	6.87e-30	1.96e-22	6.56e-16	3.20e-10	1.41e-05	1.00e+00	2.99e-06	0.00e+00
 9.75598e+12	1.00e-29	2.67e-22	8.27e-16	3.74e-10	1.52e-05	1.00e+00	2.76e-06	0.00e+00
 1.01492e+13	1.44e-29	3.57e-22	1.03e-15	4.33e-10	1.64e-05	1.00e+00	2.57e-06	0.00e+00
 1.05201e+13	2.01e-29	4.65e-22	1.26e-15	4.95e-10	1.75e-05	1.00e+00	2.40e-06	0.00e+00
 1.09330e+13	2.87e-29	6.19e-22	1.56e-15	5.72e-10	1.89e-05	1.00e+00	2.23e-06	0.00e+00
 1.14002e+13	4.23e-29	8.45e-22	1.97e-15	6.70e-10	2.04e-05	1.00e+00	2.06e-06	0.00e+00
 1.18682e+13	6.15e-29	1.14e-21	2.47e-15	7.79e-10	2.21e-05	1.00e+00	1.91e-06	0.00e+00
 1.23549e+13	8.95e-29	1.54e-21	3.10e-15	9.07e-10	2.38e-05	1.00e+00	1.77e-06	0.00e+00
 1.28790e+13	1.32e-28	2.10e-21	3.92e-15	1.06e-09	2.58e-05	1.00e+00	1.63e-06	0.00e+00
 1.33855e+13	1.89e-28	2.81e-21	4.88e-15	1.23e-09	2.77e-05	1.00e+00	1.52e-06	0.00e+00
 1.38603e+13	2.63e-28	3.65e-21	5.95e-15	1.40e-09	2.97e-05	1.00e+00	1.42e-06	0.00e+00
 1.43927e+13	3.74e-28	4.85e-21	7.36e-15	1.62e-09	3.19e-05	1.00e+00	1.32e-06	0.00e+00
 1.49299e+13	5.27e-28	6.39e-21	9.07e-15	1.86e-09	3.42e-05	1.00e+00	1.23e-06	0.00e+00
 1.53743e+13	6.95e-28	7.98e-21	1.07e-14	2.08e-09	3.62e-05	1.00e+00	1.16e-06	0.00e+00
 1.58435e+13	9.21e-28	1.00e-20	1.27e-14	2.34e-09	3.84e-05	1.00e+00	1.10e-06	0.00e+00
 1.64458e+13	1.31e-27	1.33e-20	1.57e-14	2.70e-09	4.13e-05	1.00e+00	1.02e-06	0.00e+00
 1.70787e+13	1.86e-27	1.76e-20	1.95e-14	3.12e-09	4.45e-05	1.00e+00	9.48e-07	0.00e+00
 1.76361e+13	2.52e-27	2.25e-20	2.35e-14	3.53e-09	4.73e-05	1.00e+00	0.00e+00	0.00e+00
 1.82381e+13	3.46e-27	2.90e-20	2.84e-14	4.02e-09	5.05e-05	1.00e+00	0.00e+00	0.00e+00
 1.89648e+13	4.99e-27	3.89e-20	3.56e-14	4.68e-09	5.46e-05	1.00e+00	0.00e+00	0.00e+00
 1.97024e+13	7.14e-27	5.20e-20	4.43e-14	5.43e-09	5.89e-05	1.00e+00	0.00e+00	0.00e+00
 2.03898e+13	9.86e-27	6.74e-20	5.39e-14	6.20e-09	6.30e-05	1.00e+00	0.00e+00	0.00e+00
 2.11555e+13	1.39e-26	8.91e-20	6.66e-14	7.15e-09	6.78e-05	1.00e+00	0.00e+00	0.00e+00
 2.19715e+13	1.99e-26	1.19e-19	8.28e-14	8.29e-09	7.31e-05	1.00e+00	0.00e+00	0.00e+00
 2.26967e+13	2.70e-26	1.52e-19	9.99e-14	9.41e-09	7.80e-05	1.00e+00	0.00e+00	0.00e+00
 2.34756e+13	3.70e-26	1.96e-19	1.21e-13	1.07e-08	8.34e-05	1.00e+00	0.00e+00	0.00e+00
 2.44092e+13	5.33e-26	2.63e-19	1.52e-13	1.25e-08	9.02e-05	1.00e+00	0.00e+00	0.00e+00
 2.53274e+13	7.53e-26	3.48e-19	1.88e-13	1.45e-08	9.72e-05	1.00e+00	0.00e+00	0.00e+00
 2.61438e+13	1.02e-25	4.42e-19	2.26e-13	1.64e-08	1.04e-04	1.00e+00	0.00e+00	0.00e+00
 2.70442e+13	1.39e-25	5.71e-19	2.74e-13	1.87e-08	1.11e-04	1.00e+00	0.00e+00	0.00e+00
 2.81192e+13	2.01e-25	7.67e-19	3.44e-13	2.18e-08	1.20e-04	1.00e+00	0.00e+00	0.00e+00
 2.91877e+13	2.85e-25	1.02e-18	4.27e-13	2.52e-08	1.29e-04	1.00e+00	0.00e+00	0.00e+00
 3.01634e+13	3.88e-25	1.31e-18	5.16e-13	2.87e-08	1.38e-04	1.00e+00	0.00e+00	0.00e+00
 3.12519e+13	5.41e-25	1.71e-18	6.34e-13	3.30e-08	1.49e-04	1.00e+00	0.00e+00	0.00e+00
 3.25195e+13	7.86e-25	2.31e-18	7.98e-13	3.86e-08	1.61e-04	1.00e+00	0.00e+00	0.00e+00
 3.37644e+13	1.12e-24	3.08e-18	9.93e-13	4.48e-08	1.74e-04	1.00e+00	0.00e+00	0.00e+00
 3.49389e+13	1.55e-24	4.00e-18	1.21e-12	5.13e-08	1.86e-04	1.00e+00	0.00e+00	0.00e+00
 3.62461e+13	2.19e-24	5.28e-18	1.50e-12	5.93e-08	2.01e-04	1.00e+00	0.00e+00	0.00e+00
 3.77259e+13	3.19e-24	7.17e-18	1.89e-12	6.94e-08	2.18e-04	1.00e+00	0.00e+00	0.00e+00
 3.92062e+13	4.60e-24	9.63e-18	2.37e-12	8.08e-08	2.35e-04	1.00e+00	0.00e+00	0.00e+00
 4.05933e+13	6.39e-24	1.26e-17	2.90e-12	9.27e-08	2.52e-04	1.00e+00	0.00e+00	0.00e+00
 4.20946e+13	9.02e-24	1.66e-17	3.58e-12	1.07e-07	2.72e-04	1.00e+00	0.00e+00	0.00e+00
 4.37736e+13	1.31e-23	2.24e-17	4.50e-12	1.25e-07	2.94e-04	1.00e+00	0.00e+00	0.00e+00
 4.53440e+13	1.83e-23	2.94e-17	5.54e-12	1.44e-07	3.16e-04	1.00e+00	0.00e+00	0.00e+00
 4.68007e+13	2.48e-23	3.75e-17	6.66e-12	1.63e-07	3.37e-04	1.00e+00	0.00e+00	0.00e+00
 4.82030e+13	3.28e-23	4.70e-17	7.92e-12	1.83e-07	3.57e-04	1.00e+00	0.00e+00	0.00e+00
 4.97605e+13	4.45e-23	6.01e-17	9.54e-12	2.08e-07	3.81e-04	1.00e+00	0.00e+00	0.00e+00
 5.14849e+13	6.17e-23	7.82e-17	1.17e-11	2.38e-07	4.08e-04	1.00e+00	0.00e+00	0.00e+00
 5.30928e+13	8.29e-23	9.92e-17	1.40e-11	2.68e-07	4.34e-04	1.00e+00	0.00e+00	0.00e+00
 5.48496e+13	1.13e-22	1.28e-16	1.69e-11	3.05e-07	4.64e-04	1.00e+00	0.00e+00	0.00e+00
 5.68254e+13	1.59e-22	1.68e-16	2.08e-11	3.51e-07	4.98e-04	1.00e+00	0.00e+00	0.00e+00
 5.87063e+13	2.18e-22	2.16e-16	2.52e-11	4.00e-07	5.32e-04	9.99e-01	0.00e+00	0.00e+00
 6.07717e+13	3.04e-22	2.83e-16	3.09e-11	4.58e-07	5.70e-04	9.99e-01	0.00e+00	0.00e+00
 6.30478e+13	4.33e-22	3.76e-16	3.83e-11	5.30e-07	6.14e-04	9.99e-01	0.00e+00	0.00e+00
 6.51422e+13	5.94e-22	4.85e-16	4.65e-11	6.04e-07	6.56e-04	9.99e-01	0.00e+00	0.00e+00
 6.74092e+13	8.26e-22	6.32e-16	5.68e-11	6.91e-07	7.03e-04	9.99e-01	0.00e+00	0.00e+00
 6.99450e+13	1.18e-21	8.41e-16	7.06e-11	8.01e-07	7.58e-04	9.99e-01	0.00e+00	0.00e+00
 7.23325e+13	1.63e-21	1.09e-15	8.61e-11	9.15e-07	8.11e-04	9.99e-01	0.00e+00	0.00e+00
 7.49383e+13	2.29e-21	1.44e-15	1.06e-10	1.05e-06	8.71e-04	9.99e-01	0.00e+00	0.00e+00
 7.78334e+13	3.30e-21	1.93e-15	1.33e-10	1.22e-06	9.41e-04	9.99e-01	0.00e+00	0.00e+00
 8.05370e+13	4.58e-21	2.51e-15	1.62e-10	1.40e-06	1.01e-03	9.99e-01	0.00e+00	0.00e+00
 8.34697e+13	6.44e-21	3.31e-15	2.00e-10	1.62e-06	1.08e-03	9.99e-01	0.00e+00	0.00e+00
 8.67487e+13	9.30e-21	4.45e-15	2.51e-10	1.89e-06	1.17e-03	9.99e-01	0.00e+00	0.00e+00
 8.98687e+13	1.30e-20	5.85e-15	3.09e-10	2.17e-06	1.26e-03	9.99e-01	0.00e+00	0.00e+00
 9.32032e+13	1.84e-20	7.73e-15	3.82e-10	2.51e-06	1.36e-03	9.99e-01	0.00e+00	0.00e+00
 9.69613e+13	2.67e-20	1.05e-14	4.82e-10	2.94e-06	1.48e-03	9.99e-01	0.00e+00	0.00e+00
 1.00671e+14	3.80e-20	1.39e-14	6.01e-10	3.42e-06	1.60e-03	9.98e-01	0.00e+00	0.00e+00
 1.04528e+14	5.40e-20	1.85e-14	7.49e-10	3.97e-06	1.73e-03	9.98e-01	0.00e+00	0.00e+00
 1.08739e+14	7.80e-20	2.50e-14	9.44e-10	4.65e-06	1.88e-03	9.98e-01	0.00e+00	0.00e+00
 1.12906e+14	1.10e-19	3.32e-14	1.18e-09	5.41e-06	2.03e-03	9.98e-01	0.00e+00	0.00e+00
 1.16376e+14	1.46e-19	4.17e-14	1.40e-09	6.11e-06	2.16e-03	9.98e-01	0.00e+00	0.00e+00
 1.19174e+14	1.82e-19	4.98e-14	1.61e-09	6.72e-06	2.28e-03	9.98e-01	0.00e+00	0.00e+00
 1.22275e+14	2.29e-19	6.03e-14	1.87e-09	7.45e-06	2.40e-03	9.98e-01	0.00e+00	0.00e+00
 1.26307e+14	3.07e-19	7.68e-14	2.26e-09	8.48e-06	2.58e-03	9.97e-01	0.00e+00	0.00e+00
 1.30631e+14	4.16e-19	9.85e-14	2.75e-09	9.71e-06	2.77e-03	9.97e-01	0.00e+00	0.00e+00
 1.34470e+14	5.39e-19	1.22e-13	3.25e-09	1.09e-05	2.95e-03	9.97e-01	0.00e+00	0.00e+00
 1.38595e+14	7.05e-19	1.52e-13	3.87e-09	1.23e-05	3.15e-03	9.97e-01	0.00e+00	0.00e+00
 1.43760e+14	9.74e-19	1.99e-13	4.78e-09	1.43e-05	3.41e-03	9.97e-01	0.00e+00	0.00e+00
 1.48996e+14	1.33e-18	2.58e-13	5.88e-09	1.65e-05	3.69e-03	9.96e-01	0.00e+00	0.00e+00
 1.53534e+14	1.73e-18	3.21e-13	6.99e-09	1.86e-05	3.94e-03	9.96e-01	0.00e+00	0.00e+00
 1.58447e+14	2.27e-18	4.02e-13	8.38e-09	2.11e-05	4.22e-03	9.96e-01	0.00e+00	0.00e+00
 1.64463e+14	3.13e-18	5.26e-13	1.04e-08	2.45e-05	4.59e-03	9.95e-01	0.00e+00	0.00e+00
 1.70549e+14	4.27e-18	6.81e-13	1.28e-08	2.84e-05	4.97e-03	9.95e-01	0.00e+00	0.00e+00
 1.75977e+14	5.57e-18	8.52e-13	1.53e-08	3.22e-05	5.34e-03	9.95e-01	0.00e+00	0.00e+00
 1.81915e+14	7.38e-18	1.08e-12	1.86e-08	3.68e-05	5.75e-03	9.94e-01	0.00e+00	0.00e+00
 1.88991e+14	1.02e-17	1.41e-12	2.32e-08	4.29e-05	6.26e-03	9.94e-01	0.00e+00	0.00e+00
 1.95982e+14	1.38e-17	1.83e-12	2.85e-08	4.97e-05	6.80e-03	9.93e-01	0.00e+00	0.00e+00
 2.02315e+14	1.80e-17	2.29e-12	3.43e-08	5.64e-05	7.30e-03	9.93e-01	0.00e+00	0.00e+00
 2.09359e+14	2.39e-17	2.91e-12	4.18e-08	6.48e-05	7.89e-03	9.92e-01	0.00e+00	0.00e+00
 2.17622e+14	3.30e-17	3.83e-12	5.23e-08	7.57e-05	8.61e-03	9.91e-01	0.00e+00	0.00e+00
 2.25760e+14	4.48e-17	4.96e-12	6.46e-08	8.77e-05	9.36e-03	9.91e-01	0.00e+00	0.00e+00
 2.33348e+14	5.90e-17	6.27e-12	7.83e-08	1.00e-04	1.01e-02	9.90e-01	0.00e+00	0.00e+00
 2.41836e+14	7.94e-17	8.07e-12	9.64e-08	1.15e-04	1.09e-02	9.89e-01	0.00e+00	0.00e+00
 2.51539e+14	1.10e-16	1.07e-11	1.21e-07	1.35e-04	1.20e-02	9.88e-01	0.00e+00	0.00e+00
 2.61127e+14	1.79e-16	1.39e-11	1.51e-07	1.57e-04	1.30e-02	9.87e-01	0.00e+00	0.00e+00
 2.71098e+14	2.47e-16	1.81e-11	1.88e-07	1.82e-04	1.42e-02	9.86e-01	0.00e+00	0.00e+00
 2.80156e+14	3.28e-16	2.29e-11	2.28e-07	2.08e-04	1.53e-02	9.85e-01	0.00e+00	0.00e+00
 2.86933e+14	4.02e-16	2.72e-11	2.62e-07	2.29e-04	1.61e-02	9.84e-01	0.00e+00	0.00e+00
 2.93945e+14	4.95e-16	3.23e-11	3.02e-07	2.52e-04	1.70e-02	9.83e-01	0.00e+00	0.00e+00
 3.03061e+14	6.43e-16	4.02e-11	3.61e-07	2.85e-04	1.82e-02	9.81e-01	0.00e+00	0.00e+00
 3.12970e+14	8.50e-16	5.07e-11	4.37e-07	3.24e-04	1.96e-02	9.80e-01	0.00e+00	0.00e+00
 3.21940e+14	1.09e-15	6.22e-11	5.17e-07	3.63e-04	2.09e-02	9.79e-01	0.00e+00	0.00e+00
 3.31633e+14	1.40e-15	7.71e-11	6.16e-07	4.09e-04	2.23e-02	9.77e-01	0.00e+00	0.00e+00
 3.43869e+14	1.93e-15	1.00e-10	7.64e-07	4.73e-04	2.42e-02	9.75e-01	0.00e+00	0.00e+00
 3.56190e+14	2.63e-15	1.30e-10	9.43e-07	5.44e-04	2.62e-02	9.73e-01	0.00e+00	0.00e+00
 3.66599e+14	3.39e-15	1.60e-10	1.12e-06	6.10e-04	2.79e-02	9.71e-01	0.00e+00	0.00e+00
 3.77739e+14	4.40e-15	1.99e-10	1.34e-06	6.88e-04	2.98e-02	9.69e-01	0.00e+00	0.00e+00
 3.91732e+14	6.09e-15	2.61e-10	1.67e-06	7.96e-04	3.24e-02	9.67e-01	0.00e+00	0.00e+00
 4.06406e+14	8.45e-15	3.43e-10	2.08e-06	9.23e-04	3.51e-02	9.64e-01	0.00e+00	0.00e+00
 4.19692e+14	1.11e-14	4.35e-10	2.52e-06	1.05e-03	3.77e-02	9.61e-01	0.00e+00	0.00e+00
 4.34200e+14	1.50e-14	5.61e-10	3.10e-06	1.20e-03	4.06e-02	9.58e-01	0.00e+00	0.00e+00
 4.51263e+14	2.12e-14	7.49e-10	3.91e-06	1.40e-03	4.42e-02	9.54e-01	0.00e+00	0.00e+00
 4.67956e+14	2.94e-14	9.83e-10	4.87e-06	1.62e-03	4.79e-02	9.50e-01	0.00e+00	0.00e+00
 4.83256e+14	3.95e-14	1.25e-09	5.91e-06	1.84e-03	5.13e-02	9.47e-01	0.00e+00	0.00e+00
 5.00435e+14	5.42e-14	1.63e-09	7.31e-06	2.12e-03	5.54e-02	9.43e-01	0.00e+00	0.00e+00
 5.20363e+14	7.75e-14	2.20e-09	9.28e-06	2.48e-03	6.03e-02	9.37e-01	0.00e+00	0.00e+00
 5.39886e+14	1.09e-13	2.91e-09	1.16e-05	2.87e-03	6.52e-02	9.32e-01	0.00e+00	0.00e+00
 5.58453e+14	1.48e-13	3.78e-09	1.42e-05	3.29e-03	7.01e-02	9.27e-01	0.00e+00	0.00e+00
 5.79084e+14	2.07e-13	4.99e-09	1.78e-05	3.80e-03	7.57e-02	9.20e-01	0.00e+00	0.00e+00
 5.98584e+14	2.83e-13	6.45e-09	2.18e-05	4.34e-03	8.12e-02	9.14e-01	0.00e+00	0.00e+00
 6.13147e+14	3.52e-13	7.75e-09	2.52e-05	4.78e-03	8.55e-02	9.10e-01	0.00e+00	0.00e+00
 6.27941e+14	4.39e-13	9.32e-09	2.91e-05	5.26e-03	8.99e-02	9.05e-01	0.00e+00	0.00e+00
 6.47174e+14	5.81e-13	1.18e-08	3.50e-05	5.92e-03	9.57e-02	8.98e-01	0.00e+00	0.00e+00
 6.68114e+14	7.82e-13	1.51e-08	4.25e-05	6.72e-03	1.02e-01	8.91e-01	0.00e+00	0.00e+00
 6.87036e+14	1.02e-12	1.87e-08	5.04e-05	7.51e-03	1.08e-01	8.84e-01	0.00e+00	0.00e+00
 7.07398e+14	1.34e-12	2.35e-08	6.02e-05	8.43e-03	1.15e-01	8.76e-01	0.00e+00	0.00e+00
 7.33300e+14	1.88e-12	3.11e-08	7.50e-05	9.72e-03	1.24e-01	8.66e-01	0.00e+00	0.00e+00
 7.59390e+14	2.60e-12	4.08e-08	9.27e-05	1.11e-02	1.33e-01	8.56e-01	0.00e+00	0.00e+00
 7.81146e+14	3.38e-12	5.09e-08	1.10e-04	1.25e-02	1.41e-01	8.47e-01	0.00e+00	0.00e+00
 8.04280e+14	4.46e-12	6.39e-08	1.31e-04	1.40e-02	1.49e-01	8.37e-01	0.00e+00	0.00e+00
 8.33719e+14	6.24e-12	8.46e-08	1.63e-04	1.61e-02	1.60e-01	8.24e-01	0.00e+00	0.00e+00
 8.64571e+14	8.77e-12	1.12e-07	2.03e-04	1.85e-02	1.71e-01	8.10e-01	0.00e+00	0.00e+00
 8.91670e+14	1.17e-11	1.43e-07	2.45e-04	2.08e-02	1.81e-01	7.97e-01	0.00e+00	0.00e+00
 9.20671e+14	1.58e-11	1.83e-07	2.97e-04	2.36e-02	1.93e-01	7.83e-01	0.00e+00	0.00e+00
 9.55819e+14	2.24e-11	2.45e-07	3.71e-04	2.72e-02	2.06e-01	7.66e-01	0.00e+00	0.00e+00
 9.90777e+14	3.13e-11	3.24e-07	4.60e-04	3.11e-02	2.20e-01	7.48e-01	0.00e+00	0.00e+00
 1.02175e+15	4.17e-11	4.11e-07	5.52e-04	3.49e-02	2.32e-01	7.32e-01	0.00e+00	0.00e+00
 1.05572e+15	5.65e-11	5.29e-07	6.69e-04	3.94e-02	2.46e-01	7.14e-01	0.00e+00	0.00e+00
 1.09301e+15	7.76e-11	6.90e-07	8.21e-04	4.47e-02	2.60e-01	6.94e-01	0.00e+00	0.00e+00
 1.12711e+15	1.03e-10	8.71e-07	9.81e-04	5.00e-02	2.74e-01	6.76e-01	0.00e+00	0.00e+00
 1.15630e+15	1.29e-10	1.06e-06	1.14e-03	5.48e-02	2.85e-01	6.59e-01	0.00e+00	0.00e+00
 1.18661e+15	1.64e-10	1.29e-06	1.32e-03	6.01e-02	2.96e-01	6.42e-01	0.00e+00	0.00e+00
 1.22602e+15	2.21e-10	1.65e-06	1.59e-03	6.74e-02	3.11e-01	6.20e-01	0.00e+00	0.00e+00
 1.26564e+15	2.93e-10	2.09e-06	1.91e-03	7.51e-02	3.25e-01	5.98e-01	0.00e+00	0.00e+00
 1.29748e+15	3.67e-10	2.51e-06	2.19e-03	8.18e-02	3.36e-01	5.80e-01	0.00e+00	0.00e+00
 1.33080e+15	4.62e-10	3.04e-06	2.53e-03	8.90e-02	3.47e-01	5.61e-01	0.00e+00	0.00e+00
 1.37413e+15	6.17e-10	3.87e-06	3.02e-03	9.90e-02	3.61e-01	5.37e-01	0.00e+00	0.00e+00
 1.41917e+15	8.21e-10	4.90e-06	3.61e-03	1.10e-01	3.75e-01	5.12e-01	0.00e+00	0.00e+00
 1.45762e+15	1.04e-09	5.95e-06	4.16e-03	1.19e-01	3.85e-01	4.91e-01	0.00e+00	0.00e+00
 1.49879e+15	1.33e-09	7.30e-06	4.84e-03	1.30e-01	3.96e-01	4.69e-01	0.00e+00	0.00e+00
 1.55230e+15	1.82e-09	9.43e-06	5.84e-03	1.45e-01	4.09e-01	4.40e-01	0.00e+00	0.00e+00
 1.60688e+15	2.45e-09	1.20e-05	6.98e-03	1.60e-01	4.21e-01	4.12e-01	0.00e+00	0.00e+00
 1.65114e+15	3.08e-09	1.46e-05	8.02e-03	1.73e-01	4.29e-01	3.91e-01	0.00e+00	0.00e+00
 1.69696e+15	3.92e-09	1.77e-05	9.22e-03	1.86e-01	4.36e-01	3.69e-01	0.00e+00	0.00e+00
 1.75653e+15	5.28e-09	2.26e-05	1.10e-02	2.05e-01	4.44e-01	3.41e-01	0.00e+00	0.00e+00
 1.81821e+15	7.04e-09	2.85e-05	1.30e-02	2.23e-01	4.50e-01	3.14e-01	0.00e+00	0.00e+00
 1.87014e+15	8.88e-09	3.44e-05	1.49e-02	2.39e-01	4.53e-01	2.93e-01	0.00e+00	0.00e+00
 1.92516e+15	1.14e-08	4.20e-05	1.71e-02	2.57e-01	4.55e-01	2.71e-01	0.00e+00	0.00e+00
 1.98458e+15	1.46e-08	5.13e-05	1.97e-02	2.75e-01	4.56e-01	2.49e-01	0.00e+00	0.00e+00
 2.03783e+15	1.81e-08	6.09e-05	2.22e-02	2.92e-01	4.55e-01	2.31e-01	0.00e+00	0.00e+00
 2.08505e+15	2.17e-08	7.06e-05	2.46e-02	3.06e-01	4.54e-01	2.15e-01	0.00e+00	0.00e+00
 2.13634e+15	2.66e-08	8.29e-05	2.75e-02	3.22e-01	4.51e-01	1.99e-01	0.00e+00	0.00e+00
 2.19295e+15	3.28e-08	9.79e-05	3.08e-02	3.39e-01	4.47e-01	1.83e-01	0.00e+00	0.00e+00
 2.24784e+15	3.99e-08	1.14e-04	3.43e-02	3.55e-01	4.42e-01	1.68e-01	0.00e+00	0.00e+00
 2.30122e+15	4.81e-08	1.33e-04	3.79e-02	3.71e-01	4.36e-01	1.55e-01	0.00e+00	0.00e+00
 2.36123e+15	5.94e-08	1.56e-04	4.24e-02	3.88e-01	4.29e-01	1.41e-01	0.00e+00	0.00e+00
 2.42829e+15	7.40e-08	1.86e-04	4.76e-02	4.06e-01	4.19e-01	1.27e-01	0.00e+00	0.00e+00
 2.49179e+15	9.04e-08	2.17e-04	5.28e-02	4.23e-01	4.10e-01	1.15e-01	0.00e+00	0.00e+00
 2.55014e+15	1.08e-07	2.49e-04	5.80e-02	4.37e-01	4.00e-01	1.04e-01	0.00e+00	0.00e+00
 2.61455e+15	1.32e-07	2.91e-04	6.42e-02	4.53e-01	3.89e-01	9.37e-02	0.00e+00	0.00e+00
 2.68436e+15	1.62e-07	3.41e-04	7.13e-02	4.69e-01	3.76e-01	8.34e-02	0.00e+00	0.00e+00
 2.75002e+15	1.96e-07	3.93e-04	7.83e-02	4.83e-01	3.63e-01	7.48e-02	0.00e+00	0.00e+00
 2.81406e+15	2.33e-07	4.50e-04	8.56e-02	4.96e-01	3.51e-01	6.71e-02	0.00e+00	0.00e+00
 2.88713e+15	2.88e-07	5.29e-04	9.48e-02	5.10e-01	3.36e-01	5.89e-02	0.00e+00	0.00e+00
 2.96718e+15	3.55e-07	6.19e-04	1.05e-01	5.23e-01	3.20e-01	5.14e-02	0.00e+00	0.00e+00
 3.04139e+15	4.30e-07	7.15e-04	1.15e-01	5.34e-01	3.05e-01	4.50e-02	0.00e+00	0.00e+00
 3.10949e+15	5.11e-07	8.16e-04	1.25e-01	5.43e-01	2.91e-01	3.99e-02	0.00e+00	0.00e+00
 3.18452e+15	6.25e-07	9.48e-04	1.38e-01	5.52e-01	2.75e-01	3.46e-02	0.00e+00	0.00e+00
 3.26349e+15	7.53e-07	1.09e-03	1.50e-01	5.60e-01	2.59e-01	2.99e-02	0.00e+00	0.00e+00
 3.33349e+15	8.92e-07	1.24e-03	1.63e-01	5.65e-01	2.45e-01	2.62e-02	0.00e+00	0.00e+00
 3.41042e+15	1.09e-06	1.44e-03	1.78e-01	5.70e-01	2.29e-01	2.24e-02	0.00e+00	0.00e+00
 3.49132e+15	1.32e-06	1.66e-03	1.94e-01	5.72e-01	2.13e-01	1.91e-02	0.00e+00	0.00e+00
 3.55319e+15	1.51e-06	1.84e-03	2.07e-01	5.73e-01	2.01e-01	1.69e-02	0.00e+00	0.00e+00
 3.60067e+15	1.70e-06	2.00e-03	2.18e-01	5.73e-01	1.92e-01	1.52e-02	0.00e+00	0.00e+00
 3.65363e+15	1.95e-06	2.22e-03	2.31e-01	5.72e-01	1.81e-01	1.35e-02	0.00e+00	0.00e+00
 3.71251e+15	2.24e-06	2.46e-03	2.46e-01	5.70e-01	1.70e-01	1.19e-02	0.00e+00	0.00e+00
 3.76767e+15	2.55e-06	2.71e-03	2.60e-01	5.67e-01	1.60e-01	1.05e-02	0.00e+00	0.00e+00
 3.82801e+15	3.00e-06	3.06e-03	2.77e-01	5.62e-01	1.49e-01	9.05e-03	0.00e+00	0.00e+00
 3.88902e+15	3.44e-06	3.39e-03	2.94e-01	5.56e-01	1.38e-01	7.85e-03	0.00e+00	0.00e+00
 3.94045e+15	3.94e-06	3.74e-03	3.10e-01	5.50e-01	1.29e-01	6.87e-03	0.00e+00	0.00e+00
 3.98857e+15	4.45e-06	4.09e-03	3.26e-01	5.43e-01	1.21e-01	6.06e-03	0.00e+00	0.00e+00
 4.04288e+15	5.00e-06	4.47e-03	3.43e-01	5.35e-01	1.12e-01	5.26e-03	0.00e+00	0.00e+00
 4.11347e+15	6.30e-06	5.28e-03	3.70e-01	5.21e-01	9.98e-02	4.22e-03	0.00e+00	0.00e+00
 4.17560e+15	7.24e-06	5.86e-03	3.91e-01	5.09e-01	9.06e-02	3.55e-03	0.00e+00	0.00e+00
 4.21726e+15	8.13e-06	6.37e-03	4.08e-01	4.99e-01	8.43e-02	3.11e-03	0.00e+00	0.00e+00
 4.26193e+15	9.05e-06	6.91e-03	4.25e-01	4.88e-01	7.77e-02	2.70e-03	0.00e+00	0.00e+00
 4.32001e+15	1.11e-05	8.00e-03	4.51e-01	4.70e-01	6.89e-02	2.17e-03	0.00e+00	0.00e+00
 4.37397e+15	1.29e-05	8.92e-03	4.73e-01	4.54e-01	6.18e-02	1.79e-03	0.00e+00	0.00e+00
 4.41318e+15	1.45e-05	9.71e-03	4.90e-01	4.42e-01	5.67e-02	1.54e-03	0.00e+00	0.00e+00
 4.45475e+15	1.65e-05	1.07e-02	5.09e-01	4.28e-01	5.14e-02	1.30e-03	0.00e+00	0.00e+00
 4.50878e+15	2.00e-05	1.22e-02	5.35e-01	4.07e-01	4.46e-02	1.02e-03	0.00e+00	0.00e+00
 4.56065e+15	2.26e-05	1.34e-02	5.57e-01	3.90e-01	3.93e-02	8.26e-04	0.00e+00	0.00e+00
 4.60286e+15	2.72e-05	1.52e-02	5.78e-01	3.72e-01	3.45e-02	6.58e-04	0.00e+00	0.00e+00
 4.63998e+15	3.07e-05	1.65e-02	5.95e-01	3.57e-01	3.09e-02	5.48e-04	0.00e+00	0.00e+00
 4.66874e+15	3.39e-05	1.78e-02	6.08e-01	3.46e-01	2.83e-02	4.71e-04	0.00e+00	0.00e+00
 4.69317e+15	3.64e-05	1.87e-02	6.18e-01	3.36e-01	2.62e-02	4.16e-04	0.00e+00	0.00e+00
 4.72053e+15	4.04e-05	2.01e-02	6.31e-01	3.25e-01	2.38e-02	3.54e-04	0.00e+00	0.00e+00
 4.75071e+15	4.52e-05	2.18e-02	6.45e-01	3.12e-01	2.14e-02	2.97e-04	0.00e+00	0.00e+00
 4.77809e+15	5.13e-05	2.37e-02	6.58e-01	2.99e-01	1.92e-02	2.47e-04	0.00e+00	0.00e+00
 4.80080e+15	5.49e-05	2.49e-02	6.66e-01	2.91e-01	1.78e-02	2.17e-04	0.00e+00	0.00e+00
 4.82393e+15	6.04e-05	2.66e-02	6.76e-01	2.81e-01	1.62e-02	1.86e-04	0.00e+00	0.00e+00
 4.85399e+15	6.81e-05	2.89e-02	6.89e-01	2.68e-01	1.43e-02	1.51e-04	0.00e+00	0.00e+00
 4.88537e+15	7.73e-05	3.15e-02	7.01e-01	2.55e-01	1.25e-02	1.21e-04	0.00e+00	0.00e+00
 4.91138e+15	8.75e-05	3.43e-02	7.11e-01	2.43e-01	1.11e-02	9.90e-05	0.00e+00	0.00e+00
 4.93285e+15	9.58e-05	3.65e-02	7.19e-01	2.34e-01	1.00e-02	8.42e-05	0.00e+00	0.00e+00
 4.95548e+15	1.06e-04	3.90e-02	7.27e-01	2.25e-01	9.01e-03	7.04e-05	0.00e+00	0.00e+00
 4.98489e+15	1.20e-04	4.26e-02	7.36e-01	2.13e-01	7.78e-03	5.53e-05	0.00e+00	0.00e+00
 5.01508e+15	1.37e-04	4.65e-02	7.45e-01	2.01e-01	6.70e-03	4.33e-05	0.00e+00	0.00e+00
 5.03979e+15	1.52e-04	4.99e-02	7.52e-01	1.92e-01	5.91e-03	3.52e-05	0.00e+00	0.00e+00
 5.06542e+15	1.71e-04	5.39e-02	7.58e-01	1.82e-01	5.15e-03	2.80e-05	0.00e+00	0.00e+00
 5.09384e+15	1.93e-04	5.87e-02	7.64e-01	1.72e-01	4.41e-03	2.18e-05	0.00e+00	0.00e+00
 5.11989e+15	2.17e-04	6.34e-02	7.69e-01	1.63e-01	3.82e-03	1.72e-05	0.00e+00	0.00e+00
 5.14382e+15	2.42e-04	6.80e-02	7.73e-01	1.55e-01	3.33e-03	1.38e-05	0.00e+00	0.00e+00
 5.17101e+15	2.73e-04	7.38e-02	7.77e-01	1.46e-01	2.84e-03	1.06e-05	0.00e+00	0.00e+00
 5.20051e+15	3.13e-04	8.07e-02	7.80e-01	1.36e-01	2.38e-03	7.98e-06	0.00e+00	0.00e+00
 5.22674e+15	3.53e-04	8.72e-02	7.82e-01	1.28e-01	2.03e-03	6.17e-06	0.00e+00	0.00e+00
 5.25083e+15	3.93e-04	9.36e-02	7.83e-01	1.21e-01	1.75e-03	4.86e-06	0.00e+00	0.00e+00
 5.27843e+15	4.47e-04	1.02e-01	7.83e-01	1.13e-01	1.47e-03	3.64e-06	0.00e+00	0.00e+00
 5.30857e+15	5.14e-04	1.11e-01	7.82e-01	1.05e-01	1.21e-03	2.66e-06	0.00e+00	0.00e+00
 5.33580e+15	5.83e-04	1.21e-01	7.80e-01	9.78e-02	1.01e-03	2.01e-06	0.00e+00	0.00e+00
 5.36086e+15	6.56e-04	1.30e-01	7.77e-01	9.14e-02	8.55e-04	1.53e-06	0.00e+00	0.00e+00
 5.38936e+15	7.49e-04	1.42e-01	7.73e-01	8.44e-02	7.02e-04	1.12e-06	0.00e+00	0.00e+00
 5.42072e+15	8.70e-04	1.56e-01	7.66e-01	7.70e-02	5.64e-04	7.90e-07	0.00e+00	0.00e+00
 5.44928e+15	9.94e-04	1.69e-01	7.59e-01	7.07e-02	4.61e-04	0.00e+00	0.00e+00	0.00e+00
 5.47557e+15	1.13e-03	1.83e-01	7.50e-01	6.51e-02	3.80e-04	0.00e+00	0.00e+00	0.00e+00
 5.50544e+15	1.31e-03	2.00e-01	7.39e-01	5.89e-02	3.03e-04	0.00e+00	0.00e+00	0.00e+00
 5.53846e+15	1.54e-03	2.21e-01	7.25e-01	5.25e-02	2.35e-04	0.00e+00	0.00e+00	0.00e+00
 5.56877e+15	1.78e-03	2.41e-01	7.10e-01	4.71e-02	1.85e-04	0.00e+00	0.00e+00	0.00e+00
 5.60136e+15	2.10e-03	2.66e-01	6.90e-01	4.14e-02	1.41e-04	0.00e+00	0.00e+00	0.00e+00
 5.63664e+15	2.52e-03	2.96e-01	6.66e-01	3.57e-02	1.04e-04	0.00e+00	0.00e+00	0.00e+00
 5.66847e+15	2.96e-03	3.25e-01	6.41e-01	3.10e-02	7.86e-05	0.00e+00	0.00e+00	0.00e+00
 5.70287e+15	3.55e-03	3.59e-01	6.11e-01	2.62e-02	5.65e-05	0.00e+00	0.00e+00	0.00e+00
 5.74018e+15	4.32e-03	4.00e-01	5.74e-01	2.14e-02	3.90e-05	0.00e+00	0.00e+00	0.00e+00
 5.77276e+15	5.17e-03	4.40e-01	5.37e-01	1.77e-02	2.77e-05	0.00e+00	0.00e+00	0.00e+00
 5.80118e+15	6.04e-03	4.76e-01	5.03e-01	1.48e-02	2.02e-05	0.00e+00	0.00e+00	0.00e+00
 5.83268e+15	7.18e-03	5.18e-01	4.62e-01	1.19e-02	1.39e-05	0.00e+00	0.00e+00	0.00e+00
 5.86738e+15	8.71e-03	5.68e-01	4.14e-01	9.09e-03	8.87e-06	0.00e+00	0.00e+00	0.00e+00
 5.89812e+15	1.04e-02	6.14e-01	3.69e-01	6.97e-03	5.79e-06	0.00e+00	0.00e+00	0.00e+00
 5.92460e+15	1.21e-02	6.54e-01	3.29e-01	5.41e-03	3.89e-06	0.00e+00	0.00e+00	0.00e+00
 5.94784e+15	1.39e-02	6.88e-01	2.94e-01	4.26e-03	2.70e-06	0.00e+00	0.00e+00	0.00e+00
 5.96838e+15	1.57e-02	7.18e-01	2.63e-01	3.38e-03	1.90e-06	0.00e+00	0.00e+00	0.00e+00
 5.98815e+15	1.76e-02	7.46e-01	2.34e-01	2.67e-03	1.34e-06	0.00e+00	0.00e+00	0.00e+00
 6.01078e+15	2.01e-02	7.76e-01	2.02e-01	2.00e-03	8.73e-07	0.00e+00	0.00e+00	0.00e+00
 6.03431e+15	2.33e-02	8.05e-01	1.70e-01	1.44e-03	0.00e+00	0.00e+00	0.00e+00	0.00e+00
 6.05308e+15	2.62e-02	8.27e-01	1.46e-01	1.07e-03	0.00e+00	0.00e+00	0.00e+00	0.00e+00
 6.06820e+15	2.88e-02	8.42e-01	1.28e-01	8.42e-04	0.00e+00	0.00e+00	0.00e+00	0.00e+00
 6.08446e+15	3.20e-02	8.57e-01	1.10e-01	6.35e-04	0.00e+00	0.00e+00	0.00e+00	0.00e+00
 6.10265e+15	3.60e-02	8.72e-01	9.20e-02	4.57e-04	0.00e+00	0.00e+00	0.00e+00	0.00e+00
 6.11940e+15	4.03e-02	8.83e-01	7.69e-02	3.30e-04	0.00e+00	0.00e+00	0.00e+00	0.00e+00
 6.13411e+15	4.46e-02	8.90e-01	6.51e-02	2.45e-04	0.00e+00	0.00e+00	0.00e+00	0.00e+00
 6.14763e+15	4.91e-02	8.96e-01	5.52e-02	1.83e-04	0.00e+00	0.00e+00	0.00e+00	0.00e+00
 6.16276e+15	5.45e-02	9.00e-01	4.56e-02	1.30e-04	0.00e+00	0.00e+00	0.00e+00	0.00e+00
 6.17942e+15	6.16e-02	9.02e-01	3.65e-02	8.78e-05	0.00e+00	0.00e+00	0.00e+00	0.00e+00
 6.19403e+15	6.88e-02	9.02e-01	2.96e-02	6.06e-05	0.00e+00	0.00e+00	0.00e+00	0.00e+00
 6.20648e+15	7.57e-02	9.00e-01	2.45e-02	4.39e-05	0.00e+00	0.00e+00	0.00e+00	0.00e+00
 6.22015e+15	8.42e-02	8.96e-01	1.98e-02	3.02e-05	0.00e+00	0.00e+00	0.00e+00	0.00e+00
 6.23552e+15	9.48e-02	8.90e-01	1.54e-02	1.96e-05	0.00e+00	0.00e+00	0.00e+00	0.00e+00
 6.25003e+15	1.07e-01	8.81e-01	1.20e-02	1.27e-05	0.00e+00	0.00e+00	0.00e+00	0.00e+00
 6.26180e+15	1.18e-01	8.73e-01	9.70e-03	8.81e-06	0.00e+00	0.00e+00	0.00e+00	0.00e+00
 6.27118e+15	1.27e-01	8.65e-01	8.14e-03	6.53e-06	0.00e+00	0.00e+00	0.00e+00	0.00e+00
 6.28090e+15	1.38e-01	8.55e-01	6.76e-03	4.74e-06	0.00e+00	0.00e+00	0.00e+00	0.00e+00
 6.29192e+15	1.51e-01	8.44e-01	5.45e-03	3.28e-06	0.00e+00	0.00e+00	0.00e+00	0.00e+00
 6.30256e+15	1.64e-01	8.32e-01	4.40e-03	2.28e-06	0.00e+00	0.00e+00	0.00e+00	0.00e+00
 6.31150e+15	1.76e-01	8.20e-01	3.65e-03	1.66e-06	0.00e+00	0.00e+00	0.00e+00	0.00e+00
 6.31933e+15	1.88e-01	8.09e-01	3.10e-03	1.26e-06	0.00e+00	0.00e+00	0.00e+00	0.00e+00
 6.32549e+15	1.97e-01	8.01e-01	2.72e-03	1.01e-06	0.00e+00	0.00e+00	0.00e+00	0.00e+00
 6.32979e+15	2.03e-01	7.94e-01	2.48e-03	8.62e-07	0.00e+00	0.00e+00	0.00e+00	0.00e+00
 6.33384e+15	2.10e-01	7.88e-01	2.27e-03	0.00e+00	0.00e+00	0.00e+00	0.00e+00	0.00e+00
 6.33854e+15	2.17e-01	7.81e-01	2.04e-03	0.00e+00	0.00e+00	0.00e+00	0.00e+00	0.00e+00
 6.34363e+15	2.26e-01	7.72e-01	1.82e-03	0.00e+00	0.00e+00	0.00e+00	0.00e+00	0.00e+00
 6.34855e+15	2.34e-01	7.64e-01	1.63e-03	0.00e+00	0.00e+00	0.00e+00	0.00e+00	0.00e+00
 6.35322e+15	2.42e-01	7.57e-01	1.47e-03	0.00e+00	0.00e+00	0.00e+00	0.00e+00	0.00e+00
 6.35787e+15	2.50e-01	7.49e-01	1.32e-03	0.00e+00	0.00e+00	0.00e+00	0.00e+00	0.00e+00
 6.36257e+15	2.58e-01	7.40e-01	1.19e-03	0.00e+00	0.00e+00	0.00e+00	0.00e+00	0.00e+00
 6.36728e+15	2.67e-01	7.32e-01	1.07e-03	0.00e+00	0.00e+00	0.00e+00	0.00e+00	0.00e+00
 6.37195e+15	2.75e-01	7.24e-01	9.58e-04	0.00e+00	0.00e+00	0.00e+00	0.00e+00	0.00e+00
 6.37662e+15	2.84e-01	7.15e-01	8.59e-04	0.00e+00	0.00e+00	0.00e+00	0.00e+00	0.00e+00
 6.38133e+15	2.93e-01	7.06e-01	7.69e-04	0.00e+00	0.00e+00	0.00e+00	0.00e+00	0.00e+00
 6.38596e+15	3.02e-01	6.98e-01	6.90e-04	0.00e+00	0.00e+00	0.00e+00	0.00e+00	0.00e+00
 6.39057e+15	3.10e-01	6.89e-01	6.20e-04	0.00e+00	0.00e+00	0.00e+00	0.00e+00	0.00e+00
 6.39527e+15	3.19e-01	6.80e-01	5.54e-04	0.00e+00	0.00e+00	0.00e+00	0.00e+00	0.00e+00
 6.39997e+15	3.29e-01	6.71e-01	4.96e-04	0.00e+00	0.00e+00	0.00e+00	0.00e+00	0.00e+00
 6.40467e+15	3.38e-01	6.62e-01	4.44e-04	0.00e+00	0.00e+00	0.00e+00	0.00e+00	0.00e+00
 6.40939e+15	3.47e-01	6.53e-01	3.98e-04	0.00e+00	0.00e+00	0.00e+00	0.00e+00	0.00e+00
 6.41416e+15	3.57e-01	6.43e-01	3.55e-04	0.00e+00	0.00e+00	0.00e+00	0.00e+00	0.00e+00
 6.41900e+15	3.66e-01	6.34e-01	3.17e-04	0.00e+00	0.00e+00	0.00e+00	0.00e+00	0.00e+00
 6.42383e+15	3.76e-01	6.24e-01	2.83e-04	0.00e+00	0.00e+00	0.00e+00	0.00e+00	0.00e+00
 6.42868e+15	3.85e-01	6.14e-01	2.53e-04	0.00e+00	0.00e+00	0.00e+00	0.00e+00	0.00e+00
 6.43364e+15	3.95e-01	6.04e-01	2.26e-04	0.00e+00	0.00e+00	0.00e+00	0.00e+00	0.00e+00
 6.43872e+15	4.05e-01	5.94e-01	2.01e-04	0.00e+00	0.00e+00	0.00e+00	0.00e+00	0.00e+00
 6.44386e+15	4.16e-01	5.84e-01	1.79e-04	0.00e+00	0.00e+00	0.00e+00	0.00e+00	0.00e+00
 6.44899e+15	4.26e-01	5.74e-01	1.59e-04	0.00e+00	0.00e+00	0.00e+00	0.00e+00	0.00e+00
 6.45412e+15	4.37e-01	5.63e-01	1.42e-04	0.00e+00	0.00e+00	0.00e+00	0.00e+00	0.00e+00
 6.45932e+15	4.47e-01	5.53e-01	1.27e-04	0.00e+00	0.00e+00	0.00e+00	0.00e+00	0.00e+00
 6.46460e+15	4.58e-01	5.42e-01	1.14e-04	0.00e+00	0.00e+00	0.00e+00	0.00e+00	0.00e+00
 6.46998e+15	4.69e-01	5.31e-01	1.02e-04	0.00e+00	0.00e+00	0.00e+00	0.00e+00	0.00e+00
 6.47548e+15	4.80e-01	5.20e-01	9.12e-05	0.00e+00	0.00e+00	0.00e+00	0.00e+00	0.00e+00
 6.48112e+15	4.91e-01	5.09e-01	8.17e-05	0.00e+00	0.00e+00	0.00e+00	0.00e+00	0.00e+00
 6.48695e+15	5.02e-01	4.98e-01	7.32e-05	0.00e+00	0.00e+00	0.00e+00	0.00e+00	0.00e+00
 6.49301e+15	5.14e-01	4.86e-01	6.56e-05	0.00e+00	0.00e+00	0.00e+00	0.00e+00	0.00e+00
 6.49933e+15	5.27e-01	4.73e-01	5.88e-05	0.00e+00	0.00e+00	0.00e+00	0.00e+00	0.00e+00
 6.50597e+15	5.39e-01	4.61e-01	5.27e-05	0.00e+00	0.00e+00	0.00e+00	0.00e+00	0.00e+00
 6.51303e+15	5.52e-01	4.48e-01	4.72e-05	0.00e+00	0.00e+00	0.00e+00	0.00e+00	0.00e+00
 6.52056e+15	5.66e-01	4.34e-01	4.23e-05	0.00e+00	0.00e+00	0.00e+00	0.00e+00	0.00e+00
 6.52867e+15	5.80e-01	4.20e-01	3.80e-05	0.00e+00	0.00e+00	0.00e+00	0.00e+00	0.00e+00
 6.53758e+15	5.94e-01	4.06e-01	3.40e-05	0.00e+00	0.00e+00	0.00e+00	0.00e+00	0.00e+00
 6.54749e+15	6.08e-01	3.92e-01	3.05e-05	0.00e+00	0.00e+00	0.00e+00	0.00e+00	0.00e+00
 6.55872e+15	6.23e-01	3.77e-01	2.73e-05	0.00e+00	0.00e+00	0.00e+00	0.00e+00	0.00e+00
 6.57071e+15	6.38e-01	3.62e-01	2.45e-05	0.00e+00	0.00e+00	0.00e+00	0.00e+00	0.00e+00
 6.58264e+15	6.53e-01	3.47e-01	2.22e-05	0.00e+00	0.00e+00	0.00e+00	0.00e+00	0.00e+00
 6.59447e+15	6.65e-01	3.35e-01	2.04e-05	0.00e+00	0.00e+00	0.00e+00	0.00e+00	0.00e+00
 6.60804e+15	6.78e-01	3.22e-01	1.87e-05	0.00e+00	0.00e+00	0.00e+00	0.00e+00	0.00e+00
 6.62567e+15	6.93e-01	3.07e-01	1.67e-05	0.00e+00	0.00e+00	0.00e+00	0.00e+00	0.00e+00
 6.64525e+15	7.09e-01	2.91e-01	1.49e-05	0.00e+00	0.00e+00	0.00e+00	0.00e+00	0.00e+00
 6.66391e+15	7.24e-01	2.76e-01	1.35e-05	0.00e+00	0.00e+00	0.00e+00	0.00e+00	0.00e+00
 6.68209e+15	7.37e-01	2.63e-01	1.22e-05	0.00e+00	0.00e+00	0.00e+00	0.00e+00	0.00e+00
 6.70069e+15	7.51e-01	2.49e-01	1.10e-05	0.00e+00	0.00e+00	0.00e+00	0.00e+00	0.00e+00
 6.71975e+15	7.64e-01	2.36e-01	9.97e-06	0.00e+00	0.00e+00	0.00e+00	0.00e+00	0.00e+00
 6.73875e+15	7.77e-01	2.23e-01	9.00e-06	0.00e+00	0.00e+00	0.00e+00	0.00e+00	0.00e+00
 6.75737e+15	7.89e-01	2.11e-01	8.13e-06	0.00e+00	0.00e+00	0.00e+00	0.00e+00	0.00e+00
 6.77557e+15	8.01e-01	1.99e-01	7.36e-06	0.00e+00	0.00e+00	0.00e+00	0.00e+00	0.00e+00
 6.79345e+15	8.12e-01	1.88e-01	6.66e-06	0.00e+00	0.00e+00	0.00e+00	0.00e+00	0.00e+00
 6.81103e+15	8.23e-01	1.77e-01	6.03e-06	0.00e+00	0.00e+00	0.00e+00	0.00e+00	0.00e+00
 6.82830e+15	8.33e-01	1.67e-01	5.47e-06	0.00e+00	0.00e+00	0.00e+00	0.00e+00	0.00e+00
 6.84524e+15	8.43e-01	1.57e-01	4.96e-06	0.00e+00	0.00e+00	0.00e+00	0.00e+00	0.00e+00
 6.86184e+15	8.52e-01	1.48e-01	4.50e-06	0.00e+00	0.00e+00	0.00e+00	0.00e+00	0.00e+00
 6.87811e+15	8.61e-01	1.39e-01	4.09e-06	0.00e+00	0.00e+00	0.00e+00	0.00e+00	0.00e+00
 6.89408e+15	8.69e-01	1.31e-01	3.70e-06	0.00e+00	0.00e+00	0.00e+00	0.00e+00	0.00e+00
 6.91014e+15	8.77e-01	1.23e-01	3.38e-06	0.00e+00	0.00e+00	0.00e+00	0.00e+00	0.00e+00
 6.92574e+15	8.84e-01	1.16e-01	3.06e-06	0.00e+00	0.00e+00	0.00e+00	0.00e+00	0.00e+00
 6.94077e+15	8.91e-01	1.09e-01	2.79e-06	0.00e+00	0.00e+00	0.00e+00	0.00e+00	0.00e+00
 6.95584e+15	8.98e-01	1.02e-01	2.54e-06	0.00e+00	0.00e+00	0.00e+00	0.00e+00	0.00e+00
 6.97056e+15	9.04e-01	9.62e-02	2.32e-06	0.00e+00	0.00e+00	0.00e+00	0.00e+00	0.00e+00
 6.98484e+15	9.09e-01	9.06e-02	2.12e-06	0.00e+00	0.00e+00	0.00e+00	0.00e+00	0.00e+00
 6.99884e+15	9.15e-01	8.53e-02	1.94e-06	0.00e+00	0.00e+00	0.00e+00	0.00e+00	0.00e+00
 7.01268e+15	9.20e-01	8.02e-02	1.77e-06	0.00e+00	0.00e+00	0.00e+00	0.00e+00	0.00e+00
 7.02630e+15	9.24e-01	7.55e-02	1.62e-06	0.00e+00	0.00e+00	0.00e+00	0.00e+00	0.00e+00
 7.03970e+15	9.29e-01	7.11e-02	1.49e-06	0.00e+00	0.00e+00	0.00e+00	0.00e+00	0.00e+00
 7.05285e+15	9.33e-01	6.71e-02	1.37e-06	0.00e+00	0.00e+00	0.00e+00	0.00e+00	0.00e+00
 7.06580e+15	9.37e-01	6.32e-02	1.26e-06	0.00e+00	0.00e+00	0.00e+00	0.00e+00	0.00e+00
 7.07867e+15	9.40e-01	5.96e-02	1.15e-06	0.00e+00	0.00e+00	0.00e+00	0.00e+00	0.00e+00
 7.09145e+15	9.44e-01	5.62e-02	1.06e-06	0.00e+00	0.00e+00	0.00e+00	0.00e+00	0.00e+00
 7.10409e+15	9.47e-01	5.30e-02	9.77e-07	0.00e+00	0.00e+00	0.00e+00	0.00e+00	0.00e+00
 7.11654e+15	9.50e-01	5.01e-02	9.01e-07	0.00e+00	0.00e+00	0.00e+00	0.00e+00	0.00e+00
 7.12885e+15	9.53e-01	4.73e-02	8.31e-07	0.00e+00	0.00e+00	0.00e+00	0.00e+00	0.00e+00
 7.14104e+15	9.55e-01	4.47e-02	7.67e-07	0.00e+00	0.00e+00	0.00e+00	0.00e+00	0.00e+00
 7.15311e+15	9.58e-01	4.22e-02	7.09e-07	0.00e+00	0.00e+00	0.00e+00	0.00e+00	0.00e+00
 7.16509e+15	9.60e-01	3.99e-02	6.56e-07	0.00e+00	0.00e+00	0.00e+00	0.00e+00	0.00e+00
 7.17696e+15	9.62e-01	3.78e-02	6.07e-07	0.00e+00	0.00e+00	0.00e+00	0.00e+00	0.00e+00
 7.18876e+15	9.64e-01	3.58e-02	5.62e-07	0.00e+00	0.00e+00	0.00e+00	0.00e+00	0.00e+00
 7.20050e+15	9.66e-01	3.39e-02	5.21e-07	0.00e+00	0.00e+00	0.00e+00	0.00e+00	0.00e+00
 7.21219e+15	9.68e-01	3.21e-02	4.83e-07	0.00e+00	0.00e+00	0.00e+00	0.00e+00	0.00e+00
 7.22385e+15	9.70e-01	3.04e-02	4.49e-07	0.00e+00	0.00e+00	0.00e+00	0.00e+00	0.00e+00
 7.23550e+15	9.71e-01	2.89e-02	4.17e-07	0.00e+00	0.00e+00	0.00e+00	0.00e+00	0.00e+00
 7.24717e+15	9.73e-01	2.74e-02	3.87e-07	0.00e+00	0.00e+00	0.00e+00	0.00e+00	0.00e+00
 7.25894e+15	9.74e-01	2.60e-02	3.59e-07	0.00e+00	0.00e+00	0.00e+00	0.00e+00	0.00e+00
 7.27099e+15	9.75e-01	2.46e-02	3.33e-07	0.00e+00	0.00e+00	0.00e+00	0.00e+00	0.00e+00
 7.28331e+15	9.77e-01	2.33e-02	3.09e-07	0.00e+00	0.00e+00	0.00e+00	0.00e+00	0.00e+00
 7.29581e+15	9.78e-01	2.20e-02	2.86e-07	0.00e+00	0.00e+00	0.00e+00	0.00e+00	0.00e+00
 7.30852e+15	9.79e-01	2.09e-02	2.64e-07	0.00e+00	0.00e+00	0.00e+00	0.00e+00	0.00e+00
 7.32156e+15	9.80e-01	1.97e-02	2.44e-07	0.00e+00	0.00e+00	0.00e+00	0.00e+00	0.00e+00
 7.33504e+15	9.81e-01	1.86e-02	2.26e-07	0.00e+00	0.00e+00	0.00e+00	0.00e+00	0.00e+00
 7.34911e+15	9.82e-01	1.76e-02	2.08e-07	0.00e+00	0.00e+00	0.00e+00	0.00e+00	0.00e+00
 7.36395e+15	9.83e-01	1.65e-02	1.90e-07	0.00e+00	0.00e+00	0.00e+00	0.00e+00	0.00e+00
 7.37984e+15	9.84e-01	1.55e-02	1.74e-07	0.00e+00	0.00e+00	0.00e+00	0.00e+00	0.00e+00
 7.39721e+15	9.86e-01	1.45e-02	1.58e-07	0.00e+00	0.00e+00	0.00e+00	0.00e+00	0.00e+00
 7.41670e+15	9.87e-01	1.34e-02	1.41e-07	0.00e+00	0.00e+00	0.00e+00	0.00e+00	0.00e+00
 7.43950e+15	9.88e-01	1.23e-02	1.25e-07	0.00e+00	0.00e+00	0.00e+00	0.00e+00	0.00e+00
 7.46325e+15	9.89e-01	1.13e-02	1.10e-07	0.00e+00	0.00e+00	0.00e+00	0.00e+00	0.00e+00
 7.48485e+15	9.89e-01	1.05e-02	9.94e-08	0.00e+00	0.00e+00	0.00e+00	0.00e+00	0.00e+00
 7.50451e+15	9.90e-01	9.90e-03	9.05e-08	0.00e+00	0.00e+00	0.00e+00	0.00e+00	0.00e+00
 7.52241e+15	9.91e-01	9.38e-03	8.33e-08	0.00e+00	0.00e+00	0.00e+00	0.00e+00	0.00e+00
 7.53869e+15	9.91e-01	8.93e-03	7.74e-08	0.00e+00	0.00e+00	0.00e+00	0.00e+00	0.00e+00
 7.55350e+15	9.91e-01	8.56e-03	7.25e-08	0.00e+00	0.00e+00	0.00e+00	0.00e+00	0.00e+00
 7.56698e+15	9.92e-01	8.24e-03	6.84e-08	0.00e+00	0.00e+00	0.00e+00	0.00e+00	0.00e+00
 7.57925e+15	9.92e-01	7.97e-03	6.50e-08	0.00e+00	0.00e+00	0.00e+00	0.00e+00	0.00e+00
 7.59270e+15	9.92e-01	7.70e-03	6.14e-08	0.00e+00	0.00e+00	0.00e+00	0.00e+00	0.00e+00
 7.61018e+15	9.93e-01	7.34e-03	5.69e-08	0.00e+00	0.00e+00	0.00e+00	0.00e+00	0.00e+00
 7.62905e+15	9.93e-01	7.00e-03	5.28e-08	0.00e+00	0.00e+00	0.00e+00	0.00e+00	0.00e+00
 7.64622e+15	9.93e-01	6.73e-03	4.95e-08	0.00e+00	0.00e+00	0.00e+00	0.00e+00	0.00e+00
 7.66184e+15	9.94e-01	6.50e-03	4.67e-08	0.00e+00	0.00e+00	0.00e+00	0.00e+00	0.00e+00
 7.67606e+15	9.94e-01	6.31e-03	4.44e-08	0.00e+00	0.00e+00	0.00e+00	0.00e+00	0.00e+00
 7.68900e+15	9.94e-01	6.15e-03	4.25e-08	0.00e+00	0.00e+00	0.00e+00	0.00e+00	0.00e+00
 7.70077e+15	9.94e-01	6.01e-03	4.08e-08	0.00e+00	0.00e+00	0.00e+00	0.00e+00	0.00e+00
 7.71149e+15	9.94e-01	5.89e-03	3.94e-08	0.00e+00	0.00e+00	0.00e+00	0.00e+00	0.00e+00
