#depth	He	He+	He+2
 1.49634e+10	3.43e-23	6.16e-12	1.00e+00
 4.54887e+10	3.80e-23	6.66e-12	1.00e+00
 7.72350e+10	4.19e-23	7.21e-12	1.00e+00
 1.10251e+11	4.64e-23	7.81e-12	1.00e+00
 1.44588e+11	5.13e-23	8.45e-12	1.00e+00
 1.80298e+11	5.68e-23	9.15e-12	1.00e+00
 2.17437e+11	6.28e-23	9.91e-12	1.00e+00
 2.56061e+11	6.96e-23	1.07e-11	1.00e+00
 2.96231e+11	7.72e-23	1.16e-11	1.00e+00
 3.38007e+11	8.57e-23	1.26e-11	1.00e+00
 3.77738e+11	9.44e-23	1.35e-11	1.00e+00
 4.13954e+11	1.03e-22	1.45e-11	1.00e+00
 4.54854e+11	1.13e-22	1.55e-11	1.00e+00
 5.02495e+11	1.26e-22	1.68e-11	1.00e+00
 5.49530e+11	1.39e-22	1.81e-11	1.00e+00
 5.94236e+11	1.53e-22	1.94e-11	1.00e+00
 6.43722e+11	1.69e-22	2.10e-11	1.00e+00
 6.99398e+11	1.89e-22	2.27e-11	1.00e+00
 7.55287e+11	2.11e-22	2.46e-11	1.00e+00
 8.13411e+11	2.36e-22	2.66e-11	1.00e+00
 8.75874e+11	2.64e-22	2.89e-11	1.00e+00
 9.40836e+11	2.97e-22	3.13e-11	1.00e+00
 1.00840e+12	3.34e-22	3.40e-11	1.00e+00
 1.07866e+12	3.76e-22	3.70e-11	1.00e+00
 1.15173e+12	4.24e-22	4.02e-11	1.00e+00
 1.22773e+12	4.79e-22	4.36e-11	1.00e+00
 1.30676e+12	5.41e-22	4.74e-11	1.00e+00
 1.38896e+12	6.12e-22	5.16e-11	1.00e+00
 1.47445e+12	6.93e-22	5.61e-11	1.00e+00
 1.56335e+12	7.86e-22	6.10e-11	1.00e+00
 1.65581e+12	8.92e-22	6.64e-11	1.00e+00
 1.75197e+12	1.01e-21	7.24e-11	1.00e+00
 1.85198e+12	1.15e-21	7.88e-11	1.00e+00
 1.95598e+12	1.31e-21	8.59e-11	1.00e+00
 2.06415e+12	1.49e-21	9.36e-11	1.00e+00
 2.17664e+12	1.70e-21	1.02e-10	1.00e+00
 2.29363e+12	1.94e-21	1.11e-10	1.00e+00
 2.41531e+12	2.22e-21	1.22e-10	1.00e+00
 2.54185e+12	2.53e-21	1.33e-10	1.00e+00
 2.67345e+12	2.89e-21	1.45e-10	1.00e+00
 2.81031e+12	3.31e-21	1.59e-10	1.00e+00
 2.95265e+12	3.78e-21	1.73e-10	1.00e+00
 3.10068e+12	4.32e-21	1.90e-10	1.00e+00
 3.25464e+12	4.94e-21	2.08e-10	1.00e+00
 3.41475e+12	5.65e-21	2.27e-10	1.00e+00
 3.58127e+12	6.46e-21	2.49e-10	1.00e+00
 3.75444e+12	7.38e-21	2.73e-10	1.00e+00
 3.93455e+12	8.46e-21	3.00e-10	1.00e+00
 4.12186e+12	9.70e-21	3.29e-10	1.00e+00
 4.31666e+12	1.11e-20	3.62e-10	1.00e+00
 4.51925e+12	1.27e-20	3.98e-10	1.00e+00
 4.70714e+12	1.43e-20	4.33e-10	1.00e+00
 4.87106e+12	1.58e-20	4.66e-10	1.00e+00
 5.05347e+12	1.76e-20	5.04e-10	1.00e+00
 5.27467e+12	1.99e-20	5.53e-10	1.00e+00
 5.49922e+12	2.24e-20	6.06e-10	1.00e+00
 5.70537e+12	2.50e-20	6.58e-10	1.00e+00
 5.93467e+12	2.79e-20	7.19e-10	1.00e+00
 6.20052e+12	3.17e-20	7.95e-10	1.00e+00
 6.46135e+12	3.57e-20	8.75e-10	1.00e+00
 6.70948e+12	3.99e-20	9.56e-10	1.00e+00
 6.98466e+12	4.49e-20	1.05e-09	1.00e+00
 7.29397e+12	5.12e-20	1.17e-09	1.00e+00
 7.60634e+12	5.83e-20	1.29e-09	1.00e+00
 7.92554e+12	6.64e-20	1.43e-09	1.00e+00
 8.26458e+12	7.63e-20	1.58e-09	1.00e+00
 8.61610e+12	8.81e-20	1.75e-09	1.00e+00
 8.97049e+12	1.02e-19	1.94e-09	1.00e+00
 9.33047e+12	1.18e-19	2.14e-09	1.00e+00
 9.70567e+12	1.38e-19	2.36e-09	1.00e+00
 1.01021e+13	1.62e-19	2.60e-09	1.00e+00
 1.05207e+13	1.91e-19	2.88e-09	1.00e+00
 1.09628e+13	2.28e-19	3.18e-09	1.00e+00
 1.14290e+13	2.73e-19	3.53e-09	1.00e+00
 1.19161e+13	3.27e-19	3.90e-09	1.00e+00
 1.24227e+13	3.94e-19	4.31e-09	1.00e+00
 1.29495e+13	4.74e-19	4.76e-09	1.00e+00
 1.34974e+13	5.71e-19	5.25e-09	1.00e+00
 1.40672e+13	6.86e-19	5.78e-09	1.00e+00
 1.46425e+13	8.21e-19	6.34e-09	1.00e+00
 1.51886e+13	9.67e-19	6.90e-09	1.00e+00
 1.57738e+13	1.14e-18	7.52e-09	1.00e+00
 1.64346e+13	1.37e-18	8.25e-09	1.00e+00
 1.70923e+13	1.63e-18	9.00e-09	1.00e+00
 1.77762e+13	1.93e-18	9.82e-09	1.00e+00
 1.85171e+13	2.31e-18	1.07e-08	1.00e+00
 1.92878e+13	2.75e-18	1.17e-08	1.00e+00
 2.00892e+13	3.28e-18	1.28e-08	1.00e+00
 2.09227e+13	3.89e-18	1.40e-08	1.00e+00
 2.17895e+13	4.63e-18	1.53e-08	1.00e+00
 2.26910e+13	5.48e-18	1.66e-08	1.00e+00
 2.36286e+13	6.51e-18	1.81e-08	1.00e+00
 2.46037e+13	7.69e-18	1.97e-08	1.00e+00
 2.55345e+13	8.98e-18	2.13e-08	1.00e+00
 2.63869e+13	1.03e-17	2.28e-08	1.00e+00
 2.73499e+13	1.19e-17	2.46e-08	1.00e+00
 2.84670e+13	1.41e-17	2.67e-08	1.00e+00
 2.95679e+13	1.64e-17	2.88e-08	1.00e+00
 3.06194e+13	1.90e-17	3.10e-08	1.00e+00
 3.17806e+13	2.20e-17	3.34e-08	1.00e+00
 3.30817e+13	2.59e-17	3.62e-08	1.00e+00
 3.43916e+13	3.03e-17	3.92e-08	1.00e+00
 3.57539e+13	3.55e-17	4.24e-08	1.00e+00
 3.72140e+13	4.17e-17	4.60e-08	1.00e+00
 3.87324e+13	4.89e-17	4.98e-08	1.00e+00
 4.03117e+13	5.74e-17	5.40e-08	1.00e+00
 4.19541e+13	6.73e-17	5.85e-08	1.00e+00
 4.36622e+13	7.89e-17	6.33e-08	1.00e+00
 4.54386e+13	9.24e-17	6.86e-08	1.00e+00
 4.72860e+13	1.08e-16	7.42e-08	1.00e+00
 4.92074e+13	1.27e-16	8.03e-08	1.00e+00
 5.11398e+13	1.48e-16	8.67e-08	1.00e+00
 5.31495e+13	1.72e-16	9.36e-08	1.00e+00
 5.53055e+13	2.01e-16	1.01e-07	1.00e+00
 5.75476e+13	2.35e-16	1.10e-07	1.00e+00
 5.98794e+13	2.75e-16	1.18e-07	1.00e+00
 6.23045e+13	3.22e-16	1.28e-07	1.00e+00
 6.48266e+13	3.76e-16	1.39e-07	1.00e+00
 6.74496e+13	4.39e-16	1.50e-07	1.00e+00
 7.01775e+13	5.14e-16	1.62e-07	1.00e+00
 7.30146e+13	6.00e-16	1.75e-07	1.00e+00
 7.59651e+13	7.02e-16	1.90e-07	1.00e+00
 7.88926e+13	8.16e-16	2.05e-07	1.00e+00
 8.19373e+13	9.46e-16	2.20e-07	1.00e+00
 8.52447e+13	1.11e-15	2.39e-07	1.00e+00
 8.86142e+13	1.29e-15	2.58e-07	1.00e+00
 9.21184e+13	1.51e-15	2.79e-07	1.00e+00
 9.58331e+13	1.76e-15	3.02e-07	1.00e+00
 9.93259e+13	2.03e-15	3.24e-07	1.00e+00
 1.02444e+14	2.30e-15	3.45e-07	1.00e+00
 1.05938e+14	2.63e-15	3.69e-07	1.00e+00
 1.10086e+14	3.07e-15	3.99e-07	1.00e+00
 1.14217e+14	3.55e-15	4.29e-07	1.00e+00
 1.18048e+14	4.06e-15	4.59e-07	1.00e+00
 1.22335e+14	4.68e-15	4.93e-07	1.00e+00
 1.27259e+14	5.50e-15	5.36e-07	1.00e+00
 1.32062e+14	6.37e-15	5.77e-07	1.00e+00
 1.37058e+14	7.42e-15	6.23e-07	1.00e+00
 1.42571e+14	8.72e-15	6.76e-07	1.00e+00
 1.48080e+14	1.02e-14	7.31e-07	1.00e+00
 1.53809e+14	1.19e-14	7.91e-07	1.00e+00
 1.59991e+14	1.40e-14	8.59e-07	1.00e+00
 1.66421e+14	1.65e-14	9.33e-07	1.00e+00
 1.73108e+14	1.94e-14	1.01e-06	1.00e+00
 1.80062e+14	2.28e-14	1.10e-06	1.00e+00
 1.87294e+14	2.70e-14	1.20e-06	1.00e+00
 1.94816e+14	3.17e-14	1.30e-06	1.00e+00
 2.02639e+14	3.75e-14	1.42e-06	1.00e+00
 2.10383e+14	4.39e-14	1.53e-06	1.00e+00
 2.18437e+14	5.15e-14	1.67e-06	1.00e+00
 2.27204e+14	6.08e-14	1.81e-06	1.00e+00
 2.36084e+14	7.17e-14	1.97e-06	1.00e+00
 2.45319e+14	8.45e-14	2.15e-06	1.00e+00
 2.55162e+14	1.00e-13	2.34e-06	1.00e+00
 2.64338e+14	1.17e-13	2.53e-06	1.00e+00
 2.72462e+14	1.33e-13	2.71e-06	1.00e+00
 2.81584e+14	1.54e-13	2.91e-06	1.00e+00
 2.92490e+14	1.81e-13	3.18e-06	1.00e+00
 3.03522e+14	2.13e-13	3.46e-06	1.00e+00
 3.13874e+14	2.48e-13	3.73e-06	1.00e+00
 3.25339e+14	2.90e-13	4.05e-06	1.00e+00
 3.38382e+14	3.44e-13	4.43e-06	1.00e+00
 3.51335e+14	4.06e-13	4.82e-06	1.00e+00
 3.62992e+14	4.69e-13	5.20e-06	1.00e+00
 3.73685e+14	5.31e-13	5.55e-06	1.00e+00
 3.85961e+14	6.12e-13	5.97e-06	1.00e+00
 4.00773e+14	7.19e-13	6.51e-06	1.00e+00
 4.15486e+14	8.41e-13	7.06e-06	1.00e+00
 4.28632e+14	9.61e-13	7.57e-06	1.00e+00
 4.43135e+14	1.11e-12	8.17e-06	1.00e+00
 4.60375e+14	1.30e-12	8.89e-06	1.00e+00
 4.77551e+14	1.52e-12	9.65e-06	1.00e+00
 4.93414e+14	1.74e-12	1.04e-05	1.00e+00
 5.11180e+14	2.01e-12	1.12e-05	1.00e+00
 5.31657e+14	2.37e-12	1.23e-05	1.00e+00
 5.51687e+14	2.77e-12	1.33e-05	1.00e+00
 5.72519e+14	3.21e-12	1.44e-05	1.00e+00
 5.95450e+14	3.78e-12	1.57e-05	1.00e+00
 6.18631e+14	4.41e-12	1.71e-05	1.00e+00
 6.42740e+14	5.15e-12	1.86e-05	1.00e+00
 6.68479e+14	6.04e-12	2.04e-05	1.00e+00
 6.95249e+14	7.08e-12	2.22e-05	1.00e+00
 7.23088e+14	8.27e-12	2.42e-05	1.00e+00
 7.52042e+14	9.68e-12	2.63e-05	1.00e+00
 7.82154e+14	1.13e-11	2.87e-05	1.00e+00
 8.13470e+14	1.32e-11	3.13e-05	1.00e+00
 8.43686e+14	1.52e-11	3.38e-05	1.00e+00
 8.71927e+14	1.73e-11	3.64e-05	1.00e+00
 8.99366e+14	1.96e-11	3.89e-05	1.00e+00
 9.30299e+14	2.24e-11	4.19e-05	1.00e+00
 9.64777e+14	2.57e-11	4.53e-05	1.00e+00
 9.97337e+14	2.93e-11	4.88e-05	1.00e+00
 1.03314e+15	3.36e-11	5.26e-05	1.00e+00
 1.07348e+15	3.88e-11	5.71e-05	1.00e+00
 1.11217e+15	4.46e-11	6.17e-05	1.00e+00
 1.14785e+15	5.04e-11	6.61e-05	1.00e+00
 1.18716e+15	5.74e-11	7.11e-05	1.00e+00
 1.23142e+15	6.60e-11	7.69e-05	1.00e+00
 1.27359e+15	7.47e-11	8.26e-05	1.00e+00
 1.31961e+15	8.59e-11	8.92e-05	1.00e+00
 1.37039e+15	9.91e-11	9.67e-05	1.00e+00
 1.41800e+15	1.12e-10	1.04e-04	1.00e+00
 1.46955e+15	1.28e-10	1.12e-04	1.00e+00
 1.52707e+15	1.49e-10	1.22e-04	1.00e+00
 1.58238e+15	1.70e-10	1.31e-04	1.00e+00
 1.64118e+15	1.95e-10	1.42e-04	1.00e+00
 1.70686e+15	2.23e-10	1.54e-04	1.00e+00
 1.77242e+15	2.59e-10	1.67e-04	1.00e+00
 1.84060e+15	2.98e-10	1.81e-04	1.00e+00
 1.91425e+15	3.43e-10	1.96e-04	1.00e+00
 1.99085e+15	3.93e-10	2.13e-04	1.00e+00
 2.07052e+15	4.58e-10	2.32e-04	1.00e+00
 2.15337e+15	5.29e-10	2.52e-04	1.00e+00
 2.23953e+15	6.11e-10	2.73e-04	1.00e+00
 2.32915e+15	7.05e-10	2.97e-04	1.00e+00
 2.42234e+15	8.14e-10	3.22e-04	1.00e+00
 2.51927e+15	9.39e-10	3.50e-04	1.00e+00
 2.62007e+15	1.08e-09	3.79e-04	1.00e+00
 2.71190e+15	1.23e-09	4.07e-04	1.00e+00
 2.78988e+15	1.36e-09	4.32e-04	1.00e+00
 2.87624e+15	1.52e-09	4.60e-04	1.00e+00
 2.98356e+15	1.72e-09	4.96e-04	1.00e+00
 3.09576e+15	1.99e-09	5.37e-04	9.99e-01
 3.19569e+15	2.24e-09	5.73e-04	9.99e-01
 3.30206e+15	2.52e-09	6.13e-04	9.99e-01
 3.42944e+15	2.87e-09	6.63e-04	9.99e-01
 3.55463e+15	3.32e-09	7.16e-04	9.99e-01
 3.66533e+15	3.72e-09	7.62e-04	9.99e-01
 3.78671e+15	4.20e-09	8.16e-04	9.99e-01
 3.93244e+15	4.85e-09	8.83e-04	9.99e-01
 4.07778e+15	5.53e-09	9.51e-04	9.99e-01
 4.21012e+15	6.18e-09	1.02e-03	9.99e-01
 4.35760e+15	7.13e-09	1.09e-03	9.99e-01
 4.52407e+15	8.20e-09	1.18e-03	9.99e-01
 4.68461e+15	9.28e-09	1.27e-03	9.99e-01
 4.83876e+15	1.05e-08	1.36e-03	9.99e-01
 5.01380e+15	1.22e-08	1.47e-03	9.99e-01
 5.20605e+15	1.42e-08	1.59e-03	9.98e-01
 5.39152e+15	1.63e-08	1.72e-03	9.98e-01
 5.57208e+15	1.85e-08	1.84e-03	9.98e-01
 5.77434e+15	2.13e-08	1.98e-03	9.98e-01
 5.99820e+15	2.44e-08	2.15e-03	9.98e-01
 6.21081e+15	2.86e-08	2.33e-03	9.98e-01
 6.41332e+15	3.26e-08	2.50e-03	9.98e-01
 6.64413e+15	3.76e-08	2.70e-03	9.97e-01
 6.89663e+15	4.32e-08	2.93e-03	9.97e-01
 7.13804e+15	5.08e-08	3.17e-03	9.97e-01
 7.36978e+15	5.81e-08	3.41e-03	9.97e-01
 7.62865e+15	6.71e-08	3.69e-03	9.96e-01
 7.89753e+15	7.69e-08	4.00e-03	9.96e-01
 8.13362e+15	8.89e-08	4.30e-03	9.96e-01
 8.35106e+15	9.99e-08	4.58e-03	9.95e-01
 8.59003e+15	1.13e-07	4.91e-03	9.95e-01
 8.89961e+15	1.31e-07	5.37e-03	9.95e-01
 9.21791e+15	1.57e-07	5.88e-03	9.94e-01
 9.47395e+15	1.78e-07	6.32e-03	9.94e-01
 9.73213e+15	2.01e-07	6.80e-03	9.93e-01
 1.00678e+16	2.42e-07	7.50e-03	9.92e-01
 1.04063e+16	2.84e-07	8.24e-03	9.92e-01
 1.06766e+16	3.21e-07	8.90e-03	9.91e-01
 1.09559e+16	3.70e-07	9.66e-03	9.90e-01
 1.13191e+16	4.54e-07	1.08e-02	9.89e-01
 1.16783e+16	5.43e-07	1.20e-02	9.88e-01
 1.19540e+16	6.23e-07	1.31e-02	9.87e-01
 1.22340e+16	7.16e-07	1.43e-02	9.86e-01
 1.25980e+16	8.95e-07	1.62e-02	9.84e-01
 1.29530e+16	1.09e-06	1.84e-02	9.82e-01
 1.32168e+16	1.25e-06	2.02e-02	9.80e-01
 1.34802e+16	1.47e-06	2.25e-02	9.78e-01
 1.37740e+16	1.82e-06	2.55e-02	9.75e-01
 1.40382e+16	2.17e-06	2.86e-02	9.71e-01
 1.42678e+16	2.55e-06	3.19e-02	9.68e-01
 1.44642e+16	2.96e-06	3.52e-02	9.65e-01
 1.46293e+16	3.36e-06	3.85e-02	9.62e-01
 1.48114e+16	3.95e-06	4.28e-02	9.57e-01
 1.50047e+16	4.67e-06	4.81e-02	9.52e-01
 1.51743e+16	5.48e-06	5.39e-02	9.46e-01
 1.53316e+16	6.40e-06	6.03e-02	9.40e-01
 1.55114e+16	7.86e-06	6.95e-02	9.30e-01
 1.57047e+16	9.86e-06	8.20e-02	9.18e-01
 1.58683e+16	1.21e-05	9.58e-02	9.04e-01
 1.60023e+16	1.47e-05	1.10e-01	8.89e-01
 1.61241e+16	1.77e-05	1.27e-01	8.73e-01
 1.62432e+16	2.17e-05	1.48e-01	8.52e-01
 1.63573e+16	2.68e-05	1.74e-01	8.26e-01
 1.64616e+16	3.29e-05	2.04e-01	7.96e-01
 1.65557e+16	4.00e-05	2.38e-01	7.62e-01
 1.66306e+16	4.69e-05	2.71e-01	7.29e-01
 1.66892e+16	5.41e-05	3.02e-01	6.98e-01
 1.67421e+16	6.11e-05	3.33e-01	6.67e-01
 1.67978e+16	7.03e-05	3.71e-01	6.29e-01
 1.68574e+16	8.14e-05	4.17e-01	5.83e-01
 1.69120e+16	9.31e-05	4.63e-01	5.37e-01
 1.69729e+16	1.08e-04	5.20e-01	4.80e-01
 1.70386e+16	1.25e-04	5.83e-01	4.17e-01
 1.70980e+16	1.42e-04	6.41e-01	3.59e-01
 1.71626e+16	1.61e-04	7.03e-01	2.97e-01
 1.72467e+16	1.85e-04	7.75e-01	2.25e-01
 1.73383e+16	2.08e-04	8.37e-01	1.63e-01
 1.74345e+16	2.29e-04	8.86e-01	1.14e-01
 1.75542e+16	2.50e-04	9.27e-01	7.29e-02
 1.77099e+16	2.70e-04	9.58e-01	4.21e-02
 1.79123e+16	2.89e-04	9.78e-01	2.20e-02
 1.81753e+16	3.08e-04	9.89e-01	1.04e-02
 1.85173e+16	3.29e-04	9.95e-01	4.54e-03
 1.89619e+16	3.56e-04	9.98e-01	1.81e-03
 1.94372e+16	3.87e-04	9.99e-01	7.92e-04
 1.98491e+16	4.15e-04	9.99e-01	4.25e-04
 2.02178e+16	4.43e-04	9.99e-01	2.56e-04
 2.06332e+16	4.79e-04	9.99e-01	1.50e-04
 2.10663e+16	5.20e-04	9.99e-01	9.12e-05
 2.14157e+16	5.60e-04	9.99e-01	6.30e-05
 2.17009e+16	5.96e-04	9.99e-01	4.71e-05
 2.20094e+16	6.41e-04	9.99e-01	3.44e-05
 2.23422e+16	6.96e-04	9.99e-01	2.52e-05
 2.26241e+16	7.52e-04	9.99e-01	1.96e-05
 2.28053e+16	7.93e-04	9.99e-01	1.70e-05
 2.29053e+16	8.17e-04	9.99e-01	1.56e-05
 2.30029e+16	8.44e-04	9.99e-01	1.43e-05
 2.31298e+16	8.82e-04	9.99e-01	1.28e-05
 2.32730e+16	9.25e-04	9.99e-01	1.13e-05
 2.34044e+16	9.71e-04	9.99e-01	1.02e-05
 2.35178e+16	1.02e-03	9.99e-01	9.31e-06
 2.36409e+16	1.07e-03	9.99e-01	8.40e-06
 2.37606e+16	1.12e-03	9.99e-01	7.66e-06
 2.38474e+16	1.17e-03	9.99e-01	7.18e-06
 2.39207e+16	1.20e-03	9.99e-01	6.78e-06
 2.40050e+16	1.26e-03	9.99e-01	6.33e-06
 2.40982e+16	1.32e-03	9.99e-01	5.89e-06
 2.41826e+16	1.37e-03	9.99e-01	5.54e-06
 2.42564e+16	1.43e-03	9.99e-01	5.23e-06
 2.43368e+16	1.50e-03	9.98e-01	4.91e-06
 2.44230e+16	1.57e-03	9.98e-01	4.61e-06
 2.44967e+16	1.64e-03	9.98e-01	4.37e-06
 2.45600e+16	1.71e-03	9.98e-01	4.16e-06
 2.46298e+16	1.79e-03	9.98e-01	3.95e-06
 2.47054e+16	1.89e-03	9.98e-01	3.73e-06
 2.47713e+16	1.98e-03	9.98e-01	3.56e-06
 2.48293e+16	2.07e-03	9.98e-01	3.42e-06
 2.48940e+16	2.18e-03	9.98e-01	3.25e-06
 2.49628e+16	2.31e-03	9.98e-01	3.09e-06
 2.50218e+16	2.43e-03	9.98e-01	2.97e-06
 2.50736e+16	2.54e-03	9.97e-01	2.87e-06
 2.51312e+16	2.69e-03	9.97e-01	2.74e-06
 2.51933e+16	2.86e-03	9.97e-01	2.62e-06
 2.52475e+16	3.02e-03	9.97e-01	2.53e-06
 2.52954e+16	3.18e-03	9.97e-01	2.44e-06
 2.53489e+16	3.38e-03	9.97e-01	2.35e-06
 2.54066e+16	3.61e-03	9.96e-01	2.26e-06
 2.54573e+16	3.85e-03	9.96e-01	2.18e-06
 2.55027e+16	4.09e-03	9.96e-01	2.11e-06
 2.55538e+16	4.39e-03	9.96e-01	2.03e-06
 2.56097e+16	4.76e-03	9.95e-01	1.95e-06
 2.56601e+16	5.15e-03	9.95e-01	1.89e-06
 2.57065e+16	5.56e-03	9.94e-01	1.83e-06
 2.57593e+16	6.11e-03	9.94e-01	1.76e-06
 2.58143e+16	6.78e-03	9.93e-01	1.70e-06
 2.58592e+16	7.44e-03	9.93e-01	1.65e-06
 2.58972e+16	8.08e-03	9.92e-01	1.61e-06
 2.59328e+16	8.79e-03	9.91e-01	1.58e-06
 2.59665e+16	9.57e-03	9.90e-01	1.54e-06
 2.59985e+16	1.04e-02	9.90e-01	1.51e-06
 2.60292e+16	1.14e-02	9.89e-01	1.48e-06
 2.60583e+16	1.24e-02	9.88e-01	1.46e-06
 2.60862e+16	1.35e-02	9.86e-01	1.44e-06
 2.61131e+16	1.48e-02	9.85e-01	1.41e-06
 2.61386e+16	1.63e-02	9.84e-01	1.39e-06
 2.61626e+16	1.79e-02	9.82e-01	1.38e-06
 2.61858e+16	1.96e-02	9.80e-01	1.37e-06
 2.62087e+16	2.16e-02	9.78e-01	1.36e-06
 2.62311e+16	2.39e-02	9.76e-01	1.35e-06
 2.62524e+16	2.65e-02	9.74e-01	1.34e-06
 2.62726e+16	2.93e-02	9.71e-01	1.34e-06
 2.62922e+16	3.26e-02	9.67e-01	1.34e-06
 2.63117e+16	3.64e-02	9.64e-01	1.34e-06
 2.63306e+16	4.08e-02	9.59e-01	1.35e-06
 2.63482e+16	4.55e-02	9.54e-01	1.36e-06
 2.63648e+16	5.06e-02	9.49e-01	1.38e-06
 2.63809e+16	5.66e-02	9.43e-01	1.39e-06
 2.63965e+16	6.33e-02	9.37e-01	1.41e-06
 2.64110e+16	7.06e-02	9.29e-01	1.44e-06
 2.64249e+16	7.85e-02	9.22e-01	1.46e-06
 2.64382e+16	8.72e-02	9.13e-01	1.50e-06
 2.64504e+16	9.63e-02	9.04e-01	1.52e-06
 2.64613e+16	1.05e-01	8.95e-01	1.56e-06
 2.64713e+16	1.15e-01	8.85e-01	1.59e-06
 2.64807e+16	1.25e-01	8.75e-01	1.62e-06
 2.64880e+16	1.33e-01	8.67e-01	1.65e-06
 2.64929e+16	1.38e-01	8.62e-01	1.67e-06
 2.64975e+16	1.44e-01	8.56e-01	1.68e-06
 2.65028e+16	1.52e-01	8.48e-01	1.70e-06
 2.65083e+16	1.60e-01	8.40e-01	1.73e-06
 2.65137e+16	1.68e-01	8.32e-01	1.75e-06
 2.65188e+16	1.76e-01	8.24e-01	1.77e-06
 2.65239e+16	1.84e-01	8.16e-01	1.79e-06
 2.65289e+16	1.93e-01	8.07e-01	1.82e-06
 2.65339e+16	2.03e-01	7.97e-01	1.84e-06
 2.65388e+16	2.12e-01	7.88e-01	1.87e-06
 2.65437e+16	2.22e-01	7.78e-01	1.89e-06
 2.65486e+16	2.33e-01	7.67e-01	1.91e-06
 2.65533e+16	2.44e-01	7.56e-01	1.93e-06
 2.65580e+16	2.55e-01	7.45e-01	1.96e-06
 2.65627e+16	2.67e-01	7.33e-01	1.98e-06
 2.65673e+16	2.79e-01	7.21e-01	2.00e-06
 2.65718e+16	2.91e-01	7.09e-01	2.02e-06
 2.65763e+16	3.04e-01	6.96e-01	2.04e-06
 2.65807e+16	3.17e-01	6.83e-01	2.06e-06
 2.65851e+16	3.30e-01	6.70e-01	2.08e-06
 2.65895e+16	3.44e-01	6.56e-01	2.10e-06
 2.65937e+16	3.58e-01	6.42e-01	2.12e-06
 2.65979e+16	3.72e-01	6.28e-01	2.13e-06
 2.66021e+16	3.86e-01	6.14e-01	2.15e-06
 2.66062e+16	4.01e-01	5.99e-01	2.16e-06
 2.66102e+16	4.16e-01	5.84e-01	2.18e-06
 2.66142e+16	4.31e-01	5.69e-01	2.19e-06
 2.66181e+16	4.46e-01	5.54e-01	2.20e-06
 2.66220e+16	4.61e-01	5.39e-01	2.21e-06
 2.66258e+16	4.76e-01	5.24e-01	2.22e-06
 2.66295e+16	4.91e-01	5.09e-01	2.22e-06
 2.66332e+16	5.05e-01	4.95e-01	2.23e-06
 2.66368e+16	5.20e-01	4.80e-01	2.23e-06
 2.66402e+16	5.34e-01	4.66e-01	2.23e-06
 2.66436e+16	5.48e-01	4.52e-01	2.23e-06
 2.66470e+16	5.63e-01	4.37e-01	2.23e-06
 2.66503e+16	5.76e-01	4.24e-01	2.22e-06
 2.66535e+16	5.90e-01	4.10e-01	2.22e-06
 2.66566e+16	6.03e-01	3.97e-01	2.21e-06
 2.66597e+16	6.16e-01	3.84e-01	2.20e-06
 2.66627e+16	6.28e-01	3.72e-01	2.20e-06
 2.66656e+16	6.40e-01	3.60e-01	2.19e-06
 2.66685e+16	6.52e-01	3.48e-01	2.18e-06
 2.66713e+16	6.63e-01	3.37e-01	2.16e-06
 2.66741e+16	6.74e-01	3.26e-01	2.15e-06
 2.66768e+16	6.85e-01	3.15e-01	2.14e-06
 2.66796e+16	6.96e-01	3.04e-01	2.12e-06
 2.66822e+16	7.06e-01	2.94e-01	2.11e-06
 2.66848e+16	7.16e-01	2.84e-01	2.09e-06
 2.66874e+16	7.26e-01	2.74e-01	2.07e-06
 2.66899e+16	7.35e-01	2.65e-01	2.06e-06
 2.66924e+16	7.44e-01	2.56e-01	2.04e-06
 2.66948e+16	7.53e-01	2.47e-01	2.02e-06
 2.66973e+16	7.61e-01	2.39e-01	2.00e-06
 2.66994e+16	7.69e-01	2.31e-01	1.98e-06
 2.67010e+16	7.74e-01	2.26e-01	1.96e-06
 2.67025e+16	7.79e-01	2.21e-01	1.94e-06
 2.67040e+16	7.85e-01	2.15e-01	1.93e-06
 2.67057e+16	7.90e-01	2.10e-01	1.91e-06
 2.67073e+16	7.95e-01	2.05e-01	1.89e-06
 2.67088e+16	8.00e-01	2.00e-01	1.88e-06
 2.67103e+16	8.05e-01	1.95e-01	1.86e-06
 2.67118e+16	8.09e-01	1.91e-01	1.84e-06
 2.67133e+16	8.14e-01	1.86e-01	1.83e-06
 2.67147e+16	8.18e-01	1.82e-01	1.81e-06
 2.67162e+16	8.23e-01	1.77e-01	1.79e-06
 2.67177e+16	8.27e-01	1.73e-01	1.78e-06
 2.67192e+16	8.31e-01	1.69e-01	1.76e-06
 2.67207e+16	8.35e-01	1.65e-01	1.74e-06
 2.67223e+16	8.40e-01	1.60e-01	1.72e-06
 2.67240e+16	8.44e-01	1.56e-01	1.70e-06
 2.67258e+16	8.49e-01	1.51e-01	1.68e-06
 2.67278e+16	8.54e-01	1.46e-01	1.65e-06
 2.67298e+16	8.60e-01	1.40e-01	1.63e-06
 2.67318e+16	8.64e-01	1.36e-01	1.60e-06
 2.67338e+16	8.69e-01	1.31e-01	1.58e-06
 2.67357e+16	8.74e-01	1.26e-01	1.55e-06
 2.67376e+16	8.78e-01	1.22e-01	1.52e-06
 2.67395e+16	8.82e-01	1.18e-01	1.49e-06
 2.67413e+16	8.86e-01	1.14e-01	1.46e-06
 2.67430e+16	8.90e-01	1.10e-01	1.43e-06
 2.67446e+16	8.93e-01	1.07e-01	1.41e-06
 2.67460e+16	8.97e-01	1.03e-01	1.38e-06
 2.67474e+16	8.99e-01	1.01e-01	1.36e-06
 2.67486e+16	9.02e-01	9.83e-02	1.33e-06
 2.67497e+16	9.04e-01	9.61e-02	1.31e-06
 2.67507e+16	9.06e-01	9.42e-02	1.29e-06
 2.67516e+16	9.08e-01	9.24e-02	1.28e-06
 2.67524e+16	9.09e-01	9.06e-02	1.26e-06
 2.67531e+16	9.11e-01	8.92e-02	1.24e-06
 2.67540e+16	9.13e-01	8.75e-02	1.22e-06
 2.67549e+16	9.14e-01	8.59e-02	1.21e-06
 2.67557e+16	9.16e-01	8.43e-02	1.19e-06
 2.67564e+16	9.17e-01	8.30e-02	1.18e-06
 2.67571e+16	9.18e-01	8.17e-02	1.16e-06
 2.67578e+16	9.20e-01	8.03e-02	1.15e-06
 2.67586e+16	9.21e-01	7.89e-02	1.13e-06
 2.67593e+16	9.22e-01	7.75e-02	1.12e-06
 2.67600e+16	9.24e-01	7.64e-02	1.10e-06
 2.67606e+16	9.25e-01	7.53e-02	1.09e-06
 2.67612e+16	9.26e-01	7.40e-02	1.07e-06
 2.67619e+16	9.27e-01	7.28e-02	1.06e-06
 2.67626e+16	9.28e-01	7.16e-02	1.04e-06
 2.67632e+16	9.29e-01	7.06e-02	1.03e-06
 2.67637e+16	9.30e-01	6.97e-02	1.02e-06
 2.67642e+16	9.31e-01	6.88e-02	1.00e-06
 2.67647e+16	9.32e-01	6.78e-02	9.91e-07
 2.67653e+16	9.33e-01	6.68e-02	9.77e-07
 2.67658e+16	9.34e-01	6.59e-02	9.65e-07
 2.67663e+16	9.35e-01	6.51e-02	9.54e-07
 2.67668e+16	9.36e-01	6.41e-02	9.40e-07
 2.67673e+16	9.37e-01	6.32e-02	9.27e-07
 2.67679e+16	9.38e-01	6.23e-02	9.15e-07
 2.67683e+16	9.38e-01	6.15e-02	9.04e-07
 2.67687e+16	9.39e-01	6.08e-02	8.94e-07
 2.67692e+16	9.40e-01	6.00e-02	8.81e-07
 2.67697e+16	9.41e-01	5.92e-02	8.69e-07
 2.67702e+16	9.42e-01	5.85e-02	8.59e-07
 2.67706e+16	9.42e-01	5.77e-02	8.47e-07
 2.67710e+16	9.43e-01	5.71e-02	8.38e-07
 2.67714e+16	9.44e-01	5.64e-02	8.28e-07
 2.67719e+16	9.44e-01	5.55e-02	8.16e-07
 2.67725e+16	9.45e-01	5.46e-02	8.01e-07
 2.67730e+16	9.46e-01	5.37e-02	7.89e-07
 2.67735e+16	9.47e-01	5.30e-02	7.78e-07
 2.67739e+16	9.48e-01	5.24e-02	7.69e-07
 2.67743e+16	9.48e-01	5.17e-02	7.60e-07
 2.67748e+16	9.49e-01	5.10e-02	7.49e-07
 2.67752e+16	9.50e-01	5.03e-02	7.38e-07
 2.67757e+16	9.50e-01	4.97e-02	7.30e-07
 2.67760e+16	9.51e-01	4.91e-02	7.21e-07
 2.67765e+16	9.52e-01	4.85e-02	7.12e-07
 2.67769e+16	9.52e-01	4.78e-02	7.02e-07
 2.67774e+16	9.53e-01	4.72e-02	6.94e-07
 2.67778e+16	9.53e-01	4.66e-02	6.84e-07
 2.67784e+16	9.54e-01	4.58e-02	6.73e-07
 2.67791e+16	9.55e-01	4.49e-02	6.62e-07
 2.67796e+16	9.56e-01	4.41e-02	6.50e-07
 2.67802e+16	9.56e-01	4.35e-02	6.42e-07
 2.67807e+16	9.57e-01	4.29e-02	6.33e-07
 2.67811e+16	9.58e-01	4.23e-02	6.24e-07
 2.67815e+16	9.58e-01	4.18e-02	6.17e-07
 2.67819e+16	9.59e-01	4.13e-02	6.10e-07
 2.67825e+16	9.59e-01	4.06e-02	6.00e-07
 2.67831e+16	9.60e-01	3.99e-02	5.90e-07
 2.67837e+16	9.61e-01	3.92e-02	5.80e-07
 2.67842e+16	9.61e-01	3.86e-02	5.73e-07
 2.67847e+16	9.62e-01	3.81e-02	5.65e-07
 2.67851e+16	9.62e-01	3.76e-02	5.58e-07
 2.67856e+16	9.63e-01	3.71e-02	5.52e-07
 2.67862e+16	9.64e-01	3.65e-02	5.43e-07
 2.67868e+16	9.64e-01	3.58e-02	5.34e-07
 2.67874e+16	9.65e-01	3.52e-02	5.26e-07
 2.67880e+16	9.65e-01	3.47e-02	5.18e-07
 2.67885e+16	9.66e-01	3.41e-02	5.11e-07
 2.67889e+16	9.66e-01	3.37e-02	5.05e-07
 2.67894e+16	9.67e-01	3.33e-02	4.99e-07
 2.67900e+16	9.67e-01	3.26e-02	4.90e-07
 2.67907e+16	9.68e-01	3.20e-02	4.83e-07
 2.67913e+16	9.69e-01	3.15e-02	4.75e-07
 2.67919e+16	9.69e-01	3.10e-02	4.69e-07
 2.67924e+16	9.69e-01	3.05e-02	4.62e-07
 2.67930e+16	9.70e-01	3.00e-02	4.56e-07
 2.67936e+16	9.70e-01	2.95e-02	4.49e-07
 2.67942e+16	9.71e-01	2.91e-02	4.43e-07
 2.67947e+16	9.71e-01	2.87e-02	4.37e-07
 2.67952e+16	9.72e-01	2.82e-02	4.32e-07
 2.67960e+16	9.72e-01	2.76e-02	4.24e-07
 2.67967e+16	9.73e-01	2.71e-02	4.17e-07
 2.67974e+16	9.73e-01	2.66e-02	4.10e-07
 2.67981e+16	9.74e-01	2.61e-02	4.04e-07
 2.67987e+16	9.74e-01	2.57e-02	3.98e-07
 2.67993e+16	9.75e-01	2.52e-02	3.93e-07
 2.68000e+16	9.75e-01	2.48e-02	3.87e-07
 2.68007e+16	9.76e-01	2.43e-02	3.81e-07
 2.68014e+16	9.76e-01	2.39e-02	3.75e-07
 2.68021e+16	9.77e-01	2.34e-02	3.69e-07
 2.68028e+16	9.77e-01	2.30e-02	3.64e-07
 2.68035e+16	9.77e-01	2.25e-02	3.58e-07
 2.68043e+16	9.78e-01	2.21e-02	3.52e-07
 2.68051e+16	9.78e-01	2.17e-02	3.46e-07
 2.68057e+16	9.79e-01	2.13e-02	3.41e-07
 2.68065e+16	9.79e-01	2.09e-02	3.36e-07
 2.68073e+16	9.80e-01	2.05e-02	3.31e-07
 2.68080e+16	9.80e-01	2.01e-02	3.26e-07
 2.68088e+16	9.80e-01	1.97e-02	3.20e-07
 2.68096e+16	9.81e-01	1.93e-02	3.15e-07
 2.68104e+16	9.81e-01	1.89e-02	3.10e-07
 2.68112e+16	9.82e-01	1.85e-02	3.05e-07
 2.68122e+16	9.82e-01	1.80e-02	2.99e-07
 2.68130e+16	9.82e-01	1.77e-02	2.95e-07
 2.68139e+16	9.83e-01	1.73e-02	2.89e-07
 2.68149e+16	9.83e-01	1.68e-02	2.84e-07
 2.68158e+16	9.84e-01	1.65e-02	2.79e-07
 2.68166e+16	9.84e-01	1.62e-02	2.75e-07
 2.68175e+16	9.84e-01	1.58e-02	2.70e-07
 2.68185e+16	9.85e-01	1.54e-02	2.65e-07
 2.68194e+16	9.85e-01	1.51e-02	2.61e-07
 2.68203e+16	9.85e-01	1.47e-02	2.56e-07
 2.68214e+16	9.86e-01	1.44e-02	2.51e-07
 2.68223e+16	9.86e-01	1.41e-02	2.47e-07
 2.68233e+16	9.86e-01	1.37e-02	2.42e-07
 2.68245e+16	9.87e-01	1.33e-02	2.37e-07
 2.68255e+16	9.87e-01	1.30e-02	2.33e-07
 2.68266e+16	9.87e-01	1.27e-02	2.28e-07
 2.68278e+16	9.88e-01	1.23e-02	2.24e-07
 2.68289e+16	9.88e-01	1.20e-02	2.19e-07
 2.68299e+16	9.88e-01	1.17e-02	2.16e-07
 2.68310e+16	9.89e-01	1.14e-02	2.11e-07
 2.68324e+16	9.89e-01	1.10e-02	2.05e-07
 2.68341e+16	9.89e-01	1.06e-02	1.99e-07
 2.68360e+16	9.90e-01	1.02e-02	1.94e-07
 2.68378e+16	9.90e-01	9.76e-03	1.88e-07
 2.68395e+16	9.91e-01	9.37e-03	1.82e-07
 2.68414e+16	9.91e-01	8.99e-03	1.77e-07
 2.68433e+16	9.91e-01	8.61e-03	1.71e-07
 2.68453e+16	9.92e-01	8.23e-03	1.65e-07
 2.68473e+16	9.92e-01	7.87e-03	1.60e-07
 2.68493e+16	9.92e-01	7.52e-03	1.54e-07
 2.68514e+16	9.93e-01	7.18e-03	1.49e-07
 2.68536e+16	9.93e-01	6.85e-03	1.43e-07
 2.68559e+16	9.93e-01	6.52e-03	1.38e-07
 2.68582e+16	9.94e-01	6.21e-03	1.33e-07
 2.68606e+16	9.94e-01	5.90e-03	1.27e-07
 2.68630e+16	9.94e-01	5.61e-03	1.22e-07
 2.68655e+16	9.95e-01	5.32e-03	1.17e-07
 2.68681e+16	9.95e-01	5.05e-03	1.12e-07
 2.68707e+16	9.95e-01	4.78e-03	1.07e-07
 2.68735e+16	9.95e-01	4.53e-03	1.03e-07
 2.68763e+16	9.96e-01	4.28e-03	9.79e-08
 2.68792e+16	9.96e-01	4.04e-03	9.33e-08
 2.68822e+16	9.96e-01	3.82e-03	8.87e-08
 2.68853e+16	9.96e-01	3.60e-03	8.43e-08
 2.68885e+16	9.97e-01	3.39e-03	8.00e-08
 2.68919e+16	9.97e-01	3.18e-03	7.55e-08
 2.68954e+16	9.97e-01	2.99e-03	7.14e-08
 2.68990e+16	9.97e-01	2.79e-03	6.71e-08
 2.69028e+16	9.97e-01	2.60e-03	6.29e-08
 2.69068e+16	9.98e-01	2.42e-03	5.87e-08
 2.69110e+16	9.98e-01	2.23e-03	5.43e-08
 2.69154e+16	9.98e-01	2.03e-03	4.98e-08
 2.69201e+16	9.98e-01	1.83e-03	4.51e-08
 2.69252e+16	9.98e-01	1.64e-03	4.04e-08
 2.69307e+16	9.99e-01	1.44e-03	3.56e-08
 2.69367e+16	9.99e-01	1.25e-03	3.10e-08
 2.69433e+16	9.99e-01	1.08e-03	2.67e-08
 2.69508e+16	9.99e-01	9.16e-04	2.27e-08
 2.69593e+16	9.99e-01	7.71e-04	1.91e-08
 2.69689e+16	9.99e-01	6.49e-04	1.60e-08
 2.69788e+16	9.99e-01	5.56e-04	1.37e-08
 2.69888e+16	1.00e+00	4.87e-04	1.20e-08
 2.69987e+16	1.00e+00	4.36e-04	1.07e-08
 2.70087e+16	1.00e+00	3.99e-04	9.76e-09
 2.70186e+16	1.00e+00	3.71e-04	9.06e-09
 2.70286e+16	1.00e+00	3.50e-04	8.54e-09
 2.70385e+16	1.00e+00	3.35e-04	8.14e-09
 2.70485e+16	1.00e+00	3.23e-04	7.84e-09
 2.70584e+16	1.00e+00	3.15e-04	7.60e-09
 2.70684e+16	1.00e+00	3.08e-04	7.41e-09
 2.70783e+16	1.00e+00	3.02e-04	7.26e-09
 2.70898e+16	1.00e+00	2.97e-04	7.10e-09
 2.71047e+16	1.00e+00	2.92e-04	6.94e-09
 2.71240e+16	1.00e+00	2.86e-04	6.77e-09
 2.71492e+16	1.00e+00	2.81e-04	6.57e-09
 2.71818e+16	1.00e+00	2.75e-04	6.32e-09
 2.72243e+16	1.00e+00	2.67e-04	6.03e-09
 2.72796e+16	1.00e+00	2.57e-04	5.65e-09
 2.73514e+16	1.00e+00	2.45e-04	5.18e-09
 2.74376e+16	1.00e+00	2.32e-04	4.68e-09
 2.75311e+16	1.00e+00	2.18e-04	4.17e-09
 2.76329e+16	1.00e+00	2.04e-04	3.68e-09
 2.77434e+16	1.00e+00	1.89e-04	3.20e-09
 2.78647e+16	1.00e+00	1.74e-04	2.74e-09
 2.80044e+16	1.00e+00	1.58e-04	2.28e-09
 2.81651e+16	1.00e+00	1.42e-04	1.85e-09
 2.83437e+16	1.00e+00	1.26e-04	1.46e-09
 2.85402e+16	1.00e+00	1.10e-04	1.13e-09
 2.87586e+16	1.00e+00	9.51e-05	8.55e-10
 2.90050e+16	1.00e+00	8.07e-05	6.22e-10
 2.92870e+16	1.00e+00	6.71e-05	4.34e-10
 2.96108e+16	1.00e+00	5.44e-05	2.88e-10
 2.99769e+16	1.00e+00	4.32e-05	1.84e-10
 3.03934e+16	1.00e+00	3.33e-05	1.11e-10
 3.08825e+16	1.00e+00	2.47e-05	6.17e-11
 3.14267e+16	1.00e+00	1.80e-05	3.32e-11
 3.19836e+16	1.00e+00	1.32e-05	1.79e-11
 3.25404e+16	1.00e+00	9.73e-06	9.85e-12
 3.31355e+16	1.00e+00	7.07e-06	5.23e-12
 3.37816e+16	1.00e+00	5.06e-06	2.71e-12
 3.44539e+16	1.00e+00	3.62e-06	1.40e-12
 3.51463e+16	1.00e+00	2.59e-06	7.20e-13
 3.58490e+16	1.00e+00	1.86e-06	3.75e-13
 3.65552e+16	1.00e+00	1.35e-06	1.98e-13
 3.72975e+16	1.00e+00	9.69e-07	1.03e-13
 3.80916e+16	1.00e+00	6.88e-07	5.23e-14
 3.89054e+16	1.00e+00	4.90e-07	2.67e-14
 3.97356e+16	1.00e+00	3.49e-07	1.36e-14
 4.05981e+16	1.00e+00	2.48e-07	6.95e-15
 4.14938e+16	1.00e+00	1.76e-07	3.51e-15
 4.24028e+16	1.00e+00	1.25e-07	1.79e-15
 4.33444e+16	1.00e+00	8.82e-08	9.01e-16
 4.43333e+16	1.00e+00	6.19e-08	4.48e-16
 4.53469e+16	1.00e+00	4.35e-08	2.23e-16
 4.63912e+16	1.00e+00	3.04e-08	1.10e-16
 4.74562e+16	1.00e+00	2.12e-08	5.46e-17
 4.85537e+16	1.00e+00	1.48e-08	2.69e-17
 4.96951e+16	1.00e+00	1.03e-08	1.31e-17
 5.08651e+16	1.00e+00	7.10e-09	6.37e-18
 5.20526e+16	1.00e+00	4.86e-09	3.08e-18
 5.32459e+16	1.00e+00	3.39e-09	1.53e-18
 5.44945e+16	1.00e+00	2.32e-09	7.31e-19
 5.58055e+16	1.00e+00	1.57e-09	3.45e-19
 5.71494e+16	1.00e+00	1.06e-09	1.63e-19
 5.85338e+16	1.00e+00	7.17e-10	7.59e-20
 5.99529e+16	1.00e+00	4.78e-10	3.50e-20
 6.12395e+16	1.00e+00	3.43e-10	1.83e-20
 6.25508e+16	1.00e+00	2.38e-10	9.06e-21
 6.40675e+16	1.00e+00	1.61e-10	0.00e+00
 6.56271e+16	1.00e+00	1.08e-10	0.00e+00
 6.71951e+16	1.00e+00	7.32e-11	0.00e+00
 6.87628e+16	1.00e+00	5.00e-11	0.00e+00
 7.03303e+16	1.00e+00	3.44e-11	0.00e+00
 7.18976e+16	1.00e+00	2.39e-11	0.00e+00
 7.34647e+16	1.00e+00	1.67e-11	0.00e+00
 7.50317e+16	1.00e+00	1.18e-11	0.00e+00
 7.65985e+16	1.00e+00	8.40e-12	0.00e+00
 7.81652e+16	1.00e+00	6.02e-12	0.00e+00
 7.97317e+16	1.00e+00	4.34e-12	0.00e+00
 8.12982e+16	1.00e+00	3.15e-12	0.00e+00
 8.28646e+16	1.00e+00	2.30e-12	0.00e+00
 8.44309e+16	1.00e+00	1.69e-12	0.00e+00
 8.59971e+16	1.00e+00	1.25e-12	0.00e+00
 8.75633e+16	1.00e+00	9.30e-13	0.00e+00
 8.91295e+16	1.00e+00	6.96e-13	0.00e+00
 9.06956e+16	1.00e+00	5.23e-13	0.00e+00
 9.24966e+16	1.00e+00	3.76e-13	0.00e+00
 9.48380e+16	1.00e+00	2.48e-13	0.00e+00
 9.78817e+16	1.00e+00	1.47e-13	0.00e+00
 1.01594e+17	1.00e+00	7.98e-14	0.00e+00
 1.05658e+17	1.00e+00	4.26e-14	0.00e+00
 1.09884e+17	1.00e+00	2.30e-14	0.00e+00
 1.14280e+17	1.00e+00	1.26e-14	0.00e+00
 1.18851e+17	1.00e+00	7.08e-15	0.00e+00
 1.23202e+17	1.00e+00	4.38e-15	0.00e+00
 1.27191e+17	1.00e+00	3.02e-15	0.00e+00
 1.31259e+17	1.00e+00	2.21e-15	0.00e+00
 1.35565e+17	1.00e+00	1.70e-15	0.00e+00
 1.40033e+17	1.00e+00	1.38e-15	0.00e+00
 1.44589e+17	1.00e+00	1.19e-15	0.00e+00
 1.49242e+17	1.00e+00	1.08e-15	0.00e+00
 1.53992e+17	1.00e+00	1.01e-15	0.00e+00
 1.58825e+17	1.00e+00	9.58e-16	0.00e+00
 1.63735e+17	1.00e+00	9.23e-16	0.00e+00
 1.68707e+17	1.00e+00	8.98e-16	0.00e+00
 1.73705e+17	1.00e+00	8.78e-16	0.00e+00
 1.78706e+17	1.00e+00	8.66e-16	0.00e+00
 1.83704e+17	1.00e+00	8.54e-16	0.00e+00
 1.88666e+17	1.00e+00	8.46e-16	0.00e+00
 1.93562e+17	1.00e+00	8.40e-16	0.00e+00
 1.98368e+17	1.00e+00	8.38e-16	0.00e+00
 2.03059e+17	1.00e+00	8.37e-16	0.00e+00
 2.07610e+17	1.00e+00	8.39e-16	0.00e+00
 2.12013e+17	1.00e+00	8.42e-16	0.00e+00
 2.16254e+17	1.00e+00	8.46e-16	0.00e+00
 2.20313e+17	1.00e+00	8.52e-16	0.00e+00
 2.24179e+17	1.00e+00	8.59e-16	0.00e+00
 2.27860e+17	1.00e+00	8.67e-16	0.00e+00
 2.31356e+17	1.00e+00	8.75e-16	0.00e+00
 2.34666e+17	1.00e+00	8.83e-16	0.00e+00
 2.37795e+17	1.00e+00	8.92e-16	0.00e+00
 2.40749e+17	1.00e+00	9.00e-16	0.00e+00
 2.43539e+17	1.00e+00	9.08e-16	0.00e+00
 2.46170e+17	1.00e+00	9.15e-16	0.00e+00
 2.48652e+17	1.00e+00	9.23e-16	0.00e+00
 2.50994e+17	1.00e+00	9.29e-16	0.00e+00
 2.53203e+17	1.00e+00	9.36e-16	0.00e+00
 2.55288e+17	1.00e+00	9.42e-16	0.00e+00
 2.57255e+17	1.00e+00	9.47e-16	0.00e+00
 2.59112e+17	1.00e+00	9.52e-16	0.00e+00
 2.60865e+17	1.00e+00	9.57e-16	0.00e+00
 2.62523e+17	1.00e+00	9.62e-16	0.00e+00
 2.64090e+17	1.00e+00	9.66e-16	0.00e+00
 2.65572e+17	1.00e+00	9.70e-16	0.00e+00
 2.66974e+17	1.00e+00	9.73e-16	0.00e+00
 2.68301e+17	1.00e+00	9.76e-16	0.00e+00
 2.69557e+17	1.00e+00	9.79e-16	0.00e+00
 2.70747e+17	1.00e+00	9.82e-16	0.00e+00
 2.71876e+17	1.00e+00	9.85e-16	0.00e+00
 2.72947e+17	1.00e+00	9.87e-16	0.00e+00
 2.73962e+17	1.00e+00	9.89e-16	0.00e+00
 2.74927e+17	1.00e+00	9.91e-16	0.00e+00
 2.75842e+17	1.00e+00	9.93e-16	0.00e+00
 2.76712e+17	1.00e+00	9.95e-16	0.00e+00
 2.77540e+17	1.00e+00	9.96e-16	0.00e+00
 2.78327e+17	1.00e+00	9.98e-16	0.00e+00
 2.79077e+17	1.00e+00	9.99e-16	0.00e+00
 2.79791e+17	1.00e+00	1.00e-15	0.00e+00
 2.80471e+17	1.00e+00	1.00e-15	0.00e+00
 2.81121e+17	1.00e+00	1.00e-15	0.00e+00
 2.81741e+17	1.00e+00	1.00e-15	0.00e+00
 2.82333e+17	1.00e+00	1.00e-15	0.00e+00
 2.82899e+17	1.00e+00	1.00e-15	0.00e+00
 2.83441e+17	1.00e+00	1.01e-15	0.00e+00
 2.83961e+17	1.00e+00	1.01e-15	0.00e+00
 2.84460e+17	1.00e+00	1.01e-15	0.00e+00
 2.84939e+17	1.00e+00	1.01e-15	0.00e+00
 2.85399e+17	1.00e+00	1.01e-15	0.00e+00
 2.85843e+17	1.00e+00	1.01e-15	0.00e+00
 2.86271e+17	1.00e+00	1.01e-15	0.00e+00
 2.86685e+17	1.00e+00	1.01e-15	0.00e+00
 2.87087e+17	1.00e+00	1.01e-15	0.00e+00
 2.87476e+17	1.00e+00	1.01e-15	0.00e+00
 2.87855e+17	1.00e+00	1.01e-15	0.00e+00
 2.88226e+17	1.00e+00	1.01e-15	0.00e+00
 2.88588e+17	1.00e+00	1.01e-15	0.00e+00
 2.88944e+17	1.00e+00	1.01e-15	0.00e+00
 2.89296e+17	1.00e+00	1.01e-15	0.00e+00
 2.89644e+17	1.00e+00	1.01e-15	0.00e+00
 2.89990e+17	1.00e+00	1.01e-15	0.00e+00
 2.90337e+17	1.00e+00	1.01e-15	0.00e+00
 2.90686e+17	1.00e+00	1.01e-15	0.00e+00
 2.91040e+17	1.00e+00	1.01e-15	0.00e+00
 2.91402e+17	1.00e+00	1.01e-15	0.00e+00
 2.91775e+17	1.00e+00	1.01e-15	0.00e+00
 2.92163e+17	1.00e+00	1.01e-15	0.00e+00
 2.92571e+17	1.00e+00	1.01e-15	0.00e+00
 2.93007e+17	1.00e+00	1.00e-15	0.00e+00
 2.93479e+17	1.00e+00	1.00e-15	0.00e+00
 2.93998e+17	1.00e+00	1.00e-15	0.00e+00
 2.94580e+17	1.00e+00	9.98e-16	0.00e+00
 2.95248e+17	1.00e+00	9.94e-16	0.00e+00
 2.96033e+17	1.00e+00	9.89e-16	0.00e+00
 2.96984e+17	1.00e+00	9.81e-16	0.00e+00
 2.98173e+17	1.00e+00	9.70e-16	0.00e+00
 2.99703e+17	1.00e+00	9.51e-16	0.00e+00
 3.01692e+17	1.00e+00	9.22e-16	0.00e+00
 3.04277e+17	1.00e+00	8.80e-16	0.00e+00
 3.07638e+17	1.00e+00	8.20e-16	0.00e+00
 3.12007e+17	1.00e+00	7.41e-16	0.00e+00
 3.17686e+17	1.00e+00	6.44e-16	0.00e+00
 3.25070e+17	1.00e+00	5.30e-16	0.00e+00
 3.34669e+17	1.00e+00	4.07e-16	0.00e+00
 3.46896e+17	1.00e+00	2.84e-16	0.00e+00
 3.60772e+17	1.00e+00	1.85e-16	0.00e+00
 3.75203e+17	1.00e+00	1.56e-16	0.00e+00
 3.90211e+17	1.00e+00	1.34e-16	0.00e+00
 4.05440e+17	1.00e+00	1.13e-16	0.00e+00
 4.20017e+17	1.00e+00	1.04e-16	0.00e+00
 4.33307e+17	1.00e+00	1.09e-16	0.00e+00
 4.45400e+17	1.00e+00	1.17e-16	0.00e+00
 4.56753e+17	1.00e+00	1.20e-16	0.00e+00
 4.67509e+17	1.00e+00	1.15e-16	0.00e+00
 4.77443e+17	1.00e+00	1.11e-16	0.00e+00
 4.86374e+17	1.00e+00	1.10e-16	0.00e+00
 4.94321e+17	1.00e+00	1.09e-16	0.00e+00
 5.01426e+17	1.00e+00	1.07e-16	0.00e+00
 5.07844e+17	1.00e+00	1.03e-16	0.00e+00
 5.13148e+17	1.00e+00	9.74e-17	0.00e+00
 5.16660e+17	1.00e+00	9.70e-17	0.00e+00
 5.18643e+17	1.00e+00	1.01e-16	0.00e+00
 5.19793e+17	1.00e+00	1.04e-16	0.00e+00
 5.20483e+17	1.00e+00	1.06e-16	0.00e+00
 5.20917e+17	1.00e+00	1.07e-16	0.00e+00
 5.21279e+17	1.00e+00	1.08e-16	0.00e+00
 5.21675e+17	1.00e+00	1.08e-16	0.00e+00
 5.22078e+17	1.00e+00	1.08e-16	0.00e+00
 5.22447e+17	1.00e+00	1.09e-16	0.00e+00
 5.22773e+17	1.00e+00	1.09e-16	0.00e+00
 5.23080e+17	1.00e+00	1.09e-16	0.00e+00
 5.23387e+17	1.00e+00	1.09e-16	0.00e+00
 5.23681e+17	1.00e+00	1.09e-16	0.00e+00
 5.23942e+17	1.00e+00	1.09e-16	0.00e+00
 5.24179e+17	1.00e+00	1.08e-16	0.00e+00
 5.24406e+17	1.00e+00	1.08e-16	0.00e+00
 5.24629e+17	1.00e+00	1.08e-16	0.00e+00
 5.24849e+17	1.00e+00	1.08e-16	0.00e+00
 5.25065e+17	1.00e+00	1.07e-16	0.00e+00
 5.25261e+17	1.00e+00	1.07e-16	0.00e+00
 5.25433e+17	1.00e+00	1.07e-16	0.00e+00
 5.25613e+17	1.00e+00	1.07e-16	0.00e+00
 5.25798e+17	1.00e+00	1.06e-16	0.00e+00
 5.25963e+17	1.00e+00	1.06e-16	0.00e+00
 5.26114e+17	1.00e+00	1.06e-16	0.00e+00
 5.26266e+17	1.00e+00	1.06e-16	0.00e+00
 5.26423e+17	1.00e+00	1.06e-16	0.00e+00
 5.26578e+17	1.00e+00	1.05e-16	0.00e+00
 5.26725e+17	1.00e+00	1.05e-16	0.00e+00
 5.26867e+17	1.00e+00	1.05e-16	0.00e+00
 5.27005e+17	1.00e+00	1.06e-16	0.00e+00
 5.27142e+17	1.00e+00	1.05e-16	0.00e+00
 5.27277e+17	1.00e+00	1.05e-16	0.00e+00
 5.27413e+17	1.00e+00	1.05e-16	0.00e+00
 5.27551e+17	1.00e+00	1.04e-16	0.00e+00
 5.27687e+17	1.00e+00	1.04e-16	0.00e+00
 5.27823e+17	1.00e+00	1.04e-16	0.00e+00
 5.27953e+17	1.00e+00	1.03e-16	0.00e+00
 5.28090e+17	1.00e+00	1.05e-16	0.00e+00
 5.28231e+17	1.00e+00	1.01e-16	0.00e+00
 5.28365e+17	1.00e+00	1.02e-16	0.00e+00
 5.28504e+17	1.00e+00	1.01e-16	0.00e+00
 5.28646e+17	1.00e+00	1.00e-16	0.00e+00
 5.28792e+17	1.00e+00	9.94e-17	0.00e+00
 5.28938e+17	1.00e+00	9.89e-17	0.00e+00
 5.29080e+17	1.00e+00	9.84e-17	0.00e+00
 5.29232e+17	1.00e+00	9.85e-17	0.00e+00
 5.29405e+17	1.00e+00	9.67e-17	0.00e+00
 5.29577e+17	1.00e+00	9.58e-17	0.00e+00
 5.29728e+17	1.00e+00	9.54e-17	0.00e+00
 5.29879e+17	1.00e+00	9.60e-17	0.00e+00
 5.30051e+17	1.00e+00	9.42e-17	0.00e+00
 5.30229e+17	1.00e+00	9.34e-17	0.00e+00
 5.30400e+17	1.00e+00	9.27e-17	0.00e+00
 5.30578e+17	1.00e+00	9.21e-17	0.00e+00
 5.30767e+17	1.00e+00	9.12e-17	0.00e+00
 5.30960e+17	1.00e+00	9.04e-17	0.00e+00
 5.31154e+17	1.00e+00	8.96e-17	0.00e+00
 5.31348e+17	1.00e+00	8.88e-17	0.00e+00
 5.31546e+17	1.00e+00	8.80e-17	0.00e+00
 5.31752e+17	1.00e+00	8.71e-17	0.00e+00
 5.31959e+17	1.00e+00	8.62e-17	0.00e+00
 5.32175e+17	1.00e+00	8.53e-17	0.00e+00
 5.32401e+17	1.00e+00	8.43e-17	0.00e+00
 5.32634e+17	1.00e+00	8.33e-17	0.00e+00
 5.32875e+17	1.00e+00	8.22e-17	0.00e+00
 5.33117e+17	1.00e+00	8.12e-17	0.00e+00
 5.33361e+17	1.00e+00	8.01e-17	0.00e+00
 5.33613e+17	1.00e+00	7.90e-17	0.00e+00
 5.33873e+17	1.00e+00	7.78e-17	0.00e+00
 5.34142e+17	1.00e+00	7.66e-17	0.00e+00
 5.34409e+17	1.00e+00	7.54e-17	0.00e+00
 5.34694e+17	1.00e+00	7.42e-17	0.00e+00
 5.34995e+17	1.00e+00	7.28e-17	0.00e+00
 5.35288e+17	1.00e+00	7.15e-17	0.00e+00
 5.35583e+17	1.00e+00	7.01e-17	0.00e+00
 5.35892e+17	1.00e+00	6.88e-17	0.00e+00
 5.36219e+17	1.00e+00	6.74e-17	0.00e+00
 5.36553e+17	1.00e+00	6.58e-17	0.00e+00
 5.36885e+17	1.00e+00	6.43e-17	0.00e+00
 5.37216e+17	1.00e+00	6.28e-17	0.00e+00
 5.37552e+17	1.00e+00	6.14e-17	0.00e+00
 5.37908e+17	1.00e+00	5.99e-17	0.00e+00
 5.38287e+17	1.00e+00	5.83e-17	0.00e+00
 5.38667e+17	1.00e+00	5.66e-17	0.00e+00
 5.39041e+17	1.00e+00	5.50e-17	0.00e+00
 5.39422e+17	1.00e+00	5.34e-17	0.00e+00
 5.39818e+17	1.00e+00	5.18e-17	0.00e+00
 5.40230e+17	1.00e+00	5.01e-17	0.00e+00
 5.40647e+17	1.00e+00	4.84e-17	0.00e+00
 5.41066e+17	1.00e+00	4.67e-17	0.00e+00
 5.41493e+17	1.00e+00	4.50e-17	0.00e+00
 5.41932e+17	1.00e+00	4.33e-17	0.00e+00
 5.42382e+17	1.00e+00	4.16e-17	0.00e+00
 5.42839e+17	1.00e+00	4.00e-17	0.00e+00
 5.43315e+17	1.00e+00	3.83e-17	0.00e+00
 5.43801e+17	1.00e+00	3.65e-17	0.00e+00
 5.44294e+17	1.00e+00	3.48e-17	0.00e+00
 5.44796e+17	1.00e+00	3.31e-17	0.00e+00
 5.45295e+17	1.00e+00	3.15e-17	0.00e+00
 5.45805e+17	1.00e+00	2.99e-17	0.00e+00
 5.46347e+17	1.00e+00	2.83e-17	0.00e+00
 5.46906e+17	1.00e+00	2.67e-17	0.00e+00
 5.47476e+17	1.00e+00	2.51e-17	0.00e+00
 5.48063e+17	1.00e+00	2.35e-17	0.00e+00
 5.48660e+17	1.00e+00	2.20e-17	0.00e+00
 5.49269e+17	1.00e+00	2.05e-17	0.00e+00
 5.49899e+17	1.00e+00	1.91e-17	0.00e+00
 5.50546e+17	1.00e+00	1.76e-17	0.00e+00
 5.51163e+17	1.00e+00	1.63e-17	0.00e+00
 5.51708e+17	1.00e+00	1.52e-17	0.00e+00
 5.52191e+17	1.00e+00	1.42e-17	0.00e+00
 5.52643e+17	1.00e+00	1.34e-17	0.00e+00
 5.53082e+17	1.00e+00	1.27e-17	0.00e+00
 5.53507e+17	1.00e+00	1.20e-17	0.00e+00
 5.53912e+17	1.00e+00	1.12e-17	0.00e+00
 5.54294e+17	1.00e+00	1.07e-17	0.00e+00
 5.54658e+17	1.00e+00	1.01e-17	0.00e+00
 5.55008e+17	1.00e+00	9.64e-18	0.00e+00
 5.55346e+17	1.00e+00	9.19e-18	0.00e+00
 5.55671e+17	1.00e+00	8.76e-18	0.00e+00
 5.55984e+17	1.00e+00	8.36e-18	0.00e+00
 5.56284e+17	1.00e+00	7.99e-18	0.00e+00
 5.56573e+17	1.00e+00	7.65e-18	0.00e+00
 5.56852e+17	1.00e+00	7.32e-18	0.00e+00
 5.57121e+17	1.00e+00	7.00e-18	0.00e+00
 5.57379e+17	1.00e+00	6.72e-18	0.00e+00
 5.57628e+17	1.00e+00	6.45e-18	0.00e+00
 5.57870e+17	1.00e+00	6.19e-18	0.00e+00
 5.58106e+17	1.00e+00	5.95e-18	0.00e+00
 5.58335e+17	1.00e+00	5.73e-18	0.00e+00
 5.58554e+17	1.00e+00	5.52e-18	0.00e+00
 5.58764e+17	1.00e+00	5.31e-18	0.00e+00
 5.58970e+17	1.00e+00	5.12e-18	0.00e+00
 5.59171e+17	1.00e+00	4.94e-18	0.00e+00
 5.59369e+17	1.00e+00	4.77e-18	0.00e+00
 5.59560e+17	1.00e+00	4.60e-18	0.00e+00
 5.59747e+17	1.00e+00	4.45e-18	0.00e+00
 5.59930e+17	1.00e+00	4.30e-18	0.00e+00
 5.60109e+17	1.00e+00	4.16e-18	0.00e+00
 5.60286e+17	1.00e+00	3.97e-18	0.00e+00
 5.60486e+17	1.00e+00	3.84e-18	0.00e+00
 5.60747e+17	1.00e+00	3.68e-18	0.00e+00
 5.61086e+17	1.00e+00	3.47e-18	0.00e+00
 5.61527e+17	1.00e+00	3.23e-18	0.00e+00
 5.62101e+17	1.00e+00	2.92e-18	0.00e+00
 5.62843e+17	1.00e+00	2.57e-18	0.00e+00
 5.63668e+17	1.00e+00	2.18e-18	0.00e+00
 5.64403e+17	1.00e+00	1.85e-18	0.00e+00
 5.64997e+17	1.00e+00	1.62e-18	0.00e+00
 5.65522e+17	1.00e+00	1.45e-18	0.00e+00
 5.66059e+17	1.00e+00	1.31e-18	0.00e+00
 5.66634e+17	1.00e+00	1.17e-18	0.00e+00
