#depth	O	O+	O+2	O+3	O+4	O+5	O+6	O+7	O+8	O[1]	O[2]	O[3]
 1.49634e+10	0.00e+00	0.00e+00	1.22e-32	3.92e-23	9.33e-15	1.02e-07	1.00e+00	7.56e-15	0.00e+00	0.00e+00	0.00e+00	0.00e+00
 4.54887e+10	0.00e+00	3.66e-43	1.68e-32	4.96e-23	1.09e-14	1.10e-07	1.00e+00	0.00e+00	0.00e+00	0.00e+00	0.00e+00	0.00e+00
 7.72350e+10	0.00e+00	0.00e+00	2.30e-32	6.29e-23	1.28e-14	1.19e-07	1.00e+00	0.00e+00	0.00e+00	0.00e+00	0.00e+00	0.00e+00
 1.10251e+11	0.00e+00	8.03e-43	3.15e-32	7.97e-23	1.50e-14	1.29e-07	1.00e+00	0.00e+00	0.00e+00	0.00e+00	0.00e+00	0.00e+00
 1.44588e+11	0.00e+00	0.00e+00	4.31e-32	1.01e-22	1.76e-14	1.40e-07	1.00e+00	0.00e+00	0.00e+00	0.00e+00	0.00e+00	0.00e+00
 1.80298e+11	0.00e+00	1.76e-42	5.90e-32	1.28e-22	2.06e-14	1.51e-07	1.00e+00	0.00e+00	0.00e+00	0.00e+00	0.00e+00	0.00e+00
 2.17437e+11	0.00e+00	0.00e+00	8.09e-32	1.62e-22	2.41e-14	1.64e-07	1.00e+00	0.00e+00	0.00e+00	0.00e+00	0.00e+00	0.00e+00
 2.56061e+11	0.00e+00	3.87e-42	1.11e-31	2.05e-22	2.82e-14	1.77e-07	1.00e+00	0.00e+00	0.00e+00	0.00e+00	0.00e+00	0.00e+00
 2.96231e+11	0.00e+00	0.00e+00	1.52e-31	2.60e-22	3.31e-14	1.92e-07	1.00e+00	0.00e+00	0.00e+00	0.00e+00	0.00e+00	0.00e+00
 3.38007e+11	0.00e+00	8.51e-42	2.08e-31	3.30e-22	3.88e-14	2.08e-07	1.00e+00	0.00e+00	0.00e+00	0.00e+00	0.00e+00	0.00e+00
 3.77738e+11	0.00e+00	0.00e+00	2.78e-31	4.10e-22	4.49e-14	2.24e-07	1.00e+00	0.00e+00	0.00e+00	0.00e+00	0.00e+00	0.00e+00
 4.13954e+11	0.00e+00	1.68e-41	3.59e-31	4.96e-22	5.10e-14	2.39e-07	1.00e+00	0.00e+00	0.00e+00	0.00e+00	0.00e+00	0.00e+00
 4.54854e+11	0.00e+00	0.00e+00	4.74e-31	6.12e-22	5.87e-14	2.56e-07	1.00e+00	0.00e+00	0.00e+00	0.00e+00	0.00e+00	0.00e+00
 5.02495e+11	0.00e+00	3.50e-41	6.48e-31	7.75e-22	6.88e-14	2.77e-07	1.00e+00	0.00e+00	0.00e+00	0.00e+00	0.00e+00	0.00e+00
 5.49530e+11	0.00e+00	0.00e+00	8.72e-31	9.69e-22	7.99e-14	2.99e-07	1.00e+00	0.00e+00	0.00e+00	0.00e+00	0.00e+00	0.00e+00
 5.94236e+11	0.00e+00	7.14e-41	1.15e-30	1.19e-21	9.17e-14	3.20e-07	1.00e+00	0.00e+00	0.00e+00	0.00e+00	0.00e+00	0.00e+00
 6.43722e+11	0.00e+00	0.00e+00	1.53e-30	1.48e-21	1.06e-13	3.45e-07	1.00e+00	0.00e+00	0.00e+00	0.00e+00	0.00e+00	0.00e+00
 6.99398e+11	0.00e+00	1.52e-40	2.10e-30	1.88e-21	1.25e-13	3.74e-07	1.00e+00	0.00e+00	0.00e+00	0.00e+00	0.00e+00	0.00e+00
 7.55287e+11	0.00e+00	0.00e+00	2.86e-30	2.37e-21	1.46e-13	4.04e-07	1.00e+00	0.00e+00	0.00e+00	0.00e+00	0.00e+00	0.00e+00
 8.13411e+11	0.00e+00	3.27e-40	3.88e-30	2.99e-21	1.70e-13	4.37e-07	1.00e+00	0.00e+00	0.00e+00	0.00e+00	0.00e+00	0.00e+00
 8.75874e+11	0.00e+00	0.00e+00	5.33e-30	3.79e-21	2.00e-13	4.74e-07	1.00e+00	0.00e+00	0.00e+00	0.00e+00	0.00e+00	0.00e+00
 9.40836e+11	0.00e+00	7.20e-40	7.31e-30	4.82e-21	2.35e-13	5.15e-07	1.00e+00	0.00e+00	0.00e+00	0.00e+00	0.00e+00	0.00e+00
 1.00840e+12	0.00e+00	0.00e+00	1.00e-29	6.12e-21	2.76e-13	5.58e-07	1.00e+00	0.00e+00	0.00e+00	0.00e+00	0.00e+00	0.00e+00
 1.07866e+12	0.00e+00	1.59e-39	1.38e-29	7.78e-21	3.25e-13	6.06e-07	1.00e+00	0.00e+00	0.00e+00	0.00e+00	0.00e+00	0.00e+00
 1.15173e+12	0.00e+00	0.00e+00	1.90e-29	9.89e-21	3.82e-13	6.57e-07	1.00e+00	0.00e+00	0.00e+00	0.00e+00	0.00e+00	0.00e+00
 1.22773e+12	0.00e+00	3.50e-39	2.60e-29	1.26e-20	4.49e-13	7.14e-07	1.00e+00	0.00e+00	0.00e+00	0.00e+00	0.00e+00	0.00e+00
 1.30676e+12	0.00e+00	0.00e+00	3.58e-29	1.60e-20	5.28e-13	7.75e-07	1.00e+00	0.00e+00	0.00e+00	0.00e+00	0.00e+00	0.00e+00
 1.38896e+12	0.00e+00	7.71e-39	4.92e-29	2.04e-20	6.22e-13	8.42e-07	1.00e+00	0.00e+00	0.00e+00	0.00e+00	0.00e+00	0.00e+00
 1.47445e+12	0.00e+00	0.00e+00	6.76e-29	2.59e-20	7.32e-13	9.14e-07	1.00e+00	0.00e+00	0.00e+00	0.00e+00	0.00e+00	0.00e+00
 1.56335e+12	0.00e+00	1.70e-38	9.30e-29	3.30e-20	8.63e-13	9.94e-07	1.00e+00	0.00e+00	0.00e+00	0.00e+00	0.00e+00	0.00e+00
 1.65581e+12	0.00e+00	0.00e+00	1.28e-28	4.20e-20	1.02e-12	1.08e-06	1.00e+00	0.00e+00	0.00e+00	0.00e+00	0.00e+00	0.00e+00
 1.75197e+12	0.00e+00	3.75e-38	1.76e-28	5.35e-20	1.20e-12	1.17e-06	1.00e+00	0.00e+00	0.00e+00	0.00e+00	0.00e+00	0.00e+00
 1.85198e+12	0.00e+00	0.00e+00	2.42e-28	6.81e-20	1.41e-12	1.28e-06	1.00e+00	0.00e+00	0.00e+00	0.00e+00	0.00e+00	0.00e+00
 1.95598e+12	0.00e+00	8.28e-38	3.33e-28	8.68e-20	1.67e-12	1.39e-06	1.00e+00	0.00e+00	0.00e+00	0.00e+00	0.00e+00	0.00e+00
 2.06415e+12	0.00e+00	0.00e+00	4.58e-28	1.11e-19	1.97e-12	1.51e-06	1.00e+00	0.00e+00	0.00e+00	0.00e+00	0.00e+00	0.00e+00
 2.17664e+12	0.00e+00	1.83e-37	6.29e-28	1.41e-19	2.32e-12	1.65e-06	1.00e+00	0.00e+00	0.00e+00	0.00e+00	0.00e+00	0.00e+00
 2.29363e+12	0.00e+00	0.00e+00	8.66e-28	1.80e-19	2.74e-12	1.79e-06	1.00e+00	0.00e+00	0.00e+00	0.00e+00	0.00e+00	0.00e+00
 2.41531e+12	0.00e+00	4.02e-37	1.19e-27	2.30e-19	3.24e-12	1.95e-06	1.00e+00	0.00e+00	0.00e+00	0.00e+00	0.00e+00	0.00e+00
 2.54185e+12	0.00e+00	0.00e+00	1.64e-27	2.93e-19	3.83e-12	2.13e-06	1.00e+00	0.00e+00	0.00e+00	0.00e+00	0.00e+00	0.00e+00
 2.67345e+12	0.00e+00	8.85e-37	2.26e-27	3.74e-19	4.54e-12	2.32e-06	1.00e+00	0.00e+00	0.00e+00	0.00e+00	0.00e+00	0.00e+00
 2.81031e+12	0.00e+00	0.00e+00	3.10e-27	4.78e-19	5.37e-12	2.53e-06	1.00e+00	0.00e+00	0.00e+00	0.00e+00	0.00e+00	0.00e+00
 2.95265e+12	0.00e+00	1.94e-36	4.27e-27	6.10e-19	6.35e-12	2.76e-06	1.00e+00	0.00e+00	0.00e+00	0.00e+00	0.00e+00	0.00e+00
 3.10068e+12	1.80e-46	2.88e-36	5.87e-27	7.79e-19	7.52e-12	3.01e-06	1.00e+00	0.00e+00	0.00e+00	0.00e+00	0.00e+00	0.00e+00
 3.25464e+12	0.00e+00	0.00e+00	8.07e-27	9.95e-19	8.92e-12	3.29e-06	1.00e+00	0.00e+00	0.00e+00	0.00e+00	0.00e+00	0.00e+00
 3.41475e+12	0.00e+00	6.30e-36	1.11e-26	1.27e-18	1.06e-11	3.59e-06	1.00e+00	0.00e+00	0.00e+00	0.00e+00	0.00e+00	0.00e+00
 3.58127e+12	7.31e-46	9.31e-36	1.52e-26	1.62e-18	1.25e-11	3.92e-06	1.00e+00	0.00e+00	0.00e+00	0.00e+00	0.00e+00	0.00e+00
 3.75444e+12	0.00e+00	0.00e+00	2.09e-26	2.08e-18	1.49e-11	4.29e-06	1.00e+00	0.00e+00	0.00e+00	0.00e+00	0.00e+00	0.00e+00
 3.93455e+12	0.00e+00	2.02e-35	2.87e-26	2.65e-18	1.77e-11	4.69e-06	1.00e+00	0.00e+00	0.00e+00	0.00e+00	0.00e+00	0.00e+00
 4.12186e+12	2.93e-45	2.98e-35	3.94e-26	3.39e-18	2.10e-11	5.14e-06	1.00e+00	0.00e+00	0.00e+00	0.00e+00	0.00e+00	0.00e+00
 4.31666e+12	0.00e+00	4.38e-35	5.40e-26	4.33e-18	2.49e-11	5.63e-06	1.00e+00	0.00e+00	0.00e+00	0.00e+00	0.00e+00	0.00e+00
 4.51925e+12	7.31e-45	6.42e-35	7.39e-26	5.54e-18	2.97e-11	6.16e-06	1.00e+00	0.00e+00	0.00e+00	0.00e+00	0.00e+00	0.00e+00
 4.70714e+12	0.00e+00	9.03e-35	9.78e-26	6.90e-18	3.46e-11	6.69e-06	1.00e+00	0.00e+00	0.00e+00	0.00e+00	0.00e+00	0.00e+00
 4.87106e+12	1.54e-44	1.20e-34	1.24e-25	8.30e-18	3.95e-11	7.18e-06	1.00e+00	0.00e+00	0.00e+00	0.00e+00	0.00e+00	0.00e+00
 5.05347e+12	0.00e+00	1.64e-34	1.60e-25	1.01e-17	4.55e-11	7.74e-06	1.00e+00	0.00e+00	0.00e+00	0.00e+00	0.00e+00	0.00e+00
 5.27467e+12	3.39e-44	2.34e-34	2.15e-25	1.28e-17	5.38e-11	8.47e-06	1.00e+00	0.00e+00	0.00e+00	0.00e+00	0.00e+00	0.00e+00
 5.49922e+12	0.00e+00	3.31e-34	2.86e-25	1.61e-17	6.34e-11	9.25e-06	1.00e+00	0.00e+00	0.00e+00	0.00e+00	0.00e+00	0.00e+00
 5.70537e+12	7.35e-44	4.50e-34	3.69e-25	1.97e-17	7.33e-11	1.00e-05	1.00e+00	0.00e+00	0.00e+00	0.00e+00	0.00e+00	0.00e+00
 5.93467e+12	0.00e+00	6.23e-34	4.85e-25	2.44e-17	8.57e-11	1.09e-05	1.00e+00	0.00e+00	0.00e+00	0.00e+00	0.00e+00	0.00e+00
 6.20052e+12	1.65e-43	8.93e-34	6.55e-25	3.11e-17	1.02e-10	1.20e-05	1.00e+00	0.00e+00	0.00e+00	0.00e+00	0.00e+00	0.00e+00
 6.46135e+12	0.00e+00	1.25e-33	8.69e-25	3.91e-17	1.21e-10	1.31e-05	1.00e+00	0.00e+00	0.00e+00	0.00e+00	0.00e+00	0.00e+00
 6.70948e+12	3.50e-43	1.69e-33	1.12e-24	4.82e-17	1.40e-10	1.43e-05	1.00e+00	0.00e+00	0.00e+00	0.00e+00	0.00e+00	0.00e+00
 6.98466e+12	0.00e+00	2.34e-33	1.48e-24	6.02e-17	1.65e-10	1.57e-05	1.00e+00	0.00e+00	0.00e+00	0.00e+00	0.00e+00	0.00e+00
 7.29397e+12	7.61e-43	3.30e-33	1.98e-24	7.65e-17	1.97e-10	1.73e-05	1.00e+00	0.00e+00	0.00e+00	0.00e+00	0.00e+00	0.00e+00
 7.60634e+12	0.00e+00	4.58e-33	2.63e-24	9.65e-17	2.34e-10	1.91e-05	1.00e+00	0.00e+00	0.00e+00	0.00e+00	0.00e+00	0.00e+00
 7.92554e+12	1.61e-42	6.29e-33	3.45e-24	1.21e-16	2.77e-10	2.10e-05	1.00e+00	0.00e+00	0.00e+00	0.00e+00	0.00e+00	0.00e+00
 8.26458e+12	0.00e+00	8.66e-33	4.56e-24	1.53e-16	3.29e-10	2.32e-05	1.00e+00	0.00e+00	0.00e+00	0.00e+00	0.00e+00	0.00e+00
 8.61610e+12	3.33e-42	1.19e-32	5.99e-24	1.92e-16	3.90e-10	2.56e-05	1.00e+00	0.00e+00	0.00e+00	0.00e+00	0.00e+00	0.00e+00
 8.97049e+12	0.00e+00	1.60e-32	7.80e-24	2.40e-16	4.59e-10	2.81e-05	1.00e+00	0.00e+00	0.00e+00	0.00e+00	0.00e+00	0.00e+00
 9.33047e+12	6.54e-42	2.14e-32	1.01e-23	2.98e-16	5.39e-10	3.09e-05	1.00e+00	0.00e+00	0.00e+00	0.00e+00	0.00e+00	0.00e+00
 9.70567e+12	0.00e+00	2.86e-32	1.30e-23	3.70e-16	6.32e-10	3.39e-05	1.00e+00	0.00e+00	0.00e+00	0.00e+00	0.00e+00	0.00e+00
 1.01021e+13	1.26e-41	3.82e-32	1.68e-23	4.61e-16	7.42e-10	3.73e-05	1.00e+00	0.00e+00	0.00e+00	0.00e+00	0.00e+00	0.00e+00
 1.05207e+13	0.00e+00	5.13e-32	2.19e-23	5.76e-16	8.73e-10	4.11e-05	1.00e+00	0.00e+00	0.00e+00	0.00e+00	0.00e+00	0.00e+00
 1.09628e+13	2.46e-41	6.92e-32	2.86e-23	7.22e-16	1.03e-09	4.53e-05	1.00e+00	0.00e+00	0.00e+00	0.00e+00	0.00e+00	0.00e+00
 1.14290e+13	0.00e+00	9.38e-32	3.74e-23	9.08e-16	1.21e-09	5.00e-05	1.00e+00	0.00e+00	0.00e+00	0.00e+00	0.00e+00	0.00e+00
 1.19161e+13	4.88e-41	1.27e-31	4.91e-23	1.14e-15	1.43e-09	5.51e-05	1.00e+00	0.00e+00	0.00e+00	0.00e+00	0.00e+00	0.00e+00
 1.24227e+13	0.00e+00	1.73e-31	6.46e-23	1.44e-15	1.68e-09	6.08e-05	1.00e+00	0.00e+00	0.00e+00	0.00e+00	0.00e+00	0.00e+00
 1.29495e+13	9.78e-41	2.37e-31	8.51e-23	1.81e-15	1.98e-09	6.69e-05	1.00e+00	0.00e+00	0.00e+00	0.00e+00	0.00e+00	0.00e+00
 1.34974e+13	0.00e+00	3.24e-31	1.12e-22	2.28e-15	2.33e-09	7.35e-05	1.00e+00	0.00e+00	0.00e+00	0.00e+00	0.00e+00	0.00e+00
 1.40672e+13	1.99e-40	4.46e-31	1.48e-22	2.87e-15	2.73e-09	8.08e-05	1.00e+00	0.00e+00	0.00e+00	0.00e+00	0.00e+00	0.00e+00
 1.46425e+13	0.00e+00	6.10e-31	1.95e-22	3.60e-15	3.19e-09	8.84e-05	1.00e+00	0.00e+00	0.00e+00	0.00e+00	0.00e+00	0.00e+00
 1.51886e+13	3.94e-40	8.15e-31	2.51e-22	4.42e-15	3.67e-09	9.59e-05	1.00e+00	0.00e+00	0.00e+00	0.00e+00	0.00e+00	0.00e+00
 1.57738e+13	0.00e+00	1.10e-30	3.26e-22	5.47e-15	4.25e-09	1.04e-04	1.00e+00	0.00e+00	0.00e+00	0.00e+00	0.00e+00	0.00e+00
 1.64346e+13	8.11e-40	1.54e-30	4.34e-22	6.90e-15	4.98e-09	1.14e-04	1.00e+00	0.00e+00	0.00e+00	0.00e+00	0.00e+00	0.00e+00
 1.70923e+13	0.00e+00	2.13e-30	5.72e-22	8.61e-15	5.79e-09	1.24e-04	1.00e+00	0.00e+00	0.00e+00	0.00e+00	0.00e+00	0.00e+00
 1.77762e+13	1.71e-39	2.96e-30	7.57e-22	1.08e-14	6.74e-09	1.35e-04	1.00e+00	0.00e+00	0.00e+00	0.00e+00	0.00e+00	0.00e+00
 1.85171e+13	0.00e+00	4.18e-30	1.01e-21	1.36e-14	7.88e-09	1.48e-04	1.00e+00	0.00e+00	0.00e+00	0.00e+00	0.00e+00	0.00e+00
 1.92878e+13	3.78e-39	5.92e-30	1.36e-21	1.72e-14	9.22e-09	1.61e-04	1.00e+00	0.00e+00	0.00e+00	0.00e+00	0.00e+00	0.00e+00
 2.00892e+13	0.00e+00	8.41e-30	1.83e-21	2.17e-14	1.08e-08	1.76e-04	1.00e+00	0.00e+00	0.00e+00	0.00e+00	0.00e+00	0.00e+00
 2.09227e+13	8.58e-39	1.20e-29	2.47e-21	2.74e-14	1.26e-08	1.92e-04	1.00e+00	0.00e+00	0.00e+00	0.00e+00	0.00e+00	0.00e+00
 2.17895e+13	0.00e+00	1.72e-29	3.33e-21	3.46e-14	1.48e-08	2.09e-04	1.00e+00	0.00e+00	0.00e+00	0.00e+00	0.00e+00	0.00e+00
 2.26910e+13	1.99e-38	2.48e-29	4.50e-21	4.37e-14	1.73e-08	2.27e-04	1.00e+00	0.00e+00	0.00e+00	0.00e+00	0.00e+00	0.00e+00
 2.36286e+13	0.00e+00	3.56e-29	6.07e-21	5.52e-14	2.02e-08	2.47e-04	1.00e+00	0.00e+00	0.00e+00	0.00e+00	0.00e+00	0.00e+00
 2.46037e+13	4.65e-38	5.15e-29	8.23e-21	6.97e-14	2.36e-08	2.69e-04	1.00e+00	0.00e+00	0.00e+00	0.00e+00	0.00e+00	0.00e+00
 2.55345e+13	0.00e+00	7.20e-29	1.09e-20	8.64e-14	2.73e-08	2.90e-04	1.00e+00	0.00e+00	0.00e+00	0.00e+00	0.00e+00	0.00e+00
 2.63869e+13	9.77e-38	9.72e-29	1.39e-20	1.05e-13	3.10e-08	3.11e-04	1.00e+00	0.00e+00	0.00e+00	0.00e+00	0.00e+00	0.00e+00
 2.73499e+13	0.00e+00	1.35e-28	1.83e-20	1.29e-13	3.56e-08	3.34e-04	1.00e+00	0.00e+00	0.00e+00	0.00e+00	0.00e+00	0.00e+00
 2.84670e+13	2.24e-37	1.97e-28	2.48e-20	1.63e-13	4.16e-08	3.63e-04	1.00e+00	0.00e+00	0.00e+00	0.00e+00	0.00e+00	0.00e+00
 2.95679e+13	0.00e+00	2.80e-28	3.31e-20	2.03e-13	4.82e-08	3.92e-04	1.00e+00	0.00e+00	0.00e+00	0.00e+00	0.00e+00	0.00e+00
 3.06194e+13	4.98e-37	3.88e-28	4.32e-20	2.49e-13	5.52e-08	4.21e-04	1.00e+00	0.00e+00	0.00e+00	0.00e+00	0.00e+00	0.00e+00
 3.17806e+13	0.00e+00	5.52e-28	5.74e-20	3.09e-13	6.38e-08	4.53e-04	1.00e+00	0.00e+00	0.00e+00	0.00e+00	0.00e+00	0.00e+00
 3.30817e+13	1.18e-36	8.06e-28	7.82e-20	3.91e-13	7.46e-08	4.92e-04	1.00e+00	0.00e+00	0.00e+00	0.00e+00	0.00e+00	0.00e+00
 3.43916e+13	0.00e+00	1.16e-27	1.05e-19	4.90e-13	8.68e-08	5.32e-04	9.99e-01	0.00e+00	0.00e+00	0.00e+00	0.00e+00	0.00e+00
 3.57539e+13	2.83e-36	1.69e-27	1.42e-19	6.16e-13	1.01e-07	5.75e-04	9.99e-01	0.00e+00	0.00e+00	0.00e+00	0.00e+00	0.00e+00
 3.72140e+13	0.00e+00	2.47e-27	1.94e-19	7.79e-13	1.18e-07	6.23e-04	9.99e-01	0.00e+00	0.00e+00	0.00e+00	0.00e+00	0.00e+00
 3.87324e+13	7.06e-36	3.63e-27	2.65e-19	9.84e-13	1.38e-07	6.74e-04	9.99e-01	0.00e+00	0.00e+00	0.00e+00	0.00e+00	0.00e+00
 4.03117e+13	0.00e+00	5.34e-27	3.61e-19	1.24e-12	1.62e-07	7.30e-04	9.99e-01	0.00e+00	0.00e+00	0.00e+00	0.00e+00	0.00e+00
 4.19541e+13	1.77e-35	7.85e-27	4.93e-19	1.57e-12	1.89e-07	7.91e-04	9.99e-01	0.00e+00	0.00e+00	0.00e+00	0.00e+00	0.00e+00
 4.36622e+13	0.00e+00	1.15e-26	6.73e-19	1.99e-12	2.21e-07	8.56e-04	9.99e-01	0.00e+00	0.00e+00	0.00e+00	0.00e+00	0.00e+00
 4.54386e+13	4.44e-35	1.70e-26	9.19e-19	2.52e-12	2.58e-07	9.26e-04	9.99e-01	0.00e+00	0.00e+00	0.00e+00	0.00e+00	0.00e+00
 4.72860e+13	7.06e-35	2.51e-26	1.25e-18	3.18e-12	3.02e-07	1.00e-03	9.99e-01	0.00e+00	0.00e+00	0.00e+00	0.00e+00	0.00e+00
 4.92074e+13	1.12e-34	3.69e-26	1.71e-18	4.03e-12	3.53e-07	1.08e-03	9.99e-01	0.00e+00	0.00e+00	0.00e+00	0.00e+00	0.00e+00
 5.11398e+13	1.76e-34	5.38e-26	2.32e-18	5.05e-12	4.11e-07	1.17e-03	9.99e-01	0.00e+00	0.00e+00	0.00e+00	0.00e+00	0.00e+00
 5.31495e+13	2.77e-34	7.85e-26	3.14e-18	6.34e-12	4.78e-07	1.26e-03	9.99e-01	0.00e+00	0.00e+00	0.00e+00	0.00e+00	0.00e+00
 5.53055e+13	4.42e-34	1.16e-25	4.29e-18	8.02e-12	5.59e-07	1.37e-03	9.99e-01	0.00e+00	0.00e+00	0.00e+00	0.00e+00	0.00e+00
 5.75476e+13	7.05e-34	1.71e-25	5.87e-18	1.01e-11	6.54e-07	1.48e-03	9.99e-01	0.00e+00	0.00e+00	0.00e+00	0.00e+00	0.00e+00
 5.98794e+13	1.13e-33	2.53e-25	8.02e-18	1.28e-11	7.64e-07	1.60e-03	9.98e-01	0.00e+00	0.00e+00	0.00e+00	0.00e+00	0.00e+00
 6.23045e+13	1.80e-33	3.74e-25	1.10e-17	1.62e-11	8.94e-07	1.73e-03	9.98e-01	0.00e+00	0.00e+00	0.00e+00	0.00e+00	0.00e+00
 6.48266e+13	2.87e-33	5.52e-25	1.50e-17	2.05e-11	1.05e-06	1.87e-03	9.98e-01	0.00e+00	0.00e+00	0.00e+00	0.00e+00	0.00e+00
 6.74496e+13	4.59e-33	8.16e-25	2.05e-17	2.60e-11	1.22e-06	2.02e-03	9.98e-01	0.00e+00	0.00e+00	0.00e+00	0.00e+00	0.00e+00
 7.01775e+13	7.30e-33	1.20e-24	2.80e-17	3.28e-11	1.43e-06	2.18e-03	9.98e-01	0.00e+00	0.00e+00	0.00e+00	0.00e+00	0.00e+00
 7.30146e+13	1.17e-32	1.78e-24	3.84e-17	4.15e-11	1.67e-06	2.36e-03	9.98e-01	0.00e+00	0.00e+00	0.00e+00	0.00e+00	0.00e+00
 7.59651e+13	1.87e-32	2.64e-24	5.25e-17	5.25e-11	1.95e-06	2.55e-03	9.97e-01	0.00e+00	0.00e+00	0.00e+00	0.00e+00	0.00e+00
 7.88926e+13	2.91e-32	3.81e-24	7.08e-17	6.57e-11	2.27e-06	2.75e-03	9.97e-01	0.00e+00	0.00e+00	0.00e+00	0.00e+00	0.00e+00
 8.19373e+13	4.58e-32	5.56e-24	9.56e-17	8.22e-11	2.63e-06	2.96e-03	9.97e-01	0.00e+00	0.00e+00	0.00e+00	0.00e+00	0.00e+00
 8.52447e+13	7.27e-32	8.18e-24	1.31e-16	1.04e-10	3.08e-06	3.20e-03	9.97e-01	0.00e+00	0.00e+00	0.00e+00	0.00e+00	0.00e+00
 8.86142e+13	1.15e-31	1.20e-23	1.78e-16	1.31e-10	3.59e-06	3.46e-03	9.97e-01	0.00e+00	0.00e+00	0.00e+00	0.00e+00	0.00e+00
 9.21184e+13	1.81e-31	1.75e-23	2.41e-16	1.65e-10	4.18e-06	3.73e-03	9.96e-01	0.00e+00	0.00e+00	0.00e+00	0.00e+00	0.00e+00
 9.58331e+13	2.87e-31	2.58e-23	3.29e-16	2.08e-10	4.89e-06	4.04e-03	9.96e-01	0.00e+00	0.00e+00	0.00e+00	0.00e+00	0.00e+00
 9.93259e+13	4.36e-31	3.66e-23	4.37e-16	2.57e-10	5.63e-06	4.34e-03	9.96e-01	0.00e+00	0.00e+00	0.00e+00	0.00e+00	0.00e+00
 1.02444e+14	6.29e-31	4.97e-23	5.58e-16	3.09e-10	6.37e-06	4.61e-03	9.95e-01	0.00e+00	0.00e+00	0.00e+00	0.00e+00	0.00e+00
 1.05938e+14	9.24e-31	6.87e-23	7.26e-16	3.77e-10	7.27e-06	4.93e-03	9.95e-01	0.00e+00	0.00e+00	0.00e+00	0.00e+00	0.00e+00
 1.10086e+14	1.44e-30	9.97e-23	9.82e-16	4.74e-10	8.46e-06	5.32e-03	9.95e-01	0.00e+00	0.00e+00	0.00e+00	0.00e+00	0.00e+00
 1.14217e+14	2.22e-30	1.43e-22	1.31e-15	5.90e-10	9.78e-06	5.73e-03	9.94e-01	0.00e+00	0.00e+00	0.00e+00	0.00e+00	0.00e+00
 1.18048e+14	3.22e-30	1.96e-22	1.70e-15	7.17e-10	1.11e-05	6.12e-03	9.94e-01	0.00e+00	0.00e+00	0.00e+00	0.00e+00	0.00e+00
 1.22335e+14	4.89e-30	2.78e-22	2.25e-15	8.87e-10	1.28e-05	6.57e-03	9.93e-01	0.00e+00	0.00e+00	0.00e+00	0.00e+00	0.00e+00
 1.27259e+14	7.58e-30	4.04e-22	3.07e-15	1.12e-09	1.50e-05	7.13e-03	9.93e-01	0.00e+00	0.00e+00	0.00e+00	0.00e+00	0.00e+00
 1.32062e+14	1.17e-29	5.81e-22	4.11e-15	1.40e-09	1.74e-05	7.67e-03	9.92e-01	0.00e+00	0.00e+00	0.00e+00	0.00e+00	0.00e+00
 1.37058e+14	1.76e-29	8.24e-22	5.49e-15	1.74e-09	2.01e-05	8.28e-03	9.92e-01	0.00e+00	0.00e+00	0.00e+00	0.00e+00	0.00e+00
 1.42571e+14	2.75e-29	1.20e-21	7.47e-15	2.20e-09	2.35e-05	8.97e-03	9.91e-01	0.00e+00	0.00e+00	0.00e+00	0.00e+00	0.00e+00
 1.48080e+14	4.18e-29	1.72e-21	1.00e-14	2.75e-09	2.73e-05	9.69e-03	9.90e-01	0.00e+00	0.00e+00	0.00e+00	0.00e+00	0.00e+00
 1.53809e+14	6.47e-29	2.48e-21	1.35e-14	3.45e-09	3.17e-05	1.05e-02	9.90e-01	0.00e+00	0.00e+00	0.00e+00	0.00e+00	0.00e+00
 1.59991e+14	9.88e-29	3.57e-21	1.83e-14	4.35e-09	3.70e-05	1.14e-02	9.89e-01	0.00e+00	0.00e+00	0.00e+00	0.00e+00	0.00e+00
 1.66421e+14	1.52e-28	5.16e-21	2.49e-14	5.50e-09	4.32e-05	1.23e-02	9.88e-01	0.00e+00	0.00e+00	0.00e+00	0.00e+00	0.00e+00
 1.73108e+14	2.33e-28	7.45e-21	3.38e-14	6.94e-09	5.04e-05	1.34e-02	9.87e-01	0.00e+00	0.00e+00	0.00e+00	0.00e+00	0.00e+00
 1.80062e+14	3.63e-28	1.09e-20	4.60e-14	8.77e-09	5.88e-05	1.45e-02	9.85e-01	0.00e+00	0.00e+00	0.00e+00	0.00e+00	0.00e+00
 1.87294e+14	5.45e-28	1.55e-20	6.22e-14	1.11e-08	6.86e-05	1.57e-02	9.84e-01	0.00e+00	0.00e+00	0.00e+00	0.00e+00	0.00e+00
 1.94816e+14	8.46e-28	2.25e-20	8.45e-14	1.40e-08	8.01e-05	1.70e-02	9.83e-01	0.00e+00	0.00e+00	0.00e+00	0.00e+00	0.00e+00
 2.02639e+14	1.27e-27	3.20e-20	1.15e-13	1.76e-08	9.35e-05	1.85e-02	9.81e-01	0.00e+00	0.00e+00	0.00e+00	0.00e+00	0.00e+00
 2.10383e+14	1.91e-27	4.56e-20	1.53e-13	2.20e-08	1.08e-04	2.00e-02	9.80e-01	0.00e+00	0.00e+00	0.00e+00	0.00e+00	0.00e+00
 2.18437e+14	2.77e-27	6.35e-20	2.04e-13	2.75e-08	1.25e-04	2.17e-02	9.78e-01	0.00e+00	0.00e+00	0.00e+00	0.00e+00	0.00e+00
 2.27204e+14	4.26e-27	9.20e-20	2.77e-13	3.47e-08	1.46e-04	2.35e-02	9.76e-01	0.00e+00	0.00e+00	0.00e+00	0.00e+00	0.00e+00
 2.36084e+14	6.19e-27	1.29e-19	3.72e-13	4.36e-08	1.70e-04	2.55e-02	9.74e-01	0.00e+00	0.00e+00	0.00e+00	0.00e+00	0.00e+00
 2.45319e+14	9.15e-27	1.82e-19	5.00e-13	5.47e-08	1.97e-04	2.77e-02	9.72e-01	0.00e+00	0.00e+00	0.00e+00	0.00e+00	0.00e+00
 2.55162e+14	1.36e-26	2.58e-19	6.77e-13	6.90e-08	2.30e-04	3.01e-02	9.70e-01	0.00e+00	0.00e+00	0.00e+00	0.00e+00	0.00e+00
 2.64338e+14	1.97e-26	3.58e-19	8.89e-13	8.50e-08	2.64e-04	3.25e-02	9.67e-01	0.00e+00	0.00e+00	0.00e+00	0.00e+00	0.00e+00
 2.72462e+14	2.65e-26	4.68e-19	1.12e-12	1.02e-07	2.97e-04	3.47e-02	9.65e-01	0.00e+00	0.00e+00	0.00e+00	0.00e+00	0.00e+00
 2.81584e+14	3.68e-26	6.28e-19	1.45e-12	1.24e-07	3.37e-04	3.72e-02	9.62e-01	0.00e+00	0.00e+00	0.00e+00	0.00e+00	0.00e+00
 2.92490e+14	5.23e-26	8.69e-19	1.94e-12	1.55e-07	3.90e-04	4.04e-02	9.59e-01	0.00e+00	0.00e+00	0.00e+00	0.00e+00	0.00e+00
 3.03522e+14	7.46e-26	1.20e-18	2.58e-12	1.93e-07	4.50e-04	4.37e-02	9.56e-01	0.00e+00	0.00e+00	0.00e+00	0.00e+00	0.00e+00
 3.13874e+14	1.03e-25	1.62e-18	3.34e-12	2.35e-07	5.12e-04	4.70e-02	9.52e-01	0.00e+00	0.00e+00	0.00e+00	0.00e+00	0.00e+00
 3.25339e+14	1.46e-25	2.23e-18	4.41e-12	2.90e-07	5.88e-04	5.07e-02	9.49e-01	0.00e+00	0.00e+00	0.00e+00	0.00e+00	0.00e+00
 3.38382e+14	2.13e-25	3.15e-18	5.98e-12	3.67e-07	6.84e-04	5.52e-02	9.44e-01	0.00e+00	0.00e+00	0.00e+00	0.00e+00	0.00e+00
 3.51335e+14	3.05e-25	4.39e-18	8.01e-12	4.58e-07	7.89e-04	5.99e-02	9.39e-01	0.00e+00	0.00e+00	0.00e+00	0.00e+00	0.00e+00
 3.62992e+14	4.18e-25	5.89e-18	1.03e-11	5.55e-07	8.94e-04	6.42e-02	9.35e-01	0.00e+00	0.00e+00	0.00e+00	0.00e+00	0.00e+00
 3.73685e+14	5.56e-25	7.63e-18	1.30e-11	6.59e-07	9.99e-04	6.82e-02	9.31e-01	0.00e+00	0.00e+00	0.00e+00	0.00e+00	0.00e+00
 3.85961e+14	7.62e-25	1.02e-17	1.67e-11	7.98e-07	1.13e-03	7.30e-02	9.26e-01	0.00e+00	0.00e+00	0.00e+00	0.00e+00	0.00e+00
 4.00773e+14	1.10e-24	1.43e-17	2.24e-11	9.97e-07	1.31e-03	7.90e-02	9.20e-01	0.00e+00	0.00e+00	0.00e+00	0.00e+00	0.00e+00
 4.15486e+14	1.56e-24	1.98e-17	2.98e-11	1.23e-06	1.50e-03	8.51e-02	9.13e-01	0.00e+00	0.00e+00	0.00e+00	0.00e+00	0.00e+00
 4.28632e+14	2.18e-24	2.67e-17	3.80e-11	1.48e-06	1.68e-03	9.06e-02	9.08e-01	0.00e+00	0.00e+00	0.00e+00	0.00e+00	0.00e+00
 4.43135e+14	2.93e-24	3.54e-17	4.94e-11	1.80e-06	1.91e-03	9.71e-02	9.01e-01	0.00e+00	0.00e+00	0.00e+00	0.00e+00	0.00e+00
 4.60375e+14	4.30e-24	5.00e-17	6.66e-11	2.25e-06	2.21e-03	1.05e-01	8.93e-01	0.00e+00	0.00e+00	0.00e+00	0.00e+00	0.00e+00
 4.77551e+14	6.23e-24	7.01e-17	8.89e-11	2.79e-06	2.53e-03	1.13e-01	8.85e-01	0.00e+00	0.00e+00	0.00e+00	0.00e+00	0.00e+00
 4.93414e+14	8.81e-24	9.55e-17	1.15e-10	3.38e-06	2.86e-03	1.20e-01	8.77e-01	0.00e+00	0.00e+00	0.00e+00	0.00e+00	0.00e+00
 5.11180e+14	1.22e-23	1.29e-16	1.52e-10	4.16e-06	3.27e-03	1.29e-01	8.68e-01	0.00e+00	0.00e+00	0.00e+00	0.00e+00	0.00e+00
 5.31657e+14	1.81e-23	1.85e-16	2.06e-10	5.22e-06	3.78e-03	1.39e-01	8.57e-01	0.00e+00	0.00e+00	0.00e+00	0.00e+00	0.00e+00
 5.51687e+14	2.71e-23	2.64e-16	2.76e-10	6.47e-06	4.33e-03	1.49e-01	8.47e-01	0.00e+00	0.00e+00	0.00e+00	0.00e+00	0.00e+00
 5.72519e+14	3.82e-23	3.64e-16	3.69e-10	8.02e-06	4.97e-03	1.59e-01	8.36e-01	0.00e+00	0.00e+00	0.00e+00	0.00e+00	0.00e+00
 5.95450e+14	5.87e-23	5.30e-16	5.01e-10	1.00e-05	5.73e-03	1.71e-01	8.23e-01	0.00e+00	0.00e+00	0.00e+00	0.00e+00	0.00e+00
 6.18631e+14	8.38e-23	7.38e-16	6.75e-10	1.25e-05	6.59e-03	1.83e-01	8.10e-01	0.00e+00	0.00e+00	0.00e+00	0.00e+00	0.00e+00
 6.42740e+14	1.27e-22	1.06e-15	9.08e-10	1.56e-05	7.56e-03	1.96e-01	7.97e-01	0.00e+00	0.00e+00	0.00e+00	0.00e+00	0.00e+00
 6.68479e+14	1.83e-22	1.49e-15	1.23e-09	1.95e-05	8.70e-03	2.10e-01	7.81e-01	0.00e+00	0.00e+00	0.00e+00	0.00e+00	0.00e+00
 6.95249e+14	2.77e-22	2.14e-15	1.67e-09	2.43e-05	1.00e-02	2.24e-01	7.66e-01	0.00e+00	0.00e+00	0.00e+00	0.00e+00	0.00e+00
 7.23088e+14	4.19e-22	3.09e-15	2.26e-09	3.02e-05	1.15e-02	2.39e-01	7.50e-01	0.00e+00	0.00e+00	0.00e+00	0.00e+00	0.00e+00
 7.52042e+14	6.25e-22	4.40e-15	3.05e-09	3.76e-05	1.32e-02	2.54e-01	7.32e-01	0.00e+00	0.00e+00	0.00e+00	0.00e+00	0.00e+00
 7.82154e+14	9.31e-22	6.27e-15	4.11e-09	4.68e-05	1.51e-02	2.70e-01	7.14e-01	0.00e+00	0.00e+00	0.00e+00	0.00e+00	0.00e+00
 8.13470e+14	1.39e-21	8.93e-15	5.54e-09	5.80e-05	1.72e-02	2.87e-01	6.96e-01	0.00e+00	0.00e+00	0.00e+00	0.00e+00	0.00e+00
 8.43686e+14	1.98e-21	1.23e-14	7.29e-09	7.08e-05	1.95e-02	3.03e-01	6.78e-01	0.00e+00	0.00e+00	0.00e+00	0.00e+00	0.00e+00
 8.71927e+14	2.78e-21	1.65e-14	9.34e-09	8.47e-05	2.17e-02	3.17e-01	6.61e-01	0.00e+00	0.00e+00	0.00e+00	0.00e+00	0.00e+00
 8.99366e+14	3.82e-21	2.18e-14	1.18e-08	1.00e-04	2.40e-02	3.31e-01	6.45e-01	0.00e+00	0.00e+00	0.00e+00	0.00e+00	0.00e+00
 9.30299e+14	5.45e-21	2.97e-14	1.52e-08	1.20e-04	2.68e-02	3.46e-01	6.27e-01	0.00e+00	0.00e+00	0.00e+00	0.00e+00	0.00e+00
 9.64777e+14	7.93e-21	4.10e-14	1.98e-08	1.45e-04	3.01e-02	3.63e-01	6.07e-01	0.00e+00	0.00e+00	0.00e+00	0.00e+00	0.00e+00
 9.97337e+14	1.11e-20	5.50e-14	2.54e-08	1.73e-04	3.35e-02	3.78e-01	5.88e-01	0.00e+00	0.00e+00	0.00e+00	0.00e+00	0.00e+00
 1.03314e+15	1.61e-20	7.56e-14	3.28e-08	2.08e-04	3.74e-02	3.94e-01	5.68e-01	0.00e+00	0.00e+00	0.00e+00	0.00e+00	0.00e+00
 1.07348e+15	2.37e-20	1.06e-13	4.33e-08	2.53e-04	4.20e-02	4.12e-01	5.46e-01	0.00e+00	0.00e+00	0.00e+00	0.00e+00	0.00e+00
 1.11217e+15	3.42e-20	1.45e-13	5.59e-08	3.03e-04	4.68e-02	4.28e-01	5.25e-01	0.00e+00	0.00e+00	0.00e+00	0.00e+00	0.00e+00
 1.14785e+15	4.72e-20	1.91e-13	7.01e-08	3.56e-04	5.14e-02	4.42e-01	5.06e-01	0.00e+00	0.00e+00	0.00e+00	0.00e+00	0.00e+00
 1.18716e+15	6.64e-20	2.56e-13	8.91e-08	4.21e-04	5.67e-02	4.57e-01	4.86e-01	0.00e+00	0.00e+00	0.00e+00	0.00e+00	0.00e+00
 1.23142e+15	9.76e-20	3.55e-13	1.15e-07	5.04e-04	6.29e-02	4.72e-01	4.65e-01	0.00e+00	0.00e+00	0.00e+00	0.00e+00	0.00e+00
 1.27359e+15	1.36e-19	4.72e-13	1.46e-07	5.95e-04	6.91e-02	4.85e-01	4.45e-01	0.00e+00	0.00e+00	0.00e+00	0.00e+00	0.00e+00
 1.31961e+15	1.97e-19	6.44e-13	1.87e-07	7.06e-04	7.63e-02	5.00e-01	4.23e-01	0.00e+00	0.00e+00	0.00e+00	0.00e+00	0.00e+00
 1.37039e+15	2.91e-19	8.95e-13	2.42e-07	8.45e-04	8.44e-02	5.13e-01	4.01e-01	0.00e+00	0.00e+00	0.00e+00	0.00e+00	0.00e+00
 1.41800e+15	4.06e-19	1.19e-12	3.05e-07	9.93e-04	9.23e-02	5.25e-01	3.82e-01	0.00e+00	0.00e+00	0.00e+00	0.00e+00	0.00e+00
 1.46955e+15	5.85e-19	1.61e-12	3.89e-07	1.17e-03	1.01e-01	5.37e-01	3.61e-01	0.00e+00	0.00e+00	0.00e+00	0.00e+00	0.00e+00
 1.52707e+15	8.70e-19	2.24e-12	5.03e-07	1.40e-03	1.12e-01	5.48e-01	3.39e-01	0.00e+00	0.00e+00	0.00e+00	0.00e+00	0.00e+00
 1.58238e+15	1.25e-18	3.03e-12	6.37e-07	1.64e-03	1.22e-01	5.57e-01	3.19e-01	0.00e+00	0.00e+00	0.00e+00	0.00e+00	0.00e+00
 1.64118e+15	1.81e-18	4.12e-12	8.08e-07	1.93e-03	1.33e-01	5.65e-01	3.00e-01	0.00e+00	0.00e+00	0.00e+00	0.00e+00	0.00e+00
 1.70686e+15	2.63e-18	5.62e-12	1.04e-06	2.30e-03	1.45e-01	5.73e-01	2.79e-01	0.00e+00	0.00e+00	0.00e+00	0.00e+00	0.00e+00
 1.77242e+15	3.90e-18	7.77e-12	1.33e-06	2.71e-03	1.58e-01	5.79e-01	2.60e-01	0.00e+00	0.00e+00	0.00e+00	0.00e+00	0.00e+00
 1.84060e+15	5.72e-18	1.06e-11	1.69e-06	3.18e-03	1.72e-01	5.83e-01	2.41e-01	0.00e+00	0.00e+00	0.00e+00	0.00e+00	0.00e+00
 1.91425e+15	8.45e-18	1.46e-11	2.16e-06	3.74e-03	1.87e-01	5.86e-01	2.23e-01	0.00e+00	0.00e+00	0.00e+00	0.00e+00	0.00e+00
 1.99085e+15	1.21e-17	1.97e-11	2.75e-06	4.40e-03	2.03e-01	5.87e-01	2.06e-01	0.00e+00	0.00e+00	0.00e+00	0.00e+00	0.00e+00
 2.07052e+15	1.83e-17	2.75e-11	3.50e-06	5.16e-03	2.19e-01	5.87e-01	1.88e-01	0.00e+00	0.00e+00	0.00e+00	0.00e+00	0.00e+00
 2.15337e+15	2.72e-17	3.76e-11	4.44e-06	6.03e-03	2.37e-01	5.85e-01	1.73e-01	0.00e+00	0.00e+00	1.54e-17	8.35e-18	3.23e-18
 2.23953e+15	3.99e-17	5.13e-11	5.62e-06	7.03e-03	2.54e-01	5.81e-01	1.57e-01	0.00e+00	0.00e+00	2.25e-17	1.25e-17	4.60e-18
 2.32915e+15	5.85e-17	6.98e-11	7.09e-06	8.18e-03	2.73e-01	5.76e-01	1.43e-01	0.00e+00	0.00e+00	3.31e-17	1.82e-17	6.71e-18
 2.42234e+15	8.56e-17	9.48e-11	8.92e-06	9.48e-03	2.92e-01	5.69e-01	1.30e-01	0.00e+00	0.00e+00	4.85e-17	2.66e-17	9.78e-18
 2.51927e+15	1.25e-16	1.28e-10	1.12e-05	1.10e-02	3.11e-01	5.60e-01	1.18e-01	0.00e+00	0.00e+00	7.10e-17	3.88e-17	1.42e-17
 2.62007e+15	1.82e-16	1.73e-10	1.40e-05	1.26e-02	3.31e-01	5.50e-01	1.06e-01	0.00e+00	0.00e+00	1.04e-16	5.64e-17	2.06e-17
 2.71190e+15	2.53e-16	2.25e-10	1.70e-05	1.43e-02	3.49e-01	5.40e-01	9.66e-02	0.00e+00	0.00e+00	1.44e-16	7.81e-17	2.85e-17
 2.78988e+15	3.31e-16	2.78e-10	1.99e-05	1.58e-02	3.64e-01	5.31e-01	8.93e-02	0.00e+00	0.00e+00	1.89e-16	1.02e-16	3.72e-17
 2.87624e+15	4.41e-16	3.49e-10	2.35e-05	1.75e-02	3.80e-01	5.20e-01	8.20e-02	0.00e+00	0.00e+00	2.51e-16	1.36e-16	4.93e-17
 2.98356e+15	6.04e-16	4.50e-10	2.87e-05	1.99e-02	3.99e-01	5.07e-01	7.37e-02	0.00e+00	0.00e+00	3.45e-16	1.86e-16	6.74e-17
 3.09576e+15	8.81e-16	6.03e-10	3.52e-05	2.25e-02	4.19e-01	4.93e-01	6.59e-02	0.00e+00	0.00e+00	5.04e-16	2.71e-16	9.77e-17
 3.19569e+15	1.19e-15	7.62e-10	4.16e-05	2.50e-02	4.36e-01	4.80e-01	5.99e-02	0.00e+00	0.00e+00	6.81e-16	3.65e-16	1.32e-16
 3.30206e+15	1.61e-15	9.65e-10	4.95e-05	2.77e-02	4.53e-01	4.65e-01	5.41e-02	0.00e+00	0.00e+00	9.22e-16	4.93e-16	1.77e-16
 3.42944e+15	2.21e-15	1.24e-09	6.03e-05	3.13e-02	4.72e-01	4.49e-01	4.80e-02	0.00e+00	0.00e+00	1.27e-15	6.78e-16	2.43e-16
 3.55463e+15	3.19e-15	1.65e-09	7.29e-05	3.50e-02	4.90e-01	4.32e-01	4.25e-02	0.00e+00	0.00e+00	1.83e-15	9.77e-16	3.48e-16
 3.66533e+15	4.24e-15	2.05e-09	8.52e-05	3.84e-02	5.06e-01	4.17e-01	3.84e-02	0.00e+00	0.00e+00	2.43e-15	1.30e-15	4.61e-16
 3.78671e+15	5.72e-15	2.58e-09	1.01e-04	4.24e-02	5.21e-01	4.02e-01	3.44e-02	0.00e+00	0.00e+00	3.29e-15	1.75e-15	6.20e-16
 3.93244e+15	8.09e-15	3.38e-09	1.22e-04	4.74e-02	5.39e-01	3.83e-01	3.01e-02	0.00e+00	0.00e+00	4.65e-15	2.47e-15	8.73e-16
 4.07778e+15	1.12e-14	4.33e-09	1.46e-04	5.27e-02	5.55e-01	3.65e-01	2.65e-02	0.00e+00	0.00e+00	6.43e-15	3.42e-15	1.20e-15
 4.21012e+15	1.45e-14	5.31e-09	1.70e-04	5.76e-02	5.69e-01	3.49e-01	2.35e-02	0.00e+00	0.00e+00	8.34e-15	4.43e-15	1.55e-15
 4.35760e+15	2.04e-14	6.87e-09	2.02e-04	6.35e-02	5.83e-01	3.32e-01	2.07e-02	0.00e+00	0.00e+00	1.17e-14	6.23e-15	2.18e-15
 4.52407e+15	2.86e-14	8.87e-09	2.42e-04	7.04e-02	5.98e-01	3.14e-01	1.79e-02	0.00e+00	0.00e+00	1.65e-14	8.74e-15	3.04e-15
 4.68461e+15	3.78e-14	1.10e-08	2.85e-04	7.73e-02	6.10e-01	2.97e-01	1.56e-02	0.00e+00	0.00e+00	2.18e-14	1.16e-14	4.01e-15
 4.83876e+15	5.08e-14	1.38e-08	3.33e-04	8.41e-02	6.21e-01	2.81e-01	1.37e-02	0.00e+00	0.00e+00	2.93e-14	1.55e-14	5.37e-15
 5.01380e+15	7.19e-14	1.79e-08	3.95e-04	9.24e-02	6.31e-01	2.64e-01	1.19e-02	0.00e+00	0.00e+00	4.15e-14	2.20e-14	7.58e-15
 5.20605e+15	1.01e-13	2.31e-08	4.70e-04	1.02e-01	6.41e-01	2.47e-01	1.01e-02	0.00e+00	0.00e+00	5.84e-14	3.09e-14	1.06e-14
 5.39152e+15	1.38e-13	2.92e-08	5.53e-04	1.11e-01	6.49e-01	2.31e-01	8.72e-03	0.00e+00	0.00e+00	7.98e-14	4.22e-14	1.45e-14
 5.57208e+15	1.85e-13	3.63e-08	6.44e-04	1.20e-01	6.55e-01	2.16e-01	7.55e-03	0.00e+00	0.00e+00	1.07e-13	5.65e-14	1.93e-14
 5.77434e+15	2.53e-13	4.58e-08	7.56e-04	1.31e-01	6.61e-01	2.01e-01	6.44e-03	0.00e+00	0.00e+00	1.46e-13	7.71e-14	2.63e-14
 5.99820e+15	3.40e-13	5.75e-08	8.97e-04	1.43e-01	6.65e-01	1.85e-01	5.42e-03	0.00e+00	0.00e+00	1.97e-13	1.04e-13	3.53e-14
 6.21081e+15	4.84e-13	7.43e-08	1.05e-03	1.55e-01	6.68e-01	1.71e-01	4.59e-03	0.00e+00	0.00e+00	2.80e-13	1.48e-13	5.01e-14
 6.41332e+15	6.45e-13	9.18e-08	1.21e-03	1.67e-01	6.69e-01	1.59e-01	3.94e-03	0.00e+00	0.00e+00	3.73e-13	1.97e-13	6.67e-14
 6.64413e+15	8.79e-13	1.15e-07	1.42e-03	1.81e-01	6.69e-01	1.46e-01	3.32e-03	0.00e+00	0.00e+00	5.09e-13	2.68e-13	9.06e-14
 6.89663e+15	1.18e-12	1.44e-07	1.67e-03	1.96e-01	6.67e-01	1.33e-01	2.76e-03	0.00e+00	0.00e+00	6.81e-13	3.59e-13	1.21e-13
 7.13804e+15	1.67e-12	1.85e-07	1.95e-03	2.11e-01	6.63e-01	1.22e-01	2.30e-03	0.00e+00	0.00e+00	9.69e-13	5.11e-13	1.72e-13
 7.36978e+15	2.23e-12	2.28e-07	2.25e-03	2.26e-01	6.58e-01	1.12e-01	1.95e-03	0.00e+00	0.00e+00	1.29e-12	6.82e-13	2.29e-13
 7.62865e+15	3.03e-12	2.85e-07	2.61e-03	2.42e-01	6.52e-01	1.02e-01	1.62e-03	0.00e+00	0.00e+00	1.75e-12	9.24e-13	3.10e-13
 7.89753e+15	3.97e-12	3.50e-07	3.04e-03	2.60e-01	6.44e-01	9.19e-02	1.34e-03	0.00e+00	0.00e+00	2.30e-12	1.21e-12	4.06e-13
 8.13362e+15	5.42e-12	4.36e-07	3.47e-03	2.76e-01	6.36e-01	8.41e-02	1.13e-03	0.00e+00	0.00e+00	3.14e-12	1.66e-12	5.53e-13
 8.35106e+15	6.91e-12	5.19e-07	3.89e-03	2.90e-01	6.28e-01	7.75e-02	9.71e-04	0.00e+00	0.00e+00	4.01e-12	2.11e-12	7.04e-13
 8.59003e+15	8.91e-12	6.24e-07	4.41e-03	3.06e-01	6.18e-01	7.08e-02	8.21e-04	0.00e+00	0.00e+00	5.17e-12	2.72e-12	9.07e-13
 8.89961e+15	1.18e-11	7.72e-07	5.15e-03	3.27e-01	6.04e-01	6.29e-02	6.63e-04	0.00e+00	0.00e+00	6.87e-12	3.62e-12	1.20e-12
 9.21791e+15	1.73e-11	1.00e-06	6.03e-03	3.50e-01	5.88e-01	5.57e-02	5.31e-04	0.00e+00	0.00e+00	1.00e-11	5.27e-12	1.75e-12
 9.47395e+15	2.23e-11	1.21e-06	6.81e-03	3.67e-01	5.75e-01	5.05e-02	4.46e-04	0.00e+00	0.00e+00	1.29e-11	6.80e-12	2.26e-12
 9.73213e+15	2.78e-11	1.42e-06	7.69e-03	3.85e-01	5.61e-01	4.57e-02	3.74e-04	0.00e+00	0.00e+00	1.62e-11	8.50e-12	2.82e-12
 1.00678e+16	4.06e-11	1.86e-06	9.03e-03	4.09e-01	5.41e-01	3.99e-02	2.95e-04	0.00e+00	0.00e+00	2.36e-11	1.24e-11	4.11e-12
 1.04063e+16	5.58e-11	2.33e-06	1.05e-02	4.33e-01	5.22e-01	3.50e-02	2.35e-04	0.00e+00	0.00e+00	3.24e-11	1.70e-11	5.64e-12
 1.06766e+16	6.96e-11	2.75e-06	1.18e-02	4.52e-01	5.05e-01	3.14e-02	1.95e-04	0.00e+00	0.00e+00	4.04e-11	2.13e-11	7.03e-12
 1.09559e+16	9.10e-11	3.33e-06	1.34e-02	4.71e-01	4.87e-01	2.79e-02	1.61e-04	0.00e+00	0.00e+00	5.29e-11	2.78e-11	9.20e-12
 1.13191e+16	1.36e-10	4.40e-06	1.58e-02	4.97e-01	4.63e-01	2.39e-02	1.24e-04	0.00e+00	0.00e+00	7.88e-11	4.15e-11	1.37e-11
 1.16783e+16	1.91e-10	5.61e-06	1.85e-02	5.22e-01	4.39e-01	2.06e-02	9.67e-05	0.00e+00	0.00e+00	1.11e-10	5.83e-11	1.93e-11
 1.19540e+16	2.44e-10	6.71e-06	2.09e-02	5.40e-01	4.20e-01	1.83e-02	7.97e-05	0.00e+00	0.00e+00	1.42e-10	7.47e-11	2.46e-11
 1.22340e+16	3.07e-10	7.96e-06	2.37e-02	5.59e-01	4.01e-01	1.61e-02	6.51e-05	0.00e+00	0.00e+00	1.78e-10	9.38e-11	3.10e-11
 1.25980e+16	4.70e-10	1.07e-05	2.81e-02	5.84e-01	3.74e-01	1.36e-02	4.95e-05	0.00e+00	0.00e+00	2.73e-10	1.44e-10	4.74e-11
 1.29530e+16	6.62e-10	1.37e-05	3.30e-02	6.06e-01	3.50e-01	1.15e-02	3.82e-05	0.00e+00	0.00e+00	3.85e-10	2.02e-10	6.68e-11
 1.32168e+16	8.08e-10	1.60e-05	3.74e-02	6.22e-01	3.31e-01	1.01e-02	3.14e-05	0.00e+00	0.00e+00	4.70e-10	2.47e-10	8.15e-11
 1.34802e+16	1.07e-09	1.97e-05	4.27e-02	6.38e-01	3.11e-01	8.82e-03	2.54e-05	0.00e+00	0.00e+00	6.23e-10	3.28e-10	1.08e-10
 1.37740e+16	1.58e-09	2.58e-05	4.96e-02	6.54e-01	2.89e-01	7.52e-03	1.99e-05	0.00e+00	0.00e+00	9.21e-10	4.84e-10	1.60e-10
 1.40382e+16	2.12e-09	3.19e-05	5.70e-02	6.67e-01	2.69e-01	6.50e-03	1.61e-05	0.00e+00	0.00e+00	1.23e-09	6.48e-10	2.14e-10
 1.42678e+16	2.78e-09	3.89e-05	6.47e-02	6.78e-01	2.52e-01	5.69e-03	1.32e-05	0.00e+00	0.00e+00	1.61e-09	8.49e-10	2.80e-10
 1.44642e+16	3.51e-09	4.63e-05	7.23e-02	6.86e-01	2.37e-01	5.05e-03	1.11e-05	0.00e+00	0.00e+00	2.04e-09	1.07e-09	3.54e-10
 1.46293e+16	4.25e-09	5.35e-05	7.98e-02	6.92e-01	2.24e-01	4.54e-03	9.51e-06	0.00e+00	0.00e+00	2.47e-09	1.30e-09	4.29e-10
 1.48114e+16	5.53e-09	6.47e-05	8.97e-02	6.97e-01	2.09e-01	4.00e-03	7.92e-06	0.00e+00	0.00e+00	3.22e-09	1.69e-09	5.59e-10
 1.50047e+16	7.18e-09	7.86e-05	1.02e-01	7.01e-01	1.94e-01	3.49e-03	6.53e-06	0.00e+00	0.00e+00	4.17e-09	2.20e-09	7.25e-10
 1.51743e+16	9.11e-09	9.40e-05	1.14e-01	7.02e-01	1.80e-01	3.06e-03	5.45e-06	0.00e+00	0.00e+00	5.30e-09	2.79e-09	9.21e-10
 1.53316e+16	1.14e-08	1.12e-04	1.28e-01	7.02e-01	1.67e-01	2.69e-03	4.57e-06	0.00e+00	0.00e+00	6.65e-09	3.50e-09	1.16e-09
 1.55114e+16	1.56e-08	1.41e-04	1.48e-01	6.99e-01	1.51e-01	2.28e-03	3.64e-06	0.00e+00	0.00e+00	9.09e-09	4.79e-09	1.58e-09
 1.57047e+16	2.17e-08	1.81e-04	1.74e-01	6.90e-01	1.34e-01	1.89e-03	2.83e-06	0.00e+00	0.00e+00	1.26e-08	6.65e-09	2.20e-09
 1.58683e+16	2.88e-08	2.25e-04	2.01e-01	6.78e-01	1.19e-01	1.58e-03	2.23e-06	0.00e+00	0.00e+00	1.67e-08	8.81e-09	2.91e-09
 1.60023e+16	3.78e-08	2.76e-04	2.29e-01	6.63e-01	1.06e-01	1.33e-03	1.79e-06	0.00e+00	0.00e+00	2.20e-08	1.16e-08	3.83e-09
 1.61241e+16	4.84e-08	3.35e-04	2.60e-01	6.44e-01	9.44e-02	1.12e-03	1.44e-06	0.00e+00	0.00e+00	2.81e-08	1.48e-08	4.91e-09
 1.62432e+16	6.36e-08	4.12e-04	2.96e-01	6.21e-01	8.24e-02	9.24e-04	1.13e-06	0.00e+00	0.00e+00	3.70e-08	1.95e-08	6.46e-09
 1.63573e+16	8.32e-08	5.07e-04	3.37e-01	5.91e-01	7.07e-02	7.48e-04	8.66e-07	0.00e+00	0.00e+00	4.84e-08	2.55e-08	8.46e-09
 1.64616e+16	1.07e-07	6.17e-04	3.82e-01	5.57e-01	5.98e-02	5.98e-04	0.00e+00	0.00e+00	0.00e+00	6.24e-08	3.29e-08	1.09e-08
 1.65557e+16	1.35e-07	7.39e-04	4.29e-01	5.20e-01	5.01e-02	4.73e-04	0.00e+00	0.00e+00	0.00e+00	7.85e-08	4.14e-08	1.38e-08
 1.66306e+16	1.57e-07	8.34e-04	4.71e-01	4.86e-01	4.25e-02	3.83e-04	0.00e+00	0.00e+00	0.00e+00	9.12e-08	4.81e-08	1.60e-08
 1.66892e+16	1.91e-07	9.65e-04	5.07e-01	4.55e-01	3.67e-02	3.17e-04	0.00e+00	0.00e+00	0.00e+00	1.11e-07	5.87e-08	1.95e-08
 1.67421e+16	2.14e-07	1.05e-03	5.42e-01	4.25e-01	3.17e-02	2.63e-04	0.00e+00	0.00e+00	0.00e+00	1.24e-07	6.56e-08	2.18e-08
 1.67978e+16	2.56e-07	1.20e-03	5.81e-01	3.91e-01	2.65e-02	2.10e-04	0.00e+00	0.00e+00	0.00e+00	1.49e-07	7.86e-08	2.62e-08
 1.68574e+16	2.99e-07	1.35e-03	6.24e-01	3.53e-01	2.15e-02	1.62e-04	0.00e+00	0.00e+00	0.00e+00	1.74e-07	9.19e-08	3.07e-08
 1.69120e+16	3.44e-07	1.50e-03	6.64e-01	3.17e-01	1.73e-02	1.24e-04	0.00e+00	0.00e+00	0.00e+00	2.00e-07	1.06e-07	3.54e-08
 1.69729e+16	4.03e-07	1.69e-03	7.10e-01	2.75e-01	1.32e-02	8.84e-05	0.00e+00	0.00e+00	0.00e+00	2.34e-07	1.24e-07	4.15e-08
 1.70386e+16	4.70e-07	1.88e-03	7.55e-01	2.33e-01	9.56e-03	5.96e-05	0.00e+00	0.00e+00	0.00e+00	2.73e-07	1.45e-07	4.85e-08
 1.70980e+16	5.35e-07	2.06e-03	7.94e-01	1.97e-01	6.94e-03	4.03e-05	0.00e+00	0.00e+00	0.00e+00	3.11e-07	1.65e-07	5.54e-08
 1.71626e+16	6.12e-07	2.26e-03	8.32e-01	1.61e-01	4.73e-03	2.52e-05	0.00e+00	0.00e+00	0.00e+00	3.56e-07	1.89e-07	6.34e-08
 1.72467e+16	7.13e-07	2.49e-03	8.72e-01	1.22e-01	2.80e-03	1.32e-05	0.00e+00	0.00e+00	0.00e+00	4.15e-07	2.20e-07	7.41e-08
 1.73383e+16	8.19e-07	2.71e-03	9.06e-01	9.02e-02	1.56e-03	6.40e-06	0.00e+00	0.00e+00	0.00e+00	4.76e-07	2.53e-07	8.52e-08
 1.74345e+16	9.25e-07	2.90e-03	9.31e-01	6.57e-02	8.38e-04	2.93e-06	0.00e+00	0.00e+00	0.00e+00	5.38e-07	2.86e-07	9.66e-08
 1.75542e+16	1.05e-06	3.10e-03	9.51e-01	4.56e-02	3.98e-04	1.14e-06	0.00e+00	0.00e+00	0.00e+00	6.10e-07	3.24e-07	1.10e-07
 1.77099e+16	1.20e-06	3.30e-03	9.66e-01	3.02e-02	1.64e-04	3.57e-07	0.00e+00	0.00e+00	0.00e+00	6.95e-07	3.69e-07	1.25e-07
 1.79123e+16	1.38e-06	3.50e-03	9.77e-01	1.98e-02	6.04e-05	0.00e+00	0.00e+00	0.00e+00	0.00e+00	8.01e-07	4.26e-07	1.44e-07
 1.81753e+16	1.62e-06	3.73e-03	9.83e-01	1.35e-02	2.09e-05	0.00e+00	0.00e+00	0.00e+00	0.00e+00	9.40e-07	5.00e-07	1.70e-07
 1.85173e+16	1.97e-06	4.01e-03	9.86e-01	9.95e-03	7.08e-06	0.00e+00	0.00e+00	0.00e+00	0.00e+00	1.14e-06	6.09e-07	2.06e-07
 1.89619e+16	2.54e-06	4.39e-03	9.88e-01	7.92e-03	2.38e-06	0.00e+00	0.00e+00	0.00e+00	0.00e+00	1.48e-06	7.85e-07	2.66e-07
 1.94372e+16	3.36e-06	4.85e-03	9.88e-01	6.83e-03	9.38e-07	0.00e+00	0.00e+00	0.00e+00	0.00e+00	1.95e-06	1.04e-06	3.52e-07
 1.98491e+16	4.35e-06	5.32e-03	9.88e-01	6.18e-03	0.00e+00	0.00e+00	0.00e+00	0.00e+00	0.00e+00	2.53e-06	1.35e-06	4.55e-07
 2.02178e+16	5.55e-06	5.81e-03	9.88e-01	5.68e-03	0.00e+00	0.00e+00	0.00e+00	0.00e+00	0.00e+00	3.23e-06	1.72e-06	5.80e-07
 2.06332e+16	7.43e-06	6.48e-03	9.88e-01	5.15e-03	0.00e+00	0.00e+00	0.00e+00	0.00e+00	0.00e+00	4.32e-06	2.29e-06	7.75e-07
 2.10663e+16	1.02e-05	7.33e-03	9.88e-01	4.68e-03	0.00e+00	0.00e+00	0.00e+00	0.00e+00	0.00e+00	5.95e-06	3.16e-06	1.07e-06
 2.14157e+16	1.36e-05	8.20e-03	9.88e-01	4.26e-03	0.00e+00	0.00e+00	0.00e+00	0.00e+00	0.00e+00	7.88e-06	4.19e-06	1.41e-06
 2.17009e+16	1.72e-05	9.05e-03	9.87e-01	3.96e-03	0.00e+00	0.00e+00	0.00e+00	0.00e+00	0.00e+00	1.00e-05	5.33e-06	1.80e-06
 2.20094e+16	2.28e-05	1.02e-02	9.86e-01	3.60e-03	0.00e+00	0.00e+00	0.00e+00	0.00e+00	0.00e+00	1.32e-05	7.02e-06	2.37e-06
 2.23422e+16	3.13e-05	1.17e-02	9.85e-01	3.22e-03	0.00e+00	0.00e+00	0.00e+00	0.00e+00	0.00e+00	1.82e-05	9.66e-06	3.25e-06
 2.26241e+16	4.19e-05	1.33e-02	9.84e-01	2.89e-03	0.00e+00	0.00e+00	0.00e+00	0.00e+00	0.00e+00	2.43e-05	1.29e-05	4.35e-06
 2.28053e+16	5.09e-05	1.45e-02	9.83e-01	2.70e-03	0.00e+00	0.00e+00	0.00e+00	0.00e+00	0.00e+00	2.96e-05	1.57e-05	5.29e-06
 2.29053e+16	5.70e-05	1.53e-02	9.82e-01	2.59e-03	0.00e+00	0.00e+00	0.00e+00	0.00e+00	0.00e+00	3.31e-05	1.76e-05	5.91e-06
 2.30029e+16	6.38e-05	1.61e-02	9.81e-01	2.47e-03	0.00e+00	0.00e+00	0.00e+00	0.00e+00	0.00e+00	3.71e-05	1.97e-05	6.62e-06
 2.31298e+16	7.42e-05	1.73e-02	9.80e-01	2.33e-03	0.00e+00	0.00e+00	0.00e+00	0.00e+00	0.00e+00	4.31e-05	2.29e-05	7.70e-06
 2.32730e+16	8.84e-05	1.88e-02	9.79e-01	2.16e-03	0.00e+00	0.00e+00	0.00e+00	0.00e+00	0.00e+00	5.14e-05	2.73e-05	9.17e-06
 2.34044e+16	1.05e-04	2.04e-02	9.77e-01	2.01e-03	0.00e+00	0.00e+00	0.00e+00	0.00e+00	0.00e+00	6.08e-05	3.22e-05	1.08e-05
 2.35178e+16	1.21e-04	2.20e-02	9.76e-01	1.90e-03	0.00e+00	0.00e+00	0.00e+00	0.00e+00	0.00e+00	7.05e-05	3.74e-05	1.26e-05
 2.36409e+16	1.44e-04	2.39e-02	9.74e-01	1.76e-03	0.00e+00	0.00e+00	0.00e+00	0.00e+00	0.00e+00	8.35e-05	4.43e-05	1.49e-05
 2.37606e+16	1.70e-04	2.60e-02	9.72e-01	1.64e-03	0.00e+00	0.00e+00	0.00e+00	0.00e+00	0.00e+00	9.87e-05	5.23e-05	1.76e-05
 2.38474e+16	1.93e-04	2.77e-02	9.71e-01	1.55e-03	0.00e+00	0.00e+00	0.00e+00	0.00e+00	0.00e+00	1.12e-04	5.93e-05	1.99e-05
 2.39207e+16	2.15e-04	2.94e-02	9.69e-01	1.47e-03	0.00e+00	0.00e+00	0.00e+00	0.00e+00	0.00e+00	1.25e-04	6.64e-05	2.23e-05
 2.40050e+16	2.46e-04	3.14e-02	9.67e-01	1.38e-03	0.00e+00	0.00e+00	0.00e+00	0.00e+00	0.00e+00	1.43e-04	7.57e-05	2.54e-05
 2.40982e+16	2.85e-04	3.39e-02	9.65e-01	1.29e-03	0.00e+00	0.00e+00	0.00e+00	0.00e+00	0.00e+00	1.65e-04	8.77e-05	2.95e-05
 2.41826e+16	3.27e-04	3.65e-02	9.62e-01	1.21e-03	0.00e+00	0.00e+00	0.00e+00	0.00e+00	0.00e+00	1.90e-04	1.01e-04	3.38e-05
