#depth	O	O+	O+2	O+3	O+4	O+5	O+6	O+7	O+8	O[1]	O[2]	O[3]
 1.49634e+10	2.69e-31	1.06e-18	4.96e-09	9.02e-03	9.91e-01	4.06e-04	0.00e+00	0.00e+00	0.00e+00	0.00e+00	0.00e+00	0.00e+00
 4.54887e+10	3.65e-31	1.34e-18	5.79e-09	9.75e-03	9.90e-01	3.76e-04	5.86e-11	0.00e+00	0.00e+00	0.00e+00	0.00e+00	0.00e+00
 7.72350e+10	4.95e-31	1.69e-18	6.77e-09	1.05e-02	9.89e-01	3.48e-04	0.00e+00	0.00e+00	0.00e+00	0.00e+00	0.00e+00	0.00e+00
 1.10251e+11	6.71e-31	2.13e-18	7.91e-09	1.14e-02	9.88e-01	3.22e-04	0.00e+00	0.00e+00	0.00e+00	0.00e+00	0.00e+00	0.00e+00
 1.44588e+11	9.09e-31	2.69e-18	9.24e-09	1.23e-02	9.87e-01	2.98e-04	0.00e+00	0.00e+00	0.00e+00	0.00e+00	0.00e+00	0.00e+00
 1.80298e+11	1.23e-30	3.38e-18	1.08e-08	1.33e-02	9.86e-01	2.76e-04	0.00e+00	0.00e+00	0.00e+00	0.00e+00	0.00e+00	0.00e+00
 2.17437e+11	1.67e-30	4.26e-18	1.26e-08	1.44e-02	9.85e-01	2.55e-04	0.00e+00	0.00e+00	0.00e+00	0.00e+00	0.00e+00	0.00e+00
 2.56061e+11	2.25e-30	5.36e-18	1.47e-08	1.56e-02	9.84e-01	2.36e-04	0.00e+00	0.00e+00	0.00e+00	0.00e+00	0.00e+00	0.00e+00
 2.96231e+11	3.04e-30	6.75e-18	1.72e-08	1.68e-02	9.83e-01	2.18e-04	0.00e+00	0.00e+00	0.00e+00	0.00e+00	0.00e+00	0.00e+00
 3.38007e+11	4.11e-30	8.49e-18	2.01e-08	1.82e-02	9.82e-01	2.02e-04	0.00e+00	0.00e+00	0.00e+00	0.00e+00	0.00e+00	0.00e+00
 3.81454e+11	5.54e-30	1.07e-17	2.34e-08	1.97e-02	9.80e-01	1.87e-04	0.00e+00	0.00e+00	0.00e+00	0.00e+00	0.00e+00	0.00e+00
 4.26639e+11	7.46e-30	1.34e-17	2.73e-08	2.12e-02	9.79e-01	1.73e-04	0.00e+00	0.00e+00	0.00e+00	0.00e+00	0.00e+00	0.00e+00
 4.73631e+11	1.00e-29	1.69e-17	3.19e-08	2.30e-02	9.77e-01	1.60e-04	0.00e+00	0.00e+00	0.00e+00	0.00e+00	0.00e+00	0.00e+00
 5.22503e+11	1.35e-29	2.12e-17	3.72e-08	2.48e-02	9.75e-01	1.48e-04	0.00e+00	0.00e+00	0.00e+00	0.00e+00	0.00e+00	0.00e+00
 5.73330e+11	1.82e-29	2.67e-17	4.35e-08	2.68e-02	9.73e-01	1.37e-04	0.00e+00	0.00e+00	0.00e+00	0.00e+00	0.00e+00	0.00e+00
 6.26190e+11	2.44e-29	3.35e-17	5.07e-08	2.89e-02	9.71e-01	1.27e-04	0.00e+00	0.00e+00	0.00e+00	0.00e+00	0.00e+00	0.00e+00
 6.81164e+11	3.27e-29	4.21e-17	5.92e-08	3.13e-02	9.69e-01	1.18e-04	0.00e+00	0.00e+00	0.00e+00	0.00e+00	0.00e+00	0.00e+00
 7.38337e+11	4.39e-29	5.28e-17	6.90e-08	3.38e-02	9.66e-01	1.09e-04	0.00e+00	0.00e+00	0.00e+00	0.00e+00	0.00e+00	0.00e+00
 7.97798e+11	5.87e-29	6.63e-17	8.05e-08	3.65e-02	9.63e-01	1.01e-04	0.00e+00	0.00e+00	0.00e+00	0.00e+00	0.00e+00	0.00e+00
 8.59636e+11	7.86e-29	8.31e-17	9.39e-08	3.94e-02	9.61e-01	9.32e-05	0.00e+00	0.00e+00	0.00e+00	0.00e+00	0.00e+00	0.00e+00
 9.23949e+11	1.05e-28	1.04e-16	1.09e-07	4.25e-02	9.57e-01	8.63e-05	0.00e+00	0.00e+00	0.00e+00	0.00e+00	0.00e+00	0.00e+00
 9.90833e+11	1.40e-28	1.31e-16	1.28e-07	4.59e-02	9.54e-01	7.98e-05	0.00e+00	0.00e+00	0.00e+00	0.00e+00	0.00e+00	0.00e+00
 1.06039e+12	1.87e-28	1.64e-16	1.49e-07	4.95e-02	9.50e-01	7.39e-05	0.00e+00	0.00e+00	0.00e+00	0.00e+00	0.00e+00	0.00e+00
 1.13274e+12	2.49e-28	2.06e-16	1.74e-07	5.35e-02	9.46e-01	6.84e-05	0.00e+00	0.00e+00	0.00e+00	0.00e+00	0.00e+00	0.00e+00
 1.20797e+12	3.32e-28	2.58e-16	2.02e-07	5.77e-02	9.42e-01	6.32e-05	0.00e+00	0.00e+00	0.00e+00	0.00e+00	0.00e+00	0.00e+00
 1.28622e+12	4.42e-28	3.23e-16	2.36e-07	6.22e-02	9.38e-01	5.85e-05	0.00e+00	0.00e+00	0.00e+00	0.00e+00	0.00e+00	0.00e+00
 1.36759e+12	5.88e-28	4.05e-16	2.75e-07	6.71e-02	9.33e-01	5.41e-05	0.00e+00	0.00e+00	0.00e+00	0.00e+00	0.00e+00	0.00e+00
 1.45222e+12	7.81e-28	5.07e-16	3.20e-07	7.23e-02	9.28e-01	5.00e-05	0.00e+00	0.00e+00	0.00e+00	0.00e+00	0.00e+00	0.00e+00
 1.54024e+12	1.04e-27	6.36e-16	3.73e-07	7.79e-02	9.22e-01	4.62e-05	0.00e+00	0.00e+00	0.00e+00	0.00e+00	0.00e+00	0.00e+00
 1.63178e+12	1.37e-27	7.96e-16	4.35e-07	8.40e-02	9.16e-01	4.27e-05	0.00e+00	0.00e+00	0.00e+00	0.00e+00	0.00e+00	0.00e+00
 1.72697e+12	1.82e-27	9.98e-16	5.06e-07	9.04e-02	9.10e-01	3.94e-05	0.00e+00	0.00e+00	0.00e+00	0.00e+00	0.00e+00	0.00e+00
 1.82598e+12	2.42e-27	1.25e-15	5.90e-07	9.73e-02	9.03e-01	3.64e-05	0.00e+00	0.00e+00	0.00e+00	0.00e+00	0.00e+00	0.00e+00
 1.92895e+12	3.20e-27	1.57e-15	6.87e-07	1.05e-01	8.95e-01	3.35e-05	0.00e+00	0.00e+00	0.00e+00	0.00e+00	0.00e+00	0.00e+00
 2.03603e+12	4.24e-27	1.96e-15	8.00e-07	1.13e-01	8.87e-01	3.09e-05	0.00e+00	0.00e+00	0.00e+00	0.00e+00	0.00e+00	0.00e+00
 2.14740e+12	5.61e-27	2.46e-15	9.31e-07	1.21e-01	8.79e-01	2.85e-05	0.00e+00	0.00e+00	0.00e+00	0.00e+00	0.00e+00	0.00e+00
 2.26322e+12	7.42e-27	3.08e-15	1.08e-06	1.30e-01	8.70e-01	2.63e-05	0.00e+00	0.00e+00	0.00e+00	0.00e+00	0.00e+00	0.00e+00
 2.38368e+12	9.82e-27	3.87e-15	1.26e-06	1.40e-01	8.60e-01	2.42e-05	0.00e+00	0.00e+00	0.00e+00	0.00e+00	0.00e+00	0.00e+00
 2.50895e+12	1.30e-26	4.85e-15	1.47e-06	1.50e-01	8.50e-01	2.22e-05	0.00e+00	0.00e+00	0.00e+00	0.00e+00	0.00e+00	0.00e+00
 2.63924e+12	1.72e-26	6.07e-15	1.70e-06	1.61e-01	8.39e-01	2.04e-05	0.00e+00	0.00e+00	0.00e+00	0.00e+00	0.00e+00	0.00e+00
 2.77473e+12	2.27e-26	7.61e-15	1.98e-06	1.72e-01	8.28e-01	1.87e-05	0.00e+00	0.00e+00	0.00e+00	0.00e+00	0.00e+00	0.00e+00
 2.91565e+12	3.00e-26	9.55e-15	2.30e-06	1.84e-01	8.16e-01	1.72e-05	0.00e+00	0.00e+00	0.00e+00	0.00e+00	0.00e+00	0.00e+00
 3.06220e+12	3.97e-26	1.20e-14	2.67e-06	1.97e-01	8.03e-01	1.57e-05	0.00e+00	0.00e+00	0.00e+00	0.00e+00	0.00e+00	0.00e+00
 3.21461e+12	5.25e-26	1.50e-14	3.10e-06	2.11e-01	7.89e-01	1.44e-05	0.00e+00	0.00e+00	0.00e+00	0.00e+00	0.00e+00	0.00e+00
 3.37313e+12	6.95e-26	1.88e-14	3.60e-06	2.25e-01	7.75e-01	1.31e-05	0.00e+00	0.00e+00	0.00e+00	0.00e+00	0.00e+00	0.00e+00
 3.53798e+12	9.20e-26	2.36e-14	4.17e-06	2.40e-01	7.60e-01	1.20e-05	0.00e+00	0.00e+00	0.00e+00	0.00e+00	0.00e+00	0.00e+00
 3.70942e+12	1.22e-25	2.95e-14	4.82e-06	2.55e-01	7.45e-01	1.09e-05	0.00e+00	0.00e+00	0.00e+00	0.00e+00	0.00e+00	0.00e+00
 3.88773e+12	1.61e-25	3.70e-14	5.58e-06	2.71e-01	7.29e-01	9.93e-06	0.00e+00	0.00e+00	0.00e+00	0.00e+00	0.00e+00	0.00e+00
 4.07316e+12	2.14e-25	4.63e-14	6.45e-06	2.88e-01	7.12e-01	9.02e-06	0.00e+00	0.00e+00	0.00e+00	0.00e+00	0.00e+00	0.00e+00
 4.26602e+12	2.83e-25	5.79e-14	7.45e-06	3.06e-01	6.94e-01	8.18e-06	0.00e+00	0.00e+00	0.00e+00	0.00e+00	0.00e+00	0.00e+00
 4.46658e+12	3.75e-25	7.25e-14	8.60e-06	3.24e-01	6.76e-01	7.40e-06	0.00e+00	0.00e+00	0.00e+00	0.00e+00	0.00e+00	0.00e+00
 4.67517e+12	4.97e-25	9.06e-14	9.91e-06	3.43e-01	6.57e-01	6.69e-06	0.00e+00	0.00e+00	0.00e+00	0.00e+00	0.00e+00	0.00e+00
 4.89211e+12	6.60e-25	1.13e-13	1.14e-05	3.62e-01	6.38e-01	6.03e-06	0.00e+00	0.00e+00	0.00e+00	0.00e+00	0.00e+00	0.00e+00
 5.11772e+12	8.75e-25	1.41e-13	1.31e-05	3.82e-01	6.18e-01	5.43e-06	0.00e+00	0.00e+00	0.00e+00	0.00e+00	0.00e+00	0.00e+00
 5.35235e+12	1.16e-24	1.76e-13	1.50e-05	4.02e-01	5.98e-01	4.87e-06	0.00e+00	0.00e+00	0.00e+00	0.00e+00	0.00e+00	0.00e+00
 5.59638e+12	1.54e-24	2.19e-13	1.73e-05	4.23e-01	5.77e-01	4.37e-06	0.00e+00	0.00e+00	0.00e+00	0.00e+00	0.00e+00	0.00e+00
 5.85016e+12	2.05e-24	2.73e-13	1.98e-05	4.44e-01	5.56e-01	3.91e-06	0.00e+00	0.00e+00	0.00e+00	0.00e+00	0.00e+00	0.00e+00
 6.11409e+12	2.72e-24	3.40e-13	2.26e-05	4.65e-01	5.35e-01	3.49e-06	0.00e+00	0.00e+00	0.00e+00	0.00e+00	0.00e+00	0.00e+00
 6.38858e+12	3.62e-24	4.22e-13	2.58e-05	4.86e-01	5.14e-01	3.11e-06	0.00e+00	0.00e+00	0.00e+00	0.00e+00	0.00e+00	0.00e+00
 6.67405e+12	4.80e-24	5.23e-13	2.94e-05	5.07e-01	4.93e-01	2.76e-06	0.00e+00	0.00e+00	0.00e+00	0.00e+00	0.00e+00	0.00e+00
 6.97094e+12	6.38e-24	6.48e-13	3.34e-05	5.29e-01	4.71e-01	2.45e-06	0.00e+00	0.00e+00	0.00e+00	0.00e+00	0.00e+00	0.00e+00
 7.27970e+12	8.48e-24	8.01e-13	3.79e-05	5.50e-01	4.50e-01	2.17e-06	0.00e+00	0.00e+00	0.00e+00	0.00e+00	0.00e+00	0.00e+00
 7.60082e+12	1.13e-23	9.90e-13	4.30e-05	5.71e-01	4.29e-01	1.91e-06	0.00e+00	0.00e+00	0.00e+00	0.00e+00	0.00e+00	0.00e+00
 7.93478e+12	1.50e-23	1.22e-12	4.87e-05	5.92e-01	4.08e-01	1.69e-06	0.00e+00	0.00e+00	0.00e+00	0.00e+00	0.00e+00	0.00e+00
 8.28210e+12	1.99e-23	1.50e-12	5.51e-05	6.12e-01	3.88e-01	1.48e-06	0.00e+00	0.00e+00	0.00e+00	0.00e+00	0.00e+00	0.00e+00
 8.64331e+12	2.64e-23	1.85e-12	6.22e-05	6.33e-01	3.67e-01	1.30e-06	0.00e+00	0.00e+00	0.00e+00	0.00e+00	0.00e+00	0.00e+00
 9.01897e+12	3.50e-23	2.27e-12	7.00e-05	6.52e-01	3.48e-01	1.14e-06	0.00e+00	0.00e+00	0.00e+00	0.00e+00	0.00e+00	0.00e+00
 9.40965e+12	4.64e-23	2.79e-12	7.88e-05	6.71e-01	3.28e-01	9.97e-07	0.00e+00	0.00e+00	0.00e+00	0.00e+00	0.00e+00	0.00e+00
 9.81596e+12	6.14e-23	3.41e-12	8.85e-05	6.90e-01	3.10e-01	0.00e+00	0.00e+00	0.00e+00	0.00e+00	0.00e+00	0.00e+00	0.00e+00
 1.02385e+13	8.13e-23	4.17e-12	9.92e-05	7.08e-01	2.92e-01	0.00e+00	0.00e+00	0.00e+00	0.00e+00	0.00e+00	0.00e+00	0.00e+00
 1.06780e+13	1.08e-22	5.09e-12	1.11e-04	7.25e-01	2.74e-01	0.00e+00	0.00e+00	0.00e+00	0.00e+00	0.00e+00	0.00e+00	0.00e+00
 1.11350e+13	1.42e-22	6.21e-12	1.24e-04	7.42e-01	2.58e-01	0.00e+00	0.00e+00	0.00e+00	0.00e+00	0.00e+00	0.00e+00	0.00e+00
 1.16104e+13	1.88e-22	7.55e-12	1.39e-04	7.58e-01	2.42e-01	0.00e+00	0.00e+00	0.00e+00	0.00e+00	0.00e+00	0.00e+00	0.00e+00
 1.21047e+13	2.48e-22	9.18e-12	1.55e-04	7.74e-01	2.26e-01	0.00e+00	0.00e+00	0.00e+00	0.00e+00	0.00e+00	0.00e+00	0.00e+00
 1.26188e+13	3.27e-22	1.11e-11	1.72e-04	7.88e-01	2.12e-01	0.00e+00	0.00e+00	0.00e+00	0.00e+00	0.00e+00	0.00e+00	0.00e+00
 1.31535e+13	4.31e-22	1.35e-11	1.91e-04	8.02e-01	1.98e-01	0.00e+00	0.00e+00	0.00e+00	0.00e+00	0.00e+00	0.00e+00	0.00e+00
 1.37096e+13	5.66e-22	1.63e-11	2.12e-04	8.15e-01	1.85e-01	0.00e+00	0.00e+00	0.00e+00	0.00e+00	0.00e+00	0.00e+00	0.00e+00
 1.42879e+13	7.44e-22	1.98e-11	2.36e-04	8.28e-01	1.72e-01	0.00e+00	0.00e+00	0.00e+00	0.00e+00	0.00e+00	0.00e+00	0.00e+00
 1.48893e+13	9.77e-22	2.38e-11	2.61e-04	8.39e-01	1.60e-01	0.00e+00	0.00e+00	0.00e+00	0.00e+00	0.00e+00	0.00e+00	0.00e+00
 1.55148e+13	1.28e-21	2.88e-11	2.89e-04	8.50e-01	1.49e-01	0.00e+00	0.00e+00	0.00e+00	0.00e+00	0.00e+00	0.00e+00	0.00e+00
 1.61653e+13	1.68e-21	3.46e-11	3.19e-04	8.61e-01	1.39e-01	0.00e+00	0.00e+00	0.00e+00	0.00e+00	0.00e+00	0.00e+00	0.00e+00
 1.68419e+13	2.20e-21	4.16e-11	3.53e-04	8.71e-01	1.29e-01	0.00e+00	0.00e+00	0.00e+00	0.00e+00	0.00e+00	0.00e+00	0.00e+00
 1.75455e+13	2.87e-21	5.00e-11	3.89e-04	8.80e-01	1.20e-01	0.00e+00	0.00e+00	0.00e+00	0.00e+00	0.00e+00	0.00e+00	0.00e+00
 1.82772e+13	3.74e-21	6.00e-11	4.28e-04	8.88e-01	1.11e-01	0.00e+00	0.00e+00	0.00e+00	0.00e+00	0.00e+00	0.00e+00	0.00e+00
 1.90383e+13	4.87e-21	7.18e-11	4.72e-04	8.96e-01	1.03e-01	0.00e+00	0.00e+00	0.00e+00	0.00e+00	0.00e+00	0.00e+00	0.00e+00
 1.98297e+13	6.34e-21	8.59e-11	5.18e-04	9.04e-01	9.57e-02	0.00e+00	0.00e+00	0.00e+00	0.00e+00	0.00e+00	0.00e+00	0.00e+00
 2.06528e+13	8.23e-21	1.03e-10	5.70e-04	9.11e-01	8.87e-02	0.00e+00	0.00e+00	0.00e+00	0.00e+00	0.00e+00	0.00e+00	0.00e+00
 2.15089e+13	1.07e-20	1.22e-10	6.25e-04	9.17e-01	8.23e-02	0.00e+00	0.00e+00	0.00e+00	0.00e+00	0.00e+00	0.00e+00	0.00e+00
 2.23991e+13	1.38e-20	1.46e-10	6.85e-04	9.23e-01	7.62e-02	0.00e+00	0.00e+00	0.00e+00	0.00e+00	0.00e+00	0.00e+00	0.00e+00
 2.33250e+13	1.78e-20	1.73e-10	7.51e-04	9.29e-01	7.07e-02	0.00e+00	0.00e+00	0.00e+00	0.00e+00	0.00e+00	0.00e+00	0.00e+00
 2.42880e+13	2.30e-20	2.06e-10	8.22e-04	9.34e-01	6.55e-02	0.00e+00	0.00e+00	0.00e+00	0.00e+00	0.00e+00	0.00e+00	0.00e+00
 2.52894e+13	2.96e-20	2.44e-10	8.98e-04	9.38e-01	6.07e-02	0.00e+00	0.00e+00	0.00e+00	0.00e+00	0.00e+00	0.00e+00	0.00e+00
 2.63309e+13	3.80e-20	2.90e-10	9.82e-04	9.43e-01	5.62e-02	0.00e+00	0.00e+00	0.00e+00	0.00e+00	0.00e+00	0.00e+00	0.00e+00
 2.74141e+13	4.88e-20	3.43e-10	1.07e-03	9.47e-01	5.21e-02	0.00e+00	0.00e+00	0.00e+00	0.00e+00	0.00e+00	0.00e+00	0.00e+00
 2.85406e+13	6.25e-20	4.05e-10	1.17e-03	9.51e-01	4.82e-02	0.00e+00	0.00e+00	0.00e+00	0.00e+00	0.00e+00	0.00e+00	0.00e+00
 2.97121e+13	7.99e-20	4.78e-10	1.27e-03	9.54e-01	4.47e-02	0.00e+00	0.00e+00	0.00e+00	0.00e+00	0.00e+00	0.00e+00	0.00e+00
 3.09305e+13	1.02e-19	5.65e-10	1.39e-03	9.57e-01	4.14e-02	0.00e+00	0.00e+00	0.00e+00	0.00e+00	0.00e+00	0.00e+00	0.00e+00
 3.21977e+13	1.31e-19	6.67e-10	1.51e-03	9.60e-01	3.83e-02	0.00e+00	0.00e+00	0.00e+00	0.00e+00	0.00e+00	0.00e+00	0.00e+00
 3.35155e+13	1.67e-19	7.86e-10	1.65e-03	9.63e-01	3.55e-02	0.00e+00	0.00e+00	0.00e+00	0.00e+00	0.00e+00	0.00e+00	0.00e+00
 3.48185e+13	2.10e-19	9.19e-10	1.79e-03	9.65e-01	3.30e-02	0.00e+00	0.00e+00	0.00e+00	0.00e+00	0.00e+00	0.00e+00	0.00e+00
 3.60788e+13	2.61e-19	1.06e-09	1.92e-03	9.67e-01	3.08e-02	0.00e+00	0.00e+00	0.00e+00	0.00e+00	0.00e+00	0.00e+00	0.00e+00
 3.74571e+13	3.28e-19	1.24e-09	2.08e-03	9.69e-01	2.86e-02	0.00e+00	0.00e+00	0.00e+00	0.00e+00	0.00e+00	0.00e+00	0.00e+00
 3.89854e+13	4.18e-19	1.46e-09	2.26e-03	9.71e-01	2.65e-02	0.00e+00	0.00e+00	0.00e+00	0.00e+00	0.00e+00	0.00e+00	0.00e+00
 4.05124e+13	5.27e-19	1.70e-09	2.45e-03	9.73e-01	2.46e-02	0.00e+00	0.00e+00	0.00e+00	0.00e+00	0.00e+00	0.00e+00	0.00e+00
 4.21005e+13	6.66e-19	1.99e-09	2.66e-03	9.75e-01	2.28e-02	0.00e+00	0.00e+00	0.00e+00	0.00e+00	0.00e+00	0.00e+00	0.00e+00
 4.38145e+13	8.48e-19	2.35e-09	2.89e-03	9.76e-01	2.11e-02	0.00e+00	0.00e+00	0.00e+00	0.00e+00	0.00e+00	0.00e+00	0.00e+00
 4.55458e+13	1.07e-18	2.74e-09	3.13e-03	9.77e-01	1.96e-02	0.00e+00	0.00e+00	0.00e+00	0.00e+00	0.00e+00	0.00e+00	0.00e+00
 4.73464e+13	1.36e-18	3.21e-09	3.39e-03	9.78e-01	1.81e-02	0.00e+00	0.00e+00	0.00e+00	0.00e+00	0.00e+00	0.00e+00	0.00e+00
 4.92702e+13	1.72e-18	3.78e-09	3.68e-03	9.80e-01	1.68e-02	0.00e+00	0.00e+00	0.00e+00	0.00e+00	0.00e+00	0.00e+00	0.00e+00
 5.12709e+13	2.20e-18	4.44e-09	4.00e-03	9.81e-01	1.55e-02	0.00e+00	0.00e+00	0.00e+00	0.00e+00	0.00e+00	0.00e+00	0.00e+00
 5.33517e+13	2.79e-18	5.21e-09	4.34e-03	9.81e-01	1.43e-02	0.00e+00	0.00e+00	0.00e+00	0.00e+00	0.00e+00	0.00e+00	0.00e+00
 5.55157e+13	3.55e-18	6.12e-09	4.71e-03	9.82e-01	1.32e-02	0.00e+00	0.00e+00	0.00e+00	0.00e+00	0.00e+00	0.00e+00	0.00e+00
 5.77662e+13	4.52e-18	7.19e-09	5.10e-03	9.83e-01	1.22e-02	0.00e+00	0.00e+00	0.00e+00	0.00e+00	0.00e+00	0.00e+00	0.00e+00
 6.01068e+13	5.75e-18	8.45e-09	5.54e-03	9.83e-01	1.13e-02	0.00e+00	0.00e+00	0.00e+00	0.00e+00	0.00e+00	0.00e+00	0.00e+00
 6.25410e+13	7.30e-18	9.92e-09	6.00e-03	9.84e-01	1.04e-02	0.00e+00	0.00e+00	0.00e+00	0.00e+00	0.00e+00	0.00e+00	0.00e+00
 6.50726e+13	9.29e-18	1.17e-08	6.51e-03	9.84e-01	9.63e-03	0.00e+00	0.00e+00	0.00e+00	0.00e+00	0.00e+00	0.00e+00	0.00e+00
 6.77054e+13	1.18e-17	1.37e-08	7.06e-03	9.84e-01	8.89e-03	0.00e+00	0.00e+00	0.00e+00	0.00e+00	0.00e+00	0.00e+00	0.00e+00
 7.04436e+13	1.50e-17	1.61e-08	7.65e-03	9.84e-01	8.21e-03	0.00e+00	0.00e+00	0.00e+00	0.00e+00	0.00e+00	0.00e+00	0.00e+00
 7.32912e+13	1.91e-17	1.88e-08	8.30e-03	9.84e-01	7.58e-03	0.00e+00	0.00e+00	0.00e+00	0.00e+00	0.00e+00	0.00e+00	0.00e+00
 7.62528e+13	2.42e-17	2.21e-08	8.99e-03	9.84e-01	6.99e-03	0.00e+00	0.00e+00	0.00e+00	0.00e+00	1.38e-17	7.53e-18	2.93e-18
 7.93328e+13	3.08e-17	2.59e-08	9.74e-03	9.84e-01	6.46e-03	0.00e+00	0.00e+00	0.00e+00	0.00e+00	1.72e-17	1.02e-17	3.40e-18
 8.25361e+13	3.91e-17	3.04e-08	1.06e-02	9.83e-01	5.96e-03	0.00e+00	0.00e+00	0.00e+00	0.00e+00	2.18e-17	1.30e-17	4.31e-18
 8.58674e+13	4.96e-17	3.57e-08	1.14e-02	9.83e-01	5.50e-03	0.00e+00	0.00e+00	0.00e+00	0.00e+00	2.77e-17	1.65e-17	5.48e-18
 8.93321e+13	6.30e-17	4.18e-08	1.24e-02	9.83e-01	5.07e-03	0.00e+00	0.00e+00	0.00e+00	0.00e+00	3.52e-17	2.09e-17	6.96e-18
 9.29353e+13	8.00e-17	4.90e-08	1.34e-02	9.82e-01	4.68e-03	0.00e+00	0.00e+00	0.00e+00	0.00e+00	4.46e-17	2.65e-17	8.83e-18
 9.66826e+13	1.02e-16	5.75e-08	1.45e-02	9.81e-01	4.32e-03	0.00e+00	0.00e+00	0.00e+00	0.00e+00	5.67e-17	3.37e-17	1.12e-17
 1.00580e+14	1.29e-16	6.74e-08	1.57e-02	9.80e-01	3.98e-03	0.00e+00	0.00e+00	0.00e+00	0.00e+00	7.19e-17	4.28e-17	1.42e-17
 1.04633e+14	1.64e-16	7.90e-08	1.70e-02	9.79e-01	3.67e-03	0.00e+00	0.00e+00	0.00e+00	0.00e+00	9.14e-17	5.43e-17	1.81e-17
 1.08848e+14	2.08e-16	9.26e-08	1.84e-02	9.78e-01	3.38e-03	0.00e+00	0.00e+00	0.00e+00	0.00e+00	1.16e-16	6.89e-17	2.29e-17
 1.13232e+14	2.64e-16	1.09e-07	1.99e-02	9.77e-01	3.12e-03	0.00e+00	0.00e+00	0.00e+00	0.00e+00	1.47e-16	8.75e-17	2.91e-17
 1.17791e+14	3.35e-16	1.27e-07	2.16e-02	9.76e-01	2.87e-03	0.00e+00	0.00e+00	0.00e+00	0.00e+00	1.87e-16	1.11e-16	3.69e-17
 1.22533e+14	4.25e-16	1.49e-07	2.34e-02	9.74e-01	2.64e-03	0.00e+00	0.00e+00	0.00e+00	0.00e+00	2.37e-16	1.41e-16	4.69e-17
 1.27464e+14	5.39e-16	1.75e-07	2.53e-02	9.72e-01	2.44e-03	0.00e+00	0.00e+00	0.00e+00	0.00e+00	3.01e-16	1.79e-16	5.95e-17
 1.32593e+14	6.84e-16	2.05e-07	2.73e-02	9.70e-01	2.24e-03	0.00e+00	0.00e+00	0.00e+00	0.00e+00	3.82e-16	2.27e-16	7.55e-17
 1.37926e+14	8.68e-16	2.40e-07	2.96e-02	9.68e-01	2.06e-03	0.00e+00	0.00e+00	0.00e+00	0.00e+00	4.84e-16	2.88e-16	9.58e-17
 1.43473e+14	1.10e-15	2.81e-07	3.20e-02	9.66e-01	1.90e-03	0.00e+00	0.00e+00	0.00e+00	0.00e+00	6.15e-16	3.65e-16	1.22e-16
 1.49242e+14	1.40e-15	3.29e-07	3.46e-02	9.64e-01	1.75e-03	0.00e+00	0.00e+00	0.00e+00	0.00e+00	7.80e-16	4.64e-16	1.54e-16
 1.55242e+14	1.78e-15	3.86e-07	3.75e-02	9.61e-01	1.61e-03	0.00e+00	0.00e+00	0.00e+00	0.00e+00	9.91e-16	5.89e-16	1.96e-16
 1.61481e+14	2.25e-15	4.52e-07	4.05e-02	9.58e-01	1.48e-03	0.00e+00	0.00e+00	0.00e+00	0.00e+00	1.26e-15	7.47e-16	2.49e-16
 1.67970e+14	2.86e-15	5.30e-07	4.38e-02	9.55e-01	1.36e-03	0.00e+00	0.00e+00	0.00e+00	0.00e+00	1.60e-15	9.49e-16	3.16e-16
 1.74719e+14	3.63e-15	6.21e-07	4.74e-02	9.51e-01	1.24e-03	0.00e+00	0.00e+00	0.00e+00	0.00e+00	2.03e-15	1.20e-15	4.01e-16
 1.81738e+14	4.61e-15	7.27e-07	5.12e-02	9.48e-01	1.14e-03	0.00e+00	0.00e+00	0.00e+00	0.00e+00	2.57e-15	1.53e-15	5.09e-16
 1.89037e+14	5.85e-15	8.52e-07	5.54e-02	9.44e-01	1.05e-03	0.00e+00	0.00e+00	0.00e+00	0.00e+00	3.27e-15	1.94e-15	6.46e-16
 1.96629e+14	7.44e-15	9.98e-07	5.99e-02	9.39e-01	9.60e-04	0.00e+00	0.00e+00	0.00e+00	0.00e+00	4.15e-15	2.47e-15	8.20e-16
 2.04524e+14	9.45e-15	1.17e-06	6.48e-02	9.34e-01	8.79e-04	0.00e+00	0.00e+00	0.00e+00	0.00e+00	5.27e-15	3.14e-15	1.04e-15
 2.12735e+14	1.20e-14	1.37e-06	7.00e-02	9.29e-01	8.05e-04	0.00e+00	0.00e+00	0.00e+00	0.00e+00	6.71e-15	3.99e-15	1.33e-15
 2.21274e+14	1.53e-14	1.61e-06	7.57e-02	9.24e-01	7.36e-04	0.00e+00	0.00e+00	0.00e+00	0.00e+00	8.52e-15	5.07e-15	1.69e-15
 2.30155e+14	1.94e-14	1.89e-06	8.18e-02	9.18e-01	6.72e-04	0.00e+00	0.00e+00	0.00e+00	0.00e+00	1.08e-14	6.44e-15	2.14e-15
 2.39391e+14	2.47e-14	2.21e-06	8.84e-02	9.11e-01	6.14e-04	0.00e+00	0.00e+00	0.00e+00	0.00e+00	1.38e-14	8.18e-15	2.72e-15
 2.48997e+14	3.14e-14	2.59e-06	9.55e-02	9.04e-01	5.60e-04	0.00e+00	0.00e+00	0.00e+00	0.00e+00	1.75e-14	1.04e-14	3.46e-15
 2.58986e+14	3.99e-14	3.04e-06	1.03e-01	8.96e-01	5.10e-04	0.00e+00	0.00e+00	0.00e+00	0.00e+00	2.23e-14	1.32e-14	4.40e-15
 2.69376e+14	5.07e-14	3.57e-06	1.12e-01	8.88e-01	4.64e-04	0.00e+00	0.00e+00	0.00e+00	0.00e+00	2.83e-14	1.68e-14	5.60e-15
 2.80181e+14	6.45e-14	4.18e-06	1.21e-01	8.79e-01	4.21e-04	0.00e+00	0.00e+00	0.00e+00	0.00e+00	3.60e-14	2.14e-14	7.12e-15
 2.91418e+14	8.21e-14	4.91e-06	1.30e-01	8.69e-01	3.82e-04	0.00e+00	0.00e+00	0.00e+00	0.00e+00	4.58e-14	2.72e-14	9.06e-15
 3.03104e+14	1.05e-13	5.75e-06	1.41e-01	8.59e-01	3.46e-04	0.00e+00	0.00e+00	0.00e+00	0.00e+00	5.84e-14	3.47e-14	1.15e-14
 3.15259e+14	1.33e-13	6.75e-06	1.52e-01	8.47e-01	3.13e-04	0.00e+00	0.00e+00	0.00e+00	0.00e+00	7.43e-14	4.42e-14	1.47e-14
 3.27899e+14	1.70e-13	7.93e-06	1.65e-01	8.35e-01	2.82e-04	0.00e+00	0.00e+00	0.00e+00	0.00e+00	9.48e-14	5.63e-14	1.87e-14
 3.41045e+14	2.17e-13	9.31e-06	1.78e-01	8.22e-01	2.54e-04	0.00e+00	0.00e+00	0.00e+00	0.00e+00	1.21e-13	7.19e-14	2.39e-14
 3.54716e+14	2.77e-13	1.09e-05	1.93e-01	8.07e-01	2.28e-04	0.00e+00	0.00e+00	0.00e+00	0.00e+00	1.54e-13	9.17e-14	3.05e-14
 3.68935e+14	3.53e-13	1.29e-05	2.08e-01	7.91e-01	2.03e-04	0.00e+00	0.00e+00	0.00e+00	0.00e+00	1.97e-13	1.17e-13	3.90e-14
 3.83722e+14	4.52e-13	1.51e-05	2.26e-01	7.74e-01	1.81e-04	0.00e+00	0.00e+00	0.00e+00	0.00e+00	2.52e-13	1.50e-13	4.99e-14
 3.99101e+14	5.78e-13	1.78e-05	2.44e-01	7.56e-01	1.61e-04	0.00e+00	0.00e+00	0.00e+00	0.00e+00	3.23e-13	1.92e-13	6.38e-14
 4.15095e+14	7.41e-13	2.10e-05	2.65e-01	7.35e-01	1.42e-04	0.00e+00	0.00e+00	0.00e+00	0.00e+00	4.14e-13	2.46e-13	8.18e-14
 4.31729e+14	9.50e-13	2.47e-05	2.87e-01	7.13e-01	1.25e-04	0.00e+00	0.00e+00	0.00e+00	0.00e+00	5.30e-13	3.15e-13	1.05e-13
 4.49028e+14	1.22e-12	2.91e-05	3.11e-01	6.89e-01	1.09e-04	0.00e+00	0.00e+00	0.00e+00	0.00e+00	6.80e-13	4.04e-13	1.34e-13
 4.67019e+14	1.56e-12	3.44e-05	3.37e-01	6.63e-01	9.50e-05	0.00e+00	0.00e+00	0.00e+00	0.00e+00	8.73e-13	5.19e-13	1.73e-13
 4.85730e+14	2.01e-12	4.06e-05	3.65e-01	6.35e-01	8.19e-05	0.00e+00	0.00e+00	0.00e+00	0.00e+00	1.12e-12	6.66e-13	2.22e-13
 5.05189e+14	2.58e-12	4.79e-05	3.96e-01	6.04e-01	7.00e-05	0.00e+00	0.00e+00	0.00e+00	0.00e+00	1.44e-12	8.57e-13	2.85e-13
 5.25426e+14	3.33e-12	5.66e-05	4.29e-01	5.70e-01	5.92e-05	0.00e+00	0.00e+00	0.00e+00	0.00e+00	1.86e-12	1.10e-12	3.67e-13
 5.46473e+14	4.28e-12	6.69e-05	4.66e-01	5.34e-01	4.94e-05	0.00e+00	0.00e+00	0.00e+00	0.00e+00	2.39e-12	1.42e-12	4.72e-13
 5.68362e+14	5.50e-12	7.90e-05	5.05e-01	4.95e-01	4.06e-05	0.00e+00	0.00e+00	0.00e+00	0.00e+00	3.07e-12	1.82e-12	6.07e-13
 5.91127e+14	7.07e-12	9.32e-05	5.48e-01	4.52e-01	3.28e-05	0.00e+00	0.00e+00	0.00e+00	0.00e+00	3.95e-12	2.34e-12	7.80e-13
 6.14802e+14	9.07e-12	1.10e-04	5.93e-01	4.07e-01	2.59e-05	0.00e+00	0.00e+00	0.00e+00	0.00e+00	5.07e-12	3.01e-12	1.00e-12
 6.39424e+14	1.16e-11	1.29e-04	6.41e-01	3.59e-01	1.99e-05	0.00e+00	0.00e+00	0.00e+00	0.00e+00	6.48e-12	3.85e-12	1.28e-12
 6.65030e+14	1.48e-11	1.52e-04	6.91e-01	3.08e-01	1.48e-05	0.00e+00	0.00e+00	0.00e+00	0.00e+00	8.26e-12	4.90e-12	1.63e-12
 6.91662e+14	1.88e-11	1.77e-04	7.42e-01	2.57e-01	1.05e-05	0.00e+00	0.00e+00	0.00e+00	0.00e+00	1.05e-11	6.21e-12	2.07e-12
 7.19358e+14	2.36e-11	2.05e-04	7.93e-01	2.07e-01	7.15e-06	0.00e+00	0.00e+00	0.00e+00	0.00e+00	1.32e-11	7.83e-12	2.61e-12
 7.48162e+14	2.95e-11	2.36e-04	8.40e-01	1.59e-01	4.58e-06	0.00e+00	0.00e+00	0.00e+00	0.00e+00	1.65e-11	9.76e-12	3.25e-12
 7.78119e+14	3.64e-11	2.69e-04	8.83e-01	1.17e-01	2.75e-06	0.00e+00	0.00e+00	0.00e+00	0.00e+00	2.03e-11	1.21e-11	4.01e-12
 8.09273e+14	4.44e-11	3.03e-04	9.18e-01	8.16e-02	1.54e-06	0.00e+00	0.00e+00	0.00e+00	0.00e+00	2.48e-11	1.47e-11	4.89e-12
 8.41674e+14	5.36e-11	3.38e-04	9.45e-01	5.43e-02	8.08e-07	0.00e+00	0.00e+00	0.00e+00	0.00e+00	3.00e-11	1.78e-11	5.91e-12
 8.75371e+14	6.40e-11	3.74e-04	9.65e-01	3.47e-02	0.00e+00	0.00e+00	0.00e+00	0.00e+00	0.00e+00	3.58e-11	2.12e-11	7.06e-12
 9.10416e+14	7.60e-11	4.10e-04	9.78e-01	2.15e-02	0.00e+00	0.00e+00	0.00e+00	0.00e+00	0.00e+00	4.25e-11	2.51e-11	8.38e-12
 9.46862e+14	8.98e-11	4.47e-04	9.86e-01	1.32e-02	0.00e+00	0.00e+00	0.00e+00	0.00e+00	0.00e+00	5.02e-11	2.97e-11	9.89e-12
 9.84767e+14	1.06e-10	4.87e-04	9.91e-01	8.05e-03	0.00e+00	0.00e+00	0.00e+00	0.00e+00	0.00e+00	5.91e-11	3.50e-11	1.16e-11
 1.02419e+15	1.24e-10	5.28e-04	9.94e-01	5.00e-03	0.00e+00	0.00e+00	0.00e+00	0.00e+00	0.00e+00	6.94e-11	4.11e-11	1.37e-11
 1.06518e+15	1.46e-10	5.73e-04	9.96e-01	3.22e-03	0.00e+00	0.00e+00	0.00e+00	0.00e+00	0.00e+00	8.15e-11	4.82e-11	1.60e-11
 1.10782e+15	1.71e-10	6.20e-04	9.97e-01	2.18e-03	0.00e+00	0.00e+00	0.00e+00	0.00e+00	0.00e+00	9.55e-11	5.64e-11	1.88e-11
 1.15216e+15	2.00e-10	6.71e-04	9.98e-01	1.56e-03	0.00e+00	0.00e+00	0.00e+00	0.00e+00	0.00e+00	1.12e-10	6.60e-11	2.20e-11
 1.19828e+15	2.34e-10	7.26e-04	9.98e-01	1.20e-03	0.00e+00	0.00e+00	0.00e+00	0.00e+00	0.00e+00	1.31e-10	7.73e-11	2.58e-11
 1.24624e+15	2.74e-10	7.86e-04	9.98e-01	9.73e-04	0.00e+00	0.00e+00	0.00e+00	0.00e+00	0.00e+00	1.54e-10	9.05e-11	3.02e-11
 1.29612e+15	3.21e-10	8.50e-04	9.98e-01	8.24e-04	0.00e+00	0.00e+00	0.00e+00	0.00e+00	0.00e+00	1.80e-10	1.06e-10	3.53e-11
 1.34800e+15	3.76e-10	9.20e-04	9.98e-01	7.19e-04	0.00e+00	0.00e+00	0.00e+00	0.00e+00	0.00e+00	2.11e-10	1.24e-10	4.13e-11
 1.40195e+15	4.40e-10	9.95e-04	9.98e-01	6.41e-04	0.00e+00	0.00e+00	0.00e+00	0.00e+00	0.00e+00	2.47e-10	1.45e-10	4.84e-11
 1.45805e+15	5.14e-10	1.08e-03	9.98e-01	5.78e-04	0.00e+00	0.00e+00	0.00e+00	0.00e+00	0.00e+00	2.88e-10	1.69e-10	5.66e-11
 1.51641e+15	6.02e-10	1.16e-03	9.98e-01	5.25e-04	0.00e+00	0.00e+00	0.00e+00	0.00e+00	0.00e+00	3.38e-10	1.98e-10	6.62e-11
 1.57709e+15	7.05e-10	1.26e-03	9.98e-01	4.79e-04	0.00e+00	0.00e+00	0.00e+00	0.00e+00	0.00e+00	3.96e-10	2.32e-10	7.74e-11
 1.64021e+15	8.25e-10	1.36e-03	9.98e-01	4.38e-04	0.00e+00	0.00e+00	0.00e+00	0.00e+00	0.00e+00	4.63e-10	2.71e-10	9.06e-11
 1.70584e+15	9.65e-10	1.47e-03	9.98e-01	4.01e-04	0.00e+00	0.00e+00	0.00e+00	0.00e+00	0.00e+00	5.43e-10	3.16e-10	1.06e-10
 1.77411e+15	1.13e-09	1.59e-03	9.98e-01	3.67e-04	0.00e+00	0.00e+00	0.00e+00	0.00e+00	0.00e+00	6.35e-10	3.70e-10	1.24e-10
 1.84510e+15	1.32e-09	1.72e-03	9.98e-01	3.37e-04	0.00e+00	0.00e+00	0.00e+00	0.00e+00	0.00e+00	7.44e-10	4.32e-10	1.45e-10
 1.91894e+15	1.55e-09	1.86e-03	9.98e-01	3.09e-04	0.00e+00	0.00e+00	0.00e+00	0.00e+00	0.00e+00	8.72e-10	5.05e-10	1.70e-10
 1.99572e+15	1.81e-09	2.01e-03	9.98e-01	2.83e-04	0.00e+00	0.00e+00	0.00e+00	0.00e+00	0.00e+00	1.02e-09	5.91e-10	1.98e-10
 2.07558e+15	2.12e-09	2.18e-03	9.98e-01	2.60e-04	0.00e+00	0.00e+00	0.00e+00	0.00e+00	0.00e+00	1.20e-09	6.91e-10	2.32e-10
 2.15864e+15	2.48e-09	2.36e-03	9.97e-01	2.38e-04	0.00e+00	0.00e+00	0.00e+00	0.00e+00	0.00e+00	1.40e-09	8.07e-10	2.71e-10
 2.24501e+15	2.91e-09	2.55e-03	9.97e-01	2.18e-04	0.00e+00	0.00e+00	0.00e+00	0.00e+00	0.00e+00	1.65e-09	9.43e-10	3.18e-10
 2.33484e+15	3.40e-09	2.76e-03	9.97e-01	2.00e-04	0.00e+00	0.00e+00	0.00e+00	0.00e+00	0.00e+00	1.93e-09	1.10e-09	3.71e-10
 2.42827e+15	3.99e-09	2.99e-03	9.97e-01	1.83e-04	0.00e+00	0.00e+00	0.00e+00	0.00e+00	0.00e+00	2.26e-09	1.29e-09	4.35e-10
 2.52543e+15	4.67e-09	3.23e-03	9.97e-01	1.68e-04	0.00e+00	0.00e+00	0.00e+00	0.00e+00	0.00e+00	2.65e-09	1.51e-09	5.08e-10
 2.62647e+15	5.47e-09	3.50e-03	9.96e-01	1.53e-04	0.00e+00	0.00e+00	0.00e+00	0.00e+00	0.00e+00	3.11e-09	1.76e-09	5.95e-10
 2.73156e+15	6.41e-09	3.78e-03	9.96e-01	1.40e-04	0.00e+00	0.00e+00	0.00e+00	0.00e+00	0.00e+00	3.65e-09	2.06e-09	6.96e-10
 2.84085e+15	7.51e-09	4.09e-03	9.96e-01	1.29e-04	0.00e+00	0.00e+00	0.00e+00	0.00e+00	0.00e+00	4.29e-09	2.40e-09	8.15e-10
 2.95452e+15	8.80e-09	4.43e-03	9.95e-01	1.17e-04	0.00e+00	0.00e+00	0.00e+00	0.00e+00	0.00e+00	5.03e-09	2.81e-09	9.54e-10
 3.07273e+15	1.03e-08	4.80e-03	9.95e-01	1.07e-04	0.00e+00	0.00e+00	0.00e+00	0.00e+00	0.00e+00	5.91e-09	3.29e-09	1.12e-09
 3.19567e+15	1.21e-08	5.19e-03	9.95e-01	9.79e-05	0.00e+00	0.00e+00	0.00e+00	0.00e+00	0.00e+00	6.93e-09	3.84e-09	1.31e-09
 3.32353e+15	1.42e-08	5.62e-03	9.94e-01	8.97e-05	0.00e+00	0.00e+00	0.00e+00	0.00e+00	0.00e+00	8.14e-09	4.50e-09	1.53e-09
 3.45650e+15	1.66e-08	6.08e-03	9.94e-01	8.17e-05	0.00e+00	0.00e+00	0.00e+00	0.00e+00	0.00e+00	9.56e-09	5.26e-09	1.79e-09
 3.59479e+15	1.95e-08	6.58e-03	9.93e-01	7.46e-05	0.00e+00	0.00e+00	0.00e+00	0.00e+00	0.00e+00	1.12e-08	6.16e-09	2.11e-09
 3.73861e+15	2.29e-08	7.12e-03	9.93e-01	6.79e-05	0.00e+00	0.00e+00	0.00e+00	0.00e+00	0.00e+00	1.32e-08	7.21e-09	2.47e-09
 3.88818e+15	2.68e-08	7.71e-03	9.92e-01	6.20e-05	0.00e+00	0.00e+00	0.00e+00	0.00e+00	0.00e+00	1.55e-08	8.45e-09	2.89e-09
 4.04374e+15	3.15e-08	8.35e-03	9.92e-01	5.64e-05	0.00e+00	0.00e+00	0.00e+00	0.00e+00	0.00e+00	1.82e-08	9.91e-09	3.39e-09
 4.20552e+15	3.70e-08	9.04e-03	9.91e-01	5.13e-05	0.00e+00	0.00e+00	0.00e+00	0.00e+00	0.00e+00	2.14e-08	1.16e-08	3.98e-09
 4.37377e+15	4.34e-08	9.79e-03	9.90e-01	4.66e-05	0.00e+00	0.00e+00	0.00e+00	0.00e+00	0.00e+00	2.51e-08	1.36e-08	4.67e-09
 4.54875e+15	5.11e-08	1.06e-02	9.89e-01	4.24e-05	0.00e+00	0.00e+00	0.00e+00	0.00e+00	0.00e+00	2.95e-08	1.60e-08	5.50e-09
 4.73073e+15	5.99e-08	1.15e-02	9.88e-01	3.83e-05	0.00e+00	0.00e+00	0.00e+00	0.00e+00	0.00e+00	3.46e-08	1.88e-08	6.44e-09
 4.91999e+15	7.05e-08	1.24e-02	9.88e-01	3.49e-05	0.00e+00	0.00e+00	0.00e+00	0.00e+00	0.00e+00	4.08e-08	2.21e-08	7.58e-09
 5.11682e+15	8.29e-08	1.35e-02	9.86e-01	3.16e-05	0.00e+00	0.00e+00	0.00e+00	0.00e+00	0.00e+00	4.80e-08	2.60e-08	8.91e-09
 5.32152e+15	9.75e-08	1.46e-02	9.85e-01	2.86e-05	0.00e+00	0.00e+00	0.00e+00	0.00e+00	0.00e+00	5.64e-08	3.05e-08	1.05e-08
 5.53441e+15	1.15e-07	1.58e-02	9.84e-01	2.59e-05	0.00e+00	0.00e+00	0.00e+00	0.00e+00	0.00e+00	6.64e-08	3.59e-08	1.23e-08
 5.75582e+15	1.35e-07	1.72e-02	9.83e-01	2.34e-05	0.00e+00	0.00e+00	0.00e+00	0.00e+00	0.00e+00	7.83e-08	4.23e-08	1.45e-08
 5.98608e+15	1.59e-07	1.86e-02	9.81e-01	2.11e-05	0.00e+00	0.00e+00	0.00e+00	0.00e+00	0.00e+00	9.22e-08	4.98e-08	1.71e-08
 6.22555e+15	1.88e-07	2.02e-02	9.80e-01	1.90e-05	0.00e+00	0.00e+00	0.00e+00	0.00e+00	0.00e+00	1.09e-07	5.88e-08	2.02e-08
 6.47461e+15	2.22e-07	2.19e-02	9.78e-01	1.71e-05	0.00e+00	0.00e+00	0.00e+00	0.00e+00	0.00e+00	1.28e-07	6.94e-08	2.38e-08
 6.73362e+15	2.62e-07	2.38e-02	9.76e-01	1.54e-05	0.00e+00	0.00e+00	0.00e+00	0.00e+00	0.00e+00	1.52e-07	8.20e-08	2.82e-08
 7.00299e+15	3.10e-07	2.59e-02	9.74e-01	1.38e-05	0.00e+00	0.00e+00	0.00e+00	0.00e+00	0.00e+00	1.79e-07	9.69e-08	3.33e-08
 7.28314e+15	3.67e-07	2.81e-02	9.72e-01	1.24e-05	0.00e+00	0.00e+00	0.00e+00	0.00e+00	0.00e+00	2.12e-07	1.15e-07	3.95e-08
 7.57450e+15	4.34e-07	3.06e-02	9.69e-01	1.10e-05	0.00e+00	0.00e+00	0.00e+00	0.00e+00	0.00e+00	2.51e-07	1.36e-07	4.67e-08
 7.87751e+15	5.15e-07	3.33e-02	9.67e-01	9.89e-06	0.00e+00	0.00e+00	0.00e+00	0.00e+00	0.00e+00	2.97e-07	1.61e-07	5.54e-08
 8.19264e+15	6.10e-07	3.62e-02	9.64e-01	8.78e-06	0.00e+00	0.00e+00	0.00e+00	0.00e+00	0.00e+00	3.52e-07	1.92e-07	6.57e-08
 8.52038e+15	7.26e-07	3.94e-02	9.61e-01	7.80e-06	0.00e+00	0.00e+00	0.00e+00	0.00e+00	0.00e+00	4.19e-07	2.29e-07	7.82e-08
 8.86122e+15	8.64e-07	4.30e-02	9.57e-01	6.93e-06	0.00e+00	0.00e+00	0.00e+00	0.00e+00	0.00e+00	4.97e-07	2.72e-07	9.31e-08
 9.21570e+15	1.03e-06	4.69e-02	9.53e-01	6.11e-06	0.00e+00	0.00e+00	0.00e+00	0.00e+00	0.00e+00	5.92e-07	3.25e-07	1.11e-07
 9.58436e+15	1.23e-06	5.12e-02	9.49e-01	5.38e-06	0.00e+00	0.00e+00	0.00e+00	0.00e+00	0.00e+00	7.07e-07	3.89e-07	1.33e-07
 9.96776e+15	1.47e-06	5.60e-02	9.44e-01	4.72e-06	0.00e+00	0.00e+00	0.00e+00	0.00e+00	0.00e+00	8.45e-07	4.67e-07	1.59e-07
 1.03665e+16	1.76e-06	6.12e-02	9.39e-01	4.12e-06	0.00e+00	0.00e+00	0.00e+00	0.00e+00	0.00e+00	1.01e-06	5.59e-07	1.90e-07
 1.07812e+16	2.12e-06	6.71e-02	9.33e-01	3.59e-06	0.00e+00	0.00e+00	0.00e+00	0.00e+00	0.00e+00	1.21e-06	6.74e-07	2.28e-07
 1.12125e+16	2.55e-06	7.37e-02	9.26e-01	3.11e-06	0.00e+00	0.00e+00	0.00e+00	0.00e+00	0.00e+00	1.46e-06	8.14e-07	2.75e-07
 1.16610e+16	3.10e-06	8.11e-02	9.19e-01	2.68e-06	0.00e+00	0.00e+00	0.00e+00	0.00e+00	0.00e+00	1.77e-06	9.89e-07	3.34e-07
 1.21275e+16	3.75e-06	8.94e-02	9.11e-01	2.29e-06	0.00e+00	0.00e+00	0.00e+00	0.00e+00	0.00e+00	2.14e-06	1.20e-06	4.04e-07
 1.26126e+16	4.58e-06	9.89e-02	9.01e-01	1.96e-06	0.00e+00	0.00e+00	0.00e+00	0.00e+00	0.00e+00	2.61e-06	1.47e-06	4.94e-07
 1.31171e+16	5.61e-06	1.10e-01	8.90e-01	1.66e-06	0.00e+00	0.00e+00	0.00e+00	0.00e+00	0.00e+00	3.19e-06	1.80e-06	6.05e-07
 1.36418e+16	6.89e-06	1.22e-01	8.78e-01	1.38e-06	0.00e+00	0.00e+00	0.00e+00	0.00e+00	0.00e+00	3.92e-06	2.21e-06	7.44e-07
 1.41875e+16	8.53e-06	1.36e-01	8.64e-01	1.15e-06	0.00e+00	0.00e+00	0.00e+00	0.00e+00	0.00e+00	4.86e-06	2.74e-06	9.23e-07
 1.47551e+16	1.06e-05	1.52e-01	8.48e-01	9.42e-07	0.00e+00	0.00e+00	0.00e+00	0.00e+00	0.00e+00	6.05e-06	3.42e-06	1.15e-06
 1.53453e+16	1.34e-05	1.72e-01	8.28e-01	0.00e+00	0.00e+00	0.00e+00	0.00e+00	0.00e+00	0.00e+00	7.61e-06	4.30e-06	1.45e-06
 1.59285e+16	1.68e-05	1.93e-01	8.07e-01	0.00e+00	0.00e+00	0.00e+00	0.00e+00	0.00e+00	0.00e+00	9.53e-06	5.38e-06	1.82e-06
 1.64836e+16	2.08e-05	2.17e-01	7.83e-01	0.00e+00	0.00e+00	0.00e+00	0.00e+00	0.00e+00	0.00e+00	1.18e-05	6.68e-06	2.27e-06
 1.70915e+16	2.64e-05	2.46e-01	7.54e-01	0.00e+00	0.00e+00	0.00e+00	0.00e+00	0.00e+00	0.00e+00	1.50e-05	8.47e-06	2.90e-06
 1.77447e+16	3.43e-05	2.83e-01	7.17e-01	0.00e+00	0.00e+00	0.00e+00	0.00e+00	0.00e+00	0.00e+00	1.95e-05	1.10e-05	3.77e-06
 1.83391e+16	4.35e-05	3.22e-01	6.78e-01	0.00e+00	0.00e+00	0.00e+00	0.00e+00	0.00e+00	0.00e+00	2.47e-05	1.39e-05	4.80e-06
 1.88443e+16	5.34e-05	3.60e-01	6.39e-01	0.00e+00	0.00e+00	0.00e+00	0.00e+00	0.00e+00	0.00e+00	3.03e-05	1.70e-05	5.91e-06
 1.92952e+16	6.43e-05	3.99e-01	6.01e-01	0.00e+00	0.00e+00	0.00e+00	0.00e+00	0.00e+00	0.00e+00	3.65e-05	2.05e-05	7.13e-06
 1.98060e+16	7.96e-05	4.47e-01	5.53e-01	0.00e+00	0.00e+00	0.00e+00	0.00e+00	0.00e+00	0.00e+00	4.53e-05	2.53e-05	8.84e-06
 2.03571e+16	1.00e-04	5.05e-01	4.95e-01	0.00e+00	0.00e+00	0.00e+00	0.00e+00	0.00e+00	0.00e+00	5.70e-05	3.18e-05	1.11e-05
 2.08376e+16	1.23e-04	5.62e-01	4.38e-01	0.00e+00	0.00e+00	0.00e+00	0.00e+00	0.00e+00	0.00e+00	6.98e-05	3.89e-05	1.37e-05
 2.12444e+16	1.45e-04	6.14e-01	3.86e-01	0.00e+00	0.00e+00	0.00e+00	0.00e+00	0.00e+00	0.00e+00	8.28e-05	4.61e-05	1.62e-05
 2.16198e+16	1.70e-04	6.63e-01	3.37e-01	0.00e+00	0.00e+00	0.00e+00	0.00e+00	0.00e+00	0.00e+00	9.68e-05	5.38e-05	1.90e-05
 2.19895e+16	1.98e-04	7.13e-01	2.87e-01	0.00e+00	0.00e+00	0.00e+00	0.00e+00	0.00e+00	0.00e+00	1.13e-04	6.26e-05	2.21e-05
 2.23497e+16	2.29e-04	7.60e-01	2.39e-01	0.00e+00	0.00e+00	0.00e+00	0.00e+00	0.00e+00	0.00e+00	1.31e-04	7.23e-05	2.55e-05
 2.26923e+16	2.63e-04	8.05e-01	1.94e-01	0.00e+00	0.00e+00	0.00e+00	0.00e+00	0.00e+00	0.00e+00	1.50e-04	8.29e-05	2.93e-05
 2.29682e+16	2.93e-04	8.40e-01	1.59e-01	0.00e+00	0.00e+00	0.00e+00	0.00e+00	0.00e+00	0.00e+00	1.68e-04	9.22e-05	3.26e-05
 2.31649e+16	3.17e-04	8.64e-01	1.35e-01	0.00e+00	0.00e+00	0.00e+00	0.00e+00	0.00e+00	0.00e+00	1.81e-04	9.96e-05	3.53e-05
 2.33244e+16	3.37e-04	8.83e-01	1.17e-01	0.00e+00	0.00e+00	0.00e+00	0.00e+00	0.00e+00	0.00e+00	1.93e-04	1.06e-04	3.75e-05
 2.34687e+16	3.57e-04	8.99e-01	1.01e-01	0.00e+00	0.00e+00	0.00e+00	0.00e+00	0.00e+00	0.00e+00	2.05e-04	1.12e-04	3.97e-05
 2.36068e+16	3.77e-04	9.14e-01	8.61e-02	0.00e+00	0.00e+00	0.00e+00	0.00e+00	0.00e+00	0.00e+00	2.16e-04	1.18e-04	4.19e-05
 2.37335e+16	3.96e-04	9.27e-01	7.30e-02	0.00e+00	0.00e+00	0.00e+00	0.00e+00	0.00e+00	0.00e+00	2.27e-04	1.24e-04	4.40e-05
 2.38410e+16	4.14e-04	9.37e-01	6.22e-02	0.00e+00	0.00e+00	0.00e+00	0.00e+00	0.00e+00	0.00e+00	2.37e-04	1.30e-04	4.59e-05
 2.39285e+16	4.29e-04	9.46e-01	5.35e-02	0.00e+00	0.00e+00	0.00e+00	0.00e+00	0.00e+00	0.00e+00	2.46e-04	1.34e-04	4.75e-05
 2.40025e+16	4.41e-04	9.53e-01	4.64e-02	0.00e+00	0.00e+00	0.00e+00	0.00e+00	0.00e+00	0.00e+00	2.53e-04	1.38e-04	4.89e-05
 2.40691e+16	4.54e-04	9.59e-01	4.01e-02	0.00e+00	0.00e+00	0.00e+00	0.00e+00	0.00e+00	0.00e+00	2.61e-04	1.42e-04	5.03e-05
 2.41292e+16	4.65e-04	9.65e-01	3.44e-02	0.00e+00	0.00e+00	0.00e+00	0.00e+00	0.00e+00	0.00e+00	2.67e-04	1.45e-04	5.15e-05
 2.41814e+16	4.75e-04	9.70e-01	2.95e-02	0.00e+00	0.00e+00	0.00e+00	0.00e+00	0.00e+00	0.00e+00	2.73e-04	1.48e-04	5.26e-05
 2.42261e+16	4.84e-04	9.74e-01	2.52e-02	0.00e+00	0.00e+00	0.00e+00	0.00e+00	0.00e+00	0.00e+00	2.78e-04	1.51e-04	5.35e-05
 2.42642e+16	4.92e-04	9.78e-01	2.16e-02	0.00e+00	0.00e+00	0.00e+00	0.00e+00	0.00e+00	0.00e+00	2.83e-04	1.54e-04	5.44e-05
 2.42973e+16	4.98e-04	9.81e-01	1.85e-02	0.00e+00	0.00e+00	0.00e+00	0.00e+00	0.00e+00	0.00e+00	2.87e-04	1.56e-04	5.51e-05
 2.43267e+16	5.05e-04	9.84e-01	1.56e-02	0.00e+00	0.00e+00	0.00e+00	0.00e+00	0.00e+00	0.00e+00	2.90e-04	1.57e-04	5.58e-05
 2.43525e+16	5.09e-04	9.86e-01	1.32e-02	0.00e+00	0.00e+00	0.00e+00	0.00e+00	0.00e+00	0.00e+00	2.93e-04	1.59e-04	5.63e-05
 2.43751e+16	5.14e-04	9.88e-01	1.11e-02	0.00e+00	0.00e+00	0.00e+00	0.00e+00	0.00e+00	0.00e+00	2.96e-04	1.60e-04	5.68e-05
 2.43952e+16	5.18e-04	9.90e-01	9.21e-03	0.00e+00	0.00e+00	0.00e+00	0.00e+00	0.00e+00	0.00e+00	2.98e-04	1.62e-04	5.72e-05
 2.44130e+16	5.21e-04	9.92e-01	7.60e-03	0.00e+00	0.00e+00	0.00e+00	0.00e+00	0.00e+00	0.00e+00	3.00e-04	1.63e-04	5.76e-05
 2.44287e+16	5.24e-04	9.93e-01	6.22e-03	0.00e+00	0.00e+00	0.00e+00	0.00e+00	0.00e+00	0.00e+00	3.01e-04	1.63e-04	5.78e-05
 2.44427e+16	5.26e-04	9.94e-01	5.05e-03	0.00e+00	0.00e+00	0.00e+00	0.00e+00	0.00e+00	0.00e+00	3.03e-04	1.64e-04	5.81e-05
 2.44555e+16	5.27e-04	9.95e-01	4.06e-03	0.00e+00	0.00e+00	0.00e+00	0.00e+00	0.00e+00	0.00e+00	3.04e-04	1.64e-04	5.82e-05
 2.44673e+16	5.28e-04	9.96e-01	3.22e-03	0.00e+00	0.00e+00	0.00e+00	0.00e+00	0.00e+00	0.00e+00	3.04e-04	1.65e-04	5.83e-05
 2.44781e+16	5.29e-04	9.97e-01	2.52e-03	0.00e+00	0.00e+00	0.00e+00	0.00e+00	0.00e+00	0.00e+00	3.04e-04	1.65e-04	5.84e-05
 2.44882e+16	5.29e-04	9.98e-01	1.96e-03	0.00e+00	0.00e+00	0.00e+00	0.00e+00	0.00e+00	0.00e+00	3.04e-04	1.65e-04	5.84e-05
 2.44981e+16	5.29e-04	9.98e-01	1.49e-03	0.00e+00	0.00e+00	0.00e+00	0.00e+00	0.00e+00	0.00e+00	3.04e-04	1.65e-04	5.84e-05
 2.45094e+16	5.29e-04	9.98e-01	1.06e-03	0.00e+00	0.00e+00	0.00e+00	0.00e+00	0.00e+00	0.00e+00	3.04e-04	1.65e-04	5.84e-05
 2.45218e+16	5.28e-04	9.99e-01	7.06e-04	0.00e+00	0.00e+00	0.00e+00	0.00e+00	0.00e+00	0.00e+00	3.04e-04	1.65e-04	5.83e-05
 2.45339e+16	5.28e-04	9.99e-01	4.67e-04	0.00e+00	0.00e+00	0.00e+00	0.00e+00	0.00e+00	0.00e+00	3.04e-04	1.65e-04	5.84e-05
 2.45477e+16	5.29e-04	9.99e-01	2.92e-04	0.00e+00	0.00e+00	0.00e+00	0.00e+00	0.00e+00	0.00e+00	3.05e-04	1.65e-04	5.84e-05
 2.45656e+16	5.30e-04	9.99e-01	1.59e-04	0.00e+00	0.00e+00	0.00e+00	0.00e+00	0.00e+00	0.00e+00	3.06e-04	1.65e-04	5.86e-05
 2.45889e+16	5.33e-04	9.99e-01	7.33e-05	0.00e+00	0.00e+00	0.00e+00	0.00e+00	0.00e+00	0.00e+00	3.07e-04	1.66e-04	5.89e-05
 2.46193e+16	5.39e-04	9.99e-01	2.75e-05	0.00e+00	0.00e+00	0.00e+00	0.00e+00	0.00e+00	0.00e+00	3.10e-04	1.68e-04	5.95e-05
 2.46587e+16	5.46e-04	9.99e-01	8.06e-06	0.00e+00	0.00e+00	0.00e+00	0.00e+00	0.00e+00	0.00e+00	3.15e-04	1.70e-04	6.02e-05
 2.47100e+16	5.55e-04	9.99e-01	1.76e-06	0.00e+00	0.00e+00	0.00e+00	0.00e+00	0.00e+00	0.00e+00	3.20e-04	1.73e-04	6.12e-05
 2.47766e+16	5.67e-04	9.99e-01	2.78e-07	0.00e+00	0.00e+00	0.00e+00	0.00e+00	0.00e+00	0.00e+00	3.27e-04	1.77e-04	6.25e-05
 2.48632e+16	5.84e-04	9.99e-01	3.06e-08	0.00e+00	0.00e+00	0.00e+00	0.00e+00	0.00e+00	0.00e+00	3.37e-04	1.82e-04	6.43e-05
 2.49758e+16	6.07e-04	9.99e-01	2.27e-09	0.00e+00	0.00e+00	0.00e+00	0.00e+00	0.00e+00	0.00e+00	3.50e-04	1.89e-04	6.67e-05
 2.51222e+16	6.39e-04	9.99e-01	1.06e-10	0.00e+00	0.00e+00	0.00e+00	0.00e+00	0.00e+00	0.00e+00	3.69e-04	1.98e-04	7.01e-05
 2.53125e+16	6.84e-04	9.99e-01	2.70e-12	0.00e+00	0.00e+00	0.00e+00	0.00e+00	0.00e+00	0.00e+00	3.96e-04	2.12e-04	7.49e-05
 2.55599e+16	7.51e-04	9.99e-01	3.06e-14	0.00e+00	0.00e+00	0.00e+00	0.00e+00	0.00e+00	0.00e+00	4.35e-04	2.33e-04	8.19e-05
 2.58815e+16	8.55e-04	9.99e-01	1.18e-16	0.00e+00	0.00e+00	0.00e+00	0.00e+00	0.00e+00	0.00e+00	4.96e-04	2.65e-04	9.29e-05
 2.62996e+16	1.03e-03	9.99e-01	1.91e-18	0.00e+00	0.00e+00	0.00e+00	0.00e+00	0.00e+00	0.00e+00	5.97e-04	3.18e-04	1.11e-04
 2.67215e+16	1.27e-03	9.99e-01	3.23e-18	0.00e+00	0.00e+00	0.00e+00	0.00e+00	0.00e+00	0.00e+00	7.37e-04	3.92e-04	1.36e-04
 2.70294e+16	1.51e-03	9.98e-01	5.41e-18	0.00e+00	0.00e+00	0.00e+00	0.00e+00	0.00e+00	0.00e+00	8.80e-04	4.68e-04	1.62e-04
 2.72462e+16	1.74e-03	9.98e-01	7.89e-18	0.00e+00	0.00e+00	0.00e+00	0.00e+00	0.00e+00	0.00e+00	1.01e-03	5.39e-04	1.86e-04
 2.74326e+16	1.99e-03	9.98e-01	1.19e-17	0.00e+00	0.00e+00	0.00e+00	0.00e+00	0.00e+00	0.00e+00	1.16e-03	6.15e-04	2.12e-04
 2.76440e+16	2.35e-03	9.98e-01	1.70e-17	0.00e+00	0.00e+00	0.00e+00	0.00e+00	0.00e+00	0.00e+00	1.37e-03	7.27e-04	2.50e-04
 2.78552e+16	2.83e-03	9.97e-01	2.62e-17	0.00e+00	0.00e+00	0.00e+00	0.00e+00	0.00e+00	0.00e+00	1.64e-03	8.74e-04	3.00e-04
 2.80087e+16	3.30e-03	9.97e-01	3.52e-17	0.00e+00	0.00e+00	0.00e+00	0.00e+00	0.00e+00	0.00e+00	1.92e-03	1.02e-03	3.50e-04
 2.81207e+16	3.74e-03	9.96e-01	5.03e-17	0.00e+00	0.00e+00	0.00e+00	0.00e+00	0.00e+00	0.00e+00	2.18e-03	1.16e-03	3.96e-04
 2.82366e+16	4.31e-03	9.96e-01	6.74e-17	0.00e+00	0.00e+00	0.00e+00	0.00e+00	0.00e+00	0.00e+00	2.51e-03	1.33e-03	4.57e-04
 2.83582e+16	5.08e-03	9.95e-01	7.75e-17	0.00e+00	0.00e+00	0.00e+00	0.00e+00	0.00e+00	0.00e+00	2.96e-03	1.57e-03	5.38e-04
 2.84557e+16	5.90e-03	9.94e-01	9.42e-17	0.00e+00	0.00e+00	0.00e+00	0.00e+00	0.00e+00	0.00e+00	3.43e-03	1.82e-03	6.24e-04
 2.85312e+16	6.70e-03	9.93e-01	1.16e-16	0.00e+00	0.00e+00	0.00e+00	0.00e+00	0.00e+00	0.00e+00	3.90e-03	2.07e-03	7.09e-04
 2.85985e+16	7.61e-03	9.92e-01	1.33e-16	0.00e+00	0.00e+00	0.00e+00	0.00e+00	0.00e+00	0.00e+00	4.43e-03	2.35e-03	8.04e-04
 2.86648e+16	8.73e-03	9.91e-01	1.41e-16	0.00e+00	0.00e+00	0.00e+00	0.00e+00	0.00e+00	0.00e+00	5.08e-03	2.70e-03	9.22e-04
 2.87286e+16	1.01e-02	9.90e-01	1.52e-16	0.00e+00	0.00e+00	0.00e+00	0.00e+00	0.00e+00	0.00e+00	5.88e-03	3.12e-03	1.07e-03
 2.87865e+16	1.17e-02	9.88e-01	1.57e-16	0.00e+00	0.00e+00	0.00e+00	0.00e+00	0.00e+00	0.00e+00	6.82e-03	3.62e-03	1.24e-03
 2.88380e+16	1.36e-02	9.86e-01	1.58e-16	0.00e+00	0.00e+00	0.00e+00	0.00e+00	0.00e+00	0.00e+00	7.90e-03	4.19e-03	1.43e-03
