#depth	O	O+	O+2	O+3	O+4	O+5	O+6	O+7	O+8	O[1]	O[2]	O[3]
 1.49634e+10	2.32e-45	6.30e-36	3.15e-27	1.57e-19	1.09e-12	8.20e-07	1.00e+00	0.00e+00	0.00e+00	0.00e+00	0.00e+00	0.00e+00
 4.54887e+10	0.00e+00	9.34e-36	4.36e-27	2.03e-19	1.32e-12	9.06e-07	1.00e+00	1.09e-08	0.00e+00	0.00e+00	0.00e+00	0.00e+00
 7.72350e+10	5.89e-45	1.38e-35	6.02e-27	2.63e-19	1.58e-12	1.00e-06	1.00e+00	0.00e+00	0.00e+00	0.00e+00	0.00e+00	0.00e+00
 1.10251e+11	0.00e+00	2.03e-35	8.30e-27	3.39e-19	1.91e-12	1.10e-06	1.00e+00	0.00e+00	0.00e+00	0.00e+00	0.00e+00	0.00e+00
 1.39956e+11	1.39e-44	2.83e-35	1.09e-26	4.22e-19	2.24e-12	1.20e-06	1.00e+00	0.00e+00	0.00e+00	0.00e+00	0.00e+00	0.00e+00
 1.64522e+11	0.00e+00	3.69e-35	1.36e-26	5.03e-19	2.54e-12	1.29e-06	1.00e+00	0.00e+00	0.00e+00	0.00e+00	0.00e+00	0.00e+00
 1.91414e+11	2.64e-44	4.89e-35	1.72e-26	6.06e-19	2.91e-12	1.39e-06	1.00e+00	0.00e+00	0.00e+00	0.00e+00	0.00e+00	0.00e+00
 2.25710e+11	0.00e+00	6.88e-35	2.29e-26	7.62e-19	3.44e-12	1.52e-06	1.00e+00	0.00e+00	0.00e+00	0.00e+00	0.00e+00	0.00e+00
 2.61964e+11	5.96e-44	9.72e-35	3.06e-26	9.61e-19	4.07e-12	1.67e-06	1.00e+00	0.00e+00	0.00e+00	0.00e+00	0.00e+00	0.00e+00
 2.94471e+11	0.00e+00	1.31e-34	3.92e-26	1.17e-18	4.72e-12	1.81e-06	1.00e+00	0.00e+00	0.00e+00	0.00e+00	0.00e+00	0.00e+00
 3.29773e+11	1.22e-43	1.78e-34	5.08e-26	1.45e-18	5.49e-12	1.97e-06	1.00e+00	0.00e+00	0.00e+00	0.00e+00	0.00e+00	0.00e+00
 3.71684e+11	0.00e+00	2.54e-34	6.83e-26	1.84e-18	6.54e-12	2.17e-06	1.00e+00	0.00e+00	0.00e+00	0.00e+00	0.00e+00	0.00e+00
 4.13601e+11	2.74e-43	3.55e-34	9.06e-26	2.31e-18	7.74e-12	2.38e-06	1.00e+00	0.00e+00	0.00e+00	0.00e+00	0.00e+00	0.00e+00
 4.52922e+11	0.00e+00	4.80e-34	1.17e-25	2.84e-18	8.99e-12	2.58e-06	1.00e+00	0.00e+00	0.00e+00	0.00e+00	0.00e+00	0.00e+00
 4.96693e+11	5.70e-43	6.63e-34	1.53e-25	3.54e-18	1.06e-11	2.82e-06	1.00e+00	0.00e+00	0.00e+00	0.00e+00	0.00e+00	0.00e+00
 5.46487e+11	0.00e+00	9.41e-34	2.06e-25	4.50e-18	1.26e-11	3.11e-06	1.00e+00	0.00e+00	0.00e+00	0.00e+00	0.00e+00	0.00e+00
 5.95916e+11	1.27e-42	1.31e-33	2.74e-25	5.65e-18	1.49e-11	3.42e-06	1.00e+00	0.00e+00	0.00e+00	0.00e+00	0.00e+00	0.00e+00
 6.39306e+11	0.00e+00	1.74e-33	3.47e-25	6.86e-18	1.71e-11	3.70e-06	1.00e+00	0.00e+00	0.00e+00	0.00e+00	0.00e+00	0.00e+00
 6.77497e+11	2.33e-42	2.21e-33	4.25e-25	8.08e-18	1.93e-11	3.95e-06	1.00e+00	0.00e+00	0.00e+00	0.00e+00	0.00e+00	0.00e+00
 7.20841e+11	0.00e+00	2.87e-33	5.31e-25	9.69e-18	2.20e-11	4.25e-06	1.00e+00	0.00e+00	0.00e+00	0.00e+00	0.00e+00	0.00e+00
 7.69045e+11	4.39e-42	3.80e-33	6.74e-25	1.18e-17	2.53e-11	4.60e-06	1.00e+00	0.00e+00	0.00e+00	0.00e+00	0.00e+00	0.00e+00
 8.14164e+11	0.00e+00	4.91e-33	8.37e-25	1.40e-17	2.88e-11	4.94e-06	1.00e+00	0.00e+00	0.00e+00	0.00e+00	0.00e+00	0.00e+00
 8.63411e+11	8.09e-42	6.43e-33	1.05e-24	1.69e-17	3.29e-11	5.33e-06	1.00e+00	0.00e+00	0.00e+00	0.00e+00	0.00e+00	0.00e+00
 9.18488e+11	0.00e+00	8.59e-33	1.35e-24	2.07e-17	3.80e-11	5.78e-06	1.00e+00	0.00e+00	0.00e+00	0.00e+00	0.00e+00	0.00e+00
 9.70514e+11	1.54e-41	1.12e-32	1.69e-24	2.49e-17	4.34e-11	6.22e-06	1.00e+00	0.00e+00	0.00e+00	0.00e+00	0.00e+00	0.00e+00
 1.02752e+12	0.00e+00	1.48e-32	2.15e-24	3.02e-17	4.99e-11	6.73e-06	1.00e+00	0.00e+00	0.00e+00	0.00e+00	0.00e+00	0.00e+00
 1.09125e+12	3.03e-41	2.01e-32	2.78e-24	3.72e-17	5.79e-11	7.32e-06	1.00e+00	0.00e+00	0.00e+00	0.00e+00	0.00e+00	0.00e+00
 1.15150e+12	0.00e+00	2.65e-32	3.51e-24	4.51e-17	6.64e-11	7.91e-06	1.00e+00	0.00e+00	0.00e+00	0.00e+00	0.00e+00	0.00e+00
 1.21761e+12	5.88e-41	3.55e-32	4.51e-24	5.53e-17	7.67e-11	8.57e-06	1.00e+00	0.00e+00	0.00e+00	0.00e+00	0.00e+00	0.00e+00
 1.28839e+12	0.00e+00	4.80e-32	5.84e-24	6.82e-17	8.91e-11	9.33e-06	1.00e+00	0.00e+00	0.00e+00	0.00e+00	0.00e+00	0.00e+00
 1.35067e+12	1.12e-40	6.21e-32	7.28e-24	8.16e-17	1.01e-10	1.00e-05	1.00e+00	0.00e+00	0.00e+00	0.00e+00	0.00e+00	0.00e+00
 1.41706e+12	0.00e+00	8.12e-32	9.14e-24	9.81e-17	1.15e-10	1.08e-05	1.00e+00	0.00e+00	0.00e+00	0.00e+00	0.00e+00	0.00e+00
 1.49864e+12	2.20e-40	1.11e-31	1.20e-23	1.22e-16	1.34e-10	1.18e-05	1.00e+00	0.00e+00	0.00e+00	0.00e+00	0.00e+00	0.00e+00
 1.57976e+12	0.00e+00	1.51e-31	1.55e-23	1.51e-16	1.56e-10	1.28e-05	1.00e+00	0.00e+00	0.00e+00	0.00e+00	0.00e+00	0.00e+00
 1.64975e+12	4.19e-40	1.94e-31	1.93e-23	1.79e-16	1.76e-10	1.37e-05	1.00e+00	0.00e+00	0.00e+00	0.00e+00	0.00e+00	0.00e+00
 1.72548e+12	0.00e+00	2.54e-31	2.42e-23	2.16e-16	2.00e-10	1.47e-05	1.00e+00	0.00e+00	0.00e+00	0.00e+00	0.00e+00	0.00e+00
 1.81861e+12	8.23e-40	3.49e-31	3.17e-23	2.68e-16	2.33e-10	1.60e-05	1.00e+00	0.00e+00	0.00e+00	0.00e+00	0.00e+00	0.00e+00
 1.91301e+12	0.00e+00	4.76e-31	4.13e-23	3.32e-16	2.70e-10	1.74e-05	1.00e+00	0.00e+00	0.00e+00	0.00e+00	0.00e+00	0.00e+00
 1.99718e+12	1.61e-39	6.23e-31	5.19e-23	4.00e-16	3.07e-10	1.87e-05	1.00e+00	0.00e+00	0.00e+00	0.00e+00	0.00e+00	0.00e+00
 2.08940e+12	0.00e+00	8.30e-31	6.62e-23	4.86e-16	3.51e-10	2.02e-05	1.00e+00	0.00e+00	0.00e+00	0.00e+00	0.00e+00	0.00e+00
 2.19932e+12	3.27e-39	1.15e-30	8.76e-23	6.09e-16	4.10e-10	2.20e-05	1.00e+00	0.00e+00	0.00e+00	0.00e+00	0.00e+00	0.00e+00
 2.30902e+12	0.00e+00	1.59e-30	1.15e-22	7.56e-16	4.76e-10	2.39e-05	1.00e+00	0.00e+00	0.00e+00	0.00e+00	0.00e+00	0.00e+00
 2.41062e+12	6.57e-39	2.11e-30	1.46e-22	9.17e-16	5.44e-10	2.57e-05	1.00e+00	0.00e+00	0.00e+00	0.00e+00	0.00e+00	0.00e+00
 2.52448e+12	0.00e+00	2.89e-30	1.90e-22	1.13e-15	6.28e-10	2.79e-05	1.00e+00	0.00e+00	0.00e+00	0.00e+00	0.00e+00	0.00e+00
 2.65539e+12	1.41e-38	4.07e-30	2.55e-22	1.43e-15	7.36e-10	3.05e-05	1.00e+00	0.00e+00	0.00e+00	0.00e+00	0.00e+00	0.00e+00
 2.78484e+12	0.00e+00	5.67e-30	3.37e-22	1.78e-15	8.56e-10	3.31e-05	1.00e+00	0.00e+00	0.00e+00	0.00e+00	0.00e+00	0.00e+00
 2.91947e+12	3.03e-38	7.91e-30	4.46e-22	2.22e-15	9.95e-10	3.60e-05	1.00e+00	0.00e+00	0.00e+00	0.00e+00	0.00e+00	0.00e+00
 3.06618e+12	0.00e+00	1.13e-29	6.00e-22	2.81e-15	1.17e-09	3.92e-05	1.00e+00	0.00e+00	0.00e+00	0.00e+00	0.00e+00	0.00e+00
 3.21875e+12	6.87e-38	1.60e-29	8.05e-22	3.55e-15	1.36e-09	4.28e-05	1.00e+00	0.00e+00	0.00e+00	0.00e+00	0.00e+00	0.00e+00
 3.36213e+12	0.00e+00	2.21e-29	1.05e-21	4.38e-15	1.57e-09	4.62e-05	1.00e+00	0.00e+00	0.00e+00	0.00e+00	0.00e+00	0.00e+00
 3.49047e+12	1.37e-37	2.91e-29	1.33e-21	5.26e-15	1.78e-09	4.95e-05	1.00e+00	0.00e+00	0.00e+00	0.00e+00	0.00e+00	0.00e+00
 3.61105e+12	0.00e+00	3.78e-29	1.65e-21	6.21e-15	1.99e-09	5.26e-05	1.00e+00	0.00e+00	0.00e+00	0.00e+00	0.00e+00	0.00e+00
 3.74406e+12	2.57e-37	4.98e-29	2.07e-21	7.43e-15	2.25e-09	5.61e-05	1.00e+00	0.00e+00	0.00e+00	0.00e+00	0.00e+00	0.00e+00
 3.89388e+12	0.00e+00	6.76e-29	2.67e-21	9.04e-15	2.57e-09	6.02e-05	1.00e+00	0.00e+00	0.00e+00	0.00e+00	0.00e+00	0.00e+00
 4.03729e+12	5.07e-37	8.92e-29	3.36e-21	1.08e-14	2.90e-09	6.43e-05	1.00e+00	0.00e+00	0.00e+00	0.00e+00	0.00e+00	0.00e+00
 4.19545e+12	0.00e+00	1.21e-28	4.33e-21	1.32e-14	3.30e-09	6.89e-05	1.00e+00	0.00e+00	0.00e+00	0.00e+00	0.00e+00	0.00e+00
 4.37203e+12	1.07e-36	1.68e-28	5.67e-21	1.62e-14	3.80e-09	7.42e-05	1.00e+00	0.00e+00	0.00e+00	0.00e+00	0.00e+00	0.00e+00
 4.53509e+12	0.00e+00	2.26e-28	7.22e-21	1.96e-14	4.31e-09	7.94e-05	1.00e+00	0.00e+00	0.00e+00	0.00e+00	0.00e+00	0.00e+00
 4.68579e+12	2.06e-36	2.95e-28	8.99e-21	2.31e-14	4.82e-09	8.42e-05	1.00e+00	0.00e+00	0.00e+00	0.00e+00	0.00e+00	0.00e+00
 4.85790e+12	0.00e+00	3.97e-28	1.15e-20	2.79e-14	5.46e-09	8.99e-05	1.00e+00	0.00e+00	0.00e+00	0.00e+00	0.00e+00	0.00e+00
 5.06924e+12	4.37e-36	5.59e-28	1.52e-20	3.48e-14	6.34e-09	9.73e-05	1.00e+00	0.00e+00	0.00e+00	0.00e+00	0.00e+00	0.00e+00
 5.27837e+12	0.00e+00	7.86e-28	2.01e-20	4.29e-14	7.30e-09	1.05e-04	1.00e+00	0.00e+00	0.00e+00	0.00e+00	0.00e+00	0.00e+00
 5.46020e+12	9.17e-36	1.05e-27	2.54e-20	5.13e-14	8.22e-09	1.11e-04	1.00e+00	0.00e+00	0.00e+00	0.00e+00	0.00e+00	0.00e+00
 5.65978e+12	0.00e+00	1.42e-27	3.26e-20	6.20e-14	9.33e-09	1.19e-04	1.00e+00	0.00e+00	0.00e+00	0.00e+00	0.00e+00	0.00e+00
 5.90301e+12	2.03e-35	2.05e-27	4.37e-20	7.75e-14	1.08e-08	1.28e-04	1.00e+00	0.00e+00	0.00e+00	0.00e+00	0.00e+00	0.00e+00
 6.14974e+12	0.00e+00	2.90e-27	5.81e-20	9.63e-14	1.25e-08	1.38e-04	1.00e+00	0.00e+00	0.00e+00	0.00e+00	0.00e+00	0.00e+00
 6.37198e+12	4.44e-35	3.95e-27	7.47e-20	1.17e-13	1.42e-08	1.48e-04	1.00e+00	0.00e+00	0.00e+00	0.00e+00	0.00e+00	0.00e+00
 6.61560e+12	6.58e-35	5.50e-27	9.76e-20	1.43e-13	1.63e-08	1.58e-04	1.00e+00	0.00e+00	0.00e+00	0.00e+00	0.00e+00	0.00e+00
 6.90333e+12	1.04e-34	8.04e-27	1.32e-19	1.79e-13	1.90e-08	1.71e-04	1.00e+00	0.00e+00	0.00e+00	0.00e+00	0.00e+00	0.00e+00
 7.19085e+12	1.58e-34	1.15e-26	1.77e-19	2.24e-13	2.20e-08	1.84e-04	1.00e+00	0.00e+00	0.00e+00	0.00e+00	0.00e+00	0.00e+00
 7.46029e+12	2.36e-34	1.60e-26	2.31e-19	2.73e-13	2.51e-08	1.97e-04	1.00e+00	0.00e+00	0.00e+00	0.00e+00	0.00e+00	0.00e+00
 7.75904e+12	3.62e-34	2.29e-26	3.08e-19	3.39e-13	2.90e-08	2.12e-04	1.00e+00	0.00e+00	0.00e+00	0.00e+00	0.00e+00	0.00e+00
 8.09933e+12	5.70e-34	3.36e-26	4.20e-19	4.28e-13	3.39e-08	2.29e-04	1.00e+00	0.00e+00	0.00e+00	0.00e+00	0.00e+00	0.00e+00
 8.43769e+12	8.98e-34	4.90e-26	5.68e-19	5.36e-13	3.94e-08	2.47e-04	1.00e+00	0.00e+00	0.00e+00	0.00e+00	0.00e+00	0.00e+00
 8.78958e+12	1.42e-33	7.15e-26	7.68e-19	6.72e-13	4.58e-08	2.66e-04	1.00e+00	0.00e+00	0.00e+00	0.00e+00	0.00e+00	0.00e+00
 9.17109e+12	2.26e-33	1.06e-25	1.05e-18	8.51e-13	5.35e-08	2.88e-04	1.00e+00	0.00e+00	0.00e+00	0.00e+00	0.00e+00	0.00e+00
 9.56786e+12	3.62e-33	1.57e-25	1.44e-18	1.08e-12	6.26e-08	3.11e-04	1.00e+00	0.00e+00	0.00e+00	0.00e+00	0.00e+00	0.00e+00
 9.98051e+12	5.80e-33	2.32e-25	1.97e-18	1.36e-12	7.32e-08	3.36e-04	1.00e+00	0.00e+00	0.00e+00	0.00e+00	0.00e+00	0.00e+00
 1.03808e+13	9.00e-33	3.34e-25	2.65e-18	1.70e-12	8.48e-08	3.61e-04	1.00e+00	0.00e+00	0.00e+00	0.00e+00	0.00e+00	0.00e+00
 1.07583e+13	1.34e-32	4.66e-25	3.46e-18	2.07e-12	9.69e-08	3.86e-04	1.00e+00	0.00e+00	0.00e+00	0.00e+00	0.00e+00	0.00e+00
 1.11146e+13	1.93e-32	6.32e-25	4.42e-18	2.49e-12	1.09e-07	4.10e-04	1.00e+00	0.00e+00	0.00e+00	0.00e+00	0.00e+00	0.00e+00
 1.15025e+13	2.85e-32	8.72e-25	5.72e-18	3.02e-12	1.24e-07	4.37e-04	1.00e+00	0.00e+00	0.00e+00	0.00e+00	0.00e+00	0.00e+00
 1.19348e+13	4.31e-32	1.23e-24	7.55e-18	3.72e-12	1.43e-07	4.69e-04	1.00e+00	0.00e+00	0.00e+00	0.00e+00	0.00e+00	0.00e+00
 1.23424e+13	6.27e-32	1.69e-24	9.73e-18	4.49e-12	1.62e-07	4.99e-04	1.00e+00	0.00e+00	0.00e+00	0.00e+00	0.00e+00	0.00e+00
 1.27901e+13	9.49e-32	2.38e-24	1.28e-17	5.50e-12	1.86e-07	5.33e-04	9.99e-01	0.00e+00	0.00e+00	0.00e+00	0.00e+00	0.00e+00
 1.32958e+13	1.45e-31	3.40e-24	1.71e-17	6.85e-12	2.15e-07	5.74e-04	9.99e-01	0.00e+00	0.00e+00	0.00e+00	0.00e+00	0.00e+00
 1.37778e+13	2.18e-31	4.76e-24	2.24e-17	8.39e-12	2.46e-07	6.13e-04	9.99e-01	0.00e+00	0.00e+00	0.00e+00	0.00e+00	0.00e+00
 1.43024e+13	3.35e-31	6.81e-24	2.98e-17	1.04e-11	2.83e-07	6.58e-04	9.99e-01	0.00e+00	0.00e+00	0.00e+00	0.00e+00	0.00e+00
 1.49044e+13	5.33e-31	1.00e-23	4.08e-17	1.31e-11	3.32e-07	7.11e-04	9.99e-01	0.00e+00	0.00e+00	0.00e+00	0.00e+00	0.00e+00
 1.54935e+13	8.14e-31	1.43e-23	5.47e-17	1.64e-11	3.84e-07	7.67e-04	9.99e-01	0.00e+00	0.00e+00	0.00e+00	0.00e+00	0.00e+00
 1.61061e+13	1.28e-30	2.09e-23	7.37e-17	2.05e-11	4.46e-07	8.24e-04	9.99e-01	0.00e+00	0.00e+00	0.00e+00	0.00e+00	0.00e+00
 1.67236e+13	1.92e-30	2.94e-23	9.80e-17	2.54e-11	5.14e-07	8.87e-04	9.99e-01	0.00e+00	0.00e+00	0.00e+00	0.00e+00	0.00e+00
 1.72674e+13	2.79e-30	4.01e-23	1.25e-16	3.05e-11	5.81e-07	9.43e-04	9.99e-01	0.00e+00	0.00e+00	0.00e+00	0.00e+00	0.00e+00
 1.78581e+13	4.02e-30	5.47e-23	1.62e-16	3.70e-11	6.61e-07	1.01e-03	9.99e-01	0.00e+00	0.00e+00	0.00e+00	0.00e+00	0.00e+00
 1.85708e+13	6.21e-30	7.88e-23	2.18e-16	4.63e-11	7.69e-07	1.09e-03	9.99e-01	0.00e+00	0.00e+00	0.00e+00	0.00e+00	0.00e+00
 1.92795e+13	9.42e-30	1.12e-22	2.91e-16	5.75e-11	8.87e-07	1.17e-03	9.99e-01	0.00e+00	0.00e+00	0.00e+00	0.00e+00	0.00e+00
 1.99128e+13	1.37e-29	1.53e-22	3.73e-16	6.93e-11	1.01e-06	1.24e-03	9.99e-01	0.00e+00	0.00e+00	0.00e+00	0.00e+00	0.00e+00
 2.06107e+13	1.97e-29	2.09e-22	4.85e-16	8.45e-11	1.15e-06	1.33e-03	9.99e-01	0.00e+00	0.00e+00	0.00e+00	0.00e+00	0.00e+00
 2.14402e+13	3.12e-29	3.06e-22	6.58e-16	1.06e-10	1.34e-06	1.43e-03	9.99e-01	0.00e+00	0.00e+00	0.00e+00	0.00e+00	0.00e+00
 2.22621e+13	4.64e-29	4.30e-22	8.76e-16	1.32e-10	1.54e-06	1.55e-03	9.98e-01	0.00e+00	0.00e+00	0.00e+00	0.00e+00	0.00e+00
 2.30132e+13	6.69e-29	5.85e-22	1.13e-15	1.60e-10	1.76e-06	1.65e-03	9.98e-01	0.00e+00	0.00e+00	0.00e+00	0.00e+00	0.00e+00
 2.38508e+13	9.95e-29	8.18e-22	1.49e-15	1.97e-10	2.02e-06	1.77e-03	9.98e-01	0.00e+00	0.00e+00	0.00e+00	0.00e+00	0.00e+00
 2.48256e+13	1.58e-28	1.20e-21	2.03e-15	2.49e-10	2.36e-06	1.91e-03	9.98e-01	0.00e+00	0.00e+00	0.00e+00	0.00e+00	0.00e+00
 2.57835e+13	2.34e-28	1.69e-21	2.71e-15	3.10e-10	2.73e-06	2.06e-03	9.98e-01	0.00e+00	0.00e+00	0.00e+00	0.00e+00	0.00e+00
 2.66866e+13	3.48e-28	2.35e-21	3.54e-15	3.78e-10	3.12e-06	2.20e-03	9.98e-01	0.00e+00	0.00e+00	0.00e+00	0.00e+00	0.00e+00
 2.76908e+13	5.14e-28	3.29e-21	4.70e-15	4.69e-10	3.60e-06	2.37e-03	9.98e-01	0.00e+00	0.00e+00	0.00e+00	0.00e+00	0.00e+00
 2.88284e+13	8.14e-28	4.83e-21	6.41e-15	5.93e-10	4.21e-06	2.57e-03	9.97e-01	0.00e+00	0.00e+00	0.00e+00	0.00e+00	0.00e+00
 2.99656e+13	1.22e-27	6.84e-21	8.64e-15	7.43e-10	4.89e-06	2.77e-03	9.97e-01	0.00e+00	0.00e+00	0.00e+00	0.00e+00	0.00e+00
 3.10292e+13	1.82e-27	9.56e-21	1.13e-14	9.11e-10	5.60e-06	2.97e-03	9.97e-01	0.00e+00	0.00e+00	0.00e+00	0.00e+00	0.00e+00
 3.21812e+13	2.64e-27	1.32e-20	1.50e-14	1.13e-09	6.46e-06	3.20e-03	9.97e-01	0.00e+00	0.00e+00	0.00e+00	0.00e+00	0.00e+00
 3.34700e+13	4.08e-27	1.91e-20	2.03e-14	1.42e-09	7.52e-06	3.45e-03	9.97e-01	0.00e+00	0.00e+00	0.00e+00	0.00e+00	0.00e+00
 3.46745e+13	6.09e-27	2.68e-20	2.67e-14	1.74e-09	8.64e-06	3.70e-03	9.96e-01	0.00e+00	0.00e+00	0.00e+00	0.00e+00	0.00e+00
 3.57922e+13	8.57e-27	3.58e-20	3.42e-14	2.10e-09	9.77e-06	3.94e-03	9.96e-01	0.00e+00	0.00e+00	0.00e+00	0.00e+00	0.00e+00
 3.68655e+13	1.18e-26	4.71e-20	4.30e-14	2.50e-09	1.10e-05	4.18e-03	9.96e-01	0.00e+00	0.00e+00	0.00e+00	0.00e+00	0.00e+00
 3.80543e+13	1.67e-26	6.33e-20	5.50e-14	3.01e-09	1.24e-05	4.45e-03	9.96e-01	0.00e+00	0.00e+00	0.00e+00	0.00e+00	0.00e+00
 3.93699e+13	2.42e-26	8.67e-20	7.16e-14	3.67e-09	1.42e-05	4.76e-03	9.95e-01	0.00e+00	0.00e+00	0.00e+00	0.00e+00	0.00e+00
 4.05957e+13	3.36e-26	1.15e-19	9.09e-14	4.39e-09	1.60e-05	5.06e-03	9.95e-01	0.00e+00	0.00e+00	0.00e+00	0.00e+00	0.00e+00
 4.19346e+13	4.79e-26	1.55e-19	1.17e-13	5.32e-09	1.81e-05	5.40e-03	9.95e-01	0.00e+00	0.00e+00	0.00e+00	0.00e+00	0.00e+00
 4.34381e+13	6.88e-26	2.13e-19	1.54e-13	6.54e-09	2.08e-05	5.79e-03	9.94e-01	0.00e+00	0.00e+00	0.00e+00	0.00e+00	0.00e+00
 4.48712e+13	9.98e-26	2.91e-19	1.98e-13	7.91e-09	2.36e-05	6.17e-03	9.94e-01	0.00e+00	0.00e+00	0.00e+00	0.00e+00	0.00e+00
 4.64498e+13	1.41e-25	3.94e-19	2.59e-13	9.69e-09	2.71e-05	6.61e-03	9.93e-01	0.00e+00	0.00e+00	0.00e+00	0.00e+00	0.00e+00
 4.81903e+13	2.16e-25	5.62e-19	3.45e-13	1.20e-08	3.13e-05	7.11e-03	9.93e-01	0.00e+00	0.00e+00	0.00e+00	0.00e+00	0.00e+00
 4.97957e+13	2.99e-25	7.49e-19	4.44e-13	1.46e-08	3.55e-05	7.60e-03	9.92e-01	0.00e+00	0.00e+00	0.00e+00	0.00e+00	0.00e+00
 5.15371e+13	4.34e-25	1.03e-18	5.82e-13	1.78e-08	4.07e-05	8.13e-03	9.92e-01	0.00e+00	0.00e+00	0.00e+00	0.00e+00	0.00e+00
 5.34828e+13	6.39e-25	1.44e-18	7.76e-13	2.22e-08	4.70e-05	8.75e-03	9.91e-01	0.00e+00	0.00e+00	0.00e+00	0.00e+00	0.00e+00
 5.53095e+13	9.37e-25	1.99e-18	1.01e-12	2.71e-08	5.36e-05	9.35e-03	9.91e-01	0.00e+00	0.00e+00	0.00e+00	0.00e+00	0.00e+00
 5.72998e+13	1.33e-24	2.71e-18	1.32e-12	3.33e-08	6.16e-05	1.00e-02	9.90e-01	0.00e+00	0.00e+00	0.00e+00	0.00e+00	0.00e+00
 5.95110e+13	2.03e-24	3.88e-18	1.78e-12	4.16e-08	7.14e-05	1.08e-02	9.89e-01	0.00e+00	0.00e+00	0.00e+00	0.00e+00	0.00e+00
 6.15792e+13	2.85e-24	5.22e-18	2.32e-12	5.09e-08	8.16e-05	1.16e-02	9.88e-01	0.00e+00	0.00e+00	0.00e+00	0.00e+00	0.00e+00
 6.38273e+13	4.17e-24	7.24e-18	3.07e-12	6.28e-08	9.40e-05	1.25e-02	9.87e-01	0.00e+00	0.00e+00	0.00e+00	0.00e+00	0.00e+00
 6.63376e+13	6.22e-24	1.03e-17	4.13e-12	7.88e-08	1.09e-04	1.35e-02	9.86e-01	0.00e+00	0.00e+00	0.00e+00	0.00e+00	0.00e+00
 6.87171e+13	9.08e-24	1.42e-17	5.43e-12	9.70e-08	1.25e-04	1.45e-02	9.85e-01	0.00e+00	0.00e+00	0.00e+00	0.00e+00	0.00e+00
 7.12645e+13	1.29e-23	1.94e-17	7.19e-12	1.20e-07	1.45e-04	1.56e-02	9.84e-01	0.00e+00	0.00e+00	0.00e+00	0.00e+00	0.00e+00
 7.41450e+13	1.94e-23	2.77e-17	9.76e-12	1.52e-07	1.69e-04	1.69e-02	9.83e-01	0.00e+00	0.00e+00	0.00e+00	0.00e+00	0.00e+00
 7.69761e+13	2.84e-23	3.87e-17	1.30e-11	1.89e-07	1.96e-04	1.82e-02	9.82e-01	0.00e+00	0.00e+00	0.00e+00	0.00e+00	0.00e+00
 7.99206e+13	4.23e-23	5.46e-17	1.74e-11	2.36e-07	2.26e-04	1.97e-02	9.80e-01	0.00e+00	0.00e+00	0.00e+00	0.00e+00	0.00e+00
 8.31473e+13	6.13e-23	7.63e-17	2.35e-11	2.98e-07	2.64e-04	2.14e-02	9.78e-01	0.00e+00	0.00e+00	0.00e+00	0.00e+00	0.00e+00
 8.63267e+13	9.05e-23	1.07e-16	3.15e-11	3.71e-07	3.06e-04	2.30e-02	9.77e-01	0.00e+00	0.00e+00	0.00e+00	0.00e+00	0.00e+00
 8.89556e+13	1.22e-22	1.39e-16	3.96e-11	4.43e-07	3.44e-04	2.45e-02	9.75e-01	0.00e+00	0.00e+00	0.00e+00	0.00e+00	0.00e+00
 9.10644e+13	1.53e-22	1.71e-16	4.73e-11	5.08e-07	3.77e-04	2.57e-02	9.74e-01	0.00e+00	0.00e+00	0.00e+00	0.00e+00	0.00e+00
 9.33973e+13	1.97e-22	2.13e-16	5.75e-11	5.90e-07	4.16e-04	2.71e-02	9.72e-01	0.00e+00	0.00e+00	0.00e+00	0.00e+00	0.00e+00
 9.64301e+13	2.67e-22	2.81e-16	7.32e-11	7.11e-07	4.71e-04	2.90e-02	9.71e-01	0.00e+00	0.00e+00	0.00e+00	0.00e+00	0.00e+00
 9.96760e+13	3.69e-22	3.75e-16	9.43e-11	8.64e-07	5.35e-04	3.11e-02	9.68e-01	0.00e+00	0.00e+00	0.00e+00	0.00e+00	0.00e+00
 1.02551e+14	4.87e-22	4.81e-16	1.17e-10	1.02e-06	5.98e-04	3.29e-02	9.66e-01	0.00e+00	0.00e+00	0.00e+00	0.00e+00	0.00e+00
 1.05640e+14	6.46e-22	6.20e-16	1.47e-10	1.21e-06	6.70e-04	3.51e-02	9.64e-01	0.00e+00	0.00e+00	0.00e+00	0.00e+00	0.00e+00
 1.09549e+14	9.08e-22	8.46e-16	1.94e-10	1.50e-06	7.71e-04	3.78e-02	9.61e-01	0.00e+00	0.00e+00	0.00e+00	0.00e+00	0.00e+00
 1.13518e+14	1.28e-21	1.15e-15	2.54e-10	1.85e-06	8.85e-04	4.08e-02	9.58e-01	0.00e+00	0.00e+00	0.00e+00	0.00e+00	0.00e+00
 1.16901e+14	1.70e-21	1.49e-15	3.17e-10	2.20e-06	9.91e-04	4.33e-02	9.56e-01	0.00e+00	0.00e+00	0.00e+00	0.00e+00	0.00e+00
 1.20526e+14	2.27e-21	1.94e-15	4.00e-10	2.63e-06	1.11e-03	4.62e-02	9.53e-01	0.00e+00	0.00e+00	0.00e+00	0.00e+00	0.00e+00
 1.25041e+14	3.21e-21	2.66e-15	5.29e-10	3.26e-06	1.28e-03	4.99e-02	9.49e-01	0.00e+00	0.00e+00	0.00e+00	0.00e+00	0.00e+00
 1.29667e+14	4.54e-21	3.64e-15	6.97e-10	4.04e-06	1.47e-03	5.39e-02	9.45e-01	0.00e+00	0.00e+00	0.00e+00	0.00e+00	0.00e+00
 1.33749e+14	6.10e-21	4.77e-15	8.82e-10	4.84e-06	1.66e-03	5.75e-02	9.41e-01	0.00e+00	0.00e+00	0.00e+00	0.00e+00	0.00e+00
 1.38168e+14	8.24e-21	6.30e-15	1.13e-09	5.85e-06	1.88e-03	6.15e-02	9.37e-01	0.00e+00	0.00e+00	0.00e+00	0.00e+00	0.00e+00
 1.43494e+14	1.18e-20	8.77e-15	1.51e-09	7.30e-06	2.17e-03	6.66e-02	9.31e-01	0.00e+00	0.00e+00	0.00e+00	0.00e+00	0.00e+00
 1.48774e+14	1.67e-20	1.20e-14	1.98e-09	9.01e-06	2.49e-03	7.18e-02	9.26e-01	0.00e+00	0.00e+00	0.00e+00	0.00e+00	0.00e+00
 1.53477e+14	2.26e-20	1.59e-14	2.52e-09	1.08e-05	2.80e-03	7.65e-02	9.21e-01	0.00e+00	0.00e+00	0.00e+00	0.00e+00	0.00e+00
 1.58657e+14	3.11e-20	2.12e-14	3.24e-09	1.31e-05	3.17e-03	8.19e-02	9.15e-01	0.00e+00	0.00e+00	0.00e+00	0.00e+00	0.00e+00
 1.64831e+14	4.50e-20	2.98e-14	4.34e-09	1.64e-05	3.66e-03	8.85e-02	9.08e-01	0.00e+00	0.00e+00	0.00e+00	0.00e+00	0.00e+00
 1.70976e+14	6.43e-20	4.13e-14	5.74e-09	2.02e-05	4.20e-03	9.53e-02	9.00e-01	0.00e+00	0.00e+00	0.00e+00	0.00e+00	0.00e+00
 1.76617e+14	8.76e-20	5.51e-14	7.36e-09	2.44e-05	4.74e-03	1.02e-01	8.93e-01	0.00e+00	0.00e+00	0.00e+00	0.00e+00	0.00e+00
 1.82925e+14	1.22e-19	7.49e-14	9.63e-09	2.99e-05	5.40e-03	1.09e-01	8.86e-01	0.00e+00	0.00e+00	0.00e+00	0.00e+00	0.00e+00
 1.90235e+14	1.84e-19	1.08e-13	1.30e-08	3.75e-05	6.24e-03	1.18e-01	8.76e-01	0.00e+00	0.00e+00	0.00e+00	0.00e+00	0.00e+00
 1.97402e+14	2.65e-19	1.51e-13	1.73e-08	4.64e-05	7.15e-03	1.27e-01	8.66e-01	0.00e+00	0.00e+00	0.00e+00	0.00e+00	0.00e+00
 2.04241e+14	3.73e-19	2.06e-13	2.24e-08	5.64e-05	8.09e-03	1.35e-01	8.57e-01	0.00e+00	0.00e+00	0.00e+00	0.00e+00	0.00e+00
 2.10246e+14	5.00e-19	2.68e-13	2.80e-08	6.66e-05	8.99e-03	1.43e-01	8.48e-01	0.00e+00	0.00e+00	0.00e+00	0.00e+00	0.00e+00
 2.15209e+14	6.34e-19	3.33e-13	3.35e-08	7.61e-05	9.78e-03	1.49e-01	8.41e-01	0.00e+00	0.00e+00	0.00e+00	0.00e+00	0.00e+00
 2.20669e+14	8.19e-19	4.19e-13	4.06e-08	8.78e-05	1.07e-02	1.57e-01	8.33e-01	0.00e+00	0.00e+00	0.00e+00	0.00e+00	0.00e+00
 2.27767e+14	1.13e-18	5.59e-13	5.17e-08	1.05e-04	1.20e-02	1.66e-01	8.22e-01	0.00e+00	0.00e+00	0.00e+00	0.00e+00	0.00e+00
 2.35239e+14	1.58e-18	7.56e-13	6.62e-08	1.26e-04	1.35e-02	1.76e-01	8.10e-01	0.00e+00	0.00e+00	0.00e+00	0.00e+00	0.00e+00
 2.41668e+14	2.09e-18	9.72e-13	8.13e-08	1.47e-04	1.48e-02	1.85e-01	8.00e-01	0.00e+00	0.00e+00	0.00e+00	0.00e+00	0.00e+00
 2.48496e+14	2.78e-18	1.26e-12	1.01e-07	1.72e-04	1.63e-02	1.94e-01	7.90e-01	0.00e+00	0.00e+00	0.00e+00	0.00e+00	0.00e+00
 2.57372e+14	4.03e-18	1.75e-12	1.32e-07	2.09e-04	1.85e-02	2.06e-01	7.75e-01	0.00e+00	0.00e+00	0.00e+00	0.00e+00	0.00e+00
 2.66535e+14	5.76e-18	2.41e-12	1.72e-07	2.55e-04	2.09e-02	2.19e-01	7.60e-01	0.00e+00	0.00e+00	0.00e+00	0.00e+00	0.00e+00
 2.74182e+14	7.84e-18	3.15e-12	2.13e-07	2.98e-04	2.30e-02	2.29e-01	7.48e-01	0.00e+00	0.00e+00	0.00e+00	0.00e+00	0.00e+00
 2.82235e+14	1.06e-17	4.13e-12	2.65e-07	3.49e-04	2.54e-02	2.40e-01	7.34e-01	0.00e+00	0.00e+00	0.00e+00	0.00e+00	0.00e+00
 2.92538e+14	1.55e-17	5.78e-12	3.47e-07	4.25e-04	2.87e-02	2.54e-01	7.17e-01	0.00e+00	0.00e+00	0.00e+00	0.00e+00	0.00e+00
 3.03392e+14	2.21e-17	7.94e-12	4.56e-07	5.18e-04	3.24e-02	2.68e-01	6.99e-01	0.00e+00	0.00e+00	0.00e+00	0.00e+00	0.00e+00
 3.13078e+14	3.16e-17	1.07e-11	5.77e-07	6.15e-04	3.59e-02	2.81e-01	6.83e-01	0.00e+00	0.00e+00	1.81e-17	9.60e-18	3.37e-18
 3.23617e+14	4.62e-17	1.48e-11	7.39e-07	7.34e-04	4.01e-02	2.94e-01	6.65e-01	0.00e+00	0.00e+00	2.64e-17	1.41e-17	4.89e-18
 3.36180e+14	6.92e-17	2.10e-11	9.80e-07	9.00e-04	4.53e-02	3.10e-01	6.43e-01	0.00e+00	0.00e+00	3.97e-17	2.11e-17	7.29e-18
 3.48597e+14	1.03e-16	2.94e-11	1.28e-06	1.09e-03	5.08e-02	3.25e-01	6.23e-01	0.00e+00	0.00e+00	5.88e-17	3.12e-17	1.07e-17
 3.59853e+14	1.44e-16	3.95e-11	1.62e-06	1.29e-03	5.61e-02	3.39e-01	6.04e-01	0.00e+00	0.00e+00	8.30e-17	4.39e-17	1.51e-17
 3.72378e+14	2.03e-16	5.32e-11	2.07e-06	1.53e-03	6.23e-02	3.53e-01	5.83e-01	0.00e+00	0.00e+00	1.16e-16	6.16e-17	2.10e-17
 3.87062e+14	3.17e-16	7.73e-11	2.74e-06	1.87e-03	7.00e-02	3.69e-01	5.59e-01	0.00e+00	0.00e+00	1.82e-16	9.63e-17	3.27e-17
 4.01553e+14	4.72e-16	1.08e-10	3.57e-06	2.25e-03	7.81e-02	3.83e-01	5.36e-01	0.00e+00	0.00e+00	2.72e-16	1.43e-16	4.85e-17
 4.15166e+14	6.77e-16	1.47e-10	4.52e-06	2.66e-03	8.60e-02	3.96e-01	5.15e-01	0.00e+00	0.00e+00	3.90e-16	2.06e-16	6.94e-17
 4.30344e+14	9.64e-16	1.99e-10	5.82e-06	3.18e-03	9.51e-02	4.10e-01	4.92e-01	0.00e+00	0.00e+00	5.56e-16	2.93e-16	9.85e-17
 4.47588e+14	1.54e-15	2.91e-10	7.68e-06	3.85e-03	1.06e-01	4.24e-01	4.66e-01	0.00e+00	0.00e+00	8.90e-16	4.68e-16	1.57e-16
 4.64662e+14	2.31e-15	4.07e-10	9.93e-06	4.61e-03	1.17e-01	4.36e-01	4.42e-01	0.00e+00	0.00e+00	1.34e-15	7.01e-16	2.34e-16
 4.78692e+14	3.18e-15	5.30e-10	1.22e-05	5.30e-03	1.27e-01	4.45e-01	4.22e-01	0.00e+00	0.00e+00	1.84e-15	9.66e-16	3.21e-16
 4.89653e+14	4.06e-15	6.47e-10	1.42e-05	5.89e-03	1.34e-01	4.52e-01	4.08e-01	0.00e+00	0.00e+00	2.35e-15	1.23e-15	4.09e-16
 5.01649e+14	5.26e-15	8.00e-10	1.67e-05	6.59e-03	1.43e-01	4.58e-01	3.92e-01	0.00e+00	0.00e+00	3.04e-15	1.60e-15	5.29e-16
 5.17244e+14	7.02e-15	1.02e-09	2.05e-05	7.57e-03	1.54e-01	4.66e-01	3.73e-01	0.00e+00	0.00e+00	4.06e-15	2.13e-15	7.05e-16
 5.34201e+14	1.03e-14	1.39e-09	2.54e-05	8.76e-03	1.66e-01	4.73e-01	3.52e-01	0.00e+00	0.00e+00	5.98e-15	3.13e-15	1.03e-15
 5.49439e+14	1.39e-14	1.76e-09	3.05e-05	9.92e-03	1.78e-01	4.78e-01	3.35e-01	0.00e+00	0.00e+00	8.07e-15	4.23e-15	1.39e-15
 5.65753e+14	1.89e-14	2.25e-09	3.69e-05	1.13e-02	1.90e-01	4.82e-01	3.17e-01	0.00e+00	0.00e+00	1.09e-14	5.72e-15	1.88e-15
 5.86489e+14	2.79e-14	3.08e-09	4.66e-05	1.32e-02	2.06e-01	4.86e-01	2.95e-01	0.00e+00	0.00e+00	1.62e-14	8.48e-15	2.78e-15
 6.07511e+14	3.86e-14	4.03e-09	5.81e-05	1.52e-02	2.22e-01	4.88e-01	2.75e-01	0.00e+00	0.00e+00	2.24e-14	1.17e-14	3.84e-15
 6.25308e+14	5.28e-14	5.16e-09	6.96e-05	1.72e-02	2.35e-01	4.90e-01	2.58e-01	0.00e+00	0.00e+00	3.06e-14	1.60e-14	5.24e-15
 6.44375e+14	7.23e-14	6.62e-09	8.39e-05	1.94e-02	2.49e-01	4.90e-01	2.42e-01	0.00e+00	0.00e+00	4.20e-14	2.19e-14	7.17e-15
 6.68270e+14	1.11e-13	9.14e-09	1.05e-04	2.25e-02	2.67e-01	4.88e-01	2.22e-01	0.00e+00	0.00e+00	6.42e-14	3.35e-14	1.09e-14
 6.92904e+14	1.59e-13	1.22e-08	1.31e-04	2.58e-02	2.85e-01	4.85e-01	2.04e-01	0.00e+00	0.00e+00	9.24e-14	4.83e-14	1.57e-14
 7.14651e+14	2.13e-13	1.54e-08	1.57e-04	2.91e-02	3.01e-01	4.81e-01	1.89e-01	0.00e+00	0.00e+00	1.24e-13	6.47e-14	2.10e-14
 7.38184e+14	2.97e-13	1.99e-08	1.90e-04	3.28e-02	3.18e-01	4.75e-01	1.74e-01	0.00e+00	0.00e+00	1.72e-13	9.01e-14	2.93e-14
 7.66530e+14	4.61e-13	2.76e-08	2.37e-04	3.77e-02	3.37e-01	4.68e-01	1.57e-01	0.00e+00	0.00e+00	2.68e-13	1.40e-13	4.54e-14
 7.94589e+14	6.66e-13	3.65e-08	2.91e-04	4.29e-02	3.56e-01	4.59e-01	1.42e-01	0.00e+00	0.00e+00	3.87e-13	2.02e-13	6.55e-14
 8.19710e+14	9.16e-13	4.65e-08	3.47e-04	4.78e-02	3.72e-01	4.50e-01	1.30e-01	0.00e+00	0.00e+00	5.32e-13	2.78e-13	9.00e-14
 8.47555e+14	1.27e-12	5.97e-08	4.18e-04	5.36e-02	3.89e-01	4.39e-01	1.18e-01	0.00e+00	0.00e+00	7.39e-13	3.86e-13	1.25e-13
 8.80575e+14	1.90e-12	8.06e-08	5.16e-04	6.09e-02	4.07e-01	4.26e-01	1.05e-01	0.00e+00	0.00e+00	1.11e-12	5.78e-13	1.87e-13
 9.12010e+14	2.67e-12	1.04e-07	6.24e-04	6.82e-02	4.24e-01	4.13e-01	9.40e-02	0.00e+00	0.00e+00	1.55e-12	8.12e-13	2.62e-13
 9.39240e+14	3.49e-12	1.28e-07	7.29e-04	7.48e-02	4.38e-01	4.01e-01	8.56e-02	0.00e+00	0.00e+00	2.03e-12	1.06e-12	3.42e-13
 9.69315e+14	4.77e-12	1.61e-07	8.61e-04	8.25e-02	4.52e-01	3.88e-01	7.70e-02	0.00e+00	0.00e+00	2.77e-12	1.45e-12	4.68e-13
 1.00606e+15	7.31e-12	2.19e-07	1.05e-03	9.24e-02	4.67e-01	3.71e-01	6.76e-02	0.00e+00	0.00e+00	4.25e-12	2.22e-12	7.16e-13
 1.04273e+15	1.03e-11	2.81e-07	1.26e-03	1.03e-01	4.81e-01	3.55e-01	5.96e-02	0.00e+00	0.00e+00	5.96e-12	3.11e-12	1.00e-12
 1.07224e+15	1.32e-11	3.39e-07	1.45e-03	1.11e-01	4.91e-01	3.42e-01	5.39e-02	0.00e+00	0.00e+00	7.65e-12	4.00e-12	1.29e-12
 1.10117e+15	1.71e-11	4.11e-07	1.66e-03	1.20e-01	5.00e-01	3.29e-01	4.88e-02	0.00e+00	0.00e+00	9.96e-12	5.21e-12	1.68e-12
 1.13876e+15	2.50e-11	5.36e-07	1.96e-03	1.31e-01	5.11e-01	3.13e-01	4.28e-02	0.00e+00	0.00e+00	1.45e-11	7.60e-12	2.45e-12
 1.17593e+15	3.37e-11	6.67e-07	2.29e-03	1.43e-01	5.20e-01	2.98e-01	3.78e-02	0.00e+00	0.00e+00	1.96e-11	1.03e-11	3.31e-12
 1.20607e+15	4.21e-11	7.87e-07	2.59e-03	1.52e-01	5.26e-01	2.85e-01	3.42e-02	0.00e+00	0.00e+00	2.45e-11	1.28e-11	4.13e-12
 1.23878e+15	5.45e-11	9.47e-07	2.94e-03	1.63e-01	5.31e-01	2.72e-01	3.06e-02	0.00e+00	0.00e+00	3.17e-11	1.66e-11	5.35e-12
 1.28131e+15	7.95e-11	1.23e-06	3.47e-03	1.77e-01	5.37e-01	2.56e-01	2.64e-02	0.00e+00	0.00e+00	4.62e-11	2.42e-11	7.80e-12
 1.32445e+15	1.08e-10	1.53e-06	4.04e-03	1.92e-01	5.41e-01	2.40e-01	2.30e-02	0.00e+00	0.00e+00	6.27e-11	3.28e-11	1.06e-11
 1.36033e+15	1.36e-10	1.81e-06	4.57e-03	2.04e-01	5.43e-01	2.28e-01	2.04e-02	0.00e+00	0.00e+00	7.91e-11	4.13e-11	1.33e-11
 1.39892e+15	1.77e-10	2.19e-06	5.20e-03	2.17e-01	5.45e-01	2.15e-01	1.80e-02	0.00e+00	0.00e+00	1.03e-10	5.40e-11	1.74e-11
 1.44908e+15	2.63e-10	2.87e-06	6.12e-03	2.35e-01	5.45e-01	1.98e-01	1.52e-02	0.00e+00	0.00e+00	1.53e-10	8.02e-11	2.59e-11
 1.50066e+15	3.61e-10	3.59e-06	7.14e-03	2.53e-01	5.44e-01	1.83e-01	1.29e-02	0.00e+00	0.00e+00	2.10e-10	1.10e-10	3.54e-11
 1.54378e+15	4.59e-10	4.28e-06	8.09e-03	2.68e-01	5.41e-01	1.71e-01	1.13e-02	0.00e+00	0.00e+00	2.67e-10	1.40e-10	4.51e-11
 1.58954e+15	6.05e-10	5.20e-06	9.20e-03	2.84e-01	5.38e-01	1.59e-01	9.75e-03	0.00e+00	0.00e+00	3.52e-10	1.84e-10	5.95e-11
 1.64098e+15	8.69e-10	6.63e-06	1.06e-02	3.02e-01	5.32e-01	1.47e-01	8.23e-03	0.00e+00	0.00e+00	5.06e-10	2.65e-10	8.56e-11
 1.68883e+15	1.14e-09	8.02e-06	1.20e-02	3.18e-01	5.27e-01	1.36e-01	7.09e-03	0.00e+00	0.00e+00	6.63e-10	3.47e-10	1.12e-10
 1.74005e+15	1.49e-09	9.70e-06	1.36e-02	3.36e-01	5.19e-01	1.25e-01	6.05e-03	0.00e+00	0.00e+00	8.69e-10	4.55e-10	1.47e-10
 1.79738e+15	1.95e-09	1.18e-05	1.56e-02	3.55e-01	5.10e-01	1.14e-01	5.09e-03	0.00e+00	0.00e+00	1.13e-09	5.94e-10	1.92e-10
 1.85030e+15	2.72e-09	1.47e-05	1.77e-02	3.73e-01	5.01e-01	1.04e-01	4.30e-03	0.00e+00	0.00e+00	1.59e-09	8.31e-10	2.69e-10
 1.89145e+15	3.35e-09	1.70e-05	1.94e-02	3.86e-01	4.93e-01	9.76e-02	3.79e-03	0.00e+00	0.00e+00	1.95e-09	1.02e-09	3.31e-10
 1.92967e+15	4.05e-09	1.94e-05	2.11e-02	3.98e-01	4.86e-01	9.16e-02	3.37e-03	0.00e+00	0.00e+00	2.36e-09	1.24e-09	4.01e-10
 1.97936e+15	5.11e-09	2.29e-05	2.35e-02	4.14e-01	4.76e-01	8.43e-02	2.91e-03	0.00e+00	0.00e+00	2.97e-09	1.56e-09	5.05e-10
 2.03287e+15	6.69e-09	2.75e-05	2.63e-02	4.30e-01	4.64e-01	7.71e-02	2.47e-03	0.00e+00	0.00e+00	3.89e-09	2.04e-09	6.62e-10
 2.07889e+15	8.25e-09	3.19e-05	2.88e-02	4.43e-01	4.54e-01	7.14e-02	2.15e-03	0.00e+00	0.00e+00	4.80e-09	2.52e-09	8.17e-10
 2.12624e+15	1.01e-08	3.69e-05	3.16e-02	4.57e-01	4.44e-01	6.59e-02	1.87e-03	0.00e+00	0.00e+00	5.91e-09	3.10e-09	1.01e-09
 2.18780e+15	1.37e-08	4.52e-05	3.56e-02	4.74e-01	4.29e-01	5.93e-02	1.55e-03	0.00e+00	0.00e+00	7.95e-09	4.17e-09	1.35e-09
 2.25359e+15	1.70e-08	5.33e-05	4.01e-02	4.91e-01	4.14e-01	5.33e-02	1.29e-03	0.00e+00	0.00e+00	9.91e-09	5.20e-09	1.69e-09
 2.31320e+15	2.34e-08	6.59e-05	4.49e-02	5.07e-01	4.00e-01	4.79e-02	1.07e-03	0.00e+00	0.00e+00	1.36e-08	7.16e-09	2.33e-09
 2.36741e+15	2.93e-08	7.71e-05	4.94e-02	5.19e-01	3.87e-01	4.36e-02	9.09e-04	0.00e+00	0.00e+00	1.71e-08	8.96e-09	2.92e-09
 2.41737e+15	3.59e-08	8.89e-05	5.38e-02	5.31e-01	3.75e-01	4.00e-02	7.84e-04	0.00e+00	0.00e+00	2.09e-08	1.10e-08	3.57e-09
 2.47343e+15	4.54e-08	1.05e-04	5.93e-02	5.43e-01	3.61e-01	3.62e-02	6.63e-04	0.00e+00	0.00e+00	2.64e-08	1.39e-08	4.52e-09
 2.53457e+15	5.48e-08	1.20e-04	6.54e-02	5.55e-01	3.47e-01	3.26e-02	5.59e-04	0.00e+00	0.00e+00	3.19e-08	1.68e-08	5.46e-09
 2.60230e+15	7.70e-08	1.51e-04	7.37e-02	5.67e-01	3.30e-01	2.87e-02	4.50e-04	0.00e+00	0.00e+00	4.48e-08	2.35e-08	7.68e-09
 2.67365e+15	1.01e-07	1.83e-04	8.25e-02	5.79e-01	3.13e-01	2.53e-02	3.65e-04	0.00e+00	0.00e+00	5.86e-08	3.08e-08	1.01e-08
 2.73703e+15	1.27e-07	2.16e-04	9.11e-02	5.88e-01	2.98e-01	2.25e-02	3.03e-04	0.00e+00	0.00e+00	7.37e-08	3.87e-08	1.26e-08
 2.79597e+15	1.59e-07	2.53e-04	1.00e-01	5.95e-01	2.84e-01	2.02e-02	2.54e-04	0.00e+00	0.00e+00	9.27e-08	4.87e-08	1.59e-08
 2.85276e+15	1.91e-07	2.89e-04	1.09e-01	6.01e-01	2.71e-01	1.82e-02	2.15e-04	0.00e+00	0.00e+00	1.11e-07	5.84e-08	1.91e-08
 2.91752e+15	2.63e-07	3.59e-04	1.21e-01	6.07e-01	2.55e-01	1.59e-02	1.73e-04	0.00e+00	0.00e+00	1.53e-07	8.04e-08	2.63e-08
 2.97968e+15	3.24e-07	4.18e-04	1.33e-01	6.11e-01	2.42e-01	1.41e-02	1.44e-04	0.00e+00	0.00e+00	1.88e-07	9.91e-08	3.24e-08
 3.02997e+15	3.81e-07	4.71e-04	1.43e-01	6.13e-01	2.30e-01	1.28e-02	1.23e-04	0.00e+00	0.00e+00	2.22e-07	1.17e-07	3.82e-08
 3.08686e+15	4.73e-07	5.50e-04	1.57e-01	6.14e-01	2.17e-01	1.14e-02	1.03e-04	0.00e+00	0.00e+00	2.75e-07	1.45e-07	4.74e-08
 3.15025e+15	6.54e-07	6.85e-04	1.74e-01	6.13e-01	2.03e-01	9.84e-03	8.17e-05	0.00e+00	0.00e+00	3.81e-07	2.00e-07	6.57e-08
 3.20247e+15	7.96e-07	7.88e-04	1.88e-01	6.11e-01	1.92e-01	8.79e-03	6.89e-05	0.00e+00	0.00e+00	4.63e-07	2.44e-07	7.99e-08
 3.24121e+15	9.30e-07	8.80e-04	2.00e-01	6.08e-01	1.83e-01	8.05e-03	6.03e-05	0.00e+00	0.00e+00	5.41e-07	2.85e-07	9.35e-08
 3.28205e+15	1.11e-06	9.95e-04	2.13e-01	6.05e-01	1.74e-01	7.31e-03	5.20e-05	0.00e+00	0.00e+00	6.44e-07	3.39e-07	1.11e-07
 3.32795e+15	1.27e-06	1.10e-03	2.27e-01	6.00e-01	1.65e-01	6.60e-03	4.48e-05	0.00e+00	0.00e+00	7.36e-07	3.88e-07	1.27e-07
 3.38043e+15	1.69e-06	1.34e-03	2.49e-01	5.92e-01	1.53e-01	5.72e-03	3.60e-05	0.00e+00	0.00e+00	9.85e-07	5.19e-07	1.70e-07
 3.42754e+15	2.00e-06	1.52e-03	2.66e-01	5.84e-01	1.43e-01	5.10e-03	3.05e-05	0.00e+00	0.00e+00	1.16e-06	6.13e-07	2.02e-07
 3.46209e+15	2.27e-06	1.66e-03	2.80e-01	5.77e-01	1.36e-01	4.67e-03	2.68e-05	0.00e+00	0.00e+00	1.32e-06	6.95e-07	2.28e-07
 3.50140e+15	2.68e-06	1.87e-03	2.98e-01	5.68e-01	1.28e-01	4.18e-03	2.29e-05	0.00e+00	0.00e+00	1.56e-06	8.22e-07	2.70e-07
 3.55251e+15	3.63e-06	2.30e-03	3.26e-01	5.52e-01	1.17e-01	3.55e-03	1.79e-05	0.00e+00	0.00e+00	2.11e-06	1.11e-06	3.67e-07
 3.59759e+15	4.32e-06	2.60e-03	3.48e-01	5.39e-01	1.08e-01	3.12e-03	1.49e-05	0.00e+00	0.00e+00	2.51e-06	1.32e-06	4.36e-07
 3.62933e+15	4.89e-06	2.84e-03	3.65e-01	5.28e-01	1.02e-01	2.83e-03	1.30e-05	0.00e+00	0.00e+00	2.84e-06	1.50e-06	4.94e-07
 3.66507e+15	5.77e-06	3.20e-03	3.86e-01	5.14e-01	9.47e-02	2.51e-03	1.10e-05	0.00e+00	0.00e+00	3.36e-06	1.77e-06	5.83e-07
 3.71152e+15	7.75e-06	3.90e-03	4.17e-01	4.92e-01	8.50e-02	2.09e-03	8.46e-06	0.00e+00	0.00e+00	4.51e-06	2.38e-06	7.84e-07
 3.75319e+15	9.29e-06	4.44e-03	4.43e-01	4.73e-01	7.75e-02	1.81e-03	6.90e-06	0.00e+00	0.00e+00	5.41e-06	2.85e-06	9.41e-07
 3.78310e+15	1.05e-05	4.85e-03	4.63e-01	4.58e-01	7.21e-02	1.61e-03	5.91e-06	0.00e+00	0.00e+00	6.13e-06	3.23e-06	1.07e-06
 3.81645e+15	1.25e-05	5.46e-03	4.87e-01	4.40e-01	6.59e-02	1.40e-03	4.88e-06	0.00e+00	0.00e+00	7.26e-06	3.84e-06	1.27e-06
 3.85980e+15	1.68e-05	6.66e-03	5.23e-01	4.12e-01	5.77e-02	1.13e-03	3.62e-06	0.00e+00	0.00e+00	9.79e-06	5.17e-06	1.71e-06
 3.89897e+15	2.04e-05	7.59e-03	5.51e-01	3.89e-01	5.15e-02	9.51e-04	2.86e-06	0.00e+00	0.00e+00	1.18e-05	6.25e-06	2.07e-06
 3.92716e+15	2.31e-05	8.28e-03	5.72e-01	3.71e-01	4.70e-02	8.31e-04	2.39e-06	0.00e+00	0.00e+00	1.35e-05	7.11e-06	2.35e-06
 3.95824e+15	2.75e-05	9.31e-03	5.98e-01	3.50e-01	4.21e-02	7.04e-04	1.92e-06	0.00e+00	0.00e+00	1.60e-05	8.45e-06	2.80e-06
 3.99864e+15	3.70e-05	1.13e-02	6.33e-01	3.19e-01	3.58e-02	5.48e-04	1.36e-06	0.00e+00	0.00e+00	2.15e-05	1.14e-05	3.77e-06
 4.03558e+15	4.50e-05	1.29e-02	6.61e-01	2.94e-01	3.10e-02	4.44e-04	1.03e-06	0.00e+00	0.00e+00	2.62e-05	1.38e-05	4.59e-06
 4.06272e+15	5.14e-05	1.41e-02	6.82e-01	2.76e-01	2.76e-02	3.77e-04	8.33e-07	0.00e+00	0.00e+00	2.99e-05	1.58e-05	5.24e-06
 4.08750e+15	5.98e-05	1.55e-02	7.01e-01	2.58e-01	2.47e-02	3.19e-04	0.00e+00	0.00e+00	0.00e+00	3.48e-05	1.84e-05	6.11e-06
 4.10867e+15	6.84e-05	1.69e-02	7.17e-01	2.43e-01	2.23e-02	2.75e-04	0.00e+00	0.00e+00	0.00e+00	3.98e-05	2.10e-05	6.98e-06
 4.12682e+15	7.68e-05	1.82e-02	7.31e-01	2.30e-01	2.04e-02	2.41e-04	0.00e+00	0.00e+00	0.00e+00	4.47e-05	2.36e-05	7.85e-06
 4.14692e+15	8.69e-05	1.97e-02	7.46e-01	2.16e-01	1.83e-02	2.07e-04	0.00e+00	0.00e+00	0.00e+00	5.05e-05	2.67e-05	8.89e-06
 4.17306e+15	1.06e-04	2.24e-02	7.65e-01	1.96e-01	1.58e-02	1.66e-04	0.00e+00	0.00e+00	0.00e+00	6.17e-05	3.26e-05	1.09e-05
 4.19685e+15	1.18e-04	2.40e-02	7.79e-01	1.82e-01	1.40e-02	1.40e-04	0.00e+00	0.00e+00	0.00e+00	6.88e-05	3.64e-05	1.21e-05
 4.21761e+15	1.39e-04	2.65e-02	7.93e-01	1.68e-01	1.23e-02	1.16e-04	0.00e+00	0.00e+00	0.00e+00	8.08e-05	4.28e-05	1.42e-05
 4.23864e+15	1.58e-04	2.87e-02	8.05e-01	1.55e-01	1.08e-02	9.68e-05	0.00e+00	0.00e+00	0.00e+00	9.20e-05	4.87e-05	1.62e-05
 4.25723e+15	1.74e-04	3.05e-02	8.15e-01	1.45e-01	9.68e-03	8.27e-05	0.00e+00	0.00e+00	0.00e+00	1.01e-04	5.36e-05	1.79e-05
 4.27859e+15	2.04e-04	3.36e-02	8.26e-01	1.32e-01	8.37e-03	6.69e-05	0.00e+00	0.00e+00	0.00e+00	1.19e-04	6.28e-05	2.10e-05
 4.30055e+15	2.34e-04	3.65e-02	8.36e-01	1.20e-01	7.25e-03	5.46e-05	0.00e+00	0.00e+00	0.00e+00	1.36e-04	7.20e-05	2.40e-05
 4.31975e+15	2.65e-04	3.93e-02	8.44e-01	1.10e-01	6.36e-03	4.53e-05	0.00e+00	0.00e+00	0.00e+00	1.54e-04	8.15e-05	2.72e-05
 4.34119e+15	3.03e-04	4.26e-02	8.52e-01	1.00e-01	5.45e-03	3.64e-05	0.00e+00	0.00e+00	0.00e+00	1.76e-04	9.32e-05	3.11e-05
 4.36503e+15	3.52e-04	4.66e-02	8.59e-01	8.95e-02	4.60e-03	2.85e-05	0.00e+00	0.00e+00	0.00e+00	2.05e-04	1.08e-04	3.62e-05
 4.38664e+15	4.01e-04	5.03e-02	8.64e-01	8.09e-02	3.93e-03	2.29e-05	0.00e+00	0.00e+00	0.00e+00	2.33e-04	1.23e-04	4.13e-05
 4.40642e+15	4.54e-04	5.41e-02	8.69e-01	7.34e-02	3.39e-03	1.85e-05	0.00e+00	0.00e+00	0.00e+00	2.64e-04	1.40e-04	4.67e-05
 4.42914e+15	5.23e-04	5.87e-02	8.73e-01	6.54e-02	2.83e-03	1.44e-05	0.00e+00	0.00e+00	0.00e+00	3.04e-04	1.61e-04	5.39e-05
 4.45373e+15	6.07e-04	6.40e-02	8.75e-01	5.78e-02	2.34e-03	1.10e-05	0.00e+00	0.00e+00	0.00e+00	3.53e-04	1.87e-04	6.25e-05
 4.47579e+15	6.94e-04	6.90e-02	8.77e-01	5.16e-02	1.97e-03	8.57e-06	0.00e+00	0.00e+00	0.00e+00	4.04e-04	2.14e-04	7.15e-05
 4.49608e+15	7.84e-04	7.39e-02	8.77e-01	4.64e-02	1.67e-03	6.79e-06	0.00e+00	0.00e+00	0.00e+00	4.56e-04	2.41e-04	8.09e-05
 4.51905e+15	9.02e-04	8.00e-02	8.77e-01	4.09e-02	1.38e-03	5.17e-06	0.00e+00	0.00e+00	0.00e+00	5.25e-04	2.78e-04	9.31e-05
 4.54417e+15	1.05e-03	8.69e-02	8.75e-01	3.57e-02	1.12e-03	3.85e-06	0.00e+00	0.00e+00	0.00e+00	6.09e-04	3.22e-04	1.08e-04
 4.56720e+15	1.20e-03	9.37e-02	8.73e-01	3.15e-02	9.29e-04	2.93e-06	0.00e+00	0.00e+00	0.00e+00	6.99e-04	3.70e-04	1.24e-04
 4.58868e+15	1.36e-03	1.00e-01	8.69e-01	2.80e-02	7.75e-04	2.27e-06	0.00e+00	0.00e+00	0.00e+00	7.93e-04	4.19e-04	1.41e-04
 4.61305e+15	1.58e-03	1.09e-01	8.65e-01	2.44e-02	6.27e-04	1.67e-06	0.00e+00	0.00e+00	0.00e+00	9.17e-04	4.85e-04	1.63e-04
 4.63978e+15	1.84e-03	1.18e-01	8.58e-01	2.10e-02	5.00e-04	1.21e-06	0.00e+00	0.00e+00	0.00e+00	1.07e-03	5.67e-04	1.90e-04
 4.66405e+15	2.12e-03	1.28e-01	8.52e-01	1.83e-02	4.06e-04	8.96e-07	0.00e+00	0.00e+00	0.00e+00	1.23e-03	6.53e-04	2.19e-04
 4.68662e+15	2.42e-03	1.37e-01	8.44e-01	1.61e-02	3.34e-04	0.00e+00	0.00e+00	0.00e+00	0.00e+00	1.41e-03	7.45e-04	2.50e-04
 4.71252e+15	2.82e-03	1.48e-01	8.35e-01	1.38e-02	2.64e-04	0.00e+00	0.00e+00	0.00e+00	0.00e+00	1.64e-03	8.68e-04	2.92e-04
 4.74098e+15	3.33e-03	1.62e-01	8.23e-01	1.17e-02	2.06e-04	0.00e+00	0.00e+00	0.00e+00	0.00e+00	1.94e-03	1.02e-03	3.44e-04
 4.76691e+15	3.87e-03	1.75e-01	8.11e-01	1.00e-02	1.64e-04	0.00e+00	0.00e+00	0.00e+00	0.00e+00	2.25e-03	1.19e-03	4.01e-04
 4.79108e+15	4.46e-03	1.89e-01	7.98e-01	8.70e-03	1.32e-04	0.00e+00	0.00e+00	0.00e+00	0.00e+00	2.59e-03	1.37e-03	4.61e-04
 4.81878e+15	5.25e-03	2.05e-01	7.82e-01	7.32e-03	1.02e-04	0.00e+00	0.00e+00	0.00e+00	0.00e+00	3.06e-03	1.62e-03	5.44e-04
 4.84951e+15	6.30e-03	2.25e-01	7.62e-01	6.06e-03	7.68e-05	0.00e+00	0.00e+00	0.00e+00	0.00e+00	3.66e-03	1.94e-03	6.52e-04
 4.87792e+15	7.47e-03	2.45e-01	7.42e-01	5.06e-03	5.89e-05	0.00e+00	0.00e+00	0.00e+00	0.00e+00	4.35e-03	2.30e-03	7.73e-04
 4.90456e+15	8.73e-03	2.65e-01	7.22e-01	4.27e-03	4.58e-05	0.00e+00	0.00e+00	0.00e+00	0.00e+00	5.08e-03	2.69e-03	9.04e-04
 4.93518e+15	1.05e-02	2.91e-01	6.95e-01	3.46e-03	3.38e-05	0.00e+00	0.00e+00	0.00e+00	0.00e+00	6.14e-03	3.25e-03	1.09e-03
 4.96912e+15	1.30e-02	3.22e-01	6.62e-01	2.74e-03	2.41e-05	0.00e+00	0.00e+00	0.00e+00	0.00e+00	7.57e-03	4.00e-03	1.35e-03
 5.00009e+15	1.57e-02	3.53e-01	6.30e-01	2.20e-03	1.76e-05	0.00e+00	0.00e+00	0.00e+00	0.00e+00	9.17e-03	4.84e-03	1.63e-03
 5.02801e+15	1.88e-02	3.82e-01	5.97e-01	1.78e-03	1.31e-05	0.00e+00	0.00e+00	0.00e+00	0.00e+00	1.09e-02	5.77e-03	1.94e-03
 5.05923e+15	2.29e-02	4.17e-01	5.58e-01	1.39e-03	9.23e-06	0.00e+00	0.00e+00	0.00e+00	0.00e+00	1.33e-02	7.04e-03	2.37e-03
 5.09296e+15	2.84e-02	4.58e-01	5.12e-01	1.05e-03	6.26e-06	0.00e+00	0.00e+00	0.00e+00	0.00e+00	1.66e-02	8.75e-03	2.95e-03
 5.12227e+15	3.45e-02	4.95e-01	4.69e-01	8.07e-04	4.39e-06	0.00e+00	0.00e+00	0.00e+00	0.00e+00	2.01e-02	1.06e-02	3.58e-03
 5.14797e+15	4.09e-02	5.29e-01	4.30e-01	6.32e-04	3.15e-06	0.00e+00	0.00e+00	0.00e+00	0.00e+00	2.38e-02	1.26e-02	4.24e-03
 5.17665e+15	4.93e-02	5.65e-01	3.85e-01	4.73e-04	2.14e-06	0.00e+00	0.00e+00	0.00e+00	0.00e+00	2.88e-02	1.52e-02	5.12e-03
 5.20853e+15	6.09e-02	6.06e-01	3.33e-01	3.34e-04	1.35e-06	0.00e+00	0.00e+00	0.00e+00	0.00e+00	3.55e-02	1.87e-02	6.33e-03
 5.23415e+15	7.26e-02	6.37e-01	2.90e-01	2.46e-04	9.06e-07	0.00e+00	0.00e+00	0.00e+00	0.00e+00	4.24e-02	2.23e-02	7.55e-03
 5.25145e+15	8.18e-02	6.56e-01	2.62e-01	1.97e-04	0.00e+00	0.00e+00	0.00e+00	0.00e+00	0.00e+00	4.77e-02	2.51e-02	8.50e-03
 5.26835e+15	9.16e-02	6.73e-01	2.35e-01	1.57e-04	0.00e+00	0.00e+00	0.00e+00	0.00e+00	0.00e+00	5.35e-02	2.81e-02	9.52e-03
 5.29032e+15	1.06e-01	6.92e-01	2.02e-01	1.15e-04	0.00e+00	0.00e+00	0.00e+00	0.00e+00	0.00e+00	6.19e-02	3.25e-02	1.10e-02
 5.31252e+15	1.23e-01	7.07e-01	1.69e-01	8.23e-05	0.00e+00	0.00e+00	0.00e+00	0.00e+00	0.00e+00	7.20e-02	3.78e-02	1.28e-02
