#depth	O	O+	O+2	O+3	O+4	O+5	O+6	O+7	O+8	O[1]	O[2]	O[3]
 1.49634e+10	0.00e+00	0.00e+00	1.42e-30	4.16e-22	1.77e-14	9.72e-08	1.00e+00	0.00e+00	0.00e+00	0.00e+00	0.00e+00	0.00e+00
 4.54887e+10	0.00e+00	9.04e-40	1.98e-30	5.35e-22	2.10e-14	1.06e-07	1.00e+00	7.34e-08	0.00e+00	0.00e+00	0.00e+00	0.00e+00
 7.72350e+10	0.00e+00	0.00e+00	2.76e-30	6.88e-22	2.49e-14	1.16e-07	1.00e+00	0.00e+00	0.00e+00	0.00e+00	0.00e+00	0.00e+00
 1.10251e+11	0.00e+00	2.06e-39	3.84e-30	8.86e-22	2.95e-14	1.26e-07	1.00e+00	0.00e+00	0.00e+00	0.00e+00	0.00e+00	0.00e+00
 1.41802e+11	0.00e+00	0.00e+00	5.22e-30	1.12e-21	3.46e-14	1.37e-07	1.00e+00	0.00e+00	0.00e+00	0.00e+00	0.00e+00	0.00e+00
 1.70780e+11	0.00e+00	4.21e-39	6.85e-30	1.38e-21	3.99e-14	1.47e-07	1.00e+00	0.00e+00	0.00e+00	0.00e+00	0.00e+00	0.00e+00
 2.03573e+11	0.00e+00	0.00e+00	9.22e-30	1.73e-21	4.66e-14	1.59e-07	1.00e+00	0.00e+00	0.00e+00	0.00e+00	0.00e+00	0.00e+00
 2.41514e+11	0.00e+00	9.19e-39	1.29e-29	2.22e-21	5.54e-14	1.74e-07	1.00e+00	0.00e+00	0.00e+00	0.00e+00	0.00e+00	0.00e+00
 2.78839e+11	0.00e+00	0.00e+00	1.76e-29	2.83e-21	6.54e-14	1.89e-07	1.00e+00	0.00e+00	0.00e+00	0.00e+00	0.00e+00	0.00e+00
 3.14573e+11	0.00e+00	1.95e-38	2.36e-29	3.54e-21	7.62e-14	2.05e-07	1.00e+00	0.00e+00	0.00e+00	0.00e+00	0.00e+00	0.00e+00
 3.54000e+11	0.00e+00	0.00e+00	3.22e-29	4.49e-21	8.97e-14	2.22e-07	1.00e+00	0.00e+00	0.00e+00	0.00e+00	0.00e+00	0.00e+00
 3.98086e+11	0.00e+00	4.32e-38	4.50e-29	5.80e-21	1.07e-13	2.44e-07	1.00e+00	0.00e+00	0.00e+00	0.00e+00	0.00e+00	0.00e+00
 4.42422e+11	0.00e+00	0.00e+00	6.22e-29	7.44e-21	1.27e-13	2.66e-07	1.00e+00	0.00e+00	0.00e+00	0.00e+00	0.00e+00	0.00e+00
 4.88530e+11	0.00e+00	9.61e-38	8.60e-29	9.55e-21	1.51e-13	2.91e-07	1.00e+00	0.00e+00	0.00e+00	0.00e+00	0.00e+00	0.00e+00
 5.37998e+11	0.00e+00	0.00e+00	1.20e-28	1.24e-20	1.81e-13	3.19e-07	1.00e+00	0.00e+00	0.00e+00	0.00e+00	0.00e+00	0.00e+00
 5.87083e+11	0.00e+00	2.15e-37	1.66e-28	1.58e-20	2.15e-13	3.49e-07	1.00e+00	0.00e+00	0.00e+00	0.00e+00	0.00e+00	0.00e+00
 6.38132e+11	0.00e+00	0.00e+00	2.28e-28	2.02e-20	2.55e-13	3.81e-07	1.00e+00	0.00e+00	0.00e+00	0.00e+00	0.00e+00	0.00e+00
 6.93584e+11	0.00e+00	4.80e-37	3.19e-28	2.62e-20	3.06e-13	4.19e-07	1.00e+00	0.00e+00	0.00e+00	0.00e+00	0.00e+00	0.00e+00
 7.51254e+11	0.00e+00	0.00e+00	4.45e-28	3.39e-20	3.67e-13	4.61e-07	1.00e+00	0.00e+00	0.00e+00	0.00e+00	0.00e+00	0.00e+00
 8.11231e+11	0.00e+00	1.09e-36	6.20e-28	4.40e-20	4.40e-13	5.07e-07	1.00e+00	0.00e+00	0.00e+00	0.00e+00	0.00e+00	0.00e+00
 8.73607e+11	0.00e+00	0.00e+00	8.64e-28	5.69e-20	5.28e-13	5.57e-07	1.00e+00	0.00e+00	0.00e+00	0.00e+00	0.00e+00	0.00e+00
 9.38478e+11	0.00e+00	2.44e-36	1.20e-27	7.37e-20	6.34e-13	6.13e-07	1.00e+00	0.00e+00	0.00e+00	0.00e+00	0.00e+00	0.00e+00
 9.97285e+11	1.20e-45	3.46e-36	1.61e-27	9.23e-20	7.44e-13	6.67e-07	1.00e+00	0.00e+00	0.00e+00	0.00e+00	0.00e+00	0.00e+00
 1.04651e+12	0.00e+00	0.00e+00	2.03e-27	1.11e-19	8.47e-13	7.15e-07	1.00e+00	0.00e+00	0.00e+00	0.00e+00	0.00e+00	0.00e+00
 1.10052e+12	0.00e+00	6.21e-36	2.60e-27	1.34e-19	9.73e-13	7.69e-07	1.00e+00	0.00e+00	0.00e+00	0.00e+00	0.00e+00	0.00e+00
 1.16864e+12	3.73e-45	8.94e-36	3.51e-27	1.70e-19	1.15e-12	8.41e-07	1.00e+00	0.00e+00	0.00e+00	0.00e+00	0.00e+00	0.00e+00
 1.23954e+12	0.00e+00	0.00e+00	4.74e-27	2.16e-19	1.37e-12	9.21e-07	1.00e+00	0.00e+00	0.00e+00	0.00e+00	0.00e+00	0.00e+00
 1.30031e+12	0.00e+00	1.74e-35	6.07e-27	2.62e-19	1.57e-12	9.92e-07	1.00e+00	0.00e+00	0.00e+00	0.00e+00	0.00e+00	0.00e+00
 1.36346e+12	1.18e-44	2.34e-35	7.79e-27	3.19e-19	1.81e-12	1.07e-06	1.00e+00	0.00e+00	0.00e+00	0.00e+00	0.00e+00	0.00e+00
 1.44210e+12	0.00e+00	0.00e+00	1.05e-26	4.04e-19	2.14e-12	1.17e-06	1.00e+00	0.00e+00	0.00e+00	0.00e+00	0.00e+00	0.00e+00
 1.52175e+12	0.00e+00	4.76e-35	1.40e-26	5.09e-19	2.53e-12	1.28e-06	1.00e+00	0.00e+00	0.00e+00	0.00e+00	0.00e+00	0.00e+00
 1.59115e+12	3.85e-44	6.37e-35	1.79e-26	6.17e-19	2.91e-12	1.38e-06	1.00e+00	0.00e+00	0.00e+00	0.00e+00	0.00e+00	0.00e+00
 1.66637e+12	0.00e+00	8.64e-35	2.30e-26	7.54e-19	3.36e-12	1.49e-06	1.00e+00	0.00e+00	0.00e+00	0.00e+00	0.00e+00	0.00e+00
 1.75803e+12	8.43e-44	1.23e-34	3.10e-26	9.56e-19	3.99e-12	1.64e-06	1.00e+00	0.00e+00	0.00e+00	0.00e+00	0.00e+00	0.00e+00
 1.85134e+12	0.00e+00	1.75e-34	4.15e-26	1.20e-18	4.72e-12	1.79e-06	1.00e+00	0.00e+00	0.00e+00	0.00e+00	0.00e+00	0.00e+00
 1.93690e+12	1.82e-43	2.37e-34	5.35e-26	1.48e-18	5.46e-12	1.94e-06	1.00e+00	0.00e+00	0.00e+00	0.00e+00	0.00e+00	0.00e+00
 2.03210e+12	0.00e+00	3.29e-34	7.04e-26	1.83e-18	6.40e-12	2.12e-06	1.00e+00	0.00e+00	0.00e+00	0.00e+00	0.00e+00	0.00e+00
 2.14260e+12	4.12e-43	4.73e-34	9.54e-26	2.34e-18	7.62e-12	2.33e-06	1.00e+00	0.00e+00	0.00e+00	0.00e+00	0.00e+00	0.00e+00
 2.25169e+12	0.00e+00	6.67e-34	1.27e-25	2.94e-18	9.00e-12	2.55e-06	1.00e+00	0.00e+00	0.00e+00	0.00e+00	0.00e+00	0.00e+00
 2.35611e+12	8.99e-43	9.16e-34	1.66e-25	3.63e-18	1.05e-11	2.77e-06	1.00e+00	0.00e+00	0.00e+00	0.00e+00	0.00e+00	0.00e+00
 2.47124e+12	0.00e+00	1.28e-33	2.20e-25	4.55e-18	1.23e-11	3.02e-06	1.00e+00	0.00e+00	0.00e+00	0.00e+00	0.00e+00	0.00e+00
 2.60002e+12	2.04e-42	1.84e-33	2.97e-25	5.78e-18	1.46e-11	3.32e-06	1.00e+00	0.00e+00	0.00e+00	0.00e+00	0.00e+00	0.00e+00
 2.71704e+12	0.00e+00	2.51e-33	3.86e-25	7.13e-18	1.70e-11	3.60e-06	1.00e+00	0.00e+00	0.00e+00	0.00e+00	0.00e+00	0.00e+00
 2.81545e+12	3.99e-42	3.25e-33	4.78e-25	8.46e-18	1.92e-11	3.85e-06	1.00e+00	0.00e+00	0.00e+00	0.00e+00	0.00e+00	0.00e+00
 2.92363e+12	0.00e+00	4.27e-33	6.01e-25	1.01e-17	2.19e-11	4.13e-06	1.00e+00	0.00e+00	0.00e+00	0.00e+00	0.00e+00	0.00e+00
 3.04575e+12	7.81e-42	5.75e-33	7.71e-25	1.24e-17	2.52e-11	4.46e-06	1.00e+00	0.00e+00	0.00e+00	0.00e+00	0.00e+00	0.00e+00
 3.16266e+12	0.00e+00	7.58e-33	9.71e-25	1.49e-17	2.87e-11	4.79e-06	1.00e+00	0.00e+00	0.00e+00	0.00e+00	0.00e+00	0.00e+00
 3.29134e+12	1.53e-41	1.02e-32	1.24e-24	1.81e-17	3.30e-11	5.17e-06	1.00e+00	0.00e+00	0.00e+00	0.00e+00	0.00e+00	0.00e+00
 3.43426e+12	0.00e+00	1.39e-32	1.62e-24	2.23e-17	3.83e-11	5.60e-06	1.00e+00	0.00e+00	0.00e+00	0.00e+00	0.00e+00	0.00e+00
 3.56818e+12	3.10e-41	1.86e-32	2.05e-24	2.70e-17	4.38e-11	6.03e-06	1.00e+00	0.00e+00	0.00e+00	0.00e+00	0.00e+00	0.00e+00
 3.71475e+12	0.00e+00	2.51e-32	2.65e-24	3.30e-17	5.05e-11	6.51e-06	1.00e+00	0.00e+00	0.00e+00	0.00e+00	0.00e+00	0.00e+00
 3.87959e+12	6.52e-41	3.49e-32	3.48e-24	4.10e-17	5.89e-11	7.08e-06	1.00e+00	0.00e+00	0.00e+00	0.00e+00	0.00e+00	0.00e+00
 4.03704e+12	0.00e+00	4.73e-32	4.49e-24	5.01e-17	6.78e-11	7.64e-06	1.00e+00	0.00e+00	0.00e+00	0.00e+00	0.00e+00	0.00e+00
 4.20972e+12	1.36e-40	6.53e-32	5.87e-24	6.20e-17	7.87e-11	8.28e-06	1.00e+00	0.00e+00	0.00e+00	0.00e+00	0.00e+00	0.00e+00
 4.39276e+12	0.00e+00	9.08e-32	7.72e-24	7.70e-17	9.16e-11	8.99e-06	1.00e+00	0.00e+00	0.00e+00	0.00e+00	0.00e+00	0.00e+00
 4.55289e+12	2.78e-40	1.20e-31	9.74e-24	9.25e-17	1.04e-10	9.64e-06	1.00e+00	0.00e+00	0.00e+00	0.00e+00	0.00e+00	0.00e+00
 4.72382e+12	0.00e+00	1.60e-31	1.24e-23	1.12e-16	1.19e-10	1.04e-05	1.00e+00	0.00e+00	0.00e+00	0.00e+00	0.00e+00	0.00e+00
 4.93180e+12	5.83e-40	2.25e-31	1.64e-23	1.40e-16	1.39e-10	1.13e-05	1.00e+00	0.00e+00	0.00e+00	0.00e+00	0.00e+00	0.00e+00
 5.13896e+12	0.00e+00	3.12e-31	2.16e-23	1.73e-16	1.61e-10	1.22e-05	1.00e+00	0.00e+00	0.00e+00	0.00e+00	0.00e+00	0.00e+00
 5.32169e+12	1.19e-39	4.12e-31	2.72e-23	2.08e-16	1.83e-10	1.31e-05	1.00e+00	0.00e+00	0.00e+00	0.00e+00	0.00e+00	0.00e+00
 5.52168e+12	0.00e+00	5.55e-31	3.48e-23	2.52e-16	2.09e-10	1.40e-05	1.00e+00	0.00e+00	0.00e+00	0.00e+00	0.00e+00	0.00e+00
 5.76238e+12	2.53e-39	7.83e-31	4.63e-23	3.16e-16	2.45e-10	1.53e-05	1.00e+00	0.00e+00	0.00e+00	0.00e+00	0.00e+00	0.00e+00
 6.00323e+12	0.00e+00	1.09e-30	6.10e-23	3.92e-16	2.84e-10	1.66e-05	1.00e+00	0.00e+00	0.00e+00	0.00e+00	0.00e+00	0.00e+00
 6.22225e+12	5.28e-39	1.46e-30	7.78e-23	4.74e-16	3.24e-10	1.78e-05	1.00e+00	0.00e+00	0.00e+00	0.00e+00	0.00e+00	0.00e+00
 6.46562e+12	0.00e+00	2.01e-30	1.01e-22	5.82e-16	3.73e-10	1.91e-05	1.00e+00	0.00e+00	0.00e+00	0.00e+00	0.00e+00	0.00e+00
 6.75021e+12	1.17e-38	2.87e-30	1.36e-22	7.33e-16	4.37e-10	2.08e-05	1.00e+00	0.00e+00	0.00e+00	0.00e+00	0.00e+00	0.00e+00
 7.03111e+12	0.00e+00	4.02e-30	1.80e-22	9.13e-16	5.08e-10	2.26e-05	1.00e+00	0.00e+00	0.00e+00	0.00e+00	0.00e+00	0.00e+00
 7.29647e+12	2.51e-38	5.49e-30	2.32e-22	1.11e-15	5.83e-10	2.43e-05	1.00e+00	0.00e+00	0.00e+00	0.00e+00	0.00e+00	0.00e+00
 7.59148e+12	0.00e+00	7.67e-30	3.06e-22	1.38e-15	6.75e-10	2.63e-05	1.00e+00	0.00e+00	0.00e+00	0.00e+00	0.00e+00	0.00e+00
 7.92507e+12	5.71e-38	1.10e-29	4.13e-22	1.75e-15	7.92e-10	2.86e-05	1.00e+00	0.00e+00	0.00e+00	0.00e+00	0.00e+00	0.00e+00
 8.26014e+12	0.00e+00	1.57e-29	5.53e-22	2.19e-15	9.24e-10	3.10e-05	1.00e+00	0.00e+00	0.00e+00	0.00e+00	0.00e+00	0.00e+00
 8.60862e+12	1.32e-37	2.24e-29	7.40e-22	2.74e-15	1.08e-09	3.37e-05	1.00e+00	0.00e+00	0.00e+00	0.00e+00	0.00e+00	0.00e+00
 8.98289e+12	0.00e+00	3.23e-29	1.00e-21	3.47e-15	1.26e-09	3.66e-05	1.00e+00	0.00e+00	0.00e+00	0.00e+00	0.00e+00	0.00e+00
 9.37213e+12	3.15e-37	4.68e-29	1.35e-21	4.38e-15	1.48e-09	3.98e-05	1.00e+00	0.00e+00	0.00e+00	0.00e+00	0.00e+00	0.00e+00
 9.75521e+12	0.00e+00	6.64e-29	1.80e-21	5.47e-15	1.72e-09	4.31e-05	1.00e+00	0.00e+00	0.00e+00	0.00e+00	0.00e+00	0.00e+00
 1.01115e+13	6.91e-37	9.09e-29	2.33e-21	6.67e-15	1.97e-09	4.63e-05	1.00e+00	0.00e+00	0.00e+00	0.00e+00	0.00e+00	0.00e+00
 1.04330e+13	0.00e+00	1.20e-28	2.93e-21	7.94e-15	2.22e-09	4.92e-05	1.00e+00	0.00e+00	0.00e+00	0.00e+00	0.00e+00	0.00e+00
 1.07778e+13	1.35e-36	1.60e-28	3.71e-21	9.52e-15	2.51e-09	5.25e-05	1.00e+00	0.00e+00	0.00e+00	0.00e+00	0.00e+00	0.00e+00
 1.12071e+13	0.00e+00	2.27e-28	4.92e-21	1.18e-14	2.91e-09	5.67e-05	1.00e+00	0.00e+00	0.00e+00	0.00e+00	0.00e+00	0.00e+00
 1.16375e+13	3.04e-36	3.17e-28	6.48e-21	1.46e-14	3.36e-09	6.11e-05	1.00e+00	0.00e+00	0.00e+00	0.00e+00	0.00e+00	0.00e+00
 1.20075e+13	0.00e+00	4.21e-28	8.15e-21	1.74e-14	3.78e-09	6.49e-05	1.00e+00	0.00e+00	0.00e+00	0.00e+00	0.00e+00	0.00e+00
 1.24077e+13	6.05e-36	5.66e-28	1.04e-20	2.10e-14	4.28e-09	6.92e-05	1.00e+00	0.00e+00	0.00e+00	0.00e+00	0.00e+00	0.00e+00
 1.29016e+13	0.00e+00	8.07e-28	1.38e-20	2.61e-14	4.96e-09	7.48e-05	1.00e+00	0.00e+00	0.00e+00	0.00e+00	0.00e+00	0.00e+00
 1.33953e+13	1.38e-35	1.14e-27	1.83e-20	3.23e-14	5.73e-09	8.05e-05	1.00e+00	0.00e+00	0.00e+00	0.00e+00	0.00e+00	0.00e+00
 1.38217e+13	0.00e+00	1.52e-27	2.31e-20	3.86e-14	6.45e-09	8.56e-05	1.00e+00	0.00e+00	0.00e+00	0.00e+00	0.00e+00	0.00e+00
 1.42823e+13	2.80e-35	2.05e-27	2.95e-20	4.65e-14	7.31e-09	9.12e-05	1.00e+00	0.00e+00	0.00e+00	0.00e+00	0.00e+00	0.00e+00
 1.48485e+13	4.29e-35	2.94e-27	3.94e-20	5.80e-14	8.48e-09	9.85e-05	1.00e+00	0.00e+00	0.00e+00	0.00e+00	0.00e+00	0.00e+00
 1.54199e+13	6.51e-35	4.17e-27	5.23e-20	7.20e-14	9.80e-09	1.06e-04	1.00e+00	0.00e+00	0.00e+00	0.00e+00	0.00e+00	0.00e+00
 1.59262e+13	9.35e-35	5.64e-27	6.68e-20	8.66e-14	1.11e-08	1.13e-04	1.00e+00	0.00e+00	0.00e+00	0.00e+00	0.00e+00	0.00e+00
 1.64798e+13	1.37e-34	7.76e-27	8.64e-20	1.05e-13	1.26e-08	1.21e-04	1.00e+00	0.00e+00	0.00e+00	0.00e+00	0.00e+00	0.00e+00
 1.71435e+13	2.13e-34	1.12e-26	1.16e-19	1.32e-13	1.47e-08	1.30e-04	1.00e+00	0.00e+00	0.00e+00	0.00e+00	0.00e+00	0.00e+00
 1.78049e+13	3.25e-34	1.60e-26	1.55e-19	1.64e-13	1.70e-08	1.40e-04	1.00e+00	0.00e+00	0.00e+00	0.00e+00	0.00e+00	0.00e+00
 1.84075e+13	4.75e-34	2.20e-26	2.00e-19	1.99e-13	1.94e-08	1.50e-04	1.00e+00	0.00e+00	0.00e+00	0.00e+00	0.00e+00	0.00e+00
 1.90793e+13	7.13e-34	3.09e-26	2.63e-19	2.44e-13	2.22e-08	1.61e-04	1.00e+00	0.00e+00	0.00e+00	0.00e+00	0.00e+00	0.00e+00
 1.98631e+13	1.12e-33	4.52e-26	3.57e-19	3.08e-13	2.60e-08	1.74e-04	1.00e+00	0.00e+00	0.00e+00	0.00e+00	0.00e+00	0.00e+00
 2.06355e+13	1.74e-33	6.50e-26	4.79e-19	3.84e-13	3.01e-08	1.87e-04	1.00e+00	0.00e+00	0.00e+00	0.00e+00	0.00e+00	0.00e+00
 2.13668e+13	2.59e-33	9.07e-26	6.26e-19	4.70e-13	3.44e-08	2.00e-04	1.00e+00	0.00e+00	0.00e+00	0.00e+00	0.00e+00	0.00e+00
 2.21794e+13	3.97e-33	1.30e-25	8.33e-19	5.83e-13	3.98e-08	2.16e-04	1.00e+00	0.00e+00	0.00e+00	0.00e+00	0.00e+00	0.00e+00
 2.30965e+13	6.30e-33	1.91e-25	1.14e-18	7.37e-13	4.65e-08	2.33e-04	1.00e+00	0.00e+00	0.00e+00	0.00e+00	0.00e+00	0.00e+00
 2.40181e+13	9.88e-33	2.78e-25	1.54e-18	9.25e-13	5.41e-08	2.52e-04	1.00e+00	0.00e+00	0.00e+00	0.00e+00	0.00e+00	0.00e+00
 2.49766e+13	1.55e-32	4.05e-25	2.08e-18	1.16e-12	6.30e-08	2.72e-04	1.00e+00	0.00e+00	0.00e+00	0.00e+00	0.00e+00	0.00e+00
 2.60056e+13	2.46e-32	5.96e-25	2.84e-18	1.47e-12	7.37e-08	2.94e-04	1.00e+00	0.00e+00	0.00e+00	0.00e+00	0.00e+00	0.00e+00
 2.70022e+13	3.80e-32	8.56e-25	3.80e-18	1.83e-12	8.54e-08	3.17e-04	1.00e+00	0.00e+00	0.00e+00	0.00e+00	0.00e+00	0.00e+00
 2.79400e+13	5.63e-32	1.19e-24	4.95e-18	2.23e-12	9.75e-08	3.39e-04	1.00e+00	0.00e+00	0.00e+00	0.00e+00	0.00e+00	0.00e+00
 2.89887e+13	8.60e-32	1.69e-24	6.58e-18	2.77e-12	1.13e-07	3.65e-04	1.00e+00	0.00e+00	0.00e+00	0.00e+00	0.00e+00	0.00e+00
 3.00456e+13	1.30e-31	2.39e-24	8.67e-18	3.41e-12	1.29e-07	3.91e-04	1.00e+00	0.00e+00	0.00e+00	0.00e+00	0.00e+00	0.00e+00
 3.09237e+13	1.81e-31	3.15e-24	1.08e-17	4.04e-12	1.45e-07	4.14e-04	1.00e+00	0.00e+00	0.00e+00	0.00e+00	0.00e+00	0.00e+00
 3.18536e+13	2.54e-31	4.19e-24	1.36e-17	4.80e-12	1.63e-07	4.39e-04	1.00e+00	0.00e+00	0.00e+00	0.00e+00	0.00e+00	0.00e+00
 3.30418e+13	3.86e-31	5.96e-24	1.81e-17	5.95e-12	1.88e-07	4.72e-04	1.00e+00	0.00e+00	0.00e+00	0.00e+00	0.00e+00	0.00e+00
 3.42878e+13	5.96e-31	8.58e-24	2.43e-17	7.38e-12	2.17e-07	5.09e-04	9.99e-01	0.00e+00	0.00e+00	0.00e+00	0.00e+00	0.00e+00
 3.53909e+13	8.49e-31	1.15e-23	3.08e-17	8.89e-12	2.46e-07	5.42e-04	9.99e-01	0.00e+00	0.00e+00	0.00e+00	0.00e+00	0.00e+00
 3.65861e+13	1.24e-30	1.58e-23	3.98e-17	1.08e-11	2.80e-07	5.79e-04	9.99e-01	0.00e+00	0.00e+00	0.00e+00	0.00e+00	0.00e+00
 3.80218e+13	1.92e-30	2.29e-23	5.36e-17	1.35e-11	3.26e-07	6.25e-04	9.99e-01	0.00e+00	0.00e+00	0.00e+00	0.00e+00	0.00e+00
 3.94755e+13	2.95e-30	3.28e-23	7.17e-17	1.69e-11	3.77e-07	6.74e-04	9.99e-01	0.00e+00	0.00e+00	0.00e+00	0.00e+00	0.00e+00
 4.08383e+13	4.35e-30	4.53e-23	9.32e-17	2.06e-11	4.31e-07	7.22e-04	9.99e-01	0.00e+00	0.00e+00	0.00e+00	0.00e+00	0.00e+00
 4.21534e+13	6.23e-30	6.13e-23	1.19e-16	2.48e-11	4.89e-07	7.70e-04	9.99e-01	0.00e+00	0.00e+00	0.00e+00	0.00e+00	0.00e+00
 4.36388e+13	9.22e-30	8.53e-23	1.56e-16	3.04e-11	5.60e-07	8.25e-04	9.99e-01	0.00e+00	0.00e+00	0.00e+00	0.00e+00	0.00e+00
 4.52775e+13	1.40e-29	1.21e-22	2.07e-16	3.77e-11	6.48e-07	8.89e-04	9.99e-01	0.00e+00	0.00e+00	0.00e+00	0.00e+00	0.00e+00
 4.67895e+13	2.03e-29	1.66e-22	2.67e-16	4.58e-11	7.37e-07	9.50e-04	9.99e-01	0.00e+00	0.00e+00	0.00e+00	0.00e+00	0.00e+00
 4.84291e+13	3.00e-29	2.30e-22	3.48e-16	5.60e-11	8.44e-07	1.02e-03	9.99e-01	0.00e+00	0.00e+00	0.00e+00	0.00e+00	0.00e+00
 5.02598e+13	4.56e-29	3.27e-22	4.63e-16	6.97e-11	9.78e-07	1.10e-03	9.99e-01	0.00e+00	0.00e+00	0.00e+00	0.00e+00	0.00e+00
 5.19800e+13	6.69e-29	4.51e-22	6.01e-16	8.50e-11	1.12e-06	1.18e-03	9.99e-01	0.00e+00	0.00e+00	0.00e+00	0.00e+00	0.00e+00
 5.38577e+13	9.98e-29	6.32e-22	7.90e-16	1.05e-10	1.28e-06	1.27e-03	9.99e-01	0.00e+00	0.00e+00	0.00e+00	0.00e+00	0.00e+00
 5.59436e+13	1.53e-28	9.07e-22	1.06e-15	1.31e-10	1.49e-06	1.37e-03	9.99e-01	0.00e+00	0.00e+00	0.00e+00	0.00e+00	0.00e+00
 5.78929e+13	2.26e-28	1.26e-21	1.38e-15	1.60e-10	1.71e-06	1.47e-03	9.99e-01	0.00e+00	0.00e+00	0.00e+00	0.00e+00	0.00e+00
 6.00088e+13	3.38e-28	1.77e-21	1.82e-15	1.98e-10	1.97e-06	1.58e-03	9.98e-01	0.00e+00	0.00e+00	0.00e+00	0.00e+00	0.00e+00
 6.23728e+13	5.23e-28	2.55e-21	2.46e-15	2.49e-10	2.29e-06	1.71e-03	9.98e-01	0.00e+00	0.00e+00	0.00e+00	0.00e+00	0.00e+00
 6.46217e+13	7.82e-28	3.58e-21	3.23e-15	3.06e-10	2.64e-06	1.83e-03	9.98e-01	0.00e+00	0.00e+00	0.00e+00	0.00e+00	0.00e+00
 6.70269e+13	1.18e-27	5.07e-21	4.29e-15	3.80e-10	3.05e-06	1.98e-03	9.98e-01	0.00e+00	0.00e+00	0.00e+00	0.00e+00	0.00e+00
 6.97379e+13	1.85e-27	7.39e-21	5.83e-15	4.80e-10	3.57e-06	2.14e-03	9.98e-01	0.00e+00	0.00e+00	0.00e+00	0.00e+00	0.00e+00
 7.24115e+13	2.84e-27	1.06e-20	7.80e-15	6.00e-10	4.14e-06	2.31e-03	9.98e-01	0.00e+00	0.00e+00	0.00e+00	0.00e+00	0.00e+00
 7.51920e+13	4.35e-27	1.52e-20	1.04e-14	7.49e-10	4.81e-06	2.50e-03	9.97e-01	0.00e+00	0.00e+00	0.00e+00	0.00e+00	0.00e+00
 7.80431e+13	6.64e-27	2.17e-20	1.40e-14	9.33e-10	5.57e-06	2.70e-03	9.97e-01	0.00e+00	0.00e+00	0.00e+00	0.00e+00	0.00e+00
 8.06857e+13	9.71e-27	2.98e-20	1.81e-14	1.14e-09	6.35e-06	2.88e-03	9.97e-01	0.00e+00	0.00e+00	0.00e+00	0.00e+00	0.00e+00
 8.36207e+13	1.46e-26	4.20e-20	2.39e-14	1.40e-09	7.32e-06	3.10e-03	9.97e-01	0.00e+00	0.00e+00	0.00e+00	0.00e+00	0.00e+00
 8.68439e+13	2.25e-26	6.04e-20	3.20e-14	1.76e-09	8.50e-06	3.35e-03	9.97e-01	0.00e+00	0.00e+00	0.00e+00	0.00e+00	0.00e+00
 8.98259e+13	3.31e-26	8.37e-20	4.17e-14	2.14e-09	9.71e-06	3.59e-03	9.96e-01	0.00e+00	0.00e+00	0.00e+00	0.00e+00	0.00e+00
 9.24439e+13	4.60e-26	1.10e-19	5.22e-14	2.54e-09	1.09e-05	3.80e-03	9.96e-01	0.00e+00	0.00e+00	0.00e+00	0.00e+00	0.00e+00
 9.52151e+13	6.46e-26	1.47e-19	6.57e-14	3.03e-09	1.22e-05	4.03e-03	9.96e-01	0.00e+00	0.00e+00	0.00e+00	0.00e+00	0.00e+00
 9.87320e+13	9.79e-26	2.08e-19	8.72e-14	3.75e-09	1.41e-05	4.34e-03	9.96e-01	0.00e+00	0.00e+00	0.00e+00	0.00e+00	0.00e+00
 1.02296e+14	1.47e-25	2.93e-19	1.15e-13	4.63e-09	1.63e-05	4.66e-03	9.95e-01	0.00e+00	0.00e+00	0.00e+00	0.00e+00	0.00e+00
 1.05308e+14	2.06e-25	3.89e-19	1.44e-13	5.50e-09	1.82e-05	4.94e-03	9.95e-01	0.00e+00	0.00e+00	0.00e+00	0.00e+00	0.00e+00
 1.08524e+14	2.92e-25	5.20e-19	1.83e-13	6.57e-09	2.05e-05	5.25e-03	9.95e-01	0.00e+00	0.00e+00	0.00e+00	0.00e+00	0.00e+00
 1.12563e+14	4.44e-25	7.41e-19	2.43e-13	8.16e-09	2.37e-05	5.65e-03	9.94e-01	0.00e+00	0.00e+00	0.00e+00	0.00e+00	0.00e+00
 1.16736e+14	6.77e-25	1.05e-18	3.23e-13	1.01e-08	2.74e-05	6.08e-03	9.94e-01	0.00e+00	0.00e+00	0.00e+00	0.00e+00	0.00e+00
 1.20415e+14	9.71e-25	1.43e-18	4.13e-13	1.22e-08	3.10e-05	6.48e-03	9.93e-01	0.00e+00	0.00e+00	0.00e+00	0.00e+00	0.00e+00
 1.24387e+14	1.41e-24	1.95e-18	5.32e-13	1.47e-08	3.52e-05	6.91e-03	9.93e-01	0.00e+00	0.00e+00	0.00e+00	0.00e+00	0.00e+00
 1.29180e+14	2.18e-24	2.81e-18	7.15e-13	1.84e-08	4.09e-05	7.46e-03	9.92e-01	0.00e+00	0.00e+00	0.00e+00	0.00e+00	0.00e+00
 1.33931e+14	3.32e-24	4.00e-18	9.50e-13	2.29e-08	4.72e-05	8.02e-03	9.92e-01	0.00e+00	0.00e+00	0.00e+00	0.00e+00	0.00e+00
 1.38154e+14	4.75e-24	5.40e-18	1.21e-12	2.75e-08	5.34e-05	8.54e-03	9.91e-01	0.00e+00	0.00e+00	0.00e+00	0.00e+00	0.00e+00
 1.42796e+14	6.96e-24	7.45e-18	1.57e-12	3.34e-08	6.08e-05	9.13e-03	9.91e-01	0.00e+00	0.00e+00	0.00e+00	0.00e+00	0.00e+00
 1.48343e+14	1.08e-23	1.08e-17	2.11e-12	4.19e-08	7.07e-05	9.86e-03	9.90e-01	0.00e+00	0.00e+00	0.00e+00	0.00e+00	0.00e+00
 1.53853e+14	1.64e-23	1.53e-17	2.81e-12	5.20e-08	8.17e-05	1.06e-02	9.89e-01	0.00e+00	0.00e+00	0.00e+00	0.00e+00	0.00e+00
 1.58866e+14	2.37e-23	2.09e-17	3.61e-12	6.29e-08	9.28e-05	1.13e-02	9.89e-01	0.00e+00	0.00e+00	0.00e+00	0.00e+00	0.00e+00
 1.64449e+14	3.51e-23	2.91e-17	4.72e-12	7.71e-08	1.06e-04	1.21e-02	9.88e-01	0.00e+00	0.00e+00	0.00e+00	0.00e+00	0.00e+00
 1.70972e+14	5.47e-23	4.22e-17	6.39e-12	9.71e-08	1.24e-04	1.31e-02	9.87e-01	0.00e+00	0.00e+00	0.00e+00	0.00e+00	0.00e+00
 1.77388e+14	8.30e-23	6.00e-17	8.51e-12	1.21e-07	1.44e-04	1.42e-02	9.86e-01	0.00e+00	0.00e+00	0.00e+00	0.00e+00	0.00e+00
 1.83416e+14	1.21e-22	8.26e-17	1.10e-11	1.47e-07	1.64e-04	1.52e-02	9.85e-01	0.00e+00	0.00e+00	0.00e+00	0.00e+00	0.00e+00
 1.90137e+14	1.81e-22	1.16e-16	1.46e-11	1.82e-07	1.89e-04	1.63e-02	9.83e-01	0.00e+00	0.00e+00	0.00e+00	0.00e+00	0.00e+00
 1.97772e+14	2.82e-22	1.69e-16	1.98e-11	2.30e-07	2.21e-04	1.77e-02	9.82e-01	0.00e+00	0.00e+00	0.00e+00	0.00e+00	0.00e+00
 2.05388e+14	4.26e-22	2.40e-16	2.64e-11	2.87e-07	2.56e-04	1.91e-02	9.81e-01	0.00e+00	0.00e+00	0.00e+00	0.00e+00	0.00e+00
 2.12728e+14	6.33e-22	3.35e-16	3.46e-11	3.53e-07	2.94e-04	2.06e-02	9.79e-01	0.00e+00	0.00e+00	0.00e+00	0.00e+00	0.00e+00
 2.19101e+14	8.72e-22	4.41e-16	4.34e-11	4.21e-07	3.30e-04	2.19e-02	9.78e-01	0.00e+00	0.00e+00	0.00e+00	0.00e+00	0.00e+00
 2.24434e+14	1.13e-21	5.51e-16	5.22e-11	4.85e-07	3.63e-04	2.30e-02	9.77e-01	0.00e+00	0.00e+00	0.00e+00	0.00e+00	0.00e+00
 2.30359e+14	1.50e-21	7.01e-16	6.36e-11	5.65e-07	4.02e-04	2.43e-02	9.75e-01	0.00e+00	0.00e+00	0.00e+00	0.00e+00	0.00e+00
 2.38062e+14	2.14e-21	9.49e-16	8.17e-11	6.86e-07	4.58e-04	2.60e-02	9.74e-01	0.00e+00	0.00e+00	0.00e+00	0.00e+00	0.00e+00
 2.46180e+14	3.07e-21	1.29e-15	1.05e-10	8.35e-07	5.22e-04	2.79e-02	9.72e-01	0.00e+00	0.00e+00	0.00e+00	0.00e+00	0.00e+00
 2.53184e+14	4.13e-21	1.67e-15	1.30e-10	9.85e-07	5.83e-04	2.96e-02	9.70e-01	0.00e+00	0.00e+00	0.00e+00	0.00e+00	0.00e+00
 2.60633e+14	5.60e-21	2.17e-15	1.62e-10	1.17e-06	6.53e-04	3.14e-02	9.68e-01	0.00e+00	0.00e+00	0.00e+00	0.00e+00	0.00e+00
 2.70156e+14	8.17e-21	3.01e-15	2.13e-10	1.44e-06	7.51e-04	3.39e-02	9.65e-01	0.00e+00	0.00e+00	0.00e+00	0.00e+00	0.00e+00
 2.79954e+14	1.18e-20	4.15e-15	2.78e-10	1.78e-06	8.64e-04	3.65e-02	9.63e-01	0.00e+00	0.00e+00	0.00e+00	0.00e+00	0.00e+00
 2.88341e+14	1.61e-20	5.41e-15	3.48e-10	2.11e-06	9.69e-04	3.89e-02	9.60e-01	0.00e+00	0.00e+00	0.00e+00	0.00e+00	0.00e+00
 2.97312e+14	2.19e-20	7.10e-15	4.37e-10	2.53e-06	1.09e-03	4.15e-02	9.57e-01	0.00e+00	0.00e+00	0.00e+00	0.00e+00	0.00e+00
 3.08445e+14	3.19e-20	9.86e-15	5.76e-10	3.14e-06	1.26e-03	4.49e-02	9.54e-01	0.00e+00	0.00e+00	0.00e+00	0.00e+00	0.00e+00
 3.19869e+14	4.62e-20	1.36e-14	7.56e-10	3.88e-06	1.45e-03	4.85e-02	9.50e-01	0.00e+00	0.00e+00	0.00e+00	0.00e+00	0.00e+00
 3.30044e+14	6.33e-20	1.80e-14	9.56e-10	4.66e-06	1.64e-03	5.18e-02	9.47e-01	0.00e+00	0.00e+00	0.00e+00	0.00e+00	0.00e+00
 3.41115e+14	8.77e-20	2.40e-14	1.22e-09	5.65e-06	1.86e-03	5.56e-02	9.42e-01	0.00e+00	0.00e+00	0.00e+00	0.00e+00	0.00e+00
 3.54335e+14	1.29e-19	3.36e-14	1.62e-09	7.05e-06	2.15e-03	6.03e-02	9.38e-01	0.00e+00	0.00e+00	0.00e+00	0.00e+00	0.00e+00
 3.67371e+14	1.84e-19	4.62e-14	2.13e-09	8.70e-06	2.47e-03	6.51e-02	9.32e-01	0.00e+00	0.00e+00	0.00e+00	0.00e+00	0.00e+00
 3.79096e+14	2.51e-19	6.09e-14	2.68e-09	1.04e-05	2.79e-03	6.96e-02	9.28e-01	0.00e+00	0.00e+00	0.00e+00	0.00e+00	0.00e+00
 3.92096e+14	3.51e-19	8.20e-14	3.45e-09	1.27e-05	3.17e-03	7.47e-02	9.22e-01	0.00e+00	0.00e+00	0.00e+00	0.00e+00	0.00e+00
 4.07447e+14	5.13e-19	1.15e-13	4.60e-09	1.59e-05	3.66e-03	8.09e-02	9.15e-01	0.00e+00	0.00e+00	0.00e+00	0.00e+00	0.00e+00
 4.22614e+14	7.37e-19	1.59e-13	6.04e-09	1.96e-05	4.21e-03	8.73e-02	9.08e-01	0.00e+00	0.00e+00	0.00e+00	0.00e+00	0.00e+00
 4.36629e+14	1.02e-18	2.12e-13	7.71e-09	2.37e-05	4.75e-03	9.34e-02	9.02e-01	0.00e+00	0.00e+00	0.00e+00	0.00e+00	0.00e+00
 4.52363e+14	1.44e-18	2.90e-13	1.00e-08	2.91e-05	5.43e-03	1.00e-01	8.94e-01	0.00e+00	0.00e+00	0.00e+00	0.00e+00	0.00e+00
 4.70488e+14	2.13e-18	4.11e-13	1.35e-08	3.65e-05	6.28e-03	1.09e-01	8.85e-01	0.00e+00	0.00e+00	0.00e+00	0.00e+00	0.00e+00
 4.88223e+14	3.08e-18	5.72e-13	1.78e-08	4.51e-05	7.21e-03	1.17e-01	8.76e-01	0.00e+00	0.00e+00	0.00e+00	0.00e+00	0.00e+00
 5.06668e+14	4.47e-18	7.96e-13	2.35e-08	5.59e-05	8.26e-03	1.26e-01	8.65e-01	0.00e+00	0.00e+00	0.00e+00	0.00e+00	0.00e+00
 5.26965e+14	6.63e-18	1.13e-12	3.16e-08	6.99e-05	9.54e-03	1.36e-01	8.54e-01	0.00e+00	0.00e+00	0.00e+00	0.00e+00	0.00e+00
 5.44129e+14	9.15e-18	1.51e-12	4.02e-08	8.40e-05	1.07e-02	1.45e-01	8.44e-01	0.00e+00	0.00e+00	0.00e+00	0.00e+00	0.00e+00
 5.56668e+14	1.15e-17	1.86e-12	4.76e-08	9.56e-05	1.16e-02	1.52e-01	8.37e-01	0.00e+00	0.00e+00	0.00e+00	0.00e+00	0.00e+00
 5.69826e+14	1.46e-17	2.29e-12	5.68e-08	1.09e-04	1.27e-02	1.58e-01	8.29e-01	0.00e+00	0.00e+00	0.00e+00	0.00e+00	0.00e+00
 5.86932e+14	1.97e-17	3.00e-12	7.09e-08	1.29e-04	1.41e-02	1.68e-01	8.18e-01	0.00e+00	0.00e+00	0.00e+00	0.00e+00	0.00e+00
 6.05803e+14	2.78e-17	4.00e-12	9.00e-08	1.54e-04	1.58e-02	1.78e-01	8.07e-01	0.00e+00	0.00e+00	1.60e-17	8.36e-18	2.81e-18
 6.23267e+14	3.72e-17	5.19e-12	1.11e-07	1.81e-04	1.74e-02	1.87e-01	7.95e-01	0.00e+00	0.00e+00	2.14e-17	1.13e-17	3.77e-18
 6.42272e+14	5.08e-17	6.83e-12	1.40e-07	2.15e-04	1.94e-02	1.97e-01	7.83e-01	0.00e+00	0.00e+00	2.92e-17	1.54e-17	5.12e-18
 6.63631e+14	7.14e-17	9.22e-12	1.79e-07	2.58e-04	2.17e-02	2.09e-01	7.69e-01	0.00e+00	0.00e+00	4.11e-17	2.16e-17	7.17e-18
 6.83960e+14	9.77e-17	1.22e-11	2.24e-07	3.05e-04	2.41e-02	2.20e-01	7.55e-01	0.00e+00	0.00e+00	5.63e-17	2.95e-17	9.81e-18
 7.06297e+14	1.37e-16	1.63e-11	2.85e-07	3.64e-04	2.70e-02	2.32e-01	7.40e-01	0.00e+00	0.00e+00	7.88e-17	4.13e-17	1.37e-17
 7.31278e+14	1.98e-16	2.25e-11	3.70e-07	4.41e-04	3.04e-02	2.46e-01	7.23e-01	0.00e+00	0.00e+00	1.14e-16	5.96e-17	1.97e-17
 7.55012e+14	2.77e-16	3.02e-11	4.70e-07	5.25e-04	3.38e-02	2.59e-01	7.07e-01	0.00e+00	0.00e+00	1.60e-16	8.34e-17	2.75e-17
 7.81179e+14	3.98e-16	4.13e-11	6.05e-07	6.32e-04	3.79e-02	2.73e-01	6.89e-01	0.00e+00	0.00e+00	2.30e-16	1.20e-16	3.94e-17
 8.10520e+14	5.90e-16	5.81e-11	7.95e-07	7.71e-04	4.27e-02	2.88e-01	6.69e-01	0.00e+00	0.00e+00	3.41e-16	1.78e-16	5.83e-17
 8.38234e+14	8.45e-16	7.91e-11	1.02e-06	9.22e-04	4.76e-02	3.02e-01	6.49e-01	0.00e+00	0.00e+00	4.89e-16	2.54e-16	8.33e-17
 8.68441e+14	1.24e-15	1.10e-10	1.32e-06	1.11e-03	5.33e-02	3.17e-01	6.28e-01	0.00e+00	0.00e+00	7.16e-16	3.73e-16	1.22e-16
 9.01993e+14	1.87e-15	1.55e-10	1.75e-06	1.36e-03	6.01e-02	3.33e-01	6.05e-01	0.00e+00	0.00e+00	1.08e-15	5.63e-16	1.83e-16
 9.33348e+14	2.70e-15	2.12e-10	2.24e-06	1.62e-03	6.67e-02	3.48e-01	5.84e-01	0.00e+00	0.00e+00	1.57e-15	8.14e-16	2.65e-16
 9.67172e+14	3.98e-15	2.94e-10	2.89e-06	1.95e-03	7.44e-02	3.63e-01	5.61e-01	0.00e+00	0.00e+00	2.31e-15	1.20e-15	3.90e-16
 1.00505e+15	6.06e-15	4.17e-10	3.81e-06	2.37e-03	8.33e-02	3.78e-01	5.36e-01	0.00e+00	0.00e+00	3.51e-15	1.83e-15	5.91e-16
 1.04150e+15	8.95e-15	5.76e-10	4.91e-06	2.83e-03	9.25e-02	3.92e-01	5.12e-01	0.00e+00	0.00e+00	5.19e-15	2.70e-15	8.73e-16
 1.08025e+15	1.34e-14	8.03e-10	6.37e-06	3.39e-03	1.03e-01	4.06e-01	4.88e-01	0.00e+00	0.00e+00	7.76e-15	4.03e-15	1.30e-15
 1.12349e+15	2.06e-14	1.14e-09	8.39e-06	4.11e-03	1.14e-01	4.21e-01	4.61e-01	0.00e+00	0.00e+00	1.19e-14	6.21e-15	2.00e-15
 1.15981e+15	2.92e-14	1.52e-09	1.05e-05	4.79e-03	1.25e-01	4.31e-01	4.39e-01	0.00e+00	0.00e+00	1.69e-14	8.80e-15	2.84e-15
 1.18595e+15	3.72e-14	1.85e-09	1.22e-05	5.32e-03	1.32e-01	4.38e-01	4.24e-01	0.00e+00	0.00e+00	2.16e-14	1.12e-14	3.62e-15
 1.21322e+15	4.78e-14	2.26e-09	1.43e-05	5.92e-03	1.40e-01	4.45e-01	4.08e-01	0.00e+00	0.00e+00	2.77e-14	1.44e-14	4.64e-15
 1.24867e+15	6.55e-14	2.92e-09	1.74e-05	6.77e-03	1.51e-01	4.53e-01	3.89e-01	0.00e+00	0.00e+00	3.80e-14	1.98e-14	6.36e-15
 1.28814e+15	9.21e-14	3.84e-09	2.14e-05	7.81e-03	1.63e-01	4.61e-01	3.68e-01	0.00e+00	0.00e+00	5.35e-14	2.78e-14	8.94e-15
 1.32502e+15	1.26e-13	4.90e-09	2.59e-05	8.88e-03	1.75e-01	4.67e-01	3.49e-01	0.00e+00	0.00e+00	7.29e-14	3.79e-14	1.22e-14
 1.36515e+15	1.74e-13	6.36e-09	3.16e-05	1.01e-02	1.87e-01	4.73e-01	3.30e-01	0.00e+00	0.00e+00	1.01e-13	5.26e-14	1.69e-14
 1.41006e+15	2.48e-13	8.41e-09	3.91e-05	1.17e-02	2.02e-01	4.78e-01	3.09e-01	0.00e+00	0.00e+00	1.44e-13	7.49e-14	2.41e-14
 1.45240e+15	3.42e-13	1.08e-08	4.74e-05	1.33e-02	2.16e-01	4.81e-01	2.90e-01	0.00e+00	0.00e+00	1.98e-13	1.03e-13	3.31e-14
 1.49861e+15	4.81e-13	1.41e-08	5.80e-05	1.52e-02	2.31e-01	4.83e-01	2.71e-01	0.00e+00	0.00e+00	2.79e-13	1.45e-13	4.66e-14
 1.55048e+15	6.94e-13	1.88e-08	7.21e-05	1.75e-02	2.47e-01	4.84e-01	2.51e-01	0.00e+00	0.00e+00	4.03e-13	2.10e-13	6.73e-14
 1.59981e+15	9.72e-13	2.44e-08	8.79e-05	1.99e-02	2.63e-01	4.84e-01	2.33e-01	0.00e+00	0.00e+00	5.65e-13	2.94e-13	9.43e-14
 1.65405e+15	1.39e-12	3.23e-08	1.08e-04	2.28e-02	2.81e-01	4.82e-01	2.14e-01	0.00e+00	0.00e+00	8.09e-13	4.21e-13	1.35e-13
 1.71438e+15	2.04e-12	4.33e-08	1.35e-04	2.63e-02	3.00e-01	4.79e-01	1.95e-01	0.00e+00	0.00e+00	1.19e-12	6.17e-13	1.98e-13
 1.77041e+15	2.86e-12	5.62e-08	1.65e-04	2.97e-02	3.17e-01	4.74e-01	1.79e-01	0.00e+00	0.00e+00	1.66e-12	8.66e-13	2.78e-13
 1.83104e+15	4.09e-12	7.38e-08	2.02e-04	3.38e-02	3.35e-01	4.68e-01	1.63e-01	0.00e+00	0.00e+00	2.38e-12	1.24e-12	3.97e-13
 1.89872e+15	5.98e-12	9.86e-08	2.51e-04	3.86e-02	3.55e-01	4.60e-01	1.46e-01	0.00e+00	0.00e+00	3.47e-12	1.81e-12	5.80e-13
 1.96203e+15	8.38e-12	1.28e-07	3.04e-04	4.35e-02	3.73e-01	4.51e-01	1.33e-01	0.00e+00	0.00e+00	4.87e-12	2.54e-12	8.13e-13
 2.03079e+15	1.20e-11	1.68e-07	3.72e-04	4.92e-02	3.91e-01	4.40e-01	1.19e-01	0.00e+00	0.00e+00	6.99e-12	3.64e-12	1.17e-12
 2.10397e+15	1.73e-11	2.21e-07	4.56e-04	5.56e-02	4.10e-01	4.28e-01	1.06e-01	0.00e+00	0.00e+00	1.01e-11	5.25e-12	1.68e-12
 2.16805e+15	2.36e-11	2.79e-07	5.41e-04	6.15e-02	4.25e-01	4.16e-01	9.59e-02	0.00e+00	0.00e+00	1.37e-11	7.15e-12	2.29e-12
 2.22302e+15	3.05e-11	3.39e-07	6.24e-04	6.69e-02	4.38e-01	4.06e-01	8.80e-02	0.00e+00	0.00e+00	1.77e-11	9.25e-12	2.96e-12
 2.28104e+15	3.98e-11	4.14e-07	7.21e-04	7.28e-02	4.51e-01	3.96e-01	8.03e-02	0.00e+00	0.00e+00	2.32e-11	1.21e-11	3.87e-12
 2.34653e+15	5.31e-11	5.13e-07	8.44e-04	7.97e-02	4.64e-01	3.83e-01	7.24e-02	0.00e+00	0.00e+00	3.09e-11	1.61e-11	5.16e-12
 2.40925e+15	6.93e-11	6.27e-07	9.76e-04	8.66e-02	4.76e-01	3.71e-01	6.56e-02	0.00e+00	0.00e+00	4.03e-11	2.10e-11	6.74e-12
 2.47834e+15	9.25e-11	7.78e-07	1.14e-03	9.45e-02	4.88e-01	3.58e-01	5.88e-02	0.00e+00	0.00e+00	5.38e-11	2.81e-11	9.00e-12
 2.55364e+15	1.25e-10	9.73e-07	1.34e-03	1.03e-01	5.00e-01	3.43e-01	5.23e-02	0.00e+00	0.00e+00	7.26e-11	3.78e-11	1.21e-11
 2.62262e+15	1.62e-10	1.19e-06	1.54e-03	1.12e-01	5.10e-01	3.30e-01	4.70e-02	0.00e+00	0.00e+00	9.44e-11	4.92e-11	1.58e-11
 2.69792e+15	2.16e-10	1.47e-06	1.80e-03	1.21e-01	5.20e-01	3.15e-01	4.17e-02	0.00e+00	0.00e+00	1.26e-10	6.55e-11	2.10e-11
 2.78171e+15	2.92e-10	1.84e-06	2.11e-03	1.32e-01	5.29e-01	3.00e-01	3.66e-02	0.00e+00	0.00e+00	1.70e-10	8.85e-11	2.84e-11
 2.86113e+15	3.83e-10	2.25e-06	2.44e-03	1.43e-01	5.37e-01	2.85e-01	3.24e-02	0.00e+00	0.00e+00	2.23e-10	1.16e-10	3.73e-11
 2.94895e+15	5.17e-10	2.81e-06	2.86e-03	1.55e-01	5.44e-01	2.70e-01	2.82e-02	0.00e+00	0.00e+00	3.01e-10	1.57e-10	5.04e-11
 3.04475e+15	7.03e-10	3.54e-06	3.37e-03	1.69e-01	5.50e-01	2.53e-01	2.44e-02	0.00e+00	0.00e+00	4.09e-10	2.14e-10	6.86e-11
 3.13124e+15	9.15e-10	4.32e-06	3.89e-03	1.81e-01	5.54e-01	2.39e-01	2.14e-02	0.00e+00	0.00e+00	5.33e-10	2.78e-10	8.93e-11
 3.22402e+15	1.22e-09	5.34e-06	4.51e-03	1.95e-01	5.57e-01	2.25e-01	1.85e-02	0.00e+00	0.00e+00	7.09e-10	3.70e-10	1.19e-10
 3.32696e+15	1.64e-09	6.67e-06	5.28e-03	2.11e-01	5.59e-01	2.09e-01	1.59e-02	0.00e+00	0.00e+00	9.52e-10	4.97e-10	1.60e-10
 3.42351e+15	2.13e-09	8.14e-06	6.09e-03	2.25e-01	5.59e-01	1.95e-01	1.37e-02	0.00e+00	0.00e+00	1.24e-09	6.49e-10	2.09e-10
 3.52947e+15	2.86e-09	1.01e-05	7.10e-03	2.42e-01	5.58e-01	1.81e-01	1.17e-02	0.00e+00	0.00e+00	1.67e-09	8.71e-10	2.81e-10
 3.64495e+15	3.84e-09	1.27e-05	8.32e-03	2.60e-01	5.55e-01	1.67e-01	9.81e-03	0.00e+00	0.00e+00	2.24e-09	1.17e-09	3.77e-10
 3.75026e+15	4.98e-09	1.54e-05	9.56e-03	2.77e-01	5.51e-01	1.54e-01	8.39e-03	0.00e+00	0.00e+00	2.90e-09	1.51e-09	4.88e-10
 3.84522e+15	6.24e-09	1.83e-05	1.08e-02	2.92e-01	5.47e-01	1.44e-01	7.29e-03	0.00e+00	0.00e+00	3.63e-09	1.90e-09	6.13e-10
 3.93289e+15	7.67e-09	2.14e-05	1.21e-02	3.06e-01	5.41e-01	1.34e-01	6.40e-03	0.00e+00	0.00e+00	4.46e-09	2.34e-09	7.54e-10
 4.03043e+15	9.66e-09	2.54e-05	1.36e-02	3.21e-01	5.35e-01	1.25e-01	5.53e-03	0.00e+00	0.00e+00	5.62e-09	2.94e-09	9.51e-10
 4.14024e+15	1.23e-08	3.05e-05	1.55e-02	3.39e-01	5.27e-01	1.14e-01	4.70e-03	0.00e+00	0.00e+00	7.18e-09	3.76e-09	1.21e-09
 4.24453e+15	1.54e-08	3.62e-05	1.75e-02	3.55e-01	5.18e-01	1.06e-01	4.03e-03	0.00e+00	0.00e+00	8.96e-09	4.69e-09	1.52e-09
 4.34325e+15	1.90e-08	4.24e-05	1.96e-02	3.71e-01	5.09e-01	9.75e-02	3.48e-03	0.00e+00	0.00e+00	1.11e-08	5.79e-09	1.87e-09
 4.44103e+15	2.33e-08	4.94e-05	2.19e-02	3.86e-01	4.99e-01	9.02e-02	3.01e-03	0.00e+00	0.00e+00	1.35e-08	7.09e-09	2.30e-09
 4.55302e+15	2.96e-08	5.93e-05	2.48e-02	4.03e-01	4.87e-01	8.21e-02	2.54e-03	0.00e+00	0.00e+00	1.72e-08	9.04e-09	2.93e-09
 4.67496e+15	3.76e-08	7.11e-05	2.82e-02	4.22e-01	4.74e-01	7.43e-02	2.12e-03	0.00e+00	0.00e+00	2.19e-08	1.15e-08	3.72e-09
 4.78598e+15	4.63e-08	8.35e-05	3.17e-02	4.38e-01	4.61e-01	6.77e-02	1.81e-03	0.00e+00	0.00e+00	2.70e-08	1.41e-08	4.59e-09
 4.88869e+15	5.65e-08	9.70e-05	3.53e-02	4.53e-01	4.48e-01	6.20e-02	1.55e-03	0.00e+00	0.00e+00	3.29e-08	1.72e-08	5.59e-09
 5.00443e+15	7.16e-08	1.16e-04	3.99e-02	4.69e-01	4.34e-01	5.59e-02	1.29e-03	0.00e+00	0.00e+00	4.17e-08	2.19e-08	7.10e-09
 5.13102e+15	9.07e-08	1.39e-04	4.53e-02	4.86e-01	4.17e-01	5.00e-02	1.07e-03	0.00e+00	0.00e+00	5.28e-08	2.77e-08	9.00e-09
 5.24689e+15	1.11e-07	1.63e-04	5.08e-02	5.01e-01	4.02e-01	4.51e-02	8.99e-04	0.00e+00	0.00e+00	6.49e-08	3.40e-08	1.11e-08
 5.35472e+15	1.36e-07	1.90e-04	5.67e-02	5.15e-01	3.87e-01	4.08e-02	7.60e-04	0.00e+00	0.00e+00	7.94e-08	4.17e-08	1.36e-08
 5.47695e+15	1.75e-07	2.29e-04	6.43e-02	5.29e-01	3.70e-01	3.62e-02	6.24e-04	0.00e+00	0.00e+00	1.02e-07	5.35e-08	1.74e-08
 5.60745e+15	2.22e-07	2.74e-04	7.32e-02	5.43e-01	3.51e-01	3.19e-02	5.07e-04	0.00e+00	0.00e+00	1.29e-07	6.79e-08	2.21e-08
 5.72250e+15	2.75e-07	3.23e-04	8.21e-02	5.54e-01	3.34e-01	2.84e-02	4.22e-04	0.00e+00	0.00e+00	1.60e-07	8.41e-08	2.74e-08
 5.82963e+15	3.38e-07	3.78e-04	9.15e-02	5.64e-01	3.19e-01	2.54e-02	3.53e-04	0.00e+00	0.00e+00	1.97e-07	1.03e-07	3.38e-08
 5.93562e+15	4.12e-07	4.40e-04	1.02e-01	5.72e-01	3.03e-01	2.27e-02	2.95e-04	0.00e+00	0.00e+00	2.40e-07	1.26e-07	4.11e-08
 6.04000e+15	5.07e-07	5.14e-04	1.13e-01	5.79e-01	2.87e-01	2.02e-02	2.46e-04	0.00e+00	0.00e+00	2.95e-07	1.55e-07	5.06e-08
 6.14160e+15	6.22e-07	6.01e-04	1.26e-01	5.84e-01	2.71e-01	1.79e-02	2.05e-04	0.00e+00	0.00e+00	3.62e-07	1.90e-07	6.22e-08
 6.23962e+15	7.68e-07	7.03e-04	1.40e-01	5.88e-01	2.56e-01	1.59e-02	1.70e-04	0.00e+00	0.00e+00	4.47e-07	2.35e-07	7.69e-08
 6.33398e+15	9.27e-07	8.12e-04	1.55e-01	5.89e-01	2.41e-01	1.41e-02	1.43e-04	0.00e+00	0.00e+00	5.39e-07	2.84e-07	9.28e-08
 6.41702e+15	1.10e-06	9.27e-04	1.69e-01	5.90e-01	2.28e-01	1.27e-02	1.21e-04	0.00e+00	0.00e+00	6.42e-07	3.38e-07	1.11e-07
 6.48664e+15	1.29e-06	1.04e-03	1.82e-01	5.88e-01	2.16e-01	1.15e-02	1.05e-04	0.00e+00	0.00e+00	7.49e-07	3.94e-07	1.29e-07
 6.56170e+15	1.49e-06	1.17e-03	1.98e-01	5.86e-01	2.04e-01	1.03e-02	8.99e-05	0.00e+00	0.00e+00	8.69e-07	4.57e-07	1.50e-07
 6.65928e+15	1.87e-06	1.38e-03	2.22e-01	5.80e-01	1.88e-01	8.89e-03	7.22e-05	0.00e+00	0.00e+00	1.09e-06	5.73e-07	1.88e-07
 6.75117e+15	2.32e-06	1.62e-03	2.46e-01	5.72e-01	1.72e-01	7.66e-03	5.84e-05	0.00e+00	0.00e+00	1.35e-06	7.11e-07	2.33e-07
 6.81371e+15	2.83e-06	1.87e-03	2.66e-01	5.64e-01	1.62e-01	6.84e-03	4.94e-05	0.00e+00	0.00e+00	1.65e-06	8.68e-07	2.85e-07
 6.86092e+15	3.19e-06	2.04e-03	2.81e-01	5.57e-01	1.54e-01	6.27e-03	4.37e-05	0.00e+00	0.00e+00	1.86e-06	9.79e-07	3.21e-07
 6.91016e+15	3.66e-06	2.25e-03	2.98e-01	5.49e-01	1.45e-01	5.69e-03	3.81e-05	0.00e+00	0.00e+00	2.13e-06	1.12e-06	3.68e-07
 6.97417e+15	4.19e-06	2.50e-03	3.22e-01	5.37e-01	1.34e-01	5.01e-03	3.21e-05	0.00e+00	0.00e+00	2.44e-06	1.29e-06	4.22e-07
 7.05739e+15	5.52e-06	3.04e-03	3.57e-01	5.16e-01	1.19e-01	4.14e-03	2.45e-05	0.00e+00	0.00e+00	3.21e-06	1.69e-06	5.56e-07
 7.13091e+15	6.50e-06	3.44e-03	3.89e-01	4.97e-01	1.07e-01	3.51e-03	1.97e-05	0.00e+00	0.00e+00	3.78e-06	1.99e-06	6.55e-07
 7.18154e+15	7.95e-06	3.95e-03	4.15e-01	4.79e-01	9.82e-02	3.05e-03	1.62e-05	0.00e+00	0.00e+00	4.62e-06	2.44e-06	8.02e-07
 7.22579e+15	8.76e-06	4.25e-03	4.37e-01	4.65e-01	9.10e-02	2.72e-03	1.40e-05	0.00e+00	0.00e+00	5.10e-06	2.69e-06	8.84e-07
 7.27204e+15	1.02e-05	4.72e-03	4.63e-01	4.47e-01	8.30e-02	2.37e-03	1.16e-05	0.00e+00	0.00e+00	5.91e-06	3.12e-06	1.03e-06
 7.33217e+15	1.28e-05	5.53e-03	4.99e-01	4.21e-01	7.28e-02	1.94e-03	8.85e-06	0.00e+00	0.00e+00	7.46e-06	3.93e-06	1.30e-06
 7.39013e+15	1.49e-05	6.15e-03	5.32e-01	3.96e-01	6.40e-02	1.61e-03	6.96e-06	0.00e+00	0.00e+00	8.65e-06	4.57e-06	1.50e-06
 7.44528e+15	1.80e-05	7.01e-03	5.67e-01	3.69e-01	5.54e-02	1.30e-03	5.29e-06	0.00e+00	0.00e+00	1.05e-05	5.54e-06	1.83e-06
 7.50234e+15	2.20e-05	8.00e-03	6.04e-01	3.40e-01	4.73e-02	1.04e-03	3.93e-06	0.00e+00	0.00e+00	1.28e-05	6.74e-06	2.22e-06
 7.54932e+15	2.71e-05	9.17e-03	6.36e-01	3.13e-01	4.08e-02	8.35e-04	2.95e-06	0.00e+00	0.00e+00	1.58e-05	8.32e-06	2.75e-06
 7.58771e+15	3.00e-05	9.82e-03	6.59e-01	2.94e-01	3.62e-02	7.07e-04	2.40e-06	0.00e+00	0.00e+00	1.75e-05	9.21e-06	3.04e-06
 7.62749e+15	3.59e-05	1.10e-02	6.87e-01	2.70e-01	3.12e-02	5.72e-04	1.82e-06	0.00e+00	0.00e+00	2.09e-05	1.10e-05	3.64e-06
 7.67212e+15	4.10e-05	1.20e-02	7.14e-01	2.47e-01	2.65e-02	4.56e-04	1.37e-06	0.00e+00	0.00e+00	2.38e-05	1.26e-05	4.17e-06
 7.72306e+15	5.14e-05	1.38e-02	7.46e-01	2.18e-01	2.14e-02	3.36e-04	9.25e-07	0.00e+00	0.00e+00	2.99e-05	1.58e-05	5.23e-06
 7.77410e+15	6.20e-05	1.55e-02	7.75e-01	1.92e-01	1.72e-02	2.48e-04	0.00e+00	0.00e+00	0.00e+00	3.60e-05	1.90e-05	6.31e-06
 7.80963e+15	7.04e-05	1.68e-02	7.93e-01	1.75e-01	1.47e-02	2.00e-04	0.00e+00	0.00e+00	0.00e+00	4.09e-05	2.16e-05	7.17e-06
 7.83520e+15	7.73e-05	1.77e-02	8.06e-01	1.63e-01	1.30e-02	1.69e-04	0.00e+00	0.00e+00	0.00e+00	4.50e-05	2.38e-05	7.88e-06
 7.86346e+15	8.63e-05	1.89e-02	8.20e-01	1.50e-01	1.13e-02	1.39e-04	0.00e+00	0.00e+00	0.00e+00	5.02e-05	2.65e-05	8.80e-06
 7.90019e+15	9.94e-05	2.06e-02	8.36e-01	1.34e-01	9.32e-03	1.06e-04	0.00e+00	0.00e+00	0.00e+00	5.78e-05	3.06e-05	1.01e-05
 7.93853e+15	1.15e-04	2.24e-02	8.51e-01	1.19e-01	7.63e-03	8.05e-05	0.00e+00	0.00e+00	0.00e+00	6.67e-05	3.52e-05	1.17e-05
 7.97121e+15	1.29e-04	2.40e-02	8.63e-01	1.07e-01	6.41e-03	6.32e-05	0.00e+00	0.00e+00	0.00e+00	7.51e-05	3.97e-05	1.32e-05
 8.00592e+15	1.47e-04	2.58e-02	8.74e-01	9.49e-02	5.25e-03	4.79e-05	0.00e+00	0.00e+00	0.00e+00	8.56e-05	4.53e-05	1.51e-05
 8.04459e+15	1.70e-04	2.80e-02	8.84e-01	8.32e-02	4.22e-03	3.54e-05	0.00e+00	0.00e+00	0.00e+00	9.86e-05	5.21e-05	1.74e-05
 8.08043e+15	1.93e-04	3.01e-02	8.93e-01	7.35e-02	3.42e-03	2.65e-05	0.00e+00	0.00e+00	0.00e+00	1.12e-04	5.94e-05	1.98e-05
 8.11378e+15	2.18e-04	3.22e-02	8.99e-01	6.53e-02	2.81e-03	2.02e-05	0.00e+00	0.00e+00	0.00e+00	1.27e-04	6.70e-05	2.23e-05
 8.15189e+15	2.50e-04	3.47e-02	9.06e-01	5.68e-02	2.23e-03	1.45e-05	0.00e+00	0.00e+00	0.00e+00	1.46e-04	7.70e-05	2.57e-05
 8.19315e+15	2.89e-04	3.76e-02	9.11e-01	4.90e-02	1.74e-03	1.03e-05	0.00e+00	0.00e+00	0.00e+00	1.68e-04	8.90e-05	2.97e-05
 8.22981e+15	3.30e-04	4.03e-02	9.15e-01	4.29e-02	1.40e-03	7.56e-06	0.00e+00	0.00e+00	0.00e+00	1.92e-04	1.01e-04	3.39e-05
 8.26359e+15	3.71e-04	4.30e-02	9.18e-01	3.80e-02	1.14e-03	5.65e-06	0.00e+00	0.00e+00	0.00e+00	2.16e-04	1.14e-04	3.81e-05
 8.30228e+15	4.26e-04	4.63e-02	9.20e-01	3.28e-02	8.89e-04	4.01e-06	0.00e+00	0.00e+00	0.00e+00	2.48e-04	1.31e-04	4.38e-05
 8.34465e+15	4.92e-04	5.01e-02	9.21e-01	2.81e-02	6.88e-04	2.79e-06	0.00e+00	0.00e+00	0.00e+00	2.86e-04	1.51e-04	5.06e-05
 8.38282e+15	5.63e-04	5.39e-02	9.21e-01	2.45e-02	5.46e-04	2.00e-06	0.00e+00	0.00e+00	0.00e+00	3.28e-04	1.73e-04	5.80e-05
 8.41772e+15	6.35e-04	5.75e-02	9.20e-01	2.16e-02	4.42e-04	1.48e-06	0.00e+00	0.00e+00	0.00e+00	3.69e-04	1.95e-04	6.54e-05
 8.45730e+15	7.30e-04	6.20e-02	9.18e-01	1.86e-02	3.44e-04	1.04e-06	0.00e+00	0.00e+00	0.00e+00	4.25e-04	2.25e-04	7.52e-05
 8.50057e+15	8.48e-04	6.72e-02	9.16e-01	1.59e-02	2.65e-04	7.13e-07	0.00e+00	0.00e+00	0.00e+00	4.94e-04	2.61e-04	8.74e-05
 8.53932e+15	9.74e-04	7.24e-02	9.13e-01	1.38e-02	2.10e-04	0.00e+00	0.00e+00	0.00e+00	0.00e+00	5.67e-04	3.00e-04	1.00e-04
 8.57437e+15	1.10e-03	7.73e-02	9.09e-01	1.22e-02	1.71e-04	0.00e+00	0.00e+00	0.00e+00	0.00e+00	6.41e-04	3.39e-04	1.14e-04
 8.61390e+15	1.27e-03	8.34e-02	9.05e-01	1.05e-02	1.33e-04	0.00e+00	0.00e+00	0.00e+00	0.00e+00	7.39e-04	3.91e-04	1.31e-04
 8.65719e+15	1.48e-03	9.07e-02	8.99e-01	8.98e-03	1.03e-04	0.00e+00	0.00e+00	0.00e+00	0.00e+00	8.62e-04	4.56e-04	1.53e-04
 8.69593e+15	1.71e-03	9.80e-02	8.92e-01	7.79e-03	8.21e-05	0.00e+00	0.00e+00	0.00e+00	0.00e+00	9.95e-04	5.26e-04	1.77e-04
 8.73058e+15	1.94e-03	1.05e-01	8.86e-01	6.87e-03	6.68e-05	0.00e+00	0.00e+00	0.00e+00	0.00e+00	1.13e-03	5.98e-04	2.01e-04
 8.76939e+15	2.25e-03	1.14e-01	8.78e-01	5.93e-03	5.26e-05	0.00e+00	0.00e+00	0.00e+00	0.00e+00	1.31e-03	6.92e-04	2.32e-04
 8.81207e+15	2.64e-03	1.24e-01	8.68e-01	5.07e-03	4.09e-05	0.00e+00	0.00e+00	0.00e+00	0.00e+00	1.54e-03	8.13e-04	2.73e-04
 8.85075e+15	3.08e-03	1.35e-01	8.58e-01	4.38e-03	3.25e-05	0.00e+00	0.00e+00	0.00e+00	0.00e+00	1.79e-03	9.47e-04	3.18e-04
 8.88516e+15	3.53e-03	1.45e-01	8.48e-01	3.85e-03	2.64e-05	0.00e+00	0.00e+00	0.00e+00	0.00e+00	2.05e-03	1.08e-03	3.64e-04
