#depth	He	He+	He+2
 1.49634e+10	7.58e-21	1.14e-10	1.00e+00
 4.54887e+10	8.90e-21	1.25e-10	1.00e+00
 7.72350e+10	1.03e-20	1.36e-10	1.00e+00
 1.10251e+11	1.20e-20	1.49e-10	1.00e+00
 1.41802e+11	1.38e-20	1.61e-10	1.00e+00
 1.70780e+11	1.57e-20	1.74e-10	1.00e+00
 2.03573e+11	1.79e-20	1.88e-10	1.00e+00
 2.41514e+11	2.08e-20	2.06e-10	1.00e+00
 2.78839e+11	2.40e-20	2.24e-10	1.00e+00
 3.14573e+11	2.74e-20	2.42e-10	1.00e+00
 3.54000e+11	3.14e-20	2.64e-10	1.00e+00
 3.98086e+11	3.66e-20	2.89e-10	1.00e+00
 4.42422e+11	4.23e-20	3.16e-10	1.00e+00
 4.88530e+11	4.88e-20	3.46e-10	1.00e+00
 5.37998e+11	5.66e-20	3.80e-10	1.00e+00
 5.87083e+11	6.52e-20	4.16e-10	1.00e+00
 6.38132e+11	7.49e-20	4.55e-10	1.00e+00
 6.93584e+11	8.67e-20	5.00e-10	1.00e+00
 7.51254e+11	1.00e-19	5.50e-10	1.00e+00
 8.11231e+11	1.15e-19	6.06e-10	1.00e+00
 8.73607e+11	1.33e-19	6.67e-10	1.00e+00
 9.38478e+11	1.53e-19	7.35e-10	1.00e+00
 9.97285e+11	1.73e-19	8.01e-10	1.00e+00
 1.04651e+12	1.91e-19	8.58e-10	1.00e+00
 1.10052e+12	2.11e-19	9.23e-10	1.00e+00
 1.16864e+12	2.39e-19	1.01e-09	1.00e+00
 1.23954e+12	2.72e-19	1.11e-09	1.00e+00
 1.30031e+12	3.01e-19	1.19e-09	1.00e+00
 1.36346e+12	3.33e-19	1.29e-09	1.00e+00
 1.44210e+12	3.77e-19	1.41e-09	1.00e+00
 1.52175e+12	4.27e-19	1.54e-09	1.00e+00
 1.59115e+12	4.73e-19	1.66e-09	1.00e+00
 1.66637e+12	5.26e-19	1.80e-09	1.00e+00
 1.75803e+12	5.97e-19	1.98e-09	1.00e+00
 1.85134e+12	6.76e-19	2.16e-09	1.00e+00
 1.93690e+12	7.54e-19	2.34e-09	1.00e+00
 2.03210e+12	8.48e-19	2.55e-09	1.00e+00
 2.14260e+12	9.69e-19	2.81e-09	1.00e+00
 2.25169e+12	1.10e-18	3.08e-09	1.00e+00
 2.35611e+12	1.24e-18	3.34e-09	1.00e+00
 2.47124e+12	1.41e-18	3.65e-09	1.00e+00
 2.60002e+12	1.62e-18	4.01e-09	1.00e+00
 2.71704e+12	1.84e-18	4.36e-09	1.00e+00
 2.81545e+12	2.04e-18	4.65e-09	1.00e+00
 2.92363e+12	2.28e-18	5.00e-09	1.00e+00
 3.04575e+12	2.57e-18	5.40e-09	1.00e+00
 3.16266e+12	2.88e-18	5.80e-09	1.00e+00
 3.29134e+12	3.26e-18	6.25e-09	1.00e+00
 3.43426e+12	3.73e-18	6.78e-09	1.00e+00
 3.56818e+12	4.21e-18	7.29e-09	1.00e+00
 3.71475e+12	4.80e-18	7.88e-09	1.00e+00
 3.87959e+12	5.53e-18	8.56e-09	1.00e+00
 4.03704e+12	6.32e-18	9.24e-09	1.00e+00
 4.20972e+12	7.28e-18	1.00e-08	1.00e+00
 4.39276e+12	8.42e-18	1.09e-08	1.00e+00
 4.55289e+12	9.54e-18	1.17e-08	1.00e+00
 4.72382e+12	1.08e-17	1.25e-08	1.00e+00
 4.93180e+12	1.26e-17	1.36e-08	1.00e+00
 5.13896e+12	1.46e-17	1.48e-08	1.00e+00
 5.32169e+12	1.66e-17	1.58e-08	1.00e+00
 5.52168e+12	1.89e-17	1.70e-08	1.00e+00
 5.76238e+12	2.21e-17	1.85e-08	1.00e+00
 6.00323e+12	2.57e-17	2.00e-08	1.00e+00
 6.22225e+12	2.94e-17	2.15e-08	1.00e+00
 6.46562e+12	3.38e-17	2.31e-08	1.00e+00
 6.75021e+12	3.98e-17	2.52e-08	1.00e+00
 7.03111e+12	4.63e-17	2.73e-08	1.00e+00
 7.29647e+12	5.33e-17	2.94e-08	1.00e+00
 7.59148e+12	6.19e-17	3.18e-08	1.00e+00
 7.92507e+12	7.29e-17	3.46e-08	1.00e+00
 8.26014e+12	8.54e-17	3.75e-08	1.00e+00
 8.60862e+12	9.99e-17	4.07e-08	1.00e+00
 8.98289e+12	1.18e-16	4.43e-08	1.00e+00
 9.37213e+12	1.39e-16	4.81e-08	1.00e+00
 9.75521e+12	1.62e-16	5.21e-08	1.00e+00
 1.01115e+13	1.86e-16	5.59e-08	1.00e+00
 1.04330e+13	2.09e-16	5.95e-08	1.00e+00
 1.07778e+13	2.37e-16	6.34e-08	1.00e+00
 1.12071e+13	2.76e-16	6.85e-08	1.00e+00
 1.16375e+13	3.20e-16	7.37e-08	1.00e+00
 1.20075e+13	3.61e-16	7.84e-08	1.00e+00
 1.24077e+13	4.09e-16	8.36e-08	1.00e+00
 1.29016e+13	4.76e-16	9.03e-08	1.00e+00
 1.33953e+13	5.51e-16	9.72e-08	1.00e+00
 1.38217e+13	6.22e-16	1.03e-07	1.00e+00
 1.42823e+13	7.06e-16	1.10e-07	1.00e+00
 1.48485e+13	8.21e-16	1.19e-07	1.00e+00
 1.54199e+13	9.51e-16	1.28e-07	1.00e+00
 1.59262e+13	1.08e-15	1.36e-07	1.00e+00
 1.64798e+13	1.23e-15	1.46e-07	1.00e+00
 1.71435e+13	1.43e-15	1.57e-07	1.00e+00
 1.78049e+13	1.66e-15	1.70e-07	1.00e+00
 1.84075e+13	1.89e-15	1.81e-07	1.00e+00
 1.90793e+13	2.17e-15	1.94e-07	1.00e+00
 1.98631e+13	2.53e-15	2.10e-07	1.00e+00
 2.06355e+13	2.94e-15	2.26e-07	1.00e+00
 2.13668e+13	3.36e-15	2.42e-07	1.00e+00
 2.21794e+13	3.88e-15	2.60e-07	1.00e+00
 2.30965e+13	4.54e-15	2.82e-07	1.00e+00
 2.40181e+13	5.29e-15	3.04e-07	1.00e+00
 2.49766e+13	6.16e-15	3.28e-07	1.00e+00
 2.60056e+13	7.20e-15	3.55e-07	1.00e+00
 2.70022e+13	8.34e-15	3.83e-07	1.00e+00
 2.79400e+13	9.52e-15	4.09e-07	1.00e+00
 2.89887e+13	1.10e-14	4.40e-07	1.00e+00
 3.00456e+13	1.26e-14	4.72e-07	1.00e+00
 3.09237e+13	1.41e-14	5.00e-07	1.00e+00
 3.18536e+13	1.59e-14	5.30e-07	1.00e+00
 3.30418e+13	1.83e-14	5.70e-07	1.00e+00
 3.42878e+13	2.12e-14	6.14e-07	1.00e+00
 3.53909e+13	2.40e-14	6.54e-07	1.00e+00
 3.65861e+13	2.74e-14	6.99e-07	1.00e+00
 3.80218e+13	3.18e-14	7.55e-07	1.00e+00
 3.94755e+13	3.69e-14	8.14e-07	1.00e+00
 4.08383e+13	4.22e-14	8.71e-07	1.00e+00
 4.21534e+13	4.78e-14	9.29e-07	1.00e+00
 4.36388e+13	5.49e-14	9.97e-07	1.00e+00
 4.52775e+13	6.35e-14	1.07e-06	1.00e+00
 4.67895e+13	7.23e-14	1.15e-06	1.00e+00
 4.84291e+13	8.29e-14	1.23e-06	1.00e+00
 5.02598e+13	9.60e-14	1.33e-06	1.00e+00
 5.19800e+13	1.10e-13	1.42e-06	1.00e+00
 5.38577e+13	1.26e-13	1.53e-06	1.00e+00
 5.59436e+13	1.47e-13	1.65e-06	1.00e+00
 5.78929e+13	1.68e-13	1.77e-06	1.00e+00
 6.00088e+13	1.94e-13	1.91e-06	1.00e+00
 6.23728e+13	2.26e-13	2.07e-06	1.00e+00
 6.46217e+13	2.59e-13	2.22e-06	1.00e+00
 6.70269e+13	3.00e-13	2.40e-06	1.00e+00
 6.97379e+13	3.50e-13	2.60e-06	1.00e+00
 7.24115e+13	4.06e-13	2.81e-06	1.00e+00
 7.51920e+13	4.70e-13	3.03e-06	1.00e+00
 7.80431e+13	5.43e-13	3.27e-06	1.00e+00
 8.06857e+13	6.18e-13	3.50e-06	1.00e+00
 8.36207e+13	7.10e-13	3.77e-06	1.00e+00
 8.68439e+13	8.21e-13	4.07e-06	1.00e+00
 8.98259e+13	9.35e-13	4.36e-06	1.00e+00
 9.24439e+13	1.04e-12	4.62e-06	1.00e+00
 9.52151e+13	1.17e-12	4.90e-06	1.00e+00
 9.87320e+13	1.34e-12	5.28e-06	1.00e+00
 1.02296e+14	1.53e-12	5.68e-06	1.00e+00
 1.05308e+14	1.71e-12	6.02e-06	1.00e+00
 1.08524e+14	1.92e-12	6.40e-06	1.00e+00
 1.12563e+14	2.20e-12	6.89e-06	1.00e+00
 1.16736e+14	2.52e-12	7.42e-06	1.00e+00
 1.20415e+14	2.83e-12	7.90e-06	1.00e+00
 1.24387e+14	3.20e-12	8.44e-06	1.00e+00
 1.29180e+14	3.68e-12	9.11e-06	1.00e+00
 1.33931e+14	4.21e-12	9.80e-06	1.00e+00
 1.38154e+14	4.72e-12	1.04e-05	1.00e+00
 1.42796e+14	5.33e-12	1.12e-05	1.00e+00
 1.48343e+14	6.14e-12	1.21e-05	1.00e+00
 1.53853e+14	7.03e-12	1.30e-05	1.00e+00
 1.58866e+14	7.91e-12	1.39e-05	1.00e+00
 1.64449e+14	8.99e-12	1.49e-05	1.00e+00
 1.70972e+14	1.04e-11	1.61e-05	1.00e+00
 1.77388e+14	1.19e-11	1.74e-05	1.00e+00
 1.83416e+14	1.35e-11	1.87e-05	1.00e+00
 1.90137e+14	1.54e-11	2.01e-05	1.00e+00
 1.97772e+14	1.79e-11	2.18e-05	1.00e+00
 2.05388e+14	2.06e-11	2.36e-05	1.00e+00
 2.12728e+14	2.35e-11	2.54e-05	1.00e+00
 2.19101e+14	2.63e-11	2.71e-05	1.00e+00
 2.24434e+14	2.88e-11	2.85e-05	1.00e+00
 2.30359e+14	3.19e-11	3.01e-05	1.00e+00
 2.38062e+14	3.62e-11	3.23e-05	1.00e+00
 2.46180e+14	4.12e-11	3.47e-05	1.00e+00
 2.53184e+14	4.59e-11	3.68e-05	1.00e+00
 2.60633e+14	5.15e-11	3.92e-05	1.00e+00
 2.70156e+14	5.93e-11	4.24e-05	1.00e+00
 2.79954e+14	6.83e-11	4.58e-05	1.00e+00
 2.88341e+14	7.69e-11	4.88e-05	1.00e+00
 2.97312e+14	8.70e-11	5.23e-05	1.00e+00
 3.08445e+14	1.01e-10	5.67e-05	1.00e+00
 3.19869e+14	1.17e-10	6.14e-05	1.00e+00
 3.30044e+14	1.33e-10	6.59e-05	1.00e+00
 3.41115e+14	1.53e-10	7.09e-05	1.00e+00
 3.54335e+14	1.79e-10	7.72e-05	1.00e+00
 3.67371e+14	2.08e-10	8.37e-05	1.00e+00
 3.79096e+14	2.38e-10	8.99e-05	1.00e+00
 3.92096e+14	2.74e-10	9.69e-05	1.00e+00
 4.07447e+14	3.22e-10	1.06e-04	1.00e+00
 4.22614e+14	3.77e-10	1.15e-04	1.00e+00
 4.36629e+14	4.33e-10	1.24e-04	1.00e+00
 4.52363e+14	5.04e-10	1.34e-04	1.00e+00
 4.70488e+14	5.96e-10	1.46e-04	1.00e+00
 4.88223e+14	6.99e-10	1.59e-04	1.00e+00
 5.06668e+14	8.21e-10	1.73e-04	1.00e+00
 5.26965e+14	9.73e-10	1.89e-04	1.00e+00
 5.44129e+14	1.12e-09	2.03e-04	1.00e+00
 5.56668e+14	1.23e-09	2.14e-04	1.00e+00
 5.69826e+14	1.36e-09	2.25e-04	1.00e+00
 5.86932e+14	1.55e-09	2.41e-04	1.00e+00
 6.05803e+14	1.78e-09	2.59e-04	1.00e+00
 6.23267e+14	2.01e-09	2.76e-04	1.00e+00
 6.42272e+14	2.30e-09	2.95e-04	1.00e+00
 6.63631e+14	2.65e-09	3.18e-04	1.00e+00
 6.83960e+14	3.01e-09	3.40e-04	1.00e+00
 7.06297e+14	3.47e-09	3.65e-04	1.00e+00
 7.31278e+14	4.03e-09	3.94e-04	1.00e+00
 7.55012e+14	4.63e-09	4.24e-04	1.00e+00
 7.81179e+14	5.37e-09	4.57e-04	1.00e+00
 8.10520e+14	6.30e-09	4.96e-04	1.00e+00
 8.38234e+14	7.28e-09	5.34e-04	9.99e-01
 8.68441e+14	8.49e-09	5.77e-04	9.99e-01
 9.01993e+14	1.00e-08	6.27e-04	9.99e-01
 9.33348e+14	1.16e-08	6.76e-04	9.99e-01
 9.67172e+14	1.35e-08	7.31e-04	9.99e-01
 1.00505e+15	1.59e-08	7.95e-04	9.99e-01
 1.04150e+15	1.86e-08	8.59e-04	9.99e-01
 1.08025e+15	2.17e-08	9.30e-04	9.99e-01
 1.12349e+15	2.57e-08	1.01e-03	9.99e-01
 1.15981e+15	2.94e-08	1.08e-03	9.99e-01
 1.18595e+15	3.23e-08	1.14e-03	9.99e-01
 1.21322e+15	3.56e-08	1.19e-03	9.99e-01
 1.24867e+15	4.03e-08	1.27e-03	9.99e-01
 1.28814e+15	4.60e-08	1.36e-03	9.99e-01
 1.32502e+15	5.18e-08	1.44e-03	9.99e-01
 1.36515e+15	5.88e-08	1.54e-03	9.98e-01
 1.41006e+15	6.74e-08	1.65e-03	9.98e-01
 1.45240e+15	7.62e-08	1.75e-03	9.98e-01
 1.49861e+15	8.70e-08	1.88e-03	9.98e-01
 1.55048e+15	1.00e-07	2.02e-03	9.98e-01
 1.59981e+15	1.14e-07	2.15e-03	9.98e-01
 1.65405e+15	1.32e-07	2.31e-03	9.98e-01
 1.71438e+15	1.53e-07	2.49e-03	9.98e-01
 1.77041e+15	1.74e-07	2.66e-03	9.97e-01
 1.83104e+15	2.00e-07	2.86e-03	9.97e-01
 1.89872e+15	2.33e-07	3.09e-03	9.97e-01
 1.96203e+15	2.66e-07	3.30e-03	9.97e-01
 2.03079e+15	3.07e-07	3.55e-03	9.96e-01
 2.10397e+15	3.55e-07	3.82e-03	9.96e-01
 2.16805e+15	4.02e-07	4.07e-03	9.96e-01
 2.22302e+15	4.46e-07	4.28e-03	9.96e-01
 2.28104e+15	4.96e-07	4.52e-03	9.95e-01
 2.34653e+15	5.58e-07	4.79e-03	9.95e-01
 2.40925e+15	6.22e-07	5.06e-03	9.95e-01
 2.47834e+15	7.00e-07	5.37e-03	9.95e-01
 2.55364e+15	7.92e-07	5.72e-03	9.94e-01
 2.62262e+15	8.83e-07	6.04e-03	9.94e-01
 2.69792e+15	9.94e-07	6.41e-03	9.94e-01
 2.78171e+15	1.13e-06	6.84e-03	9.93e-01
 2.86113e+15	1.26e-06	7.25e-03	9.93e-01
 2.94895e+15	1.44e-06	7.73e-03	9.92e-01
 3.04475e+15	1.64e-06	8.27e-03	9.92e-01
 3.13124e+15	1.83e-06	8.76e-03	9.91e-01
 3.22402e+15	2.08e-06	9.34e-03	9.91e-01
 3.32696e+15	2.36e-06	9.98e-03	9.90e-01
 3.42351e+15	2.66e-06	1.06e-02	9.89e-01
 3.52947e+15	3.03e-06	1.13e-02	9.89e-01
 3.64495e+15	3.45e-06	1.22e-02	9.88e-01
 3.75026e+15	3.88e-06	1.29e-02	9.87e-01
 3.84522e+15	4.31e-06	1.37e-02	9.86e-01
 3.93289e+15	4.73e-06	1.44e-02	9.86e-01
 4.03043e+15	5.27e-06	1.53e-02	9.85e-01
 4.14024e+15	5.91e-06	1.62e-02	9.84e-01
 4.24453e+15	6.56e-06	1.72e-02	9.83e-01
 4.34325e+15	7.25e-06	1.82e-02	9.82e-01
 4.44103e+15	7.99e-06	1.92e-02	9.81e-01
 4.55302e+15	8.97e-06	2.05e-02	9.79e-01
 4.67496e+15	1.01e-05	2.20e-02	9.78e-01
 4.78598e+15	1.12e-05	2.34e-02	9.77e-01
 4.88869e+15	1.23e-05	2.48e-02	9.75e-01
 5.00443e+15	1.39e-05	2.66e-02	9.73e-01
 5.13102e+15	1.57e-05	2.87e-02	9.71e-01
 5.24689e+15	1.75e-05	3.07e-02	9.69e-01
 5.35472e+15	1.94e-05	3.28e-02	9.67e-01
 5.47695e+15	2.21e-05	3.55e-02	9.64e-01
 5.60745e+15	2.51e-05	3.87e-02	9.61e-01
 5.72250e+15	2.82e-05	4.18e-02	9.58e-01
 5.82963e+15	3.16e-05	4.50e-02	9.55e-01
 5.93562e+15	3.53e-05	4.86e-02	9.51e-01
 6.04000e+15	3.97e-05	5.26e-02	9.47e-01
 6.14160e+15	4.46e-05	5.70e-02	9.43e-01
 6.23962e+15	5.03e-05	6.18e-02	9.38e-01
 6.33398e+15	5.63e-05	6.70e-02	9.33e-01
 6.41702e+15	6.25e-05	7.22e-02	9.28e-01
 6.48664e+15	6.84e-05	7.70e-02	9.23e-01
 6.56170e+15	7.56e-05	8.30e-02	9.17e-01
 6.65928e+15	8.70e-05	9.18e-02	9.08e-01
 6.75117e+15	9.96e-05	1.01e-01	8.99e-01
 6.81371e+15	1.11e-04	1.09e-01	8.91e-01
 6.86092e+15	1.19e-04	1.15e-01	8.85e-01
 6.91016e+15	1.30e-04	1.22e-01	8.78e-01
 6.97417e+15	1.44e-04	1.32e-01	8.68e-01
 7.05739e+15	1.69e-04	1.47e-01	8.52e-01
 7.13091e+15	1.92e-04	1.63e-01	8.37e-01
 7.18154e+15	2.14e-04	1.75e-01	8.25e-01
 7.22579e+15	2.32e-04	1.87e-01	8.13e-01
 7.27204e+15	2.57e-04	2.01e-01	7.99e-01
 7.33217e+15	2.95e-04	2.20e-01	7.79e-01
 7.39013e+15	3.32e-04	2.42e-01	7.58e-01
 7.44528e+15	3.78e-04	2.65e-01	7.35e-01
 7.50234e+15	4.31e-04	2.91e-01	7.08e-01
 7.54932e+15	4.85e-04	3.15e-01	6.84e-01
 7.58771e+15	5.28e-04	3.36e-01	6.63e-01
 7.62749e+15	5.86e-04	3.60e-01	6.39e-01
 7.67212e+15	6.50e-04	3.89e-01	6.11e-01
 7.72306e+15	7.42e-04	4.24e-01	5.76e-01
 7.77410e+15	8.36e-04	4.60e-01	5.39e-01
 7.80963e+15	9.03e-04	4.85e-01	5.14e-01
 7.83520e+15	9.58e-04	5.04e-01	4.95e-01
 7.86346e+15	1.02e-03	5.26e-01	4.73e-01
 7.90019e+15	1.11e-03	5.55e-01	4.44e-01
 7.93853e+15	1.21e-03	5.84e-01	4.15e-01
 7.97121e+15	1.29e-03	6.08e-01	3.90e-01
 8.00592e+15	1.39e-03	6.35e-01	3.64e-01
 8.04459e+15	1.50e-03	6.63e-01	3.36e-01
 8.08043e+15	1.61e-03	6.87e-01	3.11e-01
 8.11378e+15	1.71e-03	7.09e-01	2.89e-01
 8.15189e+15	1.83e-03	7.34e-01	2.64e-01
 8.19315e+15	1.96e-03	7.58e-01	2.40e-01
 8.22981e+15	2.07e-03	7.78e-01	2.20e-01
 8.26359e+15	2.19e-03	7.95e-01	2.03e-01
 8.30228e+15	2.32e-03	8.14e-01	1.84e-01
 8.34465e+15	2.46e-03	8.31e-01	1.66e-01
 8.38282e+15	2.60e-03	8.46e-01	1.51e-01
 8.41772e+15	2.72e-03	8.58e-01	1.39e-01
 8.45730e+15	2.88e-03	8.71e-01	1.26e-01
 8.50057e+15	3.05e-03	8.84e-01	1.13e-01
 8.53932e+15	3.21e-03	8.94e-01	1.03e-01
 8.57437e+15	3.35e-03	9.02e-01	9.51e-02
 8.61390e+15	3.53e-03	9.10e-01	8.62e-02
 8.65719e+15	3.74e-03	9.18e-01	7.80e-02
 8.69593e+15	3.94e-03	9.25e-01	7.13e-02
 8.73058e+15	4.12e-03	9.30e-01	6.59e-02
 8.76939e+15	4.35e-03	9.36e-01	6.01e-02
 8.81207e+15	4.61e-03	9.41e-01	5.47e-02
 8.85075e+15	4.87e-03	9.45e-01	5.03e-02
 8.88516e+15	5.12e-03	9.48e-01	4.67e-02
 8.92308e+15	5.41e-03	9.52e-01	4.29e-02
 8.96489e+15	5.77e-03	9.55e-01	3.93e-02
 9.00297e+15	6.14e-03	9.58e-01	3.63e-02
 9.03767e+15	6.51e-03	9.60e-01	3.38e-02
 9.07679e+15	6.97e-03	9.62e-01	3.11e-02
 9.12064e+15	7.55e-03	9.64e-01	2.84e-02
 9.16127e+15	8.14e-03	9.66e-01	2.63e-02
 9.19802e+15	8.78e-03	9.67e-01	2.44e-02
 9.23912e+15	9.59e-03	9.68e-01	2.25e-02
 9.28336e+15	1.06e-02	9.69e-01	2.07e-02
 9.32085e+15	1.16e-02	9.69e-01	1.93e-02
 9.35223e+15	1.26e-02	9.69e-01	1.82e-02
 9.38649e+15	1.38e-02	9.69e-01	1.70e-02
 9.42146e+15	1.53e-02	9.69e-01	1.60e-02
 9.44826e+15	1.67e-02	9.68e-01	1.52e-02
 9.46981e+15	1.79e-02	9.67e-01	1.47e-02
 9.49363e+15	1.95e-02	9.67e-01	1.40e-02
 9.52006e+15	2.14e-02	9.65e-01	1.34e-02
 9.54366e+15	2.35e-02	9.64e-01	1.28e-02
 9.56342e+15	2.55e-02	9.62e-01	1.24e-02
 9.58441e+15	2.80e-02	9.60e-01	1.19e-02
 9.60712e+15	3.10e-02	9.57e-01	1.15e-02
 9.62670e+15	3.42e-02	9.55e-01	1.11e-02
 9.64315e+15	3.72e-02	9.52e-01	1.09e-02
 9.66090e+15	4.09e-02	9.49e-01	1.06e-02
 9.68062e+15	4.56e-02	9.44e-01	1.03e-02
 9.69773e+15	5.07e-02	9.39e-01	1.00e-02
 9.71180e+15	5.53e-02	9.35e-01	9.85e-03
 9.72707e+15	6.11e-02	9.29e-01	9.65e-03
 9.74691e+15	6.96e-02	9.21e-01	9.44e-03
 9.76681e+15	8.02e-02	9.10e-01	9.28e-03
 9.78150e+15	9.00e-02	9.01e-01	9.18e-03
 9.79283e+15	9.81e-02	8.93e-01	9.14e-03
 9.80345e+15	1.07e-01	8.84e-01	9.10e-03
 9.81495e+15	1.17e-01	8.74e-01	9.04e-03
 9.82721e+15	1.30e-01	8.61e-01	9.04e-03
 9.83816e+15	1.42e-01	8.49e-01	9.05e-03
 9.84723e+15	1.54e-01	8.37e-01	9.06e-03
 9.85552e+15	1.66e-01	8.25e-01	9.07e-03
 9.86215e+15	1.76e-01	8.15e-01	9.10e-03
 9.86661e+15	1.83e-01	8.08e-01	9.11e-03
 9.87068e+15	1.90e-01	8.01e-01	9.12e-03
 9.87540e+15	1.98e-01	7.93e-01	9.12e-03
 9.88060e+15	2.07e-01	7.84e-01	9.14e-03
 9.88569e+15	2.17e-01	7.74e-01	9.15e-03
 9.89042e+15	2.26e-01	7.65e-01	9.19e-03
 9.89504e+15	2.36e-01	7.55e-01	9.19e-03
 9.89977e+15	2.46e-01	7.45e-01	9.20e-03
 9.90444e+15	2.57e-01	7.34e-01	9.22e-03
 9.90905e+15	2.67e-01	7.23e-01	9.24e-03
 9.91369e+15	2.79e-01	7.12e-01	9.24e-03
 9.91829e+15	2.91e-01	7.00e-01	9.26e-03
 9.92285e+15	3.03e-01	6.88e-01	9.26e-03
 9.92738e+15	3.15e-01	6.76e-01	9.28e-03
 9.93191e+15	3.28e-01	6.63e-01	9.28e-03
 9.93647e+15	3.41e-01	6.49e-01	9.27e-03
 9.94094e+15	3.55e-01	6.36e-01	9.26e-03
 9.94536e+15	3.68e-01	6.22e-01	9.25e-03
 9.94985e+15	3.83e-01	6.08e-01	9.22e-03
 9.95433e+15	3.97e-01	5.93e-01	9.21e-03
 9.95879e+15	4.13e-01	5.78e-01	9.17e-03
 9.96325e+15	4.27e-01	5.63e-01	9.15e-03
 9.96772e+15	4.43e-01	5.48e-01	9.10e-03
 9.97225e+15	4.59e-01	5.32e-01	9.03e-03
 9.97673e+15	4.75e-01	5.16e-01	8.97e-03
 9.98120e+15	4.92e-01	4.99e-01	8.90e-03
 9.98573e+15	5.08e-01	4.83e-01	8.82e-03
 9.99027e+15	5.25e-01	4.66e-01	8.72e-03
 9.99475e+15	5.41e-01	4.50e-01	8.62e-03
 9.99918e+15	5.58e-01	4.34e-01	8.51e-03
 1.00036e+16	5.74e-01	4.18e-01	8.39e-03
 1.00081e+16	5.90e-01	4.02e-01	8.25e-03
 1.00125e+16	6.06e-01	3.86e-01	8.10e-03
 1.00170e+16	6.22e-01	3.70e-01	7.95e-03
 1.00216e+16	6.38e-01	3.54e-01	7.79e-03
 1.00261e+16	6.53e-01	3.39e-01	7.63e-03
 1.00307e+16	6.68e-01	3.24e-01	7.44e-03
 1.00354e+16	6.83e-01	3.10e-01	7.25e-03
 1.00403e+16	6.98e-01	2.95e-01	7.05e-03
 1.00452e+16	7.12e-01	2.81e-01	6.82e-03
 1.00504e+16	7.27e-01	2.67e-01	6.60e-03
 1.00557e+16	7.40e-01	2.53e-01	6.37e-03
 1.00613e+16	7.54e-01	2.40e-01	6.13e-03
 1.00671e+16	7.67e-01	2.27e-01	5.89e-03
 1.00733e+16	7.79e-01	2.15e-01	5.64e-03
 1.00798e+16	7.91e-01	2.03e-01	5.40e-03
 1.00867e+16	8.03e-01	1.92e-01	5.15e-03
 1.00944e+16	8.14e-01	1.81e-01	4.90e-03
 1.01030e+16	8.24e-01	1.71e-01	4.66e-03
 1.01115e+16	8.33e-01	1.63e-01	4.43e-03
 1.01191e+16	8.39e-01	1.57e-01	4.26e-03
 1.01269e+16	8.45e-01	1.51e-01	4.09e-03
 1.01359e+16	8.51e-01	1.45e-01	3.92e-03
 1.01459e+16	8.56e-01	1.40e-01	3.77e-03
 1.01567e+16	8.60e-01	1.36e-01	3.62e-03
 1.01683e+16	8.65e-01	1.32e-01	3.47e-03
 1.01812e+16	8.68e-01	1.28e-01	3.33e-03
 1.01952e+16	8.72e-01	1.25e-01	3.20e-03
 1.02103e+16	8.75e-01	1.22e-01	3.07e-03
 1.02264e+16	8.78e-01	1.19e-01	2.94e-03
 1.02432e+16	8.81e-01	1.17e-01	2.82e-03
 1.02603e+16	8.83e-01	1.14e-01	2.70e-03
 1.02777e+16	8.86e-01	1.12e-01	2.59e-03
 1.02951e+16	8.88e-01	1.10e-01	2.49e-03
 1.03124e+16	8.90e-01	1.08e-01	2.39e-03
 1.03299e+16	8.92e-01	1.05e-01	2.29e-03
 1.03470e+16	8.94e-01	1.04e-01	2.21e-03
 1.03636e+16	8.96e-01	1.02e-01	2.13e-03
 1.03803e+16	8.98e-01	9.98e-02	2.05e-03
 1.03967e+16	9.00e-01	9.81e-02	1.97e-03
 1.04125e+16	9.02e-01	9.64e-02	1.90e-03
 1.04279e+16	9.03e-01	9.48e-02	1.84e-03
 1.04429e+16	9.05e-01	9.33e-02	1.77e-03
 1.04581e+16	9.07e-01	9.18e-02	1.71e-03
 1.04734e+16	9.08e-01	9.03e-02	1.66e-03
 1.04884e+16	9.10e-01	8.88e-02	1.60e-03
 1.05032e+16	9.11e-01	8.75e-02	1.55e-03
 1.05178e+16	9.12e-01	8.61e-02	1.50e-03
 1.05324e+16	9.14e-01	8.48e-02	1.45e-03
 1.05468e+16	9.15e-01	8.35e-02	1.41e-03
 1.05612e+16	9.16e-01	8.23e-02	1.36e-03
 1.05756e+16	9.18e-01	8.10e-02	1.32e-03
 1.05899e+16	9.19e-01	7.98e-02	1.28e-03
 1.06043e+16	9.20e-01	7.86e-02	1.24e-03
 1.06187e+16	9.21e-01	7.75e-02	1.20e-03
 1.06332e+16	9.23e-01	7.63e-02	1.16e-03
 1.06478e+16	9.24e-01	7.51e-02	1.13e-03
 1.06629e+16	9.25e-01	7.40e-02	1.09e-03
 1.06785e+16	9.26e-01	7.28e-02	1.05e-03
 1.06947e+16	9.27e-01	7.16e-02	1.02e-03
 1.07113e+16	9.29e-01	7.04e-02	9.81e-04
 1.07287e+16	9.30e-01	6.91e-02	9.45e-04
 1.07471e+16	9.31e-01	6.78e-02	9.08e-04
 1.07669e+16	9.33e-01	6.64e-02	8.69e-04
 1.07887e+16	9.34e-01	6.50e-02	8.30e-04
 1.08134e+16	9.36e-01	6.33e-02	7.86e-04
 1.08414e+16	9.38e-01	6.15e-02	7.39e-04
 1.08700e+16	9.40e-01	5.98e-02	6.96e-04
 1.08964e+16	9.41e-01	5.82e-02	6.58e-04
 1.09204e+16	9.43e-01	5.68e-02	6.25e-04
 1.09422e+16	9.44e-01	5.56e-02	5.97e-04
 1.09621e+16	9.45e-01	5.45e-02	5.72e-04
 1.09802e+16	9.46e-01	5.35e-02	5.51e-04
 1.09967e+16	9.47e-01	5.26e-02	5.32e-04
 1.10147e+16	9.48e-01	5.16e-02	5.10e-04
 1.10342e+16	9.49e-01	5.06e-02	4.90e-04
 1.10519e+16	9.50e-01	4.96e-02	4.71e-04
 1.10681e+16	9.51e-01	4.88e-02	4.56e-04
 1.10827e+16	9.51e-01	4.81e-02	4.41e-04
 1.10988e+16	9.52e-01	4.73e-02	4.25e-04
 1.11162e+16	9.53e-01	4.64e-02	4.09e-04
 1.11320e+16	9.54e-01	4.56e-02	3.95e-04
 1.11464e+16	9.55e-01	4.49e-02	3.82e-04
 1.11595e+16	9.55e-01	4.43e-02	3.71e-04
 1.11738e+16	9.56e-01	4.35e-02	3.58e-04
 1.11893e+16	9.57e-01	4.29e-02	3.47e-04
 1.12034e+16	9.57e-01	4.22e-02	3.36e-04
 1.12162e+16	9.58e-01	4.16e-02	3.26e-04
 1.12279e+16	9.59e-01	4.11e-02	3.17e-04
 1.12406e+16	9.59e-01	4.04e-02	3.07e-04
 1.12544e+16	9.60e-01	3.98e-02	2.98e-04
 1.12670e+16	9.60e-01	3.93e-02	2.89e-04
 1.12784e+16	9.61e-01	3.88e-02	2.81e-04
 1.12888e+16	9.61e-01	3.83e-02	2.74e-04
 1.13002e+16	9.62e-01	3.78e-02	2.67e-04
 1.13125e+16	9.62e-01	3.73e-02	2.59e-04
 1.13237e+16	9.63e-01	3.68e-02	2.52e-04
 1.13339e+16	9.63e-01	3.63e-02	2.46e-04
 1.13451e+16	9.64e-01	3.58e-02	2.39e-04
 1.13571e+16	9.64e-01	3.54e-02	2.33e-04
 1.13681e+16	9.65e-01	3.49e-02	2.27e-04
 1.13781e+16	9.65e-01	3.45e-02	2.21e-04
 1.13890e+16	9.66e-01	3.40e-02	2.15e-04
 1.14008e+16	9.66e-01	3.36e-02	2.09e-04
 1.14116e+16	9.67e-01	3.31e-02	2.04e-04
 1.14214e+16	9.67e-01	3.27e-02	1.99e-04
 1.14321e+16	9.68e-01	3.23e-02	1.93e-04
 1.14436e+16	9.68e-01	3.19e-02	1.88e-04
 1.14542e+16	9.68e-01	3.15e-02	1.84e-04
 1.14637e+16	9.69e-01	3.11e-02	1.79e-04
 1.14742e+16	9.69e-01	3.07e-02	1.75e-04
 1.14856e+16	9.70e-01	3.03e-02	1.70e-04
 1.14959e+16	9.70e-01	2.99e-02	1.66e-04
 1.15072e+16	9.70e-01	2.95e-02	1.61e-04
 1.15194e+16	9.71e-01	2.91e-02	1.57e-04
 1.15305e+16	9.71e-01	2.87e-02	1.53e-04
 1.15406e+16	9.71e-01	2.84e-02	1.49e-04
 1.15517e+16	9.72e-01	2.80e-02	1.45e-04
 1.15636e+16	9.72e-01	2.77e-02	1.41e-04
 1.15745e+16	9.73e-01	2.73e-02	1.38e-04
 1.15864e+16	9.73e-01	2.69e-02	1.34e-04
 1.15993e+16	9.73e-01	2.66e-02	1.30e-04
 1.16110e+16	9.74e-01	2.62e-02	1.27e-04
 1.16238e+16	9.74e-01	2.58e-02	1.23e-04
 1.16377e+16	9.74e-01	2.54e-02	1.19e-04
 1.16503e+16	9.75e-01	2.51e-02	1.16e-04
 1.16617e+16	9.75e-01	2.48e-02	1.13e-04
 1.16743e+16	9.75e-01	2.44e-02	1.10e-04
 1.16879e+16	9.76e-01	2.40e-02	1.07e-04
 1.17002e+16	9.76e-01	2.37e-02	1.04e-04
 1.17137e+16	9.77e-01	2.34e-02	1.01e-04
 1.17283e+16	9.77e-01	2.30e-02	9.77e-05
 1.17416e+16	9.77e-01	2.27e-02	9.50e-05
 1.17537e+16	9.78e-01	2.24e-02	9.25e-05
 1.17670e+16	9.78e-01	2.21e-02	8.98e-05
 1.17813e+16	9.78e-01	2.17e-02	8.73e-05
 1.17943e+16	9.78e-01	2.14e-02	8.49e-05
 1.18086e+16	9.79e-01	2.11e-02	8.23e-05
 1.18240e+16	9.79e-01	2.08e-02	7.98e-05
 1.18380e+16	9.79e-01	2.05e-02	7.75e-05
 1.18534e+16	9.80e-01	2.01e-02	7.50e-05
 1.18700e+16	9.80e-01	1.98e-02	7.25e-05
 1.18850e+16	9.80e-01	1.95e-02	7.04e-05
 1.18988e+16	9.81e-01	1.92e-02	6.85e-05
 1.19138e+16	9.81e-01	1.89e-02	6.63e-05
 1.19301e+16	9.81e-01	1.86e-02	6.43e-05
 1.19449e+16	9.82e-01	1.84e-02	6.24e-05
 1.19611e+16	9.82e-01	1.81e-02	6.04e-05
 1.19785e+16	9.82e-01	1.78e-02	5.84e-05
 1.19945e+16	9.82e-01	1.75e-02	5.67e-05
 1.20119e+16	9.83e-01	1.72e-02	5.47e-05
 1.20307e+16	9.83e-01	1.69e-02	5.28e-05
 1.20479e+16	9.83e-01	1.66e-02	5.11e-05
 1.20635e+16	9.84e-01	1.64e-02	4.97e-05
 1.20805e+16	9.84e-01	1.61e-02	4.80e-05
 1.20990e+16	9.84e-01	1.58e-02	4.64e-05
 1.21158e+16	9.84e-01	1.56e-02	4.50e-05
 1.21342e+16	9.85e-01	1.53e-02	4.35e-05
 1.21540e+16	9.85e-01	1.50e-02	4.20e-05
 1.21721e+16	9.85e-01	1.48e-02	4.06e-05
 1.21919e+16	9.85e-01	1.45e-02	3.91e-05
 1.22133e+16	9.86e-01	1.42e-02	3.77e-05
 1.22327e+16	9.86e-01	1.40e-02	3.64e-05
 1.22540e+16	9.86e-01	1.37e-02	3.50e-05
 1.22770e+16	9.87e-01	1.34e-02	3.37e-05
 1.22980e+16	9.87e-01	1.32e-02	3.25e-05
 1.23209e+16	9.87e-01	1.29e-02	3.12e-05
 1.23457e+16	9.87e-01	1.27e-02	2.99e-05
 1.23682e+16	9.88e-01	1.24e-02	2.88e-05
 1.23888e+16	9.88e-01	1.22e-02	2.79e-05
 1.24112e+16	9.88e-01	1.20e-02	2.68e-05
 1.24355e+16	9.88e-01	1.17e-02	2.58e-05
 1.24576e+16	9.88e-01	1.15e-02	2.49e-05
 1.24818e+16	9.89e-01	1.13e-02	2.39e-05
 1.25079e+16	9.89e-01	1.11e-02	2.29e-05
 1.25317e+16	9.89e-01	1.09e-02	2.21e-05
 1.25577e+16	9.89e-01	1.06e-02	2.11e-05
 1.25859e+16	9.90e-01	1.04e-02	2.02e-05
 1.26114e+16	9.90e-01	1.02e-02	1.95e-05
 1.26395e+16	9.90e-01	9.95e-03	1.86e-05
 1.26698e+16	9.90e-01	9.72e-03	1.78e-05
 1.26973e+16	9.90e-01	9.52e-03	1.71e-05
 1.27275e+16	9.91e-01	9.30e-03	1.63e-05
 1.27601e+16	9.91e-01	9.07e-03	1.55e-05
 1.27898e+16	9.91e-01	8.88e-03	1.48e-05
 1.28223e+16	9.91e-01	8.66e-03	1.41e-05
 1.28574e+16	9.92e-01	8.44e-03	1.34e-05
 1.28893e+16	9.92e-01	8.25e-03	1.28e-05
 1.29243e+16	9.92e-01	8.03e-03	1.22e-05
 1.29621e+16	9.92e-01	7.82e-03	1.16e-05
 1.29964e+16	9.92e-01	7.64e-03	1.10e-05
 1.30341e+16	9.93e-01	7.43e-03	1.04e-05
 1.30748e+16	9.93e-01	7.22e-03	9.88e-06
 1.31118e+16	9.93e-01	7.04e-03	9.40e-06
 1.31523e+16	9.93e-01	6.84e-03	8.88e-06
 1.31961e+16	9.93e-01	6.64e-03	8.38e-06
 1.32441e+16	9.94e-01	6.43e-03	7.84e-06
 1.33031e+16	9.94e-01	6.17e-03	7.24e-06
 1.33670e+16	9.94e-01	5.92e-03	6.66e-06
 1.34307e+16	9.94e-01	5.68e-03	6.14e-06
 1.34958e+16	9.95e-01	5.44e-03	5.65e-06
 1.35637e+16	9.95e-01	5.21e-03	5.19e-06
 1.36344e+16	9.95e-01	4.99e-03	4.75e-06
 1.37074e+16	9.95e-01	4.77e-03	4.34e-06
 1.37829e+16	9.95e-01	4.55e-03	3.96e-06
 1.38611e+16	9.96e-01	4.34e-03	3.61e-06
 1.39415e+16	9.96e-01	4.14e-03	3.28e-06
 1.40234e+16	9.96e-01	3.94e-03	2.98e-06
 1.41064e+16	9.96e-01	3.75e-03	2.71e-06
 1.41908e+16	9.96e-01	3.58e-03	2.46e-06
 1.42769e+16	9.97e-01	3.41e-03	2.23e-06
 1.43645e+16	9.97e-01	3.24e-03	2.03e-06
 1.44525e+16	9.97e-01	3.09e-03	1.84e-06
 1.45417e+16	9.97e-01	2.94e-03	1.67e-06
 1.46340e+16	9.97e-01	2.79e-03	1.51e-06
 1.47285e+16	9.97e-01	2.65e-03	1.36e-06
 1.48243e+16	9.97e-01	2.52e-03	1.23e-06
 1.49216e+16	9.98e-01	2.39e-03	1.11e-06
 1.50209e+16	9.98e-01	2.27e-03	1.00e-06
 1.51222e+16	9.98e-01	2.16e-03	9.04e-07
 1.52252e+16	9.98e-01	2.04e-03	8.13e-07
 1.53300e+16	9.98e-01	1.94e-03	7.31e-07
 1.54369e+16	9.98e-01	1.83e-03	6.56e-07
 1.55460e+16	9.98e-01	1.74e-03	5.88e-07
 1.56573e+16	9.98e-01	1.64e-03	5.27e-07
 1.57708e+16	9.98e-01	1.55e-03	4.71e-07
 1.58866e+16	9.99e-01	1.47e-03	4.21e-07
 1.60048e+16	9.99e-01	1.38e-03	3.75e-07
 1.61255e+16	9.99e-01	1.31e-03	3.34e-07
 1.62488e+16	9.99e-01	1.23e-03	2.97e-07
 1.63748e+16	9.99e-01	1.16e-03	2.63e-07
 1.65037e+16	9.99e-01	1.09e-03	2.33e-07
 1.66357e+16	9.99e-01	1.02e-03	2.06e-07
 1.67708e+16	9.99e-01	9.61e-04	1.82e-07
 1.69092e+16	9.99e-01	9.01e-04	1.60e-07
 1.70512e+16	9.99e-01	8.44e-04	1.40e-07
 1.71970e+16	9.99e-01	7.89e-04	1.23e-07
 1.73468e+16	9.99e-01	7.36e-04	1.07e-07
 1.75007e+16	9.99e-01	6.87e-04	9.33e-08
 1.76592e+16	9.99e-01	6.40e-04	8.11e-08
 1.78193e+16	9.99e-01	5.96e-04	7.04e-08
 1.79835e+16	9.99e-01	5.54e-04	6.08e-08
 1.81578e+16	9.99e-01	5.12e-04	5.21e-08
 1.83401e+16	1.00e+00	4.73e-04	4.44e-08
 1.85282e+16	1.00e+00	4.35e-04	3.77e-08
 1.87230e+16	1.00e+00	4.00e-04	3.18e-08
 1.89263e+16	1.00e+00	3.66e-04	2.67e-08
 1.91391e+16	1.00e+00	3.34e-04	2.22e-08
 1.93624e+16	1.00e+00	3.03e-04	1.84e-08
 1.95972e+16	1.00e+00	2.74e-04	1.50e-08
 1.98459e+16	1.00e+00	2.47e-04	1.22e-08
 2.01125e+16	1.00e+00	2.20e-04	9.72e-09
 2.03934e+16	1.00e+00	1.96e-04	7.69e-09
 2.06933e+16	1.00e+00	1.73e-04	5.98e-09
 2.10222e+16	1.00e+00	1.51e-04	4.55e-09
 2.13802e+16	1.00e+00	1.30e-04	3.39e-09
 2.17728e+16	1.00e+00	1.11e-04	2.46e-09
 2.22102e+16	1.00e+00	9.26e-05	1.73e-09
 2.27015e+16	1.00e+00	7.61e-05	1.17e-09
 2.32700e+16	1.00e+00	6.06e-05	7.41e-10
 2.39011e+16	1.00e+00	4.75e-05	4.56e-10
 2.45380e+16	1.00e+00	3.74e-05	2.82e-10
 2.51631e+16	1.00e+00	2.96e-05	1.78e-10
 2.57882e+16	1.00e+00	2.36e-05	1.13e-10
 2.64241e+16	1.00e+00	1.87e-05	7.13e-11
 2.70733e+16	1.00e+00	1.49e-05	4.51e-11
 2.77350e+16	1.00e+00	1.18e-05	2.85e-11
 2.84063e+16	1.00e+00	9.43e-06	1.81e-11
 2.90893e+16	1.00e+00	7.50e-06	1.15e-11
 2.97874e+16	1.00e+00	5.97e-06	7.29e-12
 3.05010e+16	1.00e+00	4.75e-06	4.62e-12
 3.12308e+16	1.00e+00	3.78e-06	2.92e-12
 3.19753e+16	1.00e+00	3.00e-06	1.85e-12
 3.27370e+16	1.00e+00	2.38e-06	1.17e-12
 3.35189e+16	1.00e+00	1.89e-06	7.34e-13
 3.43217e+16	1.00e+00	1.50e-06	4.60e-13
 3.51480e+16	1.00e+00	1.18e-06	2.87e-13
 3.60017e+16	1.00e+00	9.29e-07	1.78e-13
 3.68864e+16	1.00e+00	7.29e-07	1.10e-13
 3.78080e+16	1.00e+00	5.68e-07	6.67e-14
 3.87749e+16	1.00e+00	4.40e-07	4.00e-14
 3.97974e+16	1.00e+00	3.37e-07	2.35e-14
 4.08913e+16	1.00e+00	2.55e-07	1.35e-14
 4.20588e+16	1.00e+00	1.91e-07	7.57e-15
 4.32627e+16	1.00e+00	1.43e-07	4.24e-15
 4.44610e+16	1.00e+00	1.08e-07	2.41e-15
 4.56445e+16	1.00e+00	8.19e-08	1.40e-15
 4.68179e+16	1.00e+00	6.28e-08	8.24e-16
 4.79816e+16	1.00e+00	4.86e-08	4.93e-16
 4.91300e+16	1.00e+00	3.79e-08	3.00e-16
 5.02563e+16	1.00e+00	2.98e-08	1.86e-16
 5.13555e+16	1.00e+00	2.37e-08	1.18e-16
 5.24254e+16	1.00e+00	1.90e-08	7.61e-17
 5.34635e+16	1.00e+00	1.54e-08	5.02e-17
 5.44663e+16	1.00e+00	1.27e-08	3.38e-17
 5.54338e+16	1.00e+00	1.05e-08	2.32e-17
 5.63648e+16	1.00e+00	8.77e-09	1.62e-17
 5.72578e+16	1.00e+00	7.41e-09	1.16e-17
 5.81122e+16	1.00e+00	6.32e-09	8.44e-18
 5.89292e+16	1.00e+00	5.43e-09	6.25e-18
 5.97099e+16	1.00e+00	4.71e-09	4.71e-18
 6.04545e+16	1.00e+00	4.12e-09	3.61e-18
 6.11640e+16	1.00e+00	3.63e-09	2.81e-18
 6.18399e+16	1.00e+00	3.22e-09	2.21e-18
 6.24834e+16	1.00e+00	2.88e-09	1.77e-18
 6.30957e+16	1.00e+00	2.59e-09	1.43e-18
 6.36780e+16	1.00e+00	2.35e-09	1.17e-18
 6.42318e+16	1.00e+00	2.13e-09	9.73e-19
 6.47583e+16	1.00e+00	1.95e-09	8.15e-19
 6.52590e+16	1.00e+00	1.80e-09	6.89e-19
 6.57352e+16	1.00e+00	1.66e-09	5.89e-19
 6.61880e+16	1.00e+00	1.54e-09	5.07e-19
 6.66185e+16	1.00e+00	1.43e-09	4.40e-19
 6.70279e+16	1.00e+00	1.34e-09	3.85e-19
 6.74173e+16	1.00e+00	1.26e-09	3.40e-19
 6.77880e+16	1.00e+00	1.18e-09	3.01e-19
 6.81410e+16	1.00e+00	1.12e-09	2.69e-19
 6.84773e+16	1.00e+00	1.06e-09	2.42e-19
 6.87976e+16	1.00e+00	1.01e-09	2.18e-19
 6.91028e+16	1.00e+00	9.59e-10	1.98e-19
 6.93939e+16	1.00e+00	9.16e-10	1.81e-19
 6.96718e+16	1.00e+00	8.77e-10	1.66e-19
 6.99372e+16	1.00e+00	8.41e-10	1.52e-19
 7.01910e+16	1.00e+00	8.08e-10	1.41e-19
 7.04337e+16	1.00e+00	7.78e-10	1.30e-19
 7.06661e+16	1.00e+00	7.50e-10	1.21e-19
 7.08889e+16	1.00e+00	7.24e-10	1.13e-19
 7.11027e+16	1.00e+00	7.01e-10	1.06e-19
 7.13082e+16	1.00e+00	6.79e-10	9.95e-20
 7.15060e+16	1.00e+00	6.58e-10	9.36e-20
 7.16967e+16	1.00e+00	6.39e-10	8.83e-20
 7.18809e+16	1.00e+00	6.21e-10	8.34e-20
 7.20591e+16	1.00e+00	6.04e-10	7.90e-20
 7.22319e+16	1.00e+00	5.89e-10	7.50e-20
 7.24000e+16	1.00e+00	5.74e-10	7.12e-20
 7.25639e+16	1.00e+00	5.59e-10	6.77e-20
 7.27244e+16	1.00e+00	5.46e-10	6.45e-20
 7.28820e+16	1.00e+00	5.33e-10	6.15e-20
 7.30373e+16	1.00e+00	5.20e-10	5.87e-20
 7.31912e+16	1.00e+00	5.08e-10	5.60e-20
 7.33444e+16	1.00e+00	4.97e-10	5.35e-20
 7.34979e+16	1.00e+00	4.85e-10	5.10e-20
 7.36528e+16	1.00e+00	4.74e-10	4.87e-20
 7.38102e+16	1.00e+00	4.63e-10	4.65e-20
 7.39715e+16	1.00e+00	4.52e-10	4.43e-20
 7.41386e+16	1.00e+00	4.40e-10	4.21e-20
 7.43137e+16	1.00e+00	4.29e-10	3.99e-20
 7.44998e+16	1.00e+00	4.17e-10	3.77e-20
 7.47006e+16	1.00e+00	4.04e-10	3.55e-20
 7.49214e+16	1.00e+00	3.91e-10	3.32e-20
 7.51695e+16	1.00e+00	3.77e-10	3.08e-20
 7.54555e+16	1.00e+00	3.61e-10	2.83e-20
 7.57956e+16	1.00e+00	3.42e-10	2.55e-20
 7.62147e+16	1.00e+00	3.21e-10	2.25e-20
 7.67510e+16	1.00e+00	2.96e-10	1.91e-20
 7.74481e+16	1.00e+00	2.67e-10	1.55e-20
 7.83544e+16	1.00e+00	2.33e-10	1.19e-20
 7.95326e+16	1.00e+00	1.96e-10	8.42e-21
 8.10642e+16	1.00e+00	1.57e-10	0.00e+00
 8.30552e+16	1.00e+00	1.19e-10	0.00e+00
 8.56017e+16	1.00e+00	8.35e-11	0.00e+00
 8.84438e+16	1.00e+00	5.75e-11	0.00e+00
 9.12858e+16	1.00e+00	4.00e-11	0.00e+00
 9.42718e+16	1.00e+00	2.75e-11	0.00e+00
 9.74017e+16	1.00e+00	1.88e-11	0.00e+00
 1.00532e+17	1.00e+00	1.30e-11	0.00e+00
 1.03662e+17	1.00e+00	9.09e-12	0.00e+00
 1.06792e+17	1.00e+00	6.41e-12	0.00e+00
 1.09922e+17	1.00e+00	4.56e-12	0.00e+00
 1.13052e+17	1.00e+00	3.28e-12	0.00e+00
 1.16182e+17	1.00e+00	2.38e-12	0.00e+00
 1.19312e+17	1.00e+00	1.74e-12	0.00e+00
 1.22442e+17	1.00e+00	1.29e-12	0.00e+00
 1.25572e+17	1.00e+00	9.63e-13	0.00e+00
 1.28702e+17	1.00e+00	7.27e-13	0.00e+00
 1.32230e+17	1.00e+00	5.34e-13	0.00e+00
 1.36233e+17	1.00e+00	3.81e-13	0.00e+00
 1.40923e+17	1.00e+00	2.63e-13	0.00e+00
 1.46446e+17	1.00e+00	1.72e-13	0.00e+00
 1.51634e+17	1.00e+00	1.19e-13	0.00e+00
 1.55635e+17	1.00e+00	9.31e-14	0.00e+00
 1.58412e+17	1.00e+00	8.04e-14	0.00e+00
 1.60156e+17	1.00e+00	7.40e-14	0.00e+00
 1.61253e+17	1.00e+00	7.05e-14	0.00e+00
 1.61964e+17	1.00e+00	6.83e-14	0.00e+00
 1.62391e+17	1.00e+00	6.71e-14	0.00e+00
 1.62674e+17	1.00e+00	6.63e-14	0.00e+00
 1.62915e+17	1.00e+00	6.56e-14	0.00e+00
 1.63187e+17	1.00e+00	6.47e-14	0.00e+00
 1.63514e+17	1.00e+00	6.38e-14	0.00e+00
 1.63829e+17	1.00e+00	6.28e-14	0.00e+00
 1.64062e+17	1.00e+00	6.21e-14	0.00e+00
 1.64258e+17	1.00e+00	6.16e-14	0.00e+00
 1.64470e+17	1.00e+00	6.09e-14	0.00e+00
 1.64685e+17	1.00e+00	6.03e-14	0.00e+00
 1.64886e+17	1.00e+00	5.97e-14	0.00e+00
 1.65056e+17	1.00e+00	5.92e-14	0.00e+00
 1.65213e+17	1.00e+00	5.88e-14	0.00e+00
 1.65373e+17	1.00e+00	5.83e-14	0.00e+00
 1.65527e+17	1.00e+00	5.78e-14	0.00e+00
 1.65667e+17	1.00e+00	5.74e-14	0.00e+00
 1.65797e+17	1.00e+00	5.70e-14	0.00e+00
 1.65928e+17	1.00e+00	5.66e-14	0.00e+00
 1.66059e+17	1.00e+00	5.62e-14	0.00e+00
 1.66179e+17	1.00e+00	5.59e-14	0.00e+00
 1.66289e+17	1.00e+00	5.56e-14	0.00e+00
 1.66396e+17	1.00e+00	5.53e-14	0.00e+00
 1.66501e+17	1.00e+00	5.50e-14	0.00e+00
 1.66605e+17	1.00e+00	5.47e-14	0.00e+00
 1.66708e+17	1.00e+00	5.44e-14	0.00e+00
 1.66809e+17	1.00e+00	5.40e-14	0.00e+00
 1.66903e+17	1.00e+00	5.38e-14	0.00e+00
 1.66991e+17	1.00e+00	5.35e-14	0.00e+00
 1.67082e+17	1.00e+00	5.33e-14	0.00e+00
 1.67177e+17	1.00e+00	5.29e-14	0.00e+00
 1.67269e+17	1.00e+00	5.27e-14	0.00e+00
 1.67356e+17	1.00e+00	5.24e-14	0.00e+00
 1.67444e+17	1.00e+00	5.22e-14	0.00e+00
 1.67533e+17	1.00e+00	5.19e-14	0.00e+00
 1.67620e+17	1.00e+00	5.16e-14	0.00e+00
 1.67704e+17	1.00e+00	5.14e-14	0.00e+00
 1.67791e+17	1.00e+00	5.11e-14	0.00e+00
 1.67883e+17	1.00e+00	5.08e-14	0.00e+00
 1.67972e+17	1.00e+00	5.05e-14	0.00e+00
 1.68059e+17	1.00e+00	5.02e-14	0.00e+00
 1.68148e+17	1.00e+00	4.99e-14	0.00e+00
 1.68242e+17	1.00e+00	4.96e-14	0.00e+00
 1.68334e+17	1.00e+00	4.93e-14	0.00e+00
 1.68425e+17	1.00e+00	4.90e-14	0.00e+00
 1.68521e+17	1.00e+00	4.87e-14	0.00e+00
 1.68622e+17	1.00e+00	4.84e-14	0.00e+00
 1.68724e+17	1.00e+00	4.81e-14	0.00e+00
 1.68833e+17	1.00e+00	4.77e-14	0.00e+00
 1.68945e+17	1.00e+00	4.73e-14	0.00e+00
 1.69050e+17	1.00e+00	4.70e-14	0.00e+00
 1.69151e+17	1.00e+00	4.67e-14	0.00e+00
 1.69258e+17	1.00e+00	4.64e-14	0.00e+00
 1.69374e+17	1.00e+00	4.60e-14	0.00e+00
 1.69492e+17	1.00e+00	4.56e-14	0.00e+00
 1.69611e+17	1.00e+00	4.52e-14	0.00e+00
 1.69737e+17	1.00e+00	4.48e-14	0.00e+00
 1.69871e+17	1.00e+00	4.44e-14	0.00e+00
 1.70001e+17	1.00e+00	4.39e-14	0.00e+00
 1.70128e+17	1.00e+00	4.36e-14	0.00e+00
 1.70264e+17	1.00e+00	4.31e-14	0.00e+00
 1.70407e+17	1.00e+00	4.27e-14	0.00e+00
 1.70556e+17	1.00e+00	4.22e-14	0.00e+00
 1.70706e+17	1.00e+00	4.17e-14	0.00e+00
 1.70858e+17	1.00e+00	4.13e-14	0.00e+00
 1.71013e+17	1.00e+00	4.08e-14	0.00e+00
 1.71173e+17	1.00e+00	4.03e-14	0.00e+00
 1.71332e+17	1.00e+00	3.98e-14	0.00e+00
 1.71507e+17	1.00e+00	3.93e-14	0.00e+00
 1.71704e+17	1.00e+00	3.87e-14	0.00e+00
 1.71896e+17	1.00e+00	3.81e-14	0.00e+00
 1.72071e+17	1.00e+00	3.75e-14	0.00e+00
 1.72254e+17	1.00e+00	3.70e-14	0.00e+00
 1.72462e+17	1.00e+00	3.64e-14	0.00e+00
 1.72678e+17	1.00e+00	3.57e-14	0.00e+00
 1.72886e+17	1.00e+00	3.52e-14	0.00e+00
 1.73100e+17	1.00e+00	3.45e-14	0.00e+00
 1.73324e+17	1.00e+00	3.39e-14	0.00e+00
 1.73555e+17	1.00e+00	3.32e-14	0.00e+00
 1.73796e+17	1.00e+00	3.26e-14	0.00e+00
 1.74046e+17	1.00e+00	3.19e-14	0.00e+00
 1.74297e+17	1.00e+00	3.12e-14	0.00e+00
 1.74544e+17	1.00e+00	3.05e-14	0.00e+00
 1.74809e+17	1.00e+00	2.98e-14	0.00e+00
 1.75092e+17	1.00e+00	2.91e-14	0.00e+00
 1.75380e+17	1.00e+00	2.83e-14	0.00e+00
 1.75667e+17	1.00e+00	2.76e-14	0.00e+00
 1.75957e+17	1.00e+00	2.69e-14	0.00e+00
 1.76259e+17	1.00e+00	2.62e-14	0.00e+00
 1.76571e+17	1.00e+00	2.54e-14	0.00e+00
 1.76894e+17	1.00e+00	2.46e-14	0.00e+00
 1.77223e+17	1.00e+00	2.39e-14	0.00e+00
 1.77559e+17	1.00e+00	2.31e-14	0.00e+00
 1.77909e+17	1.00e+00	2.23e-14	0.00e+00
 1.78272e+17	1.00e+00	2.16e-14	0.00e+00
 1.78637e+17	1.00e+00	2.08e-14	0.00e+00
 1.79016e+17	1.00e+00	2.00e-14	0.00e+00
 1.79413e+17	1.00e+00	1.92e-14	0.00e+00
 1.79809e+17	1.00e+00	1.85e-14	0.00e+00
 1.80201e+17	1.00e+00	1.78e-14	0.00e+00
 1.80628e+17	1.00e+00	1.70e-14	0.00e+00
 1.81080e+17	1.00e+00	1.62e-14	0.00e+00
 1.81537e+17	1.00e+00	1.54e-14	0.00e+00
 1.81993e+17	1.00e+00	1.47e-14	0.00e+00
 1.82460e+17	1.00e+00	1.39e-14	0.00e+00
 1.82959e+17	1.00e+00	1.32e-14	0.00e+00
 1.83474e+17	1.00e+00	1.25e-14	0.00e+00
 1.84006e+17	1.00e+00	1.18e-14	0.00e+00
 1.84550e+17	1.00e+00	1.11e-14	0.00e+00
 1.85114e+17	1.00e+00	1.04e-14	0.00e+00
 1.85711e+17	1.00e+00	9.76e-15	0.00e+00
 1.86334e+17	1.00e+00	9.10e-15	0.00e+00
 1.86932e+17	1.00e+00	8.49e-15	0.00e+00
 1.87458e+17	1.00e+00	7.97e-15	0.00e+00
 1.87920e+17	1.00e+00	7.54e-15	0.00e+00
 1.88355e+17	1.00e+00	7.17e-15	0.00e+00
 1.88788e+17	1.00e+00	6.82e-15	0.00e+00
 1.89217e+17	1.00e+00	6.48e-15	0.00e+00
 1.89625e+17	1.00e+00	6.17e-15	0.00e+00
 1.90001e+17	1.00e+00	5.89e-15	0.00e+00
 1.90351e+17	1.00e+00	5.63e-15	0.00e+00
 1.90684e+17	1.00e+00	5.40e-15	0.00e+00
 1.91004e+17	1.00e+00	5.19e-15	0.00e+00
 1.91310e+17	1.00e+00	4.99e-15	0.00e+00
 1.91598e+17	1.00e+00	4.79e-15	0.00e+00
 1.91870e+17	1.00e+00	4.63e-15	0.00e+00
 1.92127e+17	1.00e+00	4.47e-15	0.00e+00
 1.92370e+17	1.00e+00	4.33e-15	0.00e+00
 1.92605e+17	1.00e+00	4.20e-15	0.00e+00
 1.92832e+17	1.00e+00	4.07e-15	0.00e+00
 1.93051e+17	1.00e+00	3.95e-15	0.00e+00
 1.93261e+17	1.00e+00	3.84e-15	0.00e+00
 1.93462e+17	1.00e+00	3.73e-15	0.00e+00
 1.93656e+17	1.00e+00	3.63e-15	0.00e+00
 1.93845e+17	1.00e+00	3.54e-15	0.00e+00
 1.94031e+17	1.00e+00	3.45e-15	0.00e+00
 1.94212e+17	1.00e+00	3.36e-15	0.00e+00
 1.94388e+17	1.00e+00	3.28e-15	0.00e+00
 1.94560e+17	1.00e+00	3.21e-15	0.00e+00
 1.94729e+17	1.00e+00	3.14e-15	0.00e+00
 1.94895e+17	1.00e+00	3.07e-15	0.00e+00
 1.95058e+17	1.00e+00	3.00e-15	0.00e+00
 1.95218e+17	1.00e+00	2.93e-15	0.00e+00
 1.95401e+17	1.00e+00	2.87e-15	0.00e+00
 1.95638e+17	1.00e+00	2.78e-15	0.00e+00
 1.95946e+17	1.00e+00	2.68e-15	0.00e+00
 1.96347e+17	1.00e+00	2.55e-15	0.00e+00
 1.96868e+17	1.00e+00	2.39e-15	0.00e+00
 1.97527e+17	1.00e+00	2.20e-15	0.00e+00
 1.98245e+17	1.00e+00	2.01e-15	0.00e+00
 1.98889e+17	1.00e+00	1.85e-15	0.00e+00
 1.99432e+17	1.00e+00	1.73e-15	0.00e+00
 1.99935e+17	1.00e+00	1.63e-15	0.00e+00
 2.00464e+17	1.00e+00	1.53e-15	0.00e+00
 2.01039e+17	1.00e+00	1.44e-15	0.00e+00
 2.01629e+17	1.00e+00	1.34e-15	0.00e+00
 2.02203e+17	1.00e+00	1.26e-15	0.00e+00
 2.02762e+17	1.00e+00	1.19e-15	0.00e+00
 2.03329e+17	1.00e+00	1.12e-15	0.00e+00
 2.03928e+17	1.00e+00	1.05e-15	0.00e+00
 2.04567e+17	1.00e+00	9.84e-16	0.00e+00
 2.05238e+17	1.00e+00	9.20e-16	0.00e+00
 2.05945e+17	1.00e+00	8.58e-16	0.00e+00
 2.06705e+17	1.00e+00	7.98e-16	0.00e+00
 2.07558e+17	1.00e+00	7.37e-16	0.00e+00
 2.08557e+17	1.00e+00	6.72e-16	0.00e+00
 2.09783e+17	1.00e+00	6.02e-16	0.00e+00
 2.11352e+17	1.00e+00	5.25e-16	0.00e+00
 2.13391e+17	1.00e+00	4.41e-16	0.00e+00
 2.16042e+17	1.00e+00	3.54e-16	0.00e+00
 2.19488e+17	1.00e+00	2.69e-16	0.00e+00
 2.23968e+17	1.00e+00	1.90e-16	0.00e+00
 2.29792e+17	1.00e+00	1.22e-16	0.00e+00
 2.37363e+17	1.00e+00	7.04e-17	0.00e+00
 2.46476e+17	1.00e+00	3.69e-17	0.00e+00
 2.56028e+17	1.00e+00	1.91e-17	0.00e+00
 2.64774e+17	1.00e+00	1.05e-17	0.00e+00
 2.72225e+17	1.00e+00	6.27e-18	0.00e+00
 2.78950e+17	1.00e+00	3.98e-18	0.00e+00
 2.86544e+17	1.00e+00	2.32e-18	0.00e+00
 2.94916e+17	1.00e+00	1.31e-18	0.00e+00
 3.02177e+17	1.00e+00	8.07e-19	0.00e+00
 3.08094e+17	1.00e+00	5.42e-19	0.00e+00
 3.14325e+17	1.00e+00	3.52e-19	0.00e+00
 3.20865e+17	1.00e+00	2.24e-19	0.00e+00
 3.26561e+17	1.00e+00	1.50e-19	0.00e+00
 3.30802e+17	1.00e+00	1.10e-19	0.00e+00
 3.33348e+17	1.00e+00	9.13e-20	0.00e+00
 3.34875e+17	1.00e+00	8.13e-20	0.00e+00
 3.35791e+17	1.00e+00	7.57e-20	0.00e+00
 3.36341e+17	1.00e+00	7.25e-20	0.00e+00
 3.36694e+17	1.00e+00	7.06e-20	0.00e+00
 3.37009e+17	1.00e+00	6.88e-20	0.00e+00
 3.37397e+17	1.00e+00	6.67e-20	0.00e+00
 3.37901e+17	1.00e+00	6.40e-20	0.00e+00
 3.38476e+17	1.00e+00	6.11e-20	0.00e+00
 3.38996e+17	1.00e+00	5.86e-20	0.00e+00
 3.39402e+17	1.00e+00	5.67e-20	0.00e+00
 3.39754e+17	1.00e+00	5.51e-20	0.00e+00
 3.40146e+17	1.00e+00	5.34e-20	0.00e+00
 3.40631e+17	1.00e+00	5.12e-20	0.00e+00
 3.41166e+17	1.00e+00	4.90e-20	0.00e+00
 3.41645e+17	1.00e+00	4.71e-20	0.00e+00
 3.42025e+17	1.00e+00	4.56e-20	0.00e+00
 3.42357e+17	1.00e+00	4.43e-20	0.00e+00
 3.42718e+17	1.00e+00	4.30e-20	0.00e+00
 3.43155e+17	1.00e+00	4.14e-20	0.00e+00
 3.43632e+17	1.00e+00	3.97e-20	0.00e+00
 3.44066e+17	1.00e+00	3.82e-20	0.00e+00
 3.44419e+17	1.00e+00	3.70e-20	0.00e+00
 3.44730e+17	1.00e+00	3.60e-20	0.00e+00
 3.45061e+17	1.00e+00	3.50e-20	0.00e+00
 3.45452e+17	1.00e+00	3.37e-20	0.00e+00
 3.45877e+17	1.00e+00	3.24e-20	0.00e+00
 3.46267e+17	1.00e+00	3.13e-20	0.00e+00
