#depth	N	N+	N+2	N+3	N+4	N+5	N+6	N+7
 1.49634e+10	7.79e-44	8.78e-34	1.05e-24	2.27e-16	8.53e-09	9.95e-01	4.57e-03	0.00e+00
 4.54887e+10	0.00e+00	1.23e-33	1.36e-24	2.69e-16	9.31e-09	9.96e-01	4.19e-03	7.67e-09
 7.72350e+10	1.80e-43	1.72e-33	1.75e-24	3.20e-16	1.02e-08	9.96e-01	3.84e-03	0.00e+00
 1.10251e+11	0.00e+00	2.41e-33	2.26e-24	3.80e-16	1.11e-08	9.96e-01	3.51e-03	0.00e+00
 1.41802e+11	4.04e-43	3.29e-33	2.87e-24	4.46e-16	1.20e-08	9.97e-01	3.24e-03	0.00e+00
 1.70780e+11	0.00e+00	4.33e-33	3.53e-24	5.14e-16	1.29e-08	9.97e-01	3.01e-03	0.00e+00
 2.03573e+11	8.31e-43	5.87e-33	4.45e-24	6.01e-16	1.40e-08	9.97e-01	2.79e-03	0.00e+00
 2.41514e+11	0.00e+00	8.23e-33	5.75e-24	7.17e-16	1.53e-08	9.97e-01	2.55e-03	0.00e+00
 2.78839e+11	1.89e-42	1.13e-32	7.35e-24	8.47e-16	1.67e-08	9.98e-01	2.34e-03	0.00e+00
 3.14573e+11	0.00e+00	1.53e-32	9.21e-24	9.88e-16	1.80e-08	9.98e-01	2.17e-03	0.00e+00
 3.54000e+11	4.06e-42	2.10e-32	1.17e-23	1.17e-15	1.96e-08	9.98e-01	1.99e-03	0.00e+00
 3.98086e+11	0.00e+00	2.95e-32	1.52e-23	1.39e-15	2.15e-08	9.98e-01	1.82e-03	0.00e+00
 4.42422e+11	9.36e-42	4.11e-32	1.96e-23	1.66e-15	2.35e-08	9.98e-01	1.67e-03	0.00e+00
 4.88530e+11	0.00e+00	5.73e-32	2.53e-23	1.97e-15	2.57e-08	9.98e-01	1.52e-03	0.00e+00
 5.37998e+11	2.16e-41	8.07e-32	3.29e-23	2.36e-15	2.82e-08	9.99e-01	1.39e-03	0.00e+00
 5.87083e+11	0.00e+00	1.12e-31	4.23e-23	2.81e-15	3.08e-08	9.99e-01	1.27e-03	0.00e+00
 6.38132e+11	4.87e-41	1.56e-31	5.44e-23	3.35e-15	3.37e-08	9.99e-01	1.17e-03	0.00e+00
 6.93584e+11	0.00e+00	2.19e-31	7.08e-23	4.02e-15	3.70e-08	9.99e-01	1.06e-03	0.00e+00
 7.51254e+11	1.14e-40	3.09e-31	9.22e-23	4.83e-15	4.07e-08	9.99e-01	9.67e-04	0.00e+00
 8.11231e+11	0.00e+00	4.34e-31	1.20e-22	5.80e-15	4.48e-08	9.99e-01	8.80e-04	0.00e+00
 8.73607e+11	2.64e-40	6.11e-31	1.56e-22	6.98e-15	4.93e-08	9.99e-01	8.01e-04	0.00e+00
 9.38478e+11	0.00e+00	8.59e-31	2.03e-22	8.40e-15	5.43e-08	9.99e-01	7.28e-04	0.00e+00
 9.97285e+11	5.79e-40	1.16e-30	2.56e-22	9.88e-15	5.91e-08	9.99e-01	6.70e-04	0.00e+00
 1.04651e+12	0.00e+00	1.47e-30	3.09e-22	1.13e-14	6.33e-08	9.99e-01	6.26e-04	0.00e+00
 1.10052e+12	1.06e-39	1.90e-30	3.77e-22	1.30e-14	6.81e-08	9.99e-01	5.83e-04	0.00e+00
 1.16864e+12	0.00e+00	2.58e-30	4.80e-22	1.54e-14	7.45e-08	9.99e-01	5.33e-04	0.00e+00
 1.23954e+12	2.27e-39	3.52e-30	6.11e-22	1.83e-14	8.16e-08	1.00e+00	4.88e-04	0.00e+00
 1.30031e+12	0.00e+00	4.55e-30	7.46e-22	2.11e-14	8.80e-08	1.00e+00	4.53e-04	0.00e+00
 1.36346e+12	4.25e-39	5.87e-30	9.12e-22	2.43e-14	9.49e-08	1.00e+00	4.21e-04	0.00e+00
 1.44210e+12	0.00e+00	7.98e-30	1.16e-21	2.89e-14	1.04e-07	1.00e+00	3.85e-04	0.00e+00
 1.52175e+12	8.87e-39	1.07e-29	1.47e-21	3.42e-14	1.14e-07	1.00e+00	3.52e-04	0.00e+00
 1.59115e+12	0.00e+00	1.38e-29	1.79e-21	3.93e-14	1.23e-07	1.00e+00	3.27e-04	0.00e+00
 1.66637e+12	1.65e-38	1.79e-29	2.20e-21	4.56e-14	1.33e-07	1.00e+00	3.03e-04	0.00e+00
 1.75803e+12	0.00e+00	2.43e-29	2.79e-21	5.42e-14	1.45e-07	1.00e+00	2.76e-04	0.00e+00
 1.85134e+12	3.42e-38	3.27e-29	3.53e-21	6.43e-14	1.59e-07	1.00e+00	2.53e-04	0.00e+00
 1.93690e+12	0.00e+00	4.25e-29	4.35e-21	7.46e-14	1.73e-07	1.00e+00	2.34e-04	0.00e+00
 2.03210e+12	6.59e-38	5.62e-29	5.42e-21	8.76e-14	1.88e-07	1.00e+00	2.15e-04	0.00e+00
 2.14260e+12	0.00e+00	7.66e-29	6.94e-21	1.05e-13	2.07e-07	1.00e+00	1.96e-04	0.00e+00
 2.25169e+12	1.37e-37	1.03e-28	8.76e-21	1.24e-13	2.26e-07	1.00e+00	1.79e-04	0.00e+00
 2.35611e+12	0.00e+00	1.35e-28	1.08e-20	1.45e-13	2.46e-07	1.00e+00	1.65e-04	0.00e+00
 2.47124e+12	2.68e-37	1.79e-28	1.36e-20	1.70e-13	2.69e-07	1.00e+00	1.51e-04	0.00e+00
 2.60002e+12	0.00e+00	2.43e-28	1.73e-20	2.03e-13	2.95e-07	1.00e+00	1.38e-04	0.00e+00
 2.71704e+12	5.37e-37	3.18e-28	2.14e-20	2.37e-13	3.21e-07	1.00e+00	1.27e-04	0.00e+00
 2.81545e+12	0.00e+00	3.95e-28	2.54e-20	2.68e-13	3.43e-07	1.00e+00	1.19e-04	0.00e+00
 2.92363e+12	9.24e-37	4.97e-28	3.05e-20	3.06e-13	3.68e-07	1.00e+00	1.11e-04	0.00e+00
 3.04575e+12	0.00e+00	6.40e-28	3.73e-20	3.53e-13	3.97e-07	1.00e+00	1.03e-04	0.00e+00
 3.16266e+12	1.66e-36	8.08e-28	4.48e-20	4.03e-13	4.27e-07	1.00e+00	9.59e-05	0.00e+00
 3.29134e+12	0.00e+00	1.04e-27	5.45e-20	4.64e-13	4.60e-07	1.00e+00	8.90e-05	0.00e+00
 3.43426e+12	3.10e-36	1.35e-27	6.73e-20	5.40e-13	4.99e-07	1.00e+00	8.22e-05	0.00e+00
 3.56818e+12	0.00e+00	1.72e-27	8.14e-20	6.19e-13	5.37e-07	1.00e+00	7.65e-05	0.00e+00
 3.71475e+12	5.67e-36	2.22e-27	9.95e-20	7.15e-13	5.80e-07	1.00e+00	7.09e-05	0.00e+00
 3.87959e+12	0.00e+00	2.92e-27	1.24e-19	8.36e-13	6.31e-07	1.00e+00	6.52e-05	0.00e+00
 4.03704e+12	1.08e-35	3.77e-27	1.51e-19	9.65e-13	6.81e-07	1.00e+00	6.05e-05	0.00e+00
 4.20972e+12	0.00e+00	4.94e-27	1.87e-19	1.12e-12	7.39e-07	1.00e+00	5.58e-05	0.00e+00
 4.39276e+12	2.09e-35	6.50e-27	2.32e-19	1.31e-12	8.02e-07	1.00e+00	5.15e-05	0.00e+00
 4.55289e+12	0.00e+00	8.20e-27	2.78e-19	1.49e-12	8.60e-07	1.00e+00	4.80e-05	0.00e+00
 4.72382e+12	3.73e-35	1.04e-26	3.36e-19	1.71e-12	9.24e-07	1.00e+00	4.48e-05	0.00e+00
 4.93180e+12	0.00e+00	1.39e-26	4.20e-19	2.00e-12	1.00e-06	1.00e+00	4.12e-05	0.00e+00
 5.13896e+12	7.33e-35	1.82e-26	5.19e-19	2.32e-12	1.09e-06	1.00e+00	3.80e-05	0.00e+00
 5.32169e+12	0.00e+00	2.29e-26	6.23e-19	2.64e-12	1.17e-06	1.00e+00	3.56e-05	0.00e+00
 5.52168e+12	1.31e-34	2.93e-26	7.55e-19	3.03e-12	1.25e-06	1.00e+00	3.31e-05	0.00e+00
 5.76238e+12	0.00e+00	3.90e-26	9.44e-19	3.54e-12	1.36e-06	1.00e+00	3.05e-05	0.00e+00
 6.00323e+12	2.60e-34	5.13e-26	1.17e-18	4.13e-12	1.48e-06	1.00e+00	2.81e-05	0.00e+00
 6.22225e+12	3.50e-34	6.54e-26	1.41e-18	4.71e-12	1.59e-06	1.00e+00	2.62e-05	0.00e+00
 6.46562e+12	4.82e-34	8.49e-26	1.73e-18	5.43e-12	1.71e-06	1.00e+00	2.43e-05	0.00e+00
 6.75021e+12	6.90e-34	1.14e-25	2.18e-18	6.38e-12	1.86e-06	1.00e+00	2.24e-05	0.00e+00
 7.03111e+12	9.71e-34	1.51e-25	2.71e-18	7.44e-12	2.02e-06	1.00e+00	2.07e-05	0.00e+00
 7.29647e+12	1.33e-33	1.94e-25	3.30e-18	8.54e-12	2.17e-06	1.00e+00	1.92e-05	0.00e+00
 7.59148e+12	1.86e-33	2.56e-25	4.08e-18	9.91e-12	2.35e-06	1.00e+00	1.78e-05	0.00e+00
 7.92507e+12	2.68e-33	3.45e-25	5.15e-18	1.17e-11	2.56e-06	1.00e+00	1.63e-05	0.00e+00
 8.26014e+12	3.82e-33	4.60e-25	6.44e-18	1.36e-11	2.77e-06	1.00e+00	1.51e-05	0.00e+00
 8.60862e+12	5.47e-33	6.16e-25	8.06e-18	1.59e-11	3.01e-06	1.00e+00	1.39e-05	0.00e+00
 8.98289e+12	7.90e-33	8.31e-25	1.02e-17	1.87e-11	3.27e-06	1.00e+00	1.28e-05	0.00e+00
 9.37213e+12	1.14e-32	1.12e-24	1.28e-17	2.19e-11	3.56e-06	1.00e+00	1.18e-05	0.00e+00
 9.75521e+12	1.63e-32	1.49e-24	1.60e-17	2.55e-11	3.85e-06	1.00e+00	1.09e-05	0.00e+00
 1.01115e+13	2.23e-32	1.93e-24	1.95e-17	2.93e-11	4.14e-06	1.00e+00	1.01e-05	0.00e+00
 1.04330e+13	2.94e-32	2.42e-24	2.31e-17	3.30e-11	4.40e-06	1.00e+00	9.52e-06	0.00e+00
 1.07778e+13	3.93e-32	3.06e-24	2.77e-17	3.73e-11	4.69e-06	1.00e+00	8.93e-06	0.00e+00
 1.12071e+13	5.57e-32	4.05e-24	3.44e-17	4.33e-11	5.07e-06	1.00e+00	8.27e-06	0.00e+00
 1.16375e+13	7.80e-32	5.33e-24	4.24e-17	5.00e-11	5.46e-06	1.00e+00	7.68e-06	0.00e+00
 1.20075e+13	1.04e-31	6.70e-24	5.05e-17	5.64e-11	5.81e-06	1.00e+00	7.23e-06	0.00e+00
 1.24077e+13	1.39e-31	8.52e-24	6.07e-17	6.39e-11	6.19e-06	1.00e+00	6.78e-06	0.00e+00
 1.29016e+13	1.99e-31	1.13e-23	7.55e-17	7.42e-11	6.69e-06	1.00e+00	6.28e-06	0.00e+00
 1.33953e+13	2.80e-31	1.50e-23	9.33e-17	8.56e-11	7.20e-06	1.00e+00	5.83e-06	0.00e+00
 1.38217e+13	3.74e-31	1.89e-23	1.11e-16	9.65e-11	7.66e-06	1.00e+00	5.49e-06	0.00e+00
 1.42823e+13	5.06e-31	2.41e-23	1.34e-16	1.09e-10	8.16e-06	1.00e+00	5.15e-06	0.00e+00
 1.48485e+13	7.24e-31	3.22e-23	1.67e-16	1.27e-10	8.81e-06	1.00e+00	4.77e-06	0.00e+00
 1.54199e+13	1.03e-30	4.27e-23	2.07e-16	1.47e-10	9.49e-06	1.00e+00	4.43e-06	0.00e+00
 1.59262e+13	1.39e-30	5.44e-23	2.49e-16	1.66e-10	1.01e-05	1.00e+00	4.16e-06	0.00e+00
 1.64798e+13	1.91e-30	7.04e-23	3.02e-16	1.90e-10	1.08e-05	1.00e+00	3.89e-06	0.00e+00
 1.71435e+13	2.77e-30	9.48e-23	3.79e-16	2.21e-10	1.17e-05	1.00e+00	3.60e-06	0.00e+00
 1.78049e+13	3.96e-30	1.26e-22	4.70e-16	2.56e-10	1.26e-05	1.00e+00	3.35e-06	0.00e+00
 1.84075e+13	5.43e-30	1.63e-22	5.69e-16	2.91e-10	1.34e-05	1.00e+00	3.14e-06	0.00e+00
 1.90793e+13	7.62e-30	2.14e-22	6.99e-16	3.34e-10	1.44e-05	1.00e+00	2.92e-06	0.00e+00
 1.98631e+13	1.12e-29	2.90e-22	8.82e-16	3.90e-10	1.56e-05	1.00e+00	2.70e-06	0.00e+00
 2.06355e+13	1.61e-29	3.89e-22	1.10e-15	4.52e-10	1.68e-05	1.00e+00	2.51e-06	0.00e+00
 2.13668e+13	2.24e-29	5.07e-22	1.34e-15	5.18e-10	1.79e-05	1.00e+00	2.34e-06	0.00e+00
 2.21794e+13	3.20e-29	6.76e-22	1.67e-15	5.98e-10	1.93e-05	1.00e+00	2.18e-06	0.00e+00
 2.30965e+13	4.72e-29	9.22e-22	2.11e-15	7.00e-10	2.09e-05	1.00e+00	2.01e-06	0.00e+00
 2.40181e+13	6.87e-29	1.25e-21	2.64e-15	8.15e-10	2.26e-05	1.00e+00	1.87e-06	0.00e+00
 2.49766e+13	1.00e-28	1.68e-21	3.32e-15	9.49e-10	2.44e-05	1.00e+00	1.73e-06	0.00e+00
 2.60056e+13	1.47e-28	2.30e-21	4.20e-15	1.11e-09	2.64e-05	1.00e+00	1.60e-06	0.00e+00
 2.70022e+13	2.12e-28	3.07e-21	5.22e-15	1.29e-09	2.84e-05	1.00e+00	1.48e-06	0.00e+00
 2.79400e+13	2.94e-28	4.00e-21	6.37e-15	1.47e-09	3.04e-05	1.00e+00	1.39e-06	0.00e+00
 2.89887e+13	4.19e-28	5.32e-21	7.89e-15	1.70e-09	3.27e-05	1.00e+00	1.29e-06	0.00e+00
 3.00456e+13	5.91e-28	7.01e-21	9.72e-15	1.95e-09	3.51e-05	1.00e+00	1.20e-06	0.00e+00
 3.09237e+13	7.80e-28	8.76e-21	1.15e-14	2.19e-09	3.71e-05	1.00e+00	1.13e-06	0.00e+00
 3.18536e+13	1.04e-27	1.10e-20	1.37e-14	2.46e-09	3.94e-05	1.00e+00	1.07e-06	0.00e+00
 3.30418e+13	1.47e-27	1.46e-20	1.69e-14	2.84e-09	4.24e-05	1.00e+00	9.94e-07	0.00e+00
 3.42878e+13	2.10e-27	1.94e-20	2.10e-14	3.28e-09	4.56e-05	1.00e+00	0.00e+00	0.00e+00
 3.53909e+13	2.85e-27	2.48e-20	2.53e-14	3.72e-09	4.86e-05	1.00e+00	0.00e+00	0.00e+00
 3.65861e+13	3.92e-27	3.20e-20	3.07e-14	4.24e-09	5.19e-05	1.00e+00	0.00e+00	0.00e+00
 3.80218e+13	5.65e-27	4.31e-20	3.84e-14	4.93e-09	5.61e-05	1.00e+00	0.00e+00	0.00e+00
 3.94755e+13	8.10e-27	5.75e-20	4.79e-14	5.72e-09	6.05e-05	1.00e+00	0.00e+00	0.00e+00
 4.08383e+13	1.12e-26	7.47e-20	5.84e-14	6.54e-09	6.48e-05	1.00e+00	0.00e+00	0.00e+00
 4.21534e+13	1.52e-26	9.54e-20	7.03e-14	7.42e-09	6.91e-05	1.00e+00	0.00e+00	0.00e+00
 4.36388e+13	2.11e-26	1.24e-19	8.60e-14	8.51e-09	7.41e-05	1.00e+00	0.00e+00	0.00e+00
 4.52775e+13	3.00e-26	1.65e-19	1.07e-13	9.85e-09	7.98e-05	1.00e+00	0.00e+00	0.00e+00
 4.67895e+13	4.10e-26	2.13e-19	1.29e-13	1.12e-08	8.53e-05	1.00e+00	0.00e+00	0.00e+00
 4.84291e+13	5.69e-26	2.77e-19	1.58e-13	1.29e-08	9.15e-05	1.00e+00	0.00e+00	0.00e+00
 5.02598e+13	8.09e-26	3.68e-19	1.97e-13	1.49e-08	9.88e-05	1.00e+00	0.00e+00	0.00e+00
 5.19800e+13	1.11e-25	4.77e-19	2.39e-13	1.70e-08	1.06e-04	1.00e+00	0.00e+00	0.00e+00
 5.38577e+13	1.56e-25	6.27e-19	2.95e-13	1.96e-08	1.14e-04	1.00e+00	0.00e+00	0.00e+00
 5.59436e+13	2.24e-25	8.38e-19	3.68e-13	2.28e-08	1.23e-04	1.00e+00	0.00e+00	0.00e+00
 5.78929e+13	3.10e-25	1.09e-18	4.50e-13	2.62e-08	1.32e-04	1.00e+00	0.00e+00	0.00e+00
 6.00088e+13	4.36e-25	1.44e-18	5.55e-13	3.02e-08	1.42e-04	1.00e+00	0.00e+00	0.00e+00
 6.23728e+13	6.29e-25	1.93e-18	6.97e-13	3.52e-08	1.54e-04	1.00e+00	0.00e+00	0.00e+00
 6.46217e+13	8.82e-25	2.54e-18	8.58e-13	4.06e-08	1.65e-04	1.00e+00	0.00e+00	0.00e+00
 6.70269e+13	1.25e-24	3.36e-18	1.06e-12	4.69e-08	1.78e-04	1.00e+00	0.00e+00	0.00e+00
 6.97379e+13	1.82e-24	4.56e-18	1.34e-12	5.50e-08	1.93e-04	1.00e+00	0.00e+00	0.00e+00
 7.24115e+13	2.61e-24	6.10e-18	1.67e-12	6.39e-08	2.09e-04	1.00e+00	0.00e+00	0.00e+00
 7.51920e+13	3.74e-24	8.15e-18	2.09e-12	7.42e-08	2.25e-04	1.00e+00	0.00e+00	0.00e+00
 7.80431e+13	5.33e-24	1.09e-17	2.60e-12	8.61e-08	2.43e-04	1.00e+00	0.00e+00	0.00e+00
 8.06857e+13	7.34e-24	1.41e-17	3.16e-12	9.83e-08	2.60e-04	1.00e+00	0.00e+00	0.00e+00
 8.36207e+13	1.03e-23	1.85e-17	3.90e-12	1.13e-07	2.80e-04	1.00e+00	0.00e+00	0.00e+00
 8.68439e+13	1.48e-23	2.48e-17	4.87e-12	1.32e-07	3.02e-04	1.00e+00	0.00e+00	0.00e+00
 8.98259e+13	2.05e-23	3.22e-17	5.95e-12	1.51e-07	3.24e-04	1.00e+00	0.00e+00	0.00e+00
 9.24439e+13	2.71e-23	4.03e-17	7.05e-12	1.69e-07	3.43e-04	1.00e+00	0.00e+00	0.00e+00
 9.52151e+13	3.60e-23	5.07e-17	8.39e-12	1.90e-07	3.65e-04	1.00e+00	0.00e+00	0.00e+00
 9.87320e+13	5.10e-23	6.71e-17	1.04e-11	2.20e-07	3.93e-04	1.00e+00	0.00e+00	0.00e+00
 1.02296e+14	7.19e-23	8.85e-17	1.28e-11	2.53e-07	4.22e-04	1.00e+00	0.00e+00	0.00e+00
 1.05308e+14	9.52e-23	1.11e-16	1.52e-11	2.84e-07	4.47e-04	1.00e+00	0.00e+00	0.00e+00
 1.08524e+14	1.27e-22	1.40e-16	1.82e-11	3.21e-07	4.76e-04	1.00e+00	0.00e+00	0.00e+00
 1.12563e+14	1.81e-22	1.86e-16	2.26e-11	3.71e-07	5.12e-04	9.99e-01	0.00e+00	0.00e+00
 1.16736e+14	2.58e-22	2.48e-16	2.80e-11	4.29e-07	5.52e-04	9.99e-01	0.00e+00	0.00e+00
 1.20415e+14	3.49e-22	3.16e-16	3.36e-11	4.85e-07	5.87e-04	9.99e-01	0.00e+00	0.00e+00
 1.24387e+14	4.78e-22	4.07e-16	4.07e-11	5.52e-07	6.27e-04	9.99e-01	0.00e+00	0.00e+00
 1.29180e+14	6.87e-22	5.45e-16	5.09e-11	6.42e-07	6.78e-04	9.99e-01	0.00e+00	0.00e+00
 1.33931e+14	9.78e-22	7.24e-16	6.31e-11	7.42e-07	7.29e-04	9.99e-01	0.00e+00	0.00e+00
 1.38154e+14	1.32e-21	9.22e-16	7.58e-11	8.40e-07	7.76e-04	9.99e-01	0.00e+00	0.00e+00
 1.42796e+14	1.82e-21	1.19e-15	9.22e-11	9.58e-07	8.30e-04	9.99e-01	0.00e+00	0.00e+00
 1.48343e+14	2.63e-21	1.60e-15	1.15e-10	1.12e-06	8.97e-04	9.99e-01	0.00e+00	0.00e+00
 1.53853e+14	3.73e-21	2.13e-15	1.43e-10	1.29e-06	9.67e-04	9.99e-01	0.00e+00	0.00e+00
 1.58866e+14	5.09e-21	2.73e-15	1.73e-10	1.47e-06	1.03e-03	9.99e-01	0.00e+00	0.00e+00
 1.64449e+14	7.08e-21	3.57e-15	2.12e-10	1.68e-06	1.11e-03	9.99e-01	0.00e+00	0.00e+00
 1.70972e+14	1.03e-20	4.83e-15	2.67e-10	1.97e-06	1.20e-03	9.99e-01	0.00e+00	0.00e+00
 1.77388e+14	1.46e-20	6.41e-15	3.32e-10	2.28e-06	1.29e-03	9.99e-01	0.00e+00	0.00e+00
 1.83416e+14	2.01e-20	8.30e-15	4.04e-10	2.61e-06	1.39e-03	9.99e-01	0.00e+00	0.00e+00
 1.90137e+14	2.81e-20	1.09e-14	4.99e-10	3.01e-06	1.50e-03	9.99e-01	0.00e+00	0.00e+00
 1.97772e+14	4.09e-20	1.48e-14	6.30e-10	3.53e-06	1.62e-03	9.98e-01	0.00e+00	0.00e+00
 2.05388e+14	5.80e-20	1.97e-14	7.86e-10	4.11e-06	1.76e-03	9.98e-01	0.00e+00	0.00e+00
 2.12728e+14	8.09e-20	2.58e-14	9.66e-10	4.73e-06	1.89e-03	9.98e-01	0.00e+00	0.00e+00
 2.19101e+14	1.06e-19	3.22e-14	1.15e-09	5.32e-06	2.01e-03	9.98e-01	0.00e+00	0.00e+00
 2.24434e+14	1.33e-19	3.85e-14	1.32e-09	5.86e-06	2.12e-03	9.98e-01	0.00e+00	0.00e+00
 2.30359e+14	1.68e-19	4.68e-14	1.54e-09	6.51e-06	2.24e-03	9.98e-01	0.00e+00	0.00e+00
 2.38062e+14	2.27e-19	5.99e-14	1.86e-09	7.43e-06	2.40e-03	9.98e-01	0.00e+00	0.00e+00
 2.46180e+14	3.08e-19	7.70e-14	2.27e-09	8.51e-06	2.58e-03	9.97e-01	0.00e+00	0.00e+00
 2.53184e+14	3.97e-19	9.48e-14	2.67e-09	9.52e-06	2.74e-03	9.97e-01	0.00e+00	0.00e+00
 2.60633e+14	5.15e-19	1.17e-13	3.16e-09	1.07e-05	2.92e-03	9.97e-01	0.00e+00	0.00e+00
 2.70156e+14	7.09e-19	1.53e-13	3.89e-09	1.24e-05	3.16e-03	9.97e-01	0.00e+00	0.00e+00
 2.79954e+14	9.72e-19	1.99e-13	4.78e-09	1.43e-05	3.41e-03	9.97e-01	0.00e+00	0.00e+00
 2.88341e+14	1.26e-18	2.46e-13	5.67e-09	1.61e-05	3.64e-03	9.96e-01	0.00e+00	0.00e+00
 2.97312e+14	1.64e-18	3.07e-13	6.77e-09	1.82e-05	3.90e-03	9.96e-01	0.00e+00	0.00e+00
 3.08445e+14	2.26e-18	4.01e-13	8.38e-09	2.11e-05	4.22e-03	9.96e-01	0.00e+00	0.00e+00
 3.19869e+14	3.10e-18	5.21e-13	1.03e-08	2.45e-05	4.58e-03	9.95e-01	0.00e+00	0.00e+00
 3.30044e+14	4.05e-18	6.53e-13	1.24e-08	2.77e-05	4.91e-03	9.95e-01	0.00e+00	0.00e+00
 3.41115e+14	5.35e-18	8.24e-13	1.50e-08	3.17e-05	5.29e-03	9.95e-01	0.00e+00	0.00e+00
 3.54335e+14	7.41e-18	1.08e-12	1.87e-08	3.69e-05	5.76e-03	9.94e-01	0.00e+00	0.00e+00
 3.67371e+14	1.01e-17	1.40e-12	2.30e-08	4.27e-05	6.25e-03	9.94e-01	0.00e+00	0.00e+00
 3.79096e+14	1.31e-17	1.75e-12	2.76e-08	4.85e-05	6.71e-03	9.93e-01	0.00e+00	0.00e+00
 3.92096e+14	1.74e-17	2.22e-12	3.35e-08	5.55e-05	7.23e-03	9.93e-01	0.00e+00	0.00e+00
 4.07447e+14	2.39e-17	2.92e-12	4.18e-08	6.48e-05	7.89e-03	9.92e-01	0.00e+00	0.00e+00
 4.22614e+14	3.25e-17	3.78e-12	5.17e-08	7.51e-05	8.57e-03	9.91e-01	0.00e+00	0.00e+00
 4.36629e+14	4.26e-17	4.76e-12	6.24e-08	8.56e-05	9.23e-03	9.91e-01	0.00e+00	0.00e+00
 4.52363e+14	5.72e-17	6.11e-12	7.67e-08	9.87e-05	1.00e-02	9.90e-01	0.00e+00	0.00e+00
 4.70488e+14	7.93e-17	8.07e-12	9.64e-08	1.16e-04	1.09e-02	9.89e-01	0.00e+00	0.00e+00
 4.88223e+14	1.08e-16	1.05e-11	1.20e-07	1.34e-04	1.19e-02	9.88e-01	0.00e+00	0.00e+00
 5.06668e+14	1.75e-16	1.36e-11	1.49e-07	1.55e-04	1.29e-02	9.87e-01	0.00e+00	0.00e+00
 5.26965e+14	2.45e-16	1.80e-11	1.87e-07	1.82e-04	1.41e-02	9.86e-01	0.00e+00	0.00e+00
 5.44129e+14	3.23e-16	2.27e-11	2.26e-07	2.07e-04	1.52e-02	9.85e-01	0.00e+00	0.00e+00
 5.56668e+14	3.92e-16	2.67e-11	2.58e-07	2.27e-04	1.60e-02	9.84e-01	0.00e+00	0.00e+00
 5.69826e+14	4.79e-16	3.15e-11	2.96e-07	2.49e-04	1.69e-02	9.83e-01	0.00e+00	0.00e+00
 5.86932e+14	6.18e-16	3.90e-11	3.52e-07	2.80e-04	1.81e-02	9.82e-01	0.00e+00	0.00e+00
 6.05803e+14	8.13e-16	4.90e-11	4.25e-07	3.18e-04	1.94e-02	9.80e-01	0.00e+00	0.00e+00
 6.23267e+14	1.04e-15	6.02e-11	5.03e-07	3.57e-04	2.07e-02	9.79e-01	0.00e+00	0.00e+00
 6.42272e+14	1.35e-15	7.48e-11	6.01e-07	4.02e-04	2.21e-02	9.77e-01	0.00e+00	0.00e+00
 6.63631e+14	1.80e-15	9.49e-11	7.31e-07	4.59e-04	2.38e-02	9.76e-01	0.00e+00	0.00e+00
 6.83960e+14	2.30e-15	1.18e-10	8.75e-07	5.18e-04	2.55e-02	9.74e-01	0.00e+00	0.00e+00
 7.06297e+14	3.04e-15	1.49e-10	1.06e-06	5.89e-04	2.74e-02	9.72e-01	0.00e+00	0.00e+00
 7.31278e+14	4.13e-15	1.93e-10	1.31e-06	6.77e-04	2.96e-02	9.70e-01	0.00e+00	0.00e+00
 7.55012e+14	5.46e-15	2.44e-10	1.58e-06	7.69e-04	3.18e-02	9.67e-01	0.00e+00	0.00e+00
 7.81179e+14	7.37e-15	3.14e-10	1.94e-06	8.82e-04	3.43e-02	9.65e-01	0.00e+00	0.00e+00
 8.10520e+14	1.02e-14	4.13e-10	2.42e-06	1.02e-03	3.72e-02	9.62e-01	0.00e+00	0.00e+00
 8.38234e+14	1.38e-14	5.30e-10	2.97e-06	1.17e-03	4.00e-02	9.59e-01	0.00e+00	0.00e+00
 8.68441e+14	1.89e-14	6.91e-10	3.68e-06	1.35e-03	4.33e-02	9.55e-01	0.00e+00	0.00e+00
 9.01993e+14	2.66e-14	9.21e-10	4.63e-06	1.57e-03	4.70e-02	9.51e-01	0.00e+00	0.00e+00
 9.33348e+14	3.61e-14	1.19e-09	5.69e-06	1.80e-03	5.07e-02	9.48e-01	0.00e+00	0.00e+00
 9.67172e+14	4.99e-14	1.56e-09	7.06e-06	2.08e-03	5.48e-02	9.43e-01	0.00e+00	0.00e+00
 1.00505e+15	7.06e-14	2.08e-09	8.92e-06	2.42e-03	5.95e-02	9.38e-01	0.00e+00	0.00e+00
 1.04150e+15	9.78e-14	2.74e-09	1.11e-05	2.79e-03	6.43e-02	9.33e-01	0.00e+00	0.00e+00
 1.08025e+15	1.37e-13	3.62e-09	1.39e-05	3.23e-03	6.95e-02	9.27e-01	0.00e+00	0.00e+00
 1.12349e+15	1.96e-13	4.89e-09	1.76e-05	3.78e-03	7.57e-02	9.21e-01	0.00e+00	0.00e+00
 1.15981e+15	2.62e-13	6.24e-09	2.14e-05	4.30e-03	8.09e-02	9.15e-01	0.00e+00	0.00e+00
 1.18595e+15	3.21e-13	7.41e-09	2.45e-05	4.70e-03	8.48e-02	9.10e-01	0.00e+00	0.00e+00
 1.21322e+15	3.96e-13	8.83e-09	2.81e-05	5.14e-03	8.90e-02	9.06e-01	0.00e+00	0.00e+00
 1.24867e+15	5.16e-13	1.10e-08	3.35e-05	5.76e-03	9.45e-02	9.00e-01	0.00e+00	0.00e+00
 1.28814e+15	6.88e-13	1.40e-08	4.05e-05	6.52e-03	1.01e-01	8.93e-01	0.00e+00	0.00e+00
 1.32502e+15	8.94e-13	1.74e-08	4.81e-05	7.30e-03	1.07e-01	8.86e-01	0.00e+00	0.00e+00
 1.36515e+15	1.18e-12	2.20e-08	5.77e-05	8.21e-03	1.14e-01	8.78e-01	0.00e+00	0.00e+00
 1.41006e+15	1.59e-12	2.83e-08	7.03e-05	9.34e-03	1.21e-01	8.69e-01	0.00e+00	0.00e+00
 1.45240e+15	2.09e-12	3.55e-08	8.41e-05	1.05e-02	1.29e-01	8.61e-01	0.00e+00	0.00e+00
 1.49861e+15	2.80e-12	4.53e-08	1.02e-04	1.19e-02	1.37e-01	8.51e-01	0.00e+00	0.00e+00
 1.55048e+15	3.84e-12	5.89e-08	1.25e-04	1.36e-02	1.47e-01	8.40e-01	0.00e+00	0.00e+00
 1.59981e+15	5.12e-12	7.51e-08	1.51e-04	1.53e-02	1.56e-01	8.28e-01	0.00e+00	0.00e+00
 1.65405e+15	6.99e-12	9.73e-08	1.85e-04	1.74e-02	1.67e-01	8.16e-01	0.00e+00	0.00e+00
 1.71438e+15	9.71e-12	1.28e-07	2.29e-04	2.00e-02	1.78e-01	8.01e-01	0.00e+00	0.00e+00
 1.77041e+15	1.31e-11	1.64e-07	2.78e-04	2.27e-02	1.89e-01	7.88e-01	0.00e+00	0.00e+00
 1.83104e+15	1.78e-11	2.13e-07	3.41e-04	2.58e-02	2.02e-01	7.72e-01	0.00e+00	0.00e+00
 1.89872e+15	2.48e-11	2.81e-07	4.23e-04	2.96e-02	2.15e-01	7.55e-01	0.00e+00	0.00e+00
 1.96203e+15	3.34e-11	3.61e-07	5.13e-04	3.34e-02	2.28e-01	7.38e-01	0.00e+00	0.00e+00
 2.03079e+15	4.59e-11	4.70e-07	6.29e-04	3.80e-02	2.42e-01	7.19e-01	0.00e+00	0.00e+00
 2.10397e+15	6.34e-11	6.16e-07	7.75e-04	4.33e-02	2.57e-01	6.99e-01	0.00e+00	0.00e+00
 2.16805e+15	8.33e-11	7.74e-07	9.22e-04	4.83e-02	2.69e-01	6.81e-01	0.00e+00	0.00e+00
 2.22302e+15	1.04e-10	9.35e-07	1.07e-03	5.29e-02	2.81e-01	6.65e-01	0.00e+00	0.00e+00
 2.28104e+15	1.32e-10	1.14e-06	1.24e-03	5.81e-02	2.92e-01	6.49e-01	0.00e+00	0.00e+00
 2.34653e+15	1.71e-10	1.41e-06	1.46e-03	6.42e-02	3.04e-01	6.30e-01	0.00e+00	0.00e+00
 2.40925e+15	2.16e-10	1.72e-06	1.69e-03	7.03e-02	3.16e-01	6.12e-01	0.00e+00	0.00e+00
 2.47834e+15	2.80e-10	2.12e-06	1.99e-03	7.76e-02	3.29e-01	5.91e-01	0.00e+00	0.00e+00
 2.55364e+15	3.65e-10	2.65e-06	2.36e-03	8.59e-02	3.42e-01	5.70e-01	0.00e+00	0.00e+00
 2.62262e+15	4.63e-10	3.23e-06	2.73e-03	9.39e-02	3.54e-01	5.50e-01	0.00e+00	0.00e+00
 2.69792e+15	5.97e-10	3.98e-06	3.20e-03	1.03e-01	3.66e-01	5.28e-01	0.00e+00	0.00e+00
 2.78171e+15	7.81e-10	4.97e-06	3.79e-03	1.14e-01	3.79e-01	5.04e-01	0.00e+00	0.00e+00
 2.86113e+15	9.99e-10	6.10e-06	4.41e-03	1.24e-01	3.90e-01	4.81e-01	0.00e+00	0.00e+00
 2.94895e+15	1.31e-09	7.60e-06	5.20e-03	1.37e-01	4.01e-01	4.57e-01	0.00e+00	0.00e+00
 3.04475e+15	1.72e-09	9.54e-06	6.15e-03	1.51e-01	4.13e-01	4.31e-01	0.00e+00	0.00e+00
 3.13124e+15	2.19e-09	1.16e-05	7.12e-03	1.63e-01	4.21e-01	4.08e-01	0.00e+00	0.00e+00
 3.22402e+15	2.83e-09	1.43e-05	8.31e-03	1.78e-01	4.30e-01	3.84e-01	0.00e+00	0.00e+00
 3.32696e+15	3.69e-09	1.78e-05	9.75e-03	1.94e-01	4.38e-01	3.58e-01	0.00e+00	0.00e+00
 3.42351e+15	4.68e-09	2.16e-05	1.13e-02	2.10e-01	4.43e-01	3.35e-01	0.00e+00	0.00e+00
 3.52947e+15	6.10e-09	2.68e-05	1.32e-02	2.28e-01	4.48e-01	3.11e-01	0.00e+00	0.00e+00
 3.64495e+15	7.96e-09	3.32e-05	1.54e-02	2.47e-01	4.51e-01	2.86e-01	0.00e+00	0.00e+00
 3.75026e+15	1.01e-08	4.01e-05	1.77e-02	2.65e-01	4.53e-01	2.64e-01	0.00e+00	0.00e+00
 3.84522e+15	1.23e-08	4.73e-05	1.99e-02	2.81e-01	4.53e-01	2.46e-01	0.00e+00	0.00e+00
 3.93289e+15	1.48e-08	5.49e-05	2.22e-02	2.96e-01	4.52e-01	2.30e-01	0.00e+00	0.00e+00
 4.03043e+15	1.83e-08	6.48e-05	2.50e-02	3.13e-01	4.49e-01	2.12e-01	0.00e+00	0.00e+00
 4.14024e+15	2.27e-08	7.72e-05	2.83e-02	3.32e-01	4.46e-01	1.94e-01	0.00e+00	0.00e+00
 4.24453e+15	2.78e-08	9.05e-05	3.17e-02	3.49e-01	4.41e-01	1.78e-01	0.00e+00	0.00e+00
 4.34325e+15	3.35e-08	1.05e-04	3.53e-02	3.66e-01	4.35e-01	1.64e-01	0.00e+00	0.00e+00
 4.44103e+15	4.02e-08	1.21e-04	3.91e-02	3.82e-01	4.28e-01	1.51e-01	0.00e+00	0.00e+00
 4.55302e+15	4.98e-08	1.43e-04	4.39e-02	4.00e-01	4.20e-01	1.36e-01	0.00e+00	0.00e+00
 4.67496e+15	6.16e-08	1.70e-04	4.95e-02	4.19e-01	4.09e-01	1.22e-01	0.00e+00	0.00e+00
 4.78598e+15	7.43e-08	1.96e-04	5.49e-02	4.36e-01	3.99e-01	1.10e-01	0.00e+00	0.00e+00
 4.88869e+15	8.85e-08	2.25e-04	6.04e-02	4.51e-01	3.88e-01	1.00e-01	0.00e+00	0.00e+00
 5.00443e+15	1.09e-07	2.64e-04	6.73e-02	4.68e-01	3.76e-01	8.92e-02	0.00e+00	0.00e+00
 5.13102e+15	1.34e-07	3.10e-04	7.53e-02	4.85e-01	3.61e-01	7.87e-02	0.00e+00	0.00e+00
 5.24689e+15	1.61e-07	3.58e-04	8.31e-02	4.99e-01	3.47e-01	7.01e-02	0.00e+00	0.00e+00
 5.35472e+15	1.92e-07	4.09e-04	9.12e-02	5.12e-01	3.34e-01	6.26e-02	0.00e+00	0.00e+00
 5.47695e+15	2.37e-07	4.82e-04	1.01e-01	5.25e-01	3.18e-01	5.46e-02	0.00e+00	0.00e+00
 5.60745e+15	2.92e-07	5.64e-04	1.13e-01	5.38e-01	3.01e-01	4.72e-02	0.00e+00	0.00e+00
 5.72250e+15	3.50e-07	6.49e-04	1.24e-01	5.48e-01	2.86e-01	4.14e-02	0.00e+00	0.00e+00
 5.82963e+15	4.17e-07	7.41e-04	1.35e-01	5.57e-01	2.71e-01	3.64e-02	0.00e+00	0.00e+00
 5.93562e+15	4.92e-07	8.42e-04	1.47e-01	5.64e-01	2.56e-01	3.20e-02	0.00e+00	0.00e+00
 6.04000e+15	5.85e-07	9.59e-04	1.60e-01	5.69e-01	2.41e-01	2.79e-02	0.00e+00	0.00e+00
 6.14160e+15	6.92e-07	1.09e-03	1.74e-01	5.73e-01	2.27e-01	2.44e-02	0.00e+00	0.00e+00
 6.23962e+15	8.23e-07	1.24e-03	1.89e-01	5.76e-01	2.13e-01	2.12e-02	0.00e+00	0.00e+00
 6.33398e+15	9.59e-07	1.39e-03	2.03e-01	5.77e-01	2.00e-01	1.85e-02	0.00e+00	0.00e+00
 6.41702e+15	1.10e-06	1.55e-03	2.17e-01	5.77e-01	1.88e-01	1.63e-02	0.00e+00	0.00e+00
 6.48664e+15	1.25e-06	1.70e-03	2.29e-01	5.76e-01	1.78e-01	1.46e-02	0.00e+00	0.00e+00
 6.56170e+15	1.40e-06	1.86e-03	2.44e-01	5.74e-01	1.68e-01	1.30e-02	0.00e+00	0.00e+00
 6.65928e+15	1.67e-06	2.12e-03	2.63e-01	5.70e-01	1.54e-01	1.09e-02	0.00e+00	0.00e+00
 6.75117e+15	1.98e-06	2.41e-03	2.83e-01	5.64e-01	1.41e-01	9.24e-03	0.00e+00	0.00e+00
 6.81371e+15	2.31e-06	2.69e-03	2.99e-01	5.58e-01	1.32e-01	8.10e-03	0.00e+00	0.00e+00
 6.86092e+15	2.53e-06	2.88e-03	3.11e-01	5.54e-01	1.25e-01	7.36e-03	0.00e+00	0.00e+00
 6.91016e+15	2.82e-06	3.11e-03	3.23e-01	5.49e-01	1.18e-01	6.61e-03	0.00e+00	0.00e+00
 6.97417e+15	3.12e-06	3.36e-03	3.40e-01	5.41e-01	1.10e-01	5.78e-03	0.00e+00	0.00e+00
 7.05739e+15	3.85e-06	3.92e-03	3.64e-01	5.29e-01	9.82e-02	4.68e-03	0.00e+00	0.00e+00
 7.13091e+15	4.34e-06	4.29e-03	3.84e-01	5.18e-01	8.92e-02	3.95e-03	0.00e+00	0.00e+00
 7.18154e+15	5.07e-06	4.78e-03	4.01e-01	5.08e-01	8.22e-02	3.40e-03	0.00e+00	0.00e+00
 7.22579e+15	5.44e-06	5.05e-03	4.14e-01	5.00e-01	7.71e-02	3.03e-03	0.00e+00	0.00e+00
 7.27204e+15	6.08e-06	5.48e-03	4.30e-01	4.91e-01	7.12e-02	2.64e-03	0.00e+00	0.00e+00
 7.33217e+15	7.26e-06	6.21e-03	4.51e-01	4.77e-01	6.36e-02	2.15e-03	0.00e+00	0.00e+00
 7.39013e+15	8.11e-06	6.74e-03	4.70e-01	4.64e-01	5.74e-02	1.80e-03	0.00e+00	0.00e+00
 7.44528e+15	9.38e-06	7.48e-03	4.90e-01	4.50e-01	5.11e-02	1.47e-03	0.00e+00	0.00e+00
 7.50234e+15	1.09e-05	8.32e-03	5.10e-01	4.35e-01	4.52e-02	1.19e-03	0.00e+00	0.00e+00
 7.54932e+15	1.28e-05	9.32e-03	5.28e-01	4.21e-01	4.03e-02	9.64e-04	0.00e+00	0.00e+00
 7.58771e+15	1.38e-05	9.86e-03	5.41e-01	4.12e-01	3.69e-02	8.32e-04	0.00e+00	0.00e+00
 7.62749e+15	1.59e-05	1.09e-02	5.56e-01	3.99e-01	3.31e-02	6.84e-04	0.00e+00	0.00e+00
 7.67212e+15	1.77e-05	1.17e-02	5.71e-01	3.87e-01	2.95e-02	5.62e-04	0.00e+00	0.00e+00
 7.72306e+15	2.12e-05	1.33e-02	5.91e-01	3.70e-01	2.52e-02	4.27e-04	0.00e+00	0.00e+00
 7.77410e+15	2.46e-05	1.47e-02	6.09e-01	3.55e-01	2.16e-02	3.28e-04	0.00e+00	0.00e+00
 7.80963e+15	2.73e-05	1.58e-02	6.20e-01	3.44e-01	1.94e-02	2.72e-04	0.00e+00	0.00e+00
 7.83520e+15	2.95e-05	1.67e-02	6.29e-01	3.36e-01	1.79e-02	2.36e-04	0.00e+00	0.00e+00
 7.86346e+15	3.22e-05	1.78e-02	6.38e-01	3.28e-01	1.62e-02	1.99e-04	0.00e+00	0.00e+00
 7.90019e+15	3.63e-05	1.93e-02	6.50e-01	3.16e-01	1.42e-02	1.59e-04	0.00e+00	0.00e+00
 7.93853e+15	4.09e-05	2.09e-02	6.62e-01	3.05e-01	1.24e-02	1.26e-04	0.00e+00	0.00e+00
 7.97121e+15	4.53e-05	2.24e-02	6.71e-01	2.95e-01	1.10e-02	1.03e-04	0.00e+00	0.00e+00
 8.00592e+15	5.07e-05	2.42e-02	6.82e-01	2.84e-01	9.65e-03	8.13e-05	0.00e+00	0.00e+00
 8.04459e+15	5.73e-05	2.63e-02	6.92e-01	2.73e-01	8.32e-03	6.29e-05	0.00e+00	0.00e+00
 8.08043e+15	6.42e-05	2.85e-02	7.01e-01	2.63e-01	7.23e-03	4.94e-05	0.00e+00	0.00e+00
 8.11378e+15	7.14e-05	3.06e-02	7.10e-01	2.53e-01	6.32e-03	3.92e-05	0.00e+00	0.00e+00
 8.15189e+15	8.08e-05	3.32e-02	7.19e-01	2.43e-01	5.39e-03	2.98e-05	0.00e+00	0.00e+00
 8.19315e+15	9.19e-05	3.63e-02	7.28e-01	2.31e-01	4.54e-03	2.22e-05	0.00e+00	0.00e+00
 8.22981e+15	1.03e-04	3.93e-02	7.35e-01	2.22e-01	3.90e-03	1.71e-05	0.00e+00	0.00e+00
 8.26359e+15	1.15e-04	4.22e-02	7.42e-01	2.13e-01	3.37e-03	1.33e-05	0.00e+00	0.00e+00
 8.30228e+15	1.31e-04	4.59e-02	7.49e-01	2.03e-01	2.84e-03	9.91e-06	0.00e+00	0.00e+00
 8.34465e+15	1.49e-04	5.02e-02	7.55e-01	1.92e-01	2.36e-03	7.24e-06	0.00e+00	0.00e+00
 8.38282e+15	1.69e-04	5.45e-02	7.61e-01	1.82e-01	2.00e-03	5.43e-06	0.00e+00	0.00e+00
 8.41772e+15	1.89e-04	5.86e-02	7.65e-01	1.74e-01	1.71e-03	4.16e-06	0.00e+00	0.00e+00
 8.45730e+15	2.16e-04	6.39e-02	7.70e-01	1.65e-01	1.42e-03	3.04e-06	0.00e+00	0.00e+00
 8.50057e+15	2.49e-04	7.01e-02	7.74e-01	1.55e-01	1.17e-03	2.18e-06	0.00e+00	0.00e+00
 8.53932e+15	2.83e-04	7.63e-02	7.77e-01	1.46e-01	9.77e-04	1.61e-06	0.00e+00	0.00e+00
 8.57437e+15	3.18e-04	8.23e-02	7.79e-01	1.38e-01	8.29e-04	1.22e-06	0.00e+00	0.00e+00
 8.61390e+15	3.64e-04	8.99e-02	7.80e-01	1.29e-01	6.84e-04	8.83e-07	0.00e+00	0.00e+00
 8.65719e+15	4.22e-04	9.89e-02	7.80e-01	1.20e-01	5.56e-04	0.00e+00	0.00e+00	0.00e+00
 8.69593e+15	4.84e-04	1.08e-01	7.79e-01	1.12e-01	4.59e-04	0.00e+00	0.00e+00	0.00e+00
 8.73058e+15	5.47e-04	1.17e-01	7.77e-01	1.05e-01	3.86e-04	0.00e+00	0.00e+00	0.00e+00
 8.76939e+15	6.29e-04	1.28e-01	7.74e-01	9.72e-02	3.16e-04	0.00e+00	0.00e+00	0.00e+00
 8.81207e+15	7.35e-04	1.41e-01	7.69e-01	8.91e-02	2.53e-04	0.00e+00	0.00e+00	0.00e+00
 8.85075e+15	8.49e-04	1.54e-01	7.63e-01	8.17e-02	2.06e-04	0.00e+00	0.00e+00	0.00e+00
 8.88516e+15	9.69e-04	1.67e-01	7.56e-01	7.55e-02	1.71e-04	0.00e+00	0.00e+00	0.00e+00
 8.92308e+15	1.12e-03	1.83e-01	7.47e-01	6.87e-02	1.37e-04	0.00e+00	0.00e+00	0.00e+00
 8.96489e+15	1.32e-03	2.03e-01	7.34e-01	6.16e-02	1.07e-04	0.00e+00	0.00e+00	0.00e+00
 9.00297e+15	1.54e-03	2.23e-01	7.20e-01	5.53e-02	8.54e-05	0.00e+00	0.00e+00	0.00e+00
 9.03767e+15	1.78e-03	2.43e-01	7.05e-01	4.98e-02	6.86e-05	0.00e+00	0.00e+00	0.00e+00
 9.07679e+15	2.09e-03	2.68e-01	6.86e-01	4.40e-02	5.31e-05	0.00e+00	0.00e+00	0.00e+00
 9.12064e+15	2.53e-03	2.99e-01	6.60e-01	3.77e-02	3.93e-05	0.00e+00	0.00e+00	0.00e+00
 9.16127e+15	3.01e-03	3.32e-01	6.33e-01	3.23e-02	2.92e-05	0.00e+00	0.00e+00	0.00e+00
 9.19802e+15	3.56e-03	3.65e-01	6.04e-01	2.76e-02	2.19e-05	0.00e+00	0.00e+00	0.00e+00
 9.23912e+15	4.30e-03	4.05e-01	5.68e-01	2.29e-02	1.57e-05	0.00e+00	0.00e+00	0.00e+00
 9.28336e+15	5.29e-03	4.52e-01	5.24e-01	1.82e-02	1.06e-05	0.00e+00	0.00e+00	0.00e+00
 9.32085e+15	6.32e-03	4.96e-01	4.83e-01	1.46e-02	7.38e-06	0.00e+00	0.00e+00	0.00e+00
 9.35223e+15	7.38e-03	5.36e-01	4.45e-01	1.19e-02	5.32e-06	0.00e+00	0.00e+00	0.00e+00
 9.38649e+15	8.75e-03	5.79e-01	4.02e-01	9.39e-03	3.63e-06	0.00e+00	0.00e+00	0.00e+00
 9.42146e+15	1.04e-02	6.27e-01	3.56e-01	7.10e-03	2.36e-06	0.00e+00	0.00e+00	0.00e+00
 9.44826e+15	1.20e-02	6.63e-01	3.19e-01	5.62e-03	1.66e-06	0.00e+00	0.00e+00	0.00e+00
 9.46981e+15	1.34e-02	6.93e-01	2.89e-01	4.57e-03	1.23e-06	0.00e+00	0.00e+00	0.00e+00
 9.49363e+15	1.51e-02	7.24e-01	2.57e-01	3.58e-03	8.58e-07	0.00e+00	0.00e+00	0.00e+00
 9.52006e+15	1.74e-02	7.58e-01	2.22e-01	2.67e-03	0.00e+00	0.00e+00	0.00e+00	0.00e+00
 9.54366e+15	1.98e-02	7.87e-01	1.92e-01	1.99e-03	0.00e+00	0.00e+00	0.00e+00	0.00e+00
 9.56342e+15	2.21e-02	8.09e-01	1.67e-01	1.54e-03	0.00e+00	0.00e+00	0.00e+00	0.00e+00
 9.58441e+15	2.48e-02	8.31e-01	1.43e-01	1.14e-03	0.00e+00	0.00e+00	0.00e+00	0.00e+00
 9.60712e+15	2.82e-02	8.52e-01	1.19e-01	8.06e-04	0.00e+00	0.00e+00	0.00e+00	0.00e+00
 9.62670e+15	3.16e-02	8.68e-01	9.96e-02	5.81e-04	0.00e+00	0.00e+00	0.00e+00	0.00e+00
 9.64315e+15	3.49e-02	8.80e-01	8.49e-02	4.34e-04	0.00e+00	0.00e+00	0.00e+00	0.00e+00
 9.66090e+15	3.88e-02	8.90e-01	7.09e-02	3.12e-04	0.00e+00	0.00e+00	0.00e+00	0.00e+00
 9.68062e+15	4.39e-02	8.99e-01	5.71e-02	2.11e-04	0.00e+00	0.00e+00	0.00e+00	0.00e+00
 9.69773e+15	4.90e-02	9.04e-01	4.65e-02	1.46e-04	0.00e+00	0.00e+00	0.00e+00	0.00e+00
 9.71180e+15	5.39e-02	9.07e-01	3.89e-02	1.07e-04	0.00e+00	0.00e+00	0.00e+00	0.00e+00
 9.72707e+15	5.95e-02	9.09e-01	3.18e-02	7.44e-05	0.00e+00	0.00e+00	0.00e+00	0.00e+00
 9.74691e+15	6.82e-02	9.08e-01	2.43e-02	4.58e-05	0.00e+00	0.00e+00	0.00e+00	0.00e+00
 9.76681e+15	7.84e-02	9.04e-01	1.80e-02	2.71e-05	0.00e+00	0.00e+00	0.00e+00	0.00e+00
 9.78150e+15	8.74e-02	8.99e-01	1.41e-02	1.78e-05	0.00e+00	0.00e+00	0.00e+00	0.00e+00
 9.79283e+15	9.49e-02	8.93e-01	1.17e-02	1.28e-05	0.00e+00	0.00e+00	0.00e+00	0.00e+00
 9.80345e+15	1.03e-01	8.88e-01	9.73e-03	9.29e-06	0.00e+00	0.00e+00	0.00e+00	0.00e+00
 9.81495e+15	1.12e-01	8.80e-01	7.92e-03	6.49e-06	0.00e+00	0.00e+00	0.00e+00	0.00e+00
 9.82721e+15	1.22e-01	8.71e-01	6.33e-03	4.38e-06	0.00e+00	0.00e+00	0.00e+00	0.00e+00
 9.83816e+15	1.33e-01	8.62e-01	5.14e-03	3.05e-06	0.00e+00	0.00e+00	0.00e+00	0.00e+00
 9.84723e+15	1.42e-01	8.54e-01	4.30e-03	2.24e-06	0.00e+00	0.00e+00	0.00e+00	0.00e+00
 9.85552e+15	1.51e-01	8.46e-01	3.64e-03	1.68e-06	0.00e+00	0.00e+00	0.00e+00	0.00e+00
 9.86215e+15	1.58e-01	8.39e-01	3.18e-03	1.33e-06	0.00e+00	0.00e+00	0.00e+00	0.00e+00
 9.86661e+15	1.63e-01	8.34e-01	2.91e-03	1.14e-06	0.00e+00	0.00e+00	0.00e+00	0.00e+00
 9.87068e+15	1.68e-01	8.30e-01	2.67e-03	9.81e-07	0.00e+00	0.00e+00	0.00e+00	0.00e+00
 9.87540e+15	1.74e-01	8.24e-01	2.42e-03	0.00e+00	0.00e+00	0.00e+00	0.00e+00	0.00e+00
 9.88060e+15	1.80e-01	8.18e-01	2.16e-03	0.00e+00	0.00e+00	0.00e+00	0.00e+00	0.00e+00
 9.88569e+15	1.86e-01	8.12e-01	1.94e-03	0.00e+00	0.00e+00	0.00e+00	0.00e+00	0.00e+00
 9.89042e+15	1.93e-01	8.06e-01	1.75e-03	0.00e+00	0.00e+00	0.00e+00	0.00e+00	0.00e+00
 9.89504e+15	1.99e-01	7.99e-01	1.58e-03	0.00e+00	0.00e+00	0.00e+00	0.00e+00	0.00e+00
 9.89977e+15	2.05e-01	7.93e-01	1.42e-03	0.00e+00	0.00e+00	0.00e+00	0.00e+00	0.00e+00
 9.90444e+15	2.12e-01	7.87e-01	1.28e-03	0.00e+00	0.00e+00	0.00e+00	0.00e+00	0.00e+00
 9.90905e+15	2.18e-01	7.80e-01	1.16e-03	0.00e+00	0.00e+00	0.00e+00	0.00e+00	0.00e+00
 9.91369e+15	2.25e-01	7.74e-01	1.04e-03	0.00e+00	0.00e+00	0.00e+00	0.00e+00	0.00e+00
 9.91829e+15	2.32e-01	7.67e-01	9.36e-04	0.00e+00	0.00e+00	0.00e+00	0.00e+00	0.00e+00
 9.92285e+15	2.39e-01	7.60e-01	8.42e-04	0.00e+00	0.00e+00	0.00e+00	0.00e+00	0.00e+00
 9.92738e+15	2.46e-01	7.53e-01	7.58e-04	0.00e+00	0.00e+00	0.00e+00	0.00e+00	0.00e+00
 9.93191e+15	2.53e-01	7.46e-01	6.81e-04	0.00e+00	0.00e+00	0.00e+00	0.00e+00	0.00e+00
 9.93647e+15	2.60e-01	7.39e-01	6.12e-04	0.00e+00	0.00e+00	0.00e+00	0.00e+00	0.00e+00
 9.94094e+15	2.68e-01	7.32e-01	5.50e-04	0.00e+00	0.00e+00	0.00e+00	0.00e+00	0.00e+00
 9.94536e+15	2.75e-01	7.24e-01	4.95e-04	0.00e+00	0.00e+00	0.00e+00	0.00e+00	0.00e+00
 9.94985e+15	2.83e-01	7.17e-01	4.44e-04	0.00e+00	0.00e+00	0.00e+00	0.00e+00	0.00e+00
 9.95433e+15	2.91e-01	7.09e-01	3.98e-04	0.00e+00	0.00e+00	0.00e+00	0.00e+00	0.00e+00
 9.95879e+15	2.98e-01	7.01e-01	3.57e-04	0.00e+00	0.00e+00	0.00e+00	0.00e+00	0.00e+00
 9.96325e+15	3.07e-01	6.93e-01	3.21e-04	0.00e+00	0.00e+00	0.00e+00	0.00e+00	0.00e+00
 9.96772e+15	3.16e-01	6.84e-01	2.87e-04	0.00e+00	0.00e+00	0.00e+00	0.00e+00	0.00e+00
 9.97225e+15	3.24e-01	6.76e-01	2.57e-04	0.00e+00	0.00e+00	0.00e+00	0.00e+00	0.00e+00
 9.97673e+15	3.33e-01	6.67e-01	2.30e-04	0.00e+00	0.00e+00	0.00e+00	0.00e+00	0.00e+00
 9.98120e+15	3.42e-01	6.58e-01	2.06e-04	0.00e+00	0.00e+00	0.00e+00	0.00e+00	0.00e+00
 9.98573e+15	3.51e-01	6.49e-01	1.84e-04	0.00e+00	0.00e+00	0.00e+00	0.00e+00	0.00e+00
 9.99027e+15	3.61e-01	6.39e-01	1.64e-04	0.00e+00	0.00e+00	0.00e+00	0.00e+00	0.00e+00
 9.99475e+15	3.71e-01	6.29e-01	1.47e-04	0.00e+00	0.00e+00	0.00e+00	0.00e+00	0.00e+00
 9.99918e+15	3.81e-01	6.19e-01	1.32e-04	0.00e+00	0.00e+00	0.00e+00	0.00e+00	0.00e+00
 1.00036e+16	3.91e-01	6.09e-01	1.18e-04	0.00e+00	0.00e+00	0.00e+00	0.00e+00	0.00e+00
 1.00081e+16	4.01e-01	5.98e-01	1.06e-04	0.00e+00	0.00e+00	0.00e+00	0.00e+00	0.00e+00
 1.00125e+16	4.12e-01	5.87e-01	9.48e-05	0.00e+00	0.00e+00	0.00e+00	0.00e+00	0.00e+00
 1.00170e+16	4.24e-01	5.75e-01	8.48e-05	0.00e+00	0.00e+00	0.00e+00	0.00e+00	0.00e+00
 1.00216e+16	4.36e-01	5.64e-01	7.61e-05	0.00e+00	0.00e+00	0.00e+00	0.00e+00	0.00e+00
 1.00261e+16	4.50e-01	5.50e-01	6.80e-05	0.00e+00	0.00e+00	0.00e+00	0.00e+00	0.00e+00
 1.00307e+16	4.62e-01	5.38e-01	6.11e-05	0.00e+00	0.00e+00	0.00e+00	0.00e+00	0.00e+00
 1.00354e+16	4.75e-01	5.25e-01	5.47e-05	0.00e+00	0.00e+00	0.00e+00	0.00e+00	0.00e+00
 1.00403e+16	4.90e-01	5.10e-01	4.89e-05	0.00e+00	0.00e+00	0.00e+00	0.00e+00	0.00e+00
 1.00452e+16	5.03e-01	4.97e-01	4.37e-05	0.00e+00	0.00e+00	0.00e+00	0.00e+00	0.00e+00
 1.00504e+16	5.19e-01	4.81e-01	3.90e-05	0.00e+00	0.00e+00	0.00e+00	0.00e+00	0.00e+00
 1.00557e+16	5.35e-01	4.65e-01	3.48e-05	0.00e+00	0.00e+00	0.00e+00	0.00e+00	0.00e+00
 1.00613e+16	5.51e-01	4.48e-01	3.10e-05	0.00e+00	0.00e+00	0.00e+00	0.00e+00	0.00e+00
 1.00671e+16	5.69e-01	4.31e-01	2.75e-05	0.00e+00	0.00e+00	0.00e+00	0.00e+00	0.00e+00
 1.00733e+16	5.89e-01	4.11e-01	2.43e-05	0.00e+00	0.00e+00	0.00e+00	0.00e+00	0.00e+00
 1.00798e+16	6.08e-01	3.92e-01	2.15e-05	0.00e+00	0.00e+00	0.00e+00	0.00e+00	0.00e+00
 1.00867e+16	6.27e-01	3.72e-01	1.91e-05	0.00e+00	0.00e+00	0.00e+00	0.00e+00	0.00e+00
 1.00944e+16	6.48e-01	3.52e-01	1.68e-05	0.00e+00	0.00e+00	0.00e+00	0.00e+00	0.00e+00
 1.01030e+16	6.69e-01	3.31e-01	1.48e-05	0.00e+00	0.00e+00	0.00e+00	0.00e+00	0.00e+00
 1.01115e+16	6.86e-01	3.14e-01	1.32e-05	0.00e+00	0.00e+00	0.00e+00	0.00e+00	0.00e+00
 1.01191e+16	7.00e-01	3.00e-01	1.21e-05	0.00e+00	0.00e+00	0.00e+00	0.00e+00	0.00e+00
 1.01269e+16	7.14e-01	2.86e-01	1.10e-05	0.00e+00	0.00e+00	0.00e+00	0.00e+00	0.00e+00
 1.01359e+16	7.27e-01	2.73e-01	1.01e-05	0.00e+00	0.00e+00	0.00e+00	0.00e+00	0.00e+00
 1.01459e+16	7.41e-01	2.59e-01	9.18e-06	0.00e+00	0.00e+00	0.00e+00	0.00e+00	0.00e+00
 1.01567e+16	7.55e-01	2.45e-01	8.38e-06	0.00e+00	0.00e+00	0.00e+00	0.00e+00	0.00e+00
 1.01683e+16	7.67e-01	2.33e-01	7.66e-06	0.00e+00	0.00e+00	0.00e+00	0.00e+00	0.00e+00
 1.01812e+16	7.79e-01	2.21e-01	7.00e-06	0.00e+00	0.00e+00	0.00e+00	0.00e+00	0.00e+00
 1.01952e+16	7.91e-01	2.09e-01	6.39e-06	0.00e+00	0.00e+00	0.00e+00	0.00e+00	0.00e+00
 1.02103e+16	8.03e-01	1.97e-01	5.83e-06	0.00e+00	0.00e+00	0.00e+00	0.00e+00	0.00e+00
 1.02264e+16	8.14e-01	1.86e-01	5.31e-06	0.00e+00	0.00e+00	0.00e+00	0.00e+00	0.00e+00
 1.02432e+16	8.25e-01	1.75e-01	4.83e-06	0.00e+00	0.00e+00	0.00e+00	0.00e+00	0.00e+00
 1.02603e+16	8.36e-01	1.64e-01	4.39e-06	0.00e+00	0.00e+00	0.00e+00	0.00e+00	0.00e+00
 1.02777e+16	8.46e-01	1.54e-01	3.99e-06	0.00e+00	0.00e+00	0.00e+00	0.00e+00	0.00e+00
 1.02951e+16	8.55e-01	1.45e-01	3.62e-06	0.00e+00	0.00e+00	0.00e+00	0.00e+00	0.00e+00
 1.03124e+16	8.65e-01	1.35e-01	3.28e-06	0.00e+00	0.00e+00	0.00e+00	0.00e+00	0.00e+00
 1.03299e+16	8.73e-01	1.27e-01	2.99e-06	0.00e+00	0.00e+00	0.00e+00	0.00e+00	0.00e+00
 1.03470e+16	8.81e-01	1.19e-01	2.70e-06	0.00e+00	0.00e+00	0.00e+00	0.00e+00	0.00e+00
 1.03636e+16	8.89e-01	1.11e-01	2.45e-06	0.00e+00	0.00e+00	0.00e+00	0.00e+00	0.00e+00
 1.03803e+16	8.96e-01	1.04e-01	2.23e-06	0.00e+00	0.00e+00	0.00e+00	0.00e+00	0.00e+00
 1.03967e+16	9.03e-01	9.72e-02	2.03e-06	0.00e+00	0.00e+00	0.00e+00	0.00e+00	0.00e+00
 1.04125e+16	9.09e-01	9.11e-02	1.85e-06	0.00e+00	0.00e+00	0.00e+00	0.00e+00	0.00e+00
 1.04279e+16	9.14e-01	8.56e-02	1.69e-06	0.00e+00	0.00e+00	0.00e+00	0.00e+00	0.00e+00
 1.04429e+16	9.20e-01	8.03e-02	1.55e-06	0.00e+00	0.00e+00	0.00e+00	0.00e+00	0.00e+00
 1.04581e+16	9.25e-01	7.53e-02	1.41e-06	0.00e+00	0.00e+00	0.00e+00	0.00e+00	0.00e+00
 1.04734e+16	9.29e-01	7.05e-02	1.29e-06	0.00e+00	0.00e+00	0.00e+00	0.00e+00	0.00e+00
 1.04884e+16	9.34e-01	6.61e-02	1.18e-06	0.00e+00	0.00e+00	0.00e+00	0.00e+00	0.00e+00
 1.05032e+16	9.38e-01	6.20e-02	1.08e-06	0.00e+00	0.00e+00	0.00e+00	0.00e+00	0.00e+00
 1.05178e+16	9.42e-01	5.82e-02	9.89e-07	0.00e+00	0.00e+00	0.00e+00	0.00e+00	0.00e+00
 1.05324e+16	9.45e-01	5.46e-02	9.06e-07	0.00e+00	0.00e+00	0.00e+00	0.00e+00	0.00e+00
 1.05468e+16	9.49e-01	5.12e-02	8.31e-07	0.00e+00	0.00e+00	0.00e+00	0.00e+00	0.00e+00
 1.05612e+16	9.52e-01	4.81e-02	7.62e-07	0.00e+00	0.00e+00	0.00e+00	0.00e+00	0.00e+00
 1.05756e+16	9.55e-01	4.51e-02	6.99e-07	0.00e+00	0.00e+00	0.00e+00	0.00e+00	0.00e+00
 1.05899e+16	9.58e-01	4.24e-02	6.42e-07	0.00e+00	0.00e+00	0.00e+00	0.00e+00	0.00e+00
 1.06043e+16	9.60e-01	3.98e-02	5.89e-07	0.00e+00	0.00e+00	0.00e+00	0.00e+00	0.00e+00
 1.06187e+16	9.63e-01	3.74e-02	5.41e-07	0.00e+00	0.00e+00	0.00e+00	0.00e+00	0.00e+00
 1.06332e+16	9.65e-01	3.51e-02	4.97e-07	0.00e+00	0.00e+00	0.00e+00	0.00e+00	0.00e+00
 1.06478e+16	9.67e-01	3.30e-02	4.56e-07	0.00e+00	0.00e+00	0.00e+00	0.00e+00	0.00e+00
 1.06629e+16	9.69e-01	3.09e-02	4.18e-07	0.00e+00	0.00e+00	0.00e+00	0.00e+00	0.00e+00
 1.06785e+16	9.71e-01	2.89e-02	3.82e-07	0.00e+00	0.00e+00	0.00e+00	0.00e+00	0.00e+00
 1.06947e+16	9.73e-01	2.70e-02	3.48e-07	0.00e+00	0.00e+00	0.00e+00	0.00e+00	0.00e+00
 1.07113e+16	9.75e-01	2.52e-02	3.17e-07	0.00e+00	0.00e+00	0.00e+00	0.00e+00	0.00e+00
 1.07287e+16	9.76e-01	2.35e-02	2.88e-07	0.00e+00	0.00e+00	0.00e+00	0.00e+00	0.00e+00
 1.07471e+16	9.78e-01	2.19e-02	2.60e-07	0.00e+00	0.00e+00	0.00e+00	0.00e+00	0.00e+00
 1.07669e+16	9.80e-01	2.03e-02	2.35e-07	0.00e+00	0.00e+00	0.00e+00	0.00e+00	0.00e+00
 1.07887e+16	9.81e-01	1.87e-02	2.09e-07	0.00e+00	0.00e+00	0.00e+00	0.00e+00	0.00e+00
 1.08134e+16	9.83e-01	1.70e-02	1.84e-07	0.00e+00	0.00e+00	0.00e+00	0.00e+00	0.00e+00
 1.08414e+16	9.85e-01	1.54e-02	1.60e-07	0.00e+00	0.00e+00	0.00e+00	0.00e+00	0.00e+00
 1.08700e+16	9.86e-01	1.41e-02	1.40e-07	0.00e+00	0.00e+00	0.00e+00	0.00e+00	0.00e+00
 1.08964e+16	9.87e-01	1.30e-02	1.25e-07	0.00e+00	0.00e+00	0.00e+00	0.00e+00	0.00e+00
 1.09204e+16	9.88e-01	1.22e-02	1.13e-07	0.00e+00	0.00e+00	0.00e+00	0.00e+00	0.00e+00
