#depth	C	C+	C+2	C+3	C+4	C+5	C+6	C[1]	C[2]	C[3]	C+[1]	C+[2]	CO
 1.49634e+10	0.00e+00	9.73e-29	7.83e-20	1.41e-11	1.33e-02	9.30e-01	5.66e-02	0.00e+00	0.00e+00	0.00e+00	0.00e+00	0.00e+00	0.00e+00
 4.54887e+10	2.40e-38	1.39e-28	1.03e-19	1.70e-11	1.47e-02	9.33e-01	5.21e-02	0.00e+00	0.00e+00	0.00e+00	0.00e+00	0.00e+00	2.97e-125
 7.72350e+10	0.00e+00	1.99e-28	1.35e-19	2.05e-11	1.62e-02	9.36e-01	4.80e-02	0.00e+00	0.00e+00	0.00e+00	0.00e+00	0.00e+00	0.00e+00
 1.10251e+11	5.81e-38	2.85e-28	1.78e-19	2.47e-11	1.79e-02	9.38e-01	4.41e-02	0.00e+00	0.00e+00	0.00e+00	0.00e+00	0.00e+00	3.15e-124
 1.41802e+11	0.00e+00	3.97e-28	2.29e-19	2.94e-11	1.96e-02	9.40e-01	4.08e-02	0.00e+00	0.00e+00	0.00e+00	0.00e+00	0.00e+00	0.00e+00
 1.70780e+11	1.26e-37	5.32e-28	2.87e-19	3.42e-11	2.13e-02	9.41e-01	3.80e-02	0.00e+00	0.00e+00	0.00e+00	0.00e+00	0.00e+00	2.47e-123
 2.03573e+11	0.00e+00	7.34e-28	3.67e-19	4.04e-11	2.33e-02	9.42e-01	3.52e-02	0.00e+00	0.00e+00	0.00e+00	0.00e+00	0.00e+00	0.00e+00
 2.41514e+11	2.94e-37	1.05e-27	4.83e-19	4.88e-11	2.57e-02	9.42e-01	3.23e-02	0.00e+00	0.00e+00	0.00e+00	0.00e+00	0.00e+00	2.34e-122
 2.78839e+11	0.00e+00	1.48e-27	6.28e-19	5.83e-11	2.82e-02	9.42e-01	2.97e-02	0.00e+00	0.00e+00	0.00e+00	0.00e+00	0.00e+00	0.00e+00
 3.14573e+11	6.64e-37	2.04e-27	7.99e-19	6.88e-11	3.07e-02	9.42e-01	2.75e-02	0.00e+00	0.00e+00	0.00e+00	0.00e+00	0.00e+00	2.05e-121
 3.54000e+11	0.00e+00	2.86e-27	1.03e-18	8.19e-11	3.36e-02	9.41e-01	2.53e-02	0.00e+00	0.00e+00	0.00e+00	0.00e+00	0.00e+00	0.00e+00
 3.98086e+11	1.58e-36	4.12e-27	1.37e-18	9.90e-11	3.71e-02	9.40e-01	2.31e-02	0.00e+00	0.00e+00	0.00e+00	0.00e+00	0.00e+00	2.06e-120
 4.42422e+11	0.00e+00	5.86e-27	1.79e-18	1.19e-10	4.08e-02	9.38e-01	2.11e-02	0.00e+00	0.00e+00	0.00e+00	0.00e+00	0.00e+00	0.00e+00
 4.88530e+11	3.81e-36	8.36e-27	2.35e-18	1.43e-10	4.48e-02	9.36e-01	1.93e-02	0.00e+00	0.00e+00	0.00e+00	0.00e+00	0.00e+00	2.10e-119
 5.37998e+11	0.00e+00	1.21e-26	3.11e-18	1.73e-10	4.94e-02	9.33e-01	1.76e-02	0.00e+00	0.00e+00	0.00e+00	0.00e+00	0.00e+00	0.00e+00
 5.87083e+11	9.25e-36	1.71e-26	4.07e-18	2.07e-10	5.42e-02	9.30e-01	1.60e-02	0.00e+00	0.00e+00	0.00e+00	0.00e+00	0.00e+00	2.20e-118
 6.38132e+11	0.00e+00	2.43e-26	5.33e-18	2.49e-10	5.94e-02	9.26e-01	1.46e-02	0.00e+00	0.00e+00	0.00e+00	0.00e+00	0.00e+00	0.00e+00
 6.93584e+11	2.25e-35	3.52e-26	7.06e-18	3.01e-10	6.54e-02	9.21e-01	1.33e-02	0.00e+00	0.00e+00	0.00e+00	0.00e+00	0.00e+00	2.30e-117
 7.51254e+11	0.00e+00	5.08e-26	9.36e-18	3.64e-10	7.19e-02	9.16e-01	1.20e-02	0.00e+00	0.00e+00	0.00e+00	0.00e+00	0.00e+00	0.00e+00
 8.11231e+11	5.58e-35	7.33e-26	1.24e-17	4.40e-10	7.90e-02	9.10e-01	1.09e-02	0.00e+00	0.00e+00	0.00e+00	0.00e+00	0.00e+00	2.54e-116
 8.73607e+11	8.78e-35	1.06e-25	1.65e-17	5.33e-10	8.68e-02	9.03e-01	9.84e-03	0.00e+00	0.00e+00	0.00e+00	0.00e+00	0.00e+00	0.00e+00
 9.38478e+11	1.38e-34	1.53e-25	2.18e-17	6.44e-10	9.53e-02	8.96e-01	8.89e-03	0.00e+00	0.00e+00	0.00e+00	0.00e+00	0.00e+00	2.78e-115
 9.97285e+11	2.05e-34	2.10e-25	2.79e-17	7.60e-10	1.03e-01	8.89e-01	8.11e-03	0.00e+00	0.00e+00	0.00e+00	0.00e+00	0.00e+00	1.23e-97
 1.04651e+12	2.82e-34	2.72e-25	3.40e-17	8.68e-10	1.10e-01	8.82e-01	7.53e-03	0.00e+00	0.00e+00	0.00e+00	0.00e+00	0.00e+00	0.00e+00
 1.10052e+12	3.95e-34	3.58e-25	4.20e-17	1.00e-09	1.18e-01	8.75e-01	6.96e-03	0.00e+00	0.00e+00	0.00e+00	0.00e+00	0.00e+00	4.49e-114
 1.16864e+12	5.97e-34	5.00e-25	5.43e-17	1.19e-09	1.28e-01	8.66e-01	6.30e-03	0.00e+00	0.00e+00	0.00e+00	0.00e+00	0.00e+00	1.34e-96
 1.23954e+12	9.02e-34	6.99e-25	7.03e-17	1.41e-09	1.39e-01	8.55e-01	5.70e-03	0.00e+00	0.00e+00	0.00e+00	0.00e+00	0.00e+00	0.00e+00
 1.30031e+12	1.27e-33	9.20e-25	8.70e-17	1.63e-09	1.49e-01	8.46e-01	5.24e-03	0.00e+00	0.00e+00	0.00e+00	0.00e+00	0.00e+00	9.83e-113
 1.36346e+12	1.78e-33	1.21e-24	1.08e-16	1.88e-09	1.59e-01	8.36e-01	4.81e-03	0.00e+00	0.00e+00	0.00e+00	0.00e+00	0.00e+00	1.52e-95
 1.44210e+12	2.67e-33	1.69e-24	1.39e-16	2.23e-09	1.72e-01	8.24e-01	4.34e-03	0.00e+00	0.00e+00	0.00e+00	0.00e+00	0.00e+00	0.00e+00
 1.52175e+12	3.97e-33	2.32e-24	1.78e-16	2.63e-09	1.86e-01	8.10e-01	3.91e-03	0.00e+00	0.00e+00	0.00e+00	0.00e+00	0.00e+00	2.06e-111
 1.59115e+12	5.52e-33	3.04e-24	2.19e-16	3.02e-09	1.98e-01	7.99e-01	3.58e-03	0.00e+00	0.00e+00	0.00e+00	0.00e+00	0.00e+00	1.90e-94
 1.66637e+12	7.78e-33	4.01e-24	2.71e-16	3.49e-09	2.11e-01	7.86e-01	3.26e-03	0.00e+00	0.00e+00	0.00e+00	0.00e+00	0.00e+00	1.26e-110
 1.75803e+12	1.16e-32	5.56e-24	3.49e-16	4.12e-09	2.27e-01	7.70e-01	2.92e-03	0.00e+00	0.00e+00	0.00e+00	0.00e+00	0.00e+00	1.01e-93
 1.85134e+12	1.72e-32	7.63e-24	4.46e-16	4.85e-09	2.44e-01	7.54e-01	2.62e-03	0.00e+00	0.00e+00	0.00e+00	0.00e+00	0.00e+00	1.06e-109
 1.93690e+12	2.42e-32	1.01e-23	5.52e-16	5.58e-09	2.59e-01	7.39e-01	2.37e-03	0.00e+00	0.00e+00	0.00e+00	0.00e+00	0.00e+00	5.20e-93
 2.03210e+12	3.48e-32	1.35e-23	6.93e-16	6.48e-09	2.76e-01	7.22e-01	2.13e-03	0.00e+00	0.00e+00	0.00e+00	0.00e+00	0.00e+00	7.25e-109
 2.14260e+12	5.21e-32	1.87e-23	8.92e-16	7.65e-09	2.96e-01	7.02e-01	1.89e-03	0.00e+00	0.00e+00	0.00e+00	0.00e+00	0.00e+00	2.94e-92
 2.25169e+12	7.60e-32	2.55e-23	1.13e-15	8.93e-09	3.16e-01	6.83e-01	1.68e-03	0.00e+00	0.00e+00	0.00e+00	0.00e+00	0.00e+00	6.20e-108
 2.35611e+12	1.07e-31	3.37e-23	1.40e-15	1.03e-08	3.34e-01	6.64e-01	1.51e-03	0.00e+00	0.00e+00	0.00e+00	0.00e+00	0.00e+00	1.52e-91
 2.47124e+12	1.55e-31	4.52e-23	1.75e-15	1.19e-08	3.54e-01	6.45e-01	1.34e-03	0.00e+00	0.00e+00	0.00e+00	0.00e+00	0.00e+00	4.43e-107
 2.60002e+12	2.28e-31	6.18e-23	2.23e-15	1.39e-08	3.76e-01	6.23e-01	1.18e-03	0.00e+00	0.00e+00	0.00e+00	0.00e+00	0.00e+00	8.55e-91
 2.71704e+12	3.19e-31	8.10e-23	2.74e-15	1.59e-08	3.96e-01	6.03e-01	1.06e-03	0.00e+00	0.00e+00	0.00e+00	0.00e+00	0.00e+00	3.37e-106
 2.81545e+12	4.18e-31	1.01e-22	3.24e-15	1.77e-08	4.12e-01	5.87e-01	9.63e-04	0.00e+00	0.00e+00	0.00e+00	0.00e+00	0.00e+00	3.48e-90
 2.92363e+12	5.57e-31	1.27e-22	3.86e-15	1.98e-08	4.29e-01	5.70e-01	8.72e-04	0.00e+00	0.00e+00	0.00e+00	0.00e+00	0.00e+00	1.63e-105
 3.04575e+12	7.60e-31	1.63e-22	4.68e-15	2.23e-08	4.49e-01	5.50e-01	7.81e-04	0.00e+00	0.00e+00	0.00e+00	0.00e+00	0.00e+00	1.41e-89
 3.16266e+12	1.01e-30	2.05e-22	5.57e-15	2.49e-08	4.67e-01	5.33e-01	7.05e-04	0.00e+00	0.00e+00	0.00e+00	0.00e+00	0.00e+00	9.02e-105
 3.29134e+12	1.37e-30	2.61e-22	6.69e-15	2.80e-08	4.86e-01	5.14e-01	6.31e-04	0.00e+00	0.00e+00	0.00e+00	0.00e+00	0.00e+00	5.63e-89
 3.43426e+12	1.89e-30	3.39e-22	8.13e-15	3.16e-08	5.06e-01	4.93e-01	5.60e-04	0.00e+00	0.00e+00	0.00e+00	0.00e+00	0.00e+00	5.47e-104
 3.56818e+12	2.53e-30	4.27e-22	9.69e-15	3.53e-08	5.24e-01	4.75e-01	5.02e-04	0.00e+00	0.00e+00	0.00e+00	0.00e+00	0.00e+00	2.41e-88
 3.71475e+12	3.43e-30	5.44e-22	1.16e-14	3.95e-08	5.44e-01	4.56e-01	4.46e-04	0.00e+00	0.00e+00	0.00e+00	0.00e+00	0.00e+00	3.09e-103
 3.87959e+12	4.76e-30	7.07e-22	1.41e-14	4.46e-08	5.64e-01	4.35e-01	3.92e-04	0.00e+00	0.00e+00	0.00e+00	0.00e+00	0.00e+00	1.10e-87
 4.03704e+12	6.42e-30	8.97e-22	1.69e-14	4.98e-08	5.83e-01	4.16e-01	3.48e-04	0.00e+00	0.00e+00	0.00e+00	0.00e+00	0.00e+00	1.96e-102
 4.20972e+12	8.80e-30	1.15e-21	2.04e-14	5.58e-08	6.03e-01	3.97e-01	3.06e-04	0.00e+00	0.00e+00	0.00e+00	0.00e+00	0.00e+00	4.87e-87
 4.39276e+12	1.21e-29	1.49e-21	2.46e-14	6.26e-08	6.22e-01	3.77e-01	2.68e-04	0.00e+00	0.00e+00	0.00e+00	0.00e+00	0.00e+00	1.30e-101
 4.55289e+12	1.59e-29	1.84e-21	2.89e-14	6.89e-08	6.39e-01	3.61e-01	2.40e-04	0.00e+00	0.00e+00	0.00e+00	0.00e+00	0.00e+00	2.05e-86
 4.72382e+12	2.09e-29	2.29e-21	3.39e-14	7.59e-08	6.55e-01	3.45e-01	2.13e-04	0.00e+00	0.00e+00	0.00e+00	0.00e+00	0.00e+00	6.66e-101
 4.93180e+12	2.89e-29	2.95e-21	4.09e-14	8.49e-08	6.74e-01	3.26e-01	1.86e-04	0.00e+00	0.00e+00	0.00e+00	0.00e+00	0.00e+00	9.01e-86
 5.13896e+12	3.93e-29	3.76e-21	4.90e-14	9.44e-08	6.91e-01	3.09e-01	1.62e-04	0.00e+00	0.00e+00	0.00e+00	0.00e+00	0.00e+00	4.48e-100
 5.32169e+12	5.10e-29	4.62e-21	5.69e-14	1.03e-07	7.05e-01	2.94e-01	1.45e-04	0.00e+00	0.00e+00	0.00e+00	0.00e+00	0.00e+00	3.71e-85
 5.52168e+12	6.72e-29	5.74e-21	6.67e-14	1.13e-07	7.20e-01	2.80e-01	1.28e-04	0.00e+00	0.00e+00	0.00e+00	0.00e+00	0.00e+00	2.31e-99
 5.76238e+12	9.25e-29	7.37e-21	8.01e-14	1.26e-07	7.37e-01	2.63e-01	1.11e-04	0.00e+00	0.00e+00	0.00e+00	0.00e+00	0.00e+00	1.65e-84
 6.00323e+12	1.25e-28	9.37e-21	9.54e-14	1.40e-07	7.52e-01	2.48e-01	9.65e-05	0.00e+00	0.00e+00	0.00e+00	0.00e+00	0.00e+00	1.57e-98
 6.22225e+12	1.64e-28	1.15e-20	1.11e-13	1.52e-07	7.65e-01	2.35e-01	8.53e-05	0.00e+00	0.00e+00	0.00e+00	0.00e+00	0.00e+00	7.00e-84
 6.46562e+12	2.18e-28	1.44e-20	1.30e-13	1.67e-07	7.78e-01	2.22e-01	7.48e-05	0.00e+00	0.00e+00	0.00e+00	0.00e+00	0.00e+00	8.69e-98
 6.75021e+12	3.01e-28	1.85e-20	1.56e-13	1.85e-07	7.93e-01	2.07e-01	6.43e-05	0.00e+00	0.00e+00	0.00e+00	0.00e+00	0.00e+00	3.28e-83
 7.03111e+12	4.07e-28	2.35e-20	1.85e-13	2.04e-07	8.06e-01	1.94e-01	5.56e-05	0.00e+00	0.00e+00	0.00e+00	0.00e+00	0.00e+00	6.07e-97
 7.29647e+12	5.37e-28	2.91e-20	2.16e-13	2.23e-07	8.17e-01	1.83e-01	4.88e-05	0.00e+00	0.00e+00	0.00e+00	0.00e+00	0.00e+00	1.45e-82
 7.59148e+12	7.21e-28	3.66e-20	2.55e-13	2.44e-07	8.28e-01	1.72e-01	4.23e-05	0.00e+00	0.00e+00	0.00e+00	0.00e+00	0.00e+00	3.64e-96
 7.92507e+12	9.93e-28	4.69e-20	3.04e-13	2.70e-07	8.40e-01	1.60e-01	3.63e-05	0.00e+00	0.00e+00	0.00e+00	0.00e+00	0.00e+00	7.13e-82
 8.26014e+12	1.35e-27	5.96e-20	3.61e-13	2.96e-07	8.51e-01	1.49e-01	3.12e-05	0.00e+00	0.00e+00	0.00e+00	0.00e+00	0.00e+00	2.64e-95
 8.60862e+12	1.84e-27	7.56e-20	4.27e-13	3.25e-07	8.61e-01	1.39e-01	2.69e-05	0.00e+00	0.00e+00	0.00e+00	0.00e+00	0.00e+00	3.56e-81
 8.98289e+12	2.53e-27	9.66e-20	5.08e-13	3.58e-07	8.70e-01	1.30e-01	2.30e-05	0.00e+00	0.00e+00	0.00e+00	0.00e+00	0.00e+00	1.92e-94
 9.37213e+12	3.47e-27	1.23e-19	6.04e-13	3.93e-07	8.80e-01	1.20e-01	1.96e-05	0.00e+00	0.00e+00	0.00e+00	0.00e+00	0.00e+00	1.88e-80
 9.75521e+12	4.68e-27	1.55e-19	7.10e-13	4.30e-07	8.88e-01	1.12e-01	1.69e-05	0.00e+00	0.00e+00	0.00e+00	0.00e+00	0.00e+00	1.36e-93
 1.01115e+13	6.12e-27	1.91e-19	8.21e-13	4.65e-07	8.95e-01	1.05e-01	1.48e-05	0.00e+00	0.00e+00	0.00e+00	0.00e+00	0.00e+00	8.37e-80
 1.04330e+13	7.74e-27	2.29e-19	9.31e-13	4.98e-07	9.00e-01	9.98e-02	1.32e-05	0.00e+00	0.00e+00	0.00e+00	0.00e+00	0.00e+00	6.79e-93
 1.07778e+13	9.89e-27	2.76e-19	1.06e-12	5.34e-07	9.06e-01	9.42e-02	1.17e-05	0.00e+00	0.00e+00	0.00e+00	0.00e+00	0.00e+00	2.98e-79
 1.12071e+13	1.33e-26	3.45e-19	1.24e-12	5.81e-07	9.12e-01	8.78e-02	1.01e-05	0.00e+00	0.00e+00	0.00e+00	0.00e+00	0.00e+00	3.80e-92
 1.16375e+13	1.76e-26	4.29e-19	1.44e-12	6.30e-07	9.18e-01	8.21e-02	8.75e-06	0.00e+00	0.00e+00	0.00e+00	0.00e+00	0.00e+00	1.38e-78
 1.20075e+13	2.23e-26	5.14e-19	1.64e-12	6.73e-07	9.22e-01	7.76e-02	7.78e-06	0.00e+00	0.00e+00	0.00e+00	0.00e+00	0.00e+00	2.01e-91
 1.24077e+13	2.86e-26	6.21e-19	1.86e-12	7.21e-07	9.27e-01	7.31e-02	6.88e-06	0.00e+00	0.00e+00	0.00e+00	0.00e+00	0.00e+00	5.03e-78
 1.29016e+13	3.83e-26	7.77e-19	2.18e-12	7.83e-07	9.32e-01	6.81e-02	5.93e-06	0.00e+00	0.00e+00	0.00e+00	0.00e+00	0.00e+00	1.15e-90
 1.33953e+13	5.09e-26	9.65e-19	2.53e-12	8.47e-07	9.36e-01	6.35e-02	5.14e-06	0.00e+00	0.00e+00	0.00e+00	0.00e+00	0.00e+00	2.38e-77
 1.38217e+13	6.47e-26	1.16e-18	2.86e-12	9.04e-07	9.40e-01	6.00e-02	4.57e-06	0.00e+00	0.00e+00	0.00e+00	0.00e+00	0.00e+00	6.21e-90
 1.42823e+13	8.30e-26	1.40e-18	3.26e-12	9.67e-07	9.44e-01	5.65e-02	4.04e-06	0.00e+00	0.00e+00	0.00e+00	0.00e+00	0.00e+00	8.84e-77
 1.48485e+13	1.11e-25	1.75e-18	3.80e-12	1.05e-06	9.47e-01	5.25e-02	3.48e-06	0.00e+00	0.00e+00	0.00e+00	0.00e+00	0.00e+00	1.96e-76
 1.54199e+13	1.49e-25	2.18e-18	4.41e-12	1.13e-06	9.51e-01	4.90e-02	3.01e-06	0.00e+00	0.00e+00	0.00e+00	0.00e+00	0.00e+00	4.26e-76
 1.59262e+13	1.90e-25	2.63e-18	5.01e-12	1.21e-06	9.54e-01	4.61e-02	2.67e-06	0.00e+00	0.00e+00	0.00e+00	0.00e+00	0.00e+00	8.34e-76
 1.64798e+13	2.47e-25	3.20e-18	5.74e-12	1.30e-06	9.57e-01	4.33e-02	2.34e-06	0.00e+00	0.00e+00	0.00e+00	0.00e+00	0.00e+00	1.69e-75
 1.71435e+13	3.34e-25	4.02e-18	6.70e-12	1.41e-06	9.60e-01	4.02e-02	2.01e-06	0.00e+00	0.00e+00	0.00e+00	0.00e+00	0.00e+00	3.84e-75
 1.78049e+13	4.47e-25	5.01e-18	7.78e-12	1.52e-06	9.63e-01	3.74e-02	1.74e-06	0.00e+00	0.00e+00	0.00e+00	0.00e+00	0.00e+00	8.45e-75
 1.84075e+13	5.78e-25	6.08e-18	8.87e-12	1.62e-06	9.65e-01	3.52e-02	1.53e-06	0.00e+00	0.00e+00	0.00e+00	0.00e+00	0.00e+00	1.70e-74
 1.90793e+13	7.62e-25	7.49e-18	1.02e-11	1.75e-06	9.67e-01	3.29e-02	1.34e-06	0.00e+00	0.00e+00	0.00e+00	0.00e+00	0.00e+00	3.60e-74
 1.98631e+13	1.04e-24	9.47e-18	1.20e-11	1.89e-06	9.70e-01	3.05e-02	1.14e-06	0.00e+00	0.00e+00	0.00e+00	0.00e+00	0.00e+00	8.37e-74
 2.06355e+13	1.39e-24	1.18e-17	1.39e-11	2.04e-06	9.72e-01	2.83e-02	9.88e-07	0.00e+00	0.00e+00	0.00e+00	0.00e+00	0.00e+00	1.87e-73
 2.13668e+13	1.83e-24	1.45e-17	1.59e-11	2.19e-06	9.73e-01	2.65e-02	0.00e+00	0.00e+00	0.00e+00	0.00e+00	0.00e+00	0.00e+00	3.90e-73
 2.21794e+13	2.44e-24	1.80e-17	1.85e-11	2.36e-06	9.75e-01	2.47e-02	0.00e+00	0.00e+00	0.00e+00	0.00e+00	0.00e+00	0.00e+00	8.58e-73
 2.30965e+13	3.33e-24	2.28e-17	2.16e-11	2.56e-06	9.77e-01	2.29e-02	0.00e+00	0.00e+00	0.00e+00	0.00e+00	0.00e+00	0.00e+00	2.02e-72
 2.40181e+13	4.52e-24	2.87e-17	2.52e-11	2.77e-06	9.79e-01	2.12e-02	0.00e+00	0.00e+00	0.00e+00	0.00e+00	0.00e+00	0.00e+00	4.62e-72
 2.49766e+13	6.12e-24	3.60e-17	2.94e-11	3.00e-06	9.80e-01	1.97e-02	0.00e+00	0.00e+00	0.00e+00	0.00e+00	0.00e+00	0.00e+00	1.06e-71
 2.60056e+13	8.37e-24	4.56e-17	3.45e-11	3.25e-06	9.82e-01	1.82e-02	0.00e+00	0.00e+00	0.00e+00	0.00e+00	1.46e-17	3.10e-17	2.49e-71
 2.70022e+13	1.12e-23	5.69e-17	4.00e-11	3.50e-06	9.83e-01	1.69e-02	0.00e+00	0.00e+00	0.00e+00	0.00e+00	1.89e-17	3.80e-17	5.53e-71
 2.79400e+13	1.46e-23	6.94e-17	4.58e-11	3.75e-06	9.84e-01	1.58e-02	0.00e+00	0.00e+00	0.00e+00	0.00e+00	2.31e-17	4.64e-17	1.14e-70
 2.89887e+13	1.95e-23	8.62e-17	5.30e-11	4.04e-06	9.85e-01	1.47e-02	0.00e+00	0.00e+00	0.00e+00	0.00e+00	2.86e-17	5.76e-17	2.50e-70
 3.00456e+13	2.57e-23	1.06e-16	6.10e-11	4.34e-06	9.86e-01	1.38e-02	0.00e+00	0.00e+00	0.00e+00	0.00e+00	3.53e-17	7.10e-17	5.33e-70
 3.09237e+13	3.21e-23	1.26e-16	6.84e-11	4.60e-06	9.87e-01	1.30e-02	0.00e+00	0.00e+00	0.00e+00	0.00e+00	4.18e-17	8.41e-17	9.85e-70
 3.18536e+13	4.05e-23	1.50e-16	7.68e-11	4.88e-06	9.88e-01	1.23e-02	0.00e+00	0.00e+00	0.00e+00	0.00e+00	4.97e-17	1.00e-16	1.85e-69
 3.30418e+13	5.38e-23	1.85e-16	8.88e-11	5.25e-06	9.89e-01	1.14e-02	0.00e+00	0.00e+00	0.00e+00	0.00e+00	6.16e-17	1.24e-16	4.01e-69
 3.42878e+13	7.17e-23	2.30e-16	1.03e-10	5.66e-06	9.89e-01	1.06e-02	0.00e+00	0.00e+00	0.00e+00	0.00e+00	7.65e-17	1.54e-16	8.86e-69
 3.53909e+13	9.17e-23	2.77e-16	1.17e-10	6.03e-06	9.90e-01	9.97e-03	0.00e+00	0.00e+00	0.00e+00	0.00e+00	9.21e-17	1.85e-16	1.72e-68
 3.65861e+13	1.19e-22	3.37e-16	1.33e-10	6.45e-06	9.91e-01	9.33e-03	0.00e+00	0.00e+00	0.00e+00	0.00e+00	1.12e-16	2.25e-16	3.47e-68
 3.80218e+13	1.60e-22	4.22e-16	1.55e-10	6.97e-06	9.91e-01	8.65e-03	0.00e+00	0.00e+00	0.00e+00	0.00e+00	1.40e-16	2.82e-16	7.82e-68
 3.94755e+13	2.14e-22	5.27e-16	1.80e-10	7.53e-06	9.92e-01	8.02e-03	0.00e+00	0.00e+00	0.00e+00	0.00e+00	1.75e-16	3.52e-16	1.73e-67
 4.08383e+13	2.78e-22	6.43e-16	2.06e-10	8.06e-06	9.92e-01	7.50e-03	0.00e+00	0.00e+00	0.00e+00	0.00e+00	2.13e-16	4.29e-16	3.55e-67
 4.21534e+13	3.56e-22	7.74e-16	2.34e-10	8.60e-06	9.93e-01	7.04e-03	0.00e+00	0.00e+00	0.00e+00	0.00e+00	2.57e-16	5.17e-16	6.92e-67
 4.36388e+13	4.65e-22	9.48e-16	2.69e-10	9.23e-06	9.93e-01	6.56e-03	0.00e+00	0.00e+00	0.00e+00	0.00e+00	3.15e-16	6.34e-16	1.43e-66
 4.52775e+13	6.19e-22	1.18e-15	3.11e-10	9.95e-06	9.94e-01	6.09e-03	0.00e+00	0.00e+00	0.00e+00	0.00e+00	3.91e-16	7.87e-16	3.12e-66
 4.67895e+13	7.99e-22	1.43e-15	3.55e-10	1.06e-05	9.94e-01	5.70e-03	0.00e+00	0.00e+00	0.00e+00	0.00e+00	4.74e-16	9.54e-16	6.23e-66
 4.84291e+13	1.04e-21	1.75e-15	4.08e-10	1.14e-05	9.95e-01	5.32e-03	0.00e+00	0.00e+00	0.00e+00	0.00e+00	5.80e-16	1.17e-15	1.29e-65
 5.02598e+13	1.39e-21	2.17e-15	4.73e-10	1.23e-05	9.95e-01	4.94e-03	0.00e+00	0.00e+00	0.00e+00	0.00e+00	7.21e-16	1.45e-15	2.80e-65
 5.19800e+13	1.80e-21	2.65e-15	5.41e-10	1.32e-05	9.95e-01	4.61e-03	0.00e+00	0.00e+00	0.00e+00	0.00e+00	8.78e-16	1.77e-15	5.70e-65
 5.38577e+13	2.37e-21	3.26e-15	6.24e-10	1.42e-05	9.96e-01	4.29e-03	0.00e+00	0.00e+00	0.00e+00	0.00e+00	1.08e-15	2.18e-15	1.20e-64
 5.59436e+13	3.18e-21	4.07e-15	7.27e-10	1.54e-05	9.96e-01	3.97e-03	0.00e+00	0.00e+00	0.00e+00	0.00e+00	1.35e-15	2.72e-15	2.67e-64
 5.78929e+13	4.15e-21	4.98e-15	8.34e-10	1.65e-05	9.96e-01	3.70e-03	0.00e+00	0.00e+00	0.00e+00	0.00e+00	1.65e-15	3.33e-15	5.49e-64
 6.00088e+13	5.48e-21	6.15e-15	9.63e-10	1.78e-05	9.97e-01	3.44e-03	0.00e+00	0.00e+00	0.00e+00	0.00e+00	2.04e-15	4.11e-15	1.17e-63
 6.23728e+13	7.38e-21	7.72e-15	1.12e-09	1.92e-05	9.97e-01	3.18e-03	0.00e+00	0.00e+00	0.00e+00	0.00e+00	2.56e-15	5.16e-15	2.63e-63
 6.46217e+13	9.72e-21	9.50e-15	1.30e-09	2.07e-05	9.97e-01	2.96e-03	0.00e+00	0.00e+00	0.00e+00	0.00e+00	3.15e-15	6.35e-15	5.54e-63
 6.70269e+13	1.29e-20	1.18e-14	1.50e-09	2.23e-05	9.97e-01	2.75e-03	0.00e+00	0.00e+00	0.00e+00	0.00e+00	3.90e-15	7.87e-15	1.20e-62
 6.97379e+13	1.75e-20	1.49e-14	1.76e-09	2.42e-05	9.97e-01	2.53e-03	0.00e+00	0.00e+00	0.00e+00	0.00e+00	4.93e-15	9.94e-15	2.76e-62
 7.24115e+13	2.35e-20	1.85e-14	2.05e-09	2.61e-05	9.98e-01	2.35e-03	0.00e+00	0.00e+00	0.00e+00	0.00e+00	6.14e-15	1.24e-14	6.10e-62
 7.51920e+13	3.14e-20	2.31e-14	2.38e-09	2.82e-05	9.98e-01	2.17e-03	0.00e+00	0.00e+00	0.00e+00	0.00e+00	7.67e-15	1.55e-14	1.35e-61
 7.80431e+13	4.19e-20	2.88e-14	2.76e-09	3.05e-05	9.98e-01	2.02e-03	0.00e+00	0.00e+00	0.00e+00	0.00e+00	9.54e-15	1.93e-14	2.97e-61
 8.06857e+13	5.43e-20	3.50e-14	3.16e-09	3.26e-05	9.98e-01	1.88e-03	0.00e+00	0.00e+00	0.00e+00	0.00e+00	1.16e-14	2.34e-14	6.01e-61
 8.36207e+13	7.17e-20	4.32e-14	3.65e-09	3.51e-05	9.98e-01	1.75e-03	0.00e+00	0.00e+00	0.00e+00	0.00e+00	1.43e-14	2.89e-14	1.28e-60
 8.68439e+13	9.61e-20	5.40e-14	4.24e-09	3.79e-05	9.98e-01	1.62e-03	0.00e+00	0.00e+00	0.00e+00	0.00e+00	1.79e-14	3.61e-14	2.86e-60
 8.98259e+13	1.25e-19	6.59e-14	4.86e-09	4.06e-05	9.98e-01	1.51e-03	0.00e+00	0.00e+00	0.00e+00	0.00e+00	2.18e-14	4.41e-14	5.86e-60
 9.24439e+13	1.56e-19	7.81e-14	5.45e-09	4.31e-05	9.99e-01	1.43e-03	0.00e+00	0.00e+00	0.00e+00	0.00e+00	2.58e-14	5.22e-14	1.08e-59
 9.52151e+13	1.97e-19	9.29e-14	6.13e-09	4.58e-05	9.99e-01	1.35e-03	0.00e+00	0.00e+00	0.00e+00	0.00e+00	3.07e-14	6.22e-14	2.03e-59
 9.87320e+13	2.61e-19	1.15e-13	7.09e-09	4.93e-05	9.99e-01	1.25e-03	0.00e+00	0.00e+00	0.00e+00	0.00e+00	3.81e-14	7.70e-14	4.39e-59
 1.02296e+14	3.45e-19	1.42e-13	8.17e-09	5.30e-05	9.99e-01	1.16e-03	0.00e+00	0.00e+00	0.00e+00	0.00e+00	4.69e-14	9.50e-14	9.37e-59
 1.05308e+14	4.32e-19	1.68e-13	9.18e-09	5.62e-05	9.99e-01	1.10e-03	0.00e+00	0.00e+00	0.00e+00	0.00e+00	5.57e-14	1.13e-13	1.74e-58
 1.08524e+14	5.47e-19	2.01e-13	1.04e-08	5.97e-05	9.99e-01	1.03e-03	0.00e+00	0.00e+00	0.00e+00	0.00e+00	6.65e-14	1.35e-13	3.32e-58
 1.12563e+14	7.27e-19	2.50e-13	1.20e-08	6.44e-05	9.99e-01	9.58e-04	0.00e+00	0.00e+00	0.00e+00	0.00e+00	8.25e-14	1.67e-13	7.26e-58
 1.16736e+14	9.67e-19	3.09e-13	1.39e-08	6.93e-05	9.99e-01	8.90e-04	0.00e+00	0.00e+00	0.00e+00	0.00e+00	1.02e-13	2.07e-13	1.59e-57
 1.20415e+14	1.23e-18	3.72e-13	1.57e-08	7.38e-05	9.99e-01	8.36e-04	0.00e+00	0.00e+00	0.00e+00	0.00e+00	1.23e-13	2.49e-13	3.09e-57
 1.24387e+14	1.59e-18	4.50e-13	1.79e-08	7.88e-05	9.99e-01	7.82e-04	0.00e+00	0.00e+00	0.00e+00	0.00e+00	1.49e-13	3.02e-13	6.20e-57
 1.29180e+14	2.13e-18	5.63e-13	2.08e-08	8.52e-05	9.99e-01	7.24e-04	0.00e+00	0.00e+00	0.00e+00	0.00e+00	1.86e-13	3.77e-13	1.39e-56
 1.33931e+14	2.84e-18	6.97e-13	2.40e-08	9.16e-05	9.99e-01	6.73e-04	0.00e+00	0.00e+00	0.00e+00	0.00e+00	2.30e-13	4.67e-13	3.04e-56
 1.38154e+14	3.61e-18	8.38e-13	2.72e-08	9.76e-05	9.99e-01	6.32e-04	0.00e+00	0.00e+00	0.00e+00	0.00e+00	2.76e-13	5.61e-13	5.91e-56
 1.42796e+14	4.68e-18	1.02e-12	3.11e-08	1.04e-04	9.99e-01	5.91e-04	0.00e+00	0.00e+00	0.00e+00	0.00e+00	3.36e-13	6.83e-13	1.20e-55
 1.48343e+14	6.30e-18	1.28e-12	3.62e-08	1.13e-04	9.99e-01	5.47e-04	0.00e+00	0.00e+00	0.00e+00	0.00e+00	4.20e-13	8.55e-13	2.72e-55
 1.53853e+14	8.37e-18	1.58e-12	4.19e-08	1.22e-04	9.99e-01	5.08e-04	0.00e+00	0.00e+00	0.00e+00	0.00e+00	5.21e-13	1.06e-12	5.96e-55
 1.58866e+14	1.07e-17	1.91e-12	4.76e-08	1.30e-04	9.99e-01	4.75e-04	0.00e+00	0.00e+00	0.00e+00	0.00e+00	6.29e-13	1.28e-12	1.19e-54
 1.64449e+14	1.40e-17	2.34e-12	5.47e-08	1.39e-04	9.99e-01	4.43e-04	0.00e+00	0.00e+00	0.00e+00	0.00e+00	7.71e-13	1.57e-12	2.48e-54
 1.70972e+14	1.90e-17	2.94e-12	6.40e-08	1.51e-04	9.99e-01	4.09e-04	0.00e+00	0.00e+00	0.00e+00	0.00e+00	9.69e-13	1.98e-12	5.70e-54
 1.77388e+14	2.52e-17	3.66e-12	7.42e-08	1.63e-04	9.99e-01	3.79e-04	0.00e+00	0.00e+00	0.00e+00	0.00e+00	1.20e-12	2.45e-12	1.25e-53
 1.83416e+14	3.27e-17	4.45e-12	8.49e-08	1.75e-04	9.99e-01	3.54e-04	0.00e+00	0.00e+00	0.00e+00	0.00e+00	1.46e-12	2.99e-12	2.55e-53
 1.90137e+14	4.30e-17	5.49e-12	9.82e-08	1.88e-04	9.99e-01	3.28e-04	0.00e+00	0.00e+00	0.00e+00	0.00e+00	1.80e-12	3.69e-12	5.43e-53
 1.97772e+14	5.83e-17	6.92e-12	1.15e-07	2.04e-04	9.99e-01	3.02e-04	0.00e+00	4.80e-18	1.44e-17	2.41e-17	2.27e-12	4.65e-12	1.26e-52
 2.05388e+14	7.77e-17	8.62e-12	1.34e-07	2.21e-04	9.99e-01	2.79e-04	0.00e+00	6.39e-18	1.92e-17	3.21e-17	2.83e-12	5.79e-12	2.78e-52
 2.12728e+14	1.02e-16	1.06e-11	1.54e-07	2.38e-04	1.00e+00	2.59e-04	0.00e+00	8.38e-18	2.52e-17	4.21e-17	3.48e-12	7.12e-12	5.89e-52
 2.19101e+14	1.27e-16	1.26e-11	1.74e-07	2.54e-04	1.00e+00	2.44e-04	0.00e+00	1.05e-17	3.15e-17	5.26e-17	4.12e-12	8.44e-12	1.09e-51
 2.24434e+14	1.52e-16	1.44e-11	1.92e-07	2.67e-04	1.00e+00	2.32e-04	0.00e+00	1.26e-17	3.77e-17	6.31e-17	4.74e-12	9.71e-12	1.80e-51
 2.30359e+14	1.85e-16	1.68e-11	2.13e-07	2.82e-04	9.99e-01	2.19e-04	0.00e+00	1.53e-17	4.59e-17	7.67e-17	5.51e-12	1.13e-11	3.10e-51
 2.38062e+14	2.37e-16	2.03e-11	2.44e-07	3.03e-04	9.99e-01	2.04e-04	0.00e+00	1.96e-17	5.87e-17	9.82e-17	6.66e-12	1.37e-11	6.15e-51
 2.46180e+14	3.05e-16	2.46e-11	2.79e-07	3.25e-04	9.99e-01	1.90e-04	0.00e+00	2.51e-17	7.55e-17	1.26e-16	8.07e-12	1.66e-11	1.24e-50
 2.53184e+14	3.75e-16	2.89e-11	3.13e-07	3.46e-04	9.99e-01	1.79e-04	0.00e+00	3.10e-17	9.30e-17	1.55e-16	9.48e-12	1.95e-11	2.21e-50
 2.60633e+14	4.64e-16	3.42e-11	3.52e-07	3.68e-04	9.99e-01	1.68e-04	0.00e+00	3.84e-17	1.15e-16	1.93e-16	1.12e-11	2.30e-11	4.02e-50
 2.70156e+14	6.05e-16	4.19e-11	4.08e-07	3.98e-04	9.99e-01	1.55e-04	0.00e+00	5.00e-17	1.50e-16	2.51e-16	1.37e-11	2.82e-11	8.42e-50
 2.79954e+14	7.84e-16	5.14e-11	4.72e-07	4.30e-04	9.99e-01	1.44e-04	0.00e+00	6.49e-17	1.95e-16	3.26e-16	1.68e-11	3.46e-11	1.75e-49
 2.88341e+14	9.72e-16	6.07e-11	5.32e-07	4.59e-04	9.99e-01	1.35e-04	0.00e+00	8.05e-17	2.42e-16	4.04e-16	1.99e-11	4.09e-11	3.20e-49
 2.97312e+14	1.21e-15	7.21e-11	6.03e-07	4.92e-04	9.99e-01	1.26e-04	0.00e+00	1.00e-16	3.01e-16	5.03e-16	2.36e-11	4.85e-11	5.95e-49
 3.08445e+14	1.58e-15	8.88e-11	7.00e-07	5.34e-04	9.99e-01	1.16e-04	0.00e+00	1.31e-16	3.92e-16	6.56e-16	2.90e-11	5.97e-11	1.26e-48
 3.19869e+14	2.04e-15	1.09e-10	8.13e-07	5.79e-04	9.99e-01	1.07e-04	0.00e+00	1.69e-16	5.09e-16	8.50e-16	3.56e-11	7.33e-11	2.64e-48
 3.30044e+14	2.55e-15	1.30e-10	9.24e-07	6.21e-04	9.99e-01	1.00e-04	0.00e+00	2.12e-16	6.36e-16	1.06e-15	4.24e-11	8.73e-11	4.99e-48
 3.41115e+14	3.20e-15	1.56e-10	1.06e-06	6.69e-04	9.99e-01	9.31e-05	0.00e+00	2.66e-16	8.00e-16	1.34e-15	5.09e-11	1.05e-10	9.66e-48
 3.54335e+14	4.19e-15	1.92e-10	1.23e-06	7.29e-04	9.99e-01	8.56e-05	0.00e+00	3.48e-16	1.05e-15	1.75e-15	6.29e-11	1.30e-10	2.10e-47
 3.67371e+14	5.38e-15	2.35e-10	1.43e-06	7.92e-04	9.99e-01	7.90e-05	0.00e+00	4.48e-16	1.35e-15	2.25e-15	7.68e-11	1.58e-10	4.35e-47
 3.79096e+14	6.67e-15	2.79e-10	1.63e-06	8.50e-04	9.99e-01	7.36e-05	0.00e+00	5.56e-16	1.67e-15	2.79e-15	9.12e-11	1.88e-10	8.18e-47
 3.92096e+14	8.41e-15	3.36e-10	1.87e-06	9.18e-04	9.99e-01	6.83e-05	0.00e+00	7.02e-16	2.11e-15	3.52e-15	1.10e-10	2.26e-10	1.62e-46
 4.07447e+14	1.09e-14	4.14e-10	2.18e-06	1.00e-03	9.99e-01	6.26e-05	0.00e+00	9.13e-16	2.74e-15	4.58e-15	1.35e-10	2.79e-10	3.53e-46
 4.22614e+14	1.40e-14	5.05e-10	2.53e-06	1.09e-03	9.99e-01	5.77e-05	0.00e+00	1.17e-15	3.51e-15	5.87e-15	1.65e-10	3.40e-10	7.39e-46
 4.36629e+14	1.74e-14	6.03e-10	2.89e-06	1.17e-03	9.99e-01	5.36e-05	0.00e+00	1.46e-15	4.38e-15	7.32e-15	1.97e-10	4.06e-10	1.43e-45
 4.52363e+14	2.21e-14	7.31e-10	3.33e-06	1.27e-03	9.99e-01	4.96e-05	0.00e+00	1.85e-15	5.56e-15	9.29e-15	2.39e-10	4.92e-10	2.94e-45
 4.70488e+14	2.87e-14	9.04e-10	3.91e-06	1.39e-03	9.99e-01	4.54e-05	0.00e+00	2.41e-15	7.24e-15	1.21e-14	2.96e-10	6.08e-10	6.53e-45
 4.88223e+14	3.67e-14	1.10e-09	4.53e-06	1.52e-03	9.98e-01	4.18e-05	0.00e+00	3.09e-15	9.26e-15	1.55e-14	3.61e-10	7.42e-10	1.39e-44
 5.06668e+14	4.69e-14	1.35e-09	5.26e-06	1.65e-03	9.98e-01	3.85e-05	0.00e+00	3.95e-15	1.19e-14	1.98e-14	4.41e-10	9.06e-10	2.97e-44
 5.26965e+14	6.07e-14	1.66e-09	6.17e-06	1.81e-03	9.98e-01	3.52e-05	0.00e+00	5.12e-15	1.54e-14	2.57e-14	5.44e-10	1.12e-09	6.64e-44
 5.44129e+14	7.48e-14	1.98e-09	7.01e-06	1.94e-03	9.98e-01	3.28e-05	0.00e+00	6.32e-15	1.90e-14	3.17e-14	6.47e-10	1.33e-09	1.28e-43
 5.56668e+14	8.69e-14	2.23e-09	7.68e-06	2.05e-03	9.98e-01	3.12e-05	0.00e+00	7.35e-15	2.21e-14	3.68e-14	7.31e-10	1.50e-09	2.05e-43
 5.69826e+14	1.01e-13	2.53e-09	8.44e-06	2.16e-03	9.98e-01	2.96e-05	0.00e+00	8.57e-15	2.57e-14	4.30e-14	8.29e-10	1.70e-09	3.32e-43
 5.86932e+14	1.23e-13	2.97e-09	9.50e-06	2.31e-03	9.98e-01	2.77e-05	0.00e+00	1.04e-14	3.12e-14	5.22e-14	9.71e-10	1.99e-09	6.10e-43
 6.05803e+14	1.51e-13	3.52e-09	1.08e-05	2.48e-03	9.97e-01	2.59e-05	0.00e+00	1.28e-14	3.85e-14	6.43e-14	1.15e-09	2.36e-09	1.20e-42
 6.23267e+14	1.82e-13	4.10e-09	1.21e-05	2.65e-03	9.97e-01	2.43e-05	0.00e+00	1.55e-14	4.64e-14	7.75e-14	1.34e-09	2.75e-09	2.16e-42
 6.42272e+14	2.21e-13	4.81e-09	1.36e-05	2.84e-03	9.97e-01	2.28e-05	0.00e+00	1.88e-14	5.65e-14	9.44e-14	1.58e-09	3.24e-09	4.07e-42
 6.63631e+14	2.74e-13	5.74e-09	1.55e-05	3.06e-03	9.97e-01	2.12e-05	0.00e+00	2.34e-14	7.01e-14	1.17e-13	1.88e-09	3.86e-09	8.21e-42
 6.83960e+14	3.19e-13	6.75e-09	1.75e-05	3.28e-03	9.97e-01	1.99e-05	0.00e+00	2.72e-14	8.15e-14	1.36e-13	2.22e-09	4.54e-09	1.55e-41
 7.06297e+14	3.91e-13	8.03e-09	1.99e-05	3.53e-03	9.96e-01	1.85e-05	0.00e+00	3.34e-14	1.00e-13	1.67e-13	2.64e-09	5.39e-09	3.09e-41
 7.31278e+14	4.89e-13	9.70e-09	2.29e-05	3.81e-03	9.96e-01	1.72e-05	0.00e+00	4.18e-14	1.25e-13	2.09e-13	3.18e-09	6.51e-09	6.55e-41
 7.55012e+14	5.99e-13	1.15e-08	2.60e-05	4.10e-03	9.96e-01	1.61e-05	0.00e+00	5.12e-14	1.54e-13	2.57e-13	3.78e-09	7.74e-09	1.30e-40
 7.81179e+14	7.45e-13	1.39e-08	2.98e-05	4.43e-03	9.96e-01	1.50e-05	0.00e+00	6.38e-14	1.91e-13	3.20e-13	4.55e-09	9.31e-09	2.72e-40
 8.10520e+14	9.43e-13	1.70e-08	3.45e-05	4.82e-03	9.95e-01	1.39e-05	0.00e+00	8.09e-14	2.43e-13	4.05e-13	5.57e-09	1.14e-08	6.06e-40
 8.38234e+14	1.17e-12	2.03e-08	3.94e-05	5.20e-03	9.95e-01	1.29e-05	0.00e+00	1.00e-13	3.01e-13	5.02e-13	6.69e-09	1.37e-08	1.25e-39
 8.68441e+14	1.46e-12	2.47e-08	4.54e-05	5.63e-03	9.94e-01	1.20e-05	0.00e+00	1.26e-13	3.78e-13	6.31e-13	8.12e-09	1.66e-08	2.70e-39
 9.01993e+14	1.86e-12	3.04e-08	5.28e-05	6.13e-03	9.94e-01	1.12e-05	0.00e+00	1.60e-13	4.81e-13	8.03e-13	1.00e-08	2.04e-08	6.17e-39
 9.33348e+14	2.31e-12	3.67e-08	6.05e-05	6.62e-03	9.93e-01	1.04e-05	0.00e+00	1.99e-13	5.98e-13	9.99e-13	1.21e-08	2.46e-08	1.29e-38
 9.67172e+14	2.90e-12	4.47e-08	6.98e-05	7.17e-03	9.93e-01	9.73e-06	0.00e+00	2.51e-13	7.52e-13	1.26e-12	1.47e-08	3.00e-08	2.81e-38
 1.00505e+15	3.70e-12	5.53e-08	8.13e-05	7.82e-03	9.92e-01	9.04e-06	0.00e+00	3.20e-13	9.60e-13	1.60e-12	1.82e-08	3.71e-08	6.47e-38
 1.04150e+15	4.64e-12	6.74e-08	9.38e-05	8.47e-03	9.91e-01	8.46e-06	0.00e+00	4.02e-13	1.21e-12	2.01e-12	2.22e-08	4.52e-08	1.39e-37
 1.08025e+15	5.85e-12	8.27e-08	1.09e-04	9.20e-03	9.91e-01	7.92e-06	0.00e+00	5.06e-13	1.52e-12	2.54e-12	2.73e-08	5.55e-08	3.08e-37
 1.12349e+15	7.47e-12	1.03e-07	1.27e-04	1.00e-02	9.90e-01	7.38e-06	0.00e+00	6.48e-13	1.95e-12	3.25e-12	3.39e-08	6.90e-08	7.22e-37
 1.15981e+15	9.10e-12	1.23e-07	1.44e-04	1.08e-02	9.89e-01	6.99e-06	0.00e+00	7.90e-13	2.37e-12	3.96e-12	4.06e-08	8.25e-08	1.43e-36
 1.18595e+15	1.04e-11	1.39e-07	1.58e-04	1.13e-02	9.89e-01	6.73e-06	0.00e+00	9.07e-13	2.72e-12	4.54e-12	4.60e-08	9.35e-08	2.32e-36
 1.21322e+15	1.21e-11	1.59e-07	1.73e-04	1.19e-02	9.88e-01	6.48e-06	0.00e+00	1.05e-12	3.15e-12	5.26e-12	5.23e-08	1.06e-07	3.79e-36
 1.24867e+15	1.45e-11	1.86e-07	1.94e-04	1.27e-02	9.87e-01	6.17e-06	0.00e+00	1.26e-12	3.79e-12	6.33e-12	6.15e-08	1.25e-07	7.05e-36
 1.28814e+15	1.76e-11	2.22e-07	2.20e-04	1.36e-02	9.86e-01	5.86e-06	0.00e+00	1.54e-12	4.61e-12	7.70e-12	7.33e-08	1.49e-07	1.38e-35
 1.32502e+15	2.11e-11	2.61e-07	2.46e-04	1.45e-02	9.85e-01	5.61e-06	0.00e+00	1.84e-12	5.51e-12	9.20e-12	8.61e-08	1.75e-07	2.52e-35
 1.36515e+15	2.54e-11	3.09e-07	2.78e-04	1.55e-02	9.84e-01	5.36e-06	0.00e+00	2.22e-12	6.65e-12	1.11e-11	1.02e-07	2.07e-07	4.78e-35
 1.41006e+15	3.10e-11	3.72e-07	3.16e-04	1.67e-02	9.83e-01	5.12e-06	0.00e+00	2.70e-12	8.12e-12	1.35e-11	1.23e-07	2.49e-07	9.51e-35
 1.45240e+15	3.74e-11	4.40e-07	3.56e-04	1.78e-02	9.82e-01	4.91e-06	0.00e+00	3.27e-12	9.81e-12	1.64e-11	1.45e-07	2.95e-07	1.78e-34
 1.49861e+15	4.55e-11	5.26e-07	4.04e-04	1.91e-02	9.80e-01	4.70e-06	0.00e+00	3.98e-12	1.19e-11	1.99e-11	1.74e-07	3.52e-07	3.46e-34
 1.55048e+15	5.62e-11	6.39e-07	4.64e-04	2.06e-02	9.79e-01	4.50e-06	0.00e+00	4.92e-12	1.48e-11	2.47e-11	2.11e-07	4.28e-07	7.08e-34
 1.59981e+15	6.82e-11	7.64e-07	5.27e-04	2.21e-02	9.77e-01	4.32e-06	0.00e+00	5.98e-12	1.79e-11	2.99e-11	2.53e-07	5.12e-07	1.37e-33
 1.65405e+15	8.40e-11	9.26e-07	6.03e-04	2.38e-02	9.76e-01	4.15e-06	0.00e+00	7.37e-12	2.21e-11	3.69e-11	3.06e-07	6.20e-07	2.75e-33
 1.71438e+15	1.05e-10	1.14e-06	6.97e-04	2.58e-02	9.74e-01	3.98e-06	0.00e+00	9.20e-12	2.76e-11	4.60e-11	3.76e-07	7.61e-07	5.78e-33
 1.77041e+15	1.28e-10	1.37e-06	7.95e-04	2.77e-02	9.72e-01	3.85e-06	0.00e+00	1.12e-11	3.37e-11	5.62e-11	4.52e-07	9.15e-07	1.12e-32
 1.83104e+15	1.57e-10	1.66e-06	9.12e-04	2.99e-02	9.69e-01	3.72e-06	0.00e+00	1.38e-11	4.15e-11	6.93e-11	5.49e-07	1.11e-06	2.25e-32
 1.89872e+15	1.97e-10	2.04e-06	1.06e-03	3.24e-02	9.67e-01	3.59e-06	0.00e+00	1.73e-11	5.19e-11	8.67e-11	6.76e-07	1.37e-06	4.71e-32
 1.96203e+15	2.40e-10	2.47e-06	1.21e-03	3.49e-02	9.64e-01	3.48e-06	0.00e+00	2.11e-11	6.34e-11	1.06e-10	8.17e-07	1.65e-06	9.10e-32
 2.03079e+15	2.98e-10	3.01e-06	1.39e-03	3.77e-02	9.61e-01	3.38e-06	0.00e+00	2.63e-11	7.88e-11	1.31e-10	9.98e-07	2.02e-06	1.84e-31
 2.10397e+15	3.70e-10	3.70e-06	1.61e-03	4.08e-02	9.58e-01	3.28e-06	0.00e+00	3.27e-11	9.80e-11	1.64e-10	1.22e-06	2.47e-06	3.75e-31
 2.16805e+15	4.45e-10	4.40e-06	1.82e-03	4.36e-02	9.55e-01	3.21e-06	0.00e+00	3.94e-11	1.18e-10	1.97e-10	1.46e-06	2.94e-06	6.84e-31
 2.22302e+15	5.18e-10	5.09e-06	2.01e-03	4.62e-02	9.52e-01	3.16e-06	0.00e+00	4.59e-11	1.38e-10	2.30e-10	1.68e-06	3.40e-06	1.12e-30
 2.28104e+15	6.14e-10	5.92e-06	2.24e-03	4.89e-02	9.49e-01	3.10e-06	0.00e+00	5.43e-11	1.63e-10	2.72e-10	1.96e-06	3.96e-06	1.90e-30
 2.34653e+15	7.32e-10	6.97e-06	2.51e-03	5.22e-02	9.45e-01	3.03e-06	0.00e+00	6.49e-11	1.95e-10	3.25e-10	2.31e-06	4.66e-06	3.32e-30
 2.40925e+15	8.67e-10	8.13e-06	2.80e-03	5.54e-02	9.42e-01	2.98e-06	0.00e+00	7.69e-11	2.31e-10	3.85e-10	2.69e-06	5.44e-06	5.57e-30
 2.47834e+15	1.04e-09	9.60e-06	3.15e-03	5.91e-02	9.38e-01	2.92e-06	0.00e+00	9.25e-11	2.78e-10	4.63e-10	3.18e-06	6.42e-06	9.81e-30
 2.55364e+15	1.26e-09	1.14e-05	3.57e-03	6.32e-02	9.33e-01	2.86e-06	0.00e+00	1.12e-10	3.36e-10	5.61e-10	3.79e-06	7.64e-06	1.76e-29
 2.62262e+15	1.50e-09	1.34e-05	3.98e-03	6.71e-02	9.29e-01	2.82e-06	0.00e+00	1.33e-10	4.00e-10	6.67e-10	4.43e-06	8.93e-06	2.93e-29
 2.69792e+15	1.81e-09	1.58e-05	4.48e-03	7.16e-02	9.24e-01	2.77e-06	0.00e+00	1.61e-10	4.83e-10	8.05e-10	5.24e-06	1.06e-05	5.12e-29
 2.78171e+15	2.20e-09	1.89e-05	5.08e-03	7.68e-02	9.18e-01	2.72e-06	0.00e+00	1.96e-10	5.89e-10	9.82e-10	6.26e-06	1.26e-05	9.21e-29
 2.86113e+15	2.65e-09	2.23e-05	5.71e-03	8.18e-02	9.12e-01	2.69e-06	0.00e+00	2.37e-10	7.10e-10	1.18e-09	7.39e-06	1.49e-05	1.57e-28
 2.94895e+15	3.25e-09	2.67e-05	6.49e-03	8.77e-02	9.06e-01	2.64e-06	0.00e+00	2.90e-10	8.70e-10	1.45e-09	8.85e-06	1.78e-05	2.82e-28
 3.04475e+15	4.00e-09	3.21e-05	7.42e-03	9.43e-02	8.98e-01	2.59e-06	0.00e+00	3.58e-10	1.07e-09	1.79e-09	1.07e-05	2.15e-05	5.13e-28
 3.13124e+15	4.83e-09	3.79e-05	8.33e-03	1.00e-01	8.91e-01	2.56e-06	0.00e+00	4.33e-10	1.30e-09	2.16e-09	1.26e-05	2.53e-05	8.57e-28
 3.22402e+15	5.95e-09	4.51e-05	9.44e-03	1.08e-01	8.83e-01	2.52e-06	0.00e+00	5.33e-10	1.60e-09	2.67e-09	1.50e-05	3.02e-05	1.50e-27
 3.32696e+15	7.30e-09	5.43e-05	1.08e-02	1.15e-01	8.74e-01	2.47e-06	0.00e+00	6.55e-10	1.96e-09	3.28e-09	1.80e-05	3.63e-05	2.67e-27
 3.42351e+15	8.86e-09	6.43e-05	1.21e-02	1.23e-01	8.65e-01	2.43e-06	0.00e+00	7.97e-10	2.39e-09	3.98e-09	2.13e-05	4.29e-05	4.47e-27
 3.52947e+15	1.11e-08	7.74e-05	1.39e-02	1.32e-01	8.54e-01	2.40e-06	0.00e+00	1.00e-09	3.00e-09	5.00e-09	2.57e-05	5.16e-05	7.94e-27
 3.64495e+15	1.37e-08	9.35e-05	1.59e-02	1.42e-01	8.42e-01	2.34e-06	0.00e+00	1.24e-09	3.71e-09	6.19e-09	3.11e-05	6.24e-05	1.41e-26
 3.75026e+15	1.68e-08	1.11e-04	1.79e-02	1.52e-01	8.30e-01	2.31e-06	0.00e+00	1.51e-09	4.54e-09	7.57e-09	3.68e-05	7.39e-05	2.32e-26
 3.84522e+15	2.00e-08	1.28e-04	2.00e-02	1.60e-01	8.20e-01	2.27e-06	0.00e+00	1.80e-09	5.41e-09	9.03e-09	4.27e-05	8.57e-05	3.61e-26
 3.93289e+15	2.37e-08	1.47e-04	2.20e-02	1.69e-01	8.09e-01	2.25e-06	0.00e+00	2.14e-09	6.43e-09	1.07e-08	4.89e-05	9.81e-05	5.37e-26
 4.03043e+15	2.82e-08	1.71e-04	2.45e-02	1.78e-01	7.97e-01	2.20e-06	0.00e+00	2.55e-09	7.66e-09	1.28e-08	5.69e-05	1.14e-04	8.42e-26
 4.14024e+15	3.42e-08	2.01e-04	2.76e-02	1.89e-01	7.83e-01	2.15e-06	0.00e+00	3.10e-09	9.31e-09	1.55e-08	6.69e-05	1.34e-04	1.35e-25
 4.24453e+15	4.12e-08	2.34e-04	3.08e-02	2.00e-01	7.69e-01	2.12e-06	0.00e+00	3.73e-09	1.12e-08	1.87e-08	7.78e-05	1.56e-04	2.07e-25
 4.34325e+15	4.89e-08	2.69e-04	3.41e-02	2.11e-01	7.55e-01	2.08e-06	0.00e+00	4.44e-09	1.33e-08	2.22e-08	8.96e-05	1.80e-04	3.10e-25
 4.44103e+15	5.80e-08	3.09e-04	3.77e-02	2.21e-01	7.41e-01	2.05e-06	0.00e+00	5.27e-09	1.58e-08	2.64e-08	1.03e-04	2.06e-04	4.57e-25
 4.55302e+15	7.15e-08	3.63e-04	4.23e-02	2.34e-01	7.23e-01	2.01e-06	0.00e+00	6.51e-09	1.95e-08	3.25e-08	1.21e-04	2.42e-04	7.27e-25
 4.67496e+15	8.78e-08	4.27e-04	4.77e-02	2.48e-01	7.04e-01	1.97e-06	0.00e+00	8.01e-09	2.40e-08	4.00e-08	1.42e-04	2.85e-04	1.15e-24
 4.78598e+15	1.04e-07	4.94e-04	5.31e-02	2.60e-01	6.86e-01	1.92e-06	0.00e+00	9.53e-09	2.86e-08	4.77e-08	1.64e-04	3.29e-04	1.70e-24
 4.88869e+15	1.24e-07	5.65e-04	5.87e-02	2.72e-01	6.68e-01	1.88e-06	0.00e+00	1.13e-08	3.39e-08	5.66e-08	1.88e-04	3.77e-04	2.47e-24
 5.00443e+15	1.53e-07	6.62e-04	6.58e-02	2.87e-01	6.47e-01	1.85e-06	0.00e+00	1.40e-08	4.20e-08	7.00e-08	2.20e-04	4.41e-04	3.76e-24
 5.13102e+15	1.88e-07	7.78e-04	7.41e-02	3.02e-01	6.23e-01	1.79e-06	0.00e+00	1.72e-08	5.17e-08	8.62e-08	2.59e-04	5.19e-04	5.84e-24
 5.24689e+15	2.25e-07	8.98e-04	8.25e-02	3.15e-01	6.01e-01	1.75e-06	0.00e+00	2.06e-08	6.19e-08	1.03e-07	2.99e-04	5.99e-04	8.58e-24
 5.35472e+15	2.68e-07	1.03e-03	9.12e-02	3.28e-01	5.80e-01	1.70e-06	0.00e+00	2.46e-08	7.39e-08	1.23e-07	3.43e-04	6.86e-04	1.25e-23
 5.47695e+15	3.36e-07	1.21e-03	1.02e-01	3.43e-01	5.53e-01	1.67e-06	0.00e+00	3.09e-08	9.25e-08	1.54e-07	4.03e-04	8.07e-04	1.97e-23
 5.60745e+15	4.15e-07	1.42e-03	1.15e-01	3.58e-01	5.25e-01	1.62e-06	0.00e+00	3.82e-08	1.14e-07	1.91e-07	4.73e-04	9.47e-04	3.04e-23
 5.72250e+15	5.01e-07	1.64e-03	1.28e-01	3.71e-01	4.99e-01	1.57e-06	0.00e+00	4.61e-08	1.38e-07	2.30e-07	5.45e-04	1.09e-03	4.46e-23
 5.82963e+15	5.99e-07	1.87e-03	1.41e-01	3.83e-01	4.74e-01	1.53e-06	0.00e+00	5.52e-08	1.66e-07	2.76e-07	6.23e-04	1.25e-03	6.47e-23
 5.93562e+15	7.07e-07	2.13e-03	1.55e-01	3.94e-01	4.48e-01	1.48e-06	0.00e+00	6.52e-08	1.96e-07	3.26e-07	7.09e-04	1.42e-03	9.20e-23
 6.04000e+15	8.42e-07	2.42e-03	1.71e-01	4.04e-01	4.23e-01	1.44e-06	0.00e+00	7.78e-08	2.33e-07	3.89e-07	8.07e-04	1.61e-03	1.32e-22
 6.14160e+15	1.00e-06	2.75e-03	1.87e-01	4.14e-01	3.97e-01	1.39e-06	0.00e+00	9.25e-08	2.77e-07	4.62e-07	9.16e-04	1.83e-03	1.89e-22
 6.23962e+15	1.20e-06	3.12e-03	2.04e-01	4.22e-01	3.71e-01	1.36e-06	0.00e+00	1.11e-07	3.32e-07	5.53e-07	1.04e-03	2.08e-03	2.73e-22
 6.33398e+15	1.39e-06	3.49e-03	2.22e-01	4.28e-01	3.46e-01	1.32e-06	0.00e+00	1.29e-07	3.87e-07	6.44e-07	1.16e-03	2.33e-03	3.75e-22
 6.41702e+15	1.60e-06	3.86e-03	2.39e-01	4.33e-01	3.24e-01	1.28e-06	0.00e+00	1.48e-07	4.45e-07	7.41e-07	1.29e-03	2.58e-03	5.04e-22
 6.48664e+15	1.83e-06	4.21e-03	2.54e-01	4.36e-01	3.06e-01	1.26e-06	0.00e+00	1.69e-07	5.08e-07	8.46e-07	1.41e-03	2.81e-03	6.51e-22
 6.56170e+15	2.07e-06	4.60e-03	2.71e-01	4.39e-01	2.85e-01	1.22e-06	0.00e+00	1.92e-07	5.76e-07	9.60e-07	1.53e-03	3.07e-03	8.40e-22
 6.65928e+15	2.47e-06	5.20e-03	2.95e-01	4.42e-01	2.59e-01	1.16e-06	0.00e+00	2.30e-07	6.88e-07	1.15e-06	1.74e-03	3.47e-03	1.22e-21
 6.75117e+15	2.91e-06	5.83e-03	3.18e-01	4.42e-01	2.34e-01	1.11e-06	0.00e+00	2.70e-07	8.10e-07	1.35e-06	1.94e-03	3.88e-03	1.73e-21
 6.81371e+15	3.30e-06	6.40e-03	3.37e-01	4.40e-01	2.16e-01	1.10e-06	0.00e+00	3.06e-07	9.19e-07	1.53e-06	2.14e-03	4.27e-03	2.37e-21
 6.86092e+15	3.59e-06	6.80e-03	3.50e-01	4.39e-01	2.04e-01	1.07e-06	0.00e+00	3.33e-07	1.00e-06	1.67e-06	2.27e-03	4.53e-03	2.86e-21
 6.91016e+15	3.95e-06	7.26e-03	3.66e-01	4.37e-01	1.90e-01	1.04e-06	0.00e+00	3.67e-07	1.10e-06	1.84e-06	2.42e-03	4.84e-03	3.57e-21
 6.97417e+15	4.42e-06	7.79e-03	3.84e-01	4.34e-01	1.74e-01	9.94e-07	0.00e+00	4.12e-07	1.23e-06	2.06e-06	2.60e-03	5.19e-03	4.41e-21
 7.05739e+15	5.28e-06	8.81e-03	4.12e-01	4.27e-01	1.52e-01	0.00e+00	0.00e+00	4.92e-07	1.47e-06	2.46e-06	2.94e-03	5.87e-03	6.81e-21
 7.13091e+15	5.99e-06	9.51e-03	4.35e-01	4.20e-01	1.35e-01	0.00e+00	0.00e+00	5.59e-07	1.68e-06	2.79e-06	3.17e-03	6.33e-03	8.68e-21
 7.18154e+15	6.76e-06	1.03e-02	4.54e-01	4.14e-01	1.22e-01	0.00e+00	0.00e+00	6.31e-07	1.89e-06	3.15e-06	3.44e-03	6.88e-03	1.18e-20
 7.22579e+15	7.29e-06	1.08e-02	4.68e-01	4.08e-01	1.12e-01	0.00e+00	0.00e+00	6.80e-07	2.04e-06	3.40e-06	3.60e-03	7.19e-03	1.36e-20
 7.27204e+15	8.03e-06	1.15e-02	4.85e-01	4.02e-01	1.02e-01	0.00e+00	0.00e+00	7.50e-07	2.25e-06	3.75e-06	3.83e-03	7.65e-03	1.70e-20
 7.33217e+15	9.29e-06	1.26e-02	5.08e-01	3.91e-01	8.82e-02	0.00e+00	0.00e+00	8.68e-07	2.60e-06	4.34e-06	4.20e-03	8.37e-03	2.42e-20
 7.39013e+15	1.04e-05	1.34e-02	5.27e-01	3.82e-01	7.75e-02	0.00e+00	0.00e+00	9.72e-07	2.91e-06	4.85e-06	4.46e-03	8.90e-03	2.99e-20
 7.44528e+15	1.18e-05	1.44e-02	5.48e-01	3.71e-01	6.70e-02	0.00e+00	0.00e+00	1.10e-06	3.31e-06	5.51e-06	4.80e-03	9.58e-03	3.97e-20
 7.50234e+15	1.35e-05	1.55e-02	5.68e-01	3.59e-01	5.73e-02	0.00e+00	0.00e+00	1.26e-06	3.78e-06	6.30e-06	5.17e-03	1.03e-02	5.29e-20
 7.54932e+15	1.56e-05	1.66e-02	5.86e-01	3.48e-01	4.93e-02	0.00e+00	0.00e+00	1.47e-06	4.40e-06	7.33e-06	5.55e-03	1.11e-02	7.23e-20
 7.58771e+15	1.67e-05	1.73e-02	5.98e-01	3.40e-01	4.42e-02	0.00e+00	0.00e+00	1.57e-06	4.71e-06	7.84e-06	5.77e-03	1.15e-02	8.28e-20
 7.62749e+15	1.88e-05	1.84e-02	6.14e-01	3.30e-01	3.84e-02	0.00e+00	0.00e+00	1.77e-06	5.30e-06	8.82e-06	6.14e-03	1.22e-02	1.08e-19
 7.67212e+15	2.07e-05	1.93e-02	6.28e-01	3.20e-01	3.32e-02	0.00e+00	0.00e+00	1.95e-06	5.85e-06	9.74e-06	6.44e-03	1.28e-02	1.30e-19
 7.72306e+15	2.38e-05	2.08e-02	6.46e-01	3.06e-01	2.72e-02	0.00e+00	0.00e+00	2.24e-06	6.73e-06	1.12e-05	6.94e-03	1.38e-02	1.86e-19
 7.77410e+15	2.72e-05	2.21e-02	6.63e-01	2.93e-01	2.25e-02	0.00e+00	0.00e+00	2.56e-06	7.68e-06	1.28e-05	7.39e-03	1.47e-02	2.49e-19
 7.80963e+15	3.02e-05	2.30e-02	6.73e-01	2.84e-01	1.97e-02	0.00e+00	0.00e+00	2.85e-06	8.54e-06	1.42e-05	7.69e-03	1.53e-02	3.04e-19
 7.83520e+15	3.20e-05	2.38e-02	6.81e-01	2.77e-01	1.77e-02	0.00e+00	0.00e+00	3.02e-06	9.05e-06	1.51e-05	7.93e-03	1.58e-02	3.51e-19
 7.86346e+15	3.41e-05	2.46e-02	6.90e-01	2.70e-01	1.57e-02	0.00e+00	0.00e+00	3.22e-06	9.65e-06	1.61e-05	8.22e-03	1.64e-02	4.17e-19
 7.90019e+15	3.78e-05	2.58e-02	7.01e-01	2.60e-01	1.33e-02	0.00e+00	0.00e+00	3.57e-06	1.07e-05	1.78e-05	8.61e-03	1.72e-02	5.25e-19
 7.93853e+15	4.10e-05	2.70e-02	7.11e-01	2.50e-01	1.13e-02	0.00e+00	0.00e+00	3.88e-06	1.16e-05	1.94e-05	9.01e-03	1.80e-02	6.56e-19
 7.97121e+15	4.41e-05	2.80e-02	7.20e-01	2.42e-01	9.77e-03	0.00e+00	0.00e+00	4.18e-06	1.25e-05	2.09e-05	9.36e-03	1.86e-02	7.92e-19
 8.00592e+15	4.74e-05	2.92e-02	7.29e-01	2.33e-01	8.30e-03	0.00e+00	0.00e+00	4.49e-06	1.35e-05	2.24e-05	9.77e-03	1.95e-02	9.74e-19
