#depth	N	N+	N+2	N+3	N+4	N+5	N+6	N+7
 1.49634e+10	0.00e+00	0.00e+00	8.89e-29	4.09e-19	3.41e-10	8.96e-01	1.04e-01	4.59e-06
 4.54887e+10	0.00e+00	4.82e-39	1.14e-28	4.83e-19	3.72e-10	9.04e-01	9.62e-02	3.94e-06
 7.72350e+10	0.00e+00	0.00e+00	1.45e-28	5.70e-19	4.05e-10	9.11e-01	8.93e-02	3.38e-06
 1.10251e+11	0.00e+00	9.21e-39	1.85e-28	6.72e-19	4.42e-10	9.17e-01	8.28e-02	2.90e-06
 1.44588e+11	0.00e+00	0.00e+00	2.36e-28	7.93e-19	4.82e-10	9.23e-01	7.68e-02	2.48e-06
 1.80298e+11	0.00e+00	1.75e-38	3.02e-28	9.35e-19	5.25e-10	9.29e-01	7.11e-02	2.12e-06
 2.17437e+11	0.00e+00	0.00e+00	3.85e-28	1.10e-18	5.71e-10	9.34e-01	6.59e-02	1.82e-06
 2.56061e+11	0.00e+00	3.34e-38	4.91e-28	1.30e-18	6.21e-10	9.39e-01	6.09e-02	1.55e-06
 2.96231e+11	0.00e+00	0.00e+00	6.25e-28	1.53e-18	6.76e-10	9.44e-01	5.64e-02	1.33e-06
 3.38007e+11	0.00e+00	6.36e-38	7.97e-28	1.80e-18	7.36e-10	9.48e-01	5.21e-02	1.13e-06
 3.81454e+11	0.00e+00	0.00e+00	1.02e-27	2.12e-18	8.00e-10	9.52e-01	4.81e-02	9.66e-07
 4.26639e+11	0.00e+00	1.21e-37	1.29e-27	2.49e-18	8.70e-10	9.56e-01	4.45e-02	0.00e+00
 4.73631e+11	0.00e+00	0.00e+00	1.65e-27	2.94e-18	9.45e-10	9.59e-01	4.10e-02	0.00e+00
 5.19491e+11	0.00e+00	2.26e-37	2.07e-27	3.42e-18	1.02e-09	9.62e-01	3.81e-02	0.00e+00
 5.63109e+11	0.00e+00	0.00e+00	2.55e-27	3.94e-18	1.10e-09	9.65e-01	3.55e-02	0.00e+00
 6.11483e+11	0.00e+00	4.01e-37	3.19e-27	4.58e-18	1.19e-09	9.67e-01	3.29e-02	0.00e+00
 6.64298e+11	0.00e+00	0.00e+00	4.04e-27	5.37e-18	1.29e-09	9.70e-01	3.04e-02	0.00e+00
 7.15273e+11	0.00e+00	7.34e-37	5.03e-27	6.22e-18	1.39e-09	9.72e-01	2.83e-02	0.00e+00
 7.69858e+11	0.00e+00	0.00e+00	6.32e-27	7.24e-18	1.50e-09	9.74e-01	2.62e-02	0.00e+00
 8.30579e+11	0.00e+00	1.37e-36	8.05e-27	8.53e-18	1.63e-09	9.76e-01	2.41e-02	0.00e+00
 8.91866e+11	3.61e-47	1.87e-36	1.02e-26	9.99e-18	1.76e-09	9.78e-01	2.23e-02	0.00e+00
 9.55604e+11	0.00e+00	0.00e+00	1.29e-26	1.17e-17	1.91e-09	9.79e-01	2.06e-02	0.00e+00
 1.02376e+12	0.00e+00	3.55e-36	1.65e-26	1.38e-17	2.07e-09	9.81e-01	1.89e-02	0.00e+00
 1.09463e+12	1.20e-46	4.90e-36	2.10e-26	1.62e-17	2.25e-09	9.83e-01	1.74e-02	0.00e+00
 1.16834e+12	0.00e+00	0.00e+00	2.69e-26	1.91e-17	2.45e-09	9.84e-01	1.60e-02	0.00e+00
 1.24500e+12	0.00e+00	9.38e-36	3.43e-26	2.26e-17	2.66e-09	9.85e-01	1.47e-02	0.00e+00
 1.32473e+12	4.05e-46	1.30e-35	4.39e-26	2.66e-17	2.89e-09	9.86e-01	1.36e-02	0.00e+00
 1.40765e+12	0.00e+00	0.00e+00	5.61e-26	3.14e-17	3.14e-09	9.88e-01	1.25e-02	0.00e+00
 1.49388e+12	0.00e+00	2.50e-35	7.17e-26	3.70e-17	3.42e-09	9.89e-01	1.15e-02	0.00e+00
 1.57484e+12	1.32e-45	3.35e-35	8.96e-26	4.30e-17	3.69e-09	9.89e-01	1.06e-02	0.00e+00
 1.64703e+12	0.00e+00	0.00e+00	1.09e-25	4.90e-17	3.94e-09	9.90e-01	9.94e-03	0.00e+00
 1.72796e+12	0.00e+00	5.72e-35	1.34e-25	5.64e-17	4.23e-09	9.91e-01	9.25e-03	0.00e+00
 1.82414e+12	3.84e-45	7.88e-35	1.71e-25	6.63e-17	4.59e-09	9.91e-01	8.52e-03	0.00e+00
 1.92051e+12	0.00e+00	0.00e+00	2.15e-25	7.76e-17	4.97e-09	9.92e-01	7.87e-03	0.00e+00
 2.01064e+12	0.00e+00	1.42e-34	2.66e-25	8.94e-17	5.33e-09	9.93e-01	7.32e-03	0.00e+00
 2.11090e+12	1.17e-44	1.92e-34	3.34e-25	1.04e-16	5.76e-09	9.93e-01	6.77e-03	0.00e+00
 2.22526e+12	0.00e+00	2.67e-34	4.29e-25	1.23e-16	6.28e-09	9.94e-01	6.22e-03	0.00e+00
 2.33871e+12	2.62e-44	3.67e-34	5.45e-25	1.45e-16	6.81e-09	9.94e-01	5.72e-03	0.00e+00
 2.45669e+12	0.00e+00	5.04e-34	6.93e-25	1.71e-16	7.39e-09	9.95e-01	5.27e-03	0.00e+00
 2.58489e+12	5.92e-44	7.05e-34	8.93e-25	2.03e-16	8.06e-09	9.95e-01	4.83e-03	0.00e+00
 2.71541e+12	0.00e+00	9.77e-34	1.14e-24	2.39e-16	8.78e-09	9.96e-01	4.44e-03	0.00e+00
 2.83691e+12	1.29e-43	1.31e-33	1.43e-24	2.78e-16	9.47e-09	9.96e-01	4.11e-03	0.00e+00
 2.94880e+12	0.00e+00	1.71e-33	1.74e-24	3.19e-16	1.01e-08	9.96e-01	3.84e-03	0.00e+00
 3.07656e+12	2.57e-43	2.29e-33	2.18e-24	3.70e-16	1.09e-08	9.96e-01	3.56e-03	0.00e+00
 3.22672e+12	0.00e+00	3.18e-33	2.79e-24	4.38e-16	1.19e-08	9.97e-01	3.27e-03	0.00e+00
 3.37562e+12	5.77e-43	4.37e-33	3.56e-24	5.17e-16	1.30e-08	9.97e-01	3.01e-03	0.00e+00
 3.51442e+12	0.00e+00	5.83e-33	4.43e-24	6.00e-16	1.40e-08	9.97e-01	2.79e-03	0.00e+00
 3.66888e+12	1.21e-42	7.92e-33	5.59e-24	7.03e-16	1.52e-08	9.97e-01	2.57e-03	0.00e+00
 3.84556e+12	0.00e+00	1.11e-32	7.24e-24	8.39e-16	1.66e-08	9.98e-01	2.35e-03	0.00e+00
 4.01958e+12	2.75e-42	1.54e-32	9.25e-24	9.91e-16	1.80e-08	9.98e-01	2.16e-03	0.00e+00
 4.20056e+12	0.00e+00	2.13e-32	1.19e-23	1.17e-15	1.97e-08	9.98e-01	1.98e-03	0.00e+00
 4.39851e+12	6.30e-42	2.99e-32	1.54e-23	1.40e-15	2.15e-08	9.98e-01	1.81e-03	0.00e+00
 4.59866e+12	0.00e+00	4.18e-32	1.99e-23	1.67e-15	2.36e-08	9.98e-01	1.66e-03	0.00e+00
 4.80682e+12	1.44e-41	5.83e-32	2.56e-23	1.99e-15	2.58e-08	9.98e-01	1.52e-03	0.00e+00
 5.02902e+12	0.00e+00	8.22e-32	3.33e-23	2.39e-15	2.83e-08	9.99e-01	1.38e-03	0.00e+00
 5.24963e+12	3.32e-41	1.14e-31	4.28e-23	2.84e-15	3.10e-08	9.99e-01	1.27e-03	0.00e+00
 5.47907e+12	0.00e+00	1.58e-31	5.51e-23	3.38e-15	3.39e-08	9.99e-01	1.16e-03	0.00e+00
 5.72816e+12	7.61e-41	2.23e-31	7.18e-23	4.06e-15	3.72e-08	9.99e-01	1.06e-03	0.00e+00
 5.98722e+12	0.00e+00	3.14e-31	9.34e-23	4.88e-15	4.09e-08	9.99e-01	9.62e-04	0.00e+00
 6.25663e+12	1.77e-40	4.42e-31	1.22e-22	5.86e-15	4.50e-08	9.99e-01	8.75e-04	0.00e+00
 6.53682e+12	0.00e+00	6.22e-31	1.58e-22	7.05e-15	4.96e-08	9.99e-01	7.97e-04	0.00e+00
 6.82822e+12	4.11e-40	8.74e-31	2.06e-22	8.48e-15	5.46e-08	9.99e-01	7.24e-04	0.00e+00
 7.09246e+12	0.00e+00	1.18e-30	2.60e-22	9.98e-15	5.94e-08	9.99e-01	6.66e-04	0.00e+00
 7.31375e+12	7.94e-40	1.49e-30	3.13e-22	1.14e-14	6.36e-08	9.99e-01	6.23e-04	0.00e+00
 7.55664e+12	0.00e+00	1.93e-30	3.82e-22	1.31e-14	6.85e-08	9.99e-01	5.79e-04	0.00e+00
 7.86278e+12	1.59e-39	2.63e-30	4.86e-22	1.55e-14	7.49e-08	9.99e-01	5.30e-04	0.00e+00
 8.18136e+12	0.00e+00	3.58e-30	6.20e-22	1.84e-14	8.20e-08	1.00e+00	4.85e-04	0.00e+00
 8.45462e+12	3.17e-39	4.63e-30	7.57e-22	2.13e-14	8.84e-08	1.00e+00	4.51e-04	0.00e+00
 8.73873e+12	0.00e+00	5.98e-30	9.25e-22	2.46e-14	9.54e-08	1.00e+00	4.18e-04	0.00e+00
 9.09227e+12	6.31e-39	8.12e-30	1.18e-21	2.92e-14	1.05e-07	1.00e+00	3.82e-04	0.00e+00
 9.45024e+12	0.00e+00	1.09e-29	1.49e-21	3.45e-14	1.14e-07	1.00e+00	3.50e-04	0.00e+00
 9.76253e+12	1.23e-38	1.40e-29	1.81e-21	3.97e-14	1.23e-07	1.00e+00	3.25e-04	0.00e+00
 1.01012e+13	0.00e+00	1.82e-29	2.23e-21	4.61e-14	1.33e-07	1.00e+00	3.01e-04	0.00e+00
 1.05135e+13	2.44e-38	2.47e-29	2.83e-21	5.48e-14	1.46e-07	1.00e+00	2.75e-04	0.00e+00
 1.09330e+13	0.00e+00	3.33e-29	3.59e-21	6.50e-14	1.60e-07	1.00e+00	2.52e-04	0.00e+00
 1.13182e+13	4.81e-38	4.33e-29	4.41e-21	7.54e-14	1.74e-07	1.00e+00	2.32e-04	0.00e+00
 1.17473e+13	0.00e+00	5.73e-29	5.51e-21	8.85e-14	1.89e-07	1.00e+00	2.14e-04	0.00e+00
 1.22446e+13	9.84e-38	7.82e-29	7.05e-21	1.06e-13	2.08e-07	1.00e+00	1.95e-04	0.00e+00
 1.27349e+13	0.00e+00	1.05e-28	8.89e-21	1.25e-13	2.28e-07	1.00e+00	1.78e-04	0.00e+00
 1.32046e+13	1.95e-37	1.37e-28	1.10e-20	1.46e-13	2.47e-07	1.00e+00	1.64e-04	0.00e+00
 1.37225e+13	0.00e+00	1.83e-28	1.38e-20	1.72e-13	2.70e-07	1.00e+00	1.50e-04	0.00e+00
 1.43013e+13	3.98e-37	2.48e-28	1.76e-20	2.05e-13	2.97e-07	1.00e+00	1.37e-04	0.00e+00
 1.48277e+13	0.00e+00	3.24e-28	2.18e-20	2.39e-13	3.22e-07	1.00e+00	1.26e-04	0.00e+00
 1.52709e+13	7.16e-37	4.03e-28	2.58e-20	2.71e-13	3.45e-07	1.00e+00	1.18e-04	0.00e+00
 1.57583e+13	0.00e+00	5.08e-28	3.10e-20	3.09e-13	3.70e-07	1.00e+00	1.10e-04	0.00e+00
 1.63085e+13	1.29e-36	6.54e-28	3.79e-20	3.57e-13	4.00e-07	1.00e+00	1.02e-04	0.00e+00
 1.68351e+13	0.00e+00	8.26e-28	4.56e-20	4.08e-13	4.29e-07	1.00e+00	9.54e-05	0.00e+00
 1.74148e+13	2.31e-36	1.06e-27	5.55e-20	4.70e-13	4.63e-07	1.00e+00	8.85e-05	0.00e+00
 1.80587e+13	0.00e+00	1.38e-27	6.85e-20	5.47e-13	5.02e-07	1.00e+00	8.17e-05	0.00e+00
 1.86622e+13	4.28e-36	1.76e-27	8.29e-20	6.27e-13	5.41e-07	1.00e+00	7.60e-05	0.00e+00
 1.93228e+13	0.00e+00	2.27e-27	1.01e-19	7.24e-13	5.84e-07	1.00e+00	7.04e-05	0.00e+00
 2.00656e+13	8.17e-36	3.00e-27	1.26e-19	8.47e-13	6.35e-07	1.00e+00	6.48e-05	0.00e+00
 2.07752e+13	0.00e+00	3.87e-27	1.54e-19	9.78e-13	6.86e-07	1.00e+00	6.01e-05	0.00e+00
 2.15525e+13	1.55e-35	5.06e-27	1.90e-19	1.14e-12	7.44e-07	1.00e+00	5.55e-05	0.00e+00
 2.23758e+13	0.00e+00	6.67e-27	2.36e-19	1.33e-12	8.08e-07	1.00e+00	5.11e-05	0.00e+00
 2.30964e+13	2.87e-35	8.41e-27	2.84e-19	1.51e-12	8.66e-07	1.00e+00	4.77e-05	0.00e+00
 2.38658e+13	0.00e+00	1.07e-26	3.43e-19	1.73e-12	9.31e-07	1.00e+00	4.44e-05	0.00e+00
 2.48017e+13	5.43e-35	1.42e-26	4.28e-19	2.03e-12	1.01e-06	1.00e+00	4.09e-05	0.00e+00
 2.57338e+13	0.00e+00	1.86e-26	5.30e-19	2.36e-12	1.10e-06	1.00e+00	3.78e-05	0.00e+00
 2.65566e+13	1.00e-34	2.35e-26	6.35e-19	2.68e-12	1.17e-06	1.00e+00	3.53e-05	0.00e+00
 2.74575e+13	0.00e+00	3.00e-26	7.70e-19	3.07e-12	1.26e-06	1.00e+00	3.28e-05	0.00e+00
 2.85409e+13	1.92e-34	4.00e-26	9.62e-19	3.60e-12	1.37e-06	1.00e+00	3.02e-05	0.00e+00
 2.96247e+13	2.68e-34	5.26e-26	1.19e-18	4.19e-12	1.49e-06	1.00e+00	2.79e-05	0.00e+00
 3.06109e+13	3.61e-34	6.70e-26	1.44e-18	4.78e-12	1.60e-06	1.00e+00	2.60e-05	0.00e+00
 3.17072e+13	4.97e-34	8.70e-26	1.77e-18	5.52e-12	1.72e-06	1.00e+00	2.41e-05	0.00e+00
 3.29884e+13	7.10e-34	1.17e-25	2.22e-18	6.48e-12	1.88e-06	1.00e+00	2.22e-05	0.00e+00
 3.42518e+13	1.00e-33	1.54e-25	2.76e-18	7.55e-12	2.03e-06	1.00e+00	2.05e-05	0.00e+00
 3.54476e+13	1.37e-33	1.99e-25	3.36e-18	8.67e-12	2.19e-06	1.00e+00	1.90e-05	0.00e+00
 3.67774e+13	1.91e-33	2.62e-25	4.16e-18	1.01e-11	2.37e-06	1.00e+00	1.76e-05	0.00e+00
 3.82784e+13	2.76e-33	3.53e-25	5.25e-18	1.18e-11	2.58e-06	1.00e+00	1.62e-05	0.00e+00
 3.97875e+13	3.94e-33	4.72e-25	6.57e-18	1.38e-11	2.80e-06	1.00e+00	1.49e-05	0.00e+00
 4.13568e+13	5.63e-33	6.31e-25	8.22e-18	1.62e-11	3.04e-06	1.00e+00	1.38e-05	0.00e+00
 4.30410e+13	8.14e-33	8.51e-25	1.04e-17	1.90e-11	3.30e-06	1.00e+00	1.27e-05	0.00e+00
 4.47926e+13	1.18e-32	1.15e-24	1.31e-17	2.23e-11	3.59e-06	1.00e+00	1.17e-05	0.00e+00
 4.64621e+13	1.66e-32	1.52e-24	1.62e-17	2.58e-11	3.88e-06	1.00e+00	1.08e-05	0.00e+00
 4.79869e+13	2.24e-32	1.94e-24	1.95e-17	2.94e-11	4.15e-06	1.00e+00	1.01e-05	0.00e+00
 4.94257e+13	2.95e-32	2.42e-24	2.32e-17	3.31e-11	4.41e-06	1.00e+00	9.49e-06	0.00e+00
 5.10137e+13	3.97e-32	3.08e-24	2.79e-17	3.76e-11	4.71e-06	1.00e+00	8.89e-06	0.00e+00
 5.27940e+13	5.47e-32	4.00e-24	3.41e-17	4.32e-11	5.06e-06	1.00e+00	8.28e-06	0.00e+00
 5.44782e+13	7.37e-32	5.09e-24	4.10e-17	4.89e-11	5.40e-06	1.00e+00	7.76e-06	0.00e+00
 5.63216e+13	1.01e-31	6.56e-24	4.98e-17	5.59e-11	5.79e-06	1.00e+00	7.25e-06	0.00e+00
 5.83890e+13	1.42e-31	8.65e-24	6.15e-17	6.46e-11	6.23e-06	1.00e+00	6.73e-06	0.00e+00
 6.03071e+13	1.93e-31	1.11e-23	7.44e-17	7.35e-11	6.66e-06	1.00e+00	6.30e-06	0.00e+00
 6.20891e+13	2.55e-31	1.39e-23	8.82e-17	8.26e-11	7.07e-06	1.00e+00	5.94e-06	0.00e+00
 6.41345e+13	3.48e-31	1.78e-23	1.07e-16	9.40e-11	7.56e-06	1.00e+00	5.56e-06	0.00e+00
 6.66114e+13	4.99e-31	2.39e-23	1.33e-16	1.09e-10	8.17e-06	1.00e+00	5.14e-06	0.00e+00
 6.90497e+13	7.06e-31	3.15e-23	1.65e-16	1.26e-10	8.79e-06	1.00e+00	4.78e-06	0.00e+00
 7.11856e+13	9.47e-31	4.00e-23	1.97e-16	1.43e-10	9.35e-06	1.00e+00	4.49e-06	0.00e+00
 7.35276e+13	1.29e-30	5.14e-23	2.39e-16	1.62e-10	9.98e-06	1.00e+00	4.21e-06	0.00e+00
 7.63633e+13	1.86e-30	6.89e-23	2.98e-16	1.89e-10	1.08e-05	1.00e+00	3.90e-06	0.00e+00
 7.92077e+13	2.66e-30	9.17e-23	3.70e-16	2.18e-10	1.16e-05	1.00e+00	3.62e-06	0.00e+00
 8.17791e+13	3.63e-30	1.18e-22	4.47e-16	2.48e-10	1.24e-05	1.00e+00	3.40e-06	0.00e+00
 8.46287e+13	5.07e-30	1.54e-22	5.48e-16	2.84e-10	1.33e-05	1.00e+00	3.17e-06	0.00e+00
 8.79791e+13	7.39e-30	2.09e-22	6.89e-16	3.32e-10	1.44e-05	1.00e+00	2.93e-06	0.00e+00
 9.12881e+13	1.06e-29	2.79e-22	8.58e-16	3.84e-10	1.55e-05	1.00e+00	2.72e-06	0.00e+00
 9.43834e+13	1.47e-29	3.62e-22	1.05e-15	4.39e-10	1.65e-05	1.00e+00	2.54e-06	0.00e+00
 9.78426e+13	2.09e-29	4.81e-22	1.29e-15	5.06e-10	1.78e-05	1.00e+00	2.37e-06	0.00e+00
 1.01786e+14	3.08e-29	6.56e-22	1.64e-15	5.93e-10	1.92e-05	1.00e+00	2.19e-06	0.00e+00
 1.05702e+14	4.47e-29	8.83e-22	2.05e-15	6.89e-10	2.07e-05	1.00e+00	2.03e-06	0.00e+00
 1.09775e+14	6.47e-29	1.19e-21	2.56e-15	8.00e-10	2.24e-05	1.00e+00	1.88e-06	0.00e+00
 1.14196e+14	9.53e-29	1.62e-21	3.24e-15	9.37e-10	2.42e-05	1.00e+00	1.74e-06	0.00e+00
 1.18794e+14	1.40e-28	2.22e-21	4.09e-15	1.10e-09	2.62e-05	1.00e+00	1.60e-06	0.00e+00
 1.23246e+14	2.02e-28	2.96e-21	5.09e-15	1.27e-09	2.82e-05	1.00e+00	1.49e-06	0.00e+00
 1.27434e+14	2.80e-28	3.85e-21	6.21e-15	1.45e-09	3.02e-05	1.00e+00	1.39e-06	0.00e+00
 1.32118e+14	3.99e-28	5.12e-21	7.69e-15	1.68e-09	3.25e-05	1.00e+00	1.29e-06	0.00e+00
 1.36840e+14	5.62e-28	6.74e-21	9.48e-15	1.93e-09	3.49e-05	1.00e+00	1.21e-06	0.00e+00
 1.40760e+14	7.41e-28	8.42e-21	1.12e-14	2.16e-09	3.69e-05	1.00e+00	1.14e-06	0.00e+00
 1.44909e+14	9.85e-28	1.06e-20	1.33e-14	2.42e-09	3.91e-05	1.00e+00	1.07e-06	0.00e+00
 1.50214e+14	1.40e-27	1.40e-20	1.65e-14	2.80e-09	4.21e-05	1.00e+00	9.99e-07	0.00e+00
 1.55781e+14	1.99e-27	1.86e-20	2.05e-14	3.24e-09	4.53e-05	1.00e+00	0.00e+00	0.00e+00
 1.60696e+14	2.70e-27	2.38e-20	2.46e-14	3.67e-09	4.83e-05	1.00e+00	0.00e+00	0.00e+00
 1.66007e+14	3.70e-27	3.07e-20	2.98e-14	4.18e-09	5.16e-05	1.00e+00	0.00e+00	0.00e+00
 1.72404e+14	5.34e-27	4.12e-20	3.73e-14	4.86e-09	5.57e-05	1.00e+00	0.00e+00	0.00e+00
 1.78896e+14	7.64e-27	5.50e-20	4.65e-14	5.63e-09	6.01e-05	1.00e+00	0.00e+00	0.00e+00
 1.84970e+14	1.06e-26	7.14e-20	5.67e-14	6.44e-09	6.44e-05	1.00e+00	0.00e+00	0.00e+00
 1.91721e+14	1.49e-26	9.44e-20	7.01e-14	7.44e-09	6.93e-05	1.00e+00	0.00e+00	0.00e+00
 1.98887e+14	2.13e-26	1.26e-19	8.71e-14	8.62e-09	7.47e-05	1.00e+00	0.00e+00	0.00e+00
 2.05258e+14	2.89e-26	1.61e-19	1.05e-13	9.78e-09	7.97e-05	1.00e+00	0.00e+00	0.00e+00
 2.12108e+14	3.96e-26	2.08e-19	1.28e-13	1.12e-08	8.53e-05	1.00e+00	0.00e+00	0.00e+00
 2.20314e+14	5.71e-26	2.79e-19	1.60e-13	1.30e-08	9.22e-05	1.00e+00	0.00e+00	0.00e+00
 2.28388e+14	8.08e-26	3.69e-19	1.98e-13	1.50e-08	9.93e-05	1.00e+00	0.00e+00	0.00e+00
 2.35580e+14	1.09e-25	4.70e-19	2.38e-13	1.70e-08	1.06e-04	1.00e+00	0.00e+00	0.00e+00
 2.43518e+14	1.50e-25	6.07e-19	2.89e-13	1.94e-08	1.13e-04	1.00e+00	0.00e+00	0.00e+00
 2.52980e+14	2.16e-25	8.16e-19	3.63e-13	2.27e-08	1.23e-04	1.00e+00	0.00e+00	0.00e+00
 2.62366e+14	3.07e-25	1.08e-18	4.50e-13	2.62e-08	1.32e-04	1.00e+00	0.00e+00	0.00e+00
 2.70939e+14	4.18e-25	1.39e-18	5.45e-13	2.99e-08	1.41e-04	1.00e+00	0.00e+00	0.00e+00
 2.80512e+14	5.83e-25	1.82e-18	6.69e-13	3.43e-08	1.52e-04	1.00e+00	0.00e+00	0.00e+00
 2.91657e+14	8.47e-25	2.46e-18	8.42e-13	4.02e-08	1.65e-04	1.00e+00	0.00e+00	0.00e+00
 3.02606e+14	1.21e-24	3.28e-18	1.05e-12	4.66e-08	1.78e-04	1.00e+00	0.00e+00	0.00e+00
 3.12958e+14	1.67e-24	4.26e-18	1.28e-12	5.33e-08	1.90e-04	1.00e+00	0.00e+00	0.00e+00
 3.24471e+14	2.36e-24	5.64e-18	1.58e-12	6.17e-08	2.05e-04	1.00e+00	0.00e+00	0.00e+00
 3.37480e+14	3.44e-24	7.65e-18	2.00e-12	7.22e-08	2.22e-04	1.00e+00	0.00e+00	0.00e+00
 3.49812e+14	4.88e-24	1.01e-17	2.47e-12	8.34e-08	2.39e-04	1.00e+00	0.00e+00	0.00e+00
 3.61030e+14	6.60e-24	1.29e-17	2.98e-12	9.47e-08	2.55e-04	1.00e+00	0.00e+00	0.00e+00
 3.73719e+14	9.22e-24	1.69e-17	3.66e-12	1.09e-07	2.74e-04	1.00e+00	0.00e+00	0.00e+00
 3.88524e+14	1.34e-23	2.29e-17	4.61e-12	1.27e-07	2.97e-04	1.00e+00	0.00e+00	0.00e+00
 4.02738e+14	1.90e-23	3.03e-17	5.70e-12	1.47e-07	3.19e-04	1.00e+00	0.00e+00	0.00e+00
 4.15594e+14	2.57e-23	3.87e-17	6.87e-12	1.66e-07	3.41e-04	1.00e+00	0.00e+00	0.00e+00
 4.27693e+14	3.40e-23	4.84e-17	8.14e-12	1.87e-07	3.61e-04	1.00e+00	0.00e+00	0.00e+00
 4.41088e+14	4.58e-23	6.16e-17	9.77e-12	2.11e-07	3.85e-04	1.00e+00	0.00e+00	0.00e+00
 4.56063e+14	6.33e-23	8.00e-17	1.19e-11	2.42e-07	4.12e-04	1.00e+00	0.00e+00	0.00e+00
 4.70214e+14	8.52e-23	1.02e-16	1.43e-11	2.73e-07	4.38e-04	1.00e+00	0.00e+00	0.00e+00
 4.85730e+14	1.17e-22	1.31e-16	1.73e-11	3.11e-07	4.68e-04	1.00e+00	0.00e+00	0.00e+00
 5.03097e+14	1.64e-22	1.72e-16	2.13e-11	3.58e-07	5.03e-04	9.99e-01	0.00e+00	0.00e+00
 5.19489e+14	2.24e-22	2.22e-16	2.58e-11	4.07e-07	5.37e-04	9.99e-01	0.00e+00	0.00e+00
 5.37417e+14	3.12e-22	2.89e-16	3.16e-11	4.66e-07	5.76e-04	9.99e-01	0.00e+00	0.00e+00
 5.57236e+14	4.43e-22	3.84e-16	3.91e-11	5.39e-07	6.20e-04	9.99e-01	0.00e+00	0.00e+00
 5.75534e+14	6.08e-22	4.94e-16	4.74e-11	6.13e-07	6.62e-04	9.99e-01	0.00e+00	0.00e+00
 5.95346e+14	8.43e-22	6.44e-16	5.80e-11	7.02e-07	7.09e-04	9.99e-01	0.00e+00	0.00e+00
 6.17487e+14	1.20e-21	8.57e-16	7.20e-11	8.12e-07	7.64e-04	9.99e-01	0.00e+00	0.00e+00
 6.38290e+14	1.66e-21	1.11e-15	8.76e-11	9.28e-07	8.18e-04	9.99e-01	0.00e+00	0.00e+00
 6.60963e+14	2.33e-21	1.46e-15	1.08e-10	1.07e-06	8.78e-04	9.99e-01	0.00e+00	0.00e+00
 6.86179e+14	3.33e-21	1.95e-15	1.34e-10	1.24e-06	9.48e-04	9.99e-01	0.00e+00	0.00e+00
 7.09734e+14	4.63e-21	2.54e-15	1.64e-10	1.42e-06	1.02e-03	9.99e-01	0.00e+00	0.00e+00
 7.35320e+14	6.50e-21	3.34e-15	2.02e-10	1.63e-06	1.09e-03	9.99e-01	0.00e+00	0.00e+00
 7.63947e+14	9.41e-21	4.50e-15	2.54e-10	1.90e-06	1.18e-03	9.99e-01	0.00e+00	0.00e+00
 7.91095e+14	1.31e-20	5.88e-15	3.12e-10	2.19e-06	1.27e-03	9.99e-01	0.00e+00	0.00e+00
 8.20147e+14	1.86e-20	7.80e-15	3.86e-10	2.53e-06	1.37e-03	9.99e-01	0.00e+00	0.00e+00
 8.52983e+14	2.69e-20	1.05e-14	4.87e-10	2.97e-06	1.48e-03	9.99e-01	0.00e+00	0.00e+00
 8.85311e+14	3.83e-20	1.40e-14	6.06e-10	3.44e-06	1.60e-03	9.98e-01	0.00e+00	0.00e+00
 9.18933e+14	5.43e-20	1.86e-14	7.55e-10	4.00e-06	1.73e-03	9.98e-01	0.00e+00	0.00e+00
 9.55721e+14	7.83e-20	2.51e-14	9.51e-10	4.69e-06	1.88e-03	9.98e-01	0.00e+00	0.00e+00
 9.92044e+14	1.11e-19	3.34e-14	1.18e-09	5.44e-06	2.04e-03	9.98e-01	0.00e+00	0.00e+00
 1.02223e+15	1.47e-19	4.19e-14	1.41e-09	6.14e-06	2.17e-03	9.98e-01	0.00e+00	0.00e+00
 1.04662e+15	1.82e-19	5.00e-14	1.62e-09	6.75e-06	2.28e-03	9.98e-01	0.00e+00	0.00e+00
 1.07370e+15	2.30e-19	6.05e-14	1.88e-09	7.49e-06	2.41e-03	9.98e-01	0.00e+00	0.00e+00
 1.10889e+15	3.08e-19	7.70e-14	2.27e-09	8.53e-06	2.59e-03	9.97e-01	0.00e+00	0.00e+00
 1.14662e+15	4.17e-19	9.88e-14	2.76e-09	9.76e-06	2.78e-03	9.97e-01	0.00e+00	0.00e+00
 1.18010e+15	5.40e-19	1.22e-13	3.26e-09	1.10e-05	2.96e-03	9.97e-01	0.00e+00	0.00e+00
 1.21606e+15	7.05e-19	1.53e-13	3.89e-09	1.24e-05	3.16e-03	9.97e-01	0.00e+00	0.00e+00
 1.26113e+15	9.75e-19	1.99e-13	4.80e-09	1.43e-05	3.42e-03	9.97e-01	0.00e+00	0.00e+00
 1.30686e+15	1.33e-18	2.59e-13	5.91e-09	1.66e-05	3.70e-03	9.96e-01	0.00e+00	0.00e+00
 1.34650e+15	1.74e-18	3.22e-13	7.02e-09	1.87e-05	3.95e-03	9.96e-01	0.00e+00	0.00e+00
 1.38938e+15	2.27e-18	4.03e-13	8.42e-09	2.12e-05	4.24e-03	9.96e-01	0.00e+00	0.00e+00
 1.44190e+15	3.14e-18	5.27e-13	1.04e-08	2.46e-05	4.60e-03	9.95e-01	0.00e+00	0.00e+00
 1.49494e+15	4.28e-18	6.83e-13	1.29e-08	2.85e-05	4.99e-03	9.95e-01	0.00e+00	0.00e+00
 1.54209e+15	5.56e-18	8.53e-13	1.54e-08	3.23e-05	5.35e-03	9.95e-01	0.00e+00	0.00e+00
 1.59364e+15	7.36e-18	1.08e-12	1.86e-08	3.69e-05	5.76e-03	9.94e-01	0.00e+00	0.00e+00
 1.65524e+15	1.01e-17	1.41e-12	2.32e-08	4.30e-05	6.27e-03	9.94e-01	0.00e+00	0.00e+00
 1.71620e+15	1.38e-17	1.83e-12	2.86e-08	4.98e-05	6.81e-03	9.93e-01	0.00e+00	0.00e+00
 1.77128e+15	1.79e-17	2.29e-12	3.43e-08	5.65e-05	7.31e-03	9.93e-01	0.00e+00	0.00e+00
 1.83243e+15	2.38e-17	2.91e-12	4.18e-08	6.48e-05	7.90e-03	9.92e-01	0.00e+00	0.00e+00
 1.90434e+15	3.28e-17	3.82e-12	5.23e-08	7.57e-05	8.62e-03	9.91e-01	0.00e+00	0.00e+00
 1.97523e+15	4.45e-17	4.95e-12	6.46e-08	8.78e-05	9.37e-03	9.91e-01	0.00e+00	0.00e+00
 2.04109e+15	5.85e-17	6.24e-12	7.82e-08	1.00e-04	1.01e-02	9.90e-01	0.00e+00	0.00e+00
 2.11490e+15	7.86e-17	8.02e-12	9.62e-08	1.16e-04	1.09e-02	9.89e-01	0.00e+00	0.00e+00
 2.19953e+15	1.09e-16	1.06e-11	1.21e-07	1.35e-04	1.20e-02	9.88e-01	0.00e+00	0.00e+00
 2.28290e+15	1.72e-16	1.38e-11	1.50e-07	1.57e-04	1.30e-02	9.87e-01	0.00e+00	0.00e+00
 2.36961e+15	2.37e-16	1.80e-11	1.87e-07	1.83e-04	1.42e-02	9.86e-01	0.00e+00	0.00e+00
 2.44854e+15	3.12e-16	2.27e-11	2.27e-07	2.08e-04	1.53e-02	9.85e-01	0.00e+00	0.00e+00
 2.50747e+15	3.81e-16	2.69e-11	2.61e-07	2.29e-04	1.61e-02	9.84e-01	0.00e+00	0.00e+00
 2.56837e+15	4.66e-16	3.19e-11	3.00e-07	2.52e-04	1.70e-02	9.83e-01	0.00e+00	0.00e+00
 2.64754e+15	6.03e-16	3.97e-11	3.60e-07	2.85e-04	1.82e-02	9.81e-01	0.00e+00	0.00e+00
 2.73332e+15	7.91e-16	4.99e-11	4.35e-07	3.24e-04	1.96e-02	9.80e-01	0.00e+00	0.00e+00
 2.81082e+15	1.00e-15	6.09e-11	5.13e-07	3.62e-04	2.09e-02	9.79e-01	0.00e+00	0.00e+00
 2.89471e+15	1.28e-15	7.53e-11	6.10e-07	4.07e-04	2.23e-02	9.77e-01	0.00e+00	0.00e+00
 3.00098e+15	1.75e-15	9.80e-11	7.58e-07	4.71e-04	2.42e-02	9.75e-01	0.00e+00	0.00e+00
 3.10792e+15	2.36e-15	1.26e-10	9.34e-07	5.42e-04	2.62e-02	9.73e-01	0.00e+00	0.00e+00
 3.19789e+15	3.01e-15	1.55e-10	1.11e-06	6.07e-04	2.79e-02	9.71e-01	0.00e+00	0.00e+00
 3.29422e+15	3.88e-15	1.93e-10	1.32e-06	6.84e-04	2.98e-02	9.69e-01	0.00e+00	0.00e+00
 3.41565e+15	5.32e-15	2.52e-10	1.65e-06	7.92e-04	3.24e-02	9.67e-01	0.00e+00	0.00e+00
 3.54289e+15	7.29e-15	3.30e-10	2.05e-06	9.17e-04	3.51e-02	9.64e-01	0.00e+00	0.00e+00
 3.65753e+15	9.58e-15	4.17e-10	2.48e-06	1.04e-03	3.77e-02	9.61e-01	0.00e+00	0.00e+00
 3.78261e+15	1.28e-14	5.35e-10	3.04e-06	1.19e-03	4.06e-02	9.58e-01	0.00e+00	0.00e+00
 3.93039e+15	1.80e-14	7.12e-10	3.84e-06	1.39e-03	4.42e-02	9.54e-01	0.00e+00	0.00e+00
 4.07506e+15	2.47e-14	9.32e-10	4.78e-06	1.61e-03	4.79e-02	9.50e-01	0.00e+00	0.00e+00
 4.20692e+15	3.26e-14	1.18e-09	5.80e-06	1.83e-03	5.14e-02	9.47e-01	0.00e+00	0.00e+00
 4.35475e+15	4.42e-14	1.53e-09	7.16e-06	2.10e-03	5.54e-02	9.42e-01	0.00e+00	0.00e+00
 4.52709e+15	6.24e-14	2.05e-09	9.07e-06	2.46e-03	6.03e-02	9.37e-01	0.00e+00	0.00e+00
 4.69650e+15	8.60e-14	2.70e-09	1.13e-05	2.84e-03	6.53e-02	9.32e-01	0.00e+00	0.00e+00
 4.85648e+15	1.16e-13	3.48e-09	1.39e-05	3.25e-03	7.02e-02	9.27e-01	0.00e+00	0.00e+00
 5.03455e+15	1.60e-13	4.56e-09	1.73e-05	3.76e-03	7.58e-02	9.20e-01	0.00e+00	0.00e+00
 5.20371e+15	2.13e-13	5.85e-09	2.12e-05	4.29e-03	8.14e-02	9.14e-01	0.00e+00	0.00e+00
 5.32974e+15	2.63e-13	7.00e-09	2.45e-05	4.73e-03	8.57e-02	9.10e-01	0.00e+00	0.00e+00
 5.45762e+15	3.26e-13	8.39e-09	2.84e-05	5.20e-03	9.01e-02	9.05e-01	0.00e+00	0.00e+00
 5.62386e+15	4.26e-13	1.05e-08	3.41e-05	5.86e-03	9.59e-02	8.98e-01	0.00e+00	0.00e+00
 5.80423e+15	5.64e-13	1.34e-08	4.13e-05	6.65e-03	1.03e-01	8.91e-01	0.00e+00	0.00e+00
 5.96632e+15	7.24e-13	1.65e-08	4.89e-05	7.42e-03	1.09e-01	8.84e-01	0.00e+00	0.00e+00
 6.14040e+15	9.42e-13	2.06e-08	5.83e-05	8.33e-03	1.15e-01	8.76e-01	0.00e+00	0.00e+00
 6.36358e+15	1.31e-12	2.72e-08	7.28e-05	9.62e-03	1.24e-01	8.66e-01	0.00e+00	0.00e+00
 6.58838e+15	1.79e-12	3.54e-08	8.99e-05	1.10e-02	1.33e-01	8.56e-01	0.00e+00	0.00e+00
 6.77331e+15	2.29e-12	4.37e-08	1.06e-04	1.23e-02	1.41e-01	8.47e-01	0.00e+00	0.00e+00
 6.96865e+15	2.98e-12	5.45e-08	1.27e-04	1.38e-02	1.49e-01	8.37e-01	0.00e+00	0.00e+00
 7.22065e+15	4.13e-12	7.17e-08	1.57e-04	1.59e-02	1.60e-01	8.24e-01	0.00e+00	0.00e+00
 7.48305e+15	5.70e-12	9.42e-08	1.96e-04	1.83e-02	1.72e-01	8.10e-01	0.00e+00	0.00e+00
 7.70935e+15	7.48e-12	1.19e-07	2.35e-04	2.06e-02	1.82e-01	7.97e-01	0.00e+00	0.00e+00
 7.95201e+15	9.98e-12	1.51e-07	2.84e-04	2.33e-02	1.93e-01	7.83e-01	0.00e+00	0.00e+00
 8.25096e+15	1.40e-11	2.01e-07	3.57e-04	2.69e-02	2.07e-01	7.65e-01	0.00e+00	0.00e+00
 8.54576e+15	1.92e-11	2.62e-07	4.40e-04	3.08e-02	2.21e-01	7.48e-01	0.00e+00	0.00e+00
 8.79727e+15	2.50e-11	3.27e-07	5.26e-04	3.46e-02	2.33e-01	7.32e-01	0.00e+00	0.00e+00
 9.06984e+15	3.33e-11	4.16e-07	6.34e-04	3.89e-02	2.46e-01	7.14e-01	0.00e+00	0.00e+00
 9.37332e+15	4.48e-11	5.34e-07	7.74e-04	4.42e-02	2.61e-01	6.94e-01	0.00e+00	0.00e+00
 9.65876e+15	5.88e-11	6.71e-07	9.28e-04	4.95e-02	2.74e-01	6.75e-01	0.00e+00	0.00e+00
 9.90780e+15	7.39e-11	8.14e-07	1.08e-03	5.46e-02	2.86e-01	6.58e-01	0.00e+00	0.00e+00
 1.01677e+16	9.42e-11	9.96e-07	1.27e-03	6.04e-02	2.98e-01	6.40e-01	0.00e+00	0.00e+00
 1.04520e+16	1.21e-10	1.23e-06	1.50e-03	6.70e-02	3.11e-01	6.20e-01	0.00e+00	0.00e+00
 1.07165e+16	1.51e-10	1.48e-06	1.74e-03	7.35e-02	3.23e-01	6.02e-01	0.00e+00	0.00e+00
 1.10088e+16	1.95e-10	1.83e-06	2.06e-03	8.14e-02	3.36e-01	5.81e-01	0.00e+00	0.00e+00
 1.13249e+16	2.51e-10	2.27e-06	2.44e-03	9.04e-02	3.49e-01	5.58e-01	0.00e+00	0.00e+00
 1.16158e+16	3.16e-10	2.75e-06	2.85e-03	9.93e-02	3.61e-01	5.37e-01	0.00e+00	0.00e+00
 1.19378e+16	4.10e-10	3.41e-06	3.38e-03	1.10e-01	3.74e-01	5.13e-01	0.00e+00	0.00e+00
 1.22861e+16	5.31e-10	4.24e-06	4.02e-03	1.22e-01	3.86e-01	4.87e-01	0.00e+00	0.00e+00
 1.26093e+16	6.74e-10	5.17e-06	4.71e-03	1.34e-01	3.97e-01	4.64e-01	0.00e+00	0.00e+00
 1.29140e+16	8.40e-10	6.21e-06	5.45e-03	1.46e-01	4.07e-01	4.42e-01	0.00e+00	0.00e+00
 1.32544e+16	1.08e-09	7.64e-06	6.42e-03	1.60e-01	4.17e-01	4.17e-01	0.00e+00	0.00e+00
 1.36209e+16	1.39e-09	9.44e-06	7.60e-03	1.77e-01	4.26e-01	3.90e-01	0.00e+00	0.00e+00
 1.39445e+16	1.73e-09	1.13e-05	8.79e-03	1.92e-01	4.32e-01	3.68e-01	0.00e+00	0.00e+00
 1.42883e+16	2.20e-09	1.38e-05	1.03e-02	2.09e-01	4.38e-01	3.43e-01	0.00e+00	0.00e+00
 1.46617e+16	2.82e-09	1.69e-05	1.21e-02	2.28e-01	4.43e-01	3.17e-01	0.00e+00	0.00e+00
 1.49944e+16	3.49e-09	2.03e-05	1.40e-02	2.46e-01	4.45e-01	2.95e-01	0.00e+00	0.00e+00
 1.52843e+16	4.21e-09	2.36e-05	1.58e-02	2.62e-01	4.46e-01	2.76e-01	0.00e+00	0.00e+00
 1.55972e+16	5.21e-09	2.81e-05	1.81e-02	2.80e-01	4.46e-01	2.56e-01	0.00e+00	0.00e+00
 1.59359e+16	6.52e-09	3.38e-05	2.09e-02	3.01e-01	4.44e-01	2.34e-01	0.00e+00	0.00e+00
 1.62334e+16	7.89e-09	3.95e-05	2.37e-02	3.19e-01	4.40e-01	2.17e-01	0.00e+00	0.00e+00
 1.64989e+16	9.41e-09	4.56e-05	2.65e-02	3.36e-01	4.36e-01	2.01e-01	0.00e+00	0.00e+00
 1.67971e+16	1.15e-08	5.38e-05	3.01e-02	3.56e-01	4.30e-01	1.84e-01	0.00e+00	0.00e+00
 1.71169e+16	1.44e-08	6.42e-05	3.45e-02	3.77e-01	4.22e-01	1.66e-01	0.00e+00	0.00e+00
 1.73924e+16	1.73e-08	7.45e-05	3.88e-02	3.96e-01	4.14e-01	1.51e-01	0.00e+00	0.00e+00
 1.76367e+16	2.03e-08	8.50e-05	4.30e-02	4.13e-01	4.05e-01	1.39e-01	0.00e+00	0.00e+00
 1.79123e+16	2.52e-08	1.01e-04	4.87e-02	4.33e-01	3.94e-01	1.25e-01	0.00e+00	0.00e+00
 1.82019e+16	3.06e-08	1.18e-04	5.51e-02	4.53e-01	3.81e-01	1.11e-01	0.00e+00	0.00e+00
 1.84488e+16	3.67e-08	1.36e-04	6.14e-02	4.70e-01	3.68e-01	1.00e-01	0.00e+00	0.00e+00
 1.86686e+16	4.40e-08	1.57e-04	6.79e-02	4.86e-01	3.56e-01	9.04e-02	0.00e+00	0.00e+00
 1.88820e+16	5.00e-08	1.74e-04	7.45e-02	5.01e-01	3.43e-01	8.18e-02	0.00e+00	0.00e+00
 1.91270e+16	6.07e-08	2.03e-04	8.35e-02	5.18e-01	3.26e-01	7.19e-02	0.00e+00	0.00e+00
 1.93801e+16	7.45e-08	2.39e-04	9.39e-02	5.35e-01	3.09e-01	6.24e-02	0.00e+00	0.00e+00
 1.95832e+16	9.35e-08	2.82e-04	1.04e-01	5.48e-01	2.93e-01	5.46e-02	0.00e+00	0.00e+00
 1.97466e+16	1.08e-07	3.15e-04	1.12e-01	5.59e-01	2.80e-01	4.91e-02	0.00e+00	0.00e+00
 1.99192e+16	1.22e-07	3.48e-04	1.22e-01	5.69e-01	2.65e-01	4.35e-02	0.00e+00	0.00e+00
 2.01435e+16	1.49e-07	4.08e-04	1.36e-01	5.82e-01	2.44e-01	3.65e-02	0.00e+00	0.00e+00
 2.03578e+16	1.83e-07	4.78e-04	1.52e-01	5.93e-01	2.24e-01	3.04e-02	0.00e+00	0.00e+00
 2.05044e+16	2.27e-07	5.56e-04	1.65e-01	6.00e-01	2.09e-01	2.61e-02	0.00e+00	0.00e+00
 2.06120e+16	2.52e-07	6.03e-04	1.74e-01	6.04e-01	1.98e-01	2.34e-02	0.00e+00	0.00e+00
 2.07233e+16	2.78e-07	6.51e-04	1.84e-01	6.09e-01	1.86e-01	2.07e-02	0.00e+00	0.00e+00
 2.08680e+16	3.40e-07	7.54e-04	1.99e-01	6.13e-01	1.69e-01	1.72e-02	0.00e+00	0.00e+00
 2.10101e+16	4.01e-07	8.52e-04	2.14e-01	6.17e-01	1.54e-01	1.42e-02	0.00e+00	0.00e+00
 2.11038e+16	4.49e-07	9.25e-04	2.25e-01	6.19e-01	1.43e-01	1.23e-02	0.00e+00	0.00e+00
 2.11649e+16	4.89e-07	9.84e-04	2.33e-01	6.19e-01	1.36e-01	1.12e-02	0.00e+00	0.00e+00
 2.12284e+16	5.33e-07	1.05e-03	2.41e-01	6.20e-01	1.28e-01	9.98e-03	0.00e+00	0.00e+00
 2.13111e+16	5.97e-07	1.14e-03	2.52e-01	6.20e-01	1.18e-01	8.56e-03	0.00e+00	0.00e+00
 2.13953e+16	6.62e-07	1.23e-03	2.63e-01	6.20e-01	1.09e-01	7.29e-03	0.00e+00	0.00e+00
 2.14644e+16	7.12e-07	1.30e-03	2.72e-01	6.20e-01	1.01e-01	6.34e-03	0.00e+00	0.00e+00
 2.15368e+16	7.90e-07	1.40e-03	2.82e-01	6.19e-01	9.22e-02	5.36e-03	0.00e+00	0.00e+00
 2.16127e+16	8.80e-07	1.51e-03	2.93e-01	6.18e-01	8.36e-02	4.47e-03	0.00e+00	0.00e+00
 2.16761e+16	9.69e-07	1.62e-03	3.02e-01	6.16e-01	7.66e-02	3.79e-03	0.00e+00	0.00e+00
 2.17317e+16	1.07e-06	1.74e-03	3.11e-01	6.14e-01	7.04e-02	3.22e-03	0.00e+00	0.00e+00
 2.17849e+16	1.16e-06	1.84e-03	3.19e-01	6.12e-01	6.48e-02	2.76e-03	0.00e+00	0.00e+00
 2.18449e+16	1.27e-06	1.96e-03	3.28e-01	6.09e-01	5.85e-02	2.28e-03	0.00e+00	0.00e+00
 2.19228e+16	1.44e-06	2.14e-03	3.40e-01	6.05e-01	5.09e-02	1.76e-03	0.00e+00	0.00e+00
 2.20009e+16	1.61e-06	2.32e-03	3.51e-01	6.01e-01	4.41e-02	1.35e-03	0.00e+00	0.00e+00
 2.20634e+16	1.77e-06	2.48e-03	3.60e-01	5.97e-01	3.90e-02	1.07e-03	0.00e+00	0.00e+00
 2.21290e+16	1.96e-06	2.66e-03	3.70e-01	5.93e-01	3.39e-02	8.26e-04	0.00e+00	0.00e+00
 2.22143e+16	2.23e-06	2.91e-03	3.82e-01	5.86e-01	2.81e-02	5.82e-04	0.00e+00	0.00e+00
 2.23030e+16	2.53e-06	3.18e-03	3.94e-01	5.79e-01	2.31e-02	4.04e-04	0.00e+00	0.00e+00
 2.23809e+16	2.82e-06	3.43e-03	4.05e-01	5.72e-01	1.93e-02	2.88e-04	0.00e+00	0.00e+00
 2.24670e+16	3.19e-06	3.73e-03	4.16e-01	5.65e-01	1.57e-02	1.96e-04	0.00e+00	0.00e+00
 2.25789e+16	3.71e-06	4.14e-03	4.29e-01	5.54e-01	1.20e-02	1.18e-04	0.00e+00	0.00e+00
 2.27042e+16	4.36e-06	4.62e-03	4.44e-01	5.42e-01	9.00e-03	6.80e-05	0.00e+00	0.00e+00
 2.28468e+16	5.22e-06	5.22e-03	4.60e-01	5.28e-01	6.45e-03	3.60e-05	0.00e+00	0.00e+00
 2.30323e+16	6.54e-06	6.08e-03	4.80e-01	5.10e-01	4.26e-03	1.62e-05	0.00e+00	0.00e+00
 2.32352e+16	8.36e-06	7.17e-03	5.02e-01	4.89e-01	2.78e-03	7.06e-06	0.00e+00	0.00e+00
 2.34246e+16	1.06e-05	8.38e-03	5.22e-01	4.68e-01	1.90e-03	3.36e-06	0.00e+00	0.00e+00
 2.35667e+16	1.26e-05	9.45e-03	5.37e-01	4.52e-01	1.46e-03	2.00e-06	0.00e+00	0.00e+00
 2.36565e+16	1.42e-05	1.02e-02	5.47e-01	4.41e-01	1.23e-03	1.44e-06	0.00e+00	0.00e+00
 2.37460e+16	1.59e-05	1.10e-02	5.58e-01	4.30e-01	1.04e-03	1.03e-06	0.00e+00	0.00e+00
 2.38624e+16	1.85e-05	1.22e-02	5.71e-01	4.16e-01	8.32e-04	6.69e-07	0.00e+00	0.00e+00
 2.39929e+16	2.21e-05	1.38e-02	5.86e-01	3.99e-01	6.55e-04	0.00e+00	0.00e+00	0.00e+00
 2.41117e+16	2.61e-05	1.54e-02	6.00e-01	3.84e-01	5.28e-04	0.00e+00	0.00e+00	0.00e+00
 2.42154e+16	3.02e-05	1.70e-02	6.13e-01	3.69e-01	4.37e-04	0.00e+00	0.00e+00	0.00e+00
 2.43292e+16	3.58e-05	1.91e-02	6.27e-01	3.53e-01	3.53e-04	0.00e+00	0.00e+00	0.00e+00
 2.44418e+16	4.25e-05	2.15e-02	6.41e-01	3.37e-01	2.88e-04	0.00e+00	0.00e+00	0.00e+00
 2.45249e+16	4.86e-05	2.35e-02	6.52e-01	3.25e-01	2.48e-04	0.00e+00	0.00e+00	0.00e+00
 2.45937e+16	5.42e-05	2.53e-02	6.60e-01	3.14e-01	2.18e-04	0.00e+00	0.00e+00	0.00e+00
 2.46722e+16	6.17e-05	2.76e-02	6.70e-01	3.02e-01	1.87e-04	0.00e+00	0.00e+00	0.00e+00
 2.47742e+16	7.31e-05	3.10e-02	6.83e-01	2.86e-01	1.53e-04	0.00e+00	0.00e+00	0.00e+00
 2.48736e+16	8.73e-05	3.50e-02	6.95e-01	2.70e-01	1.27e-04	0.00e+00	0.00e+00	0.00e+00
 2.49450e+16	9.94e-05	3.82e-02	7.03e-01	2.58e-01	1.10e-04	0.00e+00	0.00e+00	0.00e+00
 2.50035e+16	1.11e-04	4.11e-02	7.10e-01	2.49e-01	9.76e-05	0.00e+00	0.00e+00	0.00e+00
 2.50702e+16	1.26e-04	4.48e-02	7.17e-01	2.38e-01	8.48e-05	0.00e+00	0.00e+00	0.00e+00
 2.51570e+16	1.49e-04	5.02e-02	7.27e-01	2.23e-01	7.03e-05	0.00e+00	0.00e+00	0.00e+00
 2.52428e+16	1.77e-04	5.65e-02	7.35e-01	2.08e-01	5.84e-05	0.00e+00	0.00e+00	0.00e+00
 2.53061e+16	2.02e-04	6.18e-02	7.40e-01	1.97e-01	5.07e-05	0.00e+00	0.00e+00	0.00e+00
 2.53580e+16	2.26e-04	6.67e-02	7.45e-01	1.88e-01	4.49e-05	0.00e+00	0.00e+00	0.00e+00
 2.54165e+16	2.56e-04	7.26e-02	7.49e-01	1.78e-01	3.90e-05	0.00e+00	0.00e+00	0.00e+00
 2.54925e+16	3.04e-04	8.14e-02	7.53e-01	1.65e-01	3.23e-05	0.00e+00	0.00e+00	0.00e+00
 2.55679e+16	3.63e-04	9.17e-02	7.56e-01	1.52e-01	2.67e-05	0.00e+00	0.00e+00	0.00e+00
 2.56234e+16	4.15e-04	1.00e-01	7.57e-01	1.42e-01	2.30e-05	0.00e+00	0.00e+00	0.00e+00
 2.56683e+16	4.64e-04	1.08e-01	7.57e-01	1.35e-01	2.03e-05	0.00e+00	0.00e+00	0.00e+00
 2.57187e+16	5.27e-04	1.18e-01	7.56e-01	1.26e-01	1.76e-05	0.00e+00	0.00e+00	0.00e+00
 2.57841e+16	6.23e-04	1.31e-01	7.53e-01	1.15e-01	1.45e-05	0.00e+00	0.00e+00	0.00e+00
 2.58498e+16	7.45e-04	1.48e-01	7.47e-01	1.04e-01	1.18e-05	0.00e+00	0.00e+00	0.00e+00
 2.58995e+16	8.55e-04	1.62e-01	7.41e-01	9.56e-02	1.00e-05	0.00e+00	0.00e+00	0.00e+00
 2.59407e+16	9.63e-04	1.75e-01	7.35e-01	8.89e-02	8.68e-06	0.00e+00	0.00e+00	0.00e+00
 2.59871e+16	1.10e-03	1.91e-01	7.26e-01	8.14e-02	7.34e-06	0.00e+00	0.00e+00	0.00e+00
 2.60475e+16	1.31e-03	2.14e-01	7.13e-01	7.19e-02	5.83e-06	0.00e+00	0.00e+00	0.00e+00
 2.61082e+16	1.59e-03	2.42e-01	6.94e-01	6.26e-02	4.56e-06	0.00e+00	0.00e+00	0.00e+00
 2.61547e+16	1.85e-03	2.66e-01	6.76e-01	5.57e-02	3.72e-06	0.00e+00	0.00e+00	0.00e+00
 2.62004e+16	2.14e-03	2.92e-01	6.57e-01	4.92e-02	3.01e-06	0.00e+00	0.00e+00	0.00e+00
 2.62599e+16	2.61e-03	3.29e-01	6.27e-01	4.12e-02	2.24e-06	0.00e+00	0.00e+00	0.00e+00
 2.63207e+16	3.24e-03	3.74e-01	5.89e-01	3.35e-02	1.60e-06	0.00e+00	0.00e+00	0.00e+00
 2.63682e+16	3.87e-03	4.15e-01	5.54e-01	2.78e-02	1.20e-06	0.00e+00	0.00e+00	0.00e+00
 2.64073e+16	4.46e-03	4.50e-01	5.22e-01	2.35e-02	9.25e-07	0.00e+00	0.00e+00	0.00e+00
 2.64503e+16	5.23e-03	4.91e-01	4.84e-01	1.91e-02	0.00e+00	0.00e+00	0.00e+00	0.00e+00
 2.64968e+16	6.28e-03	5.40e-01	4.39e-01	1.49e-02	0.00e+00	0.00e+00	0.00e+00	0.00e+00
 2.65363e+16	7.31e-03	5.84e-01	3.97e-01	1.17e-02	0.00e+00	0.00e+00	0.00e+00	0.00e+00
 2.65686e+16	8.36e-03	6.22e-01	3.60e-01	9.43e-03	0.00e+00	0.00e+00	0.00e+00	0.00e+00
 2.66029e+16	9.56e-03	6.62e-01	3.22e-01	7.32e-03	0.00e+00	0.00e+00	0.00e+00	0.00e+00
 2.66404e+16	1.11e-02	7.05e-01	2.78e-01	5.38e-03	0.00e+00	0.00e+00	0.00e+00	0.00e+00
 2.66725e+16	1.28e-02	7.43e-01	2.40e-01	3.97e-03	0.00e+00	0.00e+00	0.00e+00	0.00e+00
 2.66987e+16	1.43e-02	7.73e-01	2.10e-01	3.03e-03	0.00e+00	0.00e+00	0.00e+00	0.00e+00
 2.67261e+16	1.60e-02	8.01e-01	1.80e-01	2.23e-03	0.00e+00	0.00e+00	0.00e+00	0.00e+00
 2.67562e+16	1.83e-02	8.31e-01	1.49e-01	1.55e-03	0.00e+00	0.00e+00	0.00e+00	0.00e+00
 2.67827e+16	2.06e-02	8.54e-01	1.24e-01	1.08e-03	0.00e+00	0.00e+00	0.00e+00	0.00e+00
 2.68047e+16	2.28e-02	8.72e-01	1.04e-01	7.81e-04	0.00e+00	0.00e+00	0.00e+00	0.00e+00
 2.68247e+16	2.51e-02	8.86e-01	8.81e-02	5.72e-04	0.00e+00	0.00e+00	0.00e+00	0.00e+00
 2.68475e+16	2.79e-02	9.00e-01	7.20e-02	3.92e-04	0.00e+00	0.00e+00	0.00e+00	0.00e+00
 2.68723e+16	3.14e-02	9.12e-01	5.64e-02	2.50e-04	0.00e+00	0.00e+00	0.00e+00	0.00e+00
 2.68936e+16	3.50e-02	9.20e-01	4.48e-02	1.64e-04	0.00e+00	0.00e+00	0.00e+00	0.00e+00
 2.69108e+16	3.82e-02	9.25e-01	3.68e-02	1.15e-04	0.00e+00	0.00e+00	0.00e+00	0.00e+00
 2.69287e+16	4.19e-02	9.28e-01	2.96e-02	7.72e-05	0.00e+00	0.00e+00	0.00e+00	0.00e+00
 2.69481e+16	4.62e-02	9.31e-01	2.31e-02	4.92e-05	0.00e+00	0.00e+00	0.00e+00	0.00e+00
 2.69647e+16	5.08e-02	9.31e-01	1.83e-02	3.24e-05	0.00e+00	0.00e+00	0.00e+00	0.00e+00
 2.69785e+16	5.47e-02	9.30e-01	1.50e-02	2.27e-05	0.00e+00	0.00e+00	0.00e+00	0.00e+00
 2.69919e+16	5.90e-02	9.29e-01	1.23e-02	1.58e-05	0.00e+00	0.00e+00	0.00e+00	0.00e+00
 2.70065e+16	6.41e-02	9.26e-01	9.78e-03	1.05e-05	0.00e+00	0.00e+00	0.00e+00	0.00e+00
 2.70209e+16	6.96e-02	9.23e-01	7.72e-03	6.84e-06	0.00e+00	0.00e+00	0.00e+00	0.00e+00
 2.70332e+16	7.46e-02	9.19e-01	6.26e-03	4.70e-06	0.00e+00	0.00e+00	0.00e+00	0.00e+00
 2.70436e+16	7.91e-02	9.16e-01	5.22e-03	3.38e-06	0.00e+00	0.00e+00	0.00e+00	0.00e+00
 2.70530e+16	8.36e-02	9.12e-01	4.41e-03	2.50e-06	0.00e+00	0.00e+00	0.00e+00	0.00e+00
 2.70617e+16	8.81e-02	9.08e-01	3.75e-03	1.86e-06	0.00e+00	0.00e+00	0.00e+00	0.00e+00
 2.70687e+16	9.14e-02	9.05e-01	3.29e-03	1.48e-06	0.00e+00	0.00e+00	0.00e+00	0.00e+00
 2.70734e+16	9.38e-02	9.03e-01	3.02e-03	1.26e-06	0.00e+00	0.00e+00	0.00e+00	0.00e+00
 2.70777e+16	9.63e-02	9.01e-01	2.78e-03	1.09e-06	0.00e+00	0.00e+00	0.00e+00	0.00e+00
 2.70826e+16	9.93e-02	8.98e-01	2.52e-03	9.09e-07	0.00e+00	0.00e+00	0.00e+00	0.00e+00
 2.70880e+16	1.02e-01	8.95e-01	2.27e-03	0.00e+00	0.00e+00	0.00e+00	0.00e+00	0.00e+00
 2.70931e+16	1.06e-01	8.92e-01	2.04e-03	0.00e+00	0.00e+00	0.00e+00	0.00e+00	0.00e+00
 2.70980e+16	1.09e-01	8.89e-01	1.85e-03	0.00e+00	0.00e+00	0.00e+00	0.00e+00	0.00e+00
 2.71028e+16	1.12e-01	8.86e-01	1.68e-03	0.00e+00	0.00e+00	0.00e+00	0.00e+00	0.00e+00
 2.71075e+16	1.15e-01	8.83e-01	1.52e-03	0.00e+00	0.00e+00	0.00e+00	0.00e+00	0.00e+00
 2.71123e+16	1.18e-01	8.80e-01	1.37e-03	0.00e+00	0.00e+00	0.00e+00	0.00e+00	0.00e+00
 2.71170e+16	1.22e-01	8.77e-01	1.24e-03	0.00e+00	0.00e+00	0.00e+00	0.00e+00	0.00e+00
 2.71217e+16	1.25e-01	8.73e-01	1.12e-03	0.00e+00	0.00e+00	0.00e+00	0.00e+00	0.00e+00
 2.71263e+16	1.29e-01	8.70e-01	1.02e-03	0.00e+00	0.00e+00	0.00e+00	0.00e+00	0.00e+00
 2.71308e+16	1.33e-01	8.66e-01	9.20e-04	0.00e+00	0.00e+00	0.00e+00	0.00e+00	0.00e+00
 2.71353e+16	1.36e-01	8.63e-01	8.31e-04	0.00e+00	0.00e+00	0.00e+00	0.00e+00	0.00e+00
 2.71397e+16	1.40e-01	8.59e-01	7.51e-04	0.00e+00	0.00e+00	0.00e+00	0.00e+00	0.00e+00
 2.71441e+16	1.44e-01	8.55e-01	6.79e-04	0.00e+00	0.00e+00	0.00e+00	0.00e+00	0.00e+00
 2.71485e+16	1.49e-01	8.51e-01	6.14e-04	0.00e+00	0.00e+00	0.00e+00	0.00e+00	0.00e+00
 2.71528e+16	1.53e-01	8.46e-01	5.54e-04	0.00e+00	0.00e+00	0.00e+00	0.00e+00	0.00e+00
 2.71571e+16	1.58e-01	8.42e-01	5.00e-04	0.00e+00	0.00e+00	0.00e+00	0.00e+00	0.00e+00
 2.71613e+16	1.62e-01	8.37e-01	4.52e-04	0.00e+00	0.00e+00	0.00e+00	0.00e+00	0.00e+00
 2.71654e+16	1.67e-01	8.32e-01	4.09e-04	0.00e+00	0.00e+00	0.00e+00	0.00e+00	0.00e+00
 2.71696e+16	1.72e-01	8.28e-01	3.69e-04	0.00e+00	0.00e+00	0.00e+00	0.00e+00	0.00e+00
 2.71737e+16	1.78e-01	8.22e-01	3.33e-04	0.00e+00	0.00e+00	0.00e+00	0.00e+00	0.00e+00
 2.71777e+16	1.84e-01	8.16e-01	3.00e-04	0.00e+00	0.00e+00	0.00e+00	0.00e+00	0.00e+00
 2.71818e+16	1.89e-01	8.10e-01	2.70e-04	0.00e+00	0.00e+00	0.00e+00	0.00e+00	0.00e+00
 2.71857e+16	1.96e-01	8.04e-01	2.44e-04	0.00e+00	0.00e+00	0.00e+00	0.00e+00	0.00e+00
 2.71896e+16	2.02e-01	7.98e-01	2.20e-04	0.00e+00	0.00e+00	0.00e+00	0.00e+00	0.00e+00
 2.71935e+16	2.09e-01	7.91e-01	1.98e-04	0.00e+00	0.00e+00	0.00e+00	0.00e+00	0.00e+00
 2.71974e+16	2.17e-01	7.83e-01	1.78e-04	0.00e+00	0.00e+00	0.00e+00	0.00e+00	0.00e+00
 2.72011e+16	2.25e-01	7.75e-01	1.60e-04	0.00e+00	0.00e+00	0.00e+00	0.00e+00	0.00e+00
 2.72048e+16	2.33e-01	7.67e-01	1.45e-04	0.00e+00	0.00e+00	0.00e+00	0.00e+00	0.00e+00
 2.72084e+16	2.41e-01	7.59e-01	1.30e-04	0.00e+00	0.00e+00	0.00e+00	0.00e+00	0.00e+00
 2.72120e+16	2.50e-01	7.50e-01	1.18e-04	0.00e+00	0.00e+00	0.00e+00	0.00e+00	0.00e+00
 2.72155e+16	2.61e-01	7.39e-01	1.06e-04	0.00e+00	0.00e+00	0.00e+00	0.00e+00	0.00e+00
 2.72189e+16	2.71e-01	7.29e-01	9.56e-05	0.00e+00	0.00e+00	0.00e+00	0.00e+00	0.00e+00
 2.72222e+16	2.82e-01	7.18e-01	8.63e-05	0.00e+00	0.00e+00	0.00e+00	0.00e+00	0.00e+00
 2.72255e+16	2.93e-01	7.07e-01	7.78e-05	0.00e+00	0.00e+00	0.00e+00	0.00e+00	0.00e+00
 2.72288e+16	3.04e-01	6.95e-01	7.01e-05	0.00e+00	0.00e+00	0.00e+00	0.00e+00	0.00e+00
 2.72320e+16	3.18e-01	6.82e-01	6.30e-05	0.00e+00	0.00e+00	0.00e+00	0.00e+00	0.00e+00
 2.72352e+16	3.31e-01	6.69e-01	5.67e-05	0.00e+00	0.00e+00	0.00e+00	0.00e+00	0.00e+00
 2.72384e+16	3.46e-01	6.54e-01	5.10e-05	0.00e+00	0.00e+00	0.00e+00	0.00e+00	0.00e+00
 2.72414e+16	3.61e-01	6.39e-01	4.58e-05	0.00e+00	0.00e+00	0.00e+00	0.00e+00	0.00e+00
 2.72445e+16	3.77e-01	6.23e-01	4.10e-05	0.00e+00	0.00e+00	0.00e+00	0.00e+00	0.00e+00
 2.72476e+16	3.96e-01	6.04e-01	3.66e-05	0.00e+00	0.00e+00	0.00e+00	0.00e+00	0.00e+00
 2.72505e+16	4.15e-01	5.85e-01	3.27e-05	0.00e+00	0.00e+00	0.00e+00	0.00e+00	0.00e+00
 2.72534e+16	4.33e-01	5.67e-01	2.92e-05	0.00e+00	0.00e+00	0.00e+00	0.00e+00	0.00e+00
 2.72564e+16	4.53e-01	5.47e-01	2.60e-05	0.00e+00	0.00e+00	0.00e+00	0.00e+00	0.00e+00
 2.72593e+16	4.74e-01	5.26e-01	2.31e-05	0.00e+00	0.00e+00	0.00e+00	0.00e+00	0.00e+00
 2.72622e+16	4.96e-01	5.04e-01	2.05e-05	0.00e+00	0.00e+00	0.00e+00	0.00e+00	0.00e+00
 2.72651e+16	5.20e-01	4.80e-01	1.80e-05	0.00e+00	0.00e+00	0.00e+00	0.00e+00	0.00e+00
 2.72679e+16	5.42e-01	4.58e-01	1.60e-05	0.00e+00	0.00e+00	0.00e+00	0.00e+00	0.00e+00
 2.72708e+16	5.65e-01	4.35e-01	1.40e-05	0.00e+00	0.00e+00	0.00e+00	0.00e+00	0.00e+00
 2.72736e+16	5.90e-01	4.10e-01	1.23e-05	0.00e+00	0.00e+00	0.00e+00	0.00e+00	0.00e+00
 2.72765e+16	6.14e-01	3.86e-01	1.07e-05	0.00e+00	0.00e+00	0.00e+00	0.00e+00	0.00e+00
 2.72789e+16	6.35e-01	3.65e-01	9.52e-06	0.00e+00	0.00e+00	0.00e+00	0.00e+00	0.00e+00
 2.72808e+16	6.51e-01	3.49e-01	8.70e-06	0.00e+00	0.00e+00	0.00e+00	0.00e+00	0.00e+00
 2.72825e+16	6.66e-01	3.34e-01	7.98e-06	0.00e+00	0.00e+00	0.00e+00	0.00e+00	0.00e+00
 2.72842e+16	6.80e-01	3.20e-01	7.29e-06	0.00e+00	0.00e+00	0.00e+00	0.00e+00	0.00e+00
 2.72861e+16	6.97e-01	3.03e-01	6.58e-06	0.00e+00	0.00e+00	0.00e+00	0.00e+00	0.00e+00
