#depth	O	O+	O+2	O+3	O+4	O+5	O+6	O+7	O+8	O[1]	O[2]	O[3]
 1.49634e+10	0.00e+00	0.00e+00	4.95e-29	6.25e-21	1.13e-13	2.50e-07	1.00e+00	0.00e+00	0.00e+00	0.00e+00	0.00e+00	0.00e+00
 4.54887e+10	0.00e+00	5.82e-38	6.93e-29	8.09e-21	1.35e-13	2.74e-07	1.00e+00	3.58e-08	0.00e+00	0.00e+00	0.00e+00	0.00e+00
 7.72350e+10	0.00e+00	0.00e+00	9.69e-29	1.05e-20	1.61e-13	3.01e-07	1.00e+00	0.00e+00	0.00e+00	0.00e+00	0.00e+00	0.00e+00
 1.10251e+11	0.00e+00	1.33e-37	1.36e-28	1.36e-20	1.93e-13	3.30e-07	1.00e+00	0.00e+00	0.00e+00	0.00e+00	0.00e+00	0.00e+00
 1.43053e+11	0.00e+00	0.00e+00	1.87e-28	1.74e-20	2.30e-13	3.61e-07	1.00e+00	0.00e+00	0.00e+00	0.00e+00	0.00e+00	0.00e+00
 1.77167e+11	0.00e+00	2.94e-37	2.57e-28	2.23e-20	2.73e-13	3.95e-07	1.00e+00	0.00e+00	0.00e+00	0.00e+00	0.00e+00	0.00e+00
 2.14180e+11	0.00e+00	0.00e+00	3.60e-28	2.88e-20	3.28e-13	4.35e-07	1.00e+00	0.00e+00	0.00e+00	0.00e+00	0.00e+00	0.00e+00
 2.52674e+11	0.00e+00	6.68e-37	5.02e-28	3.74e-20	3.93e-13	4.78e-07	1.00e+00	0.00e+00	0.00e+00	0.00e+00	0.00e+00	0.00e+00
 2.92708e+11	0.00e+00	0.00e+00	7.00e-28	4.84e-20	4.72e-13	5.26e-07	1.00e+00	0.00e+00	0.00e+00	0.00e+00	0.00e+00	0.00e+00
 3.34343e+11	0.00e+00	1.51e-36	9.76e-28	6.28e-20	5.68e-13	5.80e-07	1.00e+00	0.00e+00	0.00e+00	0.00e+00	0.00e+00	0.00e+00
 3.71927e+11	6.41e-46	2.15e-36	1.30e-27	7.86e-20	6.66e-13	6.31e-07	1.00e+00	0.00e+00	0.00e+00	0.00e+00	0.00e+00	0.00e+00
 4.03120e+11	0.00e+00	0.00e+00	1.64e-27	9.42e-20	7.58e-13	6.75e-07	1.00e+00	0.00e+00	0.00e+00	0.00e+00	0.00e+00	0.00e+00
 4.37242e+11	0.00e+00	3.83e-36	2.09e-27	1.14e-19	8.70e-13	7.26e-07	1.00e+00	0.00e+00	0.00e+00	0.00e+00	0.00e+00	0.00e+00
 4.80622e+11	1.98e-45	5.52e-36	2.83e-27	1.45e-19	1.03e-12	7.95e-07	1.00e+00	0.00e+00	0.00e+00	0.00e+00	0.00e+00	0.00e+00
 5.25953e+11	0.00e+00	0.00e+00	3.82e-27	1.83e-19	1.22e-12	8.70e-07	1.00e+00	0.00e+00	0.00e+00	0.00e+00	0.00e+00	0.00e+00
 5.65965e+11	0.00e+00	1.08e-35	4.93e-27	2.24e-19	1.41e-12	9.41e-07	1.00e+00	0.00e+00	0.00e+00	0.00e+00	0.00e+00	0.00e+00
 6.03001e+11	6.15e-45	1.43e-35	6.20e-27	2.69e-19	1.61e-12	1.01e-06	1.00e+00	0.00e+00	0.00e+00	0.00e+00	0.00e+00	0.00e+00
 6.45002e+11	0.00e+00	0.00e+00	7.96e-27	3.28e-19	1.86e-12	1.09e-06	1.00e+00	0.00e+00	0.00e+00	0.00e+00	0.00e+00	0.00e+00
 6.97080e+11	0.00e+00	2.77e-35	1.07e-26	4.16e-19	2.21e-12	1.20e-06	1.00e+00	0.00e+00	0.00e+00	0.00e+00	0.00e+00	0.00e+00
 7.49089e+11	2.02e-44	3.90e-35	1.43e-26	5.22e-19	2.61e-12	1.31e-06	1.00e+00	0.00e+00	0.00e+00	0.00e+00	0.00e+00	0.00e+00
 7.93664e+11	0.00e+00	5.17e-35	1.80e-26	6.30e-19	2.99e-12	1.41e-06	1.00e+00	0.00e+00	0.00e+00	0.00e+00	0.00e+00	0.00e+00
 8.41745e+11	4.00e-44	6.94e-35	2.30e-26	7.66e-19	3.45e-12	1.52e-06	1.00e+00	0.00e+00	0.00e+00	0.00e+00	0.00e+00	0.00e+00
 9.01264e+11	0.00e+00	9.82e-35	3.08e-26	9.67e-19	4.09e-12	1.67e-06	1.00e+00	0.00e+00	0.00e+00	0.00e+00	0.00e+00	0.00e+00
 9.62445e+11	9.02e-44	1.38e-34	4.10e-26	1.22e-18	4.84e-12	1.84e-06	1.00e+00	0.00e+00	0.00e+00	0.00e+00	0.00e+00	0.00e+00
 1.01776e+12	0.00e+00	1.86e-34	5.26e-26	1.49e-18	5.61e-12	1.99e-06	1.00e+00	0.00e+00	0.00e+00	0.00e+00	0.00e+00	0.00e+00
 1.07864e+12	1.85e-43	2.54e-34	6.83e-26	1.84e-18	6.54e-12	2.17e-06	1.00e+00	0.00e+00	0.00e+00	0.00e+00	0.00e+00	0.00e+00
 1.15028e+12	0.00e+00	3.61e-34	9.19e-26	2.33e-18	7.80e-12	2.39e-06	1.00e+00	0.00e+00	0.00e+00	0.00e+00	0.00e+00	0.00e+00
 1.22188e+12	4.14e-43	5.04e-34	1.22e-25	2.93e-18	9.22e-12	2.62e-06	1.00e+00	0.00e+00	0.00e+00	0.00e+00	0.00e+00	0.00e+00
 1.28999e+12	0.00e+00	6.85e-34	1.58e-25	3.62e-18	1.07e-11	2.85e-06	1.00e+00	0.00e+00	0.00e+00	0.00e+00	0.00e+00	0.00e+00
 1.36516e+12	8.66e-43	9.47e-34	2.08e-25	4.52e-18	1.26e-11	3.12e-06	1.00e+00	0.00e+00	0.00e+00	0.00e+00	0.00e+00	0.00e+00
 1.44970e+12	0.00e+00	1.34e-33	2.79e-25	5.74e-18	1.50e-11	3.44e-06	1.00e+00	0.00e+00	0.00e+00	0.00e+00	0.00e+00	0.00e+00
 1.52575e+12	1.85e-42	1.81e-33	3.59e-25	7.06e-18	1.75e-11	3.74e-06	1.00e+00	0.00e+00	0.00e+00	0.00e+00	0.00e+00	0.00e+00
 1.58851e+12	0.00e+00	2.30e-33	4.40e-25	8.32e-18	1.97e-11	4.00e-06	1.00e+00	0.00e+00	0.00e+00	0.00e+00	0.00e+00	0.00e+00
 1.65704e+12	3.29e-42	2.97e-33	5.46e-25	9.91e-18	2.24e-11	4.29e-06	1.00e+00	0.00e+00	0.00e+00	0.00e+00	0.00e+00	0.00e+00
 1.74465e+12	0.00e+00	4.05e-33	7.12e-25	1.23e-17	2.61e-11	4.68e-06	1.00e+00	0.00e+00	0.00e+00	0.00e+00	0.00e+00	0.00e+00
 1.83311e+12	6.72e-42	5.48e-33	9.20e-25	1.52e-17	3.04e-11	5.10e-06	1.00e+00	0.00e+00	0.00e+00	0.00e+00	0.00e+00	0.00e+00
 1.90623e+12	0.00e+00	6.99e-33	1.13e-24	1.79e-17	3.43e-11	5.45e-06	1.00e+00	0.00e+00	0.00e+00	0.00e+00	0.00e+00	0.00e+00
 1.98338e+12	1.19e-41	8.96e-33	1.40e-24	2.13e-17	3.88e-11	5.84e-06	1.00e+00	0.00e+00	0.00e+00	0.00e+00	0.00e+00	0.00e+00
 2.08249e+12	0.00e+00	1.22e-32	1.81e-24	2.63e-17	4.52e-11	6.37e-06	1.00e+00	0.00e+00	0.00e+00	0.00e+00	0.00e+00	0.00e+00
 2.18647e+12	2.43e-41	1.66e-32	2.36e-24	3.26e-17	5.27e-11	6.94e-06	1.00e+00	0.00e+00	0.00e+00	0.00e+00	0.00e+00	0.00e+00
 2.27748e+12	0.00e+00	2.16e-32	2.95e-24	3.92e-17	6.00e-11	7.47e-06	1.00e+00	0.00e+00	0.00e+00	0.00e+00	0.00e+00	0.00e+00
 2.37532e+12	4.53e-41	2.84e-32	3.73e-24	4.73e-17	6.87e-11	8.05e-06	1.00e+00	0.00e+00	0.00e+00	0.00e+00	0.00e+00	0.00e+00
 2.49419e+12	0.00e+00	3.91e-32	4.90e-24	5.91e-17	8.04e-11	8.80e-06	1.00e+00	0.00e+00	0.00e+00	0.00e+00	0.00e+00	0.00e+00
 2.60931e+12	9.26e-41	5.26e-32	6.31e-24	7.26e-17	9.31e-11	9.56e-06	1.00e+00	0.00e+00	0.00e+00	0.00e+00	0.00e+00	0.00e+00
 2.70616e+12	0.00e+00	6.71e-32	7.77e-24	8.60e-17	1.05e-10	1.02e-05	1.00e+00	0.00e+00	0.00e+00	0.00e+00	0.00e+00	0.00e+00
 2.81037e+12	1.65e-40	8.67e-32	9.66e-24	1.03e-16	1.19e-10	1.10e-05	1.00e+00	0.00e+00	0.00e+00	0.00e+00	0.00e+00	0.00e+00
 2.94163e+12	0.00e+00	1.18e-31	1.26e-23	1.27e-16	1.38e-10	1.19e-05	1.00e+00	0.00e+00	0.00e+00	0.00e+00	0.00e+00	0.00e+00
 3.07636e+12	3.36e-40	1.60e-31	1.63e-23	1.57e-16	1.60e-10	1.30e-05	1.00e+00	0.00e+00	0.00e+00	0.00e+00	0.00e+00	0.00e+00
 3.19358e+12	0.00e+00	2.08e-31	2.04e-23	1.88e-16	1.82e-10	1.39e-05	1.00e+00	0.00e+00	0.00e+00	0.00e+00	0.00e+00	0.00e+00
 3.31972e+12	6.20e-40	2.73e-31	2.57e-23	2.26e-16	2.07e-10	1.50e-05	1.00e+00	0.00e+00	0.00e+00	0.00e+00	0.00e+00	0.00e+00
 3.47380e+12	0.00e+00	3.75e-31	3.37e-23	2.82e-16	2.41e-10	1.63e-05	1.00e+00	0.00e+00	0.00e+00	0.00e+00	0.00e+00	0.00e+00
 3.62880e+12	1.28e-39	5.11e-31	4.39e-23	3.49e-16	2.80e-10	1.77e-05	1.00e+00	0.00e+00	0.00e+00	0.00e+00	0.00e+00	0.00e+00
 3.76707e+12	0.00e+00	6.69e-31	5.51e-23	4.20e-16	3.17e-10	1.91e-05	1.00e+00	0.00e+00	0.00e+00	0.00e+00	0.00e+00	0.00e+00
 3.91897e+12	2.44e-39	8.93e-31	7.04e-23	5.11e-16	3.63e-10	2.06e-05	1.00e+00	0.00e+00	0.00e+00	0.00e+00	0.00e+00	0.00e+00
 4.09988e+12	0.00e+00	1.24e-30	9.31e-23	6.39e-16	4.24e-10	2.24e-05	1.00e+00	0.00e+00	0.00e+00	0.00e+00	0.00e+00	0.00e+00
 4.28060e+12	5.15e-39	1.71e-30	1.22e-22	7.94e-16	4.93e-10	2.44e-05	1.00e+00	0.00e+00	0.00e+00	0.00e+00	0.00e+00	0.00e+00
 4.44847e+12	0.00e+00	2.27e-30	1.56e-22	9.65e-16	5.63e-10	2.62e-05	1.00e+00	0.00e+00	0.00e+00	0.00e+00	0.00e+00	0.00e+00
 4.63625e+12	1.02e-38	3.10e-30	2.02e-22	1.19e-15	6.50e-10	2.84e-05	1.00e+00	0.00e+00	0.00e+00	0.00e+00	0.00e+00	0.00e+00
 4.85163e+12	0.00e+00	4.40e-30	2.72e-22	1.50e-15	7.62e-10	3.10e-05	1.00e+00	0.00e+00	0.00e+00	0.00e+00	0.00e+00	0.00e+00
 5.06577e+12	2.26e-38	6.13e-30	3.60e-22	1.88e-15	8.87e-10	3.38e-05	1.00e+00	0.00e+00	0.00e+00	0.00e+00	0.00e+00	0.00e+00
 5.28847e+12	0.00e+00	8.58e-30	4.77e-22	2.35e-15	1.03e-09	3.67e-05	1.00e+00	0.00e+00	0.00e+00	0.00e+00	0.00e+00	0.00e+00
 5.52994e+12	4.99e-38	1.22e-29	6.40e-22	2.96e-15	1.21e-09	4.00e-05	1.00e+00	0.00e+00	0.00e+00	0.00e+00	0.00e+00	0.00e+00
 5.78106e+12	0.00e+00	1.75e-29	8.64e-22	3.74e-15	1.41e-09	4.36e-05	1.00e+00	0.00e+00	0.00e+00	0.00e+00	0.00e+00	0.00e+00
 6.01955e+12	1.11e-37	2.41e-29	1.13e-21	4.63e-15	1.63e-09	4.72e-05	1.00e+00	0.00e+00	0.00e+00	0.00e+00	0.00e+00	0.00e+00
 6.23420e+12	0.00e+00	3.20e-29	1.43e-21	5.58e-15	1.85e-09	5.05e-05	1.00e+00	0.00e+00	0.00e+00	0.00e+00	0.00e+00	0.00e+00
 6.43391e+12	2.07e-37	4.14e-29	1.78e-21	6.59e-15	2.08e-09	5.37e-05	1.00e+00	0.00e+00	0.00e+00	0.00e+00	0.00e+00	0.00e+00
 6.65363e+12	0.00e+00	5.46e-29	2.24e-21	7.89e-15	2.34e-09	5.73e-05	1.00e+00	0.00e+00	0.00e+00	0.00e+00	0.00e+00	0.00e+00
 6.90158e+12	4.10e-37	7.43e-29	2.88e-21	9.61e-15	2.67e-09	6.15e-05	1.00e+00	0.00e+00	0.00e+00	0.00e+00	0.00e+00	0.00e+00
 7.13964e+12	0.00e+00	9.86e-29	3.65e-21	1.15e-14	3.02e-09	6.57e-05	1.00e+00	0.00e+00	0.00e+00	0.00e+00	0.00e+00	0.00e+00
 7.40255e+12	8.16e-37	1.34e-28	4.69e-21	1.40e-14	3.45e-09	7.05e-05	1.00e+00	0.00e+00	0.00e+00	0.00e+00	0.00e+00	0.00e+00
 7.69475e+12	0.00e+00	1.86e-28	6.16e-21	1.73e-14	3.97e-09	7.60e-05	1.00e+00	0.00e+00	0.00e+00	0.00e+00	0.00e+00	0.00e+00
 7.96285e+12	1.69e-36	2.49e-28	7.84e-21	2.08e-14	4.50e-09	8.12e-05	1.00e+00	0.00e+00	0.00e+00	0.00e+00	0.00e+00	0.00e+00
 8.21109e+12	0.00e+00	3.25e-28	9.75e-21	2.47e-14	5.03e-09	8.62e-05	1.00e+00	0.00e+00	0.00e+00	0.00e+00	0.00e+00	0.00e+00
 8.49569e+12	3.28e-36	4.38e-28	1.25e-20	2.97e-14	5.70e-09	9.20e-05	1.00e+00	0.00e+00	0.00e+00	0.00e+00	0.00e+00	0.00e+00
 8.84464e+12	0.00e+00	6.25e-28	1.66e-20	3.71e-14	6.62e-09	9.94e-05	1.00e+00	0.00e+00	0.00e+00	0.00e+00	0.00e+00	0.00e+00
 9.19374e+12	7.43e-36	8.75e-28	2.20e-20	4.59e-14	7.63e-09	1.07e-04	1.00e+00	0.00e+00	0.00e+00	0.00e+00	0.00e+00	0.00e+00
 9.49775e+12	0.00e+00	1.17e-27	2.78e-20	5.50e-14	8.61e-09	1.14e-04	1.00e+00	0.00e+00	0.00e+00	0.00e+00	0.00e+00	0.00e+00
 9.82665e+12	1.50e-35	1.59e-27	3.57e-20	6.64e-14	9.77e-09	1.22e-04	1.00e+00	0.00e+00	0.00e+00	0.00e+00	0.00e+00	0.00e+00
 1.02278e+13	0.00e+00	2.29e-27	4.79e-20	8.30e-14	1.13e-08	1.31e-04	1.00e+00	0.00e+00	0.00e+00	0.00e+00	0.00e+00	0.00e+00
 1.06360e+13	3.51e-35	3.25e-27	6.38e-20	1.03e-13	1.31e-08	1.42e-04	1.00e+00	0.00e+00	0.00e+00	0.00e+00	0.00e+00	0.00e+00
 1.10053e+13	5.10e-35	4.44e-27	8.21e-20	1.25e-13	1.49e-08	1.51e-04	1.00e+00	0.00e+00	0.00e+00	0.00e+00	0.00e+00	0.00e+00
 1.14108e+13	7.58e-35	6.20e-27	1.07e-19	1.53e-13	1.71e-08	1.62e-04	1.00e+00	0.00e+00	0.00e+00	0.00e+00	0.00e+00	0.00e+00
 1.18878e+13	1.20e-34	9.07e-27	1.46e-19	1.93e-13	1.99e-08	1.75e-04	1.00e+00	0.00e+00	0.00e+00	0.00e+00	0.00e+00	0.00e+00
 1.23628e+13	1.84e-34	1.30e-26	1.96e-19	2.41e-13	2.31e-08	1.89e-04	1.00e+00	0.00e+00	0.00e+00	0.00e+00	0.00e+00	0.00e+00
 1.28116e+13	2.74e-34	1.82e-26	2.56e-19	2.95e-13	2.64e-08	2.02e-04	1.00e+00	0.00e+00	0.00e+00	0.00e+00	0.00e+00	0.00e+00
 1.33088e+13	4.19e-34	2.59e-26	3.41e-19	3.66e-13	3.05e-08	2.17e-04	1.00e+00	0.00e+00	0.00e+00	0.00e+00	0.00e+00	0.00e+00
 1.38711e+13	6.69e-34	3.83e-26	4.66e-19	4.63e-13	3.57e-08	2.35e-04	1.00e+00	0.00e+00	0.00e+00	0.00e+00	0.00e+00	0.00e+00
 1.44362e+13	1.06e-33	5.60e-26	6.32e-19	5.81e-13	4.15e-08	2.53e-04	1.00e+00	0.00e+00	0.00e+00	0.00e+00	0.00e+00	0.00e+00
 1.50239e+13	1.66e-33	8.18e-26	8.56e-19	7.29e-13	4.83e-08	2.73e-04	1.00e+00	0.00e+00	0.00e+00	0.00e+00	0.00e+00	0.00e+00
 1.56548e+13	2.66e-33	1.21e-25	1.17e-18	9.23e-13	5.65e-08	2.95e-04	1.00e+00	0.00e+00	0.00e+00	0.00e+00	0.00e+00	0.00e+00
 1.63109e+13	4.25e-33	1.79e-25	1.60e-18	1.17e-12	6.61e-08	3.19e-04	1.00e+00	0.00e+00	0.00e+00	0.00e+00	0.00e+00	0.00e+00
 1.69442e+13	6.58e-33	2.57e-25	2.15e-18	1.45e-12	7.65e-08	3.43e-04	1.00e+00	0.00e+00	0.00e+00	0.00e+00	0.00e+00	0.00e+00
 1.75370e+13	9.76e-33	3.58e-25	2.80e-18	1.77e-12	8.72e-08	3.67e-04	1.00e+00	0.00e+00	0.00e+00	0.00e+00	0.00e+00	0.00e+00
 1.80947e+13	1.40e-32	4.83e-25	3.56e-18	2.12e-12	9.84e-08	3.89e-04	1.00e+00	0.00e+00	0.00e+00	0.00e+00	0.00e+00	0.00e+00
 1.87014e+13	2.05e-32	6.64e-25	4.59e-18	2.56e-12	1.12e-07	4.14e-04	1.00e+00	0.00e+00	0.00e+00	0.00e+00	0.00e+00	0.00e+00
 1.93785e+13	3.10e-32	9.35e-25	6.05e-18	3.15e-12	1.28e-07	4.43e-04	1.00e+00	0.00e+00	0.00e+00	0.00e+00	0.00e+00	0.00e+00
 2.00183e+13	4.51e-32	1.28e-24	7.78e-18	3.80e-12	1.45e-07	4.72e-04	1.00e+00	0.00e+00	0.00e+00	0.00e+00	0.00e+00	0.00e+00
 2.07212e+13	6.74e-32	1.79e-24	1.02e-17	4.64e-12	1.66e-07	5.04e-04	9.99e-01	0.00e+00	0.00e+00	0.00e+00	0.00e+00	0.00e+00
 2.15088e+13	1.03e-31	2.54e-24	1.35e-17	5.76e-12	1.91e-07	5.42e-04	9.99e-01	0.00e+00	0.00e+00	0.00e+00	0.00e+00	0.00e+00
 2.22551e+13	1.53e-31	3.54e-24	1.77e-17	7.02e-12	2.18e-07	5.78e-04	9.99e-01	0.00e+00	0.00e+00	0.00e+00	0.00e+00	0.00e+00
 2.30736e+13	2.33e-31	5.04e-24	2.34e-17	8.66e-12	2.51e-07	6.19e-04	9.99e-01	0.00e+00	0.00e+00	0.00e+00	0.00e+00	0.00e+00
 2.40220e+13	3.71e-31	7.41e-24	3.20e-17	1.09e-11	2.93e-07	6.69e-04	9.99e-01	0.00e+00	0.00e+00	0.00e+00	0.00e+00	0.00e+00
 2.49469e+13	5.65e-31	1.06e-23	4.28e-17	1.36e-11	3.40e-07	7.21e-04	9.99e-01	0.00e+00	0.00e+00	0.00e+00	0.00e+00	0.00e+00
 2.58197e+13	8.51e-31	1.48e-23	5.60e-17	1.67e-11	3.88e-07	7.70e-04	9.99e-01	0.00e+00	0.00e+00	0.00e+00	0.00e+00	0.00e+00
 2.67932e+13	1.28e-30	2.09e-23	7.44e-17	2.07e-11	4.48e-07	8.28e-04	9.99e-01	0.00e+00	0.00e+00	0.00e+00	0.00e+00	0.00e+00
 2.78144e+13	1.97e-30	3.01e-23	9.97e-17	2.57e-11	5.18e-07	8.90e-04	9.99e-01	0.00e+00	0.00e+00	0.00e+00	0.00e+00	0.00e+00
 2.87232e+13	2.84e-30	4.08e-23	1.28e-16	3.10e-11	5.88e-07	9.48e-04	9.99e-01	0.00e+00	0.00e+00	0.00e+00	0.00e+00	0.00e+00
 2.97064e+13	4.21e-30	5.67e-23	1.66e-16	3.77e-11	6.70e-07	1.01e-03	9.99e-01	0.00e+00	0.00e+00	0.00e+00	0.00e+00	0.00e+00
 3.08824e+13	6.44e-30	8.13e-23	2.24e-16	4.73e-11	7.79e-07	1.09e-03	9.99e-01	0.00e+00	0.00e+00	0.00e+00	0.00e+00	0.00e+00
 3.20376e+13	9.92e-30	1.17e-22	2.99e-16	5.87e-11	8.99e-07	1.17e-03	9.99e-01	0.00e+00	0.00e+00	0.00e+00	0.00e+00	0.00e+00
 3.30688e+13	1.39e-29	1.56e-22	3.81e-16	7.06e-11	1.02e-06	1.25e-03	9.99e-01	0.00e+00	0.00e+00	0.00e+00	0.00e+00	0.00e+00
 3.42100e+13	2.08e-29	2.18e-22	4.98e-16	8.62e-11	1.16e-06	1.34e-03	9.99e-01	0.00e+00	0.00e+00	0.00e+00	0.00e+00	0.00e+00
 3.55671e+13	3.17e-29	3.12e-22	6.73e-16	1.08e-10	1.35e-06	1.44e-03	9.99e-01	0.00e+00	0.00e+00	0.00e+00	0.00e+00	0.00e+00
 3.69102e+13	4.78e-29	4.41e-22	8.96e-16	1.34e-10	1.56e-06	1.56e-03	9.98e-01	0.00e+00	0.00e+00	0.00e+00	0.00e+00	0.00e+00
 3.81369e+13	7.03e-29	6.08e-22	1.16e-15	1.63e-10	1.78e-06	1.66e-03	9.98e-01	0.00e+00	0.00e+00	0.00e+00	0.00e+00	0.00e+00
 3.95067e+13	1.03e-28	8.41e-22	1.52e-15	2.00e-10	2.04e-06	1.78e-03	9.98e-01	0.00e+00	0.00e+00	0.00e+00	0.00e+00	0.00e+00
 4.11015e+13	1.59e-28	1.22e-21	2.07e-15	2.53e-10	2.38e-06	1.93e-03	9.98e-01	0.00e+00	0.00e+00	0.00e+00	0.00e+00	0.00e+00
 4.26681e+13	2.42e-28	1.74e-21	2.77e-15	3.15e-10	2.76e-06	2.07e-03	9.98e-01	0.00e+00	0.00e+00	0.00e+00	0.00e+00	0.00e+00
 4.41484e+13	3.60e-28	2.42e-21	3.62e-15	3.85e-10	3.15e-06	2.22e-03	9.98e-01	0.00e+00	0.00e+00	0.00e+00	0.00e+00	0.00e+00
 4.57953e+13	5.30e-28	3.38e-21	4.81e-15	4.78e-10	3.64e-06	2.39e-03	9.98e-01	0.00e+00	0.00e+00	0.00e+00	0.00e+00	0.00e+00
 4.76570e+13	8.40e-28	4.97e-21	6.57e-15	6.04e-10	4.26e-06	2.58e-03	9.97e-01	0.00e+00	0.00e+00	0.00e+00	0.00e+00	0.00e+00
 4.95202e+13	1.25e-27	7.02e-21	8.84e-15	7.57e-10	4.95e-06	2.79e-03	9.97e-01	0.00e+00	0.00e+00	0.00e+00	0.00e+00	0.00e+00
 5.12647e+13	1.88e-27	9.84e-21	1.16e-14	9.28e-10	5.67e-06	2.99e-03	9.97e-01	0.00e+00	0.00e+00	0.00e+00	0.00e+00	0.00e+00
 5.31520e+13	2.74e-27	1.36e-20	1.54e-14	1.15e-09	6.53e-06	3.21e-03	9.97e-01	0.00e+00	0.00e+00	0.00e+00	0.00e+00	0.00e+00
 5.52620e+13	4.30e-27	1.99e-20	2.08e-14	1.44e-09	7.61e-06	3.47e-03	9.97e-01	0.00e+00	0.00e+00	0.00e+00	0.00e+00	0.00e+00
 5.72366e+13	6.18e-27	2.72e-20	2.74e-14	1.78e-09	8.74e-06	3.73e-03	9.96e-01	0.00e+00	0.00e+00	0.00e+00	0.00e+00	0.00e+00
 5.90671e+13	8.75e-27	3.66e-20	3.50e-14	2.14e-09	9.89e-06	3.97e-03	9.96e-01	0.00e+00	0.00e+00	0.00e+00	0.00e+00	0.00e+00
 6.08240e+13	1.22e-26	4.85e-20	4.41e-14	2.54e-09	1.11e-05	4.20e-03	9.96e-01	0.00e+00	0.00e+00	0.00e+00	0.00e+00	0.00e+00
 6.27740e+13	1.73e-26	6.52e-20	5.64e-14	3.06e-09	1.26e-05	4.48e-03	9.96e-01	0.00e+00	0.00e+00	0.00e+00	0.00e+00	0.00e+00
 6.49314e+13	2.45e-26	8.82e-20	7.34e-14	3.74e-09	1.43e-05	4.79e-03	9.95e-01	0.00e+00	0.00e+00	0.00e+00	0.00e+00	0.00e+00
 6.69382e+13	3.50e-26	1.19e-19	9.33e-14	4.48e-09	1.62e-05	5.09e-03	9.95e-01	0.00e+00	0.00e+00	0.00e+00	0.00e+00	0.00e+00
 6.91267e+13	4.87e-26	1.58e-19	1.20e-13	5.41e-09	1.84e-05	5.43e-03	9.95e-01	0.00e+00	0.00e+00	0.00e+00	0.00e+00	0.00e+00
 7.15852e+13	7.27e-26	2.22e-19	1.58e-13	6.66e-09	2.11e-05	5.82e-03	9.94e-01	0.00e+00	0.00e+00	0.00e+00	0.00e+00	0.00e+00
 7.39358e+13	1.01e-25	2.96e-19	2.03e-13	8.06e-09	2.39e-05	6.21e-03	9.94e-01	0.00e+00	0.00e+00	0.00e+00	0.00e+00	0.00e+00
 7.65330e+13	1.48e-25	4.08e-19	2.66e-13	9.88e-09	2.74e-05	6.65e-03	9.93e-01	0.00e+00	0.00e+00	0.00e+00	0.00e+00	0.00e+00
 7.93939e+13	2.18e-25	5.71e-19	3.54e-13	1.23e-08	3.17e-05	7.16e-03	9.93e-01	0.00e+00	0.00e+00	0.00e+00	0.00e+00	0.00e+00
 8.20222e+13	3.17e-25	7.83e-19	4.58e-13	1.49e-08	3.60e-05	7.63e-03	9.92e-01	0.00e+00	0.00e+00	0.00e+00	0.00e+00	0.00e+00
 8.48638e+13	4.47e-25	1.06e-18	5.96e-13	1.82e-08	4.12e-05	8.18e-03	9.92e-01	0.00e+00	0.00e+00	0.00e+00	0.00e+00	0.00e+00
 8.80414e+13	6.79e-25	1.51e-18	7.97e-13	2.26e-08	4.76e-05	8.80e-03	9.91e-01	0.00e+00	0.00e+00	0.00e+00	0.00e+00	0.00e+00
 9.10368e+13	9.47e-25	2.02e-18	1.03e-12	2.76e-08	5.43e-05	9.42e-03	9.91e-01	0.00e+00	0.00e+00	0.00e+00	0.00e+00	0.00e+00
 9.43116e+13	1.39e-24	2.80e-18	1.36e-12	3.40e-08	6.24e-05	1.01e-02	9.90e-01	0.00e+00	0.00e+00	0.00e+00	0.00e+00	0.00e+00
 9.79476e+13	2.07e-24	3.96e-18	1.83e-12	4.25e-08	7.24e-05	1.09e-02	9.89e-01	0.00e+00	0.00e+00	0.00e+00	0.00e+00	0.00e+00
 1.01335e+14	3.01e-24	5.44e-18	2.39e-12	5.20e-08	8.28e-05	1.17e-02	9.88e-01	0.00e+00	0.00e+00	0.00e+00	0.00e+00	0.00e+00
 1.05012e+14	4.30e-24	7.46e-18	3.15e-12	6.41e-08	9.52e-05	1.26e-02	9.87e-01	0.00e+00	0.00e+00	0.00e+00	0.00e+00	0.00e+00
 1.09122e+14	6.54e-24	1.07e-17	4.25e-12	8.05e-08	1.11e-04	1.36e-02	9.86e-01	0.00e+00	0.00e+00	0.00e+00	0.00e+00	0.00e+00
 1.13026e+14	9.26e-24	1.45e-17	5.58e-12	9.91e-08	1.27e-04	1.46e-02	9.85e-01	0.00e+00	0.00e+00	0.00e+00	0.00e+00	0.00e+00
 1.17206e+14	1.37e-23	2.03e-17	7.40e-12	1.23e-07	1.47e-04	1.57e-02	9.84e-01	0.00e+00	0.00e+00	0.00e+00	0.00e+00	0.00e+00
 1.21925e+14	2.02e-23	2.87e-17	1.00e-11	1.55e-07	1.71e-04	1.70e-02	9.83e-01	0.00e+00	0.00e+00	0.00e+00	0.00e+00	0.00e+00
 1.26560e+14	2.99e-23	4.03e-17	1.34e-11	1.93e-07	1.98e-04	1.83e-02	9.81e-01	0.00e+00	0.00e+00	0.00e+00	0.00e+00	0.00e+00
 1.31380e+14	4.31e-23	5.58e-17	1.79e-11	2.41e-07	2.30e-04	1.98e-02	9.80e-01	0.00e+00	0.00e+00	0.00e+00	0.00e+00	0.00e+00
 1.36666e+14	6.49e-23	7.97e-17	2.43e-11	3.04e-07	2.68e-04	2.15e-02	9.78e-01	0.00e+00	0.00e+00	0.00e+00	0.00e+00	0.00e+00
 1.41886e+14	9.24e-23	1.10e-16	3.23e-11	3.79e-07	3.10e-04	2.32e-02	9.76e-01	0.00e+00	0.00e+00	0.00e+00	0.00e+00	0.00e+00
 1.46196e+14	1.26e-22	1.44e-16	4.07e-11	4.52e-07	3.49e-04	2.47e-02	9.75e-01	0.00e+00	0.00e+00	0.00e+00	0.00e+00	0.00e+00
 1.49633e+14	1.57e-22	1.76e-16	4.86e-11	5.19e-07	3.82e-04	2.59e-02	9.74e-01	0.00e+00	0.00e+00	0.00e+00	0.00e+00	0.00e+00
 1.53434e+14	2.02e-22	2.19e-16	5.90e-11	6.01e-07	4.21e-04	2.73e-02	9.72e-01	0.00e+00	0.00e+00	0.00e+00	0.00e+00	0.00e+00
 1.58375e+14	2.74e-22	2.88e-16	7.51e-11	7.25e-07	4.76e-04	2.92e-02	9.70e-01	0.00e+00	0.00e+00	0.00e+00	0.00e+00	0.00e+00
 1.63682e+14	3.76e-22	3.83e-16	9.66e-11	8.80e-07	5.41e-04	3.13e-02	9.68e-01	0.00e+00	0.00e+00	0.00e+00	0.00e+00	0.00e+00
 1.68404e+14	5.01e-22	4.94e-16	1.20e-10	1.04e-06	6.05e-04	3.32e-02	9.66e-01	0.00e+00	0.00e+00	0.00e+00	0.00e+00	0.00e+00
 1.73483e+14	6.59e-22	6.35e-16	1.50e-10	1.24e-06	6.78e-04	3.53e-02	9.64e-01	0.00e+00	0.00e+00	0.00e+00	0.00e+00	0.00e+00
 1.79896e+14	9.33e-22	8.69e-16	1.98e-10	1.53e-06	7.81e-04	3.81e-02	9.61e-01	0.00e+00	0.00e+00	0.00e+00	0.00e+00	0.00e+00
 1.86391e+14	1.32e-21	1.19e-15	2.60e-10	1.89e-06	8.96e-04	4.10e-02	9.58e-01	0.00e+00	0.00e+00	0.00e+00	0.00e+00	0.00e+00
 1.91951e+14	1.75e-21	1.53e-15	3.26e-10	2.24e-06	1.00e-03	4.37e-02	9.55e-01	0.00e+00	0.00e+00	0.00e+00	0.00e+00	0.00e+00
 1.97946e+14	2.34e-21	2.00e-15	4.12e-10	2.69e-06	1.13e-03	4.66e-02	9.52e-01	0.00e+00	0.00e+00	0.00e+00	0.00e+00	0.00e+00
 2.05376e+14	3.29e-21	2.73e-15	5.44e-10	3.34e-06	1.30e-03	5.04e-02	9.48e-01	0.00e+00	0.00e+00	0.00e+00	0.00e+00	0.00e+00
 2.12936e+14	4.71e-21	3.77e-15	7.18e-10	4.13e-06	1.50e-03	5.43e-02	9.44e-01	0.00e+00	0.00e+00	0.00e+00	0.00e+00	0.00e+00
 2.19602e+14	6.26e-21	4.90e-15	9.08e-10	4.94e-06	1.68e-03	5.79e-02	9.40e-01	0.00e+00	0.00e+00	0.00e+00	0.00e+00	0.00e+00
 2.26842e+14	8.51e-21	6.50e-15	1.16e-09	5.98e-06	1.91e-03	6.21e-02	9.36e-01	0.00e+00	0.00e+00	0.00e+00	0.00e+00	0.00e+00
 2.35568e+14	1.22e-20	9.07e-15	1.55e-09	7.46e-06	2.20e-03	6.72e-02	9.31e-01	0.00e+00	0.00e+00	0.00e+00	0.00e+00	0.00e+00
 2.44224e+14	1.72e-20	1.24e-14	2.04e-09	9.21e-06	2.52e-03	7.23e-02	9.25e-01	0.00e+00	0.00e+00	0.00e+00	0.00e+00	0.00e+00
 2.51963e+14	2.33e-20	1.64e-14	2.59e-09	1.10e-05	2.84e-03	7.72e-02	9.20e-01	0.00e+00	0.00e+00	0.00e+00	0.00e+00	0.00e+00
 2.60512e+14	3.22e-20	2.20e-14	3.35e-09	1.34e-05	3.22e-03	8.27e-02	9.14e-01	0.00e+00	0.00e+00	0.00e+00	0.00e+00	0.00e+00
 2.70667e+14	4.65e-20	3.09e-14	4.48e-09	1.68e-05	3.72e-03	8.94e-02	9.07e-01	0.00e+00	0.00e+00	0.00e+00	0.00e+00	0.00e+00
 2.80716e+14	6.68e-20	4.29e-14	5.93e-09	2.07e-05	4.26e-03	9.62e-02	8.99e-01	0.00e+00	0.00e+00	0.00e+00	0.00e+00	0.00e+00
 2.89942e+14	9.03e-20	5.68e-14	7.60e-09	2.50e-05	4.81e-03	1.03e-01	8.93e-01	0.00e+00	0.00e+00	0.00e+00	0.00e+00	0.00e+00
 3.00287e+14	1.30e-19	7.86e-14	9.94e-09	3.06e-05	5.48e-03	1.10e-01	8.84e-01	0.00e+00	0.00e+00	0.00e+00	0.00e+00	0.00e+00
 3.12271e+14	1.91e-19	1.12e-13	1.34e-08	3.84e-05	6.33e-03	1.19e-01	8.75e-01	0.00e+00	0.00e+00	0.00e+00	0.00e+00	0.00e+00
 3.24034e+14	2.77e-19	1.57e-13	1.79e-08	4.76e-05	7.26e-03	1.28e-01	8.65e-01	0.00e+00	0.00e+00	0.00e+00	0.00e+00	0.00e+00
 3.35279e+14	3.82e-19	2.12e-13	2.32e-08	5.79e-05	8.22e-03	1.36e-01	8.55e-01	0.00e+00	0.00e+00	0.00e+00	0.00e+00	0.00e+00
 3.45169e+14	5.15e-19	2.77e-13	2.90e-08	6.84e-05	9.14e-03	1.44e-01	8.47e-01	0.00e+00	0.00e+00	0.00e+00	0.00e+00	0.00e+00
 3.53335e+14	6.66e-19	3.47e-13	3.47e-08	7.81e-05	9.95e-03	1.51e-01	8.39e-01	0.00e+00	0.00e+00	0.00e+00	0.00e+00	0.00e+00
 3.62296e+14	8.57e-19	4.37e-13	4.21e-08	9.02e-05	1.09e-02	1.58e-01	8.31e-01	0.00e+00	0.00e+00	0.00e+00	0.00e+00	0.00e+00
 3.73947e+14	1.18e-18	5.85e-13	5.36e-08	1.08e-04	1.22e-02	1.68e-01	8.20e-01	0.00e+00	0.00e+00	0.00e+00	0.00e+00	0.00e+00
 3.86194e+14	1.62e-18	7.79e-13	6.86e-08	1.30e-04	1.37e-02	1.77e-01	8.09e-01	0.00e+00	0.00e+00	0.00e+00	0.00e+00	0.00e+00
 3.96776e+14	2.15e-18	1.00e-12	8.44e-08	1.51e-04	1.51e-02	1.86e-01	7.99e-01	0.00e+00	0.00e+00	0.00e+00	0.00e+00	0.00e+00
 4.08092e+14	2.87e-18	1.30e-12	1.05e-07	1.77e-04	1.66e-02	1.96e-01	7.88e-01	0.00e+00	0.00e+00	0.00e+00	0.00e+00	0.00e+00
 4.22793e+14	4.27e-18	1.84e-12	1.37e-07	2.16e-04	1.89e-02	2.08e-01	7.73e-01	0.00e+00	0.00e+00	0.00e+00	0.00e+00	0.00e+00
 4.37905e+14	5.97e-18	2.50e-12	1.79e-07	2.63e-04	2.13e-02	2.20e-01	7.58e-01	0.00e+00	0.00e+00	0.00e+00	0.00e+00	0.00e+00
 4.50516e+14	8.32e-18	3.32e-12	2.23e-07	3.08e-04	2.35e-02	2.31e-01	7.45e-01	0.00e+00	0.00e+00	0.00e+00	0.00e+00	0.00e+00
 4.63864e+14	1.11e-17	4.31e-12	2.78e-07	3.61e-04	2.60e-02	2.42e-01	7.32e-01	0.00e+00	0.00e+00	0.00e+00	0.00e+00	0.00e+00
 4.80851e+14	1.67e-17	6.14e-12	3.64e-07	4.41e-04	2.93e-02	2.56e-01	7.14e-01	0.00e+00	0.00e+00	0.00e+00	0.00e+00	0.00e+00
 4.98666e+14	2.41e-17	8.43e-12	4.79e-07	5.37e-04	3.31e-02	2.71e-01	6.96e-01	0.00e+00	0.00e+00	1.38e-17	7.31e-18	2.58e-18
 5.14566e+14	3.47e-17	1.15e-11	6.06e-07	6.37e-04	3.68e-02	2.84e-01	6.79e-01	0.00e+00	0.00e+00	1.98e-17	1.06e-17	3.69e-18
 5.31882e+14	4.99e-17	1.58e-11	7.76e-07	7.61e-04	4.09e-02	2.97e-01	6.61e-01	0.00e+00	0.00e+00	2.86e-17	1.52e-17	5.28e-18
 5.52517e+14	7.51e-17	2.25e-11	1.03e-06	9.32e-04	4.63e-02	3.13e-01	6.39e-01	0.00e+00	0.00e+00	4.31e-17	2.28e-17	7.90e-18
 5.72914e+14	1.06e-16	3.07e-11	1.34e-06	1.13e-03	5.19e-02	3.28e-01	6.19e-01	0.00e+00	0.00e+00	6.11e-17	3.24e-17	1.12e-17
 5.91437e+14	1.51e-16	4.13e-11	1.70e-06	1.33e-03	5.73e-02	3.42e-01	6.00e-01	0.00e+00	0.00e+00	8.66e-17	4.58e-17	1.57e-17
 6.12078e+14	2.18e-16	5.67e-11	2.18e-06	1.59e-03	6.37e-02	3.56e-01	5.79e-01	0.00e+00	0.00e+00	1.25e-16	6.61e-17	2.26e-17
 6.36236e+14	3.45e-16	8.29e-11	2.89e-06	1.94e-03	7.16e-02	3.72e-01	5.54e-01	0.00e+00	0.00e+00	1.99e-16	1.05e-16	3.56e-17
 6.60030e+14	5.13e-16	1.16e-10	3.75e-06	2.34e-03	7.97e-02	3.87e-01	5.31e-01	0.00e+00	0.00e+00	2.95e-16	1.56e-16	5.27e-17
 6.82399e+14	7.37e-16	1.57e-10	4.76e-06	2.76e-03	8.78e-02	3.99e-01	5.10e-01	0.00e+00	0.00e+00	4.25e-16	2.24e-16	7.54e-17
 7.07348e+14	1.07e-15	2.16e-10	6.12e-06	3.29e-03	9.72e-02	4.13e-01	4.87e-01	0.00e+00	0.00e+00	6.19e-16	3.26e-16	1.10e-16
 7.35671e+14	1.66e-15	3.10e-10	8.06e-06	3.99e-03	1.08e-01	4.27e-01	4.61e-01	0.00e+00	0.00e+00	9.60e-16	5.04e-16	1.69e-16
 7.63802e+14	2.49e-15	4.33e-10	1.04e-05	4.77e-03	1.20e-01	4.39e-01	4.37e-01	0.00e+00	0.00e+00	1.44e-15	7.55e-16	2.52e-16
 7.86976e+14	3.44e-15	5.65e-10	1.28e-05	5.49e-03	1.29e-01	4.48e-01	4.17e-01	0.00e+00	0.00e+00	1.99e-15	1.04e-15	3.47e-16
 8.05032e+14	4.39e-15	6.90e-10	1.49e-05	6.10e-03	1.37e-01	4.54e-01	4.02e-01	0.00e+00	0.00e+00	2.54e-15	1.33e-15	4.42e-16
 8.24748e+14	5.69e-15	8.54e-10	1.76e-05	6.82e-03	1.46e-01	4.61e-01	3.87e-01	0.00e+00	0.00e+00	3.29e-15	1.72e-15	5.72e-16
 8.50378e+14	7.58e-15	1.09e-09	2.16e-05	7.84e-03	1.57e-01	4.68e-01	3.67e-01	0.00e+00	0.00e+00	4.39e-15	2.30e-15	7.62e-16
 8.78284e+14	1.12e-14	1.48e-09	2.67e-05	9.07e-03	1.70e-01	4.75e-01	3.47e-01	0.00e+00	0.00e+00	6.47e-15	3.39e-15	1.12e-15
 9.03422e+14	1.49e-14	1.87e-09	3.21e-05	1.03e-02	1.81e-01	4.79e-01	3.29e-01	0.00e+00	0.00e+00	8.65e-15	4.53e-15	1.49e-15
 9.30373e+14	1.98e-14	2.37e-09	3.89e-05	1.17e-02	1.94e-01	4.83e-01	3.11e-01	0.00e+00	0.00e+00	1.15e-14	6.02e-15	1.98e-15
 9.64534e+14	3.03e-14	3.30e-09	4.91e-05	1.36e-02	2.10e-01	4.87e-01	2.89e-01	0.00e+00	0.00e+00	1.76e-14	9.19e-15	3.02e-15
 9.99053e+14	4.34e-14	4.40e-09	6.13e-05	1.58e-02	2.26e-01	4.89e-01	2.69e-01	0.00e+00	0.00e+00	2.52e-14	1.32e-14	4.32e-15
 1.02826e+15	5.73e-14	5.52e-09	7.33e-05	1.78e-02	2.39e-01	4.90e-01	2.53e-01	0.00e+00	0.00e+00	3.32e-14	1.74e-14	5.69e-15
 1.05959e+15	7.83e-14	7.06e-09	8.83e-05	2.01e-02	2.54e-01	4.90e-01	2.36e-01	0.00e+00	0.00e+00	4.54e-14	2.37e-14	7.77e-15
 1.09885e+15	1.20e-13	9.77e-09	1.11e-04	2.32e-02	2.72e-01	4.88e-01	2.17e-01	0.00e+00	0.00e+00	6.95e-14	3.64e-14	1.19e-14
 1.13926e+15	1.75e-13	1.31e-08	1.38e-04	2.67e-02	2.90e-01	4.84e-01	1.99e-01	0.00e+00	0.00e+00	1.01e-13	5.30e-14	1.73e-14
 1.17485e+15	2.40e-13	1.68e-08	1.65e-04	3.00e-02	3.06e-01	4.80e-01	1.84e-01	0.00e+00	0.00e+00	1.39e-13	7.29e-14	2.37e-14
 1.21336e+15	3.32e-13	2.16e-08	2.00e-04	3.39e-02	3.23e-01	4.74e-01	1.69e-01	0.00e+00	0.00e+00	1.93e-13	1.01e-13	3.28e-14
 1.25984e+15	4.96e-13	2.93e-08	2.49e-04	3.89e-02	3.42e-01	4.66e-01	1.53e-01	0.00e+00	0.00e+00	2.88e-13	1.50e-13	4.89e-14
 1.30601e+15	7.07e-13	3.85e-08	3.05e-04	4.42e-02	3.61e-01	4.56e-01	1.38e-01	0.00e+00	0.00e+00	4.11e-13	2.15e-13	6.97e-14
 1.34744e+15	9.44e-13	4.83e-08	3.64e-04	4.93e-02	3.77e-01	4.47e-01	1.26e-01	0.00e+00	0.00e+00	5.48e-13	2.87e-13	9.30e-14
 1.39339e+15	1.32e-12	6.24e-08	4.39e-04	5.52e-02	3.94e-01	4.36e-01	1.14e-01	0.00e+00	0.00e+00	7.68e-13	4.01e-13	1.30e-13
 1.44776e+15	2.06e-12	8.62e-08	5.44e-04	6.28e-02	4.13e-01	4.23e-01	1.01e-01	0.00e+00	0.00e+00	1.20e-12	6.26e-13	2.03e-13
 1.49901e+15	2.92e-12	1.12e-07	6.57e-04	7.03e-02	4.30e-01	4.09e-01	9.05e-02	0.00e+00	0.00e+00	1.70e-12	8.87e-13	2.87e-13
 1.54298e+15	3.91e-12	1.39e-07	7.67e-04	7.71e-02	4.43e-01	3.97e-01	8.22e-02	0.00e+00	0.00e+00	2.27e-12	1.19e-12	3.84e-13
 1.59159e+15	5.28e-12	1.74e-07	9.04e-04	8.48e-02	4.57e-01	3.84e-01	7.40e-02	0.00e+00	0.00e+00	3.07e-12	1.60e-12	5.19e-13
 1.65146e+15	7.76e-12	2.31e-07	1.10e-03	9.49e-02	4.72e-01	3.67e-01	6.49e-02	0.00e+00	0.00e+00	4.51e-12	2.36e-12	7.62e-13
 1.70549e+15	1.05e-11	2.90e-07	1.29e-03	1.04e-01	4.85e-01	3.52e-01	5.79e-02	0.00e+00	0.00e+00	6.12e-12	3.20e-12	1.03e-12
 1.74532e+15	1.30e-11	3.39e-07	1.46e-03	1.11e-01	4.93e-01	3.41e-01	5.32e-02	0.00e+00	0.00e+00	7.53e-12	3.94e-12	1.27e-12
 1.78720e+15	1.64e-11	4.02e-07	1.64e-03	1.19e-01	5.01e-01	3.30e-01	4.86e-02	0.00e+00	0.00e+00	9.51e-12	4.97e-12	1.61e-12
 1.84163e+15	2.30e-11	5.10e-07	1.92e-03	1.30e-01	5.10e-01	3.15e-01	4.31e-02	0.00e+00	0.00e+00	1.33e-11	6.98e-12	2.26e-12
 1.89814e+15	3.05e-11	6.28e-07	2.22e-03	1.40e-01	5.19e-01	3.00e-01	3.83e-02	0.00e+00	0.00e+00	1.77e-11	9.26e-12	2.99e-12
 1.94825e+15	3.83e-11	7.45e-07	2.52e-03	1.50e-01	5.25e-01	2.87e-01	3.45e-02	0.00e+00	0.00e+00	2.22e-11	1.16e-11	3.76e-12
 2.00429e+15	5.03e-11	9.08e-07	2.90e-03	1.62e-01	5.32e-01	2.73e-01	3.07e-02	0.00e+00	0.00e+00	2.92e-11	1.53e-11	4.94e-12
 2.07669e+15	7.51e-11	1.20e-06	3.45e-03	1.77e-01	5.38e-01	2.56e-01	2.62e-02	0.00e+00	0.00e+00	4.37e-11	2.28e-11	7.38e-12
 2.14747e+15	1.04e-10	1.51e-06	4.04e-03	1.92e-01	5.42e-01	2.39e-01	2.27e-02	0.00e+00	0.00e+00	6.02e-11	3.15e-11	1.02e-11
 2.20301e+15	1.33e-10	1.80e-06	4.56e-03	2.04e-01	5.44e-01	2.27e-01	2.02e-02	0.00e+00	0.00e+00	7.72e-11	4.04e-11	1.31e-11
 2.26165e+15	1.72e-10	2.17e-06	5.16e-03	2.17e-01	5.46e-01	2.15e-01	1.79e-02	0.00e+00	0.00e+00	1.00e-10	5.23e-11	1.69e-11
 2.33789e+15	2.24e-10	2.65e-06	6.00e-03	2.33e-01	5.46e-01	2.00e-01	1.53e-02	0.00e+00	0.00e+00	1.31e-10	6.83e-11	2.21e-11
 2.41916e+15	3.32e-10	3.46e-06	7.05e-03	2.51e-01	5.45e-01	1.84e-01	1.29e-02	0.00e+00	0.00e+00	1.93e-10	1.01e-10	3.27e-11
 2.48932e+15	4.30e-10	4.17e-06	8.02e-03	2.67e-01	5.42e-01	1.72e-01	1.12e-02	0.00e+00	0.00e+00	2.50e-10	1.31e-10	4.23e-11
 2.56285e+15	5.50e-10	5.00e-06	9.14e-03	2.83e-01	5.39e-01	1.60e-01	9.71e-03	0.00e+00	0.00e+00	3.20e-10	1.67e-10	5.42e-11
 2.64507e+15	7.89e-10	6.38e-06	1.06e-02	3.01e-01	5.33e-01	1.46e-01	8.19e-03	0.00e+00	0.00e+00	4.59e-10	2.40e-10	7.78e-11
 2.72056e+15	1.02e-09	7.65e-06	1.20e-02	3.18e-01	5.27e-01	1.36e-01	7.06e-03	0.00e+00	0.00e+00	5.92e-10	3.10e-10	1.00e-10
 2.80069e+15	1.30e-09	9.16e-06	1.36e-02	3.35e-01	5.20e-01	1.25e-01	6.03e-03	0.00e+00	0.00e+00	7.56e-10	3.96e-10	1.28e-10
 2.89034e+15	1.87e-09	1.17e-05	1.57e-02	3.55e-01	5.10e-01	1.13e-01	5.02e-03	0.00e+00	0.00e+00	1.09e-09	5.71e-10	1.85e-10
 2.97020e+15	2.43e-09	1.41e-05	1.77e-02	3.72e-01	5.01e-01	1.04e-01	4.29e-03	0.00e+00	0.00e+00	1.41e-09	7.40e-10	2.40e-10
 3.04063e+15	3.06e-09	1.66e-05	1.97e-02	3.87e-01	4.93e-01	9.68e-02	3.73e-03	0.00e+00	0.00e+00	1.78e-09	9.32e-10	3.02e-10
 3.10805e+15	3.79e-09	1.93e-05	2.17e-02	4.01e-01	4.84e-01	9.00e-02	3.27e-03	0.00e+00	0.00e+00	2.20e-09	1.16e-09	3.75e-10
 3.17288e+15	4.59e-09	2.21e-05	2.37e-02	4.14e-01	4.75e-01	8.39e-02	2.88e-03	0.00e+00	0.00e+00	2.67e-09	1.40e-09	4.54e-10
 3.24729e+15	5.58e-09	2.55e-05	2.62e-02	4.29e-01	4.65e-01	7.75e-02	2.50e-03	0.00e+00	0.00e+00	3.25e-09	1.70e-09	5.53e-10
 3.34402e+15	7.94e-09	3.24e-05	3.00e-02	4.49e-01	4.50e-01	6.94e-02	2.05e-03	0.00e+00	0.00e+00	4.62e-09	2.42e-09	7.87e-10
 3.44353e+15	9.95e-09	3.84e-05	3.40e-02	4.67e-01	4.35e-01	6.23e-02	1.70e-03	0.00e+00	0.00e+00	5.79e-09	3.04e-09	9.87e-10
 3.52972e+15	1.37e-08	4.76e-05	3.82e-02	4.83e-01	4.21e-01	5.63e-02	1.42e-03	0.00e+00	0.00e+00	7.97e-09	4.18e-09	1.36e-09
 3.60743e+15	1.71e-08	5.57e-05	4.22e-02	4.97e-01	4.08e-01	5.15e-02	1.22e-03	0.00e+00	0.00e+00	9.96e-09	5.23e-09	1.70e-09
 3.67849e+15	2.09e-08	6.42e-05	4.61e-02	5.09e-01	3.97e-01	4.75e-02	1.06e-03	0.00e+00	0.00e+00	1.22e-08	6.39e-09	2.08e-09
 3.75827e+15	2.64e-08	7.57e-05	5.10e-02	5.22e-01	3.83e-01	4.32e-02	9.03e-04	0.00e+00	0.00e+00	1.54e-08	8.07e-09	2.63e-09
 3.84494e+15	3.31e-08	8.90e-05	5.66e-02	5.35e-01	3.69e-01	3.90e-02	7.63e-04	0.00e+00	0.00e+00	1.93e-08	1.01e-08	3.29e-09
 3.92477e+15	3.99e-08	1.02e-04	6.22e-02	5.46e-01	3.55e-01	3.55e-02	6.53e-04	0.00e+00	0.00e+00	2.32e-08	1.22e-08	3.97e-09
 4.01275e+15	5.47e-08	1.26e-04	6.96e-02	5.58e-01	3.40e-01	3.16e-02	5.39e-04	0.00e+00	0.00e+00	3.18e-08	1.67e-08	5.45e-09
 4.10931e+15	6.97e-08	1.51e-04	7.79e-02	5.70e-01	3.23e-01	2.81e-02	4.45e-04	0.00e+00	0.00e+00	4.06e-08	2.13e-08	6.95e-09
 4.20198e+15	8.65e-08	1.77e-04	8.68e-02	5.81e-01	3.07e-01	2.50e-02	3.69e-04	0.00e+00	0.00e+00	5.04e-08	2.65e-08	8.64e-09
 4.29172e+15	1.11e-07	2.12e-04	9.67e-02	5.89e-01	2.91e-01	2.22e-02	3.06e-04	0.00e+00	0.00e+00	6.47e-08	3.40e-08	1.11e-08
 4.37449e+15	1.41e-07	2.51e-04	1.07e-01	5.96e-01	2.77e-01	1.98e-02	2.55e-04	0.00e+00	0.00e+00	8.23e-08	4.33e-08	1.41e-08
 4.45039e+15	1.86e-07	3.03e-04	1.18e-01	6.01e-01	2.63e-01	1.77e-02	2.14e-04	0.00e+00	0.00e+00	1.08e-07	5.68e-08	1.86e-08
 4.51825e+15	2.31e-07	3.52e-04	1.28e-01	6.04e-01	2.51e-01	1.61e-02	1.83e-04	0.00e+00	0.00e+00	1.35e-07	7.07e-08	2.31e-08
 4.58925e+15	2.81e-07	4.06e-04	1.39e-01	6.07e-01	2.38e-01	1.45e-02	1.56e-04	0.00e+00	0.00e+00	1.63e-07	8.58e-08	2.81e-08
 4.68154e+15	3.73e-07	4.97e-04	1.57e-01	6.09e-01	2.22e-01	1.25e-02	1.24e-04	0.00e+00	0.00e+00	2.17e-07	1.14e-07	3.74e-08
 4.77147e+15	4.89e-07	6.04e-04	1.75e-01	6.08e-01	2.06e-01	1.08e-02	1.00e-04	0.00e+00	0.00e+00	2.85e-07	1.50e-07	4.90e-08
 4.83794e+15	5.80e-07	6.85e-04	1.90e-01	6.06e-01	1.94e-01	9.71e-03	8.54e-05	0.00e+00	0.00e+00	3.38e-07	1.78e-07	5.82e-08
 4.89348e+15	6.98e-07	7.81e-04	2.04e-01	6.02e-01	1.84e-01	8.80e-03	7.37e-05	0.00e+00	0.00e+00	4.06e-07	2.14e-07	7.01e-08
 4.94517e+15	8.31e-07	8.84e-04	2.18e-01	5.98e-01	1.75e-01	7.99e-03	6.39e-05	0.00e+00	0.00e+00	4.84e-07	2.55e-07	8.35e-08
 4.99431e+15	9.84e-07	9.96e-04	2.33e-01	5.93e-01	1.66e-01	7.27e-03	5.56e-05	0.00e+00	0.00e+00	5.73e-07	3.01e-07	9.89e-08
 5.05021e+15	1.28e-06	1.19e-03	2.52e-01	5.85e-01	1.55e-01	6.43e-03	4.63e-05	0.00e+00	0.00e+00	7.43e-07	3.91e-07	1.28e-07
 5.10289e+15	1.49e-06	1.33e-03	2.69e-01	5.77e-01	1.46e-01	5.79e-03	3.99e-05	0.00e+00	0.00e+00	8.69e-07	4.58e-07	1.50e-07
 5.15138e+15	1.72e-06	1.48e-03	2.87e-01	5.69e-01	1.37e-01	5.22e-03	3.44e-05	0.00e+00	0.00e+00	1.00e-06	5.28e-07	1.73e-07
 5.21441e+15	2.33e-06	1.82e-03	3.15e-01	5.53e-01	1.25e-01	4.45e-03	2.73e-05	0.00e+00	0.00e+00	1.36e-06	7.14e-07	2.35e-07
 5.26984e+15	2.79e-06	2.07e-03	3.38e-01	5.40e-01	1.16e-01	3.91e-03	2.28e-05	0.00e+00	0.00e+00	1.63e-06	8.57e-07	2.82e-07
 5.30740e+15	3.15e-06	2.26e-03	3.56e-01	5.30e-01	1.09e-01	3.56e-03	2.00e-05	0.00e+00	0.00e+00	1.83e-06	9.66e-07	3.18e-07
 5.34826e+15	3.70e-06	2.53e-03	3.76e-01	5.16e-01	1.02e-01	3.17e-03	1.71e-05	0.00e+00	0.00e+00	2.15e-06	1.13e-06	3.73e-07
 5.40137e+15	4.91e-06	3.07e-03	4.07e-01	4.95e-01	9.15e-02	2.68e-03	1.34e-05	0.00e+00	0.00e+00	2.86e-06	1.51e-06	4.96e-07
 5.44937e+15	5.60e-06	3.38e-03	4.32e-01	4.78e-01	8.37e-02	2.34e-03	1.12e-05	0.00e+00	0.00e+00	3.26e-06	1.72e-06	5.66e-07
 5.49071e+15	7.20e-06	4.00e-03	4.60e-01	4.58e-01	7.59e-02	2.00e-03	9.03e-06	0.00e+00	0.00e+00	4.19e-06	2.21e-06	7.28e-07
 5.53060e+15	8.53e-06	4.49e-03	4.85e-01	4.39e-01	6.94e-02	1.74e-03	7.50e-06	0.00e+00	0.00e+00	4.96e-06	2.62e-06	8.63e-07
 5.56862e+15	9.63e-06	4.91e-03	5.09e-01	4.21e-01	6.32e-02	1.52e-03	6.29e-06	0.00e+00	0.00e+00	5.60e-06	2.96e-06	9.76e-07
 5.61805e+15	1.30e-05	5.97e-03	5.46e-01	3.92e-01	5.48e-02	1.22e-03	4.65e-06	0.00e+00	0.00e+00	7.53e-06	3.98e-06	1.31e-06
 5.66242e+15	1.55e-05	6.76e-03	5.76e-01	3.68e-01	4.84e-02	1.02e-03	3.68e-06	0.00e+00	0.00e+00	9.02e-06	4.76e-06	1.57e-06
 5.69421e+15	1.75e-05	7.35e-03	5.98e-01	3.50e-01	4.39e-02	8.87e-04	3.06e-06	0.00e+00	0.00e+00	1.02e-05	5.39e-06	1.78e-06
 5.72956e+15	2.08e-05	8.23e-03	6.24e-01	3.28e-01	3.89e-02	7.44e-04	2.43e-06	0.00e+00	0.00e+00	1.21e-05	6.38e-06	2.11e-06
 5.77551e+15	2.77e-05	9.90e-03	6.60e-01	2.97e-01	3.25e-02	5.72e-04	1.71e-06	0.00e+00	0.00e+00	1.61e-05	8.51e-06	2.82e-06
 5.81770e+15	3.35e-05	1.12e-02	6.89e-01	2.71e-01	2.77e-02	4.56e-04	1.28e-06	0.00e+00	0.00e+00	1.95e-05	1.03e-05	3.41e-06
 5.84877e+15	3.92e-05	1.24e-02	7.11e-01	2.52e-01	2.44e-02	3.78e-04	1.01e-06	0.00e+00	0.00e+00	2.28e-05	1.21e-05	4.00e-06
 5.88293e+15	4.72e-05	1.40e-02	7.35e-01	2.29e-01	2.08e-02	3.02e-04	7.52e-07	0.00e+00	0.00e+00	2.75e-05	1.45e-05	4.82e-06
 5.92734e+15	5.95e-05	1.62e-02	7.65e-01	2.02e-01	1.68e-02	2.23e-04	0.00e+00	0.00e+00	0.00e+00	3.46e-05	1.83e-05	6.08e-06
 5.96466e+15	7.07e-05	1.80e-02	7.86e-01	1.82e-01	1.41e-02	1.74e-04	0.00e+00	0.00e+00	0.00e+00	4.11e-05	2.17e-05	7.22e-06
 5.98529e+15	7.86e-05	1.92e-02	7.98e-01	1.70e-01	1.26e-02	1.50e-04	0.00e+00	0.00e+00	0.00e+00	4.57e-05	2.42e-05	8.04e-06
 6.00464e+15	8.69e-05	2.04e-02	8.08e-01	1.60e-01	1.14e-02	1.29e-04	0.00e+00	0.00e+00	0.00e+00	5.05e-05	2.67e-05	8.90e-06
 6.02981e+15	9.87e-05	2.21e-02	8.21e-01	1.46e-01	9.84e-03	1.06e-04	0.00e+00	0.00e+00	0.00e+00	5.74e-05	3.04e-05	1.01e-05
 6.05805e+15	1.14e-04	2.41e-02	8.35e-01	1.33e-01	8.36e-03	8.40e-05	0.00e+00	0.00e+00	0.00e+00	6.62e-05	3.50e-05	1.17e-05
 6.08446e+15	1.30e-04	2.60e-02	8.46e-01	1.21e-01	7.17e-03	6.78e-05	0.00e+00	0.00e+00	0.00e+00	7.55e-05	4.00e-05	1.33e-05
 6.10877e+15	1.46e-04	2.79e-02	8.55e-01	1.10e-01	6.19e-03	5.52e-05	0.00e+00	0.00e+00	0.00e+00	8.50e-05	4.50e-05	1.50e-05
 6.13621e+15	1.68e-04	3.03e-02	8.65e-01	9.91e-02	5.20e-03	4.32e-05	0.00e+00	0.00e+00	0.00e+00	9.76e-05	5.16e-05	1.72e-05
 6.16631e+15	1.94e-04	3.29e-02	8.74e-01	8.81e-02	4.30e-03	3.31e-05	0.00e+00	0.00e+00	0.00e+00	1.13e-04	5.97e-05	1.99e-05
 6.19377e+15	2.21e-04	3.55e-02	8.82e-01	7.90e-02	3.61e-03	2.59e-05	0.00e+00	0.00e+00	0.00e+00	1.29e-04	6.82e-05	2.28e-05
 6.21927e+15	2.50e-04	3.80e-02	8.87e-01	7.12e-02	3.05e-03	2.05e-05	0.00e+00	0.00e+00	0.00e+00	1.45e-04	7.69e-05	2.57e-05
 6.24828e+15	2.87e-04	4.12e-02	8.93e-01	6.30e-02	2.50e-03	1.55e-05	0.00e+00	0.00e+00	0.00e+00	1.67e-04	8.83e-05	2.95e-05
 6.27995e+15	3.32e-04	4.47e-02	8.98e-01	5.52e-02	2.02e-03	1.15e-05	0.00e+00	0.00e+00	0.00e+00	1.93e-04	1.02e-04	3.42e-05
 6.30861e+15	3.79e-04	4.80e-02	9.01e-01	4.90e-02	1.67e-03	8.76e-06	0.00e+00	0.00e+00	0.00e+00	2.20e-04	1.17e-04	3.91e-05
 6.33527e+15	4.28e-04	5.14e-02	9.03e-01	4.37e-02	1.39e-03	6.75e-06	0.00e+00	0.00e+00	0.00e+00	2.49e-04	1.32e-04	4.42e-05
 6.36578e+15	4.92e-04	5.55e-02	9.05e-01	3.82e-02	1.12e-03	4.97e-06	0.00e+00	0.00e+00	0.00e+00	2.86e-04	1.52e-04	5.08e-05
 6.39906e+15	5.72e-04	6.01e-02	9.05e-01	3.31e-02	8.85e-04	3.58e-06	0.00e+00	0.00e+00	0.00e+00	3.33e-04	1.76e-04	5.90e-05
 6.42915e+15	6.52e-04	6.46e-02	9.05e-01	2.91e-02	7.21e-04	2.67e-06	0.00e+00	0.00e+00	0.00e+00	3.79e-04	2.01e-04	6.74e-05
 6.45705e+15	7.40e-04	6.91e-02	9.04e-01	2.58e-02	5.91e-04	2.01e-06	0.00e+00	0.00e+00	0.00e+00	4.30e-04	2.28e-04	7.64e-05
 6.48887e+15	8.51e-04	7.45e-02	9.02e-01	2.24e-02	4.71e-04	1.45e-06	0.00e+00	0.00e+00	0.00e+00	4.95e-04	2.62e-04	8.79e-05
 6.52361e+15	9.93e-04	8.09e-02	8.98e-01	1.92e-02	3.69e-04	1.02e-06	0.00e+00	0.00e+00	0.00e+00	5.78e-04	3.06e-04	1.03e-04
 6.55478e+15	1.14e-03	8.70e-02	8.95e-01	1.68e-02	2.97e-04	7.50e-07	0.00e+00	0.00e+00	0.00e+00	6.63e-04	3.51e-04	1.18e-04
 6.58334e+15	1.29e-03	9.28e-02	8.91e-01	1.48e-02	2.43e-04	0.00e+00	0.00e+00	0.00e+00	0.00e+00	7.49e-04	3.96e-04	1.33e-04
 6.61585e+15	1.49e-03	1.00e-01	8.85e-01	1.28e-02	1.93e-04	0.00e+00	0.00e+00	0.00e+00	0.00e+00	8.67e-04	4.59e-04	1.54e-04
 6.65090e+15	1.74e-03	1.09e-01	8.78e-01	1.10e-02	1.51e-04	0.00e+00	0.00e+00	0.00e+00	0.00e+00	1.01e-03	5.37e-04	1.80e-04
 6.68220e+15	2.01e-03	1.17e-01	8.71e-01	9.56e-03	1.21e-04	0.00e+00	0.00e+00	0.00e+00	0.00e+00	1.17e-03	6.18e-04	2.08e-04
 6.71134e+15	2.29e-03	1.26e-01	8.63e-01	8.39e-03	9.86e-05	0.00e+00	0.00e+00	0.00e+00	0.00e+00	1.33e-03	7.04e-04	2.37e-04
 6.74471e+15	2.65e-03	1.36e-01	8.54e-01	7.21e-03	7.75e-05	0.00e+00	0.00e+00	0.00e+00	0.00e+00	1.54e-03	8.16e-04	2.74e-04
 6.78181e+15	3.15e-03	1.49e-01	8.42e-01	6.08e-03	5.96e-05	0.00e+00	0.00e+00	0.00e+00	0.00e+00	1.83e-03	9.70e-04	3.26e-04
 6.81501e+15	3.68e-03	1.61e-01	8.30e-01	5.23e-03	4.72e-05	0.00e+00	0.00e+00	0.00e+00	0.00e+00	2.14e-03	1.13e-03	3.81e-04
 6.84425e+15	4.22e-03	1.73e-01	8.18e-01	4.56e-03	3.82e-05	0.00e+00	0.00e+00	0.00e+00	0.00e+00	2.46e-03	1.30e-03	4.37e-04
 6.87710e+15	4.92e-03	1.88e-01	8.04e-01	3.90e-03	3.00e-05	0.00e+00	0.00e+00	0.00e+00	0.00e+00	2.86e-03	1.51e-03	5.09e-04
 6.91982e+15	6.04e-03	2.09e-01	7.82e-01	3.17e-03	2.18e-05	0.00e+00	0.00e+00	0.00e+00	0.00e+00	3.52e-03	1.86e-03	6.26e-04
 6.96200e+15	7.46e-03	2.32e-01	7.58e-01	2.57e-03	1.60e-05	0.00e+00	0.00e+00	0.00e+00	0.00e+00	4.34e-03	2.30e-03	7.72e-04
 6.99413e+15	8.76e-03	2.52e-01	7.37e-01	2.19e-03	1.26e-05	0.00e+00	0.00e+00	0.00e+00	0.00e+00	5.10e-03	2.70e-03	9.08e-04
 7.02652e+15	1.03e-02	2.74e-01	7.14e-01	1.84e-03	9.73e-06	0.00e+00	0.00e+00	0.00e+00	0.00e+00	6.02e-03	3.18e-03	1.07e-03
