#depth	He	He+	He+2
 1.49634e+10	9.74e-22	3.44e-11	1.00e+00
 4.54887e+10	1.13e-21	3.74e-11	1.00e+00
 7.72350e+10	1.30e-21	4.06e-11	1.00e+00
 1.10251e+11	1.49e-21	4.41e-11	1.00e+00
 1.44588e+11	1.72e-21	4.79e-11	1.00e+00
 1.76912e+11	1.96e-21	5.16e-11	1.00e+00
 2.05879e+11	2.18e-21	5.52e-11	1.00e+00
 2.38419e+11	2.46e-21	5.93e-11	1.00e+00
 2.76911e+11	2.84e-21	6.44e-11	1.00e+00
 3.15390e+11	3.26e-21	6.97e-11	1.00e+00
 3.51592e+11	3.69e-21	7.49e-11	1.00e+00
 3.91766e+11	4.22e-21	8.10e-11	1.00e+00
 4.37363e+11	4.90e-21	8.82e-11	1.00e+00
 4.82879e+11	5.65e-21	9.58e-11	1.00e+00
 5.30215e+11	6.51e-21	1.04e-10	1.00e+00
 5.81351e+11	7.57e-21	1.14e-10	1.00e+00
 6.34532e+11	8.79e-21	1.24e-10	1.00e+00
 6.84714e+11	1.01e-20	1.34e-10	1.00e+00
 7.29893e+11	1.14e-20	1.44e-10	1.00e+00
 7.80745e+11	1.29e-20	1.55e-10	1.00e+00
 8.40640e+11	1.50e-20	1.69e-10	1.00e+00
 9.00464e+11	1.73e-20	1.84e-10	1.00e+00
 9.56636e+11	1.97e-20	1.99e-10	1.00e+00
 1.01878e+12	2.25e-20	2.16e-10	1.00e+00
 1.08946e+12	2.63e-20	2.36e-10	1.00e+00
 1.15911e+12	3.03e-20	2.58e-10	1.00e+00
 1.23154e+12	3.49e-20	2.81e-10	1.00e+00
 1.31072e+12	4.06e-20	3.08e-10	1.00e+00
 1.39045e+12	4.69e-20	3.37e-10	1.00e+00
 1.47337e+12	5.41e-20	3.69e-10	1.00e+00
 1.55927e+12	6.25e-20	4.04e-10	1.00e+00
 1.64383e+12	7.15e-20	4.41e-10	1.00e+00
 1.73473e+12	8.20e-20	4.83e-10	1.00e+00
 1.83405e+12	9.48e-20	5.31e-10	1.00e+00
 1.93734e+12	1.09e-19	5.84e-10	1.00e+00
 2.04476e+12	1.26e-19	6.43e-10	1.00e+00
 2.15648e+12	1.45e-19	7.09e-10	1.00e+00
 2.25758e+12	1.64e-19	7.71e-10	1.00e+00
 2.34193e+12	1.81e-19	8.26e-10	1.00e+00
 2.43438e+12	2.00e-19	8.89e-10	1.00e+00
 2.55133e+12	2.27e-19	9.73e-10	1.00e+00
 2.67323e+12	2.58e-19	1.07e-09	1.00e+00
 2.77735e+12	2.86e-19	1.15e-09	1.00e+00
 2.88527e+12	3.16e-19	1.24e-09	1.00e+00
 3.02015e+12	3.57e-19	1.36e-09	1.00e+00
 3.15695e+12	4.05e-19	1.48e-09	1.00e+00
 3.27558e+12	4.48e-19	1.60e-09	1.00e+00
 3.40375e+12	4.98e-19	1.73e-09	1.00e+00
 3.56068e+12	5.64e-19	1.90e-09	1.00e+00
 3.72076e+12	6.39e-19	2.08e-09	1.00e+00
 3.86666e+12	7.12e-19	2.25e-09	1.00e+00
 4.02839e+12	8.00e-19	2.45e-09	1.00e+00
 4.21717e+12	9.13e-19	2.69e-09	1.00e+00
 4.40450e+12	1.04e-18	2.95e-09	1.00e+00
 4.58320e+12	1.17e-18	3.20e-09	1.00e+00
 4.78031e+12	1.33e-18	3.50e-09	1.00e+00
 5.00145e+12	1.52e-18	3.84e-09	1.00e+00
 5.22332e+12	1.75e-18	4.21e-09	1.00e+00
 5.42183e+12	1.97e-18	4.55e-09	1.00e+00
 5.59814e+12	2.18e-18	4.86e-09	1.00e+00
 5.79809e+12	2.45e-18	5.23e-09	1.00e+00
 6.02055e+12	2.78e-18	5.66e-09	1.00e+00
 6.22926e+12	3.12e-18	6.08e-09	1.00e+00
 6.45756e+12	3.52e-18	6.55e-09	1.00e+00
 6.71346e+12	4.03e-18	7.10e-09	1.00e+00
 6.95645e+12	4.57e-18	7.65e-09	1.00e+00
 7.22356e+12	5.22e-18	8.27e-09	1.00e+00
 7.52256e+12	6.04e-18	9.00e-09	1.00e+00
 7.80637e+12	6.91e-18	9.72e-09	1.00e+00
 8.06836e+12	7.80e-18	1.04e-08	1.00e+00
 8.35860e+12	8.88e-18	1.12e-08	1.00e+00
 8.68437e+12	1.02e-17	1.21e-08	1.00e+00
 8.99282e+12	1.17e-17	1.30e-08	1.00e+00
 9.33032e+12	1.34e-17	1.41e-08	1.00e+00
 9.70358e+12	1.56e-17	1.53e-08	1.00e+00
 1.00499e+13	1.78e-17	1.64e-08	1.00e+00
 1.04266e+13	2.05e-17	1.77e-08	1.00e+00
 1.08481e+13	2.39e-17	1.92e-08	1.00e+00
 1.12462e+13	2.75e-17	2.07e-08	1.00e+00
 1.16794e+13	3.18e-17	2.24e-08	1.00e+00
 1.21623e+13	3.73e-17	2.44e-08	1.00e+00
 1.26214e+13	4.32e-17	2.63e-08	1.00e+00
 1.31132e+13	5.01e-17	2.84e-08	1.00e+00
 1.36676e+13	5.91e-17	3.10e-08	1.00e+00
 1.42164e+13	6.90e-17	3.36e-08	1.00e+00
 1.47872e+13	8.06e-17	3.64e-08	1.00e+00
 1.54086e+13	9.50e-17	3.96e-08	1.00e+00
 1.60549e+13	1.12e-16	4.31e-08	1.00e+00
 1.67270e+13	1.32e-16	4.69e-08	1.00e+00
 1.73870e+13	1.53e-16	5.07e-08	1.00e+00
 1.80018e+13	1.76e-16	5.44e-08	1.00e+00
 1.86803e+13	2.04e-16	5.87e-08	1.00e+00
 1.93764e+13	2.36e-16	6.32e-08	1.00e+00
 1.99599e+13	2.66e-16	6.71e-08	1.00e+00
 2.05773e+13	3.00e-16	7.14e-08	1.00e+00
 2.13597e+13	3.48e-16	7.70e-08	1.00e+00
 2.21758e+13	4.04e-16	8.30e-08	1.00e+00
 2.29017e+13	4.59e-16	8.86e-08	1.00e+00
 2.36910e+13	5.25e-16	9.48e-08	1.00e+00
 2.45689e+13	6.07e-16	1.02e-07	1.00e+00
 2.53874e+13	6.91e-16	1.09e-07	1.00e+00
 2.62770e+13	7.91e-16	1.17e-07	1.00e+00
 2.72692e+13	9.17e-16	1.26e-07	1.00e+00
 2.81984e+13	1.05e-15	1.34e-07	1.00e+00
 2.92104e+13	1.20e-15	1.44e-07	1.00e+00
 3.03398e+13	1.40e-15	1.55e-07	1.00e+00
 3.14010e+13	1.60e-15	1.66e-07	1.00e+00
 3.25578e+13	1.84e-15	1.79e-07	1.00e+00
 3.38516e+13	2.15e-15	1.93e-07	1.00e+00
 3.50767e+13	2.47e-15	2.07e-07	1.00e+00
 3.63892e+13	2.86e-15	2.23e-07	1.00e+00
 3.78747e+13	3.35e-15	2.41e-07	1.00e+00
 3.93372e+13	3.88e-15	2.60e-07	1.00e+00
 4.08581e+13	4.51e-15	2.80e-07	1.00e+00
 4.25223e+13	5.27e-15	3.04e-07	1.00e+00
 4.42145e+13	6.15e-15	3.28e-07	1.00e+00
 4.59743e+13	7.17e-15	3.54e-07	1.00e+00
 4.77349e+13	8.31e-15	3.82e-07	1.00e+00
 4.94020e+13	9.52e-15	4.09e-07	1.00e+00
 5.12442e+13	1.10e-14	4.40e-07	1.00e+00
 5.30883e+13	1.26e-14	4.72e-07	1.00e+00
 5.46187e+13	1.41e-14	5.00e-07	1.00e+00
 5.62417e+13	1.59e-14	5.30e-07	1.00e+00
 5.83172e+13	1.83e-14	5.70e-07	1.00e+00
 6.04964e+13	2.12e-14	6.13e-07	1.00e+00
 6.24262e+13	2.40e-14	6.53e-07	1.00e+00
 6.45160e+13	2.73e-14	6.98e-07	1.00e+00
 6.70262e+13	3.18e-14	7.54e-07	1.00e+00
 6.95677e+13	3.69e-14	8.13e-07	1.00e+00
 7.19504e+13	4.22e-14	8.71e-07	1.00e+00
 7.45980e+13	4.87e-14	9.37e-07	1.00e+00
 7.74011e+13	5.64e-14	1.01e-06	1.00e+00
 7.98933e+13	6.40e-14	1.08e-06	1.00e+00
 8.25763e+13	7.30e-14	1.15e-06	1.00e+00
 8.57896e+13	8.51e-14	1.25e-06	1.00e+00
 8.89518e+13	9.83e-14	1.34e-06	1.00e+00
 9.17706e+13	1.11e-13	1.43e-06	1.00e+00
 9.48832e+13	1.27e-13	1.54e-06	1.00e+00
 9.85904e+13	1.48e-13	1.66e-06	1.00e+00
 1.02269e+14	1.71e-13	1.79e-06	1.00e+00
 1.05636e+14	1.95e-13	1.92e-06	1.00e+00
 1.09398e+14	2.24e-13	2.06e-06	1.00e+00
 1.13771e+14	2.62e-13	2.23e-06	1.00e+00
 1.18062e+14	3.03e-13	2.41e-06	1.00e+00
 1.22127e+14	3.46e-13	2.58e-06	1.00e+00
 1.26644e+14	3.99e-13	2.78e-06	1.00e+00
 1.31739e+14	4.66e-13	3.02e-06	1.00e+00
 1.36578e+14	5.37e-13	3.25e-06	1.00e+00
 1.40991e+14	6.07e-13	3.47e-06	1.00e+00
 1.45986e+14	6.96e-13	3.73e-06	1.00e+00
 1.51801e+14	8.09e-13	4.04e-06	1.00e+00
 1.57376e+14	9.30e-13	4.34e-06	1.00e+00
 1.61994e+14	1.04e-12	4.61e-06	1.00e+00
 1.66674e+14	1.16e-12	4.88e-06	1.00e+00
 1.72721e+14	1.33e-12	5.25e-06	1.00e+00
 1.78975e+14	1.52e-12	5.65e-06	1.00e+00
 1.84276e+14	1.70e-12	5.99e-06	1.00e+00
 1.89908e+14	1.90e-12	6.37e-06	1.00e+00
 1.96968e+14	2.18e-12	6.86e-06	1.00e+00
 2.04240e+14	2.50e-12	7.39e-06	1.00e+00
 2.10642e+14	2.81e-12	7.86e-06	1.00e+00
 2.17557e+14	3.17e-12	8.40e-06	1.00e+00
 2.25909e+14	3.65e-12	9.07e-06	1.00e+00
 2.34196e+14	4.17e-12	9.75e-06	1.00e+00
 2.41552e+14	4.68e-12	1.04e-05	1.00e+00
 2.49635e+14	5.28e-12	1.11e-05	1.00e+00
 2.59303e+14	6.09e-12	1.20e-05	1.00e+00
 2.68906e+14	6.96e-12	1.29e-05	1.00e+00
 2.77628e+14	7.83e-12	1.38e-05	1.00e+00
 2.87330e+14	8.90e-12	1.48e-05	1.00e+00
 2.98685e+14	1.03e-11	1.60e-05	1.00e+00
 3.09865e+14	1.18e-11	1.73e-05	1.00e+00
 3.20345e+14	1.33e-11	1.85e-05	1.00e+00
 3.32041e+14	1.52e-11	2.00e-05	1.00e+00
 3.45352e+14	1.77e-11	2.17e-05	1.00e+00
 3.58608e+14	2.04e-11	2.35e-05	1.00e+00
 3.72395e+14	2.35e-11	2.54e-05	1.00e+00
 3.84833e+14	2.66e-11	2.72e-05	1.00e+00
 3.94198e+14	2.92e-11	2.86e-05	1.00e+00
 4.03958e+14	3.20e-11	3.02e-05	1.00e+00
 4.16647e+14	3.61e-11	3.22e-05	1.00e+00
 4.30441e+14	4.10e-11	3.46e-05	1.00e+00
 4.42932e+14	4.58e-11	3.68e-05	1.00e+00
 4.56426e+14	5.15e-11	3.92e-05	1.00e+00
 4.73350e+14	5.95e-11	4.24e-05	1.00e+00
 4.90361e+14	6.85e-11	4.58e-05	1.00e+00
 5.04844e+14	7.69e-11	4.88e-05	1.00e+00
 5.20410e+14	8.70e-11	5.23e-05	1.00e+00
 5.39807e+14	1.01e-10	5.67e-05	1.00e+00
 5.59806e+14	1.17e-10	6.14e-05	1.00e+00
 5.77627e+14	1.33e-10	6.59e-05	1.00e+00
 5.96994e+14	1.53e-10	7.09e-05	1.00e+00
 6.20114e+14	1.79e-10	7.72e-05	1.00e+00
 6.42889e+14	2.08e-10	8.37e-05	1.00e+00
 6.63349e+14	2.38e-10	8.99e-05	1.00e+00
 6.86021e+14	2.74e-10	9.69e-05	1.00e+00
 7.12828e+14	3.22e-10	1.06e-04	1.00e+00
 7.39335e+14	3.76e-10	1.15e-04	1.00e+00
 7.63800e+14	4.32e-10	1.24e-04	1.00e+00
 7.91279e+14	5.03e-10	1.34e-04	1.00e+00
 8.22961e+14	5.96e-10	1.46e-04	1.00e+00
 8.53934e+14	6.98e-10	1.59e-04	1.00e+00
 8.86147e+14	8.19e-10	1.73e-04	1.00e+00
 9.21622e+14	9.71e-10	1.89e-04	1.00e+00
 9.51604e+14	1.12e-09	2.03e-04	1.00e+00
 9.73475e+14	1.23e-09	2.14e-04	1.00e+00
 9.96417e+14	1.36e-09	2.25e-04	1.00e+00
 1.02624e+15	1.55e-09	2.41e-04	1.00e+00
 1.05915e+15	1.77e-09	2.58e-04	1.00e+00
 1.08963e+15	2.01e-09	2.75e-04	1.00e+00
 1.12280e+15	2.28e-09	2.95e-04	1.00e+00
 1.16008e+15	2.63e-09	3.17e-04	1.00e+00
 1.19556e+15	3.00e-09	3.39e-04	1.00e+00
 1.23455e+15	3.45e-09	3.64e-04	1.00e+00
 1.27829e+15	4.01e-09	3.94e-04	1.00e+00
 1.31980e+15	4.61e-09	4.23e-04	1.00e+00
 1.36533e+15	5.34e-09	4.56e-04	1.00e+00
 1.41644e+15	6.26e-09	4.94e-04	1.00e+00
 1.46471e+15	7.24e-09	5.32e-04	9.99e-01
 1.51737e+15	8.43e-09	5.75e-04	9.99e-01
 1.57598e+15	9.92e-09	6.25e-04	9.99e-01
 1.63072e+15	1.15e-08	6.74e-04	9.99e-01
 1.68976e+15	1.34e-08	7.28e-04	9.99e-01
 1.75588e+15	1.58e-08	7.92e-04	9.99e-01
 1.81940e+15	1.84e-08	8.56e-04	9.99e-01
 1.88696e+15	2.15e-08	9.26e-04	9.99e-01
 1.96247e+15	2.54e-08	1.01e-03	9.99e-01
 2.02589e+15	2.91e-08	1.08e-03	9.99e-01
 2.07136e+15	3.19e-08	1.13e-03	9.99e-01
 2.11861e+15	3.52e-08	1.19e-03	9.99e-01
 2.18004e+15	3.97e-08	1.26e-03	9.99e-01
 2.24863e+15	4.53e-08	1.35e-03	9.99e-01
 2.31298e+15	5.09e-08	1.43e-03	9.99e-01
 2.38305e+15	5.77e-08	1.53e-03	9.98e-01
 2.46133e+15	6.61e-08	1.64e-03	9.98e-01
 2.53489e+15	7.46e-08	1.74e-03	9.98e-01
 2.61509e+15	8.51e-08	1.86e-03	9.98e-01
 2.70517e+15	9.79e-08	2.00e-03	9.98e-01
 2.79093e+15	1.11e-07	2.13e-03	9.98e-01
 2.88529e+15	1.28e-07	2.29e-03	9.98e-01
 2.98973e+15	1.48e-07	2.47e-03	9.98e-01
 3.08649e+15	1.69e-07	2.63e-03	9.97e-01
 3.19151e+15	1.94e-07	2.83e-03	9.97e-01
 3.30820e+15	2.25e-07	3.05e-03	9.97e-01
 3.41688e+15	2.57e-07	3.26e-03	9.97e-01
 3.53495e+15	2.96e-07	3.50e-03	9.96e-01
 3.66110e+15	3.42e-07	3.76e-03	9.96e-01
 3.77237e+15	3.86e-07	4.00e-03	9.96e-01
 3.86831e+15	4.28e-07	4.22e-03	9.96e-01
 3.96972e+15	4.77e-07	4.46e-03	9.96e-01
 4.08304e+15	5.35e-07	4.72e-03	9.95e-01
 4.19077e+15	5.95e-07	4.99e-03	9.95e-01
 4.30974e+15	6.69e-07	5.29e-03	9.95e-01
 4.43902e+15	7.55e-07	5.63e-03	9.94e-01
 4.55779e+15	8.40e-07	5.95e-03	9.94e-01
 4.68823e+15	9.46e-07	6.32e-03	9.94e-01
 4.83223e+15	1.07e-06	6.74e-03	9.93e-01
 4.96800e+15	1.20e-06	7.14e-03	9.93e-01
 5.11864e+15	1.36e-06	7.63e-03	9.92e-01
 5.28087e+15	1.54e-06	8.16e-03	9.92e-01
 5.42620e+15	1.73e-06	8.65e-03	9.91e-01
 5.58318e+15	1.95e-06	9.23e-03	9.91e-01
 5.75618e+15	2.21e-06	9.88e-03	9.90e-01
 5.91578e+15	2.48e-06	1.05e-02	9.89e-01
 6.08904e+15	2.81e-06	1.13e-02	9.89e-01
 6.27722e+15	3.20e-06	1.21e-02	9.88e-01
 6.43863e+15	3.55e-06	1.28e-02	9.87e-01
 6.57899e+15	3.90e-06	1.35e-02	9.86e-01
 6.73819e+15	4.35e-06	1.44e-02	9.86e-01
 6.91677e+15	4.89e-06	1.54e-02	9.85e-01
 7.08165e+15	5.43e-06	1.64e-02	9.84e-01
 7.23145e+15	5.98e-06	1.74e-02	9.83e-01
 7.40052e+15	6.71e-06	1.87e-02	9.81e-01
 7.58362e+15	7.56e-06	2.01e-02	9.80e-01
 7.74705e+15	8.39e-06	2.15e-02	9.79e-01
 7.89870e+15	9.29e-06	2.29e-02	9.77e-01
 8.07296e+15	1.05e-05	2.47e-02	9.75e-01
 8.25994e+15	1.19e-05	2.69e-02	9.73e-01
 8.42287e+15	1.33e-05	2.90e-02	9.71e-01
 8.57079e+15	1.48e-05	3.11e-02	9.69e-01
 8.73977e+15	1.68e-05	3.40e-02	9.66e-01
 8.92085e+15	1.94e-05	3.73e-02	9.63e-01
 9.07673e+15	2.19e-05	4.07e-02	9.59e-01
 9.21509e+15	2.45e-05	4.41e-02	9.56e-01
 9.37163e+15	2.82e-05	4.87e-02	9.51e-01
 9.53905e+15	3.29e-05	5.43e-02	9.46e-01
 9.67691e+15	3.74e-05	5.97e-02	9.40e-01
 9.78981e+15	4.19e-05	6.49e-02	9.35e-01
 9.91400e+15	4.74e-05	7.16e-02	9.28e-01
 1.00754e+16	5.81e-05	8.20e-02	9.18e-01
 1.02165e+16	6.82e-05	9.29e-02	9.07e-01
 1.02956e+16	7.52e-05	1.00e-01	9.00e-01
 1.03630e+16	8.26e-05	1.07e-01	8.93e-01
 1.04506e+16	9.25e-05	1.18e-01	8.82e-01
 1.05489e+16	1.07e-04	1.31e-01	8.69e-01
 1.06317e+16	1.22e-04	1.44e-01	8.56e-01
 1.06887e+16	1.34e-04	1.54e-01	8.45e-01
 1.07414e+16	1.45e-04	1.65e-01	8.35e-01
 1.08099e+16	1.64e-04	1.81e-01	8.19e-01
 1.08832e+16	1.87e-04	1.99e-01	8.00e-01
 1.09455e+16	2.11e-04	2.17e-01	7.82e-01
 1.09945e+16	2.31e-04	2.33e-01	7.67e-01
 1.10434e+16	2.53e-04	2.51e-01	7.49e-01
 1.11071e+16	2.90e-04	2.76e-01	7.24e-01
 1.11690e+16	3.26e-04	3.02e-01	6.97e-01
 1.12286e+16	3.70e-04	3.32e-01	6.68e-01
 1.12906e+16	4.20e-04	3.64e-01	6.35e-01
 1.13423e+16	4.69e-04	3.93e-01	6.06e-01
 1.13859e+16	5.11e-04	4.20e-01	5.80e-01
 1.14322e+16	5.65e-04	4.50e-01	5.50e-01
 1.14838e+16	6.27e-04	4.84e-01	5.16e-01
 1.15422e+16	7.03e-04	5.24e-01	4.75e-01
 1.16056e+16	7.92e-04	5.68e-01	4.32e-01
 1.16633e+16	8.80e-04	6.07e-01	3.92e-01
 1.17260e+16	9.81e-04	6.50e-01	3.49e-01
 1.17831e+16	1.07e-03	6.85e-01	3.14e-01
 1.18215e+16	1.13e-03	7.07e-01	2.91e-01
 1.18599e+16	1.20e-03	7.30e-01	2.69e-01
 1.19099e+16	1.28e-03	7.58e-01	2.41e-01
 1.19643e+16	1.37e-03	7.84e-01	2.14e-01
 1.20141e+16	1.46e-03	8.06e-01	1.93e-01
 1.20684e+16	1.55e-03	8.28e-01	1.70e-01
 1.21288e+16	1.66e-03	8.50e-01	1.49e-01
 1.21833e+16	1.75e-03	8.66e-01	1.32e-01
 1.22320e+16	1.83e-03	8.80e-01	1.19e-01
 1.22867e+16	1.93e-03	8.93e-01	1.05e-01
 1.23472e+16	2.04e-03	9.06e-01	9.19e-02
 1.24020e+16	2.14e-03	9.16e-01	8.19e-02
 1.24515e+16	2.24e-03	9.24e-01	7.38e-02
 1.25071e+16	2.35e-03	9.32e-01	6.55e-02
 1.25672e+16	2.47e-03	9.40e-01	5.80e-02
 1.26201e+16	2.59e-03	9.45e-01	5.23e-02
 1.26675e+16	2.70e-03	9.50e-01	4.76e-02
 1.27208e+16	2.82e-03	9.54e-01	4.28e-02
 1.27787e+16	2.97e-03	9.59e-01	3.84e-02
 1.28295e+16	3.11e-03	9.62e-01	3.50e-02
 1.28746e+16	3.25e-03	9.65e-01	3.22e-02
 1.29248e+16	3.41e-03	9.67e-01	2.93e-02
 1.29802e+16	3.60e-03	9.70e-01	2.66e-02
 1.30290e+16	3.78e-03	9.72e-01	2.45e-02
 1.30710e+16	3.95e-03	9.73e-01	2.28e-02
 1.31173e+16	4.16e-03	9.75e-01	2.10e-02
 1.31685e+16	4.40e-03	9.76e-01	1.92e-02
 1.32149e+16	4.64e-03	9.77e-01	1.79e-02
 1.32555e+16	4.88e-03	9.78e-01	1.67e-02
 1.32998e+16	5.15e-03	9.79e-01	1.55e-02
 1.33488e+16	5.49e-03	9.80e-01	1.44e-02
 1.33930e+16	5.84e-03	9.81e-01	1.34e-02
 1.34322e+16	6.17e-03	9.81e-01	1.26e-02
 1.34760e+16	6.58e-03	9.82e-01	1.18e-02
 1.35245e+16	7.11e-03	9.82e-01	1.09e-02
 1.35689e+16	7.65e-03	9.82e-01	1.03e-02
 1.36091e+16	8.20e-03	9.82e-01	9.67e-03
 1.36543e+16	8.91e-03	9.82e-01	9.01e-03
 1.37036e+16	9.81e-03	9.82e-01	8.39e-03
 1.37462e+16	1.08e-02	9.81e-01	7.90e-03
 1.37821e+16	1.17e-02	9.81e-01	7.52e-03
 1.38210e+16	1.28e-02	9.80e-01	7.09e-03
 1.38610e+16	1.42e-02	9.79e-01	6.71e-03
 1.38920e+16	1.55e-02	9.78e-01	6.43e-03
 1.39167e+16	1.66e-02	9.77e-01	6.23e-03
 1.39433e+16	1.80e-02	9.76e-01	5.99e-03
 1.39733e+16	1.99e-02	9.74e-01	5.74e-03
 1.40004e+16	2.19e-02	9.73e-01	5.54e-03
 1.40230e+16	2.38e-02	9.71e-01	5.38e-03
 1.40470e+16	2.61e-02	9.69e-01	5.20e-03
 1.40728e+16	2.91e-02	9.66e-01	5.04e-03
 1.40949e+16	3.21e-02	9.63e-01	4.90e-03
 1.41131e+16	3.50e-02	9.60e-01	4.80e-03
 1.41327e+16	3.86e-02	9.57e-01	4.69e-03
 1.41546e+16	4.32e-02	9.52e-01	4.58e-03
 1.41742e+16	4.82e-02	9.47e-01	4.49e-03
 1.41907e+16	5.31e-02	9.42e-01	4.42e-03
 1.42083e+16	5.92e-02	9.36e-01	4.35e-03
 1.42273e+16	6.68e-02	9.29e-01	4.30e-03
 1.42441e+16	7.49e-02	9.21e-01	4.26e-03
 1.42582e+16	8.28e-02	9.13e-01	4.24e-03
 1.42725e+16	9.19e-02	9.04e-01	4.22e-03
 1.42874e+16	1.03e-01	8.93e-01	4.22e-03
 1.43006e+16	1.14e-01	8.81e-01	4.21e-03
 1.43115e+16	1.25e-01	8.71e-01	4.23e-03
 1.43215e+16	1.35e-01	8.60e-01	4.25e-03
 1.43311e+16	1.47e-01	8.49e-01	4.27e-03
 1.43407e+16	1.59e-01	8.36e-01	4.29e-03
 1.43498e+16	1.72e-01	8.24e-01	4.32e-03
 1.43568e+16	1.83e-01	8.13e-01	4.35e-03
 1.43613e+16	1.90e-01	8.06e-01	4.37e-03
 1.43652e+16	1.97e-01	7.99e-01	4.38e-03
 1.43700e+16	2.05e-01	7.90e-01	4.39e-03
 1.43752e+16	2.15e-01	7.81e-01	4.41e-03
 1.43803e+16	2.25e-01	7.71e-01	4.43e-03
 1.43850e+16	2.34e-01	7.61e-01	4.46e-03
 1.43896e+16	2.44e-01	7.51e-01	4.47e-03
 1.43943e+16	2.55e-01	7.41e-01	4.49e-03
 1.43989e+16	2.65e-01	7.30e-01	4.51e-03
 1.44036e+16	2.76e-01	7.19e-01	4.53e-03
 1.44081e+16	2.88e-01	7.08e-01	4.55e-03
 1.44127e+16	3.00e-01	6.96e-01	4.56e-03
 1.44172e+16	3.12e-01	6.84e-01	4.58e-03
 1.44216e+16	3.24e-01	6.71e-01	4.59e-03
 1.44260e+16	3.37e-01	6.58e-01	4.61e-03
 1.44304e+16	3.50e-01	6.45e-01	4.62e-03
 1.44348e+16	3.64e-01	6.32e-01	4.63e-03
 1.44391e+16	3.77e-01	6.18e-01	4.63e-03
 1.44434e+16	3.91e-01	6.04e-01	4.64e-03
 1.44477e+16	4.05e-01	5.90e-01	4.64e-03
 1.44520e+16	4.20e-01	5.75e-01	4.64e-03
 1.44563e+16	4.35e-01	5.61e-01	4.64e-03
 1.44605e+16	4.50e-01	5.46e-01	4.63e-03
 1.44647e+16	4.65e-01	5.30e-01	4.62e-03
 1.44689e+16	4.80e-01	5.15e-01	4.61e-03
 1.44731e+16	4.96e-01	4.99e-01	4.59e-03
 1.44772e+16	5.12e-01	4.84e-01	4.57e-03
 1.44814e+16	5.27e-01	4.68e-01	4.54e-03
 1.44854e+16	5.43e-01	4.53e-01	4.51e-03
 1.44894e+16	5.58e-01	4.38e-01	4.48e-03
 1.44934e+16	5.73e-01	4.23e-01	4.44e-03
 1.44973e+16	5.88e-01	4.07e-01	4.39e-03
 1.45012e+16	6.03e-01	3.93e-01	4.34e-03
 1.45051e+16	6.18e-01	3.78e-01	4.29e-03
 1.45089e+16	6.32e-01	3.64e-01	4.24e-03
 1.45128e+16	6.46e-01	3.50e-01	4.18e-03
 1.45166e+16	6.60e-01	3.36e-01	4.12e-03
 1.45204e+16	6.73e-01	3.22e-01	4.04e-03
 1.45243e+16	6.87e-01	3.09e-01	3.97e-03
 1.45282e+16	7.00e-01	2.96e-01	3.89e-03
 1.45320e+16	7.13e-01	2.83e-01	3.80e-03
 1.45359e+16	7.26e-01	2.70e-01	3.72e-03
 1.45399e+16	7.38e-01	2.58e-01	3.63e-03
 1.45439e+16	7.50e-01	2.46e-01	3.53e-03
 1.45479e+16	7.62e-01	2.34e-01	3.43e-03
 1.45521e+16	7.74e-01	2.23e-01	3.33e-03
 1.45564e+16	7.85e-01	2.12e-01	3.23e-03
 1.45608e+16	7.96e-01	2.01e-01	3.12e-03
 1.45653e+16	8.06e-01	1.91e-01	3.01e-03
 1.45700e+16	8.16e-01	1.81e-01	2.90e-03
 1.45742e+16	8.24e-01	1.73e-01	2.81e-03
 1.45776e+16	8.31e-01	1.66e-01	2.73e-03
 1.45808e+16	8.37e-01	1.61e-01	2.65e-03
 1.45843e+16	8.43e-01	1.55e-01	2.57e-03
 1.45881e+16	8.49e-01	1.49e-01	2.50e-03
 1.45918e+16	8.54e-01	1.44e-01	2.42e-03
 1.45954e+16	8.59e-01	1.39e-01	2.35e-03
 1.45992e+16	8.64e-01	1.34e-01	2.29e-03
 1.46030e+16	8.68e-01	1.30e-01	2.22e-03
 1.46068e+16	8.72e-01	1.26e-01	2.16e-03
 1.46108e+16	8.76e-01	1.22e-01	2.10e-03
 1.46149e+16	8.80e-01	1.18e-01	2.05e-03
 1.46191e+16	8.83e-01	1.15e-01	1.99e-03
 1.46236e+16	8.86e-01	1.12e-01	1.94e-03
 1.46282e+16	8.89e-01	1.09e-01	1.89e-03
 1.46332e+16	8.92e-01	1.06e-01	1.83e-03
 1.46385e+16	8.95e-01	1.03e-01	1.79e-03
 1.46440e+16	8.98e-01	1.01e-01	1.74e-03
 1.46500e+16	9.00e-01	9.83e-02	1.70e-03
 1.46564e+16	9.02e-01	9.61e-02	1.65e-03
 1.46633e+16	9.04e-01	9.40e-02	1.61e-03
 1.46708e+16	9.06e-01	9.21e-02	1.57e-03
 1.46790e+16	9.08e-01	9.03e-02	1.53e-03
 1.46881e+16	9.10e-01	8.86e-02	1.49e-03
 1.46980e+16	9.12e-01	8.70e-02	1.45e-03
 1.47090e+16	9.13e-01	8.54e-02	1.41e-03
 1.47209e+16	9.15e-01	8.40e-02	1.37e-03
 1.47338e+16	9.16e-01	8.26e-02	1.33e-03
 1.47477e+16	9.17e-01	8.13e-02	1.29e-03
 1.47625e+16	9.19e-01	8.00e-02	1.25e-03
 1.47780e+16	9.20e-01	7.87e-02	1.21e-03
 1.47943e+16	9.21e-01	7.75e-02	1.17e-03
 1.48112e+16	9.23e-01	7.62e-02	1.13e-03
 1.48286e+16	9.24e-01	7.49e-02	1.09e-03
 1.48469e+16	9.25e-01	7.37e-02	1.05e-03
 1.48665e+16	9.27e-01	7.23e-02	1.01e-03
 1.48874e+16	9.28e-01	7.09e-02	9.73e-04
 1.49097e+16	9.30e-01	6.94e-02	9.31e-04
 1.49338e+16	9.31e-01	6.79e-02	8.89e-04
 1.49609e+16	9.33e-01	6.62e-02	8.42e-04
 1.49921e+16	9.35e-01	6.44e-02	7.92e-04
 1.50252e+16	9.37e-01	6.24e-02	7.44e-04
 1.50568e+16	9.39e-01	6.07e-02	7.00e-04
 1.50862e+16	9.40e-01	5.91e-02	6.62e-04
 1.51133e+16	9.42e-01	5.77e-02	6.29e-04
 1.51380e+16	9.43e-01	5.64e-02	6.00e-04
 1.51605e+16	9.44e-01	5.53e-02	5.75e-04
 1.51810e+16	9.45e-01	5.43e-02	5.53e-04
 1.51996e+16	9.46e-01	5.34e-02	5.34e-04
 1.52200e+16	9.47e-01	5.23e-02	5.12e-04
 1.52420e+16	9.48e-01	5.13e-02	4.91e-04
 1.52621e+16	9.49e-01	5.04e-02	4.73e-04
 1.52803e+16	9.50e-01	4.96e-02	4.57e-04
 1.52969e+16	9.51e-01	4.88e-02	4.42e-04
 1.53151e+16	9.52e-01	4.79e-02	4.25e-04
 1.53347e+16	9.53e-01	4.71e-02	4.10e-04
 1.53526e+16	9.53e-01	4.63e-02	3.96e-04
 1.53689e+16	9.54e-01	4.56e-02	3.83e-04
 1.53837e+16	9.55e-01	4.49e-02	3.71e-04
 1.53971e+16	9.55e-01	4.43e-02	3.62e-04
 1.54119e+16	9.56e-01	4.37e-02	3.50e-04
 1.54278e+16	9.57e-01	4.31e-02	3.40e-04
 1.54423e+16	9.57e-01	4.24e-02	3.30e-04
 1.54555e+16	9.58e-01	4.19e-02	3.21e-04
 1.54699e+16	9.58e-01	4.12e-02	3.11e-04
 1.54855e+16	9.59e-01	4.06e-02	3.01e-04
 1.54997e+16	9.60e-01	4.00e-02	2.92e-04
 1.55127e+16	9.60e-01	3.95e-02	2.84e-04
 1.55244e+16	9.61e-01	3.90e-02	2.77e-04
 1.55373e+16	9.61e-01	3.85e-02	2.69e-04
 1.55512e+16	9.62e-01	3.80e-02	2.62e-04
 1.55639e+16	9.62e-01	3.75e-02	2.55e-04
 1.55754e+16	9.63e-01	3.70e-02	2.49e-04
 1.55880e+16	9.63e-01	3.65e-02	2.41e-04
 1.56017e+16	9.64e-01	3.60e-02	2.35e-04
 1.56141e+16	9.64e-01	3.55e-02	2.29e-04
 1.56253e+16	9.65e-01	3.51e-02	2.23e-04
 1.56377e+16	9.65e-01	3.46e-02	2.17e-04
 1.56511e+16	9.66e-01	3.42e-02	2.11e-04
 1.56632e+16	9.66e-01	3.37e-02	2.05e-04
 1.56743e+16	9.66e-01	3.33e-02	2.00e-04
 1.56864e+16	9.67e-01	3.29e-02	1.95e-04
 1.56995e+16	9.67e-01	3.25e-02	1.90e-04
 1.57114e+16	9.68e-01	3.20e-02	1.85e-04
 1.57222e+16	9.68e-01	3.17e-02	1.81e-04
 1.57341e+16	9.69e-01	3.13e-02	1.76e-04
 1.57469e+16	9.69e-01	3.09e-02	1.71e-04
 1.57585e+16	9.69e-01	3.05e-02	1.67e-04
 1.57713e+16	9.70e-01	3.00e-02	1.62e-04
 1.57851e+16	9.70e-01	2.96e-02	1.58e-04
 1.57977e+16	9.71e-01	2.92e-02	1.54e-04
 1.58091e+16	9.71e-01	2.89e-02	1.50e-04
 1.58216e+16	9.71e-01	2.85e-02	1.46e-04
 1.58351e+16	9.72e-01	2.81e-02	1.42e-04
 1.58474e+16	9.72e-01	2.78e-02	1.38e-04
 1.58609e+16	9.73e-01	2.74e-02	1.34e-04
 1.58754e+16	9.73e-01	2.70e-02	1.31e-04
 1.58887e+16	9.73e-01	2.66e-02	1.27e-04
 1.59032e+16	9.74e-01	2.62e-02	1.23e-04
 1.59188e+16	9.74e-01	2.58e-02	1.20e-04
 1.59331e+16	9.74e-01	2.55e-02	1.16e-04
 1.59460e+16	9.75e-01	2.51e-02	1.13e-04
 1.59603e+16	9.75e-01	2.48e-02	1.10e-04
 1.59756e+16	9.75e-01	2.44e-02	1.07e-04
 1.59896e+16	9.76e-01	2.41e-02	1.04e-04
 1.60048e+16	9.76e-01	2.37e-02	1.01e-04
 1.60214e+16	9.77e-01	2.33e-02	9.78e-05
 1.60364e+16	9.77e-01	2.30e-02	9.50e-05
 1.60501e+16	9.77e-01	2.27e-02	9.26e-05
 1.60651e+16	9.78e-01	2.24e-02	8.98e-05
 1.60812e+16	9.78e-01	2.20e-02	8.72e-05
 1.60960e+16	9.78e-01	2.17e-02	8.49e-05
 1.61121e+16	9.79e-01	2.14e-02	8.22e-05
 1.61295e+16	9.79e-01	2.11e-02	7.97e-05
 1.61454e+16	9.79e-01	2.08e-02	7.74e-05
 1.61627e+16	9.80e-01	2.04e-02	7.48e-05
 1.61815e+16	9.80e-01	2.01e-02	7.24e-05
 1.61985e+16	9.80e-01	1.98e-02	7.02e-05
 1.62141e+16	9.80e-01	1.95e-02	6.83e-05
 1.62311e+16	9.81e-01	1.92e-02	6.61e-05
 1.62494e+16	9.81e-01	1.89e-02	6.41e-05
 1.62662e+16	9.81e-01	1.86e-02	6.22e-05
 1.62845e+16	9.82e-01	1.83e-02	6.02e-05
 1.63042e+16	9.82e-01	1.80e-02	5.82e-05
 1.63222e+16	9.82e-01	1.77e-02	5.64e-05
 1.63420e+16	9.83e-01	1.74e-02	5.45e-05
 1.63632e+16	9.83e-01	1.71e-02	5.26e-05
 1.63826e+16	9.83e-01	1.68e-02	5.09e-05
 1.64002e+16	9.83e-01	1.66e-02	4.94e-05
 1.64196e+16	9.84e-01	1.63e-02	4.78e-05
 1.64404e+16	9.84e-01	1.60e-02	4.62e-05
 1.64594e+16	9.84e-01	1.58e-02	4.48e-05
 1.64802e+16	9.84e-01	1.55e-02	4.32e-05
 1.65026e+16	9.85e-01	1.52e-02	4.17e-05
 1.65231e+16	9.85e-01	1.49e-02	4.04e-05
 1.65454e+16	9.85e-01	1.47e-02	3.89e-05
 1.65696e+16	9.86e-01	1.44e-02	3.74e-05
 1.65916e+16	9.86e-01	1.41e-02	3.62e-05
 1.66157e+16	9.86e-01	1.39e-02	3.48e-05
 1.66417e+16	9.86e-01	1.36e-02	3.34e-05
 1.66654e+16	9.87e-01	1.33e-02	3.23e-05
 1.66913e+16	9.87e-01	1.31e-02	3.09e-05
 1.67194e+16	9.87e-01	1.28e-02	2.97e-05
 1.67448e+16	9.87e-01	1.26e-02	2.86e-05
 1.67680e+16	9.88e-01	1.23e-02	2.76e-05
 1.67935e+16	9.88e-01	1.21e-02	2.66e-05
 1.68209e+16	9.88e-01	1.19e-02	2.55e-05
 1.68459e+16	9.88e-01	1.16e-02	2.46e-05
 1.68732e+16	9.89e-01	1.14e-02	2.37e-05
 1.69028e+16	9.89e-01	1.12e-02	2.27e-05
 1.69296e+16	9.89e-01	1.10e-02	2.18e-05
 1.69591e+16	9.89e-01	1.07e-02	2.09e-05
 1.69909e+16	9.89e-01	1.05e-02	2.00e-05
 1.70198e+16	9.90e-01	1.03e-02	1.93e-05
 1.70515e+16	9.90e-01	1.00e-02	1.84e-05
 1.70858e+16	9.90e-01	9.81e-03	1.76e-05
 1.71169e+16	9.90e-01	9.61e-03	1.69e-05
 1.71511e+16	9.91e-01	9.38e-03	1.61e-05
 1.71879e+16	9.91e-01	9.15e-03	1.53e-05
 1.72214e+16	9.91e-01	8.95e-03	1.47e-05
 1.72582e+16	9.91e-01	8.73e-03	1.40e-05
 1.72979e+16	9.91e-01	8.51e-03	1.33e-05
 1.73340e+16	9.92e-01	8.31e-03	1.27e-05
 1.73735e+16	9.92e-01	8.10e-03	1.20e-05
 1.74162e+16	9.92e-01	7.88e-03	1.14e-05
 1.74551e+16	9.92e-01	7.70e-03	1.09e-05
 1.74977e+16	9.93e-01	7.49e-03	1.03e-05
 1.75437e+16	9.93e-01	7.28e-03	9.74e-06
 1.75855e+16	9.93e-01	7.10e-03	9.27e-06
 1.76313e+16	9.93e-01	6.89e-03	8.75e-06
 1.76808e+16	9.93e-01	6.69e-03	8.26e-06
 1.77351e+16	9.94e-01	6.47e-03	7.73e-06
 1.78017e+16	9.94e-01	6.21e-03	7.13e-06
 1.78737e+16	9.94e-01	5.96e-03	6.56e-06
 1.79459e+16	9.94e-01	5.71e-03	6.05e-06
 1.80199e+16	9.95e-01	5.48e-03	5.56e-06
 1.80972e+16	9.95e-01	5.24e-03	5.10e-06
 1.81774e+16	9.95e-01	5.01e-03	4.67e-06
 1.82604e+16	9.95e-01	4.79e-03	4.27e-06
 1.83463e+16	9.95e-01	4.57e-03	3.89e-06
 1.84351e+16	9.96e-01	4.36e-03	3.54e-06
 1.85260e+16	9.96e-01	4.15e-03	3.22e-06
 1.86185e+16	9.96e-01	3.96e-03	2.93e-06
 1.87125e+16	9.96e-01	3.77e-03	2.66e-06
 1.88081e+16	9.96e-01	3.59e-03	2.41e-06
 1.89056e+16	9.97e-01	3.42e-03	2.19e-06
 1.90048e+16	9.97e-01	3.25e-03	1.99e-06
 1.91058e+16	9.97e-01	3.10e-03	1.80e-06
 1.92072e+16	9.97e-01	2.95e-03	1.63e-06
 1.93099e+16	9.97e-01	2.80e-03	1.48e-06
 1.94164e+16	9.97e-01	2.66e-03	1.34e-06
 1.95255e+16	9.97e-01	2.53e-03	1.21e-06
 1.96361e+16	9.98e-01	2.40e-03	1.09e-06
 1.97486e+16	9.98e-01	2.28e-03	9.82e-07
 1.98633e+16	9.98e-01	2.16e-03	8.84e-07
 1.99802e+16	9.98e-01	2.05e-03	7.95e-07
 2.00991e+16	9.98e-01	1.94e-03	7.15e-07
 2.02204e+16	9.98e-01	1.84e-03	6.42e-07
 2.03441e+16	9.98e-01	1.74e-03	5.75e-07
 2.04704e+16	9.98e-01	1.65e-03	5.15e-07
 2.05992e+16	9.98e-01	1.56e-03	4.60e-07
 2.07306e+16	9.99e-01	1.47e-03	4.11e-07
 2.08647e+16	9.99e-01	1.39e-03	3.66e-07
 2.10017e+16	9.99e-01	1.31e-03	3.26e-07
 2.11416e+16	9.99e-01	1.23e-03	2.90e-07
 2.12847e+16	9.99e-01	1.16e-03	2.57e-07
 2.14310e+16	9.99e-01	1.09e-03	2.27e-07
 2.15808e+16	9.99e-01	1.02e-03	2.01e-07
 2.17342e+16	9.99e-01	9.61e-04	1.77e-07
 2.18914e+16	9.99e-01	9.01e-04	1.56e-07
 2.20526e+16	9.99e-01	8.44e-04	1.37e-07
 2.22181e+16	9.99e-01	7.89e-04	1.20e-07
 2.23882e+16	9.99e-01	7.37e-04	1.04e-07
 2.25631e+16	9.99e-01	6.86e-04	9.06e-08
 2.27431e+16	9.99e-01	6.40e-04	7.88e-08
 2.29246e+16	9.99e-01	5.96e-04	6.84e-08
 2.31111e+16	9.99e-01	5.53e-04	5.90e-08
 2.33090e+16	9.99e-01	5.12e-04	5.06e-08
 2.35159e+16	1.00e+00	4.72e-04	4.31e-08
 2.37294e+16	1.00e+00	4.35e-04	3.65e-08
 2.39504e+16	1.00e+00	3.99e-04	3.08e-08
 2.41811e+16	1.00e+00	3.65e-04	2.58e-08
 2.44225e+16	1.00e+00	3.33e-04	2.15e-08
 2.46757e+16	1.00e+00	3.03e-04	1.77e-08
 2.49421e+16	1.00e+00	2.74e-04	1.45e-08
 2.52241e+16	1.00e+00	2.46e-04	1.17e-08
 2.55262e+16	1.00e+00	2.20e-04	9.37e-09
 2.58444e+16	1.00e+00	1.95e-04	7.40e-09
 2.61843e+16	1.00e+00	1.72e-04	5.75e-09
 2.65571e+16	1.00e+00	1.50e-04	4.37e-09
 2.69625e+16	1.00e+00	1.29e-04	3.25e-09
 2.74068e+16	1.00e+00	1.10e-04	2.36e-09
 2.79019e+16	1.00e+00	9.21e-05	1.65e-09
 2.84547e+16	1.00e+00	7.56e-05	1.11e-09
 2.90935e+16	1.00e+00	6.02e-05	7.07e-10
 2.98059e+16	1.00e+00	4.71e-05	4.33e-10
 3.05263e+16	1.00e+00	3.69e-05	2.67e-10
 3.12328e+16	1.00e+00	2.92e-05	1.67e-10
 3.19389e+16	1.00e+00	2.31e-05	1.05e-10
 3.26561e+16	1.00e+00	1.83e-05	6.62e-11
 3.33874e+16	1.00e+00	1.45e-05	4.17e-11
 3.41330e+16	1.00e+00	1.15e-05	2.62e-11
 3.48898e+16	1.00e+00	9.12e-06	1.65e-11
 3.56597e+16	1.00e+00	7.23e-06	1.04e-11
 3.64465e+16	1.00e+00	5.72e-06	6.52e-12
 3.72481e+16	1.00e+00	4.54e-06	4.11e-12
 3.80689e+16	1.00e+00	3.59e-06	2.58e-12
 3.89130e+16	1.00e+00	2.84e-06	1.61e-12
 3.97751e+16	1.00e+00	2.24e-06	1.01e-12
 4.06549e+16	1.00e+00	1.77e-06	6.28e-13
 4.15605e+16	1.00e+00	1.39e-06	3.89e-13
 4.24957e+16	1.00e+00	1.09e-06	2.40e-13
 4.34603e+16	1.00e+00	8.54e-07	1.47e-13
 4.44579e+16	1.00e+00	6.66e-07	8.95e-14
 4.54951e+16	1.00e+00	5.16e-07	5.39e-14
 4.65798e+16	1.00e+00	3.98e-07	3.20e-14
 4.77218e+16	1.00e+00	3.04e-07	1.87e-14
 4.89338e+16	1.00e+00	2.30e-07	1.07e-14
 5.02346e+16	1.00e+00	1.71e-07	5.96e-15
 5.16520e+16	1.00e+00	1.25e-07	3.19e-15
 5.31766e+16	1.00e+00	9.03e-08	1.66e-15
 5.47426e+16	1.00e+00	6.52e-08	8.67e-16
 5.63085e+16	1.00e+00	4.75e-08	4.60e-16
 5.78744e+16	1.00e+00	3.49e-08	2.48e-16
 5.94402e+16	1.00e+00	2.58e-08	1.36e-16
 6.10061e+16	1.00e+00	1.92e-08	7.54e-17
 6.25719e+16	1.00e+00	1.44e-08	4.25e-17
 6.42596e+16	1.00e+00	1.06e-08	2.30e-17
 6.61181e+16	1.00e+00	7.65e-09	1.20e-17
 6.80056e+16	1.00e+00	5.55e-09	6.32e-18
 6.98508e+16	1.00e+00	4.09e-09	3.44e-18
 7.16658e+16	1.00e+00	3.05e-09	1.92e-18
 7.34668e+16	1.00e+00	2.30e-09	1.09e-18
 7.52501e+16	1.00e+00	1.75e-09	6.27e-19
 7.70017e+16	1.00e+00	1.34e-09	3.70e-19
 7.87106e+16	1.00e+00	1.04e-09	2.24e-19
 8.03708e+16	1.00e+00	8.19e-10	1.39e-19
 8.19794e+16	1.00e+00	6.52e-10	8.79e-20
 8.35333e+16	1.00e+00	5.25e-10	5.70e-20
 8.50296e+16	1.00e+00	4.27e-10	3.79e-20
 8.64655e+16	1.00e+00	3.52e-10	2.57e-20
 8.78404e+16	1.00e+00	2.93e-10	1.79e-20
 8.91540e+16	1.00e+00	2.47e-10	1.27e-20
 9.04060e+16	1.00e+00	2.10e-10	9.16e-21
 9.15994e+16	1.00e+00	1.80e-10	0.00e+00
 9.27356e+16	1.00e+00	1.56e-10	0.00e+00
 9.38166e+16	1.00e+00	1.36e-10	0.00e+00
 9.48441e+16	1.00e+00	1.20e-10	0.00e+00
 9.58199e+16	1.00e+00	1.06e-10	0.00e+00
 9.67463e+16	1.00e+00	9.49e-11	0.00e+00
 9.76256e+16	1.00e+00	8.54e-11	0.00e+00
 9.84603e+16	1.00e+00	7.72e-11	0.00e+00
 9.92526e+16	1.00e+00	7.03e-11	0.00e+00
 1.00005e+17	1.00e+00	6.43e-11	0.00e+00
 1.00718e+17	1.00e+00	5.91e-11	0.00e+00
 1.01396e+17	1.00e+00	5.46e-11	0.00e+00
 1.02040e+17	1.00e+00	5.07e-11	0.00e+00
 1.02651e+17	1.00e+00	4.72e-11	0.00e+00
 1.03231e+17	1.00e+00	4.41e-11	0.00e+00
 1.03782e+17	1.00e+00	4.14e-11	0.00e+00
 1.04306e+17	1.00e+00	3.90e-11	0.00e+00
 1.04804e+17	1.00e+00	3.69e-11	0.00e+00
 1.05278e+17	1.00e+00	3.50e-11	0.00e+00
 1.05729e+17	1.00e+00	3.32e-11	0.00e+00
 1.06158e+17	1.00e+00	3.17e-11	0.00e+00
 1.06567e+17	1.00e+00	3.03e-11	0.00e+00
 1.06957e+17	1.00e+00	2.90e-11	0.00e+00
 1.07328e+17	1.00e+00	2.79e-11	0.00e+00
 1.07682e+17	1.00e+00	2.68e-11	0.00e+00
 1.08021e+17	1.00e+00	2.58e-11	0.00e+00
 1.08344e+17	1.00e+00	2.49e-11	0.00e+00
 1.08654e+17	1.00e+00	2.41e-11	0.00e+00
 1.08950e+17	1.00e+00	2.33e-11	0.00e+00
 1.09234e+17	1.00e+00	2.26e-11	0.00e+00
 1.09506e+17	1.00e+00	2.19e-11	0.00e+00
 1.09768e+17	1.00e+00	2.13e-11	0.00e+00
 1.10020e+17	1.00e+00	2.08e-11	0.00e+00
 1.10263e+17	1.00e+00	2.02e-11	0.00e+00
 1.10497e+17	1.00e+00	1.97e-11	0.00e+00
 1.10724e+17	1.00e+00	1.92e-11	0.00e+00
 1.10944e+17	1.00e+00	1.88e-11	0.00e+00
 1.11158e+17	1.00e+00	1.84e-11	0.00e+00
 1.11366e+17	1.00e+00	1.80e-11	0.00e+00
 1.11570e+17	1.00e+00	1.76e-11	0.00e+00
 1.11770e+17	1.00e+00	1.72e-11	0.00e+00
 1.11967e+17	1.00e+00	1.69e-11	0.00e+00
 1.12161e+17	1.00e+00	1.65e-11	0.00e+00
 1.12355e+17	1.00e+00	1.62e-11	0.00e+00
 1.12549e+17	1.00e+00	1.58e-11	0.00e+00
 1.12744e+17	1.00e+00	1.55e-11	0.00e+00
 1.12941e+17	1.00e+00	1.52e-11	0.00e+00
 1.13143e+17	1.00e+00	1.49e-11	0.00e+00
 1.13351e+17	1.00e+00	1.46e-11	0.00e+00
 1.13568e+17	1.00e+00	1.42e-11	0.00e+00
 1.13798e+17	1.00e+00	1.39e-11	0.00e+00
 1.14044e+17	1.00e+00	1.35e-11	0.00e+00
 1.14311e+17	1.00e+00	1.32e-11	0.00e+00
 1.14609e+17	1.00e+00	1.27e-11	0.00e+00
 1.14948e+17	1.00e+00	1.23e-11	0.00e+00
 1.15343e+17	1.00e+00	1.18e-11	0.00e+00
 1.15821e+17	1.00e+00	1.12e-11	0.00e+00
 1.16419e+17	1.00e+00	1.06e-11	0.00e+00
 1.17190e+17	1.00e+00	9.72e-12	0.00e+00
 1.18193e+17	1.00e+00	8.75e-12	0.00e+00
 1.19496e+17	1.00e+00	7.66e-12	0.00e+00
 1.21191e+17	1.00e+00	6.46e-12	0.00e+00
 1.23394e+17	1.00e+00	5.20e-12	0.00e+00
 1.26204e+17	1.00e+00	3.98e-12	0.00e+00
 1.29333e+17	1.00e+00	3.00e-12	0.00e+00
 1.32463e+17	1.00e+00	2.29e-12	0.00e+00
 1.35992e+17	1.00e+00	1.71e-12	0.00e+00
 1.39995e+17	1.00e+00	1.26e-12	0.00e+00
 1.44174e+17	1.00e+00	9.34e-13	0.00e+00
 1.48492e+17	1.00e+00	7.09e-13	0.00e+00
 1.52915e+17	1.00e+00	5.52e-13	0.00e+00
 1.58073e+17	1.00e+00	4.28e-13	0.00e+00
 1.64209e+17	1.00e+00	3.16e-13	0.00e+00
 1.70777e+17	1.00e+00	2.41e-13	0.00e+00
 1.77609e+17	1.00e+00	1.93e-13	0.00e+00
 1.84713e+17	1.00e+00	1.59e-13	0.00e+00
 1.92101e+17	1.00e+00	1.33e-13	0.00e+00
 1.99786e+17	1.00e+00	1.12e-13	0.00e+00
 2.07491e+17	1.00e+00	9.49e-14	0.00e+00
 2.14684e+17	1.00e+00	8.41e-14	0.00e+00
 2.21095e+17	1.00e+00	7.88e-14	0.00e+00
 2.26875e+17	1.00e+00	7.51e-14	0.00e+00
 2.32330e+17	1.00e+00	7.03e-14	0.00e+00
 2.37589e+17	1.00e+00	6.41e-14	0.00e+00
 2.42214e+17	1.00e+00	5.77e-14	0.00e+00
 2.45474e+17	1.00e+00	5.48e-14	0.00e+00
 2.47334e+17	1.00e+00	5.49e-14	0.00e+00
 2.48370e+17	1.00e+00	5.54e-14	0.00e+00
 2.48991e+17	1.00e+00	5.57e-14	0.00e+00
 2.49365e+17	1.00e+00	5.58e-14	0.00e+00
 2.49642e+17	1.00e+00	5.59e-14	0.00e+00
 2.49940e+17	1.00e+00	5.59e-14	0.00e+00
 2.50272e+17	1.00e+00	5.59e-14	0.00e+00
 2.50594e+17	1.00e+00	5.58e-14	0.00e+00
 2.50880e+17	1.00e+00	5.57e-14	0.00e+00
 2.51133e+17	1.00e+00	5.56e-14	0.00e+00
 2.51372e+17	1.00e+00	5.55e-14	0.00e+00
 2.51613e+17	1.00e+00	5.54e-14	0.00e+00
 2.51849e+17	1.00e+00	5.52e-14	0.00e+00
 2.52061e+17	1.00e+00	5.51e-14	0.00e+00
 2.52246e+17	1.00e+00	5.49e-14	0.00e+00
 2.52425e+17	1.00e+00	5.48e-14	0.00e+00
 2.52610e+17	1.00e+00	5.46e-14	0.00e+00
 2.52783e+17	1.00e+00	5.44e-14	0.00e+00
 2.52937e+17	1.00e+00	5.43e-14	0.00e+00
 2.53085e+17	1.00e+00	5.41e-14	0.00e+00
 2.53229e+17	1.00e+00	5.40e-14	0.00e+00
 2.53373e+17	1.00e+00	5.38e-14	0.00e+00
 2.53514e+17	1.00e+00	5.37e-14	0.00e+00
 2.53650e+17	1.00e+00	5.35e-14	0.00e+00
 2.53777e+17	1.00e+00	5.33e-14	0.00e+00
 2.53897e+17	1.00e+00	5.32e-14	0.00e+00
 2.54015e+17	1.00e+00	5.30e-14	0.00e+00
 2.54132e+17	1.00e+00	5.29e-14	0.00e+00
 2.54246e+17	1.00e+00	5.27e-14	0.00e+00
 2.54360e+17	1.00e+00	5.26e-14	0.00e+00
 2.54472e+17	1.00e+00	5.24e-14	0.00e+00
 2.54578e+17	1.00e+00	5.22e-14	0.00e+00
 2.54680e+17	1.00e+00	5.21e-14	0.00e+00
 2.54786e+17	1.00e+00	5.19e-14	0.00e+00
 2.54898e+17	1.00e+00	5.17e-14	0.00e+00
 2.55006e+17	1.00e+00	5.15e-14	0.00e+00
 2.55109e+17	1.00e+00	5.14e-14	0.00e+00
 2.55214e+17	1.00e+00	5.12e-14	0.00e+00
 2.55322e+17	1.00e+00	5.10e-14	0.00e+00
 2.55427e+17	1.00e+00	5.08e-14	0.00e+00
 2.55531e+17	1.00e+00	5.06e-14	0.00e+00
 2.55640e+17	1.00e+00	5.04e-14	0.00e+00
 2.55754e+17	1.00e+00	5.02e-14	0.00e+00
 2.55871e+17	1.00e+00	5.00e-14	0.00e+00
 2.55985e+17	1.00e+00	4.97e-14	0.00e+00
 2.56094e+17	1.00e+00	4.95e-14	0.00e+00
 2.56203e+17	1.00e+00	4.93e-14	0.00e+00
 2.56323e+17	1.00e+00	4.91e-14	0.00e+00
 2.56459e+17	1.00e+00	4.88e-14	0.00e+00
 2.56599e+17	1.00e+00	4.85e-14	0.00e+00
 2.56726e+17	1.00e+00	4.82e-14	0.00e+00
 2.56845e+17	1.00e+00	4.80e-14	0.00e+00
 2.56971e+17	1.00e+00	4.77e-14	0.00e+00
 2.57119e+17	1.00e+00	4.74e-14	0.00e+00
 2.57272e+17	1.00e+00	4.70e-14	0.00e+00
 2.57415e+17	1.00e+00	4.67e-14	0.00e+00
 2.57552e+17	1.00e+00	4.64e-14	0.00e+00
 2.57696e+17	1.00e+00	4.61e-14	0.00e+00
 2.57860e+17	1.00e+00	4.57e-14	0.00e+00
 2.58035e+17	1.00e+00	4.53e-14	0.00e+00
 2.58203e+17	1.00e+00	4.49e-14	0.00e+00
 2.58359e+17	1.00e+00	4.45e-14	0.00e+00
 2.58524e+17	1.00e+00	4.42e-14	0.00e+00
 2.58709e+17	1.00e+00	4.37e-14	0.00e+00
 2.58906e+17	1.00e+00	4.33e-14	0.00e+00
 2.59103e+17	1.00e+00	4.28e-14	0.00e+00
 2.59295e+17	1.00e+00	4.23e-14	0.00e+00
 2.59485e+17	1.00e+00	4.19e-14	0.00e+00
 2.59684e+17	1.00e+00	4.14e-14	0.00e+00
 2.59898e+17	1.00e+00	4.09e-14	0.00e+00
 2.60125e+17	1.00e+00	4.03e-14	0.00e+00
 2.60354e+17	1.00e+00	3.97e-14	0.00e+00
 2.60571e+17	1.00e+00	3.92e-14	0.00e+00
 2.60803e+17	1.00e+00	3.87e-14	0.00e+00
 2.61071e+17	1.00e+00	3.80e-14	0.00e+00
 2.61331e+17	1.00e+00	3.74e-14	0.00e+00
 2.61580e+17	1.00e+00	3.67e-14	0.00e+00
 2.61840e+17	1.00e+00	3.61e-14	0.00e+00
 2.62125e+17	1.00e+00	3.54e-14	0.00e+00
 2.62416e+17	1.00e+00	3.47e-14	0.00e+00
 2.62705e+17	1.00e+00	3.40e-14	0.00e+00
 2.62995e+17	1.00e+00	3.33e-14	0.00e+00
 2.63292e+17	1.00e+00	3.26e-14	0.00e+00
 2.63609e+17	1.00e+00	3.19e-14	0.00e+00
 2.63939e+17	1.00e+00	3.11e-14	0.00e+00
 2.64269e+17	1.00e+00	3.03e-14	0.00e+00
 2.64602e+17	1.00e+00	2.95e-14	0.00e+00
 2.64943e+17	1.00e+00	2.87e-14	0.00e+00
 2.65293e+17	1.00e+00	2.79e-14	0.00e+00
 2.65659e+17	1.00e+00	2.71e-14	0.00e+00
 2.66042e+17	1.00e+00	2.62e-14	0.00e+00
 2.66430e+17	1.00e+00	2.54e-14	0.00e+00
 2.66814e+17	1.00e+00	2.45e-14	0.00e+00
 2.67203e+17	1.00e+00	2.37e-14	0.00e+00
 2.67610e+17	1.00e+00	2.29e-14	0.00e+00
 2.68044e+17	1.00e+00	2.20e-14	0.00e+00
 2.68499e+17	1.00e+00	2.11e-14	0.00e+00
 2.68942e+17	1.00e+00	2.02e-14	0.00e+00
 2.69378e+17	1.00e+00	1.93e-14	0.00e+00
 2.69836e+17	1.00e+00	1.85e-14	0.00e+00
 2.70318e+17	1.00e+00	1.76e-14	0.00e+00
 2.70804e+17	1.00e+00	1.68e-14	0.00e+00
 2.71310e+17	1.00e+00	1.59e-14	0.00e+00
 2.71854e+17	1.00e+00	1.51e-14	0.00e+00
 2.72412e+17	1.00e+00	1.42e-14	0.00e+00
 2.72964e+17	1.00e+00	1.33e-14	0.00e+00
 2.73516e+17	1.00e+00	1.25e-14	0.00e+00
 2.74094e+17	1.00e+00	1.17e-14	0.00e+00
 2.74690e+17	1.00e+00	1.09e-14	0.00e+00
 2.75327e+17	1.00e+00	1.02e-14	0.00e+00
 2.75984e+17	1.00e+00	9.38e-15	0.00e+00
 2.76575e+17	1.00e+00	8.67e-15	0.00e+00
 2.77072e+17	1.00e+00	8.10e-15	0.00e+00
 2.77509e+17	1.00e+00	7.65e-15	0.00e+00
 2.77935e+17	1.00e+00	7.24e-15	0.00e+00
 2.78369e+17	1.00e+00	6.84e-15	0.00e+00
 2.78796e+17	1.00e+00	6.46e-15	0.00e+00
 2.79194e+17	1.00e+00	6.10e-15	0.00e+00
 2.79559e+17	1.00e+00	5.79e-15	0.00e+00
 2.79905e+17	1.00e+00	5.51e-15	0.00e+00
 2.80243e+17	1.00e+00	5.24e-15	0.00e+00
 2.80574e+17	1.00e+00	4.99e-15	0.00e+00
 2.80892e+17	1.00e+00	4.76e-15	0.00e+00
 2.81194e+17	1.00e+00	4.54e-15	0.00e+00
 2.81479e+17	1.00e+00	4.34e-15	0.00e+00
 2.81753e+17	1.00e+00	4.15e-15	0.00e+00
 2.82018e+17	1.00e+00	3.96e-15	0.00e+00
 2.82275e+17	1.00e+00	3.81e-15	0.00e+00
 2.82521e+17	1.00e+00	3.65e-15	0.00e+00
 2.82755e+17	1.00e+00	3.50e-15	0.00e+00
 2.82980e+17	1.00e+00	3.37e-15	0.00e+00
 2.83199e+17	1.00e+00	3.24e-15	0.00e+00
 2.83413e+17	1.00e+00	3.12e-15	0.00e+00
 2.83621e+17	1.00e+00	3.00e-15	0.00e+00
 2.83821e+17	1.00e+00	2.90e-15	0.00e+00
 2.84016e+17	1.00e+00	2.79e-15	0.00e+00
 2.84207e+17	1.00e+00	2.70e-15	0.00e+00
 2.84393e+17	1.00e+00	2.61e-15	0.00e+00
 2.84574e+17	1.00e+00	2.52e-15	0.00e+00
 2.84751e+17	1.00e+00	2.44e-15	0.00e+00
 2.84925e+17	1.00e+00	2.36e-15	0.00e+00
 2.85122e+17	1.00e+00	2.28e-15	0.00e+00
 2.85379e+17	1.00e+00	2.19e-15	0.00e+00
 2.85713e+17	1.00e+00	2.06e-15	0.00e+00
 2.86147e+17	1.00e+00	1.92e-15	0.00e+00
 2.86711e+17	1.00e+00	1.74e-15	0.00e+00
 2.87445e+17	1.00e+00	1.53e-15	0.00e+00
 2.88264e+17	1.00e+00	1.30e-15	0.00e+00
 2.88992e+17	1.00e+00	1.11e-15	0.00e+00
 2.89574e+17	1.00e+00	9.72e-16	0.00e+00
 2.90080e+17	1.00e+00	8.75e-16	0.00e+00
 2.90596e+17	1.00e+00	7.92e-16	0.00e+00
 2.91168e+17	1.00e+00	7.09e-16	0.00e+00
 2.91772e+17	1.00e+00	6.28e-16	0.00e+00
 2.92363e+17	1.00e+00	5.54e-16	0.00e+00
 2.92924e+17	1.00e+00	4.93e-16	0.00e+00
 2.93477e+17	1.00e+00	4.41e-16	0.00e+00
 2.94053e+17	1.00e+00	3.93e-16	0.00e+00
 2.94666e+17	1.00e+00	3.48e-16	0.00e+00
 2.95310e+17	1.00e+00	3.06e-16	0.00e+00
 2.95975e+17	1.00e+00	2.68e-16	0.00e+00
 2.96669e+17	1.00e+00	2.34e-16	0.00e+00
 2.97420e+17	1.00e+00	2.02e-16	0.00e+00
 2.98263e+17	1.00e+00	1.72e-16	0.00e+00
 2.99243e+17	1.00e+00	1.44e-16	0.00e+00
 3.00424e+17	1.00e+00	1.16e-16	0.00e+00
 3.01921e+17	1.00e+00	8.98e-17	0.00e+00
 3.03868e+17	1.00e+00	6.43e-17	0.00e+00
 3.06399e+17	1.00e+00	4.20e-17	0.00e+00
 3.09689e+17	1.00e+00	2.46e-17	0.00e+00
 3.13966e+17	1.00e+00	1.28e-17	0.00e+00
 3.19526e+17	1.00e+00	5.78e-18	0.00e+00
 3.26754e+17	1.00e+00	2.45e-18	0.00e+00
 3.36151e+17	1.00e+00	9.70e-19	0.00e+00
 3.48291e+17	1.00e+00	3.82e-19	0.00e+00
 3.62223e+17	1.00e+00	1.47e-19	0.00e+00
 3.75701e+17	1.00e+00	6.22e-20	0.00e+00
 3.87406e+17	1.00e+00	3.02e-20	0.00e+00
 3.97459e+17	1.00e+00	1.65e-20	0.00e+00
 4.06844e+17	1.00e+00	9.40e-21	0.00e+00
 4.17568e+17	1.00e+00	4.93e-21	0.00e+00
 4.28903e+17	1.00e+00	2.54e-21	0.00e+00
 4.37862e+17	1.00e+00	1.52e-21	0.00e+00
 4.44474e+17	1.00e+00	1.03e-21	0.00e+00
 4.51204e+17	1.00e+00	6.92e-22	0.00e+00
 4.59219e+17	1.00e+00	4.32e-22	0.00e+00
 4.66979e+17	1.00e+00	2.75e-22	0.00e+00
 4.73537e+17	1.00e+00	1.87e-22	0.00e+00
 4.80461e+17	1.00e+00	1.23e-22	0.00e+00
 4.89461e+17	1.00e+00	7.19e-23	0.00e+00
 5.01162e+17	1.00e+00	3.59e-23	0.00e+00
 5.13337e+17	1.00e+00	1.74e-23	0.00e+00
 5.21932e+17	1.00e+00	1.01e-23	0.00e+00
