#depth	N	N+	N+2	N+3	N+4	N+5	N+6	N+7
 1.49634e+10	2.23e-46	8.06e-36	3.06e-26	2.09e-17	2.56e-09	9.85e-01	1.53e-02	0.00e+00
 4.54887e+10	0.00e+00	1.12e-35	3.91e-26	2.46e-17	2.78e-09	9.86e-01	1.41e-02	8.46e-08
 7.72350e+10	5.03e-46	1.55e-35	5.00e-26	2.91e-17	3.02e-09	9.87e-01	1.30e-02	0.00e+00
 1.10251e+11	0.00e+00	2.14e-35	6.39e-26	3.43e-17	3.29e-09	9.88e-01	1.19e-02	0.00e+00
 1.44588e+11	1.14e-45	2.97e-35	8.18e-26	4.05e-17	3.57e-09	9.89e-01	1.10e-02	0.00e+00
 1.76912e+11	0.00e+00	4.00e-35	1.02e-25	4.70e-17	3.86e-09	9.90e-01	1.01e-02	0.00e+00
 2.05879e+11	2.27e-45	5.17e-35	1.24e-25	5.36e-17	4.12e-09	9.91e-01	9.50e-03	0.00e+00
 2.38419e+11	0.00e+00	6.85e-35	1.54e-25	6.18e-17	4.43e-09	9.91e-01	8.83e-03	0.00e+00
 2.76911e+11	4.83e-45	9.46e-35	1.96e-25	7.28e-17	4.81e-09	9.92e-01	8.13e-03	0.00e+00
 3.15390e+11	0.00e+00	0.00e+00	2.47e-25	8.52e-17	5.20e-09	9.92e-01	7.50e-03	0.00e+00
 3.51592e+11	0.00e+00	1.71e-34	3.06e-25	9.83e-17	5.60e-09	9.93e-01	6.98e-03	0.00e+00
 3.91766e+11	1.47e-44	2.31e-34	3.85e-25	1.15e-16	6.05e-09	9.94e-01	6.45e-03	0.00e+00
 4.37363e+11	0.00e+00	3.22e-34	4.94e-25	1.36e-16	6.59e-09	9.94e-01	5.92e-03	0.00e+00
 4.82879e+11	3.33e-44	4.44e-34	6.30e-25	1.60e-16	7.16e-09	9.95e-01	5.45e-03	0.00e+00
 5.30215e+11	0.00e+00	6.12e-34	8.02e-25	1.88e-16	7.77e-09	9.95e-01	5.02e-03	0.00e+00
 5.81351e+11	7.54e-44	8.55e-34	1.03e-24	2.24e-16	8.48e-09	9.95e-01	4.60e-03	0.00e+00
 6.34532e+11	0.00e+00	1.20e-33	1.33e-24	2.65e-16	9.24e-09	9.96e-01	4.21e-03	0.00e+00
 6.84714e+11	1.67e-43	1.62e-33	1.68e-24	3.10e-16	1.00e-08	9.96e-01	3.89e-03	0.00e+00
 7.29893e+11	0.00e+00	2.12e-33	2.05e-24	3.56e-16	1.07e-08	9.96e-01	3.63e-03	0.00e+00
 7.80745e+11	3.36e-43	2.83e-33	2.56e-24	4.13e-16	1.16e-08	9.97e-01	3.37e-03	0.00e+00
 8.40640e+11	0.00e+00	3.94e-33	3.29e-24	4.89e-16	1.26e-08	9.97e-01	3.09e-03	0.00e+00
 9.00464e+11	7.54e-43	5.43e-33	4.19e-24	5.78e-16	1.37e-08	9.97e-01	2.84e-03	0.00e+00
 9.56636e+11	0.00e+00	7.25e-33	5.23e-24	6.71e-16	1.48e-08	9.97e-01	2.63e-03	0.00e+00
 1.01878e+12	1.59e-42	9.87e-33	6.60e-24	7.87e-16	1.60e-08	9.98e-01	2.43e-03	0.00e+00
 1.08946e+12	0.00e+00	1.39e-32	8.58e-24	9.41e-16	1.76e-08	9.98e-01	2.22e-03	0.00e+00
 1.15911e+12	3.64e-42	1.92e-32	1.10e-23	1.11e-15	1.92e-08	9.98e-01	2.04e-03	0.00e+00
 1.23154e+12	0.00e+00	2.65e-32	1.40e-23	1.32e-15	2.09e-08	9.98e-01	1.87e-03	0.00e+00
 1.31072e+12	8.34e-42	3.75e-32	1.83e-23	1.58e-15	2.29e-08	9.98e-01	1.71e-03	0.00e+00
 1.39045e+12	0.00e+00	5.22e-32	2.35e-23	1.88e-15	2.50e-08	9.98e-01	1.56e-03	0.00e+00
 1.47337e+12	1.90e-41	7.28e-32	3.04e-23	2.24e-15	2.74e-08	9.99e-01	1.43e-03	0.00e+00
 1.55927e+12	0.00e+00	1.01e-31	3.91e-23	2.67e-15	3.00e-08	9.99e-01	1.31e-03	0.00e+00
 1.64383e+12	4.24e-41	1.39e-31	4.98e-23	3.15e-15	3.27e-08	9.99e-01	1.20e-03	0.00e+00
 1.73473e+12	0.00e+00	1.92e-31	6.41e-23	3.75e-15	3.57e-08	9.99e-01	1.10e-03	0.00e+00
 1.83405e+12	9.69e-41	2.71e-31	8.34e-23	4.51e-15	3.93e-08	9.99e-01	1.00e-03	0.00e+00
 1.93734e+12	0.00e+00	3.82e-31	1.09e-22	5.41e-15	4.32e-08	9.99e-01	9.12e-04	0.00e+00
 2.04476e+12	2.25e-40	5.37e-31	1.41e-22	6.51e-15	4.75e-08	9.99e-01	8.30e-04	0.00e+00
 2.15648e+12	0.00e+00	7.55e-31	1.84e-22	7.83e-15	5.23e-08	9.99e-01	7.55e-04	0.00e+00
 2.25758e+12	4.94e-40	1.02e-30	2.32e-22	9.21e-15	5.69e-08	9.99e-01	6.95e-04	0.00e+00
 2.34193e+12	0.00e+00	1.29e-30	2.79e-22	1.05e-14	6.10e-08	9.99e-01	6.49e-04	0.00e+00
 2.43438e+12	9.06e-40	1.66e-30	3.40e-22	1.21e-14	6.56e-08	9.99e-01	6.05e-04	0.00e+00
 2.55133e+12	0.00e+00	2.27e-30	4.33e-22	1.43e-14	7.17e-08	9.99e-01	5.54e-04	0.00e+00
 2.67323e+12	1.94e-39	3.09e-30	5.52e-22	1.70e-14	7.85e-08	9.99e-01	5.06e-04	0.00e+00
 2.77735e+12	0.00e+00	3.99e-30	6.74e-22	1.96e-14	8.46e-08	1.00e+00	4.71e-04	0.00e+00
 2.88527e+12	3.61e-39	5.14e-30	8.22e-22	2.26e-14	9.12e-08	1.00e+00	4.37e-04	0.00e+00
 3.02015e+12	0.00e+00	6.99e-30	1.05e-21	2.68e-14	9.99e-08	1.00e+00	4.00e-04	0.00e+00
 3.15695e+12	7.55e-39	9.42e-30	1.32e-21	3.17e-14	1.09e-07	1.00e+00	3.66e-04	0.00e+00
 3.27558e+12	0.00e+00	1.21e-29	1.61e-21	3.65e-14	1.18e-07	1.00e+00	3.40e-04	0.00e+00
 3.40375e+12	1.40e-38	1.56e-29	1.97e-21	4.22e-14	1.27e-07	1.00e+00	3.15e-04	0.00e+00
 3.56068e+12	0.00e+00	2.12e-29	2.51e-21	5.02e-14	1.40e-07	1.00e+00	2.88e-04	0.00e+00
 3.72076e+12	2.91e-38	2.86e-29	3.18e-21	5.95e-14	1.53e-07	1.00e+00	2.63e-04	0.00e+00
 3.86666e+12	0.00e+00	3.71e-29	3.90e-21	6.90e-14	1.66e-07	1.00e+00	2.44e-04	0.00e+00
 4.02839e+12	5.57e-38	4.89e-29	4.86e-21	8.09e-14	1.80e-07	1.00e+00	2.24e-04	0.00e+00
 4.21717e+12	0.00e+00	6.67e-29	6.21e-21	9.66e-14	1.98e-07	1.00e+00	2.04e-04	0.00e+00
 4.40450e+12	1.16e-37	8.95e-29	7.85e-21	1.14e-13	2.17e-07	1.00e+00	1.87e-04	0.00e+00
 4.58320e+12	0.00e+00	1.17e-28	9.71e-21	1.34e-13	2.36e-07	1.00e+00	1.72e-04	0.00e+00
 4.78031e+12	2.27e-37	1.56e-28	1.22e-20	1.57e-13	2.57e-07	1.00e+00	1.58e-04	0.00e+00
 5.00145e+12	0.00e+00	2.12e-28	1.55e-20	1.88e-13	2.83e-07	1.00e+00	1.44e-04	0.00e+00
 5.22332e+12	4.70e-37	2.85e-28	1.96e-20	2.22e-13	3.10e-07	1.00e+00	1.32e-04	0.00e+00
 5.42183e+12	0.00e+00	3.67e-28	2.40e-20	2.57e-13	3.35e-07	1.00e+00	1.22e-04	0.00e+00
 5.59814e+12	8.32e-37	4.56e-28	2.85e-20	2.91e-13	3.58e-07	1.00e+00	1.14e-04	0.00e+00
 5.79809e+12	0.00e+00	5.79e-28	3.44e-20	3.33e-13	3.85e-07	1.00e+00	1.06e-04	0.00e+00
 6.02055e+12	1.52e-36	7.49e-28	4.22e-20	3.86e-13	4.17e-07	1.00e+00	9.82e-05	0.00e+00
 6.22926e+12	0.00e+00	9.46e-28	5.08e-20	4.41e-13	4.48e-07	1.00e+00	9.15e-05	0.00e+00
 6.45756e+12	2.72e-36	1.21e-27	6.17e-20	5.07e-13	4.83e-07	1.00e+00	8.50e-05	0.00e+00
 6.71346e+12	0.00e+00	1.58e-27	7.61e-20	5.90e-13	5.23e-07	1.00e+00	7.84e-05	0.00e+00
 6.95645e+12	5.05e-36	2.02e-27	9.23e-20	6.78e-13	5.64e-07	1.00e+00	7.29e-05	0.00e+00
 7.22356e+12	0.00e+00	2.62e-27	1.13e-19	7.85e-13	6.10e-07	1.00e+00	6.75e-05	0.00e+00
 7.52256e+12	9.74e-36	3.46e-27	1.41e-19	9.19e-13	6.64e-07	1.00e+00	6.21e-05	0.00e+00
 7.80637e+12	0.00e+00	4.48e-27	1.73e-19	1.06e-12	7.17e-07	1.00e+00	5.75e-05	0.00e+00
 8.06836e+12	1.76e-35	5.63e-27	2.07e-19	1.21e-12	7.68e-07	1.00e+00	5.37e-05	0.00e+00
 8.35860e+12	0.00e+00	7.20e-27	2.51e-19	1.39e-12	8.27e-07	1.00e+00	4.99e-05	0.00e+00
 8.68437e+12	3.28e-35	9.40e-27	3.10e-19	1.61e-12	8.95e-07	1.00e+00	4.62e-05	0.00e+00
 8.99282e+12	0.00e+00	1.20e-26	3.75e-19	1.84e-12	9.63e-07	1.00e+00	4.30e-05	0.00e+00
 9.33032e+12	6.05e-35	1.55e-26	4.59e-19	2.13e-12	1.04e-06	1.00e+00	3.98e-05	0.00e+00
 9.70358e+12	0.00e+00	2.05e-26	5.70e-19	2.48e-12	1.13e-06	1.00e+00	3.68e-05	0.00e+00
 1.00499e+13	1.14e-34	2.62e-26	6.91e-19	2.84e-12	1.21e-06	1.00e+00	3.42e-05	0.00e+00
 1.04266e+13	0.00e+00	3.40e-26	8.47e-19	3.28e-12	1.31e-06	1.00e+00	3.17e-05	0.00e+00
 1.08481e+13	2.21e-34	4.49e-26	1.05e-18	3.84e-12	1.42e-06	1.00e+00	2.92e-05	0.00e+00
 1.12462e+13	3.03e-34	5.81e-26	1.29e-18	4.41e-12	1.53e-06	1.00e+00	2.71e-05	0.00e+00
 1.16794e+13	4.21e-34	7.60e-26	1.59e-18	5.12e-12	1.66e-06	1.00e+00	2.51e-05	0.00e+00
 1.21623e+13	5.99e-34	1.01e-25	1.99e-18	6.00e-12	1.80e-06	1.00e+00	2.31e-05	0.00e+00
 1.26214e+13	8.30e-34	1.32e-25	2.45e-18	6.93e-12	1.94e-06	1.00e+00	2.14e-05	0.00e+00
 1.31132e+13	1.16e-33	1.74e-25	3.03e-18	8.05e-12	2.10e-06	1.00e+00	1.98e-05	0.00e+00
 1.36676e+13	1.67e-33	2.35e-25	3.82e-18	9.47e-12	2.29e-06	1.00e+00	1.82e-05	0.00e+00
 1.42164e+13	2.37e-33	3.12e-25	4.76e-18	1.10e-11	2.49e-06	1.00e+00	1.68e-05	0.00e+00
 1.47872e+13	3.37e-33	4.15e-25	5.94e-18	1.29e-11	2.69e-06	1.00e+00	1.55e-05	0.00e+00
 1.54086e+13	4.87e-33	5.60e-25	7.49e-18	1.51e-11	2.93e-06	1.00e+00	1.43e-05	0.00e+00
 1.60549e+13	7.04e-33	7.56e-25	9.45e-18	1.78e-11	3.19e-06	1.00e+00	1.31e-05	0.00e+00
 1.67270e+13	1.02e-32	1.02e-24	1.19e-17	2.09e-11	3.47e-06	1.00e+00	1.21e-05	0.00e+00
 1.73870e+13	1.45e-32	1.36e-24	1.48e-17	2.43e-11	3.76e-06	1.00e+00	1.11e-05	0.00e+00
 1.80018e+13	1.98e-32	1.75e-24	1.81e-17	2.78e-11	4.03e-06	1.00e+00	1.04e-05	0.00e+00
 1.86803e+13	2.78e-32	2.31e-24	2.23e-17	3.22e-11	4.35e-06	1.00e+00	9.64e-06	0.00e+00
 1.93764e+13	3.88e-32	3.03e-24	2.75e-17	3.72e-11	4.68e-06	1.00e+00	8.95e-06	0.00e+00
 1.99599e+13	5.10e-32	3.77e-24	3.26e-17	4.17e-11	4.98e-06	1.00e+00	8.43e-06	0.00e+00
 2.05773e+13	6.75e-32	4.74e-24	3.88e-17	4.70e-11	5.29e-06	1.00e+00	7.93e-06	0.00e+00
 2.13597e+13	9.54e-32	6.27e-24	4.80e-17	5.44e-11	5.71e-06	1.00e+00	7.35e-06	0.00e+00
 2.21758e+13	1.35e-31	8.30e-24	5.95e-17	6.31e-11	6.16e-06	1.00e+00	6.82e-06	0.00e+00
 2.29017e+13	1.83e-31	1.06e-23	7.17e-17	7.16e-11	6.57e-06	1.00e+00	6.39e-06	0.00e+00
 2.36910e+13	2.51e-31	1.37e-23	8.71e-17	8.17e-11	7.03e-06	1.00e+00	5.97e-06	0.00e+00
 2.45689e+13	3.52e-31	1.80e-23	1.07e-16	9.43e-11	7.57e-06	1.00e+00	5.55e-06	0.00e+00
 2.53874e+13	4.80e-31	2.31e-23	1.30e-16	1.07e-10	8.08e-06	1.00e+00	5.20e-06	0.00e+00
 2.62770e+13	6.65e-31	3.00e-23	1.58e-16	1.23e-10	8.65e-06	1.00e+00	4.86e-06	0.00e+00
 2.72692e+13	9.43e-31	3.98e-23	1.96e-16	1.42e-10	9.32e-06	1.00e+00	4.51e-06	0.00e+00
 2.81984e+13	1.30e-30	5.15e-23	2.39e-16	1.62e-10	9.97e-06	1.00e+00	4.22e-06	0.00e+00
 2.92104e+13	1.82e-30	6.75e-23	2.93e-16	1.86e-10	1.07e-05	1.00e+00	3.93e-06	0.00e+00
 3.03398e+13	2.61e-30	9.03e-23	3.65e-16	2.16e-10	1.15e-05	1.00e+00	3.65e-06	0.00e+00
 3.14010e+13	3.63e-30	1.18e-22	4.46e-16	2.47e-10	1.24e-05	1.00e+00	3.41e-06	0.00e+00
 3.25578e+13	5.14e-30	1.56e-22	5.51e-16	2.85e-10	1.33e-05	1.00e+00	3.17e-06	0.00e+00
 3.38516e+13	7.47e-30	2.10e-22	6.92e-16	3.32e-10	1.43e-05	1.00e+00	2.93e-06	0.00e+00
 3.50767e+13	1.05e-29	2.77e-22	8.52e-16	3.81e-10	1.54e-05	1.00e+00	2.73e-06	0.00e+00
 3.63892e+13	1.50e-29	3.69e-22	1.06e-15	4.41e-10	1.66e-05	1.00e+00	2.54e-06	0.00e+00
 3.78747e+13	2.21e-29	5.03e-22	1.34e-15	5.16e-10	1.79e-05	1.00e+00	2.35e-06	0.00e+00
 3.93372e+13	3.20e-29	6.75e-22	1.67e-15	5.99e-10	1.93e-05	1.00e+00	2.18e-06	0.00e+00
 4.08581e+13	4.63e-29	9.08e-22	2.08e-15	6.95e-10	2.08e-05	1.00e+00	2.02e-06	0.00e+00
 4.25223e+13	6.81e-29	1.24e-21	2.63e-15	8.14e-10	2.25e-05	1.00e+00	1.87e-06	0.00e+00
 4.42145e+13	9.96e-29	1.68e-21	3.31e-15	9.49e-10	2.44e-05	1.00e+00	1.73e-06	0.00e+00
 4.59743e+13	1.46e-28	2.28e-21	4.17e-15	1.11e-09	2.63e-05	1.00e+00	1.60e-06	0.00e+00
 4.77349e+13	2.10e-28	3.05e-21	5.20e-15	1.28e-09	2.84e-05	1.00e+00	1.48e-06	0.00e+00
 4.94020e+13	2.93e-28	3.99e-21	6.36e-15	1.47e-09	3.04e-05	1.00e+00	1.39e-06	0.00e+00
 5.12442e+13	4.19e-28	5.31e-21	7.90e-15	1.70e-09	3.27e-05	1.00e+00	1.29e-06	0.00e+00
 5.30883e+13	5.90e-28	7.00e-21	9.72e-15	1.96e-09	3.51e-05	1.00e+00	1.20e-06	0.00e+00
 5.46187e+13	7.78e-28	8.74e-21	1.15e-14	2.19e-09	3.71e-05	1.00e+00	1.13e-06	0.00e+00
 5.62417e+13	1.03e-27	1.10e-20	1.37e-14	2.46e-09	3.94e-05	1.00e+00	1.07e-06	0.00e+00
 5.83172e+13	1.47e-27	1.46e-20	1.69e-14	2.84e-09	4.24e-05	1.00e+00	9.94e-07	0.00e+00
 6.04964e+13	2.09e-27	1.94e-20	2.10e-14	3.28e-09	4.56e-05	1.00e+00	0.00e+00	0.00e+00
 6.24262e+13	2.84e-27	2.47e-20	2.53e-14	3.72e-09	4.86e-05	1.00e+00	0.00e+00	0.00e+00
 6.45160e+13	3.90e-27	3.20e-20	3.07e-14	4.24e-09	5.19e-05	1.00e+00	0.00e+00	0.00e+00
 6.70262e+13	5.63e-27	4.30e-20	3.84e-14	4.94e-09	5.61e-05	1.00e+00	0.00e+00	0.00e+00
 6.95677e+13	8.07e-27	5.74e-20	4.78e-14	5.72e-09	6.05e-05	1.00e+00	0.00e+00	0.00e+00
 7.19504e+13	1.12e-26	7.45e-20	5.83e-14	6.55e-09	6.48e-05	1.00e+00	0.00e+00	0.00e+00
 7.45980e+13	1.58e-26	9.86e-20	7.21e-14	7.56e-09	6.98e-05	1.00e+00	0.00e+00	0.00e+00
 7.74011e+13	2.25e-26	1.31e-19	8.97e-14	8.76e-09	7.52e-05	1.00e+00	0.00e+00	0.00e+00
 7.98933e+13	3.05e-26	1.68e-19	1.08e-13	9.94e-09	8.02e-05	1.00e+00	0.00e+00	0.00e+00
 8.25763e+13	4.19e-26	2.17e-19	1.31e-13	1.13e-08	8.59e-05	1.00e+00	0.00e+00	0.00e+00
 8.57896e+13	6.03e-26	2.91e-19	1.64e-13	1.32e-08	9.29e-05	1.00e+00	0.00e+00	0.00e+00
 8.89518e+13	8.53e-26	3.85e-19	2.03e-13	1.53e-08	1.00e-04	1.00e+00	0.00e+00	0.00e+00
 9.17706e+13	1.15e-25	4.90e-19	2.45e-13	1.73e-08	1.07e-04	1.00e+00	0.00e+00	0.00e+00
 9.48832e+13	1.58e-25	6.34e-19	2.98e-13	1.98e-08	1.14e-04	1.00e+00	0.00e+00	0.00e+00
 9.85904e+13	2.28e-25	8.52e-19	3.73e-13	2.31e-08	1.24e-04	1.00e+00	0.00e+00	0.00e+00
 1.02269e+14	3.24e-25	1.13e-18	4.63e-13	2.67e-08	1.33e-04	1.00e+00	0.00e+00	0.00e+00
 1.05636e+14	4.42e-25	1.45e-18	5.60e-13	3.04e-08	1.42e-04	1.00e+00	0.00e+00	0.00e+00
 1.09398e+14	6.16e-25	1.90e-18	6.89e-13	3.50e-08	1.53e-04	1.00e+00	0.00e+00	0.00e+00
 1.13771e+14	8.96e-25	2.57e-18	8.68e-13	4.09e-08	1.66e-04	1.00e+00	0.00e+00	0.00e+00
 1.18062e+14	1.28e-24	3.43e-18	1.08e-12	4.75e-08	1.79e-04	1.00e+00	0.00e+00	0.00e+00
 1.22127e+14	1.77e-24	4.45e-18	1.32e-12	5.44e-08	1.92e-04	1.00e+00	0.00e+00	0.00e+00
 1.26644e+14	2.50e-24	5.90e-18	1.63e-12	6.29e-08	2.07e-04	1.00e+00	0.00e+00	0.00e+00
 1.31739e+14	3.64e-24	8.00e-18	2.06e-12	7.36e-08	2.24e-04	1.00e+00	0.00e+00	0.00e+00
 1.36578e+14	5.16e-24	1.06e-17	2.55e-12	8.51e-08	2.42e-04	1.00e+00	0.00e+00	0.00e+00
 1.40991e+14	7.00e-24	1.35e-17	3.08e-12	9.66e-08	2.58e-04	1.00e+00	0.00e+00	0.00e+00
 1.45986e+14	9.78e-24	1.77e-17	3.78e-12	1.11e-07	2.77e-04	1.00e+00	0.00e+00	0.00e+00
 1.51801e+14	1.42e-23	2.40e-17	4.76e-12	1.30e-07	3.00e-04	1.00e+00	0.00e+00	0.00e+00
 1.57376e+14	2.02e-23	3.18e-17	5.90e-12	1.50e-07	3.23e-04	1.00e+00	0.00e+00	0.00e+00
 1.61994e+14	2.67e-23	3.98e-17	7.00e-12	1.68e-07	3.43e-04	1.00e+00	0.00e+00	0.00e+00
 1.66674e+14	3.52e-23	4.97e-17	8.28e-12	1.89e-07	3.63e-04	1.00e+00	0.00e+00	0.00e+00
 1.72721e+14	4.96e-23	6.56e-17	1.02e-11	2.18e-07	3.91e-04	1.00e+00	0.00e+00	0.00e+00
 1.78975e+14	7.00e-23	8.66e-17	1.26e-11	2.51e-07	4.20e-04	1.00e+00	0.00e+00	0.00e+00
 1.84276e+14	9.29e-23	1.09e-16	1.50e-11	2.82e-07	4.46e-04	1.00e+00	0.00e+00	0.00e+00
 1.89908e+14	1.24e-22	1.38e-16	1.79e-11	3.18e-07	4.74e-04	1.00e+00	0.00e+00	0.00e+00
 1.96968e+14	1.77e-22	1.83e-16	2.23e-11	3.68e-07	5.10e-04	9.99e-01	0.00e+00	0.00e+00
 2.04240e+14	2.52e-22	2.43e-16	2.76e-11	4.25e-07	5.49e-04	9.99e-01	0.00e+00	0.00e+00
 2.10642e+14	3.40e-22	3.10e-16	3.32e-11	4.81e-07	5.85e-04	9.99e-01	0.00e+00	0.00e+00
 2.17557e+14	4.66e-22	3.98e-16	4.02e-11	5.47e-07	6.24e-04	9.99e-01	0.00e+00	0.00e+00
 2.25909e+14	6.70e-22	5.34e-16	5.02e-11	6.37e-07	6.75e-04	9.99e-01	0.00e+00	0.00e+00
 2.34196e+14	9.53e-22	7.09e-16	6.22e-11	7.35e-07	7.25e-04	9.99e-01	0.00e+00	0.00e+00
 2.41552e+14	1.28e-21	9.02e-16	7.47e-11	8.32e-07	7.73e-04	9.99e-01	0.00e+00	0.00e+00
 2.49635e+14	1.77e-21	1.17e-15	9.08e-11	9.49e-07	8.26e-04	9.99e-01	0.00e+00	0.00e+00
 2.59303e+14	2.55e-21	1.57e-15	1.14e-10	1.10e-06	8.93e-04	9.99e-01	0.00e+00	0.00e+00
 2.68906e+14	3.63e-21	2.08e-15	1.41e-10	1.28e-06	9.62e-04	9.99e-01	0.00e+00	0.00e+00
 2.77628e+14	4.94e-21	2.67e-15	1.70e-10	1.45e-06	1.03e-03	9.99e-01	0.00e+00	0.00e+00
 2.87330e+14	6.85e-21	3.48e-15	2.09e-10	1.67e-06	1.10e-03	9.99e-01	0.00e+00	0.00e+00
 2.98685e+14	9.95e-21	4.71e-15	2.62e-10	1.95e-06	1.19e-03	9.99e-01	0.00e+00	0.00e+00
 3.09865e+14	1.41e-20	6.25e-15	3.26e-10	2.25e-06	1.29e-03	9.99e-01	0.00e+00	0.00e+00
 3.20345e+14	1.94e-20	8.08e-15	3.97e-10	2.58e-06	1.38e-03	9.99e-01	0.00e+00	0.00e+00
 3.32041e+14	2.73e-20	1.06e-14	4.90e-10	2.97e-06	1.49e-03	9.99e-01	0.00e+00	0.00e+00
 3.45352e+14	3.95e-20	1.44e-14	6.18e-10	3.48e-06	1.61e-03	9.98e-01	0.00e+00	0.00e+00
 3.58608e+14	5.63e-20	1.92e-14	7.71e-10	4.05e-06	1.75e-03	9.98e-01	0.00e+00	0.00e+00
 3.72395e+14	8.00e-20	2.55e-14	9.62e-10	4.72e-06	1.89e-03	9.98e-01	0.00e+00	0.00e+00
 3.84833e+14	1.09e-19	3.28e-14	1.17e-09	5.38e-06	2.03e-03	9.98e-01	0.00e+00	0.00e+00
 3.94198e+14	1.36e-19	3.93e-14	1.34e-09	5.93e-06	2.13e-03	9.98e-01	0.00e+00	0.00e+00
 4.03958e+14	1.70e-19	4.72e-14	1.55e-09	6.54e-06	2.25e-03	9.98e-01	0.00e+00	0.00e+00
 4.16647e+14	2.25e-19	5.95e-14	1.85e-09	7.41e-06	2.40e-03	9.98e-01	0.00e+00	0.00e+00
 4.30441e+14	3.03e-19	7.59e-14	2.24e-09	8.45e-06	2.57e-03	9.97e-01	0.00e+00	0.00e+00
 4.42932e+14	3.92e-19	9.39e-14	2.65e-09	9.49e-06	2.74e-03	9.97e-01	0.00e+00	0.00e+00
 4.56426e+14	5.13e-19	1.17e-13	3.16e-09	1.07e-05	2.92e-03	9.97e-01	0.00e+00	0.00e+00
 4.73350e+14	7.11e-19	1.53e-13	3.90e-09	1.24e-05	3.16e-03	9.97e-01	0.00e+00	0.00e+00
 4.90361e+14	9.72e-19	1.99e-13	4.79e-09	1.43e-05	3.41e-03	9.97e-01	0.00e+00	0.00e+00
 5.04844e+14	1.26e-18	2.46e-13	5.67e-09	1.61e-05	3.64e-03	9.96e-01	0.00e+00	0.00e+00
 5.20410e+14	1.63e-18	3.06e-13	6.75e-09	1.82e-05	3.89e-03	9.96e-01	0.00e+00	0.00e+00
 5.39807e+14	2.25e-18	3.99e-13	8.35e-09	2.11e-05	4.22e-03	9.96e-01	0.00e+00	0.00e+00
 5.59806e+14	3.08e-18	5.19e-13	1.03e-08	2.44e-05	4.58e-03	9.95e-01	0.00e+00	0.00e+00
 5.77627e+14	4.04e-18	6.51e-13	1.24e-08	2.77e-05	4.91e-03	9.95e-01	0.00e+00	0.00e+00
 5.96994e+14	5.33e-18	8.22e-13	1.49e-08	3.16e-05	5.29e-03	9.95e-01	0.00e+00	0.00e+00
 6.20114e+14	7.38e-18	1.08e-12	1.86e-08	3.69e-05	5.75e-03	9.94e-01	0.00e+00	0.00e+00
 6.42889e+14	1.00e-17	1.40e-12	2.29e-08	4.27e-05	6.24e-03	9.94e-01	0.00e+00	0.00e+00
 6.63349e+14	1.30e-17	1.74e-12	2.75e-08	4.84e-05	6.70e-03	9.93e-01	0.00e+00	0.00e+00
 6.86021e+14	1.73e-17	2.21e-12	3.34e-08	5.54e-05	7.23e-03	9.93e-01	0.00e+00	0.00e+00
 7.12828e+14	2.38e-17	2.90e-12	4.17e-08	6.47e-05	7.88e-03	9.92e-01	0.00e+00	0.00e+00
 7.39335e+14	3.23e-17	3.76e-12	5.15e-08	7.49e-05	8.56e-03	9.91e-01	0.00e+00	0.00e+00
 7.63800e+14	4.24e-17	4.73e-12	6.22e-08	8.54e-05	9.22e-03	9.91e-01	0.00e+00	0.00e+00
 7.91279e+14	5.69e-17	6.08e-12	7.64e-08	9.84e-05	9.99e-03	9.90e-01	0.00e+00	0.00e+00
 8.22961e+14	7.88e-17	8.03e-12	9.60e-08	1.15e-04	1.09e-02	9.89e-01	0.00e+00	0.00e+00
 8.53934e+14	1.07e-16	1.04e-11	1.19e-07	1.34e-04	1.19e-02	9.88e-01	0.00e+00	0.00e+00
 8.86147e+14	1.73e-16	1.36e-11	1.48e-07	1.55e-04	1.29e-02	9.87e-01	0.00e+00	0.00e+00
 9.21622e+14	2.43e-16	1.79e-11	1.86e-07	1.82e-04	1.41e-02	9.86e-01	0.00e+00	0.00e+00
 9.51604e+14	3.19e-16	2.25e-11	2.25e-07	2.07e-04	1.52e-02	9.85e-01	0.00e+00	0.00e+00
 9.73475e+14	3.83e-16	2.65e-11	2.57e-07	2.26e-04	1.60e-02	9.84e-01	0.00e+00	0.00e+00
 9.96417e+14	4.67e-16	3.13e-11	2.95e-07	2.48e-04	1.69e-02	9.83e-01	0.00e+00	0.00e+00
 1.02624e+15	6.01e-16	3.87e-11	3.51e-07	2.80e-04	1.80e-02	9.82e-01	0.00e+00	0.00e+00
 1.05915e+15	7.88e-16	4.86e-11	4.23e-07	3.17e-04	1.94e-02	9.80e-01	0.00e+00	0.00e+00
 1.08963e+15	1.00e-15	5.96e-11	5.00e-07	3.56e-04	2.06e-02	9.79e-01	0.00e+00	0.00e+00
 1.12280e+15	1.30e-15	7.41e-11	5.98e-07	4.01e-04	2.21e-02	9.78e-01	0.00e+00	0.00e+00
 1.16008e+15	1.73e-15	9.40e-11	7.27e-07	4.57e-04	2.38e-02	9.76e-01	0.00e+00	0.00e+00
 1.19556e+15	2.24e-15	1.17e-10	8.70e-07	5.16e-04	2.54e-02	9.74e-01	0.00e+00	0.00e+00
 1.23455e+15	2.95e-15	1.48e-10	1.05e-06	5.86e-04	2.73e-02	9.72e-01	0.00e+00	0.00e+00
 1.27829e+15	4.01e-15	1.91e-10	1.30e-06	6.75e-04	2.95e-02	9.70e-01	0.00e+00	0.00e+00
 1.31980e+15	5.28e-15	2.41e-10	1.57e-06	7.66e-04	3.17e-02	9.68e-01	0.00e+00	0.00e+00
 1.36533e+15	7.12e-15	3.10e-10	1.93e-06	8.78e-04	3.42e-02	9.65e-01	0.00e+00	0.00e+00
 1.41644e+15	9.87e-15	4.08e-10	2.41e-06	1.02e-03	3.71e-02	9.62e-01	0.00e+00	0.00e+00
 1.46471e+15	1.32e-14	5.23e-10	2.95e-06	1.16e-03	4.00e-02	9.59e-01	0.00e+00	0.00e+00
 1.51737e+15	1.81e-14	6.81e-10	3.65e-06	1.34e-03	4.32e-02	9.55e-01	0.00e+00	0.00e+00
 1.57598e+15	2.54e-14	9.06e-10	4.59e-06	1.56e-03	4.70e-02	9.51e-01	0.00e+00	0.00e+00
 1.63072e+15	3.44e-14	1.17e-09	5.64e-06	1.79e-03	5.06e-02	9.48e-01	0.00e+00	0.00e+00
 1.68976e+15	4.74e-14	1.53e-09	7.01e-06	2.07e-03	5.47e-02	9.43e-01	0.00e+00	0.00e+00
 1.75588e+15	6.69e-14	2.05e-09	8.85e-06	2.41e-03	5.94e-02	9.38e-01	0.00e+00	0.00e+00
 1.81940e+15	9.23e-14	2.68e-09	1.10e-05	2.78e-03	6.42e-02	9.33e-01	0.00e+00	0.00e+00
 1.88696e+15	1.28e-13	3.54e-09	1.37e-05	3.22e-03	6.94e-02	9.27e-01	0.00e+00	0.00e+00
 1.96247e+15	1.83e-13	4.78e-09	1.74e-05	3.76e-03	7.55e-02	9.21e-01	0.00e+00	0.00e+00
 2.02589e+15	2.45e-13	6.10e-09	2.12e-05	4.28e-03	8.08e-02	9.15e-01	0.00e+00	0.00e+00
 2.07136e+15	2.99e-13	7.22e-09	2.42e-05	4.67e-03	8.47e-02	9.11e-01	0.00e+00	0.00e+00
 2.11861e+15	3.67e-13	8.59e-09	2.78e-05	5.11e-03	8.89e-02	9.06e-01	0.00e+00	0.00e+00
 2.18004e+15	4.77e-13	1.07e-08	3.31e-05	5.72e-03	9.43e-02	9.00e-01	0.00e+00	0.00e+00
 2.24863e+15	6.32e-13	1.36e-08	4.00e-05	6.48e-03	1.01e-01	8.93e-01	0.00e+00	0.00e+00
 2.31298e+15	8.19e-13	1.68e-08	4.75e-05	7.24e-03	1.07e-01	8.86e-01	0.00e+00	0.00e+00
 2.38305e+15	1.08e-12	2.12e-08	5.70e-05	8.16e-03	1.13e-01	8.78e-01	0.00e+00	0.00e+00
 2.46133e+15	1.45e-12	2.72e-08	6.94e-05	9.28e-03	1.21e-01	8.69e-01	0.00e+00	0.00e+00
 2.53489e+15	1.89e-12	3.41e-08	8.29e-05	1.04e-02	1.29e-01	8.61e-01	0.00e+00	0.00e+00
 2.61509e+15	2.52e-12	4.33e-08	1.00e-04	1.18e-02	1.37e-01	8.51e-01	0.00e+00	0.00e+00
 2.70517e+15	3.43e-12	5.62e-08	1.23e-04	1.34e-02	1.46e-01	8.40e-01	0.00e+00	0.00e+00
 2.79093e+15	4.56e-12	7.14e-08	1.49e-04	1.52e-02	1.56e-01	8.29e-01	0.00e+00	0.00e+00
 2.88529e+15	6.19e-12	9.22e-08	1.82e-04	1.73e-02	1.66e-01	8.16e-01	0.00e+00	0.00e+00
 2.98973e+15	8.54e-12	1.21e-07	2.25e-04	1.98e-02	1.78e-01	8.02e-01	0.00e+00	0.00e+00
 3.08649e+15	1.14e-11	1.55e-07	2.73e-04	2.24e-02	1.89e-01	7.88e-01	0.00e+00	0.00e+00
 3.19151e+15	1.56e-11	2.00e-07	3.34e-04	2.55e-02	2.01e-01	7.73e-01	0.00e+00	0.00e+00
 3.30820e+15	2.17e-11	2.64e-07	4.13e-04	2.93e-02	2.14e-01	7.56e-01	0.00e+00	0.00e+00
 3.41688e+15	2.91e-11	3.38e-07	5.01e-04	3.31e-02	2.27e-01	7.39e-01	0.00e+00	0.00e+00
 3.53495e+15	3.98e-11	4.39e-07	6.13e-04	3.76e-02	2.41e-01	7.21e-01	0.00e+00	0.00e+00
 3.66110e+15	5.46e-11	5.72e-07	7.54e-04	4.28e-02	2.56e-01	7.01e-01	0.00e+00	0.00e+00
 3.77237e+15	7.16e-11	7.18e-07	8.98e-04	4.78e-02	2.68e-01	6.83e-01	0.00e+00	0.00e+00
 3.86831e+15	8.97e-11	8.68e-07	1.04e-03	5.24e-02	2.80e-01	6.67e-01	0.00e+00	0.00e+00
 3.96972e+15	1.14e-10	1.06e-06	1.21e-03	5.76e-02	2.91e-01	6.50e-01	0.00e+00	0.00e+00
 4.08304e+15	1.46e-10	1.30e-06	1.42e-03	6.37e-02	3.04e-01	6.31e-01	0.00e+00	0.00e+00
 4.19077e+15	1.85e-10	1.58e-06	1.65e-03	6.98e-02	3.15e-01	6.13e-01	0.00e+00	0.00e+00
 4.30974e+15	2.39e-10	1.96e-06	1.95e-03	7.71e-02	3.28e-01	5.93e-01	0.00e+00	0.00e+00
 4.43902e+15	3.10e-10	2.44e-06	2.30e-03	8.54e-02	3.41e-01	5.71e-01	0.00e+00	0.00e+00
 4.55779e+15	3.91e-10	2.96e-06	2.67e-03	9.34e-02	3.53e-01	5.51e-01	0.00e+00	0.00e+00
 4.68823e+15	5.05e-10	3.65e-06	3.14e-03	1.03e-01	3.65e-01	5.29e-01	0.00e+00	0.00e+00
 4.83223e+15	6.59e-10	4.55e-06	3.71e-03	1.14e-01	3.78e-01	5.05e-01	0.00e+00	0.00e+00
 4.96800e+15	8.39e-10	5.56e-06	4.32e-03	1.24e-01	3.89e-01	4.82e-01	0.00e+00	0.00e+00
 5.11864e+15	1.10e-09	6.94e-06	5.11e-03	1.37e-01	4.01e-01	4.57e-01	0.00e+00	0.00e+00
 5.28087e+15	1.44e-09	8.65e-06	6.05e-03	1.51e-01	4.12e-01	4.31e-01	0.00e+00	0.00e+00
 5.42620e+15	1.81e-09	1.05e-05	7.00e-03	1.64e-01	4.20e-01	4.09e-01	0.00e+00	0.00e+00
 5.58318e+15	2.34e-09	1.29e-05	8.18e-03	1.79e-01	4.29e-01	3.84e-01	0.00e+00	0.00e+00
 5.75618e+15	3.03e-09	1.60e-05	9.63e-03	1.96e-01	4.36e-01	3.59e-01	0.00e+00	0.00e+00
 5.91578e+15	3.82e-09	1.93e-05	1.11e-02	2.11e-01	4.42e-01	3.36e-01	0.00e+00	0.00e+00
 6.08904e+15	4.94e-09	2.38e-05	1.30e-02	2.30e-01	4.46e-01	3.11e-01	0.00e+00	0.00e+00
 6.27722e+15	6.38e-09	2.93e-05	1.52e-02	2.49e-01	4.49e-01	2.86e-01	0.00e+00	0.00e+00
 6.43863e+15	7.86e-09	3.47e-05	1.73e-02	2.66e-01	4.50e-01	2.66e-01	0.00e+00	0.00e+00
 6.57899e+15	9.45e-09	4.03e-05	1.93e-02	2.81e-01	4.50e-01	2.49e-01	0.00e+00	0.00e+00
 6.73819e+15	1.17e-08	4.78e-05	2.19e-02	2.99e-01	4.49e-01	2.30e-01	0.00e+00	0.00e+00
 6.91677e+15	1.46e-08	5.72e-05	2.51e-02	3.19e-01	4.46e-01	2.10e-01	0.00e+00	0.00e+00
 7.08165e+15	1.78e-08	6.71e-05	2.83e-02	3.37e-01	4.41e-01	1.93e-01	0.00e+00	0.00e+00
 7.23145e+15	2.13e-08	7.76e-05	3.15e-02	3.54e-01	4.36e-01	1.79e-01	0.00e+00	0.00e+00
 7.40052e+15	2.64e-08	9.18e-05	3.56e-02	3.73e-01	4.29e-01	1.62e-01	0.00e+00	0.00e+00
 7.58362e+15	3.27e-08	1.09e-04	4.04e-02	3.93e-01	4.21e-01	1.46e-01	0.00e+00	0.00e+00
 7.74705e+15	3.94e-08	1.26e-04	4.51e-02	4.10e-01	4.12e-01	1.33e-01	0.00e+00	0.00e+00
 7.89870e+15	4.70e-08	1.45e-04	4.99e-02	4.27e-01	4.02e-01	1.21e-01	0.00e+00	0.00e+00
 8.07296e+15	5.79e-08	1.71e-04	5.61e-02	4.45e-01	3.90e-01	1.08e-01	0.00e+00	0.00e+00
 8.25994e+15	7.18e-08	2.03e-04	6.34e-02	4.64e-01	3.76e-01	9.57e-02	0.00e+00	0.00e+00
 8.42287e+15	8.62e-08	2.34e-04	7.03e-02	4.80e-01	3.64e-01	8.58e-02	0.00e+00	0.00e+00
 8.57079e+15	1.02e-07	2.68e-04	7.74e-02	4.94e-01	3.51e-01	7.72e-02	0.00e+00	0.00e+00
 8.73977e+15	1.25e-07	3.13e-04	8.64e-02	5.10e-01	3.36e-01	6.80e-02	0.00e+00	0.00e+00
 8.92085e+15	1.56e-07	3.70e-04	9.71e-02	5.25e-01	3.19e-01	5.90e-02	0.00e+00	0.00e+00
 9.07673e+15	1.86e-07	4.26e-04	1.07e-01	5.37e-01	3.03e-01	5.20e-02	0.00e+00	0.00e+00
 9.21509e+15	2.21e-07	4.85e-04	1.17e-01	5.47e-01	2.89e-01	4.62e-02	0.00e+00	0.00e+00
 9.37163e+15	2.68e-07	5.63e-04	1.30e-01	5.58e-01	2.72e-01	4.00e-02	0.00e+00	0.00e+00
 9.53905e+15	3.34e-07	6.66e-04	1.45e-01	5.67e-01	2.54e-01	3.40e-02	0.00e+00	0.00e+00
 9.67691e+15	3.96e-07	7.59e-04	1.58e-01	5.73e-01	2.38e-01	2.96e-02	0.00e+00	0.00e+00
 9.78981e+15	4.60e-07	8.49e-04	1.70e-01	5.77e-01	2.25e-01	2.62e-02	0.00e+00	0.00e+00
 9.91400e+15	5.26e-07	9.45e-04	1.85e-01	5.81e-01	2.11e-01	2.29e-02	0.00e+00	0.00e+00
 1.00754e+16	7.01e-07	1.17e-03	2.07e-01	5.83e-01	1.91e-01	1.84e-02	0.00e+00	0.00e+00
 1.02165e+16	8.44e-07	1.34e-03	2.27e-01	5.82e-01	1.74e-01	1.54e-02	0.00e+00	0.00e+00
 1.02956e+16	9.43e-07	1.46e-03	2.39e-01	5.81e-01	1.65e-01	1.38e-02	0.00e+00	0.00e+00
 1.03630e+16	1.05e-06	1.59e-03	2.51e-01	5.79e-01	1.56e-01	1.24e-02	0.00e+00	0.00e+00
 1.04506e+16	1.17e-06	1.72e-03	2.65e-01	5.77e-01	1.45e-01	1.09e-02	0.00e+00	0.00e+00
 1.05489e+16	1.37e-06	1.93e-03	2.84e-01	5.72e-01	1.33e-01	9.20e-03	0.00e+00	0.00e+00
 1.06317e+16	1.63e-06	2.19e-03	3.01e-01	5.66e-01	1.22e-01	7.85e-03	0.00e+00	0.00e+00
 1.06887e+16	1.79e-06	2.35e-03	3.13e-01	5.62e-01	1.15e-01	7.04e-03	0.00e+00	0.00e+00
 1.07414e+16	1.93e-06	2.49e-03	3.24e-01	5.58e-01	1.09e-01	6.33e-03	0.00e+00	0.00e+00
 1.08099e+16	2.18e-06	2.72e-03	3.40e-01	5.52e-01	1.00e-01	5.46e-03	0.00e+00	0.00e+00
 1.08832e+16	2.49e-06	3.00e-03	3.57e-01	5.44e-01	9.17e-02	4.61e-03	0.00e+00	0.00e+00
 1.09455e+16	2.90e-06	3.34e-03	3.73e-01	5.36e-01	8.40e-02	3.92e-03	0.00e+00	0.00e+00
 1.09945e+16	3.18e-06	3.57e-03	3.85e-01	5.30e-01	7.83e-02	3.45e-03	0.00e+00	0.00e+00
 1.10434e+16	3.45e-06	3.79e-03	3.97e-01	5.23e-01	7.28e-02	3.03e-03	0.00e+00	0.00e+00
 1.11071e+16	4.04e-06	4.24e-03	4.15e-01	5.13e-01	6.53e-02	2.48e-03	0.00e+00	0.00e+00
 1.11690e+16	4.47e-06	4.56e-03	4.30e-01	5.04e-01	5.90e-02	2.07e-03	0.00e+00	0.00e+00
 1.12286e+16	5.10e-06	5.02e-03	4.47e-01	4.94e-01	5.26e-02	1.69e-03	0.00e+00	0.00e+00
 1.12906e+16	5.85e-06	5.53e-03	4.64e-01	4.83e-01	4.66e-02	1.35e-03	0.00e+00	0.00e+00
 1.13423e+16	6.76e-06	6.11e-03	4.79e-01	4.72e-01	4.16e-02	1.10e-03	0.00e+00	0.00e+00
 1.13859e+16	7.29e-06	6.46e-03	4.90e-01	4.65e-01	3.79e-02	9.36e-04	0.00e+00	0.00e+00
 1.14322e+16	8.34e-06	7.08e-03	5.04e-01	4.55e-01	3.38e-02	7.58e-04	0.00e+00	0.00e+00
 1.14838e+16	9.40e-06	7.71e-03	5.18e-01	4.44e-01	2.98e-02	6.04e-04	0.00e+00	0.00e+00
 1.15422e+16	1.08e-05	8.48e-03	5.33e-01	4.32e-01	2.56e-02	4.60e-04	0.00e+00	0.00e+00
 1.16056e+16	1.25e-05	9.42e-03	5.50e-01	4.19e-01	2.16e-02	3.39e-04	0.00e+00	0.00e+00
 1.16633e+16	1.44e-05	1.04e-02	5.65e-01	4.06e-01	1.83e-02	2.53e-04	0.00e+00	0.00e+00
 1.17260e+16	1.68e-05	1.15e-02	5.81e-01	3.93e-01	1.52e-02	1.80e-04	0.00e+00	0.00e+00
 1.17831e+16	1.90e-05	1.26e-02	5.94e-01	3.81e-01	1.29e-02	1.34e-04	0.00e+00	0.00e+00
 1.18215e+16	2.08e-05	1.34e-02	6.02e-01	3.73e-01	1.14e-02	1.09e-04	0.00e+00	0.00e+00
 1.18599e+16	2.29e-05	1.43e-02	6.11e-01	3.64e-01	1.01e-02	8.73e-05	0.00e+00	0.00e+00
 1.19099e+16	2.57e-05	1.55e-02	6.22e-01	3.54e-01	8.60e-03	6.53e-05	0.00e+00	0.00e+00
 1.19643e+16	2.92e-05	1.69e-02	6.34e-01	3.42e-01	7.23e-03	4.78e-05	0.00e+00	0.00e+00
 1.20141e+16	3.28e-05	1.82e-02	6.44e-01	3.32e-01	6.17e-03	3.59e-05	0.00e+00	0.00e+00
 1.20684e+16	3.72e-05	1.98e-02	6.55e-01	3.20e-01	5.15e-03	2.59e-05	0.00e+00	0.00e+00
 1.21288e+16	4.28e-05	2.18e-02	6.66e-01	3.08e-01	4.23e-03	1.82e-05	0.00e+00	0.00e+00
 1.21833e+16	4.84e-05	2.37e-02	6.76e-01	2.97e-01	3.55e-03	1.32e-05	0.00e+00	0.00e+00
 1.22320e+16	5.42e-05	2.56e-02	6.84e-01	2.87e-01	3.02e-03	9.93e-06	0.00e+00	0.00e+00
 1.22867e+16	6.15e-05	2.78e-02	6.94e-01	2.76e-01	2.52e-03	7.13e-06	0.00e+00	0.00e+00
 1.23472e+16	7.09e-05	3.06e-02	7.04e-01	2.63e-01	2.06e-03	4.98e-06	0.00e+00	0.00e+00
 1.24020e+16	8.05e-05	3.33e-02	7.12e-01	2.52e-01	1.73e-03	3.62e-06	0.00e+00	0.00e+00
 1.24515e+16	9.05e-05	3.60e-02	7.20e-01	2.43e-01	1.47e-03	2.70e-06	0.00e+00	0.00e+00
 1.25071e+16	1.03e-04	3.93e-02	7.28e-01	2.31e-01	1.21e-03	1.93e-06	0.00e+00	0.00e+00
 1.25672e+16	1.20e-04	4.33e-02	7.36e-01	2.19e-01	9.94e-04	1.35e-06	0.00e+00	0.00e+00
 1.26201e+16	1.36e-04	4.72e-02	7.43e-01	2.09e-01	8.34e-04	9.87e-07	0.00e+00	0.00e+00
 1.26675e+16	1.53e-04	5.11e-02	7.48e-01	2.00e-01	7.12e-04	0.00e+00	0.00e+00	0.00e+00
 1.27208e+16	1.75e-04	5.58e-02	7.54e-01	1.89e-01	5.91e-04	0.00e+00	0.00e+00	0.00e+00
 1.27787e+16	2.04e-04	6.15e-02	7.60e-01	1.78e-01	4.85e-04	0.00e+00	0.00e+00	0.00e+00
 1.28295e+16	2.33e-04	6.73e-02	7.64e-01	1.68e-01	4.06e-04	0.00e+00	0.00e+00	0.00e+00
 1.28746e+16	2.63e-04	7.29e-02	7.67e-01	1.59e-01	3.46e-04	0.00e+00	0.00e+00	0.00e+00
 1.29248e+16	3.02e-04	7.97e-02	7.70e-01	1.50e-01	2.88e-04	0.00e+00	0.00e+00	0.00e+00
 1.29802e+16	3.52e-04	8.82e-02	7.72e-01	1.39e-01	2.35e-04	0.00e+00	0.00e+00	0.00e+00
 1.30290e+16	4.06e-04	9.67e-02	7.73e-01	1.30e-01	1.96e-04	0.00e+00	0.00e+00	0.00e+00
 1.30710e+16	4.60e-04	1.05e-01	7.72e-01	1.22e-01	1.67e-04	0.00e+00	0.00e+00	0.00e+00
 1.31173e+16	5.28e-04	1.15e-01	7.71e-01	1.14e-01	1.38e-04	0.00e+00	0.00e+00	0.00e+00
 1.31685e+16	6.18e-04	1.27e-01	7.68e-01	1.04e-01	1.13e-04	0.00e+00	0.00e+00	0.00e+00
 1.32149e+16	7.15e-04	1.39e-01	7.64e-01	9.62e-02	9.29e-05	0.00e+00	0.00e+00	0.00e+00
 1.32555e+16	8.16e-04	1.52e-01	7.58e-01	8.91e-02	7.80e-05	0.00e+00	0.00e+00	0.00e+00
 1.32998e+16	9.44e-04	1.66e-01	7.51e-01	8.15e-02	6.39e-05	0.00e+00	0.00e+00	0.00e+00
 1.33488e+16	1.11e-03	1.85e-01	7.41e-01	7.34e-02	5.09e-05	0.00e+00	0.00e+00	0.00e+00
 1.33930e+16	1.30e-03	2.03e-01	7.29e-01	6.63e-02	4.12e-05	0.00e+00	0.00e+00	0.00e+00
 1.34322e+16	1.49e-03	2.22e-01	7.16e-01	6.02e-02	3.38e-05	0.00e+00	0.00e+00	0.00e+00
 1.34760e+16	1.75e-03	2.45e-01	7.00e-01	5.35e-02	2.68e-05	0.00e+00	0.00e+00	0.00e+00
 1.35245e+16	2.11e-03	2.73e-01	6.78e-01	4.65e-02	2.05e-05	0.00e+00	0.00e+00	0.00e+00
 1.35689e+16	2.50e-03	3.03e-01	6.54e-01	4.04e-02	1.58e-05	0.00e+00	0.00e+00	0.00e+00
 1.36091e+16	2.92e-03	3.33e-01	6.29e-01	3.51e-02	1.23e-05	0.00e+00	0.00e+00	0.00e+00
 1.36543e+16	3.50e-03	3.69e-01	5.98e-01	2.95e-02	9.06e-06	0.00e+00	0.00e+00	0.00e+00
 1.37036e+16	4.30e-03	4.14e-01	5.58e-01	2.39e-02	6.35e-06	0.00e+00	0.00e+00	0.00e+00
 1.37462e+16	5.18e-03	4.57e-01	5.18e-01	1.94e-02	4.54e-06	0.00e+00	0.00e+00	0.00e+00
 1.37821e+16	6.04e-03	4.97e-01	4.81e-01	1.60e-02	3.33e-06	0.00e+00	0.00e+00	0.00e+00
 1.38210e+16	7.16e-03	5.41e-01	4.39e-01	1.27e-02	2.33e-06	0.00e+00	0.00e+00	0.00e+00
 1.38610e+16	8.57e-03	5.90e-01	3.92e-01	9.73e-03	1.55e-06	0.00e+00	0.00e+00	0.00e+00
 1.38920e+16	9.93e-03	6.30e-01	3.53e-01	7.68e-03	1.09e-06	0.00e+00	0.00e+00	0.00e+00
 1.39167e+16	1.12e-02	6.61e-01	3.21e-01	6.28e-03	8.14e-07	0.00e+00	0.00e+00	0.00e+00
 1.39433e+16	1.26e-02	6.95e-01	2.88e-01	4.96e-03	0.00e+00	0.00e+00	0.00e+00	0.00e+00
 1.39733e+16	1.45e-02	7.32e-01	2.50e-01	3.70e-03	0.00e+00	0.00e+00	0.00e+00	0.00e+00
 1.40004e+16	1.66e-02	7.65e-01	2.16e-01	2.76e-03	0.00e+00	0.00e+00	0.00e+00	0.00e+00
 1.40230e+16	1.86e-02	7.91e-01	1.88e-01	2.11e-03	0.00e+00	0.00e+00	0.00e+00	0.00e+00
 1.40470e+16	2.10e-02	8.16e-01	1.61e-01	1.56e-03	0.00e+00	0.00e+00	0.00e+00	0.00e+00
 1.40728e+16	2.39e-02	8.41e-01	1.34e-01	1.09e-03	0.00e+00	0.00e+00	0.00e+00	0.00e+00
 1.40949e+16	2.69e-02	8.61e-01	1.12e-01	7.81e-04	0.00e+00	0.00e+00	0.00e+00	0.00e+00
 1.41131e+16	2.97e-02	8.74e-01	9.52e-02	5.81e-04	0.00e+00	0.00e+00	0.00e+00	0.00e+00
 1.41327e+16	3.31e-02	8.87e-01	7.94e-02	4.15e-04	0.00e+00	0.00e+00	0.00e+00	0.00e+00
 1.41546e+16	3.73e-02	8.99e-01	6.38e-02	2.78e-04	0.00e+00	0.00e+00	0.00e+00	0.00e+00
 1.41742e+16	4.19e-02	9.07e-01	5.14e-02	1.88e-04	0.00e+00	0.00e+00	0.00e+00	0.00e+00
 1.41907e+16	4.62e-02	9.11e-01	4.23e-02	1.33e-04	0.00e+00	0.00e+00	0.00e+00	0.00e+00
 1.42083e+16	5.13e-02	9.15e-01	3.40e-02	8.96e-05	0.00e+00	0.00e+00	0.00e+00	0.00e+00
 1.42273e+16	5.76e-02	9.16e-01	2.65e-02	5.73e-05	0.00e+00	0.00e+00	0.00e+00	0.00e+00
 1.42441e+16	6.44e-02	9.15e-01	2.09e-02	3.76e-05	0.00e+00	0.00e+00	0.00e+00	0.00e+00
 1.42582e+16	7.06e-02	9.13e-01	1.69e-02	2.58e-05	0.00e+00	0.00e+00	0.00e+00	0.00e+00
 1.42725e+16	7.75e-02	9.09e-01	1.36e-02	1.74e-05	0.00e+00	0.00e+00	0.00e+00	0.00e+00
 1.42874e+16	8.53e-02	9.04e-01	1.06e-02	1.14e-05	0.00e+00	0.00e+00	0.00e+00	0.00e+00
 1.43006e+16	9.35e-02	8.98e-01	8.49e-03	7.63e-06	0.00e+00	0.00e+00	0.00e+00	0.00e+00
 1.43115e+16	1.01e-01	8.92e-01	7.01e-03	5.43e-06	0.00e+00	0.00e+00	0.00e+00	0.00e+00
 1.43215e+16	1.08e-01	8.87e-01	5.85e-03	3.95e-06	0.00e+00	0.00e+00	0.00e+00	0.00e+00
 1.43311e+16	1.15e-01	8.80e-01	4.89e-03	2.87e-06	0.00e+00	0.00e+00	0.00e+00	0.00e+00
 1.43407e+16	1.23e-01	8.73e-01	4.07e-03	2.08e-06	0.00e+00	0.00e+00	0.00e+00	0.00e+00
 1.43498e+16	1.30e-01	8.66e-01	3.40e-03	1.52e-06	0.00e+00	0.00e+00	0.00e+00	0.00e+00
 1.43568e+16	1.36e-01	8.61e-01	2.96e-03	1.19e-06	0.00e+00	0.00e+00	0.00e+00	0.00e+00
 1.43613e+16	1.40e-01	8.57e-01	2.71e-03	1.02e-06	0.00e+00	0.00e+00	0.00e+00	0.00e+00
 1.43652e+16	1.44e-01	8.54e-01	2.50e-03	8.82e-07	0.00e+00	0.00e+00	0.00e+00	0.00e+00
 1.43700e+16	1.49e-01	8.49e-01	2.27e-03	0.00e+00	0.00e+00	0.00e+00	0.00e+00	0.00e+00
 1.43752e+16	1.54e-01	8.44e-01	2.03e-03	0.00e+00	0.00e+00	0.00e+00	0.00e+00	0.00e+00
 1.43803e+16	1.59e-01	8.39e-01	1.82e-03	0.00e+00	0.00e+00	0.00e+00	0.00e+00	0.00e+00
 1.43850e+16	1.64e-01	8.34e-01	1.65e-03	0.00e+00	0.00e+00	0.00e+00	0.00e+00	0.00e+00
 1.43896e+16	1.69e-01	8.30e-01	1.49e-03	0.00e+00	0.00e+00	0.00e+00	0.00e+00	0.00e+00
 1.43943e+16	1.74e-01	8.25e-01	1.35e-03	0.00e+00	0.00e+00	0.00e+00	0.00e+00	0.00e+00
 1.43989e+16	1.79e-01	8.19e-01	1.22e-03	0.00e+00	0.00e+00	0.00e+00	0.00e+00	0.00e+00
 1.44036e+16	1.85e-01	8.14e-01	1.10e-03	0.00e+00	0.00e+00	0.00e+00	0.00e+00	0.00e+00
 1.44081e+16	1.90e-01	8.09e-01	9.89e-04	0.00e+00	0.00e+00	0.00e+00	0.00e+00	0.00e+00
 1.44127e+16	1.96e-01	8.03e-01	8.92e-04	0.00e+00	0.00e+00	0.00e+00	0.00e+00	0.00e+00
 1.44172e+16	2.01e-01	7.98e-01	8.04e-04	0.00e+00	0.00e+00	0.00e+00	0.00e+00	0.00e+00
 1.44216e+16	2.07e-01	7.92e-01	7.25e-04	0.00e+00	0.00e+00	0.00e+00	0.00e+00	0.00e+00
 1.44260e+16	2.13e-01	7.86e-01	6.54e-04	0.00e+00	0.00e+00	0.00e+00	0.00e+00	0.00e+00
 1.44304e+16	2.19e-01	7.80e-01	5.89e-04	0.00e+00	0.00e+00	0.00e+00	0.00e+00	0.00e+00
 1.44348e+16	2.25e-01	7.74e-01	5.30e-04	0.00e+00	0.00e+00	0.00e+00	0.00e+00	0.00e+00
 1.44391e+16	2.32e-01	7.68e-01	4.77e-04	0.00e+00	0.00e+00	0.00e+00	0.00e+00	0.00e+00
 1.44434e+16	2.38e-01	7.61e-01	4.30e-04	0.00e+00	0.00e+00	0.00e+00	0.00e+00	0.00e+00
 1.44477e+16	2.45e-01	7.55e-01	3.87e-04	0.00e+00	0.00e+00	0.00e+00	0.00e+00	0.00e+00
 1.44520e+16	2.52e-01	7.48e-01	3.48e-04	0.00e+00	0.00e+00	0.00e+00	0.00e+00	0.00e+00
 1.44563e+16	2.59e-01	7.41e-01	3.12e-04	0.00e+00	0.00e+00	0.00e+00	0.00e+00	0.00e+00
 1.44605e+16	2.67e-01	7.33e-01	2.81e-04	0.00e+00	0.00e+00	0.00e+00	0.00e+00	0.00e+00
 1.44647e+16	2.74e-01	7.26e-01	2.52e-04	0.00e+00	0.00e+00	0.00e+00	0.00e+00	0.00e+00
 1.44689e+16	2.82e-01	7.18e-01	2.26e-04	0.00e+00	0.00e+00	0.00e+00	0.00e+00	0.00e+00
 1.44731e+16	2.91e-01	7.09e-01	2.03e-04	0.00e+00	0.00e+00	0.00e+00	0.00e+00	0.00e+00
 1.44772e+16	2.99e-01	7.01e-01	1.82e-04	0.00e+00	0.00e+00	0.00e+00	0.00e+00	0.00e+00
 1.44814e+16	3.09e-01	6.91e-01	1.63e-04	0.00e+00	0.00e+00	0.00e+00	0.00e+00	0.00e+00
 1.44854e+16	3.18e-01	6.82e-01	1.46e-04	0.00e+00	0.00e+00	0.00e+00	0.00e+00	0.00e+00
 1.44894e+16	3.27e-01	6.72e-01	1.31e-04	0.00e+00	0.00e+00	0.00e+00	0.00e+00	0.00e+00
 1.44934e+16	3.37e-01	6.62e-01	1.18e-04	0.00e+00	0.00e+00	0.00e+00	0.00e+00	0.00e+00
 1.44973e+16	3.48e-01	6.52e-01	1.06e-04	0.00e+00	0.00e+00	0.00e+00	0.00e+00	0.00e+00
 1.45012e+16	3.59e-01	6.41e-01	9.50e-05	0.00e+00	0.00e+00	0.00e+00	0.00e+00	0.00e+00
 1.45051e+16	3.70e-01	6.30e-01	8.53e-05	0.00e+00	0.00e+00	0.00e+00	0.00e+00	0.00e+00
 1.45089e+16	3.83e-01	6.17e-01	7.65e-05	0.00e+00	0.00e+00	0.00e+00	0.00e+00	0.00e+00
 1.45128e+16	3.96e-01	6.04e-01	6.87e-05	0.00e+00	0.00e+00	0.00e+00	0.00e+00	0.00e+00
 1.45166e+16	4.10e-01	5.90e-01	6.16e-05	0.00e+00	0.00e+00	0.00e+00	0.00e+00	0.00e+00
 1.45204e+16	4.22e-01	5.78e-01	5.52e-05	0.00e+00	0.00e+00	0.00e+00	0.00e+00	0.00e+00
 1.45243e+16	4.38e-01	5.62e-01	4.94e-05	0.00e+00	0.00e+00	0.00e+00	0.00e+00	0.00e+00
 1.45282e+16	4.53e-01	5.47e-01	4.41e-05	0.00e+00	0.00e+00	0.00e+00	0.00e+00	0.00e+00
 1.45320e+16	4.69e-01	5.31e-01	3.93e-05	0.00e+00	0.00e+00	0.00e+00	0.00e+00	0.00e+00
 1.45359e+16	4.86e-01	5.14e-01	3.51e-05	0.00e+00	0.00e+00	0.00e+00	0.00e+00	0.00e+00
 1.45399e+16	5.06e-01	4.94e-01	3.10e-05	0.00e+00	0.00e+00	0.00e+00	0.00e+00	0.00e+00
 1.45439e+16	5.25e-01	4.75e-01	2.75e-05	0.00e+00	0.00e+00	0.00e+00	0.00e+00	0.00e+00
 1.45479e+16	5.45e-01	4.55e-01	2.44e-05	0.00e+00	0.00e+00	0.00e+00	0.00e+00	0.00e+00
 1.45521e+16	5.66e-01	4.34e-01	2.15e-05	0.00e+00	0.00e+00	0.00e+00	0.00e+00	0.00e+00
 1.45564e+16	5.88e-01	4.12e-01	1.89e-05	0.00e+00	0.00e+00	0.00e+00	0.00e+00	0.00e+00
 1.45608e+16	6.10e-01	3.90e-01	1.66e-05	0.00e+00	0.00e+00	0.00e+00	0.00e+00	0.00e+00
 1.45653e+16	6.33e-01	3.67e-01	1.45e-05	0.00e+00	0.00e+00	0.00e+00	0.00e+00	0.00e+00
 1.45700e+16	6.56e-01	3.44e-01	1.26e-05	0.00e+00	0.00e+00	0.00e+00	0.00e+00	0.00e+00
 1.45742e+16	6.77e-01	3.23e-01	1.12e-05	0.00e+00	0.00e+00	0.00e+00	0.00e+00	0.00e+00
 1.45776e+16	6.92e-01	3.08e-01	1.02e-05	0.00e+00	0.00e+00	0.00e+00	0.00e+00	0.00e+00
 1.45808e+16	7.07e-01	2.93e-01	9.27e-06	0.00e+00	0.00e+00	0.00e+00	0.00e+00	0.00e+00
 1.45843e+16	7.21e-01	2.79e-01	8.44e-06	0.00e+00	0.00e+00	0.00e+00	0.00e+00	0.00e+00
 1.45881e+16	7.38e-01	2.62e-01	7.58e-06	0.00e+00	0.00e+00	0.00e+00	0.00e+00	0.00e+00
 1.45918e+16	7.52e-01	2.48e-01	6.90e-06	0.00e+00	0.00e+00	0.00e+00	0.00e+00	0.00e+00
 1.45954e+16	7.65e-01	2.35e-01	6.28e-06	0.00e+00	0.00e+00	0.00e+00	0.00e+00	0.00e+00
 1.45992e+16	7.79e-01	2.21e-01	5.71e-06	0.00e+00	0.00e+00	0.00e+00	0.00e+00	0.00e+00
 1.46030e+16	7.91e-01	2.09e-01	5.21e-06	0.00e+00	0.00e+00	0.00e+00	0.00e+00	0.00e+00
 1.46068e+16	8.03e-01	1.97e-01	4.75e-06	0.00e+00	0.00e+00	0.00e+00	0.00e+00	0.00e+00
 1.46108e+16	8.15e-01	1.85e-01	4.34e-06	0.00e+00	0.00e+00	0.00e+00	0.00e+00	0.00e+00
 1.46149e+16	8.25e-01	1.75e-01	3.98e-06	0.00e+00	0.00e+00	0.00e+00	0.00e+00	0.00e+00
 1.46191e+16	8.35e-01	1.65e-01	3.64e-06	0.00e+00	0.00e+00	0.00e+00	0.00e+00	0.00e+00
 1.46236e+16	8.45e-01	1.55e-01	3.33e-06	0.00e+00	0.00e+00	0.00e+00	0.00e+00	0.00e+00
 1.46282e+16	8.55e-01	1.45e-01	3.04e-06	0.00e+00	0.00e+00	0.00e+00	0.00e+00	0.00e+00
 1.46332e+16	8.63e-01	1.37e-01	2.80e-06	0.00e+00	0.00e+00	0.00e+00	0.00e+00	0.00e+00
 1.46385e+16	8.71e-01	1.29e-01	2.56e-06	0.00e+00	0.00e+00	0.00e+00	0.00e+00	0.00e+00
 1.46440e+16	8.79e-01	1.21e-01	2.36e-06	0.00e+00	0.00e+00	0.00e+00	0.00e+00	0.00e+00
 1.46500e+16	8.86e-01	1.14e-01	2.17e-06	0.00e+00	0.00e+00	0.00e+00	0.00e+00	0.00e+00
 1.46564e+16	8.93e-01	1.07e-01	1.99e-06	0.00e+00	0.00e+00	0.00e+00	0.00e+00	0.00e+00
 1.46633e+16	8.99e-01	1.01e-01	1.84e-06	0.00e+00	0.00e+00	0.00e+00	0.00e+00	0.00e+00
 1.46708e+16	9.05e-01	9.51e-02	1.69e-06	0.00e+00	0.00e+00	0.00e+00	0.00e+00	0.00e+00
 1.46790e+16	9.10e-01	8.95e-02	1.56e-06	0.00e+00	0.00e+00	0.00e+00	0.00e+00	0.00e+00
 1.46881e+16	9.16e-01	8.42e-02	1.44e-06	0.00e+00	0.00e+00	0.00e+00	0.00e+00	0.00e+00
 1.46980e+16	9.21e-01	7.92e-02	1.32e-06	0.00e+00	0.00e+00	0.00e+00	0.00e+00	0.00e+00
 1.47090e+16	9.26e-01	7.44e-02	1.22e-06	0.00e+00	0.00e+00	0.00e+00	0.00e+00	0.00e+00
 1.47209e+16	9.30e-01	6.98e-02	1.12e-06	0.00e+00	0.00e+00	0.00e+00	0.00e+00	0.00e+00
 1.47338e+16	9.35e-01	6.53e-02	1.02e-06	0.00e+00	0.00e+00	0.00e+00	0.00e+00	0.00e+00
 1.47477e+16	9.39e-01	6.11e-02	9.38e-07	0.00e+00	0.00e+00	0.00e+00	0.00e+00	0.00e+00
 1.47625e+16	9.43e-01	5.71e-02	8.56e-07	0.00e+00	0.00e+00	0.00e+00	0.00e+00	0.00e+00
 1.47780e+16	9.47e-01	5.33e-02	7.81e-07	0.00e+00	0.00e+00	0.00e+00	0.00e+00	0.00e+00
 1.47943e+16	9.50e-01	4.97e-02	7.11e-07	0.00e+00	0.00e+00	0.00e+00	0.00e+00	0.00e+00
 1.48112e+16	9.54e-01	4.63e-02	6.46e-07	0.00e+00	0.00e+00	0.00e+00	0.00e+00	0.00e+00
 1.48286e+16	9.57e-01	4.31e-02	5.87e-07	0.00e+00	0.00e+00	0.00e+00	0.00e+00	0.00e+00
