#depth	O	O+	O+2	O+3	O+4	O+5	O+6	O+7	O+8	O[1]	O[2]	O[3]
 1.49634e+10	0.00e+00	0.00e+00	1.38e-32	1.25e-23	1.66e-15	2.95e-08	1.00e+00	0.00e+00	0.00e+00	0.00e+00	0.00e+00	0.00e+00
 4.54887e+10	0.00e+00	2.78e-42	1.90e-32	1.59e-23	1.96e-15	3.20e-08	1.00e+00	2.42e-07	0.00e+00	0.00e+00	0.00e+00	0.00e+00
 7.72350e+10	0.00e+00	0.00e+00	2.62e-32	2.03e-23	2.30e-15	3.48e-08	1.00e+00	0.00e+00	0.00e+00	0.00e+00	0.00e+00	0.00e+00
 1.10251e+11	0.00e+00	6.22e-42	3.62e-32	2.59e-23	2.71e-15	3.78e-08	1.00e+00	0.00e+00	0.00e+00	0.00e+00	0.00e+00	0.00e+00
 1.44588e+11	0.00e+00	0.00e+00	5.01e-32	3.31e-23	3.20e-15	4.10e-08	1.00e+00	0.00e+00	0.00e+00	0.00e+00	0.00e+00	0.00e+00
 1.76912e+11	0.00e+00	1.34e-41	6.72e-32	4.13e-23	3.71e-15	4.42e-08	1.00e+00	0.00e+00	0.00e+00	0.00e+00	0.00e+00	0.00e+00
 2.05879e+11	0.00e+00	0.00e+00	8.67e-32	5.01e-23	4.23e-15	4.72e-08	1.00e+00	0.00e+00	0.00e+00	0.00e+00	0.00e+00	0.00e+00
 2.38419e+11	0.00e+00	2.61e-41	1.15e-31	6.18e-23	4.87e-15	5.07e-08	1.00e+00	0.00e+00	0.00e+00	0.00e+00	0.00e+00	0.00e+00
 2.76911e+11	0.00e+00	0.00e+00	1.57e-31	7.86e-23	5.73e-15	5.50e-08	1.00e+00	0.00e+00	0.00e+00	0.00e+00	0.00e+00	0.00e+00
 3.15390e+11	0.00e+00	5.68e-41	2.14e-31	9.91e-23	6.69e-15	5.95e-08	1.00e+00	0.00e+00	0.00e+00	0.00e+00	0.00e+00	0.00e+00
 3.51592e+11	0.00e+00	0.00e+00	2.83e-31	1.22e-22	7.72e-15	6.39e-08	1.00e+00	0.00e+00	0.00e+00	0.00e+00	0.00e+00	0.00e+00
 3.91766e+11	0.00e+00	1.17e-40	3.81e-31	1.54e-22	9.00e-15	6.91e-08	1.00e+00	0.00e+00	0.00e+00	0.00e+00	0.00e+00	0.00e+00
 4.37363e+11	0.00e+00	0.00e+00	5.29e-31	1.97e-22	1.06e-14	7.52e-08	1.00e+00	0.00e+00	0.00e+00	0.00e+00	0.00e+00	0.00e+00
 4.82879e+11	0.00e+00	2.60e-40	7.26e-31	2.50e-22	1.25e-14	8.16e-08	1.00e+00	0.00e+00	0.00e+00	0.00e+00	0.00e+00	0.00e+00
 5.30215e+11	0.00e+00	0.00e+00	9.96e-31	3.18e-22	1.47e-14	8.86e-08	1.00e+00	0.00e+00	0.00e+00	0.00e+00	0.00e+00	0.00e+00
 5.81351e+11	0.00e+00	5.80e-40	1.39e-30	4.08e-22	1.74e-14	9.66e-08	1.00e+00	0.00e+00	0.00e+00	0.00e+00	0.00e+00	0.00e+00
 6.34532e+11	0.00e+00	0.00e+00	1.93e-30	5.24e-22	2.07e-14	1.05e-07	1.00e+00	0.00e+00	0.00e+00	0.00e+00	0.00e+00	0.00e+00
 6.84714e+11	0.00e+00	1.27e-39	2.60e-30	6.59e-22	2.41e-14	1.14e-07	1.00e+00	0.00e+00	0.00e+00	0.00e+00	0.00e+00	0.00e+00
 7.29893e+11	0.00e+00	0.00e+00	3.38e-30	8.04e-22	2.76e-14	1.22e-07	1.00e+00	0.00e+00	0.00e+00	0.00e+00	0.00e+00	0.00e+00
 7.80745e+11	0.00e+00	2.51e-39	4.51e-30	1.00e-21	3.21e-14	1.32e-07	1.00e+00	0.00e+00	0.00e+00	0.00e+00	0.00e+00	0.00e+00
 8.40640e+11	0.00e+00	0.00e+00	6.23e-30	1.28e-21	3.80e-14	1.43e-07	1.00e+00	0.00e+00	0.00e+00	0.00e+00	0.00e+00	0.00e+00
 9.00464e+11	0.00e+00	5.54e-39	8.54e-30	1.63e-21	4.48e-14	1.56e-07	1.00e+00	0.00e+00	0.00e+00	0.00e+00	0.00e+00	0.00e+00
 9.56636e+11	0.00e+00	0.00e+00	1.14e-29	2.02e-21	5.19e-14	1.68e-07	1.00e+00	0.00e+00	0.00e+00	0.00e+00	0.00e+00	0.00e+00
 1.01878e+12	0.00e+00	1.15e-38	1.54e-29	2.55e-21	6.08e-14	1.82e-07	1.00e+00	0.00e+00	0.00e+00	0.00e+00	0.00e+00	0.00e+00
 1.08946e+12	0.00e+00	0.00e+00	2.15e-29	3.30e-21	7.26e-14	2.00e-07	1.00e+00	0.00e+00	0.00e+00	0.00e+00	0.00e+00	0.00e+00
 1.15911e+12	0.00e+00	2.57e-38	2.96e-29	4.20e-21	8.58e-14	2.17e-07	1.00e+00	0.00e+00	0.00e+00	0.00e+00	0.00e+00	0.00e+00
 1.23154e+12	0.00e+00	0.00e+00	4.06e-29	5.36e-21	1.01e-13	2.37e-07	1.00e+00	0.00e+00	0.00e+00	0.00e+00	0.00e+00	0.00e+00
 1.31072e+12	0.00e+00	5.76e-38	5.68e-29	6.94e-21	1.21e-13	2.60e-07	1.00e+00	0.00e+00	0.00e+00	0.00e+00	0.00e+00	0.00e+00
 1.39045e+12	0.00e+00	0.00e+00	7.85e-29	8.90e-21	1.44e-13	2.84e-07	1.00e+00	0.00e+00	0.00e+00	0.00e+00	0.00e+00	0.00e+00
 1.47337e+12	0.00e+00	1.28e-37	1.09e-28	1.14e-20	1.71e-13	3.10e-07	1.00e+00	0.00e+00	0.00e+00	0.00e+00	0.00e+00	0.00e+00
 1.55927e+12	0.00e+00	0.00e+00	1.50e-28	1.47e-20	2.04e-13	3.39e-07	1.00e+00	0.00e+00	0.00e+00	0.00e+00	0.00e+00	0.00e+00
 1.64383e+12	0.00e+00	2.78e-37	2.04e-28	1.86e-20	2.41e-13	3.70e-07	1.00e+00	0.00e+00	0.00e+00	0.00e+00	0.00e+00	0.00e+00
 1.73473e+12	0.00e+00	0.00e+00	2.81e-28	2.38e-20	2.86e-13	4.04e-07	1.00e+00	0.00e+00	0.00e+00	0.00e+00	0.00e+00	0.00e+00
 1.83405e+12	0.00e+00	6.19e-37	3.92e-28	3.08e-20	3.42e-13	4.44e-07	1.00e+00	0.00e+00	0.00e+00	0.00e+00	0.00e+00	0.00e+00
 1.93734e+12	0.00e+00	0.00e+00	5.47e-28	3.99e-20	4.11e-13	4.89e-07	1.00e+00	0.00e+00	0.00e+00	0.00e+00	0.00e+00	0.00e+00
 2.04476e+12	0.00e+00	1.40e-36	7.63e-28	5.16e-20	4.93e-13	5.37e-07	1.00e+00	0.00e+00	0.00e+00	0.00e+00	0.00e+00	0.00e+00
 2.15648e+12	6.60e-46	2.09e-36	1.06e-27	6.68e-20	5.92e-13	5.92e-07	1.00e+00	0.00e+00	0.00e+00	0.00e+00	0.00e+00	0.00e+00
 2.25758e+12	0.00e+00	0.00e+00	1.42e-27	8.37e-20	6.94e-13	6.43e-07	1.00e+00	0.00e+00	0.00e+00	0.00e+00	0.00e+00	0.00e+00
 2.34193e+12	0.00e+00	3.94e-36	1.79e-27	1.00e-19	7.90e-13	6.89e-07	1.00e+00	0.00e+00	0.00e+00	0.00e+00	0.00e+00	0.00e+00
 2.43438e+12	2.01e-45	5.32e-36	2.29e-27	1.22e-19	9.06e-13	7.41e-07	1.00e+00	0.00e+00	0.00e+00	0.00e+00	0.00e+00	0.00e+00
 2.55133e+12	0.00e+00	0.00e+00	3.09e-27	1.54e-19	1.07e-12	8.10e-07	1.00e+00	0.00e+00	0.00e+00	0.00e+00	0.00e+00	0.00e+00
 2.67323e+12	0.00e+00	1.10e-35	4.18e-27	1.95e-19	1.27e-12	8.86e-07	1.00e+00	0.00e+00	0.00e+00	0.00e+00	0.00e+00	0.00e+00
 2.77735e+12	6.85e-45	1.49e-35	5.35e-27	2.37e-19	1.46e-12	9.55e-07	1.00e+00	0.00e+00	0.00e+00	0.00e+00	0.00e+00	0.00e+00
 2.88527e+12	0.00e+00	0.00e+00	6.85e-27	2.89e-19	1.68e-12	1.03e-06	1.00e+00	0.00e+00	0.00e+00	0.00e+00	0.00e+00	0.00e+00
 3.02015e+12	0.00e+00	2.88e-35	9.23e-27	3.65e-19	1.99e-12	1.13e-06	1.00e+00	0.00e+00	0.00e+00	0.00e+00	0.00e+00	0.00e+00
 3.15695e+12	2.27e-44	4.08e-35	1.23e-26	4.60e-19	2.35e-12	1.23e-06	1.00e+00	0.00e+00	0.00e+00	0.00e+00	0.00e+00	0.00e+00
 3.27558e+12	0.00e+00	5.45e-35	1.57e-26	5.57e-19	2.70e-12	1.33e-06	1.00e+00	0.00e+00	0.00e+00	0.00e+00	0.00e+00	0.00e+00
 3.40375e+12	4.59e-44	7.38e-35	2.02e-26	6.80e-19	3.12e-12	1.43e-06	1.00e+00	0.00e+00	0.00e+00	0.00e+00	0.00e+00	0.00e+00
 3.56068e+12	0.00e+00	1.05e-34	2.72e-26	8.61e-19	3.70e-12	1.57e-06	1.00e+00	0.00e+00	0.00e+00	0.00e+00	0.00e+00	0.00e+00
 3.72076e+12	1.06e-43	1.49e-34	3.64e-26	1.08e-18	4.37e-12	1.72e-06	1.00e+00	0.00e+00	0.00e+00	0.00e+00	0.00e+00	0.00e+00
 3.86666e+12	0.00e+00	2.02e-34	4.69e-26	1.33e-18	5.06e-12	1.86e-06	1.00e+00	0.00e+00	0.00e+00	0.00e+00	0.00e+00	0.00e+00
 4.02839e+12	2.22e-43	2.80e-34	6.15e-26	1.65e-18	5.92e-12	2.03e-06	1.00e+00	0.00e+00	0.00e+00	0.00e+00	0.00e+00	0.00e+00
 4.21717e+12	0.00e+00	4.02e-34	8.33e-26	2.10e-18	7.05e-12	2.23e-06	1.00e+00	0.00e+00	0.00e+00	0.00e+00	0.00e+00	0.00e+00
 4.40450e+12	5.11e-43	5.68e-34	1.11e-25	2.64e-18	8.32e-12	2.44e-06	1.00e+00	0.00e+00	0.00e+00	0.00e+00	0.00e+00	0.00e+00
 4.58320e+12	0.00e+00	7.79e-34	1.45e-25	3.26e-18	9.69e-12	2.65e-06	1.00e+00	0.00e+00	0.00e+00	0.00e+00	0.00e+00	0.00e+00
 4.78031e+12	1.10e-42	1.09e-33	1.92e-25	4.08e-18	1.14e-11	2.89e-06	1.00e+00	0.00e+00	0.00e+00	0.00e+00	0.00e+00	0.00e+00
 5.00145e+12	0.00e+00	1.56e-33	2.59e-25	5.19e-18	1.35e-11	3.18e-06	1.00e+00	0.00e+00	0.00e+00	0.00e+00	0.00e+00	0.00e+00
 5.22332e+12	2.54e-42	2.21e-33	3.46e-25	6.54e-18	1.60e-11	3.48e-06	1.00e+00	0.00e+00	0.00e+00	0.00e+00	0.00e+00	0.00e+00
 5.42183e+12	0.00e+00	2.98e-33	4.45e-25	7.99e-18	1.84e-11	3.76e-06	1.00e+00	0.00e+00	0.00e+00	0.00e+00	0.00e+00	0.00e+00
 5.59814e+12	4.88e-42	3.85e-33	5.52e-25	9.48e-18	2.08e-11	4.02e-06	1.00e+00	0.00e+00	0.00e+00	0.00e+00	0.00e+00	0.00e+00
 5.79809e+12	0.00e+00	5.12e-33	6.99e-25	1.14e-17	2.38e-11	4.33e-06	1.00e+00	0.00e+00	0.00e+00	0.00e+00	0.00e+00	0.00e+00
 6.02055e+12	9.74e-42	6.93e-33	9.02e-25	1.40e-17	2.75e-11	4.68e-06	1.00e+00	0.00e+00	0.00e+00	0.00e+00	0.00e+00	0.00e+00
 6.22926e+12	0.00e+00	9.13e-33	1.14e-24	1.68e-17	3.14e-11	5.03e-06	1.00e+00	0.00e+00	0.00e+00	0.00e+00	0.00e+00	0.00e+00
 6.45756e+12	1.90e-41	1.22e-32	1.45e-24	2.05e-17	3.60e-11	5.42e-06	1.00e+00	0.00e+00	0.00e+00	0.00e+00	0.00e+00	0.00e+00
 6.71346e+12	0.00e+00	1.68e-32	1.89e-24	2.52e-17	4.18e-11	5.87e-06	1.00e+00	0.00e+00	0.00e+00	0.00e+00	0.00e+00	0.00e+00
 6.95645e+12	3.88e-41	2.25e-32	2.41e-24	3.06e-17	4.79e-11	6.32e-06	1.00e+00	0.00e+00	0.00e+00	0.00e+00	0.00e+00	0.00e+00
 7.22356e+12	0.00e+00	3.06e-32	3.12e-24	3.76e-17	5.53e-11	6.84e-06	1.00e+00	0.00e+00	0.00e+00	0.00e+00	0.00e+00	0.00e+00
 7.52256e+12	8.28e-41	4.28e-32	4.12e-24	4.69e-17	6.47e-11	7.44e-06	1.00e+00	0.00e+00	0.00e+00	0.00e+00	0.00e+00	0.00e+00
 7.80637e+12	0.00e+00	5.81e-32	5.33e-24	5.74e-17	7.45e-11	8.04e-06	1.00e+00	0.00e+00	0.00e+00	0.00e+00	0.00e+00	0.00e+00
 8.06836e+12	1.64e-40	7.64e-32	6.69e-24	6.87e-17	8.46e-11	8.61e-06	1.00e+00	0.00e+00	0.00e+00	0.00e+00	0.00e+00	0.00e+00
 8.35860e+12	0.00e+00	1.03e-31	8.55e-24	8.34e-17	9.69e-11	9.27e-06	1.00e+00	0.00e+00	0.00e+00	0.00e+00	0.00e+00	0.00e+00
 8.68437e+12	3.37e-40	1.41e-31	1.12e-23	1.03e-16	1.12e-10	1.00e-05	1.00e+00	0.00e+00	0.00e+00	0.00e+00	0.00e+00	0.00e+00
 8.99282e+12	0.00e+00	1.89e-31	1.42e-23	1.25e-16	1.28e-10	1.08e-05	1.00e+00	0.00e+00	0.00e+00	0.00e+00	0.00e+00	0.00e+00
 9.33032e+12	6.86e-40	2.58e-31	1.84e-23	1.53e-16	1.48e-10	1.16e-05	1.00e+00	0.00e+00	0.00e+00	0.00e+00	0.00e+00	0.00e+00
 9.70358e+12	0.00e+00	3.60e-31	2.43e-23	1.90e-16	1.72e-10	1.26e-05	1.00e+00	0.00e+00	0.00e+00	0.00e+00	0.00e+00	0.00e+00
 1.00499e+13	1.44e-39	4.84e-31	3.11e-23	2.31e-16	1.97e-10	1.36e-05	1.00e+00	0.00e+00	0.00e+00	0.00e+00	0.00e+00	0.00e+00
 1.04266e+13	0.00e+00	6.63e-31	4.04e-23	2.83e-16	2.27e-10	1.47e-05	1.00e+00	0.00e+00	0.00e+00	0.00e+00	0.00e+00	0.00e+00
 1.08481e+13	3.09e-39	9.29e-31	5.34e-23	3.53e-16	2.64e-10	1.59e-05	1.00e+00	0.00e+00	0.00e+00	0.00e+00	0.00e+00	0.00e+00
 1.12462e+13	0.00e+00	1.27e-30	6.91e-23	4.32e-16	3.04e-10	1.71e-05	1.00e+00	0.00e+00	0.00e+00	0.00e+00	0.00e+00	0.00e+00
 1.16794e+13	6.55e-39	1.76e-30	9.05e-23	5.34e-16	3.51e-10	1.85e-05	1.00e+00	0.00e+00	0.00e+00	0.00e+00	0.00e+00	0.00e+00
 1.21623e+13	0.00e+00	2.49e-30	1.21e-22	6.70e-16	4.11e-10	2.02e-05	1.00e+00	0.00e+00	0.00e+00	0.00e+00	0.00e+00	0.00e+00
 1.26214e+13	1.45e-38	3.44e-30	1.58e-22	8.25e-16	4.74e-10	2.18e-05	1.00e+00	0.00e+00	0.00e+00	0.00e+00	0.00e+00	0.00e+00
 1.31132e+13	0.00e+00	4.81e-30	2.08e-22	1.02e-15	5.50e-10	2.35e-05	1.00e+00	0.00e+00	0.00e+00	0.00e+00	0.00e+00	0.00e+00
 1.36676e+13	3.29e-38	6.90e-30	2.81e-22	1.29e-15	6.45e-10	2.56e-05	1.00e+00	0.00e+00	0.00e+00	0.00e+00	0.00e+00	0.00e+00
 1.42164e+13	0.00e+00	9.78e-30	3.74e-22	1.62e-15	7.51e-10	2.78e-05	1.00e+00	0.00e+00	0.00e+00	0.00e+00	0.00e+00	0.00e+00
 1.47872e+13	7.48e-38	1.39e-29	4.98e-22	2.02e-15	8.75e-10	3.01e-05	1.00e+00	0.00e+00	0.00e+00	0.00e+00	0.00e+00	0.00e+00
 1.54086e+13	0.00e+00	2.00e-29	6.73e-22	2.55e-15	1.03e-09	3.28e-05	1.00e+00	0.00e+00	0.00e+00	0.00e+00	0.00e+00	0.00e+00
 1.60549e+13	1.78e-37	2.88e-29	9.11e-22	3.22e-15	1.20e-09	3.57e-05	1.00e+00	0.00e+00	0.00e+00	0.00e+00	0.00e+00	0.00e+00
 1.67270e+13	0.00e+00	4.17e-29	1.23e-21	4.07e-15	1.41e-09	3.88e-05	1.00e+00	0.00e+00	0.00e+00	0.00e+00	0.00e+00	0.00e+00
 1.73870e+13	4.15e-37	5.91e-29	1.64e-21	5.08e-15	1.64e-09	4.20e-05	1.00e+00	0.00e+00	0.00e+00	0.00e+00	0.00e+00	0.00e+00
 1.80018e+13	0.00e+00	8.08e-29	2.12e-21	6.20e-15	1.88e-09	4.51e-05	1.00e+00	0.00e+00	0.00e+00	0.00e+00	0.00e+00	0.00e+00
 1.86803e+13	8.96e-37	1.13e-28	2.79e-21	7.66e-15	2.17e-09	4.86e-05	1.00e+00	0.00e+00	0.00e+00	0.00e+00	0.00e+00	0.00e+00
 1.93764e+13	0.00e+00	1.58e-28	3.67e-21	9.46e-15	2.50e-09	5.24e-05	1.00e+00	0.00e+00	0.00e+00	0.00e+00	0.00e+00	0.00e+00
 1.99599e+13	1.84e-36	2.07e-28	4.58e-21	1.12e-14	2.80e-09	5.56e-05	1.00e+00	0.00e+00	0.00e+00	0.00e+00	0.00e+00	0.00e+00
 2.05773e+13	0.00e+00	2.75e-28	5.76e-21	1.34e-14	3.16e-09	5.91e-05	1.00e+00	0.00e+00	0.00e+00	0.00e+00	0.00e+00	0.00e+00
 2.13597e+13	3.86e-36	3.88e-28	7.63e-21	1.66e-14	3.65e-09	6.38e-05	1.00e+00	0.00e+00	0.00e+00	0.00e+00	0.00e+00	0.00e+00
 2.21758e+13	0.00e+00	5.48e-28	1.01e-20	2.06e-14	4.23e-09	6.88e-05	1.00e+00	0.00e+00	0.00e+00	0.00e+00	0.00e+00	0.00e+00
 2.29017e+13	8.33e-36	7.41e-28	1.29e-20	2.48e-14	4.79e-09	7.34e-05	1.00e+00	0.00e+00	0.00e+00	0.00e+00	0.00e+00	0.00e+00
 2.36910e+13	0.00e+00	1.02e-27	1.67e-20	3.02e-14	5.47e-09	7.85e-05	1.00e+00	0.00e+00	0.00e+00	0.00e+00	0.00e+00	0.00e+00
 2.45689e+13	1.82e-35	1.43e-27	2.20e-20	3.73e-14	6.30e-09	8.45e-05	1.00e+00	0.00e+00	0.00e+00	0.00e+00	0.00e+00	0.00e+00
 2.53874e+13	0.00e+00	1.95e-27	2.83e-20	4.51e-14	7.16e-09	9.03e-05	1.00e+00	0.00e+00	0.00e+00	0.00e+00	0.00e+00	0.00e+00
 2.62770e+13	3.88e-35	2.70e-27	3.68e-20	5.51e-14	8.19e-09	9.67e-05	1.00e+00	0.00e+00	0.00e+00	0.00e+00	0.00e+00	0.00e+00
 2.72692e+13	5.87e-35	3.82e-27	4.88e-20	6.83e-14	9.47e-09	1.04e-04	1.00e+00	0.00e+00	0.00e+00	0.00e+00	0.00e+00	0.00e+00
 2.81984e+13	8.60e-35	5.26e-27	6.32e-20	8.30e-14	1.08e-08	1.11e-04	1.00e+00	0.00e+00	0.00e+00	0.00e+00	0.00e+00	0.00e+00
 2.92104e+13	1.29e-34	7.37e-27	8.29e-20	1.02e-13	1.24e-08	1.19e-04	1.00e+00	0.00e+00	0.00e+00	0.00e+00	0.00e+00	0.00e+00
 3.03398e+13	1.98e-34	1.06e-26	1.11e-19	1.27e-13	1.44e-08	1.29e-04	1.00e+00	0.00e+00	0.00e+00	0.00e+00	0.00e+00	0.00e+00
 3.14010e+13	2.93e-34	1.47e-26	1.45e-19	1.56e-13	1.64e-08	1.38e-04	1.00e+00	0.00e+00	0.00e+00	0.00e+00	0.00e+00	0.00e+00
 3.25578e+13	4.45e-34	2.08e-26	1.92e-19	1.92e-13	1.89e-08	1.48e-04	1.00e+00	0.00e+00	0.00e+00	0.00e+00	0.00e+00	0.00e+00
 3.38516e+13	6.95e-34	3.03e-26	2.59e-19	2.42e-13	2.21e-08	1.60e-04	1.00e+00	0.00e+00	0.00e+00	0.00e+00	0.00e+00	0.00e+00
 3.50767e+13	1.05e-33	4.27e-26	3.41e-19	2.98e-13	2.54e-08	1.72e-04	1.00e+00	0.00e+00	0.00e+00	0.00e+00	0.00e+00	0.00e+00
 3.63892e+13	1.61e-33	6.09e-26	4.54e-19	3.69e-13	2.93e-08	1.85e-04	1.00e+00	0.00e+00	0.00e+00	0.00e+00	0.00e+00	0.00e+00
 3.78747e+13	2.55e-33	8.96e-26	6.20e-19	4.67e-13	3.43e-08	2.00e-04	1.00e+00	0.00e+00	0.00e+00	0.00e+00	0.00e+00	0.00e+00
 3.93372e+13	3.96e-33	1.29e-25	8.33e-19	5.83e-13	3.98e-08	2.16e-04	1.00e+00	0.00e+00	0.00e+00	0.00e+00	0.00e+00	0.00e+00
 4.08581e+13	6.15e-33	1.87e-25	1.12e-18	7.29e-13	4.62e-08	2.32e-04	1.00e+00	0.00e+00	0.00e+00	0.00e+00	0.00e+00	0.00e+00
 4.25223e+13	9.78e-33	2.76e-25	1.53e-18	9.22e-13	5.40e-08	2.52e-04	1.00e+00	0.00e+00	0.00e+00	0.00e+00	0.00e+00	0.00e+00
 4.42145e+13	1.54e-32	4.03e-25	2.07e-18	1.16e-12	6.30e-08	2.72e-04	1.00e+00	0.00e+00	0.00e+00	0.00e+00	0.00e+00	0.00e+00
 4.59743e+13	2.43e-32	5.89e-25	2.81e-18	1.46e-12	7.34e-08	2.94e-04	1.00e+00	0.00e+00	0.00e+00	0.00e+00	0.00e+00	0.00e+00
 4.77349e+13	3.76e-32	8.49e-25	3.77e-18	1.82e-12	8.51e-08	3.17e-04	1.00e+00	0.00e+00	0.00e+00	0.00e+00	0.00e+00	0.00e+00
 4.94020e+13	5.60e-32	1.19e-24	4.94e-18	2.23e-12	9.74e-08	3.39e-04	1.00e+00	0.00e+00	0.00e+00	0.00e+00	0.00e+00	0.00e+00
 5.12442e+13	8.57e-32	1.69e-24	6.57e-18	2.77e-12	1.13e-07	3.64e-04	1.00e+00	0.00e+00	0.00e+00	0.00e+00	0.00e+00	0.00e+00
 5.30883e+13	1.29e-31	2.38e-24	8.66e-18	3.41e-12	1.29e-07	3.91e-04	1.00e+00	0.00e+00	0.00e+00	0.00e+00	0.00e+00	0.00e+00
 5.46187e+13	1.80e-31	3.14e-24	1.08e-17	4.03e-12	1.45e-07	4.14e-04	1.00e+00	0.00e+00	0.00e+00	0.00e+00	0.00e+00	0.00e+00
 5.62417e+13	2.52e-31	4.18e-24	1.36e-17	4.79e-12	1.63e-07	4.39e-04	1.00e+00	0.00e+00	0.00e+00	0.00e+00	0.00e+00	0.00e+00
 5.83172e+13	3.84e-31	5.93e-24	1.80e-17	5.94e-12	1.88e-07	4.72e-04	1.00e+00	0.00e+00	0.00e+00	0.00e+00	0.00e+00	0.00e+00
 6.04964e+13	5.92e-31	8.54e-24	2.43e-17	7.37e-12	2.17e-07	5.08e-04	9.99e-01	0.00e+00	0.00e+00	0.00e+00	0.00e+00	0.00e+00
 6.24262e+13	8.44e-31	1.15e-23	3.07e-17	8.88e-12	2.46e-07	5.41e-04	9.99e-01	0.00e+00	0.00e+00	0.00e+00	0.00e+00	0.00e+00
 6.45160e+13	1.23e-30	1.58e-23	3.97e-17	1.08e-11	2.80e-07	5.78e-04	9.99e-01	0.00e+00	0.00e+00	0.00e+00	0.00e+00	0.00e+00
 6.70262e+13	1.91e-30	2.28e-23	5.35e-17	1.35e-11	3.25e-07	6.25e-04	9.99e-01	0.00e+00	0.00e+00	0.00e+00	0.00e+00	0.00e+00
 6.95677e+13	2.93e-30	3.26e-23	7.15e-17	1.68e-11	3.77e-07	6.74e-04	9.99e-01	0.00e+00	0.00e+00	0.00e+00	0.00e+00	0.00e+00
 7.19504e+13	4.32e-30	4.51e-23	9.29e-17	2.05e-11	4.31e-07	7.21e-04	9.99e-01	0.00e+00	0.00e+00	0.00e+00	0.00e+00	0.00e+00
 7.45980e+13	6.52e-30	6.38e-23	1.23e-16	2.54e-11	4.97e-07	7.76e-04	9.99e-01	0.00e+00	0.00e+00	0.00e+00	0.00e+00	0.00e+00
 7.74011e+13	9.94e-30	9.09e-23	1.64e-16	3.16e-11	5.75e-07	8.37e-04	9.99e-01	0.00e+00	0.00e+00	0.00e+00	0.00e+00	0.00e+00
 7.98933e+13	1.43e-29	1.23e-22	2.10e-16	3.82e-11	6.52e-07	8.92e-04	9.99e-01	0.00e+00	0.00e+00	0.00e+00	0.00e+00	0.00e+00
 8.25763e+13	2.08e-29	1.69e-22	2.71e-16	4.64e-11	7.44e-07	9.55e-04	9.99e-01	0.00e+00	0.00e+00	0.00e+00	0.00e+00	0.00e+00
 8.57896e+13	3.21e-29	2.44e-22	3.65e-16	5.82e-11	8.65e-07	1.03e-03	9.99e-01	0.00e+00	0.00e+00	0.00e+00	0.00e+00	0.00e+00
 8.89518e+13	4.85e-29	3.45e-22	4.83e-16	7.21e-11	9.99e-07	1.11e-03	9.99e-01	0.00e+00	0.00e+00	0.00e+00	0.00e+00	0.00e+00
 9.17706e+13	6.93e-29	4.65e-22	6.16e-16	8.67e-11	1.13e-06	1.18e-03	9.99e-01	0.00e+00	0.00e+00	0.00e+00	0.00e+00	0.00e+00
 9.48832e+13	1.01e-28	6.39e-22	7.98e-16	1.06e-10	1.29e-06	1.27e-03	9.99e-01	0.00e+00	0.00e+00	0.00e+00	0.00e+00	0.00e+00
 9.85904e+13	1.56e-28	9.22e-22	1.07e-15	1.32e-10	1.50e-06	1.37e-03	9.99e-01	0.00e+00	0.00e+00	0.00e+00	0.00e+00	0.00e+00
 1.02269e+14	2.37e-28	1.31e-21	1.43e-15	1.65e-10	1.74e-06	1.48e-03	9.99e-01	0.00e+00	0.00e+00	0.00e+00	0.00e+00	0.00e+00
 1.05636e+14	3.42e-28	1.79e-21	1.84e-15	1.99e-10	1.98e-06	1.58e-03	9.98e-01	0.00e+00	0.00e+00	0.00e+00	0.00e+00	0.00e+00
 1.09398e+14	5.09e-28	2.49e-21	2.41e-15	2.45e-10	2.27e-06	1.70e-03	9.98e-01	0.00e+00	0.00e+00	0.00e+00	0.00e+00	0.00e+00
 1.13771e+14	7.94e-28	3.63e-21	3.27e-15	3.09e-10	2.66e-06	1.84e-03	9.98e-01	0.00e+00	0.00e+00	0.00e+00	0.00e+00	0.00e+00
 1.18062e+14	1.21e-27	5.17e-21	4.36e-15	3.85e-10	3.08e-06	1.99e-03	9.98e-01	0.00e+00	0.00e+00	0.00e+00	0.00e+00	0.00e+00
 1.22127e+14	1.78e-27	7.16e-21	5.68e-15	4.71e-10	3.52e-06	2.13e-03	9.98e-01	0.00e+00	0.00e+00	0.00e+00	0.00e+00	0.00e+00
 1.26644e+14	2.69e-27	1.01e-20	7.53e-15	5.84e-10	4.07e-06	2.29e-03	9.98e-01	0.00e+00	0.00e+00	0.00e+00	0.00e+00	0.00e+00
 1.31739e+14	4.21e-27	1.48e-20	1.02e-14	7.38e-10	4.76e-06	2.49e-03	9.98e-01	0.00e+00	0.00e+00	0.00e+00	0.00e+00	0.00e+00
 1.36578e+14	6.37e-27	2.09e-20	1.36e-14	9.14e-10	5.49e-06	2.67e-03	9.97e-01	0.00e+00	0.00e+00	0.00e+00	0.00e+00	0.00e+00
 1.40991e+14	9.16e-27	2.84e-20	1.74e-14	1.10e-09	6.23e-06	2.85e-03	9.97e-01	0.00e+00	0.00e+00	0.00e+00	0.00e+00	0.00e+00
 1.45986e+14	1.36e-26	3.97e-20	2.28e-14	1.36e-09	7.15e-06	3.06e-03	9.97e-01	0.00e+00	0.00e+00	0.00e+00	0.00e+00	0.00e+00
 1.51801e+14	2.13e-26	5.79e-20	3.10e-14	1.71e-09	8.35e-06	3.32e-03	9.97e-01	0.00e+00	0.00e+00	0.00e+00	0.00e+00	0.00e+00
 1.57376e+14	3.24e-26	8.21e-20	4.11e-14	2.12e-09	9.63e-06	3.57e-03	9.96e-01	0.00e+00	0.00e+00	0.00e+00	0.00e+00	0.00e+00
 1.61994e+14	4.51e-26	1.09e-19	5.15e-14	2.52e-09	1.08e-05	3.78e-03	9.96e-01	0.00e+00	0.00e+00	0.00e+00	0.00e+00	0.00e+00
 1.66674e+14	6.26e-26	1.43e-19	6.44e-14	2.98e-09	1.21e-05	4.01e-03	9.96e-01	0.00e+00	0.00e+00	0.00e+00	0.00e+00	0.00e+00
 1.72721e+14	9.43e-26	2.02e-19	8.51e-14	3.68e-09	1.39e-05	4.31e-03	9.96e-01	0.00e+00	0.00e+00	0.00e+00	0.00e+00	0.00e+00
 1.78975e+14	1.42e-25	2.85e-19	1.13e-13	4.55e-09	1.61e-05	4.63e-03	9.95e-01	0.00e+00	0.00e+00	0.00e+00	0.00e+00	0.00e+00
 1.84276e+14	2.00e-25	3.78e-19	1.41e-13	5.41e-09	1.80e-05	4.91e-03	9.95e-01	0.00e+00	0.00e+00	0.00e+00	0.00e+00	0.00e+00
 1.89908e+14	2.83e-25	5.07e-19	1.79e-13	6.47e-09	2.03e-05	5.22e-03	9.95e-01	0.00e+00	0.00e+00	0.00e+00	0.00e+00	0.00e+00
 1.96968e+14	4.31e-25	7.23e-19	2.39e-13	8.04e-09	2.35e-05	5.62e-03	9.94e-01	0.00e+00	0.00e+00	0.00e+00	0.00e+00	0.00e+00
 2.04240e+14	6.57e-25	1.03e-18	3.17e-13	9.98e-09	2.71e-05	6.05e-03	9.94e-01	0.00e+00	0.00e+00	0.00e+00	0.00e+00	0.00e+00
 2.10642e+14	9.40e-25	1.39e-18	4.04e-13	1.20e-08	3.07e-05	6.44e-03	9.94e-01	0.00e+00	0.00e+00	0.00e+00	0.00e+00	0.00e+00
 2.17557e+14	1.37e-24	1.90e-18	5.21e-13	1.45e-08	3.48e-05	6.87e-03	9.93e-01	0.00e+00	0.00e+00	0.00e+00	0.00e+00	0.00e+00
 2.25909e+14	2.11e-24	2.74e-18	7.00e-13	1.82e-08	4.05e-05	7.42e-03	9.93e-01	0.00e+00	0.00e+00	0.00e+00	0.00e+00	0.00e+00
 2.34196e+14	3.22e-24	3.90e-18	9.30e-13	2.25e-08	4.67e-05	7.97e-03	9.92e-01	0.00e+00	0.00e+00	0.00e+00	0.00e+00	0.00e+00
 2.41552e+14	4.59e-24	5.25e-18	1.18e-12	2.70e-08	5.28e-05	8.49e-03	9.91e-01	0.00e+00	0.00e+00	0.00e+00	0.00e+00	0.00e+00
 2.49635e+14	6.73e-24	7.24e-18	1.53e-12	3.29e-08	6.01e-05	9.07e-03	9.91e-01	0.00e+00	0.00e+00	0.00e+00	0.00e+00	0.00e+00
 2.59303e+14	1.04e-23	1.05e-17	2.06e-12	4.12e-08	6.99e-05	9.80e-03	9.90e-01	0.00e+00	0.00e+00	0.00e+00	0.00e+00	0.00e+00
 2.68906e+14	1.58e-23	1.49e-17	2.74e-12	5.11e-08	8.08e-05	1.05e-02	9.89e-01	0.00e+00	0.00e+00	0.00e+00	0.00e+00	0.00e+00
 2.77628e+14	2.29e-23	2.03e-17	3.52e-12	6.18e-08	9.16e-05	1.12e-02	9.89e-01	0.00e+00	0.00e+00	0.00e+00	0.00e+00	0.00e+00
 2.87330e+14	3.37e-23	2.81e-17	4.60e-12	7.57e-08	1.05e-04	1.21e-02	9.88e-01	0.00e+00	0.00e+00	0.00e+00	0.00e+00	0.00e+00
 2.98685e+14	5.26e-23	4.09e-17	6.23e-12	9.53e-08	1.22e-04	1.31e-02	9.87e-01	0.00e+00	0.00e+00	0.00e+00	0.00e+00	0.00e+00
 3.09865e+14	7.99e-23	5.81e-17	8.30e-12	1.19e-07	1.42e-04	1.41e-02	9.86e-01	0.00e+00	0.00e+00	0.00e+00	0.00e+00	0.00e+00
 3.20345e+14	1.16e-22	7.99e-17	1.07e-11	1.44e-07	1.62e-04	1.51e-02	9.85e-01	0.00e+00	0.00e+00	0.00e+00	0.00e+00	0.00e+00
 3.32041e+14	1.74e-22	1.12e-16	1.42e-11	1.78e-07	1.86e-04	1.62e-02	9.84e-01	0.00e+00	0.00e+00	0.00e+00	0.00e+00	0.00e+00
 3.45352e+14	2.70e-22	1.63e-16	1.92e-11	2.25e-07	2.18e-04	1.76e-02	9.82e-01	0.00e+00	0.00e+00	0.00e+00	0.00e+00	0.00e+00
 3.58608e+14	4.11e-22	2.33e-16	2.57e-11	2.81e-07	2.52e-04	1.90e-02	9.81e-01	0.00e+00	0.00e+00	0.00e+00	0.00e+00	0.00e+00
 3.72395e+14	6.23e-22	3.31e-16	3.44e-11	3.52e-07	2.93e-04	2.05e-02	9.79e-01	0.00e+00	0.00e+00	0.00e+00	0.00e+00	0.00e+00
 3.84833e+14	8.97e-22	4.52e-16	4.42e-11	4.27e-07	3.34e-04	2.20e-02	9.78e-01	0.00e+00	0.00e+00	0.00e+00	0.00e+00	0.00e+00
 3.94198e+14	1.16e-21	5.64e-16	5.32e-11	4.92e-07	3.67e-04	2.31e-02	9.77e-01	0.00e+00	0.00e+00	0.00e+00	0.00e+00	0.00e+00
 4.03958e+14	1.52e-21	7.08e-16	6.41e-11	5.68e-07	4.04e-04	2.43e-02	9.75e-01	0.00e+00	0.00e+00	0.00e+00	0.00e+00	0.00e+00
 4.16647e+14	2.12e-21	9.41e-16	8.11e-11	6.82e-07	4.56e-04	2.59e-02	9.74e-01	0.00e+00	0.00e+00	0.00e+00	0.00e+00	0.00e+00
 4.30441e+14	3.00e-21	1.27e-15	1.04e-10	8.27e-07	5.18e-04	2.78e-02	9.72e-01	0.00e+00	0.00e+00	0.00e+00	0.00e+00	0.00e+00
 4.42932e+14	4.06e-21	1.65e-15	1.29e-10	9.78e-07	5.80e-04	2.95e-02	9.70e-01	0.00e+00	0.00e+00	0.00e+00	0.00e+00	0.00e+00
 4.56426e+14	5.58e-21	2.17e-15	1.62e-10	1.17e-06	6.52e-04	3.14e-02	9.68e-01	0.00e+00	0.00e+00	0.00e+00	0.00e+00	0.00e+00
 4.73350e+14	8.18e-21	3.01e-15	2.13e-10	1.44e-06	7.52e-04	3.39e-02	9.65e-01	0.00e+00	0.00e+00	0.00e+00	0.00e+00	0.00e+00
 4.90361e+14	1.18e-20	4.15e-15	2.79e-10	1.78e-06	8.64e-04	3.66e-02	9.63e-01	0.00e+00	0.00e+00	0.00e+00	0.00e+00	0.00e+00
 5.04844e+14	1.60e-20	5.39e-15	3.47e-10	2.11e-06	9.67e-04	3.89e-02	9.60e-01	0.00e+00	0.00e+00	0.00e+00	0.00e+00	0.00e+00
 5.20410e+14	2.17e-20	7.06e-15	4.35e-10	2.52e-06	1.09e-03	4.15e-02	9.57e-01	0.00e+00	0.00e+00	0.00e+00	0.00e+00	0.00e+00
 5.39807e+14	3.17e-20	9.80e-15	5.73e-10	3.12e-06	1.26e-03	4.48e-02	9.54e-01	0.00e+00	0.00e+00	0.00e+00	0.00e+00	0.00e+00
 5.59806e+14	4.59e-20	1.35e-14	7.53e-10	3.87e-06	1.45e-03	4.85e-02	9.50e-01	0.00e+00	0.00e+00	0.00e+00	0.00e+00	0.00e+00
 5.77627e+14	6.29e-20	1.79e-14	9.52e-10	4.64e-06	1.63e-03	5.18e-02	9.47e-01	0.00e+00	0.00e+00	0.00e+00	0.00e+00	0.00e+00
 5.96994e+14	8.72e-20	2.39e-14	1.22e-09	5.63e-06	1.85e-03	5.56e-02	9.43e-01	0.00e+00	0.00e+00	0.00e+00	0.00e+00	0.00e+00
 6.20114e+14	1.28e-19	3.35e-14	1.62e-09	7.03e-06	2.15e-03	6.03e-02	9.38e-01	0.00e+00	0.00e+00	0.00e+00	0.00e+00	0.00e+00
 6.42889e+14	1.83e-19	4.60e-14	2.12e-09	8.68e-06	2.47e-03	6.51e-02	9.32e-01	0.00e+00	0.00e+00	0.00e+00	0.00e+00	0.00e+00
 6.63349e+14	2.50e-19	6.06e-14	2.68e-09	1.04e-05	2.78e-03	6.95e-02	9.28e-01	0.00e+00	0.00e+00	0.00e+00	0.00e+00	0.00e+00
 6.86021e+14	3.49e-19	8.16e-14	3.44e-09	1.27e-05	3.16e-03	7.46e-02	9.22e-01	0.00e+00	0.00e+00	0.00e+00	0.00e+00	0.00e+00
 7.12828e+14	5.10e-19	1.14e-13	4.58e-09	1.58e-05	3.66e-03	8.09e-02	9.15e-01	0.00e+00	0.00e+00	0.00e+00	0.00e+00	0.00e+00
 7.39335e+14	7.32e-19	1.58e-13	6.02e-09	1.96e-05	4.20e-03	8.73e-02	9.09e-01	0.00e+00	0.00e+00	0.00e+00	0.00e+00	0.00e+00
 7.63800e+14	1.01e-18	2.11e-13	7.68e-09	2.36e-05	4.74e-03	9.34e-02	9.02e-01	0.00e+00	0.00e+00	0.00e+00	0.00e+00	0.00e+00
 7.91279e+14	1.43e-18	2.88e-13	1.00e-08	2.90e-05	5.42e-03	1.00e-01	8.94e-01	0.00e+00	0.00e+00	0.00e+00	0.00e+00	0.00e+00
 8.22961e+14	2.12e-18	4.09e-13	1.34e-08	3.64e-05	6.27e-03	1.09e-01	8.85e-01	0.00e+00	0.00e+00	0.00e+00	0.00e+00	0.00e+00
 8.53934e+14	3.06e-18	5.69e-13	1.77e-08	4.50e-05	7.20e-03	1.17e-01	8.76e-01	0.00e+00	0.00e+00	0.00e+00	0.00e+00	0.00e+00
 8.86147e+14	4.44e-18	7.92e-13	2.34e-08	5.57e-05	8.25e-03	1.26e-01	8.65e-01	0.00e+00	0.00e+00	0.00e+00	0.00e+00	0.00e+00
 9.21622e+14	6.58e-18	1.13e-12	3.15e-08	6.98e-05	9.53e-03	1.36e-01	8.54e-01	0.00e+00	0.00e+00	0.00e+00	0.00e+00	0.00e+00
 9.51604e+14	9.09e-18	1.51e-12	4.01e-08	8.39e-05	1.07e-02	1.45e-01	8.44e-01	0.00e+00	0.00e+00	0.00e+00	0.00e+00	0.00e+00
 9.73475e+14	1.14e-17	1.85e-12	4.75e-08	9.54e-05	1.16e-02	1.52e-01	8.37e-01	0.00e+00	0.00e+00	0.00e+00	0.00e+00	0.00e+00
 9.96417e+14	1.45e-17	2.28e-12	5.66e-08	1.09e-04	1.27e-02	1.59e-01	8.29e-01	0.00e+00	0.00e+00	0.00e+00	0.00e+00	0.00e+00
 1.02624e+15	1.96e-17	2.98e-12	7.07e-08	1.29e-04	1.41e-02	1.68e-01	8.18e-01	0.00e+00	0.00e+00	0.00e+00	0.00e+00	0.00e+00
 1.05915e+15	2.75e-17	3.98e-12	8.98e-08	1.54e-04	1.58e-02	1.78e-01	8.06e-01	0.00e+00	0.00e+00	1.59e-17	8.28e-18	2.80e-18
 1.08963e+15	3.68e-17	5.16e-12	1.11e-07	1.81e-04	1.74e-02	1.87e-01	7.95e-01	0.00e+00	0.00e+00	2.11e-17	1.11e-17	3.75e-18
 1.12280e+15	5.03e-17	6.79e-12	1.39e-07	2.14e-04	1.94e-02	1.97e-01	7.83e-01	0.00e+00	0.00e+00	2.89e-17	1.52e-17	5.10e-18
 1.16008e+15	7.06e-17	9.16e-12	1.78e-07	2.57e-04	2.17e-02	2.09e-01	7.69e-01	0.00e+00	0.00e+00	4.06e-17	2.13e-17	7.13e-18
 1.19556e+15	9.65e-17	1.21e-11	2.23e-07	3.04e-04	2.41e-02	2.20e-01	7.55e-01	0.00e+00	0.00e+00	5.56e-17	2.91e-17	9.72e-18
 1.23455e+15	1.35e-16	1.62e-11	2.84e-07	3.63e-04	2.69e-02	2.32e-01	7.40e-01	0.00e+00	0.00e+00	7.77e-17	4.07e-17	1.35e-17
 1.27829e+15	1.95e-16	2.24e-11	3.69e-07	4.40e-04	3.03e-02	2.46e-01	7.23e-01	0.00e+00	0.00e+00	1.13e-16	5.88e-17	1.95e-17
 1.31980e+15	2.73e-16	3.00e-11	4.68e-07	5.24e-04	3.38e-02	2.59e-01	7.07e-01	0.00e+00	0.00e+00	1.58e-16	8.22e-17	2.72e-17
 1.36533e+15	3.92e-16	4.10e-11	6.03e-07	6.30e-04	3.78e-02	2.73e-01	6.89e-01	0.00e+00	0.00e+00	2.26e-16	1.18e-16	3.90e-17
 1.41644e+15	5.81e-16	5.76e-11	7.93e-07	7.70e-04	4.27e-02	2.88e-01	6.68e-01	0.00e+00	0.00e+00	3.36e-16	1.75e-16	5.77e-17
 1.46471e+15	8.30e-16	7.84e-11	1.02e-06	9.20e-04	4.76e-02	3.02e-01	6.49e-01	0.00e+00	0.00e+00	4.80e-16	2.50e-16	8.22e-17
 1.51737e+15	1.21e-15	1.08e-10	1.32e-06	1.11e-03	5.33e-02	3.18e-01	6.28e-01	0.00e+00	0.00e+00	7.03e-16	3.66e-16	1.20e-16
 1.57598e+15	1.83e-15	1.54e-10	1.74e-06	1.36e-03	6.01e-02	3.34e-01	6.05e-01	0.00e+00	0.00e+00	1.06e-15	5.52e-16	1.81e-16
 1.63072e+15	2.65e-15	2.10e-10	2.23e-06	1.62e-03	6.67e-02	3.48e-01	5.83e-01	0.00e+00	0.00e+00	1.53e-15	7.98e-16	2.61e-16
 1.68976e+15	3.90e-15	2.91e-10	2.89e-06	1.94e-03	7.44e-02	3.63e-01	5.60e-01	0.00e+00	0.00e+00	2.26e-15	1.17e-15	3.83e-16
 1.75588e+15	5.91e-15	4.13e-10	3.80e-06	2.36e-03	8.34e-02	3.79e-01	5.35e-01	0.00e+00	0.00e+00	3.43e-15	1.78e-15	5.81e-16
 1.81940e+15	8.72e-15	5.70e-10	4.91e-06	2.83e-03	9.25e-02	3.93e-01	5.11e-01	0.00e+00	0.00e+00	5.05e-15	2.63e-15	8.56e-16
 1.88696e+15	1.30e-14	7.92e-10	6.36e-06	3.39e-03	1.03e-01	4.07e-01	4.87e-01	0.00e+00	0.00e+00	7.53e-15	3.92e-15	1.27e-15
 1.96247e+15	1.99e-14	1.13e-09	8.38e-06	4.10e-03	1.14e-01	4.22e-01	4.60e-01	0.00e+00	0.00e+00	1.16e-14	6.02e-15	1.95e-15
 2.02589e+15	2.82e-14	1.50e-09	1.05e-05	4.79e-03	1.25e-01	4.33e-01	4.38e-01	0.00e+00	0.00e+00	1.64e-14	8.52e-15	2.76e-15
 2.07136e+15	3.59e-14	1.82e-09	1.22e-05	5.32e-03	1.32e-01	4.40e-01	4.23e-01	0.00e+00	0.00e+00	2.08e-14	1.08e-14	3.52e-15
 2.11861e+15	4.60e-14	2.23e-09	1.43e-05	5.92e-03	1.40e-01	4.46e-01	4.07e-01	0.00e+00	0.00e+00	2.67e-14	1.39e-14	4.50e-15
 2.18004e+15	6.28e-14	2.87e-09	1.73e-05	6.77e-03	1.51e-01	4.55e-01	3.88e-01	0.00e+00	0.00e+00	3.64e-14	1.90e-14	6.14e-15
 2.24863e+15	8.79e-14	3.76e-09	2.14e-05	7.81e-03	1.63e-01	4.62e-01	3.67e-01	0.00e+00	0.00e+00	5.10e-14	2.65e-14	8.59e-15
 2.31298e+15	1.19e-13	4.80e-09	2.59e-05	8.88e-03	1.75e-01	4.68e-01	3.48e-01	0.00e+00	0.00e+00	6.93e-14	3.61e-14	1.17e-14
 2.38305e+15	1.65e-13	6.22e-09	3.16e-05	1.02e-02	1.88e-01	4.74e-01	3.28e-01	0.00e+00	0.00e+00	9.58e-14	4.99e-14	1.61e-14
 2.46133e+15	2.34e-13	8.22e-09	3.91e-05	1.17e-02	2.02e-01	4.79e-01	3.07e-01	0.00e+00	0.00e+00	1.36e-13	7.08e-14	2.29e-14
 2.53489e+15	3.21e-13	1.05e-08	4.74e-05	1.33e-02	2.16e-01	4.82e-01	2.88e-01	0.00e+00	0.00e+00	1.86e-13	9.71e-14	3.14e-14
 2.61509e+15	4.49e-13	1.37e-08	5.81e-05	1.52e-02	2.31e-01	4.85e-01	2.69e-01	0.00e+00	0.00e+00	2.61e-13	1.36e-13	4.39e-14
 2.70517e+15	6.44e-13	1.82e-08	7.22e-05	1.75e-02	2.48e-01	4.86e-01	2.49e-01	0.00e+00	0.00e+00	3.74e-13	1.95e-13	6.29e-14
 2.79093e+15	8.96e-13	2.36e-08	8.81e-05	2.00e-02	2.64e-01	4.85e-01	2.31e-01	0.00e+00	0.00e+00	5.20e-13	2.71e-13	8.75e-14
 2.88529e+15	1.28e-12	3.11e-08	1.09e-04	2.28e-02	2.81e-01	4.83e-01	2.12e-01	0.00e+00	0.00e+00	7.41e-13	3.86e-13	1.25e-13
 2.98973e+15	1.85e-12	4.16e-08	1.36e-04	2.63e-02	3.00e-01	4.80e-01	1.93e-01	0.00e+00	0.00e+00	1.08e-12	5.61e-13	1.81e-13
 3.08649e+15	2.59e-12	5.40e-08	1.65e-04	2.98e-02	3.18e-01	4.75e-01	1.77e-01	0.00e+00	0.00e+00	1.51e-12	7.85e-13	2.53e-13
 3.19151e+15	3.70e-12	7.10e-08	2.02e-04	3.39e-02	3.36e-01	4.69e-01	1.61e-01	0.00e+00	0.00e+00	2.15e-12	1.12e-12	3.61e-13
 3.30820e+15	5.39e-12	9.48e-08	2.51e-04	3.88e-02	3.56e-01	4.60e-01	1.45e-01	0.00e+00	0.00e+00	3.13e-12	1.63e-12	5.26e-13
 3.41688e+15	7.54e-12	1.23e-07	3.05e-04	4.36e-02	3.74e-01	4.51e-01	1.31e-01	0.00e+00	0.00e+00	4.38e-12	2.28e-12	7.36e-13
 3.53495e+15	1.08e-11	1.61e-07	3.73e-04	4.93e-02	3.92e-01	4.40e-01	1.17e-01	0.00e+00	0.00e+00	6.26e-12	3.26e-12	1.05e-12
 3.66110e+15	1.54e-11	2.12e-07	4.58e-04	5.58e-02	4.11e-01	4.28e-01	1.05e-01	0.00e+00	0.00e+00	8.96e-12	4.67e-12	1.51e-12
 3.77237e+15	2.09e-11	2.67e-07	5.44e-04	6.18e-02	4.27e-01	4.16e-01	9.44e-02	0.00e+00	0.00e+00	1.21e-11	6.34e-12	2.04e-12
 3.86831e+15	2.70e-11	3.25e-07	6.29e-04	6.73e-02	4.40e-01	4.06e-01	8.63e-02	0.00e+00	0.00e+00	1.57e-11	8.18e-12	2.64e-12
 3.96972e+15	3.52e-11	3.97e-07	7.29e-04	7.34e-02	4.52e-01	3.95e-01	7.86e-02	0.00e+00	0.00e+00	2.05e-11	1.07e-11	3.44e-12
 4.08304e+15	4.67e-11	4.93e-07	8.55e-04	8.04e-02	4.66e-01	3.82e-01	7.07e-02	0.00e+00	0.00e+00	2.72e-11	1.42e-11	4.57e-12
 4.19077e+15	6.06e-11	6.00e-07	9.89e-04	8.74e-02	4.78e-01	3.70e-01	6.40e-02	0.00e+00	0.00e+00	3.52e-11	1.84e-11	5.92e-12
 4.30974e+15	8.06e-11	7.44e-07	1.16e-03	9.55e-02	4.90e-01	3.56e-01	5.73e-02	0.00e+00	0.00e+00	4.68e-11	2.44e-11	7.88e-12
 4.43902e+15	1.08e-10	9.29e-07	1.36e-03	1.05e-01	5.02e-01	3.41e-01	5.08e-02	0.00e+00	0.00e+00	6.27e-11	3.27e-11	1.05e-11
 4.55779e+15	1.40e-10	1.13e-06	1.57e-03	1.13e-01	5.12e-01	3.28e-01	4.55e-02	0.00e+00	0.00e+00	8.11e-11	4.23e-11	1.36e-11
 4.68823e+15	1.85e-10	1.40e-06	1.84e-03	1.23e-01	5.22e-01	3.13e-01	4.03e-02	0.00e+00	0.00e+00	1.08e-10	5.63e-11	1.81e-11
 4.83223e+15	2.49e-10	1.75e-06	2.16e-03	1.35e-01	5.31e-01	2.97e-01	3.52e-02	0.00e+00	0.00e+00	1.45e-10	7.55e-11	2.43e-11
 4.96800e+15	3.24e-10	2.14e-06	2.51e-03	1.46e-01	5.39e-01	2.82e-01	3.11e-02	0.00e+00	0.00e+00	1.89e-10	9.85e-11	3.17e-11
 5.11864e+15	4.37e-10	2.68e-06	2.95e-03	1.58e-01	5.46e-01	2.66e-01	2.70e-02	0.00e+00	0.00e+00	2.54e-10	1.33e-10	4.28e-11
 5.28087e+15	5.86e-10	3.35e-06	3.48e-03	1.72e-01	5.52e-01	2.49e-01	2.33e-02	0.00e+00	0.00e+00	3.41e-10	1.78e-10	5.74e-11
 5.42620e+15	7.56e-10	4.08e-06	4.02e-03	1.85e-01	5.55e-01	2.35e-01	2.04e-02	0.00e+00	0.00e+00	4.40e-10	2.30e-10	7.42e-11
 5.58318e+15	1.00e-09	5.04e-06	4.68e-03	2.00e-01	5.58e-01	2.20e-01	1.76e-02	0.00e+00	0.00e+00	5.83e-10	3.05e-10	9.83e-11
 5.75618e+15	1.34e-09	6.27e-06	5.50e-03	2.16e-01	5.59e-01	2.04e-01	1.50e-02	0.00e+00	0.00e+00	7.77e-10	4.06e-10	1.31e-10
 5.91578e+15	1.72e-09	7.61e-06	6.35e-03	2.31e-01	5.59e-01	1.91e-01	1.29e-02	0.00e+00	0.00e+00	9.99e-10	5.22e-10	1.69e-10
 6.08904e+15	2.29e-09	9.44e-06	7.41e-03	2.48e-01	5.57e-01	1.76e-01	1.10e-02	0.00e+00	0.00e+00	1.33e-09	6.95e-10	2.25e-10
 6.27722e+15	3.03e-09	1.17e-05	8.70e-03	2.67e-01	5.54e-01	1.62e-01	9.24e-03	0.00e+00	0.00e+00	1.76e-09	9.23e-10	2.98e-10
 6.43863e+15	3.80e-09	1.40e-05	9.93e-03	2.83e-01	5.49e-01	1.50e-01	7.97e-03	0.00e+00	0.00e+00	2.21e-09	1.16e-09	3.74e-10
 6.57899e+15	4.67e-09	1.64e-05	1.11e-02	2.97e-01	5.44e-01	1.41e-01	6.99e-03	0.00e+00	0.00e+00	2.72e-09	1.42e-09	4.60e-10
 6.73819e+15	5.91e-09	1.96e-05	1.27e-02	3.13e-01	5.38e-01	1.30e-01	6.02e-03	0.00e+00	0.00e+00	3.44e-09	1.80e-09	5.82e-10
 6.91677e+15	7.57e-09	2.37e-05	1.46e-02	3.32e-01	5.29e-01	1.19e-01	5.09e-03	0.00e+00	0.00e+00	4.40e-09	2.31e-09	7.47e-10
 7.08165e+15	9.42e-09	2.80e-05	1.66e-02	3.49e-01	5.21e-01	1.10e-01	4.36e-03	0.00e+00	0.00e+00	5.48e-09	2.87e-09	9.31e-10
 7.23145e+15	1.15e-08	3.28e-05	1.86e-02	3.64e-01	5.12e-01	1.02e-01	3.78e-03	0.00e+00	0.00e+00	6.71e-09	3.52e-09	1.14e-09
 7.40052e+15	1.46e-08	3.92e-05	2.12e-02	3.82e-01	5.01e-01	9.29e-02	3.21e-03	0.00e+00	0.00e+00	8.52e-09	4.47e-09	1.45e-09
 7.58362e+15	1.87e-08	4.73e-05	2.43e-02	4.01e-01	4.88e-01	8.42e-02	2.69e-03	0.00e+00	0.00e+00	1.09e-08	5.70e-09	1.85e-09
 7.74705e+15	2.30e-08	5.56e-05	2.74e-02	4.18e-01	4.76e-01	7.70e-02	2.30e-03	0.00e+00	0.00e+00	1.34e-08	7.03e-09	2.28e-09
 7.89870e+15	2.82e-08	6.49e-05	3.07e-02	4.33e-01	4.63e-01	7.06e-02	1.98e-03	0.00e+00	0.00e+00	1.64e-08	8.59e-09	2.79e-09
 8.07296e+15	3.57e-08	7.78e-05	3.50e-02	4.51e-01	4.49e-01	6.38e-02	1.66e-03	0.00e+00	0.00e+00	2.07e-08	1.09e-08	3.54e-09
 8.25994e+15	4.58e-08	9.42e-05	4.02e-02	4.69e-01	4.32e-01	5.70e-02	1.37e-03	0.00e+00	0.00e+00	2.67e-08	1.40e-08	4.55e-09
 8.42287e+15	5.65e-08	1.11e-04	4.53e-02	4.85e-01	4.17e-01	5.16e-02	1.16e-03	0.00e+00	0.00e+00	3.29e-08	1.73e-08	5.62e-09
 8.57079e+15	6.91e-08	1.29e-04	5.07e-02	4.99e-01	4.02e-01	4.69e-02	9.90e-04	0.00e+00	0.00e+00	4.02e-08	2.11e-08	6.87e-09
 8.73977e+15	8.74e-08	1.55e-04	5.78e-02	5.14e-01	3.85e-01	4.19e-02	8.22e-04	0.00e+00	0.00e+00	5.09e-08	2.67e-08	8.70e-09
 8.92085e+15	1.13e-07	1.89e-04	6.65e-02	5.30e-01	3.66e-01	3.70e-02	6.71e-04	0.00e+00	0.00e+00	6.60e-08	3.46e-08	1.13e-08
 9.07673e+15	1.41e-07	2.23e-04	7.51e-02	5.42e-01	3.49e-01	3.31e-02	5.62e-04	0.00e+00	0.00e+00	8.19e-08	4.30e-08	1.40e-08
 9.21509e+15	1.73e-07	2.60e-04	8.40e-02	5.52e-01	3.33e-01	2.98e-02	4.77e-04	0.00e+00	0.00e+00	1.00e-07	5.28e-08	1.72e-08
 9.37163e+15	2.19e-07	3.12e-04	9.57e-02	5.63e-01	3.15e-01	2.63e-02	3.93e-04	0.00e+00	0.00e+00	1.27e-07	6.69e-08	2.18e-08
 9.53905e+15	2.88e-07	3.84e-04	1.10e-01	5.72e-01	2.94e-01	2.28e-02	3.15e-04	0.00e+00	0.00e+00	1.68e-07	8.82e-08	2.88e-08
 9.67691e+15	3.57e-07	4.53e-04	1.24e-01	5.78e-01	2.77e-01	2.02e-02	2.63e-04	0.00e+00	0.00e+00	2.08e-07	1.09e-07	3.57e-08
 9.78981e+15	4.31e-07	5.23e-04	1.37e-01	5.81e-01	2.63e-01	1.82e-02	2.24e-04	0.00e+00	0.00e+00	2.51e-07	1.32e-07	4.31e-08
 9.91400e+15	5.13e-07	6.01e-04	1.54e-01	5.84e-01	2.46e-01	1.61e-02	1.88e-04	0.00e+00	0.00e+00	2.99e-07	1.57e-07	5.13e-08
 1.00754e+16	7.43e-07	7.85e-04	1.81e-01	5.82e-01	2.23e-01	1.33e-02	1.42e-04	0.00e+00	0.00e+00	4.33e-07	2.27e-07	7.44e-08
 1.02165e+16	9.51e-07	9.49e-04	2.07e-01	5.78e-01	2.03e-01	1.13e-02	1.13e-04	0.00e+00	0.00e+00	5.54e-07	2.91e-07	9.53e-08
 1.02956e+16	1.10e-06	1.06e-03	2.24e-01	5.73e-01	1.92e-01	1.03e-02	9.82e-05	0.00e+00	0.00e+00	6.43e-07	3.38e-07	1.11e-07
 1.03630e+16	1.28e-06	1.19e-03	2.40e-01	5.68e-01	1.81e-01	9.33e-03	8.58e-05	0.00e+00	0.00e+00	7.47e-07	3.93e-07	1.29e-07
 1.04506e+16	1.48e-06	1.33e-03	2.63e-01	5.60e-01	1.68e-01	8.22e-03	7.22e-05	0.00e+00	0.00e+00	8.64e-07	4.55e-07	1.49e-07
 1.05489e+16	1.84e-06	1.56e-03	2.92e-01	5.47e-01	1.52e-01	7.03e-03	5.83e-05	0.00e+00	0.00e+00	1.07e-06	5.63e-07	1.85e-07
 1.06317e+16	2.33e-06	1.84e-03	3.21e-01	5.33e-01	1.39e-01	6.06e-03	4.75e-05	0.00e+00	0.00e+00	1.35e-06	7.13e-07	2.34e-07
 1.06887e+16	2.66e-06	2.03e-03	3.41e-01	5.22e-01	1.30e-01	5.46e-03	4.12e-05	0.00e+00	0.00e+00	1.55e-06	8.14e-07	2.67e-07
 1.07414e+16	2.96e-06	2.21e-03	3.62e-01	5.10e-01	1.21e-01	4.91e-03	3.59e-05	0.00e+00	0.00e+00	1.72e-06	9.08e-07	2.98e-07
 1.08099e+16	3.51e-06	2.50e-03	3.91e-01	4.93e-01	1.10e-01	4.23e-03	2.94e-05	0.00e+00	0.00e+00	2.04e-06	1.08e-06	3.53e-07
 1.08832e+16	4.24e-06	2.86e-03	4.24e-01	4.72e-01	9.79e-02	3.57e-03	2.35e-05	0.00e+00	0.00e+00	2.47e-06	1.30e-06	4.27e-07
 1.09455e+16	5.22e-06	3.29e-03	4.56e-01	4.50e-01	8.78e-02	3.03e-03	1.89e-05	0.00e+00	0.00e+00	3.04e-06	1.60e-06	5.26e-07
 1.09945e+16	5.96e-06	3.61e-03	4.81e-01	4.33e-01	8.01e-02	2.65e-03	1.59e-05	0.00e+00	0.00e+00	3.47e-06	1.83e-06	6.01e-07
 1.10434e+16	6.68e-06	3.92e-03	5.07e-01	4.14e-01	7.24e-02	2.30e-03	1.32e-05	0.00e+00	0.00e+00	3.89e-06	2.05e-06	6.74e-07
 1.11071e+16	8.31e-06	4.54e-03	5.44e-01	3.87e-01	6.26e-02	1.86e-03	1.00e-05	0.00e+00	0.00e+00	4.83e-06	2.55e-06	8.39e-07
 1.11690e+16	9.57e-06	5.01e-03	5.79e-01	3.61e-01	5.40e-02	1.51e-03	7.75e-06	0.00e+00	0.00e+00	5.57e-06	2.94e-06	9.67e-07
 1.12286e+16	1.15e-05	5.66e-03	6.15e-01	3.32e-01	4.58e-02	1.20e-03	5.78e-06	0.00e+00	0.00e+00	6.68e-06	3.53e-06	1.16e-06
 1.12906e+16	1.38e-05	6.39e-03	6.52e-01	3.03e-01	3.82e-02	9.33e-04	4.20e-06	0.00e+00	0.00e+00	8.05e-06	4.25e-06	1.40e-06
 1.13423e+16	1.68e-05	7.20e-03	6.83e-01	2.76e-01	3.23e-02	7.36e-04	3.10e-06	0.00e+00	0.00e+00	9.75e-06	5.15e-06	1.70e-06
 1.13859e+16	1.86e-05	7.71e-03	7.08e-01	2.56e-01	2.79e-02	6.05e-04	2.43e-06	0.00e+00	0.00e+00	1.08e-05	5.71e-06	1.89e-06
 1.14322e+16	2.21e-05	8.58e-03	7.35e-01	2.32e-01	2.34e-02	4.72e-04	1.78e-06	0.00e+00	0.00e+00	1.29e-05	6.80e-06	2.25e-06
 1.14838e+16	2.59e-05	9.45e-03	7.63e-01	2.08e-01	1.92e-02	3.59e-04	1.27e-06	0.00e+00	0.00e+00	1.51e-05	7.95e-06	2.63e-06
 1.15422e+16	3.08e-05	1.05e-02	7.92e-01	1.82e-01	1.50e-02	2.58e-04	8.38e-07	0.00e+00	0.00e+00	1.79e-05	9.47e-06	3.14e-06
 1.16056e+16	3.72e-05	1.17e-02	8.21e-01	1.56e-01	1.14e-02	1.77e-04	0.00e+00	0.00e+00	0.00e+00	2.16e-05	1.14e-05	3.79e-06
 1.16633e+16	4.40e-05	1.29e-02	8.44e-01	1.34e-01	8.74e-03	1.23e-04	0.00e+00	0.00e+00	0.00e+00	2.56e-05	1.35e-05	4.49e-06
 1.17260e+16	5.29e-05	1.44e-02	8.66e-01	1.13e-01	6.43e-03	8.07e-05	0.00e+00	0.00e+00	0.00e+00	3.08e-05	1.63e-05	5.40e-06
 1.17831e+16	6.16e-05	1.56e-02	8.82e-01	9.71e-02	4.91e-03	5.59e-05	0.00e+00	0.00e+00	0.00e+00	3.58e-05	1.89e-05	6.30e-06
 1.18215e+16	6.84e-05	1.65e-02	8.92e-01	8.72e-02	4.06e-03	4.31e-05	0.00e+00	0.00e+00	0.00e+00	3.98e-05	2.10e-05	7.00e-06
 1.18599e+16	7.61e-05	1.75e-02	9.01e-01	7.79e-02	3.32e-03	3.27e-05	0.00e+00	0.00e+00	0.00e+00	4.42e-05	2.34e-05	7.79e-06
 1.19099e+16	8.71e-05	1.89e-02	9.11e-01	6.72e-02	2.55e-03	2.27e-05	0.00e+00	0.00e+00	0.00e+00	5.07e-05	2.68e-05	8.93e-06
 1.19643e+16	1.00e-04	2.04e-02	9.20e-01	5.74e-02	1.93e-03	1.54e-05	0.00e+00	0.00e+00	0.00e+00	5.84e-05	3.09e-05	1.03e-05
 1.20141e+16	1.14e-04	2.18e-02	9.27e-01	4.97e-02	1.50e-03	1.08e-05	0.00e+00	0.00e+00	0.00e+00	6.63e-05	3.51e-05	1.17e-05
 1.20684e+16	1.31e-04	2.34e-02	9.33e-01	4.23e-02	1.12e-03	7.23e-06	0.00e+00	0.00e+00	0.00e+00	7.61e-05	4.03e-05	1.34e-05
 1.21288e+16	1.52e-04	2.54e-02	9.38e-01	3.55e-02	8.21e-04	4.67e-06	0.00e+00	0.00e+00	0.00e+00	8.86e-05	4.69e-05	1.57e-05
 1.21833e+16	1.74e-04	2.72e-02	9.42e-01	3.04e-02	6.26e-04	3.18e-06	0.00e+00	0.00e+00	0.00e+00	1.01e-04	5.36e-05	1.79e-05
 1.22320e+16	1.96e-04	2.90e-02	9.44e-01	2.65e-02	4.90e-04	2.25e-06	0.00e+00	0.00e+00	0.00e+00	1.14e-04	6.04e-05	2.02e-05
 1.22867e+16	2.24e-04	3.11e-02	9.46e-01	2.26e-02	3.70e-04	1.51e-06	0.00e+00	0.00e+00	0.00e+00	1.30e-04	6.90e-05	2.31e-05
 1.23472e+16	2.60e-04	3.36e-02	9.47e-01	1.91e-02	2.75e-04	9.81e-07	0.00e+00	0.00e+00	0.00e+00	1.51e-04	8.01e-05	2.68e-05
 1.24020e+16	2.97e-04	3.60e-02	9.47e-01	1.65e-02	2.12e-04	0.00e+00	0.00e+00	0.00e+00	0.00e+00	1.73e-04	9.15e-05	3.06e-05
 1.24515e+16	3.35e-04	3.83e-02	9.47e-01	1.44e-02	1.67e-04	0.00e+00	0.00e+00	0.00e+00	0.00e+00	1.95e-04	1.03e-04	3.45e-05
 1.25071e+16	3.84e-04	4.12e-02	9.46e-01	1.24e-02	1.28e-04	0.00e+00	0.00e+00	0.00e+00	0.00e+00	2.24e-04	1.18e-04	3.96e-05
