#depth	C	C+	C+2	C+3	C+4	C+5	C+6	C[1]	C[2]	C[3]	C+[1]	C+[2]	CO
 1.49634e+10	0.00e+00	3.08e-32	4.49e-22	1.22e-12	1.53e-02	9.65e-01	1.99e-02	0.00e+00	0.00e+00	0.00e+00	0.00e+00	0.00e+00	4.88e-163
 4.54887e+10	3.64e-43	4.23e-32	5.70e-22	1.44e-12	1.66e-02	9.65e-01	1.83e-02	0.00e+00	0.00e+00	0.00e+00	0.00e+00	0.00e+00	3.73e-228
 7.72350e+10	0.00e+00	5.81e-32	7.24e-22	1.69e-12	1.80e-02	9.65e-01	1.70e-02	0.00e+00	0.00e+00	0.00e+00	0.00e+00	0.00e+00	6.11e-162
 1.10251e+11	8.06e-43	8.00e-32	9.20e-22	1.98e-12	1.95e-02	9.65e-01	1.57e-02	0.00e+00	0.00e+00	0.00e+00	0.00e+00	0.00e+00	1.79e-227
 1.44588e+11	0.00e+00	1.10e-31	1.17e-21	2.32e-12	2.12e-02	9.64e-01	1.45e-02	0.00e+00	0.00e+00	0.00e+00	0.00e+00	0.00e+00	7.63e-161
 1.80298e+11	1.79e-42	1.51e-31	1.49e-21	2.73e-12	2.30e-02	9.64e-01	1.33e-02	0.00e+00	0.00e+00	0.00e+00	0.00e+00	0.00e+00	8.53e-227
 2.15841e+11	0.00e+00	2.05e-31	1.87e-21	3.18e-12	2.48e-02	9.63e-01	1.24e-02	0.00e+00	0.00e+00	0.00e+00	0.00e+00	0.00e+00	9.07e-160
 2.52806e+11	3.84e-42	2.79e-31	2.36e-21	3.72e-12	2.69e-02	9.62e-01	1.14e-02	0.00e+00	0.00e+00	0.00e+00	0.00e+00	0.00e+00	3.98e-226
 2.92845e+11	0.00e+00	3.85e-31	3.00e-21	4.36e-12	2.91e-02	9.60e-01	1.05e-02	0.00e+00	0.00e+00	0.00e+00	0.00e+00	0.00e+00	1.08e-158
 3.33605e+11	8.46e-42	5.26e-31	3.80e-21	5.11e-12	3.15e-02	9.59e-01	9.74e-03	0.00e+00	0.00e+00	0.00e+00	0.00e+00	0.00e+00	1.81e-225
 3.75996e+11	0.00e+00	7.21e-31	4.81e-21	5.99e-12	3.42e-02	9.57e-01	8.99e-03	0.00e+00	0.00e+00	0.00e+00	0.00e+00	0.00e+00	1.30e-157
 4.20962e+11	1.87e-41	9.93e-31	6.12e-21	7.03e-12	3.71e-02	9.55e-01	8.28e-03	0.00e+00	0.00e+00	0.00e+00	0.00e+00	0.00e+00	8.15e-225
 4.67728e+11	0.00e+00	1.37e-30	7.79e-21	8.27e-12	4.02e-02	9.52e-01	7.62e-03	0.00e+00	0.00e+00	0.00e+00	0.00e+00	0.00e+00	1.65e-156
 5.16364e+11	4.17e-41	1.89e-30	9.93e-21	9.72e-12	4.36e-02	9.49e-01	7.01e-03	0.00e+00	0.00e+00	0.00e+00	0.00e+00	0.00e+00	3.73e-224
 5.66945e+11	0.00e+00	2.61e-30	1.26e-20	1.14e-11	4.73e-02	9.46e-01	6.45e-03	0.00e+00	0.00e+00	0.00e+00	0.00e+00	0.00e+00	2.10e-155
 6.19550e+11	9.33e-41	3.60e-30	1.61e-20	1.34e-11	5.13e-02	9.43e-01	5.93e-03	0.00e+00	0.00e+00	0.00e+00	0.00e+00	0.00e+00	1.66e-223
 6.74258e+11	0.00e+00	4.97e-30	2.06e-20	1.58e-11	5.57e-02	9.39e-01	5.45e-03	0.00e+00	0.00e+00	0.00e+00	0.00e+00	0.00e+00	2.69e-154
 7.31155e+11	2.09e-40	6.88e-30	2.62e-20	1.86e-11	6.04e-02	9.35e-01	5.00e-03	0.00e+00	0.00e+00	0.00e+00	0.00e+00	0.00e+00	6.94e-223
 7.90328e+11	0.00e+00	9.51e-30	3.35e-20	2.19e-11	6.55e-02	9.30e-01	4.59e-03	0.00e+00	0.00e+00	0.00e+00	0.00e+00	0.00e+00	3.47e-153
 8.51868e+11	4.70e-40	1.32e-29	4.27e-20	2.58e-11	7.11e-02	9.25e-01	4.21e-03	0.00e+00	0.00e+00	0.00e+00	0.00e+00	0.00e+00	2.62e-222
 9.15870e+11	0.00e+00	1.82e-29	5.46e-20	3.03e-11	7.71e-02	9.19e-01	3.86e-03	0.00e+00	0.00e+00	0.00e+00	0.00e+00	0.00e+00	4.51e-152
 9.82431e+11	1.06e-39	2.52e-29	6.97e-20	3.57e-11	8.36e-02	9.13e-01	3.53e-03	0.00e+00	0.00e+00	0.00e+00	0.00e+00	0.00e+00	1.06e-221
 1.05166e+12	0.00e+00	3.50e-29	8.91e-20	4.20e-11	9.07e-02	9.06e-01	3.23e-03	0.00e+00	0.00e+00	0.00e+00	0.00e+00	0.00e+00	5.90e-151
 1.12365e+12	2.40e-39	4.86e-29	1.14e-19	4.95e-11	9.84e-02	8.99e-01	2.95e-03	0.00e+00	0.00e+00	0.00e+00	0.00e+00	0.00e+00	0.00e+00
 1.19852e+12	0.00e+00	6.74e-29	1.46e-19	5.83e-11	1.07e-01	8.91e-01	2.69e-03	0.00e+00	0.00e+00	0.00e+00	0.00e+00	0.00e+00	7.79e-150
 1.27639e+12	5.45e-39	9.36e-29	1.87e-19	6.87e-11	1.16e-01	8.82e-01	2.45e-03	0.00e+00	0.00e+00	0.00e+00	0.00e+00	0.00e+00	0.00e+00
 1.35737e+12	0.00e+00	1.30e-28	2.39e-19	8.10e-11	1.25e-01	8.73e-01	2.23e-03	0.00e+00	0.00e+00	0.00e+00	0.00e+00	0.00e+00	1.04e-148
 1.44159e+12	1.24e-38	1.81e-28	3.06e-19	9.54e-11	1.36e-01	8.62e-01	2.03e-03	0.00e+00	0.00e+00	0.00e+00	0.00e+00	0.00e+00	0.00e+00
 1.52918e+12	0.00e+00	2.52e-28	3.92e-19	1.12e-10	1.47e-01	8.51e-01	1.84e-03	0.00e+00	0.00e+00	0.00e+00	0.00e+00	0.00e+00	1.40e-147
 1.61075e+12	2.72e-38	3.38e-28	4.90e-19	1.30e-10	1.57e-01	8.41e-01	1.69e-03	0.00e+00	0.00e+00	0.00e+00	0.00e+00	0.00e+00	0.00e+00
 1.68244e+12	0.00e+00	4.35e-28	5.91e-19	1.47e-10	1.67e-01	8.31e-01	1.57e-03	0.00e+00	0.00e+00	0.00e+00	0.00e+00	0.00e+00	1.21e-146
 1.76242e+12	5.25e-38	5.73e-28	7.26e-19	1.69e-10	1.78e-01	8.21e-01	1.44e-03	0.00e+00	0.00e+00	0.00e+00	0.00e+00	0.00e+00	0.00e+00
 1.85875e+12	0.00e+00	7.87e-28	9.21e-19	1.97e-10	1.92e-01	8.07e-01	1.31e-03	0.00e+00	0.00e+00	0.00e+00	0.00e+00	0.00e+00	1.25e-145
 1.95596e+12	1.15e-37	1.07e-27	1.16e-18	2.29e-10	2.06e-01	7.93e-01	1.19e-03	0.00e+00	0.00e+00	0.00e+00	0.00e+00	0.00e+00	0.00e+00
 2.04561e+12	0.00e+00	1.41e-27	1.43e-18	2.63e-10	2.19e-01	7.80e-01	1.08e-03	0.00e+00	0.00e+00	0.00e+00	0.00e+00	0.00e+00	1.27e-144
 2.14579e+12	2.36e-37	1.90e-27	1.78e-18	3.03e-10	2.34e-01	7.65e-01	9.85e-04	0.00e+00	0.00e+00	0.00e+00	0.00e+00	0.00e+00	0.00e+00
 2.26143e+12	0.00e+00	2.65e-27	2.28e-18	3.56e-10	2.51e-01	7.48e-01	8.82e-04	0.00e+00	0.00e+00	0.00e+00	0.00e+00	0.00e+00	1.52e-143
 2.37441e+12	5.29e-37	3.61e-27	2.88e-18	4.14e-10	2.69e-01	7.30e-01	7.94e-04	0.00e+00	0.00e+00	0.00e+00	0.00e+00	0.00e+00	0.00e+00
 2.48101e+12	0.00e+00	4.80e-27	3.56e-18	4.74e-10	2.86e-01	7.14e-01	7.20e-04	0.00e+00	0.00e+00	0.00e+00	0.00e+00	0.00e+00	1.62e-142
 2.59927e+12	1.10e-36	6.48e-27	4.45e-18	5.48e-10	3.04e-01	6.95e-01	6.47e-04	0.00e+00	0.00e+00	0.00e+00	0.00e+00	0.00e+00	0.00e+00
 2.73317e+12	0.00e+00	9.00e-27	5.68e-18	6.41e-10	3.25e-01	6.75e-01	5.75e-04	0.00e+00	0.00e+00	0.00e+00	0.00e+00	0.00e+00	2.00e-141
 2.86575e+12	2.47e-36	1.23e-26	7.16e-18	7.43e-10	3.46e-01	6.54e-01	5.12e-04	0.00e+00	0.00e+00	0.00e+00	0.00e+00	0.00e+00	0.00e+00
 3.00364e+12	0.00e+00	1.68e-26	9.02e-18	8.60e-10	3.67e-01	6.33e-01	4.55e-04	0.00e+00	0.00e+00	0.00e+00	0.00e+00	0.00e+00	2.45e-140
 3.15371e+12	5.50e-36	2.32e-26	1.15e-17	1.00e-09	3.90e-01	6.09e-01	4.01e-04	0.00e+00	0.00e+00	0.00e+00	0.00e+00	0.00e+00	0.00e+00
 3.30521e+12	0.00e+00	3.18e-26	1.45e-17	1.16e-09	4.13e-01	5.87e-01	3.54e-04	0.00e+00	0.00e+00	0.00e+00	0.00e+00	0.00e+00	3.23e-139
 3.46277e+12	1.21e-35	4.34e-26	1.82e-17	1.34e-09	4.36e-01	5.63e-01	3.11e-04	0.00e+00	0.00e+00	0.00e+00	0.00e+00	0.00e+00	0.00e+00
 3.63121e+12	0.00e+00	5.97e-26	2.30e-17	1.55e-09	4.61e-01	5.39e-01	2.72e-04	0.00e+00	0.00e+00	0.00e+00	0.00e+00	0.00e+00	4.24e-138
 3.80639e+12	2.71e-35	8.19e-26	2.91e-17	1.79e-09	4.85e-01	5.14e-01	2.37e-04	0.00e+00	0.00e+00	0.00e+00	0.00e+00	0.00e+00	0.00e+00
 3.98857e+12	0.00e+00	1.12e-25	3.66e-17	2.06e-09	5.10e-01	4.90e-01	2.06e-04	0.00e+00	0.00e+00	0.00e+00	0.00e+00	0.00e+00	5.68e-137
 4.17804e+12	6.00e-35	1.53e-25	4.60e-17	2.37e-09	5.35e-01	4.65e-01	1.79e-04	0.00e+00	0.00e+00	0.00e+00	0.00e+00	0.00e+00	0.00e+00
 4.37509e+12	8.88e-35	2.09e-25	5.77e-17	2.72e-09	5.59e-01	4.41e-01	1.55e-04	0.00e+00	0.00e+00	0.00e+00	0.00e+00	0.00e+00	2.68e-117
 4.56334e+12	1.27e-34	2.77e-25	7.10e-17	3.09e-09	5.81e-01	4.19e-01	1.35e-04	0.00e+00	0.00e+00	0.00e+00	0.00e+00	0.00e+00	0.00e+00
 4.73598e+12	1.74e-34	3.54e-25	8.51e-17	3.44e-09	6.01e-01	3.99e-01	1.20e-04	0.00e+00	0.00e+00	0.00e+00	0.00e+00	0.00e+00	1.87e-116
 4.93110e+12	2.46e-34	4.64e-25	1.03e-16	3.87e-09	6.21e-01	3.79e-01	1.05e-04	0.00e+00	0.00e+00	0.00e+00	0.00e+00	0.00e+00	3.14e-98
 5.14771e+12	3.54e-34	6.18e-25	1.28e-16	4.38e-09	6.43e-01	3.57e-01	9.03e-05	0.00e+00	0.00e+00	0.00e+00	0.00e+00	0.00e+00	1.03e-281
 5.35065e+12	4.92e-34	7.98e-25	1.54e-16	4.89e-09	6.62e-01	3.37e-01	7.90e-05	0.00e+00	0.00e+00	0.00e+00	0.00e+00	0.00e+00	3.78e-115
 5.57118e+12	6.91e-34	1.04e-24	1.87e-16	5.48e-09	6.82e-01	3.18e-01	6.85e-05	0.00e+00	0.00e+00	0.00e+00	0.00e+00	0.00e+00	3.88e-97
 5.81827e+12	9.97e-34	1.39e-24	2.30e-16	6.19e-09	7.02e-01	2.98e-01	5.86e-05	0.00e+00	0.00e+00	0.00e+00	0.00e+00	0.00e+00	1.74e-275
 6.05566e+12	1.40e-33	1.81e-24	2.78e-16	6.92e-09	7.21e-01	2.79e-01	5.06e-05	0.00e+00	0.00e+00	0.00e+00	0.00e+00	0.00e+00	8.05e-114
 6.30823e+12	1.96e-33	2.36e-24	3.37e-16	7.74e-09	7.38e-01	2.62e-01	4.35e-05	0.00e+00	0.00e+00	0.00e+00	0.00e+00	0.00e+00	4.98e-96
 6.59048e+12	2.83e-33	3.14e-24	4.15e-16	8.72e-09	7.57e-01	2.43e-01	3.69e-05	0.00e+00	0.00e+00	0.00e+00	0.00e+00	0.00e+00	1.28e-278
 6.87042e+12	4.00e-33	4.11e-24	5.04e-16	9.75e-09	7.73e-01	2.26e-01	3.14e-05	0.00e+00	0.00e+00	0.00e+00	0.00e+00	0.00e+00	1.82e-112
 7.16156e+12	5.64e-33	5.37e-24	6.12e-16	1.09e-08	7.89e-01	2.11e-01	2.68e-05	0.00e+00	0.00e+00	0.00e+00	0.00e+00	0.00e+00	6.65e-95
 7.44770e+12	7.80e-33	6.91e-24	7.34e-16	1.21e-08	8.04e-01	1.96e-01	2.29e-05	0.00e+00	0.00e+00	0.00e+00	0.00e+00	0.00e+00	1.34e-111
 7.69729e+12	1.02e-32	8.54e-24	8.56e-16	1.32e-08	8.15e-01	1.85e-01	2.01e-05	0.00e+00	0.00e+00	0.00e+00	0.00e+00	0.00e+00	2.88e-94
 7.96994e+12	1.36e-32	1.07e-23	1.00e-15	1.44e-08	8.26e-01	1.73e-01	1.75e-05	0.00e+00	0.00e+00	0.00e+00	0.00e+00	0.00e+00	7.11e-111
 8.30149e+12	1.90e-32	1.38e-23	1.21e-15	1.60e-08	8.39e-01	1.61e-01	1.49e-05	0.00e+00	0.00e+00	0.00e+00	0.00e+00	0.00e+00	1.33e-93
 8.63527e+12	2.61e-32	1.78e-23	1.45e-15	1.78e-08	8.51e-01	1.49e-01	1.26e-05	0.00e+00	0.00e+00	0.00e+00	0.00e+00	0.00e+00	5.11e-110
 8.93564e+12	3.45e-32	2.20e-23	1.70e-15	1.94e-08	8.61e-01	1.39e-01	1.10e-05	0.00e+00	0.00e+00	0.00e+00	0.00e+00	0.00e+00	5.82e-93
 9.26692e+12	4.62e-32	2.77e-23	2.00e-15	2.12e-08	8.70e-01	1.30e-01	9.46e-06	0.00e+00	0.00e+00	0.00e+00	0.00e+00	0.00e+00	2.89e-109
 9.65820e+12	6.45e-32	3.59e-23	2.42e-15	2.36e-08	8.80e-01	1.20e-01	7.96e-06	0.00e+00	0.00e+00	0.00e+00	0.00e+00	0.00e+00	2.75e-92
 1.00454e+13	8.83e-32	4.58e-23	2.88e-15	2.60e-08	8.89e-01	1.11e-01	6.74e-06	0.00e+00	0.00e+00	0.00e+00	0.00e+00	0.00e+00	2.08e-108
 1.04046e+13	1.17e-31	5.70e-23	3.38e-15	2.84e-08	8.97e-01	1.03e-01	5.82e-06	0.00e+00	0.00e+00	0.00e+00	0.00e+00	0.00e+00	1.20e-91
 1.08071e+13	1.58e-31	7.20e-23	4.00e-15	3.12e-08	9.05e-01	9.54e-02	4.95e-06	0.00e+00	0.00e+00	0.00e+00	0.00e+00	0.00e+00	1.23e-107
 1.12693e+13	2.19e-31	9.32e-23	4.82e-15	3.46e-08	9.13e-01	8.75e-02	4.14e-06	0.00e+00	0.00e+00	0.00e+00	0.00e+00	0.00e+00	5.79e-91
 1.17244e+13	2.99e-31	1.19e-22	5.75e-15	3.81e-08	9.19e-01	8.06e-02	3.50e-06	0.00e+00	0.00e+00	0.00e+00	0.00e+00	0.00e+00	8.94e-107
 1.21978e+13	4.07e-31	1.51e-22	6.84e-15	4.20e-08	9.26e-01	7.42e-02	2.95e-06	0.00e+00	0.00e+00	0.00e+00	0.00e+00	0.00e+00	2.73e-90
 1.27156e+13	5.63e-31	1.94e-22	8.21e-15	4.64e-08	9.32e-01	6.80e-02	2.47e-06	0.00e+00	0.00e+00	0.00e+00	0.00e+00	0.00e+00	6.38e-106
 1.32408e+13	7.70e-31	2.48e-22	9.80e-15	5.11e-08	9.38e-01	6.25e-02	2.07e-06	0.00e+00	0.00e+00	0.00e+00	0.00e+00	0.00e+00	1.35e-89
 1.37871e+13	1.05e-30	3.16e-22	1.17e-14	5.62e-08	9.43e-01	5.74e-02	1.74e-06	0.00e+00	0.00e+00	0.00e+00	0.00e+00	0.00e+00	4.50e-105
 1.43685e+13	1.44e-30	4.05e-22	1.40e-14	6.20e-08	9.47e-01	5.26e-02	1.46e-06	0.00e+00	0.00e+00	0.00e+00	0.00e+00	0.00e+00	6.61e-89
 1.49732e+13	1.98e-30	5.17e-22	1.67e-14	6.83e-08	9.52e-01	4.82e-02	1.22e-06	0.00e+00	0.00e+00	0.00e+00	0.00e+00	0.00e+00	3.29e-104
 1.56020e+13	2.70e-30	6.60e-22	1.99e-14	7.52e-08	9.56e-01	4.41e-02	1.02e-06	0.00e+00	0.00e+00	0.00e+00	0.00e+00	0.00e+00	3.27e-88
 1.62560e+13	3.69e-30	8.41e-22	2.37e-14	8.26e-08	9.60e-01	4.05e-02	8.58e-07	0.00e+00	0.00e+00	0.00e+00	0.00e+00	0.00e+00	2.39e-103
 1.69134e+13	4.99e-30	1.06e-21	2.80e-14	9.05e-08	9.63e-01	3.72e-02	0.00e+00	0.00e+00	0.00e+00	0.00e+00	0.00e+00	0.00e+00	1.57e-87
 1.75361e+13	6.56e-30	1.31e-21	3.26e-14	9.83e-08	9.66e-01	3.44e-02	0.00e+00	0.00e+00	0.00e+00	0.00e+00	0.00e+00	0.00e+00	1.49e-102
 1.82065e+13	8.70e-30	1.64e-21	3.82e-14	1.07e-07	9.68e-01	3.18e-02	0.00e+00	0.00e+00	0.00e+00	0.00e+00	0.00e+00	0.00e+00	6.58e-87
 1.89485e+13	1.18e-29	2.07e-21	4.52e-14	1.17e-07	9.71e-01	2.92e-02	0.00e+00	0.00e+00	0.00e+00	0.00e+00	0.00e+00	0.00e+00	9.66e-102
 1.96182e+13	1.53e-29	2.53e-21	5.22e-14	1.27e-07	9.73e-01	2.72e-02	0.00e+00	0.00e+00	0.00e+00	0.00e+00	0.00e+00	0.00e+00	2.83e-86
 2.02057e+13	1.91e-29	3.01e-21	5.90e-14	1.35e-07	9.74e-01	2.55e-02	0.00e+00	0.00e+00	0.00e+00	0.00e+00	0.00e+00	0.00e+00	4.58e-101
 2.08686e+13	2.43e-29	3.63e-21	6.74e-14	1.45e-07	9.76e-01	2.39e-02	0.00e+00	0.00e+00	0.00e+00	0.00e+00	0.00e+00	0.00e+00	9.54e-86
 2.16831e+13	3.25e-29	4.53e-21	7.90e-14	1.58e-07	9.78e-01	2.20e-02	0.00e+00	0.00e+00	0.00e+00	0.00e+00	0.00e+00	0.00e+00	2.54e-100
 2.25245e+13	4.33e-29	5.66e-21	9.25e-14	1.72e-07	9.80e-01	2.03e-02	0.00e+00	0.00e+00	0.00e+00	0.00e+00	0.00e+00	0.00e+00	4.30e-85
 2.33025e+13	5.59e-29	6.89e-21	1.06e-13	1.85e-07	9.81e-01	1.89e-02	0.00e+00	0.00e+00	0.00e+00	0.00e+00	0.00e+00	0.00e+00	1.47e-99
 2.41673e+13	7.36e-29	8.51e-21	1.23e-13	2.00e-07	9.82e-01	1.76e-02	0.00e+00	0.00e+00	0.00e+00	0.00e+00	0.00e+00	0.00e+00	1.75e-84
 2.50827e+13	9.74e-29	1.06e-20	1.44e-13	2.17e-07	9.84e-01	1.62e-02	0.00e+00	0.00e+00	0.00e+00	0.00e+00	0.00e+00	0.00e+00	8.87e-99
 2.58735e+13	1.23e-28	1.27e-20	1.63e-13	2.32e-07	9.85e-01	1.52e-02	0.00e+00	0.00e+00	0.00e+00	0.00e+00	0.00e+00	0.00e+00	6.84e-84
 2.67105e+13	1.57e-28	1.52e-20	1.86e-13	2.48e-07	9.86e-01	1.43e-02	0.00e+00	0.00e+00	0.00e+00	0.00e+00	0.00e+00	0.00e+00	4.16e-98
 2.77422e+13	2.09e-28	1.90e-20	2.16e-13	2.69e-07	9.87e-01	1.32e-02	0.00e+00	0.00e+00	0.00e+00	0.00e+00	0.00e+00	0.00e+00	2.79e-83
 2.87823e+13	2.76e-28	2.35e-20	2.51e-13	2.91e-07	9.88e-01	1.22e-02	0.00e+00	0.00e+00	0.00e+00	0.00e+00	0.00e+00	0.00e+00	2.61e-97
 2.96963e+13	3.50e-28	2.82e-20	2.85e-13	3.11e-07	9.89e-01	1.14e-02	0.00e+00	0.00e+00	0.00e+00	0.00e+00	0.00e+00	0.00e+00	1.11e-82
 3.06914e+13	4.50e-28	3.41e-20	3.26e-13	3.33e-07	9.89e-01	1.07e-02	0.00e+00	0.00e+00	0.00e+00	0.00e+00	0.00e+00	0.00e+00	1.28e-96
 3.18939e+13	6.03e-28	4.27e-20	3.80e-13	3.61e-07	9.90e-01	9.89e-03	0.00e+00	0.00e+00	0.00e+00	0.00e+00	0.00e+00	0.00e+00	4.77e-82
 3.31030e+13	8.01e-28	5.30e-20	4.42e-13	3.90e-07	9.91e-01	9.16e-03	0.00e+00	0.00e+00	0.00e+00	0.00e+00	0.00e+00	0.00e+00	8.37e-96
 3.42047e+13	1.03e-27	6.41e-20	5.04e-13	4.18e-07	9.91e-01	8.57e-03	0.00e+00	0.00e+00	0.00e+00	0.00e+00	0.00e+00	0.00e+00	2.01e-81
 3.54298e+13	1.35e-27	7.88e-20	5.80e-13	4.49e-07	9.92e-01	7.98e-03	0.00e+00	0.00e+00	0.00e+00	0.00e+00	0.00e+00	0.00e+00	4.56e-95
 3.68596e+13	1.82e-27	9.92e-20	6.81e-13	4.88e-07	9.93e-01	7.35e-03	0.00e+00	0.00e+00	0.00e+00	0.00e+00	0.00e+00	0.00e+00	9.40e-81
 3.82703e+13	2.44e-27	1.24e-19	7.91e-13	5.27e-07	9.93e-01	6.82e-03	0.00e+00	0.00e+00	0.00e+00	0.00e+00	0.00e+00	0.00e+00	3.13e-94
 3.96139e+13	3.18e-27	1.51e-19	9.08e-13	5.66e-07	9.94e-01	6.35e-03	0.00e+00	0.00e+00	0.00e+00	0.00e+00	0.00e+00	0.00e+00	4.22e-80
 4.11050e+13	4.22e-27	1.88e-19	1.05e-12	6.11e-07	9.94e-01	5.90e-03	0.00e+00	0.00e+00	0.00e+00	0.00e+00	0.00e+00	0.00e+00	1.88e-93
 4.27791e+13	5.74e-27	2.37e-19	1.24e-12	6.63e-07	9.95e-01	5.43e-03	0.00e+00	0.00e+00	0.00e+00	0.00e+00	0.00e+00	0.00e+00	2.10e-79
 4.44737e+13	7.76e-27	2.97e-19	1.44e-12	7.18e-07	9.95e-01	5.02e-03	0.00e+00	0.00e+00	0.00e+00	0.00e+00	0.00e+00	0.00e+00	1.36e-92
 4.62360e+13	1.05e-26	3.73e-19	1.68e-12	7.77e-07	9.95e-01	4.64e-03	0.00e+00	0.00e+00	0.00e+00	0.00e+00	0.00e+00	0.00e+00	1.08e-78
 4.81154e+13	1.43e-26	4.72e-19	1.97e-12	8.43e-07	9.96e-01	4.28e-03	0.00e+00	0.00e+00	0.00e+00	0.00e+00	0.00e+00	0.00e+00	9.93e-92
 4.99754e+13	1.91e-26	5.89e-19	2.30e-12	9.11e-07	9.96e-01	3.97e-03	0.00e+00	0.00e+00	0.00e+00	0.00e+00	0.00e+00	0.00e+00	5.54e-78
 5.19098e+13	2.57e-26	7.37e-19	2.67e-12	9.84e-07	9.96e-01	3.68e-03	0.00e+00	0.00e+00	0.00e+00	0.00e+00	0.00e+00	0.00e+00	6.77e-91
 5.40161e+13	3.50e-26	9.30e-19	3.13e-12	1.07e-06	9.97e-01	3.39e-03	0.00e+00	0.00e+00	0.00e+00	0.00e+00	0.00e+00	0.00e+00	2.86e-77
 5.61436e+13	4.72e-26	1.17e-18	3.66e-12	1.15e-06	9.97e-01	3.14e-03	0.00e+00	0.00e+00	0.00e+00	0.00e+00	0.00e+00	0.00e+00	6.49e-77
 5.83561e+13	6.37e-26	1.46e-18	4.27e-12	1.25e-06	9.97e-01	2.90e-03	0.00e+00	0.00e+00	0.00e+00	0.00e+00	0.00e+00	0.00e+00	1.47e-76
 6.07203e+13	8.68e-26	1.85e-18	5.00e-12	1.35e-06	9.97e-01	2.68e-03	0.00e+00	0.00e+00	0.00e+00	0.00e+00	0.00e+00	0.00e+00	3.41e-76
 6.28950e+13	1.14e-25	2.28e-18	5.75e-12	1.45e-06	9.98e-01	2.49e-03	0.00e+00	0.00e+00	0.00e+00	0.00e+00	0.00e+00	0.00e+00	7.17e-76
 6.47761e+13	1.43e-25	2.71e-18	6.47e-12	1.54e-06	9.98e-01	2.35e-03	0.00e+00	0.00e+00	0.00e+00	0.00e+00	0.00e+00	0.00e+00	1.34e-75
 6.68728e+13	1.84e-25	3.26e-18	7.35e-12	1.65e-06	9.98e-01	2.20e-03	0.00e+00	0.00e+00	0.00e+00	0.00e+00	0.00e+00	0.00e+00	2.63e-75
 6.94340e+13	2.46e-25	4.07e-18	8.54e-12	1.78e-06	9.98e-01	2.04e-03	0.00e+00	0.00e+00	0.00e+00	0.00e+00	0.00e+00	0.00e+00	5.81e-75
 7.20868e+13	3.29e-25	5.07e-18	9.92e-12	1.92e-06	9.98e-01	1.89e-03	0.00e+00	0.00e+00	0.00e+00	0.00e+00	0.00e+00	0.00e+00	1.28e-74
 7.45813e+13	4.29e-25	6.20e-18	1.14e-11	2.06e-06	9.98e-01	1.76e-03	0.00e+00	0.00e+00	0.00e+00	0.00e+00	0.00e+00	0.00e+00	2.64e-74
 7.73300e+13	5.67e-25	7.66e-18	1.31e-11	2.22e-06	9.98e-01	1.64e-03	0.00e+00	0.00e+00	0.00e+00	0.00e+00	0.00e+00	0.00e+00	5.67e-74
 8.04531e+13	7.71e-25	9.67e-18	1.54e-11	2.40e-06	9.98e-01	1.51e-03	0.00e+00	0.00e+00	0.00e+00	0.00e+00	0.00e+00	0.00e+00	1.30e-73
 8.35748e+13	1.04e-24	1.21e-17	1.79e-11	2.60e-06	9.99e-01	1.40e-03	0.00e+00	0.00e+00	0.00e+00	0.00e+00	0.00e+00	0.00e+00	2.92e-73
 8.68213e+13	1.39e-24	1.51e-17	2.09e-11	2.81e-06	9.99e-01	1.29e-03	0.00e+00	0.00e+00	0.00e+00	0.00e+00	0.00e+00	0.00e+00	6.52e-73
 9.03241e+13	1.89e-24	1.91e-17	2.45e-11	3.05e-06	9.99e-01	1.19e-03	0.00e+00	0.00e+00	0.00e+00	0.00e+00	0.00e+00	0.00e+00	1.50e-72
 9.39670e+13	2.57e-24	2.41e-17	2.87e-11	3.31e-06	9.99e-01	1.10e-03	0.00e+00	0.00e+00	0.00e+00	0.00e+00	0.00e+00	0.00e+00	3.45e-72
 9.73569e+13	3.38e-24	2.96e-17	3.31e-11	3.55e-06	9.99e-01	1.02e-03	0.00e+00	0.00e+00	0.00e+00	0.00e+00	0.00e+00	0.00e+00	7.30e-72
 1.00328e+14	4.27e-24	3.54e-17	3.73e-11	3.78e-06	9.99e-01	9.61e-04	0.00e+00	0.00e+00	0.00e+00	0.00e+00	0.00e+00	0.00e+00	1.38e-71
 1.03636e+14	5.48e-24	4.28e-17	4.25e-11	4.04e-06	9.99e-01	8.99e-04	0.00e+00	0.00e+00	0.00e+00	0.00e+00	0.00e+00	0.00e+00	2.72e-71
 1.07631e+14	7.35e-24	5.34e-17	4.95e-11	4.37e-06	9.99e-01	8.32e-04	0.00e+00	0.00e+00	0.00e+00	0.00e+00	1.72e-17	3.62e-17	6.04e-71
 1.11653e+14	9.77e-24	6.63e-17	5.73e-11	4.71e-06	9.99e-01	7.72e-04	0.00e+00	0.00e+00	0.00e+00	0.00e+00	2.20e-17	4.43e-17	1.32e-70
 1.15322e+14	1.26e-23	8.02e-17	6.53e-11	5.03e-06	9.99e-01	7.22e-04	0.00e+00	0.00e+00	0.00e+00	0.00e+00	2.66e-17	5.36e-17	2.61e-70
 1.19395e+14	1.64e-23	9.84e-17	7.51e-11	5.41e-06	9.99e-01	6.72e-04	0.00e+00	0.00e+00	0.00e+00	0.00e+00	3.27e-17	6.57e-17	5.41e-70
 1.24146e+14	2.23e-23	1.24e-16	8.78e-11	5.86e-06	9.99e-01	6.21e-04	0.00e+00	0.00e+00	0.00e+00	0.00e+00	4.11e-17	8.27e-17	1.24e-69
 1.28802e+14	2.96e-23	1.54e-16	1.02e-10	6.32e-06	9.99e-01	5.76e-04	0.00e+00	0.00e+00	0.00e+00	0.00e+00	5.11e-17	1.03e-16	2.70e-69
 1.33160e+14	3.84e-23	1.87e-16	1.16e-10	6.76e-06	9.99e-01	5.38e-04	0.00e+00	0.00e+00	0.00e+00	0.00e+00	6.21e-17	1.25e-16	5.48e-69
 1.38031e+14	5.08e-23	2.31e-16	1.34e-10	7.28e-06	9.99e-01	5.00e-04	0.00e+00	0.00e+00	0.00e+00	0.00e+00	7.68e-17	1.55e-16	1.17e-68
 1.43583e+14	6.91e-23	2.92e-16	1.58e-10	7.90e-06	1.00e+00	4.61e-04	0.00e+00	0.00e+00	0.00e+00	0.00e+00	9.70e-17	1.95e-16	2.72e-68
 1.49085e+14	9.28e-23	3.65e-16	1.83e-10	8.53e-06	1.00e+00	4.27e-04	0.00e+00	0.00e+00	0.00e+00	0.00e+00	1.21e-16	2.44e-16	6.07e-68
 1.54807e+14	1.25e-22	4.56e-16	2.13e-10	9.22e-06	1.00e+00	3.96e-04	0.00e+00	0.00e+00	0.00e+00	0.00e+00	1.51e-16	3.05e-16	1.36e-67
 1.61029e+14	1.70e-22	5.76e-16	2.50e-10	9.99e-06	1.00e+00	3.65e-04	0.00e+00	0.00e+00	0.00e+00	0.00e+00	1.91e-16	3.85e-16	3.16e-67
 1.67500e+14	2.31e-22	7.28e-16	2.93e-10	1.08e-05	1.00e+00	3.37e-04	0.00e+00	0.00e+00	0.00e+00	0.00e+00	2.42e-16	4.87e-16	7.36e-67
 1.74230e+14	3.15e-22	9.20e-16	3.43e-10	1.17e-05	1.00e+00	3.11e-04	0.00e+00	0.00e+00	0.00e+00	0.00e+00	3.05e-16	6.15e-16	1.72e-66
 1.80920e+14	4.24e-22	1.15e-15	3.99e-10	1.27e-05	1.00e+00	2.88e-04	0.00e+00	0.00e+00	0.00e+00	0.00e+00	3.82e-16	7.69e-16	3.87e-66
 1.87877e+14	5.71e-22	1.44e-15	4.65e-10	1.37e-05	1.00e+00	2.67e-04	0.00e+00	0.00e+00	0.00e+00	0.00e+00	4.78e-16	9.63e-16	8.74e-66
 1.95038e+14	7.68e-22	1.80e-15	5.40e-10	1.48e-05	1.00e+00	2.48e-04	0.00e+00	0.00e+00	0.00e+00	0.00e+00	5.98e-16	1.20e-15	1.96e-65
 2.01816e+14	1.01e-21	2.21e-15	6.19e-10	1.58e-05	1.00e+00	2.31e-04	0.00e+00	0.00e+00	0.00e+00	0.00e+00	7.32e-16	1.47e-15	4.11e-65
 2.09248e+14	1.34e-21	2.74e-15	7.15e-10	1.70e-05	1.00e+00	2.15e-04	0.00e+00	0.00e+00	0.00e+00	0.00e+00	9.08e-16	1.83e-15	9.00e-65
 2.17648e+14	1.83e-21	3.46e-15	8.38e-10	1.84e-05	1.00e+00	1.99e-04	0.00e+00	0.00e+00	0.00e+00	0.00e+00	1.15e-15	2.31e-15	2.11e-64
 2.25259e+14	2.40e-21	4.24e-15	9.61e-10	1.97e-05	1.00e+00	1.85e-04	0.00e+00	0.00e+00	0.00e+00	0.00e+00	1.41e-15	2.84e-15	4.46e-64
 2.31662e+14	2.99e-21	5.01e-15	1.07e-09	2.09e-05	1.00e+00	1.75e-04	0.00e+00	0.00e+00	0.00e+00	0.00e+00	1.66e-15	3.35e-15	8.20e-64
 2.38732e+14	3.80e-21	6.00e-15	1.21e-09	2.22e-05	1.00e+00	1.65e-04	0.00e+00	0.00e+00	0.00e+00	0.00e+00	1.99e-15	4.01e-15	1.58e-63
 2.47598e+14	5.07e-21	7.45e-15	1.40e-09	2.39e-05	1.00e+00	1.53e-04	0.00e+00	0.00e+00	0.00e+00	0.00e+00	2.47e-15	4.98e-15	3.48e-63
 2.56918e+14	6.80e-21	9.29e-15	1.62e-09	2.57e-05	1.00e+00	1.42e-04	0.00e+00	0.00e+00	0.00e+00	0.00e+00	3.08e-15	6.21e-15	7.79e-63
 2.65474e+14	8.81e-21	1.13e-14	1.85e-09	2.74e-05	1.00e+00	1.33e-04	0.00e+00	0.00e+00	0.00e+00	0.00e+00	3.74e-15	7.54e-15	1.59e-62
 2.73649e+14	1.12e-20	1.35e-14	2.09e-09	2.92e-05	1.00e+00	1.25e-04	0.00e+00	0.00e+00	0.00e+00	0.00e+00	4.48e-15	9.03e-15	3.07e-62
 2.83008e+14	1.46e-20	1.65e-14	2.39e-09	3.12e-05	1.00e+00	1.17e-04	0.00e+00	0.00e+00	0.00e+00	0.00e+00	5.48e-15	1.10e-14	6.38e-62
 2.93443e+14	1.95e-20	2.05e-14	2.76e-09	3.36e-05	1.00e+00	1.09e-04	0.00e+00	0.00e+00	0.00e+00	0.00e+00	6.79e-15	1.37e-14	1.40e-61
 3.03215e+14	2.52e-20	2.49e-14	3.15e-09	3.58e-05	1.00e+00	1.02e-04	0.00e+00	0.00e+00	0.00e+00	0.00e+00	8.25e-15	1.66e-14	2.85e-61
 3.13854e+14	3.31e-20	3.05e-14	3.61e-09	3.84e-05	1.00e+00	9.52e-05	0.00e+00	0.00e+00	0.00e+00	0.00e+00	1.01e-14	2.04e-14	6.02e-61
 3.25666e+14	4.43e-20	3.80e-14	4.19e-09	4.14e-05	1.00e+00	8.83e-05	0.00e+00	0.00e+00	0.00e+00	0.00e+00	1.26e-14	2.54e-14	1.34e-60
 3.36672e+14	5.76e-20	4.63e-14	4.78e-09	4.42e-05	1.00e+00	8.26e-05	0.00e+00	0.00e+00	0.00e+00	0.00e+00	1.54e-14	3.10e-14	2.75e-60
 3.48646e+14	7.57e-20	5.70e-14	5.50e-09	4.75e-05	1.00e+00	7.70e-05	0.00e+00	0.00e+00	0.00e+00	0.00e+00	1.89e-14	3.81e-14	5.82e-60
 3.62006e+14	1.02e-19	7.12e-14	6.39e-09	5.12e-05	1.00e+00	7.13e-05	0.00e+00	0.00e+00	0.00e+00	0.00e+00	2.36e-14	4.76e-14	1.31e-59
 3.74562e+14	1.33e-19	8.71e-14	7.33e-09	5.49e-05	1.00e+00	6.65e-05	0.00e+00	0.00e+00	0.00e+00	0.00e+00	2.88e-14	5.82e-14	2.72e-59
 3.88152e+14	1.75e-19	1.07e-13	8.45e-09	5.90e-05	1.00e+00	6.18e-05	0.00e+00	0.00e+00	0.00e+00	0.00e+00	3.56e-14	7.18e-14	5.82e-59
 4.03296e+14	2.36e-19	1.35e-13	9.85e-09	6.39e-05	1.00e+00	5.72e-05	0.00e+00	0.00e+00	0.00e+00	0.00e+00	4.46e-14	9.01e-14	1.32e-58
 4.17741e+14	3.11e-19	1.66e-13	1.14e-08	6.86e-05	1.00e+00	5.32e-05	0.00e+00	0.00e+00	0.00e+00	0.00e+00	5.48e-14	1.11e-13	2.78e-58
 4.33176e+14	4.12e-19	2.05e-13	1.31e-08	7.39e-05	1.00e+00	4.94e-05	0.00e+00	0.00e+00	0.00e+00	0.00e+00	6.79e-14	1.37e-13	6.04e-58
 4.50533e+14	5.58e-19	2.58e-13	1.54e-08	8.02e-05	1.00e+00	4.55e-05	0.00e+00	0.00e+00	0.00e+00	0.00e+00	8.55e-14	1.73e-13	1.38e-57
 4.67693e+14	7.46e-19	3.22e-13	1.79e-08	8.66e-05	1.00e+00	4.21e-05	0.00e+00	0.00e+00	0.00e+00	0.00e+00	1.07e-13	2.16e-13	3.06e-57
 4.85539e+14	9.92e-19	4.01e-13	2.08e-08	9.37e-05	1.00e+00	3.89e-05	0.00e+00	0.00e+00	0.00e+00	0.00e+00	1.32e-13	2.68e-13	6.64e-57
 5.04991e+14	1.34e-18	5.05e-13	2.43e-08	1.02e-04	1.00e+00	3.59e-05	0.00e+00	0.00e+00	0.00e+00	0.00e+00	1.67e-13	3.38e-13	1.53e-56
 5.24652e+14	1.80e-18	6.30e-13	2.84e-08	1.10e-04	1.00e+00	3.31e-05	0.00e+00	0.00e+00	0.00e+00	0.00e+00	2.08e-13	4.22e-13	3.37e-56
 5.45099e+14	2.40e-18	7.87e-13	3.32e-08	1.19e-04	1.00e+00	3.05e-05	0.00e+00	0.00e+00	0.00e+00	0.00e+00	2.60e-13	5.27e-13	7.44e-56
 5.66933e+14	3.24e-18	9.89e-13	3.89e-08	1.30e-04	1.00e+00	2.81e-05	0.00e+00	0.00e+00	0.00e+00	0.00e+00	3.27e-13	6.62e-13	1.68e-55
 5.87652e+14	4.23e-18	1.22e-12	4.50e-08	1.40e-04	1.00e+00	2.60e-05	0.00e+00	0.00e+00	0.00e+00	0.00e+00	4.02e-13	8.15e-13	3.49e-55
 6.04868e+14	5.26e-18	1.44e-12	5.05e-08	1.49e-04	1.00e+00	2.45e-05	0.00e+00	0.00e+00	0.00e+00	0.00e+00	4.75e-13	9.64e-13	6.32e-55
 6.22410e+14	6.52e-18	1.70e-12	5.68e-08	1.58e-04	1.00e+00	2.30e-05	0.00e+00	0.00e+00	0.00e+00	0.00e+00	5.60e-13	1.14e-12	1.13e-54
 6.44987e+14	8.48e-18	2.08e-12	6.56e-08	1.71e-04	1.00e+00	2.13e-05	0.00e+00	0.00e+00	0.00e+00	0.00e+00	6.87e-13	1.39e-12	2.33e-54
 6.68344e+14	1.10e-17	2.55e-12	7.58e-08	1.85e-04	1.00e+00	1.98e-05	0.00e+00	0.00e+00	0.00e+00	0.00e+00	8.42e-13	1.71e-12	4.79e-54
 6.88272e+14	1.37e-17	3.02e-12	8.54e-08	1.97e-04	1.00e+00	1.86e-05	0.00e+00	0.00e+00	0.00e+00	0.00e+00	9.96e-13	2.02e-12	8.66e-54
 7.09506e+14	1.71e-17	3.59e-12	9.67e-08	2.11e-04	1.00e+00	1.74e-05	0.00e+00	0.00e+00	0.00e+00	0.00e+00	1.18e-12	2.40e-12	1.59e-53
 7.35952e+14	2.23e-17	4.41e-12	1.12e-07	2.28e-04	1.00e+00	1.61e-05	0.00e+00	0.00e+00	0.00e+00	0.00e+00	1.46e-12	2.96e-12	3.29e-53
 7.63018e+14	2.89e-17	5.41e-12	1.30e-07	2.47e-04	1.00e+00	1.49e-05	0.00e+00	0.00e+00	0.00e+00	0.00e+00	1.78e-12	3.63e-12	6.76e-53
 7.86861e+14	3.61e-17	6.44e-12	1.47e-07	2.65e-04	1.00e+00	1.40e-05	0.00e+00	0.00e+00	0.00e+00	0.00e+00	2.12e-12	4.32e-12	1.25e-52
 8.12675e+14	4.54e-17	7.72e-12	1.68e-07	2.84e-04	1.00e+00	1.30e-05	0.00e+00	3.78e-18	1.13e-17	1.90e-17	2.54e-12	5.17e-12	2.37e-52
 8.43825e+14	5.93e-17	9.52e-12	1.96e-07	3.09e-04	1.00e+00	1.20e-05	0.00e+00	4.93e-18	1.48e-17	2.48e-17	3.14e-12	6.38e-12	4.97e-52
 8.74675e+14	7.63e-17	1.16e-11	2.26e-07	3.35e-04	1.00e+00	1.11e-05	0.00e+00	6.36e-18	1.91e-17	3.19e-17	3.83e-12	7.80e-12	1.01e-51
 9.02016e+14	9.49e-17	1.38e-11	2.57e-07	3.59e-04	1.00e+00	1.04e-05	0.00e+00	7.92e-18	2.38e-17	3.97e-17	4.55e-12	9.26e-12	1.86e-51
 9.32034e+14	1.19e-16	1.65e-11	2.93e-07	3.86e-04	1.00e+00	9.71e-06	0.00e+00	9.94e-18	2.98e-17	4.98e-17	5.45e-12	1.11e-11	3.52e-51
 9.67996e+14	1.55e-16	2.04e-11	3.42e-07	4.21e-04	1.00e+00	8.96e-06	0.00e+00	1.29e-17	3.89e-17	6.49e-17	6.71e-12	1.37e-11	7.42e-51
 1.00368e+15	1.99e-16	2.49e-11	3.96e-07	4.56e-04	1.00e+00	8.30e-06	0.00e+00	1.66e-17	4.99e-17	8.34e-17	8.19e-12	1.67e-11	1.51e-50
 1.03591e+15	2.47e-16	2.96e-11	4.50e-07	4.90e-04	1.00e+00	7.76e-06	0.00e+00	2.07e-17	6.21e-17	1.04e-16	9.74e-12	1.99e-11	2.82e-50
 1.07166e+15	3.12e-16	3.57e-11	5.17e-07	5.30e-04	9.99e-01	7.23e-06	0.00e+00	2.61e-17	7.84e-17	1.31e-16	1.17e-11	2.39e-11	5.52e-50
 1.11372e+15	4.05e-16	4.40e-11	6.04e-07	5.78e-04	9.99e-01	6.67e-06	0.00e+00	3.40e-17	1.02e-16	1.71e-16	1.45e-11	2.95e-11	1.18e-49
 1.15514e+15	5.19e-16	5.37e-11	7.00e-07	6.28e-04	9.99e-01	6.19e-06	0.00e+00	4.36e-17	1.31e-16	2.19e-16	1.77e-11	3.60e-11	2.44e-49
 1.19351e+15	6.47e-16	6.41e-11	7.99e-07	6.77e-04	9.99e-01	5.79e-06	0.00e+00	5.44e-17	1.63e-16	2.73e-16	2.11e-11	4.30e-11	4.69e-49
 1.23658e+15	8.21e-16	7.78e-11	9.22e-07	7.34e-04	9.99e-01	5.38e-06	0.00e+00	6.92e-17	2.08e-16	3.47e-16	2.56e-11	5.22e-11	9.52e-49
 1.28607e+15	1.07e-15	9.62e-11	1.08e-06	8.02e-04	9.99e-01	4.98e-06	0.00e+00	9.01e-17	2.71e-16	4.52e-16	3.16e-11	6.46e-11	2.09e-48
 1.33467e+15	1.37e-15	1.18e-10	1.25e-06	8.73e-04	9.99e-01	4.62e-06	0.00e+00	1.16e-16	3.47e-16	5.80e-16	3.87e-11	7.89e-11	4.43e-48
 1.38520e+15	1.75e-15	1.44e-10	1.45e-06	9.50e-04	9.99e-01	4.30e-06	0.00e+00	1.48e-16	4.45e-16	7.44e-16	4.73e-11	9.65e-11	9.40e-48
 1.44064e+15	2.27e-15	1.78e-10	1.70e-06	1.04e-03	9.99e-01	3.99e-06	0.00e+00	1.93e-16	5.79e-16	9.66e-16	5.84e-11	1.19e-10	2.09e-47
 1.49673e+15	2.93e-15	2.18e-10	1.98e-06	1.13e-03	9.99e-01	3.71e-06	0.00e+00	2.49e-16	7.47e-16	1.25e-15	7.18e-11	1.47e-10	4.57e-47
 1.55507e+15	3.78e-15	2.69e-10	2.31e-06	1.23e-03	9.99e-01	3.46e-06	0.00e+00	3.21e-16	9.63e-16	1.61e-15	8.83e-11	1.80e-10	1.00e-46
 1.60706e+15	4.60e-15	3.21e-10	2.64e-06	1.33e-03	9.99e-01	3.26e-06	0.00e+00	3.91e-16	1.17e-15	1.96e-15	1.05e-10	2.15e-10	1.97e-46
 1.64672e+15	5.40e-15	3.66e-10	2.90e-06	1.41e-03	9.99e-01	3.13e-06	0.00e+00	4.60e-16	1.38e-15	2.31e-15	1.20e-10	2.46e-10	3.29e-46
 1.68853e+15	6.37e-15	4.19e-10	3.21e-06	1.49e-03	9.99e-01	3.00e-06	0.00e+00	5.43e-16	1.63e-15	2.72e-15	1.38e-10	2.81e-10	5.59e-46
 1.74288e+15	7.83e-15	4.97e-10	3.64e-06	1.60e-03	9.98e-01	2.84e-06	0.00e+00	6.68e-16	2.01e-15	3.35e-15	1.64e-10	3.34e-10	1.09e-45
 1.80188e+15	9.74e-15	5.96e-10	4.16e-06	1.72e-03	9.98e-01	2.69e-06	0.00e+00	8.32e-16	2.50e-15	4.17e-15	1.96e-10	4.00e-10	2.23e-45
 1.85533e+15	1.18e-14	6.99e-10	4.67e-06	1.84e-03	9.98e-01	2.57e-06	0.00e+00	1.01e-15	3.03e-15	5.06e-15	2.30e-10	4.69e-10	4.17e-45
 1.91322e+15	1.44e-14	8.25e-10	5.28e-06	1.97e-03	9.98e-01	2.45e-06	0.00e+00	1.23e-15	3.70e-15	6.18e-15	2.72e-10	5.54e-10	8.04e-45
 1.98488e+15	1.83e-14	1.01e-09	6.11e-06	2.14e-03	9.98e-01	2.33e-06	0.00e+00	1.57e-15	4.71e-15	7.87e-15	3.32e-10	6.77e-10	1.78e-44
 2.05682e+15	2.30e-14	1.22e-09	7.04e-06	2.32e-03	9.98e-01	2.21e-06	0.00e+00	1.98e-15	5.94e-15	9.91e-15	4.03e-10	8.21e-10	3.83e-44
 2.11957e+15	2.80e-14	1.44e-09	7.93e-06	2.48e-03	9.98e-01	2.13e-06	0.00e+00	2.41e-15	7.23e-15	1.21e-14	4.75e-10	9.68e-10	7.35e-44
 2.18796e+15	3.45e-14	1.72e-09	8.99e-06	2.66e-03	9.97e-01	2.04e-06	0.00e+00	2.97e-15	8.92e-15	1.49e-14	5.66e-10	1.15e-09	1.47e-43
 2.27116e+15	4.39e-14	2.11e-09	1.04e-05	2.90e-03	9.97e-01	1.95e-06	0.00e+00	3.78e-15	1.14e-14	1.90e-14	6.94e-10	1.41e-09	3.35e-43
 2.35518e+15	5.56e-14	2.57e-09	1.20e-05	3.14e-03	9.97e-01	1.88e-06	0.00e+00	4.79e-15	1.44e-14	2.40e-14	8.48e-10	1.73e-09	7.39e-43
 2.43091e+15	6.82e-14	3.07e-09	1.37e-05	3.37e-03	9.97e-01	1.82e-06	0.00e+00	5.89e-15	1.77e-14	2.95e-14	1.01e-09	2.05e-09	1.47e-42
 2.51430e+15	8.52e-14	3.69e-09	1.56e-05	3.63e-03	9.96e-01	1.76e-06	0.00e+00	7.36e-15	2.21e-14	3.69e-14	1.22e-09	2.48e-09	3.07e-42
 2.61267e+15	1.09e-13	4.57e-09	1.82e-05	3.95e-03	9.96e-01	1.70e-06	0.00e+00	9.43e-15	2.83e-14	4.72e-14	1.51e-09	3.06e-09	7.11e-42
 2.70918e+15	1.38e-13	5.59e-09	2.10e-05	4.28e-03	9.96e-01	1.66e-06	0.00e+00	1.19e-14	3.58e-14	5.97e-14	1.84e-09	3.75e-09	1.57e-41
 2.79781e+15	1.69e-13	6.69e-09	2.38e-05	4.60e-03	9.95e-01	1.62e-06	0.00e+00	1.47e-14	4.40e-14	7.34e-14	2.21e-09	4.48e-09	3.15e-41
 2.89755e+15	2.13e-13	8.13e-09	2.74e-05	4.96e-03	9.95e-01	1.58e-06	0.00e+00	1.85e-14	5.54e-14	9.25e-14	2.68e-09	5.45e-09	6.65e-41
 3.01302e+15	2.73e-13	1.01e-08	3.20e-05	5.41e-03	9.95e-01	1.55e-06	0.00e+00	2.37e-14	7.11e-14	1.19e-13	3.34e-09	6.78e-09	1.56e-40
 3.12597e+15	3.45e-13	1.25e-08	3.71e-05	5.87e-03	9.94e-01	1.52e-06	0.00e+00	3.00e-14	9.00e-14	1.50e-13	4.11e-09	8.34e-09	3.44e-40
 3.23358e+15	4.29e-13	1.50e-08	4.24e-05	6.32e-03	9.94e-01	1.50e-06	0.00e+00	3.73e-14	1.12e-13	1.87e-13	4.96e-09	1.01e-08	7.14e-40
 3.35309e+15	5.42e-13	1.85e-08	4.89e-05	6.85e-03	9.93e-01	1.48e-06	0.00e+00	4.72e-14	1.42e-13	2.37e-13	6.10e-09	1.24e-08	1.57e-39
 3.48725e+15	6.94e-13	2.30e-08	5.72e-05	7.47e-03	9.92e-01	1.46e-06	0.00e+00	6.05e-14	1.82e-13	3.03e-13	7.60e-09	1.54e-08	3.64e-39
 3.62316e+15	8.86e-13	2.86e-08	6.66e-05	8.11e-03	9.92e-01	1.45e-06	0.00e+00	7.74e-14	2.32e-13	3.88e-13	9.45e-09	1.92e-08	8.25e-39
 3.76450e+15	1.13e-12	3.56e-08	7.76e-05	8.82e-03	9.91e-01	1.44e-06	0.00e+00	9.89e-14	2.97e-13	4.95e-13	1.17e-08	2.38e-08	1.86e-38
 3.89031e+15	1.38e-12	4.29e-08	8.85e-05	9.49e-03	9.90e-01	1.44e-06	0.00e+00	1.21e-13	3.64e-13	6.07e-13	1.42e-08	2.87e-08	3.73e-38
 3.98611e+15	1.61e-12	4.92e-08	9.75e-05	1.00e-02	9.90e-01	1.44e-06	0.00e+00	1.41e-13	4.24e-13	7.07e-13	1.63e-08	3.29e-08	6.16e-38
 4.08688e+15	1.89e-12	5.67e-08	1.08e-04	1.06e-02	9.89e-01	1.44e-06	0.00e+00	1.66e-13	4.98e-13	8.31e-13	1.87e-08	3.80e-08	1.04e-37
 4.21788e+15	2.32e-12	6.78e-08	1.22e-04	1.13e-02	9.89e-01	1.43e-06	0.00e+00	2.04e-13	6.12e-13	1.02e-12	2.24e-08	4.54e-08	2.01e-37
 4.36097e+15	2.87e-12	8.20e-08	1.40e-04	1.22e-02	9.88e-01	1.42e-06	0.00e+00	2.52e-13	7.56e-13	1.26e-12	2.71e-08	5.49e-08	4.03e-37
 4.49125e+15	3.46e-12	9.71e-08	1.57e-04	1.30e-02	9.87e-01	1.43e-06	0.00e+00	3.04e-13	9.11e-13	1.52e-12	3.21e-08	6.50e-08	7.40e-37
 4.63207e+15	4.21e-12	1.16e-07	1.78e-04	1.39e-02	9.86e-01	1.43e-06	0.00e+00	3.70e-13	1.11e-12	1.85e-12	3.83e-08	7.75e-08	1.39e-36
 4.80591e+15	5.31e-12	1.43e-07	2.06e-04	1.51e-02	9.85e-01	1.43e-06	0.00e+00	4.67e-13	1.40e-12	2.34e-12	4.73e-08	9.56e-08	2.98e-36
 4.97961e+15	6.64e-12	1.75e-07	2.38e-04	1.63e-02	9.83e-01	1.43e-06	0.00e+00	5.85e-13	1.75e-12	2.93e-12	5.79e-08	1.17e-07	6.11e-36
 5.13034e+15	8.03e-12	2.08e-07	2.68e-04	1.74e-02	9.82e-01	1.44e-06	0.00e+00	7.08e-13	2.12e-12	3.54e-12	6.88e-08	1.39e-07	1.12e-35
 5.29425e+15	9.82e-12	2.49e-07	3.04e-04	1.86e-02	9.81e-01	1.44e-06	0.00e+00	8.66e-13	2.60e-12	4.34e-12	8.26e-08	1.67e-07	2.13e-35
 5.49465e+15	1.25e-11	3.09e-07	3.54e-04	2.02e-02	9.79e-01	1.45e-06	0.00e+00	1.10e-12	3.31e-12	5.52e-12	1.02e-07	2.07e-07	4.55e-35
 5.69452e+15	1.57e-11	3.80e-07	4.08e-04	2.19e-02	9.78e-01	1.45e-06	0.00e+00	1.39e-12	4.16e-12	6.94e-12	1.26e-07	2.54e-07	9.23e-35
 5.87063e+15	1.91e-11	4.53e-07	4.62e-04	2.34e-02	9.76e-01	1.46e-06	0.00e+00	1.69e-12	5.06e-12	8.45e-12	1.50e-07	3.03e-07	1.69e-34
 6.06383e+15	2.35e-11	5.48e-07	5.27e-04	2.52e-02	9.74e-01	1.46e-06	0.00e+00	2.08e-12	6.25e-12	1.04e-11	1.81e-07	3.66e-07	3.23e-34
 6.29651e+15	3.00e-11	6.82e-07	6.15e-04	2.74e-02	9.72e-01	1.46e-06	0.00e+00	2.66e-12	7.98e-12	1.33e-11	2.26e-07	4.56e-07	6.87e-34
 6.52720e+15	3.79e-11	8.41e-07	7.12e-04	2.97e-02	9.70e-01	1.47e-06	0.00e+00	3.36e-12	1.01e-11	1.68e-11	2.79e-07	5.62e-07	1.38e-33
 6.73491e+15	4.64e-11	1.01e-06	8.09e-04	3.19e-02	9.67e-01	1.48e-06	0.00e+00	4.12e-12	1.24e-11	2.06e-11	3.34e-07	6.75e-07	2.53e-33
 6.96602e+15	5.83e-11	1.23e-06	9.31e-04	3.45e-02	9.65e-01	1.49e-06	0.00e+00	5.18e-12	1.55e-11	2.59e-11	4.09e-07	8.24e-07	4.86e-33
 7.22677e+15	7.37e-11	1.53e-06	1.08e-03	3.75e-02	9.61e-01	1.48e-06	0.00e+00	6.56e-12	1.97e-11	3.28e-11	5.06e-07	1.02e-06	9.83e-33
 7.46639e+15	9.13e-11	1.85e-06	1.24e-03	4.04e-02	9.58e-01	1.49e-06	0.00e+00	8.13e-12	2.44e-11	4.07e-11	6.13e-07	1.23e-06	1.82e-32
 7.68122e+15	1.10e-10	2.18e-06	1.39e-03	4.31e-02	9.55e-01	1.49e-06	0.00e+00	9.81e-12	2.94e-11	4.91e-11	7.24e-07	1.46e-06	3.12e-32
 7.92347e+15	1.36e-10	2.63e-06	1.59e-03	4.64e-02	9.52e-01	1.49e-06	0.00e+00	1.21e-11	3.64e-11	6.07e-11	8.72e-07	1.76e-06	5.71e-32
 8.17215e+15	1.66e-10	3.15e-06	1.81e-03	4.98e-02	9.48e-01	1.49e-06	0.00e+00	1.48e-11	4.45e-11	7.43e-11	1.04e-06	2.10e-06	1.01e-31
 8.38079e+15	1.97e-10	3.65e-06	2.01e-03	5.29e-02	9.45e-01	1.49e-06	0.00e+00	1.76e-11	5.29e-11	8.82e-11	1.21e-06	2.44e-06	1.61e-31
 8.60364e+15	2.37e-10	4.28e-06	2.25e-03	5.63e-02	9.41e-01	1.49e-06	0.00e+00	2.12e-11	6.35e-11	1.06e-10	1.42e-06	2.86e-06	2.68e-31
 8.89334e+15	2.99e-10	5.24e-06	2.61e-03	6.10e-02	9.36e-01	1.48e-06	0.00e+00	2.67e-11	8.02e-11	1.34e-10	1.74e-06	3.50e-06	5.04e-31
 9.18641e+15	3.74e-10	6.36e-06	3.00e-03	6.60e-02	9.31e-01	1.49e-06	0.00e+00	3.35e-11	1.01e-10	1.68e-10	2.11e-06	4.25e-06	9.05e-31
 9.42709e+15	4.45e-10	7.42e-06	3.35e-03	7.02e-02	9.26e-01	1.48e-06	0.00e+00	3.99e-11	1.20e-10	2.00e-10	2.47e-06	4.96e-06	1.45e-30
 9.68322e+15	5.41e-10	8.77e-06	3.78e-03	7.51e-02	9.21e-01	1.48e-06	0.00e+00	4.85e-11	1.46e-10	2.43e-10	2.91e-06	5.86e-06	2.42e-30
 1.00162e+16	6.92e-10	1.09e-05	4.41e-03	8.18e-02	9.14e-01	1.46e-06	0.00e+00	6.22e-11	1.87e-10	3.11e-10	3.61e-06	7.25e-06	4.61e-30
 1.03570e+16	8.86e-10	1.33e-05	5.13e-03	8.89e-02	9.06e-01	1.47e-06	0.00e+00	7.98e-11	2.39e-10	3.99e-10	4.43e-06	8.90e-06	8.35e-30
 1.06282e+16	1.07e-09	1.56e-05	5.77e-03	9.50e-02	8.99e-01	1.46e-06	0.00e+00	9.63e-11	2.89e-10	4.82e-10	5.19e-06	1.04e-05	1.32e-29
 1.09011e+16	1.30e-09	1.84e-05	6.51e-03	1.02e-01	8.92e-01	1.46e-06	0.00e+00	1.17e-10	3.52e-10	5.87e-10	6.12e-06	1.23e-05	2.15e-29
 1.12558e+16	1.68e-09	2.28e-05	7.62e-03	1.11e-01	8.82e-01	1.45e-06	0.00e+00	1.51e-10	4.54e-10	7.57e-10	7.58e-06	1.52e-05	4.01e-29
 1.16110e+16	2.12e-09	2.78e-05	8.84e-03	1.20e-01	8.71e-01	1.44e-06	0.00e+00	1.92e-10	5.76e-10	9.60e-10	9.24e-06	1.85e-05	6.93e-29
 1.18915e+16	2.56e-09	3.25e-05	9.95e-03	1.28e-01	8.62e-01	1.43e-06	0.00e+00	2.32e-10	6.95e-10	1.16e-09	1.08e-05	2.17e-05	1.06e-28
 1.21807e+16	3.14e-09	3.84e-05	1.13e-02	1.37e-01	8.52e-01	1.42e-06	0.00e+00	2.85e-10	8.55e-10	1.42e-09	1.28e-05	2.56e-05	1.72e-28
 1.24942e+16	3.83e-09	4.57e-05	1.29e-02	1.47e-01	8.40e-01	1.41e-06	0.00e+00	3.48e-10	1.04e-09	1.74e-09	1.52e-05	3.05e-05	2.75e-28
 1.27749e+16	4.62e-09	5.33e-05	1.45e-02	1.57e-01	8.29e-01	1.40e-06	0.00e+00	4.20e-10	1.26e-09	2.10e-09	1.77e-05	3.56e-05	4.17e-28
 1.30338e+16	5.59e-09	6.17e-05	1.62e-02	1.66e-01	8.18e-01	1.40e-06	0.00e+00	5.08e-10	1.53e-09	2.54e-09	2.05e-05	4.12e-05	6.21e-28
 1.33290e+16	6.88e-09	7.33e-05	1.84e-02	1.78e-01	8.04e-01	1.40e-06	0.00e+00	6.27e-10	1.88e-09	3.13e-09	2.44e-05	4.89e-05	9.98e-28
 1.36442e+16	8.47e-09	8.71e-05	2.11e-02	1.90e-01	7.89e-01	1.38e-06	0.00e+00	7.72e-10	2.32e-09	3.86e-09	2.90e-05	5.81e-05	1.57e-27
 1.39203e+16	1.02e-08	1.02e-04	2.38e-02	2.02e-01	7.74e-01	1.38e-06	0.00e+00	9.34e-10	2.80e-09	4.67e-09	3.38e-05	6.78e-05	2.36e-27
 1.41727e+16	1.24e-08	1.18e-04	2.66e-02	2.14e-01	7.59e-01	1.39e-06	0.00e+00	1.13e-09	3.40e-09	5.67e-09	3.92e-05	7.85e-05	3.49e-27
 1.44162e+16	1.46e-08	1.35e-04	2.97e-02	2.26e-01	7.44e-01	1.38e-06	0.00e+00	1.34e-09	4.01e-09	6.69e-09	4.50e-05	9.01e-05	4.99e-27
 1.46891e+16	1.82e-08	1.60e-04	3.38e-02	2.41e-01	7.25e-01	1.38e-06	0.00e+00	1.66e-09	4.98e-09	8.31e-09	5.33e-05	1.07e-04	7.97e-27
 1.49834e+16	2.25e-08	1.90e-04	3.86e-02	2.57e-01	7.04e-01	1.38e-06	0.00e+00	2.06e-09	6.17e-09	1.03e-08	6.31e-05	1.26e-04	1.23e-26
 1.52439e+16	2.76e-08	2.22e-04	4.37e-02	2.72e-01	6.84e-01	1.40e-06	0.00e+00	2.53e-09	7.59e-09	1.26e-08	7.41e-05	1.48e-04	1.89e-26
 1.54774e+16	3.32e-08	2.57e-04	4.90e-02	2.87e-01	6.64e-01	1.41e-06	1.86e-12	3.04e-09	9.12e-09	1.52e-08	8.56e-05	1.71e-04	2.77e-26
 1.56997e+16	3.93e-08	2.95e-04	5.46e-02	3.02e-01	6.44e-01	1.41e-06	0.00e+00	3.61e-09	1.08e-08	1.80e-08	9.81e-05	1.96e-04	3.95e-26
 1.59512e+16	4.91e-08	3.50e-04	6.22e-02	3.20e-01	6.17e-01	1.42e-06	0.00e+00	4.51e-09	1.35e-08	2.25e-08	1.17e-04	2.33e-04	6.41e-26
 1.62150e+16	6.08e-08	4.13e-04	7.11e-02	3.39e-01	5.89e-01	1.43e-06	0.00e+00	5.59e-09	1.68e-08	2.79e-08	1.38e-04	2.76e-04	9.88e-26
 1.64372e+16	7.45e-08	4.82e-04	8.01e-02	3.57e-01	5.63e-01	1.47e-06	0.00e+00	6.86e-09	2.06e-08	3.43e-08	1.61e-04	3.21e-04	1.52e-25
 1.66304e+16	8.88e-08	5.52e-04	8.89e-02	3.73e-01	5.38e-01	1.49e-06	2.61e-12	8.17e-09	2.45e-08	4.08e-08	1.84e-04	3.68e-04	2.20e-25
 1.68432e+16	1.08e-07	6.32e-04	9.99e-02	3.91e-01	5.08e-01	1.49e-06	0.00e+00	9.93e-09	2.98e-08	4.96e-08	2.11e-04	4.21e-04	3.16e-25
 1.70715e+16	1.34e-07	7.45e-04	1.14e-01	4.12e-01	4.74e-01	1.52e-06	0.00e+00	1.24e-08	3.71e-08	6.17e-08	2.48e-04	4.96e-04	5.02e-25
 1.72632e+16	1.64e-07	8.78e-04	1.27e-01	4.30e-01	4.42e-01	1.61e-06	3.74e-12	1.51e-08	4.54e-08	7.56e-08	2.93e-04	5.85e-04	8.35e-25
 1.74164e+16	1.91e-07	9.84e-04	1.39e-01	4.44e-01	4.16e-01	1.64e-06	0.00e+00	1.76e-08	5.29e-08	8.81e-08	3.28e-04	6.56e-04	1.15e-24
 1.75762e+16	2.25e-07	1.10e-03	1.53e-01	4.60e-01	3.86e-01	1.64e-06	4.50e-12	2.08e-08	6.25e-08	1.04e-07	3.68e-04	7.35e-04	1.61e-24
 1.77517e+16	2.73e-07	1.27e-03	1.70e-01	4.78e-01	3.51e-01	1.67e-06	0.00e+00	2.52e-08	7.57e-08	1.26e-07	4.22e-04	8.44e-04	2.47e-24
 1.79043e+16	3.25e-07	1.44e-03	1.86e-01	4.93e-01	3.20e-01	1.72e-06	6.01e-12	3.01e-08	9.02e-08	1.50e-07	4.79e-04	9.58e-04	3.69e-24
 1.80289e+16	3.82e-07	1.63e-03	2.02e-01	5.05e-01	2.92e-01	1.83e-06	0.00e+00	3.54e-08	1.06e-07	1.77e-07	5.43e-04	1.08e-03	5.71e-24
 1.81346e+16	4.28e-07	1.75e-03	2.15e-01	5.15e-01	2.69e-01	1.83e-06	8.22e-12	3.97e-08	1.19e-07	1.98e-07	5.84e-04	1.17e-03	7.10e-24
 1.82463e+16	4.93e-07	1.93e-03	2.30e-01	5.26e-01	2.42e-01	1.84e-06	0.00e+00	4.58e-08	1.37e-07	2.29e-07	6.44e-04	1.29e-03	9.96e-24
 1.83535e+16	5.65e-07	2.11e-03	2.45e-01	5.35e-01	2.18e-01	1.87e-06	0.00e+00	5.25e-08	1.58e-07	2.62e-07	7.05e-04	1.41e-03	1.38e-23
 1.84290e+16	6.36e-07	2.29e-03	2.57e-01	5.41e-01	1.99e-01	1.94e-06	1.25e-11	5.91e-08	1.77e-07	2.95e-07	7.63e-04	1.52e-03	1.87e-23
 1.84857e+16	6.82e-07	2.39e-03	2.65e-01	5.46e-01	1.86e-01	1.95e-06	0.00e+00	6.35e-08	1.90e-07	3.17e-07	7.99e-04	1.60e-03	2.20e-23
 1.85439e+16	7.40e-07	2.53e-03	2.75e-01	5.51e-01	1.72e-01	1.94e-06	0.00e+00	6.89e-08	2.07e-07	3.44e-07	8.42e-04	1.68e-03	2.70e-23
