#depth	O	O+	O+2	O+3	O+4	O+5	O+6	O+7	O+8	O[1]	O[2]	O[3]
 1.49634e+10	0.00e+00	3.48e-45	1.38e-34	5.77e-25	2.87e-16	1.37e-08	1.00e+00	0.00e+00	0.00e+00	0.00e+00	0.00e+00	0.00e+00
 4.54887e+10	0.00e+00	0.00e+00	1.89e-34	7.32e-25	3.36e-16	1.49e-08	1.00e+00	2.98e-09	0.00e+00	0.00e+00	0.00e+00	0.00e+00
 7.72350e+10	0.00e+00	7.64e-45	2.59e-34	9.28e-25	3.94e-16	1.61e-08	1.00e+00	0.00e+00	0.00e+00	0.00e+00	0.00e+00	0.00e+00
 1.10251e+11	0.00e+00	0.00e+00	3.55e-34	1.18e-24	4.61e-16	1.74e-08	1.00e+00	0.00e+00	0.00e+00	0.00e+00	0.00e+00	0.00e+00
 1.44588e+11	0.00e+00	1.68e-44	4.86e-34	1.49e-24	5.40e-16	1.89e-08	1.00e+00	0.00e+00	0.00e+00	0.00e+00	0.00e+00	0.00e+00
 1.80298e+11	0.00e+00	0.00e+00	6.67e-34	1.89e-24	6.33e-16	2.04e-08	1.00e+00	0.00e+00	0.00e+00	0.00e+00	0.00e+00	0.00e+00
 2.15841e+11	0.00e+00	3.64e-44	9.03e-34	2.37e-24	7.37e-16	2.20e-08	1.00e+00	0.00e+00	0.00e+00	0.00e+00	0.00e+00	0.00e+00
 2.52806e+11	0.00e+00	0.00e+00	1.22e-33	2.98e-24	8.58e-16	2.38e-08	1.00e+00	0.00e+00	0.00e+00	0.00e+00	0.00e+00	0.00e+00
 2.92845e+11	0.00e+00	7.89e-44	1.68e-33	3.78e-24	1.01e-15	2.58e-08	1.00e+00	0.00e+00	0.00e+00	0.00e+00	0.00e+00	0.00e+00
 3.33605e+11	0.00e+00	0.00e+00	2.29e-33	4.77e-24	1.18e-15	2.78e-08	1.00e+00	0.00e+00	0.00e+00	0.00e+00	0.00e+00	0.00e+00
 3.75996e+11	0.00e+00	1.71e-43	3.12e-33	6.02e-24	1.37e-15	3.01e-08	1.00e+00	0.00e+00	0.00e+00	0.00e+00	0.00e+00	0.00e+00
 4.20962e+11	0.00e+00	0.00e+00	4.28e-33	7.64e-24	1.61e-15	3.26e-08	1.00e+00	0.00e+00	0.00e+00	0.00e+00	0.00e+00	0.00e+00
 4.67728e+11	0.00e+00	3.78e-43	5.88e-33	9.70e-24	1.89e-15	3.53e-08	1.00e+00	0.00e+00	0.00e+00	0.00e+00	0.00e+00	0.00e+00
 5.16364e+11	0.00e+00	0.00e+00	8.08e-33	1.23e-23	2.22e-15	3.83e-08	1.00e+00	0.00e+00	0.00e+00	0.00e+00	0.00e+00	0.00e+00
 5.66945e+11	0.00e+00	8.35e-43	1.11e-32	1.56e-23	2.60e-15	4.15e-08	1.00e+00	0.00e+00	0.00e+00	0.00e+00	0.00e+00	0.00e+00
 6.19550e+11	0.00e+00	0.00e+00	1.53e-32	1.99e-23	3.06e-15	4.50e-08	1.00e+00	0.00e+00	0.00e+00	0.00e+00	0.00e+00	0.00e+00
 6.74258e+11	0.00e+00	1.85e-42	2.10e-32	2.53e-23	3.59e-15	4.88e-08	1.00e+00	0.00e+00	0.00e+00	0.00e+00	0.00e+00	0.00e+00
 7.31155e+11	0.00e+00	0.00e+00	2.89e-32	3.21e-23	4.22e-15	5.29e-08	1.00e+00	0.00e+00	0.00e+00	0.00e+00	0.00e+00	0.00e+00
 7.90328e+11	0.00e+00	4.10e-42	3.97e-32	4.09e-23	4.96e-15	5.74e-08	1.00e+00	0.00e+00	0.00e+00	0.00e+00	0.00e+00	0.00e+00
 8.51868e+11	0.00e+00	0.00e+00	5.47e-32	5.20e-23	5.83e-15	6.22e-08	1.00e+00	0.00e+00	0.00e+00	0.00e+00	0.00e+00	0.00e+00
 9.15870e+11	0.00e+00	9.10e-42	7.54e-32	6.62e-23	6.86e-15	6.75e-08	1.00e+00	0.00e+00	0.00e+00	0.00e+00	0.00e+00	0.00e+00
 9.82431e+11	0.00e+00	0.00e+00	1.04e-31	8.44e-23	8.07e-15	7.33e-08	1.00e+00	0.00e+00	0.00e+00	0.00e+00	0.00e+00	0.00e+00
 1.05166e+12	0.00e+00	2.03e-41	1.43e-31	1.08e-22	9.50e-15	7.96e-08	1.00e+00	0.00e+00	0.00e+00	0.00e+00	0.00e+00	0.00e+00
 1.12365e+12	0.00e+00	0.00e+00	1.98e-31	1.37e-22	1.12e-14	8.64e-08	1.00e+00	0.00e+00	0.00e+00	0.00e+00	0.00e+00	0.00e+00
 1.19852e+12	0.00e+00	4.52e-41	2.73e-31	1.75e-22	1.32e-14	9.39e-08	1.00e+00	0.00e+00	0.00e+00	0.00e+00	0.00e+00	0.00e+00
 1.27639e+12	0.00e+00	0.00e+00	3.77e-31	2.23e-22	1.56e-14	1.02e-07	1.00e+00	0.00e+00	0.00e+00	0.00e+00	0.00e+00	0.00e+00
 1.35737e+12	0.00e+00	1.01e-40	5.21e-31	2.85e-22	1.84e-14	1.11e-07	1.00e+00	0.00e+00	0.00e+00	0.00e+00	0.00e+00	0.00e+00
 1.44159e+12	0.00e+00	0.00e+00	7.21e-31	3.65e-22	2.17e-14	1.21e-07	1.00e+00	0.00e+00	0.00e+00	0.00e+00	0.00e+00	0.00e+00
 1.52918e+12	0.00e+00	2.26e-40	9.97e-31	4.67e-22	2.56e-14	1.31e-07	1.00e+00	0.00e+00	0.00e+00	0.00e+00	0.00e+00	0.00e+00
 1.61075e+12	0.00e+00	0.00e+00	1.34e-30	5.82e-22	2.98e-14	1.42e-07	1.00e+00	0.00e+00	0.00e+00	0.00e+00	0.00e+00	0.00e+00
 1.68244e+12	0.00e+00	4.43e-40	1.71e-30	7.03e-22	3.38e-14	1.51e-07	1.00e+00	0.00e+00	0.00e+00	0.00e+00	0.00e+00	0.00e+00
 1.76242e+12	0.00e+00	0.00e+00	2.24e-30	8.63e-22	3.89e-14	1.62e-07	1.00e+00	0.00e+00	0.00e+00	0.00e+00	0.00e+00	0.00e+00
 1.85875e+12	0.00e+00	9.14e-40	3.07e-30	1.10e-21	4.57e-14	1.76e-07	1.00e+00	0.00e+00	0.00e+00	0.00e+00	0.00e+00	0.00e+00
 1.95596e+12	0.00e+00	0.00e+00	4.16e-30	1.38e-21	5.36e-14	1.91e-07	1.00e+00	0.00e+00	0.00e+00	0.00e+00	0.00e+00	0.00e+00
 2.04561e+12	0.00e+00	1.87e-39	5.47e-30	1.70e-21	6.18e-14	2.05e-07	1.00e+00	0.00e+00	0.00e+00	0.00e+00	0.00e+00	0.00e+00
 2.14579e+12	0.00e+00	0.00e+00	7.35e-30	2.13e-21	7.21e-14	2.22e-07	1.00e+00	0.00e+00	0.00e+00	0.00e+00	0.00e+00	0.00e+00
 2.26143e+12	0.00e+00	4.05e-39	1.02e-29	2.74e-21	8.55e-14	2.42e-07	1.00e+00	0.00e+00	0.00e+00	0.00e+00	0.00e+00	0.00e+00
 2.37441e+12	0.00e+00	0.00e+00	1.39e-29	3.46e-21	1.01e-13	2.63e-07	1.00e+00	0.00e+00	0.00e+00	0.00e+00	0.00e+00	0.00e+00
 2.48101e+12	0.00e+00	8.41e-39	1.84e-29	4.30e-21	1.17e-13	2.84e-07	1.00e+00	0.00e+00	0.00e+00	0.00e+00	0.00e+00	0.00e+00
 2.59927e+12	0.00e+00	0.00e+00	2.49e-29	5.41e-21	1.37e-13	3.08e-07	1.00e+00	0.00e+00	0.00e+00	0.00e+00	0.00e+00	0.00e+00
 2.73317e+12	0.00e+00	1.83e-38	3.46e-29	6.97e-21	1.63e-13	3.37e-07	1.00e+00	0.00e+00	0.00e+00	0.00e+00	0.00e+00	0.00e+00
 2.86575e+12	0.00e+00	0.00e+00	4.74e-29	8.87e-21	1.92e-13	3.67e-07	1.00e+00	0.00e+00	0.00e+00	0.00e+00	0.00e+00	0.00e+00
 3.00364e+12	0.00e+00	3.98e-38	6.49e-29	1.13e-20	2.27e-13	4.00e-07	1.00e+00	0.00e+00	0.00e+00	0.00e+00	0.00e+00	0.00e+00
 3.15371e+12	0.00e+00	0.00e+00	9.02e-29	1.45e-20	2.71e-13	4.38e-07	1.00e+00	0.00e+00	0.00e+00	0.00e+00	0.00e+00	0.00e+00
 3.30521e+12	0.00e+00	8.83e-38	1.24e-28	1.86e-20	3.21e-13	4.79e-07	1.00e+00	0.00e+00	0.00e+00	0.00e+00	0.00e+00	0.00e+00
 3.46277e+12	0.00e+00	0.00e+00	1.71e-28	2.38e-20	3.81e-13	5.23e-07	1.00e+00	0.00e+00	0.00e+00	0.00e+00	0.00e+00	0.00e+00
 3.63121e+12	0.00e+00	1.96e-37	2.37e-28	3.06e-20	4.55e-13	5.73e-07	1.00e+00	0.00e+00	0.00e+00	0.00e+00	0.00e+00	0.00e+00
 3.80639e+12	0.00e+00	0.00e+00	3.29e-28	3.95e-20	5.43e-13	6.28e-07	1.00e+00	0.00e+00	0.00e+00	0.00e+00	0.00e+00	0.00e+00
 3.98857e+12	0.00e+00	4.36e-37	4.56e-28	5.08e-20	6.48e-13	6.89e-07	1.00e+00	0.00e+00	0.00e+00	0.00e+00	0.00e+00	0.00e+00
 4.17804e+12	0.00e+00	0.00e+00	6.32e-28	6.54e-20	7.74e-13	7.56e-07	1.00e+00	0.00e+00	0.00e+00	0.00e+00	0.00e+00	0.00e+00
 4.37509e+12	0.00e+00	9.68e-37	8.75e-28	8.42e-20	9.24e-13	8.29e-07	1.00e+00	0.00e+00	0.00e+00	0.00e+00	0.00e+00	0.00e+00
 4.56334e+12	0.00e+00	0.00e+00	1.18e-27	1.06e-19	1.09e-12	9.03e-07	1.00e+00	0.00e+00	0.00e+00	0.00e+00	0.00e+00	0.00e+00
 4.73598e+12	0.00e+00	1.92e-36	1.54e-27	1.30e-19	1.26e-12	9.74e-07	1.00e+00	0.00e+00	0.00e+00	0.00e+00	0.00e+00	0.00e+00
 4.93110e+12	5.37e-46	2.73e-36	2.05e-27	1.63e-19	1.47e-12	1.06e-06	1.00e+00	0.00e+00	0.00e+00	0.00e+00	0.00e+00	0.00e+00
 5.14771e+12	0.00e+00	0.00e+00	2.78e-27	2.07e-19	1.74e-12	1.16e-06	1.00e+00	0.00e+00	0.00e+00	0.00e+00	0.00e+00	0.00e+00
 5.35065e+12	0.00e+00	5.56e-36	3.67e-27	2.57e-19	2.03e-12	1.25e-06	1.00e+00	0.00e+00	0.00e+00	0.00e+00	0.00e+00	0.00e+00
 5.57118e+12	1.90e-45	7.90e-36	4.90e-27	3.22e-19	2.38e-12	1.36e-06	1.00e+00	0.00e+00	0.00e+00	0.00e+00	0.00e+00	0.00e+00
 5.81827e+12	0.00e+00	0.00e+00	6.69e-27	4.11e-19	2.83e-12	1.50e-06	1.00e+00	0.00e+00	0.00e+00	0.00e+00	0.00e+00	0.00e+00
 6.05566e+12	0.00e+00	1.63e-35	8.92e-27	5.15e-19	3.33e-12	1.63e-06	1.00e+00	0.00e+00	0.00e+00	0.00e+00	0.00e+00	0.00e+00
 6.30823e+12	6.89e-45	2.33e-35	1.20e-26	6.48e-19	3.92e-12	1.78e-06	1.00e+00	0.00e+00	0.00e+00	0.00e+00	0.00e+00	0.00e+00
 6.59048e+12	0.00e+00	0.00e+00	1.64e-26	8.30e-19	4.67e-12	1.95e-06	1.00e+00	0.00e+00	0.00e+00	0.00e+00	0.00e+00	0.00e+00
 6.87042e+12	0.00e+00	4.89e-35	2.21e-26	1.05e-18	5.53e-12	2.14e-06	1.00e+00	0.00e+00	0.00e+00	0.00e+00	0.00e+00	0.00e+00
 7.16156e+12	2.55e-44	7.02e-35	2.98e-26	1.33e-18	6.54e-12	2.34e-06	1.00e+00	0.00e+00	0.00e+00	0.00e+00	0.00e+00	0.00e+00
 7.44770e+12	0.00e+00	9.85e-35	3.95e-26	1.66e-18	7.67e-12	2.54e-06	1.00e+00	0.00e+00	0.00e+00	0.00e+00	0.00e+00	0.00e+00
 7.69729e+12	5.34e-44	1.31e-34	5.00e-26	2.00e-18	8.77e-12	2.73e-06	1.00e+00	0.00e+00	0.00e+00	0.00e+00	0.00e+00	0.00e+00
 7.96994e+12	0.00e+00	1.77e-34	6.42e-26	2.44e-18	1.01e-11	2.95e-06	1.00e+00	0.00e+00	0.00e+00	0.00e+00	0.00e+00	0.00e+00
 8.30149e+12	1.15e-43	2.51e-34	8.60e-26	3.08e-18	1.19e-11	3.23e-06	1.00e+00	0.00e+00	0.00e+00	0.00e+00	0.00e+00	0.00e+00
 8.63527e+12	0.00e+00	3.52e-34	1.14e-25	3.85e-18	1.40e-11	3.52e-06	1.00e+00	0.00e+00	0.00e+00	0.00e+00	0.00e+00	0.00e+00
 8.93564e+12	2.43e-43	4.72e-34	1.46e-25	4.68e-18	1.61e-11	3.80e-06	1.00e+00	0.00e+00	0.00e+00	0.00e+00	0.00e+00	0.00e+00
 9.26692e+12	0.00e+00	6.44e-34	1.89e-25	5.75e-18	1.87e-11	4.12e-06	1.00e+00	0.00e+00	0.00e+00	0.00e+00	0.00e+00	0.00e+00
 9.65820e+12	5.31e-43	9.16e-34	2.54e-25	7.28e-18	2.22e-11	4.52e-06	1.00e+00	0.00e+00	0.00e+00	0.00e+00	0.00e+00	0.00e+00
 1.00454e+13	0.00e+00	1.28e-33	3.36e-25	9.10e-18	2.60e-11	4.93e-06	1.00e+00	0.00e+00	0.00e+00	0.00e+00	0.00e+00	0.00e+00
 1.04046e+13	1.12e-42	1.72e-33	4.31e-25	1.11e-17	3.01e-11	5.34e-06	1.00e+00	0.00e+00	0.00e+00	0.00e+00	0.00e+00	0.00e+00
 1.08071e+13	0.00e+00	2.37e-33	5.64e-25	1.38e-17	3.51e-11	5.81e-06	1.00e+00	0.00e+00	0.00e+00	0.00e+00	0.00e+00	0.00e+00
 1.12693e+13	2.46e-42	3.38e-33	7.59e-25	1.75e-17	4.16e-11	6.38e-06	1.00e+00	0.00e+00	0.00e+00	0.00e+00	0.00e+00	0.00e+00
 1.17244e+13	0.00e+00	4.71e-33	1.00e-24	2.19e-17	4.90e-11	6.98e-06	1.00e+00	0.00e+00	0.00e+00	0.00e+00	0.00e+00	0.00e+00
 1.21978e+13	5.37e-42	6.58e-33	1.33e-24	2.75e-17	5.75e-11	7.62e-06	1.00e+00	0.00e+00	0.00e+00	0.00e+00	0.00e+00	0.00e+00
 1.27156e+13	0.00e+00	9.32e-33	1.79e-24	3.48e-17	6.81e-11	8.37e-06	1.00e+00	0.00e+00	0.00e+00	0.00e+00	0.00e+00	0.00e+00
 1.32408e+13	1.20e-41	1.31e-32	2.38e-24	4.38e-17	8.02e-11	9.16e-06	1.00e+00	0.00e+00	0.00e+00	0.00e+00	0.00e+00	0.00e+00
 1.37871e+13	0.00e+00	1.84e-32	3.17e-24	5.51e-17	9.45e-11	1.00e-05	1.00e+00	0.00e+00	0.00e+00	0.00e+00	0.00e+00	0.00e+00
 1.43685e+13	2.68e-41	2.60e-32	4.24e-24	6.97e-17	1.12e-10	1.10e-05	1.00e+00	0.00e+00	0.00e+00	0.00e+00	0.00e+00	0.00e+00
 1.49732e+13	0.00e+00	3.68e-32	5.68e-24	8.81e-17	1.32e-10	1.20e-05	1.00e+00	0.00e+00	0.00e+00	0.00e+00	0.00e+00	0.00e+00
 1.56020e+13	6.04e-41	5.21e-32	7.61e-24	1.11e-16	1.56e-10	1.32e-05	1.00e+00	0.00e+00	0.00e+00	0.00e+00	0.00e+00	0.00e+00
 1.62560e+13	0.00e+00	7.37e-32	1.02e-23	1.41e-16	1.83e-10	1.44e-05	1.00e+00	0.00e+00	0.00e+00	0.00e+00	0.00e+00	0.00e+00
 1.69134e+13	1.34e-40	1.03e-31	1.35e-23	1.76e-16	2.15e-10	1.58e-05	1.00e+00	0.00e+00	0.00e+00	0.00e+00	0.00e+00	0.00e+00
 1.75361e+13	0.00e+00	1.40e-31	1.75e-23	2.17e-16	2.49e-10	1.71e-05	1.00e+00	0.00e+00	0.00e+00	0.00e+00	0.00e+00	0.00e+00
 1.82065e+13	2.80e-40	1.94e-31	2.30e-23	2.69e-16	2.89e-10	1.85e-05	1.00e+00	0.00e+00	0.00e+00	0.00e+00	0.00e+00	0.00e+00
 1.89485e+13	0.00e+00	2.73e-31	3.06e-23	3.38e-16	3.39e-10	2.02e-05	1.00e+00	0.00e+00	0.00e+00	0.00e+00	0.00e+00	0.00e+00
 1.96182e+13	5.93e-40	3.68e-31	3.93e-23	4.12e-16	3.89e-10	2.18e-05	1.00e+00	0.00e+00	0.00e+00	0.00e+00	0.00e+00	0.00e+00
 2.02057e+13	0.00e+00	4.75e-31	4.87e-23	4.88e-16	4.37e-10	2.32e-05	1.00e+00	0.00e+00	0.00e+00	0.00e+00	0.00e+00	0.00e+00
 2.08686e+13	1.11e-39	6.29e-31	6.16e-23	5.87e-16	4.97e-10	2.49e-05	1.00e+00	0.00e+00	0.00e+00	0.00e+00	0.00e+00	0.00e+00
 2.16831e+13	0.00e+00	8.79e-31	8.14e-23	7.31e-16	5.78e-10	2.70e-05	1.00e+00	0.00e+00	0.00e+00	0.00e+00	0.00e+00	0.00e+00
 2.25245e+13	2.43e-39	1.22e-30	1.07e-22	9.11e-16	6.73e-10	2.93e-05	1.00e+00	0.00e+00	0.00e+00	0.00e+00	0.00e+00	0.00e+00
 2.33025e+13	0.00e+00	1.65e-30	1.38e-22	1.11e-15	7.69e-10	3.15e-05	1.00e+00	0.00e+00	0.00e+00	0.00e+00	0.00e+00	0.00e+00
 2.41673e+13	5.08e-39	2.29e-30	1.80e-22	1.37e-15	8.89e-10	3.41e-05	1.00e+00	0.00e+00	0.00e+00	0.00e+00	0.00e+00	0.00e+00
 2.50827e+13	0.00e+00	3.18e-30	2.37e-22	1.69e-15	1.03e-09	3.69e-05	1.00e+00	0.00e+00	0.00e+00	0.00e+00	0.00e+00	0.00e+00
 2.58735e+13	1.04e-38	4.20e-30	2.98e-22	2.03e-15	1.16e-09	3.94e-05	1.00e+00	0.00e+00	0.00e+00	0.00e+00	0.00e+00	0.00e+00
 2.67105e+13	0.00e+00	5.60e-30	3.78e-22	2.44e-15	1.32e-09	4.21e-05	1.00e+00	0.00e+00	0.00e+00	0.00e+00	0.00e+00	0.00e+00
 2.77422e+13	2.17e-38	7.88e-30	5.01e-22	3.04e-15	1.53e-09	4.56e-05	1.00e+00	0.00e+00	0.00e+00	0.00e+00	0.00e+00	0.00e+00
 2.87823e+13	0.00e+00	1.10e-29	6.60e-22	3.76e-15	1.77e-09	4.93e-05	1.00e+00	0.00e+00	0.00e+00	0.00e+00	0.00e+00	0.00e+00
 2.96963e+13	4.50e-38	1.46e-29	8.34e-22	4.51e-15	2.01e-09	5.26e-05	1.00e+00	0.00e+00	0.00e+00	0.00e+00	0.00e+00	0.00e+00
 3.06914e+13	0.00e+00	1.98e-29	1.07e-21	5.46e-15	2.28e-09	5.63e-05	1.00e+00	0.00e+00	0.00e+00	0.00e+00	0.00e+00	0.00e+00
 3.18939e+13	9.77e-38	2.82e-29	1.43e-21	6.83e-15	2.66e-09	6.10e-05	1.00e+00	0.00e+00	0.00e+00	0.00e+00	0.00e+00	0.00e+00
 3.31030e+13	0.00e+00	3.97e-29	1.89e-21	8.48e-15	3.08e-09	6.59e-05	1.00e+00	0.00e+00	0.00e+00	0.00e+00	0.00e+00	0.00e+00
 3.42047e+13	2.10e-37	5.38e-29	2.43e-21	1.03e-14	3.50e-09	7.05e-05	1.00e+00	0.00e+00	0.00e+00	0.00e+00	0.00e+00	0.00e+00
 3.54298e+13	0.00e+00	7.48e-29	3.17e-21	1.26e-14	4.02e-09	7.57e-05	1.00e+00	0.00e+00	0.00e+00	0.00e+00	0.00e+00	0.00e+00
 3.68596e+13	4.79e-37	1.08e-28	4.28e-21	1.59e-14	4.70e-09	8.22e-05	1.00e+00	0.00e+00	0.00e+00	0.00e+00	0.00e+00	0.00e+00
 3.82703e+13	0.00e+00	1.54e-28	5.71e-21	1.98e-14	5.45e-09	8.87e-05	1.00e+00	0.00e+00	0.00e+00	0.00e+00	0.00e+00	0.00e+00
 3.96139e+13	1.07e-36	2.13e-28	7.43e-21	2.42e-14	6.25e-09	9.52e-05	1.00e+00	0.00e+00	0.00e+00	0.00e+00	0.00e+00	0.00e+00
 4.11050e+13	0.00e+00	3.01e-28	9.87e-21	3.01e-14	7.23e-09	1.03e-04	1.00e+00	0.00e+00	0.00e+00	0.00e+00	0.00e+00	0.00e+00
 4.27791e+13	2.53e-36	4.38e-28	1.34e-20	3.81e-14	8.46e-09	1.11e-04	1.00e+00	0.00e+00	0.00e+00	0.00e+00	0.00e+00	0.00e+00
 4.44737e+13	0.00e+00	6.35e-28	1.81e-20	4.78e-14	9.86e-09	1.21e-04	1.00e+00	0.00e+00	0.00e+00	0.00e+00	0.00e+00	0.00e+00
 4.62360e+13	6.10e-36	9.18e-28	2.44e-20	6.01e-14	1.15e-08	1.30e-04	1.00e+00	0.00e+00	0.00e+00	0.00e+00	0.00e+00	0.00e+00
 4.81154e+13	0.00e+00	1.34e-27	3.32e-20	7.60e-14	1.35e-08	1.41e-04	1.00e+00	0.00e+00	0.00e+00	0.00e+00	0.00e+00	0.00e+00
 4.99754e+13	1.47e-35	1.93e-27	4.45e-20	9.50e-14	1.56e-08	1.53e-04	1.00e+00	0.00e+00	0.00e+00	0.00e+00	0.00e+00	0.00e+00
 5.19098e+13	0.00e+00	2.77e-27	5.98e-20	1.19e-13	1.82e-08	1.65e-04	1.00e+00	0.00e+00	0.00e+00	0.00e+00	0.00e+00	0.00e+00
 5.40161e+13	3.57e-35	4.05e-27	8.13e-20	1.50e-13	2.13e-08	1.79e-04	1.00e+00	0.00e+00	0.00e+00	0.00e+00	0.00e+00	0.00e+00
 5.61436e+13	5.55e-35	5.87e-27	1.10e-19	1.89e-13	2.48e-08	1.93e-04	1.00e+00	0.00e+00	0.00e+00	0.00e+00	0.00e+00	0.00e+00
 5.83561e+13	8.62e-35	8.50e-27	1.48e-19	2.37e-13	2.89e-08	2.09e-04	1.00e+00	0.00e+00	0.00e+00	0.00e+00	0.00e+00	0.00e+00
 6.07203e+13	1.36e-34	1.24e-26	2.02e-19	2.99e-13	3.38e-08	2.27e-04	1.00e+00	0.00e+00	0.00e+00	0.00e+00	0.00e+00	0.00e+00
 6.28950e+13	2.03e-34	1.74e-26	2.65e-19	3.69e-13	3.88e-08	2.43e-04	1.00e+00	0.00e+00	0.00e+00	0.00e+00	0.00e+00	0.00e+00
 6.47761e+13	2.84e-34	2.31e-26	3.33e-19	4.39e-13	4.36e-08	2.58e-04	1.00e+00	0.00e+00	0.00e+00	0.00e+00	0.00e+00	0.00e+00
 6.68728e+13	4.08e-34	3.14e-26	4.26e-19	5.29e-13	4.95e-08	2.76e-04	1.00e+00	0.00e+00	0.00e+00	0.00e+00	0.00e+00	0.00e+00
 6.94340e+13	6.26e-34	4.49e-26	5.71e-19	6.61e-13	5.74e-08	2.98e-04	1.00e+00	0.00e+00	0.00e+00	0.00e+00	0.00e+00	0.00e+00
 7.20868e+13	9.60e-34	6.44e-26	7.63e-19	8.25e-13	6.66e-08	3.21e-04	1.00e+00	0.00e+00	0.00e+00	0.00e+00	0.00e+00	0.00e+00
 7.45813e+13	1.42e-33	8.92e-26	9.95e-19	1.01e-12	7.62e-08	3.44e-04	1.00e+00	0.00e+00	0.00e+00	0.00e+00	0.00e+00	0.00e+00
 7.73300e+13	2.14e-33	1.26e-25	1.32e-18	1.25e-12	8.80e-08	3.71e-04	1.00e+00	0.00e+00	0.00e+00	0.00e+00	0.00e+00	0.00e+00
 8.04531e+13	3.34e-33	1.84e-25	1.79e-18	1.58e-12	1.03e-07	4.02e-04	1.00e+00	0.00e+00	0.00e+00	0.00e+00	0.00e+00	0.00e+00
 8.35748e+13	5.16e-33	2.65e-25	2.41e-18	1.98e-12	1.20e-07	4.34e-04	1.00e+00	0.00e+00	0.00e+00	0.00e+00	0.00e+00	0.00e+00
 8.68213e+13	7.95e-33	3.81e-25	3.23e-18	2.48e-12	1.39e-07	4.69e-04	1.00e+00	0.00e+00	0.00e+00	0.00e+00	0.00e+00	0.00e+00
 9.03241e+13	1.25e-32	5.56e-25	4.39e-18	3.13e-12	1.63e-07	5.09e-04	9.99e-01	0.00e+00	0.00e+00	0.00e+00	0.00e+00	0.00e+00
 9.39670e+13	1.95e-32	8.11e-25	5.97e-18	3.96e-12	1.91e-07	5.52e-04	9.99e-01	0.00e+00	0.00e+00	0.00e+00	0.00e+00	0.00e+00
 9.73569e+13	2.92e-32	1.14e-24	7.87e-18	4.88e-12	2.19e-07	5.94e-04	9.99e-01	0.00e+00	0.00e+00	0.00e+00	0.00e+00	0.00e+00
 1.00328e+14	4.11e-32	1.52e-24	9.94e-18	5.83e-12	2.47e-07	6.31e-04	9.99e-01	0.00e+00	0.00e+00	0.00e+00	0.00e+00	0.00e+00
 1.03636e+14	5.92e-32	2.07e-24	1.28e-17	7.07e-12	2.81e-07	6.75e-04	9.99e-01	0.00e+00	0.00e+00	0.00e+00	0.00e+00	0.00e+00
 1.07631e+14	9.08e-32	2.97e-24	1.71e-17	8.85e-12	3.27e-07	7.29e-04	9.99e-01	0.00e+00	0.00e+00	0.00e+00	0.00e+00	0.00e+00
 1.11653e+14	1.39e-31	4.25e-24	2.30e-17	1.10e-11	3.78e-07	7.86e-04	9.99e-01	0.00e+00	0.00e+00	0.00e+00	0.00e+00	0.00e+00
 1.15322e+14	2.00e-31	5.77e-24	2.94e-17	1.33e-11	4.30e-07	8.39e-04	9.99e-01	0.00e+00	0.00e+00	0.00e+00	0.00e+00	0.00e+00
 1.19395e+14	2.96e-31	8.02e-24	3.84e-17	1.64e-11	4.93e-07	9.02e-04	9.99e-01	0.00e+00	0.00e+00	0.00e+00	0.00e+00	0.00e+00
 1.24146e+14	4.62e-31	1.17e-23	5.21e-17	2.06e-11	5.76e-07	9.77e-04	9.99e-01	0.00e+00	0.00e+00	0.00e+00	0.00e+00	0.00e+00
 1.28802e+14	7.03e-31	1.66e-23	6.94e-17	2.57e-11	6.67e-07	1.05e-03	9.99e-01	0.00e+00	0.00e+00	0.00e+00	0.00e+00	0.00e+00
 1.33160e+14	1.03e-30	2.29e-23	9.00e-17	3.13e-11	7.61e-07	1.13e-03	9.99e-01	0.00e+00	0.00e+00	0.00e+00	0.00e+00	0.00e+00
 1.38031e+14	1.55e-30	3.24e-23	1.19e-16	3.87e-11	8.77e-07	1.21e-03	9.99e-01	0.00e+00	0.00e+00	0.00e+00	0.00e+00	0.00e+00
 1.43583e+14	2.44e-30	4.74e-23	1.62e-16	4.89e-11	1.03e-06	1.31e-03	9.99e-01	0.00e+00	0.00e+00	0.00e+00	0.00e+00	0.00e+00
 1.49085e+14	3.77e-30	6.82e-23	2.18e-16	6.12e-11	1.19e-06	1.42e-03	9.99e-01	0.00e+00	0.00e+00	0.00e+00	0.00e+00	0.00e+00
 1.54807e+14	5.82e-30	9.82e-23	2.93e-16	7.65e-11	1.38e-06	1.53e-03	9.98e-01	0.00e+00	0.00e+00	0.00e+00	0.00e+00	0.00e+00
 1.61029e+14	9.18e-30	1.44e-22	3.99e-16	9.67e-11	1.62e-06	1.66e-03	9.98e-01	0.00e+00	0.00e+00	0.00e+00	0.00e+00	0.00e+00
 1.67500e+14	1.45e-29	2.11e-22	5.44e-16	1.22e-10	1.89e-06	1.80e-03	9.98e-01	0.00e+00	0.00e+00	0.00e+00	0.00e+00	0.00e+00
 1.74230e+14	2.29e-29	3.11e-22	7.42e-16	1.54e-10	2.21e-06	1.94e-03	9.98e-01	0.00e+00	0.00e+00	0.00e+00	0.00e+00	0.00e+00
 1.80920e+14	3.56e-29	4.49e-22	9.98e-16	1.93e-10	2.57e-06	2.10e-03	9.98e-01	0.00e+00	0.00e+00	0.00e+00	0.00e+00	0.00e+00
 1.87877e+14	5.54e-29	6.50e-22	1.34e-15	2.42e-10	2.98e-06	2.26e-03	9.98e-01	0.00e+00	0.00e+00	0.00e+00	0.00e+00	0.00e+00
 1.95038e+14	8.59e-29	9.38e-22	1.81e-15	3.02e-10	3.46e-06	2.44e-03	9.98e-01	0.00e+00	0.00e+00	0.00e+00	0.00e+00	0.00e+00
 2.01816e+14	1.28e-28	1.31e-21	2.37e-15	3.70e-10	3.97e-06	2.61e-03	9.97e-01	0.00e+00	0.00e+00	0.00e+00	0.00e+00	0.00e+00
 2.09248e+14	1.96e-28	1.87e-21	3.15e-15	4.60e-10	4.58e-06	2.81e-03	9.97e-01	0.00e+00	0.00e+00	0.00e+00	0.00e+00	0.00e+00
 2.17648e+14	3.12e-28	2.76e-21	4.30e-15	5.81e-10	5.35e-06	3.04e-03	9.97e-01	0.00e+00	0.00e+00	0.00e+00	0.00e+00	0.00e+00
 2.25259e+14	4.69e-28	3.88e-21	5.65e-15	7.13e-10	6.14e-06	3.25e-03	9.97e-01	0.00e+00	0.00e+00	0.00e+00	0.00e+00	0.00e+00
 2.31662e+14	6.53e-28	5.11e-21	7.06e-15	8.43e-10	6.86e-06	3.44e-03	9.97e-01	0.00e+00	0.00e+00	0.00e+00	0.00e+00	0.00e+00
 2.38732e+14	9.32e-28	6.88e-21	8.96e-15	1.01e-09	7.73e-06	3.65e-03	9.96e-01	0.00e+00	0.00e+00	0.00e+00	0.00e+00	0.00e+00
 2.47598e+14	1.43e-27	9.86e-21	1.20e-14	1.25e-09	8.93e-06	3.93e-03	9.96e-01	0.00e+00	0.00e+00	0.00e+00	0.00e+00	0.00e+00
 2.56918e+14	2.22e-27	1.42e-20	1.60e-14	1.56e-09	1.03e-05	4.23e-03	9.96e-01	0.00e+00	0.00e+00	0.00e+00	0.00e+00	0.00e+00
 2.65474e+14	3.27e-27	1.96e-20	2.08e-14	1.90e-09	1.18e-05	4.51e-03	9.95e-01	0.00e+00	0.00e+00	0.00e+00	0.00e+00	0.00e+00
 2.73649e+14	4.68e-27	2.65e-20	2.64e-14	2.27e-09	1.33e-05	4.79e-03	9.95e-01	0.00e+00	0.00e+00	0.00e+00	0.00e+00	0.00e+00
 2.83008e+14	6.97e-27	3.69e-20	3.45e-14	2.78e-09	1.52e-05	5.12e-03	9.95e-01	0.00e+00	0.00e+00	0.00e+00	0.00e+00	0.00e+00
 2.93443e+14	1.07e-26	5.28e-20	4.60e-14	3.45e-09	1.75e-05	5.51e-03	9.94e-01	0.00e+00	0.00e+00	0.00e+00	0.00e+00	0.00e+00
 3.03215e+14	1.57e-26	7.29e-20	5.96e-14	4.19e-09	2.00e-05	5.88e-03	9.94e-01	0.00e+00	0.00e+00	0.00e+00	0.00e+00	0.00e+00
 3.13854e+14	2.36e-26	1.02e-19	7.83e-14	5.14e-09	2.29e-05	6.30e-03	9.94e-01	0.00e+00	0.00e+00	0.00e+00	0.00e+00	0.00e+00
 3.25666e+14	3.63e-26	1.47e-19	1.05e-13	6.41e-09	2.65e-05	6.78e-03	9.93e-01	0.00e+00	0.00e+00	0.00e+00	0.00e+00	0.00e+00
 3.36672e+14	5.37e-26	2.04e-19	1.36e-13	7.81e-09	3.02e-05	7.25e-03	9.93e-01	0.00e+00	0.00e+00	0.00e+00	0.00e+00	0.00e+00
 3.48646e+14	8.06e-26	2.87e-19	1.79e-13	9.61e-09	3.47e-05	7.78e-03	9.92e-01	0.00e+00	0.00e+00	0.00e+00	0.00e+00	0.00e+00
 3.62006e+14	1.25e-25	4.14e-19	2.41e-13	1.20e-08	4.03e-05	8.39e-03	9.92e-01	0.00e+00	0.00e+00	0.00e+00	0.00e+00	0.00e+00
 3.74562e+14	1.86e-25	5.77e-19	3.16e-13	1.47e-08	4.62e-05	8.98e-03	9.91e-01	0.00e+00	0.00e+00	0.00e+00	0.00e+00	0.00e+00
 3.88152e+14	2.80e-25	8.15e-19	4.17e-13	1.82e-08	5.32e-05	9.65e-03	9.90e-01	0.00e+00	0.00e+00	0.00e+00	0.00e+00	0.00e+00
 4.03296e+14	4.35e-25	1.18e-18	5.63e-13	2.28e-08	6.19e-05	1.04e-02	9.90e-01	0.00e+00	0.00e+00	0.00e+00	0.00e+00	0.00e+00
 4.17741e+14	6.51e-25	1.66e-18	7.41e-13	2.81e-08	7.11e-05	1.12e-02	9.89e-01	0.00e+00	0.00e+00	0.00e+00	0.00e+00	0.00e+00
 4.33176e+14	9.88e-25	2.35e-18	9.85e-13	3.49e-08	8.21e-05	1.21e-02	9.88e-01	0.00e+00	0.00e+00	0.00e+00	0.00e+00	0.00e+00
 4.50533e+14	1.54e-24	3.42e-18	1.34e-12	4.40e-08	9.59e-05	1.31e-02	9.87e-01	0.00e+00	0.00e+00	0.00e+00	0.00e+00	0.00e+00
 4.67693e+14	2.36e-24	4.91e-18	1.79e-12	5.50e-08	1.11e-04	1.41e-02	9.86e-01	0.00e+00	0.00e+00	0.00e+00	0.00e+00	0.00e+00
 4.85539e+14	3.57e-24	6.97e-18	2.39e-12	6.86e-08	1.29e-04	1.52e-02	9.85e-01	0.00e+00	0.00e+00	0.00e+00	0.00e+00	0.00e+00
 5.04991e+14	5.58e-24	1.02e-17	3.24e-12	8.66e-08	1.51e-04	1.65e-02	9.83e-01	0.00e+00	0.00e+00	0.00e+00	0.00e+00	0.00e+00
 5.24652e+14	8.51e-24	1.46e-17	4.35e-12	1.09e-07	1.75e-04	1.79e-02	9.82e-01	0.00e+00	0.00e+00	0.00e+00	0.00e+00	0.00e+00
 5.45099e+14	1.29e-23	2.08e-17	5.83e-12	1.36e-07	2.04e-04	1.93e-02	9.80e-01	0.00e+00	0.00e+00	0.00e+00	0.00e+00	0.00e+00
 5.66933e+14	1.99e-23	3.01e-17	7.89e-12	1.72e-07	2.38e-04	2.10e-02	9.79e-01	0.00e+00	0.00e+00	0.00e+00	0.00e+00	0.00e+00
 5.87652e+14	2.93e-23	4.19e-17	1.04e-11	2.12e-07	2.74e-04	2.26e-02	9.77e-01	0.00e+00	0.00e+00	0.00e+00	0.00e+00	0.00e+00
 6.04868e+14	4.02e-23	5.49e-17	1.29e-11	2.51e-07	3.07e-04	2.40e-02	9.76e-01	0.00e+00	0.00e+00	0.00e+00	0.00e+00	0.00e+00
 6.22410e+14	5.47e-23	7.15e-17	1.61e-11	2.97e-07	3.43e-04	2.55e-02	9.74e-01	0.00e+00	0.00e+00	0.00e+00	0.00e+00	0.00e+00
 6.44987e+14	7.99e-23	9.91e-17	2.11e-11	3.67e-07	3.95e-04	2.75e-02	9.72e-01	0.00e+00	0.00e+00	0.00e+00	0.00e+00	0.00e+00
 6.68344e+14	1.17e-22	1.37e-16	2.76e-11	4.53e-07	4.54e-04	2.96e-02	9.70e-01	0.00e+00	0.00e+00	0.00e+00	0.00e+00	0.00e+00
 6.88272e+14	1.59e-22	1.79e-16	3.45e-11	5.38e-07	5.09e-04	3.15e-02	9.68e-01	0.00e+00	0.00e+00	0.00e+00	0.00e+00	0.00e+00
 7.09506e+14	2.18e-22	2.36e-16	4.35e-11	6.43e-07	5.73e-04	3.36e-02	9.66e-01	0.00e+00	0.00e+00	0.00e+00	0.00e+00	0.00e+00
 7.35952e+14	3.19e-22	3.29e-16	5.73e-11	7.98e-07	6.61e-04	3.64e-02	9.63e-01	0.00e+00	0.00e+00	0.00e+00	0.00e+00	0.00e+00
 7.63018e+14	4.63e-22	4.55e-16	7.53e-11	9.87e-07	7.61e-04	3.93e-02	9.60e-01	0.00e+00	0.00e+00	0.00e+00	0.00e+00	0.00e+00
 7.86861e+14	6.37e-22	6.01e-16	9.49e-11	1.18e-06	8.58e-04	4.19e-02	9.57e-01	0.00e+00	0.00e+00	0.00e+00	0.00e+00	0.00e+00
 8.12675e+14	8.88e-22	8.03e-16	1.21e-10	1.43e-06	9.73e-04	4.49e-02	9.54e-01	0.00e+00	0.00e+00	0.00e+00	0.00e+00	0.00e+00
 8.43825e+14	1.30e-21	1.12e-15	1.61e-10	1.78e-06	1.13e-03	4.86e-02	9.50e-01	0.00e+00	0.00e+00	0.00e+00	0.00e+00	0.00e+00
 8.74675e+14	1.87e-21	1.55e-15	2.11e-10	2.20e-06	1.29e-03	5.25e-02	9.46e-01	0.00e+00	0.00e+00	0.00e+00	0.00e+00	0.00e+00
 9.02016e+14	2.57e-21	2.04e-15	2.66e-10	2.63e-06	1.46e-03	5.60e-02	9.43e-01	0.00e+00	0.00e+00	0.00e+00	0.00e+00	0.00e+00
 9.32034e+14	3.56e-21	2.73e-15	3.40e-10	3.19e-06	1.65e-03	6.01e-02	9.38e-01	0.00e+00	0.00e+00	0.00e+00	0.00e+00	0.00e+00
 9.67996e+14	5.21e-21	3.84e-15	4.52e-10	3.98e-06	1.91e-03	6.51e-02	9.33e-01	0.00e+00	0.00e+00	0.00e+00	0.00e+00	0.00e+00
 1.00368e+15	7.50e-21	5.30e-15	5.93e-10	4.92e-06	2.19e-03	7.02e-02	9.28e-01	0.00e+00	0.00e+00	0.00e+00	0.00e+00	0.00e+00
 1.03591e+15	1.03e-20	7.02e-15	7.53e-10	5.91e-06	2.47e-03	7.50e-02	9.23e-01	0.00e+00	0.00e+00	0.00e+00	0.00e+00	0.00e+00
 1.07166e+15	1.45e-20	9.52e-15	9.72e-10	7.20e-06	2.81e-03	8.05e-02	9.17e-01	0.00e+00	0.00e+00	0.00e+00	0.00e+00	0.00e+00
 1.11372e+15	2.13e-20	1.35e-14	1.30e-09	9.01e-06	3.26e-03	8.72e-02	9.10e-01	0.00e+00	0.00e+00	0.00e+00	0.00e+00	0.00e+00
 1.15514e+15	3.08e-20	1.87e-14	1.71e-09	1.11e-05	3.74e-03	9.40e-02	9.02e-01	0.00e+00	0.00e+00	0.00e+00	0.00e+00	0.00e+00
 1.19351e+15	4.28e-20	2.51e-14	2.19e-09	1.35e-05	4.22e-03	1.00e-01	8.95e-01	0.00e+00	0.00e+00	0.00e+00	0.00e+00	0.00e+00
 1.23658e+15	6.11e-20	3.45e-14	2.87e-09	1.65e-05	4.82e-03	1.08e-01	8.87e-01	0.00e+00	0.00e+00	0.00e+00	0.00e+00	0.00e+00
 1.28607e+15	9.09e-20	4.93e-14	3.86e-09	2.08e-05	5.58e-03	1.17e-01	8.78e-01	0.00e+00	0.00e+00	0.00e+00	0.00e+00	0.00e+00
 1.33467e+15	1.32e-19	6.90e-14	5.11e-09	2.57e-05	6.40e-03	1.26e-01	8.68e-01	0.00e+00	0.00e+00	0.00e+00	0.00e+00	0.00e+00
 1.38520e+15	1.93e-19	9.68e-14	6.77e-09	3.18e-05	7.34e-03	1.35e-01	8.57e-01	0.00e+00	0.00e+00	0.00e+00	0.00e+00	0.00e+00
 1.44064e+15	2.88e-19	1.38e-13	9.11e-09	3.98e-05	8.47e-03	1.46e-01	8.46e-01	0.00e+00	0.00e+00	0.00e+00	0.00e+00	0.00e+00
 1.49673e+15	4.26e-19	1.97e-13	1.22e-08	4.96e-05	9.73e-03	1.57e-01	8.33e-01	0.00e+00	0.00e+00	0.00e+00	0.00e+00	0.00e+00
 1.55507e+15	6.32e-19	2.79e-13	1.63e-08	6.16e-05	1.12e-02	1.68e-01	8.20e-01	0.00e+00	0.00e+00	0.00e+00	0.00e+00	0.00e+00
 1.60706e+15	8.85e-19	3.78e-13	2.09e-08	7.42e-05	1.26e-02	1.79e-01	8.08e-01	0.00e+00	0.00e+00	0.00e+00	0.00e+00	0.00e+00
 1.64672e+15	1.14e-18	4.73e-13	2.51e-08	8.51e-05	1.37e-02	1.87e-01	7.99e-01	0.00e+00	0.00e+00	0.00e+00	0.00e+00	0.00e+00
 1.68853e+15	1.48e-18	5.96e-13	3.03e-08	9.80e-05	1.50e-02	1.96e-01	7.89e-01	0.00e+00	0.00e+00	0.00e+00	0.00e+00	0.00e+00
 1.74288e+15	2.05e-18	7.99e-13	3.85e-08	1.17e-04	1.67e-02	2.07e-01	7.76e-01	0.00e+00	0.00e+00	0.00e+00	0.00e+00	0.00e+00
 1.80188e+15	2.91e-18	1.09e-12	4.95e-08	1.41e-04	1.88e-02	2.19e-01	7.62e-01	0.00e+00	0.00e+00	0.00e+00	0.00e+00	0.00e+00
 1.85533e+15	3.96e-18	1.43e-12	6.17e-08	1.66e-04	2.08e-02	2.30e-01	7.49e-01	0.00e+00	0.00e+00	0.00e+00	0.00e+00	0.00e+00
 1.91322e+15	5.45e-18	1.89e-12	7.77e-08	1.97e-04	2.31e-02	2.42e-01	7.35e-01	0.00e+00	0.00e+00	0.00e+00	0.00e+00	0.00e+00
 1.98488e+15	8.04e-18	2.66e-12	1.02e-07	2.41e-04	2.62e-02	2.57e-01	7.17e-01	0.00e+00	0.00e+00	0.00e+00	0.00e+00	0.00e+00
 2.05682e+15	1.17e-17	3.70e-12	1.34e-07	2.93e-04	2.95e-02	2.71e-01	6.99e-01	0.00e+00	0.00e+00	0.00e+00	0.00e+00	0.00e+00
 2.11957e+15	1.61e-17	4.89e-12	1.67e-07	3.44e-04	3.26e-02	2.84e-01	6.83e-01	0.00e+00	0.00e+00	0.00e+00	0.00e+00	0.00e+00
 2.18796e+15	2.25e-17	6.55e-12	2.11e-07	4.08e-04	3.62e-02	2.97e-01	6.66e-01	0.00e+00	0.00e+00	1.31e-17	6.76e-18	2.06e-18
 2.27116e+15	3.39e-17	9.25e-12	2.79e-07	4.99e-04	4.09e-02	3.14e-01	6.45e-01	0.00e+00	0.00e+00	1.93e-17	1.03e-17	3.61e-18
 2.35518e+15	4.99e-17	1.29e-11	3.64e-07	6.04e-04	4.59e-02	3.29e-01	6.24e-01	0.00e+00	0.00e+00	2.85e-17	1.52e-17	5.29e-18
 2.43091e+15	6.98e-17	1.73e-11	4.58e-07	7.13e-04	5.07e-02	3.43e-01	6.05e-01	0.00e+00	0.00e+00	4.00e-17	2.12e-17	7.38e-18
 2.51430e+15	1.00e-16	2.35e-11	5.85e-07	8.49e-04	5.63e-02	3.58e-01	5.85e-01	0.00e+00	0.00e+00	5.74e-17	3.03e-17	1.05e-17
 2.61267e+15	1.51e-16	3.34e-11	7.73e-07	1.04e-03	6.33e-02	3.75e-01	5.61e-01	0.00e+00	0.00e+00	8.66e-17	4.57e-17	1.58e-17
 2.70918e+15	2.22e-16	4.65e-11	1.00e-06	1.25e-03	7.05e-02	3.90e-01	5.38e-01	0.00e+00	0.00e+00	1.28e-16	6.73e-17	2.32e-17
 2.79781e+15	3.13e-16	6.22e-11	1.26e-06	1.47e-03	7.75e-02	4.03e-01	5.18e-01	0.00e+00	0.00e+00	1.80e-16	9.48e-17	3.25e-17
 2.89755e+15	4.54e-16	8.52e-11	1.61e-06	1.74e-03	8.57e-02	4.18e-01	4.95e-01	0.00e+00	0.00e+00	2.62e-16	1.38e-16	4.71e-17
 3.01302e+15	6.91e-16	1.21e-10	2.13e-06	2.12e-03	9.58e-02	4.33e-01	4.69e-01	0.00e+00	0.00e+00	3.98e-16	2.09e-16	7.13e-17
 3.12597e+15	1.02e-15	1.68e-10	2.75e-06	2.53e-03	1.06e-01	4.46e-01	4.45e-01	0.00e+00	0.00e+00	5.89e-16	3.09e-16	1.05e-16
 3.23358e+15	1.46e-15	2.27e-10	3.47e-06	2.97e-03	1.16e-01	4.58e-01	4.23e-01	0.00e+00	0.00e+00	8.43e-16	4.43e-16	1.50e-16
 3.35309e+15	2.15e-15	3.12e-10	4.45e-06	3.53e-03	1.28e-01	4.70e-01	3.99e-01	0.00e+00	0.00e+00	1.24e-15	6.51e-16	2.20e-16
 3.48725e+15	3.26e-15	4.40e-10	5.81e-06	4.24e-03	1.41e-01	4.81e-01	3.74e-01	0.00e+00	0.00e+00	1.88e-15	9.87e-16	3.33e-16
 3.62316e+15	4.88e-15	6.13e-10	7.51e-06	5.05e-03	1.55e-01	4.91e-01	3.49e-01	0.00e+00	0.00e+00	2.82e-15	1.48e-15	4.97e-16
 3.76450e+15	7.31e-15	8.52e-10	9.68e-06	6.00e-03	1.70e-01	4.99e-01	3.25e-01	0.00e+00	0.00e+00	4.22e-15	2.21e-15	7.43e-16
 3.89031e+15	1.03e-14	1.13e-09	1.20e-05	6.95e-03	1.84e-01	5.05e-01	3.05e-01	0.00e+00	0.00e+00	5.96e-15	3.13e-15	1.05e-15
 3.98611e+15	1.33e-14	1.38e-09	1.41e-05	7.72e-03	1.94e-01	5.08e-01	2.90e-01	0.00e+00	0.00e+00	7.68e-15	4.03e-15	1.35e-15
 4.08688e+15	1.73e-14	1.71e-09	1.66e-05	8.60e-03	2.05e-01	5.11e-01	2.75e-01	0.00e+00	0.00e+00	9.98e-15	5.23e-15	1.75e-15
 4.21788e+15	2.40e-14	2.22e-09	2.03e-05	9.84e-03	2.20e-01	5.13e-01	2.57e-01	0.00e+00	0.00e+00	1.39e-14	7.26e-15	2.42e-15
 4.36097e+15	3.38e-14	2.93e-09	2.51e-05	1.13e-02	2.36e-01	5.15e-01	2.38e-01	0.00e+00	0.00e+00	1.96e-14	1.03e-14	3.41e-15
 4.49125e+15	4.58e-14	3.73e-09	3.02e-05	1.28e-02	2.50e-01	5.15e-01	2.23e-01	0.00e+00	0.00e+00	2.65e-14	1.39e-14	4.62e-15
 4.63207e+15	6.30e-14	4.81e-09	3.66e-05	1.45e-02	2.66e-01	5.13e-01	2.06e-01	0.00e+00	0.00e+00	3.65e-14	1.91e-14	6.34e-15
 4.80591e+15	9.18e-14	6.48e-09	4.60e-05	1.68e-02	2.85e-01	5.10e-01	1.88e-01	0.00e+00	0.00e+00	5.32e-14	2.78e-14	9.23e-15
 4.97961e+15	1.32e-13	8.61e-09	5.71e-05	1.93e-02	3.04e-01	5.05e-01	1.71e-01	0.00e+00	0.00e+00	7.62e-14	3.99e-14	1.32e-14
 5.13034e+15	1.79e-13	1.09e-08	6.84e-05	2.17e-02	3.20e-01	5.00e-01	1.58e-01	0.00e+00	0.00e+00	1.03e-13	5.41e-14	1.79e-14
 5.29425e+15	2.47e-13	1.41e-08	8.27e-05	2.45e-02	3.37e-01	4.94e-01	1.44e-01	0.00e+00	0.00e+00	1.43e-13	7.48e-14	2.47e-14
 5.49465e+15	3.60e-13	1.89e-08	1.03e-04	2.81e-02	3.58e-01	4.84e-01	1.29e-01	0.00e+00	0.00e+00	2.09e-13	1.09e-13	3.60e-14
 5.69452e+15	5.16e-13	2.50e-08	1.27e-04	3.20e-02	3.78e-01	4.74e-01	1.16e-01	0.00e+00	0.00e+00	2.99e-13	1.57e-13	5.16e-14
 5.87063e+15	7.01e-13	3.17e-08	1.52e-04	3.57e-02	3.95e-01	4.64e-01	1.05e-01	0.00e+00	0.00e+00	4.06e-13	2.13e-13	7.00e-14
 6.06383e+15	9.74e-13	4.08e-08	1.83e-04	4.01e-02	4.13e-01	4.52e-01	9.48e-02	0.00e+00	0.00e+00	5.64e-13	2.95e-13	9.71e-14
 6.29651e+15	1.42e-12	5.45e-08	2.28e-04	4.57e-02	4.34e-01	4.37e-01	8.33e-02	0.00e+00	0.00e+00	8.24e-13	4.31e-13	1.42e-13
 6.52720e+15	2.03e-12	7.17e-08	2.79e-04	5.16e-02	4.53e-01	4.22e-01	7.35e-02	0.00e+00	0.00e+00	1.18e-12	6.16e-13	2.02e-13
 6.73491e+15	2.77e-12	9.08e-08	3.33e-04	5.73e-02	4.69e-01	4.07e-01	6.56e-02	0.00e+00	0.00e+00	1.60e-12	8.40e-13	2.75e-13
 6.96602e+15	3.88e-12	1.18e-07	4.03e-04	6.41e-02	4.87e-01	3.91e-01	5.77e-02	0.00e+00	0.00e+00	2.25e-12	1.18e-12	3.86e-13
 7.22677e+15	5.57e-12	1.55e-07	4.94e-04	7.21e-02	5.04e-01	3.73e-01	5.00e-02	0.00e+00	0.00e+00	3.23e-12	1.69e-12	5.53e-13
 7.46639e+15	7.64e-12	1.97e-07	5.91e-04	7.99e-02	5.19e-01	3.56e-01	4.38e-02	0.00e+00	0.00e+00	4.43e-12	2.32e-12	7.58e-13
 7.68122e+15	1.01e-11	2.43e-07	6.91e-04	8.73e-02	5.32e-01	3.41e-01	3.90e-02	0.00e+00	0.00e+00	5.84e-12	3.06e-12	9.99e-13
 7.92347e+15	1.37e-11	3.06e-07	8.19e-04	9.60e-02	5.44e-01	3.25e-01	3.41e-02	0.00e+00	0.00e+00	7.94e-12	4.16e-12	1.36e-12
 8.17215e+15	1.84e-11	3.83e-07	9.68e-04	1.05e-01	5.56e-01	3.08e-01	2.98e-02	0.00e+00	0.00e+00	1.07e-11	5.58e-12	1.82e-12
 8.38079e+15	2.34e-11	4.60e-07	1.11e-03	1.13e-01	5.64e-01	2.95e-01	2.66e-02	0.00e+00	0.00e+00	1.36e-11	7.09e-12	2.32e-12
 8.60364e+15	3.02e-11	5.59e-07	1.28e-03	1.23e-01	5.73e-01	2.80e-01	2.35e-02	0.00e+00	0.00e+00	1.76e-11	9.19e-12	3.00e-12
 8.89334e+15	4.18e-11	7.14e-07	1.53e-03	1.35e-01	5.82e-01	2.62e-01	2.00e-02	0.00e+00	0.00e+00	2.43e-11	1.27e-11	4.15e-12
 9.18641e+15	5.67e-11	9.00e-07	1.82e-03	1.48e-01	5.89e-01	2.45e-01	1.70e-02	0.00e+00	0.00e+00	3.30e-11	1.73e-11	5.62e-12
 9.42709e+15	7.22e-11	1.08e-06	2.09e-03	1.59e-01	5.93e-01	2.31e-01	1.50e-02	0.00e+00	0.00e+00	4.19e-11	2.20e-11	7.16e-12
 9.68322e+15	9.39e-11	1.32e-06	2.42e-03	1.71e-01	5.97e-01	2.17e-01	1.30e-02	0.00e+00	0.00e+00	5.46e-11	2.86e-11	9.31e-12
 1.00162e+16	1.31e-10	1.69e-06	2.91e-03	1.87e-01	6.00e-01	1.99e-01	1.08e-02	0.00e+00	0.00e+00	7.60e-11	3.98e-11	1.30e-11
 1.03570e+16	1.79e-10	2.15e-06	3.48e-03	2.04e-01	6.01e-01	1.82e-01	8.95e-03	0.00e+00	0.00e+00	1.04e-10	5.44e-11	1.77e-11
 1.06282e+16	2.27e-10	2.58e-06	4.00e-03	2.19e-01	6.00e-01	1.70e-01	7.72e-03	0.00e+00	0.00e+00	1.32e-10	6.91e-11	2.25e-11
 1.09011e+16	2.92e-10	3.12e-06	4.60e-03	2.34e-01	5.98e-01	1.58e-01	6.62e-03	0.00e+00	0.00e+00	1.70e-10	8.89e-11	2.90e-11
 1.12558e+16	4.03e-10	3.97e-06	5.51e-03	2.53e-01	5.93e-01	1.43e-01	5.42e-03	0.00e+00	0.00e+00	2.34e-10	1.23e-10	3.99e-11
 1.16110e+16	5.37e-10	4.96e-06	6.53e-03	2.74e-01	5.86e-01	1.29e-01	4.45e-03	0.00e+00	0.00e+00	3.12e-10	1.64e-10	5.33e-11
 1.18915e+16	6.73e-10	5.90e-06	7.46e-03	2.90e-01	5.80e-01	1.19e-01	3.81e-03	0.00e+00	0.00e+00	3.91e-10	2.05e-10	6.68e-11
 1.21807e+16	8.62e-10	7.12e-06	8.58e-03	3.08e-01	5.71e-01	1.09e-01	3.23e-03	0.00e+00	0.00e+00	5.01e-10	2.63e-10	8.56e-11
 1.24942e+16	1.10e-09	8.61e-06	9.93e-03	3.27e-01	5.61e-01	9.92e-02	2.70e-03	0.00e+00	0.00e+00	6.41e-10	3.36e-10	1.09e-10
 1.27749e+16	1.37e-09	1.02e-05	1.13e-02	3.44e-01	5.51e-01	9.09e-02	2.30e-03	0.00e+00	0.00e+00	7.99e-10	4.19e-10	1.37e-10
 1.30338e+16	1.69e-09	1.20e-05	1.28e-02	3.61e-01	5.41e-01	8.37e-02	1.98e-03	0.00e+00	0.00e+00	9.85e-10	5.17e-10	1.68e-10
 1.33290e+16	2.17e-09	1.45e-05	1.47e-02	3.80e-01	5.28e-01	7.58e-02	1.65e-03	0.00e+00	0.00e+00	1.26e-09	6.63e-10	2.16e-10
 1.36442e+16	2.76e-09	1.74e-05	1.70e-02	4.01e-01	5.13e-01	6.82e-02	1.37e-03	0.00e+00	0.00e+00	1.61e-09	8.42e-10	2.75e-10
 1.39203e+16	3.43e-09	2.06e-05	1.93e-02	4.19e-01	4.99e-01	6.19e-02	1.16e-03	0.00e+00	0.00e+00	1.99e-09	1.05e-09	3.41e-10
 1.41727e+16	4.23e-09	2.42e-05	2.18e-02	4.36e-01	4.85e-01	5.65e-02	9.94e-04	0.00e+00	0.00e+00	2.46e-09	1.29e-09	4.21e-10
 1.44162e+16	5.12e-09	2.81e-05	2.45e-02	4.52e-01	4.71e-01	5.17e-02	8.54e-04	0.00e+00	0.00e+00	2.98e-09	1.56e-09	5.10e-10
 1.46891e+16	6.56e-09	3.39e-05	2.81e-02	4.71e-01	4.54e-01	4.64e-02	7.12e-04	0.00e+00	0.00e+00	3.81e-09	2.00e-09	6.54e-10
 1.49834e+16	8.29e-09	4.08e-05	3.24e-02	4.90e-01	4.35e-01	4.13e-02	5.89e-04	0.00e+00	0.00e+00	4.82e-09	2.53e-09	8.26e-10
 1.52439e+16	1.05e-08	4.87e-05	3.71e-02	5.08e-01	4.18e-01	3.70e-02	4.93e-04	0.00e+00	0.00e+00	6.09e-09	3.20e-09	1.04e-09
 1.54774e+16	1.29e-08	5.72e-05	4.19e-02	5.23e-01	4.01e-01	3.35e-02	4.19e-04	0.00e+00	0.00e+00	7.48e-09	3.93e-09	1.28e-09
 1.56997e+16	1.56e-08	6.66e-05	4.72e-02	5.37e-01	3.85e-01	3.03e-02	3.58e-04	0.00e+00	0.00e+00	9.08e-09	4.77e-09	1.56e-09
 1.59512e+16	2.03e-08	8.13e-05	5.45e-02	5.54e-01	3.65e-01	2.67e-02	2.95e-04	0.00e+00	0.00e+00	1.18e-08	6.21e-09	2.03e-09
 1.62150e+16	2.58e-08	9.84e-05	6.33e-02	5.69e-01	3.44e-01	2.35e-02	2.41e-04	0.00e+00	0.00e+00	1.50e-08	7.89e-09	2.58e-09
 1.64372e+16	3.29e-08	1.18e-04	7.25e-02	5.82e-01	3.25e-01	2.08e-02	2.01e-04	0.00e+00	0.00e+00	1.91e-08	1.01e-08	3.29e-09
 1.66304e+16	4.05e-08	1.39e-04	8.19e-02	5.91e-01	3.08e-01	1.86e-02	1.71e-04	0.00e+00	0.00e+00	2.36e-08	1.24e-08	4.05e-09
 1.68432e+16	4.93e-08	1.63e-04	9.42e-02	6.02e-01	2.88e-01	1.63e-02	1.41e-04	0.00e+00	0.00e+00	2.87e-08	1.51e-08	4.93e-09
 1.70715e+16	6.43e-08	2.01e-04	1.10e-01	6.10e-01	2.65e-01	1.40e-02	1.13e-04	0.00e+00	0.00e+00	3.74e-08	1.97e-08	6.43e-09
 1.72632e+16	8.69e-08	2.51e-04	1.27e-01	6.14e-01	2.46e-01	1.22e-02	9.24e-05	0.00e+00	0.00e+00	5.06e-08	2.66e-08	8.71e-09
 1.74164e+16	1.05e-07	2.92e-04	1.43e-01	6.16e-01	2.29e-01	1.08e-02	7.81e-05	0.00e+00	0.00e+00	6.13e-08	3.22e-08	1.06e-08
 1.75762e+16	1.28e-07	3.42e-04	1.63e-01	6.16e-01	2.11e-01	9.39e-03	6.44e-05	0.00e+00	0.00e+00	7.43e-08	3.91e-08	1.28e-08
 1.77517e+16	1.65e-07	4.17e-04	1.90e-01	6.11e-01	1.90e-01	7.93e-03	5.12e-05	0.00e+00	0.00e+00	9.61e-08	5.05e-08	1.66e-08
 1.79043e+16	2.12e-07	5.05e-04	2.18e-01	6.03e-01	1.72e-01	6.72e-03	4.10e-05	0.00e+00	0.00e+00	1.23e-07	6.48e-08	2.13e-08
 1.80289e+16	2.78e-07	6.14e-04	2.46e-01	5.92e-01	1.55e-01	5.75e-03	3.33e-05	0.00e+00	0.00e+00	1.62e-07	8.51e-08	2.79e-08
 1.81346e+16	3.20e-07	6.90e-04	2.73e-01	5.80e-01	1.41e-01	5.00e-03	2.78e-05	0.00e+00	0.00e+00	1.86e-07	9.79e-08	3.21e-08
 1.82463e+16	3.96e-07	8.12e-04	3.06e-01	5.63e-01	1.26e-01	4.21e-03	2.22e-05	0.00e+00	0.00e+00	2.30e-07	1.21e-07	3.98e-08
 1.83535e+16	4.87e-07	9.49e-04	3.42e-01	5.42e-01	1.11e-01	3.51e-03	1.77e-05	0.00e+00	0.00e+00	2.83e-07	1.49e-07	4.90e-08
 1.84290e+16	5.96e-07	1.09e-03	3.72e-01	5.24e-01	1.00e-01	3.04e-03	1.47e-05	0.00e+00	0.00e+00	3.47e-07	1.83e-07	6.00e-08
 1.84857e+16	6.65e-07	1.19e-03	3.95e-01	5.09e-01	9.24e-02	2.71e-03	1.27e-05	0.00e+00	0.00e+00	3.87e-07	2.04e-07	6.70e-08
 1.85439e+16	7.59e-07	1.31e-03	4.22e-01	4.91e-01	8.38e-02	2.36e-03	1.07e-05	0.00e+00	0.00e+00	4.42e-07	2.33e-07	7.66e-08
 1.86196e+16	9.05e-07	1.48e-03	4.58e-01	4.65e-01	7.31e-02	1.96e-03	8.48e-06	0.00e+00	0.00e+00	5.26e-07	2.77e-07	9.13e-08
 1.86980e+16	1.07e-06	1.68e-03	4.98e-01	4.36e-01	6.25e-02	1.58e-03	6.54e-06	0.00e+00	0.00e+00	6.25e-07	3.30e-07	1.09e-07
 1.87631e+16	1.25e-06	1.86e-03	5.34e-01	4.09e-01	5.40e-02	1.30e-03	5.15e-06	0.00e+00	0.00e+00	7.24e-07	3.82e-07	1.26e-07
 1.88212e+16	1.42e-06	2.04e-03	5.67e-01	3.83e-01	4.66e-02	1.07e-03	4.07e-06	0.00e+00	0.00e+00	8.28e-07	4.37e-07	1.44e-07
 1.88872e+16	1.67e-06	2.28e-03	6.07e-01	3.52e-01	3.87e-02	8.38e-04	3.02e-06	0.00e+00	0.00e+00	9.70e-07	5.12e-07	1.69e-07
 1.89577e+16	1.96e-06	2.54e-03	6.48e-01	3.17e-01	3.13e-02	6.34e-04	2.15e-06	0.00e+00	0.00e+00	1.14e-06	6.03e-07	1.99e-07
 1.90192e+16	2.25e-06	2.78e-03	6.84e-01	2.87e-01	2.55e-02	4.85e-04	1.56e-06	0.00e+00	0.00e+00	1.31e-06	6.92e-07	2.29e-07
 1.90844e+16	2.62e-06	3.06e-03	7.22e-01	2.54e-01	2.00e-02	3.54e-04	1.07e-06	0.00e+00	0.00e+00	1.52e-06	8.05e-07	2.67e-07
 1.91552e+16	3.04e-06	3.36e-03	7.60e-01	2.21e-01	1.52e-02	2.47e-04	7.00e-07	0.00e+00	0.00e+00	1.77e-06	9.35e-07	3.10e-07
 1.92201e+16	3.48e-06	3.65e-03	7.92e-01	1.92e-01	1.15e-02	1.73e-04	0.00e+00	0.00e+00	0.00e+00	2.02e-06	1.07e-06	3.55e-07
 1.92914e+16	4.01e-06	3.97e-03	8.25e-01	1.63e-01	8.32e-03	1.14e-04	0.00e+00	0.00e+00	0.00e+00	2.33e-06	1.24e-06	4.11e-07
 1.93715e+16	4.65e-06	4.32e-03	8.56e-01	1.34e-01	5.71e-03	6.97e-05	0.00e+00	0.00e+00	0.00e+00	2.71e-06	1.43e-06	4.77e-07
 1.94503e+16	5.33e-06	4.66e-03	8.81e-01	1.10e-01	3.90e-03	4.23e-05	0.00e+00	0.00e+00	0.00e+00	3.10e-06	1.64e-06	5.47e-07
 1.95402e+16	6.16e-06	5.03e-03	9.05e-01	8.78e-02	2.48e-03	2.34e-05	0.00e+00	0.00e+00	0.00e+00	3.58e-06	1.90e-06	6.34e-07
 1.96571e+16	7.30e-06	5.48e-03	9.28e-01	6.55e-02	1.39e-03	1.08e-05	0.00e+00	0.00e+00	0.00e+00	4.24e-06	2.25e-06	7.52e-07
 1.97892e+16	8.65e-06	5.96e-03	9.45e-01	4.79e-02	7.37e-04	4.63e-06	0.00e+00	0.00e+00	0.00e+00	5.03e-06	2.67e-06	8.93e-07
 1.99410e+16	1.03e-05	6.48e-03	9.59e-01	3.41e-02	3.67e-04	1.78e-06	0.00e+00	0.00e+00	0.00e+00	6.01e-06	3.19e-06	1.07e-06
 2.01385e+16	1.28e-05	7.14e-03	9.70e-01	2.31e-02	1.60e-04	5.58e-07	0.00e+00	0.00e+00	0.00e+00	7.43e-06	3.94e-06	1.32e-06
 2.03951e+16	1.66e-05	8.02e-03	9.77e-01	1.50e-02	6.20e-05	0.00e+00	0.00e+00	0.00e+00	0.00e+00	9.65e-06	5.12e-06	1.72e-06
 2.06737e+16	2.21e-05	9.11e-03	9.80e-01	1.04e-02	2.59e-05	0.00e+00	0.00e+00	0.00e+00	0.00e+00	1.28e-05	6.80e-06	2.28e-06
 2.09201e+16	2.86e-05	1.02e-02	9.82e-01	7.91e-03	1.33e-05	0.00e+00	0.00e+00	0.00e+00	0.00e+00	1.66e-05	8.82e-06	2.96e-06
 2.11387e+16	3.63e-05	1.14e-02	9.82e-01	6.42e-03	7.81e-06	0.00e+00	0.00e+00	0.00e+00	0.00e+00	2.11e-05	1.12e-05	3.76e-06
 2.13819e+16	4.76e-05	1.30e-02	9.82e-01	5.19e-03	4.45e-06	0.00e+00	0.00e+00	0.00e+00	0.00e+00	2.77e-05	1.47e-05	4.93e-06
 2.15882e+16	6.13e-05	1.47e-02	9.81e-01	4.43e-03	2.95e-06	0.00e+00	0.00e+00	0.00e+00	0.00e+00	3.56e-05	1.89e-05	6.34e-06
