#depth	He	He+	He+2
 1.49634e+10	2.46e-22	1.45e-11	1.00e+00
 4.54887e+10	2.80e-22	1.57e-11	1.00e+00
 7.72350e+10	3.16e-22	1.70e-11	1.00e+00
 1.10251e+11	3.59e-22	1.84e-11	1.00e+00
 1.42780e+11	4.05e-22	1.99e-11	1.00e+00
 1.76611e+11	4.56e-22	2.15e-11	1.00e+00
 2.13602e+11	5.20e-22	2.33e-11	1.00e+00
 2.51217e+11	5.91e-22	2.52e-11	1.00e+00
 2.90336e+11	6.72e-22	2.73e-11	1.00e+00
 3.31876e+11	7.68e-22	2.96e-11	1.00e+00
 3.75078e+11	8.79e-22	3.21e-11	1.00e+00
 4.20008e+11	1.01e-21	3.49e-11	1.00e+00
 4.66735e+11	1.16e-21	3.79e-11	1.00e+00
 5.15331e+11	1.33e-21	4.11e-11	1.00e+00
 5.65871e+11	1.53e-21	4.47e-11	1.00e+00
 6.18433e+11	1.76e-21	4.86e-11	1.00e+00
 6.67966e+11	2.00e-21	5.24e-11	1.00e+00
 7.12431e+11	2.24e-21	5.60e-11	1.00e+00
 7.62407e+11	2.53e-21	6.02e-11	1.00e+00
 8.21431e+11	2.92e-21	6.53e-11	1.00e+00
 8.80389e+11	3.35e-21	7.07e-11	1.00e+00
 9.35969e+11	3.79e-21	7.60e-11	1.00e+00
 9.97597e+11	4.33e-21	8.22e-11	1.00e+00
 1.06743e+12	5.03e-21	8.96e-11	1.00e+00
 1.13728e+12	5.81e-21	9.73e-11	1.00e+00
 1.20992e+12	6.69e-21	1.06e-10	1.00e+00
 1.28825e+12	7.78e-21	1.15e-10	1.00e+00
 1.36171e+12	8.93e-21	1.25e-10	1.00e+00
 1.42729e+12	1.00e-20	1.34e-10	1.00e+00
 1.50099e+12	1.14e-20	1.44e-10	1.00e+00
 1.58846e+12	1.32e-20	1.57e-10	1.00e+00
 1.67599e+12	1.52e-20	1.71e-10	1.00e+00
 1.75772e+12	1.73e-20	1.84e-10	1.00e+00
 1.84866e+12	1.98e-20	1.99e-10	1.00e+00
 1.95253e+12	2.30e-20	2.18e-10	1.00e+00
 2.05440e+12	2.66e-20	2.38e-10	1.00e+00
 2.16034e+12	3.06e-20	2.59e-10	1.00e+00
 2.27668e+12	3.56e-20	2.84e-10	1.00e+00
 2.39352e+12	4.12e-20	3.11e-10	1.00e+00
 2.51504e+12	4.75e-20	3.40e-10	1.00e+00
 2.64556e+12	5.51e-20	3.73e-10	1.00e+00
 2.77481e+12	6.35e-20	4.08e-10	1.00e+00
 2.90922e+12	7.29e-20	4.47e-10	1.00e+00
 3.05552e+12	8.44e-20	4.91e-10	1.00e+00
 3.20766e+12	9.75e-20	5.41e-10	1.00e+00
 3.36590e+12	1.12e-19	5.95e-10	1.00e+00
 3.53046e+12	1.30e-19	6.55e-10	1.00e+00
 3.70160e+12	1.49e-19	7.22e-10	1.00e+00
 3.85662e+12	1.69e-19	7.86e-10	1.00e+00
 3.98616e+12	1.86e-19	8.42e-10	1.00e+00
 4.12824e+12	2.06e-19	9.06e-10	1.00e+00
 4.30767e+12	2.33e-19	9.91e-10	1.00e+00
 4.49458e+12	2.65e-19	1.09e-09	1.00e+00
 4.65451e+12	2.93e-19	1.17e-09	1.00e+00
 4.82049e+12	3.24e-19	1.26e-09	1.00e+00
 5.02755e+12	3.67e-19	1.38e-09	1.00e+00
 5.23741e+12	4.16e-19	1.51e-09	1.00e+00
 5.41988e+12	4.60e-19	1.63e-09	1.00e+00
 5.61734e+12	5.12e-19	1.76e-09	1.00e+00
 5.85849e+12	5.80e-19	1.94e-09	1.00e+00
 6.10421e+12	6.57e-19	2.12e-09	1.00e+00
 6.32890e+12	7.33e-19	2.29e-09	1.00e+00
 6.57850e+12	8.24e-19	2.50e-09	1.00e+00
 6.86894e+12	9.41e-19	2.75e-09	1.00e+00
 7.15635e+12	1.07e-18	3.01e-09	1.00e+00
 7.43101e+12	1.20e-18	3.27e-09	1.00e+00
 7.73392e+12	1.37e-18	3.57e-09	1.00e+00
 8.07321e+12	1.57e-18	3.92e-09	1.00e+00
 8.41429e+12	1.81e-18	4.30e-09	1.00e+00
 8.72017e+12	2.04e-18	4.65e-09	1.00e+00
 8.97951e+12	2.25e-18	4.95e-09	1.00e+00
 9.25914e+12	2.50e-18	5.29e-09	1.00e+00
 9.62049e+12	2.86e-18	5.75e-09	1.00e+00
 9.99729e+12	3.27e-18	6.26e-09	1.00e+00
 1.03206e+13	3.67e-18	6.70e-09	1.00e+00
 1.06653e+13	4.13e-18	7.19e-09	1.00e+00
 1.10923e+13	4.76e-18	7.83e-09	1.00e+00
 1.15307e+13	5.49e-18	8.52e-09	1.00e+00
 1.19259e+13	6.23e-18	9.16e-09	1.00e+00
 1.23608e+13	7.12e-18	9.89e-09	1.00e+00
 1.28357e+13	8.22e-18	1.07e-08	1.00e+00
 1.32670e+13	9.32e-18	1.15e-08	1.00e+00
 1.37323e+13	1.06e-17	1.24e-08	1.00e+00
 1.42550e+13	1.23e-17	1.34e-08	1.00e+00
 1.47507e+13	1.40e-17	1.44e-08	1.00e+00
 1.52934e+13	1.62e-17	1.56e-08	1.00e+00
 1.58940e+13	1.88e-17	1.69e-08	1.00e+00
 1.64523e+13	2.16e-17	1.82e-08	1.00e+00
 1.70604e+13	2.49e-17	1.96e-08	1.00e+00
 1.77416e+13	2.91e-17	2.14e-08	1.00e+00
 1.83868e+13	3.35e-17	2.30e-08	1.00e+00
 1.90832e+13	3.89e-17	2.49e-08	1.00e+00
 1.98587e+13	4.56e-17	2.71e-08	1.00e+00
 2.06066e+13	5.29e-17	2.93e-08	1.00e+00
 2.14022e+13	6.16e-17	3.17e-08	1.00e+00
 2.22883e+13	7.26e-17	3.45e-08	1.00e+00
 2.31777e+13	8.50e-17	3.74e-08	1.00e+00
 2.41026e+13	9.95e-17	4.06e-08	1.00e+00
 2.50967e+13	1.17e-16	4.41e-08	1.00e+00
 2.61305e+13	1.38e-16	4.80e-08	1.00e+00
 2.71479e+13	1.61e-16	5.19e-08	1.00e+00
 2.80939e+13	1.85e-16	5.58e-08	1.00e+00
 2.89475e+13	2.09e-16	5.93e-08	1.00e+00
 2.98628e+13	2.36e-16	6.32e-08	1.00e+00
 3.10027e+13	2.75e-16	6.83e-08	1.00e+00
 3.21457e+13	3.18e-16	7.35e-08	1.00e+00
 3.31280e+13	3.59e-16	7.82e-08	1.00e+00
 3.41901e+13	4.07e-16	8.34e-08	1.00e+00
 3.55012e+13	4.74e-16	9.00e-08	1.00e+00
 3.68127e+13	5.48e-16	9.69e-08	1.00e+00
 3.79455e+13	6.19e-16	1.03e-07	1.00e+00
 3.91692e+13	7.03e-16	1.10e-07	1.00e+00
 4.06730e+13	8.17e-16	1.19e-07	1.00e+00
 4.21902e+13	9.46e-16	1.28e-07	1.00e+00
 4.35346e+13	1.07e-15	1.36e-07	1.00e+00
 4.50051e+13	1.22e-15	1.45e-07	1.00e+00
 4.67680e+13	1.43e-15	1.57e-07	1.00e+00
 4.85241e+13	1.65e-15	1.69e-07	1.00e+00
 5.01238e+13	1.88e-15	1.80e-07	1.00e+00
 5.19072e+13	2.16e-15	1.93e-07	1.00e+00
 5.39884e+13	2.52e-15	2.09e-07	1.00e+00
 5.60394e+13	2.92e-15	2.25e-07	1.00e+00
 5.79806e+13	3.34e-15	2.41e-07	1.00e+00
 6.01380e+13	3.86e-15	2.59e-07	1.00e+00
 6.25734e+13	4.52e-15	2.81e-07	1.00e+00
 6.50200e+13	5.26e-15	3.03e-07	1.00e+00
 6.75645e+13	6.12e-15	3.27e-07	1.00e+00
 7.02970e+13	7.16e-15	3.54e-07	1.00e+00
 7.29437e+13	8.29e-15	3.81e-07	1.00e+00
 7.54341e+13	9.47e-15	4.08e-07	1.00e+00
 7.82192e+13	1.09e-14	4.38e-07	1.00e+00
 8.10260e+13	1.26e-14	4.71e-07	1.00e+00
 8.33582e+13	1.41e-14	4.98e-07	1.00e+00
 8.58278e+13	1.58e-14	5.28e-07	1.00e+00
 8.89831e+13	1.82e-14	5.68e-07	1.00e+00
 9.22920e+13	2.11e-14	6.12e-07	1.00e+00
 9.52195e+13	2.39e-14	6.51e-07	1.00e+00
 9.83888e+13	2.72e-14	6.96e-07	1.00e+00
 1.02199e+14	3.16e-14	7.52e-07	1.00e+00
 1.06059e+14	3.67e-14	8.11e-07	1.00e+00
 1.09677e+14	4.19e-14	8.68e-07	1.00e+00
 1.13697e+14	4.84e-14	9.34e-07	1.00e+00
 1.17956e+14	5.61e-14	1.01e-06	1.00e+00
 1.21742e+14	6.37e-14	1.08e-06	1.00e+00
 1.25817e+14	7.26e-14	1.15e-06	1.00e+00
 1.30698e+14	8.46e-14	1.24e-06	1.00e+00
 1.35500e+14	9.78e-14	1.34e-06	1.00e+00
 1.39780e+14	1.11e-13	1.43e-06	1.00e+00
 1.44504e+14	1.26e-13	1.53e-06	1.00e+00
 1.50133e+14	1.47e-13	1.66e-06	1.00e+00
 1.55718e+14	1.71e-13	1.79e-06	1.00e+00
 1.60827e+14	1.94e-13	1.91e-06	1.00e+00
 1.66535e+14	2.23e-13	2.05e-06	1.00e+00
 1.73172e+14	2.60e-13	2.23e-06	1.00e+00
 1.79688e+14	3.01e-13	2.40e-06	1.00e+00
 1.85857e+14	3.44e-13	2.58e-06	1.00e+00
 1.92713e+14	3.97e-13	2.78e-06	1.00e+00
 2.00452e+14	4.64e-13	3.01e-06	1.00e+00
 2.07796e+14	5.33e-13	3.24e-06	1.00e+00
 2.14490e+14	6.04e-13	3.46e-06	1.00e+00
 2.22068e+14	6.91e-13	3.71e-06	1.00e+00
 2.30893e+14	8.04e-13	4.02e-06	1.00e+00
 2.39354e+14	9.24e-13	4.33e-06	1.00e+00
 2.47019e+14	1.04e-12	4.62e-06	1.00e+00
 2.54241e+14	1.16e-12	4.90e-06	1.00e+00
 2.62238e+14	1.31e-12	5.22e-06	1.00e+00
 2.71177e+14	1.49e-12	5.59e-06	1.00e+00
 2.79627e+14	1.67e-12	5.95e-06	1.00e+00
 2.88896e+14	1.89e-12	6.36e-06	1.00e+00
 2.99275e+14	2.16e-12	6.83e-06	1.00e+00
 3.09064e+14	2.44e-12	7.29e-06	1.00e+00
 3.19761e+14	2.78e-12	7.82e-06	1.00e+00
 3.31589e+14	3.18e-12	8.41e-06	1.00e+00
 3.42518e+14	3.59e-12	8.99e-06	1.00e+00
 3.54358e+14	4.07e-12	9.63e-06	1.00e+00
 3.67586e+14	4.67e-12	1.04e-05	1.00e+00
 3.80011e+14	5.28e-12	1.11e-05	1.00e+00
 3.93552e+14	6.02e-12	1.19e-05	1.00e+00
 4.08612e+14	6.92e-12	1.29e-05	1.00e+00
 4.22688e+14	7.84e-12	1.38e-05	1.00e+00
 4.37960e+14	8.94e-12	1.49e-05	1.00e+00
 4.55036e+14	1.03e-11	1.61e-05	1.00e+00
 4.71268e+14	1.17e-11	1.73e-05	1.00e+00
 4.88623e+14	1.35e-11	1.86e-05	1.00e+00
 5.08197e+14	1.56e-11	2.02e-05	1.00e+00
 5.27507e+14	1.79e-11	2.18e-05	1.00e+00
 5.47589e+14	2.06e-11	2.36e-05	1.00e+00
 5.68882e+14	2.38e-11	2.56e-05	1.00e+00
 5.86697e+14	2.68e-11	2.73e-05	1.00e+00
 6.00440e+14	2.92e-11	2.87e-05	1.00e+00
 6.15321e+14	3.21e-11	3.02e-05	1.00e+00
 6.34665e+14	3.62e-11	3.23e-05	1.00e+00
 6.55680e+14	4.11e-11	3.46e-05	1.00e+00
 6.74687e+14	4.59e-11	3.68e-05	1.00e+00
 6.95216e+14	5.17e-11	3.93e-05	1.00e+00
 7.20971e+14	5.97e-11	4.25e-05	1.00e+00
 7.46874e+14	6.87e-11	4.59e-05	1.00e+00
 7.68934e+14	7.72e-11	4.89e-05	1.00e+00
 7.92643e+14	8.74e-11	5.24e-05	1.00e+00
 8.22180e+14	1.01e-10	5.68e-05	1.00e+00
 8.52604e+14	1.18e-10	6.16e-05	1.00e+00
 8.79685e+14	1.34e-10	6.60e-05	1.00e+00
 9.09108e+14	1.53e-10	7.11e-05	1.00e+00
 9.44268e+14	1.79e-10	7.73e-05	1.00e+00
 9.78928e+14	2.09e-10	8.39e-05	1.00e+00
 1.01005e+15	2.38e-10	9.00e-05	1.00e+00
 1.04452e+15	2.74e-10	9.70e-05	1.00e+00
 1.08530e+15	3.23e-10	1.06e-04	1.00e+00
 1.12563e+15	3.77e-10	1.15e-04	1.00e+00
 1.16283e+15	4.33e-10	1.24e-04	1.00e+00
 1.20462e+15	5.04e-10	1.34e-04	1.00e+00
 1.25282e+15	5.97e-10	1.46e-04	1.00e+00
 1.29994e+15	7.00e-10	1.59e-04	1.00e+00
 1.34501e+15	8.10e-10	1.72e-04	1.00e+00
 1.39490e+15	9.48e-10	1.87e-04	1.00e+00
 1.44185e+15	1.09e-09	2.01e-04	1.00e+00
 1.47717e+15	1.21e-09	2.12e-04	1.00e+00
 1.51339e+15	1.35e-09	2.24e-04	1.00e+00
 1.56048e+15	1.54e-09	2.40e-04	1.00e+00
 1.61135e+15	1.77e-09	2.58e-04	1.00e+00
 1.65699e+15	2.00e-09	2.75e-04	1.00e+00
 1.70616e+15	2.27e-09	2.94e-04	1.00e+00
 1.76864e+15	2.65e-09	3.18e-04	1.00e+00
 1.83168e+15	3.09e-09	3.44e-04	1.00e+00
 1.88466e+15	3.49e-09	3.67e-04	1.00e+00
 1.94129e+15	3.97e-09	3.92e-04	1.00e+00
 2.01278e+15	4.65e-09	4.25e-04	1.00e+00
 2.08774e+15	5.45e-09	4.61e-04	1.00e+00
 2.15528e+15	6.25e-09	4.94e-04	1.00e+00
 2.22903e+15	7.23e-09	5.32e-04	9.99e-01
 2.31614e+15	8.53e-09	5.79e-04	9.99e-01
 2.40146e+15	9.96e-09	6.27e-04	9.99e-01
 2.47929e+15	1.14e-08	6.72e-04	9.99e-01
 2.56655e+15	1.33e-08	7.25e-04	9.99e-01
 2.66820e+15	1.57e-08	7.89e-04	9.99e-01
 2.76823e+15	1.83e-08	8.55e-04	9.99e-01
 2.86266e+15	2.11e-08	9.19e-04	9.99e-01
 2.96758e+15	2.46e-08	9.94e-04	9.99e-01
 3.06743e+15	2.83e-08	1.07e-03	9.99e-01
 3.14176e+15	3.13e-08	1.12e-03	9.99e-01
 3.21696e+15	3.46e-08	1.18e-03	9.99e-01
 3.31472e+15	3.93e-08	1.26e-03	9.99e-01
 3.42106e+15	4.48e-08	1.35e-03	9.99e-01
 3.51701e+15	5.02e-08	1.43e-03	9.99e-01
 3.62017e+15	5.67e-08	1.52e-03	9.98e-01
 3.75207e+15	6.58e-08	1.64e-03	9.98e-01
 3.88485e+15	7.60e-08	1.76e-03	9.98e-01
 3.99465e+15	8.52e-08	1.87e-03	9.98e-01
 4.11106e+15	9.60e-08	1.99e-03	9.98e-01
 4.26042e+15	1.12e-07	2.14e-03	9.98e-01
 4.41631e+15	1.29e-07	2.31e-03	9.98e-01
 4.55226e+15	1.47e-07	2.46e-03	9.98e-01
 4.69854e+15	1.67e-07	2.63e-03	9.97e-01
 4.87686e+15	1.95e-07	2.85e-03	9.97e-01
 5.05271e+15	2.26e-07	3.06e-03	9.97e-01
 5.20551e+15	2.55e-07	3.26e-03	9.97e-01
 5.37243e+15	2.90e-07	3.48e-03	9.97e-01
 5.55769e+15	3.34e-07	3.74e-03	9.96e-01
 5.72989e+15	3.78e-07	3.98e-03	9.96e-01
 5.87826e+15	4.19e-07	4.20e-03	9.96e-01
 6.03257e+15	4.67e-07	4.44e-03	9.96e-01
 6.20364e+15	5.23e-07	4.71e-03	9.95e-01
 6.36512e+15	5.81e-07	4.97e-03	9.95e-01
 6.54370e+15	6.52e-07	5.28e-03	9.95e-01
 6.73739e+15	7.35e-07	5.62e-03	9.94e-01
 6.91562e+15	8.16e-07	5.94e-03	9.94e-01
 7.11221e+15	9.20e-07	6.32e-03	9.94e-01
 7.32728e+15	1.04e-06	6.75e-03	9.93e-01
 7.52862e+15	1.16e-06	7.16e-03	9.93e-01
 7.75258e+15	1.32e-06	7.67e-03	9.92e-01
 7.99072e+15	1.49e-06	8.20e-03	9.92e-01
 8.19982e+15	1.66e-06	8.70e-03	9.91e-01
 8.42417e+15	1.87e-06	9.30e-03	9.91e-01
 8.67132e+15	2.12e-06	9.98e-03	9.90e-01
 8.89810e+15	2.36e-06	1.06e-02	9.89e-01
 9.14292e+15	2.67e-06	1.14e-02	9.89e-01
 9.40790e+15	3.04e-06	1.23e-02	9.88e-01
 9.63195e+15	3.37e-06	1.31e-02	9.87e-01
 9.82293e+15	3.69e-06	1.39e-02	9.86e-01
 1.00380e+16	4.11e-06	1.48e-02	9.85e-01
 1.02791e+16	4.63e-06	1.60e-02	9.84e-01
 1.05000e+16	5.14e-06	1.71e-02	9.83e-01
 1.06992e+16	5.67e-06	1.82e-02	9.82e-01
 1.09245e+16	6.39e-06	1.96e-02	9.80e-01
 1.11653e+16	7.24e-06	2.13e-02	9.79e-01
 1.13740e+16	8.06e-06	2.29e-02	9.77e-01
 1.15637e+16	8.95e-06	2.46e-02	9.75e-01
 1.17807e+16	1.01e-05	2.68e-02	9.73e-01
 1.20128e+16	1.16e-05	2.95e-02	9.71e-01
 1.22118e+16	1.31e-05	3.21e-02	9.68e-01
 1.23875e+16	1.46e-05	3.48e-02	9.65e-01
 1.25859e+16	1.68e-05	3.83e-02	9.62e-01
 1.27934e+16	1.93e-05	4.25e-02	9.57e-01
 1.29710e+16	2.21e-05	4.69e-02	9.53e-01
 1.31284e+16	2.50e-05	5.13e-02	9.49e-01
 1.33018e+16	2.89e-05	5.72e-02	9.43e-01
 1.34860e+16	3.40e-05	6.46e-02	9.35e-01
 1.36408e+16	3.89e-05	7.22e-02	9.28e-01
 1.37752e+16	4.53e-05	8.00e-02	9.20e-01
 1.38912e+16	5.11e-05	8.79e-02	9.12e-01
 1.40071e+16	5.77e-05	9.73e-02	9.03e-01
 1.41577e+16	6.91e-05	1.12e-01	8.88e-01
 1.42888e+16	8.17e-05	1.27e-01	8.73e-01
 1.43617e+16	9.12e-05	1.37e-01	8.62e-01
 1.44098e+16	9.75e-05	1.45e-01	8.55e-01
 1.44584e+16	1.04e-04	1.53e-01	8.47e-01
 1.45217e+16	1.16e-04	1.65e-01	8.35e-01
 1.45899e+16	1.27e-04	1.79e-01	8.21e-01
 1.46645e+16	1.44e-04	1.96e-01	8.04e-01
 1.47428e+16	1.64e-04	2.17e-01	7.83e-01
 1.48077e+16	1.84e-04	2.36e-01	7.64e-01
 1.48585e+16	2.00e-04	2.53e-01	7.47e-01
 1.49090e+16	2.21e-04	2.72e-01	7.28e-01
 1.49655e+16	2.43e-04	2.94e-01	7.06e-01
 1.50297e+16	2.76e-04	3.22e-01	6.78e-01
 1.50933e+16	3.09e-04	3.52e-01	6.47e-01
 1.51561e+16	3.50e-04	3.85e-01	6.14e-01
 1.52185e+16	3.93e-04	4.20e-01	5.80e-01
 1.52702e+16	4.32e-04	4.50e-01	5.49e-01
 1.53273e+16	4.80e-04	4.86e-01	5.14e-01
 1.53909e+16	5.36e-04	5.26e-01	4.73e-01
 1.54515e+16	5.94e-04	5.65e-01	4.34e-01
 1.55188e+16	6.63e-04	6.09e-01	3.90e-01
 1.55919e+16	7.39e-04	6.54e-01	3.45e-01
 1.56603e+16	8.12e-04	6.95e-01	3.04e-01
 1.57366e+16	8.97e-04	7.37e-01	2.62e-01
 1.58359e+16	1.00e-03	7.85e-01	2.14e-01
 1.59418e+16	1.11e-03	8.27e-01	1.72e-01
 1.60190e+16	1.19e-03	8.52e-01	1.47e-01
 1.60697e+16	1.24e-03	8.66e-01	1.32e-01
 1.61231e+16	1.30e-03	8.81e-01	1.18e-01
 1.61925e+16	1.37e-03	8.97e-01	1.02e-01
 1.62828e+16	1.46e-03	9.14e-01	8.42e-02
 1.63753e+16	1.55e-03	9.28e-01	7.04e-02
 1.64512e+16	1.63e-03	9.38e-01	6.08e-02
 1.65302e+16	1.71e-03	9.46e-01	5.21e-02
 1.66131e+16	1.80e-03	9.53e-01	4.48e-02
 1.66831e+16	1.88e-03	9.58e-01	3.96e-02
 1.67448e+16	1.96e-03	9.63e-01	3.55e-02
 1.68138e+16	2.04e-03	9.67e-01	3.14e-02
 1.68910e+16	2.15e-03	9.70e-01	2.76e-02
 1.69608e+16	2.25e-03	9.73e-01	2.47e-02
 1.70205e+16	2.34e-03	9.75e-01	2.24e-02
 1.70852e+16	2.44e-03	9.77e-01	2.02e-02
 1.71570e+16	2.57e-03	9.79e-01	1.81e-02
 1.72213e+16	2.69e-03	9.81e-01	1.65e-02
 1.72761e+16	2.80e-03	9.82e-01	1.52e-02
 1.73353e+16	2.93e-03	9.83e-01	1.39e-02
 1.74011e+16	3.09e-03	9.84e-01	1.26e-02
 1.74601e+16	3.24e-03	9.85e-01	1.16e-02
 1.75103e+16	3.39e-03	9.86e-01	1.09e-02
 1.75646e+16	3.55e-03	9.86e-01	1.00e-02
 1.76250e+16	3.75e-03	9.87e-01	9.26e-03
 1.76790e+16	3.95e-03	9.87e-01	8.63e-03
 1.77253e+16	4.13e-03	9.88e-01	8.13e-03
 1.77753e+16	4.35e-03	9.88e-01	7.59e-03
 1.78310e+16	4.62e-03	9.88e-01	7.07e-03
 1.78812e+16	4.88e-03	9.88e-01	6.64e-03
 1.79244e+16	5.13e-03	9.89e-01	6.29e-03
 1.79714e+16	5.43e-03	9.89e-01	5.92e-03
 1.80237e+16	5.80e-03	9.89e-01	5.55e-03
 1.80711e+16	6.19e-03	9.89e-01	5.24e-03
 1.81131e+16	6.55e-03	9.88e-01	4.99e-03
 1.81597e+16	7.01e-03	9.88e-01	4.70e-03
 1.82115e+16	7.61e-03	9.88e-01	4.41e-03
 1.82591e+16	8.23e-03	9.88e-01	4.18e-03
 1.83023e+16	8.86e-03	9.87e-01	3.97e-03
 1.83509e+16	9.69e-03	9.87e-01	3.74e-03
 1.84027e+16	1.07e-02	9.86e-01	3.53e-03
 1.84456e+16	1.18e-02	9.85e-01	3.36e-03
 1.84812e+16	1.28e-02	9.84e-01	3.23e-03
 1.85139e+16	1.39e-02	9.83e-01	3.11e-03
 1.85455e+16	1.50e-02	9.82e-01	3.00e-03
 1.85765e+16	1.64e-02	9.81e-01	2.90e-03
 1.86062e+16	1.79e-02	9.79e-01	2.80e-03
 1.86340e+16	1.95e-02	9.78e-01	2.72e-03
 1.86599e+16	2.13e-02	9.76e-01	2.64e-03
 1.86850e+16	2.32e-02	9.74e-01	2.57e-03
 1.87093e+16	2.54e-02	9.72e-01	2.51e-03
 1.87330e+16	2.79e-02	9.70e-01	2.45e-03
 1.87557e+16	3.08e-02	9.67e-01	2.39e-03
 1.87768e+16	3.37e-02	9.64e-01	2.34e-03
 1.88001e+16	3.75e-02	9.60e-01	2.29e-03
 1.88247e+16	4.24e-02	9.55e-01	2.24e-03
 1.88450e+16	4.75e-02	9.50e-01	2.21e-03
 1.88613e+16	5.20e-02	9.46e-01	2.19e-03
 1.88788e+16	5.75e-02	9.40e-01	2.16e-03
 1.88984e+16	6.49e-02	9.33e-01	2.14e-03
 1.89161e+16	7.30e-02	9.25e-01	2.13e-03
 1.89307e+16	8.07e-02	9.17e-01	2.13e-03
 1.89441e+16	8.88e-02	9.09e-01	2.13e-03
 1.89586e+16	9.87e-02	8.99e-01	2.13e-03
 1.89737e+16	1.11e-01	8.87e-01	2.14e-03
 1.89868e+16	1.23e-01	8.75e-01	2.15e-03
 1.89977e+16	1.34e-01	8.64e-01	2.17e-03
 1.90075e+16	1.45e-01	8.53e-01	2.19e-03
 1.90169e+16	1.57e-01	8.41e-01	2.20e-03
 1.90260e+16	1.70e-01	8.28e-01	2.22e-03
 1.90331e+16	1.80e-01	8.18e-01	2.24e-03
 1.90376e+16	1.87e-01	8.11e-01	2.25e-03
 1.90417e+16	1.94e-01	8.04e-01	2.26e-03
 1.90465e+16	2.02e-01	7.95e-01	2.27e-03
 1.90518e+16	2.12e-01	7.86e-01	2.28e-03
 1.90569e+16	2.21e-01	7.76e-01	2.30e-03
 1.90616e+16	2.31e-01	7.67e-01	2.32e-03
 1.90664e+16	2.41e-01	7.57e-01	2.33e-03
 1.90711e+16	2.51e-01	7.47e-01	2.34e-03
 1.90758e+16	2.62e-01	7.36e-01	2.35e-03
 1.90804e+16	2.72e-01	7.26e-01	2.37e-03
 1.90850e+16	2.83e-01	7.14e-01	2.39e-03
 1.90896e+16	2.95e-01	7.02e-01	2.40e-03
 1.90941e+16	3.07e-01	6.91e-01	2.41e-03
 1.90985e+16	3.19e-01	6.79e-01	2.42e-03
 1.91029e+16	3.32e-01	6.66e-01	2.43e-03
 1.91073e+16	3.44e-01	6.53e-01	2.45e-03
 1.91116e+16	3.58e-01	6.40e-01	2.45e-03
 1.91159e+16	3.71e-01	6.27e-01	2.47e-03
 1.91202e+16	3.84e-01	6.13e-01	2.47e-03
 1.91245e+16	3.99e-01	5.99e-01	2.48e-03
 1.91286e+16	4.13e-01	5.85e-01	2.48e-03
 1.91328e+16	4.27e-01	5.71e-01	2.49e-03
 1.91369e+16	4.41e-01	5.56e-01	2.49e-03
 1.91410e+16	4.56e-01	5.42e-01	2.49e-03
 1.91451e+16	4.71e-01	5.27e-01	2.49e-03
 1.91491e+16	4.86e-01	5.12e-01	2.49e-03
 1.91531e+16	5.01e-01	4.97e-01	2.49e-03
 1.91571e+16	5.16e-01	4.82e-01	2.48e-03
 1.91610e+16	5.31e-01	4.67e-01	2.47e-03
 1.91649e+16	5.45e-01	4.52e-01	2.46e-03
 1.91686e+16	5.60e-01	4.38e-01	2.45e-03
 1.91723e+16	5.74e-01	4.23e-01	2.44e-03
 1.91760e+16	5.88e-01	4.09e-01	2.42e-03
 1.91796e+16	6.02e-01	3.95e-01	2.41e-03
 1.91832e+16	6.16e-01	3.82e-01	2.39e-03
 1.91867e+16	6.30e-01	3.68e-01	2.37e-03
 1.91902e+16	6.43e-01	3.55e-01	2.34e-03
 1.91937e+16	6.56e-01	3.42e-01	2.32e-03
 1.91971e+16	6.69e-01	3.29e-01	2.29e-03
 1.92006e+16	6.82e-01	3.16e-01	2.26e-03
 1.92040e+16	6.94e-01	3.04e-01	2.23e-03
 1.92074e+16	7.06e-01	2.92e-01	2.19e-03
 1.92108e+16	7.18e-01	2.80e-01	2.16e-03
 1.92141e+16	7.29e-01	2.69e-01	2.12e-03
 1.92174e+16	7.40e-01	2.58e-01	2.08e-03
 1.92208e+16	7.51e-01	2.47e-01	2.04e-03
 1.92242e+16	7.62e-01	2.36e-01	2.00e-03
 1.92276e+16	7.72e-01	2.26e-01	1.96e-03
 1.92310e+16	7.82e-01	2.16e-01	1.91e-03
 1.92345e+16	7.92e-01	2.06e-01	1.87e-03
 1.92379e+16	8.01e-01	1.97e-01	1.82e-03
 1.92415e+16	8.11e-01	1.88e-01	1.77e-03
 1.92445e+16	8.18e-01	1.80e-01	1.73e-03
 1.92469e+16	8.24e-01	1.74e-01	1.69e-03
 1.92491e+16	8.29e-01	1.69e-01	1.66e-03
 1.92514e+16	8.35e-01	1.64e-01	1.62e-03
 1.92539e+16	8.40e-01	1.58e-01	1.58e-03
 1.92563e+16	8.45e-01	1.54e-01	1.55e-03
 1.92585e+16	8.50e-01	1.49e-01	1.52e-03
 1.92607e+16	8.54e-01	1.45e-01	1.49e-03
 1.92629e+16	8.58e-01	1.40e-01	1.46e-03
 1.92652e+16	8.62e-01	1.36e-01	1.43e-03
 1.92673e+16	8.66e-01	1.33e-01	1.40e-03
 1.92695e+16	8.70e-01	1.29e-01	1.37e-03
 1.92716e+16	8.73e-01	1.26e-01	1.34e-03
 1.92737e+16	8.76e-01	1.22e-01	1.31e-03
 1.92759e+16	8.80e-01	1.19e-01	1.28e-03
 1.92780e+16	8.83e-01	1.16e-01	1.26e-03
 1.92802e+16	8.86e-01	1.13e-01	1.23e-03
 1.92824e+16	8.88e-01	1.10e-01	1.21e-03
 1.92846e+16	8.91e-01	1.08e-01	1.18e-03
 1.92868e+16	8.94e-01	1.05e-01	1.16e-03
 1.92891e+16	8.96e-01	1.03e-01	1.14e-03
 1.92915e+16	8.99e-01	9.99e-02	1.11e-03
 1.92939e+16	9.01e-01	9.75e-02	1.09e-03
 1.92964e+16	9.04e-01	9.52e-02	1.06e-03
 1.92990e+16	9.06e-01	9.27e-02	1.04e-03
 1.93017e+16	9.08e-01	9.05e-02	1.02e-03
 1.93046e+16	9.11e-01	8.82e-02	9.91e-04
 1.93076e+16	9.13e-01	8.60e-02	9.69e-04
 1.93109e+16	9.15e-01	8.37e-02	9.43e-04
 1.93146e+16	9.18e-01	8.14e-02	9.18e-04
 1.93188e+16	9.20e-01	7.91e-02	8.93e-04
 1.93236e+16	9.22e-01	7.66e-02	8.65e-04
 1.93293e+16	9.25e-01	7.41e-02	8.36e-04
 1.93363e+16	9.28e-01	7.15e-02	8.05e-04
 1.93446e+16	9.30e-01	6.89e-02	7.74e-04
 1.93538e+16	9.33e-01	6.66e-02	7.44e-04
 1.93638e+16	9.35e-01	6.45e-02	7.16e-04
 1.93743e+16	9.36e-01	6.29e-02	6.91e-04
 1.93864e+16	9.38e-01	6.12e-02	6.66e-04
 1.93994e+16	9.39e-01	5.99e-02	6.45e-04
 1.94112e+16	9.40e-01	5.89e-02	6.27e-04
 1.94242e+16	9.42e-01	5.79e-02	6.08e-04
 1.94411e+16	9.43e-01	5.68e-02	5.87e-04
 1.94593e+16	9.44e-01	5.58e-02	5.67e-04
 1.94759e+16	9.45e-01	5.49e-02	5.50e-04
 1.94941e+16	9.46e-01	5.40e-02	5.31e-04
 1.95137e+16	9.46e-01	5.31e-02	5.12e-04
 1.95315e+16	9.47e-01	5.22e-02	4.96e-04
 1.95511e+16	9.48e-01	5.13e-02	4.78e-04
 1.95722e+16	9.49e-01	5.04e-02	4.60e-04
 1.95914e+16	9.50e-01	4.96e-02	4.45e-04
 1.96089e+16	9.51e-01	4.88e-02	4.31e-04
 1.96248e+16	9.51e-01	4.81e-02	4.17e-04
 1.96393e+16	9.52e-01	4.75e-02	4.07e-04
 1.96551e+16	9.53e-01	4.69e-02	3.95e-04
 1.96723e+16	9.53e-01	4.62e-02	3.83e-04
 1.96878e+16	9.54e-01	4.55e-02	3.71e-04
 1.97020e+16	9.55e-01	4.49e-02	3.62e-04
 1.97176e+16	9.55e-01	4.43e-02	3.51e-04
 1.97343e+16	9.56e-01	4.37e-02	3.41e-04
 1.97496e+16	9.57e-01	4.30e-02	3.30e-04
 1.97635e+16	9.57e-01	4.25e-02	3.22e-04
 1.97787e+16	9.58e-01	4.19e-02	3.12e-04
 1.97952e+16	9.58e-01	4.12e-02	3.02e-04
 1.98101e+16	9.59e-01	4.07e-02	2.94e-04
 1.98237e+16	9.60e-01	4.01e-02	2.86e-04
 1.98387e+16	9.60e-01	3.96e-02	2.77e-04
 1.98548e+16	9.61e-01	3.90e-02	2.69e-04
 1.98694e+16	9.61e-01	3.84e-02	2.61e-04
 1.98827e+16	9.62e-01	3.79e-02	2.54e-04
 1.98949e+16	9.62e-01	3.75e-02	2.48e-04
 1.99082e+16	9.63e-01	3.70e-02	2.41e-04
 1.99225e+16	9.63e-01	3.65e-02	2.34e-04
 1.99356e+16	9.64e-01	3.60e-02	2.28e-04
 1.99475e+16	9.64e-01	3.56e-02	2.23e-04
 1.99605e+16	9.65e-01	3.51e-02	2.17e-04
 1.99746e+16	9.65e-01	3.47e-02	2.11e-04
 1.99874e+16	9.66e-01	3.42e-02	2.06e-04
 1.99990e+16	9.66e-01	3.38e-02	2.01e-04
 2.00118e+16	9.66e-01	3.34e-02	1.95e-04
 2.00256e+16	9.67e-01	3.30e-02	1.90e-04
 2.00381e+16	9.67e-01	3.25e-02	1.86e-04
 2.00518e+16	9.68e-01	3.21e-02	1.80e-04
 2.00667e+16	9.68e-01	3.16e-02	1.75e-04
 2.00802e+16	9.69e-01	3.12e-02	1.70e-04
 2.00924e+16	9.69e-01	3.08e-02	1.66e-04
 2.01059e+16	9.69e-01	3.04e-02	1.62e-04
 2.01204e+16	9.70e-01	3.00e-02	1.57e-04
 2.01336e+16	9.70e-01	2.96e-02	1.53e-04
 2.01457e+16	9.71e-01	2.93e-02	1.50e-04
 2.01589e+16	9.71e-01	2.89e-02	1.46e-04
 2.01731e+16	9.71e-01	2.85e-02	1.42e-04
 2.01860e+16	9.72e-01	2.82e-02	1.38e-04
 2.02002e+16	9.72e-01	2.78e-02	1.34e-04
 2.02156e+16	9.72e-01	2.74e-02	1.31e-04
 2.02295e+16	9.73e-01	2.70e-02	1.27e-04
 2.02448e+16	9.73e-01	2.66e-02	1.24e-04
 2.02613e+16	9.74e-01	2.62e-02	1.20e-04
 2.02763e+16	9.74e-01	2.59e-02	1.17e-04
 2.02899e+16	9.74e-01	2.56e-02	1.14e-04
 2.03049e+16	9.75e-01	2.52e-02	1.11e-04
 2.03211e+16	9.75e-01	2.48e-02	1.07e-04
 2.03358e+16	9.75e-01	2.45e-02	1.05e-04
 2.03519e+16	9.76e-01	2.41e-02	1.01e-04
 2.03693e+16	9.76e-01	2.38e-02	9.84e-05
 2.03851e+16	9.76e-01	2.34e-02	9.57e-05
 2.04025e+16	9.77e-01	2.31e-02	9.27e-05
 2.04212e+16	9.77e-01	2.27e-02	8.97e-05
 2.04382e+16	9.78e-01	2.23e-02	8.71e-05
 2.04537e+16	9.78e-01	2.21e-02	8.48e-05
 2.04707e+16	9.78e-01	2.17e-02	8.22e-05
 2.04891e+16	9.79e-01	2.14e-02	7.97e-05
 2.05058e+16	9.79e-01	2.11e-02	7.75e-05
 2.05241e+16	9.79e-01	2.07e-02	7.50e-05
 2.05438e+16	9.80e-01	2.04e-02	7.26e-05
 2.05618e+16	9.80e-01	2.01e-02	7.05e-05
 2.05815e+16	9.80e-01	1.97e-02	6.81e-05
 2.06027e+16	9.81e-01	1.94e-02	6.58e-05
 2.06221e+16	9.81e-01	1.91e-02	6.37e-05
 2.06397e+16	9.81e-01	1.88e-02	6.20e-05
 2.06590e+16	9.81e-01	1.85e-02	6.00e-05
 2.06798e+16	9.82e-01	1.82e-02	5.80e-05
 2.06988e+16	9.82e-01	1.79e-02	5.63e-05
 2.07195e+16	9.82e-01	1.76e-02	5.44e-05
 2.07420e+16	9.83e-01	1.73e-02	5.25e-05
 2.07624e+16	9.83e-01	1.70e-02	5.09e-05
 2.07847e+16	9.83e-01	1.67e-02	4.91e-05
 2.08089e+16	9.84e-01	1.64e-02	4.73e-05
 2.08308e+16	9.84e-01	1.62e-02	4.58e-05
 2.08508e+16	9.84e-01	1.59e-02	4.44e-05
 2.08727e+16	9.84e-01	1.56e-02	4.29e-05
 2.08964e+16	9.85e-01	1.54e-02	4.14e-05
 2.09179e+16	9.85e-01	1.51e-02	4.01e-05
 2.09415e+16	9.85e-01	1.48e-02	3.87e-05
 2.09669e+16	9.85e-01	1.46e-02	3.73e-05
 2.09901e+16	9.86e-01	1.43e-02	3.61e-05
 2.10155e+16	9.86e-01	1.40e-02	3.47e-05
 2.10429e+16	9.86e-01	1.38e-02	3.34e-05
 2.10678e+16	9.86e-01	1.35e-02	3.22e-05
 2.10951e+16	9.87e-01	1.33e-02	3.10e-05
 2.11246e+16	9.87e-01	1.30e-02	2.97e-05
 2.11515e+16	9.87e-01	1.28e-02	2.87e-05
 2.11809e+16	9.87e-01	1.25e-02	2.75e-05
 2.12127e+16	9.88e-01	1.22e-02	2.63e-05
 2.12416e+16	9.88e-01	1.20e-02	2.53e-05
 2.12732e+16	9.88e-01	1.17e-02	2.42e-05
 2.13074e+16	9.89e-01	1.14e-02	2.32e-05
 2.13385e+16	9.89e-01	1.12e-02	2.23e-05
 2.13669e+16	9.89e-01	1.10e-02	2.15e-05
 2.13979e+16	9.89e-01	1.08e-02	2.06e-05
 2.14314e+16	9.89e-01	1.06e-02	1.97e-05
 2.14619e+16	9.90e-01	1.03e-02	1.90e-05
 2.14953e+16	9.90e-01	1.01e-02	1.82e-05
 2.15313e+16	9.90e-01	9.89e-03	1.74e-05
 2.15641e+16	9.90e-01	9.69e-03	1.67e-05
 2.16001e+16	9.91e-01	9.47e-03	1.59e-05
 2.16389e+16	9.91e-01	9.25e-03	1.52e-05
 2.16742e+16	9.91e-01	9.05e-03	1.46e-05
 2.17129e+16	9.91e-01	8.83e-03	1.39e-05
 2.17547e+16	9.91e-01	8.61e-03	1.32e-05
 2.17927e+16	9.92e-01	8.42e-03	1.26e-05
 2.18344e+16	9.92e-01	8.21e-03	1.20e-05
 2.18794e+16	9.92e-01	8.00e-03	1.14e-05
 2.19203e+16	9.92e-01	7.81e-03	1.09e-05
 2.19652e+16	9.92e-01	7.60e-03	1.03e-05
 2.20136e+16	9.93e-01	7.40e-03	9.78e-06
 2.20577e+16	9.93e-01	7.22e-03	9.32e-06
 2.21060e+16	9.93e-01	7.02e-03	8.81e-06
 2.21581e+16	9.93e-01	6.82e-03	8.32e-06
 2.22152e+16	9.93e-01	6.60e-03	7.80e-06
 2.22863e+16	9.94e-01	6.34e-03	7.21e-06
 2.23641e+16	9.94e-01	6.07e-03	6.63e-06
 2.24424e+16	9.94e-01	5.83e-03	6.11e-06
 2.25226e+16	9.94e-01	5.58e-03	5.62e-06
 2.26063e+16	9.95e-01	5.35e-03	5.15e-06
 2.26933e+16	9.95e-01	5.11e-03	4.71e-06
 2.27833e+16	9.95e-01	4.88e-03	4.31e-06
 2.28766e+16	9.95e-01	4.66e-03	3.93e-06
 2.29728e+16	9.96e-01	4.44e-03	3.57e-06
 2.30713e+16	9.96e-01	4.23e-03	3.25e-06
 2.31715e+16	9.96e-01	4.03e-03	2.95e-06
 2.32733e+16	9.96e-01	3.84e-03	2.68e-06
 2.33770e+16	9.96e-01	3.66e-03	2.44e-06
 2.34827e+16	9.97e-01	3.48e-03	2.21e-06
 2.35903e+16	9.97e-01	3.32e-03	2.00e-06
 2.36999e+16	9.97e-01	3.16e-03	1.82e-06
 2.38098e+16	9.97e-01	3.00e-03	1.65e-06
 2.39213e+16	9.97e-01	2.86e-03	1.49e-06
 2.40369e+16	9.97e-01	2.72e-03	1.35e-06
 2.41553e+16	9.97e-01	2.58e-03	1.22e-06
 2.42755e+16	9.98e-01	2.45e-03	1.10e-06
 2.43977e+16	9.98e-01	2.32e-03	9.91e-07
 2.45223e+16	9.98e-01	2.20e-03	8.92e-07
 2.46492e+16	9.98e-01	2.09e-03	8.02e-07
 2.47785e+16	9.98e-01	1.98e-03	7.21e-07
 2.49103e+16	9.98e-01	1.87e-03	6.47e-07
 2.50447e+16	9.98e-01	1.77e-03	5.80e-07
 2.51819e+16	9.98e-01	1.68e-03	5.19e-07
 2.53219e+16	9.98e-01	1.59e-03	4.64e-07
 2.54648e+16	9.99e-01	1.50e-03	4.15e-07
 2.56107e+16	9.99e-01	1.41e-03	3.70e-07
 2.57597e+16	9.99e-01	1.33e-03	3.29e-07
 2.59118e+16	9.99e-01	1.26e-03	2.92e-07
 2.60674e+16	9.99e-01	1.18e-03	2.59e-07
 2.62266e+16	9.99e-01	1.11e-03	2.30e-07
 2.63896e+16	9.99e-01	1.05e-03	2.03e-07
 2.65564e+16	9.99e-01	9.81e-04	1.79e-07
 2.67274e+16	9.99e-01	9.20e-04	1.57e-07
 2.69028e+16	9.99e-01	8.62e-04	1.38e-07
 2.70828e+16	9.99e-01	8.06e-04	1.21e-07
 2.72678e+16	9.99e-01	7.52e-04	1.05e-07
 2.74580e+16	9.99e-01	7.02e-04	9.17e-08
 2.76537e+16	9.99e-01	6.54e-04	7.97e-08
 2.78513e+16	9.99e-01	6.09e-04	6.92e-08
 2.80542e+16	9.99e-01	5.66e-04	5.97e-08
 2.82694e+16	9.99e-01	5.24e-04	5.12e-08
 2.84942e+16	1.00e+00	4.84e-04	4.36e-08
 2.87261e+16	1.00e+00	4.45e-04	3.70e-08
 2.89663e+16	1.00e+00	4.09e-04	3.13e-08
 2.92168e+16	1.00e+00	3.75e-04	2.62e-08
 2.94788e+16	1.00e+00	3.42e-04	2.18e-08
 2.97535e+16	1.00e+00	3.11e-04	1.80e-08
 3.00430e+16	1.00e+00	2.81e-04	1.48e-08
 3.03488e+16	1.00e+00	2.53e-04	1.20e-08
 3.06721e+16	1.00e+00	2.27e-04	9.59e-09
 3.10184e+16	1.00e+00	2.02e-04	7.57e-09
 3.13907e+16	1.00e+00	1.78e-04	5.88e-09
 3.17904e+16	1.00e+00	1.55e-04	4.49e-09
 3.22243e+16	1.00e+00	1.34e-04	3.36e-09
 3.27018e+16	1.00e+00	1.15e-04	2.44e-09
 3.32339e+16	1.00e+00	9.61e-05	1.72e-09
 3.38264e+16	1.00e+00	7.91e-05	1.16e-09
 3.45102e+16	1.00e+00	6.32e-05	7.42e-10
 3.52815e+16	1.00e+00	4.94e-05	4.53e-10
 3.60729e+16	1.00e+00	3.85e-05	2.77e-10
 3.68518e+16	1.00e+00	3.03e-05	1.72e-10
 3.76284e+16	1.00e+00	2.39e-05	1.07e-10
 3.84166e+16	1.00e+00	1.88e-05	6.66e-11
 3.92213e+16	1.00e+00	1.48e-05	4.14e-11
 4.00442e+16	1.00e+00	1.16e-05	2.56e-11
 4.08817e+16	1.00e+00	9.14e-06	1.59e-11
 4.17357e+16	1.00e+00	7.18e-06	9.87e-12
 4.26120e+16	1.00e+00	5.63e-06	6.09e-12
 4.35108e+16	1.00e+00	4.41e-06	3.74e-12
 4.44311e+16	1.00e+00	3.45e-06	2.30e-12
 4.53791e+16	1.00e+00	2.69e-06	1.41e-12
 4.63602e+16	1.00e+00	2.09e-06	8.52e-13
 4.73716e+16	1.00e+00	1.62e-06	5.13e-13
 4.84151e+16	1.00e+00	1.25e-06	3.08e-13
 4.95007e+16	1.00e+00	9.63e-07	1.82e-13
 5.06339e+16	1.00e+00	7.37e-07	1.07e-13
 5.18196e+16	1.00e+00	5.59e-07	6.18e-14
 5.30679e+16	1.00e+00	4.21e-07	3.51e-14
 5.43885e+16	1.00e+00	3.14e-07	1.96e-14
 5.57961e+16	1.00e+00	2.31e-07	1.06e-14
 5.73068e+16	1.00e+00	1.68e-07	5.61e-15
 5.88728e+16	1.00e+00	1.22e-07	2.96e-15
 6.04388e+16	1.00e+00	8.91e-08	1.58e-15
 6.20048e+16	1.00e+00	6.56e-08	8.62e-16
 6.35708e+16	1.00e+00	4.87e-08	4.75e-16
 6.51368e+16	1.00e+00	3.64e-08	2.66e-16
 6.67027e+16	1.00e+00	2.74e-08	1.51e-16
 6.85036e+16	1.00e+00	1.98e-08	7.85e-17
 7.05701e+16	1.00e+00	1.38e-08	3.85e-17
 7.27410e+16	1.00e+00	9.60e-09	1.86e-17
 7.50349e+16	1.00e+00	6.61e-09	8.82e-18
 7.73949e+16	1.00e+00	4.56e-09	4.20e-18
 7.97865e+16	1.00e+00	3.17e-09	2.03e-18
 8.22141e+16	1.00e+00	2.21e-09	9.88e-19
 8.46854e+16	1.00e+00	1.55e-09	4.85e-19
 8.71910e+16	1.00e+00	1.09e-09	2.41e-19
 8.97196e+16	1.00e+00	7.72e-10	1.21e-19
 9.22621e+16	1.00e+00	5.51e-10	6.15e-20
 9.48086e+16	1.00e+00	3.96e-10	3.19e-20
 9.73491e+16	1.00e+00	2.87e-10	1.68e-20
 9.98702e+16	1.00e+00	2.10e-10	9.02e-21
 1.02359e+17	1.00e+00	1.56e-10	0.00e+00
 1.04804e+17	1.00e+00	1.17e-10	0.00e+00
 1.07196e+17	1.00e+00	8.87e-11	0.00e+00
 1.09528e+17	1.00e+00	6.82e-11	0.00e+00
 1.11791e+17	1.00e+00	5.31e-11	0.00e+00
 1.13979e+17	1.00e+00	4.19e-11	0.00e+00
 1.16085e+17	1.00e+00	3.35e-11	0.00e+00
 1.18107e+17	1.00e+00	2.71e-11	0.00e+00
 1.20042e+17	1.00e+00	2.23e-11	0.00e+00
 1.21889e+17	1.00e+00	1.85e-11	0.00e+00
 1.23651e+17	1.00e+00	1.56e-11	0.00e+00
 1.25328e+17	1.00e+00	1.33e-11	0.00e+00
 1.26921e+17	1.00e+00	1.14e-11	0.00e+00
 1.28434e+17	1.00e+00	9.92e-12	0.00e+00
 1.29870e+17	1.00e+00	8.71e-12	0.00e+00
 1.31231e+17	1.00e+00	7.72e-12	0.00e+00
 1.32523e+17	1.00e+00	6.90e-12	0.00e+00
 1.33747e+17	1.00e+00	6.22e-12	0.00e+00
 1.34907e+17	1.00e+00	5.65e-12	0.00e+00
 1.36007e+17	1.00e+00	5.16e-12	0.00e+00
 1.37049e+17	1.00e+00	4.75e-12	0.00e+00
 1.38037e+17	1.00e+00	4.40e-12	0.00e+00
 1.38974e+17	1.00e+00	4.09e-12	0.00e+00
 1.39862e+17	1.00e+00	3.83e-12	0.00e+00
 1.40705e+17	1.00e+00	3.60e-12	0.00e+00
 1.41505e+17	1.00e+00	3.40e-12	0.00e+00
 1.42263e+17	1.00e+00	3.22e-12	0.00e+00
 1.42982e+17	1.00e+00	3.06e-12	0.00e+00
 1.43666e+17	1.00e+00	2.92e-12	0.00e+00
 1.44316e+17	1.00e+00	2.80e-12	0.00e+00
 1.44933e+17	1.00e+00	2.69e-12	0.00e+00
 1.45520e+17	1.00e+00	2.59e-12	0.00e+00
 1.46078e+17	1.00e+00	2.50e-12	0.00e+00
 1.46609e+17	1.00e+00	2.42e-12	0.00e+00
 1.47115e+17	1.00e+00	2.35e-12	0.00e+00
 1.47597e+17	1.00e+00	2.28e-12	0.00e+00
 1.48056e+17	1.00e+00	2.22e-12	0.00e+00
 1.48495e+17	1.00e+00	2.16e-12	0.00e+00
 1.48913e+17	1.00e+00	2.11e-12	0.00e+00
 1.49313e+17	1.00e+00	2.06e-12	0.00e+00
 1.49695e+17	1.00e+00	2.02e-12	0.00e+00
 1.50061e+17	1.00e+00	1.98e-12	0.00e+00
 1.50411e+17	1.00e+00	1.94e-12	0.00e+00
 1.50748e+17	1.00e+00	1.91e-12	0.00e+00
 1.51071e+17	1.00e+00	1.88e-12	0.00e+00
 1.51381e+17	1.00e+00	1.84e-12	0.00e+00
 1.51681e+17	1.00e+00	1.82e-12	0.00e+00
 1.51969e+17	1.00e+00	1.79e-12	0.00e+00
 1.52249e+17	1.00e+00	1.76e-12	0.00e+00
 1.52519e+17	1.00e+00	1.74e-12	0.00e+00
 1.52782e+17	1.00e+00	1.72e-12	0.00e+00
 1.53038e+17	1.00e+00	1.70e-12	0.00e+00
 1.53288e+17	1.00e+00	1.68e-12	0.00e+00
 1.53533e+17	1.00e+00	1.66e-12	0.00e+00
 1.53774e+17	1.00e+00	1.64e-12	0.00e+00
 1.54011e+17	1.00e+00	1.62e-12	0.00e+00
 1.54247e+17	1.00e+00	1.60e-12	0.00e+00
 1.54482e+17	1.00e+00	1.58e-12	0.00e+00
 1.54718e+17	1.00e+00	1.57e-12	0.00e+00
 1.54957e+17	1.00e+00	1.55e-12	0.00e+00
 1.55199e+17	1.00e+00	1.53e-12	0.00e+00
 1.55448e+17	1.00e+00	1.52e-12	0.00e+00
 1.55706e+17	1.00e+00	1.50e-12	0.00e+00
 1.55976e+17	1.00e+00	1.48e-12	0.00e+00
 1.56263e+17	1.00e+00	1.46e-12	0.00e+00
 1.56573e+17	1.00e+00	1.44e-12	0.00e+00
 1.56913e+17	1.00e+00	1.42e-12	0.00e+00
 1.57294e+17	1.00e+00	1.40e-12	0.00e+00
 1.57731e+17	1.00e+00	1.37e-12	0.00e+00
 1.58246e+17	1.00e+00	1.34e-12	0.00e+00
 1.58873e+17	1.00e+00	1.30e-12	0.00e+00
 1.59666e+17	1.00e+00	1.26e-12	0.00e+00
 1.60692e+17	1.00e+00	1.21e-12	0.00e+00
 1.62026e+17	1.00e+00	1.14e-12	0.00e+00
 1.63760e+17	1.00e+00	1.06e-12	0.00e+00
 1.66015e+17	1.00e+00	9.69e-13	0.00e+00
 1.68946e+17	1.00e+00	8.63e-13	0.00e+00
 1.72756e+17	1.00e+00	7.46e-13	0.00e+00
 1.77709e+17	1.00e+00	6.21e-13	0.00e+00
 1.84119e+17	1.00e+00	4.96e-13	0.00e+00
 1.91484e+17	1.00e+00	3.80e-13	0.00e+00
 1.99144e+17	1.00e+00	3.23e-13	0.00e+00
 2.07109e+17	1.00e+00	2.86e-13	0.00e+00
 2.15394e+17	1.00e+00	2.56e-13	0.00e+00
 2.24010e+17	1.00e+00	2.30e-13	0.00e+00
 2.32970e+17	1.00e+00	2.06e-13	0.00e+00
 2.42289e+17	1.00e+00	1.84e-13	0.00e+00
 2.51980e+17	1.00e+00	1.63e-13	0.00e+00
 2.62060e+17	1.00e+00	1.43e-13	0.00e+00
 2.72542e+17	1.00e+00	1.24e-13	0.00e+00
 2.82952e+17	1.00e+00	1.06e-13	0.00e+00
 2.92437e+17	1.00e+00	9.91e-14	0.00e+00
 3.00746e+17	1.00e+00	1.01e-13	0.00e+00
 3.08290e+17	1.00e+00	1.02e-13	0.00e+00
 3.15524e+17	1.00e+00	9.73e-14	0.00e+00
 3.22528e+17	1.00e+00	8.88e-14	0.00e+00
 3.29003e+17	1.00e+00	8.09e-14	0.00e+00
 3.34447e+17	1.00e+00	7.58e-14	0.00e+00
 3.38258e+17	1.00e+00	7.46e-14	0.00e+00
 3.40423e+17	1.00e+00	7.70e-14	0.00e+00
 3.41620e+17	1.00e+00	7.90e-14	0.00e+00
 3.42338e+17	1.00e+00	8.02e-14	0.00e+00
 3.42773e+17	1.00e+00	8.08e-14	0.00e+00
 3.43090e+17	1.00e+00	8.12e-14	0.00e+00
 3.43425e+17	1.00e+00	8.14e-14	0.00e+00
 3.43809e+17	1.00e+00	8.16e-14	0.00e+00
 3.44198e+17	1.00e+00	8.17e-14	0.00e+00
 3.44540e+17	1.00e+00	8.17e-14	0.00e+00
 3.44833e+17	1.00e+00	8.17e-14	0.00e+00
 3.45108e+17	1.00e+00	8.17e-14	0.00e+00
 3.45367e+17	1.00e+00	8.16e-14	0.00e+00
 3.45612e+17	1.00e+00	8.15e-14	0.00e+00
 3.45851e+17	1.00e+00	8.13e-14	0.00e+00
 3.46077e+17	1.00e+00	8.12e-14	0.00e+00
 3.46283e+17	1.00e+00	8.10e-14	0.00e+00
 3.46482e+17	1.00e+00	8.08e-14	0.00e+00
 3.46679e+17	1.00e+00	8.06e-14	0.00e+00
 3.46864e+17	1.00e+00	8.04e-14	0.00e+00
 3.47038e+17	1.00e+00	8.02e-14	0.00e+00
 3.47202e+17	1.00e+00	8.00e-14	0.00e+00
 3.47362e+17	1.00e+00	7.98e-14	0.00e+00
 3.47519e+17	1.00e+00	7.96e-14	0.00e+00
 3.47674e+17	1.00e+00	7.94e-14	0.00e+00
 3.47821e+17	1.00e+00	7.92e-14	0.00e+00
 3.47962e+17	1.00e+00	7.90e-14	0.00e+00
 3.48099e+17	1.00e+00	7.87e-14	0.00e+00
 3.48233e+17	1.00e+00	7.85e-14	0.00e+00
 3.48363e+17	1.00e+00	7.83e-14	0.00e+00
 3.48491e+17	1.00e+00	7.81e-14	0.00e+00
 3.48620e+17	1.00e+00	7.78e-14	0.00e+00
 3.48742e+17	1.00e+00	7.76e-14	0.00e+00
 3.48861e+17	1.00e+00	7.74e-14	0.00e+00
 3.48984e+17	1.00e+00	7.71e-14	0.00e+00
 3.49113e+17	1.00e+00	7.68e-14	0.00e+00
 3.49237e+17	1.00e+00	7.66e-14	0.00e+00
 3.49356e+17	1.00e+00	7.63e-14	0.00e+00
 3.49476e+17	1.00e+00	7.61e-14	0.00e+00
 3.49601e+17	1.00e+00	7.58e-14	0.00e+00
 3.49729e+17	1.00e+00	7.55e-14	0.00e+00
 3.49855e+17	1.00e+00	7.52e-14	0.00e+00
 3.49976e+17	1.00e+00	7.49e-14	0.00e+00
 3.50097e+17	1.00e+00	7.46e-14	0.00e+00
 3.50226e+17	1.00e+00	7.43e-14	0.00e+00
 3.50362e+17	1.00e+00	7.39e-14	0.00e+00
 3.50497e+17	1.00e+00	7.35e-14	0.00e+00
 3.50631e+17	1.00e+00	7.32e-14	0.00e+00
 3.50780e+17	1.00e+00	7.28e-14	0.00e+00
 3.50937e+17	1.00e+00	7.24e-14	0.00e+00
 3.51086e+17	1.00e+00	7.19e-14	0.00e+00
 3.51226e+17	1.00e+00	7.15e-14	0.00e+00
 3.51370e+17	1.00e+00	7.12e-14	0.00e+00
 3.51531e+17	1.00e+00	7.07e-14	0.00e+00
 3.51691e+17	1.00e+00	7.02e-14	0.00e+00
 3.51851e+17	1.00e+00	6.97e-14	0.00e+00
 3.52026e+17	1.00e+00	6.92e-14	0.00e+00
 3.52202e+17	1.00e+00	6.87e-14	0.00e+00
 3.52370e+17	1.00e+00	6.82e-14	0.00e+00
 3.52547e+17	1.00e+00	6.76e-14	0.00e+00
 3.52736e+17	1.00e+00	6.71e-14	0.00e+00
 3.52935e+17	1.00e+00	6.64e-14	0.00e+00
 3.53142e+17	1.00e+00	6.58e-14	0.00e+00
 3.53348e+17	1.00e+00	6.51e-14	0.00e+00
 3.53552e+17	1.00e+00	6.44e-14	0.00e+00
 3.53759e+17	1.00e+00	6.38e-14	0.00e+00
 3.53977e+17	1.00e+00	6.31e-14	0.00e+00
 3.54206e+17	1.00e+00	6.23e-14	0.00e+00
 3.54438e+17	1.00e+00	6.16e-14	0.00e+00
 3.54676e+17	1.00e+00	6.08e-14	0.00e+00
 3.54922e+17	1.00e+00	6.00e-14	0.00e+00
 3.55178e+17	1.00e+00	5.91e-14	0.00e+00
 3.55444e+17	1.00e+00	5.82e-14	0.00e+00
 3.55714e+17	1.00e+00	5.73e-14	0.00e+00
 3.55986e+17	1.00e+00	5.64e-14	0.00e+00
 3.56266e+17	1.00e+00	5.55e-14	0.00e+00
 3.56556e+17	1.00e+00	5.46e-14	0.00e+00
 3.56864e+17	1.00e+00	5.35e-14	0.00e+00
 3.57176e+17	1.00e+00	5.25e-14	0.00e+00
 3.57489e+17	1.00e+00	5.14e-14	0.00e+00
 3.57813e+17	1.00e+00	5.04e-14	0.00e+00
 3.58148e+17	1.00e+00	4.93e-14	0.00e+00
 3.58494e+17	1.00e+00	4.82e-14	0.00e+00
 3.58842e+17	1.00e+00	4.70e-14	0.00e+00
 3.59191e+17	1.00e+00	4.59e-14	0.00e+00
 3.59553e+17	1.00e+00	4.47e-14	0.00e+00
 3.59937e+17	1.00e+00	4.35e-14	0.00e+00
 3.60327e+17	1.00e+00	4.23e-14	0.00e+00
 3.60717e+17	1.00e+00	4.11e-14	0.00e+00
 3.61115e+17	1.00e+00	3.98e-14	0.00e+00
 3.61529e+17	1.00e+00	3.86e-14	0.00e+00
 3.61953e+17	1.00e+00	3.73e-14	0.00e+00
 3.62385e+17	1.00e+00	3.60e-14	0.00e+00
 3.62827e+17	1.00e+00	3.47e-14	0.00e+00
 3.63280e+17	1.00e+00	3.34e-14	0.00e+00
 3.63741e+17	1.00e+00	3.21e-14	0.00e+00
 3.64215e+17	1.00e+00	3.08e-14	0.00e+00
 3.64697e+17	1.00e+00	2.95e-14	0.00e+00
 3.65200e+17	1.00e+00	2.82e-14	0.00e+00
 3.65716e+17	1.00e+00	2.69e-14	0.00e+00
 3.66240e+17	1.00e+00	2.56e-14	0.00e+00
 3.66774e+17	1.00e+00	2.43e-14	0.00e+00
 3.67305e+17	1.00e+00	2.31e-14	0.00e+00
 3.67852e+17	1.00e+00	2.18e-14	0.00e+00
 3.68437e+17	1.00e+00	2.06e-14	0.00e+00
 3.69056e+17	1.00e+00	1.93e-14	0.00e+00
 3.69685e+17	1.00e+00	1.81e-14	0.00e+00
 3.70313e+17	1.00e+00	1.69e-14	0.00e+00
 3.70954e+17	1.00e+00	1.57e-14	0.00e+00
 3.71622e+17	1.00e+00	1.46e-14	0.00e+00
 3.72280e+17	1.00e+00	1.35e-14	0.00e+00
 3.72860e+17	1.00e+00	1.25e-14	0.00e+00
 3.73351e+17	1.00e+00	1.18e-14	0.00e+00
 3.73797e+17	1.00e+00	1.11e-14	0.00e+00
 3.74237e+17	1.00e+00	1.05e-14	0.00e+00
 3.74677e+17	1.00e+00	9.97e-15	0.00e+00
 3.75102e+17	1.00e+00	9.44e-15	0.00e+00
 3.75495e+17	1.00e+00	8.95e-15	0.00e+00
 3.75862e+17	1.00e+00	8.52e-15	0.00e+00
 3.76214e+17	1.00e+00	8.13e-15	0.00e+00
 3.76558e+17	1.00e+00	7.76e-15	0.00e+00
 3.76893e+17	1.00e+00	7.41e-15	0.00e+00
 3.77215e+17	1.00e+00	7.07e-15	0.00e+00
 3.77521e+17	1.00e+00	6.77e-15	0.00e+00
 3.77814e+17	1.00e+00	6.48e-15	0.00e+00
 3.78097e+17	1.00e+00	6.21e-15	0.00e+00
 3.78372e+17	1.00e+00	5.96e-15	0.00e+00
 3.78638e+17	1.00e+00	5.72e-15	0.00e+00
 3.78894e+17	1.00e+00	5.48e-15	0.00e+00
 3.79141e+17	1.00e+00	5.28e-15	0.00e+00
 3.79380e+17	1.00e+00	5.06e-15	0.00e+00
 3.79609e+17	1.00e+00	4.89e-15	0.00e+00
 3.79831e+17	1.00e+00	4.71e-15	0.00e+00
 3.80049e+17	1.00e+00	4.53e-15	0.00e+00
 3.80261e+17	1.00e+00	4.37e-15	0.00e+00
 3.80464e+17	1.00e+00	4.22e-15	0.00e+00
 3.80663e+17	1.00e+00	4.07e-15	0.00e+00
 3.80857e+17	1.00e+00	3.94e-15	0.00e+00
 3.81049e+17	1.00e+00	3.81e-15	0.00e+00
 3.81236e+17	1.00e+00	3.68e-15	0.00e+00
 3.81418e+17	1.00e+00	3.56e-15	0.00e+00
 3.81624e+17	1.00e+00	3.44e-15	0.00e+00
 3.81892e+17	1.00e+00	3.30e-15	0.00e+00
 3.82240e+17	1.00e+00	3.12e-15	0.00e+00
 3.82693e+17	1.00e+00	2.90e-15	0.00e+00
 3.83281e+17	1.00e+00	2.62e-15	0.00e+00
 3.84047e+17	1.00e+00	2.31e-15	0.00e+00
 3.84945e+17	1.00e+00	1.95e-15	0.00e+00
 3.85780e+17	1.00e+00	1.62e-15	0.00e+00
 3.86415e+17	1.00e+00	1.40e-15	0.00e+00
 3.86911e+17	1.00e+00	1.26e-15	0.00e+00
 3.87399e+17	1.00e+00	1.14e-15	0.00e+00
 3.87961e+17	1.00e+00	1.03e-15	0.00e+00
 3.88581e+17	1.00e+00	9.09e-16	0.00e+00
 3.89199e+17	1.00e+00	7.98e-16	0.00e+00
 3.89771e+17	1.00e+00	7.06e-16	0.00e+00
 3.90309e+17	1.00e+00	6.31e-16	0.00e+00
 3.90857e+17	1.00e+00	5.66e-16	0.00e+00
 3.91451e+17	1.00e+00	5.04e-16	0.00e+00
 3.92087e+17	1.00e+00	4.43e-16	0.00e+00
 3.92744e+17	1.00e+00	3.88e-16	0.00e+00
 3.93413e+17	1.00e+00	3.38e-16	0.00e+00
 3.94115e+17	1.00e+00	2.94e-16	0.00e+00
 3.94890e+17	1.00e+00	2.53e-16	0.00e+00
 3.95776e+17	1.00e+00	2.14e-16	0.00e+00
 3.96816e+17	1.00e+00	1.76e-16	0.00e+00
 3.98083e+17	1.00e+00	1.39e-16	0.00e+00
 3.99699e+17	1.00e+00	1.05e-16	0.00e+00
 4.01800e+17	1.00e+00	7.21e-17	0.00e+00
 4.04531e+17	1.00e+00	4.45e-17	0.00e+00
 4.08082e+17	1.00e+00	2.41e-17	0.00e+00
 4.12698e+17	1.00e+00	1.10e-17	0.00e+00
 4.18698e+17	1.00e+00	4.11e-18	0.00e+00
 4.26499e+17	1.00e+00	1.26e-18	0.00e+00
