#depth	N	N+	N+2	N+3	N+4	N+5	N+6	N+7
 1.49634e+10	0.00e+00	0.00e+00	4.95e-31	1.14e-20	4.74e-11	6.25e-01	3.75e-01	8.34e-05
 4.54887e+10	0.00e+00	5.48e-42	6.45e-31	1.37e-20	5.28e-11	6.43e-01	3.57e-01	7.33e-05
 7.72350e+10	0.00e+00	0.00e+00	8.39e-31	1.65e-20	5.87e-11	6.61e-01	3.38e-01	6.43e-05
 1.10251e+11	0.00e+00	1.08e-41	1.09e-30	1.98e-20	6.52e-11	6.79e-01	3.21e-01	5.63e-05
 1.44588e+11	0.00e+00	0.00e+00	1.42e-30	2.37e-20	7.23e-11	6.96e-01	3.04e-01	4.93e-05
 1.80298e+11	0.00e+00	2.13e-41	1.83e-30	2.85e-20	8.01e-11	7.13e-01	2.87e-01	4.31e-05
 2.17437e+11	0.00e+00	0.00e+00	2.38e-30	3.41e-20	8.86e-11	7.29e-01	2.71e-01	3.76e-05
 2.56061e+11	0.00e+00	4.18e-41	3.07e-30	4.07e-20	9.79e-11	7.44e-01	2.55e-01	3.27e-05
 2.96231e+11	0.00e+00	0.00e+00	3.97e-30	4.86e-20	1.08e-10	7.59e-01	2.41e-01	2.85e-05
 3.38007e+11	0.00e+00	8.14e-41	5.12e-30	5.79e-20	1.19e-10	7.74e-01	2.26e-01	2.48e-05
 3.76899e+11	0.00e+00	0.00e+00	6.42e-30	6.78e-20	1.30e-10	7.86e-01	2.14e-01	2.18e-05
 4.11023e+11	0.00e+00	1.41e-40	7.79e-30	7.74e-20	1.40e-10	7.96e-01	2.04e-01	1.96e-05
 4.49041e+11	0.00e+00	0.00e+00	9.58e-30	8.93e-20	1.51e-10	8.07e-01	1.93e-01	1.74e-05
 4.94903e+11	0.00e+00	2.54e-40	1.22e-29	1.05e-19	1.65e-10	8.19e-01	1.81e-01	1.51e-05
 5.41103e+11	0.00e+00	0.00e+00	1.54e-29	1.24e-19	1.80e-10	8.29e-01	1.70e-01	1.32e-05
 5.83353e+11	0.00e+00	4.52e-40	1.89e-29	1.42e-19	1.94e-10	8.39e-01	1.61e-01	1.17e-05
 6.30330e+11	0.00e+00	0.00e+00	2.35e-29	1.65e-19	2.11e-10	8.48e-01	1.52e-01	1.03e-05
 6.84983e+11	0.00e+00	8.36e-40	3.01e-29	1.96e-19	2.31e-10	8.58e-01	1.42e-01	8.89e-06
 7.38521e+11	0.00e+00	0.00e+00	3.80e-29	2.29e-19	2.51e-10	8.67e-01	1.33e-01	7.74e-06
 7.88901e+11	0.00e+00	1.50e-39	4.68e-29	2.64e-19	2.71e-10	8.75e-01	1.25e-01	6.81e-06
 8.45082e+11	0.00e+00	0.00e+00	5.87e-29	3.08e-19	2.94e-10	8.83e-01	1.17e-01	5.93e-06
 9.08812e+11	0.00e+00	2.79e-39	7.51e-29	3.64e-19	3.21e-10	8.91e-01	1.09e-01	5.10e-06
 9.72435e+11	0.00e+00	0.00e+00	9.50e-29	4.27e-19	3.49e-10	8.99e-01	1.01e-01	4.41e-06
 1.03860e+12	0.00e+00	5.19e-39	1.20e-28	5.02e-19	3.79e-10	9.05e-01	9.45e-02	3.80e-06
 1.11007e+12	0.00e+00	0.00e+00	1.54e-28	5.92e-19	4.14e-10	9.12e-01	8.77e-02	3.26e-06
 1.18440e+12	0.00e+00	9.91e-39	1.96e-28	6.98e-19	4.51e-10	9.19e-01	8.14e-02	2.79e-06
 1.26171e+12	0.00e+00	0.00e+00	2.50e-28	8.23e-19	4.91e-10	9.25e-01	7.54e-02	2.39e-06
 1.34210e+12	0.00e+00	1.89e-38	3.19e-28	9.71e-19	5.35e-10	9.30e-01	6.99e-02	2.05e-06
 1.42571e+12	0.00e+00	0.00e+00	4.07e-28	1.14e-18	5.82e-10	9.35e-01	6.47e-02	1.75e-06
 1.51267e+12	0.00e+00	3.60e-38	5.19e-28	1.35e-18	6.34e-10	9.40e-01	5.98e-02	1.50e-06
 1.60310e+12	0.00e+00	0.00e+00	6.61e-28	1.59e-18	6.89e-10	9.45e-01	5.53e-02	1.28e-06
 1.69715e+12	0.00e+00	6.85e-38	8.43e-28	1.87e-18	7.50e-10	9.49e-01	5.11e-02	1.09e-06
 1.79497e+12	0.00e+00	0.00e+00	1.07e-27	2.20e-18	8.15e-10	9.53e-01	4.72e-02	9.31e-07
 1.89669e+12	0.00e+00	1.30e-37	1.37e-27	2.59e-18	8.87e-10	9.56e-01	4.36e-02	0.00e+00
 2.00249e+12	0.00e+00	0.00e+00	1.74e-27	3.05e-18	9.64e-10	9.60e-01	4.02e-02	0.00e+00
 2.10588e+12	0.00e+00	2.43e-37	2.19e-27	3.56e-18	1.04e-09	9.63e-01	3.73e-02	0.00e+00
 2.20121e+12	0.00e+00	0.00e+00	2.68e-27	4.08e-18	1.12e-09	9.65e-01	3.49e-02	0.00e+00
 2.30673e+12	0.00e+00	4.25e-37	3.34e-27	4.72e-18	1.20e-09	9.68e-01	3.24e-02	0.00e+00
 2.42866e+12	0.00e+00	0.00e+00	4.25e-27	5.55e-18	1.31e-09	9.70e-01	2.99e-02	0.00e+00
 2.54860e+12	0.00e+00	7.95e-37	5.35e-27	6.47e-18	1.41e-09	9.72e-01	2.77e-02	0.00e+00
 2.67334e+12	0.00e+00	0.00e+00	6.73e-27	7.56e-18	1.53e-09	9.74e-01	2.56e-02	0.00e+00
 2.81020e+12	0.00e+00	1.49e-36	8.58e-27	8.90e-18	1.66e-09	9.76e-01	2.36e-02	0.00e+00
 2.94873e+12	4.01e-47	2.04e-36	1.09e-26	1.04e-17	1.80e-09	9.78e-01	2.18e-02	0.00e+00
 3.09280e+12	0.00e+00	0.00e+00	1.38e-26	1.22e-17	1.95e-09	9.80e-01	2.01e-02	0.00e+00
 3.24644e+12	0.00e+00	3.86e-36	1.76e-26	1.44e-17	2.12e-09	9.82e-01	1.85e-02	0.00e+00
 3.40622e+12	1.34e-46	5.34e-36	2.25e-26	1.70e-17	2.30e-09	9.83e-01	1.70e-02	0.00e+00
 3.57240e+12	0.00e+00	0.00e+00	2.87e-26	2.00e-17	2.50e-09	9.84e-01	1.57e-02	0.00e+00
 3.74522e+12	0.00e+00	1.02e-35	3.66e-26	2.36e-17	2.72e-09	9.86e-01	1.44e-02	0.00e+00
 3.92496e+12	4.51e-46	1.42e-35	4.68e-26	2.78e-17	2.96e-09	9.87e-01	1.32e-02	0.00e+00
 4.11188e+12	0.00e+00	0.00e+00	5.98e-26	3.28e-17	3.21e-09	9.88e-01	1.22e-02	0.00e+00
 4.30629e+12	0.00e+00	2.72e-35	7.66e-26	3.87e-17	3.49e-09	9.89e-01	1.12e-02	0.00e+00
 4.48907e+12	1.48e-45	3.66e-35	9.57e-26	4.50e-17	3.77e-09	9.90e-01	1.04e-02	0.00e+00
 4.65246e+12	0.00e+00	0.00e+00	1.16e-25	5.12e-17	4.03e-09	9.90e-01	9.71e-03	0.00e+00
 4.83582e+12	0.00e+00	6.26e-35	1.43e-25	5.90e-17	4.33e-09	9.91e-01	9.04e-03	0.00e+00
 5.05321e+12	4.30e-45	8.62e-35	1.83e-25	6.95e-17	4.70e-09	9.92e-01	8.32e-03	0.00e+00
 5.27077e+12	0.00e+00	0.00e+00	2.31e-25	8.13e-17	5.08e-09	9.92e-01	7.68e-03	0.00e+00
 5.47485e+12	0.00e+00	1.55e-34	2.85e-25	9.37e-17	5.46e-09	9.93e-01	7.14e-03	0.00e+00
 5.70159e+12	1.31e-44	2.10e-34	3.58e-25	1.09e-16	5.91e-09	9.93e-01	6.61e-03	0.00e+00
 5.95958e+12	0.00e+00	2.93e-34	4.60e-25	1.29e-16	6.43e-09	9.94e-01	6.06e-03	0.00e+00
 6.21631e+12	2.95e-44	4.03e-34	5.86e-25	1.52e-16	6.98e-09	9.94e-01	5.58e-03	0.00e+00
 6.48331e+12	0.00e+00	5.55e-34	7.45e-25	1.79e-16	7.58e-09	9.95e-01	5.14e-03	0.00e+00
 6.77257e+12	6.67e-44	7.76e-34	9.60e-25	2.13e-16	8.27e-09	9.95e-01	4.71e-03	0.00e+00
 7.07340e+12	0.00e+00	1.08e-33	1.24e-24	2.53e-16	9.01e-09	9.96e-01	4.32e-03	0.00e+00
 7.35680e+12	1.48e-43	1.47e-33	1.56e-24	2.95e-16	9.75e-09	9.96e-01	3.99e-03	0.00e+00
 7.61121e+12	0.00e+00	1.91e-33	1.90e-24	3.38e-16	1.04e-08	9.96e-01	3.73e-03	0.00e+00
 7.89729e+12	2.96e-43	2.56e-33	2.37e-24	3.92e-16	1.13e-08	9.97e-01	3.46e-03	0.00e+00
 8.23514e+12	0.00e+00	3.55e-33	3.04e-24	4.64e-16	1.23e-08	9.97e-01	3.17e-03	0.00e+00
 8.57315e+12	6.61e-43	4.88e-33	3.87e-24	5.47e-16	1.33e-08	9.97e-01	2.92e-03	0.00e+00
 8.89129e+12	0.00e+00	6.52e-33	4.82e-24	6.36e-16	1.44e-08	9.97e-01	2.71e-03	0.00e+00
 9.24348e+12	1.40e-42	8.93e-33	6.12e-24	7.48e-16	1.56e-08	9.98e-01	2.49e-03	0.00e+00
 9.64315e+12	0.00e+00	1.25e-32	7.93e-24	8.93e-16	1.71e-08	9.98e-01	2.28e-03	0.00e+00
 1.00378e+13	3.20e-42	1.73e-32	1.02e-23	1.06e-15	1.87e-08	9.98e-01	2.09e-03	0.00e+00
 1.04482e+13	0.00e+00	2.40e-32	1.30e-23	1.25e-15	2.03e-08	9.98e-01	1.92e-03	0.00e+00
 1.08960e+13	7.34e-42	3.38e-32	1.69e-23	1.50e-15	2.23e-08	9.98e-01	1.75e-03	0.00e+00
 1.13478e+13	0.00e+00	4.70e-32	2.17e-23	1.78e-15	2.43e-08	9.98e-01	1.61e-03	0.00e+00
 1.18177e+13	1.68e-41	6.57e-32	2.81e-23	2.12e-15	2.67e-08	9.99e-01	1.47e-03	0.00e+00
 1.23019e+13	0.00e+00	9.15e-32	3.62e-23	2.53e-15	2.92e-08	9.99e-01	1.34e-03	0.00e+00
 1.27762e+13	3.72e-41	1.25e-31	4.60e-23	2.98e-15	3.17e-08	9.99e-01	1.24e-03	0.00e+00
 1.32878e+13	0.00e+00	1.73e-31	5.90e-23	3.55e-15	3.47e-08	9.99e-01	1.13e-03	0.00e+00
 1.38493e+13	8.48e-41	2.44e-31	7.68e-23	4.26e-15	3.81e-08	9.99e-01	1.03e-03	0.00e+00
 1.44332e+13	0.00e+00	3.43e-31	1.00e-22	5.12e-15	4.20e-08	9.99e-01	9.39e-04	0.00e+00
 1.50404e+13	1.97e-40	4.82e-31	1.30e-22	6.15e-15	4.62e-08	9.99e-01	8.54e-04	0.00e+00
 1.56720e+13	0.00e+00	6.78e-31	1.70e-22	7.40e-15	5.08e-08	9.99e-01	7.77e-04	0.00e+00
 1.62428e+13	4.33e-40	9.12e-31	2.13e-22	8.69e-15	5.53e-08	9.99e-01	7.15e-04	0.00e+00
 1.67180e+13	0.00e+00	1.16e-30	2.57e-22	9.90e-15	5.92e-08	9.99e-01	6.69e-04	0.00e+00
 1.72382e+13	7.92e-40	1.49e-30	3.13e-22	1.14e-14	6.36e-08	9.99e-01	6.23e-04	0.00e+00
 1.78978e+13	0.00e+00	2.03e-30	3.98e-22	1.35e-14	6.95e-08	9.99e-01	5.71e-04	0.00e+00
 1.85860e+13	1.69e-39	2.77e-30	5.07e-22	1.60e-14	7.61e-08	9.99e-01	5.22e-04	0.00e+00
 1.91949e+13	0.00e+00	3.61e-30	6.23e-22	1.85e-14	8.22e-08	1.00e+00	4.84e-04	0.00e+00
 1.97635e+13	3.13e-39	4.58e-30	7.51e-22	2.12e-14	8.82e-08	1.00e+00	4.52e-04	0.00e+00
 2.04131e+13	0.00e+00	5.95e-30	9.22e-22	2.45e-14	9.53e-08	1.00e+00	4.19e-04	0.00e+00
 2.12108e+13	6.30e-39	8.12e-30	1.18e-21	2.92e-14	1.05e-07	1.00e+00	3.82e-04	0.00e+00
 2.20052e+13	0.00e+00	1.09e-29	1.49e-21	3.45e-14	1.14e-07	1.00e+00	3.50e-04	0.00e+00
 2.26960e+13	1.22e-38	1.40e-29	1.81e-21	3.97e-14	1.23e-07	1.00e+00	3.26e-04	0.00e+00
 2.34479e+13	0.00e+00	1.81e-29	2.22e-21	4.60e-14	1.33e-07	1.00e+00	3.02e-04	0.00e+00
 2.43654e+13	2.42e-38	2.46e-29	2.82e-21	5.47e-14	1.46e-07	1.00e+00	2.75e-04	0.00e+00
 2.53021e+13	0.00e+00	3.31e-29	3.57e-21	6.48e-14	1.60e-07	1.00e+00	2.52e-04	0.00e+00
 2.61632e+13	4.78e-38	4.30e-29	4.39e-21	7.52e-14	1.73e-07	1.00e+00	2.33e-04	0.00e+00
 2.71219e+13	0.00e+00	5.70e-29	5.48e-21	8.83e-14	1.89e-07	1.00e+00	2.14e-04	0.00e+00
 2.82321e+13	9.79e-38	7.78e-29	7.02e-21	1.06e-13	2.08e-07	1.00e+00	1.95e-04	0.00e+00
 2.93254e+13	0.00e+00	1.04e-28	8.86e-21	1.25e-13	2.27e-07	1.00e+00	1.78e-04	0.00e+00
 3.03728e+13	1.94e-37	1.37e-28	1.10e-20	1.46e-13	2.47e-07	1.00e+00	1.64e-04	0.00e+00
 3.15281e+13	0.00e+00	1.82e-28	1.38e-20	1.72e-13	2.70e-07	1.00e+00	1.51e-04	0.00e+00
 3.28191e+13	3.96e-37	2.47e-28	1.75e-20	2.05e-13	2.97e-07	1.00e+00	1.37e-04	0.00e+00
 3.39932e+13	0.00e+00	3.23e-28	2.17e-20	2.39e-13	3.22e-07	1.00e+00	1.27e-04	0.00e+00
 3.49821e+13	7.13e-37	4.01e-28	2.57e-20	2.70e-13	3.44e-07	1.00e+00	1.19e-04	0.00e+00
 3.60698e+13	0.00e+00	5.06e-28	3.09e-20	3.09e-13	3.70e-07	1.00e+00	1.11e-04	0.00e+00
 3.72972e+13	1.28e-36	6.51e-28	3.78e-20	3.56e-13	3.99e-07	1.00e+00	1.02e-04	0.00e+00
 3.84715e+13	0.00e+00	8.22e-28	4.54e-20	4.07e-13	4.29e-07	1.00e+00	9.54e-05	0.00e+00
 3.97635e+13	2.30e-36	1.05e-27	5.53e-20	4.69e-13	4.63e-07	1.00e+00	8.85e-05	0.00e+00
 4.11992e+13	0.00e+00	1.38e-27	6.82e-20	5.46e-13	5.02e-07	1.00e+00	8.17e-05	0.00e+00
 4.25449e+13	4.25e-36	1.75e-27	8.25e-20	6.26e-13	5.40e-07	1.00e+00	7.60e-05	0.00e+00
 4.40177e+13	0.00e+00	2.26e-27	1.01e-19	7.23e-13	5.84e-07	1.00e+00	7.04e-05	0.00e+00
 4.56741e+13	8.10e-36	2.98e-27	1.26e-19	8.46e-13	6.35e-07	1.00e+00	6.48e-05	0.00e+00
 4.72558e+13	0.00e+00	3.84e-27	1.53e-19	9.77e-13	6.86e-07	1.00e+00	6.01e-05	0.00e+00
 4.89888e+13	1.53e-35	5.03e-27	1.90e-19	1.14e-12	7.44e-07	1.00e+00	5.55e-05	0.00e+00
 5.08250e+13	0.00e+00	6.61e-27	2.35e-19	1.33e-12	8.08e-07	1.00e+00	5.11e-05	0.00e+00
 5.24312e+13	2.84e-35	8.34e-27	2.83e-19	1.51e-12	8.66e-07	1.00e+00	4.77e-05	0.00e+00
 5.41457e+13	0.00e+00	1.06e-26	3.41e-19	1.73e-12	9.31e-07	1.00e+00	4.44e-05	0.00e+00
 5.62319e+13	5.36e-35	1.41e-26	4.26e-19	2.02e-12	1.01e-06	1.00e+00	4.09e-05	0.00e+00
 5.83107e+13	0.00e+00	1.85e-26	5.27e-19	2.35e-12	1.10e-06	1.00e+00	3.77e-05	0.00e+00
 6.01450e+13	9.90e-35	2.33e-26	6.32e-19	2.68e-12	1.18e-06	1.00e+00	3.53e-05	0.00e+00
 6.21526e+13	0.00e+00	2.97e-26	7.65e-19	3.07e-12	1.26e-06	1.00e+00	3.28e-05	0.00e+00
 6.45680e+13	1.89e-34	3.95e-26	9.57e-19	3.59e-12	1.37e-06	1.00e+00	3.02e-05	0.00e+00
 6.69849e+13	2.64e-34	5.20e-26	1.19e-18	4.18e-12	1.49e-06	1.00e+00	2.79e-05	0.00e+00
 6.91832e+13	3.56e-34	6.63e-26	1.43e-18	4.78e-12	1.60e-06	1.00e+00	2.60e-05	0.00e+00
 7.16265e+13	4.90e-34	8.61e-26	1.76e-18	5.51e-12	1.72e-06	1.00e+00	2.41e-05	0.00e+00
 7.44825e+13	6.99e-34	1.15e-25	2.21e-18	6.47e-12	1.88e-06	1.00e+00	2.22e-05	0.00e+00
 7.72998e+13	9.85e-34	1.52e-25	2.74e-18	7.53e-12	2.03e-06	1.00e+00	2.05e-05	0.00e+00
 7.99665e+13	1.35e-33	1.97e-25	3.34e-18	8.66e-12	2.19e-06	1.00e+00	1.90e-05	0.00e+00
 8.29317e+13	1.88e-33	2.59e-25	4.14e-18	1.00e-11	2.37e-06	1.00e+00	1.76e-05	0.00e+00
 8.62789e+13	2.72e-33	3.49e-25	5.21e-18	1.18e-11	2.58e-06	1.00e+00	1.62e-05	0.00e+00
 8.96437e+13	3.88e-33	4.66e-25	6.52e-18	1.38e-11	2.80e-06	1.00e+00	1.49e-05	0.00e+00
 9.31431e+13	5.54e-33	6.23e-25	8.16e-18	1.61e-11	3.04e-06	1.00e+00	1.38e-05	0.00e+00
 9.68988e+13	8.00e-33	8.41e-25	1.03e-17	1.90e-11	3.30e-06	1.00e+00	1.27e-05	0.00e+00
 1.00805e+14	1.16e-32	1.14e-24	1.30e-17	2.23e-11	3.59e-06	1.00e+00	1.16e-05	0.00e+00
 1.04652e+14	1.65e-32	1.51e-24	1.62e-17	2.59e-11	3.89e-06	1.00e+00	1.08e-05	0.00e+00
 1.08236e+14	2.26e-32	1.95e-24	1.97e-17	2.97e-11	4.18e-06	1.00e+00	1.00e-05	0.00e+00
 1.11471e+14	2.98e-32	2.45e-24	2.34e-17	3.35e-11	4.44e-06	1.00e+00	9.43e-06	0.00e+00
 1.14940e+14	3.98e-32	3.09e-24	2.81e-17	3.79e-11	4.74e-06	1.00e+00	8.84e-06	0.00e+00
 1.19253e+14	5.64e-32	4.10e-24	3.49e-17	4.40e-11	5.12e-06	1.00e+00	8.19e-06	0.00e+00
 1.23575e+14	7.90e-32	5.39e-24	4.30e-17	5.08e-11	5.51e-06	1.00e+00	7.60e-06	0.00e+00
 1.27292e+14	1.05e-31	6.78e-24	5.12e-17	5.72e-11	5.86e-06	1.00e+00	7.15e-06	0.00e+00
 1.31315e+14	1.41e-31	8.62e-24	6.16e-17	6.48e-11	6.26e-06	1.00e+00	6.71e-06	0.00e+00
 1.36276e+14	2.01e-31	1.15e-23	7.66e-17	7.53e-11	6.76e-06	1.00e+00	6.21e-06	0.00e+00
 1.41232e+14	2.83e-31	1.51e-23	9.46e-17	8.70e-11	7.27e-06	1.00e+00	5.77e-06	0.00e+00
 1.45514e+14	3.77e-31	1.91e-23	1.13e-16	9.80e-11	7.74e-06	1.00e+00	5.43e-06	0.00e+00
 1.50142e+14	5.11e-31	2.44e-23	1.36e-16	1.11e-10	8.25e-06	1.00e+00	5.09e-06	0.00e+00
 1.55829e+14	7.30e-31	3.25e-23	1.69e-16	1.29e-10	8.90e-06	1.00e+00	4.72e-06	0.00e+00
 1.61561e+14	1.04e-30	4.31e-23	2.10e-16	1.49e-10	9.59e-06	1.00e+00	4.38e-06	0.00e+00
 1.66646e+14	1.40e-30	5.49e-23	2.52e-16	1.69e-10	1.02e-05	1.00e+00	4.11e-06	0.00e+00
 1.72220e+14	1.93e-30	7.11e-23	3.06e-16	1.93e-10	1.09e-05	1.00e+00	3.85e-06	0.00e+00
 1.78892e+14	2.79e-30	9.57e-23	3.84e-16	2.25e-10	1.18e-05	1.00e+00	3.56e-06	0.00e+00
 1.85529e+14	3.99e-30	1.27e-22	4.77e-16	2.60e-10	1.27e-05	1.00e+00	3.31e-06	0.00e+00
 1.91582e+14	5.47e-30	1.64e-22	5.77e-16	2.95e-10	1.36e-05	1.00e+00	3.10e-06	0.00e+00
 1.98342e+14	7.68e-30	2.16e-22	7.09e-16	3.39e-10	1.45e-05	1.00e+00	2.89e-06	0.00e+00
 2.06221e+14	1.12e-29	2.93e-22	8.94e-16	3.97e-10	1.57e-05	1.00e+00	2.67e-06	0.00e+00
 2.13980e+14	1.62e-29	3.92e-22	1.11e-15	4.60e-10	1.69e-05	1.00e+00	2.48e-06	0.00e+00
 2.21336e+14	2.26e-29	5.12e-22	1.36e-15	5.26e-10	1.81e-05	1.00e+00	2.32e-06	0.00e+00
 2.29506e+14	3.22e-29	6.81e-22	1.69e-15	6.08e-10	1.95e-05	1.00e+00	2.15e-06	0.00e+00
 2.38716e+14	4.75e-29	9.29e-22	2.14e-15	7.12e-10	2.11e-05	1.00e+00	1.99e-06	0.00e+00
 2.47980e+14	6.91e-29	1.26e-21	2.68e-15	8.29e-10	2.28e-05	1.00e+00	1.84e-06	0.00e+00
 2.57613e+14	1.01e-28	1.70e-21	3.36e-15	9.65e-10	2.46e-05	1.00e+00	1.71e-06	0.00e+00
 2.67948e+14	1.48e-28	2.31e-21	4.25e-15	1.13e-09	2.67e-05	1.00e+00	1.58e-06	0.00e+00
 2.77966e+14	2.12e-28	3.09e-21	5.29e-15	1.31e-09	2.87e-05	1.00e+00	1.46e-06	0.00e+00
 2.87403e+14	2.95e-28	4.02e-21	6.45e-15	1.50e-09	3.07e-05	1.00e+00	1.37e-06	0.00e+00
 2.97948e+14	4.20e-28	5.34e-21	7.99e-15	1.73e-09	3.30e-05	1.00e+00	1.27e-06	0.00e+00
 3.08574e+14	5.92e-28	7.04e-21	9.84e-15	1.99e-09	3.55e-05	1.00e+00	1.18e-06	0.00e+00
 3.17415e+14	7.81e-28	8.80e-21	1.16e-14	2.23e-09	3.76e-05	1.00e+00	1.12e-06	0.00e+00
 3.26780e+14	1.04e-27	1.11e-20	1.38e-14	2.50e-09	3.98e-05	1.00e+00	1.05e-06	0.00e+00
 3.38729e+14	1.47e-27	1.47e-20	1.71e-14	2.89e-09	4.29e-05	1.00e+00	9.79e-07	0.00e+00
 3.51248e+14	2.10e-27	1.95e-20	2.13e-14	3.34e-09	4.62e-05	1.00e+00	0.00e+00	0.00e+00
 3.62325e+14	2.84e-27	2.49e-20	2.56e-14	3.79e-09	4.92e-05	1.00e+00	0.00e+00	0.00e+00
 3.74319e+14	3.90e-27	3.21e-20	3.11e-14	4.31e-09	5.26e-05	1.00e+00	0.00e+00	0.00e+00
 3.88735e+14	5.63e-27	4.31e-20	3.89e-14	5.02e-09	5.68e-05	1.00e+00	0.00e+00	0.00e+00
 4.03340e+14	8.06e-27	5.76e-20	4.84e-14	5.82e-09	6.13e-05	1.00e+00	0.00e+00	0.00e+00
 4.17054e+14	1.12e-26	7.49e-20	5.91e-14	6.66e-09	6.56e-05	1.00e+00	0.00e+00	0.00e+00
 4.32291e+14	1.58e-26	9.91e-20	7.32e-14	7.70e-09	7.06e-05	1.00e+00	0.00e+00	0.00e+00
 4.48388e+14	2.26e-26	1.32e-19	9.10e-14	8.91e-09	7.61e-05	1.00e+00	0.00e+00	0.00e+00
 4.62690e+14	3.06e-26	1.69e-19	1.10e-13	1.01e-08	8.12e-05	1.00e+00	0.00e+00	0.00e+00
 4.78091e+14	4.20e-26	2.18e-19	1.33e-13	1.15e-08	8.68e-05	1.00e+00	0.00e+00	0.00e+00
 4.96546e+14	6.05e-26	2.93e-19	1.67e-13	1.34e-08	9.39e-05	1.00e+00	0.00e+00	0.00e+00
 5.14715e+14	8.59e-26	3.88e-19	2.07e-13	1.55e-08	1.01e-04	1.00e+00	0.00e+00	0.00e+00
 5.30913e+14	1.16e-25	4.95e-19	2.49e-13	1.76e-08	1.08e-04	1.00e+00	0.00e+00	0.00e+00
 5.48809e+14	1.60e-25	6.40e-19	3.03e-13	2.01e-08	1.15e-04	1.00e+00	0.00e+00	0.00e+00
 5.70117e+14	2.30e-25	8.62e-19	3.80e-13	2.34e-08	1.25e-04	1.00e+00	0.00e+00	0.00e+00
 5.91230e+14	3.27e-25	1.14e-18	4.71e-13	2.71e-08	1.35e-04	1.00e+00	0.00e+00	0.00e+00
 6.10519e+14	4.46e-25	1.47e-18	5.70e-13	3.09e-08	1.44e-04	1.00e+00	0.00e+00	0.00e+00
 6.32069e+14	6.23e-25	1.92e-18	7.00e-13	3.55e-08	1.54e-04	1.00e+00	0.00e+00	0.00e+00
 6.57149e+14	9.06e-25	2.60e-18	8.82e-13	4.15e-08	1.67e-04	1.00e+00	0.00e+00	0.00e+00
 6.81790e+14	1.29e-24	3.47e-18	1.10e-12	4.81e-08	1.81e-04	1.00e+00	0.00e+00	0.00e+00
 7.05106e+14	1.79e-24	4.51e-18	1.34e-12	5.51e-08	1.94e-04	1.00e+00	0.00e+00	0.00e+00
 7.31029e+14	2.53e-24	5.97e-18	1.66e-12	6.37e-08	2.09e-04	1.00e+00	0.00e+00	0.00e+00
 7.60300e+14	3.69e-24	8.09e-18	2.09e-12	7.46e-08	2.26e-04	1.00e+00	0.00e+00	0.00e+00
 7.88059e+14	5.23e-24	1.07e-17	2.59e-12	8.61e-08	2.43e-04	1.00e+00	0.00e+00	0.00e+00
 8.13338e+14	7.08e-24	1.37e-17	3.12e-12	9.78e-08	2.60e-04	1.00e+00	0.00e+00	0.00e+00
 8.41953e+14	9.89e-24	1.79e-17	3.83e-12	1.12e-07	2.79e-04	1.00e+00	0.00e+00	0.00e+00
 8.75305e+14	1.43e-23	2.42e-17	4.82e-12	1.31e-07	3.02e-04	1.00e+00	0.00e+00	0.00e+00
 9.07233e+14	2.03e-23	3.21e-17	5.97e-12	1.52e-07	3.25e-04	1.00e+00	0.00e+00	0.00e+00
 9.33619e+14	2.69e-23	4.01e-17	7.07e-12	1.70e-07	3.45e-04	1.00e+00	0.00e+00	0.00e+00
 9.60381e+14	3.53e-23	5.00e-17	8.36e-12	1.90e-07	3.65e-04	1.00e+00	0.00e+00	0.00e+00
 9.95033e+14	4.97e-23	6.59e-17	1.03e-11	2.20e-07	3.93e-04	1.00e+00	0.00e+00	0.00e+00
 1.03090e+15	7.00e-23	8.68e-17	1.27e-11	2.53e-07	4.22e-04	1.00e+00	0.00e+00	0.00e+00
 1.06123e+15	9.29e-23	1.09e-16	1.51e-11	2.84e-07	4.48e-04	1.00e+00	0.00e+00	0.00e+00
 1.09337e+15	1.24e-22	1.38e-16	1.80e-11	3.20e-07	4.76e-04	1.00e+00	0.00e+00	0.00e+00
 1.13378e+15	1.76e-22	1.83e-16	2.24e-11	3.70e-07	5.13e-04	9.99e-01	0.00e+00	0.00e+00
 1.17545e+15	2.51e-22	2.43e-16	2.77e-11	4.28e-07	5.52e-04	9.99e-01	0.00e+00	0.00e+00
 1.21196e+15	3.38e-22	3.09e-16	3.32e-11	4.83e-07	5.87e-04	9.99e-01	0.00e+00	0.00e+00
 1.25127e+15	4.61e-22	3.96e-16	4.02e-11	5.49e-07	6.27e-04	9.99e-01	0.00e+00	0.00e+00
 1.29898e+15	6.64e-22	5.31e-16	5.02e-11	6.38e-07	6.76e-04	9.99e-01	0.00e+00	0.00e+00
 1.34645e+15	9.41e-22	7.03e-16	6.21e-11	7.36e-07	7.27e-04	9.99e-01	0.00e+00	0.00e+00
 1.38843e+15	1.27e-21	8.96e-16	7.45e-11	8.32e-07	7.74e-04	9.99e-01	0.00e+00	0.00e+00
 1.43441e+15	1.74e-21	1.15e-15	9.04e-11	9.48e-07	8.27e-04	9.99e-01	0.00e+00	0.00e+00
 1.48963e+15	2.51e-21	1.55e-15	1.13e-10	1.10e-06	8.93e-04	9.99e-01	0.00e+00	0.00e+00
 1.54463e+15	3.57e-21	2.06e-15	1.40e-10	1.28e-06	9.62e-04	9.99e-01	0.00e+00	0.00e+00
 1.59446e+15	4.87e-21	2.64e-15	1.69e-10	1.45e-06	1.03e-03	9.99e-01	0.00e+00	0.00e+00
 1.64975e+15	6.74e-21	3.44e-15	2.07e-10	1.66e-06	1.10e-03	9.99e-01	0.00e+00	0.00e+00
 1.71464e+15	9.77e-21	4.64e-15	2.60e-10	1.94e-06	1.19e-03	9.99e-01	0.00e+00	0.00e+00
 1.77866e+15	1.39e-20	6.17e-15	3.23e-10	2.25e-06	1.29e-03	9.99e-01	0.00e+00	0.00e+00
 1.83855e+15	1.91e-20	7.98e-15	3.93e-10	2.56e-06	1.38e-03	9.99e-01	0.00e+00	0.00e+00
 1.90544e+15	2.68e-20	1.05e-14	4.85e-10	2.96e-06	1.48e-03	9.99e-01	0.00e+00	0.00e+00
 1.98169e+15	3.88e-20	1.42e-14	6.12e-10	3.47e-06	1.61e-03	9.98e-01	0.00e+00	0.00e+00
 2.05752e+15	5.52e-20	1.89e-14	7.63e-10	4.03e-06	1.74e-03	9.98e-01	0.00e+00	0.00e+00
 2.13640e+15	7.85e-20	2.52e-14	9.52e-10	4.69e-06	1.89e-03	9.98e-01	0.00e+00	0.00e+00
 2.21944e+15	1.12e-19	3.36e-14	1.19e-09	5.47e-06	2.04e-03	9.98e-01	0.00e+00	0.00e+00
 2.28936e+15	1.50e-19	4.26e-14	1.43e-09	6.20e-06	2.18e-03	9.98e-01	0.00e+00	0.00e+00
 2.34398e+15	1.85e-19	5.08e-14	1.64e-09	6.82e-06	2.30e-03	9.98e-01	0.00e+00	0.00e+00
 2.40341e+15	2.33e-19	6.13e-14	1.90e-09	7.54e-06	2.42e-03	9.98e-01	0.00e+00	0.00e+00
 2.48066e+15	3.11e-19	7.76e-14	2.29e-09	8.57e-06	2.59e-03	9.97e-01	0.00e+00	0.00e+00
 2.56426e+15	4.19e-19	9.94e-14	2.77e-09	9.80e-06	2.79e-03	9.97e-01	0.00e+00	0.00e+00
 2.63953e+15	5.42e-19	1.23e-13	3.28e-09	1.10e-05	2.97e-03	9.97e-01	0.00e+00	0.00e+00
 2.72081e+15	7.13e-19	1.54e-13	3.92e-09	1.24e-05	3.17e-03	9.97e-01	0.00e+00	0.00e+00
 2.82209e+15	9.85e-19	2.01e-13	4.84e-09	1.44e-05	3.43e-03	9.97e-01	0.00e+00	0.00e+00
 2.92404e+15	1.35e-18	2.61e-13	5.95e-09	1.67e-05	3.71e-03	9.96e-01	0.00e+00	0.00e+00
 3.01216e+15	1.75e-18	3.24e-13	7.07e-09	1.88e-05	3.96e-03	9.96e-01	0.00e+00	0.00e+00
 3.10766e+15	2.28e-18	4.05e-13	8.47e-09	2.13e-05	4.25e-03	9.96e-01	0.00e+00	0.00e+00
 3.22488e+15	3.15e-18	5.30e-13	1.05e-08	2.48e-05	4.62e-03	9.95e-01	0.00e+00	0.00e+00
 3.34339e+15	4.29e-18	6.86e-13	1.29e-08	2.87e-05	5.01e-03	9.95e-01	0.00e+00	0.00e+00
 3.44860e+15	5.56e-18	8.55e-13	1.55e-08	3.25e-05	5.37e-03	9.95e-01	0.00e+00	0.00e+00
 3.56348e+15	7.36e-18	1.08e-12	1.87e-08	3.71e-05	5.78e-03	9.94e-01	0.00e+00	0.00e+00
 3.70099e+15	1.01e-17	1.42e-12	2.33e-08	4.32e-05	6.29e-03	9.94e-01	0.00e+00	0.00e+00
 3.83711e+15	1.37e-17	1.83e-12	2.87e-08	5.00e-05	6.83e-03	9.93e-01	0.00e+00	0.00e+00
 3.95981e+15	1.79e-17	2.29e-12	3.45e-08	5.68e-05	7.34e-03	9.93e-01	0.00e+00	0.00e+00
 4.09588e+15	2.37e-17	2.90e-12	4.19e-08	6.51e-05	7.92e-03	9.92e-01	0.00e+00	0.00e+00
 4.25626e+15	3.26e-17	3.81e-12	5.24e-08	7.60e-05	8.65e-03	9.91e-01	0.00e+00	0.00e+00
 4.41459e+15	4.41e-17	4.93e-12	6.47e-08	8.80e-05	9.40e-03	9.91e-01	0.00e+00	0.00e+00
 4.56155e+15	5.82e-17	6.22e-12	7.83e-08	1.00e-04	1.01e-02	9.90e-01	0.00e+00	0.00e+00
 4.72632e+15	7.76e-17	7.97e-12	9.63e-08	1.16e-04	1.10e-02	9.89e-01	0.00e+00	0.00e+00
 4.91541e+15	1.07e-16	1.05e-11	1.21e-07	1.36e-04	1.20e-02	9.88e-01	0.00e+00	0.00e+00
 5.10138e+15	1.67e-16	1.37e-11	1.50e-07	1.57e-04	1.31e-02	9.87e-01	0.00e+00	0.00e+00
 5.29480e+15	2.28e-16	1.78e-11	1.87e-07	1.83e-04	1.42e-02	9.86e-01	0.00e+00	0.00e+00
 5.47104e+15	2.99e-16	2.24e-11	2.27e-07	2.09e-04	1.53e-02	9.84e-01	0.00e+00	0.00e+00
 5.60248e+15	3.64e-16	2.65e-11	2.61e-07	2.29e-04	1.62e-02	9.84e-01	0.00e+00	0.00e+00
 5.73824e+15	4.44e-16	3.15e-11	3.00e-07	2.52e-04	1.71e-02	9.83e-01	0.00e+00	0.00e+00
 5.91475e+15	5.72e-16	3.91e-11	3.59e-07	2.85e-04	1.83e-02	9.81e-01	0.00e+00	0.00e+00
 6.10573e+15	7.46e-16	4.90e-11	4.34e-07	3.24e-04	1.97e-02	9.80e-01	0.00e+00	0.00e+00
 6.27804e+15	9.38e-16	5.97e-11	5.11e-07	3.62e-04	2.09e-02	9.79e-01	0.00e+00	0.00e+00
 6.46455e+15	1.20e-15	7.37e-11	6.08e-07	4.07e-04	2.24e-02	9.77e-01	0.00e+00	0.00e+00
 6.70138e+15	1.63e-15	9.57e-11	7.55e-07	4.71e-04	2.43e-02	9.75e-01	0.00e+00	0.00e+00
 6.93981e+15	2.18e-15	1.23e-10	9.30e-07	5.42e-04	2.63e-02	9.73e-01	0.00e+00	0.00e+00
 7.13997e+15	2.76e-15	1.51e-10	1.10e-06	6.07e-04	2.80e-02	9.71e-01	0.00e+00	0.00e+00
 7.35417e+15	3.54e-15	1.87e-10	1.31e-06	6.83e-04	2.99e-02	9.69e-01	0.00e+00	0.00e+00
 7.62476e+15	4.83e-15	2.44e-10	1.64e-06	7.91e-04	3.25e-02	9.67e-01	0.00e+00	0.00e+00
 7.90824e+15	6.57e-15	3.18e-10	2.04e-06	9.16e-04	3.53e-02	9.64e-01	0.00e+00	0.00e+00
 8.16255e+15	8.55e-15	4.00e-10	2.47e-06	1.04e-03	3.78e-02	9.61e-01	0.00e+00	0.00e+00
 8.43933e+15	1.14e-14	5.11e-10	3.02e-06	1.19e-03	4.08e-02	9.58e-01	0.00e+00	0.00e+00
 8.76771e+15	1.59e-14	6.79e-10	3.81e-06	1.39e-03	4.44e-02	9.54e-01	0.00e+00	0.00e+00
 9.08898e+15	2.15e-14	8.84e-10	4.74e-06	1.60e-03	4.81e-02	9.50e-01	0.00e+00	0.00e+00
 9.37929e+15	2.81e-14	1.11e-09	5.73e-06	1.82e-03	5.15e-02	9.47e-01	0.00e+00	0.00e+00
 9.70350e+15	3.77e-14	1.43e-09	7.06e-06	2.09e-03	5.55e-02	9.42e-01	0.00e+00	0.00e+00
 1.00845e+16	5.28e-14	1.91e-09	8.95e-06	2.44e-03	6.05e-02	9.37e-01	0.00e+00	0.00e+00
 1.04590e+16	7.24e-14	2.51e-09	1.12e-05	2.83e-03	6.55e-02	9.32e-01	0.00e+00	0.00e+00
 1.08070e+16	9.62e-14	3.20e-09	1.37e-05	3.23e-03	7.04e-02	9.26e-01	0.00e+00	0.00e+00
 1.11978e+16	1.32e-13	4.19e-09	1.70e-05	3.73e-03	7.61e-02	9.20e-01	0.00e+00	0.00e+00
 1.15738e+16	1.76e-13	5.36e-09	2.08e-05	4.26e-03	8.17e-02	9.14e-01	0.00e+00	0.00e+00
 1.18520e+16	2.17e-13	6.42e-09	2.41e-05	4.69e-03	8.61e-02	9.09e-01	0.00e+00	0.00e+00
 1.21322e+16	2.68e-13	7.68e-09	2.79e-05	5.16e-03	9.06e-02	9.04e-01	0.00e+00	0.00e+00
 1.24964e+16	3.50e-13	9.63e-09	3.35e-05	5.82e-03	9.65e-02	8.98e-01	0.00e+00	0.00e+00
 1.28904e+16	4.63e-13	1.22e-08	4.06e-05	6.61e-03	1.03e-01	8.90e-01	0.00e+00	0.00e+00
 1.32418e+16	5.87e-13	1.50e-08	4.79e-05	7.37e-03	1.09e-01	8.83e-01	0.00e+00	0.00e+00
 1.36174e+16	7.60e-13	1.86e-08	5.71e-05	8.27e-03	1.16e-01	8.76e-01	0.00e+00	0.00e+00
 1.41055e+16	1.05e-12	2.45e-08	7.13e-05	9.57e-03	1.25e-01	8.65e-01	0.00e+00	0.00e+00
 1.45987e+16	1.43e-12	3.19e-08	8.83e-05	1.10e-02	1.35e-01	8.54e-01	0.00e+00	0.00e+00
 1.49973e+16	1.82e-12	3.92e-08	1.04e-04	1.23e-02	1.42e-01	8.45e-01	0.00e+00	0.00e+00
 1.54144e+16	2.35e-12	4.86e-08	1.24e-04	1.38e-02	1.51e-01	8.35e-01	0.00e+00	0.00e+00
 1.59567e+16	3.25e-12	6.38e-08	1.55e-04	1.59e-02	1.62e-01	8.22e-01	0.00e+00	0.00e+00
 1.65204e+16	4.46e-12	8.36e-08	1.93e-04	1.83e-02	1.74e-01	8.07e-01	0.00e+00	0.00e+00
 1.69956e+16	5.76e-12	1.04e-07	2.30e-04	2.06e-02	1.84e-01	7.95e-01	0.00e+00	0.00e+00
 1.74971e+16	7.60e-12	1.31e-07	2.78e-04	2.33e-02	1.95e-01	7.81e-01	0.00e+00	0.00e+00
 1.81361e+16	1.07e-11	1.75e-07	3.51e-04	2.70e-02	2.10e-01	7.62e-01	0.00e+00	0.00e+00
 1.87698e+16	1.46e-11	2.28e-07	4.37e-04	3.12e-02	2.25e-01	7.44e-01	0.00e+00	0.00e+00
 1.92796e+16	1.87e-11	2.82e-07	5.20e-04	3.49e-02	2.37e-01	7.28e-01	0.00e+00	0.00e+00
 1.98125e+16	2.44e-11	3.53e-07	6.23e-04	3.92e-02	2.50e-01	7.11e-01	0.00e+00	0.00e+00
 2.05054e+16	3.41e-11	4.68e-07	7.83e-04	4.53e-02	2.66e-01	6.88e-01	0.00e+00	0.00e+00
 2.12022e+16	4.65e-11	6.10e-07	9.76e-04	5.23e-02	2.83e-01	6.64e-01	0.00e+00	0.00e+00
 2.17202e+16	5.79e-11	7.37e-07	1.14e-03	5.78e-02	2.95e-01	6.46e-01	0.00e+00	0.00e+00
 2.22097e+16	7.24e-11	8.91e-07	1.33e-03	6.37e-02	3.07e-01	6.28e-01	0.00e+00	0.00e+00
 2.27625e+16	9.19e-11	1.09e-06	1.58e-03	7.07e-02	3.20e-01	6.07e-01	0.00e+00	0.00e+00
 2.32994e+16	1.16e-10	1.33e-06	1.85e-03	7.83e-02	3.33e-01	5.86e-01	0.00e+00	0.00e+00
 2.38991e+16	1.50e-10	1.65e-06	2.22e-03	8.75e-02	3.47e-01	5.63e-01	0.00e+00	0.00e+00
 2.45282e+16	1.94e-10	2.06e-06	2.67e-03	9.81e-02	3.62e-01	5.38e-01	0.00e+00	0.00e+00
 2.50787e+16	2.43e-10	2.50e-06	3.13e-03	1.08e-01	3.73e-01	5.16e-01	0.00e+00	0.00e+00
 2.56774e+16	3.14e-10	3.09e-06	3.73e-03	1.20e-01	3.86e-01	4.91e-01	0.00e+00	0.00e+00
 2.63251e+16	4.09e-10	3.87e-06	4.49e-03	1.34e-01	3.98e-01	4.63e-01	0.00e+00	0.00e+00
 2.68790e+16	5.06e-10	4.65e-06	5.24e-03	1.47e-01	4.08e-01	4.40e-01	0.00e+00	0.00e+00
 2.73575e+16	6.15e-10	5.48e-06	6.01e-03	1.59e-01	4.16e-01	4.19e-01	0.00e+00	0.00e+00
 2.78954e+16	7.75e-10	6.65e-06	7.04e-03	1.74e-01	4.24e-01	3.95e-01	0.00e+00	0.00e+00
 2.84817e+16	9.90e-10	8.17e-06	8.34e-03	1.91e-01	4.31e-01	3.69e-01	0.00e+00	0.00e+00
 2.90037e+16	1.23e-09	9.78e-06	9.67e-03	2.08e-01	4.36e-01	3.46e-01	0.00e+00	0.00e+00
 2.94735e+16	1.48e-09	1.15e-05	1.11e-02	2.24e-01	4.40e-01	3.26e-01	0.00e+00	0.00e+00
 3.00026e+16	1.90e-09	1.41e-05	1.30e-02	2.44e-01	4.42e-01	3.01e-01	0.00e+00	0.00e+00
 3.05341e+16	2.35e-09	1.69e-05	1.52e-02	2.64e-01	4.43e-01	2.78e-01	0.00e+00	0.00e+00
 3.09519e+16	2.82e-09	1.96e-05	1.72e-02	2.81e-01	4.42e-01	2.60e-01	0.00e+00	0.00e+00
 3.13202e+16	3.34e-09	2.26e-05	1.92e-02	2.97e-01	4.40e-01	2.43e-01	0.00e+00	0.00e+00
 3.17408e+16	4.09e-09	2.66e-05	2.19e-02	3.17e-01	4.37e-01	2.24e-01	0.00e+00	0.00e+00
 3.21891e+16	5.12e-09	3.19e-05	2.53e-02	3.39e-01	4.31e-01	2.04e-01	0.00e+00	0.00e+00
 3.25689e+16	6.13e-09	3.70e-05	2.85e-02	3.58e-01	4.25e-01	1.88e-01	0.00e+00	0.00e+00
 3.28982e+16	7.17e-09	4.21e-05	3.17e-02	3.76e-01	4.19e-01	1.74e-01	0.00e+00	0.00e+00
 3.32664e+16	8.45e-09	4.84e-05	3.58e-02	3.97e-01	4.09e-01	1.58e-01	0.00e+00	0.00e+00
 3.36582e+16	1.03e-08	5.71e-05	4.08e-02	4.19e-01	3.98e-01	1.42e-01	0.00e+00	0.00e+00
 3.39867e+16	1.31e-08	6.80e-05	4.59e-02	4.40e-01	3.87e-01	1.28e-01	0.00e+00	0.00e+00
 3.42540e+16	1.52e-08	7.68e-05	5.04e-02	4.56e-01	3.76e-01	1.17e-01	0.00e+00	0.00e+00
 3.45355e+16	1.72e-08	8.57e-05	5.57e-02	4.75e-01	3.63e-01	1.06e-01	0.00e+00	0.00e+00
 3.48466e+16	2.07e-08	9.92e-05	6.23e-02	4.96e-01	3.48e-01	9.38e-02	0.00e+00	0.00e+00
 3.51200e+16	2.60e-08	1.17e-04	6.93e-02	5.15e-01	3.33e-01	8.29e-02	0.00e+00	0.00e+00
 3.53383e+16	2.87e-08	1.28e-04	7.51e-02	5.30e-01	3.20e-01	7.52e-02	0.00e+00	0.00e+00
 3.55610e+16	3.34e-08	1.44e-04	8.19e-02	5.46e-01	3.05e-01	6.68e-02	0.00e+00	0.00e+00
 3.58020e+16	4.18e-08	1.70e-04	9.05e-02	5.64e-01	2.87e-01	5.78e-02	0.00e+00	0.00e+00
 3.60025e+16	4.59e-08	1.84e-04	9.77e-02	5.79e-01	2.72e-01	5.13e-02	0.00e+00	0.00e+00
 3.61695e+16	5.48e-08	2.09e-04	1.05e-01	5.91e-01	2.58e-01	4.54e-02	0.00e+00	0.00e+00
 3.63280e+16	6.14e-08	2.28e-04	1.12e-01	6.03e-01	2.44e-01	4.03e-02	0.00e+00	0.00e+00
 3.65047e+16	7.13e-08	2.56e-04	1.21e-01	6.17e-01	2.27e-01	3.46e-02	0.00e+00	0.00e+00
 3.66853e+16	8.28e-08	2.86e-04	1.30e-01	6.31e-01	2.10e-01	2.93e-02	0.00e+00	0.00e+00
 3.68265e+16	9.08e-08	3.08e-04	1.38e-01	6.41e-01	1.95e-01	2.54e-02	0.00e+00	0.00e+00
 3.69430e+16	1.05e-07	3.41e-04	1.45e-01	6.50e-01	1.83e-01	2.20e-02	0.00e+00	0.00e+00
 3.70534e+16	1.17e-07	3.68e-04	1.52e-01	6.58e-01	1.70e-01	1.91e-02	0.00e+00	0.00e+00
 3.71779e+16	1.32e-07	4.03e-04	1.61e-01	6.67e-01	1.56e-01	1.60e-02	0.00e+00	0.00e+00
 3.73069e+16	1.49e-07	4.41e-04	1.70e-01	6.76e-01	1.41e-01	1.32e-02	0.00e+00	0.00e+00
 3.74110e+16	1.60e-07	4.67e-04	1.77e-01	6.83e-01	1.28e-01	1.11e-02	0.00e+00	0.00e+00
 3.74948e+16	1.79e-07	5.05e-04	1.83e-01	6.88e-01	1.18e-01	9.42e-03	0.00e+00	0.00e+00
 3.75616e+16	1.92e-07	5.31e-04	1.89e-01	6.92e-01	1.10e-01	8.23e-03	0.00e+00	0.00e+00
 3.76272e+16	2.02e-07	5.53e-04	1.94e-01	6.96e-01	1.02e-01	7.15e-03	0.00e+00	0.00e+00
 3.77124e+16	2.27e-07	5.99e-04	2.01e-01	7.01e-01	9.21e-02	5.81e-03	0.00e+00	0.00e+00
 3.77942e+16	2.46e-07	6.35e-04	2.07e-01	7.04e-01	8.29e-02	4.76e-03	0.00e+00	0.00e+00
 3.78563e+16	2.63e-07	6.66e-04	2.12e-01	7.07e-01	7.59e-02	4.04e-03	0.00e+00	0.00e+00
 3.79219e+16	2.83e-07	7.03e-04	2.18e-01	7.09e-01	6.86e-02	3.33e-03	0.00e+00	0.00e+00
 3.80073e+16	3.10e-07	7.50e-04	2.25e-01	7.12e-01	5.98e-02	2.56e-03	0.00e+00	0.00e+00
 3.80940e+16	3.39e-07	7.99e-04	2.32e-01	7.14e-01	5.17e-02	1.95e-03	0.00e+00	0.00e+00
 3.81655e+16	3.66e-07	8.44e-04	2.37e-01	7.15e-01	4.54e-02	1.53e-03	0.00e+00	0.00e+00
 3.82412e+16	3.96e-07	8.92e-04	2.43e-01	7.15e-01	3.92e-02	1.16e-03	0.00e+00	0.00e+00
 3.83396e+16	4.38e-07	9.57e-04	2.51e-01	7.15e-01	3.23e-02	7.98e-04	0.00e+00	0.00e+00
 3.84441e+16	4.84e-07	1.03e-03	2.58e-01	7.14e-01	2.61e-02	5.36e-04	0.00e+00	0.00e+00
 3.85395e+16	5.28e-07	1.09e-03	2.64e-01	7.13e-01	2.14e-02	3.68e-04	0.00e+00	0.00e+00
 3.86465e+16	5.81e-07	1.17e-03	2.71e-01	7.10e-01	1.71e-02	2.38e-04	0.00e+00	0.00e+00
 3.87857e+16	6.53e-07	1.26e-03	2.79e-01	7.06e-01	1.27e-02	1.36e-04	0.00e+00	0.00e+00
 3.89665e+16	7.51e-07	1.39e-03	2.89e-01	7.00e-01	8.81e-03	6.65e-05	0.00e+00	0.00e+00
 3.92017e+16	8.88e-07	1.55e-03	3.01e-01	6.92e-01	5.60e-03	2.74e-05	0.00e+00	0.00e+00
 3.95073e+16	1.09e-06	1.77e-03	3.15e-01	6.80e-01	3.27e-03	9.41e-06	0.00e+00	0.00e+00
 3.99047e+16	1.40e-06	2.10e-03	3.33e-01	6.63e-01	1.75e-03	2.69e-06	0.00e+00	0.00e+00
 4.03241e+16	1.86e-06	2.52e-03	3.53e-01	6.44e-01	9.85e-04	8.39e-07	0.00e+00	0.00e+00
 4.06841e+16	2.39e-06	2.98e-03	3.72e-01	6.25e-01	6.30e-04	0.00e+00	0.00e+00	0.00e+00
 4.10082e+16	3.03e-06	3.49e-03	3.90e-01	6.06e-01	4.31e-04	0.00e+00	0.00e+00	0.00e+00
 4.13738e+16	4.00e-06	4.21e-03	4.13e-01	5.83e-01	2.84e-04	0.00e+00	0.00e+00	0.00e+00
 4.17592e+16	5.49e-06	5.21e-03	4.39e-01	5.56e-01	1.88e-04	0.00e+00	0.00e+00	0.00e+00
 4.20733e+16	7.28e-06	6.32e-03	4.62e-01	5.31e-01	1.36e-04	0.00e+00	0.00e+00	0.00e+00
 4.22783e+16	8.87e-06	7.23e-03	4.79e-01	5.14e-01	1.11e-04	0.00e+00	0.00e+00	0.00e+00
 4.24014e+16	1.00e-05	7.86e-03	4.90e-01	5.02e-01	9.77e-05	0.00e+00	0.00e+00	0.00e+00
 4.25246e+16	1.13e-05	8.55e-03	5.00e-01	4.91e-01	8.55e-05	0.00e+00	0.00e+00	0.00e+00
 4.26847e+16	1.33e-05	9.56e-03	5.15e-01	4.75e-01	7.18e-05	0.00e+00	0.00e+00	0.00e+00
 4.28653e+16	1.61e-05	1.09e-02	5.32e-01	4.57e-01	5.92e-05	0.00e+00	0.00e+00	0.00e+00
 4.30289e+16	1.93e-05	1.24e-02	5.49e-01	4.39e-01	4.96e-05	0.00e+00	0.00e+00	0.00e+00
 4.31656e+16	2.27e-05	1.38e-02	5.63e-01	4.24e-01	4.27e-05	0.00e+00	0.00e+00	0.00e+00
 4.33110e+16	2.69e-05	1.56e-02	5.78e-01	4.06e-01	3.60e-05	0.00e+00	0.00e+00	0.00e+00
 4.34704e+16	3.29e-05	1.79e-02	5.95e-01	3.87e-01	3.00e-05	0.00e+00	0.00e+00	0.00e+00
 4.36097e+16	3.94e-05	2.04e-02	6.11e-01	3.68e-01	2.54e-05	0.00e+00	0.00e+00	0.00e+00
 4.37144e+16	4.55e-05	2.25e-02	6.23e-01	3.54e-01	2.24e-05	0.00e+00	0.00e+00	0.00e+00
 4.37955e+16	5.09e-05	2.44e-02	6.32e-01	3.43e-01	2.02e-05	0.00e+00	0.00e+00	0.00e+00
 4.38838e+16	5.76e-05	2.66e-02	6.43e-01	3.31e-01	1.80e-05	0.00e+00	0.00e+00	0.00e+00
 4.39986e+16	6.81e-05	2.99e-02	6.56e-01	3.14e-01	1.54e-05	0.00e+00	0.00e+00	0.00e+00
 4.41128e+16	8.12e-05	3.38e-02	6.69e-01	2.97e-01	1.32e-05	0.00e+00	0.00e+00	0.00e+00
 4.41975e+16	9.28e-05	3.72e-02	6.79e-01	2.84e-01	1.17e-05	0.00e+00	0.00e+00	0.00e+00
 4.42662e+16	1.04e-04	4.02e-02	6.86e-01	2.73e-01	1.06e-05	0.00e+00	0.00e+00	0.00e+00
 4.43426e+16	1.18e-04	4.39e-02	6.95e-01	2.61e-01	9.41e-06	0.00e+00	0.00e+00	0.00e+00
 4.44419e+16	1.39e-04	4.94e-02	7.05e-01	2.46e-01	8.04e-06	0.00e+00	0.00e+00	0.00e+00
 4.45398e+16	1.66e-04	5.59e-02	7.14e-01	2.30e-01	6.86e-06	0.00e+00	0.00e+00	0.00e+00
 4.46109e+16	1.90e-04	6.13e-02	7.21e-01	2.18e-01	6.07e-06	0.00e+00	0.00e+00	0.00e+00
 4.46680e+16	2.11e-04	6.62e-02	7.26e-01	2.08e-01	5.49e-06	0.00e+00	0.00e+00	0.00e+00
 4.47318e+16	2.39e-04	7.20e-02	7.30e-01	1.97e-01	4.88e-06	0.00e+00	0.00e+00	0.00e+00
 4.48149e+16	2.82e-04	8.07e-02	7.36e-01	1.83e-01	4.15e-06	0.00e+00	0.00e+00	0.00e+00
 4.48976e+16	3.35e-04	9.10e-02	7.39e-01	1.69e-01	3.52e-06	0.00e+00	0.00e+00	0.00e+00
 4.49588e+16	3.82e-04	9.97e-02	7.41e-01	1.59e-01	3.09e-06	0.00e+00	0.00e+00	0.00e+00
 4.50085e+16	4.27e-04	1.08e-01	7.42e-01	1.50e-01	2.77e-06	0.00e+00	0.00e+00	0.00e+00
 4.50641e+16	4.82e-04	1.17e-01	7.42e-01	1.41e-01	2.43e-06	0.00e+00	0.00e+00	0.00e+00
 4.51364e+16	5.70e-04	1.31e-01	7.40e-01	1.28e-01	2.04e-06	0.00e+00	0.00e+00	0.00e+00
 4.52084e+16	6.79e-04	1.48e-01	7.35e-01	1.16e-01	1.69e-06	0.00e+00	0.00e+00	0.00e+00
 4.52618e+16	7.79e-04	1.62e-01	7.30e-01	1.07e-01	1.46e-06	0.00e+00	0.00e+00	0.00e+00
 4.53059e+16	8.70e-04	1.75e-01	7.25e-01	9.96e-02	1.29e-06	0.00e+00	0.00e+00	0.00e+00
 4.53561e+16	9.91e-04	1.91e-01	7.17e-01	9.13e-02	1.11e-06	0.00e+00	0.00e+00	0.00e+00
 4.54213e+16	1.18e-03	2.14e-01	7.04e-01	8.08e-02	8.96e-07	0.00e+00	0.00e+00	0.00e+00
 4.54864e+16	1.42e-03	2.42e-01	6.86e-01	7.05e-02	0.00e+00	0.00e+00	0.00e+00	0.00e+00
 4.55356e+16	1.64e-03	2.65e-01	6.70e-01	6.29e-02	0.00e+00	0.00e+00	0.00e+00	0.00e+00
 4.55771e+16	1.85e-03	2.87e-01	6.54e-01	5.67e-02	0.00e+00	0.00e+00	0.00e+00	0.00e+00
 4.56244e+16	2.13e-03	3.14e-01	6.34e-01	4.99e-02	0.00e+00	0.00e+00	0.00e+00	0.00e+00
 4.56859e+16	2.56e-03	3.53e-01	6.03e-01	4.15e-02	0.00e+00	0.00e+00	0.00e+00	0.00e+00
 4.57496e+16	3.15e-03	4.01e-01	5.63e-01	3.34e-02	0.00e+00	0.00e+00	0.00e+00	0.00e+00
 4.58001e+16	3.75e-03	4.44e-01	5.25e-01	2.73e-02	0.00e+00	0.00e+00	0.00e+00	0.00e+00
 4.58404e+16	4.30e-03	4.81e-01	4.92e-01	2.28e-02	0.00e+00	0.00e+00	0.00e+00	0.00e+00
 4.58839e+16	4.99e-03	5.22e-01	4.55e-01	1.85e-02	0.00e+00	0.00e+00	0.00e+00	0.00e+00
 4.59325e+16	5.89e-03	5.72e-01	4.08e-01	1.42e-02	0.00e+00	0.00e+00	0.00e+00	0.00e+00
 4.59755e+16	6.89e-03	6.19e-01	3.63e-01	1.08e-02	0.00e+00	0.00e+00	0.00e+00	0.00e+00
 4.60103e+16	7.82e-03	6.58e-01	3.26e-01	8.50e-03	0.00e+00	0.00e+00	0.00e+00	0.00e+00
 4.60465e+16	8.91e-03	6.98e-01	2.87e-01	6.44e-03	0.00e+00	0.00e+00	0.00e+00	0.00e+00
 4.60863e+16	1.03e-02	7.41e-01	2.44e-01	4.57e-03	0.00e+00	0.00e+00	0.00e+00	0.00e+00
 4.61205e+16	1.18e-02	7.79e-01	2.06e-01	3.26e-03	0.00e+00	0.00e+00	0.00e+00	0.00e+00
 4.61478e+16	1.31e-02	8.07e-01	1.78e-01	2.42e-03	0.00e+00	0.00e+00	0.00e+00	0.00e+00
 4.61763e+16	1.46e-02	8.34e-01	1.50e-01	1.74e-03	0.00e+00	0.00e+00	0.00e+00	0.00e+00
 4.62077e+16	1.64e-02	8.60e-01	1.22e-01	1.16e-03	0.00e+00	0.00e+00	0.00e+00	0.00e+00
 4.62353e+16	1.84e-02	8.82e-01	9.89e-02	7.81e-04	0.00e+00	0.00e+00	0.00e+00	0.00e+00
 4.62581e+16	2.02e-02	8.97e-01	8.20e-02	5.49e-04	0.00e+00	0.00e+00	0.00e+00	0.00e+00
 4.62788e+16	2.19e-02	9.10e-01	6.82e-02	3.89e-04	0.00e+00	0.00e+00	0.00e+00	0.00e+00
 4.63026e+16	2.42e-02	9.21e-01	5.45e-02	2.55e-04	0.00e+00	0.00e+00	0.00e+00	0.00e+00
 4.63271e+16	2.69e-02	9.31e-01	4.23e-02	1.60e-04	0.00e+00	0.00e+00	0.00e+00	0.00e+00
 4.63467e+16	2.94e-02	9.37e-01	3.38e-02	1.07e-04	0.00e+00	0.00e+00	0.00e+00	0.00e+00
 4.63624e+16	3.15e-02	9.40e-01	2.81e-02	7.57e-05	0.00e+00	0.00e+00	0.00e+00	0.00e+00
 4.63792e+16	3.41e-02	9.43e-01	2.28e-02	5.15e-05	0.00e+00	0.00e+00	0.00e+00	0.00e+00
 4.63975e+16	3.71e-02	9.45e-01	1.79e-02	3.33e-05	0.00e+00	0.00e+00	0.00e+00	0.00e+00
 4.64136e+16	4.01e-02	9.46e-01	1.43e-02	2.20e-05	0.00e+00	0.00e+00	0.00e+00	0.00e+00
 4.64275e+16	4.28e-02	9.45e-01	1.17e-02	1.53e-05	0.00e+00	0.00e+00	0.00e+00	0.00e+00
 4.64403e+16	4.56e-02	9.45e-01	9.61e-03	1.07e-05	0.00e+00	0.00e+00	0.00e+00	0.00e+00
 4.64535e+16	4.87e-02	9.43e-01	7.81e-03	7.31e-06	0.00e+00	0.00e+00	0.00e+00	0.00e+00
 4.64665e+16	5.19e-02	9.42e-01	6.32e-03	4.97e-06	0.00e+00	0.00e+00	0.00e+00	0.00e+00
 4.64777e+16	5.49e-02	9.40e-01	5.24e-03	3.53e-06	0.00e+00	0.00e+00	0.00e+00	0.00e+00
 4.64870e+16	5.78e-02	9.38e-01	4.45e-03	2.62e-06	0.00e+00	0.00e+00	0.00e+00	0.00e+00
 4.64960e+16	6.05e-02	9.36e-01	3.79e-03	1.96e-06	0.00e+00	0.00e+00	0.00e+00	0.00e+00
 4.65034e+16	6.26e-02	9.34e-01	3.33e-03	1.54e-06	0.00e+00	0.00e+00	0.00e+00	0.00e+00
 4.65083e+16	6.42e-02	9.33e-01	3.05e-03	1.31e-06	0.00e+00	0.00e+00	0.00e+00	0.00e+00
 4.65126e+16	6.58e-02	9.31e-01	2.81e-03	1.13e-06	0.00e+00	0.00e+00	0.00e+00	0.00e+00
 4.65177e+16	6.77e-02	9.30e-01	2.55e-03	9.47e-07	0.00e+00	0.00e+00	0.00e+00	0.00e+00
 4.65231e+16	6.97e-02	9.28e-01	2.30e-03	0.00e+00	0.00e+00	0.00e+00	0.00e+00	0.00e+00
 4.65285e+16	7.17e-02	9.26e-01	2.07e-03	0.00e+00	0.00e+00	0.00e+00	0.00e+00	0.00e+00
 4.65335e+16	7.37e-02	9.24e-01	1.88e-03	0.00e+00	0.00e+00	0.00e+00	0.00e+00	0.00e+00
 4.65383e+16	7.59e-02	9.22e-01	1.71e-03	0.00e+00	0.00e+00	0.00e+00	0.00e+00	0.00e+00
 4.65432e+16	7.79e-02	9.21e-01	1.54e-03	0.00e+00	0.00e+00	0.00e+00	0.00e+00	0.00e+00
 4.65481e+16	8.01e-02	9.18e-01	1.40e-03	0.00e+00	0.00e+00	0.00e+00	0.00e+00	0.00e+00
 4.65528e+16	8.24e-02	9.16e-01	1.27e-03	0.00e+00	0.00e+00	0.00e+00	0.00e+00	0.00e+00
 4.65576e+16	8.46e-02	9.14e-01	1.15e-03	0.00e+00	0.00e+00	0.00e+00	0.00e+00	0.00e+00
 4.65622e+16	8.71e-02	9.12e-01	1.04e-03	0.00e+00	0.00e+00	0.00e+00	0.00e+00	0.00e+00
 4.65669e+16	8.95e-02	9.10e-01	9.42e-04	0.00e+00	0.00e+00	0.00e+00	0.00e+00	0.00e+00
 4.65714e+16	9.22e-02	9.07e-01	8.53e-04	0.00e+00	0.00e+00	0.00e+00	0.00e+00	0.00e+00
 4.65759e+16	9.51e-02	9.04e-01	7.72e-04	0.00e+00	0.00e+00	0.00e+00	0.00e+00	0.00e+00
 4.65804e+16	9.77e-02	9.02e-01	6.98e-04	0.00e+00	0.00e+00	0.00e+00	0.00e+00	0.00e+00
 4.65848e+16	1.01e-01	8.99e-01	6.32e-04	0.00e+00	0.00e+00	0.00e+00	0.00e+00	0.00e+00
 4.65891e+16	1.04e-01	8.96e-01	5.73e-04	0.00e+00	0.00e+00	0.00e+00	0.00e+00	0.00e+00
 4.65934e+16	1.07e-01	8.93e-01	5.18e-04	0.00e+00	0.00e+00	0.00e+00	0.00e+00	0.00e+00
 4.65977e+16	1.10e-01	8.89e-01	4.69e-04	0.00e+00	0.00e+00	0.00e+00	0.00e+00	0.00e+00
 4.66019e+16	1.14e-01	8.86e-01	4.24e-04	0.00e+00	0.00e+00	0.00e+00	0.00e+00	0.00e+00
 4.66060e+16	1.17e-01	8.82e-01	3.84e-04	0.00e+00	0.00e+00	0.00e+00	0.00e+00	0.00e+00
 4.66101e+16	1.22e-01	8.78e-01	3.47e-04	0.00e+00	0.00e+00	0.00e+00	0.00e+00	0.00e+00
 4.66142e+16	1.25e-01	8.74e-01	3.14e-04	0.00e+00	0.00e+00	0.00e+00	0.00e+00	0.00e+00
 4.66182e+16	1.30e-01	8.70e-01	2.84e-04	0.00e+00	0.00e+00	0.00e+00	0.00e+00	0.00e+00
 4.66221e+16	1.35e-01	8.65e-01	2.57e-04	0.00e+00	0.00e+00	0.00e+00	0.00e+00	0.00e+00
 4.66260e+16	1.39e-01	8.60e-01	2.32e-04	0.00e+00	0.00e+00	0.00e+00	0.00e+00	0.00e+00
 4.66299e+16	1.45e-01	8.55e-01	2.09e-04	0.00e+00	0.00e+00	0.00e+00	0.00e+00	0.00e+00
 4.66337e+16	1.51e-01	8.49e-01	1.89e-04	0.00e+00	0.00e+00	0.00e+00	0.00e+00	0.00e+00
 4.66374e+16	1.57e-01	8.43e-01	1.71e-04	0.00e+00	0.00e+00	0.00e+00	0.00e+00	0.00e+00
 4.66410e+16	1.63e-01	8.37e-01	1.54e-04	0.00e+00	0.00e+00	0.00e+00	0.00e+00	0.00e+00
 4.66446e+16	1.70e-01	8.30e-01	1.40e-04	0.00e+00	0.00e+00	0.00e+00	0.00e+00	0.00e+00
 4.66481e+16	1.77e-01	8.22e-01	1.26e-04	0.00e+00	0.00e+00	0.00e+00	0.00e+00	0.00e+00
 4.66515e+16	1.85e-01	8.15e-01	1.15e-04	0.00e+00	0.00e+00	0.00e+00	0.00e+00	0.00e+00
 4.66548e+16	1.94e-01	8.06e-01	1.04e-04	0.00e+00	0.00e+00	0.00e+00	0.00e+00	0.00e+00
