#depth	C	C+	C+2	C+3	C+4	C+5	C+6	C[1]	C[2]	C[3]	C+[1]	C+[2]	CO
 1.49634e+10	0.00e+00	0.00e+00	5.86e-27	1.19e-16	1.27e-05	1.27e-01	8.73e-01	0.00e+00	0.00e+00	0.00e+00	0.00e+00	0.00e+00	0.00e+00
 4.54887e+10	0.00e+00	9.67e-38	7.94e-27	1.49e-16	1.47e-05	1.36e-01	8.64e-01	0.00e+00	0.00e+00	0.00e+00	0.00e+00	0.00e+00	0.00e+00
 7.72350e+10	0.00e+00	0.00e+00	1.08e-26	1.87e-16	1.71e-05	1.46e-01	8.54e-01	0.00e+00	0.00e+00	0.00e+00	0.00e+00	0.00e+00	0.00e+00
 1.10251e+11	0.00e+00	2.08e-37	1.46e-26	2.35e-16	1.98e-05	1.56e-01	8.44e-01	0.00e+00	0.00e+00	0.00e+00	0.00e+00	0.00e+00	0.00e+00
 1.44588e+11	0.00e+00	0.00e+00	1.98e-26	2.94e-16	2.29e-05	1.67e-01	8.33e-01	0.00e+00	0.00e+00	0.00e+00	0.00e+00	0.00e+00	0.00e+00
 1.80298e+11	0.00e+00	4.46e-37	2.68e-26	3.68e-16	2.65e-05	1.78e-01	8.22e-01	0.00e+00	0.00e+00	0.00e+00	0.00e+00	0.00e+00	0.00e+00
 2.17437e+11	0.00e+00	0.00e+00	3.62e-26	4.59e-16	3.06e-05	1.90e-01	8.10e-01	0.00e+00	0.00e+00	0.00e+00	0.00e+00	0.00e+00	0.00e+00
 2.56061e+11	0.00e+00	9.54e-37	4.89e-26	5.74e-16	3.53e-05	2.02e-01	7.97e-01	0.00e+00	0.00e+00	0.00e+00	0.00e+00	0.00e+00	0.00e+00
 2.96231e+11	0.00e+00	0.00e+00	6.60e-26	7.16e-16	4.07e-05	2.16e-01	7.84e-01	0.00e+00	0.00e+00	0.00e+00	0.00e+00	0.00e+00	0.00e+00
 3.38007e+11	0.00e+00	2.03e-36	8.89e-26	8.92e-16	4.69e-05	2.29e-01	7.71e-01	0.00e+00	0.00e+00	0.00e+00	0.00e+00	0.00e+00	0.00e+00
 3.76899e+11	8.84e-48	2.84e-36	1.16e-25	1.08e-15	5.31e-05	2.42e-01	7.58e-01	0.00e+00	0.00e+00	0.00e+00	0.00e+00	0.00e+00	0.00e+00
 4.11023e+11	0.00e+00	0.00e+00	1.46e-25	1.28e-15	5.91e-05	2.53e-01	7.47e-01	0.00e+00	0.00e+00	0.00e+00	0.00e+00	0.00e+00	0.00e+00
 4.49041e+11	0.00e+00	5.16e-36	1.86e-25	1.53e-15	6.63e-05	2.66e-01	7.34e-01	0.00e+00	0.00e+00	0.00e+00	0.00e+00	0.00e+00	0.00e+00
 4.94903e+11	2.80e-47	7.38e-36	2.46e-25	1.89e-15	7.56e-05	2.81e-01	7.19e-01	0.00e+00	0.00e+00	0.00e+00	0.00e+00	0.00e+00	0.00e+00
 5.41103e+11	0.00e+00	0.00e+00	3.24e-25	2.30e-15	8.58e-05	2.96e-01	7.04e-01	0.00e+00	0.00e+00	0.00e+00	0.00e+00	0.00e+00	0.00e+00
 5.83353e+11	0.00e+00	1.42e-35	4.12e-25	2.75e-15	9.59e-05	3.10e-01	6.90e-01	0.00e+00	0.00e+00	0.00e+00	0.00e+00	0.00e+00	0.00e+00
 6.30330e+11	9.19e-47	1.97e-35	5.34e-25	3.32e-15	1.08e-04	3.25e-01	6.75e-01	0.00e+00	0.00e+00	0.00e+00	0.00e+00	0.00e+00	0.00e+00
 6.84983e+11	0.00e+00	0.00e+00	7.12e-25	4.09e-15	1.23e-04	3.42e-01	6.58e-01	0.00e+00	0.00e+00	0.00e+00	0.00e+00	0.00e+00	0.00e+00
 7.38521e+11	0.00e+00	4.00e-35	9.33e-25	4.98e-15	1.39e-04	3.59e-01	6.41e-01	0.00e+00	0.00e+00	0.00e+00	0.00e+00	0.00e+00	1.01e-168
 7.88901e+11	3.18e-46	5.46e-35	1.19e-24	5.95e-15	1.56e-04	3.75e-01	6.25e-01	0.00e+00	0.00e+00	0.00e+00	0.00e+00	0.00e+00	3.47e-233
 8.45082e+11	0.00e+00	7.64e-35	1.55e-24	7.20e-15	1.75e-04	3.92e-01	6.08e-01	0.00e+00	0.00e+00	0.00e+00	0.00e+00	0.00e+00	7.91e-298
 9.08812e+11	7.45e-46	1.10e-34	2.06e-24	8.85e-15	1.99e-04	4.11e-01	5.89e-01	0.00e+00	0.00e+00	0.00e+00	0.00e+00	0.00e+00	3.28e-145
 9.72435e+11	0.00e+00	1.56e-34	2.71e-24	1.08e-14	2.25e-04	4.29e-01	5.70e-01	0.00e+00	0.00e+00	0.00e+00	0.00e+00	0.00e+00	2.92e-210
 1.03860e+12	1.74e-45	2.21e-34	3.56e-24	1.31e-14	2.54e-04	4.48e-01	5.52e-01	0.00e+00	0.00e+00	0.00e+00	0.00e+00	0.00e+00	1.69e-275
 1.11007e+12	0.00e+00	3.17e-34	4.73e-24	1.61e-14	2.87e-04	4.68e-01	5.32e-01	0.00e+00	0.00e+00	0.00e+00	0.00e+00	0.00e+00	1.71e-165
 1.18440e+12	4.20e-45	4.55e-34	6.26e-24	1.97e-14	3.25e-04	4.88e-01	5.12e-01	0.00e+00	0.00e+00	0.00e+00	0.00e+00	0.00e+00	3.71e-231
 1.26171e+12	0.00e+00	6.52e-34	8.28e-24	2.41e-14	3.67e-04	5.07e-01	4.92e-01	0.00e+00	0.00e+00	0.00e+00	0.00e+00	0.00e+00	5.20e-297
 1.34210e+12	1.01e-44	9.32e-34	1.09e-23	2.94e-14	4.13e-04	5.27e-01	4.72e-01	0.00e+00	0.00e+00	0.00e+00	0.00e+00	0.00e+00	2.90e-142
 1.42571e+12	0.00e+00	1.33e-33	1.44e-23	3.58e-14	4.65e-04	5.47e-01	4.53e-01	0.00e+00	0.00e+00	0.00e+00	0.00e+00	0.00e+00	1.49e-208
 1.51267e+12	2.40e-44	1.90e-33	1.90e-23	4.36e-14	5.23e-04	5.66e-01	4.33e-01	0.00e+00	0.00e+00	0.00e+00	0.00e+00	0.00e+00	2.86e-141
 1.60310e+12	0.00e+00	2.71e-33	2.50e-23	5.30e-14	5.87e-04	5.86e-01	4.14e-01	0.00e+00	0.00e+00	0.00e+00	0.00e+00	0.00e+00	5.55e-208
 1.69715e+12	5.72e-44	3.85e-33	3.29e-23	6.43e-14	6.59e-04	6.05e-01	3.94e-01	0.00e+00	0.00e+00	0.00e+00	0.00e+00	0.00e+00	2.81e-140
 1.79497e+12	0.00e+00	5.48e-33	4.33e-23	7.80e-14	7.38e-04	6.24e-01	3.76e-01	0.00e+00	0.00e+00	0.00e+00	0.00e+00	0.00e+00	2.04e-207
 1.89669e+12	1.36e-43	7.79e-33	5.68e-23	9.45e-14	8.25e-04	6.42e-01	3.57e-01	0.00e+00	0.00e+00	0.00e+00	0.00e+00	0.00e+00	2.75e-139
 2.00249e+12	0.00e+00	1.11e-32	7.45e-23	1.14e-13	9.23e-04	6.60e-01	3.39e-01	0.00e+00	0.00e+00	0.00e+00	0.00e+00	0.00e+00	7.35e-207
 2.10588e+12	3.12e-43	1.54e-32	9.60e-23	1.37e-13	1.02e-03	6.77e-01	3.22e-01	0.00e+00	0.00e+00	0.00e+00	0.00e+00	0.00e+00	2.52e-138
 2.20121e+12	0.00e+00	2.06e-32	1.20e-22	1.60e-13	1.12e-03	6.91e-01	3.08e-01	0.00e+00	0.00e+00	0.00e+00	0.00e+00	0.00e+00	2.64e-206
 2.30673e+12	6.57e-43	2.82e-32	1.53e-22	1.90e-13	1.24e-03	7.06e-01	2.93e-01	0.00e+00	0.00e+00	0.00e+00	0.00e+00	0.00e+00	1.82e-137
 2.42866e+12	0.00e+00	3.99e-32	2.00e-22	2.29e-13	1.38e-03	7.22e-01	2.76e-01	0.00e+00	0.00e+00	0.00e+00	0.00e+00	0.00e+00	7.20e-206
 2.54860e+12	1.51e-42	5.54e-32	2.58e-22	2.73e-13	1.52e-03	7.37e-01	2.61e-01	0.00e+00	0.00e+00	0.00e+00	0.00e+00	0.00e+00	1.68e-136
 2.67334e+12	0.00e+00	7.69e-32	3.32e-22	3.26e-13	1.68e-03	7.51e-01	2.47e-01	0.00e+00	0.00e+00	0.00e+00	0.00e+00	0.00e+00	2.29e-205
 2.81020e+12	3.47e-42	1.09e-31	4.33e-22	3.93e-13	1.87e-03	7.66e-01	2.32e-01	0.00e+00	0.00e+00	0.00e+00	0.00e+00	0.00e+00	1.55e-135
 2.94873e+12	0.00e+00	1.53e-31	5.61e-22	4.70e-13	2.07e-03	7.79e-01	2.19e-01	0.00e+00	0.00e+00	0.00e+00	0.00e+00	0.00e+00	6.35e-205
 3.09280e+12	7.98e-42	2.14e-31	7.27e-22	5.63e-13	2.29e-03	7.92e-01	2.05e-01	0.00e+00	0.00e+00	0.00e+00	0.00e+00	0.00e+00	1.44e-134
 3.24644e+12	0.00e+00	3.02e-31	9.49e-22	6.77e-13	2.54e-03	8.05e-01	1.92e-01	0.00e+00	0.00e+00	0.00e+00	0.00e+00	0.00e+00	1.34e-204
 3.40622e+12	1.88e-41	4.28e-31	1.24e-21	8.14e-13	2.81e-03	8.17e-01	1.80e-01	0.00e+00	0.00e+00	0.00e+00	0.00e+00	0.00e+00	1.42e-133
 3.57240e+12	0.00e+00	6.05e-31	1.61e-21	9.78e-13	3.11e-03	8.29e-01	1.68e-01	0.00e+00	0.00e+00	0.00e+00	0.00e+00	0.00e+00	2.04e-206
 3.74522e+12	4.42e-41	8.55e-31	2.10e-21	1.18e-12	3.44e-03	8.39e-01	1.57e-01	0.00e+00	0.00e+00	0.00e+00	0.00e+00	0.00e+00	1.41e-132
 3.92496e+12	0.00e+00	1.21e-30	2.74e-21	1.41e-12	3.81e-03	8.50e-01	1.47e-01	0.00e+00	0.00e+00	0.00e+00	0.00e+00	0.00e+00	0.00e+00
 4.11188e+12	1.04e-40	1.71e-30	3.58e-21	1.70e-12	4.22e-03	8.59e-01	1.37e-01	0.00e+00	0.00e+00	0.00e+00	0.00e+00	0.00e+00	1.41e-131
 4.30629e+12	0.00e+00	2.43e-30	4.67e-21	2.04e-12	4.66e-03	8.68e-01	1.27e-01	0.00e+00	0.00e+00	0.00e+00	0.00e+00	0.00e+00	0.00e+00
 4.48907e+12	2.36e-40	3.32e-30	5.94e-21	2.41e-12	5.11e-03	8.76e-01	1.19e-01	0.00e+00	0.00e+00	0.00e+00	0.00e+00	0.00e+00	1.27e-130
 4.65246e+12	0.00e+00	4.36e-30	7.32e-21	2.78e-12	5.52e-03	8.82e-01	1.12e-01	0.00e+00	0.00e+00	0.00e+00	0.00e+00	0.00e+00	0.00e+00
 4.83582e+12	4.78e-40	5.88e-30	9.19e-21	3.25e-12	6.02e-03	8.88e-01	1.06e-01	0.00e+00	0.00e+00	0.00e+00	0.00e+00	0.00e+00	8.40e-130
 5.05321e+12	0.00e+00	8.27e-30	1.19e-20	3.89e-12	6.63e-03	8.95e-01	9.81e-02	0.00e+00	0.00e+00	0.00e+00	0.00e+00	0.00e+00	0.00e+00
 5.27077e+12	1.09e-39	1.15e-29	1.53e-20	4.62e-12	7.29e-03	9.01e-01	9.13e-02	0.00e+00	0.00e+00	0.00e+00	0.00e+00	0.00e+00	7.73e-129
 5.47485e+12	0.00e+00	1.55e-29	1.92e-20	5.40e-12	7.93e-03	9.06e-01	8.56e-02	0.00e+00	0.00e+00	0.00e+00	0.00e+00	0.00e+00	0.00e+00
 5.70159e+12	2.35e-39	2.13e-29	2.46e-20	6.39e-12	8.68e-03	9.12e-01	7.97e-02	0.00e+00	0.00e+00	0.00e+00	0.00e+00	0.00e+00	6.02e-128
 5.95958e+12	0.00e+00	3.03e-29	3.22e-20	7.68e-12	9.59e-03	9.17e-01	7.37e-02	0.00e+00	0.00e+00	0.00e+00	0.00e+00	0.00e+00	0.00e+00
 6.21631e+12	5.54e-39	4.26e-29	4.17e-20	9.17e-12	1.06e-02	9.21e-01	6.83e-02	0.00e+00	0.00e+00	0.00e+00	0.00e+00	0.00e+00	5.93e-127
 6.48331e+12	0.00e+00	5.98e-29	5.40e-20	1.09e-11	1.16e-02	9.25e-01	6.33e-02	0.00e+00	0.00e+00	0.00e+00	0.00e+00	0.00e+00	0.00e+00
 6.77257e+12	1.31e-38	8.54e-29	7.09e-20	1.32e-11	1.28e-02	9.29e-01	5.83e-02	0.00e+00	0.00e+00	0.00e+00	0.00e+00	0.00e+00	5.91e-126
 7.07340e+12	0.00e+00	1.22e-28	9.31e-20	1.59e-11	1.42e-02	9.32e-01	5.37e-02	0.00e+00	0.00e+00	0.00e+00	0.00e+00	0.00e+00	0.00e+00
 7.35680e+12	3.03e-38	1.68e-28	1.19e-19	1.88e-11	1.55e-02	9.35e-01	4.99e-02	0.00e+00	0.00e+00	0.00e+00	0.00e+00	0.00e+00	5.57e-125
 7.61121e+12	0.00e+00	2.23e-28	1.48e-19	2.18e-11	1.68e-02	9.37e-01	4.67e-02	0.00e+00	0.00e+00	0.00e+00	0.00e+00	0.00e+00	0.00e+00
 7.89729e+12	6.30e-38	3.04e-28	1.87e-19	2.56e-11	1.82e-02	9.38e-01	4.34e-02	0.00e+00	0.00e+00	0.00e+00	0.00e+00	0.00e+00	3.90e-124
 8.23514e+12	0.00e+00	4.30e-28	2.44e-19	3.06e-11	2.01e-02	9.40e-01	4.00e-02	0.00e+00	0.00e+00	0.00e+00	0.00e+00	0.00e+00	0.00e+00
 8.57315e+12	1.47e-37	6.04e-28	3.16e-19	3.66e-11	2.21e-02	9.41e-01	3.69e-02	0.00e+00	0.00e+00	0.00e+00	0.00e+00	0.00e+00	3.76e-123
 8.89129e+12	0.00e+00	8.22e-28	4.00e-19	4.29e-11	2.40e-02	9.42e-01	3.43e-02	0.00e+00	0.00e+00	0.00e+00	0.00e+00	0.00e+00	0.00e+00
 9.24348e+12	3.27e-37	1.15e-27	5.16e-19	5.11e-11	2.63e-02	9.42e-01	3.16e-02	0.00e+00	0.00e+00	0.00e+00	0.00e+00	0.00e+00	3.12e-122
 9.64315e+12	0.00e+00	1.65e-27	6.81e-19	6.17e-11	2.90e-02	9.42e-01	2.89e-02	0.00e+00	0.00e+00	0.00e+00	0.00e+00	0.00e+00	0.00e+00
 1.00378e+13	7.86e-37	2.33e-27	8.87e-19	7.38e-11	3.19e-02	9.42e-01	2.66e-02	0.00e+00	0.00e+00	0.00e+00	0.00e+00	0.00e+00	3.20e-121
 1.04482e+13	0.00e+00	3.30e-27	1.16e-18	8.84e-11	3.50e-02	9.41e-01	2.44e-02	0.00e+00	0.00e+00	0.00e+00	0.00e+00	0.00e+00	0.00e+00
 1.08960e+13	1.90e-36	4.76e-27	1.53e-18	1.07e-10	3.86e-02	9.39e-01	2.23e-02	0.00e+00	0.00e+00	0.00e+00	0.00e+00	0.00e+00	3.31e-120
 1.13478e+13	0.00e+00	6.75e-27	2.00e-18	1.28e-10	4.24e-02	9.37e-01	2.04e-02	0.00e+00	0.00e+00	0.00e+00	0.00e+00	0.00e+00	0.00e+00
 1.18177e+13	4.57e-36	9.68e-27	2.63e-18	1.54e-10	4.66e-02	9.35e-01	1.86e-02	0.00e+00	0.00e+00	0.00e+00	0.00e+00	0.00e+00	3.40e-119
 1.23019e+13	0.00e+00	1.38e-26	3.45e-18	1.86e-10	5.12e-02	9.32e-01	1.70e-02	0.00e+00	0.00e+00	0.00e+00	0.00e+00	0.00e+00	0.00e+00
 1.27762e+13	1.07e-35	1.93e-26	4.46e-18	2.21e-10	5.59e-02	9.29e-01	1.56e-02	0.00e+00	0.00e+00	0.00e+00	0.00e+00	0.00e+00	3.23e-118
 1.32878e+13	0.00e+00	2.73e-26	5.81e-18	2.64e-10	6.12e-02	9.25e-01	1.42e-02	0.00e+00	0.00e+00	0.00e+00	0.00e+00	0.00e+00	0.00e+00
 1.38493e+13	2.59e-35	3.94e-26	7.70e-18	3.20e-10	6.74e-02	9.20e-01	1.29e-02	0.00e+00	0.00e+00	0.00e+00	0.00e+00	0.00e+00	3.34e-117
 1.44332e+13	0.00e+00	5.68e-26	1.02e-17	3.86e-10	7.41e-02	9.14e-01	1.17e-02	0.00e+00	0.00e+00	0.00e+00	0.00e+00	0.00e+00	0.00e+00
 1.50404e+13	6.41e-35	8.20e-26	1.35e-17	4.67e-10	8.14e-02	9.08e-01	1.06e-02	0.00e+00	0.00e+00	0.00e+00	0.00e+00	0.00e+00	3.68e-116
 1.56720e+13	1.01e-34	1.18e-25	1.79e-17	5.65e-10	8.94e-02	9.01e-01	9.54e-03	0.00e+00	0.00e+00	0.00e+00	0.00e+00	0.00e+00	2.52e-98
 1.62428e+13	1.50e-34	1.63e-25	2.29e-17	6.67e-10	9.69e-02	8.94e-01	8.72e-03	0.00e+00	0.00e+00	0.00e+00	0.00e+00	0.00e+00	8.66e-280
 1.67180e+13	2.05e-34	2.10e-25	2.79e-17	7.61e-10	1.03e-01	8.88e-01	8.11e-03	0.00e+00	0.00e+00	0.00e+00	0.00e+00	0.00e+00	7.97e-115
 1.72382e+13	2.87e-34	2.76e-25	3.44e-17	8.76e-10	1.11e-01	8.82e-01	7.50e-03	0.00e+00	0.00e+00	0.00e+00	0.00e+00	0.00e+00	2.62e-97
 1.78978e+13	4.34e-34	3.86e-25	4.45e-17	1.04e-09	1.20e-01	8.73e-01	6.80e-03	0.00e+00	0.00e+00	0.00e+00	0.00e+00	0.00e+00	5.18e-283
 1.85860e+13	6.55e-34	5.39e-25	5.76e-17	1.24e-09	1.31e-01	8.63e-01	6.16e-03	0.00e+00	0.00e+00	0.00e+00	0.00e+00	0.00e+00	1.72e-113
 1.91949e+13	9.31e-34	7.16e-25	7.17e-17	1.43e-09	1.40e-01	8.54e-01	5.65e-03	0.00e+00	0.00e+00	0.00e+00	0.00e+00	0.00e+00	3.60e-96
 1.97635e+13	1.28e-33	9.26e-25	8.74e-17	1.64e-09	1.49e-01	8.46e-01	5.23e-03	0.00e+00	0.00e+00	0.00e+00	0.00e+00	0.00e+00	1.45e-277
 2.04131e+13	1.81e-33	1.23e-24	1.09e-16	1.90e-09	1.60e-01	8.36e-01	4.79e-03	0.00e+00	0.00e+00	0.00e+00	0.00e+00	0.00e+00	2.55e-112
 2.12108e+13	2.73e-33	1.71e-24	1.41e-16	2.25e-09	1.73e-01	8.23e-01	4.31e-03	0.00e+00	0.00e+00	0.00e+00	0.00e+00	0.00e+00	3.98e-95
 2.20052e+13	4.04e-33	2.36e-24	1.80e-16	2.66e-09	1.86e-01	8.10e-01	3.89e-03	0.00e+00	0.00e+00	0.00e+00	0.00e+00	0.00e+00	2.18e-111
 2.26960e+13	5.61e-33	3.08e-24	2.21e-16	3.04e-09	1.98e-01	7.98e-01	3.56e-03	0.00e+00	0.00e+00	0.00e+00	0.00e+00	0.00e+00	1.98e-94
 2.34479e+13	7.90e-33	4.06e-24	2.74e-16	3.51e-09	2.11e-01	7.85e-01	3.25e-03	0.00e+00	0.00e+00	0.00e+00	0.00e+00	0.00e+00	1.32e-110
 2.43654e+13	1.18e-32	5.62e-24	3.52e-16	4.15e-09	2.28e-01	7.69e-01	2.91e-03	0.00e+00	0.00e+00	0.00e+00	0.00e+00	0.00e+00	1.04e-93
 2.53021e+13	1.74e-32	7.71e-24	4.49e-16	4.88e-09	2.44e-01	7.53e-01	2.60e-03	0.00e+00	0.00e+00	0.00e+00	0.00e+00	0.00e+00	1.11e-109
 2.61632e+13	2.45e-32	1.02e-23	5.57e-16	5.62e-09	2.60e-01	7.38e-01	2.36e-03	0.00e+00	0.00e+00	0.00e+00	0.00e+00	0.00e+00	5.42e-93
 2.71219e+13	3.54e-32	1.37e-23	6.99e-16	6.53e-09	2.77e-01	7.21e-01	2.12e-03	0.00e+00	0.00e+00	0.00e+00	0.00e+00	0.00e+00	7.65e-109
 2.82321e+13	5.29e-32	1.90e-23	9.00e-16	7.71e-09	2.97e-01	7.01e-01	1.88e-03	0.00e+00	0.00e+00	0.00e+00	0.00e+00	0.00e+00	3.08e-92
 2.93254e+13	7.73e-32	2.58e-23	1.14e-15	8.99e-09	3.16e-01	6.82e-01	1.67e-03	0.00e+00	0.00e+00	0.00e+00	0.00e+00	0.00e+00	6.54e-108
 3.03728e+13	1.09e-31	3.41e-23	1.41e-15	1.03e-08	3.35e-01	6.64e-01	1.50e-03	0.00e+00	0.00e+00	0.00e+00	0.00e+00	0.00e+00	1.60e-91
 3.15281e+13	1.57e-31	4.57e-23	1.77e-15	1.20e-08	3.55e-01	6.44e-01	1.34e-03	0.00e+00	0.00e+00	0.00e+00	0.00e+00	0.00e+00	4.69e-107
 3.28191e+13	2.31e-31	6.25e-23	2.25e-15	1.40e-08	3.77e-01	6.22e-01	1.18e-03	0.00e+00	0.00e+00	0.00e+00	0.00e+00	0.00e+00	8.96e-91
 3.39932e+13	3.24e-31	8.19e-23	2.77e-15	1.60e-08	3.97e-01	6.02e-01	1.05e-03	0.00e+00	0.00e+00	0.00e+00	0.00e+00	0.00e+00	3.56e-106
 3.49821e+13	4.25e-31	1.02e-22	3.27e-15	1.78e-08	4.13e-01	5.86e-01	9.57e-04	0.00e+00	0.00e+00	0.00e+00	0.00e+00	0.00e+00	3.65e-90
 3.60698e+13	5.66e-31	1.28e-22	3.90e-15	1.99e-08	4.31e-01	5.69e-01	8.67e-04	0.00e+00	0.00e+00	0.00e+00	0.00e+00	0.00e+00	1.73e-105
 3.72972e+13	7.74e-31	1.65e-22	4.72e-15	2.25e-08	4.50e-01	5.49e-01	7.76e-04	0.00e+00	0.00e+00	0.00e+00	0.00e+00	0.00e+00	1.48e-89
 3.84715e+13	1.03e-30	2.08e-22	5.62e-15	2.51e-08	4.68e-01	5.32e-01	7.00e-04	0.00e+00	0.00e+00	0.00e+00	0.00e+00	0.00e+00	9.59e-105
 3.97635e+13	1.39e-30	2.65e-22	6.75e-15	2.82e-08	4.87e-01	5.13e-01	6.27e-04	0.00e+00	0.00e+00	0.00e+00	0.00e+00	0.00e+00	5.93e-89
 4.11992e+13	1.93e-30	3.43e-22	8.21e-15	3.19e-08	5.07e-01	4.92e-01	5.55e-04	0.00e+00	0.00e+00	0.00e+00	0.00e+00	0.00e+00	5.83e-104
 4.25449e+13	2.57e-30	4.33e-22	9.78e-15	3.55e-08	5.26e-01	4.74e-01	4.97e-04	0.00e+00	0.00e+00	0.00e+00	0.00e+00	0.00e+00	2.54e-88
 4.40177e+13	3.49e-30	5.52e-22	1.17e-14	3.98e-08	5.45e-01	4.55e-01	4.42e-04	0.00e+00	0.00e+00	0.00e+00	0.00e+00	0.00e+00	3.30e-103
 4.56741e+13	4.85e-30	7.17e-22	1.43e-14	4.50e-08	5.66e-01	4.34e-01	3.89e-04	0.00e+00	0.00e+00	0.00e+00	0.00e+00	0.00e+00	1.16e-87
 4.72558e+13	6.55e-30	9.10e-22	1.71e-14	5.02e-08	5.85e-01	4.15e-01	3.45e-04	0.00e+00	0.00e+00	0.00e+00	0.00e+00	0.00e+00	2.10e-102
 4.89888e+13	8.97e-30	1.17e-21	2.06e-14	5.63e-08	6.04e-01	3.95e-01	3.03e-04	0.00e+00	0.00e+00	0.00e+00	0.00e+00	0.00e+00	5.13e-87
 5.08250e+13	1.24e-29	1.51e-21	2.49e-14	6.31e-08	6.24e-01	3.76e-01	2.66e-04	0.00e+00	0.00e+00	0.00e+00	0.00e+00	0.00e+00	1.38e-101
 5.24312e+13	1.62e-29	1.86e-21	2.92e-14	6.94e-08	6.40e-01	3.60e-01	2.37e-04	0.00e+00	0.00e+00	0.00e+00	0.00e+00	0.00e+00	2.15e-86
 5.41457e+13	2.13e-29	2.32e-21	3.43e-14	7.65e-08	6.56e-01	3.43e-01	2.11e-04	0.00e+00	0.00e+00	0.00e+00	0.00e+00	0.00e+00	7.09e-101
 5.62319e+13	2.94e-29	2.99e-21	4.14e-14	8.56e-08	6.75e-01	3.25e-01	1.84e-04	0.00e+00	0.00e+00	0.00e+00	0.00e+00	0.00e+00	9.44e-86
 5.83107e+13	4.00e-29	3.81e-21	4.95e-14	9.52e-08	6.93e-01	3.07e-01	1.61e-04	0.00e+00	0.00e+00	0.00e+00	0.00e+00	0.00e+00	4.77e-100
 6.01450e+13	5.19e-29	4.68e-21	5.75e-14	1.04e-07	7.07e-01	2.93e-01	1.43e-04	0.00e+00	0.00e+00	0.00e+00	0.00e+00	0.00e+00	3.88e-85
 6.21526e+13	6.84e-29	5.81e-21	6.74e-14	1.14e-07	7.22e-01	2.78e-01	1.26e-04	0.00e+00	0.00e+00	0.00e+00	0.00e+00	0.00e+00	2.45e-99
 6.45680e+13	9.40e-29	7.46e-21	8.09e-14	1.27e-07	7.38e-01	2.62e-01	1.10e-04	0.00e+00	0.00e+00	0.00e+00	0.00e+00	0.00e+00	1.72e-84
 6.69849e+13	1.28e-28	9.48e-21	9.64e-14	1.41e-07	7.54e-01	2.46e-01	9.52e-05	0.00e+00	0.00e+00	0.00e+00	0.00e+00	0.00e+00	1.66e-98
 6.91832e+13	1.67e-28	1.17e-20	1.12e-13	1.53e-07	7.66e-01	2.34e-01	8.42e-05	0.00e+00	0.00e+00	0.00e+00	0.00e+00	0.00e+00	7.28e-84
 7.16265e+13	2.22e-28	1.46e-20	1.32e-13	1.68e-07	7.80e-01	2.20e-01	7.37e-05	0.00e+00	0.00e+00	0.00e+00	0.00e+00	0.00e+00	9.20e-98
 7.44825e+13	3.05e-28	1.88e-20	1.58e-13	1.87e-07	7.94e-01	2.06e-01	6.33e-05	0.00e+00	0.00e+00	0.00e+00	0.00e+00	0.00e+00	3.40e-83
 7.72998e+13	4.13e-28	2.37e-20	1.87e-13	2.06e-07	8.07e-01	1.93e-01	5.49e-05	0.00e+00	0.00e+00	0.00e+00	0.00e+00	0.00e+00	6.42e-97
 7.99665e+13	5.44e-28	2.94e-20	2.18e-13	2.24e-07	8.18e-01	1.82e-01	4.81e-05	0.00e+00	0.00e+00	0.00e+00	0.00e+00	0.00e+00	1.51e-82
 8.29317e+13	7.31e-28	3.70e-20	2.57e-13	2.46e-07	8.29e-01	1.71e-01	4.17e-05	0.00e+00	0.00e+00	0.00e+00	0.00e+00	0.00e+00	3.85e-96
 8.62789e+13	1.01e-27	4.74e-20	3.07e-13	2.72e-07	8.41e-01	1.59e-01	3.57e-05	0.00e+00	0.00e+00	0.00e+00	0.00e+00	0.00e+00	7.38e-82
 8.96437e+13	1.37e-27	6.02e-20	3.64e-13	2.98e-07	8.52e-01	1.48e-01	3.07e-05	0.00e+00	0.00e+00	0.00e+00	0.00e+00	0.00e+00	2.79e-95
 9.31431e+13	1.87e-27	7.64e-20	4.31e-13	3.28e-07	8.62e-01	1.38e-01	2.64e-05	0.00e+00	0.00e+00	0.00e+00	0.00e+00	0.00e+00	3.68e-81
 9.68988e+13	2.56e-27	9.76e-20	5.13e-13	3.61e-07	8.71e-01	1.29e-01	2.26e-05	0.00e+00	0.00e+00	0.00e+00	0.00e+00	0.00e+00	2.02e-94
 1.00805e+14	3.51e-27	1.25e-19	6.09e-13	3.96e-07	8.80e-01	1.20e-01	1.93e-05	0.00e+00	0.00e+00	0.00e+00	0.00e+00	0.00e+00	1.94e-80
 1.04652e+14	4.74e-27	1.57e-19	7.16e-13	4.33e-07	8.88e-01	1.12e-01	1.67e-05	0.00e+00	0.00e+00	0.00e+00	0.00e+00	0.00e+00	1.44e-93
 1.08236e+14	6.20e-27	1.93e-19	8.28e-13	4.68e-07	8.95e-01	1.05e-01	1.46e-05	0.00e+00	0.00e+00	0.00e+00	0.00e+00	0.00e+00	8.64e-80
 1.11471e+14	7.84e-27	2.31e-19	9.40e-13	5.01e-07	9.01e-01	9.90e-02	1.30e-05	0.00e+00	0.00e+00	0.00e+00	0.00e+00	0.00e+00	7.18e-93
 1.14940e+14	1.00e-26	2.79e-19	1.07e-12	5.38e-07	9.07e-01	9.34e-02	1.15e-05	0.00e+00	0.00e+00	0.00e+00	0.00e+00	0.00e+00	3.08e-79
 1.19253e+14	1.34e-26	3.49e-19	1.25e-12	5.85e-07	9.13e-01	8.71e-02	9.90e-06	0.00e+00	0.00e+00	0.00e+00	0.00e+00	0.00e+00	4.02e-92
 1.23575e+14	1.78e-26	4.33e-19	1.46e-12	6.34e-07	9.19e-01	8.14e-02	8.59e-06	0.00e+00	0.00e+00	0.00e+00	0.00e+00	0.00e+00	1.42e-78
 1.27292e+14	2.26e-26	5.19e-19	1.65e-12	6.78e-07	9.23e-01	7.69e-02	7.63e-06	0.00e+00	0.00e+00	0.00e+00	0.00e+00	0.00e+00	2.13e-91
 1.31315e+14	2.89e-26	6.27e-19	1.88e-12	7.27e-07	9.28e-01	7.24e-02	6.74e-06	0.00e+00	0.00e+00	0.00e+00	0.00e+00	0.00e+00	5.19e-78
 1.36276e+14	3.88e-26	7.85e-19	2.20e-12	7.89e-07	9.33e-01	6.74e-02	5.82e-06	0.00e+00	0.00e+00	0.00e+00	0.00e+00	0.00e+00	1.22e-90
 1.41232e+14	5.16e-26	9.74e-19	2.55e-12	8.54e-07	9.37e-01	6.29e-02	5.04e-06	0.00e+00	0.00e+00	0.00e+00	0.00e+00	0.00e+00	2.44e-77
 1.45514e+14	6.54e-26	1.17e-18	2.89e-12	9.11e-07	9.41e-01	5.94e-02	4.48e-06	0.00e+00	0.00e+00	0.00e+00	0.00e+00	0.00e+00	6.54e-90
 1.50142e+14	8.39e-26	1.41e-18	3.29e-12	9.75e-07	9.44e-01	5.59e-02	3.96e-06	0.00e+00	0.00e+00	0.00e+00	0.00e+00	0.00e+00	9.09e-77
 1.55829e+14	1.13e-25	1.76e-18	3.84e-12	1.06e-06	9.48e-01	5.20e-02	3.41e-06	0.00e+00	0.00e+00	0.00e+00	0.00e+00	0.00e+00	2.01e-76
 1.61561e+14	1.50e-25	2.19e-18	4.45e-12	1.14e-06	9.51e-01	4.85e-02	2.95e-06	0.00e+00	0.00e+00	0.00e+00	0.00e+00	0.00e+00	4.36e-76
 1.66646e+14	1.92e-25	2.64e-18	5.06e-12	1.22e-06	9.54e-01	4.57e-02	2.61e-06	0.00e+00	0.00e+00	0.00e+00	0.00e+00	0.00e+00	8.52e-76
 1.72220e+14	2.50e-25	3.22e-18	5.79e-12	1.31e-06	9.57e-01	4.28e-02	2.29e-06	0.00e+00	0.00e+00	0.00e+00	0.00e+00	0.00e+00	1.73e-75
 1.78892e+14	3.38e-25	4.05e-18	6.76e-12	1.42e-06	9.60e-01	3.98e-02	1.97e-06	0.00e+00	0.00e+00	0.00e+00	0.00e+00	0.00e+00	3.92e-75
 1.85529e+14	4.51e-25	5.05e-18	7.85e-12	1.53e-06	9.63e-01	3.70e-02	1.70e-06	0.00e+00	0.00e+00	0.00e+00	0.00e+00	0.00e+00	8.63e-75
 1.91582e+14	5.83e-25	6.12e-18	8.94e-12	1.64e-06	9.65e-01	3.48e-02	1.50e-06	0.00e+00	0.00e+00	0.00e+00	0.00e+00	0.00e+00	1.73e-74
 1.98342e+14	7.68e-25	7.54e-18	1.03e-11	1.76e-06	9.67e-01	3.25e-02	1.31e-06	0.00e+00	0.00e+00	0.00e+00	0.00e+00	0.00e+00	3.67e-74
 2.06221e+14	1.05e-24	9.53e-18	1.21e-11	1.91e-06	9.70e-01	3.01e-02	1.12e-06	0.00e+00	0.00e+00	0.00e+00	0.00e+00	0.00e+00	8.53e-74
 2.13980e+14	1.40e-24	1.19e-17	1.40e-11	2.06e-06	9.72e-01	2.80e-02	9.65e-07	0.00e+00	0.00e+00	0.00e+00	0.00e+00	0.00e+00	1.90e-73
 2.21336e+14	1.84e-24	1.46e-17	1.61e-11	2.21e-06	9.74e-01	2.62e-02	0.00e+00	0.00e+00	0.00e+00	0.00e+00	0.00e+00	0.00e+00	3.97e-73
 2.29506e+14	2.45e-24	1.81e-17	1.86e-11	2.38e-06	9.76e-01	2.44e-02	0.00e+00	0.00e+00	0.00e+00	0.00e+00	0.00e+00	0.00e+00	8.72e-73
 2.38716e+14	3.35e-24	2.29e-17	2.18e-11	2.58e-06	9.77e-01	2.26e-02	0.00e+00	0.00e+00	0.00e+00	0.00e+00	0.00e+00	0.00e+00	2.05e-72
 2.47980e+14	4.54e-24	2.88e-17	2.54e-11	2.79e-06	9.79e-01	2.10e-02	0.00e+00	0.00e+00	0.00e+00	0.00e+00	0.00e+00	0.00e+00	4.69e-72
 2.57613e+14	6.14e-24	3.62e-17	2.96e-11	3.01e-06	9.81e-01	1.94e-02	0.00e+00	0.00e+00	0.00e+00	0.00e+00	0.00e+00	0.00e+00	1.07e-71
 2.67948e+14	8.40e-24	4.57e-17	3.47e-11	3.27e-06	9.82e-01	1.80e-02	0.00e+00	0.00e+00	0.00e+00	0.00e+00	1.46e-17	3.11e-17	2.52e-71
 2.77966e+14	1.12e-23	5.70e-17	4.02e-11	3.52e-06	9.83e-01	1.67e-02	0.00e+00	0.00e+00	0.00e+00	0.00e+00	1.89e-17	3.81e-17	5.58e-71
 2.87403e+14	1.46e-23	6.96e-17	4.60e-11	3.77e-06	9.84e-01	1.56e-02	0.00e+00	0.00e+00	0.00e+00	0.00e+00	2.31e-17	4.65e-17	1.15e-70
 2.97948e+14	1.95e-23	8.63e-17	5.32e-11	4.06e-06	9.85e-01	1.46e-02	0.00e+00	0.00e+00	0.00e+00	0.00e+00	2.86e-17	5.76e-17	2.51e-70
 3.08574e+14	2.57e-23	1.06e-16	6.13e-11	4.36e-06	9.86e-01	1.36e-02	0.00e+00	0.00e+00	0.00e+00	0.00e+00	3.53e-17	7.11e-17	5.35e-70
 3.17415e+14	3.22e-23	1.26e-16	6.87e-11	4.62e-06	9.87e-01	1.28e-02	0.00e+00	0.00e+00	0.00e+00	0.00e+00	4.18e-17	8.42e-17	9.88e-70
 3.26780e+14	4.05e-23	1.50e-16	7.73e-11	4.91e-06	9.88e-01	1.21e-02	0.00e+00	0.00e+00	0.00e+00	0.00e+00	4.97e-17	1.00e-16	1.85e-69
 3.38729e+14	5.38e-23	1.86e-16	8.94e-11	5.28e-06	9.89e-01	1.13e-02	0.00e+00	0.00e+00	0.00e+00	0.00e+00	6.16e-17	1.24e-16	4.01e-69
 3.51248e+14	7.17e-23	2.31e-16	1.04e-10	5.70e-06	9.90e-01	1.05e-02	0.00e+00	0.00e+00	0.00e+00	0.00e+00	7.66e-17	1.54e-16	8.84e-69
 3.62325e+14	9.17e-23	2.78e-16	1.17e-10	6.07e-06	9.90e-01	9.82e-03	0.00e+00	0.00e+00	0.00e+00	0.00e+00	9.22e-17	1.86e-16	1.71e-68
 3.74319e+14	1.18e-22	3.37e-16	1.34e-10	6.49e-06	9.91e-01	9.20e-03	0.00e+00	0.00e+00	0.00e+00	0.00e+00	1.12e-16	2.25e-16	3.44e-68
 3.88735e+14	1.60e-22	4.22e-16	1.56e-10	7.02e-06	9.91e-01	8.52e-03	0.00e+00	0.00e+00	0.00e+00	0.00e+00	1.40e-16	2.82e-16	7.74e-68
 4.03340e+14	2.14e-22	5.27e-16	1.81e-10	7.58e-06	9.92e-01	7.90e-03	0.00e+00	0.00e+00	0.00e+00	0.00e+00	1.75e-16	3.52e-16	1.71e-67
 4.17054e+14	2.78e-22	6.44e-16	2.08e-10	8.12e-06	9.93e-01	7.38e-03	0.00e+00	0.00e+00	0.00e+00	0.00e+00	2.14e-16	4.30e-16	3.52e-67
 4.32291e+14	3.69e-22	7.97e-16	2.40e-10	8.75e-06	9.93e-01	6.86e-03	0.00e+00	0.00e+00	0.00e+00	0.00e+00	2.64e-16	5.33e-16	7.56e-67
 4.48388e+14	4.93e-22	9.92e-16	2.79e-10	9.43e-06	9.94e-01	6.37e-03	0.00e+00	0.00e+00	0.00e+00	0.00e+00	3.29e-16	6.63e-16	1.66e-66
 4.62690e+14	6.31e-22	1.20e-15	3.17e-10	1.01e-05	9.94e-01	5.97e-03	0.00e+00	0.00e+00	0.00e+00	0.00e+00	3.97e-16	7.99e-16	3.25e-66
 4.78091e+14	8.17e-22	1.46e-15	3.62e-10	1.08e-05	9.94e-01	5.59e-03	0.00e+00	0.00e+00	0.00e+00	0.00e+00	4.83e-16	9.72e-16	6.56e-66
 4.96546e+14	1.10e-21	1.82e-15	4.23e-10	1.17e-05	9.95e-01	5.17e-03	0.00e+00	0.00e+00	0.00e+00	0.00e+00	6.05e-16	1.22e-15	1.47e-65
 5.14715e+14	1.46e-21	2.26e-15	4.90e-10	1.26e-05	9.95e-01	4.80e-03	0.00e+00	0.00e+00	0.00e+00	0.00e+00	7.50e-16	1.51e-15	3.19e-65
 5.30913e+14	1.87e-21	2.72e-15	5.55e-10	1.34e-05	9.95e-01	4.51e-03	0.00e+00	0.00e+00	0.00e+00	0.00e+00	9.03e-16	1.82e-15	6.18e-65
 5.48809e+14	2.42e-21	3.32e-15	6.36e-10	1.44e-05	9.96e-01	4.21e-03	0.00e+00	0.00e+00	0.00e+00	0.00e+00	1.10e-15	2.22e-15	1.25e-64
 5.70117e+14	3.27e-21	4.16e-15	7.42e-10	1.56e-05	9.96e-01	3.89e-03	0.00e+00	0.00e+00	0.00e+00	0.00e+00	1.38e-15	2.78e-15	2.83e-64
 5.91230e+14	4.35e-21	5.17e-15	8.61e-10	1.68e-05	9.96e-01	3.61e-03	0.00e+00	0.00e+00	0.00e+00	0.00e+00	1.71e-15	3.46e-15	6.15e-64
 6.10519e+14	5.59e-21	6.26e-15	9.80e-10	1.79e-05	9.97e-01	3.38e-03	0.00e+00	0.00e+00	0.00e+00	0.00e+00	2.07e-15	4.18e-15	1.22e-63
 6.32069e+14	7.34e-21	7.69e-15	1.13e-09	1.93e-05	9.97e-01	3.15e-03	0.00e+00	0.00e+00	0.00e+00	0.00e+00	2.55e-15	5.14e-15	2.55e-63
 6.57149e+14	9.95e-21	9.69e-15	1.32e-09	2.09e-05	9.97e-01	2.90e-03	0.00e+00	0.00e+00	0.00e+00	0.00e+00	3.21e-15	6.48e-15	5.85e-63
 6.81790e+14	1.33e-20	1.21e-14	1.53e-09	2.26e-05	9.97e-01	2.69e-03	0.00e+00	0.00e+00	0.00e+00	0.00e+00	4.00e-15	8.06e-15	1.29e-62
 7.05106e+14	1.73e-20	1.47e-14	1.76e-09	2.42e-05	9.97e-01	2.51e-03	0.00e+00	0.00e+00	0.00e+00	0.00e+00	4.88e-15	9.84e-15	2.63e-62
 7.31029e+14	2.29e-20	1.82e-14	2.03e-09	2.61e-05	9.98e-01	2.33e-03	0.00e+00	0.00e+00	0.00e+00	0.00e+00	6.04e-15	1.22e-14	5.68e-62
 7.60300e+14	3.11e-20	2.30e-14	2.38e-09	2.83e-05	9.98e-01	2.15e-03	0.00e+00	0.00e+00	0.00e+00	0.00e+00	7.62e-15	1.54e-14	1.31e-61
 7.88059e+14	4.13e-20	2.85e-14	2.75e-09	3.04e-05	9.98e-01	2.00e-03	0.00e+00	0.00e+00	0.00e+00	0.00e+00	9.43e-15	1.90e-14	2.83e-61
 8.13338e+14	5.28e-20	3.43e-14	3.13e-09	3.25e-05	9.98e-01	1.87e-03	0.00e+00	0.00e+00	0.00e+00	0.00e+00	1.14e-14	2.30e-14	5.54e-61
 8.41953e+14	6.92e-20	4.21e-14	3.60e-09	3.49e-05	9.98e-01	1.74e-03	0.00e+00	0.00e+00	0.00e+00	0.00e+00	1.39e-14	2.82e-14	1.16e-60
 8.75305e+14	9.36e-20	5.30e-14	4.21e-09	3.78e-05	9.98e-01	1.61e-03	0.00e+00	0.00e+00	0.00e+00	0.00e+00	1.75e-14	3.54e-14	2.64e-60
 9.07233e+14	1.24e-19	6.56e-14	4.86e-09	4.07e-05	9.98e-01	1.49e-03	0.00e+00	0.00e+00	0.00e+00	0.00e+00	2.17e-14	4.39e-14	5.72e-60
 9.33619e+14	1.55e-19	7.77e-14	5.45e-09	4.31e-05	9.99e-01	1.41e-03	0.00e+00	0.00e+00	0.00e+00	0.00e+00	2.57e-14	5.20e-14	1.06e-59
 9.60381e+14	1.94e-19	9.18e-14	6.11e-09	4.57e-05	9.99e-01	1.33e-03	0.00e+00	0.00e+00	0.00e+00	0.00e+00	3.04e-14	6.14e-14	1.93e-59
 9.95033e+14	2.56e-19	1.13e-13	7.05e-09	4.92e-05	9.99e-01	1.24e-03	0.00e+00	0.00e+00	0.00e+00	0.00e+00	3.75e-14	7.58e-14	4.13e-59
 1.03090e+15	3.37e-19	1.40e-13	8.13e-09	5.29e-05	9.99e-01	1.15e-03	0.00e+00	0.00e+00	0.00e+00	0.00e+00	4.62e-14	9.35e-14	8.82e-59
 1.06123e+15	4.24e-19	1.66e-13	9.12e-09	5.61e-05	9.99e-01	1.08e-03	0.00e+00	0.00e+00	0.00e+00	0.00e+00	5.49e-14	1.11e-13	1.65e-58
 1.09337e+15	5.35e-19	1.98e-13	1.03e-08	5.96e-05	9.99e-01	1.02e-03	0.00e+00	0.00e+00	0.00e+00	0.00e+00	6.55e-14	1.33e-13	3.13e-58
 1.13378e+15	7.12e-19	2.46e-13	1.19e-08	6.42e-05	9.99e-01	9.45e-04	0.00e+00	0.00e+00	0.00e+00	0.00e+00	8.12e-14	1.65e-13	6.84e-58
 1.17545e+15	9.46e-19	3.05e-13	1.38e-08	6.91e-05	9.99e-01	8.78e-04	0.00e+00	0.00e+00	0.00e+00	0.00e+00	1.01e-13	2.04e-13	1.49e-57
 1.21196e+15	1.20e-18	3.65e-13	1.56e-08	7.36e-05	9.99e-01	8.25e-04	0.00e+00	0.00e+00	0.00e+00	0.00e+00	1.21e-13	2.45e-13	2.89e-57
 1.25127e+15	1.55e-18	4.42e-13	1.77e-08	7.85e-05	9.99e-01	7.72e-04	0.00e+00	0.00e+00	0.00e+00	0.00e+00	1.46e-13	2.96e-13	5.73e-57
 1.29898e+15	2.08e-18	5.52e-13	2.06e-08	8.47e-05	9.99e-01	7.15e-04	0.00e+00	0.00e+00	0.00e+00	0.00e+00	1.82e-13	3.70e-13	1.29e-56
 1.34645e+15	2.75e-18	6.83e-13	2.38e-08	9.12e-05	9.99e-01	6.64e-04	0.00e+00	0.00e+00	0.00e+00	0.00e+00	2.25e-13	4.57e-13	2.79e-56
 1.38843e+15	3.50e-18	8.19e-13	2.69e-08	9.70e-05	9.99e-01	6.24e-04	0.00e+00	0.00e+00	0.00e+00	0.00e+00	2.70e-13	5.49e-13	5.44e-56
 1.43441e+15	4.52e-18	9.94e-13	3.06e-08	1.04e-04	9.99e-01	5.83e-04	0.00e+00	0.00e+00	0.00e+00	0.00e+00	3.28e-13	6.66e-13	1.09e-55
 1.48963e+15	6.08e-18	1.24e-12	3.57e-08	1.12e-04	9.99e-01	5.39e-04	0.00e+00	0.00e+00	0.00e+00	0.00e+00	4.10e-13	8.33e-13	2.47e-55
 1.54463e+15	8.07e-18	1.54e-12	4.13e-08	1.21e-04	9.99e-01	5.00e-04	0.00e+00	0.00e+00	0.00e+00	0.00e+00	5.08e-13	1.03e-12	5.39e-55
 1.59446e+15	1.04e-17	1.86e-12	4.69e-08	1.29e-04	9.99e-01	4.69e-04	0.00e+00	0.00e+00	0.00e+00	0.00e+00	6.13e-13	1.25e-12	1.07e-54
 1.64975e+15	1.35e-17	2.28e-12	5.38e-08	1.38e-04	9.99e-01	4.36e-04	0.00e+00	0.00e+00	0.00e+00	0.00e+00	7.49e-13	1.53e-12	2.22e-54
 1.71464e+15	1.82e-17	2.86e-12	6.28e-08	1.50e-04	9.99e-01	4.03e-04	0.00e+00	0.00e+00	0.00e+00	0.00e+00	9.41e-13	1.92e-12	5.09e-54
 1.77866e+15	2.42e-17	3.55e-12	7.28e-08	1.61e-04	9.99e-01	3.73e-04	0.00e+00	0.00e+00	0.00e+00	0.00e+00	1.17e-12	2.38e-12	1.12e-53
 1.83855e+15	3.13e-17	4.32e-12	8.32e-08	1.73e-04	9.99e-01	3.48e-04	0.00e+00	0.00e+00	0.00e+00	0.00e+00	1.42e-12	2.90e-12	2.28e-53
 1.90544e+15	4.12e-17	5.32e-12	9.62e-08	1.86e-04	9.99e-01	3.23e-04	0.00e+00	0.00e+00	0.00e+00	0.00e+00	1.75e-12	3.57e-12	4.85e-53
 1.98169e+15	5.57e-17	6.70e-12	1.13e-07	2.02e-04	1.00e+00	2.97e-04	0.00e+00	4.59e-18	1.38e-17	2.30e-17	2.20e-12	4.50e-12	1.12e-52
 2.05752e+15	7.44e-17	8.36e-12	1.31e-07	2.19e-04	1.00e+00	2.74e-04	0.00e+00	6.12e-18	1.84e-17	3.07e-17	2.74e-12	5.62e-12	2.48e-52
 2.13640e+15	9.91e-17	1.04e-11	1.53e-07	2.37e-04	1.00e+00	2.53e-04	0.00e+00	8.16e-18	2.45e-17	4.09e-17	3.42e-12	7.00e-12	5.48e-52
 2.21944e+15	1.32e-16	1.30e-11	1.79e-07	2.57e-04	1.00e+00	2.33e-04	0.00e+00	1.09e-17	3.27e-17	5.47e-17	4.27e-12	8.75e-12	1.22e-51
 2.28936e+15	1.68e-16	1.56e-11	2.03e-07	2.75e-04	1.00e+00	2.18e-04	0.00e+00	1.38e-17	4.15e-17	6.93e-17	5.12e-12	1.05e-11	2.36e-51
 2.34398e+15	2.00e-16	1.79e-11	2.23e-07	2.89e-04	1.00e+00	2.07e-04	0.00e+00	1.65e-17	4.95e-17	8.27e-17	5.86e-12	1.20e-11	3.84e-51
 2.40341e+15	2.41e-16	2.07e-11	2.47e-07	3.05e-04	9.99e-01	1.96e-04	0.00e+00	1.99e-17	5.97e-17	9.98e-17	6.78e-12	1.39e-11	6.47e-51
 2.48066e+15	3.05e-16	2.48e-11	2.81e-07	3.27e-04	9.99e-01	1.83e-04	0.00e+00	2.52e-17	7.56e-17	1.26e-16	8.14e-12	1.67e-11	1.25e-50
 2.56426e+15	3.90e-16	3.01e-11	3.22e-07	3.51e-04	9.99e-01	1.70e-04	0.00e+00	3.22e-17	9.68e-17	1.62e-16	9.85e-12	2.02e-11	2.48e-50
 2.63953e+15	4.82e-16	3.55e-11	3.63e-07	3.74e-04	9.99e-01	1.60e-04	0.00e+00	3.98e-17	1.20e-16	2.00e-16	1.16e-11	2.39e-11	4.49e-50
 2.72081e+15	6.03e-16	4.23e-11	4.11e-07	4.00e-04	9.99e-01	1.50e-04	0.00e+00	4.99e-17	1.50e-16	2.50e-16	1.38e-11	2.84e-11	8.43e-50
 2.82209e+15	7.86e-16	5.21e-11	4.77e-07	4.34e-04	9.99e-01	1.38e-04	0.00e+00	6.51e-17	1.95e-16	3.27e-16	1.70e-11	3.50e-11	1.78e-49
 2.92404e+15	1.02e-15	6.37e-11	5.52e-07	4.69e-04	9.99e-01	1.27e-04	0.00e+00	8.41e-17	2.53e-16	4.22e-16	2.08e-11	4.29e-11	3.68e-49
 3.01216e+15	1.26e-15	7.54e-11	6.23e-07	5.01e-04	9.99e-01	1.19e-04	0.00e+00	1.04e-16	3.13e-16	5.23e-16	2.47e-11	5.07e-11	6.74e-49
 3.10766e+15	1.57e-15	8.98e-11	7.08e-07	5.38e-04	9.99e-01	1.11e-04	0.00e+00	1.30e-16	3.90e-16	6.52e-16	2.94e-11	6.04e-11	1.26e-48
 3.22488e+15	2.04e-15	1.11e-10	8.24e-07	5.85e-04	9.99e-01	1.02e-04	0.00e+00	1.69e-16	5.08e-16	8.48e-16	3.62e-11	7.44e-11	2.68e-48
 3.34339e+15	2.56e-15	1.35e-10	9.55e-07	6.34e-04	9.99e-01	9.43e-05	0.00e+00	2.13e-16	6.39e-16	1.07e-15	4.42e-11	9.11e-11	5.49e-48
 3.44860e+15	3.16e-15	1.61e-10	1.08e-06	6.81e-04	9.99e-01	8.79e-05	0.00e+00	2.63e-16	7.89e-16	1.32e-15	5.25e-11	1.08e-10	1.02e-47
 3.56348e+15	3.95e-15	1.93e-10	1.24e-06	7.33e-04	9.99e-01	8.16e-05	0.00e+00	3.29e-16	9.88e-16	1.65e-15	6.30e-11	1.30e-10	1.97e-47
 3.70099e+15	5.10e-15	2.38e-10	1.45e-06	7.99e-04	9.99e-01	7.48e-05	0.00e+00	4.25e-16	1.28e-15	2.13e-15	7.77e-11	1.60e-10	4.22e-47
 3.83711e+15	6.47e-15	2.90e-10	1.68e-06	8.68e-04	9.99e-01	6.89e-05	0.00e+00	5.40e-16	1.62e-15	2.71e-15	9.47e-11	1.95e-10	8.71e-47
 3.95981e+15	7.96e-15	3.44e-10	1.91e-06	9.33e-04	9.99e-01	6.41e-05	0.00e+00	6.65e-16	2.00e-15	3.34e-15	1.12e-10	2.32e-10	1.64e-46
 4.09588e+15	9.92e-15	4.14e-10	2.19e-06	1.01e-03	9.99e-01	5.93e-05	0.00e+00	8.30e-16	2.49e-15	4.16e-15	1.35e-10	2.78e-10	3.22e-46
 4.25626e+15	1.27e-14	5.10e-10	2.56e-06	1.10e-03	9.99e-01	5.42e-05	0.00e+00	1.06e-15	3.19e-15	5.34e-15	1.67e-10	3.43e-10	6.96e-46
 4.41459e+15	1.60e-14	6.21e-10	2.97e-06	1.20e-03	9.99e-01	4.99e-05	0.00e+00	1.34e-15	4.03e-15	6.73e-15	2.03e-10	4.18e-10	1.45e-45
 4.56155e+15	1.97e-14	7.43e-10	3.39e-06	1.29e-03	9.99e-01	4.63e-05	0.00e+00	1.65e-15	4.97e-15	8.30e-15	2.43e-10	5.00e-10	2.81e-45
 4.72632e+15	2.45e-14	8.97e-10	3.91e-06	1.40e-03	9.99e-01	4.26e-05	0.00e+00	2.06e-15	6.18e-15	1.03e-14	2.94e-10	6.04e-10	5.70e-45
 4.91541e+15	3.11e-14	1.11e-09	4.58e-06	1.53e-03	9.98e-01	3.89e-05	0.00e+00	2.62e-15	7.87e-15	1.31e-14	3.62e-10	7.45e-10	1.26e-44
 5.10138e+15	3.89e-14	1.35e-09	5.32e-06	1.67e-03	9.98e-01	3.57e-05	0.00e+00	3.28e-15	9.84e-15	1.64e-14	4.42e-10	9.09e-10	2.66e-44
 5.29480e+15	4.85e-14	1.65e-09	6.19e-06	1.82e-03	9.98e-01	3.28e-05	0.00e+00	4.10e-15	1.23e-14	2.06e-14	5.40e-10	1.11e-09	5.66e-44
 5.47104e+15	5.85e-14	1.96e-09	7.06e-06	1.96e-03	9.98e-01	3.04e-05	0.00e+00	4.95e-15	1.49e-14	2.48e-14	6.43e-10	1.32e-09	1.09e-43
 5.60248e+15	6.73e-14	2.23e-09	7.76e-06	2.07e-03	9.98e-01	2.88e-05	0.00e+00	5.70e-15	1.71e-14	2.86e-14	7.29e-10	1.50e-09	1.73e-43
 5.73824e+15	7.73e-14	2.53e-09	8.54e-06	2.19e-03	9.98e-01	2.72e-05	0.00e+00	6.55e-15	1.97e-14	3.28e-14	8.29e-10	1.70e-09	2.82e-43
 5.91475e+15	9.19e-14	2.97e-09	9.65e-06	2.35e-03	9.98e-01	2.54e-05	0.00e+00	7.80e-15	2.34e-14	3.91e-14	9.75e-10	2.00e-09	5.22e-43
 6.10573e+15	1.10e-13	3.52e-09	1.10e-05	2.53e-03	9.97e-01	2.36e-05	0.00e+00	9.32e-15	2.80e-14	4.67e-14	1.15e-09	2.37e-09	1.01e-42
 6.27804e+15	1.28e-13	4.08e-09	1.22e-05	2.70e-03	9.97e-01	2.22e-05	0.00e+00	1.09e-14	3.28e-14	5.48e-14	1.34e-09	2.74e-09	1.78e-42
 6.46455e+15	1.51e-13	4.77e-09	1.38e-05	2.89e-03	9.97e-01	2.07e-05	0.00e+00	1.29e-14	3.87e-14	6.46e-14	1.56e-09	3.20e-09	3.28e-42
 6.70138e+15	1.85e-13	5.78e-09	1.59e-05	3.14e-03	9.97e-01	1.91e-05	0.00e+00	1.57e-14	4.72e-14	7.89e-14	1.90e-09	3.89e-09	7.01e-42
 6.93981e+15	2.22e-13	6.96e-09	1.83e-05	3.40e-03	9.97e-01	1.77e-05	0.00e+00	1.90e-14	5.69e-14	9.50e-14	2.29e-09	4.68e-09	1.45e-41
 7.13997e+15	2.60e-13	8.08e-09	2.05e-05	3.63e-03	9.96e-01	1.66e-05	0.00e+00	2.22e-14	6.66e-14	1.11e-13	2.65e-09	5.43e-09	2.61e-41
 7.35417e+15	3.05e-13	9.47e-09	2.30e-05	3.89e-03	9.96e-01	1.55e-05	0.00e+00	2.61e-14	7.83e-14	1.31e-13	3.11e-09	6.36e-09	4.86e-41
 7.62476e+15	3.69e-13	1.15e-08	2.66e-05	4.23e-03	9.96e-01	1.43e-05	0.00e+00	3.16e-14	9.49e-14	1.58e-13	3.78e-09	7.72e-09	1.04e-40
 7.90824e+15	4.45e-13	1.40e-08	3.08e-05	4.60e-03	9.95e-01	1.32e-05	0.00e+00	3.82e-14	1.15e-13	1.91e-13	4.59e-09	9.38e-09	2.20e-40
 8.16255e+15	5.27e-13	1.65e-08	3.49e-05	4.94e-03	9.95e-01	1.23e-05	0.00e+00	4.53e-14	1.36e-13	2.27e-13	5.43e-09	1.11e-08	4.20e-40
 8.43933e+15	6.30e-13	1.97e-08	3.99e-05	5.34e-03	9.95e-01	1.15e-05	0.00e+00	5.42e-14	1.63e-13	2.72e-13	6.49e-09	1.32e-08	8.43e-40
 8.76771e+15	7.73e-13	2.43e-08	4.65e-05	5.83e-03	9.94e-01	1.06e-05	0.00e+00	6.66e-14	2.00e-13	3.34e-13	7.99e-09	1.63e-08	1.88e-39
 9.08898e+15	9.33e-13	2.94e-08	5.36e-05	6.33e-03	9.94e-01	9.80e-06	0.00e+00	8.05e-14	2.42e-13	4.03e-13	9.68e-09	1.97e-08	3.94e-39
 9.37929e+15	1.11e-12	3.47e-08	6.07e-05	6.80e-03	9.93e-01	9.18e-06	0.00e+00	9.56e-14	2.87e-13	4.79e-13	1.14e-08	2.33e-08	7.31e-39
 9.70350e+15	1.33e-12	4.17e-08	6.95e-05	7.35e-03	9.93e-01	8.56e-06	0.00e+00	1.15e-13	3.46e-13	5.78e-13	1.38e-08	2.80e-08	1.48e-38
 1.00845e+16	1.64e-12	5.15e-08	8.12e-05	8.04e-03	9.92e-01	7.93e-06	0.00e+00	1.42e-13	4.25e-13	7.10e-13	1.70e-08	3.45e-08	3.28e-38
 1.04590e+16	1.99e-12	6.27e-08	9.39e-05	8.74e-03	9.91e-01	7.38e-06	0.00e+00	1.72e-13	5.17e-13	8.64e-13	2.07e-08	4.20e-08	6.84e-38
 1.08070e+16	2.38e-12	7.48e-08	1.07e-04	9.43e-03	9.90e-01	6.92e-06	0.00e+00	2.07e-13	6.21e-13	1.04e-12	2.47e-08	5.01e-08	1.34e-37
 1.11978e+16	2.92e-12	9.09e-08	1.23e-04	1.02e-02	9.90e-01	6.47e-06	0.00e+00	2.54e-13	7.62e-13	1.27e-12	3.00e-08	6.09e-08	2.77e-37
 1.15738e+16	3.50e-12	1.09e-07	1.41e-04	1.10e-02	9.89e-01	6.09e-06	0.00e+00	3.05e-13	9.15e-13	1.53e-12	3.59e-08	7.29e-08	5.36e-37
 1.18520e+16	3.98e-12	1.24e-07	1.55e-04	1.17e-02	9.88e-01	5.85e-06	0.00e+00	3.47e-13	1.04e-12	1.74e-12	4.09e-08	8.30e-08	8.56e-37
 1.21322e+16	4.57e-12	1.41e-07	1.70e-04	1.23e-02	9.88e-01	5.62e-06	0.00e+00	3.99e-13	1.20e-12	2.00e-12	4.66e-08	9.45e-08	1.39e-36
 1.24964e+16	5.43e-12	1.66e-07	1.92e-04	1.32e-02	9.87e-01	5.33e-06	0.00e+00	4.75e-13	1.42e-12	2.38e-12	5.49e-08	1.11e-07	2.54e-36
 1.28904e+16	6.48e-12	1.98e-07	2.18e-04	1.42e-02	9.86e-01	5.06e-06	0.00e+00	5.67e-13	1.70e-12	2.84e-12	6.53e-08	1.32e-07	4.69e-36
 1.32418e+16	7.56e-12	2.29e-07	2.43e-04	1.51e-02	9.85e-01	4.84e-06	0.00e+00	6.62e-13	1.99e-12	3.31e-12	7.57e-08	1.53e-07	7.93e-36
 1.36174e+16	8.95e-12	2.68e-07	2.72e-04	1.61e-02	9.84e-01	4.63e-06	0.00e+00	7.84e-13	2.35e-12	3.93e-12	8.87e-08	1.80e-07	1.40e-35
 1.41055e+16	1.11e-11	3.28e-07	3.15e-04	1.75e-02	9.82e-01	4.39e-06	0.00e+00	9.74e-13	2.92e-12	4.88e-12	1.09e-07	2.20e-07	2.83e-35
 1.45987e+16	1.35e-11	3.97e-07	3.62e-04	1.90e-02	9.81e-01	4.18e-06	0.00e+00	1.19e-12	3.56e-12	5.95e-12	1.31e-07	2.66e-07	5.47e-35
 1.49973e+16	1.58e-11	4.61e-07	4.04e-04	2.03e-02	9.79e-01	4.03e-06	0.00e+00	1.39e-12	4.18e-12	6.98e-12	1.53e-07	3.09e-07	9.12e-35
 1.54144e+16	1.88e-11	5.40e-07	4.54e-04	2.16e-02	9.78e-01	3.88e-06	0.00e+00	1.66e-12	4.97e-12	8.29e-12	1.79e-07	3.62e-07	1.58e-34
 1.59567e+16	2.33e-11	6.60e-07	5.25e-04	2.35e-02	9.76e-01	3.70e-06	0.00e+00	2.06e-12	6.17e-12	1.03e-11	2.18e-07	4.41e-07	3.13e-34
 1.65204e+16	2.88e-11	8.04e-07	6.07e-04	2.56e-02	9.74e-01	3.55e-06	0.00e+00	2.55e-12	7.64e-12	1.27e-11	2.66e-07	5.38e-07	6.00e-34
 1.69956e+16	3.42e-11	9.44e-07	6.84e-04	2.74e-02	9.72e-01	3.43e-06	0.00e+00	3.03e-12	9.08e-12	1.51e-11	3.13e-07	6.32e-07	1.02e-33
 1.74971e+16	4.13e-11	1.12e-06	7.76e-04	2.94e-02	9.70e-01	3.32e-06	0.00e+00	3.66e-12	1.10e-11	1.83e-11	3.72e-07	7.50e-07	1.79e-33
 1.81361e+16	5.22e-11	1.39e-06	9.08e-04	3.22e-02	9.67e-01	3.18e-06	0.00e+00	4.62e-12	1.39e-11	2.31e-11	4.60e-07	9.28e-07	3.59e-33
 1.87698e+16	6.47e-11	1.69e-06	1.05e-03	3.51e-02	9.64e-01	3.07e-06	0.00e+00	5.74e-12	1.72e-11	2.87e-11	5.60e-07	1.13e-06	6.68e-33
 1.92796e+16	7.69e-11	1.98e-06	1.19e-03	3.76e-02	9.61e-01	3.01e-06	0.00e+00	6.83e-12	2.05e-11	3.42e-11	6.56e-07	1.32e-06	1.08e-32
 1.98125e+16	9.31e-11	2.34e-06	1.34e-03	4.03e-02	9.58e-01	2.93e-06	0.00e+00	8.27e-12	2.48e-11	4.14e-11	7.77e-07	1.57e-06	1.84e-32
 2.05054e+16	1.18e-10	2.90e-06	1.58e-03	4.41e-02	9.54e-01	2.83e-06	0.00e+00	1.05e-11	3.15e-11	5.25e-11	9.62e-07	1.94e-06	3.60e-32
 2.12022e+16	1.48e-10	3.55e-06	1.84e-03	4.82e-02	9.50e-01	2.76e-06	0.00e+00	1.32e-11	3.96e-11	6.60e-11	1.18e-06	2.37e-06	6.49e-32
 2.17202e+16	1.74e-10	4.09e-06	2.05e-03	5.14e-02	9.46e-01	2.70e-06	0.00e+00	1.55e-11	4.65e-11	7.76e-11	1.36e-06	2.74e-06	9.81e-32
 2.22097e+16	2.05e-10	4.74e-06	2.29e-03	5.48e-02	9.43e-01	2.66e-06	0.00e+00	1.83e-11	5.49e-11	9.15e-11	1.57e-06	3.16e-06	1.53e-31
 2.27625e+16	2.44e-10	5.54e-06	2.59e-03	5.86e-02	9.39e-01	2.61e-06	0.00e+00	2.18e-11	6.55e-11	1.09e-10	1.84e-06	3.70e-06	2.42e-31
 2.32994e+16	2.91e-10	6.45e-06	2.91e-03	6.27e-02	9.34e-01	2.56e-06	0.00e+00	2.60e-11	7.80e-11	1.30e-10	2.14e-06	4.31e-06	3.73e-31
 2.38991e+16	3.56e-10	7.68e-06	3.33e-03	6.76e-02	9.29e-01	2.51e-06	0.00e+00	3.19e-11	9.56e-11	1.59e-10	2.55e-06	5.13e-06	6.22e-31
 2.45282e+16	4.33e-10	9.13e-06	3.81e-03	7.31e-02	9.23e-01	2.47e-06	0.00e+00	3.88e-11	1.17e-10	1.94e-10	3.03e-06	6.10e-06	1.01e-30
 2.50787e+16	5.18e-10	1.06e-05	4.30e-03	7.81e-02	9.18e-01	2.45e-06	0.00e+00	4.65e-11	1.39e-10	2.33e-10	3.54e-06	7.11e-06	1.54e-30
 2.56774e+16	6.35e-10	1.27e-05	4.92e-03	8.42e-02	9.11e-01	2.41e-06	0.00e+00	5.70e-11	1.71e-10	2.85e-10	4.21e-06	8.46e-06	2.51e-30
 2.63251e+16	7.89e-10	1.52e-05	5.69e-03	9.14e-02	9.03e-01	2.39e-06	0.00e+00	7.10e-11	2.13e-10	3.55e-10	5.06e-06	1.02e-05	4.14e-30
 2.68790e+16	9.41e-10	1.77e-05	6.44e-03	9.78e-02	8.96e-01	2.36e-06	0.00e+00	8.47e-11	2.54e-10	4.24e-10	5.89e-06	1.18e-05	6.14e-30
 2.73575e+16	1.10e-09	2.03e-05	7.19e-03	1.04e-01	8.89e-01	2.35e-06	0.00e+00	9.95e-11	2.98e-10	4.98e-10	6.76e-06	1.36e-05	8.93e-30
