#depth	He	He+	He+2
 1.49634e+10	1.06e-22	5.95e-12	1.00e+00
 4.54887e+10	1.20e-22	6.44e-12	1.00e+00
 7.72350e+10	1.35e-22	6.97e-12	1.00e+00
 1.10251e+11	1.52e-22	7.54e-12	1.00e+00
 1.41715e+11	1.69e-22	8.10e-12	1.00e+00
 1.70689e+11	1.87e-22	8.64e-12	1.00e+00
 2.03676e+11	2.08e-22	9.28e-12	1.00e+00
 2.41731e+11	2.35e-22	1.00e-11	1.00e+00
 2.79680e+11	2.65e-22	1.08e-11	1.00e+00
 3.19147e+11	2.99e-22	1.17e-11	1.00e+00
 3.61840e+11	3.40e-22	1.27e-11	1.00e+00
 4.06240e+11	3.86e-22	1.37e-11	1.00e+00
 4.52417e+11	4.40e-22	1.48e-11	1.00e+00
 4.95065e+11	4.95e-22	1.59e-11	1.00e+00
 5.31938e+11	5.46e-22	1.69e-11	1.00e+00
 5.72800e+11	6.06e-22	1.80e-11	1.00e+00
 6.22777e+11	6.88e-22	1.94e-11	1.00e+00
 6.73462e+11	7.83e-22	2.09e-11	1.00e+00
 7.18253e+11	8.72e-22	2.23e-11	1.00e+00
 7.66525e+11	9.74e-22	2.39e-11	1.00e+00
 8.24649e+11	1.11e-21	2.58e-11	1.00e+00
 8.82536e+11	1.27e-21	2.78e-11	1.00e+00
 9.34749e+11	1.42e-21	2.97e-11	1.00e+00
 9.92630e+11	1.60e-21	3.18e-11	1.00e+00
 1.06082e+12	1.85e-21	3.45e-11	1.00e+00
 1.12799e+12	2.12e-21	3.73e-11	1.00e+00
 1.19008e+12	2.39e-21	3.99e-11	1.00e+00
 1.25985e+12	2.72e-21	4.31e-11	1.00e+00
 1.33749e+12	3.15e-21	4.67e-11	1.00e+00
 1.41069e+12	3.59e-21	5.03e-11	1.00e+00
 1.48950e+12	4.11e-21	5.44e-11	1.00e+00
 1.57715e+12	4.77e-21	5.92e-11	1.00e+00
 1.66207e+12	5.48e-21	6.40e-11	1.00e+00
 1.75225e+12	6.31e-21	6.95e-11	1.00e+00
 1.85226e+12	7.36e-21	7.58e-11	1.00e+00
 1.95224e+12	8.54e-21	8.25e-11	1.00e+00
 2.05622e+12	9.89e-21	8.99e-11	1.00e+00
 2.15518e+12	1.14e-20	9.73e-11	1.00e+00
 2.23869e+12	1.27e-20	1.04e-10	1.00e+00
 2.32963e+12	1.43e-20	1.11e-10	1.00e+00
 2.44362e+12	1.65e-20	1.21e-10	1.00e+00
 2.56300e+12	1.92e-20	1.32e-10	1.00e+00
 2.66410e+12	2.17e-20	1.41e-10	1.00e+00
 2.75165e+12	2.41e-20	1.50e-10	1.00e+00
 2.85115e+12	2.70e-20	1.60e-10	1.00e+00
 2.98049e+12	3.12e-20	1.74e-10	1.00e+00
 3.11423e+12	3.63e-20	1.89e-10	1.00e+00
 3.22562e+12	4.08e-20	2.02e-10	1.00e+00
 3.34237e+12	4.58e-20	2.17e-10	1.00e+00
 3.49150e+12	5.30e-20	2.36e-10	1.00e+00
 3.64484e+12	6.16e-20	2.57e-10	1.00e+00
 3.77561e+12	6.94e-20	2.76e-10	1.00e+00
 3.91489e+12	7.82e-20	2.96e-10	1.00e+00
 4.08845e+12	9.07e-20	3.23e-10	1.00e+00
 4.26592e+12	1.05e-19	3.52e-10	1.00e+00
 4.42306e+12	1.19e-19	3.79e-10	1.00e+00
 4.59441e+12	1.35e-19	4.10e-10	1.00e+00
 4.78516e+12	1.56e-19	4.46e-10	1.00e+00
 4.97168e+12	1.78e-19	4.82e-10	1.00e+00
 5.15381e+12	2.01e-19	5.20e-10	1.00e+00
 5.35971e+12	2.29e-19	5.64e-10	1.00e+00
 5.58711e+12	2.65e-19	6.15e-10	1.00e+00
 5.78879e+12	3.00e-19	6.63e-10	1.00e+00
 5.96831e+12	3.32e-19	7.07e-10	1.00e+00
 6.14602e+12	3.67e-19	7.53e-10	1.00e+00
 6.35039e+12	4.10e-19	8.07e-10	1.00e+00
 6.57620e+12	4.63e-19	8.70e-10	1.00e+00
 6.78606e+12	5.15e-19	9.30e-10	1.00e+00
 7.01507e+12	5.76e-19	9.99e-10	1.00e+00
 7.27277e+12	6.52e-19	1.08e-09	1.00e+00
 7.51917e+12	7.31e-19	1.16e-09	1.00e+00
 7.79085e+12	8.22e-19	1.25e-09	1.00e+00
 8.09458e+12	9.37e-19	1.36e-09	1.00e+00
 8.38281e+12	1.06e-18	1.47e-09	1.00e+00
 8.70037e+12	1.19e-18	1.60e-09	1.00e+00
 9.05816e+12	1.37e-18	1.75e-09	1.00e+00
 9.40209e+12	1.55e-18	1.90e-09	1.00e+00
 9.77405e+12	1.76e-18	2.07e-09	1.00e+00
 1.01949e+13	2.03e-18	2.27e-09	1.00e+00
 1.06117e+13	2.32e-18	2.49e-09	1.00e+00
 1.09914e+13	2.60e-18	2.69e-09	1.00e+00
 1.13993e+13	2.93e-18	2.92e-09	1.00e+00
 1.18576e+13	3.34e-18	3.19e-09	1.00e+00
 1.22932e+13	3.76e-18	3.47e-09	1.00e+00
 1.27661e+13	4.25e-18	3.78e-09	1.00e+00
 1.32277e+13	4.78e-18	4.10e-09	1.00e+00
 1.35807e+13	5.20e-18	4.36e-09	1.00e+00
 1.39404e+13	5.66e-18	4.62e-09	1.00e+00
 1.44081e+13	6.29e-18	4.99e-09	1.00e+00
 1.49098e+13	7.03e-18	5.40e-09	1.00e+00
 1.53535e+13	7.73e-18	5.78e-09	1.00e+00
 1.58281e+13	8.52e-18	6.20e-09	1.00e+00
 1.64333e+13	9.62e-18	6.76e-09	1.00e+00
 1.70486e+13	1.08e-17	7.37e-09	1.00e+00
 1.75655e+13	1.20e-17	7.89e-09	1.00e+00
 1.81138e+13	1.32e-17	8.47e-09	1.00e+00
 1.88072e+13	1.50e-17	9.24e-09	1.00e+00
 1.95339e+13	1.70e-17	1.01e-08	1.00e+00
 2.01876e+13	1.90e-17	1.09e-08	1.00e+00
 2.09015e+13	2.14e-17	1.18e-08	1.00e+00
 2.17460e+13	2.46e-17	1.29e-08	1.00e+00
 2.25212e+13	2.78e-17	1.40e-08	1.00e+00
 2.31510e+13	3.07e-17	1.49e-08	1.00e+00
 2.38311e+13	3.41e-17	1.59e-08	1.00e+00
 2.47148e+13	3.89e-17	1.72e-08	1.00e+00
 2.56619e+13	4.47e-17	1.87e-08	1.00e+00
 2.64839e+13	5.03e-17	2.01e-08	1.00e+00
 2.73445e+13	5.67e-17	2.15e-08	1.00e+00
 2.82866e+13	6.44e-17	2.32e-08	1.00e+00
 2.91465e+13	7.22e-17	2.47e-08	1.00e+00
 3.00762e+13	8.14e-17	2.65e-08	1.00e+00
 3.12286e+13	9.40e-17	2.87e-08	1.00e+00
 3.23868e+13	1.08e-16	3.11e-08	1.00e+00
 3.33963e+13	1.22e-16	3.32e-08	1.00e+00
 3.44965e+13	1.38e-16	3.55e-08	1.00e+00
 3.58357e+13	1.60e-16	3.85e-08	1.00e+00
 3.72019e+13	1.86e-16	4.17e-08	1.00e+00
 3.84576e+13	2.12e-16	4.47e-08	1.00e+00
 3.98532e+13	2.43e-16	4.81e-08	1.00e+00
 4.13674e+13	2.82e-16	5.20e-08	1.00e+00
 4.27335e+13	3.21e-16	5.57e-08	1.00e+00
 4.42072e+13	3.66e-16	5.97e-08	1.00e+00
 4.59560e+13	4.27e-16	6.48e-08	1.00e+00
 4.76735e+13	4.94e-16	6.99e-08	1.00e+00
 4.91350e+13	5.57e-16	7.44e-08	1.00e+00
 5.03903e+13	6.16e-16	7.84e-08	1.00e+00
 5.17599e+13	6.85e-16	8.28e-08	1.00e+00
 5.35404e+13	7.83e-16	8.89e-08	1.00e+00
 5.53785e+13	8.96e-16	9.54e-08	1.00e+00
 5.69082e+13	9.99e-16	1.01e-07	1.00e+00
 5.85137e+13	1.12e-15	1.07e-07	1.00e+00
 6.06008e+13	1.28e-15	1.15e-07	1.00e+00
 6.27817e+13	1.48e-15	1.24e-07	1.00e+00
 6.46407e+13	1.66e-15	1.31e-07	1.00e+00
 6.66135e+13	1.87e-15	1.40e-07	1.00e+00
 6.90981e+13	2.17e-15	1.51e-07	1.00e+00
 7.16557e+13	2.51e-15	1.63e-07	1.00e+00
 7.38903e+13	2.83e-15	1.73e-07	1.00e+00
 7.62972e+13	3.22e-15	1.85e-07	1.00e+00
 7.92258e+13	3.75e-15	2.00e-07	1.00e+00
 8.21445e+13	4.33e-15	2.16e-07	1.00e+00
 8.47243e+13	4.90e-15	2.30e-07	1.00e+00
 8.75514e+13	5.59e-15	2.46e-07	1.00e+00
 9.09472e+13	6.52e-15	2.67e-07	1.00e+00
 9.43305e+13	7.54e-15	2.88e-07	1.00e+00
 9.73980e+13	8.57e-15	3.07e-07	1.00e+00
 1.00807e+14	9.84e-15	3.30e-07	1.00e+00
 1.04803e+14	1.15e-14	3.57e-07	1.00e+00
 1.08746e+14	1.33e-14	3.86e-07	1.00e+00
 1.12452e+14	1.52e-14	4.13e-07	1.00e+00
 1.16584e+14	1.76e-14	4.45e-07	1.00e+00
 1.20863e+14	2.03e-14	4.79e-07	1.00e+00
 1.24579e+14	2.29e-14	5.10e-07	1.00e+00
 1.27865e+14	2.54e-14	5.38e-07	1.00e+00
 1.31422e+14	2.83e-14	5.69e-07	1.00e+00
 1.36048e+14	3.24e-14	6.10e-07	1.00e+00
 1.40749e+14	3.71e-14	6.54e-07	1.00e+00
 1.44568e+14	4.12e-14	6.90e-07	1.00e+00
 1.48554e+14	4.58e-14	7.29e-07	1.00e+00
 1.53735e+14	5.24e-14	7.82e-07	1.00e+00
 1.59204e+14	6.01e-14	8.39e-07	1.00e+00
 1.63955e+14	6.73e-14	8.90e-07	1.00e+00
 1.69037e+14	7.58e-14	9.46e-07	1.00e+00
 1.75362e+14	8.73e-14	1.02e-06	1.00e+00
 1.81843e+14	1.00e-13	1.10e-06	1.00e+00
 1.87586e+14	1.13e-13	1.17e-06	1.00e+00
 1.93832e+14	1.28e-13	1.24e-06	1.00e+00
 2.01325e+14	1.48e-13	1.34e-06	1.00e+00
 2.08765e+14	1.70e-13	1.44e-06	1.00e+00
 2.15491e+14	1.92e-13	1.54e-06	1.00e+00
 2.22960e+14	2.18e-13	1.64e-06	1.00e+00
 2.31741e+14	2.53e-13	1.78e-06	1.00e+00
 2.40419e+14	2.91e-13	1.91e-06	1.00e+00
 2.48549e+14	3.29e-13	2.04e-06	1.00e+00
 2.57627e+14	3.77e-13	2.20e-06	1.00e+00
 2.67962e+14	4.36e-13	2.38e-06	1.00e+00
 2.77293e+14	4.96e-13	2.54e-06	1.00e+00
 2.84485e+14	5.45e-13	2.68e-06	1.00e+00
 2.91684e+14	5.98e-13	2.82e-06	1.00e+00
 3.01043e+14	6.73e-13	3.00e-06	1.00e+00
 3.10979e+14	7.59e-13	3.20e-06	1.00e+00
 3.19635e+14	8.40e-13	3.39e-06	1.00e+00
 3.28859e+14	9.33e-13	3.59e-06	1.00e+00
 3.40768e+14	1.06e-12	3.85e-06	1.00e+00
 3.52984e+14	1.21e-12	4.14e-06	1.00e+00
 3.63199e+14	1.34e-12	4.39e-06	1.00e+00
 3.73998e+14	1.50e-12	4.66e-06	1.00e+00
 3.87719e+14	1.71e-12	5.01e-06	1.00e+00
 4.02011e+14	1.95e-12	5.40e-06	1.00e+00
 4.14502e+14	2.18e-12	5.75e-06	1.00e+00
 4.27880e+14	2.45e-12	6.14e-06	1.00e+00
 4.44165e+14	2.81e-12	6.63e-06	1.00e+00
 4.60381e+14	3.20e-12	7.14e-06	1.00e+00
 4.74639e+14	3.58e-12	7.60e-06	1.00e+00
 4.90199e+14	4.03e-12	8.13e-06	1.00e+00
 5.08989e+14	4.63e-12	8.80e-06	1.00e+00
 5.27764e+14	5.29e-12	9.49e-06	1.00e+00
 5.44606e+14	5.93e-12	1.01e-05	1.00e+00
 5.63147e+14	6.71e-12	1.09e-05	1.00e+00
 5.85114e+14	7.73e-12	1.18e-05	1.00e+00
 6.06748e+14	8.83e-12	1.27e-05	1.00e+00
 6.26532e+14	9.94e-12	1.36e-05	1.00e+00
 6.45353e+14	1.11e-11	1.45e-05	1.00e+00
 6.66477e+14	1.25e-11	1.55e-05	1.00e+00
 6.89996e+14	1.42e-11	1.67e-05	1.00e+00
 7.10133e+14	1.58e-11	1.77e-05	1.00e+00
 7.26613e+14	1.72e-11	1.86e-05	1.00e+00
 7.44837e+14	1.89e-11	1.96e-05	1.00e+00
 7.68528e+14	2.12e-11	2.10e-05	1.00e+00
 7.93628e+14	2.39e-11	2.24e-05	1.00e+00
 8.15438e+14	2.64e-11	2.37e-05	1.00e+00
 8.38668e+14	2.94e-11	2.52e-05	1.00e+00
 8.68850e+14	3.36e-11	2.72e-05	1.00e+00
 8.99895e+14	3.84e-11	2.93e-05	1.00e+00
 9.25711e+14	4.27e-11	3.11e-05	1.00e+00
 9.52898e+14	4.76e-11	3.30e-05	1.00e+00
 9.87646e+14	5.46e-11	3.56e-05	1.00e+00
 1.02423e+15	6.27e-11	3.85e-05	1.00e+00
 1.05661e+15	7.06e-11	4.11e-05	1.00e+00
 1.09153e+15	8.01e-11	4.41e-05	1.00e+00
 1.13350e+15	9.27e-11	4.78e-05	1.00e+00
 1.17520e+15	1.07e-10	5.16e-05	1.00e+00
 1.21264e+15	1.20e-10	5.51e-05	1.00e+00
 1.25399e+15	1.37e-10	5.92e-05	1.00e+00
 1.30293e+15	1.60e-10	6.43e-05	1.00e+00
 1.35133e+15	1.85e-10	6.95e-05	1.00e+00
 1.39652e+15	2.10e-10	7.45e-05	1.00e+00
 1.43589e+15	2.35e-10	7.91e-05	1.00e+00
 1.46863e+15	2.58e-10	8.31e-05	1.00e+00
 1.50480e+15	2.84e-10	8.76e-05	1.00e+00
 1.55181e+15	3.22e-10	9.37e-05	1.00e+00
 1.60096e+15	3.66e-10	1.00e-04	1.00e+00
 1.64270e+15	4.07e-10	1.06e-04	1.00e+00
 1.68679e+15	4.55e-10	1.12e-04	1.00e+00
 1.74410e+15	5.23e-10	1.21e-04	1.00e+00
 1.80316e+15	6.01e-10	1.30e-04	1.00e+00
 1.85228e+15	6.73e-10	1.38e-04	1.00e+00
 1.90391e+15	7.57e-10	1.47e-04	1.00e+00
 1.97104e+15	8.78e-10	1.59e-04	1.00e+00
 2.04162e+15	1.02e-09	1.72e-04	1.00e+00
 2.10244e+15	1.16e-09	1.83e-04	1.00e+00
 2.16726e+15	1.33e-09	1.97e-04	1.00e+00
 2.24798e+15	1.56e-09	2.13e-04	1.00e+00
 2.33121e+15	1.83e-09	2.32e-04	1.00e+00
 2.40525e+15	2.10e-09	2.49e-04	1.00e+00
 2.48554e+15	2.43e-09	2.68e-04	1.00e+00
 2.58156e+15	2.87e-09	2.92e-04	1.00e+00
 2.67661e+15	3.38e-09	3.17e-04	1.00e+00
 2.76252e+15	3.89e-09	3.41e-04	1.00e+00
 2.83650e+15	4.38e-09	3.62e-04	1.00e+00
 2.90005e+15	4.84e-09	3.81e-04	1.00e+00
 2.97145e+15	5.41e-09	4.03e-04	1.00e+00
 3.06427e+15	6.21e-09	4.32e-04	1.00e+00
 3.15961e+15	7.13e-09	4.64e-04	1.00e+00
 3.23797e+15	7.96e-09	4.90e-04	1.00e+00
 3.31960e+15	8.91e-09	5.19e-04	9.99e-01
 3.42573e+15	1.03e-08	5.58e-04	9.99e-01
 3.53571e+15	1.18e-08	5.99e-04	9.99e-01
 3.62788e+15	1.33e-08	6.35e-04	9.99e-01
 3.72489e+15	1.50e-08	6.75e-04	9.99e-01
 3.85100e+15	1.74e-08	7.28e-04	9.99e-01
 3.98206e+15	2.02e-08	7.85e-04	9.99e-01
 4.09311e+15	2.28e-08	8.35e-04	9.99e-01
 4.21102e+15	2.58e-08	8.90e-04	9.99e-01
 4.36323e+15	3.03e-08	9.64e-04	9.99e-01
 4.52307e+15	3.55e-08	1.05e-03	9.99e-01
 4.66185e+15	4.04e-08	1.12e-03	9.99e-01
 4.81020e+15	4.64e-08	1.20e-03	9.99e-01
 4.99194e+15	5.45e-08	1.30e-03	9.99e-01
 5.17540e+15	6.36e-08	1.41e-03	9.99e-01
 5.31605e+15	7.12e-08	1.49e-03	9.99e-01
 5.42165e+15	7.73e-08	1.56e-03	9.98e-01
 5.53785e+15	8.48e-08	1.63e-03	9.98e-01
 5.68890e+15	9.54e-08	1.73e-03	9.98e-01
 5.85354e+15	1.08e-07	1.84e-03	9.98e-01
 6.00100e+15	1.20e-07	1.95e-03	9.98e-01
 6.15782e+15	1.34e-07	2.06e-03	9.98e-01
 6.36169e+15	1.54e-07	2.21e-03	9.98e-01
 6.56616e+15	1.76e-07	2.37e-03	9.98e-01
 6.72720e+15	1.95e-07	2.49e-03	9.98e-01
 6.89236e+15	2.16e-07	2.63e-03	9.97e-01
 7.10706e+15	2.46e-07	2.81e-03	9.97e-01
 7.33396e+15	2.80e-07	3.01e-03	9.97e-01
 7.53026e+15	3.12e-07	3.18e-03	9.97e-01
 7.73897e+15	3.51e-07	3.38e-03	9.97e-01
 8.01030e+15	4.06e-07	3.64e-03	9.96e-01
 8.28374e+15	4.64e-07	3.91e-03	9.96e-01
 8.50581e+15	5.17e-07	4.13e-03	9.96e-01
 8.74038e+15	5.79e-07	4.39e-03	9.96e-01
 9.04532e+15	6.69e-07	4.74e-03	9.95e-01
 9.35393e+15	7.64e-07	5.09e-03	9.95e-01
 9.58513e+15	8.39e-07	5.36e-03	9.95e-01
 9.80351e+15	9.23e-07	5.64e-03	9.94e-01
 1.00478e+16	1.02e-06	5.96e-03	9.94e-01
 1.02830e+16	1.12e-06	6.28e-03	9.94e-01
 1.05460e+16	1.24e-06	6.66e-03	9.93e-01
 1.08216e+16	1.38e-06	7.07e-03	9.93e-01
 1.10702e+16	1.51e-06	7.45e-03	9.93e-01
 1.13500e+16	1.69e-06	7.92e-03	9.92e-01
 1.16472e+16	1.87e-06	8.43e-03	9.92e-01
 1.19205e+16	2.06e-06	8.92e-03	9.91e-01
 1.22291e+16	2.32e-06	9.56e-03	9.90e-01
 1.25544e+16	2.58e-06	1.02e-02	9.90e-01
 1.28386e+16	2.85e-06	1.09e-02	9.89e-01
 1.31453e+16	3.19e-06	1.16e-02	9.88e-01
 1.34744e+16	3.57e-06	1.25e-02	9.87e-01
 1.37650e+16	3.95e-06	1.33e-02	9.87e-01
 1.40294e+16	4.33e-06	1.42e-02	9.86e-01
 1.43271e+16	4.85e-06	1.52e-02	9.85e-01
 1.46568e+16	5.48e-06	1.65e-02	9.83e-01
 1.49396e+16	6.06e-06	1.77e-02	9.82e-01
 1.51723e+16	6.62e-06	1.88e-02	9.81e-01
 1.54286e+16	7.35e-06	2.02e-02	9.80e-01
 1.57135e+16	8.30e-06	2.19e-02	9.78e-01
 1.59644e+16	9.15e-06	2.36e-02	9.76e-01
 1.61824e+16	1.01e-05	2.53e-02	9.75e-01
 1.64289e+16	1.14e-05	2.74e-02	9.73e-01
 1.66895e+16	1.29e-05	3.00e-02	9.70e-01
 1.69076e+16	1.44e-05	3.24e-02	9.68e-01
 1.70997e+16	1.59e-05	3.48e-02	9.65e-01
 1.73192e+16	1.77e-05	3.81e-02	9.62e-01
 1.75606e+16	2.03e-05	4.22e-02	9.58e-01
 1.77720e+16	2.35e-05	4.64e-02	9.54e-01
 1.79399e+16	2.60e-05	5.03e-02	9.50e-01
 1.81101e+16	2.94e-05	5.49e-02	9.45e-01
 1.83004e+16	3.33e-05	6.08e-02	9.39e-01
 1.84798e+16	3.87e-05	6.73e-02	9.33e-01
 1.86347e+16	4.41e-05	7.40e-02	9.26e-01
 1.87680e+16	4.94e-05	8.06e-02	9.19e-01
 1.89144e+16	5.56e-05	8.89e-02	9.11e-01
 1.91047e+16	6.76e-05	1.02e-01	8.98e-01
 1.92727e+16	8.00e-05	1.16e-01	8.84e-01
 1.93765e+16	8.97e-05	1.26e-01	8.74e-01
 1.94761e+16	1.01e-04	1.37e-01	8.62e-01
 1.95748e+16	1.12e-04	1.50e-01	8.50e-01
 1.96569e+16	1.25e-04	1.61e-01	8.38e-01
 1.97239e+16	1.35e-04	1.72e-01	8.28e-01
 1.97867e+16	1.46e-04	1.82e-01	8.17e-01
 1.98683e+16	1.63e-04	1.98e-01	8.02e-01
 1.99535e+16	1.83e-04	2.15e-01	7.85e-01
 2.00225e+16	2.03e-04	2.31e-01	7.69e-01
 2.00749e+16	2.17e-04	2.43e-01	7.56e-01
 2.01266e+16	2.36e-04	2.57e-01	7.42e-01
 2.01833e+16	2.55e-04	2.73e-01	7.27e-01
 2.02465e+16	2.80e-04	2.92e-01	7.07e-01
 2.03162e+16	3.11e-04	3.15e-01	6.85e-01
 2.03791e+16	3.42e-04	3.36e-01	6.63e-01
 2.04343e+16	3.73e-04	3.56e-01	6.43e-01
 2.04845e+16	4.02e-04	3.75e-01	6.24e-01
 2.05392e+16	4.38e-04	3.98e-01	6.02e-01
 2.06104e+16	4.88e-04	4.28e-01	5.72e-01
 2.06825e+16	5.41e-04	4.59e-01	5.41e-01
 2.07419e+16	5.89e-04	4.85e-01	5.14e-01
 2.08053e+16	6.47e-04	5.15e-01	4.84e-01
 2.08765e+16	7.14e-04	5.48e-01	4.52e-01
 2.09446e+16	7.82e-04	5.79e-01	4.20e-01
 2.10198e+16	8.63e-04	6.13e-01	3.86e-01
 2.11016e+16	9.53e-04	6.49e-01	3.50e-01
 2.11639e+16	1.02e-03	6.74e-01	3.25e-01
 2.12062e+16	1.07e-03	6.91e-01	3.08e-01
 2.12506e+16	1.13e-03	7.09e-01	2.90e-01
 2.13083e+16	1.20e-03	7.31e-01	2.68e-01
 2.13716e+16	1.28e-03	7.53e-01	2.46e-01
 2.14303e+16	1.36e-03	7.72e-01	2.27e-01
 2.14949e+16	1.44e-03	7.92e-01	2.06e-01
 2.15655e+16	1.54e-03	8.12e-01	1.86e-01
 2.16284e+16	1.63e-03	8.28e-01	1.71e-01
 2.16842e+16	1.71e-03	8.41e-01	1.58e-01
 2.17466e+16	1.81e-03	8.54e-01	1.44e-01
 2.18164e+16	1.91e-03	8.68e-01	1.30e-01
 2.18802e+16	2.02e-03	8.79e-01	1.19e-01
 2.19370e+16	2.11e-03	8.88e-01	1.10e-01
 2.20002e+16	2.22e-03	8.97e-01	1.00e-01
 2.20700e+16	2.35e-03	9.06e-01	9.12e-02
 2.21332e+16	2.48e-03	9.14e-01	8.39e-02
 2.21882e+16	2.60e-03	9.20e-01	7.79e-02
 2.22473e+16	2.72e-03	9.25e-01	7.19e-02
 2.23124e+16	2.88e-03	9.31e-01	6.60e-02
 2.23709e+16	3.02e-03	9.36e-01	6.13e-02
 2.24225e+16	3.17e-03	9.39e-01	5.74e-02
 2.24795e+16	3.33e-03	9.43e-01	5.32e-02
 2.25431e+16	3.54e-03	9.47e-01	4.91e-02
 2.25996e+16	3.73e-03	9.50e-01	4.60e-02
 2.26468e+16	3.91e-03	9.53e-01	4.34e-02
 2.26972e+16	4.11e-03	9.55e-01	4.08e-02
 2.27538e+16	4.36e-03	9.58e-01	3.81e-02
 2.28059e+16	4.62e-03	9.60e-01	3.59e-02
 2.28519e+16	4.87e-03	9.61e-01	3.40e-02
 2.29025e+16	5.16e-03	9.63e-01	3.20e-02
 2.29581e+16	5.53e-03	9.64e-01	3.01e-02
 2.30074e+16	5.89e-03	9.66e-01	2.85e-02
 2.30502e+16	6.23e-03	9.67e-01	2.72e-02
 2.30969e+16	6.65e-03	9.68e-01	2.57e-02
 2.31578e+16	7.25e-03	9.69e-01	2.40e-02
 2.32185e+16	8.00e-03	9.69e-01	2.25e-02
 2.32642e+16	8.65e-03	9.70e-01	2.15e-02
 2.33027e+16	9.28e-03	9.70e-01	2.06e-02
 2.33466e+16	1.01e-02	9.70e-01	1.96e-02
 2.34037e+16	1.12e-02	9.70e-01	1.84e-02
 2.34596e+16	1.27e-02	9.70e-01	1.74e-02
 2.34975e+16	1.40e-02	9.69e-01	1.68e-02
 2.35234e+16	1.50e-02	9.69e-01	1.64e-02
 2.35502e+16	1.61e-02	9.68e-01	1.59e-02
 2.35850e+16	1.77e-02	9.67e-01	1.53e-02
 2.36220e+16	1.98e-02	9.65e-01	1.48e-02
 2.36521e+16	2.20e-02	9.64e-01	1.44e-02
 2.36754e+16	2.39e-02	9.62e-01	1.41e-02
 2.36996e+16	2.61e-02	9.60e-01	1.37e-02
 2.37311e+16	2.94e-02	9.57e-01	1.33e-02
 2.37625e+16	3.37e-02	9.53e-01	1.30e-02
 2.37850e+16	3.76e-02	9.50e-01	1.27e-02
 2.38019e+16	4.10e-02	9.46e-01	1.26e-02
 2.38200e+16	4.49e-02	9.43e-01	1.24e-02
 2.38436e+16	5.08e-02	9.37e-01	1.22e-02
 2.38675e+16	5.85e-02	9.29e-01	1.21e-02
 2.38855e+16	6.57e-02	9.22e-01	1.20e-02
 2.38991e+16	7.17e-02	9.16e-01	1.20e-02
 2.39135e+16	7.89e-02	9.09e-01	1.20e-02
 2.39323e+16	8.95e-02	8.99e-01	1.20e-02
 2.39511e+16	1.03e-01	8.85e-01	1.20e-02
 2.39651e+16	1.15e-01	8.73e-01	1.21e-02
 2.39762e+16	1.25e-01	8.63e-01	1.22e-02
 2.39866e+16	1.36e-01	8.52e-01	1.23e-02
 2.39968e+16	1.47e-01	8.40e-01	1.24e-02
 2.40070e+16	1.60e-01	8.27e-01	1.25e-02
 2.40165e+16	1.73e-01	8.14e-01	1.26e-02
 2.40236e+16	1.84e-01	8.03e-01	1.27e-02
 2.40282e+16	1.91e-01	7.96e-01	1.28e-02
 2.40324e+16	1.98e-01	7.89e-01	1.28e-02
 2.40375e+16	2.07e-01	7.80e-01	1.29e-02
 2.40432e+16	2.17e-01	7.70e-01	1.30e-02
 2.40487e+16	2.28e-01	7.59e-01	1.30e-02
 2.40537e+16	2.38e-01	7.49e-01	1.31e-02
 2.40587e+16	2.48e-01	7.39e-01	1.32e-02
 2.40638e+16	2.59e-01	7.28e-01	1.33e-02
 2.40689e+16	2.70e-01	7.16e-01	1.33e-02
 2.40740e+16	2.83e-01	7.04e-01	1.34e-02
 2.40791e+16	2.95e-01	6.92e-01	1.34e-02
 2.40840e+16	3.07e-01	6.79e-01	1.35e-02
 2.40890e+16	3.21e-01	6.66e-01	1.35e-02
 2.40941e+16	3.34e-01	6.52e-01	1.36e-02
 2.40991e+16	3.49e-01	6.38e-01	1.36e-02
 2.41042e+16	3.63e-01	6.24e-01	1.36e-02
 2.41092e+16	3.78e-01	6.08e-01	1.36e-02
 2.41144e+16	3.94e-01	5.92e-01	1.36e-02
 2.41195e+16	4.10e-01	5.77e-01	1.36e-02
 2.41246e+16	4.26e-01	5.60e-01	1.35e-02
 2.41298e+16	4.43e-01	5.43e-01	1.34e-02
 2.41351e+16	4.61e-01	5.26e-01	1.34e-02
 2.41405e+16	4.79e-01	5.08e-01	1.33e-02
 2.41459e+16	4.97e-01	4.90e-01	1.32e-02
 2.41515e+16	5.16e-01	4.71e-01	1.30e-02
 2.41570e+16	5.34e-01	4.53e-01	1.28e-02
 2.41626e+16	5.53e-01	4.34e-01	1.26e-02
 2.41682e+16	5.72e-01	4.16e-01	1.24e-02
 2.41740e+16	5.91e-01	3.97e-01	1.22e-02
 2.41799e+16	6.09e-01	3.79e-01	1.19e-02
 2.41859e+16	6.28e-01	3.60e-01	1.16e-02
 2.41922e+16	6.46e-01	3.43e-01	1.13e-02
 2.41988e+16	6.64e-01	3.25e-01	1.10e-02
 2.42057e+16	6.82e-01	3.07e-01	1.06e-02
 2.42131e+16	7.00e-01	2.90e-01	1.02e-02
 2.42212e+16	7.17e-01	2.73e-01	9.81e-03
 2.42300e+16	7.34e-01	2.57e-01	9.39e-03
 2.42398e+16	7.50e-01	2.41e-01	8.95e-03
 2.42510e+16	7.65e-01	2.27e-01	8.52e-03
 2.42632e+16	7.78e-01	2.14e-01	8.11e-03
 2.42753e+16	7.88e-01	2.05e-01	7.79e-03
 2.42873e+16	7.96e-01	1.97e-01	7.49e-03
 2.42992e+16	8.02e-01	1.91e-01	7.25e-03
 2.43111e+16	8.06e-01	1.87e-01	7.07e-03
 2.43247e+16	8.11e-01	1.82e-01	6.86e-03
 2.43423e+16	8.15e-01	1.78e-01	6.64e-03
 2.43653e+16	8.20e-01	1.74e-01	6.39e-03
 2.43952e+16	8.24e-01	1.70e-01	6.11e-03
 2.44340e+16	8.29e-01	1.65e-01	5.78e-03
 2.44845e+16	8.35e-01	1.60e-01	5.39e-03
 2.45502e+16	8.42e-01	1.54e-01	4.95e-03
 2.46251e+16	8.49e-01	1.47e-01	4.51e-03
 2.46989e+16	8.55e-01	1.41e-01	4.12e-03
 2.47705e+16	8.61e-01	1.35e-01	3.78e-03
 2.48422e+16	8.66e-01	1.30e-01	3.47e-03
 2.49154e+16	8.72e-01	1.25e-01	3.18e-03
 2.49894e+16	8.77e-01	1.20e-01	2.92e-03
 2.50636e+16	8.82e-01	1.15e-01	2.68e-03
 2.51236e+16	8.85e-01	1.12e-01	2.51e-03
 2.51642e+16	8.88e-01	1.10e-01	2.40e-03
 2.52011e+16	8.90e-01	1.08e-01	2.30e-03
 2.52411e+16	8.93e-01	1.05e-01	2.20e-03
 2.52827e+16	8.95e-01	1.03e-01	2.10e-03
 2.53230e+16	8.97e-01	1.01e-01	2.01e-03
 2.53612e+16	8.99e-01	9.90e-02	1.93e-03
 2.53985e+16	9.01e-01	9.71e-02	1.85e-03
 2.54353e+16	9.03e-01	9.53e-02	1.78e-03
 2.54714e+16	9.05e-01	9.36e-02	1.71e-03
 2.55071e+16	9.06e-01	9.19e-02	1.65e-03
 2.55424e+16	9.08e-01	9.02e-02	1.58e-03
 2.55771e+16	9.10e-01	8.87e-02	1.53e-03
 2.56112e+16	9.11e-01	8.72e-02	1.47e-03
 2.56448e+16	9.13e-01	8.57e-02	1.42e-03
 2.56778e+16	9.14e-01	8.43e-02	1.37e-03
 2.57105e+16	9.16e-01	8.29e-02	1.32e-03
 2.57427e+16	9.17e-01	8.16e-02	1.28e-03
 2.57747e+16	9.18e-01	8.03e-02	1.24e-03
 2.58063e+16	9.20e-01	7.91e-02	1.20e-03
 2.58377e+16	9.21e-01	7.79e-02	1.16e-03
 2.58688e+16	9.22e-01	7.67e-02	1.12e-03
 2.58997e+16	9.23e-01	7.55e-02	1.09e-03
 2.59306e+16	9.25e-01	7.44e-02	1.05e-03
 2.59616e+16	9.26e-01	7.33e-02	1.02e-03
 2.59926e+16	9.27e-01	7.22e-02	9.85e-04
 2.60237e+16	9.28e-01	7.11e-02	9.54e-04
 2.60550e+16	9.29e-01	7.00e-02	9.24e-04
 2.60868e+16	9.30e-01	6.90e-02	8.94e-04
 2.61192e+16	9.31e-01	6.79e-02	8.64e-04
 2.61528e+16	9.32e-01	6.68e-02	8.35e-04
 2.61880e+16	9.34e-01	6.57e-02	8.05e-04
 2.62248e+16	9.35e-01	6.45e-02	7.75e-04
 2.62633e+16	9.36e-01	6.33e-02	7.45e-04
 2.63044e+16	9.37e-01	6.21e-02	7.14e-04
 2.63493e+16	9.39e-01	6.07e-02	6.82e-04
 2.63995e+16	9.40e-01	5.93e-02	6.47e-04
 2.64571e+16	9.42e-01	5.76e-02	6.09e-04
 2.65174e+16	9.43e-01	5.60e-02	5.73e-04
 2.65750e+16	9.45e-01	5.45e-02	5.41e-04
 2.66289e+16	9.46e-01	5.31e-02	5.13e-04
 2.66779e+16	9.48e-01	5.19e-02	4.89e-04
 2.67225e+16	9.49e-01	5.08e-02	4.67e-04
 2.67631e+16	9.50e-01	4.99e-02	4.49e-04
 2.68000e+16	9.51e-01	4.90e-02	4.33e-04
 2.68336e+16	9.51e-01	4.83e-02	4.18e-04
 2.68705e+16	9.52e-01	4.74e-02	4.02e-04
 2.69103e+16	9.53e-01	4.65e-02	3.86e-04
 2.69464e+16	9.54e-01	4.57e-02	3.72e-04
 2.69794e+16	9.55e-01	4.50e-02	3.61e-04
 2.70093e+16	9.55e-01	4.43e-02	3.49e-04
 2.70366e+16	9.56e-01	4.38e-02	3.40e-04
 2.70665e+16	9.57e-01	4.31e-02	3.29e-04
 2.70988e+16	9.57e-01	4.24e-02	3.19e-04
 2.71281e+16	9.58e-01	4.18e-02	3.09e-04
 2.71603e+16	9.59e-01	4.11e-02	2.99e-04
 2.71950e+16	9.59e-01	4.04e-02	2.88e-04
 2.72266e+16	9.60e-01	3.97e-02	2.78e-04
 2.72554e+16	9.61e-01	3.92e-02	2.70e-04
 2.72815e+16	9.61e-01	3.86e-02	2.62e-04
 2.73102e+16	9.62e-01	3.81e-02	2.54e-04
 2.73412e+16	9.62e-01	3.74e-02	2.46e-04
 2.73694e+16	9.63e-01	3.69e-02	2.38e-04
 2.73950e+16	9.63e-01	3.64e-02	2.32e-04
 2.74183e+16	9.64e-01	3.60e-02	2.26e-04
 2.74439e+16	9.64e-01	3.55e-02	2.19e-04
 2.74715e+16	9.65e-01	3.50e-02	2.13e-04
 2.74966e+16	9.65e-01	3.45e-02	2.07e-04
 2.75195e+16	9.66e-01	3.41e-02	2.02e-04
 2.75445e+16	9.66e-01	3.36e-02	1.96e-04
 2.75716e+16	9.67e-01	3.31e-02	1.90e-04
 2.75962e+16	9.67e-01	3.27e-02	1.85e-04
 2.76185e+16	9.68e-01	3.23e-02	1.81e-04
 2.76431e+16	9.68e-01	3.18e-02	1.75e-04
 2.76696e+16	9.68e-01	3.14e-02	1.70e-04
 2.76937e+16	9.69e-01	3.10e-02	1.66e-04
 2.77156e+16	9.69e-01	3.06e-02	1.62e-04
 2.77396e+16	9.70e-01	3.02e-02	1.57e-04
 2.77656e+16	9.70e-01	2.98e-02	1.53e-04
 2.77892e+16	9.70e-01	2.94e-02	1.49e-04
 2.78107e+16	9.71e-01	2.91e-02	1.46e-04
 2.78342e+16	9.71e-01	2.87e-02	1.42e-04
 2.78597e+16	9.72e-01	2.83e-02	1.38e-04
 2.78828e+16	9.72e-01	2.79e-02	1.34e-04
 2.79082e+16	9.72e-01	2.75e-02	1.30e-04
 2.79355e+16	9.73e-01	2.71e-02	1.27e-04
 2.79604e+16	9.73e-01	2.68e-02	1.23e-04
 2.79831e+16	9.73e-01	2.64e-02	1.20e-04
 2.80079e+16	9.74e-01	2.61e-02	1.17e-04
 2.80347e+16	9.74e-01	2.57e-02	1.14e-04
 2.80591e+16	9.75e-01	2.54e-02	1.11e-04
 2.80859e+16	9.75e-01	2.50e-02	1.07e-04
 2.81147e+16	9.75e-01	2.46e-02	1.04e-04
 2.81410e+16	9.76e-01	2.43e-02	1.01e-04
 2.81698e+16	9.76e-01	2.39e-02	9.83e-05
 2.82008e+16	9.76e-01	2.35e-02	9.52e-05
 2.82291e+16	9.77e-01	2.32e-02	9.26e-05
 2.82548e+16	9.77e-01	2.29e-02	9.02e-05
 2.82830e+16	9.77e-01	2.26e-02	8.75e-05
 2.83135e+16	9.78e-01	2.22e-02	8.49e-05
 2.83412e+16	9.78e-01	2.19e-02	8.26e-05
 2.83715e+16	9.78e-01	2.16e-02	8.00e-05
 2.84043e+16	9.79e-01	2.12e-02	7.74e-05
 2.84341e+16	9.79e-01	2.09e-02	7.52e-05
 2.84668e+16	9.79e-01	2.06e-02	7.27e-05
 2.85020e+16	9.80e-01	2.02e-02	7.02e-05
 2.85341e+16	9.80e-01	1.99e-02	6.81e-05
 2.85634e+16	9.80e-01	1.96e-02	6.62e-05
 2.85954e+16	9.81e-01	1.93e-02	6.41e-05
 2.86299e+16	9.81e-01	1.90e-02	6.20e-05
 2.86614e+16	9.81e-01	1.87e-02	6.02e-05
 2.86958e+16	9.82e-01	1.84e-02	5.82e-05
 2.87330e+16	9.82e-01	1.81e-02	5.62e-05
 2.87669e+16	9.82e-01	1.78e-02	5.45e-05
 2.88040e+16	9.82e-01	1.75e-02	5.25e-05
 2.88440e+16	9.83e-01	1.71e-02	5.06e-05
 2.88805e+16	9.83e-01	1.69e-02	4.90e-05
 2.89136e+16	9.83e-01	1.66e-02	4.76e-05
 2.89500e+16	9.84e-01	1.63e-02	4.59e-05
 2.89892e+16	9.84e-01	1.60e-02	4.44e-05
 2.90249e+16	9.84e-01	1.58e-02	4.30e-05
 2.90640e+16	9.84e-01	1.55e-02	4.14e-05
 2.91063e+16	9.85e-01	1.52e-02	3.99e-05
 2.91447e+16	9.85e-01	1.50e-02	3.87e-05
 2.91868e+16	9.85e-01	1.47e-02	3.72e-05
 2.92323e+16	9.86e-01	1.44e-02	3.58e-05
 2.92736e+16	9.86e-01	1.41e-02	3.45e-05
 2.93190e+16	9.86e-01	1.38e-02	3.32e-05
 2.93679e+16	9.86e-01	1.36e-02	3.18e-05
 2.94125e+16	9.87e-01	1.33e-02	3.07e-05
 2.94530e+16	9.87e-01	1.31e-02	2.97e-05
 2.94974e+16	9.87e-01	1.28e-02	2.86e-05
 2.95454e+16	9.87e-01	1.26e-02	2.75e-05
 2.95890e+16	9.88e-01	1.24e-02	2.66e-05
 2.96368e+16	9.88e-01	1.21e-02	2.55e-05
 2.96884e+16	9.88e-01	1.19e-02	2.45e-05
 2.97354e+16	9.88e-01	1.17e-02	2.36e-05
 2.97869e+16	9.89e-01	1.14e-02	2.26e-05
 2.98425e+16	9.89e-01	1.12e-02	2.17e-05
 2.98930e+16	9.89e-01	1.09e-02	2.09e-05
 2.99484e+16	9.89e-01	1.07e-02	1.99e-05
 3.00083e+16	9.90e-01	1.05e-02	1.91e-05
 3.00627e+16	9.90e-01	1.02e-02	1.83e-05
 3.01224e+16	9.90e-01	1.00e-02	1.75e-05
 3.01868e+16	9.90e-01	9.76e-03	1.67e-05
 3.02454e+16	9.90e-01	9.56e-03	1.60e-05
 3.03096e+16	9.91e-01	9.32e-03	1.52e-05
 3.03789e+16	9.91e-01	9.09e-03	1.45e-05
 3.04420e+16	9.91e-01	8.89e-03	1.38e-05
 3.05111e+16	9.91e-01	8.66e-03	1.31e-05
 3.05858e+16	9.92e-01	8.43e-03	1.25e-05
 3.06537e+16	9.92e-01	8.24e-03	1.19e-05
 3.07281e+16	9.92e-01	8.01e-03	1.13e-05
 3.08085e+16	9.92e-01	7.80e-03	1.07e-05
 3.08816e+16	9.92e-01	7.61e-03	1.02e-05
 3.09617e+16	9.93e-01	7.39e-03	9.62e-06
 3.10482e+16	9.93e-01	7.18e-03	9.09e-06
 3.11269e+16	9.93e-01	7.00e-03	8.64e-06
 3.12132e+16	9.93e-01	6.79e-03	8.15e-06
 3.13063e+16	9.93e-01	6.59e-03	7.68e-06
 3.13910e+16	9.94e-01	6.42e-03	7.28e-06
 3.14839e+16	9.94e-01	6.22e-03	6.84e-06
 3.15841e+16	9.94e-01	6.03e-03	6.43e-06
 3.16753e+16	9.94e-01	5.86e-03	6.08e-06
 3.17753e+16	9.94e-01	5.67e-03	5.70e-06
 3.18980e+16	9.95e-01	5.45e-03	5.27e-06
 3.20328e+16	9.95e-01	5.23e-03	4.86e-06
 3.21736e+16	9.95e-01	5.01e-03	4.46e-06
 3.23210e+16	9.95e-01	4.79e-03	4.09e-06
 3.24741e+16	9.95e-01	4.58e-03	3.74e-06
 3.26329e+16	9.96e-01	4.37e-03	3.41e-06
 3.27973e+16	9.96e-01	4.16e-03	3.10e-06
 3.29659e+16	9.96e-01	3.97e-03	2.82e-06
 3.31370e+16	9.96e-01	3.78e-03	2.57e-06
 3.33106e+16	9.96e-01	3.60e-03	2.33e-06
 3.34874e+16	9.97e-01	3.43e-03	2.12e-06
 3.36676e+16	9.97e-01	3.27e-03	1.92e-06
 3.38511e+16	9.97e-01	3.11e-03	1.74e-06
 3.40377e+16	9.97e-01	2.96e-03	1.58e-06
 3.42275e+16	9.97e-01	2.81e-03	1.43e-06
 3.44206e+16	9.97e-01	2.67e-03	1.29e-06
 3.46171e+16	9.97e-01	2.54e-03	1.17e-06
 3.48135e+16	9.98e-01	2.42e-03	1.06e-06
 3.50128e+16	9.98e-01	2.30e-03	9.59e-07
 3.52199e+16	9.98e-01	2.18e-03	8.64e-07
 3.54316e+16	9.98e-01	2.07e-03	7.78e-07
 3.56460e+16	9.98e-01	1.96e-03	7.00e-07
 3.58638e+16	9.98e-01	1.86e-03	6.29e-07
 3.60857e+16	9.98e-01	1.76e-03	5.65e-07
 3.63118e+16	9.98e-01	1.66e-03	5.07e-07
 3.65420e+16	9.98e-01	1.57e-03	4.54e-07
 3.67765e+16	9.99e-01	1.49e-03	4.06e-07
 3.70154e+16	9.99e-01	1.40e-03	3.63e-07
 3.72590e+16	9.99e-01	1.33e-03	3.23e-07
 3.75075e+16	9.99e-01	1.25e-03	2.88e-07
 3.77609e+16	9.99e-01	1.18e-03	2.56e-07
 3.80195e+16	9.99e-01	1.11e-03	2.27e-07
 3.82835e+16	9.99e-01	1.04e-03	2.01e-07
 3.85531e+16	9.99e-01	9.81e-04	1.78e-07
 3.88287e+16	9.99e-01	9.21e-04	1.57e-07
 3.91105e+16	9.99e-01	8.63e-04	1.38e-07
 3.93988e+16	9.99e-01	8.09e-04	1.21e-07
 3.96941e+16	9.99e-01	7.56e-04	1.06e-07
 3.99966e+16	9.99e-01	7.07e-04	9.29e-08
 4.03068e+16	9.99e-01	6.59e-04	8.09e-08
 4.06257e+16	9.99e-01	6.14e-04	7.04e-08
 4.09486e+16	9.99e-01	5.72e-04	6.11e-08
 4.12798e+16	9.99e-01	5.32e-04	5.28e-08
 4.16252e+16	1.00e+00	4.93e-04	4.54e-08
 4.19834e+16	1.00e+00	4.55e-04	3.88e-08
 4.23552e+16	1.00e+00	4.20e-04	3.30e-08
 4.27405e+16	1.00e+00	3.86e-04	2.79e-08
 4.31401e+16	1.00e+00	3.54e-04	2.35e-08
 4.35560e+16	1.00e+00	3.23e-04	1.96e-08
 4.39904e+16	1.00e+00	2.94e-04	1.63e-08
 4.44454e+16	1.00e+00	2.67e-04	1.34e-08
 4.49238e+16	1.00e+00	2.41e-04	1.09e-08
 4.54300e+16	1.00e+00	2.16e-04	8.78e-09
 4.59667e+16	1.00e+00	1.93e-04	6.98e-09
 4.65411e+16	1.00e+00	1.70e-04	5.47e-09
 4.71586e+16	1.00e+00	1.49e-04	4.21e-09
 4.78228e+16	1.00e+00	1.30e-04	3.18e-09
 4.85460e+16	1.00e+00	1.11e-04	2.35e-09
 4.93448e+16	1.00e+00	9.42e-05	1.68e-09
 5.02398e+16	1.00e+00	7.81e-05	1.15e-09
 5.12854e+16	1.00e+00	6.28e-05	7.46e-10
 5.24798e+16	1.00e+00	4.93e-05	4.61e-10
 5.37258e+16	1.00e+00	3.84e-05	2.81e-10
 5.49523e+16	1.00e+00	3.02e-05	1.74e-10
 5.61597e+16	1.00e+00	2.39e-05	1.09e-10
 5.73770e+16	1.00e+00	1.89e-05	6.87e-11
 5.86210e+16	1.00e+00	1.50e-05	4.31e-11
 5.98925e+16	1.00e+00	1.18e-05	2.69e-11
 6.11802e+16	1.00e+00	9.38e-06	1.69e-11
 6.24891e+16	1.00e+00	7.43e-06	1.07e-11
 6.38315e+16	1.00e+00	5.88e-06	6.69e-12
 6.52029e+16	1.00e+00	4.64e-06	4.18e-12
 6.65910e+16	1.00e+00	3.68e-06	2.64e-12
 6.80150e+16	1.00e+00	2.91e-06	1.66e-12
 6.94886e+16	1.00e+00	2.30e-06	1.04e-12
 7.10003e+16	1.00e+00	1.82e-06	6.46e-13
 7.25537e+16	1.00e+00	1.43e-06	4.03e-13
 7.41568e+16	1.00e+00	1.13e-06	2.49e-13
 7.58137e+16	1.00e+00	8.84e-07	1.54e-13
 7.75265e+16	1.00e+00	6.91e-07	9.42e-14
 7.93011e+16	1.00e+00	5.39e-07	5.74e-14
 8.11479e+16	1.00e+00	4.19e-07	3.47e-14
 8.30817e+16	1.00e+00	3.23e-07	2.07e-14
 8.51172e+16	1.00e+00	2.48e-07	1.22e-14
 8.72728e+16	1.00e+00	1.88e-07	7.01e-15
 8.95760e+16	1.00e+00	1.41e-07	3.95e-15
 9.20580e+16	1.00e+00	1.04e-07	2.16e-15
 9.46598e+16	1.00e+00	7.67e-08	1.17e-15
 9.72694e+16	1.00e+00	5.68e-08	6.44e-16
 9.98584e+16	1.00e+00	4.25e-08	3.61e-16
 1.02445e+17	1.00e+00	3.20e-08	2.05e-16
 1.05033e+17	1.00e+00	2.43e-08	1.18e-16
 1.07611e+17	1.00e+00	1.85e-08	6.88e-17
 1.10161e+17	1.00e+00	1.43e-08	4.08e-17
 1.12669e+17	1.00e+00	1.11e-08	2.47e-17
 1.15129e+17	1.00e+00	8.71e-09	1.52e-17
 1.17532e+17	1.00e+00	6.91e-09	9.58e-18
 1.19870e+17	1.00e+00	5.53e-09	6.15e-18
 1.22132e+17	1.00e+00	4.48e-09	4.03e-18
 1.24313e+17	1.00e+00	3.66e-09	2.70e-18
 1.26410e+17	1.00e+00	3.03e-09	1.85e-18
 1.28426e+17	1.00e+00	2.53e-09	1.29e-18
 1.30357e+17	1.00e+00	2.13e-09	9.16e-19
 1.32202e+17	1.00e+00	1.82e-09	6.64e-19
 1.33962e+17	1.00e+00	1.56e-09	4.91e-19
 1.35638e+17	1.00e+00	1.35e-09	3.69e-19
 1.37232e+17	1.00e+00	1.18e-09	2.82e-19
 1.38749e+17	1.00e+00	1.04e-09	2.19e-19
 1.40189e+17	1.00e+00	9.23e-10	1.72e-19
 1.41557e+17	1.00e+00	8.25e-10	1.37e-19
 1.42856e+17	1.00e+00	7.41e-10	1.11e-19
 1.44088e+17	1.00e+00	6.71e-10	9.10e-20
 1.45258e+17	1.00e+00	6.10e-10	7.54e-20
 1.46368e+17	1.00e+00	5.58e-10	6.31e-20
 1.47419e+17	1.00e+00	5.13e-10	5.34e-20
 1.48417e+17	1.00e+00	4.74e-10	4.56e-20
 1.49364e+17	1.00e+00	4.40e-10	3.93e-20
 1.50264e+17	1.00e+00	4.10e-10	3.41e-20
 1.51117e+17	1.00e+00	3.84e-10	2.99e-20
 1.51928e+17	1.00e+00	3.60e-10	2.63e-20
 1.52698e+17	1.00e+00	3.39e-10	2.34e-20
 1.53429e+17	1.00e+00	3.21e-10	2.09e-20
 1.54124e+17	1.00e+00	3.04e-10	1.88e-20
 1.54785e+17	1.00e+00	2.89e-10	1.70e-20
 1.55414e+17	1.00e+00	2.76e-10	1.54e-20
 1.56013e+17	1.00e+00	2.63e-10	1.41e-20
 1.56582e+17	1.00e+00	2.52e-10	1.29e-20
 1.57125e+17	1.00e+00	2.42e-10	1.19e-20
 1.57642e+17	1.00e+00	2.33e-10	1.10e-20
 1.58136e+17	1.00e+00	2.24e-10	1.02e-20
 1.58607e+17	1.00e+00	2.17e-10	9.53e-21
 1.59056e+17	1.00e+00	2.09e-10	0.00e+00
 1.59486e+17	1.00e+00	2.03e-10	0.00e+00
 1.59898e+17	1.00e+00	1.97e-10	0.00e+00
 1.60292e+17	1.00e+00	1.91e-10	0.00e+00
 1.60670e+17	1.00e+00	1.86e-10	0.00e+00
 1.61033e+17	1.00e+00	1.81e-10	0.00e+00
 1.61382e+17	1.00e+00	1.76e-10	0.00e+00
 1.61718e+17	1.00e+00	1.72e-10	0.00e+00
 1.62042e+17	1.00e+00	1.68e-10	0.00e+00
 1.62355e+17	1.00e+00	1.64e-10	0.00e+00
 1.62657e+17	1.00e+00	1.60e-10	0.00e+00
 1.62951e+17	1.00e+00	1.57e-10	0.00e+00
 1.63237e+17	1.00e+00	1.54e-10	0.00e+00
 1.63516e+17	1.00e+00	1.51e-10	0.00e+00
 1.63789e+17	1.00e+00	1.48e-10	0.00e+00
 1.64056e+17	1.00e+00	1.45e-10	0.00e+00
 1.64320e+17	1.00e+00	1.42e-10	0.00e+00
 1.64582e+17	1.00e+00	1.39e-10	0.00e+00
 1.64842e+17	1.00e+00	1.37e-10	0.00e+00
 1.65102e+17	1.00e+00	1.34e-10	0.00e+00
 1.65363e+17	1.00e+00	1.32e-10	0.00e+00
 1.65629e+17	1.00e+00	1.29e-10	0.00e+00
 1.65900e+17	1.00e+00	1.27e-10	0.00e+00
 1.66180e+17	1.00e+00	1.24e-10	0.00e+00
 1.66473e+17	1.00e+00	1.22e-10	0.00e+00
 1.66781e+17	1.00e+00	1.19e-10	0.00e+00
 1.67111e+17	1.00e+00	1.16e-10	0.00e+00
 1.67470e+17	1.00e+00	1.13e-10	0.00e+00
 1.67869e+17	1.00e+00	1.10e-10	0.00e+00
 1.68321e+17	1.00e+00	1.06e-10	0.00e+00
 1.68846e+17	1.00e+00	1.02e-10	0.00e+00
 1.69476e+17	1.00e+00	9.77e-11	0.00e+00
 1.70257e+17	1.00e+00	9.21e-11	0.00e+00
 1.71259e+17	1.00e+00	8.56e-11	0.00e+00
 1.72561e+17	1.00e+00	7.78e-11	0.00e+00
 1.74253e+17	1.00e+00	6.89e-11	0.00e+00
 1.76454e+17	1.00e+00	5.89e-11	0.00e+00
 1.79314e+17	1.00e+00	4.82e-11	0.00e+00
 1.83033e+17	1.00e+00	3.73e-11	0.00e+00
 1.87867e+17	1.00e+00	2.70e-11	0.00e+00
 1.93731e+17	1.00e+00	1.85e-11	0.00e+00
 2.00087e+17	1.00e+00	1.25e-11	0.00e+00
 2.06596e+17	1.00e+00	8.74e-12	0.00e+00
 2.13198e+17	1.00e+00	6.27e-12	0.00e+00
 2.19833e+17	1.00e+00	4.69e-12	0.00e+00
 2.26467e+17	1.00e+00	3.66e-12	0.00e+00
 2.33102e+17	1.00e+00	2.98e-12	0.00e+00
 2.39736e+17	1.00e+00	2.53e-12	0.00e+00
 2.46371e+17	1.00e+00	2.22e-12	0.00e+00
 2.53005e+17	1.00e+00	2.00e-12	0.00e+00
 2.59639e+17	1.00e+00	1.84e-12	0.00e+00
 2.66274e+17	1.00e+00	1.72e-12	0.00e+00
 2.72908e+17	1.00e+00	1.63e-12	0.00e+00
 2.79542e+17	1.00e+00	1.55e-12	0.00e+00
 2.86177e+17	1.00e+00	1.48e-12	0.00e+00
 2.93806e+17	1.00e+00	1.42e-12	0.00e+00
 3.03725e+17	1.00e+00	1.14e-12	0.00e+00
 3.15517e+17	1.00e+00	7.96e-13	0.00e+00
 3.28138e+17	1.00e+00	6.28e-13	0.00e+00
 3.41264e+17	1.00e+00	5.41e-13	0.00e+00
 3.54914e+17	1.00e+00	4.66e-13	0.00e+00
 3.68614e+17	1.00e+00	3.96e-13	0.00e+00
 3.81351e+17	1.00e+00	3.75e-13	0.00e+00
 3.92539e+17	1.00e+00	4.00e-13	0.00e+00
 4.02471e+17	1.00e+00	4.33e-13	0.00e+00
 4.11837e+17	1.00e+00	4.38e-13	0.00e+00
 4.21016e+17	1.00e+00	4.09e-13	0.00e+00
 4.29751e+17	1.00e+00	3.71e-13	0.00e+00
 4.37117e+17	1.00e+00	3.51e-13	0.00e+00
 4.42154e+17	1.00e+00	3.71e-13	0.00e+00
 4.44961e+17	1.00e+00	4.10e-13	0.00e+00
 4.46483e+17	1.00e+00	4.37e-13	0.00e+00
 4.47397e+17	1.00e+00	4.52e-13	0.00e+00
 4.47945e+17	1.00e+00	4.60e-13	0.00e+00
 4.48327e+17	1.00e+00	4.65e-13	0.00e+00
 4.48719e+17	1.00e+00	4.69e-13	0.00e+00
 4.49206e+17	1.00e+00	4.72e-13	0.00e+00
 4.49740e+17	1.00e+00	4.75e-13	0.00e+00
 4.50201e+17	1.00e+00	4.77e-13	0.00e+00
 4.50555e+17	1.00e+00	4.79e-13	0.00e+00
 4.50860e+17	1.00e+00	4.79e-13	0.00e+00
 4.51171e+17	1.00e+00	4.80e-13	0.00e+00
 4.51504e+17	1.00e+00	4.80e-13	0.00e+00
 4.51822e+17	1.00e+00	4.80e-13	0.00e+00
 4.52114e+17	1.00e+00	4.80e-13	0.00e+00
 4.52375e+17	1.00e+00	4.79e-13	0.00e+00
 4.52610e+17	1.00e+00	4.79e-13	0.00e+00
 4.52844e+17	1.00e+00	4.78e-13	0.00e+00
 4.53079e+17	1.00e+00	4.78e-13	0.00e+00
 4.53314e+17	1.00e+00	4.77e-13	0.00e+00
 4.53532e+17	1.00e+00	4.76e-13	0.00e+00
 4.53733e+17	1.00e+00	4.75e-13	0.00e+00
 4.53920e+17	1.00e+00	4.74e-13	0.00e+00
 4.54103e+17	1.00e+00	4.73e-13	0.00e+00
 4.54288e+17	1.00e+00	4.72e-13	0.00e+00
 4.54475e+17	1.00e+00	4.71e-13	0.00e+00
 4.54658e+17	1.00e+00	4.70e-13	0.00e+00
 4.54827e+17	1.00e+00	4.68e-13	0.00e+00
 4.54988e+17	1.00e+00	4.67e-13	0.00e+00
 4.55151e+17	1.00e+00	4.66e-13	0.00e+00
 4.55317e+17	1.00e+00	4.65e-13	0.00e+00
 4.55484e+17	1.00e+00	4.63e-13	0.00e+00
 4.55650e+17	1.00e+00	4.62e-13	0.00e+00
 4.55805e+17	1.00e+00	4.60e-13	0.00e+00
 4.55953e+17	1.00e+00	4.59e-13	0.00e+00
 4.56106e+17	1.00e+00	4.58e-13	0.00e+00
 4.56268e+17	1.00e+00	4.56e-13	0.00e+00
 4.56437e+17	1.00e+00	4.54e-13	0.00e+00
 4.56599e+17	1.00e+00	4.52e-13	0.00e+00
 4.56749e+17	1.00e+00	4.51e-13	0.00e+00
 4.56901e+17	1.00e+00	4.49e-13	0.00e+00
 4.57069e+17	1.00e+00	4.47e-13	0.00e+00
 4.57249e+17	1.00e+00	4.45e-13	0.00e+00
 4.57420e+17	1.00e+00	4.43e-13	0.00e+00
 4.57585e+17	1.00e+00	4.41e-13	0.00e+00
 4.57759e+17	1.00e+00	4.39e-13	0.00e+00
 4.57955e+17	1.00e+00	4.37e-13	0.00e+00
 4.58167e+17	1.00e+00	4.34e-13	0.00e+00
 4.58359e+17	1.00e+00	4.31e-13	0.00e+00
 4.58527e+17	1.00e+00	4.29e-13	0.00e+00
 4.58706e+17	1.00e+00	4.27e-13	0.00e+00
 4.58924e+17	1.00e+00	4.24e-13	0.00e+00
 4.59158e+17	1.00e+00	4.21e-13	0.00e+00
 4.59380e+17	1.00e+00	4.17e-13	0.00e+00
 4.59585e+17	1.00e+00	4.14e-13	0.00e+00
 4.59793e+17	1.00e+00	4.11e-13	0.00e+00
 4.60025e+17	1.00e+00	4.08e-13	0.00e+00
 4.60279e+17	1.00e+00	4.05e-13	0.00e+00
 4.60534e+17	1.00e+00	4.01e-13	0.00e+00
 4.60781e+17	1.00e+00	3.97e-13	0.00e+00
 4.61033e+17	1.00e+00	3.93e-13	0.00e+00
 4.61279e+17	1.00e+00	3.89e-13	0.00e+00
 4.61538e+17	1.00e+00	3.85e-13	0.00e+00
 4.61837e+17	1.00e+00	3.81e-13	0.00e+00
 4.62160e+17	1.00e+00	3.76e-13	0.00e+00
 4.62477e+17	1.00e+00	3.71e-13	0.00e+00
 4.62776e+17	1.00e+00	3.66e-13	0.00e+00
 4.63076e+17	1.00e+00	3.61e-13	0.00e+00
 4.63391e+17	1.00e+00	3.56e-13	0.00e+00
 4.63731e+17	1.00e+00	3.51e-13	0.00e+00
 4.64093e+17	1.00e+00	3.45e-13	0.00e+00
 4.64459e+17	1.00e+00	3.39e-13	0.00e+00
 4.64820e+17	1.00e+00	3.33e-13	0.00e+00
 4.65173e+17	1.00e+00	3.28e-13	0.00e+00
 4.65556e+17	1.00e+00	3.22e-13	0.00e+00
 4.65986e+17	1.00e+00	3.15e-13	0.00e+00
 4.66413e+17	1.00e+00	3.08e-13	0.00e+00
 4.66817e+17	1.00e+00	3.02e-13	0.00e+00
 4.67228e+17	1.00e+00	2.96e-13	0.00e+00
 4.67675e+17	1.00e+00	2.89e-13	0.00e+00
 4.68152e+17	1.00e+00	2.81e-13	0.00e+00
 4.68627e+17	1.00e+00	2.74e-13	0.00e+00
 4.69086e+17	1.00e+00	2.67e-13	0.00e+00
 4.69562e+17	1.00e+00	2.60e-13	0.00e+00
 4.70068e+17	1.00e+00	2.52e-13	0.00e+00
 4.70590e+17	1.00e+00	2.44e-13	0.00e+00
 4.71118e+17	1.00e+00	2.37e-13	0.00e+00
 4.71646e+17	1.00e+00	2.29e-13	0.00e+00
 4.72175e+17	1.00e+00	2.21e-13	0.00e+00
 4.72729e+17	1.00e+00	2.14e-13	0.00e+00
 4.73317e+17	1.00e+00	2.06e-13	0.00e+00
 4.73920e+17	1.00e+00	1.97e-13	0.00e+00
 4.74518e+17	1.00e+00	1.89e-13	0.00e+00
 4.75112e+17	1.00e+00	1.82e-13	0.00e+00
 4.75719e+17	1.00e+00	1.74e-13	0.00e+00
 4.76358e+17	1.00e+00	1.66e-13	0.00e+00
 4.77013e+17	1.00e+00	1.58e-13	0.00e+00
 4.77687e+17	1.00e+00	1.50e-13	0.00e+00
 4.78368e+17	1.00e+00	1.42e-13	0.00e+00
 4.79057e+17	1.00e+00	1.35e-13	0.00e+00
 4.79764e+17	1.00e+00	1.27e-13	0.00e+00
 4.80476e+17	1.00e+00	1.19e-13	0.00e+00
 4.81203e+17	1.00e+00	1.12e-13	0.00e+00
 4.81977e+17	1.00e+00	1.05e-13	0.00e+00
 4.82793e+17	1.00e+00	9.76e-14	0.00e+00
 4.83616e+17	1.00e+00	9.03e-14	0.00e+00
 4.84437e+17	1.00e+00	8.34e-14	0.00e+00
 4.85214e+17	1.00e+00	7.70e-14	0.00e+00
 4.85890e+17	1.00e+00	7.16e-14	0.00e+00
 4.86466e+17	1.00e+00	6.72e-14	0.00e+00
 4.86984e+17	1.00e+00	6.36e-14	0.00e+00
 4.87488e+17	1.00e+00	6.04e-14	0.00e+00
 4.87992e+17	1.00e+00	5.72e-14	0.00e+00
 4.88486e+17	1.00e+00	5.41e-14	0.00e+00
 4.88946e+17	1.00e+00	5.14e-14	0.00e+00
 4.89366e+17	1.00e+00	4.89e-14	0.00e+00
 4.89760e+17	1.00e+00	4.68e-14	0.00e+00
 4.90143e+17	1.00e+00	4.48e-14	0.00e+00
 4.90522e+17	1.00e+00	4.28e-14	0.00e+00
 4.90892e+17	1.00e+00	4.10e-14	0.00e+00
 4.91245e+17	1.00e+00	3.92e-14	0.00e+00
 4.91578e+17	1.00e+00	3.76e-14	0.00e+00
 4.91898e+17	1.00e+00	3.62e-14	0.00e+00
 4.92210e+17	1.00e+00	3.48e-14	0.00e+00
 4.92516e+17	1.00e+00	3.35e-14	0.00e+00
 4.92813e+17	1.00e+00	3.22e-14	0.00e+00
 4.93098e+17	1.00e+00	3.10e-14	0.00e+00
 4.93372e+17	1.00e+00	2.98e-14	0.00e+00
 4.93638e+17	1.00e+00	2.88e-14	0.00e+00
 4.93896e+17	1.00e+00	2.78e-14	0.00e+00
 4.94149e+17	1.00e+00	2.68e-14	0.00e+00
 4.94393e+17	1.00e+00	2.59e-14	0.00e+00
 4.94629e+17	1.00e+00	2.50e-14	0.00e+00
 4.94861e+17	1.00e+00	2.41e-14	0.00e+00
 4.95086e+17	1.00e+00	2.33e-14	0.00e+00
 4.95303e+17	1.00e+00	2.25e-14	0.00e+00
 4.95548e+17	1.00e+00	2.18e-14	0.00e+00
 4.95867e+17	1.00e+00	2.09e-14	0.00e+00
 4.96281e+17	1.00e+00	1.98e-14	0.00e+00
 4.96819e+17	1.00e+00	1.83e-14	0.00e+00
 4.97519e+17	1.00e+00	1.65e-14	0.00e+00
 4.98388e+17	1.00e+00	1.44e-14	0.00e+00
 4.99399e+17	1.00e+00	1.22e-14	0.00e+00
 5.00419e+17	1.00e+00	9.93e-15	0.00e+00
 5.01231e+17	1.00e+00	8.31e-15	0.00e+00
 5.01805e+17	1.00e+00	7.32e-15	0.00e+00
 5.02283e+17	1.00e+00	6.66e-15	0.00e+00
 5.02788e+17	1.00e+00	6.09e-15	0.00e+00
