#depth	C	C+	C+2	C+3	C+4	C+5	C+6	C[1]	C[2]	C[3]	C+[1]	C+[2]	CO
 1.49634e+10	0.00e+00	2.23e-32	1.28e-22	1.67e-13	1.15e-03	6.95e-01	3.04e-01	0.00e+00	0.00e+00	0.00e+00	0.00e+00	0.00e+00	1.03e-158
 4.54887e+10	7.57e-43	3.16e-32	1.67e-22	2.02e-13	1.28e-03	7.11e-01	2.87e-01	0.00e+00	0.00e+00	0.00e+00	0.00e+00	0.00e+00	2.51e-238
 7.72350e+10	0.00e+00	4.47e-32	2.19e-22	2.44e-13	1.42e-03	7.28e-01	2.71e-01	0.00e+00	0.00e+00	0.00e+00	0.00e+00	0.00e+00	1.39e-157
 1.10251e+11	1.78e-42	6.33e-32	2.86e-22	2.94e-13	1.58e-03	7.43e-01	2.55e-01	0.00e+00	0.00e+00	0.00e+00	0.00e+00	0.00e+00	9.73e-238
 1.43109e+11	0.00e+00	8.83e-32	3.69e-22	3.51e-13	1.75e-03	7.57e-01	2.41e-01	0.00e+00	0.00e+00	0.00e+00	0.00e+00	0.00e+00	1.77e-156
 1.77280e+11	4.04e-42	1.23e-31	4.76e-22	4.20e-13	1.94e-03	7.71e-01	2.27e-01	0.00e+00	0.00e+00	0.00e+00	0.00e+00	0.00e+00	1.07e-225
 2.14298e+11	0.00e+00	1.74e-31	6.22e-22	5.05e-13	2.15e-03	7.85e-01	2.13e-01	0.00e+00	0.00e+00	0.00e+00	0.00e+00	0.00e+00	2.27e-155
 2.52797e+11	9.51e-42	2.46e-31	8.11e-22	6.07e-13	2.39e-03	7.98e-01	2.00e-01	0.00e+00	0.00e+00	0.00e+00	0.00e+00	0.00e+00	4.19e-225
 2.92836e+11	0.00e+00	3.49e-31	1.06e-21	7.30e-13	2.64e-03	8.10e-01	1.87e-01	0.00e+00	0.00e+00	0.00e+00	0.00e+00	0.00e+00	3.07e-154
 3.34476e+11	2.24e-41	4.93e-31	1.38e-21	8.78e-13	2.93e-03	8.22e-01	1.75e-01	0.00e+00	0.00e+00	0.00e+00	0.00e+00	0.00e+00	1.17e-224
 3.77782e+11	0.00e+00	6.97e-31	1.80e-21	1.05e-12	3.24e-03	8.33e-01	1.64e-01	0.00e+00	0.00e+00	0.00e+00	0.00e+00	0.00e+00	4.18e-153
 4.22820e+11	5.26e-41	9.86e-31	2.35e-21	1.27e-12	3.59e-03	8.44e-01	1.53e-01	0.00e+00	0.00e+00	0.00e+00	0.00e+00	0.00e+00	0.00e+00
 4.69659e+11	0.00e+00	1.40e-30	3.06e-21	1.52e-12	3.97e-03	8.54e-01	1.42e-01	0.00e+00	0.00e+00	0.00e+00	0.00e+00	0.00e+00	5.71e-152
 5.18373e+11	1.24e-40	1.98e-30	3.99e-21	1.83e-12	4.39e-03	8.63e-01	1.33e-01	0.00e+00	0.00e+00	0.00e+00	0.00e+00	0.00e+00	0.00e+00
 5.69034e+11	0.00e+00	2.80e-30	5.21e-21	2.20e-12	4.86e-03	8.72e-01	1.23e-01	0.00e+00	0.00e+00	0.00e+00	0.00e+00	0.00e+00	7.85e-151
 6.16769e+11	2.82e-40	3.84e-30	6.63e-21	2.59e-12	5.32e-03	8.79e-01	1.16e-01	0.00e+00	0.00e+00	0.00e+00	0.00e+00	0.00e+00	0.00e+00
 6.59607e+11	0.00e+00	5.05e-30	8.18e-21	3.00e-12	5.76e-03	8.85e-01	1.09e-01	0.00e+00	0.00e+00	0.00e+00	0.00e+00	0.00e+00	7.26e-150
 7.07750e+11	5.74e-40	6.82e-30	1.03e-20	3.51e-12	6.27e-03	8.91e-01	1.02e-01	0.00e+00	0.00e+00	0.00e+00	0.00e+00	0.00e+00	0.00e+00
 7.64624e+11	0.00e+00	9.60e-30	1.34e-20	4.20e-12	6.92e-03	8.98e-01	9.50e-02	0.00e+00	0.00e+00	0.00e+00	0.00e+00	0.00e+00	8.18e-149
 8.21443e+11	1.32e-39	1.33e-29	1.72e-20	4.99e-12	7.60e-03	9.04e-01	8.84e-02	0.00e+00	0.00e+00	0.00e+00	0.00e+00	0.00e+00	0.00e+00
 8.74987e+11	0.00e+00	1.80e-29	2.16e-20	5.84e-12	8.28e-03	9.09e-01	8.28e-02	0.00e+00	0.00e+00	0.00e+00	0.00e+00	0.00e+00	8.73e-148
 9.34365e+11	2.85e-39	2.49e-29	2.77e-20	6.92e-12	9.07e-03	9.14e-01	7.70e-02	0.00e+00	0.00e+00	0.00e+00	0.00e+00	0.00e+00	0.00e+00
 1.00167e+12	0.00e+00	3.54e-29	3.62e-20	8.32e-12	1.00e-02	9.19e-01	7.12e-02	0.00e+00	0.00e+00	0.00e+00	0.00e+00	0.00e+00	1.11e-146
 1.06896e+12	6.72e-39	4.98e-29	4.70e-20	9.95e-12	1.10e-02	9.23e-01	6.59e-02	0.00e+00	0.00e+00	0.00e+00	0.00e+00	0.00e+00	0.00e+00
 1.13895e+12	0.00e+00	7.01e-29	6.10e-20	1.19e-11	1.21e-02	9.27e-01	6.10e-02	0.00e+00	0.00e+00	0.00e+00	0.00e+00	0.00e+00	1.43e-145
 1.21444e+12	1.59e-38	1.00e-28	8.00e-20	1.43e-11	1.34e-02	9.30e-01	5.62e-02	0.00e+00	0.00e+00	0.00e+00	0.00e+00	0.00e+00	0.00e+00
 1.28523e+12	0.00e+00	1.38e-28	1.02e-19	1.69e-11	1.47e-02	9.33e-01	5.22e-02	0.00e+00	0.00e+00	0.00e+00	0.00e+00	0.00e+00	1.81e-144
 1.34839e+12	3.34e-38	1.82e-28	1.26e-19	1.96e-11	1.58e-02	9.35e-01	4.90e-02	0.00e+00	0.00e+00	0.00e+00	0.00e+00	0.00e+00	6.01e-217
 1.41938e+12	0.00e+00	2.47e-28	1.60e-19	2.29e-11	1.72e-02	9.37e-01	4.56e-02	0.00e+00	0.00e+00	0.00e+00	0.00e+00	0.00e+00	1.61e-143
 1.50365e+12	7.51e-38	3.50e-28	2.08e-19	2.75e-11	1.90e-02	9.39e-01	4.20e-02	0.00e+00	0.00e+00	0.00e+00	0.00e+00	0.00e+00	0.00e+00
 1.58800e+12	0.00e+00	4.91e-28	2.70e-19	3.28e-11	2.08e-02	9.40e-01	3.88e-02	0.00e+00	0.00e+00	0.00e+00	0.00e+00	0.00e+00	2.09e-142
 1.66674e+12	1.67e-37	6.67e-28	3.40e-19	3.85e-11	2.27e-02	9.41e-01	3.60e-02	0.00e+00	0.00e+00	0.00e+00	0.00e+00	0.00e+00	0.00e+00
 1.75435e+12	0.00e+00	9.22e-28	4.36e-19	4.55e-11	2.48e-02	9.42e-01	3.33e-02	0.00e+00	0.00e+00	0.00e+00	0.00e+00	0.00e+00	2.19e-141
 1.85445e+12	3.91e-37	1.33e-27	5.77e-19	5.51e-11	2.73e-02	9.42e-01	3.05e-02	0.00e+00	0.00e+00	0.00e+00	0.00e+00	0.00e+00	0.00e+00
 1.95260e+12	0.00e+00	1.87e-27	7.50e-19	6.58e-11	3.00e-02	9.42e-01	2.81e-02	0.00e+00	0.00e+00	0.00e+00	0.00e+00	0.00e+00	3.05e-140
 2.05467e+12	9.15e-37	2.64e-27	9.75e-19	7.87e-11	3.29e-02	9.41e-01	2.58e-02	0.00e+00	0.00e+00	0.00e+00	0.00e+00	0.00e+00	0.00e+00
 2.16678e+12	0.00e+00	3.80e-27	1.29e-18	9.51e-11	3.63e-02	9.40e-01	2.35e-02	0.00e+00	0.00e+00	0.00e+00	0.00e+00	0.00e+00	4.23e-139
 2.27935e+12	2.23e-36	5.42e-27	1.69e-18	1.14e-10	3.99e-02	9.39e-01	2.15e-02	0.00e+00	0.00e+00	0.00e+00	0.00e+00	0.00e+00	0.00e+00
 2.39642e+12	0.00e+00	7.71e-27	2.21e-18	1.37e-10	4.39e-02	9.36e-01	1.97e-02	0.00e+00	0.00e+00	0.00e+00	0.00e+00	0.00e+00	5.80e-138
 2.52221e+12	5.43e-36	1.11e-26	2.93e-18	1.66e-10	4.84e-02	9.34e-01	1.79e-02	0.00e+00	0.00e+00	0.00e+00	0.00e+00	0.00e+00	0.00e+00
 2.64670e+12	0.00e+00	1.58e-26	3.83e-18	1.99e-10	5.30e-02	9.31e-01	1.64e-02	0.00e+00	0.00e+00	0.00e+00	0.00e+00	0.00e+00	8.19e-137
 2.77618e+12	1.29e-35	2.24e-26	5.00e-18	2.38e-10	5.81e-02	9.27e-01	1.50e-02	0.00e+00	0.00e+00	0.00e+00	0.00e+00	0.00e+00	0.00e+00
 2.91715e+12	0.00e+00	3.24e-26	6.63e-18	2.88e-10	6.40e-02	9.22e-01	1.36e-02	0.00e+00	0.00e+00	0.00e+00	0.00e+00	0.00e+00	1.16e-135
 3.06377e+12	3.20e-35	4.68e-26	8.79e-18	3.49e-10	7.04e-02	9.17e-01	1.23e-02	0.00e+00	0.00e+00	0.00e+00	0.00e+00	0.00e+00	0.00e+00
 3.21624e+12	0.00e+00	6.75e-26	1.17e-17	4.22e-10	7.74e-02	9.11e-01	1.11e-02	0.00e+00	0.00e+00	0.00e+00	0.00e+00	0.00e+00	1.74e-134
 3.37482e+12	7.94e-35	9.75e-26	1.54e-17	5.10e-10	8.50e-02	9.05e-01	1.01e-02	0.00e+00	0.00e+00	0.00e+00	0.00e+00	0.00e+00	0.00e+00
 3.53974e+12	1.25e-34	1.41e-25	2.05e-17	6.17e-10	9.33e-02	8.98e-01	9.09e-03	0.00e+00	0.00e+00	0.00e+00	0.00e+00	0.00e+00	2.13e-115
 3.68909e+12	1.85e-34	1.94e-25	2.62e-17	7.28e-10	1.01e-01	8.90e-01	8.31e-03	0.00e+00	0.00e+00	0.00e+00	0.00e+00	0.00e+00	9.79e-98
 3.81386e+12	2.54e-34	2.50e-25	3.19e-17	8.32e-10	1.08e-01	8.84e-01	7.72e-03	0.00e+00	0.00e+00	0.00e+00	0.00e+00	0.00e+00	0.00e+00
 3.95069e+12	3.57e-34	3.29e-25	3.94e-17	9.58e-10	1.16e-01	8.77e-01	7.13e-03	0.00e+00	0.00e+00	0.00e+00	0.00e+00	0.00e+00	3.42e-114
 4.12355e+12	5.39e-34	4.60e-25	5.09e-17	1.14e-09	1.26e-01	8.68e-01	6.46e-03	0.00e+00	0.00e+00	0.00e+00	0.00e+00	0.00e+00	1.06e-96
 4.30363e+12	8.14e-34	6.43e-25	6.59e-17	1.36e-09	1.36e-01	8.58e-01	5.85e-03	0.00e+00	0.00e+00	0.00e+00	0.00e+00	0.00e+00	6.66e-286
 4.45767e+12	1.14e-33	8.46e-25	8.15e-17	1.56e-09	1.46e-01	8.49e-01	5.38e-03	0.00e+00	0.00e+00	0.00e+00	0.00e+00	0.00e+00	7.48e-113
 4.61749e+12	1.60e-33	1.11e-24	1.01e-16	1.80e-09	1.56e-01	8.39e-01	4.94e-03	0.00e+00	0.00e+00	0.00e+00	0.00e+00	0.00e+00	1.21e-95
 4.81695e+12	2.41e-33	1.55e-24	1.30e-16	2.14e-09	1.69e-01	8.27e-01	4.45e-03	0.00e+00	0.00e+00	0.00e+00	0.00e+00	0.00e+00	3.31e-283
 5.01913e+12	3.58e-33	2.14e-24	1.67e-16	2.52e-09	1.82e-01	8.14e-01	4.02e-03	0.00e+00	0.00e+00	0.00e+00	0.00e+00	0.00e+00	1.56e-111
 5.19483e+12	4.97e-33	2.79e-24	2.05e-16	2.89e-09	1.94e-01	8.03e-01	3.68e-03	0.00e+00	0.00e+00	0.00e+00	0.00e+00	0.00e+00	1.51e-94
 5.38492e+12	7.00e-33	3.68e-24	2.54e-16	3.34e-09	2.07e-01	7.90e-01	3.36e-03	0.00e+00	0.00e+00	0.00e+00	0.00e+00	0.00e+00	9.48e-111
 5.61717e+12	1.05e-32	5.10e-24	3.27e-16	3.94e-09	2.23e-01	7.74e-01	3.01e-03	0.00e+00	0.00e+00	0.00e+00	0.00e+00	0.00e+00	7.96e-94
 5.85387e+12	1.55e-32	7.01e-24	4.17e-16	4.64e-09	2.39e-01	7.58e-01	2.70e-03	0.00e+00	0.00e+00	0.00e+00	0.00e+00	0.00e+00	8.02e-110
 6.07019e+12	2.18e-32	9.24e-24	5.17e-16	5.34e-09	2.54e-01	7.43e-01	2.44e-03	0.00e+00	0.00e+00	0.00e+00	0.00e+00	0.00e+00	4.11e-93
 6.31039e+12	3.13e-32	1.24e-23	6.48e-16	6.21e-09	2.71e-01	7.27e-01	2.20e-03	0.00e+00	0.00e+00	0.00e+00	0.00e+00	0.00e+00	5.43e-109
 6.59004e+12	4.68e-32	1.72e-23	8.34e-16	7.32e-09	2.91e-01	7.07e-01	1.95e-03	0.00e+00	0.00e+00	0.00e+00	0.00e+00	0.00e+00	2.31e-92
 6.86693e+12	6.84e-32	2.34e-23	1.06e-15	8.55e-09	3.10e-01	6.88e-01	1.74e-03	0.00e+00	0.00e+00	0.00e+00	0.00e+00	0.00e+00	4.64e-108
 7.13144e+12	9.67e-32	3.09e-23	1.31e-15	9.84e-09	3.28e-01	6.70e-01	1.56e-03	0.00e+00	0.00e+00	0.00e+00	0.00e+00	0.00e+00	1.20e-91
 7.42317e+12	1.39e-31	4.15e-23	1.64e-15	1.14e-08	3.48e-01	6.50e-01	1.39e-03	0.00e+00	0.00e+00	0.00e+00	0.00e+00	0.00e+00	3.32e-107
 7.75002e+12	2.05e-31	5.68e-23	2.09e-15	1.33e-08	3.70e-01	6.29e-01	1.22e-03	0.00e+00	0.00e+00	0.00e+00	0.00e+00	0.00e+00	6.75e-91
 8.07850e+12	2.98e-31	7.66e-23	2.63e-15	1.55e-08	3.92e-01	6.07e-01	1.08e-03	0.00e+00	0.00e+00	0.00e+00	0.00e+00	0.00e+00	2.79e-106
 8.37295e+12	4.09e-31	9.90e-23	3.20e-15	1.75e-08	4.11e-01	5.88e-01	9.70e-04	0.00e+00	0.00e+00	0.00e+00	0.00e+00	0.00e+00	3.33e-90
 8.62257e+12	5.30e-31	1.22e-22	3.75e-15	1.94e-08	4.27e-01	5.73e-01	8.87e-04	0.00e+00	0.00e+00	0.00e+00	0.00e+00	0.00e+00	1.43e-105
 8.89168e+12	6.95e-31	1.52e-22	4.42e-15	2.15e-08	4.43e-01	5.56e-01	8.07e-04	0.00e+00	0.00e+00	0.00e+00	0.00e+00	0.00e+00	1.14e-89
 9.23963e+12	9.71e-31	1.98e-22	5.42e-15	2.45e-08	4.64e-01	5.35e-01	7.16e-04	0.00e+00	0.00e+00	0.00e+00	0.00e+00	0.00e+00	8.04e-105
 9.60249e+12	1.36e-30	2.59e-22	6.65e-15	2.79e-08	4.85e-01	5.14e-01	6.34e-04	0.00e+00	0.00e+00	0.00e+00	0.00e+00	0.00e+00	5.52e-89
 9.91367e+12	1.79e-30	3.23e-22	7.85e-15	3.10e-08	5.02e-01	4.97e-01	5.72e-04	0.00e+00	0.00e+00	0.00e+00	0.00e+00	0.00e+00	4.65e-104
 1.02453e+13	2.37e-30	4.05e-22	9.30e-15	3.44e-08	5.20e-01	4.79e-01	5.15e-04	0.00e+00	0.00e+00	0.00e+00	0.00e+00	0.00e+00	2.07e-88
 1.06563e+13	3.31e-30	5.29e-22	1.14e-14	3.90e-08	5.41e-01	4.58e-01	4.52e-04	0.00e+00	0.00e+00	0.00e+00	0.00e+00	0.00e+00	2.81e-103
 1.10784e+13	4.60e-30	6.88e-22	1.39e-14	4.41e-08	5.62e-01	4.37e-01	3.98e-04	0.00e+00	0.00e+00	0.00e+00	0.00e+00	0.00e+00	1.02e-87
 1.14588e+13	6.11e-30	8.62e-22	1.64e-14	4.89e-08	5.80e-01	4.20e-01	3.55e-04	0.00e+00	0.00e+00	0.00e+00	0.00e+00	0.00e+00	1.70e-102
 1.18771e+13	8.25e-30	1.09e-21	1.96e-14	5.45e-08	5.99e-01	4.01e-01	3.15e-04	0.00e+00	0.00e+00	0.00e+00	0.00e+00	0.00e+00	4.18e-87
 1.23341e+13	1.13e-29	1.40e-21	2.36e-14	6.10e-08	6.18e-01	3.82e-01	2.76e-04	0.00e+00	0.00e+00	0.00e+00	0.00e+00	0.00e+00	1.06e-101
 1.27495e+13	1.49e-29	1.75e-21	2.78e-14	6.73e-08	6.35e-01	3.65e-01	2.46e-04	0.00e+00	0.00e+00	0.00e+00	0.00e+00	0.00e+00	1.76e-86
 1.31977e+13	1.98e-29	2.19e-21	3.28e-14	7.44e-08	6.52e-01	3.48e-01	2.19e-04	0.00e+00	0.00e+00	0.00e+00	0.00e+00	0.00e+00	5.64e-101
 1.37010e+13	2.69e-29	2.79e-21	3.92e-14	8.28e-08	6.70e-01	3.30e-01	1.92e-04	0.00e+00	0.00e+00	0.00e+00	0.00e+00	0.00e+00	7.57e-86
 1.41781e+13	3.56e-29	3.48e-21	4.62e-14	9.12e-08	6.86e-01	3.14e-01	1.70e-04	0.00e+00	0.00e+00	0.00e+00	0.00e+00	0.00e+00	3.32e-100
 1.47003e+13	4.77e-29	4.38e-21	5.47e-14	1.01e-07	7.02e-01	2.98e-01	1.49e-04	0.00e+00	0.00e+00	0.00e+00	0.00e+00	0.00e+00	3.15e-85
 1.52784e+13	6.53e-29	5.61e-21	6.55e-14	1.12e-07	7.19e-01	2.81e-01	1.30e-04	0.00e+00	0.00e+00	0.00e+00	0.00e+00	0.00e+00	2.11e-99
 1.58158e+13	8.63e-29	6.98e-21	7.69e-14	1.23e-07	7.33e-01	2.67e-01	1.14e-04	0.00e+00	0.00e+00	0.00e+00	0.00e+00	0.00e+00	1.39e-84
 1.64011e+13	1.16e-28	8.77e-21	9.09e-14	1.36e-07	7.48e-01	2.52e-01	1.00e-04	0.00e+00	0.00e+00	0.00e+00	0.00e+00	0.00e+00	1.22e-98
 1.70567e+13	1.58e-28	1.12e-20	1.09e-13	1.51e-07	7.63e-01	2.36e-01	8.67e-05	0.00e+00	0.00e+00	0.00e+00	0.00e+00	0.00e+00	6.40e-84
 1.76775e+13	2.11e-28	1.40e-20	1.28e-13	1.65e-07	7.77e-01	2.23e-01	7.59e-05	0.00e+00	0.00e+00	0.00e+00	0.00e+00	0.00e+00	7.79e-98
 1.83478e+13	2.83e-28	1.77e-20	1.51e-13	1.82e-07	7.90e-01	2.10e-01	6.61e-05	0.00e+00	0.00e+00	0.00e+00	0.00e+00	0.00e+00	2.83e-83
 1.90944e+13	3.89e-28	2.26e-20	1.80e-13	2.01e-07	8.04e-01	1.96e-01	5.69e-05	0.00e+00	0.00e+00	0.00e+00	0.00e+00	0.00e+00	5.25e-97
 1.98140e+13	5.21e-28	2.84e-20	2.12e-13	2.20e-07	8.16e-01	1.84e-01	4.95e-05	0.00e+00	0.00e+00	0.00e+00	0.00e+00	0.00e+00	1.35e-82
 2.05796e+13	7.03e-28	3.59e-20	2.51e-13	2.42e-07	8.27e-01	1.73e-01	4.28e-05	0.00e+00	0.00e+00	0.00e+00	0.00e+00	0.00e+00	3.37e-96
 2.14327e+13	9.68e-28	4.60e-20	3.00e-13	2.67e-07	8.39e-01	1.61e-01	3.67e-05	0.00e+00	0.00e+00	0.00e+00	0.00e+00	0.00e+00	6.68e-82
 2.22886e+13	1.32e-27	5.84e-20	3.55e-13	2.94e-07	8.50e-01	1.50e-01	3.16e-05	0.00e+00	0.00e+00	0.00e+00	0.00e+00	0.00e+00	2.44e-95
 2.31786e+13	1.79e-27	7.41e-20	4.21e-13	3.23e-07	8.60e-01	1.40e-01	2.72e-05	0.00e+00	0.00e+00	0.00e+00	0.00e+00	0.00e+00	3.33e-81
 2.41357e+13	2.46e-27	9.46e-20	5.01e-13	3.55e-07	8.70e-01	1.30e-01	2.32e-05	0.00e+00	0.00e+00	0.00e+00	0.00e+00	0.00e+00	1.77e-94
 2.51310e+13	3.38e-27	1.21e-19	5.95e-13	3.90e-07	8.79e-01	1.21e-01	1.99e-05	0.00e+00	0.00e+00	0.00e+00	0.00e+00	0.00e+00	1.75e-80
 2.61102e+13	4.56e-27	1.52e-19	7.00e-13	4.26e-07	8.87e-01	1.13e-01	1.71e-05	0.00e+00	0.00e+00	0.00e+00	0.00e+00	0.00e+00	1.26e-93
 2.70202e+13	5.96e-27	1.87e-19	8.09e-13	4.61e-07	8.94e-01	1.06e-01	1.50e-05	0.00e+00	0.00e+00	0.00e+00	0.00e+00	0.00e+00	7.80e-80
 2.78409e+13	7.53e-27	2.24e-19	9.17e-13	4.94e-07	9.00e-01	1.00e-01	1.33e-05	0.00e+00	0.00e+00	0.00e+00	0.00e+00	0.00e+00	6.24e-93
 2.87209e+13	9.61e-27	2.70e-19	1.05e-12	5.30e-07	9.05e-01	9.48e-02	1.18e-05	0.00e+00	0.00e+00	0.00e+00	0.00e+00	0.00e+00	2.77e-79
 2.98176e+13	1.29e-26	3.38e-19	1.22e-12	5.76e-07	9.12e-01	8.84e-02	1.02e-05	0.00e+00	0.00e+00	0.00e+00	0.00e+00	0.00e+00	3.48e-92
 3.09176e+13	1.71e-26	4.20e-19	1.42e-12	6.25e-07	9.17e-01	8.26e-02	8.86e-06	0.00e+00	0.00e+00	0.00e+00	0.00e+00	0.00e+00	1.28e-78
 3.18619e+13	2.17e-26	5.02e-19	1.61e-12	6.68e-07	9.22e-01	7.80e-02	7.88e-06	0.00e+00	0.00e+00	0.00e+00	0.00e+00	0.00e+00	1.84e-91
 3.28823e+13	2.77e-26	6.07e-19	1.83e-12	7.15e-07	9.26e-01	7.35e-02	6.96e-06	0.00e+00	0.00e+00	0.00e+00	0.00e+00	0.00e+00	4.66e-78
 3.41433e+13	3.72e-26	7.59e-19	2.14e-12	7.76e-07	9.31e-01	6.85e-02	6.01e-06	0.00e+00	0.00e+00	0.00e+00	0.00e+00	0.00e+00	1.05e-90
 3.54059e+13	4.94e-26	9.43e-19	2.49e-12	8.40e-07	9.36e-01	6.39e-02	5.21e-06	0.00e+00	0.00e+00	0.00e+00	0.00e+00	0.00e+00	2.20e-77
 3.64962e+13	6.28e-26	1.13e-18	2.82e-12	8.97e-07	9.40e-01	6.04e-02	4.63e-06	0.00e+00	0.00e+00	0.00e+00	0.00e+00	0.00e+00	5.66e-90
 3.76736e+13	8.05e-26	1.37e-18	3.21e-12	9.60e-07	9.43e-01	5.68e-02	4.09e-06	0.00e+00	0.00e+00	0.00e+00	0.00e+00	0.00e+00	8.17e-77
 3.91208e+13	1.08e-25	1.71e-18	3.74e-12	1.04e-06	9.47e-01	5.29e-02	3.52e-06	0.00e+00	0.00e+00	0.00e+00	0.00e+00	0.00e+00	1.81e-76
 4.05808e+13	1.44e-25	2.13e-18	4.34e-12	1.12e-06	9.51e-01	4.93e-02	3.05e-06	0.00e+00	0.00e+00	0.00e+00	0.00e+00	0.00e+00	3.93e-76
 4.18739e+13	1.85e-25	2.56e-18	4.93e-12	1.20e-06	9.54e-01	4.64e-02	2.70e-06	0.00e+00	0.00e+00	0.00e+00	0.00e+00	0.00e+00	7.69e-76
 4.32879e+13	2.40e-25	3.12e-18	5.64e-12	1.29e-06	9.56e-01	4.36e-02	2.37e-06	0.00e+00	0.00e+00	0.00e+00	0.00e+00	0.00e+00	1.56e-75
 4.49838e+13	3.24e-25	3.93e-18	6.60e-12	1.40e-06	9.60e-01	4.04e-02	2.04e-06	0.00e+00	0.00e+00	0.00e+00	0.00e+00	0.00e+00	3.53e-75
 4.66737e+13	4.33e-25	4.89e-18	7.66e-12	1.51e-06	9.62e-01	3.77e-02	1.76e-06	0.00e+00	0.00e+00	0.00e+00	0.00e+00	0.00e+00	7.77e-75
 4.82122e+13	5.60e-25	5.94e-18	8.72e-12	1.61e-06	9.65e-01	3.54e-02	1.55e-06	0.00e+00	0.00e+00	0.00e+00	0.00e+00	0.00e+00	1.56e-74
 4.99266e+13	7.37e-25	7.31e-18	1.00e-11	1.73e-06	9.67e-01	3.31e-02	1.35e-06	0.00e+00	0.00e+00	0.00e+00	0.00e+00	0.00e+00	3.30e-74
 5.19284e+13	1.00e-24	9.23e-18	1.18e-11	1.88e-06	9.69e-01	3.07e-02	1.16e-06	0.00e+00	0.00e+00	0.00e+00	0.00e+00	0.00e+00	7.66e-74
 5.39017e+13	1.35e-24	1.15e-17	1.37e-11	2.03e-06	9.71e-01	2.85e-02	1.00e-06	0.00e+00	0.00e+00	0.00e+00	0.00e+00	0.00e+00	1.71e-73
 5.57678e+13	1.76e-24	1.41e-17	1.57e-11	2.17e-06	9.73e-01	2.67e-02	8.75e-07	0.00e+00	0.00e+00	0.00e+00	0.00e+00	0.00e+00	3.56e-73
 5.78424e+13	2.35e-24	1.75e-17	1.81e-11	2.34e-06	9.75e-01	2.49e-02	0.00e+00	0.00e+00	0.00e+00	0.00e+00	0.00e+00	0.00e+00	7.82e-73
 6.01860e+13	3.22e-24	2.22e-17	2.13e-11	2.54e-06	9.77e-01	2.30e-02	0.00e+00	0.00e+00	0.00e+00	0.00e+00	0.00e+00	0.00e+00	1.84e-72
 6.25385e+13	4.36e-24	2.79e-17	2.48e-11	2.75e-06	9.79e-01	2.14e-02	0.00e+00	0.00e+00	0.00e+00	0.00e+00	0.00e+00	0.00e+00	4.20e-72
 6.49851e+13	5.90e-24	3.51e-17	2.89e-11	2.97e-06	9.80e-01	1.98e-02	0.00e+00	0.00e+00	0.00e+00	0.00e+00	0.00e+00	0.00e+00	9.62e-72
 6.76145e+13	8.07e-24	4.44e-17	3.39e-11	3.22e-06	9.82e-01	1.83e-02	0.00e+00	0.00e+00	0.00e+00	0.00e+00	0.00e+00	0.00e+00	2.26e-71
 7.01598e+13	1.08e-23	5.53e-17	3.93e-11	3.47e-06	9.83e-01	1.70e-02	0.00e+00	0.00e+00	0.00e+00	0.00e+00	1.77e-17	3.76e-17	5.02e-71
 7.25527e+13	1.41e-23	6.76e-17	4.50e-11	3.72e-06	9.84e-01	1.60e-02	0.00e+00	0.00e+00	0.00e+00	0.00e+00	2.24e-17	4.51e-17	1.04e-70
 7.52305e+13	1.87e-23	8.38e-17	5.20e-11	4.00e-06	9.85e-01	1.49e-02	0.00e+00	0.00e+00	0.00e+00	0.00e+00	2.78e-17	5.60e-17	2.26e-70
 7.79301e+13	2.48e-23	1.03e-16	5.99e-11	4.30e-06	9.86e-01	1.38e-02	0.00e+00	0.00e+00	0.00e+00	0.00e+00	3.43e-17	6.90e-17	4.82e-70
 8.01706e+13	3.10e-23	1.22e-16	6.71e-11	4.55e-06	9.87e-01	1.31e-02	0.00e+00	0.00e+00	0.00e+00	0.00e+00	4.06e-17	8.17e-17	8.89e-70
 8.25415e+13	3.89e-23	1.45e-16	7.54e-11	4.83e-06	9.88e-01	1.24e-02	0.00e+00	0.00e+00	0.00e+00	0.00e+00	4.82e-17	9.71e-17	1.66e-69
 8.55742e+13	5.17e-23	1.80e-16	8.71e-11	5.20e-06	9.88e-01	1.15e-02	0.00e+00	0.00e+00	0.00e+00	0.00e+00	5.98e-17	1.20e-16	3.61e-69
 8.87562e+13	6.89e-23	2.24e-16	1.01e-10	5.61e-06	9.89e-01	1.07e-02	0.00e+00	0.00e+00	0.00e+00	0.00e+00	7.42e-17	1.49e-16	7.97e-69
 9.15679e+13	8.81e-23	2.69e-16	1.14e-10	5.97e-06	9.90e-01	1.00e-02	0.00e+00	0.00e+00	0.00e+00	0.00e+00	8.94e-17	1.80e-16	1.54e-68
 9.46094e+13	1.14e-22	3.27e-16	1.30e-10	6.39e-06	9.91e-01	9.40e-03	0.00e+00	0.00e+00	0.00e+00	0.00e+00	1.08e-16	2.18e-16	3.11e-68
 9.82701e+13	1.53e-22	4.09e-16	1.52e-10	6.91e-06	9.91e-01	8.71e-03	0.00e+00	0.00e+00	0.00e+00	0.00e+00	1.36e-16	2.74e-16	6.99e-68
 1.01982e+14	2.05e-22	5.10e-16	1.76e-10	7.45e-06	9.92e-01	8.08e-03	0.00e+00	0.00e+00	0.00e+00	0.00e+00	1.69e-16	3.41e-16	1.54e-67
 1.05454e+14	2.67e-22	6.22e-16	2.02e-10	7.98e-06	9.92e-01	7.56e-03	0.00e+00	0.00e+00	0.00e+00	0.00e+00	2.06e-16	4.16e-16	3.16e-67
 1.09315e+14	3.54e-22	7.70e-16	2.33e-10	8.59e-06	9.93e-01	7.02e-03	0.00e+00	0.00e+00	0.00e+00	0.00e+00	2.56e-16	5.15e-16	6.78e-67
 1.13413e+14	4.72e-22	9.58e-16	2.71e-10	9.27e-06	9.93e-01	6.52e-03	0.00e+00	0.00e+00	0.00e+00	0.00e+00	3.18e-16	6.40e-16	1.49e-66
 1.17056e+14	6.04e-22	1.16e-15	3.08e-10	9.90e-06	9.94e-01	6.11e-03	0.00e+00	0.00e+00	0.00e+00	0.00e+00	3.83e-16	7.72e-16	2.91e-66
 1.20975e+14	7.82e-22	1.40e-15	3.52e-10	1.06e-05	9.94e-01	5.72e-03	0.00e+00	0.00e+00	0.00e+00	0.00e+00	4.66e-16	9.39e-16	5.87e-66
 1.25668e+14	1.05e-21	1.76e-15	4.10e-10	1.15e-05	9.95e-01	5.29e-03	0.00e+00	0.00e+00	0.00e+00	0.00e+00	5.84e-16	1.18e-15	1.32e-65
 1.30286e+14	1.40e-21	2.18e-15	4.75e-10	1.24e-05	9.95e-01	4.91e-03	0.00e+00	0.00e+00	0.00e+00	0.00e+00	7.23e-16	1.46e-15	2.83e-65
 1.34398e+14	1.78e-21	2.62e-15	5.38e-10	1.32e-05	9.95e-01	4.61e-03	0.00e+00	0.00e+00	0.00e+00	0.00e+00	8.69e-16	1.75e-15	5.48e-65
 1.38937e+14	2.31e-21	3.19e-15	6.16e-10	1.41e-05	9.96e-01	4.31e-03	0.00e+00	0.00e+00	0.00e+00	0.00e+00	1.06e-15	2.13e-15	1.11e-64
 1.44347e+14	3.11e-21	4.00e-15	7.19e-10	1.53e-05	9.96e-01	3.98e-03	0.00e+00	0.00e+00	0.00e+00	0.00e+00	1.33e-15	2.67e-15	2.49e-64
 1.49717e+14	4.13e-21	4.97e-15	8.34e-10	1.65e-05	9.96e-01	3.70e-03	0.00e+00	0.00e+00	0.00e+00	0.00e+00	1.65e-15	3.32e-15	5.40e-64
 1.54626e+14	5.32e-21	6.01e-15	9.50e-10	1.76e-05	9.97e-01	3.46e-03	0.00e+00	0.00e+00	0.00e+00	0.00e+00	1.99e-15	4.02e-15	1.07e-63
 1.60107e+14	6.97e-21	7.39e-15	1.09e-09	1.90e-05	9.97e-01	3.22e-03	0.00e+00	0.00e+00	0.00e+00	0.00e+00	2.45e-15	4.94e-15	2.24e-63
 1.66484e+14	9.45e-21	9.31e-15	1.28e-09	2.06e-05	9.97e-01	2.97e-03	0.00e+00	0.00e+00	0.00e+00	0.00e+00	3.09e-15	6.22e-15	5.11e-63
 1.72748e+14	1.26e-20	1.16e-14	1.49e-09	2.22e-05	9.97e-01	2.76e-03	0.00e+00	0.00e+00	0.00e+00	0.00e+00	3.84e-15	7.75e-15	1.12e-62
 1.78672e+14	1.64e-20	1.41e-14	1.70e-09	2.38e-05	9.97e-01	2.57e-03	0.00e+00	0.00e+00	0.00e+00	0.00e+00	4.69e-15	9.46e-15	2.29e-62
 1.85259e+14	2.17e-20	1.75e-14	1.97e-09	2.57e-05	9.98e-01	2.39e-03	0.00e+00	0.00e+00	0.00e+00	0.00e+00	5.80e-15	1.17e-14	4.94e-62
 1.92699e+14	2.95e-20	2.21e-14	2.31e-09	2.78e-05	9.98e-01	2.20e-03	0.00e+00	0.00e+00	0.00e+00	0.00e+00	7.32e-15	1.48e-14	1.14e-61
 1.99756e+14	3.92e-20	2.74e-14	2.67e-09	3.00e-05	9.98e-01	2.05e-03	0.00e+00	0.00e+00	0.00e+00	0.00e+00	9.06e-15	1.83e-14	2.46e-61
 2.06180e+14	5.01e-20	3.30e-14	3.04e-09	3.20e-05	9.98e-01	1.92e-03	0.00e+00	0.00e+00	0.00e+00	0.00e+00	1.09e-14	2.21e-14	4.81e-61
 2.13450e+14	6.57e-20	4.05e-14	3.49e-09	3.43e-05	9.98e-01	1.79e-03	0.00e+00	0.00e+00	0.00e+00	0.00e+00	1.34e-14	2.71e-14	1.01e-60
 2.21925e+14	8.90e-20	5.10e-14	4.09e-09	3.72e-05	9.98e-01	1.65e-03	0.00e+00	0.00e+00	0.00e+00	0.00e+00	1.69e-14	3.41e-14	2.31e-60
 2.30058e+14	1.18e-19	6.31e-14	4.72e-09	4.01e-05	9.98e-01	1.53e-03	0.00e+00	0.00e+00	0.00e+00	0.00e+00	2.09e-14	4.22e-14	4.99e-60
 2.37421e+14	1.51e-19	7.60e-14	5.36e-09	4.27e-05	9.99e-01	1.44e-03	0.00e+00	0.00e+00	0.00e+00	0.00e+00	2.52e-14	5.09e-14	9.77e-60
 2.44351e+14	1.89e-19	9.01e-14	6.02e-09	4.53e-05	9.99e-01	1.35e-03	0.00e+00	0.00e+00	0.00e+00	0.00e+00	2.98e-14	6.03e-14	1.81e-59
 2.52020e+14	2.41e-19	1.08e-13	6.81e-09	4.83e-05	9.99e-01	1.27e-03	0.00e+00	0.00e+00	0.00e+00	0.00e+00	3.58e-14	7.24e-14	3.50e-59
 2.60594e+14	3.13e-19	1.32e-13	7.79e-09	5.17e-05	9.99e-01	1.19e-03	0.00e+00	0.00e+00	0.00e+00	0.00e+00	4.36e-14	8.83e-14	7.18e-59
 2.68700e+14	3.98e-19	1.58e-13	8.81e-09	5.50e-05	9.99e-01	1.12e-03	0.00e+00	0.00e+00	0.00e+00	0.00e+00	5.23e-14	1.06e-13	1.39e-58
 2.77592e+14	5.14e-19	1.92e-13	1.00e-08	5.88e-05	9.99e-01	1.04e-03	0.00e+00	0.00e+00	0.00e+00	0.00e+00	6.34e-14	1.28e-13	2.79e-58
 2.87545e+14	6.77e-19	2.36e-13	1.16e-08	6.32e-05	9.99e-01	9.72e-04	0.00e+00	0.00e+00	0.00e+00	0.00e+00	7.81e-14	1.58e-13	5.94e-58
 2.96938e+14	8.71e-19	2.86e-13	1.32e-08	6.75e-05	9.99e-01	9.11e-04	0.00e+00	0.00e+00	0.00e+00	0.00e+00	9.45e-14	1.92e-13	1.19e-57
 3.07211e+14	1.14e-18	3.50e-13	1.51e-08	7.23e-05	9.99e-01	8.49e-04	0.00e+00	0.00e+00	0.00e+00	0.00e+00	1.16e-13	2.34e-13	2.47e-57
 3.18570e+14	1.51e-18	4.34e-13	1.75e-08	7.79e-05	9.99e-01	7.89e-04	0.00e+00	0.00e+00	0.00e+00	0.00e+00	1.43e-13	2.91e-13	5.40e-57
 3.29065e+14	1.95e-18	5.26e-13	1.99e-08	8.32e-05	9.99e-01	7.38e-04	0.00e+00	0.00e+00	0.00e+00	0.00e+00	1.74e-13	3.52e-13	1.09e-56
 3.40432e+14	2.55e-18	6.43e-13	2.28e-08	8.92e-05	9.99e-01	6.89e-04	0.00e+00	0.00e+00	0.00e+00	0.00e+00	2.12e-13	4.31e-13	2.26e-56
 3.53131e+14	3.39e-18	7.99e-13	2.64e-08	9.62e-05	9.99e-01	6.39e-04	0.00e+00	0.00e+00	0.00e+00	0.00e+00	2.64e-13	5.36e-13	4.97e-56
 3.65058e+14	4.41e-18	9.74e-13	3.02e-08	1.03e-04	9.99e-01	5.97e-04	0.00e+00	0.00e+00	0.00e+00	0.00e+00	3.21e-13	6.53e-13	1.02e-55
 3.78057e+14	5.79e-18	1.20e-12	3.47e-08	1.11e-04	9.99e-01	5.56e-04	0.00e+00	0.00e+00	0.00e+00	0.00e+00	3.95e-13	8.03e-13	2.16e-55
 3.92512e+14	7.76e-18	1.49e-12	4.04e-08	1.19e-04	9.99e-01	5.15e-04	0.00e+00	0.00e+00	0.00e+00	0.00e+00	4.92e-13	1.00e-12	4.84e-55
 4.06020e+14	1.01e-17	1.83e-12	4.63e-08	1.28e-04	9.99e-01	4.80e-04	0.00e+00	0.00e+00	0.00e+00	0.00e+00	6.01e-13	1.22e-12	1.00e-54
 4.20683e+14	1.33e-17	2.25e-12	5.34e-08	1.38e-04	9.99e-01	4.46e-04	0.00e+00	0.00e+00	0.00e+00	0.00e+00	7.41e-13	1.51e-12	2.14e-54
 4.37080e+14	1.79e-17	2.82e-12	6.22e-08	1.49e-04	9.99e-01	4.12e-04	0.00e+00	0.00e+00	0.00e+00	0.00e+00	9.28e-13	1.89e-12	4.86e-54
 4.52651e+14	2.35e-17	3.47e-12	7.17e-08	1.60e-04	9.99e-01	3.84e-04	0.00e+00	0.00e+00	0.00e+00	0.00e+00	1.14e-12	2.33e-12	1.03e-53
 4.69306e+14	3.11e-17	4.29e-12	8.29e-08	1.73e-04	9.99e-01	3.56e-04	0.00e+00	0.00e+00	0.00e+00	0.00e+00	1.41e-12	2.88e-12	2.22e-53
 4.88109e+14	4.21e-17	5.40e-12	9.72e-08	1.87e-04	9.99e-01	3.28e-04	0.00e+00	0.00e+00	0.00e+00	0.00e+00	1.78e-12	3.63e-12	5.13e-53
 5.06639e+14	5.61e-17	6.72e-12	1.13e-07	2.02e-04	9.99e-01	3.03e-04	0.00e+00	4.62e-18	1.39e-17	2.32e-17	2.21e-12	4.51e-12	1.13e-52
 5.25910e+14	7.46e-17	8.36e-12	1.31e-07	2.19e-04	1.00e+00	2.80e-04	0.00e+00	6.15e-18	1.85e-17	3.08e-17	2.75e-12	5.62e-12	2.50e-52
 5.46977e+14	1.01e-16	1.05e-11	1.54e-07	2.38e-04	1.00e+00	2.58e-04	0.00e+00	8.29e-18	2.49e-17	4.16e-17	3.45e-12	7.06e-12	5.71e-52
 5.67787e+14	1.34e-16	1.31e-11	1.79e-07	2.57e-04	1.00e+00	2.39e-04	0.00e+00	1.10e-17	3.31e-17	5.53e-17	4.29e-12	8.78e-12	1.26e-51
 5.85096e+14	1.68e-16	1.56e-11	2.02e-07	2.74e-04	1.00e+00	2.24e-04	0.00e+00	1.38e-17	4.16e-17	6.95e-17	5.11e-12	1.05e-11	2.37e-51
 5.99082e+14	2.00e-16	1.78e-11	2.23e-07	2.88e-04	9.99e-01	2.13e-04	0.00e+00	1.65e-17	4.96e-17	8.29e-17	5.85e-12	1.20e-11	3.86e-51
 6.14601e+14	2.43e-16	2.07e-11	2.47e-07	3.05e-04	9.99e-01	2.01e-04	0.00e+00	2.00e-17	6.01e-17	1.00e-16	6.78e-12	1.39e-11	6.58e-51
 6.34776e+14	3.09e-16	2.49e-11	2.82e-07	3.27e-04	9.99e-01	1.88e-04	0.00e+00	2.55e-17	7.65e-17	1.28e-16	8.16e-12	1.68e-11	1.29e-50
 6.56408e+14	3.96e-16	3.02e-11	3.23e-07	3.52e-04	9.99e-01	1.75e-04	0.00e+00	3.27e-17	9.82e-17	1.64e-16	9.90e-12	2.03e-11	2.58e-50
 6.75605e+14	4.90e-16	3.57e-11	3.64e-07	3.74e-04	9.99e-01	1.64e-04	0.00e+00	4.05e-17	1.22e-16	2.03e-16	1.17e-11	2.40e-11	4.67e-50
 6.96230e+14	6.11e-16	4.24e-11	4.11e-07	4.00e-04	9.99e-01	1.54e-04	0.00e+00	5.05e-17	1.52e-16	2.54e-16	1.39e-11	2.85e-11	8.70e-50
 7.22061e+14	7.98e-16	5.22e-11	4.77e-07	4.33e-04	9.99e-01	1.42e-04	0.00e+00	6.60e-17	1.98e-16	3.31e-16	1.71e-11	3.51e-11	1.84e-49
 7.48266e+14	1.03e-15	6.39e-11	5.52e-07	4.69e-04	9.99e-01	1.31e-04	0.00e+00	8.56e-17	2.57e-16	4.29e-16	2.09e-11	4.30e-11	3.82e-49
 7.71002e+14	1.28e-15	7.57e-11	6.24e-07	5.01e-04	9.99e-01	1.23e-04	0.00e+00	1.06e-16	3.19e-16	5.34e-16	2.48e-11	5.10e-11	7.05e-49
 7.95621e+14	1.60e-15	9.03e-11	7.10e-07	5.38e-04	9.99e-01	1.15e-04	0.00e+00	1.33e-16	4.00e-16	6.68e-16	2.95e-11	6.08e-11	1.33e-48
 8.25742e+14	2.09e-15	1.11e-10	8.27e-07	5.85e-04	9.99e-01	1.06e-04	0.00e+00	1.74e-16	5.22e-16	8.72e-16	3.64e-11	7.50e-11	2.84e-48
 8.56139e+14	2.70e-15	1.36e-10	9.59e-07	6.34e-04	9.99e-01	9.75e-05	0.00e+00	2.24e-16	6.74e-16	1.13e-15	4.46e-11	9.18e-11	5.92e-48
 8.83203e+14	3.35e-15	1.62e-10	1.09e-06	6.81e-04	9.99e-01	9.09e-05	0.00e+00	2.79e-16	8.38e-16	1.40e-15	5.30e-11	1.09e-10	1.11e-47
 9.12811e+14	4.22e-15	1.95e-10	1.25e-06	7.34e-04	9.99e-01	8.45e-05	0.00e+00	3.52e-16	1.06e-15	1.76e-15	6.36e-11	1.31e-10	2.16e-47
 9.48152e+14	5.49e-15	2.40e-10	1.46e-06	8.00e-04	9.99e-01	7.76e-05	0.00e+00	4.58e-16	1.37e-15	2.30e-15	7.85e-11	1.62e-10	4.67e-47
 9.83097e+14	7.04e-15	2.93e-10	1.69e-06	8.68e-04	9.99e-01	7.15e-05	0.00e+00	5.88e-16	1.76e-15	2.95e-15	9.58e-11	1.97e-10	9.71e-47
 1.01470e+15	8.72e-15	3.49e-10	1.92e-06	9.33e-04	9.99e-01	6.66e-05	0.00e+00	7.29e-16	2.19e-15	3.66e-15	1.14e-10	2.35e-10	1.84e-46
 1.04982e+15	1.10e-14	4.20e-10	2.20e-06	1.01e-03	9.99e-01	6.17e-05	0.00e+00	9.19e-16	2.76e-15	4.61e-15	1.37e-10	2.82e-10	3.66e-46
 1.09108e+15	1.42e-14	5.18e-10	2.58e-06	1.10e-03	9.99e-01	5.66e-05	0.00e+00	1.19e-15	3.58e-15	5.98e-15	1.69e-10	3.48e-10	7.98e-46
 1.13174e+15	1.82e-14	6.31e-10	2.99e-06	1.20e-03	9.99e-01	5.21e-05	0.00e+00	1.53e-15	4.58e-15	7.65e-15	2.06e-10	4.25e-10	1.68e-45
 1.16960e+15	2.26e-14	7.54e-10	3.42e-06	1.29e-03	9.99e-01	4.84e-05	0.00e+00	1.90e-15	5.71e-15	9.53e-15	2.47e-10	5.08e-10	3.27e-45
 1.21198e+15	2.87e-14	9.14e-10	3.94e-06	1.40e-03	9.99e-01	4.47e-05	0.00e+00	2.41e-15	7.23e-15	1.21e-14	2.99e-10	6.15e-10	6.74e-45
 1.26049e+15	3.71e-14	1.13e-09	4.62e-06	1.53e-03	9.98e-01	4.09e-05	0.00e+00	3.12e-15	9.38e-15	1.57e-14	3.70e-10	7.60e-10	1.50e-44
 1.30834e+15	4.56e-14	1.38e-09	5.37e-06	1.67e-03	9.98e-01	3.76e-05	0.00e+00	3.84e-15	1.15e-14	1.93e-14	4.52e-10	9.29e-10	3.17e-44
 1.35811e+15	5.79e-14	1.69e-09	6.24e-06	1.82e-03	9.98e-01	3.46e-05	0.00e+00	4.89e-15	1.47e-14	2.45e-14	5.52e-10	1.14e-09	6.81e-44
 1.40337e+15	7.12e-14	2.01e-09	7.12e-06	1.96e-03	9.98e-01	3.21e-05	0.00e+00	6.02e-15	1.81e-14	3.02e-14	6.59e-10	1.35e-09	1.33e-43
 1.43719e+15	8.27e-14	2.29e-09	7.84e-06	2.07e-03	9.98e-01	3.05e-05	0.00e+00	7.00e-15	2.10e-14	3.51e-14	7.49e-10	1.54e-09	2.17e-43
 1.47216e+15	9.63e-14	2.60e-09	8.63e-06	2.19e-03	9.98e-01	2.89e-05	0.00e+00	8.16e-15	2.45e-14	4.09e-14	8.52e-10	1.75e-09	3.56e-43
 1.51761e+15	1.17e-13	3.06e-09	9.75e-06	2.35e-03	9.98e-01	2.70e-05	0.00e+00	9.88e-15	2.97e-14	4.96e-14	1.00e-09	2.06e-09	6.66e-43
 1.56702e+15	1.43e-13	3.64e-09	1.11e-05	2.53e-03	9.97e-01	2.52e-05	0.00e+00	1.21e-14	3.63e-14	6.07e-14	1.19e-09	2.44e-09	1.32e-42
 1.61177e+15	1.70e-13	4.23e-09	1.24e-05	2.70e-03	9.97e-01	2.36e-05	0.00e+00	1.44e-14	4.33e-14	7.23e-14	1.39e-09	2.84e-09	2.35e-42
 1.66016e+15	2.04e-13	4.95e-09	1.40e-05	2.89e-03	9.97e-01	2.21e-05	0.00e+00	1.73e-14	5.21e-14	8.70e-14	1.62e-09	3.33e-09	4.40e-42
 1.72128e+15	2.55e-13	6.02e-09	1.61e-05	3.14e-03	9.97e-01	2.05e-05	0.00e+00	2.18e-14	6.53e-14	1.09e-13	1.98e-09	4.05e-09	9.54e-42
 1.78267e+15	3.16e-13	7.27e-09	1.86e-05	3.40e-03	9.97e-01	1.90e-05	0.00e+00	2.70e-14	8.10e-14	1.35e-13	2.39e-09	4.89e-09	2.02e-41
 1.83443e+15	3.76e-13	8.48e-09	2.08e-05	3.63e-03	9.96e-01	1.78e-05	0.00e+00	3.21e-14	9.65e-14	1.61e-13	2.78e-09	5.70e-09	3.71e-41
 1.88994e+15	4.52e-13	9.95e-09	2.34e-05	3.88e-03	9.96e-01	1.67e-05	0.00e+00	3.87e-14	1.16e-13	1.94e-13	3.27e-09	6.69e-09	7.02e-41
 1.95976e+15	5.64e-13	1.21e-08	2.71e-05	4.21e-03	9.96e-01	1.55e-05	0.00e+00	4.83e-14	1.45e-13	2.42e-13	3.98e-09	8.14e-09	1.54e-40
 2.03289e+15	7.03e-13	1.48e-08	3.14e-05	4.58e-03	9.95e-01	1.43e-05	0.00e+00	6.03e-14	1.81e-13	3.02e-13	4.86e-09	9.93e-09	3.37e-40
 2.09894e+15	8.52e-13	1.76e-08	3.56e-05	4.93e-03	9.95e-01	1.34e-05	0.00e+00	7.32e-14	2.20e-13	3.67e-13	5.77e-09	1.18e-08	6.61e-40
 2.17106e+15	1.05e-12	2.11e-08	4.07e-05	5.32e-03	9.95e-01	1.25e-05	0.00e+00	8.99e-14	2.70e-13	4.51e-13	6.94e-09	1.42e-08	1.37e-39
 2.25607e+15	1.32e-12	2.61e-08	4.75e-05	5.80e-03	9.94e-01	1.16e-05	0.00e+00	1.13e-13	3.40e-13	5.67e-13	8.57e-09	1.75e-08	3.14e-39
 2.33921e+15	1.63e-12	3.18e-08	5.49e-05	6.30e-03	9.94e-01	1.07e-05	0.00e+00	1.40e-13	4.21e-13	7.03e-13	1.05e-08	2.13e-08	6.82e-39
 2.41518e+15	1.97e-12	3.78e-08	6.23e-05	6.77e-03	9.93e-01	1.01e-05	0.00e+00	1.70e-13	5.11e-13	8.53e-13	1.24e-08	2.54e-08	1.35e-38
 2.50049e+15	2.43e-12	4.57e-08	7.15e-05	7.32e-03	9.93e-01	9.41e-06	0.00e+00	2.10e-13	6.29e-13	1.05e-12	1.51e-08	3.07e-08	2.86e-38
 2.59970e+15	3.06e-12	5.66e-08	8.35e-05	7.99e-03	9.92e-01	8.72e-06	0.00e+00	2.64e-13	7.94e-13	1.32e-12	1.87e-08	3.80e-08	6.59e-38
 2.69725e+15	3.80e-12	6.95e-08	9.68e-05	8.69e-03	9.91e-01	8.14e-06	0.00e+00	3.29e-13	9.87e-13	1.65e-12	2.29e-08	4.66e-08	1.45e-37
 2.78955e+15	4.62e-12	8.37e-08	1.11e-04	9.37e-03	9.91e-01	7.66e-06	0.00e+00	4.00e-13	1.20e-12	2.01e-12	2.76e-08	5.61e-08	2.97e-37
 2.87018e+15	5.38e-12	9.81e-08	1.24e-04	9.99e-03	9.90e-01	7.29e-06	0.00e+00	4.67e-13	1.40e-12	2.34e-12	3.23e-08	6.57e-08	5.41e-37
 2.93719e+15	6.15e-12	1.11e-07	1.36e-04	1.05e-02	9.89e-01	7.00e-06	0.00e+00	5.34e-13	1.60e-12	2.67e-12	3.67e-08	7.47e-08	8.79e-37
 3.01108e+15	7.13e-12	1.28e-07	1.50e-04	1.11e-02	9.89e-01	6.70e-06	0.00e+00	6.20e-13	1.86e-12	3.10e-12	4.22e-08	8.58e-08	1.49e-36
 3.10715e+15	8.59e-12	1.53e-07	1.71e-04	1.19e-02	9.88e-01	6.35e-06	0.00e+00	7.47e-13	2.24e-12	3.74e-12	5.03e-08	1.02e-07	2.91e-36
 3.20813e+15	1.03e-11	1.82e-07	1.94e-04	1.28e-02	9.87e-01	6.02e-06	0.00e+00	8.96e-13	2.69e-12	4.49e-12	6.02e-08	1.22e-07	5.69e-36
 3.29461e+15	1.21e-11	2.11e-07	2.16e-04	1.36e-02	9.86e-01	5.76e-06	0.00e+00	1.05e-12	3.15e-12	5.26e-12	6.98e-08	1.42e-07	9.85e-36
 3.38614e+15	1.41e-11	2.46e-07	2.41e-04	1.45e-02	9.85e-01	5.52e-06	0.00e+00	1.23e-12	3.70e-12	6.18e-12	8.14e-08	1.65e-07	1.75e-35
 3.50513e+15	1.73e-11	2.99e-07	2.77e-04	1.57e-02	9.84e-01	5.24e-06	0.00e+00	1.51e-12	4.53e-12	7.56e-12	9.89e-08	2.01e-07	3.62e-35
 3.62763e+15	2.11e-11	3.62e-07	3.18e-04	1.69e-02	9.83e-01	4.97e-06	0.00e+00	1.85e-12	5.54e-12	9.24e-12	1.20e-07	2.42e-07	7.28e-35
 3.72975e+15	2.46e-11	4.23e-07	3.55e-04	1.80e-02	9.82e-01	4.79e-06	0.00e+00	2.16e-12	6.47e-12	1.08e-11	1.40e-07	2.83e-07	1.29e-34
 3.83754e+15	2.93e-11	4.96e-07	3.99e-04	1.92e-02	9.80e-01	4.61e-06	0.00e+00	2.56e-12	7.69e-12	1.28e-11	1.64e-07	3.32e-07	2.32e-34
 3.97646e+15	3.68e-11	6.09e-07	4.60e-04	2.08e-02	9.79e-01	4.39e-06	0.00e+00	3.23e-12	9.68e-12	1.62e-11	2.01e-07	4.07e-07	4.81e-34
 4.12182e+15	4.51e-11	7.46e-07	5.32e-04	2.26e-02	9.77e-01	4.20e-06	0.00e+00	3.96e-12	1.19e-11	1.98e-11	2.47e-07	4.99e-07	1.00e-33
 4.24738e+15	5.41e-11	8.84e-07	6.01e-04	2.42e-02	9.75e-01	4.05e-06	0.00e+00	4.75e-12	1.43e-11	2.38e-11	2.92e-07	5.92e-07	1.82e-33
 4.38120e+15	6.55e-11	1.06e-06	6.82e-04	2.59e-02	9.73e-01	3.90e-06	0.00e+00	5.76e-12	1.73e-11	2.88e-11	3.50e-07	7.07e-07	3.46e-33
 4.54599e+15	8.21e-11	1.31e-06	7.93e-04	2.82e-02	9.71e-01	3.74e-06	0.00e+00	7.23e-12	2.17e-11	3.62e-11	4.32e-07	8.74e-07	7.30e-33
 4.71057e+15	1.02e-10	1.60e-06	9.16e-04	3.06e-02	9.69e-01	3.60e-06	0.00e+00	8.97e-12	2.69e-11	4.49e-11	5.29e-07	1.07e-06	1.48e-32
 4.85501e+15	1.22e-10	1.90e-06	1.04e-03	3.28e-02	9.66e-01	3.51e-06	0.00e+00	1.08e-11	3.24e-11	5.40e-11	6.30e-07	1.27e-06	2.67e-32
 5.01375e+15	1.50e-10	2.29e-06	1.18e-03	3.52e-02	9.64e-01	3.40e-06	0.00e+00	1.32e-11	3.97e-11	6.63e-11	7.59e-07	1.53e-06	5.10e-32
 5.20555e+15	1.91e-10	2.85e-06	1.38e-03	3.85e-02	9.60e-01	3.29e-06	0.00e+00	1.69e-11	5.06e-11	8.44e-11	9.45e-07	1.91e-06	1.07e-31
 5.38808e+15	2.34e-10	3.47e-06	1.59e-03	4.16e-02	9.57e-01	3.19e-06	0.00e+00	2.07e-11	6.22e-11	1.04e-10	1.15e-06	2.32e-06	2.07e-31
 5.54024e+15	2.80e-10	4.07e-06	1.79e-03	4.44e-02	9.54e-01	3.13e-06	0.00e+00	2.48e-11	7.45e-11	1.24e-10	1.35e-06	2.72e-06	3.53e-31
 5.67792e+15	3.27e-10	4.69e-06	1.98e-03	4.70e-02	9.51e-01	3.07e-06	0.00e+00	2.90e-11	8.71e-11	1.45e-10	1.56e-06	3.14e-06	5.63e-31
 5.82964e+15	3.90e-10	5.49e-06	2.21e-03	5.00e-02	9.48e-01	3.01e-06	0.00e+00	3.46e-11	1.04e-10	1.73e-10	1.82e-06	3.67e-06	9.40e-31
 5.99640e+15	4.68e-10	6.46e-06	2.48e-03	5.34e-02	9.44e-01	2.95e-06	0.00e+00	4.16e-11	1.25e-10	2.08e-10	2.14e-06	4.32e-06	1.60e-30
 6.15157e+15	5.50e-10	7.49e-06	2.76e-03	5.67e-02	9.41e-01	2.89e-06	0.00e+00	4.89e-11	1.47e-10	2.45e-10	2.48e-06	5.01e-06	2.57e-30
 6.32215e+15	6.66e-10	8.82e-06	3.11e-03	6.05e-02	9.36e-01	2.85e-06	0.00e+00	5.93e-11	1.78e-10	2.97e-10	2.93e-06	5.90e-06	4.38e-30
 6.50812e+15	7.99e-10	1.04e-05	3.51e-03	6.48e-02	9.32e-01	2.78e-06	0.00e+00	7.12e-11	2.14e-10	3.56e-10	3.46e-06	6.98e-06	7.28e-30
 6.68102e+15	9.52e-10	1.22e-05	3.93e-03	6.90e-02	9.27e-01	2.73e-06	0.00e+00	8.49e-11	2.55e-10	4.25e-10	4.04e-06	8.14e-06	1.18e-29
 6.87275e+15	1.17e-09	1.45e-05	4.45e-03	7.39e-02	9.22e-01	2.69e-06	0.00e+00	1.04e-10	3.12e-10	5.21e-10	4.80e-06	9.66e-06	2.03e-29
 7.08174e+15	1.43e-09	1.73e-05	5.06e-03	7.94e-02	9.15e-01	2.65e-06	0.00e+00	1.28e-10	3.83e-10	6.39e-10	5.73e-06	1.15e-05	3.49e-29
 7.27637e+15	1.71e-09	2.03e-05	5.69e-03	8.48e-02	9.10e-01	2.60e-06	0.00e+00	1.53e-10	4.58e-10	7.64e-10	6.73e-06	1.35e-05	5.69e-29
 7.49262e+15	2.12e-09	2.43e-05	6.49e-03	9.12e-02	9.02e-01	2.56e-06	0.00e+00	1.90e-10	5.70e-10	9.50e-10	8.07e-06	1.62e-05	9.96e-29
 7.72310e+15	2.60e-09	2.91e-05	7.42e-03	9.82e-02	8.94e-01	2.51e-06	0.00e+00	2.33e-10	6.99e-10	1.17e-09	9.67e-06	1.94e-05	1.70e-28
 7.92639e+15	3.11e-09	3.40e-05	8.33e-03	1.05e-01	8.87e-01	2.47e-06	0.00e+00	2.79e-10	8.38e-10	1.40e-09	1.13e-05	2.27e-05	2.68e-28
 8.14496e+15	3.82e-09	4.05e-05	9.46e-03	1.12e-01	8.78e-01	2.44e-06	0.00e+00	3.44e-10	1.03e-09	1.72e-09	1.34e-05	2.70e-05	4.50e-28
 8.38540e+15	4.77e-09	4.85e-05	1.08e-02	1.21e-01	8.68e-01	2.40e-06	0.00e+00	4.29e-10	1.29e-09	2.15e-09	1.61e-05	3.24e-05	7.56e-28
 8.60580e+15	5.79e-09	5.70e-05	1.22e-02	1.29e-01	8.59e-01	2.37e-06	0.00e+00	5.22e-10	1.57e-09	2.61e-09	1.89e-05	3.80e-05	1.19e-27
 8.84383e+15	7.11e-09	6.82e-05	1.40e-02	1.39e-01	8.47e-01	2.33e-06	0.00e+00	6.42e-10	1.92e-09	3.21e-09	2.27e-05	4.55e-05	2.01e-27
 9.10173e+15	8.95e-09	8.21e-05	1.61e-02	1.49e-01	8.34e-01	2.30e-06	0.00e+00	8.09e-10	2.43e-09	4.05e-09	2.73e-05	5.48e-05	3.37e-27
 9.32013e+15	1.08e-08	9.55e-05	1.80e-02	1.59e-01	8.23e-01	2.28e-06	0.00e+00	9.76e-10	2.93e-09	4.88e-09	3.17e-05	6.37e-05	5.06e-27
 9.50650e+15	1.26e-08	1.09e-04	1.99e-02	1.67e-01	8.12e-01	2.26e-06	0.00e+00	1.14e-09	3.43e-09	5.72e-09	3.62e-05	7.27e-05	7.29e-27
 9.71657e+15	1.51e-08	1.27e-04	2.24e-02	1.78e-01	8.00e-01	2.22e-06	0.00e+00	1.37e-09	4.12e-09	6.87e-09	4.23e-05	8.48e-05	1.12e-26
 9.94789e+15	1.87e-08	1.50e-04	2.54e-02	1.89e-01	7.85e-01	2.21e-06	0.00e+00	1.70e-09	5.10e-09	8.50e-09	4.98e-05	9.99e-05	1.75e-26
 1.01583e+16	2.21e-08	1.73e-04	2.84e-02	2.00e-01	7.71e-01	2.17e-06	0.00e+00	2.01e-09	6.02e-09	1.00e-08	5.75e-05	1.15e-04	2.55e-26
 1.03531e+16	2.62e-08	1.98e-04	3.16e-02	2.11e-01	7.57e-01	2.15e-06	0.00e+00	2.38e-09	7.15e-09	1.19e-08	6.60e-05	1.32e-04	3.70e-26
 1.05764e+16	3.22e-08	2.34e-04	3.58e-02	2.25e-01	7.39e-01	2.12e-06	0.00e+00	2.93e-09	8.79e-09	1.47e-08	7.79e-05	1.56e-04	5.82e-26
 1.08136e+16	4.02e-08	2.77e-04	4.08e-02	2.39e-01	7.20e-01	2.12e-06	0.00e+00	3.66e-09	1.10e-08	1.83e-08	9.22e-05	1.85e-04	9.14e-26
 1.10178e+16	4.83e-08	3.20e-04	4.56e-02	2.52e-01	7.02e-01	2.10e-06	0.00e+00	4.40e-09	1.32e-08	2.20e-08	1.07e-04	2.13e-04	1.33e-25
 1.12038e+16	5.73e-08	3.67e-04	5.07e-02	2.65e-01	6.84e-01	2.09e-06	0.00e+00	5.23e-09	1.57e-08	2.62e-08	1.22e-04	2.44e-04	1.91e-25
 1.14172e+16	6.96e-08	4.30e-04	5.73e-02	2.80e-01	6.62e-01	2.06e-06	0.00e+00	6.36e-09	1.91e-08	3.18e-08	1.43e-04	2.87e-04	2.94e-25
 1.16456e+16	8.71e-08	5.11e-04	6.54e-02	2.97e-01	6.38e-01	2.05e-06	0.00e+00	7.97e-09	2.39e-08	3.98e-08	1.70e-04	3.41e-04	4.67e-25
 1.18417e+16	1.05e-07	5.91e-04	7.33e-02	3.11e-01	6.15e-01	2.04e-06	0.00e+00	9.65e-09	2.89e-08	4.82e-08	1.97e-04	3.94e-04	6.85e-25
 1.20153e+16	1.24e-07	6.73e-04	8.12e-02	3.25e-01	5.94e-01	2.03e-06	0.00e+00	1.14e-08	3.41e-08	5.68e-08	2.24e-04	4.49e-04	9.66e-25
 1.22115e+16	1.54e-07	7.94e-04	9.18e-02	3.41e-01	5.66e-01	2.03e-06	0.00e+00	1.42e-08	4.25e-08	7.08e-08	2.64e-04	5.29e-04	1.55e-24
 1.24169e+16	1.88e-07	9.27e-04	1.04e-01	3.57e-01	5.38e-01	2.01e-06	0.00e+00	1.73e-08	5.18e-08	8.63e-08	3.09e-04	6.18e-04	2.31e-24
 1.25928e+16	2.29e-07	1.07e-03	1.16e-01	3.72e-01	5.11e-01	2.04e-06	0.00e+00	2.11e-08	6.31e-08	1.05e-07	3.58e-04	7.17e-04	3.53e-24
 1.27491e+16	2.72e-07	1.22e-03	1.28e-01	3.86e-01	4.85e-01	2.03e-06	5.43e-12	2.50e-08	7.49e-08	1.25e-07	4.08e-04	8.16e-04	5.05e-24
 1.29214e+16	3.28e-07	1.39e-03	1.43e-01	4.00e-01	4.56e-01	2.00e-06	0.00e+00	3.02e-08	9.05e-08	1.51e-07	4.64e-04	9.28e-04	7.13e-24
 1.31091e+16	4.06e-07	1.63e-03	1.61e-01	4.16e-01	4.22e-01	1.99e-06	0.00e+00	3.74e-08	1.12e-07	1.87e-07	5.44e-04	1.09e-03	1.12e-23
 1.32699e+16	4.97e-07	1.93e-03	1.80e-01	4.29e-01	3.89e-01	2.04e-06	0.00e+00	4.58e-08	1.37e-07	2.29e-07	6.42e-04	1.28e-03	1.90e-23
 1.33876e+16	5.65e-07	2.13e-03	1.94e-01	4.38e-01	3.66e-01	2.04e-06	7.50e-12	5.21e-08	1.56e-07	2.60e-07	7.10e-04	1.42e-03	2.54e-23
 1.34958e+16	6.49e-07	2.32e-03	2.08e-01	4.45e-01	3.44e-01	2.03e-06	0.00e+00	5.99e-08	1.80e-07	2.99e-07	7.73e-04	1.55e-03	3.23e-23
 1.36365e+16	7.93e-07	2.71e-03	2.30e-01	4.56e-01	3.12e-01	2.02e-06	0.00e+00	7.32e-08	2.20e-07	3.66e-07	9.03e-04	1.80e-03	5.45e-23
 1.37699e+16	9.23e-07	2.98e-03	2.50e-01	4.63e-01	2.84e-01	1.99e-06	0.00e+00	8.53e-08	2.56e-07	4.26e-07	9.94e-04	1.99e-03	7.14e-23
 1.38670e+16	1.06e-06	3.33e-03	2.67e-01	4.68e-01	2.61e-01	2.01e-06	0.00e+00	9.77e-08	2.93e-07	4.88e-07	1.11e-03	2.22e-03	1.05e-22
 1.39391e+16	1.16e-06	3.57e-03	2.81e-01	4.71e-01	2.45e-01	2.01e-06	0.00e+00	1.07e-07	3.21e-07	5.35e-07	1.19e-03	2.38e-03	1.33e-22
 1.40055e+16	1.27e-06	3.77e-03	2.93e-01	4.74e-01	2.30e-01	1.99e-06	0.00e+00	1.17e-07	3.52e-07	5.86e-07	1.26e-03	2.51e-03	1.57e-22
 1.40918e+16	1.45e-06	4.17e-03	3.11e-01	4.77e-01	2.08e-01	1.97e-06	0.00e+00	1.35e-07	4.03e-07	6.72e-07	1.39e-03	2.78e-03	2.29e-22
 1.41732e+16	1.62e-06	4.42e-03	3.26e-01	4.78e-01	1.91e-01	1.92e-06	0.00e+00	1.50e-07	4.49e-07	7.49e-07	1.48e-03	2.95e-03	2.75e-22
