#depth	O	O+	O+2	O+3	O+4	O+5	O+6	O+7	O+8	O[1]	O[2]	O[3]
 1.49634e+10	0.00e+00	3.76e-44	6.04e-34	1.19e-24	3.44e-16	1.34e-08	1.00e+00	0.00e+00	0.00e+00	0.00e+00	0.00e+00	0.00e+00
 4.54887e+10	0.00e+00	0.00e+00	8.31e-34	1.51e-24	4.04e-16	1.45e-08	1.00e+00	5.38e-07	0.00e+00	0.00e+00	0.00e+00	0.00e+00
 7.72350e+10	0.00e+00	8.33e-44	1.14e-33	1.92e-24	4.74e-16	1.57e-08	1.00e+00	0.00e+00	0.00e+00	0.00e+00	0.00e+00	0.00e+00
 1.10251e+11	0.00e+00	0.00e+00	1.57e-33	2.44e-24	5.56e-16	1.70e-08	1.00e+00	0.00e+00	0.00e+00	0.00e+00	0.00e+00	0.00e+00
 1.43109e+11	0.00e+00	1.82e-43	2.13e-33	3.07e-24	6.49e-16	1.84e-08	1.00e+00	0.00e+00	0.00e+00	0.00e+00	0.00e+00	0.00e+00
 1.77280e+11	0.00e+00	0.00e+00	2.90e-33	3.87e-24	7.57e-16	1.99e-08	1.00e+00	0.00e+00	0.00e+00	0.00e+00	0.00e+00	0.00e+00
 2.14298e+11	0.00e+00	3.97e-43	3.99e-33	4.92e-24	8.90e-16	2.16e-08	1.00e+00	0.00e+00	0.00e+00	0.00e+00	0.00e+00	0.00e+00
 2.52797e+11	0.00e+00	0.00e+00	5.50e-33	6.26e-24	1.05e-15	2.34e-08	1.00e+00	0.00e+00	0.00e+00	0.00e+00	0.00e+00	0.00e+00
 2.92836e+11	0.00e+00	8.83e-43	7.58e-33	7.97e-24	1.23e-15	2.54e-08	1.00e+00	0.00e+00	0.00e+00	0.00e+00	0.00e+00	0.00e+00
 3.34476e+11	0.00e+00	0.00e+00	1.05e-32	1.02e-23	1.45e-15	2.75e-08	1.00e+00	0.00e+00	0.00e+00	0.00e+00	0.00e+00	0.00e+00
 3.77782e+11	0.00e+00	1.97e-42	1.44e-32	1.29e-23	1.70e-15	2.99e-08	1.00e+00	0.00e+00	0.00e+00	0.00e+00	0.00e+00	0.00e+00
 4.22820e+11	0.00e+00	0.00e+00	1.99e-32	1.65e-23	2.00e-15	3.24e-08	1.00e+00	0.00e+00	0.00e+00	0.00e+00	0.00e+00	0.00e+00
 4.69659e+11	0.00e+00	4.40e-42	2.75e-32	2.10e-23	2.36e-15	3.52e-08	1.00e+00	0.00e+00	0.00e+00	0.00e+00	0.00e+00	0.00e+00
 5.18373e+11	0.00e+00	0.00e+00	3.79e-32	2.68e-23	2.78e-15	3.82e-08	1.00e+00	0.00e+00	0.00e+00	0.00e+00	0.00e+00	0.00e+00
 5.69034e+11	0.00e+00	9.86e-42	5.25e-32	3.43e-23	3.27e-15	4.15e-08	1.00e+00	0.00e+00	0.00e+00	0.00e+00	0.00e+00	0.00e+00
 6.16769e+11	0.00e+00	0.00e+00	7.04e-32	4.28e-23	3.80e-15	4.47e-08	1.00e+00	0.00e+00	0.00e+00	0.00e+00	0.00e+00	0.00e+00
 6.59607e+11	0.00e+00	1.95e-41	9.09e-32	5.19e-23	4.33e-15	4.78e-08	1.00e+00	0.00e+00	0.00e+00	0.00e+00	0.00e+00	0.00e+00
 7.07750e+11	0.00e+00	0.00e+00	1.20e-31	6.41e-23	4.99e-15	5.13e-08	1.00e+00	0.00e+00	0.00e+00	0.00e+00	0.00e+00	0.00e+00
 7.64624e+11	0.00e+00	4.12e-41	1.65e-31	8.15e-23	5.87e-15	5.57e-08	1.00e+00	0.00e+00	0.00e+00	0.00e+00	0.00e+00	0.00e+00
 8.21443e+11	0.00e+00	0.00e+00	2.25e-31	1.03e-22	6.86e-15	6.03e-08	1.00e+00	0.00e+00	0.00e+00	0.00e+00	0.00e+00	0.00e+00
 8.74987e+11	0.00e+00	8.54e-41	2.97e-31	1.27e-22	7.91e-15	6.47e-08	1.00e+00	0.00e+00	0.00e+00	0.00e+00	0.00e+00	0.00e+00
 9.34365e+11	0.00e+00	0.00e+00	4.01e-31	1.59e-22	9.23e-15	7.00e-08	1.00e+00	0.00e+00	0.00e+00	0.00e+00	0.00e+00	0.00e+00
 1.00167e+12	0.00e+00	1.86e-40	5.56e-31	2.04e-22	1.09e-14	7.62e-08	1.00e+00	0.00e+00	0.00e+00	0.00e+00	0.00e+00	0.00e+00
 1.06896e+12	0.00e+00	0.00e+00	7.64e-31	2.60e-22	1.28e-14	8.27e-08	1.00e+00	0.00e+00	0.00e+00	0.00e+00	0.00e+00	0.00e+00
 1.13895e+12	0.00e+00	4.10e-40	1.05e-30	3.30e-22	1.51e-14	8.98e-08	1.00e+00	0.00e+00	0.00e+00	0.00e+00	0.00e+00	0.00e+00
 1.21444e+12	0.00e+00	0.00e+00	1.46e-30	4.24e-22	1.79e-14	9.79e-08	1.00e+00	0.00e+00	0.00e+00	0.00e+00	0.00e+00	0.00e+00
 1.28523e+12	0.00e+00	8.95e-40	1.96e-30	5.32e-22	2.09e-14	1.06e-07	1.00e+00	0.00e+00	0.00e+00	0.00e+00	0.00e+00	0.00e+00
 1.34839e+12	0.00e+00	0.00e+00	2.54e-30	6.47e-22	2.38e-14	1.13e-07	1.00e+00	0.00e+00	0.00e+00	0.00e+00	0.00e+00	0.00e+00
 1.41938e+12	0.00e+00	1.75e-39	3.37e-30	8.02e-22	2.76e-14	1.22e-07	1.00e+00	0.00e+00	0.00e+00	0.00e+00	0.00e+00	0.00e+00
 1.50365e+12	0.00e+00	0.00e+00	4.65e-30	1.03e-21	3.26e-14	1.33e-07	1.00e+00	0.00e+00	0.00e+00	0.00e+00	0.00e+00	0.00e+00
 1.58800e+12	0.00e+00	3.84e-39	6.36e-30	1.30e-21	3.84e-14	1.44e-07	1.00e+00	0.00e+00	0.00e+00	0.00e+00	0.00e+00	0.00e+00
 1.66674e+12	0.00e+00	0.00e+00	8.43e-30	1.61e-21	4.44e-14	1.55e-07	1.00e+00	0.00e+00	0.00e+00	0.00e+00	0.00e+00	0.00e+00
 1.75435e+12	0.00e+00	7.91e-39	1.14e-29	2.03e-21	5.20e-14	1.68e-07	1.00e+00	0.00e+00	0.00e+00	0.00e+00	0.00e+00	0.00e+00
 1.85445e+12	0.00e+00	0.00e+00	1.59e-29	2.62e-21	6.20e-14	1.84e-07	1.00e+00	0.00e+00	0.00e+00	0.00e+00	0.00e+00	0.00e+00
 1.95260e+12	0.00e+00	1.77e-38	2.18e-29	3.33e-21	7.31e-14	2.00e-07	1.00e+00	0.00e+00	0.00e+00	0.00e+00	0.00e+00	0.00e+00
 2.05467e+12	0.00e+00	0.00e+00	3.00e-29	4.25e-21	8.64e-14	2.18e-07	1.00e+00	0.00e+00	0.00e+00	0.00e+00	0.00e+00	0.00e+00
 2.16678e+12	0.00e+00	3.95e-38	4.19e-29	5.49e-21	1.03e-13	2.39e-07	1.00e+00	0.00e+00	0.00e+00	0.00e+00	0.00e+00	0.00e+00
 2.27935e+12	0.00e+00	0.00e+00	5.79e-29	7.04e-21	1.22e-13	2.61e-07	1.00e+00	0.00e+00	0.00e+00	0.00e+00	0.00e+00	0.00e+00
 2.39642e+12	0.00e+00	8.79e-38	8.00e-29	9.03e-21	1.45e-13	2.85e-07	1.00e+00	0.00e+00	0.00e+00	0.00e+00	0.00e+00	0.00e+00
 2.52221e+12	0.00e+00	0.00e+00	1.12e-28	1.17e-20	1.74e-13	3.13e-07	1.00e+00	0.00e+00	0.00e+00	0.00e+00	0.00e+00	0.00e+00
 2.64670e+12	0.00e+00	1.96e-37	1.54e-28	1.49e-20	2.06e-13	3.42e-07	1.00e+00	0.00e+00	0.00e+00	0.00e+00	0.00e+00	0.00e+00
 2.77618e+12	0.00e+00	0.00e+00	2.12e-28	1.91e-20	2.45e-13	3.74e-07	1.00e+00	0.00e+00	0.00e+00	0.00e+00	0.00e+00	0.00e+00
 2.91715e+12	0.00e+00	4.38e-37	2.96e-28	2.47e-20	2.94e-13	4.10e-07	1.00e+00	0.00e+00	0.00e+00	0.00e+00	0.00e+00	0.00e+00
 3.06377e+12	0.00e+00	0.00e+00	4.13e-28	3.21e-20	3.52e-13	4.51e-07	1.00e+00	0.00e+00	0.00e+00	0.00e+00	0.00e+00	0.00e+00
 3.21624e+12	0.00e+00	9.91e-37	5.76e-28	4.15e-20	4.22e-13	4.96e-07	1.00e+00	0.00e+00	0.00e+00	0.00e+00	0.00e+00	0.00e+00
 3.37482e+12	0.00e+00	0.00e+00	8.03e-28	5.37e-20	5.07e-13	5.46e-07	1.00e+00	0.00e+00	0.00e+00	0.00e+00	0.00e+00	0.00e+00
 3.53974e+12	0.00e+00	2.23e-36	1.12e-27	6.96e-20	6.09e-13	6.00e-07	1.00e+00	0.00e+00	0.00e+00	0.00e+00	0.00e+00	0.00e+00
 3.68909e+12	1.08e-45	3.16e-36	1.49e-27	8.71e-20	7.14e-13	6.53e-07	1.00e+00	0.00e+00	0.00e+00	0.00e+00	0.00e+00	0.00e+00
 3.81386e+12	0.00e+00	0.00e+00	1.88e-27	1.05e-19	8.13e-13	6.99e-07	1.00e+00	0.00e+00	0.00e+00	0.00e+00	0.00e+00	0.00e+00
 3.95069e+12	0.00e+00	5.67e-36	2.41e-27	1.27e-19	9.33e-13	7.52e-07	1.00e+00	0.00e+00	0.00e+00	0.00e+00	0.00e+00	0.00e+00
 4.12355e+12	3.35e-45	8.16e-36	3.26e-27	1.61e-19	1.10e-12	8.23e-07	1.00e+00	0.00e+00	0.00e+00	0.00e+00	0.00e+00	0.00e+00
 4.30363e+12	0.00e+00	0.00e+00	4.40e-27	2.04e-19	1.31e-12	9.00e-07	1.00e+00	0.00e+00	0.00e+00	0.00e+00	0.00e+00	0.00e+00
 4.45767e+12	0.00e+00	1.59e-35	5.64e-27	2.47e-19	1.51e-12	9.70e-07	1.00e+00	0.00e+00	0.00e+00	0.00e+00	0.00e+00	0.00e+00
 4.61749e+12	1.05e-44	2.14e-35	7.22e-27	3.01e-19	1.73e-12	1.05e-06	1.00e+00	0.00e+00	0.00e+00	0.00e+00	0.00e+00	0.00e+00
 4.81695e+12	0.00e+00	0.00e+00	9.73e-27	3.81e-19	2.05e-12	1.15e-06	1.00e+00	0.00e+00	0.00e+00	0.00e+00	0.00e+00	0.00e+00
 5.01913e+12	0.00e+00	4.34e-35	1.30e-26	4.79e-19	2.42e-12	1.25e-06	1.00e+00	0.00e+00	0.00e+00	0.00e+00	0.00e+00	0.00e+00
 5.19483e+12	3.45e-44	5.81e-35	1.66e-26	5.81e-19	2.78e-12	1.35e-06	1.00e+00	0.00e+00	0.00e+00	0.00e+00	0.00e+00	0.00e+00
 5.38492e+12	0.00e+00	7.88e-35	2.13e-26	7.10e-19	3.22e-12	1.46e-06	1.00e+00	0.00e+00	0.00e+00	0.00e+00	0.00e+00	0.00e+00
 5.61717e+12	7.55e-44	1.12e-34	2.87e-26	8.99e-19	3.82e-12	1.60e-06	1.00e+00	0.00e+00	0.00e+00	0.00e+00	0.00e+00	0.00e+00
 5.85387e+12	0.00e+00	1.59e-34	3.84e-26	1.13e-18	4.51e-12	1.75e-06	1.00e+00	0.00e+00	0.00e+00	0.00e+00	0.00e+00	0.00e+00
 6.07019e+12	1.63e-43	2.16e-34	4.95e-26	1.39e-18	5.22e-12	1.89e-06	1.00e+00	0.00e+00	0.00e+00	0.00e+00	0.00e+00	0.00e+00
 6.31039e+12	0.00e+00	2.99e-34	6.50e-26	1.72e-18	6.11e-12	2.06e-06	1.00e+00	0.00e+00	0.00e+00	0.00e+00	0.00e+00	0.00e+00
 6.59004e+12	3.69e-43	4.30e-34	8.81e-26	2.19e-18	7.28e-12	2.27e-06	1.00e+00	0.00e+00	0.00e+00	0.00e+00	0.00e+00	0.00e+00
 6.86693e+12	0.00e+00	6.07e-34	1.17e-25	2.76e-18	8.59e-12	2.48e-06	1.00e+00	0.00e+00	0.00e+00	0.00e+00	0.00e+00	0.00e+00
 7.13144e+12	8.04e-43	8.33e-34	1.53e-25	3.41e-18	1.00e-11	2.70e-06	1.00e+00	0.00e+00	0.00e+00	0.00e+00	0.00e+00	0.00e+00
 7.42317e+12	0.00e+00	1.17e-33	2.03e-25	4.27e-18	1.18e-11	2.94e-06	1.00e+00	0.00e+00	0.00e+00	0.00e+00	0.00e+00	0.00e+00
 7.75002e+12	1.82e-42	1.67e-33	2.74e-25	5.43e-18	1.40e-11	3.23e-06	1.00e+00	0.00e+00	0.00e+00	0.00e+00	0.00e+00	0.00e+00
 8.07850e+12	0.00e+00	2.36e-33	3.67e-25	6.84e-18	1.65e-11	3.54e-06	1.00e+00	0.00e+00	0.00e+00	0.00e+00	0.00e+00	0.00e+00
 8.37295e+12	3.91e-42	3.19e-33	4.71e-25	8.36e-18	1.90e-11	3.83e-06	1.00e+00	0.00e+00	0.00e+00	0.00e+00	0.00e+00	0.00e+00
 8.62257e+12	0.00e+00	4.08e-33	5.79e-25	9.85e-18	2.14e-11	4.08e-06	1.00e+00	0.00e+00	0.00e+00	0.00e+00	0.00e+00	0.00e+00
 8.89168e+12	7.09e-42	5.29e-33	7.19e-25	1.17e-17	2.42e-11	4.36e-06	1.00e+00	0.00e+00	0.00e+00	0.00e+00	0.00e+00	0.00e+00
 9.23963e+12	0.00e+00	7.30e-33	9.42e-25	1.45e-17	2.82e-11	4.74e-06	1.00e+00	0.00e+00	0.00e+00	0.00e+00	0.00e+00	0.00e+00
 9.60249e+12	1.52e-41	1.01e-32	1.23e-24	1.80e-17	3.29e-11	5.15e-06	1.00e+00	0.00e+00	0.00e+00	0.00e+00	0.00e+00	0.00e+00
 9.91367e+12	0.00e+00	1.32e-32	1.55e-24	2.15e-17	3.73e-11	5.52e-06	1.00e+00	0.00e+00	0.00e+00	0.00e+00	0.00e+00	0.00e+00
 1.02453e+13	2.89e-41	1.75e-32	1.95e-24	2.59e-17	4.25e-11	5.93e-06	1.00e+00	0.00e+00	0.00e+00	0.00e+00	0.00e+00	0.00e+00
 1.06563e+13	0.00e+00	2.44e-32	2.58e-24	3.23e-17	4.97e-11	6.45e-06	1.00e+00	0.00e+00	0.00e+00	0.00e+00	0.00e+00	0.00e+00
 1.10784e+13	6.29e-41	3.39e-32	3.39e-24	4.01e-17	5.80e-11	7.01e-06	1.00e+00	0.00e+00	0.00e+00	0.00e+00	0.00e+00	0.00e+00
 1.14588e+13	0.00e+00	4.51e-32	4.31e-24	4.85e-17	6.63e-11	7.54e-06	1.00e+00	0.00e+00	0.00e+00	0.00e+00	0.00e+00	0.00e+00
 1.18771e+13	1.27e-40	6.13e-32	5.57e-24	5.94e-17	7.64e-11	8.14e-06	1.00e+00	0.00e+00	0.00e+00	0.00e+00	0.00e+00	0.00e+00
 1.23341e+13	0.00e+00	8.47e-32	7.29e-24	7.35e-17	8.87e-11	8.83e-06	1.00e+00	0.00e+00	0.00e+00	0.00e+00	0.00e+00	0.00e+00
 1.27495e+13	2.58e-40	1.12e-31	9.23e-24	8.86e-17	1.01e-10	9.48e-06	1.00e+00	0.00e+00	0.00e+00	0.00e+00	0.00e+00	0.00e+00
 1.31977e+13	0.00e+00	1.51e-31	1.18e-23	1.08e-16	1.16e-10	1.02e-05	1.00e+00	0.00e+00	0.00e+00	0.00e+00	0.00e+00	0.00e+00
 1.37010e+13	5.35e-40	2.09e-31	1.55e-23	1.33e-16	1.34e-10	1.11e-05	1.00e+00	0.00e+00	0.00e+00	0.00e+00	0.00e+00	0.00e+00
 1.41781e+13	0.00e+00	2.81e-31	1.98e-23	1.62e-16	1.54e-10	1.19e-05	1.00e+00	0.00e+00	0.00e+00	0.00e+00	0.00e+00	0.00e+00
 1.47003e+13	1.10e-39	3.85e-31	2.57e-23	1.99e-16	1.77e-10	1.28e-05	1.00e+00	0.00e+00	0.00e+00	0.00e+00	0.00e+00	0.00e+00
 1.52784e+13	0.00e+00	5.38e-31	3.39e-23	2.47e-16	2.06e-10	1.39e-05	1.00e+00	0.00e+00	0.00e+00	0.00e+00	0.00e+00	0.00e+00
 1.58158e+13	2.32e-39	7.27e-31	4.36e-23	3.01e-16	2.37e-10	1.50e-05	1.00e+00	0.00e+00	0.00e+00	0.00e+00	0.00e+00	0.00e+00
 1.64011e+13	0.00e+00	1.00e-30	5.68e-23	3.70e-16	2.73e-10	1.62e-05	1.00e+00	0.00e+00	0.00e+00	0.00e+00	0.00e+00	0.00e+00
 1.70567e+13	5.05e-39	1.41e-30	7.54e-23	4.63e-16	3.19e-10	1.76e-05	1.00e+00	0.00e+00	0.00e+00	0.00e+00	0.00e+00	0.00e+00
 1.76775e+13	0.00e+00	1.93e-30	9.80e-23	5.68e-16	3.67e-10	1.90e-05	1.00e+00	0.00e+00	0.00e+00	0.00e+00	0.00e+00	0.00e+00
 1.83478e+13	1.08e-38	2.69e-30	1.29e-22	7.03e-16	4.25e-10	2.05e-05	1.00e+00	0.00e+00	0.00e+00	0.00e+00	0.00e+00	0.00e+00
 1.90944e+13	0.00e+00	3.82e-30	1.72e-22	8.83e-16	4.97e-10	2.23e-05	1.00e+00	0.00e+00	0.00e+00	0.00e+00	0.00e+00	0.00e+00
 1.98140e+13	2.41e-38	5.32e-30	2.26e-22	1.09e-15	5.75e-10	2.41e-05	1.00e+00	0.00e+00	0.00e+00	0.00e+00	0.00e+00	0.00e+00
 2.05796e+13	0.00e+00	7.46e-30	2.99e-22	1.36e-15	6.67e-10	2.61e-05	1.00e+00	0.00e+00	0.00e+00	0.00e+00	0.00e+00	0.00e+00
 2.14327e+13	5.52e-38	1.07e-29	4.04e-22	1.72e-15	7.83e-10	2.84e-05	1.00e+00	0.00e+00	0.00e+00	0.00e+00	0.00e+00	0.00e+00
 2.22886e+13	0.00e+00	1.53e-29	5.40e-22	2.15e-15	9.13e-10	3.08e-05	1.00e+00	0.00e+00	0.00e+00	0.00e+00	0.00e+00	0.00e+00
 2.31786e+13	1.27e-37	2.18e-29	7.23e-22	2.70e-15	1.07e-09	3.34e-05	1.00e+00	0.00e+00	0.00e+00	0.00e+00	0.00e+00	0.00e+00
 2.41357e+13	0.00e+00	3.14e-29	9.77e-22	3.41e-15	1.25e-09	3.64e-05	1.00e+00	0.00e+00	0.00e+00	0.00e+00	0.00e+00	0.00e+00
 2.51310e+13	3.04e-37	4.54e-29	1.32e-21	4.30e-15	1.47e-09	3.96e-05	1.00e+00	0.00e+00	0.00e+00	0.00e+00	0.00e+00	0.00e+00
 2.61102e+13	0.00e+00	6.44e-29	1.76e-21	5.37e-15	1.70e-09	4.28e-05	1.00e+00	0.00e+00	0.00e+00	0.00e+00	0.00e+00	0.00e+00
 2.70202e+13	6.66e-37	8.81e-29	2.28e-21	6.55e-15	1.95e-09	4.60e-05	1.00e+00	0.00e+00	0.00e+00	0.00e+00	0.00e+00	0.00e+00
 2.78409e+13	0.00e+00	1.16e-28	2.85e-21	7.79e-15	2.19e-09	4.89e-05	1.00e+00	0.00e+00	0.00e+00	0.00e+00	0.00e+00	0.00e+00
 2.87209e+13	1.30e-36	1.55e-28	3.61e-21	9.34e-15	2.48e-09	5.21e-05	1.00e+00	0.00e+00	0.00e+00	0.00e+00	0.00e+00	0.00e+00
 2.98176e+13	0.00e+00	2.19e-28	4.79e-21	1.16e-14	2.87e-09	5.63e-05	1.00e+00	0.00e+00	0.00e+00	0.00e+00	0.00e+00	0.00e+00
 3.09176e+13	2.92e-36	3.07e-28	6.31e-21	1.43e-14	3.31e-09	6.06e-05	1.00e+00	0.00e+00	0.00e+00	0.00e+00	0.00e+00	0.00e+00
 3.18619e+13	0.00e+00	4.07e-28	7.94e-21	1.71e-14	3.73e-09	6.45e-05	1.00e+00	0.00e+00	0.00e+00	0.00e+00	0.00e+00	0.00e+00
 3.28823e+13	5.81e-36	5.47e-28	1.01e-20	2.06e-14	4.22e-09	6.87e-05	1.00e+00	0.00e+00	0.00e+00	0.00e+00	0.00e+00	0.00e+00
 3.41433e+13	0.00e+00	7.79e-28	1.35e-20	2.56e-14	4.90e-09	7.42e-05	1.00e+00	0.00e+00	0.00e+00	0.00e+00	0.00e+00	0.00e+00
 3.54059e+13	1.33e-35	1.10e-27	1.78e-20	3.17e-14	5.65e-09	7.99e-05	1.00e+00	0.00e+00	0.00e+00	0.00e+00	0.00e+00	0.00e+00
 3.64962e+13	0.00e+00	1.46e-27	2.25e-20	3.78e-14	6.36e-09	8.49e-05	1.00e+00	0.00e+00	0.00e+00	0.00e+00	0.00e+00	0.00e+00
 3.76736e+13	2.68e-35	1.98e-27	2.87e-20	4.56e-14	7.21e-09	9.06e-05	1.00e+00	0.00e+00	0.00e+00	0.00e+00	0.00e+00	0.00e+00
 3.91208e+13	4.11e-35	2.83e-27	3.83e-20	5.68e-14	8.37e-09	9.78e-05	1.00e+00	0.00e+00	0.00e+00	0.00e+00	0.00e+00	0.00e+00
 4.05808e+13	6.23e-35	4.02e-27	5.09e-20	7.05e-14	9.67e-09	1.05e-04	1.00e+00	0.00e+00	0.00e+00	0.00e+00	0.00e+00	0.00e+00
 4.18739e+13	8.94e-35	5.43e-27	6.49e-20	8.48e-14	1.09e-08	1.12e-04	1.00e+00	0.00e+00	0.00e+00	0.00e+00	0.00e+00	0.00e+00
 4.32879e+13	1.31e-34	7.47e-27	8.39e-20	1.03e-13	1.25e-08	1.20e-04	1.00e+00	0.00e+00	0.00e+00	0.00e+00	0.00e+00	0.00e+00
 4.49838e+13	2.03e-34	1.08e-26	1.13e-19	1.29e-13	1.45e-08	1.29e-04	1.00e+00	0.00e+00	0.00e+00	0.00e+00	0.00e+00	0.00e+00
 4.66737e+13	3.11e-34	1.54e-26	1.51e-19	1.60e-13	1.68e-08	1.39e-04	1.00e+00	0.00e+00	0.00e+00	0.00e+00	0.00e+00	0.00e+00
 4.82122e+13	4.53e-34	2.11e-26	1.94e-19	1.94e-13	1.91e-08	1.49e-04	1.00e+00	0.00e+00	0.00e+00	0.00e+00	0.00e+00	0.00e+00
 4.99266e+13	6.79e-34	2.97e-26	2.55e-19	2.39e-13	2.19e-08	1.59e-04	1.00e+00	0.00e+00	0.00e+00	0.00e+00	0.00e+00	0.00e+00
 5.19284e+13	1.07e-33	4.34e-26	3.46e-19	3.01e-13	2.56e-08	1.72e-04	1.00e+00	0.00e+00	0.00e+00	0.00e+00	0.00e+00	0.00e+00
 5.39017e+13	1.65e-33	6.24e-26	4.64e-19	3.75e-13	2.96e-08	1.86e-04	1.00e+00	0.00e+00	0.00e+00	0.00e+00	0.00e+00	0.00e+00
 5.57678e+13	2.46e-33	8.70e-26	6.06e-19	4.59e-13	3.39e-08	1.99e-04	1.00e+00	0.00e+00	0.00e+00	0.00e+00	0.00e+00	0.00e+00
 5.78424e+13	3.77e-33	1.24e-25	8.07e-19	5.69e-13	3.91e-08	2.14e-04	1.00e+00	0.00e+00	0.00e+00	0.00e+00	0.00e+00	0.00e+00
 6.01860e+13	5.98e-33	1.83e-25	1.10e-18	7.20e-13	4.58e-08	2.31e-04	1.00e+00	0.00e+00	0.00e+00	0.00e+00	0.00e+00	0.00e+00
 6.25385e+13	9.37e-33	2.66e-25	1.49e-18	9.03e-13	5.33e-08	2.50e-04	1.00e+00	0.00e+00	0.00e+00	0.00e+00	0.00e+00	0.00e+00
 6.49851e+13	1.47e-32	3.87e-25	2.01e-18	1.13e-12	6.20e-08	2.70e-04	1.00e+00	0.00e+00	0.00e+00	0.00e+00	0.00e+00	0.00e+00
 6.76145e+13	2.33e-32	5.70e-25	2.75e-18	1.43e-12	7.25e-08	2.92e-04	1.00e+00	0.00e+00	0.00e+00	0.00e+00	0.00e+00	0.00e+00
 7.01598e+13	3.59e-32	8.18e-25	3.67e-18	1.78e-12	8.39e-08	3.14e-04	1.00e+00	0.00e+00	0.00e+00	0.00e+00	0.00e+00	0.00e+00
 7.25527e+13	5.32e-32	1.14e-24	4.78e-18	2.18e-12	9.58e-08	3.36e-04	1.00e+00	0.00e+00	0.00e+00	0.00e+00	0.00e+00	0.00e+00
 7.52305e+13	8.13e-32	1.62e-24	6.35e-18	2.70e-12	1.11e-07	3.61e-04	1.00e+00	0.00e+00	0.00e+00	0.00e+00	0.00e+00	0.00e+00
 7.79301e+13	1.22e-31	2.28e-24	8.37e-18	3.32e-12	1.27e-07	3.88e-04	1.00e+00	0.00e+00	0.00e+00	0.00e+00	0.00e+00	0.00e+00
 8.01706e+13	1.71e-31	3.01e-24	1.05e-17	3.93e-12	1.42e-07	4.10e-04	1.00e+00	0.00e+00	0.00e+00	0.00e+00	0.00e+00	0.00e+00
 8.25415e+13	2.39e-31	4.00e-24	1.31e-17	4.67e-12	1.60e-07	4.35e-04	1.00e+00	0.00e+00	0.00e+00	0.00e+00	0.00e+00	0.00e+00
 8.55742e+13	3.64e-31	5.67e-24	1.74e-17	5.79e-12	1.84e-07	4.68e-04	1.00e+00	0.00e+00	0.00e+00	0.00e+00	0.00e+00	0.00e+00
 8.87562e+13	5.61e-31	8.17e-24	2.34e-17	7.19e-12	2.13e-07	5.04e-04	9.99e-01	0.00e+00	0.00e+00	0.00e+00	0.00e+00	0.00e+00
 9.15679e+13	7.99e-31	1.10e-23	2.97e-17	8.65e-12	2.41e-07	5.36e-04	9.99e-01	0.00e+00	0.00e+00	0.00e+00	0.00e+00	0.00e+00
 9.46094e+13	1.17e-30	1.50e-23	3.83e-17	1.05e-11	2.75e-07	5.73e-04	9.99e-01	0.00e+00	0.00e+00	0.00e+00	0.00e+00	0.00e+00
 9.82701e+13	1.80e-30	2.17e-23	5.15e-17	1.31e-11	3.19e-07	6.19e-04	9.99e-01	0.00e+00	0.00e+00	0.00e+00	0.00e+00	0.00e+00
 1.01982e+14	2.77e-30	3.11e-23	6.88e-17	1.64e-11	3.70e-07	6.67e-04	9.99e-01	0.00e+00	0.00e+00	0.00e+00	0.00e+00	0.00e+00
 1.05454e+14	4.07e-30	4.29e-23	8.94e-17	2.00e-11	4.22e-07	7.14e-04	9.99e-01	0.00e+00	0.00e+00	0.00e+00	0.00e+00	0.00e+00
 1.09315e+14	6.14e-30	6.07e-23	1.18e-16	2.47e-11	4.87e-07	7.68e-04	9.99e-01	0.00e+00	0.00e+00	0.00e+00	0.00e+00	0.00e+00
 1.13413e+14	9.37e-30	8.65e-23	1.58e-16	3.07e-11	5.64e-07	8.28e-04	9.99e-01	0.00e+00	0.00e+00	0.00e+00	0.00e+00	0.00e+00
 1.17056e+14	1.35e-29	1.17e-22	2.02e-16	3.71e-11	6.40e-07	8.83e-04	9.99e-01	0.00e+00	0.00e+00	0.00e+00	0.00e+00	0.00e+00
 1.20975e+14	1.96e-29	1.61e-22	2.61e-16	4.51e-11	7.29e-07	9.45e-04	9.99e-01	0.00e+00	0.00e+00	0.00e+00	0.00e+00	0.00e+00
 1.25668e+14	3.03e-29	2.32e-22	3.51e-16	5.65e-11	8.49e-07	1.02e-03	9.99e-01	0.00e+00	0.00e+00	0.00e+00	0.00e+00	0.00e+00
 1.30286e+14	4.57e-29	3.28e-22	4.65e-16	7.00e-11	9.80e-07	1.10e-03	9.99e-01	0.00e+00	0.00e+00	0.00e+00	0.00e+00	0.00e+00
 1.34398e+14	6.52e-29	4.42e-22	5.92e-16	8.42e-11	1.11e-06	1.17e-03	9.99e-01	0.00e+00	0.00e+00	0.00e+00	0.00e+00	0.00e+00
 1.38937e+14	9.51e-29	6.08e-22	7.67e-16	1.02e-10	1.27e-06	1.25e-03	9.99e-01	0.00e+00	0.00e+00	0.00e+00	0.00e+00	0.00e+00
 1.44347e+14	1.47e-28	8.76e-22	1.03e-15	1.29e-10	1.47e-06	1.36e-03	9.99e-01	0.00e+00	0.00e+00	0.00e+00	0.00e+00	0.00e+00
 1.49717e+14	2.23e-28	1.24e-21	1.37e-15	1.60e-10	1.70e-06	1.46e-03	9.99e-01	0.00e+00	0.00e+00	0.00e+00	0.00e+00	0.00e+00
 1.54626e+14	3.22e-28	1.70e-21	1.77e-15	1.93e-10	1.94e-06	1.56e-03	9.98e-01	0.00e+00	0.00e+00	0.00e+00	0.00e+00	0.00e+00
 1.60107e+14	4.78e-28	2.37e-21	2.31e-15	2.38e-10	2.23e-06	1.68e-03	9.98e-01	0.00e+00	0.00e+00	0.00e+00	0.00e+00	0.00e+00
 1.66484e+14	7.45e-28	3.44e-21	3.14e-15	3.00e-10	2.60e-06	1.82e-03	9.98e-01	0.00e+00	0.00e+00	0.00e+00	0.00e+00	0.00e+00
 1.72748e+14	1.14e-27	4.91e-21	4.19e-15	3.74e-10	3.01e-06	1.96e-03	9.98e-01	0.00e+00	0.00e+00	0.00e+00	0.00e+00	0.00e+00
 1.78672e+14	1.67e-27	6.79e-21	5.45e-15	4.56e-10	3.44e-06	2.10e-03	9.98e-01	0.00e+00	0.00e+00	0.00e+00	0.00e+00	0.00e+00
 1.85259e+14	2.52e-27	9.60e-21	7.22e-15	5.66e-10	3.98e-06	2.27e-03	9.98e-01	0.00e+00	0.00e+00	0.00e+00	0.00e+00	0.00e+00
 1.92699e+14	3.95e-27	1.40e-20	9.81e-15	7.15e-10	4.65e-06	2.46e-03	9.98e-01	0.00e+00	0.00e+00	0.00e+00	0.00e+00	0.00e+00
 1.99756e+14	5.98e-27	1.98e-20	1.30e-14	8.85e-10	5.37e-06	2.64e-03	9.97e-01	0.00e+00	0.00e+00	0.00e+00	0.00e+00	0.00e+00
 2.06180e+14	8.58e-27	2.69e-20	1.67e-14	1.07e-09	6.09e-06	2.82e-03	9.97e-01	0.00e+00	0.00e+00	0.00e+00	0.00e+00	0.00e+00
 2.13450e+14	1.28e-26	3.76e-20	2.18e-14	1.31e-09	6.99e-06	3.03e-03	9.97e-01	0.00e+00	0.00e+00	0.00e+00	0.00e+00	0.00e+00
 2.21925e+14	1.99e-26	5.47e-20	2.96e-14	1.65e-09	8.16e-06	3.28e-03	9.97e-01	0.00e+00	0.00e+00	0.00e+00	0.00e+00	0.00e+00
 2.30058e+14	3.02e-26	7.76e-20	3.93e-14	2.05e-09	9.41e-06	3.53e-03	9.96e-01	0.00e+00	0.00e+00	0.00e+00	0.00e+00	0.00e+00
 2.37421e+14	4.34e-26	1.05e-19	5.03e-14	2.47e-09	1.07e-05	3.76e-03	9.96e-01	0.00e+00	0.00e+00	0.00e+00	0.00e+00	0.00e+00
 2.44351e+14	6.06e-26	1.39e-19	6.30e-14	2.93e-09	1.20e-05	3.98e-03	9.96e-01	0.00e+00	0.00e+00	0.00e+00	0.00e+00	0.00e+00
 2.52020e+14	8.64e-26	1.88e-19	8.03e-14	3.52e-09	1.35e-05	4.24e-03	9.96e-01	0.00e+00	0.00e+00	0.00e+00	0.00e+00	0.00e+00
 2.60594e+14	1.27e-25	2.60e-19	1.04e-13	4.30e-09	1.55e-05	4.54e-03	9.95e-01	0.00e+00	0.00e+00	0.00e+00	0.00e+00	0.00e+00
 2.68700e+14	1.82e-25	3.50e-19	1.33e-13	5.16e-09	1.75e-05	4.83e-03	9.95e-01	0.00e+00	0.00e+00	0.00e+00	0.00e+00	0.00e+00
 2.77592e+14	2.65e-25	4.80e-19	1.72e-13	6.26e-09	1.99e-05	5.16e-03	9.95e-01	0.00e+00	0.00e+00	0.00e+00	0.00e+00	0.00e+00
 2.87545e+14	3.98e-25	6.75e-19	2.26e-13	7.72e-09	2.29e-05	5.54e-03	9.94e-01	0.00e+00	0.00e+00	0.00e+00	0.00e+00	0.00e+00
 2.96938e+14	5.79e-25	9.25e-19	2.91e-13	9.35e-09	2.60e-05	5.91e-03	9.94e-01	0.00e+00	0.00e+00	0.00e+00	0.00e+00	0.00e+00
 3.07211e+14	8.58e-25	1.29e-18	3.81e-13	1.14e-08	2.97e-05	6.34e-03	9.94e-01	0.00e+00	0.00e+00	0.00e+00	0.00e+00	0.00e+00
 3.18570e+14	1.31e-24	1.83e-18	5.06e-13	1.42e-08	3.43e-05	6.82e-03	9.93e-01	0.00e+00	0.00e+00	0.00e+00	0.00e+00	0.00e+00
 3.29065e+14	1.91e-24	2.51e-18	6.53e-13	1.72e-08	3.91e-05	7.28e-03	9.93e-01	0.00e+00	0.00e+00	0.00e+00	0.00e+00	0.00e+00
 3.40432e+14	2.82e-24	3.50e-18	8.53e-13	2.11e-08	4.47e-05	7.80e-03	9.92e-01	0.00e+00	0.00e+00	0.00e+00	0.00e+00	0.00e+00
 3.53131e+14	4.31e-24	4.99e-18	1.14e-12	2.62e-08	5.17e-05	8.40e-03	9.92e-01	0.00e+00	0.00e+00	0.00e+00	0.00e+00	0.00e+00
 3.65058e+14	6.35e-24	6.90e-18	1.48e-12	3.19e-08	5.90e-05	8.98e-03	9.91e-01	0.00e+00	0.00e+00	0.00e+00	0.00e+00	0.00e+00
 3.78057e+14	9.49e-24	9.68e-18	1.94e-12	3.93e-08	6.77e-05	9.64e-03	9.90e-01	0.00e+00	0.00e+00	0.00e+00	0.00e+00	0.00e+00
 3.92512e+14	1.46e-23	1.39e-17	2.60e-12	4.91e-08	7.86e-05	1.04e-02	9.90e-01	0.00e+00	0.00e+00	0.00e+00	0.00e+00	0.00e+00
 4.06020e+14	2.16e-23	1.93e-17	3.39e-12	6.01e-08	8.99e-05	1.11e-02	9.89e-01	0.00e+00	0.00e+00	0.00e+00	0.00e+00	0.00e+00
 4.20683e+14	3.24e-23	2.72e-17	4.48e-12	7.41e-08	1.03e-04	1.20e-02	9.88e-01	0.00e+00	0.00e+00	0.00e+00	0.00e+00	0.00e+00
 4.37080e+14	5.01e-23	3.93e-17	6.03e-12	9.30e-08	1.20e-04	1.30e-02	9.87e-01	0.00e+00	0.00e+00	0.00e+00	0.00e+00	0.00e+00
 4.52651e+14	7.46e-23	5.49e-17	7.92e-12	1.15e-07	1.38e-04	1.39e-02	9.86e-01	0.00e+00	0.00e+00	0.00e+00	0.00e+00	0.00e+00
 4.69306e+14	1.12e-22	7.75e-17	1.05e-11	1.42e-07	1.60e-04	1.50e-02	9.85e-01	0.00e+00	0.00e+00	0.00e+00	0.00e+00	0.00e+00
 4.88109e+14	1.75e-22	1.13e-16	1.42e-11	1.79e-07	1.87e-04	1.62e-02	9.84e-01	0.00e+00	0.00e+00	0.00e+00	0.00e+00	0.00e+00
 5.06639e+14	2.66e-22	1.61e-16	1.90e-11	2.23e-07	2.16e-04	1.75e-02	9.82e-01	0.00e+00	0.00e+00	0.00e+00	0.00e+00	0.00e+00
 5.25910e+14	4.02e-22	2.28e-16	2.53e-11	2.78e-07	2.51e-04	1.89e-02	9.81e-01	0.00e+00	0.00e+00	0.00e+00	0.00e+00	0.00e+00
 5.46977e+14	6.20e-22	3.30e-16	3.43e-11	3.51e-07	2.93e-04	2.05e-02	9.79e-01	0.00e+00	0.00e+00	0.00e+00	0.00e+00	0.00e+00
 5.67787e+14	9.36e-22	4.69e-16	4.57e-11	4.38e-07	3.39e-04	2.22e-02	9.77e-01	0.00e+00	0.00e+00	0.00e+00	0.00e+00	0.00e+00
 5.85096e+14	1.30e-21	6.21e-16	5.75e-11	5.23e-07	3.82e-04	2.36e-02	9.76e-01	0.00e+00	0.00e+00	0.00e+00	0.00e+00	0.00e+00
 5.99082e+14	1.68e-21	7.72e-16	6.88e-11	6.01e-07	4.19e-04	2.48e-02	9.75e-01	0.00e+00	0.00e+00	0.00e+00	0.00e+00	0.00e+00
 6.14601e+14	2.21e-21	9.77e-16	8.36e-11	6.99e-07	4.63e-04	2.62e-02	9.73e-01	0.00e+00	0.00e+00	0.00e+00	0.00e+00	0.00e+00
 6.34776e+14	3.12e-21	1.31e-15	1.07e-10	8.45e-07	5.26e-04	2.80e-02	9.71e-01	0.00e+00	0.00e+00	0.00e+00	0.00e+00	0.00e+00
 6.56408e+14	4.46e-21	1.79e-15	1.38e-10	1.03e-06	6.00e-04	3.01e-02	9.69e-01	0.00e+00	0.00e+00	0.00e+00	0.00e+00	0.00e+00
 6.75605e+14	6.04e-21	2.32e-15	1.72e-10	1.22e-06	6.72e-04	3.19e-02	9.67e-01	0.00e+00	0.00e+00	0.00e+00	0.00e+00	0.00e+00
 6.96230e+14	8.29e-21	3.05e-15	2.15e-10	1.46e-06	7.56e-04	3.40e-02	9.65e-01	0.00e+00	0.00e+00	0.00e+00	0.00e+00	0.00e+00
 7.22061e+14	1.21e-20	4.24e-15	2.84e-10	1.80e-06	8.71e-04	3.68e-02	9.62e-01	0.00e+00	0.00e+00	0.00e+00	0.00e+00	0.00e+00
 7.48266e+14	1.75e-20	5.84e-15	3.71e-10	2.22e-06	1.00e-03	3.97e-02	9.59e-01	0.00e+00	0.00e+00	0.00e+00	0.00e+00	0.00e+00
 7.71002e+14	2.39e-20	7.64e-15	4.65e-10	2.65e-06	1.13e-03	4.22e-02	9.57e-01	0.00e+00	0.00e+00	0.00e+00	0.00e+00	0.00e+00
 7.95621e+14	3.27e-20	1.01e-14	5.88e-10	3.19e-06	1.27e-03	4.52e-02	9.54e-01	0.00e+00	0.00e+00	0.00e+00	0.00e+00	0.00e+00
 8.25742e+14	4.79e-20	1.41e-14	7.78e-10	3.96e-06	1.47e-03	4.89e-02	9.50e-01	0.00e+00	0.00e+00	0.00e+00	0.00e+00	0.00e+00
 8.56139e+14	6.89e-20	1.94e-14	1.02e-09	4.90e-06	1.69e-03	5.29e-02	9.45e-01	0.00e+00	0.00e+00	0.00e+00	0.00e+00	0.00e+00
 8.83203e+14	9.40e-20	2.55e-14	1.29e-09	5.88e-06	1.91e-03	5.65e-02	9.42e-01	0.00e+00	0.00e+00	0.00e+00	0.00e+00	0.00e+00
 9.12811e+14	1.31e-19	3.41e-14	1.65e-09	7.13e-06	2.17e-03	6.06e-02	9.37e-01	0.00e+00	0.00e+00	0.00e+00	0.00e+00	0.00e+00
 9.48152e+14	1.91e-19	4.78e-14	2.19e-09	8.90e-06	2.51e-03	6.57e-02	9.32e-01	0.00e+00	0.00e+00	0.00e+00	0.00e+00	0.00e+00
 9.83097e+14	2.74e-19	6.58e-14	2.87e-09	1.10e-05	2.88e-03	7.09e-02	9.26e-01	0.00e+00	0.00e+00	0.00e+00	0.00e+00	0.00e+00
 1.01470e+15	3.75e-19	8.69e-14	3.63e-09	1.32e-05	3.25e-03	7.58e-02	9.21e-01	0.00e+00	0.00e+00	0.00e+00	0.00e+00	0.00e+00
 1.04982e+15	5.25e-19	1.17e-13	4.68e-09	1.61e-05	3.70e-03	8.14e-02	9.15e-01	0.00e+00	0.00e+00	0.00e+00	0.00e+00	0.00e+00
 1.09108e+15	7.68e-19	1.65e-13	6.25e-09	2.02e-05	4.28e-03	8.83e-02	9.07e-01	0.00e+00	0.00e+00	0.00e+00	0.00e+00	0.00e+00
 1.13174e+15	1.10e-18	2.28e-13	8.23e-09	2.49e-05	4.91e-03	9.52e-02	9.00e-01	0.00e+00	0.00e+00	0.00e+00	0.00e+00	0.00e+00
 1.16960e+15	1.53e-18	3.06e-13	1.05e-08	3.02e-05	5.56e-03	1.02e-01	8.93e-01	0.00e+00	0.00e+00	0.00e+00	0.00e+00	0.00e+00
 1.21198e+15	2.18e-18	4.20e-13	1.38e-08	3.71e-05	6.35e-03	1.10e-01	8.84e-01	0.00e+00	0.00e+00	0.00e+00	0.00e+00	0.00e+00
 1.26049e+15	3.23e-18	5.97e-13	1.85e-08	4.65e-05	7.34e-03	1.19e-01	8.74e-01	0.00e+00	0.00e+00	0.00e+00	0.00e+00	0.00e+00
 1.30834e+15	4.69e-18	8.34e-13	2.45e-08	5.76e-05	8.43e-03	1.28e-01	8.64e-01	0.00e+00	0.00e+00	0.00e+00	0.00e+00	0.00e+00
 1.35811e+15	6.82e-18	1.17e-12	3.24e-08	7.14e-05	9.67e-03	1.38e-01	8.53e-01	0.00e+00	0.00e+00	0.00e+00	0.00e+00	0.00e+00
 1.40337e+15	9.50e-18	1.57e-12	4.15e-08	8.62e-05	1.09e-02	1.47e-01	8.42e-01	0.00e+00	0.00e+00	0.00e+00	0.00e+00	0.00e+00
 1.43719e+15	1.21e-17	1.94e-12	4.96e-08	9.87e-05	1.19e-02	1.54e-01	8.34e-01	0.00e+00	0.00e+00	0.00e+00	0.00e+00	0.00e+00
 1.47216e+15	1.54e-17	2.42e-12	5.95e-08	1.13e-04	1.30e-02	1.61e-01	8.26e-01	0.00e+00	0.00e+00	0.00e+00	0.00e+00	0.00e+00
 1.51761e+15	2.10e-17	3.19e-12	7.49e-08	1.35e-04	1.45e-02	1.70e-01	8.15e-01	0.00e+00	0.00e+00	0.00e+00	0.00e+00	0.00e+00
 1.56702e+15	2.97e-17	4.27e-12	9.54e-08	1.61e-04	1.62e-02	1.81e-01	8.03e-01	0.00e+00	0.00e+00	1.71e-17	8.95e-18	3.03e-18
 1.61177e+15	3.97e-17	5.53e-12	1.18e-07	1.89e-04	1.79e-02	1.90e-01	7.92e-01	0.00e+00	0.00e+00	2.28e-17	1.20e-17	4.05e-18
 1.66016e+15	5.38e-17	7.24e-12	1.47e-07	2.23e-04	1.99e-02	2.00e-01	7.80e-01	0.00e+00	0.00e+00	3.09e-17	1.63e-17	5.47e-18
 1.72128e+15	7.86e-17	1.01e-11	1.94e-07	2.74e-04	2.26e-02	2.13e-01	7.64e-01	0.00e+00	0.00e+00	4.52e-17	2.37e-17	7.96e-18
 1.78267e+15	1.13e-16	1.40e-11	2.52e-07	3.33e-04	2.55e-02	2.27e-01	7.48e-01	0.00e+00	0.00e+00	6.53e-17	3.42e-17	1.14e-17
 1.83443e+15	1.53e-16	1.82e-11	3.12e-07	3.90e-04	2.82e-02	2.38e-01	7.34e-01	0.00e+00	0.00e+00	8.82e-17	4.61e-17	1.54e-17
 1.88994e+15	2.09e-16	2.39e-11	3.90e-07	4.59e-04	3.11e-02	2.49e-01	7.19e-01	0.00e+00	0.00e+00	1.21e-16	6.30e-17	2.10e-17
 1.95976e+15	3.08e-16	3.34e-11	5.13e-07	5.60e-04	3.52e-02	2.64e-01	7.00e-01	0.00e+00	0.00e+00	1.78e-16	9.27e-17	3.08e-17
 2.03289e+15	4.54e-16	4.68e-11	6.74e-07	6.84e-04	3.98e-02	2.80e-01	6.80e-01	0.00e+00	0.00e+00	2.62e-16	1.37e-16	4.53e-17
 2.09894e+15	6.37e-16	6.28e-11	8.53e-07	8.12e-04	4.42e-02	2.93e-01	6.62e-01	0.00e+00	0.00e+00	3.68e-16	1.92e-16	6.35e-17
 2.17106e+15	9.15e-16	8.57e-11	1.10e-06	9.73e-04	4.93e-02	3.07e-01	6.42e-01	0.00e+00	0.00e+00	5.29e-16	2.76e-16	9.10e-17
 2.25607e+15	1.39e-15	1.22e-10	1.46e-06	1.19e-03	5.57e-02	3.24e-01	6.19e-01	0.00e+00	0.00e+00	8.02e-16	4.18e-16	1.38e-16
 2.33921e+15	2.05e-15	1.70e-10	1.90e-06	1.44e-03	6.24e-02	3.40e-01	5.96e-01	0.00e+00	0.00e+00	1.18e-15	6.17e-16	2.03e-16
 2.41518e+15	2.89e-15	2.28e-10	2.39e-06	1.70e-03	6.89e-02	3.53e-01	5.76e-01	0.00e+00	0.00e+00	1.67e-15	8.71e-16	2.86e-16
 2.50049e+15	4.21e-15	3.13e-10	3.08e-06	2.04e-03	7.65e-02	3.68e-01	5.53e-01	0.00e+00	0.00e+00	2.44e-15	1.27e-15	4.16e-16
 2.59970e+15	6.42e-15	4.46e-10	4.08e-06	2.48e-03	8.59e-02	3.84e-01	5.28e-01	0.00e+00	0.00e+00	3.72e-15	1.94e-15	6.34e-16
 2.69725e+15	9.58e-15	6.23e-10	5.31e-06	2.99e-03	9.56e-02	3.99e-01	5.03e-01	0.00e+00	0.00e+00	5.55e-15	2.89e-15	9.46e-16
 2.78955e+15	1.38e-14	8.44e-10	6.74e-06	3.53e-03	1.05e-01	4.12e-01	4.80e-01	0.00e+00	0.00e+00	8.01e-15	4.17e-15	1.36e-15
 2.87018e+15	1.88e-14	1.09e-09	8.25e-06	4.06e-03	1.14e-01	4.22e-01	4.60e-01	0.00e+00	0.00e+00	1.09e-14	5.69e-15	1.86e-15
 2.93719e+15	2.42e-14	1.34e-09	9.69e-06	4.54e-03	1.21e-01	4.30e-01	4.44e-01	0.00e+00	0.00e+00	1.40e-14	7.30e-15	2.38e-15
 3.01108e+15	3.17e-14	1.67e-09	1.15e-05	5.12e-03	1.30e-01	4.38e-01	4.27e-01	0.00e+00	0.00e+00	1.84e-14	9.58e-15	3.12e-15
 3.10715e+15	4.47e-14	2.21e-09	1.43e-05	5.95e-03	1.41e-01	4.48e-01	4.05e-01	0.00e+00	0.00e+00	2.59e-14	1.35e-14	4.40e-15
 3.20813e+15	6.31e-14	2.92e-09	1.79e-05	6.91e-03	1.53e-01	4.57e-01	3.83e-01	0.00e+00	0.00e+00	3.65e-14	1.91e-14	6.21e-15
 3.29461e+15	8.38e-14	3.68e-09	2.14e-05	7.81e-03	1.64e-01	4.64e-01	3.65e-01	0.00e+00	0.00e+00	4.86e-14	2.53e-14	8.25e-15
 3.38614e+15	1.13e-13	4.67e-09	2.57e-05	8.85e-03	1.75e-01	4.70e-01	3.47e-01	0.00e+00	0.00e+00	6.54e-14	3.41e-14	1.11e-14
 3.50513e+15	1.64e-13	6.31e-09	3.25e-05	1.04e-02	1.90e-01	4.76e-01	3.24e-01	0.00e+00	0.00e+00	9.51e-14	4.96e-14	1.61e-14
 3.62763e+15	2.36e-13	8.45e-09	4.08e-05	1.20e-02	2.06e-01	4.81e-01	3.01e-01	0.00e+00	0.00e+00	1.37e-13	7.13e-14	2.32e-14
 3.72975e+15	3.17e-13	1.07e-08	4.90e-05	1.36e-02	2.19e-01	4.84e-01	2.83e-01	0.00e+00	0.00e+00	1.84e-13	9.58e-14	3.11e-14
 3.83754e+15	4.29e-13	1.36e-08	5.91e-05	1.54e-02	2.33e-01	4.86e-01	2.66e-01	0.00e+00	0.00e+00	2.49e-13	1.30e-13	4.22e-14
 3.97646e+15	6.28e-13	1.83e-08	7.42e-05	1.79e-02	2.51e-01	4.87e-01	2.44e-01	0.00e+00	0.00e+00	3.64e-13	1.90e-13	6.17e-14
 4.12182e+15	9.21e-13	2.48e-08	9.35e-05	2.08e-02	2.69e-01	4.86e-01	2.24e-01	0.00e+00	0.00e+00	5.34e-13	2.79e-13	9.05e-14
 4.24738e+15	1.26e-12	3.18e-08	1.13e-04	2.34e-02	2.85e-01	4.84e-01	2.07e-01	0.00e+00	0.00e+00	7.33e-13	3.82e-13	1.24e-13
 4.38120e+15	1.76e-12	4.11e-08	1.37e-04	2.66e-02	3.02e-01	4.81e-01	1.90e-01	0.00e+00	0.00e+00	1.02e-12	5.33e-13	1.73e-13
 4.54599e+15	2.60e-12	5.58e-08	1.73e-04	3.07e-02	3.23e-01	4.75e-01	1.71e-01	0.00e+00	0.00e+00	1.51e-12	7.88e-13	2.56e-13
 4.71057e+15	3.77e-12	7.44e-08	2.15e-04	3.52e-02	3.43e-01	4.67e-01	1.55e-01	0.00e+00	0.00e+00	2.19e-12	1.14e-12	3.70e-13
 4.85501e+15	5.16e-12	9.50e-08	2.59e-04	3.95e-02	3.60e-01	4.60e-01	1.41e-01	0.00e+00	0.00e+00	3.00e-12	1.56e-12	5.07e-13
 5.01375e+15	7.23e-12	1.23e-07	3.14e-04	4.45e-02	3.78e-01	4.50e-01	1.27e-01	0.00e+00	0.00e+00	4.20e-12	2.19e-12	7.09e-13
 5.20555e+15	1.07e-11	1.66e-07	3.94e-04	5.10e-02	3.98e-01	4.38e-01	1.12e-01	0.00e+00	0.00e+00	6.21e-12	3.24e-12	1.05e-12
 5.38808e+15	1.51e-11	2.18e-07	4.82e-04	5.76e-02	4.17e-01	4.25e-01	9.99e-02	0.00e+00	0.00e+00	8.78e-12	4.58e-12	1.48e-12
 5.54024e+15	2.01e-11	2.71e-07	5.68e-04	6.35e-02	4.32e-01	4.14e-01	9.05e-02	0.00e+00	0.00e+00	1.17e-11	6.08e-12	1.97e-12
 5.67792e+15	2.57e-11	3.27e-07	6.55e-04	6.91e-02	4.44e-01	4.03e-01	8.27e-02	0.00e+00	0.00e+00	1.49e-11	7.79e-12	2.52e-12
 5.82964e+15	3.36e-11	4.02e-07	7.63e-04	7.55e-02	4.58e-01	3.91e-01	7.49e-02	0.00e+00	0.00e+00	1.95e-11	1.02e-11	3.30e-12
 5.99640e+15	4.46e-11	5.00e-07	8.98e-04	8.29e-02	4.71e-01	3.78e-01	6.71e-02	0.00e+00	0.00e+00	2.59e-11	1.35e-11	4.38e-12
 6.15157e+15	5.74e-11	6.07e-07	1.04e-03	9.01e-02	4.83e-01	3.65e-01	6.06e-02	0.00e+00	0.00e+00	3.34e-11	1.74e-11	5.64e-12
 6.32215e+15	7.60e-11	7.51e-07	1.22e-03	9.84e-02	4.95e-01	3.51e-01	5.41e-02	0.00e+00	0.00e+00	4.41e-11	2.31e-11	7.45e-12
 6.50812e+15	1.01e-10	9.34e-07	1.43e-03	1.08e-01	5.07e-01	3.36e-01	4.79e-02	0.00e+00	0.00e+00	5.86e-11	3.06e-11	9.89e-12
 6.68102e+15	1.30e-10	1.14e-06	1.66e-03	1.17e-01	5.17e-01	3.22e-01	4.27e-02	0.00e+00	0.00e+00	7.56e-11	3.95e-11	1.28e-11
 6.87275e+15	1.73e-10	1.41e-06	1.95e-03	1.27e-01	5.27e-01	3.06e-01	3.76e-02	0.00e+00	0.00e+00	1.01e-10	5.27e-11	1.70e-11
 7.08174e+15	2.32e-10	1.77e-06	2.30e-03	1.39e-01	5.36e-01	2.90e-01	3.27e-02	0.00e+00	0.00e+00	1.35e-10	7.04e-11	2.27e-11
 7.27637e+15	3.00e-10	2.16e-06	2.67e-03	1.51e-01	5.43e-01	2.75e-01	2.88e-02	0.00e+00	0.00e+00	1.74e-10	9.11e-11	2.94e-11
 7.49262e+15	4.04e-10	2.70e-06	3.16e-03	1.64e-01	5.50e-01	2.58e-01	2.48e-02	0.00e+00	0.00e+00	2.35e-10	1.23e-10	3.97e-11
 7.72310e+15	5.36e-10	3.37e-06	3.73e-03	1.79e-01	5.55e-01	2.41e-01	2.13e-02	0.00e+00	0.00e+00	3.11e-10	1.63e-10	5.27e-11
 7.92639e+15	6.85e-10	4.07e-06	4.30e-03	1.92e-01	5.58e-01	2.27e-01	1.86e-02	0.00e+00	0.00e+00	3.98e-10	2.08e-10	6.74e-11
 8.14496e+15	9.00e-10	5.01e-06	5.02e-03	2.07e-01	5.60e-01	2.12e-01	1.60e-02	0.00e+00	0.00e+00	5.23e-10	2.74e-10	8.86e-11
 8.38540e+15	1.19e-09	6.23e-06	5.90e-03	2.24e-01	5.60e-01	1.97e-01	1.36e-02	0.00e+00	0.00e+00	6.93e-10	3.63e-10	1.17e-10
 8.60580e+15	1.52e-09	7.53e-06	6.82e-03	2.39e-01	5.59e-01	1.83e-01	1.17e-02	0.00e+00	0.00e+00	8.85e-10	4.63e-10	1.50e-10
 8.84383e+15	2.00e-09	9.29e-06	7.97e-03	2.57e-01	5.57e-01	1.69e-01	9.95e-03	0.00e+00	0.00e+00	1.16e-09	6.10e-10	1.97e-10
 9.10173e+15	2.65e-09	1.16e-05	9.39e-03	2.76e-01	5.52e-01	1.54e-01	8.32e-03	0.00e+00	0.00e+00	1.54e-09	8.08e-10	2.62e-10
 9.32013e+15	3.31e-09	1.37e-05	1.07e-02	2.93e-01	5.46e-01	1.43e-01	7.17e-03	0.00e+00	0.00e+00	1.93e-09	1.01e-09	3.27e-10
 9.50650e+15	4.03e-09	1.60e-05	1.20e-02	3.07e-01	5.41e-01	1.34e-01	6.30e-03	0.00e+00	0.00e+00	2.34e-09	1.23e-09	3.98e-10
 9.71657e+15	5.06e-09	1.91e-05	1.37e-02	3.24e-01	5.34e-01	1.24e-01	5.42e-03	0.00e+00	0.00e+00	2.94e-09	1.54e-09	5.00e-10
 9.94789e+15	6.45e-09	2.30e-05	1.58e-02	3.42e-01	5.24e-01	1.13e-01	4.59e-03	0.00e+00	0.00e+00	3.75e-09	1.97e-09	6.38e-10
 1.01583e+16	7.92e-09	2.70e-05	1.79e-02	3.59e-01	5.15e-01	1.04e-01	3.95e-03	0.00e+00	0.00e+00	4.61e-09	2.41e-09	7.84e-10
 1.03531e+16	9.70e-09	3.16e-05	2.01e-02	3.75e-01	5.05e-01	9.63e-02	3.43e-03	0.00e+00	0.00e+00	5.64e-09	2.96e-09	9.60e-10
 1.05764e+16	1.24e-08	3.81e-05	2.31e-02	3.93e-01	4.93e-01	8.76e-02	2.89e-03	0.00e+00	0.00e+00	7.20e-09	3.77e-09	1.23e-09
 1.08136e+16	1.59e-08	4.61e-05	2.66e-02	4.13e-01	4.79e-01	7.91e-02	2.42e-03	0.00e+00	0.00e+00	9.23e-09	4.84e-09	1.57e-09
 1.10178e+16	1.95e-08	5.43e-05	3.01e-02	4.29e-01	4.66e-01	7.23e-02	2.07e-03	0.00e+00	0.00e+00	1.14e-08	5.96e-09	1.94e-09
 1.12038e+16	2.38e-08	6.33e-05	3.38e-02	4.45e-01	4.53e-01	6.64e-02	1.79e-03	0.00e+00	0.00e+00	1.39e-08	7.27e-09	2.36e-09
 1.14172e+16	3.01e-08	7.59e-05	3.87e-02	4.62e-01	4.38e-01	5.99e-02	1.50e-03	0.00e+00	0.00e+00	1.75e-08	9.18e-09	2.99e-09
 1.16456e+16	3.89e-08	9.24e-05	4.47e-02	4.80e-01	4.20e-01	5.34e-02	1.24e-03	0.00e+00	0.00e+00	2.27e-08	1.19e-08	3.87e-09
 1.18417e+16	4.83e-08	1.09e-04	5.07e-02	4.96e-01	4.04e-01	4.83e-02	1.05e-03	0.00e+00	0.00e+00	2.81e-08	1.47e-08	4.80e-09
 1.20153e+16	5.84e-08	1.27e-04	5.68e-02	5.09e-01	3.89e-01	4.40e-02	9.06e-04	0.00e+00	0.00e+00	3.40e-08	1.78e-08	5.81e-09
 1.22115e+16	7.60e-08	1.54e-04	6.52e-02	5.24e-01	3.71e-01	3.92e-02	7.51e-04	0.00e+00	0.00e+00	4.42e-08	2.32e-08	7.57e-09
 1.24169e+16	9.55e-08	1.85e-04	7.49e-02	5.37e-01	3.52e-01	3.47e-02	6.23e-04	0.00e+00	0.00e+00	5.56e-08	2.92e-08	9.51e-09
 1.25928e+16	1.22e-07	2.22e-04	8.52e-02	5.49e-01	3.34e-01	3.10e-02	5.21e-04	0.00e+00	0.00e+00	7.07e-08	3.71e-08	1.21e-08
 1.27491e+16	1.50e-07	2.60e-04	9.57e-02	5.58e-01	3.18e-01	2.79e-02	4.43e-04	0.00e+00	0.00e+00	8.70e-08	4.57e-08	1.49e-08
 1.29214e+16	1.81e-07	3.05e-04	1.09e-01	5.67e-01	2.99e-01	2.46e-02	3.69e-04	0.00e+00	0.00e+00	1.05e-07	5.54e-08	1.81e-08
 1.31091e+16	2.36e-07	3.74e-04	1.27e-01	5.74e-01	2.78e-01	2.13e-02	2.98e-04	0.00e+00	0.00e+00	1.37e-07	7.21e-08	2.35e-08
 1.32699e+16	3.23e-07	4.68e-04	1.46e-01	5.77e-01	2.58e-01	1.85e-02	2.41e-04	0.00e+00	0.00e+00	1.88e-07	9.88e-08	3.23e-08
 1.33876e+16	3.86e-07	5.37e-04	1.61e-01	5.78e-01	2.44e-01	1.66e-02	2.07e-04	0.00e+00	0.00e+00	2.25e-07	1.18e-07	3.86e-08
 1.34958e+16	4.44e-07	6.02e-04	1.77e-01	5.78e-01	2.29e-01	1.50e-02	1.79e-04	0.00e+00	0.00e+00	2.58e-07	1.36e-07	4.44e-08
 1.36365e+16	6.07e-07	7.54e-04	2.03e-01	5.74e-01	2.10e-01	1.28e-02	1.42e-04	0.00e+00	0.00e+00	3.53e-07	1.86e-07	6.08e-08
 1.37699e+16	7.19e-07	8.67e-04	2.29e-01	5.68e-01	1.91e-01	1.10e-02	1.16e-04	0.00e+00	0.00e+00	4.18e-07	2.20e-07	7.19e-08
 1.38670e+16	9.14e-07	1.03e-03	2.53e-01	5.60e-01	1.77e-01	9.65e-03	9.67e-05	0.00e+00	0.00e+00	5.32e-07	2.80e-07	9.15e-08
 1.39391e+16	1.06e-06	1.15e-03	2.72e-01	5.52e-01	1.66e-01	8.73e-03	8.43e-05	0.00e+00	0.00e+00	6.17e-07	3.25e-07	1.06e-07
 1.40055e+16	1.18e-06	1.25e-03	2.91e-01	5.44e-01	1.56e-01	7.91e-03	7.40e-05	0.00e+00	0.00e+00	6.85e-07	3.61e-07	1.18e-07
 1.40918e+16	1.49e-06	1.47e-03	3.19e-01	5.30e-01	1.42e-01	6.81e-03	6.03e-05	0.00e+00	0.00e+00	8.66e-07	4.56e-07	1.49e-07
 1.41732e+16	1.68e-06	1.62e-03	3.46e-01	5.16e-01	1.30e-01	5.96e-03	5.08e-05	0.00e+00	0.00e+00	9.79e-07	5.15e-07	1.69e-07
 1.42482e+16	2.01e-06	1.85e-03	3.76e-01	5.00e-01	1.17e-01	5.14e-03	4.18e-05	0.00e+00	0.00e+00	1.17e-06	6.16e-07	2.02e-07
 1.43263e+16	2.41e-06	2.10e-03	4.08e-01	4.80e-01	1.05e-01	4.36e-03	3.38e-05	0.00e+00	0.00e+00	1.40e-06	7.39e-07	2.42e-07
 1.43909e+16	2.84e-06	2.36e-03	4.37e-01	4.62e-01	9.49e-02	3.76e-03	2.78e-05	0.00e+00	0.00e+00	1.65e-06	8.70e-07	2.85e-07
 1.44469e+16	3.40e-06	2.66e-03	4.66e-01	4.43e-01	8.59e-02	3.24e-03	2.29e-05	0.00e+00	0.00e+00	1.98e-06	1.04e-06	3.42e-07
 1.44978e+16	3.83e-06	2.90e-03	4.91e-01	4.25e-01	7.82e-02	2.84e-03	1.93e-05	0.00e+00	0.00e+00	2.23e-06	1.18e-06	3.86e-07
 1.45526e+16	4.30e-06	3.15e-03	5.19e-01	4.06e-01	6.99e-02	2.43e-03	1.59e-05	0.00e+00	0.00e+00	2.50e-06	1.32e-06	4.34e-07
 1.46238e+16	5.37e-06	3.65e-03	5.59e-01	3.76e-01	5.93e-02	1.92e-03	1.18e-05	0.00e+00	0.00e+00	3.13e-06	1.65e-06	5.42e-07
 1.46915e+16	6.39e-06	4.10e-03	5.96e-01	3.48e-01	5.04e-02	1.53e-03	8.86e-06	0.00e+00	0.00e+00	3.71e-06	1.96e-06	6.44e-07
 1.47422e+16	7.31e-06	4.48e-03	6.25e-01	3.26e-01	4.40e-02	1.27e-03	7.01e-06	0.00e+00	0.00e+00	4.25e-06	2.24e-06	7.38e-07
 1.47959e+16	8.49e-06	4.93e-03	6.56e-01	3.01e-01	3.75e-02	1.02e-03	5.33e-06	0.00e+00	0.00e+00	4.94e-06	2.61e-06	8.58e-07
 1.48656e+16	1.03e-05	5.58e-03	6.95e-01	2.69e-01	3.00e-02	7.52e-04	3.64e-06	0.00e+00	0.00e+00	6.00e-06	3.17e-06	1.04e-06
 1.49351e+16	1.23e-05	6.23e-03	7.31e-01	2.38e-01	2.38e-02	5.49e-04	2.47e-06	0.00e+00	0.00e+00	7.16e-06	3.78e-06	1.25e-06
 1.49900e+16	1.42e-05	6.81e-03	7.59e-01	2.14e-01	1.95e-02	4.19e-04	1.77e-06	0.00e+00	0.00e+00	8.27e-06	4.37e-06	1.44e-06
 1.50472e+16	1.66e-05	7.46e-03	7.87e-01	1.90e-01	1.55e-02	3.07e-04	1.21e-06	0.00e+00	0.00e+00	9.64e-06	5.09e-06	1.68e-06
 1.51216e+16	2.00e-05	8.33e-03	8.19e-01	1.61e-01	1.14e-02	2.02e-04	7.23e-07	0.00e+00	0.00e+00	1.16e-05	6.15e-06	2.04e-06
 1.51981e+16	2.41e-05	9.26e-03	8.47e-01	1.35e-01	8.23e-03	1.30e-04	0.00e+00	0.00e+00	0.00e+00	1.40e-05	7.40e-06	2.45e-06
 1.52629e+16	2.81e-05	1.01e-02	8.68e-01	1.15e-01	6.15e-03	8.77e-05	0.00e+00	0.00e+00	0.00e+00	1.63e-05	8.64e-06	2.87e-06
 1.53325e+16	3.31e-05	1.10e-02	8.88e-01	9.66e-02	4.43e-03	5.61e-05	0.00e+00	0.00e+00	0.00e+00	1.92e-05	1.02e-05	3.38e-06
 1.54231e+16	4.05e-05	1.23e-02	9.08e-01	7.64e-02	2.87e-03	3.11e-05	0.00e+00	0.00e+00	0.00e+00	2.35e-05	1.25e-05	4.14e-06
 1.55216e+16	4.97e-05	1.37e-02	9.25e-01	5.95e-02	1.81e-03	1.64e-05	0.00e+00	0.00e+00	0.00e+00	2.89e-05	1.53e-05	5.10e-06
 1.55958e+16	5.77e-05	1.48e-02	9.34e-01	4.96e-02	1.30e-03	1.03e-05	0.00e+00	0.00e+00	0.00e+00	3.36e-05	1.78e-05	5.93e-06
 1.56452e+16	6.37e-05	1.56e-02	9.39e-01	4.39e-02	1.03e-03	7.54e-06	0.00e+00	0.00e+00	0.00e+00	3.70e-05	1.96e-05	6.54e-06
 1.56971e+16	7.06e-05	1.64e-02	9.44e-01	3.85e-02	8.07e-04	5.34e-06	0.00e+00	0.00e+00	0.00e+00	4.10e-05	2.17e-05	7.26e-06
 1.57647e+16	8.04e-05	1.75e-02	9.49e-01	3.25e-02	5.89e-04	3.42e-06	0.00e+00	0.00e+00	0.00e+00	4.68e-05	2.48e-05	8.28e-06
