#depth	N	N+	N+2	N+3	N+4	N+5	N+6	N+7
 1.49634e+10	0.00e+00	0.00e+00	2.84e-27	4.23e-18	1.14e-09	9.66e-01	3.43e-02	0.00e+00
 4.54887e+10	0.00e+00	4.73e-37	3.62e-27	4.98e-18	1.24e-09	9.68e-01	3.16e-02	4.18e-07
 7.72350e+10	0.00e+00	0.00e+00	4.61e-27	5.86e-18	1.34e-09	9.71e-01	2.91e-02	0.00e+00
 1.10251e+11	0.00e+00	9.01e-37	5.87e-27	6.90e-18	1.46e-09	9.73e-01	2.68e-02	0.00e+00
 1.43109e+11	0.00e+00	0.00e+00	7.41e-27	8.06e-18	1.58e-09	9.75e-01	2.48e-02	0.00e+00
 1.77280e+11	0.00e+00	1.67e-36	9.36e-27	9.43e-18	1.71e-09	9.77e-01	2.29e-02	0.00e+00
 2.14298e+11	4.69e-47	2.31e-36	1.19e-26	1.11e-17	1.86e-09	9.79e-01	2.11e-02	0.00e+00
 2.52797e+11	0.00e+00	3.19e-36	1.52e-26	1.31e-17	2.02e-09	9.81e-01	1.94e-02	0.00e+00
 2.92836e+11	1.05e-46	4.41e-36	1.94e-26	1.54e-17	2.19e-09	9.82e-01	1.79e-02	0.00e+00
 3.34476e+11	0.00e+00	0.00e+00	2.48e-26	1.82e-17	2.38e-09	9.84e-01	1.65e-02	0.00e+00
 3.77782e+11	0.00e+00	8.45e-36	3.17e-26	2.14e-17	2.59e-09	9.85e-01	1.51e-02	0.00e+00
 4.22820e+11	3.55e-46	1.17e-35	4.05e-26	2.52e-17	2.82e-09	9.86e-01	1.39e-02	0.00e+00
 4.69659e+11	0.00e+00	0.00e+00	5.18e-26	2.97e-17	3.06e-09	9.87e-01	1.28e-02	0.00e+00
 5.18373e+11	0.00e+00	2.24e-35	6.62e-26	3.51e-17	3.33e-09	9.88e-01	1.18e-02	0.00e+00
 5.69034e+11	1.21e-45	3.11e-35	8.47e-26	4.14e-17	3.62e-09	9.89e-01	1.08e-02	0.00e+00
 6.16769e+11	0.00e+00	0.00e+00	1.06e-25	4.81e-17	3.90e-09	9.90e-01	1.00e-02	0.00e+00
 6.59607e+11	0.00e+00	5.42e-35	1.29e-25	5.49e-17	4.17e-09	9.91e-01	9.38e-03	0.00e+00
 7.07750e+11	3.43e-45	7.19e-35	1.59e-25	6.33e-17	4.48e-09	9.91e-01	8.72e-03	0.00e+00
 7.64624e+11	0.00e+00	0.00e+00	2.03e-25	7.46e-17	4.87e-09	9.92e-01	8.03e-03	0.00e+00
 8.21443e+11	0.00e+00	1.35e-34	2.57e-25	8.73e-17	5.27e-09	9.93e-01	7.41e-03	0.00e+00
 8.74987e+11	1.07e-44	1.79e-34	3.18e-25	1.01e-16	5.67e-09	9.93e-01	6.89e-03	0.00e+00
 9.34365e+11	0.00e+00	2.43e-34	4.00e-25	1.18e-16	6.13e-09	9.94e-01	6.37e-03	0.00e+00
 1.00167e+12	2.38e-44	3.39e-34	5.13e-25	1.39e-16	6.67e-09	9.94e-01	5.84e-03	0.00e+00
 1.06896e+12	0.00e+00	4.67e-34	6.54e-25	1.64e-16	7.25e-09	9.95e-01	5.38e-03	0.00e+00
 1.13895e+12	5.29e-44	6.44e-34	8.34e-25	1.93e-16	7.88e-09	9.95e-01	4.95e-03	0.00e+00
 1.21444e+12	0.00e+00	9.01e-34	1.07e-24	2.30e-16	8.59e-09	9.95e-01	4.54e-03	0.00e+00
 1.28523e+12	1.17e-43	1.22e-33	1.35e-24	2.68e-16	9.29e-09	9.96e-01	4.19e-03	0.00e+00
 1.34839e+12	0.00e+00	1.58e-33	1.65e-24	3.06e-16	9.94e-09	9.96e-01	3.92e-03	0.00e+00
 1.41938e+12	2.32e-43	2.11e-33	2.05e-24	3.55e-16	1.07e-08	9.96e-01	3.64e-03	0.00e+00
 1.50365e+12	0.00e+00	2.93e-33	2.62e-24	4.20e-16	1.17e-08	9.97e-01	3.34e-03	0.00e+00
 1.58800e+12	5.19e-43	4.02e-33	3.34e-24	4.95e-16	1.27e-08	9.97e-01	3.07e-03	0.00e+00
 1.66674e+12	0.00e+00	5.35e-33	4.15e-24	5.74e-16	1.37e-08	9.97e-01	2.85e-03	0.00e+00
 1.75435e+12	1.09e-42	7.27e-33	5.23e-24	6.72e-16	1.48e-08	9.97e-01	2.63e-03	0.00e+00
 1.85445e+12	0.00e+00	1.02e-32	6.79e-24	8.02e-16	1.62e-08	9.98e-01	2.41e-03	0.00e+00
 1.95260e+12	2.48e-42	1.41e-32	8.67e-24	9.48e-16	1.76e-08	9.98e-01	2.21e-03	0.00e+00
 2.05467e+12	0.00e+00	1.95e-32	1.11e-23	1.12e-15	1.92e-08	9.98e-01	2.03e-03	0.00e+00
 2.16678e+12	5.66e-42	2.74e-32	1.44e-23	1.34e-15	2.11e-08	9.98e-01	1.86e-03	0.00e+00
 2.27935e+12	0.00e+00	3.82e-32	1.85e-23	1.59e-15	2.30e-08	9.98e-01	1.70e-03	0.00e+00
 2.39642e+12	1.29e-41	5.32e-32	2.39e-23	1.90e-15	2.52e-08	9.98e-01	1.56e-03	0.00e+00
 2.52221e+12	0.00e+00	7.49e-32	3.10e-23	2.27e-15	2.76e-08	9.99e-01	1.42e-03	0.00e+00
 2.64670e+12	2.95e-41	1.04e-31	3.99e-23	2.70e-15	3.02e-08	9.99e-01	1.30e-03	0.00e+00
 2.77618e+12	0.00e+00	1.44e-31	5.13e-23	3.21e-15	3.30e-08	9.99e-01	1.19e-03	0.00e+00
 2.91715e+12	6.77e-41	2.03e-31	6.67e-23	3.86e-15	3.63e-08	9.99e-01	1.08e-03	0.00e+00
 3.06377e+12	0.00e+00	2.86e-31	8.69e-23	4.64e-15	3.99e-08	9.99e-01	9.87e-04	0.00e+00
 3.21624e+12	1.58e-40	4.02e-31	1.13e-22	5.57e-15	4.38e-08	9.99e-01	8.99e-04	0.00e+00
 3.37482e+12	0.00e+00	5.66e-31	1.47e-22	6.70e-15	4.83e-08	9.99e-01	8.18e-04	0.00e+00
 3.53974e+12	3.66e-40	7.96e-31	1.92e-22	8.06e-15	5.31e-08	9.99e-01	7.44e-04	0.00e+00
 3.68909e+12	0.00e+00	1.07e-30	2.42e-22	9.48e-15	5.78e-08	9.99e-01	6.84e-04	0.00e+00
 3.81386e+12	7.08e-40	1.36e-30	2.91e-22	1.08e-14	6.19e-08	9.99e-01	6.40e-04	0.00e+00
 3.95069e+12	0.00e+00	1.75e-30	3.55e-22	1.24e-14	6.66e-08	9.99e-01	5.95e-04	0.00e+00
 4.12355e+12	1.41e-39	2.39e-30	4.51e-22	1.47e-14	7.29e-08	9.99e-01	5.45e-04	0.00e+00
 4.30363e+12	0.00e+00	3.26e-30	5.75e-22	1.75e-14	7.98e-08	1.00e+00	4.99e-04	0.00e+00
 4.45767e+12	2.82e-39	4.21e-30	7.02e-22	2.02e-14	8.60e-08	1.00e+00	4.63e-04	0.00e+00
 4.61749e+12	0.00e+00	5.43e-30	8.58e-22	2.33e-14	9.27e-08	1.00e+00	4.30e-04	0.00e+00
 4.81695e+12	5.61e-39	7.38e-30	1.09e-21	2.76e-14	1.02e-07	1.00e+00	3.93e-04	0.00e+00
 5.01913e+12	0.00e+00	9.94e-30	1.38e-21	3.27e-14	1.11e-07	1.00e+00	3.60e-04	0.00e+00
 5.19483e+12	1.09e-38	1.28e-29	1.68e-21	3.76e-14	1.20e-07	1.00e+00	3.35e-04	0.00e+00
 5.38492e+12	0.00e+00	1.65e-29	2.06e-21	4.36e-14	1.29e-07	1.00e+00	3.10e-04	0.00e+00
 5.61717e+12	2.17e-38	2.24e-29	2.62e-21	5.18e-14	1.42e-07	1.00e+00	2.83e-04	0.00e+00
 5.85387e+12	0.00e+00	3.02e-29	3.32e-21	6.14e-14	1.55e-07	1.00e+00	2.59e-04	0.00e+00
 6.07019e+12	4.26e-38	3.92e-29	4.08e-21	7.13e-14	1.68e-07	1.00e+00	2.40e-04	0.00e+00
 6.31039e+12	0.00e+00	5.18e-29	5.08e-21	8.36e-14	1.83e-07	1.00e+00	2.20e-04	0.00e+00
 6.59004e+12	8.69e-38	7.06e-29	6.50e-21	9.98e-14	2.02e-07	1.00e+00	2.01e-04	0.00e+00
 6.86693e+12	0.00e+00	9.47e-29	8.21e-21	1.18e-13	2.21e-07	1.00e+00	1.83e-04	0.00e+00
 7.13144e+12	1.72e-37	1.24e-28	1.02e-20	1.38e-13	2.40e-07	1.00e+00	1.69e-04	0.00e+00
 7.42317e+12	0.00e+00	1.65e-28	1.27e-20	1.62e-13	2.62e-07	1.00e+00	1.55e-04	0.00e+00
 7.75002e+12	3.52e-37	2.24e-28	1.62e-20	1.94e-13	2.88e-07	1.00e+00	1.41e-04	0.00e+00
 8.07850e+12	0.00e+00	3.01e-28	2.05e-20	2.29e-13	3.15e-07	1.00e+00	1.29e-04	0.00e+00
 8.37295e+12	6.85e-37	3.89e-28	2.51e-20	2.65e-13	3.41e-07	1.00e+00	1.20e-04	0.00e+00
 8.62257e+12	0.00e+00	4.79e-28	2.96e-20	2.99e-13	3.63e-07	1.00e+00	1.12e-04	0.00e+00
 8.89168e+12	1.15e-36	5.96e-28	3.52e-20	3.39e-13	3.89e-07	1.00e+00	1.05e-04	0.00e+00
 9.23963e+12	0.00e+00	7.83e-28	4.37e-20	3.95e-13	4.22e-07	1.00e+00	9.69e-05	0.00e+00
 9.60249e+12	2.23e-36	1.03e-27	5.42e-20	4.62e-13	4.59e-07	1.00e+00	8.92e-05	0.00e+00
 9.91367e+12	0.00e+00	1.29e-27	6.49e-20	5.26e-13	4.92e-07	1.00e+00	8.34e-05	0.00e+00
 1.02453e+13	3.90e-36	1.63e-27	7.80e-20	6.00e-13	5.28e-07	1.00e+00	7.77e-05	0.00e+00
 1.06563e+13	0.00e+00	2.16e-27	9.73e-20	7.03e-13	5.75e-07	1.00e+00	7.15e-05	0.00e+00
 1.10784e+13	7.67e-36	2.85e-27	1.21e-19	8.23e-13	6.25e-07	1.00e+00	6.58e-05	0.00e+00
 1.14588e+13	0.00e+00	3.62e-27	1.46e-19	9.42e-13	6.73e-07	1.00e+00	6.12e-05	0.00e+00
 1.18771e+13	1.41e-35	4.68e-27	1.79e-19	1.09e-12	7.26e-07	1.00e+00	5.68e-05	0.00e+00
 1.23341e+13	0.00e+00	6.13e-27	2.21e-19	1.27e-12	7.88e-07	1.00e+00	5.24e-05	0.00e+00
 1.27495e+13	2.60e-35	7.77e-27	2.67e-19	1.45e-12	8.46e-07	1.00e+00	4.88e-05	0.00e+00
 1.31977e+13	0.00e+00	9.95e-27	3.24e-19	1.66e-12	9.11e-07	1.00e+00	4.54e-05	0.00e+00
 1.37010e+13	4.88e-35	1.30e-26	4.00e-19	1.93e-12	9.86e-07	1.00e+00	4.20e-05	0.00e+00
 1.41781e+13	0.00e+00	1.67e-26	4.85e-19	2.21e-12	1.06e-06	1.00e+00	3.90e-05	0.00e+00
 1.47003e+13	9.06e-35	2.16e-26	5.95e-19	2.56e-12	1.15e-06	1.00e+00	3.62e-05	0.00e+00
 1.52784e+13	0.00e+00	2.85e-26	7.40e-19	2.98e-12	1.24e-06	1.00e+00	3.33e-05	0.00e+00
 1.58158e+13	1.73e-34	3.67e-26	8.99e-19	3.43e-12	1.34e-06	1.00e+00	3.10e-05	0.00e+00
 1.64011e+13	2.38e-34	4.77e-26	1.10e-18	3.96e-12	1.45e-06	1.00e+00	2.87e-05	0.00e+00
 1.70567e+13	3.37e-34	6.33e-26	1.38e-18	4.63e-12	1.57e-06	1.00e+00	2.65e-05	0.00e+00
 1.76775e+13	4.63e-34	8.22e-26	1.69e-18	5.34e-12	1.69e-06	1.00e+00	2.46e-05	0.00e+00
 1.83478e+13	6.46e-34	1.08e-25	2.09e-18	6.20e-12	1.83e-06	1.00e+00	2.27e-05	0.00e+00
 1.90944e+13	9.21e-34	1.44e-25	2.62e-18	7.27e-12	1.99e-06	1.00e+00	2.09e-05	0.00e+00
 1.98140e+13	1.29e-33	1.89e-25	3.23e-18	8.42e-12	2.15e-06	1.00e+00	1.94e-05	0.00e+00
 2.05796e+13	1.81e-33	2.50e-25	4.01e-18	9.79e-12	2.33e-06	1.00e+00	1.79e-05	0.00e+00
 2.14327e+13	2.60e-33	3.37e-25	5.05e-18	1.15e-11	2.54e-06	1.00e+00	1.64e-05	0.00e+00
 2.22886e+13	3.71e-33	4.50e-25	6.32e-18	1.35e-11	2.76e-06	1.00e+00	1.52e-05	0.00e+00
 2.31786e+13	5.31e-33	6.01e-25	7.91e-18	1.57e-11	2.99e-06	1.00e+00	1.40e-05	0.00e+00
 2.41357e+13	7.67e-33	8.11e-25	9.98e-18	1.85e-11	3.25e-06	1.00e+00	1.29e-05	0.00e+00
 2.51310e+13	1.11e-32	1.10e-24	1.26e-17	2.17e-11	3.54e-06	1.00e+00	1.18e-05	0.00e+00
 2.61102e+13	1.58e-32	1.46e-24	1.57e-17	2.52e-11	3.83e-06	1.00e+00	1.09e-05	0.00e+00
 2.70202e+13	2.16e-32	1.88e-24	1.91e-17	2.89e-11	4.11e-06	1.00e+00	1.02e-05	0.00e+00
 2.78409e+13	2.85e-32	2.35e-24	2.27e-17	3.26e-11	4.38e-06	1.00e+00	9.58e-06	0.00e+00
 2.87209e+13	3.80e-32	2.98e-24	2.71e-17	3.69e-11	4.66e-06	1.00e+00	8.99e-06	0.00e+00
 2.98176e+13	5.39e-32	3.95e-24	3.37e-17	4.28e-11	5.04e-06	1.00e+00	8.32e-06	0.00e+00
 3.09176e+13	7.55e-32	5.19e-24	4.16e-17	4.94e-11	5.43e-06	1.00e+00	7.73e-06	0.00e+00
 3.18619e+13	1.00e-31	6.52e-24	4.95e-17	5.56e-11	5.77e-06	1.00e+00	7.27e-06	0.00e+00
 3.28823e+13	1.35e-31	8.28e-24	5.94e-17	6.30e-11	6.15e-06	1.00e+00	6.82e-06	0.00e+00
 3.41433e+13	1.92e-31	1.10e-23	7.40e-17	7.32e-11	6.64e-06	1.00e+00	6.32e-06	0.00e+00
 3.54059e+13	2.70e-31	1.45e-23	9.14e-17	8.45e-11	7.16e-06	1.00e+00	5.87e-06	0.00e+00
 3.64962e+13	3.61e-31	1.84e-23	1.09e-16	9.53e-11	7.61e-06	1.00e+00	5.52e-06	0.00e+00
 3.76736e+13	4.88e-31	2.34e-23	1.31e-16	1.08e-10	8.11e-06	1.00e+00	5.18e-06	0.00e+00
 3.91208e+13	6.98e-31	3.13e-23	1.63e-16	1.25e-10	8.76e-06	1.00e+00	4.80e-06	0.00e+00
 4.05808e+13	9.91e-31	4.15e-23	2.03e-16	1.45e-10	9.43e-06	1.00e+00	4.46e-06	0.00e+00
 4.18739e+13	1.34e-30	5.29e-23	2.43e-16	1.64e-10	1.00e-05	1.00e+00	4.19e-06	0.00e+00
 4.32879e+13	1.84e-30	6.83e-23	2.96e-16	1.87e-10	1.07e-05	1.00e+00	3.92e-06	0.00e+00
 4.49838e+13	2.67e-30	9.20e-23	3.70e-16	2.18e-10	1.16e-05	1.00e+00	3.63e-06	0.00e+00
 4.66737e+13	3.81e-30	1.22e-22	4.60e-16	2.52e-10	1.25e-05	1.00e+00	3.37e-06	0.00e+00
 4.82122e+13	5.22e-30	1.58e-22	5.57e-16	2.87e-10	1.33e-05	1.00e+00	3.16e-06	0.00e+00
 4.99266e+13	7.33e-30	2.07e-22	6.84e-16	3.29e-10	1.43e-05	1.00e+00	2.94e-06	0.00e+00
 5.19284e+13	1.07e-29	2.81e-22	8.62e-16	3.85e-10	1.55e-05	1.00e+00	2.72e-06	0.00e+00
 5.39017e+13	1.54e-29	3.76e-22	1.07e-15	4.46e-10	1.67e-05	1.00e+00	2.53e-06	0.00e+00
 5.57678e+13	2.15e-29	4.91e-22	1.31e-15	5.10e-10	1.78e-05	1.00e+00	2.36e-06	0.00e+00
 5.78424e+13	3.07e-29	6.54e-22	1.63e-15	5.90e-10	1.92e-05	1.00e+00	2.19e-06	0.00e+00
 6.01860e+13	4.52e-29	8.92e-22	2.06e-15	6.90e-10	2.08e-05	1.00e+00	2.03e-06	0.00e+00
 6.25385e+13	6.58e-29	1.20e-21	2.58e-15	8.03e-10	2.24e-05	1.00e+00	1.88e-06	0.00e+00
 6.49851e+13	9.58e-29	1.63e-21	3.24e-15	9.35e-10	2.42e-05	1.00e+00	1.74e-06	0.00e+00
 6.76145e+13	1.41e-28	2.22e-21	4.09e-15	1.09e-09	2.62e-05	1.00e+00	1.61e-06	0.00e+00
 7.01598e+13	2.02e-28	2.97e-21	5.09e-15	1.27e-09	2.82e-05	1.00e+00	1.49e-06	0.00e+00
 7.25527e+13	2.81e-28	3.86e-21	6.21e-15	1.45e-09	3.02e-05	1.00e+00	1.40e-06	0.00e+00
 7.52305e+13	4.00e-28	5.13e-21	7.70e-15	1.67e-09	3.24e-05	1.00e+00	1.30e-06	0.00e+00
 7.79301e+13	5.64e-28	6.76e-21	9.48e-15	1.92e-09	3.48e-05	1.00e+00	1.21e-06	0.00e+00
 8.01706e+13	7.45e-28	8.45e-21	1.12e-14	2.15e-09	3.69e-05	1.00e+00	1.14e-06	0.00e+00
 8.25415e+13	9.89e-28	1.06e-20	1.33e-14	2.42e-09	3.91e-05	1.00e+00	1.08e-06	0.00e+00
 8.55742e+13	1.40e-27	1.41e-20	1.65e-14	2.79e-09	4.20e-05	1.00e+00	1.00e-06	0.00e+00
 8.87562e+13	2.00e-27	1.87e-20	2.05e-14	3.23e-09	4.53e-05	1.00e+00	9.30e-07	0.00e+00
 9.15679e+13	2.71e-27	2.39e-20	2.46e-14	3.66e-09	4.82e-05	1.00e+00	0.00e+00	0.00e+00
 9.46094e+13	3.72e-27	3.08e-20	2.99e-14	4.17e-09	5.15e-05	1.00e+00	0.00e+00	0.00e+00
 9.82701e+13	5.38e-27	4.14e-20	3.74e-14	4.85e-09	5.56e-05	1.00e+00	0.00e+00	0.00e+00
 1.01982e+14	7.69e-27	5.53e-20	4.65e-14	5.62e-09	6.00e-05	1.00e+00	0.00e+00	0.00e+00
 1.05454e+14	1.06e-26	7.17e-20	5.67e-14	6.43e-09	6.42e-05	1.00e+00	0.00e+00	0.00e+00
 1.09315e+14	1.50e-26	9.49e-20	7.01e-14	7.43e-09	6.91e-05	1.00e+00	0.00e+00	0.00e+00
 1.13413e+14	2.14e-26	1.26e-19	8.72e-14	8.60e-09	7.46e-05	1.00e+00	0.00e+00	0.00e+00
 1.17056e+14	2.91e-26	1.61e-19	1.05e-13	9.77e-09	7.95e-05	1.00e+00	0.00e+00	0.00e+00
 1.20975e+14	3.99e-26	2.08e-19	1.28e-13	1.11e-08	8.51e-05	1.00e+00	0.00e+00	0.00e+00
 1.25668e+14	5.75e-26	2.80e-19	1.60e-13	1.30e-08	9.20e-05	1.00e+00	0.00e+00	0.00e+00
 1.30286e+14	8.13e-26	3.70e-19	1.98e-13	1.50e-08	9.91e-05	1.00e+00	0.00e+00	0.00e+00
 1.34398e+14	1.10e-25	4.71e-19	2.38e-13	1.70e-08	1.06e-04	1.00e+00	0.00e+00	0.00e+00
 1.38937e+14	1.51e-25	6.09e-19	2.89e-13	1.94e-08	1.13e-04	1.00e+00	0.00e+00	0.00e+00
 1.44347e+14	2.17e-25	8.19e-19	3.63e-13	2.26e-08	1.22e-04	1.00e+00	0.00e+00	0.00e+00
 1.49717e+14	3.08e-25	1.09e-18	4.50e-13	2.62e-08	1.32e-04	1.00e+00	0.00e+00	0.00e+00
 1.54626e+14	4.20e-25	1.40e-18	5.45e-13	2.98e-08	1.41e-04	1.00e+00	0.00e+00	0.00e+00
 1.60107e+14	5.86e-25	1.83e-18	6.69e-13	3.43e-08	1.52e-04	1.00e+00	0.00e+00	0.00e+00
 1.66484e+14	8.51e-25	2.47e-18	8.42e-13	4.01e-08	1.64e-04	1.00e+00	0.00e+00	0.00e+00
 1.72748e+14	1.21e-24	3.29e-18	1.05e-12	4.65e-08	1.77e-04	1.00e+00	0.00e+00	0.00e+00
 1.78672e+14	1.68e-24	4.27e-18	1.28e-12	5.33e-08	1.90e-04	1.00e+00	0.00e+00	0.00e+00
 1.85259e+14	2.37e-24	5.66e-18	1.58e-12	6.16e-08	2.05e-04	1.00e+00	0.00e+00	0.00e+00
 1.92699e+14	3.46e-24	7.67e-18	2.00e-12	7.22e-08	2.22e-04	1.00e+00	0.00e+00	0.00e+00
 1.99756e+14	4.90e-24	1.02e-17	2.47e-12	8.34e-08	2.39e-04	1.00e+00	0.00e+00	0.00e+00
 2.06180e+14	6.64e-24	1.30e-17	2.98e-12	9.46e-08	2.55e-04	1.00e+00	0.00e+00	0.00e+00
 2.13450e+14	9.27e-24	1.70e-17	3.66e-12	1.09e-07	2.74e-04	1.00e+00	0.00e+00	0.00e+00
 2.21925e+14	1.35e-23	2.30e-17	4.61e-12	1.27e-07	2.97e-04	1.00e+00	0.00e+00	0.00e+00
 2.30058e+14	1.91e-23	3.04e-17	5.71e-12	1.47e-07	3.19e-04	1.00e+00	0.00e+00	0.00e+00
 2.37421e+14	2.59e-23	3.89e-17	6.88e-12	1.67e-07	3.41e-04	1.00e+00	0.00e+00	0.00e+00
 2.44351e+14	3.42e-23	4.87e-17	8.16e-12	1.87e-07	3.61e-04	1.00e+00	0.00e+00	0.00e+00
 2.52020e+14	4.61e-23	6.20e-17	9.80e-12	2.12e-07	3.85e-04	1.00e+00	0.00e+00	0.00e+00
 2.60594e+14	6.38e-23	8.05e-17	1.19e-11	2.42e-07	4.12e-04	1.00e+00	0.00e+00	0.00e+00
 2.68700e+14	8.59e-23	1.02e-16	1.43e-11	2.73e-07	4.39e-04	1.00e+00	0.00e+00	0.00e+00
 2.77592e+14	1.18e-22	1.32e-16	1.74e-11	3.11e-07	4.69e-04	1.00e+00	0.00e+00	0.00e+00
 2.87545e+14	1.66e-22	1.74e-16	2.14e-11	3.59e-07	5.04e-04	9.99e-01	0.00e+00	0.00e+00
 2.96938e+14	2.27e-22	2.23e-16	2.59e-11	4.08e-07	5.38e-04	9.99e-01	0.00e+00	0.00e+00
 3.07211e+14	3.15e-22	2.91e-16	3.17e-11	4.67e-07	5.76e-04	9.99e-01	0.00e+00	0.00e+00
 3.18570e+14	4.49e-22	3.87e-16	3.94e-11	5.40e-07	6.20e-04	9.99e-01	0.00e+00	0.00e+00
 3.29065e+14	6.16e-22	4.99e-16	4.77e-11	6.15e-07	6.63e-04	9.99e-01	0.00e+00	0.00e+00
 3.40432e+14	8.56e-22	6.51e-16	5.83e-11	7.04e-07	7.10e-04	9.99e-01	0.00e+00	0.00e+00
 3.53131e+14	1.22e-21	8.66e-16	7.25e-11	8.16e-07	7.65e-04	9.99e-01	0.00e+00	0.00e+00
 3.65058e+14	1.69e-21	1.12e-15	8.83e-11	9.32e-07	8.19e-04	9.99e-01	0.00e+00	0.00e+00
 3.78057e+14	2.37e-21	1.48e-15	1.09e-10	1.07e-06	8.79e-04	9.99e-01	0.00e+00	0.00e+00
 3.92512e+14	3.40e-21	1.98e-15	1.36e-10	1.25e-06	9.50e-04	9.99e-01	0.00e+00	0.00e+00
 4.06020e+14	4.71e-21	2.57e-15	1.66e-10	1.43e-06	1.02e-03	9.99e-01	0.00e+00	0.00e+00
 4.20683e+14	6.63e-21	3.39e-15	2.04e-10	1.64e-06	1.09e-03	9.99e-01	0.00e+00	0.00e+00
 4.37080e+14	9.56e-21	4.56e-15	2.56e-10	1.92e-06	1.18e-03	9.99e-01	0.00e+00	0.00e+00
 4.52651e+14	1.34e-20	5.98e-15	3.15e-10	2.20e-06	1.27e-03	9.99e-01	0.00e+00	0.00e+00
 4.69306e+14	1.89e-20	7.90e-15	3.90e-10	2.55e-06	1.37e-03	9.99e-01	0.00e+00	0.00e+00
 4.88109e+14	2.74e-20	1.07e-14	4.92e-10	2.98e-06	1.49e-03	9.99e-01	0.00e+00	0.00e+00
 5.06639e+14	3.90e-20	1.42e-14	6.13e-10	3.47e-06	1.61e-03	9.98e-01	0.00e+00	0.00e+00
 5.25910e+14	5.53e-20	1.89e-14	7.63e-10	4.03e-06	1.74e-03	9.98e-01	0.00e+00	0.00e+00
 5.46977e+14	7.98e-20	2.55e-14	9.61e-10	4.72e-06	1.89e-03	9.98e-01	0.00e+00	0.00e+00
 5.67787e+14	1.13e-19	3.39e-14	1.20e-09	5.48e-06	2.05e-03	9.98e-01	0.00e+00	0.00e+00
 5.85096e+14	1.50e-19	4.25e-14	1.43e-09	6.18e-06	2.18e-03	9.98e-01	0.00e+00	0.00e+00
 5.99082e+14	1.85e-19	5.07e-14	1.64e-09	6.80e-06	2.29e-03	9.98e-01	0.00e+00	0.00e+00
 6.14601e+14	2.34e-19	6.14e-14	1.90e-09	7.54e-06	2.42e-03	9.98e-01	0.00e+00	0.00e+00
 6.34776e+14	3.14e-19	7.81e-14	2.30e-09	8.59e-06	2.60e-03	9.97e-01	0.00e+00	0.00e+00
 6.56408e+14	4.25e-19	1.00e-13	2.79e-09	9.83e-06	2.79e-03	9.97e-01	0.00e+00	0.00e+00
 6.75605e+14	5.49e-19	1.24e-13	3.30e-09	1.10e-05	2.97e-03	9.97e-01	0.00e+00	0.00e+00
 6.96230e+14	7.19e-19	1.55e-13	3.93e-09	1.25e-05	3.17e-03	9.97e-01	0.00e+00	0.00e+00
 7.22061e+14	9.93e-19	2.02e-13	4.86e-09	1.44e-05	3.43e-03	9.97e-01	0.00e+00	0.00e+00
 7.48266e+14	1.36e-18	2.62e-13	5.97e-09	1.67e-05	3.71e-03	9.96e-01	0.00e+00	0.00e+00
 7.71002e+14	1.77e-18	3.27e-13	7.11e-09	1.88e-05	3.97e-03	9.96e-01	0.00e+00	0.00e+00
 7.95621e+14	2.32e-18	4.09e-13	8.52e-09	2.14e-05	4.26e-03	9.96e-01	0.00e+00	0.00e+00
 8.25742e+14	3.20e-18	5.36e-13	1.06e-08	2.48e-05	4.62e-03	9.95e-01	0.00e+00	0.00e+00
 8.56139e+14	4.36e-18	6.94e-13	1.30e-08	2.87e-05	5.01e-03	9.95e-01	0.00e+00	0.00e+00
 8.83203e+14	5.68e-18	8.67e-13	1.56e-08	3.26e-05	5.37e-03	9.95e-01	0.00e+00	0.00e+00
 9.12811e+14	7.51e-18	1.10e-12	1.89e-08	3.72e-05	5.79e-03	9.94e-01	0.00e+00	0.00e+00
 9.48152e+14	1.04e-17	1.44e-12	2.35e-08	4.34e-05	6.30e-03	9.94e-01	0.00e+00	0.00e+00
 9.83097e+14	1.41e-17	1.86e-12	2.90e-08	5.02e-05	6.84e-03	9.93e-01	0.00e+00	0.00e+00
 1.01470e+15	1.83e-17	2.33e-12	3.48e-08	5.71e-05	7.35e-03	9.93e-01	0.00e+00	0.00e+00
 1.04982e+15	2.44e-17	2.96e-12	4.24e-08	6.54e-05	7.94e-03	9.92e-01	0.00e+00	0.00e+00
 1.09108e+15	3.36e-17	3.89e-12	5.30e-08	7.64e-05	8.66e-03	9.91e-01	0.00e+00	0.00e+00
 1.13174e+15	4.56e-17	5.04e-12	6.56e-08	8.86e-05	9.41e-03	9.90e-01	0.00e+00	0.00e+00
 1.16960e+15	6.00e-17	6.36e-12	7.94e-08	1.01e-04	1.01e-02	9.90e-01	0.00e+00	0.00e+00
 1.21198e+15	8.07e-17	8.19e-12	9.77e-08	1.17e-04	1.10e-02	9.89e-01	0.00e+00	0.00e+00
 1.26049e+15	1.12e-16	1.08e-11	1.23e-07	1.37e-04	1.20e-02	9.88e-01	0.00e+00	0.00e+00
 1.30834e+15	1.79e-16	1.41e-11	1.53e-07	1.59e-04	1.31e-02	9.87e-01	0.00e+00	0.00e+00
 1.35811e+15	2.46e-16	1.84e-11	1.90e-07	1.84e-04	1.43e-02	9.86e-01	0.00e+00	0.00e+00
 1.40337e+15	3.25e-16	2.32e-11	2.31e-07	2.10e-04	1.54e-02	9.84e-01	0.00e+00	0.00e+00
 1.43719e+15	3.97e-16	2.75e-11	2.65e-07	2.31e-04	1.62e-02	9.84e-01	0.00e+00	0.00e+00
 1.47216e+15	4.88e-16	3.27e-11	3.06e-07	2.55e-04	1.71e-02	9.83e-01	0.00e+00	0.00e+00
 1.51761e+15	6.32e-16	4.07e-11	3.66e-07	2.88e-04	1.83e-02	9.81e-01	0.00e+00	0.00e+00
 1.56702e+15	8.31e-16	5.13e-11	4.43e-07	3.27e-04	1.97e-02	9.80e-01	0.00e+00	0.00e+00
 1.61177e+15	1.06e-15	6.28e-11	5.23e-07	3.67e-04	2.10e-02	9.79e-01	0.00e+00	0.00e+00
 1.66016e+15	1.36e-15	7.76e-11	6.23e-07	4.12e-04	2.24e-02	9.77e-01	0.00e+00	0.00e+00
 1.72128e+15	1.86e-15	1.01e-10	7.74e-07	4.77e-04	2.44e-02	9.75e-01	0.00e+00	0.00e+00
 1.78267e+15	2.52e-15	1.31e-10	9.54e-07	5.49e-04	2.64e-02	9.73e-01	0.00e+00	0.00e+00
 1.83443e+15	3.22e-15	1.61e-10	1.13e-06	6.16e-04	2.81e-02	9.71e-01	0.00e+00	0.00e+00
 1.88994e+15	4.17e-15	2.00e-10	1.35e-06	6.94e-04	3.00e-02	9.69e-01	0.00e+00	0.00e+00
 1.95976e+15	5.73e-15	2.62e-10	1.68e-06	8.03e-04	3.26e-02	9.67e-01	0.00e+00	0.00e+00
 2.03289e+15	7.89e-15	3.43e-10	2.10e-06	9.30e-04	3.53e-02	9.64e-01	0.00e+00	0.00e+00
 2.09894e+15	1.04e-14	4.34e-10	2.54e-06	1.06e-03	3.79e-02	9.61e-01	0.00e+00	0.00e+00
 2.17106e+15	1.40e-14	5.58e-10	3.12e-06	1.21e-03	4.09e-02	9.58e-01	0.00e+00	0.00e+00
 2.25607e+15	1.97e-14	7.45e-10	3.94e-06	1.41e-03	4.45e-02	9.54e-01	0.00e+00	0.00e+00
 2.33921e+15	2.72e-14	9.77e-10	4.91e-06	1.63e-03	4.82e-02	9.50e-01	0.00e+00	0.00e+00
 2.41518e+15	3.60e-14	1.24e-09	5.95e-06	1.86e-03	5.17e-02	9.46e-01	0.00e+00	0.00e+00
 2.50049e+15	4.91e-14	1.61e-09	7.35e-06	2.13e-03	5.57e-02	9.42e-01	0.00e+00	0.00e+00
 2.59970e+15	6.95e-14	2.16e-09	9.31e-06	2.49e-03	6.07e-02	9.37e-01	0.00e+00	0.00e+00
 2.69725e+15	9.68e-14	2.86e-09	1.17e-05	2.89e-03	6.57e-02	9.31e-01	0.00e+00	0.00e+00
 2.78955e+15	1.31e-13	3.69e-09	1.43e-05	3.31e-03	7.06e-02	9.26e-01	0.00e+00	0.00e+00
 2.87018e+15	1.69e-13	4.59e-09	1.70e-05	3.71e-03	7.51e-02	9.21e-01	0.00e+00	0.00e+00
 2.93719e+15	2.08e-13	5.46e-09	1.96e-05	4.07e-03	7.89e-02	9.17e-01	0.00e+00	0.00e+00
 3.01108e+15	2.61e-13	6.61e-09	2.28e-05	4.50e-03	8.32e-02	9.12e-01	0.00e+00	0.00e+00
 3.10715e+15	3.47e-13	8.41e-09	2.77e-05	5.10e-03	8.89e-02	9.06e-01	0.00e+00	0.00e+00
 3.20813e+15	4.62e-13	1.07e-08	3.36e-05	5.79e-03	9.51e-02	8.99e-01	0.00e+00	0.00e+00
 3.29461e+15	5.87e-13	1.31e-08	3.95e-05	6.43e-03	1.00e-01	8.93e-01	0.00e+00	0.00e+00
 3.38614e+15	7.54e-13	1.62e-08	4.67e-05	7.18e-03	1.06e-01	8.86e-01	0.00e+00	0.00e+00
 3.50513e+15	1.03e-12	2.11e-08	5.77e-05	8.24e-03	1.14e-01	8.77e-01	0.00e+00	0.00e+00
 3.62763e+15	1.40e-12	2.74e-08	7.10e-05	9.43e-03	1.23e-01	8.68e-01	0.00e+00	0.00e+00
 3.72975e+15	1.80e-12	3.39e-08	8.42e-05	1.05e-02	1.30e-01	8.60e-01	0.00e+00	0.00e+00
 3.83754e+15	2.33e-12	4.21e-08	1.00e-04	1.18e-02	1.37e-01	8.51e-01	0.00e+00	0.00e+00
 3.97646e+15	3.25e-12	5.54e-08	1.24e-04	1.36e-02	1.47e-01	8.39e-01	0.00e+00	0.00e+00
 4.12182e+15	4.50e-12	7.31e-08	1.55e-04	1.56e-02	1.58e-01	8.26e-01	0.00e+00	0.00e+00
 4.24738e+15	5.91e-12	9.19e-08	1.85e-04	1.75e-02	1.68e-01	8.15e-01	0.00e+00	0.00e+00
 4.38120e+15	7.87e-12	1.17e-07	2.23e-04	1.98e-02	1.78e-01	8.02e-01	0.00e+00	0.00e+00
 4.54599e+15	1.11e-11	1.55e-07	2.79e-04	2.29e-02	1.91e-01	7.86e-01	0.00e+00	0.00e+00
 4.71057e+15	1.53e-11	2.04e-07	3.46e-04	2.62e-02	2.04e-01	7.69e-01	0.00e+00	0.00e+00
 4.85501e+15	2.01e-11	2.57e-07	4.15e-04	2.95e-02	2.16e-01	7.55e-01	0.00e+00	0.00e+00
 5.01375e+15	2.71e-11	3.30e-07	5.03e-04	3.33e-02	2.28e-01	7.38e-01	0.00e+00	0.00e+00
 5.20555e+15	3.83e-11	4.40e-07	6.31e-04	3.84e-02	2.44e-01	7.17e-01	0.00e+00	0.00e+00
 5.38808e+15	5.19e-11	5.70e-07	7.72e-04	4.37e-02	2.58e-01	6.97e-01	0.00e+00	0.00e+00
 5.54024e+15	6.68e-11	7.04e-07	9.11e-04	4.85e-02	2.71e-01	6.80e-01	0.00e+00	0.00e+00
 5.67792e+15	8.33e-11	8.47e-07	1.05e-03	5.31e-02	2.81e-01	6.64e-01	0.00e+00	0.00e+00
 5.82964e+15	1.06e-10	1.04e-06	1.23e-03	5.85e-02	2.93e-01	6.47e-01	0.00e+00	0.00e+00
 5.99640e+15	1.37e-10	1.28e-06	1.45e-03	6.48e-02	3.06e-01	6.27e-01	0.00e+00	0.00e+00
 6.15157e+15	1.72e-10	1.55e-06	1.68e-03	7.10e-02	3.18e-01	6.09e-01	0.00e+00	0.00e+00
 6.32215e+15	2.21e-10	1.91e-06	1.98e-03	7.84e-02	3.30e-01	5.89e-01	0.00e+00	0.00e+00
 6.50812e+15	2.85e-10	2.36e-06	2.34e-03	8.68e-02	3.44e-01	5.67e-01	0.00e+00	0.00e+00
 6.68102e+15	3.60e-10	2.87e-06	2.72e-03	9.51e-02	3.55e-01	5.47e-01	0.00e+00	0.00e+00
 6.87275e+15	4.67e-10	3.56e-06	3.21e-03	1.05e-01	3.68e-01	5.24e-01	0.00e+00	0.00e+00
 7.08174e+15	6.08e-10	4.43e-06	3.80e-03	1.16e-01	3.81e-01	4.99e-01	0.00e+00	0.00e+00
 7.27637e+15	7.71e-10	5.39e-06	4.43e-03	1.27e-01	3.91e-01	4.77e-01	0.00e+00	0.00e+00
 7.49262e+15	1.01e-09	6.73e-06	5.25e-03	1.40e-01	4.03e-01	4.51e-01	0.00e+00	0.00e+00
 7.72310e+15	1.31e-09	8.35e-06	6.21e-03	1.55e-01	4.14e-01	4.25e-01	0.00e+00	0.00e+00
 7.92639e+15	1.64e-09	1.01e-05	7.18e-03	1.68e-01	4.22e-01	4.03e-01	0.00e+00	0.00e+00
 8.14496e+15	2.10e-09	1.23e-05	8.39e-03	1.83e-01	4.30e-01	3.78e-01	0.00e+00	0.00e+00
 8.38540e+15	2.71e-09	1.52e-05	9.88e-03	2.01e-01	4.37e-01	3.53e-01	0.00e+00	0.00e+00
 8.60580e+15	3.40e-09	1.83e-05	1.14e-02	2.17e-01	4.42e-01	3.30e-01	0.00e+00	0.00e+00
 8.84383e+15	4.36e-09	2.24e-05	1.33e-02	2.35e-01	4.46e-01	3.06e-01	0.00e+00	0.00e+00
 9.10173e+15	5.62e-09	2.76e-05	1.56e-02	2.56e-01	4.48e-01	2.80e-01	0.00e+00	0.00e+00
 9.32013e+15	6.89e-09	3.26e-05	1.78e-02	2.73e-01	4.48e-01	2.61e-01	0.00e+00	0.00e+00
 9.50650e+15	8.22e-09	3.77e-05	1.99e-02	2.89e-01	4.48e-01	2.44e-01	0.00e+00	0.00e+00
 9.71657e+15	1.01e-08	4.45e-05	2.25e-02	3.06e-01	4.46e-01	2.25e-01	0.00e+00	0.00e+00
 9.94789e+15	1.26e-08	5.31e-05	2.58e-02	3.26e-01	4.42e-01	2.06e-01	0.00e+00	0.00e+00
 1.01583e+16	1.51e-08	6.17e-05	2.89e-02	3.44e-01	4.37e-01	1.90e-01	0.00e+00	0.00e+00
 1.03531e+16	1.81e-08	7.13e-05	3.23e-02	3.61e-01	4.31e-01	1.75e-01	0.00e+00	0.00e+00
 1.05764e+16	2.24e-08	8.46e-05	3.67e-02	3.81e-01	4.24e-01	1.58e-01	0.00e+00	0.00e+00
 1.08136e+16	2.79e-08	1.01e-04	4.18e-02	4.02e-01	4.14e-01	1.42e-01	0.00e+00	0.00e+00
 1.10178e+16	3.34e-08	1.16e-04	4.66e-02	4.20e-01	4.04e-01	1.29e-01	0.00e+00	0.00e+00
 1.12038e+16	3.97e-08	1.33e-04	5.16e-02	4.36e-01	3.95e-01	1.18e-01	0.00e+00	0.00e+00
 1.14172e+16	4.86e-08	1.57e-04	5.80e-02	4.54e-01	3.82e-01	1.05e-01	0.00e+00	0.00e+00
 1.16456e+16	6.05e-08	1.86e-04	6.57e-02	4.74e-01	3.67e-01	9.29e-02	0.00e+00	0.00e+00
 1.18417e+16	7.25e-08	2.14e-04	7.30e-02	4.90e-01	3.54e-01	8.31e-02	0.00e+00	0.00e+00
 1.20153e+16	8.51e-08	2.43e-04	8.03e-02	5.03e-01	3.41e-01	7.49e-02	0.00e+00	0.00e+00
 1.22115e+16	1.06e-07	2.87e-04	8.98e-02	5.19e-01	3.25e-01	6.57e-02	0.00e+00	0.00e+00
 1.24169e+16	1.27e-07	3.33e-04	1.00e-01	5.33e-01	3.08e-01	5.74e-02	0.00e+00	0.00e+00
 1.25928e+16	1.54e-07	3.86e-04	1.11e-01	5.45e-01	2.93e-01	5.04e-02	0.00e+00	0.00e+00
 1.27491e+16	1.82e-07	4.38e-04	1.21e-01	5.55e-01	2.78e-01	4.47e-02	0.00e+00	0.00e+00
 1.29214e+16	2.11e-07	4.95e-04	1.33e-01	5.65e-01	2.62e-01	3.90e-02	0.00e+00	0.00e+00
 1.31091e+16	2.59e-07	5.79e-04	1.48e-01	5.75e-01	2.43e-01	3.31e-02	0.00e+00	0.00e+00
 1.32699e+16	3.30e-07	6.90e-04	1.64e-01	5.81e-01	2.26e-01	2.81e-02	0.00e+00	0.00e+00
 1.33876e+16	3.76e-07	7.64e-04	1.76e-01	5.85e-01	2.14e-01	2.50e-02	0.00e+00	0.00e+00
 1.34958e+16	4.16e-07	8.28e-04	1.87e-01	5.88e-01	2.02e-01	2.23e-02	0.00e+00	0.00e+00
 1.36365e+16	5.25e-07	9.80e-04	2.05e-01	5.91e-01	1.85e-01	1.86e-02	0.00e+00	0.00e+00
 1.37699e+16	5.89e-07	1.08e-03	2.21e-01	5.92e-01	1.71e-01	1.60e-02	0.00e+00	0.00e+00
 1.38670e+16	7.01e-07	1.22e-03	2.35e-01	5.91e-01	1.59e-01	1.39e-02	0.00e+00	0.00e+00
 1.39391e+16	7.79e-07	1.32e-03	2.45e-01	5.90e-01	1.51e-01	1.25e-02	0.00e+00	0.00e+00
 1.40055e+16	8.35e-07	1.39e-03	2.55e-01	5.89e-01	1.43e-01	1.13e-02	0.00e+00	0.00e+00
 1.40918e+16	9.86e-07	1.57e-03	2.70e-01	5.86e-01	1.32e-01	9.64e-03	0.00e+00	0.00e+00
 1.41732e+16	1.07e-06	1.67e-03	2.83e-01	5.84e-01	1.23e-01	8.48e-03	0.00e+00	0.00e+00
 1.42482e+16	1.21e-06	1.83e-03	2.96e-01	5.81e-01	1.14e-01	7.33e-03	0.00e+00	0.00e+00
 1.43263e+16	1.37e-06	2.00e-03	3.11e-01	5.77e-01	1.04e-01	6.26e-03	0.00e+00	0.00e+00
 1.43909e+16	1.53e-06	2.17e-03	3.23e-01	5.72e-01	9.68e-02	5.43e-03	0.00e+00	0.00e+00
 1.44469e+16	1.73e-06	2.37e-03	3.35e-01	5.68e-01	8.99e-02	4.72e-03	0.00e+00	0.00e+00
 1.44978e+16	1.88e-06	2.51e-03	3.45e-01	5.64e-01	8.42e-02	4.18e-03	0.00e+00	0.00e+00
 1.45526e+16	2.03e-06	2.66e-03	3.56e-01	5.60e-01	7.80e-02	3.64e-03	0.00e+00	0.00e+00
 1.46238e+16	2.37e-06	2.97e-03	3.72e-01	5.52e-01	6.97e-02	2.95e-03	0.00e+00	0.00e+00
 1.46915e+16	2.67e-06	3.23e-03	3.86e-01	5.45e-01	6.27e-02	2.43e-03	0.00e+00	0.00e+00
 1.47422e+16	2.94e-06	3.46e-03	3.97e-01	5.40e-01	5.75e-02	2.07e-03	0.00e+00	0.00e+00
 1.47959e+16	3.27e-06	3.73e-03	4.09e-01	5.33e-01	5.20e-02	1.72e-03	0.00e+00	0.00e+00
 1.48656e+16	3.76e-06	4.11e-03	4.25e-01	5.24e-01	4.53e-02	1.34e-03	0.00e+00	0.00e+00
 1.49351e+16	4.28e-06	4.51e-03	4.40e-01	5.15e-01	3.93e-02	1.04e-03	0.00e+00	0.00e+00
 1.49900e+16	4.76e-06	4.86e-03	4.52e-01	5.08e-01	3.49e-02	8.33e-04	0.00e+00	0.00e+00
 1.50472e+16	5.35e-06	5.27e-03	4.64e-01	4.99e-01	3.05e-02	6.51e-04	0.00e+00	0.00e+00
 1.51216e+16	6.20e-06	5.84e-03	4.80e-01	4.88e-01	2.55e-02	4.67e-04	0.00e+00	0.00e+00
 1.51981e+16	7.18e-06	6.47e-03	4.96e-01	4.76e-01	2.11e-02	3.30e-04	0.00e+00	0.00e+00
 1.52629e+16	8.14e-06	7.07e-03	5.09e-01	4.66e-01	1.78e-02	2.43e-04	0.00e+00	0.00e+00
 1.53325e+16	9.33e-06	7.76e-03	5.22e-01	4.55e-01	1.47e-02	1.71e-04	0.00e+00	0.00e+00
 1.54231e+16	1.11e-05	8.74e-03	5.39e-01	4.40e-01	1.14e-02	1.08e-04	0.00e+00	0.00e+00
 1.55216e+16	1.33e-05	9.89e-03	5.57e-01	4.25e-01	8.73e-03	6.55e-05	0.00e+00	0.00e+00
 1.55958e+16	1.52e-05	1.08e-02	5.69e-01	4.13e-01	7.16e-03	4.54e-05	0.00e+00	0.00e+00
 1.56452e+16	1.66e-05	1.15e-02	5.77e-01	4.05e-01	6.25e-03	3.54e-05	0.00e+00	0.00e+00
 1.56971e+16	1.83e-05	1.23e-02	5.86e-01	3.96e-01	5.40e-03	2.69e-05	0.00e+00	0.00e+00
 1.57647e+16	2.07e-05	1.33e-02	5.97e-01	3.85e-01	4.46e-03	1.89e-05	0.00e+00	0.00e+00
 1.58525e+16	2.42e-05	1.49e-02	6.11e-01	3.71e-01	3.50e-03	1.20e-05	0.00e+00	0.00e+00
 1.59420e+16	2.84e-05	1.65e-02	6.24e-01	3.56e-01	2.76e-03	7.71e-06	0.00e+00	0.00e+00
 1.60146e+16	3.25e-05	1.81e-02	6.35e-01	3.44e-01	2.28e-03	5.39e-06	0.00e+00	0.00e+00
 1.60899e+16	3.72e-05	1.98e-02	6.47e-01	3.32e-01	1.86e-03	3.68e-06	0.00e+00	0.00e+00
 1.61707e+16	4.33e-05	2.19e-02	6.59e-01	3.18e-01	1.50e-03	2.47e-06	0.00e+00	0.00e+00
 1.62403e+16	4.93e-05	2.39e-02	6.69e-01	3.06e-01	1.25e-03	1.77e-06	0.00e+00	0.00e+00
 1.63015e+16	5.54e-05	2.58e-02	6.77e-01	2.96e-01	1.07e-03	1.31e-06	0.00e+00	0.00e+00
 1.63702e+16	6.32e-05	2.82e-02	6.87e-01	2.84e-01	8.88e-04	9.33e-07	0.00e+00	0.00e+00
 1.64466e+16	7.34e-05	3.12e-02	6.98e-01	2.70e-01	7.26e-04	0.00e+00	0.00e+00	0.00e+00
 1.65147e+16	8.43e-05	3.42e-02	7.07e-01	2.58e-01	6.07e-04	0.00e+00	0.00e+00	0.00e+00
 1.65732e+16	9.51e-05	3.71e-02	7.14e-01	2.48e-01	5.21e-04	0.00e+00	0.00e+00	0.00e+00
 1.66373e+16	1.09e-04	4.05e-02	7.22e-01	2.36e-01	4.37e-04	0.00e+00	0.00e+00	0.00e+00
 1.67081e+16	1.26e-04	4.48e-02	7.31e-01	2.24e-01	3.60e-04	0.00e+00	0.00e+00	0.00e+00
 1.67708e+16	1.45e-04	4.92e-02	7.38e-01	2.12e-01	3.04e-04	0.00e+00	0.00e+00	0.00e+00
 1.68248e+16	1.64e-04	5.33e-02	7.44e-01	2.03e-01	2.61e-04	0.00e+00	0.00e+00	0.00e+00
 1.68841e+16	1.88e-04	5.83e-02	7.49e-01	1.92e-01	2.20e-04	0.00e+00	0.00e+00	0.00e+00
 1.69494e+16	2.19e-04	6.46e-02	7.55e-01	1.80e-01	1.82e-04	0.00e+00	0.00e+00	0.00e+00
 1.70070e+16	2.52e-04	7.09e-02	7.59e-01	1.69e-01	1.54e-04	0.00e+00	0.00e+00	0.00e+00
 1.70565e+16	2.85e-04	7.69e-02	7.62e-01	1.60e-01	1.33e-04	0.00e+00	0.00e+00	0.00e+00
 1.71108e+16	3.27e-04	8.42e-02	7.65e-01	1.51e-01	1.12e-04	0.00e+00	0.00e+00	0.00e+00
 1.71707e+16	3.82e-04	9.33e-02	7.66e-01	1.40e-01	9.25e-05	0.00e+00	0.00e+00	0.00e+00
 1.72240e+16	4.41e-04	1.03e-01	7.67e-01	1.30e-01	7.78e-05	0.00e+00	0.00e+00	0.00e+00
 1.72700e+16	4.99e-04	1.11e-01	7.66e-01	1.22e-01	6.66e-05	0.00e+00	0.00e+00	0.00e+00
 1.73204e+16	5.75e-04	1.22e-01	7.64e-01	1.13e-01	5.58e-05	0.00e+00	0.00e+00	0.00e+00
 1.73759e+16	6.75e-04	1.36e-01	7.60e-01	1.04e-01	4.57e-05	0.00e+00	0.00e+00	0.00e+00
 1.74252e+16	7.83e-04	1.49e-01	7.55e-01	9.54e-02	3.81e-05	0.00e+00	0.00e+00	0.00e+00
 1.74683e+16	8.92e-04	1.62e-01	7.49e-01	8.82e-02	3.22e-05	0.00e+00	0.00e+00	0.00e+00
 1.75160e+16	1.03e-03	1.78e-01	7.40e-01	8.04e-02	2.65e-05	0.00e+00	0.00e+00	0.00e+00
 1.75686e+16	1.22e-03	1.99e-01	7.28e-01	7.20e-02	2.12e-05	0.00e+00	0.00e+00	0.00e+00
 1.76156e+16	1.43e-03	2.19e-01	7.15e-01	6.46e-02	1.72e-05	0.00e+00	0.00e+00	0.00e+00
 1.76569e+16	1.65e-03	2.39e-01	7.01e-01	5.83e-02	1.42e-05	0.00e+00	0.00e+00	0.00e+00
 1.77026e+16	1.93e-03	2.64e-01	6.83e-01	5.17e-02	1.13e-05	0.00e+00	0.00e+00	0.00e+00
 1.77540e+16	2.32e-03	2.95e-01	6.58e-01	4.45e-02	8.66e-06	0.00e+00	0.00e+00	0.00e+00
 1.78017e+16	2.77e-03	3.28e-01	6.31e-01	3.81e-02	6.62e-06	0.00e+00	0.00e+00	0.00e+00
 1.78447e+16	3.26e-03	3.61e-01	6.03e-01	3.27e-02	5.10e-06	0.00e+00	0.00e+00	0.00e+00
 1.78928e+16	3.91e-03	4.01e-01	5.68e-01	2.70e-02	3.73e-06	0.00e+00	0.00e+00	0.00e+00
 1.79444e+16	4.80e-03	4.49e-01	5.24e-01	2.15e-02	2.58e-06	0.00e+00	0.00e+00	0.00e+00
 1.79878e+16	5.75e-03	4.95e-01	4.82e-01	1.72e-02	1.83e-06	0.00e+00	0.00e+00	0.00e+00
 1.80237e+16	6.70e-03	5.35e-01	4.45e-01	1.41e-02	1.34e-06	0.00e+00	0.00e+00	0.00e+00
 1.80563e+16	7.66e-03	5.72e-01	4.09e-01	1.15e-02	9.93e-07	0.00e+00	0.00e+00	0.00e+00
 1.80879e+16	8.79e-03	6.10e-01	3.72e-01	9.22e-03	0.00e+00	0.00e+00	0.00e+00	0.00e+00
 1.81190e+16	1.01e-02	6.49e-01	3.34e-01	7.28e-03	0.00e+00	0.00e+00	0.00e+00	0.00e+00
 1.81487e+16	1.15e-02	6.85e-01	2.98e-01	5.68e-03	0.00e+00	0.00e+00	0.00e+00	0.00e+00
 1.81765e+16	1.30e-02	7.19e-01	2.63e-01	4.40e-03	0.00e+00	0.00e+00	0.00e+00	0.00e+00
 1.82028e+16	1.47e-02	7.50e-01	2.31e-01	3.38e-03	0.00e+00	0.00e+00	0.00e+00	0.00e+00
 1.82281e+16	1.65e-02	7.79e-01	2.02e-01	2.56e-03	0.00e+00	0.00e+00	0.00e+00	0.00e+00
 1.82525e+16	1.86e-02	8.06e-01	1.74e-01	1.92e-03	0.00e+00	0.00e+00	0.00e+00	0.00e+00
 1.82760e+16	2.08e-02	8.29e-01	1.48e-01	1.41e-03	0.00e+00	0.00e+00	0.00e+00	0.00e+00
 1.82982e+16	2.31e-02	8.50e-01	1.26e-01	1.04e-03	0.00e+00	0.00e+00	0.00e+00	0.00e+00
 1.83198e+16	2.58e-02	8.67e-01	1.06e-01	7.52e-04	0.00e+00	0.00e+00	0.00e+00	0.00e+00
 1.83408e+16	2.86e-02	8.82e-01	8.86e-02	5.36e-04	0.00e+00	0.00e+00	0.00e+00	0.00e+00
 1.83610e+16	3.19e-02	8.94e-01	7.34e-02	3.79e-04	0.00e+00	0.00e+00	0.00e+00	0.00e+00
 1.83804e+16	3.52e-02	9.04e-01	6.03e-02	2.65e-04	0.00e+00	0.00e+00	0.00e+00	0.00e+00
 1.83990e+16	3.90e-02	9.12e-01	4.92e-02	1.83e-04	0.00e+00	0.00e+00	0.00e+00	0.00e+00
 1.84170e+16	4.32e-02	9.17e-01	4.00e-02	1.26e-04	0.00e+00	0.00e+00	0.00e+00	0.00e+00
 1.84344e+16	4.77e-02	9.20e-01	3.23e-02	8.54e-05	0.00e+00	0.00e+00	0.00e+00	0.00e+00
 1.84510e+16	5.26e-02	9.21e-01	2.60e-02	5.78e-05	0.00e+00	0.00e+00	0.00e+00	0.00e+00
 1.84668e+16	5.78e-02	9.21e-01	2.09e-02	3.92e-05	0.00e+00	0.00e+00	0.00e+00	0.00e+00
 1.84816e+16	6.32e-02	9.20e-01	1.69e-02	2.66e-05	0.00e+00	0.00e+00	0.00e+00	0.00e+00
 1.84960e+16	6.90e-02	9.17e-01	1.36e-02	1.81e-05	0.00e+00	0.00e+00	0.00e+00	0.00e+00
 1.85099e+16	7.54e-02	9.14e-01	1.09e-02	1.22e-05	0.00e+00	0.00e+00	0.00e+00	0.00e+00
 1.85235e+16	8.20e-02	9.09e-01	8.70e-03	8.17e-06	0.00e+00	0.00e+00	0.00e+00	0.00e+00
 1.85360e+16	8.88e-02	9.04e-01	7.01e-03	5.56e-06	0.00e+00	0.00e+00	0.00e+00	0.00e+00
 1.85472e+16	9.52e-02	8.99e-01	5.75e-03	3.91e-06	0.00e+00	0.00e+00	0.00e+00	0.00e+00
 1.85568e+16	1.01e-01	8.94e-01	4.82e-03	2.86e-06	0.00e+00	0.00e+00	0.00e+00	0.00e+00
 1.85656e+16	1.07e-01	8.89e-01	4.09e-03	2.13e-06	0.00e+00	0.00e+00	0.00e+00	0.00e+00
 1.85743e+16	1.13e-01	8.83e-01	3.46e-03	1.58e-06	0.00e+00	0.00e+00	0.00e+00	0.00e+00
 1.85812e+16	1.18e-01	8.79e-01	3.03e-03	1.25e-06	0.00e+00	0.00e+00	0.00e+00	0.00e+00
 1.85857e+16	1.21e-01	8.76e-01	2.77e-03	1.07e-06	0.00e+00	0.00e+00	0.00e+00	0.00e+00
 1.85898e+16	1.24e-01	8.73e-01	2.55e-03	9.22e-07	0.00e+00	0.00e+00	0.00e+00	0.00e+00
 1.85946e+16	1.28e-01	8.69e-01	2.32e-03	0.00e+00	0.00e+00	0.00e+00	0.00e+00	0.00e+00
 1.85999e+16	1.33e-01	8.65e-01	2.08e-03	0.00e+00	0.00e+00	0.00e+00	0.00e+00	0.00e+00
 1.86050e+16	1.37e-01	8.61e-01	1.87e-03	0.00e+00	0.00e+00	0.00e+00	0.00e+00	0.00e+00
 1.86097e+16	1.41e-01	8.57e-01	1.69e-03	0.00e+00	0.00e+00	0.00e+00	0.00e+00	0.00e+00
 1.86144e+16	1.45e-01	8.53e-01	1.53e-03	0.00e+00	0.00e+00	0.00e+00	0.00e+00	0.00e+00
 1.86191e+16	1.49e-01	8.49e-01	1.39e-03	0.00e+00	0.00e+00	0.00e+00	0.00e+00	0.00e+00
 1.86238e+16	1.54e-01	8.45e-01	1.25e-03	0.00e+00	0.00e+00	0.00e+00	0.00e+00	0.00e+00
 1.86284e+16	1.58e-01	8.40e-01	1.13e-03	0.00e+00	0.00e+00	0.00e+00	0.00e+00	0.00e+00
 1.86330e+16	1.63e-01	8.36e-01	1.02e-03	0.00e+00	0.00e+00	0.00e+00	0.00e+00	0.00e+00
 1.86376e+16	1.68e-01	8.31e-01	9.20e-04	0.00e+00	0.00e+00	0.00e+00	0.00e+00	0.00e+00
 1.86420e+16	1.73e-01	8.26e-01	8.31e-04	0.00e+00	0.00e+00	0.00e+00	0.00e+00	0.00e+00
 1.86464e+16	1.78e-01	8.22e-01	7.51e-04	0.00e+00	0.00e+00	0.00e+00	0.00e+00	0.00e+00
 1.86509e+16	1.83e-01	8.17e-01	6.78e-04	0.00e+00	0.00e+00	0.00e+00	0.00e+00	0.00e+00
 1.86552e+16	1.88e-01	8.12e-01	6.11e-04	0.00e+00	0.00e+00	0.00e+00	0.00e+00	0.00e+00
 1.86596e+16	1.93e-01	8.06e-01	5.51e-04	0.00e+00	0.00e+00	0.00e+00	0.00e+00	0.00e+00
 1.86639e+16	1.99e-01	8.01e-01	4.97e-04	0.00e+00	0.00e+00	0.00e+00	0.00e+00	0.00e+00
 1.86681e+16	2.05e-01	7.95e-01	4.48e-04	0.00e+00	0.00e+00	0.00e+00	0.00e+00	0.00e+00
 1.86724e+16	2.11e-01	7.89e-01	4.04e-04	0.00e+00	0.00e+00	0.00e+00	0.00e+00	0.00e+00
 1.86766e+16	2.17e-01	7.83e-01	3.64e-04	0.00e+00	0.00e+00	0.00e+00	0.00e+00	0.00e+00
 1.86807e+16	2.23e-01	7.77e-01	3.28e-04	0.00e+00	0.00e+00	0.00e+00	0.00e+00	0.00e+00
 1.86848e+16	2.30e-01	7.70e-01	2.95e-04	0.00e+00	0.00e+00	0.00e+00	0.00e+00	0.00e+00
 1.86889e+16	2.37e-01	7.63e-01	2.65e-04	0.00e+00	0.00e+00	0.00e+00	0.00e+00	0.00e+00
 1.86930e+16	2.44e-01	7.56e-01	2.39e-04	0.00e+00	0.00e+00	0.00e+00	0.00e+00	0.00e+00
 1.86970e+16	2.52e-01	7.48e-01	2.15e-04	0.00e+00	0.00e+00	0.00e+00	0.00e+00	0.00e+00
 1.87010e+16	2.60e-01	7.40e-01	1.93e-04	0.00e+00	0.00e+00	0.00e+00	0.00e+00	0.00e+00
 1.87050e+16	2.68e-01	7.32e-01	1.73e-04	0.00e+00	0.00e+00	0.00e+00	0.00e+00	0.00e+00
 1.87089e+16	2.76e-01	7.23e-01	1.56e-04	0.00e+00	0.00e+00	0.00e+00	0.00e+00	0.00e+00
 1.87128e+16	2.86e-01	7.14e-01	1.40e-04	0.00e+00	0.00e+00	0.00e+00	0.00e+00	0.00e+00
 1.87165e+16	2.95e-01	7.04e-01	1.26e-04	0.00e+00	0.00e+00	0.00e+00	0.00e+00	0.00e+00
 1.87202e+16	3.05e-01	6.95e-01	1.13e-04	0.00e+00	0.00e+00	0.00e+00	0.00e+00	0.00e+00
 1.87239e+16	3.17e-01	6.83e-01	1.02e-04	0.00e+00	0.00e+00	0.00e+00	0.00e+00	0.00e+00
 1.87275e+16	3.27e-01	6.73e-01	9.15e-05	0.00e+00	0.00e+00	0.00e+00	0.00e+00	0.00e+00
 1.87311e+16	3.39e-01	6.61e-01	8.24e-05	0.00e+00	0.00e+00	0.00e+00	0.00e+00	0.00e+00
 1.87346e+16	3.51e-01	6.49e-01	7.40e-05	0.00e+00	0.00e+00	0.00e+00	0.00e+00	0.00e+00
 1.87382e+16	3.63e-01	6.37e-01	6.65e-05	0.00e+00	0.00e+00	0.00e+00	0.00e+00	0.00e+00
 1.87417e+16	3.78e-01	6.22e-01	5.96e-05	0.00e+00	0.00e+00	0.00e+00	0.00e+00	0.00e+00
 1.87451e+16	3.91e-01	6.09e-01	5.35e-05	0.00e+00	0.00e+00	0.00e+00	0.00e+00	0.00e+00
 1.87486e+16	4.07e-01	5.93e-01	4.79e-05	0.00e+00	0.00e+00	0.00e+00	0.00e+00	0.00e+00
 1.87520e+16	4.22e-01	5.78e-01	4.28e-05	0.00e+00	0.00e+00	0.00e+00	0.00e+00	0.00e+00
 1.87554e+16	4.39e-01	5.61e-01	3.83e-05	0.00e+00	0.00e+00	0.00e+00	0.00e+00	0.00e+00
 1.87589e+16	4.59e-01	5.41e-01	3.39e-05	0.00e+00	0.00e+00	0.00e+00	0.00e+00	0.00e+00
 1.87623e+16	4.78e-01	5.22e-01	3.02e-05	0.00e+00	0.00e+00	0.00e+00	0.00e+00	0.00e+00
 1.87656e+16	4.97e-01	5.03e-01	2.69e-05	0.00e+00	0.00e+00	0.00e+00	0.00e+00	0.00e+00
 1.87690e+16	5.18e-01	4.82e-01	2.38e-05	0.00e+00	0.00e+00	0.00e+00	0.00e+00	0.00e+00
 1.87725e+16	5.40e-01	4.60e-01	2.10e-05	0.00e+00	0.00e+00	0.00e+00	0.00e+00	0.00e+00
 1.87760e+16	5.62e-01	4.38e-01	1.85e-05	0.00e+00	0.00e+00	0.00e+00	0.00e+00	0.00e+00
 1.87794e+16	5.85e-01	4.15e-01	1.62e-05	0.00e+00	0.00e+00	0.00e+00	0.00e+00	0.00e+00
 1.87829e+16	6.09e-01	3.91e-01	1.42e-05	0.00e+00	0.00e+00	0.00e+00	0.00e+00	0.00e+00
 1.87865e+16	6.33e-01	3.67e-01	1.23e-05	0.00e+00	0.00e+00	0.00e+00	0.00e+00	0.00e+00
 1.87901e+16	6.58e-01	3.42e-01	1.07e-05	0.00e+00	0.00e+00	0.00e+00	0.00e+00	0.00e+00
 1.87933e+16	6.79e-01	3.21e-01	9.44e-06	0.00e+00	0.00e+00	0.00e+00	0.00e+00	0.00e+00
 1.87957e+16	6.93e-01	3.07e-01	8.63e-06	0.00e+00	0.00e+00	0.00e+00	0.00e+00	0.00e+00
 1.87980e+16	7.09e-01	2.91e-01	7.83e-06	0.00e+00	0.00e+00	0.00e+00	0.00e+00	0.00e+00
 1.88004e+16	7.23e-01	2.77e-01	7.13e-06	0.00e+00	0.00e+00	0.00e+00	0.00e+00	0.00e+00
 1.88028e+16	7.40e-01	2.60e-01	6.43e-06	0.00e+00	0.00e+00	0.00e+00	0.00e+00	0.00e+00
 1.88052e+16	7.53e-01	2.47e-01	5.86e-06	0.00e+00	0.00e+00	0.00e+00	0.00e+00	0.00e+00
 1.88075e+16	7.68e-01	2.32e-01	5.30e-06	0.00e+00	0.00e+00	0.00e+00	0.00e+00	0.00e+00
 1.88098e+16	7.80e-01	2.20e-01	4.85e-06	0.00e+00	0.00e+00	0.00e+00	0.00e+00	0.00e+00
 1.88120e+16	7.92e-01	2.08e-01	4.43e-06	0.00e+00	0.00e+00	0.00e+00	0.00e+00	0.00e+00
 1.88143e+16	8.04e-01	1.96e-01	4.03e-06	0.00e+00	0.00e+00	0.00e+00	0.00e+00	0.00e+00
 1.88166e+16	8.15e-01	1.85e-01	3.68e-06	0.00e+00	0.00e+00	0.00e+00	0.00e+00	0.00e+00
 1.88188e+16	8.26e-01	1.74e-01	3.36e-06	0.00e+00	0.00e+00	0.00e+00	0.00e+00	0.00e+00
 1.88210e+16	8.36e-01	1.64e-01	3.07e-06	0.00e+00	0.00e+00	0.00e+00	0.00e+00	0.00e+00
 1.88233e+16	8.45e-01	1.55e-01	2.82e-06	0.00e+00	0.00e+00	0.00e+00	0.00e+00	0.00e+00
 1.88255e+16	8.54e-01	1.46e-01	2.58e-06	0.00e+00	0.00e+00	0.00e+00	0.00e+00	0.00e+00
 1.88278e+16	8.62e-01	1.38e-01	2.37e-06	0.00e+00	0.00e+00	0.00e+00	0.00e+00	0.00e+00
 1.88300e+16	8.70e-01	1.30e-01	2.18e-06	0.00e+00	0.00e+00	0.00e+00	0.00e+00	0.00e+00
 1.88324e+16	8.77e-01	1.23e-01	2.00e-06	0.00e+00	0.00e+00	0.00e+00	0.00e+00	0.00e+00
 1.88347e+16	8.84e-01	1.16e-01	1.84e-06	0.00e+00	0.00e+00	0.00e+00	0.00e+00	0.00e+00
 1.88371e+16	8.91e-01	1.09e-01	1.69e-06	0.00e+00	0.00e+00	0.00e+00	0.00e+00	0.00e+00
