#depth	He	He+	He+2
 1.49634e+10	2.74e-22	1.56e-11	1.00e+00
 4.54887e+10	3.13e-22	1.69e-11	1.00e+00
 7.72350e+10	3.55e-22	1.83e-11	1.00e+00
 1.10251e+11	4.02e-22	1.98e-11	1.00e+00
 1.43109e+11	4.55e-22	2.14e-11	1.00e+00
 1.77280e+11	5.14e-22	2.31e-11	1.00e+00
 2.14298e+11	5.87e-22	2.51e-11	1.00e+00
 2.52797e+11	6.69e-22	2.72e-11	1.00e+00
 2.92836e+11	7.65e-22	2.95e-11	1.00e+00
 3.34476e+11	8.75e-22	3.21e-11	1.00e+00
 3.77782e+11	1.00e-21	3.48e-11	1.00e+00
 4.22820e+11	1.15e-21	3.78e-11	1.00e+00
 4.69659e+11	1.32e-21	4.11e-11	1.00e+00
 5.18373e+11	1.52e-21	4.46e-11	1.00e+00
 5.69034e+11	1.75e-21	4.85e-11	1.00e+00
 6.16769e+11	2.00e-21	5.23e-11	1.00e+00
 6.59607e+11	2.23e-21	5.58e-11	1.00e+00
 7.07750e+11	2.52e-21	6.00e-11	1.00e+00
 7.64624e+11	2.90e-21	6.52e-11	1.00e+00
 8.21443e+11	3.33e-21	7.05e-11	1.00e+00
 8.74987e+11	3.78e-21	7.58e-11	1.00e+00
 9.34365e+11	4.31e-21	8.20e-11	1.00e+00
 1.00167e+12	5.01e-21	8.93e-11	1.00e+00
 1.06896e+12	5.78e-21	9.71e-11	1.00e+00
 1.13895e+12	6.66e-21	1.05e-10	1.00e+00
 1.21444e+12	7.75e-21	1.15e-10	1.00e+00
 1.28523e+12	8.89e-21	1.24e-10	1.00e+00
 1.34839e+12	9.98e-21	1.33e-10	1.00e+00
 1.41938e+12	1.13e-20	1.44e-10	1.00e+00
 1.50365e+12	1.31e-20	1.57e-10	1.00e+00
 1.58800e+12	1.51e-20	1.70e-10	1.00e+00
 1.66674e+12	1.72e-20	1.83e-10	1.00e+00
 1.75435e+12	1.97e-20	1.99e-10	1.00e+00
 1.85445e+12	2.29e-20	2.18e-10	1.00e+00
 1.95260e+12	2.65e-20	2.37e-10	1.00e+00
 2.05467e+12	3.04e-20	2.59e-10	1.00e+00
 2.16678e+12	3.54e-20	2.84e-10	1.00e+00
 2.27935e+12	4.10e-20	3.10e-10	1.00e+00
 2.39642e+12	4.72e-20	3.39e-10	1.00e+00
 2.52221e+12	5.48e-20	3.72e-10	1.00e+00
 2.64670e+12	6.32e-20	4.07e-10	1.00e+00
 2.77618e+12	7.25e-20	4.45e-10	1.00e+00
 2.91715e+12	8.39e-20	4.90e-10	1.00e+00
 3.06377e+12	9.70e-20	5.39e-10	1.00e+00
 3.21624e+12	1.12e-19	5.93e-10	1.00e+00
 3.37482e+12	1.29e-19	6.53e-10	1.00e+00
 3.53974e+12	1.48e-19	7.19e-10	1.00e+00
 3.68909e+12	1.68e-19	7.83e-10	1.00e+00
 3.81386e+12	1.85e-19	8.39e-10	1.00e+00
 3.95069e+12	2.05e-19	9.03e-10	1.00e+00
 4.12355e+12	2.32e-19	9.88e-10	1.00e+00
 4.30363e+12	2.63e-19	1.08e-09	1.00e+00
 4.45767e+12	2.92e-19	1.17e-09	1.00e+00
 4.61749e+12	3.23e-19	1.26e-09	1.00e+00
 4.81695e+12	3.65e-19	1.38e-09	1.00e+00
 5.01913e+12	4.14e-19	1.51e-09	1.00e+00
 5.19483e+12	4.58e-19	1.62e-09	1.00e+00
 5.38492e+12	5.09e-19	1.76e-09	1.00e+00
 5.61717e+12	5.77e-19	1.93e-09	1.00e+00
 5.85387e+12	6.54e-19	2.11e-09	1.00e+00
 6.07019e+12	7.29e-19	2.29e-09	1.00e+00
 6.31039e+12	8.19e-19	2.49e-09	1.00e+00
 6.59004e+12	9.36e-19	2.74e-09	1.00e+00
 6.86693e+12	1.06e-18	3.00e-09	1.00e+00
 7.13144e+12	1.20e-18	3.26e-09	1.00e+00
 7.42317e+12	1.36e-18	3.56e-09	1.00e+00
 7.75002e+12	1.57e-18	3.91e-09	1.00e+00
 8.07850e+12	1.79e-18	4.28e-09	1.00e+00
 8.37295e+12	2.02e-18	4.63e-09	1.00e+00
 8.62257e+12	2.24e-18	4.93e-09	1.00e+00
 8.89168e+12	2.48e-18	5.27e-09	1.00e+00
 9.23963e+12	2.84e-18	5.73e-09	1.00e+00
 9.60249e+12	3.25e-18	6.23e-09	1.00e+00
 9.91367e+12	3.64e-18	6.68e-09	1.00e+00
 1.02453e+13	4.10e-18	7.17e-09	1.00e+00
 1.06563e+13	4.73e-18	7.80e-09	1.00e+00
 1.10784e+13	5.45e-18	8.48e-09	1.00e+00
 1.14588e+13	6.18e-18	9.12e-09	1.00e+00
 1.18771e+13	7.07e-18	9.84e-09	1.00e+00
 1.23341e+13	8.16e-18	1.07e-08	1.00e+00
 1.27495e+13	9.25e-18	1.15e-08	1.00e+00
 1.31977e+13	1.06e-17	1.23e-08	1.00e+00
 1.37010e+13	1.22e-17	1.34e-08	1.00e+00
 1.41781e+13	1.39e-17	1.44e-08	1.00e+00
 1.47003e+13	1.60e-17	1.55e-08	1.00e+00
 1.52784e+13	1.87e-17	1.68e-08	1.00e+00
 1.58158e+13	2.14e-17	1.81e-08	1.00e+00
 1.64011e+13	2.47e-17	1.96e-08	1.00e+00
 1.70567e+13	2.88e-17	2.13e-08	1.00e+00
 1.76775e+13	3.32e-17	2.29e-08	1.00e+00
 1.83478e+13	3.85e-17	2.48e-08	1.00e+00
 1.90944e+13	4.52e-17	2.70e-08	1.00e+00
 1.98140e+13	5.25e-17	2.91e-08	1.00e+00
 2.05796e+13	6.11e-17	3.15e-08	1.00e+00
 2.14327e+13	7.19e-17	3.43e-08	1.00e+00
 2.22886e+13	8.42e-17	3.72e-08	1.00e+00
 2.31786e+13	9.86e-17	4.04e-08	1.00e+00
 2.41357e+13	1.16e-16	4.39e-08	1.00e+00
 2.51310e+13	1.37e-16	4.78e-08	1.00e+00
 2.61102e+13	1.59e-16	5.17e-08	1.00e+00
 2.70202e+13	1.83e-16	5.55e-08	1.00e+00
 2.78409e+13	2.07e-16	5.90e-08	1.00e+00
 2.87209e+13	2.34e-16	6.29e-08	1.00e+00
 2.98176e+13	2.72e-16	6.79e-08	1.00e+00
 3.09176e+13	3.15e-16	7.32e-08	1.00e+00
 3.18619e+13	3.56e-16	7.78e-08	1.00e+00
 3.28823e+13	4.03e-16	8.29e-08	1.00e+00
 3.41433e+13	4.69e-16	8.96e-08	1.00e+00
 3.54059e+13	5.43e-16	9.64e-08	1.00e+00
 3.64962e+13	6.13e-16	1.02e-07	1.00e+00
 3.76736e+13	6.95e-16	1.09e-07	1.00e+00
 3.91208e+13	8.09e-16	1.18e-07	1.00e+00
 4.05808e+13	9.36e-16	1.27e-07	1.00e+00
 4.18739e+13	1.06e-15	1.35e-07	1.00e+00
 4.32879e+13	1.21e-15	1.45e-07	1.00e+00
 4.49838e+13	1.41e-15	1.56e-07	1.00e+00
 4.66737e+13	1.63e-15	1.68e-07	1.00e+00
 4.82122e+13	1.86e-15	1.79e-07	1.00e+00
 4.99266e+13	2.13e-15	1.92e-07	1.00e+00
 5.19284e+13	2.49e-15	2.08e-07	1.00e+00
 5.39017e+13	2.89e-15	2.24e-07	1.00e+00
 5.57678e+13	3.31e-15	2.40e-07	1.00e+00
 5.78424e+13	3.82e-15	2.58e-07	1.00e+00
 6.01860e+13	4.47e-15	2.79e-07	1.00e+00
 6.25385e+13	5.20e-15	3.01e-07	1.00e+00
 6.49851e+13	6.05e-15	3.25e-07	1.00e+00
 6.76145e+13	7.08e-15	3.52e-07	1.00e+00
 7.01598e+13	8.20e-15	3.79e-07	1.00e+00
 7.25527e+13	9.36e-15	4.05e-07	1.00e+00
 7.52305e+13	1.08e-14	4.36e-07	1.00e+00
 7.79301e+13	1.24e-14	4.68e-07	1.00e+00
 8.01706e+13	1.39e-14	4.95e-07	1.00e+00
 8.25415e+13	1.56e-14	5.25e-07	1.00e+00
 8.55742e+13	1.80e-14	5.65e-07	1.00e+00
 8.87562e+13	2.08e-14	6.08e-07	1.00e+00
 9.15679e+13	2.36e-14	6.47e-07	1.00e+00
 9.46094e+13	2.68e-14	6.92e-07	1.00e+00
 9.82701e+13	3.12e-14	7.47e-07	1.00e+00
 1.01982e+14	3.62e-14	8.05e-07	1.00e+00
 1.05454e+14	4.14e-14	8.62e-07	1.00e+00
 1.09315e+14	4.78e-14	9.28e-07	1.00e+00
 1.13413e+14	5.54e-14	1.00e-06	1.00e+00
 1.17056e+14	6.28e-14	1.07e-06	1.00e+00
 1.20975e+14	7.17e-14	1.14e-06	1.00e+00
 1.25668e+14	8.35e-14	1.24e-06	1.00e+00
 1.30286e+14	9.65e-14	1.33e-06	1.00e+00
 1.34398e+14	1.09e-13	1.42e-06	1.00e+00
 1.38937e+14	1.25e-13	1.52e-06	1.00e+00
 1.44347e+14	1.45e-13	1.65e-06	1.00e+00
 1.49717e+14	1.68e-13	1.77e-06	1.00e+00
 1.54626e+14	1.91e-13	1.90e-06	1.00e+00
 1.60107e+14	2.20e-13	2.04e-06	1.00e+00
 1.66484e+14	2.57e-13	2.21e-06	1.00e+00
 1.72748e+14	2.97e-13	2.39e-06	1.00e+00
 1.78672e+14	3.39e-13	2.56e-06	1.00e+00
 1.85259e+14	3.91e-13	2.75e-06	1.00e+00
 1.92699e+14	4.57e-13	2.99e-06	1.00e+00
 1.99756e+14	5.26e-13	3.22e-06	1.00e+00
 2.06180e+14	5.95e-13	3.43e-06	1.00e+00
 2.13450e+14	6.81e-13	3.69e-06	1.00e+00
 2.21925e+14	7.93e-13	3.99e-06	1.00e+00
 2.30058e+14	9.10e-13	4.30e-06	1.00e+00
 2.37421e+14	1.03e-12	4.58e-06	1.00e+00
 2.44351e+14	1.15e-12	4.86e-06	1.00e+00
 2.52020e+14	1.29e-12	5.18e-06	1.00e+00
 2.60594e+14	1.47e-12	5.54e-06	1.00e+00
 2.68700e+14	1.65e-12	5.90e-06	1.00e+00
 2.77592e+14	1.86e-12	6.30e-06	1.00e+00
 2.87545e+14	2.13e-12	6.77e-06	1.00e+00
 2.96938e+14	2.40e-12	7.23e-06	1.00e+00
 3.07211e+14	2.73e-12	7.75e-06	1.00e+00
 3.18570e+14	3.13e-12	8.34e-06	1.00e+00
 3.29065e+14	3.53e-12	8.91e-06	1.00e+00
 3.40432e+14	4.01e-12	9.55e-06	1.00e+00
 3.53131e+14	4.60e-12	1.03e-05	1.00e+00
 3.65058e+14	5.20e-12	1.10e-05	1.00e+00
 3.78057e+14	5.92e-12	1.18e-05	1.00e+00
 3.92512e+14	6.80e-12	1.28e-05	1.00e+00
 4.06020e+14	7.71e-12	1.37e-05	1.00e+00
 4.20683e+14	8.79e-12	1.47e-05	1.00e+00
 4.37080e+14	1.01e-11	1.59e-05	1.00e+00
 4.52651e+14	1.15e-11	1.71e-05	1.00e+00
 4.69306e+14	1.32e-11	1.84e-05	1.00e+00
 4.88109e+14	1.53e-11	2.00e-05	1.00e+00
 5.06639e+14	1.76e-11	2.16e-05	1.00e+00
 5.25910e+14	2.03e-11	2.34e-05	1.00e+00
 5.46977e+14	2.35e-11	2.54e-05	1.00e+00
 5.67787e+14	2.71e-11	2.75e-05	1.00e+00
 5.85096e+14	3.03e-11	2.93e-05	1.00e+00
 5.99082e+14	3.33e-11	3.08e-05	1.00e+00
 6.14601e+14	3.67e-11	3.25e-05	1.00e+00
 6.34776e+14	4.16e-11	3.49e-05	1.00e+00
 6.56408e+14	4.75e-11	3.75e-05	1.00e+00
 6.75605e+14	5.32e-11	3.99e-05	1.00e+00
 6.96230e+14	5.99e-11	4.26e-05	1.00e+00
 7.22061e+14	6.93e-11	4.61e-05	1.00e+00
 7.48266e+14	7.99e-11	4.99e-05	1.00e+00
 7.71002e+14	9.02e-11	5.33e-05	1.00e+00
 7.95621e+14	1.03e-10	5.72e-05	1.00e+00
 8.25742e+14	1.19e-10	6.21e-05	1.00e+00
 8.56139e+14	1.39e-10	6.73e-05	1.00e+00
 8.83203e+14	1.58e-10	7.21e-05	1.00e+00
 9.12811e+14	1.81e-10	7.77e-05	1.00e+00
 9.48152e+14	2.12e-10	8.46e-05	1.00e+00
 9.83097e+14	2.47e-10	9.18e-05	1.00e+00
 1.01470e+15	2.82e-10	9.85e-05	1.00e+00
 1.04982e+15	3.26e-10	1.06e-04	1.00e+00
 1.09108e+15	3.85e-10	1.16e-04	1.00e+00
 1.13174e+15	4.50e-10	1.26e-04	1.00e+00
 1.16960e+15	5.18e-10	1.36e-04	1.00e+00
 1.21198e+15	6.03e-10	1.47e-04	1.00e+00
 1.26049e+15	7.15e-10	1.61e-04	1.00e+00
 1.30834e+15	8.39e-10	1.75e-04	1.00e+00
 1.35811e+15	9.86e-10	1.91e-04	1.00e+00
 1.40337e+15	1.14e-09	2.05e-04	1.00e+00
 1.43719e+15	1.26e-09	2.16e-04	1.00e+00
 1.47216e+15	1.40e-09	2.29e-04	1.00e+00
 1.51761e+15	1.60e-09	2.45e-04	1.00e+00
 1.56702e+15	1.83e-09	2.63e-04	1.00e+00
 1.61177e+15	2.07e-09	2.80e-04	1.00e+00
 1.66016e+15	2.35e-09	2.99e-04	1.00e+00
 1.72128e+15	2.75e-09	3.25e-04	1.00e+00
 1.78267e+15	3.21e-09	3.51e-04	1.00e+00
 1.83443e+15	3.63e-09	3.74e-04	1.00e+00
 1.88994e+15	4.13e-09	4.00e-04	1.00e+00
 1.95976e+15	4.84e-09	4.33e-04	1.00e+00
 2.03289e+15	5.67e-09	4.70e-04	1.00e+00
 2.09894e+15	6.51e-09	5.04e-04	9.99e-01
 2.17106e+15	7.53e-09	5.44e-04	9.99e-01
 2.25607e+15	8.89e-09	5.92e-04	9.99e-01
 2.33921e+15	1.04e-08	6.40e-04	9.99e-01
 2.41518e+15	1.19e-08	6.87e-04	9.99e-01
 2.50049e+15	1.38e-08	7.41e-04	9.99e-01
 2.59970e+15	1.63e-08	8.06e-04	9.99e-01
 2.69725e+15	1.91e-08	8.73e-04	9.99e-01
 2.78955e+15	2.20e-08	9.39e-04	9.99e-01
 2.87018e+15	2.49e-08	9.99e-04	9.99e-01
 2.93719e+15	2.74e-08	1.05e-03	9.99e-01
 3.01108e+15	3.05e-08	1.11e-03	9.99e-01
 3.10715e+15	3.48e-08	1.18e-03	9.99e-01
 3.20813e+15	3.98e-08	1.27e-03	9.99e-01
 3.29461e+15	4.44e-08	1.34e-03	9.99e-01
 3.38614e+15	4.98e-08	1.42e-03	9.99e-01
 3.50513e+15	5.76e-08	1.53e-03	9.98e-01
 3.62763e+15	6.64e-08	1.65e-03	9.98e-01
 3.72975e+15	7.46e-08	1.75e-03	9.98e-01
 3.83754e+15	8.40e-08	1.86e-03	9.98e-01
 3.97646e+15	9.71e-08	2.00e-03	9.98e-01
 4.12182e+15	1.13e-07	2.16e-03	9.98e-01
 4.24738e+15	1.28e-07	2.29e-03	9.98e-01
 4.38120e+15	1.45e-07	2.45e-03	9.98e-01
 4.54599e+15	1.69e-07	2.65e-03	9.97e-01
 4.71057e+15	1.96e-07	2.85e-03	9.97e-01
 4.85501e+15	2.22e-07	3.04e-03	9.97e-01
 5.01375e+15	2.53e-07	3.25e-03	9.97e-01
 5.20555e+15	2.96e-07	3.52e-03	9.96e-01
 5.38808e+15	3.41e-07	3.78e-03	9.96e-01
 5.54024e+15	3.82e-07	4.00e-03	9.96e-01
 5.67792e+15	4.22e-07	4.21e-03	9.96e-01
 5.82964e+15	4.70e-07	4.45e-03	9.96e-01
 5.99640e+15	5.28e-07	4.73e-03	9.95e-01
 6.15157e+15	5.86e-07	4.99e-03	9.95e-01
 6.32215e+15	6.57e-07	5.29e-03	9.95e-01
 6.50812e+15	7.39e-07	5.63e-03	9.94e-01
 6.68102e+15	8.22e-07	5.95e-03	9.94e-01
 6.87275e+15	9.27e-07	6.34e-03	9.94e-01
 7.08174e+15	1.05e-06	6.76e-03	9.93e-01
 7.27637e+15	1.17e-06	7.17e-03	9.93e-01
 7.49262e+15	1.33e-06	7.68e-03	9.92e-01
 7.72310e+15	1.50e-06	8.21e-03	9.92e-01
 7.92639e+15	1.67e-06	8.72e-03	9.91e-01
 8.14496e+15	1.88e-06	9.31e-03	9.91e-01
 8.38540e+15	2.13e-06	9.99e-03	9.90e-01
 8.60580e+15	2.38e-06	1.06e-02	9.89e-01
 8.84383e+15	2.70e-06	1.14e-02	9.89e-01
 9.10173e+15	3.07e-06	1.23e-02	9.88e-01
 9.32013e+15	3.40e-06	1.31e-02	9.87e-01
 9.50650e+15	3.73e-06	1.39e-02	9.86e-01
 9.71657e+15	4.15e-06	1.48e-02	9.85e-01
 9.94789e+15	4.66e-06	1.59e-02	9.84e-01
 1.01583e+16	5.16e-06	1.70e-02	9.83e-01
 1.03531e+16	5.70e-06	1.81e-02	9.82e-01
 1.05764e+16	6.43e-06	1.96e-02	9.80e-01
 1.08136e+16	7.28e-06	2.12e-02	9.79e-01
 1.10178e+16	8.10e-06	2.28e-02	9.77e-01
 1.12038e+16	8.98e-06	2.45e-02	9.76e-01
 1.14172e+16	1.02e-05	2.66e-02	9.73e-01
 1.16456e+16	1.17e-05	2.92e-02	9.71e-01
 1.18417e+16	1.31e-05	3.18e-02	9.68e-01
 1.20153e+16	1.46e-05	3.44e-02	9.66e-01
 1.22115e+16	1.69e-05	3.79e-02	9.62e-01
 1.24169e+16	1.93e-05	4.20e-02	9.58e-01
 1.25928e+16	2.21e-05	4.63e-02	9.54e-01
 1.27491e+16	2.50e-05	5.06e-02	9.49e-01
 1.29214e+16	2.86e-05	5.64e-02	9.44e-01
 1.31091e+16	3.37e-05	6.38e-02	9.36e-01
 1.32699e+16	3.98e-05	7.16e-02	9.28e-01
 1.33876e+16	4.47e-05	7.83e-02	9.22e-01
 1.34958e+16	4.97e-05	8.56e-02	9.14e-01
 1.36365e+16	5.93e-05	9.67e-02	9.03e-01
 1.37699e+16	6.82e-05	1.09e-01	8.91e-01
 1.38670e+16	7.82e-05	1.20e-01	8.80e-01
 1.39391e+16	8.60e-05	1.29e-01	8.71e-01
 1.40055e+16	9.37e-05	1.39e-01	8.61e-01
 1.40918e+16	1.07e-04	1.53e-01	8.47e-01
 1.41732e+16	1.20e-04	1.68e-01	8.32e-01
 1.42482e+16	1.35e-04	1.85e-01	8.15e-01
 1.43263e+16	1.54e-04	2.04e-01	7.96e-01
 1.43909e+16	1.72e-04	2.22e-01	7.78e-01
 1.44469e+16	1.90e-04	2.39e-01	7.61e-01
 1.44978e+16	2.08e-04	2.56e-01	7.44e-01
 1.45526e+16	2.29e-04	2.76e-01	7.23e-01
 1.46238e+16	2.64e-04	3.06e-01	6.94e-01
 1.46915e+16	2.99e-04	3.36e-01	6.63e-01
 1.47422e+16	3.28e-04	3.62e-01	6.38e-01
 1.47959e+16	3.65e-04	3.91e-01	6.09e-01
 1.48656e+16	4.16e-04	4.31e-01	5.69e-01
 1.49351e+16	4.71e-04	4.72e-01	5.27e-01
 1.49900e+16	5.20e-04	5.07e-01	4.93e-01
 1.50472e+16	5.76e-04	5.45e-01	4.55e-01
 1.51216e+16	6.52e-04	5.93e-01	4.06e-01
 1.51981e+16	7.33e-04	6.41e-01	3.58e-01
 1.52629e+16	8.05e-04	6.80e-01	3.19e-01
 1.53325e+16	8.85e-04	7.21e-01	2.79e-01
 1.54231e+16	9.88e-04	7.67e-01	2.32e-01
 1.55216e+16	1.10e-03	8.10e-01	1.89e-01
 1.55958e+16	1.17e-03	8.36e-01	1.63e-01
 1.56452e+16	1.23e-03	8.52e-01	1.47e-01
 1.56971e+16	1.28e-03	8.67e-01	1.31e-01
 1.57647e+16	1.36e-03	8.85e-01	1.14e-01
 1.58525e+16	1.45e-03	9.04e-01	9.42e-02
 1.59420e+16	1.54e-03	9.20e-01	7.88e-02
 1.60146e+16	1.62e-03	9.30e-01	6.84e-02
 1.60899e+16	1.70e-03	9.39e-01	5.89e-02
 1.61707e+16	1.79e-03	9.48e-01	5.05e-02
 1.62403e+16	1.87e-03	9.54e-01	4.46e-02
 1.63015e+16	1.95e-03	9.58e-01	3.99e-02
 1.63702e+16	2.04e-03	9.63e-01	3.52e-02
 1.64466e+16	2.14e-03	9.67e-01	3.09e-02
 1.65147e+16	2.24e-03	9.70e-01	2.76e-02
 1.65732e+16	2.33e-03	9.73e-01	2.51e-02
 1.66373e+16	2.43e-03	9.75e-01	2.25e-02
 1.67081e+16	2.56e-03	9.77e-01	2.01e-02
 1.67708e+16	2.68e-03	9.79e-01	1.83e-02
 1.68248e+16	2.79e-03	9.80e-01	1.69e-02
 1.68841e+16	2.92e-03	9.82e-01	1.54e-02
 1.69494e+16	3.07e-03	9.83e-01	1.40e-02
 1.70070e+16	3.22e-03	9.84e-01	1.29e-02
 1.70565e+16	3.36e-03	9.85e-01	1.20e-02
 1.71108e+16	3.53e-03	9.85e-01	1.11e-02
 1.71707e+16	3.73e-03	9.86e-01	1.02e-02
 1.72240e+16	3.92e-03	9.87e-01	9.51e-03
 1.72700e+16	4.10e-03	9.87e-01	8.95e-03
 1.73204e+16	4.32e-03	9.87e-01	8.34e-03
 1.73759e+16	4.58e-03	9.88e-01	7.75e-03
 1.74252e+16	4.84e-03	9.88e-01	7.28e-03
 1.74683e+16	5.09e-03	9.88e-01	6.89e-03
 1.75160e+16	5.38e-03	9.88e-01	6.47e-03
 1.75686e+16	5.76e-03	9.88e-01	6.05e-03
 1.76156e+16	6.13e-03	9.88e-01	5.72e-03
 1.76569e+16	6.50e-03	9.88e-01	5.43e-03
 1.77026e+16	6.94e-03	9.88e-01	5.12e-03
 1.77540e+16	7.52e-03	9.88e-01	4.81e-03
 1.78017e+16	8.13e-03	9.87e-01	4.54e-03
 1.78447e+16	8.76e-03	9.87e-01	4.31e-03
 1.78928e+16	9.55e-03	9.86e-01	4.07e-03
 1.79444e+16	1.06e-02	9.86e-01	3.83e-03
 1.79878e+16	1.16e-02	9.85e-01	3.64e-03
 1.80237e+16	1.26e-02	9.84e-01	3.49e-03
 1.80563e+16	1.36e-02	9.83e-01	3.37e-03
 1.80879e+16	1.48e-02	9.82e-01	3.24e-03
 1.81190e+16	1.61e-02	9.81e-01	3.13e-03
 1.81487e+16	1.76e-02	9.79e-01	3.02e-03
 1.81765e+16	1.92e-02	9.78e-01	2.93e-03
 1.82028e+16	2.09e-02	9.76e-01	2.84e-03
 1.82281e+16	2.28e-02	9.74e-01	2.76e-03
 1.82525e+16	2.50e-02	9.72e-01	2.69e-03
 1.82760e+16	2.74e-02	9.70e-01	2.62e-03
 1.82982e+16	3.00e-02	9.67e-01	2.57e-03
 1.83198e+16	3.30e-02	9.64e-01	2.51e-03
 1.83408e+16	3.64e-02	9.61e-01	2.46e-03
 1.83610e+16	4.01e-02	9.57e-01	2.42e-03
 1.83804e+16	4.45e-02	9.53e-01	2.38e-03
 1.83990e+16	4.93e-02	9.48e-01	2.35e-03
 1.84170e+16	5.46e-02	9.43e-01	2.32e-03
 1.84344e+16	6.07e-02	9.37e-01	2.30e-03
 1.84510e+16	6.75e-02	9.30e-01	2.28e-03
 1.84668e+16	7.50e-02	9.23e-01	2.27e-03
 1.84816e+16	8.31e-02	9.15e-01	2.26e-03
 1.84960e+16	9.19e-02	9.06e-01	2.27e-03
 1.85099e+16	1.02e-01	8.96e-01	2.27e-03
 1.85235e+16	1.13e-01	8.84e-01	2.28e-03
 1.85360e+16	1.25e-01	8.73e-01	2.29e-03
 1.85472e+16	1.37e-01	8.61e-01	2.31e-03
 1.85568e+16	1.48e-01	8.50e-01	2.33e-03
 1.85656e+16	1.59e-01	8.38e-01	2.35e-03
 1.85743e+16	1.72e-01	8.26e-01	2.37e-03
 1.85812e+16	1.82e-01	8.16e-01	2.38e-03
 1.85857e+16	1.89e-01	8.08e-01	2.40e-03
 1.85898e+16	1.96e-01	8.01e-01	2.41e-03
 1.85946e+16	2.05e-01	7.93e-01	2.42e-03
 1.85999e+16	2.14e-01	7.83e-01	2.43e-03
 1.86050e+16	2.24e-01	7.74e-01	2.45e-03
 1.86097e+16	2.33e-01	7.64e-01	2.46e-03
 1.86144e+16	2.43e-01	7.54e-01	2.48e-03
 1.86191e+16	2.53e-01	7.44e-01	2.49e-03
 1.86238e+16	2.64e-01	7.33e-01	2.50e-03
 1.86284e+16	2.75e-01	7.22e-01	2.52e-03
 1.86330e+16	2.86e-01	7.11e-01	2.54e-03
 1.86376e+16	2.98e-01	6.99e-01	2.55e-03
 1.86420e+16	3.10e-01	6.87e-01	2.56e-03
 1.86464e+16	3.22e-01	6.75e-01	2.57e-03
 1.86509e+16	3.35e-01	6.62e-01	2.58e-03
 1.86552e+16	3.48e-01	6.50e-01	2.60e-03
 1.86596e+16	3.61e-01	6.36e-01	2.60e-03
 1.86639e+16	3.74e-01	6.23e-01	2.62e-03
 1.86681e+16	3.88e-01	6.09e-01	2.62e-03
 1.86724e+16	4.02e-01	5.95e-01	2.63e-03
 1.86766e+16	4.16e-01	5.81e-01	2.63e-03
 1.86807e+16	4.31e-01	5.67e-01	2.64e-03
 1.86848e+16	4.45e-01	5.52e-01	2.64e-03
 1.86889e+16	4.60e-01	5.37e-01	2.64e-03
 1.86930e+16	4.75e-01	5.22e-01	2.64e-03
 1.86970e+16	4.90e-01	5.07e-01	2.64e-03
 1.87010e+16	5.05e-01	4.92e-01	2.63e-03
 1.87050e+16	5.20e-01	4.77e-01	2.63e-03
 1.87089e+16	5.35e-01	4.62e-01	2.61e-03
 1.87128e+16	5.50e-01	4.48e-01	2.60e-03
 1.87165e+16	5.64e-01	4.33e-01	2.59e-03
 1.87202e+16	5.79e-01	4.19e-01	2.57e-03
 1.87239e+16	5.93e-01	4.05e-01	2.56e-03
 1.87275e+16	6.07e-01	3.91e-01	2.54e-03
 1.87311e+16	6.20e-01	3.77e-01	2.52e-03
 1.87346e+16	6.34e-01	3.64e-01	2.50e-03
 1.87382e+16	6.47e-01	3.50e-01	2.47e-03
 1.87417e+16	6.60e-01	3.37e-01	2.44e-03
 1.87451e+16	6.73e-01	3.24e-01	2.41e-03
 1.87486e+16	6.86e-01	3.12e-01	2.37e-03
 1.87520e+16	6.98e-01	2.99e-01	2.34e-03
 1.87554e+16	7.10e-01	2.87e-01	2.30e-03
 1.87589e+16	7.22e-01	2.76e-01	2.26e-03
 1.87623e+16	7.33e-01	2.64e-01	2.22e-03
 1.87656e+16	7.44e-01	2.53e-01	2.18e-03
 1.87690e+16	7.55e-01	2.43e-01	2.13e-03
 1.87725e+16	7.66e-01	2.32e-01	2.09e-03
 1.87760e+16	7.76e-01	2.22e-01	2.04e-03
 1.87794e+16	7.86e-01	2.12e-01	1.99e-03
 1.87829e+16	7.96e-01	2.02e-01	1.94e-03
 1.87865e+16	8.05e-01	1.93e-01	1.89e-03
 1.87901e+16	8.15e-01	1.83e-01	1.83e-03
 1.87933e+16	8.22e-01	1.76e-01	1.79e-03
 1.87957e+16	8.28e-01	1.71e-01	1.75e-03
 1.87980e+16	8.33e-01	1.65e-01	1.71e-03
 1.88004e+16	8.38e-01	1.60e-01	1.67e-03
 1.88028e+16	8.44e-01	1.55e-01	1.64e-03
 1.88052e+16	8.48e-01	1.50e-01	1.60e-03
 1.88075e+16	8.53e-01	1.46e-01	1.57e-03
 1.88098e+16	8.57e-01	1.41e-01	1.53e-03
 1.88120e+16	8.61e-01	1.37e-01	1.50e-03
 1.88143e+16	8.65e-01	1.33e-01	1.47e-03
 1.88166e+16	8.69e-01	1.30e-01	1.44e-03
 1.88188e+16	8.72e-01	1.26e-01	1.41e-03
 1.88210e+16	8.76e-01	1.23e-01	1.38e-03
 1.88233e+16	8.79e-01	1.20e-01	1.35e-03
 1.88255e+16	8.82e-01	1.16e-01	1.32e-03
 1.88278e+16	8.85e-01	1.13e-01	1.29e-03
 1.88300e+16	8.88e-01	1.11e-01	1.26e-03
 1.88324e+16	8.91e-01	1.08e-01	1.24e-03
 1.88347e+16	8.94e-01	1.05e-01	1.21e-03
 1.88371e+16	8.96e-01	1.03e-01	1.19e-03
 1.88396e+16	8.99e-01	1.00e-01	1.16e-03
 1.88422e+16	9.01e-01	9.77e-02	1.14e-03
 1.88448e+16	9.04e-01	9.53e-02	1.11e-03
 1.88475e+16	9.06e-01	9.29e-02	1.09e-03
 1.88504e+16	9.08e-01	9.07e-02	1.06e-03
 1.88534e+16	9.11e-01	8.84e-02	1.04e-03
 1.88566e+16	9.13e-01	8.63e-02	1.01e-03
 1.88600e+16	9.15e-01	8.41e-02	9.89e-04
 1.88638e+16	9.17e-01	8.18e-02	9.62e-04
 1.88679e+16	9.19e-01	7.97e-02	9.38e-04
 1.88728e+16	9.22e-01	7.74e-02	9.10e-04
 1.88785e+16	9.24e-01	7.51e-02	8.82e-04
 1.88852e+16	9.26e-01	7.27e-02	8.52e-04
 1.88937e+16	9.29e-01	7.02e-02	8.19e-04
 1.89037e+16	9.31e-01	6.79e-02	7.88e-04
 1.89143e+16	9.33e-01	6.59e-02	7.59e-04
 1.89263e+16	9.35e-01	6.41e-02	7.30e-04
 1.89420e+16	9.37e-01	6.23e-02	7.00e-04
 1.89610e+16	9.39e-01	6.06e-02	6.69e-04
 1.89804e+16	9.40e-01	5.92e-02	6.43e-04
 1.89981e+16	9.41e-01	5.82e-02	6.21e-04
 1.90175e+16	9.42e-01	5.70e-02	5.97e-04
 1.90385e+16	9.43e-01	5.59e-02	5.74e-04
 1.90576e+16	9.44e-01	5.50e-02	5.55e-04
 1.90785e+16	9.45e-01	5.40e-02	5.33e-04
 1.91010e+16	9.47e-01	5.29e-02	5.12e-04
 1.91216e+16	9.47e-01	5.20e-02	4.93e-04
 1.91402e+16	9.48e-01	5.12e-02	4.77e-04
 1.91572e+16	9.49e-01	5.04e-02	4.62e-04
 1.91727e+16	9.50e-01	4.98e-02	4.49e-04
 1.91897e+16	9.51e-01	4.90e-02	4.36e-04
 1.92080e+16	9.51e-01	4.82e-02	4.21e-04
 1.92246e+16	9.52e-01	4.75e-02	4.07e-04
 1.92398e+16	9.53e-01	4.69e-02	3.97e-04
 1.92564e+16	9.53e-01	4.62e-02	3.85e-04
 1.92743e+16	9.54e-01	4.55e-02	3.72e-04
 1.92906e+16	9.55e-01	4.48e-02	3.60e-04
 1.93055e+16	9.55e-01	4.42e-02	3.50e-04
 1.93218e+16	9.56e-01	4.35e-02	3.38e-04
 1.93393e+16	9.57e-01	4.28e-02	3.28e-04
 1.93553e+16	9.57e-01	4.22e-02	3.18e-04
 1.93699e+16	9.58e-01	4.16e-02	3.09e-04
 1.93831e+16	9.59e-01	4.11e-02	3.01e-04
 1.93976e+16	9.59e-01	4.05e-02	2.92e-04
 1.94133e+16	9.60e-01	4.00e-02	2.84e-04
 1.94275e+16	9.60e-01	3.94e-02	2.76e-04
 1.94405e+16	9.61e-01	3.89e-02	2.69e-04
 1.94547e+16	9.61e-01	3.84e-02	2.61e-04
 1.94700e+16	9.62e-01	3.78e-02	2.53e-04
 1.94840e+16	9.62e-01	3.73e-02	2.46e-04
 1.94967e+16	9.63e-01	3.69e-02	2.40e-04
 1.95082e+16	9.63e-01	3.64e-02	2.34e-04
 1.95209e+16	9.64e-01	3.60e-02	2.28e-04
 1.95346e+16	9.64e-01	3.55e-02	2.22e-04
 1.95470e+16	9.65e-01	3.51e-02	2.17e-04
 1.95607e+16	9.65e-01	3.46e-02	2.10e-04
 1.95754e+16	9.66e-01	3.41e-02	2.04e-04
 1.95888e+16	9.66e-01	3.36e-02	1.99e-04
 1.96010e+16	9.67e-01	3.32e-02	1.94e-04
 1.96143e+16	9.67e-01	3.28e-02	1.88e-04
 1.96287e+16	9.68e-01	3.23e-02	1.83e-04
 1.96419e+16	9.68e-01	3.19e-02	1.78e-04
 1.96538e+16	9.68e-01	3.15e-02	1.74e-04
 1.96669e+16	9.69e-01	3.11e-02	1.69e-04
 1.96810e+16	9.69e-01	3.07e-02	1.65e-04
 1.96939e+16	9.70e-01	3.03e-02	1.61e-04
 1.97080e+16	9.70e-01	2.98e-02	1.56e-04
 1.97232e+16	9.70e-01	2.94e-02	1.52e-04
 1.97370e+16	9.71e-01	2.90e-02	1.47e-04
 1.97496e+16	9.71e-01	2.87e-02	1.44e-04
 1.97634e+16	9.72e-01	2.83e-02	1.40e-04
 1.97783e+16	9.72e-01	2.79e-02	1.36e-04
 1.97919e+16	9.72e-01	2.75e-02	1.33e-04
 1.98067e+16	9.73e-01	2.71e-02	1.29e-04
 1.98228e+16	9.73e-01	2.67e-02	1.25e-04
 1.98374e+16	9.73e-01	2.64e-02	1.22e-04
 1.98534e+16	9.74e-01	2.60e-02	1.18e-04
 1.98706e+16	9.74e-01	2.56e-02	1.14e-04
 1.98864e+16	9.75e-01	2.52e-02	1.11e-04
 1.99007e+16	9.75e-01	2.49e-02	1.08e-04
 1.99163e+16	9.75e-01	2.45e-02	1.05e-04
 1.99332e+16	9.76e-01	2.41e-02	1.02e-04
 1.99486e+16	9.76e-01	2.38e-02	9.91e-05
 1.99655e+16	9.76e-01	2.34e-02	9.60e-05
 1.99837e+16	9.77e-01	2.31e-02	9.30e-05
 2.00003e+16	9.77e-01	2.27e-02	9.03e-05
 2.00154e+16	9.77e-01	2.24e-02	8.80e-05
 2.00319e+16	9.78e-01	2.21e-02	8.53e-05
 2.00497e+16	9.78e-01	2.18e-02	8.28e-05
 2.00660e+16	9.78e-01	2.15e-02	8.05e-05
 2.00837e+16	9.79e-01	2.11e-02	7.80e-05
 2.01030e+16	9.79e-01	2.08e-02	7.55e-05
 2.01204e+16	9.79e-01	2.05e-02	7.33e-05
 2.01396e+16	9.80e-01	2.01e-02	7.08e-05
 2.01603e+16	9.80e-01	1.98e-02	6.85e-05
 2.01791e+16	9.80e-01	1.95e-02	6.64e-05
 2.01962e+16	9.81e-01	1.92e-02	6.46e-05
 2.02150e+16	9.81e-01	1.89e-02	6.25e-05
 2.02352e+16	9.81e-01	1.86e-02	6.05e-05
 2.02536e+16	9.82e-01	1.83e-02	5.87e-05
 2.02738e+16	9.82e-01	1.80e-02	5.68e-05
 2.02956e+16	9.82e-01	1.77e-02	5.49e-05
 2.03155e+16	9.83e-01	1.74e-02	5.32e-05
 2.03372e+16	9.83e-01	1.71e-02	5.13e-05
 2.03607e+16	9.83e-01	1.68e-02	4.95e-05
 2.03821e+16	9.83e-01	1.65e-02	4.79e-05
 2.04015e+16	9.84e-01	1.63e-02	4.65e-05
 2.04228e+16	9.84e-01	1.60e-02	4.49e-05
 2.04458e+16	9.84e-01	1.57e-02	4.34e-05
 2.04667e+16	9.84e-01	1.55e-02	4.20e-05
 2.04896e+16	9.85e-01	1.52e-02	4.05e-05
 2.05144e+16	9.85e-01	1.49e-02	3.91e-05
 2.05369e+16	9.85e-01	1.47e-02	3.78e-05
 2.05616e+16	9.86e-01	1.44e-02	3.64e-05
 2.05883e+16	9.86e-01	1.41e-02	3.50e-05
 2.06125e+16	9.86e-01	1.39e-02	3.39e-05
 2.06391e+16	9.86e-01	1.36e-02	3.25e-05
 2.06678e+16	9.87e-01	1.33e-02	3.13e-05
 2.06939e+16	9.87e-01	1.31e-02	3.01e-05
 2.07225e+16	9.87e-01	1.28e-02	2.89e-05
 2.07534e+16	9.87e-01	1.25e-02	2.77e-05
 2.07815e+16	9.88e-01	1.23e-02	2.67e-05
 2.08123e+16	9.88e-01	1.20e-02	2.55e-05
 2.08455e+16	9.88e-01	1.17e-02	2.44e-05
 2.08758e+16	9.88e-01	1.15e-02	2.35e-05
 2.09033e+16	9.89e-01	1.13e-02	2.26e-05
 2.09335e+16	9.89e-01	1.11e-02	2.17e-05
 2.09661e+16	9.89e-01	1.08e-02	2.08e-05
 2.09957e+16	9.89e-01	1.06e-02	2.00e-05
 2.10282e+16	9.90e-01	1.04e-02	1.92e-05
 2.10632e+16	9.90e-01	1.02e-02	1.84e-05
 2.10951e+16	9.90e-01	9.96e-03	1.76e-05
 2.11301e+16	9.90e-01	9.73e-03	1.69e-05
 2.11679e+16	9.90e-01	9.50e-03	1.61e-05
 2.12022e+16	9.91e-01	9.31e-03	1.54e-05
 2.12398e+16	9.91e-01	9.08e-03	1.47e-05
 2.12805e+16	9.91e-01	8.86e-03	1.40e-05
 2.13175e+16	9.91e-01	8.67e-03	1.34e-05
 2.13580e+16	9.92e-01	8.45e-03	1.27e-05
 2.14017e+16	9.92e-01	8.23e-03	1.21e-05
 2.14415e+16	9.92e-01	8.04e-03	1.16e-05
 2.14852e+16	9.92e-01	7.83e-03	1.10e-05
 2.15323e+16	9.92e-01	7.62e-03	1.04e-05
 2.15751e+16	9.93e-01	7.44e-03	9.92e-06
 2.16221e+16	9.93e-01	7.24e-03	9.38e-06
 2.16728e+16	9.93e-01	7.03e-03	8.87e-06
 2.17189e+16	9.93e-01	6.86e-03	8.44e-06
 2.17695e+16	9.93e-01	6.66e-03	7.96e-06
 2.18352e+16	9.94e-01	6.41e-03	7.39e-06
 2.19112e+16	9.94e-01	6.14e-03	6.80e-06
 2.19888e+16	9.94e-01	5.89e-03	6.26e-06
 2.20677e+16	9.94e-01	5.65e-03	5.76e-06
 2.21497e+16	9.95e-01	5.41e-03	5.29e-06
 2.22352e+16	9.95e-01	5.18e-03	4.84e-06
 2.23236e+16	9.95e-01	4.95e-03	4.43e-06
 2.24152e+16	9.95e-01	4.72e-03	4.04e-06
 2.25100e+16	9.95e-01	4.50e-03	3.68e-06
 2.26074e+16	9.96e-01	4.29e-03	3.34e-06
 2.27064e+16	9.96e-01	4.09e-03	3.04e-06
 2.28070e+16	9.96e-01	3.90e-03	2.76e-06
 2.29094e+16	9.96e-01	3.71e-03	2.51e-06
 2.30138e+16	9.96e-01	3.53e-03	2.28e-06
 2.31201e+16	9.97e-01	3.36e-03	2.06e-06
 2.32283e+16	9.97e-01	3.20e-03	1.87e-06
 2.33385e+16	9.97e-01	3.04e-03	1.70e-06
 2.34491e+16	9.97e-01	2.90e-03	1.54e-06
 2.35613e+16	9.97e-01	2.76e-03	1.39e-06
 2.36775e+16	9.97e-01	2.62e-03	1.26e-06
 2.37966e+16	9.98e-01	2.48e-03	1.13e-06
 2.39177e+16	9.98e-01	2.36e-03	1.02e-06
 2.40406e+16	9.98e-01	2.24e-03	9.21e-07
 2.41658e+16	9.98e-01	2.12e-03	8.29e-07
 2.42935e+16	9.98e-01	2.01e-03	7.45e-07
 2.44236e+16	9.98e-01	1.90e-03	6.69e-07
 2.45563e+16	9.98e-01	1.80e-03	6.00e-07
 2.46917e+16	9.98e-01	1.70e-03	5.37e-07
 2.48299e+16	9.98e-01	1.61e-03	4.81e-07
 2.49709e+16	9.98e-01	1.52e-03	4.29e-07
 2.51148e+16	9.99e-01	1.44e-03	3.83e-07
 2.52617e+16	9.99e-01	1.36e-03	3.41e-07
 2.54119e+16	9.99e-01	1.28e-03	3.03e-07
 2.55653e+16	9.99e-01	1.20e-03	2.69e-07
 2.57222e+16	9.99e-01	1.13e-03	2.38e-07
 2.58828e+16	9.99e-01	1.06e-03	2.11e-07
 2.60473e+16	9.99e-01	9.99e-04	1.86e-07
 2.62158e+16	9.99e-01	9.37e-04	1.64e-07
 2.63885e+16	9.99e-01	8.78e-04	1.44e-07
 2.65658e+16	9.99e-01	8.21e-04	1.26e-07
 2.67480e+16	9.99e-01	7.67e-04	1.10e-07
 2.69351e+16	9.99e-01	7.16e-04	9.57e-08
 2.71277e+16	9.99e-01	6.67e-04	8.31e-08
 2.73263e+16	9.99e-01	6.21e-04	7.21e-08
 2.75269e+16	9.99e-01	5.77e-04	6.24e-08
 2.77330e+16	9.99e-01	5.36e-04	5.37e-08
 2.79518e+16	1.00e+00	4.95e-04	4.59e-08
 2.81807e+16	1.00e+00	4.56e-04	3.90e-08
 2.84172e+16	1.00e+00	4.19e-04	3.29e-08
 2.86625e+16	1.00e+00	3.84e-04	2.77e-08
 2.89187e+16	1.00e+00	3.51e-04	2.31e-08
 2.91874e+16	1.00e+00	3.20e-04	1.92e-08
 2.94698e+16	1.00e+00	2.90e-04	1.57e-08
 2.97681e+16	1.00e+00	2.61e-04	1.28e-08
 3.00840e+16	1.00e+00	2.34e-04	1.03e-08
 3.04211e+16	1.00e+00	2.09e-04	8.15e-09
 3.07824e+16	1.00e+00	1.84e-04	6.36e-09
 3.11696e+16	1.00e+00	1.62e-04	4.89e-09
 3.15890e+16	1.00e+00	1.40e-04	3.68e-09
 3.20490e+16	1.00e+00	1.20e-04	2.70e-09
 3.25596e+16	1.00e+00	1.01e-04	1.92e-09
 3.31339e+16	1.00e+00	8.37e-05	1.31e-09
 3.37859e+16	1.00e+00	6.75e-05	8.52e-10
 3.45192e+16	1.00e+00	5.32e-05	5.30e-10
 3.52974e+16	1.00e+00	4.16e-05	3.24e-10
 3.60748e+16	1.00e+00	3.26e-05	2.00e-10
 3.68460e+16	1.00e+00	2.57e-05	1.24e-10
 3.76243e+16	1.00e+00	2.03e-05	7.76e-11
 3.84178e+16	1.00e+00	1.60e-05	4.83e-11
 3.92260e+16	1.00e+00	1.26e-05	3.00e-11
 4.00496e+16	1.00e+00	9.88e-06	1.87e-11
 4.08897e+16	1.00e+00	7.78e-06	1.16e-11
 4.17497e+16	1.00e+00	6.11e-06	7.18e-12
 4.26319e+16	1.00e+00	4.79e-06	4.43e-12
 4.35328e+16	1.00e+00	3.76e-06	2.74e-12
 4.44604e+16	1.00e+00	2.94e-06	1.68e-12
 4.54180e+16	1.00e+00	2.29e-06	1.02e-12
 4.64029e+16	1.00e+00	1.78e-06	6.22e-13
 4.74205e+16	1.00e+00	1.38e-06	3.75e-13
 4.84765e+16	1.00e+00	1.07e-06	2.24e-13
 4.95746e+16	1.00e+00	8.20e-07	1.33e-13
 5.07196e+16	1.00e+00	6.26e-07	7.75e-14
 5.19196e+16	1.00e+00	4.75e-07	4.47e-14
 5.31853e+16	1.00e+00	3.57e-07	2.53e-14
 5.45294e+16	1.00e+00	2.65e-07	1.40e-14
 5.59681e+16	1.00e+00	1.95e-07	7.55e-15
 5.74964e+16	1.00e+00	1.41e-07	3.98e-15
 5.90624e+16	1.00e+00	1.03e-07	2.11e-15
 6.06284e+16	1.00e+00	7.53e-08	1.14e-15
 6.21944e+16	1.00e+00	5.56e-08	6.21e-16
 6.37604e+16	1.00e+00	4.14e-08	3.44e-16
 6.53264e+16	1.00e+00	3.10e-08	1.93e-16
 6.71272e+16	1.00e+00	2.22e-08	9.96e-17
 6.91937e+16	1.00e+00	1.55e-08	4.83e-17
 7.13460e+16	1.00e+00	1.07e-08	2.33e-17
 7.35864e+16	1.00e+00	7.42e-09	1.11e-17
 7.58829e+16	1.00e+00	5.14e-09	5.35e-18
 7.82218e+16	1.00e+00	3.58e-09	2.59e-18
 8.05983e+16	1.00e+00	2.50e-09	1.27e-18
 8.30110e+16	1.00e+00	1.76e-09	6.27e-19
 8.54552e+16	1.00e+00	1.24e-09	3.13e-19
 8.79201e+16	1.00e+00	8.83e-10	1.58e-19
 9.03959e+16	1.00e+00	6.32e-10	8.12e-20
 9.28728e+16	1.00e+00	4.56e-10	4.24e-20
 9.53393e+16	1.00e+00	3.33e-10	2.25e-20
 9.77846e+16	1.00e+00	2.45e-10	1.22e-20
 1.00196e+17	1.00e+00	1.82e-10	6.77e-21
 1.02562e+17	1.00e+00	1.37e-10	0.00e+00
 1.04874e+17	1.00e+00	1.05e-10	0.00e+00
 1.07126e+17	1.00e+00	8.07e-11	0.00e+00
 1.09311e+17	1.00e+00	6.31e-11	0.00e+00
 1.11420e+17	1.00e+00	5.00e-11	0.00e+00
 1.13449e+17	1.00e+00	4.01e-11	0.00e+00
 1.15395e+17	1.00e+00	3.26e-11	0.00e+00
 1.17257e+17	1.00e+00	2.68e-11	0.00e+00
 1.19035e+17	1.00e+00	2.23e-11	0.00e+00
 1.20730e+17	1.00e+00	1.88e-11	0.00e+00
 1.22342e+17	1.00e+00	1.60e-11	0.00e+00
 1.23874e+17	1.00e+00	1.38e-11	0.00e+00
 1.25328e+17	1.00e+00	1.20e-11	0.00e+00
 1.26709e+17	1.00e+00	1.05e-11	0.00e+00
 1.28018e+17	1.00e+00	9.34e-12	0.00e+00
 1.29260e+17	1.00e+00	8.35e-12	0.00e+00
 1.30437e+17	1.00e+00	7.51e-12	0.00e+00
 1.31553e+17	1.00e+00	6.81e-12	0.00e+00
 1.32611e+17	1.00e+00	6.21e-12	0.00e+00
 1.33614e+17	1.00e+00	5.70e-12	0.00e+00
 1.34565e+17	1.00e+00	5.27e-12	0.00e+00
 1.35466e+17	1.00e+00	4.89e-12	0.00e+00
 1.36322e+17	1.00e+00	4.56e-12	0.00e+00
 1.37133e+17	1.00e+00	4.29e-12	0.00e+00
 1.37902e+17	1.00e+00	4.03e-12	0.00e+00
 1.38632e+17	1.00e+00	3.80e-12	0.00e+00
 1.39325e+17	1.00e+00	3.61e-12	0.00e+00
 1.39984e+17	1.00e+00	3.43e-12	0.00e+00
 1.40610e+17	1.00e+00	3.28e-12	0.00e+00
 1.41205e+17	1.00e+00	3.14e-12	0.00e+00
 1.41770e+17	1.00e+00	3.02e-12	0.00e+00
 1.42308e+17	1.00e+00	2.90e-12	0.00e+00
 1.42820e+17	1.00e+00	2.80e-12	0.00e+00
 1.43308e+17	1.00e+00	2.71e-12	0.00e+00
 1.43773e+17	1.00e+00	2.63e-12	0.00e+00
 1.44216e+17	1.00e+00	2.55e-12	0.00e+00
 1.44639e+17	1.00e+00	2.48e-12	0.00e+00
 1.45043e+17	1.00e+00	2.42e-12	0.00e+00
 1.45429e+17	1.00e+00	2.35e-12	0.00e+00
 1.45799e+17	1.00e+00	2.30e-12	0.00e+00
 1.46152e+17	1.00e+00	2.25e-12	0.00e+00
 1.46491e+17	1.00e+00	2.20e-12	0.00e+00
 1.46817e+17	1.00e+00	2.16e-12	0.00e+00
 1.47129e+17	1.00e+00	2.12e-12	0.00e+00
 1.47430e+17	1.00e+00	2.08e-12	0.00e+00
 1.47720e+17	1.00e+00	2.04e-12	0.00e+00
 1.48000e+17	1.00e+00	2.01e-12	0.00e+00
 1.48271e+17	1.00e+00	1.98e-12	0.00e+00
 1.48534e+17	1.00e+00	1.95e-12	0.00e+00
 1.48790e+17	1.00e+00	1.92e-12	0.00e+00
 1.49039e+17	1.00e+00	1.89e-12	0.00e+00
 1.49282e+17	1.00e+00	1.86e-12	0.00e+00
 1.49521e+17	1.00e+00	1.84e-12	0.00e+00
 1.49757e+17	1.00e+00	1.82e-12	0.00e+00
 1.49990e+17	1.00e+00	1.79e-12	0.00e+00
 1.50221e+17	1.00e+00	1.77e-12	0.00e+00
 1.50452e+17	1.00e+00	1.75e-12	0.00e+00
 1.50685e+17	1.00e+00	1.72e-12	0.00e+00
 1.50921e+17	1.00e+00	1.70e-12	0.00e+00
 1.51161e+17	1.00e+00	1.68e-12	0.00e+00
 1.51409e+17	1.00e+00	1.66e-12	0.00e+00
 1.51667e+17	1.00e+00	1.63e-12	0.00e+00
 1.51939e+17	1.00e+00	1.61e-12	0.00e+00
 1.52230e+17	1.00e+00	1.59e-12	0.00e+00
 1.52545e+17	1.00e+00	1.56e-12	0.00e+00
 1.52895e+17	1.00e+00	1.53e-12	0.00e+00
 1.53290e+17	1.00e+00	1.50e-12	0.00e+00
 1.53747e+17	1.00e+00	1.47e-12	0.00e+00
 1.54295e+17	1.00e+00	1.42e-12	0.00e+00
 1.54971e+17	1.00e+00	1.38e-12	0.00e+00
 1.55838e+17	1.00e+00	1.32e-12	0.00e+00
 1.56965e+17	1.00e+00	1.25e-12	0.00e+00
 1.58429e+17	1.00e+00	1.16e-12	0.00e+00
 1.60333e+17	1.00e+00	1.06e-12	0.00e+00
 1.62808e+17	1.00e+00	9.42e-13	0.00e+00
 1.66026e+17	1.00e+00	8.15e-13	0.00e+00
 1.70209e+17	1.00e+00	6.83e-13	0.00e+00
 1.75647e+17	1.00e+00	5.49e-13	0.00e+00
 1.82295e+17	1.00e+00	4.24e-13	0.00e+00
 1.89586e+17	1.00e+00	3.35e-13	0.00e+00
 1.97170e+17	1.00e+00	2.87e-13	0.00e+00
 2.05057e+17	1.00e+00	2.53e-13	0.00e+00
 2.13259e+17	1.00e+00	2.26e-13	0.00e+00
 2.21789e+17	1.00e+00	2.02e-13	0.00e+00
 2.30661e+17	1.00e+00	1.80e-13	0.00e+00
 2.39887e+17	1.00e+00	1.60e-13	0.00e+00
 2.49483e+17	1.00e+00	1.41e-13	0.00e+00
 2.59462e+17	1.00e+00	1.23e-13	0.00e+00
 2.69607e+17	1.00e+00	1.06e-13	0.00e+00
 2.79308e+17	1.00e+00	9.48e-14	0.00e+00
 2.88073e+17	1.00e+00	9.19e-14	0.00e+00
 2.95943e+17	1.00e+00	9.16e-14	0.00e+00
 3.03252e+17	1.00e+00	8.93e-14	0.00e+00
 3.10236e+17	1.00e+00	8.37e-14	0.00e+00
 3.16832e+17	1.00e+00	7.67e-14	0.00e+00
 3.22811e+17	1.00e+00	7.09e-14	0.00e+00
 3.27513e+17	1.00e+00	6.66e-14	0.00e+00
 3.30436e+17	1.00e+00	6.75e-14	0.00e+00
 3.32032e+17	1.00e+00	6.96e-14	0.00e+00
 3.32944e+17	1.00e+00	7.08e-14	0.00e+00
 3.33491e+17	1.00e+00	7.16e-14	0.00e+00
 3.33851e+17	1.00e+00	7.20e-14	0.00e+00
 3.34172e+17	1.00e+00	7.23e-14	0.00e+00
 3.34528e+17	1.00e+00	7.24e-14	0.00e+00
 3.34914e+17	1.00e+00	7.26e-14	0.00e+00
 3.35274e+17	1.00e+00	7.26e-14	0.00e+00
 3.35568e+17	1.00e+00	7.26e-14	0.00e+00
 3.35824e+17	1.00e+00	7.26e-14	0.00e+00
 3.36082e+17	1.00e+00	7.25e-14	0.00e+00
 3.36342e+17	1.00e+00	7.24e-14	0.00e+00
 3.36586e+17	1.00e+00	7.23e-14	0.00e+00
 3.36813e+17	1.00e+00	7.21e-14	0.00e+00
 3.37026e+17	1.00e+00	7.20e-14	0.00e+00
 3.37219e+17	1.00e+00	7.18e-14	0.00e+00
 3.37412e+17	1.00e+00	7.17e-14	0.00e+00
 3.37606e+17	1.00e+00	7.15e-14	0.00e+00
 3.37786e+17	1.00e+00	7.13e-14	0.00e+00
 3.37951e+17	1.00e+00	7.11e-14	0.00e+00
 3.38106e+17	1.00e+00	7.10e-14	0.00e+00
 3.38260e+17	1.00e+00	7.08e-14	0.00e+00
 3.38413e+17	1.00e+00	7.06e-14	0.00e+00
 3.38561e+17	1.00e+00	7.04e-14	0.00e+00
 3.38705e+17	1.00e+00	7.02e-14	0.00e+00
 3.38844e+17	1.00e+00	7.00e-14	0.00e+00
 3.38973e+17	1.00e+00	6.98e-14	0.00e+00
 3.39096e+17	1.00e+00	6.97e-14	0.00e+00
 3.39224e+17	1.00e+00	6.95e-14	0.00e+00
 3.39358e+17	1.00e+00	6.92e-14	0.00e+00
 3.39486e+17	1.00e+00	6.90e-14	0.00e+00
 3.39606e+17	1.00e+00	6.88e-14	0.00e+00
 3.39727e+17	1.00e+00	6.86e-14	0.00e+00
 3.39850e+17	1.00e+00	6.84e-14	0.00e+00
 3.39969e+17	1.00e+00	6.81e-14	0.00e+00
 3.40085e+17	1.00e+00	6.79e-14	0.00e+00
 3.40206e+17	1.00e+00	6.77e-14	0.00e+00
 3.40332e+17	1.00e+00	6.74e-14	0.00e+00
 3.40455e+17	1.00e+00	6.72e-14	0.00e+00
 3.40574e+17	1.00e+00	6.69e-14	0.00e+00
 3.40696e+17	1.00e+00	6.67e-14	0.00e+00
 3.40824e+17	1.00e+00	6.64e-14	0.00e+00
 3.40955e+17	1.00e+00	6.61e-14	0.00e+00
 3.41086e+17	1.00e+00	6.58e-14	0.00e+00
 3.41212e+17	1.00e+00	6.55e-14	0.00e+00
 3.41338e+17	1.00e+00	6.52e-14	0.00e+00
 3.41484e+17	1.00e+00	6.49e-14	0.00e+00
 3.41643e+17	1.00e+00	6.45e-14	0.00e+00
 3.41790e+17	1.00e+00	6.41e-14	0.00e+00
 3.41924e+17	1.00e+00	6.37e-14	0.00e+00
 3.42067e+17	1.00e+00	6.34e-14	0.00e+00
 3.42228e+17	1.00e+00	6.30e-14	0.00e+00
 3.42388e+17	1.00e+00	6.25e-14	0.00e+00
 3.42540e+17	1.00e+00	6.21e-14	0.00e+00
 3.42701e+17	1.00e+00	6.17e-14	0.00e+00
 3.42881e+17	1.00e+00	6.12e-14	0.00e+00
 3.43057e+17	1.00e+00	6.08e-14	0.00e+00
 3.43230e+17	1.00e+00	6.03e-14	0.00e+00
 3.43415e+17	1.00e+00	5.98e-14	0.00e+00
 3.43610e+17	1.00e+00	5.92e-14	0.00e+00
 3.43802e+17	1.00e+00	5.87e-14	0.00e+00
 3.43994e+17	1.00e+00	5.81e-14	0.00e+00
 3.44198e+17	1.00e+00	5.76e-14	0.00e+00
 3.44413e+17	1.00e+00	5.69e-14	0.00e+00
 3.44627e+17	1.00e+00	5.63e-14	0.00e+00
 3.44845e+17	1.00e+00	5.57e-14	0.00e+00
 3.45075e+17	1.00e+00	5.50e-14	0.00e+00
 3.45313e+17	1.00e+00	5.43e-14	0.00e+00
 3.45557e+17	1.00e+00	5.36e-14	0.00e+00
 3.45805e+17	1.00e+00	5.29e-14	0.00e+00
 3.46057e+17	1.00e+00	5.21e-14	0.00e+00
 3.46317e+17	1.00e+00	5.13e-14	0.00e+00
 3.46574e+17	1.00e+00	5.06e-14	0.00e+00
 3.46855e+17	1.00e+00	4.98e-14	0.00e+00
 3.47165e+17	1.00e+00	4.89e-14	0.00e+00
 3.47468e+17	1.00e+00	4.79e-14	0.00e+00
 3.47760e+17	1.00e+00	4.70e-14	0.00e+00
 3.48057e+17	1.00e+00	4.62e-14	0.00e+00
 3.48379e+17	1.00e+00	4.52e-14	0.00e+00
 3.48720e+17	1.00e+00	4.42e-14	0.00e+00
 3.49058e+17	1.00e+00	4.32e-14	0.00e+00
 3.49381e+17	1.00e+00	4.23e-14	0.00e+00
 3.49725e+17	1.00e+00	4.13e-14	0.00e+00
 3.50099e+17	1.00e+00	4.02e-14	0.00e+00
 3.50483e+17	1.00e+00	3.91e-14	0.00e+00
 3.50863e+17	1.00e+00	3.80e-14	0.00e+00
 3.51240e+17	1.00e+00	3.69e-14	0.00e+00
 3.51628e+17	1.00e+00	3.59e-14	0.00e+00
 3.52032e+17	1.00e+00	3.48e-14	0.00e+00
 3.52453e+17	1.00e+00	3.37e-14	0.00e+00
 3.52884e+17	1.00e+00	3.25e-14	0.00e+00
 3.53327e+17	1.00e+00	3.13e-14	0.00e+00
 3.53771e+17	1.00e+00	3.02e-14	0.00e+00
 3.54215e+17	1.00e+00	2.90e-14	0.00e+00
 3.54669e+17	1.00e+00	2.79e-14	0.00e+00
 3.55155e+17	1.00e+00	2.68e-14	0.00e+00
 3.55665e+17	1.00e+00	2.55e-14	0.00e+00
 3.56163e+17	1.00e+00	2.44e-14	0.00e+00
 3.56650e+17	1.00e+00	2.33e-14	0.00e+00
 3.57173e+17	1.00e+00	2.22e-14	0.00e+00
 3.57739e+17	1.00e+00	2.10e-14	0.00e+00
 3.58303e+17	1.00e+00	1.98e-14	0.00e+00
 3.58853e+17	1.00e+00	1.87e-14	0.00e+00
 3.59423e+17	1.00e+00	1.77e-14	0.00e+00
 3.60046e+17	1.00e+00	1.66e-14	0.00e+00
 3.60688e+17	1.00e+00	1.54e-14	0.00e+00
 3.61323e+17	1.00e+00	1.44e-14	0.00e+00
 3.61976e+17	1.00e+00	1.34e-14	0.00e+00
 3.62633e+17	1.00e+00	1.24e-14	0.00e+00
 3.63238e+17	1.00e+00	1.15e-14	0.00e+00
 3.63759e+17	1.00e+00	1.07e-14	0.00e+00
 3.64220e+17	1.00e+00	1.01e-14	0.00e+00
 3.64662e+17	1.00e+00	9.59e-15	0.00e+00
 3.65102e+17	1.00e+00	9.08e-15	0.00e+00
 3.65531e+17	1.00e+00	8.58e-15	0.00e+00
 3.65935e+17	1.00e+00	8.14e-15	0.00e+00
 3.66311e+17	1.00e+00	7.73e-15	0.00e+00
 3.66667e+17	1.00e+00	7.37e-15	0.00e+00
 3.67014e+17	1.00e+00	7.03e-15	0.00e+00
 3.67352e+17	1.00e+00	6.71e-15	0.00e+00
 3.67678e+17	1.00e+00	6.41e-15	0.00e+00
 3.67989e+17	1.00e+00	6.12e-15	0.00e+00
 3.68286e+17	1.00e+00	5.86e-15	0.00e+00
 3.68573e+17	1.00e+00	5.62e-15	0.00e+00
 3.68850e+17	1.00e+00	5.38e-15	0.00e+00
 3.69118e+17	1.00e+00	5.17e-15	0.00e+00
 3.69378e+17	1.00e+00	4.96e-15	0.00e+00
 3.69628e+17	1.00e+00	4.75e-15	0.00e+00
 3.69868e+17	1.00e+00	4.58e-15	0.00e+00
 3.70100e+17	1.00e+00	4.40e-15	0.00e+00
 3.70324e+17	1.00e+00	4.24e-15	0.00e+00
 3.70540e+17	1.00e+00	4.08e-15	0.00e+00
 3.70751e+17	1.00e+00	3.94e-15	0.00e+00
 3.70958e+17	1.00e+00	3.80e-15	0.00e+00
 3.71160e+17	1.00e+00	3.67e-15	0.00e+00
 3.71357e+17	1.00e+00	3.54e-15	0.00e+00
 3.71548e+17	1.00e+00	3.42e-15	0.00e+00
 3.71735e+17	1.00e+00	3.31e-15	0.00e+00
 3.71917e+17	1.00e+00	3.20e-15	0.00e+00
 3.72124e+17	1.00e+00	3.10e-15	0.00e+00
 3.72394e+17	1.00e+00	2.97e-15	0.00e+00
 3.72745e+17	1.00e+00	2.80e-15	0.00e+00
 3.73201e+17	1.00e+00	2.61e-15	0.00e+00
 3.73794e+17	1.00e+00	2.36e-15	0.00e+00
 3.74564e+17	1.00e+00	2.07e-15	0.00e+00
 3.75462e+17	1.00e+00	1.75e-15	0.00e+00
 3.76288e+17	1.00e+00	1.45e-15	0.00e+00
 3.76918e+17	1.00e+00	1.26e-15	0.00e+00
 3.77415e+17	1.00e+00	1.13e-15	0.00e+00
 3.77907e+17	1.00e+00	1.03e-15	0.00e+00
 3.78470e+17	1.00e+00	9.22e-16	0.00e+00
 3.79089e+17	1.00e+00	8.16e-16	0.00e+00
 3.79704e+17	1.00e+00	7.17e-16	0.00e+00
 3.80275e+17	1.00e+00	6.34e-16	0.00e+00
 3.80814e+17	1.00e+00	5.67e-16	0.00e+00
 3.81364e+17	1.00e+00	5.08e-16	0.00e+00
 3.81959e+17	1.00e+00	4.52e-16	0.00e+00
 3.82594e+17	1.00e+00	3.98e-16	0.00e+00
 3.83250e+17	1.00e+00	3.48e-16	0.00e+00
 3.83918e+17	1.00e+00	3.04e-16	0.00e+00
 3.84622e+17	1.00e+00	2.64e-16	0.00e+00
 3.85397e+17	1.00e+00	2.27e-16	0.00e+00
 3.86284e+17	1.00e+00	1.92e-16	0.00e+00
 3.87322e+17	1.00e+00	1.58e-16	0.00e+00
 3.88589e+17	1.00e+00	1.25e-16	0.00e+00
 3.90208e+17	1.00e+00	9.38e-17	0.00e+00
 3.92312e+17	1.00e+00	6.46e-17	0.00e+00
 3.95048e+17	1.00e+00	3.99e-17	0.00e+00
 3.98604e+17	1.00e+00	2.16e-17	0.00e+00
 4.03227e+17	1.00e+00	9.87e-18	0.00e+00
 4.09237e+17	1.00e+00	3.68e-18	0.00e+00
 4.17050e+17	1.00e+00	1.13e-18	0.00e+00
 4.27206e+17	1.00e+00	3.12e-19	0.00e+00
 4.40410e+17	1.00e+00	7.96e-20	0.00e+00
 4.56831e+17	1.00e+00	1.75e-20	0.00e+00
 4.75104e+17	1.00e+00	3.32e-21	0.00e+00
