#depth	C	C+	C+2	C+3	C+4	C+5	C+6	C[1]	C[2]	C[3]	C+[1]	C+[2]	CO
 1.49634e+10	0.00e+00	1.32e-30	2.08e-20	4.78e-11	4.24e-01	5.76e-01	1.04e-04	0.00e+00	0.00e+00	0.00e+00	0.00e+00	0.00e+00	1.13e-267
 4.54887e+10	1.25e-41	1.75e-30	2.55e-20	5.41e-11	4.43e-01	5.57e-01	9.30e-05	0.00e+00	0.00e+00	0.00e+00	0.00e+00	0.00e+00	1.50e-138
 7.72350e+10	0.00e+00	2.32e-30	3.12e-20	6.12e-11	4.63e-01	5.37e-01	8.28e-05	0.00e+00	0.00e+00	0.00e+00	0.00e+00	0.00e+00	4.85e-203
 1.10251e+11	2.58e-41	3.08e-30	3.82e-20	6.92e-11	4.83e-01	5.17e-01	7.36e-05	0.00e+00	0.00e+00	0.00e+00	0.00e+00	0.00e+00	1.26e-137
 1.43612e+11	0.00e+00	4.03e-30	4.64e-20	7.78e-11	5.03e-01	4.97e-01	6.56e-05	0.00e+00	0.00e+00	0.00e+00	0.00e+00	0.00e+00	1.58e-202
 1.78308e+11	5.17e-41	5.29e-30	5.63e-20	8.74e-11	5.23e-01	4.77e-01	5.82e-05	0.00e+00	0.00e+00	0.00e+00	0.00e+00	0.00e+00	9.97e-137
 2.15367e+11	0.00e+00	6.97e-30	6.86e-20	9.83e-11	5.43e-01	4.57e-01	5.15e-05	0.00e+00	0.00e+00	0.00e+00	0.00e+00	0.00e+00	4.85e-202
 2.53909e+11	1.05e-40	9.18e-30	8.34e-20	1.10e-10	5.63e-01	4.37e-01	4.55e-05	0.00e+00	0.00e+00	0.00e+00	0.00e+00	0.00e+00	8.32e-136
 2.93992e+11	0.00e+00	1.21e-29	1.01e-19	1.24e-10	5.84e-01	4.16e-01	4.00e-05	0.00e+00	0.00e+00	0.00e+00	0.00e+00	0.00e+00	1.54e-201
 3.35678e+11	2.13e-40	1.58e-29	1.23e-19	1.39e-10	6.03e-01	3.97e-01	3.52e-05	0.00e+00	0.00e+00	0.00e+00	0.00e+00	0.00e+00	6.93e-135
 3.79032e+11	0.00e+00	2.08e-29	1.49e-19	1.55e-10	6.23e-01	3.77e-01	3.09e-05	0.00e+00	0.00e+00	0.00e+00	0.00e+00	0.00e+00	4.86e-201
 4.24120e+11	4.28e-40	2.72e-29	1.80e-19	1.73e-10	6.42e-01	3.58e-01	2.71e-05	0.00e+00	0.00e+00	0.00e+00	0.00e+00	0.00e+00	5.76e-134
 4.71012e+11	0.00e+00	3.56e-29	2.18e-19	1.93e-10	6.61e-01	3.39e-01	2.37e-05	0.00e+00	0.00e+00	0.00e+00	0.00e+00	0.00e+00	1.51e-200
 5.19779e+11	8.59e-40	4.66e-29	2.63e-19	2.15e-10	6.80e-01	3.20e-01	2.06e-05	0.00e+00	0.00e+00	0.00e+00	0.00e+00	0.00e+00	4.77e-133
 5.70497e+11	0.00e+00	6.08e-29	3.17e-19	2.40e-10	6.98e-01	3.02e-01	1.80e-05	0.00e+00	0.00e+00	0.00e+00	0.00e+00	0.00e+00	4.62e-200
 6.23244e+11	1.72e-39	7.93e-29	3.82e-19	2.66e-10	7.15e-01	2.85e-01	1.56e-05	0.00e+00	0.00e+00	0.00e+00	0.00e+00	0.00e+00	3.95e-132
 6.78100e+11	0.00e+00	1.03e-28	4.59e-19	2.96e-10	7.32e-01	2.68e-01	1.36e-05	0.00e+00	0.00e+00	0.00e+00	0.00e+00	0.00e+00	1.38e-199
 7.35151e+11	3.42e-39	1.35e-28	5.52e-19	3.28e-10	7.48e-01	2.52e-01	1.18e-05	0.00e+00	0.00e+00	0.00e+00	0.00e+00	0.00e+00	3.27e-131
 7.94484e+11	0.00e+00	1.75e-28	6.63e-19	3.63e-10	7.64e-01	2.36e-01	1.02e-05	0.00e+00	0.00e+00	0.00e+00	0.00e+00	0.00e+00	3.99e-199
 8.56190e+11	6.78e-39	2.27e-28	7.95e-19	4.02e-10	7.79e-01	2.21e-01	8.77e-06	0.00e+00	0.00e+00	0.00e+00	0.00e+00	0.00e+00	2.70e-130
 9.16977e+11	0.00e+00	2.91e-28	9.44e-19	4.42e-10	7.93e-01	2.07e-01	7.62e-06	0.00e+00	0.00e+00	0.00e+00	0.00e+00	0.00e+00	1.11e-198
 9.80196e+11	1.30e-38	3.73e-28	1.12e-18	4.85e-10	8.06e-01	1.94e-01	6.60e-06	0.00e+00	0.00e+00	0.00e+00	0.00e+00	0.00e+00	2.01e-129
 1.04933e+12	0.00e+00	4.84e-28	1.34e-18	5.36e-10	8.19e-01	1.81e-01	5.67e-06	0.00e+00	0.00e+00	0.00e+00	0.00e+00	0.00e+00	2.59e-198
 1.11879e+12	2.53e-38	6.23e-28	1.60e-18	5.89e-10	8.31e-01	1.69e-01	4.89e-06	0.00e+00	0.00e+00	0.00e+00	0.00e+00	0.00e+00	1.60e-128
 1.19104e+12	0.00e+00	8.00e-28	1.90e-18	6.46e-10	8.43e-01	1.57e-01	4.21e-06	0.00e+00	0.00e+00	0.00e+00	0.00e+00	0.00e+00	5.22e-198
 1.26861e+12	4.95e-38	1.04e-27	2.27e-18	7.12e-10	8.54e-01	1.46e-01	3.59e-06	0.00e+00	0.00e+00	0.00e+00	0.00e+00	0.00e+00	1.29e-127
 1.34928e+12	0.00e+00	1.34e-27	2.71e-18	7.83e-10	8.65e-01	1.35e-01	3.07e-06	0.00e+00	0.00e+00	0.00e+00	0.00e+00	0.00e+00	3.50e-198
 1.43317e+12	9.76e-38	1.74e-27	3.24e-18	8.61e-10	8.75e-01	1.25e-01	2.61e-06	0.00e+00	0.00e+00	0.00e+00	0.00e+00	0.00e+00	1.07e-126
 1.52043e+12	0.00e+00	2.25e-27	3.86e-18	9.47e-10	8.84e-01	1.16e-01	2.22e-06	0.00e+00	0.00e+00	0.00e+00	0.00e+00	0.00e+00	0.00e+00
 1.61117e+12	1.93e-37	2.92e-27	4.61e-18	1.04e-09	8.93e-01	1.07e-01	1.89e-06	0.00e+00	0.00e+00	0.00e+00	0.00e+00	0.00e+00	8.89e-126
 1.70555e+12	0.00e+00	3.77e-27	5.50e-18	1.14e-09	9.01e-01	9.87e-02	1.60e-06	0.00e+00	0.00e+00	0.00e+00	0.00e+00	0.00e+00	0.00e+00
 1.80369e+12	3.80e-37	4.88e-27	6.57e-18	1.25e-09	9.09e-01	9.09e-02	1.36e-06	0.00e+00	0.00e+00	0.00e+00	0.00e+00	0.00e+00	7.42e-125
 1.90577e+12	0.00e+00	6.32e-27	7.84e-18	1.38e-09	9.16e-01	8.37e-02	1.15e-06	0.00e+00	0.00e+00	0.00e+00	0.00e+00	0.00e+00	0.00e+00
 2.00069e+12	7.23e-37	7.96e-27	9.18e-18	1.50e-09	9.22e-01	7.76e-02	9.89e-07	0.00e+00	0.00e+00	0.00e+00	0.00e+00	0.00e+00	5.56e-124
 2.08390e+12	0.00e+00	9.68e-27	1.05e-17	1.60e-09	9.27e-01	7.28e-02	0.00e+00	0.00e+00	0.00e+00	0.00e+00	0.00e+00	0.00e+00	0.00e+00
 2.17663e+12	1.24e-36	1.20e-26	1.21e-17	1.73e-09	9.32e-01	6.79e-02	0.00e+00	0.00e+00	0.00e+00	0.00e+00	0.00e+00	0.00e+00	2.99e-123
 2.28859e+12	0.00e+00	1.53e-26	1.44e-17	1.89e-09	9.37e-01	6.25e-02	0.00e+00	0.00e+00	0.00e+00	0.00e+00	0.00e+00	0.00e+00	0.00e+00
 2.40171e+12	2.36e-36	1.95e-26	1.70e-17	2.06e-09	9.42e-01	5.77e-02	0.00e+00	0.00e+00	0.00e+00	0.00e+00	0.00e+00	0.00e+00	2.24e-122
 2.50556e+12	0.00e+00	2.42e-26	1.96e-17	2.22e-09	9.46e-01	5.37e-02	0.00e+00	0.00e+00	0.00e+00	0.00e+00	0.00e+00	0.00e+00	0.00e+00
 2.62120e+12	4.23e-36	3.04e-26	2.30e-17	2.41e-09	9.50e-01	4.96e-02	0.00e+00	0.00e+00	0.00e+00	0.00e+00	0.00e+00	0.00e+00	1.40e-121
 2.75526e+12	0.00e+00	3.93e-26	2.74e-17	2.64e-09	9.55e-01	4.54e-02	0.00e+00	0.00e+00	0.00e+00	0.00e+00	0.00e+00	0.00e+00	0.00e+00
 2.88682e+12	8.19e-36	5.02e-26	3.24e-17	2.88e-09	9.58e-01	4.18e-02	0.00e+00	0.00e+00	0.00e+00	0.00e+00	0.00e+00	0.00e+00	1.10e-120
 3.01184e+12	0.00e+00	6.29e-26	3.78e-17	3.12e-09	9.61e-01	3.86e-02	0.00e+00	0.00e+00	0.00e+00	0.00e+00	0.00e+00	0.00e+00	0.00e+00
 3.15044e+12	1.51e-35	7.98e-26	4.45e-17	3.40e-09	9.64e-01	3.56e-02	0.00e+00	0.00e+00	0.00e+00	0.00e+00	0.00e+00	0.00e+00	7.38e-120
 3.30639e+12	0.00e+00	1.03e-25	5.32e-17	3.73e-09	9.68e-01	3.25e-02	0.00e+00	0.00e+00	0.00e+00	0.00e+00	0.00e+00	0.00e+00	0.00e+00
 3.46400e+12	2.96e-35	1.33e-25	6.32e-17	4.08e-09	9.70e-01	2.97e-02	0.00e+00	0.00e+00	0.00e+00	0.00e+00	0.00e+00	0.00e+00	6.05e-119
 3.62791e+12	0.00e+00	1.72e-25	7.52e-17	4.46e-09	9.73e-01	2.72e-02	0.00e+00	0.00e+00	0.00e+00	0.00e+00	0.00e+00	0.00e+00	3.65e-101
 3.80296e+12	5.79e-35	2.22e-25	8.98e-17	4.89e-09	9.75e-01	2.48e-02	0.00e+00	0.00e+00	0.00e+00	0.00e+00	0.00e+00	0.00e+00	0.00e+00
 3.98500e+12	8.17e-35	2.88e-25	1.08e-16	5.37e-09	9.77e-01	2.26e-02	0.00e+00	0.00e+00	0.00e+00	0.00e+00	0.00e+00	0.00e+00	1.44e-117
 4.17433e+12	1.15e-34	3.73e-25	1.29e-16	5.89e-09	9.79e-01	2.06e-02	0.00e+00	0.00e+00	0.00e+00	0.00e+00	0.00e+00	0.00e+00	9.68e-99
 4.37123e+12	1.62e-34	4.85e-25	1.54e-16	6.47e-09	9.81e-01	1.88e-02	0.00e+00	0.00e+00	0.00e+00	0.00e+00	0.00e+00	0.00e+00	0.00e+00
 4.57600e+12	2.27e-34	6.29e-25	1.84e-16	7.10e-09	9.83e-01	1.71e-02	0.00e+00	0.00e+00	0.00e+00	0.00e+00	0.00e+00	0.00e+00	3.50e-116
 4.78897e+12	3.20e-34	8.16e-25	2.21e-16	7.80e-09	9.84e-01	1.56e-02	0.00e+00	0.00e+00	0.00e+00	0.00e+00	0.00e+00	0.00e+00	1.37e-97
 5.01046e+12	4.49e-34	1.06e-24	2.64e-16	8.56e-09	9.86e-01	1.42e-02	0.00e+00	0.00e+00	0.00e+00	0.00e+00	0.00e+00	0.00e+00	0.00e+00
 5.24080e+12	6.31e-34	1.37e-24	3.17e-16	9.40e-09	9.87e-01	1.29e-02	0.00e+00	0.00e+00	0.00e+00	0.00e+00	0.00e+00	0.00e+00	8.39e-115
 5.48036e+12	8.85e-34	1.77e-24	3.79e-16	1.03e-08	9.88e-01	1.17e-02	0.00e+00	0.00e+00	0.00e+00	0.00e+00	0.00e+00	0.00e+00	1.88e-96
 5.72950e+12	1.24e-33	2.30e-24	4.54e-16	1.13e-08	9.89e-01	1.07e-02	0.00e+00	0.00e+00	0.00e+00	0.00e+00	0.00e+00	0.00e+00	6.90e-114
 5.97900e+12	1.72e-33	2.95e-24	5.40e-16	1.24e-08	9.90e-01	9.76e-03	0.00e+00	0.00e+00	0.00e+00	0.00e+00	0.00e+00	0.00e+00	1.03e-95
 6.23848e+12	2.37e-33	3.78e-24	6.43e-16	1.36e-08	9.91e-01	8.91e-03	0.00e+00	0.00e+00	0.00e+00	0.00e+00	0.00e+00	0.00e+00	5.21e-113
 6.51795e+12	3.32e-33	4.88e-24	7.70e-16	1.50e-08	9.92e-01	8.10e-03	0.00e+00	0.00e+00	0.00e+00	0.00e+00	0.00e+00	0.00e+00	5.58e-95
 6.80859e+12	4.63e-33	6.31e-24	9.22e-16	1.64e-08	9.93e-01	7.37e-03	0.00e+00	0.00e+00	0.00e+00	0.00e+00	0.00e+00	0.00e+00	4.19e-112
 7.09669e+12	6.37e-33	8.06e-24	1.09e-15	1.80e-08	9.93e-01	6.73e-03	0.00e+00	0.00e+00	0.00e+00	0.00e+00	0.00e+00	0.00e+00	2.94e-94
 7.39632e+12	8.74e-33	1.03e-23	1.30e-15	1.97e-08	9.94e-01	6.15e-03	0.00e+00	0.00e+00	0.00e+00	0.00e+00	0.00e+00	0.00e+00	3.03e-111
 7.71454e+12	1.21e-32	1.32e-23	1.55e-15	2.16e-08	9.94e-01	5.61e-03	0.00e+00	0.00e+00	0.00e+00	0.00e+00	0.00e+00	0.00e+00	1.50e-93
 8.02903e+12	1.64e-32	1.67e-23	1.83e-15	2.36e-08	9.95e-01	5.13e-03	0.00e+00	0.00e+00	0.00e+00	0.00e+00	0.00e+00	0.00e+00	2.16e-110
 8.36365e+12	2.24e-32	2.12e-23	2.18e-15	2.58e-08	9.95e-01	4.69e-03	0.00e+00	0.00e+00	0.00e+00	0.00e+00	0.00e+00	0.00e+00	7.19e-93
 8.72813e+12	3.10e-32	2.73e-23	2.60e-15	2.84e-08	9.96e-01	4.26e-03	0.00e+00	0.00e+00	0.00e+00	0.00e+00	0.00e+00	0.00e+00	1.59e-109
 9.10718e+12	4.29e-32	3.51e-23	3.12e-15	3.13e-08	9.96e-01	3.88e-03	0.00e+00	0.00e+00	0.00e+00	0.00e+00	0.00e+00	0.00e+00	3.73e-92
 9.50139e+12	5.92e-32	4.51e-23	3.73e-15	3.44e-08	9.96e-01	3.53e-03	0.00e+00	0.00e+00	0.00e+00	0.00e+00	0.00e+00	0.00e+00	1.21e-108
 9.91137e+12	8.16e-32	5.78e-23	4.45e-15	3.78e-08	9.97e-01	3.21e-03	0.00e+00	0.00e+00	0.00e+00	0.00e+00	0.00e+00	0.00e+00	1.89e-91
 1.02839e+13	1.08e-31	7.18e-23	5.21e-15	4.11e-08	9.97e-01	2.95e-03	0.00e+00	0.00e+00	0.00e+00	0.00e+00	0.00e+00	0.00e+00	7.94e-108
 1.05967e+13	1.35e-31	8.55e-23	5.91e-15	4.40e-08	9.97e-01	2.76e-03	0.00e+00	0.00e+00	0.00e+00	0.00e+00	0.00e+00	0.00e+00	6.77e-91
 1.09401e+13	1.72e-31	1.03e-22	6.76e-15	4.73e-08	9.97e-01	2.57e-03	0.00e+00	0.00e+00	0.00e+00	0.00e+00	0.00e+00	0.00e+00	3.45e-107
 1.13718e+13	2.30e-31	1.29e-22	7.96e-15	5.16e-08	9.98e-01	2.36e-03	0.00e+00	0.00e+00	0.00e+00	0.00e+00	0.00e+00	0.00e+00	2.59e-90
 1.18190e+13	3.07e-31	1.62e-22	9.38e-15	5.64e-08	9.98e-01	2.16e-03	0.00e+00	0.00e+00	0.00e+00	0.00e+00	0.00e+00	0.00e+00	2.16e-106
 1.22155e+13	3.92e-31	1.96e-22	1.08e-14	6.07e-08	9.98e-01	2.00e-03	0.00e+00	0.00e+00	0.00e+00	0.00e+00	0.00e+00	0.00e+00	9.98e-90
 1.26454e+13	5.08e-31	2.40e-22	1.25e-14	6.57e-08	9.98e-01	1.85e-03	0.00e+00	0.00e+00	0.00e+00	0.00e+00	0.00e+00	0.00e+00	1.07e-105
 1.31611e+13	6.83e-31	3.02e-22	1.47e-14	7.19e-08	9.98e-01	1.69e-03	0.00e+00	0.00e+00	0.00e+00	0.00e+00	0.00e+00	0.00e+00	4.05e-89
 1.36755e+13	9.06e-31	3.77e-22	1.73e-14	7.85e-08	9.98e-01	1.55e-03	0.00e+00	0.00e+00	0.00e+00	0.00e+00	0.00e+00	0.00e+00	6.77e-105
 1.41448e+13	1.16e-30	4.58e-22	2.00e-14	8.47e-08	9.99e-01	1.44e-03	0.00e+00	0.00e+00	0.00e+00	0.00e+00	0.00e+00	0.00e+00	1.57e-88
 1.46682e+13	1.52e-30	5.64e-22	2.32e-14	9.19e-08	9.99e-01	1.33e-03	0.00e+00	0.00e+00	0.00e+00	0.00e+00	0.00e+00	0.00e+00	3.54e-104
 1.52783e+13	2.05e-30	7.12e-22	2.75e-14	1.01e-07	9.99e-01	1.21e-03	0.00e+00	0.00e+00	0.00e+00	0.00e+00	0.00e+00	0.00e+00	6.64e-88
 1.58838e+13	2.72e-30	8.89e-22	3.23e-14	1.10e-07	9.99e-01	1.11e-03	0.00e+00	0.00e+00	0.00e+00	0.00e+00	0.00e+00	0.00e+00	2.32e-103
 1.64658e+13	3.54e-30	1.09e-21	3.75e-14	1.19e-07	9.99e-01	1.03e-03	0.00e+00	0.00e+00	0.00e+00	0.00e+00	0.00e+00	0.00e+00	2.71e-87
 1.71067e+13	4.68e-30	1.36e-21	4.39e-14	1.30e-07	9.99e-01	9.45e-04	0.00e+00	0.00e+00	0.00e+00	0.00e+00	0.00e+00	0.00e+00	1.34e-102
 1.78209e+13	6.31e-30	1.71e-21	5.20e-14	1.42e-07	9.99e-01	8.64e-04	0.00e+00	0.00e+00	0.00e+00	0.00e+00	0.00e+00	0.00e+00	1.21e-86
 1.85637e+13	8.50e-30	2.16e-21	6.15e-14	1.55e-07	9.99e-01	7.90e-04	0.00e+00	0.00e+00	0.00e+00	0.00e+00	0.00e+00	0.00e+00	9.32e-102
 1.93361e+13	1.15e-29	2.72e-21	7.26e-14	1.70e-07	9.99e-01	7.23e-04	0.00e+00	0.00e+00	0.00e+00	0.00e+00	0.00e+00	0.00e+00	5.71e-86
 2.01181e+13	1.53e-29	3.41e-21	8.54e-14	1.85e-07	9.99e-01	6.63e-04	0.00e+00	0.00e+00	0.00e+00	0.00e+00	0.00e+00	0.00e+00	6.34e-101
 2.09314e+13	2.05e-29	4.27e-21	1.00e-13	2.02e-07	9.99e-01	6.09e-04	0.00e+00	0.00e+00	0.00e+00	0.00e+00	0.00e+00	0.00e+00	2.62e-85
 2.17986e+13	2.76e-29	5.38e-21	1.18e-13	2.20e-07	9.99e-01	5.58e-04	0.00e+00	0.00e+00	0.00e+00	0.00e+00	0.00e+00	0.00e+00	4.33e-100
 2.27005e+13	3.71e-29	6.78e-21	1.39e-13	2.40e-07	9.99e-01	5.12e-04	0.00e+00	0.00e+00	0.00e+00	0.00e+00	0.00e+00	0.00e+00	1.27e-84
 2.36384e+13	5.00e-29	8.53e-21	1.64e-13	2.62e-07	1.00e+00	4.70e-04	0.00e+00	0.00e+00	0.00e+00	0.00e+00	0.00e+00	0.00e+00	3.05e-99
 2.46139e+13	6.75e-29	1.07e-20	1.93e-13	2.86e-07	1.00e+00	4.31e-04	0.00e+00	0.00e+00	0.00e+00	0.00e+00	0.00e+00	0.00e+00	6.19e-84
 2.56284e+13	9.10e-29	1.35e-20	2.27e-13	3.11e-07	1.00e+00	3.96e-04	0.00e+00	0.00e+00	0.00e+00	0.00e+00	0.00e+00	0.00e+00	2.17e-98
 2.66834e+13	1.23e-28	1.70e-20	2.67e-13	3.39e-07	1.00e+00	3.64e-04	0.00e+00	0.00e+00	0.00e+00	0.00e+00	0.00e+00	0.00e+00	3.06e-83
 2.77807e+13	1.66e-28	2.14e-20	3.14e-13	3.69e-07	1.00e+00	3.34e-04	0.00e+00	0.00e+00	0.00e+00	0.00e+00	0.00e+00	0.00e+00	1.55e-97
 2.88287e+13	2.18e-28	2.65e-20	3.64e-13	3.99e-07	1.00e+00	3.09e-04	0.00e+00	0.00e+00	0.00e+00	0.00e+00	0.00e+00	0.00e+00	1.43e-82
 2.97957e+13	2.79e-28	3.20e-20	4.16e-13	4.27e-07	1.00e+00	2.89e-04	0.00e+00	0.00e+00	0.00e+00	0.00e+00	0.00e+00	0.00e+00	8.59e-97
 3.08946e+13	3.66e-28	3.94e-20	4.80e-13	4.61e-07	1.00e+00	2.68e-04	0.00e+00	0.00e+00	0.00e+00	0.00e+00	0.00e+00	0.00e+00	5.76e-82
 3.21603e+13	4.95e-28	4.96e-20	5.64e-13	5.01e-07	1.00e+00	2.46e-04	0.00e+00	0.00e+00	0.00e+00	0.00e+00	0.00e+00	0.00e+00	5.62e-96
 3.34217e+13	6.61e-28	6.19e-20	6.58e-13	5.43e-07	1.00e+00	2.27e-04	0.00e+00	0.00e+00	0.00e+00	0.00e+00	0.00e+00	0.00e+00	2.83e-81
 3.47335e+13	8.84e-28	7.73e-20	7.67e-13	5.88e-07	1.00e+00	2.10e-04	0.00e+00	0.00e+00	0.00e+00	0.00e+00	0.00e+00	0.00e+00	3.77e-95
 3.61528e+13	1.20e-27	9.73e-20	9.00e-13	6.39e-07	1.00e+00	1.93e-04	0.00e+00	0.00e+00	0.00e+00	0.00e+00	0.00e+00	0.00e+00	1.41e-80
 3.76288e+13	1.62e-27	1.23e-19	1.06e-12	6.94e-07	1.00e+00	1.78e-04	0.00e+00	0.00e+00	0.00e+00	0.00e+00	0.00e+00	0.00e+00	2.74e-94
 3.91639e+13	2.19e-27	1.54e-19	1.24e-12	7.53e-07	1.00e+00	1.64e-04	0.00e+00	0.00e+00	0.00e+00	0.00e+00	0.00e+00	0.00e+00	7.26e-80
 4.07604e+13	2.97e-27	1.95e-19	1.45e-12	8.18e-07	1.00e+00	1.51e-04	0.00e+00	0.00e+00	0.00e+00	0.00e+00	0.00e+00	0.00e+00	2.01e-93
 4.24207e+13	4.02e-27	2.45e-19	1.70e-12	8.88e-07	1.00e+00	1.39e-04	0.00e+00	0.00e+00	0.00e+00	0.00e+00	0.00e+00	0.00e+00	3.77e-79
 4.41475e+13	5.45e-27	3.09e-19	2.00e-12	9.63e-07	1.00e+00	1.28e-04	0.00e+00	0.00e+00	0.00e+00	0.00e+00	0.00e+00	0.00e+00	1.47e-92
 4.57708e+13	7.18e-27	3.81e-19	2.30e-12	1.04e-06	1.00e+00	1.19e-04	0.00e+00	0.00e+00	0.00e+00	0.00e+00	0.00e+00	0.00e+00	1.83e-78
 4.72203e+13	9.11e-27	4.57e-19	2.61e-12	1.11e-06	1.00e+00	1.12e-04	0.00e+00	0.00e+00	0.00e+00	0.00e+00	0.00e+00	0.00e+00	7.96e-92
 4.88452e+13	1.18e-26	5.56e-19	2.98e-12	1.18e-06	1.00e+00	1.04e-04	0.00e+00	0.00e+00	0.00e+00	0.00e+00	0.00e+00	0.00e+00	7.07e-78
 5.07739e+13	1.59e-26	6.96e-19	3.48e-12	1.28e-06	1.00e+00	9.64e-05	0.00e+00	0.00e+00	0.00e+00	0.00e+00	0.00e+00	0.00e+00	1.59e-77
 5.26975e+13	2.11e-26	8.65e-19	4.03e-12	1.38e-06	1.00e+00	8.94e-05	0.00e+00	0.00e+00	0.00e+00	0.00e+00	0.00e+00	0.00e+00	3.46e-77
 5.44853e+13	2.73e-26	1.05e-18	4.60e-12	1.48e-06	1.00e+00	8.35e-05	0.00e+00	0.00e+00	0.00e+00	0.00e+00	0.00e+00	0.00e+00	6.99e-77
 5.64817e+13	3.60e-26	1.30e-18	5.31e-12	1.59e-06	1.00e+00	7.76e-05	0.00e+00	0.00e+00	0.00e+00	0.00e+00	0.00e+00	0.00e+00	1.49e-76
 5.87709e+13	4.90e-26	1.63e-18	6.22e-12	1.72e-06	1.00e+00	7.16e-05	0.00e+00	0.00e+00	0.00e+00	0.00e+00	0.00e+00	0.00e+00	3.44e-76
 6.10155e+13	6.55e-26	2.04e-18	7.22e-12	1.86e-06	1.00e+00	6.64e-05	0.00e+00	0.00e+00	0.00e+00	0.00e+00	0.00e+00	0.00e+00	7.62e-76
 6.33499e+13	8.76e-26	2.54e-18	8.38e-12	2.01e-06	1.00e+00	6.15e-05	0.00e+00	0.00e+00	0.00e+00	0.00e+00	0.00e+00	0.00e+00	1.69e-75
 6.59139e+13	1.19e-25	3.20e-18	9.81e-12	2.17e-06	1.00e+00	5.68e-05	0.00e+00	0.00e+00	0.00e+00	0.00e+00	0.00e+00	0.00e+00	3.93e-75
 6.84898e+13	1.61e-25	4.01e-18	1.14e-11	2.35e-06	1.00e+00	5.26e-05	0.00e+00	0.00e+00	0.00e+00	0.00e+00	0.00e+00	0.00e+00	8.90e-75
 7.11688e+13	2.17e-25	5.02e-18	1.33e-11	2.53e-06	1.00e+00	4.87e-05	0.00e+00	0.00e+00	0.00e+00	0.00e+00	0.00e+00	0.00e+00	2.02e-74
 7.40454e+13	2.95e-25	6.34e-18	1.56e-11	2.74e-06	1.00e+00	4.50e-05	0.00e+00	0.00e+00	0.00e+00	0.00e+00	0.00e+00	0.00e+00	4.72e-74
 7.70372e+13	4.03e-25	8.01e-18	1.82e-11	2.97e-06	1.00e+00	4.15e-05	0.00e+00	0.00e+00	0.00e+00	0.00e+00	0.00e+00	0.00e+00	1.11e-73
 8.01486e+13	5.49e-25	1.01e-17	2.13e-11	3.21e-06	1.00e+00	3.84e-05	0.00e+00	0.00e+00	0.00e+00	0.00e+00	0.00e+00	0.00e+00	2.59e-73
 8.33845e+13	7.50e-25	1.28e-17	2.49e-11	3.48e-06	1.00e+00	3.55e-05	0.00e+00	0.00e+00	0.00e+00	0.00e+00	0.00e+00	0.00e+00	6.10e-73
 8.67498e+13	1.02e-24	1.62e-17	2.91e-11	3.76e-06	1.00e+00	3.28e-05	0.00e+00	0.00e+00	0.00e+00	0.00e+00	0.00e+00	0.00e+00	1.45e-72
 9.02497e+13	1.40e-24	2.05e-17	3.41e-11	4.07e-06	1.00e+00	3.03e-05	0.00e+00	0.00e+00	0.00e+00	0.00e+00	0.00e+00	0.00e+00	3.39e-72
 9.37073e+13	1.89e-24	2.56e-17	3.96e-11	4.39e-06	1.00e+00	2.81e-05	0.00e+00	0.00e+00	0.00e+00	0.00e+00	0.00e+00	0.00e+00	7.68e-72
 9.73032e+13	2.54e-24	3.20e-17	4.60e-11	4.73e-06	1.00e+00	2.61e-05	0.00e+00	0.00e+00	0.00e+00	0.00e+00	0.00e+00	0.00e+00	1.74e-71
 1.01225e+14	3.48e-24	4.05e-17	5.38e-11	5.11e-06	1.00e+00	2.41e-05	0.00e+00	0.00e+00	0.00e+00	0.00e+00	0.00e+00	0.00e+00	4.13e-71
 1.05183e+14	4.72e-24	5.09e-17	6.27e-11	5.52e-06	1.00e+00	2.23e-05	0.00e+00	0.00e+00	0.00e+00	0.00e+00	1.64e-17	3.45e-17	9.54e-71
 1.09300e+14	6.41e-24	6.40e-17	7.30e-11	5.96e-06	1.00e+00	2.07e-05	0.00e+00	0.00e+00	0.00e+00	0.00e+00	2.13e-17	4.28e-17	2.21e-70
 1.13702e+14	8.78e-24	8.10e-17	8.55e-11	6.45e-06	1.00e+00	1.91e-05	0.00e+00	0.00e+00	0.00e+00	0.00e+00	2.69e-17	5.41e-17	5.25e-70
 1.18189e+14	1.19e-23	1.02e-16	9.97e-11	6.96e-06	1.00e+00	1.77e-05	0.00e+00	0.00e+00	0.00e+00	0.00e+00	3.39e-17	6.82e-17	1.23e-69
 1.22855e+14	1.63e-23	1.29e-16	1.16e-10	7.52e-06	1.00e+00	1.64e-05	0.00e+00	0.00e+00	0.00e+00	0.00e+00	4.28e-17	8.60e-17	2.87e-69
 1.27455e+14	2.18e-23	1.60e-16	1.35e-10	8.09e-06	1.00e+00	1.53e-05	0.00e+00	0.00e+00	0.00e+00	0.00e+00	5.33e-17	1.07e-16	6.42e-69
 1.31740e+14	2.84e-23	1.96e-16	1.54e-10	8.64e-06	1.00e+00	1.43e-05	0.00e+00	0.00e+00	0.00e+00	0.00e+00	6.49e-17	1.31e-16	1.33e-68
 1.36541e+14	3.78e-23	2.42e-16	1.77e-10	9.28e-06	1.00e+00	1.33e-05	0.00e+00	0.00e+00	0.00e+00	0.00e+00	8.05e-17	1.62e-16	2.91e-68
 1.42033e+14	5.18e-23	3.07e-16	2.07e-10	1.00e-05	1.00e+00	1.23e-05	0.00e+00	0.00e+00	0.00e+00	0.00e+00	1.02e-16	2.05e-16	6.91e-68
 1.47494e+14	7.00e-23	3.84e-16	2.41e-10	1.08e-05	1.00e+00	1.14e-05	0.00e+00	0.00e+00	0.00e+00	0.00e+00	1.28e-16	2.57e-16	1.58e-67
 1.53173e+14	9.46e-23	4.82e-16	2.80e-10	1.17e-05	1.00e+00	1.06e-05	0.00e+00	0.00e+00	0.00e+00	0.00e+00	1.60e-16	3.22e-16	3.61e-67
 1.58808e+14	1.26e-22	5.97e-16	3.24e-10	1.25e-05	1.00e+00	9.86e-06	0.00e+00	0.00e+00	0.00e+00	0.00e+00	1.98e-16	3.99e-16	7.95e-67
 1.63820e+14	1.61e-22	7.19e-16	3.66e-10	1.33e-05	1.00e+00	9.27e-06	0.00e+00	0.00e+00	0.00e+00	0.00e+00	2.39e-16	4.80e-16	1.57e-66
 1.69327e+14	2.10e-22	8.75e-16	4.18e-10	1.42e-05	1.00e+00	8.67e-06	0.00e+00	0.00e+00	0.00e+00	0.00e+00	2.91e-16	5.85e-16	3.22e-66
 1.75903e+14	2.83e-22	1.10e-15	4.86e-10	1.54e-05	1.00e+00	8.04e-06	0.00e+00	0.00e+00	0.00e+00	0.00e+00	3.64e-16	7.33e-16	7.37e-66
 1.82419e+14	3.78e-22	1.36e-15	5.62e-10	1.65e-05	1.00e+00	7.47e-06	0.00e+00	0.00e+00	0.00e+00	0.00e+00	4.52e-16	9.10e-16	1.62e-65
 1.88329e+14	4.86e-22	1.65e-15	6.38e-10	1.76e-05	1.00e+00	7.01e-06	0.00e+00	0.00e+00	0.00e+00	0.00e+00	5.47e-16	1.10e-15	3.24e-65
 1.94903e+14	6.36e-22	2.02e-15	7.32e-10	1.89e-05	1.00e+00	6.54e-06	0.00e+00	0.00e+00	0.00e+00	0.00e+00	6.70e-16	1.35e-15	6.77e-65
 2.02606e+14	8.64e-22	2.54e-15	8.54e-10	2.04e-05	1.00e+00	6.05e-06	0.00e+00	0.00e+00	0.00e+00	0.00e+00	8.43e-16	1.70e-15	1.57e-64
 2.10185e+14	1.15e-21	3.15e-15	9.89e-10	2.20e-05	1.00e+00	5.61e-06	0.00e+00	0.00e+00	0.00e+00	0.00e+00	1.05e-15	2.11e-15	3.45e-64
 2.17255e+14	1.49e-21	3.83e-15	1.13e-09	2.35e-05	1.00e+00	5.25e-06	0.00e+00	0.00e+00	0.00e+00	0.00e+00	1.27e-15	2.56e-15	7.00e-64
 2.25162e+14	1.97e-21	4.74e-15	1.30e-09	2.53e-05	1.00e+00	4.88e-06	0.00e+00	0.00e+00	0.00e+00	0.00e+00	1.57e-15	3.16e-15	1.50e-63
 2.34199e+14	2.68e-21	5.97e-15	1.53e-09	2.74e-05	1.00e+00	4.50e-06	0.00e+00	0.00e+00	0.00e+00	0.00e+00	1.98e-15	3.99e-15	3.46e-63
 2.43119e+14	3.58e-21	7.44e-15	1.77e-09	2.96e-05	1.00e+00	4.17e-06	0.00e+00	0.00e+00	0.00e+00	0.00e+00	2.47e-15	4.97e-15	7.65e-63
 2.52396e+14	4.77e-21	9.26e-15	2.06e-09	3.20e-05	1.00e+00	3.86e-06	0.00e+00	0.00e+00	0.00e+00	0.00e+00	3.07e-15	6.18e-15	1.68e-62
 2.62522e+14	6.47e-21	1.17e-14	2.41e-09	3.47e-05	1.00e+00	3.56e-06	0.00e+00	0.00e+00	0.00e+00	0.00e+00	3.87e-15	7.79e-15	3.85e-62
 2.72803e+14	8.68e-21	1.46e-14	2.82e-09	3.76e-05	1.00e+00	3.29e-06	0.00e+00	0.00e+00	0.00e+00	0.00e+00	4.84e-15	9.75e-15	8.59e-62
 2.83495e+14	1.16e-20	1.82e-14	3.29e-09	4.07e-05	1.00e+00	3.03e-06	0.00e+00	0.00e+00	0.00e+00	0.00e+00	6.05e-15	1.22e-14	1.90e-61
 2.94865e+14	1.57e-20	2.29e-14	3.85e-09	4.42e-05	1.00e+00	2.79e-06	0.00e+00	0.00e+00	0.00e+00	0.00e+00	7.60e-15	1.53e-14	4.29e-61
 3.06689e+14	2.11e-20	2.88e-14	4.52e-09	4.81e-05	1.00e+00	2.57e-06	0.00e+00	0.00e+00	0.00e+00	0.00e+00	9.55e-15	1.92e-14	9.62e-61
 3.18987e+14	2.83e-20	3.61e-14	5.29e-09	5.22e-05	1.00e+00	2.37e-06	0.00e+00	0.00e+00	0.00e+00	0.00e+00	1.20e-14	2.41e-14	2.15e-60
 3.31776e+14	3.80e-20	4.52e-14	6.21e-09	5.68e-05	1.00e+00	2.21e-06	0.00e+00	0.00e+00	0.00e+00	0.00e+00	1.50e-14	3.02e-14	4.76e-60
 3.44284e+14	5.00e-20	5.59e-14	7.21e-09	6.15e-05	1.00e+00	2.06e-06	0.00e+00	0.00e+00	0.00e+00	0.00e+00	1.86e-14	3.74e-14	1.01e-59
 3.56227e+14	6.43e-20	6.80e-14	8.27e-09	6.61e-05	1.00e+00	1.93e-06	0.00e+00	0.00e+00	0.00e+00	0.00e+00	2.25e-14	4.54e-14	2.00e-59
 3.69441e+14	8.39e-20	8.36e-14	9.59e-09	7.16e-05	1.00e+00	1.81e-06	0.00e+00	0.00e+00	0.00e+00	0.00e+00	2.77e-14	5.59e-14	4.10e-59
 3.82872e+14	1.09e-19	1.02e-13	1.11e-08	7.74e-05	1.00e+00	1.69e-06	0.00e+00	0.00e+00	0.00e+00	0.00e+00	3.40e-14	6.85e-14	8.41e-59
 3.94522e+14	1.36e-19	1.21e-13	1.25e-08	8.26e-05	1.00e+00	1.60e-06	0.00e+00	0.00e+00	0.00e+00	0.00e+00	4.03e-14	8.12e-14	1.52e-58
 4.07121e+14	1.70e-19	1.45e-13	1.42e-08	8.85e-05	1.00e+00	1.52e-06	0.00e+00	0.00e+00	0.00e+00	0.00e+00	4.80e-14	9.69e-14	2.81e-58
 4.22542e+14	2.22e-19	1.79e-13	1.65e-08	9.60e-05	1.00e+00	1.42e-06	0.00e+00	0.00e+00	0.00e+00	0.00e+00	5.92e-14	1.19e-13	5.82e-58
 4.38258e+14	2.88e-19	2.19e-13	1.92e-08	1.04e-04	1.00e+00	1.33e-06	0.00e+00	0.00e+00	0.00e+00	0.00e+00	7.26e-14	1.46e-13	1.18e-57
 4.52566e+14	3.62e-19	2.62e-13	2.18e-08	1.12e-04	1.00e+00	1.26e-06	0.00e+00	0.00e+00	0.00e+00	0.00e+00	8.69e-14	1.75e-13	2.22e-57
 4.68419e+14	4.59e-19	3.17e-13	2.51e-08	1.21e-04	1.00e+00	1.19e-06	0.00e+00	0.00e+00	0.00e+00	0.00e+00	1.05e-13	2.12e-13	4.26e-57
 4.86942e+14	6.03e-19	3.93e-13	2.94e-08	1.32e-04	1.00e+00	1.11e-06	0.00e+00	0.00e+00	0.00e+00	0.00e+00	1.30e-13	2.63e-13	9.00e-57
 5.04417e+14	7.75e-19	4.79e-13	3.39e-08	1.42e-04	1.00e+00	1.05e-06	0.00e+00	0.00e+00	0.00e+00	0.00e+00	1.59e-13	3.20e-13	1.80e-56
 5.19650e+14	9.53e-19	5.64e-13	3.82e-08	1.52e-04	1.00e+00	1.01e-06	0.00e+00	0.00e+00	0.00e+00	0.00e+00	1.87e-13	3.77e-13	3.18e-56
 5.36487e+14	1.19e-18	6.72e-13	4.35e-08	1.63e-04	1.00e+00	9.61e-07	0.00e+00	0.00e+00	0.00e+00	0.00e+00	2.22e-13	4.49e-13	5.86e-56
 5.56939e+14	1.54e-18	8.26e-13	5.06e-08	1.78e-04	1.00e+00	0.00e+00	0.00e+00	0.00e+00	0.00e+00	0.00e+00	2.73e-13	5.52e-13	1.21e-55
 5.77482e+14	1.98e-18	1.01e-12	5.86e-08	1.93e-04	1.00e+00	0.00e+00	0.00e+00	0.00e+00	0.00e+00	0.00e+00	3.34e-13	6.74e-13	2.42e-55
 5.95903e+14	2.45e-18	1.20e-12	6.65e-08	2.07e-04	1.00e+00	0.00e+00	0.00e+00	0.00e+00	0.00e+00	0.00e+00	3.96e-13	7.99e-13	4.40e-55
 6.16173e+14	3.07e-18	1.43e-12	7.60e-08	2.23e-04	1.00e+00	0.00e+00	0.00e+00	0.00e+00	0.00e+00	0.00e+00	4.75e-13	9.59e-13	8.34e-55
 6.40197e+14	4.00e-18	1.77e-12	8.87e-08	2.43e-04	1.00e+00	0.00e+00	0.00e+00	0.00e+00	0.00e+00	0.00e+00	5.86e-13	1.18e-12	1.75e-54
 6.63885e+14	5.12e-18	2.16e-12	1.03e-07	2.64e-04	1.00e+00	0.00e+00	0.00e+00	0.00e+00	0.00e+00	0.00e+00	7.14e-13	1.44e-12	3.52e-54
 6.85513e+14	6.36e-18	2.56e-12	1.17e-07	2.83e-04	1.00e+00	0.00e+00	0.00e+00	0.00e+00	0.00e+00	0.00e+00	8.49e-13	1.72e-12	6.51e-54
 7.09683e+14	8.04e-18	3.10e-12	1.34e-07	3.06e-04	1.00e+00	0.00e+00	0.00e+00	0.00e+00	0.00e+00	0.00e+00	1.02e-12	2.07e-12	1.27e-53
 7.37825e+14	1.05e-17	3.82e-12	1.57e-07	3.34e-04	1.00e+00	0.00e+00	0.00e+00	0.00e+00	0.00e+00	0.00e+00	1.26e-12	2.56e-12	2.70e-53
 7.65432e+14	1.34e-17	4.66e-12	1.81e-07	3.63e-04	1.00e+00	0.00e+00	0.00e+00	0.00e+00	0.00e+00	0.00e+00	1.54e-12	3.12e-12	5.50e-53
 7.91432e+14	1.67e-17	5.58e-12	2.07e-07	3.91e-04	1.00e+00	0.00e+00	0.00e+00	0.00e+00	0.00e+00	0.00e+00	1.85e-12	3.74e-12	1.05e-52
 8.20408e+14	2.13e-17	6.79e-12	2.39e-07	4.24e-04	1.00e+00	0.00e+00	0.00e+00	0.00e+00	0.00e+00	0.00e+00	2.24e-12	4.54e-12	2.12e-52
 8.53255e+14	2.78e-17	8.40e-12	2.79e-07	4.63e-04	1.00e+00	0.00e+00	0.00e+00	0.00e+00	0.00e+00	0.00e+00	2.78e-12	5.62e-12	4.59e-52
 8.86020e+14	3.58e-17	1.03e-11	3.25e-07	5.04e-04	9.99e-01	0.00e+00	0.00e+00	0.00e+00	0.00e+00	0.00e+00	3.41e-12	6.90e-12	9.64e-52
 9.20095e+14	4.62e-17	1.26e-11	3.77e-07	5.48e-04	9.99e-01	0.00e+00	0.00e+00	3.93e-18	1.18e-17	1.97e-17	4.18e-12	8.46e-12	2.04e-51
 9.56929e+14	6.02e-17	1.57e-11	4.41e-07	5.99e-04	9.99e-01	0.00e+00	0.00e+00	5.13e-18	1.54e-17	2.57e-17	5.18e-12	1.05e-11	4.46e-51
 9.95236e+14	7.84e-17	1.94e-11	5.16e-07	6.54e-04	9.99e-01	0.00e+00	0.00e+00	6.70e-18	2.01e-17	3.36e-17	6.41e-12	1.30e-11	9.82e-51
 1.03508e+15	1.02e-16	2.40e-11	6.04e-07	7.15e-04	9.99e-01	0.00e+00	0.00e+00	8.75e-18	2.63e-17	4.38e-17	7.95e-12	1.61e-11	2.17e-50
 1.07651e+15	1.33e-16	2.98e-11	7.06e-07	7.81e-04	9.99e-01	0.00e+00	0.00e+00	1.14e-17	3.43e-17	5.73e-17	9.85e-12	2.00e-11	4.83e-50
 1.11960e+15	1.74e-16	3.70e-11	8.25e-07	8.53e-04	9.99e-01	0.00e+00	0.00e+00	1.49e-17	4.48e-17	7.48e-17	1.22e-11	2.47e-11	1.08e-49
 1.16441e+15	2.27e-16	4.58e-11	9.65e-07	9.31e-04	9.99e-01	0.00e+00	0.00e+00	1.95e-17	5.86e-17	9.78e-17	1.52e-11	3.07e-11	2.43e-49
 1.20432e+15	2.86e-16	5.52e-11	1.10e-06	1.00e-03	9.99e-01	0.00e+00	0.00e+00	2.46e-17	7.39e-17	1.23e-16	1.82e-11	3.70e-11	4.92e-49
 1.23683e+15	3.43e-16	6.39e-11	1.23e-06	1.06e-03	9.99e-01	0.00e+00	0.00e+00	2.95e-17	8.86e-17	1.48e-16	2.11e-11	4.28e-11	8.56e-49
 1.27236e+15	4.16e-16	7.47e-11	1.37e-06	1.13e-03	9.99e-01	0.00e+00	0.00e+00	3.59e-17	1.08e-16	1.80e-16	2.47e-11	5.00e-11	1.55e-48
 1.31830e+15	5.31e-16	9.09e-11	1.58e-06	1.23e-03	9.99e-01	0.00e+00	0.00e+00	4.58e-17	1.37e-16	2.29e-16	3.00e-11	6.08e-11	3.29e-48
 1.36742e+15	6.83e-16	1.11e-10	1.83e-06	1.33e-03	9.99e-01	0.00e+00	0.00e+00	5.89e-17	1.77e-16	2.95e-16	3.68e-11	7.45e-11	7.17e-48
 1.41139e+15	8.50e-16	1.33e-10	2.07e-06	1.43e-03	9.99e-01	0.00e+00	0.00e+00	7.35e-17	2.21e-16	3.68e-16	4.39e-11	8.89e-11	1.41e-47
 1.45903e+15	1.06e-15	1.60e-10	2.36e-06	1.53e-03	9.98e-01	0.00e+00	0.00e+00	9.20e-17	2.76e-16	4.61e-16	5.28e-11	1.07e-10	2.88e-47
 1.51274e+15	1.36e-15	1.96e-10	2.73e-06	1.66e-03	9.98e-01	0.00e+00	0.00e+00	1.18e-16	3.53e-16	5.90e-16	6.46e-11	1.31e-10	6.26e-47
 1.56378e+15	1.72e-15	2.36e-10	3.11e-06	1.79e-03	9.98e-01	0.00e+00	0.00e+00	1.49e-16	4.46e-16	7.45e-16	7.79e-11	1.58e-10	1.29e-46
 1.61961e+15	2.18e-15	2.87e-10	3.57e-06	1.93e-03	9.98e-01	0.00e+00	0.00e+00	1.89e-16	5.68e-16	9.49e-16	9.48e-11	1.92e-10	2.76e-46
 1.68129e+15	2.83e-15	3.54e-10	4.15e-06	2.09e-03	9.98e-01	0.00e+00	0.00e+00	2.46e-16	7.39e-16	1.23e-15	1.17e-10	2.37e-10	6.25e-46
 1.73838e+15	3.57e-15	4.27e-10	4.73e-06	2.25e-03	9.98e-01	0.00e+00	0.00e+00	3.10e-16	9.32e-16	1.56e-15	1.41e-10	2.86e-10	1.30e-45
 1.80036e+15	4.57e-15	5.21e-10	5.44e-06	2.43e-03	9.98e-01	0.00e+00	0.00e+00	3.97e-16	1.19e-15	1.99e-15	1.72e-10	3.48e-10	2.80e-45
 1.86987e+15	5.93e-15	6.44e-10	6.32e-06	2.64e-03	9.97e-01	0.00e+00	0.00e+00	5.17e-16	1.55e-15	2.59e-15	2.13e-10	4.31e-10	6.44e-45
 1.93567e+15	7.58e-15	7.85e-10	7.24e-06	2.85e-03	9.97e-01	0.00e+00	0.00e+00	6.60e-16	1.98e-15	3.31e-15	2.59e-10	5.25e-10	1.38e-44
 2.00634e+15	9.76e-15	9.63e-10	8.35e-06	3.08e-03	9.97e-01	0.00e+00	0.00e+00	8.52e-16	2.56e-15	4.27e-15	3.18e-10	6.44e-10	3.09e-44
 2.08482e+15	1.28e-14	1.20e-09	9.72e-06	3.34e-03	9.97e-01	0.00e+00	0.00e+00	1.11e-15	3.34e-15	5.58e-15	3.96e-10	8.02e-10	7.15e-44
 2.16041e+15	1.64e-14	1.47e-09	1.12e-05	3.61e-03	9.96e-01	0.00e+00	0.00e+00	1.44e-15	4.31e-15	7.19e-15	4.86e-10	9.83e-10	1.57e-43
 2.24083e+15	2.13e-14	1.81e-09	1.30e-05	3.90e-03	9.96e-01	0.00e+00	0.00e+00	1.86e-15	5.58e-15	9.31e-15	5.99e-10	1.21e-09	3.50e-43
 2.33049e+15	2.80e-14	2.27e-09	1.51e-05	4.25e-03	9.96e-01	0.00e+00	0.00e+00	2.46e-15	7.37e-15	1.23e-14	7.51e-10	1.52e-09	8.30e-43
 2.42000e+15	3.66e-14	2.82e-09	1.76e-05	4.60e-03	9.95e-01	0.00e+00	0.00e+00	3.21e-15	9.64e-15	1.61e-14	9.33e-10	1.89e-09	1.90e-42
 2.51310e+15	4.78e-14	3.51e-09	2.04e-05	4.99e-03	9.95e-01	0.00e+00	0.00e+00	4.19e-15	1.26e-14	2.10e-14	1.16e-09	2.35e-09	4.33e-42
 2.61365e+15	6.31e-14	4.40e-09	2.39e-05	5.43e-03	9.95e-01	0.00e+00	0.00e+00	5.54e-15	1.66e-14	2.77e-14	1.45e-09	2.94e-09	1.02e-41
 2.71823e+15	8.33e-14	5.52e-09	2.79e-05	5.90e-03	9.94e-01	0.00e+00	0.00e+00	7.32e-15	2.20e-14	3.66e-14	1.83e-09	3.69e-09	2.38e-41
 2.82699e+15	1.10e-13	6.92e-09	3.26e-05	6.41e-03	9.94e-01	0.00e+00	0.00e+00	9.68e-15	2.90e-14	4.85e-14	2.29e-09	4.63e-09	5.55e-41
 2.94010e+15	1.45e-13	8.68e-09	3.81e-05	6.96e-03	9.93e-01	0.00e+00	0.00e+00	1.28e-14	3.84e-14	6.40e-14	2.87e-09	5.81e-09	1.29e-40
 3.05773e+15	1.92e-13	1.09e-08	4.45e-05	7.57e-03	9.92e-01	0.00e+00	0.00e+00	1.69e-14	5.07e-14	8.46e-14	3.61e-09	7.30e-09	2.94e-40
 3.16163e+15	2.43e-13	1.32e-08	5.09e-05	8.12e-03	9.92e-01	0.00e+00	0.00e+00	2.14e-14	6.41e-14	1.07e-13	4.39e-09	8.86e-09	5.94e-40
 3.24476e+15	2.90e-13	1.54e-08	5.64e-05	8.59e-03	9.91e-01	0.00e+00	0.00e+00	2.56e-14	7.68e-14	1.28e-13	5.10e-09	1.03e-08	1.03e-39
 3.33494e+15	3.53e-13	1.81e-08	6.29e-05	9.09e-03	9.91e-01	0.00e+00	0.00e+00	3.12e-14	9.35e-14	1.56e-13	5.99e-09	1.21e-08	1.85e-39
 3.45217e+15	4.49e-13	2.21e-08	7.22e-05	9.79e-03	9.90e-01	0.00e+00	0.00e+00	3.97e-14	1.19e-13	1.99e-13	7.31e-09	1.48e-08	3.85e-39
 3.57837e+15	5.79e-13	2.73e-08	8.34e-05	1.06e-02	9.89e-01	0.00e+00	0.00e+00	5.12e-14	1.53e-13	2.56e-13	9.04e-09	1.82e-08	8.19e-39
 3.69071e+15	7.18e-13	3.27e-08	9.44e-05	1.13e-02	9.89e-01	0.00e+00	0.00e+00	6.34e-14	1.90e-13	3.17e-13	1.08e-08	2.18e-08	1.56e-38
 3.81127e+15	9.02e-13	3.94e-08	1.07e-04	1.21e-02	9.88e-01	0.00e+00	0.00e+00	7.97e-14	2.39e-13	3.99e-13	1.31e-08	2.64e-08	3.05e-38
 3.95701e+15	1.17e-12	4.91e-08	1.25e-04	1.31e-02	9.87e-01	0.00e+00	0.00e+00	1.04e-13	3.11e-13	5.18e-13	1.63e-08	3.28e-08	6.65e-38
 4.10064e+15	1.49e-12	6.03e-08	1.44e-04	1.41e-02	9.86e-01	0.00e+00	0.00e+00	1.32e-13	3.97e-13	6.62e-13	2.00e-08	4.03e-08	1.38e-37
 4.22739e+15	1.84e-12	7.21e-08	1.62e-04	1.50e-02	9.85e-01	0.00e+00	0.00e+00	1.63e-13	4.90e-13	8.18e-13	2.39e-08	4.82e-08	2.54e-37
 4.36705e+15	2.31e-12	8.72e-08	1.85e-04	1.61e-02	9.84e-01	0.00e+00	0.00e+00	2.05e-13	6.15e-13	1.03e-12	2.89e-08	5.83e-08	4.89e-37
 4.53493e+15	3.00e-12	1.09e-07	2.15e-04	1.75e-02	9.82e-01	0.00e+00	0.00e+00	2.66e-13	7.98e-13	1.33e-12	3.60e-08	7.26e-08	1.05e-36
 4.70114e+15	3.84e-12	1.34e-07	2.49e-04	1.89e-02	9.81e-01	0.00e+00	0.00e+00	3.41e-13	1.02e-12	1.71e-12	4.45e-08	8.96e-08	2.18e-36
 4.84991e+15	4.77e-12	1.61e-07	2.82e-04	2.02e-02	9.80e-01	0.00e+00	0.00e+00	4.23e-13	1.27e-12	2.12e-12	5.34e-08	1.08e-07	4.08e-36
 5.01437e+15	5.99e-12	1.96e-07	3.23e-04	2.17e-02	9.78e-01	0.00e+00	0.00e+00	5.32e-13	1.60e-12	2.66e-12	6.50e-08	1.31e-07	7.93e-36
 5.20948e+15	7.79e-12	2.45e-07	3.76e-04	2.35e-02	9.76e-01	0.00e+00	0.00e+00	6.93e-13	2.08e-12	3.47e-12	8.14e-08	1.64e-07	1.71e-35
 5.40239e+15	9.99e-12	3.04e-07	4.36e-04	2.55e-02	9.74e-01	0.00e+00	0.00e+00	8.89e-13	2.67e-12	4.45e-12	1.01e-07	2.03e-07	3.50e-35
 5.57951e+15	1.25e-11	3.67e-07	4.97e-04	2.73e-02	9.72e-01	0.00e+00	0.00e+00	1.11e-12	3.33e-12	5.55e-12	1.22e-07	2.46e-07	6.58e-35
 5.77817e+15	1.59e-11	4.52e-07	5.73e-04	2.95e-02	9.70e-01	0.00e+00	0.00e+00	1.42e-12	4.25e-12	7.08e-12	1.50e-07	3.02e-07	1.32e-34
 6.00022e+15	2.05e-11	5.65e-07	6.68e-04	3.21e-02	9.67e-01	0.00e+00	0.00e+00	1.83e-12	5.49e-12	9.16e-12	1.87e-07	3.77e-07	2.75e-34
 6.21410e+15	2.61e-11	6.95e-07	7.71e-04	3.46e-02	9.65e-01	0.00e+00	0.00e+00	2.33e-12	6.99e-12	1.17e-11	2.31e-07	4.64e-07	5.43e-34
 6.41479e+15	3.24e-11	8.38e-07	8.78e-04	3.72e-02	9.62e-01	0.00e+00	0.00e+00	2.90e-12	8.69e-12	1.45e-11	2.78e-07	5.60e-07	9.97e-34
 6.63692e+15	4.13e-11	1.03e-06	1.01e-03	4.01e-02	9.59e-01	0.00e+00	0.00e+00	3.69e-12	1.11e-11	1.85e-11	3.41e-07	6.87e-07	1.91e-33
 6.88252e+15	5.27e-11	1.28e-06	1.17e-03	4.35e-02	9.55e-01	0.00e+00	0.00e+00	4.72e-12	1.41e-11	2.36e-11	4.23e-07	8.52e-07	3.82e-33
 7.11253e+15	6.61e-11	1.55e-06	1.35e-03	4.69e-02	9.52e-01	0.00e+00	0.00e+00	5.92e-12	1.78e-11	2.96e-11	5.15e-07	1.04e-06	7.16e-33
 7.31368e+15	8.00e-11	1.83e-06	1.51e-03	5.00e-02	9.49e-01	0.00e+00	0.00e+00	7.17e-12	2.15e-11	3.59e-11	6.08e-07	1.22e-06	1.21e-32
 7.52343e+15	9.78e-11	2.17e-06	1.70e-03	5.33e-02	9.45e-01	0.00e+00	0.00e+00	8.78e-12	2.63e-11	4.39e-11	7.21e-07	1.45e-06	2.08e-32
 7.75858e+15	1.21e-10	2.61e-06	1.94e-03	5.73e-02	9.41e-01	0.00e+00	0.00e+00	1.09e-11	3.26e-11	5.43e-11	8.68e-07	1.74e-06	3.71e-32
 7.98314e+15	1.48e-10	3.10e-06	2.19e-03	6.12e-02	9.37e-01	0.00e+00	0.00e+00	1.33e-11	3.98e-11	6.64e-11	1.03e-06	2.07e-06	6.34e-32
 8.23145e+15	1.84e-10	3.74e-06	2.50e-03	6.58e-02	9.32e-01	0.00e+00	0.00e+00	1.66e-11	4.97e-11	8.29e-11	1.24e-06	2.50e-06	1.14e-31
 8.50304e+15	2.31e-10	4.56e-06	2.87e-03	7.11e-02	9.26e-01	0.00e+00	0.00e+00	2.08e-11	6.25e-11	1.04e-10	1.51e-06	3.04e-06	2.09e-31
 8.75426e+15	2.85e-10	5.45e-06	3.26e-03	7.62e-02	9.21e-01	0.00e+00	0.00e+00	2.57e-11	7.72e-11	1.29e-10	1.81e-06	3.64e-06	3.58e-31
 9.03020e+15	3.61e-10	6.62e-06	3.74e-03	8.22e-02	9.14e-01	0.00e+00	0.00e+00	3.26e-11	9.77e-11	1.63e-10	2.20e-06	4.42e-06	6.50e-31
 9.32480e+15	4.56e-10	8.07e-06	4.31e-03	8.89e-02	9.07e-01	0.00e+00	0.00e+00	4.12e-11	1.23e-10	2.06e-10	2.68e-06	5.39e-06	1.17e-30
 9.58392e+15	5.53e-10	9.56e-06	4.87e-03	9.50e-02	9.00e-01	0.00e+00	0.00e+00	5.01e-11	1.50e-10	2.50e-10	3.18e-06	6.38e-06	1.92e-30
 9.86103e+15	6.89e-10	1.15e-05	5.56e-03	1.02e-01	8.92e-01	0.00e+00	0.00e+00	6.24e-11	1.87e-10	3.12e-10	3.82e-06	7.67e-06	3.34e-30
 1.01676e+16	8.74e-10	1.40e-05	6.41e-03	1.10e-01	8.83e-01	0.00e+00	0.00e+00	7.92e-11	2.38e-10	3.96e-10	4.65e-06	9.33e-06	5.89e-30
 1.04505e+16	1.07e-09	1.67e-05	7.29e-03	1.18e-01	8.74e-01	0.00e+00	0.00e+00	9.73e-11	2.92e-10	4.86e-10	5.54e-06	1.11e-05	9.75e-30
 1.07075e+16	1.30e-09	1.95e-05	8.19e-03	1.26e-01	8.66e-01	0.00e+00	0.00e+00	1.18e-10	3.53e-10	5.88e-10	6.50e-06	1.30e-05	1.53e-29
 1.09926e+16	1.61e-09	2.34e-05	9.34e-03	1.35e-01	8.55e-01	0.00e+00	0.00e+00	1.46e-10	4.39e-10	7.32e-10	7.77e-06	1.56e-05	2.57e-29
 1.13030e+16	2.02e-09	2.82e-05	1.07e-02	1.46e-01	8.43e-01	0.00e+00	0.00e+00	1.84e-10	5.53e-10	9.21e-10	9.38e-06	1.88e-05	4.34e-29
 1.15808e+16	2.47e-09	3.32e-05	1.21e-02	1.56e-01	8.32e-01	0.00e+00	0.00e+00	2.25e-10	6.76e-10	1.13e-09	1.11e-05	2.22e-05	6.83e-29
 1.18374e+16	2.99e-09	3.87e-05	1.36e-02	1.65e-01	8.21e-01	0.00e+00	0.00e+00	2.73e-10	8.18e-10	1.36e-09	1.29e-05	2.58e-05	1.04e-28
 1.21321e+16	3.71e-09	4.64e-05	1.56e-02	1.77e-01	8.07e-01	0.00e+00	0.00e+00	3.39e-10	1.02e-09	1.69e-09	1.54e-05	3.09e-05	1.73e-28
 1.24508e+16	4.71e-09	5.60e-05	1.80e-02	1.91e-01	7.91e-01	0.00e+00	0.00e+00	4.30e-10	1.29e-09	2.15e-09	1.87e-05	3.74e-05	2.87e-28
 1.27329e+16	5.72e-09	6.60e-05	2.04e-02	2.04e-01	7.76e-01	0.00e+00	0.00e+00	5.24e-10	1.57e-09	2.62e-09	2.20e-05	4.40e-05	4.45e-28
 1.29906e+16	6.93e-09	7.71e-05	2.29e-02	2.17e-01	7.61e-01	0.00e+00	0.00e+00	6.34e-10	1.90e-09	3.17e-09	2.57e-05	5.14e-05	6.74e-28
 1.32845e+16	8.70e-09	9.25e-05	2.63e-02	2.32e-01	7.42e-01	0.00e+00	0.00e+00	7.97e-10	2.39e-09	3.99e-09	3.08e-05	6.17e-05	1.11e-27
 1.35982e+16	1.11e-08	1.12e-04	3.04e-02	2.49e-01	7.20e-01	0.00e+00	0.00e+00	1.02e-09	3.05e-09	5.08e-09	3.73e-05	7.46e-05	1.85e-27
 1.38689e+16	1.36e-08	1.32e-04	3.45e-02	2.65e-01	7.00e-01	0.00e+00	0.00e+00	1.25e-09	3.76e-09	6.26e-09	4.39e-05	8.79e-05	2.82e-27
 1.41112e+16	1.65e-08	1.53e-04	3.88e-02	2.81e-01	6.80e-01	0.00e+00	0.00e+00	1.52e-09	4.55e-09	7.58e-09	5.11e-05	1.02e-04	4.23e-27
 1.43401e+16	1.98e-08	1.77e-04	4.34e-02	2.96e-01	6.61e-01	0.00e+00	0.00e+00	1.82e-09	5.46e-09	9.09e-09	5.90e-05	1.18e-04	6.20e-27
 1.45562e+16	2.34e-08	2.03e-04	4.83e-02	3.11e-01	6.41e-01	0.00e+00	0.00e+00	2.15e-09	6.46e-09	1.08e-08	6.76e-05	1.35e-04	8.88e-27
 1.48008e+16	2.90e-08	2.40e-04	5.49e-02	3.30e-01	6.15e-01	0.00e+00	0.00e+00	2.68e-09	8.02e-09	1.34e-08	8.00e-05	1.60e-04	1.41e-26
 1.50677e+16	3.61e-08	2.85e-04	6.29e-02	3.51e-01	5.86e-01	0.00e+00	0.00e+00	3.33e-09	9.99e-09	1.67e-08	9.51e-05	1.90e-04	2.24e-26
 1.53051e+16	4.48e-08	3.36e-04	7.13e-02	3.71e-01	5.58e-01	0.00e+00	0.00e+00	4.14e-09	1.24e-08	2.07e-08	1.12e-04	2.24e-04	3.50e-26
 1.55122e+16	5.39e-08	3.88e-04	7.98e-02	3.89e-01	5.31e-01	0.00e+00	0.00e+00	4.99e-09	1.49e-08	2.49e-08	1.29e-04	2.59e-04	5.20e-26
 1.57051e+16	6.39e-08	4.44e-04	8.88e-02	4.07e-01	5.04e-01	0.00e+00	0.00e+00	5.92e-09	1.77e-08	2.96e-08	1.48e-04	2.96e-04	7.54e-26
 1.59227e+16	7.97e-08	5.25e-04	1.01e-01	4.29e-01	4.70e-01	0.00e+00	0.00e+00	7.38e-09	2.21e-08	3.69e-08	1.75e-04	3.50e-04	1.23e-25
 1.61466e+16	9.82e-08	6.17e-04	1.14e-01	4.51e-01	4.34e-01	0.00e+00	0.00e+00	9.11e-09	2.73e-08	4.55e-08	2.06e-04	4.11e-04	1.93e-25
 1.63259e+16	1.19e-07	7.09e-04	1.27e-01	4.70e-01	4.02e-01	0.00e+00	0.00e+00	1.11e-08	3.32e-08	5.53e-08	2.37e-04	4.73e-04	2.93e-25
 1.64748e+16	1.39e-07	7.98e-04	1.39e-01	4.87e-01	3.74e-01	0.00e+00	0.00e+00	1.29e-08	3.88e-08	6.46e-08	2.66e-04	5.32e-04	4.17e-25
 1.66368e+16	1.66e-07	9.10e-04	1.53e-01	5.05e-01	3.40e-01	0.00e+00	0.00e+00	1.55e-08	4.63e-08	7.72e-08	3.04e-04	6.07e-04	6.28e-25
 1.68067e+16	2.01e-07	1.04e-03	1.70e-01	5.25e-01	3.04e-01	0.00e+00	0.00e+00	1.87e-08	5.60e-08	9.33e-08	3.48e-04	6.96e-04	9.74e-25
 1.69449e+16	2.33e-07	1.16e-03	1.85e-01	5.41e-01	2.73e-01	0.00e+00	0.00e+00	2.17e-08	6.52e-08	1.09e-07	3.85e-04	7.70e-04	1.33e-24
 1.70572e+16	2.71e-07	1.29e-03	1.98e-01	5.54e-01	2.46e-01	0.00e+00	0.00e+00	2.53e-08	7.57e-08	1.26e-07	4.30e-04	8.59e-04	1.96e-24
 1.71602e+16	3.04e-07	1.39e-03	2.11e-01	5.66e-01	2.22e-01	0.00e+00	0.00e+00	2.84e-08	8.53e-08	1.42e-07	4.65e-04	9.28e-04	2.53e-24
 1.72555e+16	3.43e-07	1.51e-03	2.24e-01	5.77e-01	1.98e-01	0.00e+00	0.00e+00	3.21e-08	9.63e-08	1.60e-07	5.05e-04	1.01e-03	3.40e-24
 1.73352e+16	3.81e-07	1.62e-03	2.35e-01	5.86e-01	1.78e-01	0.00e+00	0.00e+00	3.57e-08	1.07e-07	1.78e-07	5.42e-04	1.08e-03	4.39e-24
 1.74014e+16	4.23e-07	1.73e-03	2.44e-01	5.93e-01	1.62e-01	0.00e+00	0.00e+00	3.97e-08	1.19e-07	1.98e-07	5.78e-04	1.15e-03	5.66e-24
 1.74619e+16	4.52e-07	1.81e-03	2.53e-01	5.99e-01	1.47e-01	0.00e+00	0.00e+00	4.24e-08	1.27e-07	2.12e-07	6.05e-04	1.21e-03	6.63e-24
 1.75291e+16	5.00e-07	1.94e-03	2.63e-01	6.06e-01	1.30e-01	0.00e+00	0.00e+00	4.70e-08	1.41e-07	2.35e-07	6.47e-04	1.29e-03	8.73e-24
 1.75992e+16	5.45e-07	2.05e-03	2.73e-01	6.12e-01	1.13e-01	0.00e+00	0.00e+00	5.13e-08	1.54e-07	2.56e-07	6.85e-04	1.37e-03	1.09e-23
 1.76603e+16	5.93e-07	2.16e-03	2.82e-01	6.17e-01	9.90e-02	0.00e+00	0.00e+00	5.59e-08	1.68e-07	2.79e-07	7.21e-04	1.44e-03	1.33e-23
 1.77272e+16	6.53e-07	2.28e-03	2.91e-01	6.22e-01	8.43e-02	0.00e+00	0.00e+00	6.17e-08	1.85e-07	3.08e-07	7.60e-04	1.52e-03	1.65e-23
 1.77989e+16	7.13e-07	2.41e-03	3.01e-01	6.27e-01	7.00e-02	0.00e+00	0.00e+00	6.76e-08	2.02e-07	3.37e-07	8.04e-04	1.60e-03	2.07e-23
 1.78617e+16	7.68e-07	2.52e-03	3.09e-01	6.29e-01	5.86e-02	0.00e+00	0.00e+00	7.28e-08	2.18e-07	3.64e-07	8.43e-04	1.68e-03	2.49e-23
 1.79281e+16	8.29e-07	2.65e-03	3.18e-01	6.31e-01	4.77e-02	0.00e+00	0.00e+00	7.89e-08	2.37e-07	3.94e-07	8.87e-04	1.77e-03	3.06e-23
 1.80018e+16	8.98e-07	2.80e-03	3.27e-01	6.32e-01	3.76e-02	0.00e+00	0.00e+00	8.57e-08	2.57e-07	4.28e-07	9.35e-04	1.86e-03	3.76e-23
 1.80727e+16	9.66e-07	2.93e-03	3.36e-01	6.32e-01	2.96e-02	0.00e+00	0.00e+00	9.24e-08	2.77e-07	4.61e-07	9.81e-04	1.95e-03	4.54e-23
 1.81527e+16	1.05e-06	3.09e-03	3.45e-01	6.30e-01	2.23e-02	0.00e+00	0.00e+00	1.00e-07	3.01e-07	5.01e-07	1.03e-03	2.06e-03	5.58e-23
