#depth	O	O+	O+2	O+3	O+4	O+5	O+6	O+7	O+8	O[1]	O[2]	O[3]
 1.49634e+10	0.00e+00	0.00e+00	1.58e-33	5.79e-24	1.93e-15	4.12e-08	1.00e+00	0.00e+00	0.00e+00	0.00e+00	0.00e+00	0.00e+00
 4.54887e+10	0.00e+00	5.68e-44	2.17e-33	7.34e-24	2.26e-15	4.46e-08	1.00e+00	1.99e-12	0.00e+00	0.00e+00	0.00e+00	0.00e+00
 7.72350e+10	0.00e+00	0.00e+00	2.98e-33	9.29e-24	2.65e-15	4.83e-08	1.00e+00	0.00e+00	0.00e+00	0.00e+00	0.00e+00	0.00e+00
 1.10251e+11	0.00e+00	1.25e-43	4.08e-33	1.18e-23	3.11e-15	5.23e-08	1.00e+00	0.00e+00	0.00e+00	0.00e+00	0.00e+00	0.00e+00
 1.43612e+11	0.00e+00	0.00e+00	5.54e-33	1.48e-23	3.62e-15	5.65e-08	1.00e+00	0.00e+00	0.00e+00	0.00e+00	0.00e+00	0.00e+00
 1.78308e+11	0.00e+00	2.68e-43	7.53e-33	1.87e-23	4.23e-15	6.10e-08	1.00e+00	0.00e+00	0.00e+00	0.00e+00	0.00e+00	0.00e+00
 2.15367e+11	0.00e+00	0.00e+00	1.03e-32	2.37e-23	4.96e-15	6.61e-08	1.00e+00	0.00e+00	0.00e+00	0.00e+00	0.00e+00	0.00e+00
 2.53909e+11	0.00e+00	5.90e-43	1.42e-32	3.00e-23	5.81e-15	7.16e-08	1.00e+00	0.00e+00	0.00e+00	0.00e+00	0.00e+00	0.00e+00
 2.93992e+11	0.00e+00	0.00e+00	1.94e-32	3.81e-23	6.82e-15	7.75e-08	1.00e+00	0.00e+00	0.00e+00	0.00e+00	0.00e+00	0.00e+00
 3.35678e+11	0.00e+00	1.30e-42	2.66e-32	4.83e-23	7.99e-15	8.40e-08	1.00e+00	0.00e+00	0.00e+00	0.00e+00	0.00e+00	0.00e+00
 3.79032e+11	0.00e+00	0.00e+00	3.66e-32	6.13e-23	9.37e-15	9.10e-08	1.00e+00	0.00e+00	0.00e+00	0.00e+00	0.00e+00	0.00e+00
 4.24120e+11	0.00e+00	2.86e-42	5.02e-32	7.78e-23	1.10e-14	9.86e-08	1.00e+00	0.00e+00	0.00e+00	0.00e+00	0.00e+00	0.00e+00
 4.71012e+11	0.00e+00	0.00e+00	6.89e-32	9.87e-23	1.29e-14	1.07e-07	1.00e+00	0.00e+00	0.00e+00	0.00e+00	0.00e+00	0.00e+00
 5.19779e+11	0.00e+00	6.30e-42	9.45e-32	1.25e-22	1.51e-14	1.16e-07	1.00e+00	0.00e+00	0.00e+00	0.00e+00	0.00e+00	0.00e+00
 5.70497e+11	0.00e+00	0.00e+00	1.30e-31	1.59e-22	1.78e-14	1.25e-07	1.00e+00	0.00e+00	0.00e+00	0.00e+00	0.00e+00	0.00e+00
 6.23244e+11	0.00e+00	1.39e-41	1.78e-31	2.02e-22	2.09e-14	1.36e-07	1.00e+00	0.00e+00	0.00e+00	0.00e+00	0.00e+00	0.00e+00
 6.78100e+11	0.00e+00	0.00e+00	2.45e-31	2.57e-22	2.45e-14	1.47e-07	1.00e+00	0.00e+00	0.00e+00	0.00e+00	0.00e+00	0.00e+00
 7.35151e+11	0.00e+00	3.07e-41	3.36e-31	3.26e-22	2.88e-14	1.60e-07	1.00e+00	0.00e+00	0.00e+00	0.00e+00	0.00e+00	0.00e+00
 7.94484e+11	0.00e+00	0.00e+00	4.62e-31	4.15e-22	3.38e-14	1.73e-07	1.00e+00	0.00e+00	0.00e+00	0.00e+00	0.00e+00	0.00e+00
 8.56190e+11	0.00e+00	6.78e-41	6.36e-31	5.27e-22	3.98e-14	1.88e-07	1.00e+00	0.00e+00	0.00e+00	0.00e+00	0.00e+00	0.00e+00
 9.16977e+11	0.00e+00	0.00e+00	8.60e-31	6.62e-22	4.64e-14	2.03e-07	1.00e+00	0.00e+00	0.00e+00	0.00e+00	0.00e+00	0.00e+00
 9.80196e+11	0.00e+00	1.44e-40	1.16e-30	8.32e-22	5.41e-14	2.20e-07	1.00e+00	0.00e+00	0.00e+00	0.00e+00	0.00e+00	0.00e+00
 1.04933e+12	0.00e+00	0.00e+00	1.60e-30	1.06e-21	6.37e-14	2.39e-07	1.00e+00	0.00e+00	0.00e+00	0.00e+00	0.00e+00	0.00e+00
 1.11879e+12	0.00e+00	3.15e-40	2.18e-30	1.34e-21	7.45e-14	2.58e-07	1.00e+00	0.00e+00	0.00e+00	0.00e+00	0.00e+00	0.00e+00
 1.19104e+12	0.00e+00	0.00e+00	2.97e-30	1.69e-21	8.73e-14	2.80e-07	1.00e+00	0.00e+00	0.00e+00	0.00e+00	0.00e+00	0.00e+00
 1.26861e+12	0.00e+00	6.88e-40	4.09e-30	2.15e-21	1.03e-13	3.04e-07	1.00e+00	0.00e+00	0.00e+00	0.00e+00	0.00e+00	0.00e+00
 1.34928e+12	0.00e+00	0.00e+00	5.64e-30	2.74e-21	1.21e-13	3.30e-07	1.00e+00	0.00e+00	0.00e+00	0.00e+00	0.00e+00	0.00e+00
 1.43317e+12	0.00e+00	1.52e-39	7.76e-30	3.50e-21	1.43e-13	3.59e-07	1.00e+00	0.00e+00	0.00e+00	0.00e+00	0.00e+00	0.00e+00
 1.52043e+12	0.00e+00	0.00e+00	1.07e-29	4.46e-21	1.68e-13	3.90e-07	1.00e+00	0.00e+00	0.00e+00	0.00e+00	0.00e+00	0.00e+00
 1.61117e+12	0.00e+00	3.38e-39	1.47e-29	5.69e-21	1.99e-13	4.24e-07	1.00e+00	0.00e+00	0.00e+00	0.00e+00	0.00e+00	0.00e+00
 1.70555e+12	0.00e+00	0.00e+00	2.03e-29	7.26e-21	2.34e-13	4.62e-07	1.00e+00	0.00e+00	0.00e+00	0.00e+00	0.00e+00	0.00e+00
 1.80369e+12	0.00e+00	7.51e-39	2.80e-29	9.27e-21	2.77e-13	5.02e-07	1.00e+00	0.00e+00	0.00e+00	0.00e+00	0.00e+00	0.00e+00
 1.90577e+12	0.00e+00	0.00e+00	3.87e-29	1.18e-20	3.27e-13	5.47e-07	1.00e+00	0.00e+00	0.00e+00	0.00e+00	0.00e+00	0.00e+00
 2.00069e+12	0.00e+00	1.60e-38	5.16e-29	1.47e-20	3.80e-13	5.90e-07	1.00e+00	0.00e+00	0.00e+00	0.00e+00	0.00e+00	0.00e+00
 2.08390e+12	0.00e+00	0.00e+00	6.59e-29	1.77e-20	4.31e-13	6.30e-07	1.00e+00	0.00e+00	0.00e+00	0.00e+00	0.00e+00	0.00e+00
 2.17663e+12	0.00e+00	3.00e-38	8.59e-29	2.17e-20	4.95e-13	6.76e-07	1.00e+00	0.00e+00	0.00e+00	0.00e+00	0.00e+00	0.00e+00
 2.28859e+12	0.00e+00	0.00e+00	1.17e-28	2.75e-20	5.82e-13	7.34e-07	1.00e+00	0.00e+00	0.00e+00	0.00e+00	0.00e+00	0.00e+00
 2.40171e+12	0.00e+00	6.38e-38	1.58e-28	3.46e-20	6.81e-13	7.96e-07	1.00e+00	0.00e+00	0.00e+00	0.00e+00	0.00e+00	0.00e+00
 2.50556e+12	0.00e+00	0.00e+00	2.06e-28	4.24e-20	7.83e-13	8.55e-07	1.00e+00	0.00e+00	0.00e+00	0.00e+00	0.00e+00	0.00e+00
 2.62120e+12	0.00e+00	1.26e-37	2.75e-28	5.28e-20	9.11e-13	9.24e-07	1.00e+00	0.00e+00	0.00e+00	0.00e+00	0.00e+00	0.00e+00
 2.75526e+12	0.00e+00	0.00e+00	3.78e-28	6.74e-20	1.08e-12	1.01e-06	1.00e+00	0.00e+00	0.00e+00	0.00e+00	0.00e+00	0.00e+00
 2.88682e+12	0.00e+00	2.72e-37	5.12e-28	8.51e-20	1.27e-12	1.09e-06	1.00e+00	0.00e+00	0.00e+00	0.00e+00	0.00e+00	0.00e+00
 3.01184e+12	0.00e+00	0.00e+00	6.76e-28	1.05e-19	1.47e-12	1.18e-06	1.00e+00	0.00e+00	0.00e+00	0.00e+00	0.00e+00	0.00e+00
 3.15044e+12	0.00e+00	5.53e-37	9.10e-28	1.32e-19	1.72e-12	1.28e-06	1.00e+00	0.00e+00	0.00e+00	0.00e+00	0.00e+00	0.00e+00
 3.30639e+12	0.00e+00	0.00e+00	1.26e-27	1.69e-19	2.04e-12	1.40e-06	1.00e+00	0.00e+00	0.00e+00	0.00e+00	0.00e+00	0.00e+00
 3.46400e+12	0.00e+00	1.21e-36	1.72e-27	2.16e-19	2.41e-12	1.53e-06	1.00e+00	0.00e+00	0.00e+00	0.00e+00	0.00e+00	0.00e+00
 3.62791e+12	1.71e-46	1.77e-36	2.35e-27	2.74e-19	2.85e-12	1.66e-06	1.00e+00	0.00e+00	0.00e+00	0.00e+00	0.00e+00	0.00e+00
 3.80296e+12	0.00e+00	0.00e+00	3.23e-27	3.51e-19	3.39e-12	1.82e-06	1.00e+00	0.00e+00	0.00e+00	0.00e+00	0.00e+00	0.00e+00
 3.98500e+12	0.00e+00	3.88e-36	4.45e-27	4.50e-19	4.03e-12	1.99e-06	1.00e+00	0.00e+00	0.00e+00	0.00e+00	0.00e+00	0.00e+00
 4.17433e+12	6.95e-46	5.73e-36	6.12e-27	5.76e-19	4.79e-12	2.18e-06	1.00e+00	0.00e+00	0.00e+00	0.00e+00	0.00e+00	0.00e+00
 4.37123e+12	0.00e+00	0.00e+00	8.43e-27	7.38e-19	5.70e-12	2.39e-06	1.00e+00	0.00e+00	0.00e+00	0.00e+00	0.00e+00	0.00e+00
 4.57600e+12	0.00e+00	1.25e-35	1.16e-26	9.45e-19	6.78e-12	2.62e-06	1.00e+00	0.00e+00	0.00e+00	0.00e+00	0.00e+00	0.00e+00
 4.78897e+12	2.78e-45	1.84e-35	1.59e-26	1.21e-18	8.07e-12	2.87e-06	1.00e+00	0.00e+00	0.00e+00	0.00e+00	0.00e+00	0.00e+00
 5.01046e+12	0.00e+00	0.00e+00	2.18e-26	1.55e-18	9.60e-12	3.14e-06	1.00e+00	0.00e+00	0.00e+00	0.00e+00	0.00e+00	0.00e+00
 5.24080e+12	0.00e+00	3.96e-35	2.99e-26	1.98e-18	1.14e-11	3.45e-06	1.00e+00	0.00e+00	0.00e+00	0.00e+00	0.00e+00	0.00e+00
 5.48036e+12	1.09e-44	5.80e-35	4.10e-26	2.53e-18	1.36e-11	3.78e-06	1.00e+00	0.00e+00	0.00e+00	0.00e+00	0.00e+00	0.00e+00
 5.72950e+12	0.00e+00	8.48e-35	5.60e-26	3.24e-18	1.62e-11	4.14e-06	1.00e+00	0.00e+00	0.00e+00	0.00e+00	0.00e+00	0.00e+00
 5.97900e+12	2.65e-44	1.22e-34	7.57e-26	4.10e-18	1.91e-11	4.53e-06	1.00e+00	0.00e+00	0.00e+00	0.00e+00	0.00e+00	0.00e+00
 6.23848e+12	0.00e+00	1.75e-34	1.02e-25	5.19e-18	2.26e-11	4.96e-06	1.00e+00	0.00e+00	0.00e+00	0.00e+00	0.00e+00	0.00e+00
 6.51795e+12	6.34e-44	2.55e-34	1.39e-25	6.62e-18	2.69e-11	5.44e-06	1.00e+00	0.00e+00	0.00e+00	0.00e+00	0.00e+00	0.00e+00
 6.80859e+12	0.00e+00	3.70e-34	1.90e-25	8.45e-18	3.21e-11	5.97e-06	1.00e+00	0.00e+00	0.00e+00	0.00e+00	0.00e+00	0.00e+00
 7.09669e+12	1.49e-43	5.26e-34	2.54e-25	1.07e-17	3.78e-11	6.53e-06	1.00e+00	0.00e+00	0.00e+00	0.00e+00	0.00e+00	0.00e+00
 7.39632e+12	0.00e+00	7.47e-34	3.40e-25	1.34e-17	4.47e-11	7.14e-06	1.00e+00	0.00e+00	0.00e+00	0.00e+00	0.00e+00	0.00e+00
 7.71454e+12	3.44e-43	1.07e-33	4.58e-25	1.70e-17	5.29e-11	7.83e-06	1.00e+00	0.00e+00	0.00e+00	0.00e+00	0.00e+00	0.00e+00
 8.02903e+12	0.00e+00	1.49e-33	6.07e-25	2.13e-17	6.22e-11	8.54e-06	1.00e+00	0.00e+00	0.00e+00	0.00e+00	0.00e+00	0.00e+00
 8.36365e+12	7.67e-43	2.11e-33	8.09e-25	2.68e-17	7.33e-11	9.34e-06	1.00e+00	0.00e+00	0.00e+00	0.00e+00	0.00e+00	0.00e+00
 8.72813e+12	0.00e+00	3.01e-33	1.09e-24	3.40e-17	8.71e-11	1.03e-05	1.00e+00	0.00e+00	0.00e+00	0.00e+00	0.00e+00	0.00e+00
 9.10718e+12	1.77e-42	4.29e-33	1.47e-24	4.32e-17	1.03e-10	1.13e-05	1.00e+00	0.00e+00	0.00e+00	0.00e+00	0.00e+00	0.00e+00
 9.50139e+12	0.00e+00	6.10e-33	1.98e-24	5.48e-17	1.23e-10	1.24e-05	1.00e+00	0.00e+00	0.00e+00	0.00e+00	0.00e+00	0.00e+00
 9.91137e+12	4.04e-42	8.66e-33	2.66e-24	6.95e-17	1.46e-10	1.36e-05	1.00e+00	0.00e+00	0.00e+00	0.00e+00	0.00e+00	0.00e+00
 1.02839e+13	0.00e+00	1.17e-32	3.44e-24	8.56e-17	1.69e-10	1.48e-05	1.00e+00	0.00e+00	0.00e+00	0.00e+00	0.00e+00	0.00e+00
 1.05967e+13	7.69e-42	1.50e-32	4.24e-24	1.01e-16	1.91e-10	1.58e-05	1.00e+00	0.00e+00	0.00e+00	0.00e+00	0.00e+00	0.00e+00
 1.09401e+13	0.00e+00	1.95e-32	5.30e-24	1.21e-16	2.17e-10	1.70e-05	1.00e+00	0.00e+00	0.00e+00	0.00e+00	0.00e+00	0.00e+00
 1.13718e+13	1.51e-41	2.68e-32	6.93e-24	1.51e-16	2.54e-10	1.86e-05	1.00e+00	0.00e+00	0.00e+00	0.00e+00	0.00e+00	0.00e+00
 1.18190e+13	0.00e+00	3.67e-32	9.06e-24	1.87e-16	2.97e-10	2.02e-05	1.00e+00	0.00e+00	0.00e+00	0.00e+00	0.00e+00	0.00e+00
 1.22155e+13	2.98e-41	4.81e-32	1.14e-23	2.26e-16	3.39e-10	2.18e-05	1.00e+00	0.00e+00	0.00e+00	0.00e+00	0.00e+00	0.00e+00
 1.26454e+13	0.00e+00	6.38e-32	1.45e-23	2.74e-16	3.90e-10	2.36e-05	1.00e+00	0.00e+00	0.00e+00	0.00e+00	0.00e+00	0.00e+00
 1.31611e+13	6.03e-41	8.83e-32	1.91e-23	3.43e-16	4.58e-10	2.58e-05	1.00e+00	0.00e+00	0.00e+00	0.00e+00	0.00e+00	0.00e+00
 1.36755e+13	0.00e+00	1.21e-31	2.49e-23	4.26e-16	5.34e-10	2.81e-05	1.00e+00	0.00e+00	0.00e+00	0.00e+00	0.00e+00	0.00e+00
 1.41448e+13	1.19e-40	1.59e-31	3.15e-23	5.15e-16	6.11e-10	3.03e-05	1.00e+00	0.00e+00	0.00e+00	0.00e+00	0.00e+00	0.00e+00
 1.46682e+13	0.00e+00	2.14e-31	4.07e-23	6.33e-16	7.07e-10	3.29e-05	1.00e+00	0.00e+00	0.00e+00	0.00e+00	0.00e+00	0.00e+00
 1.52783e+13	2.47e-40	2.98e-31	5.40e-23	7.97e-16	8.32e-10	3.61e-05	1.00e+00	0.00e+00	0.00e+00	0.00e+00	0.00e+00	0.00e+00
 1.58838e+13	0.00e+00	4.10e-31	7.09e-23	9.93e-16	9.71e-10	3.93e-05	1.00e+00	0.00e+00	0.00e+00	0.00e+00	0.00e+00	0.00e+00
 1.64658e+13	5.05e-40	5.52e-31	9.12e-23	1.22e-15	1.12e-09	4.26e-05	1.00e+00	0.00e+00	0.00e+00	0.00e+00	0.00e+00	0.00e+00
 1.71067e+13	0.00e+00	7.58e-31	1.19e-22	1.51e-15	1.30e-09	4.63e-05	1.00e+00	0.00e+00	0.00e+00	0.00e+00	0.00e+00	0.00e+00
 1.78209e+13	1.08e-39	1.07e-30	1.59e-22	1.91e-15	1.53e-09	5.07e-05	1.00e+00	0.00e+00	0.00e+00	0.00e+00	0.00e+00	0.00e+00
 1.85637e+13	0.00e+00	1.50e-30	2.13e-22	2.41e-15	1.80e-09	5.55e-05	1.00e+00	0.00e+00	0.00e+00	0.00e+00	0.00e+00	0.00e+00
 1.93361e+13	2.40e-39	2.12e-30	2.85e-22	3.04e-15	2.11e-09	6.06e-05	1.00e+00	0.00e+00	0.00e+00	0.00e+00	0.00e+00	0.00e+00
 2.01181e+13	0.00e+00	2.97e-30	3.79e-22	3.81e-15	2.47e-09	6.61e-05	1.00e+00	0.00e+00	0.00e+00	0.00e+00	0.00e+00	0.00e+00
 2.09314e+13	5.28e-39	4.17e-30	5.04e-22	4.78e-15	2.89e-09	7.20e-05	1.00e+00	0.00e+00	0.00e+00	0.00e+00	0.00e+00	0.00e+00
 2.17986e+13	0.00e+00	5.92e-30	6.76e-22	6.03e-15	3.39e-09	7.86e-05	1.00e+00	0.00e+00	0.00e+00	0.00e+00	0.00e+00	0.00e+00
 2.27005e+13	1.20e-38	8.42e-30	9.08e-22	7.61e-15	3.97e-09	8.57e-05	1.00e+00	0.00e+00	0.00e+00	0.00e+00	0.00e+00	0.00e+00
 2.36384e+13	0.00e+00	1.20e-29	1.22e-21	9.60e-15	4.66e-09	9.34e-05	1.00e+00	0.00e+00	0.00e+00	0.00e+00	0.00e+00	0.00e+00
 2.46139e+13	2.75e-38	1.71e-29	1.64e-21	1.21e-14	5.46e-09	1.02e-04	1.00e+00	0.00e+00	0.00e+00	0.00e+00	0.00e+00	0.00e+00
 2.56284e+13	0.00e+00	2.45e-29	2.21e-21	1.53e-14	6.40e-09	1.11e-04	1.00e+00	0.00e+00	0.00e+00	0.00e+00	0.00e+00	0.00e+00
 2.66834e+13	6.38e-38	3.52e-29	2.98e-21	1.93e-14	7.50e-09	1.21e-04	1.00e+00	0.00e+00	0.00e+00	0.00e+00	0.00e+00	0.00e+00
 2.77807e+13	0.00e+00	5.05e-29	4.03e-21	2.44e-14	8.78e-09	1.31e-04	1.00e+00	0.00e+00	0.00e+00	0.00e+00	0.00e+00	0.00e+00
 2.88287e+13	1.44e-37	7.04e-29	5.30e-21	3.03e-14	1.02e-08	1.42e-04	1.00e+00	0.00e+00	0.00e+00	0.00e+00	0.00e+00	0.00e+00
 2.97957e+13	0.00e+00	9.49e-29	6.79e-21	3.66e-14	1.16e-08	1.52e-04	1.00e+00	0.00e+00	0.00e+00	0.00e+00	0.00e+00	0.00e+00
 3.08946e+13	3.01e-37	1.32e-28	8.91e-21	4.52e-14	1.33e-08	1.64e-04	1.00e+00	0.00e+00	0.00e+00	0.00e+00	0.00e+00	0.00e+00
 3.21603e+13	0.00e+00	1.90e-28	1.20e-20	5.71e-14	1.56e-08	1.78e-04	1.00e+00	0.00e+00	0.00e+00	0.00e+00	0.00e+00	0.00e+00
 3.34217e+13	7.03e-37	2.71e-28	1.61e-20	7.15e-14	1.81e-08	1.93e-04	1.00e+00	0.00e+00	0.00e+00	0.00e+00	0.00e+00	0.00e+00
 3.47335e+13	0.00e+00	3.87e-28	2.15e-20	8.95e-14	2.11e-08	2.09e-04	1.00e+00	0.00e+00	0.00e+00	0.00e+00	0.00e+00	0.00e+00
 3.61528e+13	1.65e-36	5.59e-28	2.92e-20	1.13e-13	2.47e-08	2.27e-04	1.00e+00	0.00e+00	0.00e+00	0.00e+00	0.00e+00	0.00e+00
 3.76288e+13	0.00e+00	8.11e-28	3.95e-20	1.43e-13	2.89e-08	2.47e-04	1.00e+00	0.00e+00	0.00e+00	0.00e+00	0.00e+00	0.00e+00
 3.91639e+13	3.97e-36	1.18e-27	5.36e-20	1.81e-13	3.38e-08	2.68e-04	1.00e+00	0.00e+00	0.00e+00	0.00e+00	0.00e+00	0.00e+00
 4.07604e+13	0.00e+00	1.71e-27	7.27e-20	2.28e-13	3.96e-08	2.91e-04	1.00e+00	0.00e+00	0.00e+00	0.00e+00	0.00e+00	0.00e+00
 4.24207e+13	9.60e-36	2.48e-27	9.87e-20	2.88e-13	4.63e-08	3.15e-04	1.00e+00	0.00e+00	0.00e+00	0.00e+00	0.00e+00	0.00e+00
 4.41475e+13	0.00e+00	3.61e-27	1.34e-19	3.64e-13	5.41e-08	3.42e-04	1.00e+00	0.00e+00	0.00e+00	0.00e+00	0.00e+00	0.00e+00
 4.57708e+13	2.24e-35	5.08e-27	1.77e-19	4.50e-13	6.24e-08	3.69e-04	1.00e+00	0.00e+00	0.00e+00	0.00e+00	0.00e+00	0.00e+00
 4.72203e+13	0.00e+00	6.82e-27	2.25e-19	5.41e-13	7.05e-08	3.93e-04	1.00e+00	0.00e+00	0.00e+00	0.00e+00	0.00e+00	0.00e+00
 4.88452e+13	4.63e-35	9.38e-27	2.92e-19	6.60e-13	8.06e-08	4.21e-04	1.00e+00	0.00e+00	0.00e+00	0.00e+00	0.00e+00	0.00e+00
 5.07739e+13	7.16e-35	1.35e-26	3.93e-19	8.29e-13	9.39e-08	4.55e-04	1.00e+00	0.00e+00	0.00e+00	0.00e+00	0.00e+00	0.00e+00
 5.26975e+13	1.09e-34	1.93e-26	5.24e-19	1.03e-12	1.09e-07	4.91e-04	1.00e+00	0.00e+00	0.00e+00	0.00e+00	0.00e+00	0.00e+00
 5.44853e+13	1.59e-34	2.65e-26	6.78e-19	1.26e-12	1.24e-07	5.25e-04	9.99e-01	0.00e+00	0.00e+00	0.00e+00	0.00e+00	0.00e+00
 5.64817e+13	2.40e-34	3.74e-26	8.96e-19	1.55e-12	1.43e-07	5.65e-04	9.99e-01	0.00e+00	0.00e+00	0.00e+00	0.00e+00	0.00e+00
 5.87709e+13	3.76e-34	5.48e-26	1.22e-18	1.96e-12	1.67e-07	6.12e-04	9.99e-01	0.00e+00	0.00e+00	0.00e+00	0.00e+00	0.00e+00
 6.10155e+13	5.79e-34	7.86e-26	1.63e-18	2.45e-12	1.94e-07	6.60e-04	9.99e-01	0.00e+00	0.00e+00	0.00e+00	0.00e+00	0.00e+00
 6.33499e+13	8.90e-34	1.13e-25	2.19e-18	3.06e-12	2.25e-07	7.12e-04	9.99e-01	0.00e+00	0.00e+00	0.00e+00	0.00e+00	0.00e+00
 6.59139e+13	1.41e-33	1.65e-25	2.98e-18	3.86e-12	2.63e-07	7.71e-04	9.99e-01	0.00e+00	0.00e+00	0.00e+00	0.00e+00	0.00e+00
 6.84898e+13	2.19e-33	2.40e-25	4.02e-18	4.85e-12	3.05e-07	8.33e-04	9.99e-01	0.00e+00	0.00e+00	0.00e+00	0.00e+00	0.00e+00
 7.11688e+13	3.42e-33	3.49e-25	5.43e-18	6.08e-12	3.55e-07	9.00e-04	9.99e-01	0.00e+00	0.00e+00	0.00e+00	0.00e+00	0.00e+00
 7.40454e+13	5.42e-33	5.13e-25	7.41e-18	7.69e-12	4.16e-07	9.74e-04	9.99e-01	0.00e+00	0.00e+00	0.00e+00	0.00e+00	0.00e+00
 7.70372e+13	8.60e-33	7.55e-25	1.01e-17	9.72e-12	4.86e-07	1.05e-03	9.99e-01	0.00e+00	0.00e+00	0.00e+00	0.00e+00	0.00e+00
 8.01486e+13	1.37e-32	1.11e-24	1.38e-17	1.23e-11	5.68e-07	1.14e-03	9.99e-01	0.00e+00	0.00e+00	0.00e+00	0.00e+00	0.00e+00
 8.33845e+13	2.18e-32	1.64e-24	1.89e-17	1.55e-11	6.65e-07	1.23e-03	9.99e-01	0.00e+00	0.00e+00	0.00e+00	0.00e+00	0.00e+00
 8.67498e+13	3.49e-32	2.44e-24	2.60e-17	1.97e-11	7.77e-07	1.33e-03	9.99e-01	0.00e+00	0.00e+00	0.00e+00	0.00e+00	0.00e+00
 9.02497e+13	5.53e-32	3.57e-24	3.53e-17	2.49e-11	9.09e-07	1.44e-03	9.99e-01	0.00e+00	0.00e+00	0.00e+00	0.00e+00	0.00e+00
 9.37073e+13	8.63e-32	5.18e-24	4.75e-17	3.11e-11	1.05e-06	1.55e-03	9.98e-01	0.00e+00	0.00e+00	0.00e+00	0.00e+00	0.00e+00
 9.73032e+13	1.35e-31	7.52e-24	6.39e-17	3.88e-11	1.22e-06	1.67e-03	9.98e-01	0.00e+00	0.00e+00	0.00e+00	0.00e+00	0.00e+00
 1.01225e+14	2.16e-31	1.11e-23	8.75e-17	4.91e-11	1.43e-06	1.81e-03	9.98e-01	0.00e+00	0.00e+00	0.00e+00	0.00e+00	0.00e+00
 1.05183e+14	3.41e-31	1.63e-23	1.19e-16	6.17e-11	1.67e-06	1.95e-03	9.98e-01	0.00e+00	0.00e+00	0.00e+00	0.00e+00	0.00e+00
 1.09300e+14	5.39e-31	2.38e-23	1.61e-16	7.75e-11	1.94e-06	2.11e-03	9.98e-01	0.00e+00	0.00e+00	0.00e+00	0.00e+00	0.00e+00
 1.13702e+14	8.64e-31	3.53e-23	2.20e-16	9.81e-11	2.27e-06	2.28e-03	9.98e-01	0.00e+00	0.00e+00	0.00e+00	0.00e+00	0.00e+00
 1.18189e+14	1.37e-30	5.19e-23	3.00e-16	1.23e-10	2.64e-06	2.46e-03	9.98e-01	0.00e+00	0.00e+00	0.00e+00	0.00e+00	0.00e+00
 1.22855e+14	2.18e-30	7.63e-23	4.08e-16	1.55e-10	3.08e-06	2.65e-03	9.97e-01	0.00e+00	0.00e+00	0.00e+00	0.00e+00	0.00e+00
 1.27455e+14	3.39e-30	1.10e-22	5.46e-16	1.93e-10	3.56e-06	2.85e-03	9.97e-01	0.00e+00	0.00e+00	0.00e+00	0.00e+00	0.00e+00
 1.31740e+14	5.03e-30	1.53e-22	7.11e-16	2.35e-10	4.06e-06	3.04e-03	9.97e-01	0.00e+00	0.00e+00	0.00e+00	0.00e+00	0.00e+00
 1.36541e+14	7.73e-30	2.19e-22	9.45e-16	2.91e-10	4.68e-06	3.27e-03	9.97e-01	0.00e+00	0.00e+00	0.00e+00	0.00e+00	0.00e+00
 1.42033e+14	1.24e-29	3.24e-22	1.29e-15	3.68e-10	5.47e-06	3.53e-03	9.96e-01	0.00e+00	0.00e+00	0.00e+00	0.00e+00	0.00e+00
 1.47494e+14	1.94e-29	4.71e-22	1.75e-15	4.61e-10	6.35e-06	3.80e-03	9.96e-01	0.00e+00	0.00e+00	0.00e+00	0.00e+00	0.00e+00
 1.53173e+14	3.05e-29	6.86e-22	2.36e-15	5.77e-10	7.38e-06	4.10e-03	9.96e-01	0.00e+00	0.00e+00	0.00e+00	0.00e+00	0.00e+00
 1.58808e+14	4.69e-29	9.81e-22	3.14e-15	7.16e-10	8.52e-06	4.40e-03	9.96e-01	0.00e+00	0.00e+00	0.00e+00	0.00e+00	0.00e+00
 1.63820e+14	6.79e-29	1.34e-21	4.02e-15	8.61e-10	9.63e-06	4.68e-03	9.95e-01	0.00e+00	0.00e+00	0.00e+00	0.00e+00	0.00e+00
 1.69327e+14	1.01e-28	1.85e-21	5.22e-15	1.05e-09	1.10e-05	4.99e-03	9.95e-01	0.00e+00	0.00e+00	0.00e+00	0.00e+00	0.00e+00
 1.75903e+14	1.58e-28	2.70e-21	7.06e-15	1.32e-09	1.28e-05	5.39e-03	9.95e-01	0.00e+00	0.00e+00	0.00e+00	0.00e+00	0.00e+00
 1.82419e+14	2.42e-28	3.86e-21	9.42e-15	1.63e-09	1.48e-05	5.79e-03	9.94e-01	0.00e+00	0.00e+00	0.00e+00	0.00e+00	0.00e+00
 1.88329e+14	3.53e-28	5.29e-21	1.21e-14	1.97e-09	1.67e-05	6.17e-03	9.94e-01	0.00e+00	0.00e+00	0.00e+00	0.00e+00	0.00e+00
 1.94903e+14	5.26e-28	7.39e-21	1.59e-14	2.42e-09	1.92e-05	6.61e-03	9.93e-01	0.00e+00	0.00e+00	0.00e+00	0.00e+00	0.00e+00
 2.02606e+14	8.30e-28	1.08e-20	2.16e-14	3.05e-09	2.24e-05	7.14e-03	9.93e-01	0.00e+00	0.00e+00	0.00e+00	0.00e+00	0.00e+00
 2.10185e+14	1.27e-27	1.55e-20	2.88e-14	3.79e-09	2.59e-05	7.69e-03	9.92e-01	0.00e+00	0.00e+00	0.00e+00	0.00e+00	0.00e+00
 2.17255e+14	1.86e-27	2.13e-20	3.73e-14	4.61e-09	2.95e-05	8.22e-03	9.92e-01	0.00e+00	0.00e+00	0.00e+00	0.00e+00	0.00e+00
 2.25162e+14	2.82e-27	3.02e-20	4.94e-14	5.70e-09	3.39e-05	8.83e-03	9.91e-01	0.00e+00	0.00e+00	0.00e+00	0.00e+00	0.00e+00
 2.34199e+14	4.42e-27	4.41e-20	6.72e-14	7.20e-09	3.97e-05	9.56e-03	9.90e-01	0.00e+00	0.00e+00	0.00e+00	0.00e+00	0.00e+00
 2.43119e+14	6.78e-27	6.33e-20	9.00e-14	8.99e-09	4.60e-05	1.03e-02	9.90e-01	0.00e+00	0.00e+00	0.00e+00	0.00e+00	0.00e+00
 2.52396e+14	1.04e-26	9.04e-20	1.20e-13	1.12e-08	5.33e-05	1.11e-02	9.89e-01	0.00e+00	0.00e+00	0.00e+00	0.00e+00	0.00e+00
 2.62522e+14	1.62e-26	1.32e-19	1.64e-13	1.42e-08	6.23e-05	1.21e-02	9.88e-01	0.00e+00	0.00e+00	0.00e+00	0.00e+00	0.00e+00
 2.72803e+14	2.49e-26	1.90e-19	2.20e-13	1.78e-08	7.25e-05	1.31e-02	9.87e-01	0.00e+00	0.00e+00	0.00e+00	0.00e+00	0.00e+00
 2.83495e+14	3.81e-26	2.72e-19	2.96e-13	2.23e-08	8.44e-05	1.41e-02	9.86e-01	0.00e+00	0.00e+00	0.00e+00	0.00e+00	0.00e+00
 2.94865e+14	5.88e-26	3.94e-19	4.01e-13	2.82e-08	9.86e-05	1.53e-02	9.85e-01	0.00e+00	0.00e+00	0.00e+00	0.00e+00	0.00e+00
 3.06689e+14	9.05e-26	5.69e-19	5.43e-13	3.56e-08	1.15e-04	1.66e-02	9.83e-01	0.00e+00	0.00e+00	0.00e+00	0.00e+00	0.00e+00
 3.18987e+14	1.39e-25	8.21e-19	7.34e-13	4.48e-08	1.34e-04	1.80e-02	9.82e-01	0.00e+00	0.00e+00	0.00e+00	0.00e+00	0.00e+00
 3.31776e+14	2.12e-25	1.18e-18	9.91e-13	5.65e-08	1.57e-04	1.96e-02	9.80e-01	0.00e+00	0.00e+00	0.00e+00	0.00e+00	0.00e+00
 3.44284e+14	3.15e-25	1.66e-18	1.31e-12	7.03e-08	1.81e-04	2.12e-02	9.79e-01	0.00e+00	0.00e+00	0.00e+00	0.00e+00	0.00e+00
 3.56227e+14	4.54e-25	2.27e-18	1.70e-12	8.60e-08	2.07e-04	2.27e-02	9.77e-01	0.00e+00	0.00e+00	0.00e+00	0.00e+00	0.00e+00
 3.69441e+14	6.63e-25	3.16e-18	2.24e-12	1.07e-07	2.39e-04	2.46e-02	9.75e-01	0.00e+00	0.00e+00	0.00e+00	0.00e+00	0.00e+00
 3.82872e+14	9.70e-25	4.38e-18	2.95e-12	1.31e-07	2.75e-04	2.65e-02	9.73e-01	0.00e+00	0.00e+00	0.00e+00	0.00e+00	0.00e+00
 3.94522e+14	1.33e-24	5.75e-18	3.69e-12	1.57e-07	3.09e-04	2.82e-02	9.71e-01	0.00e+00	0.00e+00	0.00e+00	0.00e+00	0.00e+00
 4.07121e+14	1.83e-24	7.63e-18	4.68e-12	1.89e-07	3.50e-04	3.02e-02	9.69e-01	0.00e+00	0.00e+00	0.00e+00	0.00e+00	0.00e+00
 4.22542e+14	2.69e-24	1.07e-17	6.20e-12	2.35e-07	4.04e-04	3.27e-02	9.67e-01	0.00e+00	0.00e+00	0.00e+00	0.00e+00	0.00e+00
 4.38258e+14	3.91e-24	1.48e-17	8.17e-12	2.91e-07	4.66e-04	3.54e-02	9.64e-01	0.00e+00	0.00e+00	0.00e+00	0.00e+00	0.00e+00
 4.52566e+14	5.44e-24	1.98e-17	1.04e-11	3.52e-07	5.28e-04	3.79e-02	9.62e-01	0.00e+00	0.00e+00	0.00e+00	0.00e+00	0.00e+00
 4.68419e+14	7.66e-24	2.68e-17	1.35e-11	4.30e-07	6.04e-04	4.08e-02	9.59e-01	0.00e+00	0.00e+00	0.00e+00	0.00e+00	0.00e+00
 4.86942e+14	1.13e-23	3.80e-17	1.80e-11	5.40e-07	7.01e-04	4.44e-02	9.55e-01	0.00e+00	0.00e+00	0.00e+00	0.00e+00	0.00e+00
 5.04417e+14	1.64e-23	5.23e-17	2.36e-11	6.64e-07	8.04e-04	4.78e-02	9.51e-01	0.00e+00	0.00e+00	0.00e+00	0.00e+00	0.00e+00
 5.19650e+14	2.21e-23	6.83e-17	2.95e-11	7.91e-07	9.01e-04	5.09e-02	9.48e-01	0.00e+00	0.00e+00	0.00e+00	0.00e+00	0.00e+00
 5.36487e+14	3.05e-23	9.08e-17	3.75e-11	9.53e-07	1.02e-03	5.45e-02	9.45e-01	0.00e+00	0.00e+00	0.00e+00	0.00e+00	0.00e+00
 5.56939e+14	4.46e-23	1.27e-16	4.97e-11	1.19e-06	1.18e-03	5.90e-02	9.40e-01	0.00e+00	0.00e+00	0.00e+00	0.00e+00	0.00e+00
 5.77482e+14	6.43e-23	1.77e-16	6.54e-11	1.47e-06	1.35e-03	6.36e-02	9.35e-01	0.00e+00	0.00e+00	0.00e+00	0.00e+00	0.00e+00
 5.95903e+14	8.82e-23	2.34e-16	8.30e-11	1.76e-06	1.52e-03	6.80e-02	9.30e-01	0.00e+00	0.00e+00	0.00e+00	0.00e+00	0.00e+00
 6.16173e+14	1.24e-22	3.16e-16	1.07e-10	2.14e-06	1.73e-03	7.29e-02	9.25e-01	0.00e+00	0.00e+00	0.00e+00	0.00e+00	0.00e+00
 6.40197e+14	1.83e-22	4.48e-16	1.43e-10	2.68e-06	2.00e-03	7.89e-02	9.19e-01	0.00e+00	0.00e+00	0.00e+00	0.00e+00	0.00e+00
 6.63885e+14	2.65e-22	6.23e-16	1.88e-10	3.31e-06	2.30e-03	8.51e-02	9.13e-01	0.00e+00	0.00e+00	0.00e+00	0.00e+00	0.00e+00
 6.85513e+14	3.66e-22	8.34e-16	2.40e-10	3.99e-06	2.59e-03	9.09e-02	9.07e-01	0.00e+00	0.00e+00	0.00e+00	0.00e+00	0.00e+00
 7.09683e+14	5.22e-22	1.14e-15	3.13e-10	4.88e-06	2.95e-03	9.75e-02	9.00e-01	0.00e+00	0.00e+00	0.00e+00	0.00e+00	0.00e+00
 7.37825e+14	7.77e-22	1.63e-15	4.20e-10	6.12e-06	3.41e-03	1.06e-01	8.91e-01	0.00e+00	0.00e+00	0.00e+00	0.00e+00	0.00e+00
 7.65432e+14	1.13e-21	2.29e-15	5.56e-10	7.56e-06	3.91e-03	1.14e-01	8.83e-01	0.00e+00	0.00e+00	0.00e+00	0.00e+00	0.00e+00
 7.91432e+14	1.59e-21	3.11e-15	7.17e-10	9.17e-06	4.43e-03	1.21e-01	8.74e-01	0.00e+00	0.00e+00	0.00e+00	0.00e+00	0.00e+00
 8.20408e+14	2.31e-21	4.33e-15	9.43e-10	1.13e-05	5.06e-03	1.30e-01	8.65e-01	0.00e+00	0.00e+00	0.00e+00	0.00e+00	0.00e+00
 8.53255e+14	3.47e-21	6.22e-15	1.27e-09	1.41e-05	5.84e-03	1.40e-01	8.54e-01	0.00e+00	0.00e+00	0.00e+00	0.00e+00	0.00e+00
 8.86020e+14	5.12e-21	8.82e-15	1.70e-09	1.75e-05	6.70e-03	1.51e-01	8.42e-01	0.00e+00	0.00e+00	0.00e+00	0.00e+00	0.00e+00
 9.20095e+14	7.59e-21	1.25e-14	2.26e-09	2.18e-05	7.68e-03	1.62e-01	8.30e-01	0.00e+00	0.00e+00	0.00e+00	0.00e+00	0.00e+00
 9.56929e+14	1.14e-20	1.81e-14	3.05e-09	2.72e-05	8.85e-03	1.74e-01	8.17e-01	0.00e+00	0.00e+00	0.00e+00	0.00e+00	0.00e+00
 9.95236e+14	1.72e-20	2.60e-14	4.12e-09	3.40e-05	1.02e-02	1.87e-01	8.03e-01	0.00e+00	0.00e+00	0.00e+00	0.00e+00	0.00e+00
 1.03508e+15	2.60e-20	3.76e-14	5.55e-09	4.24e-05	1.17e-02	2.00e-01	7.88e-01	0.00e+00	0.00e+00	0.00e+00	0.00e+00	0.00e+00
 1.07651e+15	3.94e-20	5.42e-14	7.47e-09	5.28e-05	1.34e-02	2.14e-01	7.72e-01	0.00e+00	0.00e+00	0.00e+00	0.00e+00	0.00e+00
 1.11960e+15	5.96e-20	7.83e-14	1.01e-08	6.57e-05	1.54e-02	2.29e-01	7.56e-01	0.00e+00	0.00e+00	0.00e+00	0.00e+00	0.00e+00
 1.16441e+15	9.04e-20	1.13e-13	1.35e-08	8.16e-05	1.76e-02	2.44e-01	7.38e-01	0.00e+00	0.00e+00	0.00e+00	0.00e+00	0.00e+00
 1.20432e+15	1.29e-19	1.55e-13	1.74e-08	9.83e-05	1.98e-02	2.58e-01	7.22e-01	0.00e+00	0.00e+00	0.00e+00	0.00e+00	0.00e+00
 1.23683e+15	1.72e-19	1.98e-13	2.13e-08	1.14e-04	2.16e-02	2.69e-01	7.10e-01	0.00e+00	0.00e+00	0.00e+00	0.00e+00	0.00e+00
 1.27236e+15	2.32e-19	2.59e-13	2.63e-08	1.33e-04	2.38e-02	2.81e-01	6.96e-01	0.00e+00	0.00e+00	0.00e+00	0.00e+00	0.00e+00
 1.31830e+15	3.38e-19	3.60e-13	3.42e-08	1.61e-04	2.67e-02	2.96e-01	6.77e-01	0.00e+00	0.00e+00	0.00e+00	0.00e+00	0.00e+00
 1.36742e+15	5.00e-19	5.06e-13	4.49e-08	1.96e-04	3.01e-02	3.12e-01	6.58e-01	0.00e+00	0.00e+00	0.00e+00	0.00e+00	0.00e+00
 1.41139e+15	7.02e-19	6.79e-13	5.67e-08	2.31e-04	3.34e-02	3.26e-01	6.41e-01	0.00e+00	0.00e+00	0.00e+00	0.00e+00	0.00e+00
 1.45903e+15	1.00e-18	9.23e-13	7.23e-08	2.76e-04	3.71e-02	3.40e-01	6.22e-01	0.00e+00	0.00e+00	0.00e+00	0.00e+00	0.00e+00
 1.51274e+15	1.47e-18	1.29e-12	9.43e-08	3.33e-04	4.16e-02	3.57e-01	6.02e-01	0.00e+00	0.00e+00	0.00e+00	0.00e+00	0.00e+00
 1.56378e+15	2.10e-18	1.75e-12	1.20e-07	3.96e-04	4.61e-02	3.71e-01	5.82e-01	0.00e+00	0.00e+00	0.00e+00	0.00e+00	0.00e+00
 1.61961e+15	3.05e-18	2.41e-12	1.54e-07	4.74e-04	5.13e-02	3.87e-01	5.61e-01	0.00e+00	0.00e+00	0.00e+00	0.00e+00	0.00e+00
 1.68129e+15	4.54e-18	3.39e-12	2.02e-07	5.74e-04	5.73e-02	4.03e-01	5.39e-01	0.00e+00	0.00e+00	0.00e+00	0.00e+00	0.00e+00
 1.73838e+15	6.48e-18	4.59e-12	2.56e-07	6.79e-04	6.33e-02	4.18e-01	5.18e-01	0.00e+00	0.00e+00	0.00e+00	0.00e+00	0.00e+00
 1.80036e+15	9.40e-18	6.30e-12	3.28e-07	8.08e-04	7.00e-02	4.33e-01	4.97e-01	0.00e+00	0.00e+00	0.00e+00	0.00e+00	0.00e+00
 1.86987e+15	1.40e-17	8.86e-12	4.28e-07	9.74e-04	7.79e-02	4.48e-01	4.73e-01	0.00e+00	0.00e+00	0.00e+00	0.00e+00	0.00e+00
 1.93567e+15	2.03e-17	1.21e-11	5.44e-07	1.15e-03	8.58e-02	4.62e-01	4.52e-01	0.00e+00	0.00e+00	0.00e+00	0.00e+00	0.00e+00
 2.00634e+15	3.01e-17	1.66e-11	6.96e-07	1.37e-03	9.45e-02	4.75e-01	4.29e-01	0.00e+00	0.00e+00	1.71e-17	9.17e-18	3.39e-18
 2.08482e+15	4.48e-17	2.33e-11	9.05e-07	1.64e-03	1.05e-01	4.88e-01	4.05e-01	0.00e+00	0.00e+00	2.54e-17	1.38e-17	4.95e-18
 2.16041e+15	6.51e-17	3.18e-11	1.15e-06	1.94e-03	1.15e-01	5.00e-01	3.84e-01	0.00e+00	0.00e+00	3.70e-17	2.01e-17	7.17e-18
 2.24083e+15	9.55e-17	4.37e-11	1.47e-06	2.29e-03	1.26e-01	5.10e-01	3.62e-01	0.00e+00	0.00e+00	5.44e-17	2.93e-17	1.05e-17
 2.33049e+15	1.44e-16	6.14e-11	1.91e-06	2.74e-03	1.39e-01	5.21e-01	3.38e-01	0.00e+00	0.00e+00	8.22e-17	4.41e-17	1.57e-17
 2.42000e+15	2.13e-16	8.48e-11	2.44e-06	3.24e-03	1.52e-01	5.29e-01	3.16e-01	0.00e+00	0.00e+00	1.22e-16	6.51e-17	2.31e-17
 2.51310e+15	3.15e-16	1.17e-10	3.12e-06	3.83e-03	1.65e-01	5.36e-01	2.95e-01	0.00e+00	0.00e+00	1.81e-16	9.61e-17	3.39e-17
 2.61365e+15	4.72e-16	1.63e-10	4.02e-06	4.54e-03	1.81e-01	5.42e-01	2.73e-01	0.00e+00	0.00e+00	2.71e-16	1.44e-16	5.06e-17
 2.71823e+15	7.07e-16	2.26e-10	5.15e-06	5.36e-03	1.97e-01	5.46e-01	2.52e-01	0.00e+00	0.00e+00	4.06e-16	2.15e-16	7.54e-17
 2.82699e+15	1.05e-15	3.12e-10	6.58e-06	6.30e-03	2.14e-01	5.48e-01	2.32e-01	0.00e+00	0.00e+00	6.05e-16	3.20e-16	1.12e-16
 2.94010e+15	1.57e-15	4.30e-10	8.39e-06	7.40e-03	2.31e-01	5.48e-01	2.13e-01	0.00e+00	0.00e+00	9.03e-16	4.77e-16	1.66e-16
 3.05773e+15	2.33e-15	5.92e-10	1.07e-05	8.67e-03	2.50e-01	5.47e-01	1.95e-01	0.00e+00	0.00e+00	1.34e-15	7.10e-16	2.46e-16
 3.16163e+15	3.27e-15	7.74e-10	1.31e-05	9.89e-03	2.66e-01	5.44e-01	1.80e-01	0.00e+00	0.00e+00	1.88e-15	9.93e-16	3.43e-16
 3.24476e+15	4.24e-15	9.54e-10	1.53e-05	1.09e-02	2.79e-01	5.42e-01	1.69e-01	0.00e+00	0.00e+00	2.44e-15	1.29e-15	4.44e-16
 3.33494e+15	5.57e-15	1.18e-09	1.80e-05	1.22e-02	2.93e-01	5.38e-01	1.58e-01	0.00e+00	0.00e+00	3.21e-15	1.69e-15	5.82e-16
 3.45217e+15	7.86e-15	1.56e-09	2.20e-05	1.39e-02	3.10e-01	5.32e-01	1.44e-01	0.00e+00	0.00e+00	4.53e-15	2.39e-15	8.19e-16
 3.57837e+15	1.12e-14	2.06e-09	2.72e-05	1.59e-02	3.29e-01	5.24e-01	1.31e-01	0.00e+00	0.00e+00	6.48e-15	3.42e-15	1.17e-15
 3.69071e+15	1.52e-14	2.62e-09	3.25e-05	1.78e-02	3.46e-01	5.16e-01	1.20e-01	0.00e+00	0.00e+00	8.79e-15	4.63e-15	1.58e-15
 3.81127e+15	2.09e-14	3.35e-09	3.90e-05	1.99e-02	3.63e-01	5.07e-01	1.10e-01	0.00e+00	0.00e+00	1.21e-14	6.35e-15	2.16e-15
 3.95701e+15	3.02e-14	4.47e-09	4.83e-05	2.28e-02	3.83e-01	4.95e-01	9.85e-02	0.00e+00	0.00e+00	1.74e-14	9.16e-15	3.11e-15
 4.10064e+15	4.25e-14	5.84e-09	5.89e-05	2.57e-02	4.03e-01	4.83e-01	8.85e-02	0.00e+00	0.00e+00	2.46e-14	1.29e-14	4.37e-15
 4.22739e+15	5.70e-14	7.33e-09	6.97e-05	2.86e-02	4.19e-01	4.72e-01	8.06e-02	0.00e+00	0.00e+00	3.29e-14	1.73e-14	5.84e-15
 4.36705e+15	7.80e-14	9.34e-09	8.34e-05	3.18e-02	4.37e-01	4.59e-01	7.26e-02	0.00e+00	0.00e+00	4.51e-14	2.37e-14	7.97e-15
 4.53493e+15	1.12e-13	1.23e-08	1.02e-04	3.61e-02	4.57e-01	4.43e-01	6.42e-02	0.00e+00	0.00e+00	6.47e-14	3.40e-14	1.14e-14
 4.70114e+15	1.58e-13	1.61e-08	1.24e-04	4.05e-02	4.75e-01	4.27e-01	5.69e-02	0.00e+00	0.00e+00	9.13e-14	4.79e-14	1.61e-14
 4.84991e+15	2.13e-13	2.02e-08	1.47e-04	4.47e-02	4.91e-01	4.13e-01	5.11e-02	0.00e+00	0.00e+00	1.23e-13	6.47e-14	2.16e-14
 5.01437e+15	2.93e-13	2.57e-08	1.75e-04	4.96e-02	5.08e-01	3.97e-01	4.53e-02	0.00e+00	0.00e+00	1.69e-13	8.89e-14	2.97e-14
 5.20948e+15	4.21e-13	3.39e-08	2.14e-04	5.58e-02	5.26e-01	3.78e-01	3.94e-02	0.00e+00	0.00e+00	2.44e-13	1.28e-13	4.26e-14
 5.40239e+15	5.94e-13	4.39e-08	2.58e-04	6.22e-02	5.43e-01	3.60e-01	3.44e-02	0.00e+00	0.00e+00	3.44e-13	1.80e-13	6.00e-14
 5.57951e+15	8.05e-13	5.53e-08	3.05e-04	6.84e-02	5.57e-01	3.44e-01	3.03e-02	0.00e+00	0.00e+00	4.66e-13	2.44e-13	8.12e-14
 5.77817e+15	1.12e-12	7.09e-08	3.65e-04	7.57e-02	5.71e-01	3.26e-01	2.64e-02	0.00e+00	0.00e+00	6.50e-13	3.41e-13	1.13e-13
 6.00022e+15	1.60e-12	9.25e-08	4.42e-04	8.43e-02	5.85e-01	3.07e-01	2.26e-02	0.00e+00	0.00e+00	9.26e-13	4.85e-13	1.61e-13
 6.21410e+15	2.22e-12	1.18e-07	5.28e-04	9.29e-02	5.97e-01	2.90e-01	1.95e-02	0.00e+00	0.00e+00	1.28e-12	6.73e-13	2.23e-13
 6.41479e+15	2.98e-12	1.47e-07	6.19e-04	1.01e-01	6.07e-01	2.74e-01	1.70e-02	0.00e+00	0.00e+00	1.73e-12	9.05e-13	2.99e-13
 6.63692e+15	4.11e-12	1.87e-07	7.34e-04	1.11e-01	6.17e-01	2.57e-01	1.46e-02	0.00e+00	0.00e+00	2.38e-12	1.25e-12	4.12e-13
 6.88252e+15	5.75e-12	2.40e-07	8.79e-04	1.22e-01	6.25e-01	2.39e-01	1.24e-02	0.00e+00	0.00e+00	3.33e-12	1.75e-12	5.76e-13
 7.11253e+15	7.78e-12	3.01e-07	1.03e-03	1.33e-01	6.32e-01	2.24e-01	1.06e-02	0.00e+00	0.00e+00	4.51e-12	2.37e-12	7.79e-13
 7.31368e+15	1.00e-11	3.64e-07	1.18e-03	1.43e-01	6.36e-01	2.11e-01	9.30e-03	0.00e+00	0.00e+00	5.83e-12	3.05e-12	1.01e-12
 7.52343e+15	1.31e-11	4.42e-07	1.36e-03	1.54e-01	6.39e-01	1.98e-01	8.09e-03	0.00e+00	0.00e+00	7.59e-12	3.98e-12	1.31e-12
 7.75858e+15	1.74e-11	5.45e-07	1.58e-03	1.66e-01	6.42e-01	1.84e-01	6.93e-03	0.00e+00	0.00e+00	1.01e-11	5.29e-12	1.74e-12
 7.98314e+15	2.25e-11	6.61e-07	1.82e-03	1.78e-01	6.43e-01	1.72e-01	5.98e-03	0.00e+00	0.00e+00	1.31e-11	6.86e-12	2.25e-12
 8.23145e+15	3.00e-11	8.16e-07	2.12e-03	1.92e-01	6.42e-01	1.59e-01	5.08e-03	0.00e+00	0.00e+00	1.74e-11	9.14e-12	3.00e-12
 8.50304e+15	4.04e-11	1.02e-06	2.48e-03	2.07e-01	6.41e-01	1.46e-01	4.26e-03	0.00e+00	0.00e+00	2.35e-11	1.23e-11	4.03e-12
 8.75426e+15	5.26e-11	1.23e-06	2.86e-03	2.21e-01	6.38e-01	1.35e-01	3.63e-03	0.00e+00	0.00e+00	3.05e-11	1.60e-11	5.25e-12
 9.03020e+15	7.05e-11	1.53e-06	3.33e-03	2.38e-01	6.33e-01	1.23e-01	3.03e-03	0.00e+00	0.00e+00	4.10e-11	2.15e-11	7.04e-12
 9.32480e+15	9.43e-11	1.90e-06	3.90e-03	2.56e-01	6.26e-01	1.12e-01	2.51e-03	0.00e+00	0.00e+00	5.48e-11	2.87e-11	9.41e-12
 9.58392e+15	1.21e-10	2.28e-06	4.46e-03	2.72e-01	6.19e-01	1.03e-01	2.13e-03	0.00e+00	0.00e+00	7.00e-11	3.67e-11	1.20e-11
 9.86103e+15	1.58e-10	2.78e-06	5.14e-03	2.89e-01	6.10e-01	9.36e-02	1.78e-03	0.00e+00	0.00e+00	9.18e-11	4.81e-11	1.58e-11
 1.01676e+16	2.10e-10	3.43e-06	6.00e-03	3.09e-01	5.99e-01	8.43e-02	1.46e-03	0.00e+00	0.00e+00	1.22e-10	6.39e-11	2.09e-11
 1.04505e+16	2.69e-10	4.13e-06	6.88e-03	3.27e-01	5.88e-01	7.66e-02	1.22e-03	0.00e+00	0.00e+00	1.56e-10	8.19e-11	2.68e-11
 1.07075e+16	3.37e-10	4.88e-06	7.78e-03	3.44e-01	5.77e-01	7.00e-02	1.04e-03	0.00e+00	0.00e+00	1.96e-10	1.03e-10	3.36e-11
 1.09926e+16	4.35e-10	5.90e-06	8.93e-03	3.63e-01	5.63e-01	6.32e-02	8.63e-04	0.00e+00	0.00e+00	2.53e-10	1.33e-10	4.34e-11
 1.13030e+16	5.67e-10	7.20e-06	1.03e-02	3.85e-01	5.48e-01	5.65e-02	7.06e-04	0.00e+00	0.00e+00	3.30e-10	1.73e-10	5.66e-11
 1.15808e+16	7.11e-10	8.53e-06	1.18e-02	4.03e-01	5.33e-01	5.11e-02	5.91e-04	0.00e+00	0.00e+00	4.13e-10	2.17e-10	7.10e-11
 1.18374e+16	8.80e-10	1.00e-05	1.32e-02	4.21e-01	5.19e-01	4.64e-02	5.00e-04	0.00e+00	0.00e+00	5.11e-10	2.68e-10	8.79e-11
 1.21321e+16	1.13e-09	1.21e-05	1.52e-02	4.42e-01	5.01e-01	4.14e-02	4.11e-04	0.00e+00	0.00e+00	6.56e-10	3.45e-10	1.13e-10
 1.24508e+16	1.47e-09	1.47e-05	1.76e-02	4.64e-01	4.82e-01	3.66e-02	3.33e-04	0.00e+00	0.00e+00	8.52e-10	4.48e-10	1.47e-10
 1.27329e+16	1.83e-09	1.74e-05	2.00e-02	4.83e-01	4.64e-01	3.27e-02	2.76e-04	0.00e+00	0.00e+00	1.06e-09	5.58e-10	1.83e-10
 1.29906e+16	2.26e-09	2.04e-05	2.26e-02	5.01e-01	4.47e-01	2.94e-02	2.31e-04	0.00e+00	0.00e+00	1.31e-09	6.90e-10	2.26e-10
 1.32845e+16	2.91e-09	2.47e-05	2.60e-02	5.21e-01	4.27e-01	2.59e-02	1.88e-04	0.00e+00	0.00e+00	1.69e-09	8.89e-10	2.91e-10
 1.35982e+16	3.79e-09	3.01e-05	3.02e-02	5.42e-01	4.05e-01	2.26e-02	1.51e-04	0.00e+00	0.00e+00	2.20e-09	1.16e-09	3.79e-10
 1.38689e+16	4.73e-09	3.58e-05	3.44e-02	5.60e-01	3.85e-01	2.00e-02	1.24e-04	0.00e+00	0.00e+00	2.75e-09	1.45e-09	4.74e-10
 1.41112e+16	5.84e-09	4.20e-05	3.89e-02	5.76e-01	3.67e-01	1.79e-02	1.04e-04	0.00e+00	0.00e+00	3.39e-09	1.78e-09	5.85e-10
 1.43401e+16	7.13e-09	4.90e-05	4.37e-02	5.90e-01	3.50e-01	1.60e-02	8.76e-05	0.00e+00	0.00e+00	4.15e-09	2.18e-09	7.15e-10
 1.45562e+16	8.60e-09	5.68e-05	4.90e-02	6.03e-01	3.34e-01	1.44e-02	7.42e-05	0.00e+00	0.00e+00	5.00e-09	2.63e-09	8.63e-10
 1.48008e+16	1.10e-08	6.85e-05	5.61e-02	6.17e-01	3.14e-01	1.26e-02	6.07e-05	0.00e+00	0.00e+00	6.40e-09	3.37e-09	1.10e-09
 1.50677e+16	1.41e-08	8.30e-05	6.51e-02	6.31e-01	2.92e-01	1.09e-02	4.88e-05	0.00e+00	0.00e+00	8.18e-09	4.30e-09	1.41e-09
 1.53051e+16	1.80e-08	1.00e-04	7.50e-02	6.43e-01	2.73e-01	9.46e-03	3.97e-05	0.00e+00	0.00e+00	1.04e-08	5.50e-09	1.80e-09
 1.55122e+16	2.24e-08	1.19e-04	8.53e-02	6.51e-01	2.55e-01	8.32e-03	3.29e-05	0.00e+00	0.00e+00	1.30e-08	6.84e-09	2.25e-09
 1.57051e+16	2.74e-08	1.40e-04	9.67e-02	6.58e-01	2.38e-01	7.32e-03	2.74e-05	0.00e+00	0.00e+00	1.60e-08	8.39e-09	2.76e-09
 1.59227e+16	3.61e-08	1.73e-04	1.13e-01	6.63e-01	2.18e-01	6.23e-03	2.18e-05	0.00e+00	0.00e+00	2.10e-08	1.11e-08	3.63e-09
 1.61466e+16	4.68e-08	2.12e-04	1.33e-01	6.65e-01	1.97e-01	5.25e-03	1.72e-05	0.00e+00	0.00e+00	2.72e-08	1.43e-08	4.71e-09
 1.63259e+16	5.97e-08	2.56e-04	1.53e-01	6.63e-01	1.80e-01	4.49e-03	1.39e-05	0.00e+00	0.00e+00	3.47e-08	1.83e-08	6.01e-09
 1.64748e+16	7.37e-08	3.03e-04	1.73e-01	6.58e-01	1.65e-01	3.90e-03	1.15e-05	0.00e+00	0.00e+00	4.29e-08	2.26e-08	7.42e-09
 1.66368e+16	9.39e-08	3.67e-04	2.00e-01	6.49e-01	1.47e-01	3.28e-03	9.11e-06	0.00e+00	0.00e+00	5.46e-08	2.88e-08	9.47e-09
 1.68067e+16	1.23e-07	4.53e-04	2.34e-01	6.34e-01	1.29e-01	2.68e-03	7.00e-06	0.00e+00	0.00e+00	7.14e-08	3.76e-08	1.24e-08
 1.69449e+16	1.49e-07	5.31e-04	2.69e-01	6.15e-01	1.13e-01	2.22e-03	5.51e-06	0.00e+00	0.00e+00	8.66e-08	4.56e-08	1.50e-08
 1.70572e+16	1.91e-07	6.41e-04	3.03e-01	5.94e-01	1.00e-01	1.85e-03	4.39e-06	0.00e+00	0.00e+00	1.11e-07	5.86e-08	1.93e-08
 1.71602e+16	2.25e-07	7.31e-04	3.39e-01	5.70e-01	8.79e-02	1.54e-03	3.49e-06	0.00e+00	0.00e+00	1.31e-07	6.90e-08	2.28e-08
 1.72555e+16	2.73e-07	8.49e-04	3.78e-01	5.43e-01	7.63e-02	1.27e-03	2.75e-06	0.00e+00	0.00e+00	1.59e-07	8.38e-08	2.77e-08
 1.73352e+16	3.24e-07	9.67e-04	4.15e-01	5.16e-01	6.67e-02	1.06e-03	2.21e-06	0.00e+00	0.00e+00	1.89e-07	9.94e-08	3.29e-08
 1.74014e+16	3.84e-07	1.09e-03	4.49e-01	4.90e-01	5.88e-02	8.96e-04	1.79e-06	0.00e+00	0.00e+00	2.24e-07	1.18e-07	3.90e-08
 1.74619e+16	4.29e-07	1.19e-03	4.82e-01	4.65e-01	5.16e-02	7.56e-04	1.46e-06	0.00e+00	0.00e+00	2.50e-07	1.32e-07	4.36e-08
 1.75291e+16	5.15e-07	1.36e-03	5.22e-01	4.32e-01	4.37e-02	6.08e-04	1.13e-06	0.00e+00	0.00e+00	2.99e-07	1.58e-07	5.23e-08
 1.75992e+16	6.00e-07	1.53e-03	5.66e-01	3.96e-01	3.62e-02	4.77e-04	8.43e-07	0.00e+00	0.00e+00	3.49e-07	1.84e-07	6.11e-08
 1.76603e+16	6.91e-07	1.69e-03	6.06e-01	3.62e-01	3.00e-02	3.75e-04	0.00e+00	0.00e+00	0.00e+00	4.02e-07	2.12e-07	7.04e-08
 1.77272e+16	8.03e-07	1.88e-03	6.51e-01	3.24e-01	2.38e-02	2.80e-04	0.00e+00	0.00e+00	0.00e+00	4.67e-07	2.47e-07	8.20e-08
 1.77989e+16	9.41e-07	2.09e-03	6.98e-01	2.82e-01	1.81e-02	1.98e-04	0.00e+00	0.00e+00	0.00e+00	5.47e-07	2.89e-07	9.62e-08
 1.78617e+16	1.07e-06	2.29e-03	7.38e-01	2.46e-01	1.38e-02	1.41e-04	0.00e+00	0.00e+00	0.00e+00	6.25e-07	3.31e-07	1.10e-07
 1.79281e+16	1.24e-06	2.51e-03	7.78e-01	2.09e-01	1.01e-02	9.48e-05	0.00e+00	0.00e+00	0.00e+00	7.19e-07	3.80e-07	1.27e-07
 1.80018e+16	1.42e-06	2.74e-03	8.18e-01	1.72e-01	6.93e-03	5.95e-05	0.00e+00	0.00e+00	0.00e+00	8.27e-07	4.38e-07	1.46e-07
 1.80727e+16	1.61e-06	2.95e-03	8.51e-01	1.41e-01	4.73e-03	3.68e-05	0.00e+00	0.00e+00	0.00e+00	9.36e-07	4.96e-07	1.66e-07
 1.81527e+16	1.83e-06	3.18e-03	8.82e-01	1.12e-01	3.00e-03	2.07e-05	0.00e+00	0.00e+00	0.00e+00	1.07e-06	5.65e-07	1.89e-07
 1.82566e+16	2.13e-06	3.45e-03	9.12e-01	8.26e-02	1.65e-03	9.66e-06	0.00e+00	0.00e+00	0.00e+00	1.24e-06	6.56e-07	2.20e-07
 1.83918e+16	2.50e-06	3.75e-03	9.39e-01	5.65e-02	7.67e-04	3.59e-06	0.00e+00	0.00e+00	0.00e+00	1.45e-06	7.71e-07	2.59e-07
 1.85674e+16	2.97e-06	4.07e-03	9.59e-01	3.64e-02	3.02e-04	1.05e-06	0.00e+00	0.00e+00	0.00e+00	1.73e-06	9.17e-07	3.09e-07
 1.87958e+16	3.59e-06	4.42e-03	9.73e-01	2.27e-02	1.04e-04	2.45e-07	0.00e+00	0.00e+00	0.00e+00	2.09e-06	1.11e-06	3.74e-07
 1.90927e+16	4.48e-06	4.85e-03	9.81e-01	1.45e-02	3.34e-05	0.00e+00	0.00e+00	0.00e+00	0.00e+00	2.61e-06	1.38e-06	4.67e-07
 1.94787e+16	5.93e-06	5.42e-03	9.85e-01	9.87e-03	1.04e-05	0.00e+00	0.00e+00	0.00e+00	0.00e+00	3.45e-06	1.83e-06	6.17e-07
 1.98815e+16	8.04e-06	6.12e-03	9.86e-01	7.65e-03	4.04e-06	0.00e+00	0.00e+00	0.00e+00	0.00e+00	4.67e-06	2.48e-06	8.36e-07
 2.02102e+16	1.05e-05	6.81e-03	9.87e-01	6.55e-03	2.12e-06	0.00e+00	0.00e+00	0.00e+00	0.00e+00	6.08e-06	3.23e-06	1.09e-06
 2.04867e+16	1.32e-05	7.51e-03	9.87e-01	5.82e-03	1.28e-06	0.00e+00	0.00e+00	0.00e+00	0.00e+00	7.69e-06	4.09e-06	1.38e-06
 2.07916e+16	1.73e-05	8.41e-03	9.86e-01	5.16e-03	7.55e-07	0.00e+00	0.00e+00	0.00e+00	0.00e+00	1.00e-05	5.33e-06	1.79e-06
 2.11214e+16	2.35e-05	9.62e-03	9.86e-01	4.56e-03	0.00e+00	0.00e+00	0.00e+00	0.00e+00	0.00e+00	1.37e-05	7.26e-06	2.44e-06
 2.14022e+16	3.13e-05	1.09e-02	9.85e-01	4.06e-03	0.00e+00	0.00e+00	0.00e+00	0.00e+00	0.00e+00	1.82e-05	9.65e-06	3.24e-06
 2.16313e+16	4.00e-05	1.22e-02	9.84e-01	3.69e-03	0.00e+00	0.00e+00	0.00e+00	0.00e+00	0.00e+00	2.32e-05	1.23e-05	4.14e-06
 2.17976e+16	4.81e-05	1.33e-02	9.83e-01	3.43e-03	0.00e+00	0.00e+00	0.00e+00	0.00e+00	0.00e+00	2.80e-05	1.48e-05	4.98e-06
 2.19053e+16	5.46e-05	1.42e-02	9.83e-01	3.26e-03	0.00e+00	0.00e+00	0.00e+00	0.00e+00	0.00e+00	3.17e-05	1.68e-05	5.65e-06
 2.20140e+16	6.20e-05	1.51e-02	9.82e-01	3.09e-03	0.00e+00	0.00e+00	0.00e+00	0.00e+00	0.00e+00	3.61e-05	1.91e-05	6.42e-06
 2.21553e+16	7.36e-05	1.64e-02	9.81e-01	2.87e-03	0.00e+00	0.00e+00	0.00e+00	0.00e+00	0.00e+00	4.28e-05	2.27e-05	7.62e-06
 2.23043e+16	8.89e-05	1.80e-02	9.79e-01	2.65e-03	0.00e+00	0.00e+00	0.00e+00	0.00e+00	0.00e+00	5.17e-05	2.74e-05	9.19e-06
 2.24271e+16	1.05e-04	1.95e-02	9.78e-01	2.46e-03	0.00e+00	0.00e+00	0.00e+00	0.00e+00	0.00e+00	6.08e-05	3.22e-05	1.08e-05
 2.25305e+16	1.20e-04	2.09e-02	9.77e-01	2.32e-03	0.00e+00	0.00e+00	0.00e+00	0.00e+00	0.00e+00	6.99e-05	3.70e-05	1.24e-05
 2.26447e+16	1.41e-04	2.26e-02	9.75e-01	2.15e-03	0.00e+00	0.00e+00	0.00e+00	0.00e+00	0.00e+00	8.21e-05	4.35e-05	1.46e-05
 2.27703e+16	1.69e-04	2.49e-02	9.73e-01	1.98e-03	0.00e+00	0.00e+00	0.00e+00	0.00e+00	0.00e+00	9.85e-05	5.22e-05	1.75e-05
 2.28716e+16	1.97e-04	2.69e-02	9.71e-01	1.85e-03	0.00e+00	0.00e+00	0.00e+00	0.00e+00	0.00e+00	1.15e-04	6.08e-05	2.04e-05
 2.29441e+16	2.21e-04	2.86e-02	9.69e-01	1.75e-03	0.00e+00	0.00e+00	0.00e+00	0.00e+00	0.00e+00	1.29e-04	6.81e-05	2.29e-05
