#depth	N	N+	N+2	N+3	N+4	N+5	N+6	N+7
 1.49634e+10	0.00e+00	3.98e-33	3.41e-24	6.67e-16	1.48e-08	9.97e-01	3.37e-03	0.00e+00
 4.54887e+10	8.31e-43	5.61e-33	4.43e-24	7.96e-16	1.61e-08	9.97e-01	3.09e-03	4.78e-09
 7.72350e+10	0.00e+00	7.92e-33	5.76e-24	9.51e-16	1.77e-08	9.97e-01	2.81e-03	0.00e+00
 1.10251e+11	1.96e-42	1.12e-32	7.49e-24	1.14e-15	1.94e-08	9.97e-01	2.57e-03	0.00e+00
 1.43116e+11	0.00e+00	1.56e-32	9.65e-24	1.35e-15	2.11e-08	9.98e-01	2.35e-03	0.00e+00
 1.77295e+11	4.47e-42	2.17e-32	1.24e-23	1.60e-15	2.31e-08	9.98e-01	2.15e-03	0.00e+00
 2.14314e+11	0.00e+00	3.07e-32	1.62e-23	1.92e-15	2.53e-08	9.98e-01	1.96e-03	0.00e+00
 2.51943e+11	1.05e-41	4.31e-32	2.10e-23	2.29e-15	2.77e-08	9.98e-01	1.79e-03	0.00e+00
 2.88717e+11	0.00e+00	5.94e-32	2.69e-23	2.71e-15	3.02e-08	9.98e-01	1.65e-03	0.00e+00
 3.27831e+11	2.33e-41	8.25e-32	3.45e-23	3.22e-15	3.30e-08	9.98e-01	1.51e-03	0.00e+00
 3.70871e+11	0.00e+00	1.17e-31	4.51e-23	3.87e-15	3.63e-08	9.99e-01	1.37e-03	0.00e+00
 4.14694e+11	5.46e-41	1.64e-31	5.87e-23	4.63e-15	3.99e-08	9.99e-01	1.25e-03	0.00e+00
 4.60270e+11	0.00e+00	2.31e-31	7.63e-23	5.55e-15	4.38e-08	9.99e-01	1.14e-03	0.00e+00
 5.08608e+11	1.27e-40	3.26e-31	9.97e-23	6.69e-15	4.82e-08	9.99e-01	1.03e-03	0.00e+00
 5.58879e+11	0.00e+00	4.61e-31	1.30e-22	8.05e-15	5.32e-08	9.99e-01	9.38e-04	0.00e+00
 6.04329e+11	2.82e-40	6.22e-31	1.65e-22	9.48e-15	5.79e-08	9.99e-01	8.62e-04	0.00e+00
 6.42168e+11	0.00e+00	7.92e-31	1.99e-22	1.08e-14	6.20e-08	9.99e-01	8.05e-04	0.00e+00
 6.83607e+11	5.19e-40	1.02e-30	2.43e-22	1.24e-14	6.68e-08	9.99e-01	7.48e-04	0.00e+00
 7.36133e+11	0.00e+00	1.40e-30	3.10e-22	1.48e-14	7.31e-08	9.99e-01	6.84e-04	0.00e+00
 7.90954e+11	1.12e-39	1.92e-30	3.97e-22	1.76e-14	8.01e-08	9.99e-01	6.24e-04	0.00e+00
 8.37442e+11	0.00e+00	2.48e-30	4.85e-22	2.02e-14	8.64e-08	9.99e-01	5.79e-04	0.00e+00
 8.85215e+11	2.08e-39	3.20e-30	5.92e-22	2.33e-14	9.31e-08	9.99e-01	5.37e-04	0.00e+00
 9.45425e+11	0.00e+00	4.35e-30	7.55e-22	2.77e-14	1.02e-07	1.00e+00	4.90e-04	0.00e+00
 1.00662e+12	4.36e-39	5.87e-30	9.58e-22	3.28e-14	1.12e-07	1.00e+00	4.48e-04	0.00e+00
 1.05902e+12	0.00e+00	7.52e-30	1.16e-21	3.78e-14	1.21e-07	1.00e+00	4.16e-04	0.00e+00
 1.11520e+12	8.01e-39	9.70e-30	1.42e-21	4.37e-14	1.30e-07	1.00e+00	3.85e-04	0.00e+00
 1.18486e+12	0.00e+00	1.31e-29	1.81e-21	5.19e-14	1.43e-07	1.00e+00	3.51e-04	0.00e+00
 1.25633e+12	1.65e-38	1.77e-29	2.30e-21	6.16e-14	1.57e-07	1.00e+00	3.20e-04	0.00e+00
 1.32055e+12	0.00e+00	2.29e-29	2.82e-21	7.15e-14	1.70e-07	1.00e+00	2.96e-04	0.00e+00
 1.39104e+12	3.11e-38	3.00e-29	3.50e-21	8.35e-14	1.85e-07	1.00e+00	2.72e-04	0.00e+00
 1.47446e+12	0.00e+00	4.07e-29	4.47e-21	9.98e-14	2.04e-07	1.00e+00	2.47e-04	0.00e+00
 1.55810e+12	6.39e-38	5.45e-29	5.65e-21	1.18e-13	2.24e-07	1.00e+00	2.25e-04	0.00e+00
 1.63732e+12	0.00e+00	7.11e-29	6.99e-21	1.38e-13	2.43e-07	1.00e+00	2.07e-04	0.00e+00
 1.72497e+12	1.23e-37	9.43e-29	8.77e-21	1.63e-13	2.66e-07	1.00e+00	1.90e-04	0.00e+00
 1.82390e+12	0.00e+00	1.28e-28	1.12e-20	1.95e-13	2.94e-07	1.00e+00	1.72e-04	0.00e+00
 1.92258e+12	2.51e-37	1.71e-28	1.41e-20	2.31e-13	3.22e-07	1.00e+00	1.57e-04	0.00e+00
 2.00968e+12	0.00e+00	2.18e-28	1.72e-20	2.67e-13	3.49e-07	1.00e+00	1.45e-04	0.00e+00
 2.08268e+12	4.27e-37	2.66e-28	2.02e-20	3.00e-13	3.72e-07	1.00e+00	1.36e-04	0.00e+00
 2.16119e+12	0.00e+00	3.27e-28	2.39e-20	3.39e-13	3.98e-07	1.00e+00	1.27e-04	0.00e+00
 2.26326e+12	7.48e-37	4.25e-28	2.94e-20	3.96e-13	4.33e-07	1.00e+00	1.17e-04	0.00e+00
 2.37006e+12	0.00e+00	5.51e-28	3.63e-20	4.62e-13	4.71e-07	1.00e+00	1.08e-04	0.00e+00
 2.46118e+12	1.32e-36	6.84e-28	4.32e-20	5.24e-13	5.05e-07	1.00e+00	1.00e-04	0.00e+00
 2.55779e+12	0.00e+00	8.53e-28	5.16e-20	5.97e-13	5.43e-07	1.00e+00	9.36e-05	0.00e+00
 2.67960e+12	2.38e-36	1.12e-27	6.40e-20	6.99e-13	5.92e-07	1.00e+00	8.58e-05	0.00e+00
 2.80510e+12	0.00e+00	1.45e-27	7.93e-20	8.18e-13	6.46e-07	1.00e+00	7.88e-05	0.00e+00
 2.91525e+12	4.28e-36	1.82e-27	9.51e-20	9.34e-13	6.95e-07	1.00e+00	7.33e-05	0.00e+00
 3.03453e+12	0.00e+00	2.30e-27	1.15e-19	1.07e-12	7.50e-07	1.00e+00	6.79e-05	0.00e+00
 3.16666e+12	7.67e-36	2.96e-27	1.41e-19	1.24e-12	8.14e-07	1.00e+00	6.26e-05	0.00e+00
 3.28910e+12	0.00e+00	3.71e-27	1.69e-19	1.42e-12	8.76e-07	1.00e+00	5.82e-05	0.00e+00
 3.42183e+12	1.33e-35	4.70e-27	2.04e-19	1.63e-12	9.45e-07	1.00e+00	5.40e-05	0.00e+00
 3.56948e+12	0.00e+00	6.05e-27	2.50e-19	1.89e-12	1.03e-06	1.00e+00	4.98e-05	0.00e+00
 3.70725e+12	2.37e-35	7.61e-27	3.01e-19	2.16e-12	1.10e-06	1.00e+00	4.63e-05	0.00e+00
 3.85709e+12	0.00e+00	9.68e-27	3.65e-19	2.49e-12	1.19e-06	1.00e+00	4.29e-05	0.00e+00
 4.02376e+12	4.31e-35	1.25e-26	4.49e-19	2.89e-12	1.30e-06	1.00e+00	3.95e-05	0.00e+00
 4.17958e+12	0.00e+00	1.58e-26	5.42e-19	3.31e-12	1.40e-06	1.00e+00	3.66e-05	0.00e+00
 4.34941e+12	7.67e-35	2.02e-26	6.60e-19	3.81e-12	1.51e-06	1.00e+00	3.39e-05	0.00e+00
 4.53906e+12	0.00e+00	2.63e-26	8.16e-19	4.45e-12	1.64e-06	1.00e+00	3.12e-05	0.00e+00
 4.71757e+12	1.41e-34	3.35e-26	9.90e-19	5.11e-12	1.77e-06	1.00e+00	2.89e-05	0.00e+00
 4.91273e+12	1.91e-34	4.33e-26	1.21e-18	5.91e-12	1.92e-06	1.00e+00	2.67e-05	0.00e+00
 5.13130e+12	2.66e-34	5.69e-26	1.51e-18	6.92e-12	2.10e-06	1.00e+00	2.45e-05	0.00e+00
 5.33838e+12	3.60e-34	7.32e-26	1.85e-18	7.99e-12	2.27e-06	1.00e+00	2.27e-05	0.00e+00
 5.56091e+12	4.94e-34	9.53e-26	2.28e-18	9.26e-12	2.46e-06	1.00e+00	2.09e-05	0.00e+00
 5.81327e+12	6.96e-34	1.27e-25	2.86e-18	1.09e-11	2.69e-06	1.00e+00	1.91e-05	0.00e+00
 6.06217e+12	9.68e-34	1.66e-25	3.56e-18	1.27e-11	2.92e-06	1.00e+00	1.76e-05	0.00e+00
 6.32103e+12	1.35e-33	2.19e-25	4.42e-18	1.48e-11	3.17e-06	1.00e+00	1.62e-05	0.00e+00
 6.60380e+12	1.92e-33	2.93e-25	5.56e-18	1.74e-11	3.46e-06	1.00e+00	1.49e-05	0.00e+00
 6.89788e+12	2.71e-33	3.90e-25	6.98e-18	2.04e-11	3.78e-06	1.00e+00	1.36e-05	0.00e+00
 7.18467e+12	3.78e-33	5.13e-25	8.66e-18	2.37e-11	4.09e-06	1.00e+00	1.26e-05	0.00e+00
 7.44761e+12	5.07e-33	6.53e-25	1.05e-17	2.71e-11	4.39e-06	1.00e+00	1.17e-05	0.00e+00
 7.68299e+12	6.55e-33	8.06e-25	1.24e-17	3.04e-11	4.67e-06	1.00e+00	1.10e-05	0.00e+00
 7.93445e+12	8.57e-33	1.01e-24	1.47e-17	3.43e-11	4.98e-06	1.00e+00	1.04e-05	0.00e+00
 8.25308e+12	1.20e-32	1.32e-24	1.82e-17	3.97e-11	5.38e-06	1.00e+00	9.59e-06	0.00e+00
 8.57615e+12	1.64e-32	1.71e-24	2.23e-17	4.58e-11	5.81e-06	1.00e+00	8.88e-06	0.00e+00
 8.84852e+12	2.14e-32	2.13e-24	2.64e-17	5.14e-11	6.18e-06	1.00e+00	8.35e-06	0.00e+00
 9.13784e+12	2.83e-32	2.67e-24	3.15e-17	5.80e-11	6.58e-06	1.00e+00	7.84e-06	0.00e+00
 9.50235e+12	3.98e-32	3.53e-24	3.90e-17	6.71e-11	7.11e-06	1.00e+00	7.27e-06	0.00e+00
 9.87482e+12	5.51e-32	4.61e-24	4.81e-17	7.76e-11	7.67e-06	1.00e+00	6.73e-06	0.00e+00
 1.01933e+13	7.28e-32	5.79e-24	5.73e-17	8.74e-11	8.16e-06	1.00e+00	6.33e-06	0.00e+00
 1.05315e+13	9.72e-32	7.32e-24	6.86e-17	9.88e-11	8.70e-06	1.00e+00	5.94e-06	0.00e+00
 1.09521e+13	1.38e-31	9.73e-24	8.53e-17	1.14e-10	9.38e-06	1.00e+00	5.51e-06	0.00e+00
 1.13830e+13	1.93e-31	1.28e-23	1.06e-16	1.32e-10	1.01e-05	1.00e+00	5.10e-06	0.00e+00
 1.17610e+13	2.60e-31	1.63e-23	1.27e-16	1.50e-10	1.08e-05	1.00e+00	4.79e-06	0.00e+00
 1.21673e+13	3.54e-31	2.09e-23	1.53e-16	1.70e-10	1.15e-05	1.00e+00	4.49e-06	0.00e+00
 1.26599e+13	5.09e-31	2.80e-23	1.92e-16	1.98e-10	1.24e-05	1.00e+00	4.16e-06	0.00e+00
 1.31585e+13	7.28e-31	3.73e-23	2.38e-16	2.29e-10	1.34e-05	1.00e+00	3.86e-06	0.00e+00
 1.36149e+13	9.95e-31	4.80e-23	2.89e-16	2.61e-10	1.43e-05	1.00e+00	3.61e-06	0.00e+00
 1.41225e+13	1.40e-30	6.30e-23	3.55e-16	3.00e-10	1.54e-05	1.00e+00	3.37e-06	0.00e+00
 1.47126e+13	2.05e-30	8.57e-23	4.48e-16	3.50e-10	1.66e-05	1.00e+00	3.11e-06	0.00e+00
 1.52938e+13	2.95e-30	1.15e-22	5.59e-16	4.06e-10	1.79e-05	1.00e+00	2.89e-06	0.00e+00
 1.58476e+13	4.12e-30	1.50e-22	6.85e-16	4.65e-10	1.92e-05	1.00e+00	2.70e-06	0.00e+00
 1.64608e+13	5.91e-30	2.01e-22	8.51e-16	5.38e-10	2.06e-05	1.00e+00	2.51e-06	0.00e+00
 1.71492e+13	8.72e-30	2.74e-22	1.08e-15	6.30e-10	2.23e-05	1.00e+00	2.32e-06	0.00e+00
 1.78468e+13	1.28e-29	3.72e-22	1.35e-15	7.34e-10	2.41e-05	1.00e+00	2.15e-06	0.00e+00
 1.85722e+13	1.87e-29	5.05e-22	1.70e-15	8.55e-10	2.60e-05	1.00e+00	1.99e-06	0.00e+00
 1.93450e+13	2.76e-29	6.90e-22	2.16e-15	1.00e-09	2.81e-05	1.00e+00	1.84e-06	0.00e+00
 2.01487e+13	4.09e-29	9.45e-22	2.73e-15	1.17e-09	3.04e-05	1.00e+00	1.70e-06	0.00e+00
 2.09292e+13	5.90e-29	1.27e-21	3.40e-15	1.35e-09	3.27e-05	1.00e+00	1.58e-06	0.00e+00
 2.15950e+13	7.94e-29	1.61e-21	4.08e-15	1.53e-09	3.47e-05	1.00e+00	1.49e-06	0.00e+00
 2.21841e+13	1.03e-28	1.98e-21	4.77e-15	1.70e-09	3.65e-05	1.00e+00	1.42e-06	0.00e+00
 2.28604e+13	1.39e-28	2.51e-21	5.68e-15	1.90e-09	3.87e-05	1.00e+00	1.34e-06	0.00e+00
 2.37224e+13	1.98e-28	3.34e-21	7.05e-15	2.20e-09	4.15e-05	1.00e+00	1.24e-06	0.00e+00
 2.46234e+13	2.82e-28	4.44e-21	8.75e-15	2.54e-09	4.47e-05	1.00e+00	1.16e-06	0.00e+00
 2.54169e+13	3.84e-28	5.68e-21	1.05e-14	2.87e-09	4.75e-05	1.00e+00	1.09e-06	0.00e+00
 2.62730e+13	5.32e-28	7.36e-21	1.28e-14	3.26e-09	5.06e-05	1.00e+00	1.02e-06	0.00e+00
 2.73070e+13	7.73e-28	9.93e-21	1.60e-14	3.79e-09	5.45e-05	1.00e+00	9.48e-07	0.00e+00
 2.83593e+13	1.10e-27	1.32e-20	2.00e-14	4.40e-09	5.87e-05	1.00e+00	0.00e+00	0.00e+00
 2.93379e+13	1.53e-27	1.72e-20	2.44e-14	5.02e-09	6.27e-05	1.00e+00	0.00e+00	0.00e+00
 3.04254e+13	2.19e-27	2.29e-20	3.01e-14	5.78e-09	6.73e-05	1.00e+00	0.00e+00	0.00e+00
 3.16724e+13	3.18e-27	3.10e-20	3.81e-14	6.76e-09	7.28e-05	1.00e+00	0.00e+00	0.00e+00
 3.29160e+13	4.66e-27	4.20e-20	4.78e-14	7.86e-09	7.84e-05	1.00e+00	0.00e+00	0.00e+00
 3.40439e+13	6.35e-27	5.41e-20	5.82e-14	8.97e-09	8.39e-05	1.00e+00	0.00e+00	0.00e+00
 3.50795e+13	8.52e-27	6.84e-20	6.94e-14	1.01e-08	8.89e-05	1.00e+00	0.00e+00	0.00e+00
 3.62654e+13	1.16e-26	8.78e-20	8.42e-14	1.15e-08	9.50e-05	1.00e+00	0.00e+00	0.00e+00
 3.76893e+13	1.69e-26	1.19e-19	1.06e-13	1.34e-08	1.02e-04	1.00e+00	0.00e+00	0.00e+00
 3.91014e+13	2.35e-26	1.56e-19	1.31e-13	1.55e-08	1.10e-04	1.00e+00	0.00e+00	0.00e+00
 4.03655e+13	3.23e-26	2.01e-19	1.58e-13	1.75e-08	1.17e-04	1.00e+00	0.00e+00	0.00e+00
 4.17588e+13	4.39e-26	2.58e-19	1.93e-13	2.00e-08	1.26e-04	1.00e+00	0.00e+00	0.00e+00
 4.34122e+13	6.30e-26	3.46e-19	2.42e-13	2.33e-08	1.36e-04	1.00e+00	0.00e+00	0.00e+00
 4.50484e+13	9.06e-26	4.63e-19	3.01e-13	2.70e-08	1.46e-04	1.00e+00	0.00e+00	0.00e+00
 4.65535e+13	1.21e-25	5.89e-19	3.65e-13	3.07e-08	1.56e-04	1.00e+00	0.00e+00	0.00e+00
 4.82435e+13	1.70e-25	7.74e-19	4.50e-13	3.53e-08	1.68e-04	1.00e+00	0.00e+00	0.00e+00
 5.01976e+13	2.45e-25	1.04e-18	5.69e-13	4.13e-08	1.82e-04	1.00e+00	0.00e+00	0.00e+00
 5.21071e+13	3.53e-25	1.40e-18	7.09e-13	4.79e-08	1.96e-04	1.00e+00	0.00e+00	0.00e+00
 5.39215e+13	4.77e-25	1.80e-18	8.66e-13	5.48e-08	2.10e-04	1.00e+00	0.00e+00	0.00e+00
 5.59367e+13	6.80e-25	2.39e-18	1.08e-12	6.34e-08	2.25e-04	1.00e+00	0.00e+00	0.00e+00
 5.82041e+13	9.67e-25	3.20e-18	1.36e-12	7.42e-08	2.44e-04	1.00e+00	0.00e+00	0.00e+00
 6.03614e+13	1.37e-24	4.24e-18	1.68e-12	8.57e-08	2.63e-04	1.00e+00	0.00e+00	0.00e+00
 6.23377e+13	1.82e-24	5.36e-18	2.03e-12	9.74e-08	2.80e-04	1.00e+00	0.00e+00	0.00e+00
 6.45800e+13	2.56e-24	7.05e-18	2.51e-12	1.12e-07	3.01e-04	1.00e+00	0.00e+00	0.00e+00
 6.71793e+13	3.61e-24	9.39e-18	3.16e-12	1.31e-07	3.26e-04	1.00e+00	0.00e+00	0.00e+00
 6.96584e+13	5.13e-24	1.25e-17	3.92e-12	1.51e-07	3.50e-04	1.00e+00	0.00e+00	0.00e+00
 7.17136e+13	6.57e-24	1.53e-17	4.65e-12	1.70e-07	3.72e-04	1.00e+00	0.00e+00	0.00e+00
 7.38020e+13	8.66e-24	1.92e-17	5.51e-12	1.90e-07	3.94e-04	1.00e+00	0.00e+00	0.00e+00
 7.64970e+13	1.18e-23	2.48e-17	6.81e-12	2.19e-07	4.23e-04	1.00e+00	0.00e+00	0.00e+00
 7.92784e+13	1.67e-23	3.28e-17	8.41e-12	2.52e-07	4.55e-04	1.00e+00	0.00e+00	0.00e+00
 8.16385e+13	2.14e-23	4.04e-17	1.00e-11	2.84e-07	4.83e-04	1.00e+00	0.00e+00	0.00e+00
 8.41534e+13	2.82e-23	5.07e-17	1.20e-11	3.20e-07	5.13e-04	9.99e-01	0.00e+00	0.00e+00
 8.73013e+13	3.92e-23	6.65e-17	1.49e-11	3.70e-07	5.52e-04	9.99e-01	0.00e+00	0.00e+00
 9.05395e+13	5.56e-23	8.82e-17	1.84e-11	4.28e-07	5.94e-04	9.99e-01	0.00e+00	0.00e+00
 9.33944e+13	7.22e-23	1.10e-16	2.21e-11	4.84e-07	6.33e-04	9.99e-01	0.00e+00	0.00e+00
 9.64836e+13	9.83e-23	1.41e-16	2.69e-11	5.50e-07	6.75e-04	9.99e-01	0.00e+00	0.00e+00
 1.00209e+14	1.36e-22	1.85e-16	3.36e-11	6.40e-07	7.30e-04	9.99e-01	0.00e+00	0.00e+00
 1.03901e+14	1.91e-22	2.44e-16	4.16e-11	7.39e-07	7.84e-04	9.99e-01	0.00e+00	0.00e+00
 1.07186e+14	2.47e-22	3.04e-16	5.00e-11	8.36e-07	8.36e-04	9.99e-01	0.00e+00	0.00e+00
 1.10802e+14	3.37e-22	3.92e-16	6.08e-11	9.54e-07	8.94e-04	9.99e-01	0.00e+00	0.00e+00
 1.15118e+14	4.63e-22	5.13e-16	7.62e-11	1.11e-06	9.67e-04	9.99e-01	0.00e+00	0.00e+00
 1.19397e+14	6.52e-22	6.78e-16	9.46e-11	1.28e-06	1.04e-03	9.99e-01	0.00e+00	0.00e+00
 1.23295e+14	8.42e-22	8.44e-16	1.14e-10	1.46e-06	1.11e-03	9.99e-01	0.00e+00	0.00e+00
 1.27643e+14	1.15e-21	1.09e-15	1.40e-10	1.68e-06	1.19e-03	9.99e-01	0.00e+00	0.00e+00
 1.32717e+14	1.61e-21	1.45e-15	1.76e-10	1.96e-06	1.29e-03	9.99e-01	0.00e+00	0.00e+00
 1.37700e+14	2.24e-21	1.90e-15	2.19e-10	2.27e-06	1.40e-03	9.99e-01	0.00e+00	0.00e+00
 1.42385e+14	2.91e-21	2.39e-15	2.66e-10	2.59e-06	1.50e-03	9.99e-01	0.00e+00	0.00e+00
 1.47613e+14	4.02e-21	3.12e-15	3.30e-10	2.99e-06	1.61e-03	9.98e-01	0.00e+00	0.00e+00
 1.53547e+14	5.59e-21	4.12e-15	4.15e-10	3.50e-06	1.75e-03	9.98e-01	0.00e+00	0.00e+00
 1.59457e+14	7.77e-21	5.43e-15	5.19e-10	4.07e-06	1.89e-03	9.98e-01	0.00e+00	0.00e+00
 1.65603e+14	1.05e-20	7.03e-15	6.48e-10	4.74e-06	2.05e-03	9.98e-01	0.00e+00	0.00e+00
 1.71125e+14	1.39e-20	8.92e-15	7.85e-10	5.40e-06	2.20e-03	9.98e-01	0.00e+00	0.00e+00
 1.75266e+14	1.69e-20	1.05e-14	9.03e-10	5.94e-06	2.31e-03	9.98e-01	0.00e+00	0.00e+00
 1.79590e+14	2.06e-20	1.25e-14	1.04e-09	6.55e-06	2.44e-03	9.98e-01	0.00e+00	0.00e+00
 1.85212e+14	2.65e-20	1.55e-14	1.25e-09	7.40e-06	2.60e-03	9.97e-01	0.00e+00	0.00e+00
 1.91311e+14	3.44e-20	1.93e-14	1.51e-09	8.43e-06	2.79e-03	9.97e-01	0.00e+00	0.00e+00
 1.96825e+14	4.37e-20	2.37e-14	1.78e-09	9.44e-06	2.96e-03	9.97e-01	0.00e+00	0.00e+00
 2.02787e+14	5.49e-20	2.89e-14	2.12e-09	1.06e-05	3.16e-03	9.97e-01	0.00e+00	0.00e+00
 2.09522e+14	7.18e-20	3.63e-14	2.56e-09	1.21e-05	3.40e-03	9.97e-01	0.00e+00	0.00e+00
 2.15999e+14	9.14e-20	4.48e-14	3.06e-09	1.37e-05	3.63e-03	9.96e-01	0.00e+00	0.00e+00
 2.23155e+14	1.18e-19	5.59e-14	3.70e-09	1.56e-05	3.90e-03	9.96e-01	0.00e+00	0.00e+00
 2.31087e+14	1.55e-19	7.09e-14	4.54e-09	1.79e-05	4.21e-03	9.96e-01	0.00e+00	0.00e+00
 2.38528e+14	2.00e-19	8.84e-14	5.46e-09	2.04e-05	4.51e-03	9.95e-01	0.00e+00	0.00e+00
 2.46701e+14	2.62e-19	1.11e-13	6.64e-09	2.33e-05	4.86e-03	9.95e-01	0.00e+00	0.00e+00
 2.55789e+14	3.46e-19	1.42e-13	8.21e-09	2.69e-05	5.26e-03	9.95e-01	0.00e+00	0.00e+00
 2.64247e+14	4.48e-19	1.78e-13	9.93e-09	3.06e-05	5.65e-03	9.94e-01	0.00e+00	0.00e+00
 2.73420e+14	5.88e-19	2.25e-13	1.21e-08	3.51e-05	6.10e-03	9.94e-01	0.00e+00	0.00e+00
 2.83629e+14	7.86e-19	2.90e-13	1.50e-08	4.06e-05	6.62e-03	9.93e-01	0.00e+00	0.00e+00
 2.93165e+14	1.01e-18	3.62e-13	1.83e-08	4.64e-05	7.12e-03	9.93e-01	0.00e+00	0.00e+00
 3.03540e+14	1.34e-18	4.62e-13	2.24e-08	5.33e-05	7.69e-03	9.92e-01	0.00e+00	0.00e+00
 3.15112e+14	1.81e-18	5.98e-13	2.79e-08	6.18e-05	8.36e-03	9.92e-01	0.00e+00	0.00e+00
 3.25972e+14	2.36e-18	7.56e-13	3.41e-08	7.08e-05	9.02e-03	9.91e-01	0.00e+00	0.00e+00
 3.37763e+14	3.11e-18	9.61e-13	4.20e-08	8.15e-05	9.75e-03	9.90e-01	0.00e+00	0.00e+00
 3.50980e+14	4.29e-18	1.27e-12	5.28e-08	9.50e-05	1.06e-02	9.89e-01	0.00e+00	0.00e+00
 3.63551e+14	5.73e-18	1.62e-12	6.50e-08	1.09e-04	1.15e-02	9.88e-01	0.00e+00	0.00e+00
 3.76947e+14	7.67e-18	2.09e-12	8.05e-08	1.26e-04	1.24e-02	9.87e-01	0.00e+00	0.00e+00
 3.92055e+14	1.06e-17	2.77e-12	1.02e-07	1.48e-04	1.36e-02	9.86e-01	0.00e+00	0.00e+00
 4.06984e+14	1.44e-17	3.60e-12	1.27e-07	1.71e-04	1.48e-02	9.85e-01	0.00e+00	0.00e+00
 4.19173e+14	1.85e-17	4.45e-12	1.52e-07	1.93e-04	1.57e-02	9.84e-01	0.00e+00	0.00e+00
 4.28641e+14	2.23e-17	5.23e-12	1.73e-07	2.10e-04	1.65e-02	9.83e-01	0.00e+00	0.00e+00
 4.39002e+14	2.72e-17	6.21e-12	2.00e-07	2.31e-04	1.74e-02	9.82e-01	0.00e+00	0.00e+00
 4.52470e+14	3.50e-17	7.72e-12	2.40e-07	2.61e-04	1.87e-02	9.81e-01	0.00e+00	0.00e+00
 4.67039e+14	4.49e-17	9.60e-12	2.90e-07	2.96e-04	2.00e-02	9.80e-01	0.00e+00	0.00e+00
 4.80207e+14	5.82e-17	1.19e-11	3.43e-07	3.31e-04	2.12e-02	9.78e-01	0.00e+00	0.00e+00
 4.94499e+14	7.46e-17	1.47e-11	4.09e-07	3.72e-04	2.26e-02	9.77e-01	0.00e+00	0.00e+00
 5.12643e+14	1.02e-16	1.92e-11	5.08e-07	4.29e-04	2.45e-02	9.75e-01	0.00e+00	0.00e+00
 5.30859e+14	2.15e-16	2.48e-11	6.27e-07	4.93e-04	2.64e-02	9.73e-01	0.00e+00	0.00e+00
 5.46093e+14	1.89e-16	3.03e-11	7.44e-07	5.52e-04	2.81e-02	9.71e-01	0.00e+00	0.00e+00
 5.62386e+14	2.44e-16	3.77e-11	8.88e-07	6.20e-04	2.99e-02	9.69e-01	0.00e+00	0.00e+00
 5.83042e+14	3.48e-16	5.00e-11	1.11e-06	7.16e-04	3.24e-02	9.67e-01	0.00e+00	0.00e+00
 6.04751e+14	4.83e-16	6.58e-11	1.38e-06	8.27e-04	3.50e-02	9.64e-01	0.00e+00	0.00e+00
 6.24209e+14	6.39e-16	8.31e-11	1.67e-06	9.38e-04	3.75e-02	9.62e-01	0.00e+00	0.00e+00
 6.45359e+14	8.41e-16	1.05e-10	2.04e-06	1.07e-03	4.02e-02	9.59e-01	0.00e+00	0.00e+00
 6.70475e+14	1.22e-15	1.42e-10	2.58e-06	1.25e-03	4.37e-02	9.55e-01	0.00e+00	0.00e+00
 6.95229e+14	1.71e-15	1.88e-10	3.21e-06	1.44e-03	4.71e-02	9.51e-01	0.00e+00	0.00e+00
 7.17764e+14	2.30e-15	2.40e-10	3.90e-06	1.63e-03	5.04e-02	9.48e-01	0.00e+00	0.00e+00
 7.42929e+14	3.06e-15	3.07e-10	4.80e-06	1.87e-03	5.41e-02	9.44e-01	0.00e+00	0.00e+00
 7.72310e+14	4.52e-15	4.19e-10	6.09e-06	2.18e-03	5.88e-02	9.39e-01	0.00e+00	0.00e+00
 8.01272e+14	6.41e-15	5.57e-10	7.60e-06	2.52e-03	6.34e-02	9.34e-01	0.00e+00	0.00e+00
 8.28674e+14	8.80e-15	7.22e-10	9.33e-06	2.88e-03	6.79e-02	9.29e-01	0.00e+00	0.00e+00
 8.59133e+14	1.20e-14	9.37e-10	1.16e-05	3.32e-03	7.31e-02	9.24e-01	0.00e+00	0.00e+00
 8.93528e+14	1.81e-14	1.30e-09	1.47e-05	3.87e-03	7.93e-02	9.17e-01	0.00e+00	0.00e+00
 9.22405e+14	2.46e-14	1.66e-09	1.79e-05	4.39e-03	8.45e-02	9.11e-01	0.00e+00	0.00e+00
 9.43222e+14	3.04e-14	1.97e-09	2.04e-05	4.78e-03	8.83e-02	9.07e-01	0.00e+00	0.00e+00
 9.65014e+14	3.78e-14	2.36e-09	2.34e-05	5.23e-03	9.25e-02	9.02e-01	0.00e+00	0.00e+00
 9.93344e+14	4.81e-14	2.90e-09	2.79e-05	5.85e-03	9.78e-02	8.96e-01	0.00e+00	0.00e+00
 1.02497e+15	6.73e-14	3.77e-09	3.37e-05	6.61e-03	1.04e-01	8.89e-01	0.00e+00	0.00e+00
 1.05453e+15	8.77e-14	4.68e-09	4.00e-05	7.38e-03	1.10e-01	8.83e-01	0.00e+00	0.00e+00
 1.08660e+15	1.14e-13	5.82e-09	4.78e-05	8.28e-03	1.16e-01	8.75e-01	0.00e+00	0.00e+00
 1.12268e+15	1.62e-13	7.65e-09	5.83e-05	9.40e-03	1.24e-01	8.66e-01	0.00e+00	0.00e+00
 1.15685e+15	2.14e-13	9.61e-09	6.96e-05	1.05e-02	1.31e-01	8.58e-01	0.00e+00	0.00e+00
 1.19415e+15	2.81e-13	1.21e-08	8.40e-05	1.19e-02	1.39e-01	8.49e-01	0.00e+00	0.00e+00
 1.23610e+15	4.09e-13	1.62e-08	1.03e-04	1.36e-02	1.49e-01	8.38e-01	0.00e+00	0.00e+00
 1.27592e+15	5.48e-13	2.06e-08	1.25e-04	1.53e-02	1.57e-01	8.27e-01	0.00e+00	0.00e+00
 1.31951e+15	7.34e-13	2.63e-08	1.52e-04	1.73e-02	1.67e-01	8.15e-01	0.00e+00	0.00e+00
 1.36825e+15	1.09e-12	3.56e-08	1.88e-04	1.99e-02	1.78e-01	8.01e-01	0.00e+00	0.00e+00
 1.41350e+15	1.48e-12	4.57e-08	2.28e-04	2.24e-02	1.89e-01	7.89e-01	0.00e+00	0.00e+00
 1.46219e+15	2.03e-12	5.91e-08	2.77e-04	2.54e-02	2.00e-01	7.74e-01	0.00e+00	0.00e+00
 1.51683e+15	2.79e-12	7.69e-08	3.43e-04	2.90e-02	2.12e-01	7.58e-01	0.00e+00	0.00e+00
 1.56839e+15	4.03e-12	1.02e-07	4.17e-04	3.28e-02	2.25e-01	7.42e-01	0.00e+00	0.00e+00
 1.62462e+15	5.57e-12	1.33e-07	5.10e-04	3.72e-02	2.37e-01	7.25e-01	0.00e+00	0.00e+00
 1.68719e+15	7.69e-12	1.74e-07	6.32e-04	4.25e-02	2.51e-01	7.05e-01	0.00e+00	0.00e+00
 1.74378e+15	1.05e-11	2.24e-07	7.63e-04	4.78e-02	2.64e-01	6.87e-01	0.00e+00	0.00e+00
 1.79449e+15	1.39e-11	2.79e-07	8.98e-04	5.28e-02	2.76e-01	6.71e-01	0.00e+00	0.00e+00
 1.85178e+15	1.93e-11	3.60e-07	1.07e-03	5.89e-02	2.88e-01	6.52e-01	0.00e+00	0.00e+00
 1.92185e+15	2.63e-11	4.66e-07	1.32e-03	6.67e-02	3.03e-01	6.29e-01	0.00e+00	0.00e+00
 1.99270e+15	3.88e-11	6.29e-07	1.62e-03	7.54e-02	3.18e-01	6.05e-01	0.00e+00	0.00e+00
 2.04735e+15	4.98e-11	7.69e-07	1.88e-03	8.24e-02	3.29e-01	5.87e-01	0.00e+00	0.00e+00
 2.09682e+15	6.22e-11	9.18e-07	2.14e-03	8.91e-02	3.38e-01	5.71e-01	0.00e+00	0.00e+00
 2.16113e+15	8.15e-11	1.14e-06	2.52e-03	9.81e-02	3.50e-01	5.50e-01	0.00e+00	0.00e+00
 2.23021e+15	1.10e-10	1.45e-06	2.99e-03	1.08e-01	3.62e-01	5.27e-01	0.00e+00	0.00e+00
 2.29089e+15	1.40e-10	1.77e-06	3.45e-03	1.18e-01	3.72e-01	5.07e-01	0.00e+00	0.00e+00
 2.35518e+15	1.75e-10	2.12e-06	3.98e-03	1.28e-01	3.81e-01	4.87e-01	0.00e+00	0.00e+00
 2.43875e+15	2.50e-10	2.79e-06	4.81e-03	1.42e-01	3.93e-01	4.60e-01	0.00e+00	0.00e+00
 2.52119e+15	3.22e-10	3.46e-06	5.69e-03	1.56e-01	4.03e-01	4.36e-01	0.00e+00	0.00e+00
 2.58785e+15	4.26e-10	4.28e-06	6.54e-03	1.68e-01	4.11e-01	4.14e-01	0.00e+00	0.00e+00
 2.66018e+15	5.47e-10	5.22e-06	7.53e-03	1.82e-01	4.17e-01	3.93e-01	0.00e+00	0.00e+00
 2.75422e+15	7.11e-10	6.49e-06	8.94e-03	1.99e-01	4.24e-01	3.67e-01	0.00e+00	0.00e+00
 2.85153e+15	1.02e-09	8.55e-06	1.07e-02	2.19e-01	4.31e-01	3.40e-01	0.00e+00	0.00e+00
 2.93157e+15	1.28e-09	1.03e-05	1.22e-02	2.34e-01	4.35e-01	3.19e-01	0.00e+00	0.00e+00
 3.01409e+15	1.60e-09	1.23e-05	1.40e-02	2.51e-01	4.37e-01	2.99e-01	0.00e+00	0.00e+00
 3.12137e+15	2.28e-09	1.62e-05	1.66e-02	2.73e-01	4.39e-01	2.72e-01	0.00e+00	0.00e+00
 3.22735e+15	3.00e-09	2.01e-05	1.95e-02	2.94e-01	4.38e-01	2.48e-01	0.00e+00	0.00e+00
 3.31057e+15	3.66e-09	2.36e-05	2.19e-02	3.11e-01	4.36e-01	2.31e-01	0.00e+00	0.00e+00
 3.39770e+15	4.59e-09	2.82e-05	2.48e-02	3.28e-01	4.33e-01	2.14e-01	0.00e+00	0.00e+00
 3.51096e+15	6.44e-09	3.64e-05	2.90e-02	3.51e-01	4.28e-01	1.91e-01	0.00e+00	0.00e+00
 3.62249e+15	8.34e-09	4.46e-05	3.34e-02	3.73e-01	4.21e-01	1.72e-01	0.00e+00	0.00e+00
 3.70971e+15	1.00e-08	5.18e-05	3.71e-02	3.89e-01	4.15e-01	1.59e-01	0.00e+00	0.00e+00
 3.78811e+15	1.21e-08	5.99e-05	4.09e-02	4.04e-01	4.08e-01	1.47e-01	0.00e+00	0.00e+00
 3.87708e+15	1.49e-08	7.02e-05	4.54e-02	4.20e-01	4.00e-01	1.34e-01	0.00e+00	0.00e+00
 3.97264e+15	1.94e-08	8.54e-05	5.09e-02	4.38e-01	3.91e-01	1.21e-01	0.00e+00	0.00e+00
 4.06217e+15	2.37e-08	9.97e-05	5.63e-02	4.53e-01	3.81e-01	1.10e-01	0.00e+00	0.00e+00
 4.14718e+15	2.83e-08	1.14e-04	6.16e-02	4.67e-01	3.71e-01	1.00e-01	0.00e+00	0.00e+00
 4.24094e+15	3.38e-08	1.32e-04	6.81e-02	4.81e-01	3.60e-01	9.07e-02	0.00e+00	0.00e+00
 4.34615e+15	4.47e-08	1.62e-04	7.63e-02	4.98e-01	3.46e-01	7.99e-02	0.00e+00	0.00e+00
 4.44377e+15	5.51e-08	1.89e-04	8.43e-02	5.11e-01	3.33e-01	7.14e-02	0.00e+00	0.00e+00
 4.53286e+15	6.68e-08	2.19e-04	9.22e-02	5.23e-01	3.21e-01	6.41e-02	0.00e+00	0.00e+00
 4.61860e+15	8.04e-08	2.52e-04	1.00e-01	5.33e-01	3.09e-01	5.77e-02	0.00e+00	0.00e+00
 4.71533e+15	9.44e-08	2.86e-04	1.10e-01	5.43e-01	2.95e-01	5.15e-02	0.00e+00	0.00e+00
 4.84108e+15	1.32e-07	3.65e-04	1.25e-01	5.56e-01	2.76e-01	4.31e-02	0.00e+00	0.00e+00
 4.96349e+15	1.67e-07	4.35e-04	1.39e-01	5.65e-01	2.58e-01	3.68e-02	0.00e+00	0.00e+00
 5.05806e+15	1.98e-07	4.96e-04	1.52e-01	5.71e-01	2.44e-01	3.24e-02	0.00e+00	0.00e+00
 5.15751e+15	2.45e-07	5.82e-04	1.66e-01	5.76e-01	2.29e-01	2.80e-02	0.00e+00	0.00e+00
 5.26530e+15	3.35e-07	7.27e-04	1.85e-01	5.79e-01	2.12e-01	2.34e-02	0.00e+00	0.00e+00
 5.34693e+15	3.98e-07	8.26e-04	1.99e-01	5.80e-01	2.00e-01	2.06e-02	0.00e+00	0.00e+00
 5.41603e+15	4.70e-07	9.33e-04	2.12e-01	5.80e-01	1.89e-01	1.83e-02	0.00e+00	0.00e+00
 5.50587e+15	5.72e-07	1.08e-03	2.30e-01	5.79e-01	1.75e-01	1.57e-02	0.00e+00	0.00e+00
 5.59950e+15	7.28e-07	1.28e-03	2.50e-01	5.75e-01	1.61e-01	1.31e-02	0.00e+00	0.00e+00
 5.67238e+15	8.20e-07	1.41e-03	2.66e-01	5.71e-01	1.50e-01	1.16e-02	0.00e+00	0.00e+00
 5.74144e+15	1.02e-06	1.65e-03	2.84e-01	5.65e-01	1.39e-01	9.90e-03	0.00e+00	0.00e+00
 5.80458e+15	1.22e-06	1.86e-03	3.00e-01	5.59e-01	1.30e-01	8.63e-03	0.00e+00	0.00e+00
 5.84712e+15	1.35e-06	2.01e-03	3.12e-01	5.55e-01	1.24e-01	7.86e-03	0.00e+00	0.00e+00
 5.88949e+15	1.52e-06	2.19e-03	3.24e-01	5.50e-01	1.17e-01	7.10e-03	0.00e+00	0.00e+00
 5.94457e+15	1.69e-06	2.37e-03	3.39e-01	5.43e-01	1.10e-01	6.29e-03	0.00e+00	0.00e+00
 6.01618e+15	2.20e-06	2.85e-03	3.63e-01	5.30e-01	9.85e-02	5.12e-03	0.00e+00	0.00e+00
 6.07636e+15	2.57e-06	3.18e-03	3.82e-01	5.20e-01	9.05e-02	4.39e-03	0.00e+00	0.00e+00
 6.11192e+15	2.85e-06	3.43e-03	3.94e-01	5.13e-01	8.57e-02	3.97e-03	0.00e+00	0.00e+00
 6.14839e+15	3.19e-06	3.72e-03	4.07e-01	5.06e-01	8.06e-02	3.55e-03	0.00e+00	0.00e+00
 6.19580e+15	3.52e-06	4.00e-03	4.22e-01	4.96e-01	7.46e-02	3.10e-03	0.00e+00	0.00e+00
 6.25742e+15	4.53e-06	4.75e-03	4.47e-01	4.80e-01	6.61e-02	2.48e-03	0.00e+00	0.00e+00
 6.31008e+15	5.03e-06	5.14e-03	4.64e-01	4.69e-01	6.02e-02	2.12e-03	0.00e+00	0.00e+00
 6.35109e+15	6.12e-06	5.88e-03	4.82e-01	4.56e-01	5.47e-02	1.77e-03	0.00e+00	0.00e+00
 6.39061e+15	6.95e-06	6.42e-03	4.97e-01	4.45e-01	5.03e-02	1.53e-03	0.00e+00	0.00e+00
 6.42820e+15	7.61e-06	6.86e-03	5.11e-01	4.35e-01	4.63e-02	1.33e-03	0.00e+00	0.00e+00
 6.47707e+15	9.47e-06	7.97e-03	5.32e-01	4.18e-01	4.07e-02	1.05e-03	0.00e+00	0.00e+00
 6.52199e+15	1.10e-05	8.87e-03	5.49e-01	4.05e-01	3.63e-02	8.61e-04	0.00e+00	0.00e+00
 6.55433e+15	1.23e-05	9.57e-03	5.62e-01	3.95e-01	3.33e-02	7.41e-04	0.00e+00	0.00e+00
 6.58888e+15	1.36e-05	1.03e-02	5.75e-01	3.84e-01	3.03e-02	6.29e-04	0.00e+00	0.00e+00
 6.63380e+15	1.68e-05	1.18e-02	5.94e-01	3.67e-01	2.62e-02	4.86e-04	0.00e+00	0.00e+00
 6.67678e+15	1.95e-05	1.31e-02	6.10e-01	3.54e-01	2.30e-02	3.87e-04	0.00e+00	0.00e+00
 6.71083e+15	2.23e-05	1.44e-02	6.23e-01	3.42e-01	2.05e-02	3.17e-04	0.00e+00	0.00e+00
 6.74871e+15	2.58e-05	1.59e-02	6.37e-01	3.29e-01	1.80e-02	2.52e-04	0.00e+00	0.00e+00
 6.78420e+15	2.95e-05	1.74e-02	6.49e-01	3.17e-01	1.59e-02	2.04e-04	0.00e+00	0.00e+00
 6.80849e+15	3.22e-05	1.84e-02	6.57e-01	3.09e-01	1.46e-02	1.76e-04	0.00e+00	0.00e+00
 6.83196e+15	3.54e-05	1.97e-02	6.66e-01	3.01e-01	1.33e-02	1.50e-04	0.00e+00	0.00e+00
 6.86246e+15	3.98e-05	2.13e-02	6.76e-01	2.91e-01	1.18e-02	1.22e-04	0.00e+00	0.00e+00
 6.89496e+15	4.50e-05	2.31e-02	6.86e-01	2.81e-01	1.04e-02	9.76e-05	0.00e+00	0.00e+00
 6.92324e+15	5.00e-05	2.48e-02	6.94e-01	2.72e-01	9.30e-03	8.03e-05	0.00e+00	0.00e+00
 6.95320e+15	5.62e-05	2.68e-02	7.03e-01	2.62e-01	8.20e-03	6.44e-05	0.00e+00	0.00e+00
 6.98656e+15	6.36e-05	2.92e-02	7.12e-01	2.52e-01	7.13e-03	5.06e-05	0.00e+00	0.00e+00
 7.01733e+15	7.13e-05	3.15e-02	7.20e-01	2.42e-01	6.25e-03	4.04e-05	0.00e+00	0.00e+00
 7.04598e+15	7.91e-05	3.37e-02	7.27e-01	2.34e-01	5.53e-03	3.26e-05	0.00e+00	0.00e+00
 7.07887e+15	8.95e-05	3.66e-02	7.34e-01	2.24e-01	4.76e-03	2.52e-05	0.00e+00	0.00e+00
 7.11462e+15	1.02e-04	3.99e-02	7.42e-01	2.14e-01	4.06e-03	1.91e-05	0.00e+00	0.00e+00
 7.14662e+15	1.15e-04	4.31e-02	7.48e-01	2.05e-01	3.51e-03	1.49e-05	0.00e+00	0.00e+00
 7.18074e+15	1.30e-04	4.68e-02	7.55e-01	1.96e-01	2.99e-03	1.13e-05	0.00e+00	0.00e+00
 7.21798e+15	1.49e-04	5.11e-02	7.61e-01	1.86e-01	2.52e-03	8.41e-06	0.00e+00	0.00e+00
 7.25144e+15	1.68e-04	5.53e-02	7.66e-01	1.77e-01	2.15e-03	6.42e-06	0.00e+00	0.00e+00
 7.28220e+15	1.88e-04	5.94e-02	7.70e-01	1.69e-01	1.86e-03	4.99e-06	0.00e+00	0.00e+00
 7.31728e+15	2.14e-04	6.46e-02	7.74e-01	1.60e-01	1.56e-03	3.71e-06	0.00e+00	0.00e+00
 7.35573e+15	2.46e-04	7.07e-02	7.77e-01	1.51e-01	1.29e-03	2.70e-06	0.00e+00	0.00e+00
 7.39029e+15	2.78e-04	7.65e-02	7.80e-01	1.43e-01	1.09e-03	2.03e-06	0.00e+00	0.00e+00
 7.42692e+15	3.18e-04	8.35e-02	7.81e-01	1.34e-01	9.04e-04	1.47e-06	0.00e+00	0.00e+00
 7.46578e+15	3.68e-04	9.16e-02	7.82e-01	1.25e-01	7.42e-04	1.05e-06	0.00e+00	0.00e+00
 7.49953e+15	4.17e-04	9.92e-02	7.82e-01	1.17e-01	6.24e-04	7.89e-07	0.00e+00	0.00e+00
 7.53539e+15	4.78e-04	1.08e-01	7.81e-01	1.10e-01	5.14e-04	0.00e+00	0.00e+00	0.00e+00
 7.57460e+15	5.54e-04	1.19e-01	7.79e-01	1.01e-01	4.17e-04	0.00e+00	0.00e+00	0.00e+00
 7.60966e+15	6.36e-04	1.29e-01	7.76e-01	9.40e-02	3.44e-04	0.00e+00	0.00e+00	0.00e+00
 7.64124e+15	7.20e-04	1.40e-01	7.71e-01	8.77e-02	2.88e-04	0.00e+00	0.00e+00	0.00e+00
 7.67681e+15	8.28e-04	1.53e-01	7.66e-01	8.08e-02	2.35e-04	0.00e+00	0.00e+00	0.00e+00
 7.71648e+15	9.71e-04	1.68e-01	7.57e-01	7.33e-02	1.86e-04	0.00e+00	0.00e+00	0.00e+00
 7.75229e+15	1.13e-03	1.84e-01	7.47e-01	6.67e-02	1.50e-04	0.00e+00	0.00e+00	0.00e+00
 7.78393e+15	1.29e-03	2.00e-01	7.37e-01	6.12e-02	1.23e-04	0.00e+00	0.00e+00	0.00e+00
 7.81936e+15	1.49e-03	2.19e-01	7.24e-01	5.52e-02	9.82e-05	0.00e+00	0.00e+00	0.00e+00
 7.85939e+15	1.77e-03	2.42e-01	7.07e-01	4.88e-02	7.53e-05	0.00e+00	0.00e+00	0.00e+00
 7.89680e+15	2.09e-03	2.67e-01	6.88e-01	4.30e-02	5.81e-05	0.00e+00	0.00e+00	0.00e+00
 7.93058e+15	2.43e-03	2.92e-01	6.67e-01	3.81e-02	4.55e-05	0.00e+00	0.00e+00	0.00e+00
 7.96820e+15	2.88e-03	3.22e-01	6.42e-01	3.29e-02	3.42e-05	0.00e+00	0.00e+00	0.00e+00
 8.01072e+15	3.51e-03	3.60e-01	6.09e-01	2.75e-02	2.43e-05	0.00e+00	0.00e+00	0.00e+00
 8.05005e+15	4.24e-03	3.99e-01	5.74e-01	2.28e-02	1.74e-05	0.00e+00	0.00e+00	0.00e+00
 8.08417e+15	5.00e-03	4.35e-01	5.40e-01	1.92e-02	1.28e-05	0.00e+00	0.00e+00	0.00e+00
 8.12111e+15	5.99e-03	4.78e-01	5.01e-01	1.56e-02	8.95e-06	0.00e+00	0.00e+00	0.00e+00
 8.16118e+15	7.31e-03	5.27e-01	4.54e-01	1.21e-02	5.90e-06	0.00e+00	0.00e+00	0.00e+00
 8.19604e+15	8.72e-03	5.73e-01	4.09e-01	9.44e-03	3.96e-06	0.00e+00	0.00e+00	0.00e+00
 8.22596e+15	1.02e-02	6.13e-01	3.69e-01	7.48e-03	2.75e-06	0.00e+00	0.00e+00	0.00e+00
 8.25871e+15	1.21e-02	6.58e-01	3.25e-01	5.63e-03	1.78e-06	0.00e+00	0.00e+00	0.00e+00
 8.29073e+15	1.43e-02	7.01e-01	2.81e-01	4.15e-03	1.13e-06	0.00e+00	0.00e+00	0.00e+00
 8.31374e+15	1.61e-02	7.31e-01	2.49e-01	3.27e-03	7.92e-07	0.00e+00	0.00e+00	0.00e+00
 8.33233e+15	1.79e-02	7.55e-01	2.24e-01	2.65e-03	0.00e+00	0.00e+00	0.00e+00	0.00e+00
 8.35323e+15	2.00e-02	7.80e-01	1.97e-01	2.06e-03	0.00e+00	0.00e+00	0.00e+00	0.00e+00
 8.37657e+15	2.28e-02	8.07e-01	1.69e-01	1.52e-03	0.00e+00	0.00e+00	0.00e+00	0.00e+00
 8.39774e+15	2.57e-02	8.29e-01	1.44e-01	1.13e-03	0.00e+00	0.00e+00	0.00e+00	0.00e+00
 8.41576e+15	2.85e-02	8.46e-01	1.25e-01	8.64e-04	0.00e+00	0.00e+00	0.00e+00	0.00e+00
 8.43507e+15	3.18e-02	8.62e-01	1.06e-01	6.34e-04	0.00e+00	0.00e+00	0.00e+00	0.00e+00
 8.45585e+15	3.60e-02	8.76e-01	8.72e-02	4.46e-04	0.00e+00	0.00e+00	0.00e+00	0.00e+00
 8.47367e+15	4.01e-02	8.86e-01	7.31e-02	3.24e-04	0.00e+00	0.00e+00	0.00e+00	0.00e+00
 8.48916e+15	4.42e-02	8.94e-01	6.18e-02	2.40e-04	0.00e+00	0.00e+00	0.00e+00	0.00e+00
 8.50649e+15	4.93e-02	9.00e-01	5.09e-02	1.69e-04	0.00e+00	0.00e+00	0.00e+00	0.00e+00
 8.52546e+15	5.58e-02	9.04e-01	4.06e-02	1.13e-04	0.00e+00	0.00e+00	0.00e+00	0.00e+00
 8.54224e+15	6.23e-02	9.05e-01	3.28e-02	7.76e-05	0.00e+00	0.00e+00	0.00e+00	0.00e+00
 8.55674e+15	6.88e-02	9.04e-01	2.70e-02	5.53e-05	0.00e+00	0.00e+00	0.00e+00	0.00e+00
 8.57260e+15	7.68e-02	9.02e-01	2.16e-02	3.74e-05	0.00e+00	0.00e+00	0.00e+00	0.00e+00
 8.59033e+15	8.69e-02	8.96e-01	1.67e-02	2.38e-05	0.00e+00	0.00e+00	0.00e+00	0.00e+00
 8.60644e+15	9.76e-02	8.89e-01	1.30e-02	1.54e-05	0.00e+00	0.00e+00	0.00e+00	0.00e+00
 8.62023e+15	1.08e-01	8.82e-01	1.04e-02	1.04e-05	0.00e+00	0.00e+00	0.00e+00	0.00e+00
 8.63299e+15	1.18e-01	8.73e-01	8.40e-03	7.21e-06	0.00e+00	0.00e+00	0.00e+00	0.00e+00
 8.64516e+15	1.29e-01	8.64e-01	6.81e-03	5.01e-06	0.00e+00	0.00e+00	0.00e+00	0.00e+00
 8.65656e+15	1.41e-01	8.54e-01	5.55e-03	3.52e-06	0.00e+00	0.00e+00	0.00e+00	0.00e+00
 8.66747e+15	1.52e-01	8.43e-01	4.55e-03	2.50e-06	0.00e+00	0.00e+00	0.00e+00	0.00e+00
 8.67757e+15	1.63e-01	8.33e-01	3.77e-03	1.80e-06	0.00e+00	0.00e+00	0.00e+00	0.00e+00
 8.68661e+15	1.74e-01	8.23e-01	3.17e-03	1.34e-06	0.00e+00	0.00e+00	0.00e+00	0.00e+00
 8.69359e+15	1.82e-01	8.15e-01	2.78e-03	1.07e-06	0.00e+00	0.00e+00	0.00e+00	0.00e+00
 8.69827e+15	1.88e-01	8.09e-01	2.54e-03	9.13e-07	0.00e+00	0.00e+00	0.00e+00	0.00e+00
 8.70265e+15	1.94e-01	8.03e-01	2.33e-03	0.00e+00	0.00e+00	0.00e+00	0.00e+00	0.00e+00
 8.70777e+15	2.01e-01	7.97e-01	2.10e-03	0.00e+00	0.00e+00	0.00e+00	0.00e+00	0.00e+00
 8.71335e+15	2.09e-01	7.89e-01	1.87e-03	0.00e+00	0.00e+00	0.00e+00	0.00e+00	0.00e+00
 8.71875e+15	2.17e-01	7.82e-01	1.68e-03	0.00e+00	0.00e+00	0.00e+00	0.00e+00	0.00e+00
 8.72382e+15	2.24e-01	7.74e-01	1.51e-03	0.00e+00	0.00e+00	0.00e+00	0.00e+00	0.00e+00
 8.72882e+15	2.32e-01	7.67e-01	1.36e-03	0.00e+00	0.00e+00	0.00e+00	0.00e+00	0.00e+00
 8.73388e+15	2.39e-01	7.60e-01	1.22e-03	0.00e+00	0.00e+00	0.00e+00	0.00e+00	0.00e+00
 8.73898e+15	2.47e-01	7.51e-01	1.10e-03	0.00e+00	0.00e+00	0.00e+00	0.00e+00	0.00e+00
 8.74407e+15	2.55e-01	7.44e-01	9.84e-04	0.00e+00	0.00e+00	0.00e+00	0.00e+00	0.00e+00
 8.74901e+15	2.63e-01	7.36e-01	8.84e-04	0.00e+00	0.00e+00	0.00e+00	0.00e+00	0.00e+00
 8.75390e+15	2.71e-01	7.28e-01	7.95e-04	0.00e+00	0.00e+00	0.00e+00	0.00e+00	0.00e+00
 8.75886e+15	2.80e-01	7.20e-01	7.12e-04	0.00e+00	0.00e+00	0.00e+00	0.00e+00	0.00e+00
 8.76380e+15	2.88e-01	7.11e-01	6.38e-04	0.00e+00	0.00e+00	0.00e+00	0.00e+00	0.00e+00
 8.76869e+15	2.97e-01	7.03e-01	5.71e-04	0.00e+00	0.00e+00	0.00e+00	0.00e+00	0.00e+00
 8.77355e+15	3.06e-01	6.94e-01	5.12e-04	0.00e+00	0.00e+00	0.00e+00	0.00e+00	0.00e+00
 8.77841e+15	3.15e-01	6.85e-01	4.58e-04	0.00e+00	0.00e+00	0.00e+00	0.00e+00	0.00e+00
 8.78332e+15	3.24e-01	6.76e-01	4.09e-04	0.00e+00	0.00e+00	0.00e+00	0.00e+00	0.00e+00
 8.78812e+15	3.33e-01	6.67e-01	3.66e-04	0.00e+00	0.00e+00	0.00e+00	0.00e+00	0.00e+00
 8.79287e+15	3.42e-01	6.58e-01	3.28e-04	0.00e+00	0.00e+00	0.00e+00	0.00e+00	0.00e+00
 8.79771e+15	3.51e-01	6.48e-01	2.92e-04	0.00e+00	0.00e+00	0.00e+00	0.00e+00	0.00e+00
 8.80252e+15	3.62e-01	6.38e-01	2.61e-04	0.00e+00	0.00e+00	0.00e+00	0.00e+00	0.00e+00
 8.80731e+15	3.72e-01	6.28e-01	2.33e-04	0.00e+00	0.00e+00	0.00e+00	0.00e+00	0.00e+00
 8.81217e+15	3.82e-01	6.18e-01	2.07e-04	0.00e+00	0.00e+00	0.00e+00	0.00e+00	0.00e+00
 8.81697e+15	3.92e-01	6.08e-01	1.85e-04	0.00e+00	0.00e+00	0.00e+00	0.00e+00	0.00e+00
 8.82175e+15	4.03e-01	5.97e-01	1.64e-04	0.00e+00	0.00e+00	0.00e+00	0.00e+00	0.00e+00
 8.82659e+15	4.14e-01	5.86e-01	1.46e-04	0.00e+00	0.00e+00	0.00e+00	0.00e+00	0.00e+00
 8.83144e+15	4.26e-01	5.74e-01	1.30e-04	0.00e+00	0.00e+00	0.00e+00	0.00e+00	0.00e+00
 8.83621e+15	4.37e-01	5.62e-01	1.15e-04	0.00e+00	0.00e+00	0.00e+00	0.00e+00	0.00e+00
 8.84089e+15	4.49e-01	5.51e-01	1.03e-04	0.00e+00	0.00e+00	0.00e+00	0.00e+00	0.00e+00
 8.84558e+15	4.61e-01	5.39e-01	9.17e-05	0.00e+00	0.00e+00	0.00e+00	0.00e+00	0.00e+00
 8.85029e+15	4.73e-01	5.27e-01	8.17e-05	0.00e+00	0.00e+00	0.00e+00	0.00e+00	0.00e+00
 8.85499e+15	4.86e-01	5.13e-01	7.27e-05	0.00e+00	0.00e+00	0.00e+00	0.00e+00	0.00e+00
 8.85966e+15	4.98e-01	5.02e-01	6.50e-05	0.00e+00	0.00e+00	0.00e+00	0.00e+00	0.00e+00
 8.86440e+15	5.13e-01	4.87e-01	5.78e-05	0.00e+00	0.00e+00	0.00e+00	0.00e+00	0.00e+00
 8.86920e+15	5.25e-01	4.75e-01	5.16e-05	0.00e+00	0.00e+00	0.00e+00	0.00e+00	0.00e+00
 8.87403e+15	5.41e-01	4.59e-01	4.58e-05	0.00e+00	0.00e+00	0.00e+00	0.00e+00	0.00e+00
 8.87891e+15	5.55e-01	4.45e-01	4.08e-05	0.00e+00	0.00e+00	0.00e+00	0.00e+00	0.00e+00
 8.88385e+15	5.69e-01	4.31e-01	3.64e-05	0.00e+00	0.00e+00	0.00e+00	0.00e+00	0.00e+00
 8.88899e+15	5.85e-01	4.15e-01	3.23e-05	0.00e+00	0.00e+00	0.00e+00	0.00e+00	0.00e+00
 8.89432e+15	6.01e-01	3.99e-01	2.86e-05	0.00e+00	0.00e+00	0.00e+00	0.00e+00	0.00e+00
 8.89979e+15	6.16e-01	3.84e-01	2.54e-05	0.00e+00	0.00e+00	0.00e+00	0.00e+00	0.00e+00
 8.90548e+15	6.34e-01	3.66e-01	2.25e-05	0.00e+00	0.00e+00	0.00e+00	0.00e+00	0.00e+00
 8.91144e+15	6.53e-01	3.47e-01	1.98e-05	0.00e+00	0.00e+00	0.00e+00	0.00e+00	0.00e+00
 8.91765e+15	6.70e-01	3.30e-01	1.74e-05	0.00e+00	0.00e+00	0.00e+00	0.00e+00	0.00e+00
 8.92425e+15	6.88e-01	3.12e-01	1.54e-05	0.00e+00	0.00e+00	0.00e+00	0.00e+00	0.00e+00
 8.93077e+15	7.03e-01	2.97e-01	1.38e-05	0.00e+00	0.00e+00	0.00e+00	0.00e+00	0.00e+00
 8.93692e+15	7.17e-01	2.83e-01	1.24e-05	0.00e+00	0.00e+00	0.00e+00	0.00e+00	0.00e+00
 8.94317e+15	7.31e-01	2.69e-01	1.12e-05	0.00e+00	0.00e+00	0.00e+00	0.00e+00	0.00e+00
 8.94977e+15	7.45e-01	2.55e-01	1.02e-05	0.00e+00	0.00e+00	0.00e+00	0.00e+00	0.00e+00
 8.95678e+15	7.57e-01	2.43e-01	9.22e-06	0.00e+00	0.00e+00	0.00e+00	0.00e+00	0.00e+00
 8.96421e+15	7.70e-01	2.30e-01	8.38e-06	0.00e+00	0.00e+00	0.00e+00	0.00e+00	0.00e+00
 8.97210e+15	7.82e-01	2.18e-01	7.64e-06	0.00e+00	0.00e+00	0.00e+00	0.00e+00	0.00e+00
 8.98056e+15	7.93e-01	2.07e-01	6.97e-06	0.00e+00	0.00e+00	0.00e+00	0.00e+00	0.00e+00
 8.98968e+15	8.05e-01	1.95e-01	6.33e-06	0.00e+00	0.00e+00	0.00e+00	0.00e+00	0.00e+00
 8.99975e+15	8.14e-01	1.86e-01	5.81e-06	0.00e+00	0.00e+00	0.00e+00	0.00e+00	0.00e+00
 9.01054e+15	8.25e-01	1.75e-01	5.28e-06	0.00e+00	0.00e+00	0.00e+00	0.00e+00	0.00e+00
 9.02207e+15	8.35e-01	1.65e-01	4.83e-06	0.00e+00	0.00e+00	0.00e+00	0.00e+00	0.00e+00
 9.03468e+15	8.43e-01	1.57e-01	4.43e-06	0.00e+00	0.00e+00	0.00e+00	0.00e+00	0.00e+00
 9.04785e+15	8.52e-01	1.48e-01	4.03e-06	0.00e+00	0.00e+00	0.00e+00	0.00e+00	0.00e+00
 9.06167e+15	8.61e-01	1.39e-01	3.69e-06	0.00e+00	0.00e+00	0.00e+00	0.00e+00	0.00e+00
 9.07640e+15	8.69e-01	1.31e-01	3.36e-06	0.00e+00	0.00e+00	0.00e+00	0.00e+00	0.00e+00
 9.09167e+15	8.77e-01	1.23e-01	3.06e-06	0.00e+00	0.00e+00	0.00e+00	0.00e+00	0.00e+00
 9.10703e+15	8.84e-01	1.16e-01	2.78e-06	0.00e+00	0.00e+00	0.00e+00	0.00e+00	0.00e+00
 9.12218e+15	8.91e-01	1.09e-01	2.54e-06	0.00e+00	0.00e+00	0.00e+00	0.00e+00	0.00e+00
 9.13724e+15	8.98e-01	1.02e-01	2.32e-06	0.00e+00	0.00e+00	0.00e+00	0.00e+00	0.00e+00
 9.15232e+15	9.04e-01	9.60e-02	2.11e-06	0.00e+00	0.00e+00	0.00e+00	0.00e+00	0.00e+00
 9.16725e+15	9.10e-01	9.02e-02	1.93e-06	0.00e+00	0.00e+00	0.00e+00	0.00e+00	0.00e+00
 9.18197e+15	9.15e-01	8.47e-02	1.76e-06	0.00e+00	0.00e+00	0.00e+00	0.00e+00	0.00e+00
 9.19661e+15	9.20e-01	7.95e-02	1.61e-06	0.00e+00	0.00e+00	0.00e+00	0.00e+00	0.00e+00
 9.21114e+15	9.25e-01	7.47e-02	1.47e-06	0.00e+00	0.00e+00	0.00e+00	0.00e+00	0.00e+00
 9.22548e+15	9.30e-01	7.02e-02	1.35e-06	0.00e+00	0.00e+00	0.00e+00	0.00e+00	0.00e+00
 9.23962e+15	9.34e-01	6.60e-02	1.24e-06	0.00e+00	0.00e+00	0.00e+00	0.00e+00	0.00e+00
 9.25360e+15	9.38e-01	6.21e-02	1.13e-06	0.00e+00	0.00e+00	0.00e+00	0.00e+00	0.00e+00
 9.26737e+15	9.42e-01	5.84e-02	1.04e-06	0.00e+00	0.00e+00	0.00e+00	0.00e+00	0.00e+00
 9.28097e+15	9.45e-01	5.50e-02	9.57e-07	0.00e+00	0.00e+00	0.00e+00	0.00e+00	0.00e+00
 9.29451e+15	9.48e-01	5.17e-02	8.79e-07	0.00e+00	0.00e+00	0.00e+00	0.00e+00	0.00e+00
 9.30800e+15	9.51e-01	4.87e-02	8.09e-07	0.00e+00	0.00e+00	0.00e+00	0.00e+00	0.00e+00
 9.32139e+15	9.54e-01	4.59e-02	7.44e-07	0.00e+00	0.00e+00	0.00e+00	0.00e+00	0.00e+00
 9.33468e+15	9.57e-01	4.32e-02	6.85e-07	0.00e+00	0.00e+00	0.00e+00	0.00e+00	0.00e+00
 9.34791e+15	9.59e-01	4.07e-02	6.32e-07	0.00e+00	0.00e+00	0.00e+00	0.00e+00	0.00e+00
 9.36110e+15	9.62e-01	3.84e-02	5.82e-07	0.00e+00	0.00e+00	0.00e+00	0.00e+00	0.00e+00
 9.37428e+15	9.64e-01	3.62e-02	5.37e-07	0.00e+00	0.00e+00	0.00e+00	0.00e+00	0.00e+00
 9.38746e+15	9.66e-01	3.42e-02	4.96e-07	0.00e+00	0.00e+00	0.00e+00	0.00e+00	0.00e+00
 9.40068e+15	9.68e-01	3.22e-02	4.57e-07	0.00e+00	0.00e+00	0.00e+00	0.00e+00	0.00e+00
 9.41397e+15	9.70e-01	3.04e-02	4.22e-07	0.00e+00	0.00e+00	0.00e+00	0.00e+00	0.00e+00
 9.42757e+15	9.71e-01	2.87e-02	3.89e-07	0.00e+00	0.00e+00	0.00e+00	0.00e+00	0.00e+00
 9.44160e+15	9.73e-01	2.70e-02	3.58e-07	0.00e+00	0.00e+00	0.00e+00	0.00e+00	0.00e+00
 9.45606e+15	9.75e-01	2.54e-02	3.28e-07	0.00e+00	0.00e+00	0.00e+00	0.00e+00	0.00e+00
 9.47085e+15	9.76e-01	2.38e-02	3.01e-07	0.00e+00	0.00e+00	0.00e+00	0.00e+00	0.00e+00
 9.48584e+15	9.78e-01	2.24e-02	2.77e-07	0.00e+00	0.00e+00	0.00e+00	0.00e+00	0.00e+00
 9.50133e+15	9.79e-01	2.10e-02	2.53e-07	0.00e+00	0.00e+00	0.00e+00	0.00e+00	0.00e+00
 9.51778e+15	9.80e-01	1.97e-02	2.31e-07	0.00e+00	0.00e+00	0.00e+00	0.00e+00	0.00e+00
 9.53574e+15	9.82e-01	1.83e-02	2.09e-07	0.00e+00	0.00e+00	0.00e+00	0.00e+00	0.00e+00
 9.55508e+15	9.83e-01	1.70e-02	1.88e-07	0.00e+00	0.00e+00	0.00e+00	0.00e+00	0.00e+00
 9.57610e+15	9.84e-01	1.57e-02	1.69e-07	0.00e+00	0.00e+00	0.00e+00	0.00e+00	0.00e+00
 9.60065e+15	9.86e-01	1.44e-02	1.48e-07	0.00e+00	0.00e+00	0.00e+00	0.00e+00	0.00e+00
 9.62760e+15	9.87e-01	1.31e-02	1.30e-07	0.00e+00	0.00e+00	0.00e+00	0.00e+00	0.00e+00
 9.65346e+15	9.88e-01	1.21e-02	1.15e-07	0.00e+00	0.00e+00	0.00e+00	0.00e+00	0.00e+00
 9.67699e+15	9.89e-01	1.13e-02	1.04e-07	0.00e+00	0.00e+00	0.00e+00	0.00e+00	0.00e+00
 9.69841e+15	9.89e-01	1.06e-02	9.50e-08	0.00e+00	0.00e+00	0.00e+00	0.00e+00	0.00e+00
 9.71790e+15	9.90e-01	1.01e-02	8.77e-08	0.00e+00	0.00e+00	0.00e+00	0.00e+00	0.00e+00
 9.73563e+15	9.90e-01	9.65e-03	8.17e-08	0.00e+00	0.00e+00	0.00e+00	0.00e+00	0.00e+00
