#depth	C	C+	C+2	C+3	C+4	C+5	C+6	C[1]	C[2]	C[3]	C+[1]	C+[2]	CO
 1.49634e+10	0.00e+00	4.02e-28	2.19e-19	3.47e-11	1.89e-02	9.32e-01	4.92e-02	0.00e+00	0.00e+00	0.00e+00	0.00e+00	0.00e+00	0.00e+00
 4.54887e+10	9.89e-38	5.81e-28	2.90e-19	4.20e-11	2.09e-02	9.34e-01	4.51e-02	0.00e+00	0.00e+00	0.00e+00	0.00e+00	0.00e+00	1.59e-123
 7.72350e+10	0.00e+00	8.41e-28	3.85e-19	5.09e-11	2.31e-02	9.36e-01	4.13e-02	0.00e+00	0.00e+00	0.00e+00	0.00e+00	0.00e+00	0.00e+00
 1.10251e+11	2.48e-37	1.22e-27	5.11e-19	6.16e-11	2.56e-02	9.37e-01	3.78e-02	0.00e+00	0.00e+00	0.00e+00	0.00e+00	0.00e+00	1.80e-122
 1.43116e+11	0.00e+00	1.74e-27	6.71e-19	7.41e-11	2.82e-02	9.37e-01	3.46e-02	0.00e+00	0.00e+00	0.00e+00	0.00e+00	0.00e+00	0.00e+00
 1.77295e+11	6.02e-37	2.49e-27	8.82e-19	8.92e-11	3.11e-02	9.37e-01	3.17e-02	0.00e+00	0.00e+00	0.00e+00	0.00e+00	0.00e+00	1.85e-121
 2.14314e+11	0.00e+00	3.61e-27	1.17e-18	1.08e-10	3.44e-02	9.37e-01	2.89e-02	0.00e+00	0.00e+00	0.00e+00	0.00e+00	0.00e+00	0.00e+00
 2.51943e+11	1.51e-36	5.21e-27	1.55e-18	1.31e-10	3.79e-02	9.36e-01	2.64e-02	0.00e+00	0.00e+00	0.00e+00	0.00e+00	0.00e+00	2.07e-120
 2.88717e+11	0.00e+00	7.35e-27	2.03e-18	1.56e-10	4.16e-02	9.34e-01	2.42e-02	0.00e+00	0.00e+00	0.00e+00	0.00e+00	0.00e+00	0.00e+00
 3.27831e+11	3.59e-36	1.05e-26	2.66e-18	1.88e-10	4.57e-02	9.32e-01	2.21e-02	0.00e+00	0.00e+00	0.00e+00	0.00e+00	0.00e+00	2.02e-119
 3.70871e+11	0.00e+00	1.53e-26	3.55e-18	2.28e-10	5.04e-02	9.30e-01	2.00e-02	0.00e+00	0.00e+00	0.00e+00	0.00e+00	0.00e+00	0.00e+00
 4.14694e+11	9.04e-36	2.20e-26	4.71e-18	2.75e-10	5.55e-02	9.26e-01	1.82e-02	0.00e+00	0.00e+00	0.00e+00	0.00e+00	0.00e+00	2.28e-118
 4.60270e+11	0.00e+00	3.19e-26	6.25e-18	3.33e-10	6.11e-02	9.22e-01	1.65e-02	0.00e+00	0.00e+00	0.00e+00	0.00e+00	0.00e+00	0.00e+00
 5.08608e+11	2.28e-35	4.64e-26	8.35e-18	4.05e-10	6.74e-02	9.18e-01	1.49e-02	0.00e+00	0.00e+00	0.00e+00	0.00e+00	0.00e+00	2.57e-117
 5.58879e+11	0.00e+00	6.76e-26	1.12e-17	4.92e-10	7.43e-02	9.12e-01	1.35e-02	0.00e+00	0.00e+00	0.00e+00	0.00e+00	0.00e+00	0.00e+00
 6.04329e+11	5.46e-35	9.38e-26	1.44e-17	5.83e-10	8.08e-02	9.07e-01	1.23e-02	0.00e+00	0.00e+00	0.00e+00	0.00e+00	0.00e+00	2.52e-116
 6.42168e+11	7.57e-35	1.22e-25	1.76e-17	6.68e-10	8.64e-02	9.02e-01	1.14e-02	0.00e+00	0.00e+00	0.00e+00	0.00e+00	0.00e+00	4.11e-98
 6.83607e+11	1.07e-34	1.62e-25	2.19e-17	7.72e-10	9.28e-02	8.97e-01	1.05e-02	0.00e+00	0.00e+00	0.00e+00	0.00e+00	0.00e+00	0.00e+00
 7.36133e+11	1.64e-34	2.28e-25	2.85e-17	9.22e-10	1.01e-01	8.89e-01	9.56e-03	0.00e+00	0.00e+00	0.00e+00	0.00e+00	0.00e+00	4.48e-115
 7.90954e+11	2.51e-34	3.21e-25	3.72e-17	1.10e-09	1.10e-01	8.81e-01	8.64e-03	0.00e+00	0.00e+00	0.00e+00	0.00e+00	0.00e+00	5.69e-97
 8.37442e+11	3.55e-34	4.26e-25	4.63e-17	1.28e-09	1.18e-01	8.74e-01	7.95e-03	0.00e+00	0.00e+00	0.00e+00	0.00e+00	0.00e+00	0.00e+00
 8.85215e+11	5.01e-34	5.62e-25	5.75e-17	1.47e-09	1.27e-01	8.66e-01	7.31e-03	0.00e+00	0.00e+00	0.00e+00	0.00e+00	0.00e+00	8.44e-114
 9.45425e+11	7.62e-34	7.89e-25	7.48e-17	1.76e-09	1.38e-01	8.55e-01	6.60e-03	0.00e+00	0.00e+00	0.00e+00	0.00e+00	0.00e+00	6.46e-96
 1.00662e+12	1.15e-33	1.10e-24	9.67e-17	2.09e-09	1.50e-01	8.44e-01	5.95e-03	0.00e+00	0.00e+00	0.00e+00	0.00e+00	0.00e+00	0.00e+00
 1.05902e+12	1.60e-33	1.44e-24	1.19e-16	2.40e-09	1.60e-01	8.35e-01	5.46e-03	0.00e+00	0.00e+00	0.00e+00	0.00e+00	0.00e+00	1.80e-112
 1.11520e+12	2.27e-33	1.90e-24	1.49e-16	2.78e-09	1.71e-01	8.24e-01	4.99e-03	0.00e+00	0.00e+00	0.00e+00	0.00e+00	0.00e+00	6.95e-95
 1.18486e+12	3.42e-33	2.66e-24	1.93e-16	3.31e-09	1.85e-01	8.10e-01	4.47e-03	0.00e+00	0.00e+00	0.00e+00	0.00e+00	0.00e+00	1.34e-111
 1.25633e+12	5.12e-33	3.69e-24	2.49e-16	3.92e-09	2.00e-01	7.96e-01	4.01e-03	0.00e+00	0.00e+00	0.00e+00	0.00e+00	0.00e+00	4.11e-94
 1.32055e+12	7.24e-33	4.88e-24	3.10e-16	4.53e-09	2.13e-01	7.83e-01	3.64e-03	0.00e+00	0.00e+00	0.00e+00	0.00e+00	0.00e+00	9.84e-111
 1.39104e+12	1.04e-32	6.56e-24	3.90e-16	5.28e-09	2.28e-01	7.68e-01	3.28e-03	0.00e+00	0.00e+00	0.00e+00	0.00e+00	0.00e+00	1.94e-93
 1.47446e+12	1.57e-32	9.15e-24	5.07e-16	6.28e-09	2.46e-01	7.51e-01	2.92e-03	0.00e+00	0.00e+00	0.00e+00	0.00e+00	0.00e+00	7.88e-110
 1.55810e+12	2.33e-32	1.26e-23	6.50e-16	7.40e-09	2.64e-01	7.33e-01	2.60e-03	0.00e+00	0.00e+00	0.00e+00	0.00e+00	0.00e+00	1.13e-92
 1.63732e+12	3.31e-32	1.68e-23	8.13e-16	8.57e-09	2.82e-01	7.16e-01	2.33e-03	0.00e+00	0.00e+00	0.00e+00	0.00e+00	0.00e+00	5.94e-109
 1.72497e+12	4.81e-32	2.27e-23	1.03e-15	1.00e-08	3.01e-01	6.97e-01	2.08e-03	0.00e+00	0.00e+00	0.00e+00	0.00e+00	0.00e+00	5.63e-92
 1.82390e+12	7.19e-32	3.14e-23	1.33e-15	1.18e-08	3.22e-01	6.76e-01	1.83e-03	0.00e+00	0.00e+00	0.00e+00	0.00e+00	0.00e+00	4.94e-108
 1.92258e+12	1.05e-31	4.27e-23	1.69e-15	1.38e-08	3.43e-01	6.55e-01	1.61e-03	0.00e+00	0.00e+00	0.00e+00	0.00e+00	0.00e+00	3.19e-91
 2.00968e+12	1.45e-31	5.54e-23	2.07e-15	1.58e-08	3.61e-01	6.37e-01	1.45e-03	0.00e+00	0.00e+00	0.00e+00	0.00e+00	0.00e+00	3.41e-107
 2.08268e+12	1.87e-31	6.82e-23	2.43e-15	1.76e-08	3.77e-01	6.22e-01	1.33e-03	0.00e+00	0.00e+00	0.00e+00	0.00e+00	0.00e+00	1.16e-90
 2.16119e+12	2.45e-31	8.47e-23	2.88e-15	1.96e-08	3.93e-01	6.06e-01	1.21e-03	0.00e+00	0.00e+00	0.00e+00	0.00e+00	0.00e+00	1.48e-106
 2.26326e+12	3.41e-31	1.11e-22	3.55e-15	2.24e-08	4.13e-01	5.86e-01	1.08e-03	0.00e+00	0.00e+00	0.00e+00	0.00e+00	0.00e+00	4.50e-90
 2.37006e+12	4.76e-31	1.45e-22	4.38e-15	2.57e-08	4.34e-01	5.65e-01	9.54e-04	0.00e+00	0.00e+00	0.00e+00	0.00e+00	0.00e+00	9.68e-106
 2.46118e+12	6.25e-31	1.81e-22	5.20e-15	2.86e-08	4.52e-01	5.48e-01	8.63e-04	0.00e+00	0.00e+00	0.00e+00	0.00e+00	0.00e+00	1.78e-89
 2.55779e+12	8.25e-31	2.26e-22	6.18e-15	3.20e-08	4.70e-01	5.30e-01	7.78e-04	0.00e+00	0.00e+00	0.00e+00	0.00e+00	0.00e+00	4.65e-105
 2.67960e+12	1.15e-30	2.97e-22	7.62e-15	3.65e-08	4.91e-01	5.08e-01	6.84e-04	0.00e+00	0.00e+00	0.00e+00	0.00e+00	0.00e+00	7.27e-89
 2.80510e+12	1.60e-30	3.87e-22	9.36e-15	4.16e-08	5.13e-01	4.86e-01	6.01e-04	0.00e+00	0.00e+00	0.00e+00	0.00e+00	0.00e+00	3.15e-104
 2.91525e+12	2.11e-30	4.84e-22	1.11e-14	4.64e-08	5.32e-01	4.68e-01	5.38e-04	0.00e+00	0.00e+00	0.00e+00	0.00e+00	0.00e+00	2.95e-88
 3.03453e+12	2.82e-30	6.09e-22	1.33e-14	5.18e-08	5.51e-01	4.49e-01	4.78e-04	0.00e+00	0.00e+00	0.00e+00	0.00e+00	0.00e+00	1.64e-103
 3.16666e+12	3.82e-30	7.79e-22	1.60e-14	5.83e-08	5.71e-01	4.29e-01	4.21e-04	0.00e+00	0.00e+00	0.00e+00	0.00e+00	0.00e+00	1.18e-87
 3.28910e+12	5.01e-30	9.68e-22	1.90e-14	6.47e-08	5.89e-01	4.11e-01	3.75e-04	0.00e+00	0.00e+00	0.00e+00	0.00e+00	0.00e+00	8.95e-103
 3.42183e+12	6.65e-30	1.21e-21	2.26e-14	7.21e-08	6.07e-01	3.92e-01	3.32e-04	0.00e+00	0.00e+00	0.00e+00	0.00e+00	0.00e+00	4.36e-87
 3.56948e+12	8.98e-30	1.55e-21	2.71e-14	8.08e-08	6.27e-01	3.73e-01	2.91e-04	0.00e+00	0.00e+00	0.00e+00	0.00e+00	0.00e+00	5.09e-102
 3.70725e+12	1.17e-29	1.92e-21	3.20e-14	8.93e-08	6.44e-01	3.56e-01	2.58e-04	0.00e+00	0.00e+00	0.00e+00	0.00e+00	0.00e+00	1.69e-86
 3.85709e+12	1.56e-29	2.40e-21	3.80e-14	9.91e-08	6.61e-01	3.38e-01	2.27e-04	0.00e+00	0.00e+00	0.00e+00	0.00e+00	0.00e+00	2.67e-101
 4.02376e+12	2.10e-29	3.05e-21	4.55e-14	1.11e-07	6.80e-01	3.20e-01	1.98e-04	0.00e+00	0.00e+00	0.00e+00	0.00e+00	0.00e+00	6.85e-86
 4.17958e+12	2.74e-29	3.78e-21	5.36e-14	1.22e-07	6.96e-01	3.04e-01	1.75e-04	0.00e+00	0.00e+00	0.00e+00	0.00e+00	0.00e+00	1.51e-100
 4.34941e+12	3.63e-29	4.72e-21	6.34e-14	1.35e-07	7.12e-01	2.88e-01	1.53e-04	0.00e+00	0.00e+00	0.00e+00	0.00e+00	0.00e+00	2.62e-85
 4.53906e+12	4.90e-29	6.00e-21	7.60e-14	1.51e-07	7.29e-01	2.71e-01	1.32e-04	0.00e+00	0.00e+00	0.00e+00	0.00e+00	0.00e+00	9.04e-100
 4.71757e+12	6.43e-29	7.44e-21	8.94e-14	1.66e-07	7.44e-01	2.56e-01	1.16e-04	0.00e+00	0.00e+00	0.00e+00	0.00e+00	0.00e+00	1.07e-84
 4.91273e+12	8.55e-29	9.33e-21	1.06e-13	1.83e-07	7.59e-01	2.41e-01	1.01e-04	0.00e+00	0.00e+00	0.00e+00	0.00e+00	0.00e+00	5.12e-99
 5.13130e+12	1.16e-28	1.19e-20	1.27e-13	2.04e-07	7.75e-01	2.25e-01	8.65e-05	0.00e+00	0.00e+00	0.00e+00	0.00e+00	0.00e+00	4.64e-84
 5.33838e+12	1.53e-28	1.48e-20	1.50e-13	2.25e-07	7.88e-01	2.12e-01	7.53e-05	0.00e+00	0.00e+00	0.00e+00	0.00e+00	0.00e+00	3.19e-98
 5.56091e+12	2.04e-28	1.86e-20	1.77e-13	2.48e-07	8.01e-01	1.99e-01	6.51e-05	0.00e+00	0.00e+00	0.00e+00	0.00e+00	0.00e+00	1.93e-83
 5.81327e+12	2.78e-28	2.37e-20	2.13e-13	2.75e-07	8.15e-01	1.85e-01	5.55e-05	0.00e+00	0.00e+00	0.00e+00	0.00e+00	0.00e+00	2.12e-97
 6.06217e+12	3.73e-28	2.99e-20	2.52e-13	3.04e-07	8.27e-01	1.73e-01	4.77e-05	0.00e+00	0.00e+00	0.00e+00	0.00e+00	0.00e+00	8.97e-83
 6.32103e+12	5.00e-28	3.77e-20	2.99e-13	3.35e-07	8.39e-01	1.61e-01	4.10e-05	0.00e+00	0.00e+00	0.00e+00	0.00e+00	0.00e+00	1.39e-96
 6.60380e+12	6.82e-28	4.81e-20	3.57e-13	3.70e-07	8.50e-01	1.50e-01	3.50e-05	0.00e+00	0.00e+00	0.00e+00	0.00e+00	0.00e+00	4.25e-82
 6.89788e+12	9.25e-28	6.11e-20	4.26e-13	4.09e-07	8.61e-01	1.39e-01	2.97e-05	0.00e+00	0.00e+00	0.00e+00	0.00e+00	0.00e+00	1.00e-95
 7.18467e+12	1.23e-27	7.65e-20	5.01e-13	4.48e-07	8.70e-01	1.30e-01	2.56e-05	0.00e+00	0.00e+00	0.00e+00	0.00e+00	0.00e+00	1.98e-81
 7.44761e+12	1.59e-27	9.34e-20	5.79e-13	4.86e-07	8.78e-01	1.22e-01	2.24e-05	0.00e+00	0.00e+00	0.00e+00	0.00e+00	0.00e+00	5.78e-95
 7.68299e+12	1.98e-27	1.11e-19	6.55e-13	5.21e-07	8.85e-01	1.15e-01	1.99e-05	0.00e+00	0.00e+00	0.00e+00	0.00e+00	0.00e+00	6.87e-81
 7.93445e+12	2.50e-27	1.33e-19	7.44e-13	5.59e-07	8.91e-01	1.09e-01	1.77e-05	0.00e+00	0.00e+00	0.00e+00	0.00e+00	0.00e+00	2.49e-94
 8.25308e+12	3.31e-27	1.65e-19	8.70e-13	6.09e-07	8.98e-01	1.02e-01	1.53e-05	0.00e+00	0.00e+00	0.00e+00	0.00e+00	0.00e+00	2.66e-80
 8.57615e+12	4.34e-27	2.04e-19	1.01e-12	6.63e-07	9.05e-01	9.50e-02	1.32e-05	0.00e+00	0.00e+00	0.00e+00	0.00e+00	0.00e+00	1.51e-93
 8.84852e+12	5.44e-27	2.43e-19	1.15e-12	7.09e-07	9.10e-01	8.98e-02	1.18e-05	0.00e+00	0.00e+00	0.00e+00	0.00e+00	0.00e+00	9.89e-80
 9.13784e+12	6.86e-27	2.90e-19	1.30e-12	7.59e-07	9.15e-01	8.48e-02	1.04e-05	0.00e+00	0.00e+00	0.00e+00	0.00e+00	0.00e+00	6.67e-93
 9.50235e+12	9.11e-27	3.61e-19	1.52e-12	8.24e-07	9.21e-01	7.91e-02	9.00e-06	0.00e+00	0.00e+00	0.00e+00	0.00e+00	0.00e+00	3.94e-79
 9.87482e+12	1.20e-26	4.47e-19	1.77e-12	8.95e-07	9.26e-01	7.37e-02	7.77e-06	0.00e+00	0.00e+00	0.00e+00	0.00e+00	0.00e+00	4.14e-92
 1.01933e+13	1.51e-26	5.34e-19	2.00e-12	9.57e-07	9.30e-01	6.96e-02	6.89e-06	0.00e+00	0.00e+00	0.00e+00	0.00e+00	0.00e+00	1.53e-78
 1.05315e+13	1.92e-26	6.41e-19	2.27e-12	1.02e-06	9.34e-01	6.56e-02	6.10e-06	0.00e+00	0.00e+00	0.00e+00	0.00e+00	0.00e+00	1.92e-91
 1.09521e+13	2.56e-26	8.00e-19	2.65e-12	1.11e-06	9.39e-01	6.11e-02	5.27e-06	0.00e+00	0.00e+00	0.00e+00	0.00e+00	0.00e+00	6.36e-78
 1.13830e+13	3.39e-26	9.92e-19	3.08e-12	1.20e-06	9.43e-01	5.68e-02	4.54e-06	0.00e+00	0.00e+00	0.00e+00	0.00e+00	0.00e+00	1.23e-90
 1.17610e+13	4.32e-26	1.19e-18	3.50e-12	1.29e-06	9.46e-01	5.35e-02	4.02e-06	0.00e+00	0.00e+00	0.00e+00	0.00e+00	0.00e+00	2.60e-77
 1.21673e+13	5.57e-26	1.45e-18	3.99e-12	1.38e-06	9.50e-01	5.03e-02	3.53e-06	0.00e+00	0.00e+00	0.00e+00	0.00e+00	0.00e+00	6.16e-90
 1.26599e+13	7.48e-26	1.81e-18	4.66e-12	1.49e-06	9.53e-01	4.68e-02	3.04e-06	0.00e+00	0.00e+00	0.00e+00	0.00e+00	0.00e+00	1.16e-76
 1.31585e+13	9.99e-26	2.26e-18	5.42e-12	1.61e-06	9.56e-01	4.35e-02	2.63e-06	0.00e+00	0.00e+00	0.00e+00	0.00e+00	0.00e+00	2.54e-76
 1.36149e+13	1.29e-25	2.74e-18	6.19e-12	1.73e-06	9.59e-01	4.09e-02	2.31e-06	0.00e+00	0.00e+00	0.00e+00	0.00e+00	0.00e+00	5.09e-76
 1.41225e+13	1.70e-25	3.38e-18	7.13e-12	1.86e-06	9.62e-01	3.82e-02	2.01e-06	0.00e+00	0.00e+00	0.00e+00	0.00e+00	0.00e+00	1.08e-75
 1.47126e+13	2.31e-25	4.27e-18	8.36e-12	2.02e-06	9.65e-01	3.54e-02	1.72e-06	0.00e+00	0.00e+00	0.00e+00	0.00e+00	0.00e+00	2.51e-75
 1.52938e+13	3.11e-25	5.34e-18	9.71e-12	2.18e-06	9.67e-01	3.29e-02	1.49e-06	0.00e+00	0.00e+00	0.00e+00	0.00e+00	0.00e+00	5.63e-75
 1.58476e+13	4.07e-25	6.55e-18	1.12e-11	2.34e-06	9.69e-01	3.08e-02	1.30e-06	0.00e+00	0.00e+00	0.00e+00	0.00e+00	0.00e+00	1.18e-74
 1.64608e+13	5.43e-25	8.14e-18	1.29e-11	2.52e-06	9.71e-01	2.87e-02	1.13e-06	0.00e+00	0.00e+00	0.00e+00	0.00e+00	0.00e+00	2.61e-74
 1.71492e+13	7.43e-25	1.03e-17	1.51e-11	2.73e-06	9.73e-01	2.66e-02	9.66e-07	0.00e+00	0.00e+00	0.00e+00	0.00e+00	0.00e+00	6.15e-74
 1.78468e+13	1.01e-24	1.30e-17	1.77e-11	2.96e-06	9.75e-01	2.47e-02	0.00e+00	0.00e+00	0.00e+00	0.00e+00	0.00e+00	0.00e+00	1.42e-73
 1.85722e+13	1.37e-24	1.64e-17	2.06e-11	3.20e-06	9.77e-01	2.29e-02	0.00e+00	0.00e+00	0.00e+00	0.00e+00	0.00e+00	0.00e+00	3.30e-73
 1.93450e+13	1.88e-24	2.07e-17	2.42e-11	3.46e-06	9.79e-01	2.12e-02	0.00e+00	0.00e+00	0.00e+00	0.00e+00	0.00e+00	0.00e+00	7.82e-73
 2.01487e+13	2.57e-24	2.62e-17	2.83e-11	3.75e-06	9.80e-01	1.97e-02	0.00e+00	0.00e+00	0.00e+00	0.00e+00	0.00e+00	0.00e+00	1.86e-72
 2.09292e+13	3.44e-24	3.27e-17	3.28e-11	4.03e-06	9.82e-01	1.83e-02	0.00e+00	0.00e+00	0.00e+00	0.00e+00	0.00e+00	0.00e+00	4.16e-72
 2.15950e+13	4.37e-24	3.91e-17	3.70e-11	4.29e-06	9.83e-01	1.73e-02	0.00e+00	0.00e+00	0.00e+00	0.00e+00	0.00e+00	0.00e+00	8.01e-72
 2.21841e+13	5.39e-24	4.58e-17	4.11e-11	4.52e-06	9.84e-01	1.64e-02	0.00e+00	0.00e+00	0.00e+00	0.00e+00	1.48e-17	3.10e-17	1.43e-71
 2.28604e+13	6.81e-24	5.46e-17	4.62e-11	4.79e-06	9.84e-01	1.55e-02	0.00e+00	0.00e+00	0.00e+00	0.00e+00	1.81e-17	3.65e-17	2.73e-71
 2.37224e+13	9.07e-24	6.77e-17	5.34e-11	5.15e-06	9.86e-01	1.45e-02	0.00e+00	0.00e+00	0.00e+00	0.00e+00	2.25e-17	4.52e-17	6.00e-71
 2.46234e+13	1.21e-23	8.39e-17	6.17e-11	5.54e-06	9.87e-01	1.35e-02	0.00e+00	0.00e+00	0.00e+00	0.00e+00	2.78e-17	5.60e-17	1.31e-70
 2.54169e+13	1.54e-23	1.01e-16	6.98e-11	5.89e-06	9.87e-01	1.27e-02	0.00e+00	0.00e+00	0.00e+00	0.00e+00	3.35e-17	6.74e-17	2.58e-70
 2.62730e+13	2.00e-23	1.23e-16	7.94e-11	6.28e-06	9.88e-01	1.19e-02	0.00e+00	0.00e+00	0.00e+00	0.00e+00	4.07e-17	8.19e-17	5.28e-70
 2.73070e+13	2.69e-23	1.53e-16	9.23e-11	6.78e-06	9.89e-01	1.11e-02	0.00e+00	0.00e+00	0.00e+00	0.00e+00	5.09e-17	1.03e-16	1.20e-69
 2.83593e+13	3.59e-23	1.91e-16	1.07e-10	7.31e-06	9.90e-01	1.03e-02	0.00e+00	0.00e+00	0.00e+00	0.00e+00	6.32e-17	1.27e-16	2.63e-69
 2.93379e+13	4.67e-23	2.32e-16	1.22e-10	7.80e-06	9.90e-01	9.63e-03	0.00e+00	0.00e+00	0.00e+00	0.00e+00	7.71e-17	1.55e-16	5.44e-69
 3.04254e+13	6.19e-23	2.88e-16	1.41e-10	8.38e-06	9.91e-01	8.98e-03	0.00e+00	0.00e+00	0.00e+00	0.00e+00	9.54e-17	1.92e-16	1.19e-68
 3.16724e+13	8.39e-23	3.62e-16	1.65e-10	9.08e-06	9.92e-01	8.30e-03	0.00e+00	0.00e+00	0.00e+00	0.00e+00	1.20e-16	2.42e-16	2.73e-68
 3.29160e+13	1.13e-22	4.54e-16	1.92e-10	9.79e-06	9.92e-01	7.71e-03	0.00e+00	0.00e+00	0.00e+00	0.00e+00	1.51e-16	3.03e-16	6.29e-68
 3.40439e+13	1.46e-22	5.50e-16	2.19e-10	1.05e-05	9.93e-01	7.21e-03	0.00e+00	0.00e+00	0.00e+00	0.00e+00	1.82e-16	3.67e-16	1.25e-67
 3.50795e+13	1.84e-22	6.56e-16	2.46e-10	1.11e-05	9.93e-01	6.80e-03	0.00e+00	0.00e+00	0.00e+00	0.00e+00	2.18e-16	4.38e-16	2.39e-67
 3.62654e+13	2.36e-22	7.92e-16	2.81e-10	1.19e-05	9.94e-01	6.37e-03	0.00e+00	0.00e+00	0.00e+00	0.00e+00	2.63e-16	5.29e-16	4.71e-67
 3.76893e+13	3.19e-22	9.93e-16	3.27e-10	1.28e-05	9.94e-01	5.91e-03	0.00e+00	0.00e+00	0.00e+00	0.00e+00	3.30e-16	6.64e-16	1.08e-66
 3.91014e+13	4.18e-22	1.22e-15	3.78e-10	1.38e-05	9.94e-01	5.49e-03	0.00e+00	0.00e+00	0.00e+00	0.00e+00	4.05e-16	8.16e-16	2.26e-66
 4.03655e+13	5.37e-22	1.47e-15	4.29e-10	1.47e-05	9.95e-01	5.16e-03	0.00e+00	0.00e+00	0.00e+00	0.00e+00	4.89e-16	9.86e-16	4.53e-66
 4.17588e+13	6.91e-22	1.79e-15	4.90e-10	1.57e-05	9.95e-01	4.82e-03	0.00e+00	0.00e+00	0.00e+00	0.00e+00	5.92e-16	1.19e-15	9.01e-66
 4.34122e+13	9.25e-22	2.23e-15	5.72e-10	1.70e-05	9.96e-01	4.46e-03	0.00e+00	0.00e+00	0.00e+00	0.00e+00	7.40e-16	1.49e-15	2.01e-65
 4.50484e+13	1.23e-21	2.77e-15	6.62e-10	1.83e-05	9.96e-01	4.15e-03	0.00e+00	0.00e+00	0.00e+00	0.00e+00	9.20e-16	1.85e-15	4.44e-65
 4.65535e+13	1.56e-21	3.33e-15	7.54e-10	1.96e-05	9.96e-01	3.89e-03	0.00e+00	0.00e+00	0.00e+00	0.00e+00	1.10e-15	2.23e-15	8.55e-65
 4.82435e+13	2.05e-21	4.09e-15	8.69e-10	2.10e-05	9.96e-01	3.62e-03	0.00e+00	0.00e+00	0.00e+00	0.00e+00	1.36e-15	2.73e-15	1.80e-64
 5.01976e+13	2.76e-21	5.13e-15	1.02e-09	2.28e-05	9.97e-01	3.34e-03	0.00e+00	0.00e+00	0.00e+00	0.00e+00	1.70e-15	3.43e-15	4.07e-64
 5.21071e+13	3.67e-21	6.39e-15	1.18e-09	2.45e-05	9.97e-01	3.11e-03	0.00e+00	0.00e+00	0.00e+00	0.00e+00	2.12e-15	4.27e-15	9.03e-64
 5.39215e+13	4.71e-21	7.72e-15	1.35e-09	2.63e-05	9.97e-01	2.90e-03	0.00e+00	0.00e+00	0.00e+00	0.00e+00	2.56e-15	5.16e-15	1.78e-63
 5.59367e+13	6.24e-21	9.57e-15	1.56e-09	2.83e-05	9.97e-01	2.69e-03	0.00e+00	0.00e+00	0.00e+00	0.00e+00	3.17e-15	6.40e-15	3.88e-63
 5.82041e+13	8.32e-21	1.19e-14	1.83e-09	3.07e-05	9.97e-01	2.49e-03	0.00e+00	0.00e+00	0.00e+00	0.00e+00	3.95e-15	7.97e-15	8.54e-63
 6.03614e+13	1.10e-20	1.48e-14	2.11e-09	3.30e-05	9.98e-01	2.31e-03	0.00e+00	0.00e+00	0.00e+00	0.00e+00	4.89e-15	9.87e-15	1.85e-62
 6.23377e+13	1.38e-20	1.76e-14	2.40e-09	3.52e-05	9.98e-01	2.17e-03	0.00e+00	0.00e+00	0.00e+00	0.00e+00	5.83e-15	1.18e-14	3.47e-62
 6.45800e+13	1.81e-20	2.16e-14	2.77e-09	3.78e-05	9.98e-01	2.02e-03	0.00e+00	0.00e+00	0.00e+00	0.00e+00	7.17e-15	1.45e-14	7.34e-62
 6.71793e+13	2.40e-20	2.69e-14	3.24e-09	4.10e-05	9.98e-01	1.86e-03	0.00e+00	0.00e+00	0.00e+00	0.00e+00	8.91e-15	1.80e-14	1.60e-61
 6.96584e+13	3.16e-20	3.32e-14	3.74e-09	4.40e-05	9.98e-01	1.73e-03	0.00e+00	0.00e+00	0.00e+00	0.00e+00	1.10e-14	2.22e-14	3.44e-61
 7.17136e+13	3.88e-20	3.89e-14	4.20e-09	4.67e-05	9.98e-01	1.63e-03	0.00e+00	0.00e+00	0.00e+00	0.00e+00	1.29e-14	2.60e-14	6.03e-61
 7.38020e+13	4.82e-20	4.60e-14	4.70e-09	4.95e-05	9.98e-01	1.54e-03	0.00e+00	0.00e+00	0.00e+00	0.00e+00	1.52e-14	3.08e-14	1.11e-60
 7.64970e+13	6.23e-20	5.60e-14	5.42e-09	5.32e-05	9.99e-01	1.44e-03	0.00e+00	0.00e+00	0.00e+00	0.00e+00	1.85e-14	3.74e-14	2.24e-60
 7.92784e+13	8.16e-20	6.89e-14	6.25e-09	5.72e-05	9.99e-01	1.34e-03	0.00e+00	0.00e+00	0.00e+00	0.00e+00	2.28e-14	4.61e-14	4.75e-60
 8.16385e+13	1.00e-19	8.06e-14	7.03e-09	6.07e-05	9.99e-01	1.26e-03	0.00e+00	0.00e+00	0.00e+00	0.00e+00	2.67e-14	5.40e-14	8.34e-60
 8.41534e+13	1.25e-19	9.57e-14	7.93e-09	6.45e-05	9.99e-01	1.18e-03	0.00e+00	0.00e+00	0.00e+00	0.00e+00	3.16e-14	6.40e-14	1.55e-59
 8.73013e+13	1.63e-19	1.17e-13	9.17e-09	6.95e-05	9.99e-01	1.10e-03	0.00e+00	0.00e+00	0.00e+00	0.00e+00	3.88e-14	7.85e-14	3.22e-59
 9.05395e+13	2.14e-19	1.45e-13	1.06e-08	7.47e-05	9.99e-01	1.02e-03	0.00e+00	0.00e+00	0.00e+00	0.00e+00	4.80e-14	9.71e-14	6.95e-59
 9.33944e+13	2.66e-19	1.71e-13	1.20e-08	7.96e-05	9.99e-01	9.60e-04	0.00e+00	0.00e+00	0.00e+00	0.00e+00	5.66e-14	1.15e-13	1.26e-58
 9.64836e+13	3.38e-19	2.07e-13	1.37e-08	8.50e-05	9.99e-01	8.99e-04	0.00e+00	0.00e+00	0.00e+00	0.00e+00	6.83e-14	1.38e-13	2.48e-58
 1.00209e+14	4.42e-19	2.54e-13	1.59e-08	9.19e-05	9.99e-01	8.32e-04	0.00e+00	0.00e+00	0.00e+00	0.00e+00	8.38e-14	1.70e-13	5.17e-58
 1.03901e+14	5.76e-19	3.12e-13	1.83e-08	9.88e-05	9.99e-01	7.74e-04	0.00e+00	0.00e+00	0.00e+00	0.00e+00	1.03e-13	2.09e-13	1.09e-57
 1.07186e+14	7.14e-19	3.68e-13	2.08e-08	1.05e-04	9.99e-01	7.26e-04	0.00e+00	0.00e+00	0.00e+00	0.00e+00	1.22e-13	2.47e-13	1.98e-57
 1.10802e+14	9.10e-19	4.45e-13	2.37e-08	1.13e-04	9.99e-01	6.79e-04	0.00e+00	0.00e+00	0.00e+00	0.00e+00	1.47e-13	2.98e-13	3.93e-57
 1.15118e+14	1.18e-18	5.45e-13	2.76e-08	1.22e-04	9.99e-01	6.28e-04	0.00e+00	0.00e+00	0.00e+00	0.00e+00	1.80e-13	3.65e-13	8.08e-57
 1.19397e+14	1.54e-18	6.73e-13	3.20e-08	1.31e-04	9.99e-01	5.83e-04	0.00e+00	0.00e+00	0.00e+00	0.00e+00	2.22e-13	4.51e-13	1.72e-56
 1.23295e+14	1.91e-18	7.94e-13	3.64e-08	1.40e-04	9.99e-01	5.45e-04	0.00e+00	0.00e+00	0.00e+00	0.00e+00	2.62e-13	5.32e-13	3.11e-56
 1.27643e+14	2.46e-18	9.65e-13	4.18e-08	1.50e-04	9.99e-01	5.08e-04	0.00e+00	0.00e+00	0.00e+00	0.00e+00	3.18e-13	6.47e-13	6.28e-56
 1.32717e+14	3.22e-18	1.19e-12	4.88e-08	1.63e-04	9.99e-01	4.69e-04	0.00e+00	0.00e+00	0.00e+00	0.00e+00	3.93e-13	8.01e-13	1.35e-55
 1.37700e+14	4.17e-18	1.46e-12	5.66e-08	1.76e-04	9.99e-01	4.35e-04	0.00e+00	0.00e+00	0.00e+00	0.00e+00	4.82e-13	9.82e-13	2.80e-55
 1.42385e+14	5.18e-18	1.74e-12	6.47e-08	1.89e-04	9.99e-01	4.05e-04	0.00e+00	0.00e+00	0.00e+00	0.00e+00	5.73e-13	1.17e-12	5.15e-55
 1.47613e+14	6.71e-18	2.13e-12	7.48e-08	2.03e-04	9.99e-01	3.76e-04	0.00e+00	0.00e+00	0.00e+00	0.00e+00	7.00e-13	1.43e-12	1.06e-54
 1.53547e+14	8.76e-18	2.63e-12	8.77e-08	2.21e-04	9.99e-01	3.46e-04	0.00e+00	0.00e+00	0.00e+00	0.00e+00	8.65e-13	1.76e-12	2.26e-54
 1.59457e+14	1.13e-17	3.23e-12	1.02e-07	2.39e-04	9.99e-01	3.20e-04	0.00e+00	0.00e+00	0.00e+00	0.00e+00	1.06e-12	2.17e-12	4.75e-54
 1.65603e+14	1.45e-17	3.93e-12	1.19e-07	2.59e-04	9.99e-01	2.95e-04	0.00e+00	0.00e+00	0.00e+00	0.00e+00	1.29e-12	2.64e-12	9.53e-54
 1.71125e+14	1.82e-17	4.71e-12	1.36e-07	2.78e-04	9.99e-01	2.75e-04	0.00e+00	0.00e+00	0.00e+00	0.00e+00	1.55e-12	3.16e-12	1.82e-53
 1.75266e+14	2.13e-17	5.34e-12	1.49e-07	2.92e-04	9.99e-01	2.62e-04	0.00e+00	0.00e+00	0.00e+00	0.00e+00	1.76e-12	3.59e-12	2.85e-53
 1.79590e+14	2.51e-17	6.08e-12	1.65e-07	3.08e-04	9.99e-01	2.48e-04	0.00e+00	0.00e+00	0.00e+00	0.00e+00	2.00e-12	4.08e-12	4.51e-53
 1.85212e+14	3.07e-17	7.16e-12	1.87e-07	3.29e-04	9.99e-01	2.32e-04	0.00e+00	0.00e+00	0.00e+00	0.00e+00	2.35e-12	4.81e-12	8.08e-53
 1.91311e+14	3.77e-17	8.48e-12	2.12e-07	3.53e-04	9.99e-01	2.17e-04	0.00e+00	0.00e+00	0.00e+00	0.00e+00	2.79e-12	5.70e-12	1.48e-52
 1.96825e+14	4.57e-17	9.88e-12	2.38e-07	3.75e-04	9.99e-01	2.04e-04	0.00e+00	3.82e-18	1.15e-17	1.92e-17	3.24e-12	6.63e-12	2.56e-52
 2.02787e+14	5.53e-17	1.15e-11	2.69e-07	4.00e-04	9.99e-01	1.91e-04	0.00e+00	4.62e-18	1.39e-17	2.32e-17	3.78e-12	7.73e-12	4.41e-52
 2.09522e+14	6.86e-17	1.37e-11	3.07e-07	4.30e-04	9.99e-01	1.78e-04	0.00e+00	5.73e-18	1.72e-17	2.88e-17	4.49e-12	9.20e-12	8.24e-52
 2.15999e+14	8.30e-17	1.60e-11	3.47e-07	4.59e-04	9.99e-01	1.67e-04	0.00e+00	6.94e-18	2.08e-17	3.48e-17	5.26e-12	1.08e-11	1.45e-51
 2.23155e+14	1.02e-16	1.90e-11	3.96e-07	4.93e-04	9.99e-01	1.55e-04	0.00e+00	8.57e-18	2.57e-17	4.30e-17	6.22e-12	1.27e-11	2.67e-51
 2.31087e+14	1.28e-16	2.27e-11	4.56e-07	5.33e-04	9.99e-01	1.44e-04	0.00e+00	1.07e-17	3.21e-17	5.37e-17	7.46e-12	1.53e-11	5.13e-51
 2.38528e+14	1.56e-16	2.68e-11	5.18e-07	5.71e-04	9.99e-01	1.34e-04	0.00e+00	1.31e-17	3.92e-17	6.55e-17	8.80e-12	1.80e-11	9.34e-51
 2.46701e+14	1.94e-16	3.20e-11	5.93e-07	6.15e-04	9.99e-01	1.24e-04	0.00e+00	1.63e-17	4.90e-17	8.18e-17	1.05e-11	2.15e-11	1.78e-50
 2.55789e+14	2.43e-16	3.85e-11	6.87e-07	6.67e-04	9.99e-01	1.15e-04	0.00e+00	2.04e-17	6.13e-17	1.02e-16	1.26e-11	2.59e-11	3.50e-50
 2.64247e+14	2.97e-16	4.55e-11	7.83e-07	7.17e-04	9.99e-01	1.07e-04	0.00e+00	2.49e-17	7.49e-17	1.25e-16	1.49e-11	3.06e-11	6.45e-50
 2.73420e+14	3.70e-16	5.44e-11	8.99e-07	7.74e-04	9.99e-01	9.91e-05	0.00e+00	3.12e-17	9.37e-17	1.56e-16	1.79e-11	3.66e-11	1.25e-49
 2.83629e+14	4.66e-16	6.58e-11	1.04e-06	8.41e-04	9.99e-01	9.13e-05	0.00e+00	3.93e-17	1.18e-16	1.97e-16	2.16e-11	4.42e-11	2.53e-49
 2.93165e+14	5.67e-16	7.77e-11	1.19e-06	9.05e-04	9.99e-01	8.49e-05	0.00e+00	4.79e-17	1.44e-16	2.40e-16	2.55e-11	5.22e-11	4.69e-49
 3.03540e+14	7.14e-16	9.34e-11	1.37e-06	9.79e-04	9.99e-01	7.85e-05	0.00e+00	6.04e-17	1.81e-16	3.03e-16	3.06e-11	6.27e-11	9.39e-49
 3.15112e+14	9.02e-16	1.13e-10	1.59e-06	1.07e-03	9.99e-01	7.23e-05	0.00e+00	7.63e-17	2.29e-16	3.83e-16	3.72e-11	7.61e-11	1.94e-48
 3.25972e+14	1.11e-15	1.35e-10	1.83e-06	1.15e-03	9.99e-01	6.70e-05	0.00e+00	9.44e-17	2.83e-16	4.73e-16	4.43e-11	9.07e-11	3.77e-48
 3.37763e+14	1.37e-15	1.61e-10	2.10e-06	1.24e-03	9.99e-01	6.20e-05	0.00e+00	1.16e-16	3.49e-16	5.83e-16	5.29e-11	1.08e-10	7.37e-48
 3.50980e+14	1.78e-15	1.98e-10	2.46e-06	1.36e-03	9.99e-01	5.69e-05	0.00e+00	1.51e-16	4.53e-16	7.57e-16	6.50e-11	1.33e-10	1.63e-47
 3.63551e+14	2.22e-15	2.38e-10	2.83e-06	1.47e-03	9.98e-01	5.26e-05	0.00e+00	1.89e-16	5.68e-16	9.48e-16	7.83e-11	1.60e-10	3.34e-47
 3.76947e+14	2.78e-15	2.87e-10	3.27e-06	1.59e-03	9.98e-01	4.86e-05	0.00e+00	2.37e-16	7.11e-16	1.19e-15	9.44e-11	1.93e-10	6.93e-47
 3.92055e+14	3.58e-15	3.53e-10	3.82e-06	1.74e-03	9.98e-01	4.45e-05	0.00e+00	3.05e-16	9.17e-16	1.53e-15	1.16e-10	2.37e-10	1.57e-46
 4.06984e+14	4.52e-15	4.29e-10	4.44e-06	1.89e-03	9.98e-01	4.10e-05	0.00e+00	3.86e-16	1.16e-15	1.93e-15	1.41e-10	2.88e-10	3.38e-46
 4.19173e+14	5.47e-15	5.02e-10	4.99e-06	2.02e-03	9.98e-01	3.84e-05	0.00e+00	4.68e-16	1.40e-15	2.34e-15	1.65e-10	3.37e-10	6.28e-46
 4.28641e+14	6.33e-15	5.65e-10	5.46e-06	2.13e-03	9.98e-01	3.66e-05	0.00e+00	5.42e-16	1.63e-15	2.71e-15	1.86e-10	3.79e-10	1.01e-45
 4.39002e+14	7.38e-15	6.41e-10	6.00e-06	2.25e-03	9.98e-01	3.47e-05	0.00e+00	6.32e-16	1.90e-15	3.17e-15	2.11e-10	4.30e-10	1.67e-45
 4.52470e+14	8.93e-15	7.51e-10	6.77e-06	2.41e-03	9.98e-01	3.25e-05	0.00e+00	7.66e-16	2.30e-15	3.84e-15	2.47e-10	5.04e-10	3.16e-45
 4.67039e+14	1.07e-14	8.80e-10	7.67e-06	2.58e-03	9.97e-01	3.03e-05	0.00e+00	9.22e-16	2.77e-15	4.62e-15	2.89e-10	5.90e-10	5.90e-45
 4.80207e+14	1.32e-14	1.03e-09	8.58e-06	2.75e-03	9.97e-01	2.85e-05	0.00e+00	1.13e-15	3.40e-15	5.67e-15	3.39e-10	6.92e-10	1.13e-44
 4.94499e+14	1.59e-14	1.21e-09	9.64e-06	2.93e-03	9.97e-01	2.68e-05	0.00e+00	1.36e-15	4.09e-15	6.84e-15	3.97e-10	8.09e-10	2.09e-44
 5.12643e+14	2.02e-14	1.46e-09	1.11e-05	3.18e-03	9.97e-01	2.48e-05	0.00e+00	1.74e-15	5.21e-15	8.70e-15	4.82e-10	9.82e-10	4.60e-44
 5.30859e+14	2.52e-14	1.77e-09	1.28e-05	3.43e-03	9.97e-01	2.30e-05	0.00e+00	2.17e-15	6.53e-15	1.09e-14	5.81e-10	1.18e-09	9.65e-44
 5.46093e+14	2.99e-14	2.04e-09	1.43e-05	3.66e-03	9.96e-01	2.16e-05	0.00e+00	2.58e-15	7.74e-15	1.29e-14	6.71e-10	1.37e-09	1.71e-43
 5.62386e+14	3.62e-14	2.39e-09	1.61e-05	3.90e-03	9.96e-01	2.03e-05	0.00e+00	3.13e-15	9.39e-15	1.57e-14	7.87e-10	1.60e-09	3.23e-43
 5.83042e+14	4.73e-14	2.95e-09	1.85e-05	4.23e-03	9.96e-01	1.88e-05	0.00e+00	4.10e-15	1.23e-14	2.05e-14	9.71e-10	1.98e-09	7.51e-43
 6.04751e+14	6.03e-14	3.60e-09	2.14e-05	4.59e-03	9.95e-01	1.74e-05	0.00e+00	5.22e-15	1.57e-14	2.62e-14	1.19e-09	2.41e-09	1.68e-42
 6.24209e+14	7.40e-14	4.27e-09	2.43e-05	4.92e-03	9.95e-01	1.63e-05	0.00e+00	6.42e-15	1.93e-14	3.22e-14	1.41e-09	2.86e-09	3.31e-42
 6.45359e+14	9.03e-14	5.06e-09	2.77e-05	5.30e-03	9.95e-01	1.52e-05	0.00e+00	7.84e-15	2.35e-14	3.93e-14	1.67e-09	3.39e-09	6.48e-42
 6.70475e+14	1.19e-13	6.32e-09	3.23e-05	5.77e-03	9.94e-01	1.41e-05	0.00e+00	1.03e-14	3.10e-14	5.18e-14	2.08e-09	4.23e-09	1.57e-41
 6.95229e+14	1.53e-13	7.74e-09	3.73e-05	6.24e-03	9.94e-01	1.31e-05	0.00e+00	1.33e-14	3.99e-14	6.66e-14	2.55e-09	5.18e-09	3.47e-41
 7.17764e+14	1.90e-13	9.24e-09	4.23e-05	6.70e-03	9.93e-01	1.23e-05	0.00e+00	1.65e-14	4.96e-14	8.28e-14	3.05e-09	6.19e-09	6.97e-41
 7.42929e+14	2.35e-13	1.11e-08	4.85e-05	7.22e-03	9.93e-01	1.15e-05	0.00e+00	2.05e-14	6.14e-14	1.02e-13	3.65e-09	7.40e-09	1.39e-40
 7.72310e+14	3.12e-13	1.39e-08	5.66e-05	7.87e-03	9.92e-01	1.06e-05	0.00e+00	2.73e-14	8.18e-14	1.37e-13	4.59e-09	9.31e-09	3.44e-40
 8.01272e+14	4.04e-13	1.71e-08	6.55e-05	8.52e-03	9.91e-01	9.92e-06	0.00e+00	3.53e-14	1.06e-13	1.77e-13	5.66e-09	1.15e-08	7.67e-40
 8.28674e+14	5.10e-13	2.07e-08	7.49e-05	9.17e-03	9.91e-01	9.31e-06	0.00e+00	4.46e-14	1.34e-13	2.24e-13	6.85e-09	1.39e-08	1.60e-39
 8.59133e+14	6.39e-13	2.51e-08	8.64e-05	9.91e-03	9.90e-01	8.71e-06	0.00e+00	5.60e-14	1.68e-13	2.80e-13	8.28e-09	1.68e-08	3.28e-39
 8.93528e+14	8.68e-13	3.19e-08	1.01e-04	1.08e-02	9.89e-01	8.10e-06	0.00e+00	7.61e-14	2.28e-13	3.81e-13	1.06e-08	2.14e-08	8.38e-39
 9.22405e+14	1.09e-12	3.83e-08	1.15e-04	1.16e-02	9.88e-01	7.66e-06	0.00e+00	9.55e-14	2.86e-13	4.78e-13	1.27e-08	2.57e-08	1.67e-38
 9.43222e+14	1.27e-12	4.35e-08	1.25e-04	1.22e-02	9.88e-01	7.37e-06	0.00e+00	1.12e-13	3.35e-13	5.59e-13	1.44e-08	2.91e-08	2.69e-38
 9.65014e+14	1.49e-12	4.96e-08	1.37e-04	1.28e-02	9.87e-01	7.09e-06	0.00e+00	1.31e-13	3.94e-13	6.57e-13	1.64e-08	3.32e-08	4.41e-38
 9.93344e+14	1.78e-12	5.77e-08	1.54e-04	1.36e-02	9.86e-01	6.75e-06	0.00e+00	1.56e-13	4.69e-13	7.83e-13	1.91e-08	3.86e-08	7.64e-38
 1.02497e+15	2.28e-12	7.02e-08	1.75e-04	1.45e-02	9.85e-01	6.41e-06	0.00e+00	2.00e-13	6.01e-13	1.00e-12	2.32e-08	4.70e-08	1.61e-37
 1.05453e+15	2.76e-12	8.25e-08	1.96e-04	1.54e-02	9.84e-01	6.12e-06	0.00e+00	2.44e-13	7.31e-13	1.22e-12	2.73e-08	5.52e-08	2.90e-37
 1.08660e+15	3.35e-12	9.69e-08	2.21e-04	1.65e-02	9.83e-01	5.84e-06	0.00e+00	2.96e-13	8.87e-13	1.48e-12	3.21e-08	6.48e-08	5.21e-37
 1.12268e+15	4.34e-12	1.19e-07	2.52e-04	1.77e-02	9.82e-01	5.56e-06	0.00e+00	3.83e-13	1.15e-12	1.92e-12	3.94e-08	7.96e-08	1.12e-36
 1.15685e+15	5.32e-12	1.41e-07	2.84e-04	1.88e-02	9.81e-01	5.32e-06	0.00e+00	4.70e-13	1.41e-12	2.35e-12	4.67e-08	9.44e-08	2.05e-36
 1.19415e+15	6.54e-12	1.68e-07	3.22e-04	2.01e-02	9.80e-01	5.08e-06	0.00e+00	5.78e-13	1.73e-12	2.89e-12	5.55e-08	1.12e-07	3.79e-36
 1.23610e+15	8.59e-12	2.09e-07	3.70e-04	2.17e-02	9.78e-01	4.84e-06	0.00e+00	7.60e-13	2.28e-12	3.80e-12	6.91e-08	1.39e-07	8.49e-36
 1.27592e+15	1.07e-11	2.50e-07	4.20e-04	2.32e-02	9.76e-01	4.64e-06	0.00e+00	9.44e-13	2.83e-12	4.72e-12	8.28e-08	1.67e-07	1.61e-35
 1.31951e+15	1.33e-11	3.00e-07	4.80e-04	2.49e-02	9.75e-01	4.44e-06	0.00e+00	1.18e-12	3.53e-12	5.89e-12	9.95e-08	2.01e-07	3.07e-35
 1.36825e+15	1.77e-11	3.78e-07	5.56e-04	2.69e-02	9.73e-01	4.26e-06	0.00e+00	1.57e-12	4.70e-12	7.85e-12	1.25e-07	2.53e-07	7.14e-35
 1.41350e+15	2.22e-11	4.58e-07	6.34e-04	2.88e-02	9.71e-01	4.09e-06	0.00e+00	1.97e-12	5.92e-12	9.88e-12	1.52e-07	3.06e-07	1.40e-34
 1.46219e+15	2.81e-11	5.57e-07	7.26e-04	3.10e-02	9.68e-01	3.94e-06	0.00e+00	2.50e-12	7.49e-12	1.25e-11	1.85e-07	3.73e-07	2.76e-34
 1.51683e+15	3.57e-11	6.81e-07	8.41e-04	3.35e-02	9.66e-01	3.78e-06	0.00e+00	3.17e-12	9.52e-12	1.59e-11	2.26e-07	4.55e-07	5.49e-34
 1.56839e+15	4.66e-11	8.48e-07	9.64e-04	3.60e-02	9.63e-01	3.67e-06	0.00e+00	4.14e-12	1.24e-11	2.07e-11	2.81e-07	5.67e-07	1.20e-33
 1.62462e+15	5.93e-11	1.04e-06	1.11e-03	3.87e-02	9.60e-01	3.54e-06	0.00e+00	5.28e-12	1.58e-11	2.64e-11	3.45e-07	6.95e-07	2.39e-33
 1.68719e+15	7.60e-11	1.28e-06	1.29e-03	4.19e-02	9.57e-01	3.42e-06	0.00e+00	6.77e-12	2.03e-11	3.39e-11	4.24e-07	8.55e-07	4.78e-33
 1.74378e+15	9.60e-11	1.56e-06	1.48e-03	4.49e-02	9.54e-01	3.32e-06	0.00e+00	8.56e-12	2.57e-11	4.28e-11	5.17e-07	1.04e-06	9.40e-33
 1.79449e+15	1.18e-10	1.85e-06	1.66e-03	4.77e-02	9.51e-01	3.25e-06	0.00e+00	1.05e-11	3.15e-11	5.26e-11	6.15e-07	1.24e-06	1.70e-32
 1.85178e+15	1.50e-10	2.27e-06	1.89e-03	5.10e-02	9.47e-01	3.18e-06	0.00e+00	1.34e-11	4.02e-11	6.70e-11	7.52e-07	1.51e-06	3.39e-32
 1.92185e+15	1.92e-10	2.78e-06	2.19e-03	5.51e-02	9.43e-01	3.08e-06	0.00e+00	1.71e-11	5.13e-11	8.56e-11	9.23e-07	1.86e-06	6.59e-32
 1.99270e+15	2.54e-10	3.53e-06	2.55e-03	5.96e-02	9.38e-01	3.03e-06	0.00e+00	2.27e-11	6.81e-11	1.14e-10	1.17e-06	2.36e-06	1.50e-31
 2.04735e+15	3.07e-10	4.15e-06	2.85e-03	6.31e-02	9.34e-01	2.97e-06	0.00e+00	2.75e-11	8.24e-11	1.37e-10	1.38e-06	2.77e-06	2.56e-31
 2.09682e+15	3.64e-10	4.79e-06	3.14e-03	6.64e-02	9.30e-01	2.93e-06	0.00e+00	3.26e-11	9.77e-11	1.63e-10	1.59e-06	3.20e-06	4.09e-31
 2.16113e+15	4.49e-10	5.72e-06	3.55e-03	7.07e-02	9.26e-01	2.87e-06	0.00e+00	4.02e-11	1.21e-10	2.01e-10	1.90e-06	3.82e-06	7.29e-31
 2.23021e+15	5.64e-10	6.94e-06	4.04e-03	7.56e-02	9.20e-01	2.82e-06	0.00e+00	5.06e-11	1.52e-10	2.53e-10	2.30e-06	4.63e-06	1.39e-30
 2.29089e+15	6.82e-10	8.16e-06	4.52e-03	8.00e-02	9.15e-01	2.79e-06	0.00e+00	6.12e-11	1.84e-10	3.06e-10	2.71e-06	5.45e-06	2.33e-30
 2.35518e+15	8.21e-10	9.49e-06	5.06e-03	8.47e-02	9.10e-01	2.74e-06	0.00e+00	7.37e-11	2.21e-10	3.69e-10	3.15e-06	6.34e-06	3.71e-30
 2.43875e+15	1.08e-09	1.19e-05	5.86e-03	9.13e-02	9.03e-01	2.70e-06	0.00e+00	9.67e-11	2.90e-10	4.84e-10	3.97e-06	7.97e-06	7.97e-30
 2.52119e+15	1.33e-09	1.43e-05	6.71e-03	9.77e-02	8.96e-01	2.65e-06	0.00e+00	1.20e-10	3.60e-10	6.01e-10	4.75e-06	9.55e-06	1.37e-29
 2.58785e+15	1.64e-09	1.71e-05	7.49e-03	1.04e-01	8.89e-01	2.63e-06	0.00e+00	1.48e-10	4.44e-10	7.40e-10	5.69e-06	1.14e-05	2.48e-29
 2.66018e+15	2.02e-09	2.03e-05	8.41e-03	1.10e-01	8.82e-01	2.60e-06	0.00e+00	1.82e-10	5.45e-10	9.09e-10	6.74e-06	1.35e-05	4.25e-29
 2.75422e+15	2.54e-09	2.46e-05	9.72e-03	1.18e-01	8.72e-01	2.55e-06	0.00e+00	2.29e-10	6.87e-10	1.14e-09	8.16e-06	1.64e-05	7.46e-29
 2.85153e+15	3.36e-09	3.11e-05	1.13e-02	1.27e-01	8.62e-01	2.52e-06	0.00e+00	3.03e-10	9.10e-10	1.52e-09	1.03e-05	2.08e-05	1.61e-28
 2.93157e+15	4.07e-09	3.67e-05	1.27e-02	1.34e-01	8.53e-01	2.48e-06	0.00e+00	3.67e-10	1.10e-09	1.84e-09	1.22e-05	2.45e-05	2.61e-28
 3.01409e+15	4.95e-09	4.31e-05	1.42e-02	1.42e-01	8.43e-01	2.45e-06	0.00e+00	4.48e-10	1.34e-09	2.24e-09	1.43e-05	2.87e-05	4.21e-28
 3.12137e+15	6.61e-09	5.48e-05	1.66e-02	1.54e-01	8.30e-01	2.42e-06	0.00e+00	5.98e-10	1.79e-09	2.99e-09	1.82e-05	3.66e-05	9.08e-28
 3.22735e+15	8.39e-09	6.70e-05	1.91e-02	1.65e-01	8.16e-01	2.38e-06	0.00e+00	7.60e-10	2.28e-09	3.80e-09	2.23e-05	4.47e-05	1.61e-27
 3.31057e+15	1.01e-08	7.78e-05	2.13e-02	1.73e-01	8.05e-01	2.35e-06	0.00e+00	9.15e-10	2.74e-09	4.57e-09	2.59e-05	5.19e-05	2.47e-27
 3.39770e+15	1.23e-08	9.17e-05	2.39e-02	1.83e-01	7.93e-01	2.32e-06	0.00e+00	1.12e-09	3.35e-09	5.59e-09	3.05e-05	6.12e-05	4.02e-27
 3.51096e+15	1.63e-08	1.16e-04	2.78e-02	1.97e-01	7.75e-01	2.28e-06	0.00e+00	1.49e-09	4.46e-09	7.43e-09	3.86e-05	7.74e-05	8.31e-27
 3.62249e+15	2.07e-08	1.41e-04	3.18e-02	2.09e-01	7.59e-01	2.25e-06	0.00e+00	1.89e-09	5.66e-09	9.43e-09	4.68e-05	9.39e-05	1.42e-26
 3.70971e+15	2.48e-08	1.62e-04	3.53e-02	2.20e-01	7.45e-01	2.22e-06	0.00e+00	2.26e-09	6.78e-09	1.13e-08	5.41e-05	1.08e-04	2.12e-26
 3.78811e+15	2.94e-08	1.87e-04	3.88e-02	2.29e-01	7.32e-01	2.20e-06	0.00e+00	2.68e-09	8.04e-09	1.34e-08	6.21e-05	1.24e-04	3.15e-26
 3.87708e+15	3.57e-08	2.18e-04	4.32e-02	2.40e-01	7.16e-01	2.16e-06	0.00e+00	3.25e-09	9.76e-09	1.63e-08	7.25e-05	1.45e-04	4.89e-26
 3.97264e+15	4.49e-08	2.62e-04	4.85e-02	2.53e-01	6.98e-01	2.14e-06	0.00e+00	4.10e-09	1.23e-08	2.05e-08	8.73e-05	1.75e-04	8.57e-26
 4.06217e+15	5.41e-08	3.05e-04	5.38e-02	2.64e-01	6.82e-01	2.11e-06	0.00e+00	4.94e-09	1.48e-08	2.47e-08	1.01e-04	2.03e-04	1.31e-25
 4.14718e+15	6.44e-08	3.49e-04	5.92e-02	2.75e-01	6.65e-01	2.08e-06	0.00e+00	5.90e-09	1.77e-08	2.95e-08	1.16e-04	2.33e-04	1.89e-25
 4.24094e+15	7.74e-08	4.03e-04	6.57e-02	2.87e-01	6.47e-01	2.04e-06	0.00e+00	7.08e-09	2.12e-08	3.54e-08	1.34e-04	2.69e-04	2.78e-25
 4.34615e+15	9.86e-08	4.90e-04	7.42e-02	3.02e-01	6.23e-01	2.01e-06	0.00e+00	9.04e-09	2.71e-08	4.52e-08	1.63e-04	3.27e-04	4.99e-25
 4.44377e+15	1.21e-07	5.74e-04	8.25e-02	3.15e-01	6.02e-01	1.98e-06	0.00e+00	1.11e-08	3.32e-08	5.54e-08	1.91e-04	3.83e-04	7.50e-25
 4.53286e+15	1.46e-07	6.63e-04	9.10e-02	3.26e-01	5.82e-01	1.95e-06	0.00e+00	1.34e-08	4.01e-08	6.68e-08	2.21e-04	4.42e-04	1.13e-24
 4.61860e+15	1.74e-07	7.61e-04	9.98e-02	3.37e-01	5.62e-01	1.92e-06	0.00e+00	1.60e-08	4.80e-08	8.00e-08	2.54e-04	5.08e-04	1.66e-24
 4.71533e+15	2.09e-07	8.70e-04	1.10e-01	3.49e-01	5.39e-01	1.88e-06	0.00e+00	1.92e-08	5.76e-08	9.60e-08	2.90e-04	5.80e-04	2.34e-24
 4.84108e+15	2.83e-07	1.10e-03	1.27e-01	3.66e-01	5.06e-01	1.83e-06	0.00e+00	2.61e-08	7.83e-08	1.30e-07	3.67e-04	7.33e-04	4.81e-24
 4.96349e+15	3.57e-07	1.31e-03	1.44e-01	3.80e-01	4.75e-01	1.78e-06	0.00e+00	3.29e-08	9.86e-08	1.64e-07	4.38e-04	8.76e-04	7.65e-24
 5.05806e+15	4.27e-07	1.50e-03	1.58e-01	3.90e-01	4.50e-01	1.74e-06	0.00e+00	3.94e-08	1.18e-07	1.97e-07	5.00e-04	1.00e-03	1.10e-23
 5.15751e+15	5.26e-07	1.76e-03	1.76e-01	4.01e-01	4.22e-01	1.69e-06	0.00e+00	4.86e-08	1.46e-07	2.43e-07	5.85e-04	1.17e-03	1.72e-23
 5.26530e+15	6.97e-07	2.16e-03	1.97e-01	4.11e-01	3.89e-01	1.65e-06	0.00e+00	6.45e-08	1.93e-07	3.22e-07	7.20e-04	1.44e-03	3.33e-23
 5.34693e+15	8.17e-07	2.44e-03	2.14e-01	4.18e-01	3.66e-01	1.61e-06	0.00e+00	7.56e-08	2.27e-07	3.78e-07	8.14e-04	1.63e-03	4.71e-23
 5.41603e+15	9.58e-07	2.74e-03	2.30e-01	4.23e-01	3.45e-01	1.57e-06	0.00e+00	8.87e-08	2.66e-07	4.43e-07	9.14e-04	1.83e-03	6.70e-23
 5.50587e+15	1.17e-06	3.15e-03	2.51e-01	4.28e-01	3.18e-01	1.52e-06	0.00e+00	1.08e-07	3.24e-07	5.40e-07	1.05e-03	2.10e-03	1.01e-22
 5.59950e+15	1.45e-06	3.69e-03	2.76e-01	4.32e-01	2.89e-01	1.47e-06	0.00e+00	1.35e-07	4.04e-07	6.72e-07	1.23e-03	2.46e-03	1.67e-22
 5.67238e+15	1.66e-06	4.04e-03	2.94e-01	4.33e-01	2.69e-01	1.42e-06	0.00e+00	1.54e-07	4.61e-07	7.68e-07	1.35e-03	2.69e-03	2.13e-22
 5.74144e+15	1.98e-06	4.62e-03	3.16e-01	4.34e-01	2.46e-01	1.37e-06	0.00e+00	1.84e-07	5.53e-07	9.22e-07	1.54e-03	3.08e-03	3.36e-22
 5.80458e+15	2.32e-06	5.15e-03	3.35e-01	4.33e-01	2.27e-01	1.33e-06	0.00e+00	2.16e-07	6.48e-07	1.08e-06	1.72e-03	3.43e-03	4.80e-22
 5.84712e+15	2.56e-06	5.51e-03	3.49e-01	4.32e-01	2.14e-01	1.30e-06	0.00e+00	2.38e-07	7.13e-07	1.19e-06	1.84e-03	3.67e-03	5.96e-22
 5.88949e+15	2.84e-06	5.92e-03	3.63e-01	4.30e-01	2.01e-01	1.26e-06	0.00e+00	2.65e-07	7.94e-07	1.32e-06	1.98e-03	3.95e-03	7.62e-22
 5.94457e+15	3.17e-06	6.35e-03	3.81e-01	4.27e-01	1.86e-01	1.22e-06	0.00e+00	2.96e-07	8.87e-07	1.48e-06	2.12e-03	4.23e-03	9.39e-22
 6.01618e+15	3.96e-06	7.36e-03	4.09e-01	4.21e-01	1.63e-01	1.14e-06	0.00e+00	3.69e-07	1.11e-06	1.85e-06	2.46e-03	4.91e-03	1.63e-21
 6.07636e+15	4.51e-06	8.07e-03	4.30e-01	4.15e-01	1.47e-01	1.09e-06	0.00e+00	4.21e-07	1.26e-06	2.10e-06	2.69e-03	5.38e-03	2.21e-21
 6.11192e+15	4.94e-06	8.56e-03	4.43e-01	4.11e-01	1.37e-01	1.06e-06	0.00e+00	4.62e-07	1.38e-06	2.31e-06	2.86e-03	5.70e-03	2.73e-21
 6.14839e+15	5.46e-06	9.12e-03	4.57e-01	4.06e-01	1.27e-01	1.02e-06	0.00e+00	5.10e-07	1.53e-06	2.55e-06	3.04e-03	6.08e-03	3.44e-21
 6.19580e+15	6.02e-06	9.69e-03	4.74e-01	4.00e-01	1.16e-01	9.68e-07	0.00e+00	5.63e-07	1.69e-06	2.81e-06	3.23e-03	6.45e-03	4.19e-21
 6.25742e+15	7.36e-06	1.10e-02	5.01e-01	3.89e-01	9.92e-02	0.00e+00	0.00e+00	6.89e-07	2.07e-06	3.44e-06	3.68e-03	7.34e-03	6.98e-21
 6.31008e+15	8.17e-06	1.17e-02	5.19e-01	3.81e-01	8.85e-02	0.00e+00	0.00e+00	7.65e-07	2.29e-06	3.82e-06	3.91e-03	7.79e-03	8.51e-21
 6.35109e+15	9.56e-06	1.29e-02	5.38e-01	3.71e-01	7.81e-02	0.00e+00	0.00e+00	8.97e-07	2.69e-06	4.48e-06	4.29e-03	8.56e-03	1.26e-20
 6.39061e+15	1.07e-05	1.37e-02	5.53e-01	3.63e-01	7.02e-02	0.00e+00	0.00e+00	1.00e-06	3.00e-06	5.00e-06	4.57e-03	9.12e-03	1.62e-20
 6.42820e+15	1.16e-05	1.44e-02	5.67e-01	3.55e-01	6.33e-02	0.00e+00	0.00e+00	1.09e-06	3.26e-06	5.43e-06	4.79e-03	9.56e-03	1.92e-20
 6.47707e+15	1.40e-05	1.59e-02	5.88e-01	3.42e-01	5.36e-02	0.00e+00	0.00e+00	1.31e-06	3.94e-06	6.56e-06	5.30e-03	1.06e-02	2.95e-20
 6.52199e+15	1.57e-05	1.70e-02	6.05e-01	3.31e-01	4.63e-02	0.00e+00	0.00e+00	1.48e-06	4.42e-06	7.37e-06	5.69e-03	1.13e-02	3.97e-20
 6.55433e+15	1.74e-05	1.79e-02	6.17e-01	3.23e-01	4.15e-02	0.00e+00	0.00e+00	1.64e-06	4.90e-06	8.16e-06	5.98e-03	1.19e-02	4.86e-20
 6.58888e+15	1.89e-05	1.88e-02	6.30e-01	3.15e-01	3.68e-02	0.00e+00	0.00e+00	1.78e-06	5.34e-06	8.89e-06	6.27e-03	1.25e-02	5.87e-20
 6.63380e+15	2.27e-05	2.05e-02	6.48e-01	3.01e-01	3.05e-02	0.00e+00	0.00e+00	2.14e-06	6.42e-06	1.07e-05	6.84e-03	1.36e-02	8.74e-20
 6.67678e+15	2.51e-05	2.18e-02	6.63e-01	2.90e-01	2.58e-02	0.00e+00	0.00e+00	2.37e-06	7.12e-06	1.19e-05	7.29e-03	1.45e-02	1.16e-19
 6.71083e+15	2.83e-05	2.30e-02	6.75e-01	2.80e-01	2.24e-02	0.00e+00	0.00e+00	2.68e-06	8.03e-06	1.34e-05	7.70e-03	1.53e-02	1.49e-19
 6.74871e+15	3.14e-05	2.44e-02	6.88e-01	2.69e-01	1.89e-02	0.00e+00	0.00e+00	2.97e-06	8.92e-06	1.48e-05	8.16e-03	1.63e-02	1.95e-19
 6.78420e+15	3.51e-05	2.57e-02	6.99e-01	2.59e-01	1.62e-02	0.00e+00	0.00e+00	3.33e-06	9.99e-06	1.66e-05	8.60e-03	1.71e-02	2.56e-19
 6.80849e+15	3.76e-05	2.66e-02	7.06e-01	2.53e-01	1.45e-02	0.00e+00	0.00e+00	3.57e-06	1.07e-05	1.78e-05	8.89e-03	1.77e-02	3.02e-19
 6.83196e+15	4.03e-05	2.76e-02	7.14e-01	2.46e-01	1.30e-02	0.00e+00	0.00e+00	3.83e-06	1.15e-05	1.91e-05	9.22e-03	1.84e-02	3.65e-19
 6.86246e+15	4.36e-05	2.89e-02	7.23e-01	2.37e-01	1.12e-02	0.00e+00	0.00e+00	4.15e-06	1.24e-05	2.07e-05	9.65e-03	1.92e-02	4.56e-19
 6.89496e+15	4.76e-05	3.02e-02	7.32e-01	2.28e-01	9.53e-03	0.00e+00	0.00e+00	4.54e-06	1.36e-05	2.26e-05	1.01e-02	2.01e-02	5.78e-19
 6.92324e+15	5.16e-05	3.14e-02	7.40e-01	2.21e-01	8.30e-03	0.00e+00	0.00e+00	4.91e-06	1.47e-05	2.45e-05	1.05e-02	2.09e-02	7.12e-19
 6.95320e+15	5.55e-05	3.28e-02	7.48e-01	2.13e-01	7.10e-03	0.00e+00	0.00e+00	5.29e-06	1.59e-05	2.64e-05	1.10e-02	2.18e-02	8.84e-19
 6.98656e+15	6.06e-05	3.42e-02	7.56e-01	2.04e-01	5.99e-03	0.00e+00	0.00e+00	5.78e-06	1.73e-05	2.89e-05	1.15e-02	2.28e-02	1.13e-18
 7.01733e+15	6.51e-05	3.57e-02	7.63e-01	1.96e-01	5.11e-03	0.00e+00	0.00e+00	6.22e-06	1.86e-05	3.10e-05	1.19e-02	2.37e-02	1.39e-18
 7.04598e+15	6.98e-05	3.70e-02	7.70e-01	1.89e-01	4.41e-03	0.00e+00	0.00e+00	6.67e-06	2.00e-05	3.33e-05	1.24e-02	2.46e-02	1.70e-18
