#depth	N	N+	N+2	N+3	N+4	N+5	N+6	N+7
 1.49634e+10	0.00e+00	0.00e+00	2.63e-28	8.51e-19	5.00e-10	9.26e-01	7.43e-02	2.32e-06
 4.54887e+10	0.00e+00	2.02e-38	3.35e-28	1.00e-18	5.44e-10	9.31e-01	6.88e-02	1.98e-06
 7.72350e+10	0.00e+00	0.00e+00	4.28e-28	1.18e-18	5.92e-10	9.36e-01	6.37e-02	1.70e-06
 1.10251e+11	0.00e+00	3.84e-38	5.45e-28	1.39e-18	6.45e-10	9.41e-01	5.89e-02	1.45e-06
 1.44588e+11	0.00e+00	0.00e+00	6.94e-28	1.64e-18	7.01e-10	9.46e-01	5.45e-02	1.24e-06
 1.80298e+11	0.00e+00	7.31e-38	8.85e-28	1.93e-18	7.63e-10	9.50e-01	5.03e-02	1.06e-06
 2.17437e+11	0.00e+00	0.00e+00	1.13e-27	2.27e-18	8.29e-10	9.53e-01	4.65e-02	9.02e-07
 2.56061e+11	0.00e+00	1.39e-37	1.44e-27	2.68e-18	9.02e-10	9.57e-01	4.29e-02	0.00e+00
 2.96231e+11	0.00e+00	0.00e+00	1.83e-27	3.15e-18	9.80e-10	9.60e-01	3.96e-02	0.00e+00
 3.35540e+11	0.00e+00	2.60e-37	2.30e-27	3.67e-18	1.06e-09	9.63e-01	3.67e-02	0.00e+00
 3.71890e+11	0.00e+00	0.00e+00	2.82e-27	4.21e-18	1.14e-09	9.66e-01	3.43e-02	0.00e+00
 4.12162e+11	0.00e+00	4.55e-37	3.51e-27	4.88e-18	1.22e-09	9.68e-01	3.19e-02	0.00e+00
 4.58575e+11	0.00e+00	0.00e+00	4.48e-27	5.75e-18	1.33e-09	9.71e-01	2.94e-02	0.00e+00
 5.04193e+11	0.00e+00	8.51e-37	5.63e-27	6.70e-18	1.44e-09	9.73e-01	2.72e-02	0.00e+00
 5.51634e+11	0.00e+00	0.00e+00	7.09e-27	7.82e-18	1.56e-09	9.75e-01	2.52e-02	0.00e+00
 6.03626e+11	0.00e+00	1.60e-36	9.04e-27	9.21e-18	1.69e-09	9.77e-01	2.32e-02	0.00e+00
 6.56374e+11	4.38e-47	2.19e-36	1.15e-26	1.08e-17	1.83e-09	9.79e-01	2.14e-02	0.00e+00
 7.11232e+11	0.00e+00	0.00e+00	1.45e-26	1.27e-17	1.99e-09	9.80e-01	1.97e-02	0.00e+00
 7.69608e+11	0.00e+00	4.15e-36	1.86e-26	1.49e-17	2.16e-09	9.82e-01	1.82e-02	0.00e+00
 8.30320e+11	1.46e-46	5.74e-36	2.37e-26	1.76e-17	2.35e-09	9.83e-01	1.67e-02	0.00e+00
 8.93459e+11	0.00e+00	0.00e+00	3.03e-26	2.07e-17	2.55e-09	9.85e-01	1.54e-02	0.00e+00
 9.59124e+11	0.00e+00	1.10e-35	3.86e-26	2.44e-17	2.77e-09	9.86e-01	1.42e-02	0.00e+00
 1.02742e+12	4.93e-46	1.52e-35	4.94e-26	2.88e-17	3.01e-09	9.87e-01	1.30e-02	0.00e+00
 1.09844e+12	0.00e+00	0.00e+00	6.32e-26	3.40e-17	3.27e-09	9.88e-01	1.20e-02	0.00e+00
 1.17230e+12	0.00e+00	2.92e-35	8.08e-26	4.01e-17	3.56e-09	9.89e-01	1.10e-02	0.00e+00
 1.24183e+12	1.61e-45	3.93e-35	1.01e-25	4.66e-17	3.84e-09	9.90e-01	1.02e-02	0.00e+00
 1.30411e+12	0.00e+00	0.00e+00	1.23e-25	5.31e-17	4.10e-09	9.90e-01	9.54e-03	0.00e+00
 1.37405e+12	0.00e+00	6.74e-35	1.52e-25	6.13e-17	4.41e-09	9.91e-01	8.87e-03	0.00e+00
 1.45682e+12	4.73e-45	9.30e-35	1.93e-25	7.22e-17	4.79e-09	9.92e-01	8.16e-03	0.00e+00
 1.53957e+12	0.00e+00	0.00e+00	2.44e-25	8.45e-17	5.18e-09	9.92e-01	7.53e-03	0.00e+00
 1.61739e+12	0.00e+00	1.68e-34	3.02e-25	9.75e-17	5.57e-09	9.93e-01	7.01e-03	0.00e+00
 1.70376e+12	1.44e-44	2.27e-34	3.80e-25	1.14e-16	6.02e-09	9.94e-01	6.48e-03	0.00e+00
 1.80184e+12	0.00e+00	3.17e-34	4.88e-25	1.35e-16	6.56e-09	9.94e-01	5.95e-03	0.00e+00
 1.89968e+12	3.26e-44	4.36e-34	6.21e-25	1.59e-16	7.12e-09	9.95e-01	5.47e-03	0.00e+00
 2.00144e+12	0.00e+00	6.01e-34	7.92e-25	1.87e-16	7.74e-09	9.95e-01	5.04e-03	0.00e+00
 2.11143e+12	7.37e-44	8.40e-34	1.02e-24	2.22e-16	8.44e-09	9.95e-01	4.62e-03	0.00e+00
 2.22581e+12	0.00e+00	1.17e-33	1.31e-24	2.63e-16	9.20e-09	9.96e-01	4.23e-03	0.00e+00
 2.33372e+12	1.64e-43	1.59e-33	1.65e-24	3.07e-16	9.96e-09	9.96e-01	3.91e-03	0.00e+00
 2.43081e+12	0.00e+00	2.08e-33	2.02e-24	3.52e-16	1.07e-08	9.96e-01	3.65e-03	0.00e+00
 2.54008e+12	3.28e-43	2.78e-33	2.53e-24	4.10e-16	1.15e-08	9.97e-01	3.38e-03	0.00e+00
 2.66884e+12	0.00e+00	3.86e-33	3.24e-24	4.85e-16	1.25e-08	9.97e-01	3.11e-03	0.00e+00
 2.79748e+12	7.34e-43	5.31e-33	4.12e-24	5.71e-16	1.36e-08	9.97e-01	2.86e-03	0.00e+00
 2.91882e+12	0.00e+00	7.13e-33	5.16e-24	6.65e-16	1.47e-08	9.97e-01	2.65e-03	0.00e+00
 3.05305e+12	1.56e-42	9.73e-33	6.54e-24	7.82e-16	1.60e-08	9.98e-01	2.44e-03	0.00e+00
 3.20510e+12	0.00e+00	1.37e-32	8.47e-24	9.33e-16	1.75e-08	9.98e-01	2.23e-03	0.00e+00
 3.35550e+12	3.57e-42	1.89e-32	1.09e-23	1.11e-15	1.91e-08	9.98e-01	2.05e-03	0.00e+00
 3.51192e+12	0.00e+00	2.62e-32	1.39e-23	1.31e-15	2.08e-08	9.98e-01	1.88e-03	0.00e+00
 3.68232e+12	8.17e-42	3.68e-32	1.80e-23	1.56e-15	2.28e-08	9.98e-01	1.72e-03	0.00e+00
 3.85550e+12	0.00e+00	5.16e-32	2.33e-23	1.87e-15	2.50e-08	9.98e-01	1.57e-03	0.00e+00
 4.03560e+12	1.88e-41	7.22e-32	3.02e-23	2.23e-15	2.73e-08	9.99e-01	1.43e-03	0.00e+00
 4.21963e+12	0.00e+00	1.00e-31	3.89e-23	2.65e-15	2.99e-08	9.99e-01	1.31e-03	0.00e+00
 4.41102e+12	4.27e-41	1.40e-31	5.01e-23	3.16e-15	3.27e-08	9.99e-01	1.20e-03	0.00e+00
 4.61739e+12	0.00e+00	1.97e-31	6.52e-23	3.80e-15	3.60e-08	9.99e-01	1.09e-03	0.00e+00
 4.83201e+12	9.96e-41	2.77e-31	8.49e-23	4.56e-15	3.95e-08	9.99e-01	9.95e-04	0.00e+00
 5.05522e+12	0.00e+00	3.90e-31	1.11e-22	5.48e-15	4.35e-08	9.99e-01	9.06e-04	0.00e+00
 5.28736e+12	2.32e-40	5.49e-31	1.44e-22	6.59e-15	4.78e-08	9.99e-01	8.24e-04	0.00e+00
 5.52878e+12	0.00e+00	7.72e-31	1.87e-22	7.93e-15	5.27e-08	9.99e-01	7.50e-04	0.00e+00
 5.74734e+12	5.08e-40	1.04e-30	2.36e-22	9.32e-15	5.73e-08	9.99e-01	6.90e-04	0.00e+00
 5.92978e+12	0.00e+00	1.32e-30	2.84e-22	1.06e-14	6.13e-08	9.99e-01	6.46e-04	0.00e+00
 6.12981e+12	9.31e-40	1.70e-30	3.46e-22	1.22e-14	6.60e-08	9.99e-01	6.01e-04	0.00e+00
 6.38269e+12	0.00e+00	2.32e-30	4.41e-22	1.45e-14	7.22e-08	9.99e-01	5.50e-04	0.00e+00
 6.64619e+12	1.99e-39	3.16e-30	5.62e-22	1.72e-14	7.91e-08	9.99e-01	5.03e-04	0.00e+00
 6.87144e+12	0.00e+00	4.08e-30	6.86e-22	1.98e-14	8.52e-08	1.00e+00	4.67e-04	0.00e+00
 7.10504e+12	3.71e-39	5.26e-30	8.37e-22	2.29e-14	9.19e-08	1.00e+00	4.34e-04	0.00e+00
 7.39678e+12	0.00e+00	7.15e-30	1.07e-21	2.72e-14	1.01e-07	1.00e+00	3.97e-04	0.00e+00
 7.69257e+12	7.76e-39	9.64e-30	1.35e-21	3.21e-14	1.10e-07	1.00e+00	3.64e-04	0.00e+00
 7.94936e+12	0.00e+00	1.24e-29	1.64e-21	3.70e-14	1.19e-07	1.00e+00	3.38e-04	0.00e+00
 8.22699e+12	1.44e-38	1.60e-29	2.01e-21	4.28e-14	1.28e-07	1.00e+00	3.13e-04	0.00e+00
 8.56655e+12	0.00e+00	2.17e-29	2.56e-21	5.09e-14	1.41e-07	1.00e+00	2.86e-04	0.00e+00
 8.91276e+12	2.99e-38	2.92e-29	3.24e-21	6.03e-14	1.54e-07	1.00e+00	2.61e-04	0.00e+00
 9.22878e+12	0.00e+00	3.79e-29	3.98e-21	7.00e-14	1.67e-07	1.00e+00	2.42e-04	0.00e+00
 9.57942e+12	5.74e-38	5.01e-29	4.95e-21	8.20e-14	1.81e-07	1.00e+00	2.22e-04	0.00e+00
 9.98812e+12	0.00e+00	6.83e-29	6.34e-21	9.80e-14	2.00e-07	1.00e+00	2.03e-04	0.00e+00
 1.03932e+13	1.19e-37	9.17e-29	8.00e-21	1.16e-13	2.19e-07	1.00e+00	1.85e-04	0.00e+00
 1.07799e+13	0.00e+00	1.20e-28	9.90e-21	1.35e-13	2.37e-07	1.00e+00	1.71e-04	0.00e+00
 1.12064e+13	2.34e-37	1.60e-28	1.24e-20	1.59e-13	2.59e-07	1.00e+00	1.57e-04	0.00e+00
 1.16846e+13	0.00e+00	2.17e-28	1.58e-20	1.90e-13	2.85e-07	1.00e+00	1.43e-04	0.00e+00
 1.21648e+13	4.84e-37	2.92e-28	2.00e-20	2.25e-13	3.12e-07	1.00e+00	1.31e-04	0.00e+00
 1.25949e+13	0.00e+00	3.76e-28	2.45e-20	2.60e-13	3.37e-07	1.00e+00	1.21e-04	0.00e+00
 1.29594e+13	8.48e-37	4.63e-28	2.89e-20	2.93e-13	3.60e-07	1.00e+00	1.14e-04	0.00e+00
 1.33523e+13	0.00e+00	5.76e-28	3.43e-20	3.32e-13	3.84e-07	1.00e+00	1.06e-04	0.00e+00
 1.38609e+13	1.54e-36	7.57e-28	4.25e-20	3.88e-13	4.18e-07	1.00e+00	9.79e-05	0.00e+00
 1.43913e+13	0.00e+00	9.95e-28	5.28e-20	4.53e-13	4.55e-07	1.00e+00	9.02e-05	0.00e+00
 1.48454e+13	2.82e-36	1.25e-27	6.31e-20	5.16e-13	4.87e-07	1.00e+00	8.42e-05	0.00e+00
 1.53289e+13	0.00e+00	1.58e-27	7.59e-20	5.89e-13	5.23e-07	1.00e+00	7.85e-05	0.00e+00
 1.59292e+13	5.26e-36	2.09e-27	9.47e-20	6.90e-13	5.69e-07	1.00e+00	7.22e-05	0.00e+00
 1.65462e+13	0.00e+00	2.75e-27	1.18e-19	8.07e-13	6.19e-07	1.00e+00	6.65e-05	0.00e+00
 1.71012e+13	9.86e-36	3.50e-27	1.42e-19	9.24e-13	6.65e-07	1.00e+00	6.19e-05	0.00e+00
 1.77110e+13	0.00e+00	4.51e-27	1.74e-19	1.07e-12	7.18e-07	1.00e+00	5.74e-05	0.00e+00
 1.83779e+13	1.87e-35	5.91e-27	2.15e-19	1.24e-12	7.79e-07	1.00e+00	5.30e-05	0.00e+00
 1.89852e+13	0.00e+00	7.49e-27	2.59e-19	1.42e-12	8.37e-07	1.00e+00	4.94e-05	0.00e+00
 1.96408e+13	3.37e-35	9.60e-27	3.15e-19	1.63e-12	9.01e-07	1.00e+00	4.59e-05	0.00e+00
 2.03765e+13	0.00e+00	1.26e-26	3.89e-19	1.89e-12	9.76e-07	1.00e+00	4.24e-05	0.00e+00
 2.10730e+13	6.30e-35	1.60e-26	4.71e-19	2.17e-12	1.05e-06	1.00e+00	3.94e-05	0.00e+00
 2.18349e+13	0.00e+00	2.08e-26	5.78e-19	2.51e-12	1.13e-06	1.00e+00	3.66e-05	0.00e+00
 2.26787e+13	1.21e-34	2.75e-26	7.18e-19	2.92e-12	1.23e-06	1.00e+00	3.37e-05	0.00e+00
 2.34634e+13	0.00e+00	3.53e-26	8.73e-19	3.36e-12	1.32e-06	1.00e+00	3.13e-05	0.00e+00
 2.43181e+13	2.27e-34	4.59e-26	1.07e-18	3.88e-12	1.43e-06	1.00e+00	2.90e-05	0.00e+00
 2.52753e+13	3.21e-34	6.09e-26	1.34e-18	4.54e-12	1.55e-06	1.00e+00	2.67e-05	0.00e+00
 2.61808e+13	4.41e-34	7.90e-26	1.64e-18	5.23e-12	1.68e-06	1.00e+00	2.48e-05	0.00e+00
 2.71594e+13	6.15e-34	1.04e-25	2.02e-18	6.07e-12	1.81e-06	1.00e+00	2.30e-05	0.00e+00
 2.82499e+13	8.77e-34	1.38e-25	2.54e-18	7.12e-12	1.97e-06	1.00e+00	2.11e-05	0.00e+00
 2.92992e+13	1.22e-33	1.82e-25	3.13e-18	8.24e-12	2.13e-06	1.00e+00	1.96e-05	0.00e+00
 3.04164e+13	1.72e-33	2.40e-25	3.88e-18	9.58e-12	2.31e-06	1.00e+00	1.81e-05	0.00e+00
 3.16630e+13	2.47e-33	3.23e-25	4.90e-18	1.13e-11	2.51e-06	1.00e+00	1.66e-05	0.00e+00
 3.29115e+13	3.53e-33	4.31e-25	6.12e-18	1.32e-11	2.73e-06	1.00e+00	1.53e-05	0.00e+00
 3.42100e+13	5.03e-33	5.76e-25	7.66e-18	1.54e-11	2.96e-06	1.00e+00	1.41e-05	0.00e+00
 3.56083e+13	7.27e-33	7.77e-25	9.65e-18	1.81e-11	3.22e-06	1.00e+00	1.30e-05	0.00e+00
 3.70626e+13	1.05e-32	1.05e-24	1.22e-17	2.12e-11	3.50e-06	1.00e+00	1.20e-05	0.00e+00
 3.84919e+13	1.49e-32	1.39e-24	1.52e-17	2.47e-11	3.79e-06	1.00e+00	1.11e-05	0.00e+00
 3.98251e+13	2.05e-32	1.80e-24	1.85e-17	2.83e-11	4.07e-06	1.00e+00	1.03e-05	0.00e+00
 4.10306e+13	2.70e-32	2.26e-24	2.20e-17	3.19e-11	4.33e-06	1.00e+00	9.68e-06	0.00e+00
 4.23188e+13	3.61e-32	2.86e-24	2.63e-17	3.61e-11	4.61e-06	1.00e+00	9.08e-06	0.00e+00
 4.39229e+13	5.12e-32	3.79e-24	3.27e-17	4.19e-11	4.98e-06	1.00e+00	8.41e-06	0.00e+00
 4.55275e+13	7.16e-32	4.97e-24	4.03e-17	4.83e-11	5.37e-06	1.00e+00	7.81e-06	0.00e+00
 4.69011e+13	9.48e-32	6.24e-24	4.79e-17	5.44e-11	5.71e-06	1.00e+00	7.35e-06	0.00e+00
 4.83844e+13	1.27e-31	7.92e-24	5.75e-17	6.16e-11	6.08e-06	1.00e+00	6.90e-06	0.00e+00
 5.02222e+13	1.81e-31	1.05e-23	7.15e-17	7.15e-11	6.57e-06	1.00e+00	6.39e-06	0.00e+00
 5.20678e+13	2.55e-31	1.39e-23	8.83e-17	8.26e-11	7.08e-06	1.00e+00	5.93e-06	0.00e+00
 5.36614e+13	3.41e-31	1.75e-23	1.05e-16	9.32e-11	7.52e-06	1.00e+00	5.58e-06	0.00e+00
 5.53804e+13	4.61e-31	2.24e-23	1.27e-16	1.06e-10	8.02e-06	1.00e+00	5.24e-06	0.00e+00
 5.74941e+13	6.59e-31	2.99e-23	1.58e-16	1.23e-10	8.66e-06	1.00e+00	4.85e-06	0.00e+00
 5.96255e+13	9.35e-31	3.96e-23	1.96e-16	1.42e-10	9.32e-06	1.00e+00	4.51e-06	0.00e+00
 6.15110e+13	1.26e-30	5.04e-23	2.35e-16	1.60e-10	9.93e-06	1.00e+00	4.23e-06	0.00e+00
 6.35721e+13	1.74e-30	6.51e-23	2.85e-16	1.83e-10	1.06e-05	1.00e+00	3.96e-06	0.00e+00
 6.60468e+13	2.51e-30	8.76e-23	3.58e-16	2.13e-10	1.15e-05	1.00e+00	3.67e-06	0.00e+00
 6.85139e+13	3.59e-30	1.17e-22	4.44e-16	2.46e-10	1.23e-05	1.00e+00	3.41e-06	0.00e+00
 7.07570e+13	4.91e-30	1.50e-22	5.37e-16	2.80e-10	1.32e-05	1.00e+00	3.19e-06	0.00e+00
 7.32540e+13	6.88e-30	1.97e-22	6.59e-16	3.22e-10	1.41e-05	1.00e+00	2.98e-06	0.00e+00
 7.61736e+13	1.01e-29	2.67e-22	8.30e-16	3.76e-10	1.53e-05	1.00e+00	2.75e-06	0.00e+00
 7.90536e+13	1.45e-29	3.58e-22	1.03e-15	4.35e-10	1.65e-05	1.00e+00	2.55e-06	0.00e+00
 8.17723e+13	2.02e-29	4.67e-22	1.26e-15	4.98e-10	1.76e-05	1.00e+00	2.39e-06	0.00e+00
 8.47968e+13	2.88e-29	6.21e-22	1.57e-15	5.75e-10	1.89e-05	1.00e+00	2.22e-06	0.00e+00
 8.82186e+13	4.24e-29	8.47e-22	1.98e-15	6.73e-10	2.05e-05	1.00e+00	2.05e-06	0.00e+00
 9.16473e+13	6.16e-29	1.14e-21	2.48e-15	7.84e-10	2.21e-05	1.00e+00	1.90e-06	0.00e+00
 9.52132e+13	8.96e-29	1.54e-21	3.11e-15	9.12e-10	2.39e-05	1.00e+00	1.76e-06	0.00e+00
 9.90516e+13	1.32e-28	2.11e-21	3.94e-15	1.07e-09	2.59e-05	1.00e+00	1.63e-06	0.00e+00
 1.02763e+14	1.89e-28	2.81e-21	4.90e-15	1.24e-09	2.79e-05	1.00e+00	1.51e-06	0.00e+00
 1.06247e+14	2.63e-28	3.66e-21	5.97e-15	1.41e-09	2.98e-05	1.00e+00	1.41e-06	0.00e+00
 1.10149e+14	3.74e-28	4.86e-21	7.39e-15	1.63e-09	3.20e-05	1.00e+00	1.31e-06	0.00e+00
 1.14087e+14	5.27e-28	6.40e-21	9.10e-15	1.88e-09	3.44e-05	1.00e+00	1.22e-06	0.00e+00
 1.17348e+14	6.94e-28	7.99e-21	1.08e-14	2.10e-09	3.64e-05	1.00e+00	1.16e-06	0.00e+00
 1.20793e+14	9.21e-28	1.00e-20	1.28e-14	2.35e-09	3.86e-05	1.00e+00	1.09e-06	0.00e+00
 1.25210e+14	1.31e-27	1.33e-20	1.58e-14	2.72e-09	4.15e-05	1.00e+00	1.01e-06	0.00e+00
 1.29850e+14	1.86e-27	1.77e-20	1.96e-14	3.14e-09	4.47e-05	1.00e+00	9.42e-07	0.00e+00
 1.33936e+14	2.52e-27	2.25e-20	2.36e-14	3.56e-09	4.75e-05	1.00e+00	0.00e+00	0.00e+00
 1.38344e+14	3.45e-27	2.90e-20	2.86e-14	4.05e-09	5.08e-05	1.00e+00	0.00e+00	0.00e+00
 1.43668e+14	4.98e-27	3.89e-20	3.57e-14	4.71e-09	5.49e-05	1.00e+00	0.00e+00	0.00e+00
 1.49076e+14	7.12e-27	5.20e-20	4.45e-14	5.46e-09	5.92e-05	1.00e+00	0.00e+00	0.00e+00
 1.54119e+14	9.83e-27	6.74e-20	5.42e-14	6.24e-09	6.33e-05	1.00e+00	0.00e+00	0.00e+00
 1.59732e+14	1.39e-26	8.90e-20	6.69e-14	7.21e-09	6.81e-05	1.00e+00	0.00e+00	0.00e+00
 1.65714e+14	1.98e-26	1.19e-19	8.33e-14	8.35e-09	7.35e-05	1.00e+00	0.00e+00	0.00e+00
 1.71031e+14	2.69e-26	1.52e-19	1.00e-13	9.48e-09	7.84e-05	1.00e+00	0.00e+00	0.00e+00
 1.76742e+14	3.69e-26	1.96e-19	1.22e-13	1.08e-08	8.38e-05	1.00e+00	0.00e+00	0.00e+00
 1.83584e+14	5.31e-26	2.63e-19	1.53e-13	1.26e-08	9.07e-05	1.00e+00	0.00e+00	0.00e+00
 1.90311e+14	7.51e-26	3.48e-19	1.89e-13	1.46e-08	9.77e-05	1.00e+00	0.00e+00	0.00e+00
 1.96295e+14	1.01e-25	4.42e-19	2.27e-13	1.65e-08	1.04e-04	1.00e+00	0.00e+00	0.00e+00
 2.02897e+14	1.39e-25	5.72e-19	2.76e-13	1.88e-08	1.11e-04	1.00e+00	0.00e+00	0.00e+00
 2.10776e+14	2.00e-25	7.67e-19	3.46e-13	2.20e-08	1.21e-04	1.00e+00	0.00e+00	0.00e+00
 2.18595e+14	2.85e-25	1.02e-18	4.29e-13	2.54e-08	1.30e-04	1.00e+00	0.00e+00	0.00e+00
 2.25732e+14	3.87e-25	1.31e-18	5.19e-13	2.89e-08	1.39e-04	1.00e+00	0.00e+00	0.00e+00
 2.33698e+14	5.40e-25	1.71e-18	6.38e-13	3.32e-08	1.49e-04	1.00e+00	0.00e+00	0.00e+00
 2.42980e+14	7.84e-25	2.31e-18	8.03e-13	3.89e-08	1.62e-04	1.00e+00	0.00e+00	0.00e+00
 2.52097e+14	1.12e-24	3.08e-18	9.98e-13	4.51e-08	1.74e-04	1.00e+00	0.00e+00	0.00e+00
 2.60696e+14	1.54e-24	4.00e-18	1.22e-12	5.16e-08	1.87e-04	1.00e+00	0.00e+00	0.00e+00
 2.70272e+14	2.18e-24	5.29e-18	1.51e-12	5.96e-08	2.01e-04	1.00e+00	0.00e+00	0.00e+00
 2.81113e+14	3.18e-24	7.17e-18	1.90e-12	6.98e-08	2.18e-04	1.00e+00	0.00e+00	0.00e+00
 2.91956e+14	4.59e-24	9.63e-18	2.38e-12	8.13e-08	2.36e-04	1.00e+00	0.00e+00	0.00e+00
 3.02111e+14	6.38e-24	1.26e-17	2.91e-12	9.32e-08	2.53e-04	1.00e+00	0.00e+00	0.00e+00
 3.13103e+14	9.00e-24	1.66e-17	3.60e-12	1.08e-07	2.73e-04	1.00e+00	0.00e+00	0.00e+00
 3.25403e+14	1.30e-23	2.24e-17	4.53e-12	1.26e-07	2.95e-04	1.00e+00	0.00e+00	0.00e+00
 3.36896e+14	1.83e-23	2.94e-17	5.56e-12	1.44e-07	3.17e-04	1.00e+00	0.00e+00	0.00e+00
 3.47542e+14	2.47e-23	3.74e-17	6.69e-12	1.63e-07	3.38e-04	1.00e+00	0.00e+00	0.00e+00
 3.57799e+14	3.27e-23	4.70e-17	7.95e-12	1.84e-07	3.58e-04	1.00e+00	0.00e+00	0.00e+00
 3.69208e+14	4.43e-23	6.00e-17	9.57e-12	2.08e-07	3.82e-04	1.00e+00	0.00e+00	0.00e+00
 3.81832e+14	6.14e-23	7.80e-17	1.17e-11	2.38e-07	4.09e-04	1.00e+00	0.00e+00	0.00e+00
 3.93585e+14	8.23e-23	9.88e-17	1.40e-11	2.69e-07	4.35e-04	1.00e+00	0.00e+00	0.00e+00
 4.06415e+14	1.12e-22	1.27e-16	1.69e-11	3.06e-07	4.65e-04	1.00e+00	0.00e+00	0.00e+00
 4.20862e+14	1.58e-22	1.67e-16	2.08e-11	3.52e-07	4.99e-04	1.00e+00	0.00e+00	0.00e+00
 4.34623e+14	2.16e-22	2.15e-16	2.52e-11	4.00e-07	5.33e-04	9.99e-01	0.00e+00	0.00e+00
 4.49722e+14	3.01e-22	2.81e-16	3.09e-11	4.59e-07	5.71e-04	9.99e-01	0.00e+00	0.00e+00
 4.66359e+14	4.28e-22	3.73e-16	3.83e-11	5.31e-07	6.15e-04	9.99e-01	0.00e+00	0.00e+00
 4.81644e+14	5.87e-22	4.80e-16	4.64e-11	6.04e-07	6.57e-04	9.99e-01	0.00e+00	0.00e+00
 4.98164e+14	8.13e-22	6.25e-16	5.66e-11	6.91e-07	7.03e-04	9.99e-01	0.00e+00	0.00e+00
 5.16662e+14	1.16e-21	8.31e-16	7.03e-11	8.00e-07	7.58e-04	9.99e-01	0.00e+00	0.00e+00
 5.34089e+14	1.60e-21	1.08e-15	8.56e-11	9.13e-07	8.11e-04	9.99e-01	0.00e+00	0.00e+00
 5.53100e+14	2.24e-21	1.42e-15	1.05e-10	1.05e-06	8.71e-04	9.99e-01	0.00e+00	0.00e+00
 5.74214e+14	3.22e-21	1.89e-15	1.31e-10	1.22e-06	9.40e-04	9.99e-01	0.00e+00	0.00e+00
 5.93901e+14	4.47e-21	2.47e-15	1.61e-10	1.40e-06	1.01e-03	9.99e-01	0.00e+00	0.00e+00
 6.15298e+14	6.28e-21	3.25e-15	1.98e-10	1.61e-06	1.08e-03	9.99e-01	0.00e+00	0.00e+00
 6.39257e+14	9.06e-21	4.37e-15	2.48e-10	1.88e-06	1.17e-03	9.99e-01	0.00e+00	0.00e+00
 6.61965e+14	1.27e-20	5.72e-15	3.05e-10	2.16e-06	1.26e-03	9.99e-01	0.00e+00	0.00e+00
 6.86266e+14	1.79e-20	7.56e-15	3.77e-10	2.49e-06	1.36e-03	9.99e-01	0.00e+00	0.00e+00
 7.13746e+14	2.59e-20	1.02e-14	4.76e-10	2.92e-06	1.47e-03	9.99e-01	0.00e+00	0.00e+00
 7.40781e+14	3.69e-20	1.36e-14	5.92e-10	3.39e-06	1.59e-03	9.98e-01	0.00e+00	0.00e+00
 7.68897e+14	5.24e-20	1.81e-14	7.37e-10	3.94e-06	1.72e-03	9.98e-01	0.00e+00	0.00e+00
 7.99683e+14	7.55e-20	2.44e-14	9.29e-10	4.61e-06	1.87e-03	9.98e-01	0.00e+00	0.00e+00
 8.30061e+14	1.07e-19	3.24e-14	1.16e-09	5.36e-06	2.02e-03	9.98e-01	0.00e+00	0.00e+00
 8.55277e+14	1.41e-19	4.07e-14	1.38e-09	6.04e-06	2.15e-03	9.98e-01	0.00e+00	0.00e+00
 8.75637e+14	1.75e-19	4.85e-14	1.58e-09	6.64e-06	2.26e-03	9.98e-01	0.00e+00	0.00e+00
 8.98241e+14	2.21e-19	5.86e-14	1.83e-09	7.36e-06	2.39e-03	9.98e-01	0.00e+00	0.00e+00
 9.27625e+14	2.96e-19	7.46e-14	2.21e-09	8.38e-06	2.56e-03	9.97e-01	0.00e+00	0.00e+00
 9.59131e+14	4.01e-19	9.57e-14	2.69e-09	9.59e-06	2.75e-03	9.97e-01	0.00e+00	0.00e+00
 9.87077e+14	5.19e-19	1.18e-13	3.18e-09	1.08e-05	2.93e-03	9.97e-01	0.00e+00	0.00e+00
 1.01709e+15	6.78e-19	1.48e-13	3.79e-09	1.22e-05	3.13e-03	9.97e-01	0.00e+00	0.00e+00
 1.05476e+15	9.37e-19	1.93e-13	4.68e-09	1.41e-05	3.39e-03	9.97e-01	0.00e+00	0.00e+00
 1.09298e+15	1.28e-18	2.50e-13	5.75e-09	1.63e-05	3.66e-03	9.96e-01	0.00e+00	0.00e+00
 1.12606e+15	1.67e-18	3.11e-13	6.84e-09	1.83e-05	3.91e-03	9.96e-01	0.00e+00	0.00e+00
 1.16180e+15	2.18e-18	3.89e-13	8.19e-09	2.08e-05	4.19e-03	9.96e-01	0.00e+00	0.00e+00
 1.20566e+15	3.01e-18	5.09e-13	1.02e-08	2.42e-05	4.55e-03	9.95e-01	0.00e+00	0.00e+00
 1.25004e+15	4.11e-18	6.61e-13	1.25e-08	2.80e-05	4.93e-03	9.95e-01	0.00e+00	0.00e+00
 1.28951e+15	5.35e-18	8.25e-13	1.50e-08	3.17e-05	5.29e-03	9.95e-01	0.00e+00	0.00e+00
 1.33263e+15	7.08e-18	1.04e-12	1.81e-08	3.62e-05	5.70e-03	9.94e-01	0.00e+00	0.00e+00
 1.38416e+15	9.76e-18	1.37e-12	2.26e-08	4.22e-05	6.21e-03	9.94e-01	0.00e+00	0.00e+00
 1.43511e+15	1.32e-17	1.77e-12	2.78e-08	4.88e-05	6.73e-03	9.93e-01	0.00e+00	0.00e+00
 1.48112e+15	1.72e-17	2.21e-12	3.34e-08	5.55e-05	7.23e-03	9.93e-01	0.00e+00	0.00e+00
 1.53219e+15	2.29e-17	2.81e-12	4.07e-08	6.36e-05	7.81e-03	9.92e-01	0.00e+00	0.00e+00
 1.59229e+15	3.16e-17	3.69e-12	5.08e-08	7.43e-05	8.52e-03	9.91e-01	0.00e+00	0.00e+00
 1.65156e+15	4.28e-17	4.78e-12	6.29e-08	8.60e-05	9.26e-03	9.91e-01	0.00e+00	0.00e+00
 1.70659e+15	5.62e-17	6.03e-12	7.60e-08	9.82e-05	9.98e-03	9.90e-01	0.00e+00	0.00e+00
 1.76827e+15	7.56e-17	7.76e-12	9.35e-08	1.13e-04	1.08e-02	9.89e-01	0.00e+00	0.00e+00
 1.83903e+15	1.05e-16	1.02e-11	1.18e-07	1.33e-04	1.18e-02	9.88e-01	0.00e+00	0.00e+00
 1.90867e+15	1.66e-16	1.33e-11	1.46e-07	1.54e-04	1.29e-02	9.87e-01	0.00e+00	0.00e+00
 1.98110e+15	2.28e-16	1.74e-11	1.82e-07	1.79e-04	1.40e-02	9.86e-01	0.00e+00	0.00e+00
 2.04708e+15	3.01e-16	2.19e-11	2.21e-07	2.04e-04	1.51e-02	9.85e-01	0.00e+00	0.00e+00
 2.09628e+15	3.68e-16	2.60e-11	2.53e-07	2.24e-04	1.59e-02	9.84e-01	0.00e+00	0.00e+00
 2.14707e+15	4.50e-16	3.08e-11	2.92e-07	2.47e-04	1.68e-02	9.83e-01	0.00e+00	0.00e+00
 2.21310e+15	5.81e-16	3.83e-11	3.49e-07	2.79e-04	1.80e-02	9.82e-01	0.00e+00	0.00e+00
 2.28483e+15	7.64e-16	4.82e-11	4.22e-07	3.17e-04	1.94e-02	9.80e-01	0.00e+00	0.00e+00
 2.34976e+15	9.67e-16	5.89e-11	4.98e-07	3.55e-04	2.06e-02	9.79e-01	0.00e+00	0.00e+00
 2.41995e+15	1.24e-15	7.28e-11	5.93e-07	3.99e-04	2.20e-02	9.78e-01	0.00e+00	0.00e+00
 2.50884e+15	1.70e-15	9.48e-11	7.36e-07	4.62e-04	2.39e-02	9.76e-01	0.00e+00	0.00e+00
 2.59811e+15	2.29e-15	1.22e-10	9.07e-07	5.31e-04	2.59e-02	9.74e-01	0.00e+00	0.00e+00
 2.67302e+15	2.91e-15	1.50e-10	1.07e-06	5.95e-04	2.76e-02	9.72e-01	0.00e+00	0.00e+00
 2.75316e+15	3.76e-15	1.86e-10	1.28e-06	6.70e-04	2.95e-02	9.70e-01	0.00e+00	0.00e+00
 2.85443e+15	5.15e-15	2.43e-10	1.59e-06	7.75e-04	3.20e-02	9.67e-01	0.00e+00	0.00e+00
 2.96095e+15	7.07e-15	3.19e-10	1.99e-06	8.98e-04	3.47e-02	9.64e-01	0.00e+00	0.00e+00
 3.05700e+15	9.31e-15	4.03e-10	2.41e-06	1.02e-03	3.72e-02	9.62e-01	0.00e+00	0.00e+00
 3.16168e+15	1.25e-14	5.17e-10	2.95e-06	1.17e-03	4.01e-02	9.59e-01	0.00e+00	0.00e+00
 3.28528e+15	1.75e-14	6.89e-10	3.72e-06	1.36e-03	4.37e-02	9.55e-01	0.00e+00	0.00e+00
 3.40616e+15	2.41e-14	9.02e-10	4.64e-06	1.58e-03	4.73e-02	9.51e-01	0.00e+00	0.00e+00
 3.51626e+15	3.18e-14	1.14e-09	5.62e-06	1.79e-03	5.07e-02	9.47e-01	0.00e+00	0.00e+00
 3.63970e+15	4.31e-14	1.48e-09	6.93e-06	2.05e-03	5.47e-02	9.43e-01	0.00e+00	0.00e+00
 3.78367e+15	6.10e-14	1.99e-09	8.79e-06	2.40e-03	5.95e-02	9.38e-01	0.00e+00	0.00e+00
 3.92494e+15	8.41e-14	2.61e-09	1.10e-05	2.78e-03	6.44e-02	9.33e-01	0.00e+00	0.00e+00
 4.05818e+15	1.13e-13	3.36e-09	1.34e-05	3.18e-03	6.92e-02	9.28e-01	0.00e+00	0.00e+00
 4.20684e+15	1.56e-13	4.42e-09	1.68e-05	3.67e-03	7.48e-02	9.21e-01	0.00e+00	0.00e+00
 4.34823e+15	2.10e-13	5.67e-09	2.05e-05	4.19e-03	8.03e-02	9.16e-01	0.00e+00	0.00e+00
 4.45353e+15	2.59e-13	6.79e-09	2.37e-05	4.62e-03	8.45e-02	9.11e-01	0.00e+00	0.00e+00
 4.56028e+15	3.21e-13	8.14e-09	2.74e-05	5.08e-03	8.89e-02	9.06e-01	0.00e+00	0.00e+00
 4.69904e+15	4.20e-13	1.02e-08	3.29e-05	5.72e-03	9.47e-02	9.00e-01	0.00e+00	0.00e+00
 4.84965e+15	5.55e-13	1.30e-08	3.99e-05	6.49e-03	1.01e-01	8.92e-01	0.00e+00	0.00e+00
 4.98504e+15	7.11e-13	1.60e-08	4.72e-05	7.24e-03	1.07e-01	8.86e-01	0.00e+00	0.00e+00
 5.13044e+15	9.23e-13	1.99e-08	5.63e-05	8.12e-03	1.14e-01	8.78e-01	0.00e+00	0.00e+00
 5.31689e+15	1.28e-12	2.63e-08	7.01e-05	9.38e-03	1.22e-01	8.68e-01	0.00e+00	0.00e+00
 5.50475e+15	1.75e-12	3.42e-08	8.66e-05	1.08e-02	1.31e-01	8.58e-01	0.00e+00	0.00e+00
 5.65924e+15	2.25e-12	4.23e-08	1.03e-04	1.20e-02	1.39e-01	8.49e-01	0.00e+00	0.00e+00
 5.82234e+15	2.92e-12	5.27e-08	1.22e-04	1.34e-02	1.47e-01	8.39e-01	0.00e+00	0.00e+00
 6.03282e+15	4.05e-12	6.93e-08	1.51e-04	1.55e-02	1.58e-01	8.27e-01	0.00e+00	0.00e+00
 6.25279e+15	5.60e-12	9.12e-08	1.88e-04	1.78e-02	1.69e-01	8.13e-01	0.00e+00	0.00e+00
 6.44332e+15	7.36e-12	1.15e-07	2.26e-04	2.00e-02	1.80e-01	8.00e-01	0.00e+00	0.00e+00
 6.64773e+15	9.84e-12	1.46e-07	2.73e-04	2.26e-02	1.91e-01	7.87e-01	0.00e+00	0.00e+00
 6.89855e+15	1.38e-11	1.95e-07	3.43e-04	2.62e-02	2.04e-01	7.69e-01	0.00e+00	0.00e+00
 7.14640e+15	1.90e-11	2.55e-07	4.24e-04	3.00e-02	2.18e-01	7.52e-01	0.00e+00	0.00e+00
 7.35961e+15	2.48e-11	3.19e-07	5.07e-04	3.36e-02	2.30e-01	7.36e-01	0.00e+00	0.00e+00
 7.59109e+15	3.31e-11	4.06e-07	6.12e-04	3.79e-02	2.43e-01	7.18e-01	0.00e+00	0.00e+00
 7.84801e+15	4.47e-11	5.22e-07	7.47e-04	4.30e-02	2.57e-01	6.99e-01	0.00e+00	0.00e+00
 8.08853e+15	5.87e-11	6.57e-07	8.95e-04	4.83e-02	2.71e-01	6.80e-01	0.00e+00	0.00e+00
 8.29789e+15	7.38e-11	7.96e-07	1.04e-03	5.31e-02	2.82e-01	6.64e-01	0.00e+00	0.00e+00
 8.51618e+15	9.40e-11	9.75e-07	1.22e-03	5.87e-02	2.94e-01	6.46e-01	0.00e+00	0.00e+00
 8.75524e+15	1.21e-10	1.20e-06	1.44e-03	6.51e-02	3.07e-01	6.26e-01	0.00e+00	0.00e+00
 8.97817e+15	1.51e-10	1.45e-06	1.67e-03	7.13e-02	3.19e-01	6.08e-01	0.00e+00	0.00e+00
 9.22485e+15	1.94e-10	1.79e-06	1.97e-03	7.89e-02	3.32e-01	5.87e-01	0.00e+00	0.00e+00
 9.49237e+15	2.51e-10	2.22e-06	2.33e-03	8.76e-02	3.45e-01	5.65e-01	0.00e+00	0.00e+00
 9.73917e+15	3.16e-10	2.69e-06	2.72e-03	9.61e-02	3.57e-01	5.44e-01	0.00e+00	0.00e+00
 1.00122e+16	4.09e-10	3.33e-06	3.22e-03	1.06e-01	3.70e-01	5.21e-01	0.00e+00	0.00e+00
 1.03086e+16	5.31e-10	4.14e-06	3.82e-03	1.18e-01	3.82e-01	4.96e-01	0.00e+00	0.00e+00
 1.05837e+16	6.72e-10	5.04e-06	4.46e-03	1.29e-01	3.93e-01	4.73e-01	0.00e+00	0.00e+00
 1.08897e+16	8.80e-10	6.30e-06	5.32e-03	1.43e-01	4.05e-01	4.47e-01	0.00e+00	0.00e+00
 1.12108e+16	1.14e-09	7.79e-06	6.30e-03	1.58e-01	4.15e-01	4.21e-01	0.00e+00	0.00e+00
 1.14866e+16	1.41e-09	9.34e-06	7.28e-03	1.71e-01	4.23e-01	3.98e-01	0.00e+00	0.00e+00
 1.17804e+16	1.80e-09	1.14e-05	8.50e-03	1.87e-01	4.31e-01	3.74e-01	0.00e+00	0.00e+00
 1.21034e+16	2.31e-09	1.40e-05	1.00e-02	2.04e-01	4.37e-01	3.48e-01	0.00e+00	0.00e+00
 1.23985e+16	2.88e-09	1.68e-05	1.16e-02	2.21e-01	4.42e-01	3.26e-01	0.00e+00	0.00e+00
 1.26735e+16	3.52e-09	1.99e-05	1.32e-02	2.37e-01	4.45e-01	3.05e-01	0.00e+00	0.00e+00
 1.29883e+16	4.52e-09	2.43e-05	1.54e-02	2.57e-01	4.47e-01	2.81e-01	0.00e+00	0.00e+00
 1.33091e+16	5.64e-09	2.92e-05	1.79e-02	2.77e-01	4.47e-01	2.58e-01	0.00e+00	0.00e+00
 1.35708e+16	6.79e-09	3.41e-05	2.02e-02	2.94e-01	4.45e-01	2.40e-01	0.00e+00	0.00e+00
 1.38443e+16	8.38e-09	4.04e-05	2.30e-02	3.13e-01	4.43e-01	2.21e-01	0.00e+00	0.00e+00
 1.41399e+16	1.04e-08	4.82e-05	2.63e-02	3.33e-01	4.38e-01	2.02e-01	0.00e+00	0.00e+00
 1.44013e+16	1.25e-08	5.58e-05	2.96e-02	3.52e-01	4.33e-01	1.86e-01	0.00e+00	0.00e+00
 1.46407e+16	1.49e-08	6.44e-05	3.31e-02	3.69e-01	4.26e-01	1.72e-01	0.00e+00	0.00e+00
 1.49148e+16	1.86e-08	7.67e-05	3.76e-02	3.89e-01	4.18e-01	1.55e-01	0.00e+00	0.00e+00
 1.52019e+16	2.27e-08	9.03e-05	4.28e-02	4.10e-01	4.08e-01	1.39e-01	0.00e+00	0.00e+00
 1.54467e+16	2.72e-08	1.05e-04	4.79e-02	4.28e-01	3.97e-01	1.27e-01	0.00e+00	0.00e+00
 1.56686e+16	3.26e-08	1.20e-04	5.31e-02	4.45e-01	3.87e-01	1.15e-01	0.00e+00	0.00e+00
 1.58860e+16	3.87e-08	1.38e-04	5.89e-02	4.61e-01	3.76e-01	1.04e-01	0.00e+00	0.00e+00
 1.61349e+16	4.73e-08	1.62e-04	6.62e-02	4.80e-01	3.61e-01	9.27e-02	0.00e+00	0.00e+00
 1.63959e+16	5.91e-08	1.93e-04	7.51e-02	4.99e-01	3.45e-01	8.11e-02	0.00e+00	0.00e+00
 1.66102e+16	7.06e-08	2.21e-04	8.32e-02	5.14e-01	3.31e-01	7.23e-02	0.00e+00	0.00e+00
 1.67928e+16	8.26e-08	2.50e-04	9.09e-02	5.26e-01	3.17e-01	6.51e-02	0.00e+00	0.00e+00
 1.69966e+16	9.55e-08	2.82e-04	1.00e-01	5.40e-01	3.02e-01	5.76e-02	0.00e+00	0.00e+00
 1.72198e+16	1.16e-07	3.29e-04	1.12e-01	5.54e-01	2.84e-01	4.97e-02	0.00e+00	0.00e+00
 1.74130e+16	1.48e-07	3.92e-04	1.24e-01	5.66e-01	2.66e-01	4.28e-02	0.00e+00	0.00e+00
 1.75662e+16	1.71e-07	4.39e-04	1.35e-01	5.74e-01	2.53e-01	3.81e-02	0.00e+00	0.00e+00
 1.77224e+16	1.93e-07	4.85e-04	1.46e-01	5.83e-01	2.38e-01	3.35e-02	0.00e+00	0.00e+00
 1.79256e+16	2.37e-07	5.67e-04	1.62e-01	5.92e-01	2.17e-01	2.78e-02	0.00e+00	0.00e+00
 1.81188e+16	2.92e-07	6.65e-04	1.80e-01	5.99e-01	1.98e-01	2.28e-02	0.00e+00	0.00e+00
 1.82500e+16	3.58e-07	7.69e-04	1.94e-01	6.03e-01	1.83e-01	1.95e-02	0.00e+00	0.00e+00
 1.83433e+16	4.03e-07	8.40e-04	2.05e-01	6.05e-01	1.73e-01	1.73e-02	0.00e+00	0.00e+00
 1.84366e+16	4.38e-07	8.97e-04	2.15e-01	6.07e-01	1.62e-01	1.54e-02	0.00e+00	0.00e+00
 1.85578e+16	5.07e-07	1.00e-03	2.30e-01	6.08e-01	1.48e-01	1.29e-02	0.00e+00	0.00e+00
 1.86702e+16	5.87e-07	1.12e-03	2.44e-01	6.09e-01	1.35e-01	1.08e-02	0.00e+00	0.00e+00
 1.87424e+16	6.76e-07	1.23e-03	2.55e-01	6.08e-01	1.26e-01	9.49e-03	0.00e+00	0.00e+00
 1.87927e+16	7.24e-07	1.29e-03	2.62e-01	6.07e-01	1.21e-01	8.67e-03	0.00e+00	0.00e+00
 1.88431e+16	7.79e-07	1.36e-03	2.70e-01	6.07e-01	1.15e-01	7.85e-03	0.00e+00	0.00e+00
 1.89086e+16	8.54e-07	1.46e-03	2.79e-01	6.06e-01	1.07e-01	6.88e-03	0.00e+00	0.00e+00
 1.89938e+16	9.71e-07	1.60e-03	2.93e-01	6.03e-01	9.66e-02	5.70e-03	0.00e+00	0.00e+00
 1.90761e+16	1.10e-06	1.75e-03	3.06e-01	6.00e-01	8.73e-02	4.71e-03	0.00e+00	0.00e+00
 1.91352e+16	1.20e-06	1.86e-03	3.15e-01	5.98e-01	8.07e-02	4.08e-03	0.00e+00	0.00e+00
 1.91924e+16	1.29e-06	1.96e-03	3.24e-01	5.96e-01	7.44e-02	3.51e-03	0.00e+00	0.00e+00
 1.92667e+16	1.49e-06	2.18e-03	3.38e-01	5.91e-01	6.61e-02	2.80e-03	0.00e+00	0.00e+00
 1.93371e+16	1.66e-06	2.35e-03	3.49e-01	5.87e-01	5.90e-02	2.27e-03	0.00e+00	0.00e+00
 1.93904e+16	1.80e-06	2.49e-03	3.58e-01	5.84e-01	5.38e-02	1.92e-03	0.00e+00	0.00e+00
 1.94478e+16	1.99e-06	2.67e-03	3.68e-01	5.79e-01	4.83e-02	1.57e-03	0.00e+00	0.00e+00
 1.95224e+16	2.25e-06	2.92e-03	3.81e-01	5.73e-01	4.17e-02	1.19e-03	0.00e+00	0.00e+00
 1.95986e+16	2.54e-06	3.18e-03	3.93e-01	5.67e-01	3.57e-02	8.95e-04	0.00e+00	0.00e+00
 1.96617e+16	2.82e-06	3.41e-03	4.04e-01	5.61e-01	3.11e-02	6.96e-04	0.00e+00	0.00e+00
 1.97286e+16	3.15e-06	3.69e-03	4.15e-01	5.54e-01	2.67e-02	5.23e-04	0.00e+00	0.00e+00
 1.98157e+16	3.62e-06	4.07e-03	4.28e-01	5.45e-01	2.17e-02	3.56e-04	0.00e+00	0.00e+00
 1.99072e+16	4.17e-06	4.48e-03	4.42e-01	5.36e-01	1.75e-02	2.38e-04	0.00e+00	0.00e+00
 1.99895e+16	4.73e-06	4.88e-03	4.54e-01	5.27e-01	1.43e-02	1.63e-04	0.00e+00	0.00e+00
 2.00813e+16	5.43e-06	5.37e-03	4.67e-01	5.16e-01	1.14e-02	1.06e-04	0.00e+00	0.00e+00
 2.02007e+16	6.45e-06	6.04e-03	4.83e-01	5.03e-01	8.46e-03	6.07e-05	0.00e+00	0.00e+00
 2.03356e+16	7.80e-06	6.87e-03	5.00e-01	4.87e-01	6.11e-03	3.28e-05	0.00e+00	0.00e+00
 2.04906e+16	9.68e-06	7.95e-03	5.19e-01	4.68e-01	4.22e-03	1.61e-05	0.00e+00	0.00e+00
 2.06254e+16	1.16e-05	9.00e-03	5.36e-01	4.52e-01	3.14e-03	9.18e-06	0.00e+00	0.00e+00
 2.07044e+16	1.30e-05	9.69e-03	5.45e-01	4.42e-01	2.65e-03	6.62e-06	0.00e+00	0.00e+00
 2.07775e+16	1.44e-05	1.04e-02	5.54e-01	4.33e-01	2.25e-03	4.82e-06	0.00e+00	0.00e+00
 2.08725e+16	1.64e-05	1.13e-02	5.66e-01	4.21e-01	1.82e-03	3.21e-06	0.00e+00	0.00e+00
 2.09959e+16	1.96e-05	1.28e-02	5.81e-01	4.04e-01	1.39e-03	1.91e-06	0.00e+00	0.00e+00
 2.11219e+16	2.35e-05	1.44e-02	5.97e-01	3.87e-01	1.08e-03	1.16e-06	0.00e+00	0.00e+00
 2.12219e+16	2.73e-05	1.60e-02	6.10e-01	3.73e-01	8.79e-04	7.87e-07	0.00e+00	0.00e+00
 2.13090e+16	3.12e-05	1.75e-02	6.21e-01	3.61e-01	7.35e-04	0.00e+00	0.00e+00	0.00e+00
 2.14085e+16	3.64e-05	1.94e-02	6.34e-01	3.46e-01	5.96e-04	0.00e+00	0.00e+00	0.00e+00
 2.15102e+16	4.29e-05	2.16e-02	6.47e-01	3.31e-01	4.85e-04	0.00e+00	0.00e+00	0.00e+00
 2.15902e+16	4.89e-05	2.36e-02	6.57e-01	3.19e-01	4.13e-04	0.00e+00	0.00e+00	0.00e+00
 2.16581e+16	5.49e-05	2.55e-02	6.66e-01	3.08e-01	3.59e-04	0.00e+00	0.00e+00	0.00e+00
 2.17347e+16	6.24e-05	2.79e-02	6.76e-01	2.96e-01	3.05e-04	0.00e+00	0.00e+00	0.00e+00
 2.18199e+16	7.26e-05	3.09e-02	6.87e-01	2.82e-01	2.54e-04	0.00e+00	0.00e+00	0.00e+00
 2.18973e+16	8.36e-05	3.39e-02	6.96e-01	2.70e-01	2.16e-04	0.00e+00	0.00e+00	0.00e+00
 2.19649e+16	9.47e-05	3.69e-02	7.05e-01	2.58e-01	1.87e-04	0.00e+00	0.00e+00	0.00e+00
 2.20391e+16	1.09e-04	4.06e-02	7.13e-01	2.46e-01	1.58e-04	0.00e+00	0.00e+00	0.00e+00
 2.21196e+16	1.28e-04	4.52e-02	7.23e-01	2.32e-01	1.32e-04	0.00e+00	0.00e+00	0.00e+00
 2.21886e+16	1.47e-04	4.97e-02	7.30e-01	2.20e-01	1.13e-04	0.00e+00	0.00e+00	0.00e+00
 2.22471e+16	1.66e-04	5.39e-02	7.36e-01	2.10e-01	9.85e-05	0.00e+00	0.00e+00	0.00e+00
 2.23115e+16	1.90e-04	5.91e-02	7.42e-01	1.99e-01	8.41e-05	0.00e+00	0.00e+00	0.00e+00
 2.23824e+16	2.22e-04	6.55e-02	7.48e-01	1.87e-01	7.07e-05	0.00e+00	0.00e+00	0.00e+00
 2.24455e+16	2.56e-04	7.21e-02	7.52e-01	1.75e-01	6.03e-05	0.00e+00	0.00e+00	0.00e+00
 2.24998e+16	2.90e-04	7.84e-02	7.55e-01	1.66e-01	5.24e-05	0.00e+00	0.00e+00	0.00e+00
 2.25589e+16	3.33e-04	8.61e-02	7.58e-01	1.56e-01	4.46e-05	0.00e+00	0.00e+00	0.00e+00
 2.26235e+16	3.90e-04	9.56e-02	7.60e-01	1.44e-01	3.73e-05	0.00e+00	0.00e+00	0.00e+00
 2.26804e+16	4.51e-04	1.05e-01	7.60e-01	1.34e-01	3.17e-05	0.00e+00	0.00e+00	0.00e+00
 2.27294e+16	5.11e-04	1.14e-01	7.59e-01	1.26e-01	2.74e-05	0.00e+00	0.00e+00	0.00e+00
 2.27829e+16	5.88e-04	1.26e-01	7.57e-01	1.17e-01	2.32e-05	0.00e+00	0.00e+00	0.00e+00
 2.28418e+16	6.91e-04	1.39e-01	7.53e-01	1.07e-01	1.92e-05	0.00e+00	0.00e+00	0.00e+00
 2.28942e+16	8.01e-04	1.54e-01	7.47e-01	9.80e-02	1.61e-05	0.00e+00	0.00e+00	0.00e+00
 2.29397e+16	9.11e-04	1.67e-01	7.41e-01	9.05e-02	1.37e-05	0.00e+00	0.00e+00	0.00e+00
 2.29894e+16	1.05e-03	1.84e-01	7.33e-01	8.24e-02	1.14e-05	0.00e+00	0.00e+00	0.00e+00
 2.30444e+16	1.25e-03	2.05e-01	7.20e-01	7.37e-02	9.24e-06	0.00e+00	0.00e+00	0.00e+00
 2.30938e+16	1.46e-03	2.26e-01	7.06e-01	6.60e-02	7.54e-06	0.00e+00	0.00e+00	0.00e+00
 2.31373e+16	1.68e-03	2.47e-01	6.92e-01	5.95e-02	6.25e-06	0.00e+00	0.00e+00	0.00e+00
 2.31853e+16	1.96e-03	2.73e-01	6.73e-01	5.25e-02	5.00e-06	0.00e+00	0.00e+00	0.00e+00
 2.32389e+16	2.35e-03	3.05e-01	6.48e-01	4.50e-02	3.85e-06	0.00e+00	0.00e+00	0.00e+00
 2.32883e+16	2.81e-03	3.39e-01	6.20e-01	3.85e-02	2.96e-06	0.00e+00	0.00e+00	0.00e+00
 2.33333e+16	3.29e-03	3.73e-01	5.91e-01	3.28e-02	2.29e-06	0.00e+00	0.00e+00	0.00e+00
 2.33840e+16	3.95e-03	4.15e-01	5.54e-01	2.69e-02	1.67e-06	0.00e+00	0.00e+00	0.00e+00
 2.34379e+16	4.86e-03	4.65e-01	5.09e-01	2.12e-02	1.15e-06	0.00e+00	0.00e+00	0.00e+00
 2.34823e+16	5.80e-03	5.12e-01	4.66e-01	1.69e-02	8.17e-07	0.00e+00	0.00e+00	0.00e+00
 2.35171e+16	6.67e-03	5.50e-01	4.30e-01	1.38e-02	0.00e+00	0.00e+00	0.00e+00	0.00e+00
 2.35527e+16	7.69e-03	5.90e-01	3.92e-01	1.11e-02	0.00e+00	0.00e+00	0.00e+00	0.00e+00
 2.35921e+16	9.02e-03	6.36e-01	3.47e-01	8.40e-03	0.00e+00	0.00e+00	0.00e+00	0.00e+00
 2.36265e+16	1.04e-02	6.77e-01	3.06e-01	6.40e-03	0.00e+00	0.00e+00	0.00e+00	0.00e+00
 2.36546e+16	1.18e-02	7.11e-01	2.73e-01	5.02e-03	0.00e+00	0.00e+00	0.00e+00	0.00e+00
 2.36841e+16	1.33e-02	7.45e-01	2.38e-01	3.80e-03	0.00e+00	0.00e+00	0.00e+00	0.00e+00
 2.37165e+16	1.54e-02	7.81e-01	2.01e-01	2.71e-03	0.00e+00	0.00e+00	0.00e+00	0.00e+00
 2.37446e+16	1.74e-02	8.11e-01	1.70e-01	1.95e-03	0.00e+00	0.00e+00	0.00e+00	0.00e+00
 2.37676e+16	1.94e-02	8.33e-01	1.46e-01	1.45e-03	0.00e+00	0.00e+00	0.00e+00	0.00e+00
 2.37918e+16	2.16e-02	8.54e-01	1.23e-01	1.04e-03	0.00e+00	0.00e+00	0.00e+00	0.00e+00
 2.38184e+16	2.45e-02	8.75e-01	9.98e-02	7.04e-04	0.00e+00	0.00e+00	0.00e+00	0.00e+00
 2.38418e+16	2.73e-02	8.91e-01	8.12e-02	4.80e-04	0.00e+00	0.00e+00	0.00e+00	0.00e+00
 2.38612e+16	3.02e-02	9.02e-01	6.76e-02	3.42e-04	0.00e+00	0.00e+00	0.00e+00	0.00e+00
 2.38817e+16	3.34e-02	9.11e-01	5.50e-02	2.34e-04	0.00e+00	0.00e+00	0.00e+00	0.00e+00
 2.39040e+16	3.75e-02	9.19e-01	4.31e-02	1.50e-04	0.00e+00	0.00e+00	0.00e+00	0.00e+00
 2.39234e+16	4.15e-02	9.24e-01	3.42e-02	9.90e-05	0.00e+00	0.00e+00	0.00e+00	0.00e+00
 2.39394e+16	4.53e-02	9.27e-01	2.80e-02	6.89e-05	0.00e+00	0.00e+00	0.00e+00	0.00e+00
 2.39564e+16	4.97e-02	9.28e-01	2.24e-02	4.59e-05	0.00e+00	0.00e+00	0.00e+00	0.00e+00
 2.39745e+16	5.51e-02	9.27e-01	1.74e-02	2.92e-05	0.00e+00	0.00e+00	0.00e+00	0.00e+00
 2.39900e+16	6.03e-02	9.26e-01	1.38e-02	1.93e-05	0.00e+00	0.00e+00	0.00e+00	0.00e+00
 2.40033e+16	6.50e-02	9.24e-01	1.13e-02	1.34e-05	0.00e+00	0.00e+00	0.00e+00	0.00e+00
 2.40160e+16	7.00e-02	9.21e-01	9.19e-03	9.27e-06	0.00e+00	0.00e+00	0.00e+00	0.00e+00
 2.40291e+16	7.56e-02	9.17e-01	7.40e-03	6.27e-06	0.00e+00	0.00e+00	0.00e+00	0.00e+00
 2.40412e+16	8.13e-02	9.13e-01	6.00e-03	4.31e-06	0.00e+00	0.00e+00	0.00e+00	0.00e+00
 2.40515e+16	8.62e-02	9.09e-01	5.00e-03	3.10e-06	0.00e+00	0.00e+00	0.00e+00	0.00e+00
 2.40606e+16	9.13e-02	9.04e-01	4.23e-03	2.29e-06	0.00e+00	0.00e+00	0.00e+00	0.00e+00
 2.40694e+16	9.59e-02	9.01e-01	3.59e-03	1.71e-06	0.00e+00	0.00e+00	0.00e+00	0.00e+00
 2.40764e+16	1.00e-01	8.97e-01	3.14e-03	1.35e-06	0.00e+00	0.00e+00	0.00e+00	0.00e+00
 2.40811e+16	1.03e-01	8.95e-01	2.88e-03	1.15e-06	0.00e+00	0.00e+00	0.00e+00	0.00e+00
 2.40852e+16	1.05e-01	8.92e-01	2.65e-03	9.92e-07	0.00e+00	0.00e+00	0.00e+00	0.00e+00
 2.40901e+16	1.09e-01	8.89e-01	2.40e-03	0.00e+00	0.00e+00	0.00e+00	0.00e+00	0.00e+00
 2.40954e+16	1.12e-01	8.86e-01	2.16e-03	0.00e+00	0.00e+00	0.00e+00	0.00e+00	0.00e+00
 2.41006e+16	1.16e-01	8.83e-01	1.94e-03	0.00e+00	0.00e+00	0.00e+00	0.00e+00	0.00e+00
 2.41054e+16	1.19e-01	8.79e-01	1.76e-03	0.00e+00	0.00e+00	0.00e+00	0.00e+00	0.00e+00
 2.41101e+16	1.23e-01	8.76e-01	1.60e-03	0.00e+00	0.00e+00	0.00e+00	0.00e+00	0.00e+00
 2.41149e+16	1.26e-01	8.72e-01	1.44e-03	0.00e+00	0.00e+00	0.00e+00	0.00e+00	0.00e+00
 2.41196e+16	1.30e-01	8.69e-01	1.31e-03	0.00e+00	0.00e+00	0.00e+00	0.00e+00	0.00e+00
 2.41242e+16	1.33e-01	8.65e-01	1.18e-03	0.00e+00	0.00e+00	0.00e+00	0.00e+00	0.00e+00
 2.41288e+16	1.37e-01	8.62e-01	1.07e-03	0.00e+00	0.00e+00	0.00e+00	0.00e+00	0.00e+00
 2.41334e+16	1.41e-01	8.58e-01	9.65e-04	0.00e+00	0.00e+00	0.00e+00	0.00e+00	0.00e+00
 2.41379e+16	1.45e-01	8.54e-01	8.72e-04	0.00e+00	0.00e+00	0.00e+00	0.00e+00	0.00e+00
 2.41424e+16	1.49e-01	8.50e-01	7.89e-04	0.00e+00	0.00e+00	0.00e+00	0.00e+00	0.00e+00
 2.41468e+16	1.54e-01	8.45e-01	7.12e-04	0.00e+00	0.00e+00	0.00e+00	0.00e+00	0.00e+00
 2.41512e+16	1.58e-01	8.41e-01	6.43e-04	0.00e+00	0.00e+00	0.00e+00	0.00e+00	0.00e+00
 2.41555e+16	1.63e-01	8.37e-01	5.81e-04	0.00e+00	0.00e+00	0.00e+00	0.00e+00	0.00e+00
 2.41598e+16	1.68e-01	8.32e-01	5.25e-04	0.00e+00	0.00e+00	0.00e+00	0.00e+00	0.00e+00
 2.41640e+16	1.72e-01	8.27e-01	4.74e-04	0.00e+00	0.00e+00	0.00e+00	0.00e+00	0.00e+00
 2.41682e+16	1.78e-01	8.22e-01	4.28e-04	0.00e+00	0.00e+00	0.00e+00	0.00e+00	0.00e+00
 2.41724e+16	1.83e-01	8.17e-01	3.86e-04	0.00e+00	0.00e+00	0.00e+00	0.00e+00	0.00e+00
 2.41765e+16	1.89e-01	8.11e-01	3.48e-04	0.00e+00	0.00e+00	0.00e+00	0.00e+00	0.00e+00
 2.41806e+16	1.95e-01	8.05e-01	3.14e-04	0.00e+00	0.00e+00	0.00e+00	0.00e+00	0.00e+00
 2.41847e+16	2.01e-01	7.99e-01	2.82e-04	0.00e+00	0.00e+00	0.00e+00	0.00e+00	0.00e+00
 2.41887e+16	2.07e-01	7.93e-01	2.55e-04	0.00e+00	0.00e+00	0.00e+00	0.00e+00	0.00e+00
 2.41926e+16	2.14e-01	7.86e-01	2.30e-04	0.00e+00	0.00e+00	0.00e+00	0.00e+00	0.00e+00
 2.41966e+16	2.21e-01	7.79e-01	2.07e-04	0.00e+00	0.00e+00	0.00e+00	0.00e+00	0.00e+00
 2.42005e+16	2.28e-01	7.72e-01	1.86e-04	0.00e+00	0.00e+00	0.00e+00	0.00e+00	0.00e+00
 2.42043e+16	2.36e-01	7.64e-01	1.67e-04	0.00e+00	0.00e+00	0.00e+00	0.00e+00	0.00e+00
 2.42081e+16	2.45e-01	7.55e-01	1.50e-04	0.00e+00	0.00e+00	0.00e+00	0.00e+00	0.00e+00
 2.42117e+16	2.53e-01	7.47e-01	1.36e-04	0.00e+00	0.00e+00	0.00e+00	0.00e+00	0.00e+00
 2.42154e+16	2.63e-01	7.37e-01	1.22e-04	0.00e+00	0.00e+00	0.00e+00	0.00e+00	0.00e+00
 2.42189e+16	2.72e-01	7.28e-01	1.10e-04	0.00e+00	0.00e+00	0.00e+00	0.00e+00	0.00e+00
 2.42224e+16	2.82e-01	7.18e-01	9.92e-05	0.00e+00	0.00e+00	0.00e+00	0.00e+00	0.00e+00
 2.42259e+16	2.94e-01	7.06e-01	8.93e-05	0.00e+00	0.00e+00	0.00e+00	0.00e+00	0.00e+00
 2.42292e+16	3.06e-01	6.94e-01	8.04e-05	0.00e+00	0.00e+00	0.00e+00	0.00e+00	0.00e+00
 2.42325e+16	3.18e-01	6.82e-01	7.25e-05	0.00e+00	0.00e+00	0.00e+00	0.00e+00	0.00e+00
 2.42358e+16	3.29e-01	6.70e-01	6.53e-05	0.00e+00	0.00e+00	0.00e+00	0.00e+00	0.00e+00
 2.42391e+16	3.43e-01	6.57e-01	5.86e-05	0.00e+00	0.00e+00	0.00e+00	0.00e+00	0.00e+00
 2.42424e+16	3.58e-01	6.42e-01	5.26e-05	0.00e+00	0.00e+00	0.00e+00	0.00e+00	0.00e+00
 2.42456e+16	3.73e-01	6.27e-01	4.72e-05	0.00e+00	0.00e+00	0.00e+00	0.00e+00	0.00e+00
 2.42487e+16	3.88e-01	6.12e-01	4.24e-05	0.00e+00	0.00e+00	0.00e+00	0.00e+00	0.00e+00
 2.42518e+16	4.06e-01	5.94e-01	3.79e-05	0.00e+00	0.00e+00	0.00e+00	0.00e+00	0.00e+00
 2.42550e+16	4.26e-01	5.74e-01	3.37e-05	0.00e+00	0.00e+00	0.00e+00	0.00e+00	0.00e+00
 2.42580e+16	4.45e-01	5.55e-01	3.01e-05	0.00e+00	0.00e+00	0.00e+00	0.00e+00	0.00e+00
 2.42610e+16	4.64e-01	5.36e-01	2.68e-05	0.00e+00	0.00e+00	0.00e+00	0.00e+00	0.00e+00
 2.42640e+16	4.85e-01	5.15e-01	2.38e-05	0.00e+00	0.00e+00	0.00e+00	0.00e+00	0.00e+00
 2.42671e+16	5.07e-01	4.93e-01	2.10e-05	0.00e+00	0.00e+00	0.00e+00	0.00e+00	0.00e+00
 2.42701e+16	5.31e-01	4.69e-01	1.85e-05	0.00e+00	0.00e+00	0.00e+00	0.00e+00	0.00e+00
 2.42731e+16	5.52e-01	4.48e-01	1.63e-05	0.00e+00	0.00e+00	0.00e+00	0.00e+00	0.00e+00
 2.42761e+16	5.76e-01	4.24e-01	1.43e-05	0.00e+00	0.00e+00	0.00e+00	0.00e+00	0.00e+00
 2.42791e+16	6.00e-01	4.00e-01	1.25e-05	0.00e+00	0.00e+00	0.00e+00	0.00e+00	0.00e+00
 2.42821e+16	6.25e-01	3.75e-01	1.09e-05	0.00e+00	0.00e+00	0.00e+00	0.00e+00	0.00e+00
 2.42847e+16	6.46e-01	3.54e-01	9.68e-06	0.00e+00	0.00e+00	0.00e+00	0.00e+00	0.00e+00
 2.42867e+16	6.62e-01	3.38e-01	8.82e-06	0.00e+00	0.00e+00	0.00e+00	0.00e+00	0.00e+00
 2.42885e+16	6.77e-01	3.23e-01	8.07e-06	0.00e+00	0.00e+00	0.00e+00	0.00e+00	0.00e+00
 2.42904e+16	6.92e-01	3.08e-01	7.37e-06	0.00e+00	0.00e+00	0.00e+00	0.00e+00	0.00e+00
 2.42924e+16	7.09e-01	2.91e-01	6.63e-06	0.00e+00	0.00e+00	0.00e+00	0.00e+00	0.00e+00
 2.42943e+16	7.24e-01	2.76e-01	6.02e-06	0.00e+00	0.00e+00	0.00e+00	0.00e+00	0.00e+00
 2.42961e+16	7.36e-01	2.64e-01	5.53e-06	0.00e+00	0.00e+00	0.00e+00	0.00e+00	0.00e+00
 2.42979e+16	7.51e-01	2.49e-01	5.01e-06	0.00e+00	0.00e+00	0.00e+00	0.00e+00	0.00e+00
 2.42996e+16	7.63e-01	2.37e-01	4.60e-06	0.00e+00	0.00e+00	0.00e+00	0.00e+00	0.00e+00
 2.43014e+16	7.76e-01	2.24e-01	4.17e-06	0.00e+00	0.00e+00	0.00e+00	0.00e+00	0.00e+00
