#depth	C	C+	C+2	C+3	C+4	C+5	C+6	C[1]	C[2]	C[3]	C+[1]	C+[2]	CO
 1.49634e+10	7.11e-45	7.01e-34	8.77e-24	2.51e-14	3.76e-04	5.11e-01	4.88e-01	0.00e+00	0.00e+00	0.00e+00	0.00e+00	0.00e+00	1.17e-142
 4.54887e+10	0.00e+00	1.00e-33	1.16e-23	3.06e-14	4.23e-04	5.31e-01	4.68e-01	0.00e+00	0.00e+00	0.00e+00	0.00e+00	0.00e+00	8.82e-209
 7.72350e+10	1.70e-44	1.43e-33	1.53e-23	3.72e-14	4.76e-04	5.51e-01	4.49e-01	0.00e+00	0.00e+00	0.00e+00	0.00e+00	0.00e+00	1.15e-141
 1.10251e+11	0.00e+00	2.04e-33	2.01e-23	4.53e-14	5.35e-04	5.70e-01	4.29e-01	0.00e+00	0.00e+00	0.00e+00	0.00e+00	0.00e+00	3.30e-208
 1.44588e+11	4.05e-44	2.90e-33	2.65e-23	5.51e-14	6.01e-04	5.90e-01	4.10e-01	0.00e+00	0.00e+00	0.00e+00	0.00e+00	0.00e+00	1.13e-140
 1.80298e+11	0.00e+00	4.14e-33	3.48e-23	6.69e-14	6.74e-04	6.09e-01	3.91e-01	0.00e+00	0.00e+00	0.00e+00	0.00e+00	0.00e+00	1.21e-207
 2.17437e+11	9.61e-44	5.88e-33	4.57e-23	8.11e-14	7.55e-04	6.27e-01	3.72e-01	0.00e+00	0.00e+00	0.00e+00	0.00e+00	0.00e+00	1.11e-139
 2.56061e+11	0.00e+00	8.36e-33	6.00e-23	9.82e-14	8.44e-04	6.46e-01	3.53e-01	0.00e+00	0.00e+00	0.00e+00	0.00e+00	0.00e+00	4.41e-207
 2.96231e+11	2.27e-43	1.19e-32	7.86e-23	1.19e-13	9.43e-04	6.64e-01	3.35e-01	0.00e+00	0.00e+00	0.00e+00	0.00e+00	0.00e+00	1.08e-138
 3.35540e+11	0.00e+00	1.65e-32	1.01e-22	1.42e-13	1.05e-03	6.80e-01	3.19e-01	0.00e+00	0.00e+00	0.00e+00	0.00e+00	0.00e+00	1.60e-206
 3.71890e+11	4.89e-43	2.21e-32	1.27e-22	1.67e-13	1.15e-03	6.95e-01	3.04e-01	0.00e+00	0.00e+00	0.00e+00	0.00e+00	0.00e+00	8.29e-138
 4.12162e+11	0.00e+00	3.03e-32	1.62e-22	1.98e-13	1.26e-03	7.10e-01	2.89e-01	0.00e+00	0.00e+00	0.00e+00	0.00e+00	0.00e+00	4.91e-206
 4.58575e+11	1.10e-42	4.29e-32	2.12e-22	2.38e-13	1.41e-03	7.26e-01	2.73e-01	0.00e+00	0.00e+00	0.00e+00	0.00e+00	0.00e+00	7.27e-137
 5.04193e+11	0.00e+00	5.96e-32	2.73e-22	2.84e-13	1.56e-03	7.40e-01	2.58e-01	0.00e+00	0.00e+00	0.00e+00	0.00e+00	0.00e+00	1.50e-205
 5.51634e+11	2.48e-42	8.29e-32	3.51e-22	3.39e-13	1.72e-03	7.55e-01	2.44e-01	0.00e+00	0.00e+00	0.00e+00	0.00e+00	0.00e+00	6.32e-136
 6.03626e+11	0.00e+00	1.17e-31	4.59e-22	4.09e-13	1.91e-03	7.69e-01	2.29e-01	0.00e+00	0.00e+00	0.00e+00	0.00e+00	0.00e+00	4.21e-205
 6.56374e+11	5.77e-42	1.64e-31	5.94e-22	4.89e-13	2.11e-03	7.82e-01	2.16e-01	0.00e+00	0.00e+00	0.00e+00	0.00e+00	0.00e+00	6.05e-135
 7.11232e+11	0.00e+00	2.31e-31	7.71e-22	5.86e-13	2.34e-03	7.95e-01	2.02e-01	0.00e+00	0.00e+00	0.00e+00	0.00e+00	0.00e+00	1.07e-204
 7.69608e+11	1.34e-41	3.26e-31	1.01e-21	7.05e-13	2.59e-03	8.08e-01	1.90e-01	0.00e+00	0.00e+00	0.00e+00	0.00e+00	0.00e+00	5.81e-134
 8.30320e+11	0.00e+00	4.61e-31	1.31e-21	8.47e-13	2.87e-03	8.20e-01	1.77e-01	0.00e+00	0.00e+00	0.00e+00	0.00e+00	0.00e+00	1.30e-204
 8.93459e+11	3.16e-41	6.52e-31	1.71e-21	1.02e-12	3.18e-03	8.31e-01	1.66e-01	0.00e+00	0.00e+00	0.00e+00	0.00e+00	0.00e+00	5.76e-133
 9.59124e+11	0.00e+00	9.23e-31	2.23e-21	1.22e-12	3.52e-03	8.42e-01	1.55e-01	0.00e+00	0.00e+00	0.00e+00	0.00e+00	0.00e+00	0.00e+00
 1.02742e+12	7.45e-41	1.31e-30	2.91e-21	1.47e-12	3.90e-03	8.52e-01	1.44e-01	0.00e+00	0.00e+00	0.00e+00	0.00e+00	0.00e+00	5.73e-132
 1.09844e+12	0.00e+00	1.85e-30	3.79e-21	1.77e-12	4.31e-03	8.61e-01	1.35e-01	0.00e+00	0.00e+00	0.00e+00	0.00e+00	0.00e+00	0.00e+00
 1.17230e+12	1.76e-40	2.62e-30	4.95e-21	2.12e-12	4.77e-03	8.70e-01	1.25e-01	0.00e+00	0.00e+00	0.00e+00	0.00e+00	0.00e+00	5.74e-131
 1.24183e+12	0.00e+00	3.59e-30	6.30e-21	2.50e-12	5.22e-03	8.78e-01	1.17e-01	0.00e+00	0.00e+00	0.00e+00	0.00e+00	0.00e+00	0.00e+00
 1.30411e+12	3.64e-40	4.72e-30	7.77e-21	2.89e-12	5.65e-03	8.84e-01	1.11e-01	0.00e+00	0.00e+00	0.00e+00	0.00e+00	0.00e+00	4.05e-130
 1.37405e+12	0.00e+00	6.36e-30	9.76e-21	3.38e-12	6.15e-03	8.90e-01	1.04e-01	0.00e+00	0.00e+00	0.00e+00	0.00e+00	0.00e+00	0.00e+00
 1.45682e+12	8.05e-40	8.96e-30	1.27e-20	4.05e-12	6.78e-03	8.97e-01	9.64e-02	0.00e+00	0.00e+00	0.00e+00	0.00e+00	0.00e+00	3.39e-129
 1.53957e+12	0.00e+00	1.24e-29	1.63e-20	4.81e-12	7.45e-03	9.03e-01	8.98e-02	0.00e+00	0.00e+00	0.00e+00	0.00e+00	0.00e+00	0.00e+00
 1.61739e+12	1.75e-39	1.68e-29	2.05e-20	5.63e-12	8.11e-03	9.08e-01	8.41e-02	0.00e+00	0.00e+00	0.00e+00	0.00e+00	0.00e+00	2.72e-128
 1.70376e+12	0.00e+00	2.32e-29	2.62e-20	6.66e-12	8.88e-03	9.13e-01	7.83e-02	0.00e+00	0.00e+00	0.00e+00	0.00e+00	0.00e+00	0.00e+00
 1.80184e+12	4.03e-39	3.30e-29	3.43e-20	8.02e-12	9.82e-03	9.18e-01	7.24e-02	0.00e+00	0.00e+00	0.00e+00	0.00e+00	0.00e+00	2.54e-127
 1.89968e+12	0.00e+00	4.63e-29	4.45e-20	9.58e-12	1.08e-02	9.22e-01	6.70e-02	0.00e+00	0.00e+00	0.00e+00	0.00e+00	0.00e+00	0.00e+00
 2.00144e+12	9.36e-39	6.51e-29	5.76e-20	1.14e-11	1.19e-02	9.26e-01	6.21e-02	0.00e+00	0.00e+00	0.00e+00	0.00e+00	0.00e+00	2.41e-126
 2.11143e+12	0.00e+00	9.29e-29	7.57e-20	1.38e-11	1.31e-02	9.30e-01	5.72e-02	0.00e+00	0.00e+00	0.00e+00	0.00e+00	0.00e+00	0.00e+00
 2.22581e+12	2.26e-38	1.33e-28	9.93e-20	1.66e-11	1.45e-02	9.33e-01	5.27e-02	0.00e+00	0.00e+00	0.00e+00	0.00e+00	0.00e+00	2.53e-125
 2.33372e+12	0.00e+00	1.84e-28	1.27e-19	1.97e-11	1.59e-02	9.35e-01	4.89e-02	0.00e+00	0.00e+00	0.00e+00	0.00e+00	0.00e+00	0.00e+00
 2.43081e+12	4.78e-38	2.43e-28	1.58e-19	2.28e-11	1.72e-02	9.37e-01	4.58e-02	0.00e+00	0.00e+00	0.00e+00	0.00e+00	0.00e+00	1.88e-124
 2.54008e+12	0.00e+00	3.32e-28	2.00e-19	2.68e-11	1.87e-02	9.39e-01	4.25e-02	0.00e+00	0.00e+00	0.00e+00	0.00e+00	0.00e+00	0.00e+00
 2.66884e+12	1.08e-37	4.71e-28	2.61e-19	3.21e-11	2.06e-02	9.40e-01	3.92e-02	0.00e+00	0.00e+00	0.00e+00	0.00e+00	0.00e+00	1.66e-123
 2.79748e+12	0.00e+00	6.60e-28	3.38e-19	3.83e-11	2.26e-02	9.41e-01	3.61e-02	0.00e+00	0.00e+00	0.00e+00	0.00e+00	0.00e+00	0.00e+00
 2.91882e+12	2.43e-37	9.04e-28	4.30e-19	4.51e-11	2.46e-02	9.42e-01	3.35e-02	0.00e+00	0.00e+00	0.00e+00	0.00e+00	0.00e+00	1.42e-122
 3.05305e+12	0.00e+00	1.26e-27	5.54e-19	5.36e-11	2.69e-02	9.42e-01	3.09e-02	0.00e+00	0.00e+00	0.00e+00	0.00e+00	0.00e+00	0.00e+00
 3.20510e+12	5.74e-37	1.81e-27	7.31e-19	6.47e-11	2.97e-02	9.42e-01	2.83e-02	0.00e+00	0.00e+00	0.00e+00	0.00e+00	0.00e+00	1.39e-121
 3.35550e+12	0.00e+00	2.56e-27	9.52e-19	7.75e-11	3.27e-02	9.41e-01	2.60e-02	0.00e+00	0.00e+00	0.00e+00	0.00e+00	0.00e+00	0.00e+00
 3.51192e+12	1.36e-36	3.63e-27	1.24e-18	9.28e-11	3.59e-02	9.40e-01	2.38e-02	0.00e+00	0.00e+00	0.00e+00	0.00e+00	0.00e+00	1.36e-120
 3.68232e+12	0.00e+00	5.20e-27	1.64e-18	1.12e-10	3.95e-02	9.39e-01	2.18e-02	0.00e+00	0.00e+00	0.00e+00	0.00e+00	0.00e+00	0.00e+00
 3.85550e+12	3.32e-36	7.48e-27	2.16e-18	1.35e-10	4.35e-02	9.37e-01	1.99e-02	0.00e+00	0.00e+00	0.00e+00	0.00e+00	0.00e+00	1.46e-119
 4.03560e+12	0.00e+00	1.07e-26	2.84e-18	1.63e-10	4.79e-02	9.34e-01	1.81e-02	0.00e+00	0.00e+00	0.00e+00	0.00e+00	0.00e+00	0.00e+00
 4.21963e+12	8.00e-36	1.52e-26	3.72e-18	1.95e-10	5.25e-02	9.31e-01	1.65e-02	0.00e+00	0.00e+00	0.00e+00	0.00e+00	0.00e+00	1.50e-118
 4.41102e+12	0.00e+00	2.17e-26	4.88e-18	2.34e-10	5.76e-02	9.27e-01	1.51e-02	0.00e+00	0.00e+00	0.00e+00	0.00e+00	0.00e+00	0.00e+00
 4.61739e+12	1.95e-35	3.13e-26	6.47e-18	2.84e-10	6.35e-02	9.23e-01	1.37e-02	0.00e+00	0.00e+00	0.00e+00	0.00e+00	0.00e+00	1.58e-117
 4.83201e+12	0.00e+00	4.53e-26	8.57e-18	3.43e-10	6.98e-02	9.18e-01	1.24e-02	0.00e+00	0.00e+00	0.00e+00	0.00e+00	0.00e+00	0.00e+00
 5.05522e+12	4.84e-35	6.53e-26	1.14e-17	4.15e-10	7.68e-02	9.12e-01	1.12e-02	0.00e+00	0.00e+00	0.00e+00	0.00e+00	0.00e+00	1.75e-116
 5.28736e+12	7.62e-35	9.43e-26	1.51e-17	5.02e-10	8.43e-02	9.06e-01	1.02e-02	0.00e+00	0.00e+00	0.00e+00	0.00e+00	0.00e+00	0.00e+00
 5.52878e+12	1.20e-34	1.36e-25	2.00e-17	6.07e-10	9.26e-02	8.98e-01	9.17e-03	0.00e+00	0.00e+00	0.00e+00	0.00e+00	0.00e+00	1.91e-115
 5.74734e+12	1.78e-34	1.87e-25	2.55e-17	7.16e-10	1.00e-01	8.91e-01	8.38e-03	0.00e+00	0.00e+00	0.00e+00	0.00e+00	0.00e+00	8.95e-98
 5.92978e+12	2.43e-34	2.41e-25	3.10e-17	8.16e-10	1.07e-01	8.85e-01	7.80e-03	0.00e+00	0.00e+00	0.00e+00	0.00e+00	0.00e+00	0.00e+00
 6.12981e+12	3.42e-34	3.18e-25	3.84e-17	9.42e-10	1.15e-01	8.78e-01	7.20e-03	0.00e+00	0.00e+00	0.00e+00	0.00e+00	0.00e+00	3.07e-114
 6.38269e+12	5.17e-34	4.45e-25	4.96e-17	1.12e-09	1.25e-01	8.69e-01	6.52e-03	0.00e+00	0.00e+00	0.00e+00	0.00e+00	0.00e+00	9.70e-97
 6.64619e+12	7.81e-34	6.21e-25	6.43e-17	1.33e-09	1.35e-01	8.59e-01	5.90e-03	0.00e+00	0.00e+00	0.00e+00	0.00e+00	0.00e+00	0.00e+00
 6.87144e+12	1.10e-33	8.18e-25	7.94e-17	1.54e-09	1.45e-01	8.50e-01	5.43e-03	0.00e+00	0.00e+00	0.00e+00	0.00e+00	0.00e+00	6.71e-113
 7.10504e+12	1.54e-33	1.08e-24	9.81e-17	1.77e-09	1.55e-01	8.40e-01	4.99e-03	0.00e+00	0.00e+00	0.00e+00	0.00e+00	0.00e+00	1.10e-95
 7.39678e+12	2.31e-33	1.50e-24	1.27e-16	2.10e-09	1.67e-01	8.28e-01	4.50e-03	0.00e+00	0.00e+00	0.00e+00	0.00e+00	0.00e+00	0.00e+00
 7.69257e+12	3.43e-33	2.07e-24	1.62e-16	2.48e-09	1.81e-01	8.15e-01	4.06e-03	0.00e+00	0.00e+00	0.00e+00	0.00e+00	0.00e+00	1.40e-111
 7.94936e+12	4.77e-33	2.70e-24	2.00e-16	2.84e-09	1.92e-01	8.04e-01	3.72e-03	0.00e+00	0.00e+00	0.00e+00	0.00e+00	0.00e+00	1.37e-94
 8.22699e+12	6.72e-33	3.56e-24	2.47e-16	3.28e-09	2.05e-01	7.92e-01	3.40e-03	0.00e+00	0.00e+00	0.00e+00	0.00e+00	0.00e+00	8.48e-111
 8.56655e+12	1.00e-32	4.93e-24	3.18e-16	3.88e-09	2.21e-01	7.76e-01	3.04e-03	0.00e+00	0.00e+00	0.00e+00	0.00e+00	0.00e+00	7.25e-94
 8.91276e+12	1.48e-32	6.77e-24	4.06e-16	4.56e-09	2.37e-01	7.60e-01	2.73e-03	0.00e+00	0.00e+00	0.00e+00	0.00e+00	0.00e+00	7.17e-110
 9.22878e+12	2.09e-32	8.93e-24	5.03e-16	5.25e-09	2.52e-01	7.45e-01	2.47e-03	0.00e+00	0.00e+00	0.00e+00	0.00e+00	0.00e+00	3.74e-93
 9.57942e+12	3.00e-32	1.20e-23	6.31e-16	6.10e-09	2.69e-01	7.29e-01	2.23e-03	0.00e+00	0.00e+00	0.00e+00	0.00e+00	0.00e+00	4.84e-109
 9.98812e+12	4.48e-32	1.66e-23	8.12e-16	7.20e-09	2.89e-01	7.09e-01	1.98e-03	0.00e+00	0.00e+00	0.00e+00	0.00e+00	0.00e+00	2.10e-92
 1.03932e+13	6.56e-32	2.26e-23	1.03e-15	8.41e-09	3.08e-01	6.90e-01	1.76e-03	0.00e+00	0.00e+00	0.00e+00	0.00e+00	0.00e+00	4.14e-108
 1.07799e+13	9.27e-32	2.99e-23	1.28e-15	9.68e-09	3.26e-01	6.72e-01	1.58e-03	0.00e+00	0.00e+00	0.00e+00	0.00e+00	0.00e+00	1.09e-91
 1.12064e+13	1.33e-31	4.01e-23	1.60e-15	1.12e-08	3.46e-01	6.53e-01	1.41e-03	0.00e+00	0.00e+00	0.00e+00	0.00e+00	0.00e+00	2.96e-107
 1.16846e+13	1.97e-31	5.49e-23	2.04e-15	1.31e-08	3.68e-01	6.31e-01	1.24e-03	0.00e+00	0.00e+00	0.00e+00	0.00e+00	0.00e+00	6.15e-91
 1.21648e+13	2.86e-31	7.41e-23	2.56e-15	1.52e-08	3.89e-01	6.09e-01	1.10e-03	0.00e+00	0.00e+00	0.00e+00	0.00e+00	0.00e+00	2.49e-106
 1.25949e+13	3.93e-31	9.58e-23	3.12e-15	1.72e-08	4.08e-01	5.91e-01	9.84e-04	0.00e+00	0.00e+00	0.00e+00	0.00e+00	0.00e+00	3.03e-90
 1.29594e+13	5.09e-31	1.18e-22	3.65e-15	1.91e-08	4.24e-01	5.75e-01	9.00e-04	0.00e+00	0.00e+00	0.00e+00	0.00e+00	0.00e+00	1.27e-105
 1.33523e+13	6.66e-31	1.47e-22	4.31e-15	2.12e-08	4.40e-01	5.59e-01	8.19e-04	0.00e+00	0.00e+00	0.00e+00	0.00e+00	0.00e+00	1.04e-89
 1.38609e+13	9.32e-31	1.92e-22	5.28e-15	2.41e-08	4.61e-01	5.38e-01	7.27e-04	0.00e+00	0.00e+00	0.00e+00	0.00e+00	0.00e+00	7.15e-105
 1.43913e+13	1.30e-30	2.51e-22	6.48e-15	2.74e-08	4.82e-01	5.17e-01	6.43e-04	0.00e+00	0.00e+00	0.00e+00	0.00e+00	0.00e+00	5.02e-89
 1.48454e+13	1.71e-30	3.12e-22	7.65e-15	3.05e-08	5.00e-01	5.00e-01	5.81e-04	0.00e+00	0.00e+00	0.00e+00	0.00e+00	0.00e+00	4.13e-104
 1.53289e+13	2.27e-30	3.91e-22	9.06e-15	3.39e-08	5.17e-01	4.82e-01	5.23e-04	0.00e+00	0.00e+00	0.00e+00	0.00e+00	0.00e+00	1.88e-88
 1.59292e+13	3.17e-30	5.11e-22	1.11e-14	3.84e-08	5.39e-01	4.61e-01	4.60e-04	0.00e+00	0.00e+00	0.00e+00	0.00e+00	0.00e+00	2.48e-103
 1.65462e+13	4.41e-30	6.65e-22	1.35e-14	4.34e-08	5.60e-01	4.40e-01	4.04e-04	0.00e+00	0.00e+00	0.00e+00	0.00e+00	0.00e+00	9.21e-88
 1.71012e+13	5.86e-30	8.33e-22	1.60e-14	4.81e-08	5.77e-01	4.22e-01	3.61e-04	0.00e+00	0.00e+00	0.00e+00	0.00e+00	0.00e+00	1.50e-102
 1.77110e+13	7.91e-30	1.06e-21	1.91e-14	5.36e-08	5.96e-01	4.04e-01	3.20e-04	0.00e+00	0.00e+00	0.00e+00	0.00e+00	0.00e+00	3.78e-87
 1.83779e+13	1.08e-29	1.36e-21	2.30e-14	6.01e-08	6.15e-01	3.84e-01	2.81e-04	0.00e+00	0.00e+00	0.00e+00	0.00e+00	0.00e+00	9.30e-102
 1.89852e+13	1.42e-29	1.69e-21	2.71e-14	6.63e-08	6.32e-01	3.68e-01	2.51e-04	0.00e+00	0.00e+00	0.00e+00	0.00e+00	0.00e+00	1.58e-86
 1.96408e+13	1.90e-29	2.11e-21	3.20e-14	7.33e-08	6.49e-01	3.51e-01	2.23e-04	0.00e+00	0.00e+00	0.00e+00	0.00e+00	0.00e+00	4.97e-101
 2.03765e+13	2.58e-29	2.70e-21	3.83e-14	8.16e-08	6.67e-01	3.33e-01	1.95e-04	0.00e+00	0.00e+00	0.00e+00	0.00e+00	0.00e+00	6.83e-86
 2.10730e+13	3.41e-29	3.36e-21	4.50e-14	8.99e-08	6.83e-01	3.17e-01	1.73e-04	0.00e+00	0.00e+00	0.00e+00	0.00e+00	0.00e+00	2.92e-100
 2.18349e+13	4.57e-29	4.24e-21	5.34e-14	9.94e-08	7.00e-01	3.00e-01	1.52e-04	0.00e+00	0.00e+00	0.00e+00	0.00e+00	0.00e+00	2.84e-85
 2.26787e+13	6.25e-29	5.42e-21	6.39e-14	1.11e-07	7.16e-01	2.83e-01	1.32e-04	0.00e+00	0.00e+00	0.00e+00	0.00e+00	0.00e+00	1.85e-99
 2.34634e+13	8.26e-29	6.74e-21	7.50e-14	1.21e-07	7.31e-01	2.69e-01	1.17e-04	0.00e+00	0.00e+00	0.00e+00	0.00e+00	0.00e+00	1.25e-84
 2.43181e+13	1.11e-28	8.48e-21	8.86e-14	1.34e-07	7.46e-01	2.54e-01	1.02e-04	0.00e+00	0.00e+00	0.00e+00	0.00e+00	0.00e+00	1.07e-98
 2.52753e+13	1.51e-28	1.08e-20	1.06e-13	1.48e-07	7.61e-01	2.38e-01	8.84e-05	0.00e+00	0.00e+00	0.00e+00	0.00e+00	0.00e+00	5.74e-84
 2.61808e+13	2.01e-28	1.36e-20	1.25e-13	1.63e-07	7.75e-01	2.25e-01	7.75e-05	0.00e+00	0.00e+00	0.00e+00	0.00e+00	0.00e+00	6.81e-98
 2.71594e+13	2.71e-28	1.71e-20	1.47e-13	1.79e-07	7.88e-01	2.12e-01	6.74e-05	0.00e+00	0.00e+00	0.00e+00	0.00e+00	0.00e+00	2.53e-83
 2.82499e+13	3.72e-28	2.19e-20	1.76e-13	1.98e-07	8.02e-01	1.98e-01	5.80e-05	0.00e+00	0.00e+00	0.00e+00	0.00e+00	0.00e+00	4.58e-97
 2.92992e+13	4.98e-28	2.74e-20	2.07e-13	2.17e-07	8.14e-01	1.86e-01	5.05e-05	0.00e+00	0.00e+00	0.00e+00	0.00e+00	0.00e+00	1.20e-82
 3.04164e+13	6.72e-28	3.46e-20	2.45e-13	2.39e-07	8.26e-01	1.74e-01	4.37e-05	0.00e+00	0.00e+00	0.00e+00	0.00e+00	0.00e+00	2.93e-96
 3.16630e+13	9.26e-28	4.44e-20	2.93e-13	2.64e-07	8.37e-01	1.62e-01	3.74e-05	0.00e+00	0.00e+00	0.00e+00	0.00e+00	0.00e+00	5.95e-82
 3.29115e+13	1.26e-27	5.64e-20	3.47e-13	2.90e-07	8.48e-01	1.52e-01	3.22e-05	0.00e+00	0.00e+00	0.00e+00	0.00e+00	0.00e+00	2.12e-95
 3.42100e+13	1.71e-27	7.15e-20	4.10e-13	3.18e-07	8.58e-01	1.42e-01	2.78e-05	0.00e+00	0.00e+00	0.00e+00	0.00e+00	0.00e+00	2.96e-81
 3.56083e+13	2.35e-27	9.14e-20	4.88e-13	3.50e-07	8.68e-01	1.32e-01	2.37e-05	0.00e+00	0.00e+00	0.00e+00	0.00e+00	0.00e+00	1.53e-94
 3.70626e+13	3.23e-27	1.17e-19	5.80e-13	3.85e-07	8.78e-01	1.22e-01	2.03e-05	0.00e+00	0.00e+00	0.00e+00	0.00e+00	0.00e+00	1.55e-80
 3.84919e+13	4.36e-27	1.47e-19	6.83e-13	4.21e-07	8.86e-01	1.14e-01	1.75e-05	0.00e+00	0.00e+00	0.00e+00	0.00e+00	0.00e+00	1.09e-93
 3.98251e+13	5.70e-27	1.81e-19	7.89e-13	4.56e-07	8.93e-01	1.07e-01	1.53e-05	0.00e+00	0.00e+00	0.00e+00	0.00e+00	0.00e+00	6.93e-80
 4.10306e+13	7.21e-27	2.16e-19	8.96e-13	4.88e-07	8.99e-01	1.01e-01	1.36e-05	0.00e+00	0.00e+00	0.00e+00	0.00e+00	0.00e+00	5.44e-93
 4.23188e+13	9.21e-27	2.61e-19	1.02e-12	5.23e-07	9.04e-01	9.57e-02	1.21e-05	0.00e+00	0.00e+00	0.00e+00	0.00e+00	0.00e+00	2.47e-79
 4.39229e+13	1.23e-26	3.27e-19	1.19e-12	5.69e-07	9.11e-01	8.92e-02	1.04e-05	0.00e+00	0.00e+00	0.00e+00	0.00e+00	0.00e+00	3.04e-92
 4.55275e+13	1.64e-26	4.06e-19	1.39e-12	6.17e-07	9.17e-01	8.34e-02	9.04e-06	0.00e+00	0.00e+00	0.00e+00	0.00e+00	0.00e+00	1.14e-78
 4.69011e+13	2.07e-26	4.85e-19	1.57e-12	6.59e-07	9.21e-01	7.88e-02	8.04e-06	0.00e+00	0.00e+00	0.00e+00	0.00e+00	0.00e+00	1.60e-91
 4.83844e+13	2.65e-26	5.86e-19	1.79e-12	7.06e-07	9.26e-01	7.43e-02	7.12e-06	0.00e+00	0.00e+00	0.00e+00	0.00e+00	0.00e+00	4.12e-78
 5.02222e+13	3.55e-26	7.33e-19	2.09e-12	7.67e-07	9.31e-01	6.92e-02	6.14e-06	0.00e+00	0.00e+00	0.00e+00	0.00e+00	0.00e+00	9.06e-91
 5.20678e+13	4.72e-26	9.10e-19	2.43e-12	8.30e-07	9.35e-01	6.46e-02	5.32e-06	0.00e+00	0.00e+00	0.00e+00	0.00e+00	0.00e+00	1.94e-77
 5.36614e+13	5.99e-26	1.09e-18	2.75e-12	8.86e-07	9.39e-01	6.10e-02	4.73e-06	0.00e+00	0.00e+00	0.00e+00	0.00e+00	0.00e+00	4.88e-90
 5.53804e+13	7.68e-26	1.32e-18	3.13e-12	9.48e-07	9.43e-01	5.74e-02	4.18e-06	0.00e+00	0.00e+00	0.00e+00	0.00e+00	0.00e+00	7.20e-77
 5.74941e+13	1.03e-25	1.65e-18	3.65e-12	1.03e-06	9.47e-01	5.34e-02	3.60e-06	0.00e+00	0.00e+00	0.00e+00	0.00e+00	0.00e+00	1.59e-76
 5.96255e+13	1.38e-25	2.05e-18	4.24e-12	1.11e-06	9.50e-01	4.98e-02	3.12e-06	0.00e+00	0.00e+00	0.00e+00	0.00e+00	0.00e+00	3.46e-76
 6.15110e+13	1.76e-25	2.47e-18	4.81e-12	1.19e-06	9.53e-01	4.69e-02	2.76e-06	0.00e+00	0.00e+00	0.00e+00	0.00e+00	0.00e+00	6.75e-76
 6.35721e+13	2.28e-25	3.01e-18	5.51e-12	1.27e-06	9.56e-01	4.40e-02	2.42e-06	0.00e+00	0.00e+00	0.00e+00	0.00e+00	0.00e+00	1.37e-75
 6.60468e+13	3.09e-25	3.79e-18	6.44e-12	1.38e-06	9.59e-01	4.09e-02	2.08e-06	0.00e+00	0.00e+00	0.00e+00	0.00e+00	0.00e+00	3.09e-75
 6.85139e+13	4.13e-25	4.71e-18	7.47e-12	1.49e-06	9.62e-01	3.81e-02	1.80e-06	0.00e+00	0.00e+00	0.00e+00	0.00e+00	0.00e+00	6.80e-75
 7.07570e+13	5.33e-25	5.72e-18	8.51e-12	1.59e-06	9.64e-01	3.58e-02	1.59e-06	0.00e+00	0.00e+00	0.00e+00	0.00e+00	0.00e+00	1.36e-74
 7.32540e+13	7.01e-25	7.03e-18	9.79e-12	1.71e-06	9.67e-01	3.35e-02	1.38e-06	0.00e+00	0.00e+00	0.00e+00	0.00e+00	0.00e+00	2.87e-74
 7.61736e+13	9.55e-25	8.89e-18	1.15e-11	1.86e-06	9.69e-01	3.10e-02	1.19e-06	0.00e+00	0.00e+00	0.00e+00	0.00e+00	0.00e+00	6.66e-74
 7.90536e+13	1.28e-24	1.11e-17	1.33e-11	2.00e-06	9.71e-01	2.88e-02	1.02e-06	0.00e+00	0.00e+00	0.00e+00	0.00e+00	0.00e+00	1.49e-73
 8.17723e+13	1.68e-24	1.36e-17	1.53e-11	2.15e-06	9.73e-01	2.70e-02	8.96e-07	0.00e+00	0.00e+00	0.00e+00	0.00e+00	0.00e+00	3.09e-73
 8.47968e+13	2.23e-24	1.69e-17	1.77e-11	2.31e-06	9.75e-01	2.52e-02	0.00e+00	0.00e+00	0.00e+00	0.00e+00	0.00e+00	0.00e+00	6.77e-73
 8.82186e+13	3.06e-24	2.14e-17	2.07e-11	2.51e-06	9.77e-01	2.33e-02	0.00e+00	0.00e+00	0.00e+00	0.00e+00	0.00e+00	0.00e+00	1.59e-72
 9.16473e+13	4.13e-24	2.68e-17	2.42e-11	2.71e-06	9.78e-01	2.16e-02	0.00e+00	0.00e+00	0.00e+00	0.00e+00	0.00e+00	0.00e+00	3.63e-72
 9.52132e+13	5.59e-24	3.37e-17	2.82e-11	2.93e-06	9.80e-01	2.00e-02	0.00e+00	0.00e+00	0.00e+00	0.00e+00	0.00e+00	0.00e+00	8.30e-72
 9.90516e+13	7.65e-24	4.26e-17	3.30e-11	3.18e-06	9.81e-01	1.85e-02	0.00e+00	0.00e+00	0.00e+00	0.00e+00	0.00e+00	0.00e+00	1.95e-71
 1.02763e+14	1.02e-23	5.31e-17	3.83e-11	3.43e-06	9.83e-01	1.72e-02	0.00e+00	0.00e+00	0.00e+00	0.00e+00	1.70e-17	3.61e-17	4.32e-71
 1.06247e+14	1.33e-23	6.48e-17	4.38e-11	3.67e-06	9.84e-01	1.61e-02	0.00e+00	0.00e+00	0.00e+00	0.00e+00	2.15e-17	4.33e-17	8.90e-71
 1.10149e+14	1.77e-23	8.03e-17	5.06e-11	3.95e-06	9.85e-01	1.50e-02	0.00e+00	0.00e+00	0.00e+00	0.00e+00	2.67e-17	5.37e-17	1.94e-70
 1.14087e+14	2.34e-23	9.90e-17	5.83e-11	4.24e-06	9.86e-01	1.40e-02	0.00e+00	0.00e+00	0.00e+00	0.00e+00	3.29e-17	6.62e-17	4.14e-70
 1.17348e+14	2.92e-23	1.17e-16	6.52e-11	4.49e-06	9.87e-01	1.33e-02	0.00e+00	0.00e+00	0.00e+00	0.00e+00	3.89e-17	7.83e-17	7.61e-70
 1.20793e+14	3.67e-23	1.39e-16	7.33e-11	4.76e-06	9.87e-01	1.25e-02	0.00e+00	0.00e+00	0.00e+00	0.00e+00	4.62e-17	9.30e-17	1.42e-69
 1.25210e+14	4.88e-23	1.72e-16	8.46e-11	5.13e-06	9.88e-01	1.16e-02	0.00e+00	0.00e+00	0.00e+00	0.00e+00	5.72e-17	1.15e-16	3.08e-69
 1.29850e+14	6.50e-23	2.14e-16	9.80e-11	5.53e-06	9.89e-01	1.08e-02	0.00e+00	0.00e+00	0.00e+00	0.00e+00	7.10e-17	1.43e-16	6.71e-69
 1.33936e+14	8.30e-23	2.57e-16	1.11e-10	5.89e-06	9.90e-01	1.02e-02	0.00e+00	0.00e+00	0.00e+00	0.00e+00	8.54e-17	1.72e-16	1.32e-68
 1.38344e+14	1.07e-22	3.12e-16	1.27e-10	6.29e-06	9.90e-01	9.53e-03	0.00e+00	0.00e+00	0.00e+00	0.00e+00	1.04e-16	2.09e-16	2.63e-68
 1.43668e+14	1.44e-22	3.91e-16	1.47e-10	6.80e-06	9.91e-01	8.83e-03	0.00e+00	0.00e+00	0.00e+00	0.00e+00	1.30e-16	2.61e-16	5.89e-68
 1.49076e+14	1.93e-22	4.87e-16	1.71e-10	7.34e-06	9.92e-01	8.20e-03	0.00e+00	0.00e+00	0.00e+00	0.00e+00	1.61e-16	3.25e-16	1.30e-67
 1.54119e+14	2.50e-22	5.93e-16	1.96e-10	7.86e-06	9.92e-01	7.66e-03	0.00e+00	0.00e+00	0.00e+00	0.00e+00	1.97e-16	3.96e-16	2.65e-67
 1.59732e+14	3.31e-22	7.34e-16	2.26e-10	8.46e-06	9.93e-01	7.13e-03	0.00e+00	0.00e+00	0.00e+00	0.00e+00	2.43e-16	4.90e-16	5.68e-67
 1.65714e+14	4.43e-22	9.13e-16	2.62e-10	9.13e-06	9.93e-01	6.61e-03	0.00e+00	0.00e+00	0.00e+00	0.00e+00	3.03e-16	6.10e-16	1.25e-66
 1.71031e+14	5.67e-22	1.10e-15	2.98e-10	9.74e-06	9.94e-01	6.20e-03	0.00e+00	0.00e+00	0.00e+00	0.00e+00	3.65e-16	7.36e-16	2.45e-66
 1.76742e+14	7.34e-22	1.34e-15	3.41e-10	1.04e-05	9.94e-01	5.80e-03	0.00e+00	0.00e+00	0.00e+00	0.00e+00	4.44e-16	8.95e-16	4.92e-66
 1.83584e+14	9.88e-22	1.68e-15	3.98e-10	1.13e-05	9.95e-01	5.36e-03	0.00e+00	0.00e+00	0.00e+00	0.00e+00	5.57e-16	1.12e-15	1.10e-65
 1.90311e+14	1.31e-21	2.08e-15	4.60e-10	1.22e-05	9.95e-01	4.98e-03	0.00e+00	0.00e+00	0.00e+00	0.00e+00	6.89e-16	1.39e-15	2.37e-65
 1.96295e+14	1.67e-21	2.50e-15	5.21e-10	1.30e-05	9.95e-01	4.68e-03	0.00e+00	0.00e+00	0.00e+00	0.00e+00	8.28e-16	1.67e-15	4.59e-65
 2.02897e+14	2.16e-21	3.04e-15	5.97e-10	1.39e-05	9.96e-01	4.37e-03	0.00e+00	0.00e+00	0.00e+00	0.00e+00	1.01e-15	2.03e-15	9.27e-65
 2.10776e+14	2.91e-21	3.81e-15	6.97e-10	1.51e-05	9.96e-01	4.04e-03	0.00e+00	0.00e+00	0.00e+00	0.00e+00	1.26e-15	2.55e-15	2.07e-64
 2.18595e+14	3.88e-21	4.73e-15	8.07e-10	1.62e-05	9.96e-01	3.75e-03	0.00e+00	0.00e+00	0.00e+00	0.00e+00	1.57e-15	3.16e-15	4.52e-64
 2.25732e+14	4.98e-21	5.73e-15	9.20e-10	1.74e-05	9.96e-01	3.51e-03	0.00e+00	0.00e+00	0.00e+00	0.00e+00	1.90e-15	3.83e-15	8.93e-64
 2.33698e+14	6.53e-21	7.03e-15	1.06e-09	1.86e-05	9.97e-01	3.27e-03	0.00e+00	0.00e+00	0.00e+00	0.00e+00	2.33e-15	4.70e-15	1.87e-63
 2.42980e+14	8.84e-21	8.86e-15	1.24e-09	2.02e-05	9.97e-01	3.02e-03	0.00e+00	0.00e+00	0.00e+00	0.00e+00	2.94e-15	5.92e-15	4.26e-63
 2.52097e+14	1.18e-20	1.10e-14	1.44e-09	2.18e-05	9.97e-01	2.80e-03	0.00e+00	0.00e+00	0.00e+00	0.00e+00	3.65e-15	7.37e-15	9.34e-63
 2.60696e+14	1.53e-20	1.34e-14	1.65e-09	2.34e-05	9.97e-01	2.61e-03	0.00e+00	0.00e+00	0.00e+00	0.00e+00	4.45e-15	8.99e-15	1.90e-62
 2.70272e+14	2.03e-20	1.66e-14	1.91e-09	2.52e-05	9.98e-01	2.42e-03	0.00e+00	0.00e+00	0.00e+00	0.00e+00	5.51e-15	1.11e-14	4.10e-62
 2.81113e+14	2.76e-20	2.10e-14	2.24e-09	2.74e-05	9.98e-01	2.24e-03	0.00e+00	0.00e+00	0.00e+00	0.00e+00	6.96e-15	1.40e-14	9.45e-62
 2.91956e+14	3.71e-20	2.63e-14	2.60e-09	2.96e-05	9.98e-01	2.07e-03	0.00e+00	0.00e+00	0.00e+00	0.00e+00	8.71e-15	1.76e-14	2.12e-61
 3.02111e+14	4.85e-20	3.22e-14	2.99e-09	3.17e-05	9.98e-01	1.93e-03	0.00e+00	0.00e+00	0.00e+00	0.00e+00	1.07e-14	2.15e-14	4.39e-61
 3.13103e+14	6.41e-20	3.98e-14	3.45e-09	3.41e-05	9.98e-01	1.79e-03	0.00e+00	0.00e+00	0.00e+00	0.00e+00	1.32e-14	2.66e-14	9.41e-61
 3.25403e+14	8.67e-20	5.00e-14	4.03e-09	3.70e-05	9.98e-01	1.66e-03	0.00e+00	0.00e+00	0.00e+00	0.00e+00	1.65e-14	3.34e-14	2.14e-60
 3.36896e+14	1.14e-19	6.14e-14	4.64e-09	3.97e-05	9.98e-01	1.54e-03	0.00e+00	0.00e+00	0.00e+00	0.00e+00	2.03e-14	4.11e-14	4.51e-60
 3.47542e+14	1.45e-19	7.38e-14	5.26e-09	4.23e-05	9.99e-01	1.45e-03	0.00e+00	0.00e+00	0.00e+00	0.00e+00	2.44e-14	4.94e-14	8.76e-60
 3.57799e+14	1.82e-19	8.77e-14	5.91e-09	4.49e-05	9.99e-01	1.36e-03	0.00e+00	0.00e+00	0.00e+00	0.00e+00	2.90e-14	5.87e-14	1.63e-59
 3.69208e+14	2.33e-19	1.06e-13	6.70e-09	4.79e-05	9.99e-01	1.28e-03	0.00e+00	0.00e+00	0.00e+00	0.00e+00	3.49e-14	7.06e-14	3.20e-59
 3.81832e+14	3.03e-19	1.29e-13	7.67e-09	5.13e-05	9.99e-01	1.19e-03	0.00e+00	0.00e+00	0.00e+00	0.00e+00	4.26e-14	8.62e-14	6.59e-59
 3.93585e+14	3.85e-19	1.54e-13	8.67e-09	5.46e-05	9.99e-01	1.12e-03	0.00e+00	0.00e+00	0.00e+00	0.00e+00	5.10e-14	1.03e-13	1.26e-58
 4.06415e+14	4.95e-19	1.86e-13	9.86e-09	5.83e-05	9.99e-01	1.05e-03	0.00e+00	0.00e+00	0.00e+00	0.00e+00	6.16e-14	1.25e-13	2.52e-58
 4.20862e+14	6.50e-19	2.29e-13	1.13e-08	6.26e-05	9.99e-01	9.79e-04	0.00e+00	0.00e+00	0.00e+00	0.00e+00	7.58e-14	1.54e-13	5.32e-58
 4.34623e+14	8.38e-19	2.78e-13	1.29e-08	6.68e-05	9.99e-01	9.17e-04	0.00e+00	0.00e+00	0.00e+00	0.00e+00	9.17e-14	1.86e-13	1.07e-57
 4.49722e+14	1.09e-18	3.40e-13	1.48e-08	7.17e-05	9.99e-01	8.55e-04	0.00e+00	0.00e+00	0.00e+00	0.00e+00	1.12e-13	2.28e-13	2.23e-57
 4.66359e+14	1.46e-18	4.22e-13	1.71e-08	7.72e-05	9.99e-01	7.94e-04	0.00e+00	0.00e+00	0.00e+00	0.00e+00	1.39e-13	2.83e-13	4.87e-57
 4.81644e+14	1.88e-18	5.11e-13	1.95e-08	8.24e-05	9.99e-01	7.44e-04	0.00e+00	0.00e+00	0.00e+00	0.00e+00	1.69e-13	3.42e-13	9.78e-57
 4.98164e+14	2.44e-18	6.24e-13	2.23e-08	8.83e-05	9.99e-01	6.94e-04	0.00e+00	0.00e+00	0.00e+00	0.00e+00	2.06e-13	4.18e-13	2.02e-56
 5.16662e+14	3.25e-18	7.75e-13	2.59e-08	9.52e-05	9.99e-01	6.44e-04	0.00e+00	0.00e+00	0.00e+00	0.00e+00	2.56e-13	5.19e-13	4.43e-56
 5.34089e+14	4.22e-18	9.43e-13	2.96e-08	1.02e-04	9.99e-01	6.02e-04	0.00e+00	0.00e+00	0.00e+00	0.00e+00	3.11e-13	6.32e-13	9.06e-56
 5.53100e+14	5.55e-18	1.16e-12	3.40e-08	1.09e-04	9.99e-01	5.60e-04	0.00e+00	0.00e+00	0.00e+00	0.00e+00	3.82e-13	7.78e-13	1.92e-55
 5.74214e+14	7.43e-18	1.45e-12	3.95e-08	1.18e-04	9.99e-01	5.19e-04	0.00e+00	0.00e+00	0.00e+00	0.00e+00	4.77e-13	9.71e-13	4.29e-55
 5.93901e+14	9.68e-18	1.77e-12	4.53e-08	1.27e-04	9.99e-01	4.84e-04	0.00e+00	0.00e+00	0.00e+00	0.00e+00	5.82e-13	1.19e-12	8.91e-55
 6.15298e+14	1.28e-17	2.18e-12	5.22e-08	1.36e-04	9.99e-01	4.50e-04	0.00e+00	0.00e+00	0.00e+00	0.00e+00	7.17e-13	1.46e-12	1.90e-54
 6.39257e+14	1.72e-17	2.73e-12	6.09e-08	1.47e-04	9.99e-01	4.16e-04	0.00e+00	0.00e+00	0.00e+00	0.00e+00	8.98e-13	1.83e-12	4.31e-54
 6.61965e+14	2.25e-17	3.35e-12	7.01e-08	1.58e-04	9.99e-01	3.87e-04	0.00e+00	0.00e+00	0.00e+00	0.00e+00	1.10e-12	2.25e-12	9.11e-54
 6.86266e+14	2.97e-17	4.15e-12	8.10e-08	1.71e-04	9.99e-01	3.59e-04	0.00e+00	0.00e+00	0.00e+00	0.00e+00	1.36e-12	2.78e-12	1.96e-53
 7.13746e+14	4.03e-17	5.22e-12	9.49e-08	1.85e-04	9.99e-01	3.31e-04	0.00e+00	0.00e+00	0.00e+00	0.00e+00	1.72e-12	3.51e-12	4.54e-53
 7.40781e+14	5.36e-17	6.50e-12	1.10e-07	2.00e-04	9.99e-01	3.06e-04	0.00e+00	4.41e-18	1.33e-17	2.22e-17	2.13e-12	4.36e-12	1.00e-52
 7.68897e+14	7.13e-17	8.08e-12	1.28e-07	2.16e-04	1.00e+00	2.83e-04	0.00e+00	5.87e-18	1.76e-17	2.95e-17	2.65e-12	5.43e-12	2.20e-52
 7.99683e+14	9.62e-17	1.02e-11	1.50e-07	2.35e-04	1.00e+00	2.60e-04	0.00e+00	7.92e-18	2.38e-17	3.98e-17	3.33e-12	6.83e-12	5.04e-52
 8.30061e+14	1.28e-16	1.26e-11	1.75e-07	2.54e-04	1.00e+00	2.40e-04	0.00e+00	1.05e-17	3.16e-17	5.28e-17	4.14e-12	8.48e-12	1.11e-51
 8.55277e+14	1.60e-16	1.50e-11	1.97e-07	2.71e-04	1.00e+00	2.26e-04	0.00e+00	1.32e-17	3.97e-17	6.64e-17	4.93e-12	1.01e-11	2.08e-51
 8.75637e+14	1.91e-16	1.72e-11	2.17e-07	2.85e-04	1.00e+00	2.15e-04	0.00e+00	1.58e-17	4.74e-17	7.92e-17	5.65e-12	1.16e-11	3.40e-51
 8.98241e+14	2.32e-16	2.00e-11	2.41e-07	3.01e-04	9.99e-01	2.03e-04	0.00e+00	1.91e-17	5.74e-17	9.58e-17	6.55e-12	1.34e-11	5.77e-51
 9.27625e+14	2.95e-16	2.41e-11	2.75e-07	3.23e-04	9.99e-01	1.90e-04	0.00e+00	2.43e-17	7.30e-17	1.22e-16	7.88e-12	1.62e-11	1.13e-50
 9.59131e+14	3.78e-16	2.92e-11	3.15e-07	3.47e-04	9.99e-01	1.76e-04	0.00e+00	3.12e-17	9.37e-17	1.57e-16	9.56e-12	1.96e-11	2.26e-50
 9.87077e+14	4.67e-16	3.44e-11	3.54e-07	3.69e-04	9.99e-01	1.66e-04	0.00e+00	3.86e-17	1.16e-16	1.94e-16	1.13e-11	2.31e-11	4.09e-50
 1.01709e+15	5.82e-16	4.08e-11	4.01e-07	3.95e-04	9.99e-01	1.55e-04	0.00e+00	4.81e-17	1.45e-16	2.41e-16	1.34e-11	2.75e-11	7.58e-50
 1.05476e+15	7.60e-16	5.03e-11	4.65e-07	4.27e-04	9.99e-01	1.43e-04	0.00e+00	6.29e-17	1.89e-16	3.16e-16	1.65e-11	3.38e-11	1.61e-49
 1.09298e+15	9.85e-16	6.16e-11	5.38e-07	4.63e-04	9.99e-01	1.33e-04	0.00e+00	8.15e-17	2.45e-16	4.09e-16	2.02e-11	4.15e-11	3.33e-49
 1.12606e+15	1.22e-15	7.30e-11	6.08e-07	4.94e-04	9.99e-01	1.24e-04	0.00e+00	1.01e-16	3.04e-16	5.08e-16	2.39e-11	4.91e-11	6.14e-49
 1.16180e+15	1.52e-15	8.70e-11	6.91e-07	5.30e-04	9.99e-01	1.16e-04	0.00e+00	1.26e-16	3.80e-16	6.34e-16	2.84e-11	5.85e-11	1.15e-48
 1.20566e+15	1.99e-15	1.07e-10	8.05e-07	5.76e-04	9.99e-01	1.07e-04	0.00e+00	1.65e-16	4.95e-16	8.27e-16	3.50e-11	7.21e-11	2.46e-48
 1.25004e+15	2.57e-15	1.31e-10	9.33e-07	6.25e-04	9.99e-01	9.84e-05	0.00e+00	2.13e-16	6.40e-16	1.07e-15	4.29e-11	8.84e-11	5.13e-48
 1.28951e+15	3.19e-15	1.56e-10	1.06e-06	6.71e-04	9.99e-01	9.18e-05	0.00e+00	2.65e-16	7.96e-16	1.33e-15	5.10e-11	1.05e-10	9.60e-48
 1.33263e+15	4.00e-15	1.87e-10	1.21e-06	7.22e-04	9.99e-01	8.53e-05	0.00e+00	3.33e-16	1.00e-15	1.67e-15	6.12e-11	1.26e-10	1.87e-47
 1.38416e+15	5.21e-15	2.31e-10	1.41e-06	7.87e-04	9.99e-01	7.83e-05	0.00e+00	4.34e-16	1.30e-15	2.18e-15	7.55e-11	1.56e-10	4.02e-47
 1.43511e+15	6.67e-15	2.82e-10	1.64e-06	8.55e-04	9.99e-01	7.22e-05	0.00e+00	5.56e-16	1.67e-15	2.79e-15	9.21e-11	1.90e-10	8.35e-47
 1.48112e+15	8.26e-15	3.35e-10	1.86e-06	9.19e-04	9.99e-01	6.72e-05	0.00e+00	6.90e-16	2.07e-15	3.46e-15	1.10e-10	2.26e-10	1.58e-46
 1.53219e+15	1.04e-14	4.03e-10	2.14e-06	9.93e-04	9.99e-01	6.23e-05	0.00e+00	8.69e-16	2.61e-15	4.36e-15	1.32e-10	2.71e-10	3.13e-46
 1.59229e+15	1.35e-14	4.97e-10	2.50e-06	1.08e-03	9.99e-01	5.71e-05	0.00e+00	1.13e-15	3.38e-15	5.65e-15	1.63e-10	3.35e-10	6.81e-46
 1.65156e+15	1.72e-14	6.07e-10	2.90e-06	1.18e-03	9.99e-01	5.26e-05	0.00e+00	1.44e-15	4.32e-15	7.22e-15	1.98e-10	4.08e-10	1.43e-45
 1.70659e+15	2.06e-14	7.24e-10	3.31e-06	1.27e-03	9.99e-01	4.88e-05	0.00e+00	1.73e-15	5.20e-15	8.68e-15	2.37e-10	4.87e-10	2.73e-45
 1.76827e+15	2.60e-14	8.78e-10	3.83e-06	1.38e-03	9.99e-01	4.50e-05	0.00e+00	2.18e-15	6.55e-15	1.09e-14	2.87e-10	5.90e-10	5.62e-45
 1.83903e+15	3.34e-14	1.08e-09	4.49e-06	1.51e-03	9.98e-01	4.12e-05	0.00e+00	2.81e-15	8.44e-15	1.41e-14	3.55e-10	7.29e-10	1.25e-44
 1.90867e+15	4.23e-14	1.32e-09	5.21e-06	1.64e-03	9.98e-01	3.79e-05	0.00e+00	3.57e-15	1.07e-14	1.79e-14	4.33e-10	8.91e-10	2.66e-44
 1.98110e+15	5.36e-14	1.62e-09	6.06e-06	1.79e-03	9.98e-01	3.49e-05	0.00e+00	4.52e-15	1.36e-14	2.27e-14	5.29e-10	1.09e-09	5.70e-44
 2.04708e+15	6.56e-14	1.93e-09	6.91e-06	1.93e-03	9.98e-01	3.24e-05	0.00e+00	5.55e-15	1.67e-14	2.78e-14	6.31e-10	1.30e-09	1.11e-43
 2.09628e+15	7.60e-14	2.19e-09	7.60e-06	2.04e-03	9.98e-01	3.07e-05	0.00e+00	6.43e-15	1.93e-14	3.22e-14	7.17e-10	1.47e-09	1.81e-43
 2.14707e+15	8.82e-14	2.49e-09	8.37e-06	2.16e-03	9.98e-01	2.91e-05	0.00e+00	7.47e-15	2.24e-14	3.75e-14	8.15e-10	1.67e-09	2.95e-43
 2.21310e+15	1.06e-13	2.93e-09	9.45e-06	2.31e-03	9.98e-01	2.72e-05	0.00e+00	9.02e-15	2.71e-14	4.52e-14	9.59e-10	1.97e-09	5.50e-43
 2.28483e+15	1.29e-13	3.47e-09	1.07e-05	2.49e-03	9.97e-01	2.53e-05	0.00e+00	1.10e-14	3.30e-14	5.51e-14	1.14e-09	2.34e-09	1.08e-42
 2.34976e+15	1.54e-13	4.03e-09	1.20e-05	2.65e-03	9.97e-01	2.38e-05	0.00e+00	1.30e-14	3.92e-14	6.54e-14	1.32e-09	2.71e-09	1.92e-42
 2.41995e+15	1.84e-13	4.72e-09	1.35e-05	2.84e-03	9.97e-01	2.23e-05	0.00e+00	1.56e-14	4.69e-14	7.84e-14	1.55e-09	3.17e-09	3.57e-42
 2.50884e+15	2.29e-13	5.74e-09	1.56e-05	3.08e-03	9.97e-01	2.06e-05	0.00e+00	1.95e-14	5.85e-14	9.77e-14	1.88e-09	3.86e-09	7.71e-42
 2.59811e+15	2.81e-13	6.92e-09	1.80e-05	3.34e-03	9.97e-01	1.91e-05	0.00e+00	2.40e-14	7.20e-14	1.20e-13	2.27e-09	4.65e-09	1.62e-41
 2.67302e+15	3.33e-13	8.06e-09	2.01e-05	3.56e-03	9.96e-01	1.79e-05	0.00e+00	2.85e-14	8.55e-14	1.43e-13	2.64e-09	5.41e-09	2.95e-41
 2.75316e+15	3.97e-13	9.45e-09	2.26e-05	3.81e-03	9.96e-01	1.68e-05	0.00e+00	3.39e-14	1.02e-13	1.70e-13	3.10e-09	6.35e-09	5.50e-41
 2.85443e+15	4.93e-13	1.15e-08	2.61e-05	4.14e-03	9.96e-01	1.56e-05	0.00e+00	4.22e-14	1.27e-13	2.11e-13	3.77e-09	7.71e-09	1.19e-40
 2.96095e+15	6.10e-13	1.40e-08	3.02e-05	4.50e-03	9.95e-01	1.44e-05	0.00e+00	5.23e-14	1.57e-13	2.62e-13	4.60e-09	9.40e-09	2.60e-40
 3.05700e+15	7.35e-13	1.66e-08	3.43e-05	4.84e-03	9.95e-01	1.35e-05	0.00e+00	6.31e-14	1.89e-13	3.16e-13	5.46e-09	1.12e-08	5.12e-40
 3.16168e+15	8.96e-13	1.99e-08	3.92e-05	5.22e-03	9.95e-01	1.25e-05	0.00e+00	7.70e-14	2.31e-13	3.86e-13	6.56e-09	1.34e-08	1.05e-39
 3.28528e+15	1.12e-12	2.46e-08	4.58e-05	5.70e-03	9.94e-01	1.16e-05	0.00e+00	9.61e-14	2.88e-13	4.82e-13	8.09e-09	1.65e-08	2.40e-39
 3.40616e+15	1.37e-12	2.99e-08	5.28e-05	6.19e-03	9.94e-01	1.08e-05	0.00e+00	1.18e-13	3.54e-13	5.91e-13	9.85e-09	2.01e-08	5.19e-39
 3.51626e+15	1.64e-12	3.56e-08	6.00e-05	6.65e-03	9.93e-01	1.01e-05	0.00e+00	1.42e-13	4.25e-13	7.10e-13	1.17e-08	2.39e-08	1.02e-38
 3.63970e+15	2.01e-12	4.30e-08	6.88e-05	7.19e-03	9.93e-01	9.43e-06	0.00e+00	1.74e-13	5.22e-13	8.72e-13	1.41e-08	2.88e-08	2.14e-38
 3.78367e+15	2.50e-12	5.32e-08	8.04e-05	7.85e-03	9.92e-01	8.75e-06	0.00e+00	2.16e-13	6.49e-13	1.08e-12	1.75e-08	3.57e-08	4.86e-38
 3.92494e+15	3.09e-12	6.50e-08	9.30e-05	8.53e-03	9.91e-01	8.15e-06	0.00e+00	2.68e-13	8.03e-13	1.34e-12	2.14e-08	4.36e-08	1.05e-37
 4.05818e+15	3.73e-12	7.82e-08	1.06e-04	9.19e-03	9.91e-01	7.66e-06	0.00e+00	3.24e-13	9.71e-13	1.62e-12	2.58e-08	5.24e-08	2.12e-37
 4.20684e+15	4.57e-12	9.53e-08	1.23e-04	9.98e-03	9.90e-01	7.17e-06	0.00e+00	3.97e-13	1.19e-12	1.99e-12	3.14e-08	6.39e-08	4.55e-37
 4.34823e+15	5.48e-12	1.14e-07	1.40e-04	1.07e-02	9.89e-01	6.77e-06	0.00e+00	4.77e-13	1.43e-12	2.39e-12	3.77e-08	7.66e-08	8.97e-37
 4.45353e+15	6.19e-12	1.30e-07	1.54e-04	1.14e-02	9.88e-01	6.50e-06	0.00e+00	5.39e-13	1.62e-12	2.70e-12	4.30e-08	8.73e-08	1.47e-36
 4.56028e+15	7.12e-12	1.49e-07	1.69e-04	1.20e-02	9.88e-01	6.25e-06	0.00e+00	6.20e-13	1.86e-12	3.11e-12	4.91e-08	9.96e-08	2.42e-36
 4.69904e+15	8.52e-12	1.76e-07	1.91e-04	1.28e-02	9.87e-01	5.93e-06	0.00e+00	7.42e-13	2.23e-12	3.72e-12	5.79e-08	1.18e-07	4.53e-36
 4.84965e+15	1.02e-11	2.09e-07	2.17e-04	1.38e-02	9.86e-01	5.63e-06	0.00e+00	8.90e-13	2.67e-12	4.45e-12	6.90e-08	1.40e-07	8.63e-36
 4.98504e+15	1.19e-11	2.43e-07	2.42e-04	1.46e-02	9.85e-01	5.39e-06	0.00e+00	1.04e-12	3.13e-12	5.23e-12	8.04e-08	1.63e-07	1.51e-35
 5.13044e+15	1.41e-11	2.86e-07	2.72e-04	1.56e-02	9.84e-01	5.16e-06	0.00e+00	1.24e-12	3.71e-12	6.19e-12	9.45e-08	1.92e-07	2.75e-35
 5.31689e+15	1.75e-11	3.50e-07	3.14e-04	1.70e-02	9.83e-01	4.90e-06	0.00e+00	1.53e-12	4.59e-12	7.66e-12	1.16e-07	2.34e-07	5.76e-35
 5.50475e+15	2.13e-11	4.25e-07	3.61e-04	1.83e-02	9.81e-01	4.66e-06	0.00e+00	1.86e-12	5.59e-12	9.33e-12	1.41e-07	2.85e-07	1.16e-34
 5.65924e+15	2.50e-11	4.97e-07	4.04e-04	1.95e-02	9.80e-01	4.49e-06	0.00e+00	2.19e-12	6.57e-12	1.10e-11	1.64e-07	3.32e-07	2.02e-34
 5.82234e+15	2.97e-11	5.84e-07	4.53e-04	2.08e-02	9.79e-01	4.33e-06	0.00e+00	2.61e-12	7.83e-12	1.31e-11	1.93e-07	3.91e-07	3.63e-34
 6.03282e+15	3.69e-11	7.15e-07	5.24e-04	2.26e-02	9.77e-01	4.12e-06	0.00e+00	3.24e-12	9.73e-12	1.62e-11	2.36e-07	4.78e-07	7.48e-34
 6.25279e+15	4.58e-11	8.75e-07	6.06e-04	2.45e-02	9.75e-01	3.94e-06	0.00e+00	4.03e-12	1.21e-11	2.02e-11	2.89e-07	5.85e-07	1.52e-33
 6.44332e+15	5.50e-11	1.04e-06	6.85e-04	2.63e-02	9.73e-01	3.82e-06	0.00e+00	4.84e-12	1.45e-11	2.42e-11	3.44e-07	6.95e-07	2.76e-33
 6.64773e+15	6.69e-11	1.24e-06	7.78e-04	2.82e-02	9.71e-01	3.69e-06	0.00e+00	5.90e-12	1.77e-11	2.95e-11	4.12e-07	8.32e-07	5.15e-33
 6.89855e+15	8.44e-11	1.54e-06	9.07e-04	3.08e-02	9.68e-01	3.55e-06	0.00e+00	7.45e-12	2.24e-11	3.73e-11	5.10e-07	1.03e-06	1.08e-32
 7.14640e+15	1.04e-10	1.88e-06	1.05e-03	3.34e-02	9.66e-01	3.41e-06	0.00e+00	9.20e-12	2.76e-11	4.61e-11	6.22e-07	1.26e-06	2.07e-32
 7.35961e+15	1.26e-10	2.23e-06	1.18e-03	3.58e-02	9.63e-01	3.34e-06	0.00e+00	1.11e-11	3.33e-11	5.56e-11	7.38e-07	1.49e-06	3.64e-32
 7.59109e+15	1.54e-10	2.67e-06	1.35e-03	3.85e-02	9.60e-01	3.24e-06	0.00e+00	1.36e-11	4.09e-11	6.83e-11	8.85e-07	1.79e-06	6.70e-32
 7.84801e+15	1.89e-10	3.23e-06	1.55e-03	4.16e-02	9.57e-01	3.14e-06	0.00e+00	1.67e-11	5.02e-11	8.38e-11	1.07e-06	2.16e-06	1.26e-31
 8.08853e+15	2.29e-10	3.85e-06	1.76e-03	4.47e-02	9.54e-01	3.06e-06	0.00e+00	2.03e-11	6.10e-11	1.02e-10	1.28e-06	2.57e-06	2.21e-31
 8.29789e+15	2.69e-10	4.46e-06	1.95e-03	4.75e-02	9.51e-01	3.00e-06	0.00e+00	2.39e-11	7.17e-11	1.20e-10	1.48e-06	2.98e-06	3.55e-31
 8.51618e+15	3.23e-10	5.21e-06	2.19e-03	5.05e-02	9.47e-01	2.95e-06	0.00e+00	2.87e-11	8.61e-11	1.44e-10	1.73e-06	3.48e-06	5.88e-31
 8.75524e+15	3.86e-10	6.12e-06	2.46e-03	5.40e-02	9.44e-01	2.89e-06	0.00e+00	3.43e-11	1.03e-10	1.72e-10	2.03e-06	4.09e-06	9.79e-31
 8.97817e+15	4.54e-10	7.09e-06	2.74e-03	5.74e-02	9.40e-01	2.83e-06	0.00e+00	4.04e-11	1.21e-10	2.02e-10	2.35e-06	4.74e-06	1.55e-30
 9.22485e+15	5.45e-10	8.36e-06	3.09e-03	6.14e-02	9.36e-01	2.77e-06	0.00e+00	4.86e-11	1.46e-10	2.43e-10	2.77e-06	5.58e-06	2.61e-30
 9.49237e+15	6.60e-10	9.89e-06	3.49e-03	6.58e-02	9.31e-01	2.72e-06	0.00e+00	5.89e-11	1.77e-10	2.95e-10	3.28e-06	6.61e-06	4.38e-30
 9.73917e+15	7.87e-10	1.15e-05	3.91e-03	7.01e-02	9.26e-01	2.68e-06	0.00e+00	7.03e-11	2.11e-10	3.52e-10	3.83e-06	7.70e-06	6.95e-30
 1.00122e+16	9.66e-10	1.37e-05	4.44e-03	7.53e-02	9.20e-01	2.64e-06	0.00e+00	8.64e-11	2.59e-10	4.32e-10	4.55e-06	9.15e-06	1.18e-29
 1.03086e+16	1.18e-09	1.63e-05	5.06e-03	8.10e-02	9.14e-01	2.59e-06	0.00e+00	1.06e-10	3.18e-10	5.30e-10	5.42e-06	1.09e-05	1.99e-29
 1.05837e+16	1.42e-09	1.92e-05	5.70e-03	8.66e-02	9.08e-01	2.55e-06	0.00e+00	1.27e-10	3.81e-10	6.35e-10	6.37e-06	1.28e-05	3.18e-29
 1.08897e+16	1.77e-09	2.30e-05	6.54e-03	9.34e-02	9.00e-01	2.51e-06	0.00e+00	1.58e-10	4.75e-10	7.93e-10	7.65e-06	1.54e-05	5.52e-29
 1.12108e+16	2.16e-09	2.75e-05	7.49e-03	1.01e-01	8.92e-01	2.46e-06	0.00e+00	1.94e-10	5.83e-10	9.72e-10	9.15e-06	1.84e-05	9.16e-29
 1.14866e+16	2.58e-09	3.21e-05	8.41e-03	1.07e-01	8.84e-01	2.43e-06	0.00e+00	2.32e-10	6.96e-10	1.16e-09	1.07e-05	2.14e-05	1.41e-28
 1.17804e+16	3.16e-09	3.80e-05	9.55e-03	1.15e-01	8.75e-01	2.40e-06	0.00e+00	2.85e-10	8.54e-10	1.42e-09	1.26e-05	2.54e-05	2.31e-28
 1.21034e+16	3.94e-09	4.54e-05	1.09e-02	1.24e-01	8.65e-01	2.37e-06	0.00e+00	3.55e-10	1.07e-09	1.78e-09	1.51e-05	3.03e-05	3.78e-28
 1.23985e+16	4.78e-09	5.33e-05	1.24e-02	1.32e-01	8.55e-01	2.35e-06	0.00e+00	4.32e-10	1.29e-09	2.16e-09	1.77e-05	3.56e-05	5.85e-28
 1.26735e+16	5.67e-09	6.19e-05	1.39e-02	1.41e-01	8.45e-01	2.32e-06	0.00e+00	5.12e-10	1.54e-09	2.56e-09	2.06e-05	4.13e-05	8.82e-28
 1.29883e+16	7.11e-09	7.41e-05	1.59e-02	1.52e-01	8.32e-01	2.30e-06	0.00e+00	6.43e-10	1.93e-09	3.22e-09	2.47e-05	4.95e-05	1.47e-27
 1.33091e+16	8.65e-09	8.77e-05	1.82e-02	1.62e-01	8.19e-01	2.27e-06	0.00e+00	7.83e-10	2.35e-09	3.92e-09	2.92e-05	5.85e-05	2.27e-27
 1.35708e+16	1.03e-08	1.01e-04	2.03e-02	1.72e-01	8.07e-01	2.25e-06	0.00e+00	9.31e-10	2.79e-09	4.65e-09	3.36e-05	6.74e-05	3.30e-27
 1.38443e+16	1.25e-08	1.18e-04	2.29e-02	1.83e-01	7.94e-01	2.23e-06	0.00e+00	1.13e-09	3.40e-09	5.66e-09	3.94e-05	7.89e-05	5.10e-27
 1.41399e+16	1.54e-08	1.40e-04	2.61e-02	1.96e-01	7.78e-01	2.23e-06	0.00e+00	1.40e-09	4.20e-09	7.01e-09	4.65e-05	9.31e-05	7.93e-27
 1.44013e+16	1.83e-08	1.61e-04	2.92e-02	2.07e-01	7.64e-01	2.21e-06	0.00e+00	1.66e-09	4.98e-09	8.31e-09	5.35e-05	1.07e-04	1.14e-26
 1.46407e+16	2.17e-08	1.85e-04	3.26e-02	2.18e-01	7.49e-01	2.20e-06	0.00e+00	1.97e-09	5.91e-09	9.85e-09	6.15e-05	1.23e-04	1.64e-26
 1.49148e+16	2.70e-08	2.19e-04	3.70e-02	2.32e-01	7.30e-01	2.21e-06	0.00e+00	2.46e-09	7.38e-09	1.23e-08	7.28e-05	1.46e-04	2.63e-26
 1.52019e+16	3.28e-08	2.57e-04	4.22e-02	2.47e-01	7.10e-01	2.19e-06	0.00e+00	2.99e-09	8.98e-09	1.50e-08	8.56e-05	1.71e-04	3.96e-26
 1.54467e+16	3.94e-08	2.98e-04	4.74e-02	2.61e-01	6.91e-01	2.19e-06	0.00e+00	3.60e-09	1.08e-08	1.80e-08	9.91e-05	1.98e-04	5.81e-26
 1.56686e+16	4.77e-08	3.43e-04	5.28e-02	2.74e-01	6.73e-01	2.21e-06	0.00e+00	4.35e-09	1.31e-08	2.18e-08	1.14e-04	2.29e-04	8.50e-26
 1.58860e+16	5.64e-08	3.93e-04	5.88e-02	2.88e-01	6.53e-01	2.21e-06	0.00e+00	5.15e-09	1.55e-08	2.58e-08	1.31e-04	2.62e-04	1.23e-25
 1.61349e+16	6.91e-08	4.62e-04	6.68e-02	3.05e-01	6.28e-01	2.21e-06	0.00e+00	6.32e-09	1.90e-08	3.16e-08	1.54e-04	3.08e-04	1.90e-25
 1.63959e+16	8.64e-08	5.50e-04	7.65e-02	3.23e-01	6.00e-01	2.23e-06	0.00e+00	7.91e-09	2.37e-08	3.95e-08	1.83e-04	3.67e-04	3.08e-25
 1.66102e+16	1.04e-07	6.35e-04	8.56e-02	3.39e-01	5.75e-01	2.27e-06	5.51e-12	9.53e-09	2.86e-08	4.77e-08	2.12e-04	4.24e-04	4.54e-25
 1.67928e+16	1.23e-07	7.21e-04	9.45e-02	3.52e-01	5.52e-01	2.29e-06	0.00e+00	1.12e-08	3.37e-08	5.62e-08	2.40e-04	4.81e-04	6.40e-25
 1.69966e+16	1.48e-07	8.19e-04	1.05e-01	3.68e-01	5.25e-01	2.28e-06	0.00e+00	1.36e-08	4.08e-08	6.79e-08	2.73e-04	5.46e-04	8.99e-25
 1.72198e+16	1.83e-07	9.61e-04	1.19e-01	3.86e-01	4.93e-01	2.29e-06	0.00e+00	1.68e-08	5.04e-08	8.40e-08	3.20e-04	6.41e-04	1.40e-24
 1.74130e+16	2.23e-07	1.14e-03	1.34e-01	4.03e-01	4.62e-01	2.39e-06	0.00e+00	2.05e-08	6.15e-08	1.02e-07	3.79e-04	7.59e-04	2.37e-24
 1.75662e+16	2.58e-07	1.28e-03	1.47e-01	4.16e-01	4.36e-01	2.41e-06	8.51e-12	2.38e-08	7.12e-08	1.19e-07	4.26e-04	8.53e-04	3.32e-24
 1.77224e+16	3.05e-07	1.42e-03	1.61e-01	4.29e-01	4.09e-01	2.40e-06	0.00e+00	2.80e-08	8.40e-08	1.40e-07	4.73e-04	9.47e-04	4.45e-24
