#depth	He	He+	He+2
 1.49634e+10	2.91e-24	4.70e-13	1.00e+00
 4.54887e+10	3.27e-24	5.07e-13	1.00e+00
 7.72350e+10	3.64e-24	5.48e-13	1.00e+00
 1.10251e+11	4.03e-24	5.92e-13	1.00e+00
 1.44588e+11	4.47e-24	6.40e-13	1.00e+00
 1.80298e+11	4.96e-24	6.92e-13	1.00e+00
 2.17437e+11	5.49e-24	7.49e-13	1.00e+00
 2.56061e+11	6.08e-24	8.10e-13	1.00e+00
 2.96231e+11	6.73e-24	8.75e-13	1.00e+00
 3.38007e+11	7.44e-24	9.47e-13	1.00e+00
 3.81454e+11	8.23e-24	1.02e-12	1.00e+00
 4.26639e+11	9.09e-24	1.11e-12	1.00e+00
 4.68919e+11	9.96e-24	1.19e-12	1.00e+00
 5.06364e+11	1.08e-23	1.26e-12	1.00e+00
 5.48222e+11	1.17e-23	1.35e-12	1.00e+00
 5.98282e+11	1.29e-23	1.46e-12	1.00e+00
 6.48391e+11	1.41e-23	1.57e-12	1.00e+00
 6.94571e+11	1.53e-23	1.67e-12	1.00e+00
 7.46256e+11	1.68e-23	1.79e-12	1.00e+00
 8.05943e+11	1.86e-23	1.94e-12	1.00e+00
 8.63897e+11	2.04e-23	2.09e-12	1.00e+00
 9.24170e+11	2.24e-23	2.25e-12	1.00e+00
 9.91064e+11	2.48e-23	2.43e-12	1.00e+00
 1.05793e+12	2.74e-23	2.63e-12	1.00e+00
 1.12746e+12	3.03e-23	2.83e-12	1.00e+00
 1.20249e+12	3.36e-23	3.07e-12	1.00e+00
 1.28052e+12	3.73e-23	3.32e-12	1.00e+00
 1.36166e+12	4.15e-23	3.60e-12	1.00e+00
 1.44606e+12	4.61e-23	3.89e-12	1.00e+00
 1.53383e+12	5.14e-23	4.22e-12	1.00e+00
 1.62511e+12	5.73e-23	4.57e-12	1.00e+00
 1.72004e+12	6.40e-23	4.95e-12	1.00e+00
 1.81877e+12	7.15e-23	5.36e-12	1.00e+00
 1.92144e+12	8.00e-23	5.80e-12	1.00e+00
 2.02823e+12	8.96e-23	6.29e-12	1.00e+00
 2.13928e+12	1.01e-22	6.82e-12	1.00e+00
 2.24688e+12	1.12e-22	7.35e-12	1.00e+00
 2.34550e+12	1.24e-22	7.85e-12	1.00e+00
 2.45507e+12	1.37e-22	8.44e-12	1.00e+00
 2.58231e+12	1.55e-22	9.14e-12	1.00e+00
 2.70818e+12	1.74e-22	9.87e-12	1.00e+00
 2.83909e+12	1.95e-22	1.07e-11	1.00e+00
 2.98259e+12	2.21e-22	1.16e-11	1.00e+00
 3.12765e+12	2.50e-22	1.25e-11	1.00e+00
 3.27851e+12	2.83e-22	1.36e-11	1.00e+00
 3.43958e+12	3.22e-22	1.47e-11	1.00e+00
 3.60709e+12	3.67e-22	1.60e-11	1.00e+00
 3.78130e+12	4.19e-22	1.74e-11	1.00e+00
 3.96248e+12	4.79e-22	1.89e-11	1.00e+00
 4.15090e+12	5.48e-22	2.05e-11	1.00e+00
 4.34687e+12	6.28e-22	2.23e-11	1.00e+00
 4.55067e+12	7.21e-22	2.43e-11	1.00e+00
 4.74219e+12	8.18e-22	2.62e-11	1.00e+00
 4.91330e+12	9.12e-22	2.80e-11	1.00e+00
 5.10532e+12	1.03e-21	3.01e-11	1.00e+00
 5.33309e+12	1.18e-21	3.27e-11	1.00e+00
 5.56211e+12	1.35e-21	3.55e-11	1.00e+00
 5.77681e+12	1.53e-21	3.81e-11	1.00e+00
 6.01432e+12	1.74e-21	4.13e-11	1.00e+00
 6.28482e+12	2.01e-21	4.51e-11	1.00e+00
 6.55446e+12	2.32e-21	4.90e-11	1.00e+00
 6.83488e+12	2.67e-21	5.33e-11	1.00e+00
 7.13820e+12	3.09e-21	5.83e-11	1.00e+00
 7.45366e+12	3.59e-21	6.37e-11	1.00e+00
 7.75100e+12	4.11e-21	6.90e-11	1.00e+00
 8.01843e+12	4.63e-21	7.41e-11	1.00e+00
 8.31954e+12	5.25e-21	8.02e-11	1.00e+00
 8.67448e+12	6.09e-21	8.76e-11	1.00e+00
 9.02942e+12	7.02e-21	9.55e-11	1.00e+00
 9.36349e+12	7.98e-21	1.03e-10	1.00e+00
 9.73289e+12	9.14e-21	1.12e-10	1.00e+00
 1.01521e+13	1.06e-20	1.23e-10	1.00e+00
 1.05665e+13	1.23e-20	1.35e-10	1.00e+00
 1.09974e+13	1.41e-20	1.48e-10	1.00e+00
 1.14672e+13	1.64e-20	1.63e-10	1.00e+00
 1.19412e+13	1.90e-20	1.78e-10	1.00e+00
 1.24341e+13	2.19e-20	1.96e-10	1.00e+00
 1.29424e+13	2.52e-20	2.15e-10	1.00e+00
 1.34409e+13	2.88e-20	2.35e-10	1.00e+00
 1.39783e+13	3.30e-20	2.58e-10	1.00e+00
 1.45674e+13	3.81e-20	2.85e-10	1.00e+00
 1.51800e+13	4.38e-20	3.15e-10	1.00e+00
 1.58171e+13	5.04e-20	3.48e-10	1.00e+00
 1.64797e+13	5.79e-20	3.86e-10	1.00e+00
 1.70787e+13	6.54e-20	4.21e-10	1.00e+00
 1.75771e+13	7.18e-20	4.53e-10	1.00e+00
 1.81229e+13	7.93e-20	4.88e-10	1.00e+00
 1.88150e+13	8.96e-20	5.37e-10	1.00e+00
 1.95374e+13	1.01e-19	5.91e-10	1.00e+00
 2.01500e+13	1.12e-19	6.39e-10	1.00e+00
 2.07795e+13	1.23e-19	6.91e-10	1.00e+00
 2.15731e+13	1.38e-19	7.60e-10	1.00e+00
 2.23796e+13	1.55e-19	8.35e-10	1.00e+00
 2.30705e+13	1.71e-19	9.03e-10	1.00e+00
 2.38113e+13	1.88e-19	9.78e-10	1.00e+00
 2.47296e+13	2.11e-19	1.08e-09	1.00e+00
 2.56716e+13	2.37e-19	1.19e-09	1.00e+00
 2.65182e+13	2.61e-19	1.29e-09	1.00e+00
 2.74478e+13	2.90e-19	1.41e-09	1.00e+00
 2.85476e+13	3.28e-19	1.56e-09	1.00e+00
 2.96497e+13	3.70e-19	1.71e-09	1.00e+00
 3.06931e+13	4.13e-19	1.87e-09	1.00e+00
 3.18479e+13	4.66e-19	2.05e-09	1.00e+00
 3.31517e+13	5.33e-19	2.27e-09	1.00e+00
 3.44515e+13	6.08e-19	2.50e-09	1.00e+00
 3.55986e+13	6.81e-19	2.71e-09	1.00e+00
 3.66077e+13	7.52e-19	2.90e-09	1.00e+00
 3.77511e+13	8.41e-19	3.13e-09	1.00e+00
 3.90259e+13	9.50e-19	3.40e-09	1.00e+00
 4.02235e+13	1.06e-18	3.66e-09	1.00e+00
 4.15325e+13	1.20e-18	3.96e-09	1.00e+00
 4.29951e+13	1.38e-18	4.31e-09	1.00e+00
 4.43753e+13	1.56e-18	4.65e-09	1.00e+00
 4.58871e+13	1.78e-18	5.04e-09	1.00e+00
 4.75793e+13	2.06e-18	5.51e-09	1.00e+00
 4.91819e+13	2.37e-18	5.97e-09	1.00e+00
 5.06643e+13	2.68e-18	6.41e-09	1.00e+00
 5.23144e+13	3.06e-18	6.91e-09	1.00e+00
 5.41659e+13	3.55e-18	7.51e-09	1.00e+00
 5.59141e+13	4.07e-18	8.10e-09	1.00e+00
 5.78218e+13	4.70e-18	8.77e-09	1.00e+00
 5.99319e+13	5.50e-18	9.55e-09	1.00e+00
 6.18864e+13	6.32e-18	1.03e-08	1.00e+00
 6.40085e+13	7.33e-18	1.11e-08	1.00e+00
 6.63823e+13	8.60e-18	1.21e-08	1.00e+00
 6.86220e+13	9.96e-18	1.31e-08	1.00e+00
 7.10719e+13	1.16e-17	1.42e-08	1.00e+00
 7.38070e+13	1.37e-17	1.55e-08	1.00e+00
 7.63840e+13	1.60e-17	1.68e-08	1.00e+00
 7.91778e+13	1.87e-17	1.82e-08	1.00e+00
 8.23115e+13	2.22e-17	1.99e-08	1.00e+00
 8.53366e+13	2.61e-17	2.16e-08	1.00e+00
 8.85461e+13	3.06e-17	2.34e-08	1.00e+00
 9.21179e+13	3.65e-17	2.56e-08	1.00e+00
 9.57196e+13	4.32e-17	2.79e-08	1.00e+00
 9.94655e+13	5.09e-17	3.04e-08	1.00e+00
 1.03474e+14	6.06e-17	3.32e-08	1.00e+00
 1.07268e+14	7.09e-17	3.59e-08	1.00e+00
 1.10702e+14	8.12e-17	3.84e-08	1.00e+00
 1.13943e+14	9.20e-17	4.09e-08	1.00e+00
 1.17526e+14	1.05e-16	4.38e-08	1.00e+00
 1.21548e+14	1.21e-16	4.71e-08	1.00e+00
 1.25371e+14	1.38e-16	5.03e-08	1.00e+00
 1.29571e+14	1.59e-16	5.40e-08	1.00e+00
 1.34169e+14	1.84e-16	5.81e-08	1.00e+00
 1.38375e+14	2.10e-16	6.21e-08	1.00e+00
 1.42930e+14	2.41e-16	6.65e-08	1.00e+00
 1.48025e+14	2.79e-16	7.16e-08	1.00e+00
 1.52841e+14	3.18e-16	7.66e-08	1.00e+00
 1.58120e+14	3.66e-16	8.21e-08	1.00e+00
 1.63982e+14	4.25e-16	8.86e-08	1.00e+00
 1.69464e+14	4.87e-16	9.48e-08	1.00e+00
 1.75453e+14	5.61e-16	1.02e-07	1.00e+00
 1.82145e+14	6.52e-16	1.10e-07	1.00e+00
 1.88477e+14	7.49e-16	1.18e-07	1.00e+00
 1.95346e+14	8.64e-16	1.27e-07	1.00e+00
 2.03003e+14	1.01e-15	1.37e-07	1.00e+00
 2.10379e+14	1.16e-15	1.47e-07	1.00e+00
 2.18235e+14	1.34e-15	1.58e-07	1.00e+00
 2.26995e+14	1.57e-15	1.71e-07	1.00e+00
 2.35782e+14	1.82e-15	1.84e-07	1.00e+00
 2.44921e+14	2.11e-15	1.99e-07	1.00e+00
 2.54748e+14	2.47e-15	2.15e-07	1.00e+00
 2.64968e+14	2.88e-15	2.32e-07	1.00e+00
 2.75596e+14	3.35e-15	2.51e-07	1.00e+00
 2.85921e+14	3.87e-15	2.70e-07	1.00e+00
 2.95682e+14	4.41e-15	2.88e-07	1.00e+00
 3.04898e+14	4.97e-15	3.06e-07	1.00e+00
 3.14927e+14	5.63e-15	3.27e-07	1.00e+00
 3.26102e+14	6.46e-15	3.50e-07	1.00e+00
 3.36622e+14	7.29e-15	3.72e-07	1.00e+00
 3.48151e+14	8.33e-15	3.98e-07	1.00e+00
 3.61076e+14	9.58e-15	4.28e-07	1.00e+00
 3.73483e+14	1.10e-14	4.58e-07	1.00e+00
 3.87088e+14	1.26e-14	4.91e-07	1.00e+00
 4.02601e+14	1.46e-14	5.31e-07	1.00e+00
 4.17807e+14	1.69e-14	5.72e-07	1.00e+00
 4.33620e+14	1.95e-14	6.16e-07	1.00e+00
 4.49510e+14	2.25e-14	6.63e-07	1.00e+00
 4.63515e+14	2.53e-14	7.04e-07	1.00e+00
 4.78770e+14	2.87e-14	7.53e-07	1.00e+00
 4.97156e+14	3.32e-14	8.11e-07	1.00e+00
 5.15426e+14	3.83e-14	8.75e-07	1.00e+00
 5.31753e+14	4.31e-14	9.30e-07	1.00e+00
 5.49739e+14	4.92e-14	9.97e-07	1.00e+00
 5.71118e+14	5.69e-14	1.08e-06	1.00e+00
 5.92302e+14	6.57e-14	1.16e-06	1.00e+00
 6.11604e+14	7.42e-14	1.24e-06	1.00e+00
 6.33066e+14	8.49e-14	1.33e-06	1.00e+00
 6.58116e+14	9.84e-14	1.44e-06	1.00e+00
 6.82864e+14	1.13e-13	1.55e-06	1.00e+00
 7.06172e+14	1.29e-13	1.66e-06	1.00e+00
 7.32019e+14	1.48e-13	1.79e-06	1.00e+00
 7.61330e+14	1.72e-13	1.94e-06	1.00e+00
 7.90559e+14	1.98e-13	2.09e-06	1.00e+00
 8.17846e+14	2.25e-13	2.24e-06	1.00e+00
 8.47477e+14	2.57e-13	2.41e-06	1.00e+00
 8.80623e+14	2.97e-13	2.60e-06	1.00e+00
 9.11466e+14	3.38e-13	2.79e-06	1.00e+00
 9.39995e+14	3.78e-13	2.97e-06	1.00e+00
 9.67561e+14	4.20e-13	3.15e-06	1.00e+00
 9.98302e+14	4.71e-13	3.36e-06	1.00e+00
 1.03211e+15	5.33e-13	3.59e-06	1.00e+00
 1.06347e+15	5.94e-13	3.82e-06	1.00e+00
 1.09782e+15	6.67e-13	4.08e-06	1.00e+00
 1.13649e+15	7.57e-13	4.38e-06	1.00e+00
 1.17329e+15	8.48e-13	4.67e-06	1.00e+00
 1.21363e+15	9.57e-13	5.00e-06	1.00e+00
 1.25826e+15	1.09e-12	5.39e-06	1.00e+00
 1.29936e+15	1.22e-12	5.74e-06	1.00e+00
 1.34371e+15	1.37e-12	6.16e-06	1.00e+00
 1.39323e+15	1.56e-12	6.62e-06	1.00e+00
 1.43995e+15	1.75e-12	7.09e-06	1.00e+00
 1.49115e+15	1.98e-12	7.61e-06	1.00e+00
 1.54800e+15	2.26e-12	8.23e-06	1.00e+00
 1.60076e+15	2.54e-12	8.81e-06	1.00e+00
 1.65791e+15	2.86e-12	9.47e-06	1.00e+00
 1.72207e+15	3.27e-12	1.02e-05	1.00e+00
 1.78315e+15	3.69e-12	1.10e-05	1.00e+00
 1.84865e+15	4.19e-12	1.19e-05	1.00e+00
 1.92115e+15	4.79e-12	1.29e-05	1.00e+00
 1.99143e+15	5.43e-12	1.39e-05	1.00e+00
 2.06600e+15	6.18e-12	1.50e-05	1.00e+00
 2.14867e+15	7.07e-12	1.63e-05	1.00e+00
 2.23012e+15	8.08e-12	1.77e-05	1.00e+00
 2.29696e+15	8.95e-12	1.88e-05	1.00e+00
 2.35014e+15	9.71e-12	1.98e-05	1.00e+00
 2.40914e+15	1.06e-11	2.08e-05	1.00e+00
 2.48584e+15	1.19e-11	2.23e-05	1.00e+00
 2.56821e+15	1.33e-11	2.39e-05	1.00e+00
 2.64146e+15	1.47e-11	2.54e-05	1.00e+00
 2.72018e+15	1.64e-11	2.72e-05	1.00e+00
 2.81998e+15	1.87e-11	2.94e-05	1.00e+00
 2.92131e+15	2.13e-11	3.18e-05	1.00e+00
 3.00723e+15	2.37e-11	3.39e-05	1.00e+00
 3.09900e+15	2.64e-11	3.63e-05	1.00e+00
 3.21391e+15	3.03e-11	3.94e-05	1.00e+00
 3.33187e+15	3.48e-11	4.28e-05	1.00e+00
 3.43537e+15	3.89e-11	4.58e-05	1.00e+00
 3.54707e+15	4.36e-11	4.92e-05	1.00e+00
 3.68243e+15	5.06e-11	5.36e-05	1.00e+00
 3.81688e+15	5.80e-11	5.82e-05	1.00e+00
 3.93597e+15	6.51e-11	6.23e-05	1.00e+00
 4.06673e+15	7.40e-11	6.72e-05	1.00e+00
 4.22347e+15	8.54e-11	7.32e-05	1.00e+00
 4.37984e+15	9.84e-11	7.96e-05	1.00e+00
 4.52229e+15	1.11e-10	8.55e-05	1.00e+00
 4.68078e+15	1.27e-10	9.25e-05	1.00e+00
 4.86578e+15	1.47e-10	1.01e-04	1.00e+00
 5.04823e+15	1.70e-10	1.10e-04	1.00e+00
 5.22115e+15	1.94e-10	1.19e-04	1.00e+00
 5.41321e+15	2.25e-10	1.29e-04	1.00e+00
 5.59438e+15	2.52e-10	1.39e-04	1.00e+00
 5.72978e+15	2.78e-10	1.47e-04	1.00e+00
 5.86869e+15	3.08e-10	1.55e-04	1.00e+00
 6.04928e+15	3.48e-10	1.66e-04	1.00e+00
 6.24402e+15	3.90e-10	1.78e-04	1.00e+00
 6.41915e+15	4.36e-10	1.90e-04	1.00e+00
 6.60879e+15	4.90e-10	2.03e-04	1.00e+00
 6.85032e+15	5.71e-10	2.20e-04	1.00e+00
 7.09376e+15	6.48e-10	2.38e-04	1.00e+00
 7.29792e+15	7.29e-10	2.54e-04	1.00e+00
 7.51656e+15	8.21e-10	2.72e-04	1.00e+00
 7.79296e+15	9.61e-10	2.95e-04	1.00e+00
 8.08266e+15	1.10e-09	3.20e-04	1.00e+00
 8.34131e+15	1.25e-09	3.44e-04	1.00e+00
 8.62136e+15	1.43e-09	3.71e-04	1.00e+00
 8.95526e+15	1.69e-09	4.04e-04	1.00e+00
 9.28436e+15	1.95e-09	4.38e-04	1.00e+00
 9.58165e+15	2.20e-09	4.70e-04	1.00e+00
 9.91242e+15	2.53e-09	5.08e-04	9.99e-01
 1.03014e+16	3.02e-09	5.55e-04	9.99e-01
 1.06842e+16	3.50e-09	6.02e-04	9.99e-01
 1.10406e+16	4.02e-09	6.49e-04	9.99e-01
 1.14404e+16	4.64e-09	7.03e-04	9.99e-01
 1.18981e+16	5.50e-09	7.69e-04	9.99e-01
 1.22789e+16	6.27e-09	8.25e-04	9.99e-01
 1.25485e+16	6.86e-09	8.67e-04	9.99e-01
 1.28291e+16	7.53e-09	9.12e-04	9.99e-01
 1.31939e+16	8.35e-09	9.72e-04	9.99e-01
 1.36009e+16	9.65e-09	1.04e-03	9.99e-01
 1.39809e+16	1.08e-08	1.11e-03	9.99e-01
 1.43928e+16	1.21e-08	1.19e-03	9.99e-01
 1.48537e+16	1.40e-08	1.28e-03	9.99e-01
 1.52864e+16	1.58e-08	1.36e-03	9.99e-01
 1.57572e+16	1.78e-08	1.46e-03	9.99e-01
 1.62807e+16	2.08e-08	1.58e-03	9.98e-01
 1.67709e+16	2.35e-08	1.70e-03	9.98e-01
 1.73067e+16	2.67e-08	1.83e-03	9.98e-01
 1.78903e+16	3.14e-08	1.98e-03	9.98e-01
 1.84224e+16	3.57e-08	2.13e-03	9.98e-01
 1.90004e+16	4.07e-08	2.30e-03	9.98e-01
 1.96320e+16	4.66e-08	2.49e-03	9.98e-01
 2.02091e+16	5.41e-08	2.69e-03	9.97e-01
 2.07526e+16	6.11e-08	2.88e-03	9.97e-01
 2.13773e+16	6.97e-08	3.11e-03	9.97e-01
 2.20517e+16	7.96e-08	3.38e-03	9.97e-01
 2.26533e+16	9.22e-08	3.64e-03	9.96e-01
 2.32064e+16	1.03e-07	3.89e-03	9.96e-01
 2.38336e+16	1.18e-07	4.21e-03	9.96e-01
 2.45325e+16	1.37e-07	4.59e-03	9.95e-01
 2.51233e+16	1.54e-07	4.93e-03	9.95e-01
 2.56047e+16	1.71e-07	5.23e-03	9.95e-01
 2.61458e+16	1.91e-07	5.61e-03	9.94e-01
 2.68491e+16	2.22e-07	6.15e-03	9.94e-01
 2.75455e+16	2.58e-07	6.73e-03	9.93e-01
 2.80909e+16	2.90e-07	7.23e-03	9.93e-01
 2.85832e+16	3.24e-07	7.75e-03	9.92e-01
 2.91488e+16	3.63e-07	8.40e-03	9.92e-01
 2.97606e+16	4.26e-07	9.20e-03	9.91e-01
 3.02921e+16	4.76e-07	9.96e-03	9.90e-01
 3.07683e+16	5.42e-07	1.08e-02	9.89e-01
 3.13132e+16	6.26e-07	1.18e-02	9.88e-01
 3.18953e+16	7.22e-07	1.31e-02	9.87e-01
 3.23758e+16	8.26e-07	1.43e-02	9.86e-01
 3.27668e+16	9.31e-07	1.54e-02	9.85e-01
 3.31914e+16	1.06e-06	1.69e-02	9.83e-01
 3.36522e+16	1.24e-06	1.87e-02	9.81e-01
 3.40549e+16	1.42e-06	2.06e-02	9.79e-01
 3.44023e+16	1.65e-06	2.25e-02	9.78e-01
 3.47303e+16	1.85e-06	2.46e-02	9.75e-01
 3.51038e+16	2.23e-06	2.75e-02	9.73e-01
 3.54828e+16	2.56e-06	3.08e-02	9.69e-01
 3.57890e+16	3.05e-06	3.42e-02	9.66e-01
 3.60497e+16	3.48e-06	3.76e-02	9.62e-01
 3.63309e+16	3.99e-06	4.21e-02	9.58e-01
 3.66356e+16	4.76e-06	4.78e-02	9.52e-01
 3.68951e+16	5.64e-06	5.39e-02	9.46e-01
 3.71053e+16	6.68e-06	6.00e-02	9.40e-01
 3.72910e+16	7.53e-06	6.63e-02	9.34e-01
 3.74963e+16	8.86e-06	7.48e-02	9.25e-01
 3.77149e+16	1.06e-05	8.57e-02	9.14e-01
 3.78972e+16	1.26e-05	9.72e-02	9.03e-01
 3.80450e+16	1.49e-05	1.08e-01	8.92e-01
 3.81770e+16	1.69e-05	1.20e-01	8.80e-01
 3.83239e+16	1.99e-05	1.36e-01	8.64e-01
 3.84796e+16	2.39e-05	1.57e-01	8.43e-01
 3.86086e+16	2.83e-05	1.77e-01	8.23e-01
 3.87138e+16	3.31e-05	1.97e-01	8.03e-01
 3.88096e+16	3.74e-05	2.19e-01	7.81e-01
 3.89177e+16	4.39e-05	2.47e-01	7.53e-01
 3.90327e+16	5.28e-05	2.81e-01	7.19e-01
 3.91205e+16	5.99e-05	3.12e-01	6.88e-01
 3.91855e+16	6.69e-05	3.37e-01	6.63e-01
 3.92432e+16	7.33e-05	3.61e-01	6.39e-01
 3.93040e+16	8.10e-05	3.88e-01	6.12e-01
 3.93829e+16	9.20e-05	4.27e-01	5.73e-01
 3.94624e+16	1.04e-04	4.67e-01	5.33e-01
 3.95259e+16	1.15e-04	5.02e-01	4.98e-01
 3.95919e+16	1.27e-04	5.40e-01	4.60e-01
 3.96777e+16	1.44e-04	5.89e-01	4.11e-01
 3.97653e+16	1.61e-04	6.38e-01	3.62e-01
 3.98386e+16	1.77e-04	6.78e-01	3.22e-01
 3.99172e+16	1.93e-04	7.19e-01	2.81e-01
 4.00195e+16	2.15e-04	7.67e-01	2.33e-01
 4.01319e+16	2.36e-04	8.12e-01	1.87e-01
 4.02575e+16	2.58e-04	8.54e-01	1.46e-01
 4.04209e+16	2.83e-04	8.95e-01	1.05e-01
 4.06332e+16	3.10e-04	9.31e-01	6.87e-02
 4.09093e+16	3.37e-04	9.59e-01	4.12e-02
 4.12682e+16	3.64e-04	9.77e-01	2.26e-02
 4.16704e+16	3.91e-04	9.87e-01	1.26e-02
 4.20628e+16	4.16e-04	9.92e-01	7.68e-03
 4.25068e+16	4.46e-04	9.95e-01	4.64e-03
 4.29906e+16	4.83e-04	9.97e-01	2.88e-03
 4.34069e+16	5.20e-04	9.97e-01	2.00e-03
 4.37476e+16	5.56e-04	9.98e-01	1.52e-03
 4.40612e+16	5.93e-04	9.98e-01	1.19e-03
 4.44208e+16	6.43e-04	9.98e-01	9.02e-04
 4.47946e+16	7.05e-04	9.99e-01	6.95e-04
 4.50370e+16	7.55e-04	9.99e-01	6.01e-04
 4.51543e+16	7.80e-04	9.99e-01	5.60e-04
 4.52590e+16	8.04e-04	9.99e-01	5.22e-04
 4.53952e+16	8.38e-04	9.99e-01	4.77e-04
 4.55722e+16	8.88e-04	9.99e-01	4.24e-04
 4.57566e+16	9.44e-04	9.99e-01	3.80e-04
 4.59040e+16	9.96e-04	9.99e-01	3.48e-04
 4.60246e+16	1.04e-03	9.99e-01	3.24e-04
 4.61571e+16	1.10e-03	9.99e-01	2.99e-04
 4.62897e+16	1.16e-03	9.99e-01	2.77e-04
 4.63896e+16	1.21e-03	9.99e-01	2.63e-04
 4.64720e+16	1.26e-03	9.98e-01	2.51e-04
 4.65646e+16	1.31e-03	9.98e-01	2.37e-04
 4.66681e+16	1.38e-03	9.98e-01	2.24e-04
 4.67629e+16	1.45e-03	9.98e-01	2.12e-04
 4.68453e+16	1.51e-03	9.98e-01	2.03e-04
 4.69345e+16	1.58e-03	9.98e-01	1.93e-04
 4.70301e+16	1.67e-03	9.98e-01	1.83e-04
 4.71111e+16	1.75e-03	9.98e-01	1.75e-04
 4.71796e+16	1.83e-03	9.98e-01	1.69e-04
 4.72545e+16	1.92e-03	9.98e-01	1.62e-04
 4.73363e+16	2.03e-03	9.98e-01	1.55e-04
 4.74085e+16	2.13e-03	9.98e-01	1.49e-04
 4.74712e+16	2.23e-03	9.98e-01	1.44e-04
 4.75405e+16	2.35e-03	9.98e-01	1.39e-04
 4.76151e+16	2.49e-03	9.97e-01	1.34e-04
 4.76791e+16	2.62e-03	9.97e-01	1.29e-04
 4.77340e+16	2.75e-03	9.97e-01	1.26e-04
 4.77944e+16	2.90e-03	9.97e-01	1.22e-04
 4.78605e+16	3.09e-03	9.97e-01	1.18e-04
 4.79190e+16	3.27e-03	9.97e-01	1.14e-04
 4.79702e+16	3.44e-03	9.96e-01	1.11e-04
 4.80267e+16	3.66e-03	9.96e-01	1.08e-04
 4.80884e+16	3.92e-03	9.96e-01	1.05e-04
 4.81433e+16	4.19e-03	9.96e-01	1.02e-04
 4.81919e+16	4.45e-03	9.95e-01	9.95e-05
 4.82459e+16	4.78e-03	9.95e-01	9.66e-05
 4.83059e+16	5.19e-03	9.95e-01	9.38e-05
 4.83611e+16	5.65e-03	9.94e-01	9.12e-05
 4.84113e+16	6.11e-03	9.94e-01	8.92e-05
 4.84677e+16	6.72e-03	9.93e-01	8.67e-05
 4.85260e+16	7.49e-03	9.92e-01	8.43e-05
 4.85720e+16	8.23e-03	9.92e-01	8.25e-05
 4.86086e+16	8.90e-03	9.91e-01	8.13e-05
 4.86482e+16	9.74e-03	9.90e-01	7.97e-05
 4.86919e+16	1.08e-02	9.89e-01	7.81e-05
 4.87302e+16	1.20e-02	9.88e-01	7.70e-05
 4.87618e+16	1.31e-02	9.87e-01	7.63e-05
 4.87954e+16	1.45e-02	9.85e-01	7.54e-05
 4.88320e+16	1.64e-02	9.84e-01	7.47e-05
 4.88635e+16	1.83e-02	9.82e-01	7.41e-05
 4.88893e+16	2.02e-02	9.80e-01	7.38e-05
 4.89167e+16	2.26e-02	9.77e-01	7.33e-05
 4.89460e+16	2.56e-02	9.74e-01	7.33e-05
 4.89710e+16	2.88e-02	9.71e-01	7.34e-05
 4.89918e+16	3.18e-02	9.68e-01	7.39e-05
 4.90138e+16	3.57e-02	9.64e-01	7.41e-05
 4.90369e+16	4.06e-02	9.59e-01	7.48e-05
 4.90560e+16	4.52e-02	9.55e-01	7.61e-05
 4.90725e+16	5.00e-02	9.50e-01	7.71e-05
 4.90909e+16	5.63e-02	9.44e-01	7.82e-05
 4.91101e+16	6.39e-02	9.36e-01	8.01e-05
 4.91258e+16	7.14e-02	9.29e-01	8.17e-05
 4.91393e+16	7.86e-02	9.21e-01	8.35e-05
 4.91523e+16	8.68e-02	9.13e-01	8.52e-05
 4.91655e+16	9.61e-02	9.04e-01	8.73e-05
 4.91780e+16	1.06e-01	8.94e-01	8.95e-05
 4.91890e+16	1.16e-01	8.84e-01	9.20e-05
 4.91969e+16	1.23e-01	8.77e-01	9.36e-05
 4.92021e+16	1.28e-01	8.71e-01	9.47e-05
 4.92069e+16	1.34e-01	8.66e-01	9.57e-05
 4.92126e+16	1.41e-01	8.59e-01	9.69e-05
 4.92187e+16	1.48e-01	8.52e-01	9.84e-05
 4.92245e+16	1.56e-01	8.44e-01	9.99e-05
 4.92299e+16	1.63e-01	8.37e-01	1.02e-04
 4.92354e+16	1.72e-01	8.28e-01	1.03e-04
 4.92408e+16	1.80e-01	8.20e-01	1.05e-04
 4.92462e+16	1.89e-01	8.11e-01	1.06e-04
 4.92515e+16	1.98e-01	8.02e-01	1.08e-04
 4.92567e+16	2.07e-01	7.93e-01	1.09e-04
 4.92618e+16	2.17e-01	7.83e-01	1.11e-04
 4.92670e+16	2.27e-01	7.72e-01	1.12e-04
 4.92721e+16	2.38e-01	7.62e-01	1.14e-04
 4.92770e+16	2.49e-01	7.51e-01	1.15e-04
 4.92819e+16	2.61e-01	7.39e-01	1.17e-04
 4.92867e+16	2.72e-01	7.28e-01	1.18e-04
 4.92916e+16	2.84e-01	7.15e-01	1.20e-04
 4.92963e+16	2.97e-01	7.03e-01	1.21e-04
 4.93010e+16	3.10e-01	6.90e-01	1.23e-04
 4.93056e+16	3.23e-01	6.77e-01	1.24e-04
 4.93101e+16	3.36e-01	6.64e-01	1.25e-04
 4.93146e+16	3.50e-01	6.50e-01	1.27e-04
 4.93191e+16	3.64e-01	6.35e-01	1.28e-04
 4.93234e+16	3.79e-01	6.21e-01	1.29e-04
 4.93277e+16	3.93e-01	6.07e-01	1.30e-04
 4.93319e+16	4.08e-01	5.92e-01	1.31e-04
 4.93361e+16	4.22e-01	5.78e-01	1.32e-04
 4.93403e+16	4.37e-01	5.62e-01	1.33e-04
 4.93443e+16	4.52e-01	5.48e-01	1.33e-04
 4.93482e+16	4.67e-01	5.33e-01	1.34e-04
 4.93522e+16	4.82e-01	5.18e-01	1.35e-04
 4.93560e+16	4.96e-01	5.03e-01	1.35e-04
 4.93597e+16	5.11e-01	4.89e-01	1.36e-04
 4.93634e+16	5.25e-01	4.75e-01	1.36e-04
 4.93670e+16	5.39e-01	4.60e-01	1.36e-04
 4.93705e+16	5.54e-01	4.46e-01	1.36e-04
 4.93739e+16	5.67e-01	4.33e-01	1.36e-04
 4.93773e+16	5.81e-01	4.19e-01	1.36e-04
 4.93806e+16	5.94e-01	4.06e-01	1.36e-04
 4.93838e+16	6.07e-01	3.93e-01	1.36e-04
 4.93870e+16	6.19e-01	3.81e-01	1.35e-04
 4.93901e+16	6.32e-01	3.68e-01	1.35e-04
 4.93931e+16	6.43e-01	3.56e-01	1.34e-04
 4.93961e+16	6.55e-01	3.45e-01	1.34e-04
 4.93990e+16	6.66e-01	3.34e-01	1.33e-04
 4.94019e+16	6.77e-01	3.23e-01	1.32e-04
 4.94047e+16	6.88e-01	3.12e-01	1.32e-04
 4.94075e+16	6.98e-01	3.01e-01	1.31e-04
 4.94103e+16	7.09e-01	2.91e-01	1.30e-04
 4.94130e+16	7.18e-01	2.81e-01	1.29e-04
 4.94157e+16	7.28e-01	2.72e-01	1.28e-04
 4.94183e+16	7.37e-01	2.63e-01	1.27e-04
 4.94209e+16	7.46e-01	2.54e-01	1.26e-04
 4.94234e+16	7.55e-01	2.45e-01	1.24e-04
 4.94259e+16	7.63e-01	2.37e-01	1.23e-04
 4.94281e+16	7.70e-01	2.30e-01	1.22e-04
 4.94296e+16	7.75e-01	2.25e-01	1.21e-04
 4.94311e+16	7.80e-01	2.20e-01	1.20e-04
 4.94327e+16	7.85e-01	2.15e-01	1.19e-04
 4.94342e+16	7.90e-01	2.10e-01	1.18e-04
 4.94358e+16	7.95e-01	2.05e-01	1.17e-04
 4.94373e+16	7.99e-01	2.00e-01	1.16e-04
 4.94388e+16	8.04e-01	1.96e-01	1.15e-04
 4.94402e+16	8.08e-01	1.92e-01	1.14e-04
 4.94417e+16	8.12e-01	1.87e-01	1.13e-04
 4.94431e+16	8.17e-01	1.83e-01	1.12e-04
 4.94445e+16	8.21e-01	1.79e-01	1.11e-04
 4.94460e+16	8.25e-01	1.75e-01	1.10e-04
 4.94474e+16	8.29e-01	1.71e-01	1.09e-04
 4.94489e+16	8.33e-01	1.67e-01	1.08e-04
 4.94504e+16	8.37e-01	1.63e-01	1.07e-04
 4.94520e+16	8.41e-01	1.59e-01	1.06e-04
 4.94537e+16	8.45e-01	1.54e-01	1.04e-04
 4.94556e+16	8.50e-01	1.50e-01	1.03e-04
 4.94576e+16	8.55e-01	1.45e-01	1.01e-04
 4.94599e+16	8.61e-01	1.39e-01	9.95e-05
 4.94620e+16	8.66e-01	1.34e-01	9.77e-05
 4.94641e+16	8.70e-01	1.30e-01	9.59e-05
 4.94660e+16	8.75e-01	1.25e-01	9.40e-05
 4.94679e+16	8.79e-01	1.21e-01	9.21e-05
 4.94697e+16	8.83e-01	1.17e-01	9.03e-05
 4.94715e+16	8.87e-01	1.13e-01	8.85e-05
 4.94731e+16	8.90e-01	1.10e-01	8.67e-05
 4.94746e+16	8.93e-01	1.07e-01	8.51e-05
 4.94760e+16	8.96e-01	1.04e-01	8.36e-05
 4.94773e+16	8.99e-01	1.01e-01	8.21e-05
 4.94784e+16	9.01e-01	9.91e-02	8.08e-05
 4.94794e+16	9.03e-01	9.71e-02	7.96e-05
 4.94804e+16	9.05e-01	9.52e-02	7.84e-05
 4.94812e+16	9.06e-01	9.35e-02	7.72e-05
 4.94822e+16	9.08e-01	9.17e-02	7.61e-05
 4.94832e+16	9.10e-01	8.98e-02	7.49e-05
 4.94841e+16	9.12e-01	8.81e-02	7.38e-05
 4.94849e+16	9.13e-01	8.66e-02	7.27e-05
 4.94857e+16	9.15e-01	8.51e-02	7.16e-05
 4.94864e+16	9.16e-01	8.38e-02	7.08e-05
 4.94871e+16	9.17e-01	8.24e-02	6.98e-05
 4.94880e+16	9.19e-01	8.10e-02	6.87e-05
 4.94887e+16	9.20e-01	7.97e-02	6.78e-05
 4.94894e+16	9.22e-01	7.84e-02	6.68e-05
 4.94900e+16	9.23e-01	7.73e-02	6.59e-05
 4.94907e+16	9.24e-01	7.61e-02	6.51e-05
 4.94914e+16	9.25e-01	7.48e-02	6.41e-05
 4.94921e+16	9.26e-01	7.37e-02	6.31e-05
 4.94927e+16	9.27e-01	7.26e-02	6.22e-05
 4.94932e+16	9.28e-01	7.16e-02	6.14e-05
 4.94938e+16	9.29e-01	7.06e-02	6.06e-05
 4.94945e+16	9.30e-01	6.95e-02	5.97e-05
 4.94951e+16	9.31e-01	6.85e-02	5.88e-05
 4.94956e+16	9.32e-01	6.75e-02	5.80e-05
 4.94961e+16	9.33e-01	6.67e-02	5.72e-05
 4.94967e+16	9.34e-01	6.57e-02	5.65e-05
 4.94973e+16	9.35e-01	6.47e-02	5.56e-05
 4.94979e+16	9.36e-01	6.38e-02	5.48e-05
 4.94984e+16	9.37e-01	6.30e-02	5.41e-05
 4.94989e+16	9.38e-01	6.21e-02	5.33e-05
 4.94994e+16	9.39e-01	6.13e-02	5.27e-05
 4.94999e+16	9.40e-01	6.04e-02	5.19e-05
 4.95006e+16	9.41e-01	5.94e-02	5.10e-05
 4.95011e+16	9.41e-01	5.86e-02	5.02e-05
 4.95016e+16	9.42e-01	5.78e-02	4.95e-05
 4.95021e+16	9.43e-01	5.70e-02	4.88e-05
 4.95026e+16	9.44e-01	5.62e-02	4.82e-05
 4.95031e+16	9.44e-01	5.55e-02	4.75e-05
 4.95036e+16	9.45e-01	5.47e-02	4.68e-05
 4.95041e+16	9.46e-01	5.40e-02	4.62e-05
 4.95046e+16	9.47e-01	5.33e-02	4.55e-05
 4.95051e+16	9.47e-01	5.25e-02	4.49e-05
 4.95056e+16	9.48e-01	5.18e-02	4.42e-05
 4.95061e+16	9.49e-01	5.11e-02	4.36e-05
 4.95066e+16	9.50e-01	5.04e-02	4.30e-05
 4.95071e+16	9.50e-01	4.98e-02	4.24e-05
 4.95076e+16	9.51e-01	4.91e-02	4.18e-05
 4.95081e+16	9.52e-01	4.84e-02	4.12e-05
 4.95086e+16	9.52e-01	4.77e-02	4.06e-05
 4.95092e+16	9.53e-01	4.69e-02	4.00e-05
 4.95098e+16	9.54e-01	4.62e-02	3.94e-05
 4.95103e+16	9.54e-01	4.56e-02	3.88e-05
 4.95108e+16	9.55e-01	4.50e-02	3.83e-05
 4.95114e+16	9.56e-01	4.43e-02	3.77e-05
 4.95120e+16	9.56e-01	4.36e-02	3.71e-05
 4.95126e+16	9.57e-01	4.30e-02	3.66e-05
 4.95131e+16	9.58e-01	4.24e-02	3.60e-05
 4.95136e+16	9.58e-01	4.17e-02	3.55e-05
 4.95143e+16	9.59e-01	4.11e-02	3.50e-05
 4.95148e+16	9.60e-01	4.04e-02	3.44e-05
 4.95153e+16	9.60e-01	3.99e-02	3.40e-05
 4.95159e+16	9.61e-01	3.93e-02	3.35e-05
 4.95165e+16	9.61e-01	3.87e-02	3.30e-05
 4.95171e+16	9.62e-01	3.81e-02	3.24e-05
 4.95177e+16	9.62e-01	3.75e-02	3.20e-05
 4.95183e+16	9.63e-01	3.69e-02	3.14e-05
 4.95190e+16	9.64e-01	3.63e-02	3.09e-05
 4.95195e+16	9.64e-01	3.58e-02	3.05e-05
 4.95201e+16	9.65e-01	3.53e-02	3.01e-05
 4.95209e+16	9.65e-01	3.45e-02	2.95e-05
 4.95217e+16	9.66e-01	3.38e-02	2.89e-05
 4.95225e+16	9.67e-01	3.32e-02	2.84e-05
 4.95232e+16	9.67e-01	3.26e-02	2.79e-05
 4.95238e+16	9.68e-01	3.21e-02	2.75e-05
 4.95245e+16	9.68e-01	3.16e-02	2.70e-05
 4.95253e+16	9.69e-01	3.10e-02	2.66e-05
 4.95260e+16	9.70e-01	3.05e-02	2.61e-05
 4.95267e+16	9.70e-01	2.99e-02	2.57e-05
 4.95275e+16	9.71e-01	2.93e-02	2.52e-05
 4.95282e+16	9.71e-01	2.88e-02	2.47e-05
 4.95289e+16	9.72e-01	2.84e-02	2.44e-05
 4.95297e+16	9.72e-01	2.79e-02	2.40e-05
 4.95306e+16	9.73e-01	2.72e-02	2.34e-05
 4.95316e+16	9.73e-01	2.66e-02	2.29e-05
 4.95326e+16	9.74e-01	2.60e-02	2.25e-05
 4.95334e+16	9.74e-01	2.55e-02	2.21e-05
 4.95342e+16	9.75e-01	2.51e-02	2.17e-05
 4.95351e+16	9.75e-01	2.46e-02	2.13e-05
 4.95360e+16	9.76e-01	2.41e-02	2.09e-05
 4.95368e+16	9.76e-01	2.37e-02	2.06e-05
 4.95377e+16	9.77e-01	2.32e-02	2.01e-05
 4.95387e+16	9.77e-01	2.27e-02	1.98e-05
 4.95396e+16	9.78e-01	2.23e-02	1.94e-05
 4.95406e+16	9.78e-01	2.18e-02	1.90e-05
 4.95417e+16	9.79e-01	2.13e-02	1.86e-05
 4.95426e+16	9.79e-01	2.09e-02	1.83e-05
 4.95437e+16	9.80e-01	2.04e-02	1.79e-05
 4.95448e+16	9.80e-01	1.99e-02	1.75e-05
 4.95459e+16	9.80e-01	1.95e-02	1.72e-05
 4.95470e+16	9.81e-01	1.91e-02	1.68e-05
 4.95483e+16	9.81e-01	1.86e-02	1.64e-05
 4.95494e+16	9.82e-01	1.82e-02	1.61e-05
 4.95506e+16	9.82e-01	1.78e-02	1.57e-05
 4.95519e+16	9.83e-01	1.73e-02	1.54e-05
 4.95531e+16	9.83e-01	1.70e-02	1.51e-05
 4.95545e+16	9.83e-01	1.65e-02	1.47e-05
 4.95559e+16	9.84e-01	1.61e-02	1.44e-05
 4.95572e+16	9.84e-01	1.58e-02	1.41e-05
 4.95586e+16	9.85e-01	1.54e-02	1.37e-05
 4.95602e+16	9.85e-01	1.50e-02	1.34e-05
 4.95616e+16	9.85e-01	1.46e-02	1.31e-05
 4.95631e+16	9.86e-01	1.42e-02	1.28e-05
 4.95648e+16	9.86e-01	1.39e-02	1.25e-05
 4.95663e+16	9.86e-01	1.36e-02	1.22e-05
 4.95679e+16	9.87e-01	1.32e-02	1.19e-05
 4.95701e+16	9.87e-01	1.28e-02	1.16e-05
 4.95724e+16	9.88e-01	1.24e-02	1.12e-05
 4.95745e+16	9.88e-01	1.20e-02	1.09e-05
 4.95764e+16	9.88e-01	1.17e-02	1.07e-05
 4.95785e+16	9.89e-01	1.14e-02	1.04e-05
 4.95812e+16	9.89e-01	1.10e-02	1.01e-05
 4.95842e+16	9.89e-01	1.06e-02	9.76e-06
 4.95869e+16	9.90e-01	1.03e-02	9.49e-06
 4.95898e+16	9.90e-01	1.00e-02	9.20e-06
 4.95937e+16	9.90e-01	9.62e-03	8.86e-06
 4.95983e+16	9.91e-01	9.23e-03	8.51e-06
 4.96034e+16	9.91e-01	8.86e-03	8.19e-06
 4.96090e+16	9.91e-01	8.51e-03	7.87e-06
 4.96154e+16	9.92e-01	8.17e-03	7.56e-06
 4.96230e+16	9.92e-01	7.84e-03	7.25e-06
 4.96320e+16	9.92e-01	7.53e-03	6.97e-06
 4.96419e+16	9.93e-01	7.28e-03	6.72e-06
 4.96519e+16	9.93e-01	7.08e-03	6.53e-06
 4.96619e+16	9.93e-01	6.93e-03	6.38e-06
 4.96719e+16	9.93e-01	6.81e-03	6.24e-06
 4.96834e+16	9.93e-01	6.69e-03	6.10e-06
 4.96984e+16	9.93e-01	6.58e-03	5.98e-06
 4.97178e+16	9.94e-01	6.46e-03	5.83e-06
 4.97431e+16	9.94e-01	6.35e-03	5.69e-06
 4.97759e+16	9.94e-01	6.22e-03	5.50e-06
 4.98186e+16	9.94e-01	6.08e-03	5.29e-06
 4.98741e+16	9.94e-01	5.91e-03	5.04e-06
 4.99463e+16	9.94e-01	5.71e-03	4.73e-06
 5.00401e+16	9.95e-01	5.46e-03	4.36e-06
 5.01525e+16	9.95e-01	5.20e-03	3.98e-06
 5.02710e+16	9.95e-01	4.95e-03	3.62e-06
 5.03897e+16	9.95e-01	4.71e-03	3.30e-06
 5.05108e+16	9.96e-01	4.49e-03	3.01e-06
 5.06363e+16	9.96e-01	4.27e-03	2.74e-06
 5.07657e+16	9.96e-01	4.07e-03	2.48e-06
 5.08982e+16	9.96e-01	3.87e-03	2.25e-06
 5.10317e+16	9.96e-01	3.68e-03	2.05e-06
 5.11681e+16	9.96e-01	3.50e-03	1.85e-06
 5.13102e+16	9.97e-01	3.33e-03	1.67e-06
 5.14564e+16	9.97e-01	3.16e-03	1.51e-06
 5.16054e+16	9.97e-01	3.00e-03	1.36e-06
 5.17574e+16	9.97e-01	2.85e-03	1.23e-06
 5.19130e+16	9.97e-01	2.70e-03	1.10e-06
 5.20722e+16	9.97e-01	2.56e-03	9.92e-07
 5.22352e+16	9.98e-01	2.43e-03	8.91e-07
 5.24019e+16	9.98e-01	2.30e-03	7.98e-07
 5.25721e+16	9.98e-01	2.18e-03	7.15e-07
 5.27463e+16	9.98e-01	2.07e-03	6.39e-07
 5.29247e+16	9.98e-01	1.95e-03	5.70e-07
 5.31071e+16	9.98e-01	1.85e-03	5.09e-07
 5.32937e+16	9.98e-01	1.75e-03	4.53e-07
 5.34852e+16	9.98e-01	1.65e-03	4.02e-07
 5.36817e+16	9.98e-01	1.56e-03	3.57e-07
 5.38831e+16	9.99e-01	1.47e-03	3.16e-07
 5.40897e+16	9.99e-01	1.38e-03	2.79e-07
 5.43019e+16	9.99e-01	1.30e-03	2.46e-07
 5.45201e+16	9.99e-01	1.23e-03	2.17e-07
 5.47444e+16	9.99e-01	1.15e-03	1.90e-07
 5.49757e+16	9.99e-01	1.08e-03	1.67e-07
 5.52142e+16	9.99e-01	1.01e-03	1.45e-07
 5.54601e+16	9.99e-01	9.51e-04	1.27e-07
 5.57106e+16	9.99e-01	8.91e-04	1.10e-07
 5.59675e+16	9.99e-01	8.34e-04	9.56e-08
 5.62380e+16	9.99e-01	7.78e-04	8.24e-08
 5.65220e+16	9.99e-01	7.24e-04	7.06e-08
 5.68173e+16	9.99e-01	6.73e-04	6.02e-08
 5.71240e+16	9.99e-01	6.24e-04	5.11e-08
 5.74431e+16	9.99e-01	5.77e-04	4.31e-08
 5.77771e+16	9.99e-01	5.32e-04	3.61e-08
 5.81299e+16	1.00e+00	4.89e-04	3.00e-08
 5.84997e+16	1.00e+00	4.48e-04	2.48e-08
 5.88897e+16	1.00e+00	4.08e-04	2.02e-08
 5.93057e+16	1.00e+00	3.69e-04	1.63e-08
 5.97462e+16	1.00e+00	3.32e-04	1.29e-08
 6.02160e+16	1.00e+00	2.96e-04	1.01e-08
 6.07231e+16	1.00e+00	2.61e-04	7.78e-09
 6.12746e+16	1.00e+00	2.27e-04	5.81e-09
 6.18789e+16	1.00e+00	1.95e-04	4.23e-09
 6.25487e+16	1.00e+00	1.63e-04	2.95e-09
 6.33321e+16	1.00e+00	1.32e-04	1.94e-09
 6.42419e+16	1.00e+00	1.04e-04	1.21e-09
 6.52023e+16	1.00e+00	8.13e-05	7.36e-10
 6.62828e+16	1.00e+00	6.12e-05	4.18e-10
 6.75919e+16	1.00e+00	4.37e-05	2.15e-10
 6.90178e+16	1.00e+00	3.07e-05	1.07e-10
 7.04872e+16	1.00e+00	2.14e-05	5.26e-11
 7.20232e+16	1.00e+00	1.49e-05	2.56e-11
 7.35893e+16	1.00e+00	1.03e-05	1.25e-11
 7.51554e+16	1.00e+00	7.26e-06	6.22e-12
 7.67215e+16	1.00e+00	5.14e-06	3.15e-12
 7.82876e+16	1.00e+00	3.66e-06	1.62e-12
 7.98538e+16	1.00e+00	2.63e-06	8.43e-13
 8.14199e+16	1.00e+00	1.90e-06	4.46e-13
 8.29860e+16	1.00e+00	1.38e-06	2.38e-13
 8.45521e+16	1.00e+00	1.01e-06	1.30e-13
 8.61182e+16	1.00e+00	7.44e-07	7.12e-14
 8.76843e+16	1.00e+00	5.51e-07	3.96e-14
 8.92504e+16	1.00e+00	4.11e-07	2.23e-14
 9.10514e+16	1.00e+00	2.91e-07	1.14e-14
 9.31180e+16	1.00e+00	2.01e-07	5.54e-15
 9.52152e+16	1.00e+00	1.39e-07	2.71e-15
 9.73125e+16	1.00e+00	9.73e-08	1.36e-15
 9.95847e+16	1.00e+00	6.61e-08	6.41e-16
 1.02044e+17	1.00e+00	4.43e-08	2.96e-16
 1.04514e+17	1.00e+00	3.02e-08	1.40e-16
 1.07091e+17	1.00e+00	2.03e-08	6.48e-17
 1.09799e+17	1.00e+00	1.37e-08	2.99e-17
 1.12574e+17	1.00e+00	9.23e-09	1.38e-17
 1.15402e+17	1.00e+00	6.24e-09	6.43e-18
 1.18244e+17	1.00e+00	4.26e-09	3.05e-18
 1.21086e+17	1.00e+00	2.93e-09	1.47e-18
 1.23928e+17	1.00e+00	2.05e-09	7.30e-19
 1.26769e+17	1.00e+00	1.44e-09	3.67e-19
 1.29611e+17	1.00e+00	1.03e-09	1.88e-19
 1.32453e+17	1.00e+00	7.38e-10	9.81e-20
 1.35296e+17	1.00e+00	5.34e-10	5.19e-20
 1.38140e+17	1.00e+00	3.90e-10	2.79e-20
 1.40983e+17	1.00e+00	2.87e-10	1.52e-20
 1.43827e+17	1.00e+00	2.12e-10	8.40e-21
 1.46670e+17	1.00e+00	1.58e-10	0.00e+00
 1.49513e+17	1.00e+00	1.19e-10	0.00e+00
 1.52356e+17	1.00e+00	9.00e-11	0.00e+00
 1.55199e+17	1.00e+00	6.86e-11	0.00e+00
 1.58468e+17	1.00e+00	5.02e-11	0.00e+00
 1.62281e+17	1.00e+00	3.54e-11	0.00e+00
 1.66364e+17	1.00e+00	2.48e-11	0.00e+00
 1.70642e+17	1.00e+00	1.74e-11	0.00e+00
 1.75024e+17	1.00e+00	1.23e-11	0.00e+00
 1.79489e+17	1.00e+00	8.84e-12	0.00e+00
 1.84063e+17	1.00e+00	6.46e-12	0.00e+00
 1.88724e+17	1.00e+00	4.84e-12	0.00e+00
 1.93385e+17	1.00e+00	3.75e-12	0.00e+00
 1.98046e+17	1.00e+00	3.00e-12	0.00e+00
 2.02915e+17	1.00e+00	2.47e-12	0.00e+00
 2.08065e+17	1.00e+00	2.06e-12	0.00e+00
 2.13315e+17	1.00e+00	1.78e-12	0.00e+00
 2.18666e+17	1.00e+00	1.59e-12	0.00e+00
 2.24146e+17	1.00e+00	1.45e-12	0.00e+00
 2.29678e+17	1.00e+00	1.35e-12	0.00e+00
 2.35822e+17	1.00e+00	1.29e-12	0.00e+00
 2.42886e+17	1.00e+00	1.13e-12	0.00e+00
 2.50194e+17	1.00e+00	1.02e-12	0.00e+00
 2.57353e+17	1.00e+00	9.93e-13	0.00e+00
 2.64451e+17	1.00e+00	9.93e-13	0.00e+00
 2.71619e+17	1.00e+00	9.83e-13	0.00e+00
 2.78837e+17	1.00e+00	9.69e-13	0.00e+00
 2.86025e+17	1.00e+00	9.60e-13	0.00e+00
 2.93137e+17	1.00e+00	9.62e-13	0.00e+00
 3.00135e+17	1.00e+00	9.65e-13	0.00e+00
 3.06987e+17	1.00e+00	9.76e-13	0.00e+00
 3.13677e+17	1.00e+00	9.88e-13	0.00e+00
 3.20173e+17	1.00e+00	1.00e-12	0.00e+00
 3.26434e+17	1.00e+00	1.02e-12	0.00e+00
 3.32437e+17	1.00e+00	1.05e-12	0.00e+00
 3.38182e+17	1.00e+00	1.07e-12	0.00e+00
 3.43662e+17	1.00e+00	1.10e-12	0.00e+00
 3.48866e+17	1.00e+00	1.13e-12	0.00e+00
 3.53798e+17	1.00e+00	1.15e-12	0.00e+00
 3.58460e+17	1.00e+00	1.18e-12	0.00e+00
 3.62864e+17	1.00e+00	1.21e-12	0.00e+00
 3.67020e+17	1.00e+00	1.24e-12	0.00e+00
 3.70937e+17	1.00e+00	1.27e-12	0.00e+00
 3.74623e+17	1.00e+00	1.30e-12	0.00e+00
 3.78087e+17	1.00e+00	1.32e-12	0.00e+00
 3.81349e+17	1.00e+00	1.35e-12	0.00e+00
 3.84428e+17	1.00e+00	1.37e-12	0.00e+00
 3.87337e+17	1.00e+00	1.40e-12	0.00e+00
 3.90084e+17	1.00e+00	1.42e-12	0.00e+00
 3.92673e+17	1.00e+00	1.44e-12	0.00e+00
 3.95115e+17	1.00e+00	1.46e-12	0.00e+00
 3.97421e+17	1.00e+00	1.47e-12	0.00e+00
 3.99601e+17	1.00e+00	1.49e-12	0.00e+00
 4.01663e+17	1.00e+00	1.51e-12	0.00e+00
 4.03614e+17	1.00e+00	1.52e-12	0.00e+00
 4.05461e+17	1.00e+00	1.54e-12	0.00e+00
 4.07208e+17	1.00e+00	1.55e-12	0.00e+00
 4.08863e+17	1.00e+00	1.56e-12	0.00e+00
 4.10432e+17	1.00e+00	1.57e-12	0.00e+00
 4.11921e+17	1.00e+00	1.58e-12	0.00e+00
 4.13333e+17	1.00e+00	1.60e-12	0.00e+00
 4.14674e+17	1.00e+00	1.61e-12	0.00e+00
 4.15948e+17	1.00e+00	1.61e-12	0.00e+00
 4.17158e+17	1.00e+00	1.62e-12	0.00e+00
 4.18308e+17	1.00e+00	1.63e-12	0.00e+00
 4.19404e+17	1.00e+00	1.64e-12	0.00e+00
 4.20446e+17	1.00e+00	1.65e-12	0.00e+00
 4.21440e+17	1.00e+00	1.65e-12	0.00e+00
 4.22387e+17	1.00e+00	1.66e-12	0.00e+00
 4.23290e+17	1.00e+00	1.67e-12	0.00e+00
 4.24153e+17	1.00e+00	1.67e-12	0.00e+00
 4.24977e+17	1.00e+00	1.68e-12	0.00e+00
 4.25766e+17	1.00e+00	1.68e-12	0.00e+00
 4.26521e+17	1.00e+00	1.69e-12	0.00e+00
 4.27245e+17	1.00e+00	1.69e-12	0.00e+00
 4.27939e+17	1.00e+00	1.70e-12	0.00e+00
 4.28607e+17	1.00e+00	1.70e-12	0.00e+00
 4.29249e+17	1.00e+00	1.70e-12	0.00e+00
 4.29867e+17	1.00e+00	1.71e-12	0.00e+00
 4.30464e+17	1.00e+00	1.71e-12	0.00e+00
 4.31042e+17	1.00e+00	1.71e-12	0.00e+00
 4.31601e+17	1.00e+00	1.72e-12	0.00e+00
 4.32145e+17	1.00e+00	1.72e-12	0.00e+00
 4.32673e+17	1.00e+00	1.72e-12	0.00e+00
 4.33190e+17	1.00e+00	1.72e-12	0.00e+00
 4.33695e+17	1.00e+00	1.73e-12	0.00e+00
 4.34192e+17	1.00e+00	1.73e-12	0.00e+00
 4.34681e+17	1.00e+00	1.73e-12	0.00e+00
 4.35166e+17	1.00e+00	1.73e-12	0.00e+00
 4.35648e+17	1.00e+00	1.73e-12	0.00e+00
 4.36131e+17	1.00e+00	1.74e-12	0.00e+00
 4.36615e+17	1.00e+00	1.74e-12	0.00e+00
 4.37106e+17	1.00e+00	1.74e-12	0.00e+00
 4.37607e+17	1.00e+00	1.74e-12	0.00e+00
 4.38121e+17	1.00e+00	1.74e-12	0.00e+00
 4.38655e+17	1.00e+00	1.74e-12	0.00e+00
 4.39215e+17	1.00e+00	1.74e-12	0.00e+00
 4.39809e+17	1.00e+00	1.74e-12	0.00e+00
 4.40448e+17	1.00e+00	1.74e-12	0.00e+00
 4.41146e+17	1.00e+00	1.73e-12	0.00e+00
 4.41921e+17	1.00e+00	1.73e-12	0.00e+00
 4.42800e+17	1.00e+00	1.72e-12	0.00e+00
 4.43819e+17	1.00e+00	1.71e-12	0.00e+00
 4.45029e+17	1.00e+00	1.70e-12	0.00e+00
 4.46508e+17	1.00e+00	1.68e-12	0.00e+00
 4.48369e+17	1.00e+00	1.64e-12	0.00e+00
 4.50769e+17	1.00e+00	1.59e-12	0.00e+00
 4.53890e+17	1.00e+00	1.51e-12	0.00e+00
 4.57947e+17	1.00e+00	1.39e-12	0.00e+00
 4.63221e+17	1.00e+00	1.24e-12	0.00e+00
 4.70077e+17	1.00e+00	1.05e-12	0.00e+00
 4.78990e+17	1.00e+00	8.46e-13	0.00e+00
 4.90577e+17	1.00e+00	6.27e-13	0.00e+00
 5.05640e+17	1.00e+00	4.16e-13	0.00e+00
 5.24437e+17	1.00e+00	2.38e-13	0.00e+00
 5.45414e+17	1.00e+00	1.40e-13	0.00e+00
 5.67231e+17	1.00e+00	1.19e-13	0.00e+00
 5.89920e+17	1.00e+00	1.02e-13	0.00e+00
 6.13517e+17	1.00e+00	8.68e-14	0.00e+00
 6.38058e+17	1.00e+00	7.28e-14	0.00e+00
 6.63580e+17	1.00e+00	6.05e-14	0.00e+00
 6.90123e+17	1.00e+00	4.96e-14	0.00e+00
 7.17728e+17	1.00e+00	4.01e-14	0.00e+00
 7.45557e+17	1.00e+00	3.20e-14	0.00e+00
 7.71757e+17	1.00e+00	3.27e-14	0.00e+00
 7.95213e+17	1.00e+00	4.47e-14	0.00e+00
 8.16325e+17	1.00e+00	6.26e-14	0.00e+00
 8.36076e+17	1.00e+00	7.49e-14	0.00e+00
 8.55003e+17	1.00e+00	7.80e-14	0.00e+00
 8.72820e+17	1.00e+00	7.86e-14	0.00e+00
 8.88831e+17	1.00e+00	8.62e-14	0.00e+00
 9.02735e+17	1.00e+00	1.02e-13	0.00e+00
 9.14855e+17	1.00e+00	1.19e-13	0.00e+00
 9.25729e+17	1.00e+00	1.28e-13	0.00e+00
 9.35504e+17	1.00e+00	1.29e-13	0.00e+00
 9.43225e+17	1.00e+00	1.31e-13	0.00e+00
 9.48041e+17	1.00e+00	1.53e-13	0.00e+00
 9.50617e+17	1.00e+00	1.76e-13	0.00e+00
 9.52049e+17	1.00e+00	1.90e-13	0.00e+00
 9.52907e+17	1.00e+00	1.98e-13	0.00e+00
 9.53451e+17	1.00e+00	2.02e-13	0.00e+00
 9.53920e+17	1.00e+00	2.05e-13	0.00e+00
 9.54471e+17	1.00e+00	2.08e-13	0.00e+00
 9.55099e+17	1.00e+00	2.10e-13	0.00e+00
 9.55692e+17	1.00e+00	2.12e-13	0.00e+00
 9.56161e+17	1.00e+00	2.13e-13	0.00e+00
 9.56548e+17	1.00e+00	2.14e-13	0.00e+00
 9.56925e+17	1.00e+00	2.15e-13	0.00e+00
 9.57318e+17	1.00e+00	2.15e-13	0.00e+00
 9.57725e+17	1.00e+00	2.15e-13	0.00e+00
 9.58104e+17	1.00e+00	2.15e-13	0.00e+00
 9.58440e+17	1.00e+00	2.15e-13	0.00e+00
 9.58742e+17	1.00e+00	2.15e-13	0.00e+00
 9.59011e+17	1.00e+00	2.15e-13	0.00e+00
 9.59283e+17	1.00e+00	2.15e-13	0.00e+00
 9.59567e+17	1.00e+00	2.14e-13	0.00e+00
 9.59843e+17	1.00e+00	2.14e-13	0.00e+00
 9.60107e+17	1.00e+00	2.13e-13	0.00e+00
 9.60358e+17	1.00e+00	2.13e-13	0.00e+00
 9.60597e+17	1.00e+00	2.12e-13	0.00e+00
 9.60825e+17	1.00e+00	2.12e-13	0.00e+00
 9.61049e+17	1.00e+00	2.11e-13	0.00e+00
 9.61274e+17	1.00e+00	2.11e-13	0.00e+00
 9.61498e+17	1.00e+00	2.10e-13	0.00e+00
 9.61716e+17	1.00e+00	2.09e-13	0.00e+00
 9.61922e+17	1.00e+00	2.09e-13	0.00e+00
 9.62122e+17	1.00e+00	2.08e-13	0.00e+00
 9.62328e+17	1.00e+00	2.07e-13	0.00e+00
 9.62538e+17	1.00e+00	2.07e-13	0.00e+00
 9.62749e+17	1.00e+00	2.06e-13	0.00e+00
 9.62958e+17	1.00e+00	2.05e-13	0.00e+00
 9.63156e+17	1.00e+00	2.04e-13	0.00e+00
 9.63348e+17	1.00e+00	2.03e-13	0.00e+00
 9.63544e+17	1.00e+00	2.02e-13	0.00e+00
 9.63763e+17	1.00e+00	2.01e-13	0.00e+00
 9.63991e+17	1.00e+00	2.00e-13	0.00e+00
 9.64205e+17	1.00e+00	1.99e-13	0.00e+00
 9.64414e+17	1.00e+00	1.98e-13	0.00e+00
 9.64626e+17	1.00e+00	1.97e-13	0.00e+00
 9.64842e+17	1.00e+00	1.96e-13	0.00e+00
 9.65065e+17	1.00e+00	1.95e-13	0.00e+00
 9.65313e+17	1.00e+00	1.94e-13	0.00e+00
 9.65577e+17	1.00e+00	1.92e-13	0.00e+00
 9.65824e+17	1.00e+00	1.91e-13	0.00e+00
 9.66054e+17	1.00e+00	1.90e-13	0.00e+00
 9.66274e+17	1.00e+00	1.88e-13	0.00e+00
 9.66521e+17	1.00e+00	1.87e-13	0.00e+00
 9.66819e+17	1.00e+00	1.86e-13	0.00e+00
 9.67125e+17	1.00e+00	1.84e-13	0.00e+00
 9.67390e+17	1.00e+00	1.82e-13	0.00e+00
 9.67644e+17	1.00e+00	1.80e-13	0.00e+00
 9.67931e+17	1.00e+00	1.79e-13	0.00e+00
 9.68253e+17	1.00e+00	1.77e-13	0.00e+00
 9.68598e+17	1.00e+00	1.75e-13	0.00e+00
 9.68923e+17	1.00e+00	1.73e-13	0.00e+00
 9.69219e+17	1.00e+00	1.71e-13	0.00e+00
 9.69527e+17	1.00e+00	1.69e-13	0.00e+00
 9.69872e+17	1.00e+00	1.67e-13	0.00e+00
 9.70249e+17	1.00e+00	1.64e-13	0.00e+00
 9.70642e+17	1.00e+00	1.62e-13	0.00e+00
 9.71022e+17	1.00e+00	1.59e-13	0.00e+00
 9.71380e+17	1.00e+00	1.57e-13	0.00e+00
 9.71745e+17	1.00e+00	1.55e-13	0.00e+00
 9.72153e+17	1.00e+00	1.52e-13	0.00e+00
 9.72593e+17	1.00e+00	1.49e-13	0.00e+00
 9.73030e+17	1.00e+00	1.46e-13	0.00e+00
 9.73455e+17	1.00e+00	1.44e-13	0.00e+00
 9.73892e+17	1.00e+00	1.41e-13	0.00e+00
 9.74362e+17	1.00e+00	1.38e-13	0.00e+00
 9.74844e+17	1.00e+00	1.35e-13	0.00e+00
 9.75328e+17	1.00e+00	1.32e-13	0.00e+00
 9.75822e+17	1.00e+00	1.29e-13	0.00e+00
 9.76322e+17	1.00e+00	1.25e-13	0.00e+00
 9.76835e+17	1.00e+00	1.22e-13	0.00e+00
 9.77367e+17	1.00e+00	1.19e-13	0.00e+00
 9.77920e+17	1.00e+00	1.16e-13	0.00e+00
 9.78476e+17	1.00e+00	1.12e-13	0.00e+00
 9.79024e+17	1.00e+00	1.09e-13	0.00e+00
 9.79588e+17	1.00e+00	1.06e-13	0.00e+00
 9.80189e+17	1.00e+00	1.02e-13	0.00e+00
 9.80804e+17	1.00e+00	9.85e-14	0.00e+00
 9.81411e+17	1.00e+00	9.51e-14	0.00e+00
 9.82025e+17	1.00e+00	9.16e-14	0.00e+00
 9.82661e+17	1.00e+00	8.82e-14	0.00e+00
 9.83311e+17	1.00e+00	8.46e-14	0.00e+00
 9.83970e+17	1.00e+00	8.12e-14	0.00e+00
 9.84640e+17	1.00e+00	7.77e-14	0.00e+00
 9.85329e+17	1.00e+00	7.43e-14	0.00e+00
 9.86032e+17	1.00e+00	7.08e-14	0.00e+00
 9.86752e+17	1.00e+00	6.73e-14	0.00e+00
 9.87480e+17	1.00e+00	6.38e-14	0.00e+00
 9.88204e+17	1.00e+00	6.05e-14	0.00e+00
 9.88929e+17	1.00e+00	5.74e-14	0.00e+00
 9.89704e+17	1.00e+00	5.42e-14	0.00e+00
 9.90520e+17	1.00e+00	5.07e-14	0.00e+00
 9.91315e+17	1.00e+00	4.75e-14	0.00e+00
 9.92095e+17	1.00e+00	4.45e-14	0.00e+00
 9.92919e+17	1.00e+00	4.16e-14	0.00e+00
 9.93795e+17	1.00e+00	3.86e-14	0.00e+00
