#depth	C	C+	C+2	C+3	C+4	C+5	C+6	C[1]	C[2]	C[3]	C+[1]	C+[2]	CO
 1.49634e+10	0.00e+00	0.00e+00	1.56e-27	5.37e-17	6.14e-06	8.29e-02	9.17e-01	0.00e+00	0.00e+00	0.00e+00	0.00e+00	0.00e+00	0.00e+00
 4.54887e+10	0.00e+00	2.06e-38	2.11e-27	6.70e-17	7.08e-06	8.91e-02	9.11e-01	0.00e+00	0.00e+00	0.00e+00	0.00e+00	0.00e+00	0.00e+00
 7.72350e+10	0.00e+00	0.00e+00	2.87e-27	8.42e-17	8.23e-06	9.57e-02	9.04e-01	0.00e+00	0.00e+00	0.00e+00	0.00e+00	0.00e+00	0.00e+00
 1.10251e+11	0.00e+00	4.45e-38	3.89e-27	1.06e-16	9.55e-06	1.03e-01	8.97e-01	0.00e+00	0.00e+00	0.00e+00	0.00e+00	0.00e+00	0.00e+00
 1.44588e+11	0.00e+00	0.00e+00	5.29e-27	1.33e-16	1.11e-05	1.10e-01	8.90e-01	0.00e+00	0.00e+00	0.00e+00	0.00e+00	0.00e+00	0.00e+00
 1.80298e+11	0.00e+00	9.60e-38	7.18e-27	1.67e-16	1.29e-05	1.18e-01	8.82e-01	0.00e+00	0.00e+00	0.00e+00	0.00e+00	0.00e+00	0.00e+00
 2.17437e+11	0.00e+00	0.00e+00	9.74e-27	2.09e-16	1.49e-05	1.27e-01	8.73e-01	0.00e+00	0.00e+00	0.00e+00	0.00e+00	0.00e+00	0.00e+00
 2.56061e+11	0.00e+00	2.07e-37	1.32e-26	2.62e-16	1.73e-05	1.36e-01	8.64e-01	0.00e+00	0.00e+00	0.00e+00	0.00e+00	0.00e+00	0.00e+00
 2.96231e+11	0.00e+00	0.00e+00	1.79e-26	3.28e-16	2.00e-05	1.45e-01	8.55e-01	0.00e+00	0.00e+00	0.00e+00	0.00e+00	0.00e+00	0.00e+00
 3.38007e+11	0.00e+00	4.43e-37	2.42e-26	4.10e-16	2.31e-05	1.55e-01	8.45e-01	0.00e+00	0.00e+00	0.00e+00	0.00e+00	0.00e+00	0.00e+00
 3.81454e+11	0.00e+00	0.00e+00	3.27e-26	5.13e-16	2.67e-05	1.66e-01	8.34e-01	0.00e+00	0.00e+00	0.00e+00	0.00e+00	0.00e+00	0.00e+00
 4.26639e+11	0.00e+00	9.48e-37	4.42e-26	6.40e-16	3.08e-05	1.77e-01	8.23e-01	0.00e+00	0.00e+00	0.00e+00	0.00e+00	0.00e+00	0.00e+00
 4.68919e+11	0.00e+00	0.00e+00	5.78e-26	7.80e-16	3.50e-05	1.88e-01	8.12e-01	0.00e+00	0.00e+00	0.00e+00	0.00e+00	0.00e+00	0.00e+00
 5.06364e+11	0.00e+00	1.79e-36	7.30e-26	9.26e-16	3.91e-05	1.97e-01	8.03e-01	0.00e+00	0.00e+00	0.00e+00	0.00e+00	0.00e+00	0.00e+00
 5.48222e+11	5.23e-48	2.45e-36	9.39e-26	1.12e-15	4.41e-05	2.08e-01	7.92e-01	0.00e+00	0.00e+00	0.00e+00	0.00e+00	0.00e+00	0.00e+00
 5.98282e+11	0.00e+00	0.00e+00	1.25e-25	1.38e-15	5.04e-05	2.21e-01	7.79e-01	0.00e+00	0.00e+00	0.00e+00	0.00e+00	0.00e+00	0.00e+00
 6.48391e+11	0.00e+00	4.99e-36	1.65e-25	1.68e-15	5.72e-05	2.33e-01	7.67e-01	0.00e+00	0.00e+00	0.00e+00	0.00e+00	0.00e+00	0.00e+00
 6.94571e+11	1.80e-47	6.82e-36	2.10e-25	2.02e-15	6.42e-05	2.45e-01	7.55e-01	0.00e+00	0.00e+00	0.00e+00	0.00e+00	0.00e+00	0.00e+00
 7.46256e+11	0.00e+00	0.00e+00	2.75e-25	2.45e-15	7.28e-05	2.59e-01	7.41e-01	0.00e+00	0.00e+00	0.00e+00	0.00e+00	0.00e+00	0.00e+00
 8.05943e+11	0.00e+00	1.38e-35	3.68e-25	3.03e-15	8.32e-05	2.74e-01	7.26e-01	0.00e+00	0.00e+00	0.00e+00	0.00e+00	0.00e+00	0.00e+00
 8.63897e+11	6.46e-47	1.96e-35	4.83e-25	3.70e-15	9.43e-05	2.89e-01	7.11e-01	0.00e+00	0.00e+00	0.00e+00	0.00e+00	0.00e+00	1.20e-262
 9.24170e+11	0.00e+00	0.00e+00	6.36e-25	4.52e-15	1.07e-04	3.04e-01	6.95e-01	0.00e+00	0.00e+00	0.00e+00	0.00e+00	0.00e+00	0.00e+00
 9.91064e+11	0.00e+00	4.01e-35	8.50e-25	5.58e-15	1.22e-04	3.21e-01	6.78e-01	0.00e+00	0.00e+00	0.00e+00	0.00e+00	0.00e+00	0.00e+00
 1.05793e+12	2.37e-46	5.71e-35	1.12e-24	6.83e-15	1.38e-04	3.38e-01	6.62e-01	0.00e+00	0.00e+00	0.00e+00	0.00e+00	0.00e+00	0.00e+00
 1.12746e+12	0.00e+00	8.15e-35	1.48e-24	8.37e-15	1.57e-04	3.55e-01	6.44e-01	0.00e+00	0.00e+00	0.00e+00	0.00e+00	0.00e+00	1.47e-167
 1.20249e+12	5.70e-46	1.18e-34	1.98e-24	1.03e-14	1.79e-04	3.74e-01	6.26e-01	0.00e+00	0.00e+00	0.00e+00	0.00e+00	0.00e+00	3.21e-211
 1.28052e+12	0.00e+00	1.69e-34	2.63e-24	1.27e-14	2.03e-04	3.93e-01	6.07e-01	0.00e+00	0.00e+00	0.00e+00	0.00e+00	0.00e+00	5.19e-255
 1.36166e+12	1.39e-45	2.44e-34	3.50e-24	1.56e-14	2.31e-04	4.12e-01	5.88e-01	0.00e+00	0.00e+00	0.00e+00	0.00e+00	0.00e+00	3.03e-144
 1.44606e+12	0.00e+00	3.51e-34	4.65e-24	1.91e-14	2.61e-04	4.31e-01	5.69e-01	0.00e+00	0.00e+00	0.00e+00	0.00e+00	0.00e+00	2.56e-188
 1.53383e+12	3.36e-45	5.04e-34	6.18e-24	2.34e-14	2.96e-04	4.50e-01	5.49e-01	0.00e+00	0.00e+00	0.00e+00	0.00e+00	0.00e+00	3.01e-143
 1.62511e+12	0.00e+00	7.24e-34	8.19e-24	2.87e-14	3.35e-04	4.70e-01	5.29e-01	0.00e+00	0.00e+00	0.00e+00	0.00e+00	0.00e+00	1.34e-187
 1.72004e+12	8.13e-45	1.04e-33	1.09e-23	3.51e-14	3.78e-04	4.90e-01	5.10e-01	0.00e+00	0.00e+00	0.00e+00	0.00e+00	0.00e+00	2.99e-142
 1.81877e+12	0.00e+00	1.49e-33	1.44e-23	4.29e-14	4.27e-04	5.10e-01	4.90e-01	0.00e+00	0.00e+00	0.00e+00	0.00e+00	0.00e+00	7.00e-187
 1.92144e+12	1.96e-44	2.13e-33	1.90e-23	5.24e-14	4.81e-04	5.30e-01	4.70e-01	0.00e+00	0.00e+00	0.00e+00	0.00e+00	0.00e+00	2.97e-141
 2.02823e+12	0.00e+00	3.05e-33	2.51e-23	6.39e-14	5.42e-04	5.50e-01	4.50e-01	0.00e+00	0.00e+00	0.00e+00	0.00e+00	0.00e+00	3.63e-186
 2.13928e+12	4.70e-44	4.37e-33	3.32e-23	7.78e-14	6.10e-04	5.69e-01	4.30e-01	0.00e+00	0.00e+00	0.00e+00	0.00e+00	0.00e+00	2.96e-140
 2.24688e+12	0.00e+00	6.09e-33	4.29e-23	9.34e-14	6.79e-04	5.87e-01	4.12e-01	0.00e+00	0.00e+00	0.00e+00	0.00e+00	0.00e+00	1.90e-185
 2.34550e+12	1.01e-43	8.18e-33	5.40e-23	1.10e-13	7.48e-04	6.03e-01	3.96e-01	0.00e+00	0.00e+00	0.00e+00	0.00e+00	0.00e+00	2.23e-139
 2.45507e+12	0.00e+00	1.13e-32	6.92e-23	1.31e-13	8.30e-04	6.20e-01	3.79e-01	0.00e+00	0.00e+00	0.00e+00	0.00e+00	0.00e+00	8.02e-185
 2.58231e+12	2.31e-43	1.60e-32	9.08e-23	1.59e-13	9.29e-04	6.39e-01	3.60e-01	0.00e+00	0.00e+00	0.00e+00	0.00e+00	0.00e+00	1.94e-138
 2.70818e+12	0.00e+00	2.24e-32	1.18e-22	1.91e-13	1.03e-03	6.56e-01	3.43e-01	0.00e+00	0.00e+00	0.00e+00	0.00e+00	0.00e+00	3.65e-184
 2.83909e+12	5.28e-43	3.14e-32	1.53e-22	2.29e-13	1.15e-03	6.73e-01	3.26e-01	0.00e+00	0.00e+00	0.00e+00	0.00e+00	0.00e+00	1.71e-137
 2.98259e+12	0.00e+00	4.47e-32	2.01e-22	2.78e-13	1.29e-03	6.90e-01	3.08e-01	0.00e+00	0.00e+00	0.00e+00	0.00e+00	0.00e+00	1.65e-183
 3.12765e+12	1.25e-42	6.31e-32	2.62e-22	3.35e-13	1.43e-03	7.07e-01	2.92e-01	0.00e+00	0.00e+00	0.00e+00	0.00e+00	0.00e+00	1.66e-136
 3.27851e+12	0.00e+00	8.92e-32	3.43e-22	4.04e-13	1.60e-03	7.23e-01	2.76e-01	0.00e+00	0.00e+00	0.00e+00	0.00e+00	0.00e+00	7.83e-183
 3.43958e+12	2.95e-42	1.27e-31	4.50e-22	4.89e-13	1.78e-03	7.38e-01	2.60e-01	0.00e+00	0.00e+00	0.00e+00	0.00e+00	0.00e+00	1.62e-135
 3.60709e+12	0.00e+00	1.81e-31	5.92e-22	5.92e-13	1.99e-03	7.54e-01	2.44e-01	0.00e+00	0.00e+00	0.00e+00	0.00e+00	0.00e+00	3.52e-182
 3.78130e+12	7.05e-42	2.58e-31	7.78e-22	7.17e-13	2.22e-03	7.68e-01	2.30e-01	0.00e+00	0.00e+00	0.00e+00	0.00e+00	0.00e+00	1.64e-134
 3.96248e+12	0.00e+00	3.68e-31	1.02e-21	8.67e-13	2.47e-03	7.82e-01	2.15e-01	0.00e+00	0.00e+00	0.00e+00	0.00e+00	0.00e+00	1.48e-181
 4.15090e+12	1.69e-41	5.25e-31	1.34e-21	1.05e-12	2.76e-03	7.96e-01	2.02e-01	0.00e+00	0.00e+00	0.00e+00	0.00e+00	0.00e+00	1.67e-133
 4.34687e+12	0.00e+00	7.49e-31	1.77e-21	1.27e-12	3.07e-03	8.08e-01	1.89e-01	0.00e+00	0.00e+00	0.00e+00	0.00e+00	0.00e+00	5.01e-181
 4.55067e+12	4.06e-41	1.07e-30	2.32e-21	1.53e-12	3.41e-03	8.20e-01	1.76e-01	0.00e+00	0.00e+00	0.00e+00	0.00e+00	0.00e+00	1.71e-132
 4.74219e+12	0.00e+00	1.47e-30	2.97e-21	1.82e-12	3.76e-03	8.31e-01	1.66e-01	0.00e+00	0.00e+00	0.00e+00	0.00e+00	0.00e+00	6.46e-181
 4.91330e+12	8.53e-41	1.95e-30	3.68e-21	2.11e-12	4.08e-03	8.39e-01	1.57e-01	0.00e+00	0.00e+00	0.00e+00	0.00e+00	0.00e+00	1.22e-131
 5.10532e+12	0.00e+00	2.64e-30	4.65e-21	2.48e-12	4.48e-03	8.48e-01	1.48e-01	0.00e+00	0.00e+00	0.00e+00	0.00e+00	0.00e+00	0.00e+00
 5.33309e+12	1.91e-40	3.74e-30	6.07e-21	2.98e-12	4.96e-03	8.57e-01	1.38e-01	0.00e+00	0.00e+00	0.00e+00	0.00e+00	0.00e+00	1.04e-130
 5.56211e+12	0.00e+00	5.24e-30	7.87e-21	3.56e-12	5.47e-03	8.66e-01	1.28e-01	0.00e+00	0.00e+00	0.00e+00	0.00e+00	0.00e+00	0.00e+00
 5.77681e+12	4.22e-40	7.11e-30	9.94e-21	4.19e-12	5.99e-03	8.73e-01	1.21e-01	0.00e+00	0.00e+00	0.00e+00	0.00e+00	0.00e+00	8.53e-130
 6.01432e+12	0.00e+00	9.88e-30	1.28e-20	4.98e-12	6.59e-03	8.81e-01	1.13e-01	0.00e+00	0.00e+00	0.00e+00	0.00e+00	0.00e+00	0.00e+00
 6.28482e+12	9.89e-40	1.42e-29	1.69e-20	6.02e-12	7.32e-03	8.88e-01	1.04e-01	0.00e+00	0.00e+00	0.00e+00	0.00e+00	0.00e+00	8.16e-129
 6.55446e+12	0.00e+00	2.00e-29	2.20e-20	7.22e-12	8.08e-03	8.95e-01	9.68e-02	0.00e+00	0.00e+00	0.00e+00	0.00e+00	0.00e+00	0.00e+00
 6.83488e+12	2.33e-39	2.83e-29	2.87e-20	8.67e-12	8.94e-03	9.01e-01	8.98e-02	0.00e+00	0.00e+00	0.00e+00	0.00e+00	0.00e+00	7.92e-128
 7.13820e+12	0.00e+00	4.07e-29	3.78e-20	1.05e-11	9.92e-03	9.07e-01	8.29e-02	0.00e+00	0.00e+00	0.00e+00	0.00e+00	0.00e+00	0.00e+00
 7.45366e+12	5.72e-39	5.85e-29	5.00e-20	1.27e-11	1.10e-02	9.13e-01	7.65e-02	0.00e+00	0.00e+00	0.00e+00	0.00e+00	0.00e+00	8.56e-127
 7.75100e+12	0.00e+00	8.13e-29	6.43e-20	1.51e-11	1.21e-02	9.17e-01	7.10e-02	0.00e+00	0.00e+00	0.00e+00	0.00e+00	0.00e+00	0.00e+00
 8.01843e+12	1.23e-38	1.08e-28	8.01e-20	1.75e-11	1.31e-02	9.20e-01	6.66e-02	0.00e+00	0.00e+00	0.00e+00	0.00e+00	0.00e+00	6.49e-126
 8.31954e+12	0.00e+00	1.49e-28	1.02e-19	2.07e-11	1.43e-02	9.24e-01	6.19e-02	0.00e+00	0.00e+00	0.00e+00	0.00e+00	0.00e+00	0.00e+00
 8.67448e+12	2.84e-38	2.13e-28	1.34e-19	2.49e-11	1.58e-02	9.27e-01	5.70e-02	0.00e+00	0.00e+00	0.00e+00	0.00e+00	0.00e+00	5.93e-125
 9.02942e+12	0.00e+00	3.01e-28	1.75e-19	2.98e-11	1.74e-02	9.30e-01	5.26e-02	0.00e+00	0.00e+00	0.00e+00	0.00e+00	0.00e+00	0.00e+00
 9.36349e+12	6.46e-38	4.12e-28	2.23e-19	3.51e-11	1.90e-02	9.32e-01	4.89e-02	0.00e+00	0.00e+00	0.00e+00	0.00e+00	0.00e+00	5.18e-124
 9.73289e+12	0.00e+00	5.78e-28	2.89e-19	4.19e-11	2.09e-02	9.34e-01	4.51e-02	0.00e+00	0.00e+00	0.00e+00	0.00e+00	0.00e+00	0.00e+00
 1.01521e+13	1.55e-37	8.36e-28	3.83e-19	5.07e-11	2.31e-02	9.36e-01	4.13e-02	0.00e+00	0.00e+00	0.00e+00	0.00e+00	0.00e+00	5.24e-123
 1.05665e+13	0.00e+00	1.19e-27	5.02e-19	6.09e-11	2.55e-02	9.37e-01	3.80e-02	0.00e+00	0.00e+00	0.00e+00	0.00e+00	0.00e+00	0.00e+00
 1.09974e+13	3.74e-37	1.69e-27	6.58e-19	7.32e-11	2.80e-02	9.37e-01	3.48e-02	0.00e+00	0.00e+00	0.00e+00	0.00e+00	0.00e+00	5.29e-122
 1.14672e+13	0.00e+00	2.46e-27	8.75e-19	8.87e-11	3.10e-02	9.37e-01	3.18e-02	0.00e+00	0.00e+00	0.00e+00	0.00e+00	0.00e+00	0.00e+00
 1.19412e+13	9.30e-37	3.53e-27	1.15e-18	1.07e-10	3.42e-02	9.37e-01	2.91e-02	0.00e+00	0.00e+00	0.00e+00	0.00e+00	0.00e+00	5.83e-121
 1.24341e+13	0.00e+00	5.08e-27	1.53e-18	1.29e-10	3.77e-02	9.36e-01	2.65e-02	0.00e+00	0.00e+00	0.00e+00	0.00e+00	0.00e+00	0.00e+00
 1.29424e+13	2.29e-36	7.29e-27	2.01e-18	1.56e-10	4.15e-02	9.34e-01	2.42e-02	0.00e+00	0.00e+00	0.00e+00	0.00e+00	0.00e+00	6.20e-120
 1.34409e+13	0.00e+00	1.03e-26	2.62e-18	1.86e-10	4.54e-02	9.32e-01	2.22e-02	0.00e+00	0.00e+00	0.00e+00	0.00e+00	0.00e+00	0.00e+00
 1.39783e+13	5.44e-36	1.46e-26	3.44e-18	2.23e-10	4.99e-02	9.30e-01	2.02e-02	0.00e+00	0.00e+00	0.00e+00	0.00e+00	0.00e+00	6.03e-119
 1.45674e+13	0.00e+00	2.13e-26	4.59e-18	2.71e-10	5.51e-02	9.27e-01	1.83e-02	0.00e+00	0.00e+00	0.00e+00	0.00e+00	0.00e+00	0.00e+00
 1.51800e+13	1.38e-35	3.10e-26	6.13e-18	3.29e-10	6.08e-02	9.23e-01	1.66e-02	0.00e+00	0.00e+00	0.00e+00	0.00e+00	0.00e+00	6.96e-118
 1.58171e+13	0.00e+00	4.52e-26	8.18e-18	4.00e-10	6.70e-02	9.18e-01	1.50e-02	0.00e+00	0.00e+00	0.00e+00	0.00e+00	0.00e+00	0.00e+00
 1.64797e+13	3.52e-35	6.58e-26	1.09e-17	4.86e-10	7.39e-02	9.13e-01	1.35e-02	0.00e+00	0.00e+00	0.00e+00	0.00e+00	0.00e+00	8.01e-117
 1.70787e+13	0.00e+00	9.13e-26	1.41e-17	5.75e-10	8.03e-02	9.07e-01	1.24e-02	0.00e+00	0.00e+00	0.00e+00	0.00e+00	0.00e+00	7.51e-100
 1.75771e+13	7.31e-35	1.19e-25	1.72e-17	6.59e-10	8.59e-02	9.03e-01	1.15e-02	0.00e+00	0.00e+00	0.00e+00	0.00e+00	0.00e+00	0.00e+00
 1.81229e+13	1.03e-34	1.57e-25	2.14e-17	7.62e-10	9.23e-02	8.97e-01	1.06e-02	0.00e+00	0.00e+00	0.00e+00	0.00e+00	0.00e+00	1.35e-115
 1.88150e+13	1.58e-34	2.21e-25	2.79e-17	9.10e-10	1.01e-01	8.90e-01	9.62e-03	0.00e+00	0.00e+00	0.00e+00	0.00e+00	0.00e+00	2.08e-97
 1.95374e+13	2.42e-34	3.12e-25	3.64e-17	1.09e-09	1.10e-01	8.82e-01	8.71e-03	0.00e+00	0.00e+00	0.00e+00	0.00e+00	0.00e+00	0.00e+00
 2.01500e+13	3.43e-34	4.13e-25	4.53e-17	1.26e-09	1.18e-01	8.74e-01	8.01e-03	0.00e+00	0.00e+00	0.00e+00	0.00e+00	0.00e+00	3.12e-114
 2.07795e+13	4.84e-34	5.46e-25	5.62e-17	1.45e-09	1.26e-01	8.66e-01	7.37e-03	0.00e+00	0.00e+00	0.00e+00	0.00e+00	0.00e+00	2.40e-96
 2.15731e+13	7.35e-34	7.66e-25	7.31e-17	1.73e-09	1.37e-01	8.56e-01	6.65e-03	0.00e+00	0.00e+00	0.00e+00	0.00e+00	0.00e+00	0.00e+00
 2.23796e+13	1.11e-33	1.06e-24	9.45e-17	2.06e-09	1.49e-01	8.45e-01	6.00e-03	0.00e+00	0.00e+00	0.00e+00	0.00e+00	0.00e+00	6.79e-113
 2.30705e+13	1.54e-33	1.40e-24	1.17e-16	2.37e-09	1.59e-01	8.36e-01	5.50e-03	0.00e+00	0.00e+00	0.00e+00	0.00e+00	0.00e+00	3.03e-95
 2.38113e+13	2.18e-33	1.85e-24	1.45e-16	2.74e-09	1.70e-01	8.25e-01	5.03e-03	0.00e+00	0.00e+00	0.00e+00	0.00e+00	0.00e+00	4.10e-112
 2.47296e+13	3.29e-33	2.58e-24	1.88e-16	3.26e-09	1.84e-01	8.12e-01	4.51e-03	0.00e+00	0.00e+00	0.00e+00	0.00e+00	0.00e+00	1.58e-94
 2.56716e+13	4.93e-33	3.57e-24	2.43e-16	3.86e-09	1.99e-01	7.97e-01	4.04e-03	0.00e+00	0.00e+00	0.00e+00	0.00e+00	0.00e+00	3.57e-111
 2.65182e+13	6.97e-33	4.73e-24	3.02e-16	4.47e-09	2.12e-01	7.84e-01	3.67e-03	0.00e+00	0.00e+00	0.00e+00	0.00e+00	0.00e+00	8.13e-94
 2.74478e+13	1.00e-32	6.36e-24	3.81e-16	5.21e-09	2.27e-01	7.70e-01	3.32e-03	0.00e+00	0.00e+00	0.00e+00	0.00e+00	0.00e+00	2.38e-110
 2.85476e+13	1.51e-32	8.87e-24	4.94e-16	6.19e-09	2.45e-01	7.52e-01	2.94e-03	0.00e+00	0.00e+00	0.00e+00	0.00e+00	0.00e+00	4.45e-93
 2.96497e+13	2.24e-32	1.22e-23	6.34e-16	7.29e-09	2.63e-01	7.34e-01	2.62e-03	0.00e+00	0.00e+00	0.00e+00	0.00e+00	0.00e+00	2.08e-109
 3.06931e+13	3.19e-32	1.62e-23	7.93e-16	8.45e-09	2.80e-01	7.18e-01	2.35e-03	0.00e+00	0.00e+00	0.00e+00	0.00e+00	0.00e+00	2.30e-92
 3.18479e+13	4.64e-32	2.20e-23	1.00e-15	9.87e-09	2.99e-01	6.99e-01	2.10e-03	0.00e+00	0.00e+00	0.00e+00	0.00e+00	0.00e+00	1.50e-108
 3.31517e+13	6.93e-32	3.05e-23	1.30e-15	1.17e-08	3.20e-01	6.78e-01	1.85e-03	0.00e+00	0.00e+00	0.00e+00	0.00e+00	0.00e+00	1.28e-91
 3.44515e+13	1.01e-31	4.14e-23	1.65e-15	1.36e-08	3.41e-01	6.57e-01	1.63e-03	0.00e+00	0.00e+00	0.00e+00	0.00e+00	0.00e+00	1.29e-107
 3.55986e+13	1.40e-31	5.37e-23	2.02e-15	1.56e-08	3.59e-01	6.39e-01	1.47e-03	0.00e+00	0.00e+00	0.00e+00	0.00e+00	0.00e+00	6.09e-91
 3.66077e+13	1.83e-31	6.69e-23	2.39e-15	1.74e-08	3.75e-01	6.23e-01	1.34e-03	0.00e+00	0.00e+00	0.00e+00	0.00e+00	0.00e+00	6.64e-107
 3.77511e+13	2.46e-31	8.48e-23	2.88e-15	1.96e-08	3.93e-01	6.06e-01	1.21e-03	0.00e+00	0.00e+00	0.00e+00	0.00e+00	0.00e+00	2.17e-90
 3.90259e+13	3.37e-31	1.10e-22	3.51e-15	2.23e-08	4.13e-01	5.86e-01	1.08e-03	0.00e+00	0.00e+00	0.00e+00	0.00e+00	0.00e+00	3.67e-106
 4.02235e+13	4.47e-31	1.38e-22	4.20e-15	2.50e-08	4.30e-01	5.69e-01	9.75e-04	0.00e+00	0.00e+00	0.00e+00	0.00e+00	0.00e+00	8.39e-90
 4.15325e+13	6.02e-31	1.75e-22	5.06e-15	2.82e-08	4.49e-01	5.50e-01	8.74e-04	0.00e+00	0.00e+00	0.00e+00	0.00e+00	0.00e+00	1.91e-105
 4.29951e+13	8.28e-31	2.27e-22	6.18e-15	3.20e-08	4.70e-01	5.29e-01	7.75e-04	0.00e+00	0.00e+00	0.00e+00	0.00e+00	0.00e+00	3.42e-89
 4.43753e+13	1.10e-30	2.86e-22	7.41e-15	3.59e-08	4.89e-01	5.10e-01	6.94e-04	0.00e+00	0.00e+00	0.00e+00	0.00e+00	0.00e+00	1.08e-104
 4.58871e+13	1.49e-30	3.65e-22	8.94e-15	4.05e-08	5.09e-01	4.90e-01	6.16e-04	0.00e+00	0.00e+00	0.00e+00	0.00e+00	0.00e+00	1.33e-88
 4.75793e+13	2.07e-30	4.74e-22	1.09e-14	4.60e-08	5.31e-01	4.69e-01	5.41e-04	0.00e+00	0.00e+00	0.00e+00	0.00e+00	0.00e+00	6.65e-104
 4.91819e+13	2.77e-30	6.00e-22	1.31e-14	5.16e-08	5.50e-01	4.49e-01	4.80e-04	0.00e+00	0.00e+00	0.00e+00	0.00e+00	0.00e+00	5.55e-88
 5.06643e+13	3.59e-30	7.39e-22	1.54e-14	5.70e-08	5.67e-01	4.32e-01	4.31e-04	0.00e+00	0.00e+00	0.00e+00	0.00e+00	0.00e+00	3.36e-103
 5.23144e+13	4.74e-30	9.25e-22	1.83e-14	6.35e-08	5.86e-01	4.14e-01	3.83e-04	0.00e+00	0.00e+00	0.00e+00	0.00e+00	0.00e+00	1.96e-87
 5.41659e+13	6.39e-30	1.18e-21	2.20e-14	7.12e-08	6.05e-01	3.94e-01	3.36e-04	0.00e+00	0.00e+00	0.00e+00	0.00e+00	0.00e+00	1.86e-102
 5.59141e+13	8.38e-30	1.46e-21	2.60e-14	7.89e-08	6.23e-01	3.77e-01	2.99e-04	0.00e+00	0.00e+00	0.00e+00	0.00e+00	0.00e+00	7.56e-87
 5.78218e+13	1.11e-29	1.83e-21	3.10e-14	8.78e-08	6.41e-01	3.59e-01	2.63e-04	0.00e+00	0.00e+00	0.00e+00	0.00e+00	0.00e+00	9.81e-102
 5.99319e+13	1.50e-29	2.33e-21	3.72e-14	9.82e-08	6.60e-01	3.40e-01	2.29e-04	0.00e+00	0.00e+00	0.00e+00	0.00e+00	0.00e+00	3.06e-86
 6.18864e+13	1.96e-29	2.89e-21	4.38e-14	1.08e-07	6.77e-01	3.23e-01	2.03e-04	0.00e+00	0.00e+00	0.00e+00	0.00e+00	0.00e+00	5.47e-101
 6.40085e+13	2.59e-29	3.61e-21	5.18e-14	1.20e-07	6.93e-01	3.06e-01	1.78e-04	0.00e+00	0.00e+00	0.00e+00	0.00e+00	0.00e+00	1.14e-85
 6.63823e+13	3.49e-29	4.58e-21	6.21e-14	1.34e-07	7.11e-01	2.89e-01	1.54e-04	0.00e+00	0.00e+00	0.00e+00	0.00e+00	0.00e+00	3.20e-100
 6.86220e+13	4.57e-29	5.68e-21	7.31e-14	1.48e-07	7.26e-01	2.74e-01	1.36e-04	0.00e+00	0.00e+00	0.00e+00	0.00e+00	0.00e+00	4.59e-85
 7.10719e+13	6.07e-29	7.11e-21	8.66e-14	1.63e-07	7.42e-01	2.58e-01	1.18e-04	0.00e+00	0.00e+00	0.00e+00	0.00e+00	0.00e+00	1.78e-99
 7.38070e+13	8.21e-29	9.05e-21	1.04e-13	1.82e-07	7.58e-01	2.42e-01	1.02e-04	0.00e+00	0.00e+00	0.00e+00	0.00e+00	0.00e+00	1.95e-84
 7.63840e+13	1.08e-28	1.12e-20	1.22e-13	2.00e-07	7.72e-01	2.28e-01	8.87e-05	0.00e+00	0.00e+00	0.00e+00	0.00e+00	0.00e+00	1.08e-98
 7.91778e+13	1.44e-28	1.41e-20	1.45e-13	2.21e-07	7.86e-01	2.14e-01	7.69e-05	0.00e+00	0.00e+00	0.00e+00	0.00e+00	0.00e+00	7.94e-84
 8.23115e+13	1.95e-28	1.80e-20	1.73e-13	2.45e-07	8.00e-01	2.00e-01	6.58e-05	0.00e+00	0.00e+00	0.00e+00	0.00e+00	0.00e+00	6.96e-98
 8.53366e+13	2.59e-28	2.25e-20	2.05e-13	2.70e-07	8.13e-01	1.87e-01	5.69e-05	0.00e+00	0.00e+00	0.00e+00	0.00e+00	0.00e+00	3.52e-83
 8.85461e+13	3.46e-28	2.82e-20	2.42e-13	2.98e-07	8.25e-01	1.75e-01	4.90e-05	0.00e+00	0.00e+00	0.00e+00	0.00e+00	0.00e+00	4.31e-97
 9.21179e+13	4.70e-28	3.59e-20	2.90e-13	3.30e-07	8.37e-01	1.63e-01	4.18e-05	0.00e+00	0.00e+00	0.00e+00	0.00e+00	0.00e+00	1.62e-82
 9.57196e+13	6.34e-28	4.54e-20	3.44e-13	3.64e-07	8.49e-01	1.51e-01	3.57e-05	0.00e+00	0.00e+00	0.00e+00	0.00e+00	0.00e+00	3.01e-96
 9.94655e+13	8.55e-28	5.75e-20	4.08e-13	4.00e-07	8.59e-01	1.41e-01	3.06e-05	0.00e+00	0.00e+00	0.00e+00	0.00e+00	0.00e+00	7.62e-82
 1.03474e+14	1.16e-27	7.29e-20	4.86e-13	4.42e-07	8.69e-01	1.31e-01	2.60e-05	0.00e+00	0.00e+00	0.00e+00	0.00e+00	0.00e+00	2.11e-95
 1.07268e+14	1.53e-27	9.06e-20	5.68e-13	4.83e-07	8.78e-01	1.22e-01	2.25e-05	0.00e+00	0.00e+00	0.00e+00	0.00e+00	0.00e+00	3.47e-81
 1.10702e+14	1.95e-27	1.10e-19	6.52e-13	5.21e-07	8.85e-01	1.15e-01	1.98e-05	0.00e+00	0.00e+00	0.00e+00	0.00e+00	0.00e+00	1.14e-94
 1.13943e+14	2.44e-27	1.30e-19	7.39e-13	5.59e-07	8.91e-01	1.09e-01	1.76e-05	0.00e+00	0.00e+00	0.00e+00	0.00e+00	0.00e+00	1.18e-80
 1.17526e+14	3.10e-27	1.57e-19	8.44e-13	6.01e-07	8.97e-01	1.03e-01	1.55e-05	0.00e+00	0.00e+00	0.00e+00	0.00e+00	0.00e+00	5.14e-94
 1.21548e+14	4.02e-27	1.92e-19	9.75e-13	6.50e-07	9.04e-01	9.61e-02	1.35e-05	0.00e+00	0.00e+00	0.00e+00	0.00e+00	0.00e+00	4.43e-80
 1.25371e+14	5.10e-27	2.31e-19	1.11e-12	7.00e-07	9.09e-01	9.05e-02	1.19e-05	0.00e+00	0.00e+00	0.00e+00	0.00e+00	0.00e+00	2.61e-93
 1.29571e+14	6.58e-27	2.82e-19	1.28e-12	7.55e-07	9.15e-01	8.49e-02	1.04e-05	0.00e+00	0.00e+00	0.00e+00	0.00e+00	0.00e+00	1.64e-79
 1.34169e+14	8.63e-27	3.47e-19	1.48e-12	8.17e-07	9.21e-01	7.93e-02	9.07e-06	0.00e+00	0.00e+00	0.00e+00	0.00e+00	0.00e+00	1.45e-92
 1.38375e+14	1.09e-26	4.17e-19	1.69e-12	8.77e-07	9.25e-01	7.47e-02	7.99e-06	0.00e+00	0.00e+00	0.00e+00	0.00e+00	0.00e+00	6.40e-79
 1.42930e+14	1.41e-26	5.06e-19	1.94e-12	9.44e-07	9.30e-01	7.01e-02	7.01e-06	0.00e+00	0.00e+00	0.00e+00	0.00e+00	0.00e+00	7.15e-92
 1.48025e+14	1.85e-26	6.24e-19	2.24e-12	1.02e-06	9.35e-01	6.55e-02	6.09e-06	0.00e+00	0.00e+00	0.00e+00	0.00e+00	0.00e+00	2.61e-78
 1.52841e+14	2.37e-26	7.55e-19	2.56e-12	1.10e-06	9.38e-01	6.15e-02	5.35e-06	0.00e+00	0.00e+00	0.00e+00	0.00e+00	0.00e+00	3.91e-91
 1.58120e+14	3.09e-26	9.25e-19	2.95e-12	1.18e-06	9.42e-01	5.76e-02	4.66e-06	0.00e+00	0.00e+00	0.00e+00	0.00e+00	0.00e+00	1.04e-77
 1.63982e+14	4.10e-26	1.15e-18	3.43e-12	1.28e-06	9.46e-01	5.36e-02	4.03e-06	0.00e+00	0.00e+00	0.00e+00	0.00e+00	0.00e+00	2.35e-90
 1.69464e+14	5.30e-26	1.40e-18	3.92e-12	1.37e-06	9.50e-01	5.03e-02	3.53e-06	0.00e+00	0.00e+00	0.00e+00	0.00e+00	0.00e+00	4.51e-77
 1.75453e+14	6.95e-26	1.72e-18	4.53e-12	1.48e-06	9.53e-01	4.70e-02	3.07e-06	0.00e+00	0.00e+00	0.00e+00	0.00e+00	0.00e+00	1.32e-89
 1.82145e+14	9.33e-26	2.15e-18	5.27e-12	1.60e-06	9.56e-01	4.37e-02	2.65e-06	0.00e+00	0.00e+00	0.00e+00	0.00e+00	0.00e+00	2.11e-76
 1.88477e+14	1.22e-25	2.64e-18	6.06e-12	1.72e-06	9.59e-01	4.09e-02	2.31e-06	0.00e+00	0.00e+00	0.00e+00	0.00e+00	0.00e+00	4.38e-76
 1.95346e+14	1.62e-25	3.27e-18	7.01e-12	1.85e-06	9.62e-01	3.81e-02	2.00e-06	0.00e+00	0.00e+00	0.00e+00	0.00e+00	0.00e+00	9.47e-76
 2.03003e+14	2.19e-25	4.11e-18	8.20e-12	2.01e-06	9.65e-01	3.54e-02	1.72e-06	0.00e+00	0.00e+00	0.00e+00	0.00e+00	0.00e+00	2.17e-75
 2.10379e+14	2.91e-25	5.09e-18	9.47e-12	2.16e-06	9.67e-01	3.30e-02	1.49e-06	0.00e+00	0.00e+00	0.00e+00	0.00e+00	0.00e+00	4.70e-75
 2.18235e+14	3.89e-25	6.34e-18	1.10e-11	2.33e-06	9.69e-01	3.07e-02	1.29e-06	0.00e+00	0.00e+00	0.00e+00	0.00e+00	0.00e+00	1.04e-74
 2.26995e+14	5.31e-25	8.02e-18	1.29e-11	2.53e-06	9.72e-01	2.85e-02	1.11e-06	0.00e+00	0.00e+00	0.00e+00	0.00e+00	0.00e+00	2.45e-74
 2.35782e+14	7.18e-25	1.01e-17	1.50e-11	2.73e-06	9.74e-01	2.64e-02	9.53e-07	0.00e+00	0.00e+00	0.00e+00	0.00e+00	0.00e+00	5.61e-74
 2.44921e+14	9.72e-25	1.26e-17	1.75e-11	2.95e-06	9.75e-01	2.45e-02	0.00e+00	0.00e+00	0.00e+00	0.00e+00	0.00e+00	0.00e+00	1.29e-73
 2.54748e+14	1.33e-24	1.60e-17	2.05e-11	3.20e-06	9.77e-01	2.27e-02	0.00e+00	0.00e+00	0.00e+00	0.00e+00	0.00e+00	0.00e+00	3.04e-73
 2.64968e+14	1.82e-24	2.02e-17	2.39e-11	3.46e-06	9.79e-01	2.11e-02	0.00e+00	0.00e+00	0.00e+00	0.00e+00	0.00e+00	0.00e+00	7.18e-73
 2.75596e+14	2.48e-24	2.56e-17	2.80e-11	3.75e-06	9.80e-01	1.95e-02	0.00e+00	0.00e+00	0.00e+00	0.00e+00	0.00e+00	0.00e+00	1.70e-72
 2.85921e+14	3.32e-24	3.19e-17	3.25e-11	4.03e-06	9.82e-01	1.81e-02	0.00e+00	0.00e+00	0.00e+00	0.00e+00	0.00e+00	0.00e+00	3.79e-72
 2.95682e+14	4.34e-24	3.90e-17	3.71e-11	4.31e-06	9.83e-01	1.70e-02	0.00e+00	0.00e+00	0.00e+00	0.00e+00	0.00e+00	0.00e+00	7.89e-72
 3.04898e+14	5.53e-24	4.68e-17	4.20e-11	4.59e-06	9.84e-01	1.60e-02	0.00e+00	0.00e+00	0.00e+00	0.00e+00	1.51e-17	3.17e-17	1.54e-71
 3.14927e+14	7.16e-24	5.68e-17	4.78e-11	4.90e-06	9.85e-01	1.50e-02	0.00e+00	0.00e+00	0.00e+00	0.00e+00	1.88e-17	3.79e-17	3.13e-71
 3.26102e+14	9.40e-24	6.97e-17	5.49e-11	5.25e-06	9.86e-01	1.40e-02	0.00e+00	0.00e+00	0.00e+00	0.00e+00	2.31e-17	4.66e-17	6.62e-71
 3.36622e+14	1.21e-23	8.45e-17	6.23e-11	5.59e-06	9.87e-01	1.32e-02	0.00e+00	0.00e+00	0.00e+00	0.00e+00	2.80e-17	5.64e-17	1.34e-70
 3.48151e+14	1.58e-23	1.03e-16	7.13e-11	5.99e-06	9.88e-01	1.23e-02	0.00e+00	0.00e+00	0.00e+00	0.00e+00	3.41e-17	6.87e-17	2.75e-70
 3.61076e+14	2.11e-23	1.28e-16	8.25e-11	6.44e-06	9.89e-01	1.15e-02	0.00e+00	0.00e+00	0.00e+00	0.00e+00	4.25e-17	8.56e-17	6.17e-70
 3.73483e+14	2.74e-23	1.56e-16	9.45e-11	6.90e-06	9.89e-01	1.07e-02	0.00e+00	0.00e+00	0.00e+00	0.00e+00	5.18e-17	1.04e-16	1.26e-69
 3.87088e+14	3.64e-23	1.93e-16	1.09e-10	7.41e-06	9.90e-01	9.99e-03	0.00e+00	0.00e+00	0.00e+00	0.00e+00	6.41e-17	1.29e-16	2.75e-69
 4.02601e+14	4.97e-23	2.45e-16	1.28e-10	8.02e-06	9.91e-01	9.25e-03	0.00e+00	0.00e+00	0.00e+00	0.00e+00	8.11e-17	1.63e-16	6.51e-69
 4.17807e+14	6.62e-23	3.03e-16	1.48e-10	8.65e-06	9.91e-01	8.58e-03	0.00e+00	0.00e+00	0.00e+00	0.00e+00	1.01e-16	2.03e-16	1.42e-68
 4.33620e+14	8.91e-23	3.80e-16	1.72e-10	9.31e-06	9.92e-01	7.98e-03	0.00e+00	0.00e+00	0.00e+00	0.00e+00	1.26e-16	2.54e-16	3.24e-68
 4.49510e+14	1.18e-22	4.69e-16	1.99e-10	1.00e-05	9.93e-01	7.42e-03	0.00e+00	0.00e+00	0.00e+00	0.00e+00	1.55e-16	3.13e-16	6.91e-68
 4.63515e+14	1.50e-22	5.63e-16	2.25e-10	1.07e-05	9.93e-01	6.98e-03	0.00e+00	0.00e+00	0.00e+00	0.00e+00	1.87e-16	3.76e-16	1.36e-67
 4.78770e+14	1.93e-22	6.81e-16	2.56e-10	1.14e-05	9.93e-01	6.54e-03	0.00e+00	0.00e+00	0.00e+00	0.00e+00	2.26e-16	4.55e-16	2.69e-67
 4.97156e+14	2.60e-22	8.53e-16	2.98e-10	1.23e-05	9.94e-01	6.07e-03	0.00e+00	0.00e+00	0.00e+00	0.00e+00	2.83e-16	5.70e-16	6.13e-67
 5.15426e+14	3.42e-22	1.05e-15	3.45e-10	1.32e-05	9.94e-01	5.64e-03	0.00e+00	0.00e+00	0.00e+00	0.00e+00	3.49e-16	7.03e-16	1.30e-66
 5.31753e+14	4.39e-22	1.27e-15	3.91e-10	1.41e-05	9.95e-01	5.30e-03	0.00e+00	0.00e+00	0.00e+00	0.00e+00	4.21e-16	8.48e-16	2.58e-66
 5.49739e+14	5.66e-22	1.54e-15	4.47e-10	1.51e-05	9.95e-01	4.96e-03	0.00e+00	0.00e+00	0.00e+00	0.00e+00	5.11e-16	1.03e-15	5.17e-66
 5.71118e+14	7.63e-22	1.93e-15	5.21e-10	1.63e-05	9.95e-01	4.59e-03	0.00e+00	0.00e+00	0.00e+00	0.00e+00	6.41e-16	1.29e-15	1.19e-65
 5.92302e+14	1.01e-21	2.39e-15	6.05e-10	1.76e-05	9.96e-01	4.26e-03	0.00e+00	0.00e+00	0.00e+00	0.00e+00	7.92e-16	1.60e-15	2.52e-65
 6.11604e+14	1.30e-21	2.89e-15	6.88e-10	1.87e-05	9.96e-01	4.00e-03	0.00e+00	0.00e+00	0.00e+00	0.00e+00	9.59e-16	1.93e-15	5.07e-65
 6.33066e+14	1.67e-21	3.52e-15	7.91e-10	2.01e-05	9.96e-01	3.72e-03	0.00e+00	0.00e+00	0.00e+00	0.00e+00	1.17e-15	2.35e-15	1.02e-64
 6.58116e+14	2.27e-21	4.44e-15	9.24e-10	2.17e-05	9.97e-01	3.45e-03	0.00e+00	0.00e+00	0.00e+00	0.00e+00	1.47e-15	2.97e-15	2.39e-64
 6.82864e+14	2.99e-21	5.48e-15	1.07e-09	2.34e-05	9.97e-01	3.20e-03	0.00e+00	0.00e+00	0.00e+00	0.00e+00	1.82e-15	3.66e-15	5.08e-64
 7.06172e+14	3.86e-21	6.65e-15	1.23e-09	2.51e-05	9.97e-01	2.98e-03	0.00e+00	0.00e+00	0.00e+00	0.00e+00	2.20e-15	4.44e-15	1.02e-63
 7.32019e+14	5.11e-21	8.23e-15	1.42e-09	2.70e-05	9.97e-01	2.78e-03	0.00e+00	0.00e+00	0.00e+00	0.00e+00	2.73e-15	5.50e-15	2.22e-63
 7.61330e+14	6.83e-21	1.03e-14	1.66e-09	2.93e-05	9.97e-01	2.56e-03	0.00e+00	0.00e+00	0.00e+00	0.00e+00	3.41e-15	6.87e-15	4.93e-63
 7.90559e+14	9.06e-21	1.28e-14	1.93e-09	3.16e-05	9.98e-01	2.37e-03	0.00e+00	0.00e+00	0.00e+00	0.00e+00	4.23e-15	8.53e-15	1.07e-62
 8.17846e+14	1.18e-20	1.56e-14	2.21e-09	3.38e-05	9.98e-01	2.21e-03	0.00e+00	0.00e+00	0.00e+00	0.00e+00	5.17e-15	1.04e-14	2.22e-62
 8.47477e+14	1.52e-20	1.90e-14	2.55e-09	3.64e-05	9.98e-01	2.06e-03	0.00e+00	0.00e+00	0.00e+00	0.00e+00	6.29e-15	1.27e-14	4.50e-62
 8.80623e+14	2.03e-20	2.37e-14	2.98e-09	3.93e-05	9.98e-01	1.90e-03	0.00e+00	0.00e+00	0.00e+00	0.00e+00	7.84e-15	1.58e-14	1.00e-61
 9.11466e+14	2.62e-20	2.88e-14	3.42e-09	4.22e-05	9.98e-01	1.77e-03	0.00e+00	0.00e+00	0.00e+00	0.00e+00	9.54e-15	1.93e-14	2.02e-61
 9.39995e+14	3.30e-20	3.43e-14	3.87e-09	4.49e-05	9.98e-01	1.67e-03	0.00e+00	0.00e+00	0.00e+00	0.00e+00	1.14e-14	2.30e-14	3.83e-61
 9.67561e+14	4.10e-20	4.07e-14	4.34e-09	4.76e-05	9.98e-01	1.57e-03	0.00e+00	0.00e+00	0.00e+00	0.00e+00	1.35e-14	2.72e-14	7.04e-61
 9.98302e+14	5.12e-20	4.82e-14	4.92e-09	5.08e-05	9.98e-01	1.47e-03	0.00e+00	0.00e+00	0.00e+00	0.00e+00	1.60e-14	3.23e-14	1.29e-60
 1.03211e+15	6.62e-20	5.87e-14	5.62e-09	5.43e-05	9.99e-01	1.38e-03	0.00e+00	0.00e+00	0.00e+00	0.00e+00	1.94e-14	3.93e-14	2.65e-60
 1.06347e+15	8.17e-20	6.91e-14	6.34e-09	5.77e-05	9.99e-01	1.29e-03	0.00e+00	0.00e+00	0.00e+00	0.00e+00	2.29e-14	4.62e-14	4.74e-60
 1.09782e+15	1.04e-19	8.32e-14	7.20e-09	6.16e-05	9.99e-01	1.21e-03	0.00e+00	0.00e+00	0.00e+00	0.00e+00	2.75e-14	5.57e-14	9.28e-60
 1.13649e+15	1.33e-19	1.00e-13	8.27e-09	6.61e-05	9.99e-01	1.13e-03	0.00e+00	0.00e+00	0.00e+00	0.00e+00	3.32e-14	6.73e-14	1.83e-59
 1.17329e+15	1.68e-19	1.20e-13	9.40e-09	7.05e-05	9.99e-01	1.06e-03	0.00e+00	0.00e+00	0.00e+00	0.00e+00	3.98e-14	8.05e-14	3.50e-59
 1.21363e+15	2.16e-19	1.46e-13	1.08e-08	7.55e-05	9.99e-01	9.85e-04	0.00e+00	0.00e+00	0.00e+00	0.00e+00	4.84e-14	9.79e-14	7.09e-59
 1.25826e+15	2.77e-19	1.78e-13	1.24e-08	8.13e-05	9.99e-01	9.14e-04	0.00e+00	0.00e+00	0.00e+00	0.00e+00	5.87e-14	1.19e-13	1.42e-58
 1.29936e+15	3.54e-19	2.14e-13	1.41e-08	8.67e-05	9.99e-01	8.56e-04	0.00e+00	0.00e+00	0.00e+00	0.00e+00	7.09e-14	1.44e-13	2.82e-58
 1.34371e+15	4.48e-19	2.57e-13	1.62e-08	9.29e-05	9.99e-01	7.99e-04	0.00e+00	0.00e+00	0.00e+00	0.00e+00	8.50e-14	1.72e-13	5.40e-58
 1.39323e+15	5.85e-19	3.17e-13	1.87e-08	9.99e-05	9.99e-01	7.42e-04	0.00e+00	0.00e+00	0.00e+00	0.00e+00	1.05e-13	2.12e-13	1.15e-57
 1.43995e+15	7.37e-19	3.79e-13	2.13e-08	1.07e-04	9.99e-01	6.92e-04	0.00e+00	0.00e+00	0.00e+00	0.00e+00	1.25e-13	2.54e-13	2.17e-57
 1.49115e+15	9.53e-19	4.63e-13	2.45e-08	1.15e-04	9.99e-01	6.44e-04	0.00e+00	0.00e+00	0.00e+00	0.00e+00	1.53e-13	3.10e-13	4.47e-57
 1.54800e+15	1.24e-18	5.66e-13	2.85e-08	1.24e-04	9.99e-01	5.95e-04	0.00e+00	0.00e+00	0.00e+00	0.00e+00	1.87e-13	3.79e-13	9.18e-57
 1.60076e+15	1.57e-18	6.82e-13	3.26e-08	1.33e-04	9.99e-01	5.56e-04	0.00e+00	0.00e+00	0.00e+00	0.00e+00	2.25e-13	4.57e-13	1.80e-56
 1.65791e+15	2.00e-18	8.25e-13	3.76e-08	1.43e-04	9.99e-01	5.16e-04	0.00e+00	0.00e+00	0.00e+00	0.00e+00	2.72e-13	5.53e-13	3.54e-56
 1.72207e+15	2.64e-18	1.03e-12	4.37e-08	1.54e-04	9.99e-01	4.77e-04	0.00e+00	0.00e+00	0.00e+00	0.00e+00	3.38e-13	6.88e-13	7.79e-56
 1.78315e+15	3.32e-18	1.23e-12	5.04e-08	1.66e-04	9.99e-01	4.43e-04	0.00e+00	0.00e+00	0.00e+00	0.00e+00	4.05e-13	8.24e-13	1.48e-55
 1.84865e+15	4.31e-18	1.51e-12	5.82e-08	1.79e-04	9.99e-01	4.11e-04	0.00e+00	0.00e+00	0.00e+00	0.00e+00	4.96e-13	1.01e-12	3.08e-55
 1.92115e+15	5.57e-18	1.85e-12	6.80e-08	1.94e-04	9.99e-01	3.78e-04	0.00e+00	0.00e+00	0.00e+00	0.00e+00	6.08e-13	1.24e-12	6.35e-55
 1.99143e+15	7.21e-18	2.26e-12	7.85e-08	2.09e-04	9.99e-01	3.51e-04	0.00e+00	0.00e+00	0.00e+00	0.00e+00	7.43e-13	1.52e-12	1.31e-54
 2.06600e+15	9.25e-18	2.75e-12	9.11e-08	2.26e-04	9.99e-01	3.24e-04	0.00e+00	0.00e+00	0.00e+00	0.00e+00	9.06e-13	1.85e-12	2.66e-54
 2.14867e+15	1.21e-17	3.41e-12	1.07e-07	2.45e-04	9.99e-01	2.98e-04	0.00e+00	0.00e+00	0.00e+00	0.00e+00	1.12e-12	2.29e-12	5.72e-54
 2.23012e+15	1.54e-17	4.14e-12	1.24e-07	2.65e-04	9.99e-01	2.75e-04	0.00e+00	0.00e+00	0.00e+00	0.00e+00	1.36e-12	2.78e-12	1.13e-53
 2.29696e+15	1.88e-17	4.86e-12	1.40e-07	2.82e-04	9.99e-01	2.58e-04	0.00e+00	0.00e+00	0.00e+00	0.00e+00	1.60e-12	3.26e-12	2.01e-53
 2.35014e+15	2.19e-17	5.49e-12	1.53e-07	2.96e-04	9.99e-01	2.45e-04	0.00e+00	0.00e+00	0.00e+00	0.00e+00	1.80e-12	3.69e-12	3.11e-53
 2.40914e+15	2.59e-17	6.29e-12	1.69e-07	3.12e-04	9.99e-01	2.32e-04	0.00e+00	0.00e+00	0.00e+00	0.00e+00	2.07e-12	4.22e-12	5.05e-53
 2.48584e+15	3.18e-17	7.40e-12	1.92e-07	3.34e-04	9.99e-01	2.17e-04	0.00e+00	0.00e+00	0.00e+00	0.00e+00	2.43e-12	4.97e-12	9.00e-53
 2.56821e+15	3.96e-17	8.82e-12	2.20e-07	3.59e-04	9.99e-01	2.02e-04	0.00e+00	0.00e+00	0.00e+00	0.00e+00	2.90e-12	5.92e-12	1.69e-52
 2.64146e+15	4.75e-17	1.02e-11	2.46e-07	3.81e-04	9.99e-01	1.90e-04	0.00e+00	3.97e-18	1.19e-17	1.99e-17	3.36e-12	6.88e-12	2.89e-52
 2.72018e+15	5.75e-17	1.19e-11	2.78e-07	4.07e-04	9.99e-01	1.77e-04	0.00e+00	4.80e-18	1.44e-17	2.41e-17	3.92e-12	8.02e-12	4.97e-52
 2.81998e+15	7.29e-17	1.45e-11	3.21e-07	4.40e-04	9.99e-01	1.64e-04	0.00e+00	6.09e-18	1.83e-17	3.06e-17	4.75e-12	9.71e-12	9.89e-52
 2.92131e+15	9.17e-17	1.75e-11	3.71e-07	4.76e-04	9.99e-01	1.51e-04	0.00e+00	7.68e-18	2.31e-17	3.85e-17	5.73e-12	1.17e-11	1.94e-51
 3.00723e+15	1.10e-16	2.03e-11	4.18e-07	5.08e-04	9.99e-01	1.42e-04	0.00e+00	9.23e-18	2.77e-17	4.63e-17	6.65e-12	1.36e-11	3.33e-51
 3.09900e+15	1.33e-16	2.37e-11	4.71e-07	5.42e-04	9.99e-01	1.33e-04	0.00e+00	1.11e-17	3.35e-17	5.59e-17	7.78e-12	1.59e-11	5.87e-51
 3.21391e+15	1.69e-16	2.87e-11	5.47e-07	5.89e-04	9.99e-01	1.22e-04	0.00e+00	1.42e-17	4.25e-17	7.10e-17	9.42e-12	1.93e-11	1.17e-50
 3.33187e+15	2.11e-16	3.47e-11	6.34e-07	6.38e-04	9.99e-01	1.12e-04	0.00e+00	1.78e-17	5.33e-17	8.91e-17	1.14e-11	2.33e-11	2.32e-50
 3.43537e+15	2.57e-16	4.06e-11	7.18e-07	6.83e-04	9.99e-01	1.05e-04	0.00e+00	2.16e-17	6.48e-17	1.08e-16	1.33e-11	2.73e-11	4.15e-50
 3.54707e+15	3.11e-16	4.79e-11	8.16e-07	7.33e-04	9.99e-01	9.76e-05	0.00e+00	2.62e-17	7.86e-17	1.31e-16	1.57e-11	3.22e-11	7.54e-50
 3.68243e+15	3.97e-16	5.84e-11	9.52e-07	7.99e-04	9.99e-01	8.95e-05	0.00e+00	3.35e-17	1.01e-16	1.68e-16	1.91e-11	3.92e-11	1.57e-49
 3.81688e+15	4.95e-16	7.02e-11	1.10e-06	8.67e-04	9.99e-01	8.24e-05	0.00e+00	4.18e-17	1.25e-16	2.09e-16	2.30e-11	4.72e-11	3.11e-49
 3.93597e+15	6.01e-16	8.24e-11	1.25e-06	9.28e-04	9.99e-01	7.69e-05	0.00e+00	5.08e-17	1.52e-16	2.55e-16	2.70e-11	5.54e-11	5.64e-49
 4.06673e+15	7.35e-16	9.75e-11	1.42e-06	1.00e-03	9.99e-01	7.13e-05	0.00e+00	6.22e-17	1.87e-16	3.12e-16	3.20e-11	6.55e-11	1.05e-48
 4.22347e+15	9.33e-16	1.19e-10	1.66e-06	1.09e-03	9.99e-01	6.53e-05	0.00e+00	7.90e-17	2.37e-16	3.96e-16	3.90e-11	7.99e-11	2.22e-48
 4.37984e+15	1.16e-15	1.43e-10	1.92e-06	1.18e-03	9.99e-01	6.00e-05	0.00e+00	9.85e-17	2.96e-16	4.94e-16	4.70e-11	9.61e-11	4.46e-48
 4.52229e+15	1.42e-15	1.69e-10	2.18e-06	1.27e-03	9.99e-01	5.58e-05	0.00e+00	1.21e-16	3.62e-16	6.05e-16	5.56e-11	1.14e-10	8.45e-48
 4.68078e+15	1.77e-15	2.03e-10	2.51e-06	1.37e-03	9.99e-01	5.15e-05	0.00e+00	1.50e-16	4.50e-16	7.52e-16	6.66e-11	1.36e-10	1.68e-47
 4.86578e+15	2.23e-15	2.48e-10	2.93e-06	1.50e-03	9.98e-01	4.71e-05	0.00e+00	1.90e-16	5.71e-16	9.53e-16	8.15e-11	1.67e-10	3.64e-47
 5.04823e+15	2.81e-15	3.01e-10	3.40e-06	1.63e-03	9.98e-01	4.33e-05	0.00e+00	2.39e-16	7.18e-16	1.20e-15	9.88e-11	2.02e-10	7.69e-47
 5.22115e+15	3.46e-15	3.59e-10	3.89e-06	1.76e-03	9.98e-01	4.01e-05	0.00e+00	2.95e-16	8.85e-16	1.48e-15	1.18e-10	2.41e-10	1.53e-46
 5.41321e+15	4.33e-15	4.34e-10	4.49e-06	1.91e-03	9.98e-01	3.68e-05	0.00e+00	3.70e-16	1.11e-15	1.86e-15	1.43e-10	2.91e-10	3.23e-46
 5.59438e+15	5.22e-15	5.11e-10	5.12e-06	2.05e-03	9.98e-01	3.42e-05	0.00e+00	4.47e-16	1.34e-15	2.24e-15	1.68e-10	3.43e-10	6.11e-46
 5.72978e+15	6.08e-15	5.82e-10	5.64e-06	2.17e-03	9.98e-01	3.23e-05	0.00e+00	5.20e-16	1.56e-15	2.61e-15	1.91e-10	3.91e-10	1.02e-45
 5.86869e+15	7.16e-15	6.66e-10	6.21e-06	2.29e-03	9.98e-01	3.06e-05	0.00e+00	6.14e-16	1.84e-15	3.08e-15	2.19e-10	4.47e-10	1.74e-45
 6.04928e+15	8.64e-15	7.81e-10	7.01e-06	2.45e-03	9.98e-01	2.85e-05	0.00e+00	7.41e-16	2.22e-15	3.71e-15	2.57e-10	5.24e-10	3.28e-45
 6.24402e+15	1.03e-14	9.15e-10	7.95e-06	2.63e-03	9.97e-01	2.66e-05	0.00e+00	8.85e-16	2.66e-15	4.44e-15	3.01e-10	6.14e-10	6.08e-45
 6.41915e+15	1.23e-14	1.06e-09	8.89e-06	2.80e-03	9.97e-01	2.49e-05	0.00e+00	1.05e-15	3.16e-15	5.28e-15	3.50e-10	7.13e-10	1.10e-44
 6.60879e+15	1.47e-14	1.24e-09	9.98e-06	2.99e-03	9.97e-01	2.33e-05	0.00e+00	1.26e-15	3.79e-15	6.33e-15	4.08e-10	8.33e-10	2.03e-44
 6.85032e+15	1.87e-14	1.52e-09	1.15e-05	3.25e-03	9.97e-01	2.15e-05	0.00e+00	1.62e-15	4.85e-15	8.10e-15	5.01e-10	1.02e-09	4.57e-44
 7.09376e+15	2.27e-14	1.81e-09	1.32e-05	3.51e-03	9.96e-01	1.99e-05	0.00e+00	1.96e-15	5.89e-15	9.83e-15	5.97e-10	1.22e-09	9.03e-44
 7.29792e+15	2.72e-14	2.12e-09	1.48e-05	3.74e-03	9.96e-01	1.86e-05	0.00e+00	2.35e-15	7.05e-15	1.18e-14	6.98e-10	1.42e-09	1.67e-43
 7.51656e+15	3.26e-14	2.49e-09	1.67e-05	4.00e-03	9.96e-01	1.74e-05	0.00e+00	2.82e-15	8.47e-15	1.41e-14	8.19e-10	1.67e-09	3.14e-43
 7.79296e+15	4.18e-14	3.07e-09	1.93e-05	4.34e-03	9.96e-01	1.61e-05	0.00e+00	3.62e-15	1.09e-14	1.81e-14	1.01e-09	2.06e-09	7.31e-43
 8.08266e+15	5.13e-14	3.69e-09	2.23e-05	4.70e-03	9.95e-01	1.48e-05	0.00e+00	4.45e-15	1.34e-14	2.23e-14	1.22e-09	2.47e-09	1.40e-42
 8.34131e+15	6.24e-14	4.40e-09	2.53e-05	5.05e-03	9.95e-01	1.38e-05	0.00e+00	5.42e-15	1.63e-14	2.71e-14	1.45e-09	2.95e-09	2.76e-42
 8.62136e+15	7.68e-14	5.27e-09	2.89e-05	5.43e-03	9.95e-01	1.29e-05	0.00e+00	6.67e-15	2.00e-14	3.34e-14	1.74e-09	3.53e-09	5.53e-42
 8.95526e+15	1.00e-13	6.61e-09	3.37e-05	5.92e-03	9.94e-01	1.18e-05	0.00e+00	8.70e-15	2.61e-14	4.36e-14	2.18e-09	4.43e-09	1.33e-41
 9.28436e+15	1.24e-13	8.06e-09	3.89e-05	6.41e-03	9.94e-01	1.10e-05	0.00e+00	1.08e-14	3.25e-14	5.43e-14	2.66e-09	5.40e-09	2.83e-41
 9.58165e+15	1.50e-13	9.51e-09	4.42e-05	6.88e-03	9.93e-01	1.03e-05	0.00e+00	1.31e-14	3.93e-14	6.55e-14	3.14e-09	6.37e-09	5.30e-41
 9.91242e+15	1.86e-13	1.15e-08	5.07e-05	7.42e-03	9.93e-01	9.55e-06	0.00e+00	1.62e-14	4.86e-14	8.11e-14	3.79e-09	7.69e-09	1.09e-40
 1.03014e+16	2.42e-13	1.45e-08	5.92e-05	8.09e-03	9.92e-01	8.81e-06	0.00e+00	2.12e-14	6.35e-14	1.06e-13	4.80e-09	9.72e-09	2.66e-40
 1.06842e+16	3.06e-13	1.79e-08	6.86e-05	8.77e-03	9.91e-01	8.19e-06	0.00e+00	2.68e-14	8.04e-14	1.34e-13	5.91e-09	1.20e-08	5.74e-40
 1.10406e+16	3.78e-13	2.16e-08	7.84e-05	9.44e-03	9.90e-01	7.67e-06	0.00e+00	3.31e-14	9.93e-14	1.66e-13	7.13e-09	1.44e-08	1.15e-39
 1.14404e+16	4.73e-13	2.63e-08	9.06e-05	1.02e-02	9.90e-01	7.15e-06	0.00e+00	4.15e-14	1.25e-13	2.08e-13	8.71e-09	1.76e-08	2.32e-39
 1.18981e+16	6.15e-13	3.32e-08	1.06e-04	1.12e-02	9.89e-01	6.63e-06	0.00e+00	5.40e-14	1.62e-13	2.70e-13	1.10e-08	2.22e-08	5.40e-39
 1.22789e+16	7.50e-13	3.98e-08	1.21e-04	1.20e-02	9.88e-01	6.26e-06	0.00e+00	6.60e-14	1.98e-13	3.30e-13	1.32e-08	2.66e-08	1.03e-38
 1.25485e+16	8.63e-13	4.51e-08	1.32e-04	1.25e-02	9.87e-01	6.02e-06	0.00e+00	7.59e-14	2.28e-13	3.80e-13	1.49e-08	3.02e-08	1.61e-38
 1.28291e+16	9.99e-13	5.13e-08	1.45e-04	1.32e-02	9.87e-01	5.79e-06	0.00e+00	8.80e-14	2.64e-13	4.40e-13	1.70e-08	3.44e-08	2.56e-38
 1.31939e+16	1.18e-12	5.96e-08	1.62e-04	1.40e-02	9.86e-01	5.50e-06	0.00e+00	1.04e-13	3.13e-13	5.22e-13	1.97e-08	3.99e-08	4.29e-38
 1.36009e+16	1.47e-12	7.24e-08	1.84e-04	1.50e-02	9.85e-01	5.23e-06	0.00e+00	1.30e-13	3.90e-13	6.50e-13	2.40e-08	4.84e-08	8.49e-38
 1.39809e+16	1.75e-12	8.48e-08	2.06e-04	1.60e-02	9.84e-01	4.99e-06	0.00e+00	1.55e-13	4.64e-13	7.73e-13	2.81e-08	5.67e-08	1.46e-37
 1.43928e+16	2.11e-12	9.95e-08	2.33e-04	1.70e-02	9.83e-01	4.76e-06	0.00e+00	1.87e-13	5.60e-13	9.34e-13	3.30e-08	6.66e-08	2.53e-37
 1.48537e+16	2.65e-12	1.22e-07	2.66e-04	1.83e-02	9.81e-01	4.54e-06	0.00e+00	2.34e-13	7.03e-13	1.17e-12	4.04e-08	8.17e-08	5.15e-37
 1.52864e+16	3.19e-12	1.44e-07	3.00e-04	1.95e-02	9.80e-01	4.34e-06	0.00e+00	2.83e-13	8.48e-13	1.41e-12	4.78e-08	9.65e-08	8.85e-37
 1.57572e+16	3.91e-12	1.71e-07	3.41e-04	2.09e-02	9.79e-01	4.15e-06	0.00e+00	3.46e-13	1.04e-12	1.73e-12	5.67e-08	1.14e-07	1.57e-36
 1.62807e+16	4.96e-12	2.12e-07	3.92e-04	2.25e-02	9.77e-01	3.97e-06	0.00e+00	4.40e-13	1.32e-12	2.20e-12	7.04e-08	1.42e-07	3.27e-36
 1.67709e+16	6.04e-12	2.53e-07	4.45e-04	2.41e-02	9.75e-01	3.81e-06	0.00e+00	5.36e-13	1.61e-12	2.68e-12	8.40e-08	1.69e-07	5.68e-36
 1.73067e+16	7.50e-12	3.03e-07	5.11e-04	2.59e-02	9.74e-01	3.66e-06	0.00e+00	6.66e-13	2.00e-12	3.33e-12	1.01e-07	2.03e-07	1.02e-35
 1.78903e+16	9.61e-12	3.80e-07	5.91e-04	2.80e-02	9.71e-01	3.52e-06	0.00e+00	8.54e-13	2.56e-12	4.27e-12	1.26e-07	2.54e-07	2.11e-35
 1.84224e+16	1.18e-11	4.56e-07	6.72e-04	3.00e-02	9.69e-01	3.40e-06	0.00e+00	1.05e-12	3.14e-12	5.24e-12	1.51e-07	3.05e-07	3.75e-35
 1.90004e+16	1.47e-11	5.52e-07	7.72e-04	3.22e-02	9.67e-01	3.29e-06	0.00e+00	1.31e-12	3.94e-12	6.57e-12	1.83e-07	3.69e-07	6.76e-35
 1.96320e+16	1.86e-11	6.70e-07	8.94e-04	3.48e-02	9.64e-01	3.18e-06	0.00e+00	1.66e-12	4.97e-12	8.29e-12	2.22e-07	4.47e-07	1.22e-34
 2.02091e+16	2.33e-11	8.23e-07	1.02e-03	3.74e-02	9.62e-01	3.10e-06	0.00e+00	2.07e-12	6.22e-12	1.04e-11	2.73e-07	5.50e-07	2.33e-34
 2.07526e+16	2.84e-11	9.80e-07	1.16e-03	3.99e-02	9.59e-01	3.02e-06	0.00e+00	2.54e-12	7.61e-12	1.27e-11	3.25e-07	6.55e-07	3.91e-34
 2.13773e+16	3.56e-11	1.19e-06	1.33e-03	4.30e-02	9.56e-01	2.94e-06	0.00e+00	3.18e-12	9.53e-12	1.59e-11	3.94e-07	7.93e-07	6.93e-34
 2.20517e+16	4.50e-11	1.44e-06	1.54e-03	4.64e-02	9.52e-01	2.86e-06	0.00e+00	4.02e-12	1.21e-11	2.01e-11	4.77e-07	9.60e-07	1.20e-33
 2.26533e+16	5.61e-11	1.76e-06	1.76e-03	4.98e-02	9.48e-01	2.82e-06	0.00e+00	5.01e-12	1.50e-11	2.51e-11	5.85e-07	1.18e-06	2.23e-33
 2.32064e+16	6.77e-11	2.08e-06	1.99e-03	5.31e-02	9.45e-01	2.77e-06	0.00e+00	6.06e-12	1.82e-11	3.03e-11	6.91e-07	1.39e-06	3.59e-33
 2.38336e+16	8.48e-11	2.51e-06	2.28e-03	5.71e-02	9.41e-01	2.72e-06	0.00e+00	7.59e-12	2.28e-11	3.80e-11	8.32e-07	1.67e-06	6.03e-33
 2.45325e+16	1.08e-10	3.10e-06	2.65e-03	6.19e-02	9.35e-01	2.67e-06	0.00e+00	9.70e-12	2.91e-11	4.85e-11	1.03e-06	2.07e-06	1.12e-32
 2.51233e+16	1.32e-10	3.68e-06	3.01e-03	6.61e-02	9.31e-01	2.64e-06	0.00e+00	1.18e-11	3.54e-11	5.90e-11	1.22e-06	2.46e-06	1.79e-32
 2.56047e+16	1.56e-10	4.24e-06	3.34e-03	6.98e-02	9.27e-01	2.62e-06	0.00e+00	1.40e-11	4.20e-11	7.00e-11	1.41e-06	2.83e-06	2.65e-32
 2.61458e+16	1.90e-10	4.98e-06	3.76e-03	7.43e-02	9.22e-01	2.59e-06	0.00e+00	1.70e-11	5.11e-11	8.52e-11	1.65e-06	3.32e-06	4.11e-32
 2.68491e+16	2.42e-10	6.15e-06	4.39e-03	8.07e-02	9.15e-01	2.56e-06	0.00e+00	2.18e-11	6.54e-11	1.09e-10	2.04e-06	4.11e-06	7.40e-32
 2.75455e+16	3.08e-10	7.55e-06	5.11e-03	8.74e-02	9.08e-01	2.53e-06	0.00e+00	2.77e-11	8.32e-11	1.39e-10	2.51e-06	5.04e-06	1.29e-31
