#depth	He	He+	He+2
 1.49634e+10	3.93e-23	3.05e-12	1.00e+00
 4.54887e+10	4.39e-23	3.31e-12	1.00e+00
 7.72350e+10	4.89e-23	3.58e-12	1.00e+00
 1.10251e+11	5.46e-23	3.88e-12	1.00e+00
 1.44588e+11	6.09e-23	4.20e-12	1.00e+00
 1.78030e+11	6.77e-23	4.53e-12	1.00e+00
 2.09859e+11	7.46e-23	4.85e-12	1.00e+00
 2.45231e+11	8.29e-23	5.22e-12	1.00e+00
 2.84967e+11	9.31e-23	5.66e-12	1.00e+00
 3.25176e+11	1.04e-22	6.12e-12	1.00e+00
 3.66993e+11	1.17e-22	6.63e-12	1.00e+00
 4.06992e+11	1.31e-22	7.12e-12	1.00e+00
 4.41848e+11	1.43e-22	7.58e-12	1.00e+00
 4.80311e+11	1.58e-22	8.10e-12	1.00e+00
 5.27055e+11	1.77e-22	8.75e-12	1.00e+00
 5.73812e+11	1.99e-22	9.43e-12	1.00e+00
 6.15502e+11	2.20e-22	1.01e-11	1.00e+00
 6.61359e+11	2.45e-22	1.08e-11	1.00e+00
 7.15988e+11	2.77e-22	1.17e-11	1.00e+00
 7.70113e+11	3.14e-22	1.26e-11	1.00e+00
 8.19614e+11	3.49e-22	1.35e-11	1.00e+00
 8.75006e+11	3.92e-22	1.45e-11	1.00e+00
 9.39405e+11	4.50e-22	1.58e-11	1.00e+00
 1.00267e+12	5.13e-22	1.70e-11	1.00e+00
 1.06278e+12	5.78e-22	1.83e-11	1.00e+00
 1.12952e+12	6.57e-22	1.98e-11	1.00e+00
 1.20277e+12	7.56e-22	2.15e-11	1.00e+00
 1.27369e+12	8.61e-22	2.32e-11	1.00e+00
 1.34932e+12	9.84e-22	2.52e-11	1.00e+00
 1.43083e+12	1.13e-21	2.73e-11	1.00e+00
 1.51011e+12	1.30e-21	2.96e-11	1.00e+00
 1.59495e+12	1.49e-21	3.21e-11	1.00e+00
 1.68652e+12	1.72e-21	3.49e-11	1.00e+00
 1.77626e+12	1.98e-21	3.78e-11	1.00e+00
 1.86126e+12	2.24e-21	4.07e-11	1.00e+00
 1.94014e+12	2.51e-21	4.35e-11	1.00e+00
 2.02749e+12	2.84e-21	4.68e-11	1.00e+00
 2.13337e+12	3.28e-21	5.09e-11	1.00e+00
 2.23873e+12	3.78e-21	5.52e-11	1.00e+00
 2.33272e+12	4.26e-21	5.93e-11	1.00e+00
 2.43651e+12	4.84e-21	6.40e-11	1.00e+00
 2.56004e+12	5.63e-21	6.98e-11	1.00e+00
 2.68518e+12	6.52e-21	7.61e-11	1.00e+00
 2.80428e+12	7.45e-21	8.24e-11	1.00e+00
 2.93532e+12	8.58e-21	8.96e-11	1.00e+00
 3.08266e+12	1.00e-20	9.83e-11	1.00e+00
 3.23093e+12	1.16e-20	1.07e-10	1.00e+00
 3.38514e+12	1.35e-20	1.18e-10	1.00e+00
 3.55047e+12	1.58e-20	1.29e-10	1.00e+00
 3.72242e+12	1.84e-20	1.42e-10	1.00e+00
 3.88326e+12	2.12e-20	1.54e-10	1.00e+00
 4.02585e+12	2.38e-20	1.66e-10	1.00e+00
 4.18549e+12	2.70e-20	1.80e-10	1.00e+00
 4.37620e+12	3.14e-20	1.97e-10	1.00e+00
 4.56900e+12	3.62e-20	2.16e-10	1.00e+00
 4.75027e+12	4.12e-20	2.34e-10	1.00e+00
 4.95098e+12	4.72e-20	2.55e-10	1.00e+00
 5.17894e+12	5.49e-20	2.81e-10	1.00e+00
 5.40200e+12	6.32e-20	3.08e-10	1.00e+00
 5.59421e+12	7.10e-20	3.33e-10	1.00e+00
 5.76401e+12	7.83e-20	3.56e-10	1.00e+00
 5.95820e+12	8.73e-20	3.83e-10	1.00e+00
 6.20428e+12	9.97e-20	4.19e-10	1.00e+00
 6.45754e+12	1.14e-19	4.59e-10	1.00e+00
 6.67660e+12	1.27e-19	4.95e-10	1.00e+00
 6.91147e+12	1.42e-19	5.35e-10	1.00e+00
 7.20008e+12	1.62e-19	5.88e-10	1.00e+00
 7.49227e+12	1.84e-19	6.45e-10	1.00e+00
 7.75260e+12	2.05e-19	6.99e-10	1.00e+00
 8.03775e+12	2.30e-19	7.61e-10	1.00e+00
 8.37786e+12	2.61e-19	8.40e-10	1.00e+00
 8.71750e+12	2.96e-19	9.24e-10	1.00e+00
 9.03117e+12	3.30e-19	1.01e-09	1.00e+00
 9.38279e+12	3.70e-19	1.10e-09	1.00e+00
 9.77182e+12	4.19e-19	1.22e-09	1.00e+00
 1.01343e+13	4.67e-19	1.33e-09	1.00e+00
 1.05208e+13	5.21e-19	1.46e-09	1.00e+00
 1.09649e+13	5.88e-19	1.62e-09	1.00e+00
 1.14043e+13	6.59e-19	1.78e-09	1.00e+00
 1.17849e+13	7.25e-19	1.94e-09	1.00e+00
 1.21264e+13	7.89e-19	2.08e-09	1.00e+00
 1.25189e+13	8.66e-19	2.25e-09	1.00e+00
 1.30105e+13	9.72e-19	2.48e-09	1.00e+00
 1.34825e+13	1.08e-18	2.71e-09	1.00e+00
 1.38521e+13	1.18e-18	2.89e-09	1.00e+00
 1.42372e+13	1.28e-18	3.09e-09	1.00e+00
 1.47379e+13	1.44e-18	3.37e-09	1.00e+00
 1.52788e+13	1.62e-18	3.68e-09	1.00e+00
 1.57652e+13	1.80e-18	3.97e-09	1.00e+00
 1.62903e+13	2.01e-18	4.30e-09	1.00e+00
 1.69338e+13	2.30e-18	4.72e-09	1.00e+00
 1.75819e+13	2.64e-18	5.17e-09	1.00e+00
 1.81570e+13	2.97e-18	5.58e-09	1.00e+00
 1.87866e+13	3.37e-18	6.04e-09	1.00e+00
 1.95403e+13	3.92e-18	6.63e-09	1.00e+00
 2.02932e+13	4.54e-18	7.24e-09	1.00e+00
 2.09837e+13	5.17e-18	7.83e-09	1.00e+00
 2.17549e+13	5.97e-18	8.50e-09	1.00e+00
 2.26495e+13	7.02e-18	9.33e-09	1.00e+00
 2.34537e+13	8.09e-18	1.01e-08	1.00e+00
 2.40716e+13	8.98e-18	1.07e-08	1.00e+00
 2.46983e+13	9.98e-18	1.14e-08	1.00e+00
 2.55130e+13	1.14e-17	1.22e-08	1.00e+00
 2.63853e+13	1.31e-17	1.32e-08	1.00e+00
 2.71575e+13	1.48e-17	1.41e-08	1.00e+00
 2.79863e+13	1.68e-17	1.51e-08	1.00e+00
 2.90387e+13	1.96e-17	1.64e-08	1.00e+00
 3.01110e+13	2.28e-17	1.78e-08	1.00e+00
 3.10221e+13	2.58e-17	1.90e-08	1.00e+00
 3.19949e+13	2.94e-17	2.03e-08	1.00e+00
 3.32106e+13	3.45e-17	2.21e-08	1.00e+00
 3.44324e+13	4.02e-17	2.39e-08	1.00e+00
 3.54719e+13	4.57e-17	2.56e-08	1.00e+00
 3.65842e+13	5.20e-17	2.74e-08	1.00e+00
 3.79721e+13	6.11e-17	2.97e-08	1.00e+00
 3.93804e+13	7.12e-17	3.22e-08	1.00e+00
 4.06113e+13	8.13e-17	3.45e-08	1.00e+00
 4.19495e+13	9.33e-17	3.70e-08	1.00e+00
 4.35750e+13	1.10e-16	4.03e-08	1.00e+00
 4.51984e+13	1.28e-16	4.36e-08	1.00e+00
 4.66512e+13	1.47e-16	4.67e-08	1.00e+00
 4.82578e+13	1.70e-16	5.03e-08	1.00e+00
 5.01641e+13	2.01e-16	5.48e-08	1.00e+00
 5.20580e+13	2.35e-16	5.94e-08	1.00e+00
 5.38207e+13	2.71e-16	6.38e-08	1.00e+00
 5.57965e+13	3.16e-16	6.90e-08	1.00e+00
 5.80583e+13	3.75e-16	7.52e-08	1.00e+00
 6.02993e+13	4.39e-16	8.15e-08	1.00e+00
 6.26300e+13	5.15e-16	8.84e-08	1.00e+00
 6.49528e+13	6.01e-16	9.56e-08	1.00e+00
 6.70334e+13	6.87e-16	1.02e-07	1.00e+00
 6.89171e+13	7.72e-16	1.08e-07	1.00e+00
 7.09483e+13	8.71e-16	1.15e-07	1.00e+00
 7.35532e+13	1.01e-15	1.24e-07	1.00e+00
 7.61932e+13	1.17e-15	1.34e-07	1.00e+00
 7.83645e+13	1.32e-15	1.42e-07	1.00e+00
 8.06374e+13	1.48e-15	1.51e-07	1.00e+00
 8.35754e+13	1.71e-15	1.62e-07	1.00e+00
 8.66939e+13	1.99e-15	1.75e-07	1.00e+00
 8.94043e+13	2.25e-15	1.87e-07	1.00e+00
 9.22686e+13	2.55e-15	1.99e-07	1.00e+00
 9.57803e+13	2.97e-15	2.15e-07	1.00e+00
 9.93246e+13	3.43e-15	2.31e-07	1.00e+00
 1.02479e+14	3.88e-15	2.46e-07	1.00e+00
 1.05935e+14	4.43e-15	2.63e-07	1.00e+00
 1.10061e+14	5.15e-15	2.84e-07	1.00e+00
 1.14176e+14	5.94e-15	3.06e-07	1.00e+00
 1.17958e+14	6.75e-15	3.26e-07	1.00e+00
 1.22189e+14	7.73e-15	3.50e-07	1.00e+00
 1.27087e+14	9.00e-15	3.78e-07	1.00e+00
 1.31910e+14	1.04e-14	4.07e-07	1.00e+00
 1.36531e+14	1.19e-14	4.35e-07	1.00e+00
 1.41627e+14	1.37e-14	4.68e-07	1.00e+00
 1.47322e+14	1.59e-14	5.05e-07	1.00e+00
 1.53122e+14	1.84e-14	5.45e-07	1.00e+00
 1.59154e+14	2.13e-14	5.87e-07	1.00e+00
 1.65047e+14	2.44e-14	6.31e-07	1.00e+00
 1.69968e+14	2.73e-14	6.68e-07	1.00e+00
 1.74290e+14	3.00e-14	7.01e-07	1.00e+00
 1.79257e+14	3.33e-14	7.41e-07	1.00e+00
 1.85714e+14	3.80e-14	7.94e-07	1.00e+00
 1.92514e+14	4.35e-14	8.52e-07	1.00e+00
 1.98397e+14	4.87e-14	9.04e-07	1.00e+00
 2.04684e+14	5.47e-14	9.61e-07	1.00e+00
 2.12417e+14	6.28e-14	1.03e-06	1.00e+00
 2.20346e+14	7.20e-14	1.11e-06	1.00e+00
 2.27575e+14	8.13e-14	1.19e-06	1.00e+00
 2.35576e+14	9.25e-14	1.27e-06	1.00e+00
 2.44328e+14	1.06e-13	1.37e-06	1.00e+00
 2.52275e+14	1.19e-13	1.46e-06	1.00e+00
 2.60825e+14	1.35e-13	1.56e-06	1.00e+00
 2.70416e+14	1.55e-13	1.68e-06	1.00e+00
 2.79473e+14	1.74e-13	1.79e-06	1.00e+00
 2.89361e+14	1.99e-13	1.92e-06	1.00e+00
 3.00297e+14	2.27e-13	2.07e-06	1.00e+00
 3.10447e+14	2.57e-13	2.22e-06	1.00e+00
 3.21490e+14	2.92e-13	2.37e-06	1.00e+00
 3.33841e+14	3.36e-13	2.57e-06	1.00e+00
 3.45462e+14	3.80e-13	2.75e-06	1.00e+00
 3.58010e+14	4.34e-13	2.96e-06	1.00e+00
 3.71971e+14	4.97e-13	3.20e-06	1.00e+00
 3.85297e+14	5.64e-13	3.44e-06	1.00e+00
 3.99543e+14	6.43e-13	3.70e-06	1.00e+00
 4.15555e+14	7.41e-13	4.01e-06	1.00e+00
 4.30406e+14	8.39e-13	4.31e-06	1.00e+00
 4.43452e+14	9.33e-13	4.59e-06	1.00e+00
 4.58077e+14	1.05e-12	4.90e-06	1.00e+00
 4.75685e+14	1.19e-12	5.29e-06	1.00e+00
 4.91656e+14	1.34e-12	5.66e-06	1.00e+00
 5.03877e+14	1.46e-12	5.96e-06	1.00e+00
 5.16738e+14	1.60e-12	6.27e-06	1.00e+00
 5.33457e+14	1.78e-12	6.70e-06	1.00e+00
 5.51513e+14	2.00e-12	7.17e-06	1.00e+00
 5.67768e+14	2.21e-12	7.61e-06	1.00e+00
 5.85360e+14	2.45e-12	8.10e-06	1.00e+00
 6.07225e+14	2.79e-12	8.75e-06	1.00e+00
 6.29151e+14	3.14e-12	9.40e-06	1.00e+00
 6.48147e+14	3.47e-12	9.99e-06	1.00e+00
 6.68827e+14	3.86e-12	1.07e-05	1.00e+00
 6.94141e+14	4.37e-12	1.15e-05	1.00e+00
 7.19619e+14	4.93e-12	1.24e-05	1.00e+00
 7.42263e+14	5.48e-12	1.32e-05	1.00e+00
 7.67083e+14	6.11e-12	1.41e-05	1.00e+00
 7.96748e+14	6.96e-12	1.53e-05	1.00e+00
 8.26091e+14	7.84e-12	1.65e-05	1.00e+00
 8.52636e+14	8.70e-12	1.76e-05	1.00e+00
 8.82170e+14	9.77e-12	1.89e-05	1.00e+00
 9.16854e+14	1.11e-11	2.05e-05	1.00e+00
 9.51145e+14	1.26e-11	2.22e-05	1.00e+00
 9.83388e+14	1.41e-11	2.38e-05	1.00e+00
 1.01933e+15	1.59e-11	2.57e-05	1.00e+00
 1.06014e+15	1.82e-11	2.79e-05	1.00e+00
 1.09427e+15	2.02e-11	2.99e-05	1.00e+00
 1.11873e+15	2.19e-11	3.13e-05	1.00e+00
 1.14433e+15	2.37e-11	3.29e-05	1.00e+00
 1.17760e+15	2.63e-11	3.51e-05	1.00e+00
 1.21443e+15	2.91e-11	3.74e-05	1.00e+00
 1.24879e+15	3.24e-11	3.99e-05	1.00e+00
 1.28639e+15	3.58e-11	4.25e-05	1.00e+00
 1.32846e+15	4.04e-11	4.57e-05	1.00e+00
 1.36797e+15	4.46e-11	4.87e-05	1.00e+00
 1.41096e+15	5.03e-11	5.22e-05	1.00e+00
 1.45902e+15	5.69e-11	5.62e-05	1.00e+00
 1.50454e+15	6.33e-11	6.02e-05	1.00e+00
 1.55459e+15	7.22e-11	6.49e-05	1.00e+00
 1.61065e+15	8.25e-11	7.02e-05	1.00e+00
 1.66352e+15	9.25e-11	7.55e-05	1.00e+00
 1.72126e+15	1.06e-10	8.17e-05	1.00e+00
 1.78536e+15	1.23e-10	8.88e-05	1.00e+00
 1.84477e+15	1.38e-10	9.55e-05	1.00e+00
 1.90905e+15	1.59e-10	1.03e-04	1.00e+00
 1.98110e+15	1.84e-10	1.13e-04	1.00e+00
 2.04903e+15	2.10e-10	1.22e-04	1.00e+00
 2.12287e+15	2.43e-10	1.32e-04	1.00e+00
 2.20540e+15	2.82e-10	1.44e-04	1.00e+00
 2.28345e+15	3.25e-10	1.56e-04	1.00e+00
 2.36705e+15	3.75e-10	1.69e-04	1.00e+00
 2.44563e+15	4.29e-10	1.82e-04	1.00e+00
 2.50268e+15	4.73e-10	1.92e-04	1.00e+00
 2.55995e+15	5.19e-10	2.02e-04	1.00e+00
 2.63440e+15	5.77e-10	2.16e-04	1.00e+00
 2.71586e+15	6.62e-10	2.32e-04	1.00e+00
 2.78982e+15	7.38e-10	2.46e-04	1.00e+00
 2.86938e+15	8.22e-10	2.63e-04	1.00e+00
 2.97265e+15	9.64e-10	2.85e-04	1.00e+00
 3.07691e+15	1.12e-09	3.08e-04	1.00e+00
 3.16104e+15	1.25e-09	3.28e-04	1.00e+00
 3.24883e+15	1.39e-09	3.49e-04	1.00e+00
 3.36296e+15	1.61e-09	3.77e-04	1.00e+00
 3.48481e+15	1.87e-09	4.09e-04	1.00e+00
 3.59319e+15	2.13e-09	4.38e-04	1.00e+00
 3.71061e+15	2.41e-09	4.71e-04	1.00e+00
 3.85253e+15	2.87e-09	5.14e-04	9.99e-01
 3.99426e+15	3.28e-09	5.57e-04	9.99e-01
 4.12161e+15	3.76e-09	5.98e-04	9.99e-01
 4.26229e+15	4.33e-09	6.45e-04	9.99e-01
 4.42866e+15	5.20e-09	7.04e-04	9.99e-01
 4.59280e+15	5.94e-09	7.63e-04	9.99e-01
 4.74465e+15	6.84e-09	8.21e-04	9.99e-01
 4.91561e+15	7.95e-09	8.89e-04	9.99e-01
 5.08033e+15	9.16e-09	9.58e-04	9.99e-01
 5.20056e+15	1.03e-08	1.01e-03	9.99e-01
 5.31997e+15	1.14e-08	1.06e-03	9.99e-01
 5.47519e+15	1.26e-08	1.13e-03	9.99e-01
 5.64480e+15	1.46e-08	1.21e-03	9.99e-01
 5.79784e+15	1.63e-08	1.29e-03	9.99e-01
 5.96152e+15	1.82e-08	1.37e-03	9.99e-01
 6.17430e+15	2.16e-08	1.49e-03	9.99e-01
 6.38907e+15	2.48e-08	1.60e-03	9.98e-01
 6.56193e+15	2.78e-08	1.70e-03	9.98e-01
 6.74217e+15	3.13e-08	1.81e-03	9.98e-01
 6.97648e+15	3.64e-08	1.96e-03	9.98e-01
 7.22149e+15	4.14e-08	2.12e-03	9.98e-01
 7.43454e+15	4.80e-08	2.27e-03	9.98e-01
 7.66563e+15	5.47e-08	2.43e-03	9.98e-01
 7.92416e+15	6.20e-08	2.62e-03	9.97e-01
 8.17108e+15	7.09e-08	2.82e-03	9.97e-01
 8.44477e+15	8.37e-08	3.05e-03	9.97e-01
 8.73857e+15	9.63e-08	3.30e-03	9.97e-01
 8.99768e+15	1.08e-07	3.53e-03	9.96e-01
 9.27371e+15	1.24e-07	3.80e-03	9.96e-01
 9.58069e+15	1.46e-07	4.12e-03	9.96e-01
 9.86385e+15	1.66e-07	4.42e-03	9.96e-01
 1.01064e+16	1.85e-07	4.70e-03	9.95e-01
 1.03602e+16	2.08e-07	5.00e-03	9.95e-01
 1.06363e+16	2.31e-07	5.34e-03	9.95e-01
 1.09413e+16	2.69e-07	5.76e-03	9.94e-01
 1.12421e+16	2.99e-07	6.17e-03	9.94e-01
 1.14941e+16	3.38e-07	6.57e-03	9.93e-01
 1.17786e+16	3.81e-07	7.03e-03	9.93e-01
 1.20932e+16	4.27e-07	7.56e-03	9.92e-01
 1.23926e+16	4.93e-07	8.13e-03	9.92e-01
 1.26730e+16	5.50e-07	8.68e-03	9.91e-01
 1.29834e+16	6.15e-07	9.35e-03	9.91e-01
 1.33220e+16	7.20e-07	1.02e-02	9.90e-01
 1.36224e+16	8.12e-07	1.09e-02	9.89e-01
 1.38961e+16	9.05e-07	1.17e-02	9.88e-01
 1.42104e+16	1.02e-06	1.27e-02	9.87e-01
 1.45567e+16	1.21e-06	1.39e-02	9.86e-01
 1.48540e+16	1.36e-06	1.50e-02	9.85e-01
 1.51053e+16	1.51e-06	1.60e-02	9.84e-01
 1.53876e+16	1.71e-06	1.74e-02	9.83e-01
 1.56980e+16	2.02e-06	1.90e-02	9.81e-01
 1.59671e+16	2.30e-06	2.07e-02	9.79e-01
 1.61981e+16	2.58e-06	2.22e-02	9.78e-01
 1.64194e+16	2.90e-06	2.39e-02	9.76e-01
 1.66357e+16	3.23e-06	2.57e-02	9.74e-01
 1.68833e+16	3.67e-06	2.82e-02	9.72e-01
 1.71572e+16	4.28e-06	3.12e-02	9.69e-01
 1.74014e+16	4.97e-06	3.44e-02	9.66e-01
 1.76093e+16	5.79e-06	3.76e-02	9.62e-01
 1.77959e+16	6.58e-06	4.09e-02	9.59e-01
 1.80005e+16	7.51e-06	4.51e-02	9.55e-01
 1.82285e+16	9.06e-06	5.07e-02	9.49e-01
 1.84268e+16	1.07e-05	5.64e-02	9.44e-01
 1.85860e+16	1.22e-05	6.18e-02	9.38e-01
 1.87545e+16	1.40e-05	6.86e-02	9.31e-01
 1.89424e+16	1.67e-05	7.76e-02	9.22e-01
 1.91096e+16	1.98e-05	8.72e-02	9.13e-01
 1.92462e+16	2.35e-05	9.68e-02	9.03e-01
 1.93640e+16	2.70e-05	1.06e-01	8.94e-01
 1.94919e+16	3.11e-05	1.19e-01	8.81e-01
 1.96356e+16	3.80e-05	1.35e-01	8.65e-01
 1.97505e+16	4.44e-05	1.50e-01	8.50e-01
 1.98329e+16	5.00e-05	1.63e-01	8.37e-01
 1.99222e+16	5.65e-05	1.79e-01	8.21e-01
 2.00172e+16	6.53e-05	1.98e-01	8.01e-01
 2.00920e+16	7.37e-05	2.16e-01	7.84e-01
 2.01457e+16	8.14e-05	2.29e-01	7.71e-01
 2.01898e+16	8.68e-05	2.41e-01	7.59e-01
 2.02368e+16	9.42e-05	2.55e-01	7.45e-01
 2.02979e+16	1.05e-04	2.75e-01	7.25e-01
 2.03654e+16	1.19e-04	2.98e-01	7.02e-01
 2.04214e+16	1.30e-04	3.18e-01	6.82e-01
 2.04746e+16	1.43e-04	3.40e-01	6.60e-01
 2.05438e+16	1.64e-04	3.71e-01	6.29e-01
 2.06081e+16	1.82e-04	3.99e-01	6.00e-01
 2.06559e+16	1.99e-04	4.23e-01	5.77e-01
 2.07081e+16	2.18e-04	4.50e-01	5.50e-01
 2.07759e+16	2.46e-04	4.86e-01	5.14e-01
 2.08449e+16	2.75e-04	5.23e-01	4.77e-01
 2.09020e+16	3.01e-04	5.55e-01	4.45e-01
 2.09628e+16	3.32e-04	5.89e-01	4.11e-01
 2.10419e+16	3.72e-04	6.32e-01	3.68e-01
 2.11234e+16	4.15e-04	6.74e-01	3.25e-01
 2.11924e+16	4.53e-04	7.08e-01	2.92e-01
 2.12667e+16	4.94e-04	7.42e-01	2.57e-01
 2.13633e+16	5.48e-04	7.83e-01	2.17e-01
 2.14683e+16	6.03e-04	8.19e-01	1.80e-01
 2.15676e+16	6.54e-04	8.49e-01	1.51e-01
 2.16801e+16	7.11e-04	8.77e-01	1.23e-01
 2.18263e+16	7.81e-04	9.05e-01	9.44e-02
 2.19515e+16	8.37e-04	9.22e-01	7.71e-02
 2.20213e+16	8.68e-04	9.30e-01	6.91e-02
 2.20839e+16	8.98e-04	9.37e-01	6.21e-02
 2.21653e+16	9.36e-04	9.45e-01	5.44e-02
 2.22710e+16	9.88e-04	9.53e-01	4.59e-02
 2.23818e+16	1.04e-03	9.60e-01	3.90e-02
 2.24742e+16	1.09e-03	9.65e-01	3.42e-02
 2.25560e+16	1.13e-03	9.68e-01	3.05e-02
 2.26355e+16	1.18e-03	9.71e-01	2.73e-02
 2.27118e+16	1.23e-03	9.74e-01	2.47e-02
 2.27971e+16	1.28e-03	9.77e-01	2.20e-02
 2.28865e+16	1.34e-03	9.79e-01	1.96e-02
 2.29603e+16	1.40e-03	9.81e-01	1.80e-02
 2.30238e+16	1.45e-03	9.82e-01	1.66e-02
 2.30949e+16	1.51e-03	9.83e-01	1.52e-02
 2.31733e+16	1.58e-03	9.85e-01	1.39e-02
 2.32435e+16	1.65e-03	9.86e-01	1.28e-02
 2.33048e+16	1.72e-03	9.86e-01	1.19e-02
 2.33721e+16	1.80e-03	9.87e-01	1.10e-02
 2.34459e+16	1.89e-03	9.88e-01	1.02e-02
 2.35103e+16	1.98e-03	9.88e-01	9.52e-03
 2.35648e+16	2.07e-03	9.89e-01	8.98e-03
 2.36244e+16	2.17e-03	9.89e-01	8.41e-03
 2.36904e+16	2.29e-03	9.90e-01	7.85e-03
 2.37495e+16	2.40e-03	9.90e-01	7.40e-03
 2.38006e+16	2.51e-03	9.90e-01	7.03e-03
 2.38564e+16	2.64e-03	9.91e-01	6.63e-03
 2.39176e+16	2.80e-03	9.91e-01	6.24e-03
 2.39715e+16	2.96e-03	9.91e-01	5.92e-03
 2.40180e+16	3.11e-03	9.91e-01	5.66e-03
 2.40692e+16	3.28e-03	9.91e-01	5.37e-03
 2.41260e+16	3.50e-03	9.91e-01	5.09e-03
 2.41772e+16	3.73e-03	9.91e-01	4.85e-03
 2.42221e+16	3.94e-03	9.91e-01	4.65e-03
 2.42718e+16	4.20e-03	9.91e-01	4.44e-03
 2.43268e+16	4.54e-03	9.91e-01	4.21e-03
 2.43770e+16	4.89e-03	9.91e-01	4.03e-03
 2.44227e+16	5.24e-03	9.91e-01	3.87e-03
 2.44739e+16	5.70e-03	9.91e-01	3.69e-03
 2.45298e+16	6.30e-03	9.90e-01	3.51e-03
 2.45785e+16	6.92e-03	9.90e-01	3.36e-03
 2.46194e+16	7.51e-03	9.89e-01	3.26e-03
 2.46636e+16	8.27e-03	9.89e-01	3.13e-03
 2.47090e+16	9.20e-03	9.88e-01	3.01e-03
 2.47440e+16	1.01e-02	9.87e-01	2.93e-03
 2.47719e+16	1.08e-02	9.86e-01	2.88e-03
 2.48021e+16	1.18e-02	9.85e-01	2.80e-03
 2.48362e+16	1.31e-02	9.84e-01	2.73e-03
 2.48670e+16	1.44e-02	9.83e-01	2.68e-03
 2.48930e+16	1.58e-02	9.82e-01	2.62e-03
 2.49165e+16	1.72e-02	9.80e-01	2.59e-03
 2.49430e+16	1.90e-02	9.78e-01	2.55e-03
 2.49718e+16	2.14e-02	9.76e-01	2.51e-03
 2.49964e+16	2.39e-02	9.74e-01	2.48e-03
 2.50168e+16	2.64e-02	9.71e-01	2.46e-03
 2.50387e+16	2.94e-02	9.68e-01	2.44e-03
 2.50628e+16	3.33e-02	9.64e-01	2.44e-03
 2.50842e+16	3.76e-02	9.60e-01	2.43e-03
 2.51020e+16	4.17e-02	9.56e-01	2.45e-03
 2.51208e+16	4.69e-02	9.51e-01	2.45e-03
 2.51407e+16	5.32e-02	9.44e-01	2.48e-03
 2.51575e+16	5.98e-02	9.38e-01	2.51e-03
 2.51719e+16	6.62e-02	9.31e-01	2.54e-03
 2.51862e+16	7.37e-02	9.24e-01	2.57e-03
 2.52009e+16	8.22e-02	9.15e-01	2.62e-03
 2.52142e+16	9.13e-02	9.06e-01	2.67e-03
 2.52258e+16	1.00e-01	8.97e-01	2.72e-03
 2.52365e+16	1.09e-01	8.88e-01	2.77e-03
 2.52466e+16	1.19e-01	8.78e-01	2.82e-03
 2.52544e+16	1.27e-01	8.70e-01	2.86e-03
 2.52594e+16	1.33e-01	8.64e-01	2.89e-03
 2.52640e+16	1.38e-01	8.59e-01	2.91e-03
 2.52695e+16	1.45e-01	8.52e-01	2.94e-03
 2.52754e+16	1.53e-01	8.44e-01	2.98e-03
 2.52811e+16	1.61e-01	8.36e-01	3.01e-03
 2.52864e+16	1.69e-01	8.28e-01	3.05e-03
 2.52917e+16	1.77e-01	8.19e-01	3.08e-03
 2.52970e+16	1.86e-01	8.11e-01	3.12e-03
 2.53023e+16	1.95e-01	8.02e-01	3.16e-03
 2.53075e+16	2.05e-01	7.92e-01	3.19e-03
 2.53127e+16	2.15e-01	7.82e-01	3.23e-03
 2.53177e+16	2.25e-01	7.72e-01	3.27e-03
 2.53227e+16	2.36e-01	7.61e-01	3.30e-03
 2.53278e+16	2.47e-01	7.50e-01	3.34e-03
 2.53327e+16	2.59e-01	7.38e-01	3.37e-03
 2.53377e+16	2.71e-01	7.25e-01	3.40e-03
 2.53425e+16	2.83e-01	7.13e-01	3.43e-03
 2.53472e+16	2.96e-01	7.00e-01	3.46e-03
 2.53520e+16	3.09e-01	6.87e-01	3.49e-03
 2.53567e+16	3.23e-01	6.73e-01	3.52e-03
 2.53614e+16	3.37e-01	6.59e-01	3.54e-03
 2.53660e+16	3.51e-01	6.45e-01	3.57e-03
 2.53706e+16	3.66e-01	6.30e-01	3.59e-03
 2.53752e+16	3.82e-01	6.15e-01	3.61e-03
 2.53797e+16	3.97e-01	5.99e-01	3.63e-03
 2.53841e+16	4.12e-01	5.84e-01	3.64e-03
 2.53885e+16	4.28e-01	5.68e-01	3.65e-03
 2.53930e+16	4.45e-01	5.52e-01	3.66e-03
 2.53974e+16	4.61e-01	5.35e-01	3.66e-03
 2.54016e+16	4.77e-01	5.19e-01	3.66e-03
 2.54059e+16	4.93e-01	5.03e-01	3.66e-03
 2.54100e+16	5.10e-01	4.87e-01	3.65e-03
 2.54141e+16	5.25e-01	4.71e-01	3.64e-03
 2.54181e+16	5.41e-01	4.55e-01	3.63e-03
 2.54220e+16	5.56e-01	4.40e-01	3.61e-03
 2.54258e+16	5.72e-01	4.25e-01	3.59e-03
 2.54297e+16	5.87e-01	4.09e-01	3.56e-03
 2.54336e+16	6.02e-01	3.94e-01	3.53e-03
 2.54373e+16	6.17e-01	3.79e-01	3.49e-03
 2.54411e+16	6.32e-01	3.65e-01	3.45e-03
 2.54448e+16	6.46e-01	3.51e-01	3.41e-03
 2.54485e+16	6.60e-01	3.37e-01	3.36e-03
 2.54522e+16	6.73e-01	3.23e-01	3.32e-03
 2.54558e+16	6.86e-01	3.10e-01	3.27e-03
 2.54594e+16	6.99e-01	2.98e-01	3.21e-03
 2.54631e+16	7.12e-01	2.85e-01	3.15e-03
 2.54668e+16	7.24e-01	2.73e-01	3.09e-03
 2.54705e+16	7.36e-01	2.61e-01	3.02e-03
 2.54743e+16	7.48e-01	2.49e-01	2.96e-03
 2.54781e+16	7.59e-01	2.38e-01	2.89e-03
 2.54819e+16	7.70e-01	2.27e-01	2.82e-03
 2.54858e+16	7.81e-01	2.16e-01	2.74e-03
 2.54892e+16	7.90e-01	2.07e-01	2.67e-03
 2.54919e+16	7.97e-01	2.01e-01	2.62e-03
 2.54944e+16	8.03e-01	1.94e-01	2.56e-03
 2.54971e+16	8.10e-01	1.88e-01	2.51e-03
 2.54998e+16	8.16e-01	1.82e-01	2.45e-03
 2.55025e+16	8.22e-01	1.76e-01	2.40e-03
 2.55051e+16	8.27e-01	1.71e-01	2.35e-03
 2.55077e+16	8.32e-01	1.65e-01	2.30e-03
 2.55104e+16	8.37e-01	1.60e-01	2.25e-03
 2.55129e+16	8.42e-01	1.56e-01	2.20e-03
 2.55155e+16	8.46e-01	1.51e-01	2.15e-03
 2.55181e+16	8.51e-01	1.47e-01	2.11e-03
 2.55208e+16	8.55e-01	1.43e-01	2.06e-03
 2.55235e+16	8.59e-01	1.39e-01	2.02e-03
 2.55261e+16	8.63e-01	1.35e-01	1.97e-03
 2.55289e+16	8.66e-01	1.32e-01	1.94e-03
 2.55317e+16	8.70e-01	1.28e-01	1.89e-03
 2.55346e+16	8.73e-01	1.25e-01	1.85e-03
 2.55376e+16	8.76e-01	1.22e-01	1.81e-03
 2.55407e+16	8.80e-01	1.19e-01	1.77e-03
 2.55439e+16	8.83e-01	1.16e-01	1.73e-03
 2.55472e+16	8.86e-01	1.13e-01	1.69e-03
 2.55507e+16	8.88e-01	1.10e-01	1.66e-03
 2.55544e+16	8.91e-01	1.07e-01	1.62e-03
 2.55584e+16	8.94e-01	1.05e-01	1.58e-03
 2.55627e+16	8.96e-01	1.02e-01	1.54e-03
 2.55673e+16	8.99e-01	9.94e-02	1.51e-03
 2.55725e+16	9.02e-01	9.69e-02	1.47e-03
 2.55784e+16	9.04e-01	9.45e-02	1.43e-03
 2.55853e+16	9.07e-01	9.20e-02	1.39e-03
 2.55935e+16	9.09e-01	8.96e-02	1.35e-03
 2.56033e+16	9.11e-01	8.72e-02	1.31e-03
 2.56140e+16	9.13e-01	8.52e-02	1.28e-03
 2.56263e+16	9.15e-01	8.33e-02	1.24e-03
 2.56422e+16	9.17e-01	8.14e-02	1.20e-03
 2.56629e+16	9.19e-01	7.95e-02	1.15e-03
 2.56898e+16	9.21e-01	7.75e-02	1.10e-03
 2.57247e+16	9.24e-01	7.54e-02	1.04e-03
 2.57658e+16	9.26e-01	7.32e-02	9.81e-04
 2.58082e+16	9.28e-01	7.11e-02	9.24e-04
 2.58482e+16	9.30e-01	6.92e-02	8.73e-04
 2.58846e+16	9.32e-01	6.75e-02	8.30e-04
 2.59178e+16	9.33e-01	6.60e-02	7.92e-04
 2.59479e+16	9.35e-01	6.47e-02	7.59e-04
 2.59754e+16	9.36e-01	6.35e-02	7.31e-04
 2.60003e+16	9.37e-01	6.25e-02	7.05e-04
 2.60231e+16	9.38e-01	6.15e-02	6.83e-04
 2.60480e+16	9.39e-01	6.05e-02	6.59e-04
 2.60749e+16	9.40e-01	5.94e-02	6.34e-04
 2.60993e+16	9.41e-01	5.83e-02	6.11e-04
 2.61216e+16	9.42e-01	5.75e-02	5.92e-04
 2.61460e+16	9.43e-01	5.65e-02	5.72e-04
 2.61723e+16	9.44e-01	5.54e-02	5.49e-04
 2.61963e+16	9.45e-01	5.45e-02	5.30e-04
 2.62181e+16	9.46e-01	5.37e-02	5.14e-04
 2.62379e+16	9.47e-01	5.29e-02	4.99e-04
 2.62597e+16	9.47e-01	5.21e-02	4.82e-04
 2.62832e+16	9.48e-01	5.12e-02	4.66e-04
 2.63045e+16	9.49e-01	5.04e-02	4.51e-04
 2.63240e+16	9.50e-01	4.97e-02	4.38e-04
 2.63417e+16	9.50e-01	4.91e-02	4.26e-04
 2.63611e+16	9.51e-01	4.84e-02	4.13e-04
 2.63820e+16	9.52e-01	4.76e-02	4.00e-04
 2.64010e+16	9.53e-01	4.69e-02	3.88e-04
 2.64184e+16	9.53e-01	4.63e-02	3.77e-04
 2.64341e+16	9.54e-01	4.58e-02	3.69e-04
 2.64514e+16	9.54e-01	4.51e-02	3.58e-04
 2.64701e+16	9.55e-01	4.45e-02	3.48e-04
 2.64871e+16	9.56e-01	4.39e-02	3.39e-04
 2.65057e+16	9.56e-01	4.33e-02	3.29e-04
 2.65258e+16	9.57e-01	4.26e-02	3.18e-04
 2.65440e+16	9.58e-01	4.20e-02	3.09e-04
 2.65607e+16	9.58e-01	4.15e-02	3.01e-04
 2.65789e+16	9.59e-01	4.09e-02	2.92e-04
 2.65986e+16	9.59e-01	4.03e-02	2.83e-04
 2.66165e+16	9.60e-01	3.97e-02	2.75e-04
 2.66328e+16	9.61e-01	3.92e-02	2.68e-04
 2.66506e+16	9.61e-01	3.86e-02	2.60e-04
 2.66699e+16	9.62e-01	3.81e-02	2.53e-04
 2.66875e+16	9.62e-01	3.75e-02	2.46e-04
 2.67034e+16	9.63e-01	3.71e-02	2.40e-04
 2.67209e+16	9.63e-01	3.65e-02	2.33e-04
 2.67398e+16	9.64e-01	3.60e-02	2.26e-04
 2.67570e+16	9.64e-01	3.55e-02	2.20e-04
 2.67726e+16	9.65e-01	3.51e-02	2.15e-04
 2.67898e+16	9.65e-01	3.46e-02	2.09e-04
 2.68083e+16	9.66e-01	3.41e-02	2.03e-04
 2.68251e+16	9.66e-01	3.37e-02	1.98e-04
 2.68435e+16	9.67e-01	3.32e-02	1.92e-04
 2.68635e+16	9.67e-01	3.27e-02	1.86e-04
 2.68816e+16	9.68e-01	3.23e-02	1.81e-04
 2.69014e+16	9.68e-01	3.18e-02	1.76e-04
 2.69229e+16	9.69e-01	3.13e-02	1.70e-04
 2.69424e+16	9.69e-01	3.08e-02	1.65e-04
 2.69602e+16	9.69e-01	3.04e-02	1.61e-04
 2.69796e+16	9.70e-01	3.00e-02	1.56e-04
 2.70006e+16	9.70e-01	2.95e-02	1.52e-04
 2.70197e+16	9.71e-01	2.91e-02	1.48e-04
 2.70407e+16	9.71e-01	2.87e-02	1.43e-04
 2.70633e+16	9.72e-01	2.82e-02	1.39e-04
 2.70839e+16	9.72e-01	2.78e-02	1.35e-04
 2.71064e+16	9.73e-01	2.73e-02	1.30e-04
 2.71308e+16	9.73e-01	2.69e-02	1.26e-04
 2.71529e+16	9.73e-01	2.65e-02	1.22e-04
 2.71731e+16	9.74e-01	2.61e-02	1.19e-04
 2.71952e+16	9.74e-01	2.57e-02	1.15e-04
 2.72190e+16	9.75e-01	2.53e-02	1.11e-04
 2.72407e+16	9.75e-01	2.49e-02	1.08e-04
 2.72645e+16	9.75e-01	2.45e-02	1.04e-04
 2.72901e+16	9.76e-01	2.40e-02	1.01e-04
 2.73135e+16	9.76e-01	2.37e-02	9.79e-05
 2.73391e+16	9.77e-01	2.33e-02	9.45e-05
 2.73667e+16	9.77e-01	2.28e-02	9.11e-05
 2.73919e+16	9.77e-01	2.25e-02	8.82e-05
 2.74148e+16	9.78e-01	2.21e-02	8.57e-05
 2.74399e+16	9.78e-01	2.18e-02	8.28e-05
 2.74669e+16	9.79e-01	2.14e-02	8.00e-05
 2.74916e+16	9.79e-01	2.10e-02	7.76e-05
 2.75186e+16	9.79e-01	2.07e-02	7.48e-05
 2.75477e+16	9.80e-01	2.03e-02	7.22e-05
 2.75742e+16	9.80e-01	2.00e-02	6.99e-05
 2.76033e+16	9.80e-01	1.96e-02	6.73e-05
 2.76347e+16	9.81e-01	1.92e-02	6.48e-05
 2.76632e+16	9.81e-01	1.89e-02	6.26e-05
 2.76892e+16	9.81e-01	1.86e-02	6.07e-05
 2.77177e+16	9.82e-01	1.83e-02	5.85e-05
 2.77484e+16	9.82e-01	1.79e-02	5.64e-05
 2.77764e+16	9.82e-01	1.76e-02	5.46e-05
 2.78070e+16	9.83e-01	1.73e-02	5.26e-05
 2.78401e+16	9.83e-01	1.70e-02	5.06e-05
 2.78702e+16	9.83e-01	1.67e-02	4.89e-05
 2.79032e+16	9.84e-01	1.63e-02	4.70e-05
 2.79389e+16	9.84e-01	1.60e-02	4.52e-05
 2.79713e+16	9.84e-01	1.57e-02	4.36e-05
 2.80068e+16	9.85e-01	1.54e-02	4.18e-05
 2.80451e+16	9.85e-01	1.51e-02	4.01e-05
 2.80800e+16	9.85e-01	1.48e-02	3.86e-05
 2.81183e+16	9.86e-01	1.45e-02	3.69e-05
 2.81596e+16	9.86e-01	1.41e-02	3.54e-05
 2.81971e+16	9.86e-01	1.39e-02	3.40e-05
 2.82383e+16	9.86e-01	1.35e-02	3.25e-05
 2.82827e+16	9.87e-01	1.32e-02	3.10e-05
 2.83232e+16	9.87e-01	1.29e-02	2.98e-05
 2.83600e+16	9.87e-01	1.27e-02	2.86e-05
 2.84003e+16	9.88e-01	1.24e-02	2.75e-05
 2.84439e+16	9.88e-01	1.22e-02	2.63e-05
 2.84835e+16	9.88e-01	1.19e-02	2.53e-05
 2.85269e+16	9.88e-01	1.16e-02	2.41e-05
 2.85738e+16	9.89e-01	1.14e-02	2.31e-05
 2.86164e+16	9.89e-01	1.11e-02	2.21e-05
 2.86631e+16	9.89e-01	1.09e-02	2.11e-05
 2.87136e+16	9.89e-01	1.06e-02	2.01e-05
 2.87595e+16	9.90e-01	1.04e-02	1.93e-05
 2.88098e+16	9.90e-01	1.01e-02	1.83e-05
 2.88642e+16	9.90e-01	9.87e-03	1.74e-05
 2.89136e+16	9.90e-01	9.65e-03	1.67e-05
 2.89677e+16	9.91e-01	9.40e-03	1.58e-05
 2.90262e+16	9.91e-01	9.15e-03	1.50e-05
 2.90794e+16	9.91e-01	8.93e-03	1.43e-05
 2.91377e+16	9.91e-01	8.69e-03	1.36e-05
 2.92007e+16	9.92e-01	8.45e-03	1.28e-05
 2.92580e+16	9.92e-01	8.24e-03	1.22e-05
 2.93208e+16	9.92e-01	8.01e-03	1.15e-05
 2.93885e+16	9.92e-01	7.77e-03	1.09e-05
 2.94502e+16	9.92e-01	7.57e-03	1.03e-05
 2.95178e+16	9.93e-01	7.35e-03	9.74e-06
 2.95907e+16	9.93e-01	7.12e-03	9.16e-06
 2.96707e+16	9.93e-01	6.88e-03	8.55e-06
 2.97680e+16	9.93e-01	6.60e-03	7.87e-06
 2.98734e+16	9.94e-01	6.31e-03	7.23e-06
 2.99815e+16	9.94e-01	6.04e-03	6.62e-06
 3.00937e+16	9.94e-01	5.78e-03	6.06e-06
 3.02105e+16	9.94e-01	5.51e-03	5.53e-06
 3.03316e+16	9.95e-01	5.26e-03	5.04e-06
 3.04566e+16	9.95e-01	5.01e-03	4.58e-06
 3.05842e+16	9.95e-01	4.77e-03	4.16e-06
 3.07137e+16	9.95e-01	4.55e-03	3.78e-06
 3.08455e+16	9.96e-01	4.33e-03	3.43e-06
 3.09800e+16	9.96e-01	4.12e-03	3.11e-06
 3.11171e+16	9.96e-01	3.92e-03	2.82e-06
 3.12566e+16	9.96e-01	3.73e-03	2.56e-06
 3.13987e+16	9.96e-01	3.55e-03	2.31e-06
 3.15433e+16	9.97e-01	3.37e-03	2.09e-06
 3.16907e+16	9.97e-01	3.20e-03	1.89e-06
 3.18407e+16	9.97e-01	3.05e-03	1.71e-06
 3.19910e+16	9.97e-01	2.90e-03	1.55e-06
 3.21436e+16	9.97e-01	2.75e-03	1.40e-06
 3.23021e+16	9.97e-01	2.61e-03	1.26e-06
 3.24643e+16	9.98e-01	2.47e-03	1.13e-06
 3.26288e+16	9.98e-01	2.34e-03	1.02e-06
 3.27960e+16	9.98e-01	2.22e-03	9.14e-07
 3.29666e+16	9.98e-01	2.10e-03	8.20e-07
 3.31405e+16	9.98e-01	1.99e-03	7.35e-07
 3.33179e+16	9.98e-01	1.88e-03	6.58e-07
 3.34987e+16	9.98e-01	1.78e-03	5.88e-07
 3.36832e+16	9.98e-01	1.68e-03	5.25e-07
 3.38715e+16	9.98e-01	1.58e-03	4.68e-07
 3.40637e+16	9.99e-01	1.49e-03	4.16e-07
 3.42599e+16	9.99e-01	1.41e-03	3.70e-07
 3.44604e+16	9.99e-01	1.32e-03	3.28e-07
 3.46653e+16	9.99e-01	1.25e-03	2.90e-07
 3.48748e+16	9.99e-01	1.17e-03	2.57e-07
 3.50891e+16	9.99e-01	1.10e-03	2.26e-07
 3.53085e+16	9.99e-01	1.03e-03	1.99e-07
 3.55333e+16	9.99e-01	9.65e-04	1.75e-07
 3.57637e+16	9.99e-01	9.03e-04	1.53e-07
 3.60000e+16	9.99e-01	8.44e-04	1.34e-07
 3.62426e+16	9.99e-01	7.87e-04	1.16e-07
 3.64922e+16	9.99e-01	7.34e-04	1.01e-07
 3.67451e+16	9.99e-01	6.84e-04	8.78e-08
 3.70031e+16	9.99e-01	6.36e-04	7.60e-08
 3.72739e+16	9.99e-01	5.90e-04	6.53e-08
 3.75574e+16	9.99e-01	5.45e-04	5.58e-08
 3.78504e+16	9.99e-01	5.03e-04	4.75e-08
 3.81529e+16	1.00e+00	4.63e-04	4.02e-08
 3.84671e+16	1.00e+00	4.25e-04	3.38e-08
 3.87947e+16	1.00e+00	3.89e-04	2.83e-08
 3.91370e+16	1.00e+00	3.54e-04	2.35e-08
 3.94957e+16	1.00e+00	3.22e-04	1.93e-08
 3.98735e+16	1.00e+00	2.91e-04	1.58e-08
 4.02723e+16	1.00e+00	2.61e-04	1.27e-08
 4.06939e+16	1.00e+00	2.33e-04	1.02e-08
 4.11456e+16	1.00e+00	2.07e-04	7.99e-09
 4.16314e+16	1.00e+00	1.82e-04	6.18e-09
 4.21530e+16	1.00e+00	1.59e-04	4.69e-09
 4.27193e+16	1.00e+00	1.37e-04	3.48e-09
 4.33430e+16	1.00e+00	1.16e-04	2.51e-09
 4.40391e+16	1.00e+00	9.71e-05	1.74e-09
 4.48494e+16	1.00e+00	7.86e-05	1.14e-09
 4.57934e+16	1.00e+00	6.19e-05	7.06e-10
 4.68059e+16	1.00e+00	4.80e-05	4.25e-10
 4.78091e+16	1.00e+00	3.75e-05	2.60e-10
 4.87902e+16	1.00e+00	2.95e-05	1.61e-10
 4.97762e+16	1.00e+00	2.32e-05	1.00e-10
 5.07821e+16	1.00e+00	1.82e-05	6.21e-11
 5.18101e+16	1.00e+00	1.43e-05	3.83e-11
 5.28567e+16	1.00e+00	1.12e-05	2.36e-11
 5.39211e+16	1.00e+00	8.76e-06	1.46e-11
 5.50102e+16	1.00e+00	6.85e-06	8.96e-12
 5.61252e+16	1.00e+00	5.36e-06	5.51e-12
 5.72704e+16	1.00e+00	4.18e-06	3.37e-12
 5.84537e+16	1.00e+00	3.25e-06	2.05e-12
 5.96807e+16	1.00e+00	2.52e-06	1.24e-12
 6.09510e+16	1.00e+00	1.95e-06	7.43e-13
 6.22649e+16	1.00e+00	1.50e-06	4.41e-13
 6.36244e+16	1.00e+00	1.15e-06	2.61e-13
 6.50412e+16	1.00e+00	8.78e-07	1.53e-13
 6.65302e+16	1.00e+00	6.66e-07	8.83e-14
 6.81009e+16	1.00e+00	5.01e-07	5.00e-14
 6.97637e+16	1.00e+00	3.73e-07	2.79e-14
 7.15346e+16	1.00e+00	2.75e-07	1.52e-14
 7.34357e+16	1.00e+00	2.00e-07	8.05e-15
 7.54954e+16	1.00e+00	1.43e-07	4.12e-15
 7.77494e+16	1.00e+00	1.00e-07	2.03e-15
 8.01640e+16	1.00e+00	6.91e-08	9.71e-16
 8.26665e+16	1.00e+00	4.78e-08	4.66e-16
 8.52226e+16	1.00e+00	3.32e-08	2.25e-16
 8.78361e+16	1.00e+00	2.31e-08	1.09e-16
 9.05157e+16	1.00e+00	1.61e-08	5.32e-17
 9.32591e+16	1.00e+00	1.13e-08	2.60e-17
 9.60652e+16	1.00e+00	7.89e-09	1.28e-17
 9.89036e+16	1.00e+00	5.56e-09	6.37e-18
 1.01746e+17	1.00e+00	3.96e-09	3.23e-18
 1.04588e+17	1.00e+00	2.84e-09	1.67e-18
 1.07430e+17	1.00e+00	2.05e-09	8.73e-19
 1.10272e+17	1.00e+00	1.50e-09	4.65e-19
 1.13203e+17	1.00e+00	1.09e-09	2.45e-19
 1.16269e+17	1.00e+00	7.86e-10	1.28e-19
 1.19353e+17	1.00e+00	5.71e-10	6.78e-20
 1.22385e+17	1.00e+00	4.21e-10	3.68e-20
 1.25369e+17	1.00e+00	3.14e-10	2.05e-20
 1.28314e+17	1.00e+00	2.36e-10	1.16e-20
 1.31213e+17	1.00e+00	1.80e-10	6.73e-21
 1.34045e+17	1.00e+00	1.38e-10	0.00e+00
 1.36796e+17	1.00e+00	1.08e-10	0.00e+00
 1.39456e+17	1.00e+00	8.54e-11	0.00e+00
 1.42022e+17	1.00e+00	6.84e-11	0.00e+00
 1.44489e+17	1.00e+00	5.56e-11	0.00e+00
 1.46853e+17	1.00e+00	4.57e-11	0.00e+00
 1.49112e+17	1.00e+00	3.81e-11	0.00e+00
 1.51267e+17	1.00e+00	3.21e-11	0.00e+00
 1.53318e+17	1.00e+00	2.74e-11	0.00e+00
 1.55269e+17	1.00e+00	2.37e-11	0.00e+00
 1.57121e+17	1.00e+00	2.07e-11	0.00e+00
 1.58878e+17	1.00e+00	1.82e-11	0.00e+00
 1.60545e+17	1.00e+00	1.62e-11	0.00e+00
 1.62124e+17	1.00e+00	1.46e-11	0.00e+00
 1.63621e+17	1.00e+00	1.32e-11	0.00e+00
 1.65039e+17	1.00e+00	1.20e-11	0.00e+00
 1.66383e+17	1.00e+00	1.11e-11	0.00e+00
 1.67655e+17	1.00e+00	1.02e-11	0.00e+00
 1.68862e+17	1.00e+00	9.52e-12	0.00e+00
 1.70005e+17	1.00e+00	8.91e-12	0.00e+00
 1.71089e+17	1.00e+00	8.38e-12	0.00e+00
 1.72116e+17	1.00e+00	7.92e-12	0.00e+00
 1.73089e+17	1.00e+00	7.53e-12	0.00e+00
 1.74013e+17	1.00e+00	7.16e-12	0.00e+00
 1.74890e+17	1.00e+00	6.85e-12	0.00e+00
 1.75722e+17	1.00e+00	6.58e-12	0.00e+00
 1.76513e+17	1.00e+00	6.33e-12	0.00e+00
 1.77263e+17	1.00e+00	6.11e-12	0.00e+00
 1.77976e+17	1.00e+00	5.92e-12	0.00e+00
 1.78654e+17	1.00e+00	5.74e-12	0.00e+00
 1.79300e+17	1.00e+00	5.58e-12	0.00e+00
 1.79914e+17	1.00e+00	5.44e-12	0.00e+00
 1.80499e+17	1.00e+00	5.30e-12	0.00e+00
 1.81056e+17	1.00e+00	5.19e-12	0.00e+00
 1.81587e+17	1.00e+00	5.08e-12	0.00e+00
 1.82094e+17	1.00e+00	4.98e-12	0.00e+00
 1.82577e+17	1.00e+00	4.88e-12	0.00e+00
 1.83040e+17	1.00e+00	4.80e-12	0.00e+00
 1.83482e+17	1.00e+00	4.72e-12	0.00e+00
 1.83906e+17	1.00e+00	4.65e-12	0.00e+00
 1.84311e+17	1.00e+00	4.58e-12	0.00e+00
 1.84700e+17	1.00e+00	4.52e-12	0.00e+00
 1.85074e+17	1.00e+00	4.46e-12	0.00e+00
 1.85434e+17	1.00e+00	4.41e-12	0.00e+00
 1.85781e+17	1.00e+00	4.36e-12	0.00e+00
 1.86116e+17	1.00e+00	4.31e-12	0.00e+00
 1.86439e+17	1.00e+00	4.27e-12	0.00e+00
 1.86753e+17	1.00e+00	4.22e-12	0.00e+00
 1.87057e+17	1.00e+00	4.18e-12	0.00e+00
 1.87354e+17	1.00e+00	4.14e-12	0.00e+00
 1.87644e+17	1.00e+00	4.10e-12	0.00e+00
 1.87928e+17	1.00e+00	4.07e-12	0.00e+00
 1.88207e+17	1.00e+00	4.03e-12	0.00e+00
 1.88483e+17	1.00e+00	4.00e-12	0.00e+00
 1.88757e+17	1.00e+00	3.97e-12	0.00e+00
 1.89030e+17	1.00e+00	3.94e-12	0.00e+00
 1.89304e+17	1.00e+00	3.90e-12	0.00e+00
 1.89580e+17	1.00e+00	3.87e-12	0.00e+00
 1.89861e+17	1.00e+00	3.84e-12	0.00e+00
 1.90150e+17	1.00e+00	3.81e-12	0.00e+00
 1.90449e+17	1.00e+00	3.77e-12	0.00e+00
 1.90763e+17	1.00e+00	3.74e-12	0.00e+00
 1.91096e+17	1.00e+00	3.71e-12	0.00e+00
 1.91454e+17	1.00e+00	3.67e-12	0.00e+00
 1.91847e+17	1.00e+00	3.63e-12	0.00e+00
 1.92286e+17	1.00e+00	3.58e-12	0.00e+00
 1.92787e+17	1.00e+00	3.53e-12	0.00e+00
 1.93377e+17	1.00e+00	3.47e-12	0.00e+00
 1.94090e+17	1.00e+00	3.40e-12	0.00e+00
 1.94986e+17	1.00e+00	3.32e-12	0.00e+00
 1.96141e+17	1.00e+00	3.20e-12	0.00e+00
 1.97642e+17	1.00e+00	3.06e-12	0.00e+00
 1.99593e+17	1.00e+00	2.88e-12	0.00e+00
 2.02130e+17	1.00e+00	2.67e-12	0.00e+00
 2.05428e+17	1.00e+00	2.41e-12	0.00e+00
 2.09715e+17	1.00e+00	2.10e-12	0.00e+00
 2.15211e+17	1.00e+00	1.77e-12	0.00e+00
 2.21446e+17	1.00e+00	1.45e-12	0.00e+00
 2.27832e+17	1.00e+00	1.29e-12	0.00e+00
 2.35245e+17	1.00e+00	1.19e-12	0.00e+00
 2.44224e+17	1.00e+00	9.52e-13	0.00e+00
 2.53993e+17	1.00e+00	7.76e-13	0.00e+00
 2.64153e+17	1.00e+00	6.92e-13	0.00e+00
 2.74719e+17	1.00e+00	6.26e-13	0.00e+00
 2.85708e+17	1.00e+00	5.66e-13	0.00e+00
 2.97136e+17	1.00e+00	5.10e-13	0.00e+00
 3.09022e+17	1.00e+00	4.55e-13	0.00e+00
 3.21383e+17	1.00e+00	4.04e-13	0.00e+00
 3.34238e+17	1.00e+00	3.54e-13	0.00e+00
 3.47608e+17	1.00e+00	3.08e-13	0.00e+00
 3.61512e+17	1.00e+00	2.64e-13	0.00e+00
 3.75250e+17	1.00e+00	2.23e-13	0.00e+00
 3.87652e+17	1.00e+00	2.21e-13	0.00e+00
 3.98400e+17	1.00e+00	2.45e-13	0.00e+00
 4.08082e+17	1.00e+00	2.64e-13	0.00e+00
 4.17428e+17	1.00e+00	2.59e-13	0.00e+00
 4.26607e+17	1.00e+00	2.36e-13	0.00e+00
 4.35153e+17	1.00e+00	2.15e-13	0.00e+00
 4.42556e+17	1.00e+00	2.08e-13	0.00e+00
 4.48222e+17	1.00e+00	2.08e-13	0.00e+00
 4.51742e+17	1.00e+00	2.22e-13	0.00e+00
 4.53650e+17	1.00e+00	2.37e-13	0.00e+00
 4.54729e+17	1.00e+00	2.46e-13	0.00e+00
 4.55377e+17	1.00e+00	2.51e-13	0.00e+00
 4.55807e+17	1.00e+00	2.54e-13	0.00e+00
 4.56193e+17	1.00e+00	2.56e-13	0.00e+00
 4.56625e+17	1.00e+00	2.57e-13	0.00e+00
 4.57098e+17	1.00e+00	2.59e-13	0.00e+00
 4.57541e+17	1.00e+00	2.59e-13	0.00e+00
 4.57895e+17	1.00e+00	2.60e-13	0.00e+00
 4.58196e+17	1.00e+00	2.60e-13	0.00e+00
 4.58494e+17	1.00e+00	2.61e-13	0.00e+00
 4.58805e+17	1.00e+00	2.61e-13	0.00e+00
 4.59123e+17	1.00e+00	2.60e-13	0.00e+00
 4.59408e+17	1.00e+00	2.60e-13	0.00e+00
 4.59643e+17	1.00e+00	2.60e-13	0.00e+00
 4.59862e+17	1.00e+00	2.59e-13	0.00e+00
 4.60085e+17	1.00e+00	2.59e-13	0.00e+00
 4.60318e+17	1.00e+00	2.59e-13	0.00e+00
 4.60549e+17	1.00e+00	2.58e-13	0.00e+00
 4.60755e+17	1.00e+00	2.57e-13	0.00e+00
 4.60938e+17	1.00e+00	2.57e-13	0.00e+00
 4.61112e+17	1.00e+00	2.56e-13	0.00e+00
 4.61286e+17	1.00e+00	2.56e-13	0.00e+00
 4.61461e+17	1.00e+00	2.55e-13	0.00e+00
 4.61639e+17	1.00e+00	2.54e-13	0.00e+00
 4.61814e+17	1.00e+00	2.54e-13	0.00e+00
 4.61974e+17	1.00e+00	2.53e-13	0.00e+00
 4.62122e+17	1.00e+00	2.52e-13	0.00e+00
 4.62272e+17	1.00e+00	2.52e-13	0.00e+00
 4.62428e+17	1.00e+00	2.51e-13	0.00e+00
 4.62585e+17	1.00e+00	2.50e-13	0.00e+00
 4.62734e+17	1.00e+00	2.49e-13	0.00e+00
 4.62876e+17	1.00e+00	2.49e-13	0.00e+00
 4.63021e+17	1.00e+00	2.48e-13	0.00e+00
 4.63170e+17	1.00e+00	2.47e-13	0.00e+00
 4.63320e+17	1.00e+00	2.46e-13	0.00e+00
 4.63464e+17	1.00e+00	2.45e-13	0.00e+00
 4.63605e+17	1.00e+00	2.44e-13	0.00e+00
 4.63753e+17	1.00e+00	2.43e-13	0.00e+00
 4.63906e+17	1.00e+00	2.42e-13	0.00e+00
 4.64062e+17	1.00e+00	2.41e-13	0.00e+00
 4.64218e+17	1.00e+00	2.40e-13	0.00e+00
 4.64368e+17	1.00e+00	2.39e-13	0.00e+00
 4.64515e+17	1.00e+00	2.38e-13	0.00e+00
 4.64668e+17	1.00e+00	2.37e-13	0.00e+00
 4.64840e+17	1.00e+00	2.36e-13	0.00e+00
 4.65033e+17	1.00e+00	2.34e-13	0.00e+00
 4.65223e+17	1.00e+00	2.33e-13	0.00e+00
 4.65385e+17	1.00e+00	2.31e-13	0.00e+00
 4.65542e+17	1.00e+00	2.30e-13	0.00e+00
 4.65734e+17	1.00e+00	2.29e-13	0.00e+00
 4.65944e+17	1.00e+00	2.27e-13	0.00e+00
 4.66148e+17	1.00e+00	2.25e-13	0.00e+00
 4.66337e+17	1.00e+00	2.23e-13	0.00e+00
 4.66529e+17	1.00e+00	2.22e-13	0.00e+00
 4.66739e+17	1.00e+00	2.20e-13	0.00e+00
 4.66958e+17	1.00e+00	2.18e-13	0.00e+00
 4.67181e+17	1.00e+00	2.16e-13	0.00e+00
 4.67407e+17	1.00e+00	2.14e-13	0.00e+00
 4.67637e+17	1.00e+00	2.12e-13	0.00e+00
 4.67879e+17	1.00e+00	2.10e-13	0.00e+00
 4.68130e+17	1.00e+00	2.08e-13	0.00e+00
 4.68385e+17	1.00e+00	2.05e-13	0.00e+00
 4.68645e+17	1.00e+00	2.03e-13	0.00e+00
 4.68909e+17	1.00e+00	2.00e-13	0.00e+00
 4.69181e+17	1.00e+00	1.98e-13	0.00e+00
 4.69447e+17	1.00e+00	1.95e-13	0.00e+00
 4.69740e+17	1.00e+00	1.93e-13	0.00e+00
 4.70078e+17	1.00e+00	1.90e-13	0.00e+00
 4.70412e+17	1.00e+00	1.86e-13	0.00e+00
 4.70705e+17	1.00e+00	1.83e-13	0.00e+00
 4.71004e+17	1.00e+00	1.81e-13	0.00e+00
 4.71361e+17	1.00e+00	1.77e-13	0.00e+00
 4.71740e+17	1.00e+00	1.74e-13	0.00e+00
 4.72101e+17	1.00e+00	1.70e-13	0.00e+00
 4.72443e+17	1.00e+00	1.67e-13	0.00e+00
 4.72803e+17	1.00e+00	1.64e-13	0.00e+00
 4.73200e+17	1.00e+00	1.60e-13	0.00e+00
 4.73611e+17	1.00e+00	1.56e-13	0.00e+00
 4.74018e+17	1.00e+00	1.52e-13	0.00e+00
 4.74427e+17	1.00e+00	1.49e-13	0.00e+00
 4.74841e+17	1.00e+00	1.45e-13	0.00e+00
 4.75263e+17	1.00e+00	1.41e-13	0.00e+00
 4.75708e+17	1.00e+00	1.37e-13	0.00e+00
 4.76180e+17	1.00e+00	1.33e-13	0.00e+00
 4.76658e+17	1.00e+00	1.29e-13	0.00e+00
 4.77130e+17	1.00e+00	1.24e-13	0.00e+00
 4.77599e+17	1.00e+00	1.20e-13	0.00e+00
 4.78084e+17	1.00e+00	1.17e-13	0.00e+00
 4.78601e+17	1.00e+00	1.12e-13	0.00e+00
 4.79138e+17	1.00e+00	1.08e-13	0.00e+00
 4.79669e+17	1.00e+00	1.04e-13	0.00e+00
 4.80199e+17	1.00e+00	9.95e-14	0.00e+00
 4.80747e+17	1.00e+00	9.52e-14	0.00e+00
 4.81316e+17	1.00e+00	9.11e-14	0.00e+00
 4.81893e+17	1.00e+00	8.68e-14	0.00e+00
 4.82492e+17	1.00e+00	8.27e-14	0.00e+00
 4.83109e+17	1.00e+00	7.83e-14	0.00e+00
 4.83718e+17	1.00e+00	7.42e-14	0.00e+00
 4.84328e+17	1.00e+00	7.02e-14	0.00e+00
 4.84964e+17	1.00e+00	6.63e-14	0.00e+00
 4.85632e+17	1.00e+00	6.25e-14	0.00e+00
 4.86334e+17	1.00e+00	5.84e-14	0.00e+00
 4.87053e+17	1.00e+00	5.44e-14	0.00e+00
 4.87764e+17	1.00e+00	5.06e-14	0.00e+00
 4.88473e+17	1.00e+00	4.71e-14	0.00e+00
 4.89206e+17	1.00e+00	4.37e-14	0.00e+00
 4.89929e+17	1.00e+00	4.03e-14	0.00e+00
 4.90566e+17	1.00e+00	3.74e-14	0.00e+00
 4.91097e+17	1.00e+00	3.51e-14	0.00e+00
 4.91567e+17	1.00e+00	3.32e-14	0.00e+00
 4.92028e+17	1.00e+00	3.16e-14	0.00e+00
 4.92496e+17	1.00e+00	2.99e-14	0.00e+00
 4.92955e+17	1.00e+00	2.83e-14	0.00e+00
 4.93379e+17	1.00e+00	2.68e-14	0.00e+00
 4.93766e+17	1.00e+00	2.56e-14	0.00e+00
 4.94131e+17	1.00e+00	2.45e-14	0.00e+00
 4.94490e+17	1.00e+00	2.34e-14	0.00e+00
 4.94846e+17	1.00e+00	2.24e-14	0.00e+00
 4.95191e+17	1.00e+00	2.14e-14	0.00e+00
 4.95518e+17	1.00e+00	2.05e-14	0.00e+00
 4.95828e+17	1.00e+00	1.97e-14	0.00e+00
 4.96127e+17	1.00e+00	1.89e-14	0.00e+00
 4.96420e+17	1.00e+00	1.81e-14	0.00e+00
 4.96706e+17	1.00e+00	1.74e-14	0.00e+00
 4.96982e+17	1.00e+00	1.68e-14	0.00e+00
 4.97248e+17	1.00e+00	1.61e-14	0.00e+00
 4.97503e+17	1.00e+00	1.55e-14	0.00e+00
 4.97751e+17	1.00e+00	1.50e-14	0.00e+00
 4.97991e+17	1.00e+00	1.44e-14	0.00e+00
 4.98227e+17	1.00e+00	1.39e-14	0.00e+00
 4.98457e+17	1.00e+00	1.34e-14	0.00e+00
 4.98679e+17	1.00e+00	1.30e-14	0.00e+00
 4.98896e+17	1.00e+00	1.25e-14	0.00e+00
 4.99107e+17	1.00e+00	1.21e-14	0.00e+00
 4.99311e+17	1.00e+00	1.17e-14	0.00e+00
 4.99510e+17	1.00e+00	1.13e-14	0.00e+00
 4.99737e+17	1.00e+00	1.10e-14	0.00e+00
 5.00033e+17	1.00e+00	1.05e-14	0.00e+00
 5.00416e+17	1.00e+00	9.93e-15	0.00e+00
 5.00915e+17	1.00e+00	9.21e-15	0.00e+00
 5.01563e+17	1.00e+00	8.32e-15	0.00e+00
 5.02406e+17	1.00e+00	7.28e-15	0.00e+00
 5.03443e+17	1.00e+00	6.08e-15	0.00e+00
 5.04448e+17	1.00e+00	4.90e-15	0.00e+00
 5.05188e+17	1.00e+00	4.12e-15	0.00e+00
 5.05705e+17	1.00e+00	3.67e-15	0.00e+00
 5.06157e+17	1.00e+00	3.36e-15	0.00e+00
 5.06683e+17	1.00e+00	3.06e-15	0.00e+00
 5.07318e+17	1.00e+00	2.72e-15	0.00e+00
 5.07977e+17	1.00e+00	2.37e-15	0.00e+00
