#depth	C	C+	C+2	C+3	C+4	C+5	C+6	C[1]	C[2]	C[3]	C+[1]	C+[2]	CO
 1.49634e+10	1.53e-47	2.62e-36	3.92e-26	2.04e-16	3.78e-06	5.16e-02	9.48e-01	0.00e+00	0.00e+00	0.00e+00	0.00e+00	0.00e+00	1.17e-146
 4.54887e+10	0.00e+00	3.86e-36	5.34e-26	2.57e-16	4.39e-06	5.57e-02	9.44e-01	0.00e+00	0.00e+00	0.00e+00	0.00e+00	0.00e+00	5.56e-191
 7.72350e+10	3.91e-47	5.73e-36	7.32e-26	3.26e-16	5.14e-06	6.01e-02	9.40e-01	0.00e+00	0.00e+00	0.00e+00	0.00e+00	0.00e+00	1.23e-145
 1.10251e+11	0.00e+00	8.52e-36	1.00e-25	4.13e-16	6.02e-06	6.47e-02	9.35e-01	0.00e+00	0.00e+00	0.00e+00	0.00e+00	0.00e+00	3.08e-190
 1.44588e+11	1.01e-46	1.26e-35	1.38e-25	5.22e-16	7.03e-06	6.97e-02	9.30e-01	0.00e+00	0.00e+00	0.00e+00	0.00e+00	0.00e+00	1.31e-144
 1.78030e+11	0.00e+00	1.83e-35	1.85e-25	6.52e-16	8.14e-06	7.47e-02	9.25e-01	0.00e+00	0.00e+00	0.00e+00	0.00e+00	0.00e+00	1.74e-189
 2.09859e+11	2.39e-46	2.58e-35	2.43e-25	7.99e-16	9.32e-06	7.96e-02	9.20e-01	0.00e+00	0.00e+00	0.00e+00	0.00e+00	0.00e+00	1.11e-143
 2.45231e+11	0.00e+00	3.73e-35	3.27e-25	9.96e-16	1.08e-05	8.52e-02	9.15e-01	0.00e+00	0.00e+00	0.00e+00	0.00e+00	0.00e+00	8.21e-189
 2.84967e+11	5.97e-46	5.54e-35	4.48e-25	1.26e-15	1.26e-05	9.17e-02	9.08e-01	0.00e+00	0.00e+00	0.00e+00	0.00e+00	0.00e+00	1.09e-142
 3.25176e+11	0.00e+00	8.15e-35	6.10e-25	1.59e-15	1.47e-05	9.84e-02	9.02e-01	0.00e+00	0.00e+00	0.00e+00	0.00e+00	0.00e+00	4.24e-188
 3.66993e+11	1.52e-45	1.20e-34	8.32e-25	2.00e-15	1.71e-05	1.06e-01	8.94e-01	0.00e+00	0.00e+00	0.00e+00	0.00e+00	0.00e+00	1.11e-141
 4.06992e+11	0.00e+00	1.71e-34	1.10e-24	2.47e-15	1.96e-05	1.13e-01	8.87e-01	0.00e+00	0.00e+00	0.00e+00	0.00e+00	0.00e+00	3.23e-210
 4.41848e+11	3.34e-45	2.32e-34	1.40e-24	2.95e-15	2.21e-05	1.19e-01	8.81e-01	0.00e+00	0.00e+00	0.00e+00	0.00e+00	0.00e+00	8.03e-141
 4.80311e+11	0.00e+00	3.21e-34	1.82e-24	3.58e-15	2.51e-05	1.26e-01	8.74e-01	0.00e+00	0.00e+00	0.00e+00	0.00e+00	0.00e+00	9.45e-187
 5.27055e+11	7.81e-45	4.69e-34	2.46e-24	4.48e-15	2.91e-05	1.35e-01	8.65e-01	0.00e+00	0.00e+00	0.00e+00	0.00e+00	0.00e+00	6.63e-140
 5.73812e+11	0.00e+00	6.75e-34	3.29e-24	5.56e-15	3.35e-05	1.44e-01	8.56e-01	0.00e+00	0.00e+00	0.00e+00	0.00e+00	0.00e+00	4.10e-186
 6.15502e+11	1.77e-44	9.25e-34	4.23e-24	6.70e-15	3.79e-05	1.52e-01	8.48e-01	0.00e+00	0.00e+00	0.00e+00	0.00e+00	0.00e+00	5.13e-139
 6.61359e+11	0.00e+00	1.30e-33	5.55e-24	8.19e-15	4.32e-05	1.61e-01	8.39e-01	0.00e+00	0.00e+00	0.00e+00	0.00e+00	0.00e+00	1.72e-185
 7.15988e+11	4.24e-44	1.91e-33	7.54e-24	1.03e-14	5.02e-05	1.72e-01	8.28e-01	0.00e+00	0.00e+00	0.00e+00	0.00e+00	0.00e+00	4.54e-138
 7.70113e+11	0.00e+00	2.76e-33	1.01e-23	1.28e-14	5.78e-05	1.83e-01	8.17e-01	0.00e+00	0.00e+00	0.00e+00	0.00e+00	0.00e+00	7.30e-185
 8.19614e+11	9.81e-44	3.83e-33	1.31e-23	1.55e-14	6.55e-05	1.93e-01	8.07e-01	0.00e+00	0.00e+00	0.00e+00	0.00e+00	0.00e+00	3.69e-137
 8.75006e+11	0.00e+00	5.47e-33	1.74e-23	1.91e-14	7.52e-05	2.04e-01	7.96e-01	0.00e+00	0.00e+00	0.00e+00	0.00e+00	0.00e+00	2.80e-184
 9.39405e+11	2.43e-43	8.14e-33	2.39e-23	2.41e-14	8.74e-05	2.18e-01	7.82e-01	0.00e+00	0.00e+00	0.00e+00	0.00e+00	0.00e+00	3.57e-136
 1.00267e+12	0.00e+00	1.18e-32	3.21e-23	3.00e-14	1.01e-04	2.31e-01	7.69e-01	0.00e+00	0.00e+00	0.00e+00	0.00e+00	0.00e+00	9.75e-184
 1.06278e+12	5.80e-43	1.67e-32	4.23e-23	3.67e-14	1.15e-04	2.44e-01	7.56e-01	0.00e+00	0.00e+00	0.00e+00	0.00e+00	0.00e+00	3.14e-135
 1.12952e+12	0.00e+00	2.42e-32	5.68e-23	4.57e-14	1.32e-04	2.59e-01	7.41e-01	0.00e+00	0.00e+00	0.00e+00	0.00e+00	0.00e+00	1.77e-183
 1.20277e+12	1.46e-42	3.59e-32	7.75e-23	5.74e-14	1.53e-04	2.74e-01	7.25e-01	0.00e+00	0.00e+00	0.00e+00	0.00e+00	0.00e+00	3.16e-134
 1.27369e+12	0.00e+00	5.17e-32	1.03e-22	7.09e-14	1.76e-04	2.90e-01	7.10e-01	0.00e+00	0.00e+00	0.00e+00	0.00e+00	0.00e+00	0.00e+00
 1.34932e+12	3.59e-42	7.55e-32	1.40e-22	8.85e-14	2.03e-04	3.06e-01	6.94e-01	0.00e+00	0.00e+00	0.00e+00	0.00e+00	0.00e+00	2.99e-133
 1.43083e+12	0.00e+00	1.11e-31	1.90e-22	1.11e-13	2.34e-04	3.24e-01	6.76e-01	0.00e+00	0.00e+00	0.00e+00	0.00e+00	0.00e+00	0.00e+00
 1.51011e+12	8.98e-42	1.61e-31	2.55e-22	1.37e-13	2.68e-04	3.41e-01	6.59e-01	0.00e+00	0.00e+00	0.00e+00	0.00e+00	0.00e+00	2.99e-132
 1.59495e+12	0.00e+00	2.36e-31	3.44e-22	1.71e-13	3.09e-04	3.59e-01	6.41e-01	0.00e+00	0.00e+00	0.00e+00	0.00e+00	0.00e+00	0.00e+00
 1.68652e+12	2.30e-41	3.49e-31	4.70e-22	2.15e-13	3.57e-04	3.78e-01	6.22e-01	0.00e+00	0.00e+00	0.00e+00	0.00e+00	0.00e+00	3.14e-131
 1.77626e+12	0.00e+00	5.07e-31	6.31e-22	2.66e-13	4.08e-04	3.97e-01	6.03e-01	0.00e+00	0.00e+00	0.00e+00	0.00e+00	0.00e+00	0.00e+00
 1.86126e+12	5.46e-41	7.13e-31	8.25e-22	3.23e-13	4.62e-04	4.14e-01	5.86e-01	0.00e+00	0.00e+00	0.00e+00	0.00e+00	0.00e+00	2.75e-130
 1.94014e+12	0.00e+00	9.69e-31	1.05e-21	3.85e-13	5.16e-04	4.30e-01	5.70e-01	0.00e+00	0.00e+00	0.00e+00	0.00e+00	0.00e+00	0.00e+00
 2.02749e+12	1.19e-40	1.35e-30	1.37e-21	4.66e-13	5.82e-04	4.47e-01	5.52e-01	0.00e+00	0.00e+00	0.00e+00	0.00e+00	0.00e+00	1.93e-129
 2.13337e+12	0.00e+00	1.98e-30	1.85e-21	5.80e-13	6.67e-04	4.67e-01	5.32e-01	0.00e+00	0.00e+00	0.00e+00	0.00e+00	0.00e+00	0.00e+00
 2.23873e+12	2.97e-40	2.87e-30	2.48e-21	7.16e-13	7.60e-04	4.87e-01	5.12e-01	0.00e+00	0.00e+00	0.00e+00	0.00e+00	0.00e+00	1.94e-128
 2.33272e+12	0.00e+00	3.95e-30	3.18e-21	8.58e-13	8.50e-04	5.04e-01	4.95e-01	0.00e+00	0.00e+00	0.00e+00	0.00e+00	0.00e+00	0.00e+00
 2.43651e+12	6.64e-40	5.56e-30	4.17e-21	1.04e-12	9.59e-04	5.22e-01	4.77e-01	0.00e+00	0.00e+00	0.00e+00	0.00e+00	0.00e+00	1.47e-127
 2.56004e+12	0.00e+00	8.23e-30	5.67e-21	1.30e-12	1.10e-03	5.43e-01	4.55e-01	0.00e+00	0.00e+00	0.00e+00	0.00e+00	0.00e+00	0.00e+00
 2.68518e+12	1.71e-39	1.21e-29	7.65e-21	1.61e-12	1.25e-03	5.64e-01	4.35e-01	0.00e+00	0.00e+00	0.00e+00	0.00e+00	0.00e+00	1.59e-126
 2.80428e+12	0.00e+00	1.71e-29	1.01e-20	1.96e-12	1.41e-03	5.83e-01	4.16e-01	0.00e+00	0.00e+00	0.00e+00	0.00e+00	0.00e+00	0.00e+00
 2.93532e+12	4.13e-39	2.48e-29	1.35e-20	2.41e-12	1.60e-03	6.02e-01	3.96e-01	0.00e+00	0.00e+00	0.00e+00	0.00e+00	0.00e+00	1.48e-125
 3.08266e+12	0.00e+00	3.71e-29	1.84e-20	3.02e-12	1.83e-03	6.23e-01	3.75e-01	0.00e+00	0.00e+00	0.00e+00	0.00e+00	0.00e+00	0.00e+00
 3.23093e+12	1.08e-38	5.47e-29	2.50e-20	3.74e-12	2.08e-03	6.43e-01	3.55e-01	0.00e+00	0.00e+00	0.00e+00	0.00e+00	0.00e+00	1.71e-124
 3.38514e+12	0.00e+00	8.06e-29	3.39e-20	4.64e-12	2.37e-03	6.62e-01	3.35e-01	0.00e+00	0.00e+00	0.00e+00	0.00e+00	0.00e+00	0.00e+00
 3.55047e+12	2.85e-38	1.20e-28	4.63e-20	5.78e-12	2.69e-03	6.82e-01	3.15e-01	0.00e+00	0.00e+00	0.00e+00	0.00e+00	0.00e+00	1.99e-123
 3.72242e+12	0.00e+00	1.79e-28	6.31e-20	7.20e-12	3.06e-03	7.01e-01	2.96e-01	0.00e+00	0.00e+00	0.00e+00	0.00e+00	0.00e+00	0.00e+00
 3.88326e+12	7.22e-38	2.57e-28	8.35e-20	8.76e-12	3.43e-03	7.17e-01	2.79e-01	0.00e+00	0.00e+00	0.00e+00	0.00e+00	0.00e+00	2.12e-122
 4.02585e+12	0.00e+00	3.49e-28	1.06e-19	1.04e-11	3.79e-03	7.31e-01	2.65e-01	0.00e+00	0.00e+00	0.00e+00	0.00e+00	0.00e+00	0.00e+00
 4.18549e+12	1.58e-37	4.87e-28	1.37e-19	1.24e-11	4.20e-03	7.45e-01	2.51e-01	0.00e+00	0.00e+00	0.00e+00	0.00e+00	0.00e+00	1.57e-121
 4.37620e+12	0.00e+00	7.13e-28	1.85e-19	1.53e-11	4.73e-03	7.61e-01	2.34e-01	0.00e+00	0.00e+00	0.00e+00	0.00e+00	0.00e+00	0.00e+00
 4.56900e+12	4.01e-37	1.03e-27	2.47e-19	1.87e-11	5.31e-03	7.76e-01	2.19e-01	0.00e+00	0.00e+00	0.00e+00	0.00e+00	0.00e+00	1.69e-120
 4.75027e+12	0.00e+00	1.45e-27	3.21e-19	2.24e-11	5.88e-03	7.88e-01	2.06e-01	0.00e+00	0.00e+00	0.00e+00	0.00e+00	0.00e+00	0.00e+00
 4.95098e+12	9.45e-37	2.08e-27	4.25e-19	2.72e-11	6.56e-03	8.01e-01	1.92e-01	0.00e+00	0.00e+00	0.00e+00	0.00e+00	0.00e+00	1.52e-119
 5.17894e+12	0.00e+00	3.07e-27	5.76e-19	3.37e-11	7.38e-03	8.15e-01	1.78e-01	0.00e+00	0.00e+00	0.00e+00	0.00e+00	0.00e+00	0.00e+00
 5.40200e+12	2.42e-36	4.45e-27	7.67e-19	4.10e-11	8.24e-03	8.26e-01	1.65e-01	0.00e+00	0.00e+00	0.00e+00	0.00e+00	0.00e+00	1.69e-118
 5.59421e+12	0.00e+00	6.05e-27	9.74e-19	4.84e-11	9.02e-03	8.36e-01	1.55e-01	0.00e+00	0.00e+00	0.00e+00	0.00e+00	0.00e+00	0.00e+00
 5.76401e+12	4.88e-36	7.86e-27	1.19e-18	5.57e-11	9.74e-03	8.43e-01	1.47e-01	0.00e+00	0.00e+00	0.00e+00	0.00e+00	0.00e+00	1.03e-117
 5.95820e+12	0.00e+00	1.05e-26	1.50e-18	6.51e-11	1.06e-02	8.51e-01	1.38e-01	0.00e+00	0.00e+00	0.00e+00	0.00e+00	0.00e+00	0.00e+00
 6.20428e+12	1.09e-35	1.51e-26	1.98e-18	7.88e-11	1.18e-02	8.60e-01	1.28e-01	0.00e+00	0.00e+00	0.00e+00	0.00e+00	0.00e+00	8.06e-117
 6.45754e+12	0.00e+00	2.15e-26	2.61e-18	9.53e-11	1.30e-02	8.68e-01	1.19e-01	0.00e+00	0.00e+00	0.00e+00	0.00e+00	0.00e+00	3.97e-100
 6.67660e+12	2.43e-35	2.89e-26	3.28e-18	1.12e-10	1.42e-02	8.75e-01	1.11e-01	0.00e+00	0.00e+00	0.00e+00	0.00e+00	0.00e+00	0.00e+00
 6.91147e+12	0.00e+00	3.92e-26	4.16e-18	1.31e-10	1.55e-02	8.81e-01	1.04e-01	0.00e+00	0.00e+00	0.00e+00	0.00e+00	0.00e+00	5.41e-133
 7.20008e+12	5.56e-35	5.65e-26	5.53e-18	1.60e-10	1.72e-02	8.87e-01	9.55e-02	0.00e+00	0.00e+00	0.00e+00	0.00e+00	0.00e+00	1.33e-97
 7.49227e+12	8.62e-35	8.07e-26	7.30e-18	1.93e-10	1.90e-02	8.93e-01	8.80e-02	0.00e+00	0.00e+00	0.00e+00	0.00e+00	0.00e+00	0.00e+00
 7.75260e+12	1.26e-34	1.10e-25	9.26e-18	2.27e-10	2.07e-02	8.97e-01	8.19e-02	0.00e+00	0.00e+00	0.00e+00	0.00e+00	0.00e+00	4.41e-114
 8.03775e+12	1.87e-34	1.51e-25	1.19e-17	2.70e-10	2.26e-02	9.02e-01	7.58e-02	0.00e+00	0.00e+00	0.00e+00	0.00e+00	0.00e+00	1.86e-96
 8.37786e+12	2.95e-34	2.19e-25	1.59e-17	3.29e-10	2.51e-02	9.06e-01	6.93e-02	0.00e+00	0.00e+00	0.00e+00	0.00e+00	0.00e+00	0.00e+00
 8.71750e+12	4.59e-34	3.14e-25	2.10e-17	3.98e-10	2.77e-02	9.09e-01	6.35e-02	0.00e+00	0.00e+00	0.00e+00	0.00e+00	0.00e+00	1.24e-112
 9.03117e+12	6.77e-34	4.31e-25	2.70e-17	4.72e-10	3.02e-02	9.11e-01	5.87e-02	0.00e+00	0.00e+00	0.00e+00	0.00e+00	0.00e+00	3.02e-95
 9.38279e+12	1.03e-33	6.06e-25	3.53e-17	5.67e-10	3.32e-02	9.13e-01	5.38e-02	0.00e+00	0.00e+00	0.00e+00	0.00e+00	0.00e+00	1.01e-111
 9.77182e+12	1.61e-33	8.74e-25	4.70e-17	6.90e-10	3.67e-02	9.14e-01	4.90e-02	0.00e+00	0.00e+00	0.00e+00	0.00e+00	0.00e+00	1.96e-94
 1.01343e+13	2.41e-33	1.21e-24	6.08e-17	8.23e-10	4.01e-02	9.15e-01	4.50e-02	0.00e+00	0.00e+00	0.00e+00	0.00e+00	0.00e+00	9.04e-111
 1.05208e+13	3.63e-33	1.69e-24	7.90e-17	9.85e-10	4.40e-02	9.15e-01	4.12e-02	0.00e+00	0.00e+00	0.00e+00	0.00e+00	0.00e+00	1.11e-93
 1.09649e+13	5.70e-33	2.45e-24	1.06e-16	1.20e-09	4.86e-02	9.14e-01	3.73e-02	0.00e+00	0.00e+00	0.00e+00	0.00e+00	0.00e+00	8.40e-110
 1.14043e+13	8.73e-33	3.47e-24	1.39e-16	1.45e-09	5.34e-02	9.13e-01	3.39e-02	0.00e+00	0.00e+00	0.00e+00	0.00e+00	0.00e+00	7.26e-93
 1.17849e+13	1.25e-32	4.64e-24	1.76e-16	1.70e-09	5.78e-02	9.11e-01	3.13e-02	0.00e+00	0.00e+00	0.00e+00	0.00e+00	0.00e+00	6.39e-109
 1.21264e+13	1.69e-32	5.96e-24	2.14e-16	1.95e-09	6.19e-02	9.09e-01	2.92e-02	0.00e+00	0.00e+00	0.00e+00	0.00e+00	0.00e+00	2.97e-92
 1.25189e+13	2.38e-32	7.88e-24	2.67e-16	2.27e-09	6.67e-02	9.06e-01	2.70e-02	0.00e+00	0.00e+00	0.00e+00	0.00e+00	0.00e+00	3.45e-108
 1.30105e+13	3.58e-32	1.10e-23	3.49e-16	2.72e-09	7.29e-02	9.03e-01	2.45e-02	0.00e+00	0.00e+00	0.00e+00	0.00e+00	0.00e+00	1.47e-91
 1.34825e+13	5.21e-32	1.50e-23	4.46e-16	3.23e-09	7.92e-02	8.98e-01	2.24e-02	0.00e+00	0.00e+00	0.00e+00	0.00e+00	0.00e+00	2.69e-107
 1.38521e+13	6.91e-32	1.89e-23	5.37e-16	3.66e-09	8.43e-02	8.95e-01	2.09e-02	0.00e+00	0.00e+00	0.00e+00	0.00e+00	0.00e+00	5.99e-91
 1.42372e+13	9.18e-32	2.39e-23	6.46e-16	4.15e-09	8.96e-02	8.91e-01	1.95e-02	0.00e+00	0.00e+00	0.00e+00	0.00e+00	0.00e+00	1.20e-106
 1.47379e+13	1.31e-31	3.21e-23	8.16e-16	4.88e-09	9.68e-02	8.85e-01	1.79e-02	0.00e+00	0.00e+00	0.00e+00	0.00e+00	0.00e+00	2.37e-90
 1.52788e+13	1.90e-31	4.35e-23	1.04e-15	5.76e-09	1.05e-01	8.79e-01	1.63e-02	0.00e+00	0.00e+00	0.00e+00	0.00e+00	0.00e+00	8.19e-106
 1.57652e+13	2.61e-31	5.64e-23	1.28e-15	6.64e-09	1.12e-01	8.73e-01	1.50e-02	0.00e+00	0.00e+00	0.00e+00	0.00e+00	0.00e+00	1.04e-89
 1.62903e+13	3.63e-31	7.40e-23	1.59e-15	7.69e-09	1.20e-01	8.66e-01	1.38e-02	0.00e+00	0.00e+00	0.00e+00	0.00e+00	0.00e+00	4.62e-105
 1.69338e+13	5.34e-31	1.02e-22	2.05e-15	9.14e-09	1.31e-01	8.57e-01	1.25e-02	0.00e+00	0.00e+00	0.00e+00	0.00e+00	0.00e+00	4.92e-89
 1.75819e+13	7.75e-31	1.38e-22	2.61e-15	1.08e-08	1.41e-01	8.48e-01	1.13e-02	0.00e+00	0.00e+00	0.00e+00	0.00e+00	0.00e+00	3.57e-104
 1.81570e+13	1.06e-30	1.79e-22	3.21e-15	1.24e-08	1.51e-01	8.39e-01	1.04e-02	0.00e+00	0.00e+00	0.00e+00	0.00e+00	0.00e+00	2.21e-88
 1.87866e+13	1.48e-30	2.35e-22	3.98e-15	1.44e-08	1.61e-01	8.29e-01	9.53e-03	0.00e+00	0.00e+00	0.00e+00	0.00e+00	0.00e+00	2.08e-103
 1.95403e+13	2.17e-30	3.21e-22	5.10e-15	1.70e-08	1.74e-01	8.17e-01	8.58e-03	0.00e+00	0.00e+00	0.00e+00	0.00e+00	0.00e+00	1.07e-87
 2.02932e+13	3.12e-30	4.33e-22	6.46e-15	1.99e-08	1.87e-01	8.05e-01	7.76e-03	0.00e+00	0.00e+00	0.00e+00	0.00e+00	0.00e+00	1.60e-102
 2.09837e+13	4.29e-30	5.62e-22	7.93e-15	2.29e-08	1.99e-01	7.94e-01	7.09e-03	0.00e+00	0.00e+00	0.00e+00	0.00e+00	0.00e+00	4.89e-87
 2.17549e+13	6.04e-30	7.43e-22	9.88e-15	2.65e-08	2.13e-01	7.81e-01	6.43e-03	0.00e+00	0.00e+00	0.00e+00	0.00e+00	0.00e+00	9.97e-102
 2.26495e+13	8.82e-30	1.01e-21	1.26e-14	3.12e-08	2.28e-01	7.66e-01	5.76e-03	0.00e+00	0.00e+00	0.00e+00	0.00e+00	0.00e+00	2.48e-86
 2.34537e+13	1.22e-29	1.32e-21	1.55e-14	3.59e-08	2.43e-01	7.52e-01	5.23e-03	0.00e+00	0.00e+00	0.00e+00	0.00e+00	0.00e+00	7.15e-101
 2.40716e+13	1.56e-29	1.61e-21	1.81e-14	3.97e-08	2.54e-01	7.42e-01	4.87e-03	0.00e+00	0.00e+00	0.00e+00	0.00e+00	0.00e+00	9.06e-86
 2.46983e+13	1.97e-29	1.95e-21	2.11e-14	4.39e-08	2.65e-01	7.31e-01	4.54e-03	0.00e+00	0.00e+00	0.00e+00	0.00e+00	0.00e+00	2.77e-100
 2.55130e+13	2.66e-29	2.49e-21	2.55e-14	4.98e-08	2.79e-01	7.17e-01	4.14e-03	0.00e+00	0.00e+00	0.00e+00	0.00e+00	0.00e+00	3.10e-85
 2.63853e+13	3.62e-29	3.20e-21	3.10e-14	5.67e-08	2.95e-01	7.02e-01	3.76e-03	0.00e+00	0.00e+00	0.00e+00	0.00e+00	0.00e+00	1.55e-99
 2.71575e+13	4.71e-29	3.96e-21	3.65e-14	6.32e-08	3.08e-01	6.88e-01	3.46e-03	0.00e+00	0.00e+00	0.00e+00	0.00e+00	0.00e+00	1.16e-84
 2.79863e+13	6.19e-29	4.95e-21	4.34e-14	7.07e-08	3.23e-01	6.74e-01	3.17e-03	0.00e+00	0.00e+00	0.00e+00	0.00e+00	0.00e+00	7.14e-99
 2.90387e+13	8.64e-29	6.48e-21	5.35e-14	8.11e-08	3.41e-01	6.56e-01	2.85e-03	0.00e+00	0.00e+00	0.00e+00	0.00e+00	0.00e+00	4.75e-84
 3.01110e+13	1.20e-28	8.43e-21	6.56e-14	9.26e-08	3.59e-01	6.38e-01	2.56e-03	0.00e+00	0.00e+00	0.00e+00	0.00e+00	0.00e+00	4.76e-98
 3.10221e+13	1.56e-28	1.05e-20	7.74e-14	1.03e-07	3.75e-01	6.23e-01	2.34e-03	0.00e+00	0.00e+00	0.00e+00	0.00e+00	0.00e+00	1.90e-83
 3.19949e+13	2.05e-28	1.30e-20	9.17e-14	1.15e-07	3.90e-01	6.07e-01	2.13e-03	0.00e+00	0.00e+00	0.00e+00	0.00e+00	0.00e+00	2.29e-97
 3.32106e+13	2.85e-28	1.70e-20	1.12e-13	1.31e-07	4.10e-01	5.88e-01	1.90e-03	0.00e+00	0.00e+00	0.00e+00	0.00e+00	0.00e+00	7.94e-83
 3.44324e+13	3.91e-28	2.20e-20	1.37e-13	1.49e-07	4.30e-01	5.68e-01	1.70e-03	0.00e+00	0.00e+00	0.00e+00	0.00e+00	0.00e+00	1.52e-96
 3.54719e+13	5.07e-28	2.71e-20	1.61e-13	1.65e-07	4.46e-01	5.53e-01	1.55e-03	0.00e+00	0.00e+00	0.00e+00	0.00e+00	0.00e+00	3.14e-82
 3.65842e+13	6.63e-28	3.36e-20	1.89e-13	1.83e-07	4.63e-01	5.36e-01	1.40e-03	0.00e+00	0.00e+00	0.00e+00	0.00e+00	0.00e+00	7.22e-96
 3.79721e+13	9.13e-28	4.35e-20	2.31e-13	2.07e-07	4.83e-01	5.16e-01	1.24e-03	0.00e+00	0.00e+00	0.00e+00	0.00e+00	0.00e+00	1.29e-81
 3.93804e+13	1.25e-27	5.59e-20	2.79e-13	2.33e-07	5.03e-01	4.96e-01	1.11e-03	0.00e+00	0.00e+00	0.00e+00	0.00e+00	0.00e+00	4.78e-95
 4.06113e+13	1.62e-27	6.90e-20	3.27e-13	2.58e-07	5.20e-01	4.79e-01	1.00e-03	0.00e+00	0.00e+00	0.00e+00	0.00e+00	0.00e+00	5.26e-81
 4.19495e+13	2.14e-27	8.60e-20	3.86e-13	2.86e-07	5.37e-01	4.62e-01	8.99e-04	0.00e+00	0.00e+00	0.00e+00	0.00e+00	0.00e+00	2.41e-94
 4.35750e+13	2.94e-27	1.11e-19	4.69e-13	3.23e-07	5.58e-01	4.41e-01	7.90e-04	0.00e+00	0.00e+00	0.00e+00	0.00e+00	0.00e+00	2.25e-80
 4.51984e+13	4.00e-27	1.42e-19	5.64e-13	3.62e-07	5.77e-01	4.22e-01	6.99e-04	0.00e+00	0.00e+00	0.00e+00	0.00e+00	0.00e+00	1.61e-93
 4.66512e+13	5.21e-27	1.75e-19	6.61e-13	3.99e-07	5.94e-01	4.05e-01	6.27e-04	0.00e+00	0.00e+00	0.00e+00	0.00e+00	0.00e+00	9.26e-80
 4.82578e+13	6.91e-27	2.19e-19	7.81e-13	4.41e-07	6.11e-01	3.88e-01	5.58e-04	0.00e+00	0.00e+00	0.00e+00	0.00e+00	0.00e+00	8.55e-93
 5.01641e+13	9.50e-27	2.83e-19	9.45e-13	4.96e-07	6.31e-01	3.68e-01	4.87e-04	0.00e+00	0.00e+00	0.00e+00	0.00e+00	0.00e+00	4.13e-79
 5.20580e+13	1.29e-26	3.60e-19	1.13e-12	5.53e-07	6.50e-01	3.50e-01	4.27e-04	0.00e+00	0.00e+00	0.00e+00	0.00e+00	0.00e+00	5.87e-92
 5.38207e+13	1.70e-26	4.47e-19	1.33e-12	6.09e-07	6.66e-01	3.34e-01	3.80e-04	0.00e+00	0.00e+00	0.00e+00	0.00e+00	0.00e+00	1.78e-78
 5.57965e+13	2.28e-26	5.64e-19	1.58e-12	6.74e-07	6.83e-01	3.17e-01	3.34e-04	0.00e+00	0.00e+00	0.00e+00	0.00e+00	0.00e+00	3.42e-91
 5.80583e+13	3.14e-26	7.27e-19	1.90e-12	7.54e-07	7.01e-01	2.99e-01	2.89e-04	0.00e+00	0.00e+00	0.00e+00	0.00e+00	0.00e+00	8.49e-78
 6.02993e+13	4.27e-26	9.26e-19	2.27e-12	8.36e-07	7.18e-01	2.82e-01	2.52e-04	0.00e+00	0.00e+00	0.00e+00	0.00e+00	0.00e+00	2.45e-90
 6.26300e+13	5.80e-26	1.18e-18	2.71e-12	9.26e-07	7.33e-01	2.66e-01	2.19e-04	0.00e+00	0.00e+00	0.00e+00	0.00e+00	0.00e+00	4.13e-77
 6.49528e+13	7.77e-26	1.48e-18	3.20e-12	1.02e-06	7.48e-01	2.51e-01	1.92e-04	0.00e+00	0.00e+00	0.00e+00	0.00e+00	0.00e+00	1.62e-89
 6.70334e+13	1.00e-25	1.81e-18	3.70e-12	1.11e-06	7.61e-01	2.39e-01	1.70e-04	0.00e+00	0.00e+00	0.00e+00	0.00e+00	0.00e+00	1.68e-76
 6.89171e+13	1.25e-25	2.15e-18	4.20e-12	1.19e-06	7.71e-01	2.29e-01	1.54e-04	0.00e+00	0.00e+00	0.00e+00	0.00e+00	0.00e+00	2.99e-76
 7.09483e+13	1.58e-25	2.58e-18	4.78e-12	1.29e-06	7.82e-01	2.18e-01	1.38e-04	0.00e+00	0.00e+00	0.00e+00	0.00e+00	0.00e+00	5.51e-76
 7.35532e+13	2.11e-25	3.23e-18	5.62e-12	1.41e-06	7.94e-01	2.06e-01	1.21e-04	0.00e+00	0.00e+00	0.00e+00	0.00e+00	0.00e+00	1.18e-75
 7.61932e+13	2.78e-25	4.02e-18	6.58e-12	1.54e-06	8.06e-01	1.94e-01	1.06e-04	0.00e+00	0.00e+00	0.00e+00	0.00e+00	0.00e+00	2.43e-75
 7.83645e+13	3.48e-25	4.78e-18	7.44e-12	1.65e-06	8.15e-01	1.85e-01	9.51e-05	0.00e+00	0.00e+00	0.00e+00	0.00e+00	0.00e+00	4.42e-75
 8.06374e+13	4.38e-25	5.71e-18	8.43e-12	1.77e-06	8.24e-01	1.76e-01	8.54e-05	0.00e+00	0.00e+00	0.00e+00	0.00e+00	0.00e+00	8.11e-75
 8.35754e+13	5.84e-25	7.13e-18	9.85e-12	1.93e-06	8.34e-01	1.66e-01	7.47e-05	0.00e+00	0.00e+00	0.00e+00	0.00e+00	0.00e+00	1.75e-74
 8.66939e+13	7.79e-25	8.91e-18	1.16e-11	2.11e-06	8.45e-01	1.55e-01	6.49e-05	0.00e+00	0.00e+00	0.00e+00	0.00e+00	0.00e+00	3.74e-74
 8.94043e+13	9.97e-25	1.08e-17	1.32e-11	2.26e-06	8.53e-01	1.47e-01	5.78e-05	0.00e+00	0.00e+00	0.00e+00	0.00e+00	0.00e+00	7.22e-74
 9.22686e+13	1.28e-24	1.31e-17	1.51e-11	2.44e-06	8.61e-01	1.39e-01	5.13e-05	0.00e+00	0.00e+00	0.00e+00	0.00e+00	0.00e+00	1.42e-73
 9.57803e+13	1.73e-24	1.64e-17	1.77e-11	2.65e-06	8.69e-01	1.31e-01	4.45e-05	0.00e+00	0.00e+00	0.00e+00	0.00e+00	0.00e+00	3.16e-73
 9.93246e+13	2.31e-24	2.06e-17	2.07e-11	2.88e-06	8.78e-01	1.22e-01	3.88e-05	0.00e+00	0.00e+00	0.00e+00	0.00e+00	0.00e+00	6.94e-73
 1.02479e+14	2.97e-24	2.49e-17	2.36e-11	3.09e-06	8.84e-01	1.16e-01	3.45e-05	0.00e+00	0.00e+00	0.00e+00	0.00e+00	0.00e+00	1.36e-72
 1.05935e+14	3.87e-24	3.04e-17	2.71e-11	3.33e-06	8.91e-01	1.09e-01	3.04e-05	0.00e+00	0.00e+00	0.00e+00	0.00e+00	0.00e+00	2.77e-72
 1.10061e+14	5.25e-24	3.84e-17	3.18e-11	3.63e-06	8.98e-01	1.02e-01	2.63e-05	0.00e+00	0.00e+00	0.00e+00	0.00e+00	0.00e+00	6.34e-72
 1.14176e+14	7.05e-24	4.81e-17	3.71e-11	3.93e-06	9.05e-01	9.53e-02	2.28e-05	0.00e+00	0.00e+00	0.00e+00	1.55e-17	3.26e-17	1.41e-71
 1.17958e+14	9.15e-24	5.86e-17	4.25e-11	4.22e-06	9.10e-01	8.99e-02	2.02e-05	0.00e+00	0.00e+00	0.00e+00	1.94e-17	3.91e-17	2.86e-71
 1.22189e+14	1.21e-23	7.26e-17	4.91e-11	4.55e-06	9.16e-01	8.43e-02	1.77e-05	0.00e+00	0.00e+00	0.00e+00	2.41e-17	4.85e-17	6.17e-71
 1.27087e+14	1.66e-23	9.22e-17	5.77e-11	4.95e-06	9.21e-01	7.85e-02	1.52e-05	0.00e+00	0.00e+00	0.00e+00	3.06e-17	6.16e-17	1.46e-70
 1.31910e+14	2.24e-23	1.15e-16	6.73e-11	5.36e-06	9.27e-01	7.33e-02	1.32e-05	0.00e+00	0.00e+00	0.00e+00	3.83e-17	7.72e-17	3.28e-70
 1.36531e+14	2.95e-23	1.42e-16	7.75e-11	5.76e-06	9.31e-01	6.88e-02	1.16e-05	0.00e+00	0.00e+00	0.00e+00	4.72e-17	9.50e-17	6.95e-70
 1.41627e+14	3.95e-23	1.77e-16	9.00e-11	6.23e-06	9.36e-01	6.43e-02	1.00e-05	0.00e+00	0.00e+00	0.00e+00	5.89e-17	1.19e-16	1.55e-69
 1.47322e+14	5.42e-23	2.25e-16	1.06e-10	6.76e-06	9.40e-01	5.98e-02	8.64e-06	0.00e+00	0.00e+00	0.00e+00	7.47e-17	1.50e-16	3.67e-69
 1.53122e+14	7.38e-23	2.84e-16	1.24e-10	7.32e-06	9.44e-01	5.56e-02	7.46e-06	0.00e+00	0.00e+00	0.00e+00	9.42e-17	1.90e-16	8.55e-69
 1.59154e+14	1.00e-22	3.59e-16	1.45e-10	7.93e-06	9.48e-01	5.18e-02	6.43e-06	0.00e+00	0.00e+00	0.00e+00	1.19e-16	2.40e-16	2.00e-68
 1.65047e+14	1.34e-22	4.46e-16	1.68e-10	8.55e-06	9.52e-01	4.84e-02	5.60e-06	0.00e+00	0.00e+00	0.00e+00	1.48e-16	2.98e-16	4.44e-68
 1.69968e+14	1.69e-22	5.31e-16	1.89e-10	9.09e-06	9.54e-01	4.58e-02	4.99e-06	0.00e+00	0.00e+00	0.00e+00	1.76e-16	3.55e-16	8.28e-68
 1.74290e+14	2.07e-22	6.17e-16	2.09e-10	9.56e-06	9.56e-01	4.37e-02	4.54e-06	0.00e+00	0.00e+00	0.00e+00	2.05e-16	4.12e-16	1.44e-67
 1.79257e+14	2.58e-22	7.30e-16	2.34e-10	1.01e-05	9.59e-01	4.14e-02	4.07e-06	0.00e+00	0.00e+00	0.00e+00	2.42e-16	4.88e-16	2.66e-67
 1.85714e+14	3.42e-22	9.02e-16	2.70e-10	1.09e-05	9.61e-01	3.87e-02	3.55e-06	0.00e+00	0.00e+00	0.00e+00	2.99e-16	6.03e-16	5.75e-67
 1.92514e+14	4.55e-22	1.12e-15	3.12e-10	1.17e-05	9.64e-01	3.62e-02	3.09e-06	0.00e+00	0.00e+00	0.00e+00	3.72e-16	7.50e-16	1.27e-66
 1.98397e+14	5.74e-22	1.34e-15	3.53e-10	1.25e-05	9.66e-01	3.42e-02	2.75e-06	0.00e+00	0.00e+00	0.00e+00	4.43e-16	8.94e-16	2.40e-66
 2.04684e+14	7.36e-22	1.61e-15	4.00e-10	1.33e-05	9.68e-01	3.22e-02	2.44e-06	0.00e+00	0.00e+00	0.00e+00	5.34e-16	1.08e-15	4.75e-66
 2.12417e+14	9.89e-22	2.02e-15	4.65e-10	1.43e-05	9.70e-01	3.00e-02	2.11e-06	0.00e+00	0.00e+00	0.00e+00	6.68e-16	1.35e-15	1.08e-65
 2.20346e+14	1.32e-21	2.50e-15	5.39e-10	1.54e-05	9.72e-01	2.79e-02	1.83e-06	0.00e+00	0.00e+00	0.00e+00	8.30e-16	1.67e-15	2.37e-65
 2.27575e+14	1.68e-21	3.02e-15	6.14e-10	1.65e-05	9.74e-01	2.62e-02	1.61e-06	0.00e+00	0.00e+00	0.00e+00	1.00e-15	2.02e-15	4.64e-65
 2.35576e+14	2.21e-21	3.71e-15	7.06e-10	1.77e-05	9.75e-01	2.46e-02	1.41e-06	0.00e+00	0.00e+00	0.00e+00	1.23e-15	2.48e-15	9.81e-65
 2.44328e+14	2.94e-21	4.61e-15	8.18e-10	1.90e-05	9.77e-01	2.29e-02	1.22e-06	0.00e+00	0.00e+00	0.00e+00	1.53e-15	3.08e-15	2.18e-64
 2.52275e+14	3.75e-21	5.54e-15	9.31e-10	2.03e-05	9.79e-01	2.15e-02	1.07e-06	0.00e+00	0.00e+00	0.00e+00	1.84e-15	3.71e-15	4.21e-64
 2.60825e+14	4.88e-21	6.77e-15	1.06e-09	2.17e-05	9.80e-01	2.01e-02	9.42e-07	0.00e+00	0.00e+00	0.00e+00	2.24e-15	4.53e-15	8.76e-64
 2.70416e+14	6.37e-21	8.32e-15	1.23e-09	2.34e-05	9.81e-01	1.87e-02	0.00e+00	0.00e+00	0.00e+00	0.00e+00	2.75e-15	5.56e-15	1.82e-63
 2.79473e+14	8.28e-21	1.01e-14	1.41e-09	2.50e-05	9.82e-01	1.76e-02	0.00e+00	0.00e+00	0.00e+00	0.00e+00	3.36e-15	6.78e-15	3.77e-63
 2.89361e+14	1.07e-20	1.24e-14	1.62e-09	2.69e-05	9.84e-01	1.64e-02	0.00e+00	0.00e+00	0.00e+00	0.00e+00	4.09e-15	8.26e-15	7.63e-63
 3.00297e+14	1.43e-20	1.54e-14	1.88e-09	2.90e-05	9.85e-01	1.52e-02	0.00e+00	0.00e+00	0.00e+00	0.00e+00	5.10e-15	1.03e-14	1.70e-62
 3.10447e+14	1.82e-20	1.85e-14	2.15e-09	3.11e-05	9.86e-01	1.42e-02	0.00e+00	0.00e+00	0.00e+00	0.00e+00	6.14e-15	1.24e-14	3.28e-62
 3.21490e+14	2.39e-20	2.29e-14	2.48e-09	3.33e-05	9.87e-01	1.33e-02	0.00e+00	0.00e+00	0.00e+00	0.00e+00	7.56e-15	1.53e-14	7.05e-62
 3.33841e+14	3.15e-20	2.82e-14	2.89e-09	3.60e-05	9.88e-01	1.23e-02	0.00e+00	0.00e+00	0.00e+00	0.00e+00	9.34e-15	1.89e-14	1.50e-61
 3.45462e+14	4.07e-20	3.44e-14	3.31e-09	3.86e-05	9.88e-01	1.15e-02	0.00e+00	0.00e+00	0.00e+00	0.00e+00	1.14e-14	2.30e-14	3.04e-61
 3.58010e+14	5.30e-20	4.21e-14	3.83e-09	4.16e-05	9.89e-01	1.07e-02	0.00e+00	0.00e+00	0.00e+00	0.00e+00	1.39e-14	2.82e-14	6.31e-61
 3.71971e+14	7.05e-20	5.25e-14	4.46e-09	4.50e-05	9.90e-01	9.92e-03	0.00e+00	0.00e+00	0.00e+00	0.00e+00	1.73e-14	3.51e-14	1.39e-60
 3.85297e+14	9.09e-20	6.40e-14	5.14e-09	4.83e-05	9.91e-01	9.23e-03	0.00e+00	0.00e+00	0.00e+00	0.00e+00	2.11e-14	4.28e-14	2.83e-60
 3.99543e+14	1.20e-19	7.92e-14	5.95e-09	5.21e-05	9.91e-01	8.58e-03	0.00e+00	0.00e+00	0.00e+00	0.00e+00	2.62e-14	5.31e-14	6.13e-60
 4.15555e+14	1.59e-19	9.83e-14	6.98e-09	5.65e-05	9.92e-01	7.92e-03	0.00e+00	0.00e+00	0.00e+00	0.00e+00	3.25e-14	6.59e-14	1.33e-59
 4.30406e+14	2.06e-19	1.21e-13	8.03e-09	6.07e-05	9.93e-01	7.38e-03	0.00e+00	0.00e+00	0.00e+00	0.00e+00	3.98e-14	8.08e-14	2.76e-59
 4.43452e+14	2.53e-19	1.41e-13	9.06e-09	6.46e-05	9.93e-01	6.94e-03	0.00e+00	0.00e+00	0.00e+00	0.00e+00	4.67e-14	9.47e-14	4.84e-59
 4.58077e+14	3.22e-19	1.70e-13	1.03e-08	6.90e-05	9.93e-01	6.50e-03	0.00e+00	0.00e+00	0.00e+00	0.00e+00	5.62e-14	1.14e-13	9.48e-59
 4.75685e+14	4.20e-19	2.10e-13	1.20e-08	7.46e-05	9.94e-01	6.01e-03	0.00e+00	0.00e+00	0.00e+00	0.00e+00	6.92e-14	1.40e-13	1.99e-58
 4.91656e+14	5.39e-19	2.54e-13	1.37e-08	7.97e-05	9.94e-01	5.62e-03	0.00e+00	0.00e+00	0.00e+00	0.00e+00	8.39e-14	1.71e-13	4.02e-58
 5.03877e+14	6.37e-19	2.90e-13	1.52e-08	8.40e-05	9.95e-01	5.34e-03	0.00e+00	0.00e+00	0.00e+00	0.00e+00	9.56e-14	1.94e-13	6.37e-58
 5.16738e+14	7.65e-19	3.34e-13	1.68e-08	8.84e-05	9.95e-01	5.08e-03	0.00e+00	0.00e+00	0.00e+00	0.00e+00	1.10e-13	2.24e-13	1.06e-57
 5.33457e+14	9.55e-19	3.98e-13	1.91e-08	9.44e-05	9.95e-01	4.76e-03	0.00e+00	0.00e+00	0.00e+00	0.00e+00	1.31e-13	2.67e-13	1.98e-57
 5.51513e+14	1.23e-18	4.83e-13	2.18e-08	1.01e-04	9.95e-01	4.44e-03	0.00e+00	0.00e+00	0.00e+00	0.00e+00	1.59e-13	3.24e-13	3.98e-57
 5.67768e+14	1.50e-18	5.64e-13	2.45e-08	1.07e-04	9.96e-01	4.18e-03	0.00e+00	0.00e+00	0.00e+00	0.00e+00	1.86e-13	3.78e-13	6.95e-57
 5.85360e+14	1.87e-18	6.71e-13	2.77e-08	1.14e-04	9.96e-01	3.93e-03	0.00e+00	0.00e+00	0.00e+00	0.00e+00	2.21e-13	4.50e-13	1.30e-56
 6.07225e+14	2.42e-18	8.20e-13	3.21e-08	1.23e-04	9.96e-01	3.64e-03	0.00e+00	0.00e+00	0.00e+00	0.00e+00	2.70e-13	5.50e-13	2.65e-56
 6.29151e+14	3.11e-18	9.98e-13	3.70e-08	1.33e-04	9.96e-01	3.39e-03	0.00e+00	0.00e+00	0.00e+00	0.00e+00	3.28e-13	6.70e-13	5.41e-56
 6.48147e+14	3.84e-18	1.18e-12	4.17e-08	1.41e-04	9.97e-01	3.19e-03	0.00e+00	0.00e+00	0.00e+00	0.00e+00	3.88e-13	7.91e-13	9.84e-56
 6.68827e+14	4.79e-18	1.40e-12	4.73e-08	1.50e-04	9.97e-01	2.99e-03	0.00e+00	0.00e+00	0.00e+00	0.00e+00	4.61e-13	9.42e-13	1.84e-55
 6.94141e+14	6.17e-18	1.71e-12	5.50e-08	1.62e-04	9.97e-01	2.76e-03	0.00e+00	0.00e+00	0.00e+00	0.00e+00	5.63e-13	1.15e-12	3.75e-55
 7.19619e+14	8.02e-18	2.10e-12	6.36e-08	1.75e-04	9.97e-01	2.57e-03	0.00e+00	0.00e+00	0.00e+00	0.00e+00	6.91e-13	1.41e-12	7.90e-55
 7.42263e+14	9.90e-18	2.48e-12	7.20e-08	1.86e-04	9.97e-01	2.41e-03	0.00e+00	0.00e+00	0.00e+00	0.00e+00	8.14e-13	1.66e-12	1.42e-54
 7.67083e+14	1.25e-17	2.99e-12	8.22e-08	1.99e-04	9.98e-01	2.25e-03	0.00e+00	0.00e+00	0.00e+00	0.00e+00	9.80e-13	2.01e-12	2.79e-54
 7.96748e+14	1.63e-17	3.67e-12	9.58e-08	2.16e-04	9.98e-01	2.08e-03	0.00e+00	0.00e+00	0.00e+00	0.00e+00	1.20e-12	2.46e-12	5.86e-54
 8.26091e+14	2.10e-17	4.48e-12	1.11e-07	2.33e-04	9.98e-01	1.93e-03	0.00e+00	0.00e+00	0.00e+00	0.00e+00	1.47e-12	3.01e-12	1.21e-53
 8.52636e+14	2.61e-17	5.32e-12	1.26e-07	2.48e-04	9.98e-01	1.80e-03	0.00e+00	0.00e+00	0.00e+00	0.00e+00	1.74e-12	3.58e-12	2.25e-53
 8.82170e+14	3.29e-17	6.38e-12	1.44e-07	2.67e-04	9.98e-01	1.68e-03	0.00e+00	0.00e+00	0.00e+00	0.00e+00	2.09e-12	4.29e-12	4.33e-53
 9.16854e+14	4.29e-17	7.87e-12	1.69e-07	2.89e-04	9.98e-01	1.55e-03	0.00e+00	0.00e+00	0.00e+00	0.00e+00	2.58e-12	5.29e-12	9.27e-53
 9.51145e+14	5.53e-17	9.65e-12	1.95e-07	3.12e-04	9.98e-01	1.43e-03	0.00e+00	4.58e-18	1.38e-17	2.30e-17	3.16e-12	6.49e-12	1.94e-52
 9.83388e+14	6.96e-17	1.15e-11	2.24e-07	3.35e-04	9.98e-01	1.33e-03	0.00e+00	5.77e-18	1.73e-17	2.90e-17	3.78e-12	7.76e-12	3.70e-52
 1.01933e+15	8.85e-17	1.40e-11	2.59e-07	3.61e-04	9.98e-01	1.24e-03	0.00e+00	7.35e-18	2.21e-17	3.69e-17	4.60e-12	9.45e-12	7.52e-52
 1.06014e+15	1.16e-16	1.74e-11	3.03e-07	3.93e-04	9.98e-01	1.14e-03	0.00e+00	9.64e-18	2.90e-17	4.84e-17	5.68e-12	1.17e-11	1.62e-51
 1.09427e+15	1.43e-16	2.06e-11	3.45e-07	4.20e-04	9.99e-01	1.06e-03	0.00e+00	1.19e-17	3.58e-17	5.98e-17	6.74e-12	1.39e-11	3.02e-51
 1.11873e+15	1.67e-16	2.32e-11	3.77e-07	4.41e-04	9.99e-01	1.01e-03	0.00e+00	1.39e-17	4.17e-17	6.96e-17	7.60e-12	1.56e-11	4.67e-51
 1.14433e+15	1.94e-16	2.62e-11	4.13e-07	4.63e-04	9.99e-01	9.65e-04	0.00e+00	1.61e-17	4.84e-17	8.10e-17	8.58e-12	1.77e-11	7.23e-51
 1.17760e+15	2.36e-16	3.07e-11	4.65e-07	4.93e-04	9.99e-01	9.06e-04	0.00e+00	1.97e-17	5.90e-17	9.86e-17	1.00e-11	2.06e-11	1.27e-50
 1.21443e+15	2.88e-16	3.61e-11	5.27e-07	5.26e-04	9.99e-01	8.48e-04	0.00e+00	2.40e-17	7.20e-17	1.20e-16	1.18e-11	2.43e-11	2.30e-50
 1.24879e+15	3.50e-16	4.20e-11	5.91e-07	5.60e-04	9.99e-01	7.97e-04	0.00e+00	2.91e-17	8.75e-17	1.46e-16	1.37e-11	2.83e-11	3.99e-50
 1.28639e+15	4.22e-16	4.91e-11	6.66e-07	5.96e-04	9.99e-01	7.48e-04	0.00e+00	3.52e-17	1.06e-16	1.77e-16	1.61e-11	3.31e-11	7.07e-50
 1.32846e+15	5.27e-16	5.85e-11	7.60e-07	6.41e-04	9.99e-01	6.96e-04	0.00e+00	4.40e-17	1.32e-16	2.21e-16	1.91e-11	3.94e-11	1.33e-49
 1.36797e+15	6.33e-16	6.82e-11	8.55e-07	6.83e-04	9.99e-01	6.53e-04	0.00e+00	5.28e-17	1.59e-16	2.65e-16	2.23e-11	4.59e-11	2.33e-49
 1.41096e+15	7.85e-16	8.07e-11	9.71e-07	7.32e-04	9.99e-01	6.09e-04	0.00e+00	6.56e-17	1.97e-16	3.29e-16	2.64e-11	5.44e-11	4.34e-49
 1.45902e+15	9.75e-16	9.63e-11	1.11e-06	7.88e-04	9.99e-01	5.65e-04	0.00e+00	8.15e-17	2.45e-16	4.09e-16	3.15e-11	6.49e-11	8.30e-49
 1.50454e+15	1.18e-15	1.13e-10	1.26e-06	8.43e-04	9.99e-01	5.28e-04	0.00e+00	9.83e-17	2.95e-16	4.93e-16	3.69e-11	7.60e-11	1.48e-48
 1.55459e+15	1.47e-15	1.35e-10	1.44e-06	9.08e-04	9.99e-01	4.90e-04	0.00e+00	1.23e-16	3.70e-16	6.18e-16	4.41e-11	9.08e-11	2.86e-48
 1.61065e+15	1.85e-15	1.63e-10	1.66e-06	9.83e-04	9.99e-01	4.53e-04	0.00e+00	1.55e-16	4.66e-16	7.78e-16	5.31e-11	1.09e-10	5.71e-48
 1.66352e+15	2.24e-15	1.91e-10	1.90e-06	1.06e-03	9.99e-01	4.21e-04	0.00e+00	1.88e-16	5.64e-16	9.42e-16	6.26e-11	1.29e-10	1.04e-47
 1.72126e+15	2.82e-15	2.31e-10	2.18e-06	1.14e-03	9.98e-01	3.89e-04	0.00e+00	2.37e-16	7.12e-16	1.19e-15	7.54e-11	1.55e-10	2.09e-47
 1.78536e+15	3.55e-15	2.79e-10	2.53e-06	1.24e-03	9.98e-01	3.58e-04	0.00e+00	2.99e-16	8.97e-16	1.50e-15	9.12e-11	1.88e-10	4.26e-47
 1.84477e+15	4.32e-15	3.30e-10	2.89e-06	1.33e-03	9.98e-01	3.33e-04	0.00e+00	3.64e-16	1.09e-15	1.82e-15	1.08e-10	2.22e-10	7.93e-47
 1.90905e+15	5.48e-15	3.98e-10	3.32e-06	1.44e-03	9.98e-01	3.07e-04	0.00e+00	4.62e-16	1.39e-15	2.32e-15	1.30e-10	2.68e-10	1.62e-46
 1.98110e+15	6.87e-15	4.83e-10	3.85e-06	1.57e-03	9.98e-01	2.83e-04	0.00e+00	5.80e-16	1.74e-15	2.91e-15	1.58e-10	3.25e-10	3.34e-46
 2.04903e+15	8.52e-15	5.77e-10	4.42e-06	1.69e-03	9.98e-01	2.62e-04	0.00e+00	7.20e-16	2.16e-15	3.61e-15	1.89e-10	3.88e-10	6.54e-46
 2.12287e+15	1.07e-14	6.95e-10	5.10e-06	1.84e-03	9.98e-01	2.41e-04	0.00e+00	9.06e-16	2.72e-15	4.54e-15	2.28e-10	4.68e-10	1.34e-45
 2.20540e+15	1.35e-14	8.48e-10	5.94e-06	2.00e-03	9.98e-01	2.21e-04	0.00e+00	1.15e-15	3.44e-15	5.74e-15	2.78e-10	5.70e-10	2.84e-45
 2.28345e+15	1.68e-14	1.02e-09	6.84e-06	2.17e-03	9.98e-01	2.04e-04	0.00e+00	1.43e-15	4.29e-15	7.16e-15	3.34e-10	6.85e-10	5.72e-45
 2.36705e+15	2.11e-14	1.23e-09	7.90e-06	2.35e-03	9.97e-01	1.88e-04	0.00e+00	1.79e-15	5.38e-15	8.98e-15	4.04e-10	8.28e-10	1.18e-44
 2.44563e+15	2.59e-14	1.46e-09	9.01e-06	2.53e-03	9.97e-01	1.74e-04	0.00e+00	2.20e-15	6.61e-15	1.10e-14	4.80e-10	9.84e-10	2.32e-44
 2.50268e+15	3.01e-14	1.66e-09	9.88e-06	2.67e-03	9.97e-01	1.65e-04	0.00e+00	2.56e-15	7.69e-15	1.28e-14	5.44e-10	1.11e-09	3.79e-44
 2.55995e+15	3.47e-14	1.87e-09	1.08e-05	2.81e-03	9.97e-01	1.57e-04	0.00e+00	2.96e-15	8.89e-15	1.48e-14	6.13e-10	1.26e-09	6.09e-44
 2.63440e+15	4.05e-14	2.15e-09	1.21e-05	3.00e-03	9.97e-01	1.47e-04	0.00e+00	3.46e-15	1.04e-14	1.73e-14	7.05e-10	1.44e-09	1.05e-43
 2.71586e+15	5.03e-14	2.56e-09	1.37e-05	3.21e-03	9.97e-01	1.37e-04	0.00e+00	4.30e-15	1.29e-14	2.16e-14	8.40e-10	1.72e-09	2.11e-43
 2.78982e+15	5.91e-14	2.95e-09	1.53e-05	3.41e-03	9.96e-01	1.29e-04	0.00e+00	5.06e-15	1.52e-14	2.53e-14	9.67e-10	1.98e-09	3.66e-43
 2.86938e+15	6.94e-14	3.39e-09	1.71e-05	3.64e-03	9.96e-01	1.20e-04	0.00e+00	5.94e-15	1.78e-14	2.98e-14	1.11e-09	2.28e-09	6.35e-43
 2.97265e+15	8.88e-14	4.15e-09	1.97e-05	3.94e-03	9.96e-01	1.11e-04	0.00e+00	7.62e-15	2.29e-14	3.82e-14	1.36e-09	2.79e-09	1.43e-42
 3.07691e+15	1.10e-13	4.99e-09	2.26e-05	4.26e-03	9.96e-01	1.02e-04	0.00e+00	9.45e-15	2.84e-14	4.73e-14	1.64e-09	3.35e-09	3.01e-42
 3.16104e+15	1.30e-13	5.78e-09	2.52e-05	4.53e-03	9.95e-01	9.63e-05	0.00e+00	1.12e-14	3.36e-14	5.62e-14	1.90e-09	3.88e-09	5.34e-42
 3.24883e+15	1.54e-13	6.67e-09	2.81e-05	4.82e-03	9.95e-01	9.05e-05	0.00e+00	1.32e-14	3.96e-14	6.62e-14	2.19e-09	4.48e-09	9.40e-42
 3.36296e+15	1.90e-13	8.03e-09	3.22e-05	5.21e-03	9.95e-01	8.35e-05	0.00e+00	1.63e-14	4.91e-14	8.19e-14	2.64e-09	5.39e-09	1.95e-41
 3.48481e+15	2.37e-13	9.74e-09	3.72e-05	5.64e-03	9.94e-01	7.70e-05	0.00e+00	2.04e-14	6.13e-14	1.02e-13	3.21e-09	6.54e-09	4.18e-41
 3.59319e+15	2.88e-13	1.15e-08	4.20e-05	6.04e-03	9.94e-01	7.18e-05	0.00e+00	2.49e-14	7.47e-14	1.25e-13	3.80e-09	7.74e-09	8.06e-41
 3.71061e+15	3.46e-13	1.36e-08	4.77e-05	6.49e-03	9.93e-01	6.67e-05	0.00e+00	3.00e-14	8.99e-14	1.50e-13	4.47e-09	9.11e-09	1.52e-40
 3.85253e+15	4.50e-13	1.70e-08	5.55e-05	7.07e-03	9.93e-01	6.12e-05	0.00e+00	3.89e-14	1.17e-13	1.95e-13	5.59e-09	1.14e-08	3.56e-40
 3.99426e+15	5.49e-13	2.03e-08	6.41e-05	7.66e-03	9.92e-01	5.64e-05	0.00e+00	4.76e-14	1.43e-13	2.38e-13	6.70e-09	1.36e-08	7.09e-40
 4.12161e+15	6.67e-13	2.42e-08	7.26e-05	8.22e-03	9.92e-01	5.25e-05	0.00e+00	5.79e-14	1.74e-13	2.90e-13	7.98e-09	1.62e-08	1.39e-39
 4.26229e+15	8.23e-13	2.91e-08	8.31e-05	8.86e-03	9.91e-01	4.86e-05	0.00e+00	7.15e-14	2.15e-13	3.58e-13	9.61e-09	1.95e-08	2.83e-39
 4.42866e+15	1.08e-12	3.68e-08	9.69e-05	9.66e-03	9.90e-01	4.45e-05	0.00e+00	9.37e-14	2.81e-13	4.69e-13	1.21e-08	2.46e-08	7.00e-39
 4.59280e+15	1.32e-12	4.42e-08	1.12e-04	1.05e-02	9.89e-01	4.11e-05	0.00e+00	1.15e-13	3.45e-13	5.76e-13	1.46e-08	2.96e-08	1.39e-38
 4.74465e+15	1.61e-12	5.31e-08	1.28e-04	1.12e-02	9.89e-01	3.82e-05	0.00e+00	1.41e-13	4.22e-13	7.04e-13	1.75e-08	3.56e-08	2.78e-38
 4.91561e+15	2.01e-12	6.47e-08	1.47e-04	1.22e-02	9.88e-01	3.52e-05	0.00e+00	1.76e-13	5.27e-13	8.79e-13	2.14e-08	4.34e-08	5.87e-38
 5.08033e+15	2.47e-12	7.81e-08	1.68e-04	1.31e-02	9.87e-01	3.27e-05	0.00e+00	2.16e-13	6.48e-13	1.08e-12	2.58e-08	5.23e-08	1.18e-37
 5.20056e+15	2.94e-12	9.11e-08	1.85e-04	1.38e-02	9.86e-01	3.10e-05	0.00e+00	2.57e-13	7.71e-13	1.29e-12	3.01e-08	6.10e-08	2.11e-37
 5.31997e+15	3.40e-12	1.04e-07	2.03e-04	1.45e-02	9.85e-01	2.95e-05	0.00e+00	2.98e-13	8.93e-13	1.49e-12	3.42e-08	6.94e-08	3.37e-37
 5.47519e+15	4.02e-12	1.20e-07	2.28e-04	1.55e-02	9.84e-01	2.77e-05	0.00e+00	3.52e-13	1.06e-12	1.76e-12	3.97e-08	8.05e-08	5.70e-37
 5.64480e+15	4.96e-12	1.46e-07	2.58e-04	1.66e-02	9.83e-01	2.59e-05	0.00e+00	4.35e-13	1.30e-12	2.18e-12	4.81e-08	9.74e-08	1.16e-36
 5.79784e+15	5.83e-12	1.69e-07	2.87e-04	1.76e-02	9.82e-01	2.44e-05	0.00e+00	5.12e-13	1.54e-12	2.56e-12	5.59e-08	1.13e-07	1.98e-36
 5.96152e+15	6.93e-12	1.96e-07	3.22e-04	1.87e-02	9.81e-01	2.30e-05	0.00e+00	6.09e-13	1.83e-12	3.05e-12	6.49e-08	1.31e-07	3.38e-36
 6.17430e+15	8.80e-12	2.44e-07	3.71e-04	2.02e-02	9.79e-01	2.12e-05	0.00e+00	7.75e-13	2.32e-12	3.88e-12	8.08e-08	1.63e-07	7.47e-36
 6.38907e+15	1.09e-11	2.97e-07	4.27e-04	2.18e-02	9.78e-01	1.98e-05	0.00e+00	9.58e-13	2.87e-12	4.80e-12	9.81e-08	1.98e-07	1.47e-35
 6.56193e+15	1.29e-11	3.47e-07	4.76e-04	2.31e-02	9.76e-01	1.87e-05	0.00e+00	1.14e-12	3.42e-12	5.71e-12	1.15e-07	2.32e-07	2.49e-35
 6.74217e+15	1.55e-11	4.07e-07	5.33e-04	2.45e-02	9.75e-01	1.76e-05	0.00e+00	1.37e-12	4.11e-12	6.85e-12	1.35e-07	2.72e-07	4.37e-35
 6.97648e+15	1.96e-11	5.00e-07	6.14e-04	2.65e-02	9.73e-01	1.64e-05	0.00e+00	1.73e-12	5.19e-12	8.66e-12	1.65e-07	3.34e-07	8.94e-35
 7.22149e+15	2.43e-11	6.01e-07	7.07e-04	2.85e-02	9.71e-01	1.53e-05	0.00e+00	2.15e-12	6.45e-12	1.08e-11	1.99e-07	4.02e-07	1.65e-34
 7.43454e+15	2.99e-11	7.28e-07	7.99e-04	3.05e-02	9.69e-01	1.43e-05	0.00e+00	2.64e-12	7.92e-12	1.32e-11	2.41e-07	4.87e-07	3.22e-34
 7.66563e+15	3.66e-11	8.74e-07	9.09e-04	3.27e-02	9.66e-01	1.35e-05	0.00e+00	3.24e-12	9.73e-12	1.62e-11	2.90e-07	5.85e-07	5.95e-34
 7.92416e+15	4.54e-11	1.05e-06	1.04e-03	3.51e-02	9.64e-01	1.26e-05	0.00e+00	4.02e-12	1.21e-11	2.01e-11	3.47e-07	7.00e-07	1.06e-33
 8.17108e+15	5.56e-11	1.26e-06	1.19e-03	3.77e-02	9.61e-01	1.19e-05	0.00e+00	4.93e-12	1.48e-11	2.47e-11	4.17e-07	8.41e-07	1.92e-33
 8.44477e+15	7.13e-11	1.57e-06	1.37e-03	4.06e-02	9.58e-01	1.11e-05	0.00e+00	6.33e-12	1.90e-11	3.17e-11	5.20e-07	1.05e-06	4.08e-33
 8.73857e+15	8.92e-11	1.92e-06	1.59e-03	4.39e-02	9.55e-01	1.04e-05	0.00e+00	7.93e-12	2.38e-11	3.97e-11	6.36e-07	1.28e-06	7.66e-33
 8.99768e+15	1.09e-10	2.27e-06	1.80e-03	4.69e-02	9.51e-01	9.84e-06	0.00e+00	9.70e-12	2.91e-11	4.85e-11	7.52e-07	1.52e-06	1.28e-32
 9.27371e+15	1.35e-10	2.73e-06	2.05e-03	5.02e-02	9.48e-01	9.29e-06	0.00e+00	1.20e-11	3.59e-11	5.99e-11	9.04e-07	1.82e-06	2.29e-32
 9.58069e+15	1.73e-10	3.41e-06	2.37e-03	5.43e-02	9.43e-01	8.75e-06	0.00e+00	1.54e-11	4.61e-11	7.70e-11	1.13e-06	2.28e-06	4.77e-32
 9.86385e+15	2.11e-10	4.09e-06	2.70e-03	5.81e-02	9.39e-01	8.30e-06	0.00e+00	1.88e-11	5.65e-11	9.42e-11	1.36e-06	2.73e-06	8.22e-32
 1.01064e+16	2.52e-10	4.76e-06	3.01e-03	6.15e-02	9.35e-01	7.95e-06	0.00e+00	2.24e-11	6.73e-11	1.12e-10	1.58e-06	3.18e-06	1.30e-31
 1.03602e+16	3.03e-10	5.59e-06	3.37e-03	6.52e-02	9.31e-01	7.61e-06	0.00e+00	2.71e-11	8.12e-11	1.35e-10	1.85e-06	3.73e-06	2.12e-31
 1.06363e+16	3.67e-10	6.50e-06	3.79e-03	6.93e-02	9.27e-01	7.29e-06	0.00e+00	3.28e-11	9.85e-11	1.64e-10	2.16e-06	4.34e-06	3.24e-31
 1.09413e+16	4.62e-10	7.98e-06	4.34e-03	7.44e-02	9.21e-01	6.95e-06	0.00e+00	4.13e-11	1.24e-10	2.07e-10	2.65e-06	5.33e-06	6.17e-31
 1.12421e+16	5.61e-10	9.33e-06	4.92e-03	7.93e-02	9.16e-01	6.65e-06	0.00e+00	5.02e-11	1.51e-10	2.51e-10	3.10e-06	6.23e-06	9.36e-31
 1.14941e+16	6.65e-10	1.10e-05	5.47e-03	8.40e-02	9.11e-01	6.42e-06	0.00e+00	5.96e-11	1.79e-10	2.98e-10	3.65e-06	7.34e-06	1.54e-30
 1.17786e+16	8.11e-10	1.30e-05	6.17e-03	8.94e-02	9.04e-01	6.18e-06	0.00e+00	7.27e-11	2.18e-10	3.64e-10	4.32e-06	8.69e-06	2.51e-30
 1.20932e+16	9.99e-10	1.53e-05	7.01e-03	9.53e-02	8.98e-01	5.94e-06	0.00e+00	8.96e-11	2.69e-10	4.48e-10	5.07e-06	1.02e-05	3.86e-30
 1.23926e+16	1.23e-09	1.85e-05	7.94e-03	1.02e-01	8.90e-01	5.73e-06	0.00e+00	1.10e-10	3.31e-10	5.52e-10	6.14e-06	1.23e-05	6.87e-30
 1.26730e+16	1.47e-09	2.16e-05	8.90e-03	1.08e-01	8.83e-01	5.55e-06	0.00e+00	1.32e-10	3.97e-10	6.62e-10	7.18e-06	1.44e-05	1.05e-29
 1.29834e+16	1.81e-09	2.53e-05	1.01e-02	1.15e-01	8.75e-01	5.37e-06	0.00e+00	1.63e-10	4.90e-10	8.16e-10	8.40e-06	1.69e-05	1.59e-29
 1.33220e+16	2.28e-09	3.12e-05	1.16e-02	1.24e-01	8.65e-01	5.18e-06	0.00e+00	2.05e-10	6.15e-10	1.03e-09	1.04e-05	2.08e-05	2.93e-29
 1.36224e+16	2.78e-09	3.69e-05	1.31e-02	1.31e-01	8.55e-01	5.04e-06	0.00e+00	2.50e-10	7.51e-10	1.25e-09	1.22e-05	2.46e-05	4.60e-29
 1.38961e+16	3.35e-09	4.28e-05	1.47e-02	1.39e-01	8.46e-01	4.92e-06	0.00e+00	3.02e-10	9.06e-10	1.51e-09	1.42e-05	2.85e-05	6.77e-29
 1.42104e+16	4.13e-09	5.03e-05	1.67e-02	1.48e-01	8.35e-01	4.79e-06	0.00e+00	3.72e-10	1.12e-09	1.86e-09	1.67e-05	3.36e-05	1.04e-28
 1.45567e+16	5.35e-09	6.30e-05	1.93e-02	1.60e-01	8.21e-01	4.67e-06	0.00e+00	4.83e-10	1.45e-09	2.42e-09	2.09e-05	4.20e-05	2.00e-28
 1.48540e+16	6.46e-09	7.37e-05	2.18e-02	1.69e-01	8.09e-01	4.57e-06	0.00e+00	5.84e-10	1.75e-09	2.92e-09	2.45e-05	4.92e-05	2.96e-28
 1.51053e+16	7.67e-09	8.42e-05	2.42e-02	1.78e-01	7.97e-01	4.50e-06	0.00e+00	6.94e-10	2.08e-09	3.47e-09	2.80e-05	5.62e-05	4.16e-28
 1.53876e+16	9.35e-09	9.91e-05	2.74e-02	1.89e-01	7.83e-01	4.41e-06	0.00e+00	8.47e-10	2.54e-09	4.23e-09	3.30e-05	6.61e-05	6.41e-28
 1.56980e+16	1.19e-08	1.23e-04	3.15e-02	2.02e-01	7.66e-01	4.35e-06	0.00e+00	1.08e-09	3.25e-09	5.42e-09	4.09e-05	8.19e-05	1.20e-27
 1.59671e+16	1.46e-08	1.44e-04	3.55e-02	2.14e-01	7.50e-01	4.30e-06	0.00e+00	1.32e-09	3.97e-09	6.61e-09	4.81e-05	9.64e-05	1.84e-27
 1.61981e+16	1.74e-08	1.67e-04	3.94e-02	2.25e-01	7.35e-01	4.26e-06	0.00e+00	1.58e-09	4.75e-09	7.91e-09	5.55e-05	1.11e-04	2.72e-27
 1.64194e+16	2.07e-08	1.92e-04	4.37e-02	2.36e-01	7.20e-01	4.23e-06	0.00e+00	1.88e-09	5.65e-09	9.42e-09	6.40e-05	1.28e-04	3.99e-27
