#depth	N	N+	N+2	N+3	N+4	N+5	N+6	N+7
 1.49634e+10	0.00e+00	0.00e+00	3.15e-30	4.15e-20	9.90e-11	7.46e-01	2.54e-01	3.23e-05
 4.54887e+10	0.00e+00	6.04e-41	4.07e-30	4.95e-20	1.09e-10	7.61e-01	2.39e-01	2.81e-05
 7.72350e+10	0.00e+00	0.00e+00	5.25e-30	5.90e-20	1.20e-10	7.75e-01	2.25e-01	2.44e-05
 1.10251e+11	0.00e+00	1.18e-40	6.77e-30	7.03e-20	1.33e-10	7.89e-01	2.11e-01	2.12e-05
 1.41122e+11	0.00e+00	0.00e+00	8.50e-30	8.22e-20	1.44e-10	8.01e-01	1.99e-01	1.86e-05
 1.68436e+11	0.00e+00	2.04e-40	1.03e-29	9.40e-20	1.55e-10	8.11e-01	1.89e-01	1.67e-05
 1.98966e+11	0.00e+00	0.00e+00	1.27e-29	1.09e-19	1.68e-10	8.21e-01	1.79e-01	1.48e-05
 2.35511e+11	0.00e+00	3.70e-40	1.62e-29	1.28e-19	1.84e-10	8.32e-01	1.68e-01	1.28e-05
 2.72167e+11	0.00e+00	0.00e+00	2.04e-29	1.50e-19	2.00e-10	8.42e-01	1.58e-01	1.12e-05
 3.05983e+11	0.00e+00	6.59e-40	2.51e-29	1.73e-19	2.16e-10	8.51e-01	1.49e-01	9.90e-06
 3.43813e+11	0.00e+00	0.00e+00	3.14e-29	2.01e-19	2.34e-10	8.60e-01	1.40e-01	8.67e-06
 3.87462e+11	0.00e+00	1.22e-39	4.02e-29	2.38e-19	2.56e-10	8.69e-01	1.31e-01	7.47e-06
 4.30091e+11	0.00e+00	0.00e+00	5.08e-29	2.79e-19	2.79e-10	8.78e-01	1.22e-01	6.48e-06
 4.70724e+11	0.00e+00	2.20e-39	6.28e-29	3.23e-19	3.01e-10	8.85e-01	1.15e-01	5.69e-06
 5.15779e+11	0.00e+00	0.00e+00	7.88e-29	3.77e-19	3.26e-10	8.93e-01	1.07e-01	4.95e-06
 5.66337e+11	0.00e+00	4.11e-39	1.01e-28	4.45e-19	3.56e-10	9.00e-01	9.97e-02	4.25e-06
 6.17457e+11	0.00e+00	0.00e+00	1.28e-28	5.23e-19	3.88e-10	9.07e-01	9.28e-02	3.66e-06
 6.70622e+11	0.00e+00	7.72e-39	1.62e-28	6.14e-19	4.22e-10	9.14e-01	8.62e-02	3.15e-06
 7.27373e+11	0.00e+00	0.00e+00	2.07e-28	7.25e-19	4.60e-10	9.20e-01	8.00e-02	2.70e-06
 7.86395e+11	0.00e+00	1.47e-38	2.64e-28	8.54e-19	5.01e-10	9.26e-01	7.41e-02	2.31e-06
 8.47778e+11	0.00e+00	0.00e+00	3.37e-28	1.01e-18	5.45e-10	9.31e-01	6.86e-02	1.98e-06
 9.11616e+11	0.00e+00	2.80e-38	4.30e-28	1.19e-18	5.94e-10	9.36e-01	6.35e-02	1.69e-06
 9.78007e+11	0.00e+00	0.00e+00	5.48e-28	1.40e-18	6.46e-10	9.41e-01	5.88e-02	1.44e-06
 1.04705e+12	0.00e+00	5.34e-38	6.98e-28	1.65e-18	7.03e-10	9.46e-01	5.44e-02	1.23e-06
 1.11886e+12	0.00e+00	0.00e+00	8.90e-28	1.94e-18	7.64e-10	9.50e-01	5.02e-02	1.05e-06
 1.19354e+12	0.00e+00	1.02e-37	1.13e-27	2.28e-18	8.31e-10	9.54e-01	4.64e-02	8.98e-07
 1.27121e+12	0.00e+00	0.00e+00	1.45e-27	2.69e-18	9.03e-10	9.57e-01	4.28e-02	0.00e+00
 1.35199e+12	0.00e+00	1.93e-37	1.84e-27	3.16e-18	9.82e-10	9.60e-01	3.95e-02	0.00e+00
 1.43103e+12	0.00e+00	0.00e+00	2.31e-27	3.69e-18	1.06e-09	9.63e-01	3.66e-02	0.00e+00
 1.50416e+12	0.00e+00	3.43e-37	2.84e-27	4.23e-18	1.14e-09	9.66e-01	3.42e-02	0.00e+00
 1.58517e+12	0.00e+00	0.00e+00	3.53e-27	4.90e-18	1.23e-09	9.68e-01	3.18e-02	0.00e+00
 1.67851e+12	0.00e+00	6.32e-37	4.50e-27	5.77e-18	1.33e-09	9.71e-01	2.93e-02	0.00e+00
 1.77026e+12	0.00e+00	0.00e+00	5.66e-27	6.73e-18	1.44e-09	9.73e-01	2.72e-02	0.00e+00
 1.86568e+12	0.00e+00	1.16e-36	7.13e-27	7.86e-18	1.56e-09	9.75e-01	2.51e-02	0.00e+00
 1.97024e+12	0.00e+00	0.00e+00	9.09e-27	9.25e-18	1.69e-09	9.77e-01	2.31e-02	0.00e+00
 2.07634e+12	0.00e+00	2.20e-36	1.15e-26	1.08e-17	1.84e-09	9.79e-01	2.13e-02	0.00e+00
 2.18669e+12	6.56e-47	3.02e-36	1.46e-26	1.27e-17	1.99e-09	9.80e-01	1.97e-02	0.00e+00
 2.30409e+12	0.00e+00	0.00e+00	1.87e-26	1.50e-17	2.16e-09	9.82e-01	1.81e-02	0.00e+00
 2.42618e+12	0.00e+00	5.78e-36	2.38e-26	1.77e-17	2.35e-09	9.83e-01	1.67e-02	0.00e+00
 2.55315e+12	2.21e-46	8.00e-36	3.04e-26	2.08e-17	2.56e-09	9.85e-01	1.53e-02	0.00e+00
 2.68520e+12	0.00e+00	0.00e+00	3.89e-26	2.45e-17	2.78e-09	9.86e-01	1.41e-02	0.00e+00
 2.82254e+12	0.00e+00	1.53e-35	4.97e-26	2.89e-17	3.02e-09	9.87e-01	1.30e-02	0.00e+00
 2.96536e+12	7.49e-46	2.13e-35	6.35e-26	3.41e-17	3.28e-09	9.88e-01	1.19e-02	0.00e+00
 3.11391e+12	0.00e+00	0.00e+00	8.13e-26	4.03e-17	3.57e-09	9.89e-01	1.10e-02	0.00e+00
 3.25374e+12	0.00e+00	3.96e-35	1.02e-25	4.68e-17	3.85e-09	9.90e-01	1.02e-02	0.00e+00
 3.37904e+12	2.25e-45	5.13e-35	1.23e-25	5.34e-17	4.11e-09	9.90e-01	9.51e-03	0.00e+00
 3.51978e+12	0.00e+00	0.00e+00	1.53e-25	6.16e-17	4.42e-09	9.91e-01	8.85e-03	0.00e+00
 3.68627e+12	0.00e+00	9.38e-35	1.95e-25	7.25e-17	4.80e-09	9.92e-01	8.14e-03	0.00e+00
 3.85272e+12	7.03e-45	1.28e-34	2.46e-25	8.48e-17	5.19e-09	9.92e-01	7.52e-03	0.00e+00
 4.00928e+12	0.00e+00	0.00e+00	3.04e-25	9.79e-17	5.58e-09	9.93e-01	6.99e-03	0.00e+00
 4.18303e+12	0.00e+00	2.29e-34	3.82e-25	1.14e-16	6.04e-09	9.94e-01	6.46e-03	0.00e+00
 4.38028e+12	2.21e-44	3.19e-34	4.91e-25	1.35e-16	6.57e-09	9.94e-01	5.93e-03	0.00e+00
 4.57713e+12	0.00e+00	4.40e-34	6.25e-25	1.59e-16	7.14e-09	9.95e-01	5.46e-03	0.00e+00
 4.78185e+12	4.91e-44	6.06e-34	7.97e-25	1.88e-16	7.76e-09	9.95e-01	5.02e-03	0.00e+00
 5.00305e+12	0.00e+00	8.47e-34	1.03e-24	2.23e-16	8.46e-09	9.95e-01	4.61e-03	0.00e+00
 5.23310e+12	1.13e-43	1.18e-33	1.32e-24	2.64e-16	9.22e-09	9.96e-01	4.22e-03	0.00e+00
 5.45016e+12	0.00e+00	1.61e-33	1.67e-24	3.09e-16	9.98e-09	9.96e-01	3.90e-03	0.00e+00
 5.64556e+12	2.30e-43	2.10e-33	2.04e-24	3.54e-16	1.07e-08	9.96e-01	3.64e-03	0.00e+00
 5.86547e+12	0.00e+00	2.81e-33	2.54e-24	4.12e-16	1.15e-08	9.97e-01	3.37e-03	0.00e+00
 6.12453e+12	5.01e-43	3.91e-33	3.27e-24	4.88e-16	1.26e-08	9.97e-01	3.10e-03	0.00e+00
 6.38252e+12	0.00e+00	5.37e-33	4.16e-24	5.75e-16	1.37e-08	9.97e-01	2.85e-03	0.00e+00
 6.62509e+12	1.07e-42	7.17e-33	5.18e-24	6.68e-16	1.48e-08	9.97e-01	2.64e-03	0.00e+00
 6.89429e+12	0.00e+00	9.76e-33	6.55e-24	7.83e-16	1.60e-08	9.98e-01	2.44e-03	0.00e+00
 7.19998e+12	2.40e-42	1.38e-32	8.51e-24	9.36e-16	1.75e-08	9.98e-01	2.23e-03	0.00e+00
 7.50115e+12	0.00e+00	1.90e-32	1.09e-23	1.11e-15	1.91e-08	9.98e-01	2.04e-03	0.00e+00
 7.81435e+12	5.36e-42	2.62e-32	1.39e-23	1.31e-15	2.08e-08	9.98e-01	1.88e-03	0.00e+00
 8.15686e+12	0.00e+00	3.70e-32	1.81e-23	1.57e-15	2.28e-08	9.98e-01	1.71e-03	0.00e+00
 8.50133e+12	1.24e-41	5.16e-32	2.33e-23	1.87e-15	2.50e-08	9.98e-01	1.57e-03	0.00e+00
 8.85958e+12	0.00e+00	7.19e-32	3.01e-23	2.23e-15	2.73e-08	9.99e-01	1.43e-03	0.00e+00
 9.23114e+12	2.83e-41	1.00e-31	3.88e-23	2.65e-15	2.99e-08	9.99e-01	1.31e-03	0.00e+00
 9.59683e+12	0.00e+00	1.37e-31	4.94e-23	3.13e-15	3.26e-08	9.99e-01	1.20e-03	0.00e+00
 9.98988e+12	6.24e-41	1.90e-31	6.35e-23	3.73e-15	3.56e-08	9.99e-01	1.10e-03	0.00e+00
 1.04194e+13	0.00e+00	2.68e-31	8.26e-23	4.48e-15	3.92e-08	9.99e-01	1.00e-03	0.00e+00
 1.08661e+13	1.46e-40	3.77e-31	1.08e-22	5.38e-15	4.31e-08	9.99e-01	9.15e-04	0.00e+00
 1.13307e+13	0.00e+00	5.30e-31	1.40e-22	6.47e-15	4.74e-08	9.99e-01	8.32e-04	0.00e+00
 1.18138e+13	3.38e-40	7.46e-31	1.82e-22	7.78e-15	5.22e-08	9.99e-01	7.57e-04	0.00e+00
 1.22511e+13	0.00e+00	1.00e-30	2.30e-22	9.15e-15	5.68e-08	9.99e-01	6.97e-04	0.00e+00
 1.26158e+13	6.53e-40	1.27e-30	2.76e-22	1.04e-14	6.08e-08	9.99e-01	6.51e-04	0.00e+00
 1.30155e+13	0.00e+00	1.64e-30	3.37e-22	1.20e-14	6.54e-08	9.99e-01	6.06e-04	0.00e+00
 1.35212e+13	1.30e-39	2.24e-30	4.29e-22	1.42e-14	7.15e-08	9.99e-01	5.55e-04	0.00e+00
 1.40483e+13	0.00e+00	3.05e-30	5.46e-22	1.69e-14	7.83e-08	9.99e-01	5.08e-04	0.00e+00
 1.44986e+13	2.60e-39	3.93e-30	6.67e-22	1.94e-14	8.43e-08	1.00e+00	4.72e-04	0.00e+00
 1.49653e+13	0.00e+00	5.07e-30	8.14e-22	2.24e-14	9.09e-08	1.00e+00	4.39e-04	0.00e+00
 1.55486e+13	5.17e-39	6.90e-30	1.04e-21	2.66e-14	9.96e-08	1.00e+00	4.01e-04	0.00e+00
 1.61402e+13	0.00e+00	9.29e-30	1.31e-21	3.15e-14	1.09e-07	1.00e+00	3.67e-04	0.00e+00
 1.66532e+13	1.01e-38	1.19e-29	1.59e-21	3.62e-14	1.17e-07	1.00e+00	3.41e-04	0.00e+00
 1.72076e+13	0.00e+00	1.54e-29	1.95e-21	4.19e-14	1.27e-07	1.00e+00	3.16e-04	0.00e+00
 1.78864e+13	1.99e-38	2.09e-29	2.48e-21	4.99e-14	1.39e-07	1.00e+00	2.89e-04	0.00e+00
 1.85787e+13	0.00e+00	2.82e-29	3.14e-21	5.91e-14	1.52e-07	1.00e+00	2.64e-04	0.00e+00
 1.92099e+13	3.92e-38	3.66e-29	3.86e-21	6.86e-14	1.65e-07	1.00e+00	2.44e-04	0.00e+00
 1.99097e+13	0.00e+00	4.83e-29	4.81e-21	8.03e-14	1.79e-07	1.00e+00	2.25e-04	0.00e+00
 2.07263e+13	7.99e-38	6.58e-29	6.15e-21	9.59e-14	1.97e-07	1.00e+00	2.05e-04	0.00e+00
 2.15365e+13	0.00e+00	8.84e-29	7.77e-21	1.14e-13	2.16e-07	1.00e+00	1.87e-04	0.00e+00
 2.23093e+13	1.58e-37	1.16e-28	9.62e-21	1.33e-13	2.35e-07	1.00e+00	1.73e-04	0.00e+00
 2.31619e+13	0.00e+00	1.54e-28	1.21e-20	1.56e-13	2.56e-07	1.00e+00	1.58e-04	0.00e+00
 2.41183e+13	3.24e-37	2.09e-28	1.54e-20	1.86e-13	2.82e-07	1.00e+00	1.44e-04	0.00e+00
 2.50779e+13	0.00e+00	2.81e-28	1.94e-20	2.20e-13	3.08e-07	1.00e+00	1.32e-04	0.00e+00
 2.59367e+13	6.30e-37	3.62e-28	2.38e-20	2.55e-13	3.34e-07	1.00e+00	1.22e-04	0.00e+00
 2.66998e+13	0.00e+00	4.51e-28	2.82e-20	2.89e-13	3.57e-07	1.00e+00	1.14e-04	0.00e+00
 2.75653e+13	1.10e-36	5.73e-28	3.41e-20	3.31e-13	3.84e-07	1.00e+00	1.06e-04	0.00e+00
 2.85278e+13	0.00e+00	7.41e-28	4.18e-20	3.83e-13	4.15e-07	1.00e+00	9.85e-05	0.00e+00
 2.94300e+13	1.99e-36	9.35e-28	5.03e-20	4.38e-13	4.46e-07	1.00e+00	9.18e-05	0.00e+00
 3.04165e+13	0.00e+00	1.20e-27	6.11e-20	5.04e-13	4.81e-07	1.00e+00	8.53e-05	0.00e+00
 3.15227e+13	3.70e-36	1.56e-27	7.54e-20	5.86e-13	5.21e-07	1.00e+00	7.87e-05	0.00e+00
 3.25733e+13	0.00e+00	1.99e-27	9.14e-20	6.73e-13	5.62e-07	1.00e+00	7.32e-05	0.00e+00
 3.37282e+13	6.83e-36	2.58e-27	1.12e-19	7.80e-13	6.08e-07	1.00e+00	6.77e-05	0.00e+00
 3.50207e+13	0.00e+00	3.42e-27	1.40e-19	9.13e-13	6.61e-07	1.00e+00	6.23e-05	0.00e+00
 3.62469e+13	1.31e-35	4.42e-27	1.71e-19	1.06e-12	7.15e-07	1.00e+00	5.77e-05	0.00e+00
 3.73788e+13	0.00e+00	5.55e-27	2.05e-19	1.20e-12	7.66e-07	1.00e+00	5.39e-05	0.00e+00
 3.86332e+13	2.33e-35	7.09e-27	2.48e-19	1.38e-12	8.24e-07	1.00e+00	5.01e-05	0.00e+00
 4.00413e+13	0.00e+00	9.26e-27	3.06e-19	1.60e-12	8.92e-07	1.00e+00	4.63e-05	0.00e+00
 4.13748e+13	4.33e-35	1.18e-26	3.71e-19	1.83e-12	9.60e-07	1.00e+00	4.31e-05	0.00e+00
 4.28338e+13	0.00e+00	1.53e-26	4.54e-19	2.12e-12	1.04e-06	1.00e+00	4.00e-05	0.00e+00
 4.44474e+13	8.30e-35	2.01e-26	5.63e-19	2.47e-12	1.12e-06	1.00e+00	3.69e-05	0.00e+00
 4.59442e+13	0.00e+00	2.57e-26	6.83e-19	2.83e-12	1.21e-06	1.00e+00	3.43e-05	0.00e+00
 4.75721e+13	1.54e-34	3.34e-26	8.37e-19	3.26e-12	1.31e-06	1.00e+00	3.18e-05	0.00e+00
 4.93940e+13	2.16e-34	4.41e-26	1.04e-18	3.81e-12	1.42e-06	1.00e+00	2.93e-05	0.00e+00
 5.11131e+13	2.96e-34	5.70e-26	1.27e-18	4.39e-12	1.53e-06	1.00e+00	2.72e-05	0.00e+00
 5.29840e+13	4.11e-34	7.46e-26	1.57e-18	5.08e-12	1.65e-06	1.00e+00	2.52e-05	0.00e+00
 5.50739e+13	5.85e-34	9.95e-26	1.97e-18	5.96e-12	1.80e-06	1.00e+00	2.32e-05	0.00e+00
 5.70605e+13	8.10e-34	1.30e-25	2.42e-18	6.89e-12	1.94e-06	1.00e+00	2.15e-05	0.00e+00
 5.91860e+13	1.13e-33	1.71e-25	2.99e-18	8.00e-12	2.10e-06	1.00e+00	1.99e-05	0.00e+00
 6.15833e+13	1.63e-33	2.30e-25	3.77e-18	9.41e-12	2.29e-06	1.00e+00	1.82e-05	0.00e+00
 6.39553e+13	2.31e-33	3.06e-25	4.70e-18	1.10e-11	2.48e-06	1.00e+00	1.68e-05	0.00e+00
 6.64222e+13	3.29e-33	4.07e-25	5.86e-18	1.28e-11	2.69e-06	1.00e+00	1.55e-05	0.00e+00
 6.91090e+13	4.74e-33	5.49e-25	7.39e-18	1.50e-11	2.93e-06	1.00e+00	1.43e-05	0.00e+00
 7.19033e+13	6.86e-33	7.41e-25	9.32e-18	1.77e-11	3.18e-06	1.00e+00	1.31e-05	0.00e+00
 7.48094e+13	9.91e-33	1.00e-24	1.18e-17	2.08e-11	3.46e-06	1.00e+00	1.21e-05	0.00e+00
 7.76621e+13	1.41e-32	1.33e-24	1.46e-17	2.42e-11	3.75e-06	1.00e+00	1.12e-05	0.00e+00
 8.03160e+13	1.93e-32	1.72e-24	1.78e-17	2.77e-11	4.02e-06	1.00e+00	1.04e-05	0.00e+00
 8.32458e+13	2.70e-32	2.26e-24	2.20e-17	3.20e-11	4.34e-06	1.00e+00	9.66e-06	0.00e+00
 8.62567e+13	3.77e-32	2.96e-24	2.71e-17	3.69e-11	4.67e-06	1.00e+00	8.97e-06	0.00e+00
 8.87801e+13	4.95e-32	3.69e-24	3.21e-17	4.15e-11	4.96e-06	1.00e+00	8.44e-06	0.00e+00
 9.14467e+13	6.55e-32	4.63e-24	3.82e-17	4.67e-11	5.28e-06	1.00e+00	7.94e-06	0.00e+00
 9.48280e+13	9.25e-32	6.12e-24	4.73e-17	5.41e-11	5.69e-06	1.00e+00	7.37e-06	0.00e+00
 9.83543e+13	1.31e-31	8.10e-24	5.86e-17	6.26e-11	6.14e-06	1.00e+00	6.83e-06	0.00e+00
 1.01487e+14	1.77e-31	1.03e-23	7.06e-17	7.11e-11	6.55e-06	1.00e+00	6.40e-06	0.00e+00
 1.04891e+14	2.42e-31	1.33e-23	8.57e-17	8.11e-11	7.01e-06	1.00e+00	5.98e-06	0.00e+00
 1.08684e+14	3.40e-31	1.75e-23	1.06e-16	9.36e-11	7.55e-06	1.00e+00	5.56e-06	0.00e+00
 1.12226e+14	4.64e-31	2.25e-23	1.28e-16	1.06e-10	8.06e-06	1.00e+00	5.21e-06	0.00e+00
 1.16074e+14	6.42e-31	2.93e-23	1.56e-16	1.22e-10	8.64e-06	1.00e+00	4.86e-06	0.00e+00
 1.20365e+14	9.10e-31	3.88e-23	1.93e-16	1.41e-10	9.31e-06	1.00e+00	4.51e-06	0.00e+00
 1.24382e+14	1.25e-30	5.01e-23	2.35e-16	1.61e-10	9.95e-06	1.00e+00	4.22e-06	0.00e+00
 1.28755e+14	1.75e-30	6.57e-23	2.88e-16	1.85e-10	1.07e-05	1.00e+00	3.94e-06	0.00e+00
 1.33639e+14	2.51e-30	8.78e-23	3.59e-16	2.14e-10	1.15e-05	1.00e+00	3.65e-06	0.00e+00
 1.38228e+14	3.50e-30	1.14e-22	4.39e-16	2.45e-10	1.23e-05	1.00e+00	3.41e-06	0.00e+00
 1.43228e+14	4.95e-30	1.51e-22	5.42e-16	2.83e-10	1.32e-05	1.00e+00	3.17e-06	0.00e+00
 1.48824e+14	7.19e-30	2.04e-22	6.80e-16	3.29e-10	1.43e-05	1.00e+00	2.94e-06	0.00e+00
 1.54122e+14	1.01e-29	2.69e-22	8.37e-16	3.79e-10	1.54e-05	1.00e+00	2.74e-06	0.00e+00
 1.59796e+14	1.45e-29	3.58e-22	1.04e-15	4.38e-10	1.65e-05	1.00e+00	2.54e-06	0.00e+00
 1.66218e+14	2.13e-29	4.88e-22	1.31e-15	5.12e-10	1.79e-05	1.00e+00	2.35e-06	0.00e+00
 1.72536e+14	3.07e-29	6.55e-22	1.64e-15	5.95e-10	1.93e-05	1.00e+00	2.18e-06	0.00e+00
 1.79108e+14	4.44e-29	8.81e-22	2.05e-15	6.90e-10	2.08e-05	1.00e+00	2.02e-06	0.00e+00
 1.86302e+14	6.54e-29	1.20e-21	2.59e-15	8.08e-10	2.25e-05	1.00e+00	1.87e-06	0.00e+00
 1.93613e+14	9.55e-29	1.63e-21	3.25e-15	9.42e-10	2.43e-05	1.00e+00	1.73e-06	0.00e+00
 2.01216e+14	1.40e-28	2.21e-21	4.09e-15	1.10e-09	2.63e-05	1.00e+00	1.60e-06	0.00e+00
 2.08829e+14	2.01e-28	2.96e-21	5.10e-15	1.27e-09	2.83e-05	1.00e+00	1.48e-06	0.00e+00
 2.16036e+14	2.81e-28	3.86e-21	6.24e-15	1.46e-09	3.03e-05	1.00e+00	1.39e-06	0.00e+00
 2.23998e+14	4.00e-28	5.14e-21	7.74e-15	1.69e-09	3.26e-05	1.00e+00	1.29e-06	0.00e+00
 2.31969e+14	5.64e-28	6.77e-21	9.53e-15	1.94e-09	3.50e-05	1.00e+00	1.20e-06	0.00e+00
 2.38578e+14	7.43e-28	8.44e-21	1.13e-14	2.17e-09	3.71e-05	1.00e+00	1.13e-06	0.00e+00
 2.45582e+14	9.86e-28	1.06e-20	1.34e-14	2.44e-09	3.93e-05	1.00e+00	1.07e-06	0.00e+00
 2.54547e+14	1.40e-27	1.40e-20	1.66e-14	2.82e-09	4.23e-05	1.00e+00	9.94e-07	0.00e+00
 2.63949e+14	1.99e-27	1.87e-20	2.05e-14	3.26e-09	4.55e-05	1.00e+00	0.00e+00	0.00e+00
 2.72265e+14	2.70e-27	2.38e-20	2.47e-14	3.69e-09	4.85e-05	1.00e+00	0.00e+00	0.00e+00
 2.81277e+14	3.70e-27	3.07e-20	3.00e-14	4.20e-09	5.18e-05	1.00e+00	0.00e+00	0.00e+00
 2.92113e+14	5.34e-27	4.13e-20	3.75e-14	4.89e-09	5.60e-05	1.00e+00	0.00e+00	0.00e+00
 3.03078e+14	7.64e-27	5.51e-20	4.67e-14	5.67e-09	6.04e-05	1.00e+00	0.00e+00	0.00e+00
 3.13336e+14	1.06e-26	7.15e-20	5.70e-14	6.48e-09	6.46e-05	1.00e+00	0.00e+00	0.00e+00
 3.24753e+14	1.49e-26	9.46e-20	7.05e-14	7.49e-09	6.96e-05	1.00e+00	0.00e+00	0.00e+00
 3.36872e+14	2.13e-26	1.26e-19	8.76e-14	8.67e-09	7.50e-05	1.00e+00	0.00e+00	0.00e+00
 3.47643e+14	2.89e-26	1.61e-19	1.06e-13	9.84e-09	8.00e-05	1.00e+00	0.00e+00	0.00e+00
 3.59222e+14	3.96e-26	2.08e-19	1.28e-13	1.12e-08	8.56e-05	1.00e+00	0.00e+00	0.00e+00
 3.73097e+14	5.72e-26	2.80e-19	1.61e-13	1.31e-08	9.26e-05	1.00e+00	0.00e+00	0.00e+00
 3.86753e+14	8.09e-26	3.70e-19	1.99e-13	1.51e-08	9.97e-05	1.00e+00	0.00e+00	0.00e+00
 3.98916e+14	1.09e-25	4.71e-19	2.39e-13	1.71e-08	1.06e-04	1.00e+00	0.00e+00	0.00e+00
 4.12339e+14	1.50e-25	6.10e-19	2.91e-13	1.96e-08	1.14e-04	1.00e+00	0.00e+00	0.00e+00
 4.28340e+14	2.17e-25	8.20e-19	3.65e-13	2.28e-08	1.23e-04	1.00e+00	0.00e+00	0.00e+00
 4.44208e+14	3.08e-25	1.09e-18	4.53e-13	2.64e-08	1.33e-04	1.00e+00	0.00e+00	0.00e+00
 4.58698e+14	4.20e-25	1.40e-18	5.48e-13	3.00e-08	1.42e-04	1.00e+00	0.00e+00	0.00e+00
 4.74875e+14	5.85e-25	1.83e-18	6.73e-13	3.45e-08	1.52e-04	1.00e+00	0.00e+00	0.00e+00
 4.93714e+14	8.51e-25	2.48e-18	8.48e-13	4.04e-08	1.65e-04	1.00e+00	0.00e+00	0.00e+00
 5.12225e+14	1.21e-24	3.30e-18	1.05e-12	4.68e-08	1.78e-04	1.00e+00	0.00e+00	0.00e+00
 5.29717e+14	1.68e-24	4.28e-18	1.29e-12	5.36e-08	1.91e-04	1.00e+00	0.00e+00	0.00e+00
 5.49175e+14	2.37e-24	5.67e-18	1.59e-12	6.20e-08	2.06e-04	1.00e+00	0.00e+00	0.00e+00
 5.71172e+14	3.46e-24	7.68e-18	2.01e-12	7.26e-08	2.23e-04	1.00e+00	0.00e+00	0.00e+00
 5.92013e+14	4.90e-24	1.02e-17	2.49e-12	8.38e-08	2.40e-04	1.00e+00	0.00e+00	0.00e+00
 6.10963e+14	6.64e-24	1.30e-17	3.00e-12	9.51e-08	2.56e-04	1.00e+00	0.00e+00	0.00e+00
 6.32407e+14	9.26e-24	1.70e-17	3.68e-12	1.09e-07	2.75e-04	1.00e+00	0.00e+00	0.00e+00
 6.57433e+14	1.35e-23	2.30e-17	4.63e-12	1.28e-07	2.98e-04	1.00e+00	0.00e+00	0.00e+00
 6.81446e+14	1.91e-23	3.04e-17	5.73e-12	1.47e-07	3.20e-04	1.00e+00	0.00e+00	0.00e+00
 7.03133e+14	2.58e-23	3.88e-17	6.89e-12	1.67e-07	3.41e-04	1.00e+00	0.00e+00	0.00e+00
 7.23553e+14	3.41e-23	4.86e-17	8.17e-12	1.87e-07	3.62e-04	1.00e+00	0.00e+00	0.00e+00
 7.46183e+14	4.59e-23	6.17e-17	9.81e-12	2.12e-07	3.86e-04	1.00e+00	0.00e+00	0.00e+00
 7.71486e+14	6.34e-23	8.01e-17	1.20e-11	2.42e-07	4.13e-04	1.00e+00	0.00e+00	0.00e+00
 7.95385e+14	8.52e-23	1.02e-16	1.43e-11	2.74e-07	4.39e-04	1.00e+00	0.00e+00	0.00e+00
 8.21578e+14	1.17e-22	1.31e-16	1.74e-11	3.12e-07	4.69e-04	1.00e+00	0.00e+00	0.00e+00
 8.50903e+14	1.64e-22	1.72e-16	2.14e-11	3.59e-07	5.04e-04	9.99e-01	0.00e+00	0.00e+00
 8.78574e+14	2.24e-22	2.21e-16	2.58e-11	4.08e-07	5.38e-04	9.99e-01	0.00e+00	0.00e+00
 9.08820e+14	3.11e-22	2.89e-16	3.16e-11	4.67e-07	5.77e-04	9.99e-01	0.00e+00	0.00e+00
 9.42253e+14	4.42e-22	3.83e-16	3.92e-11	5.40e-07	6.21e-04	9.99e-01	0.00e+00	0.00e+00
 9.73115e+14	6.06e-22	4.93e-16	4.74e-11	6.14e-07	6.63e-04	9.99e-01	0.00e+00	0.00e+00
 1.00652e+15	8.40e-22	6.42e-16	5.79e-11	7.02e-07	7.10e-04	9.99e-01	0.00e+00	0.00e+00
 1.04387e+15	1.20e-21	8.55e-16	7.19e-11	8.13e-07	7.64e-04	9.99e-01	0.00e+00	0.00e+00
 1.07897e+15	1.65e-21	1.11e-15	8.75e-11	9.28e-07	8.18e-04	9.99e-01	0.00e+00	0.00e+00
 1.11723e+15	2.32e-21	1.45e-15	1.08e-10	1.07e-06	8.78e-04	9.99e-01	0.00e+00	0.00e+00
 1.15978e+15	3.32e-21	1.94e-15	1.34e-10	1.24e-06	9.48e-04	9.99e-01	0.00e+00	0.00e+00
 1.19953e+15	4.62e-21	2.53e-15	1.64e-10	1.42e-06	1.01e-03	9.99e-01	0.00e+00	0.00e+00
 1.24274e+15	6.49e-21	3.33e-15	2.02e-10	1.63e-06	1.09e-03	9.99e-01	0.00e+00	0.00e+00
 1.29109e+15	9.36e-21	4.48e-15	2.53e-10	1.90e-06	1.18e-03	9.99e-01	0.00e+00	0.00e+00
 1.33692e+15	1.31e-20	5.88e-15	3.11e-10	2.19e-06	1.27e-03	9.99e-01	0.00e+00	0.00e+00
 1.38598e+15	1.85e-20	7.77e-15	3.85e-10	2.53e-06	1.37e-03	9.99e-01	0.00e+00	0.00e+00
 1.44145e+15	2.68e-20	1.05e-14	4.86e-10	2.96e-06	1.48e-03	9.99e-01	0.00e+00	0.00e+00
 1.49604e+15	3.81e-20	1.40e-14	6.05e-10	3.44e-06	1.60e-03	9.98e-01	0.00e+00	0.00e+00
 1.55282e+15	5.40e-20	1.86e-14	7.53e-10	4.00e-06	1.73e-03	9.98e-01	0.00e+00	0.00e+00
 1.61497e+15	7.80e-20	2.51e-14	9.48e-10	4.68e-06	1.88e-03	9.98e-01	0.00e+00	0.00e+00
 1.67631e+15	1.10e-19	3.33e-14	1.18e-09	5.44e-06	2.04e-03	9.98e-01	0.00e+00	0.00e+00
 1.72728e+15	1.46e-19	4.18e-14	1.41e-09	6.13e-06	2.17e-03	9.98e-01	0.00e+00	0.00e+00
 1.76847e+15	1.81e-19	4.98e-14	1.62e-09	6.74e-06	2.28e-03	9.98e-01	0.00e+00	0.00e+00
 1.81420e+15	2.28e-19	6.03e-14	1.88e-09	7.48e-06	2.41e-03	9.98e-01	0.00e+00	0.00e+00
 1.87364e+15	3.07e-19	7.68e-14	2.27e-09	8.52e-06	2.58e-03	9.97e-01	0.00e+00	0.00e+00
 1.93734e+15	4.15e-19	9.85e-14	2.75e-09	9.75e-06	2.78e-03	9.97e-01	0.00e+00	0.00e+00
 1.99382e+15	5.37e-19	1.22e-13	3.26e-09	1.09e-05	2.96e-03	9.97e-01	0.00e+00	0.00e+00
 2.05446e+15	7.02e-19	1.52e-13	3.88e-09	1.24e-05	3.16e-03	9.97e-01	0.00e+00	0.00e+00
 2.13052e+15	9.69e-19	1.99e-13	4.79e-09	1.43e-05	3.42e-03	9.97e-01	0.00e+00	0.00e+00
 2.20774e+15	1.33e-18	2.58e-13	5.89e-09	1.65e-05	3.70e-03	9.96e-01	0.00e+00	0.00e+00
 2.27460e+15	1.72e-18	3.20e-13	7.00e-09	1.86e-05	3.95e-03	9.96e-01	0.00e+00	0.00e+00
 2.34689e+15	2.25e-18	4.01e-13	8.39e-09	2.12e-05	4.23e-03	9.96e-01	0.00e+00	0.00e+00
 2.43552e+15	3.11e-18	5.24e-13	1.04e-08	2.46e-05	4.60e-03	9.95e-01	0.00e+00	0.00e+00
 2.52505e+15	4.24e-18	6.79e-13	1.28e-08	2.85e-05	4.98e-03	9.95e-01	0.00e+00	0.00e+00
 2.60458e+15	5.51e-18	8.47e-13	1.53e-08	3.22e-05	5.34e-03	9.95e-01	0.00e+00	0.00e+00
 2.69149e+15	7.28e-18	1.07e-12	1.85e-08	3.68e-05	5.75e-03	9.94e-01	0.00e+00	0.00e+00
 2.79543e+15	1.00e-17	1.40e-12	2.31e-08	4.29e-05	6.27e-03	9.94e-01	0.00e+00	0.00e+00
 2.89827e+15	1.36e-17	1.81e-12	2.85e-08	4.97e-05	6.80e-03	9.93e-01	0.00e+00	0.00e+00
 2.99102e+15	1.77e-17	2.27e-12	3.42e-08	5.64e-05	7.31e-03	9.93e-01	0.00e+00	0.00e+00
 3.09392e+15	2.35e-17	2.88e-12	4.16e-08	6.47e-05	7.89e-03	9.92e-01	0.00e+00	0.00e+00
 3.21513e+15	3.24e-17	3.78e-12	5.20e-08	7.55e-05	8.61e-03	9.91e-01	0.00e+00	0.00e+00
 3.33475e+15	4.38e-17	4.89e-12	6.42e-08	8.75e-05	9.36e-03	9.91e-01	0.00e+00	0.00e+00
 3.44577e+15	5.75e-17	6.16e-12	7.77e-08	9.98e-05	1.01e-02	9.90e-01	0.00e+00	0.00e+00
 3.57026e+15	7.72e-17	7.92e-12	9.56e-08	1.15e-04	1.09e-02	9.89e-01	0.00e+00	0.00e+00
 3.71310e+15	1.07e-16	1.05e-11	1.20e-07	1.35e-04	1.20e-02	9.88e-01	0.00e+00	0.00e+00
 3.85365e+15	1.67e-16	1.36e-11	1.49e-07	1.57e-04	1.30e-02	9.87e-01	0.00e+00	0.00e+00
 3.99983e+15	2.29e-16	1.77e-11	1.86e-07	1.82e-04	1.42e-02	9.86e-01	0.00e+00	0.00e+00
 4.13299e+15	3.01e-16	2.23e-11	2.25e-07	2.07e-04	1.53e-02	9.85e-01	0.00e+00	0.00e+00
 4.23233e+15	3.67e-16	2.64e-11	2.59e-07	2.28e-04	1.61e-02	9.84e-01	0.00e+00	0.00e+00
 4.33496e+15	4.48e-16	3.13e-11	2.98e-07	2.51e-04	1.70e-02	9.83e-01	0.00e+00	0.00e+00
 4.46839e+15	5.78e-16	3.90e-11	3.57e-07	2.83e-04	1.82e-02	9.82e-01	0.00e+00	0.00e+00
 4.61282e+15	7.55e-16	4.89e-11	4.31e-07	3.22e-04	1.96e-02	9.80e-01	0.00e+00	0.00e+00
 4.74316e+15	9.52e-16	5.96e-11	5.07e-07	3.60e-04	2.08e-02	9.79e-01	0.00e+00	0.00e+00
 4.88419e+15	1.22e-15	7.37e-11	6.04e-07	4.05e-04	2.23e-02	9.77e-01	0.00e+00	0.00e+00
 5.06320e+15	1.66e-15	9.57e-11	7.50e-07	4.68e-04	2.42e-02	9.75e-01	0.00e+00	0.00e+00
 5.24341e+15	2.22e-15	1.23e-10	9.24e-07	5.39e-04	2.62e-02	9.73e-01	0.00e+00	0.00e+00
 5.39472e+15	2.82e-15	1.51e-10	1.09e-06	6.03e-04	2.79e-02	9.72e-01	0.00e+00	0.00e+00
 5.55662e+15	3.63e-15	1.88e-10	1.31e-06	6.79e-04	2.98e-02	9.70e-01	0.00e+00	0.00e+00
 5.76110e+15	4.96e-15	2.45e-10	1.63e-06	7.86e-04	3.23e-02	9.67e-01	0.00e+00	0.00e+00
 5.97546e+15	6.76e-15	3.20e-10	2.03e-06	9.11e-04	3.51e-02	9.64e-01	0.00e+00	0.00e+00
 6.16810e+15	8.83e-15	4.02e-10	2.45e-06	1.03e-03	3.77e-02	9.61e-01	0.00e+00	0.00e+00
 6.37800e+15	1.18e-14	5.15e-10	3.00e-06	1.18e-03	4.06e-02	9.58e-01	0.00e+00	0.00e+00
 6.62658e+15	1.65e-14	6.85e-10	3.79e-06	1.38e-03	4.42e-02	9.54e-01	0.00e+00	0.00e+00
 6.86984e+15	2.24e-14	8.94e-10	4.71e-06	1.60e-03	4.78e-02	9.51e-01	0.00e+00	0.00e+00
 7.09050e+15	2.94e-14	1.13e-09	5.71e-06	1.81e-03	5.13e-02	9.47e-01	0.00e+00	0.00e+00
 7.33740e+15	3.96e-14	1.46e-09	7.03e-06	2.08e-03	5.53e-02	9.43e-01	0.00e+00	0.00e+00
 7.62650e+15	5.57e-14	1.95e-09	8.92e-06	2.43e-03	6.02e-02	9.37e-01	0.00e+00	0.00e+00
 7.91024e+15	7.64e-14	2.55e-09	1.11e-05	2.82e-03	6.52e-02	9.32e-01	0.00e+00	0.00e+00
 8.17522e+15	1.02e-13	3.26e-09	1.36e-05	3.22e-03	7.00e-02	9.27e-01	0.00e+00	0.00e+00
 8.47215e+15	1.39e-13	4.26e-09	1.69e-05	3.71e-03	7.57e-02	9.21e-01	0.00e+00	0.00e+00
 8.75688e+15	1.86e-13	5.46e-09	2.07e-05	4.24e-03	8.13e-02	9.14e-01	0.00e+00	0.00e+00
 8.96825e+15	2.29e-13	6.54e-09	2.40e-05	4.67e-03	8.57e-02	9.10e-01	0.00e+00	0.00e+00
 9.18165e+15	2.83e-13	7.83e-09	2.78e-05	5.14e-03	9.01e-02	9.05e-01	0.00e+00	0.00e+00
 9.45906e+15	3.72e-13	9.86e-09	3.34e-05	5.80e-03	9.59e-02	8.98e-01	0.00e+00	0.00e+00
 9.75870e+15	4.92e-13	1.25e-08	4.05e-05	6.58e-03	1.03e-01	8.91e-01	0.00e+00	0.00e+00
 1.00268e+16	6.25e-13	1.53e-08	4.77e-05	7.33e-03	1.09e-01	8.84e-01	0.00e+00	0.00e+00
 1.03148e+16	8.10e-13	1.91e-08	5.69e-05	8.22e-03	1.15e-01	8.77e-01	0.00e+00	0.00e+00
 1.06871e+16	1.12e-12	2.52e-08	7.10e-05	9.51e-03	1.24e-01	8.66e-01	0.00e+00	0.00e+00
 1.10627e+16	1.53e-12	3.27e-08	8.79e-05	1.09e-02	1.33e-01	8.56e-01	0.00e+00	0.00e+00
 1.13681e+16	1.95e-12	4.03e-08	1.04e-04	1.22e-02	1.41e-01	8.47e-01	0.00e+00	0.00e+00
 1.16888e+16	2.53e-12	5.01e-08	1.24e-04	1.37e-02	1.50e-01	8.37e-01	0.00e+00	0.00e+00
 1.21057e+16	3.49e-12	6.58e-08	1.54e-04	1.57e-02	1.61e-01	8.24e-01	0.00e+00	0.00e+00
 1.25398e+16	4.82e-12	8.64e-08	1.92e-04	1.82e-02	1.72e-01	8.09e-01	0.00e+00	0.00e+00
 1.29075e+16	6.25e-12	1.08e-07	2.29e-04	2.04e-02	1.83e-01	7.97e-01	0.00e+00	0.00e+00
 1.32971e+16	8.26e-12	1.36e-07	2.76e-04	2.30e-02	1.94e-01	7.83e-01	0.00e+00	0.00e+00
 1.37876e+16	1.16e-11	1.82e-07	3.48e-04	2.67e-02	2.08e-01	7.65e-01	0.00e+00	0.00e+00
 1.42737e+16	1.58e-11	2.36e-07	4.31e-04	3.07e-02	2.22e-01	7.47e-01	0.00e+00	0.00e+00
 1.46756e+16	2.04e-11	2.93e-07	5.14e-04	3.44e-02	2.34e-01	7.31e-01	0.00e+00	0.00e+00
 1.51036e+16	2.69e-11	3.69e-07	6.18e-04	3.87e-02	2.47e-01	7.14e-01	0.00e+00	0.00e+00
 1.55846e+16	3.59e-11	4.71e-07	7.52e-04	4.39e-02	2.61e-01	6.94e-01	0.00e+00	0.00e+00
 1.60428e+16	4.70e-11	5.92e-07	9.06e-04	4.94e-02	2.75e-01	6.74e-01	0.00e+00	0.00e+00
 1.64432e+16	5.88e-11	7.17e-07	1.06e-03	5.46e-02	2.87e-01	6.57e-01	0.00e+00	0.00e+00
 1.68598e+16	7.50e-11	8.79e-07	1.25e-03	6.05e-02	3.00e-01	6.38e-01	0.00e+00	0.00e+00
 1.73113e+16	9.56e-11	1.08e-06	1.48e-03	6.73e-02	3.13e-01	6.18e-01	0.00e+00	0.00e+00
 1.77288e+16	1.20e-10	1.31e-06	1.72e-03	7.41e-02	3.25e-01	5.99e-01	0.00e+00	0.00e+00
 1.81922e+16	1.54e-10	1.62e-06	2.05e-03	8.25e-02	3.39e-01	5.77e-01	0.00e+00	0.00e+00
 1.86867e+16	1.99e-10	2.01e-06	2.45e-03	9.20e-02	3.53e-01	5.53e-01	0.00e+00	0.00e+00
 1.91325e+16	2.49e-10	2.42e-06	2.86e-03	1.01e-01	3.64e-01	5.32e-01	0.00e+00	0.00e+00
 1.96229e+16	3.23e-10	3.01e-06	3.40e-03	1.12e-01	3.77e-01	5.07e-01	0.00e+00	0.00e+00
 2.01501e+16	4.16e-10	3.74e-06	4.07e-03	1.25e-01	3.90e-01	4.81e-01	0.00e+00	0.00e+00
 2.06346e+16	5.28e-10	4.57e-06	4.80e-03	1.38e-01	4.01e-01	4.56e-01	0.00e+00	0.00e+00
 2.10811e+16	6.54e-10	5.48e-06	5.56e-03	1.51e-01	4.10e-01	4.34e-01	0.00e+00	0.00e+00
 2.15688e+16	8.35e-10	6.72e-06	6.56e-03	1.66e-01	4.19e-01	4.09e-01	0.00e+00	0.00e+00
 2.20886e+16	1.07e-09	8.29e-06	7.80e-03	1.82e-01	4.28e-01	3.82e-01	0.00e+00	0.00e+00
 2.25377e+16	1.32e-09	9.89e-06	9.02e-03	1.98e-01	4.34e-01	3.59e-01	0.00e+00	0.00e+00
 2.29453e+16	1.61e-09	1.16e-05	1.03e-02	2.13e-01	4.38e-01	3.39e-01	0.00e+00	0.00e+00
 2.34111e+16	2.05e-09	1.42e-05	1.21e-02	2.32e-01	4.42e-01	3.14e-01	0.00e+00	0.00e+00
 2.39095e+16	2.59e-09	1.73e-05	1.42e-02	2.52e-01	4.44e-01	2.90e-01	0.00e+00	0.00e+00
 2.43245e+16	3.15e-09	2.04e-05	1.63e-02	2.71e-01	4.44e-01	2.69e-01	0.00e+00	0.00e+00
 2.46685e+16	3.77e-09	2.36e-05	1.83e-02	2.87e-01	4.43e-01	2.52e-01	0.00e+00	0.00e+00
 2.50460e+16	4.62e-09	2.79e-05	2.08e-02	3.06e-01	4.40e-01	2.33e-01	0.00e+00	0.00e+00
 2.54562e+16	5.65e-09	3.29e-05	2.39e-02	3.26e-01	4.36e-01	2.14e-01	0.00e+00	0.00e+00
 2.58212e+16	6.90e-09	3.87e-05	2.71e-02	3.46e-01	4.31e-01	1.96e-01	0.00e+00	0.00e+00
 2.61426e+16	8.21e-09	4.46e-05	3.03e-02	3.64e-01	4.25e-01	1.81e-01	0.00e+00	0.00e+00
 2.64949e+16	9.96e-09	5.22e-05	3.44e-02	3.84e-01	4.16e-01	1.65e-01	0.00e+00	0.00e+00
 2.68695e+16	1.25e-08	6.25e-05	3.94e-02	4.06e-01	4.06e-01	1.48e-01	0.00e+00	0.00e+00
 2.71827e+16	1.47e-08	7.16e-05	4.40e-02	4.25e-01	3.96e-01	1.35e-01	0.00e+00	0.00e+00
 2.74519e+16	1.69e-08	8.03e-05	4.86e-02	4.42e-01	3.86e-01	1.24e-01	0.00e+00	0.00e+00
 2.77542e+16	2.14e-08	9.61e-05	5.48e-02	4.63e-01	3.72e-01	1.10e-01	0.00e+00	0.00e+00
 2.80635e+16	2.56e-08	1.11e-04	6.16e-02	4.83e-01	3.58e-01	9.80e-02	0.00e+00	0.00e+00
 2.83168e+16	3.08e-08	1.28e-04	6.82e-02	5.00e-01	3.44e-01	8.78e-02	0.00e+00	0.00e+00
 2.85366e+16	3.43e-08	1.41e-04	7.42e-02	5.15e-01	3.31e-01	7.97e-02	0.00e+00	0.00e+00
 2.87782e+16	4.06e-08	1.61e-04	8.20e-02	5.31e-01	3.16e-01	7.06e-02	0.00e+00	0.00e+00
 2.90336e+16	4.88e-08	1.86e-04	9.10e-02	5.49e-01	2.98e-01	6.15e-02	0.00e+00	0.00e+00
 2.92447e+16	6.07e-08	2.17e-04	1.00e-01	5.64e-01	2.82e-01	5.37e-02	0.00e+00	0.00e+00
 2.94129e+16	6.64e-08	2.35e-04	1.07e-01	5.75e-01	2.69e-01	4.84e-02	0.00e+00	0.00e+00
 2.95871e+16	7.66e-08	2.62e-04	1.16e-01	5.87e-01	2.54e-01	4.26e-02	0.00e+00	0.00e+00
 2.97781e+16	8.97e-08	2.96e-04	1.26e-01	6.00e-01	2.37e-01	3.67e-02	0.00e+00	0.00e+00
 2.99455e+16	1.04e-07	3.31e-04	1.36e-01	6.11e-01	2.21e-01	3.17e-02	0.00e+00	0.00e+00
 3.00843e+16	1.19e-07	3.66e-04	1.44e-01	6.20e-01	2.07e-01	2.77e-02	0.00e+00	0.00e+00
 3.02100e+16	1.35e-07	4.01e-04	1.53e-01	6.28e-01	1.94e-01	2.42e-02	0.00e+00	0.00e+00
 3.03521e+16	1.62e-07	4.58e-04	1.64e-01	6.37e-01	1.78e-01	2.03e-02	0.00e+00	0.00e+00
 3.04942e+16	1.84e-07	5.04e-04	1.75e-01	6.45e-01	1.63e-01	1.70e-02	0.00e+00	0.00e+00
 3.06055e+16	2.01e-07	5.40e-04	1.83e-01	6.51e-01	1.50e-01	1.45e-02	0.00e+00	0.00e+00
 3.07035e+16	2.33e-07	5.96e-04	1.92e-01	6.56e-01	1.38e-01	1.23e-02	0.00e+00	0.00e+00
 3.07834e+16	2.53e-07	6.34e-04	1.99e-01	6.60e-01	1.29e-01	1.08e-02	0.00e+00	0.00e+00
 3.08448e+16	2.69e-07	6.65e-04	2.05e-01	6.63e-01	1.22e-01	9.67e-03	0.00e+00	0.00e+00
 3.09141e+16	2.92e-07	7.06e-04	2.12e-01	6.66e-01	1.13e-01	8.42e-03	0.00e+00	0.00e+00
 3.09920e+16	3.20e-07	7.53e-04	2.19e-01	6.69e-01	1.04e-01	7.16e-03	0.00e+00	0.00e+00
 3.10646e+16	3.42e-07	7.91e-04	2.26e-01	6.72e-01	9.57e-02	6.12e-03	0.00e+00	0.00e+00
 3.11424e+16	3.83e-07	8.58e-04	2.34e-01	6.74e-01	8.64e-02	5.02e-03	0.00e+00	0.00e+00
 3.12185e+16	4.19e-07	9.14e-04	2.42e-01	6.75e-01	7.80e-02	4.14e-03	0.00e+00	0.00e+00
 3.12789e+16	4.50e-07	9.61e-04	2.47e-01	6.77e-01	7.15e-02	3.51e-03	0.00e+00	0.00e+00
 3.13438e+16	4.87e-07	1.02e-03	2.54e-01	6.77e-01	6.45e-02	2.89e-03	0.00e+00	0.00e+00
 3.14282e+16	5.41e-07	1.10e-03	2.63e-01	6.78e-01	5.60e-02	2.21e-03	0.00e+00	0.00e+00
 3.15131e+16	5.97e-07	1.18e-03	2.71e-01	6.78e-01	4.83e-02	1.67e-03	0.00e+00	0.00e+00
 3.15820e+16	6.47e-07	1.25e-03	2.78e-01	6.77e-01	4.25e-02	1.31e-03	0.00e+00	0.00e+00
 3.16546e+16	7.07e-07	1.33e-03	2.85e-01	6.76e-01	3.67e-02	1.00e-03	0.00e+00	0.00e+00
 3.17490e+16	7.86e-07	1.43e-03	2.94e-01	6.74e-01	3.03e-02	6.95e-04	0.00e+00	0.00e+00
 3.18495e+16	8.77e-07	1.54e-03	3.03e-01	6.71e-01	2.46e-02	4.69e-04	0.00e+00	0.00e+00
 3.19410e+16	9.67e-07	1.65e-03	3.10e-01	6.67e-01	2.02e-02	3.24e-04	0.00e+00	0.00e+00
 3.20430e+16	1.07e-06	1.77e-03	3.19e-01	6.63e-01	1.62e-02	2.12e-04	0.00e+00	0.00e+00
 3.21756e+16	1.22e-06	1.94e-03	3.29e-01	6.57e-01	1.22e-02	1.22e-04	0.00e+00	0.00e+00
 3.23480e+16	1.43e-06	2.16e-03	3.41e-01	6.48e-01	8.45e-03	6.06e-05	0.00e+00	0.00e+00
 3.25412e+16	1.69e-06	2.41e-03	3.54e-01	6.38e-01	5.76e-03	2.87e-05	0.00e+00	0.00e+00
 3.27613e+16	2.03e-06	2.72e-03	3.68e-01	6.26e-01	3.80e-03	1.26e-05	0.00e+00	0.00e+00
 3.30475e+16	2.55e-06	3.17e-03	3.86e-01	6.09e-01	2.31e-03	4.68e-06	0.00e+00	0.00e+00
 3.34196e+16	3.45e-06	3.87e-03	4.10e-01	5.85e-01	1.28e-03	1.43e-06	0.00e+00	0.00e+00
 3.37917e+16	4.77e-06	4.80e-03	4.36e-01	5.58e-01	7.51e-04	4.91e-07	0.00e+00	0.00e+00
 3.40713e+16	6.18e-06	5.72e-03	4.58e-01	5.36e-01	5.18e-04	0.00e+00	0.00e+00	0.00e+00
 3.42995e+16	7.69e-06	6.63e-03	4.77e-01	5.16e-01	3.84e-04	0.00e+00	0.00e+00	0.00e+00
 3.44839e+16	9.27e-06	7.52e-03	4.93e-01	5.00e-01	3.05e-04	0.00e+00	0.00e+00	0.00e+00
 3.46168e+16	1.07e-05	8.26e-03	5.05e-01	4.87e-01	2.58e-04	0.00e+00	0.00e+00	0.00e+00
 3.47527e+16	1.23e-05	9.11e-03	5.17e-01	4.73e-01	2.16e-04	0.00e+00	0.00e+00	0.00e+00
 3.49293e+16	1.49e-05	1.04e-02	5.35e-01	4.55e-01	1.71e-04	0.00e+00	0.00e+00	0.00e+00
 3.51099e+16	1.83e-05	1.20e-02	5.53e-01	4.35e-01	1.37e-04	0.00e+00	0.00e+00	0.00e+00
 3.52496e+16	2.17e-05	1.35e-02	5.68e-01	4.19e-01	1.14e-04	0.00e+00	0.00e+00	0.00e+00
 3.53633e+16	2.50e-05	1.48e-02	5.80e-01	4.05e-01	9.86e-05	0.00e+00	0.00e+00	0.00e+00
 3.54890e+16	2.93e-05	1.65e-02	5.94e-01	3.89e-01	8.32e-05	0.00e+00	0.00e+00	0.00e+00
 3.56524e+16	3.62e-05	1.92e-02	6.13e-01	3.68e-01	6.64e-05	0.00e+00	0.00e+00	0.00e+00
 3.57975e+16	4.45e-05	2.21e-02	6.29e-01	3.48e-01	5.47e-05	0.00e+00	0.00e+00	0.00e+00
 3.58817e+16	5.04e-05	2.41e-02	6.39e-01	3.37e-01	4.87e-05	0.00e+00	0.00e+00	0.00e+00
 3.59544e+16	5.61e-05	2.59e-02	6.48e-01	3.26e-01	4.37e-05	0.00e+00	0.00e+00	0.00e+00
 3.60489e+16	6.47e-05	2.86e-02	6.59e-01	3.12e-01	3.79e-05	0.00e+00	0.00e+00	0.00e+00
 3.61514e+16	7.58e-05	3.20e-02	6.71e-01	2.97e-01	3.25e-05	0.00e+00	0.00e+00	0.00e+00
 3.62390e+16	8.75e-05	3.53e-02	6.81e-01	2.83e-01	2.84e-05	0.00e+00	0.00e+00	0.00e+00
 3.63120e+16	9.88e-05	3.84e-02	6.90e-01	2.72e-01	2.53e-05	0.00e+00	0.00e+00	0.00e+00
 3.63914e+16	1.13e-04	4.21e-02	6.98e-01	2.59e-01	2.21e-05	0.00e+00	0.00e+00	0.00e+00
 3.64793e+16	1.32e-04	4.69e-02	7.08e-01	2.45e-01	1.91e-05	0.00e+00	0.00e+00	0.00e+00
 3.65576e+16	1.52e-04	5.18e-02	7.16e-01	2.32e-01	1.66e-05	0.00e+00	0.00e+00	0.00e+00
 3.66243e+16	1.72e-04	5.65e-02	7.22e-01	2.21e-01	1.47e-05	0.00e+00	0.00e+00	0.00e+00
 3.66964e+16	1.98e-04	6.21e-02	7.29e-01	2.09e-01	1.28e-05	0.00e+00	0.00e+00	0.00e+00
 3.67752e+16	2.31e-04	6.91e-02	7.35e-01	1.96e-01	1.10e-05	0.00e+00	0.00e+00	0.00e+00
 3.68436e+16	2.66e-04	7.62e-02	7.39e-01	1.84e-01	9.59e-06	0.00e+00	0.00e+00	0.00e+00
 3.69019e+16	3.00e-04	8.29e-02	7.43e-01	1.74e-01	8.48e-06	0.00e+00	0.00e+00	0.00e+00
 3.69657e+16	3.44e-04	9.10e-02	7.45e-01	1.63e-01	7.36e-06	0.00e+00	0.00e+00	0.00e+00
 3.70357e+16	4.02e-04	1.01e-01	7.47e-01	1.51e-01	6.27e-06	0.00e+00	0.00e+00	0.00e+00
 3.70972e+16	4.64e-04	1.12e-01	7.47e-01	1.41e-01	5.41e-06	0.00e+00	0.00e+00	0.00e+00
 3.71496e+16	5.26e-04	1.21e-01	7.46e-01	1.32e-01	4.75e-06	0.00e+00	0.00e+00	0.00e+00
 3.72067e+16	6.02e-04	1.33e-01	7.44e-01	1.22e-01	4.09e-06	0.00e+00	0.00e+00	0.00e+00
 3.72695e+16	7.06e-04	1.48e-01	7.40e-01	1.12e-01	3.44e-06	0.00e+00	0.00e+00	0.00e+00
 3.73251e+16	8.17e-04	1.63e-01	7.34e-01	1.02e-01	2.92e-06	0.00e+00	0.00e+00	0.00e+00
 3.73733e+16	9.26e-04	1.78e-01	7.27e-01	9.43e-02	2.52e-06	0.00e+00	0.00e+00	0.00e+00
 3.74264e+16	1.07e-03	1.95e-01	7.18e-01	8.56e-02	2.12e-06	0.00e+00	0.00e+00	0.00e+00
 3.74849e+16	1.26e-03	2.18e-01	7.05e-01	7.64e-02	1.74e-06	0.00e+00	0.00e+00	0.00e+00
 3.75371e+16	1.47e-03	2.41e-01	6.90e-01	6.82e-02	1.43e-06	0.00e+00	0.00e+00	0.00e+00
 3.75829e+16	1.69e-03	2.63e-01	6.74e-01	6.12e-02	1.20e-06	0.00e+00	0.00e+00	0.00e+00
 3.76334e+16	1.96e-03	2.89e-01	6.55e-01	5.38e-02	9.68e-07	0.00e+00	0.00e+00	0.00e+00
 3.76900e+16	2.35e-03	3.24e-01	6.28e-01	4.59e-02	0.00e+00	0.00e+00	0.00e+00	0.00e+00
 3.77423e+16	2.79e-03	3.59e-01	5.99e-01	3.89e-02	0.00e+00	0.00e+00	0.00e+00	0.00e+00
 3.77896e+16	3.25e-03	3.95e-01	5.69e-01	3.29e-02	0.00e+00	0.00e+00	0.00e+00	0.00e+00
 3.78427e+16	3.89e-03	4.39e-01	5.30e-01	2.68e-02	0.00e+00	0.00e+00	0.00e+00	0.00e+00
 3.78989e+16	4.74e-03	4.91e-01	4.84e-01	2.08e-02	0.00e+00	0.00e+00	0.00e+00	0.00e+00
 3.79442e+16	5.60e-03	5.38e-01	4.40e-01	1.64e-02	0.00e+00	0.00e+00	0.00e+00	0.00e+00
 3.79793e+16	6.38e-03	5.75e-01	4.05e-01	1.34e-02	0.00e+00	0.00e+00	0.00e+00	0.00e+00
 3.80162e+16	7.30e-03	6.15e-01	3.67e-01	1.06e-02	0.00e+00	0.00e+00	0.00e+00	0.00e+00
 3.80577e+16	8.50e-03	6.62e-01	3.22e-01	7.92e-03	0.00e+00	0.00e+00	0.00e+00	0.00e+00
 3.80947e+16	9.82e-03	7.05e-01	2.80e-01	5.87e-03	0.00e+00	0.00e+00	0.00e+00	0.00e+00
 3.81247e+16	1.10e-02	7.38e-01	2.46e-01	4.50e-03	0.00e+00	0.00e+00	0.00e+00	0.00e+00
 3.81560e+16	1.25e-02	7.72e-01	2.12e-01	3.33e-03	0.00e+00	0.00e+00	0.00e+00	0.00e+00
 3.81904e+16	1.42e-02	8.07e-01	1.76e-01	2.30e-03	0.00e+00	0.00e+00	0.00e+00	0.00e+00
 3.82202e+16	1.61e-02	8.36e-01	1.46e-01	1.60e-03	0.00e+00	0.00e+00	0.00e+00	0.00e+00
 3.82441e+16	1.78e-02	8.57e-01	1.24e-01	1.16e-03	0.00e+00	0.00e+00	0.00e+00	0.00e+00
 3.82692e+16	1.97e-02	8.76e-01	1.03e-01	8.17e-04	0.00e+00	0.00e+00	0.00e+00	0.00e+00
 3.82969e+16	2.22e-02	8.95e-01	8.22e-02	5.33e-04	0.00e+00	0.00e+00	0.00e+00	0.00e+00
 3.83214e+16	2.47e-02	9.09e-01	6.57e-02	3.52e-04	0.00e+00	0.00e+00	0.00e+00	0.00e+00
 3.83414e+16	2.70e-02	9.19e-01	5.39e-02	2.45e-04	0.00e+00	0.00e+00	0.00e+00	0.00e+00
 3.83594e+16	2.92e-02	9.26e-01	4.46e-02	1.72e-04	0.00e+00	0.00e+00	0.00e+00	0.00e+00
 3.83800e+16	3.22e-02	9.32e-01	3.56e-02	1.13e-04	0.00e+00	0.00e+00	0.00e+00	0.00e+00
 3.84015e+16	3.56e-02	9.37e-01	2.75e-02	7.09e-05	0.00e+00	0.00e+00	0.00e+00	0.00e+00
 3.84191e+16	3.88e-02	9.39e-01	2.19e-02	4.69e-05	0.00e+00	0.00e+00	0.00e+00	0.00e+00
 3.84332e+16	4.16e-02	9.40e-01	1.81e-02	3.32e-05	0.00e+00	0.00e+00	0.00e+00	0.00e+00
 3.84475e+16	4.47e-02	9.40e-01	1.48e-02	2.31e-05	0.00e+00	0.00e+00	0.00e+00	0.00e+00
 3.84642e+16	4.86e-02	9.40e-01	1.16e-02	1.48e-05	0.00e+00	0.00e+00	0.00e+00	0.00e+00
 3.84805e+16	5.28e-02	9.38e-01	9.04e-03	9.38e-06	0.00e+00	0.00e+00	0.00e+00	0.00e+00
 3.84935e+16	5.66e-02	9.36e-01	7.30e-03	6.39e-06	0.00e+00	0.00e+00	0.00e+00	0.00e+00
 3.85045e+16	5.98e-02	9.34e-01	6.08e-03	4.57e-06	0.00e+00	0.00e+00	0.00e+00	0.00e+00
 3.85147e+16	6.33e-02	9.32e-01	5.11e-03	3.33e-06	0.00e+00	0.00e+00	0.00e+00	0.00e+00
 3.85243e+16	6.65e-02	9.29e-01	4.31e-03	2.45e-06	0.00e+00	0.00e+00	0.00e+00	0.00e+00
 3.85336e+16	7.00e-02	9.26e-01	3.65e-03	1.80e-06	0.00e+00	0.00e+00	0.00e+00	0.00e+00
 3.85407e+16	7.24e-02	9.24e-01	3.21e-03	1.43e-06	0.00e+00	0.00e+00	0.00e+00	0.00e+00
 3.85453e+16	7.43e-02	9.23e-01	2.95e-03	1.22e-06	0.00e+00	0.00e+00	0.00e+00	0.00e+00
 3.85496e+16	7.62e-02	9.21e-01	2.71e-03	1.05e-06	0.00e+00	0.00e+00	0.00e+00	0.00e+00
 3.85547e+16	7.84e-02	9.19e-01	2.46e-03	8.80e-07	0.00e+00	0.00e+00	0.00e+00	0.00e+00
 3.85601e+16	8.08e-02	9.17e-01	2.21e-03	0.00e+00	0.00e+00	0.00e+00	0.00e+00	0.00e+00
 3.85653e+16	8.33e-02	9.15e-01	2.00e-03	0.00e+00	0.00e+00	0.00e+00	0.00e+00	0.00e+00
 3.85702e+16	8.56e-02	9.13e-01	1.81e-03	0.00e+00	0.00e+00	0.00e+00	0.00e+00	0.00e+00
 3.85751e+16	8.80e-02	9.10e-01	1.64e-03	0.00e+00	0.00e+00	0.00e+00	0.00e+00	0.00e+00
 3.85799e+16	9.05e-02	9.08e-01	1.49e-03	0.00e+00	0.00e+00	0.00e+00	0.00e+00	0.00e+00
 3.85847e+16	9.30e-02	9.06e-01	1.35e-03	0.00e+00	0.00e+00	0.00e+00	0.00e+00	0.00e+00
 3.85895e+16	9.57e-02	9.03e-01	1.22e-03	0.00e+00	0.00e+00	0.00e+00	0.00e+00	0.00e+00
 3.85941e+16	9.86e-02	9.00e-01	1.10e-03	0.00e+00	0.00e+00	0.00e+00	0.00e+00	0.00e+00
 3.85988e+16	1.01e-01	8.98e-01	9.98e-04	0.00e+00	0.00e+00	0.00e+00	0.00e+00	0.00e+00
 3.86033e+16	1.04e-01	8.95e-01	9.04e-04	0.00e+00	0.00e+00	0.00e+00	0.00e+00	0.00e+00
 3.86078e+16	1.07e-01	8.92e-01	8.20e-04	0.00e+00	0.00e+00	0.00e+00	0.00e+00	0.00e+00
 3.86123e+16	1.10e-01	8.89e-01	7.41e-04	0.00e+00	0.00e+00	0.00e+00	0.00e+00	0.00e+00
 3.86167e+16	1.14e-01	8.86e-01	6.71e-04	0.00e+00	0.00e+00	0.00e+00	0.00e+00	0.00e+00
 3.86211e+16	1.17e-01	8.83e-01	6.07e-04	0.00e+00	0.00e+00	0.00e+00	0.00e+00	0.00e+00
 3.86254e+16	1.20e-01	8.79e-01	5.49e-04	0.00e+00	0.00e+00	0.00e+00	0.00e+00	0.00e+00
 3.86296e+16	1.24e-01	8.76e-01	4.96e-04	0.00e+00	0.00e+00	0.00e+00	0.00e+00	0.00e+00
 3.86338e+16	1.28e-01	8.72e-01	4.49e-04	0.00e+00	0.00e+00	0.00e+00	0.00e+00	0.00e+00
 3.86380e+16	1.32e-01	8.67e-01	4.06e-04	0.00e+00	0.00e+00	0.00e+00	0.00e+00	0.00e+00
 3.86422e+16	1.36e-01	8.63e-01	3.66e-04	0.00e+00	0.00e+00	0.00e+00	0.00e+00	0.00e+00
 3.86462e+16	1.41e-01	8.59e-01	3.31e-04	0.00e+00	0.00e+00	0.00e+00	0.00e+00	0.00e+00
 3.86502e+16	1.45e-01	8.54e-01	3.00e-04	0.00e+00	0.00e+00	0.00e+00	0.00e+00	0.00e+00
 3.86542e+16	1.50e-01	8.49e-01	2.71e-04	0.00e+00	0.00e+00	0.00e+00	0.00e+00	0.00e+00
 3.86581e+16	1.56e-01	8.44e-01	2.44e-04	0.00e+00	0.00e+00	0.00e+00	0.00e+00	0.00e+00
 3.86620e+16	1.61e-01	8.38e-01	2.20e-04	0.00e+00	0.00e+00	0.00e+00	0.00e+00	0.00e+00
 3.86659e+16	1.67e-01	8.32e-01	1.99e-04	0.00e+00	0.00e+00	0.00e+00	0.00e+00	0.00e+00
 3.86696e+16	1.74e-01	8.26e-01	1.80e-04	0.00e+00	0.00e+00	0.00e+00	0.00e+00	0.00e+00
 3.86733e+16	1.81e-01	8.19e-01	1.62e-04	0.00e+00	0.00e+00	0.00e+00	0.00e+00	0.00e+00
 3.86769e+16	1.88e-01	8.12e-01	1.47e-04	0.00e+00	0.00e+00	0.00e+00	0.00e+00	0.00e+00
 3.86805e+16	1.95e-01	8.05e-01	1.33e-04	0.00e+00	0.00e+00	0.00e+00	0.00e+00	0.00e+00
 3.86840e+16	2.04e-01	7.96e-01	1.20e-04	0.00e+00	0.00e+00	0.00e+00	0.00e+00	0.00e+00
 3.86874e+16	2.13e-01	7.87e-01	1.08e-04	0.00e+00	0.00e+00	0.00e+00	0.00e+00	0.00e+00
 3.86907e+16	2.22e-01	7.78e-01	9.79e-05	0.00e+00	0.00e+00	0.00e+00	0.00e+00	0.00e+00
 3.86939e+16	2.32e-01	7.68e-01	8.85e-05	0.00e+00	0.00e+00	0.00e+00	0.00e+00	0.00e+00
 3.86972e+16	2.42e-01	7.58e-01	8.00e-05	0.00e+00	0.00e+00	0.00e+00	0.00e+00	0.00e+00
 3.87003e+16	2.53e-01	7.47e-01	7.23e-05	0.00e+00	0.00e+00	0.00e+00	0.00e+00	0.00e+00
 3.87035e+16	2.65e-01	7.35e-01	6.52e-05	0.00e+00	0.00e+00	0.00e+00	0.00e+00	0.00e+00
 3.87066e+16	2.77e-01	7.23e-01	5.89e-05	0.00e+00	0.00e+00	0.00e+00	0.00e+00	0.00e+00
 3.87096e+16	2.90e-01	7.10e-01	5.31e-05	0.00e+00	0.00e+00	0.00e+00	0.00e+00	0.00e+00
 3.87125e+16	3.05e-01	6.95e-01	4.78e-05	0.00e+00	0.00e+00	0.00e+00	0.00e+00	0.00e+00
 3.87155e+16	3.20e-01	6.80e-01	4.31e-05	0.00e+00	0.00e+00	0.00e+00	0.00e+00	0.00e+00
