#depth	He	He+	He+2
 1.49634e+10	1.38e-23	1.75e-12	1.00e+00
 4.54887e+10	1.54e-23	1.90e-12	1.00e+00
 7.72350e+10	1.70e-23	2.05e-12	1.00e+00
 1.10251e+11	1.89e-23	2.22e-12	1.00e+00
 1.41122e+11	2.07e-23	2.38e-12	1.00e+00
 1.68436e+11	2.24e-23	2.53e-12	1.00e+00
 1.98966e+11	2.43e-23	2.70e-12	1.00e+00
 2.35511e+11	2.69e-23	2.91e-12	1.00e+00
 2.72167e+11	2.96e-23	3.14e-12	1.00e+00
 3.05983e+11	3.22e-23	3.35e-12	1.00e+00
 3.43813e+11	3.53e-23	3.59e-12	1.00e+00
 3.87462e+11	3.92e-23	3.89e-12	1.00e+00
 4.30091e+11	4.33e-23	4.19e-12	1.00e+00
 4.70724e+11	4.73e-23	4.48e-12	1.00e+00
 5.15779e+11	5.21e-23	4.82e-12	1.00e+00
 5.66337e+11	5.80e-23	5.22e-12	1.00e+00
 6.17457e+11	6.43e-23	5.64e-12	1.00e+00
 6.70622e+11	7.14e-23	6.09e-12	1.00e+00
 7.27373e+11	7.96e-23	6.59e-12	1.00e+00
 7.86395e+11	8.88e-23	7.13e-12	1.00e+00
 8.47778e+11	9.92e-23	7.72e-12	1.00e+00
 9.11616e+11	1.11e-22	8.36e-12	1.00e+00
 9.78007e+11	1.24e-22	9.05e-12	1.00e+00
 1.04705e+12	1.39e-22	9.80e-12	1.00e+00
 1.11886e+12	1.56e-22	1.06e-11	1.00e+00
 1.19354e+12	1.76e-22	1.15e-11	1.00e+00
 1.27121e+12	1.98e-22	1.25e-11	1.00e+00
 1.35199e+12	2.23e-22	1.35e-11	1.00e+00
 1.43103e+12	2.50e-22	1.45e-11	1.00e+00
 1.50416e+12	2.77e-22	1.56e-11	1.00e+00
 1.58517e+12	3.09e-22	1.67e-11	1.00e+00
 1.67851e+12	3.50e-22	1.81e-11	1.00e+00
 1.77026e+12	3.95e-22	1.96e-11	1.00e+00
 1.86568e+12	4.45e-22	2.11e-11	1.00e+00
 1.97024e+12	5.07e-22	2.29e-11	1.00e+00
 2.07634e+12	5.76e-22	2.48e-11	1.00e+00
 2.18669e+12	6.55e-22	2.69e-11	1.00e+00
 2.30409e+12	7.48e-22	2.91e-11	1.00e+00
 2.42618e+12	8.56e-22	3.16e-11	1.00e+00
 2.55315e+12	9.81e-22	3.43e-11	1.00e+00
 2.68520e+12	1.12e-21	3.73e-11	1.00e+00
 2.82254e+12	1.29e-21	4.05e-11	1.00e+00
 2.96536e+12	1.49e-21	4.40e-11	1.00e+00
 3.11391e+12	1.71e-21	4.78e-11	1.00e+00
 3.25374e+12	1.95e-21	5.15e-11	1.00e+00
 3.37904e+12	2.18e-21	5.50e-11	1.00e+00
 3.51978e+12	2.45e-21	5.91e-11	1.00e+00
 3.68627e+12	2.83e-21	6.42e-11	1.00e+00
 3.85272e+12	3.25e-21	6.95e-11	1.00e+00
 4.00928e+12	3.68e-21	7.47e-11	1.00e+00
 4.18303e+12	4.20e-21	8.08e-11	1.00e+00
 4.38028e+12	4.88e-21	8.80e-11	1.00e+00
 4.57713e+12	5.63e-21	9.56e-11	1.00e+00
 4.78185e+12	6.49e-21	1.04e-10	1.00e+00
 5.00305e+12	7.54e-21	1.13e-10	1.00e+00
 5.23310e+12	8.76e-21	1.24e-10	1.00e+00
 5.45016e+12	1.01e-20	1.34e-10	1.00e+00
 5.64556e+12	1.13e-20	1.43e-10	1.00e+00
 5.86547e+12	1.29e-20	1.55e-10	1.00e+00
 6.12453e+12	1.49e-20	1.69e-10	1.00e+00
 6.38252e+12	1.72e-20	1.84e-10	1.00e+00
 6.62509e+12	1.96e-20	1.98e-10	1.00e+00
 6.89429e+12	2.24e-20	2.15e-10	1.00e+00
 7.19998e+12	2.61e-20	2.36e-10	1.00e+00
 7.50115e+12	3.02e-20	2.57e-10	1.00e+00
 7.81435e+12	3.48e-20	2.80e-10	1.00e+00
 8.15686e+12	4.04e-20	3.07e-10	1.00e+00
 8.50133e+12	4.67e-20	3.36e-10	1.00e+00
 8.85958e+12	5.38e-20	3.68e-10	1.00e+00
 9.23114e+12	6.22e-20	4.03e-10	1.00e+00
 9.59683e+12	7.11e-20	4.39e-10	1.00e+00
 9.98988e+12	8.16e-20	4.81e-10	1.00e+00
 1.04194e+13	9.44e-20	5.29e-10	1.00e+00
 1.08661e+13	1.09e-19	5.82e-10	1.00e+00
 1.13307e+13	1.25e-19	6.41e-10	1.00e+00
 1.18138e+13	1.44e-19	7.06e-10	1.00e+00
 1.22511e+13	1.63e-19	7.68e-10	1.00e+00
 1.26158e+13	1.80e-19	8.23e-10	1.00e+00
 1.30155e+13	1.99e-19	8.85e-10	1.00e+00
 1.35212e+13	2.26e-19	9.68e-10	1.00e+00
 1.40483e+13	2.56e-19	1.06e-09	1.00e+00
 1.44986e+13	2.84e-19	1.14e-09	1.00e+00
 1.49653e+13	3.14e-19	1.23e-09	1.00e+00
 1.55486e+13	3.56e-19	1.35e-09	1.00e+00
 1.61402e+13	4.03e-19	1.48e-09	1.00e+00
 1.66532e+13	4.46e-19	1.59e-09	1.00e+00
 1.72076e+13	4.95e-19	1.72e-09	1.00e+00
 1.78864e+13	5.62e-19	1.89e-09	1.00e+00
 1.85787e+13	6.36e-19	2.07e-09	1.00e+00
 1.92099e+13	7.09e-19	2.24e-09	1.00e+00
 1.99097e+13	7.96e-19	2.43e-09	1.00e+00
 2.07263e+13	9.09e-19	2.68e-09	1.00e+00
 2.15365e+13	1.03e-18	2.93e-09	1.00e+00
 2.23093e+13	1.16e-18	3.18e-09	1.00e+00
 2.31619e+13	1.32e-18	3.48e-09	1.00e+00
 2.41183e+13	1.52e-18	3.82e-09	1.00e+00
 2.50779e+13	1.74e-18	4.18e-09	1.00e+00
 2.59367e+13	1.96e-18	4.52e-09	1.00e+00
 2.66998e+13	2.17e-18	4.83e-09	1.00e+00
 2.75653e+13	2.44e-18	5.20e-09	1.00e+00
 2.85278e+13	2.76e-18	5.63e-09	1.00e+00
 2.94300e+13	3.10e-18	6.04e-09	1.00e+00
 3.04165e+13	3.50e-18	6.51e-09	1.00e+00
 3.15227e+13	4.01e-18	7.06e-09	1.00e+00
 3.25733e+13	4.54e-18	7.61e-09	1.00e+00
 3.37282e+13	5.18e-18	8.22e-09	1.00e+00
 3.50207e+13	6.00e-18	8.95e-09	1.00e+00
 3.62469e+13	6.86e-18	9.67e-09	1.00e+00
 3.73788e+13	7.74e-18	1.04e-08	1.00e+00
 3.86332e+13	8.81e-18	1.11e-08	1.00e+00
 4.00413e+13	1.02e-17	1.21e-08	1.00e+00
 4.13748e+13	1.16e-17	1.30e-08	1.00e+00
 4.28338e+13	1.33e-17	1.40e-08	1.00e+00
 4.44474e+13	1.54e-17	1.52e-08	1.00e+00
 4.59442e+13	1.77e-17	1.63e-08	1.00e+00
 4.75721e+13	2.03e-17	1.76e-08	1.00e+00
 4.93940e+13	2.37e-17	1.92e-08	1.00e+00
 5.11131e+13	2.72e-17	2.06e-08	1.00e+00
 5.29840e+13	3.15e-17	2.23e-08	1.00e+00
 5.50739e+13	3.70e-17	2.42e-08	1.00e+00
 5.70605e+13	4.28e-17	2.62e-08	1.00e+00
 5.91860e+13	4.97e-17	2.83e-08	1.00e+00
 6.15833e+13	5.85e-17	3.08e-08	1.00e+00
 6.39553e+13	6.84e-17	3.34e-08	1.00e+00
 6.64222e+13	7.99e-17	3.62e-08	1.00e+00
 6.91090e+13	9.41e-17	3.94e-08	1.00e+00
 7.19033e+13	1.11e-16	4.29e-08	1.00e+00
 7.48094e+13	1.30e-16	4.66e-08	1.00e+00
 7.76621e+13	1.52e-16	5.05e-08	1.00e+00
 8.03160e+13	1.75e-16	5.41e-08	1.00e+00
 8.32458e+13	2.02e-16	5.84e-08	1.00e+00
 8.62567e+13	2.34e-16	6.29e-08	1.00e+00
 8.87801e+13	2.63e-16	6.68e-08	1.00e+00
 9.14467e+13	2.97e-16	7.10e-08	1.00e+00
 9.48280e+13	3.45e-16	7.66e-08	1.00e+00
 9.83543e+13	4.00e-16	8.26e-08	1.00e+00
 1.01487e+14	4.55e-16	8.81e-08	1.00e+00
 1.04891e+14	5.20e-16	9.43e-08	1.00e+00
 1.08684e+14	6.01e-16	1.01e-07	1.00e+00
 1.12226e+14	6.84e-16	1.08e-07	1.00e+00
 1.16074e+14	7.84e-16	1.16e-07	1.00e+00
 1.20365e+14	9.09e-16	1.25e-07	1.00e+00
 1.24382e+14	1.04e-15	1.34e-07	1.00e+00
 1.28755e+14	1.19e-15	1.43e-07	1.00e+00
 1.33639e+14	1.38e-15	1.55e-07	1.00e+00
 1.38228e+14	1.58e-15	1.65e-07	1.00e+00
 1.43228e+14	1.83e-15	1.78e-07	1.00e+00
 1.48824e+14	2.13e-15	1.92e-07	1.00e+00
 1.54122e+14	2.45e-15	2.06e-07	1.00e+00
 1.59796e+14	2.83e-15	2.22e-07	1.00e+00
 1.66218e+14	3.31e-15	2.40e-07	1.00e+00
 1.72536e+14	3.84e-15	2.59e-07	1.00e+00
 1.79108e+14	4.46e-15	2.79e-07	1.00e+00
 1.86302e+14	5.22e-15	3.02e-07	1.00e+00
 1.93613e+14	6.08e-15	3.26e-07	1.00e+00
 2.01216e+14	7.09e-15	3.52e-07	1.00e+00
 2.08829e+14	8.22e-15	3.79e-07	1.00e+00
 2.16036e+14	9.40e-15	4.06e-07	1.00e+00
 2.23998e+14	1.09e-14	4.37e-07	1.00e+00
 2.31969e+14	1.25e-14	4.68e-07	1.00e+00
 2.38578e+14	1.40e-14	4.96e-07	1.00e+00
 2.45582e+14	1.57e-14	5.25e-07	1.00e+00
 2.54547e+14	1.81e-14	5.65e-07	1.00e+00
 2.63949e+14	2.09e-14	6.08e-07	1.00e+00
 2.72265e+14	2.37e-14	6.48e-07	1.00e+00
 2.81277e+14	2.70e-14	6.92e-07	1.00e+00
 2.92113e+14	3.14e-14	7.48e-07	1.00e+00
 3.03078e+14	3.64e-14	8.06e-07	1.00e+00
 3.13336e+14	4.16e-14	8.63e-07	1.00e+00
 3.24753e+14	4.80e-14	9.30e-07	1.00e+00
 3.36872e+14	5.57e-14	1.00e-06	1.00e+00
 3.47643e+14	6.31e-14	1.07e-06	1.00e+00
 3.59222e+14	7.21e-14	1.15e-06	1.00e+00
 3.73097e+14	8.40e-14	1.24e-06	1.00e+00
 3.86753e+14	9.70e-14	1.34e-06	1.00e+00
 3.98916e+14	1.10e-13	1.42e-06	1.00e+00
 4.12339e+14	1.26e-13	1.53e-06	1.00e+00
 4.28340e+14	1.46e-13	1.65e-06	1.00e+00
 4.44208e+14	1.69e-13	1.78e-06	1.00e+00
 4.58698e+14	1.92e-13	1.90e-06	1.00e+00
 4.74875e+14	2.21e-13	2.04e-06	1.00e+00
 4.93714e+14	2.58e-13	2.22e-06	1.00e+00
 5.12225e+14	2.99e-13	2.39e-06	1.00e+00
 5.29717e+14	3.41e-13	2.56e-06	1.00e+00
 5.49175e+14	3.93e-13	2.76e-06	1.00e+00
 5.71172e+14	4.59e-13	3.00e-06	1.00e+00
 5.92013e+14	5.28e-13	3.22e-06	1.00e+00
 6.10963e+14	5.97e-13	3.44e-06	1.00e+00
 6.32407e+14	6.83e-13	3.69e-06	1.00e+00
 6.57433e+14	7.95e-13	4.00e-06	1.00e+00
 6.81446e+14	9.13e-13	4.30e-06	1.00e+00
 7.03133e+14	1.03e-12	4.59e-06	1.00e+00
 7.23553e+14	1.15e-12	4.86e-06	1.00e+00
 7.46183e+14	1.29e-12	5.18e-06	1.00e+00
 7.71486e+14	1.47e-12	5.55e-06	1.00e+00
 7.95385e+14	1.65e-12	5.90e-06	1.00e+00
 8.21578e+14	1.87e-12	6.31e-06	1.00e+00
 8.50903e+14	2.13e-12	6.77e-06	1.00e+00
 8.78574e+14	2.41e-12	7.23e-06	1.00e+00
 9.08820e+14	2.73e-12	7.75e-06	1.00e+00
 9.42253e+14	3.13e-12	8.34e-06	1.00e+00
 9.73115e+14	3.53e-12	8.90e-06	1.00e+00
 1.00652e+15	4.01e-12	9.54e-06	1.00e+00
 1.04387e+15	4.59e-12	1.03e-05	1.00e+00
 1.07897e+15	5.19e-12	1.10e-05	1.00e+00
 1.11723e+15	5.90e-12	1.18e-05	1.00e+00
 1.15978e+15	6.78e-12	1.27e-05	1.00e+00
 1.19953e+15	7.68e-12	1.36e-05	1.00e+00
 1.24274e+15	8.76e-12	1.47e-05	1.00e+00
 1.29109e+15	1.01e-11	1.59e-05	1.00e+00
 1.33692e+15	1.15e-11	1.71e-05	1.00e+00
 1.38598e+15	1.31e-11	1.84e-05	1.00e+00
 1.44145e+15	1.52e-11	1.99e-05	1.00e+00
 1.49604e+15	1.75e-11	2.16e-05	1.00e+00
 1.55282e+15	2.01e-11	2.33e-05	1.00e+00
 1.61497e+15	2.34e-11	2.53e-05	1.00e+00
 1.67631e+15	2.69e-11	2.74e-05	1.00e+00
 1.72728e+15	3.02e-11	2.92e-05	1.00e+00
 1.76847e+15	3.31e-11	3.07e-05	1.00e+00
 1.81420e+15	3.65e-11	3.24e-05	1.00e+00
 1.87364e+15	4.14e-11	3.47e-05	1.00e+00
 1.93734e+15	4.72e-11	3.74e-05	1.00e+00
 1.99382e+15	5.28e-11	3.98e-05	1.00e+00
 2.05446e+15	5.95e-11	4.24e-05	1.00e+00
 2.13052e+15	6.88e-11	4.60e-05	1.00e+00
 2.20774e+15	7.94e-11	4.97e-05	1.00e+00
 2.27460e+15	8.95e-11	5.31e-05	1.00e+00
 2.34689e+15	1.02e-10	5.69e-05	1.00e+00
 2.43552e+15	1.18e-10	6.18e-05	1.00e+00
 2.52505e+15	1.37e-10	6.70e-05	1.00e+00
 2.60458e+15	1.56e-10	7.18e-05	1.00e+00
 2.69149e+15	1.79e-10	7.73e-05	1.00e+00
 2.79543e+15	2.10e-10	8.41e-05	1.00e+00
 2.89827e+15	2.44e-10	9.13e-05	1.00e+00
 2.99102e+15	2.79e-10	9.80e-05	1.00e+00
 3.09392e+15	3.21e-10	1.06e-04	1.00e+00
 3.21513e+15	3.79e-10	1.15e-04	1.00e+00
 3.33475e+15	4.43e-10	1.25e-04	1.00e+00
 3.44577e+15	5.09e-10	1.35e-04	1.00e+00
 3.57026e+15	5.93e-10	1.46e-04	1.00e+00
 3.71310e+15	7.02e-10	1.60e-04	1.00e+00
 3.85365e+15	8.24e-10	1.74e-04	1.00e+00
 3.99983e+15	9.68e-10	1.89e-04	1.00e+00
 4.13299e+15	1.11e-09	2.04e-04	1.00e+00
 4.23233e+15	1.23e-09	2.15e-04	1.00e+00
 4.33496e+15	1.37e-09	2.26e-04	1.00e+00
 4.46839e+15	1.56e-09	2.43e-04	1.00e+00
 4.61282e+15	1.79e-09	2.61e-04	1.00e+00
 4.74316e+15	2.02e-09	2.77e-04	1.00e+00
 4.88419e+15	2.29e-09	2.96e-04	1.00e+00
 5.06320e+15	2.68e-09	3.21e-04	1.00e+00
 5.24341e+15	3.12e-09	3.47e-04	1.00e+00
 5.39472e+15	3.52e-09	3.70e-04	1.00e+00
 5.55662e+15	4.00e-09	3.95e-04	1.00e+00
 5.76110e+15	4.68e-09	4.28e-04	1.00e+00
 5.97546e+15	5.47e-09	4.64e-04	1.00e+00
 6.16810e+15	6.27e-09	4.97e-04	1.00e+00
 6.37800e+15	7.24e-09	5.35e-04	9.99e-01
 6.62658e+15	8.52e-09	5.82e-04	9.99e-01
 6.86984e+15	9.93e-09	6.30e-04	9.99e-01
 7.09050e+15	1.14e-08	6.75e-04	9.99e-01
 7.33740e+15	1.31e-08	7.27e-04	9.99e-01
 7.62650e+15	1.55e-08	7.91e-04	9.99e-01
 7.91024e+15	1.80e-08	8.56e-04	9.99e-01
 8.17522e+15	2.06e-08	9.19e-04	9.99e-01
 8.47215e+15	2.40e-08	9.92e-04	9.99e-01
 8.75688e+15	2.75e-08	1.06e-03	9.99e-01
 8.96825e+15	3.05e-08	1.12e-03	9.99e-01
 9.18165e+15	3.37e-08	1.18e-03	9.99e-01
 9.45906e+15	3.81e-08	1.26e-03	9.99e-01
 9.75870e+15	4.34e-08	1.34e-03	9.99e-01
 1.00268e+16	4.85e-08	1.42e-03	9.99e-01
 1.03148e+16	5.46e-08	1.51e-03	9.98e-01
 1.06871e+16	6.34e-08	1.63e-03	9.98e-01
 1.10627e+16	7.30e-08	1.75e-03	9.98e-01
 1.13681e+16	8.16e-08	1.86e-03	9.98e-01
 1.16888e+16	9.17e-08	1.97e-03	9.98e-01
 1.21057e+16	1.06e-07	2.12e-03	9.98e-01
 1.25398e+16	1.22e-07	2.29e-03	9.98e-01
 1.29075e+16	1.38e-07	2.43e-03	9.98e-01
 1.32971e+16	1.56e-07	2.59e-03	9.97e-01
 1.37876e+16	1.81e-07	2.81e-03	9.97e-01
 1.42737e+16	2.08e-07	3.02e-03	9.97e-01
 1.46756e+16	2.33e-07	3.21e-03	9.97e-01
 1.51036e+16	2.63e-07	3.43e-03	9.97e-01
 1.55846e+16	2.99e-07	3.67e-03	9.96e-01
 1.60428e+16	3.37e-07	3.92e-03	9.96e-01
 1.64432e+16	3.72e-07	4.14e-03	9.96e-01
 1.68598e+16	4.14e-07	4.40e-03	9.96e-01
 1.73113e+16	4.62e-07	4.67e-03	9.95e-01
 1.77288e+16	5.10e-07	4.95e-03	9.95e-01
 1.81922e+16	5.73e-07	5.29e-03	9.95e-01
 1.86867e+16	6.42e-07	5.65e-03	9.94e-01
 1.91325e+16	7.10e-07	6.00e-03	9.94e-01
 1.96229e+16	8.01e-07	6.45e-03	9.94e-01
 2.01501e+16	9.01e-07	6.93e-03	9.93e-01
 2.06346e+16	1.01e-06	7.43e-03	9.93e-01
 2.10811e+16	1.11e-06	7.92e-03	9.92e-01
 2.15688e+16	1.26e-06	8.54e-03	9.91e-01
 2.20886e+16	1.42e-06	9.25e-03	9.91e-01
 2.25377e+16	1.58e-06	9.92e-03	9.90e-01
 2.29453e+16	1.74e-06	1.06e-02	9.89e-01
 2.34111e+16	1.98e-06	1.15e-02	9.88e-01
 2.39095e+16	2.24e-06	1.26e-02	9.87e-01
 2.43245e+16	2.50e-06	1.36e-02	9.86e-01
 2.46685e+16	2.75e-06	1.45e-02	9.85e-01
 2.50460e+16	3.10e-06	1.58e-02	9.84e-01
 2.54562e+16	3.50e-06	1.73e-02	9.83e-01
 2.58212e+16	3.94e-06	1.88e-02	9.81e-01
 2.61426e+16	4.39e-06	2.04e-02	9.80e-01
 2.64949e+16	4.98e-06	2.24e-02	9.78e-01
 2.68695e+16	5.77e-06	2.49e-02	9.75e-01
 2.71827e+16	6.49e-06	2.73e-02	9.73e-01
 2.74519e+16	7.24e-06	2.98e-02	9.70e-01
 2.77542e+16	8.45e-06	3.32e-02	9.67e-01
 2.80635e+16	9.76e-06	3.73e-02	9.63e-01
 2.83168e+16	1.12e-05	4.14e-02	9.59e-01
 2.85366e+16	1.25e-05	4.56e-02	9.54e-01
 2.87782e+16	1.45e-05	5.11e-02	9.49e-01
 2.90336e+16	1.71e-05	5.83e-02	9.42e-01
 2.92447e+16	2.01e-05	6.56e-02	9.34e-01
 2.94129e+16	2.25e-05	7.26e-02	9.27e-01
 2.95871e+16	2.60e-05	8.13e-02	9.19e-01
 2.97781e+16	3.06e-05	9.28e-02	9.07e-01
 2.99455e+16	3.58e-05	1.05e-01	8.95e-01
 3.00843e+16	4.13e-05	1.18e-01	8.82e-01
 3.02100e+16	4.73e-05	1.32e-01	8.68e-01
 3.03521e+16	5.62e-05	1.50e-01	8.50e-01
 3.04942e+16	6.64e-05	1.72e-01	8.27e-01
 3.06055e+16	7.61e-05	1.94e-01	8.06e-01
 3.07035e+16	8.74e-05	2.16e-01	7.84e-01
 3.07834e+16	9.74e-05	2.36e-01	7.64e-01
 3.08448e+16	1.06e-04	2.53e-01	7.47e-01
 3.09141e+16	1.18e-04	2.75e-01	7.25e-01
 3.09920e+16	1.32e-04	3.02e-01	6.98e-01
 3.10646e+16	1.47e-04	3.30e-01	6.70e-01
 3.11424e+16	1.67e-04	3.63e-01	6.37e-01
 3.12185e+16	1.87e-04	3.98e-01	6.02e-01
 3.12789e+16	2.04e-04	4.27e-01	5.73e-01
 3.13438e+16	2.25e-04	4.61e-01	5.38e-01
 3.14282e+16	2.55e-04	5.08e-01	4.92e-01
 3.15131e+16	2.87e-04	5.55e-01	4.44e-01
 3.15820e+16	3.14e-04	5.95e-01	4.05e-01
 3.16546e+16	3.45e-04	6.36e-01	3.64e-01
 3.17490e+16	3.84e-04	6.87e-01	3.13e-01
 3.18495e+16	4.25e-04	7.36e-01	2.63e-01
 3.19410e+16	4.61e-04	7.77e-01	2.23e-01
 3.20430e+16	5.00e-04	8.17e-01	1.83e-01
 3.21756e+16	5.47e-04	8.59e-01	1.41e-01
 3.23480e+16	6.01e-04	8.99e-01	1.00e-01
 3.25412e+16	6.52e-04	9.30e-01	6.96e-02
 3.27613e+16	7.03e-04	9.53e-01	4.67e-02
 3.30475e+16	7.66e-04	9.70e-01	2.89e-02
 3.34196e+16	8.44e-04	9.83e-01	1.65e-02
 3.37917e+16	9.30e-04	9.89e-01	1.02e-02
 3.40713e+16	1.00e-03	9.92e-01	7.36e-03
 3.42995e+16	1.07e-03	9.93e-01	5.72e-03
 3.44839e+16	1.13e-03	9.94e-01	4.75e-03
 3.46168e+16	1.18e-03	9.95e-01	4.16e-03
 3.47527e+16	1.23e-03	9.95e-01	3.62e-03
 3.49293e+16	1.30e-03	9.96e-01	3.04e-03
 3.51099e+16	1.39e-03	9.96e-01	2.59e-03
 3.52496e+16	1.46e-03	9.96e-01	2.29e-03
 3.53633e+16	1.53e-03	9.96e-01	2.08e-03
 3.54890e+16	1.61e-03	9.97e-01	1.86e-03
 3.56524e+16	1.72e-03	9.97e-01	1.61e-03
 3.57975e+16	1.83e-03	9.97e-01	1.44e-03
 3.58817e+16	1.91e-03	9.97e-01	1.35e-03
 3.59544e+16	1.98e-03	9.97e-01	1.28e-03
 3.60489e+16	2.07e-03	9.97e-01	1.18e-03
 3.61514e+16	2.18e-03	9.97e-01	1.09e-03
 3.62390e+16	2.29e-03	9.97e-01	1.02e-03
 3.63120e+16	2.38e-03	9.97e-01	9.69e-04
 3.63914e+16	2.49e-03	9.97e-01	9.11e-04
 3.64793e+16	2.62e-03	9.97e-01	8.53e-04
 3.65576e+16	2.76e-03	9.96e-01	8.07e-04
 3.66243e+16	2.88e-03	9.96e-01	7.69e-04
 3.66964e+16	3.02e-03	9.96e-01	7.28e-04
 3.67752e+16	3.19e-03	9.96e-01	6.89e-04
 3.68436e+16	3.35e-03	9.96e-01	6.56e-04
 3.69019e+16	3.50e-03	9.96e-01	6.31e-04
 3.69657e+16	3.68e-03	9.96e-01	6.01e-04
 3.70357e+16	3.90e-03	9.96e-01	5.73e-04
 3.70972e+16	4.11e-03	9.95e-01	5.49e-04
 3.71496e+16	4.31e-03	9.95e-01	5.29e-04
 3.72067e+16	4.54e-03	9.95e-01	5.08e-04
 3.72695e+16	4.82e-03	9.95e-01	4.87e-04
 3.73251e+16	5.11e-03	9.94e-01	4.69e-04
 3.73733e+16	5.37e-03	9.94e-01	4.54e-04
 3.74264e+16	5.69e-03	9.94e-01	4.37e-04
 3.74849e+16	6.10e-03	9.93e-01	4.20e-04
 3.75371e+16	6.51e-03	9.93e-01	4.05e-04
 3.75829e+16	6.90e-03	9.93e-01	3.93e-04
 3.76334e+16	7.38e-03	9.92e-01	3.80e-04
 3.76900e+16	8.01e-03	9.92e-01	3.65e-04
 3.77423e+16	8.69e-03	9.91e-01	3.53e-04
 3.77896e+16	9.38e-03	9.90e-01	3.42e-04
 3.78427e+16	1.03e-02	9.89e-01	3.30e-04
 3.78989e+16	1.14e-02	9.88e-01	3.18e-04
 3.79442e+16	1.26e-02	9.87e-01	3.09e-04
 3.79793e+16	1.36e-02	9.86e-01	3.02e-04
 3.80162e+16	1.48e-02	9.85e-01	2.94e-04
 3.80577e+16	1.65e-02	9.83e-01	2.86e-04
 3.80947e+16	1.82e-02	9.81e-01	2.79e-04
 3.81247e+16	1.99e-02	9.80e-01	2.75e-04
 3.81560e+16	2.19e-02	9.78e-01	2.69e-04
 3.81904e+16	2.46e-02	9.75e-01	2.63e-04
 3.82202e+16	2.74e-02	9.72e-01	2.59e-04
 3.82441e+16	3.01e-02	9.70e-01	2.56e-04
 3.82692e+16	3.33e-02	9.66e-01	2.52e-04
 3.82969e+16	3.76e-02	9.62e-01	2.49e-04
 3.83214e+16	4.23e-02	9.57e-01	2.47e-04
 3.83414e+16	4.68e-02	9.53e-01	2.46e-04
 3.83594e+16	5.16e-02	9.48e-01	2.45e-04
 3.83800e+16	5.78e-02	9.42e-01	2.44e-04
 3.84015e+16	6.55e-02	9.34e-01	2.44e-04
 3.84191e+16	7.33e-02	9.26e-01	2.44e-04
 3.84332e+16	8.03e-02	9.19e-01	2.46e-04
 3.84475e+16	8.84e-02	9.11e-01	2.48e-04
 3.84642e+16	9.92e-02	9.01e-01	2.50e-04
 3.84805e+16	1.12e-01	8.88e-01	2.54e-04
 3.84935e+16	1.24e-01	8.76e-01	2.56e-04
 3.85045e+16	1.34e-01	8.65e-01	2.60e-04
 3.85147e+16	1.46e-01	8.54e-01	2.64e-04
 3.85243e+16	1.57e-01	8.42e-01	2.67e-04
 3.85336e+16	1.70e-01	8.30e-01	2.71e-04
 3.85407e+16	1.80e-01	8.20e-01	2.74e-04
 3.85453e+16	1.87e-01	8.13e-01	2.76e-04
 3.85496e+16	1.94e-01	8.06e-01	2.78e-04
 3.85547e+16	2.02e-01	7.98e-01	2.80e-04
 3.85601e+16	2.12e-01	7.88e-01	2.83e-04
 3.85653e+16	2.21e-01	7.79e-01	2.86e-04
 3.85702e+16	2.30e-01	7.70e-01	2.89e-04
 3.85751e+16	2.40e-01	7.60e-01	2.91e-04
 3.85799e+16	2.50e-01	7.50e-01	2.94e-04
 3.85847e+16	2.61e-01	7.39e-01	2.96e-04
 3.85895e+16	2.71e-01	7.28e-01	2.99e-04
 3.85941e+16	2.82e-01	7.17e-01	3.02e-04
 3.85988e+16	2.94e-01	7.06e-01	3.04e-04
 3.86033e+16	3.06e-01	6.94e-01	3.07e-04
 3.86078e+16	3.17e-01	6.82e-01	3.10e-04
 3.86123e+16	3.30e-01	6.70e-01	3.12e-04
 3.86167e+16	3.42e-01	6.57e-01	3.14e-04
 3.86211e+16	3.55e-01	6.44e-01	3.16e-04
 3.86254e+16	3.68e-01	6.32e-01	3.19e-04
 3.86296e+16	3.82e-01	6.18e-01	3.20e-04
 3.86338e+16	3.95e-01	6.05e-01	3.23e-04
 3.86380e+16	4.08e-01	5.91e-01	3.25e-04
 3.86422e+16	4.23e-01	5.77e-01	3.26e-04
 3.86462e+16	4.36e-01	5.63e-01	3.28e-04
 3.86502e+16	4.50e-01	5.49e-01	3.29e-04
 3.86542e+16	4.64e-01	5.35e-01	3.31e-04
 3.86581e+16	4.79e-01	5.21e-01	3.32e-04
 3.86620e+16	4.93e-01	5.06e-01	3.33e-04
 3.86659e+16	5.07e-01	4.92e-01	3.33e-04
 3.86696e+16	5.21e-01	4.78e-01	3.34e-04
 3.86733e+16	5.36e-01	4.64e-01	3.34e-04
 3.86769e+16	5.49e-01	4.50e-01	3.34e-04
 3.86805e+16	5.63e-01	4.37e-01	3.34e-04
 3.86840e+16	5.76e-01	4.24e-01	3.35e-04
 3.86874e+16	5.89e-01	4.11e-01	3.34e-04
 3.86907e+16	6.02e-01	3.98e-01	3.34e-04
 3.86939e+16	6.14e-01	3.85e-01	3.33e-04
 3.86972e+16	6.27e-01	3.73e-01	3.32e-04
 3.87003e+16	6.39e-01	3.61e-01	3.30e-04
 3.87035e+16	6.51e-01	3.49e-01	3.29e-04
 3.87066e+16	6.63e-01	3.37e-01	3.27e-04
 3.87096e+16	6.74e-01	3.26e-01	3.25e-04
 3.87125e+16	6.85e-01	3.15e-01	3.23e-04
 3.87155e+16	6.96e-01	3.04e-01	3.21e-04
 3.87184e+16	7.06e-01	2.94e-01	3.19e-04
 3.87212e+16	7.16e-01	2.84e-01	3.17e-04
 3.87240e+16	7.26e-01	2.74e-01	3.14e-04
 3.87267e+16	7.35e-01	2.64e-01	3.12e-04
 3.87295e+16	7.45e-01	2.55e-01	3.09e-04
 3.87322e+16	7.54e-01	2.46e-01	3.06e-04
 3.87349e+16	7.62e-01	2.37e-01	3.03e-04
 3.87375e+16	7.71e-01	2.29e-01	3.00e-04
 3.87401e+16	7.79e-01	2.21e-01	2.97e-04
 3.87427e+16	7.87e-01	2.13e-01	2.93e-04
 3.87453e+16	7.95e-01	2.05e-01	2.90e-04
 3.87478e+16	8.02e-01	1.97e-01	2.86e-04
 3.87503e+16	8.10e-01	1.90e-01	2.82e-04
 3.87524e+16	8.15e-01	1.84e-01	2.79e-04
 3.87540e+16	8.20e-01	1.80e-01	2.76e-04
 3.87554e+16	8.24e-01	1.76e-01	2.73e-04
 3.87570e+16	8.28e-01	1.72e-01	2.71e-04
 3.87585e+16	8.32e-01	1.68e-01	2.68e-04
 3.87601e+16	8.36e-01	1.64e-01	2.65e-04
 3.87615e+16	8.40e-01	1.60e-01	2.62e-04
 3.87629e+16	8.43e-01	1.56e-01	2.59e-04
 3.87644e+16	8.47e-01	1.53e-01	2.57e-04
 3.87658e+16	8.50e-01	1.49e-01	2.54e-04
 3.87672e+16	8.54e-01	1.46e-01	2.51e-04
 3.87685e+16	8.57e-01	1.43e-01	2.49e-04
 3.87699e+16	8.60e-01	1.40e-01	2.46e-04
 3.87713e+16	8.63e-01	1.36e-01	2.43e-04
 3.87727e+16	8.67e-01	1.33e-01	2.40e-04
 3.87741e+16	8.70e-01	1.30e-01	2.37e-04
 3.87755e+16	8.73e-01	1.27e-01	2.34e-04
 3.87770e+16	8.76e-01	1.24e-01	2.31e-04
 3.87785e+16	8.79e-01	1.21e-01	2.28e-04
 3.87802e+16	8.83e-01	1.17e-01	2.25e-04
 3.87821e+16	8.86e-01	1.13e-01	2.21e-04
 3.87841e+16	8.90e-01	1.09e-01	2.16e-04
 3.87864e+16	8.95e-01	1.05e-01	2.11e-04
 3.87885e+16	8.98e-01	1.01e-01	2.07e-04
 3.87905e+16	9.02e-01	9.79e-02	2.02e-04
 3.87924e+16	9.05e-01	9.45e-02	1.97e-04
 3.87942e+16	9.08e-01	9.14e-02	1.93e-04
 3.87961e+16	9.11e-01	8.84e-02	1.88e-04
 3.87978e+16	9.14e-01	8.56e-02	1.84e-04
 3.87994e+16	9.17e-01	8.32e-02	1.80e-04
 3.88008e+16	9.19e-01	8.09e-02	1.76e-04
 3.88021e+16	9.21e-01	7.90e-02	1.73e-04
 3.88033e+16	9.23e-01	7.72e-02	1.70e-04
 3.88044e+16	9.24e-01	7.56e-02	1.67e-04
 3.88054e+16	9.26e-01	7.41e-02	1.64e-04
 3.88063e+16	9.27e-01	7.29e-02	1.61e-04
 3.88072e+16	9.28e-01	7.14e-02	1.59e-04
 3.88083e+16	9.30e-01	7.00e-02	1.56e-04
 3.88093e+16	9.31e-01	6.87e-02	1.54e-04
 3.88101e+16	9.32e-01	6.75e-02	1.51e-04
 3.88109e+16	9.33e-01	6.64e-02	1.49e-04
 3.88118e+16	9.35e-01	6.52e-02	1.47e-04
 3.88127e+16	9.36e-01	6.40e-02	1.44e-04
 3.88136e+16	9.37e-01	6.29e-02	1.42e-04
 3.88144e+16	9.38e-01	6.19e-02	1.39e-04
 3.88152e+16	9.39e-01	6.08e-02	1.37e-04
 3.88162e+16	9.40e-01	5.97e-02	1.35e-04
 3.88170e+16	9.41e-01	5.87e-02	1.33e-04
 3.88178e+16	9.42e-01	5.77e-02	1.31e-04
 3.88185e+16	9.43e-01	5.69e-02	1.29e-04
 3.88192e+16	9.44e-01	5.60e-02	1.27e-04
 3.88201e+16	9.45e-01	5.50e-02	1.24e-04
 3.88208e+16	9.46e-01	5.41e-02	1.22e-04
 3.88215e+16	9.47e-01	5.33e-02	1.20e-04
 3.88222e+16	9.47e-01	5.25e-02	1.19e-04
 3.88230e+16	9.48e-01	5.16e-02	1.16e-04
 3.88238e+16	9.49e-01	5.08e-02	1.15e-04
 3.88245e+16	9.50e-01	5.00e-02	1.13e-04
 3.88251e+16	9.51e-01	4.94e-02	1.11e-04
 3.88257e+16	9.51e-01	4.86e-02	1.09e-04
 3.88264e+16	9.52e-01	4.79e-02	1.08e-04
 3.88271e+16	9.53e-01	4.72e-02	1.06e-04
 3.88277e+16	9.53e-01	4.66e-02	1.04e-04
 3.88284e+16	9.54e-01	4.59e-02	1.03e-04
 3.88291e+16	9.55e-01	4.52e-02	1.01e-04
 3.88297e+16	9.55e-01	4.46e-02	9.96e-05
 3.88303e+16	9.56e-01	4.40e-02	9.81e-05
 3.88309e+16	9.57e-01	4.34e-02	9.67e-05
 3.88316e+16	9.57e-01	4.27e-02	9.51e-05
 3.88322e+16	9.58e-01	4.21e-02	9.36e-05
 3.88329e+16	9.58e-01	4.15e-02	9.21e-05
 3.88337e+16	9.59e-01	4.09e-02	9.05e-05
 3.88344e+16	9.60e-01	4.03e-02	8.91e-05
 3.88350e+16	9.60e-01	3.97e-02	8.77e-05
 3.88356e+16	9.61e-01	3.91e-02	8.63e-05
 3.88364e+16	9.61e-01	3.85e-02	8.49e-05
 3.88370e+16	9.62e-01	3.80e-02	8.35e-05
 3.88378e+16	9.63e-01	3.74e-02	8.21e-05
 3.88385e+16	9.63e-01	3.68e-02	8.06e-05
 3.88393e+16	9.64e-01	3.63e-02	7.94e-05
 3.88400e+16	9.64e-01	3.57e-02	7.79e-05
 3.88409e+16	9.65e-01	3.51e-02	7.66e-05
 3.88417e+16	9.65e-01	3.45e-02	7.52e-05
 3.88424e+16	9.66e-01	3.41e-02	7.42e-05
 3.88431e+16	9.66e-01	3.35e-02	7.29e-05
 3.88439e+16	9.67e-01	3.30e-02	7.17e-05
 3.88447e+16	9.67e-01	3.26e-02	7.06e-05
 3.88455e+16	9.68e-01	3.20e-02	6.93e-05
 3.88464e+16	9.68e-01	3.15e-02	6.81e-05
 3.88472e+16	9.69e-01	3.10e-02	6.70e-05
 3.88481e+16	9.69e-01	3.05e-02	6.57e-05
 3.88491e+16	9.70e-01	3.00e-02	6.45e-05
 3.88499e+16	9.70e-01	2.95e-02	6.35e-05
 3.88509e+16	9.71e-01	2.90e-02	6.22e-05
 3.88519e+16	9.71e-01	2.84e-02	6.10e-05
 3.88529e+16	9.72e-01	2.80e-02	6.00e-05
 3.88539e+16	9.72e-01	2.75e-02	5.88e-05
 3.88550e+16	9.73e-01	2.70e-02	5.76e-05
 3.88560e+16	9.73e-01	2.65e-02	5.66e-05
 3.88571e+16	9.74e-01	2.60e-02	5.54e-05
 3.88583e+16	9.74e-01	2.56e-02	5.43e-05
 3.88594e+16	9.75e-01	2.51e-02	5.34e-05
 3.88606e+16	9.75e-01	2.46e-02	5.22e-05
 3.88619e+16	9.76e-01	2.42e-02	5.12e-05
 3.88631e+16	9.76e-01	2.38e-02	5.03e-05
 3.88644e+16	9.77e-01	2.33e-02	4.92e-05
 3.88657e+16	9.77e-01	2.29e-02	4.82e-05
 3.88670e+16	9.77e-01	2.25e-02	4.73e-05
 3.88684e+16	9.78e-01	2.20e-02	4.63e-05
 3.88699e+16	9.78e-01	2.16e-02	4.54e-05
 3.88712e+16	9.79e-01	2.13e-02	4.46e-05
 3.88727e+16	9.79e-01	2.09e-02	4.36e-05
 3.88743e+16	9.79e-01	2.05e-02	4.28e-05
 3.88758e+16	9.80e-01	2.01e-02	4.20e-05
 3.88774e+16	9.80e-01	1.97e-02	4.11e-05
 3.88795e+16	9.81e-01	1.93e-02	4.01e-05
 3.88817e+16	9.81e-01	1.89e-02	3.92e-05
 3.88838e+16	9.81e-01	1.85e-02	3.83e-05
 3.88856e+16	9.82e-01	1.82e-02	3.76e-05
 3.88877e+16	9.82e-01	1.78e-02	3.68e-05
 3.88903e+16	9.83e-01	1.74e-02	3.59e-05
 3.88932e+16	9.83e-01	1.70e-02	3.50e-05
 3.88958e+16	9.83e-01	1.67e-02	3.43e-05
 3.88986e+16	9.84e-01	1.63e-02	3.35e-05
 3.89017e+16	9.84e-01	1.60e-02	3.28e-05
 3.89051e+16	9.84e-01	1.57e-02	3.20e-05
 3.89087e+16	9.85e-01	1.54e-02	3.13e-05
 3.89127e+16	9.85e-01	1.50e-02	3.05e-05
 3.89179e+16	9.85e-01	1.47e-02	2.97e-05
 3.89235e+16	9.86e-01	1.44e-02	2.90e-05
 3.89286e+16	9.86e-01	1.41e-02	2.85e-05
 3.89342e+16	9.86e-01	1.38e-02	2.77e-05
 3.89415e+16	9.86e-01	1.36e-02	2.71e-05
 3.89506e+16	9.87e-01	1.33e-02	2.65e-05
 3.89602e+16	9.87e-01	1.31e-02	2.59e-05
 3.89708e+16	9.87e-01	1.29e-02	2.53e-05
 3.89844e+16	9.87e-01	1.27e-02	2.47e-05
 3.90022e+16	9.88e-01	1.24e-02	2.40e-05
 3.90253e+16	9.88e-01	1.22e-02	2.33e-05
 3.90554e+16	9.88e-01	1.19e-02	2.24e-05
 3.90878e+16	9.88e-01	1.17e-02	2.16e-05
 3.91234e+16	9.89e-01	1.15e-02	2.07e-05
 3.91617e+16	9.89e-01	1.12e-02	1.98e-05
 3.92038e+16	9.89e-01	1.09e-02	1.89e-05
 3.92492e+16	9.89e-01	1.07e-02	1.80e-05
 3.92905e+16	9.90e-01	1.04e-02	1.73e-05
 3.93358e+16	9.90e-01	1.02e-02	1.64e-05
 3.93847e+16	9.90e-01	9.92e-03	1.56e-05
 3.94291e+16	9.90e-01	9.70e-03	1.49e-05
 3.94779e+16	9.91e-01	9.44e-03	1.41e-05
 3.95305e+16	9.91e-01	9.19e-03	1.34e-05
 3.95784e+16	9.91e-01	8.97e-03	1.28e-05
 3.96308e+16	9.91e-01	8.73e-03	1.21e-05
 3.96875e+16	9.92e-01	8.49e-03	1.15e-05
 3.97390e+16	9.92e-01	8.28e-03	1.09e-05
 3.97955e+16	9.92e-01	8.04e-03	1.03e-05
 3.98565e+16	9.92e-01	7.81e-03	9.72e-06
 3.99119e+16	9.92e-01	7.60e-03	9.23e-06
 3.99727e+16	9.93e-01	7.38e-03	8.69e-06
 4.00515e+16	9.93e-01	7.09e-03	8.04e-06
 4.01414e+16	9.93e-01	6.80e-03	7.40e-06
 4.02325e+16	9.93e-01	6.52e-03	6.81e-06
 4.03261e+16	9.94e-01	6.25e-03	6.26e-06
 4.04239e+16	9.94e-01	5.98e-03	5.74e-06
 4.05255e+16	9.94e-01	5.72e-03	5.25e-06
 4.06308e+16	9.95e-01	5.46e-03	4.79e-06
 4.07398e+16	9.95e-01	5.21e-03	4.36e-06
 4.08517e+16	9.95e-01	4.97e-03	3.97e-06
 4.09654e+16	9.95e-01	4.74e-03	3.62e-06
 4.10812e+16	9.95e-01	4.52e-03	3.29e-06
 4.11993e+16	9.96e-01	4.31e-03	2.99e-06
 4.13199e+16	9.96e-01	4.10e-03	2.72e-06
 4.14429e+16	9.96e-01	3.91e-03	2.46e-06
 4.15682e+16	9.96e-01	3.72e-03	2.24e-06
 4.16959e+16	9.96e-01	3.54e-03	2.03e-06
 4.18261e+16	9.97e-01	3.37e-03	1.84e-06
 4.19589e+16	9.97e-01	3.21e-03	1.66e-06
 4.20922e+16	9.97e-01	3.05e-03	1.51e-06
 4.22275e+16	9.97e-01	2.90e-03	1.36e-06
 4.23681e+16	9.97e-01	2.76e-03	1.23e-06
 4.25122e+16	9.97e-01	2.62e-03	1.11e-06
 4.26587e+16	9.98e-01	2.49e-03	1.00e-06
 4.28079e+16	9.98e-01	2.36e-03	9.00e-07
 4.29602e+16	9.98e-01	2.24e-03	8.09e-07
 4.31156e+16	9.98e-01	2.12e-03	7.27e-07
 4.32741e+16	9.98e-01	2.01e-03	6.52e-07
 4.34360e+16	9.98e-01	1.90e-03	5.84e-07
 4.36013e+16	9.98e-01	1.80e-03	5.23e-07
 4.37703e+16	9.98e-01	1.70e-03	4.67e-07
 4.39431e+16	9.98e-01	1.61e-03	4.17e-07
 4.41196e+16	9.98e-01	1.52e-03	3.72e-07
 4.43002e+16	9.99e-01	1.43e-03	3.31e-07
 4.44850e+16	9.99e-01	1.35e-03	2.94e-07
 4.46742e+16	9.99e-01	1.27e-03	2.60e-07
 4.48681e+16	9.99e-01	1.20e-03	2.30e-07
 4.50668e+16	9.99e-01	1.13e-03	2.03e-07
 4.52706e+16	9.99e-01	1.06e-03	1.79e-07
 4.54798e+16	9.99e-01	9.95e-04	1.58e-07
 4.56949e+16	9.99e-01	9.33e-04	1.38e-07
 4.59161e+16	9.99e-01	8.74e-04	1.21e-07
 4.61437e+16	9.99e-01	8.18e-04	1.05e-07
 4.63782e+16	9.99e-01	7.65e-04	9.18e-08
 4.66166e+16	9.99e-01	7.14e-04	7.98e-08
 4.68606e+16	9.99e-01	6.66e-04	6.91e-08
 4.71173e+16	9.99e-01	6.20e-04	5.95e-08
 4.73866e+16	9.99e-01	5.75e-04	5.09e-08
 4.76657e+16	9.99e-01	5.32e-04	4.34e-08
 4.79546e+16	1.00e+00	4.92e-04	3.68e-08
 4.82557e+16	1.00e+00	4.53e-04	3.10e-08
 4.85716e+16	1.00e+00	4.16e-04	2.59e-08
 4.89030e+16	1.00e+00	3.81e-04	2.15e-08
 4.92504e+16	1.00e+00	3.47e-04	1.77e-08
 4.96164e+16	1.00e+00	3.15e-04	1.45e-08
 5.00068e+16	1.00e+00	2.84e-04	1.17e-08
 5.04234e+16	1.00e+00	2.55e-04	9.28e-09
 5.08664e+16	1.00e+00	2.27e-04	7.29e-09
 5.13419e+16	1.00e+00	2.01e-04	5.62e-09
 5.18582e+16	1.00e+00	1.75e-04	4.25e-09
 5.24240e+16	1.00e+00	1.52e-04	3.13e-09
 5.30398e+16	1.00e+00	1.29e-04	2.24e-09
 5.37382e+16	1.00e+00	1.07e-04	1.52e-09
 5.45819e+16	1.00e+00	8.52e-05	9.62e-10
 5.55694e+16	1.00e+00	6.57e-05	5.70e-10
 5.66353e+16	1.00e+00	4.96e-05	3.25e-10
 5.77604e+16	1.00e+00	3.69e-05	1.80e-10
 5.89587e+16	1.00e+00	2.70e-05	9.72e-11
 6.02221e+16	1.00e+00	1.95e-05	5.12e-11
 6.15462e+16	1.00e+00	1.39e-05	2.65e-11
 6.29440e+16	1.00e+00	9.83e-06	1.34e-11
 6.44385e+16	1.00e+00	6.82e-06	6.53e-12
 6.59953e+16	1.00e+00	4.70e-06	3.17e-12
 6.75614e+16	1.00e+00	3.27e-06	1.56e-12
 6.91274e+16	1.00e+00	2.30e-06	7.81e-13
 7.06935e+16	1.00e+00	1.62e-06	3.97e-13
 7.22596e+16	1.00e+00	1.16e-06	2.05e-13
 7.38257e+16	1.00e+00	8.32e-07	1.08e-13
 7.53918e+16	1.00e+00	6.02e-07	5.75e-14
 7.69579e+16	1.00e+00	4.40e-07	3.12e-14
 7.85240e+16	1.00e+00	3.24e-07	1.71e-14
 8.00901e+16	1.00e+00	2.40e-07	9.54e-15
 8.16561e+16	1.00e+00	1.79e-07	5.39e-15
 8.34571e+16	1.00e+00	1.28e-07	2.79e-15
 8.55237e+16	1.00e+00	8.90e-08	1.36e-15
 8.76209e+16	1.00e+00	6.22e-08	6.73e-16
 8.97182e+16	1.00e+00	4.40e-08	3.40e-16
 9.20021e+16	1.00e+00	3.03e-08	1.63e-16
 9.44728e+16	1.00e+00	2.06e-08	7.61e-17
 9.69434e+16	1.00e+00	1.42e-08	3.64e-17
 9.95198e+16	1.00e+00	9.69e-09	1.72e-17
 1.02241e+17	1.00e+00	6.58e-09	7.98e-18
 1.05043e+17	1.00e+00	4.47e-09	3.71e-18
 1.07885e+17	1.00e+00	3.06e-09	1.75e-18
 1.10727e+17	1.00e+00	2.12e-09	8.42e-19
 1.13569e+17	1.00e+00	1.48e-09	4.14e-19
 1.16411e+17	1.00e+00	1.04e-09	2.07e-19
 1.19254e+17	1.00e+00	7.44e-10	1.05e-19
 1.22096e+17	1.00e+00	5.34e-10	5.45e-20
 1.24939e+17	1.00e+00	3.86e-10	2.86e-20
 1.27781e+17	1.00e+00	2.82e-10	1.53e-20
 1.30624e+17	1.00e+00	2.07e-10	8.26e-21
 1.33466e+17	1.00e+00	1.53e-10	0.00e+00
 1.36309e+17	1.00e+00	1.14e-10	0.00e+00
 1.39151e+17	1.00e+00	8.56e-11	0.00e+00
 1.42137e+17	1.00e+00	6.36e-11	0.00e+00
 1.45267e+17	1.00e+00	4.71e-11	0.00e+00
 1.48398e+17	1.00e+00	3.52e-11	0.00e+00
 1.51927e+17	1.00e+00	2.54e-11	0.00e+00
 1.55856e+17	1.00e+00	1.80e-11	0.00e+00
 1.59938e+17	1.00e+00	1.28e-11	0.00e+00
 1.64237e+17	1.00e+00	9.13e-12	0.00e+00
 1.68638e+17	1.00e+00	6.61e-12	0.00e+00
 1.73103e+17	1.00e+00	4.90e-12	0.00e+00
 1.77676e+17	1.00e+00	3.72e-12	0.00e+00
 1.82337e+17	1.00e+00	2.90e-12	0.00e+00
 1.86997e+17	1.00e+00	2.35e-12	0.00e+00
 1.91657e+17	1.00e+00	1.98e-12	0.00e+00
 1.96526e+17	1.00e+00	1.71e-12	0.00e+00
 2.01676e+17	1.00e+00	1.49e-12	0.00e+00
 2.06925e+17	1.00e+00	1.34e-12	0.00e+00
 2.12302e+17	1.00e+00	1.24e-12	0.00e+00
 2.17902e+17	1.00e+00	1.15e-12	0.00e+00
 2.23632e+17	1.00e+00	1.08e-12	0.00e+00
 2.29295e+17	1.00e+00	1.04e-12	0.00e+00
 2.34806e+17	1.00e+00	1.03e-12	0.00e+00
 2.40182e+17	1.00e+00	1.03e-12	0.00e+00
 2.45428e+17	1.00e+00	1.03e-12	0.00e+00
 2.50521e+17	1.00e+00	1.04e-12	0.00e+00
 2.55433e+17	1.00e+00	1.05e-12	0.00e+00
 2.60144e+17	1.00e+00	1.06e-12	0.00e+00
 2.64634e+17	1.00e+00	1.07e-12	0.00e+00
 2.68903e+17	1.00e+00	1.09e-12	0.00e+00
 2.72962e+17	1.00e+00	1.11e-12	0.00e+00
 2.76820e+17	1.00e+00	1.13e-12	0.00e+00
 2.80477e+17	1.00e+00	1.15e-12	0.00e+00
 2.83936e+17	1.00e+00	1.17e-12	0.00e+00
 2.87202e+17	1.00e+00	1.19e-12	0.00e+00
 2.90285e+17	1.00e+00	1.21e-12	0.00e+00
 2.93194e+17	1.00e+00	1.22e-12	0.00e+00
 2.95941e+17	1.00e+00	1.24e-12	0.00e+00
 2.98534e+17	1.00e+00	1.26e-12	0.00e+00
 3.00982e+17	1.00e+00	1.27e-12	0.00e+00
 3.03293e+17	1.00e+00	1.29e-12	0.00e+00
 3.05475e+17	1.00e+00	1.30e-12	0.00e+00
 3.07536e+17	1.00e+00	1.31e-12	0.00e+00
 3.09484e+17	1.00e+00	1.32e-12	0.00e+00
 3.11327e+17	1.00e+00	1.34e-12	0.00e+00
 3.13070e+17	1.00e+00	1.35e-12	0.00e+00
 3.14718e+17	1.00e+00	1.36e-12	0.00e+00
 3.16278e+17	1.00e+00	1.37e-12	0.00e+00
 3.17755e+17	1.00e+00	1.38e-12	0.00e+00
 3.19156e+17	1.00e+00	1.38e-12	0.00e+00
 3.20483e+17	1.00e+00	1.39e-12	0.00e+00
 3.21743e+17	1.00e+00	1.40e-12	0.00e+00
 3.22938e+17	1.00e+00	1.41e-12	0.00e+00
 3.24072e+17	1.00e+00	1.41e-12	0.00e+00
 3.25150e+17	1.00e+00	1.42e-12	0.00e+00
 3.26173e+17	1.00e+00	1.43e-12	0.00e+00
 3.27147e+17	1.00e+00	1.43e-12	0.00e+00
 3.28074e+17	1.00e+00	1.44e-12	0.00e+00
 3.28956e+17	1.00e+00	1.44e-12	0.00e+00
 3.29796e+17	1.00e+00	1.45e-12	0.00e+00
 3.30597e+17	1.00e+00	1.45e-12	0.00e+00
 3.31361e+17	1.00e+00	1.45e-12	0.00e+00
 3.32091e+17	1.00e+00	1.46e-12	0.00e+00
 3.32788e+17	1.00e+00	1.46e-12	0.00e+00
 3.33454e+17	1.00e+00	1.47e-12	0.00e+00
 3.34092e+17	1.00e+00	1.47e-12	0.00e+00
 3.34704e+17	1.00e+00	1.47e-12	0.00e+00
 3.35290e+17	1.00e+00	1.47e-12	0.00e+00
 3.35854e+17	1.00e+00	1.48e-12	0.00e+00
 3.36396e+17	1.00e+00	1.48e-12	0.00e+00
 3.36918e+17	1.00e+00	1.48e-12	0.00e+00
 3.37422e+17	1.00e+00	1.48e-12	0.00e+00
 3.37909e+17	1.00e+00	1.49e-12	0.00e+00
 3.38381e+17	1.00e+00	1.49e-12	0.00e+00
 3.38839e+17	1.00e+00	1.49e-12	0.00e+00
 3.39284e+17	1.00e+00	1.49e-12	0.00e+00
 3.39720e+17	1.00e+00	1.49e-12	0.00e+00
 3.40145e+17	1.00e+00	1.50e-12	0.00e+00
 3.40563e+17	1.00e+00	1.50e-12	0.00e+00
 3.40976e+17	1.00e+00	1.50e-12	0.00e+00
 3.41384e+17	1.00e+00	1.50e-12	0.00e+00
 3.41790e+17	1.00e+00	1.50e-12	0.00e+00
 3.42196e+17	1.00e+00	1.50e-12	0.00e+00
 3.42604e+17	1.00e+00	1.50e-12	0.00e+00
 3.43017e+17	1.00e+00	1.50e-12	0.00e+00
 3.43439e+17	1.00e+00	1.50e-12	0.00e+00
 3.43873e+17	1.00e+00	1.50e-12	0.00e+00
 3.44324e+17	1.00e+00	1.50e-12	0.00e+00
 3.44797e+17	1.00e+00	1.50e-12	0.00e+00
 3.45300e+17	1.00e+00	1.50e-12	0.00e+00
 3.45842e+17	1.00e+00	1.50e-12	0.00e+00
 3.46437e+17	1.00e+00	1.50e-12	0.00e+00
 3.47100e+17	1.00e+00	1.50e-12	0.00e+00
 3.47856e+17	1.00e+00	1.49e-12	0.00e+00
 3.48739e+17	1.00e+00	1.48e-12	0.00e+00
 3.49798e+17	1.00e+00	1.47e-12	0.00e+00
 3.51107e+17	1.00e+00	1.46e-12	0.00e+00
 3.52780e+17	1.00e+00	1.43e-12	0.00e+00
 3.54954e+17	1.00e+00	1.39e-12	0.00e+00
 3.57781e+17	1.00e+00	1.32e-12	0.00e+00
 3.61455e+17	1.00e+00	1.23e-12	0.00e+00
 3.66232e+17	1.00e+00	1.11e-12	0.00e+00
 3.72442e+17	1.00e+00	9.61e-13	0.00e+00
 3.80515e+17	1.00e+00	7.88e-13	0.00e+00
 3.91010e+17	1.00e+00	6.02e-13	0.00e+00
 4.04653e+17	1.00e+00	4.16e-13	0.00e+00
 4.20611e+17	1.00e+00	2.52e-13	0.00e+00
 4.37436e+17	1.00e+00	2.06e-13	0.00e+00
 4.54933e+17	1.00e+00	1.82e-13	0.00e+00
 4.73130e+17	1.00e+00	1.60e-13	0.00e+00
 4.92056e+17	1.00e+00	1.39e-13	0.00e+00
 5.11738e+17	1.00e+00	1.20e-13	0.00e+00
 5.32208e+17	1.00e+00	1.02e-13	0.00e+00
 5.53496e+17	1.00e+00	8.57e-14	0.00e+00
 5.75636e+17	1.00e+00	7.12e-14	0.00e+00
 5.97795e+17	1.00e+00	5.82e-14	0.00e+00
 6.18390e+17	1.00e+00	6.01e-14	0.00e+00
 6.36698e+17	1.00e+00	7.60e-14	0.00e+00
 6.53203e+17	1.00e+00	9.49e-14	0.00e+00
 6.68759e+17	1.00e+00	1.04e-13	0.00e+00
 6.83737e+17	1.00e+00	1.02e-13	0.00e+00
 6.97773e+17	1.00e+00	9.93e-14	0.00e+00
 7.10260e+17	1.00e+00	1.04e-13	0.00e+00
 7.21041e+17	1.00e+00	1.15e-13	0.00e+00
 7.30464e+17	1.00e+00	1.24e-13	0.00e+00
 7.38750e+17	1.00e+00	1.26e-13	0.00e+00
 7.45296e+17	1.00e+00	1.28e-13	0.00e+00
 7.49483e+17	1.00e+00	1.40e-13	0.00e+00
 7.51809e+17	1.00e+00	1.55e-13	0.00e+00
 7.53142e+17	1.00e+00	1.64e-13	0.00e+00
 7.53942e+17	1.00e+00	1.69e-13	0.00e+00
 7.54445e+17	1.00e+00	1.72e-13	0.00e+00
 7.54870e+17	1.00e+00	1.74e-13	0.00e+00
 7.55362e+17	1.00e+00	1.75e-13	0.00e+00
 7.55927e+17	1.00e+00	1.77e-13	0.00e+00
 7.56424e+17	1.00e+00	1.78e-13	0.00e+00
 7.56823e+17	1.00e+00	1.79e-13	0.00e+00
 7.57208e+17	1.00e+00	1.79e-13	0.00e+00
 7.57580e+17	1.00e+00	1.80e-13	0.00e+00
 7.57945e+17	1.00e+00	1.80e-13	0.00e+00
 7.58308e+17	1.00e+00	1.80e-13	0.00e+00
 7.58638e+17	1.00e+00	1.80e-13	0.00e+00
 7.58921e+17	1.00e+00	1.80e-13	0.00e+00
 7.59176e+17	1.00e+00	1.80e-13	0.00e+00
 7.59425e+17	1.00e+00	1.79e-13	0.00e+00
 7.59677e+17	1.00e+00	1.79e-13	0.00e+00
 7.59947e+17	1.00e+00	1.79e-13	0.00e+00
 7.60218e+17	1.00e+00	1.78e-13	0.00e+00
 7.60458e+17	1.00e+00	1.78e-13	0.00e+00
 7.60669e+17	1.00e+00	1.78e-13	0.00e+00
 7.60865e+17	1.00e+00	1.77e-13	0.00e+00
 7.61078e+17	1.00e+00	1.77e-13	0.00e+00
 7.61303e+17	1.00e+00	1.76e-13	0.00e+00
 7.61505e+17	1.00e+00	1.76e-13	0.00e+00
 7.61688e+17	1.00e+00	1.75e-13	0.00e+00
 7.61874e+17	1.00e+00	1.75e-13	0.00e+00
 7.62065e+17	1.00e+00	1.74e-13	0.00e+00
 7.62259e+17	1.00e+00	1.74e-13	0.00e+00
 7.62452e+17	1.00e+00	1.73e-13	0.00e+00
 7.62632e+17	1.00e+00	1.73e-13	0.00e+00
 7.62803e+17	1.00e+00	1.72e-13	0.00e+00
 7.62975e+17	1.00e+00	1.72e-13	0.00e+00
 7.63164e+17	1.00e+00	1.71e-13	0.00e+00
 7.63361e+17	1.00e+00	1.70e-13	0.00e+00
 7.63540e+17	1.00e+00	1.69e-13	0.00e+00
 7.63715e+17	1.00e+00	1.69e-13	0.00e+00
 7.63900e+17	1.00e+00	1.68e-13	0.00e+00
 7.64094e+17	1.00e+00	1.67e-13	0.00e+00
 7.64290e+17	1.00e+00	1.67e-13	0.00e+00
 7.64485e+17	1.00e+00	1.66e-13	0.00e+00
 7.64680e+17	1.00e+00	1.65e-13	0.00e+00
 7.64875e+17	1.00e+00	1.64e-13	0.00e+00
 7.65088e+17	1.00e+00	1.63e-13	0.00e+00
 7.65307e+17	1.00e+00	1.62e-13	0.00e+00
 7.65517e+17	1.00e+00	1.61e-13	0.00e+00
 7.65728e+17	1.00e+00	1.60e-13	0.00e+00
 7.65953e+17	1.00e+00	1.59e-13	0.00e+00
 7.66182e+17	1.00e+00	1.58e-13	0.00e+00
 7.66405e+17	1.00e+00	1.57e-13	0.00e+00
 7.66646e+17	1.00e+00	1.55e-13	0.00e+00
 7.66911e+17	1.00e+00	1.54e-13	0.00e+00
 7.67173e+17	1.00e+00	1.53e-13	0.00e+00
 7.67417e+17	1.00e+00	1.51e-13	0.00e+00
 7.67667e+17	1.00e+00	1.50e-13	0.00e+00
 7.67944e+17	1.00e+00	1.49e-13	0.00e+00
 7.68233e+17	1.00e+00	1.47e-13	0.00e+00
 7.68525e+17	1.00e+00	1.45e-13	0.00e+00
 7.68819e+17	1.00e+00	1.44e-13	0.00e+00
 7.69116e+17	1.00e+00	1.42e-13	0.00e+00
 7.69431e+17	1.00e+00	1.40e-13	0.00e+00
 7.69756e+17	1.00e+00	1.39e-13	0.00e+00
 7.70088e+17	1.00e+00	1.37e-13	0.00e+00
 7.70426e+17	1.00e+00	1.35e-13	0.00e+00
 7.70769e+17	1.00e+00	1.33e-13	0.00e+00
 7.71122e+17	1.00e+00	1.31e-13	0.00e+00
 7.71475e+17	1.00e+00	1.29e-13	0.00e+00
 7.71858e+17	1.00e+00	1.27e-13	0.00e+00
 7.72268e+17	1.00e+00	1.24e-13	0.00e+00
 7.72670e+17	1.00e+00	1.22e-13	0.00e+00
 7.73066e+17	1.00e+00	1.19e-13	0.00e+00
 7.73467e+17	1.00e+00	1.17e-13	0.00e+00
 7.73900e+17	1.00e+00	1.15e-13	0.00e+00
 7.74369e+17	1.00e+00	1.12e-13	0.00e+00
 7.74831e+17	1.00e+00	1.09e-13	0.00e+00
 7.75260e+17	1.00e+00	1.07e-13	0.00e+00
 7.75711e+17	1.00e+00	1.04e-13	0.00e+00
 7.76207e+17	1.00e+00	1.02e-13	0.00e+00
 7.76727e+17	1.00e+00	9.89e-14	0.00e+00
 7.77244e+17	1.00e+00	9.59e-14	0.00e+00
 7.77749e+17	1.00e+00	9.31e-14	0.00e+00
 7.78258e+17	1.00e+00	9.04e-14	0.00e+00
 7.78787e+17	1.00e+00	8.77e-14	0.00e+00
 7.79343e+17	1.00e+00	8.48e-14	0.00e+00
 7.79919e+17	1.00e+00	8.18e-14	0.00e+00
 7.80496e+17	1.00e+00	7.88e-14	0.00e+00
 7.81067e+17	1.00e+00	7.59e-14	0.00e+00
 7.81653e+17	1.00e+00	7.30e-14	0.00e+00
 7.82263e+17	1.00e+00	7.01e-14	0.00e+00
 7.82891e+17	1.00e+00	6.71e-14	0.00e+00
 7.83524e+17	1.00e+00	6.42e-14	0.00e+00
 7.84157e+17	1.00e+00	6.13e-14	0.00e+00
 7.84813e+17	1.00e+00	5.84e-14	0.00e+00
 7.85489e+17	1.00e+00	5.55e-14	0.00e+00
 7.86165e+17	1.00e+00	5.26e-14	0.00e+00
 7.86839e+17	1.00e+00	4.99e-14	0.00e+00
 7.87553e+17	1.00e+00	4.72e-14	0.00e+00
 7.88298e+17	1.00e+00	4.42e-14	0.00e+00
 7.89026e+17	1.00e+00	4.15e-14	0.00e+00
 7.89741e+17	1.00e+00	3.90e-14	0.00e+00
 7.90486e+17	1.00e+00	3.65e-14	0.00e+00
 7.91289e+17	1.00e+00	3.39e-14	0.00e+00
 7.92119e+17	1.00e+00	3.14e-14	0.00e+00
 7.92932e+17	1.00e+00	2.89e-14	0.00e+00
 7.93670e+17	1.00e+00	2.67e-14	0.00e+00
 7.94297e+17	1.00e+00	2.49e-14	0.00e+00
 7.94840e+17	1.00e+00	2.35e-14	0.00e+00
 7.95352e+17	1.00e+00	2.23e-14	0.00e+00
 7.95857e+17	1.00e+00	2.11e-14	0.00e+00
 7.96349e+17	1.00e+00	2.00e-14	0.00e+00
 7.96812e+17	1.00e+00	1.90e-14	0.00e+00
 7.97239e+17	1.00e+00	1.81e-14	0.00e+00
 7.97640e+17	1.00e+00	1.73e-14	0.00e+00
 7.98026e+17	1.00e+00	1.65e-14	0.00e+00
 7.98404e+17	1.00e+00	1.58e-14	0.00e+00
 7.98770e+17	1.00e+00	1.51e-14	0.00e+00
 7.99121e+17	1.00e+00	1.45e-14	0.00e+00
 7.99453e+17	1.00e+00	1.39e-14	0.00e+00
 7.99772e+17	1.00e+00	1.34e-14	0.00e+00
 8.00082e+17	1.00e+00	1.29e-14	0.00e+00
 8.00384e+17	1.00e+00	1.24e-14	0.00e+00
 8.00676e+17	1.00e+00	1.19e-14	0.00e+00
 8.00958e+17	1.00e+00	1.15e-14	0.00e+00
 8.01230e+17	1.00e+00	1.11e-14	0.00e+00
 8.01494e+17	1.00e+00	1.07e-14	0.00e+00
 8.01751e+17	1.00e+00	1.03e-14	0.00e+00
