#depth	He	He+	He+2
 1.49634e+10	2.90e-20	2.52e-10	1.00e+00
 4.54887e+10	3.41e-20	2.77e-10	1.00e+00
 7.72350e+10	3.96e-20	3.04e-10	1.00e+00
 1.10251e+11	4.59e-20	3.33e-10	1.00e+00
 1.43850e+11	5.31e-20	3.65e-10	1.00e+00
 1.76696e+11	6.09e-20	3.98e-10	1.00e+00
 2.11594e+11	6.98e-20	4.35e-10	1.00e+00
 2.49985e+11	8.09e-20	4.78e-10	1.00e+00
 2.89111e+11	9.32e-20	5.25e-10	1.00e+00
 3.29802e+11	1.07e-19	5.76e-10	1.00e+00
 3.72921e+11	1.24e-19	6.35e-10	1.00e+00
 4.17765e+11	1.42e-19	6.99e-10	1.00e+00
 4.58323e+11	1.61e-19	7.61e-10	1.00e+00
 4.92118e+11	1.77e-19	8.15e-10	1.00e+00
 5.29144e+11	1.96e-19	8.77e-10	1.00e+00
 5.76036e+11	2.22e-19	9.59e-10	1.00e+00
 6.24936e+11	2.53e-19	1.05e-09	1.00e+00
 6.68255e+11	2.81e-19	1.14e-09	1.00e+00
 7.08744e+11	3.09e-19	1.22e-09	1.00e+00
 7.54981e+11	3.43e-19	1.32e-09	1.00e+00
 8.11701e+11	3.90e-19	1.45e-09	1.00e+00
 8.68160e+11	4.41e-19	1.58e-09	1.00e+00
 9.17319e+11	4.88e-19	1.70e-09	1.00e+00
 9.70873e+11	5.42e-19	1.84e-09	1.00e+00
 1.03613e+12	6.15e-19	2.02e-09	1.00e+00
 1.10273e+12	6.97e-19	2.21e-09	1.00e+00
 1.16405e+12	7.78e-19	2.40e-09	1.00e+00
 1.23238e+12	8.76e-19	2.62e-09	1.00e+00
 1.31139e+12	1.00e-18	2.88e-09	1.00e+00
 1.38910e+12	1.14e-18	3.15e-09	1.00e+00
 1.46362e+12	1.29e-18	3.42e-09	1.00e+00
 1.54579e+12	1.46e-18	3.74e-09	1.00e+00
 1.63755e+12	1.68e-18	4.11e-09	1.00e+00
 1.72103e+12	1.91e-18	4.46e-09	1.00e+00
 1.79138e+12	2.12e-18	4.77e-09	1.00e+00
 1.86879e+12	2.36e-18	5.11e-09	1.00e+00
 1.96576e+12	2.71e-18	5.58e-09	1.00e+00
 2.06250e+12	3.09e-18	6.06e-09	1.00e+00
 2.14408e+12	3.45e-18	6.47e-09	1.00e+00
 2.23161e+12	3.87e-18	6.94e-09	1.00e+00
 2.34166e+12	4.46e-18	7.54e-09	1.00e+00
 2.45624e+12	5.14e-18	8.21e-09	1.00e+00
 2.55914e+12	5.83e-18	8.82e-09	1.00e+00
 2.67163e+12	6.65e-18	9.51e-09	1.00e+00
 2.79503e+12	7.67e-18	1.03e-08	1.00e+00
 2.90752e+12	8.70e-18	1.11e-08	1.00e+00
 3.02867e+12	9.92e-18	1.19e-08	1.00e+00
 3.16447e+12	1.15e-17	1.29e-08	1.00e+00
 3.29312e+12	1.31e-17	1.39e-08	1.00e+00
 3.43418e+12	1.50e-17	1.50e-08	1.00e+00
 3.59005e+12	1.75e-17	1.63e-08	1.00e+00
 3.73465e+12	2.00e-17	1.75e-08	1.00e+00
 3.89209e+12	2.31e-17	1.89e-08	1.00e+00
 4.06849e+12	2.70e-17	2.05e-08	1.00e+00
 4.23551e+12	3.10e-17	2.21e-08	1.00e+00
 4.41638e+12	3.60e-17	2.39e-08	1.00e+00
 4.61776e+12	4.22e-17	2.60e-08	1.00e+00
 4.81086e+12	4.89e-17	2.81e-08	1.00e+00
 5.01686e+12	5.69e-17	3.04e-08	1.00e+00
 5.24747e+12	6.70e-17	3.31e-08	1.00e+00
 5.47764e+12	7.84e-17	3.59e-08	1.00e+00
 5.71702e+12	9.17e-17	3.89e-08	1.00e+00
 5.97563e+12	1.08e-16	4.24e-08	1.00e+00
 6.24458e+12	1.27e-16	4.61e-08	1.00e+00
 6.50826e+12	1.48e-16	4.98e-08	1.00e+00
 6.75302e+12	1.70e-16	5.35e-08	1.00e+00
 7.02360e+12	1.97e-16	5.76e-08	1.00e+00
 7.30179e+12	2.28e-16	6.21e-08	1.00e+00
 7.53422e+12	2.56e-16	6.59e-08	1.00e+00
 7.77947e+12	2.89e-16	7.01e-08	1.00e+00
 8.09141e+12	3.35e-16	7.56e-08	1.00e+00
 8.41727e+12	3.89e-16	8.15e-08	1.00e+00
 8.70591e+12	4.42e-16	8.69e-08	1.00e+00
 9.01894e+12	5.05e-16	9.30e-08	1.00e+00
 9.36805e+12	5.83e-16	1.00e-07	1.00e+00
 9.69494e+12	6.64e-16	1.07e-07	1.00e+00
 1.00507e+13	7.61e-16	1.14e-07	1.00e+00
 1.04467e+13	8.81e-16	1.23e-07	1.00e+00
 1.08165e+13	1.01e-15	1.32e-07	1.00e+00
 1.12187e+13	1.15e-15	1.41e-07	1.00e+00
 1.16679e+13	1.34e-15	1.52e-07	1.00e+00
 1.20906e+13	1.53e-15	1.63e-07	1.00e+00
 1.25520e+13	1.77e-15	1.75e-07	1.00e+00
 1.30678e+13	2.06e-15	1.89e-07	1.00e+00
 1.35547e+13	2.37e-15	2.03e-07	1.00e+00
 1.40773e+13	2.74e-15	2.18e-07	1.00e+00
 1.46703e+13	3.21e-15	2.36e-07	1.00e+00
 1.52525e+13	3.72e-15	2.55e-07	1.00e+00
 1.58580e+13	4.32e-15	2.74e-07	1.00e+00
 1.65223e+13	5.05e-15	2.97e-07	1.00e+00
 1.71953e+13	5.89e-15	3.21e-07	1.00e+00
 1.78952e+13	6.86e-15	3.47e-07	1.00e+00
 1.85973e+13	7.95e-15	3.74e-07	1.00e+00
 1.92602e+13	9.10e-15	4.00e-07	1.00e+00
 1.99934e+13	1.05e-14	4.30e-07	1.00e+00
 2.07276e+13	1.21e-14	4.62e-07	1.00e+00
 2.13339e+13	1.35e-14	4.88e-07	1.00e+00
 2.19752e+13	1.51e-14	5.18e-07	1.00e+00
 2.27993e+13	1.75e-14	5.56e-07	1.00e+00
 2.36666e+13	2.02e-14	5.99e-07	1.00e+00
 2.44309e+13	2.28e-14	6.38e-07	1.00e+00
 2.52557e+13	2.60e-14	6.81e-07	1.00e+00
 2.62513e+13	3.02e-14	7.36e-07	1.00e+00
 2.72616e+13	3.51e-14	7.93e-07	1.00e+00
 2.82030e+13	4.00e-14	8.48e-07	1.00e+00
 2.92519e+13	4.62e-14	9.13e-07	1.00e+00
 3.03696e+13	5.35e-14	9.85e-07	1.00e+00
 3.13629e+13	6.07e-14	1.05e-06	1.00e+00
 3.24300e+13	6.93e-14	1.12e-06	1.00e+00
 3.37088e+13	8.07e-14	1.22e-06	1.00e+00
 3.49664e+13	9.32e-14	1.31e-06	1.00e+00
 3.60846e+13	1.05e-13	1.39e-06	1.00e+00
 3.73181e+13	1.20e-13	1.49e-06	1.00e+00
 3.87905e+13	1.40e-13	1.62e-06	1.00e+00
 4.02539e+13	1.62e-13	1.74e-06	1.00e+00
 4.15901e+13	1.84e-13	1.86e-06	1.00e+00
 4.30810e+13	2.12e-13	2.00e-06	1.00e+00
 4.48171e+13	2.47e-13	2.17e-06	1.00e+00
 4.65222e+13	2.86e-13	2.34e-06	1.00e+00
 4.81311e+13	3.27e-13	2.51e-06	1.00e+00
 4.99218e+13	3.77e-13	2.70e-06	1.00e+00
 5.19486e+13	4.41e-13	2.93e-06	1.00e+00
 5.39764e+13	5.11e-13	3.17e-06	1.00e+00
 5.58763e+13	5.84e-13	3.40e-06	1.00e+00
 5.79322e+13	6.72e-13	3.66e-06	1.00e+00
 6.02320e+13	7.81e-13	3.96e-06	1.00e+00
 6.23834e+13	8.93e-13	4.25e-06	1.00e+00
 6.43787e+13	1.01e-12	4.53e-06	1.00e+00
 6.62993e+13	1.13e-12	4.81e-06	1.00e+00
 6.84330e+13	1.27e-12	5.13e-06	1.00e+00
 7.07952e+13	1.44e-12	5.49e-06	1.00e+00
 7.29976e+13	1.62e-12	5.85e-06	1.00e+00
 7.54038e+13	1.83e-12	6.24e-06	1.00e+00
 7.81107e+13	2.09e-12	6.70e-06	1.00e+00
 8.06881e+13	2.36e-12	7.16e-06	1.00e+00
 8.35180e+13	2.69e-12	7.68e-06	1.00e+00
 8.66366e+13	3.08e-12	8.27e-06	1.00e+00
 8.95056e+13	3.47e-12	8.83e-06	1.00e+00
 9.26104e+13	3.94e-12	9.46e-06	1.00e+00
 9.60841e+13	4.52e-12	1.02e-05	1.00e+00
 9.93549e+13	5.11e-12	1.09e-05	1.00e+00
 1.02924e+14	5.83e-12	1.17e-05	1.00e+00
 1.06890e+14	6.70e-12	1.27e-05	1.00e+00
 1.10593e+14	7.59e-12	1.36e-05	1.00e+00
 1.14609e+14	8.66e-12	1.46e-05	1.00e+00
 1.19100e+14	9.98e-12	1.58e-05	1.00e+00
 1.23372e+14	1.14e-11	1.70e-05	1.00e+00
 1.27938e+14	1.30e-11	1.83e-05	1.00e+00
 1.33086e+14	1.51e-11	1.99e-05	1.00e+00
 1.38165e+14	1.73e-11	2.15e-05	1.00e+00
 1.43447e+14	2.00e-11	2.32e-05	1.00e+00
 1.49215e+14	2.32e-11	2.52e-05	1.00e+00
 1.54919e+14	2.67e-11	2.73e-05	1.00e+00
 1.59667e+14	2.99e-11	2.91e-05	1.00e+00
 1.63497e+14	3.28e-11	3.06e-05	1.00e+00
 1.67742e+14	3.62e-11	3.23e-05	1.00e+00
 1.73260e+14	4.11e-11	3.46e-05	1.00e+00
 1.79177e+14	4.68e-11	3.72e-05	1.00e+00
 1.84430e+14	5.24e-11	3.96e-05	1.00e+00
 1.90075e+14	5.90e-11	4.23e-05	1.00e+00
 1.97146e+14	6.82e-11	4.58e-05	1.00e+00
 2.04315e+14	7.87e-11	4.95e-05	1.00e+00
 2.10527e+14	8.87e-11	5.28e-05	1.00e+00
 2.17250e+14	1.01e-10	5.66e-05	1.00e+00
 2.25485e+14	1.17e-10	6.15e-05	1.00e+00
 2.33819e+14	1.36e-10	6.67e-05	1.00e+00
 2.41251e+14	1.55e-10	7.15e-05	1.00e+00
 2.49379e+14	1.78e-10	7.70e-05	1.00e+00
 2.59067e+14	2.09e-10	8.38e-05	1.00e+00
 2.68640e+14	2.43e-10	9.10e-05	1.00e+00
 2.77310e+14	2.78e-10	9.77e-05	1.00e+00
 2.86952e+14	3.21e-10	1.06e-04	1.00e+00
 2.98264e+14	3.79e-10	1.15e-04	1.00e+00
 3.09405e+14	4.43e-10	1.25e-04	1.00e+00
 3.19790e+14	5.10e-10	1.35e-04	1.00e+00
 3.31409e+14	5.95e-10	1.46e-04	1.00e+00
 3.44695e+14	7.04e-10	1.60e-04	1.00e+00
 3.57818e+14	8.28e-10	1.74e-04	1.00e+00
 3.71465e+14	9.73e-10	1.89e-04	1.00e+00
 3.83867e+14	1.12e-09	2.04e-04	1.00e+00
 3.93143e+14	1.24e-09	2.15e-04	1.00e+00
 4.02740e+14	1.38e-09	2.27e-04	1.00e+00
 4.15215e+14	1.58e-09	2.43e-04	1.00e+00
 4.28774e+14	1.81e-09	2.61e-04	1.00e+00
 4.41047e+14	2.05e-09	2.78e-04	1.00e+00
 4.54306e+14	2.33e-09	2.97e-04	1.00e+00
 4.71051e+14	2.73e-09	3.22e-04	1.00e+00
 4.87914e+14	3.18e-09	3.49e-04	1.00e+00
 5.02149e+14	3.60e-09	3.72e-04	1.00e+00
 5.17381e+14	4.10e-09	3.98e-04	1.00e+00
 5.36526e+14	4.79e-09	4.31e-04	1.00e+00
 5.56607e+14	5.62e-09	4.68e-04	1.00e+00
 5.74777e+14	6.46e-09	5.02e-04	9.99e-01
 5.94611e+14	7.48e-09	5.41e-04	9.99e-01
 6.17952e+14	8.84e-09	5.89e-04	9.99e-01
 6.40798e+14	1.03e-08	6.38e-04	9.99e-01
 6.61786e+14	1.19e-08	6.84e-04	9.99e-01
 6.85413e+14	1.38e-08	7.39e-04	9.99e-01
 7.12758e+14	1.63e-08	8.05e-04	9.99e-01
 7.39517e+14	1.91e-08	8.72e-04	9.99e-01
 7.64896e+14	2.21e-08	9.38e-04	9.99e-01
 7.93072e+14	2.58e-08	1.02e-03	9.99e-01
 8.19797e+14	2.98e-08	1.09e-03	9.99e-01
 8.39805e+14	3.30e-08	1.15e-03	9.99e-01
 8.60153e+14	3.66e-08	1.21e-03	9.99e-01
 8.86605e+14	4.16e-08	1.29e-03	9.99e-01
 9.15336e+14	4.76e-08	1.38e-03	9.99e-01
 9.41200e+14	5.36e-08	1.47e-03	9.99e-01
 9.68993e+14	6.06e-08	1.56e-03	9.98e-01
 1.00441e+15	7.06e-08	1.69e-03	9.98e-01
 1.04016e+15	8.19e-08	1.82e-03	9.98e-01
 1.06997e+15	9.22e-08	1.93e-03	9.98e-01
 1.10166e+15	1.04e-07	2.05e-03	9.98e-01
 1.14198e+15	1.21e-07	2.21e-03	9.98e-01
 1.18417e+15	1.41e-07	2.39e-03	9.98e-01
 1.22121e+15	1.60e-07	2.55e-03	9.97e-01
 1.26089e+15	1.83e-07	2.73e-03	9.97e-01
 1.30901e+15	2.14e-07	2.95e-03	9.97e-01
 1.35683e+15	2.49e-07	3.18e-03	9.97e-01
 1.39915e+15	2.82e-07	3.39e-03	9.97e-01
 1.44556e+15	3.23e-07	3.63e-03	9.96e-01
 1.49658e+15	3.73e-07	3.90e-03	9.96e-01
 1.54336e+15	4.22e-07	4.16e-03	9.96e-01
 1.58352e+15	4.69e-07	4.39e-03	9.96e-01
 1.62530e+15	5.23e-07	4.63e-03	9.95e-01
 1.67242e+15	5.90e-07	4.92e-03	9.95e-01
 1.71734e+15	6.57e-07	5.19e-03	9.95e-01
 1.76661e+15	7.40e-07	5.51e-03	9.94e-01
 1.82060e+15	8.38e-07	5.87e-03	9.94e-01
 1.87026e+15	9.36e-07	6.20e-03	9.94e-01
 1.92437e+15	1.06e-06	6.59e-03	9.93e-01
 1.98465e+15	1.20e-06	7.02e-03	9.93e-01
 2.04182e+15	1.35e-06	7.45e-03	9.93e-01
 2.10504e+15	1.53e-06	7.95e-03	9.92e-01
 2.17412e+15	1.75e-06	8.50e-03	9.91e-01
 2.23660e+15	1.96e-06	9.01e-03	9.91e-01
 2.30359e+15	2.22e-06	9.60e-03	9.90e-01
 2.37808e+15	2.54e-06	1.03e-02	9.90e-01
 2.44825e+15	2.86e-06	1.09e-02	9.89e-01
 2.52539e+15	3.26e-06	1.17e-02	9.88e-01
 2.60969e+15	3.73e-06	1.25e-02	9.87e-01
 2.68276e+15	4.17e-06	1.32e-02	9.87e-01
 2.74669e+15	4.60e-06	1.39e-02	9.86e-01
 2.81927e+15	5.14e-06	1.48e-02	9.85e-01
 2.89939e+15	5.79e-06	1.57e-02	9.84e-01
 2.97346e+15	6.42e-06	1.66e-02	9.83e-01
 3.04120e+15	7.05e-06	1.75e-02	9.83e-01
 3.11659e+15	7.84e-06	1.85e-02	9.81e-01
 3.19875e+15	8.75e-06	1.96e-02	9.80e-01
 3.27652e+15	9.69e-06	2.08e-02	9.79e-01
 3.35205e+15	1.07e-05	2.19e-02	9.78e-01
 3.43784e+15	1.20e-05	2.34e-02	9.77e-01
 3.53257e+15	1.35e-05	2.50e-02	9.75e-01
 3.62022e+15	1.50e-05	2.66e-02	9.73e-01
 3.70105e+15	1.66e-05	2.82e-02	9.72e-01
 3.79168e+15	1.86e-05	3.02e-02	9.70e-01
 3.89197e+15	2.11e-05	3.25e-02	9.67e-01
 3.98479e+15	2.35e-05	3.48e-02	9.65e-01
 4.07110e+15	2.62e-05	3.71e-02	9.63e-01
 4.16899e+15	2.97e-05	4.01e-02	9.60e-01
 4.27021e+15	3.36e-05	4.34e-02	9.57e-01
 4.35472e+15	3.74e-05	4.64e-02	9.54e-01
 4.44357e+15	4.20e-05	5.01e-02	9.50e-01
 4.54003e+15	4.78e-05	5.45e-02	9.45e-01
 4.62559e+15	5.35e-05	5.87e-02	9.41e-01
 4.69460e+15	5.86e-05	6.25e-02	9.37e-01
 4.75295e+15	6.36e-05	6.61e-02	9.34e-01
 4.81890e+15	7.01e-05	7.06e-02	9.29e-01
 4.89089e+15	7.83e-05	7.60e-02	9.24e-01
 4.95395e+15	8.59e-05	8.11e-02	9.19e-01
 5.01024e+15	9.36e-05	8.62e-02	9.14e-01
 5.07452e+15	1.04e-04	9.29e-02	9.07e-01
 5.14650e+15	1.17e-04	1.01e-01	8.99e-01
 5.21017e+15	1.32e-04	1.09e-01	8.91e-01
 5.25982e+15	1.44e-04	1.16e-01	8.84e-01
 5.30954e+15	1.57e-04	1.24e-01	8.76e-01
 5.37419e+15	1.78e-04	1.36e-01	8.64e-01
 5.43992e+15	2.03e-04	1.49e-01	8.51e-01
 5.49170e+15	2.28e-04	1.61e-01	8.39e-01
 5.53221e+15	2.47e-04	1.71e-01	8.29e-01
 5.57346e+15	2.71e-04	1.83e-01	8.17e-01
 5.62710e+15	3.10e-04	2.00e-01	8.00e-01
 5.68011e+15	3.48e-04	2.18e-01	7.82e-01
 5.73234e+15	3.96e-04	2.39e-01	7.61e-01
 5.78623e+15	4.53e-04	2.62e-01	7.37e-01
 5.83026e+15	5.11e-04	2.84e-01	7.16e-01
 5.86633e+15	5.60e-04	3.03e-01	6.97e-01
 5.90409e+15	6.21e-04	3.25e-01	6.75e-01
 5.95318e+15	7.10e-04	3.56e-01	6.44e-01
 5.99529e+15	7.87e-04	3.83e-01	6.16e-01
 6.02219e+15	8.49e-04	4.02e-01	5.97e-01
 6.04518e+15	9.03e-04	4.19e-01	5.80e-01
 6.06922e+15	9.64e-04	4.37e-01	5.62e-01
 6.10046e+15	1.05e-03	4.62e-01	5.37e-01
 6.13318e+15	1.14e-03	4.88e-01	5.11e-01
 6.16164e+15	1.23e-03	5.11e-01	4.88e-01
 6.19250e+15	1.33e-03	5.37e-01	4.62e-01
 6.22542e+15	1.45e-03	5.64e-01	4.35e-01
 6.25467e+15	1.55e-03	5.87e-01	4.11e-01
 6.28197e+15	1.65e-03	6.10e-01	3.89e-01
 6.31310e+15	1.78e-03	6.35e-01	3.63e-01
 6.34642e+15	1.92e-03	6.61e-01	3.37e-01
 6.37602e+15	2.04e-03	6.82e-01	3.16e-01
 6.40364e+15	2.17e-03	7.03e-01	2.95e-01
 6.43524e+15	2.31e-03	7.25e-01	2.73e-01
 6.46939e+15	2.47e-03	7.47e-01	2.51e-01
 6.49982e+15	2.62e-03	7.65e-01	2.32e-01
 6.52810e+15	2.76e-03	7.81e-01	2.16e-01
 6.56061e+15	2.94e-03	7.99e-01	1.98e-01
 6.59603e+15	3.13e-03	8.17e-01	1.80e-01
 6.62767e+15	3.30e-03	8.30e-01	1.66e-01
 6.65659e+15	3.47e-03	8.43e-01	1.54e-01
 6.68952e+15	3.66e-03	8.56e-01	1.41e-01
 6.72492e+15	3.89e-03	8.68e-01	1.28e-01
 6.75652e+15	4.09e-03	8.78e-01	1.18e-01
 6.78611e+15	4.30e-03	8.86e-01	1.09e-01
 6.82012e+15	4.56e-03	8.96e-01	9.97e-02
 6.85781e+15	4.86e-03	9.05e-01	9.05e-02
 6.89177e+15	5.14e-03	9.12e-01	8.33e-02
 6.92150e+15	5.41e-03	9.17e-01	7.72e-02
 6.95425e+15	5.73e-03	9.23e-01	7.10e-02
 6.99683e+15	6.19e-03	9.30e-01	6.36e-02
 7.03944e+15	6.71e-03	9.36e-01	5.75e-02
 7.07229e+15	7.15e-03	9.40e-01	5.33e-02
 7.10522e+15	7.65e-03	9.43e-01	4.91e-02
 7.14803e+15	8.37e-03	9.47e-01	4.42e-02
 7.19210e+15	9.25e-03	9.51e-01	4.00e-02
 7.22718e+15	1.00e-02	9.53e-01	3.70e-02
 7.25655e+15	1.08e-02	9.55e-01	3.46e-02
 7.28907e+15	1.18e-02	9.56e-01	3.21e-02
 7.33136e+15	1.33e-02	9.58e-01	2.91e-02
 7.37254e+15	1.50e-02	9.58e-01	2.67e-02
 7.39987e+15	1.65e-02	9.58e-01	2.52e-02
 7.41819e+15	1.76e-02	9.58e-01	2.43e-02
 7.43721e+15	1.88e-02	9.58e-01	2.33e-02
 7.46192e+15	2.06e-02	9.57e-01	2.21e-02
 7.48775e+15	2.28e-02	9.56e-01	2.09e-02
 7.50862e+15	2.51e-02	9.55e-01	2.00e-02
 7.52546e+15	2.70e-02	9.54e-01	1.94e-02
 7.54347e+15	2.93e-02	9.52e-01	1.87e-02
 7.56367e+15	3.24e-02	9.50e-01	1.79e-02
 7.58217e+15	3.57e-02	9.47e-01	1.73e-02
 7.59811e+15	3.91e-02	9.44e-01	1.68e-02
 7.61285e+15	4.23e-02	9.41e-01	1.64e-02
 7.62710e+15	4.61e-02	9.38e-01	1.59e-02
 7.64315e+15	5.09e-02	9.34e-01	1.55e-02
 7.66078e+15	5.69e-02	9.28e-01	1.51e-02
 7.67616e+15	6.34e-02	9.22e-01	1.47e-02
 7.68917e+15	6.93e-02	9.16e-01	1.45e-02
 7.70342e+15	7.70e-02	9.09e-01	1.42e-02
 7.71940e+15	8.66e-02	8.99e-01	1.40e-02
 7.73424e+15	9.74e-02	8.89e-01	1.38e-02
 7.74617e+15	1.07e-01	8.79e-01	1.37e-02
 7.75573e+15	1.16e-01	8.70e-01	1.36e-02
 7.76559e+15	1.26e-01	8.60e-01	1.35e-02
 7.77662e+15	1.39e-01	8.48e-01	1.35e-02
 7.78722e+15	1.52e-01	8.34e-01	1.34e-02
 7.79614e+15	1.65e-01	8.22e-01	1.34e-02
 7.80400e+15	1.77e-01	8.10e-01	1.34e-02
 7.81020e+15	1.87e-01	8.00e-01	1.34e-02
 7.81453e+15	1.94e-01	7.92e-01	1.34e-02
 7.81862e+15	2.02e-01	7.85e-01	1.34e-02
 7.82333e+15	2.11e-01	7.76e-01	1.34e-02
 7.82842e+15	2.21e-01	7.66e-01	1.34e-02
 7.83334e+15	2.31e-01	7.56e-01	1.34e-02
 7.83801e+15	2.41e-01	7.46e-01	1.34e-02
 7.84265e+15	2.51e-01	7.35e-01	1.34e-02
 7.84732e+15	2.62e-01	7.25e-01	1.34e-02
 7.85201e+15	2.73e-01	7.13e-01	1.34e-02
 7.85664e+15	2.85e-01	7.02e-01	1.34e-02
 7.86126e+15	2.97e-01	6.90e-01	1.34e-02
 7.86591e+15	3.10e-01	6.77e-01	1.33e-02
 7.87049e+15	3.22e-01	6.64e-01	1.33e-02
 7.87502e+15	3.35e-01	6.52e-01	1.33e-02
 7.87962e+15	3.49e-01	6.38e-01	1.32e-02
 7.88422e+15	3.63e-01	6.24e-01	1.32e-02
 7.88881e+15	3.78e-01	6.09e-01	1.31e-02
 7.89340e+15	3.92e-01	5.95e-01	1.31e-02
 7.89801e+15	4.07e-01	5.80e-01	1.30e-02
 7.90263e+15	4.23e-01	5.64e-01	1.29e-02
 7.90729e+15	4.39e-01	5.48e-01	1.28e-02
 7.91204e+15	4.55e-01	5.32e-01	1.27e-02
 7.91674e+15	4.72e-01	5.16e-01	1.26e-02
 7.92145e+15	4.88e-01	4.99e-01	1.24e-02
 7.92626e+15	5.06e-01	4.82e-01	1.23e-02
 7.93111e+15	5.23e-01	4.65e-01	1.21e-02
 7.93594e+15	5.40e-01	4.48e-01	1.19e-02
 7.94076e+15	5.57e-01	4.31e-01	1.17e-02
 7.94558e+15	5.74e-01	4.14e-01	1.15e-02
 7.95046e+15	5.91e-01	3.98e-01	1.13e-02
 7.95541e+15	6.08e-01	3.81e-01	1.10e-02
 7.96043e+15	6.24e-01	3.65e-01	1.08e-02
 7.96554e+15	6.41e-01	3.49e-01	1.05e-02
 7.97078e+15	6.57e-01	3.33e-01	1.02e-02
 7.97615e+15	6.73e-01	3.17e-01	9.87e-03
 7.98172e+15	6.88e-01	3.02e-01	9.55e-03
 7.98754e+15	7.03e-01	2.87e-01	9.24e-03
 7.99358e+15	7.18e-01	2.73e-01	8.90e-03
 7.99989e+15	7.33e-01	2.59e-01	8.55e-03
 8.00664e+15	7.47e-01	2.45e-01	8.17e-03
 8.01401e+15	7.60e-01	2.32e-01	7.80e-03
 8.02204e+15	7.74e-01	2.19e-01	7.42e-03
 8.03075e+15	7.86e-01	2.07e-01	7.05e-03
 8.04041e+15	7.97e-01	1.96e-01	6.68e-03
 8.05140e+15	8.08e-01	1.86e-01	6.31e-03
 8.06312e+15	8.17e-01	1.77e-01	5.97e-03
 8.07475e+15	8.25e-01	1.70e-01	5.68e-03
 8.08631e+15	8.31e-01	1.64e-01	5.44e-03
 8.09930e+15	8.36e-01	1.58e-01	5.17e-03
 8.11438e+15	8.42e-01	1.53e-01	4.92e-03
 8.13060e+15	8.47e-01	1.49e-01	4.68e-03
 8.14777e+15	8.51e-01	1.45e-01	4.45e-03
 8.16574e+15	8.55e-01	1.41e-01	4.23e-03
 8.18426e+15	8.59e-01	1.37e-01	4.02e-03
 8.20301e+15	8.62e-01	1.34e-01	3.82e-03
 8.22174e+15	8.66e-01	1.31e-01	3.63e-03
 8.24031e+15	8.69e-01	1.28e-01	3.46e-03
 8.25863e+15	8.72e-01	1.25e-01	3.30e-03
 8.27665e+15	8.75e-01	1.22e-01	3.15e-03
 8.29436e+15	8.78e-01	1.19e-01	3.01e-03
 8.31174e+15	8.80e-01	1.17e-01	2.88e-03
 8.32880e+15	8.83e-01	1.15e-01	2.76e-03
 8.34553e+15	8.85e-01	1.12e-01	2.65e-03
 8.36236e+15	8.87e-01	1.10e-01	2.54e-03
 8.37869e+15	8.89e-01	1.08e-01	2.44e-03
 8.39443e+15	8.92e-01	1.06e-01	2.35e-03
 8.41022e+15	8.94e-01	1.04e-01	2.26e-03
 8.42571e+15	8.96e-01	1.02e-01	2.17e-03
 8.44077e+15	8.97e-01	1.00e-01	2.09e-03
 8.45547e+15	8.99e-01	9.87e-02	2.02e-03
 8.46979e+15	9.01e-01	9.70e-02	1.95e-03
 8.48386e+15	9.03e-01	9.54e-02	1.88e-03
 8.49797e+15	9.04e-01	9.39e-02	1.82e-03
 8.51205e+15	9.06e-01	9.24e-02	1.76e-03
 8.52594e+15	9.07e-01	9.09e-02	1.70e-03
 8.53960e+15	9.09e-01	8.95e-02	1.64e-03
 8.55309e+15	9.10e-01	8.81e-02	1.59e-03
 8.56647e+15	9.12e-01	8.67e-02	1.54e-03
 8.57973e+15	9.13e-01	8.54e-02	1.49e-03
 8.59288e+15	9.14e-01	8.41e-02	1.45e-03
 8.60593e+15	9.16e-01	8.29e-02	1.40e-03
 8.61891e+15	9.17e-01	8.17e-02	1.36e-03
 8.63184e+15	9.18e-01	8.05e-02	1.32e-03
 8.64474e+15	9.19e-01	7.93e-02	1.28e-03
 8.65763e+15	9.21e-01	7.82e-02	1.24e-03
 8.67053e+15	9.22e-01	7.70e-02	1.20e-03
 8.68348e+15	9.23e-01	7.59e-02	1.17e-03
 8.69660e+15	9.24e-01	7.48e-02	1.13e-03
 8.71006e+15	9.25e-01	7.37e-02	1.09e-03
 8.72392e+15	9.26e-01	7.26e-02	1.06e-03
 8.73807e+15	9.28e-01	7.14e-02	1.03e-03
 8.75256e+15	9.29e-01	7.03e-02	9.91e-04
 8.76755e+15	9.30e-01	6.91e-02	9.57e-04
 8.78324e+15	9.31e-01	6.79e-02	9.22e-04
 8.79986e+15	9.32e-01	6.67e-02	8.87e-04
 8.81773e+15	9.34e-01	6.54e-02	8.51e-04
 8.83737e+15	9.35e-01	6.39e-02	8.12e-04
 8.85962e+15	9.37e-01	6.24e-02	7.71e-04
 8.88502e+15	9.39e-01	6.06e-02	7.26e-04
 8.91130e+15	9.40e-01	5.89e-02	6.83e-04
 8.93569e+15	9.42e-01	5.73e-02	6.46e-04
 8.95790e+15	9.43e-01	5.60e-02	6.14e-04
 8.97810e+15	9.45e-01	5.48e-02	5.86e-04
 8.99649e+15	9.46e-01	5.37e-02	5.62e-04
 9.01322e+15	9.47e-01	5.27e-02	5.41e-04
 9.02844e+15	9.48e-01	5.18e-02	5.22e-04
 9.04230e+15	9.49e-01	5.10e-02	5.04e-04
 9.05491e+15	9.49e-01	5.03e-02	4.90e-04
 9.06872e+15	9.50e-01	4.95e-02	4.74e-04
 9.08669e+15	9.51e-01	4.85e-02	4.54e-04
 9.10608e+15	9.52e-01	4.74e-02	4.34e-04
 9.12372e+15	9.53e-01	4.65e-02	4.17e-04
 9.13978e+15	9.54e-01	4.56e-02	4.00e-04
 9.15439e+15	9.55e-01	4.48e-02	3.86e-04
 9.16769e+15	9.55e-01	4.41e-02	3.74e-04
 9.17979e+15	9.56e-01	4.35e-02	3.63e-04
 9.19080e+15	9.57e-01	4.30e-02	3.53e-04
 9.20286e+15	9.57e-01	4.23e-02	3.42e-04
 9.21589e+15	9.58e-01	4.17e-02	3.32e-04
 9.22774e+15	9.59e-01	4.11e-02	3.22e-04
 9.23853e+15	9.59e-01	4.05e-02	3.13e-04
 9.25035e+15	9.60e-01	3.99e-02	3.03e-04
 9.26311e+15	9.60e-01	3.93e-02	2.94e-04
 9.27472e+15	9.61e-01	3.88e-02	2.85e-04
 9.28529e+15	9.61e-01	3.83e-02	2.78e-04
 9.29491e+15	9.62e-01	3.78e-02	2.71e-04
 9.30545e+15	9.62e-01	3.73e-02	2.63e-04
 9.31682e+15	9.63e-01	3.68e-02	2.56e-04
 9.32717e+15	9.63e-01	3.63e-02	2.49e-04
 9.33659e+15	9.64e-01	3.58e-02	2.43e-04
 9.34692e+15	9.64e-01	3.53e-02	2.36e-04
 9.35806e+15	9.65e-01	3.49e-02	2.29e-04
 9.36820e+15	9.65e-01	3.44e-02	2.23e-04
 9.37743e+15	9.66e-01	3.40e-02	2.18e-04
 9.38754e+15	9.66e-01	3.35e-02	2.12e-04
 9.39846e+15	9.67e-01	3.31e-02	2.06e-04
 9.40840e+15	9.67e-01	3.27e-02	2.01e-04
 9.41744e+15	9.68e-01	3.23e-02	1.96e-04
 9.42735e+15	9.68e-01	3.18e-02	1.91e-04
 9.43804e+15	9.68e-01	3.14e-02	1.86e-04
 9.44777e+15	9.69e-01	3.10e-02	1.81e-04
 9.45663e+15	9.69e-01	3.07e-02	1.77e-04
 9.46634e+15	9.70e-01	3.03e-02	1.72e-04
 9.47681e+15	9.70e-01	2.99e-02	1.68e-04
 9.48635e+15	9.70e-01	2.95e-02	1.64e-04
 9.49680e+15	9.71e-01	2.91e-02	1.59e-04
 9.50808e+15	9.71e-01	2.87e-02	1.55e-04
 9.51834e+15	9.72e-01	2.83e-02	1.50e-04
 9.52768e+15	9.72e-01	2.80e-02	1.47e-04
 9.53792e+15	9.72e-01	2.76e-02	1.43e-04
 9.55122e+15	9.73e-01	2.72e-02	1.38e-04
 9.56559e+15	9.73e-01	2.67e-02	1.34e-04
 9.57866e+15	9.74e-01	2.63e-02	1.29e-04
 9.59055e+15	9.74e-01	2.59e-02	1.26e-04
 9.60138e+15	9.74e-01	2.56e-02	1.22e-04
 9.61324e+15	9.75e-01	2.52e-02	1.19e-04
 9.62605e+15	9.75e-01	2.48e-02	1.15e-04
 9.63770e+15	9.75e-01	2.45e-02	1.12e-04
 9.64830e+15	9.76e-01	2.42e-02	1.09e-04
 9.65992e+15	9.76e-01	2.38e-02	1.06e-04
 9.67247e+15	9.76e-01	2.35e-02	1.03e-04
 9.68389e+15	9.77e-01	2.32e-02	1.00e-04
 9.69640e+15	9.77e-01	2.28e-02	9.74e-05
 9.70990e+15	9.77e-01	2.25e-02	9.45e-05
 9.72219e+15	9.78e-01	2.22e-02	9.19e-05
 9.73566e+15	9.78e-01	2.18e-02	8.89e-05
 9.75020e+15	9.78e-01	2.14e-02	8.61e-05
 9.76343e+15	9.79e-01	2.11e-02	8.36e-05
 9.77547e+15	9.79e-01	2.08e-02	8.13e-05
 9.78866e+15	9.79e-01	2.05e-02	7.88e-05
 9.80290e+15	9.80e-01	2.02e-02	7.65e-05
 9.81586e+15	9.80e-01	1.99e-02	7.43e-05
 9.83007e+15	9.80e-01	1.96e-02	7.19e-05
 9.84540e+15	9.81e-01	1.93e-02	6.96e-05
 9.85935e+15	9.81e-01	1.90e-02	6.75e-05
 9.87464e+15	9.81e-01	1.86e-02	6.52e-05
 9.89115e+15	9.82e-01	1.83e-02	6.30e-05
 9.90617e+15	9.82e-01	1.80e-02	6.11e-05
 9.91984e+15	9.82e-01	1.78e-02	5.93e-05
 9.93482e+15	9.82e-01	1.75e-02	5.74e-05
 9.95099e+15	9.83e-01	1.72e-02	5.55e-05
 9.96570e+15	9.83e-01	1.69e-02	5.39e-05
 9.98183e+15	9.83e-01	1.66e-02	5.20e-05
 9.99923e+15	9.84e-01	1.63e-02	5.03e-05
 1.00151e+16	9.84e-01	1.61e-02	4.87e-05
 1.00324e+16	9.84e-01	1.58e-02	4.69e-05
 1.00512e+16	9.84e-01	1.55e-02	4.52e-05
 1.00682e+16	9.85e-01	1.52e-02	4.37e-05
 1.00837e+16	9.85e-01	1.50e-02	4.24e-05
 1.01007e+16	9.85e-01	1.47e-02	4.10e-05
 1.01191e+16	9.85e-01	1.45e-02	3.96e-05
 1.01358e+16	9.86e-01	1.42e-02	3.83e-05
 1.01541e+16	9.86e-01	1.40e-02	3.69e-05
 1.01739e+16	9.86e-01	1.37e-02	3.56e-05
 1.01919e+16	9.86e-01	1.35e-02	3.44e-05
 1.02116e+16	9.87e-01	1.32e-02	3.31e-05
 1.02329e+16	9.87e-01	1.30e-02	3.19e-05
 1.02522e+16	9.87e-01	1.27e-02	3.08e-05
 1.02734e+16	9.87e-01	1.25e-02	2.95e-05
 1.02963e+16	9.88e-01	1.22e-02	2.83e-05
 1.03172e+16	9.88e-01	1.20e-02	2.73e-05
 1.03400e+16	9.88e-01	1.18e-02	2.62e-05
 1.03647e+16	9.88e-01	1.15e-02	2.51e-05
 1.03871e+16	9.89e-01	1.13e-02	2.41e-05
 1.04117e+16	9.89e-01	1.10e-02	2.31e-05
 1.04382e+16	9.89e-01	1.08e-02	2.20e-05
 1.04624e+16	9.89e-01	1.06e-02	2.12e-05
 1.04844e+16	9.90e-01	1.04e-02	2.04e-05
 1.05085e+16	9.90e-01	1.01e-02	1.95e-05
 1.05345e+16	9.90e-01	9.92e-03	1.87e-05
 1.05581e+16	9.90e-01	9.73e-03	1.80e-05
 1.05841e+16	9.90e-01	9.51e-03	1.72e-05
 1.06121e+16	9.91e-01	9.29e-03	1.65e-05
 1.06375e+16	9.91e-01	9.11e-03	1.58e-05
 1.06654e+16	9.91e-01	8.89e-03	1.51e-05
 1.06956e+16	9.91e-01	8.68e-03	1.44e-05
 1.07230e+16	9.91e-01	8.50e-03	1.38e-05
 1.07531e+16	9.92e-01	8.29e-03	1.31e-05
 1.07855e+16	9.92e-01	8.08e-03	1.25e-05
 1.08150e+16	9.92e-01	7.90e-03	1.20e-05
 1.08474e+16	9.92e-01	7.70e-03	1.14e-05
 1.08823e+16	9.92e-01	7.50e-03	1.08e-05
 1.09141e+16	9.93e-01	7.32e-03	1.03e-05
 1.09489e+16	9.93e-01	7.13e-03	9.74e-06
 1.09865e+16	9.93e-01	6.93e-03	9.22e-06
 1.10207e+16	9.93e-01	6.76e-03	8.78e-06
 1.10582e+16	9.93e-01	6.57e-03	8.30e-06
 1.11069e+16	9.94e-01	6.33e-03	7.71e-06
 1.11639e+16	9.94e-01	6.07e-03	7.11e-06
 1.12224e+16	9.94e-01	5.83e-03	6.55e-06
 1.12810e+16	9.94e-01	5.59e-03	6.04e-06
 1.13417e+16	9.95e-01	5.36e-03	5.55e-06
 1.14051e+16	9.95e-01	5.13e-03	5.09e-06
 1.14708e+16	9.95e-01	4.91e-03	4.66e-06
 1.15386e+16	9.95e-01	4.69e-03	4.26e-06
 1.16087e+16	9.96e-01	4.48e-03	3.89e-06
 1.16813e+16	9.96e-01	4.27e-03	3.54e-06
 1.17559e+16	9.96e-01	4.07e-03	3.22e-06
 1.18316e+16	9.96e-01	3.88e-03	2.93e-06
 1.19084e+16	9.96e-01	3.69e-03	2.66e-06
 1.19865e+16	9.96e-01	3.52e-03	2.42e-06
 1.20652e+16	9.97e-01	3.35e-03	2.20e-06
 1.21450e+16	9.97e-01	3.19e-03	1.99e-06
 1.22274e+16	9.97e-01	3.04e-03	1.81e-06
 1.23118e+16	9.97e-01	2.89e-03	1.63e-06
 1.23973e+16	9.97e-01	2.75e-03	1.48e-06
 1.24842e+16	9.97e-01	2.61e-03	1.34e-06
 1.25726e+16	9.98e-01	2.48e-03	1.21e-06
 1.26628e+16	9.98e-01	2.35e-03	1.09e-06
 1.27547e+16	9.98e-01	2.23e-03	9.82e-07
 1.28484e+16	9.98e-01	2.12e-03	8.85e-07
 1.29437e+16	9.98e-01	2.01e-03	7.96e-07
 1.30407e+16	9.98e-01	1.90e-03	7.15e-07
 1.31396e+16	9.98e-01	1.80e-03	6.42e-07
 1.32406e+16	9.98e-01	1.71e-03	5.75e-07
 1.33436e+16	9.98e-01	1.61e-03	5.15e-07
 1.34487e+16	9.98e-01	1.52e-03	4.61e-07
 1.35558e+16	9.99e-01	1.44e-03	4.11e-07
 1.36653e+16	9.99e-01	1.36e-03	3.67e-07
 1.37770e+16	9.99e-01	1.28e-03	3.26e-07
 1.38912e+16	9.99e-01	1.21e-03	2.90e-07
 1.40080e+16	9.99e-01	1.14e-03	2.57e-07
 1.41274e+16	9.99e-01	1.07e-03	2.28e-07
 1.42497e+16	9.99e-01	1.00e-03	2.01e-07
 1.43749e+16	9.99e-01	9.42e-04	1.77e-07
 1.45033e+16	9.99e-01	8.83e-04	1.56e-07
 1.46351e+16	9.99e-01	8.27e-04	1.37e-07
 1.47704e+16	9.99e-01	7.73e-04	1.20e-07
 1.49095e+16	9.99e-01	7.21e-04	1.04e-07
 1.50525e+16	9.99e-01	6.72e-04	9.06e-08
 1.51998e+16	9.99e-01	6.26e-04	7.86e-08
 1.53486e+16	9.99e-01	5.83e-04	6.82e-08
 1.55014e+16	9.99e-01	5.41e-04	5.89e-08
 1.56637e+16	9.99e-01	5.00e-04	5.04e-08
 1.58337e+16	1.00e+00	4.61e-04	4.29e-08
 1.60092e+16	1.00e+00	4.24e-04	3.63e-08
 1.61911e+16	1.00e+00	3.89e-04	3.06e-08
 1.63810e+16	1.00e+00	3.56e-04	2.56e-08
 1.65802e+16	1.00e+00	3.25e-04	2.13e-08
 1.67894e+16	1.00e+00	2.94e-04	1.75e-08
 1.70099e+16	1.00e+00	2.66e-04	1.43e-08
 1.72438e+16	1.00e+00	2.39e-04	1.15e-08
 1.74950e+16	1.00e+00	2.13e-04	9.18e-09
 1.77601e+16	1.00e+00	1.89e-04	7.23e-09
 1.80441e+16	1.00e+00	1.66e-04	5.59e-09
 1.83567e+16	1.00e+00	1.44e-04	4.23e-09
 1.86982e+16	1.00e+00	1.24e-04	3.12e-09
 1.90743e+16	1.00e+00	1.05e-04	2.24e-09
 1.94958e+16	1.00e+00	8.72e-05	1.55e-09
 1.99898e+16	1.00e+00	7.03e-05	1.01e-09
 2.05556e+16	1.00e+00	5.54e-05	6.27e-10
 2.11465e+16	1.00e+00	4.34e-05	3.86e-10
 2.17293e+16	1.00e+00	3.43e-05	2.41e-10
 2.23034e+16	1.00e+00	2.73e-05	1.53e-10
 2.28844e+16	1.00e+00	2.18e-05	9.73e-11
 2.34791e+16	1.00e+00	1.73e-05	6.18e-11
 2.40864e+16	1.00e+00	1.38e-05	3.91e-11
 2.47038e+16	1.00e+00	1.10e-05	2.48e-11
 2.53304e+16	1.00e+00	8.75e-06	1.58e-11
 2.59704e+16	1.00e+00	6.97e-06	1.00e-11
 2.66251e+16	1.00e+00	5.55e-06	6.39e-12
 2.72948e+16	1.00e+00	4.42e-06	4.05e-12
 2.79804e+16	1.00e+00	3.52e-06	2.57e-12
 2.86824e+16	1.00e+00	2.79e-06	1.62e-12
 2.94011e+16	1.00e+00	2.22e-06	1.03e-12
 3.01400e+16	1.00e+00	1.76e-06	6.45e-13
 3.09035e+16	1.00e+00	1.39e-06	4.03e-13
 3.16921e+16	1.00e+00	1.09e-06	2.51e-13
 3.25098e+16	1.00e+00	8.59e-07	1.54e-13
 3.33631e+16	1.00e+00	6.70e-07	9.41e-14
 3.42563e+16	1.00e+00	5.19e-07	5.67e-14
 3.51651e+16	1.00e+00	4.04e-07	3.43e-14
 3.60572e+16	1.00e+00	3.17e-07	2.12e-14
 3.69266e+16	1.00e+00	2.51e-07	1.33e-14
 3.77775e+16	1.00e+00	2.01e-07	8.55e-15
 3.86139e+16	1.00e+00	1.62e-07	5.57e-15
 3.94325e+16	1.00e+00	1.32e-07	3.69e-15
 4.02283e+16	1.00e+00	1.08e-07	2.48e-15
 4.09985e+16	1.00e+00	8.95e-08	1.71e-15
 4.17421e+16	1.00e+00	7.48e-08	1.19e-15
 4.24593e+16	1.00e+00	6.31e-08	8.49e-16
 4.31494e+16	1.00e+00	5.36e-08	6.14e-16
 4.38123e+16	1.00e+00	4.60e-08	4.52e-16
 4.44473e+16	1.00e+00	3.97e-08	3.38e-16
 4.50543e+16	1.00e+00	3.46e-08	2.57e-16
 4.56345e+16	1.00e+00	3.04e-08	1.98e-16
 4.61890e+16	1.00e+00	2.69e-08	1.55e-16
 4.67184e+16	1.00e+00	2.39e-08	1.23e-16
 4.72228e+16	1.00e+00	2.14e-08	9.89e-17
 4.77033e+16	1.00e+00	1.93e-08	8.04e-17
 4.81610e+16	1.00e+00	1.75e-08	6.61e-17
 4.85971e+16	1.00e+00	1.59e-08	5.49e-17
 4.90124e+16	1.00e+00	1.46e-08	4.61e-17
 4.94078e+16	1.00e+00	1.34e-08	3.91e-17
 4.97840e+16	1.00e+00	1.24e-08	3.35e-17
 5.01418e+16	1.00e+00	1.15e-08	2.88e-17
 5.04824e+16	1.00e+00	1.07e-08	2.51e-17
 5.08070e+16	1.00e+00	1.00e-08	2.20e-17
 5.11163e+16	1.00e+00	9.43e-09	1.94e-17
 5.14111e+16	1.00e+00	8.88e-09	1.72e-17
 5.16921e+16	1.00e+00	8.39e-09	1.54e-17
 5.19599e+16	1.00e+00	7.95e-09	1.38e-17
 5.22153e+16	1.00e+00	7.55e-09	1.25e-17
 5.24591e+16	1.00e+00	7.19e-09	1.13e-17
 5.26922e+16	1.00e+00	6.87e-09	1.03e-17
 5.29151e+16	1.00e+00	6.57e-09	9.44e-18
 5.31284e+16	1.00e+00	6.30e-09	8.68e-18
 5.33327e+16	1.00e+00	6.05e-09	8.01e-18
 5.35284e+16	1.00e+00	5.82e-09	7.42e-18
 5.37163e+16	1.00e+00	5.61e-09	6.90e-18
 5.38970e+16	1.00e+00	5.41e-09	6.43e-18
 5.40710e+16	1.00e+00	5.23e-09	6.01e-18
 5.42388e+16	1.00e+00	5.06e-09	5.63e-18
 5.44009e+16	1.00e+00	4.91e-09	5.29e-18
 5.45577e+16	1.00e+00	4.76e-09	4.98e-18
 5.47098e+16	1.00e+00	4.62e-09	4.70e-18
 5.48578e+16	1.00e+00	4.49e-09	4.44e-18
 5.50023e+16	1.00e+00	4.37e-09	4.20e-18
 5.51438e+16	1.00e+00	4.25e-09	3.98e-18
 5.52829e+16	1.00e+00	4.14e-09	3.77e-18
 5.54200e+16	1.00e+00	4.03e-09	3.58e-18
 5.55559e+16	1.00e+00	3.93e-09	3.40e-18
 5.56914e+16	1.00e+00	3.83e-09	3.23e-18
 5.58273e+16	1.00e+00	3.73e-09	3.07e-18
 5.59647e+16	1.00e+00	3.63e-09	2.91e-18
 5.61044e+16	1.00e+00	3.54e-09	2.76e-18
 5.62480e+16	1.00e+00	3.44e-09	2.62e-18
 5.63970e+16	1.00e+00	3.35e-09	2.47e-18
 5.65536e+16	1.00e+00	3.25e-09	2.33e-18
 5.67207e+16	1.00e+00	3.15e-09	2.19e-18
 5.69018e+16	1.00e+00	3.04e-09	2.04e-18
 5.71018e+16	1.00e+00	2.93e-09	1.89e-18
 5.73280e+16	1.00e+00	2.80e-09	1.74e-18
 5.75909e+16	1.00e+00	2.67e-09	1.57e-18
 5.79065e+16	1.00e+00	2.51e-09	1.40e-18
 5.83001e+16	1.00e+00	2.33e-09	1.20e-18
 5.88066e+16	1.00e+00	2.12e-09	9.96e-19
 5.94651e+16	1.00e+00	1.87e-09	7.79e-19
 6.03211e+16	1.00e+00	1.60e-09	5.69e-19
 6.14339e+16	1.00e+00	1.30e-09	3.81e-19
 6.28805e+16	1.00e+00	1.01e-09	2.28e-19
 6.47611e+16	1.00e+00	7.26e-10	1.19e-19
 6.70443e+16	1.00e+00	4.96e-10	5.58e-20
 6.94964e+16	1.00e+00	3.35e-10	2.57e-20
 7.19602e+16	1.00e+00	2.28e-10	1.20e-20
 7.45203e+16	1.00e+00	1.55e-10	5.58e-21
 7.72160e+16	1.00e+00	1.04e-10	0.00e+00
 7.99908e+16	1.00e+00	7.03e-11	0.00e+00
 8.28193e+16	1.00e+00	4.76e-11	0.00e+00
 8.56614e+16	1.00e+00	3.25e-11	0.00e+00
 8.85036e+16	1.00e+00	2.24e-11	0.00e+00
 9.14896e+16	1.00e+00	1.53e-11	0.00e+00
 9.46197e+16	1.00e+00	1.04e-11	0.00e+00
 9.77497e+16	1.00e+00	7.12e-12	0.00e+00
 1.00880e+17	1.00e+00	4.93e-12	0.00e+00
 1.04010e+17	1.00e+00	3.45e-12	0.00e+00
 1.07140e+17	1.00e+00	2.44e-12	0.00e+00
 1.10270e+17	1.00e+00	1.74e-12	0.00e+00
 1.13400e+17	1.00e+00	1.25e-12	0.00e+00
 1.16530e+17	1.00e+00	9.04e-13	0.00e+00
 1.19402e+17	1.00e+00	6.81e-13	0.00e+00
 1.21571e+17	1.00e+00	5.56e-13	0.00e+00
 1.22945e+17	1.00e+00	4.91e-13	0.00e+00
 1.23761e+17	1.00e+00	4.58e-13	0.00e+00
 1.24251e+17	1.00e+00	4.38e-13	0.00e+00
 1.24545e+17	1.00e+00	4.27e-13	0.00e+00
 1.24746e+17	1.00e+00	4.19e-13	0.00e+00
 1.24951e+17	1.00e+00	4.10e-13	0.00e+00
 1.25208e+17	1.00e+00	4.00e-13	0.00e+00
 1.25474e+17	1.00e+00	3.91e-13	0.00e+00
 1.25693e+17	1.00e+00	3.83e-13	0.00e+00
 1.25873e+17	1.00e+00	3.77e-13	0.00e+00
 1.26042e+17	1.00e+00	3.71e-13	0.00e+00
 1.26216e+17	1.00e+00	3.65e-13	0.00e+00
 1.26394e+17	1.00e+00	3.59e-13	0.00e+00
 1.26558e+17	1.00e+00	3.53e-13	0.00e+00
 1.26698e+17	1.00e+00	3.49e-13	0.00e+00
 1.26825e+17	1.00e+00	3.45e-13	0.00e+00
 1.26956e+17	1.00e+00	3.41e-13	0.00e+00
 1.27088e+17	1.00e+00	3.36e-13	0.00e+00
 1.27212e+17	1.00e+00	3.33e-13	0.00e+00
 1.27322e+17	1.00e+00	3.29e-13	0.00e+00
 1.27429e+17	1.00e+00	3.26e-13	0.00e+00
 1.27538e+17	1.00e+00	3.23e-13	0.00e+00
 1.27637e+17	1.00e+00	3.20e-13	0.00e+00
 1.27731e+17	1.00e+00	3.17e-13	0.00e+00
 1.27826e+17	1.00e+00	3.14e-13	0.00e+00
 1.27920e+17	1.00e+00	3.11e-13	0.00e+00
 1.28012e+17	1.00e+00	3.08e-13	0.00e+00
 1.28095e+17	1.00e+00	3.06e-13	0.00e+00
 1.28178e+17	1.00e+00	3.04e-13	0.00e+00
 1.28267e+17	1.00e+00	3.01e-13	0.00e+00
 1.28350e+17	1.00e+00	2.99e-13	0.00e+00
 1.28429e+17	1.00e+00	2.96e-13	0.00e+00
 1.28507e+17	1.00e+00	2.94e-13	0.00e+00
 1.28587e+17	1.00e+00	2.92e-13	0.00e+00
 1.28666e+17	1.00e+00	2.90e-13	0.00e+00
 1.28742e+17	1.00e+00	2.88e-13	0.00e+00
 1.28816e+17	1.00e+00	2.85e-13	0.00e+00
 1.28895e+17	1.00e+00	2.83e-13	0.00e+00
 1.28975e+17	1.00e+00	2.81e-13	0.00e+00
 1.29054e+17	1.00e+00	2.79e-13	0.00e+00
 1.29130e+17	1.00e+00	2.77e-13	0.00e+00
 1.29210e+17	1.00e+00	2.74e-13	0.00e+00
 1.29292e+17	1.00e+00	2.72e-13	0.00e+00
 1.29374e+17	1.00e+00	2.70e-13	0.00e+00
 1.29458e+17	1.00e+00	2.68e-13	0.00e+00
 1.29538e+17	1.00e+00	2.65e-13	0.00e+00
 1.29618e+17	1.00e+00	2.63e-13	0.00e+00
 1.29704e+17	1.00e+00	2.61e-13	0.00e+00
 1.29797e+17	1.00e+00	2.58e-13	0.00e+00
 1.29900e+17	1.00e+00	2.56e-13	0.00e+00
 1.30003e+17	1.00e+00	2.53e-13	0.00e+00
 1.30089e+17	1.00e+00	2.51e-13	0.00e+00
 1.30173e+17	1.00e+00	2.49e-13	0.00e+00
 1.30279e+17	1.00e+00	2.46e-13	0.00e+00
 1.30397e+17	1.00e+00	2.43e-13	0.00e+00
 1.30505e+17	1.00e+00	2.40e-13	0.00e+00
 1.30603e+17	1.00e+00	2.38e-13	0.00e+00
 1.30703e+17	1.00e+00	2.35e-13	0.00e+00
 1.30818e+17	1.00e+00	2.32e-13	0.00e+00
 1.30948e+17	1.00e+00	2.29e-13	0.00e+00
 1.31075e+17	1.00e+00	2.26e-13	0.00e+00
 1.31193e+17	1.00e+00	2.23e-13	0.00e+00
 1.31312e+17	1.00e+00	2.20e-13	0.00e+00
 1.31438e+17	1.00e+00	2.17e-13	0.00e+00
 1.31572e+17	1.00e+00	2.14e-13	0.00e+00
 1.31712e+17	1.00e+00	2.11e-13	0.00e+00
 1.31856e+17	1.00e+00	2.08e-13	0.00e+00
 1.32000e+17	1.00e+00	2.05e-13	0.00e+00
 1.32146e+17	1.00e+00	2.01e-13	0.00e+00
 1.32291e+17	1.00e+00	1.98e-13	0.00e+00
 1.32452e+17	1.00e+00	1.95e-13	0.00e+00
 1.32631e+17	1.00e+00	1.91e-13	0.00e+00
 1.32806e+17	1.00e+00	1.87e-13	0.00e+00
 1.32968e+17	1.00e+00	1.84e-13	0.00e+00
 1.33138e+17	1.00e+00	1.81e-13	0.00e+00
 1.33325e+17	1.00e+00	1.77e-13	0.00e+00
 1.33525e+17	1.00e+00	1.73e-13	0.00e+00
 1.33729e+17	1.00e+00	1.69e-13	0.00e+00
 1.33921e+17	1.00e+00	1.66e-13	0.00e+00
 1.34118e+17	1.00e+00	1.62e-13	0.00e+00
 1.34337e+17	1.00e+00	1.58e-13	0.00e+00
 1.34565e+17	1.00e+00	1.54e-13	0.00e+00
 1.34793e+17	1.00e+00	1.51e-13	0.00e+00
 1.35019e+17	1.00e+00	1.47e-13	0.00e+00
 1.35257e+17	1.00e+00	1.43e-13	0.00e+00
 1.35510e+17	1.00e+00	1.39e-13	0.00e+00
 1.35768e+17	1.00e+00	1.35e-13	0.00e+00
 1.36025e+17	1.00e+00	1.31e-13	0.00e+00
 1.36289e+17	1.00e+00	1.27e-13	0.00e+00
 1.36566e+17	1.00e+00	1.23e-13	0.00e+00
 1.36853e+17	1.00e+00	1.19e-13	0.00e+00
 1.37143e+17	1.00e+00	1.16e-13	0.00e+00
 1.37437e+17	1.00e+00	1.12e-13	0.00e+00
 1.37749e+17	1.00e+00	1.08e-13	0.00e+00
 1.38075e+17	1.00e+00	1.04e-13	0.00e+00
 1.38413e+17	1.00e+00	1.00e-13	0.00e+00
 1.38752e+17	1.00e+00	9.62e-14	0.00e+00
 1.39084e+17	1.00e+00	9.27e-14	0.00e+00
 1.39430e+17	1.00e+00	8.91e-14	0.00e+00
 1.39802e+17	1.00e+00	8.54e-14	0.00e+00
 1.40183e+17	1.00e+00	8.19e-14	0.00e+00
 1.40582e+17	1.00e+00	7.82e-14	0.00e+00
 1.40996e+17	1.00e+00	7.45e-14	0.00e+00
 1.41401e+17	1.00e+00	7.12e-14	0.00e+00
 1.41810e+17	1.00e+00	6.81e-14	0.00e+00
 1.42263e+17	1.00e+00	6.46e-14	0.00e+00
 1.42744e+17	1.00e+00	6.14e-14	0.00e+00
 1.43224e+17	1.00e+00	5.81e-14	0.00e+00
 1.43704e+17	1.00e+00	5.52e-14	0.00e+00
 1.44198e+17	1.00e+00	5.23e-14	0.00e+00
 1.44732e+17	1.00e+00	4.94e-14	0.00e+00
 1.45305e+17	1.00e+00	4.65e-14	0.00e+00
 1.45901e+17	1.00e+00	4.37e-14	0.00e+00
 1.46508e+17	1.00e+00	4.10e-14	0.00e+00
 1.47102e+17	1.00e+00	3.86e-14	0.00e+00
 1.47647e+17	1.00e+00	3.66e-14	0.00e+00
 1.48139e+17	1.00e+00	3.48e-14	0.00e+00
 1.48600e+17	1.00e+00	3.33e-14	0.00e+00
 1.49046e+17	1.00e+00	3.18e-14	0.00e+00
 1.49479e+17	1.00e+00	3.05e-14	0.00e+00
 1.49888e+17	1.00e+00	2.92e-14	0.00e+00
 1.50264e+17	1.00e+00	2.81e-14	0.00e+00
 1.50609e+17	1.00e+00	2.71e-14	0.00e+00
 1.50930e+17	1.00e+00	2.62e-14	0.00e+00
 1.51232e+17	1.00e+00	2.54e-14	0.00e+00
 1.51517e+17	1.00e+00	2.46e-14	0.00e+00
 1.51784e+17	1.00e+00	2.39e-14	0.00e+00
 1.52035e+17	1.00e+00	2.33e-14	0.00e+00
 1.52274e+17	1.00e+00	2.27e-14	0.00e+00
 1.52503e+17	1.00e+00	2.22e-14	0.00e+00
 1.52722e+17	1.00e+00	2.17e-14	0.00e+00
 1.52931e+17	1.00e+00	2.12e-14	0.00e+00
 1.53131e+17	1.00e+00	2.07e-14	0.00e+00
 1.53325e+17	1.00e+00	2.03e-14	0.00e+00
 1.53513e+17	1.00e+00	1.99e-14	0.00e+00
 1.53697e+17	1.00e+00	1.95e-14	0.00e+00
 1.53876e+17	1.00e+00	1.91e-14	0.00e+00
 1.54050e+17	1.00e+00	1.88e-14	0.00e+00
 1.54220e+17	1.00e+00	1.84e-14	0.00e+00
 1.54387e+17	1.00e+00	1.81e-14	0.00e+00
 1.54551e+17	1.00e+00	1.78e-14	0.00e+00
 1.54711e+17	1.00e+00	1.75e-14	0.00e+00
 1.54869e+17	1.00e+00	1.72e-14	0.00e+00
 1.55025e+17	1.00e+00	1.69e-14	0.00e+00
 1.55178e+17	1.00e+00	1.66e-14	0.00e+00
 1.55354e+17	1.00e+00	1.63e-14	0.00e+00
 1.55582e+17	1.00e+00	1.59e-14	0.00e+00
 1.55878e+17	1.00e+00	1.54e-14	0.00e+00
 1.56264e+17	1.00e+00	1.48e-14	0.00e+00
 1.56765e+17	1.00e+00	1.41e-14	0.00e+00
 1.57396e+17	1.00e+00	1.32e-14	0.00e+00
 1.58078e+17	1.00e+00	1.24e-14	0.00e+00
 1.58690e+17	1.00e+00	1.17e-14	0.00e+00
 1.59210e+17	1.00e+00	1.11e-14	0.00e+00
 1.59699e+17	1.00e+00	1.06e-14	0.00e+00
 1.60218e+17	1.00e+00	1.01e-14	0.00e+00
 1.60785e+17	1.00e+00	9.55e-15	0.00e+00
 1.61372e+17	1.00e+00	9.04e-15	0.00e+00
 1.61945e+17	1.00e+00	8.57e-15	0.00e+00
 1.62506e+17	1.00e+00	8.14e-15	0.00e+00
 1.63078e+17	1.00e+00	7.73e-15	0.00e+00
 1.63686e+17	1.00e+00	7.31e-15	0.00e+00
 1.64339e+17	1.00e+00	6.89e-15	0.00e+00
 1.65033e+17	1.00e+00	6.47e-15	0.00e+00
 1.65774e+17	1.00e+00	6.06e-15	0.00e+00
 1.66587e+17	1.00e+00	5.63e-15	0.00e+00
 1.67522e+17	1.00e+00	5.18e-15	0.00e+00
 1.68655e+17	1.00e+00	4.69e-15	0.00e+00
 1.70095e+17	1.00e+00	4.12e-15	0.00e+00
 1.71968e+17	1.00e+00	3.50e-15	0.00e+00
 1.74403e+17	1.00e+00	2.83e-15	0.00e+00
 1.77569e+17	1.00e+00	2.16e-15	0.00e+00
 1.81684e+17	1.00e+00	1.53e-15	0.00e+00
 1.87033e+17	1.00e+00	9.80e-16	0.00e+00
 1.93858e+17	1.00e+00	5.65e-16	0.00e+00
 2.01612e+17	1.00e+00	3.08e-16	0.00e+00
 2.08980e+17	1.00e+00	1.76e-16	0.00e+00
 2.15281e+17	1.00e+00	1.09e-16	0.00e+00
 2.20879e+17	1.00e+00	7.15e-17	0.00e+00
 2.27115e+17	1.00e+00	4.43e-17	0.00e+00
 2.35223e+17	1.00e+00	2.39e-17	0.00e+00
 2.43414e+17	1.00e+00	1.29e-17	0.00e+00
 2.49503e+17	1.00e+00	8.03e-18	0.00e+00
 2.53470e+17	1.00e+00	5.73e-18	0.00e+00
 2.55850e+17	1.00e+00	4.70e-18	0.00e+00
 2.57279e+17	1.00e+00	4.15e-18	0.00e+00
 2.58135e+17	1.00e+00	3.85e-18	0.00e+00
 2.58650e+17	1.00e+00	3.67e-18	0.00e+00
 2.58958e+17	1.00e+00	3.57e-18	0.00e+00
 2.59173e+17	1.00e+00	3.50e-18	0.00e+00
 2.59402e+17	1.00e+00	3.42e-18	0.00e+00
 2.59699e+17	1.00e+00	3.33e-18	0.00e+00
 2.60068e+17	1.00e+00	3.21e-18	0.00e+00
 2.60458e+17	1.00e+00	3.10e-18	0.00e+00
 2.60790e+17	1.00e+00	3.00e-18	0.00e+00
 2.61051e+17	1.00e+00	2.92e-18	0.00e+00
 2.61287e+17	1.00e+00	2.85e-18	0.00e+00
 2.61558e+17	1.00e+00	2.78e-18	0.00e+00
 2.61887e+17	1.00e+00	2.69e-18	0.00e+00
 2.62232e+17	1.00e+00	2.60e-18	0.00e+00
 2.62532e+17	1.00e+00	2.52e-18	0.00e+00
 2.62774e+17	1.00e+00	2.45e-18	0.00e+00
 2.62996e+17	1.00e+00	2.39e-18	0.00e+00
 2.63244e+17	1.00e+00	2.33e-18	0.00e+00
 2.63536e+17	1.00e+00	2.26e-18	0.00e+00
 2.63841e+17	1.00e+00	2.18e-18	0.00e+00
 2.64111e+17	1.00e+00	2.08e-18	0.00e+00
 2.64335e+17	1.00e+00	2.03e-18	0.00e+00
 2.64542e+17	1.00e+00	1.98e-18	0.00e+00
 2.64768e+17	1.00e+00	1.93e-18	0.00e+00
 2.65028e+17	1.00e+00	1.87e-18	0.00e+00
 2.65301e+17	1.00e+00	1.81e-18	0.00e+00
 2.65547e+17	1.00e+00	1.75e-18	0.00e+00
 2.65755e+17	1.00e+00	1.70e-18	0.00e+00
 2.65947e+17	1.00e+00	1.66e-18	0.00e+00
 2.66154e+17	1.00e+00	1.62e-18	0.00e+00
 2.66390e+17	1.00e+00	1.57e-18	0.00e+00
 2.66639e+17	1.00e+00	1.51e-18	0.00e+00
 2.66865e+17	1.00e+00	1.47e-18	0.00e+00
 2.67059e+17	1.00e+00	1.42e-18	0.00e+00
 2.67238e+17	1.00e+00	1.39e-18	0.00e+00
 2.67431e+17	1.00e+00	1.35e-18	0.00e+00
 2.67651e+17	1.00e+00	1.31e-18	0.00e+00
 2.67879e+17	1.00e+00	1.26e-18	0.00e+00
 2.68090e+17	1.00e+00	1.22e-18	0.00e+00
 2.68276e+17	1.00e+00	1.18e-18	0.00e+00
 2.68449e+17	1.00e+00	1.15e-18	0.00e+00
 2.68633e+17	1.00e+00	1.11e-18	0.00e+00
 2.68840e+17	1.00e+00	1.07e-18	0.00e+00
 2.69056e+17	1.00e+00	1.03e-18	0.00e+00
 2.69257e+17	1.00e+00	9.96e-19	0.00e+00
 2.69436e+17	1.00e+00	9.64e-19	0.00e+00
 2.69606e+17	1.00e+00	9.34e-19	0.00e+00
 2.69786e+17	1.00e+00	9.04e-19	0.00e+00
 2.69987e+17	1.00e+00	8.71e-19	0.00e+00
 2.70197e+17	1.00e+00	8.36e-19	0.00e+00
 2.70394e+17	1.00e+00	8.04e-19	0.00e+00
