#depth	C	C+	C+2	C+3	C+4	C+5	C+6	C[1]	C[2]	C[3]	C+[1]	C+[2]	CO
 1.49634e+10	0.00e+00	2.39e-27	9.04e-19	7.47e-11	3.20e-02	9.42e-01	2.64e-02	0.00e+00	0.00e+00	0.00e+00	0.00e+00	0.00e+00	0.00e+00
 4.54887e+10	1.28e-36	3.46e-27	1.20e-18	9.05e-11	3.54e-02	9.40e-01	2.41e-02	0.00e+00	0.00e+00	0.00e+00	0.00e+00	0.00e+00	1.16e-120
 7.72350e+10	0.00e+00	4.98e-27	1.58e-18	1.09e-10	3.90e-02	9.39e-01	2.20e-02	0.00e+00	0.00e+00	0.00e+00	0.00e+00	0.00e+00	0.00e+00
 1.10251e+11	3.16e-36	7.18e-27	2.09e-18	1.32e-10	4.31e-02	9.37e-01	2.01e-02	0.00e+00	0.00e+00	0.00e+00	0.00e+00	0.00e+00	1.28e-119
 1.43850e+11	0.00e+00	1.03e-26	2.76e-18	1.59e-10	4.74e-02	9.34e-01	1.83e-02	0.00e+00	0.00e+00	0.00e+00	0.00e+00	0.00e+00	0.00e+00
 1.76696e+11	7.48e-36	1.44e-26	3.57e-18	1.90e-10	5.18e-02	9.31e-01	1.68e-02	0.00e+00	0.00e+00	0.00e+00	0.00e+00	0.00e+00	1.25e-118
 2.11594e+11	0.00e+00	2.04e-26	4.65e-18	2.27e-10	5.67e-02	9.28e-01	1.53e-02	0.00e+00	0.00e+00	0.00e+00	0.00e+00	0.00e+00	0.00e+00
 2.49985e+11	1.81e-35	2.95e-26	6.17e-18	2.75e-10	6.24e-02	9.24e-01	1.39e-02	0.00e+00	0.00e+00	0.00e+00	0.00e+00	0.00e+00	1.29e-117
 2.89111e+11	0.00e+00	4.22e-26	8.13e-18	3.31e-10	6.86e-02	9.19e-01	1.26e-02	0.00e+00	0.00e+00	0.00e+00	0.00e+00	0.00e+00	0.00e+00
 3.29802e+11	4.41e-35	6.06e-26	1.07e-17	3.99e-10	7.53e-02	9.13e-01	1.15e-02	0.00e+00	0.00e+00	0.00e+00	0.00e+00	0.00e+00	1.36e-116
 3.72921e+11	0.00e+00	8.75e-26	1.42e-17	4.82e-10	8.27e-02	9.07e-01	1.04e-02	0.00e+00	0.00e+00	0.00e+00	0.00e+00	0.00e+00	0.00e+00
 4.17765e+11	1.09e-34	1.26e-25	1.88e-17	5.83e-10	9.08e-02	9.00e-01	9.37e-03	0.00e+00	0.00e+00	0.00e+00	0.00e+00	0.00e+00	1.49e-115
 4.58323e+11	1.62e-34	1.74e-25	2.41e-17	6.89e-10	9.85e-02	8.93e-01	8.57e-03	0.00e+00	0.00e+00	0.00e+00	0.00e+00	0.00e+00	7.26e-98
 4.92118e+11	2.22e-34	2.25e-25	2.93e-17	7.86e-10	1.05e-01	8.87e-01	7.96e-03	0.00e+00	0.00e+00	0.00e+00	0.00e+00	0.00e+00	4.07e-275
 5.29144e+11	3.11e-34	2.95e-25	3.62e-17	9.05e-10	1.12e-01	8.80e-01	7.36e-03	0.00e+00	0.00e+00	0.00e+00	0.00e+00	0.00e+00	2.39e-114
 5.76036e+11	4.70e-34	4.12e-25	4.68e-17	1.08e-09	1.22e-01	8.71e-01	6.68e-03	0.00e+00	0.00e+00	0.00e+00	0.00e+00	0.00e+00	7.85e-97
 6.24936e+11	7.11e-34	5.76e-25	6.06e-17	1.28e-09	1.33e-01	8.61e-01	6.04e-03	0.00e+00	0.00e+00	0.00e+00	0.00e+00	0.00e+00	0.00e+00
 6.68255e+11	1.01e-33	7.66e-25	7.55e-17	1.48e-09	1.42e-01	8.52e-01	5.54e-03	0.00e+00	0.00e+00	0.00e+00	0.00e+00	0.00e+00	5.39e-113
 7.08744e+11	1.39e-33	9.90e-25	9.20e-17	1.69e-09	1.51e-01	8.43e-01	5.12e-03	0.00e+00	0.00e+00	0.00e+00	0.00e+00	0.00e+00	8.74e-96
 7.54981e+11	1.97e-33	1.31e-24	1.15e-16	1.96e-09	1.62e-01	8.33e-01	4.69e-03	0.00e+00	0.00e+00	0.00e+00	0.00e+00	0.00e+00	0.00e+00
 8.11701e+11	2.97e-33	1.84e-24	1.48e-16	2.33e-09	1.76e-01	8.20e-01	4.22e-03	0.00e+00	0.00e+00	0.00e+00	0.00e+00	0.00e+00	9.50e-112
 8.68160e+11	4.40e-33	2.53e-24	1.90e-16	2.75e-09	1.89e-01	8.07e-01	3.81e-03	0.00e+00	0.00e+00	0.00e+00	0.00e+00	0.00e+00	1.14e-94
 9.17319e+11	6.10e-33	3.29e-24	2.33e-16	3.15e-09	2.01e-01	7.95e-01	3.49e-03	0.00e+00	0.00e+00	0.00e+00	0.00e+00	0.00e+00	6.52e-111
 9.70873e+11	8.59e-33	4.35e-24	2.89e-16	3.63e-09	2.15e-01	7.82e-01	3.18e-03	0.00e+00	0.00e+00	0.00e+00	0.00e+00	0.00e+00	5.11e-94
 1.03613e+12	1.28e-32	6.02e-24	3.71e-16	4.29e-09	2.31e-01	7.66e-01	2.84e-03	0.00e+00	0.00e+00	0.00e+00	0.00e+00	0.00e+00	4.82e-110
 1.10273e+12	1.89e-32	8.26e-24	4.74e-16	5.05e-09	2.48e-01	7.49e-01	2.54e-03	0.00e+00	0.00e+00	0.00e+00	0.00e+00	0.00e+00	3.00e-93
 1.16405e+12	2.67e-32	1.09e-23	5.87e-16	5.82e-09	2.64e-01	7.34e-01	2.30e-03	0.00e+00	0.00e+00	0.00e+00	0.00e+00	0.00e+00	3.52e-109
 1.23238e+12	3.85e-32	1.47e-23	7.38e-16	6.76e-09	2.81e-01	7.17e-01	2.07e-03	0.00e+00	0.00e+00	0.00e+00	0.00e+00	0.00e+00	1.48e-92
 1.31139e+12	5.76e-32	2.03e-23	9.50e-16	7.97e-09	3.01e-01	6.97e-01	1.83e-03	0.00e+00	0.00e+00	0.00e+00	0.00e+00	0.00e+00	2.88e-108
 1.38910e+12	8.40e-32	2.76e-23	1.20e-15	9.30e-09	3.21e-01	6.78e-01	1.63e-03	0.00e+00	0.00e+00	0.00e+00	0.00e+00	0.00e+00	8.70e-92
 1.46362e+12	1.19e-31	3.65e-23	1.49e-15	1.07e-08	3.39e-01	6.59e-01	1.46e-03	0.00e+00	0.00e+00	0.00e+00	0.00e+00	0.00e+00	2.12e-107
 1.54579e+12	1.71e-31	4.89e-23	1.86e-15	1.24e-08	3.60e-01	6.39e-01	1.30e-03	0.00e+00	0.00e+00	0.00e+00	0.00e+00	0.00e+00	4.40e-91
 1.63755e+12	2.51e-31	6.69e-23	2.37e-15	1.44e-08	3.82e-01	6.17e-01	1.14e-03	0.00e+00	0.00e+00	0.00e+00	0.00e+00	0.00e+00	1.72e-106
 1.72103e+12	3.51e-31	8.76e-23	2.91e-15	1.65e-08	4.02e-01	5.97e-01	1.02e-03	0.00e+00	0.00e+00	0.00e+00	0.00e+00	0.00e+00	2.32e-90
 1.79138e+12	4.61e-31	1.09e-22	3.44e-15	1.84e-08	4.18e-01	5.81e-01	9.32e-04	0.00e+00	0.00e+00	0.00e+00	0.00e+00	0.00e+00	9.53e-106
 1.86879e+12	6.13e-31	1.37e-22	4.10e-15	2.05e-08	4.35e-01	5.64e-01	8.44e-04	0.00e+00	0.00e+00	0.00e+00	0.00e+00	0.00e+00	8.54e-90
 1.96576e+12	8.67e-31	1.81e-22	5.07e-15	2.35e-08	4.57e-01	5.42e-01	7.46e-04	0.00e+00	0.00e+00	0.00e+00	0.00e+00	0.00e+00	5.78e-105
 2.06250e+12	1.20e-30	2.36e-22	6.19e-15	2.67e-08	4.78e-01	5.22e-01	6.62e-04	0.00e+00	0.00e+00	0.00e+00	0.00e+00	0.00e+00	4.14e-89
 2.14408e+12	1.57e-30	2.92e-22	7.26e-15	2.95e-08	4.94e-01	5.05e-01	6.00e-04	0.00e+00	0.00e+00	0.00e+00	0.00e+00	0.00e+00	3.21e-104
 2.23161e+12	2.07e-30	3.64e-22	8.59e-15	3.27e-08	5.12e-01	4.88e-01	5.41e-04	0.00e+00	0.00e+00	0.00e+00	0.00e+00	0.00e+00	1.50e-88
 2.34166e+12	2.89e-30	4.75e-22	1.05e-14	3.71e-08	5.33e-01	4.67e-01	4.77e-04	0.00e+00	0.00e+00	0.00e+00	0.00e+00	0.00e+00	1.87e-103
 2.45624e+12	4.02e-30	6.18e-22	1.28e-14	4.19e-08	5.54e-01	4.46e-01	4.19e-04	0.00e+00	0.00e+00	0.00e+00	0.00e+00	0.00e+00	7.31e-88
 2.55914e+12	5.34e-30	7.75e-22	1.52e-14	4.66e-08	5.72e-01	4.28e-01	3.75e-04	0.00e+00	0.00e+00	0.00e+00	0.00e+00	0.00e+00	1.14e-102
 2.67163e+12	7.20e-30	9.83e-22	1.81e-14	5.19e-08	5.90e-01	4.10e-01	3.33e-04	0.00e+00	0.00e+00	0.00e+00	0.00e+00	0.00e+00	3.01e-87
 2.79503e+12	9.87e-30	1.26e-21	2.18e-14	5.82e-08	6.10e-01	3.90e-01	2.92e-04	0.00e+00	0.00e+00	0.00e+00	0.00e+00	0.00e+00	7.02e-102
 2.90752e+12	1.30e-29	1.57e-21	2.57e-14	6.42e-08	6.27e-01	3.73e-01	2.61e-04	0.00e+00	0.00e+00	0.00e+00	0.00e+00	0.00e+00	1.26e-86
 3.02867e+12	1.73e-29	1.97e-21	3.04e-14	7.10e-08	6.44e-01	3.56e-01	2.31e-04	0.00e+00	0.00e+00	0.00e+00	0.00e+00	0.00e+00	3.75e-101
 3.16447e+12	2.35e-29	2.51e-21	3.63e-14	7.90e-08	6.62e-01	3.38e-01	2.03e-04	0.00e+00	0.00e+00	0.00e+00	0.00e+00	0.00e+00	5.42e-86
 3.29312e+12	3.11e-29	3.13e-21	4.27e-14	8.71e-08	6.78e-01	3.22e-01	1.80e-04	0.00e+00	0.00e+00	0.00e+00	0.00e+00	0.00e+00	2.20e-100
 3.43418e+12	4.17e-29	3.95e-21	5.07e-14	9.64e-08	6.94e-01	3.05e-01	1.58e-04	0.00e+00	0.00e+00	0.00e+00	0.00e+00	0.00e+00	2.24e-85
 3.59005e+12	5.70e-29	5.05e-21	6.07e-14	1.07e-07	7.12e-01	2.88e-01	1.38e-04	0.00e+00	0.00e+00	0.00e+00	0.00e+00	0.00e+00	1.39e-99
 3.73465e+12	7.53e-29	6.28e-21	7.12e-14	1.18e-07	7.26e-01	2.74e-01	1.22e-04	0.00e+00	0.00e+00	0.00e+00	0.00e+00	0.00e+00	9.82e-85
 3.89209e+12	1.01e-28	7.89e-21	8.41e-14	1.30e-07	7.41e-01	2.59e-01	1.07e-04	0.00e+00	0.00e+00	0.00e+00	0.00e+00	0.00e+00	7.98e-99
 4.06849e+12	1.38e-28	1.01e-20	1.01e-13	1.44e-07	7.57e-01	2.43e-01	9.24e-05	0.00e+00	0.00e+00	0.00e+00	0.00e+00	0.00e+00	4.50e-84
 4.23551e+12	1.83e-28	1.26e-20	1.18e-13	1.58e-07	7.70e-01	2.30e-01	8.10e-05	0.00e+00	0.00e+00	0.00e+00	0.00e+00	0.00e+00	5.06e-98
 4.41638e+12	2.47e-28	1.59e-20	1.40e-13	1.74e-07	7.84e-01	2.16e-01	7.06e-05	0.00e+00	0.00e+00	0.00e+00	0.00e+00	0.00e+00	1.98e-83
 4.61776e+12	3.38e-28	2.03e-20	1.67e-13	1.92e-07	7.98e-01	2.02e-01	6.08e-05	0.00e+00	0.00e+00	0.00e+00	0.00e+00	0.00e+00	3.40e-97
 4.81086e+12	4.53e-28	2.55e-20	1.97e-13	2.11e-07	8.10e-01	1.90e-01	5.29e-05	0.00e+00	0.00e+00	0.00e+00	0.00e+00	0.00e+00	9.39e-83
 5.01686e+12	6.11e-28	3.22e-20	2.32e-13	2.32e-07	8.22e-01	1.78e-01	4.59e-05	0.00e+00	0.00e+00	0.00e+00	0.00e+00	0.00e+00	2.16e-96
 5.24747e+12	8.42e-28	4.13e-20	2.78e-13	2.56e-07	8.34e-01	1.66e-01	3.93e-05	0.00e+00	0.00e+00	0.00e+00	0.00e+00	0.00e+00	4.64e-82
 5.47764e+12	1.14e-27	5.24e-20	3.29e-13	2.82e-07	8.45e-01	1.55e-01	3.39e-05	0.00e+00	0.00e+00	0.00e+00	0.00e+00	0.00e+00	1.56e-95
 5.71702e+12	1.56e-27	6.64e-20	3.89e-13	3.09e-07	8.55e-01	1.45e-01	2.92e-05	0.00e+00	0.00e+00	0.00e+00	0.00e+00	0.00e+00	2.29e-81
 5.97563e+12	2.14e-27	8.49e-20	4.64e-13	3.40e-07	8.65e-01	1.35e-01	2.49e-05	0.00e+00	0.00e+00	0.00e+00	0.00e+00	0.00e+00	1.12e-94
 6.24458e+12	2.94e-27	1.08e-19	5.51e-13	3.74e-07	8.75e-01	1.25e-01	2.13e-05	0.00e+00	0.00e+00	0.00e+00	0.00e+00	0.00e+00	1.21e-80
 6.50826e+12	3.96e-27	1.37e-19	6.48e-13	4.09e-07	8.83e-01	1.17e-01	1.84e-05	0.00e+00	0.00e+00	0.00e+00	0.00e+00	0.00e+00	7.97e-94
 6.75302e+12	5.17e-27	1.68e-19	7.49e-13	4.43e-07	8.90e-01	1.10e-01	1.61e-05	0.00e+00	0.00e+00	0.00e+00	0.00e+00	0.00e+00	5.35e-80
 7.02360e+12	6.88e-27	2.09e-19	8.74e-13	4.81e-07	8.97e-01	1.03e-01	1.40e-05	0.00e+00	0.00e+00	0.00e+00	0.00e+00	0.00e+00	4.64e-93
 7.30179e+12	9.12e-27	2.59e-19	1.02e-12	5.22e-07	9.04e-01	9.60e-02	1.22e-05	0.00e+00	0.00e+00	0.00e+00	0.00e+00	0.00e+00	2.40e-79
 7.53422e+12	1.15e-26	3.09e-19	1.15e-12	5.57e-07	9.09e-01	9.09e-02	1.08e-05	0.00e+00	0.00e+00	0.00e+00	0.00e+00	0.00e+00	2.38e-92
 7.77947e+12	1.45e-26	3.70e-19	1.30e-12	5.96e-07	9.14e-01	8.60e-02	9.65e-06	0.00e+00	0.00e+00	0.00e+00	0.00e+00	0.00e+00	8.23e-79
 8.09141e+12	1.93e-26	4.61e-19	1.52e-12	6.46e-07	9.20e-01	8.03e-02	8.36e-06	0.00e+00	0.00e+00	0.00e+00	0.00e+00	0.00e+00	1.27e-91
 8.41727e+12	2.58e-26	5.75e-19	1.77e-12	7.02e-07	9.25e-01	7.49e-02	7.23e-06	0.00e+00	0.00e+00	0.00e+00	0.00e+00	0.00e+00	3.84e-78
 8.70591e+12	3.31e-26	6.95e-19	2.02e-12	7.52e-07	9.29e-01	7.05e-02	6.39e-06	0.00e+00	0.00e+00	0.00e+00	0.00e+00	0.00e+00	7.19e-91
 9.01894e+12	4.30e-26	8.48e-19	2.31e-12	8.08e-07	9.34e-01	6.62e-02	5.61e-06	0.00e+00	0.00e+00	0.00e+00	0.00e+00	0.00e+00	1.51e-77
 9.36805e+12	5.69e-26	1.05e-18	2.68e-12	8.73e-07	9.38e-01	6.19e-02	4.87e-06	0.00e+00	0.00e+00	0.00e+00	0.00e+00	0.00e+00	4.11e-90
 9.69494e+12	7.35e-26	1.27e-18	3.06e-12	9.36e-07	9.42e-01	5.82e-02	4.29e-06	0.00e+00	0.00e+00	0.00e+00	0.00e+00	0.00e+00	6.36e-77
 1.00507e+13	9.61e-26	1.56e-18	3.52e-12	1.01e-06	9.45e-01	5.45e-02	3.75e-06	0.00e+00	0.00e+00	0.00e+00	0.00e+00	0.00e+00	2.23e-89
 1.04467e+13	1.28e-25	1.95e-18	4.09e-12	1.09e-06	9.49e-01	5.08e-02	3.25e-06	0.00e+00	0.00e+00	0.00e+00	0.00e+00	0.00e+00	2.85e-76
 1.08165e+13	1.66e-25	2.37e-18	4.68e-12	1.17e-06	9.52e-01	4.77e-02	2.85e-06	0.00e+00	0.00e+00	0.00e+00	0.00e+00	0.00e+00	5.77e-76
 1.12187e+13	2.19e-25	2.92e-18	5.38e-12	1.26e-06	9.55e-01	4.46e-02	2.49e-06	0.00e+00	0.00e+00	0.00e+00	0.00e+00	0.00e+00	1.21e-75
 1.16679e+13	2.93e-25	3.64e-18	6.27e-12	1.36e-06	9.58e-01	4.15e-02	2.15e-06	0.00e+00	0.00e+00	0.00e+00	0.00e+00	0.00e+00	2.69e-75
 1.20906e+13	3.84e-25	4.46e-18	7.19e-12	1.46e-06	9.61e-01	3.89e-02	1.88e-06	0.00e+00	0.00e+00	0.00e+00	0.00e+00	0.00e+00	5.57e-75
 1.25520e+13	5.09e-25	5.53e-18	8.31e-12	1.57e-06	9.64e-01	3.63e-02	1.63e-06	0.00e+00	0.00e+00	0.00e+00	0.00e+00	0.00e+00	1.20e-74
 1.30678e+13	6.90e-25	6.96e-18	9.72e-12	1.70e-06	9.66e-01	3.37e-02	1.40e-06	0.00e+00	0.00e+00	0.00e+00	0.00e+00	0.00e+00	2.75e-74
 1.35547e+13	9.11e-25	8.58e-18	1.12e-11	1.83e-06	9.69e-01	3.15e-02	1.22e-06	0.00e+00	0.00e+00	0.00e+00	0.00e+00	0.00e+00	5.86e-74
 1.40773e+13	1.21e-24	1.07e-17	1.30e-11	1.97e-06	9.71e-01	2.93e-02	1.06e-06	0.00e+00	0.00e+00	0.00e+00	0.00e+00	0.00e+00	1.28e-73
 1.46703e+13	1.66e-24	1.35e-17	1.52e-11	2.14e-06	9.73e-01	2.71e-02	9.05e-07	0.00e+00	0.00e+00	0.00e+00	0.00e+00	0.00e+00	3.02e-73
 1.52525e+13	2.24e-24	1.69e-17	1.77e-11	2.31e-06	9.75e-01	2.52e-02	0.00e+00	0.00e+00	0.00e+00	0.00e+00	0.00e+00	0.00e+00	6.78e-73
 1.58580e+13	3.01e-24	2.11e-17	2.06e-11	2.50e-06	9.77e-01	2.35e-02	0.00e+00	0.00e+00	0.00e+00	0.00e+00	0.00e+00	0.00e+00	1.53e-72
 1.65223e+13	4.12e-24	2.68e-17	2.41e-11	2.71e-06	9.78e-01	2.17e-02	0.00e+00	0.00e+00	0.00e+00	0.00e+00	0.00e+00	0.00e+00	3.59e-72
 1.71953e+13	5.59e-24	3.37e-17	2.81e-11	2.93e-06	9.80e-01	2.01e-02	0.00e+00	0.00e+00	0.00e+00	0.00e+00	0.00e+00	0.00e+00	8.29e-72
 1.78952e+13	7.60e-24	4.24e-17	3.29e-11	3.17e-06	9.81e-01	1.87e-02	0.00e+00	0.00e+00	0.00e+00	0.00e+00	0.00e+00	0.00e+00	1.91e-71
 1.85973e+13	1.02e-23	5.30e-17	3.82e-11	3.42e-06	9.83e-01	1.73e-02	0.00e+00	0.00e+00	0.00e+00	0.00e+00	1.70e-17	3.60e-17	4.28e-71
 1.92602e+13	1.34e-23	6.49e-17	4.38e-11	3.66e-06	9.84e-01	1.62e-02	0.00e+00	0.00e+00	0.00e+00	0.00e+00	2.15e-17	4.34e-17	8.93e-71
 1.99934e+13	1.78e-23	8.06e-17	5.06e-11	3.94e-06	9.85e-01	1.51e-02	0.00e+00	0.00e+00	0.00e+00	0.00e+00	2.67e-17	5.38e-17	1.96e-70
 2.07276e+13	2.35e-23	9.93e-17	5.83e-11	4.24e-06	9.86e-01	1.41e-02	0.00e+00	0.00e+00	0.00e+00	0.00e+00	3.30e-17	6.63e-17	4.17e-70
 2.13339e+13	2.93e-23	1.17e-16	6.52e-11	4.49e-06	9.87e-01	1.33e-02	0.00e+00	0.00e+00	0.00e+00	0.00e+00	3.90e-17	7.84e-17	7.65e-70
 2.19752e+13	3.68e-23	1.39e-16	7.32e-11	4.76e-06	9.87e-01	1.26e-02	0.00e+00	0.00e+00	0.00e+00	0.00e+00	4.63e-17	9.31e-17	1.42e-69
 2.27993e+13	4.88e-23	1.73e-16	8.46e-11	5.12e-06	9.88e-01	1.17e-02	0.00e+00	0.00e+00	0.00e+00	0.00e+00	5.73e-17	1.15e-16	3.08e-69
 2.36666e+13	6.51e-23	2.14e-16	9.80e-11	5.52e-06	9.89e-01	1.09e-02	0.00e+00	0.00e+00	0.00e+00	0.00e+00	7.11e-17	1.43e-16	6.75e-69
 2.44309e+13	8.32e-23	2.58e-16	1.11e-10	5.88e-06	9.90e-01	1.02e-02	0.00e+00	0.00e+00	0.00e+00	0.00e+00	8.56e-17	1.72e-16	1.33e-68
 2.52557e+13	1.07e-22	3.13e-16	1.26e-10	6.28e-06	9.90e-01	9.58e-03	0.00e+00	0.00e+00	0.00e+00	0.00e+00	1.04e-16	2.09e-16	2.65e-68
 2.62513e+13	1.45e-22	3.92e-16	1.47e-10	6.79e-06	9.91e-01	8.88e-03	0.00e+00	0.00e+00	0.00e+00	0.00e+00	1.30e-16	2.62e-16	5.95e-68
 2.72616e+13	1.93e-22	4.88e-16	1.71e-10	7.33e-06	9.92e-01	8.24e-03	0.00e+00	0.00e+00	0.00e+00	0.00e+00	1.62e-16	3.26e-16	1.31e-67
 2.82030e+13	2.51e-22	5.94e-16	1.96e-10	7.85e-06	9.92e-01	7.70e-03	0.00e+00	0.00e+00	0.00e+00	0.00e+00	1.97e-16	3.97e-16	2.68e-67
 2.92519e+13	3.33e-22	7.35e-16	2.26e-10	8.45e-06	9.93e-01	7.17e-03	0.00e+00	0.00e+00	0.00e+00	0.00e+00	2.44e-16	4.91e-16	5.75e-67
 3.03696e+13	4.44e-22	9.15e-16	2.62e-10	9.12e-06	9.93e-01	6.65e-03	0.00e+00	0.00e+00	0.00e+00	0.00e+00	3.03e-16	6.11e-16	1.26e-66
 3.13629e+13	5.69e-22	1.10e-15	2.98e-10	9.73e-06	9.94e-01	6.24e-03	0.00e+00	0.00e+00	0.00e+00	0.00e+00	3.66e-16	7.37e-16	2.47e-66
 3.24300e+13	7.35e-22	1.34e-15	3.40e-10	1.04e-05	9.94e-01	5.83e-03	0.00e+00	0.00e+00	0.00e+00	0.00e+00	4.45e-16	8.96e-16	4.98e-66
 3.37088e+13	9.90e-22	1.68e-15	3.97e-10	1.13e-05	9.95e-01	5.40e-03	0.00e+00	0.00e+00	0.00e+00	0.00e+00	5.57e-16	1.12e-15	1.12e-65
 3.49664e+13	1.31e-21	2.08e-15	4.59e-10	1.21e-05	9.95e-01	5.01e-03	0.00e+00	0.00e+00	0.00e+00	0.00e+00	6.90e-16	1.39e-15	2.40e-65
 3.60846e+13	1.67e-21	2.50e-15	5.20e-10	1.29e-05	9.95e-01	4.71e-03	0.00e+00	0.00e+00	0.00e+00	0.00e+00	8.29e-16	1.67e-15	4.65e-65
 3.73181e+13	2.16e-21	3.04e-15	5.95e-10	1.39e-05	9.96e-01	4.40e-03	0.00e+00	0.00e+00	0.00e+00	0.00e+00	1.01e-15	2.03e-15	9.36e-65
 3.87905e+13	2.91e-21	3.81e-15	6.94e-10	1.50e-05	9.96e-01	4.07e-03	0.00e+00	0.00e+00	0.00e+00	0.00e+00	1.26e-15	2.55e-15	2.10e-64
 4.02539e+13	3.88e-21	4.73e-15	8.05e-10	1.62e-05	9.96e-01	3.77e-03	0.00e+00	0.00e+00	0.00e+00	0.00e+00	1.57e-15	3.16e-15	4.56e-64
 4.15901e+13	4.99e-21	5.73e-15	9.17e-10	1.73e-05	9.96e-01	3.53e-03	0.00e+00	0.00e+00	0.00e+00	0.00e+00	1.90e-15	3.83e-15	9.04e-64
 4.30810e+13	6.53e-21	7.03e-15	1.06e-09	1.86e-05	9.97e-01	3.29e-03	0.00e+00	0.00e+00	0.00e+00	0.00e+00	2.33e-15	4.70e-15	1.89e-63
 4.48171e+13	8.85e-21	8.86e-15	1.24e-09	2.02e-05	9.97e-01	3.04e-03	0.00e+00	0.00e+00	0.00e+00	0.00e+00	2.94e-15	5.92e-15	4.30e-63
 4.65222e+13	1.18e-20	1.10e-14	1.43e-09	2.18e-05	9.97e-01	2.81e-03	0.00e+00	0.00e+00	0.00e+00	0.00e+00	3.65e-15	7.37e-15	9.43e-63
 4.81311e+13	1.54e-20	1.34e-14	1.64e-09	2.33e-05	9.97e-01	2.63e-03	0.00e+00	0.00e+00	0.00e+00	0.00e+00	4.45e-15	8.99e-15	1.92e-62
 4.99218e+13	2.03e-20	1.66e-14	1.90e-09	2.52e-05	9.98e-01	2.44e-03	0.00e+00	0.00e+00	0.00e+00	0.00e+00	5.51e-15	1.11e-14	4.14e-62
 5.19486e+13	2.76e-20	2.10e-14	2.23e-09	2.73e-05	9.98e-01	2.25e-03	0.00e+00	0.00e+00	0.00e+00	0.00e+00	6.96e-15	1.40e-14	9.54e-62
 5.39764e+13	3.72e-20	2.63e-14	2.60e-09	2.95e-05	9.98e-01	2.08e-03	0.00e+00	0.00e+00	0.00e+00	0.00e+00	8.71e-15	1.76e-14	2.14e-61
 5.58763e+13	4.86e-20	3.22e-14	2.98e-09	3.17e-05	9.98e-01	1.94e-03	0.00e+00	0.00e+00	0.00e+00	0.00e+00	1.07e-14	2.15e-14	4.44e-61
 5.79322e+13	6.42e-20	3.98e-14	3.44e-09	3.41e-05	9.98e-01	1.80e-03	0.00e+00	0.00e+00	0.00e+00	0.00e+00	1.32e-14	2.66e-14	9.51e-61
 6.02320e+13	8.68e-20	5.00e-14	4.02e-09	3.69e-05	9.98e-01	1.67e-03	0.00e+00	0.00e+00	0.00e+00	0.00e+00	1.65e-14	3.34e-14	2.16e-60
 6.23834e+13	1.14e-19	6.14e-14	4.63e-09	3.96e-05	9.98e-01	1.55e-03	0.00e+00	0.00e+00	0.00e+00	0.00e+00	2.03e-14	4.11e-14	4.56e-60
 6.43787e+13	1.46e-19	7.39e-14	5.25e-09	4.23e-05	9.99e-01	1.46e-03	0.00e+00	0.00e+00	0.00e+00	0.00e+00	2.45e-14	4.95e-14	8.88e-60
 6.62993e+13	1.83e-19	8.79e-14	5.90e-09	4.49e-05	9.99e-01	1.37e-03	0.00e+00	0.00e+00	0.00e+00	0.00e+00	2.91e-14	5.88e-14	1.66e-59
 6.84330e+13	2.34e-19	1.06e-13	6.70e-09	4.79e-05	9.99e-01	1.29e-03	0.00e+00	0.00e+00	0.00e+00	0.00e+00	3.50e-14	7.08e-14	3.25e-59
 7.07952e+13	3.05e-19	1.29e-13	7.67e-09	5.13e-05	9.99e-01	1.20e-03	0.00e+00	0.00e+00	0.00e+00	0.00e+00	4.27e-14	8.65e-14	6.69e-59
 7.29976e+13	3.87e-19	1.55e-13	8.67e-09	5.46e-05	9.99e-01	1.13e-03	0.00e+00	0.00e+00	0.00e+00	0.00e+00	5.12e-14	1.04e-13	1.29e-58
 7.54038e+13	4.98e-19	1.87e-13	9.86e-09	5.83e-05	9.99e-01	1.06e-03	0.00e+00	0.00e+00	0.00e+00	0.00e+00	6.19e-14	1.25e-13	2.57e-58
 7.81107e+13	6.55e-19	2.31e-13	1.14e-08	6.26e-05	9.99e-01	9.85e-04	0.00e+00	0.00e+00	0.00e+00	0.00e+00	7.62e-14	1.54e-13	5.45e-58
 8.06881e+13	8.44e-19	2.79e-13	1.29e-08	6.69e-05	9.99e-01	9.23e-04	0.00e+00	0.00e+00	0.00e+00	0.00e+00	9.23e-14	1.87e-13	1.09e-57
 8.35180e+13	1.10e-18	3.42e-13	1.48e-08	7.17e-05	9.99e-01	8.60e-04	0.00e+00	0.00e+00	0.00e+00	0.00e+00	1.13e-13	2.29e-13	2.28e-57
 8.66366e+13	1.47e-18	4.25e-13	1.72e-08	7.72e-05	9.99e-01	7.99e-04	0.00e+00	0.00e+00	0.00e+00	0.00e+00	1.40e-13	2.85e-13	5.01e-57
 8.95056e+13	1.90e-18	5.15e-13	1.96e-08	8.25e-05	9.99e-01	7.48e-04	0.00e+00	0.00e+00	0.00e+00	0.00e+00	1.70e-13	3.45e-13	1.01e-56
 9.26104e+13	2.47e-18	6.29e-13	2.24e-08	8.84e-05	9.99e-01	6.98e-04	0.00e+00	0.00e+00	0.00e+00	0.00e+00	2.08e-13	4.22e-13	2.09e-56
 9.60841e+13	3.30e-18	7.82e-13	2.60e-08	9.53e-05	9.99e-01	6.48e-04	0.00e+00	0.00e+00	0.00e+00	0.00e+00	2.58e-13	5.24e-13	4.60e-56
 9.93549e+13	4.28e-18	9.53e-13	2.97e-08	1.02e-04	9.99e-01	6.05e-04	0.00e+00	0.00e+00	0.00e+00	0.00e+00	3.14e-13	6.39e-13	9.45e-56
 1.02924e+14	5.63e-18	1.17e-12	3.42e-08	1.10e-04	9.99e-01	5.63e-04	0.00e+00	0.00e+00	0.00e+00	0.00e+00	3.87e-13	7.86e-13	2.01e-55
 1.06890e+14	7.57e-18	1.47e-12	3.98e-08	1.18e-04	9.99e-01	5.22e-04	0.00e+00	0.00e+00	0.00e+00	0.00e+00	4.83e-13	9.83e-13	4.52e-55
 1.10593e+14	9.86e-18	1.79e-12	4.56e-08	1.27e-04	9.99e-01	4.87e-04	0.00e+00	0.00e+00	0.00e+00	0.00e+00	5.90e-13	1.20e-12	9.38e-55
 1.14609e+14	1.30e-17	2.21e-12	5.26e-08	1.37e-04	9.99e-01	4.52e-04	0.00e+00	0.00e+00	0.00e+00	0.00e+00	7.27e-13	1.48e-12	2.01e-54
 1.19100e+14	1.75e-17	2.77e-12	6.14e-08	1.48e-04	9.99e-01	4.18e-04	0.00e+00	0.00e+00	0.00e+00	0.00e+00	9.11e-13	1.86e-12	4.56e-54
 1.23372e+14	2.30e-17	3.41e-12	7.07e-08	1.59e-04	9.99e-01	3.89e-04	0.00e+00	0.00e+00	0.00e+00	0.00e+00	1.12e-12	2.29e-12	9.68e-54
 1.27938e+14	3.04e-17	4.21e-12	8.18e-08	1.71e-04	9.99e-01	3.61e-04	0.00e+00	0.00e+00	0.00e+00	0.00e+00	1.39e-12	2.83e-12	2.09e-53
 1.33086e+14	4.12e-17	5.31e-12	9.59e-08	1.86e-04	9.99e-01	3.33e-04	0.00e+00	0.00e+00	0.00e+00	0.00e+00	1.75e-12	3.57e-12	4.84e-53
 1.38165e+14	5.49e-17	6.61e-12	1.11e-07	2.01e-04	9.99e-01	3.08e-04	0.00e+00	4.52e-18	1.36e-17	2.27e-17	2.17e-12	4.44e-12	1.07e-52
 1.43447e+14	7.32e-17	8.23e-12	1.30e-07	2.17e-04	9.99e-01	2.84e-04	0.00e+00	6.02e-18	1.81e-17	3.02e-17	2.70e-12	5.53e-12	2.36e-52
 1.49215e+14	9.88e-17	1.04e-11	1.52e-07	2.36e-04	1.00e+00	2.62e-04	0.00e+00	8.13e-18	2.44e-17	4.08e-17	3.40e-12	6.96e-12	5.42e-52
 1.54919e+14	1.31e-16	1.29e-11	1.77e-07	2.56e-04	1.00e+00	2.42e-04	0.00e+00	1.08e-17	3.24e-17	5.42e-17	4.22e-12	8.65e-12	1.19e-51
 1.59667e+14	1.65e-16	1.53e-11	2.00e-07	2.73e-04	1.00e+00	2.27e-04	0.00e+00	1.36e-17	4.08e-17	6.82e-17	5.03e-12	1.03e-11	2.24e-51
 1.63497e+14	1.97e-16	1.76e-11	2.20e-07	2.87e-04	9.99e-01	2.16e-04	0.00e+00	1.62e-17	4.88e-17	8.15e-17	5.76e-12	1.18e-11	3.67e-51
 1.67742e+14	2.38e-16	2.04e-11	2.44e-07	3.03e-04	9.99e-01	2.04e-04	0.00e+00	1.97e-17	5.91e-17	9.87e-17	6.68e-12	1.37e-11	6.25e-51
 1.73260e+14	3.03e-16	2.45e-11	2.79e-07	3.25e-04	9.99e-01	1.91e-04	0.00e+00	2.50e-17	7.51e-17	1.26e-16	8.04e-12	1.65e-11	1.22e-50
 1.79177e+14	3.89e-16	2.98e-11	3.19e-07	3.49e-04	9.99e-01	1.77e-04	0.00e+00	3.21e-17	9.65e-17	1.61e-16	9.75e-12	2.00e-11	2.45e-50
 1.84430e+14	4.81e-16	3.51e-11	3.59e-07	3.72e-04	9.99e-01	1.67e-04	0.00e+00	3.97e-17	1.19e-16	1.99e-16	1.15e-11	2.36e-11	4.43e-50
 1.90075e+14	6.00e-16	4.17e-11	4.06e-07	3.97e-04	9.99e-01	1.56e-04	0.00e+00	4.96e-17	1.49e-16	2.49e-16	1.36e-11	2.80e-11	8.25e-50
 1.97146e+14	7.83e-16	5.13e-11	4.71e-07	4.30e-04	9.99e-01	1.44e-04	0.00e+00	6.48e-17	1.95e-16	3.25e-16	1.68e-11	3.45e-11	1.74e-49
 2.04315e+14	1.01e-15	6.28e-11	5.45e-07	4.65e-04	9.99e-01	1.33e-04	0.00e+00	8.40e-17	2.52e-16	4.22e-16	2.05e-11	4.23e-11	3.61e-49
 2.10527e+14	1.26e-15	7.44e-11	6.15e-07	4.97e-04	9.99e-01	1.25e-04	0.00e+00	1.04e-16	3.13e-16	5.24e-16	2.43e-11	5.01e-11	6.67e-49
 2.17250e+14	1.57e-15	8.87e-11	7.00e-07	5.33e-04	9.99e-01	1.17e-04	0.00e+00	1.31e-16	3.92e-16	6.55e-16	2.90e-11	5.97e-11	1.26e-48
 2.25485e+14	2.05e-15	1.09e-10	8.14e-07	5.79e-04	9.99e-01	1.07e-04	0.00e+00	1.70e-16	5.12e-16	8.55e-16	3.57e-11	7.35e-11	2.68e-48
 2.33819e+14	2.65e-15	1.34e-10	9.45e-07	6.29e-04	9.99e-01	9.92e-05	0.00e+00	2.20e-16	6.61e-16	1.11e-15	4.37e-11	9.01e-11	5.59e-48
 2.41251e+14	3.30e-15	1.59e-10	1.07e-06	6.75e-04	9.99e-01	9.25e-05	0.00e+00	2.74e-16	8.23e-16	1.38e-15	5.20e-11	1.07e-10	1.05e-47
 2.49379e+14	4.16e-15	1.91e-10	1.23e-06	7.27e-04	9.99e-01	8.60e-05	0.00e+00	3.46e-16	1.04e-15	1.74e-15	6.25e-11	1.29e-10	2.05e-47
 2.59067e+14	5.41e-15	2.36e-10	1.44e-06	7.93e-04	9.99e-01	7.90e-05	0.00e+00	4.51e-16	1.35e-15	2.26e-15	7.71e-11	1.59e-10	4.43e-47
 2.68640e+14	6.95e-15	2.88e-10	1.66e-06	8.61e-04	9.99e-01	7.28e-05	0.00e+00	5.80e-16	1.74e-15	2.91e-15	9.41e-11	1.94e-10	9.22e-47
 2.77310e+14	8.63e-15	3.43e-10	1.89e-06	9.25e-04	9.99e-01	6.78e-05	0.00e+00	7.21e-16	2.16e-15	3.62e-15	1.12e-10	2.31e-10	1.75e-46
 2.86952e+14	1.09e-14	4.13e-10	2.17e-06	1.00e-03	9.99e-01	6.29e-05	0.00e+00	9.11e-16	2.73e-15	4.57e-15	1.35e-10	2.78e-10	3.49e-46
 2.98264e+14	1.41e-14	5.09e-10	2.54e-06	1.09e-03	9.99e-01	5.76e-05	0.00e+00	1.18e-15	3.56e-15	5.94e-15	1.67e-10	3.43e-10	7.63e-46
 3.09405e+14	1.81e-14	6.22e-10	2.95e-06	1.19e-03	9.99e-01	5.31e-05	0.00e+00	1.52e-15	4.56e-15	7.62e-15	2.03e-10	4.18e-10	1.61e-45
 3.19790e+14	2.26e-14	7.43e-10	3.37e-06	1.28e-03	9.99e-01	4.93e-05	0.00e+00	1.90e-15	5.69e-15	9.51e-15	2.43e-10	5.00e-10	3.14e-45
 3.31409e+14	2.87e-14	9.01e-10	3.90e-06	1.39e-03	9.99e-01	4.55e-05	0.00e+00	2.41e-15	7.23e-15	1.21e-14	2.95e-10	6.06e-10	6.48e-45
 3.44695e+14	3.72e-14	1.11e-09	4.57e-06	1.52e-03	9.98e-01	4.17e-05	0.00e+00	3.13e-15	9.40e-15	1.57e-14	3.64e-10	7.49e-10	1.44e-44
 3.57818e+14	4.77e-14	1.36e-09	5.31e-06	1.66e-03	9.98e-01	3.84e-05	0.00e+00	4.02e-15	1.21e-14	2.01e-14	4.46e-10	9.16e-10	3.10e-44
 3.71465e+14	6.10e-14	1.66e-09	6.17e-06	1.81e-03	9.98e-01	3.53e-05	0.00e+00	5.15e-15	1.55e-14	2.58e-14	5.45e-10	1.12e-09	6.68e-44
 3.83867e+14	7.57e-14	1.99e-09	7.04e-06	1.95e-03	9.98e-01	3.28e-05	0.00e+00	6.40e-15	1.92e-14	3.21e-14	6.50e-10	1.34e-09	1.31e-43
 3.93143e+14	8.86e-14	2.26e-09	7.75e-06	2.06e-03	9.98e-01	3.11e-05	0.00e+00	7.49e-15	2.25e-14	3.76e-14	7.39e-10	1.52e-09	2.14e-43
 4.02740e+14	1.04e-13	2.57e-09	8.53e-06	2.17e-03	9.98e-01	2.95e-05	0.00e+00	8.79e-15	2.64e-14	4.41e-14	8.41e-10	1.73e-09	3.52e-43
 4.15215e+14	1.27e-13	3.02e-09	9.64e-06	2.33e-03	9.98e-01	2.76e-05	0.00e+00	1.07e-14	3.22e-14	5.38e-14	9.91e-10	2.03e-09	6.61e-43
 4.28774e+14	1.56e-13	3.60e-09	1.10e-05	2.51e-03	9.97e-01	2.57e-05	0.00e+00	1.33e-14	3.99e-14	6.66e-14	1.18e-09	2.42e-09	1.31e-42
 4.41047e+14	1.88e-13	4.19e-09	1.23e-05	2.67e-03	9.97e-01	2.42e-05	0.00e+00	1.60e-14	4.80e-14	8.02e-14	1.37e-09	2.81e-09	2.36e-42
 4.54306e+14	2.28e-13	4.91e-09	1.38e-05	2.86e-03	9.97e-01	2.27e-05	0.00e+00	1.94e-14	5.83e-14	9.74e-14	1.61e-09	3.30e-09	4.41e-42
 4.71051e+14	2.90e-13	5.96e-09	1.60e-05	3.10e-03	9.97e-01	2.10e-05	0.00e+00	2.47e-14	7.41e-14	1.24e-13	1.96e-09	4.01e-09	9.58e-42
 4.87914e+14	3.65e-13	7.21e-09	1.84e-05	3.36e-03	9.97e-01	1.94e-05	0.00e+00	3.11e-14	9.34e-14	1.56e-13	2.37e-09	4.84e-09	2.04e-41
 5.02149e+14	4.41e-13	8.42e-09	2.06e-05	3.59e-03	9.96e-01	1.83e-05	0.00e+00	3.77e-14	1.13e-13	1.89e-13	2.76e-09	5.66e-09	3.79e-41
 5.17381e+14	5.36e-13	9.89e-09	2.32e-05	3.84e-03	9.96e-01	1.72e-05	0.00e+00	4.58e-14	1.38e-13	2.30e-13	3.25e-09	6.65e-09	7.20e-41
 5.36526e+14	6.50e-13	1.21e-08	2.68e-05	4.17e-03	9.96e-01	1.59e-05	0.00e+00	5.56e-14	1.67e-13	2.79e-13	3.96e-09	8.09e-09	1.57e-40
 5.56607e+14	8.23e-13	1.47e-08	3.11e-05	4.54e-03	9.95e-01	1.47e-05	0.00e+00	7.06e-14	2.12e-13	3.54e-13	4.84e-09	9.88e-09	3.48e-40
 5.74777e+14	1.01e-12	1.75e-08	3.53e-05	4.88e-03	9.95e-01	1.38e-05	0.00e+00	8.68e-14	2.61e-13	4.35e-13	5.76e-09	1.18e-08	6.97e-40
 5.94611e+14	1.26e-12	2.11e-08	4.04e-05	5.27e-03	9.95e-01	1.28e-05	0.00e+00	1.08e-13	3.25e-13	5.43e-13	6.93e-09	1.42e-08	1.46e-39
 6.17952e+14	1.62e-12	2.61e-08	4.71e-05	5.74e-03	9.94e-01	1.19e-05	0.00e+00	1.39e-13	4.18e-13	6.97e-13	8.57e-09	1.75e-08	3.37e-39
 6.40798e+14	2.04e-12	3.18e-08	5.44e-05	6.23e-03	9.94e-01	1.10e-05	0.00e+00	1.76e-13	5.28e-13	8.81e-13	1.05e-08	2.13e-08	7.40e-39
 6.61786e+14	2.52e-12	3.80e-08	6.19e-05	6.70e-03	9.93e-01	1.04e-05	0.00e+00	2.17e-13	6.52e-13	1.09e-12	1.25e-08	2.55e-08	1.49e-38
 6.85413e+14	3.16e-12	4.61e-08	7.12e-05	7.25e-03	9.93e-01	9.68e-06	0.00e+00	2.73e-13	8.18e-13	1.37e-12	1.52e-08	3.09e-08	3.21e-38
 7.12758e+14	4.07e-12	5.72e-08	8.32e-05	7.91e-03	9.92e-01	8.98e-06	0.00e+00	3.52e-13	1.06e-12	1.76e-12	1.89e-08	3.84e-08	7.52e-38
 7.39517e+14	5.17e-12	7.03e-08	9.65e-05	8.59e-03	9.91e-01	8.38e-06	0.00e+00	4.47e-13	1.34e-12	2.24e-12	2.32e-08	4.72e-08	1.68e-37
 7.64896e+14	6.44e-12	8.50e-08	1.10e-04	9.26e-03	9.91e-01	7.89e-06	0.00e+00	5.58e-13	1.67e-12	2.79e-12	2.80e-08	5.70e-08	3.50e-37
 7.93072e+14	8.12e-12	1.04e-07	1.28e-04	1.00e-02	9.90e-01	7.39e-06	0.00e+00	7.04e-13	2.11e-12	3.53e-12	3.43e-08	6.97e-08	7.65e-37
 8.19797e+14	1.00e-11	1.25e-07	1.46e-04	1.08e-02	9.89e-01	6.98e-06	0.00e+00	8.71e-13	2.61e-12	4.36e-12	4.13e-08	8.40e-08	1.57e-36
 8.39805e+14	1.17e-11	1.44e-07	1.61e-04	1.14e-02	9.88e-01	6.71e-06	0.00e+00	1.01e-12	3.04e-12	5.07e-12	4.73e-08	9.62e-08	2.64e-36
 8.60153e+14	1.36e-11	1.64e-07	1.77e-04	1.20e-02	9.88e-01	6.45e-06	0.00e+00	1.18e-12	3.55e-12	5.93e-12	5.42e-08	1.10e-07	4.44e-36
 8.86605e+14	1.66e-11	1.95e-07	2.00e-04	1.29e-02	9.87e-01	6.13e-06	0.00e+00	1.44e-12	4.34e-12	7.24e-12	6.43e-08	1.31e-07	8.56e-36
 9.15336e+14	2.04e-11	2.34e-07	2.27e-04	1.38e-02	9.86e-01	5.82e-06	0.00e+00	1.77e-12	5.32e-12	8.88e-12	7.71e-08	1.56e-07	1.71e-35
 9.41200e+14	2.44e-11	2.74e-07	2.54e-04	1.47e-02	9.85e-01	5.58e-06	0.00e+00	2.12e-12	6.38e-12	1.06e-11	9.04e-08	1.83e-07	3.11e-35
 9.68993e+14	2.94e-11	3.23e-07	2.85e-04	1.57e-02	9.84e-01	5.34e-06	0.00e+00	2.56e-12	7.69e-12	1.28e-11	1.07e-07	2.17e-07	5.82e-35
 1.00441e+15	3.70e-11	3.97e-07	3.30e-04	1.70e-02	9.83e-01	5.08e-06	0.00e+00	3.23e-12	9.70e-12	1.62e-11	1.31e-07	2.66e-07	1.26e-34
 1.04016e+15	4.62e-11	4.84e-07	3.80e-04	1.84e-02	9.81e-01	4.83e-06	0.00e+00	4.04e-12	1.21e-11	2.02e-11	1.60e-07	3.24e-07	2.66e-34
 1.06997e+15	5.51e-11	5.70e-07	4.26e-04	1.96e-02	9.80e-01	4.66e-06	0.00e+00	4.82e-12	1.45e-11	2.41e-11	1.88e-07	3.82e-07	4.85e-34
 1.10166e+15	6.66e-11	6.74e-07	4.80e-04	2.09e-02	9.79e-01	4.49e-06	0.00e+00	5.83e-12	1.75e-11	2.92e-11	2.23e-07	4.51e-07	9.02e-34
 1.14198e+15	8.41e-11	8.29e-07	5.55e-04	2.26e-02	9.77e-01	4.28e-06	0.00e+00	7.37e-12	2.21e-11	3.69e-11	2.74e-07	5.55e-07	1.93e-33
 1.18417e+15	1.06e-10	1.02e-06	6.43e-04	2.46e-02	9.75e-01	4.10e-06	0.00e+00	9.28e-12	2.79e-11	4.65e-11	3.38e-07	6.84e-07	4.14e-33
 1.22121e+15	1.29e-10	1.22e-06	7.28e-04	2.63e-02	9.73e-01	3.97e-06	0.00e+00	1.13e-11	3.39e-11	5.65e-11	4.04e-07	8.17e-07	7.89e-33
 1.26089e+15	1.57e-10	1.47e-06	8.30e-04	2.82e-02	9.71e-01	3.83e-06	0.00e+00	1.38e-11	4.15e-11	6.93e-11	4.86e-07	9.83e-07	1.54e-32
 1.30901e+15	2.00e-10	1.82e-06	9.66e-04	3.07e-02	9.68e-01	3.68e-06	0.00e+00	1.76e-11	5.27e-11	8.80e-11	6.03e-07	1.22e-06	3.37e-32
 1.35683e+15	2.50e-10	2.24e-06	1.12e-03	3.33e-02	9.66e-01	3.56e-06	0.00e+00	2.20e-11	6.61e-11	1.10e-10	7.42e-07	1.50e-06	7.04e-32
 1.39915e+15	3.01e-10	2.68e-06	1.27e-03	3.56e-02	9.63e-01	3.48e-06	0.00e+00	2.66e-11	7.97e-11	1.33e-10	8.87e-07	1.79e-06	1.32e-31
 1.44556e+15	3.73e-10	3.24e-06	1.45e-03	3.83e-02	9.60e-01	3.38e-06	0.00e+00	3.29e-11	9.88e-11	1.65e-10	1.07e-06	2.17e-06	2.58e-31
 1.49658e+15	4.62e-10	3.96e-06	1.67e-03	4.14e-02	9.57e-01	3.28e-06	0.00e+00	4.08e-11	1.22e-10	2.04e-10	1.31e-06	2.65e-06	5.21e-31
 1.54336e+15	5.61e-10	4.73e-06	1.89e-03	4.43e-02	9.54e-01	3.21e-06	0.00e+00	4.96e-11	1.49e-10	2.48e-10	1.57e-06	3.16e-06	9.61e-31
 1.58352e+15	6.56e-10	5.48e-06	2.10e-03	4.70e-02	9.51e-01	3.15e-06	0.00e+00	5.80e-11	1.74e-10	2.90e-10	1.82e-06	3.67e-06	1.61e-30
 1.62530e+15	7.76e-10	6.39e-06	2.34e-03	4.98e-02	9.48e-01	3.09e-06	0.00e+00	6.87e-11	2.06e-10	3.44e-10	2.12e-06	4.27e-06	2.73e-30
 1.67242e+15	9.29e-10	7.55e-06	2.63e-03	5.31e-02	9.44e-01	3.03e-06	0.00e+00	8.23e-11	2.47e-10	4.12e-10	2.50e-06	5.05e-06	4.86e-30
 1.71734e+15	1.10e-09	8.81e-06	2.94e-03	5.64e-02	9.41e-01	2.98e-06	0.00e+00	9.76e-11	2.93e-10	4.88e-10	2.92e-06	5.89e-06	8.22e-30
 1.76661e+15	1.32e-09	1.04e-05	3.30e-03	6.01e-02	9.37e-01	2.92e-06	0.00e+00	1.17e-10	3.52e-10	5.87e-10	3.45e-06	6.96e-06	1.46e-29
 1.82060e+15	1.60e-09	1.24e-05	3.74e-03	6.43e-02	9.32e-01	2.87e-06	0.00e+00	1.42e-10	4.27e-10	7.12e-10	4.12e-06	8.30e-06	2.64e-29
 1.87026e+15	1.90e-09	1.45e-05	4.18e-03	6.83e-02	9.27e-01	2.83e-06	0.00e+00	1.69e-10	5.07e-10	8.46e-10	4.82e-06	9.71e-06	4.45e-29
 1.92437e+15	2.29e-09	1.72e-05	4.70e-03	7.29e-02	9.22e-01	2.79e-06	0.00e+00	2.04e-10	6.12e-10	1.02e-09	5.71e-06	1.15e-05	7.88e-29
 1.98465e+15	2.79e-09	2.06e-05	5.34e-03	7.81e-02	9.17e-01	2.73e-06	0.00e+00	2.49e-10	7.46e-10	1.24e-09	6.84e-06	1.38e-05	1.43e-28
 2.04182e+15	3.36e-09	2.43e-05	6.01e-03	8.33e-02	9.11e-01	2.69e-06	0.00e+00	2.99e-10	8.98e-10	1.50e-09	8.08e-06	1.63e-05	2.48e-28
 2.10504e+15	4.12e-09	2.92e-05	6.83e-03	8.92e-02	9.04e-01	2.64e-06	0.00e+00	3.68e-10	1.10e-09	1.84e-09	9.69e-06	1.95e-05	4.50e-28
 2.17412e+15	5.09e-09	3.53e-05	7.80e-03	9.59e-02	8.96e-01	2.59e-06	0.00e+00	4.55e-10	1.36e-09	2.27e-09	1.17e-05	2.36e-05	8.33e-28
 2.23660e+15	6.15e-09	4.16e-05	8.77e-03	1.02e-01	8.89e-01	2.56e-06	0.00e+00	5.50e-10	1.65e-09	2.75e-09	1.38e-05	2.78e-05	1.41e-27
 2.30359e+15	7.57e-09	4.97e-05	9.94e-03	1.09e-01	8.81e-01	2.53e-06	0.00e+00	6.78e-10	2.03e-09	3.39e-09	1.65e-05	3.32e-05	2.50e-27
 2.37808e+15	9.31e-09	5.99e-05	1.13e-02	1.17e-01	8.71e-01	2.47e-06	0.00e+00	8.35e-10	2.50e-09	4.18e-09	1.99e-05	4.00e-05	4.53e-27
 2.44825e+15	1.13e-08	7.11e-05	1.28e-02	1.25e-01	8.62e-01	2.44e-06	0.00e+00	1.02e-09	3.05e-09	5.09e-09	2.36e-05	4.75e-05	7.73e-27
 2.52539e+15	1.42e-08	8.57e-05	1.46e-02	1.34e-01	8.51e-01	2.40e-06	0.00e+00	1.28e-09	3.83e-09	6.39e-09	2.85e-05	5.72e-05	1.40e-26
 2.60969e+15	1.76e-08	1.04e-04	1.67e-02	1.44e-01	8.39e-01	2.34e-06	0.00e+00	1.59e-09	4.76e-09	7.93e-09	3.45e-05	6.93e-05	2.53e-26
 2.68276e+15	2.13e-08	1.22e-04	1.88e-02	1.53e-01	8.28e-01	2.31e-06	0.00e+00	1.92e-09	5.76e-09	9.60e-09	4.05e-05	8.14e-05	4.10e-26
 2.74669e+15	2.50e-08	1.40e-04	2.07e-02	1.61e-01	8.18e-01	2.28e-06	0.00e+00	2.26e-09	6.78e-09	1.13e-08	4.66e-05	9.36e-05	6.27e-26
 2.81927e+15	3.02e-08	1.64e-04	2.32e-02	1.71e-01	8.06e-01	2.23e-06	0.00e+00	2.73e-09	8.19e-09	1.37e-08	5.46e-05	1.10e-04	1.02e-25
 2.89939e+15	3.70e-08	1.94e-04	2.61e-02	1.82e-01	7.92e-01	2.19e-06	0.00e+00	3.35e-09	1.01e-08	1.68e-08	6.45e-05	1.29e-04	1.68e-25
 2.97346e+15	4.44e-08	2.25e-04	2.90e-02	1.92e-01	7.79e-01	2.16e-06	0.00e+00	4.02e-09	1.20e-08	2.01e-08	7.48e-05	1.50e-04	2.59e-25
 3.04120e+15	5.22e-08	2.57e-04	3.19e-02	2.01e-01	7.67e-01	2.12e-06	0.00e+00	4.73e-09	1.42e-08	2.37e-08	8.55e-05	1.71e-04	3.83e-25
 3.11659e+15	6.22e-08	2.98e-04	3.55e-02	2.12e-01	7.53e-01	2.07e-06	0.00e+00	5.65e-09	1.69e-08	2.82e-08	9.93e-05	1.99e-04	5.97e-25
 3.19875e+15	7.56e-08	3.48e-04	3.96e-02	2.24e-01	7.36e-01	2.03e-06	0.00e+00	6.87e-09	2.06e-08	3.43e-08	1.16e-04	2.32e-04	9.35e-25
 3.27652e+15	8.96e-08	4.02e-04	4.39e-02	2.35e-01	7.21e-01	1.98e-06	0.00e+00	8.15e-09	2.45e-08	4.08e-08	1.34e-04	2.68e-04	1.41e-24
 3.35205e+15	1.06e-07	4.61e-04	4.84e-02	2.46e-01	7.05e-01	1.94e-06	0.00e+00	9.67e-09	2.90e-08	4.84e-08	1.53e-04	3.07e-04	2.08e-24
 3.43784e+15	1.30e-07	5.39e-04	5.42e-02	2.59e-01	6.86e-01	1.89e-06	0.00e+00	1.18e-08	3.54e-08	5.90e-08	1.80e-04	3.60e-04	3.29e-24
 3.53257e+15	1.61e-07	6.36e-04	6.10e-02	2.73e-01	6.65e-01	1.85e-06	0.00e+00	1.47e-08	4.40e-08	7.33e-08	2.12e-04	4.24e-04	5.23e-24
 3.62022e+15	1.92e-07	7.36e-04	6.78e-02	2.87e-01	6.45e-01	1.80e-06	0.00e+00	1.76e-08	5.27e-08	8.78e-08	2.45e-04	4.91e-04	7.85e-24
 3.70105e+15	2.28e-07	8.42e-04	7.47e-02	2.99e-01	6.26e-01	1.75e-06	0.00e+00	2.09e-08	6.26e-08	1.04e-07	2.80e-04	5.62e-04	1.14e-23
 3.79168e+15	2.79e-07	9.83e-04	8.34e-02	3.13e-01	6.03e-01	1.69e-06	0.00e+00	2.55e-08	7.65e-08	1.28e-07	3.27e-04	6.55e-04	1.77e-23
 3.89197e+15	3.46e-07	1.16e-03	9.37e-02	3.28e-01	5.77e-01	1.64e-06	0.00e+00	3.18e-08	9.52e-08	1.59e-07	3.85e-04	7.71e-04	2.79e-23
 3.98479e+15	4.16e-07	1.33e-03	1.04e-01	3.41e-01	5.54e-01	1.59e-06	0.00e+00	3.82e-08	1.15e-07	1.91e-07	4.44e-04	8.89e-04	4.11e-23
 4.07110e+15	4.96e-07	1.53e-03	1.15e-01	3.54e-01	5.30e-01	1.54e-06	0.00e+00	4.56e-08	1.37e-07	2.28e-07	5.09e-04	1.02e-03	5.98e-23
 4.16899e+15	6.12e-07	1.79e-03	1.28e-01	3.67e-01	5.03e-01	1.48e-06	0.00e+00	5.64e-08	1.69e-07	2.82e-07	5.95e-04	1.19e-03	9.34e-23
 4.27021e+15	7.56e-07	2.08e-03	1.43e-01	3.81e-01	4.74e-01	1.44e-06	0.00e+00	6.97e-08	2.09e-07	3.48e-07	6.93e-04	1.39e-03	1.42e-22
 4.35472e+15	8.96e-07	2.36e-03	1.56e-01	3.91e-01	4.50e-01	1.38e-06	0.00e+00	8.27e-08	2.48e-07	4.13e-07	7.85e-04	1.57e-03	2.00e-22
 4.44357e+15	1.07e-06	2.70e-03	1.72e-01	4.01e-01	4.24e-01	1.32e-06	0.00e+00	9.90e-08	2.97e-07	4.95e-07	9.00e-04	1.80e-03	2.94e-22
 4.54003e+15	1.31e-06	3.12e-03	1.91e-01	4.11e-01	3.95e-01	1.27e-06	0.00e+00	1.21e-07	3.63e-07	6.05e-07	1.04e-03	2.08e-03	4.28e-22
 4.62559e+15	1.56e-06	3.53e-03	2.08e-01	4.19e-01	3.69e-01	1.22e-06	0.00e+00	1.44e-07	4.32e-07	7.19e-07	1.18e-03	2.35e-03	6.05e-22
 4.69460e+15	1.78e-06	3.89e-03	2.23e-01	4.24e-01	3.49e-01	1.19e-06	0.00e+00	1.65e-07	4.94e-07	8.23e-07	1.30e-03	2.59e-03	7.96e-22
 4.75295e+15	2.00e-06	4.23e-03	2.37e-01	4.28e-01	3.31e-01	1.16e-06	0.00e+00	1.86e-07	5.56e-07	9.27e-07	1.41e-03	2.82e-03	1.02e-21
 4.81890e+15	2.31e-06	4.67e-03	2.53e-01	4.32e-01	3.11e-01	1.11e-06	0.00e+00	2.14e-07	6.42e-07	1.07e-06	1.56e-03	3.11e-03	1.35e-21
 4.89089e+15	2.66e-06	5.19e-03	2.72e-01	4.34e-01	2.88e-01	1.06e-06	0.00e+00	2.47e-07	7.40e-07	1.23e-06	1.73e-03	3.46e-03	1.87e-21
 4.95395e+15	3.03e-06	5.68e-03	2.89e-01	4.36e-01	2.69e-01	1.03e-06	0.00e+00	2.81e-07	8.44e-07	1.41e-06	1.89e-03	3.78e-03	2.42e-21
 5.01024e+15	3.40e-06	6.14e-03	3.05e-01	4.36e-01	2.52e-01	9.95e-07	0.00e+00	3.16e-07	9.48e-07	1.58e-06	2.05e-03	4.09e-03	3.05e-21
 5.07452e+15	3.85e-06	6.69e-03	3.25e-01	4.36e-01	2.33e-01	0.00e+00	0.00e+00	3.58e-07	1.07e-06	1.79e-06	2.23e-03	4.46e-03	3.95e-21
 5.14650e+15	4.48e-06	7.42e-03	3.47e-01	4.33e-01	2.12e-01	0.00e+00	0.00e+00	4.17e-07	1.25e-06	2.08e-06	2.48e-03	4.95e-03	5.43e-21
 5.21017e+15	5.18e-06	8.21e-03	3.69e-01	4.30e-01	1.93e-01	0.00e+00	0.00e+00	4.83e-07	1.45e-06	2.41e-06	2.74e-03	5.47e-03	7.54e-21
 5.25982e+15	5.74e-06	8.80e-03	3.86e-01	4.26e-01	1.79e-01	0.00e+00	0.00e+00	5.35e-07	1.60e-06	2.67e-06	2.94e-03	5.87e-03	9.39e-21
 5.30954e+15	6.31e-06	9.40e-03	4.04e-01	4.22e-01	1.65e-01	0.00e+00	0.00e+00	5.89e-07	1.77e-06	2.94e-06	3.14e-03	6.26e-03	1.15e-20
 5.37419e+15	7.28e-06	1.03e-02	4.28e-01	4.15e-01	1.47e-01	0.00e+00	0.00e+00	6.79e-07	2.04e-06	3.39e-06	3.44e-03	6.88e-03	1.57e-20
 5.43992e+15	8.40e-06	1.13e-02	4.53e-01	4.06e-01	1.30e-01	0.00e+00	0.00e+00	7.85e-07	2.35e-06	3.92e-06	3.78e-03	7.55e-03	2.15e-20
 5.49170e+15	9.61e-06	1.24e-02	4.74e-01	3.98e-01	1.16e-01	0.00e+00	0.00e+00	8.98e-07	2.69e-06	4.49e-06	4.13e-03	8.24e-03	2.96e-20
 5.53221e+15	1.04e-05	1.30e-02	4.89e-01	3.91e-01	1.07e-01	0.00e+00	0.00e+00	9.68e-07	2.90e-06	4.83e-06	4.33e-03	8.63e-03	3.42e-20
 5.57346e+15	1.14e-05	1.38e-02	5.06e-01	3.83e-01	9.69e-02	0.00e+00	0.00e+00	1.07e-06	3.20e-06	5.33e-06	4.60e-03	9.18e-03	4.25e-20
 5.62710e+15	1.32e-05	1.51e-02	5.29e-01	3.71e-01	8.42e-02	0.00e+00	0.00e+00	1.23e-06	3.69e-06	6.15e-06	5.03e-03	1.00e-02	5.99e-20
 5.68011e+15	1.47e-05	1.61e-02	5.50e-01	3.60e-01	7.39e-02	0.00e+00	0.00e+00	1.38e-06	4.13e-06	6.88e-06	5.36e-03	1.07e-02	7.42e-20
 5.73234e+15	1.67e-05	1.74e-02	5.71e-01	3.48e-01	6.36e-02	0.00e+00	0.00e+00	1.57e-06	4.71e-06	7.84e-06	5.79e-03	1.16e-02	9.89e-20
 5.78623e+15	1.92e-05	1.87e-02	5.93e-01	3.34e-01	5.41e-02	0.00e+00	0.00e+00	1.80e-06	5.40e-06	8.99e-06	6.26e-03	1.25e-02	1.33e-19
 5.83026e+15	2.20e-05	2.02e-02	6.12e-01	3.21e-01	4.65e-02	0.00e+00	0.00e+00	2.07e-06	6.20e-06	1.03e-05	6.74e-03	1.34e-02	1.85e-19
 5.86633e+15	2.43e-05	2.12e-02	6.27e-01	3.11e-01	4.12e-02	0.00e+00	0.00e+00	2.28e-06	6.85e-06	1.14e-05	7.08e-03	1.41e-02	2.29e-19
 5.90409e+15	2.69e-05	2.24e-02	6.42e-01	3.00e-01	3.58e-02	0.00e+00	0.00e+00	2.53e-06	7.60e-06	1.27e-05	7.49e-03	1.49e-02	2.91e-19
 5.95318e+15	3.17e-05	2.42e-02	6.62e-01	2.85e-01	2.95e-02	0.00e+00	0.00e+00	2.99e-06	8.95e-06	1.49e-05	8.07e-03	1.61e-02	4.06e-19
 5.99529e+15	3.42e-05	2.53e-02	6.76e-01	2.74e-01	2.54e-02	0.00e+00	0.00e+00	3.22e-06	9.66e-06	1.61e-05	8.45e-03	1.68e-02	4.83e-19
 6.02219e+15	3.81e-05	2.65e-02	6.86e-01	2.65e-01	2.25e-02	0.00e+00	0.00e+00	3.59e-06	1.08e-05	1.79e-05	8.85e-03	1.76e-02	6.09e-19
 6.04518e+15	4.05e-05	2.73e-02	6.95e-01	2.58e-01	2.04e-02	0.00e+00	0.00e+00	3.82e-06	1.14e-05	1.91e-05	9.14e-03	1.82e-02	7.02e-19
 6.06922e+15	4.31e-05	2.83e-02	7.03e-01	2.50e-01	1.83e-02	0.00e+00	0.00e+00	4.07e-06	1.22e-05	2.03e-05	9.45e-03	1.88e-02	8.17e-19
 6.10046e+15	4.75e-05	2.96e-02	7.14e-01	2.40e-01	1.58e-02	0.00e+00	0.00e+00	4.49e-06	1.35e-05	2.24e-05	9.90e-03	1.97e-02	1.02e-18
 6.13318e+15	5.12e-05	3.10e-02	7.25e-01	2.31e-01	1.36e-02	0.00e+00	0.00e+00	4.84e-06	1.45e-05	2.42e-05	1.03e-02	2.06e-02	1.24e-18
 6.16164e+15	5.56e-05	3.22e-02	7.34e-01	2.22e-01	1.18e-02	0.00e+00	0.00e+00	5.26e-06	1.58e-05	2.63e-05	1.07e-02	2.14e-02	1.49e-18
 6.19250e+15	6.06e-05	3.36e-02	7.43e-01	2.13e-01	1.01e-02	0.00e+00	0.00e+00	5.74e-06	1.72e-05	2.87e-05	1.12e-02	2.24e-02	1.86e-18
 6.22542e+15	6.56e-05	3.51e-02	7.53e-01	2.03e-01	8.54e-03	0.00e+00	0.00e+00	6.22e-06	1.86e-05	3.10e-05	1.17e-02	2.34e-02	2.29e-18
 6.25467e+15	7.10e-05	3.65e-02	7.61e-01	1.95e-01	7.33e-03	0.00e+00	0.00e+00	6.74e-06	2.02e-05	3.36e-05	1.22e-02	2.43e-02	2.79e-18
 6.28197e+15	7.57e-05	3.79e-02	7.68e-01	1.87e-01	6.33e-03	0.00e+00	0.00e+00	7.18e-06	2.15e-05	3.58e-05	1.27e-02	2.52e-02	3.33e-18
 6.31310e+15	8.21e-05	3.96e-02	7.77e-01	1.79e-01	5.32e-03	0.00e+00	0.00e+00	7.80e-06	2.34e-05	3.89e-05	1.32e-02	2.63e-02	4.16e-18
 6.34642e+15	8.87e-05	4.13e-02	7.85e-01	1.70e-01	4.43e-03	0.00e+00	0.00e+00	8.43e-06	2.53e-05	4.21e-05	1.38e-02	2.75e-02	5.18e-18
 6.37602e+15	9.54e-05	4.29e-02	7.91e-01	1.62e-01	3.76e-03	0.00e+00	0.00e+00	9.08e-06	2.72e-05	4.53e-05	1.44e-02	2.86e-02	6.32e-18
 6.40364e+15	1.02e-04	4.46e-02	7.97e-01	1.55e-01	3.21e-03	0.00e+00	0.00e+00	9.67e-06	2.90e-05	4.82e-05	1.49e-02	2.97e-02	7.64e-18
 6.43524e+15	1.10e-04	4.65e-02	8.04e-01	1.47e-01	2.66e-03	0.00e+00	0.00e+00	1.05e-05	3.14e-05	5.22e-05	1.55e-02	3.09e-02	9.54e-18
 6.46939e+15	1.19e-04	4.86e-02	8.10e-01	1.39e-01	2.18e-03	0.00e+00	0.00e+00	1.13e-05	3.40e-05	5.65e-05	1.62e-02	3.23e-02	1.21e-17
 6.49982e+15	1.27e-04	5.05e-02	8.16e-01	1.32e-01	1.83e-03	0.00e+00	0.00e+00	1.22e-05	3.65e-05	6.07e-05	1.69e-02	3.36e-02	1.48e-17
