#depth	O	O+	O+2	O+3	O+4	O+5	O+6	O+7	O+8	O[1]	O[2]	O[3]
 1.49634e+10	0.00e+00	0.00e+00	2.74e-29	3.97e-21	8.24e-14	2.13e-07	1.00e+00	0.00e+00	0.00e+00	0.00e+00	0.00e+00	0.00e+00
 4.54887e+10	0.00e+00	3.55e-38	3.83e-29	5.13e-21	9.84e-14	2.33e-07	1.00e+00	3.36e-08	0.00e+00	0.00e+00	0.00e+00	0.00e+00
 7.72350e+10	0.00e+00	0.00e+00	5.36e-29	6.63e-21	1.18e-13	2.56e-07	1.00e+00	0.00e+00	0.00e+00	0.00e+00	0.00e+00	0.00e+00
 1.10251e+11	0.00e+00	8.10e-38	7.49e-29	8.58e-21	1.40e-13	2.80e-07	1.00e+00	0.00e+00	0.00e+00	0.00e+00	0.00e+00	0.00e+00
 1.43850e+11	0.00e+00	0.00e+00	1.04e-28	1.10e-20	1.67e-13	3.07e-07	1.00e+00	0.00e+00	0.00e+00	0.00e+00	0.00e+00	0.00e+00
 1.76696e+11	0.00e+00	1.77e-37	1.42e-28	1.40e-20	1.97e-13	3.34e-07	1.00e+00	0.00e+00	0.00e+00	0.00e+00	0.00e+00	0.00e+00
 2.11594e+11	0.00e+00	0.00e+00	1.94e-28	1.79e-20	2.34e-13	3.65e-07	1.00e+00	0.00e+00	0.00e+00	0.00e+00	0.00e+00	0.00e+00
 2.49985e+11	0.00e+00	3.94e-37	2.71e-28	2.31e-20	2.80e-13	4.00e-07	1.00e+00	0.00e+00	0.00e+00	0.00e+00	0.00e+00	0.00e+00
 2.89111e+11	0.00e+00	0.00e+00	3.76e-28	2.98e-20	3.35e-13	4.39e-07	1.00e+00	0.00e+00	0.00e+00	0.00e+00	0.00e+00	0.00e+00
 3.29802e+11	0.00e+00	8.79e-37	5.22e-28	3.84e-20	4.00e-13	4.82e-07	1.00e+00	0.00e+00	0.00e+00	0.00e+00	0.00e+00	0.00e+00
 3.72921e+11	0.00e+00	0.00e+00	7.28e-28	4.98e-20	4.80e-13	5.30e-07	1.00e+00	0.00e+00	0.00e+00	0.00e+00	0.00e+00	0.00e+00
 4.17765e+11	0.00e+00	1.98e-36	1.01e-27	6.44e-20	5.76e-13	5.84e-07	1.00e+00	0.00e+00	0.00e+00	0.00e+00	0.00e+00	0.00e+00
 4.58323e+11	9.38e-46	2.81e-36	1.35e-27	8.07e-20	6.76e-13	6.35e-07	1.00e+00	0.00e+00	0.00e+00	0.00e+00	0.00e+00	0.00e+00
 4.92118e+11	0.00e+00	0.00e+00	1.71e-27	9.67e-20	7.69e-13	6.79e-07	1.00e+00	0.00e+00	0.00e+00	0.00e+00	0.00e+00	0.00e+00
 5.29144e+11	0.00e+00	5.02e-36	2.18e-27	1.17e-19	8.82e-13	7.30e-07	1.00e+00	0.00e+00	0.00e+00	0.00e+00	0.00e+00	0.00e+00
 5.76036e+11	2.90e-45	7.24e-36	2.95e-27	1.49e-19	1.04e-12	7.98e-07	1.00e+00	0.00e+00	0.00e+00	0.00e+00	0.00e+00	0.00e+00
 6.24936e+11	0.00e+00	0.00e+00	3.98e-27	1.88e-19	1.24e-12	8.74e-07	1.00e+00	0.00e+00	0.00e+00	0.00e+00	0.00e+00	0.00e+00
 6.68255e+11	0.00e+00	1.42e-35	5.15e-27	2.30e-19	1.43e-12	9.44e-07	1.00e+00	0.00e+00	0.00e+00	0.00e+00	0.00e+00	0.00e+00
 7.08744e+11	9.05e-45	1.88e-35	6.49e-27	2.77e-19	1.63e-12	1.01e-06	1.00e+00	0.00e+00	0.00e+00	0.00e+00	0.00e+00	0.00e+00
 7.54981e+11	0.00e+00	0.00e+00	8.38e-27	3.38e-19	1.89e-12	1.09e-06	1.00e+00	0.00e+00	0.00e+00	0.00e+00	0.00e+00	0.00e+00
 8.11701e+11	0.00e+00	3.68e-35	1.13e-26	4.30e-19	2.24e-12	1.20e-06	1.00e+00	0.00e+00	0.00e+00	0.00e+00	0.00e+00	0.00e+00
 8.68160e+11	3.03e-44	5.21e-35	1.51e-26	5.40e-19	2.64e-12	1.31e-06	1.00e+00	0.00e+00	0.00e+00	0.00e+00	0.00e+00	0.00e+00
 9.17319e+11	0.00e+00	6.96e-35	1.92e-26	6.54e-19	3.03e-12	1.41e-06	1.00e+00	0.00e+00	0.00e+00	0.00e+00	0.00e+00	0.00e+00
 9.70873e+11	6.13e-44	9.43e-35	2.48e-26	7.99e-19	3.51e-12	1.53e-06	1.00e+00	0.00e+00	0.00e+00	0.00e+00	0.00e+00	0.00e+00
 1.03613e+12	0.00e+00	1.35e-34	3.34e-26	1.01e-18	4.16e-12	1.68e-06	1.00e+00	0.00e+00	0.00e+00	0.00e+00	0.00e+00	0.00e+00
 1.10273e+12	1.41e-43	1.90e-34	4.46e-26	1.28e-18	4.92e-12	1.83e-06	1.00e+00	0.00e+00	0.00e+00	0.00e+00	0.00e+00	0.00e+00
 1.16405e+12	0.00e+00	2.59e-34	5.76e-26	1.56e-18	5.70e-12	1.99e-06	1.00e+00	0.00e+00	0.00e+00	0.00e+00	0.00e+00	0.00e+00
 1.23238e+12	2.99e-43	3.60e-34	7.59e-26	1.95e-18	6.68e-12	2.17e-06	1.00e+00	0.00e+00	0.00e+00	0.00e+00	0.00e+00	0.00e+00
 1.31139e+12	0.00e+00	5.18e-34	1.03e-25	2.49e-18	7.97e-12	2.38e-06	1.00e+00	0.00e+00	0.00e+00	0.00e+00	0.00e+00	0.00e+00
 1.38910e+12	6.89e-43	7.31e-34	1.37e-25	3.13e-18	9.40e-12	2.61e-06	1.00e+00	0.00e+00	0.00e+00	0.00e+00	0.00e+00	0.00e+00
 1.46362e+12	0.00e+00	1.00e-33	1.79e-25	3.86e-18	1.09e-11	2.83e-06	1.00e+00	0.00e+00	0.00e+00	0.00e+00	0.00e+00	0.00e+00
 1.54579e+12	1.49e-42	1.40e-33	2.37e-25	4.83e-18	1.29e-11	3.09e-06	1.00e+00	0.00e+00	0.00e+00	0.00e+00	0.00e+00	0.00e+00
 1.63755e+12	0.00e+00	2.01e-33	3.20e-25	6.14e-18	1.53e-11	3.40e-06	1.00e+00	0.00e+00	0.00e+00	0.00e+00	0.00e+00	0.00e+00
 1.72103e+12	3.29e-42	2.75e-33	4.17e-25	7.58e-18	1.78e-11	3.69e-06	1.00e+00	0.00e+00	0.00e+00	0.00e+00	0.00e+00	0.00e+00
 1.79138e+12	0.00e+00	3.56e-33	5.17e-25	8.99e-18	2.01e-11	3.94e-06	1.00e+00	0.00e+00	0.00e+00	0.00e+00	0.00e+00	0.00e+00
 1.86879e+12	6.16e-42	4.69e-33	6.50e-25	1.08e-17	2.28e-11	4.23e-06	1.00e+00	0.00e+00	0.00e+00	0.00e+00	0.00e+00	0.00e+00
 1.96576e+12	0.00e+00	6.52e-33	8.57e-25	1.35e-17	2.68e-11	4.61e-06	1.00e+00	0.00e+00	0.00e+00	0.00e+00	0.00e+00	0.00e+00
 2.06250e+12	1.32e-41	8.96e-33	1.12e-24	1.66e-17	3.11e-11	5.00e-06	1.00e+00	0.00e+00	0.00e+00	0.00e+00	0.00e+00	0.00e+00
 2.14408e+12	0.00e+00	1.17e-32	1.39e-24	1.98e-17	3.51e-11	5.34e-06	1.00e+00	0.00e+00	0.00e+00	0.00e+00	0.00e+00	0.00e+00
 2.23161e+12	2.46e-41	1.52e-32	1.74e-24	2.37e-17	3.99e-11	5.73e-06	1.00e+00	0.00e+00	0.00e+00	0.00e+00	0.00e+00	0.00e+00
 2.34166e+12	0.00e+00	2.12e-32	2.29e-24	2.94e-17	4.66e-11	6.23e-06	1.00e+00	0.00e+00	0.00e+00	0.00e+00	0.00e+00	0.00e+00
 2.45624e+12	5.34e-41	2.95e-32	3.02e-24	3.66e-17	5.44e-11	6.78e-06	1.00e+00	0.00e+00	0.00e+00	0.00e+00	0.00e+00	0.00e+00
 2.55914e+12	0.00e+00	3.93e-32	3.84e-24	4.43e-17	6.22e-11	7.29e-06	1.00e+00	0.00e+00	0.00e+00	0.00e+00	0.00e+00	0.00e+00
 2.67163e+12	1.07e-40	5.34e-32	4.96e-24	5.41e-17	7.15e-11	7.86e-06	1.00e+00	0.00e+00	0.00e+00	0.00e+00	0.00e+00	0.00e+00
 2.79503e+12	0.00e+00	7.34e-32	6.47e-24	6.70e-17	8.31e-11	8.53e-06	1.00e+00	0.00e+00	0.00e+00	0.00e+00	0.00e+00	0.00e+00
 2.90752e+12	2.18e-40	9.75e-32	8.20e-24	8.07e-17	9.47e-11	9.16e-06	1.00e+00	0.00e+00	0.00e+00	0.00e+00	0.00e+00	0.00e+00
 3.02867e+12	0.00e+00	1.31e-31	1.05e-23	9.81e-17	1.09e-10	9.86e-06	1.00e+00	0.00e+00	0.00e+00	0.00e+00	0.00e+00	0.00e+00
 3.16447e+12	4.53e-40	1.81e-31	1.37e-23	1.21e-16	1.26e-10	1.07e-05	1.00e+00	0.00e+00	0.00e+00	0.00e+00	0.00e+00	0.00e+00
 3.29312e+12	0.00e+00	2.43e-31	1.75e-23	1.47e-16	1.44e-10	1.15e-05	1.00e+00	0.00e+00	0.00e+00	0.00e+00	0.00e+00	0.00e+00
 3.43418e+12	9.22e-40	3.32e-31	2.27e-23	1.80e-16	1.66e-10	1.24e-05	1.00e+00	0.00e+00	0.00e+00	0.00e+00	0.00e+00	0.00e+00
 3.59005e+12	0.00e+00	4.64e-31	3.00e-23	2.25e-16	1.93e-10	1.35e-05	1.00e+00	0.00e+00	0.00e+00	0.00e+00	0.00e+00	0.00e+00
 3.73465e+12	1.94e-39	6.26e-31	3.85e-23	2.73e-16	2.21e-10	1.45e-05	1.00e+00	0.00e+00	0.00e+00	0.00e+00	0.00e+00	0.00e+00
 3.89209e+12	0.00e+00	8.60e-31	5.01e-23	3.36e-16	2.55e-10	1.56e-05	1.00e+00	0.00e+00	0.00e+00	0.00e+00	0.00e+00	0.00e+00
 4.06849e+12	4.21e-39	1.21e-30	6.64e-23	4.19e-16	2.98e-10	1.70e-05	1.00e+00	0.00e+00	0.00e+00	0.00e+00	0.00e+00	0.00e+00
 4.23551e+12	0.00e+00	1.66e-30	8.62e-23	5.14e-16	3.42e-10	1.83e-05	1.00e+00	0.00e+00	0.00e+00	0.00e+00	0.00e+00	0.00e+00
 4.41638e+12	8.99e-39	2.30e-30	1.13e-22	6.35e-16	3.96e-10	1.98e-05	1.00e+00	0.00e+00	0.00e+00	0.00e+00	0.00e+00	0.00e+00
 4.61776e+12	0.00e+00	3.27e-30	1.51e-22	7.98e-16	4.63e-10	2.15e-05	1.00e+00	0.00e+00	0.00e+00	0.00e+00	0.00e+00	0.00e+00
 4.81086e+12	2.00e-38	4.53e-30	1.98e-22	9.85e-16	5.35e-10	2.32e-05	1.00e+00	0.00e+00	0.00e+00	0.00e+00	0.00e+00	0.00e+00
 5.01686e+12	0.00e+00	6.35e-30	2.62e-22	1.22e-15	6.21e-10	2.51e-05	1.00e+00	0.00e+00	0.00e+00	0.00e+00	0.00e+00	0.00e+00
 5.24747e+12	4.57e-38	9.13e-30	3.53e-22	1.55e-15	7.29e-10	2.74e-05	1.00e+00	0.00e+00	0.00e+00	0.00e+00	0.00e+00	0.00e+00
 5.47764e+12	0.00e+00	1.30e-29	4.72e-22	1.94e-15	8.50e-10	2.97e-05	1.00e+00	0.00e+00	0.00e+00	0.00e+00	0.00e+00	0.00e+00
 5.71702e+12	1.05e-37	1.85e-29	6.31e-22	2.42e-15	9.91e-10	3.22e-05	1.00e+00	0.00e+00	0.00e+00	0.00e+00	0.00e+00	0.00e+00
 5.97563e+12	0.00e+00	2.66e-29	8.53e-22	3.06e-15	1.16e-09	3.50e-05	1.00e+00	0.00e+00	0.00e+00	0.00e+00	0.00e+00	0.00e+00
 6.24458e+12	2.50e-37	3.85e-29	1.15e-21	3.87e-15	1.36e-09	3.81e-05	1.00e+00	0.00e+00	0.00e+00	0.00e+00	0.00e+00	0.00e+00
 6.50826e+12	0.00e+00	5.45e-29	1.53e-21	4.83e-15	1.58e-09	4.12e-05	1.00e+00	0.00e+00	0.00e+00	0.00e+00	0.00e+00	0.00e+00
 6.75302e+12	5.45e-37	7.45e-29	1.98e-21	5.88e-15	1.81e-09	4.43e-05	1.00e+00	0.00e+00	0.00e+00	0.00e+00	0.00e+00	0.00e+00
 7.02360e+12	0.00e+00	1.04e-28	2.61e-21	7.27e-15	2.09e-09	4.77e-05	1.00e+00	0.00e+00	0.00e+00	0.00e+00	0.00e+00	0.00e+00
 7.30179e+12	1.20e-36	1.45e-28	3.43e-21	8.96e-15	2.41e-09	5.14e-05	1.00e+00	0.00e+00	0.00e+00	0.00e+00	0.00e+00	0.00e+00
 7.53422e+12	0.00e+00	1.90e-28	4.27e-21	1.06e-14	2.70e-09	5.46e-05	1.00e+00	0.00e+00	0.00e+00	0.00e+00	0.00e+00	0.00e+00
 7.77947e+12	2.31e-36	2.52e-28	5.36e-21	1.26e-14	3.04e-09	5.80e-05	1.00e+00	0.00e+00	0.00e+00	0.00e+00	0.00e+00	0.00e+00
 8.09141e+12	0.00e+00	3.55e-28	7.10e-21	1.57e-14	3.52e-09	6.25e-05	1.00e+00	0.00e+00	0.00e+00	0.00e+00	0.00e+00	0.00e+00
 8.41727e+12	5.24e-36	5.01e-28	9.41e-21	1.95e-14	4.07e-09	6.75e-05	1.00e+00	0.00e+00	0.00e+00	0.00e+00	0.00e+00	0.00e+00
 8.70591e+12	0.00e+00	6.77e-28	1.20e-20	2.34e-14	4.61e-09	7.19e-05	1.00e+00	0.00e+00	0.00e+00	0.00e+00	0.00e+00	0.00e+00
 9.01894e+12	1.09e-35	9.27e-28	1.55e-20	2.85e-14	5.26e-09	7.70e-05	1.00e+00	0.00e+00	0.00e+00	0.00e+00	0.00e+00	0.00e+00
 9.36805e+12	0.00e+00	1.30e-27	2.04e-20	3.51e-14	6.05e-09	8.28e-05	1.00e+00	0.00e+00	0.00e+00	0.00e+00	0.00e+00	0.00e+00
 9.69494e+12	2.35e-35	1.77e-27	2.62e-20	4.25e-14	6.88e-09	8.84e-05	1.00e+00	0.00e+00	0.00e+00	0.00e+00	0.00e+00	0.00e+00
 1.00507e+13	0.00e+00	2.45e-27	3.41e-20	5.19e-14	7.87e-09	9.47e-05	1.00e+00	0.00e+00	0.00e+00	0.00e+00	0.00e+00	0.00e+00
 1.04467e+13	5.24e-35	3.47e-27	4.52e-20	6.43e-14	9.10e-09	1.02e-04	1.00e+00	0.00e+00	0.00e+00	0.00e+00	0.00e+00	0.00e+00
 1.08165e+13	7.66e-35	4.77e-27	5.84e-20	7.82e-14	1.04e-08	1.09e-04	1.00e+00	0.00e+00	0.00e+00	0.00e+00	0.00e+00	0.00e+00
 1.12187e+13	1.14e-34	6.67e-27	7.65e-20	9.59e-14	1.19e-08	1.17e-04	1.00e+00	0.00e+00	0.00e+00	0.00e+00	0.00e+00	0.00e+00
 1.16679e+13	1.75e-34	9.56e-27	1.02e-19	1.20e-13	1.38e-08	1.26e-04	1.00e+00	0.00e+00	0.00e+00	0.00e+00	0.00e+00	0.00e+00
 1.20906e+13	2.60e-34	1.33e-26	1.33e-19	1.46e-13	1.58e-08	1.35e-04	1.00e+00	0.00e+00	0.00e+00	0.00e+00	0.00e+00	0.00e+00
 1.25520e+13	3.94e-34	1.88e-26	1.76e-19	1.81e-13	1.82e-08	1.45e-04	1.00e+00	0.00e+00	0.00e+00	0.00e+00	0.00e+00	0.00e+00
 1.30678e+13	6.15e-34	2.73e-26	2.38e-19	2.27e-13	2.11e-08	1.57e-04	1.00e+00	0.00e+00	0.00e+00	0.00e+00	0.00e+00	0.00e+00
 1.35547e+13	9.27e-34	3.85e-26	3.14e-19	2.79e-13	2.43e-08	1.68e-04	1.00e+00	0.00e+00	0.00e+00	0.00e+00	0.00e+00	0.00e+00
 1.40773e+13	1.42e-33	5.49e-26	4.17e-19	3.46e-13	2.81e-08	1.81e-04	1.00e+00	0.00e+00	0.00e+00	0.00e+00	0.00e+00	0.00e+00
 1.46703e+13	2.25e-33	8.08e-26	5.70e-19	4.38e-13	3.28e-08	1.96e-04	1.00e+00	0.00e+00	0.00e+00	0.00e+00	0.00e+00	0.00e+00
 1.52525e+13	3.49e-33	1.17e-25	7.65e-19	5.46e-13	3.81e-08	2.11e-04	1.00e+00	0.00e+00	0.00e+00	0.00e+00	0.00e+00	0.00e+00
 1.58580e+13	5.42e-33	1.68e-25	1.03e-18	6.83e-13	4.42e-08	2.27e-04	1.00e+00	0.00e+00	0.00e+00	0.00e+00	0.00e+00	0.00e+00
 1.65223e+13	8.62e-33	2.48e-25	1.40e-18	8.63e-13	5.17e-08	2.46e-04	1.00e+00	0.00e+00	0.00e+00	0.00e+00	0.00e+00	0.00e+00
 1.71953e+13	1.36e-32	3.62e-25	1.90e-18	1.09e-12	6.02e-08	2.66e-04	1.00e+00	0.00e+00	0.00e+00	0.00e+00	0.00e+00	0.00e+00
 1.78952e+13	2.13e-32	5.29e-25	2.58e-18	1.37e-12	7.02e-08	2.87e-04	1.00e+00	0.00e+00	0.00e+00	0.00e+00	0.00e+00	0.00e+00
 1.85973e+13	3.30e-32	7.62e-25	3.46e-18	1.70e-12	8.14e-08	3.10e-04	1.00e+00	0.00e+00	0.00e+00	0.00e+00	0.00e+00	0.00e+00
 1.92602e+13	4.92e-32	1.06e-24	4.52e-18	2.08e-12	9.32e-08	3.31e-04	1.00e+00	0.00e+00	0.00e+00	0.00e+00	0.00e+00	0.00e+00
 1.99934e+13	7.53e-32	1.52e-24	6.02e-18	2.59e-12	1.08e-07	3.56e-04	1.00e+00	0.00e+00	0.00e+00	0.00e+00	0.00e+00	0.00e+00
 2.07276e+13	1.13e-31	2.14e-24	7.92e-18	3.19e-12	1.24e-07	3.82e-04	1.00e+00	0.00e+00	0.00e+00	0.00e+00	0.00e+00	0.00e+00
 2.13339e+13	1.58e-31	2.81e-24	9.89e-18	3.76e-12	1.38e-07	4.05e-04	1.00e+00	0.00e+00	0.00e+00	0.00e+00	0.00e+00	0.00e+00
 2.19752e+13	2.21e-31	3.73e-24	1.24e-17	4.47e-12	1.55e-07	4.29e-04	1.00e+00	0.00e+00	0.00e+00	0.00e+00	0.00e+00	0.00e+00
 2.27993e+13	3.35e-31	5.29e-24	1.64e-17	5.53e-12	1.79e-07	4.61e-04	1.00e+00	0.00e+00	0.00e+00	0.00e+00	0.00e+00	0.00e+00
 2.36666e+13	5.12e-31	7.54e-24	2.19e-17	6.86e-12	2.07e-07	4.96e-04	1.00e+00	0.00e+00	0.00e+00	0.00e+00	0.00e+00	0.00e+00
 2.44309e+13	7.43e-31	1.03e-23	2.82e-17	8.26e-12	2.34e-07	5.28e-04	9.99e-01	0.00e+00	0.00e+00	0.00e+00	0.00e+00	0.00e+00
 2.52557e+13	1.07e-30	1.40e-23	3.61e-17	1.00e-11	2.66e-07	5.64e-04	9.99e-01	0.00e+00	0.00e+00	0.00e+00	0.00e+00	0.00e+00
 2.62513e+13	1.66e-30	2.02e-23	4.85e-17	1.25e-11	3.09e-07	6.09e-04	9.99e-01	0.00e+00	0.00e+00	0.00e+00	0.00e+00	0.00e+00
 2.72616e+13	2.54e-30	2.89e-23	6.48e-17	1.56e-11	3.59e-07	6.57e-04	9.99e-01	0.00e+00	0.00e+00	0.00e+00	0.00e+00	0.00e+00
 2.82030e+13	3.74e-30	3.99e-23	8.41e-17	1.90e-11	4.09e-07	7.03e-04	9.99e-01	0.00e+00	0.00e+00	0.00e+00	0.00e+00	0.00e+00
 2.92519e+13	5.64e-30	5.64e-23	1.11e-16	2.35e-11	4.72e-07	7.56e-04	9.99e-01	0.00e+00	0.00e+00	0.00e+00	0.00e+00	0.00e+00
 3.03696e+13	8.60e-30	8.05e-23	1.48e-16	2.93e-11	5.47e-07	8.15e-04	9.99e-01	0.00e+00	0.00e+00	0.00e+00	0.00e+00	0.00e+00
 3.13629e+13	1.24e-29	1.09e-22	1.90e-16	3.53e-11	6.20e-07	8.69e-04	9.99e-01	0.00e+00	0.00e+00	0.00e+00	0.00e+00	0.00e+00
 3.24300e+13	1.80e-29	1.50e-22	2.45e-16	4.30e-11	7.07e-07	9.30e-04	9.99e-01	0.00e+00	0.00e+00	0.00e+00	0.00e+00	0.00e+00
 3.37088e+13	2.78e-29	2.16e-22	3.30e-16	5.38e-11	8.23e-07	1.01e-03	9.99e-01	0.00e+00	0.00e+00	0.00e+00	0.00e+00	0.00e+00
 3.49664e+13	4.20e-29	3.05e-22	4.37e-16	6.67e-11	9.50e-07	1.08e-03	9.99e-01	0.00e+00	0.00e+00	0.00e+00	0.00e+00	0.00e+00
 3.60846e+13	6.00e-29	4.12e-22	5.57e-16	8.02e-11	1.07e-06	1.15e-03	9.99e-01	0.00e+00	0.00e+00	0.00e+00	0.00e+00	0.00e+00
 3.73181e+13	8.74e-29	5.65e-22	7.21e-16	9.76e-11	1.23e-06	1.24e-03	9.99e-01	0.00e+00	0.00e+00	0.00e+00	0.00e+00	0.00e+00
 3.87905e+13	1.35e-28	8.14e-22	9.70e-16	1.22e-10	1.43e-06	1.34e-03	9.99e-01	0.00e+00	0.00e+00	0.00e+00	0.00e+00	0.00e+00
 4.02539e+13	2.04e-28	1.16e-21	1.29e-15	1.52e-10	1.65e-06	1.44e-03	9.99e-01	0.00e+00	0.00e+00	0.00e+00	0.00e+00	0.00e+00
 4.15901e+13	2.95e-28	1.58e-21	1.66e-15	1.84e-10	1.88e-06	1.54e-03	9.98e-01	0.00e+00	0.00e+00	0.00e+00	0.00e+00	0.00e+00
 4.30810e+13	4.38e-28	2.20e-21	2.17e-15	2.26e-10	2.16e-06	1.65e-03	9.98e-01	0.00e+00	0.00e+00	0.00e+00	0.00e+00	0.00e+00
 4.48171e+13	6.83e-28	3.19e-21	2.95e-15	2.86e-10	2.52e-06	1.79e-03	9.98e-01	0.00e+00	0.00e+00	0.00e+00	0.00e+00	0.00e+00
 4.65222e+13	1.04e-27	4.55e-21	3.93e-15	3.56e-10	2.92e-06	1.93e-03	9.98e-01	0.00e+00	0.00e+00	0.00e+00	0.00e+00	0.00e+00
 4.81311e+13	1.53e-27	6.29e-21	5.11e-15	4.34e-10	3.34e-06	2.07e-03	9.98e-01	0.00e+00	0.00e+00	0.00e+00	0.00e+00	0.00e+00
 4.99218e+13	2.31e-27	8.89e-21	6.77e-15	5.38e-10	3.85e-06	2.23e-03	9.98e-01	0.00e+00	0.00e+00	0.00e+00	0.00e+00	0.00e+00
 5.19486e+13	3.61e-27	1.30e-20	9.20e-15	6.80e-10	4.51e-06	2.42e-03	9.98e-01	0.00e+00	0.00e+00	0.00e+00	0.00e+00	0.00e+00
 5.39764e+13	5.58e-27	1.87e-20	1.24e-14	8.52e-10	5.24e-06	2.61e-03	9.97e-01	0.00e+00	0.00e+00	0.00e+00	0.00e+00	0.00e+00
 5.58763e+13	8.26e-27	2.60e-20	1.62e-14	1.04e-09	6.01e-06	2.80e-03	9.97e-01	0.00e+00	0.00e+00	0.00e+00	0.00e+00	0.00e+00
 5.79322e+13	1.24e-26	3.68e-20	2.14e-14	1.29e-09	6.93e-06	3.02e-03	9.97e-01	0.00e+00	0.00e+00	0.00e+00	0.00e+00	0.00e+00
 6.02320e+13	1.94e-26	5.33e-20	2.89e-14	1.63e-09	8.08e-06	3.26e-03	9.97e-01	0.00e+00	0.00e+00	0.00e+00	0.00e+00	0.00e+00
 6.23834e+13	2.89e-26	7.47e-20	3.80e-14	2.00e-09	9.27e-06	3.50e-03	9.96e-01	0.00e+00	0.00e+00	0.00e+00	0.00e+00	0.00e+00
 6.43787e+13	4.15e-26	1.01e-19	4.85e-14	2.41e-09	1.05e-05	3.73e-03	9.96e-01	0.00e+00	0.00e+00	0.00e+00	0.00e+00	0.00e+00
 6.62993e+13	5.80e-26	1.34e-19	6.10e-14	2.86e-09	1.18e-05	3.96e-03	9.96e-01	0.00e+00	0.00e+00	0.00e+00	0.00e+00	0.00e+00
 6.84330e+13	8.34e-26	1.82e-19	7.81e-14	3.45e-09	1.34e-05	4.22e-03	9.96e-01	0.00e+00	0.00e+00	0.00e+00	0.00e+00	0.00e+00
 7.07952e+13	1.23e-25	2.52e-19	1.02e-13	4.22e-09	1.53e-05	4.52e-03	9.95e-01	0.00e+00	0.00e+00	0.00e+00	0.00e+00	0.00e+00
 7.29976e+13	1.75e-25	3.39e-19	1.29e-13	5.05e-09	1.72e-05	4.81e-03	9.95e-01	0.00e+00	0.00e+00	0.00e+00	0.00e+00	0.00e+00
 7.54038e+13	2.54e-25	4.63e-19	1.66e-13	6.12e-09	1.96e-05	5.13e-03	9.95e-01	0.00e+00	0.00e+00	0.00e+00	0.00e+00	0.00e+00
 7.81107e+13	3.81e-25	6.51e-19	2.19e-13	7.54e-09	2.25e-05	5.51e-03	9.94e-01	0.00e+00	0.00e+00	0.00e+00	0.00e+00	0.00e+00
 8.06881e+13	5.55e-25	8.92e-19	2.82e-13	9.13e-09	2.56e-05	5.88e-03	9.94e-01	0.00e+00	0.00e+00	0.00e+00	0.00e+00	0.00e+00
 8.35180e+13	8.26e-25	1.25e-18	3.70e-13	1.12e-08	2.93e-05	6.30e-03	9.94e-01	0.00e+00	0.00e+00	0.00e+00	0.00e+00	0.00e+00
 8.66366e+13	1.26e-24	1.78e-18	4.92e-13	1.39e-08	3.39e-05	6.78e-03	9.93e-01	0.00e+00	0.00e+00	0.00e+00	0.00e+00	0.00e+00
 8.95056e+13	1.84e-24	2.44e-18	6.35e-13	1.69e-08	3.85e-05	7.24e-03	9.93e-01	0.00e+00	0.00e+00	0.00e+00	0.00e+00	0.00e+00
 9.26104e+13	2.72e-24	3.39e-18	8.29e-13	2.06e-08	4.41e-05	7.75e-03	9.92e-01	0.00e+00	0.00e+00	0.00e+00	0.00e+00	0.00e+00
 9.60841e+13	4.16e-24	4.83e-18	1.11e-12	2.56e-08	5.10e-05	8.35e-03	9.92e-01	0.00e+00	0.00e+00	0.00e+00	0.00e+00	0.00e+00
 9.93549e+13	6.12e-24	6.68e-18	1.44e-12	3.13e-08	5.82e-05	8.93e-03	9.91e-01	0.00e+00	0.00e+00	0.00e+00	0.00e+00	0.00e+00
 1.02924e+14	9.16e-24	9.39e-18	1.89e-12	3.85e-08	6.69e-05	9.59e-03	9.90e-01	0.00e+00	0.00e+00	0.00e+00	0.00e+00	0.00e+00
 1.06890e+14	1.42e-23	1.35e-17	2.54e-12	4.82e-08	7.77e-05	1.03e-02	9.90e-01	0.00e+00	0.00e+00	0.00e+00	0.00e+00	0.00e+00
 1.10593e+14	2.09e-23	1.88e-17	3.31e-12	5.89e-08	8.89e-05	1.11e-02	9.89e-01	0.00e+00	0.00e+00	0.00e+00	0.00e+00	0.00e+00
 1.14609e+14	3.14e-23	2.65e-17	4.37e-12	7.27e-08	1.02e-04	1.19e-02	9.88e-01	0.00e+00	0.00e+00	0.00e+00	0.00e+00	0.00e+00
 1.19100e+14	4.87e-23	3.82e-17	5.90e-12	9.13e-08	1.19e-04	1.29e-02	9.87e-01	0.00e+00	0.00e+00	0.00e+00	0.00e+00	0.00e+00
 1.23372e+14	7.26e-23	5.36e-17	7.75e-12	1.12e-07	1.37e-04	1.38e-02	9.86e-01	0.00e+00	0.00e+00	0.00e+00	0.00e+00	0.00e+00
 1.27938e+14	1.09e-22	7.56e-17	1.03e-11	1.39e-07	1.58e-04	1.49e-02	9.85e-01	0.00e+00	0.00e+00	0.00e+00	0.00e+00	0.00e+00
 1.33086e+14	1.70e-22	1.10e-16	1.39e-11	1.76e-07	1.85e-04	1.61e-02	9.84e-01	0.00e+00	0.00e+00	0.00e+00	0.00e+00	0.00e+00
 1.38165e+14	2.58e-22	1.57e-16	1.86e-11	2.19e-07	2.14e-04	1.74e-02	9.82e-01	0.00e+00	0.00e+00	0.00e+00	0.00e+00	0.00e+00
 1.43447e+14	3.93e-22	2.23e-16	2.48e-11	2.74e-07	2.48e-04	1.88e-02	9.81e-01	0.00e+00	0.00e+00	0.00e+00	0.00e+00	0.00e+00
 1.49215e+14	6.06e-22	3.23e-16	3.36e-11	3.45e-07	2.90e-04	2.04e-02	9.79e-01	0.00e+00	0.00e+00	0.00e+00	0.00e+00	0.00e+00
 1.54919e+14	9.12e-22	4.58e-16	4.48e-11	4.31e-07	3.36e-04	2.21e-02	9.78e-01	0.00e+00	0.00e+00	0.00e+00	0.00e+00	0.00e+00
 1.59667e+14	1.27e-21	6.08e-16	5.65e-11	5.15e-07	3.78e-04	2.35e-02	9.76e-01	0.00e+00	0.00e+00	0.00e+00	0.00e+00	0.00e+00
 1.63497e+14	1.64e-21	7.56e-16	6.76e-11	5.92e-07	4.15e-04	2.47e-02	9.75e-01	0.00e+00	0.00e+00	0.00e+00	0.00e+00	0.00e+00
 1.67742e+14	2.16e-21	9.56e-16	8.21e-11	6.88e-07	4.59e-04	2.60e-02	9.74e-01	0.00e+00	0.00e+00	0.00e+00	0.00e+00	0.00e+00
 1.73260e+14	3.04e-21	1.28e-15	1.05e-10	8.32e-07	5.21e-04	2.78e-02	9.72e-01	0.00e+00	0.00e+00	0.00e+00	0.00e+00	0.00e+00
 1.79177e+14	4.36e-21	1.75e-15	1.35e-10	1.01e-06	5.94e-04	2.99e-02	9.70e-01	0.00e+00	0.00e+00	0.00e+00	0.00e+00	0.00e+00
 1.84430e+14	5.90e-21	2.27e-15	1.68e-10	1.20e-06	6.65e-04	3.17e-02	9.68e-01	0.00e+00	0.00e+00	0.00e+00	0.00e+00	0.00e+00
 1.90075e+14	8.09e-21	2.98e-15	2.11e-10	1.43e-06	7.48e-04	3.38e-02	9.65e-01	0.00e+00	0.00e+00	0.00e+00	0.00e+00	0.00e+00
 1.97146e+14	1.18e-20	4.14e-15	2.78e-10	1.77e-06	8.63e-04	3.65e-02	9.63e-01	0.00e+00	0.00e+00	0.00e+00	0.00e+00	0.00e+00
 2.04315e+14	1.71e-20	5.71e-15	3.64e-10	2.19e-06	9.92e-04	3.94e-02	9.60e-01	0.00e+00	0.00e+00	0.00e+00	0.00e+00	0.00e+00
 2.10527e+14	2.33e-20	7.46e-15	4.55e-10	2.61e-06	1.11e-03	4.20e-02	9.57e-01	0.00e+00	0.00e+00	0.00e+00	0.00e+00	0.00e+00
 2.17250e+14	3.19e-20	9.84e-15	5.75e-10	3.13e-06	1.26e-03	4.49e-02	9.54e-01	0.00e+00	0.00e+00	0.00e+00	0.00e+00	0.00e+00
 2.25485e+14	4.65e-20	1.37e-14	7.60e-10	3.89e-06	1.45e-03	4.86e-02	9.50e-01	0.00e+00	0.00e+00	0.00e+00	0.00e+00	0.00e+00
 2.33819e+14	6.70e-20	1.89e-14	9.97e-10	4.81e-06	1.67e-03	5.25e-02	9.46e-01	0.00e+00	0.00e+00	0.00e+00	0.00e+00	0.00e+00
 2.41251e+14	9.14e-20	2.49e-14	1.26e-09	5.78e-06	1.89e-03	5.61e-02	9.42e-01	0.00e+00	0.00e+00	0.00e+00	0.00e+00	0.00e+00
 2.49379e+14	1.27e-19	3.33e-14	1.61e-09	7.01e-06	2.14e-03	6.02e-02	9.38e-01	0.00e+00	0.00e+00	0.00e+00	0.00e+00	0.00e+00
 2.59067e+14	1.86e-19	4.66e-14	2.14e-09	8.75e-06	2.48e-03	6.52e-02	9.32e-01	0.00e+00	0.00e+00	0.00e+00	0.00e+00	0.00e+00
 2.68640e+14	2.66e-19	6.41e-14	2.80e-09	1.08e-05	2.85e-03	7.04e-02	9.27e-01	0.00e+00	0.00e+00	0.00e+00	0.00e+00	0.00e+00
 2.77310e+14	3.65e-19	8.48e-14	3.55e-09	1.30e-05	3.21e-03	7.52e-02	9.22e-01	0.00e+00	0.00e+00	0.00e+00	0.00e+00	0.00e+00
 2.86952e+14	5.11e-19	1.14e-13	4.58e-09	1.58e-05	3.66e-03	8.08e-02	9.16e-01	0.00e+00	0.00e+00	0.00e+00	0.00e+00	0.00e+00
 2.98264e+14	7.48e-19	1.61e-13	6.11e-09	1.98e-05	4.23e-03	8.76e-02	9.08e-01	0.00e+00	0.00e+00	0.00e+00	0.00e+00	0.00e+00
 3.09405e+14	1.08e-18	2.23e-13	8.04e-09	2.45e-05	4.86e-03	9.44e-02	9.01e-01	0.00e+00	0.00e+00	0.00e+00	0.00e+00	0.00e+00
 3.19790e+14	1.49e-18	2.98e-13	1.03e-08	2.96e-05	5.49e-03	1.01e-01	8.93e-01	0.00e+00	0.00e+00	0.00e+00	0.00e+00	0.00e+00
 3.31409e+14	2.12e-18	4.09e-13	1.34e-08	3.64e-05	6.27e-03	1.09e-01	8.85e-01	0.00e+00	0.00e+00	0.00e+00	0.00e+00	0.00e+00
 3.44695e+14	3.14e-18	5.81e-13	1.80e-08	4.56e-05	7.25e-03	1.18e-01	8.75e-01	0.00e+00	0.00e+00	0.00e+00	0.00e+00	0.00e+00
 3.57818e+14	4.56e-18	8.11e-13	2.38e-08	5.65e-05	8.32e-03	1.27e-01	8.65e-01	0.00e+00	0.00e+00	0.00e+00	0.00e+00	0.00e+00
 3.71465e+14	6.64e-18	1.13e-12	3.16e-08	7.00e-05	9.54e-03	1.36e-01	8.54e-01	0.00e+00	0.00e+00	0.00e+00	0.00e+00	0.00e+00
 3.83867e+14	9.24e-18	1.52e-12	4.04e-08	8.44e-05	1.08e-02	1.45e-01	8.44e-01	0.00e+00	0.00e+00	0.00e+00	0.00e+00	0.00e+00
 3.93143e+14	1.18e-17	1.89e-12	4.83e-08	9.66e-05	1.17e-02	1.52e-01	8.36e-01	0.00e+00	0.00e+00	0.00e+00	0.00e+00	0.00e+00
 4.02740e+14	1.50e-17	2.35e-12	5.79e-08	1.11e-04	1.28e-02	1.59e-01	8.28e-01	0.00e+00	0.00e+00	0.00e+00	0.00e+00	0.00e+00
 4.15215e+14	2.05e-17	3.10e-12	7.28e-08	1.32e-04	1.43e-02	1.69e-01	8.17e-01	0.00e+00	0.00e+00	0.00e+00	0.00e+00	0.00e+00
 4.28774e+14	2.90e-17	4.15e-12	9.27e-08	1.58e-04	1.60e-02	1.79e-01	8.05e-01	0.00e+00	0.00e+00	1.67e-17	8.72e-18	2.93e-18
 4.41047e+14	3.88e-17	5.37e-12	1.15e-07	1.85e-04	1.77e-02	1.88e-01	7.94e-01	0.00e+00	0.00e+00	2.23e-17	1.17e-17	3.92e-18
 4.54306e+14	5.27e-17	7.04e-12	1.43e-07	2.18e-04	1.96e-02	1.98e-01	7.82e-01	0.00e+00	0.00e+00	3.03e-17	1.59e-17	5.30e-18
 4.71051e+14	7.68e-17	9.81e-12	1.88e-07	2.67e-04	2.22e-02	2.11e-01	7.66e-01	0.00e+00	0.00e+00	4.42e-17	2.32e-17	7.69e-18
 4.87914e+14	1.11e-16	1.36e-11	2.45e-07	3.25e-04	2.51e-02	2.24e-01	7.50e-01	0.00e+00	0.00e+00	6.39e-17	3.35e-17	1.11e-17
 5.02149e+14	1.50e-16	1.77e-11	3.03e-07	3.81e-04	2.77e-02	2.35e-01	7.37e-01	0.00e+00	0.00e+00	8.65e-17	4.52e-17	1.49e-17
 5.17381e+14	2.05e-16	2.32e-11	3.79e-07	4.49e-04	3.07e-02	2.47e-01	7.22e-01	0.00e+00	0.00e+00	1.18e-16	6.19e-17	2.03e-17
 5.36526e+14	3.02e-16	3.25e-11	4.97e-07	5.47e-04	3.47e-02	2.61e-01	7.03e-01	0.00e+00	0.00e+00	1.74e-16	9.10e-17	2.99e-17
 5.56607e+14	4.46e-16	4.56e-11	6.53e-07	6.68e-04	3.91e-02	2.77e-01	6.84e-01	0.00e+00	0.00e+00	2.58e-16	1.35e-16	4.41e-17
 5.74777e+14	6.29e-16	6.12e-11	8.28e-07	7.94e-04	4.35e-02	2.90e-01	6.66e-01	0.00e+00	0.00e+00	3.64e-16	1.90e-16	6.20e-17
 5.94611e+14	9.05e-16	8.37e-11	1.06e-06	9.51e-04	4.85e-02	3.04e-01	6.46e-01	0.00e+00	0.00e+00	5.24e-16	2.73e-16	8.90e-17
 6.17952e+14	1.37e-15	1.19e-10	1.41e-06	1.17e-03	5.48e-02	3.21e-01	6.23e-01	0.00e+00	0.00e+00	7.95e-16	4.14e-16	1.35e-16
 6.40798e+14	2.03e-15	1.66e-10	1.84e-06	1.41e-03	6.14e-02	3.36e-01	6.01e-01	0.00e+00	0.00e+00	1.17e-15	6.11e-16	1.99e-16
 6.61786e+14	2.88e-15	2.23e-10	2.32e-06	1.66e-03	6.78e-02	3.49e-01	5.81e-01	0.00e+00	0.00e+00	1.67e-15	8.69e-16	2.82e-16
 6.85413e+14	4.22e-15	3.08e-10	2.99e-06	1.99e-03	7.54e-02	3.64e-01	5.58e-01	0.00e+00	0.00e+00	2.45e-15	1.27e-15	4.12e-16
 7.12758e+14	6.48e-15	4.39e-10	3.96e-06	2.43e-03	8.46e-02	3.80e-01	5.33e-01	0.00e+00	0.00e+00	3.76e-15	1.95e-15	6.31e-16
 7.39517e+14	9.71e-15	6.14e-10	5.14e-06	2.92e-03	9.41e-02	3.95e-01	5.08e-01	0.00e+00	0.00e+00	5.63e-15	2.93e-15	9.44e-16
 7.64896e+14	1.41e-14	8.32e-10	6.53e-06	3.45e-03	1.04e-01	4.07e-01	4.86e-01	0.00e+00	0.00e+00	8.16e-15	4.24e-15	1.37e-15
 7.93072e+14	2.09e-14	1.15e-09	8.41e-06	4.12e-03	1.14e-01	4.20e-01	4.61e-01	0.00e+00	0.00e+00	1.21e-14	6.31e-15	2.03e-15
 8.19797e+14	3.01e-14	1.55e-09	1.06e-05	4.82e-03	1.25e-01	4.31e-01	4.39e-01	0.00e+00	0.00e+00	1.75e-14	9.09e-15	2.92e-15
 8.39805e+14	3.93e-14	1.92e-09	1.25e-05	5.41e-03	1.33e-01	4.39e-01	4.22e-01	0.00e+00	0.00e+00	2.28e-14	1.19e-14	3.81e-15
 8.60153e+14	5.11e-14	2.38e-09	1.47e-05	6.06e-03	1.42e-01	4.46e-01	4.06e-01	0.00e+00	0.00e+00	2.97e-14	1.54e-14	4.96e-15
 8.86605e+14	7.13e-14	3.10e-09	1.81e-05	6.97e-03	1.53e-01	4.54e-01	3.85e-01	0.00e+00	0.00e+00	4.14e-14	2.15e-14	6.91e-15
 9.15336e+14	1.01e-13	4.11e-09	2.24e-05	8.06e-03	1.66e-01	4.62e-01	3.64e-01	0.00e+00	0.00e+00	5.88e-14	3.06e-14	9.80e-15
 9.41200e+14	1.38e-13	5.23e-09	2.70e-05	9.14e-03	1.77e-01	4.68e-01	3.46e-01	0.00e+00	0.00e+00	7.99e-14	4.15e-14	1.33e-14
 9.68993e+14	1.89e-13	6.74e-09	3.28e-05	1.04e-02	1.90e-01	4.73e-01	3.27e-01	0.00e+00	0.00e+00	1.10e-13	5.72e-14	1.83e-14
 1.00441e+15	2.81e-13	9.19e-09	4.15e-05	1.22e-02	2.06e-01	4.78e-01	3.04e-01	0.00e+00	0.00e+00	1.63e-13	8.49e-14	2.72e-14
 1.04016e+15	4.11e-13	1.24e-08	5.21e-05	1.41e-02	2.22e-01	4.82e-01	2.82e-01	0.00e+00	0.00e+00	2.39e-13	1.24e-13	3.98e-14
 1.06997e+15	5.60e-13	1.57e-08	6.25e-05	1.59e-02	2.36e-01	4.83e-01	2.65e-01	0.00e+00	0.00e+00	3.25e-13	1.69e-13	5.41e-14
 1.10166e+15	7.70e-13	2.01e-08	7.52e-05	1.80e-02	2.51e-01	4.84e-01	2.47e-01	0.00e+00	0.00e+00	4.47e-13	2.33e-13	7.44e-14
 1.14198e+15	1.14e-12	2.72e-08	9.43e-05	2.08e-02	2.69e-01	4.83e-01	2.27e-01	0.00e+00	0.00e+00	6.61e-13	3.44e-13	1.10e-13
 1.18417e+15	1.68e-12	3.67e-08	1.18e-04	2.41e-02	2.88e-01	4.81e-01	2.07e-01	0.00e+00	0.00e+00	9.76e-13	5.08e-13	1.62e-13
 1.22121e+15	2.34e-12	4.73e-08	1.43e-04	2.72e-02	3.04e-01	4.77e-01	1.91e-01	0.00e+00	0.00e+00	1.36e-12	7.06e-13	2.26e-13
 1.26089e+15	3.29e-12	6.14e-08	1.73e-04	3.07e-02	3.21e-01	4.72e-01	1.75e-01	0.00e+00	0.00e+00	1.91e-12	9.96e-13	3.18e-13
 1.30901e+15	4.91e-12	8.32e-08	2.17e-04	3.53e-02	3.42e-01	4.65e-01	1.58e-01	0.00e+00	0.00e+00	2.85e-12	1.48e-12	4.74e-13
 1.35683e+15	7.15e-12	1.11e-07	2.69e-04	4.03e-02	3.61e-01	4.56e-01	1.42e-01	0.00e+00	0.00e+00	4.16e-12	2.16e-12	6.91e-13
 1.39915e+15	9.86e-12	1.41e-07	3.22e-04	4.50e-02	3.78e-01	4.48e-01	1.29e-01	0.00e+00	0.00e+00	5.74e-12	2.99e-12	9.54e-13
 1.44556e+15	1.39e-11	1.83e-07	3.88e-04	5.04e-02	3.95e-01	4.37e-01	1.17e-01	0.00e+00	0.00e+00	8.07e-12	4.20e-12	1.34e-12
 1.49658e+15	1.98e-11	2.39e-07	4.74e-04	5.68e-02	4.13e-01	4.25e-01	1.04e-01	0.00e+00	0.00e+00	1.15e-11	6.01e-12	1.92e-12
 1.54336e+15	2.71e-11	3.02e-07	5.63e-04	6.30e-02	4.29e-01	4.13e-01	9.41e-02	0.00e+00	0.00e+00	1.58e-11	8.22e-12	2.63e-12
 1.58352e+15	3.53e-11	3.68e-07	6.51e-04	6.85e-02	4.42e-01	4.03e-01	8.61e-02	0.00e+00	0.00e+00	2.05e-11	1.07e-11	3.41e-12
 1.62530e+15	4.62e-11	4.50e-07	7.52e-04	7.45e-02	4.54e-01	3.92e-01	7.85e-02	0.00e+00	0.00e+00	2.69e-11	1.40e-11	4.48e-12
 1.67242e+15	6.19e-11	5.60e-07	8.81e-04	8.16e-02	4.67e-01	3.80e-01	7.07e-02	0.00e+00	0.00e+00	3.60e-11	1.88e-11	6.00e-12
 1.71734e+15	8.10e-11	6.84e-07	1.02e-03	8.85e-02	4.79e-01	3.67e-01	6.40e-02	0.00e+00	0.00e+00	4.71e-11	2.46e-11	7.85e-12
 1.76661e+15	1.08e-10	8.49e-07	1.19e-03	9.65e-02	4.91e-01	3.54e-01	5.74e-02	0.00e+00	0.00e+00	6.30e-11	3.28e-11	1.05e-11
 1.82060e+15	1.47e-10	1.06e-06	1.39e-03	1.05e-01	5.03e-01	3.39e-01	5.10e-02	0.00e+00	0.00e+00	8.53e-11	4.44e-11	1.42e-11
 1.87026e+15	1.92e-10	1.30e-06	1.61e-03	1.14e-01	5.13e-01	3.26e-01	4.58e-02	0.00e+00	0.00e+00	1.11e-10	5.81e-11	1.86e-11
 1.92437e+15	2.56e-10	1.61e-06	1.87e-03	1.24e-01	5.22e-01	3.12e-01	4.06e-02	0.00e+00	0.00e+00	1.49e-10	7.76e-11	2.48e-11
 1.98465e+15	3.47e-10	2.01e-06	2.19e-03	1.35e-01	5.31e-01	2.96e-01	3.57e-02	0.00e+00	0.00e+00	2.02e-10	1.05e-10	3.37e-11
 2.04182e+15	4.58e-10	2.47e-06	2.54e-03	1.45e-01	5.39e-01	2.82e-01	3.15e-02	0.00e+00	0.00e+00	2.66e-10	1.39e-10	4.45e-11
 2.10504e+15	6.20e-10	3.09e-06	2.97e-03	1.58e-01	5.46e-01	2.66e-01	2.75e-02	0.00e+00	0.00e+00	3.61e-10	1.88e-10	6.03e-11
 2.17412e+15	8.47e-10	3.90e-06	3.49e-03	1.71e-01	5.51e-01	2.50e-01	2.37e-02	0.00e+00	0.00e+00	4.93e-10	2.57e-10	8.24e-11
 2.23660e+15	1.11e-09	4.77e-06	4.02e-03	1.84e-01	5.55e-01	2.36e-01	2.08e-02	0.00e+00	0.00e+00	6.45e-10	3.36e-10	1.08e-10
 2.30359e+15	1.48e-09	5.90e-06	4.66e-03	1.98e-01	5.58e-01	2.21e-01	1.80e-02	0.00e+00	0.00e+00	8.61e-10	4.50e-10	1.44e-10
 2.37808e+15	2.00e-09	7.38e-06	5.45e-03	2.13e-01	5.60e-01	2.06e-01	1.54e-02	0.00e+00	0.00e+00	1.16e-09	6.07e-10	1.95e-10
 2.44825e+15	2.62e-09	9.04e-06	6.28e-03	2.28e-01	5.60e-01	1.93e-01	1.33e-02	0.00e+00	0.00e+00	1.53e-09	7.97e-10	2.56e-10
 2.52539e+15	3.53e-09	1.13e-05	7.31e-03	2.44e-01	5.59e-01	1.78e-01	1.13e-02	0.00e+00	0.00e+00	2.06e-09	1.07e-09	3.46e-10
 2.60969e+15	4.78e-09	1.41e-05	8.55e-03	2.62e-01	5.56e-01	1.64e-01	9.50e-03	0.00e+00	0.00e+00	2.78e-09	1.45e-09	4.68e-10
 2.68276e+15	6.11e-09	1.70e-05	9.74e-03	2.78e-01	5.52e-01	1.52e-01	8.20e-03	0.00e+00	0.00e+00	3.56e-09	1.86e-09	5.99e-10
 2.74669e+15	7.58e-09	2.00e-05	1.09e-02	2.92e-01	5.48e-01	1.43e-01	7.19e-03	0.00e+00	0.00e+00	4.41e-09	2.31e-09	7.43e-10
 2.81927e+15	9.69e-09	2.40e-05	1.23e-02	3.07e-01	5.42e-01	1.32e-01	6.19e-03	0.00e+00	0.00e+00	5.64e-09	2.95e-09	9.51e-10
 2.89939e+15	1.25e-08	2.91e-05	1.41e-02	3.25e-01	5.34e-01	1.22e-01	5.26e-03	0.00e+00	0.00e+00	7.29e-09	3.81e-09	1.23e-09
 2.97346e+15	1.56e-08	3.43e-05	1.58e-02	3.40e-01	5.27e-01	1.13e-01	4.54e-03	0.00e+00	0.00e+00	9.09e-09	4.76e-09	1.54e-09
 3.04120e+15	1.91e-08	3.99e-05	1.76e-02	3.54e-01	5.19e-01	1.05e-01	3.96e-03	0.00e+00	0.00e+00	1.11e-08	5.81e-09	1.88e-09
 3.11659e+15	2.39e-08	4.73e-05	1.97e-02	3.70e-01	5.10e-01	9.68e-02	3.40e-03	0.00e+00	0.00e+00	1.39e-08	7.29e-09	2.36e-09
 3.19875e+15	3.01e-08	5.63e-05	2.23e-02	3.87e-01	4.99e-01	8.86e-02	2.89e-03	0.00e+00	0.00e+00	1.75e-08	9.19e-09	2.97e-09
 3.27652e+15	3.72e-08	6.60e-05	2.49e-02	4.03e-01	4.89e-01	8.14e-02	2.48e-03	0.00e+00	0.00e+00	2.17e-08	1.13e-08	3.67e-09
 3.35205e+15	4.55e-08	7.69e-05	2.77e-02	4.17e-01	4.78e-01	7.49e-02	2.13e-03	0.00e+00	0.00e+00	2.65e-08	1.39e-08	4.50e-09
 3.43784e+15	5.77e-08	9.17e-05	3.12e-02	4.34e-01	4.65e-01	6.80e-02	1.79e-03	0.00e+00	0.00e+00	3.36e-08	1.76e-08	5.70e-09
 3.53257e+15	7.35e-08	1.10e-04	3.54e-02	4.52e-01	4.50e-01	6.12e-02	1.49e-03	0.00e+00	0.00e+00	4.28e-08	2.24e-08	7.27e-09
 3.62022e+15	9.08e-08	1.30e-04	3.97e-02	4.68e-01	4.36e-01	5.54e-02	1.25e-03	0.00e+00	0.00e+00	5.29e-08	2.77e-08	9.00e-09
 3.70105e+15	1.11e-07	1.51e-04	4.40e-02	4.82e-01	4.22e-01	5.05e-02	1.07e-03	0.00e+00	0.00e+00	6.44e-08	3.38e-08	1.10e-08
 3.79168e+15	1.40e-07	1.79e-04	4.95e-02	4.97e-01	4.07e-01	4.54e-02	8.88e-04	0.00e+00	0.00e+00	8.12e-08	4.26e-08	1.39e-08
 3.89197e+15	1.78e-07	2.15e-04	5.61e-02	5.13e-01	3.90e-01	4.03e-02	7.26e-04	0.00e+00	0.00e+00	1.03e-07	5.43e-08	1.77e-08
 3.98479e+15	2.19e-07	2.52e-04	6.28e-02	5.27e-01	3.74e-01	3.61e-02	6.05e-04	0.00e+00	0.00e+00	1.27e-07	6.68e-08	2.18e-08
 4.07110e+15	2.68e-07	2.94e-04	6.98e-02	5.39e-01	3.58e-01	3.24e-02	5.07e-04	0.00e+00	0.00e+00	1.56e-07	8.18e-08	2.67e-08
 4.16899e+15	3.41e-07	3.52e-04	7.88e-02	5.51e-01	3.41e-01	2.86e-02	4.13e-04	0.00e+00	0.00e+00	1.98e-07	1.04e-07	3.40e-08
 4.27021e+15	4.30e-07	4.20e-04	8.89e-02	5.63e-01	3.23e-01	2.51e-02	3.35e-04	0.00e+00	0.00e+00	2.50e-07	1.31e-07	4.29e-08
 4.35472e+15	5.20e-07	4.86e-04	9.82e-02	5.71e-01	3.08e-01	2.25e-02	2.81e-04	0.00e+00	0.00e+00	3.03e-07	1.59e-07	5.20e-08
 4.44357e+15	6.45e-07	5.72e-04	1.09e-01	5.79e-01	2.91e-01	1.99e-02	2.32e-04	0.00e+00	0.00e+00	3.75e-07	1.97e-07	6.44e-08
 4.54003e+15	8.14e-07	6.81e-04	1.23e-01	5.85e-01	2.74e-01	1.74e-02	1.87e-04	0.00e+00	0.00e+00	4.73e-07	2.49e-07	8.14e-08
 4.62559e+15	9.93e-07	7.91e-04	1.36e-01	5.89e-01	2.58e-01	1.54e-02	1.55e-04	0.00e+00	0.00e+00	5.78e-07	3.04e-07	9.94e-08
 4.69460e+15	1.16e-06	8.93e-04	1.48e-01	5.91e-01	2.46e-01	1.39e-02	1.33e-04	0.00e+00	0.00e+00	6.77e-07	3.56e-07	1.17e-07
 4.75295e+15	1.34e-06	9.94e-04	1.59e-01	5.92e-01	2.35e-01	1.27e-02	1.16e-04	0.00e+00	0.00e+00	7.82e-07	4.11e-07	1.35e-07
 4.81890e+15	1.59e-06	1.13e-03	1.72e-01	5.92e-01	2.23e-01	1.15e-02	9.87e-05	0.00e+00	0.00e+00	9.23e-07	4.86e-07	1.59e-07
 4.89089e+15	1.92e-06	1.30e-03	1.88e-01	5.91e-01	2.09e-01	1.02e-02	8.23e-05	0.00e+00	0.00e+00	1.12e-06	5.88e-07	1.93e-07
 4.95395e+15	2.25e-06	1.46e-03	2.04e-01	5.88e-01	1.98e-01	9.13e-03	7.03e-05	0.00e+00	0.00e+00	1.31e-06	6.88e-07	2.26e-07
 5.01024e+15	2.59e-06	1.63e-03	2.18e-01	5.84e-01	1.88e-01	8.27e-03	6.09e-05	0.00e+00	0.00e+00	1.50e-06	7.92e-07	2.60e-07
 5.07452e+15	3.02e-06	1.83e-03	2.37e-01	5.78e-01	1.76e-01	7.34e-03	5.12e-05	0.00e+00	0.00e+00	1.76e-06	9.25e-07	3.03e-07
 5.14650e+15	3.67e-06	2.11e-03	2.59e-01	5.70e-01	1.62e-01	6.38e-03	4.18e-05	0.00e+00	0.00e+00	2.14e-06	1.13e-06	3.69e-07
 5.21017e+15	4.53e-06	2.46e-03	2.82e-01	5.59e-01	1.51e-01	5.58e-03	3.44e-05	0.00e+00	0.00e+00	2.63e-06	1.39e-06	4.55e-07
 5.25982e+15	5.20e-06	2.72e-03	3.00e-01	5.50e-01	1.42e-01	5.02e-03	2.96e-05	0.00e+00	0.00e+00	3.03e-06	1.60e-06	5.24e-07
 5.30954e+15	5.92e-06	3.00e-03	3.20e-01	5.40e-01	1.32e-01	4.48e-03	2.52e-05	0.00e+00	0.00e+00	3.45e-06	1.82e-06	5.97e-07
 5.37419e+15	7.21e-06	3.46e-03	3.49e-01	5.24e-01	1.20e-01	3.83e-03	2.02e-05	0.00e+00	0.00e+00	4.19e-06	2.21e-06	7.27e-07
 5.43992e+15	8.84e-06	4.02e-03	3.79e-01	5.05e-01	1.08e-01	3.23e-03	1.60e-05	0.00e+00	0.00e+00	5.14e-06	2.71e-06	8.92e-07
 5.49170e+15	1.09e-05	4.65e-03	4.07e-01	4.86e-01	9.88e-02	2.78e-03	1.29e-05	0.00e+00	0.00e+00	6.36e-06	3.35e-06	1.10e-06
 5.53221e+15	1.21e-05	5.01e-03	4.28e-01	4.73e-01	9.19e-02	2.49e-03	1.11e-05	0.00e+00	0.00e+00	7.02e-06	3.70e-06	1.22e-06
 5.57346e+15	1.39e-05	5.55e-03	4.52e-01	4.56e-01	8.44e-02	2.18e-03	9.32e-06	0.00e+00	0.00e+00	8.11e-06	4.28e-06	1.41e-06
 5.62710e+15	1.75e-05	6.48e-03	4.86e-01	4.31e-01	7.48e-02	1.80e-03	7.18e-06	0.00e+00	0.00e+00	1.02e-05	5.36e-06	1.77e-06
 5.68011e+15	2.03e-05	7.21e-03	5.17e-01	4.08e-01	6.63e-02	1.51e-03	5.68e-06	0.00e+00	0.00e+00	1.18e-05	6.23e-06	2.06e-06
 5.73234e+15	2.47e-05	8.27e-03	5.52e-01	3.81e-01	5.77e-02	1.23e-03	4.32e-06	0.00e+00	0.00e+00	1.44e-05	7.59e-06	2.51e-06
 5.78623e+15	3.03e-05	9.49e-03	5.88e-01	3.52e-01	4.95e-02	9.79e-04	3.21e-06	0.00e+00	0.00e+00	1.76e-05	9.30e-06	3.07e-06
 5.83026e+15	3.74e-05	1.09e-02	6.20e-01	3.25e-01	4.31e-02	7.93e-04	2.43e-06	0.00e+00	0.00e+00	2.17e-05	1.15e-05	3.79e-06
 5.86633e+15	4.30e-05	1.19e-02	6.45e-01	3.05e-01	3.82e-02	6.67e-04	1.94e-06	0.00e+00	0.00e+00	2.50e-05	1.32e-05	4.36e-06
 5.90409e+15	5.04e-05	1.33e-02	6.71e-01	2.82e-01	3.32e-02	5.46e-04	1.49e-06	0.00e+00	0.00e+00	2.93e-05	1.55e-05	5.12e-06
 5.95318e+15	6.25e-05	1.52e-02	7.05e-01	2.52e-01	2.74e-02	4.12e-04	1.04e-06	0.00e+00	0.00e+00	3.63e-05	1.92e-05	6.35e-06
 5.99529e+15	7.11e-05	1.66e-02	7.30e-01	2.29e-01	2.33e-02	3.30e-04	7.84e-07	0.00e+00	0.00e+00	4.13e-05	2.18e-05	7.23e-06
 6.02219e+15	8.22e-05	1.81e-02	7.48e-01	2.13e-01	2.06e-02	2.75e-04	0.00e+00	0.00e+00	0.00e+00	4.78e-05	2.53e-05	8.38e-06
 6.04518e+15	9.06e-05	1.92e-02	7.62e-01	2.00e-01	1.85e-02	2.38e-04	0.00e+00	0.00e+00	0.00e+00	5.27e-05	2.78e-05	9.23e-06
 6.06922e+15	1.00e-04	2.05e-02	7.76e-01	1.86e-01	1.65e-02	2.02e-04	0.00e+00	0.00e+00	0.00e+00	5.84e-05	3.09e-05	1.02e-05
 6.10046e+15	1.16e-04	2.24e-02	7.94e-01	1.69e-01	1.41e-02	1.61e-04	0.00e+00	0.00e+00	0.00e+00	6.73e-05	3.56e-05	1.18e-05
 6.13318e+15	1.33e-04	2.43e-02	8.11e-01	1.53e-01	1.19e-02	1.28e-04	0.00e+00	0.00e+00	0.00e+00	7.72e-05	4.08e-05	1.35e-05
 6.16164e+15	1.50e-04	2.62e-02	8.24e-01	1.39e-01	1.03e-02	1.04e-04	0.00e+00	0.00e+00	0.00e+00	8.71e-05	4.61e-05	1.53e-05
 6.19250e+15	1.73e-04	2.84e-02	8.38e-01	1.25e-01	8.58e-03	8.07e-05	0.00e+00	0.00e+00	0.00e+00	1.00e-04	5.31e-05	1.76e-05
 6.22542e+15	1.99e-04	3.09e-02	8.50e-01	1.11e-01	7.11e-03	6.21e-05	0.00e+00	0.00e+00	0.00e+00	1.15e-04	6.10e-05	2.03e-05
 6.25467e+15	2.26e-04	3.33e-02	8.60e-01	1.00e-01	5.99e-03	4.88e-05	0.00e+00	0.00e+00	0.00e+00	1.31e-04	6.93e-05	2.31e-05
 6.28197e+15	2.54e-04	3.56e-02	8.69e-01	9.02e-02	5.07e-03	3.87e-05	0.00e+00	0.00e+00	0.00e+00	1.48e-04	7.80e-05	2.60e-05
 6.31310e+15	2.92e-04	3.86e-02	8.77e-01	7.97e-02	4.15e-03	2.92e-05	0.00e+00	0.00e+00	0.00e+00	1.70e-04	8.98e-05	2.99e-05
 6.34642e+15	3.37e-04	4.18e-02	8.85e-01	6.99e-02	3.36e-03	2.18e-05	0.00e+00	0.00e+00	0.00e+00	1.96e-04	1.03e-04	3.45e-05
 6.37602e+15	3.82e-04	4.49e-02	8.90e-01	6.21e-02	2.78e-03	1.67e-05	0.00e+00	0.00e+00	0.00e+00	2.22e-04	1.17e-04	3.92e-05
 6.40364e+15	4.31e-04	4.80e-02	8.94e-01	5.54e-02	2.31e-03	1.29e-05	0.00e+00	0.00e+00	0.00e+00	2.51e-04	1.32e-04	4.42e-05
 6.43524e+15	4.95e-04	5.18e-02	8.97e-01	4.85e-02	1.86e-03	9.50e-06	0.00e+00	0.00e+00	0.00e+00	2.88e-04	1.52e-04	5.08e-05
 6.46939e+15	5.73e-04	5.62e-02	9.00e-01	4.20e-02	1.48e-03	6.87e-06	0.00e+00	0.00e+00	0.00e+00	3.33e-04	1.76e-04	5.88e-05
 6.49982e+15	6.51e-04	6.03e-02	9.01e-01	3.70e-02	1.21e-03	5.15e-06	0.00e+00	0.00e+00	0.00e+00	3.79e-04	2.00e-04	6.69e-05
 6.52810e+15	7.36e-04	6.45e-02	9.01e-01	3.27e-02	9.92e-04	3.90e-06	0.00e+00	0.00e+00	0.00e+00	4.28e-04	2.26e-04	7.57e-05
 6.56061e+15	8.46e-04	6.96e-02	9.00e-01	2.84e-02	7.87e-04	2.81e-06	0.00e+00	0.00e+00	0.00e+00	4.92e-04	2.60e-04	8.71e-05
 6.59603e+15	9.85e-04	7.56e-02	8.98e-01	2.44e-02	6.16e-04	1.98e-06	0.00e+00	0.00e+00	0.00e+00	5.73e-04	3.03e-04	1.01e-04
 6.62767e+15	1.13e-03	8.13e-02	8.96e-01	2.13e-02	4.96e-04	1.45e-06	0.00e+00	0.00e+00	0.00e+00	6.55e-04	3.47e-04	1.16e-04
 6.65659e+15	1.27e-03	8.68e-02	8.93e-01	1.88e-02	4.05e-04	1.09e-06	0.00e+00	0.00e+00	0.00e+00	7.38e-04	3.91e-04	1.31e-04
 6.68952e+15	1.47e-03	9.39e-02	8.88e-01	1.62e-02	3.19e-04	7.75e-07	0.00e+00	0.00e+00	0.00e+00	8.55e-04	4.52e-04	1.51e-04
 6.72492e+15	1.71e-03	1.02e-01	8.82e-01	1.39e-02	2.49e-04	0.00e+00	0.00e+00	0.00e+00	0.00e+00	9.97e-04	5.27e-04	1.77e-04
 6.75652e+15	1.96e-03	1.10e-01	8.76e-01	1.21e-02	2.00e-04	0.00e+00	0.00e+00	0.00e+00	0.00e+00	1.14e-03	6.04e-04	2.02e-04
 6.78611e+15	2.24e-03	1.18e-01	8.69e-01	1.06e-02	1.62e-04	0.00e+00	0.00e+00	0.00e+00	0.00e+00	1.30e-03	6.89e-04	2.31e-04
 6.82012e+15	2.59e-03	1.27e-01	8.61e-01	9.09e-03	1.27e-04	0.00e+00	0.00e+00	0.00e+00	0.00e+00	1.51e-03	7.97e-04	2.67e-04
 6.85781e+15	3.06e-03	1.39e-01	8.50e-01	7.67e-03	9.73e-05	0.00e+00	0.00e+00	0.00e+00	0.00e+00	1.78e-03	9.43e-04	3.16e-04
 6.89177e+15	3.58e-03	1.52e-01	8.38e-01	6.58e-03	7.67e-05	0.00e+00	0.00e+00	0.00e+00	0.00e+00	2.08e-03	1.10e-03	3.70e-04
 6.92150e+15	4.11e-03	1.63e-01	8.27e-01	5.74e-03	6.19e-05	0.00e+00	0.00e+00	0.00e+00	0.00e+00	2.39e-03	1.26e-03	4.24e-04
 6.95425e+15	4.78e-03	1.77e-01	8.13e-01	4.91e-03	4.86e-05	0.00e+00	0.00e+00	0.00e+00	0.00e+00	2.78e-03	1.47e-03	4.94e-04
 6.99683e+15	5.84e-03	1.96e-01	7.94e-01	4.00e-03	3.54e-05	0.00e+00	0.00e+00	0.00e+00	0.00e+00	3.40e-03	1.80e-03	6.03e-04
 7.03944e+15	7.19e-03	2.19e-01	7.70e-01	3.25e-03	2.58e-05	0.00e+00	0.00e+00	0.00e+00	0.00e+00	4.19e-03	2.21e-03	7.43e-04
 7.07229e+15	8.47e-03	2.39e-01	7.50e-01	2.76e-03	2.02e-05	0.00e+00	0.00e+00	0.00e+00	0.00e+00	4.93e-03	2.60e-03	8.75e-04
 7.10522e+15	1.00e-02	2.60e-01	7.28e-01	2.31e-03	1.56e-05	0.00e+00	0.00e+00	0.00e+00	0.00e+00	5.82e-03	3.08e-03	1.03e-03
 7.14803e+15	1.24e-02	2.90e-01	6.95e-01	1.83e-03	1.10e-05	0.00e+00	0.00e+00	0.00e+00	0.00e+00	7.24e-03	3.82e-03	1.29e-03
 7.19210e+15	1.57e-02	3.26e-01	6.57e-01	1.43e-03	7.66e-06	0.00e+00	0.00e+00	0.00e+00	0.00e+00	9.13e-03	4.82e-03	1.62e-03
 7.22718e+15	1.91e-02	3.59e-01	6.21e-01	1.15e-03	5.67e-06	0.00e+00	0.00e+00	0.00e+00	0.00e+00	1.11e-02	5.86e-03	1.97e-03
 7.25655e+15	2.25e-02	3.88e-01	5.89e-01	9.53e-04	4.33e-06	0.00e+00	0.00e+00	0.00e+00	0.00e+00	1.31e-02	6.92e-03	2.33e-03
 7.28907e+15	2.70e-02	4.21e-01	5.51e-01	7.64e-04	3.17e-06	0.00e+00	0.00e+00	0.00e+00	0.00e+00	1.57e-02	8.29e-03	2.79e-03
