#depth	N	N+	N+2	N+3	N+4	N+5	N+6	N+7
 1.49634e+10	0.00e+00	1.78e-32	1.04e-23	1.07e-15	1.88e-08	9.98e-01	2.08e-03	0.00e+00
 4.54887e+10	5.06e-42	2.51e-32	1.34e-23	1.28e-15	2.06e-08	9.98e-01	1.90e-03	1.60e-09
 7.72350e+10	0.00e+00	3.53e-32	1.75e-23	1.53e-15	2.25e-08	9.98e-01	1.74e-03	0.00e+00
 1.10251e+11	1.18e-41	4.97e-32	2.27e-23	1.83e-15	2.47e-08	9.98e-01	1.58e-03	0.00e+00
 1.43850e+11	0.00e+00	6.95e-32	2.93e-23	2.19e-15	2.71e-08	9.99e-01	1.45e-03	0.00e+00
 1.76696e+11	2.66e-41	9.54e-32	3.74e-23	2.58e-15	2.95e-08	9.99e-01	1.33e-03	0.00e+00
 2.11594e+11	0.00e+00	1.32e-31	4.79e-23	3.07e-15	3.22e-08	9.99e-01	1.22e-03	0.00e+00
 2.49985e+11	6.07e-41	1.86e-31	6.23e-23	3.68e-15	3.54e-08	9.99e-01	1.11e-03	0.00e+00
 2.89111e+11	0.00e+00	2.60e-31	8.08e-23	4.40e-15	3.88e-08	9.99e-01	1.01e-03	0.00e+00
 3.29802e+11	1.39e-40	3.64e-31	1.05e-22	5.27e-15	4.26e-08	9.99e-01	9.24e-04	0.00e+00
 3.72921e+11	0.00e+00	5.12e-31	1.36e-22	6.34e-15	4.69e-08	9.99e-01	8.41e-04	0.00e+00
 4.17765e+11	3.23e-40	7.20e-31	1.77e-22	7.63e-15	5.16e-08	9.99e-01	7.65e-04	0.00e+00
 4.58323e+11	0.00e+00	9.68e-31	2.23e-22	8.97e-15	5.62e-08	9.99e-01	7.04e-04	0.00e+00
 4.92118e+11	6.25e-40	1.23e-30	2.69e-22	1.02e-14	6.01e-08	9.99e-01	6.58e-04	0.00e+00
 5.29144e+11	0.00e+00	1.58e-30	3.27e-22	1.17e-14	6.47e-08	9.99e-01	6.13e-04	0.00e+00
 5.76036e+11	1.25e-39	2.16e-30	4.17e-22	1.39e-14	7.07e-08	9.99e-01	5.61e-04	0.00e+00
 6.24936e+11	0.00e+00	2.94e-30	5.31e-22	1.65e-14	7.74e-08	9.99e-01	5.14e-04	0.00e+00
 6.68255e+11	2.52e-39	3.83e-30	6.53e-22	1.91e-14	8.37e-08	1.00e+00	4.76e-04	0.00e+00
 7.08744e+11	0.00e+00	4.87e-30	7.87e-22	2.19e-14	8.97e-08	1.00e+00	4.44e-04	0.00e+00
 7.54981e+11	4.65e-39	6.33e-30	9.68e-22	2.53e-14	9.70e-08	1.00e+00	4.11e-04	0.00e+00
 8.11701e+11	0.00e+00	8.64e-30	1.24e-21	3.02e-14	1.06e-07	1.00e+00	3.76e-04	0.00e+00
 8.68160e+11	9.74e-39	1.16e-29	1.56e-21	3.57e-14	1.16e-07	1.00e+00	3.44e-04	0.00e+00
 9.17319e+11	0.00e+00	1.49e-29	1.90e-21	4.10e-14	1.25e-07	1.00e+00	3.20e-04	0.00e+00
 9.70873e+11	1.81e-38	1.93e-29	2.33e-21	4.76e-14	1.36e-07	1.00e+00	2.96e-04	0.00e+00
 1.03613e+12	0.00e+00	2.62e-29	2.96e-21	5.66e-14	1.49e-07	1.00e+00	2.70e-04	0.00e+00
 1.10273e+12	3.74e-38	3.52e-29	3.75e-21	6.71e-14	1.63e-07	1.00e+00	2.47e-04	0.00e+00
 1.16405e+12	0.00e+00	4.58e-29	4.62e-21	7.79e-14	1.77e-07	1.00e+00	2.29e-04	0.00e+00
 1.23238e+12	7.24e-38	6.07e-29	5.77e-21	9.15e-14	1.93e-07	1.00e+00	2.10e-04	0.00e+00
 1.31139e+12	0.00e+00	8.29e-29	7.38e-21	1.09e-13	2.12e-07	1.00e+00	1.91e-04	0.00e+00
 1.38910e+12	1.50e-37	1.11e-28	9.31e-21	1.30e-13	2.32e-07	1.00e+00	1.75e-04	0.00e+00
 1.46362e+12	0.00e+00	1.45e-28	1.15e-20	1.51e-13	2.52e-07	1.00e+00	1.61e-04	0.00e+00
 1.54579e+12	2.95e-37	1.94e-28	1.45e-20	1.78e-13	2.75e-07	1.00e+00	1.48e-04	0.00e+00
 1.63755e+12	0.00e+00	2.63e-28	1.84e-20	2.12e-13	3.02e-07	1.00e+00	1.35e-04	0.00e+00
 1.72103e+12	5.89e-37	3.43e-28	2.28e-20	2.47e-13	3.28e-07	1.00e+00	1.24e-04	0.00e+00
 1.79138e+12	0.00e+00	4.27e-28	2.71e-20	2.80e-13	3.51e-07	1.00e+00	1.16e-04	0.00e+00
 1.86879e+12	1.02e-36	5.38e-28	3.25e-20	3.19e-13	3.77e-07	1.00e+00	1.09e-04	0.00e+00
 1.96576e+12	0.00e+00	7.12e-28	4.06e-20	3.75e-13	4.11e-07	1.00e+00	9.97e-05	0.00e+00
 2.06250e+12	1.98e-36	9.32e-28	5.02e-20	4.37e-13	4.46e-07	1.00e+00	9.19e-05	0.00e+00
 2.14408e+12	0.00e+00	1.16e-27	5.96e-20	4.95e-13	4.76e-07	1.00e+00	8.61e-05	0.00e+00
 2.23161e+12	3.40e-36	1.46e-27	7.14e-20	5.63e-13	5.11e-07	1.00e+00	8.04e-05	0.00e+00
 2.34166e+12	0.00e+00	1.92e-27	8.89e-20	6.59e-13	5.56e-07	1.00e+00	7.40e-05	0.00e+00
 2.45624e+12	6.66e-36	2.54e-27	1.11e-19	7.71e-13	6.05e-07	1.00e+00	6.81e-05	0.00e+00
 2.55914e+12	0.00e+00	3.23e-27	1.34e-19	8.83e-13	6.50e-07	1.00e+00	6.33e-05	0.00e+00
 2.67163e+12	1.22e-35	4.17e-27	1.63e-19	1.02e-12	7.01e-07	1.00e+00	5.88e-05	0.00e+00
 2.79503e+12	0.00e+00	5.45e-27	2.02e-19	1.19e-12	7.61e-07	1.00e+00	5.42e-05	0.00e+00
 2.90752e+12	2.25e-35	6.90e-27	2.43e-19	1.35e-12	8.17e-07	1.00e+00	5.05e-05	0.00e+00
 3.02867e+12	0.00e+00	8.84e-27	2.95e-19	1.56e-12	8.80e-07	1.00e+00	4.70e-05	0.00e+00
 3.16447e+12	4.23e-35	1.16e-26	3.64e-19	1.81e-12	9.52e-07	1.00e+00	4.35e-05	0.00e+00
 3.29312e+12	0.00e+00	1.48e-26	4.42e-19	2.07e-12	1.02e-06	1.00e+00	4.04e-05	0.00e+00
 3.43418e+12	7.81e-35	1.92e-26	5.41e-19	2.39e-12	1.11e-06	1.00e+00	3.74e-05	0.00e+00
 3.59005e+12	0.00e+00	2.53e-26	6.73e-19	2.79e-12	1.20e-06	1.00e+00	3.45e-05	0.00e+00
 3.73465e+12	1.48e-34	3.24e-26	8.17e-19	3.20e-12	1.29e-06	1.00e+00	3.21e-05	0.00e+00
 3.89209e+12	2.05e-34	4.21e-26	1.00e-18	3.70e-12	1.39e-06	1.00e+00	2.98e-05	0.00e+00
 4.06849e+12	2.89e-34	5.59e-26	1.25e-18	4.32e-12	1.52e-06	1.00e+00	2.74e-05	0.00e+00
 4.23551e+12	3.97e-34	7.24e-26	1.53e-18	4.98e-12	1.63e-06	1.00e+00	2.55e-05	0.00e+00
 4.41638e+12	5.52e-34	9.49e-26	1.89e-18	5.78e-12	1.77e-06	1.00e+00	2.36e-05	0.00e+00
 4.61776e+12	7.87e-34	1.27e-25	2.37e-18	6.77e-12	1.92e-06	1.00e+00	2.17e-05	0.00e+00
 4.81086e+12	1.10e-33	1.66e-25	2.92e-18	7.84e-12	2.07e-06	1.00e+00	2.01e-05	0.00e+00
 5.01686e+12	1.54e-33	2.19e-25	3.62e-18	9.11e-12	2.25e-06	1.00e+00	1.86e-05	0.00e+00
 5.24747e+12	2.22e-33	2.95e-25	4.56e-18	1.07e-11	2.45e-06	1.00e+00	1.71e-05	0.00e+00
 5.47764e+12	3.16e-33	3.94e-25	5.70e-18	1.25e-11	2.65e-06	1.00e+00	1.57e-05	0.00e+00
 5.71702e+12	4.50e-33	5.25e-25	7.13e-18	1.46e-11	2.88e-06	1.00e+00	1.45e-05	0.00e+00
 5.97563e+12	6.50e-33	7.09e-25	8.99e-18	1.72e-11	3.13e-06	1.00e+00	1.34e-05	0.00e+00
 6.24458e+12	9.41e-33	9.57e-25	1.13e-17	2.02e-11	3.41e-06	1.00e+00	1.23e-05	0.00e+00
 6.50826e+12	1.33e-32	1.27e-24	1.41e-17	2.35e-11	3.69e-06	1.00e+00	1.14e-05	0.00e+00
 6.75302e+12	1.82e-32	1.64e-24	1.72e-17	2.69e-11	3.96e-06	1.00e+00	1.06e-05	0.00e+00
 7.02360e+12	2.56e-32	2.16e-24	2.12e-17	3.10e-11	4.27e-06	1.00e+00	9.82e-06	0.00e+00
 7.30179e+12	3.57e-32	2.83e-24	2.61e-17	3.58e-11	4.60e-06	1.00e+00	9.12e-06	0.00e+00
 7.53422e+12	4.68e-32	3.52e-24	3.09e-17	4.02e-11	4.88e-06	1.00e+00	8.59e-06	0.00e+00
 7.77947e+12	6.19e-32	4.42e-24	3.67e-17	4.53e-11	5.19e-06	1.00e+00	8.09e-06	0.00e+00
 8.09141e+12	8.73e-32	5.83e-24	4.54e-17	5.24e-11	5.59e-06	1.00e+00	7.50e-06	0.00e+00
 8.41727e+12	1.23e-31	7.72e-24	5.63e-17	6.07e-11	6.04e-06	1.00e+00	6.95e-06	0.00e+00
 8.70591e+12	1.67e-31	9.84e-24	6.77e-17	6.88e-11	6.44e-06	1.00e+00	6.52e-06	0.00e+00
 9.01894e+12	2.28e-31	1.27e-23	8.22e-17	7.85e-11	6.89e-06	1.00e+00	6.10e-06	0.00e+00
 9.36805e+12	3.20e-31	1.67e-23	1.01e-16	9.05e-11	7.41e-06	1.00e+00	5.67e-06	0.00e+00
 9.69494e+12	4.36e-31	2.14e-23	1.22e-16	1.03e-10	7.91e-06	1.00e+00	5.31e-06	0.00e+00
 1.00507e+13	6.04e-31	2.78e-23	1.49e-16	1.18e-10	8.48e-06	1.00e+00	4.96e-06	0.00e+00
 1.04467e+13	8.57e-31	3.69e-23	1.85e-16	1.36e-10	9.13e-06	1.00e+00	4.60e-06	0.00e+00
 1.08165e+13	1.18e-30	4.76e-23	2.25e-16	1.55e-10	9.76e-06	1.00e+00	4.31e-06	0.00e+00
 1.12187e+13	1.65e-30	6.23e-23	2.76e-16	1.78e-10	1.05e-05	1.00e+00	4.02e-06	0.00e+00
 1.16679e+13	2.36e-30	8.33e-23	3.43e-16	2.07e-10	1.13e-05	1.00e+00	3.73e-06	0.00e+00
 1.20906e+13	3.28e-30	1.08e-22	4.19e-16	2.37e-10	1.21e-05	1.00e+00	3.48e-06	0.00e+00
 1.25520e+13	4.64e-30	1.43e-22	5.18e-16	2.73e-10	1.30e-05	1.00e+00	3.24e-06	0.00e+00
 1.30678e+13	6.75e-30	1.94e-22	6.50e-16	3.18e-10	1.40e-05	1.00e+00	3.00e-06	0.00e+00
 1.35547e+13	9.50e-30	2.55e-22	7.99e-16	3.65e-10	1.51e-05	1.00e+00	2.80e-06	0.00e+00
 1.40773e+13	1.35e-29	3.39e-22	9.90e-16	4.22e-10	1.62e-05	1.00e+00	2.60e-06	0.00e+00
 1.46703e+13	1.99e-29	4.62e-22	1.25e-15	4.94e-10	1.75e-05	1.00e+00	2.40e-06	0.00e+00
 1.52525e+13	2.88e-29	6.20e-22	1.56e-15	5.73e-10	1.89e-05	1.00e+00	2.23e-06	0.00e+00
 1.58580e+13	4.16e-29	8.33e-22	1.95e-15	6.65e-10	2.04e-05	1.00e+00	2.07e-06	0.00e+00
 1.65223e+13	6.13e-29	1.14e-21	2.47e-15	7.78e-10	2.20e-05	1.00e+00	1.91e-06	0.00e+00
 1.71953e+13	8.95e-29	1.54e-21	3.10e-15	9.07e-10	2.38e-05	1.00e+00	1.77e-06	0.00e+00
 1.78952e+13	1.31e-28	2.09e-21	3.90e-15	1.06e-09	2.57e-05	1.00e+00	1.64e-06	0.00e+00
 1.85973e+13	1.88e-28	2.80e-21	4.86e-15	1.23e-09	2.77e-05	1.00e+00	1.52e-06	0.00e+00
 1.92602e+13	2.63e-28	3.66e-21	5.95e-15	1.40e-09	2.97e-05	1.00e+00	1.42e-06	0.00e+00
 1.99934e+13	3.75e-28	4.86e-21	7.38e-15	1.62e-09	3.19e-05	1.00e+00	1.32e-06	0.00e+00
 2.07276e+13	5.28e-28	6.40e-21	9.08e-15	1.87e-09	3.43e-05	1.00e+00	1.23e-06	0.00e+00
 2.13339e+13	6.96e-28	7.99e-21	1.07e-14	2.09e-09	3.62e-05	1.00e+00	1.16e-06	0.00e+00
 2.19752e+13	9.22e-28	1.00e-20	1.27e-14	2.34e-09	3.84e-05	1.00e+00	1.10e-06	0.00e+00
 2.27993e+13	1.31e-27	1.33e-20	1.57e-14	2.70e-09	4.13e-05	1.00e+00	1.02e-06	0.00e+00
 2.36666e+13	1.86e-27	1.76e-20	1.95e-14	3.12e-09	4.45e-05	1.00e+00	9.47e-07	0.00e+00
 2.44309e+13	2.53e-27	2.25e-20	2.35e-14	3.54e-09	4.73e-05	1.00e+00	0.00e+00	0.00e+00
 2.52557e+13	3.46e-27	2.90e-20	2.85e-14	4.03e-09	5.06e-05	1.00e+00	0.00e+00	0.00e+00
 2.62513e+13	4.99e-27	3.90e-20	3.56e-14	4.68e-09	5.46e-05	1.00e+00	0.00e+00	0.00e+00
 2.72616e+13	7.15e-27	5.20e-20	4.43e-14	5.43e-09	5.89e-05	1.00e+00	0.00e+00	0.00e+00
 2.82030e+13	9.87e-27	6.74e-20	5.40e-14	6.20e-09	6.30e-05	1.00e+00	0.00e+00	0.00e+00
 2.92519e+13	1.39e-26	8.91e-20	6.67e-14	7.16e-09	6.78e-05	1.00e+00	0.00e+00	0.00e+00
 3.03696e+13	1.99e-26	1.19e-19	8.29e-14	8.30e-09	7.31e-05	1.00e+00	0.00e+00	0.00e+00
 3.13629e+13	2.70e-26	1.52e-19	1.00e-13	9.42e-09	7.80e-05	1.00e+00	0.00e+00	0.00e+00
 3.24300e+13	3.70e-26	1.96e-19	1.21e-13	1.07e-08	8.35e-05	1.00e+00	0.00e+00	0.00e+00
 3.37088e+13	5.33e-26	2.63e-19	1.52e-13	1.25e-08	9.03e-05	1.00e+00	0.00e+00	0.00e+00
 3.49664e+13	7.54e-26	3.48e-19	1.88e-13	1.45e-08	9.72e-05	1.00e+00	0.00e+00	0.00e+00
 3.60846e+13	1.02e-25	4.43e-19	2.26e-13	1.64e-08	1.04e-04	1.00e+00	0.00e+00	0.00e+00
 3.73181e+13	1.39e-25	5.72e-19	2.75e-13	1.87e-08	1.11e-04	1.00e+00	0.00e+00	0.00e+00
 3.87905e+13	2.01e-25	7.68e-19	3.44e-13	2.18e-08	1.20e-04	1.00e+00	0.00e+00	0.00e+00
 4.02539e+13	2.85e-25	1.02e-18	4.27e-13	2.53e-08	1.29e-04	1.00e+00	0.00e+00	0.00e+00
 4.15901e+13	3.89e-25	1.31e-18	5.17e-13	2.87e-08	1.38e-04	1.00e+00	0.00e+00	0.00e+00
 4.30810e+13	5.42e-25	1.71e-18	6.34e-13	3.30e-08	1.49e-04	1.00e+00	0.00e+00	0.00e+00
 4.48171e+13	7.87e-25	2.31e-18	7.99e-13	3.87e-08	1.61e-04	1.00e+00	0.00e+00	0.00e+00
 4.65222e+13	1.12e-24	3.08e-18	9.94e-13	4.48e-08	1.74e-04	1.00e+00	0.00e+00	0.00e+00
 4.81311e+13	1.55e-24	4.00e-18	1.21e-12	5.13e-08	1.86e-04	1.00e+00	0.00e+00	0.00e+00
 4.99218e+13	2.19e-24	5.29e-18	1.50e-12	5.93e-08	2.01e-04	1.00e+00	0.00e+00	0.00e+00
 5.19486e+13	3.19e-24	7.18e-18	1.89e-12	6.95e-08	2.18e-04	1.00e+00	0.00e+00	0.00e+00
 5.39764e+13	4.60e-24	9.63e-18	2.37e-12	8.09e-08	2.35e-04	1.00e+00	0.00e+00	0.00e+00
 5.58763e+13	6.39e-24	1.26e-17	2.90e-12	9.28e-08	2.53e-04	1.00e+00	0.00e+00	0.00e+00
 5.79322e+13	9.02e-24	1.66e-17	3.59e-12	1.07e-07	2.72e-04	1.00e+00	0.00e+00	0.00e+00
 6.02320e+13	1.31e-23	2.24e-17	4.51e-12	1.25e-07	2.94e-04	1.00e+00	0.00e+00	0.00e+00
 6.23834e+13	1.83e-23	2.94e-17	5.54e-12	1.44e-07	3.16e-04	1.00e+00	0.00e+00	0.00e+00
 6.43787e+13	2.48e-23	3.75e-17	6.67e-12	1.63e-07	3.37e-04	1.00e+00	0.00e+00	0.00e+00
 6.62993e+13	3.28e-23	4.71e-17	7.93e-12	1.83e-07	3.58e-04	1.00e+00	0.00e+00	0.00e+00
 6.84330e+13	4.45e-23	6.01e-17	9.55e-12	2.08e-07	3.81e-04	1.00e+00	0.00e+00	0.00e+00
 7.07952e+13	6.17e-23	7.82e-17	1.17e-11	2.38e-07	4.08e-04	1.00e+00	0.00e+00	0.00e+00
 7.29976e+13	8.29e-23	9.93e-17	1.40e-11	2.68e-07	4.35e-04	1.00e+00	0.00e+00	0.00e+00
 7.54038e+13	1.13e-22	1.28e-16	1.69e-11	3.05e-07	4.64e-04	1.00e+00	0.00e+00	0.00e+00
 7.81107e+13	1.59e-22	1.68e-16	2.08e-11	3.51e-07	4.98e-04	1.00e+00	0.00e+00	0.00e+00
 8.06881e+13	2.18e-22	2.16e-16	2.52e-11	4.00e-07	5.32e-04	9.99e-01	0.00e+00	0.00e+00
 8.35180e+13	3.04e-22	2.83e-16	3.09e-11	4.59e-07	5.71e-04	9.99e-01	0.00e+00	0.00e+00
 8.66366e+13	4.34e-22	3.76e-16	3.84e-11	5.31e-07	6.15e-04	9.99e-01	0.00e+00	0.00e+00
 8.95056e+13	5.95e-22	4.85e-16	4.65e-11	6.04e-07	6.56e-04	9.99e-01	0.00e+00	0.00e+00
 9.26104e+13	8.27e-22	6.32e-16	5.69e-11	6.92e-07	7.03e-04	9.99e-01	0.00e+00	0.00e+00
 9.60841e+13	1.18e-21	8.42e-16	7.07e-11	8.01e-07	7.58e-04	9.99e-01	0.00e+00	0.00e+00
 9.93549e+13	1.63e-21	1.09e-15	8.62e-11	9.15e-07	8.11e-04	9.99e-01	0.00e+00	0.00e+00
 1.02924e+14	2.29e-21	1.44e-15	1.06e-10	1.05e-06	8.72e-04	9.99e-01	0.00e+00	0.00e+00
 1.06890e+14	3.30e-21	1.93e-15	1.33e-10	1.23e-06	9.41e-04	9.99e-01	0.00e+00	0.00e+00
 1.10593e+14	4.58e-21	2.51e-15	1.62e-10	1.40e-06	1.01e-03	9.99e-01	0.00e+00	0.00e+00
 1.14609e+14	6.44e-21	3.31e-15	2.00e-10	1.62e-06	1.09e-03	9.99e-01	0.00e+00	0.00e+00
 1.19100e+14	9.30e-21	4.45e-15	2.51e-10	1.89e-06	1.17e-03	9.99e-01	0.00e+00	0.00e+00
 1.23372e+14	1.30e-20	5.85e-15	3.09e-10	2.17e-06	1.26e-03	9.99e-01	0.00e+00	0.00e+00
 1.27938e+14	1.84e-20	7.72e-15	3.82e-10	2.51e-06	1.36e-03	9.99e-01	0.00e+00	0.00e+00
 1.33086e+14	2.67e-20	1.05e-14	4.82e-10	2.94e-06	1.48e-03	9.99e-01	0.00e+00	0.00e+00
 1.38165e+14	3.79e-20	1.39e-14	6.01e-10	3.42e-06	1.60e-03	9.98e-01	0.00e+00	0.00e+00
 1.43447e+14	5.40e-20	1.85e-14	7.49e-10	3.97e-06	1.73e-03	9.98e-01	0.00e+00	0.00e+00
 1.49215e+14	7.80e-20	2.50e-14	9.44e-10	4.65e-06	1.88e-03	9.98e-01	0.00e+00	0.00e+00
 1.54919e+14	1.10e-19	3.32e-14	1.17e-09	5.41e-06	2.03e-03	9.98e-01	0.00e+00	0.00e+00
 1.59667e+14	1.46e-19	4.17e-14	1.40e-09	6.10e-06	2.16e-03	9.98e-01	0.00e+00	0.00e+00
 1.63497e+14	1.81e-19	4.98e-14	1.61e-09	6.71e-06	2.27e-03	9.98e-01	0.00e+00	0.00e+00
 1.67742e+14	2.29e-19	6.02e-14	1.87e-09	7.44e-06	2.40e-03	9.98e-01	0.00e+00	0.00e+00
 1.73260e+14	3.06e-19	7.66e-14	2.26e-09	8.48e-06	2.58e-03	9.97e-01	0.00e+00	0.00e+00
 1.79177e+14	4.15e-19	9.83e-14	2.74e-09	9.71e-06	2.77e-03	9.97e-01	0.00e+00	0.00e+00
 1.84430e+14	5.37e-19	1.22e-13	3.24e-09	1.09e-05	2.95e-03	9.97e-01	0.00e+00	0.00e+00
 1.90075e+14	7.03e-19	1.52e-13	3.86e-09	1.23e-05	3.15e-03	9.97e-01	0.00e+00	0.00e+00
 1.97146e+14	9.71e-19	1.98e-13	4.77e-09	1.43e-05	3.41e-03	9.97e-01	0.00e+00	0.00e+00
 2.04315e+14	1.33e-18	2.57e-13	5.87e-09	1.65e-05	3.69e-03	9.96e-01	0.00e+00	0.00e+00
 2.10527e+14	1.73e-18	3.20e-13	6.98e-09	1.86e-05	3.94e-03	9.96e-01	0.00e+00	0.00e+00
 2.17250e+14	2.26e-18	4.01e-13	8.37e-09	2.11e-05	4.22e-03	9.96e-01	0.00e+00	0.00e+00
 2.25485e+14	3.12e-18	5.24e-13	1.04e-08	2.45e-05	4.59e-03	9.95e-01	0.00e+00	0.00e+00
 2.33819e+14	4.25e-18	6.79e-13	1.28e-08	2.84e-05	4.97e-03	9.95e-01	0.00e+00	0.00e+00
 2.41251e+14	5.54e-18	8.48e-13	1.53e-08	3.22e-05	5.33e-03	9.95e-01	0.00e+00	0.00e+00
 2.49379e+14	7.34e-18	1.07e-12	1.85e-08	3.68e-05	5.74e-03	9.94e-01	0.00e+00	0.00e+00
 2.59067e+14	1.01e-17	1.41e-12	2.31e-08	4.29e-05	6.26e-03	9.94e-01	0.00e+00	0.00e+00
 2.68640e+14	1.37e-17	1.82e-12	2.85e-08	4.96e-05	6.79e-03	9.93e-01	0.00e+00	0.00e+00
 2.77310e+14	1.79e-17	2.28e-12	3.42e-08	5.64e-05	7.30e-03	9.93e-01	0.00e+00	0.00e+00
 2.86952e+14	2.38e-17	2.91e-12	4.17e-08	6.47e-05	7.88e-03	9.92e-01	0.00e+00	0.00e+00
 2.98264e+14	3.29e-17	3.82e-12	5.21e-08	7.55e-05	8.60e-03	9.91e-01	0.00e+00	0.00e+00
 3.09405e+14	4.46e-17	4.95e-12	6.45e-08	8.75e-05	9.35e-03	9.91e-01	0.00e+00	0.00e+00
 3.19790e+14	5.87e-17	6.25e-12	7.81e-08	9.99e-05	1.01e-02	9.90e-01	0.00e+00	0.00e+00
 3.31409e+14	7.91e-17	8.04e-12	9.61e-08	1.15e-04	1.09e-02	9.89e-01	0.00e+00	0.00e+00
 3.44695e+14	1.10e-16	1.06e-11	1.21e-07	1.35e-04	1.19e-02	9.88e-01	0.00e+00	0.00e+00
 3.57818e+14	1.78e-16	1.39e-11	1.50e-07	1.57e-04	1.30e-02	9.87e-01	0.00e+00	0.00e+00
 3.71465e+14	2.46e-16	1.81e-11	1.87e-07	1.82e-04	1.41e-02	9.86e-01	0.00e+00	0.00e+00
 3.83867e+14	3.26e-16	2.29e-11	2.27e-07	2.08e-04	1.52e-02	9.85e-01	0.00e+00	0.00e+00
 3.93143e+14	4.00e-16	2.71e-11	2.61e-07	2.29e-04	1.61e-02	9.84e-01	0.00e+00	0.00e+00
 4.02740e+14	4.92e-16	3.22e-11	3.01e-07	2.52e-04	1.70e-02	9.83e-01	0.00e+00	0.00e+00
 4.15215e+14	6.39e-16	4.01e-11	3.60e-07	2.84e-04	1.82e-02	9.82e-01	0.00e+00	0.00e+00
 4.28774e+14	8.45e-16	5.05e-11	4.36e-07	3.24e-04	1.96e-02	9.80e-01	0.00e+00	0.00e+00
 4.41047e+14	1.08e-15	6.20e-11	5.15e-07	3.62e-04	2.08e-02	9.79e-01	0.00e+00	0.00e+00
 4.54306e+14	1.40e-15	7.68e-11	6.14e-07	4.08e-04	2.23e-02	9.77e-01	0.00e+00	0.00e+00
 4.71051e+14	1.92e-15	9.99e-11	7.62e-07	4.72e-04	2.42e-02	9.75e-01	0.00e+00	0.00e+00
 4.87914e+14	2.61e-15	1.29e-10	9.40e-07	5.43e-04	2.62e-02	9.73e-01	0.00e+00	0.00e+00
 5.02149e+14	3.36e-15	1.59e-10	1.12e-06	6.09e-04	2.79e-02	9.72e-01	0.00e+00	0.00e+00
 5.17381e+14	4.37e-15	1.98e-10	1.33e-06	6.87e-04	2.98e-02	9.70e-01	0.00e+00	0.00e+00
 5.36526e+14	5.92e-15	2.60e-10	1.66e-06	7.94e-04	3.23e-02	9.67e-01	0.00e+00	0.00e+00
 5.56607e+14	8.20e-15	3.41e-10	2.07e-06	9.20e-04	3.51e-02	9.64e-01	0.00e+00	0.00e+00
 5.74777e+14	1.09e-14	4.33e-10	2.51e-06	1.05e-03	3.76e-02	9.61e-01	0.00e+00	0.00e+00
 5.94611e+14	1.48e-14	5.57e-10	3.08e-06	1.20e-03	4.06e-02	9.58e-01	0.00e+00	0.00e+00
 6.17952e+14	2.09e-14	7.44e-10	3.89e-06	1.40e-03	4.42e-02	9.54e-01	0.00e+00	0.00e+00
 6.40798e+14	2.89e-14	9.75e-10	4.84e-06	1.62e-03	4.78e-02	9.51e-01	0.00e+00	0.00e+00
 6.61786e+14	3.87e-14	1.25e-09	5.89e-06	1.84e-03	5.13e-02	9.47e-01	0.00e+00	0.00e+00
 6.85413e+14	5.32e-14	1.62e-09	7.29e-06	2.12e-03	5.53e-02	9.43e-01	0.00e+00	0.00e+00
 7.12758e+14	7.60e-14	2.19e-09	9.24e-06	2.48e-03	6.02e-02	9.37e-01	0.00e+00	0.00e+00
 7.39517e+14	1.07e-13	2.90e-09	1.16e-05	2.87e-03	6.52e-02	9.32e-01	0.00e+00	0.00e+00
 7.64896e+14	1.45e-13	3.76e-09	1.42e-05	3.29e-03	7.01e-02	9.27e-01	0.00e+00	0.00e+00
 7.93072e+14	2.03e-13	4.95e-09	1.77e-05	3.80e-03	7.57e-02	9.20e-01	0.00e+00	0.00e+00
 8.19797e+14	2.75e-13	6.39e-09	2.17e-05	4.33e-03	8.12e-02	9.14e-01	0.00e+00	0.00e+00
 8.39805e+14	3.43e-13	7.70e-09	2.51e-05	4.77e-03	8.55e-02	9.10e-01	0.00e+00	0.00e+00
 8.60153e+14	4.29e-13	9.27e-09	2.91e-05	5.25e-03	8.99e-02	9.05e-01	0.00e+00	0.00e+00
 8.86605e+14	5.68e-13	1.17e-08	3.50e-05	5.92e-03	9.58e-02	8.98e-01	0.00e+00	0.00e+00
 9.15336e+14	7.63e-13	1.50e-08	4.25e-05	6.72e-03	1.02e-01	8.91e-01	0.00e+00	0.00e+00
 9.41200e+14	9.90e-13	1.86e-08	5.03e-05	7.51e-03	1.08e-01	8.84e-01	0.00e+00	0.00e+00
 9.68993e+14	1.30e-12	2.33e-08	6.01e-05	8.43e-03	1.15e-01	8.76e-01	0.00e+00	0.00e+00
 1.00441e+15	1.82e-12	3.09e-08	7.49e-05	9.72e-03	1.24e-01	8.66e-01	0.00e+00	0.00e+00
 1.04016e+15	2.51e-12	4.04e-08	9.25e-05	1.11e-02	1.33e-01	8.56e-01	0.00e+00	0.00e+00
 1.06997e+15	3.27e-12	5.04e-08	1.10e-04	1.25e-02	1.41e-01	8.47e-01	0.00e+00	0.00e+00
 1.10166e+15	4.31e-12	6.33e-08	1.31e-04	1.40e-02	1.49e-01	8.37e-01	0.00e+00	0.00e+00
 1.14198e+15	6.02e-12	8.37e-08	1.63e-04	1.61e-02	1.60e-01	8.24e-01	0.00e+00	0.00e+00
 1.18417e+15	8.43e-12	1.11e-07	2.03e-04	1.85e-02	1.71e-01	8.10e-01	0.00e+00	0.00e+00
 1.22121e+15	1.12e-11	1.41e-07	2.44e-04	2.08e-02	1.82e-01	7.97e-01	0.00e+00	0.00e+00
 1.26089e+15	1.51e-11	1.81e-07	2.96e-04	2.35e-02	1.93e-01	7.83e-01	0.00e+00	0.00e+00
 1.30901e+15	2.14e-11	2.41e-07	3.70e-04	2.71e-02	2.06e-01	7.66e-01	0.00e+00	0.00e+00
 1.35683e+15	2.98e-11	3.18e-07	4.58e-04	3.11e-02	2.20e-01	7.48e-01	0.00e+00	0.00e+00
 1.39915e+15	3.95e-11	4.03e-07	5.50e-04	3.49e-02	2.32e-01	7.32e-01	0.00e+00	0.00e+00
 1.44556e+15	5.34e-11	5.17e-07	6.66e-04	3.93e-02	2.46e-01	7.14e-01	0.00e+00	0.00e+00
 1.49658e+15	7.31e-11	6.73e-07	8.16e-04	4.47e-02	2.60e-01	6.94e-01	0.00e+00	0.00e+00
 1.54336e+15	9.65e-11	8.49e-07	9.76e-04	4.99e-02	2.73e-01	6.76e-01	0.00e+00	0.00e+00
 1.58352e+15	1.22e-10	1.03e-06	1.13e-03	5.47e-02	2.85e-01	6.60e-01	0.00e+00	0.00e+00
 1.62530e+15	1.55e-10	1.26e-06	1.32e-03	6.01e-02	2.96e-01	6.43e-01	0.00e+00	0.00e+00
 1.67242e+15	2.00e-10	1.56e-06	1.55e-03	6.64e-02	3.09e-01	6.23e-01	0.00e+00	0.00e+00
 1.71734e+15	2.54e-10	1.90e-06	1.80e-03	7.28e-02	3.21e-01	6.05e-01	0.00e+00	0.00e+00
 1.76661e+15	3.29e-10	2.36e-06	2.12e-03	8.02e-02	3.33e-01	5.84e-01	0.00e+00	0.00e+00
 1.82060e+15	4.31e-10	2.95e-06	2.50e-03	8.87e-02	3.47e-01	5.62e-01	0.00e+00	0.00e+00
 1.87026e+15	5.47e-10	3.59e-06	2.91e-03	9.70e-02	3.58e-01	5.42e-01	0.00e+00	0.00e+00
 1.92437e+15	7.08e-10	4.45e-06	3.41e-03	1.06e-01	3.70e-01	5.20e-01	0.00e+00	0.00e+00
 1.98465e+15	9.28e-10	5.56e-06	4.03e-03	1.17e-01	3.83e-01	4.95e-01	0.00e+00	0.00e+00
 2.04182e+15	1.19e-09	6.83e-06	4.69e-03	1.28e-01	3.94e-01	4.73e-01	0.00e+00	0.00e+00
 2.10504e+15	1.56e-09	8.53e-06	5.52e-03	1.41e-01	4.05e-01	4.48e-01	0.00e+00	0.00e+00
 2.17412e+15	2.06e-09	1.07e-05	6.54e-03	1.55e-01	4.16e-01	4.22e-01	0.00e+00	0.00e+00
 2.23660e+15	2.63e-09	1.31e-05	7.57e-03	1.68e-01	4.25e-01	3.99e-01	0.00e+00	0.00e+00
 2.30359e+15	3.40e-09	1.62e-05	8.82e-03	1.83e-01	4.33e-01	3.75e-01	0.00e+00	0.00e+00
 2.37808e+15	4.45e-09	2.01e-05	1.04e-02	1.99e-01	4.41e-01	3.50e-01	0.00e+00	0.00e+00
 2.44825e+15	5.68e-09	2.46e-05	1.20e-02	2.15e-01	4.46e-01	3.27e-01	0.00e+00	0.00e+00
 2.52539e+15	7.41e-09	3.05e-05	1.39e-02	2.33e-01	4.51e-01	3.02e-01	0.00e+00	0.00e+00
 2.60969e+15	9.71e-09	3.79e-05	1.63e-02	2.53e-01	4.54e-01	2.78e-01	0.00e+00	0.00e+00
 2.68276e+15	1.21e-08	4.54e-05	1.86e-02	2.69e-01	4.54e-01	2.57e-01	0.00e+00	0.00e+00
 2.74669e+15	1.47e-08	5.30e-05	2.07e-02	2.84e-01	4.54e-01	2.41e-01	0.00e+00	0.00e+00
 2.81927e+15	1.83e-08	6.31e-05	2.34e-02	3.01e-01	4.53e-01	2.22e-01	0.00e+00	0.00e+00
 2.89939e+15	2.30e-08	7.57e-05	2.67e-02	3.20e-01	4.50e-01	2.03e-01	0.00e+00	0.00e+00
 2.97346e+15	2.81e-08	8.88e-05	2.98e-02	3.37e-01	4.46e-01	1.87e-01	0.00e+00	0.00e+00
 3.04120e+15	3.36e-08	1.02e-04	3.29e-02	3.52e-01	4.42e-01	1.74e-01	0.00e+00	0.00e+00
 3.11659e+15	4.12e-08	1.20e-04	3.68e-02	3.69e-01	4.35e-01	1.59e-01	0.00e+00	0.00e+00
 3.19875e+15	5.06e-08	1.41e-04	4.12e-02	3.86e-01	4.28e-01	1.44e-01	0.00e+00	0.00e+00
 3.27652e+15	6.12e-08	1.64e-04	4.56e-02	4.03e-01	4.20e-01	1.32e-01	0.00e+00	0.00e+00
 3.35205e+15	7.33e-08	1.89e-04	5.03e-02	4.18e-01	4.11e-01	1.20e-01	0.00e+00	0.00e+00
 3.43784e+15	9.04e-08	2.22e-04	5.61e-02	4.35e-01	4.00e-01	1.08e-01	0.00e+00	0.00e+00
 3.53257e+15	1.12e-07	2.62e-04	6.28e-02	4.53e-01	3.88e-01	9.59e-02	0.00e+00	0.00e+00
 3.62022e+15	1.36e-07	3.04e-04	6.95e-02	4.69e-01	3.75e-01	8.59e-02	0.00e+00	0.00e+00
 3.70105e+15	1.62e-07	3.48e-04	7.61e-02	4.83e-01	3.64e-01	7.74e-02	0.00e+00	0.00e+00
 3.79168e+15	1.98e-07	4.07e-04	8.43e-02	4.97e-01	3.50e-01	6.85e-02	0.00e+00	0.00e+00
 3.89197e+15	2.45e-07	4.78e-04	9.39e-02	5.12e-01	3.34e-01	5.98e-02	0.00e+00	0.00e+00
 3.98479e+15	2.95e-07	5.51e-04	1.03e-01	5.24e-01	3.19e-01	5.28e-02	0.00e+00	0.00e+00
 4.07110e+15	3.51e-07	6.30e-04	1.13e-01	5.35e-01	3.05e-01	4.68e-02	0.00e+00	0.00e+00
 4.16899e+15	4.33e-07	7.38e-04	1.25e-01	5.46e-01	2.88e-01	4.05e-02	0.00e+00	0.00e+00
 4.27021e+15	5.28e-07	8.58e-04	1.38e-01	5.55e-01	2.71e-01	3.49e-02	0.00e+00	0.00e+00
 4.35472e+15	6.23e-07	9.72e-04	1.49e-01	5.62e-01	2.57e-01	3.07e-02	0.00e+00	0.00e+00
 4.44357e+15	7.48e-07	1.11e-03	1.63e-01	5.67e-01	2.42e-01	2.67e-02	0.00e+00	0.00e+00
 4.54003e+15	9.09e-07	1.29e-03	1.78e-01	5.72e-01	2.26e-01	2.28e-02	0.00e+00	0.00e+00
 4.62559e+15	1.07e-06	1.46e-03	1.93e-01	5.74e-01	2.12e-01	1.98e-02	0.00e+00	0.00e+00
 4.69460e+15	1.23e-06	1.62e-03	2.05e-01	5.75e-01	2.00e-01	1.76e-02	0.00e+00	0.00e+00
 4.75295e+15	1.38e-06	1.77e-03	2.17e-01	5.75e-01	1.91e-01	1.59e-02	0.00e+00	0.00e+00
 4.81890e+15	1.58e-06	1.96e-03	2.30e-01	5.74e-01	1.80e-01	1.40e-02	0.00e+00	0.00e+00
 4.89089e+15	1.85e-06	2.20e-03	2.46e-01	5.71e-01	1.68e-01	1.22e-02	0.00e+00	0.00e+00
 4.95395e+15	2.10e-06	2.42e-03	2.60e-01	5.68e-01	1.58e-01	1.08e-02	0.00e+00	0.00e+00
 5.01024e+15	2.35e-06	2.63e-03	2.74e-01	5.65e-01	1.49e-01	9.66e-03	0.00e+00	0.00e+00
 5.07452e+15	2.66e-06	2.89e-03	2.90e-01	5.59e-01	1.39e-01	8.45e-03	0.00e+00	0.00e+00
 5.14650e+15	3.11e-06	3.25e-03	3.09e-01	5.52e-01	1.28e-01	7.20e-03	0.00e+00	0.00e+00
 5.21017e+15	3.68e-06	3.66e-03	3.28e-01	5.44e-01	1.18e-01	6.18e-03	0.00e+00	0.00e+00
 5.25982e+15	4.10e-06	3.97e-03	3.43e-01	5.37e-01	1.11e-01	5.48e-03	0.00e+00	0.00e+00
 5.30954e+15	4.53e-06	4.29e-03	3.58e-01	5.29e-01	1.04e-01	4.85e-03	0.00e+00	0.00e+00
 5.37419e+15	5.28e-06	4.80e-03	3.79e-01	5.18e-01	9.43e-02	4.08e-03	0.00e+00	0.00e+00
 5.43992e+15	6.19e-06	5.39e-03	4.01e-01	5.05e-01	8.52e-02	3.39e-03	0.00e+00	0.00e+00
 5.49170e+15	7.31e-06	6.06e-03	4.21e-01	4.92e-01	7.78e-02	2.87e-03	0.00e+00	0.00e+00
 5.53221e+15	7.87e-06	6.42e-03	4.35e-01	4.83e-01	7.28e-02	2.56e-03	0.00e+00	0.00e+00
 5.57346e+15	8.81e-06	6.96e-03	4.51e-01	4.73e-01	6.73e-02	2.23e-03	0.00e+00	0.00e+00
 5.62710e+15	1.05e-05	7.89e-03	4.73e-01	4.57e-01	6.02e-02	1.82e-03	0.00e+00	0.00e+00
 5.68011e+15	1.18e-05	8.58e-03	4.92e-01	4.43e-01	5.42e-02	1.53e-03	0.00e+00	0.00e+00
 5.73234e+15	1.37e-05	9.58e-03	5.14e-01	4.27e-01	4.81e-02	1.24e-03	0.00e+00	0.00e+00
 5.78623e+15	1.61e-05	1.07e-02	5.36e-01	4.10e-01	4.23e-02	9.95e-04	0.00e+00	0.00e+00
 5.83026e+15	1.90e-05	1.20e-02	5.55e-01	3.94e-01	3.76e-02	8.08e-04	0.00e+00	0.00e+00
 5.86633e+15	2.12e-05	1.30e-02	5.70e-01	3.82e-01	3.41e-02	6.85e-04	0.00e+00	0.00e+00
 5.90409e+15	2.40e-05	1.42e-02	5.86e-01	3.68e-01	3.05e-02	5.66e-04	0.00e+00	0.00e+00
 5.95318e+15	2.85e-05	1.60e-02	6.07e-01	3.50e-01	2.62e-02	4.35e-04	0.00e+00	0.00e+00
 5.99529e+15	3.16e-05	1.73e-02	6.22e-01	3.37e-01	2.32e-02	3.57e-04	0.00e+00	0.00e+00
 6.02219e+15	3.56e-05	1.87e-02	6.34e-01	3.25e-01	2.11e-02	3.01e-04	0.00e+00	0.00e+00
 6.04518e+15	3.85e-05	1.98e-02	6.43e-01	3.17e-01	1.95e-02	2.64e-04	0.00e+00	0.00e+00
 6.06922e+15	4.19e-05	2.10e-02	6.53e-01	3.08e-01	1.79e-02	2.28e-04	0.00e+00	0.00e+00
 6.10046e+15	4.72e-05	2.27e-02	6.65e-01	2.96e-01	1.59e-02	1.86e-04	0.00e+00	0.00e+00
 6.13318e+15	5.29e-05	2.46e-02	6.77e-01	2.85e-01	1.40e-02	1.52e-04	0.00e+00	0.00e+00
 6.16164e+15	5.85e-05	2.64e-02	6.86e-01	2.74e-01	1.26e-02	1.26e-04	0.00e+00	0.00e+00
 6.19250e+15	6.60e-05	2.87e-02	6.97e-01	2.63e-01	1.10e-02	1.01e-04	0.00e+00	0.00e+00
 6.22542e+15	7.44e-05	3.11e-02	7.08e-01	2.51e-01	9.63e-03	8.04e-05	0.00e+00	0.00e+00
 6.25467e+15	8.29e-05	3.35e-02	7.17e-01	2.41e-01	8.49e-03	6.50e-05	0.00e+00	0.00e+00
 6.28197e+15	9.18e-05	3.59e-02	7.24e-01	2.32e-01	7.53e-03	5.31e-05	0.00e+00	0.00e+00
 6.31310e+15	1.04e-04	3.90e-02	7.33e-01	2.21e-01	6.51e-03	4.16e-05	0.00e+00	0.00e+00
 6.34642e+15	1.18e-04	4.24e-02	7.42e-01	2.10e-01	5.58e-03	3.22e-05	0.00e+00	0.00e+00
 6.37602e+15	1.31e-04	4.57e-02	7.48e-01	2.01e-01	4.86e-03	2.55e-05	0.00e+00	0.00e+00
 6.40364e+15	1.46e-04	4.91e-02	7.54e-01	1.92e-01	4.25e-03	2.03e-05	0.00e+00	0.00e+00
 6.43524e+15	1.65e-04	5.33e-02	7.61e-01	1.82e-01	3.62e-03	1.56e-05	0.00e+00	0.00e+00
 6.46939e+15	1.89e-04	5.82e-02	7.66e-01	1.72e-01	3.05e-03	1.17e-05	0.00e+00	0.00e+00
 6.49982e+15	2.12e-04	6.28e-02	7.71e-01	1.64e-01	2.62e-03	9.06e-06	0.00e+00	0.00e+00
 6.52810e+15	2.37e-04	6.76e-02	7.74e-01	1.55e-01	2.25e-03	7.07e-06	0.00e+00	0.00e+00
 6.56061e+15	2.69e-04	7.35e-02	7.78e-01	1.46e-01	1.89e-03	5.28e-06	0.00e+00	0.00e+00
 6.59603e+15	3.09e-04	8.05e-02	7.81e-01	1.37e-01	1.56e-03	3.86e-06	0.00e+00	0.00e+00
 6.62767e+15	3.50e-04	8.73e-02	7.82e-01	1.29e-01	1.32e-03	2.91e-06	0.00e+00	0.00e+00
 6.65659e+15	3.91e-04	9.38e-02	7.83e-01	1.22e-01	1.13e-03	2.24e-06	0.00e+00	0.00e+00
 6.68952e+15	4.48e-04	1.02e-01	7.83e-01	1.14e-01	9.29e-04	1.64e-06	0.00e+00	0.00e+00
 6.72492e+15	5.17e-04	1.12e-01	7.81e-01	1.05e-01	7.59e-04	1.18e-06	0.00e+00	0.00e+00
 6.75652e+15	5.86e-04	1.22e-01	7.79e-01	9.83e-02	6.32e-04	8.74e-07	0.00e+00	0.00e+00
 6.78611e+15	6.63e-04	1.32e-01	7.75e-01	9.18e-02	5.29e-04	0.00e+00	0.00e+00	0.00e+00
 6.82012e+15	7.61e-04	1.43e-01	7.71e-01	8.47e-02	4.31e-04	0.00e+00	0.00e+00	0.00e+00
 6.85781e+15	8.92e-04	1.58e-01	7.63e-01	7.70e-02	3.41e-04	0.00e+00	0.00e+00	0.00e+00
 6.89177e+15	1.03e-03	1.73e-01	7.55e-01	7.02e-02	2.75e-04	0.00e+00	0.00e+00	0.00e+00
 6.92150e+15	1.17e-03	1.88e-01	7.46e-01	6.46e-02	2.26e-04	0.00e+00	0.00e+00	0.00e+00
 6.95425e+15	1.35e-03	2.05e-01	7.35e-01	5.86e-02	1.81e-04	0.00e+00	0.00e+00	0.00e+00
 6.99683e+15	1.63e-03	2.30e-01	7.17e-01	5.12e-02	1.34e-04	0.00e+00	0.00e+00	0.00e+00
 7.03944e+15	1.99e-03	2.58e-01	6.95e-01	4.43e-02	9.89e-05	0.00e+00	0.00e+00	0.00e+00
 7.07229e+15	2.31e-03	2.83e-01	6.76e-01	3.92e-02	7.73e-05	0.00e+00	0.00e+00	0.00e+00
 7.10522e+15	2.70e-03	3.09e-01	6.53e-01	3.44e-02	5.94e-05	0.00e+00	0.00e+00	0.00e+00
 7.14803e+15	3.31e-03	3.47e-01	6.21e-01	2.86e-02	4.16e-05	0.00e+00	0.00e+00	0.00e+00
 7.19210e+15	4.11e-03	3.91e-01	5.81e-01	2.32e-02	2.83e-05	0.00e+00	0.00e+00	0.00e+00
 7.22718e+15	4.90e-03	4.30e-01	5.45e-01	1.92e-02	2.03e-05	0.00e+00	0.00e+00	0.00e+00
 7.25655e+15	5.70e-03	4.66e-01	5.12e-01	1.62e-02	1.50e-05	0.00e+00	0.00e+00	0.00e+00
 7.28907e+15	6.73e-03	5.06e-01	4.74e-01	1.32e-02	1.06e-05	0.00e+00	0.00e+00	0.00e+00
 7.33136e+15	8.37e-03	5.62e-01	4.20e-01	9.79e-03	6.48e-06	0.00e+00	0.00e+00	0.00e+00
 7.37254e+15	1.04e-02	6.19e-01	3.63e-01	7.02e-03	3.84e-06	0.00e+00	0.00e+00	0.00e+00
 7.39987e+15	1.22e-02	6.60e-01	3.23e-01	5.44e-03	2.60e-06	0.00e+00	0.00e+00	0.00e+00
 7.41819e+15	1.35e-02	6.86e-01	2.96e-01	4.54e-03	1.98e-06	0.00e+00	0.00e+00	0.00e+00
 7.43721e+15	1.49e-02	7.12e-01	2.69e-01	3.72e-03	1.47e-06	0.00e+00	0.00e+00	0.00e+00
 7.46192e+15	1.71e-02	7.45e-01	2.35e-01	2.82e-03	9.75e-07	0.00e+00	0.00e+00	0.00e+00
 7.48775e+15	1.98e-02	7.78e-01	2.00e-01	2.05e-03	0.00e+00	0.00e+00	0.00e+00	0.00e+00
 7.50862e+15	2.24e-02	8.04e-01	1.72e-01	1.54e-03	0.00e+00	0.00e+00	0.00e+00	0.00e+00
 7.52546e+15	2.47e-02	8.22e-01	1.52e-01	1.21e-03	0.00e+00	0.00e+00	0.00e+00	0.00e+00
 7.54347e+15	2.75e-02	8.41e-01	1.31e-01	9.14e-04	0.00e+00	0.00e+00	0.00e+00	0.00e+00
 7.56367e+15	3.11e-02	8.59e-01	1.10e-01	6.57e-04	0.00e+00	0.00e+00	0.00e+00	0.00e+00
 7.58217e+15	3.49e-02	8.73e-01	9.16e-02	4.73e-04	0.00e+00	0.00e+00	0.00e+00	0.00e+00
 7.59811e+15	3.87e-02	8.84e-01	7.74e-02	3.49e-04	0.00e+00	0.00e+00	0.00e+00	0.00e+00
 7.61285e+15	4.25e-02	8.91e-01	6.61e-02	2.62e-04	0.00e+00	0.00e+00	0.00e+00	0.00e+00
 7.62710e+15	4.67e-02	8.97e-01	5.59e-02	1.94e-04	0.00e+00	0.00e+00	0.00e+00	0.00e+00
 7.64315e+15	5.21e-02	9.02e-01	4.60e-02	1.37e-04	0.00e+00	0.00e+00	0.00e+00	0.00e+00
 7.66078e+15	5.89e-02	9.04e-01	3.66e-02	9.13e-05	0.00e+00	0.00e+00	0.00e+00	0.00e+00
 7.67616e+15	6.58e-02	9.05e-01	2.94e-02	6.24e-05	0.00e+00	0.00e+00	0.00e+00	0.00e+00
 7.68917e+15	7.24e-02	9.03e-01	2.44e-02	4.47e-05	0.00e+00	0.00e+00	0.00e+00	0.00e+00
 7.70342e+15	8.04e-02	9.00e-01	1.96e-02	3.05e-05	0.00e+00	0.00e+00	0.00e+00	0.00e+00
 7.71940e+15	9.08e-02	8.94e-01	1.52e-02	1.96e-05	0.00e+00	0.00e+00	0.00e+00	0.00e+00
 7.73424e+15	1.02e-01	8.86e-01	1.18e-02	1.26e-05	0.00e+00	0.00e+00	0.00e+00	0.00e+00
 7.74617e+15	1.12e-01	8.79e-01	9.55e-03	8.77e-06	0.00e+00	0.00e+00	0.00e+00	0.00e+00
 7.75573e+15	1.20e-01	8.72e-01	8.01e-03	6.48e-06	0.00e+00	0.00e+00	0.00e+00	0.00e+00
 7.76559e+15	1.30e-01	8.63e-01	6.66e-03	4.70e-06	0.00e+00	0.00e+00	0.00e+00	0.00e+00
 7.77662e+15	1.42e-01	8.53e-01	5.39e-03	3.26e-06	0.00e+00	0.00e+00	0.00e+00	0.00e+00
 7.78722e+15	1.54e-01	8.42e-01	4.37e-03	2.27e-06	0.00e+00	0.00e+00	0.00e+00	0.00e+00
 7.79614e+15	1.65e-01	8.32e-01	3.64e-03	1.66e-06	0.00e+00	0.00e+00	0.00e+00	0.00e+00
 7.80400e+15	1.75e-01	8.22e-01	3.09e-03	1.26e-06	0.00e+00	0.00e+00	0.00e+00	0.00e+00
 7.81020e+15	1.83e-01	8.14e-01	2.72e-03	1.01e-06	0.00e+00	0.00e+00	0.00e+00	0.00e+00
 7.81453e+15	1.89e-01	8.09e-01	2.48e-03	8.61e-07	0.00e+00	0.00e+00	0.00e+00	0.00e+00
 7.81862e+15	1.95e-01	8.03e-01	2.27e-03	0.00e+00	0.00e+00	0.00e+00	0.00e+00	0.00e+00
 7.82333e+15	2.02e-01	7.96e-01	2.05e-03	0.00e+00	0.00e+00	0.00e+00	0.00e+00	0.00e+00
 7.82842e+15	2.09e-01	7.89e-01	1.83e-03	0.00e+00	0.00e+00	0.00e+00	0.00e+00	0.00e+00
 7.83334e+15	2.16e-01	7.82e-01	1.64e-03	0.00e+00	0.00e+00	0.00e+00	0.00e+00	0.00e+00
 7.83801e+15	2.24e-01	7.75e-01	1.48e-03	0.00e+00	0.00e+00	0.00e+00	0.00e+00	0.00e+00
 7.84265e+15	2.31e-01	7.68e-01	1.33e-03	0.00e+00	0.00e+00	0.00e+00	0.00e+00	0.00e+00
 7.84732e+15	2.38e-01	7.60e-01	1.20e-03	0.00e+00	0.00e+00	0.00e+00	0.00e+00	0.00e+00
 7.85201e+15	2.46e-01	7.53e-01	1.08e-03	0.00e+00	0.00e+00	0.00e+00	0.00e+00	0.00e+00
 7.85664e+15	2.54e-01	7.45e-01	9.68e-04	0.00e+00	0.00e+00	0.00e+00	0.00e+00	0.00e+00
 7.86126e+15	2.62e-01	7.37e-01	8.69e-04	0.00e+00	0.00e+00	0.00e+00	0.00e+00	0.00e+00
 7.86591e+15	2.70e-01	7.30e-01	7.80e-04	0.00e+00	0.00e+00	0.00e+00	0.00e+00	0.00e+00
 7.87049e+15	2.77e-01	7.22e-01	7.01e-04	0.00e+00	0.00e+00	0.00e+00	0.00e+00	0.00e+00
 7.87502e+15	2.85e-01	7.14e-01	6.30e-04	0.00e+00	0.00e+00	0.00e+00	0.00e+00	0.00e+00
 7.87962e+15	2.94e-01	7.06e-01	5.65e-04	0.00e+00	0.00e+00	0.00e+00	0.00e+00	0.00e+00
 7.88422e+15	3.02e-01	6.98e-01	5.06e-04	0.00e+00	0.00e+00	0.00e+00	0.00e+00	0.00e+00
 7.88881e+15	3.10e-01	6.89e-01	4.54e-04	0.00e+00	0.00e+00	0.00e+00	0.00e+00	0.00e+00
 7.89340e+15	3.19e-01	6.81e-01	4.07e-04	0.00e+00	0.00e+00	0.00e+00	0.00e+00	0.00e+00
 7.89801e+15	3.27e-01	6.72e-01	3.64e-04	0.00e+00	0.00e+00	0.00e+00	0.00e+00	0.00e+00
 7.90263e+15	3.36e-01	6.63e-01	3.26e-04	0.00e+00	0.00e+00	0.00e+00	0.00e+00	0.00e+00
 7.90729e+15	3.46e-01	6.54e-01	2.91e-04	0.00e+00	0.00e+00	0.00e+00	0.00e+00	0.00e+00
 7.91204e+15	3.55e-01	6.45e-01	2.60e-04	0.00e+00	0.00e+00	0.00e+00	0.00e+00	0.00e+00
 7.91674e+15	3.64e-01	6.36e-01	2.33e-04	0.00e+00	0.00e+00	0.00e+00	0.00e+00	0.00e+00
 7.92145e+15	3.74e-01	6.26e-01	2.08e-04	0.00e+00	0.00e+00	0.00e+00	0.00e+00	0.00e+00
 7.92626e+15	3.83e-01	6.17e-01	1.85e-04	0.00e+00	0.00e+00	0.00e+00	0.00e+00	0.00e+00
 7.93111e+15	3.93e-01	6.07e-01	1.65e-04	0.00e+00	0.00e+00	0.00e+00	0.00e+00	0.00e+00
 7.93594e+15	4.04e-01	5.96e-01	1.48e-04	0.00e+00	0.00e+00	0.00e+00	0.00e+00	0.00e+00
 7.94076e+15	4.14e-01	5.86e-01	1.32e-04	0.00e+00	0.00e+00	0.00e+00	0.00e+00	0.00e+00
 7.94558e+15	4.24e-01	5.76e-01	1.18e-04	0.00e+00	0.00e+00	0.00e+00	0.00e+00	0.00e+00
 7.95046e+15	4.35e-01	5.65e-01	1.06e-04	0.00e+00	0.00e+00	0.00e+00	0.00e+00	0.00e+00
 7.95541e+15	4.46e-01	5.54e-01	9.48e-05	0.00e+00	0.00e+00	0.00e+00	0.00e+00	0.00e+00
 7.96043e+15	4.57e-01	5.43e-01	8.49e-05	0.00e+00	0.00e+00	0.00e+00	0.00e+00	0.00e+00
 7.96554e+15	4.69e-01	5.31e-01	7.61e-05	0.00e+00	0.00e+00	0.00e+00	0.00e+00	0.00e+00
 7.97078e+15	4.81e-01	5.19e-01	6.82e-05	0.00e+00	0.00e+00	0.00e+00	0.00e+00	0.00e+00
 7.97615e+15	4.94e-01	5.06e-01	6.11e-05	0.00e+00	0.00e+00	0.00e+00	0.00e+00	0.00e+00
 7.98172e+15	5.06e-01	4.94e-01	5.48e-05	0.00e+00	0.00e+00	0.00e+00	0.00e+00	0.00e+00
 7.98754e+15	5.20e-01	4.80e-01	4.89e-05	0.00e+00	0.00e+00	0.00e+00	0.00e+00	0.00e+00
 7.99358e+15	5.34e-01	4.66e-01	4.38e-05	0.00e+00	0.00e+00	0.00e+00	0.00e+00	0.00e+00
 7.99989e+15	5.49e-01	4.51e-01	3.92e-05	0.00e+00	0.00e+00	0.00e+00	0.00e+00	0.00e+00
 8.00664e+15	5.63e-01	4.37e-01	3.51e-05	0.00e+00	0.00e+00	0.00e+00	0.00e+00	0.00e+00
 8.01401e+15	5.79e-01	4.21e-01	3.13e-05	0.00e+00	0.00e+00	0.00e+00	0.00e+00	0.00e+00
 8.02204e+15	5.95e-01	4.05e-01	2.79e-05	0.00e+00	0.00e+00	0.00e+00	0.00e+00	0.00e+00
 8.03075e+15	6.12e-01	3.88e-01	2.49e-05	0.00e+00	0.00e+00	0.00e+00	0.00e+00	0.00e+00
 8.04041e+15	6.28e-01	3.72e-01	2.22e-05	0.00e+00	0.00e+00	0.00e+00	0.00e+00	0.00e+00
 8.05140e+15	6.48e-01	3.52e-01	1.96e-05	0.00e+00	0.00e+00	0.00e+00	0.00e+00	0.00e+00
 8.06312e+15	6.63e-01	3.37e-01	1.77e-05	0.00e+00	0.00e+00	0.00e+00	0.00e+00	0.00e+00
 8.07475e+15	6.79e-01	3.21e-01	1.60e-05	0.00e+00	0.00e+00	0.00e+00	0.00e+00	0.00e+00
 8.08631e+15	6.94e-01	3.06e-01	1.46e-05	0.00e+00	0.00e+00	0.00e+00	0.00e+00	0.00e+00
 8.09930e+15	7.05e-01	2.95e-01	1.34e-05	0.00e+00	0.00e+00	0.00e+00	0.00e+00	0.00e+00
 8.11438e+15	7.20e-01	2.80e-01	1.21e-05	0.00e+00	0.00e+00	0.00e+00	0.00e+00	0.00e+00
 8.13060e+15	7.34e-01	2.66e-01	1.10e-05	0.00e+00	0.00e+00	0.00e+00	0.00e+00	0.00e+00
 8.14777e+15	7.48e-01	2.52e-01	1.00e-05	0.00e+00	0.00e+00	0.00e+00	0.00e+00	0.00e+00
 8.16574e+15	7.61e-01	2.39e-01	9.07e-06	0.00e+00	0.00e+00	0.00e+00	0.00e+00	0.00e+00
 8.18426e+15	7.74e-01	2.26e-01	8.22e-06	0.00e+00	0.00e+00	0.00e+00	0.00e+00	0.00e+00
 8.20301e+15	7.87e-01	2.13e-01	7.44e-06	0.00e+00	0.00e+00	0.00e+00	0.00e+00	0.00e+00
 8.22174e+15	7.99e-01	2.01e-01	6.73e-06	0.00e+00	0.00e+00	0.00e+00	0.00e+00	0.00e+00
 8.24031e+15	8.11e-01	1.89e-01	6.09e-06	0.00e+00	0.00e+00	0.00e+00	0.00e+00	0.00e+00
 8.25863e+15	8.22e-01	1.78e-01	5.52e-06	0.00e+00	0.00e+00	0.00e+00	0.00e+00	0.00e+00
 8.27665e+15	8.32e-01	1.68e-01	5.00e-06	0.00e+00	0.00e+00	0.00e+00	0.00e+00	0.00e+00
 8.29436e+15	8.42e-01	1.58e-01	4.54e-06	0.00e+00	0.00e+00	0.00e+00	0.00e+00	0.00e+00
 8.31174e+15	8.52e-01	1.48e-01	4.12e-06	0.00e+00	0.00e+00	0.00e+00	0.00e+00	0.00e+00
 8.32880e+15	8.61e-01	1.39e-01	3.74e-06	0.00e+00	0.00e+00	0.00e+00	0.00e+00	0.00e+00
 8.34553e+15	8.70e-01	1.30e-01	3.38e-06	0.00e+00	0.00e+00	0.00e+00	0.00e+00	0.00e+00
 8.36236e+15	8.77e-01	1.23e-01	3.08e-06	0.00e+00	0.00e+00	0.00e+00	0.00e+00	0.00e+00
 8.37869e+15	8.85e-01	1.15e-01	2.79e-06	0.00e+00	0.00e+00	0.00e+00	0.00e+00	0.00e+00
 8.39443e+15	8.92e-01	1.08e-01	2.54e-06	0.00e+00	0.00e+00	0.00e+00	0.00e+00	0.00e+00
 8.41022e+15	8.99e-01	1.01e-01	2.31e-06	0.00e+00	0.00e+00	0.00e+00	0.00e+00	0.00e+00
 8.42571e+15	9.05e-01	9.46e-02	2.10e-06	0.00e+00	0.00e+00	0.00e+00	0.00e+00	0.00e+00
 8.44077e+15	9.11e-01	8.88e-02	1.92e-06	0.00e+00	0.00e+00	0.00e+00	0.00e+00	0.00e+00
 8.45547e+15	9.17e-01	8.34e-02	1.75e-06	0.00e+00	0.00e+00	0.00e+00	0.00e+00	0.00e+00
 8.46979e+15	9.22e-01	7.84e-02	1.61e-06	0.00e+00	0.00e+00	0.00e+00	0.00e+00	0.00e+00
 8.48386e+15	9.26e-01	7.38e-02	1.47e-06	0.00e+00	0.00e+00	0.00e+00	0.00e+00	0.00e+00
 8.49797e+15	9.31e-01	6.93e-02	1.35e-06	0.00e+00	0.00e+00	0.00e+00	0.00e+00	0.00e+00
 8.51205e+15	9.35e-01	6.51e-02	1.23e-06	0.00e+00	0.00e+00	0.00e+00	0.00e+00	0.00e+00
 8.52594e+15	9.39e-01	6.12e-02	1.13e-06	0.00e+00	0.00e+00	0.00e+00	0.00e+00	0.00e+00
 8.53960e+15	9.42e-01	5.76e-02	1.04e-06	0.00e+00	0.00e+00	0.00e+00	0.00e+00	0.00e+00
 8.55309e+15	9.46e-01	5.42e-02	9.55e-07	0.00e+00	0.00e+00	0.00e+00	0.00e+00	0.00e+00
 8.56647e+15	9.49e-01	5.10e-02	8.78e-07	0.00e+00	0.00e+00	0.00e+00	0.00e+00	0.00e+00
 8.57973e+15	9.52e-01	4.80e-02	8.07e-07	0.00e+00	0.00e+00	0.00e+00	0.00e+00	0.00e+00
 8.59288e+15	9.55e-01	4.53e-02	7.43e-07	0.00e+00	0.00e+00	0.00e+00	0.00e+00	0.00e+00
 8.60593e+15	9.57e-01	4.27e-02	6.85e-07	0.00e+00	0.00e+00	0.00e+00	0.00e+00	0.00e+00
 8.61891e+15	9.60e-01	4.02e-02	6.32e-07	0.00e+00	0.00e+00	0.00e+00	0.00e+00	0.00e+00
 8.63184e+15	9.62e-01	3.79e-02	5.83e-07	0.00e+00	0.00e+00	0.00e+00	0.00e+00	0.00e+00
 8.64474e+15	9.64e-01	3.58e-02	5.38e-07	0.00e+00	0.00e+00	0.00e+00	0.00e+00	0.00e+00
 8.65763e+15	9.66e-01	3.38e-02	4.97e-07	0.00e+00	0.00e+00	0.00e+00	0.00e+00	0.00e+00
 8.67053e+15	9.68e-01	3.19e-02	4.59e-07	0.00e+00	0.00e+00	0.00e+00	0.00e+00	0.00e+00
 8.68348e+15	9.70e-01	3.01e-02	4.24e-07	0.00e+00	0.00e+00	0.00e+00	0.00e+00	0.00e+00
 8.69660e+15	9.72e-01	2.84e-02	3.91e-07	0.00e+00	0.00e+00	0.00e+00	0.00e+00	0.00e+00
 8.71006e+15	9.73e-01	2.68e-02	3.61e-07	0.00e+00	0.00e+00	0.00e+00	0.00e+00	0.00e+00
 8.72392e+15	9.75e-01	2.52e-02	3.32e-07	0.00e+00	0.00e+00	0.00e+00	0.00e+00	0.00e+00
 8.73807e+15	9.76e-01	2.37e-02	3.05e-07	0.00e+00	0.00e+00	0.00e+00	0.00e+00	0.00e+00
 8.75256e+15	9.78e-01	2.23e-02	2.81e-07	0.00e+00	0.00e+00	0.00e+00	0.00e+00	0.00e+00
 8.76755e+15	9.79e-01	2.10e-02	2.57e-07	0.00e+00	0.00e+00	0.00e+00	0.00e+00	0.00e+00
 8.78324e+15	9.80e-01	1.97e-02	2.35e-07	0.00e+00	0.00e+00	0.00e+00	0.00e+00	0.00e+00
 8.79986e+15	9.82e-01	1.84e-02	2.14e-07	0.00e+00	0.00e+00	0.00e+00	0.00e+00	0.00e+00
 8.81773e+15	9.83e-01	1.71e-02	1.94e-07	0.00e+00	0.00e+00	0.00e+00	0.00e+00	0.00e+00
 8.83737e+15	9.84e-01	1.59e-02	1.74e-07	0.00e+00	0.00e+00	0.00e+00	0.00e+00	0.00e+00
 8.85962e+15	9.85e-01	1.46e-02	1.55e-07	0.00e+00	0.00e+00	0.00e+00	0.00e+00	0.00e+00
 8.88502e+15	9.87e-01	1.33e-02	1.36e-07	0.00e+00	0.00e+00	0.00e+00	0.00e+00	0.00e+00
 8.91130e+15	9.88e-01	1.22e-02	1.19e-07	0.00e+00	0.00e+00	0.00e+00	0.00e+00	0.00e+00
 8.93569e+15	9.89e-01	1.13e-02	1.07e-07	0.00e+00	0.00e+00	0.00e+00	0.00e+00	0.00e+00
 8.95790e+15	9.89e-01	1.06e-02	9.68e-08	0.00e+00	0.00e+00	0.00e+00	0.00e+00	0.00e+00
 8.97810e+15	9.90e-01	9.99e-03	8.87e-08	0.00e+00	0.00e+00	0.00e+00	0.00e+00	0.00e+00
 8.99649e+15	9.90e-01	9.50e-03	8.22e-08	0.00e+00	0.00e+00	0.00e+00	0.00e+00	0.00e+00
 9.01322e+15	9.91e-01	9.10e-03	7.69e-08	0.00e+00	0.00e+00	0.00e+00	0.00e+00	0.00e+00
 9.02844e+15	9.91e-01	8.76e-03	7.24e-08	0.00e+00	0.00e+00	0.00e+00	0.00e+00	0.00e+00
 9.04230e+15	9.92e-01	8.45e-03	6.86e-08	0.00e+00	0.00e+00	0.00e+00	0.00e+00	0.00e+00
 9.05491e+15	9.92e-01	8.21e-03	6.55e-08	0.00e+00	0.00e+00	0.00e+00	0.00e+00	0.00e+00
 9.06872e+15	9.92e-01	7.96e-03	6.21e-08	0.00e+00	0.00e+00	0.00e+00	0.00e+00	0.00e+00
 9.08669e+15	9.92e-01	7.63e-03	5.80e-08	0.00e+00	0.00e+00	0.00e+00	0.00e+00	0.00e+00
