#depth	C	C+	C+2	C+3	C+4	C+5	C+6	C[1]	C[2]	C[3]	C+[1]	C+[2]	CO
 1.49634e+10	4.27e-45	6.14e-34	7.21e-24	2.62e-14	3.18e-04	4.61e-01	5.39e-01	0.00e+00	0.00e+00	0.00e+00	0.00e+00	0.00e+00	5.51e-143
 4.54887e+10	0.00e+00	8.72e-34	9.47e-24	3.18e-14	3.56e-04	4.80e-01	5.19e-01	0.00e+00	0.00e+00	0.00e+00	0.00e+00	0.00e+00	1.58e-198
 7.72350e+10	1.02e-44	1.25e-33	1.25e-23	3.89e-14	4.02e-04	5.00e-01	4.99e-01	0.00e+00	0.00e+00	0.00e+00	0.00e+00	0.00e+00	5.42e-142
 1.10251e+11	0.00e+00	1.79e-33	1.66e-23	4.75e-14	4.54e-04	5.20e-01	4.79e-01	0.00e+00	0.00e+00	0.00e+00	0.00e+00	0.00e+00	6.96e-198
 1.44588e+11	2.45e-44	2.57e-33	2.20e-23	5.80e-14	5.11e-04	5.40e-01	4.59e-01	0.00e+00	0.00e+00	0.00e+00	0.00e+00	0.00e+00	5.38e-141
 1.80298e+11	0.00e+00	3.67e-33	2.90e-23	7.07e-14	5.76e-04	5.60e-01	4.40e-01	0.00e+00	0.00e+00	0.00e+00	0.00e+00	0.00e+00	5.55e-186
 2.14807e+11	5.71e-44	5.12e-33	3.75e-23	8.49e-14	6.41e-04	5.78e-01	4.21e-01	0.00e+00	0.00e+00	0.00e+00	0.00e+00	0.00e+00	4.93e-140
 2.47080e+11	0.00e+00	6.91e-33	4.74e-23	1.00e-13	7.08e-04	5.94e-01	4.05e-01	0.00e+00	0.00e+00	0.00e+00	0.00e+00	0.00e+00	2.77e-185
 2.83274e+11	1.23e-43	9.59e-33	6.11e-23	1.20e-13	7.88e-04	6.12e-01	3.88e-01	0.00e+00	0.00e+00	0.00e+00	0.00e+00	0.00e+00	3.70e-139
 3.23501e+11	0.00e+00	1.35e-32	7.98e-23	1.45e-13	8.80e-04	6.30e-01	3.69e-01	0.00e+00	0.00e+00	0.00e+00	0.00e+00	0.00e+00	1.13e-184
 3.62226e+11	2.79e-43	1.87e-32	1.02e-22	1.73e-13	9.75e-04	6.47e-01	3.52e-01	0.00e+00	0.00e+00	0.00e+00	0.00e+00	0.00e+00	3.21e-138
 4.03531e+11	0.00e+00	2.61e-32	1.32e-22	2.07e-13	1.09e-03	6.64e-01	3.35e-01	0.00e+00	0.00e+00	0.00e+00	0.00e+00	0.00e+00	5.20e-184
 4.49599e+11	6.49e-43	3.71e-32	1.74e-22	2.51e-13	1.21e-03	6.81e-01	3.18e-01	0.00e+00	0.00e+00	0.00e+00	0.00e+00	0.00e+00	2.97e-137
 4.95904e+11	0.00e+00	5.23e-32	2.27e-22	3.02e-13	1.35e-03	6.98e-01	3.01e-01	0.00e+00	0.00e+00	0.00e+00	0.00e+00	0.00e+00	2.42e-183
 5.44060e+11	1.51e-42	7.38e-32	2.96e-22	3.65e-13	1.51e-03	7.14e-01	2.85e-01	0.00e+00	0.00e+00	0.00e+00	0.00e+00	0.00e+00	2.76e-136
 5.95750e+11	0.00e+00	1.05e-31	3.89e-22	4.42e-13	1.68e-03	7.30e-01	2.68e-01	0.00e+00	0.00e+00	0.00e+00	0.00e+00	0.00e+00	1.10e-182
 6.49506e+11	3.61e-42	1.50e-31	5.11e-22	5.35e-13	1.88e-03	7.46e-01	2.53e-01	0.00e+00	0.00e+00	0.00e+00	0.00e+00	0.00e+00	2.78e-135
 7.05413e+11	0.00e+00	2.14e-31	6.72e-22	6.47e-13	2.09e-03	7.61e-01	2.37e-01	0.00e+00	0.00e+00	0.00e+00	0.00e+00	0.00e+00	4.97e-182
 7.63557e+11	8.64e-42	3.05e-31	8.83e-22	7.83e-13	2.33e-03	7.75e-01	2.23e-01	0.00e+00	0.00e+00	0.00e+00	0.00e+00	0.00e+00	2.82e-134
 8.24026e+11	0.00e+00	4.34e-31	1.16e-21	9.47e-13	2.60e-03	7.88e-01	2.09e-01	0.00e+00	0.00e+00	0.00e+00	0.00e+00	0.00e+00	2.02e-181
 8.86914e+11	2.07e-41	6.20e-31	1.53e-21	1.14e-12	2.90e-03	8.01e-01	1.96e-01	0.00e+00	0.00e+00	0.00e+00	0.00e+00	0.00e+00	2.87e-133
 9.52317e+11	0.00e+00	8.84e-31	2.00e-21	1.38e-12	3.22e-03	8.14e-01	1.83e-01	0.00e+00	0.00e+00	0.00e+00	0.00e+00	0.00e+00	6.19e-181
 1.02034e+12	4.99e-41	1.26e-30	2.63e-21	1.67e-12	3.59e-03	8.26e-01	1.71e-01	0.00e+00	0.00e+00	0.00e+00	0.00e+00	0.00e+00	2.94e-132
 1.08443e+12	0.00e+00	1.74e-30	3.37e-21	1.99e-12	3.95e-03	8.36e-01	1.60e-01	0.00e+00	0.00e+00	0.00e+00	0.00e+00	0.00e+00	3.49e-182
 1.14197e+12	1.05e-40	2.31e-30	4.19e-21	2.31e-12	4.29e-03	8.44e-01	1.52e-01	0.00e+00	0.00e+00	0.00e+00	0.00e+00	0.00e+00	2.13e-131
 1.20666e+12	0.00e+00	3.14e-30	5.31e-21	2.72e-12	4.71e-03	8.53e-01	1.43e-01	0.00e+00	0.00e+00	0.00e+00	0.00e+00	0.00e+00	0.00e+00
 1.28305e+12	2.37e-40	4.45e-30	6.94e-21	3.27e-12	5.22e-03	8.62e-01	1.33e-01	0.00e+00	0.00e+00	0.00e+00	0.00e+00	0.00e+00	1.84e-130
 1.35969e+12	0.00e+00	6.24e-30	8.99e-21	3.91e-12	5.76e-03	8.70e-01	1.24e-01	0.00e+00	0.00e+00	0.00e+00	0.00e+00	0.00e+00	0.00e+00
 1.43193e+12	5.25e-40	8.49e-30	1.14e-20	4.60e-12	6.30e-03	8.78e-01	1.16e-01	0.00e+00	0.00e+00	0.00e+00	0.00e+00	0.00e+00	1.53e-129
 1.51167e+12	0.00e+00	1.18e-29	1.47e-20	5.48e-12	6.94e-03	8.85e-01	1.08e-01	0.00e+00	0.00e+00	0.00e+00	0.00e+00	0.00e+00	0.00e+00
 1.60207e+12	1.23e-39	1.69e-29	1.93e-20	6.62e-12	7.70e-03	8.92e-01	1.00e-01	0.00e+00	0.00e+00	0.00e+00	0.00e+00	0.00e+00	1.47e-128
 1.69270e+12	0.00e+00	2.40e-29	2.52e-20	7.94e-12	8.52e-03	8.98e-01	9.31e-02	0.00e+00	0.00e+00	0.00e+00	0.00e+00	0.00e+00	0.00e+00
 1.78695e+12	2.93e-39	3.40e-29	3.30e-20	9.55e-12	9.42e-03	9.04e-01	8.62e-02	0.00e+00	0.00e+00	0.00e+00	0.00e+00	0.00e+00	1.45e-127
 1.88836e+12	0.00e+00	4.89e-29	4.36e-20	1.15e-11	1.04e-02	9.10e-01	7.96e-02	0.00e+00	0.00e+00	0.00e+00	0.00e+00	0.00e+00	0.00e+00
 1.98354e+12	6.89e-39	6.79e-29	5.60e-20	1.37e-11	1.15e-02	9.15e-01	7.40e-02	0.00e+00	0.00e+00	0.00e+00	0.00e+00	0.00e+00	1.40e-126
 2.06865e+12	0.00e+00	9.02e-29	6.96e-20	1.59e-11	1.24e-02	9.18e-01	6.94e-02	0.00e+00	0.00e+00	0.00e+00	0.00e+00	0.00e+00	0.00e+00
 2.16438e+12	1.44e-38	1.23e-28	8.84e-20	1.87e-11	1.36e-02	9.22e-01	6.47e-02	0.00e+00	0.00e+00	0.00e+00	0.00e+00	0.00e+00	9.89e-126
 2.27782e+12	0.00e+00	1.76e-28	1.16e-19	2.26e-11	1.50e-02	9.25e-01	5.96e-02	0.00e+00	0.00e+00	0.00e+00	0.00e+00	0.00e+00	0.00e+00
 2.39167e+12	3.45e-38	2.49e-28	1.51e-19	2.70e-11	1.65e-02	9.28e-01	5.50e-02	0.00e+00	0.00e+00	0.00e+00	0.00e+00	0.00e+00	9.89e-125
 2.49836e+12	0.00e+00	3.40e-28	1.92e-19	3.18e-11	1.80e-02	9.31e-01	5.11e-02	0.00e+00	0.00e+00	0.00e+00	0.00e+00	0.00e+00	0.00e+00
 2.61651e+12	7.72e-38	4.76e-28	2.49e-19	3.78e-11	1.98e-02	9.33e-01	4.73e-02	0.00e+00	0.00e+00	0.00e+00	0.00e+00	0.00e+00	8.29e-124
 2.75110e+12	0.00e+00	6.89e-28	3.30e-19	4.58e-11	2.19e-02	9.35e-01	4.33e-02	0.00e+00	0.00e+00	0.00e+00	0.00e+00	0.00e+00	0.00e+00
 2.88357e+12	1.89e-37	9.78e-28	4.32e-19	5.50e-11	2.41e-02	9.36e-01	3.98e-02	0.00e+00	0.00e+00	0.00e+00	0.00e+00	0.00e+00	8.76e-123
 3.02135e+12	0.00e+00	1.39e-27	5.65e-19	6.60e-11	2.66e-02	9.37e-01	3.66e-02	0.00e+00	0.00e+00	0.00e+00	0.00e+00	0.00e+00	0.00e+00
 3.17213e+12	4.64e-37	2.02e-27	7.52e-19	8.00e-11	2.94e-02	9.37e-01	3.34e-02	0.00e+00	0.00e+00	0.00e+00	0.00e+00	0.00e+00	9.35e-122
 3.32364e+12	0.00e+00	2.89e-27	9.91e-19	9.65e-11	3.24e-02	9.37e-01	3.05e-02	0.00e+00	0.00e+00	0.00e+00	0.00e+00	0.00e+00	0.00e+00
 3.48122e+12	1.14e-36	4.15e-27	1.31e-18	1.16e-10	3.57e-02	9.36e-01	2.79e-02	0.00e+00	0.00e+00	0.00e+00	0.00e+00	0.00e+00	9.89e-121
 3.65039e+12	0.00e+00	6.04e-27	1.74e-18	1.41e-10	3.95e-02	9.35e-01	2.54e-02	0.00e+00	0.00e+00	0.00e+00	0.00e+00	0.00e+00	0.00e+00
 3.81820e+12	2.82e-36	8.64e-27	2.29e-18	1.70e-10	4.34e-02	9.33e-01	2.32e-02	0.00e+00	0.00e+00	0.00e+00	0.00e+00	0.00e+00	1.08e-119
 3.99272e+12	0.00e+00	1.24e-26	3.02e-18	2.04e-10	4.77e-02	9.31e-01	2.11e-02	0.00e+00	0.00e+00	0.00e+00	0.00e+00	0.00e+00	0.00e+00
 4.18236e+12	7.03e-36	1.80e-26	4.03e-18	2.48e-10	5.27e-02	9.28e-01	1.92e-02	0.00e+00	0.00e+00	0.00e+00	0.00e+00	0.00e+00	1.18e-118
 4.37958e+12	0.00e+00	2.62e-26	5.38e-18	3.01e-10	5.81e-02	9.25e-01	1.74e-02	0.00e+00	0.00e+00	0.00e+00	0.00e+00	0.00e+00	0.00e+00
 4.58469e+12	1.79e-35	3.82e-26	7.18e-18	3.66e-10	6.41e-02	9.20e-01	1.57e-02	0.00e+00	0.00e+00	0.00e+00	0.00e+00	0.00e+00	1.36e-117
 4.79801e+12	0.00e+00	5.56e-26	9.60e-18	4.45e-10	7.07e-02	9.15e-01	1.42e-02	0.00e+00	0.00e+00	0.00e+00	0.00e+00	0.00e+00	0.00e+00
 4.99046e+12	4.28e-35	7.71e-26	1.24e-17	5.27e-10	7.69e-02	9.10e-01	1.30e-02	0.00e+00	0.00e+00	0.00e+00	0.00e+00	0.00e+00	1.34e-116
 5.15001e+12	0.00e+00	1.00e-25	1.51e-17	6.03e-10	8.22e-02	9.06e-01	1.21e-02	0.00e+00	0.00e+00	0.00e+00	0.00e+00	0.00e+00	9.69e-100
 5.32446e+12	8.37e-35	1.32e-25	1.87e-17	6.97e-10	8.83e-02	9.01e-01	1.12e-02	0.00e+00	0.00e+00	0.00e+00	0.00e+00	0.00e+00	0.00e+00
 5.54649e+12	1.28e-34	1.86e-25	2.44e-17	8.32e-10	9.63e-02	8.94e-01	1.01e-02	0.00e+00	0.00e+00	0.00e+00	0.00e+00	0.00e+00	2.35e-115
 5.77861e+12	1.96e-34	2.63e-25	3.19e-17	9.95e-10	1.05e-01	8.86e-01	9.16e-03	0.00e+00	0.00e+00	0.00e+00	0.00e+00	0.00e+00	3.32e-97
 5.98324e+12	2.81e-34	3.52e-25	4.00e-17	1.16e-09	1.13e-01	8.79e-01	8.41e-03	0.00e+00	0.00e+00	0.00e+00	0.00e+00	0.00e+00	0.00e+00
 6.17248e+12	3.89e-34	4.58e-25	4.90e-17	1.33e-09	1.21e-01	8.72e-01	7.78e-03	0.00e+00	0.00e+00	0.00e+00	0.00e+00	0.00e+00	4.33e-114
 6.38711e+12	5.54e-34	6.09e-25	6.12e-17	1.54e-09	1.30e-01	8.63e-01	7.13e-03	0.00e+00	0.00e+00	0.00e+00	0.00e+00	0.00e+00	3.22e-96
 6.65355e+12	8.46e-34	8.58e-25	7.99e-17	1.84e-09	1.41e-01	8.53e-01	6.42e-03	0.00e+00	0.00e+00	0.00e+00	0.00e+00	0.00e+00	0.00e+00
 6.91976e+12	1.27e-33	1.19e-24	1.03e-16	2.18e-09	1.53e-01	8.42e-01	5.80e-03	0.00e+00	0.00e+00	0.00e+00	0.00e+00	0.00e+00	9.73e-113
 7.14760e+12	1.77e-33	1.56e-24	1.27e-16	2.51e-09	1.63e-01	8.32e-01	5.32e-03	0.00e+00	0.00e+00	0.00e+00	0.00e+00	0.00e+00	4.06e-95
 7.39315e+12	2.50e-33	2.06e-24	1.58e-16	2.90e-09	1.74e-01	8.21e-01	4.86e-03	0.00e+00	0.00e+00	0.00e+00	0.00e+00	0.00e+00	5.84e-112
 7.69753e+12	3.77e-33	2.88e-24	2.05e-16	3.44e-09	1.89e-01	8.07e-01	4.36e-03	0.00e+00	0.00e+00	0.00e+00	0.00e+00	0.00e+00	2.11e-94
 8.01059e+12	5.64e-33	3.99e-24	2.65e-16	4.08e-09	2.04e-01	7.92e-01	3.90e-03	0.00e+00	0.00e+00	0.00e+00	0.00e+00	0.00e+00	5.07e-111
 8.29313e+12	7.98e-33	5.28e-24	3.30e-16	4.72e-09	2.17e-01	7.79e-01	3.54e-03	0.00e+00	0.00e+00	0.00e+00	0.00e+00	0.00e+00	1.09e-93
 8.60380e+12	1.15e-32	7.11e-24	4.15e-16	5.51e-09	2.33e-01	7.64e-01	3.19e-03	0.00e+00	0.00e+00	0.00e+00	0.00e+00	0.00e+00	3.42e-110
 8.96994e+12	1.74e-32	9.92e-24	5.39e-16	6.54e-09	2.51e-01	7.46e-01	2.83e-03	0.00e+00	0.00e+00	0.00e+00	0.00e+00	0.00e+00	5.97e-93
 9.33613e+12	2.57e-32	1.36e-23	6.91e-16	7.71e-09	2.69e-01	7.28e-01	2.52e-03	0.00e+00	0.00e+00	0.00e+00	0.00e+00	0.00e+00	2.98e-109
 9.68391e+12	3.66e-32	1.82e-23	8.65e-16	8.94e-09	2.87e-01	7.11e-01	2.26e-03	0.00e+00	0.00e+00	0.00e+00	0.00e+00	0.00e+00	3.08e-92
 1.00681e+13	5.31e-32	2.46e-23	1.10e-15	1.04e-08	3.06e-01	6.92e-01	2.01e-03	0.00e+00	0.00e+00	0.00e+00	0.00e+00	0.00e+00	2.16e-108
 1.05008e+13	7.92e-32	3.40e-23	1.41e-15	1.23e-08	3.27e-01	6.71e-01	1.77e-03	0.00e+00	0.00e+00	0.00e+00	0.00e+00	0.00e+00	1.71e-91
 1.09333e+13	1.16e-31	4.62e-23	1.79e-15	1.44e-08	3.48e-01	6.50e-01	1.56e-03	0.00e+00	0.00e+00	0.00e+00	0.00e+00	0.00e+00	1.85e-107
 1.13161e+13	1.59e-31	5.99e-23	2.20e-15	1.64e-08	3.67e-01	6.32e-01	1.40e-03	0.00e+00	0.00e+00	0.00e+00	0.00e+00	0.00e+00	8.15e-91
 1.16373e+13	2.06e-31	7.38e-23	2.58e-15	1.83e-08	3.82e-01	6.16e-01	1.29e-03	0.00e+00	0.00e+00	0.00e+00	0.00e+00	0.00e+00	9.24e-107
 1.19829e+13	2.70e-31	9.16e-23	3.06e-15	2.04e-08	3.99e-01	6.00e-01	1.17e-03	0.00e+00	0.00e+00	0.00e+00	0.00e+00	0.00e+00	2.67e-90
 1.24322e+13	3.77e-31	1.20e-22	3.77e-15	2.33e-08	4.19e-01	5.80e-01	1.04e-03	0.00e+00	0.00e+00	0.00e+00	0.00e+00	0.00e+00	5.02e-106
 1.29023e+13	5.26e-31	1.57e-22	4.65e-15	2.67e-08	4.40e-01	5.59e-01	9.20e-04	0.00e+00	0.00e+00	0.00e+00	0.00e+00	0.00e+00	1.21e-89
 1.33034e+13	6.91e-31	1.96e-22	5.52e-15	2.98e-08	4.58e-01	5.41e-01	8.32e-04	0.00e+00	0.00e+00	0.00e+00	0.00e+00	0.00e+00	2.81e-105
 1.37289e+13	9.13e-31	2.45e-22	6.57e-15	3.32e-08	4.76e-01	5.23e-01	7.49e-04	0.00e+00	0.00e+00	0.00e+00	0.00e+00	0.00e+00	4.28e-89
 1.42637e+13	1.28e-30	3.21e-22	8.10e-15	3.80e-08	4.98e-01	5.01e-01	6.58e-04	0.00e+00	0.00e+00	0.00e+00	0.00e+00	0.00e+00	1.64e-104
 1.48143e+13	1.77e-30	4.19e-22	9.94e-15	4.32e-08	5.20e-01	4.80e-01	5.77e-04	0.00e+00	0.00e+00	0.00e+00	0.00e+00	0.00e+00	1.97e-88
 1.52997e+13	2.34e-30	5.24e-22	1.18e-14	4.82e-08	5.38e-01	4.61e-01	5.16e-04	0.00e+00	0.00e+00	0.00e+00	0.00e+00	0.00e+00	9.53e-104
 1.58267e+13	3.12e-30	6.61e-22	1.41e-14	5.39e-08	5.57e-01	4.42e-01	4.59e-04	0.00e+00	0.00e+00	0.00e+00	0.00e+00	0.00e+00	7.40e-88
 1.64085e+13	4.24e-30	8.45e-22	1.71e-14	6.06e-08	5.78e-01	4.22e-01	4.03e-04	0.00e+00	0.00e+00	0.00e+00	0.00e+00	0.00e+00	5.47e-103
 1.69447e+13	5.55e-30	1.05e-21	2.02e-14	6.72e-08	5.95e-01	4.04e-01	3.59e-04	0.00e+00	0.00e+00	0.00e+00	0.00e+00	0.00e+00	2.86e-87
 1.75251e+13	7.35e-30	1.31e-21	2.39e-14	7.48e-08	6.14e-01	3.86e-01	3.18e-04	0.00e+00	0.00e+00	0.00e+00	0.00e+00	0.00e+00	2.81e-102
 1.81723e+13	9.91e-30	1.67e-21	2.88e-14	8.38e-08	6.33e-01	3.67e-01	2.79e-04	0.00e+00	0.00e+00	0.00e+00	0.00e+00	0.00e+00	1.14e-86
 1.87785e+13	1.30e-29	2.07e-21	3.39e-14	9.26e-08	6.50e-01	3.50e-01	2.47e-04	0.00e+00	0.00e+00	0.00e+00	0.00e+00	0.00e+00	1.55e-101
 1.94386e+13	1.72e-29	2.60e-21	4.03e-14	1.03e-07	6.68e-01	3.32e-01	2.17e-04	0.00e+00	0.00e+00	0.00e+00	0.00e+00	0.00e+00	4.26e-86
 2.01721e+13	2.32e-29	3.30e-21	4.83e-14	1.15e-07	6.86e-01	3.14e-01	1.89e-04	0.00e+00	0.00e+00	0.00e+00	0.00e+00	0.00e+00	9.06e-101
 2.08568e+13	3.03e-29	4.09e-21	5.69e-14	1.27e-07	7.02e-01	2.98e-01	1.66e-04	0.00e+00	0.00e+00	0.00e+00	0.00e+00	0.00e+00	1.69e-85
 2.16029e+13	4.01e-29	5.11e-21	6.73e-14	1.40e-07	7.18e-01	2.82e-01	1.46e-04	0.00e+00	0.00e+00	0.00e+00	0.00e+00	0.00e+00	4.89e-100
 2.24371e+13	5.42e-29	6.49e-21	8.07e-14	1.56e-07	7.35e-01	2.65e-01	1.26e-04	0.00e+00	0.00e+00	0.00e+00	0.00e+00	0.00e+00	7.01e-85
 2.32237e+13	7.11e-29	8.06e-21	9.49e-14	1.72e-07	7.50e-01	2.50e-01	1.10e-04	0.00e+00	0.00e+00	0.00e+00	0.00e+00	0.00e+00	2.88e-99
 2.40843e+13	9.46e-29	1.01e-20	1.12e-13	1.90e-07	7.64e-01	2.36e-01	9.57e-05	0.00e+00	0.00e+00	0.00e+00	0.00e+00	0.00e+00	2.80e-84
 2.50482e+13	1.28e-28	1.29e-20	1.35e-13	2.12e-07	7.80e-01	2.20e-01	8.21e-05	0.00e+00	0.00e+00	0.00e+00	0.00e+00	0.00e+00	1.84e-98
 2.59619e+13	1.70e-28	1.61e-20	1.59e-13	2.33e-07	7.93e-01	2.07e-01	7.13e-05	0.00e+00	0.00e+00	0.00e+00	0.00e+00	0.00e+00	1.21e-83
 2.69409e+13	2.26e-28	2.01e-20	1.88e-13	2.57e-07	8.06e-01	1.94e-01	6.17e-05	0.00e+00	0.00e+00	0.00e+00	0.00e+00	0.00e+00	1.10e-97
 2.80485e+13	3.08e-28	2.57e-20	2.25e-13	2.85e-07	8.19e-01	1.81e-01	5.25e-05	0.00e+00	0.00e+00	0.00e+00	0.00e+00	0.00e+00	5.50e-83
 2.91453e+13	4.13e-28	3.24e-20	2.68e-13	3.15e-07	8.31e-01	1.68e-01	4.51e-05	0.00e+00	0.00e+00	0.00e+00	0.00e+00	0.00e+00	7.56e-97
 3.02860e+13	5.55e-28	4.09e-20	3.17e-13	3.47e-07	8.43e-01	1.57e-01	3.87e-05	0.00e+00	0.00e+00	0.00e+00	0.00e+00	0.00e+00	2.49e-82
 3.15274e+13	7.53e-28	5.20e-20	3.79e-13	3.83e-07	8.54e-01	1.46e-01	3.30e-05	0.00e+00	0.00e+00	0.00e+00	0.00e+00	0.00e+00	5.20e-96
 3.28184e+13	1.03e-27	6.63e-20	4.51e-13	4.22e-07	8.64e-01	1.36e-01	2.82e-05	0.00e+00	0.00e+00	0.00e+00	0.00e+00	0.00e+00	1.24e-81
 3.40443e+13	1.36e-27	8.23e-20	5.29e-13	4.62e-07	8.73e-01	1.27e-01	2.43e-05	0.00e+00	0.00e+00	0.00e+00	0.00e+00	0.00e+00	3.46e-95
 3.51431e+13	1.73e-27	9.95e-20	6.06e-13	4.99e-07	8.81e-01	1.19e-01	2.14e-05	0.00e+00	0.00e+00	0.00e+00	0.00e+00	0.00e+00	4.78e-81
 3.61663e+13	2.15e-27	1.18e-19	6.85e-13	5.34e-07	8.87e-01	1.13e-01	1.90e-05	0.00e+00	0.00e+00	0.00e+00	0.00e+00	0.00e+00	1.54e-94
 3.72977e+13	2.72e-27	1.42e-19	7.81e-13	5.74e-07	8.93e-01	1.07e-01	1.68e-05	0.00e+00	0.00e+00	0.00e+00	0.00e+00	0.00e+00	1.58e-80
 3.85726e+13	3.52e-27	1.73e-19	9.01e-13	6.21e-07	9.00e-01	1.00e-01	1.47e-05	0.00e+00	0.00e+00	0.00e+00	0.00e+00	0.00e+00	7.66e-94
 3.97931e+13	4.46e-27	2.08e-19	1.03e-12	6.68e-07	9.06e-01	9.43e-02	1.30e-05	0.00e+00	0.00e+00	0.00e+00	0.00e+00	0.00e+00	5.88e-80
 4.11391e+13	5.75e-27	2.53e-19	1.18e-12	7.21e-07	9.12e-01	8.84e-02	1.14e-05	0.00e+00	0.00e+00	0.00e+00	0.00e+00	0.00e+00	3.79e-93
 4.26366e+13	7.56e-27	3.13e-19	1.37e-12	7.82e-07	9.17e-01	8.26e-02	9.85e-06	0.00e+00	0.00e+00	0.00e+00	0.00e+00	0.00e+00	2.39e-79
 4.40141e+13	9.65e-27	3.78e-19	1.57e-12	8.40e-07	9.22e-01	7.77e-02	8.67e-06	0.00e+00	0.00e+00	0.00e+00	0.00e+00	0.00e+00	2.04e-92
 4.52932e+13	1.20e-26	4.47e-19	1.77e-12	8.96e-07	9.26e-01	7.35e-02	7.73e-06	0.00e+00	0.00e+00	0.00e+00	0.00e+00	0.00e+00	8.25e-79
 4.67613e+13	1.54e-26	5.40e-19	2.02e-12	9.61e-07	9.31e-01	6.92e-02	6.81e-06	0.00e+00	0.00e+00	0.00e+00	0.00e+00	0.00e+00	9.34e-92
 4.85578e+13	2.06e-26	6.76e-19	2.36e-12	1.04e-06	9.36e-01	6.43e-02	5.87e-06	0.00e+00	0.00e+00	0.00e+00	0.00e+00	0.00e+00	3.52e-78
 5.03496e+13	2.71e-26	8.36e-19	2.74e-12	1.13e-06	9.40e-01	5.99e-02	5.07e-06	0.00e+00	0.00e+00	0.00e+00	0.00e+00	0.00e+00	5.97e-91
 5.19076e+13	3.43e-26	1.00e-18	3.10e-12	1.21e-06	9.43e-01	5.65e-02	4.49e-06	0.00e+00	0.00e+00	0.00e+00	0.00e+00	0.00e+00	1.40e-77
 5.35936e+13	4.40e-26	1.21e-18	3.53e-12	1.29e-06	9.47e-01	5.32e-02	3.96e-06	0.00e+00	0.00e+00	0.00e+00	0.00e+00	0.00e+00	2.89e-90
 5.56524e+13	5.91e-26	1.51e-18	4.12e-12	1.40e-06	9.51e-01	4.94e-02	3.41e-06	0.00e+00	0.00e+00	0.00e+00	0.00e+00	0.00e+00	6.12e-77
 5.77502e+13	7.85e-26	1.88e-18	4.79e-12	1.52e-06	9.54e-01	4.60e-02	2.94e-06	0.00e+00	0.00e+00	0.00e+00	0.00e+00	0.00e+00	1.91e-89
 5.96452e+13	1.01e-25	2.28e-18	5.46e-12	1.62e-06	9.57e-01	4.32e-02	2.59e-06	0.00e+00	0.00e+00	0.00e+00	0.00e+00	0.00e+00	2.62e-76
 6.17223e+13	1.32e-25	2.79e-18	6.27e-12	1.74e-06	9.60e-01	4.05e-02	2.26e-06	0.00e+00	0.00e+00	0.00e+00	0.00e+00	0.00e+00	5.46e-76
 6.41692e+13	1.80e-25	3.53e-18	7.34e-12	1.89e-06	9.62e-01	3.76e-02	1.94e-06	0.00e+00	0.00e+00	0.00e+00	0.00e+00	0.00e+00	1.26e-75
 6.66102e+13	2.40e-25	4.39e-18	8.54e-12	2.04e-06	9.65e-01	3.49e-02	1.68e-06	0.00e+00	0.00e+00	0.00e+00	0.00e+00	0.00e+00	2.78e-75
 6.89057e+13	3.14e-25	5.37e-18	9.78e-12	2.19e-06	9.67e-01	3.27e-02	1.47e-06	0.00e+00	0.00e+00	0.00e+00	0.00e+00	0.00e+00	5.78e-75
 7.14489e+13	4.18e-25	6.68e-18	1.13e-11	2.36e-06	9.69e-01	3.05e-02	1.28e-06	0.00e+00	0.00e+00	0.00e+00	0.00e+00	0.00e+00	1.27e-74
 7.43367e+13	5.69e-25	8.44e-18	1.33e-11	2.56e-06	9.72e-01	2.82e-02	1.09e-06	0.00e+00	0.00e+00	0.00e+00	0.00e+00	0.00e+00	2.95e-74
 7.72194e+13	7.71e-25	1.06e-17	1.55e-11	2.76e-06	9.74e-01	2.63e-02	9.40e-07	0.00e+00	0.00e+00	0.00e+00	0.00e+00	0.00e+00	6.79e-74
 8.02173e+13	1.04e-24	1.33e-17	1.80e-11	2.99e-06	9.76e-01	2.44e-02	0.00e+00	0.00e+00	0.00e+00	0.00e+00	0.00e+00	0.00e+00	1.56e-73
 8.34559e+13	1.43e-24	1.69e-17	2.11e-11	3.23e-06	9.77e-01	2.26e-02	0.00e+00	0.00e+00	0.00e+00	0.00e+00	0.00e+00	0.00e+00	3.69e-73
 8.68241e+13	1.95e-24	2.13e-17	2.47e-11	3.50e-06	9.79e-01	2.09e-02	0.00e+00	0.00e+00	0.00e+00	0.00e+00	0.00e+00	0.00e+00	8.75e-73
 9.00749e+13	2.60e-24	2.65e-17	2.86e-11	3.77e-06	9.81e-01	1.95e-02	0.00e+00	0.00e+00	0.00e+00	0.00e+00	0.00e+00	0.00e+00	1.93e-72
 9.31183e+13	3.39e-24	3.23e-17	3.26e-11	4.03e-06	9.82e-01	1.83e-02	0.00e+00	0.00e+00	0.00e+00	0.00e+00	0.00e+00	0.00e+00	3.99e-72
 9.59896e+13	4.32e-24	3.88e-17	3.68e-11	4.28e-06	9.83e-01	1.72e-02	0.00e+00	0.00e+00	0.00e+00	0.00e+00	0.00e+00	0.00e+00	7.78e-72
 9.91210e+13	5.57e-24	4.69e-17	4.18e-11	4.56e-06	9.84e-01	1.62e-02	0.00e+00	0.00e+00	0.00e+00	0.00e+00	1.52e-17	3.18e-17	1.57e-71
 1.02601e+14	7.30e-24	5.75e-17	4.80e-11	4.89e-06	9.85e-01	1.51e-02	0.00e+00	0.00e+00	0.00e+00	0.00e+00	1.91e-17	3.84e-17	3.29e-71
 1.05860e+14	9.36e-24	6.93e-17	5.44e-11	5.21e-06	9.86e-01	1.43e-02	0.00e+00	0.00e+00	0.00e+00	0.00e+00	2.30e-17	4.63e-17	6.52e-71
 1.09420e+14	1.22e-23	8.46e-17	6.20e-11	5.56e-06	9.87e-01	1.34e-02	0.00e+00	0.00e+00	0.00e+00	0.00e+00	2.81e-17	5.65e-17	1.35e-70
 1.13437e+14	1.62e-23	1.05e-16	7.16e-11	5.97e-06	9.88e-01	1.25e-02	0.00e+00	0.00e+00	0.00e+00	0.00e+00	3.48e-17	6.99e-17	2.96e-70
 1.17292e+14	2.10e-23	1.27e-16	8.18e-11	6.39e-06	9.88e-01	1.17e-02	0.00e+00	0.00e+00	0.00e+00	0.00e+00	4.22e-17	8.50e-17	6.02e-70
 1.21540e+14	2.78e-23	1.57e-16	9.42e-11	6.86e-06	9.89e-01	1.09e-02	0.00e+00	0.00e+00	0.00e+00	0.00e+00	5.22e-17	1.05e-16	1.31e-69
 1.26308e+14	3.77e-23	1.98e-16	1.10e-10	7.40e-06	9.90e-01	1.01e-02	0.00e+00	0.00e+00	0.00e+00	0.00e+00	6.57e-17	1.32e-16	3.04e-69
 1.30867e+14	4.96e-23	2.43e-16	1.27e-10	7.96e-06	9.91e-01	9.40e-03	0.00e+00	0.00e+00	0.00e+00	0.00e+00	8.07e-17	1.62e-16	6.42e-69
 1.35732e+14	6.63e-23	3.03e-16	1.46e-10	8.55e-06	9.91e-01	8.76e-03	0.00e+00	0.00e+00	0.00e+00	0.00e+00	1.01e-16	2.02e-16	1.44e-68
 1.41191e+14	8.98e-23	3.81e-16	1.71e-10	9.27e-06	9.92e-01	8.09e-03	0.00e+00	0.00e+00	0.00e+00	0.00e+00	1.26e-16	2.54e-16	3.29e-68
 1.46233e+14	1.18e-22	4.70e-16	1.97e-10	9.94e-06	9.92e-01	7.55e-03	0.00e+00	0.00e+00	0.00e+00	0.00e+00	1.56e-16	3.14e-16	7.09e-68
 1.50593e+14	1.48e-22	5.56e-16	2.22e-10	1.06e-05	9.93e-01	7.11e-03	0.00e+00	0.00e+00	0.00e+00	0.00e+00	1.84e-16	3.71e-16	1.30e-67
 1.55426e+14	1.90e-22	6.72e-16	2.51e-10	1.12e-05	9.93e-01	6.69e-03	0.00e+00	0.00e+00	0.00e+00	0.00e+00	2.23e-16	4.49e-16	2.61e-67
 1.61335e+14	2.53e-22	8.34e-16	2.92e-10	1.21e-05	9.94e-01	6.20e-03	0.00e+00	0.00e+00	0.00e+00	0.00e+00	2.77e-16	5.57e-16	5.67e-67
 1.67317e+14	3.37e-22	1.04e-15	3.38e-10	1.30e-05	9.94e-01	5.77e-03	0.00e+00	0.00e+00	0.00e+00	0.00e+00	3.44e-16	6.93e-16	1.25e-66
 1.72688e+14	4.27e-22	1.24e-15	3.84e-10	1.39e-05	9.95e-01	5.41e-03	0.00e+00	0.00e+00	0.00e+00	0.00e+00	4.12e-16	8.30e-16	2.40e-66
 1.78593e+14	5.57e-22	1.52e-15	4.39e-10	1.49e-05	9.95e-01	5.06e-03	0.00e+00	0.00e+00	0.00e+00	0.00e+00	5.04e-16	1.01e-15	4.99e-66
 1.85583e+14	7.44e-22	1.89e-15	5.13e-10	1.61e-05	9.95e-01	4.68e-03	0.00e+00	0.00e+00	0.00e+00	0.00e+00	6.28e-16	1.26e-15	1.10e-65
 1.92453e+14	9.82e-22	2.34e-15	5.93e-10	1.74e-05	9.96e-01	4.35e-03	0.00e+00	0.00e+00	0.00e+00	0.00e+00	7.75e-16	1.56e-15	2.36e-65
 1.98708e+14	1.26e-21	2.83e-15	6.74e-10	1.85e-05	9.96e-01	4.08e-03	0.00e+00	0.00e+00	0.00e+00	0.00e+00	9.38e-16	1.89e-15	4.74e-65
 2.05697e+14	1.64e-21	3.45e-15	7.75e-10	1.99e-05	9.96e-01	3.81e-03	0.00e+00	0.00e+00	0.00e+00	0.00e+00	1.14e-15	2.30e-15	9.63e-65
 2.13855e+14	2.20e-21	4.32e-15	9.07e-10	2.15e-05	9.96e-01	3.52e-03	0.00e+00	0.00e+00	0.00e+00	0.00e+00	1.43e-15	2.89e-15	2.17e-64
 2.21890e+14	2.91e-21	5.35e-15	1.05e-09	2.32e-05	9.97e-01	3.27e-03	0.00e+00	0.00e+00	0.00e+00	0.00e+00	1.77e-15	3.57e-15	4.68e-64
 2.29466e+14	3.78e-21	6.53e-15	1.20e-09	2.48e-05	9.97e-01	3.05e-03	0.00e+00	0.00e+00	0.00e+00	0.00e+00	2.16e-15	4.36e-15	9.68e-64
 2.37894e+14	4.93e-21	8.00e-15	1.39e-09	2.67e-05	9.97e-01	2.84e-03	0.00e+00	0.00e+00	0.00e+00	0.00e+00	2.65e-15	5.35e-15	2.00e-63
 2.47440e+14	6.67e-21	1.01e-14	1.63e-09	2.89e-05	9.97e-01	2.62e-03	0.00e+00	0.00e+00	0.00e+00	0.00e+00	3.34e-15	6.75e-15	4.65e-63
 2.56981e+14	8.76e-21	1.24e-14	1.90e-09	3.13e-05	9.98e-01	2.42e-03	0.00e+00	0.00e+00	0.00e+00	0.00e+00	4.12e-15	8.32e-15	9.80e-63
 2.65881e+14	1.13e-20	1.51e-14	2.17e-09	3.35e-05	9.98e-01	2.26e-03	0.00e+00	0.00e+00	0.00e+00	0.00e+00	5.02e-15	1.01e-14	2.00e-62
 2.75523e+14	1.49e-20	1.87e-14	2.50e-09	3.60e-05	9.98e-01	2.11e-03	0.00e+00	0.00e+00	0.00e+00	0.00e+00	6.20e-15	1.25e-14	4.30e-62
 2.86574e+14	1.98e-20	2.32e-14	2.93e-09	3.90e-05	9.98e-01	1.94e-03	0.00e+00	0.00e+00	0.00e+00	0.00e+00	7.70e-15	1.55e-14	9.34e-62
 2.96983e+14	2.61e-20	2.87e-14	3.38e-09	4.19e-05	9.98e-01	1.81e-03	0.00e+00	0.00e+00	0.00e+00	0.00e+00	9.51e-15	1.92e-14	2.02e-61
 3.06354e+14	3.25e-20	3.40e-14	3.83e-09	4.47e-05	9.98e-01	1.70e-03	0.00e+00	0.00e+00	0.00e+00	0.00e+00	1.12e-14	2.27e-14	3.67e-61
 3.15211e+14	4.03e-20	4.00e-14	4.29e-09	4.73e-05	9.98e-01	1.60e-03	0.00e+00	0.00e+00	0.00e+00	0.00e+00	1.33e-14	2.68e-14	6.66e-61
 3.25012e+14	5.08e-20	4.79e-14	4.85e-09	5.03e-05	9.98e-01	1.51e-03	0.00e+00	0.00e+00	0.00e+00	0.00e+00	1.59e-14	3.20e-14	1.27e-60
 3.35967e+14	6.43e-20	5.74e-14	5.54e-09	5.39e-05	9.99e-01	1.41e-03	0.00e+00	0.00e+00	0.00e+00	0.00e+00	1.90e-14	3.84e-14	2.44e-60
 3.46291e+14	8.11e-20	6.86e-14	6.26e-09	5.72e-05	9.99e-01	1.32e-03	0.00e+00	0.00e+00	0.00e+00	0.00e+00	2.27e-14	4.59e-14	4.65e-60
 3.57578e+14	1.01e-19	8.16e-14	7.12e-09	6.11e-05	9.99e-01	1.24e-03	0.00e+00	0.00e+00	0.00e+00	0.00e+00	2.70e-14	5.46e-14	8.64e-60
 3.70179e+14	1.32e-19	1.00e-13	8.17e-09	6.55e-05	9.99e-01	1.16e-03	0.00e+00	0.00e+00	0.00e+00	0.00e+00	3.31e-14	6.70e-14	1.82e-59
 3.82147e+14	1.65e-19	1.19e-13	9.29e-09	7.00e-05	9.99e-01	1.08e-03	0.00e+00	0.00e+00	0.00e+00	0.00e+00	3.93e-14	7.95e-14	3.35e-59
 3.95364e+14	2.12e-19	1.44e-13	1.06e-08	7.49e-05	9.99e-01	1.01e-03	0.00e+00	0.00e+00	0.00e+00	0.00e+00	4.76e-14	9.64e-14	6.72e-59
 4.09966e+14	2.74e-19	1.76e-13	1.23e-08	8.07e-05	9.99e-01	9.39e-04	0.00e+00	0.00e+00	0.00e+00	0.00e+00	5.82e-14	1.18e-13	1.38e-58
 4.23415e+14	3.51e-19	2.13e-13	1.40e-08	8.61e-05	9.99e-01	8.80e-04	0.00e+00	0.00e+00	0.00e+00	0.00e+00	7.03e-14	1.42e-13	2.74e-58
 4.37949e+14	4.43e-19	2.55e-13	1.60e-08	9.24e-05	9.99e-01	8.20e-04	0.00e+00	0.00e+00	0.00e+00	0.00e+00	8.42e-14	1.71e-13	5.22e-58
 4.54161e+14	5.77e-19	3.13e-13	1.85e-08	9.94e-05	9.99e-01	7.62e-04	0.00e+00	0.00e+00	0.00e+00	0.00e+00	1.03e-13	2.09e-13	1.09e-57
 4.69393e+14	7.33e-19	3.77e-13	2.11e-08	1.06e-04	9.99e-01	7.12e-04	0.00e+00	0.00e+00	0.00e+00	0.00e+00	1.25e-13	2.53e-13	2.15e-57
 4.86033e+14	9.31e-19	4.54e-13	2.43e-08	1.14e-04	9.99e-01	6.62e-04	0.00e+00	0.00e+00	0.00e+00	0.00e+00	1.50e-13	3.04e-13	4.17e-57
 5.04495e+14	1.21e-18	5.58e-13	2.82e-08	1.23e-04	9.99e-01	6.13e-04	0.00e+00	0.00e+00	0.00e+00	0.00e+00	1.84e-13	3.74e-13	8.74e-57
 5.21702e+14	1.56e-18	6.78e-13	3.23e-08	1.32e-04	9.99e-01	5.73e-04	0.00e+00	0.00e+00	0.00e+00	0.00e+00	2.24e-13	4.54e-13	1.76e-56
 5.40447e+14	1.99e-18	8.19e-13	3.72e-08	1.42e-04	9.99e-01	5.32e-04	0.00e+00	0.00e+00	0.00e+00	0.00e+00	2.70e-13	5.49e-13	3.46e-56
 5.61394e+14	2.60e-18	1.01e-12	4.33e-08	1.54e-04	9.99e-01	4.92e-04	0.00e+00	0.00e+00	0.00e+00	0.00e+00	3.34e-13	6.80e-13	7.47e-56
 5.81239e+14	3.28e-18	1.22e-12	4.99e-08	1.65e-04	9.99e-01	4.57e-04	0.00e+00	0.00e+00	0.00e+00	0.00e+00	4.01e-13	8.15e-13	1.42e-55
 6.02562e+14	4.25e-18	1.49e-12	5.76e-08	1.78e-04	9.99e-01	4.24e-04	0.00e+00	0.00e+00	0.00e+00	0.00e+00	4.90e-13	9.98e-13	2.95e-55
 6.26219e+14	5.49e-18	1.82e-12	6.73e-08	1.93e-04	9.99e-01	3.91e-04	0.00e+00	0.00e+00	0.00e+00	0.00e+00	6.01e-13	1.22e-12	6.07e-55
 6.49141e+14	7.10e-18	2.23e-12	7.77e-08	2.08e-04	9.99e-01	3.63e-04	0.00e+00	0.00e+00	0.00e+00	0.00e+00	7.34e-13	1.50e-12	1.25e-54
 6.73456e+14	9.12e-18	2.72e-12	9.01e-08	2.24e-04	9.99e-01	3.36e-04	0.00e+00	0.00e+00	0.00e+00	0.00e+00	8.95e-13	1.82e-12	2.55e-54
 7.00425e+14	1.18e-17	3.34e-12	1.06e-07	2.44e-04	9.99e-01	3.09e-04	0.00e+00	0.00e+00	0.00e+00	0.00e+00	1.10e-12	2.24e-12	5.31e-54
 7.26921e+14	1.52e-17	4.09e-12	1.23e-07	2.64e-04	9.99e-01	2.85e-04	0.00e+00	0.00e+00	0.00e+00	0.00e+00	1.34e-12	2.74e-12	1.09e-53
 7.48692e+14	1.86e-17	4.80e-12	1.38e-07	2.81e-04	9.99e-01	2.68e-04	0.00e+00	0.00e+00	0.00e+00	0.00e+00	1.58e-12	3.22e-12	1.94e-53
 7.66116e+14	2.17e-17	5.42e-12	1.52e-07	2.95e-04	9.99e-01	2.55e-04	0.00e+00	0.00e+00	0.00e+00	0.00e+00	1.78e-12	3.64e-12	2.99e-53
 7.85440e+14	2.56e-17	6.20e-12	1.68e-07	3.11e-04	9.99e-01	2.42e-04	0.00e+00	0.00e+00	0.00e+00	0.00e+00	2.04e-12	4.16e-12	4.83e-53
 8.10561e+14	3.14e-17	7.31e-12	1.90e-07	3.33e-04	9.99e-01	2.26e-04	0.00e+00	0.00e+00	0.00e+00	0.00e+00	2.40e-12	4.91e-12	8.69e-53
 8.37476e+14	3.90e-17	8.70e-12	2.17e-07	3.57e-04	9.99e-01	2.10e-04	0.00e+00	0.00e+00	0.00e+00	0.00e+00	2.86e-12	5.84e-12	1.62e-52
 8.61336e+14	4.69e-17	1.01e-11	2.43e-07	3.79e-04	9.99e-01	1.98e-04	0.00e+00	3.91e-18	1.17e-17	1.96e-17	3.32e-12	6.79e-12	2.77e-52
 8.86967e+14	5.66e-17	1.18e-11	2.74e-07	4.05e-04	9.99e-01	1.85e-04	0.00e+00	4.73e-18	1.42e-17	2.37e-17	3.86e-12	7.90e-12	4.75e-52
 9.19498e+14	7.15e-17	1.42e-11	3.18e-07	4.38e-04	9.99e-01	1.71e-04	0.00e+00	5.98e-18	1.80e-17	3.00e-17	4.67e-12	9.55e-12	9.39e-52
 9.52568e+14	9.02e-17	1.71e-11	3.67e-07	4.73e-04	9.99e-01	1.59e-04	0.00e+00	7.55e-18	2.27e-17	3.79e-17	5.63e-12	1.15e-11	1.84e-51
 9.80633e+14	1.09e-16	2.00e-11	4.12e-07	5.04e-04	9.99e-01	1.49e-04	0.00e+00	9.10e-18	2.73e-17	4.57e-17	6.55e-12	1.34e-11	3.19e-51
 1.01062e+15	1.31e-16	2.34e-11	4.66e-07	5.39e-04	9.99e-01	1.39e-04	0.00e+00	1.10e-17	3.30e-17	5.52e-17	7.66e-12	1.57e-11	5.63e-51
 1.04814e+15	1.67e-16	2.83e-11	5.41e-07	5.85e-04	9.99e-01	1.28e-04	0.00e+00	1.40e-17	4.20e-17	7.02e-17	9.28e-12	1.90e-11	1.13e-50
 1.08669e+15	2.10e-16	3.42e-11	6.26e-07	6.34e-04	9.99e-01	1.18e-04	0.00e+00	1.76e-17	5.29e-17	8.84e-17	1.12e-11	2.30e-11	2.25e-50
 1.12063e+15	2.55e-16	4.01e-11	7.09e-07	6.79e-04	9.99e-01	1.11e-04	0.00e+00	2.14e-17	6.44e-17	1.08e-16	1.32e-11	2.70e-11	4.05e-50
 1.15729e+15	3.09e-16	4.72e-11	8.07e-07	7.29e-04	9.99e-01	1.03e-04	0.00e+00	2.60e-17	7.81e-17	1.30e-16	1.55e-11	3.17e-11	7.34e-50
 1.20159e+15	3.95e-16	5.76e-11	9.41e-07	7.94e-04	9.99e-01	9.46e-05	0.00e+00	3.33e-17	1.00e-16	1.67e-16	1.89e-11	3.87e-11	1.52e-49
 1.24552e+15	4.94e-16	6.93e-11	1.09e-06	8.62e-04	9.99e-01	8.72e-05	0.00e+00	4.17e-17	1.25e-16	2.09e-16	2.27e-11	4.66e-11	3.03e-49
 1.28447e+15	6.02e-16	8.14e-11	1.23e-06	9.23e-04	9.99e-01	8.15e-05	0.00e+00	5.08e-17	1.53e-16	2.55e-16	2.67e-11	5.47e-11	5.54e-49
 1.32726e+15	7.28e-16	9.59e-11	1.41e-06	9.93e-04	9.99e-01	7.57e-05	0.00e+00	6.15e-17	1.85e-16	3.09e-16	3.15e-11	6.45e-11	1.02e-48
 1.37848e+15	9.36e-16	1.17e-10	1.64e-06	1.08e-03	9.99e-01	6.95e-05	0.00e+00	7.92e-17	2.38e-16	3.97e-16	3.85e-11	7.88e-11	2.19e-48
 1.42951e+15	1.18e-15	1.42e-10	1.90e-06	1.17e-03	9.99e-01	6.41e-05	0.00e+00	9.99e-17	3.00e-16	5.01e-16	4.66e-11	9.54e-11	4.51e-48
 1.47608e+15	1.41e-15	1.66e-10	2.16e-06	1.26e-03	9.99e-01	5.97e-05	0.00e+00	1.20e-16	3.60e-16	6.01e-16	5.46e-11	1.12e-10	8.19e-48
 1.52805e+15	1.78e-15	2.00e-10	2.48e-06	1.37e-03	9.99e-01	5.51e-05	0.00e+00	1.51e-16	4.54e-16	7.59e-16	6.57e-11	1.35e-10	1.67e-47
 1.58858e+15	2.27e-15	2.45e-10	2.90e-06	1.49e-03	9.98e-01	5.05e-05	0.00e+00	1.94e-16	5.81e-16	9.70e-16	8.05e-11	1.65e-10	3.67e-47
 1.64813e+15	2.88e-15	2.98e-10	3.36e-06	1.62e-03	9.98e-01	4.65e-05	0.00e+00	2.45e-16	7.36e-16	1.23e-15	9.78e-11	2.00e-10	7.85e-47
 1.70462e+15	3.48e-15	3.52e-10	3.84e-06	1.75e-03	9.98e-01	4.32e-05	0.00e+00	2.97e-16	8.91e-16	1.49e-15	1.16e-10	2.36e-10	1.50e-46
 1.76739e+15	4.46e-15	4.30e-10	4.44e-06	1.90e-03	9.98e-01	3.98e-05	0.00e+00	3.81e-16	1.14e-15	1.91e-15	1.41e-10	2.88e-10	3.32e-46
 1.82659e+15	5.37e-15	5.06e-10	5.07e-06	2.04e-03	9.98e-01	3.70e-05	0.00e+00	4.59e-16	1.38e-15	2.30e-15	1.66e-10	3.40e-10	6.29e-46
 1.87079e+15	6.38e-15	5.80e-10	5.58e-06	2.16e-03	9.98e-01	3.51e-05	0.00e+00	5.46e-16	1.64e-15	2.74e-15	1.91e-10	3.89e-10	1.09e-45
 1.91604e+15	7.45e-15	6.59e-10	6.14e-06	2.27e-03	9.98e-01	3.33e-05	0.00e+00	6.38e-16	1.92e-15	3.20e-15	2.17e-10	4.42e-10	1.81e-45
 1.97487e+15	8.83e-15	7.65e-10	6.92e-06	2.43e-03	9.98e-01	3.11e-05	0.00e+00	7.57e-16	2.27e-15	3.79e-15	2.52e-10	5.13e-10	3.26e-45
 2.03871e+15	1.11e-14	9.16e-10	7.86e-06	2.62e-03	9.97e-01	2.90e-05	0.00e+00	9.50e-16	2.85e-15	4.76e-15	3.01e-10	6.15e-10	6.74e-45
 2.09608e+15	1.32e-14	1.06e-09	8.78e-06	2.78e-03	9.97e-01	2.73e-05	0.00e+00	1.13e-15	3.40e-15	5.67e-15	3.49e-10	7.12e-10	1.21e-44
 2.15765e+15	1.56e-14	1.23e-09	9.86e-06	2.97e-03	9.97e-01	2.56e-05	0.00e+00	1.34e-15	4.03e-15	6.72e-15	4.04e-10	8.24e-10	2.16e-44
 2.23632e+15	2.01e-14	1.51e-09	1.14e-05	3.22e-03	9.97e-01	2.36e-05	0.00e+00	1.73e-15	5.20e-15	8.68e-15	4.96e-10	1.01e-09	4.92e-44
 2.31601e+15	2.51e-14	1.82e-09	1.31e-05	3.48e-03	9.96e-01	2.19e-05	0.00e+00	2.17e-15	6.50e-15	1.09e-14	5.99e-10	1.22e-09	1.04e-43
 2.38269e+15	3.03e-14	2.12e-09	1.46e-05	3.71e-03	9.96e-01	2.06e-05	0.00e+00	2.61e-15	7.84e-15	1.31e-14	6.99e-10	1.42e-09	1.92e-43
 2.45365e+15	3.64e-14	2.48e-09	1.64e-05	3.96e-03	9.96e-01	1.93e-05	0.00e+00	3.14e-15	9.43e-15	1.57e-14	8.18e-10	1.66e-09	3.57e-43
 2.54364e+15	4.58e-14	3.02e-09	1.90e-05	4.29e-03	9.96e-01	1.79e-05	0.00e+00	3.96e-15	1.19e-14	1.99e-14	9.95e-10	2.02e-09	7.77e-43
 2.63841e+15	5.87e-14	3.70e-09	2.20e-05	4.65e-03	9.95e-01	1.66e-05	0.00e+00	5.09e-15	1.53e-14	2.55e-14	1.22e-09	2.48e-09	1.77e-42
 2.72335e+15	7.17e-14	4.39e-09	2.49e-05	4.99e-03	9.95e-01	1.55e-05	0.00e+00	6.22e-15	1.87e-14	3.11e-14	1.45e-09	2.95e-09	3.46e-42
 2.81548e+15	8.74e-14	5.22e-09	2.84e-05	5.37e-03	9.95e-01	1.44e-05	0.00e+00	7.59e-15	2.28e-14	3.80e-14	1.72e-09	3.50e-09	6.75e-42
 2.92492e+15	1.14e-13	6.51e-09	3.31e-05	5.85e-03	9.94e-01	1.33e-05	0.00e+00	9.92e-15	2.98e-14	4.97e-14	2.15e-09	4.36e-09	1.62e-41
 3.03272e+15	1.45e-13	7.97e-09	3.82e-05	6.33e-03	9.94e-01	1.24e-05	0.00e+00	1.26e-14	3.79e-14	6.33e-14	2.63e-09	5.34e-09	3.56e-41
 3.13070e+15	1.79e-13	9.52e-09	4.34e-05	6.80e-03	9.93e-01	1.16e-05	0.00e+00	1.56e-14	4.68e-14	7.81e-14	3.14e-09	6.38e-09	7.09e-41
 3.24004e+15	2.20e-13	1.14e-08	4.98e-05	7.33e-03	9.93e-01	1.08e-05	0.00e+00	1.92e-14	5.76e-14	9.62e-14	3.76e-09	7.63e-09	1.41e-40
 3.36789e+15	2.91e-13	1.44e-08	5.81e-05	8.00e-03	9.92e-01	1.00e-05	0.00e+00	2.54e-14	7.62e-14	1.27e-13	4.75e-09	9.63e-09	3.51e-40
 3.49383e+15	3.73e-13	1.77e-08	6.73e-05	8.66e-03	9.91e-01	9.34e-06	0.00e+00	3.26e-14	9.79e-14	1.63e-13	5.86e-09	1.19e-08	7.55e-40
 3.61268e+15	4.64e-13	2.14e-08	7.69e-05	9.32e-03	9.91e-01	8.76e-06	0.00e+00	4.06e-14	1.22e-13	2.03e-13	7.08e-09	1.43e-08	1.54e-39
 3.74510e+15	5.85e-13	2.62e-08	8.89e-05	1.01e-02	9.90e-01	8.18e-06	0.00e+00	5.13e-14	1.54e-13	2.57e-13	8.65e-09	1.75e-08	3.26e-39
 3.89493e+15	7.65e-13	3.29e-08	1.04e-04	1.10e-02	9.89e-01	7.61e-06	0.00e+00	6.72e-14	2.02e-13	3.36e-13	1.09e-08	2.20e-08	7.75e-39
 4.02064e+15	9.46e-13	3.95e-08	1.18e-04	1.18e-02	9.88e-01	7.20e-06	0.00e+00	8.31e-14	2.49e-13	4.16e-13	1.31e-08	2.64e-08	1.53e-38
 4.11102e+15	1.10e-12	4.49e-08	1.29e-04	1.24e-02	9.88e-01	6.92e-06	0.00e+00	9.64e-14	2.89e-13	4.83e-13	1.48e-08	3.00e-08	2.44e-38
 4.20547e+15	1.28e-12	5.11e-08	1.42e-04	1.30e-02	9.87e-01	6.65e-06	0.00e+00	1.13e-13	3.38e-13	5.63e-13	1.69e-08	3.42e-08	3.97e-38
 4.32826e+15	1.52e-12	5.94e-08	1.59e-04	1.38e-02	9.86e-01	6.33e-06	0.00e+00	1.34e-13	4.02e-13	6.70e-13	1.97e-08	3.98e-08	6.82e-38
 4.46519e+15	1.92e-12	7.24e-08	1.80e-04	1.48e-02	9.85e-01	6.01e-06	0.00e+00	1.69e-13	5.08e-13	8.47e-13	2.40e-08	4.84e-08	1.42e-37
 4.59297e+15	2.28e-12	8.40e-08	2.02e-04	1.57e-02	9.84e-01	5.74e-06	0.00e+00	2.01e-13	6.02e-13	1.00e-12	2.78e-08	5.62e-08	2.39e-37
 4.73154e+15	2.82e-12	1.01e-07	2.28e-04	1.68e-02	9.83e-01	5.47e-06	0.00e+00	2.49e-13	7.48e-13	1.25e-12	3.35e-08	6.77e-08	4.79e-37
 4.88647e+15	3.52e-12	1.22e-07	2.59e-04	1.80e-02	9.82e-01	5.21e-06	0.00e+00	3.11e-13	9.32e-13	1.55e-12	4.05e-08	8.18e-08	9.24e-37
 5.03325e+15	4.23e-12	1.43e-07	2.92e-04	1.92e-02	9.81e-01	4.99e-06	0.00e+00	3.73e-13	1.12e-12	1.87e-12	4.74e-08	9.58e-08	1.58e-36
 5.19461e+15	5.21e-12	1.72e-07	3.32e-04	2.05e-02	9.79e-01	4.76e-06	0.00e+00	4.61e-13	1.38e-12	2.31e-12	5.70e-08	1.15e-07	3.01e-36
 5.37514e+15	6.73e-12	2.14e-07	3.82e-04	2.21e-02	9.77e-01	4.55e-06	0.00e+00	5.96e-13	1.79e-12	2.98e-12	7.10e-08	1.43e-07	6.62e-36
 5.54508e+15	8.25e-12	2.56e-07	4.34e-04	2.37e-02	9.76e-01	4.36e-06	0.00e+00	7.31e-13	2.19e-12	3.66e-12	8.49e-08	1.71e-07	1.22e-35
 5.73049e+15	1.02e-11	3.07e-07	4.97e-04	2.54e-02	9.74e-01	4.18e-06	0.00e+00	9.07e-13	2.72e-12	4.54e-12	1.02e-07	2.05e-07	2.25e-35
 5.93487e+15	1.33e-11	3.86e-07	5.74e-04	2.74e-02	9.72e-01	4.01e-06	0.00e+00	1.18e-12	3.54e-12	5.91e-12	1.28e-07	2.58e-07	4.99e-35
 6.12304e+15	1.63e-11	4.62e-07	6.53e-04	2.93e-02	9.70e-01	3.86e-06	0.00e+00	1.45e-12	4.35e-12	7.26e-12	1.53e-07	3.09e-07	8.91e-35
 6.32679e+15	2.03e-11	5.55e-07	7.47e-04	3.15e-02	9.68e-01	3.72e-06	0.00e+00	1.80e-12	5.41e-12	9.02e-12	1.84e-07	3.71e-07	1.63e-34
 6.55337e+15	2.64e-11	6.99e-07	8.66e-04	3.41e-02	9.65e-01	3.59e-06	0.00e+00	2.35e-12	7.05e-12	1.18e-11	2.32e-07	4.67e-07	3.59e-34
 6.76515e+15	3.27e-11	8.42e-07	9.88e-04	3.65e-02	9.62e-01	3.48e-06	0.00e+00	2.91e-12	8.73e-12	1.46e-11	2.79e-07	5.63e-07	6.57e-34
 6.99599e+15	4.10e-11	1.02e-06	1.14e-03	3.93e-02	9.60e-01	3.36e-06	0.00e+00	3.66e-12	1.10e-11	1.83e-11	3.38e-07	6.80e-07	1.20e-33
 7.25177e+15	5.39e-11	1.29e-06	1.33e-03	4.26e-02	9.56e-01	3.27e-06	0.00e+00	4.80e-12	1.44e-11	2.40e-11	4.29e-07	8.64e-07	2.67e-33
 7.47965e+15	6.67e-11	1.56e-06	1.51e-03	4.56e-02	9.53e-01	3.18e-06	0.00e+00	5.95e-12	1.79e-11	2.98e-11	5.18e-07	1.04e-06	4.82e-33
 7.68409e+15	8.09e-11	1.84e-06	1.70e-03	4.85e-02	9.50e-01	3.12e-06	0.00e+00	7.23e-12	2.17e-11	3.62e-11	6.11e-07	1.23e-06	8.20e-33
 7.91842e+15	1.00e-10	2.21e-06	1.93e-03	5.18e-02	9.46e-01	3.04e-06	0.00e+00	8.98e-12	2.69e-11	4.49e-11	7.34e-07	1.48e-06	1.44e-32
 8.21190e+15	1.32e-10	2.79e-06	2.26e-03	5.64e-02	9.41e-01	2.97e-06	0.00e+00	1.18e-11	3.53e-11	5.89e-11	9.26e-07	1.86e-06	3.03e-32
 8.50397e+15	1.69e-10	3.45e-06	2.64e-03	6.09e-02	9.36e-01	2.90e-06	0.00e+00	1.51e-11	4.53e-11	7.56e-11	1.15e-06	2.30e-06	5.73e-32
 8.73030e+15	2.03e-10	4.02e-06	2.96e-03	6.46e-02	9.32e-01	2.85e-06	0.00e+00	1.82e-11	5.47e-11	9.11e-11	1.34e-06	2.69e-06	9.01e-32
 8.94946e+15	2.44e-10	4.71e-06	3.31e-03	6.85e-02	9.28e-01	2.81e-06	0.00e+00	2.19e-11	6.57e-11	1.10e-10	1.56e-06	3.15e-06	1.45e-31
 9.23436e+15	3.17e-10	5.89e-06	3.82e-03	7.39e-02	9.22e-01	2.77e-06	0.00e+00	2.84e-11	8.52e-11	1.42e-10	1.96e-06	3.93e-06	2.94e-31
 9.51075e+15	3.92e-10	7.06e-06	4.36e-03	7.91e-02	9.17e-01	2.73e-06	0.00e+00	3.52e-11	1.05e-10	1.76e-10	2.35e-06	4.72e-06	4.91e-31
 9.72947e+15	4.65e-10	8.11e-06	4.84e-03	8.34e-02	9.12e-01	2.70e-06	0.00e+00	4.18e-11	1.25e-10	2.09e-10	2.69e-06	5.42e-06	7.29e-31
 9.96724e+15	5.60e-10	9.51e-06	5.42e-03	8.85e-02	9.06e-01	2.66e-06	0.00e+00	5.04e-11	1.51e-10	2.52e-10	3.16e-06	6.35e-06	1.15e-30
 1.02763e+16	7.29e-10	1.19e-05	6.29e-03	9.56e-02	8.98e-01	2.63e-06	0.00e+00	6.56e-11	1.97e-10	3.28e-10	3.96e-06	7.97e-06	2.31e-30
 1.05836e+16	9.18e-10	1.45e-05	7.24e-03	1.03e-01	8.90e-01	2.60e-06	0.00e+00	8.27e-11	2.48e-10	4.13e-10	4.80e-06	9.65e-06	3.89e-30
 1.08270e+16	1.10e-09	1.67e-05	8.09e-03	1.09e-01	8.83e-01	2.58e-06	0.00e+00	9.92e-11	2.97e-10	4.96e-10	5.55e-06	1.12e-05	5.81e-30
 1.10819e+16	1.34e-09	1.97e-05	9.10e-03	1.15e-01	8.76e-01	2.56e-06	0.00e+00	1.21e-10	3.62e-10	6.03e-10	6.54e-06	1.31e-05	9.17e-30
 1.14132e+16	1.77e-09	2.50e-05	1.06e-02	1.25e-01	8.64e-01	2.55e-06	0.00e+00	1.60e-10	4.79e-10	7.99e-10	8.30e-06	1.67e-05	1.88e-29
 1.17453e+16	2.25e-09	3.06e-05	1.23e-02	1.34e-01	8.53e-01	2.53e-06	0.00e+00	2.04e-10	6.12e-10	1.02e-09	1.02e-05	2.04e-05	3.25e-29
 1.20099e+16	2.76e-09	3.62e-05	1.39e-02	1.43e-01	8.43e-01	2.52e-06	0.00e+00	2.50e-10	7.49e-10	1.25e-09	1.20e-05	2.41e-05	5.12e-29
 1.22481e+16	3.32e-09	4.21e-05	1.55e-02	1.51e-01	8.34e-01	2.51e-06	0.00e+00	3.01e-10	9.02e-10	1.50e-09	1.40e-05	2.81e-05	7.73e-29
 1.25206e+16	4.07e-09	4.91e-05	1.75e-02	1.60e-01	8.22e-01	2.49e-06	0.00e+00	3.69e-10	1.11e-09	1.84e-09	1.63e-05	3.27e-05	1.14e-28
 1.28235e+16	5.23e-09	6.09e-05	2.02e-02	1.72e-01	8.08e-01	2.49e-06	0.00e+00	4.74e-10	1.42e-09	2.37e-09	2.03e-05	4.07e-05	2.13e-28
 1.30956e+16	6.38e-09	7.08e-05	2.28e-02	1.82e-01	7.95e-01	2.48e-06	0.00e+00	5.79e-10	1.74e-09	2.90e-09	2.35e-05	4.72e-05	3.07e-28
 1.33383e+16	7.76e-09	8.42e-05	2.56e-02	1.93e-01	7.82e-01	2.48e-06	0.00e+00	7.06e-10	2.12e-09	3.53e-09	2.80e-05	5.62e-05	5.00e-28
 1.36133e+16	9.81e-09	1.01e-04	2.92e-02	2.05e-01	7.66e-01	2.49e-06	0.00e+00	8.92e-10	2.68e-09	4.46e-09	3.37e-05	6.75e-05	8.25e-28
 1.39055e+16	1.24e-08	1.23e-04	3.35e-02	2.19e-01	7.47e-01	2.49e-06	0.00e+00	1.13e-09	3.39e-09	5.65e-09	4.08e-05	8.18e-05	1.38e-27
 1.41556e+16	1.53e-08	1.46e-04	3.79e-02	2.32e-01	7.30e-01	2.51e-06	0.00e+00	1.40e-09	4.19e-09	6.98e-09	4.87e-05	9.76e-05	2.25e-27
 1.43770e+16	1.86e-08	1.69e-04	4.23e-02	2.44e-01	7.14e-01	2.52e-06	0.00e+00	1.70e-09	5.09e-09	8.49e-09	5.64e-05	1.13e-04	3.29e-27
 1.45880e+16	2.21e-08	1.93e-04	4.69e-02	2.56e-01	6.97e-01	2.53e-06	0.00e+00	2.02e-09	6.05e-09	1.01e-08	6.43e-05	1.29e-04	4.61e-27
 1.48250e+16	2.77e-08	2.33e-04	5.32e-02	2.71e-01	6.76e-01	2.55e-06	0.00e+00	2.53e-09	7.59e-09	1.26e-08	7.77e-05	1.56e-04	7.94e-27
 1.50796e+16	3.52e-08	2.81e-04	6.07e-02	2.87e-01	6.52e-01	2.57e-06	0.00e+00	3.22e-09	9.64e-09	1.61e-08	9.35e-05	1.87e-04	1.31e-26
 1.53031e+16	4.27e-08	3.25e-04	6.81e-02	3.02e-01	6.30e-01	2.58e-06	6.98e-12	3.91e-09	1.17e-08	1.95e-08	1.08e-04	2.17e-04	1.92e-26
 1.55069e+16	5.20e-08	3.80e-04	7.61e-02	3.16e-01	6.07e-01	2.61e-06	0.00e+00	4.76e-09	1.43e-08	2.38e-08	1.27e-04	2.53e-04	2.94e-26
 1.56975e+16	6.30e-08	4.42e-04	8.46e-02	3.30e-01	5.85e-01	2.64e-06	7.96e-12	5.77e-09	1.73e-08	2.88e-08	1.47e-04	2.95e-04	4.51e-26
 1.58696e+16	7.55e-08	5.08e-04	9.33e-02	3.44e-01	5.62e-01	2.68e-06	0.00e+00	6.92e-09	2.08e-08	3.46e-08	1.69e-04	3.39e-04	6.73e-26
 1.60340e+16	8.98e-08	5.83e-04	1.03e-01	3.57e-01	5.40e-01	2.71e-06	9.18e-12	8.24e-09	2.47e-08	4.12e-08	1.94e-04	3.89e-04	9.98e-26
 1.62225e+16	1.15e-07	7.09e-04	1.15e-01	3.74e-01	5.10e-01	2.80e-06	0.00e+00	1.05e-08	3.16e-08	5.27e-08	2.36e-04	4.73e-04	1.87e-25
 1.64178e+16	1.40e-07	8.27e-04	1.29e-01	3.90e-01	4.80e-01	2.83e-06	1.14e-11	1.29e-08	3.87e-08	6.45e-08	2.76e-04	5.52e-04	2.86e-25
 1.65843e+16	1.72e-07	9.72e-04	1.43e-01	4.05e-01	4.51e-01	2.88e-06	0.00e+00	1.59e-08	4.76e-08	7.92e-08	3.24e-04	6.48e-04	4.79e-25
 1.67325e+16	2.06e-07	1.11e-03	1.57e-01	4.18e-01	4.24e-01	2.93e-06	1.40e-11	1.90e-08	5.68e-08	9.47e-08	3.71e-04	7.42e-04	7.26e-25
