#depth	He	He+	He+2
 1.49634e+10	2.98e-28	1.20e-14	1.00e+00
 4.54887e+10	3.35e-28	1.30e-14	1.00e+00
 7.72350e+10	3.74e-28	1.41e-14	1.00e+00
 1.10251e+11	4.18e-28	1.52e-14	1.00e+00
 1.44588e+11	4.67e-28	1.65e-14	1.00e+00
 1.80298e+11	5.23e-28	1.78e-14	1.00e+00
 2.17437e+11	5.87e-28	1.93e-14	1.00e+00
 2.56061e+11	6.58e-28	2.09e-14	1.00e+00
 2.96231e+11	7.40e-28	2.26e-14	1.00e+00
 3.38007e+11	8.32e-28	2.44e-14	1.00e+00
 3.81454e+11	9.37e-28	2.64e-14	1.00e+00
 4.26639e+11	1.06e-27	2.86e-14	1.00e+00
 4.73631e+11	1.19e-27	3.09e-14	1.00e+00
 5.22503e+11	1.35e-27	3.34e-14	1.00e+00
 5.73330e+11	1.53e-27	3.62e-14	1.00e+00
 6.26190e+11	1.73e-27	3.91e-14	1.00e+00
 6.81164e+11	1.97e-27	4.23e-14	1.00e+00
 7.38337e+11	2.24e-27	4.58e-14	1.00e+00
 7.97798e+11	2.55e-27	4.95e-14	1.00e+00
 8.59636e+11	2.90e-27	5.36e-14	1.00e+00
 9.23949e+11	3.31e-27	5.80e-14	1.00e+00
 9.90833e+11	3.79e-27	6.27e-14	1.00e+00
 1.06039e+12	4.33e-27	6.79e-14	1.00e+00
 1.13274e+12	4.96e-27	7.35e-14	1.00e+00
 1.20797e+12	5.69e-27	7.95e-14	1.00e+00
 1.28622e+12	6.54e-27	8.60e-14	1.00e+00
 1.36759e+12	7.51e-27	9.31e-14	1.00e+00
 1.45222e+12	8.64e-27	1.01e-13	1.00e+00
 1.54024e+12	9.96e-27	1.09e-13	1.00e+00
 1.63178e+12	1.15e-26	1.18e-13	1.00e+00
 1.72697e+12	1.32e-26	1.28e-13	1.00e+00
 1.82598e+12	1.53e-26	1.38e-13	1.00e+00
 1.92010e+12	1.75e-26	1.48e-13	1.00e+00
 2.00581e+12	1.97e-26	1.58e-13	1.00e+00
 2.10258e+12	2.23e-26	1.70e-13	1.00e+00
 2.21539e+12	2.59e-26	1.83e-13	1.00e+00
 2.32540e+12	2.97e-26	1.97e-13	1.00e+00
 2.42760e+12	3.36e-26	2.11e-13	1.00e+00
 2.54242e+12	3.83e-26	2.27e-13	1.00e+00
 2.67405e+12	4.46e-26	2.45e-13	1.00e+00
 2.80347e+12	5.15e-26	2.64e-13	1.00e+00
 2.93808e+12	5.92e-26	2.85e-13	1.00e+00
 3.08553e+12	6.90e-26	3.09e-13	1.00e+00
 3.23373e+12	7.99e-26	3.33e-13	1.00e+00
 3.38786e+12	9.24e-26	3.60e-13	1.00e+00
 3.54914e+12	1.07e-25	3.89e-13	1.00e+00
 3.70898e+12	1.24e-25	4.19e-13	1.00e+00
 3.87937e+12	1.43e-25	4.52e-13	1.00e+00
 4.06447e+12	1.67e-25	4.89e-13	1.00e+00
 4.25698e+12	1.95e-25	5.29e-13	1.00e+00
 4.45719e+12	2.27e-25	5.73e-13	1.00e+00
 4.66540e+12	2.65e-25	6.20e-13	1.00e+00
 4.87549e+12	3.08e-25	6.70e-13	1.00e+00
 5.09397e+12	3.57e-25	7.24e-13	1.00e+00
 5.32766e+12	4.17e-25	7.83e-13	1.00e+00
 5.57069e+12	4.87e-25	8.48e-13	1.00e+00
 5.82345e+12	5.69e-25	9.18e-13	1.00e+00
 6.08631e+12	6.65e-25	9.94e-13	1.00e+00
 6.35969e+12	7.77e-25	1.08e-12	1.00e+00
 6.64401e+12	9.08e-25	1.16e-12	1.00e+00
 6.93969e+12	1.06e-24	1.26e-12	1.00e+00
 7.24721e+12	1.24e-24	1.36e-12	1.00e+00
 7.56013e+12	1.44e-24	1.47e-12	1.00e+00
 7.88558e+12	1.68e-24	1.59e-12	1.00e+00
 8.23093e+12	1.97e-24	1.73e-12	1.00e+00
 8.59009e+12	2.30e-24	1.87e-12	1.00e+00
 8.96362e+12	2.69e-24	2.02e-12	1.00e+00
 9.35209e+12	3.14e-24	2.19e-12	1.00e+00
 9.71442e+12	3.63e-24	2.35e-12	1.00e+00
 1.00334e+13	4.08e-24	2.50e-12	1.00e+00
 1.03892e+13	4.63e-24	2.67e-12	1.00e+00
 1.08171e+13	5.39e-24	2.88e-12	1.00e+00
 1.12474e+13	6.25e-24	3.10e-12	1.00e+00
 1.16424e+13	7.11e-24	3.31e-12	1.00e+00
 1.20827e+13	8.15e-24	3.55e-12	1.00e+00
 1.25932e+13	9.55e-24	3.84e-12	1.00e+00
 1.30926e+13	1.11e-23	4.14e-12	1.00e+00
 1.35651e+13	1.27e-23	4.43e-12	1.00e+00
 1.40908e+13	1.46e-23	4.76e-12	1.00e+00
 1.46843e+13	1.71e-23	5.15e-12	1.00e+00
 1.52801e+13	1.99e-23	5.56e-12	1.00e+00
 1.58997e+13	2.31e-23	6.01e-12	1.00e+00
 1.65656e+13	2.71e-23	6.51e-12	1.00e+00
 1.72582e+13	3.17e-23	7.04e-12	1.00e+00
 1.79784e+13	3.71e-23	7.63e-12	1.00e+00
 1.87275e+13	4.34e-23	8.26e-12	1.00e+00
 1.95065e+13	5.08e-23	8.94e-12	1.00e+00
 2.03167e+13	5.95e-23	9.69e-12	1.00e+00
 2.11593e+13	6.96e-23	1.05e-11	1.00e+00
 2.20356e+13	8.15e-23	1.14e-11	1.00e+00
 2.29470e+13	9.54e-23	1.23e-11	1.00e+00
 2.38948e+13	1.12e-22	1.33e-11	1.00e+00
 2.48182e+13	1.30e-22	1.44e-11	1.00e+00
 2.56941e+13	1.48e-22	1.54e-11	1.00e+00
 2.66673e+13	1.71e-22	1.66e-11	1.00e+00
 2.77303e+13	2.00e-22	1.79e-11	1.00e+00
 2.87522e+13	2.31e-22	1.93e-11	1.00e+00
 2.98486e+13	2.67e-22	2.08e-11	1.00e+00
 3.10725e+13	3.13e-22	2.26e-11	1.00e+00
 3.23037e+13	3.65e-22	2.44e-11	1.00e+00
 3.35842e+13	4.25e-22	2.64e-11	1.00e+00
 3.49575e+13	4.99e-22	2.87e-11	1.00e+00
 3.63858e+13	5.84e-22	3.11e-11	1.00e+00
 3.78711e+13	6.85e-22	3.38e-11	1.00e+00
 3.94159e+13	8.03e-22	3.67e-11	1.00e+00
 4.10225e+13	9.41e-22	3.98e-11	1.00e+00
 4.26933e+13	1.10e-21	4.33e-11	1.00e+00
 4.44309e+13	1.29e-21	4.70e-11	1.00e+00
 4.62381e+13	1.52e-21	5.11e-11	1.00e+00
 4.79417e+13	1.76e-21	5.51e-11	1.00e+00
 4.94720e+13	1.99e-21	5.89e-11	1.00e+00
 5.11927e+13	2.27e-21	6.34e-11	1.00e+00
 5.32234e+13	2.66e-21	6.88e-11	1.00e+00
 5.52525e+13	3.10e-21	7.46e-11	1.00e+00
 5.71687e+13	3.55e-21	8.03e-11	1.00e+00
 5.92913e+13	4.10e-21	8.69e-11	1.00e+00
 6.16929e+13	4.82e-21	9.47e-11	1.00e+00
 6.41012e+13	5.62e-21	1.03e-10	1.00e+00
 6.66059e+13	6.54e-21	1.12e-10	1.00e+00
 6.93001e+13	7.67e-21	1.22e-10	1.00e+00
 7.18187e+13	8.86e-21	1.32e-10	1.00e+00
 7.40429e+13	9.99e-21	1.42e-10	1.00e+00
 7.65249e+13	1.14e-20	1.53e-10	1.00e+00
 7.95012e+13	1.32e-20	1.66e-10	1.00e+00
 8.25000e+13	1.53e-20	1.81e-10	1.00e+00
 8.52755e+13	1.75e-20	1.95e-10	1.00e+00
 8.83733e+13	2.00e-20	2.12e-10	1.00e+00
 9.19381e+13	2.34e-20	2.32e-10	1.00e+00
 9.54142e+13	2.71e-20	2.53e-10	1.00e+00
 9.87175e+13	3.08e-20	2.75e-10	1.00e+00
 1.02384e+14	3.54e-20	2.99e-10	1.00e+00
 1.06510e+14	4.11e-20	3.29e-10	1.00e+00
 1.10637e+14	4.75e-20	3.60e-10	1.00e+00
 1.14929e+14	5.46e-20	3.95e-10	1.00e+00
 1.19427e+14	6.30e-20	4.33e-10	1.00e+00
 1.23877e+14	7.19e-20	4.73e-10	1.00e+00
 1.28633e+14	8.23e-20	5.19e-10	1.00e+00
 1.33808e+14	9.47e-20	5.72e-10	1.00e+00
 1.39191e+14	1.09e-19	6.31e-10	1.00e+00
 1.44788e+14	1.25e-19	6.95e-10	1.00e+00
 1.50610e+14	1.42e-19	7.67e-10	1.00e+00
 1.55878e+14	1.60e-19	8.36e-10	1.00e+00
 1.60275e+14	1.76e-19	8.97e-10	1.00e+00
 1.65097e+14	1.93e-19	9.66e-10	1.00e+00
 1.71194e+14	2.18e-19	1.06e-09	1.00e+00
 1.77552e+14	2.47e-19	1.16e-09	1.00e+00
 1.82953e+14	2.74e-19	1.25e-09	1.00e+00
 1.88506e+14	3.02e-19	1.35e-09	1.00e+00
 1.95493e+14	3.41e-19	1.48e-09	1.00e+00
 2.02612e+14	3.84e-19	1.62e-09	1.00e+00
 2.08772e+14	4.24e-19	1.74e-09	1.00e+00
 2.15419e+14	4.70e-19	1.88e-09	1.00e+00
 2.23574e+14	5.31e-19	2.07e-09	1.00e+00
 2.31926e+14	6.01e-19	2.26e-09	1.00e+00
 2.39570e+14	6.71e-19	2.45e-09	1.00e+00
 2.48059e+14	7.56e-19	2.67e-09	1.00e+00
 2.57929e+14	8.66e-19	2.94e-09	1.00e+00
 2.67667e+14	9.88e-19	3.21e-09	1.00e+00
 2.76943e+14	1.12e-18	3.49e-09	1.00e+00
 2.87198e+14	1.27e-18	3.81e-09	1.00e+00
 2.98716e+14	1.47e-18	4.18e-09	1.00e+00
 3.10272e+14	1.70e-18	4.58e-09	1.00e+00
 3.20559e+14	1.93e-18	4.95e-09	1.00e+00
 3.29212e+14	2.14e-18	5.27e-09	1.00e+00
 3.38527e+14	2.38e-18	5.63e-09	1.00e+00
 3.50636e+14	2.74e-18	6.11e-09	1.00e+00
 3.63310e+14	3.15e-18	6.64e-09	1.00e+00
 3.74148e+14	3.55e-18	7.11e-09	1.00e+00
 3.85668e+14	4.01e-18	7.63e-09	1.00e+00
 4.00037e+14	4.66e-18	8.30e-09	1.00e+00
 4.14802e+14	5.40e-18	9.03e-09	1.00e+00
 4.27976e+14	6.15e-18	9.70e-09	1.00e+00
 4.42389e+14	7.06e-18	1.05e-08	1.00e+00
 4.58193e+14	8.18e-18	1.13e-08	1.00e+00
 4.72646e+14	9.31e-18	1.22e-08	1.00e+00
 4.88277e+14	1.07e-17	1.31e-08	1.00e+00
 5.05768e+14	1.24e-17	1.42e-08	1.00e+00
 5.22274e+14	1.42e-17	1.52e-08	1.00e+00
 5.40325e+14	1.64e-17	1.64e-08	1.00e+00
 5.60342e+14	1.91e-17	1.78e-08	1.00e+00
 5.79009e+14	2.20e-17	1.91e-08	1.00e+00
 5.99368e+14	2.54e-17	2.07e-08	1.00e+00
 6.22138e+14	2.97e-17	2.24e-08	1.00e+00
 6.43706e+14	3.44e-17	2.42e-08	1.00e+00
 6.67107e+14	3.99e-17	2.61e-08	1.00e+00
 6.93187e+14	4.69e-17	2.83e-08	1.00e+00
 7.18317e+14	5.44e-17	3.06e-08	1.00e+00
 7.45085e+14	6.34e-17	3.31e-08	1.00e+00
 7.74918e+14	7.47e-17	3.59e-08	1.00e+00
 8.04881e+14	8.74e-17	3.89e-08	1.00e+00
 8.36043e+14	1.02e-16	4.22e-08	1.00e+00
 8.69514e+14	1.20e-16	4.58e-08	1.00e+00
 9.04325e+14	1.41e-16	4.97e-08	1.00e+00
 9.38565e+14	1.64e-16	5.36e-08	1.00e+00
 9.70696e+14	1.88e-16	5.75e-08	1.00e+00
 9.99977e+14	2.12e-16	6.11e-08	1.00e+00
 1.03136e+15	2.41e-16	6.51e-08	1.00e+00
 1.06673e+15	2.76e-16	6.97e-08	1.00e+00
 1.10064e+15	3.13e-16	7.43e-08	1.00e+00
 1.13807e+15	3.58e-16	7.95e-08	1.00e+00
 1.17978e+15	4.13e-16	8.56e-08	1.00e+00
 1.21840e+15	4.70e-16	9.13e-08	1.00e+00
 1.25993e+15	5.37e-16	9.77e-08	1.00e+00
 1.30605e+15	6.19e-16	1.05e-07	1.00e+00
 1.34907e+15	7.04e-16	1.12e-07	1.00e+00
 1.39593e+15	8.05e-16	1.20e-07	1.00e+00
 1.44807e+15	9.31e-16	1.29e-07	1.00e+00
 1.49691e+15	1.06e-15	1.38e-07	1.00e+00
 1.55023e+15	1.22e-15	1.48e-07	1.00e+00
 1.60965e+15	1.41e-15	1.59e-07	1.00e+00
 1.66546e+15	1.61e-15	1.71e-07	1.00e+00
 1.72585e+15	1.85e-15	1.83e-07	1.00e+00
 1.79312e+15	2.15e-15	1.97e-07	1.00e+00
 1.85748e+15	2.46e-15	2.12e-07	1.00e+00
 1.92620e+15	2.84e-15	2.28e-07	1.00e+00
 2.00327e+15	3.30e-15	2.46e-07	1.00e+00
 2.07970e+15	3.82e-15	2.65e-07	1.00e+00
 2.15918e+15	4.42e-15	2.86e-07	1.00e+00
 2.24558e+15	5.14e-15	3.09e-07	1.00e+00
 2.33543e+15	5.98e-15	3.34e-07	1.00e+00
 2.42887e+15	6.95e-15	3.61e-07	1.00e+00
 2.51941e+15	8.01e-15	3.88e-07	1.00e+00
 2.60462e+15	9.10e-15	4.15e-07	1.00e+00
 2.69989e+15	1.04e-14	4.46e-07	1.00e+00
 2.79615e+15	1.20e-14	4.78e-07	1.00e+00
 2.87659e+15	1.33e-14	5.06e-07	1.00e+00
 2.96203e+15	1.49e-14	5.37e-07	1.00e+00
 3.07054e+15	1.71e-14	5.77e-07	1.00e+00
 3.18383e+15	1.97e-14	6.21e-07	1.00e+00
 3.28444e+15	2.21e-14	6.61e-07	1.00e+00
 3.39380e+15	2.51e-14	7.07e-07	1.00e+00
 3.52473e+15	2.90e-14	7.63e-07	1.00e+00
 3.65704e+15	3.34e-14	8.23e-07	1.00e+00
 3.78137e+15	3.79e-14	8.81e-07	1.00e+00
 3.91939e+15	4.35e-14	9.48e-07	1.00e+00
 4.06498e+15	5.00e-14	1.02e-06	1.00e+00
 4.19427e+15	5.63e-14	1.09e-06	1.00e+00
 4.33357e+15	6.37e-14	1.16e-06	1.00e+00
 4.50056e+15	7.36e-14	1.26e-06	1.00e+00
 4.66504e+15	8.43e-14	1.35e-06	1.00e+00
 4.81156e+15	9.47e-14	1.44e-06	1.00e+00
 4.97325e+15	1.07e-13	1.55e-06	1.00e+00
 5.16595e+15	1.24e-13	1.67e-06	1.00e+00
 5.35732e+15	1.42e-13	1.80e-06	1.00e+00
 5.53242e+15	1.60e-13	1.93e-06	1.00e+00
 5.72802e+15	1.83e-13	2.07e-06	1.00e+00
 5.95536e+15	2.12e-13	2.24e-06	1.00e+00
 6.17845e+15	2.43e-13	2.42e-06	1.00e+00
 6.38945e+15	2.76e-13	2.59e-06	1.00e+00
 6.62404e+15	3.16e-13	2.79e-06	1.00e+00
 6.88903e+15	3.65e-13	3.03e-06	1.00e+00
 7.14072e+15	4.18e-13	3.26e-06	1.00e+00
 7.37017e+15	4.70e-13	3.48e-06	1.00e+00
 7.62974e+15	5.35e-13	3.74e-06	1.00e+00
 7.93199e+15	6.18e-13	4.05e-06	1.00e+00
 8.22203e+15	7.07e-13	4.36e-06	1.00e+00
 8.46204e+15	7.86e-13	4.62e-06	1.00e+00
 8.70472e+15	8.74e-13	4.90e-06	1.00e+00
 9.01873e+15	9.98e-13	5.27e-06	1.00e+00
 9.34380e+15	1.14e-12	5.66e-06	1.00e+00
 9.61906e+15	1.27e-12	6.01e-06	1.00e+00
 9.91126e+15	1.42e-12	6.39e-06	1.00e+00
 1.02780e+16	1.63e-12	6.88e-06	1.00e+00
 1.06560e+16	1.86e-12	7.41e-06	1.00e+00
 1.09887e+16	2.09e-12	7.89e-06	1.00e+00
 1.13478e+16	2.36e-12	8.42e-06	1.00e+00
 1.17818e+16	2.71e-12	9.09e-06	1.00e+00
 1.22126e+16	3.11e-12	9.79e-06	1.00e+00
 1.25949e+16	3.49e-12	1.04e-05	1.00e+00
 1.30149e+16	3.96e-12	1.11e-05	1.00e+00
 1.35174e+16	4.58e-12	1.20e-05	1.00e+00
 1.40169e+16	5.26e-12	1.30e-05	1.00e+00
 1.44711e+16	5.95e-12	1.39e-05	1.00e+00
 1.49766e+16	6.79e-12	1.49e-05	1.00e+00
 1.55675e+16	7.90e-12	1.61e-05	1.00e+00
 1.61493e+16	9.12e-12	1.74e-05	1.00e+00
 1.66957e+16	1.04e-11	1.86e-05	1.00e+00
 1.73049e+16	1.20e-11	2.01e-05	1.00e+00
 1.79971e+16	1.40e-11	2.18e-05	1.00e+00
 1.86768e+16	1.62e-11	2.36e-05	1.00e+00
 1.93301e+16	1.87e-11	2.53e-05	1.00e+00
 1.99097e+16	2.10e-11	2.70e-05	1.00e+00
 2.03978e+16	2.32e-11	2.84e-05	1.00e+00
 2.09385e+16	2.59e-11	3.00e-05	1.00e+00
 2.16414e+16	2.96e-11	3.22e-05	1.00e+00
 2.23788e+16	3.40e-11	3.46e-05	1.00e+00
 2.30100e+16	3.82e-11	3.68e-05	1.00e+00
 2.36797e+16	4.31e-11	3.91e-05	1.00e+00
 2.45393e+16	5.01e-11	4.23e-05	1.00e+00
 2.54270e+16	5.83e-11	4.57e-05	1.00e+00
 2.61856e+16	6.61e-11	4.88e-05	1.00e+00
 2.69954e+16	7.54e-11	5.22e-05	1.00e+00
 2.80022e+16	8.83e-11	5.66e-05	1.00e+00
 2.90379e+16	1.03e-10	6.14e-05	1.00e+00
 2.99608e+16	1.18e-10	6.58e-05	1.00e+00
 3.09644e+16	1.37e-10	7.08e-05	1.00e+00
 3.21623e+16	1.62e-10	7.71e-05	1.00e+00
 3.33430e+16	1.90e-10	8.37e-05	1.00e+00
 3.44046e+16	2.18e-10	8.98e-05	1.00e+00
 3.55811e+16	2.53e-10	9.69e-05	1.00e+00
 3.69710e+16	3.01e-10	1.06e-04	1.00e+00
 3.83443e+16	3.54e-10	1.15e-04	1.00e+00
 3.96119e+16	4.09e-10	1.24e-04	1.00e+00
 4.10359e+16	4.80e-10	1.34e-04	1.00e+00
 4.26773e+16	5.72e-10	1.46e-04	1.00e+00
 4.42821e+16	6.75e-10	1.59e-04	1.00e+00
 4.58179e+16	7.87e-10	1.72e-04	1.00e+00
 4.75174e+16	9.27e-10	1.87e-04	1.00e+00
 4.91151e+16	1.08e-09	2.02e-04	1.00e+00
 5.03161e+16	1.20e-09	2.13e-04	1.00e+00
 5.15465e+16	1.34e-09	2.25e-04	1.00e+00
 5.31461e+16	1.53e-09	2.41e-04	1.00e+00
 5.48760e+16	1.77e-09	2.59e-04	1.00e+00
 5.64285e+16	2.01e-09	2.76e-04	1.00e+00
 5.81000e+16	2.29e-09	2.95e-04	1.00e+00
 6.02257e+16	2.69e-09	3.20e-04	1.00e+00
 6.23762e+16	3.15e-09	3.46e-04	1.00e+00
 6.41814e+16	3.57e-09	3.69e-04	1.00e+00
 6.61031e+16	4.08e-09	3.94e-04	1.00e+00
 6.85331e+16	4.79e-09	4.27e-04	1.00e+00
 7.10869e+16	5.64e-09	4.64e-04	1.00e+00
 7.33938e+16	6.50e-09	4.98e-04	1.00e+00
 7.59168e+16	7.56e-09	5.37e-04	9.99e-01
 7.88898e+16	8.95e-09	5.85e-04	9.99e-01
 8.18036e+16	1.05e-08	6.34e-04	9.99e-01
 8.44711e+16	1.21e-08	6.81e-04	9.99e-01
 8.74623e+16	1.41e-08	7.35e-04	9.99e-01
 9.09360e+16	1.68e-08	8.01e-04	9.99e-01
 9.43500e+16	1.97e-08	8.69e-04	9.99e-01
 9.75965e+16	2.29e-08	9.36e-04	9.99e-01
 1.01196e+17	2.68e-08	1.01e-03	9.99e-01
 1.04592e+17	3.10e-08	1.09e-03	9.99e-01
 1.07119e+17	3.44e-08	1.15e-03	9.99e-01
 1.09687e+17	3.82e-08	1.21e-03	9.99e-01
 1.13024e+17	4.35e-08	1.29e-03	9.99e-01
 1.16655e+17	4.99e-08	1.38e-03	9.99e-01
 1.19932e+17	5.63e-08	1.47e-03	9.99e-01
 1.23455e+17	6.38e-08	1.56e-03	9.98e-01
 1.27956e+17	7.46e-08	1.69e-03	9.98e-01
 1.32495e+17	8.68e-08	1.82e-03	9.98e-01
 1.36257e+17	9.79e-08	1.94e-03	9.98e-01
 1.40238e+17	1.11e-07	2.06e-03	9.98e-01
 1.45339e+17	1.30e-07	2.23e-03	9.98e-01
 1.50718e+17	1.52e-07	2.41e-03	9.98e-01
 1.55435e+17	1.73e-07	2.58e-03	9.97e-01
 1.60465e+17	1.98e-07	2.76e-03	9.97e-01
 1.66574e+17	2.33e-07	2.99e-03	9.97e-01
 1.72655e+17	2.72e-07	3.23e-03	9.97e-01
 1.78037e+17	3.10e-07	3.45e-03	9.97e-01
 1.83163e+17	3.51e-07	3.67e-03	9.96e-01
 1.89046e+17	4.02e-07	3.93e-03	9.96e-01
 1.95627e+17	4.65e-07	4.23e-03	9.96e-01
 2.01175e+17	5.24e-07	4.49e-03	9.96e-01
 2.05536e+17	5.75e-07	4.70e-03	9.95e-01
 2.10293e+17	6.35e-07	4.94e-03	9.95e-01
 2.16477e+17	7.19e-07	5.25e-03	9.95e-01
 2.23068e+17	8.18e-07	5.60e-03	9.94e-01
 2.28835e+17	9.12e-07	5.92e-03	9.94e-01
 2.34979e+17	1.02e-06	6.27e-03	9.94e-01
 2.42966e+17	1.18e-06	6.73e-03	9.93e-01
 2.51091e+17	1.36e-06	7.23e-03	9.93e-01
 2.57721e+17	1.52e-06	7.64e-03	9.92e-01
 2.64665e+17	1.70e-06	8.09e-03	9.92e-01
 2.73691e+17	1.97e-06	8.70e-03	9.91e-01
 2.82979e+17	2.27e-06	9.35e-03	9.91e-01
 2.90684e+17	2.54e-06	9.90e-03	9.90e-01
 2.98779e+17	2.86e-06	1.05e-02	9.89e-01
 3.09303e+17	3.32e-06	1.13e-02	9.89e-01
 3.19882e+17	3.84e-06	1.22e-02	9.88e-01
 3.28295e+17	4.29e-06	1.29e-02	9.87e-01
 3.35459e+17	4.71e-06	1.35e-02	9.87e-01
 3.43239e+17	5.20e-06	1.42e-02	9.86e-01
 3.53353e+17	5.90e-06	1.51e-02	9.85e-01
 3.64249e+17	6.72e-06	1.61e-02	9.84e-01
 3.73709e+17	7.50e-06	1.70e-02	9.83e-01
 3.81871e+17	8.23e-06	1.78e-02	9.82e-01
 3.90796e+17	9.09e-06	1.87e-02	9.81e-01
 4.00863e+17	1.01e-05	1.98e-02	9.80e-01
 4.10462e+17	1.12e-05	2.08e-02	9.79e-01
 4.19571e+17	1.23e-05	2.18e-02	9.78e-01
 4.29999e+17	1.37e-05	2.30e-02	9.77e-01
 4.41433e+17	1.53e-05	2.44e-02	9.76e-01
 4.51931e+17	1.69e-05	2.56e-02	9.74e-01
 4.63334e+17	1.89e-05	2.71e-02	9.73e-01
 4.75816e+17	2.11e-05	2.87e-02	9.71e-01
 4.87277e+17	2.33e-05	3.02e-02	9.70e-01
 4.99752e+17	2.60e-05	3.19e-02	9.68e-01
 5.13451e+17	2.92e-05	3.38e-02	9.66e-01
 5.26160e+17	3.23e-05	3.57e-02	9.64e-01
 5.40098e+17	3.62e-05	3.78e-02	9.62e-01
 5.55305e+17	4.07e-05	4.02e-02	9.60e-01
 5.69332e+17	4.52e-05	4.25e-02	9.57e-01
 5.84738e+17	5.08e-05	4.51e-02	9.55e-01
 5.99571e+17	5.63e-05	4.77e-02	9.52e-01
 6.10788e+17	6.08e-05	4.97e-02	9.50e-01
 6.22499e+17	6.61e-05	5.20e-02	9.48e-01
 6.37724e+17	7.35e-05	5.51e-02	9.45e-01
 6.53164e+17	8.13e-05	5.82e-02	9.42e-01
 6.65894e+17	8.81e-05	6.09e-02	9.39e-01
 6.79457e+17	9.65e-05	6.40e-02	9.36e-01
 6.94521e+17	1.06e-04	6.75e-02	9.32e-01
 7.08841e+17	1.16e-04	7.10e-02	9.29e-01
 7.22672e+17	1.26e-04	7.46e-02	9.25e-01
 7.38563e+17	1.40e-04	7.91e-02	9.21e-01
 7.55388e+17	1.55e-04	8.38e-02	9.16e-01
 7.70465e+17	1.70e-04	8.84e-02	9.11e-01
 7.87101e+17	1.88e-04	9.40e-02	9.06e-01
 8.04839e+17	2.10e-04	1.00e-01	9.00e-01
 8.20657e+17	2.30e-04	1.06e-01	8.94e-01
 8.37868e+17	2.57e-04	1.13e-01	8.87e-01
 8.56450e+17	2.88e-04	1.21e-01	8.78e-01
 8.73118e+17	3.18e-04	1.29e-01	8.71e-01
 8.91092e+17	3.58e-04	1.39e-01	8.61e-01
 9.10117e+17	4.03e-04	1.49e-01	8.50e-01
 9.26787e+17	4.48e-04	1.59e-01	8.40e-01
 9.39853e+17	4.86e-04	1.68e-01	8.32e-01
 9.49895e+17	5.18e-04	1.75e-01	8.25e-01
 9.60888e+17	5.60e-04	1.83e-01	8.16e-01
 9.73012e+17	6.05e-04	1.93e-01	8.06e-01
 9.86605e+17	6.69e-04	2.05e-01	7.95e-01
 9.99540e+17	7.27e-04	2.16e-01	7.83e-01
 1.01162e+18	7.96e-04	2.28e-01	7.71e-01
 1.02360e+18	8.65e-04	2.40e-01	7.59e-01
 1.03356e+18	9.29e-04	2.51e-01	7.48e-01
 1.04459e+18	1.01e-03	2.64e-01	7.35e-01
 1.05651e+18	1.10e-03	2.79e-01	7.20e-01
 1.06958e+18	1.22e-03	2.97e-01	7.02e-01
 1.08250e+18	1.34e-03	3.14e-01	6.84e-01
 1.09177e+18	1.44e-03	3.28e-01	6.71e-01
 1.10038e+18	1.54e-03	3.41e-01	6.57e-01
 1.10981e+18	1.66e-03	3.57e-01	6.42e-01
 1.12032e+18	1.81e-03	3.75e-01	6.23e-01
 1.13214e+18	1.99e-03	3.96e-01	6.02e-01
 1.14254e+18	2.16e-03	4.14e-01	5.84e-01
 1.15053e+18	2.30e-03	4.29e-01	5.69e-01
 1.15850e+18	2.46e-03	4.45e-01	5.53e-01
 1.16887e+18	2.68e-03	4.66e-01	5.32e-01
 1.17957e+18	2.92e-03	4.87e-01	5.10e-01
 1.18846e+18	3.13e-03	5.06e-01	4.91e-01
 1.19777e+18	3.38e-03	5.25e-01	4.71e-01
 1.20740e+18	3.66e-03	5.46e-01	4.51e-01
 1.21586e+18	3.91e-03	5.63e-01	4.33e-01
 1.22526e+18	4.22e-03	5.84e-01	4.12e-01
 1.23555e+18	4.58e-03	6.06e-01	3.90e-01
 1.24496e+18	4.92e-03	6.25e-01	3.70e-01
 1.25374e+18	5.29e-03	6.43e-01	3.52e-01
 1.26375e+18	5.73e-03	6.63e-01	3.31e-01
 1.27478e+18	6.23e-03	6.85e-01	3.09e-01
 1.28500e+18	6.75e-03	7.04e-01	2.90e-01
 1.29613e+18	7.36e-03	7.24e-01	2.69e-01
 1.30855e+18	8.11e-03	7.45e-01	2.47e-01
 1.31911e+18	8.77e-03	7.61e-01	2.30e-01
 1.32746e+18	9.37e-03	7.73e-01	2.17e-01
 1.33647e+18	1.01e-02	7.86e-01	2.04e-01
 1.34819e+18	1.10e-02	8.02e-01	1.87e-01
 1.36106e+18	1.23e-02	8.18e-01	1.70e-01
 1.37264e+18	1.35e-02	8.30e-01	1.56e-01
 1.38303e+18	1.47e-02	8.40e-01	1.45e-01
 1.39463e+18	1.63e-02	8.51e-01	1.33e-01
 1.40684e+18	1.83e-02	8.60e-01	1.22e-01
 1.41671e+18	2.01e-02	8.66e-01	1.14e-01
 1.42462e+18	2.17e-02	8.71e-01	1.08e-01
 1.43314e+18	2.37e-02	8.75e-01	1.01e-01
 1.44255e+18	2.62e-02	8.79e-01	9.44e-02
 1.45092e+18	2.89e-02	8.82e-01	8.90e-02
 1.45796e+18	3.12e-02	8.84e-01	8.50e-02
 1.46548e+18	3.42e-02	8.85e-01	8.05e-02
 1.47372e+18	3.78e-02	8.86e-01	7.62e-02
 1.48095e+18	4.15e-02	8.86e-01	7.28e-02
 1.48713e+18	4.49e-02	8.85e-01	7.00e-02
 1.49388e+18	4.92e-02	8.84e-01	6.69e-02
 1.50137e+18	5.47e-02	8.81e-01	6.39e-02
 1.50809e+18	6.05e-02	8.78e-01	6.14e-02
 1.51387e+18	6.58e-02	8.75e-01	5.95e-02
 1.52014e+18	7.26e-02	8.70e-01	5.72e-02
 1.52711e+18	8.07e-02	8.64e-01	5.53e-02
 1.53365e+18	8.96e-02	8.57e-01	5.35e-02
 1.53969e+18	9.91e-02	8.49e-01	5.19e-02
 1.54573e+18	1.10e-01	8.40e-01	5.05e-02
 1.55177e+18	1.21e-01	8.30e-01	4.93e-02
 1.55705e+18	1.33e-01	8.19e-01	4.82e-02
 1.56164e+18	1.44e-01	8.09e-01	4.74e-02
 1.56601e+18	1.55e-01	7.98e-01	4.65e-02
 1.57035e+18	1.67e-01	7.87e-01	4.58e-02
 1.57389e+18	1.78e-01	7.77e-01	4.53e-02
 1.57617e+18	1.85e-01	7.70e-01	4.48e-02
 1.57824e+18	1.93e-01	7.63e-01	4.44e-02
 1.58081e+18	2.02e-01	7.54e-01	4.38e-02
 1.58351e+18	2.11e-01	7.46e-01	4.34e-02
 1.58587e+18	2.20e-01	7.37e-01	4.29e-02
 1.58800e+18	2.28e-01	7.29e-01	4.26e-02
 1.59014e+18	2.37e-01	7.21e-01	4.21e-02
 1.59243e+18	2.46e-01	7.12e-01	4.18e-02
 1.59476e+18	2.56e-01	7.02e-01	4.13e-02
 1.59704e+18	2.66e-01	6.93e-01	4.09e-02
 1.59922e+18	2.76e-01	6.83e-01	4.05e-02
 1.60144e+18	2.87e-01	6.73e-01	4.00e-02
 1.60368e+18	2.97e-01	6.63e-01	3.96e-02
 1.60594e+18	3.08e-01	6.52e-01	3.92e-02
 1.60822e+18	3.20e-01	6.42e-01	3.87e-02
 1.61041e+18	3.31e-01	6.31e-01	3.82e-02
 1.61260e+18	3.43e-01	6.20e-01	3.77e-02
 1.61484e+18	3.54e-01	6.08e-01	3.72e-02
 1.61711e+18	3.67e-01	5.96e-01	3.66e-02
 1.61932e+18	3.79e-01	5.85e-01	3.61e-02
 1.62158e+18	3.92e-01	5.73e-01	3.55e-02
 1.62387e+18	4.05e-01	5.61e-01	3.49e-02
 1.62605e+18	4.17e-01	5.49e-01	3.44e-02
 1.62824e+18	4.30e-01	5.37e-01	3.37e-02
 1.63047e+18	4.42e-01	5.25e-01	3.31e-02
 1.63270e+18	4.55e-01	5.13e-01	3.25e-02
 1.63495e+18	4.68e-01	5.01e-01	3.18e-02
 1.63713e+18	4.80e-01	4.89e-01	3.12e-02
 1.63932e+18	4.92e-01	4.77e-01	3.05e-02
 1.64155e+18	5.05e-01	4.65e-01	2.98e-02
 1.64374e+18	5.17e-01	4.54e-01	2.91e-02
 1.64590e+18	5.29e-01	4.43e-01	2.84e-02
 1.64809e+18	5.40e-01	4.32e-01	2.77e-02
 1.65029e+18	5.52e-01	4.21e-01	2.71e-02
 1.65248e+18	5.63e-01	4.11e-01	2.64e-02
 1.65466e+18	5.74e-01	4.01e-01	2.57e-02
 1.65685e+18	5.84e-01	3.91e-01	2.51e-02
 1.65909e+18	5.94e-01	3.81e-01	2.44e-02
 1.66142e+18	6.04e-01	3.72e-01	2.37e-02
 1.66376e+18	6.15e-01	3.62e-01	2.30e-02
 1.66594e+18	6.23e-01	3.54e-01	2.25e-02
 1.66810e+18	6.32e-01	3.46e-01	2.18e-02
 1.67038e+18	6.41e-01	3.38e-01	2.12e-02
 1.67265e+18	6.49e-01	3.30e-01	2.07e-02
 1.67492e+18	6.57e-01	3.23e-01	2.00e-02
 1.67723e+18	6.65e-01	3.16e-01	1.95e-02
 1.67951e+18	6.72e-01	3.09e-01	1.89e-02
 1.68185e+18	6.79e-01	3.03e-01	1.84e-02
 1.68425e+18	6.86e-01	2.96e-01	1.79e-02
 1.68669e+18	6.92e-01	2.90e-01	1.73e-02
 1.68915e+18	6.99e-01	2.85e-01	1.68e-02
 1.69164e+18	7.05e-01	2.79e-01	1.64e-02
 1.69417e+18	7.10e-01	2.74e-01	1.59e-02
 1.69674e+18	7.16e-01	2.69e-01	1.54e-02
 1.69935e+18	7.21e-01	2.64e-01	1.50e-02
 1.70199e+18	7.27e-01	2.59e-01	1.45e-02
 1.70468e+18	7.31e-01	2.54e-01	1.41e-02
 1.70740e+18	7.36e-01	2.50e-01	1.37e-02
 1.71016e+18	7.41e-01	2.46e-01	1.33e-02
 1.71298e+18	7.46e-01	2.42e-01	1.29e-02
 1.71574e+18	7.50e-01	2.38e-01	1.25e-02
 1.71861e+18	7.54e-01	2.34e-01	1.21e-02
 1.72157e+18	7.58e-01	2.30e-01	1.18e-02
 1.72462e+18	7.62e-01	2.26e-01	1.14e-02
 1.72777e+18	7.66e-01	2.23e-01	1.11e-02
 1.73089e+18	7.70e-01	2.19e-01	1.07e-02
 1.73411e+18	7.74e-01	2.16e-01	1.04e-02
 1.73745e+18	7.78e-01	2.12e-01	1.00e-02
 1.74092e+18	7.82e-01	2.09e-01	9.69e-03
 1.74455e+18	7.85e-01	2.05e-01	9.37e-03
 1.74836e+18	7.89e-01	2.02e-01	9.04e-03
 1.75257e+18	7.94e-01	1.98e-01	8.67e-03
 1.75617e+18	7.97e-01	1.95e-01	8.39e-03
 1.75835e+18	7.99e-01	1.93e-01	8.19e-03
 1.76025e+18	8.02e-01	1.90e-01	7.97e-03
 1.76250e+18	8.04e-01	1.88e-01	7.78e-03
 1.76503e+18	8.06e-01	1.86e-01	7.62e-03
 1.76774e+18	8.09e-01	1.84e-01	7.40e-03
 1.77075e+18	8.12e-01	1.81e-01	7.19e-03
 1.77415e+18	8.14e-01	1.79e-01	6.98e-03
 1.77797e+18	8.17e-01	1.76e-01	6.73e-03
 1.78267e+18	8.21e-01	1.72e-01	6.45e-03
 1.78814e+18	8.26e-01	1.68e-01	6.12e-03
 1.79350e+18	8.30e-01	1.64e-01	5.82e-03
 1.79834e+18	8.34e-01	1.61e-01	5.54e-03
 1.80283e+18	8.37e-01	1.57e-01	5.29e-03
 1.80725e+18	8.41e-01	1.54e-01	5.05e-03
 1.81166e+18	8.44e-01	1.51e-01	4.83e-03
 1.81581e+18	8.47e-01	1.48e-01	4.63e-03
 1.81960e+18	8.50e-01	1.45e-01	4.45e-03
 1.82304e+18	8.53e-01	1.43e-01	4.29e-03
 1.82617e+18	8.55e-01	1.41e-01	4.14e-03
 1.82902e+18	8.57e-01	1.39e-01	4.02e-03
 1.83161e+18	8.59e-01	1.37e-01	3.90e-03
 1.83397e+18	8.61e-01	1.35e-01	3.80e-03
 1.83655e+18	8.63e-01	1.33e-01	3.68e-03
 1.83934e+18	8.65e-01	1.31e-01	3.58e-03
 1.84188e+18	8.67e-01	1.30e-01	3.48e-03
 1.84420e+18	8.69e-01	1.28e-01	3.39e-03
 1.84630e+18	8.70e-01	1.27e-01	3.31e-03
 1.84860e+18	8.72e-01	1.25e-01	3.21e-03
 1.85109e+18	8.73e-01	1.23e-01	3.14e-03
 1.85336e+18	8.75e-01	1.22e-01	3.05e-03
 1.85542e+18	8.77e-01	1.20e-01	2.98e-03
 1.85729e+18	8.78e-01	1.19e-01	2.91e-03
 1.85935e+18	8.80e-01	1.18e-01	2.83e-03
 1.86157e+18	8.81e-01	1.16e-01	2.77e-03
 1.86358e+18	8.82e-01	1.15e-01	2.72e-03
 1.86580e+18	8.84e-01	1.14e-01	2.64e-03
 1.86818e+18	8.85e-01	1.12e-01	2.58e-03
 1.87036e+18	8.86e-01	1.11e-01	2.52e-03
 1.87274e+18	8.88e-01	1.10e-01	2.45e-03
 1.87531e+18	8.89e-01	1.08e-01	2.38e-03
 1.87765e+18	8.91e-01	1.07e-01	2.33e-03
 1.87978e+18	8.92e-01	1.06e-01	2.27e-03
 1.88171e+18	8.93e-01	1.05e-01	2.22e-03
 1.88384e+18	8.95e-01	1.03e-01	2.16e-03
 1.88613e+18	8.96e-01	1.02e-01	2.11e-03
 1.88821e+18	8.97e-01	1.01e-01	2.06e-03
 1.89011e+18	8.98e-01	9.99e-02	2.01e-03
 1.89219e+18	8.99e-01	9.86e-02	1.96e-03
 1.89444e+18	9.01e-01	9.75e-02	1.92e-03
 1.89648e+18	9.02e-01	9.64e-02	1.87e-03
 1.89834e+18	9.03e-01	9.54e-02	1.83e-03
 1.90038e+18	9.04e-01	9.41e-02	1.78e-03
 1.90258e+18	9.05e-01	9.31e-02	1.74e-03
 1.90458e+18	9.06e-01	9.21e-02	1.70e-03
 1.90677e+18	9.08e-01	9.08e-02	1.65e-03
 1.90914e+18	9.09e-01	8.97e-02	1.61e-03
 1.91129e+18	9.10e-01	8.87e-02	1.58e-03
 1.91325e+18	9.11e-01	8.77e-02	1.54e-03
 1.91540e+18	9.12e-01	8.65e-02	1.50e-03
 1.91772e+18	9.13e-01	8.55e-02	1.46e-03
 1.91983e+18	9.14e-01	8.46e-02	1.43e-03
 1.92215e+18	9.15e-01	8.34e-02	1.39e-03
 1.92464e+18	9.16e-01	8.24e-02	1.35e-03
 1.92692e+18	9.17e-01	8.14e-02	1.32e-03
 1.92898e+18	9.18e-01	8.05e-02	1.29e-03
 1.93125e+18	9.19e-01	7.94e-02	1.26e-03
 1.93419e+18	9.20e-01	7.83e-02	1.22e-03
 1.93737e+18	9.22e-01	7.73e-02	1.19e-03
 1.94027e+18	9.23e-01	7.62e-02	1.15e-03
 1.94290e+18	9.24e-01	7.52e-02	1.12e-03
 1.94530e+18	9.25e-01	7.42e-02	1.10e-03
 1.94792e+18	9.26e-01	7.31e-02	1.06e-03
 1.95076e+18	9.27e-01	7.23e-02	1.04e-03
 1.95334e+18	9.28e-01	7.13e-02	1.01e-03
 1.95569e+18	9.29e-01	7.05e-02	9.87e-04
 1.95826e+18	9.29e-01	6.96e-02	9.61e-04
 1.96160e+18	9.31e-01	6.85e-02	9.30e-04
 1.96521e+18	9.32e-01	6.75e-02	9.03e-04
 1.96850e+18	9.33e-01	6.64e-02	8.76e-04
 1.97149e+18	9.34e-01	6.55e-02	8.51e-04
 1.97421e+18	9.35e-01	6.46e-02	8.28e-04
 1.97719e+18	9.36e-01	6.36e-02	8.02e-04
 1.98041e+18	9.36e-01	6.28e-02	7.83e-04
 1.98334e+18	9.37e-01	6.20e-02	7.62e-04
 1.98655e+18	9.38e-01	6.10e-02	7.38e-04
 1.99001e+18	9.39e-01	6.02e-02	7.18e-04
 1.99317e+18	9.40e-01	5.93e-02	6.98e-04
 1.99604e+18	9.41e-01	5.85e-02	6.79e-04
 1.99918e+18	9.42e-01	5.77e-02	6.58e-04
 2.00327e+18	9.43e-01	5.67e-02	6.37e-04
 2.00768e+18	9.44e-01	5.57e-02	6.15e-04
 2.01170e+18	9.45e-01	5.48e-02	5.95e-04
 2.01535e+18	9.46e-01	5.39e-02	5.75e-04
 2.01867e+18	9.46e-01	5.31e-02	5.59e-04
 2.02232e+18	9.47e-01	5.23e-02	5.41e-04
 2.02625e+18	9.48e-01	5.15e-02	5.25e-04
 2.02983e+18	9.49e-01	5.07e-02	5.10e-04
 2.03375e+18	9.50e-01	4.99e-02	4.92e-04
 2.03799e+18	9.50e-01	4.91e-02	4.77e-04
 2.04184e+18	9.51e-01	4.83e-02	4.63e-04
 2.04607e+18	9.52e-01	4.75e-02	4.46e-04
 2.05062e+18	9.53e-01	4.67e-02	4.32e-04
 2.05477e+18	9.54e-01	4.59e-02	4.18e-04
 2.05855e+18	9.54e-01	4.52e-02	4.05e-04
 2.06269e+18	9.55e-01	4.45e-02	3.92e-04
 2.06715e+18	9.56e-01	4.38e-02	3.80e-04
 2.07122e+18	9.57e-01	4.31e-02	3.68e-04
 2.07567e+18	9.57e-01	4.23e-02	3.55e-04
 2.08048e+18	9.58e-01	4.16e-02	3.44e-04
 2.08485e+18	9.59e-01	4.10e-02	3.33e-04
 2.08965e+18	9.59e-01	4.02e-02	3.20e-04
 2.09482e+18	9.60e-01	3.95e-02	3.09e-04
 2.09953e+18	9.61e-01	3.88e-02	2.99e-04
 2.10469e+18	9.62e-01	3.81e-02	2.87e-04
 2.11027e+18	9.62e-01	3.74e-02	2.77e-04
 2.11534e+18	9.63e-01	3.67e-02	2.67e-04
 2.12089e+18	9.64e-01	3.60e-02	2.57e-04
 2.12689e+18	9.64e-01	3.53e-02	2.47e-04
 2.13235e+18	9.65e-01	3.46e-02	2.38e-04
 2.13732e+18	9.66e-01	3.40e-02	2.30e-04
 2.14276e+18	9.66e-01	3.33e-02	2.21e-04
 2.14864e+18	9.67e-01	3.27e-02	2.13e-04
 2.15398e+18	9.68e-01	3.22e-02	2.05e-04
 2.15984e+18	9.68e-01	3.15e-02	1.97e-04
 2.16617e+18	9.69e-01	3.09e-02	1.90e-04
 2.17193e+18	9.70e-01	3.03e-02	1.83e-04
 2.17823e+18	9.70e-01	2.97e-02	1.75e-04
 2.18504e+18	9.71e-01	2.90e-02	1.68e-04
 2.19124e+18	9.71e-01	2.85e-02	1.61e-04
 2.19688e+18	9.72e-01	2.80e-02	1.56e-04
 2.20306e+18	9.72e-01	2.74e-02	1.49e-04
 2.21109e+18	9.73e-01	2.67e-02	1.42e-04
 2.21977e+18	9.74e-01	2.61e-02	1.35e-04
 2.22766e+18	9.74e-01	2.54e-02	1.29e-04
 2.23484e+18	9.75e-01	2.49e-02	1.23e-04
 2.24138e+18	9.75e-01	2.44e-02	1.19e-04
 2.24854e+18	9.76e-01	2.39e-02	1.14e-04
 2.25627e+18	9.77e-01	2.33e-02	1.09e-04
 2.26331e+18	9.77e-01	2.29e-02	1.04e-04
 2.27102e+18	9.78e-01	2.23e-02	9.95e-05
 2.28104e+18	9.78e-01	2.17e-02	9.39e-05
 2.29252e+18	9.79e-01	2.10e-02	8.80e-05
 2.30385e+18	9.80e-01	2.03e-02	8.25e-05
 2.31480e+18	9.80e-01	1.97e-02	7.76e-05
 2.32587e+18	9.81e-01	1.91e-02	7.30e-05
 2.33730e+18	9.81e-01	1.85e-02	6.85e-05
 2.34898e+18	9.82e-01	1.79e-02	6.42e-05
 2.36073e+18	9.83e-01	1.73e-02	6.03e-05
 2.37257e+18	9.83e-01	1.68e-02	5.66e-05
 2.38455e+18	9.84e-01	1.63e-02	5.31e-05
 2.39669e+18	9.84e-01	1.57e-02	4.98e-05
 2.40898e+18	9.85e-01	1.52e-02	4.66e-05
 2.42139e+18	9.85e-01	1.47e-02	4.37e-05
 2.43391e+18	9.86e-01	1.43e-02	4.10e-05
 2.44655e+18	9.86e-01	1.38e-02	3.84e-05
 2.45929e+18	9.87e-01	1.34e-02	3.60e-05
 2.47206e+18	9.87e-01	1.29e-02	3.38e-05
 2.48490e+18	9.87e-01	1.25e-02	3.17e-05
 2.49794e+18	9.88e-01	1.21e-02	2.97e-05
 2.51113e+18	9.88e-01	1.17e-02	2.78e-05
 2.52441e+18	9.89e-01	1.13e-02	2.60e-05
 2.53777e+18	9.89e-01	1.10e-02	2.44e-05
 2.55123e+18	9.89e-01	1.06e-02	2.29e-05
 2.56481e+18	9.90e-01	1.03e-02	2.14e-05
 2.57856e+18	9.90e-01	9.95e-03	2.01e-05
 2.59259e+18	9.90e-01	9.62e-03	1.88e-05
 2.60690e+18	9.91e-01	9.30e-03	1.76e-05
 2.62136e+18	9.91e-01	8.99e-03	1.64e-05
 2.63596e+18	9.91e-01	8.69e-03	1.54e-05
 2.65073e+18	9.92e-01	8.40e-03	1.44e-05
 2.66572e+18	9.92e-01	8.12e-03	1.34e-05
 2.68096e+18	9.92e-01	7.84e-03	1.25e-05
 2.69647e+18	9.92e-01	7.57e-03	1.17e-05
 2.71232e+18	9.93e-01	7.31e-03	1.09e-05
 2.72856e+18	9.93e-01	7.06e-03	1.02e-05
 2.74529e+18	9.93e-01	6.81e-03	9.46e-06
 2.76247e+18	9.93e-01	6.56e-03	8.80e-06
 2.78001e+18	9.94e-01	6.32e-03	8.17e-06
 2.79792e+18	9.94e-01	6.09e-03	7.59e-06
 2.81629e+18	9.94e-01	5.86e-03	7.04e-06
 2.83520e+18	9.94e-01	5.64e-03	6.52e-06
 2.85465e+18	9.95e-01	5.42e-03	6.03e-06
 2.87473e+18	9.95e-01	5.21e-03	5.57e-06
 2.89552e+18	9.95e-01	5.00e-03	5.13e-06
 2.91690e+18	9.95e-01	4.79e-03	4.72e-06
 2.93833e+18	9.95e-01	4.60e-03	4.35e-06
 2.95916e+18	9.96e-01	4.42e-03	4.03e-06
 2.97931e+18	9.96e-01	4.26e-03	3.74e-06
 2.99939e+18	9.96e-01	4.11e-03	3.47e-06
 3.02012e+18	9.96e-01	3.95e-03	3.22e-06
 3.04190e+18	9.96e-01	3.80e-03	2.97e-06
 3.06458e+18	9.96e-01	3.65e-03	2.75e-06
 3.08788e+18	9.96e-01	3.50e-03	2.53e-06
 3.11193e+18	9.97e-01	3.35e-03	2.32e-06
 3.13757e+18	9.97e-01	3.21e-03	2.13e-06
 3.16564e+18	9.97e-01	3.05e-03	1.93e-06
 3.19536e+18	9.97e-01	2.90e-03	1.75e-06
 3.22526e+18	9.97e-01	2.76e-03	1.58e-06
 3.25524e+18	9.97e-01	2.63e-03	1.43e-06
 3.28583e+18	9.98e-01	2.50e-03	1.30e-06
 3.31724e+18	9.98e-01	2.37e-03	1.17e-06
 3.34932e+18	9.98e-01	2.25e-03	1.06e-06
 3.38199e+18	9.98e-01	2.14e-03	9.54e-07
 3.41529e+18	9.98e-01	2.03e-03	8.60e-07
 3.44928e+18	9.98e-01	1.93e-03	7.74e-07
 3.48399e+18	9.98e-01	1.83e-03	6.96e-07
 3.51945e+18	9.98e-01	1.73e-03	6.23e-07
 3.55639e+18	9.98e-01	1.64e-03	5.59e-07
 3.59372e+18	9.98e-01	1.55e-03	5.01e-07
 3.63070e+18	9.99e-01	1.46e-03	4.49e-07
 3.66893e+18	9.99e-01	1.38e-03	4.01e-07
 3.70865e+18	9.99e-01	1.31e-03	3.58e-07
 3.74940e+18	9.99e-01	1.23e-03	3.18e-07
 3.79093e+18	9.99e-01	1.16e-03	2.82e-07
 3.83336e+18	9.99e-01	1.09e-03	2.51e-07
 3.87692e+18	9.99e-01	1.03e-03	2.22e-07
 3.92170e+18	9.99e-01	9.64e-04	1.96e-07
 3.96770e+18	9.99e-01	9.04e-04	1.72e-07
 4.01498e+18	9.99e-01	8.46e-04	1.51e-07
 4.06363e+18	9.99e-01	7.92e-04	1.32e-07
 4.11379e+18	9.99e-01	7.39e-04	1.16e-07
 4.16557e+18	9.99e-01	6.89e-04	1.01e-07
 4.21907e+18	9.99e-01	6.41e-04	8.71e-08
 4.27440e+18	9.99e-01	5.95e-04	7.52e-08
 4.33174e+18	9.99e-01	5.51e-04	6.46e-08
 4.39128e+18	9.99e-01	5.09e-04	5.52e-08
 4.45294e+18	1.00e+00	4.70e-04	4.70e-08
 4.51725e+18	1.00e+00	4.32e-04	3.98e-08
 4.58391e+18	1.00e+00	3.96e-04	3.35e-08
 4.65393e+18	1.00e+00	3.62e-04	2.79e-08
 4.72858e+18	1.00e+00	3.28e-04	2.31e-08
 4.80795e+18	1.00e+00	2.97e-04	1.88e-08
 4.89202e+18	1.00e+00	2.66e-04	1.52e-08
 4.98146e+18	1.00e+00	2.38e-04	1.21e-08
 5.07795e+18	1.00e+00	2.10e-04	9.52e-09
 5.18216e+18	1.00e+00	1.84e-04	7.33e-09
 5.29572e+18	1.00e+00	1.60e-04	5.53e-09
 5.42104e+18	1.00e+00	1.37e-04	4.06e-09
 5.56127e+18	1.00e+00	1.15e-04	2.88e-09
 5.72066e+18	1.00e+00	9.48e-05	1.95e-09
 5.90348e+18	1.00e+00	7.61e-05	1.26e-09
 6.10124e+18	1.00e+00	6.03e-05	7.95e-10
 6.29875e+18	1.00e+00	4.82e-05	5.08e-10
 6.49373e+18	1.00e+00	3.87e-05	3.28e-10
 6.69098e+18	1.00e+00	3.11e-05	2.13e-10
 6.89283e+18	1.00e+00	2.49e-05	1.38e-10
 7.09964e+18	1.00e+00	2.00e-05	8.89e-11
 7.31091e+18	1.00e+00	1.61e-05	5.75e-11
 7.52701e+18	1.00e+00	1.29e-05	3.71e-11
 7.74867e+18	1.00e+00	1.03e-05	2.40e-11
 7.97570e+18	1.00e+00	8.28e-06	1.55e-11
 8.20865e+18	1.00e+00	6.64e-06	9.97e-12
 8.44892e+18	1.00e+00	5.31e-06	6.40e-12
 8.69661e+18	1.00e+00	4.24e-06	4.10e-12
 8.95139e+18	1.00e+00	3.38e-06	2.62e-12
 9.21459e+18	1.00e+00	2.69e-06	1.67e-12
 9.48735e+18	1.00e+00	2.13e-06	1.06e-12
 9.77067e+18	1.00e+00	1.69e-06	6.64e-13
 1.00659e+19	1.00e+00	1.33e-06	4.14e-13
 1.03747e+19	1.00e+00	1.04e-06	2.56e-13
 1.06998e+19	1.00e+00	8.10e-07	1.56e-13
 1.10448e+19	1.00e+00	6.24e-07	9.33e-14
 1.14136e+19	1.00e+00	4.76e-07	5.48e-14
 1.18130e+19	1.00e+00	3.57e-07	3.11e-14
 1.22520e+19	1.00e+00	2.63e-07	1.70e-14
 1.27320e+19	1.00e+00	1.90e-07	8.98e-15
 1.32412e+19	1.00e+00	1.36e-07	4.67e-15
 1.37709e+19	1.00e+00	9.75e-08	2.41e-15
 1.43217e+19	1.00e+00	6.95e-08	1.24e-15
 1.48946e+19	1.00e+00	4.94e-08	6.32e-16
 1.54904e+19	1.00e+00	3.50e-08	3.22e-16
 1.61100e+19	1.00e+00	2.47e-08	1.63e-16
 1.67544e+19	1.00e+00	1.75e-08	8.18e-17
 1.74246e+19	1.00e+00	1.23e-08	4.09e-17
 1.80925e+19	1.00e+00	8.77e-09	2.12e-17
 1.87174e+19	1.00e+00	6.49e-09	1.17e-17
 1.92755e+19	1.00e+00	5.01e-09	7.04e-18
 1.97325e+19	1.00e+00	4.10e-09	4.74e-18
 2.00843e+19	1.00e+00	3.52e-09	3.52e-18
 2.03601e+19	1.00e+00	3.14e-09	2.81e-18
 2.05759e+19	1.00e+00	2.87e-09	2.36e-18
 2.07425e+19	1.00e+00	2.69e-09	2.07e-18
 2.08714e+19	1.00e+00	2.55e-09	1.87e-18
 2.09745e+19	1.00e+00	2.45e-09	1.73e-18
 2.10622e+19	1.00e+00	2.36e-09	1.61e-18
 2.11399e+19	1.00e+00	2.29e-09	1.52e-18
 2.12084e+19	1.00e+00	2.23e-09	1.44e-18
 2.12668e+19	1.00e+00	2.18e-09	1.38e-18
 2.13093e+19	1.00e+00	2.15e-09	1.34e-18
 2.13348e+19	1.00e+00	2.13e-09	1.31e-18
 2.13510e+19	1.00e+00	2.12e-09	1.30e-18
 2.13662e+19	1.00e+00	2.11e-09	1.28e-18
 2.13857e+19	1.00e+00	2.09e-09	1.26e-18
 2.14050e+19	1.00e+00	2.07e-09	1.24e-18
 2.14195e+19	1.00e+00	2.06e-09	1.23e-18
 2.14318e+19	1.00e+00	2.05e-09	1.22e-18
 2.14460e+19	1.00e+00	2.04e-09	1.21e-18
 2.14620e+19	1.00e+00	2.03e-09	1.19e-18
 2.14760e+19	1.00e+00	2.02e-09	1.18e-18
 2.14871e+19	1.00e+00	2.01e-09	1.17e-18
 2.14980e+19	1.00e+00	2.00e-09	1.16e-18
 2.15098e+19	1.00e+00	1.99e-09	1.15e-18
 2.15217e+19	1.00e+00	1.98e-09	1.14e-18
 2.15324e+19	1.00e+00	1.97e-09	1.13e-18
 2.15421e+19	1.00e+00	1.96e-09	1.12e-18
 2.15518e+19	1.00e+00	1.96e-09	1.11e-18
 2.15617e+19	1.00e+00	1.95e-09	1.11e-18
 2.15711e+19	1.00e+00	1.94e-09	1.10e-18
 2.15798e+19	1.00e+00	1.94e-09	1.09e-18
 2.15886e+19	1.00e+00	1.93e-09	1.08e-18
 2.15983e+19	1.00e+00	1.92e-09	1.07e-18
 2.16076e+19	1.00e+00	1.91e-09	1.07e-18
 2.16155e+19	1.00e+00	1.91e-09	1.06e-18
 2.16230e+19	1.00e+00	1.90e-09	1.05e-18
 2.16318e+19	1.00e+00	1.90e-09	1.05e-18
 2.16415e+19	1.00e+00	1.89e-09	1.04e-18
 2.16499e+19	1.00e+00	1.88e-09	1.03e-18
 2.16571e+19	1.00e+00	1.88e-09	1.03e-18
 2.16655e+19	1.00e+00	1.87e-09	1.02e-18
 2.16748e+19	1.00e+00	1.86e-09	1.01e-18
 2.16831e+19	1.00e+00	1.86e-09	1.01e-18
 2.16909e+19	1.00e+00	1.85e-09	1.00e-18
 2.16997e+19	1.00e+00	1.85e-09	9.95e-19
 2.17082e+19	1.00e+00	1.84e-09	9.88e-19
 2.17173e+19	1.00e+00	1.83e-09	9.81e-19
 2.17278e+19	1.00e+00	1.82e-09	9.72e-19
 2.17378e+19	1.00e+00	1.82e-09	9.65e-19
 2.17462e+19	1.00e+00	1.81e-09	9.60e-19
 2.17546e+19	1.00e+00	1.80e-09	9.53e-19
 2.17638e+19	1.00e+00	1.80e-09	9.47e-19
 2.17739e+19	1.00e+00	1.79e-09	9.39e-19
 2.17840e+19	1.00e+00	1.78e-09	9.32e-19
 2.17939e+19	1.00e+00	1.78e-09	9.25e-19
 2.18042e+19	1.00e+00	1.77e-09	9.18e-19
 2.18145e+19	1.00e+00	1.76e-09	9.10e-19
 2.18249e+19	1.00e+00	1.75e-09	9.03e-19
 2.18361e+19	1.00e+00	1.75e-09	8.95e-19
 2.18478e+19	1.00e+00	1.74e-09	8.87e-19
 2.18598e+19	1.00e+00	1.73e-09	8.79e-19
 2.18718e+19	1.00e+00	1.72e-09	8.71e-19
 2.18837e+19	1.00e+00	1.71e-09	8.63e-19
 2.18959e+19	1.00e+00	1.70e-09	8.55e-19
 2.19081e+19	1.00e+00	1.69e-09	8.47e-19
 2.19215e+19	1.00e+00	1.69e-09	8.38e-19
 2.19370e+19	1.00e+00	1.67e-09	8.28e-19
 2.19525e+19	1.00e+00	1.66e-09	8.18e-19
 2.19664e+19	1.00e+00	1.65e-09	8.10e-19
 2.19796e+19	1.00e+00	1.65e-09	8.02e-19
 2.19940e+19	1.00e+00	1.64e-09	7.93e-19
 2.20109e+19	1.00e+00	1.62e-09	7.82e-19
 2.20291e+19	1.00e+00	1.61e-09	7.71e-19
 2.20463e+19	1.00e+00	1.60e-09	7.62e-19
 2.20619e+19	1.00e+00	1.59e-09	7.53e-19
 2.20783e+19	1.00e+00	1.58e-09	7.44e-19
 2.20971e+19	1.00e+00	1.57e-09	7.33e-19
 2.21170e+19	1.00e+00	1.55e-09	7.22e-19
 2.21369e+19	1.00e+00	1.54e-09	7.11e-19
 2.21571e+19	1.00e+00	1.53e-09	7.00e-19
 2.21775e+19	1.00e+00	1.52e-09	6.89e-19
 2.21984e+19	1.00e+00	1.50e-09	6.79e-19
 2.22182e+19	1.00e+00	1.49e-09	6.69e-19
 2.22393e+19	1.00e+00	1.48e-09	6.58e-19
 2.22651e+19	1.00e+00	1.46e-09	6.44e-19
 2.22907e+19	1.00e+00	1.45e-09	6.32e-19
 2.23139e+19	1.00e+00	1.43e-09	6.22e-19
 2.23382e+19	1.00e+00	1.42e-09	6.11e-19
 2.23655e+19	1.00e+00	1.40e-09	5.98e-19
 2.23955e+19	1.00e+00	1.38e-09	5.84e-19
 2.24256e+19	1.00e+00	1.37e-09	5.71e-19
 2.24543e+19	1.00e+00	1.35e-09	5.60e-19
 2.24842e+19	1.00e+00	1.34e-09	5.47e-19
 2.25174e+19	1.00e+00	1.32e-09	5.33e-19
 2.25526e+19	1.00e+00	1.30e-09	5.19e-19
 2.25873e+19	1.00e+00	1.28e-09	5.06e-19
 2.26224e+19	1.00e+00	1.26e-09	4.93e-19
 2.26599e+19	1.00e+00	1.24e-09	4.78e-19
 2.26994e+19	1.00e+00	1.22e-09	4.66e-19
 2.27412e+19	1.00e+00	1.20e-09	4.50e-19
 2.27847e+19	1.00e+00	1.18e-09	4.37e-19
 2.28289e+19	1.00e+00	1.16e-09	4.22e-19
 2.28747e+19	1.00e+00	1.13e-09	4.08e-19
 2.29217e+19	1.00e+00	1.11e-09	3.93e-19
 2.29713e+19	1.00e+00	1.09e-09	3.80e-19
 2.30260e+19	1.00e+00	1.06e-09	3.63e-19
 2.30828e+19	1.00e+00	1.04e-09	3.49e-19
 2.31388e+19	1.00e+00	1.01e-09	3.35e-19
 2.31961e+19	1.00e+00	9.90e-10	3.21e-19
 2.32562e+19	1.00e+00	9.64e-10	3.06e-19
 2.33198e+19	1.00e+00	9.37e-10	2.92e-19
 2.33836e+19	1.00e+00	9.10e-10	2.78e-19
 2.34459e+19	1.00e+00	8.87e-10	2.65e-19
 2.35046e+19	1.00e+00	8.63e-10	2.54e-19
 2.35603e+19	1.00e+00	8.43e-10	2.43e-19
 2.36159e+19	1.00e+00	8.22e-10	2.33e-19
 2.36731e+19	1.00e+00	8.00e-10	2.23e-19
 2.37342e+19	1.00e+00	7.79e-10	2.13e-19
 2.37954e+19	1.00e+00	7.56e-10	2.02e-19
 2.38534e+19	1.00e+00	7.36e-10	1.94e-19
 2.39079e+19	1.00e+00	7.17e-10	1.86e-19
 2.39606e+19	1.00e+00	6.99e-10	1.78e-19
 2.40174e+19	1.00e+00	6.80e-10	1.69e-19
 2.40805e+19	1.00e+00	6.60e-10	1.61e-19
 2.41432e+19	1.00e+00	6.39e-10	1.53e-19
 2.42008e+19	1.00e+00	6.20e-10	1.46e-19
 2.42554e+19	1.00e+00	6.04e-10	1.40e-19
 2.43089e+19	1.00e+00	5.88e-10	1.34e-19
 2.43651e+19	1.00e+00	5.71e-10	1.27e-19
 2.44245e+19	1.00e+00	5.53e-10	1.21e-19
 2.44866e+19	1.00e+00	5.35e-10	1.15e-19
 2.45532e+19	1.00e+00	5.17e-10	1.09e-19
 2.46195e+19	1.00e+00	4.99e-10	1.02e-19
 2.46827e+19	1.00e+00	4.83e-10	9.71e-20
 2.47442e+19	1.00e+00	4.67e-10	9.20e-20
 2.48064e+19	1.00e+00	4.51e-10	8.70e-20
 2.48745e+19	1.00e+00	4.34e-10	8.19e-20
 2.49496e+19	1.00e+00	4.17e-10	7.67e-20
 2.50240e+19	1.00e+00	4.00e-10	7.17e-20
 2.50933e+19	1.00e+00	3.85e-10	6.74e-20
 2.51589e+19	1.00e+00	3.71e-10	6.36e-20
 2.52251e+19	1.00e+00	3.57e-10	5.98e-20
 2.53017e+19	1.00e+00	3.42e-10	5.57e-20
 2.53916e+19	1.00e+00	3.25e-10	5.14e-20
 2.54822e+19	1.00e+00	3.08e-10	4.72e-20
 2.55616e+19	1.00e+00	2.94e-10	4.39e-20
 2.56330e+19	1.00e+00	2.82e-10	4.11e-20
 2.57066e+19	1.00e+00	2.70e-10	3.84e-20
 2.57942e+19	1.00e+00	2.57e-10	3.53e-20
 2.59000e+19	1.00e+00	2.42e-10	3.20e-20
 2.60084e+19	1.00e+00	2.27e-10	2.90e-20
 2.61019e+19	1.00e+00	2.15e-10	2.65e-20
 2.61824e+19	1.00e+00	2.05e-10	2.46e-20
 2.62628e+19	1.00e+00	1.95e-10	2.28e-20
 2.63545e+19	1.00e+00	1.85e-10	2.09e-20
 2.64542e+19	1.00e+00	1.75e-10	1.90e-20
 2.65489e+19	1.00e+00	1.65e-10	1.74e-20
 2.66333e+19	1.00e+00	1.57e-10	1.60e-20
 2.67127e+19	1.00e+00	1.49e-10	1.49e-20
 2.67929e+19	1.00e+00	1.42e-10	1.38e-20
 2.68756e+19	1.00e+00	1.35e-10	1.27e-20
 2.69577e+19	1.00e+00	1.29e-10	1.17e-20
 2.70368e+19	1.00e+00	1.23e-10	1.09e-20
