#depth	C	C+	C+2	C+3	C+4	C+5	C+6	C[1]	C[2]	C[3]	C+[1]	C+[2]	CO
 1.49634e+10	0.00e+00	3.29e-47	1.88e-34	2.48e-22	2.20e-09	1.77e-03	9.98e-01	0.00e+00	0.00e+00	0.00e+00	0.00e+00	0.00e+00	0.00e+00
 4.54887e+10	0.00e+00	0.00e+00	2.57e-34	3.14e-22	2.58e-09	1.92e-03	9.98e-01	0.00e+00	0.00e+00	0.00e+00	0.00e+00	0.00e+00	0.00e+00
 7.72350e+10	0.00e+00	7.23e-47	3.53e-34	3.98e-22	3.02e-09	2.07e-03	9.98e-01	0.00e+00	0.00e+00	0.00e+00	0.00e+00	0.00e+00	0.00e+00
 1.10251e+11	0.00e+00	0.00e+00	4.84e-34	5.05e-22	3.54e-09	2.24e-03	9.98e-01	0.00e+00	0.00e+00	0.00e+00	0.00e+00	0.00e+00	0.00e+00
 1.44588e+11	0.00e+00	1.59e-46	6.64e-34	6.41e-22	4.16e-09	2.42e-03	9.98e-01	0.00e+00	0.00e+00	0.00e+00	0.00e+00	0.00e+00	0.00e+00
 1.80298e+11	0.00e+00	0.00e+00	9.12e-34	8.13e-22	4.88e-09	2.62e-03	9.97e-01	0.00e+00	0.00e+00	0.00e+00	0.00e+00	0.00e+00	0.00e+00
 2.17437e+11	0.00e+00	3.51e-46	1.25e-33	1.03e-21	5.72e-09	2.83e-03	9.97e-01	0.00e+00	0.00e+00	0.00e+00	0.00e+00	0.00e+00	0.00e+00
 2.56061e+11	0.00e+00	0.00e+00	1.72e-33	1.31e-21	6.72e-09	3.07e-03	9.97e-01	0.00e+00	0.00e+00	0.00e+00	0.00e+00	0.00e+00	0.00e+00
 2.96231e+11	0.00e+00	7.74e-46	2.36e-33	1.66e-21	7.89e-09	3.32e-03	9.97e-01	0.00e+00	0.00e+00	0.00e+00	0.00e+00	0.00e+00	0.00e+00
 3.38007e+11	0.00e+00	0.00e+00	0.00e+00	2.11e-21	9.26e-09	3.59e-03	9.96e-01	0.00e+00	0.00e+00	0.00e+00	0.00e+00	0.00e+00	0.00e+00
 3.81454e+11	0.00e+00	0.00e+00	4.45e-33	2.68e-21	1.09e-08	3.88e-03	9.96e-01	0.00e+00	0.00e+00	0.00e+00	0.00e+00	0.00e+00	0.00e+00
 4.26639e+11	0.00e+00	2.54e-45	6.12e-33	3.41e-21	1.28e-08	4.19e-03	9.96e-01	0.00e+00	0.00e+00	0.00e+00	0.00e+00	0.00e+00	0.00e+00
 4.73631e+11	0.00e+00	0.00e+00	0.00e+00	4.33e-21	1.50e-08	4.53e-03	9.95e-01	0.00e+00	0.00e+00	0.00e+00	0.00e+00	0.00e+00	0.00e+00
 5.22503e+11	0.00e+00	0.00e+00	1.16e-32	5.51e-21	1.76e-08	4.90e-03	9.95e-01	0.00e+00	0.00e+00	0.00e+00	0.00e+00	0.00e+00	0.00e+00
 5.73330e+11	0.00e+00	8.35e-45	1.59e-32	7.00e-21	2.07e-08	5.30e-03	9.95e-01	0.00e+00	0.00e+00	0.00e+00	0.00e+00	0.00e+00	0.00e+00
 6.26190e+11	0.00e+00	0.00e+00	0.00e+00	8.90e-21	2.44e-08	5.73e-03	9.94e-01	0.00e+00	0.00e+00	0.00e+00	0.00e+00	0.00e+00	0.00e+00
 6.81164e+11	0.00e+00	0.00e+00	3.01e-32	1.13e-20	2.87e-08	6.20e-03	9.94e-01	0.00e+00	0.00e+00	0.00e+00	0.00e+00	0.00e+00	0.00e+00
 7.38337e+11	0.00e+00	2.75e-44	4.14e-32	1.44e-20	3.37e-08	6.70e-03	9.93e-01	0.00e+00	0.00e+00	0.00e+00	0.00e+00	0.00e+00	0.00e+00
 7.97798e+11	0.00e+00	0.00e+00	5.70e-32	1.83e-20	3.97e-08	7.24e-03	9.93e-01	0.00e+00	0.00e+00	0.00e+00	0.00e+00	0.00e+00	0.00e+00
 8.59636e+11	0.00e+00	6.10e-44	7.84e-32	2.33e-20	4.67e-08	7.83e-03	9.92e-01	0.00e+00	0.00e+00	0.00e+00	0.00e+00	0.00e+00	0.00e+00
 9.23949e+11	0.00e+00	0.00e+00	1.08e-31	2.97e-20	5.49e-08	8.46e-03	9.92e-01	0.00e+00	0.00e+00	0.00e+00	0.00e+00	0.00e+00	0.00e+00
 9.90833e+11	0.00e+00	1.35e-43	1.49e-31	3.78e-20	6.47e-08	9.15e-03	9.91e-01	0.00e+00	0.00e+00	0.00e+00	0.00e+00	0.00e+00	0.00e+00
 1.06039e+12	0.00e+00	0.00e+00	2.05e-31	4.82e-20	7.62e-08	9.88e-03	9.90e-01	0.00e+00	0.00e+00	0.00e+00	0.00e+00	0.00e+00	0.00e+00
 1.13274e+12	0.00e+00	3.01e-43	2.83e-31	6.14e-20	8.97e-08	1.07e-02	9.89e-01	0.00e+00	0.00e+00	0.00e+00	0.00e+00	0.00e+00	0.00e+00
 1.20797e+12	0.00e+00	0.00e+00	3.89e-31	7.83e-20	1.06e-07	1.15e-02	9.88e-01	0.00e+00	0.00e+00	0.00e+00	0.00e+00	0.00e+00	0.00e+00
 1.28622e+12	0.00e+00	6.68e-43	5.37e-31	9.98e-20	1.25e-07	1.25e-02	9.88e-01	0.00e+00	0.00e+00	0.00e+00	0.00e+00	0.00e+00	0.00e+00
 1.36759e+12	0.00e+00	0.00e+00	7.41e-31	1.27e-19	1.47e-07	1.35e-02	9.87e-01	0.00e+00	0.00e+00	0.00e+00	0.00e+00	0.00e+00	0.00e+00
 1.45222e+12	0.00e+00	1.49e-42	1.02e-30	1.62e-19	1.73e-07	1.46e-02	9.85e-01	0.00e+00	0.00e+00	0.00e+00	0.00e+00	0.00e+00	0.00e+00
 1.54024e+12	0.00e+00	0.00e+00	1.41e-30	2.07e-19	2.04e-07	1.57e-02	9.84e-01	0.00e+00	0.00e+00	0.00e+00	0.00e+00	0.00e+00	0.00e+00
 1.63178e+12	0.00e+00	3.31e-42	1.94e-30	2.64e-19	2.41e-07	1.70e-02	9.83e-01	0.00e+00	0.00e+00	0.00e+00	0.00e+00	0.00e+00	0.00e+00
 1.72697e+12	0.00e+00	0.00e+00	2.68e-30	3.37e-19	2.84e-07	1.84e-02	9.82e-01	0.00e+00	0.00e+00	0.00e+00	0.00e+00	0.00e+00	0.00e+00
 1.82598e+12	0.00e+00	7.38e-42	3.70e-30	4.30e-19	3.35e-07	1.98e-02	9.80e-01	0.00e+00	0.00e+00	0.00e+00	0.00e+00	0.00e+00	0.00e+00
 1.92010e+12	0.00e+00	0.00e+00	4.97e-30	5.37e-19	3.90e-07	2.13e-02	9.79e-01	0.00e+00	0.00e+00	0.00e+00	0.00e+00	0.00e+00	0.00e+00
 2.00581e+12	0.00e+00	1.47e-41	6.45e-30	6.54e-19	4.46e-07	2.26e-02	9.77e-01	0.00e+00	0.00e+00	0.00e+00	0.00e+00	0.00e+00	0.00e+00
 2.10258e+12	0.00e+00	0.00e+00	8.56e-30	8.10e-19	5.15e-07	2.42e-02	9.76e-01	0.00e+00	0.00e+00	0.00e+00	0.00e+00	0.00e+00	0.00e+00
 2.21539e+12	0.00e+00	3.11e-41	1.18e-29	1.03e-18	6.07e-07	2.61e-02	9.74e-01	0.00e+00	0.00e+00	0.00e+00	0.00e+00	0.00e+00	0.00e+00
 2.32540e+12	0.00e+00	0.00e+00	1.59e-29	1.29e-18	7.08e-07	2.80e-02	9.72e-01	0.00e+00	0.00e+00	0.00e+00	0.00e+00	0.00e+00	0.00e+00
 2.42760e+12	0.00e+00	6.30e-41	2.08e-29	1.58e-18	8.12e-07	2.99e-02	9.70e-01	0.00e+00	0.00e+00	0.00e+00	0.00e+00	0.00e+00	0.00e+00
 2.54242e+12	0.00e+00	0.00e+00	2.78e-29	1.97e-18	9.42e-07	3.20e-02	9.68e-01	0.00e+00	0.00e+00	0.00e+00	0.00e+00	0.00e+00	0.00e+00
 2.67405e+12	0.00e+00	1.35e-40	3.83e-29	2.52e-18	1.11e-06	3.45e-02	9.65e-01	0.00e+00	0.00e+00	0.00e+00	0.00e+00	0.00e+00	0.00e+00
 2.80347e+12	0.00e+00	0.00e+00	5.20e-29	3.17e-18	1.30e-06	3.71e-02	9.63e-01	0.00e+00	0.00e+00	0.00e+00	0.00e+00	0.00e+00	0.00e+00
 2.93808e+12	0.00e+00	2.88e-40	7.05e-29	3.99e-18	1.52e-06	3.98e-02	9.60e-01	0.00e+00	0.00e+00	0.00e+00	0.00e+00	0.00e+00	0.00e+00
 3.08553e+12	0.00e+00	0.00e+00	9.71e-29	5.08e-18	1.79e-06	4.30e-02	9.57e-01	0.00e+00	0.00e+00	0.00e+00	0.00e+00	0.00e+00	0.00e+00
 3.23373e+12	0.00e+00	6.31e-40	1.32e-28	6.42e-18	2.09e-06	4.62e-02	9.54e-01	0.00e+00	0.00e+00	0.00e+00	0.00e+00	0.00e+00	0.00e+00
 3.38786e+12	0.00e+00	0.00e+00	1.80e-28	8.11e-18	2.45e-06	4.96e-02	9.50e-01	0.00e+00	0.00e+00	0.00e+00	0.00e+00	0.00e+00	0.00e+00
 3.54914e+12	0.00e+00	1.37e-39	2.47e-28	1.03e-17	2.87e-06	5.34e-02	9.47e-01	0.00e+00	0.00e+00	0.00e+00	0.00e+00	0.00e+00	0.00e+00
 3.70898e+12	0.00e+00	0.00e+00	3.32e-28	1.28e-17	3.34e-06	5.72e-02	9.43e-01	0.00e+00	0.00e+00	0.00e+00	0.00e+00	0.00e+00	0.00e+00
 3.87937e+12	0.00e+00	2.90e-39	4.50e-28	1.61e-17	3.90e-06	6.14e-02	9.39e-01	0.00e+00	0.00e+00	0.00e+00	0.00e+00	0.00e+00	0.00e+00
 4.06447e+12	0.00e+00	0.00e+00	6.18e-28	2.05e-17	4.58e-06	6.61e-02	9.34e-01	0.00e+00	0.00e+00	0.00e+00	0.00e+00	0.00e+00	0.00e+00
 4.25698e+12	0.00e+00	6.40e-39	8.49e-28	2.61e-17	5.37e-06	7.11e-02	9.29e-01	0.00e+00	0.00e+00	0.00e+00	0.00e+00	0.00e+00	0.00e+00
 4.45719e+12	0.00e+00	0.00e+00	1.17e-27	3.31e-17	6.31e-06	7.64e-02	9.24e-01	0.00e+00	0.00e+00	0.00e+00	0.00e+00	0.00e+00	0.00e+00
 4.66540e+12	0.00e+00	1.41e-38	1.60e-27	4.19e-17	7.39e-06	8.22e-02	9.18e-01	0.00e+00	0.00e+00	0.00e+00	0.00e+00	0.00e+00	0.00e+00
 4.87549e+12	0.00e+00	0.00e+00	2.17e-27	5.28e-17	8.62e-06	8.81e-02	9.12e-01	0.00e+00	0.00e+00	0.00e+00	0.00e+00	0.00e+00	0.00e+00
 5.09397e+12	0.00e+00	3.03e-38	2.95e-27	6.63e-17	1.00e-05	9.44e-02	9.06e-01	0.00e+00	0.00e+00	0.00e+00	0.00e+00	0.00e+00	0.00e+00
 5.32766e+12	0.00e+00	0.00e+00	4.03e-27	8.39e-17	1.17e-05	1.01e-01	8.99e-01	0.00e+00	0.00e+00	0.00e+00	0.00e+00	0.00e+00	0.00e+00
 5.57069e+12	0.00e+00	6.63e-38	5.52e-27	1.06e-16	1.37e-05	1.09e-01	8.91e-01	0.00e+00	0.00e+00	0.00e+00	0.00e+00	0.00e+00	0.00e+00
 5.82345e+12	0.00e+00	0.00e+00	7.54e-27	1.34e-16	1.60e-05	1.17e-01	8.83e-01	0.00e+00	0.00e+00	0.00e+00	0.00e+00	0.00e+00	0.00e+00
 6.08631e+12	0.00e+00	1.45e-37	1.03e-26	1.69e-16	1.87e-05	1.25e-01	8.75e-01	0.00e+00	0.00e+00	0.00e+00	0.00e+00	0.00e+00	0.00e+00
 6.35969e+12	0.00e+00	0.00e+00	1.40e-26	2.13e-16	2.18e-05	1.34e-01	8.66e-01	0.00e+00	0.00e+00	0.00e+00	0.00e+00	0.00e+00	0.00e+00
 6.64401e+12	0.00e+00	3.14e-37	1.91e-26	2.68e-16	2.54e-05	1.43e-01	8.57e-01	0.00e+00	0.00e+00	0.00e+00	0.00e+00	0.00e+00	0.00e+00
 6.93969e+12	0.00e+00	0.00e+00	2.60e-26	3.38e-16	2.95e-05	1.53e-01	8.47e-01	0.00e+00	0.00e+00	0.00e+00	0.00e+00	0.00e+00	0.00e+00
 7.24721e+12	0.00e+00	6.81e-37	3.54e-26	4.24e-16	3.43e-05	1.64e-01	8.36e-01	0.00e+00	0.00e+00	0.00e+00	0.00e+00	0.00e+00	0.00e+00
 7.56013e+12	0.00e+00	0.00e+00	4.77e-26	5.30e-16	3.96e-05	1.74e-01	8.26e-01	0.00e+00	0.00e+00	0.00e+00	0.00e+00	0.00e+00	0.00e+00
 7.88558e+12	0.00e+00	1.44e-36	6.43e-26	6.62e-16	4.58e-05	1.86e-01	8.14e-01	0.00e+00	0.00e+00	0.00e+00	0.00e+00	0.00e+00	0.00e+00
 8.23093e+12	5.66e-48	2.12e-36	8.72e-26	8.29e-16	5.30e-05	1.98e-01	8.02e-01	0.00e+00	0.00e+00	0.00e+00	0.00e+00	0.00e+00	0.00e+00
 8.59009e+12	0.00e+00	0.00e+00	1.18e-25	1.04e-15	6.13e-05	2.11e-01	7.89e-01	0.00e+00	0.00e+00	0.00e+00	0.00e+00	0.00e+00	0.00e+00
 8.96362e+12	0.00e+00	4.54e-36	1.60e-25	1.30e-15	7.08e-05	2.24e-01	7.76e-01	0.00e+00	0.00e+00	0.00e+00	0.00e+00	0.00e+00	0.00e+00
 9.35209e+12	2.24e-47	6.62e-36	2.15e-25	1.62e-15	8.17e-05	2.38e-01	7.62e-01	0.00e+00	0.00e+00	0.00e+00	0.00e+00	0.00e+00	0.00e+00
 9.71442e+12	0.00e+00	0.00e+00	2.82e-25	1.97e-15	9.28e-05	2.51e-01	7.49e-01	0.00e+00	0.00e+00	0.00e+00	0.00e+00	0.00e+00	0.00e+00
 1.00334e+13	0.00e+00	1.24e-35	3.54e-25	2.33e-15	1.03e-04	2.63e-01	7.37e-01	0.00e+00	0.00e+00	0.00e+00	0.00e+00	0.00e+00	0.00e+00
 1.03892e+13	6.97e-47	1.69e-35	4.53e-25	2.79e-15	1.16e-04	2.75e-01	7.25e-01	0.00e+00	0.00e+00	0.00e+00	0.00e+00	0.00e+00	0.00e+00
 1.08171e+13	0.00e+00	0.00e+00	6.01e-25	3.44e-15	1.32e-04	2.91e-01	7.09e-01	0.00e+00	0.00e+00	0.00e+00	0.00e+00	0.00e+00	0.00e+00
 1.12474e+13	0.00e+00	3.44e-35	7.91e-25	4.20e-15	1.50e-04	3.06e-01	6.94e-01	0.00e+00	0.00e+00	0.00e+00	0.00e+00	0.00e+00	0.00e+00
 1.16424e+13	2.38e-46	4.67e-35	1.01e-24	5.02e-15	1.68e-04	3.20e-01	6.80e-01	0.00e+00	0.00e+00	0.00e+00	0.00e+00	0.00e+00	0.00e+00
 1.20827e+13	0.00e+00	0.00e+00	1.31e-24	6.07e-15	1.90e-04	3.35e-01	6.64e-01	0.00e+00	0.00e+00	0.00e+00	0.00e+00	0.00e+00	0.00e+00
 1.25932e+13	0.00e+00	9.39e-35	1.75e-24	7.49e-15	2.16e-04	3.53e-01	6.47e-01	0.00e+00	0.00e+00	0.00e+00	0.00e+00	0.00e+00	1.55e-168
 1.30926e+13	8.45e-46	1.33e-34	2.29e-24	9.12e-15	2.45e-04	3.70e-01	6.30e-01	0.00e+00	0.00e+00	0.00e+00	0.00e+00	0.00e+00	6.21e-233
 1.35651e+13	0.00e+00	0.00e+00	2.93e-24	1.09e-14	2.73e-04	3.86e-01	6.14e-01	0.00e+00	0.00e+00	0.00e+00	0.00e+00	0.00e+00	1.66e-297
 1.40908e+13	0.00e+00	2.54e-34	3.81e-24	1.32e-14	3.08e-04	4.03e-01	5.96e-01	0.00e+00	0.00e+00	0.00e+00	0.00e+00	0.00e+00	5.16e-167
 1.46843e+13	2.90e-45	3.66e-34	5.07e-24	1.62e-14	3.49e-04	4.23e-01	5.77e-01	0.00e+00	0.00e+00	0.00e+00	0.00e+00	0.00e+00	5.59e-232
 1.52801e+13	0.00e+00	0.00e+00	6.67e-24	1.98e-14	3.94e-04	4.41e-01	5.58e-01	0.00e+00	0.00e+00	0.00e+00	0.00e+00	0.00e+00	3.88e-297
 1.58997e+13	0.00e+00	7.36e-34	8.76e-24	2.41e-14	4.45e-04	4.60e-01	5.39e-01	0.00e+00	0.00e+00	0.00e+00	0.00e+00	0.00e+00	2.25e-165
 1.65656e+13	1.06e-44	1.06e-33	1.16e-23	2.94e-14	5.03e-04	4.80e-01	5.20e-01	0.00e+00	0.00e+00	0.00e+00	0.00e+00	0.00e+00	6.00e-231
 1.72582e+13	0.00e+00	0.00e+00	1.54e-23	3.59e-14	5.67e-04	5.00e-01	5.00e-01	0.00e+00	0.00e+00	0.00e+00	0.00e+00	0.00e+00	1.03e-296
 1.79784e+13	0.00e+00	2.16e-33	2.03e-23	4.38e-14	6.39e-04	5.19e-01	4.80e-01	0.00e+00	0.00e+00	0.00e+00	0.00e+00	0.00e+00	1.04e-163
 1.87275e+13	3.91e-44	3.08e-33	2.67e-23	5.34e-14	7.19e-04	5.39e-01	4.60e-01	0.00e+00	0.00e+00	0.00e+00	0.00e+00	0.00e+00	6.58e-230
 1.95065e+13	0.00e+00	0.00e+00	3.52e-23	6.49e-14	8.07e-04	5.59e-01	4.41e-01	0.00e+00	0.00e+00	0.00e+00	0.00e+00	0.00e+00	2.71e-296
 2.03167e+13	0.00e+00	6.26e-33	4.63e-23	7.88e-14	9.05e-04	5.78e-01	4.21e-01	0.00e+00	0.00e+00	0.00e+00	0.00e+00	0.00e+00	4.75e-162
 2.11593e+13	1.43e-43	8.91e-33	6.08e-23	9.56e-14	1.01e-03	5.97e-01	4.02e-01	0.00e+00	0.00e+00	0.00e+00	0.00e+00	0.00e+00	6.97e-229
 2.20356e+13	0.00e+00	0.00e+00	7.98e-23	1.16e-13	1.13e-03	6.16e-01	3.83e-01	0.00e+00	0.00e+00	0.00e+00	0.00e+00	0.00e+00	6.86e-296
 2.29470e+13	0.00e+00	1.80e-32	1.05e-22	1.40e-13	1.27e-03	6.35e-01	3.64e-01	0.00e+00	0.00e+00	0.00e+00	0.00e+00	0.00e+00	2.12e-160
 2.38948e+13	5.21e-43	2.55e-32	1.37e-22	1.69e-13	1.41e-03	6.53e-01	3.46e-01	0.00e+00	0.00e+00	0.00e+00	0.00e+00	0.00e+00	7.04e-228
 2.48182e+13	0.00e+00	0.00e+00	1.76e-22	2.02e-13	1.56e-03	6.69e-01	3.29e-01	0.00e+00	0.00e+00	0.00e+00	0.00e+00	0.00e+00	1.68e-295
 2.56941e+13	0.00e+00	4.75e-32	2.21e-22	2.37e-13	1.71e-03	6.84e-01	3.14e-01	0.00e+00	0.00e+00	0.00e+00	0.00e+00	0.00e+00	7.21e-159
 2.66673e+13	1.66e-42	6.54e-32	2.83e-22	2.81e-13	1.88e-03	7.00e-01	2.98e-01	0.00e+00	0.00e+00	0.00e+00	0.00e+00	0.00e+00	5.91e-227
 2.77303e+13	0.00e+00	9.15e-32	3.66e-22	3.36e-13	2.08e-03	7.16e-01	2.82e-01	0.00e+00	0.00e+00	0.00e+00	0.00e+00	0.00e+00	3.73e-295
 2.87522e+13	3.69e-42	1.25e-31	4.64e-22	3.96e-13	2.29e-03	7.30e-01	2.68e-01	0.00e+00	0.00e+00	0.00e+00	0.00e+00	0.00e+00	3.30e-136
 2.98486e+13	0.00e+00	1.72e-31	5.93e-22	4.69e-13	2.51e-03	7.44e-01	2.53e-01	0.00e+00	0.00e+00	0.00e+00	0.00e+00	0.00e+00	6.00e-205
 3.10725e+13	8.38e-42	2.42e-31	7.72e-22	5.63e-13	2.78e-03	7.59e-01	2.38e-01	0.00e+00	0.00e+00	0.00e+00	0.00e+00	0.00e+00	9.41e-274
 3.23037e+13	0.00e+00	3.38e-31	9.95e-22	6.71e-13	3.06e-03	7.73e-01	2.24e-01	0.00e+00	0.00e+00	0.00e+00	0.00e+00	0.00e+00	9.13e-156
 3.35842e+13	1.90e-41	4.71e-31	1.28e-21	7.99e-13	3.37e-03	7.86e-01	2.11e-01	0.00e+00	0.00e+00	0.00e+00	0.00e+00	0.00e+00	2.87e-225
 3.49575e+13	0.00e+00	6.64e-31	1.67e-21	9.56e-13	3.71e-03	7.99e-01	1.98e-01	0.00e+00	0.00e+00	0.00e+00	0.00e+00	0.00e+00	9.50e-295
 3.63858e+13	4.45e-41	9.35e-31	2.16e-21	1.14e-12	4.09e-03	8.11e-01	1.85e-01	0.00e+00	0.00e+00	0.00e+00	0.00e+00	0.00e+00	2.66e-133
 3.78711e+13	0.00e+00	1.32e-30	2.81e-21	1.37e-12	4.51e-03	8.22e-01	1.73e-01	0.00e+00	0.00e+00	0.00e+00	0.00e+00	0.00e+00	5.44e-204
 3.94159e+13	1.04e-40	1.86e-30	3.65e-21	1.63e-12	4.96e-03	8.33e-01	1.62e-01	0.00e+00	0.00e+00	0.00e+00	0.00e+00	0.00e+00	0.00e+00
 4.10225e+13	0.00e+00	2.61e-30	4.73e-21	1.95e-12	5.45e-03	8.44e-01	1.51e-01	0.00e+00	0.00e+00	0.00e+00	0.00e+00	0.00e+00	1.62e-152
 4.26933e+13	2.43e-40	3.68e-30	6.14e-21	2.33e-12	5.99e-03	8.54e-01	1.40e-01	0.00e+00	0.00e+00	0.00e+00	0.00e+00	0.00e+00	0.00e+00
 4.44309e+13	0.00e+00	5.19e-30	7.97e-21	2.78e-12	6.58e-03	8.63e-01	1.31e-01	0.00e+00	0.00e+00	0.00e+00	0.00e+00	0.00e+00	1.99e-151
 4.62381e+13	5.71e-40	7.32e-30	1.03e-20	3.31e-12	7.22e-03	8.71e-01	1.21e-01	0.00e+00	0.00e+00	0.00e+00	0.00e+00	0.00e+00	0.00e+00
 4.79417e+13	0.00e+00	1.00e-29	1.31e-20	3.89e-12	7.85e-03	8.79e-01	1.14e-01	0.00e+00	0.00e+00	0.00e+00	0.00e+00	0.00e+00	2.18e-150
 4.94720e+13	1.18e-39	1.31e-29	1.61e-20	4.47e-12	8.44e-03	8.84e-01	1.07e-01	0.00e+00	0.00e+00	0.00e+00	0.00e+00	0.00e+00	0.00e+00
 5.11927e+13	0.00e+00	1.77e-29	2.02e-20	5.20e-12	9.14e-03	8.91e-01	1.00e-01	0.00e+00	0.00e+00	0.00e+00	0.00e+00	0.00e+00	1.75e-149
 5.32234e+13	2.59e-39	2.48e-29	2.61e-20	6.18e-12	1.00e-02	8.97e-01	9.31e-02	0.00e+00	0.00e+00	0.00e+00	0.00e+00	0.00e+00	0.00e+00
 5.52525e+13	0.00e+00	3.43e-29	3.34e-20	7.30e-12	1.09e-02	9.03e-01	8.65e-02	0.00e+00	0.00e+00	0.00e+00	0.00e+00	0.00e+00	1.96e-148
 5.71687e+13	5.64e-39	4.62e-29	4.18e-20	8.49e-12	1.18e-02	9.07e-01	8.09e-02	0.00e+00	0.00e+00	0.00e+00	0.00e+00	0.00e+00	0.00e+00
 5.92913e+13	0.00e+00	6.37e-29	5.33e-20	9.99e-12	1.28e-02	9.12e-01	7.52e-02	0.00e+00	0.00e+00	0.00e+00	0.00e+00	0.00e+00	1.87e-147
 6.16929e+13	1.29e-38	9.02e-29	6.94e-20	1.19e-11	1.40e-02	9.17e-01	6.94e-02	0.00e+00	0.00e+00	0.00e+00	0.00e+00	0.00e+00	0.00e+00
 6.41012e+13	0.00e+00	1.27e-28	8.97e-20	1.42e-11	1.53e-02	9.21e-01	6.42e-02	0.00e+00	0.00e+00	0.00e+00	0.00e+00	0.00e+00	2.27e-146
 6.66059e+13	3.01e-38	1.78e-28	1.16e-19	1.68e-11	1.67e-02	9.24e-01	5.92e-02	0.00e+00	0.00e+00	0.00e+00	0.00e+00	0.00e+00	0.00e+00
 6.93001e+13	0.00e+00	2.53e-28	1.51e-19	2.01e-11	1.83e-02	9.27e-01	5.45e-02	0.00e+00	0.00e+00	0.00e+00	0.00e+00	0.00e+00	2.81e-145
 7.18187e+13	6.94e-38	3.48e-28	1.93e-19	2.36e-11	1.98e-02	9.30e-01	5.05e-02	0.00e+00	0.00e+00	0.00e+00	0.00e+00	0.00e+00	0.00e+00
 7.40429e+13	0.00e+00	4.57e-28	2.37e-19	2.71e-11	2.13e-02	9.31e-01	4.74e-02	0.00e+00	0.00e+00	0.00e+00	0.00e+00	0.00e+00	2.39e-144
 7.65249e+13	1.41e-37	6.14e-28	2.97e-19	3.15e-11	2.29e-02	9.33e-01	4.41e-02	0.00e+00	0.00e+00	0.00e+00	0.00e+00	0.00e+00	0.00e+00
 7.95012e+13	0.00e+00	8.66e-28	3.85e-19	3.74e-11	2.50e-02	9.34e-01	4.06e-02	0.00e+00	0.00e+00	0.00e+00	0.00e+00	0.00e+00	2.43e-143
 8.25000e+13	3.27e-37	1.21e-27	4.96e-19	4.43e-11	2.72e-02	9.35e-01	3.74e-02	0.00e+00	0.00e+00	0.00e+00	0.00e+00	0.00e+00	0.00e+00
 8.52755e+13	0.00e+00	1.64e-27	6.23e-19	5.16e-11	2.94e-02	9.36e-01	3.47e-02	0.00e+00	0.00e+00	0.00e+00	0.00e+00	0.00e+00	2.41e-142
 8.83733e+13	7.13e-37	2.26e-27	7.97e-19	6.08e-11	3.18e-02	9.36e-01	3.20e-02	0.00e+00	0.00e+00	0.00e+00	0.00e+00	0.00e+00	0.00e+00
 9.19381e+13	0.00e+00	3.25e-27	1.05e-18	7.29e-11	3.49e-02	9.36e-01	2.92e-02	0.00e+00	0.00e+00	0.00e+00	0.00e+00	0.00e+00	2.86e-141
 9.54142e+13	1.70e-36	4.57e-27	1.36e-18	8.66e-11	3.79e-02	9.35e-01	2.68e-02	0.00e+00	0.00e+00	0.00e+00	0.00e+00	0.00e+00	0.00e+00
 9.87175e+13	0.00e+00	6.24e-27	1.72e-18	1.01e-10	4.10e-02	9.34e-01	2.48e-02	0.00e+00	0.00e+00	0.00e+00	0.00e+00	0.00e+00	2.99e-140
 1.02384e+14	3.82e-36	8.74e-27	2.22e-18	1.20e-10	4.46e-02	9.33e-01	2.27e-02	0.00e+00	0.00e+00	0.00e+00	0.00e+00	0.00e+00	0.00e+00
 1.06510e+14	0.00e+00	1.26e-26	2.94e-18	1.44e-10	4.88e-02	9.31e-01	2.07e-02	0.00e+00	0.00e+00	0.00e+00	0.00e+00	0.00e+00	3.70e-139
 1.10637e+14	9.31e-36	1.79e-26	3.84e-18	1.73e-10	5.32e-02	9.28e-01	1.89e-02	0.00e+00	0.00e+00	0.00e+00	0.00e+00	0.00e+00	0.00e+00
 1.14929e+14	0.00e+00	2.55e-26	5.03e-18	2.06e-10	5.80e-02	9.25e-01	1.72e-02	0.00e+00	0.00e+00	0.00e+00	0.00e+00	0.00e+00	4.63e-138
 1.19427e+14	2.25e-35	3.65e-26	6.61e-18	2.47e-10	6.34e-02	9.21e-01	1.56e-02	0.00e+00	0.00e+00	0.00e+00	0.00e+00	0.00e+00	0.00e+00
 1.23877e+14	0.00e+00	5.13e-26	8.57e-18	2.94e-10	6.89e-02	9.17e-01	1.43e-02	0.00e+00	0.00e+00	0.00e+00	0.00e+00	0.00e+00	5.60e-137
 1.28633e+14	5.29e-35	7.28e-26	1.12e-17	3.51e-10	7.50e-02	9.12e-01	1.30e-02	0.00e+00	0.00e+00	0.00e+00	0.00e+00	0.00e+00	0.00e+00
 1.33808e+14	0.00e+00	1.05e-25	1.49e-17	4.24e-10	8.20e-02	9.06e-01	1.17e-02	0.00e+00	0.00e+00	0.00e+00	0.00e+00	0.00e+00	7.29e-136
 1.39191e+14	1.31e-34	1.52e-25	1.97e-17	5.11e-10	8.96e-02	9.00e-01	1.06e-02	0.00e+00	0.00e+00	0.00e+00	0.00e+00	0.00e+00	0.00e+00
 1.44788e+14	0.00e+00	2.19e-25	2.61e-17	6.15e-10	9.79e-02	8.93e-01	9.54e-03	0.00e+00	0.00e+00	0.00e+00	0.00e+00	0.00e+00	9.99e-135
 1.50610e+14	3.24e-34	3.15e-25	3.46e-17	7.42e-10	1.07e-01	8.85e-01	8.59e-03	0.00e+00	0.00e+00	0.00e+00	0.00e+00	0.00e+00	1.38e-97
 1.55878e+14	0.00e+00	4.33e-25	4.41e-17	8.73e-10	1.15e-01	8.77e-01	7.83e-03	0.00e+00	0.00e+00	0.00e+00	0.00e+00	0.00e+00	0.00e+00
 1.60275e+14	6.58e-34	5.60e-25	5.38e-17	9.95e-10	1.23e-01	8.70e-01	7.25e-03	0.00e+00	0.00e+00	0.00e+00	0.00e+00	0.00e+00	4.51e-114
 1.65097e+14	0.00e+00	7.35e-25	6.64e-17	1.14e-09	1.31e-01	8.63e-01	6.69e-03	0.00e+00	0.00e+00	0.00e+00	0.00e+00	0.00e+00	6.72e-98
 1.71194e+14	1.38e-33	1.02e-24	8.57e-17	1.36e-09	1.41e-01	8.53e-01	6.05e-03	0.00e+00	0.00e+00	0.00e+00	0.00e+00	0.00e+00	3.99e-292
 1.77552e+14	0.00e+00	1.42e-24	1.11e-16	1.61e-09	1.53e-01	8.42e-01	5.46e-03	0.00e+00	0.00e+00	0.00e+00	0.00e+00	0.00e+00	8.11e-132
 1.82953e+14	2.90e-33	1.86e-24	1.36e-16	1.85e-09	1.63e-01	8.32e-01	5.01e-03	0.00e+00	0.00e+00	0.00e+00	0.00e+00	0.00e+00	1.77e-95
 1.88506e+14	0.00e+00	2.44e-24	1.68e-16	2.12e-09	1.73e-01	8.22e-01	4.60e-03	0.00e+00	0.00e+00	0.00e+00	0.00e+00	0.00e+00	0.00e+00
 1.95493e+14	5.99e-33	3.36e-24	2.16e-16	2.50e-09	1.86e-01	8.09e-01	4.14e-03	0.00e+00	0.00e+00	0.00e+00	0.00e+00	0.00e+00	1.62e-111
 2.02612e+14	0.00e+00	4.61e-24	2.76e-16	2.94e-09	2.00e-01	7.96e-01	3.73e-03	0.00e+00	0.00e+00	0.00e+00	0.00e+00	0.00e+00	1.03e-95
 2.08772e+14	1.22e-32	5.98e-24	3.37e-16	3.36e-09	2.12e-01	7.84e-01	3.42e-03	0.00e+00	0.00e+00	0.00e+00	0.00e+00	0.00e+00	0.00e+00
 2.15419e+14	0.00e+00	7.83e-24	4.16e-16	3.87e-09	2.26e-01	7.71e-01	3.11e-03	0.00e+00	0.00e+00	0.00e+00	0.00e+00	0.00e+00	3.95e-129
 2.23574e+14	2.50e-32	1.08e-23	5.33e-16	4.55e-09	2.42e-01	7.55e-01	2.78e-03	0.00e+00	0.00e+00	0.00e+00	0.00e+00	0.00e+00	2.10e-93
 2.31926e+14	0.00e+00	1.47e-23	6.78e-16	5.34e-09	2.59e-01	7.39e-01	2.49e-03	0.00e+00	0.00e+00	0.00e+00	0.00e+00	0.00e+00	0.00e+00
 2.39570e+14	5.11e-32	1.92e-23	8.37e-16	6.13e-09	2.74e-01	7.23e-01	2.26e-03	0.00e+00	0.00e+00	0.00e+00	0.00e+00	0.00e+00	5.39e-109
 2.48059e+14	7.28e-32	2.56e-23	1.05e-15	7.10e-09	2.92e-01	7.06e-01	2.03e-03	0.00e+00	0.00e+00	0.00e+00	0.00e+00	0.00e+00	2.27e-92
 2.57929e+14	1.08e-31	3.52e-23	1.34e-15	8.35e-09	3.12e-01	6.87e-01	1.79e-03	0.00e+00	0.00e+00	0.00e+00	0.00e+00	0.00e+00	0.00e+00
 2.67667e+14	1.56e-31	4.74e-23	1.69e-15	9.71e-09	3.31e-01	6.67e-01	1.60e-03	0.00e+00	0.00e+00	0.00e+00	0.00e+00	0.00e+00	1.16e-107
 2.76943e+14	2.17e-31	6.22e-23	2.08e-15	1.11e-08	3.49e-01	6.49e-01	1.43e-03	0.00e+00	0.00e+00	0.00e+00	0.00e+00	0.00e+00	2.68e-91
 2.87198e+14	3.09e-31	8.28e-23	2.60e-15	1.29e-08	3.69e-01	6.29e-01	1.27e-03	0.00e+00	0.00e+00	0.00e+00	0.00e+00	0.00e+00	0.00e+00
 2.98716e+14	4.51e-31	1.12e-22	3.29e-15	1.50e-08	3.91e-01	6.08e-01	1.12e-03	0.00e+00	0.00e+00	0.00e+00	0.00e+00	0.00e+00	2.30e-106
 3.10272e+14	6.46e-31	1.50e-22	4.12e-15	1.73e-08	4.13e-01	5.86e-01	9.89e-04	0.00e+00	0.00e+00	0.00e+00	0.00e+00	0.00e+00	3.24e-90
 3.20559e+14	8.78e-31	1.92e-22	4.99e-15	1.96e-08	4.32e-01	5.68e-01	8.87e-04	0.00e+00	0.00e+00	0.00e+00	0.00e+00	0.00e+00	0.00e+00
 3.29212e+14	1.12e-30	2.35e-22	5.81e-15	2.16e-08	4.47e-01	5.52e-01	8.11e-04	0.00e+00	0.00e+00	0.00e+00	0.00e+00	0.00e+00	3.10e-105
 3.38527e+14	1.45e-30	2.89e-22	6.82e-15	2.39e-08	4.63e-01	5.36e-01	7.38e-04	0.00e+00	0.00e+00	0.00e+00	0.00e+00	0.00e+00	2.13e-89
 3.50636e+14	2.01e-30	3.74e-22	8.32e-15	2.71e-08	4.83e-01	5.16e-01	6.55e-04	0.00e+00	0.00e+00	0.00e+00	0.00e+00	0.00e+00	0.00e+00
 3.63310e+14	2.77e-30	4.85e-22	1.01e-14	3.07e-08	5.04e-01	4.95e-01	5.80e-04	0.00e+00	0.00e+00	0.00e+00	0.00e+00	0.00e+00	4.19e-104
 3.74148e+14	3.61e-30	5.99e-22	1.19e-14	3.40e-08	5.21e-01	4.79e-01	5.23e-04	0.00e+00	0.00e+00	0.00e+00	0.00e+00	0.00e+00	1.79e-88
 3.85668e+14	4.73e-30	7.45e-22	1.41e-14	3.77e-08	5.38e-01	4.61e-01	4.70e-04	0.00e+00	0.00e+00	0.00e+00	0.00e+00	0.00e+00	0.00e+00
 4.00037e+14	6.53e-30	9.65e-22	1.71e-14	4.26e-08	5.59e-01	4.40e-01	4.13e-04	0.00e+00	0.00e+00	0.00e+00	0.00e+00	0.00e+00	5.20e-103
 4.14802e+14	8.97e-30	1.24e-21	2.08e-14	4.81e-08	5.79e-01	4.20e-01	3.63e-04	0.00e+00	0.00e+00	0.00e+00	0.00e+00	0.00e+00	1.57e-87
 4.27976e+14	1.18e-29	1.55e-21	2.45e-14	5.32e-08	5.97e-01	4.03e-01	3.24e-04	0.00e+00	0.00e+00	0.00e+00	0.00e+00	0.00e+00	3.00e-102
 4.42389e+14	1.57e-29	1.94e-21	2.91e-14	5.91e-08	6.15e-01	3.85e-01	2.88e-04	0.00e+00	0.00e+00	0.00e+00	0.00e+00	0.00e+00	6.05e-87
 4.58193e+14	2.12e-29	2.47e-21	3.48e-14	6.60e-08	6.33e-01	3.66e-01	2.53e-04	0.00e+00	0.00e+00	0.00e+00	0.00e+00	0.00e+00	1.75e-101
 4.72646e+14	2.76e-29	3.04e-21	4.08e-14	7.27e-08	6.49e-01	3.50e-01	2.25e-04	0.00e+00	0.00e+00	0.00e+00	0.00e+00	0.00e+00	2.40e-86
 4.88277e+14	3.63e-29	3.79e-21	4.80e-14	8.03e-08	6.66e-01	3.34e-01	2.00e-04	0.00e+00	0.00e+00	0.00e+00	0.00e+00	0.00e+00	8.96e-101
 5.05768e+14	4.89e-29	4.79e-21	5.72e-14	8.92e-08	6.83e-01	3.17e-01	1.75e-04	0.00e+00	0.00e+00	0.00e+00	0.00e+00	0.00e+00	9.79e-86
 5.22274e+14	6.39e-29	5.92e-21	6.71e-14	9.80e-08	6.98e-01	3.01e-01	1.55e-04	0.00e+00	0.00e+00	0.00e+00	0.00e+00	0.00e+00	5.02e-100
 5.40325e+14	8.48e-29	7.40e-21	7.91e-14	1.08e-07	7.14e-01	2.86e-01	1.37e-04	0.00e+00	0.00e+00	0.00e+00	0.00e+00	0.00e+00	3.85e-85
 5.60342e+14	1.15e-28	9.38e-21	9.43e-14	1.20e-07	7.30e-01	2.70e-01	1.19e-04	0.00e+00	0.00e+00	0.00e+00	0.00e+00	0.00e+00	3.03e-99
 5.79009e+14	1.50e-28	1.16e-20	1.10e-13	1.31e-07	7.44e-01	2.56e-01	1.05e-04	0.00e+00	0.00e+00	0.00e+00	0.00e+00	0.00e+00	1.62e-84
 5.99368e+14	1.99e-28	1.45e-20	1.30e-13	1.45e-07	7.58e-01	2.42e-01	9.20e-05	0.00e+00	0.00e+00	0.00e+00	0.00e+00	0.00e+00	1.70e-98
 6.22138e+14	2.70e-28	1.84e-20	1.54e-13	1.60e-07	7.73e-01	2.27e-01	7.97e-05	0.00e+00	0.00e+00	0.00e+00	0.00e+00	0.00e+00	7.23e-84
 6.43706e+14	3.57e-28	2.29e-20	1.81e-13	1.75e-07	7.86e-01	2.14e-01	6.99e-05	0.00e+00	0.00e+00	0.00e+00	0.00e+00	0.00e+00	1.05e-97
 6.67107e+14	4.77e-28	2.87e-20	2.13e-13	1.92e-07	7.98e-01	2.02e-01	6.09e-05	0.00e+00	0.00e+00	0.00e+00	0.00e+00	0.00e+00	3.11e-83
 6.93187e+14	6.52e-28	3.65e-20	2.53e-13	2.12e-07	8.11e-01	1.89e-01	5.25e-05	0.00e+00	0.00e+00	0.00e+00	0.00e+00	0.00e+00	6.97e-97
 7.18317e+14	8.70e-28	4.57e-20	2.98e-13	2.32e-07	8.23e-01	1.77e-01	4.58e-05	0.00e+00	0.00e+00	0.00e+00	0.00e+00	0.00e+00	1.47e-82
 7.45085e+14	1.17e-27	5.75e-20	3.50e-13	2.55e-07	8.34e-01	1.66e-01	3.97e-05	0.00e+00	0.00e+00	0.00e+00	0.00e+00	0.00e+00	4.43e-96
 7.74918e+14	1.61e-27	7.34e-20	4.17e-13	2.81e-07	8.45e-01	1.55e-01	3.41e-05	0.00e+00	0.00e+00	0.00e+00	0.00e+00	0.00e+00	7.29e-82
 8.04881e+14	2.18e-27	9.30e-20	4.93e-13	3.08e-07	8.55e-01	1.45e-01	2.94e-05	0.00e+00	0.00e+00	0.00e+00	0.00e+00	0.00e+00	3.21e-95
 8.36043e+14	2.96e-27	1.18e-19	5.82e-13	3.37e-07	8.65e-01	1.35e-01	2.54e-05	0.00e+00	0.00e+00	0.00e+00	0.00e+00	0.00e+00	3.67e-81
 8.69514e+14	4.07e-27	1.50e-19	6.90e-13	3.70e-07	8.74e-01	1.26e-01	2.18e-05	0.00e+00	0.00e+00	0.00e+00	0.00e+00	0.00e+00	2.34e-94
 9.04325e+14	5.58e-27	1.91e-19	8.17e-13	4.06e-07	8.83e-01	1.17e-01	1.87e-05	0.00e+00	0.00e+00	0.00e+00	0.00e+00	0.00e+00	1.97e-80
 9.38565e+14	7.54e-27	2.41e-19	9.58e-13	4.42e-07	8.90e-01	1.10e-01	1.62e-05	0.00e+00	0.00e+00	0.00e+00	0.00e+00	0.00e+00	1.68e-93
 9.70696e+14	9.89e-27	2.96e-19	1.11e-12	4.77e-07	8.97e-01	1.03e-01	1.42e-05	0.00e+00	0.00e+00	0.00e+00	0.00e+00	0.00e+00	9.07e-80
 9.99977e+14	1.26e-26	3.55e-19	1.25e-12	5.10e-07	9.02e-01	9.76e-02	1.26e-05	0.00e+00	0.00e+00	0.00e+00	0.00e+00	0.00e+00	8.65e-93
 1.03136e+15	1.61e-26	4.29e-19	1.43e-12	5.47e-07	9.08e-01	9.21e-02	1.12e-05	0.00e+00	0.00e+00	0.00e+00	0.00e+00	0.00e+00	3.37e-79
 1.06673e+15	2.12e-26	5.28e-19	1.65e-12	5.90e-07	9.13e-01	8.65e-02	9.82e-06	0.00e+00	0.00e+00	0.00e+00	0.00e+00	0.00e+00	4.61e-92
 1.10064e+15	2.73e-26	6.40e-19	1.88e-12	6.32e-07	9.18e-01	8.17e-02	8.69e-06	0.00e+00	0.00e+00	0.00e+00	0.00e+00	0.00e+00	1.39e-78
 1.13807e+15	3.57e-26	7.86e-19	2.16e-12	6.80e-07	9.23e-01	7.67e-02	7.63e-06	0.00e+00	0.00e+00	0.00e+00	0.00e+00	0.00e+00	2.48e-91
 1.17978e+15	4.78e-26	9.79e-19	2.51e-12	7.35e-07	9.28e-01	7.17e-02	6.63e-06	0.00e+00	0.00e+00	0.00e+00	0.00e+00	0.00e+00	6.33e-78
 1.21840e+15	6.20e-26	1.19e-18	2.87e-12	7.88e-07	9.32e-01	6.75e-02	5.85e-06	0.00e+00	0.00e+00	0.00e+00	0.00e+00	0.00e+00	1.46e-90
 1.25993e+15	8.13e-26	1.46e-18	3.30e-12	8.47e-07	9.37e-01	6.34e-02	5.14e-06	0.00e+00	0.00e+00	0.00e+00	0.00e+00	0.00e+00	2.68e-77
 1.30605e+15	1.09e-25	1.82e-18	3.82e-12	9.14e-07	9.41e-01	5.92e-02	4.47e-06	0.00e+00	0.00e+00	0.00e+00	0.00e+00	0.00e+00	8.93e-90
 1.34907e+15	1.41e-25	2.22e-18	4.37e-12	9.79e-07	9.44e-01	5.57e-02	3.94e-06	0.00e+00	0.00e+00	0.00e+00	0.00e+00	0.00e+00	1.21e-76
 1.39593e+15	1.86e-25	2.74e-18	5.03e-12	1.05e-06	9.48e-01	5.22e-02	3.45e-06	0.00e+00	0.00e+00	0.00e+00	0.00e+00	0.00e+00	5.07e-89
 1.44807e+15	2.51e-25	3.42e-18	5.84e-12	1.14e-06	9.51e-01	4.87e-02	2.99e-06	0.00e+00	0.00e+00	0.00e+00	0.00e+00	0.00e+00	5.77e-76
 1.49691e+15	3.28e-25	4.19e-18	6.69e-12	1.22e-06	9.54e-01	4.57e-02	2.63e-06	0.00e+00	0.00e+00	0.00e+00	0.00e+00	0.00e+00	3.15e-88
 1.55023e+15	4.36e-25	5.18e-18	7.72e-12	1.31e-06	9.57e-01	4.28e-02	2.29e-06	0.00e+00	0.00e+00	0.00e+00	0.00e+00	0.00e+00	2.61e-75
 1.60965e+15	5.91e-25	6.52e-18	8.99e-12	1.42e-06	9.60e-01	3.98e-02	1.98e-06	0.00e+00	0.00e+00	0.00e+00	0.00e+00	0.00e+00	2.10e-87
 1.66546e+15	7.79e-25	8.02e-18	1.03e-11	1.52e-06	9.63e-01	3.73e-02	1.73e-06	0.00e+00	0.00e+00	0.00e+00	0.00e+00	0.00e+00	1.28e-74
 1.72585e+15	1.04e-24	9.96e-18	1.19e-11	1.63e-06	9.65e-01	3.49e-02	1.51e-06	0.00e+00	0.00e+00	0.00e+00	0.00e+00	0.00e+00	1.30e-86
 1.79312e+15	1.42e-24	1.26e-17	1.39e-11	1.77e-06	9.68e-01	3.24e-02	1.30e-06	0.00e+00	0.00e+00	0.00e+00	0.00e+00	0.00e+00	6.58e-74
 1.85748e+15	1.88e-24	1.56e-17	1.61e-11	1.90e-06	9.70e-01	3.03e-02	1.13e-06	0.00e+00	0.00e+00	0.00e+00	0.00e+00	0.00e+00	8.91e-86
 1.92620e+15	2.53e-24	1.94e-17	1.86e-11	2.05e-06	9.72e-01	2.82e-02	9.81e-07	0.00e+00	0.00e+00	0.00e+00	0.00e+00	0.00e+00	3.22e-73
 2.00327e+15	3.47e-24	2.46e-17	2.18e-11	2.22e-06	9.74e-01	2.62e-02	0.00e+00	0.00e+00	0.00e+00	0.00e+00	0.00e+00	0.00e+00	6.45e-85
 2.07970e+15	4.70e-24	3.09e-17	2.54e-11	2.39e-06	9.76e-01	2.43e-02	0.00e+00	0.00e+00	0.00e+00	0.00e+00	0.00e+00	0.00e+00	1.76e-72
 2.15918e+15	6.36e-24	3.88e-17	2.95e-11	2.58e-06	9.77e-01	2.26e-02	0.00e+00	0.00e+00	0.00e+00	0.00e+00	0.00e+00	0.00e+00	4.58e-84
 2.24558e+15	8.72e-24	4.91e-17	3.46e-11	2.80e-06	9.79e-01	2.10e-02	0.00e+00	0.00e+00	0.00e+00	0.00e+00	2.00e-17	2.92e-17	9.64e-72
 2.33543e+15	1.20e-23	6.23e-17	4.05e-11	3.03e-06	9.81e-01	1.94e-02	0.00e+00	0.00e+00	0.00e+00	0.00e+00	2.07e-17	4.16e-17	3.57e-83
 2.42887e+15	1.64e-23	7.89e-17	4.75e-11	3.28e-06	9.82e-01	1.80e-02	0.00e+00	0.00e+00	0.00e+00	0.00e+00	2.63e-17	5.27e-17	5.46e-71
 2.51941e+15	2.20e-23	9.84e-17	5.50e-11	3.53e-06	9.83e-01	1.67e-02	0.00e+00	0.00e+00	0.00e+00	0.00e+00	3.28e-17	6.57e-17	1.22e-70
 2.60462e+15	2.88e-23	1.20e-16	6.29e-11	3.78e-06	9.84e-01	1.57e-02	0.00e+00	0.00e+00	0.00e+00	0.00e+00	4.01e-17	8.02e-17	2.55e-70
 2.69989e+15	3.84e-23	1.49e-16	7.27e-11	4.06e-06	9.85e-01	1.46e-02	0.00e+00	0.00e+00	0.00e+00	0.00e+00	4.98e-17	9.96e-17	5.62e-70
 2.79615e+15	5.08e-23	1.84e-16	8.37e-11	4.36e-06	9.86e-01	1.36e-02	0.00e+00	0.00e+00	0.00e+00	0.00e+00	6.15e-17	1.23e-16	1.21e-69
 2.87659e+15	6.37e-23	2.19e-16	9.39e-11	4.62e-06	9.87e-01	1.29e-02	0.00e+00	0.00e+00	0.00e+00	0.00e+00	7.29e-17	1.46e-16	2.26e-69
 2.96203e+15	8.05e-23	2.61e-16	1.06e-10	4.91e-06	9.88e-01	1.22e-02	0.00e+00	0.00e+00	0.00e+00	0.00e+00	8.69e-17	1.74e-16	4.29e-69
 3.07054e+15	1.07e-22	3.24e-16	1.22e-10	5.28e-06	9.89e-01	1.13e-02	0.00e+00	0.00e+00	0.00e+00	0.00e+00	1.08e-16	2.16e-16	9.41e-69
 3.18383e+15	1.43e-22	4.02e-16	1.41e-10	5.69e-06	9.89e-01	1.05e-02	0.00e+00	0.00e+00	0.00e+00	0.00e+00	1.34e-16	2.68e-16	2.08e-68
 3.28444e+15	1.84e-22	4.85e-16	1.60e-10	6.06e-06	9.90e-01	9.89e-03	0.00e+00	0.00e+00	0.00e+00	0.00e+00	1.62e-16	3.23e-16	4.09e-68
 3.39380e+15	2.38e-22	5.90e-16	1.83e-10	6.48e-06	9.91e-01	9.26e-03	0.00e+00	0.00e+00	0.00e+00	0.00e+00	1.97e-16	3.93e-16	8.33e-68
 3.52473e+15	3.22e-22	7.40e-16	2.13e-10	7.00e-06	9.91e-01	8.58e-03	0.00e+00	0.00e+00	0.00e+00	0.00e+00	2.47e-16	4.93e-16	1.89e-67
 3.65704e+15	4.31e-22	9.22e-16	2.47e-10	7.55e-06	9.92e-01	7.97e-03	0.00e+00	0.00e+00	0.00e+00	0.00e+00	3.08e-16	6.14e-16	4.21e-67
 3.78137e+15	5.61e-22	1.13e-15	2.83e-10	8.09e-06	9.93e-01	7.45e-03	0.00e+00	0.00e+00	0.00e+00	0.00e+00	3.76e-16	7.50e-16	8.67e-67
 3.91939e+15	7.45e-22	1.40e-15	3.27e-10	8.71e-06	9.93e-01	6.92e-03	0.00e+00	0.00e+00	0.00e+00	0.00e+00	4.66e-16	9.29e-16	1.88e-66
 4.06498e+15	9.94e-22	1.73e-15	3.79e-10	9.39e-06	9.94e-01	6.43e-03	0.00e+00	0.00e+00	0.00e+00	0.00e+00	5.80e-16	1.15e-15	4.12e-66
 4.19427e+15	1.27e-21	2.09e-15	4.30e-10	1.00e-05	9.94e-01	6.03e-03	0.00e+00	0.00e+00	0.00e+00	0.00e+00	6.99e-16	1.39e-15	8.09e-66
 4.33357e+15	1.65e-21	2.54e-15	4.91e-10	1.07e-05	9.94e-01	5.65e-03	0.00e+00	0.00e+00	0.00e+00	0.00e+00	8.50e-16	1.69e-15	1.63e-65
 4.50056e+15	2.22e-21	3.18e-15	5.72e-10	1.16e-05	9.95e-01	5.23e-03	0.00e+00	0.00e+00	0.00e+00	0.00e+00	1.06e-15	2.11e-15	3.66e-65
 4.66504e+15	2.94e-21	3.94e-15	6.62e-10	1.25e-05	9.95e-01	4.86e-03	0.00e+00	0.00e+00	0.00e+00	0.00e+00	1.32e-15	2.62e-15	7.90e-65
 4.81156e+15	3.75e-21	4.73e-15	7.50e-10	1.33e-05	9.95e-01	4.56e-03	0.00e+00	0.00e+00	0.00e+00	0.00e+00	1.59e-15	3.15e-15	1.53e-64
 4.97325e+15	4.86e-21	5.76e-15	8.58e-10	1.42e-05	9.96e-01	4.26e-03	0.00e+00	0.00e+00	0.00e+00	0.00e+00	1.93e-15	3.83e-15	3.10e-64
 5.16595e+15	6.54e-21	7.21e-15	1.00e-09	1.54e-05	9.96e-01	3.94e-03	0.00e+00	0.00e+00	0.00e+00	0.00e+00	2.42e-15	4.79e-15	6.97e-64
 5.35732e+15	8.70e-21	8.95e-15	1.16e-09	1.66e-05	9.96e-01	3.66e-03	0.00e+00	0.00e+00	0.00e+00	0.00e+00	3.01e-15	5.94e-15	1.52e-63
 5.53242e+15	1.12e-20	1.08e-14	1.32e-09	1.78e-05	9.97e-01	3.42e-03	0.00e+00	0.00e+00	0.00e+00	0.00e+00	3.64e-15	7.19e-15	3.01e-63
 5.72802e+15	1.47e-20	1.33e-14	1.52e-09	1.91e-05	9.97e-01	3.19e-03	0.00e+00	0.00e+00	0.00e+00	0.00e+00	4.48e-15	8.83e-15	6.30e-63
 5.95536e+15	1.99e-20	1.68e-14	1.78e-09	2.07e-05	9.97e-01	2.94e-03	0.00e+00	0.00e+00	0.00e+00	0.00e+00	5.65e-15	1.11e-14	1.44e-62
 6.17845e+15	2.66e-20	2.09e-14	2.06e-09	2.24e-05	9.97e-01	2.73e-03	0.00e+00	0.00e+00	0.00e+00	0.00e+00	7.03e-15	1.38e-14	3.16e-62
 6.38945e+15	3.45e-20	2.54e-14	2.36e-09	2.40e-05	9.97e-01	2.55e-03	0.00e+00	0.00e+00	0.00e+00	0.00e+00	8.59e-15	1.69e-14	6.48e-62
 6.62404e+15	4.58e-20	3.15e-14	2.74e-09	2.58e-05	9.98e-01	2.36e-03	0.00e+00	0.00e+00	0.00e+00	0.00e+00	1.06e-14	2.09e-14	1.39e-61
 6.88903e+15	6.22e-20	3.97e-14	3.21e-09	2.80e-05	9.98e-01	2.18e-03	0.00e+00	0.00e+00	0.00e+00	0.00e+00	1.34e-14	2.63e-14	3.22e-61
 7.14072e+15	8.24e-20	4.92e-14	3.71e-09	3.02e-05	9.98e-01	2.03e-03	0.00e+00	0.00e+00	0.00e+00	0.00e+00	1.67e-14	3.25e-14	6.94e-61
 7.37017e+15	1.06e-19	5.93e-14	4.21e-09	3.22e-05	9.98e-01	1.90e-03	0.00e+00	0.00e+00	0.00e+00	0.00e+00	2.01e-14	3.92e-14	1.36e-60
 7.62974e+15	1.38e-19	7.28e-14	4.84e-09	3.46e-05	9.98e-01	1.77e-03	0.00e+00	0.00e+00	0.00e+00	0.00e+00	2.47e-14	4.81e-14	2.85e-60
 7.93199e+15	1.88e-19	9.17e-14	5.67e-09	3.75e-05	9.98e-01	1.63e-03	0.00e+00	0.00e+00	0.00e+00	0.00e+00	3.12e-14	6.05e-14	6.55e-60
 8.22203e+15	2.49e-19	1.13e-13	6.55e-09	4.03e-05	9.98e-01	1.52e-03	0.00e+00	0.00e+00	0.00e+00	0.00e+00	3.87e-14	7.48e-14	1.42e-59
 8.46204e+15	3.12e-19	1.35e-13	7.35e-09	4.28e-05	9.99e-01	1.43e-03	0.00e+00	0.00e+00	0.00e+00	0.00e+00	4.59e-14	8.87e-14	2.63e-59
 8.70472e+15	3.89e-19	1.59e-13	8.24e-09	4.54e-05	9.99e-01	1.35e-03	0.00e+00	0.00e+00	0.00e+00	0.00e+00	5.44e-14	1.05e-13	4.82e-59
 9.01873e+15	5.14e-19	1.96e-13	9.51e-09	4.88e-05	9.99e-01	1.26e-03	0.00e+00	0.00e+00	0.00e+00	0.00e+00	6.72e-14	1.29e-13	1.03e-58
 9.34380e+15	6.79e-19	2.42e-13	1.10e-08	5.25e-05	9.99e-01	1.17e-03	0.00e+00	0.00e+00	0.00e+00	0.00e+00	8.31e-14	1.59e-13	2.21e-58
 9.61906e+15	8.53e-19	2.88e-13	1.23e-08	5.57e-05	9.99e-01	1.10e-03	0.00e+00	0.00e+00	0.00e+00	0.00e+00	9.89e-14	1.89e-13	4.13e-58
 9.91126e+15	1.08e-18	3.44e-13	1.39e-08	5.92e-05	9.99e-01	1.04e-03	0.00e+00	0.00e+00	0.00e+00	0.00e+00	1.18e-13	2.26e-13	7.86e-58
 1.02780e+16	1.44e-18	4.27e-13	1.61e-08	6.38e-05	9.99e-01	9.61e-04	0.00e+00	0.00e+00	0.00e+00	0.00e+00	1.47e-13	2.80e-13	1.72e-57
 1.06560e+16	1.91e-18	5.29e-13	1.86e-08	6.87e-05	9.99e-01	8.93e-04	0.00e+00	0.00e+00	0.00e+00	0.00e+00	1.83e-13	3.46e-13	3.75e-57
 1.09887e+16	2.43e-18	6.35e-13	2.11e-08	7.31e-05	9.99e-01	8.39e-04	0.00e+00	0.00e+00	0.00e+00	0.00e+00	2.20e-13	4.15e-13	7.31e-57
 1.13478e+16	3.13e-18	7.69e-13	2.40e-08	7.81e-05	9.99e-01	7.86e-04	0.00e+00	0.00e+00	0.00e+00	0.00e+00	2.67e-13	5.02e-13	1.46e-56
 1.17818e+16	4.21e-18	9.61e-13	2.79e-08	8.44e-05	9.99e-01	7.28e-04	0.00e+00	0.00e+00	0.00e+00	0.00e+00	3.34e-13	6.27e-13	3.28e-56
 1.22126e+16	5.58e-18	1.19e-12	3.22e-08	9.08e-05	9.99e-01	6.76e-04	0.00e+00	0.00e+00	0.00e+00	0.00e+00	4.15e-13	7.74e-13	7.11e-56
 1.25949e+16	7.11e-18	1.43e-12	3.65e-08	9.67e-05	9.99e-01	6.35e-04	0.00e+00	0.00e+00	0.00e+00	0.00e+00	5.00e-13	9.29e-13	1.39e-55
 1.30149e+16	9.19e-18	1.73e-12	4.16e-08	1.03e-04	9.99e-01	5.94e-04	0.00e+00	0.00e+00	0.00e+00	0.00e+00	6.08e-13	1.13e-12	2.81e-55
 1.35174e+16	1.24e-17	2.17e-12	4.85e-08	1.12e-04	9.99e-01	5.49e-04	0.00e+00	0.00e+00	0.00e+00	0.00e+00	7.63e-13	1.41e-12	6.34e-55
 1.40169e+16	1.64e-17	2.69e-12	5.61e-08	1.20e-04	9.99e-01	5.10e-04	0.00e+00	0.00e+00	0.00e+00	0.00e+00	9.50e-13	1.74e-12	1.39e-54
 1.44711e+16	2.11e-17	3.25e-12	6.38e-08	1.29e-04	9.99e-01	4.78e-04	0.00e+00	0.00e+00	0.00e+00	0.00e+00	1.15e-12	2.10e-12	2.75e-54
 1.49766e+16	2.75e-17	3.98e-12	7.33e-08	1.38e-04	9.99e-01	4.45e-04	0.00e+00	0.00e+00	0.00e+00	0.00e+00	1.41e-12	2.57e-12	5.74e-54
 1.55675e+16	3.72e-17	5.00e-12	8.56e-08	1.50e-04	9.99e-01	4.11e-04	0.00e+00	0.00e+00	0.00e+00	0.00e+00	1.78e-12	3.22e-12	1.31e-53
 1.61493e+16	4.95e-17	6.21e-12	9.93e-08	1.61e-04	9.99e-01	3.81e-04	0.00e+00	5.32e-18	1.64e-17	2.75e-17	2.22e-12	3.99e-12	2.88e-53
 1.66957e+16	6.40e-17	7.55e-12	1.14e-07	1.73e-04	9.99e-01	3.55e-04	0.00e+00	6.90e-18	2.12e-17	3.55e-17	2.71e-12	4.85e-12	5.84e-53
 1.73049e+16	8.43e-17	9.31e-12	1.31e-07	1.87e-04	9.99e-01	3.30e-04	0.00e+00	9.09e-18	2.79e-17	4.68e-17	3.35e-12	5.97e-12	1.25e-52
 1.79971e+16	1.14e-16	1.17e-11	1.54e-07	2.03e-04	9.99e-01	3.04e-04	0.00e+00	1.23e-17	3.77e-17	6.32e-17	4.23e-12	7.49e-12	2.86e-52
 1.86768e+16	1.51e-16	1.45e-11	1.79e-07	2.19e-04	9.99e-01	2.81e-04	0.00e+00	1.63e-17	5.01e-17	8.40e-17	5.27e-12	9.28e-12	6.26e-52
 1.93301e+16	1.96e-16	1.78e-11	2.05e-07	2.36e-04	1.00e+00	2.61e-04	0.00e+00	2.12e-17	6.50e-17	1.09e-16	6.45e-12	1.13e-11	1.29e-51
 1.99097e+16	2.46e-16	2.11e-11	2.31e-07	2.51e-04	1.00e+00	2.46e-04	0.00e+00	2.65e-17	8.14e-17	1.36e-16	7.69e-12	1.34e-11	2.40e-51
 2.03978e+16	2.95e-16	2.43e-11	2.55e-07	2.64e-04	1.00e+00	2.33e-04	0.00e+00	3.18e-17	9.77e-17	1.64e-16	8.86e-12	1.54e-11	3.98e-51
 2.09385e+16	3.58e-16	2.82e-11	2.84e-07	2.79e-04	9.99e-01	2.21e-04	0.00e+00	3.86e-17	1.19e-16	1.99e-16	1.03e-11	1.79e-11	6.84e-51
 2.16414e+16	4.59e-16	3.41e-11	3.25e-07	3.00e-04	9.99e-01	2.06e-04	0.00e+00	4.94e-17	1.52e-16	2.55e-16	1.25e-11	2.16e-11	1.36e-50
 2.23788e+16	5.88e-16	4.13e-11	3.72e-07	3.23e-04	9.99e-01	1.91e-04	0.00e+00	6.34e-17	1.95e-16	3.27e-16	1.52e-11	2.61e-11	2.71e-50
 2.30100e+16	7.22e-16	4.84e-11	4.16e-07	3.43e-04	9.99e-01	1.80e-04	0.00e+00	7.78e-17	2.39e-16	4.01e-16	1.79e-11	3.05e-11	4.80e-50
 2.36797e+16	8.91e-16	5.70e-11	4.68e-07	3.65e-04	9.99e-01	1.69e-04	0.00e+00	9.60e-17	2.95e-16	4.95e-16	2.11e-11	3.59e-11	8.63e-50
 2.45393e+16	1.16e-15	6.98e-11	5.41e-07	3.94e-04	9.99e-01	1.57e-04	0.00e+00	1.25e-16	3.83e-16	6.43e-16	2.59e-11	4.38e-11	1.79e-49
 2.54270e+16	1.50e-15	8.52e-11	6.25e-07	4.27e-04	9.99e-01	1.45e-04	0.00e+00	1.61e-16	4.95e-16	8.31e-16	3.18e-11	5.34e-11	3.69e-49
 2.61856e+16	1.85e-15	1.01e-10	7.04e-07	4.55e-04	9.99e-01	1.36e-04	0.00e+00	1.99e-16	6.12e-16	1.03e-15	3.76e-11	6.29e-11	6.70e-49
 2.69954e+16	2.30e-15	1.19e-10	7.97e-07	4.87e-04	9.99e-01	1.27e-04	0.00e+00	2.47e-16	7.60e-16	1.28e-15	4.47e-11	7.45e-11	1.24e-48
 2.80022e+16	2.98e-15	1.46e-10	9.25e-07	5.29e-04	9.99e-01	1.17e-04	0.00e+00	3.20e-16	9.86e-16	1.65e-15	5.50e-11	9.11e-11	2.59e-48
 2.90379e+16	3.84e-15	1.79e-10	1.07e-06	5.74e-04	9.99e-01	1.08e-04	0.00e+00	4.13e-16	1.27e-15	2.13e-15	6.74e-11	1.11e-10	5.37e-48
 2.99608e+16	4.77e-15	2.12e-10	1.22e-06	6.15e-04	9.99e-01	1.01e-04	0.00e+00	5.14e-16	1.58e-15	2.65e-15	8.03e-11	1.32e-10	1.00e-47
 3.09644e+16	6.00e-15	2.54e-10	1.39e-06	6.63e-04	9.99e-01	9.38e-05	0.00e+00	6.46e-16	1.99e-15	3.33e-15	9.64e-11	1.58e-10	1.94e-47
 3.21623e+16	7.78e-15	3.12e-10	1.62e-06	7.22e-04	9.99e-01	8.62e-05	0.00e+00	8.38e-16	2.58e-15	4.32e-15	1.19e-10	1.93e-10	4.14e-47
 3.33430e+16	9.94e-15	3.80e-10	1.88e-06	7.84e-04	9.99e-01	7.95e-05	0.00e+00	1.07e-15	3.29e-15	5.53e-15	1.45e-10	2.35e-10	8.49e-47
 3.44046e+16	1.23e-14	4.49e-10	2.13e-06	8.42e-04	9.99e-01	7.41e-05	0.00e+00	1.32e-15	4.07e-15	6.83e-15	1.72e-10	2.78e-10	1.58e-46
 3.55811e+16	1.54e-14	5.38e-10	2.44e-06	9.09e-04	9.99e-01	6.87e-05	0.00e+00	1.66e-15	5.10e-15	8.56e-15	2.06e-10	3.32e-10	3.10e-46
 3.69710e+16	1.99e-14	6.61e-10	2.84e-06	9.93e-04	9.99e-01	6.30e-05	0.00e+00	2.14e-15	6.58e-15	1.10e-14	2.54e-10	4.07e-10	6.64e-46
 3.83443e+16	2.53e-14	8.02e-10	3.29e-06	1.08e-03	9.99e-01	5.81e-05	0.00e+00	2.72e-15	8.38e-15	1.41e-14	3.09e-10	4.93e-10	1.38e-45
 3.96119e+16	3.13e-14	9.53e-10	3.75e-06	1.16e-03	9.99e-01	5.40e-05	0.00e+00	3.37e-15	1.04e-14	1.74e-14	3.68e-10	5.85e-10	2.63e-45
 4.10359e+16	3.95e-14	1.15e-09	4.32e-06	1.26e-03	9.99e-01	4.99e-05	0.00e+00	4.25e-15	1.31e-14	2.19e-14	4.44e-10	7.05e-10	5.34e-45
 4.26773e+16	5.09e-14	1.41e-09	5.05e-06	1.38e-03	9.99e-01	4.57e-05	0.00e+00	5.48e-15	1.69e-14	2.83e-14	5.47e-10	8.65e-10	1.17e-44
 4.42821e+16	6.46e-14	1.71e-09	5.85e-06	1.50e-03	9.98e-01	4.20e-05	0.00e+00	6.96e-15	2.14e-14	3.59e-14	6.65e-10	1.05e-09	2.46e-44
